[name]
unknown

[dist]
# distance from previous block
# <min> <max>
0	198

[block]
# block no. 0 follows, 13 sequences, length 43
# corresponding to MSA columns:
# 226-268
name=unknown_A
#
# <colnr> <probs for GDERKNQSTAVLIFYWHMCP>
#	G	D	E	R	K	N	Q	S	T	A	V	L	I	F	Y	W	H	M	C	P
0	0.01393	0.00995	0.01347	0.01592	0.01699	0.00949	0.01163	0.01653	0.02127	0.02816	0.05770	0.49530	0.06765	0.03214	0.01377	0.00444	0.00704	0.14597	0.00979	0.00888
1	0.01971	0.00985	0.00985	0.00985	0.01232	0.00985	0.00739	0.02464	0.02217	0.03942	0.03449	0.03942	0.02710	0.01232	0.00739	0.00246	0.00493	0.00985	0.68712	0.00985
2	0.02301	0.02026	0.03445	0.44727	0.06391	0.02356	0.08939	0.03184	0.06245	0.06732	0.02259	0.02964	0.01659	0.01083	0.01083	0.00352	0.01376	0.01007	0.00584	0.01288
3	0.02031	0.01136	0.01473	0.01480	0.01731	0.01031	0.01053	0.02277	0.02297	0.13860	0.09834	0.36144	0.10189	0.08281	0.01648	0.00450	0.00694	0.02316	0.01032	0.01045
4	0.01997	0.01879	0.03171	0.60301	0.07282	0.02349	0.02936	0.02701	0.02114	0.02701	0.01879	0.02819	0.01409	0.01057	0.01057	0.00352	0.01409	0.00940	0.00470	0.01175
5	0.02546	0.40437	0.26124	0.02288	0.03453	0.03497	0.02642	0.03238	0.02182	0.02829	0.01640	0.01909	0.01350	0.00944	0.00808	0.00269	0.01302	0.00651	0.00450	0.01439
6	0.16610	0.15023	0.18965	0.02382	0.03348	0.02726	0.06503	0.03465	0.02215	0.11295	0.02039	0.02283	0.01517	0.01087	0.01107	0.00324	0.06270	0.00789	0.00626	0.01426
7	0.02493	0.01339	0.01555	0.01420	0.01828	0.01302	0.01091	0.03236	0.09211	0.15473	0.08155	0.11285	0.08560	0.01704	0.01004	0.00315	0.00645	0.01434	0.26718	0.01232
8	0.01288	0.00920	0.01227	0.01472	0.01534	0.00859	0.00981	0.01472	0.02024	0.02699	0.05828	0.62152	0.06993	0.03312	0.01350	0.00429	0.00613	0.03006	0.00981	0.00859
9	0.02031	0.01978	0.03181	0.32133	0.05142	0.02436	0.06678	0.02565	0.02048	0.02736	0.02895	0.03623	0.08376	0.01469	0.01763	0.00384	0.17743	0.01127	0.00539	0.01155
10	0.07711	0.02656	0.06912	0.17980	0.04389	0.07044	0.06100	0.12614	0.02954	0.17495	0.02558	0.02781	0.01777	0.01141	0.01035	0.00330	0.01277	0.00941	0.00812	0.01496
11	0.03077	0.02020	0.06808	0.06244	0.03093	0.01801	0.06056	0.03562	0.02463	0.24817	0.03548	0.12649	0.02919	0.01608	0.01363	0.00356	0.07768	0.01337	0.07102	0.01408
12	0.70310	0.02045	0.01554	0.01390	0.02045	0.02372	0.01145	0.03108	0.01799	0.04744	0.01472	0.01718	0.01145	0.00981	0.00654	0.00327	0.00818	0.00573	0.00654	0.01145
13	0.01538	0.01025	0.01153	0.01153	0.01153	0.01025	0.00641	0.01538	0.01538	0.02050	0.03331	0.06919	0.03844	0.62842	0.05382	0.01025	0.01025	0.01538	0.00641	0.00641
14	0.07062	0.02347	0.10429	0.02145	0.02849	0.01963	0.04856	0.03892	0.16055	0.14608	0.07947	0.08625	0.03423	0.02105	0.06429	0.00475	0.01150	0.01276	0.00923	0.01441
15	0.02827	0.63478	0.05540	0.01809	0.02714	0.04184	0.01809	0.03166	0.02148	0.02488	0.01470	0.01696	0.01357	0.00905	0.00678	0.00226	0.01131	0.00565	0.00452	0.01357
16	0.01545	0.01046	0.01131	0.01110	0.01404	0.00949	0.00832	0.01944	0.02497	0.03558	0.19847	0.07590	0.27049	0.02081	0.01085	0.00315	0.00512	0.01749	0.22807	0.00949
17	0.01538	0.01025	0.01153	0.01153	0.01153	0.01025	0.00641	0.01538	0.01538	0.02050	0.03331	0.06919	0.03844	0.62842	0.05382	0.01025	0.01025	0.01538	0.00641	0.00641
18	0.02736	0.02238	0.09036	0.22769	0.12486	0.01987	0.02480	0.03344	0.02400	0.17144	0.03005	0.10513	0.02473	0.01388	0.01089	0.00348	0.01168	0.01219	0.00761	0.01418
19	0.09109	0.14947	0.06738	0.02182	0.03084	0.02550	0.07447	0.07426	0.07363	0.11640	0.02405	0.02523	0.01804	0.01028	0.00906	0.00276	0.01069	0.00831	0.00748	0.15925
20	0.01447	0.01066	0.01354	0.01309	0.01556	0.00972	0.00971	0.01890	0.02836	0.03933	0.45718	0.12781	0.15585	0.02325	0.01256	0.00344	0.00513	0.02046	0.01125	0.00972
21	0.02617	0.02512	0.04292	0.06490	0.56246	0.02512	0.03245	0.03245	0.02407	0.03454	0.01989	0.02617	0.01675	0.00942	0.01047	0.00314	0.01256	0.00942	0.00523	0.01675
22	0.03797	0.07342	0.07447	0.14003	0.03801	0.02016	0.02057	0.04329	0.02698	0.36709	0.03281	0.03163	0.02155	0.01197	0.01025	0.00324	0.01080	0.00972	0.00991	0.01613
23	0.02776	0.03583	0.27018	0.10350	0.07851	0.02279	0.07124	0.03810	0.05940	0.15062	0.02580	0.02798	0.01799	0.01093	0.01052	0.00337	0.01348	0.00940	0.00693	0.01568
24	0.02121	0.05469	0.57364	0.03014	0.04576	0.02455	0.03906	0.03348	0.02232	0.03348	0.01897	0.02232	0.01339	0.01005	0.01005	0.00335	0.01563	0.00781	0.00446	0.01563
25	0.03954	0.04900	0.03008	0.02704	0.03269	0.54885	0.02041	0.07477	0.03129	0.02861	0.01695	0.01949	0.01391	0.01102	0.00960	0.00275	0.01857	0.00699	0.00579	0.01264
26	0.08672	0.11919	0.19497	0.02187	0.03130	0.02227	0.02303	0.03613	0.02446	0.18642	0.03101	0.04210	0.02528	0.01413	0.01024	0.00343	0.01143	0.09338	0.00804	0.01461
27	0.02777	0.02334	0.03503	0.18576	0.17834	0.02538	0.06672	0.10060	0.13309	0.07621	0.02669	0.03019	0.01999	0.01136	0.01075	0.00338	0.01217	0.01028	0.00747	0.01548
28	0.04744	0.01799	0.02454	0.01881	0.02699	0.01554	0.01554	0.05153	0.03026	0.56979	0.04171	0.03599	0.02617	0.01309	0.01063	0.00327	0.00900	0.01063	0.01309	0.01799
29	0.01335	0.00954	0.01281	0.01526	0.01608	0.00899	0.01063	0.01553	0.02071	0.02752	0.05802	0.56469	0.06890	0.03268	0.01362	0.00436	0.00654	0.08224	0.00981	0.00872
30	0.03121	0.02589	0.11021	0.13994	0.03823	0.06615	0.02174	0.03892	0.06173	0.22244	0.10224	0.03700	0.03120	0.01317	0.01070	0.00332	0.01131	0.01088	0.00904	0.01469
31	0.02360	0.01217	0.01632	0.01562	0.01890	0.01096	0.01155	0.02681	0.02536	0.19159	0.16366	0.32762	0.06354	0.02463	0.01242	0.00378	0.00673	0.02187	0.01119	0.01169
32	0.01312	0.00938	0.01248	0.01456	0.01539	0.00874	0.00983	0.01531	0.02134	0.02873	0.11469	0.56013	0.07331	0.03182	0.01338	0.00418	0.00600	0.02882	0.01002	0.00874
33	0.02322	0.01763	0.02107	0.01584	0.02413	0.01360	0.01250	0.02754	0.02249	0.08231	0.02534	0.09104	0.02276	0.01117	0.00873	0.00203	0.00774	0.00935	0.00729	0.55420
34	0.35476	0.10272	0.06818	0.07232	0.03045	0.02692	0.01769	0.10861	0.02477	0.07979	0.01889	0.02110	0.01411	0.01047	0.00811	0.00316	0.01029	0.00713	0.00702	0.01352
35	0.01776	0.01134	0.01494	0.01391	0.01678	0.01038	0.01047	0.02242	0.02921	0.08919	0.47165	0.11682	0.09077	0.02173	0.01238	0.00340	0.00544	0.01919	0.01163	0.01060
36	0.01450	0.00945	0.01171	0.01341	0.01432	0.00902	0.00896	0.01673	0.02007	0.02868	0.05081	0.44554	0.05802	0.09642	0.01687	0.00461	0.00636	0.02446	0.14148	0.00859
37	0.03703	0.02246	0.08027	0.15165	0.04126	0.01908	0.06325	0.04294	0.02706	0.35481	0.03282	0.03236	0.02146	0.01190	0.01072	0.00336	0.01148	0.01025	0.00978	0.01608
38	0.02334	0.04396	0.41205	0.14711	0.04963	0.02352	0.03493	0.03379	0.02280	0.08094	0.02101	0.02477	0.01470	0.01043	0.01021	0.00338	0.01471	0.00840	0.00530	0.01504
39	0.01512	0.01089	0.01291	0.01394	0.01574	0.01059	0.00971	0.02006	0.06890	0.03077	0.09196	0.35971	0.12881	0.06610	0.01497	0.00425	0.00629	0.02339	0.08643	0.00947
40	0.02761	0.58092	0.10352	0.01921	0.02887	0.04023	0.02004	0.03183	0.02156	0.02567	0.01510	0.01746	0.01355	0.00914	0.00709	0.00236	0.01171	0.00585	0.00452	0.01376
41	0.19882	0.02812	0.11546	0.02558	0.03507	0.02378	0.12627	0.10853	0.02771	0.17348	0.02495	0.02616	0.01727	0.01088	0.00992	0.00333	0.01206	0.00922	0.00816	0.01523
42	0.01617	0.01722	0.06836	0.01714	0.02066	0.01533	0.01490	0.02020	0.02331	0.03123	0.16345	0.10936	0.24910	0.02315	0.01678	0.00383	0.12425	0.04658	0.00866	0.01030

[dist]
# distance from previous block
# <min> <max>
1	47

[block]
# block no. 1 follows, 13 sequences, length 29
# corresponding to MSA columns:
# 316-344
name=unknown_B
#
# <colnr> <probs for GDERKNQSTAVLIFYWHMCP>
#	G	D	E	R	K	N	Q	S	T	A	V	L	I	F	Y	W	H	M	C	P
0	0.03253	0.21693	0.15282	0.02250	0.03279	0.02622	0.05564	0.03852	0.02489	0.21163	0.02547	0.02566	0.01810	0.01052	0.00924	0.00287	0.01163	0.00830	0.00758	0.06616
1	0.08623	0.02165	0.06249	0.43269	0.06151	0.02309	0.05980	0.02820	0.02122	0.03036	0.01858	0.02635	0.01405	0.01015	0.01008	0.00335	0.01339	0.00892	0.00502	0.06286
2	0.01468	0.00954	0.01236	0.01351	0.01414	0.00908	0.00886	0.01465	0.01810	0.02379	0.04838	0.32219	0.09818	0.14312	0.02780	0.17758	0.00758	0.02138	0.00788	0.00722
3	0.06554	0.08319	0.24414	0.02219	0.03035	0.06601	0.02328	0.02703	0.02183	0.03071	0.03250	0.24039	0.03397	0.01846	0.01076	0.00355	0.01159	0.01555	0.00664	0.01233
4	0.02668	0.02151	0.10898	0.01999	0.02624	0.01631	0.01810	0.03553	0.10457	0.18659	0.04456	0.20807	0.04138	0.02030	0.01183	0.00381	0.00926	0.07247	0.01002	0.01381
5	0.02485	0.01241	0.01639	0.01528	0.01888	0.01122	0.01146	0.02840	0.02586	0.20319	0.16900	0.26055	0.05965	0.02237	0.01185	0.00359	0.00667	0.01968	0.06669	0.01199
6	0.01361	0.01004	0.01273	0.01356	0.01535	0.00917	0.00960	0.01678	0.02452	0.03308	0.25503	0.33521	0.15681	0.02778	0.01295	0.00381	0.00558	0.02471	0.01051	0.00917
7	0.02092	0.02011	0.03501	0.51080	0.11865	0.02388	0.06549	0.02803	0.02170	0.02823	0.01909	0.02802	0.01449	0.01034	0.01070	0.00349	0.01422	0.00962	0.00480	0.01241
8	0.70310	0.02045	0.01554	0.01390	0.02045	0.02372	0.01145	0.03108	0.01799	0.04744	0.01472	0.01718	0.01145	0.00981	0.00654	0.00327	0.00818	0.00573	0.00654	0.01145
9	0.02165	0.01229	0.01627	0.01444	0.01810	0.01112	0.01112	0.02645	0.03000	0.15093	0.45087	0.07013	0.08462	0.01986	0.01209	0.00331	0.00581	0.01737	0.01194	0.01163
10	0.01538	0.01025	0.01153	0.01153	0.01153	0.01025	0.00641	0.01538	0.01538	0.02050	0.03331	0.06919	0.03844	0.62842	0.05382	0.01025	0.01025	0.01538	0.00641	0.00641
11	0.04744	0.01799	0.02454	0.01881	0.02699	0.01554	0.01554	0.05153	0.03026	0.56979	0.04171	0.03599	0.02617	0.01309	0.01063	0.00327	0.00900	0.01063	0.01309	0.01799
12	0.70310	0.02045	0.01554	0.01390	0.02045	0.02372	0.01145	0.03108	0.01799	0.04744	0.01472	0.01718	0.01145	0.00981	0.00654	0.00327	0.00818	0.00573	0.00654	0.01145
13	0.03950	0.05039	0.02996	0.02724	0.03269	0.58597	0.02043	0.04222	0.02996	0.02588	0.01634	0.01907	0.01362	0.01090	0.00953	0.00272	0.01907	0.00681	0.00545	0.01226
14	0.01295	0.01073	0.01135	0.01119	0.01456	0.00912	0.00839	0.01606	0.02518	0.03113	0.19057	0.09753	0.47311	0.02582	0.01249	0.00352	0.00529	0.02172	0.01016	0.00912
15	0.01538	0.01025	0.01153	0.01153	0.01153	0.01025	0.00641	0.01538	0.01538	0.02050	0.03331	0.06919	0.03844	0.62842	0.05382	0.01025	0.01025	0.01538	0.00641	0.00641
16	0.02827	0.63478	0.05540	0.01809	0.02714	0.04184	0.01809	0.03166	0.02148	0.02488	0.01470	0.01696	0.01357	0.00905	0.00678	0.00226	0.01131	0.00565	0.00452	0.01357
17	0.01337	0.00955	0.01283	0.01528	0.01611	0.00901	0.01067	0.01557	0.02073	0.02754	0.05800	0.56233	0.06886	0.03266	0.01363	0.00436	0.00656	0.08442	0.00981	0.00872
18	0.70310	0.02045	0.01554	0.01390	0.02045	0.02372	0.01145	0.03108	0.01799	0.04744	0.01472	0.01718	0.01145	0.00981	0.00654	0.00327	0.00818	0.00573	0.00654	0.01145
19	0.03950	0.01566	0.02033	0.01625	0.02279	0.01391	0.01321	0.04383	0.02795	0.41790	0.03964	0.03697	0.02644	0.01287	0.00970	0.00304	0.00783	0.01041	0.20612	0.01566
20	0.04099	0.02075	0.06618	0.02318	0.07363	0.01658	0.01829	0.04596	0.02911	0.44055	0.08028	0.03764	0.03043	0.01324	0.01072	0.00327	0.00947	0.01101	0.01165	0.01705
21	0.04339	0.02385	0.09020	0.02087	0.02997	0.01887	0.01891	0.11203	0.03189	0.44034	0.03688	0.03298	0.02359	0.01268	0.01056	0.00327	0.01013	0.01015	0.01174	0.01771
22	0.03621	0.02764	0.02949	0.02352	0.03127	0.03093	0.01913	0.39232	0.19109	0.06022	0.03044	0.02941	0.02207	0.01317	0.01063	0.00329	0.01070	0.01022	0.01063	0.01762
23	0.04033	0.02011	0.02803	0.02192	0.02983	0.01914	0.06474	0.05092	0.14990	0.39517	0.04007	0.03608	0.02663	0.01298	0.01084	0.00337	0.00970	0.01112	0.01180	0.01734
24	0.03004	0.16642	0.18698	0.03121	0.11042	0.02934	0.06364	0.13354	0.02883	0.09001	0.02182	0.02408	0.01625	0.01048	0.00974	0.00306	0.01298	0.00853	0.00670	0.01593
25	0.01805	0.01228	0.01765	0.02170	0.08181	0.01167	0.01406	0.02106	0.02217	0.07537	0.05198	0.42552	0.05853	0.02802	0.01306	0.00416	0.00768	0.09516	0.00955	0.01053
26	0.02172	0.01577	0.02139	0.01915	0.02055	0.01905	0.01472	0.02386	0.01778	0.08785	0.02657	0.04327	0.02590	0.22202	0.16597	0.00909	0.21689	0.01181	0.00642	0.01022
27	0.03306	0.13981	0.10815	0.02308	0.03065	0.07327	0.02136	0.07304	0.07585	0.17583	0.02592	0.02671	0.01905	0.01276	0.01383	0.00331	0.11240	0.00885	0.00790	0.01519
28	0.03488	0.17296	0.12619	0.02505	0.07440	0.06219	0.02189	0.04192	0.05901	0.23765	0.02813	0.02749	0.01983	0.01126	0.00955	0.00302	0.01157	0.00871	0.00832	0.01599

[dist]
# distance from previous block
# <min> <max>
0	7

[block]
# block no. 2 follows, 13 sequences, length 25
# corresponding to MSA columns:
# 352-376
name=unknown_C
#
# <colnr> <probs for GDERKNQSTAVLIFYWHMCP>
#	G	D	E	R	K	N	Q	S	T	A	V	L	I	F	Y	W	H	M	C	P
0	0.27260	0.24583	0.06835	0.01775	0.02555	0.06941	0.01650	0.03292	0.02210	0.07319	0.05467	0.02319	0.01967	0.01068	0.00778	0.00288	0.01042	0.00719	0.00641	0.01291
1	0.41602	0.05396	0.01805	0.01412	0.02036	0.02030	0.01164	0.03038	0.02129	0.11487	0.03934	0.03888	0.13699	0.01405	0.00847	0.00328	0.00784	0.01015	0.00808	0.01192
2	0.12057	0.02214	0.02272	0.01879	0.02479	0.06071	0.01504	0.19791	0.03505	0.11912	0.20067	0.04291	0.04484	0.01518	0.01060	0.00322	0.00916	0.01214	0.01036	0.01408
3	0.07484	0.10076	0.03424	0.03111	0.14947	0.06607	0.02110	0.17456	0.06609	0.14113	0.02574	0.02648	0.01892	0.01140	0.00980	0.00307	0.01141	0.00898	0.00852	0.01631
4	0.02098	0.01462	0.01609	0.01442	0.01633	0.01534	0.00950	0.13086	0.02312	0.03091	0.03152	0.05931	0.03382	0.48949	0.04406	0.00865	0.01056	0.01405	0.00735	0.00902
5	0.03149	0.06273	0.02643	0.05838	0.02714	0.02144	0.01646	0.06840	0.02414	0.22330	0.02948	0.03820	0.02413	0.15255	0.02502	0.00506	0.13292	0.01090	0.00849	0.01332
6	0.03160	0.06303	0.06459	0.05974	0.02955	0.02267	0.01755	0.16494	0.07142	0.16001	0.03066	0.03821	0.02471	0.15127	0.02007	0.00480	0.01089	0.01090	0.00898	0.01439
7	0.02515	0.02993	0.14795	0.02346	0.03162	0.02591	0.02177	0.05106	0.42580	0.04180	0.03761	0.03558	0.02802	0.01337	0.01060	0.00353	0.01001	0.01102	0.00934	0.01649
8	0.02078	0.01869	0.02777	0.39871	0.05553	0.02245	0.02411	0.03272	0.14006	0.03281	0.09095	0.03702	0.02881	0.01279	0.01085	0.00351	0.01167	0.01118	0.00693	0.01265
9	0.03214	0.19294	0.07535	0.15348	0.04096	0.05747	0.05701	0.03753	0.02485	0.19281	0.02472	0.02659	0.01770	0.01078	0.00959	0.00305	0.01242	0.00871	0.00728	0.01462
10	0.06638	0.16372	0.04135	0.09609	0.15196	0.06941	0.08541	0.06961	0.06121	0.06585	0.02150	0.02503	0.01684	0.01031	0.00965	0.00305	0.01277	0.00881	0.00633	0.01472
11	0.01591	0.01225	0.01489	0.01626	0.01808	0.01258	0.01138	0.02408	0.13828	0.03088	0.05484	0.49018	0.06143	0.02889	0.01288	0.00413	0.00664	0.02597	0.01003	0.01043
12	0.01891	0.01644	0.02618	0.07545	0.24164	0.01642	0.02037	0.02312	0.02250	0.03108	0.07287	0.30301	0.04645	0.02118	0.01200	0.00371	0.00922	0.01953	0.00772	0.01221
13	0.02717	0.02105	0.02386	0.01836	0.02677	0.01943	0.01470	0.10139	0.14386	0.07960	0.02679	0.02735	0.02048	0.01032	0.00906	0.00236	0.00854	0.00829	0.00834	0.40228
14	0.02184	0.15778	0.03706	0.47103	0.06251	0.02763	0.02682	0.02806	0.02122	0.02653	0.01787	0.02566	0.01398	0.01023	0.00972	0.00324	0.01347	0.00855	0.00466	0.01216
15	0.02035	0.01699	0.02017	0.01513	0.02297	0.01317	0.01195	0.02512	0.02373	0.03625	0.14021	0.03480	0.03464	0.01094	0.00888	0.00196	0.00719	0.00917	0.00748	0.53893
16	0.01769	0.00942	0.01327	0.01327	0.01327	0.00942	0.00856	0.01414	0.01414	0.01885	0.02174	0.04050	0.02289	0.17024	0.04414	0.53847	0.00942	0.01058	0.00500	0.00500
17	0.02799	0.01325	0.01717	0.01485	0.01937	0.01197	0.01160	0.03242	0.02799	0.24055	0.23307	0.09173	0.05663	0.01746	0.01092	0.00321	0.00657	0.01495	0.13542	0.01290
18	0.01460	0.01079	0.01363	0.01292	0.01557	0.00982	0.00969	0.01925	0.02908	0.04038	0.49112	0.08231	0.16679	0.02237	0.01247	0.00336	0.00504	0.01959	0.01137	0.00982
19	0.03080	0.50292	0.04966	0.02016	0.02839	0.16461	0.01862	0.03404	0.02340	0.02510	0.01507	0.01744	0.01358	0.00946	0.00740	0.00237	0.01306	0.00591	0.00473	0.01327
20	0.07801	0.37284	0.04338	0.02124	0.02834	0.19830	0.01872	0.03420	0.02329	0.02678	0.01511	0.01808	0.01346	0.01040	0.00981	0.00266	0.06130	0.00628	0.00494	0.01288
21	0.01466	0.01016	0.01273	0.01387	0.01447	0.01005	0.00920	0.01608	0.01819	0.02428	0.04438	0.26884	0.05137	0.31825	0.06686	0.00794	0.00981	0.07319	0.00794	0.00773
22	0.02770	0.58825	0.09697	0.01906	0.02863	0.04045	0.01977	0.03181	0.02155	0.02557	0.01504	0.01739	0.01355	0.00913	0.00705	0.00235	0.01165	0.00583	0.00452	0.01373
23	0.04207	0.02157	0.06143	0.05487	0.03137	0.01853	0.01830	0.08101	0.06757	0.43072	0.03786	0.03417	0.02451	0.01280	0.01060	0.00331	0.00987	0.01040	0.01169	0.01737
24	0.05841	0.01032	0.01232	0.01379	0.01528	0.00983	0.00944	0.01622	0.02088	0.02902	0.09030	0.43713	0.13529	0.07136	0.01564	0.00448	0.00638	0.02569	0.00947	0.00875

[dist]
# distance from previous block
# <min> <max>
5	49

[block]
# block no. 3 follows, 13 sequences, length 59
# corresponding to MSA columns:
# 426-484
name=unknown_D
#
# <colnr> <probs for GDERKNQSTAVLIFYWHMCP>
#	G	D	E	R	K	N	Q	S	T	A	V	L	I	F	Y	W	H	M	C	P
0	0.02051	0.01804	0.02531	0.19502	0.07673	0.01988	0.01979	0.02984	0.10892	0.03402	0.12093	0.08506	0.03711	0.01508	0.01256	0.00335	0.05352	0.01276	0.00758	0.10399
1	0.01862	0.01433	0.02078	0.01934	0.02005	0.01793	0.01505	0.01933	0.01574	0.02290	0.02073	0.03288	0.02001	0.04712	0.24496	0.22352	0.20310	0.01001	0.00501	0.00859
2	0.02669	0.02613	0.07862	0.25201	0.12059	0.07300	0.02577	0.07014	0.06410	0.08133	0.05834	0.03122	0.02266	0.01177	0.01056	0.00333	0.01281	0.00997	0.00688	0.01408
3	0.02561	0.02494	0.04371	0.10269	0.48440	0.02514	0.07306	0.03217	0.02393	0.03393	0.01993	0.02651	0.01649	0.00946	0.01064	0.00320	0.01311	0.00967	0.00520	0.01617
4	0.03805	0.01545	0.02017	0.01622	0.02255	0.01371	0.01313	0.04241	0.02833	0.39851	0.08571	0.04061	0.03292	0.01366	0.01003	0.00309	0.00769	0.01120	0.17119	0.01537
5	0.02191	0.01212	0.01487	0.01375	0.01758	0.01073	0.01045	0.02549	0.02603	0.15890	0.17625	0.16004	0.20711	0.02219	0.01177	0.00347	0.00621	0.01903	0.07081	0.01130
6	0.01396	0.01016	0.01328	0.01472	0.01632	0.00948	0.01075	0.01707	0.02351	0.03151	0.18208	0.37169	0.11890	0.02922	0.01332	0.00408	0.00632	0.09428	0.01024	0.00912
7	0.01538	0.01025	0.01153	0.01153	0.01153	0.01025	0.00641	0.01538	0.01538	0.02050	0.03331	0.06919	0.03844	0.62842	0.05382	0.01025	0.01025	0.01538	0.00641	0.00641
8	0.01496	0.01081	0.01413	0.01330	0.01580	0.00998	0.00998	0.01995	0.02993	0.04240	0.55689	0.07898	0.09976	0.02162	0.01247	0.00333	0.00499	0.01912	0.01164	0.00998
9	0.02827	0.63478	0.05540	0.01809	0.02714	0.04184	0.01809	0.03166	0.02148	0.02488	0.01470	0.01696	0.01357	0.00905	0.00678	0.00226	0.01131	0.00565	0.00452	0.01357
10	0.03950	0.05039	0.02996	0.02724	0.03269	0.58597	0.02043	0.04222	0.02996	0.02588	0.01634	0.01907	0.01362	0.01090	0.00953	0.00272	0.01907	0.00681	0.00545	0.01226
11	0.04688	0.01890	0.02510	0.01924	0.02744	0.01688	0.01589	0.08843	0.03177	0.53075	0.04045	0.03516	0.02554	0.01306	0.01063	0.00326	0.00920	0.01055	0.01289	0.01799
12	0.70310	0.02045	0.01554	0.01390	0.02045	0.02372	0.01145	0.03108	0.01799	0.04744	0.01472	0.01718	0.01145	0.00981	0.00654	0.00327	0.00818	0.00573	0.00654	0.01145
13	0.04066	0.02039	0.02526	0.01945	0.02768	0.01901	0.01592	0.12519	0.07478	0.36390	0.03572	0.03244	0.02377	0.01233	0.01021	0.00302	0.00920	0.00990	0.01146	0.11970
14	0.02827	0.63478	0.05540	0.01809	0.02714	0.04184	0.01809	0.03166	0.02148	0.02488	0.01470	0.01696	0.01357	0.00905	0.00678	0.00226	0.01131	0.00565	0.00452	0.01357
15	0.01460	0.01066	0.01372	0.01324	0.01564	0.00978	0.00982	0.01914	0.02864	0.04002	0.47966	0.12877	0.13075	0.02301	0.01256	0.00343	0.00512	0.02033	0.01134	0.00978
16	0.01548	0.01073	0.01322	0.01339	0.01591	0.01002	0.01033	0.01983	0.02620	0.03692	0.28885	0.12229	0.15426	0.02299	0.01208	0.00354	0.00585	0.09133	0.11713	0.00965
17	0.01288	0.00920	0.01227	0.01472	0.01534	0.00859	0.00981	0.01472	0.02024	0.02699	0.05828	0.62152	0.06993	0.03312	0.01350	0.00429	0.00613	0.03006	0.00981	0.00859
18	0.70310	0.02045	0.01554	0.01390	0.02045	0.02372	0.01145	0.03108	0.01799	0.04744	0.01472	0.01718	0.01145	0.00981	0.00654	0.00327	0.00818	0.00573	0.00654	0.01145
19	0.01648	0.01193	0.01626	0.01820	0.02073	0.01171	0.01567	0.02117	0.02481	0.03234	0.10447	0.11425	0.10560	0.02834	0.01424	0.00462	0.00895	0.41063	0.00991	0.00969
20	0.01296	0.00967	0.01207	0.01371	0.01514	0.00877	0.00943	0.01524	0.02188	0.02857	0.10897	0.46235	0.18114	0.03079	0.01319	0.00406	0.00587	0.02746	0.00996	0.00877
21	0.02192	0.01879	0.02192	0.01566	0.02506	0.01409	0.01253	0.02662	0.02192	0.03445	0.01879	0.02192	0.01566	0.00783	0.00783	0.00157	0.00783	0.00626	0.00626	0.69305
22	0.01345	0.00957	0.01197	0.01364	0.01434	0.00901	0.00886	0.01491	0.01937	0.02555	0.05607	0.44846	0.10024	0.17569	0.02311	0.00567	0.00706	0.02593	0.00900	0.00809
23	0.04212	0.01686	0.02260	0.01772	0.02510	0.01457	0.01449	0.04614	0.02970	0.48565	0.08325	0.04475	0.07797	0.01488	0.01092	0.00330	0.00840	0.01225	0.01270	0.01664
24	0.01997	0.01879	0.03171	0.60301	0.07282	0.02349	0.02936	0.02701	0.02114	0.02701	0.01879	0.02819	0.01409	0.01057	0.01057	0.00352	0.01409	0.00940	0.00470	0.01175
25	0.01943	0.04418	0.44249	0.02641	0.03868	0.02094	0.03224	0.02953	0.02264	0.03325	0.06959	0.11740	0.02910	0.01449	0.01077	0.00349	0.01331	0.01211	0.00587	0.01410
26	0.01347	0.00956	0.01262	0.01486	0.01558	0.00905	0.01015	0.01541	0.02017	0.02683	0.05586	0.52817	0.06633	0.08558	0.01717	0.00487	0.00682	0.06950	0.00951	0.00850
27	0.01707	0.01125	0.01373	0.01436	0.01672	0.01061	0.01027	0.02163	0.05860	0.07267	0.10245	0.36210	0.14715	0.02679	0.01240	0.00383	0.00620	0.02367	0.05835	0.01014
28	0.02320	0.02276	0.04068	0.30421	0.26889	0.02462	0.10196	0.03021	0.02288	0.03106	0.01961	0.02742	0.01545	0.00987	0.01080	0.00337	0.01401	0.00985	0.00501	0.01414
29	0.02305	0.01690	0.02633	0.32900	0.04908	0.01960	0.02263	0.02828	0.02229	0.11088	0.03133	0.13245	0.02872	0.01668	0.01314	0.00380	0.05519	0.05140	0.00722	0.01202
30	0.70310	0.02045	0.01554	0.01390	0.02045	0.02372	0.01145	0.03108	0.01799	0.04744	0.01472	0.01718	0.01145	0.00981	0.00654	0.00327	0.00818	0.00573	0.00654	0.01145
31	0.02801	0.02094	0.02246	0.01979	0.02561	0.02349	0.01551	0.08463	0.39104	0.08708	0.04042	0.03817	0.03002	0.01383	0.01024	0.00337	0.00815	0.01137	0.10997	0.01592
32	0.02549	0.07621	0.21709	0.08423	0.13173	0.02568	0.13410	0.03572	0.06182	0.07268	0.02275	0.02664	0.01690	0.01022	0.01054	0.00331	0.01414	0.00955	0.00589	0.01532
33	0.01496	0.01081	0.01413	0.01330	0.01580	0.00998	0.00998	0.01995	0.02993	0.04240	0.55689	0.07898	0.09976	0.02162	0.01247	0.00333	0.00499	0.01912	0.01164	0.00998
34	0.01792	0.01201	0.01491	0.01416	0.01729	0.01122	0.01061	0.02371	0.06293	0.08481	0.33025	0.15784	0.15581	0.02290	0.01235	0.00352	0.00581	0.02002	0.01115	0.01078
35	0.01301	0.00956	0.01220	0.01401	0.01522	0.00876	0.00957	0.01525	0.02166	0.02857	0.10918	0.49776	0.14408	0.03118	0.01326	0.00410	0.00592	0.02796	0.00998	0.00876
36	0.03361	0.01558	0.02052	0.01786	0.02355	0.01446	0.01476	0.03973	0.06182	0.31579	0.09019	0.05981	0.04129	0.01763	0.01145	0.00360	0.00841	0.12383	0.07156	0.01455
37	0.04744	0.01799	0.02454	0.01881	0.02699	0.01554	0.01554	0.05153	0.03026	0.56979	0.04171	0.03599	0.02617	0.01309	0.01063	0.00327	0.00900	0.01063	0.01309	0.01799
38	0.03950	0.05039	0.02996	0.02724	0.03269	0.58597	0.02043	0.04222	0.02996	0.02588	0.01634	0.01907	0.01362	0.01090	0.00953	0.00272	0.01907	0.00681	0.00545	0.01226
39	0.02732	0.08643	0.19790	0.21186	0.04876	0.02696	0.02837	0.14092	0.02841	0.07313	0.02144	0.02531	0.01548	0.01091	0.01008	0.00327	0.01344	0.00869	0.00645	0.01487
40	0.24234	0.01821	0.02083	0.01824	0.02359	0.01954	0.05002	0.03433	0.14047	0.08025	0.11959	0.11869	0.04035	0.01621	0.01018	0.00352	0.00817	0.01359	0.00919	0.01269
41	0.02775	0.01861	0.02252	0.01638	0.02550	0.01442	0.01322	0.03231	0.02383	0.15673	0.02403	0.02514	0.01806	0.00903	0.00847	0.00196	0.00810	0.00726	0.00782	0.53886
42	0.03624	0.02654	0.02868	0.02302	0.03066	0.02943	0.01868	0.34046	0.20754	0.09621	0.03227	0.03070	0.02319	0.01325	0.01064	0.00331	0.01039	0.01039	0.01082	0.01758
43	0.01250	0.01071	0.01071	0.01071	0.01428	0.00893	0.00803	0.01517	0.02410	0.02856	0.10711	0.10175	0.55817	0.02678	0.01250	0.00357	0.00536	0.02231	0.00982	0.00893
44	0.03950	0.05039	0.02996	0.02724	0.03269	0.58597	0.02043	0.04222	0.02996	0.02588	0.01634	0.01907	0.01362	0.01090	0.00953	0.00272	0.01907	0.00681	0.00545	0.01226
45	0.02827	0.63478	0.05540	0.01809	0.02714	0.04184	0.01809	0.03166	0.02148	0.02488	0.01470	0.01696	0.01357	0.00905	0.00678	0.00226	0.01131	0.00565	0.00452	0.01357
46	0.01307	0.01073	0.01150	0.01131	0.01463	0.00917	0.00848	0.01628	0.02545	0.03176	0.21100	0.09649	0.45229	0.02559	0.01249	0.00351	0.00527	0.02158	0.01024	0.00917
47	0.02630	0.02271	0.02391	0.02152	0.02749	0.02630	0.01674	0.05618	0.54336	0.04423	0.04303	0.03945	0.03228	0.01434	0.01076	0.00359	0.00837	0.01195	0.01076	0.01674
48	0.04148	0.01676	0.02265	0.01793	0.02515	0.01475	0.01467	0.04542	0.02854	0.47362	0.04630	0.04229	0.07319	0.02017	0.06188	0.00451	0.01039	0.01173	0.01214	0.01643
49	0.02912	0.06339	0.02921	0.20320	0.08722	0.01997	0.02059	0.03415	0.02423	0.19351	0.02902	0.08077	0.02307	0.01273	0.01019	0.00312	0.01065	0.01089	0.00795	0.10703
50	0.02121	0.05469	0.57364	0.03014	0.04576	0.02455	0.03906	0.03348	0.02232	0.03348	0.01897	0.02232	0.01339	0.01005	0.01005	0.00335	0.01563	0.00781	0.00446	0.01563
51	0.01325	0.00946	0.01269	0.01514	0.01591	0.00890	0.01045	0.01535	0.02060	0.02740	0.05807	0.57745	0.06913	0.03278	0.01359	0.00434	0.00645	0.07053	0.00981	0.00869
52	0.07707	0.07550	0.20787	0.11685	0.04201	0.02289	0.09761	0.03079	0.02297	0.06825	0.06065	0.08128	0.02554	0.01292	0.01047	0.00340	0.01278	0.01135	0.00633	0.01348
53	0.07632	0.11913	0.16230	0.01991	0.03040	0.02170	0.02023	0.03303	0.02289	0.11218	0.02129	0.02300	0.01602	0.00947	0.00854	0.00248	0.01046	0.00715	0.00658	0.27692
54	0.01481	0.01198	0.01820	0.01814	0.01974	0.01194	0.05588	0.01753	0.02108	0.02862	0.08847	0.48816	0.06349	0.02914	0.01480	0.00418	0.04897	0.02627	0.00920	0.00939
55	0.01349	0.00995	0.01262	0.01364	0.01532	0.00908	0.00959	0.01647	0.02394	0.03216	0.22536	0.36665	0.15592	0.02845	0.01301	0.00387	0.00565	0.02535	0.01040	0.00908
56	0.02310	0.02027	0.07013	0.06120	0.03127	0.01630	0.09747	0.02801	0.02255	0.10357	0.03568	0.08965	0.07258	0.11079	0.01747	0.00417	0.01069	0.01303	0.00743	0.16465
57	0.02580	0.02381	0.08176	0.19644	0.09013	0.02073	0.09682	0.03251	0.02357	0.11002	0.02262	0.02715	0.01668	0.00988	0.01013	0.00296	0.01237	0.00912	0.00642	0.18109
58	0.03172	0.01608	0.02028	0.01719	0.02288	0.01519	0.01357	0.04017	0.11699	0.28648	0.16100	0.09153	0.08545	0.01757	0.01139	0.00343	0.00754	0.01493	0.01190	0.01470

[dist]
# distance from previous block
# <min> <max>
1	5

[block]
# block no. 4 follows, 13 sequences, length 63
# corresponding to MSA columns:
# 490-552
name=unknown_E
#
# <colnr> <probs for GDERKNQSTAVLIFYWHMCP>
#	G	D	E	R	K	N	Q	S	T	A	V	L	I	F	Y	W	H	M	C	P
0	0.07526	0.09406	0.21649	0.02361	0.03422	0.02218	0.05782	0.03482	0.02377	0.13888	0.02566	0.03185	0.01991	0.01159	0.00977	0.00309	0.01193	0.04498	0.00703	0.11309
1	0.13535	0.05969	0.02433	0.06269	0.08049	0.01963	0.01597	0.07079	0.02407	0.10817	0.03132	0.15829	0.02997	0.06014	0.01319	0.00378	0.00933	0.01341	0.00805	0.07133
2	0.02992	0.58164	0.05275	0.01815	0.02712	0.03957	0.01787	0.03337	0.02224	0.07182	0.01703	0.01860	0.01465	0.00939	0.00712	0.00235	0.01111	0.00608	0.00526	0.01395
3	0.09209	0.03026	0.11656	0.02168	0.03098	0.07936	0.01997	0.14264	0.03034	0.16498	0.02492	0.02528	0.01764	0.01094	0.00950	0.00286	0.01139	0.00824	0.00840	0.15199
4	0.01986	0.01682	0.05435	0.01628	0.02120	0.01424	0.01350	0.02898	0.11290	0.07735	0.27933	0.09974	0.10706	0.01905	0.01156	0.00330	0.00691	0.01647	0.01037	0.07073
5	0.01435	0.01039	0.01296	0.01458	0.01545	0.01020	0.00963	0.01785	0.05712	0.02694	0.05217	0.46882	0.06090	0.15095	0.02137	0.00544	0.00712	0.02581	0.00920	0.00874
6	0.14206	0.01836	0.02636	0.20037	0.09320	0.01986	0.04988	0.03207	0.02278	0.11995	0.02518	0.02964	0.01859	0.01098	0.00935	0.00319	0.01048	0.00925	0.14550	0.01296
7	0.06561	0.07715	0.19385	0.13184	0.16620	0.02380	0.02829	0.03146	0.02205	0.07032	0.02017	0.02535	0.01556	0.01242	0.01251	0.06260	0.01282	0.00850	0.00545	0.01404
8	0.13411	0.01763	0.02206	0.01738	0.02485	0.01617	0.01429	0.04645	0.02791	0.45357	0.03743	0.03373	0.02425	0.01258	0.00980	0.00320	0.00854	0.00990	0.06975	0.01641
9	0.01421	0.01110	0.01298	0.01316	0.01582	0.01022	0.00961	0.01907	0.05611	0.03360	0.23716	0.21587	0.26066	0.02589	0.01262	0.00367	0.00560	0.02253	0.01046	0.00965
10	0.09091	0.07403	0.12503	0.02654	0.08338	0.07305	0.02229	0.16196	0.03152	0.12497	0.06434	0.02880	0.02331	0.01199	0.00992	0.00313	0.01182	0.00929	0.00824	0.01548
11	0.08184	0.03186	0.15932	0.06268	0.03535	0.02678	0.02320	0.25457	0.06916	0.05026	0.02465	0.02653	0.01796	0.01176	0.00984	0.00321	0.01163	0.00900	0.07480	0.01561
12	0.45430	0.02191	0.02495	0.10113	0.07274	0.02469	0.05963	0.06589	0.02172	0.04388	0.01699	0.02090	0.01306	0.01001	0.00818	0.00331	0.01038	0.00735	0.00638	0.01259
13	0.02789	0.02094	0.03787	0.24469	0.05211	0.02156	0.17254	0.03459	0.02477	0.16153	0.02830	0.03792	0.02159	0.01227	0.01150	0.00359	0.01360	0.05154	0.00736	0.01385
14	0.01316	0.00958	0.01248	0.01469	0.01573	0.00889	0.01019	0.01531	0.02093	0.02750	0.06289	0.53219	0.11716	0.03220	0.01348	0.00427	0.00633	0.06449	0.00981	0.00871
15	0.02712	0.02073	0.03457	0.32284	0.09198	0.02269	0.09292	0.03571	0.06804	0.13860	0.02587	0.03061	0.01851	0.01109	0.01085	0.00346	0.01299	0.01028	0.00702	0.01411
16	0.01780	0.01123	0.01445	0.01335	0.01625	0.01037	0.01011	0.02272	0.02916	0.08025	0.46629	0.07183	0.08702	0.02005	0.01182	0.00323	0.00527	0.01756	0.08068	0.01054
17	0.01518	0.01070	0.01336	0.01270	0.01530	0.00986	0.00952	0.01992	0.02857	0.04069	0.45971	0.07742	0.13942	0.02123	0.01197	0.00327	0.00502	0.01854	0.07775	0.00986
18	0.10161	0.02071	0.02221	0.01777	0.02441	0.02158	0.01443	0.23023	0.03384	0.12273	0.02848	0.02958	0.02076	0.01194	0.00906	0.00286	0.00874	0.00910	0.19757	0.07239
19	0.04019	0.02962	0.03173	0.02433	0.03279	0.03279	0.02010	0.52721	0.04971	0.06663	0.02538	0.02538	0.01798	0.01269	0.01058	0.00317	0.01163	0.00952	0.01058	0.01798
20	0.70310	0.02045	0.01554	0.01390	0.02045	0.02372	0.01145	0.03108	0.01799	0.04744	0.01472	0.01718	0.01145	0.00981	0.00654	0.00327	0.00818	0.00573	0.00654	0.01145
21	0.04007	0.03315	0.03143	0.02482	0.03277	0.12700	0.02015	0.44461	0.04635	0.05969	0.02384	0.02431	0.01724	0.01239	0.01040	0.00310	0.01290	0.00906	0.00970	0.01701
22	0.11991	0.55136	0.04999	0.01752	0.02623	0.03938	0.01719	0.03158	0.02101	0.02794	0.01470	0.01699	0.01328	0.00915	0.00675	0.00240	0.01088	0.00566	0.00480	0.01328
23	0.01384	0.00989	0.01337	0.01582	0.01685	0.00941	0.01148	0.01638	0.02119	0.02806	0.05775	0.50577	0.06784	0.03222	0.01375	0.00443	0.00696	0.13635	0.00980	0.00885
24	0.08009	0.01893	0.02138	0.01551	0.02466	0.01492	0.01244	0.02700	0.02159	0.03556	0.01845	0.02152	0.01530	0.00800	0.00772	0.00171	0.00786	0.00622	0.00629	0.63486
25	0.01496	0.01081	0.01413	0.01330	0.01580	0.00998	0.00998	0.01995	0.02993	0.04240	0.55689	0.07898	0.09976	0.02162	0.01247	0.00333	0.00499	0.01912	0.01164	0.00998
26	0.01250	0.01071	0.01071	0.01071	0.01428	0.00893	0.00803	0.01517	0.02410	0.02856	0.10711	0.10175	0.55817	0.02678	0.01250	0.00357	0.00536	0.02231	0.00982	0.00893
27	0.02827	0.63478	0.05540	0.01809	0.02714	0.04184	0.01809	0.03166	0.02148	0.02488	0.01470	0.01696	0.01357	0.00905	0.00678	0.00226	0.01131	0.00565	0.00452	0.01357
28	0.01288	0.00920	0.01227	0.01472	0.01534	0.00859	0.00981	0.01472	0.02024	0.02699	0.05828	0.62152	0.06993	0.03312	0.01350	0.00429	0.00613	0.03006	0.00981	0.00859
29	0.02827	0.02205	0.02893	0.27157	0.04801	0.02551	0.02275	0.14047	0.17302	0.08674	0.02887	0.03141	0.02099	0.01227	0.01063	0.00345	0.01156	0.01024	0.00832	0.01496
30	0.02249	0.02501	0.09305	0.10064	0.27061	0.02235	0.10022	0.02939	0.02313	0.03271	0.05903	0.03226	0.02330	0.02047	0.09399	0.00527	0.01553	0.01066	0.00563	0.01425
31	0.01347	0.01021	0.01242	0.01300	0.01516	0.00916	0.00932	0.01664	0.02472	0.03270	0.24248	0.27634	0.23150	0.02725	0.01284	0.00374	0.00550	0.02395	0.01043	0.00916
32	0.04019	0.02962	0.03173	0.02433	0.03279	0.03279	0.02010	0.52721	0.04971	0.06663	0.02538	0.02538	0.01798	0.01269	0.01058	0.00317	0.01163	0.00952	0.01058	0.01798
33	0.07336	0.02660	0.12929	0.02708	0.11963	0.01882	0.02130	0.03322	0.02344	0.12148	0.02243	0.02466	0.01682	0.00950	0.00906	0.00256	0.01031	0.00776	0.00687	0.29582
34	0.02306	0.04485	0.42441	0.08406	0.04495	0.02273	0.03370	0.03345	0.02274	0.07175	0.02058	0.02385	0.01462	0.01009	0.00991	0.00318	0.01420	0.00801	0.00529	0.08456
35	0.02600	0.01263	0.01643	0.01528	0.01913	0.01133	0.01149	0.02928	0.02508	0.22242	0.09563	0.27277	0.08575	0.02248	0.01170	0.00361	0.00688	0.01964	0.08026	0.01220
36	0.03213	0.06738	0.02173	0.01563	0.02150	0.01525	0.01280	0.03635	0.02775	0.29189	0.15028	0.04932	0.08560	0.01555	0.01037	0.00311	0.00747	0.01284	0.10904	0.01402
37	0.03999	0.06460	0.09725	0.02173	0.03049	0.07874	0.01965	0.08782	0.06747	0.33246	0.03331	0.03072	0.02225	0.01229	0.01022	0.00318	0.01118	0.00958	0.01031	0.01675
38	0.03147	0.03517	0.29107	0.02379	0.03504	0.01939	0.02646	0.03964	0.02636	0.25671	0.08119	0.03355	0.02717	0.01244	0.01053	0.00331	0.01183	0.01009	0.00874	0.01605
39	0.09332	0.01650	0.02016	0.01654	0.02285	0.01563	0.01334	0.04245	0.07200	0.33681	0.08885	0.03950	0.03283	0.01362	0.00992	0.00316	0.00778	0.01103	0.12856	0.01514
40	0.03197	0.08708	0.14713	0.07425	0.07068	0.02215	0.02299	0.07894	0.02712	0.21986	0.03102	0.08870	0.02428	0.01358	0.01040	0.00330	0.01126	0.01124	0.00859	0.01547
41	0.27342	0.32930	0.06983	0.01756	0.02585	0.03301	0.01684	0.03343	0.06008	0.03509	0.01713	0.01908	0.01421	0.00979	0.00720	0.00280	0.01021	0.00629	0.00573	0.01316
42	0.03211	0.01366	0.01690	0.01421	0.01930	0.01247	0.01132	0.03665	0.02644	0.28318	0.07469	0.04064	0.03180	0.01333	0.00924	0.00290	0.00680	0.01087	0.32991	0.01360
43	0.02827	0.63478	0.05540	0.01809	0.02714	0.04184	0.01809	0.03166	0.02148	0.02488	0.01470	0.01696	0.01357	0.00905	0.00678	0.00226	0.01131	0.00565	0.00452	0.01357
44	0.01313	0.00930	0.01220	0.01441	0.01496	0.00875	0.00948	0.01479	0.01977	0.02635	0.05583	0.56731	0.06684	0.09155	0.01745	0.00488	0.00654	0.02862	0.00948	0.00837
45	0.01708	0.01127	0.01368	0.01313	0.01632	0.00996	0.00981	0.02068	0.02645	0.08897	0.26876	0.16116	0.25468	0.02428	0.01244	0.00355	0.00570	0.02099	0.01086	0.01021
46	0.01451	0.01079	0.01351	0.01283	0.01552	0.00978	0.00962	0.01908	0.02886	0.03986	0.47434	0.08316	0.18389	0.02256	0.01248	0.00337	0.00506	0.01971	0.01130	0.00978
47	0.01285	0.00933	0.01214	0.01438	0.01525	0.00862	0.00966	0.01476	0.02057	0.02712	0.06244	0.57714	0.11162	0.03258	0.01341	0.00423	0.00607	0.02940	0.00982	0.00862
48	0.02032	0.05020	0.51618	0.02815	0.04255	0.02296	0.03590	0.03162	0.02250	0.03298	0.02797	0.03043	0.06900	0.01175	0.01030	0.00337	0.01458	0.00929	0.00501	0.01494
49	0.70310	0.02045	0.01554	0.01390	0.02045	0.02372	0.01145	0.03108	0.01799	0.04744	0.01472	0.01718	0.01145	0.00981	0.00654	0.00327	0.00818	0.00573	0.00654	0.01145
50	0.01704	0.01217	0.01704	0.01947	0.02191	0.01217	0.01704	0.02191	0.02434	0.03164	0.05598	0.11926	0.06085	0.02921	0.01460	0.00487	0.00974	0.49130	0.00974	0.00974
51	0.70310	0.02045	0.01554	0.01390	0.02045	0.02372	0.01145	0.03108	0.01799	0.04744	0.01472	0.01718	0.01145	0.00981	0.00654	0.00327	0.00818	0.00573	0.00654	0.01145
52	0.01997	0.01879	0.03171	0.60301	0.07282	0.02349	0.02936	0.02701	0.02114	0.02701	0.01879	0.02819	0.01409	0.01057	0.01057	0.00352	0.01409	0.00940	0.00470	0.01175
53	0.35886	0.02074	0.02123	0.01722	0.02466	0.02178	0.01421	0.10638	0.02706	0.25258	0.02664	0.02558	0.01805	0.01147	0.00868	0.00326	0.00897	0.00814	0.00963	0.01487
54	0.01250	0.01071	0.01071	0.01071	0.01428	0.00893	0.00803	0.01517	0.02410	0.02856	0.10711	0.10175	0.55817	0.02678	0.01250	0.00357	0.00536	0.02231	0.00982	0.00893
55	0.02121	0.05469	0.57364	0.03014	0.04576	0.02455	0.03906	0.03348	0.02232	0.03348	0.01897	0.02232	0.01339	0.01005	0.01005	0.00335	0.01563	0.00781	0.00446	0.01563
56	0.02630	0.02271	0.02391	0.02152	0.02749	0.02630	0.01674	0.05618	0.54336	0.04423	0.04303	0.03945	0.03228	0.01434	0.01076	0.00359	0.00837	0.01195	0.01076	0.01674
57	0.03950	0.05039	0.02996	0.02724	0.03269	0.58597	0.02043	0.04222	0.02996	0.02588	0.01634	0.01907	0.01362	0.01090	0.00953	0.00272	0.01907	0.00681	0.00545	0.01226
58	0.01288	0.00920	0.01227	0.01472	0.01534	0.00859	0.00981	0.01472	0.02024	0.02699	0.05828	0.62152	0.06993	0.03312	0.01350	0.00429	0.00613	0.03006	0.00981	0.00859
59	0.02364	0.02716	0.08090	0.08353	0.03198	0.11355	0.02186	0.02692	0.01931	0.02551	0.01817	0.02832	0.01690	0.06371	0.07475	0.05800	0.26051	0.00933	0.00496	0.01103
60	0.04505	0.01729	0.02327	0.01804	0.02573	0.01505	0.01484	0.04921	0.02957	0.52409	0.04109	0.03628	0.02625	0.01302	0.01035	0.00320	0.00865	0.01057	0.07116	0.01729
61	0.02694	0.02588	0.09504	0.20810	0.17280	0.02342	0.13446	0.03427	0.02420	0.11662	0.02324	0.02842	0.01696	0.01029	0.01091	0.00339	0.01389	0.01009	0.00626	0.01483
62	0.01484	0.01003	0.01169	0.01222	0.01235	0.00989	0.00714	0.01524	0.01642	0.02189	0.03867	0.18771	0.04520	0.50068	0.04516	0.00897	0.00937	0.01853	0.00714	0.00687

[dist]
# distance from previous block
# <min> <max>
0	1

[block]
# block no. 5 follows, 13 sequences, length 31
# corresponding to MSA columns:
# 554-584
name=unknown_F
#
# <colnr> <probs for GDERKNQSTAVLIFYWHMCP>
#	G	D	E	R	K	N	Q	S	T	A	V	L	I	F	Y	W	H	M	C	P
0	0.03194	0.07623	0.03136	0.07462	0.07509	0.02871	0.02019	0.20566	0.21615	0.08304	0.03083	0.03066	0.02279	0.01256	0.01032	0.00328	0.01056	0.01011	0.00938	0.01654
1	0.01722	0.01021	0.01068	0.01056	0.01330	0.00964	0.00792	0.02159	0.02375	0.03710	0.12660	0.06074	0.17140	0.01728	0.00940	0.00286	0.00504	0.01431	0.42077	0.00964
2	0.02827	0.63478	0.05540	0.01809	0.02714	0.04184	0.01809	0.03166	0.02148	0.02488	0.01470	0.01696	0.01357	0.00905	0.00678	0.00226	0.01131	0.00565	0.00452	0.01357
3	0.03612	0.02179	0.02897	0.08019	0.03398	0.02232	0.05854	0.20586	0.03494	0.22499	0.06723	0.03420	0.02650	0.01290	0.01064	0.00323	0.01054	0.01081	0.06033	0.01591
4	0.01631	0.01024	0.01341	0.01448	0.01616	0.00937	0.01009	0.01828	0.02190	0.07388	0.10276	0.43418	0.11434	0.03002	0.01487	0.04879	0.00640	0.02532	0.00991	0.00928
5	0.02922	0.03137	0.03850	0.10024	0.37902	0.17541	0.02896	0.03461	0.02541	0.03158	0.01884	0.02443	0.01568	0.00991	0.01023	0.00306	0.01444	0.00872	0.00525	0.01512
6	0.01302	0.00946	0.01229	0.01427	0.01528	0.00873	0.00968	0.01518	0.02135	0.02837	0.10265	0.53383	0.11357	0.03166	0.01333	0.00415	0.00598	0.02852	0.00996	0.00873
7	0.59929	0.02006	0.01696	0.01468	0.02148	0.02242	0.01210	0.03432	0.01994	0.13014	0.01900	0.02015	0.01378	0.01033	0.00719	0.00327	0.00831	0.00650	0.00758	0.01249
8	0.01704	0.01217	0.01704	0.01947	0.02191	0.01217	0.01704	0.02191	0.02434	0.03164	0.05598	0.11926	0.06085	0.02921	0.01460	0.00487	0.00974	0.49130	0.00974	0.00974
9	0.01352	0.01075	0.01214	0.01179	0.01491	0.00936	0.00884	0.01717	0.02653	0.03433	0.29459	0.09226	0.36710	0.02463	0.01249	0.00347	0.00520	0.02098	0.01058	0.00936
10	0.02617	0.02512	0.04292	0.06490	0.56246	0.02512	0.03245	0.03245	0.02407	0.03454	0.01989	0.02617	0.01675	0.00942	0.01047	0.00314	0.01256	0.00942	0.00523	0.01675
11	0.02313	0.02313	0.03238	0.02776	0.02776	0.03238	0.02313	0.02545	0.01619	0.02545	0.01388	0.02313	0.01388	0.01851	0.03470	0.00463	0.60907	0.00925	0.00463	0.01157
12	0.02131	0.02498	0.11995	0.02019	0.03007	0.01639	0.05387	0.02740	0.02208	0.03366	0.02212	0.06962	0.01956	0.01028	0.00900	0.00223	0.00977	0.00885	0.00616	0.47250
13	0.02121	0.05469	0.57364	0.03014	0.04576	0.02455	0.03906	0.03348	0.02232	0.03348	0.01897	0.02232	0.01339	0.01005	0.01005	0.00335	0.01563	0.00781	0.00446	0.01563
14	0.01496	0.01081	0.01413	0.01330	0.01580	0.00998	0.00998	0.01995	0.02993	0.04240	0.55689	0.07898	0.09976	0.02162	0.01247	0.00333	0.00499	0.01912	0.01164	0.00998
15	0.04744	0.01799	0.02454	0.01881	0.02699	0.01554	0.01554	0.05153	0.03026	0.56979	0.04171	0.03599	0.02617	0.01309	0.01063	0.00327	0.00900	0.01063	0.01309	0.01799
16	0.03342	0.02496	0.07725	0.02710	0.03587	0.02227	0.14830	0.04694	0.17829	0.23636	0.03509	0.03401	0.02435	0.01214	0.01110	0.00344	0.01160	0.01127	0.00974	0.01648
