[name]
unknown

[dist]
# distance from previous block
# <min> <max>
0	20

[block]
# block no. 0 follows, 13 sequences, length 28
# corresponding to MSA columns:
# 20-47
name=unknown_A
#
# <colnr> <probs for GDERKNQSTAVLIFYWHMCP>
#	G	D	E	R	K	N	Q	S	T	A	V	L	I	F	Y	W	H	M	C	P
0	0.02185	0.05086	0.50488	0.03464	0.11270	0.02463	0.03821	0.03335	0.02255	0.03362	0.01909	0.02282	0.01383	0.00996	0.01010	0.00332	0.01523	0.00802	0.00456	0.01577
1	0.01596	0.01668	0.08778	0.01737	0.02058	0.01396	0.01491	0.01992	0.01729	0.02472	0.02832	0.04577	0.02766	0.20387	0.38229	0.01359	0.02228	0.01186	0.00569	0.00950
2	0.01488	0.01063	0.01368	0.01316	0.01521	0.00992	0.00950	0.01902	0.02742	0.03857	0.45696	0.11264	0.08990	0.10097	0.01789	0.00428	0.00574	0.01934	0.01084	0.00942
3	0.03654	0.02920	0.02883	0.02285	0.03038	0.08381	0.01857	0.41344	0.04446	0.05772	0.03509	0.03466	0.08753	0.01434	0.01072	0.00318	0.01155	0.01091	0.00998	0.01625
4	0.02183	0.01733	0.01991	0.01666	0.02245	0.01597	0.01258	0.09026	0.07538	0.03621	0.03301	0.17104	0.03302	0.08648	0.01510	0.00361	0.00825	0.01391	0.00812	0.29889
5	0.02151	0.12555	0.45177	0.02693	0.04042	0.02537	0.03350	0.03192	0.02296	0.03324	0.07104	0.02717	0.02186	0.01105	0.00986	0.00321	0.01403	0.00864	0.00517	0.01481
6	0.65681	0.02034	0.01664	0.05383	0.02400	0.02370	0.01266	0.03080	0.01821	0.04605	0.01500	0.01792	0.01163	0.00987	0.00682	0.00329	0.00858	0.00597	0.00642	0.01147
7	0.01288	0.00920	0.01227	0.01472	0.01534	0.00859	0.00981	0.01472	0.02024	0.02699	0.05828	0.62152	0.06993	0.03312	0.01350	0.00429	0.00613	0.03006	0.00981	0.00859
8	0.01997	0.01879	0.03171	0.60301	0.07282	0.02349	0.02936	0.02701	0.02114	0.02701	0.01879	0.02819	0.01409	0.01057	0.01057	0.00352	0.01409	0.00940	0.00470	0.01175
9	0.01600	0.01393	0.01437	0.01604	0.01731	0.07349	0.01102	0.01814	0.02195	0.02785	0.08540	0.51925	0.06551	0.02989	0.01299	0.00406	0.00751	0.02675	0.00944	0.00909
10	0.02827	0.63478	0.05540	0.01809	0.02714	0.04184	0.01809	0.03166	0.02148	0.02488	0.01470	0.01696	0.01357	0.00905	0.00678	0.00226	0.01131	0.00565	0.00452	0.01357
11	0.70310	0.02045	0.01554	0.01390	0.02045	0.02372	0.01145	0.03108	0.01799	0.04744	0.01472	0.01718	0.01145	0.00981	0.00654	0.00327	0.00818	0.00573	0.00654	0.01145
12	0.01997	0.01879	0.03171	0.60301	0.07282	0.02349	0.02936	0.02701	0.02114	0.02701	0.01879	0.02819	0.01409	0.01057	0.01057	0.00352	0.01409	0.00940	0.00470	0.01175
13	0.01997	0.01879	0.03171	0.60301	0.07282	0.02349	0.02936	0.02701	0.02114	0.02701	0.01879	0.02819	0.01409	0.01057	0.01057	0.00352	0.01409	0.00940	0.00470	0.01175
14	0.02486	0.01870	0.02223	0.01602	0.02528	0.01426	0.01287	0.02949	0.02288	0.09605	0.02143	0.02354	0.01687	0.00844	0.00815	0.00176	0.00796	0.00677	0.00705	0.61538
15	0.02906	0.03186	0.03610	0.17792	0.27623	0.20710	0.02782	0.03436	0.02531	0.02997	0.01848	0.02433	0.01511	0.01017	0.01019	0.00309	0.01503	0.00857	0.00518	0.01412
16	0.02121	0.05469	0.57364	0.03014	0.04576	0.02455	0.03906	0.03348	0.02232	0.03348	0.01897	0.02232	0.01339	0.01005	0.01005	0.00335	0.01563	0.00781	0.00446	0.01563
17	0.01523	0.01127	0.01311	0.01416	0.01628	0.01099	0.01002	0.02106	0.08602	0.03085	0.06412	0.37349	0.16440	0.02711	0.01226	0.00385	0.00611	0.02390	0.08596	0.00981
18	0.01997	0.01879	0.03171	0.60301	0.07282	0.02349	0.02936	0.02701	0.02114	0.02701	0.01879	0.02819	0.01409	0.01057	0.01057	0.00352	0.01409	0.00940	0.00470	0.01175
19	0.02344	0.02199	0.04006	0.34354	0.05993	0.02492	0.16840	0.03030	0.02223	0.06241	0.02040	0.02820	0.01537	0.01115	0.01382	0.00364	0.08163	0.01033	0.00539	0.01283
20	0.01642	0.01283	0.01563	0.01612	0.01931	0.01217	0.01243	0.02264	0.08085	0.03123	0.05966	0.27243	0.13938	0.02604	0.01265	0.00392	0.00736	0.14082	0.00949	0.08861
21	0.02719	0.02640	0.03208	0.37205	0.08791	0.11995	0.02640	0.11825	0.02785	0.03427	0.01961	0.02604	0.01486	0.01093	0.01039	0.00330	0.01441	0.00898	0.00589	0.01323
22	0.02899	0.01577	0.01858	0.01580	0.02004	0.01670	0.01268	0.09588	0.02687	0.16048	0.03256	0.03496	0.02419	0.01325	0.01167	0.00299	0.07623	0.00992	0.36952	0.01293
23	0.03032	0.03306	0.19921	0.03301	0.04441	0.02290	0.23809	0.03882	0.02572	0.18749	0.02652	0.02887	0.01818	0.01044	0.01125	0.00342	0.01466	0.01060	0.00731	0.01573
24	0.01405	0.01010	0.01265	0.01422	0.01537	0.00957	0.00995	0.01606	0.02028	0.02645	0.05857	0.34959	0.12459	0.16701	0.02271	0.00564	0.00754	0.09830	0.00903	0.00832
25	0.28571	0.16806	0.09062	0.01877	0.02726	0.02814	0.01775	0.08398	0.05754	0.10240	0.02116	0.02210	0.01583	0.01061	0.00813	0.00306	0.01019	0.00728	0.00726	0.01414
26	0.02106	0.01736	0.01762	0.01587	0.01995	0.07672	0.01210	0.02789	0.07901	0.07251	0.32777	0.06471	0.12630	0.01889	0.01157	0.00320	0.00737	0.01606	0.01041	0.05360
27	0.01567	0.08226	0.01832	0.01522	0.01778	0.01303	0.01107	0.01801	0.02057	0.02758	0.04883	0.48465	0.05735	0.02751	0.01209	0.00375	0.00692	0.02458	0.00881	0.08599

[dist]
# distance from previous block
# <min> <max>
0	3

[block]
# block no. 1 follows, 13 sequences, length 15
# corresponding to MSA columns:
# 51-65
name=unknown_B
#
# <colnr> <probs for GDERKNQSTAVLIFYWHMCP>
#	G	D	E	R	K	N	Q	S	T	A	V	L	I	F	Y	W	H	M	C	P
0	0.03509	0.02695	0.02931	0.02282	0.03097	0.11836	0.06129	0.12185	0.06120	0.17615	0.02701	0.02723	0.01941	0.01100	0.00989	0.00277	0.01162	0.00891	0.00878	0.18940
1	0.10273	0.02973	0.03380	0.02610	0.03434	0.09126	0.09373	0.30381	0.03880	0.10583	0.02438	0.02541	0.01739	0.01169	0.01036	0.00320	0.01279	0.00940	0.00909	0.01616
2	0.03945	0.01698	0.02138	0.01699	0.02370	0.01572	0.01384	0.09050	0.03002	0.38175	0.03824	0.03586	0.02562	0.01285	0.00978	0.00305	0.00818	0.01032	0.18993	0.01585
3	0.03033	0.53009	0.05131	0.01917	0.02811	0.04027	0.01844	0.11739	0.02637	0.03210	0.01655	0.01842	0.01433	0.00968	0.00744	0.00242	0.01136	0.00632	0.00557	0.01433
4	0.70310	0.02045	0.01554	0.01390	0.02045	0.02372	0.01145	0.03108	0.01799	0.04744	0.01472	0.01718	0.01145	0.00981	0.00654	0.00327	0.00818	0.00573	0.00654	0.01145
5	0.04019	0.02962	0.03173	0.02433	0.03279	0.03279	0.02010	0.52721	0.04971	0.06663	0.02538	0.02538	0.01798	0.01269	0.01058	0.00317	0.01163	0.00952	0.01058	0.01798
6	0.04744	0.01799	0.02454	0.01881	0.02699	0.01554	0.01554	0.05153	0.03026	0.56979	0.04171	0.03599	0.02617	0.01309	0.01063	0.00327	0.00900	0.01063	0.01309	0.01799
7	0.01727	0.02419	0.16864	0.07176	0.03025	0.01603	0.02060	0.02498	0.05358	0.03227	0.10192	0.13142	0.15771	0.02062	0.01197	0.00375	0.00980	0.08349	0.00811	0.01164
8	0.01538	0.01025	0.01153	0.01153	0.01153	0.01025	0.00641	0.01538	0.01538	0.02050	0.03331	0.06919	0.03844	0.62842	0.05382	0.01025	0.01025	0.01538	0.00641	0.00641
9	0.02229	0.04325	0.37908	0.08740	0.04615	0.02494	0.07699	0.03680	0.11257	0.03473	0.02333	0.02642	0.01696	0.01074	0.01044	0.00343	0.01441	0.00910	0.00565	0.01531
10	0.01903	0.01187	0.01595	0.01715	0.01940	0.01151	0.01370	0.02241	0.02262	0.08285	0.05106	0.19592	0.05519	0.13198	0.02078	0.00553	0.00908	0.27471	0.00951	0.00977
11	0.70310	0.02045	0.01554	0.01390	0.02045	0.02372	0.01145	0.03108	0.01799	0.04744	0.01472	0.01718	0.01145	0.00981	0.00654	0.00327	0.00818	0.00573	0.00654	0.01145
12	0.03698	0.04661	0.03557	0.03024	0.03659	0.48923	0.10755	0.04078	0.02910	0.02726	0.01722	0.02070	0.01404	0.01055	0.01004	0.00287	0.01885	0.00779	0.00543	0.01260
13	0.02630	0.02271	0.02391	0.02152	0.02749	0.02630	0.01674	0.05618	0.54336	0.04423	0.04303	0.03945	0.03228	0.01434	0.01076	0.00359	0.00837	0.01195	0.01076	0.01674
14	0.02409	0.02271	0.03698	0.13677	0.29807	0.02385	0.07057	0.03469	0.11404	0.03566	0.07204	0.03373	0.02640	0.01151	0.01089	0.00333	0.01186	0.01100	0.00669	0.01512

[dist]
# distance from previous block
# <min> <max>
0	21

[block]
# block no. 2 follows, 13 sequences, length 16
# corresponding to MSA columns:
# 87-102
name=unknown_C
#
# <colnr> <probs for GDERKNQSTAVLIFYWHMCP>
#	G	D	E	R	K	N	Q	S	T	A	V	L	I	F	Y	W	H	M	C	P
0	0.01860	0.01169	0.01484	0.01354	0.01693	0.01049	0.01033	0.02307	0.02895	0.10611	0.41319	0.07759	0.17114	0.02145	0.01224	0.00336	0.00556	0.01862	0.01150	0.01080
1	0.01493	0.01785	0.11145	0.01719	0.02120	0.01193	0.01541	0.01937	0.02266	0.03067	0.11961	0.34043	0.12208	0.02651	0.01274	0.00397	0.00789	0.06489	0.00910	0.01014
2	0.04009	0.01584	0.02065	0.01644	0.02310	0.01403	0.01338	0.04441	0.02812	0.42933	0.03980	0.03690	0.02642	0.01288	0.00977	0.00306	0.00792	0.01043	0.19159	0.01584
3	0.03960	0.01942	0.02616	0.12220	0.03547	0.01930	0.01839	0.07689	0.09202	0.37988	0.03684	0.03439	0.02429	0.01277	0.01063	0.00335	0.00998	0.01051	0.01118	0.01674
4	0.01890	0.01168	0.01539	0.01397	0.01715	0.01065	0.01065	0.02378	0.02997	0.10630	0.49446	0.07377	0.09085	0.02058	0.01225	0.00332	0.00547	0.01809	0.01181	0.01095
5	0.01883	0.12232	0.02356	0.01626	0.01820	0.01987	0.01236	0.02048	0.01687	0.02279	0.02604	0.04765	0.02797	0.32272	0.13899	0.00917	0.10927	0.01196	0.00566	0.00904
6	0.70310	0.02045	0.01554	0.01390	0.02045	0.02372	0.01145	0.03108	0.01799	0.04744	0.01472	0.01718	0.01145	0.00981	0.00654	0.00327	0.00818	0.00573	0.00654	0.01145
7	0.02192	0.01879	0.02192	0.01566	0.02506	0.01409	0.01253	0.02662	0.02192	0.03445	0.01879	0.02192	0.01566	0.00783	0.00783	0.00157	0.00783	0.00626	0.00626	0.69305
8	0.02603	0.02363	0.03451	0.18075	0.16211	0.02855	0.02630	0.11567	0.02513	0.03516	0.01851	0.02550	0.01531	0.01341	0.01884	0.00375	0.21771	0.00937	0.00583	0.01392
9	0.02678	0.03697	0.29772	0.02415	0.03551	0.02137	0.02685	0.09569	0.02781	0.11796	0.08829	0.03155	0.02656	0.01199	0.01026	0.00312	0.01202	0.00965	0.00757	0.08820
10	0.02551	0.01571	0.02045	0.11868	0.02934	0.01614	0.01514	0.09102	0.02937	0.13703	0.19438	0.05047	0.07454	0.01581	0.01076	0.00321	0.00816	0.01336	0.11824	0.01267
11	0.02314	0.10141	0.14547	0.07017	0.12631	0.02412	0.02399	0.06202	0.10138	0.03572	0.07534	0.10567	0.03189	0.01457	0.01055	0.00333	0.01101	0.01246	0.00723	0.01422
12	0.02834	0.02928	0.02875	0.14435	0.06655	0.20441	0.04627	0.09287	0.02748	0.03219	0.05450	0.03510	0.02420	0.12011	0.01805	0.00437	0.01428	0.01038	0.00647	0.01205
13	0.14102	0.01958	0.02720	0.38504	0.05456	0.02322	0.02344	0.03136	0.08614	0.03329	0.02112	0.02722	0.01602	0.01072	0.00969	0.00335	0.01189	0.00885	0.00589	0.06040
14	0.21694	0.02529	0.02627	0.02067	0.02857	0.02757	0.01706	0.31806	0.03813	0.14379	0.02523	0.02494	0.01759	0.01199	0.00952	0.00322	0.01029	0.00870	0.00992	0.01625
15	0.02880	0.11954	0.15400	0.03035	0.04078	0.02647	0.19859	0.03937	0.08987	0.12801	0.02621	0.02826	0.01896	0.01058	0.01061	0.00328	0.01369	0.01014	0.00709	0.01540

[dist]
# distance from previous block
# <min> <max>
0	3

[block]
# block no. 3 follows, 13 sequences, length 23
# corresponding to MSA columns:
# 106-128
name=unknown_D
#
# <colnr> <probs for GDERKNQSTAVLIFYWHMCP>
#	G	D	E	R	K	N	Q	S	T	A	V	L	I	F	Y	W	H	M	C	P
0	0.16247	0.02009	0.08166	0.11410	0.03127	0.01799	0.01772	0.02869	0.06247	0.07958	0.03565	0.23433	0.03547	0.01876	0.01072	0.00370	0.00937	0.01599	0.00804	0.01195
1	0.03037	0.17684	0.03317	0.09497	0.05532	0.02550	0.01844	0.12072	0.02820	0.14670	0.03109	0.13683	0.02768	0.01523	0.01015	0.00321	0.01033	0.01257	0.00842	0.01426
2	0.02484	0.07194	0.21338	0.02342	0.03246	0.02545	0.02412	0.13483	0.09203	0.03959	0.03833	0.03901	0.11417	0.01478	0.01257	0.00342	0.06234	0.01126	0.00749	0.01458
3	0.02608	0.17819	0.30799	0.05916	0.07202	0.07686	0.03038	0.07255	0.02500	0.03326	0.01835	0.02163	0.01405	0.01009	0.00937	0.00304	0.01437	0.00756	0.00510	0.01493
4	0.06053	0.01918	0.03003	0.38620	0.09767	0.02165	0.02529	0.03375	0.02349	0.16378	0.02439	0.02944	0.01718	0.01107	0.01038	0.00342	0.01242	0.00953	0.00692	0.01368
5	0.03204	0.01379	0.01777	0.01547	0.02037	0.01241	0.01204	0.03584	0.02579	0.30256	0.04359	0.17180	0.03650	0.01750	0.01042	0.00329	0.00725	0.01490	0.19304	0.01364
6	0.02336	0.01551	0.02064	0.02359	0.11619	0.01452	0.01494	0.02900	0.06591	0.14312	0.06500	0.15299	0.23076	0.02086	0.01177	0.00355	0.00776	0.01800	0.00975	0.01277
7	0.01425	0.01046	0.01336	0.01330	0.01553	0.00957	0.00972	0.01832	0.02726	0.03763	0.40231	0.19433	0.14547	0.02459	0.01269	0.00355	0.00527	0.02176	0.01105	0.00957
8	0.02497	0.02312	0.03039	0.08236	0.22121	0.05131	0.02268	0.04010	0.22569	0.03826	0.09668	0.03781	0.03291	0.01304	0.01080	0.00335	0.01042	0.01150	0.00815	0.01527
9	0.01886	0.01003	0.01062	0.01047	0.01294	0.00988	0.00785	0.02380	0.02356	0.03995	0.12793	0.04649	0.04010	0.01398	0.00830	0.00262	0.00494	0.01151	0.56630	0.00988
10	0.02575	0.09889	0.41686	0.02790	0.04148	0.02774	0.03334	0.13595	0.02794	0.03964	0.01994	0.02250	0.01436	0.01051	0.00988	0.00322	0.01443	0.00798	0.00574	0.01594
11	0.01632	0.01358	0.01857	0.01757	0.01928	0.01608	0.01375	0.01941	0.01866	0.02611	0.06695	0.05217	0.12347	0.08928	0.30564	0.01089	0.14257	0.01352	0.00655	0.00962
12	0.17725	0.02366	0.02522	0.02032	0.02787	0.02556	0.01659	0.22450	0.12670	0.18063	0.03028	0.02876	0.02117	0.01249	0.00978	0.00329	0.00969	0.00944	0.01038	0.01640
13	0.02265	0.02133	0.07301	0.14414	0.03859	0.02019	0.05433	0.11509	0.02808	0.03724	0.03742	0.06950	0.03657	0.01945	0.01252	0.00407	0.01200	0.23327	0.00811	0.01242
14	0.04593	0.02041	0.02603	0.01996	0.02820	0.01913	0.01649	0.15040	0.03430	0.46520	0.03832	0.03378	0.02447	0.01300	0.01062	0.00325	0.00955	0.01040	0.01256	0.01799
15	0.04662	0.01931	0.02535	0.01944	0.02765	0.01749	0.01606	0.10537	0.03246	0.51284	0.03986	0.03479	0.02525	0.01304	0.01063	0.00326	0.00930	0.01051	0.01280	0.01799
16	0.01538	0.01025	0.01153	0.01153	0.01153	0.01025	0.00641	0.01538	0.01538	0.02050	0.03331	0.06919	0.03844	0.62842	0.05382	0.01025	0.01025	0.01538	0.00641	0.00641
17	0.16027	0.02556	0.02734	0.02132	0.02938	0.02758	0.01760	0.33960	0.04000	0.16779	0.02687	0.02612	0.01852	0.01226	0.00987	0.00321	0.01047	0.00907	0.01038	0.01682
18	0.02863	0.02281	0.02493	0.02196	0.02801	0.02563	0.01775	0.18529	0.30880	0.04841	0.04028	0.04969	0.03328	0.01653	0.01139	0.00370	0.00955	0.09699	0.01052	0.01584
19	0.44213	0.25802	0.03096	0.01552	0.02303	0.03073	0.01402	0.03130	0.01934	0.03871	0.01471	0.01709	0.01227	0.00952	0.00664	0.00288	0.00939	0.00570	0.00576	0.01227
20	0.16919	0.04064	0.31311	0.02449	0.03603	0.07059	0.02753	0.03696	0.02349	0.13166	0.02193	0.02342	0.01529	0.01061	0.00938	0.00327	0.01319	0.00780	0.00652	0.01489
21	0.01759	0.01569	0.02430	0.37449	0.05050	0.01808	0.02152	0.02343	0.02350	0.03049	0.14644	0.05190	0.12922	0.01577	0.01131	0.00349	0.01064	0.01373	0.00706	0.01087
22	0.02135	0.02081	0.03634	0.38188	0.06063	0.02249	0.12918	0.02837	0.02207	0.02977	0.01933	0.02714	0.01478	0.00974	0.01048	0.00318	0.01375	0.00948	0.00511	0.13413

[dist]
# distance from previous block
# <min> <max>
0	11

[block]
# block no. 4 follows, 13 sequences, length 101
# corresponding to MSA columns:
# 140-240
name=unknown_E
#
# <colnr> <probs for GDERKNQSTAVLIFYWHMCP>
#	G	D	E	R	K	N	Q	S	T	A	V	L	I	F	Y	W	H	M	C	P
0	0.02681	0.01971	0.03213	0.38766	0.14731	0.02210	0.02699	0.03310	0.02356	0.14249	0.02380	0.02948	0.01709	0.01090	0.01057	0.00340	0.01276	0.00966	0.00655	0.01392
1	0.12007	0.02089	0.02943	0.42026	0.05854	0.02512	0.02524	0.11353	0.02561	0.03671	0.01935	0.02615	0.01439	0.01083	0.01000	0.00343	0.01284	0.00890	0.00597	0.01278
2	0.43589	0.02198	0.02131	0.09966	0.03057	0.02546	0.01591	0.11785	0.06790	0.04758	0.01950	0.02201	0.01469	0.01080	0.00816	0.00332	0.00963	0.00742	0.00733	0.01306
3	0.02562	0.02456	0.04192	0.11279	0.51889	0.02498	0.03217	0.03197	0.02381	0.03387	0.01979	0.02635	0.01651	0.00952	0.01048	0.00317	0.01270	0.00942	0.00519	0.01630
4	0.42175	0.02354	0.02397	0.01931	0.02680	0.02610	0.04797	0.17953	0.02860	0.08437	0.01998	0.02151	0.01459	0.01081	0.00838	0.00326	0.00989	0.00760	0.00806	0.01397
5	0.03032	0.53080	0.05134	0.01916	0.02811	0.04028	0.01844	0.11680	0.02633	0.03205	0.01654	0.01841	0.01433	0.00967	0.00744	0.00242	0.01136	0.00632	0.00556	0.01433
6	0.11659	0.01903	0.02943	0.51968	0.06541	0.02352	0.02683	0.02759	0.02070	0.02990	0.01822	0.02663	0.01372	0.01046	0.01000	0.00349	0.01326	0.00888	0.00496	0.01170
7	0.02158	0.02044	0.03463	0.46266	0.20053	0.02392	0.03017	0.02843	0.02191	0.02898	0.01908	0.02766	0.01479	0.01027	0.01054	0.00342	0.01369	0.00940	0.00484	0.01305
8	0.03894	0.02996	0.02881	0.02337	0.03084	0.12369	0.01877	0.27911	0.12819	0.14398	0.02974	0.02859	0.02114	0.01274	0.01044	0.00318	0.01188	0.00967	0.01017	0.01678
9	0.02797	0.02465	0.02974	0.03484	0.19467	0.07098	0.02142	0.04478	0.26857	0.07408	0.06888	0.03608	0.03010	0.01293	0.01067	0.00334	0.01039	0.01114	0.00880	0.01598
10	0.02174	0.05099	0.50133	0.03218	0.04710	0.02486	0.10766	0.03354	0.02270	0.03354	0.01932	0.02320	0.01377	0.00989	0.01039	0.00338	0.01594	0.00847	0.00459	0.01543
11	0.01394	0.01041	0.01255	0.01393	0.01531	0.00991	0.00941	0.01730	0.05060	0.02736	0.06280	0.41448	0.15267	0.11507	0.01886	0.00496	0.00670	0.02551	0.00939	0.00881
12	0.12349	0.02778	0.10351	0.02185	0.03085	0.02442	0.01999	0.21110	0.06293	0.22416	0.02949	0.02819	0.02000	0.01217	0.01002	0.00327	0.01071	0.00930	0.01004	0.01675
13	0.02431	0.01834	0.02232	0.02196	0.05388	0.01937	0.01665	0.17416	0.07577	0.04451	0.13015	0.13634	0.05110	0.02115	0.01235	0.00382	0.00907	0.14153	0.01016	0.01306
14	0.02363	0.01554	0.02155	0.02372	0.11237	0.01503	0.01512	0.03048	0.07346	0.13184	0.28471	0.05803	0.06145	0.06821	0.01511	0.00389	0.00773	0.01501	0.01028	0.01285
15	0.01325	0.01043	0.01136	0.01164	0.01408	0.00919	0.00817	0.01554	0.02254	0.02811	0.12520	0.16777	0.36142	0.13061	0.01973	0.00480	0.00628	0.02195	0.00938	0.00853
16	0.02566	0.02480	0.12339	0.38806	0.05903	0.02209	0.02827	0.03301	0.02316	0.13638	0.02340	0.02874	0.01638	0.01098	0.01049	0.00344	0.01334	0.00937	0.00633	0.01366
17	0.07617	0.03509	0.03896	0.08383	0.11562	0.23870	0.14350	0.07998	0.02816	0.03417	0.01896	0.02355	0.01493	0.01027	0.01036	0.00313	0.01605	0.00893	0.00586	0.01379
18	0.02934	0.01744	0.01987	0.01722	0.02296	0.01780	0.01358	0.04334	0.22781	0.19820	0.05246	0.04911	0.12008	0.01582	0.01055	0.00333	0.00756	0.01305	0.10568	0.01481
19	0.01311	0.00951	0.01243	0.01468	0.01565	0.00884	0.01011	0.01520	0.02082	0.02741	0.06222	0.54708	0.11027	0.03235	0.01348	0.00427	0.00629	0.05779	0.00981	0.00869
20	0.02171	0.04400	0.40277	0.12735	0.04783	0.02462	0.03424	0.03558	0.09582	0.03389	0.02235	0.02575	0.01618	0.01074	0.01024	0.00341	0.01434	0.00867	0.00539	0.01512
21	0.02771	0.02378	0.04052	0.03054	0.03798	0.02439	0.24188	0.10440	0.07099	0.07651	0.02675	0.03090	0.02008	0.01163	0.01304	0.00340	0.06595	0.01115	0.12415	0.01425
22	0.03128	0.01972	0.02084	0.01811	0.02378	0.05156	0.01423	0.04601	0.23725	0.18853	0.03893	0.03729	0.02817	0.01328	0.00979	0.00316	0.00828	0.01075	0.18396	0.01507
23	0.01361	0.01075	0.01226	0.01188	0.01497	0.00940	0.00891	0.01734	0.02674	0.03483	0.31087	0.09144	0.35051	0.02444	0.01248	0.00346	0.00519	0.02087	0.01064	0.00940
24	0.01984	0.12004	0.02454	0.01753	0.02144	0.01797	0.04634	0.06373	0.02396	0.03254	0.04436	0.28853	0.06858	0.02217	0.01119	0.00355	0.00829	0.05008	0.10447	0.01088
25	0.02557	0.01528	0.01936	0.04283	0.02360	0.01525	0.01367	0.03523	0.13731	0.17450	0.21454	0.14169	0.05816	0.01919	0.01171	0.00353	0.00731	0.01670	0.01123	0.01333
26	0.02382	0.18111	0.32573	0.03317	0.12901	0.02917	0.03200	0.03233	0.02201	0.03113	0.01779	0.02180	0.01404	0.01029	0.01107	0.00315	0.05500	0.00769	0.00462	0.01506
27	0.01465	0.01387	0.05294	0.11682	0.02724	0.01221	0.01512	0.01808	0.02054	0.02743	0.04888	0.47973	0.05658	0.02771	0.01276	0.00410	0.00813	0.02503	0.00858	0.00960
28	0.01702	0.01112	0.01533	0.01641	0.01823	0.01118	0.01246	0.02004	0.02072	0.06436	0.04722	0.27245	0.05155	0.09478	0.15371	0.00792	0.01286	0.13438	0.00873	0.00952
29	0.02576	0.01867	0.02232	0.01613	0.02535	0.01431	0.01298	0.03036	0.02318	0.11489	0.02224	0.02404	0.01724	0.00862	0.00825	0.00182	0.00801	0.00692	0.00729	0.59162
30	0.01997	0.01879	0.03171	0.60301	0.07282	0.02349	0.02936	0.02701	0.02114	0.02701	0.01879	0.02819	0.01409	0.01057	0.01057	0.00352	0.01409	0.00940	0.00470	0.01175
31	0.03713	0.02539	0.02754	0.02163	0.02907	0.02763	0.01770	0.38647	0.07272	0.10627	0.02915	0.02913	0.02083	0.01277	0.01014	0.00311	0.01026	0.00981	0.10650	0.01676
32	0.02352	0.03852	0.25778	0.03905	0.05163	0.02590	0.33871	0.03372	0.02395	0.03372	0.02047	0.02615	0.01503	0.00935	0.01155	0.00348	0.01698	0.01069	0.00501	0.01478
33	0.01330	0.01061	0.01191	0.01186	0.01484	0.00923	0.00879	0.01663	0.02560	0.03277	0.24391	0.13816	0.37368	0.02569	0.01257	0.00355	0.00531	0.02196	0.01039	0.00923
34	0.08637	0.34696	0.04449	0.02190	0.02948	0.07067	0.08839	0.03045	0.02148	0.02817	0.01810	0.02298	0.01594	0.02129	0.10737	0.00510	0.01541	0.00768	0.00508	0.01268
35	0.01467	0.01080	0.01372	0.01299	0.01561	0.00985	0.00974	0.01938	0.02923	0.04075	0.50312	0.08170	0.15456	0.02223	0.01247	0.00335	0.00503	0.01950	0.01142	0.00985
36	0.02459	0.01867	0.02380	0.10222	0.03103	0.02115	0.01769	0.19517	0.02925	0.03962	0.02820	0.04126	0.02494	0.07928	0.23216	0.00905	0.01809	0.04378	0.00755	0.01253
37	0.02161	0.01371	0.01656	0.01484	0.01904	0.01301	0.01146	0.02946	0.10133	0.13025	0.29745	0.07098	0.17770	0.02025	0.01192	0.00341	0.00624	0.01735	0.01137	0.01208
38	0.02901	0.02589	0.05044	0.03688	0.04647	0.02475	0.36493	0.04006	0.09919	0.12741	0.02794	0.03135	0.02008	0.01040	0.01192	0.00352	0.01497	0.01209	0.00744	0.01525
39	0.01691	0.01285	0.01581	0.01471	0.01781	0.01278	0.01114	0.02618	0.11815	0.04271	0.46860	0.07219	0.08817	0.02037	0.01218	0.00337	0.00557	0.01789	0.01149	0.01114
40	0.01282	0.00946	0.01200	0.01403	0.01515	0.00865	0.00951	0.01480	0.02091	0.02726	0.06667	0.53221	0.15382	0.03203	0.01332	0.00417	0.00600	0.02873	0.00982	0.00865
41	0.02671	0.02964	0.04939	0.03668	0.04531	0.12044	0.36445	0.03400	0.02542	0.03328	0.02238	0.02844	0.01719	0.00974	0.01125	0.00326	0.01621	0.01113	0.10179	0.01329
42	0.04143	0.21121	0.03421	0.01859	0.02704	0.02378	0.01634	0.04530	0.02751	0.39909	0.03325	0.03003	0.02222	0.01182	0.00943	0.00296	0.00972	0.00907	0.01040	0.01661
43	0.02827	0.63478	0.05540	0.01809	0.02714	0.04184	0.01809	0.03166	0.02148	0.02488	0.01470	0.01696	0.01357	0.00905	0.00678	0.00226	0.01131	0.00565	0.00452	0.01357
44	0.70310	0.02045	0.01554	0.01390	0.02045	0.02372	0.01145	0.03108	0.01799	0.04744	0.01472	0.01718	0.01145	0.00981	0.00654	0.00327	0.00818	0.00573	0.00654	0.01145
45	0.58920	0.02202	0.01832	0.01570	0.02257	0.02528	0.01294	0.11632	0.02344	0.05074	0.01655	0.01859	0.01257	0.01031	0.00724	0.00325	0.00877	0.00638	0.00724	0.01257
46	0.02964	0.01775	0.02134	0.01857	0.02418	0.01816	0.01474	0.04398	0.22844	0.20769	0.16756	0.05255	0.04833	0.01657	0.01136	0.00350	0.00783	0.04108	0.01164	0.01509
47	0.02281	0.01980	0.02999	0.45122	0.06083	0.02376	0.02603	0.11186	0.02597	0.03382	0.02344	0.08051	0.01973	0.01294	0.01083	0.00353	0.01296	0.01126	0.00616	0.01254
48	0.09345	0.01459	0.01720	0.01439	0.01988	0.01374	0.01155	0.03774	0.02557	0.28725	0.03610	0.03584	0.02528	0.01245	0.00883	0.00291	0.00711	0.00985	0.31249	0.01379
49	0.04744	0.01799	0.02454	0.01881	0.02699	0.01554	0.01554	0.05153	0.03026	0.56979	0.04171	0.03599	0.02617	0.01309	0.01063	0.00327	0.00900	0.01063	0.01309	0.01799
50	0.07602	0.01607	0.01885	0.01612	0.02138	0.01577	0.01271	0.10380	0.02828	0.22633	0.03850	0.13479	0.03182	0.01605	0.00996	0.00321	0.00771	0.01328	0.19562	0.01373
51	0.01814	0.01167	0.01309	0.01221	0.01573	0.01018	0.00898	0.02075	0.02396	0.10489	0.12286	0.08495	0.35523	0.12778	0.01933	0.00466	0.00668	0.01920	0.00985	0.00986
52	0.03670	0.04466	0.02712	0.02478	0.02981	0.50449	0.01858	0.03973	0.02886	0.02779	0.01891	0.02195	0.01553	0.01110	0.00923	0.00269	0.01707	0.00724	0.10186	0.01192
53	0.16009	0.01842	0.02299	0.01797	0.02587	0.01695	0.01484	0.04801	0.02815	0.48004	0.03708	0.03276	0.02364	0.01252	0.00993	0.00327	0.00886	0.00979	0.01196	0.01687
54	0.04143	0.01674	0.02216	0.01742	0.02481	0.01440	0.01425	0.04528	0.02920	0.47680	0.05295	0.04729	0.11758	0.01544	0.01095	0.00332	0.00837	0.01264	0.01252	0.01644
55	0.01549	0.01079	0.01390	0.01394	0.01602	0.01025	0.01050	0.01968	0.02629	0.03704	0.35450	0.11736	0.08030	0.09203	0.01726	0.00436	0.00640	0.09226	0.05219	0.00943
56	0.01337	0.00955	0.01283	0.01528	0.01611	0.00901	0.01066	0.01556	0.02072	0.02754	0.05801	0.56260	0.06886	0.03267	0.01363	0.00436	0.00656	0.08417	0.00981	0.00872
57	0.04744	0.01799	0.02454	0.01881	0.02699	0.01554	0.01554	0.05153	0.03026	0.56979	0.04171	0.03599	0.02617	0.01309	0.01063	0.00327	0.00900	0.01063	0.01309	0.01799
58	0.01495	0.00997	0.01279	0.01436	0.01589	0.00907	0.00989	0.01706	0.02145	0.06063	0.06471	0.50613	0.14179	0.03092	0.01317	0.00412	0.00619	0.02768	0.01002	0.00922
59	0.03914	0.01616	0.02188	0.01740	0.02413	0.01412	0.01412	0.04346	0.03018	0.43500	0.17338	0.04698	0.04498	0.01527	0.01110	0.00329	0.00797	0.01280	0.01272	0.01594
60	0.03493	0.38533	0.04352	0.01972	0.02798	0.12107	0.01781	0.03839	0.02506	0.16389	0.02184	0.02214	0.01679	0.01037	0.00820	0.00259	0.01194	0.00710	0.00685	0.01449
61	0.04744	0.01799	0.02454	0.01881	0.02699	0.01554	0.01554	0.05153	0.03026	0.56979	0.04171	0.03599	0.02617	0.01309	0.01063	0.00327	0.00900	0.01063	0.01309	0.01799
62	0.62618	0.02016	0.01660	0.01448	0.02122	0.02276	0.01193	0.03348	0.01943	0.10872	0.01789	0.01938	0.01318	0.01020	0.00702	0.00327	0.00827	0.00630	0.00731	0.01222
63	0.01328	0.01074	0.01180	0.01153	0.01476	0.00926	0.00865	0.01669	0.02595	0.03295	0.24971	0.09453	0.41284	0.02514	0.01249	0.00349	0.00524	0.02130	0.01040	0.00926
64	0.02221	0.01921	0.02332	0.01893	0.06079	0.01483	0.01385	0.02701	0.02207	0.03446	0.01887	0.02221	0.01573	0.00794	0.00801	0.00167	0.00814	0.00647	0.00620	0.64808
65	0.01510	0.01079	0.01477	0.01700	0.01865	0.01047	0.01344	0.01866	0.02293	0.03033	0.08991	0.33481	0.06735	0.03041	0.01398	0.00452	0.00786	0.25988	0.00990	0.00925
66	0.02047	0.01929	0.03330	0.34195	0.16448	0.02155	0.06809	0.02662	0.02192	0.02917	0.02602	0.12974	0.02441	0.01407	0.01121	0.00358	0.01272	0.01321	0.00574	0.01247
67	0.12372	0.54789	0.04977	0.01750	0.02619	0.03927	0.01715	0.03158	0.02099	0.02807	0.01470	0.01699	0.01327	0.00915	0.00675	0.00240	0.01086	0.00566	0.00481	0.01327
68	0.01852	0.01482	0.01766	0.05483	0.02325	0.01548	0.01353	0.05597	0.13946	0.03644	0.14553	0.17992	0.15561	0.02276	0.01226	0.00377	0.00744	0.06118	0.01004	0.01153
69	0.01467	0.01081	0.01324	0.01342	0.01562	0.01004	0.00998	0.01807	0.02469	0.03295	0.25898	0.11897	0.18726	0.12887	0.01996	0.00486	0.00677	0.09192	0.00993	0.00901
70	0.13460	0.01711	0.02148	0.01717	0.02414	0.01574	0.01401	0.04321	0.02847	0.40529	0.12641	0.04071	0.03673	0.01409	0.01037	0.00328	0.00819	0.01140	0.01191	0.01569
71	0.07337	0.02149	0.02540	0.01976	0.02748	0.02147	0.01626	0.21448	0.03580	0.32508	0.03414	0.03169	0.02270	0.01273	0.01015	0.00317	0.00954	0.00995	0.06836	0.01700
72	0.01948	0.01116	0.01184	0.01148	0.01427	0.01134	0.00867	0.02664	0.06989	0.04036	0.12501	0.04622	0.04005	0.01410	0.00856	0.00271	0.00524	0.01163	0.51086	0.01049
73	0.03793	0.02007	0.02366	0.01899	0.02594	0.02025	0.01541	0.16253	0.10615	0.28272	0.03671	0.03450	0.02522	0.01304	0.01008	0.00315	0.00885	0.01042	0.12796	0.01641
74	0.04284	0.01698	0.02307	0.01803	0.02541	0.01475	0.01475	0.04706	0.03022	0.49519	0.11458	0.04207	0.03658	0.01429	0.01089	0.00328	0.00843	0.01183	0.01288	0.01686
75	0.58682	0.02084	0.01698	0.01521	0.02166	0.02416	0.01236	0.03539	0.10826	0.04689	0.01959	0.02100	0.01503	0.01059	0.00727	0.00333	0.00821	0.00680	0.00727	0.01236
76	0.01745	0.01483	0.02241	0.11970	0.02981	0.01858	0.01785	0.02151	0.01756	0.02514	0.02397	0.03579	0.02196	0.05608	0.38402	0.01236	0.13485	0.01061	0.00530	0.01024
77	0.01288	0.00920	0.01227	0.01472	0.01534	0.00859	0.00981	0.01472	0.02024	0.02699	0.05828	0.62152	0.06993	0.03312	0.01350	0.00429	0.00613	0.03006	0.00981	0.00859
78	0.02809	0.47409	0.16027	0.02062	0.03097	0.03652	0.02225	0.03336	0.02224	0.06288	0.01738	0.01933	0.01437	0.00952	0.00771	0.00255	0.01204	0.00643	0.00508	0.01429
79	0.46573	0.07441	0.02330	0.01710	0.02437	0.02771	0.01437	0.16648	0.02694	0.05079	0.01763	0.01940	0.01341	0.01054	0.00766	0.00316	0.00938	0.00675	0.00747	0.01341
80	0.02557	0.03455	0.19651	0.02459	0.03356	0.06255	0.02397	0.04815	0.34639	0.03966	0.03374	0.03274	0.02513	0.01277	0.01045	0.00345	0.01134	0.01032	0.00844	0.01609
81	0.03196	0.01918	0.02322	0.01781	0.02618	0.01672	0.01435	0.04076	0.11455	0.23084	0.03129	0.03005	0.02234	0.01086	0.00935	0.00253	0.00835	0.00883	0.00952	0.33132
82	0.01288	0.00920	0.01227	0.01472	0.01534	0.00859	0.00981	0.01472	0.02024	0.02699	0.05828	0.62152	0.06993	0.03312	0.01350	0.00429	0.00613	0.03006	0.00981	0.00859
83	0.01283	0.00941	0.01205	0.01415	0.01519	0.00864	0.00956	0.01479	0.02079	0.02721	0.06518	0.54800	0.13899	0.03223	0.01335	0.00419	0.00602	0.02896	0.00982	0.00864
84	0.02827	0.63478	0.05540	0.01809	0.02714	0.04184	0.01809	0.03166	0.02148	0.02488	0.01470	0.01696	0.01357	0.00905	0.00678	0.00226	0.01131	0.00565	0.00452	0.01357
85	0.01553	0.01295	0.02146	0.01996	0.02270	0.01214	0.09867	0.01923	0.02270	0.03066	0.12231	0.40950	0.06429	0.02708	0.01325	0.00407	0.00822	0.05616	0.00930	0.00984
86	0.03950	0.05039	0.02996	0.02724	0.03269	0.58597	0.02043	0.04222	0.02996	0.02588	0.01634	0.01907	0.01362	0.01090	0.00953	0.00272	0.01907	0.00681	0.00545	0.01226
87	0.01691	0.01957	0.11338	0.10080	0.02933	0.01589	0.01827	0.02168	0.01810	0.02544	0.02659	0.04313	0.02539	0.19237	0.27534	0.01109	0.01969	0.01144	0.00550	0.01008
88	0.01946	0.10426	0.05922	0.01782	0.02250	0.01875	0.01538	0.02907	0.12630	0.03574	0.19404	0.14852	0.05836	0.02053	0.01164	0.00360	0.00812	0.08536	0.00942	0.01193
89	0.02121	0.05469	0.57364	0.03014	0.04576	0.02455	0.03906	0.03348	0.02232	0.03348	0.01897	0.02232	0.01339	0.01005	0.01005	0.00335	0.01563	0.00781	0.00446	0.01563
90	0.02604	0.31063	0.29476	0.02426	0.03632	0.03298	0.02804	0.07661	0.02439	0.03260	0.01764	0.02021	0.01388	0.00984	0.00864	0.00285	0.01335	0.00700	0.00503	0.01492
91	0.17229	0.02368	0.02762	0.20316	0.04226	0.02739	0.02088	0.22407	0.07801	0.04818	0.02264	0.02579	0.01666	0.01157	0.00974	0.00334	0.01139	0.00890	0.00790	0.01454
92	0.65951	0.02028	0.01614	0.01423	0.02088	0.02318	0.01172	0.03244	0.01881	0.08217	0.01652	0.01843	0.01243	0.01003	0.00682	0.00327	0.00823	0.00605	0.00698	0.01189
93	0.43075	0.01971	0.02141	0.19888	0.03744	0.02292	0.01743	0.03163	0.02007	0.08753	0.01840	0.02230	0.01359	0.01034	0.00817	0.00335	0.01010	0.00731	0.00655	0.01213
94	0.70310	0.02045	0.01554	0.01390	0.02045	0.02372	0.01145	0.03108	0.01799	0.04744	0.01472	0.01718	0.01145	0.00981	0.00654	0.00327	0.00818	0.00573	0.00654	0.01145
95	0.02025	0.01687	0.02005	0.01509	0.02283	0.01310	0.01191	0.02502	0.02385	0.03637	0.14833	0.03566	0.03591	0.01115	0.00895	0.00199	0.00715	0.00936	0.00756	0.52861
96	0.02385	0.27674	0.33570	0.06496	0.04042	0.03117	0.03028	0.03233	0.02192	0.02971	0.01731	0.02065	0.01351	0.00969	0.00882	0.00294	0.01385	0.00709	0.00450	0.01456
97	0.01504	0.01019	0.01265	0.01294	0.01497	0.00950	0.00936	0.01898	0.02551	0.03668	0.29848	0.22501	0.10909	0.02357	0.01189	0.00346	0.00532	0.02079	0.12707	0.00950
98	0.03045	0.01700	0.02171	0.01840	0.02232	0.01813	0.01425	0.06642	0.06979	0.20955	0.03142	0.03896	0.02535	0.12303	0.02592	0.10213	0.10079	0.01104	0.04072	0.01263
99	0.01627	0.01234	0.01519	0.01447	0.01734	0.01211	0.01083	0.02439	0.10142	0.04065	0.41905	0.12273	0.10874	0.02185	0.01232	0.00346	0.00559	0.01923	0.01127	0.01076
100	0.03794	0.01561	0.02067	0.01660	0.02299	0.01378	0.01343	0.04230	0.02906	0.40416	0.12921	0.04386	0.03895	0.01444	0.01049	0.00317	0.00773	0.01198	0.10817	0.01546

[dist]
# distance from previous block
# <min> <max>
4	36

[block]
# block no. 5 follows, 13 sequences, length 53
# corresponding to MSA columns:
# 280-332
name=unknown_F
#
# <colnr> <probs for GDERKNQSTAVLIFYWHMCP>
#	G	D	E	R	K	N	Q	S	T	A	V	L	I	F	Y	W	H	M	C	P
0	0.06870	0.01981	0.08035	0.02612	0.10618	0.01653	0.04590	0.04879	0.02347	0.03336	0.04642	0.25518	0.09786	0.02191	0.01195	0.00382	0.00946	0.06434	0.00810	0.01173
1	0.06169	0.36365	0.07113	0.10905	0.03481	0.03476	0.02080	0.03317	0.07733	0.02898	0.01855	0.02189	0.01558	0.01069	0.01016	0.00289	0.05877	0.00731	0.00534	0.01347
2	0.02153	0.01974	0.03194	0.15442	0.22321	0.02032	0.06272	0.05210	0.02531	0.03415	0.09352	0.07547	0.11078	0.01501	0.01134	0.00340	0.01098	0.01377	0.00705	0.01323
3	0.01403	0.01053	0.01300	0.01288	0.01535	0.00950	0.00947	0.01796	0.02698	0.03658	0.36818	0.16926	0.20814	0.02468	0.01264	0.00354	0.00526	0.02162	0.01091	0.00950
4	0.01866	0.01358	0.01682	0.01529	0.01852	0.01352	0.01168	0.09703	0.03152	0.04396	0.40885	0.11178	0.08111	0.02414	0.04194	0.00409	0.00730	0.01812	0.01102	0.01106
5	0.01790	0.01578	0.07528	0.01705	0.02075	0.01211	0.01448	0.02192	0.02231	0.08124	0.08844	0.28632	0.09752	0.03404	0.10038	0.00595	0.01096	0.05793	0.00904	0.01061
6	0.01668	0.11035	0.08002	0.01651	0.02075	0.01586	0.01447	0.02068	0.02296	0.03050	0.14055	0.29194	0.10706	0.02409	0.01187	0.00367	0.00786	0.04498	0.00875	0.01045
7	0.02090	0.02149	0.04102	0.03111	0.03842	0.02040	0.29523	0.02957	0.07057	0.03405	0.09198	0.10969	0.11425	0.01597	0.01244	0.00362	0.01258	0.01648	0.00760	0.01264
8	0.02455	0.02757	0.13523	0.02552	0.03324	0.02284	0.07633	0.11124	0.15691	0.04072	0.03709	0.05626	0.03305	0.01704	0.01191	0.00385	0.01171	0.15196	0.00861	0.01438
9	0.12986	0.41835	0.09666	0.08189	0.03285	0.03542	0.02032	0.03124	0.02099	0.02939	0.01556	0.01872	0.01328	0.00942	0.00747	0.00266	0.01155	0.00628	0.00485	0.01325
10	0.26080	0.03586	0.02554	0.02216	0.02863	0.27750	0.01736	0.14468	0.03030	0.04198	0.01778	0.01982	0.01385	0.01093	0.00877	0.00300	0.01381	0.00704	0.00694	0.01324
11	0.02369	0.02236	0.03673	0.27742	0.31836	0.02457	0.02982	0.03236	0.06874	0.03237	0.02149	0.02815	0.01705	0.01032	0.01053	0.00333	0.01281	0.00963	0.00551	0.01474
12	0.02027	0.01237	0.01557	0.01572	0.01856	0.01179	0.01139	0.02577	0.07941	0.12182	0.08567	0.38348	0.10320	0.02650	0.01257	0.00393	0.00673	0.02352	0.01057	0.01117
13	0.03730	0.02218	0.02605	0.02006	0.02836	0.02157	0.01637	0.18967	0.08977	0.24252	0.03185	0.03005	0.02203	0.01194	0.01001	0.00290	0.00946	0.00947	0.01056	0.16788
14	0.02120	0.01342	0.01694	0.01525	0.01989	0.01173	0.01224	0.02558	0.02670	0.12141	0.21994	0.07486	0.14749	0.02046	0.01187	0.00338	0.00702	0.10479	0.01038	0.11547
15	0.02710	0.20401	0.35128	0.02519	0.03792	0.02779	0.02987	0.03576	0.02331	0.11318	0.02131	0.02298	0.01539	0.01024	0.00926	0.00305	0.01346	0.00767	0.00580	0.01544
16	0.02785	0.01834	0.02144	0.01835	0.02426	0.01874	0.01441	0.04352	0.25421	0.16120	0.16833	0.04695	0.04621	0.01529	0.01090	0.00327	0.00762	0.01294	0.01110	0.07505
17	0.01531	0.01034	0.01193	0.01180	0.01218	0.01021	0.00695	0.01608	0.01760	0.02385	0.11336	0.07069	0.04781	0.53565	0.04749	0.00919	0.00945	0.01595	0.00721	0.00695
18	0.02372	0.17932	0.34612	0.03269	0.09846	0.02873	0.08434	0.03300	0.02260	0.03170	0.01836	0.02218	0.01407	0.00963	0.00961	0.00310	0.01455	0.00799	0.00465	0.01514
19	0.03133	0.12343	0.17269	0.07841	0.03680	0.02497	0.02369	0.09133	0.05390	0.17468	0.02611	0.02679	0.01843	0.01108	0.00968	0.00304	0.01173	0.00865	0.00785	0.06540
20	0.01834	0.01133	0.01486	0.01447	0.01721	0.01053	0.01106	0.02274	0.02732	0.08946	0.33913	0.15928	0.07866	0.02270	0.01231	0.00357	0.00606	0.07039	0.06006	0.01050
21	0.01781	0.01493	0.01980	0.01914	0.02066	0.01744	0.01493	0.02327	0.06785	0.03193	0.15282	0.23229	0.05656	0.02449	0.01904	0.00417	0.17386	0.06962	0.00885	0.01056
22	0.02629	0.13418	0.26568	0.11604	0.04549	0.02620	0.09272	0.03476	0.02345	0.10587	0.02173	0.02505	0.01565	0.01024	0.00999	0.00322	0.01405	0.00869	0.00582	0.01486
23	0.01816	0.01055	0.01414	0.01535	0.01712	0.00965	0.01069	0.02035	0.02177	0.10997	0.05574	0.53200	0.06324	0.03006	0.01306	0.00414	0.00657	0.02709	0.01031	0.01003
24	0.07756	0.01688	0.02182	0.01719	0.02440	0.01510	0.01408	0.04634	0.02838	0.46133	0.03919	0.03553	0.02554	0.01280	0.00992	0.00315	0.00833	0.01026	0.11579	0.01641
25	0.02382	0.01705	0.02693	0.11216	0.03375	0.01705	0.09404	0.06710	0.02742	0.11808	0.16741	0.16339	0.04964	0.01827	0.01195	0.00357	0.00977	0.01676	0.00935	0.01249
26	0.03073	0.12426	0.17161	0.03330	0.11842	0.07005	0.10621	0.03770	0.02521	0.14756	0.02356	0.02580	0.01713	0.01034	0.01010	0.00312	0.01371	0.00901	0.00667	0.01552
27	0.70310	0.02045	0.01554	0.01390	0.02045	0.02372	0.01145	0.03108	0.01799	0.04744	0.01472	0.01718	0.01145	0.00981	0.00654	0.00327	0.00818	0.00573	0.00654	0.01145
28	0.01971	0.00985	0.00985	0.00985	0.01232	0.00985	0.00739	0.02464	0.02217	0.03942	0.03449	0.03942	0.02710	0.01232	0.00739	0.00246	0.00493	0.00985	0.68712	0.00985
29	0.02393	0.11735	0.09442	0.36138	0.10279	0.02597	0.02795	0.03070	0.02225	0.06774	0.01996	0.02623	0.01506	0.01036	0.00993	0.00326	0.01333	0.00875	0.00531	0.01334
30	0.03045	0.02628	0.14620	0.02114	0.02945	0.01947	0.02021	0.04335	0.16400	0.22084	0.12424	0.04111	0.03738	0.01418	0.01085	0.00338	0.00964	0.01179	0.01029	0.01577
31	0.02027	0.01351	0.01628	0.01445	0.01838	0.01275	0.01118	0.07681	0.03081	0.09274	0.34981	0.07410	0.18571	0.02098	0.01209	0.00336	0.00617	0.01797	0.01126	0.01138
32	0.07906	0.02361	0.02972	0.02266	0.03105	0.02380	0.05435	0.24188	0.03708	0.29785	0.03212	0.03011	0.02130	0.01244	0.01052	0.00325	0.01067	0.01005	0.01114	0.01735
33	0.13182	0.02587	0.10509	0.18238	0.13313	0.02396	0.05887	0.03281	0.02226	0.10029	0.02096	0.02589	0.01565	0.01109	0.01212	0.00346	0.06526	0.00896	0.00613	0.01400
34	0.01725	0.01111	0.01449	0.01399	0.01592	0.01088	0.00995	0.02028	0.02276	0.06986	0.23549	0.11891	0.06192	0.19907	0.12391	0.00770	0.01090	0.01717	0.00909	0.00935
35	0.01594	0.01141	0.01570	0.01764	0.01974	0.01116	0.01461	0.02026	0.02443	0.03242	0.13299	0.20718	0.06850	0.02878	0.01407	0.00452	0.00834	0.33272	0.01004	0.00956
36	0.02030	0.01944	0.03374	0.56604	0.07166	0.02371	0.06211	0.02747	0.02139	0.02747	0.01896	0.02821	0.01422	0.01046	0.01070	0.00353	0.01434	0.00960	0.00474	0.01191
37	0.10749	0.02682	0.12319	0.03264	0.15163	0.02153	0.07686	0.03630	0.06544	0.13915	0.03476	0.03583	0.07710	0.01249	0.01042	0.00334	0.01133	0.01087	0.00772	0.01506
38	0.03562	0.02128	0.03246	0.08040	0.03677	0.02078	0.11659	0.09513	0.07064	0.28067	0.03819	0.03725	0.05784	0.01299	0.01112	0.00339	0.01121	0.01163	0.01009	0.01596
39	0.01422	0.01016	0.01381	0.01625	0.01745	0.00974	0.01214	0.01704	0.02156	0.02849	0.05754	0.45963	0.06700	0.03186	0.01385	0.00448	0.00730	0.17873	0.00979	0.00896
40	0.01576	0.01304	0.01893	0.08525	0.10506	0.01289	0.01510	0.01922	0.02228	0.02953	0.09241	0.33907	0.14065	0.02515	0.01247	0.00384	0.00776	0.02257	0.00869	0.01033
41	0.07664	0.03714	0.27742	0.03419	0.12075	0.02320	0.09989	0.03659	0.02414	0.13516	0.02341	0.02597	0.01653	0.01034	0.01031	0.00333	0.01369	0.00909	0.00647	0.01575
42	0.02231	0.02200	0.03221	0.17793	0.03952	0.03006	0.02476	0.02585	0.01748	0.02585	0.01516	0.02445	0.01394	0.01643	0.02840	0.00434	0.45374	0.00929	0.00465	0.01161
43	0.02439	0.01820	0.02055	0.01884	0.02363	0.01982	0.01443	0.04333	0.32800	0.09191	0.13127	0.13472	0.04874	0.01831	0.01145	0.00362	0.00752	0.01579	0.01099	0.01448
44	0.07826	0.02343	0.03964	0.25031	0.20313	0.02529	0.12472	0.06681	0.02457	0.03503	0.01977	0.02660	0.01531	0.01001	0.01060	0.00338	0.01373	0.00972	0.00555	0.01411
45	0.02797	0.02010	0.03021	0.20497	0.15143	0.02202	0.02351	0.03541	0.06972	0.15641	0.03248	0.03547	0.05883	0.01320	0.01305	0.00350	0.06875	0.01085	0.00766	0.01446
46	0.01307	0.00934	0.01243	0.01460	0.01538	0.00871	0.00983	0.01518	0.02110	0.02835	0.10230	0.57362	0.07256	0.03211	0.01340	0.00421	0.00603	0.02909	0.00998	0.00871
47	0.04139	0.01841	0.02400	0.01918	0.02619	0.01719	0.01570	0.11488	0.03107	0.40470	0.03812	0.04009	0.02673	0.01647	0.01387	0.06975	0.00945	0.04503	0.01166	0.01610
48	0.03270	0.01815	0.02193	0.01845	0.02442	0.01799	0.01460	0.11449	0.11431	0.24616	0.09979	0.12025	0.07453	0.01764	0.01133	0.00347	0.00826	0.01487	0.01153	0.01512
49	0.03360	0.01739	0.02183	0.01880	0.02479	0.01702	0.01509	0.04441	0.16288	0.29449	0.09013	0.09153	0.04080	0.01719	0.01142	0.00359	0.00834	0.05945	0.01179	0.01547
50	0.07117	0.02024	0.02948	0.38994	0.09093	0.02427	0.02534	0.03444	0.14227	0.03298	0.02420	0.02987	0.01830	0.01132	0.01032	0.00349	0.01224	0.00973	0.00627	0.01321
51	0.33839	0.05349	0.02737	0.10877	0.03420	0.02431	0.06526	0.07336	0.02384	0.12870	0.02124	0.02366	0.01533	0.01057	0.00873	0.00328	0.01058	0.00804	0.00743	0.01346
52	0.07153	0.01857	0.01830	0.05953	0.02410	0.10025	0.01378	0.02626	0.02501	0.08967	0.13135	0.19665	0.11655	0.02133	0.01163	0.00359	0.00905	0.04274	0.00918	0.01093

[dist]
