[name]
unknown

[dist]
# distance from previous block
# <min> <max>
0	38

[block]
# block no. 0 follows, 12 sequences, length 27
# corresponding to MSA columns:
# 38-64
name=unknown_A
#
# <colnr> <probs for GDERKNQSTAVLIFYWHMCP>
#	G	D	E	R	K	N	Q	S	T	A	V	L	I	F	Y	W	H	M	C	P
0	0.01831	0.01153	0.01510	0.01573	0.01828	0.01061	0.01189	0.02177	0.02523	0.08976	0.16239	0.29733	0.12531	0.02803	0.01346	0.00413	0.00696	0.10287	0.01086	0.01045
1	0.01796	0.11795	0.02395	0.01726	0.02034	0.01851	0.01393	0.02147	0.01819	0.02503	0.02718	0.04074	0.02596	0.11255	0.43309	0.01432	0.02464	0.01100	0.00570	0.01022
2	0.01746	0.01328	0.01633	0.01519	0.01839	0.01321	0.01150	0.02707	0.11749	0.04405	0.45634	0.07436	0.09078	0.02099	0.01255	0.00348	0.00575	0.01843	0.01184	0.01150
3	0.02510	0.02003	0.02314	0.01741	0.02641	0.01682	0.01388	0.03442	0.11123	0.07104	0.02526	0.02669	0.01983	0.00959	0.00879	0.00209	0.00825	0.00777	0.00772	0.52454
4	0.03723	0.04630	0.03121	0.12589	0.04090	0.47761	0.02267	0.04081	0.02932	0.02689	0.01729	0.02130	0.01413	0.01118	0.01002	0.00295	0.01877	0.00749	0.00548	0.01255
5	0.01445	0.01160	0.01573	0.11419	0.02585	0.01162	0.01317	0.01750	0.02204	0.02825	0.06567	0.38195	0.18073	0.02847	0.01313	0.00410	0.00755	0.02529	0.00920	0.00951
6	0.01915	0.01235	0.01352	0.01250	0.01701	0.01039	0.00963	0.02217	0.02596	0.12107	0.09873	0.09314	0.45441	0.02516	0.01255	0.00363	0.00618	0.02092	0.01071	0.01083
7	0.69383	0.02109	0.01603	0.01434	0.02109	0.02446	0.01181	0.03205	0.01856	0.04892	0.01518	0.01771	0.01181	0.01012	0.00675	0.00337	0.00843	0.00590	0.00675	0.01181
8	0.01558	0.01168	0.01752	0.01752	0.01947	0.01363	0.01363	0.01947	0.01752	0.02531	0.02921	0.04283	0.02726	0.08178	0.57360	0.01752	0.02921	0.01168	0.00584	0.00974
9	0.11059	0.01800	0.02319	0.01827	0.02589	0.01625	0.01497	0.04745	0.02989	0.44902	0.09475	0.03998	0.03373	0.01411	0.01074	0.00338	0.00874	0.01141	0.01265	0.01697
10	0.02059	0.01938	0.03270	0.59060	0.07510	0.02422	0.03028	0.02786	0.02180	0.02786	0.01938	0.02907	0.01453	0.01090	0.01090	0.00363	0.01453	0.00969	0.00484	0.01211
11	0.01410	0.01071	0.01298	0.01322	0.01568	0.00959	0.00961	0.01769	0.02651	0.03530	0.28746	0.21750	0.23628	0.02688	0.01313	0.00375	0.00555	0.02351	0.01095	0.00959
12	0.03347	0.01463	0.01982	0.01757	0.02262	0.01292	0.01347	0.03668	0.02673	0.32722	0.05042	0.28534	0.04655	0.02245	0.01224	0.00383	0.00800	0.01965	0.01203	0.01435
13	0.03510	0.01622	0.02100	0.01783	0.02324	0.01496	0.01371	0.07602	0.02826	0.31503	0.04482	0.18447	0.03927	0.09648	0.01745	0.00456	0.00892	0.01653	0.01155	0.01458
14	0.03748	0.01750	0.02213	0.01814	0.02475	0.01655	0.01457	0.04654	0.11688	0.34247	0.11355	0.04439	0.03896	0.01489	0.01092	0.00335	0.00815	0.01236	0.08010	0.01631
15	0.02355	0.01241	0.01598	0.01535	0.01848	0.01120	0.01106	0.02611	0.02405	0.17349	0.08730	0.28931	0.10682	0.10983	0.01884	0.00487	0.00758	0.02178	0.01067	0.01133
16	0.01936	0.01194	0.01651	0.01600	0.01854	0.01246	0.01213	0.02312	0.02158	0.08710	0.10769	0.10672	0.04335	0.08896	0.29753	0.01100	0.01817	0.01484	0.06246	0.01053
17	0.08795	0.02251	0.02705	0.02087	0.02929	0.02219	0.01724	0.19690	0.03673	0.36970	0.03591	0.03241	0.02335	0.01315	0.01068	0.00334	0.01008	0.01028	0.01224	0.01812
18	0.01575	0.01065	0.01255	0.01308	0.01340	0.01058	0.00810	0.01646	0.01734	0.02304	0.03953	0.13531	0.04552	0.49382	0.04686	0.00934	0.01005	0.06405	0.00734	0.00720
19	0.14450	0.01901	0.02486	0.08221	0.03081	0.02101	0.01790	0.03740	0.02360	0.24627	0.02883	0.03150	0.02093	0.02332	0.09451	0.00566	0.11470	0.00983	0.00882	0.01432
20	0.01509	0.01185	0.01572	0.07217	0.02225	0.01174	0.01226	0.01931	0.02543	0.03413	0.25403	0.13427	0.19238	0.03224	0.09246	0.00563	0.00974	0.01963	0.00972	0.00996
21	0.04786	0.02026	0.02636	0.02021	0.02868	0.01855	0.01669	0.11840	0.03406	0.48706	0.04062	0.03556	0.02579	0.01344	0.01096	0.00336	0.00966	0.01080	0.01313	0.01855
22	0.02045	0.01440	0.01639	0.01549	0.01746	0.01491	0.01045	0.11811	0.02449	0.03273	0.03951	0.20514	0.04392	0.33739	0.03525	0.00743	0.00974	0.01864	0.00843	0.00967
23	0.02894	0.02477	0.03139	0.11261	0.12670	0.02824	0.02304	0.14158	0.24029	0.04499	0.03115	0.03267	0.02367	0.01324	0.01239	0.00358	0.04465	0.01082	0.00880	0.01648
24	0.12702	0.22387	0.03853	0.02205	0.02918	0.03549	0.01932	0.20115	0.03099	0.04429	0.01891	0.02170	0.01535	0.01247	0.01335	0.00324	0.11307	0.00790	0.00719	0.01493
25	0.11647	0.01789	0.01998	0.01538	0.02316	0.01505	0.01221	0.02666	0.02377	0.03916	0.12895	0.03429	0.03378	0.01136	0.00889	0.00225	0.00751	0.00917	0.00767	0.44641
26	0.15196	0.02065	0.02079	0.09817	0.02968	0.07412	0.01533	0.03064	0.06431	0.06493	0.06342	0.04501	0.11449	0.04711	0.03938	0.00427	0.01091	0.01181	0.00786	0.08516

[dist]
# distance from previous block
# <min> <max>
0	9

[block]
# block no. 1 follows, 12 sequences, length 93
# corresponding to MSA columns:
# 74-86,94-161,164-175
name=unknown_B
#
# <colnr> <probs for GDERKNQSTAVLIFYWHMCP>
#	G	D	E	R	K	N	Q	S	T	A	V	L	I	F	Y	W	H	M	C	P
0	0.03257	0.01939	0.03032	0.07322	0.03481	0.01851	0.10737	0.04017	0.07612	0.25402	0.04597	0.10213	0.08289	0.01622	0.01183	0.00363	0.01066	0.01468	0.01032	0.01517
1	0.02389	0.01553	0.01703	0.01574	0.01936	0.01642	0.01227	0.12346	0.05967	0.04242	0.03754	0.05530	0.03362	0.10611	0.01684	0.00435	0.00830	0.08428	0.29614	0.01174
2	0.01697	0.01282	0.01590	0.01513	0.01805	0.01267	0.01132	0.02565	0.10449	0.04246	0.42134	0.12678	0.08946	0.02232	0.01270	0.00357	0.00578	0.01971	0.01168	0.01119
3	0.02636	0.01425	0.01844	0.01720	0.02118	0.01355	0.01328	0.03229	0.07014	0.18936	0.13051	0.17348	0.05561	0.08411	0.01710	0.00461	0.00821	0.08651	0.01115	0.01266
4	0.03117	0.01613	0.02027	0.01794	0.02276	0.01553	0.01359	0.06959	0.07925	0.24271	0.04659	0.22529	0.04295	0.08326	0.01658	0.00449	0.00858	0.01801	0.01126	0.01404
5	0.01558	0.01168	0.01752	0.01752	0.01947	0.01363	0.01363	0.01947	0.01752	0.02531	0.02921	0.04283	0.02726	0.08178	0.57360	0.01752	0.02921	0.01168	0.00584	0.00974
6	0.02634	0.01289	0.01642	0.01482	0.01755	0.01203	0.01021	0.02746	0.02110	0.19131	0.03842	0.11293	0.03719	0.31457	0.03595	0.06642	0.00962	0.01532	0.00899	0.01046
7	0.01825	0.01083	0.01411	0.01512	0.01662	0.01007	0.01023	0.02010	0.02127	0.09335	0.05330	0.44030	0.06056	0.13665	0.02104	0.00540	0.00746	0.02574	0.00991	0.00968
8	0.15912	0.02884	0.02971	0.02315	0.03152	0.03213	0.01912	0.42579	0.04537	0.06515	0.02419	0.02465	0.01733	0.01255	0.01016	0.00329	0.01136	0.00911	0.01016	0.01733
9	0.01586	0.01057	0.01189	0.01189	0.01189	0.01057	0.00661	0.01586	0.01586	0.02114	0.03436	0.07135	0.03964	0.61681	0.05550	0.01057	0.01057	0.01586	0.00661	0.00661
10	0.02018	0.01224	0.01582	0.01429	0.01786	0.01103	0.01094	0.02494	0.03029	0.11900	0.42335	0.07724	0.13726	0.02153	0.01258	0.00345	0.00580	0.01875	0.01203	0.01141
11	0.02033	0.01016	0.01016	0.01016	0.01270	0.01016	0.00762	0.02541	0.02287	0.04065	0.03557	0.04065	0.02795	0.01270	0.00762	0.00254	0.00508	0.01016	0.67734	0.01016
12	0.02915	0.62337	0.05714	0.01866	0.02799	0.04314	0.01866	0.03265	0.02215	0.02565	0.01516	0.01749	0.01399	0.00933	0.00700	0.00233	0.01166	0.00583	0.00466	0.01399
13	0.02592	0.05073	0.48020	0.02933	0.04429	0.02393	0.03665	0.03732	0.02425	0.11266	0.02308	0.02513	0.01579	0.01083	0.01045	0.00344	0.01509	0.00849	0.00594	0.01648
14	0.01322	0.00972	0.01241	0.01456	0.01565	0.00891	0.00985	0.01525	0.02147	0.02808	0.06764	0.53411	0.14283	0.03318	0.01376	0.00432	0.00621	0.02980	0.01012	0.00891
15	0.02915	0.62337	0.05714	0.01866	0.02799	0.04314	0.01866	0.03265	0.02215	0.02565	0.01516	0.01749	0.01399	0.00933	0.00700	0.00233	0.01166	0.00583	0.00466	0.01399
16	0.69383	0.02109	0.01603	0.01434	0.02109	0.02446	0.01181	0.03205	0.01856	0.04892	0.01518	0.01771	0.01181	0.01012	0.00675	0.00337	0.00843	0.00590	0.00675	0.01181
17	0.02483	0.01926	0.03160	0.50507	0.06802	0.02300	0.02815	0.03164	0.02321	0.10699	0.02292	0.03027	0.01640	0.01129	0.01091	0.00359	0.01375	0.00988	0.00614	0.01308
18	0.01904	0.01112	0.01265	0.01220	0.01322	0.01092	0.00747	0.02012	0.01807	0.06473	0.03520	0.06415	0.03693	0.48051	0.04494	0.00882	0.00965	0.01463	0.10756	0.00805
19	0.04892	0.01856	0.02530	0.01940	0.02783	0.01603	0.01603	0.05314	0.03121	0.55634	0.04302	0.03711	0.02699	0.01350	0.01096	0.00337	0.00928	0.01096	0.01350	0.01856
20	0.02059	0.01938	0.03270	0.59060	0.07510	0.02422	0.03028	0.02786	0.02180	0.02786	0.01938	0.02907	0.01453	0.01090	0.01090	0.00363	0.01453	0.00969	0.00484	0.01211
21	0.02515	0.01735	0.02540	0.03091	0.14476	0.01725	0.02097	0.03235	0.06425	0.11272	0.04596	0.08181	0.04470	0.02178	0.01317	0.00426	0.01049	0.26363	0.00957	0.01353
22	0.01554	0.01020	0.01194	0.01270	0.01316	0.01001	0.00777	0.01664	0.01809	0.02518	0.04224	0.23035	0.04821	0.37869	0.03801	0.00789	0.00872	0.01983	0.07715	0.00765
23	0.12742	0.10399	0.11066	0.02571	0.03342	0.36329	0.02243	0.03954	0.02715	0.03085	0.01686	0.01968	0.01369	0.01076	0.00921	0.00294	0.01679	0.00691	0.00553	0.01318
24	0.02574	0.02941	0.06434	0.04596	0.05699	0.02757	0.50919	0.03493	0.02574	0.03493	0.02206	0.02941	0.01654	0.00919	0.01287	0.00368	0.01838	0.01287	0.00551	0.01471
25	0.03095	0.02271	0.02399	0.02015	0.02636	0.02527	0.01607	0.22791	0.20749	0.05338	0.03490	0.03497	0.02608	0.01357	0.01010	0.00322	0.00901	0.01077	0.18719	0.01589
26	0.03847	0.02906	0.03104	0.02448	0.03268	0.03242	0.02000	0.41790	0.15065	0.06391	0.02996	0.02919	0.02161	0.01344	0.01095	0.00336	0.01130	0.01034	0.01095	0.01828
27	0.02507	0.02891	0.13157	0.02376	0.03154	0.02524	0.02192	0.04954	0.37477	0.04203	0.04079	0.04572	0.03245	0.01550	0.01136	0.00379	0.01028	0.05981	0.00968	0.01627
28	0.01450	0.01000	0.01229	0.01363	0.01396	0.00967	0.00846	0.01550	0.01851	0.02468	0.04795	0.35566	0.05679	0.30910	0.03354	0.00733	0.00833	0.02385	0.00846	0.00779
29	0.69383	0.02109	0.01603	0.01434	0.02109	0.02446	0.01181	0.03205	0.01856	0.04892	0.01518	0.01771	0.01181	0.01012	0.00675	0.00337	0.00843	0.00590	0.00675	0.01181
30	0.04036	0.02235	0.03437	0.02926	0.08407	0.02110	0.10409	0.07761	0.07443	0.33917	0.03622	0.03440	0.02424	0.01246	0.01129	0.00344	0.01134	0.01122	0.01094	0.01765
31	0.02007	0.01197	0.01585	0.01482	0.01794	0.01090	0.01112	0.02452	0.02918	0.11773	0.38444	0.16639	0.08618	0.02303	0.01276	0.00359	0.00597	0.02036	0.01190	0.01128
32	0.01366	0.00976	0.01308	0.01561	0.01641	0.00918	0.01077	0.01583	0.02124	0.02825	0.05989	0.56714	0.07130	0.03381	0.01402	0.00448	0.00665	0.06985	0.01011	0.00896
33	0.02915	0.62337	0.05714	0.01866	0.02799	0.04314	0.01866	0.03265	0.02215	0.02565	0.01516	0.01749	0.01399	0.00933	0.00700	0.00233	0.01166	0.00583	0.00466	0.01399
34	0.01757	0.01255	0.01757	0.02008	0.02259	0.01255	0.01757	0.02259	0.02510	0.03263	0.05773	0.12299	0.06275	0.03012	0.01506	0.00502	0.01004	0.47540	0.01004	0.01004
35	0.01855	0.01190	0.01517	0.01391	0.01726	0.01072	0.01059	0.02324	0.03000	0.09510	0.42607	0.08034	0.16106	0.02217	0.01267	0.00346	0.00563	0.01930	0.01188	0.01099
36	0.02568	0.02197	0.02340	0.02146	0.02704	0.02521	0.01651	0.05348	0.47604	0.04376	0.04602	0.10008	0.03734	0.01681	0.01139	0.00377	0.00839	0.01428	0.01099	0.01638
37	0.02860	0.56079	0.05466	0.01970	0.02805	0.04213	0.01920	0.03198	0.02159	0.02571	0.01507	0.01816	0.01403	0.01035	0.01000	0.00259	0.07275	0.00622	0.00468	0.01378
38	0.02059	0.01938	0.03270	0.59060	0.07510	0.02422	0.03028	0.02786	0.02180	0.02786	0.01938	0.02907	0.01453	0.01090	0.01090	0.00363	0.01453	0.00969	0.00484	0.01211
39	0.01438	0.01033	0.01363	0.01444	0.01606	0.00959	0.01021	0.01793	0.02596	0.03593	0.30606	0.34065	0.08778	0.02811	0.01338	0.00392	0.00572	0.02525	0.01108	0.00959
40	0.04814	0.01981	0.02608	0.01999	0.02846	0.01788	0.01652	0.10108	0.03330	0.50544	0.04126	0.03597	0.02611	0.01345	0.01096	0.00336	0.00956	0.01085	0.01323	0.01855
41	0.02712	0.02342	0.02465	0.02219	0.02835	0.02712	0.01726	0.05794	0.52909	0.04561	0.04438	0.04068	0.03328	0.01479	0.01109	0.00370	0.00863	0.01233	0.01109	0.01726
42	0.03165	0.02403	0.02599	0.02235	0.02916	0.02702	0.01767	0.12894	0.40194	0.10256	0.04137	0.03803	0.03031	0.01439	0.01105	0.00360	0.00923	0.01179	0.01132	0.01760
43	0.40627	0.01761	0.01575	0.01391	0.01972	0.01914	0.01125	0.03332	0.02167	0.12255	0.02513	0.02712	0.01866	0.01136	0.00763	0.00314	0.00761	0.00787	0.19792	0.01235
44	0.01328	0.00949	0.01265	0.01518	0.01581	0.00886	0.01012	0.01518	0.02088	0.02783	0.06010	0.60969	0.07212	0.03416	0.01392	0.00443	0.00633	0.03100	0.01012	0.00886
45	0.01328	0.00949	0.01265	0.01518	0.01581	0.00886	0.01012	0.01518	0.02088	0.02783	0.06010	0.60969	0.07212	0.03416	0.01392	0.00443	0.00633	0.03100	0.01012	0.00886
46	0.02977	0.01551	0.01931	0.01743	0.02249	0.01480	0.01373	0.03754	0.10186	0.23125	0.05415	0.15946	0.09346	0.02053	0.01184	0.00374	0.00795	0.06128	0.06986	0.01403
47	0.01693	0.01371	0.01537	0.01467	0.01833	0.01350	0.01107	0.02664	0.13748	0.03791	0.24467	0.11205	0.24977	0.02331	0.01254	0.00364	0.00612	0.01998	0.01100	0.01133
48	0.01356	0.00970	0.01290	0.01500	0.01588	0.00904	0.01014	0.01587	0.02214	0.02985	0.12141	0.54262	0.07602	0.03265	0.01378	0.00430	0.00618	0.02957	0.01036	0.00904
49	0.10184	0.01887	0.02038	0.01709	0.02303	0.01981	0.01371	0.13402	0.09417	0.15772	0.03426	0.03460	0.02485	0.01295	0.00934	0.00310	0.00817	0.01009	0.24729	0.01471
50	0.02244	0.01709	0.01904	0.07340	0.02633	0.07111	0.01588	0.02728	0.02636	0.07402	0.12186	0.07688	0.08138	0.02108	0.01222	0.00384	0.00965	0.17941	0.10956	0.01116
51	0.02061	0.01670	0.06940	0.05283	0.02414	0.01303	0.01481	0.02499	0.02520	0.11123	0.17410	0.20571	0.11012	0.06792	0.01573	0.00427	0.00819	0.01964	0.00995	0.01144
52	0.02032	0.10512	0.02439	0.01776	0.02143	0.01965	0.01434	0.07275	0.02279	0.03121	0.07207	0.04267	0.03184	0.09596	0.34478	0.01204	0.02138	0.01161	0.00679	0.01112
53	0.02445	0.02608	0.10417	0.01931	0.02986	0.01815	0.01783	0.07876	0.02564	0.03882	0.02011	0.02304	0.01605	0.00894	0.00871	0.00206	0.00969	0.00705	0.00664	0.51465
54	0.03009	0.08626	0.13126	0.17020	0.04708	0.02486	0.08698	0.03948	0.06930	0.16580	0.02754	0.02996	0.01942	0.01143	0.01071	0.00342	0.01317	0.00998	0.00762	0.01543
55	0.07334	0.01239	0.01602	0.01573	0.01800	0.01218	0.01160	0.02316	0.01996	0.10597	0.03610	0.12604	0.03656	0.11705	0.02894	0.23209	0.00922	0.08858	0.00803	0.00902
56	0.02354	0.02167	0.03193	0.11095	0.03631	0.02662	0.07154	0.06538	0.06582	0.03171	0.02291	0.03347	0.02037	0.08075	0.08370	0.00618	0.23752	0.01101	0.00617	0.01246
57	0.01528	0.01099	0.01365	0.01399	0.01558	0.01014	0.00932	0.01746	0.02135	0.02941	0.13818	0.29608	0.06301	0.20760	0.02591	0.00587	0.00756	0.02214	0.00908	0.06741
58	0.09418	0.01757	0.01988	0.01725	0.02252	0.01763	0.01339	0.10132	0.07850	0.08040	0.18200	0.13834	0.05269	0.01844	0.01119	0.00336	0.00771	0.01563	0.01030	0.09770
59	0.02355	0.01243	0.01397	0.01292	0.01573	0.01230	0.00917	0.02848	0.05512	0.11161	0.03686	0.05049	0.03210	0.21697	0.02452	0.00545	0.00780	0.01235	0.30750	0.01069
60	0.01377	0.01046	0.01269	0.01344	0.01560	0.00938	0.00958	0.01688	0.02501	0.03291	0.21463	0.29710	0.23171	0.02867	0.01329	0.00390	0.00573	0.02521	0.01066	0.00938
61	0.03526	0.01962	0.02352	0.01925	0.02555	0.01960	0.01539	0.18891	0.03573	0.22460	0.11224	0.11260	0.04112	0.01721	0.01138	0.00343	0.00890	0.01435	0.05579	0.01557
62	0.01325	0.00962	0.01251	0.01482	0.01572	0.00889	0.00996	0.01522	0.02122	0.02798	0.06450	0.56557	0.11340	0.03359	0.01383	0.00436	0.00626	0.03030	0.01012	0.00889
63	0.01327	0.01053	0.01193	0.01270	0.01525	0.00919	0.00910	0.01597	0.02409	0.03030	0.13557	0.27310	0.34190	0.02931	0.01323	0.00391	0.00576	0.02539	0.01031	0.00919
64	0.13121	0.01481	0.01760	0.01664	0.02056	0.01471	0.01311	0.02968	0.02291	0.16129	0.04065	0.07029	0.03922	0.19238	0.02442	0.00596	0.00975	0.15399	0.00938	0.01143
65	0.01328	0.00949	0.01265	0.01518	0.01581	0.00886	0.01012	0.01518	0.02088	0.02783	0.06010	0.60969	0.07212	0.03416	0.01392	0.00443	0.00633	0.03100	0.01012	0.00886
66	0.02915	0.62337	0.05714	0.01866	0.02799	0.04314	0.01866	0.03265	0.02215	0.02565	0.01516	0.01749	0.01399	0.00933	0.00700	0.00233	0.01166	0.00583	0.00466	0.01399
67	0.01368	0.01108	0.01215	0.01188	0.01522	0.00954	0.00891	0.01719	0.02673	0.03392	0.24587	0.09758	0.40616	0.02595	0.01288	0.00360	0.00540	0.02198	0.01071	0.00954
68	0.09353	0.02069	0.02178	0.01814	0.02277	0.02251	0.01354	0.24366	0.03225	0.04552	0.02876	0.04555	0.02732	0.28269	0.03044	0.00654	0.01101	0.01214	0.00858	0.01255
69	0.04145	0.03054	0.03272	0.02509	0.03381	0.03381	0.02072	0.51243	0.05127	0.06872	0.02618	0.02618	0.01854	0.01309	0.01091	0.00327	0.01200	0.00982	0.01091	0.01854
70	0.02385	0.02385	0.03340	0.02863	0.02863	0.03340	0.02385	0.02624	0.01670	0.02624	0.01431	0.02385	0.01431	0.01908	0.03578	0.00477	0.59685	0.00954	0.00477	0.01193
71	0.01894	0.00947	0.01420	0.01420	0.01420	0.00947	0.00947	0.01420	0.01420	0.01894	0.01894	0.03314	0.01894	0.03788	0.04261	0.68277	0.00947	0.00947	0.00473	0.00473
72	0.01560	0.01065	0.01290	0.01378	0.01428	0.01052	0.00895	0.01673	0.01825	0.02421	0.04303	0.18728	0.04963	0.41186	0.04109	0.00851	0.00964	0.08771	0.00783	0.00757
73	0.02545	0.02858	0.05971	0.04336	0.05274	0.02845	0.43652	0.03363	0.02438	0.03363	0.02090	0.02858	0.01621	0.01067	0.01630	0.00384	0.10500	0.01237	0.00540	0.01429
74	0.01930	0.10401	0.02349	0.01987	0.02340	0.01713	0.01773	0.02410	0.02466	0.03159	0.05136	0.10719	0.05545	0.02701	0.01385	0.00462	0.01028	0.40509	0.00924	0.01063
75	0.01718	0.01410	0.02144	0.10448	0.02875	0.01726	0.01718	0.02143	0.01808	0.02579	0.02619	0.03881	0.02401	0.06467	0.43362	0.01412	0.08582	0.01116	0.00558	0.01032
76	0.04568	0.02376	0.02852	0.02187	0.03043	0.02375	0.01807	0.25253	0.03992	0.34466	0.03571	0.03237	0.02332	0.01332	0.01094	0.00333	0.01046	0.01047	0.01237	0.01855
77	0.02723	0.02390	0.03259	0.02702	0.03394	0.02588	0.11661	0.10573	0.29180	0.04445	0.03958	0.04890	0.03246	0.01575	0.01202	0.00384	0.01123	0.08146	0.00979	0.01583
78	0.01613	0.01213	0.01534	0.01711	0.01891	0.01226	0.01253	0.02292	0.09774	0.03136	0.05732	0.43670	0.06461	0.03053	0.01370	0.00443	0.00734	0.10836	0.01025	0.01033
79	0.03655	0.01706	0.02208	0.01859	0.02482	0.01594	0.01469	0.04443	0.10394	0.34343	0.08989	0.14079	0.04239	0.01804	0.01166	0.00361	0.00831	0.01541	0.01242	0.01596
80	0.02610	0.01547	0.02003	0.07284	0.02672	0.01532	0.01510	0.07912	0.02878	0.15300	0.11332	0.14467	0.09947	0.02092	0.01212	0.00373	0.00852	0.07466	0.05731	0.01279
81	0.63023	0.02409	0.01747	0.01568	0.02232	0.07788	0.01271	0.03317	0.01976	0.04676	0.01534	0.01790	0.01203	0.01023	0.00705	0.00332	0.00953	0.00601	0.00664	0.01189
82	0.03741	0.02299	0.03267	0.03680	0.21092	0.02261	0.02267	0.13481	0.03291	0.24143	0.06675	0.03450	0.02722	0.01270	0.01103	0.00331	0.01082	0.01091	0.01004	0.01752
83	0.03925	0.02373	0.02853	0.08108	0.03491	0.02516	0.01937	0.21111	0.13169	0.23514	0.03497	0.03315	0.02396	0.01333	0.01096	0.00343	0.01065	0.01069	0.01124	0.01764
84	0.10199	0.02606	0.02702	0.02255	0.02981	0.02955	0.01810	0.23907	0.28295	0.05530	0.03399	0.03244	0.02510	0.01362	0.01057	0.00349	0.00997	0.01065	0.01057	0.01721
85	0.02385	0.02385	0.03340	0.02863	0.02863	0.03340	0.02385	0.02624	0.01670	0.02624	0.01431	0.02385	0.01431	0.01908	0.03578	0.00477	0.59685	0.00954	0.00477	0.01193
86	0.02699	0.02591	0.04426	0.06693	0.54879	0.02591	0.03346	0.03346	0.02483	0.03562	0.02051	0.02699	0.01727	0.00972	0.01079	0.00324	0.01295	0.00972	0.00540	0.01727
87	0.03121	0.56023	0.05381	0.01873	0.02797	0.04031	0.01838	0.03479	0.02310	0.08105	0.01807	0.01954	0.01535	0.00976	0.00741	0.00244	0.01141	0.00637	0.00559	0.01447
88	0.01917	0.01498	0.01791	0.01692	0.02057	0.01558	0.01314	0.03201	0.18001	0.04314	0.34289	0.07350	0.07781	0.02085	0.01256	0.00367	0.00670	0.06471	0.01153	0.01236
89	0.12749	0.14773	0.03714	0.13243	0.13279	0.10295	0.02357	0.03234	0.02239	0.03161	0.01701	0.02261	0.01443	0.01152	0.01307	0.00332	0.10091	0.00797	0.00529	0.01344
90	0.13527	0.03072	0.08390	0.02323	0.03252	0.02966	0.02066	0.34377	0.04065	0.05898	0.02318	0.02424	0.01681	0.01187	0.00995	0.00314	0.01151	0.00872	0.00920	0.08203
91	0.02877	0.02441	0.03365	0.24534	0.14398	0.02774	0.02616	0.17315	0.10682	0.04374	0.02529	0.02959	0.01901	0.01190	0.01091	0.00347	0.01263	0.01013	0.00763	0.01569
92	0.03616	0.02771	0.03272	0.16835	0.04427	0.03138	0.02315	0.38967	0.04380	0.05837	0.02446	0.02691	0.01753	0.01253	0.01091	0.00336	0.01264	0.00978	0.00937	0.01691

[dist]
# distance from previous block
# <min> <max>
0	2

[block]
# block no. 2 follows, 12 sequences, length 37
# corresponding to MSA columns:
# 178-214
name=unknown_C
#
# <colnr> <probs for GDERKNQSTAVLIFYWHMCP>
#	G	D	E	R	K	N	Q	S	T	A	V	L	I	F	Y	W	H	M	C	P
0	0.02293	0.01303	0.01882	0.11155	0.02696	0.01339	0.01419	0.02378	0.01989	0.10877	0.03191	0.09142	0.03080	0.13191	0.03011	0.23360	0.01029	0.05008	0.00733	0.00926
1	0.01395	0.01070	0.01284	0.01365	0.01604	0.00960	0.01004	0.01714	0.02495	0.03233	0.18522	0.25861	0.26167	0.02869	0.01338	0.00397	0.00605	0.06123	0.01053	0.00940
2	0.01629	0.01236	0.01520	0.01492	0.01762	0.01206	0.01100	0.02385	0.09217	0.03952	0.34410	0.19112	0.11953	0.02426	0.01286	0.00370	0.00587	0.02143	0.01135	0.01080
3	0.02130	0.02010	0.03398	0.53254	0.12762	0.02441	0.03063	0.02848	0.02214	0.02872	0.01951	0.02884	0.01484	0.01077	0.01089	0.00359	0.01436	0.00969	0.00491	0.01268
4	0.02321	0.01525	0.01830	0.01730	0.02064	0.01604	0.01262	0.03339	0.16370	0.10729	0.04328	0.16947	0.04140	0.16693	0.09410	0.00717	0.01132	0.01687	0.00952	0.01221
5	0.01558	0.01168	0.01752	0.01752	0.01947	0.01363	0.01363	0.01947	0.01752	0.02531	0.02921	0.04283	0.02726	0.08178	0.57360	0.01752	0.02921	0.01168	0.00584	0.00974
6	0.01558	0.01168	0.01752	0.01752	0.01947	0.01363	0.01363	0.01947	0.01752	0.02531	0.02921	0.04283	0.02726	0.08178	0.57360	0.01752	0.02921	0.01168	0.00584	0.00974
7	0.07724	0.02772	0.09906	0.15407	0.04391	0.02566	0.05477	0.14706	0.08655	0.13400	0.02772	0.02958	0.01954	0.01205	0.01071	0.00348	0.01242	0.00997	0.00856	0.01592
8	0.03743	0.04066	0.03664	0.03001	0.03689	0.30418	0.09502	0.16882	0.03464	0.03936	0.02000	0.02322	0.01567	0.01200	0.01247	0.00321	0.05943	0.00885	0.00698	0.01451
9	0.02059	0.01938	0.03270	0.59060	0.07510	0.02422	0.03028	0.02786	0.02180	0.02786	0.01938	0.02907	0.01453	0.01090	0.01090	0.00363	0.01453	0.00969	0.00484	0.01211
10	0.01353	0.01006	0.01269	0.01467	0.01610	0.00921	0.01030	0.01585	0.02205	0.02855	0.07071	0.46418	0.17258	0.03245	0.01378	0.00431	0.00644	0.06340	0.01012	0.00902
11	0.01586	0.01057	0.01189	0.01189	0.01189	0.01057	0.00661	0.01586	0.01586	0.02114	0.03436	0.07135	0.03964	0.61681	0.05550	0.01057	0.01057	0.01586	0.00661	0.00661
12	0.01757	0.01255	0.01757	0.02008	0.02259	0.01255	0.01757	0.02259	0.02510	0.03263	0.05773	0.12299	0.06275	0.03012	0.01506	0.00502	0.01004	0.47540	0.01004	0.01004
13	0.69383	0.02109	0.01603	0.01434	0.02109	0.02446	0.01181	0.03205	0.01856	0.04892	0.01518	0.01771	0.01181	0.01012	0.00675	0.00337	0.00843	0.00590	0.00675	0.01181
14	0.02607	0.01335	0.01753	0.01560	0.01890	0.01288	0.01139	0.02873	0.02254	0.19130	0.08858	0.05577	0.03965	0.25565	0.14516	0.00904	0.01349	0.01386	0.00915	0.01137
15	0.02033	0.01016	0.01016	0.01016	0.01270	0.01016	0.00762	0.02541	0.02287	0.04065	0.03557	0.04065	0.02795	0.01270	0.00762	0.00254	0.00508	0.01016	0.67734	0.01016
16	0.02033	0.01016	0.01016	0.01016	0.01270	0.01016	0.00762	0.02541	0.02287	0.04065	0.03557	0.04065	0.02795	0.01270	0.00762	0.00254	0.00508	0.01016	0.67734	0.01016
17	0.01467	0.01112	0.01352	0.01292	0.01582	0.00997	0.00969	0.01911	0.02907	0.03947	0.41419	0.08844	0.23438	0.02388	0.01287	0.00350	0.00526	0.02070	0.01144	0.00997
18	0.18794	0.01913	0.01860	0.01581	0.02129	0.02095	0.01271	0.17884	0.03069	0.05138	0.02777	0.03065	0.02116	0.01221	0.00844	0.00297	0.00804	0.00904	0.30923	0.01317
19	0.02786	0.01354	0.01528	0.01361	0.01794	0.01332	0.01063	0.03540	0.07720	0.16446	0.03826	0.03981	0.02827	0.01311	0.00878	0.00286	0.00645	0.01058	0.44973	0.01290
20	0.02187	0.05640	0.56031	0.03108	0.04719	0.02532	0.04029	0.03453	0.02302	0.03453	0.01957	0.02302	0.01381	0.01036	0.01036	0.00345	0.01611	0.00806	0.00460	0.01611
21	0.01521	0.01114	0.01427	0.01348	0.01615	0.01019	0.01011	0.02015	0.03034	0.04248	0.50520	0.08350	0.14149	0.02276	0.01286	0.00345	0.00518	0.02001	0.01184	0.01019
22	0.01671	0.01061	0.01430	0.01615	0.01765	0.00991	0.01155	0.01919	0.02225	0.07103	0.05842	0.50115	0.06728	0.03198	0.01383	0.00442	0.00704	0.08636	0.01038	0.00979
23	0.01558	0.01168	0.01752	0.01752	0.01947	0.01363	0.01363	0.01947	0.01752	0.02531	0.02921	0.04283	0.02726	0.08178	0.57360	0.01752	0.02921	0.01168	0.00584	0.00974
24	0.01356	0.00970	0.01290	0.01499	0.01588	0.00904	0.01014	0.01587	0.02216	0.02987	0.12202	0.54196	0.07606	0.03264	0.01378	0.00430	0.00617	0.02955	0.01036	0.00904
25	0.03270	0.01839	0.02146	0.01757	0.02340	0.01851	0.01410	0.17201	0.03486	0.18104	0.14050	0.04407	0.04060	0.01501	0.01051	0.00315	0.00816	0.01226	0.17693	0.01475
26	0.01751	0.01083	0.01421	0.01516	0.01714	0.00987	0.01067	0.02017	0.02369	0.08875	0.12882	0.43777	0.10416	0.02976	0.01337	0.00412	0.00643	0.02665	0.01076	0.01015
27	0.01758	0.01448	0.02074	0.01960	0.02088	0.01804	0.01535	0.02072	0.01715	0.02510	0.02618	0.04125	0.02544	0.12211	0.39144	0.01376	0.16300	0.01160	0.00566	0.00994
28	0.02572	0.01316	0.01784	0.01724	0.02096	0.01201	0.01340	0.02935	0.02623	0.19948	0.11613	0.26963	0.05993	0.02530	0.01305	0.00407	0.00780	0.10491	0.01142	0.01235
29	0.02679	0.01582	0.01954	0.01815	0.02214	0.01559	0.01360	0.12693	0.02942	0.14959	0.04937	0.36542	0.05128	0.02534	0.01266	0.00396	0.00814	0.02229	0.01101	0.01295
30	0.03640	0.02341	0.03159	0.03311	0.15586	0.02451	0.02186	0.11318	0.12033	0.22126	0.03283	0.03254	0.02342	0.01324	0.01311	0.00351	0.06184	0.01061	0.00995	0.01743
31	0.02008	0.14130	0.02280	0.01455	0.01702	0.01675	0.01104	0.01849	0.01742	0.02192	0.03121	0.04234	0.08706	0.08108	0.03230	0.39111	0.00953	0.01098	0.00557	0.00746
32	0.02510	0.09829	0.03068	0.06122	0.08408	0.02140	0.01751	0.06321	0.02476	0.03611	0.01944	0.02310	0.01605	0.00895	0.00861	0.00213	0.00975	0.00717	0.00633	0.43610
33	0.08090	0.03045	0.16415	0.13769	0.04780	0.02301	0.15917	0.03075	0.02293	0.03423	0.02292	0.07045	0.01930	0.01165	0.01082	0.00338	0.01398	0.01106	0.00575	0.09959
34	0.01657	0.01201	0.01525	0.01572	0.01755	0.01251	0.01122	0.02156	0.08434	0.02787	0.04867	0.22702	0.09910	0.08888	0.14362	0.10911	0.01235	0.01905	0.00822	0.00937
35	0.02696	0.02912	0.10608	0.10831	0.04540	0.07881	0.17602	0.03425	0.02586	0.09039	0.03059	0.04789	0.02645	0.01462	0.01221	0.00380	0.01495	0.10738	0.00714	0.01377
36	0.13142	0.01914	0.02610	0.18072	0.04029	0.01954	0.01948	0.04301	0.02676	0.33519	0.03240	0.03211	0.02133	0.01229	0.01035	0.00345	0.01065	0.00989	0.01009	0.01578

[dist]
# distance from previous block
# <min> <max>
12	35

[block]
# block no. 3 follows, 12 sequences, length 40
# corresponding to MSA columns:
# 255-294
name=unknown_D
#
# <colnr> <probs for GDERKNQSTAVLIFYWHMCP>
#	G	D	E	R	K	N	Q	S	T	A	V	L	I	F	Y	W	H	M	C	P
0	0.02844	0.02103	0.02430	0.01833	0.02728	0.01852	0.01473	0.08639	0.09710	0.10373	0.02645	0.02726	0.02010	0.01020	0.00915	0.00229	0.00872	0.00818	0.00843	0.43937
1	0.02528	0.01513	0.02098	0.01873	0.02277	0.01454	0.04755	0.03174	0.08550	0.16311	0.07844	0.24709	0.04957	0.10507	0.01847	0.00481	0.00872	0.01959	0.01039	0.01250
2	0.02545	0.01334	0.01777	0.01657	0.02032	0.01229	0.01294	0.02933	0.02694	0.18663	0.18788	0.13170	0.06184	0.09477	0.01804	0.00470	0.00810	0.10817	0.01119	0.01205
3	0.11016	0.02047	0.02410	0.01980	0.02729	0.02066	0.01599	0.05251	0.19770	0.33021	0.04052	0.03625	0.02750	0.01357	0.01056	0.00348	0.00897	0.01089	0.01197	0.01740
4	0.01784	0.01606	0.02832	0.09222	0.03325	0.01573	0.13506	0.02312	0.02506	0.03415	0.18482	0.24475	0.06034	0.02179	0.01299	0.00386	0.00994	0.02071	0.00889	0.01110
5	0.01493	0.01044	0.01317	0.01410	0.01508	0.01001	0.00950	0.01712	0.02168	0.02941	0.15721	0.27765	0.06725	0.22767	0.02778	0.00632	0.00776	0.05508	0.00934	0.00850
6	0.22129	0.01821	0.02077	0.01685	0.02416	0.01740	0.01379	0.04213	0.02684	0.34355	0.04473	0.04120	0.09473	0.01453	0.01007	0.00342	0.00852	0.01125	0.01117	0.01540
7	0.01465	0.01106	0.01551	0.08477	0.02312	0.01104	0.01261	0.01791	0.02319	0.03134	0.16162	0.42270	0.07190	0.02872	0.01332	0.00411	0.00706	0.02592	0.00990	0.00957
8	0.02157	0.01207	0.01627	0.01646	0.01930	0.01109	0.01239	0.02495	0.02535	0.13988	0.14203	0.33138	0.06702	0.02725	0.01328	0.00412	0.00723	0.08595	0.01114	0.01127
9	0.04732	0.02113	0.02689	0.02062	0.02912	0.01984	0.01703	0.15159	0.03551	0.45182	0.03941	0.03477	0.02518	0.01341	0.01095	0.00335	0.00986	0.01072	0.01294	0.01855
10	0.01787	0.01105	0.01425	0.01491	0.01719	0.00998	0.01061	0.02064	0.02413	0.09458	0.13519	0.39322	0.13674	0.02901	0.01326	0.00405	0.00640	0.02581	0.01081	0.01029
11	0.02261	0.01938	0.02261	0.01615	0.02584	0.01453	0.01292	0.02745	0.02261	0.03553	0.01938	0.02261	0.01615	0.00807	0.00807	0.00161	0.00807	0.00646	0.00646	0.68346
12	0.53904	0.01856	0.01518	0.01418	0.01947	0.02109	0.01105	0.02828	0.01855	0.04340	0.02268	0.09534	0.02210	0.07756	0.01280	0.00427	0.00841	0.01001	0.00714	0.01090
13	0.01725	0.01127	0.01369	0.01339	0.01419	0.01139	0.00853	0.01903	0.05237	0.02570	0.10835	0.06210	0.04405	0.35449	0.04313	0.16218	0.00937	0.01475	0.00730	0.00745
14	0.03420	0.01501	0.02012	0.01712	0.02245	0.01331	0.01325	0.03775	0.02788	0.33205	0.12021	0.16076	0.04831	0.06675	0.01537	0.00416	0.00818	0.01666	0.01205	0.01444
15	0.01729	0.01356	0.01597	0.01536	0.01861	0.01358	0.01148	0.02720	0.13664	0.03980	0.30333	0.14952	0.14926	0.02311	0.01263	0.00366	0.00612	0.02017	0.01126	0.01144
16	0.02699	0.02591	0.04426	0.06693	0.54879	0.02591	0.03346	0.03346	0.02483	0.03562	0.02051	0.02699	0.01727	0.00972	0.01079	0.00324	0.01295	0.00972	0.00540	0.01727
17	0.02574	0.02941	0.06434	0.04596	0.05699	0.02757	0.50919	0.03493	0.02574	0.03493	0.02206	0.02941	0.01654	0.00919	0.01287	0.00368	0.01838	0.01287	0.00551	0.01471
18	0.01944	0.01226	0.01491	0.01443	0.01708	0.01164	0.01029	0.02334	0.06174	0.08585	0.12605	0.16778	0.16015	0.11849	0.02297	0.08732	0.00752	0.01915	0.00962	0.00996
19	0.02621	0.01418	0.01693	0.01495	0.01947	0.01362	0.01165	0.03403	0.08879	0.16771	0.18496	0.05631	0.09116	0.01702	0.01074	0.00322	0.00660	0.01431	0.19510	0.01304
20	0.04073	0.05197	0.03090	0.02809	0.03371	0.57303	0.02107	0.04354	0.03090	0.02669	0.01685	0.01966	0.01404	0.01124	0.00983	0.00281	0.01966	0.00702	0.00562	0.01264
21	0.01644	0.01059	0.01362	0.01319	0.01521	0.00990	0.00957	0.01853	0.02479	0.03467	0.29742	0.06810	0.13505	0.02654	0.02062	0.19024	0.00638	0.01658	0.06395	0.00860
22	0.02737	0.01373	0.01811	0.01572	0.02038	0.01221	0.01224	0.03175	0.02979	0.22953	0.29163	0.10750	0.10413	0.02036	0.01225	0.00350	0.00678	0.01761	0.01227	0.01313
23	0.02574	0.02941	0.06434	0.04596	0.05699	0.02757	0.50919	0.03493	0.02574	0.03493	0.02206	0.02941	0.01654	0.00919	0.01287	0.00368	0.01838	0.01287	0.00551	0.01471
24	0.01328	0.00949	0.01265	0.01518	0.01581	0.00886	0.01012	0.01518	0.02088	0.02783	0.06010	0.60969	0.07212	0.03416	0.01392	0.00443	0.00633	0.03100	0.01012	0.00886
25	0.06971	0.01843	0.02984	0.37330	0.05626	0.02133	0.06231	0.02707	0.02394	0.03359	0.13859	0.04019	0.03462	0.01330	0.01120	0.00357	0.01225	0.01195	0.00667	0.01188
26	0.03515	0.03243	0.02885	0.02454	0.03145	0.15513	0.01932	0.21004	0.25097	0.04915	0.03182	0.03088	0.02381	0.01339	0.01074	0.00335	0.01232	0.01025	0.00977	0.01663
27	0.04813	0.01983	0.02609	0.02000	0.02847	0.01792	0.01653	0.10198	0.03334	0.50448	0.04123	0.03595	0.02609	0.01345	0.01096	0.00336	0.00957	0.01084	0.01322	0.01855
28	0.03228	0.01563	0.01975	0.01706	0.02244	0.01476	0.01393	0.07394	0.02990	0.24748	0.11177	0.05657	0.04265	0.01709	0.01110	0.00344	0.00808	0.08416	0.16380	0.01417
29	0.02583	0.14491	0.09895	0.09685	0.04238	0.02669	0.16022	0.03469	0.06269	0.07432	0.09578	0.03499	0.02955	0.01212	0.01092	0.00333	0.01308	0.01134	0.00710	0.01427
30	0.08125	0.02122	0.03278	0.06359	0.03585	0.02098	0.14093	0.07430	0.06508	0.16568	0.04231	0.08741	0.08866	0.01543	0.01160	0.00361	0.01135	0.01408	0.00930	0.01460
31	0.01388	0.00991	0.01334	0.01586	0.01676	0.00937	0.01116	0.01621	0.02146	0.02850	0.05977	0.54204	0.07081	0.03360	0.01408	0.00451	0.00684	0.09277	0.01011	0.00902
32	0.01968	0.01189	0.01457	0.01338	0.01688	0.01075	0.01022	0.02423	0.02860	0.10275	0.32606	0.07504	0.17070	0.02094	0.01191	0.00335	0.00571	0.01798	0.10429	0.01106
33	0.03524	0.02957	0.17954	0.06510	0.03808	0.01964	0.06009	0.04229	0.02715	0.29843	0.03422	0.06852	0.02447	0.01342	0.01112	0.00350	0.01208	0.01147	0.00955	0.01650
34	0.02138	0.01743	0.02236	0.02044	0.02262	0.02089	0.01583	0.08302	0.06339	0.03230	0.03184	0.12667	0.03203	0.11588	0.17328	0.00861	0.15874	0.01450	0.00738	0.01141
35	0.02814	0.54456	0.12707	0.02038	0.03065	0.04067	0.02166	0.03291	0.02228	0.02689	0.01577	0.01826	0.01397	0.00947	0.00746	0.00249	0.01228	0.00614	0.00466	0.01429
36	0.02748	0.02136	0.02978	0.07193	0.06613	0.05569	0.09071	0.03403	0.06184	0.12595	0.03298	0.11417	0.02943	0.07859	0.01591	0.00408	0.01153	0.01355	0.00819	0.10668
37	0.02599	0.07694	0.11003	0.10940	0.11494	0.05659	0.08998	0.03284	0.02540	0.07252	0.08480	0.03273	0.02685	0.01159	0.01064	0.00314	0.01291	0.01039	0.00670	0.08560
38	0.06845	0.02670	0.10148	0.08004	0.23239	0.02299	0.10027	0.03241	0.02339	0.07376	0.02387	0.03337	0.02006	0.09449	0.01703	0.00440	0.01337	0.01070	0.00616	0.01466
39	0.02746	0.15792	0.10933	0.16238	0.04350	0.02706	0.05362	0.03702	0.08548	0.10470	0.02791	0.03546	0.02216	0.01269	0.01044	0.00340	0.01256	0.04514	0.00717	0.01460

[dist]
# distance from previous block
# <min> <max>
0	92

# created by:
# /st0/software/busco_prod/Augustus/scripts/msa2prfl.pl ./align_prep/5594.fa
