[name]
unknown

[dist]
# distance from previous block
# <min> <max>
0	1133

[block]
# block no. 0 follows, 14 sequences, length 6
# corresponding to MSA columns:
# 1190-1195
name=unknown_A
#
# <colnr> <probs for GDERKNQSTAVLIFYWHMCP>
#	G	D	E	R	K	N	Q	S	T	A	V	L	I	F	Y	W	H	M	C	P
0	0.02032	0.23185	0.02947	0.01843	0.02302	0.02181	0.01689	0.02455	0.02266	0.02843	0.04042	0.08128	0.04313	0.02155	0.01154	0.00385	0.00998	0.33238	0.00769	0.01074
1	0.02589	0.02071	0.03530	0.30686	0.21365	0.02228	0.06799	0.03218	0.02310	0.11890	0.02236	0.02802	0.01650	0.01019	0.01039	0.00327	0.01272	0.00956	0.00608	0.01403
2	0.02878	0.02491	0.03728	0.16180	0.23680	0.02678	0.07075	0.20747	0.03149	0.04277	0.02106	0.02574	0.01608	0.01043	0.01039	0.00317	0.01263	0.00943	0.00678	0.01546
3	0.02004	0.01824	0.02748	0.40653	0.05458	0.01963	0.02283	0.02609	0.02078	0.02873	0.01824	0.02525	0.01421	0.00934	0.00934	0.00276	0.01157	0.00806	0.00509	0.25122
4	0.02320	0.02440	0.04692	0.03351	0.04345	0.02169	0.35546	0.03043	0.02320	0.03307	0.01989	0.02546	0.01544	0.00829	0.01054	0.00279	0.01393	0.01002	0.00550	0.25281
5	0.03203	0.10121	0.03557	0.11518	0.24661	0.02303	0.02360	0.03712	0.02475	0.22194	0.02587	0.02782	0.01869	0.01048	0.00977	0.00303	0.01103	0.00908	0.00757	0.01563

[dist]
# distance from previous block
# <min> <max>
0	1

[block]
# block no. 1 follows, 14 sequences, length 24
# corresponding to MSA columns:
# 1214-1237
name=unknown_B
#
# <colnr> <probs for GDERKNQSTAVLIFYWHMCP>
#	G	D	E	R	K	N	Q	S	T	A	V	L	I	F	Y	W	H	M	C	P
0	0.02806	0.01589	0.01996	0.01907	0.06305	0.01475	0.01367	0.08950	0.02796	0.22451	0.06125	0.11916	0.22189	0.01917	0.01124	0.00336	0.00774	0.01613	0.01038	0.01328
1	0.02386	0.12922	0.18944	0.02377	0.03262	0.02278	0.09863	0.06214	0.02487	0.07639	0.08869	0.08297	0.03000	0.01320	0.01006	0.00311	0.01139	0.01150	0.05198	0.01337
2	0.02781	0.14863	0.23469	0.02347	0.03351	0.02308	0.06118	0.03462	0.02346	0.17295	0.02798	0.09573	0.02283	0.01286	0.00986	0.00315	0.01179	0.01074	0.00718	0.01449
3	0.04087	0.01715	0.02393	0.02088	0.06482	0.01513	0.01565	0.04510	0.02890	0.47951	0.10062	0.03910	0.03306	0.01341	0.01052	0.00317	0.00853	0.01119	0.01198	0.01647
4	0.01615	0.08491	0.02084	0.01662	0.01926	0.01606	0.01338	0.01977	0.01700	0.02386	0.02595	0.03754	0.02420	0.06902	0.52971	0.01483	0.02556	0.01035	0.00537	0.00963
5	0.02290	0.09138	0.43819	0.09572	0.04471	0.02432	0.03353	0.03297	0.02206	0.07298	0.01976	0.02294	0.01404	0.00996	0.00961	0.00318	0.01418	0.00781	0.00500	0.01475
6	0.03849	0.02077	0.06516	0.07067	0.03113	0.01781	0.01798	0.10114	0.02950	0.39133	0.03637	0.07834	0.02585	0.01374	0.01048	0.00327	0.00971	0.01135	0.01086	0.01607
7	0.02241	0.02393	0.05016	0.03750	0.04599	0.02261	0.41490	0.03013	0.02408	0.03236	0.02869	0.04848	0.02584	0.01330	0.01260	0.00376	0.01545	0.12881	0.00620	0.01280
8	0.01783	0.00891	0.01337	0.01337	0.01337	0.00891	0.00891	0.01337	0.01337	0.01783	0.01783	0.03119	0.01783	0.03565	0.04011	0.70143	0.00891	0.00891	0.00446	0.00446
9	0.03225	0.44090	0.04471	0.01931	0.02731	0.13986	0.01761	0.03552	0.02365	0.10816	0.01850	0.01961	0.01502	0.00970	0.00764	0.00243	0.01203	0.00642	0.00580	0.01358
10	0.24909	0.13773	0.07124	0.02002	0.02765	0.14531	0.01769	0.11742	0.02656	0.07503	0.01833	0.01989	0.01401	0.01029	0.00815	0.00289	0.01179	0.00683	0.00669	0.01339
11	0.71184	0.01985	0.01508	0.01350	0.01985	0.02302	0.01111	0.03017	0.01746	0.04604	0.01429	0.01667	0.01111	0.00953	0.00635	0.00318	0.00794	0.00556	0.00635	0.01111
12	0.02655	0.02271	0.03690	0.18785	0.37328	0.02384	0.02864	0.06898	0.02497	0.07630	0.02107	0.02654	0.01643	0.00992	0.01020	0.00315	0.01221	0.00924	0.00592	0.01528
13	0.71184	0.01985	0.01508	0.01350	0.01985	0.02302	0.01111	0.03017	0.01746	0.04604	0.01429	0.01667	0.01111	0.00953	0.00635	0.00318	0.00794	0.00556	0.00635	0.01111
14	0.03901	0.02874	0.03080	0.02361	0.03182	0.03182	0.01951	0.54111	0.04825	0.06468	0.02464	0.02464	0.01745	0.01232	0.01027	0.00308	0.01129	0.00924	0.01027	0.01745
15	0.02180	0.02138	0.02969	0.02559	0.02559	0.02958	0.02106	0.02386	0.01565	0.02428	0.01509	0.02630	0.01552	0.07140	0.03527	0.00496	0.56805	0.00949	0.00464	0.01080
16	0.02245	0.02245	0.03143	0.02694	0.02694	0.03143	0.02245	0.02470	0.01572	0.02470	0.01347	0.02245	0.01347	0.01796	0.03368	0.00449	0.62057	0.00898	0.00449	0.01123
17	0.02128	0.01824	0.02128	0.01520	0.02432	0.01368	0.01216	0.02584	0.02128	0.03344	0.01824	0.02128	0.01520	0.00760	0.00760	0.00152	0.00760	0.00608	0.00608	0.70208
18	0.02744	0.64552	0.05378	0.01756	0.02634	0.04061	0.01756	0.03073	0.02085	0.02414	0.01427	0.01646	0.01317	0.00878	0.00658	0.00219	0.01097	0.00549	0.00439	0.01317
19	0.01469	0.01086	0.01580	0.01580	0.01739	0.01245	0.01196	0.01788	0.01629	0.02331	0.02812	0.04383	0.02718	0.15059	0.52714	0.01564	0.02519	0.01151	0.00559	0.00878
20	0.02707	0.47139	0.04800	0.09856	0.07491	0.07949	0.02022	0.03099	0.02163	0.02521	0.01529	0.01871	0.01348	0.00913	0.00754	0.00245	0.01199	0.00632	0.00453	0.01308
21	0.02128	0.01824	0.02128	0.01520	0.02432	0.01368	0.01216	0.02584	0.02128	0.03344	0.01824	0.02128	0.01520	0.00760	0.00760	0.00152	0.00760	0.00608	0.00608	0.70208
22	0.02364	0.13225	0.29034	0.02605	0.03672	0.06259	0.06619	0.03625	0.12496	0.03232	0.02280	0.02537	0.01747	0.01410	0.04222	0.00385	0.01423	0.00851	0.00571	0.01443
23	0.04077	0.01729	0.02284	0.01787	0.02500	0.01557	0.01461	0.08339	0.03078	0.46112	0.11876	0.04040	0.03551	0.01391	0.01058	0.00318	0.00835	0.01147	0.01230	0.01629

[dist]
# distance from previous block
# <min> <max>
0	1

[block]
# block no. 2 follows, 14 sequences, length 20
# corresponding to MSA columns:
# 1239-1242,1245-1260
name=unknown_C
#
# <colnr> <probs for GDERKNQSTAVLIFYWHMCP>
#	G	D	E	R	K	N	Q	S	T	A	V	L	I	F	Y	W	H	M	C	P
0	0.02697	0.02114	0.03001	0.06286	0.16371	0.02174	0.04941	0.14702	0.05854	0.08169	0.10271	0.03511	0.03005	0.01739	0.05709	0.00412	0.01174	0.01085	0.00809	0.05976
1	0.64948	0.01887	0.01480	0.01357	0.01940	0.02171	0.01097	0.02875	0.01766	0.04427	0.01806	0.07159	0.01617	0.01154	0.00695	0.00326	0.00776	0.00766	0.00663	0.01087
2	0.02348	0.19945	0.19104	0.02813	0.12700	0.02570	0.02419	0.03001	0.02164	0.03067	0.01740	0.02080	0.01422	0.00879	0.00837	0.00245	0.01143	0.00687	0.00496	0.20341
3	0.22192	0.28113	0.03557	0.06274	0.02864	0.11670	0.01729	0.03126	0.02067	0.03069	0.01474	0.01813	0.01266	0.01013	0.00944	0.00282	0.06203	0.00623	0.00510	0.01210
4	0.01430	0.01043	0.01314	0.01249	0.01480	0.00960	0.00917	0.01847	0.02718	0.03781	0.47191	0.07818	0.14250	0.07665	0.01568	0.00385	0.00534	0.01857	0.01065	0.00926
5	0.01808	0.01522	0.05602	0.01599	0.01962	0.01317	0.01362	0.02285	0.02625	0.07959	0.34377	0.07020	0.12697	0.02043	0.01396	0.00349	0.06305	0.05708	0.00995	0.01069
6	0.02540	0.02438	0.04165	0.06299	0.57533	0.02438	0.03149	0.03149	0.02337	0.03353	0.01930	0.02540	0.01626	0.00914	0.01016	0.00305	0.01219	0.00914	0.00508	0.01626
7	0.04604	0.01746	0.02382	0.01826	0.02620	0.01508	0.01508	0.05001	0.02937	0.58244	0.04049	0.03493	0.02540	0.01270	0.01032	0.00318	0.00873	0.01032	0.01270	0.01746
8	0.03901	0.02874	0.03080	0.02361	0.03182	0.03182	0.01951	0.54111	0.04825	0.06468	0.02464	0.02464	0.01745	0.01232	0.01027	0.00308	0.01129	0.00924	0.01027	0.01745
9	0.01938	0.01824	0.03078	0.61468	0.07068	0.02280	0.02850	0.02622	0.02052	0.02622	0.01824	0.02736	0.01368	0.01026	0.01026	0.00342	0.01368	0.00912	0.00456	0.01140
10	0.02591	0.04356	0.41641	0.02629	0.03938	0.02289	0.03128	0.08899	0.02550	0.10739	0.02194	0.02368	0.01523	0.01027	0.00974	0.00311	0.01342	0.00802	0.00617	0.06082
11	0.02553	0.02204	0.02320	0.02088	0.02669	0.02553	0.01624	0.05453	0.55679	0.04293	0.04177	0.03829	0.03133	0.01392	0.01044	0.00348	0.00812	0.01160	0.01044	0.01624
12	0.02058	0.05308	0.58618	0.02925	0.04442	0.02383	0.03792	0.03250	0.02167	0.03250	0.01842	0.02167	0.01300	0.00975	0.00975	0.00325	0.01517	0.00758	0.00433	0.01517
13	0.02058	0.05308	0.58618	0.02925	0.04442	0.02383	0.03792	0.03250	0.02167	0.03250	0.01842	0.02167	0.01300	0.00975	0.00975	0.00325	0.01517	0.00758	0.00433	0.01517
14	0.01250	0.00893	0.01191	0.01429	0.01488	0.00834	0.00953	0.01429	0.01965	0.02620	0.05656	0.63265	0.06787	0.03215	0.01310	0.00417	0.00595	0.02917	0.00953	0.00834
15	0.01382	0.01019	0.01471	0.01563	0.01699	0.01108	0.01154	0.01675	0.01772	0.02475	0.03881	0.27089	0.04209	0.05952	0.37073	0.01169	0.01911	0.01807	0.00707	0.00884
16	0.07965	0.02973	0.02548	0.02322	0.02799	0.26533	0.05998	0.03261	0.02553	0.06769	0.03134	0.10927	0.03082	0.01701	0.01093	0.00344	0.01345	0.12779	0.00732	0.01143
17	0.04529	0.01868	0.02457	0.01883	0.02680	0.01688	0.01556	0.10279	0.03140	0.52680	0.03878	0.03382	0.02455	0.01266	0.01031	0.00317	0.00901	0.01020	0.01244	0.01746
18	0.01216	0.01026	0.01054	0.01075	0.01396	0.00863	0.00796	0.01469	0.02305	0.02758	0.09959	0.14798	0.52477	0.02656	0.01222	0.00353	0.00527	0.02235	0.00953	0.00863
19	0.01536	0.01254	0.01758	0.01555	0.01848	0.01228	0.04468	0.01985	0.02669	0.03696	0.40852	0.07305	0.16804	0.02082	0.01382	0.00338	0.05452	0.01792	0.01005	0.00990

[dist]
# distance from previous block
# <min> <max>
0	4

[block]
# block no. 3 follows, 14 sequences, length 88
# corresponding to MSA columns:
# 1265-1288,1354-1398,1400-1418
name=unknown_D
#
# <colnr> <probs for GDERKNQSTAVLIFYWHMCP>
#	G	D	E	R	K	N	Q	S	T	A	V	L	I	F	Y	W	H	M	C	P
0	0.02534	0.02196	0.03573	0.08936	0.37543	0.02321	0.02692	0.03070	0.02312	0.07698	0.06655	0.03024	0.02323	0.01167	0.01346	0.00329	0.09189	0.01001	0.00611	0.01479
1	0.01784	0.01491	0.02067	0.07239	0.11504	0.01566	0.01608	0.02626	0.12903	0.03080	0.04426	0.36229	0.04750	0.02286	0.01184	0.00378	0.00806	0.02066	0.00857	0.01150
2	0.01638	0.01103	0.01357	0.01261	0.01578	0.00982	0.00957	0.02050	0.02743	0.08112	0.39149	0.07970	0.22899	0.02177	0.01197	0.00329	0.00526	0.01879	0.01090	0.01002
3	0.01466	0.01100	0.01649	0.01649	0.01833	0.01283	0.01283	0.01833	0.01649	0.02382	0.02749	0.04032	0.02566	0.07697	0.59868	0.01649	0.02749	0.01100	0.00550	0.00916
4	0.02683	0.11270	0.08868	0.04624	0.30484	0.10368	0.10815	0.03296	0.02380	0.03097	0.01833	0.02335	0.01507	0.00926	0.00984	0.00296	0.01392	0.00866	0.00497	0.01480
5	0.02540	0.02438	0.04165	0.06299	0.57533	0.02438	0.03149	0.03149	0.02337	0.03353	0.01930	0.02540	0.01626	0.00914	0.01016	0.00305	0.01219	0.00914	0.00508	0.01626
6	0.01213	0.01040	0.01040	0.01040	0.01386	0.00866	0.00780	0.01473	0.02339	0.02772	0.10396	0.09876	0.57117	0.02599	0.01213	0.00347	0.00520	0.02166	0.00953	0.00866
7	0.02209	0.18321	0.46924	0.02668	0.04045	0.02752	0.03344	0.03211	0.02149	0.03066	0.01750	0.02052	0.01304	0.00954	0.00905	0.00302	0.01425	0.00712	0.00435	0.01473
8	0.02058	0.05308	0.58618	0.02925	0.04442	0.02383	0.03792	0.03250	0.02167	0.03250	0.01842	0.02167	0.01300	0.00975	0.00975	0.00325	0.01517	0.00758	0.00433	0.01517
9	0.66202	0.06538	0.01790	0.01379	0.02032	0.02430	0.01158	0.03021	0.01771	0.04445	0.01429	0.01666	0.01126	0.00947	0.00637	0.00310	0.00816	0.00555	0.00621	0.01126
10	0.04604	0.01746	0.02382	0.01826	0.02620	0.01508	0.01508	0.05001	0.02937	0.58244	0.04049	0.03493	0.02540	0.01270	0.01032	0.00318	0.00873	0.01032	0.01270	0.01746
11	0.02744	0.64552	0.05378	0.01756	0.02634	0.04061	0.01756	0.03073	0.02085	0.02414	0.01427	0.01646	0.01317	0.00878	0.00658	0.00219	0.01097	0.00549	0.00439	0.01317
12	0.01452	0.01049	0.01372	0.01291	0.01533	0.00968	0.00968	0.01937	0.02905	0.04115	0.56992	0.07666	0.09683	0.02098	0.01210	0.00323	0.00484	0.01856	0.01130	0.00968
13	0.03833	0.04891	0.02908	0.02644	0.03173	0.59815	0.01983	0.04098	0.02908	0.02512	0.01586	0.01851	0.01322	0.01058	0.00925	0.00264	0.01851	0.00661	0.00529	0.01190
14	0.01492	0.00995	0.01119	0.01119	0.01119	0.00995	0.00622	0.01492	0.01492	0.01990	0.03233	0.06716	0.03731	0.63935	0.05223	0.00995	0.00995	0.01492	0.00622	0.00622
15	0.01484	0.01351	0.05555	0.01420	0.01743	0.01063	0.01174	0.02000	0.02791	0.03956	0.49678	0.10807	0.08884	0.02087	0.01199	0.00329	0.00567	0.01843	0.01067	0.01000
16	0.01491	0.01002	0.01153	0.01153	0.01165	0.01013	0.00664	0.01514	0.01502	0.02015	0.03202	0.06543	0.03656	0.60320	0.08735	0.01037	0.01108	0.01467	0.00617	0.00641
17	0.65201	0.01915	0.01521	0.01396	0.01997	0.02206	0.01158	0.02940	0.01799	0.04472	0.01773	0.02520	0.01524	0.01115	0.00702	0.00331	0.00807	0.04864	0.00662	0.01097
18	0.02699	0.02400	0.07630	0.17630	0.08501	0.02189	0.02201	0.14256	0.02789	0.08290	0.02156	0.02506	0.01603	0.01005	0.00949	0.00276	0.01109	0.00828	0.00692	0.20292
19	0.04604	0.01746	0.02382	0.01826	0.02620	0.01508	0.01508	0.05001	0.02937	0.58244	0.04049	0.03493	0.02540	0.01270	0.01032	0.00318	0.00873	0.01032	0.01270	0.01746
20	0.01466	0.01100	0.01649	0.01649	0.01833	0.01283	0.01283	0.01833	0.01649	0.02382	0.02749	0.04032	0.02566	0.07697	0.59868	0.01649	0.02749	0.01100	0.00550	0.00916
21	0.21950	0.02533	0.02934	0.11340	0.18702	0.07477	0.02182	0.14157	0.02721	0.04202	0.01862	0.02248	0.01447	0.01021	0.00906	0.00311	0.01156	0.00795	0.00650	0.01404
22	0.02575	0.01440	0.01539	0.01336	0.01749	0.01486	0.01053	0.13825	0.02799	0.09081	0.03216	0.03502	0.02431	0.01210	0.00811	0.00261	0.00653	0.00956	0.48881	0.01195
23	0.02275	0.06413	0.06484	0.02394	0.10491	0.05978	0.01740	0.02758	0.02201	0.03158	0.02112	0.07160	0.01925	0.01028	0.00862	0.00220	0.00966	0.00852	0.00593	0.40389
24	0.02360	0.05080	0.46509	0.02971	0.04302	0.11397	0.06723	0.03385	0.02299	0.03137	0.01817	0.02156	0.01320	0.00981	0.00982	0.00317	0.01583	0.00772	0.00454	0.01457
25	0.71184	0.01985	0.01508	0.01350	0.01985	0.02302	0.01111	0.03017	0.01746	0.04604	0.01429	0.01667	0.01111	0.00953	0.00635	0.00318	0.00794	0.00556	0.00635	0.01111
26	0.01466	0.01100	0.01649	0.01649	0.01833	0.01283	0.01283	0.01833	0.01649	0.02382	0.02749	0.04032	0.02566	0.07697	0.59868	0.01649	0.02749	0.01100	0.00550	0.00916
27	0.02553	0.02204	0.02320	0.02088	0.02669	0.02553	0.01624	0.05453	0.55679	0.04293	0.04177	0.03829	0.03133	0.01392	0.01044	0.00348	0.00812	0.01160	0.01044	0.01624
28	0.02298	0.01819	0.02145	0.01541	0.02445	0.01378	0.01236	0.02750	0.02183	0.07105	0.01976	0.02221	0.01590	0.00795	0.00779	0.00163	0.00768	0.00637	0.00653	0.65519
29	0.01250	0.00893	0.01191	0.01429	0.01488	0.00834	0.00953	0.01429	0.01965	0.02620	0.05656	0.63265	0.06787	0.03215	0.01310	0.00417	0.00595	0.02917	0.00953	0.00834
30	0.01654	0.01181	0.01654	0.01890	0.02126	0.01181	0.01654	0.02126	0.02362	0.03071	0.05433	0.11576	0.05906	0.02835	0.01417	0.00472	0.00945	0.50626	0.00945	0.00945
31	0.02198	0.01573	0.01838	0.01578	0.01988	0.01611	0.01236	0.17144	0.03408	0.04778	0.37203	0.05871	0.06858	0.01780	0.01121	0.00312	0.00671	0.01519	0.06119	0.01193
32	0.04604	0.01746	0.02382	0.01826	0.02620	0.01508	0.01508	0.05001	0.02937	0.58244	0.04049	0.03493	0.02540	0.01270	0.01032	0.00318	0.00873	0.01032	0.01270	0.01746
33	0.03274	0.01356	0.01677	0.01396	0.01916	0.01236	0.01117	0.03712	0.02549	0.31356	0.03702	0.03657	0.02585	0.01233	0.00877	0.00279	0.00678	0.00995	0.35048	0.01356
34	0.02245	0.02245	0.03143	0.02694	0.02694	0.03143	0.02245	0.02470	0.01572	0.02470	0.01347	0.02245	0.01347	0.01796	0.03368	0.00449	0.62057	0.00898	0.00449	0.01123
35	0.01938	0.01824	0.03078	0.61468	0.07068	0.02280	0.02850	0.02622	0.02052	0.02622	0.01824	0.02736	0.01368	0.01026	0.01026	0.00342	0.01368	0.00912	0.00456	0.01140
36	0.65652	0.02223	0.01623	0.01456	0.02082	0.07026	0.01183	0.03105	0.01842	0.04432	0.01442	0.01682	0.01129	0.00961	0.00659	0.00313	0.00881	0.00564	0.00626	0.01118
37	0.01938	0.01824	0.03078	0.61468	0.07068	0.02280	0.02850	0.02622	0.02052	0.02622	0.01824	0.02736	0.01368	0.01026	0.01026	0.00342	0.01368	0.00912	0.00456	0.01140
38	0.01306	0.00932	0.01238	0.01409	0.01489	0.00896	0.00953	0.01511	0.01980	0.02676	0.09630	0.48852	0.06432	0.08602	0.06441	0.00559	0.00796	0.02557	0.00907	0.00834
39	0.02214	0.05103	0.53939	0.02877	0.04335	0.02451	0.03636	0.07534	0.02391	0.03521	0.01894	0.02192	0.01337	0.00997	0.00979	0.00324	0.01484	0.00772	0.00483	0.01536
40	0.03070	0.01296	0.01569	0.01330	0.01808	0.01194	0.01057	0.03513	0.02490	0.27221	0.03649	0.03683	0.02592	0.01228	0.00853	0.00273	0.00648	0.00989	0.40242	0.01296
41	0.04183	0.01795	0.02309	0.01811	0.02546	0.01658	0.01483	0.08291	0.06871	0.46162	0.03888	0.03472	0.02535	0.01270	0.01007	0.00313	0.00854	0.01028	0.06851	0.01673
42	0.02315	0.02246	0.03935	0.25878	0.35077	0.02395	0.07309	0.02972	0.02242	0.03086	0.01905	0.02629	0.01528	0.00950	0.01036	0.00322	0.01315	0.00939	0.00490	0.01431
43	0.04604	0.01746	0.02382	0.01826	0.02620	0.01508	0.01508	0.05001	0.02937	0.58244	0.04049	0.03493	0.02540	0.01270	0.01032	0.00318	0.00873	0.01032	0.01270	0.01746
44	0.01250	0.00893	0.01191	0.01429	0.01488	0.00834	0.00953	0.01429	0.01965	0.02620	0.05656	0.63265	0.06787	0.03215	0.01310	0.00417	0.00595	0.02917	0.00953	0.00834
45	0.01250	0.00893	0.01191	0.01429	0.01488	0.00834	0.00953	0.01429	0.01965	0.02620	0.05656	0.63265	0.06787	0.03215	0.01310	0.00417	0.00595	0.02917	0.00953	0.00834
46	0.01938	0.01824	0.03078	0.61468	0.07068	0.02280	0.02850	0.02622	0.02052	0.02622	0.01824	0.02736	0.01368	0.01026	0.01026	0.00342	0.01368	0.00912	0.00456	0.01140
47	0.04134	0.02457	0.07373	0.02113	0.02978	0.02192	0.01862	0.22735	0.03560	0.34760	0.03286	0.03006	0.02146	0.01231	0.01025	0.00315	0.01021	0.00970	0.01111	0.01727
48	0.65401	0.02023	0.01732	0.01766	0.06664	0.02314	0.01283	0.03028	0.01796	0.04499	0.01471	0.01741	0.01155	0.00949	0.00667	0.00316	0.00830	0.00586	0.00624	0.01155
49	0.04604	0.01746	0.02382	0.01826	0.02620	0.01508	0.01508	0.05001	0.02937	0.58244	0.04049	0.03493	0.02540	0.01270	0.01032	0.00318	0.00873	0.01032	0.01270	0.01746
50	0.02744	0.64552	0.05378	0.01756	0.02634	0.04061	0.01756	0.03073	0.02085	0.02414	0.01427	0.01646	0.01317	0.00878	0.00658	0.00219	0.01097	0.00549	0.00439	0.01317
51	0.02128	0.01824	0.02128	0.01520	0.02432	0.01368	0.01216	0.02584	0.02128	0.03344	0.01824	0.02128	0.01520	0.00760	0.00760	0.00152	0.00760	0.00608	0.00608	0.70208
52	0.03833	0.04891	0.02908	0.02644	0.03173	0.59815	0.01983	0.04098	0.02908	0.02512	0.01586	0.01851	0.01322	0.01058	0.00925	0.00264	0.01851	0.00661	0.00529	0.01190
53	0.01481	0.01040	0.01346	0.01346	0.01425	0.01118	0.00905	0.01638	0.01560	0.02158	0.03026	0.05567	0.03232	0.39863	0.28613	0.01275	0.01746	0.01324	0.00591	0.00748
54	0.01592	0.01551	0.06513	0.01912	0.06019	0.01236	0.01520	0.02098	0.02540	0.03435	0.24943	0.08320	0.16730	0.02215	0.01233	0.00367	0.00759	0.15040	0.00939	0.01037
55	0.03833	0.04891	0.02908	0.02644	0.03173	0.59815	0.01983	0.04098	0.02908	0.02512	0.01586	0.01851	0.01322	0.01058	0.00925	0.00264	0.01851	0.00661	0.00529	0.01190
56	0.16532	0.07752	0.02882	0.06865	0.11953	0.09891	0.01932	0.06454	0.02309	0.07366	0.01990	0.02455	0.01618	0.01968	0.08976	0.00490	0.05849	0.00811	0.00617	0.01289
57	0.27475	0.02242	0.02125	0.01790	0.02398	0.09805	0.01445	0.03784	0.02419	0.24035	0.06488	0.02849	0.02314	0.01226	0.01051	0.00320	0.05141	0.00865	0.00880	0.01348
58	0.60818	0.02030	0.01694	0.01462	0.02124	0.02301	0.01205	0.06898	0.02068	0.09146	0.01719	0.01875	0.01275	0.00999	0.00696	0.00317	0.00825	0.00622	0.00716	0.01210
59	0.02744	0.64552	0.05378	0.01756	0.02634	0.04061	0.01756	0.03073	0.02085	0.02414	0.01427	0.01646	0.01317	0.00878	0.00658	0.00219	0.01097	0.00549	0.00439	0.01317
60	0.02051	0.01270	0.01600	0.01605	0.01864	0.01235	0.01159	0.08878	0.02474	0.10589	0.05018	0.47204	0.05551	0.02692	0.01235	0.00389	0.00703	0.02401	0.01005	0.01077
61	0.02748	0.01975	0.02205	0.01939	0.02510	0.02169	0.01518	0.04913	0.39922	0.13245	0.11144	0.04281	0.03901	0.01465	0.01064	0.00340	0.00779	0.01231	0.01093	0.01558
62	0.01276	0.00944	0.01200	0.01393	0.01521	0.00868	0.00977	0.01494	0.02068	0.02686	0.06536	0.48905	0.16250	0.03067	0.01300	0.00408	0.00610	0.06694	0.00952	0.00849
63	0.01492	0.00995	0.01119	0.01119	0.01119	0.00995	0.00622	0.01492	0.01492	0.01990	0.03233	0.06716	0.03731	0.63935	0.05223	0.00995	0.00995	0.01492	0.00622	0.00622
64	0.01783	0.00891	0.01337	0.01337	0.01337	0.00891	0.00891	0.01337	0.01337	0.01783	0.01783	0.03119	0.01783	0.03565	0.04011	0.70143	0.00891	0.00891	0.00446	0.00446
65	0.14612	0.01782	0.02250	0.01754	0.02524	0.01628	0.01449	0.04703	0.02758	0.50181	0.03655	0.03218	0.02325	0.01222	0.00972	0.00318	0.00861	0.00960	0.01175	0.01651
66	0.01232	0.01031	0.01073	0.01082	0.01403	0.00871	0.00804	0.01503	0.02355	0.02857	0.13387	0.13124	0.50556	0.02603	0.01219	0.00349	0.00522	0.02192	0.00965	0.00871
67	0.02744	0.64552	0.05378	0.01756	0.02634	0.04061	0.01756	0.03073	0.02085	0.02414	0.01427	0.01646	0.01317	0.00878	0.00658	0.00219	0.01097	0.00549	0.00439	0.01317
68	0.71184	0.01985	0.01508	0.01350	0.01985	0.02302	0.01111	0.03017	0.01746	0.04604	0.01429	0.01667	0.01111	0.00953	0.00635	0.00318	0.00794	0.00556	0.00635	0.01111
69	0.71184	0.01985	0.01508	0.01350	0.01985	0.02302	0.01111	0.03017	0.01746	0.04604	0.01429	0.01667	0.01111	0.00953	0.00635	0.00318	0.00794	0.00556	0.00635	0.01111
70	0.01716	0.01374	0.01661	0.01366	0.01899	0.01128	0.01056	0.02169	0.02529	0.03675	0.29771	0.05526	0.10330	0.01578	0.01021	0.00253	0.00603	0.01357	0.00895	0.30092
71	0.02478	0.08725	0.46818	0.02686	0.04054	0.02366	0.03321	0.03495	0.02274	0.11271	0.02138	0.02327	0.01483	0.01012	0.00962	0.00317	0.01394	0.00785	0.00557	0.01537
72	0.01421	0.01052	0.01363	0.01548	0.01748	0.00994	0.01225	0.01747	0.02222	0.02852	0.06584	0.28850	0.17297	0.02914	0.01336	0.00426	0.00734	0.23848	0.00949	0.00890
73	0.01369	0.01127	0.01219	0.01213	0.01551	0.01015	0.00933	0.01846	0.05820	0.03081	0.16053	0.09327	0.42773	0.02472	0.01219	0.00354	0.00569	0.06141	0.00983	0.00935
74	0.02451	0.02384	0.04175	0.13438	0.46628	0.02430	0.07216	0.03091	0.02306	0.03251	0.01928	0.02584	0.01586	0.00925	0.01033	0.00313	0.01280	0.00938	0.00502	0.01542
75	0.01265	0.00917	0.01195	0.01389	0.01485	0.00848	0.00941	0.01476	0.02073	0.02760	0.10421	0.54569	0.10725	0.03074	0.01294	0.00404	0.00580	0.02771	0.00968	0.00848
76	0.01387	0.00974	0.01268	0.01451	0.01533	0.00940	0.01019	0.01584	0.01937	0.02567	0.05060	0.39961	0.05914	0.16964	0.02223	0.00560	0.00757	0.12218	0.00876	0.00808
77	0.01721	0.01557	0.01817	0.01736	0.01913	0.05718	0.01330	0.02020	0.02162	0.02895	0.15931	0.18017	0.12137	0.03047	0.09821	0.00554	0.14128	0.01733	0.00797	0.00967
78	0.02355	0.28555	0.28252	0.07322	0.04009	0.03065	0.07203	0.03131	0.02147	0.02867	0.01694	0.02056	0.01334	0.00931	0.00873	0.00286	0.01355	0.00726	0.00445	0.01395
79	0.01468	0.01091	0.01606	0.01606	0.01775	0.01259	0.01229	0.01805	0.01637	0.02350	0.02788	0.04249	0.02660	0.12255	0.55439	0.01596	0.02607	0.01131	0.00556	0.00892
80	0.71184	0.01985	0.01508	0.01350	0.01985	0.02302	0.01111	0.03017	0.01746	0.04604	0.01429	0.01667	0.01111	0.00953	0.00635	0.00318	0.00794	0.00556	0.00635	0.01111
81	0.04126	0.01641	0.02228	0.01745	0.02455	0.01426	0.01426	0.04536	0.02932	0.50031	0.12081	0.04126	0.03624	0.01396	0.01059	0.00318	0.00814	0.01157	0.01249	0.01628
82	0.02744	0.64552	0.05378	0.01756	0.02634	0.04061	0.01756	0.03073	0.02085	0.02414	0.01427	0.01646	0.01317	0.00878	0.00658	0.00219	0.01097	0.00549	0.00439	0.01317
83	0.01556	0.01060	0.01344	0.01433	0.01661	0.00948	0.01035	0.01806	0.02136	0.06391	0.06084	0.41929	0.14655	0.02788	0.01247	0.00385	0.00640	0.06430	0.00950	0.05522
84	0.02894	0.56296	0.05036	0.01879	0.02708	0.11777	0.01787	0.03215	0.02199	0.02428	0.01449	0.01674	0.01318	0.00903	0.00695	0.00226	0.01202	0.00564	0.00451	0.01299
85	0.03790	0.01633	0.02162	0.01750	0.02403	0.01476	0.01408	0.04389	0.07198	0.42851	0.11164	0.08166	0.03823	0.01523	0.01076	0.00328	0.00798	0.01281	0.01211	0.01571
86	0.02414	0.01651	0.02312	0.23179	0.03913	0.01792	0.01843	0.03318	0.10938	0.14355	0.14183	0.04629	0.08210	0.01476	0.01082	0.00335	0.00936	0.01266	0.00887	0.01282
87	0.03076	0.02464	0.02615	0.02194	0.02868	0.02797	0.01751	0.24326	0.35954	0.05136	0.03512	0.03299	0.02594	0.01330	0.01037	0.00333	0.00935	0.01069	0.01037	0.01671

[dist]
# distance from previous block
# <min> <max>
0	1

[block]
# block no. 4 follows, 14 sequences, length 40
# corresponding to MSA columns:
# 1420-1459
name=unknown_E
#
# <colnr> <probs for GDERKNQSTAVLIFYWHMCP>
#	G	D	E	R	K	N	Q	S	T	A	V	L	I	F	Y	W	H	M	C	P
0	0.02539	0.02077	0.05903	0.01997	0.06507	0.01531	0.01563	0.03043	0.02271	0.11900	0.02180	0.02373	0.01673	0.00864	0.00834	0.00200	0.00858	0.00705	0.00693	0.50288
1	0.02441	0.02338	0.03987	0.15339	0.49264	0.02412	0.03100	0.03063	0.02290	0.03233	0.01913	0.02572	0.01583	0.00933	0.01018	0.00311	0.01244	0.00914	0.00499	0.01546
2	0.29115	0.36712	0.03733	0.01656	0.02419	0.06931	0.01523	0.03116	0.02007	0.03262	0.01438	0.01667	0.01238	0.00918	0.00666	0.00260	0.01029	0.00559	0.00520	0.01230
3	0.02243	0.01031	0.01507	0.01417	0.01546	0.00992	0.00992	0.01935	0.01598	0.10999	0.02152	0.03180	0.01906	0.03190	0.03524	0.58745	0.00888	0.00914	0.00580	0.00658
4	0.02646	0.02251	0.02373	0.02107	0.02704	0.02596	0.01647	0.08831	0.52149	0.04444	0.04058	0.03734	0.03036	0.01381	0.01043	0.00345	0.00834	0.01144	0.01043	0.01633
5	0.02949	0.01798	0.02212	0.01621	0.02494	0.01414	0.01313	0.03385	0.02396	0.21540	0.02561	0.02580	0.01858	0.00929	0.00850	0.00207	0.00798	0.00749	0.00827	0.47518
6	0.01250	0.00893	0.01191	0.01429	0.01488	0.00834	0.00953	0.01429	0.01965	0.02620	0.05656	0.63265	0.06787	0.03215	0.01310	0.00417	0.00595	0.02917	0.00953	0.00834
7	0.03901	0.02874	0.03080	0.02361	0.03182	0.03182	0.01951	0.54111	0.04825	0.06468	0.02464	0.02464	0.01745	0.01232	0.01027	0.00308	0.01129	0.00924	0.01027	0.01745
8	0.01466	0.01100	0.01649	0.01649	0.01833	0.01283	0.01283	0.01833	0.01649	0.02382	0.02749	0.04032	0.02566	0.07697	0.59868	0.01649	0.02749	0.01100	0.00550	0.00916
9	0.03889	0.01622	0.02072	0.01644	0.02301	0.01479	0.01340	0.07512	0.02863	0.41358	0.03772	0.03510	0.02512	0.01249	0.00953	0.00297	0.00791	0.01006	0.18280	0.01550
10	0.02254	0.02124	0.03583	0.24149	0.36367	0.02269	0.02876	0.02878	0.02288	0.03172	0.06293	0.03014	0.02184	0.01046	0.01035	0.00319	0.01210	0.00989	0.00540	0.01412
11	0.04604	0.01746	0.02382	0.01826	0.02620	0.01508	0.01508	0.05001	0.02937	0.58244	0.04049	0.03493	0.02540	0.01270	0.01032	0.00318	0.00873	0.01032	0.01270	0.01746
12	0.02427	0.02013	0.03287	0.04659	0.37015	0.01996	0.02584	0.02980	0.02388	0.07280	0.03129	0.05301	0.02968	0.01512	0.01137	0.00356	0.01112	0.15732	0.00694	0.01432
13	0.71184	0.01985	0.01508	0.01350	0.01985	0.02302	0.01111	0.03017	0.01746	0.04604	0.01429	0.01667	0.01111	0.00953	0.00635	0.00318	0.00794	0.00556	0.00635	0.01111
14	0.02540	0.02438	0.04165	0.06299	0.57533	0.02438	0.03149	0.03149	0.02337	0.03353	0.01930	0.02540	0.01626	0.00914	0.01016	0.00305	0.01219	0.00914	0.00508	0.01626
15	0.01466	0.01100	0.01649	0.01649	0.01833	0.01283	0.01283	0.01833	0.01649	0.02382	0.02749	0.04032	0.02566	0.07697	0.59868	0.01649	0.02749	0.01100	0.00550	0.00916
16	0.71184	0.01985	0.01508	0.01350	0.01985	0.02302	0.01111	0.03017	0.01746	0.04604	0.01429	0.01667	0.01111	0.00953	0.00635	0.00318	0.00794	0.00556	0.00635	0.01111
17	0.03126	0.01437	0.01916	0.01650	0.02182	0.01245	0.01275	0.03448	0.02500	0.32421	0.04435	0.25538	0.04019	0.01943	0.01109	0.00339	0.00759	0.01691	0.01090	0.07877
18	0.02042	0.01669	0.01880	0.01719	0.02142	0.01818	0.01320	0.03822	0.31206	0.04210	0.28669	0.05608	0.06170	0.01720	0.01121	0.00336	0.00660	0.01483	0.01084	0.01320
19	0.02395	0.22901	0.38703	0.02534	0.03810	0.02943	0.03050	0.06813	0.02331	0.03228	0.01761	0.02032	0.01337	0.00964	0.00884	0.00292	0.01363	0.00707	0.00477	0.01473
20	0.02171	0.15016	0.49893	0.02733	0.04145	0.02658	0.03458	0.03221	0.02153	0.03113	0.01774	0.02081	0.01303	0.00959	0.00923	0.00308	0.01448	0.00724	0.00434	0.01484
21	0.02735	0.02373	0.03997	0.05876	0.52344	0.02350	0.02994	0.03324	0.02393	0.08540	0.02130	0.02630	0.01712	0.00948	0.01017	0.00306	0.01186	0.00925	0.00580	0.01637
22	0.71184	0.01985	0.01508	0.01350	0.01985	0.02302	0.01111	0.03017	0.01746	0.04604	0.01429	0.01667	0.01111	0.00953	0.00635	0.00318	0.00794	0.00556	0.00635	0.01111
23	0.01232	0.01040	0.01066	0.01060	0.01398	0.00875	0.00795	0.01510	0.02385	0.02880	0.14140	0.09698	0.53305	0.02559	0.01213	0.00345	0.00517	0.02141	0.00967	0.00875
24	0.01466	0.01100	0.01649	0.01649	0.01833	0.01283	0.01283	0.01833	0.01649	0.02382	0.02749	0.04032	0.02566	0.07697	0.59868	0.01649	0.02749	0.01100	0.00550	0.00916
25	0.02128	0.01824	0.02128	0.01520	0.02432	0.01368	0.01216	0.02584	0.02128	0.03344	0.01824	0.02128	0.01520	0.00760	0.00760	0.00152	0.00760	0.00608	0.00608	0.70208
26	0.02058	0.05308	0.58618	0.02925	0.04442	0.02383	0.03792	0.03250	0.02167	0.03250	0.01842	0.02167	0.01300	0.00975	0.00975	0.00325	0.01517	0.00758	0.00433	0.01517
27	0.02744	0.64552	0.05378	0.01756	0.02634	0.04061	0.01756	0.03073	0.02085	0.02414	0.01427	0.01646	0.01317	0.00878	0.00658	0.00219	0.01097	0.00549	0.00439	0.01317
28	0.01452	0.01049	0.01372	0.01291	0.01533	0.00968	0.00968	0.01937	0.02905	0.04115	0.56992	0.07666	0.09683	0.02098	0.01210	0.00323	0.00484	0.01856	0.01130	0.00968
29	0.01250	0.00893	0.01191	0.01429	0.01488	0.00834	0.00953	0.01429	0.01965	0.02620	0.05656	0.63265	0.06787	0.03215	0.01310	0.00417	0.00595	0.02917	0.00953	0.00834
30	0.02275	0.01836	0.02976	0.12033	0.28998	0.01859	0.02310	0.02748	0.02245	0.08225	0.03207	0.20437	0.03188	0.01637	0.01105	0.00344	0.01024	0.01512	0.00703	0.01338
31	0.01472	0.01076	0.01532	0.01532	0.01675	0.01219	0.01137	0.01758	0.01615	0.02296	0.02856	0.04623	0.02822	0.20095	0.47821	0.01505	0.02362	0.01186	0.00566	0.00851
32	0.01531	0.01196	0.01775	0.01737	0.01905	0.01439	0.01364	0.01886	0.01643	0.02390	0.02631	0.03881	0.02463	0.07201	0.55122	0.01548	0.07731	0.01083	0.00541	0.00934
33	0.71184	0.01985	0.01508	0.01350	0.01985	0.02302	0.01111	0.03017	0.01746	0.04604	0.01429	0.01667	0.01111	0.00953	0.00635	0.00318	0.00794	0.00556	0.00635	0.01111
34	0.04604	0.01746	0.02382	0.01826	0.02620	0.01508	0.01508	0.05001	0.02937	0.58244	0.04049	0.03493	0.02540	0.01270	0.01032	0.00318	0.00873	0.01032	0.01270	0.01746
35	0.02818	0.02498	0.02712	0.02783	0.11689	0.07255	0.01894	0.14970	0.26672	0.04312	0.03816	0.03734	0.07541	0.01366	0.01042	0.00325	0.01005	0.01123	0.00901	0.01543
36	0.02026	0.02533	0.14844	0.03683	0.24970	0.01872	0.02465	0.02714	0.02514	0.03618	0.22681	0.04393	0.04595	0.01374	0.01080	0.00316	0.01006	0.01236	0.00726	0.01354
37	0.01444	0.01090	0.01573	0.01565	0.01767	0.01219	0.01211	0.01813	0.01825	0.02578	0.08508	0.04859	0.07759	0.06745	0.49464	0.01416	0.02350	0.01259	0.00638	0.00917
38	0.71184	0.01985	0.01508	0.01350	0.01985	0.02302	0.01111	0.03017	0.01746	0.04604	0.01429	0.01667	0.01111	0.00953	0.00635	0.00318	0.00794	0.00556	0.00635	0.01111
39	0.03022	0.03018	0.12098	0.02887	0.10336	0.02768	0.02312	0.24731	0.19103	0.04890	0.02799	0.02829	0.02067	0.01196	0.01022	0.00322	0.01111	0.00965	0.00867	0.01656

[dist]
# distance from previous block
# <min> <max>
0	1

[block]
# block no. 5 follows, 14 sequences, length 35
# corresponding to MSA columns:
# 1463-1497
name=unknown_F
#
# <colnr> <probs for GDERKNQSTAVLIFYWHMCP>
#	G	D	E	R	K	N	Q	S	T	A	V	L	I	F	Y	W	H	M	C	P
0	0.51086	0.02951	0.18113	0.01808	0.02699	0.02326	0.01891	0.03084	0.01869	0.04210	0.01549	0.01812	0.01166	0.00959	0.00734	0.00320	0.01004	0.00615	0.00576	0.01229
1	0.02128	0.01824	0.02128	0.01520	0.02432	0.01368	0.01216	0.02584	0.02128	0.03344	0.01824	0.02128	0.01520	0.00760	0.00760	0.00152	0.00760	0.00608	0.00608	0.70208
2	0.02089	0.06164	0.08483	0.06178	0.02948	0.01688	0.01627	0.02622	0.02137	0.03185	0.02329	0.02625	0.04898	0.00924	0.00825	0.00201	0.00895	0.00739	0.00588	0.48855
3	0.03563	0.01663	0.02052	0.01661	0.02303	0.01555	0.01343	0.07906	0.07055	0.35106	0.04685	0.04337	0.09792	0.01443	0.01013	0.00312	0.00786	0.01174	0.10744	0.01509
4	0.01436	0.01151	0.01717	0.01730	0.01858	0.01160	0.05199	0.01659	0.01935	0.02614	0.04864	0.49599	0.05731	0.07499	0.01753	0.00457	0.05375	0.02522	0.00855	0.00883
5	0.71184	0.01985	0.01508	0.01350	0.01985	0.02302	0.01111	0.03017	0.01746	0.04604	0.01429	0.01667	0.01111	0.00953	0.00635	0.00318	0.00794	0.00556	0.00635	0.01111
6	0.02607	0.06537	0.05437	0.01963	0.02585	0.02381	0.01655	0.17700	0.20332	0.04662	0.18116	0.04282	0.04352	0.01487	0.01055	0.00320	0.00865	0.01225	0.00989	0.01448
7	0.01938	0.01824	0.03078	0.61468	0.07068	0.02280	0.02850	0.02622	0.02052	0.02622	0.01824	0.02736	0.01368	0.01026	0.01026	0.00342	0.01368	0.00912	0.00456	0.01140
8	0.03901	0.02874	0.03080	0.02361	0.03182	0.03182	0.01951	0.54111	0.04825	0.06468	0.02464	0.02464	0.01745	0.01232	0.01027	0.00308	0.01129	0.00924	0.01027	0.01745
9	0.02128	0.01824	0.02128	0.01520	0.02432	0.01368	0.01216	0.02584	0.02128	0.03344	0.01824	0.02128	0.01520	0.00760	0.00760	0.00152	0.00760	0.00608	0.00608	0.70208
10	0.01938	0.01824	0.03078	0.61468	0.07068	0.02280	0.02850	0.02622	0.02052	0.02622	0.01824	0.02736	0.01368	0.01026	0.01026	0.00342	0.01368	0.00912	0.00456	0.01140
11	0.02499	0.04633	0.40405	0.02882	0.04085	0.09735	0.06373	0.03428	0.02289	0.06954	0.01943	0.02262	0.01409	0.01057	0.01156	0.00327	0.05794	0.00803	0.00511	0.01455
12	0.03901	0.02874	0.03080	0.02361	0.03182	0.03182	0.01951	0.54111	0.04825	0.06468	0.02464	0.02464	0.01745	0.01232	0.01027	0.00308	0.01129	0.00924	0.01027	0.01745
13	0.01487	0.01017	0.01233	0.01233	0.01273	0.01057	0.00764	0.01565	0.01526	0.02074	0.03129	0.06139	0.03480	0.51848	0.16967	0.01136	0.01372	0.01408	0.00606	0.00685
14	0.03588	0.18303	0.03463	0.02444	0.03051	0.47281	0.01932	0.03867	0.02723	0.02490	0.01550	0.01805	0.01321	0.01017	0.00865	0.00254	0.01681	0.00636	0.00509	0.01218
15	0.02005	0.01703	0.01986	0.01465	0.02282	0.01298	0.01163	0.02449	0.02205	0.03362	0.06830	0.03153	0.06380	0.01005	0.00830	0.00180	0.00720	0.00825	0.00675	0.59484
16	0.07109	0.03686	0.28054	0.06559	0.03867	0.02460	0.02732	0.17245	0.02967	0.12183	0.02306	0.02450	0.01595	0.01090	0.00980	0.00320	0.01264	0.00841	0.00730	0.01562
17	0.12851	0.10335	0.02788	0.02041	0.06049	0.02017	0.01595	0.04364	0.02629	0.40214	0.03218	0.02945	0.02131	0.01153	0.00929	0.00303	0.00915	0.00897	0.01026	0.01598
18	0.02570	0.20864	0.23385	0.06907	0.03643	0.02711	0.02494	0.07039	0.02385	0.07073	0.01922	0.02175	0.01461	0.00963	0.00868	0.00271	0.01209	0.00723	0.00564	0.10775
19	0.08317	0.11452	0.02923	0.05920	0.03025	0.18164	0.01747	0.04244	0.08815	0.21482	0.02693	0.02646	0.01928	0.01133	0.00924	0.00294	0.01194	0.00837	0.00827	0.01435
20	0.01492	0.00995	0.01119	0.01119	0.01119	0.00995	0.00622	0.01492	0.01492	0.01990	0.03233	0.06716	0.03731	0.63935	0.05223	0.00995	0.00995	0.01492	0.00622	0.00622
21	0.02547	0.01593	0.01905	0.01745	0.02147	0.01618	0.01341	0.16768	0.02942	0.11890	0.04367	0.30476	0.04436	0.02223	0.01159	0.00364	0.00799	0.04957	0.05488	0.01236
22	0.01938	0.01824	0.03078	0.61468	0.07068	0.02280	0.02850	0.02622	0.02052	0.02622	0.01824	0.02736	0.01368	0.01026	0.01026	0.00342	0.01368	0.00912	0.00456	0.01140
23	0.02301	0.26320	0.39735	0.02510	0.03800	0.02978	0.03070	0.03187	0.02138	0.02954	0.01694	0.01982	0.01306	0.00941	0.00863	0.00288	0.01368	0.00684	0.00435	0.01446
24	0.01966	0.01824	0.02940	0.52746	0.06393	0.02147	0.02612	0.02616	0.02063	0.02727	0.01824	0.02648	0.01390	0.00987	0.00987	0.00314	0.01280	0.00868	0.00478	0.11190
25	0.61179	0.02099	0.02170	0.01783	0.02476	0.02345	0.08779	0.03056	0.01845	0.04413	0.01523	0.01827	0.01176	0.00940	0.00719	0.00322	0.00930	0.00651	0.00618	0.01151
26	0.03547	0.02616	0.02872	0.02258	0.02986	0.02906	0.01853	0.46505	0.04363	0.05873	0.02505	0.02692	0.01865	0.02173	0.09588	0.00503	0.01365	0.00949	0.00957	0.01625
27	0.01562	0.01205	0.01719	0.01630	0.01920	0.01295	0.01273	0.01942	0.01719	0.02522	0.02614	0.03755	0.02413	0.06687	0.51268	0.01431	0.02459	0.01028	0.00558	0.10998
28	0.02369	0.03138	0.13703	0.04122	0.05229	0.02564	0.46529	0.03282	0.02385	0.03282	0.02042	0.02681	0.01520	0.00881	0.01177	0.00343	0.01699	0.01145	0.00507	0.01403
29	0.02942	0.02562	0.03113	0.19979	0.15547	0.10371	0.02375	0.10526	0.09703	0.09102	0.02432	0.02754	0.01815	0.01107	0.01013	0.00317	0.01249	0.00924	0.00713	0.01455
30	0.02056	0.03005	0.22110	0.02002	0.03082	0.01700	0.02112	0.02775	0.02196	0.03365	0.05694	0.02530	0.02014	0.00930	0.00868	0.00225	0.01009	0.00749	0.00583	0.40996
31	0.02158	0.01730	0.02189	0.01750	0.02327	0.01575	0.04811	0.09747	0.02381	0.03383	0.02762	0.07830	0.02727	0.17427	0.02057	0.00442	0.00942	0.04151	0.00709	0.28903
32	0.02055	0.04110	0.39330	0.11164	0.04425	0.02167	0.03144	0.03026	0.02142	0.03177	0.01836	0.02242	0.01354	0.00940	0.00940	0.00293	0.01345	0.00751	0.00471	0.15089
33	0.02737	0.02436	0.07322	0.02771	0.03191	0.02678	0.09707	0.03158	0.02015	0.13982	0.02037	0.02569	0.01617	0.01496	0.02410	0.00399	0.36574	0.00961	0.00625	0.01315
34	0.02171	0.01961	0.02699	0.01928	0.02858	0.01547	0.08868	0.02686	0.02171	0.03336	0.01861	0.02221	0.01525	0.00775	0.00826	0.00180	0.00901	0.00696	0.00595	0.60194

[dist]
# distance from previous block
# <min> <max>
0	93

# created by:
# /st0/software/busco_prod/Augustus/scripts/msa2prfl.pl ./align_prep/5599.fa
