[name]
unknown

[dist]
# distance from previous block
# <min> <max>
0	29

[block]
# block no. 0 follows, 13 sequences, length 21
# corresponding to MSA columns:
# 29-49
name=unknown_A
#
# <colnr> <probs for GDERKNQSTAVLIFYWHMCP>
#	G	D	E	R	K	N	Q	S	T	A	V	L	I	F	Y	W	H	M	C	P
0	0.02176	0.05085	0.49870	0.03225	0.04715	0.02487	0.11015	0.03354	0.02271	0.03354	0.01933	0.02323	0.01378	0.00988	0.01040	0.00338	0.01595	0.00850	0.00459	0.01543
1	0.01751	0.01362	0.01645	0.01697	0.01964	0.01420	0.01271	0.02807	0.16697	0.03517	0.14457	0.29583	0.06377	0.02533	0.01270	0.00400	0.00702	0.08386	0.01040	0.01124
2	0.02589	0.12599	0.25526	0.02542	0.03503	0.08244	0.02697	0.09680	0.02536	0.03403	0.01975	0.02424	0.01581	0.02017	0.08764	0.00501	0.06626	0.00821	0.00555	0.01416
3	0.01546	0.01053	0.01264	0.01282	0.01324	0.01078	0.00806	0.01630	0.01622	0.02182	0.03426	0.06908	0.03844	0.51334	0.12152	0.01076	0.01260	0.04854	0.00654	0.00704
4	0.02040	0.01759	0.01650	0.01563	0.01820	0.08807	0.01112	0.07004	0.02470	0.03089	0.11339	0.11305	0.11974	0.24030	0.02701	0.00592	0.00978	0.03985	0.00832	0.00950
5	0.04640	0.01966	0.02557	0.01960	0.02782	0.01802	0.01620	0.11991	0.03306	0.49745	0.03937	0.03446	0.02499	0.01303	0.01062	0.00326	0.00938	0.01047	0.01273	0.01799
6	0.02290	0.04357	0.36255	0.03870	0.11648	0.02523	0.17209	0.03345	0.02328	0.03373	0.01976	0.02454	0.01457	0.00965	0.01077	0.00338	0.01583	0.00931	0.00481	0.01540
7	0.02651	0.43222	0.09388	0.02272	0.03076	0.03762	0.05655	0.03082	0.02083	0.02632	0.01537	0.01935	0.01379	0.01086	0.01258	0.00288	0.12195	0.00697	0.00460	0.01342
8	0.02115	0.08708	0.38161	0.02531	0.03744	0.02382	0.03010	0.03372	0.09145	0.03356	0.03451	0.03561	0.09423	0.01295	0.01025	0.00333	0.01287	0.01029	0.00607	0.01466
9	0.01819	0.01512	0.02229	0.02875	0.16385	0.01435	0.01744	0.02244	0.02347	0.03219	0.09692	0.21957	0.08850	0.02232	0.01227	0.00373	0.00855	0.11463	0.00846	0.06692
10	0.01414	0.01078	0.01299	0.01244	0.01529	0.00963	0.00933	0.01836	0.02799	0.03779	0.40719	0.08656	0.25234	0.02333	0.01248	0.00341	0.00511	0.02018	0.01103	0.00963
11	0.02189	0.02647	0.13345	0.02738	0.07111	0.02143	0.08750	0.03689	0.19757	0.03807	0.12244	0.09761	0.04048	0.01551	0.01139	0.00353	0.01053	0.01403	0.00848	0.01425
12	0.01274	0.01072	0.01105	0.01097	0.01443	0.00903	0.00822	0.01564	0.02467	0.02992	0.15129	0.09952	0.51314	0.02627	0.01249	0.00355	0.00532	0.02200	0.01000	0.00903
13	0.01561	0.01215	0.01440	0.01423	0.01705	0.01180	0.01049	0.02300	0.10039	0.03634	0.27811	0.19550	0.18258	0.02417	0.01245	0.00363	0.00580	0.02114	0.01072	0.01042
14	0.02192	0.01879	0.02192	0.01566	0.02506	0.01409	0.01253	0.02662	0.02192	0.03445	0.01879	0.02192	0.01566	0.00783	0.00783	0.00157	0.00783	0.00626	0.00626	0.69305
15	0.03356	0.03677	0.03031	0.10256	0.03687	0.29982	0.02164	0.11366	0.07292	0.03378	0.01994	0.02354	0.01596	0.01251	0.01355	0.00324	0.10119	0.00835	0.00647	0.01335
16	0.01538	0.01025	0.01153	0.01153	0.01153	0.01025	0.00641	0.01538	0.01538	0.02050	0.03331	0.06919	0.03844	0.62842	0.05382	0.01025	0.01025	0.01538	0.00641	0.00641
17	0.03159	0.02351	0.03006	0.10042	0.03640	0.02550	0.06019	0.26107	0.08646	0.09303	0.03202	0.11398	0.02687	0.01524	0.01117	0.00346	0.01113	0.01303	0.00949	0.01538
18	0.01480	0.01067	0.01474	0.09865	0.02320	0.01090	0.01230	0.01780	0.02063	0.02864	0.04945	0.45920	0.05624	0.02713	0.01227	0.00394	0.00712	0.02441	0.09869	0.00921
19	0.02684	0.15616	0.11446	0.07154	0.03692	0.12934	0.07090	0.03472	0.06734	0.03095	0.01983	0.02308	0.01584	0.00983	0.00917	0.00270	0.01326	0.00781	0.00566	0.15366
20	0.02113	0.01996	0.03218	0.22668	0.04606	0.02265	0.11276	0.03188	0.12875	0.03167	0.03111	0.13917	0.02843	0.01584	0.01346	0.00378	0.06060	0.01427	0.00700	0.01264

[dist]
# distance from previous block
# <min> <max>
0	5

[block]
# block no. 1 follows, 13 sequences, length 56
# corresponding to MSA columns:
# 55-110
name=unknown_B
#
# <colnr> <probs for GDERKNQSTAVLIFYWHMCP>
#	G	D	E	R	K	N	Q	S	T	A	V	L	I	F	Y	W	H	M	C	P
0	0.02081	0.07426	0.01860	0.01470	0.01813	0.01344	0.01124	0.02409	0.02432	0.11672	0.15033	0.27136	0.10236	0.02310	0.01160	0.00353	0.00672	0.02013	0.06357	0.01098
1	0.02346	0.02018	0.02745	0.07336	0.03188	0.02201	0.06813	0.09924	0.14000	0.03734	0.03258	0.13378	0.02978	0.02179	0.06283	0.00468	0.06432	0.01371	0.00804	0.08545
2	0.01817	0.01063	0.01164	0.01151	0.01402	0.01006	0.00823	0.02197	0.02106	0.03459	0.03736	0.15083	0.03530	0.08116	0.01351	0.00355	0.00600	0.01391	0.42206	0.07444
3	0.01649	0.01114	0.01314	0.01288	0.01606	0.00974	0.00956	0.01969	0.02532	0.08318	0.19806	0.19087	0.30403	0.02548	0.01251	0.00362	0.00577	0.02194	0.01056	0.00997
4	0.26122	0.02800	0.13752	0.01988	0.02811	0.02329	0.01901	0.10505	0.07751	0.09971	0.02463	0.02864	0.01903	0.07010	0.01323	0.00397	0.01055	0.00878	0.00778	0.01401
5	0.44379	0.14121	0.02549	0.01648	0.02356	0.08002	0.01400	0.03432	0.02105	0.09379	0.01760	0.01921	0.01355	0.01010	0.00729	0.00303	0.00990	0.00631	0.00671	0.01260
6	0.02596	0.08288	0.21701	0.02300	0.03248	0.02462	0.02372	0.04312	0.22884	0.08436	0.03145	0.03132	0.02317	0.01212	0.00988	0.00327	0.01090	0.00969	0.06660	0.01560
7	0.01546	0.01078	0.01482	0.01482	0.01589	0.01186	0.01050	0.01725	0.01617	0.02264	0.02929	0.05052	0.03002	0.26898	0.35626	0.06789	0.02046	0.01258	0.00584	0.00799
8	0.70310	0.02045	0.01554	0.01390	0.02045	0.02372	0.01145	0.03108	0.01799	0.04744	0.01472	0.01718	0.01145	0.00981	0.00654	0.00327	0.00818	0.00573	0.00654	0.01145
9	0.02192	0.01879	0.02192	0.01566	0.02506	0.01409	0.01253	0.02662	0.02192	0.03445	0.01879	0.02192	0.01566	0.00783	0.00783	0.00157	0.00783	0.00626	0.00626	0.69305
10	0.01538	0.01025	0.01153	0.01153	0.01153	0.01025	0.00641	0.01538	0.01538	0.02050	0.03331	0.06919	0.03844	0.62842	0.05382	0.01025	0.01025	0.01538	0.00641	0.00641
11	0.02119	0.02043	0.03576	0.36555	0.10401	0.02362	0.10154	0.02784	0.02191	0.02906	0.02283	0.03732	0.01956	0.01283	0.01318	0.00373	0.06098	0.06096	0.00537	0.01233
12	0.02413	0.01872	0.02215	0.01593	0.02522	0.01422	0.01279	0.02877	0.02264	0.08063	0.02077	0.02314	0.01657	0.00828	0.00807	0.00171	0.00793	0.00664	0.00685	0.63482
13	0.03683	0.04638	0.03591	0.03041	0.03682	0.48348	0.11273	0.04069	0.02904	0.02734	0.01727	0.02080	0.01406	0.01053	0.01007	0.00288	0.01884	0.00785	0.00543	0.01262
14	0.01683	0.01363	0.01673	0.09702	0.02511	0.01353	0.01324	0.06257	0.02712	0.03475	0.17645	0.08148	0.29856	0.02240	0.01223	0.00359	0.00742	0.05745	0.00953	0.01039
15	0.02264	0.02650	0.11096	0.02550	0.03613	0.01898	0.15416	0.02955	0.02280	0.03416	0.01952	0.02376	0.01544	0.00844	0.00940	0.00236	0.01163	0.00816	0.00576	0.41417
16	0.01987	0.01180	0.01486	0.01348	0.01698	0.01065	0.01032	0.02437	0.02851	0.11955	0.37203	0.07273	0.15030	0.02036	0.01180	0.00329	0.00564	0.01758	0.06486	0.01102
17	0.02369	0.06475	0.22455	0.02849	0.06780	0.02203	0.09598	0.03377	0.07372	0.08150	0.08192	0.09525	0.03162	0.01409	0.01097	0.00342	0.01216	0.01260	0.00729	0.01439
18	0.01496	0.01081	0.01413	0.01330	0.01580	0.00998	0.00998	0.01995	0.02993	0.04240	0.55689	0.07898	0.09976	0.02162	0.01247	0.00333	0.00499	0.01912	0.01164	0.00998
19	0.02192	0.01879	0.02192	0.01566	0.02506	0.01409	0.01253	0.02662	0.02192	0.03445	0.01879	0.02192	0.01566	0.00783	0.00783	0.00157	0.00783	0.00626	0.00626	0.69305
20	0.01375	0.00976	0.01154	0.01287	0.01438	0.00897	0.00878	0.01595	0.02097	0.02809	0.06588	0.37394	0.18745	0.08609	0.01644	0.00448	0.00620	0.02453	0.08133	0.00860
21	0.01767	0.00964	0.01446	0.01446	0.01486	0.01004	0.01004	0.01486	0.01446	0.01967	0.02048	0.03413	0.02008	0.04575	0.15686	0.54925	0.01324	0.00964	0.00482	0.00562
22	0.01331	0.00946	0.01239	0.01430	0.01505	0.00887	0.00953	0.01531	0.02079	0.02798	0.10643	0.51821	0.07018	0.08426	0.01693	0.00472	0.00638	0.02766	0.00970	0.00854
23	0.04744	0.01799	0.02454	0.01881	0.02699	0.01554	0.01554	0.05153	0.03026	0.56979	0.04171	0.03599	0.02617	0.01309	0.01063	0.00327	0.00900	0.01063	0.01309	0.01799
24	0.01569	0.01250	0.01630	0.01704	0.01820	0.01363	0.01232	0.02034	0.06647	0.02963	0.09419	0.43827	0.06129	0.02840	0.01617	0.00419	0.09161	0.02457	0.00932	0.00985
25	0.03392	0.01931	0.02542	0.02040	0.02746	0.01875	0.05670	0.07332	0.14679	0.27607	0.05133	0.04757	0.12373	0.01551	0.01115	0.00342	0.00908	0.01316	0.01117	0.01574
26	0.01288	0.00920	0.01227	0.01472	0.01534	0.00859	0.00981	0.01472	0.02024	0.02699	0.05828	0.62152	0.06993	0.03312	0.01350	0.00429	0.00613	0.03006	0.00981	0.00859
27	0.02525	0.02532	0.03400	0.08669	0.18428	0.11017	0.06707	0.02885	0.02146	0.02791	0.01856	0.02667	0.01626	0.01949	0.05430	0.10186	0.12520	0.00933	0.00505	0.01228
28	0.02421	0.02726	0.09880	0.17319	0.35268	0.02488	0.08214	0.03155	0.02336	0.03277	0.01971	0.02643	0.01576	0.00968	0.01065	0.00329	0.01374	0.00955	0.00505	0.01532
29	0.02499	0.02502	0.03715	0.38116	0.06130	0.08468	0.11814	0.08039	0.02566	0.03215	0.01967	0.02700	0.01479	0.01052	0.01081	0.00341	0.01506	0.00970	0.00549	0.01289
30	0.45987	0.02776	0.02262	0.02409	0.09992	0.14878	0.01642	0.03375	0.02151	0.04082	0.01581	0.01887	0.01268	0.01000	0.00776	0.00313	0.01122	0.00649	0.00611	0.01238
31	0.02728	0.02628	0.03800	0.18505	0.34666	0.07449	0.02942	0.08198	0.02648	0.03524	0.01987	0.02595	0.01597	0.01015	0.01042	0.00320	0.01340	0.00920	0.00567	0.01529
32	0.01971	0.00985	0.00985	0.00985	0.01232	0.00985	0.00739	0.02464	0.02217	0.03942	0.03449	0.03942	0.02710	0.01232	0.00739	0.00246	0.00493	0.00985	0.68712	0.00985
33	0.02502	0.01813	0.02463	0.24149	0.04224	0.02057	0.01991	0.03766	0.17561	0.11001	0.03429	0.09019	0.02761	0.01434	0.01063	0.00349	0.01013	0.01233	0.06811	0.01363
34	0.01276	0.01072	0.01107	0.01099	0.01444	0.00904	0.00824	0.01568	0.02472	0.03003	0.15481	0.09934	0.50955	0.02623	0.01249	0.00354	0.00532	0.02198	0.01001	0.00904
35	0.01915	0.02551	0.14323	0.03018	0.10734	0.01830	0.12761	0.02579	0.02413	0.03274	0.09700	0.10230	0.16745	0.01713	0.01178	0.00350	0.01118	0.01577	0.00729	0.01262
36	0.02178	0.01701	0.02308	0.01818	0.02524	0.01384	0.05671	0.02603	0.02240	0.07463	0.03140	0.18411	0.03105	0.01511	0.00997	0.00261	0.00834	0.01352	0.00767	0.39731
37	0.09481	0.08117	0.02463	0.01572	0.02478	0.01792	0.01298	0.02760	0.02146	0.03486	0.01795	0.02092	0.01500	0.00816	0.00759	0.00182	0.00822	0.00615	0.00612	0.55215
38	0.06213	0.25516	0.06588	0.07661	0.03381	0.02770	0.06075	0.03435	0.02366	0.13866	0.02516	0.03236	0.02053	0.01179	0.00929	0.00299	0.01138	0.05039	0.00699	0.05042
39	0.01812	0.00927	0.01359	0.01359	0.01359	0.00927	0.00895	0.01391	0.01391	0.01854	0.01960	0.03520	0.02002	0.08559	0.04235	0.63605	0.00927	0.00969	0.00474	0.00474
40	0.01487	0.01047	0.01380	0.01574	0.01687	0.01020	0.01166	0.01740	0.02068	0.02729	0.05230	0.32960	0.06020	0.15499	0.02224	0.00573	0.00826	0.19008	0.00908	0.00854
41	0.09076	0.07955	0.03376	0.02796	0.08511	0.15760	0.06721	0.08348	0.02905	0.20560	0.02577	0.02629	0.01836	0.01117	0.00989	0.00306	0.01295	0.00888	0.00830	0.01526
42	0.02224	0.01632	0.02218	0.08006	0.10448	0.01643	0.01653	0.05480	0.07213	0.09312	0.16703	0.11421	0.13969	0.01881	0.01165	0.00347	0.00825	0.01638	0.00953	0.01269
43	0.02602	0.15862	0.33064	0.02585	0.03814	0.07707	0.02946	0.08045	0.02542	0.03443	0.01853	0.02128	0.01407	0.01000	0.00925	0.00292	0.01409	0.00735	0.00529	0.07110
44	0.03057	0.06305	0.03290	0.15431	0.09355	0.08425	0.02303	0.13464	0.07381	0.08449	0.02317	0.02677	0.01769	0.01250	0.01367	0.00340	0.09708	0.00925	0.00726	0.01463
45	0.01306	0.00952	0.01231	0.01417	0.01528	0.00877	0.00965	0.01532	0.02166	0.02878	0.11609	0.51149	0.12240	0.03126	0.01329	0.00412	0.00593	0.02812	0.01001	0.00877
46	0.02318	0.16614	0.04022	0.08350	0.14696	0.02589	0.10626	0.03040	0.06736	0.03075	0.02876	0.14897	0.02799	0.01468	0.01060	0.00332	0.01160	0.01354	0.00646	0.01344
47	0.07923	0.02786	0.10244	0.02173	0.03035	0.06964	0.01963	0.09297	0.10055	0.29558	0.03331	0.03092	0.02245	0.01241	0.01022	0.00327	0.01092	0.00968	0.01026	0.01659
48	0.02074	0.01452	0.01772	0.01707	0.02065	0.01488	0.01320	0.03174	0.16492	0.08474	0.21775	0.16666	0.06469	0.02200	0.01232	0.00377	0.00709	0.08237	0.01095	0.01221
49	0.01551	0.01361	0.02256	0.02008	0.02347	0.01254	0.11600	0.01926	0.02280	0.03015	0.10654	0.35840	0.14483	0.02593	0.01302	0.00393	0.00831	0.02405	0.00906	0.00995
50	0.12409	0.14583	0.19797	0.02705	0.08917	0.02785	0.02489	0.08324	0.06806	0.08429	0.02224	0.02389	0.01661	0.01063	0.00915	0.00311	0.01190	0.00804	0.00670	0.01529
51	0.02399	0.03170	0.18991	0.08359	0.03757	0.07981	0.06762	0.03283	0.06918	0.07575	0.03219	0.16776	0.02983	0.01619	0.01119	0.00356	0.01259	0.01414	0.00720	0.01338
52	0.02121	0.05469	0.57364	0.03014	0.04576	0.02455	0.03906	0.03348	0.02232	0.03348	0.01897	0.02232	0.01339	0.01005	0.01005	0.00335	0.01563	0.00781	0.00446	0.01563
53	0.02274	0.02200	0.03851	0.35207	0.25775	0.02438	0.07139	0.02965	0.02257	0.03045	0.01942	0.02745	0.01527	0.01000	0.01069	0.00338	0.01382	0.00966	0.00496	0.01386
54	0.02772	0.02860	0.07751	0.02568	0.03315	0.07453	0.09069	0.11080	0.26785	0.04312	0.07831	0.03620	0.03070	0.01332	0.01096	0.00341	0.01142	0.01152	0.00904	0.01547
55	0.02643	0.39763	0.04245	0.01840	0.02575	0.03415	0.01693	0.07368	0.06957	0.03076	0.03203	0.03285	0.09799	0.01308	0.01002	0.00280	0.04643	0.00928	0.00640	0.01340

[dist]
# distance from previous block
# <min> <max>
0	1

[block]
# block no. 2 follows, 13 sequences, length 22
# corresponding to MSA columns:
# 112-133
name=unknown_C
#
# <colnr> <probs for GDERKNQSTAVLIFYWHMCP>
#	G	D	E	R	K	N	Q	S	T	A	V	L	I	F	Y	W	H	M	C	P
0	0.03014	0.17937	0.04590	0.03661	0.16752	0.03008	0.12274	0.09195	0.02667	0.09212	0.02140	0.02504	0.01674	0.01067	0.01177	0.00313	0.05709	0.00921	0.00649	0.01534
1	0.09174	0.01717	0.02458	0.02019	0.02534	0.01735	0.08913	0.07564	0.02588	0.09953	0.13248	0.04842	0.07634	0.07357	0.12881	0.00659	0.01342	0.01325	0.00854	0.01204
2	0.01500	0.01009	0.01164	0.01201	0.01210	0.01000	0.00692	0.01528	0.01611	0.02147	0.03706	0.15206	0.04316	0.53911	0.04777	0.00936	0.00963	0.01758	0.00692	0.00673
3	0.02476	0.02795	0.05919	0.04277	0.05233	0.02734	0.47065	0.03297	0.02402	0.03297	0.02059	0.02795	0.01581	0.00994	0.01485	0.00368	0.08087	0.01213	0.00527	0.01397
4	0.07571	0.01800	0.02092	0.07784	0.02834	0.01600	0.01387	0.02749	0.06028	0.03455	0.03350	0.03548	0.09777	0.01161	0.00893	0.00236	0.00819	0.00938	0.00698	0.41280
5	0.01350	0.00968	0.01282	0.01430	0.01547	0.00900	0.00986	0.01628	0.02312	0.03157	0.20637	0.46037	0.07879	0.02971	0.01319	0.00401	0.00579	0.02681	0.01036	0.00900
6	0.02192	0.01879	0.02192	0.01566	0.02506	0.01409	0.01253	0.02662	0.02192	0.03445	0.01879	0.02192	0.01566	0.00783	0.00783	0.00157	0.00783	0.00626	0.00626	0.69305
7	0.01893	0.01700	0.02979	0.11017	0.03382	0.01718	0.16490	0.02266	0.01911	0.02548	0.02756	0.05086	0.02808	0.35017	0.03495	0.00724	0.01310	0.01361	0.00583	0.00956
8	0.01883	0.01557	0.02174	0.01999	0.02125	0.01996	0.01609	0.02223	0.01747	0.02712	0.02378	0.03426	0.02178	0.04625	0.29091	0.01014	0.24447	0.01032	0.10751	0.01031
9	0.01516	0.01111	0.01591	0.01591	0.01742	0.01263	0.01187	0.01818	0.01667	0.02374	0.02931	0.04702	0.02882	0.18826	0.48081	0.01565	0.02473	0.01213	0.00581	0.00884
10	0.01421	0.01074	0.01320	0.01328	0.01589	0.00973	0.01007	0.01816	0.02661	0.03557	0.32045	0.14757	0.22954	0.02513	0.01280	0.00365	0.00569	0.06750	0.01071	0.00949
11	0.02121	0.05469	0.57364	0.03014	0.04576	0.02455	0.03906	0.03348	0.02232	0.03348	0.01897	0.02232	0.01339	0.01005	0.01005	0.00335	0.01563	0.00781	0.00446	0.01563
12	0.01708	0.01578	0.02542	0.02080	0.02579	0.01465	0.13844	0.02343	0.05604	0.03415	0.19057	0.11607	0.23711	0.02079	0.01246	0.00357	0.00863	0.01907	0.00921	0.01096
13	0.04240	0.02093	0.02541	0.01970	0.02741	0.02052	0.01620	0.20161	0.03571	0.35629	0.03576	0.03292	0.02363	0.01288	0.01030	0.00316	0.00945	0.01020	0.07831	0.01719
14	0.02470	0.02038	0.03156	0.24041	0.18839	0.02321	0.02528	0.03221	0.06069	0.07526	0.02369	0.02961	0.01839	0.01184	0.01307	0.00343	0.08158	0.00972	0.07282	0.01378
15	0.01827	0.06181	0.06282	0.01667	0.02063	0.01589	0.01410	0.02593	0.09965	0.03131	0.04915	0.18597	0.09824	0.09297	0.01648	0.00449	0.00845	0.08957	0.07677	0.01083
16	0.01316	0.00959	0.01239	0.01411	0.01530	0.00883	0.00966	0.01555	0.02208	0.02946	0.13799	0.48790	0.12346	0.03076	0.01324	0.00408	0.00588	0.02764	0.01009	0.00883
17	0.02226	0.01504	0.01633	0.01448	0.01698	0.01583	0.00999	0.14502	0.02503	0.03498	0.03151	0.05362	0.03156	0.37896	0.03581	0.00727	0.00977	0.01306	0.11266	0.00984
18	0.02546	0.02553	0.08712	0.04076	0.24671	0.02316	0.06215	0.03799	0.15749	0.06759	0.03124	0.09344	0.02659	0.01345	0.01098	0.00344	0.01128	0.01241	0.00754	0.01565
19	0.02420	0.07239	0.13670	0.02329	0.02950	0.02540	0.02206	0.13326	0.02527	0.03557	0.02211	0.02896	0.01871	0.03458	0.20143	0.00789	0.12983	0.00943	0.00620	0.01321
20	0.11655	0.01624	0.02082	0.01693	0.02312	0.01498	0.01355	0.04030	0.02632	0.37294	0.08681	0.03753	0.03067	0.01711	0.01494	0.10666	0.00853	0.01069	0.01090	0.01441
21	0.02118	0.01891	0.02808	0.23439	0.15029	0.02120	0.02288	0.03210	0.13584	0.03344	0.07016	0.12301	0.03333	0.01536	0.01117	0.00356	0.01066	0.01378	0.00741	0.01325

[dist]
# distance from previous block
# <min> <max>
11	22

[block]
# block no. 3 follows, 13 sequences, length 19
# corresponding to MSA columns:
# 159-177
name=unknown_D
#
# <colnr> <probs for GDERKNQSTAVLIFYWHMCP>
#	G	D	E	R	K	N	Q	S	T	A	V	L	I	F	Y	W	H	M	C	P
0	0.01349	0.01043	0.01191	0.01212	0.01452	0.00928	0.00863	0.01629	0.02389	0.03078	0.20094	0.18120	0.30372	0.09436	0.01731	0.00439	0.00595	0.02207	0.00988	0.00884
1	0.01948	0.01737	0.02973	0.16864	0.12834	0.01799	0.09563	0.02501	0.02308	0.03210	0.09083	0.17781	0.03907	0.01696	0.01149	0.00354	0.01067	0.01599	0.06442	0.01186
2	0.03350	0.02984	0.03681	0.04380	0.28269	0.09148	0.02596	0.23915	0.03539	0.04690	0.02177	0.02504	0.01691	0.01095	0.01041	0.00311	0.01291	0.00917	0.00748	0.01675
3	0.01907	0.01149	0.01486	0.01418	0.01720	0.01036	0.01056	0.02291	0.02698	0.11654	0.30827	0.20606	0.13311	0.02369	0.01244	0.00358	0.00591	0.02084	0.01121	0.01073
4	0.01997	0.01879	0.03171	0.60301	0.07282	0.02349	0.02936	0.02701	0.02114	0.02701	0.01879	0.02819	0.01409	0.01057	0.01057	0.00352	0.01409	0.00940	0.00470	0.01175
5	0.02396	0.02431	0.03132	0.09566	0.10313	0.11773	0.07706	0.02782	0.02189	0.02778	0.02456	0.08331	0.02377	0.02153	0.05592	0.05855	0.11833	0.04594	0.00581	0.01161
6	0.03304	0.03043	0.03414	0.02721	0.03345	0.12603	0.08545	0.24906	0.03551	0.04602	0.06327	0.02853	0.02271	0.01363	0.01511	0.00342	0.12009	0.01015	0.00803	0.01472
7	0.02617	0.02512	0.04292	0.06490	0.56246	0.02512	0.03245	0.03245	0.02407	0.03454	0.01989	0.02617	0.01675	0.00942	0.01047	0.00314	0.01256	0.00942	0.00523	0.01675
8	0.01298	0.01065	0.01151	0.01207	0.01514	0.00919	0.00912	0.01575	0.02362	0.02865	0.09590	0.17102	0.44740	0.02783	0.01283	0.00379	0.00587	0.06789	0.00981	0.00896
9	0.02075	0.02672	0.12799	0.16613	0.04359	0.06715	0.11077	0.02726	0.02279	0.02963	0.03157	0.17769	0.03149	0.01715	0.01175	0.00372	0.01316	0.05220	0.00647	0.01200
10	0.03335	0.19663	0.04278	0.08968	0.03870	0.02865	0.12134	0.10875	0.02851	0.17341	0.02502	0.02668	0.01802	0.01076	0.00990	0.00306	0.01239	0.00930	0.00780	0.01529
11	0.54386	0.02137	0.01865	0.01581	0.02278	0.02399	0.01303	0.09789	0.02349	0.10811	0.01911	0.02034	0.01394	0.01055	0.00752	0.00326	0.00872	0.00677	0.00780	0.01303
12	0.01348	0.00945	0.01209	0.01395	0.01442	0.00899	0.00899	0.01488	0.01907	0.02542	0.05225	0.48817	0.06233	0.17685	0.02323	0.00573	0.00713	0.02651	0.00899	0.00806
13	0.02452	0.01949	0.03322	0.46797	0.06444	0.02257	0.06898	0.03128	0.02284	0.10932	0.02246	0.02939	0.01608	0.01081	0.01074	0.00349	0.01364	0.00984	0.00602	0.01290
14	0.07761	0.02038	0.02807	0.03542	0.22081	0.02134	0.02110	0.07872	0.10432	0.03957	0.07709	0.10862	0.03667	0.01640	0.01118	0.00356	0.00982	0.06691	0.00823	0.01417
15	0.01361	0.00976	0.01292	0.01423	0.01550	0.00907	0.00987	0.01655	0.02363	0.03238	0.23258	0.43186	0.08036	0.02910	0.01314	0.00396	0.00573	0.02623	0.01045	0.00907
16	0.07959	0.08822	0.10681	0.09089	0.04015	0.07128	0.10403	0.12097	0.06294	0.09919	0.02368	0.02604	0.01727	0.01095	0.01010	0.00322	0.01323	0.00920	0.00730	0.01495
17	0.30355	0.02246	0.03147	0.02466	0.03133	0.02457	0.13865	0.03432	0.02150	0.13119	0.02089	0.02426	0.01556	0.01171	0.01370	0.00358	0.11741	0.00885	0.00705	0.01329
18	0.03191	0.13667	0.03282	0.07939	0.10053	0.02218	0.01877	0.03658	0.02479	0.20833	0.02571	0.02676	0.01872	0.01026	0.00916	0.00265	0.01009	0.00830	0.00790	0.18850

[dist]
# distance from previous block
# <min> <max>
5	13

[block]
# block no. 4 follows, 13 sequences, length 27
# corresponding to MSA columns:
# 191-217
name=unknown_E
#
# <colnr> <probs for GDERKNQSTAVLIFYWHMCP>
#	G	D	E	R	K	N	Q	S	T	A	V	L	I	F	Y	W	H	M	C	P
0	0.03554	0.03452	0.02901	0.09048	0.03578	0.25759	0.01985	0.15826	0.03268	0.08086	0.02123	0.02344	0.01605	0.01104	0.00975	0.00280	0.01425	0.00800	0.00735	0.11150
1	0.03196	0.04708	0.17500	0.02809	0.03536	0.34621	0.02583	0.03716	0.02568	0.02783	0.01664	0.02060	0.01360	0.01191	0.01378	0.00320	0.11450	0.00748	0.00505	0.01304
2	0.01443	0.01126	0.01328	0.01449	0.01655	0.01085	0.01019	0.01994	0.08557	0.02953	0.06940	0.41165	0.19524	0.02913	0.01289	0.00401	0.00620	0.02577	0.00993	0.00968
3	0.04071	0.02520	0.02856	0.02229	0.03036	0.02669	0.01828	0.32321	0.10446	0.21838	0.03257	0.03037	0.02225	0.01302	0.01062	0.00325	0.01042	0.01016	0.01137	0.01783
4	0.03864	0.02055	0.02200	0.01841	0.02457	0.09562	0.01453	0.04236	0.02799	0.35998	0.03923	0.10601	0.02987	0.01514	0.01043	0.00322	0.00959	0.01238	0.09444	0.01502
5	0.02515	0.01667	0.01991	0.01822	0.02262	0.01711	0.01433	0.14891	0.05462	0.10482	0.05034	0.20745	0.10156	0.02722	0.05824	0.00486	0.01007	0.07511	0.01011	0.01270
6	0.02121	0.05469	0.57364	0.03014	0.04576	0.02455	0.03906	0.03348	0.02232	0.03348	0.01897	0.02232	0.01339	0.01005	0.01005	0.00335	0.01563	0.00781	0.00446	0.01563
7	0.02135	0.01390	0.01613	0.01477	0.01819	0.01376	0.01100	0.08836	0.04950	0.08095	0.17070	0.14126	0.11511	0.09519	0.01661	0.00423	0.00716	0.01725	0.09342	0.01116
8	0.03761	0.04643	0.02910	0.02642	0.03194	0.50587	0.01990	0.04422	0.10344	0.02850	0.02016	0.02198	0.01629	0.01139	0.00971	0.00285	0.01754	0.00755	0.00621	0.01290
9	0.02328	0.01616	0.02185	0.02458	0.11331	0.01576	0.01593	0.08664	0.02816	0.10197	0.13862	0.18460	0.11381	0.02108	0.01204	0.00361	0.00819	0.04793	0.00983	0.01264
10	0.01340	0.01073	0.01208	0.01256	0.01552	0.00941	0.00958	0.01653	0.02439	0.03043	0.14958	0.16100	0.38535	0.02718	0.01287	0.00378	0.00594	0.08051	0.01003	0.00911
11	0.01997	0.01879	0.03171	0.60301	0.07282	0.02349	0.02936	0.02701	0.02114	0.02701	0.01879	0.02819	0.01409	0.01057	0.01057	0.00352	0.01409	0.00940	0.00470	0.01175
12	0.02165	0.01439	0.01868	0.08712	0.02628	0.01308	0.01338	0.02570	0.02236	0.09775	0.03631	0.21597	0.03551	0.01743	0.01024	0.00301	0.00779	0.01520	0.10547	0.21268
13	0.01672	0.01322	0.01318	0.01354	0.01412	0.05601	0.00833	0.01737	0.01769	0.02246	0.03782	0.19504	0.04385	0.43895	0.04079	0.00825	0.00999	0.01814	0.00713	0.00739
14	0.02031	0.01486	0.01736	0.01694	0.01955	0.01567	0.01266	0.09511	0.08802	0.03360	0.04235	0.15038	0.04461	0.23676	0.02722	0.00628	0.00950	0.12956	0.00882	0.01044
15	0.02429	0.02651	0.11993	0.02298	0.02995	0.05567	0.08878	0.08911	0.09013	0.03899	0.03172	0.10244	0.02711	0.01417	0.01021	0.00323	0.01080	0.01234	0.18839	0.01324
16	0.25663	0.02968	0.02405	0.02034	0.02722	0.18841	0.01618	0.09693	0.02844	0.18226	0.02361	0.02368	0.01676	0.01134	0.00898	0.00310	0.01201	0.00779	0.00843	0.01418
17	0.03773	0.02489	0.02790	0.02187	0.02944	0.02660	0.01789	0.35220	0.07509	0.15427	0.09068	0.03438	0.02980	0.01390	0.01082	0.00323	0.01018	0.01098	0.01117	0.01698
18	0.01423	0.01018	0.01375	0.01582	0.01714	0.00970	0.01175	0.01724	0.02245	0.03000	0.11508	0.42543	0.07095	0.03076	0.01367	0.00434	0.00696	0.15151	0.01000	0.00905
19	0.02922	0.33310	0.18691	0.02360	0.03349	0.17440	0.02426	0.03481	0.02384	0.02742	0.01625	0.01892	0.01353	0.00978	0.00835	0.00267	0.01441	0.00652	0.00474	0.01379
20	0.02086	0.01898	0.02156	0.05571	0.02603	0.08675	0.01797	0.02454	0.02228	0.02818	0.03859	0.07821	0.04112	0.09765	0.02215	0.00514	0.11810	0.25850	0.00759	0.01008
21	0.01941	0.01297	0.01548	0.01442	0.01586	0.01366	0.00968	0.08878	0.02021	0.02723	0.02900	0.05315	0.03058	0.37103	0.11101	0.12733	0.01249	0.01298	0.00660	0.00812
22	0.02227	0.02161	0.02434	0.09305	0.02948	0.09114	0.01803	0.02879	0.09463	0.02808	0.02998	0.14802	0.03042	0.09260	0.02338	0.00472	0.18723	0.01416	0.00684	0.01121
23	0.02693	0.02772	0.10190	0.03100	0.07798	0.08470	0.16629	0.03309	0.02485	0.10876	0.03090	0.13656	0.02751	0.01456	0.01126	0.00343	0.01303	0.01378	0.05213	0.01360
24	0.01461	0.00993	0.01293	0.01474	0.01586	0.00968	0.01052	0.01722	0.02045	0.02841	0.05123	0.40009	0.05831	0.08093	0.05398	0.00548	0.00830	0.09133	0.08724	0.00878
25	0.02932	0.02079	0.02710	0.02173	0.02728	0.02151	0.07577	0.22411	0.03225	0.09694	0.03265	0.11143	0.03025	0.17380	0.02234	0.00520	0.01108	0.01403	0.00903	0.01339
26	0.03132	0.02340	0.03427	0.11041	0.26391	0.02442	0.02529	0.10900	0.09240	0.13711	0.02737	0.02973	0.02023	0.01130	0.01056	0.00327	0.01145	0.00996	0.00805	0.01655

[dist]
# distance from previous block
# <min> <max>
0	70

# created by:
# /st0/software/busco_prod/Augustus/scripts/msa2prfl.pl ./align_prep/5634.fa
