[name]
unknown

[dist]
# distance from previous block
# <min> <max>
0	28

[block]
# block no. 0 follows, 10 sequences, length 12
# corresponding to MSA columns:
# 29-40
name=unknown_A
#
# <colnr> <probs for GDERKNQSTAVLIFYWHMCP>
#	G	D	E	R	K	N	Q	S	T	A	V	L	I	F	Y	W	H	M	C	P
0	0.01927	0.01219	0.01743	0.01913	0.02084	0.01219	0.01559	0.02084	0.02254	0.02948	0.04649	0.09625	0.04990	0.03515	0.02678	0.24462	0.01049	0.28354	0.00865	0.00865
1	0.01992	0.01367	0.01545	0.01473	0.01863	0.01260	0.01092	0.02576	0.07080	0.08719	0.13220	0.14526	0.28494	0.07414	0.01730	0.00457	0.00714	0.02204	0.01118	0.01155
2	0.16270	0.01934	0.02228	0.01820	0.02556	0.01851	0.01464	0.04197	0.07103	0.22627	0.12965	0.04310	0.04071	0.01488	0.01079	0.00338	0.00860	0.01195	0.01138	0.10505
3	0.02986	0.01695	0.02141	0.01895	0.02431	0.01653	0.01512	0.04028	0.12142	0.19023	0.23202	0.06931	0.06631	0.02036	0.01301	0.00389	0.00812	0.06404	0.01286	0.01502
4	0.36776	0.02116	0.02196	0.01795	0.02603	0.02166	0.01481	0.04525	0.02643	0.28568	0.03080	0.02907	0.02056	0.01257	0.00941	0.00360	0.00944	0.00895	0.01074	0.01614
5	0.02495	0.01356	0.01757	0.01617	0.02026	0.01208	0.01224	0.02906	0.02978	0.16666	0.23678	0.18764	0.13700	0.02490	0.01344	0.00391	0.00698	0.02173	0.01250	0.01279
6	0.02835	0.01639	0.02091	0.01749	0.02384	0.01373	0.01352	0.03265	0.02788	0.17559	0.12718	0.16947	0.05112	0.01944	0.01185	0.00330	0.00798	0.01688	0.01099	0.21147
7	0.02975	0.02148	0.02429	0.02102	0.02707	0.02317	0.01651	0.10675	0.24495	0.10307	0.18618	0.05409	0.05522	0.01781	0.01237	0.00376	0.00864	0.01502	0.01238	0.01648
8	0.01691	0.01128	0.01268	0.01268	0.01268	0.01128	0.00705	0.01691	0.01691	0.02255	0.03665	0.07611	0.04228	0.59126	0.05920	0.01128	0.01128	0.01691	0.00705	0.00705
9	0.01861	0.01471	0.01762	0.01535	0.02034	0.01227	0.01134	0.02254	0.02551	0.03638	0.16354	0.15299	0.10595	0.07960	0.01675	0.00395	0.00749	0.01794	0.00949	0.24766
10	0.03478	0.01779	0.02202	0.01868	0.02379	0.01721	0.01429	0.09717	0.02960	0.22969	0.04166	0.06074	0.03640	0.22648	0.02946	0.00656	0.01088	0.05764	0.01096	0.01421
11	0.01417	0.01012	0.01350	0.01619	0.01687	0.00945	0.01080	0.01619	0.02227	0.02969	0.06410	0.58367	0.07692	0.03644	0.01484	0.00472	0.00675	0.03306	0.01080	0.00945

[dist]
# distance from previous block
# <min> <max>
2	7

[block]
# block no. 1 follows, 10 sequences, length 9
# corresponding to MSA columns:
# 48-55,62
name=unknown_B
#
# <colnr> <probs for GDERKNQSTAVLIFYWHMCP>
#	G	D	E	R	K	N	Q	S	T	A	V	L	I	F	Y	W	H	M	C	P
0	0.20031	0.02044	0.02463	0.01941	0.02797	0.01924	0.01602	0.05132	0.03007	0.41360	0.03880	0.03465	0.02493	0.01354	0.01062	0.00360	0.00968	0.01041	0.01268	0.01808
1	0.02412	0.02067	0.02412	0.01723	0.02756	0.01550	0.01378	0.02929	0.02412	0.03790	0.02067	0.02412	0.01723	0.00861	0.00861	0.00172	0.00861	0.00689	0.00689	0.66236
2	0.01658	0.01232	0.01794	0.01772	0.01996	0.01369	0.01369	0.02105	0.02208	0.03168	0.14595	0.05551	0.04831	0.07210	0.41845	0.01511	0.02503	0.01451	0.00780	0.01052
3	0.52528	0.02185	0.01945	0.01658	0.02421	0.02395	0.01367	0.03955	0.02301	0.16535	0.02327	0.02383	0.01646	0.01165	0.00827	0.00360	0.00921	0.00758	0.00891	0.01431
4	0.02509	0.02334	0.03704	0.24466	0.23559	0.02406	0.02918	0.03190	0.02470	0.03484	0.02113	0.02851	0.01703	0.01042	0.01087	0.00320	0.01321	0.00952	0.00580	0.16989
5	0.01625	0.01180	0.01653	0.01701	0.01841	0.01297	0.01233	0.01917	0.01895	0.02655	0.03808	0.14650	0.04022	0.18285	0.35122	0.01470	0.02274	0.01700	0.00720	0.00953
6	0.03497	0.02386	0.02709	0.02212	0.02883	0.02524	0.01770	0.27764	0.04361	0.10580	0.14169	0.11372	0.04794	0.01907	0.01252	0.00370	0.01012	0.01584	0.01205	0.01650
7	0.02825	0.02277	0.03530	0.39857	0.11031	0.02652	0.02989	0.09076	0.02853	0.08203	0.02405	0.03120	0.01755	0.01207	0.01162	0.00376	0.01448	0.01048	0.00691	0.01495
8	0.09712	0.12408	0.03464	0.02731	0.09203	0.02731	0.01988	0.09868	0.07431	0.19722	0.03397	0.06883	0.02632	0.01435	0.01073	0.00348	0.01085	0.01151	0.01013	0.01726

[dist]
# distance from previous block
# <min> <max>
0	1

[block]
# block no. 2 follows, 10 sequences, length 27
# corresponding to MSA columns:
# 64-90
name=unknown_C
#
# <colnr> <probs for GDERKNQSTAVLIFYWHMCP>
#	G	D	E	R	K	N	Q	S	T	A	V	L	I	F	Y	W	H	M	C	P
0	0.51628	0.02329	0.02049	0.01735	0.02504	0.02601	0.01430	0.08858	0.02565	0.11931	0.02159	0.02275	0.01563	0.01165	0.00832	0.00359	0.00956	0.00751	0.00869	0.01440
1	0.02020	0.01010	0.01515	0.01515	0.01515	0.01010	0.01010	0.01515	0.01515	0.02020	0.02020	0.03535	0.02020	0.04040	0.04545	0.66162	0.01010	0.01010	0.00505	0.00505
2	0.67341	0.02249	0.01709	0.01529	0.02249	0.02609	0.01260	0.03419	0.01979	0.05218	0.01619	0.01889	0.01260	0.01080	0.00720	0.00360	0.00900	0.00630	0.00720	0.01260
3	0.09616	0.01674	0.01893	0.01581	0.02183	0.01471	0.01189	0.02736	0.02393	0.08101	0.07661	0.10099	0.07305	0.11606	0.01893	0.00438	0.00859	0.01407	0.00880	0.25015
4	0.01861	0.01439	0.01807	0.07753	0.02505	0.01473	0.01306	0.02442	0.07542	0.03014	0.04373	0.23098	0.04769	0.22223	0.02903	0.00655	0.00977	0.02018	0.00862	0.06981
5	0.01473	0.01159	0.01341	0.01424	0.01713	0.01027	0.01067	0.01802	0.02627	0.03312	0.14327	0.22133	0.31508	0.03075	0.01427	0.00425	0.00660	0.07402	0.01101	0.00996
6	0.03610	0.22055	0.04051	0.02415	0.03251	0.24094	0.02005	0.08158	0.03049	0.03414	0.01885	0.02147	0.01583	0.01092	0.00929	0.00265	0.01523	0.00726	0.00637	0.13110
7	0.31885	0.02232	0.02319	0.01861	0.02698	0.02273	0.01531	0.08609	0.02865	0.22825	0.02876	0.02794	0.01974	0.01223	0.00944	0.00341	0.00967	0.00876	0.01027	0.07882
8	0.02671	0.02700	0.03875	0.33837	0.22058	0.08640	0.03229	0.03363	0.02545	0.03232	0.02076	0.02911	0.01641	0.01125	0.01146	0.00363	0.01558	0.01002	0.00546	0.01481
9	0.01496	0.01116	0.01391	0.01464	0.01681	0.01011	0.01044	0.01851	0.02727	0.03656	0.24761	0.29091	0.18438	0.03007	0.01417	0.00414	0.00608	0.02660	0.01157	0.01011
10	0.32235	0.02097	0.02269	0.01835	0.02656	0.02101	0.01514	0.04690	0.02742	0.32037	0.03297	0.03059	0.02175	0.01283	0.00974	0.00360	0.00951	0.00935	0.01126	0.01666
11	0.02020	0.01010	0.01515	0.01515	0.01515	0.01010	0.01010	0.01515	0.01515	0.02020	0.02020	0.03535	0.02020	0.04040	0.04545	0.66162	0.01010	0.01010	0.00505	0.00505
12	0.02051	0.01240	0.01591	0.01600	0.01810	0.01175	0.01145	0.02331	0.02453	0.08889	0.14060	0.19986	0.06536	0.20798	0.02859	0.00656	0.00885	0.07862	0.01040	0.01035
13	0.02216	0.01840	0.02027	0.01977	0.02402	0.02009	0.01472	0.04108	0.28156	0.04021	0.06102	0.23644	0.10359	0.02441	0.01308	0.00421	0.00799	0.02126	0.01136	0.01437
14	0.02646	0.02847	0.06134	0.04440	0.05456	0.02678	0.41289	0.03424	0.02577	0.03493	0.02308	0.03192	0.01800	0.01398	0.01805	0.09359	0.01831	0.01323	0.00577	0.01424
15	0.02333	0.06016	0.53100	0.03315	0.05034	0.02701	0.04297	0.03683	0.02455	0.03683	0.02087	0.02455	0.01473	0.01105	0.01105	0.00368	0.01719	0.00859	0.00491	0.01719
16	0.01582	0.01191	0.01495	0.01641	0.01897	0.01104	0.01286	0.01963	0.02628	0.03387	0.13140	0.23295	0.20998	0.03143	0.01479	0.00457	0.00766	0.16430	0.01100	0.01016
17	0.02127	0.01657	0.01995	0.01589	0.02259	0.01327	0.01217	0.02422	0.02366	0.03470	0.08863	0.04368	0.08570	0.01898	0.01700	0.13127	0.00823	0.01119	0.00766	0.38336
18	0.04530	0.03083	0.03383	0.02593	0.03520	0.03348	0.02142	0.42223	0.05177	0.13512	0.03037	0.02951	0.02101	0.01402	0.01164	0.00351	0.01240	0.01064	0.01201	0.01978
19	0.02060	0.01660	0.01963	0.01612	0.02239	0.01339	0.01183	0.02409	0.02232	0.03316	0.03300	0.15288	0.03478	0.12847	0.01983	0.00423	0.00874	0.01440	0.00775	0.39581
20	0.02173	0.01448	0.01722	0.01601	0.02057	0.01295	0.01201	0.02744	0.06285	0.10206	0.11599	0.21113	0.19633	0.02527	0.01302	0.00382	0.00720	0.02183	0.01112	0.08698
21	0.02333	0.01367	0.01718	0.01583	0.02021	0.01218	0.01251	0.02785	0.03041	0.14027	0.24795	0.08955	0.20685	0.02446	0.01358	0.00392	0.00712	0.06842	0.01230	0.01243
22	0.01843	0.01403	0.01674	0.01531	0.01896	0.01210	0.01048	0.02079	0.02101	0.02992	0.04011	0.22091	0.04503	0.22072	0.02825	0.00601	0.00895	0.01874	0.00819	0.22533
23	0.03034	0.01556	0.02012	0.01752	0.02225	0.01472	0.01345	0.03591	0.08069	0.19874	0.15553	0.05669	0.09086	0.02412	0.02016	0.15551	0.00847	0.01485	0.01125	0.01327
24	0.07447	0.01531	0.01850	0.06590	0.02542	0.01558	0.01385	0.02996	0.07420	0.08789	0.19419	0.12490	0.12328	0.02137	0.01232	0.00378	0.00768	0.01827	0.06060	0.01253
25	0.17592	0.01544	0.01820	0.01750	0.02155	0.01558	0.01357	0.02961	0.02324	0.13528	0.04036	0.16606	0.03964	0.02614	0.01861	0.13281	0.00917	0.08013	0.00956	0.01162
26	0.01578	0.01202	0.01596	0.01746	0.01798	0.01268	0.01207	0.01764	0.02115	0.02869	0.05537	0.46199	0.06590	0.09705	0.02253	0.00550	0.07237	0.02860	0.00971	0.00956

[dist]
# distance from previous block
# <min> <max>
4	23

[block]
# block no. 3 follows, 10 sequences, length 31
# corresponding to MSA columns:
# 116-146
name=unknown_D
#
# <colnr> <probs for GDERKNQSTAVLIFYWHMCP>
#	G	D	E	R	K	N	Q	S	T	A	V	L	I	F	Y	W	H	M	C	P
0	0.10067	0.08503	0.02799	0.01886	0.02741	0.02173	0.01552	0.07899	0.02831	0.14239	0.03031	0.08670	0.02555	0.01371	0.00994	0.00289	0.00956	0.01092	0.00915	0.25436
1	0.02806	0.02830	0.13342	0.02259	0.03058	0.02093	0.02103	0.13322	0.03109	0.09042	0.03798	0.18310	0.03668	0.06552	0.01592	0.00433	0.01128	0.01649	0.00937	0.07969
2	0.10710	0.02693	0.03117	0.02779	0.08582	0.02750	0.02027	0.23801	0.03889	0.11585	0.02672	0.02771	0.01945	0.01218	0.01053	0.00315	0.01129	0.00943	0.00987	0.15033
3	0.03319	0.01823	0.02549	0.02571	0.07868	0.01788	0.01833	0.07244	0.02907	0.21758	0.04245	0.11518	0.03677	0.03437	0.12932	0.00719	0.01490	0.05717	0.01064	0.01540
4	0.03288	0.02716	0.02964	0.21373	0.04746	0.12889	0.02304	0.04184	0.08699	0.13694	0.08342	0.03849	0.03112	0.01414	0.01167	0.00362	0.01357	0.01157	0.00893	0.01492
5	0.09712	0.02186	0.02775	0.20680	0.04557	0.02504	0.02196	0.07676	0.15520	0.08963	0.03485	0.08899	0.02843	0.01561	0.01154	0.00389	0.01145	0.01309	0.00919	0.01526
6	0.02378	0.01316	0.01725	0.01629	0.01993	0.01182	0.01216	0.02775	0.02916	0.15109	0.23268	0.23304	0.11361	0.02602	0.01360	0.00400	0.00693	0.02292	0.01238	0.01244
7	0.01890	0.01118	0.01452	0.01598	0.01774	0.01038	0.01110	0.02159	0.02363	0.08113	0.05905	0.46249	0.06629	0.03140	0.01370	0.00436	0.00690	0.02818	0.09081	0.01065
8	0.03465	0.01925	0.02416	0.02056	0.02739	0.01831	0.01688	0.07867	0.08442	0.22311	0.10268	0.06195	0.04534	0.01868	0.01252	0.00379	0.00955	0.10011	0.01212	0.08586
9	0.15208	0.01813	0.02147	0.01840	0.02446	0.01795	0.01447	0.04152	0.07787	0.24077	0.09132	0.08522	0.03857	0.01952	0.01501	0.07457	0.00893	0.01347	0.01134	0.01493
10	0.02968	0.01449	0.01878	0.01717	0.02193	0.01304	0.01348	0.03381	0.02866	0.21705	0.10856	0.17080	0.10524	0.02325	0.01285	0.00396	0.00796	0.06387	0.08167	0.01375
11	0.01801	0.01088	0.01351	0.01351	0.01351	0.01088	0.00807	0.01632	0.01632	0.02176	0.03114	0.06246	0.03489	0.40677	0.05459	0.22908	0.01088	0.01463	0.00638	0.00638
12	0.02043	0.01240	0.01443	0.01499	0.01736	0.01268	0.01117	0.02681	0.07402	0.03735	0.04466	0.16237	0.04287	0.02379	0.01536	0.08491	0.00725	0.06173	0.30481	0.01064
13	0.03738	0.01756	0.02248	0.01884	0.02545	0.01605	0.01494	0.04457	0.08117	0.31416	0.10272	0.11143	0.10250	0.01967	0.01250	0.00380	0.00856	0.01663	0.01314	0.01645
14	0.02545	0.02545	0.03562	0.03053	0.03053	0.03562	0.02545	0.02799	0.01781	0.02799	0.01527	0.02545	0.01527	0.02036	0.03817	0.00509	0.56997	0.01018	0.00509	0.01272
15	0.01661	0.01246	0.01869	0.01869	0.02077	0.01454	0.01454	0.02077	0.01869	0.02700	0.03115	0.04569	0.02908	0.08723	0.54517	0.01869	0.03115	0.01246	0.00623	0.01038
16	0.02650	0.01368	0.01783	0.01634	0.01986	0.01249	0.01189	0.02976	0.02724	0.17822	0.17478	0.18091	0.06435	0.14519	0.02310	0.00551	0.00829	0.02009	0.01159	0.01238
17	0.02918	0.03246	0.02667	0.02483	0.02839	0.24638	0.01913	0.03266	0.02478	0.02774	0.02376	0.03283	0.02150	0.04752	0.25964	0.01045	0.08404	0.01007	0.00601	0.01198
18	0.02196	0.02067	0.03488	0.56331	0.08010	0.02584	0.03230	0.02972	0.02326	0.02972	0.02067	0.03101	0.01550	0.01163	0.01163	0.00388	0.01550	0.01034	0.00517	0.01292
19	0.04720	0.13922	0.03460	0.02104	0.03025	0.02460	0.01809	0.08754	0.03310	0.38673	0.03830	0.03433	0.02520	0.01345	0.01082	0.00336	0.01066	0.01047	0.01224	0.01880
20	0.01581	0.01150	0.01377	0.01369	0.01566	0.01067	0.00942	0.01887	0.02595	0.03497	0.25137	0.14216	0.16568	0.18844	0.02684	0.00600	0.00736	0.02184	0.01055	0.00946
21	0.01943	0.01445	0.01921	0.13659	0.03169	0.01431	0.01534	0.02428	0.02810	0.07519	0.19925	0.08109	0.25183	0.02269	0.01310	0.00382	0.00825	0.01936	0.01038	0.01164
22	0.01675	0.01193	0.01599	0.01599	0.01713	0.01307	0.01117	0.01903	0.01789	0.02500	0.03362	0.05938	0.03502	0.31401	0.32652	0.01535	0.02221	0.01446	0.00660	0.00888
23	0.02412	0.02067	0.02412	0.01723	0.02756	0.01550	0.01378	0.02929	0.02412	0.03790	0.02067	0.02412	0.01723	0.00861	0.00861	0.00172	0.00861	0.00689	0.00689	0.66236
24	0.02344	0.01278	0.01688	0.01716	0.01976	0.01185	0.01241	0.02603	0.02428	0.13792	0.05532	0.33230	0.05960	0.12251	0.02159	0.00562	0.00861	0.06952	0.01096	0.01145
25	0.02272	0.01948	0.02382	0.13128	0.03631	0.02191	0.01910	0.04008	0.23406	0.03892	0.05637	0.10516	0.11692	0.02061	0.01280	0.00414	0.00991	0.06199	0.01010	0.01432
26	0.01910	0.01680	0.02392	0.25805	0.04601	0.01889	0.02065	0.02720	0.07486	0.03216	0.05626	0.16527	0.15251	0.02152	0.01283	0.00407	0.01068	0.01877	0.00842	0.01204
27	0.02360	0.02168	0.03287	0.43658	0.06839	0.02657	0.02904	0.03725	0.13467	0.03416	0.02693	0.03392	0.02020	0.01260	0.01168	0.00389	0.01402	0.01100	0.00673	0.01421
28	0.38368	0.01846	0.01782	0.01801	0.02320	0.02047	0.01532	0.02972	0.02288	0.04449	0.03628	0.06859	0.03664	0.02024	0.01112	0.00438	0.00975	0.19843	0.00875	0.01176
29	0.39810	0.02690	0.02489	0.02031	0.02843	0.03046	0.01676	0.22923	0.03506	0.06142	0.02133	0.02284	0.01574	0.01218	0.00914	0.00355	0.01066	0.00812	0.00914	0.01574
30	0.02726	0.10028	0.09913	0.10831	0.30982	0.02843	0.03200	0.03443	0.02533	0.03565	0.02081	0.02684	0.01715	0.01035	0.01068	0.00323	0.01368	0.00930	0.00562	0.08171

[dist]
# distance from previous block
# <min> <max>
0	1

[block]
# block no. 4 follows, 10 sequences, length 21
# corresponding to MSA columns:
# 148-168
name=unknown_E
#
# <colnr> <probs for GDERKNQSTAVLIFYWHMCP>
#	G	D	E	R	K	N	Q	S	T	A	V	L	I	F	Y	W	H	M	C	P
0	0.03190	0.02432	0.02639	0.02329	0.03017	0.02742	0.01824	0.06115	0.43837	0.10973	0.04715	0.04291	0.03465	0.01560	0.01182	0.00390	0.00929	0.01296	0.01216	0.01859
1	0.02926	0.02211	0.02525	0.01996	0.02878	0.02051	0.01584	0.04427	0.19493	0.10131	0.03330	0.03291	0.02518	0.01189	0.01014	0.00275	0.00898	0.00972	0.00958	0.35334
2	0.02511	0.01331	0.01693	0.01590	0.01906	0.01216	0.01130	0.02772	0.02532	0.16006	0.11056	0.20774	0.09170	0.17904	0.02583	0.00602	0.00858	0.02099	0.01097	0.01172
3	0.03629	0.02359	0.02731	0.02141	0.02987	0.02317	0.01730	0.16431	0.10728	0.16521	0.07813	0.03753	0.03198	0.01394	0.01113	0.00317	0.00987	0.01127	0.01126	0.17599
4	0.01940	0.01497	0.01808	0.01676	0.02041	0.01520	0.01272	0.03133	0.14236	0.04711	0.40303	0.07664	0.09226	0.02189	0.01327	0.00373	0.00636	0.01918	0.01257	0.01272
5	0.02249	0.01220	0.01685	0.01561	0.01808	0.01141	0.01141	0.02372	0.02600	0.09761	0.25990	0.06063	0.06429	0.02910	0.02590	0.26164	0.00786	0.01555	0.00997	0.00978
6	0.02955	0.01410	0.01827	0.01659	0.02071	0.01282	0.01234	0.03303	0.02715	0.21414	0.10560	0.19797	0.05354	0.09511	0.01846	0.00479	0.00817	0.01920	0.08517	0.01327
7	0.02817	0.01610	0.02121	0.02073	0.02514	0.01567	0.01711	0.07423	0.03011	0.15336	0.05513	0.18885	0.05537	0.02705	0.01437	0.00464	0.00994	0.21765	0.01168	0.01348
8	0.12981	0.02292	0.02745	0.02132	0.03016	0.02237	0.01761	0.14587	0.03622	0.36750	0.03818	0.03441	0.02476	0.01384	0.01111	0.00358	0.01041	0.01074	0.01288	0.01887
9	0.10505	0.01556	0.01690	0.01541	0.01961	0.01534	0.01156	0.06614	0.02847	0.08043	0.15800	0.11133	0.17941	0.10381	0.01910	0.00487	0.00800	0.01867	0.01060	0.01173
10	0.10704	0.01682	0.02072	0.01788	0.02410	0.01558	0.01459	0.03844	0.02988	0.25897	0.13219	0.06721	0.11527	0.01998	0.01237	0.00388	0.00859	0.06925	0.01232	0.01491
11	0.01691	0.01128	0.01268	0.01268	0.01268	0.01128	0.00705	0.01691	0.01691	0.02255	0.03665	0.07611	0.04228	0.59126	0.05920	0.01128	0.01128	0.01691	0.00705	0.00705
12	0.03213	0.03225	0.02146	0.02002	0.02431	0.26711	0.01502	0.03639	0.02850	0.03621	0.02836	0.03261	0.02269	0.01280	0.00926	0.00285	0.01289	0.00923	0.34381	0.01211
13	0.01531	0.01159	0.01411	0.01401	0.01680	0.01040	0.01031	0.01952	0.02942	0.03957	0.32786	0.16796	0.22601	0.02735	0.01389	0.00390	0.00579	0.02387	0.01191	0.01040
14	0.11483	0.01286	0.01541	0.01506	0.01720	0.01344	0.01081	0.02000	0.01968	0.03024	0.08216	0.05336	0.08807	0.10846	0.12204	0.23440	0.01283	0.01348	0.00722	0.00846
15	0.04474	0.05015	0.03207	0.02859	0.03503	0.46644	0.02168	0.04796	0.03301	0.10227	0.02211	0.02373	0.01703	0.01234	0.01067	0.00309	0.01933	0.00811	0.00724	0.01442
16	0.57618	0.02083	0.01644	0.01491	0.02104	0.02390	0.01177	0.03163	0.01937	0.04779	0.01922	0.02737	0.01699	0.09677	0.01490	0.00474	0.00933	0.00787	0.00718	0.01177
17	0.01842	0.01237	0.01555	0.01552	0.01674	0.01275	0.01044	0.02168	0.06557	0.02855	0.09081	0.12382	0.04721	0.23017	0.08582	0.15933	0.01143	0.01701	0.00809	0.00873
18	0.01562	0.01134	0.01490	0.01632	0.01820	0.01062	0.01209	0.01933	0.02655	0.03578	0.20182	0.32148	0.11698	0.03139	0.01464	0.00446	0.00700	0.09996	0.01138	0.01015
19	0.02648	0.02497	0.04513	0.03361	0.04215	0.02413	0.25409	0.09764	0.03175	0.04366	0.09587	0.04794	0.08676	0.01472	0.01288	0.00371	0.01395	0.01508	0.07090	0.01458
20	0.46597	0.02102	0.02013	0.09659	0.03096	0.02397	0.01556	0.03502	0.02193	0.09201	0.02139	0.02461	0.01594	0.01148	0.00835	0.00357	0.00975	0.00777	0.06084	0.01316

[dist]
# distance from previous block
# <min> <max>
8	18

[block]
# block no. 5 follows, 10 sequences, length 37
# corresponding to MSA columns:
# 187-223
name=unknown_F
#
# <colnr> <probs for GDERKNQSTAVLIFYWHMCP>
#	G	D	E	R	K	N	Q	S	T	A	V	L	I	F	Y	W	H	M	C	P
0	0.03200	0.09963	0.09949	0.09452	0.10401	0.02404	0.02478	0.03846	0.02685	0.15926	0.02969	0.03675	0.02315	0.01290	0.01087	0.00331	0.01224	0.04101	0.00821	0.11882
1	0.02634	0.01916	0.02283	0.01704	0.02609	0.01490	0.01360	0.03127	0.02619	0.10164	0.07033	0.03805	0.06558	0.01222	0.00982	0.00229	0.00832	0.01003	0.00864	0.47565
2	0.02729	0.02229	0.02144	0.01921	0.02309	0.08901	0.01420	0.13571	0.03020	0.03756	0.04466	0.09204	0.11444	0.09935	0.02612	0.15713	0.01139	0.01504	0.00854	0.01130
3	0.11503	0.17369	0.03429	0.02165	0.02882	0.07213	0.01798	0.11201	0.14484	0.04363	0.03196	0.09847	0.02836	0.01567	0.01035	0.00348	0.01120	0.01214	0.00885	0.01545
4	0.02992	0.06913	0.02485	0.01763	0.02432	0.01742	0.01397	0.03351	0.02495	0.16264	0.03456	0.05016	0.03073	0.15743	0.02258	0.00499	0.01014	0.04897	0.00909	0.21300
5	0.02331	0.02099	0.03464	0.30955	0.05797	0.02353	0.08625	0.06864	0.02901	0.03881	0.14419	0.04470	0.03964	0.01461	0.01243	0.00379	0.01333	0.01347	0.00774	0.01342
6	0.02434	0.02048	0.01967	0.01798	0.02263	0.08375	0.01373	0.03364	0.11402	0.07898	0.22684	0.07324	0.18163	0.02153	0.01281	0.00369	0.00862	0.01803	0.01136	0.01303
7	0.02424	0.01328	0.01685	0.01589	0.01979	0.01206	0.01224	0.02858	0.02885	0.14415	0.19109	0.16035	0.12851	0.02403	0.01298	0.00388	0.00710	0.05318	0.09052	0.01243
8	0.02867	0.01628	0.02069	0.01774	0.02337	0.01476	0.01376	0.03584	0.07211	0.18320	0.21404	0.12441	0.06333	0.01997	0.01244	0.00355	0.00767	0.01731	0.01215	0.09871
9	0.67341	0.02249	0.01709	0.01529	0.02249	0.02609	0.01260	0.03419	0.01979	0.05218	0.01619	0.01889	0.01260	0.01080	0.00720	0.00360	0.00900	0.00630	0.00720	0.01260
10	0.11763	0.01664	0.02085	0.01838	0.02413	0.01547	0.01424	0.03917	0.02758	0.28642	0.04869	0.23379	0.04414	0.02191	0.01226	0.00401	0.00864	0.01874	0.01218	0.01513
11	0.04338	0.01757	0.02358	0.01903	0.02627	0.01541	0.01533	0.04781	0.03163	0.40427	0.08867	0.09224	0.04037	0.01712	0.01189	0.00364	0.00889	0.01436	0.06110	0.01743
12	0.01618	0.01272	0.01483	0.01548	0.01821	0.01216	0.01113	0.02277	0.08299	0.03511	0.14710	0.29462	0.21386	0.02981	0.01396	0.00422	0.00659	0.02614	0.01123	0.01088
13	0.01922	0.01152	0.01623	0.01726	0.01830	0.01152	0.01306	0.01884	0.01987	0.02615	0.03831	0.07764	0.04110	0.10743	0.03583	0.32473	0.01049	0.17750	0.00750	0.00750
14	0.02394	0.01261	0.01696	0.01735	0.02016	0.01141	0.01241	0.02660	0.02510	0.15742	0.05942	0.44387	0.06456	0.03077	0.01404	0.00443	0.00756	0.02757	0.01172	0.01211
15	0.10344	0.01320	0.01490	0.01498	0.01780	0.01308	0.01096	0.02382	0.02252	0.07078	0.05114	0.17061	0.10041	0.11530	0.02242	0.06335	0.00836	0.05585	0.09686	0.01021
16	0.67341	0.02249	0.01709	0.01529	0.02249	0.02609	0.01260	0.03419	0.01979	0.05218	0.01619	0.01889	0.01260	0.01080	0.00720	0.00360	0.00900	0.00630	0.00720	0.01260
17	0.03201	0.01406	0.01975	0.01721	0.02103	0.01290	0.01290	0.03200	0.02443	0.21839	0.09410	0.04368	0.03515	0.02824	0.02835	0.32308	0.00942	0.01214	0.00965	0.01149
18	0.02516	0.01302	0.01738	0.01670	0.02000	0.01177	0.01223	0.02750	0.02602	0.16158	0.11658	0.27179	0.09647	0.02892	0.01750	0.08405	0.00775	0.02241	0.01131	0.01186
19	0.02452	0.02632	0.02011	0.01967	0.02360	0.18242	0.01444	0.02951	0.06317	0.03132	0.06638	0.20164	0.20300	0.02466	0.01285	0.00384	0.01120	0.02046	0.00934	0.01155
20	0.03480	0.04149	0.02738	0.02505	0.03000	0.37368	0.01879	0.03860	0.03295	0.03428	0.17637	0.04208	0.04533	0.01576	0.01152	0.00321	0.01601	0.01183	0.00817	0.01268
21	0.01626	0.01216	0.01538	0.01613	0.01897	0.01128	0.01280	0.02074	0.02843	0.03757	0.23231	0.15139	0.19751	0.02894	0.01455	0.00434	0.00731	0.15200	0.01146	0.01046
22	0.02972	0.02548	0.07704	0.19810	0.04892	0.02461	0.05893	0.09127	0.08938	0.10076	0.02841	0.03338	0.02105	0.01651	0.01635	0.09287	0.01337	0.01096	0.00801	0.01487
23	0.04264	0.01934	0.02491	0.02000	0.02733	0.01841	0.01630	0.10218	0.03296	0.34252	0.04063	0.03938	0.02780	0.02410	0.08351	0.00552	0.01260	0.01154	0.09088	0.01743
24	0.03109	0.59826	0.06095	0.01990	0.02985	0.04602	0.01990	0.03483	0.02363	0.02736	0.01617	0.01866	0.01493	0.00995	0.00746	0.00249	0.01244	0.00622	0.00498	0.01493
25	0.03328	0.03086	0.09315	0.02498	0.03224	0.07229	0.02182	0.13075	0.13694	0.10304	0.03391	0.07580	0.02749	0.01822	0.01647	0.05624	0.05448	0.01243	0.00955	0.01605
26	0.01960	0.01727	0.02106	0.08440	0.02876	0.01920	0.01618	0.02942	0.12618	0.03425	0.07018	0.13994	0.22602	0.02410	0.01640	0.00418	0.08124	0.01964	0.00960	0.01238
27	0.01417	0.01012	0.01350	0.01619	0.01687	0.00945	0.01080	0.01619	0.02227	0.02969	0.06410	0.58367	0.07692	0.03644	0.01484	0.00472	0.00675	0.03306	0.01080	0.00945
28	0.02207	0.01624	0.02260	0.22204	0.04201	0.01688	0.01885	0.02704	0.02619	0.09786	0.07125	0.07146	0.25933	0.02066	0.01267	0.00386	0.01008	0.01742	0.00915	0.01234
29	0.09684	0.02971	0.02996	0.09748	0.03754	0.15052	0.02135	0.04415	0.02828	0.21954	0.02835	0.02989	0.02012	0.01403	0.01505	0.00372	0.09909	0.00978	0.00903	0.01560
30	0.01417	0.01012	0.01350	0.01619	0.01687	0.00945	0.01080	0.01619	0.02227	0.02969	0.06410	0.58367	0.07692	0.03644	0.01484	0.00472	0.00675	0.03306	0.01080	0.00945
31	0.02196	0.02067	0.03488	0.56331	0.08010	0.02584	0.03230	0.02972	0.02326	0.02972	0.02067	0.03101	0.01550	0.01163	0.01163	0.00388	0.01550	0.01034	0.00517	0.01292
32	0.03697	0.02371	0.03781	0.11449	0.27354	0.02333	0.02806	0.04305	0.02870	0.22609	0.03101	0.03325	0.02206	0.01208	0.01160	0.00356	0.01251	0.01088	0.00902	0.01825
33	0.27068	0.02281	0.02748	0.02080	0.03014	0.02140	0.07600	0.03222	0.02293	0.04323	0.01936	0.02312	0.01553	0.00960	0.00877	0.00273	0.01025	0.00759	0.00687	0.32849
34	0.42220	0.02269	0.02558	0.16340	0.10182	0.02623	0.02066	0.03323	0.02155	0.04456	0.01808	0.02329	0.01410	0.01095	0.00890	0.00365	0.01130	0.00786	0.00649	0.01344
35	0.02788	0.04063	0.27492	0.09883	0.10916	0.02414	0.03350	0.03755	0.02577	0.10261	0.02434	0.02787	0.01753	0.01117	0.01096	0.00342	0.01446	0.00924	0.00659	0.09944
36	0.03345	0.10153	0.03479	0.09302	0.03850	0.03315	0.02161	0.19449	0.22693	0.05174	0.03337	0.03341	0.02500	0.01388	0.01117	0.00359	0.01163	0.01099	0.01003	0.01772

[dist]
# distance from previous block
# <min> <max>
0	21

[block]
# block no. 6 follows, 10 sequences, length 33
# corresponding to MSA columns:
# 245-277
name=unknown_G
#
# <colnr> <probs for GDERKNQSTAVLIFYWHMCP>
#	G	D	E	R	K	N	Q	S	T	A	V	L	I	F	Y	W	H	M	C	P
0	0.36360	0.02809	0.08414	0.02918	0.08858	0.02581	0.08698	0.03770	0.02375	0.10180	0.02186	0.02486	0.01611	0.01105	0.00958	0.00364	0.01208	0.00872	0.00743	0.01504
1	0.01892	0.01585	0.02311	0.02178	0.02331	0.02004	0.01738	0.02265	0.01846	0.02726	0.02701	0.04041	0.02548	0.06979	0.41297	0.01514	0.17165	0.01187	0.00593	0.01099
2	0.02811	0.02111	0.03325	0.04461	0.27752	0.02051	0.02419	0.03356	0.02782	0.10979	0.13644	0.04872	0.04302	0.08028	0.01748	0.00441	0.01110	0.01368	0.00874	0.01566
3	0.01533	0.01220	0.01398	0.01455	0.01803	0.01086	0.01159	0.01918	0.02732	0.03404	0.14938	0.11390	0.35381	0.02947	0.01433	0.00426	0.00707	0.12952	0.01101	0.01018
4	0.02412	0.02067	0.02412	0.01723	0.02756	0.01550	0.01378	0.02929	0.02412	0.03790	0.02067	0.02412	0.01723	0.00861	0.00861	0.00172	0.00861	0.00689	0.00689	0.66236
5	0.02777	0.02116	0.03019	0.26779	0.05167	0.02482	0.02449	0.03998	0.13083	0.10811	0.07291	0.03942	0.03014	0.01480	0.01424	0.00394	0.06201	0.01209	0.00867	0.01496
6	0.67341	0.02249	0.01709	0.01529	0.02249	0.02609	0.01260	0.03419	0.01979	0.05218	0.01619	0.01889	0.01260	0.01080	0.00720	0.00360	0.00900	0.00630	0.00720	0.01260
7	0.67341	0.02249	0.01709	0.01529	0.02249	0.02609	0.01260	0.03419	0.01979	0.05218	0.01619	0.01889	0.01260	0.01080	0.00720	0.00360	0.00900	0.00630	0.00720	0.01260
8	0.01949	0.01242	0.01702	0.01894	0.02123	0.01188	0.01492	0.02323	0.02525	0.07461	0.06140	0.33290	0.06829	0.03260	0.01513	0.00491	0.00880	0.21501	0.01107	0.01090
9	0.01691	0.01128	0.01268	0.01268	0.01268	0.01128	0.00705	0.01691	0.01691	0.02255	0.03665	0.07611	0.04228	0.59126	0.05920	0.01128	0.01128	0.01691	0.00705	0.00705
10	0.03024	0.19034	0.22944	0.03378	0.08407	0.13844	0.06765	0.03823	0.02645	0.03285	0.01939	0.02325	0.01539	0.01080	0.01028	0.00324	0.01666	0.00834	0.00530	0.01584
11	0.01659	0.01300	0.01913	0.13932	0.03139	0.01418	0.01594	0.02009	0.02139	0.02859	0.04617	0.32077	0.05172	0.08931	0.11000	0.00754	0.01335	0.02294	0.00840	0.01018
12	0.01723	0.01173	0.01486	0.01408	0.01681	0.01095	0.01056	0.02270	0.03167	0.04616	0.44302	0.08050	0.09803	0.02228	0.01290	0.00352	0.00548	0.01954	0.10704	0.01095
13	0.04018	0.02583	0.02932	0.02328	0.03124	0.02735	0.01894	0.27073	0.09732	0.16764	0.10517	0.04093	0.03677	0.01570	0.01198	0.00359	0.01067	0.01260	0.01244	0.01834
14	0.03743	0.01546	0.01918	0.01593	0.02188	0.01407	0.01276	0.04237	0.02899	0.29298	0.04204	0.04141	0.02928	0.01399	0.00997	0.00317	0.00773	0.01128	0.32460	0.01546
15	0.19930	0.02092	0.02304	0.01762	0.02680	0.01865	0.01433	0.03761	0.02536	0.16758	0.02601	0.02675	0.01901	0.01067	0.00904	0.00269	0.00904	0.00798	0.00890	0.32869
16	0.03474	0.04093	0.03425	0.03024	0.03333	0.29843	0.02391	0.03752	0.02563	0.02823	0.01667	0.02314	0.01512	0.01603	0.02387	0.00401	0.28648	0.00879	0.00556	0.01312
17	0.01661	0.01246	0.01869	0.01869	0.02077	0.01454	0.01454	0.02077	0.01869	0.02700	0.03115	0.04569	0.02908	0.08723	0.54517	0.01869	0.03115	0.01246	0.00623	0.01038
18	0.02471	0.01292	0.01678	0.01645	0.01911	0.01190	0.01146	0.02685	0.02374	0.15642	0.05231	0.31213	0.05555	0.17372	0.02546	0.00612	0.00873	0.02337	0.01076	0.01150
19	0.45244	0.02485	0.02263	0.01877	0.02668	0.02783	0.01548	0.15159	0.03008	0.10212	0.02201	0.02317	0.01597	0.01195	0.00877	0.00357	0.01006	0.00788	0.00902	0.01513
20	0.02333	0.06016	0.53100	0.03315	0.05034	0.02701	0.04297	0.03683	0.02455	0.03683	0.02087	0.02455	0.01473	0.01105	0.01105	0.00368	0.01719	0.00859	0.00491	0.01719
21	0.01910	0.01374	0.01451	0.01396	0.01776	0.01304	0.01051	0.07267	0.02869	0.03866	0.08186	0.15616	0.28557	0.02516	0.01242	0.00372	0.00671	0.02113	0.15347	0.01115
22	0.01565	0.01152	0.01358	0.01411	0.01686	0.01042	0.01053	0.01948	0.02714	0.03634	0.19698	0.19610	0.24181	0.02820	0.01365	0.00403	0.00631	0.05807	0.06902	0.01021
23	0.02333	0.06016	0.53100	0.03315	0.05034	0.02701	0.04297	0.03683	0.02455	0.03683	0.02087	0.02455	0.01473	0.01105	0.01105	0.00368	0.01719	0.00859	0.00491	0.01719
24	0.02020	0.01010	0.01515	0.01515	0.01515	0.01010	0.01010	0.01515	0.01515	0.02020	0.02020	0.03535	0.02020	0.04040	0.04545	0.66162	0.01010	0.01010	0.00505	0.00505
25	0.03145	0.01967	0.02131	0.01774	0.02373	0.02019	0.01420	0.18709	0.03646	0.10663	0.05160	0.05148	0.12477	0.01703	0.01091	0.00333	0.00861	0.01360	0.22543	0.01479
26	0.67341	0.02249	0.01709	0.01529	0.02249	0.02609	0.01260	0.03419	0.01979	0.05218	0.01619	0.01889	0.01260	0.01080	0.00720	0.00360	0.00900	0.00630	0.00720	0.01260
27	0.01689	0.01139	0.01325	0.01325	0.01344	0.01158	0.00775	0.01727	0.01708	0.02297	0.03613	0.07326	0.04105	0.54402	0.10474	0.01197	0.01314	0.01650	0.00697	0.00736
28	0.05218	0.01979	0.02699	0.02069	0.02969	0.01709	0.01709	0.05668	0.03329	0.52677	0.04588	0.03959	0.02879	0.01439	0.01170	0.00360	0.00990	0.01170	0.01439	0.01979
29	0.01989	0.01211	0.01530	0.01567	0.01854	0.01082	0.01129	0.02286	0.02600	0.10474	0.12171	0.34225	0.17400	0.03025	0.01401	0.00426	0.00688	0.02669	0.01154	0.01121
30	0.03881	0.01670	0.02277	0.01980	0.02601	0.01485	0.01593	0.04288	0.02988	0.34389	0.05224	0.17427	0.04511	0.02191	0.01304	0.00411	0.00931	0.07929	0.01305	0.01616
31	0.04342	0.02175	0.02673	0.02181	0.02990	0.02155	0.01759	0.05861	0.20827	0.34662	0.04643	0.04102	0.03132	0.01492	0.01175	0.00373	0.00964	0.01224	0.01343	0.01927
32	0.35222	0.02364	0.02193	0.08032	0.03058	0.07814	0.01636	0.03491	0.02268	0.09744	0.02186	0.02641	0.01700	0.01996	0.05397	0.06116	0.01295	0.00832	0.00741	0.01274

[dist]
# distance from previous block
# <min> <max>
0	1

[block]
# block no. 7 follows, 10 sequences, length 31
# corresponding to MSA columns:
# 279-309
name=unknown_H
#
# <colnr> <probs for GDERKNQSTAVLIFYWHMCP>
#	G	D	E	R	K	N	Q	S	T	A	V	L	I	F	Y	W	H	M	C	P
0	0.03924	0.03019	0.03045	0.02512	0.03304	0.07778	0.02010	0.22747	0.22044	0.11518	0.03667	0.03466	0.02649	0.01453	0.01161	0.00363	0.01181	0.01138	0.01153	0.01867
1	0.02014	0.01367	0.01878	0.08350	0.02703	0.01301	0.01437	0.02383	0.02490	0.08095	0.10465	0.34657	0.06228	0.02686	0.01336	0.00407	0.00817	0.02406	0.01028	0.07952
2	0.03391	0.02443	0.02795	0.02072	0.03057	0.02236	0.01687	0.17876	0.03511	0.10628	0.02596	0.02715	0.01940	0.01102	0.00995	0.00251	0.01012	0.00861	0.00930	0.37900
3	0.11919	0.02129	0.02568	0.02074	0.02898	0.02083	0.01687	0.05523	0.13724	0.36291	0.04276	0.03804	0.02843	0.01429	0.01120	0.00368	0.00963	0.01140	0.01298	0.01864
4	0.03414	0.01480	0.01952	0.01717	0.02206	0.01338	0.01317	0.03715	0.02702	0.26460	0.04548	0.16203	0.03880	0.02221	0.01566	0.08025	0.00837	0.01615	0.13398	0.01406
5	0.04686	0.02036	0.02654	0.02068	0.02895	0.01862	0.01695	0.10313	0.03581	0.41370	0.10083	0.04398	0.03761	0.01549	0.01194	0.00359	0.00970	0.01269	0.01387	0.01871
6	0.01691	0.01128	0.01268	0.01268	0.01268	0.01128	0.00705	0.01691	0.01691	0.02255	0.03665	0.07611	0.04228	0.59126	0.05920	0.01128	0.01128	0.01691	0.00705	0.00705
7	0.05218	0.01979	0.02699	0.02069	0.02969	0.01709	0.01709	0.05668	0.03329	0.52677	0.04588	0.03959	0.02879	0.01439	0.01170	0.00360	0.00990	0.01170	0.01439	0.01979
8	0.01650	0.01138	0.01396	0.01452	0.01543	0.01108	0.00959	0.01844	0.02197	0.02975	0.13809	0.17557	0.06421	0.32633	0.03814	0.00803	0.00926	0.05995	0.00921	0.00860
9	0.01836	0.01076	0.01377	0.01377	0.01377	0.01076	0.00839	0.01614	0.01614	0.02152	0.02939	0.05814	0.03255	0.34834	0.05314	0.29806	0.01076	0.01391	0.00617	0.00617
10	0.03246	0.02518	0.02713	0.02367	0.03071	0.02847	0.01862	0.09883	0.41487	0.09522	0.04546	0.04165	0.03347	0.01549	0.01180	0.00387	0.00959	0.01277	0.01205	0.01866
11	0.01691	0.01128	0.01268	0.01268	0.01268	0.01128	0.00705	0.01691	0.01691	0.02255	0.03665	0.07611	0.04228	0.59126	0.05920	0.01128	0.01128	0.01691	0.00705	0.00705
12	0.03787	0.01559	0.01941	0.01607	0.02212	0.01416	0.01289	0.04280	0.02911	0.29990	0.04216	0.04136	0.02927	0.01400	0.01002	0.00318	0.00780	0.01129	0.31543	0.01559
13	0.04345	0.05543	0.03296	0.02996	0.03596	0.54457	0.02247	0.04644	0.03296	0.02846	0.01798	0.02097	0.01498	0.01199	0.01049	0.00300	0.02097	0.00749	0.00599	0.01348
14	0.01444	0.01033	0.01374	0.01601	0.01693	0.00963	0.01082	0.01688	0.02354	0.03172	0.11782	0.52416	0.08085	0.03492	0.01471	0.00460	0.00660	0.03162	0.01104	0.00963
15	0.11052	0.01779	0.02094	0.01809	0.02325	0.01761	0.01395	0.07655	0.02758	0.20692	0.03949	0.05854	0.03483	0.20325	0.02708	0.00629	0.01060	0.06252	0.01046	0.01374
16	0.02412	0.02067	0.02412	0.01723	0.02756	0.01550	0.01378	0.02929	0.02412	0.03790	0.02067	0.02412	0.01723	0.00861	0.00861	0.00172	0.00861	0.00689	0.00689	0.66236
17	0.02196	0.02067	0.03488	0.56331	0.08010	0.02584	0.03230	0.02972	0.02326	0.02972	0.02067	0.03101	0.01550	0.01163	0.01163	0.00388	0.01550	0.01034	0.00517	0.01292
18	0.39946	0.02130	0.02146	0.01768	0.02567	0.02212	0.01458	0.04411	0.02574	0.26146	0.02929	0.02802	0.01974	0.01238	0.00918	0.00360	0.00939	0.00868	0.01037	0.01577
19	0.02114	0.01620	0.02175	0.01985	0.02143	0.01894	0.01524	0.02540	0.06896	0.03410	0.19071	0.05123	0.05116	0.02702	0.02936	0.19897	0.15556	0.01417	0.00838	0.01040
20	0.03620	0.02154	0.03160	0.18402	0.04485	0.02455	0.02379	0.04115	0.02625	0.24845	0.03037	0.03333	0.02130	0.01514	0.01863	0.00407	0.15874	0.01089	0.00922	0.01590
21	0.02435	0.02256	0.02989	0.02644	0.02838	0.02959	0.02151	0.03413	0.12703	0.03247	0.02595	0.03385	0.02282	0.03361	0.14057	0.00774	0.32738	0.01134	0.00687	0.01351
22	0.02391	0.02334	0.03530	0.26548	0.05239	0.03131	0.02847	0.02875	0.02021	0.02875	0.01765	0.02790	0.01537	0.01651	0.02646	0.00455	0.32546	0.01025	0.00512	0.01281
23	0.02803	0.02702	0.08719	0.14803	0.19693	0.02519	0.06852	0.03487	0.02540	0.09432	0.02780	0.07983	0.02364	0.01438	0.01446	0.00388	0.06503	0.01266	0.00702	0.01582
24	0.01942	0.01051	0.01533	0.01533	0.01558	0.01077	0.01032	0.01602	0.01577	0.02128	0.02327	0.04089	0.02360	0.10389	0.10804	0.51476	0.01280	0.01110	0.00540	0.00591
25	0.01661	0.01246	0.01869	0.01869	0.02077	0.01454	0.01454	0.02077	0.01869	0.02700	0.03115	0.04569	0.02908	0.08723	0.54517	0.01869	0.03115	0.01246	0.00623	0.01038
26	0.02274	0.02162	0.03760	0.36367	0.14814	0.02452	0.07118	0.02984	0.02409	0.03187	0.02635	0.09685	0.02357	0.01421	0.01219	0.00391	0.01453	0.01337	0.00601	0.01373
27	0.03036	0.10363	0.21919	0.09572	0.04711	0.02818	0.08435	0.03887	0.02575	0.12946	0.02500	0.02848	0.01798	0.01230	0.01350	0.00370	0.06325	0.00989	0.00693	0.01634
28	0.02598	0.02477	0.04214	0.27374	0.33828	0.02690	0.03430	0.03323	0.02516	0.03459	0.02138	0.02970	0.01722	0.01088	0.01156	0.00363	0.01451	0.01035	0.00551	0.01616
29	0.01691	0.01128	0.01268	0.01268	0.01268	0.01128	0.00705	0.01691	0.01691	0.02255	0.03665	0.07611	0.04228	0.59126	0.05920	0.01128	0.01128	0.01691	0.00705	0.00705
30	0.30169	0.02819	0.08937	0.07661	0.17448	0.02571	0.02456	0.03417	0.02295	0.04324	0.01914	0.02383	0.01517	0.01058	0.00938	0.00343	0.01185	0.00812	0.00632	0.07122

[dist]
# distance from previous block
# <min> <max>
5	10

[block]
# block no. 8 follows, 10 sequences, length 9
# corresponding to MSA columns:
# 320-328
name=unknown_I
#
# <colnr> <probs for GDERKNQSTAVLIFYWHMCP>
#	G	D	E	R	K	N	Q	S	T	A	V	L	I	F	Y	W	H	M	C	P
0	0.02016	0.01826	0.02919	0.41298	0.06277	0.02165	0.02624	0.02702	0.02520	0.03269	0.11222	0.04901	0.08525	0.01557	0.01220	0.00385	0.01281	0.01364	0.00704	0.01226
1	0.02551	0.02582	0.03628	0.39032	0.12490	0.08382	0.03096	0.03212	0.02417	0.03044	0.01999	0.02908	0.01579	0.01238	0.01415	0.00385	0.07145	0.01001	0.00532	0.01365
2	0.05218	0.01979	0.02699	0.02069	0.02969	0.01709	0.01709	0.05668	0.03329	0.52677	0.04588	0.03959	0.02879	0.01439	0.01170	0.00360	0.00990	0.01170	0.01439	0.01979
3	0.01693	0.01251	0.01621	0.01701	0.01995	0.01179	0.01391	0.02189	0.02908	0.03870	0.24482	0.11061	0.16712	0.02843	0.01473	0.00444	0.00781	0.20188	0.01153	0.01064
4	0.01433	0.01180	0.01259	0.01239	0.01607	0.01007	0.00929	0.01782	0.02788	0.03468	0.20231	0.10657	0.42747	0.02824	0.01374	0.00387	0.00580	0.02379	0.01123	0.01007
5	0.02412	0.02067	0.02412	0.01723	0.02756	0.01550	0.01378	0.02929	0.02412	0.03790	0.02067	0.02412	0.01723	0.00861	0.00861	0.00172	0.00861	0.00689	0.00689	0.66236
6	0.01715	0.01187	0.01494	0.01538	0.01626	0.01231	0.01054	0.01890	0.01891	0.02550	0.03960	0.07880	0.04357	0.39355	0.15398	0.01186	0.01535	0.08570	0.00748	0.00835
7	0.01771	0.01195	0.01410	0.01415	0.01699	0.01066	0.01008	0.02056	0.02572	0.07165	0.14623	0.21792	0.24616	0.09912	0.01951	0.00498	0.00704	0.02422	0.01091	0.01034
8	0.02513	0.01190	0.01707	0.01635	0.01813	0.01129	0.01151	0.02301	0.01968	0.11557	0.03218	0.12640	0.03113	0.03493	0.03416	0.43163	0.00951	0.01418	0.00773	0.00850

[dist]
# distance from previous block
# <min> <max>
0	2

# created by:
# /st0/software/busco_prod/Augustus/scripts/msa2prfl.pl ./align_prep/5635.fa
