[name]
unknown

[dist]
# distance from previous block
# <min> <max>
0	799

[block]
# block no. 0 follows, 11 sequences, length 20
# corresponding to MSA columns:
# 1115-1134
name=unknown_A
#
# <colnr> <probs for GDERKNQSTAVLIFYWHMCP>
#	G	D	E	R	K	N	Q	S	T	A	V	L	I	F	Y	W	H	M	C	P
0	0.02860	0.02087	0.03031	0.13532	0.04070	0.01870	0.06541	0.03444	0.02524	0.13494	0.02511	0.02837	0.01858	0.01015	0.01002	0.00267	0.01101	0.00893	0.00767	0.34298
1	0.03059	0.02487	0.09624	0.07722	0.03656	0.01854	0.05438	0.03707	0.02602	0.17565	0.02819	0.03007	0.02020	0.01091	0.01009	0.00285	0.01099	0.00926	0.05640	0.24389
2	0.01974	0.00987	0.01411	0.01411	0.01446	0.00987	0.00952	0.01619	0.01584	0.02250	0.02181	0.03523	0.02078	0.03568	0.03923	0.58426	0.00918	0.00987	0.09212	0.00563
3	0.01994	0.01977	0.03339	0.02714	0.03169	0.02083	0.15652	0.02449	0.02317	0.03098	0.05370	0.16249	0.16843	0.02216	0.01897	0.00421	0.14352	0.01906	0.00776	0.01177
4	0.02038	0.01748	0.02460	0.17626	0.08365	0.01947	0.02007	0.03120	0.13606	0.03372	0.04301	0.26096	0.04368	0.02174	0.01254	0.00406	0.01003	0.01949	0.00874	0.01287
5	0.01775	0.01437	0.01966	0.12646	0.03069	0.01404	0.01557	0.02275	0.02620	0.03594	0.20511	0.13814	0.10876	0.02137	0.01248	0.00361	0.00835	0.05834	0.00943	0.11099
6	0.02359	0.02092	0.02554	0.01922	0.02724	0.01885	0.01557	0.02809	0.02213	0.03478	0.01897	0.02359	0.01630	0.01058	0.01399	0.00231	0.12216	0.00730	0.00632	0.54254
7	0.68395	0.02177	0.01654	0.01480	0.02177	0.02525	0.01219	0.03309	0.01915	0.05050	0.01567	0.01828	0.01219	0.01045	0.00697	0.00348	0.00871	0.00609	0.00697	0.01219
8	0.02386	0.02001	0.02186	0.02081	0.02552	0.02254	0.01568	0.04703	0.37132	0.04177	0.05051	0.20275	0.04597	0.02106	0.01230	0.00404	0.00822	0.01831	0.01116	0.01530
9	0.02220	0.01925	0.02858	0.22486	0.04593	0.02052	0.05374	0.06227	0.05552	0.03508	0.03372	0.14928	0.03256	0.01740	0.01191	0.00368	0.01164	0.04939	0.00766	0.11483
10	0.01693	0.01277	0.01641	0.12392	0.02556	0.01351	0.01188	0.01879	0.01881	0.02433	0.04276	0.06959	0.10020	0.41124	0.04239	0.00856	0.01103	0.01608	0.00694	0.00830
11	0.01521	0.01058	0.01333	0.01399	0.01579	0.00967	0.00983	0.01675	0.02343	0.03074	0.16345	0.24662	0.19490	0.03166	0.01971	0.13625	0.00669	0.02296	0.00975	0.00870
12	0.01549	0.01117	0.01465	0.01446	0.01672	0.01033	0.01059	0.02014	0.02982	0.04189	0.43608	0.18554	0.09992	0.02543	0.01349	0.00374	0.00555	0.02266	0.01201	0.01033
13	0.15941	0.49464	0.05059	0.01838	0.02748	0.04072	0.01786	0.03358	0.02213	0.03123	0.01565	0.01810	0.01400	0.00979	0.00717	0.00262	0.01138	0.00603	0.00524	0.01400
14	0.20155	0.01827	0.02415	0.29278	0.04755	0.02164	0.02074	0.02701	0.02068	0.03380	0.02504	0.08898	0.02356	0.09159	0.01645	0.00470	0.01189	0.01196	0.00632	0.01133
15	0.01637	0.01091	0.01228	0.01228	0.01228	0.01091	0.00682	0.01637	0.01637	0.02182	0.03546	0.07365	0.04092	0.60445	0.05729	0.01091	0.01091	0.01637	0.00682	0.00682
16	0.17212	0.06794	0.10977	0.22221	0.04903	0.02660	0.05377	0.06557	0.02451	0.03886	0.02049	0.02617	0.01552	0.01105	0.00984	0.00347	0.01308	0.00884	0.04745	0.01371
17	0.10955	0.14279	0.03673	0.02710	0.07660	0.09936	0.06558	0.06431	0.02543	0.03535	0.01989	0.02506	0.01681	0.01813	0.05498	0.05297	0.01435	0.00840	0.00616	0.10045
18	0.21764	0.12091	0.02636	0.01802	0.02395	0.02449	0.01484	0.09083	0.02563	0.08012	0.03069	0.14278	0.02944	0.02515	0.07730	0.00530	0.01202	0.01306	0.00830	0.01315
19	0.11063	0.03001	0.12797	0.02238	0.03198	0.02395	0.02110	0.14274	0.07536	0.08608	0.02849	0.06844	0.02293	0.01330	0.01027	0.00321	0.01098	0.01050	0.00867	0.15100

[dist]
# distance from previous block
# <min> <max>
0	7

[block]
# block no. 1 follows, 11 sequences, length 15
# corresponding to MSA columns:
# 1142-1156
name=unknown_B
#
# <colnr> <probs for GDERKNQSTAVLIFYWHMCP>
#	G	D	E	R	K	N	Q	S	T	A	V	L	I	F	Y	W	H	M	C	P
0	0.02163	0.01468	0.01754	0.01585	0.01891	0.01580	0.01237	0.07690	0.02904	0.04408	0.21589	0.05439	0.05511	0.02140	0.04347	0.00412	0.06345	0.01414	0.24957	0.01166
1	0.02623	0.24579	0.10703	0.14059	0.13975	0.03162	0.02669	0.03253	0.02350	0.03121	0.01864	0.02363	0.01545	0.01001	0.00934	0.00291	0.01303	0.00795	0.00520	0.08890
2	0.02475	0.03690	0.22022	0.02704	0.03470	0.06012	0.02735	0.06048	0.05502	0.03361	0.02315	0.03221	0.02000	0.08541	0.06203	0.00574	0.16107	0.01021	0.00602	0.01396
3	0.02235	0.01858	0.03604	0.08998	0.03813	0.01843	0.19196	0.02420	0.01997	0.02672	0.02080	0.03231	0.01812	0.02497	0.02890	0.34890	0.01378	0.01110	0.00520	0.00957
4	0.01586	0.01119	0.01321	0.01288	0.01429	0.01065	0.00843	0.01815	0.02317	0.03145	0.22749	0.08142	0.12002	0.32368	0.03599	0.00737	0.00824	0.01868	0.00930	0.00853
5	0.01454	0.01043	0.01380	0.01511	0.01651	0.00969	0.01051	0.01774	0.02538	0.03483	0.23537	0.40639	0.08625	0.03071	0.01396	0.00419	0.00608	0.02767	0.01117	0.00969
6	0.02626	0.02263	0.02467	0.02059	0.02830	0.02317	0.01615	0.04811	0.33154	0.04321	0.03622	0.03506	0.02778	0.01269	0.01029	0.00302	0.00869	0.01047	0.00967	0.26147
7	0.02666	0.24269	0.04358	0.02572	0.02930	0.03821	0.02263	0.02955	0.01933	0.02686	0.01510	0.02218	0.01465	0.01596	0.02589	0.00399	0.37128	0.00843	0.00488	0.01310
8	0.01538	0.01050	0.01257	0.01354	0.01378	0.01025	0.00817	0.01611	0.01829	0.02439	0.04534	0.26824	0.05338	0.39285	0.04133	0.00855	0.00928	0.02218	0.00817	0.00768
9	0.03110	0.03541	0.03352	0.02934	0.03150	0.22956	0.02355	0.03373	0.02269	0.02726	0.01575	0.02302	0.01467	0.01669	0.02698	0.00417	0.37435	0.00888	0.00525	0.01259
10	0.04189	0.24089	0.03935	0.02052	0.02961	0.02939	0.01820	0.10562	0.03149	0.28786	0.03141	0.02928	0.02172	0.01228	0.00979	0.00307	0.01086	0.00919	0.01019	0.01740
11	0.03481	0.39572	0.04961	0.02173	0.03112	0.04095	0.02005	0.20582	0.03404	0.04301	0.01988	0.02139	0.01619	0.01107	0.00872	0.00277	0.01217	0.00755	0.00721	0.01619
12	0.02666	0.24269	0.04358	0.02572	0.02930	0.03821	0.02263	0.02955	0.01933	0.02686	0.01510	0.02218	0.01465	0.01596	0.02589	0.00399	0.37128	0.00843	0.00488	0.01310
13	0.01625	0.01276	0.01823	0.01859	0.01985	0.01474	0.01402	0.01931	0.01927	0.02721	0.04012	0.24735	0.04372	0.05822	0.29305	0.01145	0.08915	0.01920	0.00754	0.00999
14	0.02700	0.02549	0.04817	0.13993	0.21206	0.02546	0.20224	0.03461	0.02589	0.06694	0.02580	0.03692	0.02108	0.01179	0.01228	0.00372	0.01527	0.04346	0.00639	0.01550

[dist]
# distance from previous block
# <min> <max>
0	35

[block]
# block no. 2 follows, 11 sequences, length 7
# corresponding to MSA columns:
# 1205-1211
name=unknown_C
#
# <colnr> <probs for GDERKNQSTAVLIFYWHMCP>
#	G	D	E	R	K	N	Q	S	T	A	V	L	I	F	Y	W	H	M	C	P
0	0.68395	0.02177	0.01654	0.01480	0.02177	0.02525	0.01219	0.03309	0.01915	0.05050	0.01567	0.01828	0.01219	0.01045	0.00697	0.00348	0.00871	0.00609	0.00697	0.01219
1	0.01371	0.00979	0.01306	0.01567	0.01632	0.00914	0.01045	0.01567	0.02155	0.02873	0.06203	0.59710	0.07444	0.03526	0.01437	0.00457	0.00653	0.03200	0.01045	0.00914
2	0.02981	0.02798	0.02628	0.02369	0.02998	0.09661	0.01832	0.05789	0.45165	0.04456	0.04214	0.03919	0.03179	0.01480	0.01128	0.00370	0.01038	0.01202	0.01072	0.01720
3	0.21132	0.02373	0.03235	0.21196	0.18802	0.02669	0.02574	0.08426	0.02588	0.04189	0.01991	0.02577	0.01549	0.01093	0.01002	0.00352	0.01248	0.00893	0.00642	0.01469
4	0.10393	0.02666	0.03509	0.08775	0.22028	0.02901	0.02557	0.17341	0.10154	0.04910	0.02566	0.02874	0.01968	0.01194	0.01077	0.00347	0.01208	0.01000	0.00818	0.01713
5	0.01876	0.01365	0.01499	0.01447	0.01578	0.01443	0.00909	0.02532	0.11892	0.02703	0.03760	0.06713	0.03957	0.48301	0.04784	0.00945	0.01050	0.01562	0.00777	0.00909
6	0.03164	0.30765	0.04447	0.02513	0.08592	0.03292	0.01975	0.08553	0.02741	0.08004	0.02095	0.02302	0.01698	0.01021	0.00870	0.00256	0.01125	0.00752	0.00679	0.15155

[dist]
# distance from previous block
# <min> <max>
0	2

[block]
# block no. 3 follows, 11 sequences, length 58
# corresponding to MSA columns:
# 1223-1280
name=unknown_D
#
# <colnr> <probs for GDERKNQSTAVLIFYWHMCP>
#	G	D	E	R	K	N	Q	S	T	A	V	L	I	F	Y	W	H	M	C	P
0	0.26715	0.02242	0.03175	0.21498	0.09491	0.02495	0.07671	0.03392	0.02286	0.08128	0.02090	0.02625	0.01556	0.01086	0.00992	0.00360	0.01255	0.00907	0.00660	0.01377
1	0.55491	0.01957	0.01536	0.01396	0.02008	0.02238	0.01135	0.03175	0.02002	0.04884	0.01977	0.02289	0.01543	0.01097	0.00714	0.00332	0.00803	0.00695	0.13542	0.01186
2	0.01872	0.01533	0.01701	0.01620	0.02021	0.01564	0.01223	0.03135	0.18174	0.03961	0.20227	0.12532	0.21386	0.02341	0.01281	0.00380	0.00668	0.02007	0.01130	0.01241
3	0.01486	0.01123	0.01372	0.01360	0.01629	0.01009	0.01001	0.01899	0.02860	0.03857	0.34288	0.16589	0.22146	0.02636	0.01344	0.00376	0.00560	0.02302	0.01156	0.01009
4	0.01721	0.01246	0.01790	0.01774	0.01899	0.01410	0.01330	0.01914	0.01951	0.02759	0.08944	0.13931	0.04201	0.05344	0.24926	0.14012	0.07636	0.01575	0.00718	0.00919
5	0.14948	0.01407	0.01429	0.01292	0.01739	0.01427	0.01015	0.03239	0.02425	0.12898	0.03411	0.03693	0.02558	0.01276	0.00829	0.00293	0.00663	0.00981	0.43248	0.01229
6	0.11127	0.02766	0.02868	0.02350	0.03129	0.03121	0.01900	0.28023	0.22097	0.05968	0.03272	0.03160	0.02401	0.01381	0.01084	0.00355	0.01066	0.01063	0.01084	0.01784
7	0.02462	0.02113	0.02880	0.18222	0.09013	0.02079	0.02117	0.08206	0.02659	0.03772	0.02445	0.07413	0.02143	0.01218	0.01028	0.00286	0.01103	0.01046	0.00693	0.29103
8	0.02120	0.02134	0.07075	0.01820	0.02552	0.01687	0.01574	0.03206	0.12066	0.04048	0.17838	0.05148	0.08842	0.01579	0.01099	0.00298	0.00816	0.01334	0.00936	0.23828
9	0.02800	0.02418	0.02545	0.02291	0.02927	0.02800	0.01782	0.05981	0.51390	0.04708	0.04581	0.04199	0.03436	0.01527	0.01145	0.00382	0.00891	0.01273	0.01145	0.01782
10	0.11023	0.01897	0.02381	0.01933	0.02687	0.01776	0.01562	0.04928	0.07312	0.39743	0.04327	0.09042	0.03132	0.01575	0.01118	0.00362	0.00913	0.01290	0.01265	0.01735
11	0.02470	0.03080	0.17701	0.18271	0.09162	0.02267	0.08318	0.03277	0.02445	0.08509	0.02913	0.11184	0.02528	0.01457	0.01178	0.00376	0.01398	0.01326	0.00678	0.01460
12	0.01371	0.00979	0.01306	0.01567	0.01632	0.00914	0.01045	0.01567	0.02155	0.02873	0.06203	0.59710	0.07444	0.03526	0.01437	0.00457	0.00653	0.03200	0.01045	0.00914
13	0.01691	0.01131	0.01416	0.01345	0.01609	0.01059	0.01008	0.02221	0.03025	0.04452	0.43262	0.07588	0.09114	0.02108	0.01222	0.00336	0.00530	0.01843	0.13979	0.01059
14	0.03532	0.02755	0.03957	0.13296	0.04659	0.08672	0.13979	0.07777	0.02939	0.17955	0.02746	0.03064	0.01943	0.01250	0.01380	0.00366	0.06247	0.01087	0.00831	0.01565
15	0.02388	0.02850	0.12539	0.03112	0.03954	0.02290	0.17893	0.07459	0.07113	0.03834	0.03692	0.16314	0.03547	0.01830	0.01295	0.00402	0.01352	0.05908	0.00805	0.01424
16	0.02516	0.02522	0.04656	0.24651	0.25150	0.02655	0.14769	0.03284	0.02474	0.03371	0.02115	0.02925	0.01663	0.01033	0.01172	0.00360	0.01535	0.01083	0.00540	0.01525
17	0.01360	0.01024	0.01260	0.01449	0.01602	0.00924	0.00993	0.01580	0.02268	0.02919	0.07637	0.46233	0.19996	0.03340	0.01407	0.00436	0.00630	0.02972	0.01045	0.00924
18	0.21198	0.02322	0.03504	0.23689	0.17611	0.02585	0.07120	0.03216	0.02274	0.03769	0.01934	0.02616	0.01512	0.01054	0.01020	0.00357	0.01318	0.00921	0.00577	0.01403
19	0.01481	0.01102	0.01379	0.01404	0.01637	0.01000	0.01017	0.01872	0.02783	0.03777	0.31994	0.22932	0.17992	0.02744	0.01358	0.00387	0.00572	0.02421	0.01148	0.01000
20	0.02630	0.02313	0.03162	0.02810	0.10462	0.02000	0.06119	0.07826	0.02702	0.04017	0.02115	0.02502	0.01713	0.00922	0.00950	0.00228	0.01046	0.00812	0.00689	0.44981
21	0.02993	0.01844	0.02655	0.12427	0.08640	0.01740	0.01892	0.03342	0.02407	0.16687	0.02655	0.03118	0.02005	0.01666	0.01705	0.13629	0.01068	0.00948	0.00784	0.17796
22	0.08159	0.08171	0.11807	0.02244	0.03125	0.02494	0.02099	0.09079	0.12875	0.17120	0.03564	0.08589	0.02804	0.01500	0.01083	0.00356	0.01082	0.01209	0.00987	0.01653
23	0.02181	0.01922	0.03143	0.44907	0.10899	0.02304	0.02813	0.02891	0.02295	0.03140	0.02255	0.03156	0.01728	0.01141	0.01075	0.00355	0.01343	0.01008	0.10176	0.01269
24	0.01361	0.01022	0.01263	0.01456	0.01603	0.00924	0.00995	0.01580	0.02262	0.02917	0.07563	0.46927	0.19349	0.03349	0.01409	0.00437	0.00631	0.02984	0.01045	0.00924
25	0.02090	0.01919	0.03196	0.51314	0.07126	0.02362	0.02974	0.02813	0.02290	0.02933	0.02457	0.04120	0.02075	0.01354	0.01175	0.00392	0.01447	0.06177	0.00562	0.01226
26	0.02947	0.01693	0.02063	0.01786	0.02323	0.01682	0.01400	0.04134	0.15584	0.19000	0.22736	0.05685	0.05926	0.01765	0.01184	0.00353	0.00748	0.01504	0.05991	0.01495
27	0.01614	0.01294	0.01943	0.01779	0.02086	0.01193	0.06014	0.02068	0.02774	0.03807	0.30244	0.23108	0.12561	0.02570	0.01360	0.00389	0.00711	0.02334	0.01096	0.01056
28	0.02511	0.14356	0.13288	0.02649	0.07137	0.02482	0.06150	0.03185	0.02377	0.03445	0.01951	0.02331	0.01591	0.00925	0.00918	0.00247	0.01186	0.00765	0.00579	0.31929
29	0.01510	0.01092	0.01408	0.01552	0.01714	0.01027	0.01129	0.01817	0.02423	0.03231	0.15499	0.32280	0.11982	0.08266	0.01811	0.00497	0.00726	0.10039	0.01049	0.00946
30	0.28186	0.25859	0.03659	0.01980	0.02753	0.15548	0.01714	0.03605	0.02353	0.03587	0.01606	0.01866	0.01360	0.01039	0.00780	0.00293	0.01267	0.00633	0.00586	0.01326
31	0.02623	0.02369	0.07845	0.12902	0.03750	0.02190	0.02089	0.10247	0.11395	0.08496	0.13300	0.05078	0.09630	0.01662	0.01185	0.00363	0.01041	0.01394	0.00974	0.01467
32	0.02607	0.08053	0.02670	0.01756	0.02643	0.01897	0.01438	0.03335	0.06969	0.07964	0.06963	0.03121	0.02704	0.01089	0.00920	0.00226	0.00860	0.00877	0.00804	0.43104
33	0.02070	0.01481	0.01991	0.01725	0.02128	0.01403	0.05097	0.02696	0.06993	0.08412	0.19610	0.07501	0.17192	0.14152	0.02201	0.00516	0.00844	0.01819	0.01028	0.01142
34	0.01805	0.07823	0.06533	0.12115	0.03166	0.01754	0.01761	0.02306	0.02509	0.03342	0.17021	0.20404	0.10734	0.02233	0.01236	0.00377	0.00910	0.01948	0.00889	0.01134
35	0.01540	0.01132	0.01442	0.01400	0.01658	0.01034	0.01036	0.02008	0.03008	0.04174	0.43242	0.13976	0.15180	0.02491	0.01339	0.00368	0.00548	0.02195	0.01197	0.01034
36	0.02595	0.30627	0.32761	0.02633	0.03982	0.03439	0.03157	0.03477	0.02336	0.03153	0.01816	0.02120	0.01434	0.01022	0.00914	0.00305	0.01457	0.00729	0.00478	0.01565
37	0.68395	0.02177	0.01654	0.01480	0.02177	0.02525	0.01219	0.03309	0.01915	0.05050	0.01567	0.01828	0.01219	0.01045	0.00697	0.00348	0.00871	0.00609	0.00697	0.01219
38	0.01965	0.01541	0.01825	0.01685	0.02065	0.01597	0.01284	0.03312	0.18034	0.04573	0.37968	0.07111	0.08407	0.02063	0.01271	0.00363	0.00642	0.01800	0.01210	0.01284
39	0.02460	0.07490	0.03681	0.26402	0.10332	0.02671	0.07039	0.03666	0.12405	0.03491	0.02665	0.03217	0.02054	0.01179	0.01084	0.00351	0.01291	0.01056	0.06026	0.01441
40	0.01623	0.01100	0.01340	0.01339	0.01582	0.01021	0.00982	0.02067	0.02778	0.04001	0.30514	0.16632	0.13460	0.02381	0.01241	0.00357	0.00555	0.02082	0.13923	0.01021
41	0.02730	0.02375	0.02631	0.08009	0.03424	0.02769	0.01920	0.05661	0.46322	0.04519	0.04315	0.04076	0.03236	0.01486	0.01143	0.00381	0.00954	0.01244	0.01079	0.01727
42	0.01561	0.01059	0.01250	0.01325	0.01343	0.01041	0.00786	0.01617	0.01785	0.02380	0.04307	0.22350	0.05052	0.44151	0.04500	0.00910	0.00966	0.02084	0.00786	0.00748
43	0.01468	0.01091	0.01369	0.01415	0.01635	0.00991	0.01017	0.01840	0.02720	0.03681	0.29239	0.26256	0.17499	0.02820	0.01365	0.00394	0.00580	0.02494	0.01137	0.00991
44	0.02787	0.43377	0.11041	0.07195	0.03561	0.03962	0.02347	0.03280	0.02236	0.02781	0.01647	0.02047	0.01451	0.01094	0.01105	0.00292	0.07181	0.00704	0.00484	0.01430
45	0.05050	0.01915	0.02612	0.02003	0.02873	0.01654	0.01654	0.05485	0.03221	0.54203	0.04440	0.03831	0.02786	0.01393	0.01132	0.00348	0.00958	0.01132	0.01393	0.01915
46	0.04204	0.05364	0.03190	0.02900	0.03480	0.55926	0.02175	0.04494	0.03190	0.02755	0.01740	0.02030	0.01450	0.01160	0.01015	0.00290	0.02030	0.00725	0.00580	0.01305
47	0.02462	0.02462	0.03447	0.02955	0.02955	0.03447	0.02462	0.02709	0.01724	0.02709	0.01477	0.02462	0.01477	0.01970	0.03694	0.00492	0.58385	0.00985	0.00492	0.01231
48	0.02098	0.01049	0.01049	0.01049	0.01311	0.01049	0.00787	0.02623	0.02360	0.04196	0.03672	0.04196	0.02885	0.01311	0.00787	0.00262	0.00525	0.01049	0.66693	0.01049
49	0.02334	0.02001	0.02334	0.01667	0.02667	0.01500	0.01334	0.02834	0.02334	0.03668	0.02001	0.02334	0.01667	0.00834	0.00834	0.00167	0.00834	0.00667	0.00667	0.67325
50	0.68395	0.02177	0.01654	0.01480	0.02177	0.02525	0.01219	0.03309	0.01915	0.05050	0.01567	0.01828	0.01219	0.01045	0.00697	0.00348	0.00871	0.00609	0.00697	0.01219
51	0.05050	0.01915	0.02612	0.02003	0.02873	0.01654	0.01654	0.05485	0.03221	0.54203	0.04440	0.03831	0.02786	0.01393	0.01132	0.00348	0.00958	0.01132	0.01393	0.01915
52	0.03279	0.01639	0.02120	0.01779	0.02358	0.01528	0.01410	0.04073	0.08766	0.26771	0.25607	0.05874	0.06285	0.01805	0.01219	0.00355	0.00763	0.01543	0.01297	0.01527
53	0.01814	0.01296	0.01814	0.02073	0.02332	0.01296	0.01814	0.02332	0.02591	0.03368	0.05959	0.12696	0.06478	0.03109	0.01555	0.00518	0.01036	0.45848	0.01036	0.01036
54	0.01379	0.01125	0.01220	0.01231	0.01559	0.00966	0.00910	0.01697	0.02629	0.03275	0.17944	0.15456	0.41040	0.02826	0.01341	0.00384	0.00572	0.02402	0.01078	0.00966
55	0.01609	0.01186	0.01566	0.07194	0.02243	0.01160	0.01222	0.02053	0.02694	0.03748	0.27087	0.20190	0.13103	0.02451	0.01285	0.00376	0.00664	0.02162	0.06975	0.01031
56	0.02586	0.01316	0.01632	0.01484	0.01740	0.01234	0.00998	0.02731	0.02144	0.17145	0.04076	0.11749	0.04064	0.37673	0.03970	0.00813	0.01008	0.01653	0.00923	0.01059
57	0.02480	0.15716	0.31547	0.03062	0.04431	0.02897	0.11151	0.03458	0.02402	0.03404	0.01973	0.02374	0.01502	0.01004	0.01022	0.00318	0.01528	0.00855	0.00512	0.08364

[dist]
# distance from previous block
# <min> <max>
0	69

[block]
# block no. 4 follows, 11 sequences, length 7
# corresponding to MSA columns:
# 1355-1361
name=unknown_E
#
# <colnr> <probs for GDERKNQSTAVLIFYWHMCP>
#	G	D	E	R	K	N	Q	S	T	A	V	L	I	F	Y	W	H	M	C	P
0	0.12484	0.01936	0.02188	0.01857	0.02528	0.01964	0.01483	0.04572	0.16584	0.23011	0.08840	0.04894	0.09612	0.01637	0.01115	0.00362	0.00844	0.01326	0.01170	0.01592
1	0.01436	0.01026	0.01380	0.01641	0.01735	0.00970	0.01157	0.01679	0.02219	0.02946	0.06168	0.52821	0.07303	0.03465	0.01454	0.00466	0.00709	0.09449	0.01044	0.00932
2	0.02628	0.01970	0.03485	0.03177	0.09494	0.01837	0.15015	0.03195	0.02718	0.12987	0.12107	0.17730	0.04800	0.01887	0.01291	0.00383	0.01123	0.01822	0.00948	0.01402
3	0.11205	0.01845	0.02607	0.24174	0.04557	0.01993	0.02100	0.03597	0.02515	0.20043	0.03366	0.11438	0.02760	0.01555	0.01120	0.00375	0.01119	0.01317	0.00898	0.01416
4	0.01402	0.01070	0.01288	0.01389	0.01603	0.00956	0.00982	0.01696	0.02504	0.03260	0.17358	0.32460	0.23879	0.03046	0.01378	0.00410	0.00600	0.02680	0.01084	0.00956
5	0.02624	0.01896	0.03000	0.16359	0.04148	0.01960	0.08480	0.03522	0.07807	0.12973	0.19230	0.05032	0.04917	0.01572	0.01222	0.00365	0.01081	0.01433	0.00977	0.01401
6	0.41137	0.02829	0.09427	0.01972	0.02858	0.02616	0.01837	0.11789	0.02716	0.10403	0.02135	0.02271	0.01537	0.01139	0.00871	0.00348	0.01055	0.00767	0.00815	0.01478

[dist]
# distance from previous block
# <min> <max>
1	6

[block]
# block no. 5 follows, 11 sequences, length 14
# corresponding to MSA columns:
# 1368-1381
name=unknown_F
#
# <colnr> <probs for GDERKNQSTAVLIFYWHMCP>
#	G	D	E	R	K	N	Q	S	T	A	V	L	I	F	Y	W	H	M	C	P
0	0.03412	0.01910	0.02291	0.01759	0.02563	0.01674	0.01422	0.08576	0.02948	0.21260	0.03221	0.03236	0.02305	0.01169	0.00956	0.00264	0.00859	0.00934	0.13599	0.25641
1	0.02918	0.15788	0.02975	0.01841	0.02533	0.02464	0.01544	0.04106	0.17046	0.13877	0.05654	0.05322	0.15987	0.01718	0.01092	0.00341	0.00893	0.01379	0.01013	0.01509
2	0.01413	0.01029	0.01331	0.01497	0.01632	0.00948	0.01031	0.01685	0.02403	0.03223	0.16190	0.44780	0.12251	0.03215	0.01405	0.00429	0.00621	0.02887	0.01084	0.00948
3	0.01479	0.01174	0.01347	0.01383	0.01717	0.01042	0.01090	0.01859	0.02689	0.03389	0.18222	0.10748	0.35378	0.02798	0.01375	0.00403	0.00658	0.11178	0.01080	0.00989
4	0.01371	0.00979	0.01306	0.01567	0.01632	0.00914	0.01045	0.01567	0.02155	0.02873	0.06203	0.59710	0.07444	0.03526	0.01437	0.00457	0.00653	0.03200	0.01045	0.00914
5	0.03009	0.61122	0.05898	0.01926	0.02889	0.04454	0.01926	0.03370	0.02287	0.02648	0.01565	0.01805	0.01444	0.00963	0.00722	0.00241	0.01204	0.00602	0.00481	0.01444
6	0.02800	0.02418	0.02545	0.02291	0.02927	0.02800	0.01782	0.05981	0.51390	0.04708	0.04581	0.04199	0.03436	0.01527	0.01145	0.00382	0.00891	0.01273	0.01145	0.01782
7	0.02800	0.02418	0.02545	0.02291	0.02927	0.02800	0.01782	0.05981	0.51390	0.04708	0.04581	0.04199	0.03436	0.01527	0.01145	0.00382	0.00891	0.01273	0.01145	0.01782
8	0.01608	0.01206	0.01809	0.01809	0.02010	0.01407	0.01407	0.02010	0.01809	0.02613	0.03015	0.04422	0.02814	0.08441	0.55984	0.01809	0.03015	0.01206	0.00603	0.01005
9	0.02098	0.01049	0.01049	0.01049	0.01311	0.01049	0.00787	0.02623	0.02360	0.04196	0.03672	0.04196	0.02885	0.01311	0.00787	0.00262	0.00525	0.01049	0.66693	0.01049
10	0.03805	0.18766	0.09322	0.02452	0.03412	0.08928	0.02249	0.23367	0.03762	0.09991	0.02412	0.02479	0.01781	0.01204	0.01003	0.00310	0.01327	0.00868	0.00859	0.01701
11	0.02461	0.01827	0.02197	0.01686	0.02522	0.01422	0.01320	0.02905	0.02397	0.08784	0.02932	0.11742	0.02715	0.01326	0.00962	0.00232	0.00817	0.01124	0.00803	0.49827
12	0.02628	0.03511	0.20631	0.03674	0.09395	0.02495	0.15237	0.03460	0.02463	0.08542	0.02721	0.08726	0.02307	0.01414	0.01462	0.00384	0.07472	0.01274	0.00662	0.01539
13	0.02010	0.01797	0.02579	0.02348	0.02454	0.02367	0.01903	0.02339	0.01769	0.02658	0.02292	0.03500	0.02185	0.05398	0.31392	0.01190	0.29055	0.01102	0.00551	0.01111

[dist]
# distance from previous block
# <min> <max>
0	1

[block]
# block no. 6 follows, 11 sequences, length 21
# corresponding to MSA columns:
# 1383-1388,1390-1404
name=unknown_G
#
# <colnr> <probs for GDERKNQSTAVLIFYWHMCP>
#	G	D	E	R	K	N	Q	S	T	A	V	L	I	F	Y	W	H	M	C	P
0	0.03610	0.09400	0.07857	0.02607	0.03497	0.07295	0.09670	0.04485	0.08190	0.22043	0.07095	0.03585	0.02905	0.01310	0.01119	0.00341	0.01254	0.01128	0.00968	0.01640
1	0.01637	0.01091	0.01228	0.01228	0.01228	0.01091	0.00682	0.01637	0.01637	0.02182	0.03546	0.07365	0.04092	0.60445	0.05729	0.01091	0.01091	0.01637	0.00682	0.00682
2	0.02334	0.02001	0.02334	0.01667	0.02667	0.01500	0.01334	0.02834	0.02334	0.03668	0.02001	0.02334	0.01667	0.00834	0.00834	0.00167	0.00834	0.00667	0.00667	0.67325
3	0.02881	0.02360	0.02618	0.02026	0.02914	0.02264	0.01624	0.14022	0.15139	0.04687	0.02795	0.02878	0.02160	0.01120	0.00976	0.00258	0.00938	0.00894	0.00887	0.36559
4	0.02657	0.03036	0.06641	0.04744	0.05882	0.02846	0.49336	0.03605	0.02657	0.03605	0.02277	0.03036	0.01708	0.00949	0.01328	0.00380	0.01898	0.01328	0.00569	0.01518
5	0.02372	0.07922	0.20896	0.08202	0.13990	0.02514	0.09789	0.03221	0.02415	0.03451	0.02552	0.07956	0.02209	0.01279	0.01105	0.00350	0.01404	0.01167	0.05707	0.01498
6	0.02661	0.03857	0.28582	0.09102	0.04567	0.02298	0.07391	0.03603	0.02453	0.11868	0.02582	0.03027	0.01876	0.02114	0.08521	0.00555	0.01730	0.00997	0.00658	0.01557
7	0.01593	0.01150	0.01504	0.01416	0.01681	0.01062	0.01062	0.02124	0.03186	0.04513	0.52830	0.08407	0.10620	0.02301	0.01327	0.00354	0.00531	0.02035	0.01239	0.01062
8	0.01371	0.00979	0.01306	0.01567	0.01632	0.00914	0.01045	0.01567	0.02155	0.02873	0.06203	0.59710	0.07444	0.03526	0.01437	0.00457	0.00653	0.03200	0.01045	0.00914
9	0.03165	0.08095	0.08881	0.08291	0.17660	0.10006	0.12149	0.07291	0.02865	0.07575	0.02261	0.02709	0.01731	0.01082	0.01111	0.00336	0.01535	0.00994	0.00654	0.01608
10	0.03607	0.01567	0.02027	0.01675	0.02178	0.01416	0.01243	0.03858	0.02552	0.32214	0.04062	0.05325	0.03338	0.26354	0.03075	0.00662	0.01014	0.01345	0.01092	0.01394
11	0.02525	0.01465	0.01874	0.01647	0.02093	0.01388	0.01277	0.03322	0.08439	0.16038	0.36378	0.06890	0.08025	0.02007	0.01262	0.00356	0.00669	0.01743	0.01264	0.01338
12	0.01916	0.01426	0.02052	0.19785	0.03703	0.01501	0.01731	0.02333	0.02367	0.07222	0.05843	0.25704	0.15236	0.02416	0.01286	0.00404	0.00936	0.02127	0.00897	0.01116
13	0.02628	0.34026	0.20622	0.02521	0.03657	0.03463	0.06622	0.03346	0.02422	0.03170	0.06071	0.02642	0.02232	0.01107	0.00932	0.00298	0.01349	0.00856	0.00551	0.01486
14	0.05050	0.01915	0.02612	0.02003	0.02873	0.01654	0.01654	0.05485	0.03221	0.54203	0.04440	0.03831	0.02786	0.01393	0.01132	0.00348	0.00958	0.01132	0.01393	0.01915
15	0.01563	0.01127	0.01478	0.01436	0.01675	0.01042	0.01060	0.02049	0.03047	0.04292	0.46537	0.15331	0.10191	0.02466	0.01342	0.00368	0.00547	0.02193	0.01213	0.01042
16	0.02579	0.02446	0.04066	0.10090	0.31420	0.02512	0.07921	0.03609	0.09204	0.03829	0.08170	0.03657	0.02968	0.01225	0.01167	0.00352	0.01262	0.01191	0.00709	0.01624
17	0.04325	0.02186	0.02902	0.02302	0.02961	0.02298	0.01907	0.09605	0.03076	0.36326	0.03518	0.03369	0.02367	0.01531	0.01766	0.00383	0.15209	0.01083	0.01141	0.01746
18	0.02257	0.05822	0.54613	0.03208	0.04871	0.02614	0.04158	0.03564	0.02376	0.03564	0.02020	0.02376	0.01426	0.01069	0.01069	0.00356	0.01663	0.00832	0.00475	0.01663
19	0.04192	0.17545	0.03725	0.02301	0.03146	0.13261	0.01941	0.15627	0.03493	0.19943	0.02781	0.02705	0.01982	0.01231	0.01006	0.00308	0.01294	0.00893	0.00945	0.01681
20	0.01953	0.01655	0.01501	0.01491	0.01577	0.08471	0.00924	0.02015	0.01905	0.02337	0.03602	0.12543	0.04113	0.46031	0.04609	0.00912	0.01168	0.01690	0.00709	0.00792

[dist]
# distance from previous block
# <min> <max>
0	2

[block]
# block no. 7 follows, 11 sequences, length 44
# corresponding to MSA columns:
# 1409-1452
name=unknown_H
#
# <colnr> <probs for GDERKNQSTAVLIFYWHMCP>
#	G	D	E	R	K	N	Q	S	T	A	V	L	I	F	Y	W	H	M	C	P
0	0.10669	0.04787	0.03057	0.02721	0.03350	0.44480	0.02074	0.09609	0.03305	0.03488	0.01834	0.02087	0.01480	0.01170	0.00996	0.00301	0.01821	0.00747	0.00655	0.01367
1	0.02748	0.02170	0.02817	0.02783	0.12499	0.01893	0.01826	0.03585	0.08151	0.08873	0.02567	0.02788	0.02007	0.01003	0.00954	0.00242	0.00950	0.00849	0.00774	0.40522
2	0.02597	0.02209	0.03689	0.36504	0.21934	0.02481	0.03100	0.03293	0.02437	0.07707	0.02255	0.03006	0.01705	0.01110	0.01122	0.00360	0.01400	0.01013	0.00598	0.01480
3	0.02958	0.02043	0.02694	0.02982	0.13498	0.02104	0.01913	0.04385	0.19088	0.13949	0.12718	0.04587	0.04217	0.01512	0.01142	0.00351	0.00907	0.01309	0.06021	0.01622
4	0.01371	0.00979	0.01306	0.01567	0.01632	0.00914	0.01045	0.01567	0.02155	0.02873	0.06203	0.59710	0.07444	0.03526	0.01437	0.00457	0.00653	0.03200	0.01045	0.00914
5	0.01634	0.01103	0.01289	0.01289	0.01310	0.01125	0.00759	0.01676	0.01655	0.02228	0.03490	0.07054	0.03957	0.54935	0.11053	0.01167	0.01295	0.01591	0.00674	0.00716
6	0.01414	0.01012	0.01344	0.01538	0.01642	0.00943	0.01048	0.01674	0.02354	0.03189	0.15188	0.49824	0.08056	0.03290	0.01416	0.00437	0.00629	0.02975	0.01082	0.00943
7	0.01637	0.01091	0.01228	0.01228	0.01228	0.01091	0.00682	0.01637	0.01637	0.02182	0.03546	0.07365	0.04092	0.60445	0.05729	0.01091	0.01091	0.01637	0.00682	0.00682
8	0.68395	0.02177	0.01654	0.01480	0.02177	0.02525	0.01219	0.03309	0.01915	0.05050	0.01567	0.01828	0.01219	0.01045	0.00697	0.00348	0.00871	0.00609	0.00697	0.01219
9	0.03293	0.02663	0.02823	0.02390	0.03115	0.03030	0.01901	0.20566	0.36001	0.05504	0.03954	0.03700	0.02928	0.01468	0.01139	0.00367	0.01007	0.01186	0.01139	0.01826
10	0.01608	0.01206	0.01809	0.01809	0.02010	0.01407	0.01407	0.02010	0.01809	0.02613	0.03015	0.04422	0.02814	0.08441	0.55984	0.01809	0.03015	0.01206	0.00603	0.01005
11	0.02800	0.02418	0.02545	0.02291	0.02927	0.02800	0.01782	0.05981	0.51390	0.04708	0.04581	0.04199	0.03436	0.01527	0.01145	0.00382	0.00891	0.01273	0.01145	0.01782
12	0.01357	0.01141	0.01177	0.01168	0.01536	0.00961	0.00876	0.01666	0.02628	0.03189	0.15569	0.10588	0.48708	0.02795	0.01330	0.00377	0.00566	0.02341	0.01065	0.00961
13	0.68395	0.02177	0.01654	0.01480	0.02177	0.02525	0.01219	0.03309	0.01915	0.05050	0.01567	0.01828	0.01219	0.01045	0.00697	0.00348	0.00871	0.00609	0.00697	0.01219
14	0.02786	0.02674	0.04568	0.06908	0.53424	0.02674	0.03454	0.03454	0.02563	0.03677	0.02117	0.02786	0.01783	0.01003	0.01114	0.00334	0.01337	0.01003	0.00557	0.01783
15	0.02257	0.05822	0.54613	0.03208	0.04871	0.02614	0.04158	0.03564	0.02376	0.03564	0.02020	0.02376	0.01426	0.01069	0.01069	0.00356	0.01663	0.00832	0.00475	0.01663
16	0.02268	0.02146	0.03634	0.46738	0.17637	0.02538	0.03197	0.03001	0.02318	0.03049	0.02026	0.02954	0.01562	0.01099	0.01123	0.00366	0.01465	0.01001	0.00512	0.01366
17	0.01472	0.01057	0.01396	0.01499	0.01655	0.00981	0.01053	0.01820	0.02623	0.03618	0.27371	0.36420	0.08886	0.02970	0.01387	0.00410	0.00598	0.02671	0.01133	0.00981
18	0.01637	0.01091	0.01228	0.01228	0.01228	0.01091	0.00682	0.01637	0.01637	0.02182	0.03546	0.07365	0.04092	0.60445	0.05729	0.01091	0.01091	0.01637	0.00682	0.00682
19	0.01485	0.01041	0.01340	0.01535	0.01605	0.00999	0.01035	0.01666	0.02071	0.02752	0.05509	0.41556	0.06498	0.17807	0.02529	0.00623	0.00804	0.07324	0.00953	0.00869
20	0.02257	0.05822	0.54613	0.03208	0.04871	0.02614	0.04158	0.03564	0.02376	0.03564	0.02020	0.02376	0.01426	0.01069	0.01069	0.00356	0.01663	0.00832	0.00475	0.01663
21	0.03709	0.01619	0.02183	0.01775	0.02411	0.01425	0.01425	0.04182	0.03208	0.34935	0.23204	0.05606	0.05824	0.01745	0.01208	0.00350	0.00792	0.01482	0.01333	0.01585
22	0.05050	0.01915	0.02612	0.02003	0.02873	0.01654	0.01654	0.05485	0.03221	0.54203	0.04440	0.03831	0.02786	0.01393	0.01132	0.00348	0.00958	0.01132	0.01393	0.01915
23	0.02865	0.02164	0.03547	0.33429	0.19004	0.02384	0.02930	0.03533	0.02521	0.12980	0.02502	0.03103	0.01824	0.01144	0.01124	0.00359	0.01352	0.01026	0.00687	0.01521
24	0.02744	0.02042	0.06965	0.01887	0.02522	0.01705	0.01632	0.03850	0.13018	0.16737	0.22309	0.06044	0.10089	0.01847	0.01217	0.00361	0.00822	0.01569	0.01169	0.01470
25	0.01415	0.01011	0.01356	0.01617	0.01701	0.00952	0.01121	0.01643	0.02198	0.02922	0.06179	0.55078	0.07349	0.03485	0.01448	0.00463	0.00691	0.07402	0.01044	0.00926
26	0.38967	0.02743	0.03215	0.07315	0.03726	0.08789	0.13398	0.03482	0.02275	0.04239	0.01800	0.02252	0.01391	0.01041	0.00927	0.00352	0.01313	0.00834	0.00635	0.01306
27	0.02596	0.02474	0.04287	0.29678	0.18744	0.02702	0.11665	0.07566	0.02692	0.03614	0.02148	0.02924	0.01650	0.01082	0.01160	0.00362	0.01507	0.01063	0.00587	0.01499
28	0.02719	0.02658	0.04692	0.10760	0.44720	0.02679	0.08289	0.03424	0.02548	0.03605	0.02125	0.02829	0.01752	0.01007	0.01138	0.00342	0.01410	0.01037	0.00554	0.01712
29	0.01551	0.01149	0.01447	0.01372	0.01656	0.01044	0.01029	0.02043	0.03088	0.04280	0.46274	0.08791	0.17322	0.02388	0.01328	0.00358	0.00537	0.02089	0.01208	0.01044
30	0.01608	0.01206	0.01809	0.01809	0.02010	0.01407	0.01407	0.02010	0.01809	0.02613	0.03015	0.04422	0.02814	0.08441	0.55984	0.01809	0.03015	0.01206	0.00603	0.01005
31	0.01660	0.01130	0.01375	0.01313	0.01591	0.01047	0.00985	0.02161	0.02955	0.04282	0.38557	0.07877	0.14036	0.02174	0.01224	0.00339	0.00534	0.01885	0.13830	0.01047
32	0.27844	0.02794	0.02744	0.02182	0.03008	0.03136	0.01801	0.32631	0.04051	0.06342	0.02285	0.02381	0.01659	0.01239	0.00968	0.00342	0.01103	0.00865	0.00968	0.01659
33	0.03192	0.02217	0.03534	0.04679	0.31265	0.02132	0.02573	0.03775	0.02843	0.17323	0.11212	0.04004	0.03528	0.01324	0.01155	0.00341	0.01101	0.01210	0.00895	0.01698
34	0.03591	0.03405	0.18813	0.02854	0.03984	0.02384	0.09661	0.08609	0.07232	0.22958	0.03248	0.03208	0.02195	0.01237	0.01143	0.00357	0.01330	0.01073	0.00949	0.01768
35	0.02786	0.02674	0.04568	0.06908	0.53424	0.02674	0.03454	0.03454	0.02563	0.03677	0.02117	0.02786	0.01783	0.01003	0.01114	0.00334	0.01337	0.01003	0.00557	0.01783
36	0.02520	0.01734	0.02712	0.31976	0.05224	0.01941	0.02342	0.03086	0.02445	0.12803	0.03579	0.14805	0.03269	0.01789	0.01219	0.00397	0.01198	0.04846	0.00818	0.01298
37	0.03724	0.02630	0.04135	0.04199	0.19751	0.02595	0.10980	0.14057	0.03356	0.18643	0.02928	0.03108	0.02080	0.01178	0.01161	0.00347	0.01310	0.01100	0.00918	0.01801
38	0.01754	0.01392	0.01607	0.01510	0.01878	0.01367	0.01145	0.02730	0.12307	0.04153	0.32332	0.08252	0.20684	0.02300	0.01293	0.00366	0.00611	0.01980	0.01169	0.01170
39	0.01423	0.01016	0.01365	0.01626	0.01714	0.00958	0.01134	0.01656	0.02205	0.02931	0.06175	0.54263	0.07332	0.03478	0.01450	0.00464	0.00697	0.08141	0.01044	0.00928
40	0.03482	0.38701	0.04890	0.02553	0.08290	0.08175	0.02057	0.03884	0.02574	0.12701	0.02193	0.02319	0.01739	0.01067	0.00868	0.00276	0.01242	0.00757	0.00674	0.01559
41	0.03814	0.01656	0.02058	0.01694	0.02330	0.01544	0.01361	0.04526	0.07213	0.32257	0.04183	0.03992	0.02879	0.01376	0.01012	0.00321	0.00800	0.01115	0.24267	0.01600
42	0.01584	0.01019	0.01210	0.01363	0.01524	0.00959	0.00946	0.01888	0.02264	0.03288	0.06050	0.37468	0.11357	0.02786	0.01230	0.00390	0.00605	0.02462	0.20650	0.00959
43	0.31682	0.07786	0.11262	0.02125	0.03032	0.08344	0.02008	0.08397	0.02647	0.10272	0.02108	0.02259	0.01547	0.01126	0.00888	0.00334	0.01199	0.00759	0.00754	0.01470

[dist]
# distance from previous block
# <min> <max>
0	2

[block]
# block no. 8 follows, 11 sequences, length 13
# corresponding to MSA columns:
# 1455-1467
name=unknown_I
#
# <colnr> <probs for GDERKNQSTAVLIFYWHMCP>
#	G	D	E	R	K	N	Q	S	T	A	V	L	I	F	Y	W	H	M	C	P
0	0.01360	0.01023	0.01261	0.01452	0.01602	0.00924	0.00994	0.01580	0.02265	0.02918	0.07604	0.46542	0.19709	0.03344	0.01408	0.00436	0.00631	0.02978	0.01045	0.00924
1	0.03051	0.23878	0.09911	0.02113	0.03089	0.02973	0.02016	0.04106	0.11936	0.10788	0.02697	0.02725	0.02062	0.01123	0.00925	0.00284	0.01095	0.00847	0.00775	0.13607
2	0.02481	0.10043	0.03498	0.09030	0.10381	0.02252	0.04864	0.03042	0.02369	0.03438	0.01975	0.02445	0.01637	0.00914	0.00921	0.00236	0.01093	0.00783	0.00602	0.37994
3	0.02771	0.10624	0.27610	0.10653	0.04529	0.02706	0.03096	0.04028	0.09127	0.10271	0.02636	0.02843	0.01894	0.01171	0.01056	0.00348	0.01388	0.00930	0.00693	0.01628
4	0.01927	0.10146	0.13218	0.02067	0.02679	0.02022	0.02003	0.02526	0.02153	0.03040	0.08532	0.04124	0.03272	0.05193	0.30786	0.01127	0.02199	0.01147	0.00636	0.01206
5	0.02926	0.02160	0.06692	0.30306	0.05415	0.02104	0.02604	0.03595	0.02583	0.17613	0.03235	0.04510	0.02538	0.01467	0.01181	0.00386	0.01295	0.07125	0.00826	0.01441
6	0.03683	0.19050	0.09762	0.02415	0.03371	0.07511	0.02232	0.19913	0.07107	0.10570	0.02586	0.02614	0.01910	0.01217	0.01004	0.00314	0.01281	0.00892	0.00868	0.01701
7	0.02772	0.01780	0.02599	0.02281	0.02794	0.01728	0.07217	0.09322	0.02954	0.14234	0.04845	0.23717	0.04844	0.02396	0.01344	0.00422	0.01025	0.11302	0.01069	0.01354
8	0.01431	0.01076	0.01334	0.01474	0.01672	0.00979	0.01065	0.01726	0.02449	0.03188	0.13967	0.34835	0.20437	0.03134	0.01403	0.00427	0.00649	0.06728	0.01071	0.00956
9	0.02800	0.02418	0.02545	0.02291	0.02927	0.02800	0.01782	0.05981	0.51390	0.04708	0.04581	0.04199	0.03436	0.01527	0.01145	0.00382	0.00891	0.01273	0.01145	0.01782
10	0.02992	0.02307	0.02732	0.08668	0.03475	0.02672	0.01981	0.05258	0.34772	0.10918	0.03982	0.03853	0.02947	0.01504	0.01375	0.00387	0.06248	0.01196	0.01044	0.01688
11	0.03427	0.41792	0.04994	0.02222	0.03092	0.15829	0.02007	0.09119	0.02845	0.03200	0.01739	0.01962	0.01501	0.01053	0.00835	0.00263	0.01392	0.00678	0.00580	0.01469
12	0.02887	0.48028	0.05351	0.02156	0.02904	0.04229	0.02046	0.03223	0.02161	0.02662	0.01545	0.01952	0.01452	0.01188	0.01385	0.00297	0.13967	0.00687	0.00484	0.01397

[dist]
# distance from previous block
# <min> <max>
0	1

[block]
# block no. 9 follows, 11 sequences, length 6
# corresponding to MSA columns:
# 1469-1474
name=unknown_J
#
# <colnr> <probs for GDERKNQSTAVLIFYWHMCP>
#	G	D	E	R	K	N	Q	S	T	A	V	L	I	F	Y	W	H	M	C	P
0	0.02650	0.09580	0.25416	0.14770	0.09351	0.02706	0.03233	0.03762	0.06446	0.08028	0.02409	0.02770	0.01764	0.01131	0.01063	0.00348	0.01426	0.00923	0.00627	0.01598
1	0.03527	0.02255	0.02567	0.02197	0.02909	0.02429	0.01740	0.05821	0.35814	0.20714	0.04536	0.04080	0.03226	0.01484	0.01141	0.00371	0.00912	0.01227	0.01225	0.01825
2	0.03932	0.04670	0.03235	0.10252	0.04056	0.43014	0.02299	0.09201	0.03292	0.03244	0.01880	0.02234	0.01507	0.01176	0.01042	0.00307	0.01872	0.00793	0.00629	0.01364
3	0.01359	0.01026	0.01258	0.01444	0.01600	0.00925	0.00990	0.01581	0.02273	0.02921	0.07700	0.45639	0.20549	0.03332	0.01406	0.00435	0.00629	0.02962	0.01045	0.00925
4	0.02462	0.02462	0.03447	0.02955	0.02955	0.03447	0.02462	0.02709	0.01724	0.02709	0.01477	0.02462	0.01477	0.01970	0.03694	0.00492	0.58385	0.00985	0.00492	0.01231
5	0.03920	0.01665	0.02250	0.01811	0.02484	0.01461	0.01461	0.04386	0.03210	0.37956	0.20262	0.05327	0.05347	0.01690	0.01196	0.00350	0.00818	0.01427	0.01343	0.01636

[dist]
# distance from previous block
# <min> <max>
0	16

[block]
# block no. 10 follows, 11 sequences, length 24
# corresponding to MSA columns:
# 1491-1514
name=unknown_K
#
# <colnr> <probs for GDERKNQSTAVLIFYWHMCP>
#	G	D	E	R	K	N	Q	S	T	A	V	L	I	F	Y	W	H	M	C	P
0	0.08890	0.02220	0.03679	0.02969	0.03420	0.02575	0.15252	0.02813	0.02032	0.03168	0.02172	0.03146	0.01916	0.03524	0.18360	0.00840	0.20103	0.01110	0.00568	0.01243
1	0.01608	0.01206	0.01809	0.01809	0.02010	0.01407	0.01407	0.02010	0.01809	0.02613	0.03015	0.04422	0.02814	0.08441	0.55984	0.01809	0.03015	0.01206	0.00603	0.01005
2	0.02445	0.02376	0.04184	0.31959	0.25941	0.02605	0.07903	0.03182	0.02417	0.03272	0.02075	0.02918	0.01635	0.01058	0.01141	0.00359	0.01475	0.01034	0.00530	0.01491
3	0.49213	0.02793	0.02142	0.01857	0.02568	0.10519	0.01499	0.10533	0.02616	0.05023	0.01765	0.01991	0.01359	0.01108	0.00809	0.00338	0.01097	0.00688	0.00745	0.01337
4	0.02126	0.02001	0.03376	0.57739	0.07752	0.02501	0.03126	0.02876	0.02251	0.02876	0.02001	0.03001	0.01500	0.01125	0.01125	0.00375	0.01500	0.01000	0.00500	0.01250
5	0.01619	0.01163	0.01589	0.01589	0.01714	0.01288	0.01133	0.01869	0.01744	0.02450	0.03216	0.05534	0.03297	0.28086	0.37000	0.01538	0.02288	0.01369	0.00633	0.00883
6	0.03653	0.20590	0.03978	0.02374	0.03218	0.08938	0.02021	0.24230	0.11626	0.04943	0.02569	0.02608	0.01973	0.01244	0.00997	0.00311	0.01251	0.00903	0.00881	0.01691
7	0.03774	0.02462	0.02622	0.02229	0.02951	0.06633	0.01764	0.05672	0.29076	0.23497	0.04299	0.03884	0.03027	0.01446	0.01130	0.00362	0.01008	0.01175	0.01195	0.01794
8	0.02091	0.01269	0.01617	0.01462	0.01841	0.01136	0.01120	0.02566	0.03088	0.12055	0.38313	0.08096	0.16479	0.02251	0.01297	0.00357	0.00604	0.01951	0.01231	0.01177
9	0.01480	0.01146	0.01347	0.01297	0.01612	0.01014	0.00973	0.01904	0.02918	0.03878	0.34953	0.09454	0.28893	0.02538	0.01329	0.00365	0.00548	0.02182	0.01155	0.01014
10	0.49454	0.02099	0.01941	0.01636	0.02385	0.02265	0.01349	0.03959	0.02306	0.19747	0.02426	0.02427	0.01688	0.01149	0.00827	0.00348	0.00897	0.00766	0.00905	0.01427
11	0.01637	0.01091	0.01228	0.01228	0.01228	0.01091	0.00682	0.01637	0.01637	0.02182	0.03546	0.07365	0.04092	0.60445	0.05729	0.01091	0.01091	0.01637	0.00682	0.00682
12	0.03225	0.02845	0.04448	0.12445	0.15516	0.03003	0.14337	0.21095	0.03583	0.04845	0.02363	0.02849	0.01771	0.01141	0.01174	0.00353	0.01464	0.01088	0.00769	0.01686
13	0.14152	0.02032	0.02212	0.01634	0.02580	0.01684	0.01313	0.02919	0.02259	0.03915	0.01923	0.02243	0.01587	0.00871	0.00809	0.00199	0.00840	0.00657	0.00672	0.55499
14	0.03064	0.02549	0.02694	0.02344	0.03028	0.02923	0.01846	0.13796	0.43144	0.05135	0.04245	0.03931	0.03164	0.01496	0.01142	0.00374	0.00953	0.01226	0.01142	0.01805
15	0.56661	0.02220	0.01814	0.01625	0.02311	0.02574	0.01320	0.03787	0.10766	0.04989	0.02106	0.02253	0.01615	0.01131	0.00777	0.00354	0.00874	0.00728	0.00777	0.01320
16	0.02509	0.01145	0.01671	0.01562	0.01718	0.01099	0.01099	0.02185	0.01780	0.11302	0.02400	0.03495	0.02104	0.03460	0.03814	0.55285	0.00974	0.01005	0.00651	0.00744
17	0.14965	0.02821	0.02613	0.02266	0.02959	0.08375	0.01791	0.13783	0.28658	0.05028	0.03386	0.03262	0.02540	0.01369	0.01048	0.00358	0.01072	0.01047	0.01003	0.01657
18	0.02133	0.01862	0.02433	0.02126	0.02329	0.02195	0.01668	0.02376	0.01887	0.02784	0.02604	0.04852	0.02756	0.19357	0.03593	0.00616	0.25652	0.05273	0.00631	0.12873
19	0.02861	0.06961	0.11447	0.02903	0.03801	0.02614	0.14313	0.10343	0.02946	0.09110	0.04037	0.04227	0.10939	0.01509	0.01417	0.00368	0.06606	0.01293	0.00797	0.01508
20	0.10093	0.02454	0.03897	0.12414	0.16374	0.02506	0.10849	0.08112	0.02866	0.15461	0.02652	0.02995	0.01907	0.01137	0.01116	0.00354	0.01320	0.01050	0.00807	0.01636
21	0.09081	0.12250	0.12235	0.08127	0.03895	0.06554	0.05893	0.03664	0.02506	0.10889	0.02256	0.02532	0.01684	0.01059	0.00969	0.00301	0.01295	0.00837	0.00684	0.13290
22	0.10269	0.12889	0.04131	0.03777	0.19253	0.02691	0.07026	0.04044	0.02652	0.18674	0.02669	0.02848	0.01955	0.01111	0.01028	0.00328	0.01208	0.00962	0.00808	0.01677
