[name]
unknown

[dist]
# distance from previous block
# <min> <max>
0	64

[block]
# block no. 0 follows, 12 sequences, length 11
# corresponding to MSA columns:
# 84-94
name=unknown_A
#
# <colnr> <probs for GDERKNQSTAVLIFYWHMCP>
#	G	D	E	R	K	N	Q	S	T	A	V	L	I	F	Y	W	H	M	C	P
0	0.02258	0.01540	0.02413	0.26533	0.04383	0.01723	0.02094	0.02612	0.02169	0.08359	0.03016	0.05135	0.02743	0.02190	0.01950	0.16855	0.01176	0.11106	0.00688	0.01057
1	0.16241	0.01329	0.01409	0.01325	0.01698	0.01313	0.01017	0.02196	0.02683	0.04163	0.33055	0.07289	0.18276	0.02085	0.01154	0.00347	0.00595	0.01746	0.01044	0.01037
2	0.17544	0.10961	0.09329	0.05712	0.03652	0.02865	0.09610	0.10248	0.02670	0.09790	0.02151	0.02450	0.01602	0.01142	0.01162	0.00339	0.05709	0.00880	0.00712	0.01474
3	0.02890	0.07246	0.14861	0.02720	0.08166	0.02473	0.02350	0.09123	0.13757	0.11142	0.06929	0.03495	0.02844	0.01780	0.04994	0.00435	0.01256	0.01072	0.00864	0.01603
4	0.02224	0.14353	0.02038	0.01201	0.01603	0.01734	0.01002	0.02698	0.02271	0.03739	0.03113	0.03561	0.02491	0.01197	0.00749	0.00250	0.00651	0.00922	0.53103	0.01100
5	0.03523	0.04309	0.02735	0.02496	0.02992	0.45064	0.01872	0.03854	0.03089	0.03039	0.13130	0.03310	0.03337	0.01364	0.01049	0.00294	0.01651	0.00978	0.00701	0.01213
6	0.08891	0.09662	0.15820	0.02249	0.03025	0.10375	0.02184	0.03379	0.08061	0.03373	0.06077	0.03194	0.02521	0.02725	0.13234	0.00632	0.01662	0.00957	0.00650	0.01329
7	0.45312	0.01767	0.01519	0.01423	0.01967	0.01945	0.01156	0.02736	0.02146	0.04383	0.09102	0.04764	0.11217	0.01596	0.00911	0.00357	0.00775	0.05005	0.00814	0.01107
8	0.02640	0.01878	0.02137	0.01981	0.02474	0.02035	0.01507	0.04518	0.31307	0.11521	0.04861	0.20059	0.04331	0.02006	0.01187	0.00386	0.00807	0.01739	0.01117	0.01508
9	0.02954	0.03320	0.21654	0.08036	0.03927	0.02378	0.02748	0.03668	0.02372	0.17335	0.02474	0.02757	0.01770	0.01302	0.01596	0.00362	0.13992	0.00922	0.00719	0.05714
10	0.24036	0.02968	0.17818	0.02088	0.03037	0.02079	0.02131	0.03784	0.02396	0.19920	0.02886	0.07554	0.02220	0.01327	0.00971	0.00349	0.01077	0.01023	0.00848	0.01490

[dist]
# distance from previous block
# <min> <max>
0	3

[block]
# block no. 1 follows, 12 sequences, length 8
# corresponding to MSA columns:
# 98-105
name=unknown_B
#
# <colnr> <probs for GDERKNQSTAVLIFYWHMCP>
#	G	D	E	R	K	N	Q	S	T	A	V	L	I	F	Y	W	H	M	C	P
0	0.02814	0.01858	0.02428	0.02449	0.07924	0.01944	0.01708	0.09484	0.09019	0.14324	0.07211	0.18363	0.04123	0.02360	0.04806	0.00462	0.04639	0.01648	0.01005	0.01430
1	0.10629	0.03112	0.11658	0.02731	0.07684	0.09352	0.02276	0.03631	0.02400	0.13134	0.02220	0.02507	0.01679	0.01225	0.01436	0.00332	0.11895	0.00842	0.00699	0.10556
2	0.03003	0.03005	0.13961	0.03941	0.21753	0.02428	0.02744	0.04362	0.15574	0.13393	0.03063	0.03159	0.02250	0.01185	0.01082	0.00343	0.01180	0.01029	0.00820	0.01727
3	0.01517	0.01087	0.01459	0.01491	0.01626	0.01126	0.01055	0.01800	0.02060	0.02870	0.14523	0.16818	0.05498	0.18882	0.22117	0.01032	0.01517	0.01815	0.00816	0.00893
4	0.01784	0.01447	0.01777	0.01726	0.01996	0.01552	0.01325	0.02638	0.11638	0.03635	0.20725	0.18055	0.12807	0.02427	0.01534	0.00397	0.06873	0.05504	0.01031	0.01128
5	0.02419	0.16489	0.03093	0.01675	0.02636	0.02143	0.01430	0.02871	0.02250	0.03315	0.01836	0.02138	0.01563	0.00838	0.00782	0.00179	0.00894	0.00631	0.00603	0.52217
6	0.01465	0.01002	0.01238	0.01352	0.01426	0.00951	0.00871	0.01535	0.01907	0.02497	0.05380	0.31549	0.11452	0.21899	0.03003	0.07771	0.00791	0.02293	0.00844	0.00775
7	0.01875	0.01557	0.01887	0.08738	0.02687	0.01668	0.01450	0.03093	0.17938	0.03650	0.14821	0.17484	0.14436	0.02198	0.01230	0.00379	0.00768	0.01912	0.01011	0.01216

[dist]
# distance from previous block
# <min> <max>
0	8

[block]
# block no. 2 follows, 12 sequences, length 9
# corresponding to MSA columns:
# 116-124
name=unknown_C
#
# <colnr> <probs for GDERKNQSTAVLIFYWHMCP>
#	G	D	E	R	K	N	Q	S	T	A	V	L	I	F	Y	W	H	M	C	P
0	0.01750	0.01378	0.02041	0.02617	0.11890	0.01341	0.01675	0.02174	0.02458	0.03344	0.13501	0.26629	0.06428	0.02630	0.01348	0.00420	0.00846	0.15472	0.00953	0.01104
1	0.15188	0.02501	0.04345	0.14025	0.20723	0.02589	0.18360	0.03271	0.02341	0.03658	0.01981	0.02638	0.01553	0.00983	0.01072	0.00347	0.01414	0.01001	0.00560	0.01451
2	0.02924	0.02014	0.02798	0.06086	0.03283	0.01684	0.06235	0.03452	0.02497	0.16306	0.02545	0.02729	0.01874	0.00972	0.00945	0.00239	0.00982	0.00841	0.00799	0.40799
3	0.07514	0.09161	0.08370	0.06794	0.02871	0.01988	0.01741	0.05355	0.02387	0.11876	0.04007	0.04260	0.11780	0.01977	0.01688	0.14086	0.01018	0.01148	0.00767	0.01212
4	0.01589	0.01083	0.01305	0.01381	0.01436	0.01076	0.00908	0.01706	0.01817	0.02406	0.04165	0.14107	0.04764	0.44074	0.04320	0.00883	0.01000	0.10465	0.00765	0.00751
5	0.03014	0.01424	0.01818	0.01543	0.01993	0.01281	0.01153	0.03310	0.02593	0.26245	0.12734	0.06103	0.09245	0.19778	0.02485	0.00558	0.00864	0.01500	0.01086	0.01274
6	0.02972	0.17728	0.22723	0.03155	0.09561	0.02810	0.08200	0.03754	0.02487	0.13150	0.02335	0.02553	0.01704	0.01051	0.01000	0.00317	0.01366	0.00880	0.00649	0.01605
7	0.02704	0.06297	0.18878	0.12900	0.10459	0.02587	0.11823	0.03514	0.02410	0.10185	0.02260	0.02730	0.01661	0.01117	0.01273	0.00353	0.05738	0.00978	0.00610	0.01523
8	0.01729	0.02119	0.11981	0.02030	0.02428	0.01630	0.01799	0.02382	0.06535	0.03048	0.04597	0.38376	0.05126	0.02628	0.01542	0.00422	0.07378	0.02264	0.00857	0.01131

[dist]
# distance from previous block
# <min> <max>
5	7

[block]
# block no. 3 follows, 12 sequences, length 6
# corresponding to MSA columns:
# 132-137
name=unknown_D
#
# <colnr> <probs for GDERKNQSTAVLIFYWHMCP>
#	G	D	E	R	K	N	Q	S	T	A	V	L	I	F	Y	W	H	M	C	P
0	0.02490	0.01562	0.01917	0.01692	0.02153	0.01556	0.01313	0.03618	0.15347	0.14519	0.32187	0.06269	0.07081	0.01871	0.01205	0.00348	0.00682	0.01618	0.01207	0.01363
1	0.02189	0.01194	0.01468	0.01399	0.01577	0.01133	0.00912	0.02308	0.01982	0.12784	0.04087	0.16508	0.04321	0.38920	0.03896	0.00801	0.00952	0.01772	0.00862	0.00938
2	0.02740	0.14259	0.08836	0.08250	0.07635	0.02505	0.12339	0.03391	0.02550	0.10870	0.08422	0.03421	0.02796	0.01192	0.01048	0.00320	0.01226	0.01082	0.05682	0.01434
3	0.15518	0.01763	0.02174	0.14928	0.03411	0.01929	0.01752	0.07621	0.02716	0.07382	0.13219	0.05607	0.07808	0.01729	0.01120	0.00369	0.00965	0.07875	0.00888	0.01226
4	0.02801	0.21498	0.10600	0.02147	0.03012	0.02969	0.02047	0.15281	0.02887	0.03880	0.02176	0.02596	0.01797	0.02458	0.12019	0.00564	0.01543	0.00836	0.00667	0.08223
5	0.14202	0.02362	0.06444	0.02013	0.02821	0.02140	0.01742	0.11752	0.08071	0.23207	0.03391	0.07297	0.02546	0.01395	0.01027	0.00336	0.00973	0.01107	0.01036	0.06138

[dist]
# distance from previous block
# <min> <max>
1	24

[block]
# block no. 4 follows, 12 sequences, length 41
# corresponding to MSA columns:
# 162-202
name=unknown_E
#
# <colnr> <probs for GDERKNQSTAVLIFYWHMCP>
#	G	D	E	R	K	N	Q	S	T	A	V	L	I	F	Y	W	H	M	C	P
0	0.03432	0.07598	0.08267	0.13919	0.04444	0.06464	0.09337	0.11108	0.03013	0.17718	0.02664	0.02872	0.01863	0.01153	0.01077	0.00334	0.01357	0.00987	0.00820	0.01572
1	0.01777	0.01177	0.01544	0.01627	0.01831	0.01165	0.01165	0.02271	0.06272	0.07326	0.09510	0.39767	0.06211	0.03616	0.08684	0.00592	0.00965	0.02437	0.01007	0.01055
2	0.03446	0.25362	0.04235	0.02554	0.07002	0.02978	0.05908	0.08906	0.02846	0.17607	0.02825	0.03385	0.02235	0.01254	0.00990	0.00311	0.01157	0.04601	0.00828	0.01571
3	0.03271	0.02620	0.02780	0.02332	0.03048	0.02973	0.01861	0.23537	0.34256	0.05463	0.03727	0.03502	0.02753	0.01413	0.01102	0.00353	0.00994	0.01135	0.01102	0.01776
4	0.03038	0.01929	0.02688	0.02066	0.02792	0.01788	0.08248	0.09696	0.02949	0.15961	0.07226	0.03621	0.02871	0.01233	0.01006	0.00288	0.00938	0.01074	0.16180	0.14411
5	0.02527	0.27579	0.29305	0.02826	0.04100	0.03265	0.09721	0.03385	0.02306	0.03109	0.01818	0.02174	0.01426	0.00979	0.00939	0.00304	0.01468	0.00785	0.00475	0.01508
6	0.02852	0.03490	0.20659	0.04532	0.23879	0.02447	0.10373	0.03701	0.02536	0.11429	0.02386	0.02764	0.01755	0.01041	0.01099	0.00339	0.01420	0.00985	0.00640	0.01672
7	0.02143	0.02024	0.03422	0.52185	0.13729	0.02445	0.03070	0.02859	0.02220	0.02888	0.01953	0.02880	0.01489	0.01075	0.01089	0.00358	0.01433	0.00969	0.00492	0.01279
8	0.03300	0.02634	0.02797	0.02338	0.03059	0.02987	0.01868	0.24449	0.33297	0.05510	0.03691	0.03473	0.02723	0.01409	0.01102	0.00352	0.01001	0.01130	0.01102	0.01779
9	0.03467	0.07908	0.14438	0.15804	0.04326	0.02231	0.02485	0.04136	0.02643	0.27276	0.02995	0.03048	0.02008	0.01185	0.01048	0.00336	0.01220	0.00959	0.00877	0.01610
10	0.03852	0.01811	0.02592	0.02542	0.10455	0.01632	0.01746	0.04327	0.03017	0.36899	0.14517	0.04493	0.04154	0.01478	0.01134	0.00336	0.00896	0.01262	0.01195	0.01662
11	0.01706	0.01145	0.01409	0.01363	0.01669	0.01020	0.01014	0.02090	0.02750	0.07861	0.29653	0.17048	0.22185	0.02507	0.01289	0.00366	0.00578	0.02181	0.01127	0.01041
12	0.04199	0.08299	0.02877	0.06870	0.03154	0.01938	0.01766	0.04645	0.02896	0.41432	0.03910	0.04079	0.02722	0.01408	0.01084	0.00341	0.01004	0.04535	0.01154	0.01687
13	0.17108	0.14276	0.13792	0.02047	0.03035	0.06972	0.02021	0.03401	0.02303	0.07317	0.01923	0.02149	0.01495	0.00986	0.00840	0.00272	0.01149	0.00692	0.00625	0.17596
14	0.06951	0.01254	0.01561	0.01425	0.01765	0.01185	0.01090	0.02425	0.02997	0.08838	0.46003	0.07281	0.08946	0.02061	0.01224	0.00342	0.00575	0.01792	0.01174	0.01112
15	0.01431	0.01012	0.01334	0.01554	0.01639	0.00968	0.01086	0.01646	0.02090	0.02773	0.05634	0.46058	0.06634	0.11000	0.01956	0.00533	0.00748	0.10063	0.00965	0.00875
16	0.02925	0.08344	0.22889	0.07180	0.09655	0.02618	0.06169	0.07311	0.06698	0.11887	0.02562	0.02772	0.01840	0.01121	0.01054	0.00336	0.01349	0.00942	0.00714	0.01634
17	0.03214	0.02408	0.04008	0.03714	0.14351	0.02353	0.16105	0.07845	0.08325	0.16467	0.07103	0.03586	0.02804	0.01229	0.01164	0.00346	0.01247	0.01200	0.00895	0.01639
18	0.01385	0.00989	0.01330	0.01583	0.01670	0.00934	0.01110	0.01615	0.02143	0.02846	0.05979	0.54579	0.07089	0.03363	0.01407	0.00451	0.00681	0.08934	0.01011	0.00901
19	0.02114	0.02045	0.03609	0.53223	0.07316	0.02458	0.08160	0.02862	0.02222	0.02862	0.01967	0.02911	0.01475	0.01072	0.01111	0.00364	0.01495	0.01003	0.00492	0.01239
20	0.03238	0.31114	0.15058	0.02522	0.07339	0.03145	0.02359	0.03815	0.02478	0.15924	0.02336	0.02422	0.01743	0.01060	0.00896	0.00289	0.01208	0.00786	0.00689	0.01581
21	0.02570	0.03551	0.26367	0.09129	0.08700	0.02177	0.06613	0.03421	0.02429	0.11715	0.02892	0.10379	0.02417	0.01390	0.01121	0.00359	0.01346	0.01222	0.00692	0.01512
22	0.50821	0.02296	0.02074	0.05764	0.02762	0.02642	0.01501	0.13313	0.02569	0.05160	0.01780	0.02031	0.01342	0.01080	0.00792	0.00337	0.00962	0.00700	0.00749	0.01325
23	0.01542	0.01151	0.01513	0.01510	0.01668	0.01154	0.01092	0.01896	0.02559	0.03580	0.31656	0.23809	0.08203	0.07310	0.01824	0.00440	0.04865	0.02213	0.01047	0.00967
24	0.01319	0.01094	0.01155	0.01165	0.01498	0.00929	0.00864	0.01614	0.02520	0.03086	0.15299	0.14073	0.46121	0.02754	0.01296	0.00371	0.00554	0.02326	0.01033	0.00929
25	0.02715	0.13580	0.10971	0.02228	0.03113	0.02856	0.02058	0.07876	0.26268	0.04075	0.03089	0.03050	0.02364	0.01216	0.00984	0.00311	0.01045	0.00958	0.00836	0.10406
26	0.69383	0.02109	0.01603	0.01434	0.02109	0.02446	0.01181	0.03205	0.01856	0.04892	0.01518	0.01771	0.01181	0.01012	0.00675	0.00337	0.00843	0.00590	0.00675	0.01181
27	0.01894	0.00947	0.01420	0.01420	0.01420	0.00947	0.00947	0.01420	0.01420	0.01894	0.01894	0.03314	0.01894	0.03788	0.04261	0.68277	0.00947	0.00947	0.00473	0.00473
28	0.02059	0.01938	0.03270	0.59060	0.07510	0.02422	0.03028	0.02786	0.02180	0.02786	0.01938	0.02907	0.01453	0.01090	0.01090	0.00363	0.01453	0.00969	0.00484	0.01211
29	0.10376	0.39481	0.04578	0.02021	0.02887	0.07740	0.01852	0.13278	0.02843	0.03714	0.01757	0.01947	0.01471	0.01033	0.00798	0.00267	0.01196	0.00675	0.00625	0.01460
30	0.02187	0.05640	0.56031	0.03108	0.04719	0.02532	0.04029	0.03453	0.02302	0.03453	0.01957	0.02302	0.01381	0.01036	0.01036	0.00345	0.01611	0.00806	0.00460	0.01611
31	0.01395	0.01030	0.01338	0.01532	0.01679	0.00974	0.01105	0.01654	0.02184	0.02855	0.06573	0.42376	0.14410	0.03596	0.05375	0.00532	0.00831	0.08668	0.00981	0.00913
32	0.01570	0.01118	0.01497	0.01497	0.01603	0.01224	0.01044	0.01783	0.01677	0.02342	0.03154	0.05579	0.03288	0.32481	0.33825	0.01437	0.02074	0.01358	0.00619	0.00831
33	0.02261	0.01938	0.02261	0.01615	0.02584	0.01453	0.01292	0.02745	0.02261	0.03553	0.01938	0.02261	0.01615	0.00807	0.00807	0.00161	0.00807	0.00646	0.00646	0.68346
34	0.02011	0.01218	0.01607	0.01451	0.01790	0.01109	0.01109	0.02512	0.03091	0.11526	0.47326	0.07526	0.09229	0.02106	0.01260	0.00342	0.00572	0.01850	0.01221	0.01144
35	0.02566	0.02125	0.02056	0.01873	0.02311	0.10540	0.01425	0.03606	0.14624	0.09515	0.25181	0.09733	0.06188	0.01872	0.01184	0.00346	0.00883	0.01587	0.01078	0.01307
36	0.03053	0.02512	0.07396	0.02495	0.03352	0.02201	0.08756	0.13291	0.06910	0.12551	0.03302	0.04424	0.02707	0.01437	0.01132	0.00338	0.01151	0.08521	0.00913	0.13559
37	0.19749	0.10609	0.03189	0.02165	0.02997	0.03278	0.01830	0.33335	0.03954	0.05828	0.02207	0.02299	0.01632	0.01188	0.00939	0.00317	0.01109	0.00835	0.00908	0.01632
38	0.01656	0.01695	0.08571	0.01623	0.01897	0.01350	0.01330	0.01948	0.01734	0.02425	0.03075	0.05580	0.03225	0.36440	0.21689	0.01188	0.01732	0.01348	0.00610	0.00887
39	0.32830	0.07036	0.03085	0.02312	0.02870	0.02784	0.08911	0.03020	0.01937	0.03772	0.01698	0.02273	0.01440	0.01723	0.05520	0.00469	0.15682	0.00824	0.00585	0.01229
40	0.07951	0.27707	0.08096	0.01985	0.02763	0.03061	0.01880	0.07085	0.02626	0.09142	0.10474	0.03156	0.02997	0.01302	0.01101	0.00304	0.05273	0.00940	0.00746	0.01410

[dist]
# distance from previous block
# <min> <max>
0	1

[block]
# block no. 5 follows, 12 sequences, length 18
# corresponding to MSA columns:
# 204-221
name=unknown_F
#
# <colnr> <probs for GDERKNQSTAVLIFYWHMCP>
#	G	D	E	R	K	N	Q	S	T	A	V	L	I	F	Y	W	H	M	C	P
0	0.02296	0.02072	0.02204	0.01673	0.02501	0.05847	0.01317	0.02769	0.02453	0.03608	0.09918	0.03136	0.02923	0.01050	0.00895	0.00199	0.00855	0.00853	0.00724	0.52706
1	0.02043	0.01131	0.01461	0.01486	0.01735	0.01043	0.01072	0.02370	0.02441	0.11734	0.12924	0.34786	0.06292	0.02570	0.01231	0.00381	0.00643	0.02282	0.11289	0.01084
2	0.01790	0.01138	0.01493	0.01619	0.01783	0.01096	0.01199	0.02046	0.02170	0.06695	0.05168	0.28236	0.05777	0.17659	0.02441	0.00606	0.00875	0.16324	0.00947	0.00938
3	0.02112	0.01944	0.02053	0.11454	0.03004	0.09977	0.01609	0.06431	0.02517	0.03117	0.04375	0.37206	0.04899	0.02495	0.01253	0.00395	0.01023	0.02194	0.00862	0.01081
4	0.01465	0.01085	0.01366	0.01351	0.01595	0.00987	0.00992	0.01885	0.02819	0.03867	0.38973	0.17325	0.17227	0.02516	0.01304	0.00364	0.00540	0.02215	0.01137	0.00987
5	0.02187	0.05640	0.56031	0.03108	0.04719	0.02532	0.04029	0.03453	0.02302	0.03453	0.01957	0.02302	0.01381	0.01036	0.01036	0.00345	0.01611	0.00806	0.00460	0.01611
6	0.02059	0.01938	0.03270	0.59060	0.07510	0.02422	0.03028	0.02786	0.02180	0.02786	0.01938	0.02907	0.01453	0.01090	0.01090	0.00363	0.01453	0.00969	0.00484	0.01211
7	0.04892	0.01856	0.02530	0.01940	0.02783	0.01603	0.01603	0.05314	0.03121	0.55634	0.04302	0.03711	0.02699	0.01350	0.01096	0.00337	0.00928	0.01096	0.01350	0.01856
8	0.04778	0.02039	0.02644	0.02027	0.02875	0.01874	0.01674	0.12331	0.03427	0.48184	0.04044	0.03544	0.02570	0.01343	0.01096	0.00336	0.00969	0.01079	0.01310	0.01855
9	0.04892	0.01856	0.02530	0.01940	0.02783	0.01603	0.01603	0.05314	0.03121	0.55634	0.04302	0.03711	0.02699	0.01350	0.01096	0.00337	0.00928	0.01096	0.01350	0.01856
10	0.03126	0.02415	0.02651	0.02122	0.02858	0.02555	0.01707	0.26083	0.14302	0.05455	0.11167	0.03748	0.03474	0.01411	0.01080	0.00312	0.00957	0.01139	0.01041	0.12397
11	0.01905	0.01758	0.02632	0.02380	0.02506	0.02135	0.05945	0.02179	0.01945	0.02774	0.03652	0.29989	0.04169	0.02532	0.02351	0.00451	0.26896	0.01992	0.00735	0.01072
12	0.01414	0.00985	0.01240	0.01409	0.01451	0.00943	0.00895	0.01541	0.01920	0.02560	0.05151	0.43020	0.06129	0.22842	0.02778	0.00648	0.00774	0.02595	0.00895	0.00811
13	0.69383	0.02109	0.01603	0.01434	0.02109	0.02446	0.01181	0.03205	0.01856	0.04892	0.01518	0.01771	0.01181	0.01012	0.00675	0.00337	0.00843	0.00590	0.00675	0.01181
14	0.01331	0.01106	0.01164	0.01149	0.01499	0.00939	0.00862	0.01647	0.02586	0.03185	0.18303	0.10099	0.47030	0.02672	0.01288	0.00364	0.00546	0.02246	0.01044	0.00939
15	0.02496	0.02383	0.04059	0.23324	0.39835	0.02537	0.03245	0.03168	0.02387	0.03316	0.02015	0.02765	0.01640	0.01009	0.01083	0.00336	0.01346	0.00971	0.00522	0.01563
16	0.04892	0.01856	0.02530	0.01940	0.02783	0.01603	0.01603	0.05314	0.03121	0.55634	0.04302	0.03711	0.02699	0.01350	0.01096	0.00337	0.00928	0.01096	0.01350	0.01856
17	0.01562	0.01151	0.01666	0.01666	0.01831	0.01316	0.01256	0.01892	0.01727	0.02467	0.02999	0.04719	0.02915	0.16352	0.49444	0.01646	0.02636	0.01232	0.00596	0.00926

[dist]
# distance from previous block
# <min> <max>
0	1

[block]
# block no. 6 follows, 12 sequences, length 12
# corresponding to MSA columns:
# 223-234
name=unknown_G
#
# <colnr> <probs for GDERKNQSTAVLIFYWHMCP>
#	G	D	E	R	K	N	Q	S	T	A	V	L	I	F	Y	W	H	M	C	P
0	0.69383	0.02109	0.01603	0.01434	0.02109	0.02446	0.01181	0.03205	0.01856	0.04892	0.01518	0.01771	0.01181	0.01012	0.00675	0.00337	0.00843	0.00590	0.00675	0.01181
1	0.01511	0.01113	0.01413	0.01338	0.01609	0.01015	0.01004	0.01996	0.03011	0.04193	0.48865	0.08440	0.15839	0.02296	0.01286	0.00346	0.00519	0.02013	0.01177	0.01015
2	0.02385	0.02385	0.03340	0.02863	0.02863	0.03340	0.02385	0.02624	0.01670	0.02624	0.01431	0.02385	0.01431	0.01908	0.03578	0.00477	0.59685	0.00954	0.00477	0.01193
3	0.01490	0.01099	0.01393	0.01348	0.01604	0.01002	0.01000	0.01945	0.02919	0.04043	0.44317	0.13007	0.15974	0.02403	0.01295	0.00355	0.00530	0.02113	0.01159	0.01002
4	0.04073	0.05197	0.03090	0.02809	0.03371	0.57303	0.02107	0.04354	0.03090	0.02669	0.01685	0.01966	0.01404	0.01124	0.00983	0.00281	0.01966	0.00702	0.00562	0.01264
5	0.69383	0.02109	0.01603	0.01434	0.02109	0.02446	0.01181	0.03205	0.01856	0.04892	0.01518	0.01771	0.01181	0.01012	0.00675	0.00337	0.00843	0.00590	0.00675	0.01181
6	0.01569	0.01125	0.01532	0.01532	0.01650	0.01243	0.01088	0.01806	0.01687	0.02368	0.03122	0.05400	0.03211	0.29123	0.37077	0.01480	0.02191	0.01332	0.00614	0.00851
7	0.01663	0.01241	0.01561	0.01459	0.01753	0.01202	0.01100	0.02442	0.08209	0.04392	0.49177	0.07726	0.09573	0.02152	0.01268	0.00346	0.00550	0.01896	0.01191	0.01100
8	0.02431	0.02968	0.12150	0.22807	0.04807	0.07924	0.02583	0.03867	0.16921	0.03524	0.06688	0.03445	0.02658	0.01284	0.01091	0.00352	0.01291	0.01067	0.00723	0.01420
9	0.02592	0.02210	0.07027	0.02361	0.02974	0.01981	0.07910	0.11645	0.07825	0.09300	0.04249	0.23267	0.04166	0.02099	0.01247	0.00391	0.01047	0.05360	0.00967	0.01382
10	0.02913	0.02704	0.07724	0.01991	0.02959	0.07332	0.01742	0.07069	0.02679	0.10260	0.02264	0.02445	0.01726	0.00969	0.00906	0.00226	0.01048	0.00750	0.00742	0.41550
11	0.16987	0.32825	0.04165	0.07523	0.03178	0.03560	0.01898	0.07967	0.02383	0.03517	0.01661	0.02006	0.01407	0.01082	0.01007	0.00297	0.05904	0.00693	0.00576	0.01363

[dist]
# distance from previous block
# <min> <max>
1	7

[block]
# block no. 7 follows, 12 sequences, length 25
# corresponding to MSA columns:
# 242-266
name=unknown_H
#
# <colnr> <probs for GDERKNQSTAVLIFYWHMCP>
#	G	D	E	R	K	N	Q	S	T	A	V	L	I	F	Y	W	H	M	C	P
0	0.01819	0.01572	0.02494	0.03054	0.16127	0.01502	0.05102	0.02251	0.02451	0.03356	0.14277	0.26980	0.09998	0.02307	0.01272	0.00380	0.00865	0.02121	0.00889	0.01182
1	0.02341	0.03904	0.32839	0.07025	0.08447	0.02148	0.03101	0.03263	0.02352	0.07794	0.02745	0.09311	0.02299	0.01350	0.01068	0.00348	0.01320	0.01133	0.05726	0.01485
2	0.01328	0.00949	0.01265	0.01518	0.01581	0.00886	0.01012	0.01518	0.02088	0.02783	0.06010	0.60969	0.07212	0.03416	0.01392	0.00443	0.00633	0.03100	0.01012	0.00886
3	0.01894	0.00947	0.01420	0.01420	0.01420	0.00947	0.00947	0.01420	0.01420	0.01894	0.01894	0.03314	0.01894	0.03788	0.04261	0.68277	0.00947	0.00947	0.00473	0.00473
4	0.01543	0.01115	0.01457	0.01372	0.01629	0.01029	0.01029	0.02058	0.03086	0.04372	0.54304	0.08145	0.10288	0.02229	0.01286	0.00343	0.00514	0.01972	0.01200	0.01029
5	0.24153	0.01931	0.02253	0.01789	0.02582	0.01854	0.01477	0.04684	0.02743	0.40479	0.03470	0.03132	0.02246	0.01249	0.00971	0.00337	0.00903	0.00945	0.01148	0.01654
6	0.02357	0.02170	0.03262	0.33726	0.14978	0.02533	0.02728	0.03718	0.16208	0.03418	0.02647	0.03188	0.02020	0.01175	0.01093	0.00358	0.01262	0.01042	0.00667	0.01448
7	0.02059	0.01938	0.03270	0.59060	0.07510	0.02422	0.03028	0.02786	0.02180	0.02786	0.01938	0.02907	0.01453	0.01090	0.01090	0.00363	0.01453	0.00969	0.00484	0.01211
8	0.04345	0.02733	0.03074	0.02357	0.03221	0.02905	0.01947	0.38955	0.04590	0.19918	0.03068	0.02910	0.02080	0.01320	0.01092	0.00330	0.01127	0.01012	0.01160	0.01855
9	0.02242	0.02045	0.03390	0.21212	0.27848	0.02185	0.02802	0.02852	0.02363	0.03216	0.02941	0.09205	0.02828	0.01537	0.01177	0.00374	0.01241	0.08520	0.00637	0.01387
10	0.03198	0.09924	0.03022	0.02321	0.02950	0.17445	0.01835	0.11659	0.22193	0.04026	0.03227	0.07901	0.02703	0.01462	0.01050	0.00330	0.01224	0.01139	0.00879	0.01513
11	0.02699	0.02591	0.04426	0.06693	0.54879	0.02591	0.03346	0.03346	0.02483	0.03562	0.02051	0.02699	0.01727	0.00972	0.01079	0.00324	0.01295	0.00972	0.00540	0.01727
12	0.02380	0.02321	0.03852	0.02752	0.03772	0.01951	0.20218	0.03030	0.02380	0.03530	0.02040	0.02520	0.01630	0.00850	0.00990	0.00240	0.01201	0.00890	0.00610	0.42842
13	0.02944	0.02829	0.02572	0.02319	0.02927	0.12016	0.01791	0.05548	0.44419	0.04239	0.03969	0.03710	0.03001	0.01419	0.01088	0.00355	0.01051	0.01142	0.01016	0.01647
14	0.01776	0.00989	0.01332	0.01332	0.01332	0.00989	0.00838	0.01483	0.01483	0.01978	0.02482	0.04772	0.02683	0.25867	0.04753	0.42641	0.00989	0.01191	0.00545	0.00545
15	0.02261	0.01938	0.02261	0.01615	0.02584	0.01453	0.01292	0.02745	0.02261	0.03553	0.01938	0.02261	0.01615	0.00807	0.00807	0.00161	0.00807	0.00646	0.00646	0.68346
16	0.57325	0.02283	0.01911	0.01633	0.02344	0.02619	0.01346	0.12084	0.02460	0.05258	0.01721	0.01928	0.01305	0.01067	0.00752	0.00336	0.00909	0.00663	0.00752	0.01305
17	0.02488	0.02333	0.03935	0.14621	0.41235	0.02411	0.03114	0.03132	0.02437	0.03403	0.02456	0.03825	0.02201	0.01223	0.01130	0.00351	0.01288	0.06272	0.00584	0.01561
18	0.01328	0.00949	0.01265	0.01518	0.01581	0.00886	0.01012	0.01518	0.02088	0.02783	0.06010	0.60969	0.07212	0.03416	0.01392	0.00443	0.00633	0.03100	0.01012	0.00886
19	0.02915	0.62337	0.05714	0.01866	0.02799	0.04314	0.01866	0.03265	0.02215	0.02565	0.01516	0.01749	0.01399	0.00933	0.00700	0.00233	0.01166	0.00583	0.00466	0.01399
20	0.02385	0.02385	0.03340	0.02863	0.02863	0.03340	0.02385	0.02624	0.01670	0.02624	0.01431	0.02385	0.01431	0.01908	0.03578	0.00477	0.59685	0.00954	0.00477	0.01193
21	0.01365	0.01061	0.01249	0.01358	0.01593	0.00945	0.00993	0.01648	0.02390	0.03031	0.12303	0.29181	0.29134	0.02982	0.01345	0.00405	0.00618	0.06450	0.01027	0.00924
22	0.02324	0.01442	0.01819	0.01583	0.01995	0.01380	0.01231	0.08127	0.03324	0.12068	0.41191	0.06875	0.08231	0.01997	0.01236	0.00340	0.00652	0.01733	0.01209	0.01242
23	0.04892	0.01856	0.02530	0.01940	0.02783	0.01603	0.01603	0.05314	0.03121	0.55634	0.04302	0.03711	0.02699	0.01350	0.01096	0.00337	0.00928	0.01096	0.01350	0.01856
24	0.69383	0.02109	0.01603	0.01434	0.02109	0.02446	0.01181	0.03205	0.01856	0.04892	0.01518	0.01771	0.01181	0.01012	0.00675	0.00337	0.00843	0.00590	0.00675	0.01181

[dist]
# distance from previous block
# <min> <max>
0	30

[block]
# block no. 8 follows, 12 sequences, length 28
# corresponding to MSA columns:
# 297-324
name=unknown_I
#
# <colnr> <probs for GDERKNQSTAVLIFYWHMCP>
#	G	D	E	R	K	N	Q	S	T	A	V	L	I	F	Y	W	H	M	C	P
0	0.69383	0.02109	0.01603	0.01434	0.02109	0.02446	0.01181	0.03205	0.01856	0.04892	0.01518	0.01771	0.01181	0.01012	0.00675	0.00337	0.00843	0.00590	0.00675	0.01181
1	0.01984	0.01998	0.03987	0.03139	0.03750	0.01871	0.27297	0.02558	0.02344	0.03157	0.04006	0.30407	0.04285	0.02101	0.01336	0.00403	0.01268	0.02145	0.00770	0.01194
2	0.09550	0.01957	0.02189	0.01595	0.02532	0.01561	0.01280	0.02795	0.02217	0.03698	0.01892	0.02208	0.01568	0.00830	0.00793	0.00181	0.00811	0.00640	0.00649	0.61052
3	0.03014	0.11110	0.03602	0.02522	0.02992	0.02786	0.06424	0.03393	0.02203	0.15852	0.02389	0.02877	0.01902	0.02215	0.08164	0.00535	0.24931	0.00988	0.00711	0.01390
4	0.62927	0.02414	0.01750	0.01570	0.02233	0.07868	0.01272	0.03319	0.01978	0.04672	0.01535	0.01791	0.01203	0.01023	0.00705	0.00332	0.00954	0.00601	0.00664	0.01189
5	0.01511	0.01100	0.01458	0.01657	0.01843	0.01047	0.01290	0.01859	0.02374	0.03112	0.10125	0.32136	0.12201	0.03094	0.01418	0.00451	0.00763	0.20592	0.01023	0.00947
6	0.03846	0.02507	0.02854	0.02159	0.03049	0.02502	0.01773	0.28867	0.03964	0.17040	0.02829	0.02776	0.01985	0.01194	0.01022	0.00288	0.01041	0.00924	0.01039	0.18339
7	0.02102	0.01523	0.01735	0.01377	0.02017	0.01253	0.01077	0.02599	0.02360	0.03823	0.08196	0.03536	0.02973	0.01125	0.00843	0.00214	0.00670	0.00921	0.24374	0.37283
8	0.18725	0.02114	0.02810	0.09909	0.03563	0.02308	0.08026	0.07226	0.10054	0.08805	0.03001	0.03984	0.02454	0.01874	0.05170	0.00470	0.01259	0.06043	0.00821	0.01382
9	0.02479	0.03699	0.30001	0.02406	0.03509	0.02049	0.02715	0.03587	0.07519	0.11717	0.07912	0.04367	0.10393	0.01478	0.01109	0.00350	0.01189	0.01206	0.00802	0.01513
10	0.03107	0.03218	0.02108	0.01960	0.02377	0.30661	0.01470	0.03496	0.02710	0.03330	0.02571	0.02960	0.02063	0.01193	0.00879	0.00268	0.01276	0.00851	0.32356	0.01147
11	0.02021	0.01224	0.01586	0.01432	0.01787	0.01105	0.01096	0.02500	0.03037	0.11909	0.42885	0.07696	0.13175	0.02146	0.01258	0.00344	0.00580	0.01871	0.01205	0.01143
12	0.01660	0.01893	0.10024	0.01661	0.02162	0.01346	0.01508	0.02395	0.06039	0.03873	0.31669	0.10992	0.16239	0.02170	0.01243	0.00356	0.00725	0.01877	0.01031	0.01136
13	0.02699	0.02591	0.04426	0.06693	0.54879	0.02591	0.03346	0.03346	0.02483	0.03562	0.02051	0.02699	0.01727	0.00972	0.01079	0.00324	0.01295	0.00972	0.00540	0.01727
14	0.02187	0.05640	0.56031	0.03108	0.04719	0.02532	0.04029	0.03453	0.02302	0.03453	0.01957	0.02302	0.01381	0.01036	0.01036	0.00345	0.01611	0.00806	0.00460	0.01611
15	0.01927	0.01006	0.01053	0.01091	0.01317	0.00997	0.00800	0.02388	0.02257	0.03873	0.03924	0.12576	0.03455	0.01591	0.00856	0.00282	0.00527	0.01328	0.57754	0.00997
16	0.22051	0.02656	0.11712	0.02391	0.03281	0.02131	0.10145	0.03745	0.02379	0.18899	0.02551	0.02761	0.01800	0.01351	0.01287	0.06533	0.01173	0.00923	0.00796	0.01433
17	0.02187	0.05640	0.56031	0.03108	0.04719	0.02532	0.04029	0.03453	0.02302	0.03453	0.01957	0.02302	0.01381	0.01036	0.01036	0.00345	0.01611	0.00806	0.00460	0.01611
18	0.02187	0.05640	0.56031	0.03108	0.04719	0.02532	0.04029	0.03453	0.02302	0.03453	0.01957	0.02302	0.01381	0.01036	0.01036	0.00345	0.01611	0.00806	0.00460	0.01611
19	0.04892	0.01856	0.02530	0.01940	0.02783	0.01603	0.01603	0.05314	0.03121	0.55634	0.04302	0.03711	0.02699	0.01350	0.01096	0.00337	0.00928	0.01096	0.01350	0.01856
20	0.28610	0.02700	0.02646	0.02106	0.02904	0.03031	0.01738	0.33229	0.03900	0.06129	0.02205	0.02300	0.01602	0.01198	0.00935	0.00331	0.01066	0.00835	0.00935	0.01602
21	0.01471	0.01125	0.01357	0.01336	0.01634	0.01011	0.01027	0.01896	0.02808	0.03737	0.33575	0.09420	0.26152	0.02503	0.01309	0.00368	0.00577	0.06597	0.01112	0.00986
22	0.02261	0.01938	0.02261	0.01615	0.02584	0.01453	0.01292	0.02745	0.02261	0.03553	0.01938	0.02261	0.01615	0.00807	0.00807	0.00161	0.00807	0.00646	0.00646	0.68346
23	0.02572	0.03459	0.25539	0.08530	0.03999	0.02015	0.02690	0.03412	0.02470	0.11788	0.06294	0.03026	0.02327	0.01131	0.01019	0.00304	0.01221	0.00922	0.00703	0.16578
24	0.02607	0.04438	0.33833	0.03753	0.12153	0.02698	0.09888	0.10567	0.02786	0.03984	0.02103	0.02494	0.01540	0.01051	0.01084	0.00342	0.01533	0.00921	0.00578	0.01646
25	0.01363	0.00982	0.01338	0.01553	0.01636	0.00957	0.01065	0.01582	0.02037	0.02746	0.05548	0.52491	0.06541	0.04128	0.09763	0.00639	0.00975	0.02811	0.00948	0.00899
26	0.04780	0.02035	0.02641	0.02025	0.02873	0.01869	0.01673	0.12183	0.03421	0.48341	0.04050	0.03548	0.02573	0.01343	0.01096	0.00336	0.00968	0.01079	0.01311	0.01855
27	0.03062	0.02575	0.11105	0.16369	0.17144	0.02139	0.02691	0.03743	0.02620	0.19201	0.06208	0.03360	0.02483	0.01207	0.01094	0.00342	0.01215	0.01051	0.00805	0.01583

[dist]
# distance from previous block
# <min> <max>
0	1

[block]
# block no. 9 follows, 12 sequences, length 60
# corresponding to MSA columns:
# 326-385
name=unknown_J
#
# <colnr> <probs for GDERKNQSTAVLIFYWHMCP>
#	G	D	E	R	K	N	Q	S	T	A	V	L	I	F	Y	W	H	M	C	P
0	0.03224	0.03513	0.02935	0.07254	0.07336	0.25315	0.02108	0.04777	0.24487	0.03562	0.02921	0.03003	0.02263	0.01263	0.01053	0.00329	0.01399	0.00972	0.00791	0.01494
1	0.04534	0.01776	0.02416	0.01879	0.02660	0.01541	0.01541	0.04966	0.03117	0.50159	0.09642	0.04185	0.03510	0.01443	0.01117	0.00338	0.00884	0.01190	0.01334	0.01767
2	0.02295	0.02075	0.03125	0.12296	0.25019	0.02185	0.02407	0.03341	0.11621	0.03724	0.12410	0.04528	0.07456	0.01438	0.01139	0.00345	0.01047	0.01296	0.00787	0.01466
3	0.03440	0.02144	0.02551	0.01898	0.02809	0.01897	0.01547	0.13558	0.03112	0.19861	0.02788	0.02770	0.01990	0.01074	0.00953	0.00249	0.00925	0.00851	0.00949	0.34635
4	0.01893	0.01265	0.01617	0.01480	0.01810	0.01200	0.01126	0.02594	0.06835	0.08403	0.46637	0.07491	0.09170	0.02104	0.01258	0.00345	0.00573	0.01848	0.01205	0.01146
5	0.62415	0.02210	0.01781	0.01549	0.02245	0.02546	0.01276	0.08336	0.02205	0.05103	0.01636	0.01862	0.01253	0.01044	0.00719	0.00336	0.00882	0.00632	0.00719	0.01253
6	0.03675	0.01556	0.02068	0.01700	0.02309	0.01376	0.01358	0.04107	0.02950	0.36294	0.14105	0.08760	0.04517	0.01662	0.01119	0.00337	0.00781	0.01404	0.08386	0.01534
7	0.01516	0.01113	0.01420	0.01343	0.01612	0.01017	0.01008	0.02005	0.03023	0.04221	0.49719	0.08394	0.14968	0.02286	0.01286	0.00346	0.00518	0.02007	0.01180	0.01017
8	0.03865	0.02915	0.03115	0.02452	0.03275	0.03251	0.02005	0.42372	0.14453	0.06421	0.02973	0.02901	0.02142	0.01342	0.01094	0.00336	0.01134	0.01031	0.01094	0.01829
9	0.01558	0.01168	0.01752	0.01752	0.01947	0.01363	0.01363	0.01947	0.01752	0.02531	0.02921	0.04283	0.02726	0.08178	0.57360	0.01752	0.02921	0.01168	0.00584	0.00974
10	0.02843	0.02794	0.06359	0.08344	0.03368	0.12870	0.02019	0.07359	0.14138	0.07639	0.03676	0.12543	0.03326	0.01755	0.01157	0.00368	0.01205	0.05961	0.00881	0.01395
11	0.03176	0.02665	0.06708	0.02494	0.03209	0.07708	0.06356	0.11270	0.10553	0.13575	0.03817	0.05425	0.03250	0.01700	0.01202	0.00380	0.01214	0.12815	0.00972	0.01509
12	0.02371	0.02548	0.02031	0.06295	0.02630	0.20329	0.01512	0.02657	0.02513	0.02748	0.05179	0.14517	0.16114	0.08484	0.01656	0.00433	0.01204	0.04967	0.00780	0.01033
13	0.02564	0.02086	0.03494	0.02760	0.03396	0.02157	0.16517	0.11301	0.02693	0.07485	0.02752	0.03543	0.02247	0.04274	0.26380	0.00979	0.02145	0.01166	0.00719	0.01343
14	0.03475	0.02549	0.06919	0.03080	0.12384	0.06813	0.05697	0.04003	0.02727	0.24268	0.03336	0.09171	0.02630	0.01384	0.01102	0.00330	0.01162	0.01209	0.00920	0.06841
15	0.26354	0.02715	0.08017	0.02018	0.02850	0.06294	0.01798	0.07678	0.06476	0.21486	0.02797	0.02718	0.01931	0.01191	0.00938	0.00336	0.01063	0.00866	0.00930	0.01546
16	0.39184	0.01619	0.01340	0.01247	0.01733	0.01805	0.00993	0.02907	0.02049	0.04521	0.02432	0.02800	0.01904	0.01128	0.00714	0.00300	0.00693	0.00781	0.30742	0.01107
17	0.01642	0.01035	0.01288	0.01355	0.01538	0.01027	0.00982	0.02030	0.02290	0.03476	0.13597	0.23402	0.05603	0.03172	0.09465	0.00554	0.00908	0.01894	0.23774	0.00970
18	0.02699	0.02591	0.04426	0.06693	0.54879	0.02591	0.03346	0.03346	0.02483	0.03562	0.02051	0.02699	0.01727	0.00972	0.01079	0.00324	0.01295	0.00972	0.00540	0.01727
19	0.02109	0.01938	0.03019	0.44773	0.06285	0.02181	0.02596	0.02776	0.02200	0.02977	0.01938	0.02746	0.01494	0.01020	0.01020	0.00313	0.01293	0.00889	0.00525	0.17908
20	0.02915	0.62337	0.05714	0.01866	0.02799	0.04314	0.01866	0.03265	0.02215	0.02565	0.01516	0.01749	0.01399	0.00933	0.00700	0.00233	0.01166	0.00583	0.00466	0.01399
21	0.01543	0.01115	0.01457	0.01372	0.01629	0.01029	0.01029	0.02058	0.03086	0.04372	0.54304	0.08145	0.10288	0.02229	0.01286	0.00343	0.00514	0.01972	0.01200	0.01029
22	0.01328	0.00949	0.01265	0.01518	0.01581	0.00886	0.01012	0.01518	0.02088	0.02783	0.06010	0.60969	0.07212	0.03416	0.01392	0.00443	0.00633	0.03100	0.01012	0.00886
23	0.01583	0.01066	0.01233	0.01233	0.01249	0.01081	0.00716	0.01614	0.01599	0.02147	0.03395	0.06912	0.03867	0.57488	0.09609	0.01112	0.01203	0.01553	0.00655	0.00685
24	0.01983	0.01026	0.01061	0.01052	0.01306	0.01018	0.00789	0.02492	0.02367	0.04096	0.08645	0.04474	0.03546	0.01366	0.00815	0.00263	0.00509	0.01112	0.61063	0.01018
25	0.01560	0.01157	0.01696	0.01696	0.01871	0.01332	0.01293	0.01911	0.01736	0.02489	0.02972	0.04569	0.02850	0.13542	0.52165	0.01683	0.02734	0.01210	0.00592	0.00942
26	0.02915	0.62337	0.05714	0.01866	0.02799	0.04314	0.01866	0.03265	0.02215	0.02565	0.01516	0.01749	0.01399	0.00933	0.00700	0.00233	0.01166	0.00583	0.00466	0.01399
27	0.01344	0.00979	0.01266	0.01464	0.01575	0.00902	0.00995	0.01571	0.02217	0.02941	0.10822	0.51197	0.12221	0.03244	0.01372	0.00426	0.00614	0.02919	0.01029	0.00902
28	0.02266	0.05139	0.47274	0.03575	0.09819	0.02554	0.07348	0.03445	0.02340	0.03467	0.01984	0.02388	0.01436	0.01021	0.01058	0.00345	0.01596	0.00857	0.00475	0.01613
29	0.01328	0.00949	0.01265	0.01518	0.01581	0.00886	0.01012	0.01518	0.02088	0.02783	0.06010	0.60969	0.07212	0.03416	0.01392	0.00443	0.00633	0.03100	0.01012	0.00886
30	0.09430	0.01956	0.02191	0.01596	0.02533	0.01559	0.01280	0.02795	0.02218	0.03696	0.01893	0.02209	0.01569	0.00829	0.00793	0.00180	0.00811	0.00640	0.00649	0.61173
31	0.02651	0.02730	0.17977	0.02101	0.02972	0.01652	0.02100	0.03287	0.02514	0.16772	0.07263	0.16357	0.03718	0.01707	0.01116	0.00338	0.01016	0.01460	0.00895	0.11373
32	0.03046	0.56005	0.05453	0.01934	0.02861	0.04215	0.01888	0.08389	0.02526	0.03025	0.01634	0.01842	0.01448	0.00973	0.00741	0.00243	0.01170	0.00626	0.00533	0.01448
33	0.01586	0.01057	0.01189	0.01189	0.01189	0.01057	0.00661	0.01586	0.01586	0.02114	0.03436	0.07135	0.03964	0.61681	0.05550	0.01057	0.01057	0.01586	0.00661	0.00661
34	0.01689	0.07604	0.01909	0.01424	0.01753	0.01377	0.01118	0.02186	0.02994	0.04181	0.48709	0.07467	0.09346	0.02092	0.01224	0.00331	0.00583	0.01825	0.01122	0.01068
35	0.02261	0.01938	0.02261	0.01615	0.02584	0.01453	0.01292	0.02745	0.02261	0.03553	0.01938	0.02261	0.01615	0.00807	0.00807	0.00161	0.00807	0.00646	0.00646	0.68346
36	0.02522	0.02135	0.03310	0.03362	0.13778	0.02225	0.09618	0.03667	0.13763	0.07600	0.13192	0.04857	0.04123	0.01569	0.01379	0.00370	0.05473	0.04703	0.00885	0.01467
37	0.02540	0.01929	0.02290	0.01649	0.02605	0.01469	0.01325	0.03018	0.02352	0.09073	0.02189	0.02415	0.01730	0.00865	0.00838	0.00180	0.00820	0.00694	0.00721	0.61299
38	0.02841	0.11029	0.04517	0.03025	0.03858	0.02388	0.23780	0.03464	0.02634	0.13557	0.08459	0.09291	0.03300	0.01395	0.01174	0.00347	0.01300	0.01402	0.00810	0.01429
39	0.02915	0.62337	0.05714	0.01866	0.02799	0.04314	0.01866	0.03265	0.02215	0.02565	0.01516	0.01749	0.01399	0.00933	0.00700	0.00233	0.01166	0.00583	0.00466	0.01399
40	0.64255	0.06755	0.01920	0.01467	0.02162	0.02590	0.01234	0.03210	0.01883	0.04713	0.01518	0.01770	0.01198	0.01006	0.00677	0.00329	0.00868	0.00590	0.00659	0.01198
41	0.02187	0.05640	0.56031	0.03108	0.04719	0.02532	0.04029	0.03453	0.02302	0.03453	0.01957	0.02302	0.01381	0.01036	0.01036	0.00345	0.01611	0.00806	0.00460	0.01611
42	0.01543	0.01115	0.01457	0.01372	0.01629	0.01029	0.01029	0.02058	0.03086	0.04372	0.54304	0.08145	0.10288	0.02229	0.01286	0.00343	0.00514	0.01972	0.01200	0.01029
43	0.02478	0.05256	0.48200	0.03019	0.04521	0.02658	0.03738	0.10547	0.02721	0.03960	0.02055	0.02349	0.01451	0.01076	0.01044	0.00343	0.01550	0.00832	0.00554	0.01647
44	0.14263	0.08187	0.20445	0.02478	0.03564	0.03018	0.02549	0.24016	0.03440	0.05101	0.02136	0.02309	0.01553	0.01142	0.00974	0.00328	0.01273	0.00829	0.00768	0.01629
45	0.01586	0.01057	0.01189	0.01189	0.01189	0.01057	0.00661	0.01586	0.01586	0.02114	0.03436	0.07135	0.03964	0.61681	0.05550	0.01057	0.01057	0.01586	0.00661	0.00661
46	0.02516	0.03879	0.27432	0.03042	0.04175	0.02514	0.11312	0.10540	0.06464	0.04018	0.02863	0.04122	0.02391	0.01392	0.01165	0.00372	0.01442	0.08121	0.00700	0.01538
47	0.01722	0.01482	0.02345	0.32505	0.04774	0.01713	0.02098	0.02201	0.02137	0.02785	0.03817	0.29702	0.04111	0.02163	0.01229	0.00400	0.01075	0.01952	0.00728	0.01061
48	0.01690	0.01280	0.01892	0.02337	0.09578	0.01303	0.01457	0.01948	0.01996	0.02738	0.04085	0.24999	0.04513	0.10348	0.15201	0.06036	0.01368	0.05484	0.00762	0.00985
49	0.02535	0.08779	0.06854	0.02239	0.06632	0.02173	0.01800	0.06732	0.07003	0.03775	0.02176	0.02429	0.01753	0.00946	0.00880	0.00225	0.00974	0.00752	0.00680	0.40662
50	0.01377	0.01091	0.01246	0.01302	0.01587	0.00961	0.00976	0.01694	0.02506	0.03163	0.16281	0.19579	0.34686	0.02823	0.01327	0.00390	0.00602	0.06432	0.01040	0.00938
51	0.02605	0.08348	0.25774	0.02880	0.03966	0.02822	0.07739	0.10237	0.02635	0.03774	0.01963	0.02379	0.01512	0.01166	0.01410	0.00337	0.10372	0.00869	0.00584	0.08626
52	0.02157	0.03442	0.24110	0.33177	0.09916	0.02478	0.03445	0.03090	0.02251	0.03106	0.01954	0.02654	0.01445	0.01060	0.01068	0.00353	0.01504	0.00905	0.00479	0.01407
53	0.01819	0.01163	0.01533	0.01438	0.01727	0.01065	0.01078	0.02291	0.02984	0.08776	0.44725	0.13348	0.09285	0.02276	0.01280	0.00353	0.00564	0.02013	0.01194	0.01087
54	0.03450	0.01528	0.02021	0.01762	0.02335	0.01370	0.01443	0.03869	0.02791	0.32180	0.05132	0.10073	0.07562	0.01920	0.01176	0.00371	0.00849	0.10387	0.08323	0.01460
55	0.02294	0.15143	0.36979	0.13485	0.04902	0.02832	0.03450	0.03293	0.02263	0.03167	0.01874	0.02317	0.01398	0.01028	0.00986	0.00329	0.01501	0.00797	0.00466	0.01497
56	0.06829	0.01385	0.01449	0.01451	0.01815	0.01379	0.01077	0.02505	0.12179	0.03370	0.07760	0.21206	0.28528	0.02540	0.01232	0.00385	0.00655	0.02161	0.01005	0.01089
57	0.01487	0.01132	0.01380	0.01373	0.01668	0.01025	0.01067	0.01918	0.02796	0.03720	0.32344	0.09559	0.24862	0.02527	0.01319	0.00375	0.00599	0.08756	0.01107	0.00988
58	0.04507	0.02246	0.02745	0.02129	0.02964	0.02212	0.01751	0.18920	0.07456	0.37388	0.03814	0.03415	0.02497	0.01347	0.01096	0.00337	0.01003	0.01073	0.01255	0.01845
59	0.07993	0.08538	0.03073	0.02298	0.02952	0.06694	0.06036	0.09399	0.25253	0.04138	0.03222	0.03580	0.02593	0.07724	0.01514	0.00416	0.01115	0.01096	0.00872	0.01495

[dist]
# distance from previous block
# <min> <max>
0	1

[block]
# block no. 10 follows, 12 sequences, length 38
# corresponding to MSA columns:
# 387-424
name=unknown_K
#
# <colnr> <probs for GDERKNQSTAVLIFYWHMCP>
#	G	D	E	R	K	N	Q	S	T	A	V	L	I	F	Y	W	H	M	C	P
0	0.08393	0.02270	0.02365	0.02073	0.02740	0.02526	0.01623	0.05176	0.41946	0.04459	0.03862	0.03636	0.02921	0.01352	0.01033	0.00340	0.00854	0.01101	0.01012	0.10318
1	0.11430	0.19462	0.15235	0.02279	0.03204	0.08486	0.02244	0.04113	0.16427	0.03632	0.02447	0.02544	0.01906	0.01138	0.00914	0.00315	0.01218	0.00827	0.00681	0.01496
2	0.02302	0.12351	0.33449	0.15309	0.09245	0.02757	0.03460	0.03274	0.02279	0.03197	0.01900	0.02390	0.01428	0.01028	0.01005	0.00332	0.01490	0.00824	0.00473	0.01506
3	0.01583	0.01068	0.01245	0.01245	0.01264	0.01087	0.00730	0.01621	0.01602	0.02156	0.03384	0.06852	0.03841	0.56371	0.10692	0.01126	0.01242	0.01544	0.00653	0.00692
4	0.02699	0.02591	0.04426	0.06693	0.54879	0.02591	0.03346	0.03346	0.02483	0.03562	0.02051	0.02699	0.01727	0.00972	0.01079	0.00324	0.01295	0.00972	0.00540	0.01727
5	0.02689	0.13301	0.17708	0.02260	0.03293	0.02593	0.02286	0.04073	0.16233	0.07862	0.02749	0.02799	0.02072	0.01120	0.00958	0.00296	0.01114	0.00877	0.00749	0.14967
6	0.04073	0.05197	0.03090	0.02809	0.03371	0.57303	0.02107	0.04354	0.03090	0.02669	0.01685	0.01966	0.01404	0.01124	0.00983	0.00281	0.01966	0.00702	0.00562	0.01264
7	0.02033	0.01016	0.01016	0.01016	0.01270	0.01016	0.00762	0.02541	0.02287	0.04065	0.03557	0.04065	0.02795	0.01270	0.00762	0.00254	0.00508	0.01016	0.67734	0.01016
8	0.03057	0.02369	0.02017	0.01805	0.02280	0.15419	0.01387	0.03774	0.08255	0.12868	0.09895	0.04006	0.03459	0.01395	0.00982	0.00300	0.00987	0.01099	0.23341	0.01305
9	0.01361	0.00974	0.01294	0.01496	0.01589	0.00907	0.01015	0.01599	0.02237	0.03021	0.13240	0.53060	0.07672	0.03238	0.01376	0.00428	0.00615	0.02931	0.01040	0.00907
