[name]
unknown

[dist]
# distance from previous block
# <min> <max>
0	115

[block]
# block no. 0 follows, 12 sequences, length 15
# corresponding to MSA columns:
# 146-160
name=unknown_A
#
# <colnr> <probs for GDERKNQSTAVLIFYWHMCP>
#	G	D	E	R	K	N	Q	S	T	A	V	L	I	F	Y	W	H	M	C	P
0	0.01577	0.01064	0.01243	0.01286	0.01312	0.01058	0.00782	0.01635	0.01706	0.02268	0.03855	0.12334	0.04442	0.51703	0.04849	0.00957	0.01015	0.05488	0.00720	0.00709
1	0.02831	0.55799	0.11516	0.02009	0.03020	0.04109	0.02115	0.03287	0.02225	0.02668	0.01567	0.01813	0.01397	0.00945	0.00738	0.00246	0.01217	0.00609	0.00466	0.01424
2	0.01505	0.01091	0.01350	0.01380	0.01570	0.01021	0.00994	0.01825	0.02470	0.03327	0.24806	0.16359	0.14754	0.15282	0.02237	0.00531	0.00705	0.06875	0.01009	0.00910
3	0.03295	0.02531	0.02843	0.02960	0.12169	0.08076	0.01984	0.07378	0.21524	0.15122	0.04076	0.03917	0.06397	0.01408	0.01100	0.00343	0.01066	0.01166	0.00993	0.01653
4	0.01415	0.01081	0.01298	0.01304	0.01565	0.00965	0.00955	0.01786	0.02694	0.03582	0.30321	0.18474	0.25349	0.02631	0.01306	0.00370	0.00549	0.02291	0.01100	0.00965
5	0.03133	0.28472	0.19548	0.02417	0.03467	0.13709	0.02515	0.03744	0.02504	0.08402	0.01969	0.02158	0.01531	0.01043	0.00894	0.00286	0.01425	0.00725	0.00576	0.01483
6	0.52831	0.02058	0.01947	0.10208	0.02993	0.02359	0.01502	0.03350	0.02030	0.09577	0.01856	0.02135	0.01372	0.01057	0.00779	0.00341	0.00944	0.00698	0.00712	0.01252
7	0.02331	0.03866	0.27741	0.03644	0.11967	0.02454	0.11796	0.03576	0.08291	0.03695	0.07464	0.03257	0.02586	0.01174	0.01121	0.00349	0.01410	0.01082	0.00637	0.01559
8	0.02822	0.02293	0.03300	0.03107	0.13703	0.02047	0.07368	0.08265	0.02720	0.08641	0.02278	0.02596	0.01766	0.00955	0.00973	0.00251	0.01074	0.00860	0.00724	0.34257
9	0.02980	0.01564	0.02330	0.01973	0.02515	0.01393	0.06471	0.03355	0.02627	0.25501	0.05461	0.24560	0.10144	0.02194	0.01242	0.00381	0.00876	0.01960	0.01108	0.01366
10	0.69383	0.02109	0.01603	0.01434	0.02109	0.02446	0.01181	0.03205	0.01856	0.04892	0.01518	0.01771	0.01181	0.01012	0.00675	0.00337	0.00843	0.00590	0.00675	0.01181
11	0.02132	0.01983	0.03180	0.52707	0.06987	0.02455	0.02883	0.03122	0.07851	0.02984	0.02217	0.03037	0.01663	0.01134	0.01092	0.00364	0.01387	0.00998	0.00554	0.01269
12	0.01418	0.01090	0.01267	0.01256	0.01522	0.00972	0.00911	0.01759	0.02615	0.03433	0.27249	0.13879	0.28354	0.07439	0.01646	0.00421	0.00586	0.02184	0.01059	0.00939
13	0.01983	0.01608	0.01990	0.08097	0.02681	0.01735	0.01480	0.03361	0.19279	0.04257	0.32142	0.06226	0.07024	0.01857	0.01206	0.00354	0.00733	0.01618	0.01091	0.01277
14	0.01491	0.01168	0.01339	0.01255	0.01591	0.01017	0.00925	0.01848	0.02611	0.03460	0.26257	0.08619	0.28354	0.08215	0.01671	0.00410	0.00607	0.01975	0.01022	0.06162

[dist]
# distance from previous block
# <min> <max>
4	8

[block]
# block no. 1 follows, 12 sequences, length 27
# corresponding to MSA columns:
# 169-195
name=unknown_B
#
# <colnr> <probs for GDERKNQSTAVLIFYWHMCP>
#	G	D	E	R	K	N	Q	S	T	A	V	L	I	F	Y	W	H	M	C	P
0	0.03036	0.02359	0.05783	0.01986	0.02893	0.02015	0.01691	0.09445	0.12614	0.13521	0.02931	0.02918	0.02157	0.01108	0.00965	0.00264	0.00935	0.00890	0.00903	0.31584
1	0.02122	0.01252	0.01489	0.01378	0.01797	0.01082	0.01050	0.02454	0.02665	0.14698	0.15335	0.14836	0.30788	0.02453	0.01259	0.00367	0.00639	0.02086	0.01114	0.01137
2	0.46572	0.02355	0.02089	0.01774	0.02487	0.02693	0.01450	0.14634	0.08507	0.05313	0.02110	0.02233	0.01585	0.01135	0.00821	0.00339	0.00928	0.00755	0.00821	0.01400
3	0.24339	0.02059	0.02328	0.01847	0.02642	0.02046	0.01524	0.09519	0.02949	0.35129	0.03281	0.03009	0.02150	0.01243	0.00968	0.00336	0.00931	0.00931	0.01118	0.01651
4	0.03187	0.02591	0.04140	0.15984	0.11123	0.02719	0.14874	0.17452	0.03280	0.10030	0.02477	0.02894	0.01791	0.01124	0.01140	0.00346	0.01401	0.01068	0.00780	0.01599
5	0.02059	0.01938	0.03270	0.59060	0.07510	0.02422	0.03028	0.02786	0.02180	0.02786	0.01938	0.02907	0.01453	0.01090	0.01090	0.00363	0.01453	0.00969	0.00484	0.01211
6	0.01586	0.01057	0.01189	0.01189	0.01189	0.01057	0.00661	0.01586	0.01586	0.02114	0.03436	0.07135	0.03964	0.61681	0.05550	0.01057	0.01057	0.01586	0.00661	0.00661
7	0.02913	0.01431	0.01990	0.05911	0.02583	0.01335	0.01483	0.03271	0.02570	0.24875	0.04978	0.27755	0.04814	0.02343	0.01259	0.00399	0.00854	0.06797	0.01114	0.01326
8	0.03051	0.28779	0.10155	0.02578	0.03564	0.03305	0.11083	0.06482	0.08096	0.09409	0.02390	0.02553	0.01830	0.01069	0.00954	0.00302	0.01277	0.00888	0.00688	0.01548
9	0.01328	0.00949	0.01265	0.01518	0.01581	0.00886	0.01012	0.01518	0.02088	0.02783	0.06010	0.60969	0.07212	0.03416	0.01392	0.00443	0.00633	0.03100	0.01012	0.00886
10	0.04400	0.01981	0.02487	0.01935	0.02712	0.01870	0.01589	0.13732	0.03401	0.40026	0.03889	0.03546	0.02550	0.01332	0.01054	0.00325	0.00928	0.01065	0.09425	0.01753
11	0.02833	0.02785	0.13214	0.16371	0.10684	0.02241	0.11427	0.03601	0.02580	0.14835	0.06312	0.03335	0.02421	0.01175	0.01130	0.00349	0.01350	0.01098	0.00740	0.01518
12	0.69383	0.02109	0.01603	0.01434	0.02109	0.02446	0.01181	0.03205	0.01856	0.04892	0.01518	0.01771	0.01181	0.01012	0.00675	0.00337	0.00843	0.00590	0.00675	0.01181
13	0.02182	0.02510	0.09840	0.12770	0.20758	0.02267	0.05667	0.02798	0.02290	0.03167	0.03437	0.09934	0.08290	0.01567	0.01410	0.00370	0.07392	0.01355	0.00622	0.01374
14	0.02536	0.04032	0.23448	0.10533	0.05315	0.08598	0.22926	0.03486	0.02485	0.03302	0.02027	0.02601	0.01505	0.01004	0.01140	0.00350	0.01724	0.01012	0.00512	0.01467
15	0.69383	0.02109	0.01603	0.01434	0.02109	0.02446	0.01181	0.03205	0.01856	0.04892	0.01518	0.01771	0.01181	0.01012	0.00675	0.00337	0.00843	0.00590	0.00675	0.01181
16	0.01442	0.01056	0.01354	0.01394	0.01596	0.00968	0.01002	0.01818	0.02676	0.03670	0.32978	0.26729	0.13876	0.02697	0.01323	0.00380	0.00559	0.02398	0.01115	0.00968
17	0.20571	0.15645	0.03309	0.02062	0.02825	0.03163	0.01775	0.19876	0.03170	0.10006	0.02169	0.02302	0.01633	0.01202	0.01096	0.00322	0.05717	0.00803	0.00824	0.01529
18	0.01587	0.01139	0.01669	0.01669	0.01829	0.01299	0.01259	0.01869	0.01709	0.02438	0.02891	0.04495	0.02785	0.13233	0.47912	0.06963	0.02576	0.01193	0.00583	0.00902
19	0.02183	0.02115	0.03730	0.47593	0.12496	0.02476	0.08113	0.02922	0.02255	0.02945	0.01979	0.02888	0.01505	0.01059	0.01110	0.00360	0.01477	0.01003	0.00498	0.01295
20	0.01778	0.01537	0.02440	0.26583	0.09493	0.01713	0.02108	0.02244	0.02167	0.02863	0.03873	0.30320	0.04202	0.02177	0.01232	0.00397	0.01050	0.01976	0.00739	0.01109
21	0.03557	0.02674	0.03081	0.02853	0.09100	0.02934	0.02069	0.27139	0.20567	0.09389	0.03285	0.03192	0.02394	0.01330	0.01096	0.00342	0.01078	0.01073	0.01053	0.01797
22	0.02542	0.02427	0.03985	0.13060	0.30105	0.02468	0.08064	0.03510	0.08594	0.03561	0.02330	0.02873	0.01862	0.01026	0.01076	0.00321	0.01269	0.01000	0.00615	0.09313
23	0.01480	0.01065	0.01227	0.01243	0.01379	0.01000	0.00807	0.01657	0.02116	0.02785	0.14507	0.14658	0.16829	0.30736	0.03325	0.00700	0.00795	0.02000	0.00879	0.00812
24	0.02850	0.32503	0.13682	0.02209	0.03117	0.15228	0.02189	0.03342	0.02454	0.02792	0.02733	0.02906	0.07520	0.01204	0.00890	0.00279	0.01351	0.00848	0.00549	0.01353
25	0.29979	0.01999	0.02064	0.06054	0.02726	0.02213	0.01502	0.09252	0.07844	0.10107	0.03107	0.13093	0.02764	0.01574	0.00978	0.00361	0.00906	0.01242	0.00892	0.01344
26	0.01355	0.01091	0.01207	0.01212	0.01522	0.00943	0.00896	0.01680	0.02592	0.03277	0.21091	0.15018	0.38896	0.02698	0.01298	0.00370	0.00551	0.02301	0.01058	0.00943

[dist]
# distance from previous block
# <min> <max>
0	9

[block]
# block no. 2 follows, 12 sequences, length 19
# corresponding to MSA columns:
# 205-223
name=unknown_C
#
# <colnr> <probs for GDERKNQSTAVLIFYWHMCP>
#	G	D	E	R	K	N	Q	S	T	A	V	L	I	F	Y	W	H	M	C	P
0	0.02290	0.02172	0.08957	0.01967	0.02517	0.01856	0.01684	0.03713	0.20706	0.08085	0.10787	0.16356	0.04780	0.07195	0.01570	0.00436	0.00890	0.01678	0.00997	0.01365
1	0.02387	0.15916	0.14728	0.01995	0.03096	0.02312	0.02013	0.03013	0.02260	0.03316	0.01850	0.02158	0.01517	0.00885	0.00834	0.00217	0.01061	0.00667	0.00566	0.39208
2	0.11051	0.01727	0.01897	0.01789	0.02234	0.01860	0.01357	0.03752	0.21491	0.08491	0.11046	0.19857	0.04975	0.02036	0.01152	0.00379	0.00757	0.01746	0.01059	0.01344
3	0.01691	0.01195	0.01602	0.01560	0.01626	0.01345	0.01091	0.01775	0.01626	0.02268	0.02862	0.05201	0.03024	0.29963	0.22716	0.10959	0.06821	0.01297	0.00592	0.00786
4	0.01370	0.01073	0.01240	0.01271	0.01541	0.00944	0.00926	0.01695	0.02569	0.03315	0.22228	0.20909	0.31526	0.02754	0.01311	0.00377	0.00559	0.02383	0.01066	0.00944
5	0.11008	0.02235	0.03503	0.29400	0.12141	0.02533	0.08881	0.03441	0.09563	0.03509	0.02295	0.02905	0.01752	0.01098	0.01063	0.00356	0.01319	0.01000	0.00615	0.01383
6	0.03324	0.11214	0.02997	0.02243	0.02819	0.28158	0.01770	0.10442	0.03202	0.03675	0.10985	0.03273	0.03112	0.01328	0.00995	0.00290	0.01377	0.00972	0.06520	0.01305
7	0.12213	0.11867	0.07577	0.02047	0.02882	0.02774	0.01856	0.20667	0.03355	0.12119	0.02603	0.02685	0.01895	0.01189	0.00929	0.00308	0.01056	0.00874	0.09537	0.01566
8	0.54436	0.02368	0.06292	0.01647	0.02425	0.02331	0.01480	0.03531	0.02076	0.12107	0.01957	0.02096	0.01417	0.01063	0.00766	0.00338	0.00920	0.00682	0.00754	0.01314
9	0.01426	0.01061	0.01328	0.01365	0.01584	0.00963	0.00984	0.01792	0.02656	0.03596	0.30735	0.25129	0.17961	0.02705	0.01320	0.00379	0.00559	0.02389	0.01105	0.00963
10	0.03093	0.02573	0.03903	0.11463	0.22647	0.05288	0.08959	0.08258	0.02819	0.11256	0.02409	0.02821	0.01809	0.01062	0.01084	0.00321	0.01319	0.00990	0.00715	0.07209
11	0.03343	0.02982	0.07234	0.13744	0.14445	0.09703	0.06836	0.10609	0.03003	0.13701	0.02500	0.02816	0.01808	0.01133	0.01089	0.00334	0.01398	0.00977	0.00761	0.01585
12	0.01433	0.00993	0.01234	0.01385	0.01422	0.00955	0.00870	0.01546	0.01884	0.02512	0.04966	0.39134	0.05894	0.27048	0.03078	0.00692	0.00805	0.02486	0.00870	0.00794
13	0.03183	0.02922	0.10426	0.02299	0.03117	0.02645	0.02083	0.31496	0.04186	0.05725	0.16014	0.04015	0.03987	0.01510	0.01134	0.00334	0.01080	0.01215	0.01028	0.01604
14	0.02157	0.01414	0.01875	0.01757	0.02124	0.01518	0.01376	0.02891	0.08785	0.10529	0.04371	0.04975	0.09487	0.05608	0.34566	0.01187	0.02055	0.01313	0.00819	0.01193
15	0.03095	0.02546	0.03228	0.02402	0.03329	0.02480	0.08098	0.22781	0.06337	0.04955	0.02391	0.02597	0.01815	0.01064	0.01002	0.00268	0.01105	0.00899	0.00841	0.28766
16	0.31049	0.01958	0.02154	0.01735	0.02510	0.01945	0.01432	0.04459	0.02608	0.35054	0.03173	0.02924	0.02083	0.01213	0.00925	0.00337	0.00894	0.00891	0.01076	0.01582
17	0.03547	0.08184	0.03077	0.02350	0.03069	0.13132	0.01888	0.17060	0.22456	0.09121	0.03187	0.03068	0.02365	0.01310	0.01045	0.00328	0.01188	0.01000	0.00968	0.01656
18	0.32521	0.08019	0.13936	0.02334	0.03272	0.02696	0.08450	0.03634	0.08673	0.04173	0.02077	0.02330	0.01581	0.01059	0.00888	0.00338	0.01163	0.00809	0.00653	0.01397

[dist]
# distance from previous block
# <min> <max>
4	6

[block]
# block no. 3 follows, 12 sequences, length 14
# corresponding to MSA columns:
# 230-243
name=unknown_D
#
# <colnr> <probs for GDERKNQSTAVLIFYWHMCP>
#	G	D	E	R	K	N	Q	S	T	A	V	L	I	F	Y	W	H	M	C	P
0	0.03256	0.08389	0.02815	0.01962	0.02743	0.02322	0.01614	0.12337	0.12893	0.15844	0.08258	0.03531	0.03075	0.01301	0.01016	0.00295	0.00921	0.01045	0.01006	0.15375
1	0.51783	0.08524	0.02304	0.01655	0.02389	0.02793	0.01398	0.11083	0.02429	0.04975	0.01698	0.01908	0.01314	0.01053	0.00746	0.00325	0.00935	0.00654	0.00721	0.01314
2	0.50498	0.01815	0.01542	0.01432	0.01970	0.02037	0.01137	0.02830	0.02094	0.04582	0.11175	0.09034	0.03393	0.01474	0.00856	0.00349	0.00764	0.01092	0.00801	0.01124
3	0.02654	0.36353	0.04133	0.01859	0.02614	0.08530	0.01651	0.02991	0.02288	0.02774	0.02365	0.11914	0.02422	0.01353	0.00863	0.00262	0.01096	0.01033	0.00598	0.12248
4	0.03640	0.10419	0.03386	0.02356	0.03174	0.03337	0.01962	0.34081	0.16386	0.05762	0.02921	0.02860	0.02155	0.01303	0.01046	0.00326	0.01114	0.00992	0.01016	0.01765
5	0.02641	0.01920	0.01960	0.01790	0.02258	0.07429	0.01364	0.03546	0.13077	0.13941	0.13068	0.14828	0.13551	0.02069	0.01197	0.00362	0.00849	0.01752	0.01080	0.01320
6	0.02570	0.14943	0.38929	0.02912	0.04301	0.02781	0.07136	0.03579	0.02377	0.07670	0.02096	0.02374	0.01516	0.01035	0.01002	0.00327	0.01495	0.00829	0.00543	0.01584
7	0.09287	0.03287	0.22289	0.08308	0.04109	0.02162	0.08766	0.03462	0.02403	0.13011	0.02888	0.10109	0.02386	0.01384	0.01094	0.00360	0.01298	0.01207	0.00729	0.01463
8	0.01351	0.00966	0.01285	0.01503	0.01586	0.00901	0.01014	0.01575	0.02192	0.02950	0.11063	0.55442	0.07533	0.03292	0.01381	0.00432	0.00620	0.02982	0.01032	0.00901
9	0.01925	0.04206	0.39293	0.02622	0.03760	0.02029	0.03107	0.02862	0.02236	0.03248	0.03195	0.20233	0.03163	0.01763	0.01145	0.00375	0.01312	0.01507	0.00629	0.01390
10	0.03244	0.02907	0.18706	0.02233	0.03222	0.01796	0.02291	0.03945	0.02718	0.25472	0.06888	0.04349	0.03082	0.01436	0.01106	0.00340	0.01105	0.05959	0.00961	0.08242
11	0.02337	0.17334	0.45653	0.02852	0.04323	0.02900	0.03582	0.03414	0.02284	0.03270	0.01866	0.02188	0.01385	0.01015	0.00967	0.00322	0.01520	0.00760	0.00462	0.01568
12	0.01398	0.00999	0.01345	0.01598	0.01691	0.00946	0.01133	0.01638	0.02156	0.02861	0.05971	0.53070	0.07060	0.03350	0.01410	0.00452	0.00693	0.10313	0.01011	0.00905
13	0.10280	0.16587	0.09202	0.02505	0.03426	0.02763	0.10417	0.08422	0.02748	0.14467	0.02718	0.03385	0.02139	0.01246	0.01020	0.00332	0.01233	0.04803	0.00791	0.01516

[dist]
# distance from previous block
# <min> <max>
1	11

[block]
# block no. 4 follows, 12 sequences, length 16
# corresponding to MSA columns:
# 255-270
name=unknown_E
#
# <colnr> <probs for GDERKNQSTAVLIFYWHMCP>
#	G	D	E	R	K	N	Q	S	T	A	V	L	I	F	Y	W	H	M	C	P
0	0.02469	0.01775	0.02512	0.15554	0.03618	0.02053	0.01996	0.03150	0.07237	0.11662	0.03714	0.15972	0.03526	0.02007	0.01674	0.00412	0.12218	0.06326	0.00849	0.01276
1	0.02985	0.02166	0.03211	0.18049	0.15507	0.02374	0.02443	0.09137	0.02820	0.13855	0.07596	0.03443	0.02670	0.01338	0.01368	0.00355	0.07274	0.01093	0.00807	0.01508
2	0.02385	0.02385	0.03340	0.02863	0.02863	0.03340	0.02385	0.02624	0.01670	0.02624	0.01431	0.02385	0.01431	0.01908	0.03578	0.00477	0.59685	0.00954	0.00477	0.01193
3	0.15320	0.40421	0.04453	0.01881	0.02736	0.03751	0.01751	0.08605	0.06178	0.03605	0.01849	0.02017	0.01549	0.01028	0.00767	0.00273	0.01088	0.00675	0.00619	0.01432
4	0.03158	0.02625	0.10531	0.18562	0.04766	0.02274	0.08917	0.08877	0.02886	0.18719	0.05565	0.03314	0.02351	0.01220	0.01121	0.00349	0.01297	0.01082	0.00843	0.01545
5	0.03754	0.02064	0.02956	0.09010	0.03607	0.01901	0.06016	0.07690	0.02930	0.30467	0.03226	0.03169	0.02174	0.01166	0.01052	0.00306	0.01065	0.00996	0.01013	0.15437
6	0.55602	0.02405	0.01858	0.01632	0.02313	0.08098	0.01323	0.03552	0.02121	0.10123	0.01835	0.02001	0.01368	0.01060	0.00752	0.00331	0.00970	0.00657	0.00736	0.01262
7	0.01354	0.00969	0.01288	0.01501	0.01587	0.00903	0.01014	0.01583	0.02208	0.02974	0.11814	0.54620	0.07581	0.03273	0.01379	0.00431	0.00618	0.02964	0.01035	0.00903
8	0.01517	0.01113	0.01421	0.01344	0.01613	0.01017	0.01008	0.02006	0.03024	0.04223	0.49787	0.08390	0.14898	0.02285	0.01286	0.00346	0.00518	0.02006	0.01181	0.01017
9	0.04145	0.03054	0.03272	0.02509	0.03381	0.03381	0.02072	0.51243	0.05127	0.06872	0.02618	0.02618	0.01854	0.01309	0.01091	0.00327	0.01200	0.00982	0.01091	0.01854
10	0.01370	0.00999	0.01255	0.01411	0.01532	0.00923	0.00953	0.01588	0.02201	0.02908	0.11543	0.42822	0.14070	0.08921	0.01774	0.00482	0.00650	0.02717	0.00997	0.00884
11	0.01617	0.01395	0.01889	0.01711	0.02103	0.01309	0.06233	0.02271	0.07766	0.03347	0.14727	0.19082	0.27385	0.02492	0.01291	0.00380	0.00730	0.02200	0.01002	0.01071
12	0.01543	0.01115	0.01457	0.01372	0.01629	0.01029	0.01029	0.02058	0.03086	0.04372	0.54304	0.08145	0.10288	0.02229	0.01286	0.00343	0.00514	0.01972	0.01200	0.01029
13	0.08075	0.02657	0.09928	0.26628	0.25517	0.02504	0.03117	0.03124	0.02287	0.03354	0.01949	0.02655	0.01530	0.01030	0.01044	0.00343	0.01358	0.00918	0.00520	0.01462
14	0.02246	0.14669	0.21328	0.12321	0.04138	0.02491	0.02617	0.02988	0.02237	0.03129	0.02211	0.07303	0.01943	0.01182	0.00964	0.00298	0.01249	0.00955	0.00551	0.15181
15	0.10927	0.12260	0.08164	0.14901	0.16198	0.02777	0.02547	0.07564	0.02582	0.09116	0.02153	0.02542	0.01635	0.01069	0.00971	0.00323	0.01233	0.00862	0.00658	0.01517

[dist]
# distance from previous block
# <min> <max>
0	3

[block]
# block no. 5 follows, 12 sequences, length 30
# corresponding to MSA columns:
# 274-303
name=unknown_F
#
# <colnr> <probs for GDERKNQSTAVLIFYWHMCP>
#	G	D	E	R	K	N	Q	S	T	A	V	L	I	F	Y	W	H	M	C	P
0	0.02207	0.06140	0.11320	0.07528	0.08024	0.02057	0.02093	0.03125	0.08391	0.03431	0.03702	0.03886	0.10324	0.01290	0.01003	0.00287	0.01028	0.01066	0.00696	0.22404
1	0.02653	0.03500	0.25443	0.02887	0.09658	0.02032	0.02731	0.03483	0.02533	0.12387	0.07632	0.03168	0.02585	0.01159	0.01034	0.00307	0.01200	0.00963	0.00729	0.13915
2	0.01998	0.01803	0.02603	0.31654	0.04987	0.01875	0.02127	0.02575	0.02255	0.03052	0.03414	0.03934	0.10089	0.01272	0.01034	0.00301	0.01105	0.01084	0.00621	0.22219
3	0.02122	0.02957	0.18866	0.02040	0.03094	0.01720	0.02101	0.02854	0.02408	0.03655	0.10429	0.03227	0.02948	0.01109	0.00956	0.00248	0.01010	0.00911	0.00678	0.36669
4	0.02144	0.01685	0.01940	0.01584	0.02184	0.01524	0.01244	0.10154	0.03050	0.04263	0.21718	0.05827	0.14150	0.01730	0.01105	0.00288	0.00724	0.01455	0.00975	0.22255
5	0.02685	0.02610	0.04487	0.06032	0.44217	0.02622	0.08906	0.03588	0.07107	0.03645	0.02288	0.02853	0.01865	0.01012	0.01107	0.00333	0.01321	0.01033	0.00593	0.01696
6	0.02735	0.14258	0.36285	0.02775	0.04114	0.03008	0.03248	0.13924	0.02909	0.04060	0.02031	0.02282	0.01488	0.01079	0.00993	0.00323	0.01449	0.00808	0.00600	0.01630
7	0.02434	0.02321	0.03948	0.28351	0.35288	0.02521	0.03215	0.03115	0.02358	0.03241	0.02004	0.02785	0.01614	0.01021	0.01084	0.00340	0.01361	0.00970	0.00517	0.01514
8	0.01328	0.00949	0.01265	0.01518	0.01581	0.00886	0.01012	0.01518	0.02088	0.02783	0.06010	0.60969	0.07212	0.03416	0.01392	0.00443	0.00633	0.03100	0.01012	0.00886
9	0.01513	0.01113	0.01415	0.01340	0.01610	0.01016	0.01005	0.01998	0.03014	0.04201	0.49114	0.08427	0.15585	0.02293	0.01286	0.00346	0.00519	0.02011	0.01178	0.01016
10	0.04658	0.02231	0.02763	0.02118	0.02971	0.02160	0.01750	0.19718	0.03750	0.40341	0.03774	0.03368	0.02434	0.01337	0.01095	0.00334	0.01013	0.01060	0.01268	0.01855
11	0.02517	0.02292	0.02728	0.15261	0.09891	0.08648	0.02129	0.10581	0.02914	0.03723	0.08587	0.04951	0.07850	0.02205	0.06248	0.00480	0.01368	0.05552	0.00777	0.01298
12	0.10666	0.15890	0.04070	0.20732	0.12937	0.08056	0.06849	0.03245	0.02319	0.03168	0.01813	0.02394	0.01467	0.01014	0.00959	0.00318	0.01374	0.00842	0.00526	0.01361
13	0.69383	0.02109	0.01603	0.01434	0.02109	0.02446	0.01181	0.03205	0.01856	0.04892	0.01518	0.01771	0.01181	0.01012	0.00675	0.00337	0.00843	0.00590	0.00675	0.01181
14	0.02699	0.02591	0.04426	0.06693	0.54879	0.02591	0.03346	0.03346	0.02483	0.03562	0.02051	0.02699	0.01727	0.00972	0.01079	0.00324	0.01295	0.00972	0.00540	0.01727
15	0.01409	0.00983	0.01241	0.01415	0.01458	0.00939	0.00902	0.01539	0.01930	0.02574	0.05202	0.44086	0.06193	0.21689	0.02696	0.00635	0.00766	0.02625	0.00902	0.00815
16	0.01587	0.02105	0.13314	0.01651	0.02248	0.01318	0.01611	0.02175	0.02683	0.03622	0.26174	0.07764	0.25300	0.02171	0.01232	0.00353	0.00770	0.01842	0.00966	0.01115
17	0.02634	0.02294	0.02561	0.08985	0.03392	0.02678	0.01881	0.05436	0.46871	0.04350	0.04140	0.03930	0.03105	0.01433	0.01107	0.00369	0.00933	0.01201	0.01035	0.01665
18	0.01513	0.01113	0.01415	0.01340	0.01610	0.01016	0.01005	0.01998	0.03014	0.04201	0.49114	0.08427	0.15585	0.02293	0.01286	0.00346	0.00519	0.02011	0.01178	0.01016
19	0.02063	0.02279	0.09191	0.02500	0.03109	0.01996	0.10719	0.03298	0.15134	0.03392	0.03750	0.16349	0.03521	0.03227	0.13556	0.00687	0.01531	0.01592	0.00793	0.01314
20	0.02398	0.16069	0.34826	0.02648	0.03846	0.07692	0.03070	0.03267	0.02332	0.03128	0.02332	0.09203	0.02086	0.01309	0.01008	0.00329	0.01440	0.01028	0.00537	0.01451
21	0.02435	0.02463	0.04447	0.03281	0.04199	0.02314	0.27818	0.03575	0.10710	0.03759	0.07277	0.03455	0.02707	0.01106	0.01156	0.00322	0.01340	0.01204	0.00721	0.15710
22	0.03210	0.01733	0.02463	0.01945	0.02607	0.01504	0.05785	0.03593	0.02532	0.25816	0.03715	0.10730	0.03136	0.11226	0.01814	0.00435	0.00973	0.01344	0.00989	0.14449
23	0.48332	0.02055	0.01809	0.01491	0.02258	0.02135	0.01216	0.03061	0.01983	0.04472	0.01650	0.01925	0.01317	0.00948	0.00716	0.00282	0.00832	0.00608	0.00666	0.22245
24	0.02455	0.04136	0.34324	0.02534	0.03874	0.02110	0.02951	0.03400	0.02363	0.08209	0.02163	0.02417	0.01574	0.00993	0.00970	0.00287	0.01297	0.00782	0.00599	0.22563
25	0.09472	0.02149	0.08457	0.01812	0.02614	0.01615	0.01643	0.03733	0.02712	0.26236	0.09143	0.04716	0.11361	0.01534	0.01069	0.00326	0.00891	0.01243	0.01041	0.08233
26	0.02261	0.01938	0.02261	0.01615	0.02584	0.01453	0.01292	0.02745	0.02261	0.03553	0.01938	0.02261	0.01615	0.00807	0.00807	0.00161	0.00807	0.00646	0.00646	0.68346
27	0.04073	0.05197	0.03090	0.02809	0.03371	0.57303	0.02107	0.04354	0.03090	0.02669	0.01685	0.01966	0.01404	0.01124	0.00983	0.00281	0.01966	0.00702	0.00562	0.01264
28	0.69383	0.02109	0.01603	0.01434	0.02109	0.02446	0.01181	0.03205	0.01856	0.04892	0.01518	0.01771	0.01181	0.01012	0.00675	0.00337	0.00843	0.00590	0.00675	0.01181
29	0.03205	0.02587	0.02743	0.02319	0.03023	0.02942	0.01845	0.21431	0.36469	0.05356	0.03812	0.03569	0.02821	0.01421	0.01103	0.00355	0.00979	0.01146	0.01103	0.01770

[dist]
# distance from previous block
# <min> <max>
0	16

[block]
# block no. 6 follows, 12 sequences, length 19
# corresponding to MSA columns:
# 321-339
name=unknown_G
#
# <colnr> <probs for GDERKNQSTAVLIFYWHMCP>
#	G	D	E	R	K	N	Q	S	T	A	V	L	I	F	Y	W	H	M	C	P
0	0.03878	0.02222	0.02700	0.02136	0.02827	0.02310	0.01750	0.21422	0.03730	0.25201	0.11354	0.03901	0.03484	0.01521	0.01332	0.00346	0.05878	0.01181	0.01158	0.01669
1	0.02245	0.02749	0.14039	0.01942	0.03052	0.01690	0.01891	0.02900	0.02270	0.03531	0.01942	0.02270	0.01564	0.00858	0.00858	0.00202	0.00984	0.00681	0.00605	0.53728
2	0.02453	0.33241	0.25340	0.02282	0.03427	0.03245	0.02621	0.03161	0.02278	0.02960	0.02694	0.02889	0.06966	0.01166	0.00896	0.00292	0.01280	0.00853	0.00521	0.01434
3	0.01328	0.00949	0.01265	0.01518	0.01581	0.00886	0.01012	0.01518	0.02088	0.02783	0.06010	0.60969	0.07212	0.03416	0.01392	0.00443	0.00633	0.03100	0.01012	0.00886
4	0.02915	0.62337	0.05714	0.01866	0.02799	0.04314	0.01866	0.03265	0.02215	0.02565	0.01516	0.01749	0.01399	0.00933	0.00700	0.00233	0.01166	0.00583	0.00466	0.01399
5	0.08225	0.07134	0.07064	0.08347	0.06879	0.02385	0.02047	0.07996	0.11497	0.15543	0.08859	0.03616	0.03080	0.01332	0.01049	0.00337	0.01039	0.01085	0.00931	0.01555
6	0.02712	0.02342	0.02465	0.02219	0.02835	0.02712	0.01726	0.05794	0.52909	0.04561	0.04438	0.04068	0.03328	0.01479	0.01109	0.00370	0.00863	0.01233	0.01109	0.01726
7	0.03806	0.04752	0.03129	0.02817	0.03290	0.48766	0.02151	0.04080	0.02865	0.02662	0.01645	0.02033	0.01409	0.01248	0.01394	0.00312	0.11097	0.00742	0.00548	0.01253
8	0.01395	0.01000	0.01324	0.01473	0.01596	0.00930	0.01017	0.01685	0.02396	0.03274	0.20905	0.44676	0.08160	0.03050	0.01359	0.00412	0.00596	0.02752	0.01070	0.00930
9	0.01456	0.01111	0.01337	0.01280	0.01575	0.00992	0.00960	0.01889	0.02881	0.03884	0.39497	0.08949	0.25399	0.02411	0.01287	0.00352	0.00527	0.02085	0.01136	0.00992
10	0.01458	0.01111	0.01339	0.01282	0.01576	0.00992	0.00961	0.01892	0.02884	0.03892	0.39745	0.08935	0.25147	0.02408	0.01287	0.00351	0.00527	0.02083	0.01137	0.00992
11	0.69383	0.02109	0.01603	0.01434	0.02109	0.02446	0.01181	0.03205	0.01856	0.04892	0.01518	0.01771	0.01181	0.01012	0.00675	0.00337	0.00843	0.00590	0.00675	0.01181
12	0.02087	0.02749	0.14828	0.46804	0.06898	0.02447	0.03247	0.02932	0.02207	0.02932	0.01942	0.02774	0.01438	0.01078	0.01078	0.00359	0.01488	0.00933	0.00479	0.01299
13	0.01484	0.01085	0.01393	0.01373	0.01607	0.00995	0.01008	0.01921	0.02862	0.03973	0.42172	0.17395	0.13708	0.02480	0.01304	0.00362	0.00538	0.02194	0.01151	0.00995
14	0.01496	0.01113	0.01393	0.01323	0.01600	0.01009	0.00992	0.01967	0.02976	0.04110	0.46351	0.08576	0.18404	0.02327	0.01286	0.00348	0.00521	0.02032	0.01166	0.01009
15	0.22794	0.09673	0.20608	0.02643	0.03738	0.02822	0.10144	0.08811	0.02523	0.04191	0.01894	0.02222	0.01420	0.01031	0.00939	0.00333	0.01323	0.00814	0.00612	0.01465
16	0.69383	0.02109	0.01603	0.01434	0.02109	0.02446	0.01181	0.03205	0.01856	0.04892	0.01518	0.01771	0.01181	0.01012	0.00675	0.00337	0.00843	0.00590	0.00675	0.01181
17	0.07346	0.08388	0.07427	0.02229	0.02770	0.05980	0.05941	0.02722	0.02353	0.03179	0.03803	0.07384	0.03938	0.08840	0.01721	0.00484	0.01209	0.22391	0.00766	0.01131
18	0.02787	0.37251	0.22504	0.02384	0.03508	0.09148	0.02624	0.03440	0.02335	0.02877	0.01683	0.01959	0.01394	0.00987	0.00843	0.00276	0.01399	0.00671	0.00474	0.01457

[dist]
# distance from previous block
# <min> <max>
0	1

[block]
# block no. 7 follows, 12 sequences, length 15
# corresponding to MSA columns:
# 341-355
name=unknown_H
#
# <colnr> <probs for GDERKNQSTAVLIFYWHMCP>
#	G	D	E	R	K	N	Q	S	T	A	V	L	I	F	Y	W	H	M	C	P
0	0.01483	0.01068	0.01404	0.01413	0.01616	0.00989	0.01024	0.01907	0.02807	0.03928	0.40808	0.22906	0.09428	0.02561	0.01316	0.00371	0.00547	0.02287	0.01148	0.00989
1	0.01468	0.01020	0.01361	0.01447	0.01588	0.00952	0.01014	0.01742	0.02462	0.03393	0.26455	0.33414	0.08092	0.02936	0.01586	0.06065	0.00608	0.02434	0.01048	0.00913
2	0.07363	0.08221	0.18174	0.08006	0.12096	0.02515	0.09360	0.03738	0.02489	0.14172	0.02420	0.02709	0.01737	0.01069	0.01042	0.00335	0.01352	0.00937	0.00685	0.01581
3	0.03363	0.02429	0.08355	0.18794	0.09905	0.02150	0.07998	0.04028	0.02655	0.24805	0.02956	0.03165	0.02011	0.01161	0.01109	0.00347	0.01279	0.01043	0.00852	0.01596
4	0.01316	0.01081	0.01159	0.01192	0.01503	0.00924	0.00874	0.01598	0.02472	0.03037	0.13802	0.18301	0.43324	0.02821	0.01305	0.00378	0.00562	0.02401	0.01028	0.00924
5	0.12138	0.01996	0.02494	0.01936	0.02763	0.01864	0.01598	0.09352	0.03164	0.45337	0.03829	0.03389	0.02448	0.01307	0.01048	0.00336	0.00944	0.01028	0.01249	0.01779
6	0.04062	0.02481	0.03622	0.02987	0.07779	0.02440	0.10837	0.18931	0.03585	0.26915	0.03219	0.03152	0.02170	0.01228	0.01128	0.00339	0.01207	0.01085	0.01059	0.01775
7	0.01328	0.00949	0.01265	0.01518	0.01581	0.00886	0.01012	0.01518	0.02088	0.02783	0.06010	0.60969	0.07212	0.03416	0.01392	0.00443	0.00633	0.03100	0.01012	0.00886
8	0.02261	0.01938	0.02261	0.01615	0.02584	0.01453	0.01292	0.02745	0.02261	0.03553	0.01938	0.02261	0.01615	0.00807	0.00807	0.00161	0.00807	0.00646	0.00646	0.68346
9	0.02238	0.01846	0.02376	0.15640	0.03581	0.02094	0.01838	0.07648	0.17366	0.04079	0.17456	0.04822	0.04631	0.02260	0.06864	0.00497	0.01146	0.01347	0.00929	0.01342
10	0.02823	0.02521	0.02197	0.01941	0.02400	0.17046	0.01489	0.07994	0.03298	0.08877	0.29741	0.05448	0.06249	0.01746	0.01164	0.00323	0.01028	0.01436	0.01024	0.01255
11	0.02552	0.02417	0.04004	0.14083	0.41741	0.02436	0.03065	0.03193	0.02412	0.03443	0.02021	0.02681	0.01673	0.00971	0.01050	0.00311	0.01264	0.00934	0.00543	0.09206
12	0.02780	0.28417	0.03799	0.01754	0.02696	0.02721	0.01571	0.03200	0.02317	0.07718	0.01962	0.02165	0.01616	0.00910	0.00786	0.00208	0.00975	0.00658	0.00629	0.33119
13	0.03120	0.03655	0.03175	0.29427	0.05329	0.31334	0.02543	0.03612	0.02659	0.02724	0.01805	0.02411	0.01428	0.01108	0.01034	0.00320	0.01724	0.00828	0.00525	0.01239
14	0.03275	0.08688	0.02996	0.02322	0.02967	0.18076	0.01843	0.13730	0.19843	0.04284	0.08104	0.03395	0.03029	0.01372	0.01051	0.00321	0.01230	0.01050	0.00903	0.01521

[dist]
# distance from previous block
# <min> <max>
0	3

[block]
# block no. 8 follows, 12 sequences, length 24
# corresponding to MSA columns:
# 359-382
name=unknown_I
#
# <colnr> <probs for GDERKNQSTAVLIFYWHMCP>
#	G	D	E	R	K	N	Q	S	T	A	V	L	I	F	Y	W	H	M	C	P
0	0.14059	0.31234	0.04145	0.02058	0.02899	0.08648	0.01834	0.16413	0.03030	0.04121	0.01832	0.02009	0.01488	0.01066	0.00828	0.00280	0.01197	0.00704	0.00679	0.01475
1	0.08806	0.03472	0.03190	0.02812	0.07085	0.16374	0.02109	0.32777	0.04196	0.05460	0.02268	0.02403	0.01686	0.01217	0.01033	0.00316	0.01367	0.00884	0.00891	0.01652
2	0.02261	0.01938	0.02261	0.01615	0.02584	0.01453	0.01292	0.02745	0.02261	0.03553	0.01938	0.02261	0.01615	0.00807	0.00807	0.00161	0.00807	0.00646	0.00646	0.68346
3	0.01579	0.01084	0.01326	0.01326	0.01374	0.01131	0.00832	0.01674	0.01626	0.02216	0.03310	0.06441	0.03663	0.48663	0.18155	0.01226	0.01510	0.01484	0.00642	0.00737
4	0.01586	0.01057	0.01189	0.01189	0.01189	0.01057	0.00661	0.01586	0.01586	0.02114	0.03436	0.07135	0.03964	0.61681	0.05550	0.01057	0.01057	0.01586	0.00661	0.00661
5	0.03090	0.02892	0.12169	0.03617	0.08641	0.02281	0.23272	0.03875	0.02709	0.17742	0.06185	0.03382	0.02478	0.01145	0.01181	0.00351	0.01423	0.01183	0.00797	0.01588
6	0.02863	0.01411	0.01907	0.01631	0.02113	0.01286	0.01286	0.03329	0.02977	0.24385	0.29877	0.06043	0.06603	0.02432	0.06385	0.00471	0.00899	0.01553	0.01202	0.01349
7	0.40963	0.01997	0.02011	0.01657	0.02406	0.02074	0.01367	0.04134	0.02413	0.27253	0.02745	0.02626	0.01850	0.01161	0.00861	0.00337	0.00881	0.00813	0.00972	0.01478
8	0.02699	0.02591	0.04426	0.06693	0.54879	0.02591	0.03346	0.03346	0.02483	0.03562	0.02051	0.02699	0.01727	0.00972	0.01079	0.00324	0.01295	0.00972	0.00540	0.01727
9	0.03529	0.01959	0.02345	0.01943	0.02605	0.01954	0.01551	0.12145	0.12834	0.25562	0.08418	0.08884	0.07948	0.01710	0.01151	0.00353	0.00876	0.01423	0.01196	0.01617
10	0.02030	0.01459	0.01637	0.01553	0.02001	0.01394	0.01244	0.06207	0.07398	0.07900	0.08244	0.09059	0.32404	0.02459	0.01281	0.00387	0.00746	0.10381	0.01054	0.01161
11	0.69383	0.02109	0.01603	0.01434	0.02109	0.02446	0.01181	0.03205	0.01856	0.04892	0.01518	0.01771	0.01181	0.01012	0.00675	0.00337	0.00843	0.00590	0.00675	0.01181
12	0.02915	0.62337	0.05714	0.01866	0.02799	0.04314	0.01866	0.03265	0.02215	0.02565	0.01516	0.01749	0.01399	0.00933	0.00700	0.00233	0.01166	0.00583	0.00466	0.01399
13	0.02699	0.02591	0.04426	0.06693	0.54879	0.02591	0.03346	0.03346	0.02483	0.03562	0.02051	0.02699	0.01727	0.00972	0.01079	0.00324	0.01295	0.00972	0.00540	0.01727
14	0.01960	0.01781	0.02924	0.48033	0.06386	0.02156	0.02646	0.02647	0.02353	0.03089	0.11947	0.03908	0.03142	0.01308	0.01128	0.00359	0.01274	0.01161	0.00621	0.01176
15	0.04351	0.01871	0.02672	0.12858	0.03687	0.01759	0.01875	0.04831	0.02941	0.45533	0.03850	0.03557	0.02461	0.01300	0.01095	0.00342	0.01028	0.01072	0.01184	0.01732
16	0.02439	0.17054	0.02925	0.01801	0.02341	0.02411	0.01489	0.11952	0.06767	0.04144	0.19400	0.13891	0.05403	0.01866	0.01105	0.00331	0.00856	0.01563	0.00956	0.01308
17	0.01779	0.01411	0.01635	0.01527	0.01893	0.01418	0.01160	0.02872	0.15094	0.04146	0.33903	0.07602	0.17034	0.02148	0.01244	0.00354	0.00606	0.01855	0.01142	0.01178
18	0.04350	0.02058	0.02747	0.02164	0.02849	0.02084	0.01792	0.08664	0.03012	0.41399	0.03611	0.03366	0.02386	0.01453	0.01570	0.00363	0.12182	0.01060	0.01161	0.01729
19	0.02196	0.04287	0.37216	0.03036	0.04254	0.02267	0.11359	0.03071	0.02179	0.03162	0.01987	0.02603	0.01525	0.01542	0.01695	0.13334	0.01523	0.00914	0.00478	0.01370
20	0.02250	0.02096	0.03562	0.23944	0.23923	0.02252	0.06575	0.02824	0.02212	0.03006	0.02288	0.03640	0.02052	0.12613	0.01954	0.00481	0.01350	0.01114	0.00544	0.01321
21	0.19257	0.02031	0.02326	0.01809	0.02639	0.01919	0.01485	0.08199	0.02832	0.29829	0.03064	0.02893	0.02069	0.01164	0.00943	0.00303	0.00908	0.00884	0.01037	0.14409
22	0.01580	0.01078	0.01297	0.01297	0.01334	0.01116	0.00795	0.01655	0.01617	0.02194	0.03337	0.06590	0.03727	0.51454	0.15453	0.01190	0.01413	0.01506	0.00646	0.00720
23	0.13956	0.14114	0.03153	0.07055	0.07790	0.14826	0.01913	0.03147	0.02260	0.03082	0.01980	0.02599	0.01721	0.02768	0.14611	0.00650	0.01753	0.00820	0.00560	0.01244

[dist]
# distance from previous block
# <min> <max>
9	36

# created by:
# /st0/software/busco_prod/Augustus/scripts/msa2prfl.pl ./align_prep/5657.fa
