[name]
unknown

[dist]
# distance from previous block
# <min> <max>
0	325

[block]
# block no. 0 follows, 13 sequences, length 110
# corresponding to MSA columns:
# 338-447
name=unknown_A
#
# <colnr> <probs for GDERKNQSTAVLIFYWHMCP>
#	G	D	E	R	K	N	Q	S	T	A	V	L	I	F	Y	W	H	M	C	P
0	0.04347	0.01704	0.02293	0.01791	0.02508	0.01489	0.01441	0.04705	0.02842	0.50182	0.04067	0.04010	0.02769	0.08922	0.01598	0.00414	0.00915	0.01122	0.01226	0.01656
1	0.03422	0.01562	0.02040	0.01740	0.02271	0.01431	0.01343	0.07147	0.02747	0.33073	0.04459	0.20631	0.03922	0.07207	0.01519	0.00416	0.00847	0.01654	0.01139	0.01429
2	0.02189	0.01156	0.01492	0.01397	0.01559	0.01162	0.00979	0.05632	0.01920	0.06473	0.02509	0.03772	0.02284	0.10240	0.03273	0.39262	0.00877	0.01019	0.12043	0.00763
3	0.01414	0.01033	0.01329	0.01349	0.01553	0.00948	0.00976	0.01801	0.02660	0.03671	0.37257	0.23915	0.13074	0.02542	0.01277	0.00363	0.00535	0.02259	0.01095	0.00948
4	0.60334	0.01904	0.01484	0.01344	0.01956	0.02158	0.01096	0.02878	0.01888	0.04471	0.02807	0.02939	0.09043	0.01227	0.00740	0.00331	0.00777	0.00812	0.00702	0.01109
5	0.08561	0.01701	0.02150	0.01806	0.02425	0.01604	0.01464	0.08151	0.02923	0.33106	0.08107	0.11703	0.03859	0.01742	0.01118	0.00354	0.00857	0.05714	0.01157	0.01498
6	0.04622	0.01994	0.02574	0.01974	0.02796	0.01844	0.01630	0.13137	0.03353	0.48533	0.03897	0.03421	0.02480	0.01302	0.01062	0.00326	0.00944	0.01045	0.01267	0.01799
7	0.01583	0.01045	0.01267	0.01235	0.01478	0.00977	0.00917	0.02041	0.02687	0.03954	0.35719	0.10909	0.11319	0.02047	0.01127	0.00320	0.00508	0.01780	0.18110	0.00977
8	0.04456	0.01726	0.02351	0.01847	0.02602	0.01496	0.01506	0.04846	0.02943	0.52451	0.04309	0.08483	0.02982	0.01476	0.01087	0.00336	0.00876	0.01225	0.01281	0.01721
9	0.01538	0.01025	0.01153	0.01153	0.01153	0.01025	0.00641	0.01538	0.01538	0.02050	0.03331	0.06919	0.03844	0.62842	0.05382	0.01025	0.01025	0.01538	0.00641	0.00641
10	0.70310	0.02045	0.01554	0.01390	0.02045	0.02372	0.01145	0.03108	0.01799	0.04744	0.01472	0.01718	0.01145	0.00981	0.00654	0.00327	0.00818	0.00573	0.00654	0.01145
11	0.13982	0.01615	0.01985	0.01672	0.02281	0.01508	0.01329	0.03950	0.02591	0.35046	0.04041	0.14923	0.03263	0.01650	0.01038	0.00343	0.00806	0.01368	0.05145	0.01464
12	0.58394	0.01925	0.01621	0.01434	0.02047	0.02171	0.01163	0.03145	0.01875	0.09264	0.01750	0.02019	0.01339	0.01244	0.00993	0.06291	0.00834	0.00647	0.00697	0.01145
13	0.01338	0.01075	0.01194	0.01164	0.01482	0.00930	0.00873	0.01688	0.02619	0.03351	0.26808	0.09360	0.39411	0.02493	0.01249	0.00348	0.00522	0.02117	0.01047	0.00930
14	0.24087	0.01312	0.01475	0.01421	0.01658	0.01441	0.01042	0.02004	0.01555	0.02859	0.01841	0.02843	0.01711	0.03324	0.09746	0.38448	0.01122	0.00832	0.00536	0.00742
15	0.03297	0.01661	0.02295	0.01926	0.02389	0.01735	0.01549	0.03634	0.02350	0.30260	0.03316	0.03794	0.02521	0.08118	0.15623	0.00737	0.11375	0.01096	0.00934	0.01391
16	0.01942	0.06821	0.02032	0.01595	0.01981	0.01747	0.01234	0.03106	0.17632	0.03966	0.31960	0.06141	0.06790	0.06705	0.01480	0.00386	0.00693	0.01559	0.01035	0.01195
17	0.02187	0.02311	0.07856	0.03004	0.03705	0.02024	0.22519	0.07239	0.02592	0.03494	0.03666	0.16849	0.03680	0.01872	0.01279	0.00395	0.01294	0.12017	0.00763	0.01256
18	0.70310	0.02045	0.01554	0.01390	0.02045	0.02372	0.01145	0.03108	0.01799	0.04744	0.01472	0.01718	0.01145	0.00981	0.00654	0.00327	0.00818	0.00573	0.00654	0.01145
19	0.03608	0.02124	0.06254	0.01890	0.02745	0.01694	0.01643	0.08509	0.02945	0.31320	0.07607	0.03426	0.02813	0.01228	0.01007	0.00286	0.00909	0.00999	0.01049	0.17944
20	0.02386	0.26464	0.25702	0.02625	0.03756	0.03009	0.09875	0.03168	0.02305	0.03108	0.06428	0.02611	0.02132	0.01051	0.00938	0.00297	0.01340	0.00866	0.00523	0.01417
21	0.02811	0.02447	0.04124	0.06069	0.51354	0.02425	0.03090	0.03419	0.02464	0.08344	0.02188	0.02707	0.01761	0.00976	0.01048	0.00315	0.01224	0.00953	0.00595	0.01686
22	0.19469	0.01854	0.02252	0.01771	0.02552	0.01738	0.01462	0.04694	0.02751	0.45247	0.03565	0.03176	0.02287	0.01235	0.00971	0.00327	0.00881	0.00953	0.01162	0.01652
23	0.03454	0.02792	0.08250	0.03150	0.04133	0.02509	0.22503	0.16254	0.03240	0.18580	0.02766	0.02927	0.01905	0.01107	0.01132	0.00337	0.01374	0.01089	0.00867	0.01630
24	0.02121	0.05469	0.57364	0.03014	0.04576	0.02455	0.03906	0.03348	0.02232	0.03348	0.01897	0.02232	0.01339	0.01005	0.01005	0.00335	0.01563	0.00781	0.00446	0.01563
25	0.01515	0.01116	0.01615	0.01615	0.01775	0.01276	0.01216	0.01834	0.01674	0.02392	0.02909	0.04581	0.02829	0.16408	0.50427	0.01595	0.02553	0.01195	0.00578	0.00897
26	0.01538	0.01025	0.01153	0.01153	0.01153	0.01025	0.00641	0.01538	0.01538	0.02050	0.03331	0.06919	0.03844	0.62842	0.05382	0.01025	0.01025	0.01538	0.00641	0.00641
27	0.04744	0.01799	0.02454	0.01881	0.02699	0.01554	0.01554	0.05153	0.03026	0.56979	0.04171	0.03599	0.02617	0.01309	0.01063	0.00327	0.00900	0.01063	0.01309	0.01799
28	0.70310	0.02045	0.01554	0.01390	0.02045	0.02372	0.01145	0.03108	0.01799	0.04744	0.01472	0.01718	0.01145	0.00981	0.00654	0.00327	0.00818	0.00573	0.00654	0.01145
29	0.01510	0.01133	0.01699	0.01699	0.01888	0.01322	0.01322	0.01888	0.01699	0.02454	0.02832	0.04154	0.02643	0.07930	0.58652	0.01699	0.02832	0.01133	0.00566	0.00944
30	0.01324	0.00946	0.01268	0.01513	0.01590	0.00890	0.01044	0.01534	0.02060	0.02739	0.05808	0.57805	0.06914	0.03279	0.01359	0.00434	0.00645	0.06998	0.00981	0.00869
31	0.01288	0.00920	0.01227	0.01472	0.01534	0.00859	0.00981	0.01472	0.02024	0.02699	0.05828	0.62152	0.06993	0.03312	0.01350	0.00429	0.00613	0.03006	0.00981	0.00859
32	0.02121	0.05469	0.57364	0.03014	0.04576	0.02455	0.03906	0.03348	0.02232	0.03348	0.01897	0.02232	0.01339	0.01005	0.01005	0.00335	0.01563	0.00781	0.00446	0.01563
33	0.02496	0.02852	0.06239	0.04456	0.05526	0.02674	0.52406	0.03387	0.02496	0.03387	0.02139	0.02852	0.01604	0.00891	0.01248	0.00357	0.01783	0.01248	0.00535	0.01426
34	0.04019	0.02962	0.03173	0.02433	0.03279	0.03279	0.02010	0.52721	0.04971	0.06663	0.02538	0.02538	0.01798	0.01269	0.01058	0.00317	0.01163	0.00952	0.01058	0.01798
35	0.01288	0.00920	0.01227	0.01472	0.01534	0.00859	0.00981	0.01472	0.02024	0.02699	0.05828	0.62152	0.06993	0.03312	0.01350	0.00429	0.00613	0.03006	0.00981	0.00859
36	0.04019	0.02962	0.03173	0.02433	0.03279	0.03279	0.02010	0.52721	0.04971	0.06663	0.02538	0.02538	0.01798	0.01269	0.01058	0.00317	0.01163	0.00952	0.01058	0.01798
37	0.01446	0.01079	0.01344	0.01277	0.01549	0.00976	0.00958	0.01898	0.02874	0.03958	0.46520	0.08362	0.19321	0.02267	0.01248	0.00338	0.00506	0.01977	0.01127	0.00976
38	0.02827	0.63478	0.05540	0.01809	0.02714	0.04184	0.01809	0.03166	0.02148	0.02488	0.01470	0.01696	0.01357	0.00905	0.00678	0.00226	0.01131	0.00565	0.00452	0.01357
39	0.03950	0.05039	0.02996	0.02724	0.03269	0.58597	0.02043	0.04222	0.02996	0.02588	0.01634	0.01907	0.01362	0.01090	0.00953	0.00272	0.01907	0.00681	0.00545	0.01226
40	0.01288	0.00920	0.01227	0.01472	0.01534	0.00859	0.00981	0.01472	0.02024	0.02699	0.05828	0.62152	0.06993	0.03312	0.01350	0.00429	0.00613	0.03006	0.00981	0.00859
41	0.01538	0.01025	0.01153	0.01153	0.01153	0.01025	0.00641	0.01538	0.01538	0.02050	0.03331	0.06919	0.03844	0.62842	0.05382	0.01025	0.01025	0.01538	0.00641	0.00641
42	0.01496	0.01081	0.01413	0.01330	0.01580	0.00998	0.00998	0.01995	0.02993	0.04240	0.55689	0.07898	0.09976	0.02162	0.01247	0.00333	0.00499	0.01912	0.01164	0.00998
43	0.01538	0.01025	0.01153	0.01153	0.01153	0.01025	0.00641	0.01538	0.01538	0.02050	0.03331	0.06919	0.03844	0.62842	0.05382	0.01025	0.01025	0.01538	0.00641	0.00641
44	0.01419	0.01078	0.01306	0.01249	0.01532	0.00965	0.00937	0.01845	0.02810	0.03805	0.41547	0.08614	0.24390	0.02324	0.01248	0.00340	0.00510	0.02013	0.01107	0.00965
45	0.01288	0.00920	0.01227	0.01472	0.01534	0.00859	0.00981	0.01472	0.02024	0.02699	0.05828	0.62152	0.06993	0.03312	0.01350	0.00429	0.00613	0.03006	0.00981	0.00859
46	0.01431	0.01053	0.01340	0.01322	0.01553	0.00961	0.00971	0.01848	0.02758	0.03810	0.41754	0.17287	0.15147	0.02419	0.01265	0.00352	0.00523	0.02135	0.01111	0.00961
47	0.01538	0.01025	0.01153	0.01153	0.01153	0.01025	0.00641	0.01538	0.01538	0.02050	0.03331	0.06919	0.03844	0.62842	0.05382	0.01025	0.01025	0.01538	0.00641	0.00641
48	0.11194	0.20923	0.12691	0.02318	0.03188	0.19782	0.02179	0.10152	0.02753	0.03489	0.01734	0.01964	0.01390	0.01035	0.00863	0.00282	0.01402	0.00689	0.00584	0.01386
49	0.01514	0.01120	0.01634	0.01634	0.01800	0.01286	0.01240	0.01846	0.01680	0.02406	0.02892	0.04485	0.02787	0.14508	0.52270	0.01618	0.02616	0.01181	0.00575	0.00908
50	0.01493	0.01006	0.01166	0.01211	0.01222	0.00995	0.00702	0.01526	0.01625	0.02167	0.03782	0.16892	0.04413	0.52093	0.04653	0.00917	0.00951	0.01803	0.00702	0.00680
51	0.02606	0.02543	0.04470	0.06304	0.51613	0.02527	0.07736	0.03258	0.02416	0.03448	0.02003	0.02638	0.01668	0.00937	0.01065	0.00318	0.01304	0.00970	0.00524	0.01652
52	0.02261	0.01884	0.02073	0.01884	0.02369	0.02099	0.01454	0.04439	0.37622	0.04363	0.21031	0.05232	0.05425	0.01671	0.01132	0.00350	0.00727	0.01429	0.01105	0.01454
53	0.02271	0.09501	0.02607	0.01596	0.02531	0.01753	0.01322	0.02725	0.02187	0.03327	0.01829	0.02131	0.01540	0.00798	0.00770	0.00165	0.00826	0.00619	0.00605	0.60898
54	0.01995	0.01892	0.06447	0.01666	0.02292	0.01485	0.01410	0.08413	0.02649	0.03705	0.11353	0.15878	0.12291	0.01835	0.01081	0.00299	0.00785	0.01566	0.00862	0.22095
55	0.03322	0.12330	0.21227	0.02520	0.03617	0.02599	0.06183	0.11921	0.02917	0.19285	0.02615	0.02645	0.01806	0.01113	0.01000	0.00315	0.01258	0.00893	0.00803	0.01629
56	0.17112	0.01836	0.02241	0.11577	0.03171	0.01999	0.01666	0.07158	0.06845	0.16661	0.07043	0.03447	0.02688	0.02230	0.09311	0.00532	0.01229	0.01020	0.00873	0.01359
57	0.02496	0.02852	0.06239	0.04456	0.05526	0.02674	0.52406	0.03387	0.02496	0.03387	0.02139	0.02852	0.01604	0.00891	0.01248	0.00357	0.01783	0.01248	0.00535	0.01426
58	0.03068	0.10018	0.03203	0.02435	0.07767	0.02689	0.01836	0.22871	0.07298	0.04680	0.02286	0.02441	0.01769	0.01055	0.00926	0.00259	0.01024	0.00820	0.00801	0.22753
59	0.02421	0.02286	0.03860	0.14131	0.43870	0.02349	0.02993	0.03049	0.02417	0.03413	0.06878	0.03130	0.02393	0.01071	0.01067	0.00321	0.01210	0.01030	0.00574	0.01537
60	0.01496	0.01081	0.01413	0.01330	0.01580	0.00998	0.00998	0.01995	0.02993	0.04240	0.55689	0.07898	0.09976	0.02162	0.01247	0.00333	0.00499	0.01912	0.01164	0.00998
61	0.01288	0.00920	0.01227	0.01472	0.01534	0.00859	0.00981	0.01472	0.02024	0.02699	0.05828	0.62152	0.06993	0.03312	0.01350	0.00429	0.00613	0.03006	0.00981	0.00859
62	0.03291	0.03294	0.02718	0.02386	0.03007	0.21131	0.01850	0.12862	0.29389	0.04186	0.03138	0.03045	0.02381	0.01294	0.01033	0.00324	0.01242	0.00986	0.00898	0.01547
63	0.01589	0.01081	0.01622	0.01622	0.01766	0.01225	0.01225	0.01766	0.01622	0.02306	0.02594	0.03929	0.02450	0.06910	0.45589	0.17881	0.02374	0.01081	0.00541	0.00828
64	0.70310	0.02045	0.01554	0.01390	0.02045	0.02372	0.01145	0.03108	0.01799	0.04744	0.01472	0.01718	0.01145	0.00981	0.00654	0.00327	0.00818	0.00573	0.00654	0.01145
65	0.01250	0.01071	0.01071	0.01071	0.01428	0.00893	0.00803	0.01517	0.02410	0.02856	0.10711	0.10175	0.55817	0.02678	0.01250	0.00357	0.00536	0.02231	0.00982	0.00893
66	0.09031	0.01460	0.01878	0.01584	0.02060	0.01362	0.01220	0.03393	0.02452	0.28088	0.11637	0.04351	0.03624	0.07507	0.02059	0.14036	0.00844	0.01171	0.01000	0.01243
67	0.24834	0.02283	0.02215	0.01939	0.02586	0.02626	0.01543	0.10629	0.31126	0.04805	0.03163	0.03046	0.02373	0.01267	0.00936	0.00343	0.00871	0.00962	0.00936	0.01517
68	0.04744	0.01799	0.02454	0.01881	0.02699	0.01554	0.01554	0.05153	0.03026	0.56979	0.04171	0.03599	0.02617	0.01309	0.01063	0.00327	0.00900	0.01063	0.01309	0.01799
69	0.03403	0.01498	0.02039	0.01775	0.02326	0.01336	0.01433	0.03795	0.02762	0.34818	0.09133	0.15113	0.04535	0.01973	0.01190	0.00370	0.00829	0.09042	0.01188	0.01442
70	0.01466	0.01087	0.01371	0.01322	0.01590	0.00993	0.01006	0.01924	0.02857	0.03933	0.44801	0.08539	0.17753	0.02298	0.01260	0.00346	0.00534	0.04821	0.01121	0.00978
71	0.01423	0.01017	0.01382	0.01627	0.01747	0.00975	0.01217	0.01706	0.02158	0.02850	0.05753	0.45802	0.06697	0.03185	0.01386	0.00448	0.00731	0.18021	0.00979	0.00896
72	0.01997	0.01879	0.03171	0.60301	0.07282	0.02349	0.02936	0.02701	0.02114	0.02701	0.01879	0.02819	0.01409	0.01057	0.01057	0.00352	0.01409	0.00940	0.00470	0.01175
73	0.03540	0.01493	0.02026	0.01739	0.02293	0.01312	0.01355	0.03871	0.02677	0.38072	0.04748	0.23994	0.04141	0.02007	0.01163	0.00363	0.00800	0.01740	0.01195	0.01472
74	0.01978	0.01193	0.01535	0.01385	0.01737	0.01072	0.01061	0.02434	0.02926	0.12385	0.42000	0.07502	0.14488	0.02091	0.01218	0.00335	0.00567	0.01818	0.01164	0.01111
75	0.01483	0.01060	0.01443	0.01647	0.01806	0.01021	0.01276	0.01828	0.02310	0.03078	0.11904	0.35065	0.06994	0.03011	0.01382	0.00441	0.00745	0.21581	0.01001	0.00923
76	0.01268	0.01072	0.01097	0.01091	0.01440	0.00901	0.00818	0.01554	0.02455	0.02962	0.14152	0.10001	0.52311	0.02638	0.01249	0.00355	0.00533	0.02207	0.00996	0.00901
77	0.07062	0.01201	0.01440	0.01388	0.01713	0.01117	0.01036	0.02248	0.02551	0.10150	0.23984	0.20903	0.16525	0.02354	0.01205	0.00360	0.00609	0.02040	0.01062	0.01053
78	0.03398	0.01457	0.01976	0.01722	0.02245	0.01283	0.01331	0.03719	0.02636	0.35840	0.04816	0.26402	0.04321	0.02089	0.01175	0.00367	0.00788	0.01820	0.01181	0.01433
79	0.70310	0.02045	0.01554	0.01390	0.02045	0.02372	0.01145	0.03108	0.01799	0.04744	0.01472	0.01718	0.01145	0.00981	0.00654	0.00327	0.00818	0.00573	0.00654	0.01145
80	0.02218	0.01550	0.01873	0.01666	0.02081	0.01598	0.01293	0.07379	0.13537	0.08753	0.32391	0.05992	0.06734	0.02293	0.05444	0.00438	0.00832	0.01554	0.01104	0.01268
81	0.02326	0.18603	0.40807	0.02663	0.03994	0.02869	0.03236	0.03496	0.06559	0.03239	0.01999	0.02251	0.01501	0.01017	0.00935	0.00312	0.01402	0.00766	0.00500	0.01524
82	0.01827	0.01081	0.01398	0.01479	0.01702	0.00973	0.01046	0.02059	0.02238	0.11281	0.06272	0.45411	0.13356	0.02905	0.01290	0.00403	0.00647	0.02588	0.01033	0.01012
83	0.01420	0.01078	0.01307	0.01250	0.01533	0.00965	0.00937	0.01847	0.02812	0.03811	0.41732	0.08605	0.24201	0.02322	0.01248	0.00340	0.00510	0.02011	0.01107	0.00965
84	0.02401	0.11547	0.29517	0.10000	0.07662	0.06006	0.07412	0.03465	0.06156	0.03209	0.02032	0.02421	0.01535	0.01022	0.00996	0.00322	0.01458	0.00849	0.00515	0.01474
85	0.02835	0.09068	0.16295	0.16022	0.04423	0.23177	0.02698	0.03439	0.02428	0.02784	0.01720	0.02210	0.01369	0.01107	0.01168	0.00317	0.06372	0.00775	0.00490	0.01300
86	0.01538	0.01025	0.01153	0.01153	0.01153	0.01025	0.00641	0.01538	0.01538	0.02050	0.03331	0.06919	0.03844	0.62842	0.05382	0.01025	0.01025	0.01538	0.00641	0.00641
87	0.02278	0.04455	0.38337	0.03878	0.13324	0.02509	0.13508	0.03339	0.02314	0.03374	0.01961	0.02420	0.01448	0.00971	0.01060	0.00336	0.01556	0.00901	0.00477	0.01554
88	0.02106	0.01780	0.02096	0.01537	0.02391	0.01358	0.01221	0.02580	0.02292	0.03544	0.08537	0.02898	0.02607	0.00954	0.00840	0.00178	0.00748	0.00785	0.00693	0.60854
89	0.01647	0.01098	0.01369	0.01346	0.01622	0.00984	0.00991	0.02007	0.02622	0.07761	0.28724	0.21104	0.19771	0.02494	0.01257	0.00361	0.00567	0.02183	0.01088	0.01003
90	0.01617	0.01430	0.01446	0.01627	0.01748	0.08003	0.01113	0.01812	0.02145	0.02685	0.05309	0.54698	0.06296	0.03037	0.01301	0.00410	0.00773	0.02718	0.00927	0.00904
91	0.01587	0.00996	0.01333	0.01508	0.01634	0.00919	0.01031	0.01791	0.02111	0.07397	0.05684	0.57084	0.06614	0.03139	0.01325	0.00421	0.00638	0.02838	0.01010	0.00940
92	0.01826	0.01131	0.01445	0.01387	0.01665	0.01026	0.01018	0.02189	0.02634	0.10139	0.30140	0.19134	0.13622	0.05966	0.01492	0.00397	0.00609	0.02056	0.01090	0.01033
93	0.01538	0.01025	0.01153	0.01153	0.01153	0.01025	0.00641	0.01538	0.01538	0.02050	0.03331	0.06919	0.03844	0.62842	0.05382	0.01025	0.01025	0.01538	0.00641	0.00641
94	0.04744	0.01799	0.02454	0.01881	0.02699	0.01554	0.01554	0.05153	0.03026	0.56979	0.04171	0.03599	0.02617	0.01309	0.01063	0.00327	0.00900	0.01063	0.01309	0.01799
95	0.38321	0.01868	0.01906	0.01584	0.02272	0.01932	0.01298	0.03845	0.02390	0.25796	0.06906	0.02972	0.02447	0.01208	0.00867	0.00328	0.00825	0.00878	0.00959	0.01397
96	0.01323	0.01067	0.01134	0.01121	0.01417	0.00925	0.00813	0.01594	0.02392	0.02970	0.16742	0.09421	0.42309	0.10042	0.01760	0.00436	0.00590	0.02096	0.00968	0.00878
97	0.01288	0.00920	0.01227	0.01472	0.01534	0.00859	0.00981	0.01472	0.02024	0.02699	0.05828	0.62152	0.06993	0.03312	0.01350	0.00429	0.00613	0.03006	0.00981	0.00859
98	0.01271	0.00988	0.01157	0.01292	0.01486	0.00874	0.00901	0.01493	0.02198	0.02770	0.08021	0.38801	0.28928	0.03027	0.01305	0.00397	0.00578	0.02658	0.00982	0.00874
99	0.01544	0.00993	0.01203	0.01235	0.01269	0.00972	0.00754	0.01495	0.01633	0.02151	0.03899	0.13667	0.07680	0.38517	0.04292	0.14803	0.00913	0.01656	0.00674	0.00651
100	0.04011	0.03219	0.03151	0.02469	0.03278	0.10123	0.02014	0.46720	0.04727	0.06159	0.02427	0.02460	0.01744	0.01247	0.01045	0.00312	0.01255	0.00918	0.00994	0.01727
101	0.04167	0.02725	0.03026	0.02320	0.03161	0.02927	0.01917	0.43024	0.04575	0.16920	0.02871	0.02755	0.01965	0.01277	0.01059	0.00319	0.01110	0.00975	0.01109	0.01798
102	0.01785	0.01124	0.01561	0.01514	0.01683	0.01193	0.01101	0.01980	0.01810	0.06270	0.06820	0.04937	0.03370	0.19666	0.30837	0.09696	0.01854	0.01256	0.00667	0.00876
103	0.08214	0.02530	0.03934	0.05579	0.45350	0.02596	0.02924	0.09356	0.02676	0.03955	0.02015	0.02535	0.01648	0.00986	0.01017	0.00315	0.01210	0.00914	0.00600	0.01648
104	0.01340	0.00957	0.01286	0.01531	0.01615	0.00903	0.01071	0.01561	0.02075	0.02757	0.05799	0.55938	0.06881	0.03264	0.01363	0.00436	0.00658	0.08713	0.00980	0.00873
105	0.01308	0.00965	0.01224	0.01388	0.01522	0.00882	0.00954	0.01544	0.02208	0.02916	0.12806	0.46830	0.15449	0.03065	0.01320	0.00405	0.00586	0.02742	0.01004	0.00882
106	0.03259	0.01891	0.02275	0.01936	0.02551	0.01931	0.01560	0.08901	0.19071	0.23300	0.12113	0.04991	0.04164	0.01615	0.01129	0.00351	0.00849	0.05385	0.01162	0.01565
107	0.23117	0.02790	0.10862	0.02215	0.03098	0.06788	0.06477	0.04048	0.02499	0.24291	0.02647	0.02637	0.01800	0.01111	0.00943	0.00326	0.01141	0.00863	0.00854	0.01492
108	0.38571	0.02558	0.02542	0.02762	0.13767	0.07255	0.01818	0.12188	0.02600	0.04639	0.01787	0.02071	0.01392	0.01034	0.00835	0.00318	0.01063	0.00728	0.00690	0.01381
109	0.11406	0.27552	0.26460	0.02262	0.03403	0.03068	0.02583	0.03355	0.02191	0.06450	0.01813	0.02038	0.01399	0.00981	0.00835	0.00291	0.01256	0.00687	0.00528	0.01442

[dist]
# distance from previous block
# <min> <max>
1	3

[block]
# block no. 1 follows, 13 sequences, length 32
# corresponding to MSA columns:
# 451-482
name=unknown_B
#
# <colnr> <probs for GDERKNQSTAVLIFYWHMCP>
#	G	D	E	R	K	N	Q	S	T	A	V	L	I	F	Y	W	H	M	C	P
0	0.07516	0.25664	0.34879	0.02466	0.03728	0.03059	0.02959	0.03266	0.02170	0.03150	0.01715	0.02004	0.01331	0.00968	0.00863	0.00296	0.01354	0.00689	0.00464	0.01459
1	0.02485	0.35434	0.30594	0.02391	0.03614	0.03348	0.02823	0.03254	0.02189	0.02904	0.01677	0.01955	0.01348	0.00953	0.00836	0.00279	0.01339	0.00670	0.00449	0.01456
2	0.02518	0.21636	0.38554	0.02587	0.03907	0.02878	0.03135	0.03432	0.02268	0.07129	0.01947	0.02183	0.01440	0.00999	0.00917	0.00303	0.01390	0.00741	0.00513	0.01522
3	0.02827	0.63478	0.05540	0.01809	0.02714	0.04184	0.01809	0.03166	0.02148	0.02488	0.01470	0.01696	0.01357	0.00905	0.00678	0.00226	0.01131	0.00565	0.00452	0.01357
4	0.01407	0.01000	0.01335	0.01561	0.01661	0.00958	0.01128	0.01650	0.02084	0.02760	0.05577	0.45770	0.06528	0.07893	0.01693	0.00490	0.00732	0.13952	0.00953	0.00869
5	0.09708	0.02707	0.03162	0.02989	0.12190	0.02924	0.02107	0.35919	0.04090	0.10110	0.02485	0.02567	0.01787	0.01191	0.01021	0.00318	0.01127	0.00926	0.00951	0.01719
6	0.07753	0.38330	0.19130	0.02472	0.07393	0.03447	0.02438	0.03217	0.02165	0.02968	0.01626	0.01915	0.01361	0.00940	0.00794	0.00270	0.01233	0.00654	0.00472	0.01421
7	0.03847	0.04647	0.03118	0.03007	0.07611	0.49067	0.02138	0.08468	0.03124	0.03022	0.01744	0.02021	0.01426	0.01093	0.00970	0.00280	0.01787	0.00727	0.00589	0.01314
8	0.03357	0.01785	0.02580	0.02773	0.14694	0.01635	0.01736	0.03691	0.02469	0.28115	0.03183	0.03718	0.02436	0.10329	0.01918	0.06060	0.00993	0.01060	0.00910	0.06558
9	0.01270	0.01072	0.01099	0.01093	0.01441	0.00901	0.00819	0.01557	0.02458	0.02971	0.14435	0.09987	0.52022	0.02635	0.01249	0.00355	0.00533	0.02205	0.00997	0.00901
10	0.01483	0.01082	0.01477	0.01444	0.01661	0.01076	0.01086	0.01923	0.02556	0.03620	0.36983	0.11312	0.07704	0.03851	0.17130	0.00718	0.01153	0.01786	0.00984	0.00971
11	0.02557	0.02522	0.04518	0.09777	0.45106	0.02526	0.10846	0.03231	0.02402	0.03393	0.02005	0.02667	0.01646	0.00942	0.01079	0.00323	0.01348	0.00989	0.00522	0.01603
12	0.01608	0.01119	0.01260	0.01259	0.01313	0.01144	0.00751	0.01867	0.05901	0.02294	0.03599	0.10843	0.04031	0.53317	0.04724	0.00925	0.00979	0.01620	0.00702	0.00742
13	0.01929	0.00994	0.01023	0.01016	0.01263	0.00987	0.00762	0.02422	0.02286	0.03968	0.08074	0.04292	0.03353	0.01314	0.00784	0.00254	0.00493	0.01068	0.62732	0.00987
14	0.09338	0.02308	0.03052	0.16709	0.12218	0.02496	0.02251	0.18713	0.03201	0.15593	0.02543	0.02767	0.01800	0.01151	0.01021	0.00328	0.01151	0.00937	0.00851	0.01572
15	0.02946	0.02792	0.03413	0.24198	0.17439	0.11447	0.02644	0.15287	0.03021	0.03832	0.02028	0.02559	0.01561	0.01086	0.01038	0.00322	0.01391	0.00903	0.00638	0.01455
16	0.01435	0.01006	0.01224	0.01339	0.01413	0.00968	0.00878	0.01569	0.01872	0.02461	0.05066	0.28708	0.09327	0.30046	0.03168	0.00697	0.00825	0.06398	0.00827	0.00773
17	0.01423	0.01135	0.01264	0.01323	0.01591	0.01053	0.00969	0.01874	0.06200	0.02896	0.08073	0.21654	0.32236	0.07732	0.01618	0.00440	0.00652	0.05978	0.00960	0.00930
18	0.02702	0.07759	0.08464	0.03516	0.17976	0.02539	0.06799	0.10993	0.06986	0.03934	0.02201	0.02528	0.01734	0.00995	0.00975	0.00281	0.01164	0.00875	0.00663	0.16913
19	0.01710	0.01226	0.01517	0.01393	0.01653	0.01189	0.01025	0.06084	0.02930	0.04099	0.43213	0.07307	0.08355	0.11495	0.01872	0.00439	0.00635	0.01775	0.01074	0.01008
20	0.03399	0.02653	0.02824	0.02307	0.03042	0.02989	0.01860	0.31684	0.27019	0.05663	0.03327	0.03167	0.02437	0.01343	0.01066	0.00336	0.01018	0.01061	0.01066	0.01742
21	0.02692	0.49413	0.14290	0.02335	0.06698	0.03775	0.02265	0.03202	0.02180	0.02701	0.01578	0.01851	0.01376	0.00924	0.00759	0.00251	0.01213	0.00628	0.00456	0.01414
22	0.02912	0.17411	0.08731	0.02745	0.07223	0.03110	0.06125	0.17738	0.06446	0.04062	0.02208	0.02549	0.01761	0.01705	0.05883	0.00427	0.05870	0.00896	0.00693	0.01506
23	0.01510	0.01133	0.01699	0.01699	0.01888	0.01322	0.01322	0.01888	0.01699	0.02454	0.02832	0.04154	0.02643	0.07930	0.58652	0.01699	0.02832	0.01133	0.00566	0.00944
24	0.02827	0.63478	0.05540	0.01809	0.02714	0.04184	0.01809	0.03166	0.02148	0.02488	0.01470	0.01696	0.01357	0.00905	0.00678	0.00226	0.01131	0.00565	0.00452	0.01357
25	0.70310	0.02045	0.01554	0.01390	0.02045	0.02372	0.01145	0.03108	0.01799	0.04744	0.01472	0.01718	0.01145	0.00981	0.00654	0.00327	0.00818	0.00573	0.00654	0.01145
26	0.02861	0.42091	0.12749	0.02142	0.03073	0.11318	0.02147	0.03523	0.06194	0.02776	0.01770	0.01975	0.01495	0.00985	0.00795	0.00259	0.01281	0.00661	0.00511	0.01393
27	0.03428	0.04051	0.03503	0.04196	0.23984	0.36667	0.02513	0.03840	0.02766	0.02927	0.01773	0.02184	0.01484	0.01032	0.00990	0.00289	0.01652	0.00783	0.00536	0.01401
28	0.01538	0.01025	0.01153	0.01153	0.01153	0.01025	0.00641	0.01538	0.01538	0.02050	0.03331	0.06919	0.03844	0.62842	0.05382	0.01025	0.01025	0.01538	0.00641	0.00641
29	0.01564	0.01016	0.01173	0.01173	0.01173	0.01016	0.00665	0.01523	0.01523	0.02031	0.03198	0.06589	0.03665	0.57564	0.05270	0.07110	0.01016	0.01482	0.00624	0.00624
30	0.02630	0.02271	0.02391	0.02152	0.02749	0.02630	0.01674	0.05618	0.54336	0.04423	0.04303	0.03945	0.03228	0.01434	0.01076	0.00359	0.00837	0.01195	0.01076	0.01674
31	0.02035	0.01633	0.01895	0.01794	0.02198	0.01761	0.01410	0.03643	0.25816	0.04152	0.24870	0.06768	0.06352	0.01957	0.01204	0.00368	0.00724	0.09028	0.01095	0.01295

[dist]
# distance from previous block
# <min> <max>
1	8

[block]
# block no. 2 follows, 13 sequences, length 117
# corresponding to MSA columns:
# 491-605,612,613
name=unknown_C
#
# <colnr> <probs for GDERKNQSTAVLIFYWHMCP>
#	G	D	E	R	K	N	Q	S	T	A	V	L	I	F	Y	W	H	M	C	P
0	0.10085	0.22184	0.03586	0.02256	0.02940	0.32473	0.01849	0.03864	0.02626	0.06800	0.01757	0.01950	0.01433	0.01039	0.00849	0.00268	0.01492	0.00664	0.00584	0.01300
1	0.58794	0.01933	0.01607	0.01421	0.02048	0.02178	0.01161	0.03152	0.02006	0.08569	0.06915	0.02455	0.02108	0.01120	0.00742	0.00328	0.00793	0.00738	0.00752	0.01179
2	0.02725	0.01810	0.02025	0.01749	0.02240	0.05071	0.01366	0.07278	0.11204	0.15841	0.29026	0.05564	0.06161	0.01728	0.01148	0.00331	0.00776	0.01466	0.01136	0.01354
3	0.02206	0.02093	0.03549	0.42150	0.23798	0.02404	0.03040	0.02885	0.02213	0.02955	0.01916	0.02751	0.01499	0.01018	0.01054	0.00339	0.01358	0.00940	0.00488	0.01343
4	0.01806	0.01190	0.01578	0.01598	0.01898	0.01119	0.01308	0.02272	0.02715	0.07721	0.27274	0.09410	0.12136	0.02451	0.01319	0.00397	0.00725	0.20963	0.01081	0.01040
5	0.04744	0.01799	0.02454	0.01881	0.02699	0.01554	0.01554	0.05153	0.03026	0.56979	0.04171	0.03599	0.02617	0.01309	0.01063	0.00327	0.00900	0.01063	0.01309	0.01799
6	0.02630	0.02271	0.02391	0.02152	0.02749	0.02630	0.01674	0.05618	0.54336	0.04423	0.04303	0.03945	0.03228	0.01434	0.01076	0.00359	0.00837	0.01195	0.01076	0.01674
7	0.02192	0.01879	0.02192	0.01566	0.02506	0.01409	0.01253	0.02662	0.02192	0.03445	0.01879	0.02192	0.01566	0.00783	0.00783	0.00157	0.00783	0.00626	0.00626	0.69305
8	0.01288	0.00920	0.01227	0.01472	0.01534	0.00859	0.00981	0.01472	0.02024	0.02699	0.05828	0.62152	0.06993	0.03312	0.01350	0.00429	0.00613	0.03006	0.00981	0.00859
9	0.01288	0.00920	0.01227	0.01472	0.01534	0.00859	0.00981	0.01472	0.02024	0.02699	0.05828	0.62152	0.06993	0.03312	0.01350	0.00429	0.00613	0.03006	0.00981	0.00859
10	0.01288	0.00920	0.01227	0.01472	0.01534	0.00859	0.00981	0.01472	0.02024	0.02699	0.05828	0.62152	0.06993	0.03312	0.01350	0.00429	0.00613	0.03006	0.00981	0.00859
11	0.02316	0.01616	0.01865	0.01679	0.02123	0.01699	0.01297	0.03792	0.23268	0.09585	0.25254	0.05529	0.05882	0.01701	0.01113	0.00334	0.00672	0.01456	0.07475	0.01345
12	0.01308	0.00936	0.01245	0.01458	0.01538	0.00872	0.00983	0.01523	0.02118	0.02848	0.10649	0.56906	0.07281	0.03201	0.01340	0.00420	0.00602	0.02900	0.00999	0.00872
13	0.03910	0.01577	0.02112	0.01729	0.02368	0.01385	0.01383	0.04290	0.02784	0.43000	0.04378	0.13348	0.03352	0.01634	0.01080	0.00337	0.00814	0.01378	0.07572	0.01567
14	0.01496	0.01081	0.01413	0.01330	0.01580	0.00998	0.00998	0.01995	0.02993	0.04240	0.55689	0.07898	0.09976	0.02162	0.01247	0.00333	0.00499	0.01912	0.01164	0.00998
15	0.01412	0.01077	0.01297	0.01242	0.01528	0.00962	0.00931	0.01832	0.02794	0.03768	0.40338	0.08675	0.25622	0.02338	0.01248	0.00341	0.00511	0.02021	0.01102	0.00962
16	0.02121	0.05469	0.57364	0.03014	0.04576	0.02455	0.03906	0.03348	0.02232	0.03348	0.01897	0.02232	0.01339	0.01005	0.01005	0.00335	0.01563	0.00781	0.00446	0.01563
17	0.01277	0.00965	0.01180	0.01353	0.01502	0.00869	0.00928	0.01486	0.02139	0.02746	0.07282	0.46676	0.21531	0.03123	0.01320	0.00408	0.00590	0.02775	0.00982	0.00869
18	0.09104	0.02891	0.03049	0.02353	0.03184	0.03209	0.01943	0.48915	0.04728	0.06516	0.02457	0.02476	0.01748	0.01247	0.01027	0.00318	0.01137	0.00923	0.01027	0.01748
19	0.02827	0.63478	0.05540	0.01809	0.02714	0.04184	0.01809	0.03166	0.02148	0.02488	0.01470	0.01696	0.01357	0.00905	0.00678	0.00226	0.01131	0.00565	0.00452	0.01357
20	0.01496	0.01081	0.01413	0.01330	0.01580	0.00998	0.00998	0.01995	0.02993	0.04240	0.55689	0.07898	0.09976	0.02162	0.01247	0.00333	0.00499	0.01912	0.01164	0.00998
21	0.01823	0.01153	0.01518	0.01386	0.01692	0.01054	0.01054	0.02313	0.02996	0.09540	0.50511	0.07466	0.09237	0.02076	0.01229	0.00332	0.00539	0.01827	0.01178	0.01078
22	0.01538	0.01025	0.01153	0.01153	0.01153	0.01025	0.00641	0.01538	0.01538	0.02050	0.03331	0.06919	0.03844	0.62842	0.05382	0.01025	0.01025	0.01538	0.00641	0.00641
23	0.04744	0.01799	0.02454	0.01881	0.02699	0.01554	0.01554	0.05153	0.03026	0.56979	0.04171	0.03599	0.02617	0.01309	0.01063	0.00327	0.00900	0.01063	0.01309	0.01799
24	0.01496	0.01081	0.01413	0.01330	0.01580	0.00998	0.00998	0.01995	0.02993	0.04240	0.55689	0.07898	0.09976	0.02162	0.01247	0.00333	0.00499	0.01912	0.01164	0.00998
25	0.02827	0.63478	0.05540	0.01809	0.02714	0.04184	0.01809	0.03166	0.02148	0.02488	0.01470	0.01696	0.01357	0.00905	0.00678	0.00226	0.01131	0.00565	0.00452	0.01357
26	0.04019	0.02962	0.03173	0.02433	0.03279	0.03279	0.02010	0.52721	0.04971	0.06663	0.02538	0.02538	0.01798	0.01269	0.01058	0.00317	0.01163	0.00952	0.01058	0.01798
27	0.01250	0.01071	0.01071	0.01071	0.01428	0.00893	0.00803	0.01517	0.02410	0.02856	0.10711	0.10175	0.55817	0.02678	0.01250	0.00357	0.00536	0.02231	0.00982	0.00893
28	0.02192	0.01879	0.02192	0.01566	0.02506	0.01409	0.01253	0.02662	0.02192	0.03445	0.01879	0.02192	0.01566	0.00783	0.00783	0.00157	0.00783	0.00626	0.00626	0.69305
29	0.04744	0.01799	0.02454	0.01881	0.02699	0.01554	0.01554	0.05153	0.03026	0.56979	0.04171	0.03599	0.02617	0.01309	0.01063	0.00327	0.00900	0.01063	0.01309	0.01799
30	0.01496	0.01081	0.01413	0.01330	0.01580	0.00998	0.00998	0.01995	0.02993	0.04240	0.55689	0.07898	0.09976	0.02162	0.01247	0.00333	0.00499	0.01912	0.01164	0.00998
31	0.01518	0.01017	0.01159	0.01179	0.01183	0.01012	0.00668	0.01532	0.01576	0.02102	0.03530	0.11312	0.04094	0.58107	0.05061	0.00978	0.00992	0.01654	0.00668	0.00658
32	0.70310	0.02045	0.01554	0.01390	0.02045	0.02372	0.01145	0.03108	0.01799	0.04744	0.01472	0.01718	0.01145	0.00981	0.00654	0.00327	0.00818	0.00573	0.00654	0.01145
33	0.01438	0.01078	0.01333	0.01269	0.01544	0.00973	0.00952	0.01883	0.02856	0.03914	0.45094	0.08434	0.20774	0.02283	0.01248	0.00338	0.00507	0.01987	0.01121	0.00973
34	0.02630	0.02271	0.02391	0.02152	0.02749	0.02630	0.01674	0.05618	0.54336	0.04423	0.04303	0.03945	0.03228	0.01434	0.01076	0.00359	0.00837	0.01195	0.01076	0.01674
35	0.01854	0.01957	0.07605	0.08054	0.15767	0.01779	0.02110	0.02294	0.02104	0.02929	0.03737	0.30893	0.04122	0.02177	0.01431	0.00389	0.06987	0.01907	0.00723	0.01181
36	0.02827	0.63478	0.05540	0.01809	0.02714	0.04184	0.01809	0.03166	0.02148	0.02488	0.01470	0.01696	0.01357	0.00905	0.00678	0.00226	0.01131	0.00565	0.00452	0.01357
37	0.02192	0.01879	0.02192	0.01566	0.02506	0.01409	0.01253	0.02662	0.02192	0.03445	0.01879	0.02192	0.01566	0.00783	0.00783	0.00157	0.00783	0.00626	0.00626	0.69305
38	0.01538	0.01025	0.01153	0.01153	0.01153	0.01025	0.00641	0.01538	0.01538	0.02050	0.03331	0.06919	0.03844	0.62842	0.05382	0.01025	0.01025	0.01538	0.00641	0.00641
39	0.01250	0.01071	0.01071	0.01071	0.01428	0.00893	0.00803	0.01517	0.02410	0.02856	0.10711	0.10175	0.55817	0.02678	0.01250	0.00357	0.00536	0.02231	0.00982	0.00893
40	0.01496	0.01081	0.01413	0.01330	0.01580	0.00998	0.00998	0.01995	0.02993	0.04240	0.55689	0.07898	0.09976	0.02162	0.01247	0.00333	0.00499	0.01912	0.01164	0.00998
41	0.01543	0.01111	0.01667	0.01667	0.01837	0.01281	0.01281	0.01837	0.01667	0.02392	0.02732	0.04059	0.02562	0.07502	0.53173	0.08487	0.02640	0.01111	0.00556	0.00895
42	0.02867	0.02389	0.02524	0.02200	0.02840	0.02740	0.01731	0.13646	0.45923	0.04805	0.04003	0.03705	0.02984	0.01406	0.01073	0.00352	0.00892	0.01154	0.01073	0.01695
43	0.04019	0.02962	0.03173	0.02433	0.03279	0.03279	0.02010	0.52721	0.04971	0.06663	0.02538	0.02538	0.01798	0.01269	0.01058	0.00317	0.01163	0.00952	0.01058	0.01798
44	0.03950	0.05039	0.02996	0.02724	0.03269	0.58597	0.02043	0.04222	0.02996	0.02588	0.01634	0.01907	0.01362	0.01090	0.00953	0.00272	0.01907	0.00681	0.00545	0.01226
45	0.01371	0.01030	0.01279	0.01378	0.01583	0.00938	0.01010	0.01685	0.02406	0.03166	0.19343	0.29908	0.20676	0.02821	0.01309	0.00392	0.00601	0.07166	0.01026	0.00913
46	0.01886	0.01094	0.01303	0.01246	0.01328	0.01069	0.00756	0.01887	0.01673	0.07552	0.03287	0.06265	0.03547	0.51545	0.04840	0.06850	0.01003	0.01436	0.00692	0.00741
47	0.04744	0.01799	0.02454	0.01881	0.02699	0.01554	0.01554	0.05153	0.03026	0.56979	0.04171	0.03599	0.02617	0.01309	0.01063	0.00327	0.00900	0.01063	0.01309	0.01799
48	0.01250	0.01071	0.01071	0.01071	0.01428	0.00893	0.00803	0.01517	0.02410	0.02856	0.10711	0.10175	0.55817	0.02678	0.01250	0.00357	0.00536	0.02231	0.00982	0.00893
49	0.01424	0.00976	0.01284	0.01505	0.01615	0.00931	0.01079	0.01689	0.02112	0.02897	0.05559	0.48091	0.06426	0.03046	0.01309	0.00421	0.00662	0.10555	0.07529	0.00890
50	0.16643	0.02787	0.02865	0.02234	0.03044	0.03106	0.01845	0.43274	0.04367	0.06298	0.02335	0.02382	0.01674	0.01214	0.00981	0.00319	0.01098	0.00880	0.00981	0.01674
51	0.01288	0.00920	0.01227	0.01472	0.01534	0.00859	0.00981	0.01472	0.02024	0.02699	0.05828	0.62152	0.06993	0.03312	0.01350	0.00429	0.00613	0.03006	0.00981	0.00859
52	0.01997	0.01879	0.03171	0.60301	0.07282	0.02349	0.02936	0.02701	0.02114	0.02701	0.01879	0.02819	0.01409	0.01057	0.01057	0.00352	0.01409	0.00940	0.00470	0.01175
53	0.15103	0.02302	0.03051	0.02324	0.03159	0.02311	0.09076	0.17140	0.03259	0.27126	0.02993	0.02896	0.02007	0.01183	0.01021	0.00329	0.01086	0.00979	0.01020	0.01636
54	0.01288	0.00920	0.01227	0.01472	0.01534	0.00859	0.00981	0.01472	0.02024	0.02699	0.05828	0.62152	0.06993	0.03312	0.01350	0.00429	0.00613	0.03006	0.00981	0.00859
55	0.01516	0.01112	0.01595	0.01595	0.01748	0.01265	0.01192	0.01821	0.01668	0.02377	0.02927	0.04680	0.02872	0.18386	0.48508	0.01571	0.02488	0.01210	0.00581	0.00886
56	0.15707	0.02314	0.02434	0.02034	0.02738	0.02556	0.01636	0.16260	0.24385	0.13837	0.03344	0.03145	0.02404	0.01291	0.00992	0.00338	0.00921	0.01001	0.01033	0.01627
57	0.01501	0.01010	0.01164	0.01200	0.01209	0.01001	0.00691	0.01528	0.01609	0.02145	0.03698	0.15032	0.04306	0.54098	0.04789	0.00938	0.00965	0.01753	0.00691	0.00673
58	0.01460	0.01079	0.01363	0.01292	0.01557	0.00982	0.00969	0.01925	0.02907	0.04037	0.49082	0.08232	0.16710	0.02237	0.01247	0.00336	0.00504	0.01959	0.01137	0.00982
59	0.04338	0.02451	0.02857	0.02190	0.03024	0.02521	0.01809	0.31810	0.04116	0.28782	0.03256	0.03005	0.02158	0.01287	0.01060	0.00322	0.01048	0.01001	0.01168	0.01799
60	0.02833	0.02243	0.02537	0.02444	0.06677	0.02517	0.01777	0.05399	0.45558	0.09433	0.04120	0.03814	0.03054	0.01386	0.01072	0.00352	0.00874	0.01164	0.01058	0.01686
61	0.03046	0.01421	0.01885	0.01617	0.02091	0.01284	0.01265	0.03418	0.02715	0.28508	0.18145	0.06097	0.05143	0.11903	0.01867	0.00459	0.00819	0.05878	0.01127	0.01312
62	0.01592	0.01141	0.01558	0.01691	0.01918	0.01107	0.01393	0.02053	0.02581	0.03480	0.22517	0.15615	0.07489	0.02704	0.01377	0.00429	0.00777	0.28568	0.01039	0.00970
63	0.29550	0.02252	0.02631	0.02364	0.06978	0.02425	0.05979	0.13219	0.06636	0.09736	0.06403	0.02865	0.02325	0.01182	0.00931	0.00329	0.00989	0.00930	0.00845	0.01429
64	0.02203	0.04946	0.47612	0.03488	0.09851	0.02480	0.08031	0.03341	0.02273	0.03362	0.01927	0.02324	0.01396	0.00988	0.01030	0.00335	0.01551	0.00838	0.00462	0.01562
65	0.01355	0.00968	0.01303	0.01548	0.01639	0.00916	0.01097	0.01588	0.02090	0.02774	0.05791	0.54086	0.06847	0.03250	0.01367	0.00439	0.00671	0.10413	0.00980	0.00877
66	0.02111	0.02656	0.13655	0.41488	0.13959	0.02393	0.03166	0.02904	0.02180	0.02935	0.01899	0.02678	0.01435	0.01030	0.01046	0.00343	0.01416	0.00910	0.00473	0.01322
67	0.01526	0.01071	0.01385	0.01385	0.01465	0.01151	0.00929	0.01686	0.01606	0.02221	0.03120	0.05747	0.03335	0.39575	0.27953	0.01311	0.01791	0.01366	0.00609	0.00769
68	0.01288	0.00920	0.01227	0.01472	0.01534	0.00859	0.00981	0.01472	0.02024	0.02699	0.05828	0.62152	0.06993	0.03312	0.01350	0.00429	0.00613	0.03006	0.00981	0.00859
69	0.02679	0.43282	0.10719	0.02563	0.03570	0.03653	0.14186	0.03237	0.02240	0.02787	0.01672	0.02026	0.01415	0.00911	0.00847	0.00268	0.01329	0.00750	0.00472	0.01393
70	0.02621	0.02431	0.03650	0.05027	0.38202	0.02552	0.02715	0.04045	0.19923	0.03781	0.02770	0.03065	0.02199	0.01108	0.01057	0.00329	0.01115	0.01028	0.00710	0.01674
71	0.04601	0.02029	0.02596	0.01990	0.02813	0.01894	0.01644	0.14533	0.03410	0.47057	0.03849	0.03390	0.02456	0.01301	0.01062	0.00325	0.00952	0.01041	0.01259	0.01799
72	0.01496	0.01081	0.01413	0.01330	0.01580	0.00998	0.00998	0.01995	0.02993	0.04240	0.55689	0.07898	0.09976	0.02162	0.01247	0.00333	0.00499	0.01912	0.01164	0.00998
73	0.04744	0.01799	0.02454	0.01881	0.02699	0.01554	0.01554	0.05153	0.03026	0.56979	0.04171	0.03599	0.02617	0.01309	0.01063	0.00327	0.00900	0.01063	0.01309	0.01799
74	0.02022	0.01164	0.01504	0.01451	0.01760	0.01043	0.01074	0.02363	0.02585	0.13762	0.22318	0.26100	0.13790	0.02464	0.01247	0.00368	0.00621	0.02168	0.01104	0.01091
75	0.01823	0.01153	0.01518	0.01386	0.01692	0.01054	0.01054	0.02313	0.02996	0.09540	0.50511	0.07466	0.09237	0.02076	0.01229	0.00332	0.00539	0.01827	0.01178	0.01078
76	0.01288	0.00920	0.01227	0.01472	0.01534	0.00859	0.00981	0.01472	0.02024	0.02699	0.05828	0.62152	0.06993	0.03312	0.01350	0.00429	0.00613	0.03006	0.00981	0.00859
77	0.58858	0.02002	0.01711	0.01476	0.02159	0.02229	0.01216	0.03465	0.02014	0.13868	0.01944	0.02046	0.01402	0.01039	0.00726	0.00327	0.00832	0.00658	0.00769	0.01259
78	0.01568	0.01014	0.01176	0.01176	0.01176	0.01014	0.00669	0.01521	0.01521	0.02029	0.03181	0.06547	0.03642	0.56895	0.05256	0.07880	0.01014	0.01475	0.00622	0.00622
79	0.01314	0.01074	0.01160	0.01138	0.01467	0.00920	0.00854	0.01641	0.02561	0.03216	0.22391	0.09584	0.43913	0.02544	0.01249	0.00351	0.00526	0.02149	0.01029	0.00920
80	0.70310	0.02045	0.01554	0.01390	0.02045	0.02372	0.01145	0.03108	0.01799	0.04744	0.01472	0.01718	0.01145	0.00981	0.00654	0.00327	0.00818	0.00573	0.00654	0.01145
81	0.19001	0.01914	0.01964	0.01662	0.02236	0.02046	0.01333	0.15880	0.06120	0.08711	0.12629	0.04331	0.08718	0.01506	0.00985	0.00323	0.00801	0.01182	0.07332	0.01328
82	0.02617	0.02512	0.04292	0.06490	0.56246	0.02512	0.03245	0.03245	0.02407	0.03454	0.01989	0.02617	0.01675	0.00942	0.01047	0.00314	0.01256	0.00942	0.00523	0.01675
83	0.01628	0.01193	0.01599	0.01802	0.02064	0.01163	0.01554	0.02079	0.02430	0.03113	0.06447	0.11636	0.14338	0.02880	0.01425	0.00465	0.00901	0.41347	0.00975	0.00960
84	0.01369	0.01039	0.01261	0.01283	0.01521	0.00931	0.00933	0.01719	0.02575	0.03433	0.29499	0.21777	0.23614	0.02603	0.01273	0.00364	0.00538	0.02278	0.01063	0.00931
85	0.02502	0.01255	0.01685	0.01576	0.01937	0.01126	0.01178	0.02838	0.02595	0.21352	0.17267	0.29376	0.06237	0.02361	0.01228	0.00372	0.00682	0.02088	0.01136	0.01209
86	0.20260	0.20666	0.20724	0.02328	0.03384	0.02991	0.06333	0.06255	0.02284	0.03674	0.01724	0.02014	0.01343	0.00977	0.00843	0.00303	0.01239	0.00713	0.00547	0.01399
87	0.01531	0.01051	0.01286	0.01286	0.01332	0.01097	0.00807	0.01623	0.01577	0.02149	0.03210	0.06246	0.03551	0.49467	0.18357	0.01189	0.01465	0.01439	0.00623	0.00715
88	0.15317	0.01813	0.02208	0.01771	0.02496	0.01722	0.01446	0.04571	0.06582	0.39795	0.08180	0.03680	0.03051	0.01337	0.01011	0.00330	0.00847	0.01064	0.01169	0.01611
89	0.48576	0.21831	0.02838	0.01525	0.02260	0.02955	0.01359	0.03127	0.01912	0.04017	0.01471	0.01711	0.01213	0.00957	0.00662	0.00295	0.00919	0.00570	0.00589	0.01213
90	0.01452	0.01076	0.01408	0.01377	0.01613	0.01033	0.01031	0.01874	0.02606	0.03617	0.36411	0.11813	0.14138	0.03374	0.11767	0.00594	0.00940	0.01896	0.01017	0.00964
91	0.02735	0.08608	0.23524	0.02465	0.03441	0.09446	0.02564	0.07584	0.02561	0.07348	0.02541	0.02767	0.04835	0.01218	0.01223	0.00313	0.07313	0.00875	0.00628	0.08011
92	0.01415	0.01090	0.01300	0.01283	0.01576	0.00976	0.00986	0.01817	0.02698	0.03565	0.32293	0.09227	0.28508	0.02448	0.01269	0.00358	0.00560	0.06609	0.01070	0.00952
93	0.02711	0.02186	0.02471	0.01812	0.02725	0.01940	0.01467	0.16859	0.02981	0.04358	0.02066	0.02291	0.01632	0.00921	0.00861	0.00202	0.00891	0.00719	0.00749	0.50160
94	0.02630	0.02271	0.02391	0.02152	0.02749	0.02630	0.01674	0.05618	0.54336	0.04423	0.04303	0.03945	0.03228	0.01434	0.01076	0.00359	0.00837	0.01195	0.01076	0.01674
95	0.09396	0.28242	0.26903	0.02348	0.03478	0.07443	0.02649	0.03318	0.02214	0.03087	0.01664	0.01942	0.01329	0.00969	0.00835	0.00286	0.01342	0.00666	0.00477	0.01413
96	0.02651	0.01320	0.01767	0.01551	0.01981	0.01181	0.01198	0.03074	0.02871	0.23246	0.30009	0.13844	0.06881	0.02010	0.01194	0.00344	0.00661	0.01754	0.01191	0.01271
97	0.04019	0.02962	0.03173	0.02433	0.03279	0.03279	0.02010	0.52721	0.04971	0.06663	0.02538	0.02538	0.01798	0.01269	0.01058	0.00317	0.01163	0.00952	0.01058	0.01798
