[name]
unknown

[dist]
# distance from previous block
# <min> <max>
9	52

[block]
# block no. 0 follows, 12 sequences, length 52
# corresponding to MSA columns:
# 70-121
name=unknown_A
#
# <colnr> <probs for GDERKNQSTAVLIFYWHMCP>
#	G	D	E	R	K	N	Q	S	T	A	V	L	I	F	Y	W	H	M	C	P
0	0.03250	0.08203	0.15592	0.02178	0.03071	0.02130	0.02143	0.08973	0.02926	0.21942	0.07573	0.10747	0.03362	0.01567	0.01098	0.00343	0.01073	0.01294	0.00971	0.01564
1	0.01328	0.00949	0.01265	0.01518	0.01581	0.00886	0.01012	0.01518	0.02088	0.02783	0.06010	0.60969	0.07212	0.03416	0.01392	0.00443	0.00633	0.03100	0.01012	0.00886
2	0.02261	0.01938	0.02261	0.01615	0.02584	0.01453	0.01292	0.02745	0.02261	0.03553	0.01938	0.02261	0.01615	0.00807	0.00807	0.00161	0.00807	0.00646	0.00646	0.68346
3	0.02978	0.01961	0.02352	0.01764	0.02662	0.01630	0.01418	0.03732	0.08041	0.16882	0.02812	0.02827	0.02078	0.01019	0.00914	0.00229	0.00844	0.00825	0.00875	0.44155
4	0.03494	0.03152	0.02881	0.02399	0.03130	0.13803	0.01899	0.22564	0.20623	0.04980	0.02990	0.02948	0.02243	0.01289	0.01053	0.00319	0.01208	0.00983	0.00955	0.07088
5	0.02353	0.02783	0.12390	0.03135	0.09791	0.02322	0.10208	0.03932	0.19333	0.04033	0.13768	0.04262	0.03975	0.01405	0.01159	0.00354	0.01132	0.01290	0.00855	0.01519
6	0.02025	0.01745	0.02282	0.02551	0.11161	0.01842	0.01657	0.03069	0.13882	0.03868	0.21829	0.06263	0.14732	0.01917	0.01397	0.00361	0.05535	0.01613	0.00972	0.01298
7	0.02061	0.02258	0.09068	0.10876	0.09810	0.02052	0.02156	0.03014	0.10370	0.03372	0.09332	0.09761	0.08025	0.06351	0.01699	0.00425	0.05852	0.01455	0.00773	0.01289
8	0.60990	0.01985	0.01541	0.01393	0.02030	0.02258	0.01137	0.03003	0.01933	0.04652	0.02693	0.02846	0.07745	0.01228	0.00750	0.00341	0.00808	0.00801	0.00716	0.01149
9	0.02342	0.09383	0.02687	0.01646	0.02610	0.01806	0.01363	0.02810	0.02255	0.03431	0.01886	0.02198	0.01588	0.00823	0.00794	0.00170	0.00852	0.00638	0.00624	0.60095
10	0.02834	0.54892	0.05288	0.01835	0.02772	0.03962	0.01795	0.03201	0.02221	0.02687	0.01568	0.01812	0.01426	0.00917	0.00713	0.00224	0.01122	0.00591	0.00489	0.09651
11	0.09462	0.10557	0.12387	0.02714	0.08890	0.02621	0.02294	0.12857	0.03056	0.20668	0.02739	0.02734	0.01910	0.01164	0.00995	0.00322	0.01159	0.00901	0.00888	0.01682
12	0.02982	0.03901	0.12763	0.03611	0.11960	0.19555	0.07985	0.03901	0.08761	0.03265	0.02155	0.02560	0.01720	0.01205	0.01385	0.00344	0.08955	0.00925	0.00596	0.01469
13	0.69383	0.02109	0.01603	0.01434	0.02109	0.02446	0.01181	0.03205	0.01856	0.04892	0.01518	0.01771	0.01181	0.01012	0.00675	0.00337	0.00843	0.00590	0.00675	0.01181
14	0.01408	0.01109	0.01270	0.01230	0.01546	0.00971	0.00923	0.01797	0.02768	0.03616	0.31384	0.09389	0.33679	0.02511	0.01287	0.00356	0.00534	0.02146	0.01101	0.00971
15	0.02363	0.02099	0.03463	0.04985	0.37218	0.02085	0.02635	0.02884	0.02494	0.03528	0.10725	0.04489	0.03521	0.01588	0.01412	0.05919	0.01116	0.05346	0.00682	0.01447
16	0.02609	0.02234	0.02377	0.02145	0.02729	0.02564	0.01665	0.05466	0.48532	0.04545	0.08819	0.04426	0.03940	0.01545	0.01125	0.00367	0.00832	0.01298	0.01117	0.01665
17	0.02058	0.01630	0.02080	0.06985	0.06267	0.01671	0.01530	0.10571	0.03050	0.04089	0.21731	0.06596	0.17878	0.02526	0.06050	0.00468	0.00988	0.01654	0.00971	0.01206
18	0.01750	0.01472	0.01563	0.01476	0.01900	0.01467	0.01126	0.02893	0.17478	0.03651	0.16006	0.08220	0.32282	0.02298	0.01235	0.00365	0.00638	0.01933	0.01071	0.01176
19	0.02454	0.13964	0.32688	0.02654	0.03874	0.02874	0.03025	0.04083	0.16581	0.03621	0.02585	0.02711	0.01934	0.01144	0.01002	0.00334	0.01327	0.00890	0.00645	0.01609
20	0.01558	0.01168	0.01752	0.01752	0.01947	0.01363	0.01363	0.01947	0.01752	0.02531	0.02921	0.04283	0.02726	0.08178	0.57360	0.01752	0.02921	0.01168	0.00584	0.00974
21	0.02287	0.02064	0.03476	0.14715	0.14146	0.02209	0.10644	0.06958	0.02406	0.03298	0.02445	0.03550	0.02114	0.07830	0.16230	0.00773	0.01819	0.01128	0.00601	0.01307
22	0.01914	0.01700	0.02638	0.20100	0.16033	0.01793	0.02151	0.02458	0.02485	0.03329	0.14791	0.09991	0.12725	0.01772	0.01187	0.00357	0.01001	0.01578	0.00779	0.01220
23	0.03679	0.04450	0.03473	0.03922	0.18128	0.41628	0.02462	0.04065	0.02916	0.02925	0.01790	0.02176	0.01497	0.01080	0.01011	0.00293	0.01774	0.00779	0.00555	0.01397
24	0.02519	0.31465	0.33112	0.02542	0.03844	0.03344	0.03043	0.03367	0.02263	0.03049	0.01756	0.02050	0.01389	0.00989	0.00883	0.00294	0.01409	0.00704	0.00463	0.01515
25	0.03087	0.19529	0.04374	0.08738	0.27122	0.02900	0.02595	0.03617	0.02492	0.12202	0.02277	0.02618	0.01779	0.01035	0.00974	0.00303	0.01208	0.00882	0.00654	0.01613
26	0.69383	0.02109	0.01603	0.01434	0.02109	0.02446	0.01181	0.03205	0.01856	0.04892	0.01518	0.01771	0.01181	0.01012	0.00675	0.00337	0.00843	0.00590	0.00675	0.01181
27	0.02456	0.24147	0.13122	0.02081	0.02871	0.02767	0.02060	0.08736	0.02672	0.03514	0.07595	0.13069	0.03606	0.01691	0.01041	0.00331	0.01092	0.05063	0.00742	0.01344
28	0.02823	0.02055	0.03017	0.13124	0.18351	0.02147	0.02280	0.03885	0.12278	0.13648	0.11265	0.04059	0.03539	0.01362	0.01123	0.00345	0.01045	0.01205	0.00899	0.01551
29	0.01711	0.01321	0.01571	0.01521	0.01828	0.01312	0.01147	0.02578	0.11395	0.03865	0.29372	0.11383	0.14828	0.06130	0.01552	0.00415	0.00658	0.05219	0.01096	0.01098
30	0.02463	0.02350	0.04000	0.25994	0.37420	0.02529	0.03229	0.03140	0.02371	0.03276	0.02009	0.02775	0.01626	0.01015	0.01083	0.00338	0.01354	0.00971	0.00519	0.01537
31	0.02754	0.02402	0.03299	0.04090	0.25204	0.02557	0.02391	0.09930	0.19811	0.04395	0.08661	0.03747	0.03221	0.01322	0.01114	0.00342	0.01053	0.01170	0.00872	0.01666
32	0.01943	0.01566	0.01786	0.01651	0.02054	0.01636	0.01261	0.03374	0.21382	0.04266	0.30586	0.06931	0.13164	0.02018	0.01221	0.00356	0.00648	0.01740	0.01144	0.01272
33	0.02798	0.02502	0.03417	0.04291	0.26765	0.02699	0.02492	0.07590	0.26688	0.04251	0.03225	0.03346	0.02499	0.01235	0.01094	0.00346	0.01083	0.01097	0.00847	0.01735
34	0.02506	0.02394	0.04077	0.22490	0.40590	0.02540	0.03250	0.03177	0.02391	0.03328	0.02017	0.02761	0.01645	0.01007	0.01083	0.00336	0.01343	0.00971	0.00523	0.01571
35	0.01989	0.01562	0.01855	0.01732	0.02105	0.01669	0.01325	0.06038	0.16298	0.04042	0.22100	0.10470	0.09135	0.03126	0.10914	0.00602	0.01078	0.01685	0.01035	0.01240
36	0.02478	0.02365	0.04027	0.24760	0.38536	0.02533	0.03237	0.03153	0.02378	0.03294	0.02012	0.02771	0.01633	0.01012	0.01083	0.00337	0.01350	0.00971	0.00521	0.01549
37	0.01634	0.01895	0.10849	0.01650	0.02150	0.01280	0.01530	0.02258	0.02902	0.04098	0.41758	0.07327	0.12333	0.02066	0.01243	0.00345	0.00707	0.01797	0.01057	0.01121
38	0.02346	0.02128	0.02502	0.02177	0.02427	0.06510	0.01745	0.07853	0.02770	0.03848	0.24373	0.04861	0.05293	0.01920	0.02117	0.00388	0.23304	0.01376	0.00863	0.01200
39	0.02654	0.03032	0.12668	0.10053	0.18628	0.02672	0.05821	0.07911	0.17313	0.04013	0.02773	0.03060	0.02109	0.01168	0.01096	0.00348	0.01268	0.01039	0.00731	0.01644
40	0.01558	0.01503	0.06101	0.01479	0.01870	0.01141	0.01255	0.02099	0.02923	0.04065	0.42883	0.08017	0.16576	0.02211	0.01265	0.00347	0.00615	0.01924	0.01107	0.01062
41	0.02499	0.04102	0.31446	0.02659	0.03812	0.02545	0.02951	0.09791	0.15136	0.04229	0.07387	0.03303	0.02724	0.01286	0.01083	0.00349	0.01278	0.01038	0.00764	0.01617
42	0.02628	0.02519	0.04299	0.12444	0.49677	0.02572	0.03311	0.03285	0.02450	0.03477	0.02039	0.02721	0.01697	0.00985	0.01081	0.00328	0.01313	0.00971	0.00534	0.01670
43	0.02700	0.02560	0.04184	0.06141	0.48464	0.02606	0.03147	0.03648	0.08698	0.03685	0.02345	0.02867	0.01924	0.01034	0.01083	0.00330	0.01242	0.01004	0.00610	0.01727
44	0.01515	0.01113	0.01419	0.01342	0.01612	0.01017	0.01007	0.02003	0.03020	0.04216	0.49553	0.08403	0.15136	0.02288	0.01286	0.00346	0.00519	0.02008	0.01180	0.01017
45	0.02088	0.01707	0.02080	0.01967	0.02355	0.01982	0.01530	0.03713	0.25239	0.03463	0.03617	0.04185	0.03002	0.05102	0.31534	0.01118	0.01976	0.01198	0.00825	0.01319
46	0.02529	0.02757	0.09533	0.04985	0.35840	0.02290	0.02890	0.03203	0.02406	0.03548	0.02011	0.02542	0.01660	0.00936	0.01004	0.00284	0.01204	0.00869	0.00559	0.18951
47	0.13899	0.02427	0.12670	0.01879	0.02584	0.01831	0.01797	0.07137	0.02899	0.08912	0.25855	0.05006	0.05537	0.01623	0.01097	0.00341	0.00887	0.01337	0.00965	0.01316
48	0.02952	0.01757	0.02209	0.02065	0.02591	0.01786	0.01729	0.06928	0.13311	0.17882	0.04899	0.07659	0.04418	0.02137	0.01287	0.00419	0.00967	0.22441	0.01125	0.01438
49	0.02368	0.02557	0.16758	0.02241	0.02968	0.01620	0.05538	0.02976	0.02471	0.13512	0.08545	0.25020	0.04616	0.02082	0.01221	0.00382	0.01032	0.01855	0.00912	0.01327
50	0.02629	0.05022	0.47297	0.02917	0.04403	0.02380	0.03632	0.03757	0.02436	0.11972	0.02340	0.02532	0.01596	0.01087	0.01046	0.00344	0.01500	0.00853	0.00606	0.01651
51	0.02059	0.01938	0.03270	0.59060	0.07510	0.02422	0.03028	0.02786	0.02180	0.02786	0.01938	0.02907	0.01453	0.01090	0.01090	0.00363	0.01453	0.00969	0.00484	0.01211

[dist]
# distance from previous block
# <min> <max>
0	1

[block]
# block no. 1 follows, 12 sequences, length 16
# corresponding to MSA columns:
# 123-138
name=unknown_B
#
# <colnr> <probs for GDERKNQSTAVLIFYWHMCP>
#	G	D	E	R	K	N	Q	S	T	A	V	L	I	F	Y	W	H	M	C	P
0	0.02832	0.02676	0.09089	0.23040	0.21789	0.02533	0.02973	0.09587	0.02768	0.08832	0.02298	0.02817	0.01710	0.01099	0.01082	0.00341	0.01333	0.00967	0.00664	0.01569
1	0.16448	0.03032	0.03333	0.10720	0.14093	0.15609	0.07133	0.03816	0.08988	0.03640	0.02165	0.02565	0.01704	0.01092	0.01001	0.00332	0.01383	0.00895	0.00640	0.01413
2	0.01764	0.00962	0.01371	0.01404	0.01446	0.00937	0.00944	0.01447	0.01607	0.02108	0.03283	0.11479	0.07489	0.03644	0.03611	0.53121	0.00869	0.01353	0.00594	0.00569
3	0.02955	0.02692	0.10199	0.03393	0.15172	0.02144	0.07199	0.03880	0.07811	0.14030	0.02726	0.02912	0.02010	0.01064	0.01036	0.00300	0.01156	0.00956	0.00777	0.17588
4	0.02353	0.02238	0.03801	0.35000	0.29274	0.02500	0.03174	0.03043	0.02319	0.03143	0.01990	0.02811	0.01579	0.01036	0.01085	0.00345	0.01381	0.00970	0.00510	0.01448
5	0.01586	0.01057	0.01189	0.01189	0.01189	0.01057	0.00661	0.01586	0.01586	0.02114	0.03436	0.07135	0.03964	0.61681	0.05550	0.01057	0.01057	0.01586	0.00661	0.00661
6	0.69383	0.02109	0.01603	0.01434	0.02109	0.02446	0.01181	0.03205	0.01856	0.04892	0.01518	0.01771	0.01181	0.01012	0.00675	0.00337	0.00843	0.00590	0.00675	0.01181
7	0.07318	0.28861	0.16031	0.02544	0.08209	0.03032	0.02317	0.03023	0.02215	0.03074	0.02413	0.11761	0.02373	0.01376	0.00927	0.00310	0.01169	0.01089	0.00578	0.01380
8	0.04892	0.01856	0.02530	0.01940	0.02783	0.01603	0.01603	0.05314	0.03121	0.55634	0.04302	0.03711	0.02699	0.01350	0.01096	0.00337	0.00928	0.01096	0.01350	0.01856
9	0.03825	0.02221	0.03442	0.03373	0.14758	0.02114	0.08296	0.04706	0.09381	0.30756	0.03551	0.03434	0.02431	0.01227	0.01119	0.00342	0.01117	0.01111	0.01036	0.01761
10	0.07314	0.02187	0.03038	0.21720	0.14825	0.02473	0.02413	0.08471	0.12588	0.03874	0.02878	0.08402	0.02441	0.01378	0.01090	0.00358	0.01157	0.01195	0.00746	0.01453
11	0.01980	0.04170	0.38189	0.02662	0.03808	0.02148	0.03152	0.02958	0.02121	0.03150	0.02274	0.02953	0.01823	0.03384	0.19551	0.00808	0.02042	0.00925	0.00501	0.01402
12	0.02557	0.02420	0.03789	0.15519	0.21263	0.02619	0.08917	0.04081	0.19508	0.03734	0.02856	0.03236	0.02204	0.01161	0.01119	0.00353	0.01252	0.01100	0.00723	0.01589
13	0.03097	0.01857	0.02285	0.01742	0.02573	0.01551	0.01400	0.03750	0.06274	0.21033	0.08156	0.03464	0.02969	0.01179	0.00973	0.00253	0.00822	0.00971	0.00969	0.34682
14	0.33611	0.02464	0.03504	0.02666	0.03523	0.02566	0.18158	0.08528	0.02565	0.09609	0.02139	0.02446	0.01561	0.01045	0.00967	0.00347	0.01226	0.00917	0.00743	0.01416
15	0.02915	0.62337	0.05714	0.01866	0.02799	0.04314	0.01866	0.03265	0.02215	0.02565	0.01516	0.01749	0.01399	0.00933	0.00700	0.00233	0.01166	0.00583	0.00466	0.01399

[dist]
# distance from previous block
# <min> <max>
0	1

[block]
# block no. 2 follows, 12 sequences, length 25
# corresponding to MSA columns:
# 140-164
name=unknown_C
#
# <colnr> <probs for GDERKNQSTAVLIFYWHMCP>
#	G	D	E	R	K	N	Q	S	T	A	V	L	I	F	Y	W	H	M	C	P
0	0.03730	0.02771	0.02957	0.02305	0.03104	0.03024	0.01892	0.44020	0.04742	0.06301	0.03843	0.03763	0.09500	0.01520	0.01120	0.00333	0.01106	0.01174	0.01079	0.01718
1	0.01578	0.01160	0.01506	0.01546	0.01817	0.01089	0.01243	0.02053	0.02806	0.03794	0.31790	0.09875	0.15366	0.02568	0.01360	0.00400	0.00684	0.17253	0.01107	0.01005
2	0.02920	0.02446	0.02583	0.02261	0.02915	0.02809	0.01776	0.12403	0.45961	0.04897	0.04173	0.03857	0.03114	0.01455	0.01107	0.00364	0.00912	0.01196	0.01107	0.01745
3	0.03781	0.01789	0.02304	0.01843	0.02513	0.01663	0.01491	0.10380	0.03375	0.33711	0.19197	0.04908	0.04882	0.01610	0.01153	0.00338	0.00839	0.01346	0.01270	0.01605
4	0.02247	0.02280	0.04478	0.03823	0.11489	0.02155	0.27324	0.02992	0.02732	0.03797	0.19599	0.04645	0.04551	0.01365	0.01256	0.00353	0.01317	0.01470	0.00767	0.01360
5	0.08546	0.02806	0.03397	0.02644	0.03474	0.07397	0.09942	0.20195	0.10167	0.15763	0.02984	0.02975	0.02106	0.01238	0.01088	0.00338	0.01244	0.01037	0.00983	0.01675
6	0.02089	0.01540	0.01880	0.01908	0.05755	0.01434	0.01321	0.02839	0.09808	0.08344	0.09424	0.17130	0.19198	0.02152	0.01186	0.00348	0.00733	0.01857	0.00989	0.10066
7	0.02335	0.17194	0.45778	0.02855	0.04328	0.02895	0.03588	0.03415	0.02284	0.03272	0.01867	0.02189	0.01385	0.01015	0.00967	0.00322	0.01521	0.00760	0.00462	0.01568
8	0.02476	0.28146	0.36058	0.02615	0.03957	0.03240	0.03170	0.03378	0.02268	0.03101	0.01782	0.02083	0.01388	0.00995	0.00902	0.00301	0.01435	0.00717	0.00463	0.01527
9	0.01322	0.01106	0.01151	0.01140	0.01493	0.00935	0.00855	0.01630	0.02564	0.03134	0.16745	0.10184	0.48620	0.02691	0.01288	0.00365	0.00547	0.02258	0.01037	0.00935
10	0.02076	0.01776	0.02452	0.01865	0.02528	0.01493	0.07619	0.02456	0.02076	0.03064	0.02474	0.03980	0.02405	0.21172	0.02456	0.00488	0.01027	0.01045	0.00638	0.36909
11	0.01466	0.01007	0.01225	0.01343	0.01372	0.00977	0.00824	0.01554	0.01820	0.02426	0.04635	0.32224	0.05478	0.34527	0.03612	0.00771	0.00859	0.02291	0.00824	0.00766
12	0.02187	0.05640	0.56031	0.03108	0.04719	0.02532	0.04029	0.03453	0.02302	0.03453	0.01957	0.02302	0.01381	0.01036	0.01036	0.00345	0.01611	0.00806	0.00460	0.01611
13	0.02199	0.02080	0.03522	0.47633	0.17846	0.02459	0.03098	0.02908	0.02246	0.02955	0.01963	0.02862	0.01513	0.01064	0.01088	0.00355	0.01419	0.00970	0.00497	0.01324
14	0.01945	0.01416	0.01765	0.01615	0.01951	0.01457	0.01249	0.02733	0.09399	0.07355	0.31616	0.06965	0.13565	0.02517	0.05157	0.00453	0.04856	0.01736	0.01082	0.01169
15	0.02176	0.02165	0.03986	0.46737	0.07100	0.02498	0.13864	0.02946	0.02269	0.02946	0.01999	0.02915	0.01499	0.01051	0.01135	0.00364	0.01541	0.01041	0.00500	0.01270
16	0.02635	0.02191	0.03755	0.10601	0.09004	0.02113	0.16342	0.03449	0.06032	0.10362	0.06303	0.07182	0.02831	0.01279	0.01141	0.00332	0.01230	0.01259	0.00773	0.11185
17	0.02683	0.02374	0.04156	0.03145	0.03963	0.02312	0.24952	0.07691	0.09652	0.08732	0.04224	0.08284	0.09624	0.01499	0.01235	0.00367	0.01303	0.01502	0.00845	0.01458
18	0.02492	0.02311	0.03593	0.09944	0.32920	0.02195	0.02629	0.03092	0.02380	0.03486	0.02003	0.02572	0.01664	0.00928	0.00990	0.00273	0.01147	0.00862	0.00570	0.23949
19	0.03233	0.02608	0.04679	0.04565	0.21334	0.02515	0.20555	0.07939	0.02877	0.14644	0.02625	0.02992	0.01913	0.01060	0.01161	0.00343	0.01412	0.01116	0.00760	0.01669
20	0.03191	0.02580	0.02735	0.02316	0.03018	0.02936	0.01842	0.20987	0.36936	0.05334	0.03829	0.03583	0.02836	0.01422	0.01103	0.00356	0.00976	0.01149	0.01103	0.01769
21	0.02612	0.03714	0.21823	0.03368	0.04508	0.02725	0.19643	0.08129	0.14357	0.04018	0.02675	0.02961	0.01968	0.01121	0.01145	0.00357	0.01482	0.01087	0.00697	0.01610
22	0.02397	0.03565	0.23413	0.03149	0.04203	0.02388	0.16952	0.09588	0.02724	0.03797	0.02923	0.14157	0.02681	0.01510	0.01188	0.00369	0.01428	0.01426	0.00682	0.01459
23	0.02293	0.13884	0.48715	0.02927	0.04440	0.02791	0.03714	0.03426	0.02289	0.03324	0.01893	0.02222	0.01384	0.01021	0.00987	0.00329	0.01547	0.00773	0.00461	0.01581
24	0.02699	0.02591	0.04426	0.06693	0.54879	0.02591	0.03346	0.03346	0.02483	0.03562	0.02051	0.02699	0.01727	0.00972	0.01079	0.00324	0.01295	0.00972	0.00540	0.01727

[dist]
# distance from previous block
# <min> <max>
1	4

[block]
# block no. 3 follows, 12 sequences, length 25
# corresponding to MSA columns:
# 169-193
name=unknown_D
#
# <colnr> <probs for GDERKNQSTAVLIFYWHMCP>
#	G	D	E	R	K	N	Q	S	T	A	V	L	I	F	Y	W	H	M	C	P
0	0.12385	0.13627	0.11600	0.02235	0.03052	0.06608	0.02122	0.10125	0.10833	0.04061	0.02863	0.03943	0.02475	0.01428	0.01011	0.00345	0.01179	0.07890	0.00771	0.01447
1	0.02633	0.51434	0.04924	0.01804	0.02582	0.03705	0.01714	0.02955	0.02193	0.02604	0.02314	0.12267	0.02432	0.01374	0.00823	0.00270	0.01071	0.01030	0.00563	0.01308
2	0.02108	0.01983	0.06623	0.02152	0.02806	0.01564	0.10171	0.02591	0.02313	0.06657	0.04492	0.10807	0.11385	0.10757	0.01825	0.00442	0.01053	0.04725	0.00784	0.14761
3	0.02581	0.02543	0.03590	0.03228	0.08318	0.11701	0.17046	0.03074	0.02526	0.06715	0.03561	0.22893	0.03614	0.01855	0.01236	0.00372	0.01329	0.01768	0.00767	0.01282
4	0.03426	0.02184	0.03154	0.02666	0.06756	0.02118	0.09607	0.11787	0.07251	0.22110	0.04740	0.04571	0.11565	0.01509	0.01160	0.00348	0.01073	0.01325	0.01043	0.01608
5	0.03554	0.01631	0.02277	0.02134	0.06337	0.01458	0.01538	0.03967	0.02883	0.34051	0.12478	0.14517	0.04648	0.01829	0.01178	0.00356	0.00837	0.01584	0.01204	0.01541
6	0.02059	0.01877	0.01868	0.02025	0.02283	0.11115	0.01629	0.02442	0.02505	0.03035	0.05108	0.22906	0.05649	0.02780	0.01384	0.00448	0.01080	0.27861	0.00928	0.01020
7	0.04365	0.02628	0.03273	0.02532	0.03368	0.11685	0.09817	0.04843	0.03025	0.37637	0.03492	0.03274	0.02297	0.01238	0.01108	0.00332	0.01262	0.01058	0.01078	0.01687
8	0.24081	0.02517	0.02477	0.02074	0.02798	0.02862	0.01676	0.20823	0.20276	0.05470	0.02890	0.02844	0.02142	0.01274	0.00967	0.00345	0.00974	0.00944	0.00967	0.01600
9	0.04404	0.02999	0.02970	0.02355	0.03162	0.12311	0.01908	0.26208	0.04035	0.23863	0.03065	0.02900	0.02082	0.01291	0.01074	0.00323	0.01237	0.00974	0.01091	0.01750
10	0.03012	0.42092	0.05483	0.02554	0.03468	0.11611	0.11841	0.03468	0.02414	0.02768	0.01680	0.02022	0.01452	0.00957	0.00859	0.00267	0.01417	0.00743	0.00497	0.01394
11	0.02703	0.02505	0.03747	0.05143	0.36856	0.02633	0.02785	0.04194	0.19945	0.03908	0.02878	0.03173	0.02282	0.01147	0.01090	0.00340	0.01146	0.01062	0.00737	0.01727
12	0.03696	0.02822	0.03644	0.02787	0.03656	0.03018	0.10654	0.31718	0.12197	0.09863	0.02974	0.02997	0.02125	0.01270	0.01129	0.00342	0.01237	0.01086	0.01019	0.01766
13	0.02410	0.01350	0.01778	0.01734	0.02092	0.01278	0.01342	0.02967	0.06134	0.16210	0.13208	0.25803	0.06162	0.02511	0.01303	0.00406	0.00768	0.10189	0.01131	0.01226
14	0.01327	0.01052	0.01194	0.01273	0.01525	0.00919	0.00911	0.01595	0.02405	0.03025	0.13401	0.27750	0.33899	0.02938	0.01324	0.00392	0.00577	0.02546	0.01030	0.00919
15	0.02556	0.01558	0.01940	0.01656	0.02116	0.01509	0.01299	0.10548	0.03421	0.13879	0.37109	0.06468	0.07583	0.01925	0.01221	0.00339	0.00698	0.01657	0.01209	0.01308
16	0.46059	0.01730	0.01400	0.01289	0.01818	0.01951	0.01036	0.02975	0.02005	0.04606	0.02224	0.02566	0.01740	0.01102	0.00705	0.00309	0.00727	0.00738	0.23897	0.01124
17	0.03417	0.02842	0.03257	0.22117	0.04810	0.07432	0.02406	0.30652	0.03941	0.05115	0.02307	0.02665	0.01679	0.01218	0.01082	0.00336	0.01350	0.00955	0.00838	0.01584
18	0.01494	0.01205	0.01352	0.01423	0.01699	0.01144	0.01023	0.02108	0.09023	0.03094	0.08095	0.30413	0.28209	0.02860	0.01307	0.00399	0.00627	0.02488	0.01025	0.01013
19	0.02363	0.01938	0.03056	0.13313	0.28548	0.02018	0.02399	0.02975	0.02365	0.03609	0.02554	0.03206	0.02052	0.01094	0.00971	0.00306	0.01049	0.00987	0.23800	0.01396
20	0.25816	0.32359	0.12385	0.01916	0.02869	0.03381	0.01976	0.03274	0.02105	0.03514	0.01588	0.01846	0.01321	0.00977	0.00745	0.00287	0.01126	0.00621	0.00538	0.01358
21	0.02000	0.01691	0.02565	0.03470	0.20342	0.01658	0.02142	0.02512	0.02496	0.03310	0.05421	0.08654	0.13254	0.02261	0.01320	0.00417	0.01025	0.23379	0.00845	0.01240
22	0.01803	0.01517	0.02360	0.03310	0.20038	0.01476	0.01820	0.02151	0.02224	0.03053	0.04639	0.40790	0.05312	0.02569	0.01284	0.00402	0.00862	0.02363	0.00849	0.01177
23	0.25045	0.01494	0.01700	0.01642	0.02003	0.01738	0.01300	0.02383	0.01788	0.03349	0.02435	0.03414	0.02191	0.05696	0.37730	0.01262	0.02201	0.00968	0.00616	0.01045
24	0.02599	0.23103	0.04557	0.19284	0.23942	0.03142	0.02747	0.03165	0.02308	0.03006	0.01835	0.02427	0.01539	0.00990	0.00951	0.00303	0.01294	0.00836	0.00499	0.01473

[dist]
# distance from previous block
# <min> <max>
0	2

[block]
# block no. 4 follows, 12 sequences, length 14
# corresponding to MSA columns:
# 196-209
name=unknown_E
#
# <colnr> <probs for GDERKNQSTAVLIFYWHMCP>
#	G	D	E	R	K	N	Q	S	T	A	V	L	I	F	Y	W	H	M	C	P
0	0.02011	0.01711	0.02396	0.02353	0.02503	0.02096	0.02011	0.02406	0.02171	0.03005	0.04021	0.08299	0.04321	0.02567	0.02342	0.00492	0.24682	0.28743	0.00791	0.01080
1	0.02069	0.03746	0.33996	0.02427	0.03388	0.01893	0.02785	0.02633	0.01946	0.02824	0.01931	0.02711	0.01588	0.02146	0.02337	0.27755	0.01343	0.00863	0.00466	0.01152
2	0.02323	0.02101	0.02946	0.36125	0.05624	0.02539	0.02503	0.04000	0.22649	0.03502	0.02947	0.03375	0.02210	0.01247	0.01098	0.00366	0.01215	0.01075	0.00737	0.01419
3	0.02767	0.03533	0.18096	0.03291	0.04375	0.02791	0.18716	0.12006	0.14827	0.04299	0.02736	0.02984	0.02011	0.01148	0.01146	0.00355	0.01441	0.01096	0.00749	0.01632
4	0.01881	0.01611	0.02540	0.03606	0.23087	0.01574	0.01954	0.02256	0.02247	0.03098	0.04412	0.37457	0.04999	0.02430	0.01266	0.00395	0.00900	0.02241	0.00822	0.01225
5	0.02209	0.01128	0.01377	0.01386	0.01657	0.01058	0.01010	0.02567	0.02341	0.12154	0.04734	0.28417	0.04673	0.02204	0.01088	0.00349	0.00632	0.01923	0.27991	0.01101
6	0.02263	0.02067	0.06769	0.16953	0.03910	0.01715	0.01954	0.02821	0.02285	0.07522	0.02817	0.12390	0.02580	0.01383	0.01023	0.00292	0.01025	0.01193	0.00708	0.28332
7	0.03547	0.01578	0.02216	0.01864	0.02446	0.01506	0.01506	0.03955	0.02569	0.34207	0.03744	0.03942	0.02710	0.04105	0.23799	0.00908	0.01732	0.01125	0.01041	0.01500
8	0.02591	0.02481	0.04232	0.15465	0.46944	0.02562	0.03293	0.03252	0.02432	0.03432	0.02032	0.02734	0.01681	0.00991	0.01081	0.00330	0.01322	0.00971	0.00530	0.01641
9	0.42563	0.26411	0.03261	0.01608	0.02387	0.03200	0.01457	0.03229	0.02001	0.03953	0.01517	0.01762	0.01269	0.00980	0.00685	0.00295	0.00974	0.00587	0.00591	0.01269
10	0.01537	0.01283	0.02131	0.02034	0.02271	0.01199	0.09372	0.01849	0.02169	0.02902	0.05372	0.51248	0.06281	0.02998	0.01374	0.00430	0.00835	0.02796	0.00935	0.00984
11	0.02756	0.01354	0.01735	0.01585	0.02039	0.01184	0.01204	0.03061	0.02604	0.24149	0.06581	0.25234	0.17209	0.02418	0.01247	0.00382	0.00732	0.02092	0.01148	0.01286
12	0.04189	0.02757	0.03129	0.03143	0.13568	0.11398	0.02117	0.12156	0.03309	0.28339	0.03136	0.03038	0.02149	0.01228	0.01073	0.00324	0.01220	0.00987	0.01012	0.01730
13	0.07755	0.16058	0.10025	0.02030	0.02853	0.02311	0.01963	0.03518	0.02501	0.16375	0.03312	0.04850	0.02877	0.01538	0.01041	0.00339	0.01074	0.11846	0.00843	0.06892

[dist]
# distance from previous block
# <min> <max>
0	6

[block]
# block no. 5 follows, 12 sequences, length 12
# corresponding to MSA columns:
# 216-227
name=unknown_F
#
# <colnr> <probs for GDERKNQSTAVLIFYWHMCP>
#	G	D	E	R	K	N	Q	S	T	A	V	L	I	F	Y	W	H	M	C	P
0	0.23273	0.12396	0.02757	0.01720	0.02551	0.02296	0.01468	0.03884	0.02438	0.22282	0.02580	0.02542	0.01834	0.01083	0.00852	0.00289	0.00923	0.00779	0.00873	0.13182
1	0.03042	0.10394	0.31413	0.02714	0.03982	0.02883	0.03050	0.17302	0.03170	0.08562	0.02291	0.02450	0.01625	0.01129	0.01022	0.00328	0.01392	0.00857	0.00714	0.01679
2	0.02479	0.02367	0.04030	0.24642	0.38643	0.02533	0.03237	0.03154	0.02379	0.03296	0.02012	0.02770	0.01633	0.01012	0.01083	0.00337	0.01350	0.00971	0.00521	0.01550
3	0.02261	0.01938	0.02261	0.01615	0.02584	0.01453	0.01292	0.02745	0.02261	0.03553	0.01938	0.02261	0.01615	0.00807	0.00807	0.00161	0.00807	0.00646	0.00646	0.68346
4	0.02261	0.01938	0.02261	0.01615	0.02584	0.01453	0.01292	0.02745	0.02261	0.03553	0.01938	0.02261	0.01615	0.00807	0.00807	0.00161	0.00807	0.00646	0.00646	0.68346
5	0.27651	0.25273	0.17024	0.02021	0.03030	0.03159	0.02161	0.03291	0.02103	0.03664	0.01629	0.01899	0.01313	0.00989	0.00776	0.00301	0.01159	0.00643	0.00543	0.01372
6	0.02454	0.10589	0.46005	0.02932	0.04406	0.02783	0.03629	0.08326	0.02583	0.03721	0.01984	0.02283	0.01431	0.01054	0.01011	0.00333	0.01528	0.00803	0.00525	0.01617
7	0.02834	0.56028	0.11313	0.02004	0.03012	0.04116	0.02106	0.03286	0.02225	0.02664	0.01565	0.01811	0.01397	0.00944	0.00737	0.00246	0.01216	0.00608	0.00466	0.01423
8	0.39265	0.18554	0.02890	0.01661	0.02396	0.02949	0.01451	0.08246	0.02393	0.04430	0.05570	0.02330	0.01991	0.01113	0.00771	0.00308	0.00945	0.00733	0.00701	0.01301
9	0.28311	0.02532	0.08280	0.02506	0.08740	0.02179	0.05191	0.03331	0.02228	0.08419	0.02008	0.02295	0.01530	0.00982	0.00868	0.00296	0.01042	0.00760	0.00678	0.17823
10	0.18829	0.01787	0.01928	0.01559	0.02260	0.01616	0.01214	0.02898	0.02177	0.09216	0.02665	0.09237	0.02444	0.06308	0.01268	0.00330	0.00831	0.01032	0.00770	0.31634
11	0.62871	0.02203	0.01769	0.01541	0.02236	0.02539	0.01270	0.08000	0.02182	0.05090	0.01628	0.01856	0.01248	0.01042	0.00716	0.00336	0.00879	0.00629	0.00716	0.01248

[dist]
# distance from previous block
# <min> <max>
1	11

[block]
# block no. 6 follows, 12 sequences, length 18
# corresponding to MSA columns:
# 239-256
name=unknown_G
#
# <colnr> <probs for GDERKNQSTAVLIFYWHMCP>
#	G	D	E	R	K	N	Q	S	T	A	V	L	I	F	Y	W	H	M	C	P
0	0.14232	0.02203	0.02457	0.09008	0.03279	0.02256	0.01682	0.10401	0.11887	0.04354	0.02422	0.02640	0.01868	0.01074	0.00916	0.00279	0.00961	0.00833	0.00780	0.26465
1	0.17641	0.02570	0.03593	0.04767	0.33816	0.02704	0.02636	0.12103	0.02830	0.04462	0.02038	0.02480	0.01630	0.01042	0.00992	0.00327	0.01178	0.00889	0.00671	0.01630
2	0.15246	0.02042	0.02507	0.02372	0.09908	0.01830	0.01633	0.03508	0.02417	0.15847	0.02424	0.02568	0.01802	0.00994	0.00888	0.00257	0.00911	0.00786	0.00799	0.31261
3	0.57150	0.02151	0.01761	0.01578	0.02242	0.02495	0.01281	0.03680	0.11223	0.04831	0.02054	0.02193	0.01575	0.01098	0.00755	0.00343	0.00847	0.00708	0.00755	0.01281
4	0.49822	0.02392	0.02103	0.01756	0.02490	0.02726	0.01448	0.17609	0.02836	0.05486	0.01848	0.02025	0.01383	0.01101	0.00799	0.00334	0.00950	0.00708	0.00799	0.01383
5	0.01651	0.01107	0.01660	0.01660	0.01801	0.01247	0.01247	0.01801	0.01660	0.02354	0.02636	0.04014	0.02495	0.06959	0.42617	0.20222	0.02373	0.01107	0.00553	0.00835
6	0.01543	0.01115	0.01457	0.01372	0.01629	0.01029	0.01029	0.02058	0.03086	0.04372	0.54304	0.08145	0.10288	0.02229	0.01286	0.00343	0.00514	0.01972	0.01200	0.01029
7	0.02744	0.01923	0.02310	0.01675	0.02621	0.01481	0.01349	0.03217	0.02419	0.13108	0.02372	0.02527	0.01814	0.00907	0.00861	0.00194	0.00830	0.00729	0.00775	0.56147
8	0.02261	0.01938	0.02261	0.01615	0.02584	0.01453	0.01292	0.02745	0.02261	0.03553	0.01938	0.02261	0.01615	0.00807	0.00807	0.00161	0.00807	0.00646	0.00646	0.68346
9	0.04145	0.03054	0.03272	0.02509	0.03381	0.03381	0.02072	0.51243	0.05127	0.06872	0.02618	0.02618	0.01854	0.01309	0.01091	0.00327	0.01200	0.00982	0.01091	0.01854
10	0.01685	0.01277	0.01853	0.10777	0.02870	0.01331	0.01721	0.02147	0.02399	0.03155	0.08870	0.22297	0.06048	0.02750	0.01397	0.00454	0.00948	0.26072	0.00939	0.01010
11	0.02059	0.01938	0.03270	0.59060	0.07510	0.02422	0.03028	0.02786	0.02180	0.02786	0.01938	0.02907	0.01453	0.01090	0.01090	0.00363	0.01453	0.00969	0.00484	0.01211
12	0.04144	0.03371	0.03467	0.02770	0.03550	0.23761	0.10849	0.04601	0.03008	0.25199	0.02886	0.02882	0.01997	0.01182	0.01087	0.00321	0.01504	0.00976	0.00893	0.01552
13	0.30505	0.02010	0.02566	0.34712	0.05228	0.02432	0.02248	0.02963	0.02043	0.03676	0.01761	0.02427	0.01338	0.01057	0.00915	0.00352	0.01196	0.00809	0.00565	0.01198
14	0.23235	0.01694	0.01886	0.01632	0.02237	0.01660	0.01295	0.03632	0.02492	0.25762	0.04416	0.14273	0.07944	0.01760	0.01042	0.00360	0.00813	0.01426	0.01054	0.01387
15	0.09854	0.02303	0.02581	0.02018	0.02850	0.02305	0.01642	0.17481	0.10451	0.18215	0.03055	0.02947	0.02165	0.01203	0.00992	0.00300	0.00960	0.00935	0.01021	0.16722
16	0.49107	0.02110	0.01877	0.01658	0.02323	0.02376	0.01366	0.07035	0.06176	0.08908	0.02374	0.02978	0.01910	0.01251	0.00837	0.00352	0.00890	0.04340	0.00818	0.01312
17	0.35102	0.06863	0.06210	0.01817	0.02610	0.02435	0.01615	0.04083	0.09448	0.16325	0.02609	0.02583	0.01868	0.01152	0.00862	0.00335	0.00946	0.00814	0.00862	0.01462

[dist]
# distance from previous block
# <min> <max>
2	7

[block]
# block no. 7 follows, 12 sequences, length 88
# corresponding to MSA columns:
# 264-290,293-353
name=unknown_H
#
# <colnr> <probs for GDERKNQSTAVLIFYWHMCP>
#	G	D	E	R	K	N	Q	S	T	A	V	L	I	F	Y	W	H	M	C	P
0	0.10299	0.07889	0.02853	0.02149	0.02817	0.02745	0.01799	0.28093	0.03746	0.05221	0.03293	0.09806	0.03051	0.01752	0.01114	0.00362	0.01069	0.09483	0.00966	0.01494
1	0.02401	0.01693	0.02417	0.02222	0.02736	0.01631	0.05841	0.07222	0.02789	0.08687	0.04632	0.08724	0.04639	0.02284	0.01335	0.00422	0.01064	0.29895	0.00969	0.08396
2	0.02778	0.18020	0.04625	0.03000	0.03769	0.14228	0.19035	0.03312	0.02539	0.02998	0.02618	0.08886	0.02499	0.01399	0.01106	0.00335	0.01503	0.05424	0.00618	0.01310
3	0.02291	0.02175	0.03690	0.40033	0.24720	0.02484	0.03144	0.02989	0.02290	0.03068	0.01979	0.02831	0.01553	0.01047	0.01086	0.00349	0.01396	0.00970	0.00505	0.01399
4	0.02168	0.02050	0.03468	0.50107	0.15608	0.02451	0.03082	0.02882	0.02232	0.02919	0.01957	0.02871	0.01500	0.01070	0.01088	0.00357	0.01426	0.00969	0.00494	0.01299
5	0.02059	0.01938	0.03270	0.59060	0.07510	0.02422	0.03028	0.02786	0.02180	0.02786	0.01938	0.02907	0.01453	0.01090	0.01090	0.00363	0.01453	0.00969	0.00484	0.01211
6	0.02543	0.33366	0.31425	0.02500	0.03780	0.03404	0.02971	0.03361	0.02260	0.03019	0.01741	0.02032	0.01390	0.00986	0.00871	0.00290	0.01394	0.00697	0.00463	0.01508
7	0.02311	0.15333	0.47429	0.02895	0.04391	0.02837	0.03659	0.03421	0.02287	0.03301	0.01881	0.02207	0.01384	0.01018	0.00978	0.00326	0.01535	0.00768	0.00461	0.01575
8	0.04073	0.05197	0.03090	0.02809	0.03371	0.57303	0.02107	0.04354	0.03090	0.02669	0.01685	0.01966	0.01404	0.01124	0.00983	0.00281	0.01966	0.00702	0.00562	0.01264
9	0.04145	0.03054	0.03272	0.02509	0.03381	0.03381	0.02072	0.51243	0.05127	0.06872	0.02618	0.02618	0.01854	0.01309	0.01091	0.00327	0.01200	0.00982	0.01091	0.01854
10	0.01445	0.01098	0.01330	0.01300	0.01576	0.00983	0.00964	0.01857	0.02813	0.03788	0.36590	0.13313	0.23978	0.02497	0.01296	0.00359	0.00536	0.02170	0.01125	0.00983
11	0.02059	0.01938	0.03270	0.59060	0.07510	0.02422	0.03028	0.02786	0.02180	0.02786	0.01938	0.02907	0.01453	0.01090	0.01090	0.00363	0.01453	0.00969	0.00484	0.01211
12	0.01543	0.01115	0.01457	0.01372	0.01629	0.01029	0.01029	0.02058	0.03086	0.04372	0.54304	0.08145	0.10288	0.02229	0.01286	0.00343	0.00514	0.01972	0.01200	0.01029
13	0.03357	0.02663	0.02829	0.02349	0.03081	0.03013	0.01882	0.26247	0.31406	0.05601	0.03619	0.03415	0.02665	0.01403	0.01101	0.00351	0.01015	0.01120	0.01101	0.01784
14	0.04073	0.05197	0.03090	0.02809	0.03371	0.57303	0.02107	0.04354	0.03090	0.02669	0.01685	0.01966	0.01404	0.01124	0.00983	0.00281	0.01966	0.00702	0.00562	0.01264
15	0.01328	0.00949	0.01265	0.01518	0.01581	0.00886	0.01012	0.01518	0.02088	0.02783	0.06010	0.60969	0.07212	0.03416	0.01392	0.00443	0.00633	0.03100	0.01012	0.00886
16	0.04145	0.03054	0.03272	0.02509	0.03381	0.03381	0.02072	0.51243	0.05127	0.06872	0.02618	0.02618	0.01854	0.01309	0.01091	0.00327	0.01200	0.00982	0.01091	0.01854
17	0.02265	0.11696	0.50657	0.02975	0.04514	0.02723	0.03798	0.03433	0.02293	0.03358	0.01910	0.02243	0.01383	0.01025	0.01000	0.00333	0.01564	0.00782	0.00461	0.01589
18	0.02915	0.62337	0.05714	0.01866	0.02799	0.04314	0.01866	0.03265	0.02215	0.02565	0.01516	0.01749	0.01399	0.00933	0.00700	0.00233	0.01166	0.00583	0.00466	0.01399
19	0.02065	0.01662	0.01907	0.01750	0.02167	0.01780	0.01340	0.03724	0.25311	0.04457	0.32060	0.06326	0.07184	0.01895	0.01207	0.00355	0.00670	0.01642	0.01160	0.01340
20	0.02679	0.02290	0.02970	0.27626	0.05019	0.02703	0.02369	0.12636	0.21677	0.04185	0.02995	0.03289	0.02227	0.01275	0.01097	0.00359	0.01187	0.01070	0.00827	0.01519
21	0.02187	0.05640	0.56031	0.03108	0.04719	0.02532	0.04029	0.03453	0.02302	0.03453	0.01957	0.02302	0.01381	0.01036	0.01036	0.00345	0.01611	0.00806	0.00460	0.01611
22	0.08948	0.19571	0.04802	0.02864	0.03813	0.03007	0.19136	0.07839	0.02733	0.13576	0.02386	0.02621	0.01758	0.01046	0.01014	0.00318	0.01334	0.00965	0.00736	0.01532
23	0.02915	0.62337	0.05714	0.01866	0.02799	0.04314	0.01866	0.03265	0.02215	0.02565	0.01516	0.01749	0.01399	0.00933	0.00700	0.00233	0.01166	0.00583	0.00466	0.01399
24	0.01328	0.00949	0.01265	0.01518	0.01581	0.00886	0.01012	0.01518	0.02088	0.02783	0.06010	0.60969	0.07212	0.03416	0.01392	0.00443	0.00633	0.03100	0.01012	0.00886
25	0.09835	0.02559	0.04947	0.14264	0.05376	0.02550	0.31844	0.03504	0.02475	0.08520	0.02283	0.02884	0.01666	0.01003	0.01166	0.00361	0.01572	0.01134	0.00629	0.01428
26	0.02257	0.11088	0.51196	0.02988	0.04535	0.02703	0.03821	0.03435	0.02294	0.03368	0.01914	0.02249	0.01383	0.01026	0.01004	0.00335	0.01569	0.00784	0.00461	0.01591
27	0.01328	0.00949	0.01265	0.01518	0.01581	0.00886	0.01012	0.01518	0.02088	0.02783	0.06010	0.60969	0.07212	0.03416	0.01392	0.00443	0.00633	0.03100	0.01012	0.00886
28	0.01586	0.01057	0.01189	0.01189	0.01189	0.01057	0.00661	0.01586	0.01586	0.02114	0.03436	0.07135	0.03964	0.61681	0.05550	0.01057	0.01057	0.01586	0.00661	0.00661
29	0.15202	0.02074	0.02950	0.42764	0.06090	0.02515	0.02585	0.07332	0.02389	0.03567	0.01920	0.02662	0.01438	0.01095	0.01010	0.00355	0.01313	0.00897	0.00577	0.01265
30	0.02514	0.01930	0.02287	0.01646	0.02603	0.01468	0.01322	0.02993	0.02344	0.08567	0.02166	0.02401	0.01719	0.00860	0.00835	0.00178	0.00819	0.00689	0.00714	0.61945
31	0.01586	0.01057	0.01189	0.01189	0.01189	0.01057	0.00661	0.01586	0.01586	0.02114	0.03436	0.07135	0.03964	0.61681	0.05550	0.01057	0.01057	0.01586	0.00661	0.00661
32	0.69383	0.02109	0.01603	0.01434	0.02109	0.02446	0.01181	0.03205	0.01856	0.04892	0.01518	0.01771	0.01181	0.01012	0.00675	0.00337	0.00843	0.00590	0.00675	0.01181
33	0.02529	0.02075	0.02801	0.02063	0.02931	0.01793	0.06213	0.03024	0.02301	0.07892	0.02111	0.02464	0.01692	0.00982	0.01174	0.00230	0.07206	0.00779	0.00679	0.49062
34	0.01547	0.01216	0.01410	0.01343	0.01673	0.01132	0.01013	0.02191	0.07125	0.03848	0.33646	0.08685	0.26418	0.02367	0.01272	0.00355	0.00559	0.02033	0.01121	0.01047
35	0.03035	0.02556	0.03381	0.02702	0.03442	0.02758	0.11233	0.20661	0.21222	0.04967	0.03545	0.09426	0.02910	0.01519	0.01167	0.00362	0.01143	0.01355	0.00985	0.01632
36	0.02059	0.01938	0.03270	0.59060	0.07510	0.02422	0.03028	0.02786	0.02180	0.02786	0.01938	0.02907	0.01453	0.01090	0.01090	0.00363	0.01453	0.00969	0.00484	0.01211
37	0.01334	0.01106	0.01168	0.01153	0.01501	0.00940	0.00865	0.01654	0.02594	0.03202	0.18835	0.10070	0.46487	0.02666	0.01288	0.00364	0.00545	0.02242	0.01046	0.00940
38	0.01568	0.01128	0.01549	0.01549	0.01673	0.01252	0.01109	0.01816	0.01692	0.02380	0.03107	0.05314	0.03173	0.27519	0.38631	0.01501	0.02247	0.01319	0.00612	0.00860
39	0.01418	0.01053	0.01321	0.01374	0.01582	0.00957	0.00985	0.01770	0.02612	0.03529	0.28692	0.27687	0.17494	0.02759	0.01325	0.00384	0.00564	0.02442	0.01097	0.00957
40	0.04892	0.01856	0.02530	0.01940	0.02783	0.01603	0.01603	0.05314	0.03121	0.55634	0.04302	0.03711	0.02699	0.01350	0.01096	0.00337	0.00928	0.01096	0.01350	0.01856
41	0.01739	0.01390	0.01948	0.02353	0.11787	0.01350	0.01399	0.02125	0.02447	0.03368	0.22617	0.06871	0.13023	0.15035	0.07304	0.00622	0.01005	0.01672	0.00876	0.01065
42	0.03325	0.42114	0.04785	0.02200	0.03001	0.23068	0.01951	0.03650	0.02525	0.02602	0.01576	0.01826	0.01401	0.01000	0.00800	0.00250	0.01449	0.00625	0.00500	0.01351
43	0.02168	0.02050	0.03468	0.50107	0.15608	0.02451	0.03082	0.02882	0.02232	0.02919	0.01957	0.02871	0.01500	0.01070	0.01088	0.00357	0.01426	0.00969	0.00494	0.01299
44	0.02445	0.08632	0.33040	0.02676	0.03843	0.07239	0.03014	0.03843	0.12076	0.03613	0.06858	0.03071	0.02518	0.01223	0.01043	0.00336	0.01373	0.00962	0.00657	0.01539
45	0.02712	0.02342	0.02465	0.02219	0.02835	0.02712	0.01726	0.05794	0.52909	0.04561	0.04438	0.04068	0.03328	0.01479	0.01109	0.00370	0.00863	0.01233	0.01109	0.01726
46	0.69383	0.02109	0.01603	0.01434	0.02109	0.02446	0.01181	0.03205	0.01856	0.04892	0.01518	0.01771	0.01181	0.01012	0.00675	0.00337	0.00843	0.00590	0.00675	0.01181
47	0.02187	0.05640	0.56031	0.03108	0.04719	0.02532	0.04029	0.03453	0.02302	0.03453	0.01957	0.02302	0.01381	0.01036	0.01036	0.00345	0.01611	0.00806	0.00460	0.01611
48	0.04235	0.03426	0.03118	0.02503	0.03292	0.16861	0.02013	0.32639	0.04317	0.12870	0.02624	0.02610	0.01862	0.01268	0.01064	0.00317	0.01356	0.00927	0.00994	0.01704
49	0.02059	0.01938	0.03270	0.59060	0.07510	0.02422	0.03028	0.02786	0.02180	0.02786	0.01938	0.02907	0.01453	0.01090	0.01090	0.00363	0.01453	0.00969	0.00484	0.01211
50	0.69383	0.02109	0.01603	0.01434	0.02109	0.02446	0.01181	0.03205	0.01856	0.04892	0.01518	0.01771	0.01181	0.01012	0.00675	0.00337	0.00843	0.00590	0.00675	0.01181
51	0.01586	0.01057	0.01189	0.01189	0.01189	0.01057	0.00661	0.01586	0.01586	0.02114	0.03436	0.07135	0.03964	0.61681	0.05550	0.01057	0.01057	0.01586	0.00661	0.00661
52	0.04892	0.01856	0.02530	0.01940	0.02783	0.01603	0.01603	0.05314	0.03121	0.55634	0.04302	0.03711	0.02699	0.01350	0.01096	0.00337	0.00928	0.01096	0.01350	0.01856
53	0.01586	0.01057	0.01189	0.01189	0.01189	0.01057	0.00661	0.01586	0.01586	0.02114	0.03436	0.07135	0.03964	0.61681	0.05550	0.01057	0.01057	0.01586	0.00661	0.00661
54	0.01519	0.01114	0.01424	0.01346	0.01614	0.01018	0.01010	0.02010	0.03029	0.04235	0.50147	0.08370	0.14531	0.02280	0.01286	0.00345	0.00518	0.02004	0.01182	0.01018
55	0.03928	0.04892	0.03023	0.02746	0.03314	0.51473	0.02066	0.04508	0.08411	0.02871	0.01979	0.02191	0.01610	0.01162	0.00997	0.00290	0.01848	0.00759	0.00620	0.01313
56	0.01603	0.01114	0.01415	0.01451	0.01537	0.01164	0.00999	0.01775	0.01762	0.02387	0.03643	0.07157	0.03984	0.39545	0.18163	0.01154	0.01524	0.08141	0.00691	0.00790
57	0.01876	0.01193	0.01538	0.01407	0.01737	0.01080	0.01071	0.02358	0.03032	0.09711	0.44806	0.07897	0.13720	0.02186	0.01266	0.00345	0.00562	0.01910	0.01198	0.01107
58	0.02817	0.02982	0.02932	0.02599	0.02843	0.18068	0.02066	0.06524	0.02369	0.02957	0.02155	0.08084	0.02120	0.02315	0.06964	0.00515	0.28759	0.01110	0.00606	0.01213
59	0.02192	0.02074	0.03511	0.48152	0.17377	0.02458	0.03094	0.02903	0.02243	0.02948	0.01962	0.02864	0.01510	0.01065	0.01088	0.00355	0.01421	0.00970	0.00496	0.01319
60	0.02471	0.27783	0.36379	0.02623	0.03969	0.03228	0.03184	0.03380	0.02268	0.03106	0.01785	0.02086	0.01388	0.00996	0.00905	0.00302	0.01437	0.00719	0.00463	0.01529
61	0.02915	0.62337	0.05714	0.01866	0.02799	0.04314	0.01866	0.03265	0.02215	0.02565	0.01516	0.01749	0.01399	0.00933	0.00700	0.00233	0.01166	0.00583	0.00466	0.01399
62	0.25918	0.01938	0.02228	0.01775	0.02563	0.01878	0.01465	0.04626	0.02708	0.39090	0.03394	0.03079	0.02204	0.01240	0.00959	0.00337	0.00900	0.00931	0.01130	0.01636
63	0.02704	0.19550	0.12478	0.02631	0.03525	0.06405	0.12456	0.03322	0.02519	0.07994	0.07514	0.08591	0.02985	0.01361	0.01056	0.00323	0.01297	0.01199	0.00694	0.01396
64	0.02059	0.01938	0.03270	0.59060	0.07510	0.02422	0.03028	0.02786	0.02180	0.02786	0.01938	0.02907	0.01453	0.01090	0.01090	0.00363	0.01453	0.00969	0.00484	0.01211
65	0.04892	0.01856	0.02530	0.01940	0.02783	0.01603	0.01603	0.05314	0.03121	0.55634	0.04302	0.03711	0.02699	0.01350	0.01096	0.00337	0.00928	0.01096	0.01350	0.01856
66	0.01312	0.01105	0.01137	0.01129	0.01487	0.00930	0.00847	0.01610	0.02541	0.03077	0.15032	0.10277	0.50369	0.02712	0.01288	0.00366	0.00549	0.02271	0.01030	0.00930
67	0.03110	0.11534	0.03834	0.23062	0.04957	0.11775	0.06860	0.11309	0.02922	0.07360	0.02145	0.02600	0.01614	0.01112	0.01034	0.00324	0.01450	0.00910	0.00664	0.01424
68	0.03003	0.03180	0.03790	0.09114	0.32681	0.16530	0.02834	0.03823	0.08001	0.03384	0.02204	0.02674	0.01796	0.01073	0.01059	0.00321	0.01432	0.00931	0.00602	0.01571
69	0.01328	0.00949	0.01265	0.01518	0.01581	0.00886	0.01012	0.01518	0.02088	0.02783	0.06010	0.60969	0.07212	0.03416	0.01392	0.00443	0.00633	0.03100	0.01012	0.00886
70	0.03334	0.41677	0.04765	0.02207	0.03005	0.23474	0.01953	0.03659	0.02532	0.02603	0.01577	0.01828	0.01401	0.01002	0.00802	0.00250	0.01455	0.00626	0.00501	0.01350
