[name]
unknown

[dist]
# distance from previous block
# <min> <max>
0	83

[block]
# block no. 0 follows, 11 sequences, length 69
# corresponding to MSA columns:
# 86-154
name=unknown_A
#
# <colnr> <probs for GDERKNQSTAVLIFYWHMCP>
#	G	D	E	R	K	N	Q	S	T	A	V	L	I	F	Y	W	H	M	C	P
0	0.03603	0.07788	0.02731	0.01972	0.02685	0.02010	0.01624	0.09997	0.03088	0.25190	0.04100	0.13495	0.03503	0.01785	0.01146	0.00350	0.00962	0.04842	0.01109	0.08020
1	0.03355	0.01991	0.02547	0.11951	0.03539	0.02035	0.01834	0.14112	0.03306	0.20456	0.04962	0.10074	0.11357	0.01792	0.01193	0.00367	0.01024	0.01495	0.01078	0.01534
2	0.07667	0.06390	0.02386	0.01799	0.02430	0.01898	0.01428	0.06767	0.06225	0.12995	0.08640	0.16405	0.04176	0.01810	0.01100	0.00332	0.00850	0.01526	0.00997	0.14179
3	0.08306	0.08468	0.03029	0.07499	0.03360	0.07644	0.01891	0.13591	0.06876	0.17024	0.03278	0.08599	0.02620	0.01491	0.01078	0.00346	0.01154	0.01182	0.00979	0.01586
4	0.18708	0.07637	0.02740	0.06284	0.02983	0.02407	0.05267	0.06804	0.09176	0.04456	0.12466	0.03923	0.03666	0.01397	0.01007	0.00339	0.00961	0.01138	0.07297	0.01345
5	0.22261	0.01883	0.02124	0.09186	0.03021	0.01995	0.01573	0.07579	0.02534	0.09220	0.03326	0.17988	0.03212	0.01773	0.01054	0.00363	0.00938	0.01461	0.00875	0.07633
6	0.01459	0.01108	0.01307	0.01327	0.01570	0.00995	0.00947	0.01785	0.02613	0.03438	0.24041	0.19131	0.24776	0.08276	0.01769	0.00454	0.00622	0.02347	0.01078	0.00957
7	0.02285	0.07505	0.02908	0.11990	0.03445	0.02031	0.06391	0.03032	0.07229	0.07080	0.15557	0.09201	0.04847	0.09529	0.01796	0.00457	0.01055	0.01535	0.00879	0.01247
8	0.01603	0.01116	0.01454	0.01445	0.01668	0.01067	0.01065	0.02062	0.02792	0.04010	0.35065	0.16752	0.08568	0.03009	0.06501	0.00502	0.00789	0.02069	0.07433	0.01029
9	0.04178	0.02962	0.03308	0.02567	0.03377	0.03303	0.02122	0.40675	0.04737	0.11365	0.02756	0.02791	0.01958	0.01416	0.01377	0.00354	0.06793	0.01022	0.01091	0.01848
10	0.03080	0.15852	0.03332	0.07191	0.03254	0.02324	0.01717	0.03557	0.02514	0.14664	0.02444	0.02609	0.01849	0.01017	0.00902	0.00245	0.01012	0.00788	0.00770	0.30878
11	0.02403	0.10919	0.43081	0.03573	0.11147	0.02805	0.03842	0.03530	0.02392	0.03488	0.01987	0.02374	0.01475	0.01050	0.01041	0.00342	0.01574	0.00832	0.00487	0.01657
12	0.01593	0.01150	0.01504	0.01416	0.01681	0.01062	0.01062	0.02124	0.03186	0.04513	0.52830	0.08407	0.10620	0.02301	0.01327	0.00354	0.00531	0.02035	0.01239	0.01062
13	0.03793	0.02624	0.08851	0.08556	0.04430	0.02177	0.15834	0.04493	0.02879	0.29506	0.03335	0.03377	0.02213	0.01206	0.01182	0.00361	0.01352	0.01146	0.00976	0.01709
14	0.03754	0.02680	0.11826	0.11918	0.04076	0.02122	0.02364	0.04763	0.09328	0.29850	0.03613	0.03482	0.02412	0.01308	0.01122	0.00359	0.01166	0.01075	0.01045	0.01738
15	0.04822	0.01966	0.02605	0.02032	0.02879	0.01770	0.01667	0.05535	0.08100	0.49190	0.04455	0.03868	0.02852	0.01407	0.01133	0.00352	0.00951	0.01146	0.01368	0.01902
16	0.01393	0.00997	0.01326	0.01552	0.01637	0.00929	0.01047	0.01623	0.02258	0.03037	0.10855	0.54592	0.07761	0.03404	0.01426	0.00447	0.00641	0.03084	0.01064	0.00929
17	0.03719	0.02147	0.03466	0.18191	0.11236	0.02136	0.06839	0.04320	0.02814	0.28582	0.03256	0.03388	0.02197	0.01225	0.01146	0.00357	0.01247	0.01097	0.00958	0.01678
18	0.03421	0.07937	0.16222	0.13681	0.04497	0.09688	0.02715	0.08433	0.02939	0.15911	0.02599	0.02798	0.01823	0.01191	0.01068	0.00339	0.01432	0.00925	0.00781	0.01602
19	0.53226	0.02584	0.02031	0.07282	0.02907	0.09642	0.01537	0.03423	0.02119	0.04527	0.01633	0.01972	0.01278	0.01068	0.00782	0.00343	0.01088	0.00664	0.00661	0.01234
20	0.15689	0.02319	0.07599	0.23865	0.04673	0.02252	0.02294	0.03355	0.06173	0.08477	0.03605	0.03922	0.08573	0.01391	0.01063	0.00366	0.01166	0.01122	0.00746	0.01350
21	0.03291	0.01971	0.02432	0.01785	0.02740	0.01555	0.01447	0.03768	0.02647	0.21467	0.02860	0.02861	0.02061	0.01031	0.00939	0.00231	0.00877	0.00831	0.00923	0.44287
22	0.01593	0.01150	0.01504	0.01416	0.01681	0.01062	0.01062	0.02124	0.03186	0.04513	0.52830	0.08407	0.10620	0.02301	0.01327	0.00354	0.00531	0.02035	0.01239	0.01062
23	0.01593	0.01150	0.01504	0.01416	0.01681	0.01062	0.01062	0.02124	0.03186	0.04513	0.52830	0.08407	0.10620	0.02301	0.01327	0.00354	0.00531	0.02035	0.01239	0.01062
24	0.05050	0.01915	0.02612	0.02003	0.02873	0.01654	0.01654	0.05485	0.03221	0.54203	0.04440	0.03831	0.02786	0.01393	0.01132	0.00348	0.00958	0.01132	0.01393	0.01915
25	0.01371	0.00979	0.01306	0.01567	0.01632	0.00914	0.01045	0.01567	0.02155	0.02873	0.06203	0.59710	0.07444	0.03526	0.01437	0.00457	0.00653	0.03200	0.01045	0.00914
26	0.02257	0.05822	0.54613	0.03208	0.04871	0.02614	0.04158	0.03564	0.02376	0.03564	0.02020	0.02376	0.01426	0.01069	0.01069	0.00356	0.01663	0.00832	0.00475	0.01663
27	0.04279	0.03153	0.03378	0.02590	0.03490	0.03490	0.02139	0.49671	0.05292	0.07093	0.02702	0.02702	0.01914	0.01351	0.01126	0.00338	0.01239	0.01013	0.01126	0.01914
28	0.02800	0.02418	0.02545	0.02291	0.02927	0.02800	0.01782	0.05981	0.51390	0.04708	0.04581	0.04199	0.03436	0.01527	0.01145	0.00382	0.00891	0.01273	0.01145	0.01782
29	0.01330	0.01140	0.01140	0.01140	0.01520	0.00950	0.00855	0.01615	0.02565	0.03041	0.11402	0.10832	0.52967	0.02850	0.01330	0.00380	0.00570	0.02375	0.01045	0.00950
30	0.01402	0.01143	0.01239	0.01215	0.01564	0.00981	0.00911	0.01754	0.02734	0.03442	0.22688	0.10171	0.41430	0.02701	0.01329	0.00373	0.00559	0.02283	0.01098	0.00981
31	0.04431	0.02908	0.03227	0.02474	0.03369	0.03128	0.02044	0.40950	0.04883	0.16392	0.03045	0.02925	0.02086	0.01359	0.01127	0.00340	0.01183	0.01037	0.01179	0.01914
32	0.02462	0.02462	0.03447	0.02955	0.02955	0.03447	0.02462	0.02709	0.01724	0.02709	0.01477	0.02462	0.01477	0.01970	0.03694	0.00492	0.58385	0.00985	0.00492	0.01231
33	0.68395	0.02177	0.01654	0.01480	0.02177	0.02525	0.01219	0.03309	0.01915	0.05050	0.01567	0.01828	0.01219	0.01045	0.00697	0.00348	0.00871	0.00609	0.00697	0.01219
34	0.01814	0.01296	0.01814	0.02073	0.02332	0.01296	0.01814	0.02332	0.02591	0.03368	0.05959	0.12696	0.06478	0.03109	0.01555	0.00518	0.01036	0.45848	0.01036	0.01036
35	0.02593	0.02154	0.02473	0.01790	0.02777	0.01766	0.01441	0.09079	0.02728	0.04124	0.02094	0.02383	0.01700	0.00903	0.00873	0.00190	0.00888	0.00713	0.00728	0.58604
36	0.01812	0.01410	0.01964	0.01866	0.01961	0.01701	0.01403	0.02014	0.01723	0.02474	0.02759	0.04686	0.02799	0.19728	0.29080	0.06453	0.13395	0.01251	0.00592	0.00930
37	0.02334	0.02001	0.02334	0.01667	0.02667	0.01500	0.01334	0.02834	0.02334	0.03668	0.02001	0.02334	0.01667	0.00834	0.00834	0.00167	0.00834	0.00667	0.00667	0.67325
38	0.02791	0.14364	0.25581	0.03353	0.04647	0.02921	0.17934	0.03731	0.02532	0.08362	0.02258	0.02628	0.01652	0.01044	0.01096	0.00342	0.01588	0.00979	0.00596	0.01603
39	0.04204	0.05364	0.03190	0.02900	0.03480	0.55926	0.02175	0.04494	0.03190	0.02755	0.01740	0.02030	0.01450	0.01160	0.01015	0.00290	0.02030	0.00725	0.00580	0.01305
40	0.01486	0.01021	0.01275	0.01443	0.01584	0.00950	0.00994	0.01767	0.02322	0.03226	0.10916	0.42641	0.11483	0.03047	0.01329	0.00414	0.00616	0.02721	0.09816	0.00950
41	0.03101	0.08080	0.21889	0.03862	0.15516	0.02727	0.07550	0.08421	0.02859	0.11614	0.02471	0.02745	0.01792	0.01112	0.01094	0.00342	0.01427	0.00965	0.00709	0.01724
42	0.02534	0.02039	0.02218	0.02087	0.02607	0.02303	0.01655	0.04895	0.36322	0.04406	0.04701	0.05684	0.03894	0.01775	0.01169	0.00390	0.00867	0.09035	0.09866	0.01554
43	0.05050	0.01915	0.02612	0.02003	0.02873	0.01654	0.01654	0.05485	0.03221	0.54203	0.04440	0.03831	0.02786	0.01393	0.01132	0.00348	0.00958	0.01132	0.01393	0.01915
44	0.02350	0.01809	0.02739	0.26202	0.08289	0.02022	0.02341	0.03168	0.07077	0.08187	0.03751	0.14328	0.03527	0.01863	0.01238	0.00404	0.01169	0.07401	0.00819	0.01317
45	0.02804	0.04342	0.33288	0.08543	0.04941	0.02464	0.10189	0.03848	0.02557	0.12591	0.02490	0.02794	0.01718	0.01115	0.01124	0.00360	0.01555	0.00974	0.00656	0.01647
46	0.01593	0.01150	0.01504	0.01416	0.01681	0.01062	0.01062	0.02124	0.03186	0.04513	0.52830	0.08407	0.10620	0.02301	0.01327	0.00354	0.00531	0.02035	0.01239	0.01062
47	0.02257	0.05822	0.54613	0.03208	0.04871	0.02614	0.04158	0.03564	0.02376	0.03564	0.02020	0.02376	0.01426	0.01069	0.01069	0.00356	0.01663	0.00832	0.00475	0.01663
48	0.13498	0.14858	0.08195	0.07668	0.03457	0.02553	0.02034	0.04266	0.02650	0.25950	0.02926	0.02881	0.02009	0.01192	0.00974	0.00329	0.01119	0.00900	0.00919	0.01621
49	0.02179	0.01283	0.01594	0.01462	0.01864	0.01131	0.01114	0.02583	0.02903	0.13789	0.25955	0.13174	0.21805	0.02407	0.01300	0.00371	0.00640	0.02072	0.01191	0.01183
50	0.01558	0.01149	0.01456	0.01379	0.01660	0.01047	0.01034	0.02056	0.03103	0.04317	0.47306	0.08731	0.16266	0.02374	0.01328	0.00357	0.00536	0.02081	0.01213	0.01047
51	0.02618	0.02264	0.03376	0.45133	0.06778	0.02727	0.02900	0.13572	0.02946	0.03840	0.02161	0.02933	0.01595	0.01177	0.01125	0.00367	0.01441	0.01003	0.00643	0.01402
52	0.09297	0.06856	0.03272	0.02323	0.03194	0.02408	0.06260	0.10910	0.07898	0.30498	0.03568	0.03326	0.02403	0.01297	0.01085	0.00345	0.01091	0.01066	0.01130	0.01773
53	0.02943	0.02656	0.03820	0.13193	0.10996	0.07893	0.10572	0.06981	0.02701	0.08414	0.02659	0.08310	0.02295	0.01479	0.01553	0.00381	0.09731	0.01253	0.00715	0.01455
54	0.68395	0.02177	0.01654	0.01480	0.02177	0.02525	0.01219	0.03309	0.01915	0.05050	0.01567	0.01828	0.01219	0.01045	0.00697	0.00348	0.00871	0.00609	0.00697	0.01219
55	0.04656	0.01800	0.02404	0.01875	0.02665	0.01574	0.01539	0.05104	0.03107	0.47536	0.04338	0.03880	0.02799	0.01382	0.01086	0.00337	0.00900	0.01121	0.10099	0.01800
56	0.02136	0.01721	0.01973	0.01809	0.02242	0.01844	0.01386	0.03859	0.24872	0.04601	0.31123	0.06514	0.07388	0.01953	0.01246	0.00366	0.00693	0.01692	0.01197	0.01386
57	0.02334	0.02001	0.02334	0.01667	0.02667	0.01500	0.01334	0.02834	0.02334	0.03668	0.02001	0.02334	0.01667	0.00834	0.00834	0.00167	0.00834	0.00667	0.00667	0.67325
58	0.05050	0.01915	0.02612	0.02003	0.02873	0.01654	0.01654	0.05485	0.03221	0.54203	0.04440	0.03831	0.02786	0.01393	0.01132	0.00348	0.00958	0.01132	0.01393	0.01915
59	0.02800	0.02418	0.02545	0.02291	0.02927	0.02800	0.01782	0.05981	0.51390	0.04708	0.04581	0.04199	0.03436	0.01527	0.01145	0.00382	0.00891	0.01273	0.01145	0.01782
60	0.01357	0.01141	0.01177	0.01168	0.01537	0.00961	0.00876	0.01667	0.02628	0.03190	0.15598	0.10586	0.48678	0.02795	0.01330	0.00377	0.00566	0.02341	0.01065	0.00961
61	0.05050	0.01915	0.02612	0.02003	0.02873	0.01654	0.01654	0.05485	0.03221	0.54203	0.04440	0.03831	0.02786	0.01393	0.01132	0.00348	0.00958	0.01132	0.01393	0.01915
62	0.01419	0.01144	0.01264	0.01234	0.01575	0.00988	0.00925	0.01788	0.02776	0.03541	0.25464	0.10009	0.38592	0.02664	0.01329	0.00371	0.00557	0.02260	0.01111	0.00988
63	0.01416	0.01091	0.01294	0.01354	0.01601	0.00969	0.00973	0.01740	0.02605	0.03393	0.21169	0.25879	0.26638	0.02916	0.01364	0.00398	0.00586	0.02547	0.01099	0.00969
64	0.20111	0.32702	0.12031	0.06151	0.03365	0.03518	0.02169	0.03347	0.02200	0.03440	0.01667	0.01988	0.01386	0.01013	0.00798	0.00297	0.01208	0.00669	0.00539	0.01404
65	0.68395	0.02177	0.01654	0.01480	0.02177	0.02525	0.01219	0.03309	0.01915	0.05050	0.01567	0.01828	0.01219	0.01045	0.00697	0.00348	0.00871	0.00609	0.00697	0.01219
66	0.01806	0.01426	0.01910	0.02055	0.06763	0.01423	0.01390	0.02572	0.07604	0.04084	0.33405	0.07119	0.11346	0.02963	0.08577	0.00551	0.00977	0.01779	0.01065	0.01185
67	0.02738	0.01774	0.02147	0.01636	0.02438	0.01426	0.01304	0.03232	0.02622	0.13627	0.09419	0.03622	0.03201	0.01186	0.00952	0.00237	0.00786	0.00978	0.07571	0.39103
68	0.02324	0.02094	0.03064	0.17921	0.10695	0.02554	0.02406	0.03106	0.07039	0.03403	0.07418	0.03588	0.02776	0.01540	0.01888	0.00393	0.18381	0.01132	0.06948	0.01329

[dist]
# distance from previous block
# <min> <max>
5	97

[block]
# block no. 1 follows, 11 sequences, length 71
# corresponding to MSA columns:
# 252-322
name=unknown_B
#
# <colnr> <probs for GDERKNQSTAVLIFYWHMCP>
#	G	D	E	R	K	N	Q	S	T	A	V	L	I	F	Y	W	H	M	C	P
0	0.01745	0.01342	0.01619	0.01516	0.01851	0.01313	0.01146	0.02649	0.10439	0.04366	0.40512	0.08059	0.14622	0.02249	0.01300	0.00361	0.00590	0.01960	0.01201	0.01158
1	0.04270	0.01724	0.02309	0.01831	0.02557	0.01512	0.01489	0.04727	0.03142	0.42339	0.11730	0.04558	0.03985	0.01524	0.01132	0.00342	0.00856	0.01262	0.07000	0.01711
2	0.01593	0.01150	0.01504	0.01416	0.01681	0.01062	0.01062	0.02124	0.03186	0.04513	0.52830	0.08407	0.10620	0.02301	0.01327	0.00354	0.00531	0.02035	0.01239	0.01062
3	0.01505	0.01147	0.01382	0.01323	0.01627	0.01024	0.00993	0.01953	0.02978	0.04019	0.38924	0.09221	0.24834	0.02485	0.01328	0.00363	0.00544	0.02150	0.01174	0.01024
4	0.02098	0.01049	0.01049	0.01049	0.01311	0.01049	0.00787	0.02623	0.02360	0.04196	0.03672	0.04196	0.02885	0.01311	0.00787	0.00262	0.00525	0.01049	0.66693	0.01049
5	0.05050	0.01915	0.02612	0.02003	0.02873	0.01654	0.01654	0.05485	0.03221	0.54203	0.04440	0.03831	0.02786	0.01393	0.01132	0.00348	0.00958	0.01132	0.01393	0.01915
6	0.68395	0.02177	0.01654	0.01480	0.02177	0.02525	0.01219	0.03309	0.01915	0.05050	0.01567	0.01828	0.01219	0.01045	0.00697	0.00348	0.00871	0.00609	0.00697	0.01219
7	0.03906	0.01745	0.02317	0.01823	0.02567	0.01496	0.01476	0.04372	0.03106	0.36376	0.15588	0.04733	0.04504	0.01540	0.01142	0.00328	0.00842	0.01290	0.01269	0.09582
8	0.02786	0.02674	0.04568	0.06908	0.53424	0.02674	0.03454	0.03454	0.02563	0.03677	0.02117	0.02786	0.01783	0.01003	0.01114	0.00334	0.01337	0.01003	0.00557	0.01783
9	0.04101	0.03064	0.03278	0.02554	0.03423	0.03407	0.02096	0.44415	0.10837	0.06806	0.02928	0.02882	0.02097	0.01372	0.01128	0.00343	0.01197	0.01045	0.01128	0.01898
10	0.01443	0.01125	0.01310	0.01305	0.01600	0.00992	0.00963	0.01818	0.02770	0.03624	0.27763	0.15718	0.30127	0.02706	0.01342	0.00379	0.00564	0.02335	0.01125	0.00992
11	0.01371	0.00979	0.01306	0.01567	0.01632	0.00914	0.01045	0.01567	0.02155	0.02873	0.06203	0.59710	0.07444	0.03526	0.01437	0.00457	0.00653	0.03200	0.01045	0.00914
12	0.03009	0.61122	0.05898	0.01926	0.02889	0.04454	0.01926	0.03370	0.02287	0.02648	0.01565	0.01805	0.01444	0.00963	0.00722	0.00241	0.01204	0.00602	0.00481	0.01444
13	0.01352	0.01141	0.01171	0.01163	0.01534	0.00960	0.00873	0.01658	0.02618	0.03165	0.14899	0.10627	0.49392	0.02804	0.01330	0.00378	0.00567	0.02347	0.01062	0.00960
14	0.12376	0.02027	0.02231	0.01639	0.02593	0.01656	0.01316	0.02906	0.02270	0.03878	0.01935	0.02257	0.01599	0.00866	0.00813	0.00194	0.00839	0.00658	0.00671	0.57277
15	0.02279	0.02157	0.03654	0.45901	0.18388	0.02541	0.03202	0.03010	0.02323	0.03062	0.02028	0.02951	0.01566	0.01097	0.01123	0.00366	0.01462	0.01001	0.00513	0.01374
16	0.02800	0.02418	0.02545	0.02291	0.02927	0.02800	0.01782	0.05981	0.51390	0.04708	0.04581	0.04199	0.03436	0.01527	0.01145	0.00382	0.00891	0.01273	0.01145	0.01782
17	0.01371	0.00979	0.01306	0.01567	0.01632	0.00914	0.01045	0.01567	0.02155	0.02873	0.06203	0.59710	0.07444	0.03526	0.01437	0.00457	0.00653	0.03200	0.01045	0.00914
18	0.02257	0.05822	0.54613	0.03208	0.04871	0.02614	0.04158	0.03564	0.02376	0.03564	0.02020	0.02376	0.01426	0.01069	0.01069	0.00356	0.01663	0.00832	0.00475	0.01663
19	0.01606	0.01145	0.01488	0.01436	0.01626	0.01127	0.01027	0.01987	0.02579	0.03629	0.32531	0.07488	0.07729	0.17452	0.11533	0.00776	0.01082	0.01800	0.00997	0.00960
20	0.01371	0.00979	0.01306	0.01567	0.01632	0.00914	0.01045	0.01567	0.02155	0.02873	0.06203	0.59710	0.07444	0.03526	0.01437	0.00457	0.00653	0.03200	0.01045	0.00914
21	0.02257	0.05822	0.54613	0.03208	0.04871	0.02614	0.04158	0.03564	0.02376	0.03564	0.02020	0.02376	0.01426	0.01069	0.01069	0.00356	0.01663	0.00832	0.00475	0.01663
22	0.02800	0.02418	0.02545	0.02291	0.02927	0.02800	0.01782	0.05981	0.51390	0.04708	0.04581	0.04199	0.03436	0.01527	0.01145	0.00382	0.00891	0.01273	0.01145	0.01782
23	0.02715	0.02453	0.03829	0.03074	0.03590	0.06401	0.16577	0.03193	0.02402	0.09223	0.03186	0.15899	0.03072	0.01879	0.01932	0.00417	0.16467	0.01598	0.00758	0.01335
24	0.68395	0.02177	0.01654	0.01480	0.02177	0.02525	0.01219	0.03309	0.01915	0.05050	0.01567	0.01828	0.01219	0.01045	0.00697	0.00348	0.00871	0.00609	0.00697	0.01219
25	0.02462	0.01343	0.01783	0.01564	0.01981	0.01211	0.01211	0.02969	0.03195	0.17012	0.40659	0.07256	0.08650	0.02073	0.01278	0.00353	0.00638	0.01808	0.01278	0.01277
26	0.15984	0.01982	0.02011	0.01771	0.02380	0.02149	0.01395	0.04389	0.22487	0.08582	0.03555	0.03548	0.02674	0.01316	0.00947	0.00328	0.00804	0.01030	0.16092	0.06576
27	0.01776	0.01343	0.01663	0.01549	0.01871	0.01326	0.01171	0.02710	0.10513	0.04543	0.45496	0.07768	0.09528	0.02183	0.01300	0.00358	0.00586	0.01920	0.01225	0.01171
28	0.03233	0.01568	0.01986	0.01705	0.02245	0.01470	0.01338	0.03957	0.07776	0.25307	0.15753	0.09809	0.05093	0.01789	0.01150	0.00349	0.00756	0.01521	0.11715	0.01479
29	0.25264	0.01999	0.02306	0.01836	0.02651	0.01932	0.01515	0.04791	0.02805	0.38518	0.03524	0.03192	0.02286	0.01282	0.00993	0.00348	0.00930	0.00965	0.01171	0.01693
30	0.01579	0.01179	0.01748	0.01780	0.01964	0.01348	0.01363	0.01957	0.01850	0.02644	0.03398	0.11073	0.03371	0.07850	0.49422	0.01646	0.02731	0.01446	0.00656	0.00994
31	0.51881	0.02338	0.02593	0.02630	0.10335	0.02580	0.06346	0.03360	0.02088	0.04697	0.01721	0.02094	0.01353	0.01029	0.00823	0.00349	0.01044	0.00741	0.00663	0.01334
32	0.03190	0.01953	0.02310	0.01988	0.02604	0.02023	0.01566	0.04882	0.24844	0.19769	0.16391	0.05121	0.05002	0.01676	0.01186	0.00365	0.00823	0.01417	0.01244	0.01646
33	0.02977	0.52198	0.05388	0.01981	0.02895	0.04202	0.01904	0.03767	0.09751	0.02961	0.02023	0.02169	0.01747	0.01049	0.00787	0.00262	0.01156	0.00704	0.00582	0.01496
34	0.02743	0.09701	0.42768	0.02921	0.04407	0.02617	0.03597	0.03841	0.02498	0.11188	0.02351	0.02551	0.01634	0.01110	0.01051	0.00346	0.01519	0.00859	0.00615	0.01684
35	0.01637	0.01091	0.01228	0.01228	0.01228	0.01091	0.00682	0.01637	0.01637	0.02182	0.03546	0.07365	0.04092	0.60445	0.05729	0.01091	0.01091	0.01637	0.00682	0.00682
36	0.02334	0.02001	0.02334	0.01667	0.02667	0.01500	0.01334	0.02834	0.02334	0.03668	0.02001	0.02334	0.01667	0.00834	0.00834	0.00167	0.00834	0.00667	0.00667	0.67325
37	0.05050	0.01915	0.02612	0.02003	0.02873	0.01654	0.01654	0.05485	0.03221	0.54203	0.04440	0.03831	0.02786	0.01393	0.01132	0.00348	0.00958	0.01132	0.01393	0.01915
38	0.01637	0.01091	0.01228	0.01228	0.01228	0.01091	0.00682	0.01637	0.01637	0.02182	0.03546	0.07365	0.04092	0.60445	0.05729	0.01091	0.01091	0.01637	0.00682	0.00682
39	0.01637	0.01091	0.01228	0.01228	0.01228	0.01091	0.00682	0.01637	0.01637	0.02182	0.03546	0.07365	0.04092	0.60445	0.05729	0.01091	0.01091	0.01637	0.00682	0.00682
40	0.02800	0.02418	0.02545	0.02291	0.02927	0.02800	0.01782	0.05981	0.51390	0.04708	0.04581	0.04199	0.03436	0.01527	0.01145	0.00382	0.00891	0.01273	0.01145	0.01782
41	0.02167	0.02001	0.03170	0.46661	0.06747	0.02303	0.02772	0.02867	0.02267	0.03032	0.02001	0.02869	0.01533	0.01068	0.01068	0.00334	0.01369	0.00934	0.00533	0.14305
42	0.02941	0.11586	0.03782	0.22250	0.09114	0.07399	0.02562	0.11549	0.07001	0.03779	0.02226	0.02733	0.01746	0.01226	0.01238	0.00347	0.05417	0.00942	0.00672	0.01489
43	0.04279	0.03153	0.03378	0.02590	0.03490	0.03490	0.02139	0.49671	0.05292	0.07093	0.02702	0.02702	0.01914	0.01351	0.01126	0.00338	0.01239	0.01013	0.01126	0.01914
44	0.68395	0.02177	0.01654	0.01480	0.02177	0.02525	0.01219	0.03309	0.01915	0.05050	0.01567	0.01828	0.01219	0.01045	0.00697	0.00348	0.00871	0.00609	0.00697	0.01219
45	0.02212	0.01233	0.01273	0.01206	0.01483	0.01262	0.00885	0.06445	0.02498	0.04135	0.03571	0.04552	0.02986	0.10303	0.01567	0.00395	0.00671	0.01135	0.51123	0.01066
46	0.02994	0.02568	0.07701	0.21569	0.21185	0.02417	0.06577	0.03710	0.02593	0.13843	0.02565	0.03058	0.01868	0.01123	0.01135	0.00355	0.01378	0.01041	0.00706	0.01612
47	0.04637	0.01928	0.02570	0.01952	0.02842	0.01631	0.01606	0.05082	0.03087	0.46521	0.04070	0.03603	0.02616	0.01308	0.01087	0.00321	0.00939	0.01061	0.01283	0.11858
48	0.02630	0.02176	0.02493	0.01807	0.02792	0.01803	0.01456	0.09953	0.02784	0.04188	0.02107	0.02390	0.01705	0.00912	0.00878	0.00193	0.00895	0.00720	0.00737	0.57382
49	0.08428	0.01639	0.01872	0.01736	0.02202	0.01680	0.01323	0.03801	0.13874	0.15171	0.04597	0.19769	0.04150	0.01989	0.01125	0.00372	0.00773	0.01696	0.12412	0.01389
50	0.02051	0.01862	0.03049	0.49149	0.06760	0.02286	0.02754	0.02687	0.02157	0.02770	0.02235	0.03664	0.01894	0.10142	0.01825	0.00484	0.01438	0.01097	0.00528	0.01164
51	0.01839	0.01349	0.01661	0.01510	0.01848	0.01295	0.01152	0.06813	0.03345	0.04651	0.44490	0.08036	0.13181	0.02251	0.01308	0.00354	0.00605	0.01961	0.01212	0.01138
52	0.03100	0.45994	0.11347	0.02228	0.03217	0.12056	0.02232	0.03564	0.02435	0.02774	0.01646	0.01908	0.01443	0.01006	0.00808	0.00262	0.01385	0.00648	0.00496	0.01450
53	0.03311	0.09721	0.03222	0.02345	0.03108	0.03226	0.01917	0.20031	0.30327	0.05245	0.03600	0.03419	0.02696	0.01401	0.01088	0.00350	0.01043	0.01107	0.01059	0.01785
54	0.03308	0.01970	0.02434	0.01787	0.02741	0.01556	0.01449	0.03785	0.02652	0.21786	0.02875	0.02871	0.02068	0.01034	0.00940	0.00232	0.00878	0.00834	0.00927	0.43874
55	0.02676	0.02810	0.15182	0.07748	0.07776	0.02009	0.09185	0.03372	0.02533	0.13528	0.03633	0.17695	0.03332	0.01753	0.01222	0.00384	0.01254	0.01604	0.00829	0.01473
56	0.10271	0.04984	0.41361	0.03220	0.04692	0.02637	0.10285	0.03540	0.02361	0.03749	0.02002	0.02405	0.01441	0.01049	0.01062	0.00359	0.01602	0.00876	0.00515	0.01589
57	0.09422	0.01761	0.02258	0.01809	0.02500	0.01598	0.01443	0.04512	0.02922	0.39023	0.08915	0.04549	0.03596	0.08559	0.01669	0.00438	0.00924	0.01240	0.01236	0.01626
58	0.05050	0.01915	0.02612	0.02003	0.02873	0.01654	0.01654	0.05485	0.03221	0.54203	0.04440	0.03831	0.02786	0.01393	0.01132	0.00348	0.00958	0.01132	0.01393	0.01915
59	0.03859	0.02428	0.02847	0.13823	0.07601	0.10093	0.02083	0.04363	0.02883	0.27109	0.03280	0.03345	0.02254	0.01265	0.01077	0.00335	0.01217	0.01025	0.07521	0.01590
60	0.01586	0.01136	0.01539	0.01714	0.01899	0.01089	0.01328	0.01982	0.02567	0.03456	0.17569	0.30030	0.07873	0.03074	0.01453	0.00454	0.00762	0.18405	0.01089	0.00995
61	0.01436	0.01145	0.01295	0.01323	0.01643	0.01005	0.01008	0.01788	0.02664	0.03364	0.19014	0.14294	0.36078	0.02815	0.01360	0.00394	0.00615	0.06694	0.01084	0.00979
62	0.02827	0.24869	0.03940	0.06914	0.07391	0.02928	0.01992	0.03212	0.02359	0.10202	0.02985	0.13992	0.02881	0.01657	0.01287	0.00344	0.06782	0.01305	0.00735	0.01398
63	0.05050	0.01915	0.02612	0.02003	0.02873	0.01654	0.01654	0.05485	0.03221	0.54203	0.04440	0.03831	0.02786	0.01393	0.01132	0.00348	0.00958	0.01132	0.01393	0.01915
64	0.24291	0.02562	0.03164	0.10835	0.03962	0.02821	0.07638	0.19001	0.03284	0.08799	0.02308	0.02591	0.01668	0.01174	0.01013	0.00353	0.01220	0.00929	0.00846	0.01544
65	0.02468	0.03006	0.09753	0.12512	0.11976	0.10339	0.10528	0.03103	0.02503	0.03187	0.03039	0.16383	0.02991	0.01652	0.01209	0.00374	0.01439	0.01523	0.00661	0.01355
66	0.02666	0.02174	0.03849	0.39705	0.06673	0.02434	0.11240	0.03404	0.02471	0.10809	0.02421	0.03133	0.01733	0.01134	0.01163	0.00372	0.01490	0.01079	0.00648	0.01400
67	0.01398	0.00991	0.01298	0.01533	0.01592	0.00932	0.01009	0.01574	0.02103	0.02804	0.05939	0.54502	0.07111	0.09189	0.01864	0.00520	0.00697	0.03044	0.01009	0.00891
68	0.32417	0.07287	0.03294	0.10768	0.03861	0.06675	0.09866	0.03545	0.02313	0.07674	0.01975	0.02371	0.01494	0.01068	0.00927	0.00345	0.01262	0.00837	0.00669	0.01350
69	0.01371	0.00979	0.01306	0.01567	0.01632	0.00914	0.01045	0.01567	0.02155	0.02873	0.06203	0.59710	0.07444	0.03526	0.01437	0.00457	0.00653	0.03200	0.01045	0.00914
70	0.28879	0.03009	0.02496	0.02165	0.02806	0.14751	0.01725	0.07981	0.08556	0.09361	0.02343	0.02484	0.01774	0.01264	0.01145	0.00350	0.05831	0.00832	0.00813	0.01435

[dist]
# distance from previous block
# <min> <max>
0	1

[block]
# block no. 2 follows, 11 sequences, length 13
# corresponding to MSA columns:
# 324-336
name=unknown_C
#
# <colnr> <probs for GDERKNQSTAVLIFYWHMCP>
#	G	D	E	R	K	N	Q	S	T	A	V	L	I	F	Y	W	H	M	C	P
0	0.68395	0.02177	0.01654	0.01480	0.02177	0.02525	0.01219	0.03309	0.01915	0.05050	0.01567	0.01828	0.01219	0.01045	0.00697	0.00348	0.00871	0.00609	0.00697	0.01219
1	0.02274	0.01705	0.02074	0.02050	0.02445	0.01799	0.01679	0.10227	0.10547	0.04233	0.10697	0.15083	0.05889	0.02546	0.01383	0.00442	0.00940	0.21619	0.01092	0.01277
2	0.01515	0.01114	0.01418	0.01414	0.01652	0.01017	0.01033	0.01946	0.02895	0.03991	0.38038	0.19390	0.15152	0.02624	0.01351	0.00379	0.00561	0.02320	0.01175	0.01017
3	0.01480	0.01051	0.01277	0.01388	0.01481	0.00993	0.00897	0.01645	0.02104	0.02787	0.09821	0.31484	0.11444	0.23518	0.02937	0.00665	0.00789	0.02457	0.00933	0.00848
4	0.35180	0.02040	0.02156	0.01754	0.02542	0.02068	0.01447	0.04450	0.02600	0.30823	0.03074	0.02878	0.02041	0.01227	0.00925	0.00348	0.00916	0.00883	0.01062	0.01584
5	0.01593	0.01150	0.01504	0.01416	0.01681	0.01062	0.01062	0.02124	0.03186	0.04513	0.52830	0.08407	0.10620	0.02301	0.01327	0.00354	0.00531	0.02035	0.01239	0.01062
6	0.02334	0.02001	0.02334	0.01667	0.02667	0.01500	0.01334	0.02834	0.02334	0.03668	0.02001	0.02334	0.01667	0.00834	0.00834	0.00167	0.00834	0.00667	0.00667	0.67325
7	0.01389	0.01143	0.01222	0.01202	0.01556	0.00975	0.00901	0.01729	0.02704	0.03370	0.20676	0.10289	0.43487	0.02727	0.01330	0.00374	0.00561	0.02299	0.01089	0.00975
8	0.02334	0.02001	0.02334	0.01667	0.02667	0.01500	0.01334	0.02834	0.02334	0.03668	0.02001	0.02334	0.01667	0.00834	0.00834	0.00167	0.00834	0.00667	0.00667	0.67325
9	0.02968	0.04346	0.33386	0.02773	0.04050	0.02453	0.03162	0.11076	0.02963	0.12441	0.02878	0.07457	0.02231	0.01373	0.01119	0.00361	0.01395	0.01108	0.00778	0.01683
10	0.02715	0.09219	0.24488	0.08383	0.04698	0.02815	0.11737	0.03591	0.02419	0.08785	0.02218	0.02672	0.01640	0.01188	0.01419	0.00368	0.08528	0.00970	0.00597	0.01551
11	0.03014	0.06734	0.02955	0.02296	0.02654	0.02469	0.01892	0.03336	0.02261	0.17445	0.03090	0.10048	0.02736	0.02664	0.08504	0.00579	0.23822	0.01293	0.00830	0.01379
12	0.03310	0.03861	0.29215	0.02628	0.03847	0.02113	0.02954	0.04201	0.02728	0.23404	0.03343	0.03925	0.02438	0.01390	0.01140	0.00369	0.01327	0.05217	0.00888	0.01703

[dist]
# distance from previous block
# <min> <max>
0	1

[block]
# block no. 3 follows, 11 sequences, length 69
# corresponding to MSA columns:
# 338-406
name=unknown_D
#
# <colnr> <probs for GDERKNQSTAVLIFYWHMCP>
#	G	D	E	R	K	N	Q	S	T	A	V	L	I	F	Y	W	H	M	C	P
0	0.05050	0.01915	0.02612	0.02003	0.02873	0.01654	0.01654	0.05485	0.03221	0.54203	0.04440	0.03831	0.02786	0.01393	0.01132	0.00348	0.00958	0.01132	0.01393	0.01915
1	0.02802	0.08190	0.17677	0.02766	0.07855	0.02350	0.02474	0.03974	0.11681	0.12373	0.03622	0.13002	0.03127	0.01626	0.01133	0.00365	0.01149	0.01377	0.00868	0.01590
2	0.68395	0.02177	0.01654	0.01480	0.02177	0.02525	0.01219	0.03309	0.01915	0.05050	0.01567	0.01828	0.01219	0.01045	0.00697	0.00348	0.00871	0.00609	0.00697	0.01219
3	0.09891	0.02624	0.08538	0.02850	0.03855	0.02164	0.15457	0.04570	0.02862	0.30537	0.03334	0.03285	0.02208	0.01204	0.01142	0.00358	0.01284	0.01112	0.01008	0.01715
4	0.02662	0.03160	0.17584	0.07998	0.08356	0.02347	0.02625	0.07881	0.11199	0.08248	0.12376	0.04074	0.03707	0.01431	0.01151	0.00358	0.01177	0.01207	0.00875	0.01584
5	0.01751	0.01322	0.01563	0.01439	0.01793	0.01241	0.01096	0.06121	0.03190	0.04313	0.36499	0.08610	0.22089	0.02377	0.01311	0.00360	0.00604	0.02045	0.01173	0.01104
6	0.02257	0.05822	0.54613	0.03208	0.04871	0.02614	0.04158	0.03564	0.02376	0.03564	0.02020	0.02376	0.01426	0.01069	0.01069	0.00356	0.01663	0.00832	0.00475	0.01663
7	0.03362	0.02089	0.03226	0.22816	0.04927	0.02195	0.06369	0.07964	0.02934	0.21476	0.03359	0.04277	0.02526	0.01431	0.01190	0.00378	0.01272	0.05733	0.00933	0.01545
8	0.04741	0.01825	0.02449	0.01903	0.02710	0.01591	0.01564	0.05186	0.03131	0.48977	0.04360	0.03869	0.02796	0.01385	0.01096	0.00339	0.00912	0.01123	0.08218	0.01825
9	0.02140	0.01845	0.01915	0.01775	0.02296	0.01970	0.01366	0.04023	0.29490	0.03960	0.07641	0.07174	0.25653	0.02121	0.01228	0.00381	0.00747	0.01767	0.01100	0.01409
10	0.09458	0.03190	0.12350	0.02879	0.03905	0.02716	0.11587	0.15796	0.08404	0.14048	0.02915	0.02997	0.02047	0.01222	0.01120	0.00357	0.01319	0.01057	0.00917	0.01716
11	0.02769	0.02496	0.04417	0.19074	0.09930	0.02614	0.19117	0.03994	0.11435	0.08340	0.02806	0.03289	0.02071	0.01150	0.01200	0.00372	0.01464	0.01178	0.00730	0.01552
12	0.05050	0.01915	0.02612	0.02003	0.02873	0.01654	0.01654	0.05485	0.03221	0.54203	0.04440	0.03831	0.02786	0.01393	0.01132	0.00348	0.00958	0.01132	0.01393	0.01915
13	0.01367	0.00996	0.01289	0.01523	0.01621	0.00918	0.01025	0.01572	0.02198	0.02891	0.06747	0.54602	0.12202	0.03456	0.01425	0.00449	0.00644	0.03114	0.01045	0.00918
14	0.02862	0.02324	0.04219	0.28680	0.10634	0.02455	0.15214	0.03601	0.02565	0.12510	0.02530	0.03142	0.01817	0.01116	0.01180	0.00368	0.01492	0.01112	0.00687	0.01493
15	0.02257	0.05822	0.54613	0.03208	0.04871	0.02614	0.04158	0.03564	0.02376	0.03564	0.02020	0.02376	0.01426	0.01069	0.01069	0.00356	0.01663	0.00832	0.00475	0.01663
16	0.04529	0.01893	0.02479	0.01954	0.02761	0.01695	0.01597	0.05195	0.07448	0.45389	0.05053	0.04468	0.07173	0.01531	0.01150	0.00354	0.00918	0.01252	0.01341	0.01820
17	0.02620	0.04853	0.40158	0.03804	0.13990	0.02536	0.03789	0.03723	0.02491	0.08322	0.02265	0.02591	0.01621	0.01087	0.01084	0.00351	0.01535	0.00893	0.00577	0.01710
18	0.09070	0.03547	0.21290	0.08724	0.04566	0.02473	0.11407	0.04043	0.06757	0.13189	0.02695	0.02940	0.01893	0.01151	0.01106	0.00363	0.01417	0.01014	0.00745	0.01609
19	0.02794	0.02671	0.04242	0.28861	0.10572	0.08080	0.14860	0.03512	0.02566	0.07598	0.02268	0.02962	0.01687	0.01095	0.01166	0.00361	0.01596	0.01068	0.00609	0.01432
20	0.43065	0.02474	0.02405	0.13800	0.07878	0.07410	0.01896	0.03339	0.02157	0.04269	0.01721	0.02174	0.01347	0.01068	0.00851	0.00347	0.01148	0.00735	0.00633	0.01282
21	0.01425	0.01129	0.01282	0.01276	0.01587	0.00986	0.00945	0.01787	0.02742	0.03535	0.25269	0.14563	0.34037	0.02723	0.01339	0.00378	0.00564	0.02335	0.01112	0.00986
22	0.03431	0.02548	0.03824	0.08496	0.12323	0.02595	0.10661	0.17297	0.03478	0.13764	0.03533	0.03710	0.06381	0.01338	0.01179	0.00354	0.01287	0.01206	0.00917	0.01678
23	0.68395	0.02177	0.01654	0.01480	0.02177	0.02525	0.01219	0.03309	0.01915	0.05050	0.01567	0.01828	0.01219	0.01045	0.00697	0.00348	0.00871	0.00609	0.00697	0.01219
24	0.03600	0.03235	0.03169	0.23045	0.04951	0.20410	0.02426	0.08772	0.03065	0.12965	0.02446	0.02800	0.01769	0.01211	0.01089	0.00338	0.01549	0.00934	0.00761	0.01463
25	0.03039	0.20583	0.26671	0.02745	0.04012	0.02975	0.06941	0.03880	0.02536	0.12978	0.02375	0.02548	0.01715	0.01090	0.01005	0.00324	0.01418	0.00866	0.00660	0.01637
26	0.01783	0.01309	0.01616	0.01505	0.01820	0.01250	0.01135	0.06171	0.03221	0.04456	0.40491	0.12566	0.13623	0.02376	0.01320	0.00364	0.00607	0.02079	0.01194	0.01113
27	0.02800	0.02418	0.02545	0.02291	0.02927	0.02800	0.01782	0.05981	0.51390	0.04708	0.04581	0.04199	0.03436	0.01527	0.01145	0.00382	0.00891	0.01273	0.01145	0.01782
28	0.02334	0.02001	0.02334	0.01667	0.02667	0.01500	0.01334	0.02834	0.02334	0.03668	0.02001	0.02334	0.01667	0.00834	0.00834	0.00167	0.00834	0.00667	0.00667	0.67325
29	0.01632	0.01111	0.01329	0.01329	0.01365	0.01146	0.00809	0.01702	0.01667	0.02258	0.03453	0.06850	0.03868	0.51335	0.14533	0.01217	0.01428	0.01561	0.00668	0.00739
30	0.01452	0.01040	0.01389	0.01589	0.01708	0.00976	0.01121	0.01738	0.02377	0.03208	0.14348	0.46242	0.07908	0.03272	0.01429	0.00445	0.00668	0.07060	0.01078	0.00952
31	0.01371	0.00979	0.01306	0.01567	0.01632	0.00914	0.01045	0.01567	0.02155	0.02873	0.06203	0.59710	0.07444	0.03526	0.01437	0.00457	0.00653	0.03200	0.01045	0.00914
32	0.02597	0.08827	0.14366	0.09669	0.22773	0.02910	0.11290	0.03379	0.02419	0.03392	0.02010	0.02651	0.01619	0.01094	0.01320	0.00354	0.06230	0.00987	0.00526	0.01588
33	0.02126	0.02001	0.03376	0.57739	0.07752	0.02501	0.03126	0.02876	0.02251	0.02876	0.02001	0.03001	0.01500	0.01125	0.01125	0.00375	0.01500	0.01000	0.00500	0.01250
34	0.01423	0.01144	0.01269	0.01237	0.01577	0.00990	0.00928	0.01795	0.02784	0.03560	0.26016	0.09977	0.38028	0.02657	0.01329	0.00371	0.00556	0.02255	0.01114	0.00990
35	0.02688	0.02051	0.03457	0.32822	0.09872	0.02249	0.07084	0.03372	0.02583	0.12175	0.07776	0.03697	0.02722	0.01268	0.01166	0.00365	0.01328	0.01163	0.00745	0.01417
36	0.02531	0.04677	0.39661	0.02833	0.04192	0.02382	0.03398	0.03835	0.06769	0.09012	0.07335	0.03259	0.02617	0.01260	0.01107	0.00358	0.01416	0.01016	0.00701	0.01642
37	0.01434	0.01064	0.01478	0.06226	0.02140	0.01046	0.01217	0.01676	0.02163	0.02873	0.05855	0.55007	0.06951	0.03327	0.01411	0.00450	0.00723	0.03017	0.01000	0.00942
38	0.03108	0.02571	0.02719	0.02353	0.03044	0.02943	0.01856	0.15084	0.41785	0.05205	0.04190	0.03887	0.03119	0.01490	0.01141	0.00373	0.00963	0.01219	0.01141	0.01809
39	0.36772	0.07819	0.08566	0.03072	0.12908	0.02760	0.06609	0.03397	0.02193	0.04282	0.01789	0.02186	0.01417	0.01023	0.00879	0.00340	0.01171	0.00777	0.00616	0.01423
40	0.68395	0.02177	0.01654	0.01480	0.02177	0.02525	0.01219	0.03309	0.01915	0.05050	0.01567	0.01828	0.01219	0.01045	0.00697	0.00348	0.00871	0.00609	0.00697	0.01219
41	0.03482	0.02257	0.03480	0.13988	0.22744	0.02286	0.02608	0.04290	0.06793	0.21809	0.03137	0.03318	0.02230	0.01209	0.01125	0.00351	0.01193	0.01071	0.00897	0.01734
42	0.04279	0.03153	0.03378	0.02590	0.03490	0.03490	0.02139	0.49671	0.05292	0.07093	0.02702	0.02702	0.01914	0.01351	0.01126	0.00338	0.01239	0.01013	0.01126	0.01914
43	0.01371	0.00979	0.01306	0.01567	0.01632	0.00914	0.01045	0.01567	0.02155	0.02873	0.06203	0.59710	0.07444	0.03526	0.01437	0.00457	0.00653	0.03200	0.01045	0.00914
44	0.03217	0.15197	0.21435	0.03320	0.12478	0.02905	0.02929	0.08674	0.02849	0.12966	0.02458	0.02634	0.01790	0.01125	0.01026	0.00326	0.01343	0.00890	0.00725	0.01713
45	0.04615	0.02288	0.02803	0.02184	0.03038	0.02249	0.01793	0.16957	0.08791	0.36855	0.04006	0.03578	0.02629	0.01396	0.01132	0.00349	0.01023	0.01116	0.01298	0.01901
46	0.04204	0.05364	0.03190	0.02900	0.03480	0.55926	0.02175	0.04494	0.03190	0.02755	0.01740	0.02030	0.01450	0.01160	0.01015	0.00290	0.02030	0.00725	0.00580	0.01305
47	0.01353	0.01141	0.01172	0.01164	0.01534	0.00960	0.00873	0.01660	0.02620	0.03169	0.15012	0.10621	0.49276	0.02803	0.01330	0.00378	0.00567	0.02346	0.01062	0.00960
48	0.04334	0.02108	0.03265	0.07581	0.08830	0.01947	0.06512	0.04870	0.03015	0.39707	0.03783	0.03575	0.02468	0.01287	0.01148	0.00352	0.01133	0.01126	0.01151	0.01806
49	0.01371	0.00979	0.01306	0.01567	0.01632	0.00914	0.01045	0.01567	0.02155	0.02873	0.06203	0.59710	0.07444	0.03526	0.01437	0.00457	0.00653	0.03200	0.01045	0.00914
50	0.01516	0.01147	0.01398	0.01335	0.01634	0.01029	0.01001	0.01975	0.03004	0.04082	0.40705	0.09117	0.23014	0.02462	0.01328	0.00362	0.00542	0.02135	0.01182	0.01029
51	0.02564	0.02390	0.04013	0.05969	0.43944	0.02384	0.03079	0.03175	0.02526	0.03573	0.02848	0.09092	0.02740	0.01431	0.01184	0.00362	0.01245	0.05200	0.00646	0.01634
52	0.03902	0.04861	0.03234	0.02909	0.03389	0.46822	0.02225	0.04185	0.02935	0.02747	0.01694	0.02105	0.01455	0.01300	0.01480	0.00325	0.11807	0.00770	0.00565	0.01292
53	0.04204	0.05364	0.03190	0.02900	0.03480	0.55926	0.02175	0.04494	0.03190	0.02755	0.01740	0.02030	0.01450	0.01160	0.01015	0.00290	0.02030	0.00725	0.00580	0.01305
54	0.05050	0.01915	0.02612	0.02003	0.02873	0.01654	0.01654	0.05485	0.03221	0.54203	0.04440	0.03831	0.02786	0.01393	0.01132	0.00348	0.00958	0.01132	0.01393	0.01915
55	0.03200	0.02431	0.08575	0.28421	0.09840	0.02238	0.02759	0.03893	0.02624	0.20607	0.02849	0.03201	0.01958	0.01200	0.01121	0.00360	0.01317	0.01028	0.00809	0.01569
56	0.01520	0.01148	0.01403	0.01339	0.01637	0.01031	0.01004	0.01982	0.03013	0.04102	0.41270	0.09084	0.22436	0.02454	0.01328	0.00361	0.00542	0.02130	0.01185	0.01031
57	0.68395	0.02177	0.01654	0.01480	0.02177	0.02525	0.01219	0.03309	0.01915	0.05050	0.01567	0.01828	0.01219	0.01045	0.00697	0.00348	0.00871	0.00609	0.00697	0.01219
58	0.04841	0.02251	0.02820	0.02162	0.03041	0.02152	0.01786	0.17464	0.03783	0.41431	0.03969	0.03525	0.02550	0.01382	0.01130	0.00345	0.01034	0.01100	0.01321	0.01915
59	0.02997	0.14449	0.14140	0.07872	0.04454	0.02940	0.14613	0.03720	0.02498	0.11984	0.02357	0.02749	0.01748	0.01172	0.01357	0.00354	0.07389	0.00997	0.00663	0.01546
60	0.01430	0.01130	0.01288	0.01278	0.01589	0.00988	0.00947	0.01797	0.02757	0.03566	0.26127	0.14160	0.33530	0.02708	0.01338	0.00377	0.00563	0.02322	0.01116	0.00988
61	0.04988	0.02014	0.02673	0.02049	0.02923	0.01801	0.01693	0.09019	0.03387	0.50436	0.04301	0.03741	0.02716	0.01390	0.01131	0.00347	0.00980	0.01122	0.01372	0.01915
62	0.02257	0.01359	0.01678	0.01539	0.01929	0.01282	0.01173	0.02944	0.07117	0.12293	0.27826	0.11864	0.12172	0.02168	0.01242	0.00359	0.00646	0.01877	0.07038	0.01237
63	0.03451	0.03570	0.25580	0.02477	0.03636	0.02019	0.02704	0.04284	0.02843	0.26565	0.08391	0.03660	0.02996	0.01344	0.01124	0.00352	0.01227	0.01092	0.00970	0.01715
64	0.01399	0.00991	0.01298	0.01532	0.01590	0.00933	0.01007	0.01574	0.02101	0.02801	0.05928	0.54275	0.07096	0.09437	0.01882	0.00523	0.00698	0.03037	0.01007	0.00890
65	0.04167	0.02224	0.02871	0.02610	0.08185	0.02182	0.01901	0.13839	0.07962	0.30899	0.07877	0.03910	0.03217	0.01431	0.01146	0.00348	0.01012	0.01183	0.01217	0.01818
66	0.14267	0.09103	0.07977	0.12880	0.08323	0.08333	0.02374	0.08135	0.06934	0.07998	0.02349	0.02642	0.01767	0.01160	0.00995	0.00337	0.01298	0.00884	0.00728	0.01516
67	0.01808	0.01192	0.01618	0.06097	0.02284	0.01146	0.01312	0.02107	0.02341	0.07732	0.06226	0.40942	0.11211	0.03029	0.01382	0.00437	0.00772	0.06281	0.01033	0.01049
68	0.02454	0.07489	0.08377	0.23369	0.05159	0.02375	0.10272	0.03149	0.02491	0.07976	0.06890	0.09260	0.03017	0.01449	0.01168	0.00367	0.01336	0.01331	0.00709	0.01361

[dist]
# distance from previous block
# <min> <max>
0	20

# created by:
# /st0/software/busco_prod/Augustus/scripts/msa2prfl.pl ./align_prep/5680.fa
