[name]
unknown

[dist]
# distance from previous block
# <min> <max>
1	243

[block]
# block no. 0 follows, 15 sequences, length 193
# corresponding to MSA columns:
# 273-465
name=unknown_A
#
# <colnr> <probs for GDERKNQSTAVLIFYWHMCP>
#	G	D	E	R	K	N	Q	S	T	A	V	L	I	F	Y	W	H	M	C	P
0	0.02986	0.19763	0.21117	0.02278	0.03298	0.02971	0.02372	0.22451	0.03081	0.07622	0.02041	0.02160	0.01502	0.01032	0.00889	0.00283	0.01190	0.00760	0.00685	0.01519
1	0.01841	0.01715	0.02875	0.58736	0.06526	0.02127	0.02653	0.02474	0.01988	0.02547	0.02005	0.06521	0.01659	0.01130	0.01014	0.00337	0.01282	0.01008	0.00473	0.01089
2	0.02067	0.01772	0.02067	0.01477	0.02362	0.01329	0.01181	0.02510	0.02067	0.03248	0.01772	0.02067	0.01477	0.00738	0.00738	0.00148	0.00738	0.00591	0.00591	0.71059
3	0.01999	0.05157	0.59800	0.02841	0.04315	0.02315	0.03683	0.03157	0.02105	0.03157	0.01789	0.02105	0.01263	0.00947	0.00947	0.00316	0.01473	0.00737	0.00421	0.01473
4	0.01919	0.01896	0.02064	0.01931	0.02060	0.09527	0.01482	0.02118	0.01899	0.02450	0.03847	0.20974	0.10693	0.06920	0.02251	0.00431	0.24319	0.01606	0.00663	0.00949
5	0.02719	0.02055	0.02287	0.02029	0.02591	0.02282	0.01641	0.15029	0.31964	0.08135	0.03939	0.04866	0.03242	0.01581	0.01080	0.00351	0.00882	0.10836	0.01007	0.01484
6	0.04473	0.01697	0.02313	0.01774	0.02545	0.01465	0.01465	0.04858	0.02853	0.59437	0.03933	0.03393	0.02468	0.01234	0.01003	0.00308	0.00848	0.01003	0.01234	0.01697
7	0.02067	0.01772	0.02067	0.01477	0.02362	0.01329	0.01181	0.02510	0.02067	0.03248	0.01772	0.02067	0.01477	0.00738	0.00738	0.00148	0.00738	0.00591	0.00591	0.71059
8	0.02584	0.01756	0.02120	0.01540	0.02402	0.01358	0.01242	0.03015	0.02236	0.15330	0.02237	0.02352	0.01690	0.00845	0.00795	0.00182	0.00762	0.00679	0.00729	0.56145
9	0.02314	0.28453	0.30165	0.02604	0.03763	0.02985	0.10777	0.03095	0.02112	0.02845	0.01666	0.01996	0.01307	0.00894	0.00862	0.00279	0.01345	0.00724	0.00436	0.01378
10	0.01340	0.01339	0.05719	0.01282	0.01660	0.01022	0.01085	0.01744	0.02389	0.03135	0.24972	0.07830	0.32960	0.02644	0.06052	0.00431	0.00745	0.01812	0.00912	0.00928
11	0.01450	0.00966	0.01087	0.01087	0.01087	0.00966	0.00604	0.01450	0.01450	0.01933	0.03141	0.06524	0.03624	0.64965	0.05074	0.00966	0.00966	0.01450	0.00604	0.00604
12	0.01424	0.01068	0.01602	0.01602	0.01780	0.01246	0.01246	0.01780	0.01602	0.02314	0.02670	0.03916	0.02492	0.07477	0.61015	0.01602	0.02670	0.01068	0.00534	0.00890
13	0.03642	0.09589	0.03033	0.02479	0.03040	0.52331	0.01906	0.07428	0.02887	0.02696	0.01587	0.01822	0.01312	0.01025	0.00884	0.00256	0.01690	0.00651	0.00540	0.01203
14	0.02537	0.21678	0.32580	0.02358	0.03458	0.02714	0.02717	0.03287	0.02144	0.10503	0.01932	0.02141	0.01434	0.01014	0.01027	0.00294	0.05503	0.00724	0.00534	0.01422
15	0.02669	0.30322	0.11124	0.02102	0.02926	0.07430	0.05511	0.03476	0.09566	0.07550	0.06349	0.02624	0.02239	0.01065	0.00856	0.00270	0.01117	0.00825	0.00633	0.01347
16	0.01999	0.05157	0.59800	0.02841	0.04315	0.02315	0.03683	0.03157	0.02105	0.03157	0.01789	0.02105	0.01263	0.00947	0.00947	0.00316	0.01473	0.00737	0.00421	0.01473
17	0.04473	0.01697	0.02313	0.01774	0.02545	0.01465	0.01465	0.04858	0.02853	0.59437	0.03933	0.03393	0.02468	0.01234	0.01003	0.00308	0.00848	0.01003	0.01234	0.01697
18	0.01954	0.01852	0.03081	0.53312	0.10779	0.02292	0.02747	0.02578	0.01980	0.02594	0.01744	0.02605	0.01348	0.01046	0.01172	0.00337	0.06104	0.00885	0.00447	0.01145
19	0.02467	0.02369	0.04046	0.06119	0.58747	0.02369	0.03059	0.03059	0.02270	0.03257	0.01875	0.02467	0.01579	0.00888	0.00987	0.00296	0.01184	0.00888	0.00493	0.01579
20	0.01424	0.01068	0.01602	0.01602	0.01780	0.01246	0.01246	0.01780	0.01602	0.02314	0.02670	0.03916	0.02492	0.07477	0.61015	0.01602	0.02670	0.01068	0.00534	0.00890
21	0.02564	0.02184	0.02302	0.02046	0.02625	0.02519	0.01598	0.08538	0.53567	0.04307	0.03950	0.03634	0.02956	0.01342	0.01013	0.00336	0.00809	0.01112	0.01013	0.01586
22	0.02701	0.07072	0.13899	0.02508	0.03327	0.02595	0.09196	0.10941	0.20080	0.08397	0.02740	0.02816	0.02028	0.01174	0.01166	0.00325	0.05810	0.00960	0.00768	0.01496
23	0.03748	0.04030	0.02886	0.02467	0.03085	0.39668	0.01915	0.22910	0.03510	0.03854	0.01855	0.02017	0.01435	0.01090	0.00935	0.00272	0.01540	0.00736	0.00692	0.01354
24	0.03614	0.02705	0.02893	0.02258	0.03025	0.03010	0.01852	0.48713	0.11682	0.06000	0.02616	0.02571	0.01876	0.01218	0.01000	0.00304	0.01056	0.00928	0.01000	0.01680
25	0.01883	0.01772	0.02990	0.62569	0.06866	0.02215	0.02769	0.02547	0.01993	0.02547	0.01772	0.02658	0.01329	0.00997	0.00997	0.00332	0.01329	0.00886	0.00443	0.01107
26	0.01534	0.01100	0.01506	0.01622	0.01853	0.01071	0.01361	0.01998	0.02489	0.03357	0.24760	0.09847	0.07087	0.02490	0.01303	0.00405	0.00753	0.33552	0.00984	0.00926
27	0.01299	0.01023	0.01178	0.01162	0.01452	0.00901	0.00887	0.01652	0.02491	0.03228	0.28763	0.08859	0.35454	0.02348	0.01191	0.00336	0.00519	0.05378	0.00993	0.00886
28	0.03061	0.07942	0.27009	0.02360	0.03383	0.11144	0.02501	0.03903	0.05864	0.19529	0.02494	0.02502	0.01731	0.01062	0.00940	0.00299	0.01270	0.00811	0.00711	0.01484
29	0.01178	0.01010	0.01010	0.01010	0.01347	0.00842	0.00757	0.01431	0.02272	0.02693	0.10099	0.09594	0.58342	0.02525	0.01178	0.00337	0.00505	0.02104	0.00926	0.00842
30	0.02353	0.02689	0.05882	0.04202	0.05210	0.02521	0.55126	0.03193	0.02353	0.03193	0.02017	0.02689	0.01513	0.00840	0.01176	0.00336	0.01681	0.01176	0.00504	0.01345
31	0.03088	0.07950	0.19363	0.02231	0.03177	0.02423	0.02235	0.14248	0.13561	0.17352	0.02835	0.02747	0.01987	0.01137	0.00960	0.00307	0.01084	0.00893	0.00845	0.01576
32	0.02524	0.02175	0.03403	0.28815	0.05039	0.02425	0.12466	0.12273	0.10734	0.06517	0.02378	0.02814	0.01741	0.01066	0.01034	0.00327	0.01252	0.00986	0.00676	0.01355
33	0.01215	0.00868	0.01157	0.01388	0.01446	0.00810	0.00925	0.01388	0.01909	0.02545	0.05495	0.64315	0.06593	0.03123	0.01272	0.00405	0.00578	0.02834	0.00925	0.00810
34	0.02480	0.02141	0.02254	0.02029	0.02592	0.02480	0.01578	0.05297	0.56946	0.04170	0.04057	0.03719	0.03043	0.01352	0.01014	0.00338	0.00789	0.01127	0.01014	0.01578
35	0.02339	0.04549	0.48845	0.02796	0.04148	0.02220	0.06837	0.03377	0.02217	0.10357	0.02078	0.02309	0.01434	0.00977	0.00970	0.00316	0.01407	0.00800	0.00530	0.01493
36	0.01883	0.01772	0.02990	0.62569	0.06866	0.02215	0.02769	0.02547	0.01993	0.02547	0.01772	0.02658	0.01329	0.00997	0.00997	0.00332	0.01329	0.00886	0.00443	0.01107
37	0.04473	0.01697	0.02313	0.01774	0.02545	0.01465	0.01465	0.04858	0.02853	0.59437	0.03933	0.03393	0.02468	0.01234	0.01003	0.00308	0.00848	0.01003	0.01234	0.01697
38	0.01282	0.00920	0.01217	0.01342	0.01461	0.00855	0.00931	0.01557	0.02222	0.03043	0.23587	0.44801	0.07559	0.02751	0.01239	0.00374	0.00541	0.02480	0.00984	0.00855
39	0.01999	0.05157	0.59800	0.02841	0.04315	0.02315	0.03683	0.03157	0.02105	0.03157	0.01789	0.02105	0.01263	0.00947	0.00947	0.00316	0.01473	0.00737	0.00421	0.01473
40	0.01215	0.00868	0.01157	0.01388	0.01446	0.00810	0.00925	0.01388	0.01909	0.02545	0.05495	0.64315	0.06593	0.03123	0.01272	0.00405	0.00578	0.02834	0.00925	0.00810
41	0.01215	0.00868	0.01157	0.01388	0.01446	0.00810	0.00925	0.01388	0.01909	0.02545	0.05495	0.64315	0.06593	0.03123	0.01272	0.00405	0.00578	0.02834	0.00925	0.00810
42	0.04197	0.02821	0.02502	0.02066	0.02742	0.23359	0.01635	0.04535	0.02843	0.38463	0.03053	0.02806	0.02032	0.01158	0.00964	0.00289	0.01198	0.00870	0.00969	0.01498
43	0.01281	0.00907	0.01125	0.01272	0.01334	0.00858	0.00819	0.01409	0.01802	0.02377	0.05154	0.43281	0.09633	0.21164	0.02377	0.00564	0.00686	0.02374	0.00831	0.00752
44	0.02067	0.01772	0.02067	0.01477	0.02362	0.01329	0.01181	0.02510	0.02067	0.03248	0.01772	0.02067	0.01477	0.00738	0.00738	0.00148	0.00738	0.00591	0.00591	0.71059
45	0.02475	0.35270	0.04739	0.07542	0.07800	0.03151	0.12903	0.03090	0.04973	0.02758	0.01748	0.02117	0.01459	0.00884	0.00832	0.00257	0.01189	0.00757	0.00490	0.05564
46	0.06885	0.61692	0.04995	0.01682	0.02520	0.03841	0.01668	0.02982	0.02006	0.02475	0.01386	0.01600	0.01267	0.00857	0.00638	0.00219	0.01048	0.00533	0.00438	0.01267
47	0.56268	0.12048	0.02166	0.05480	0.02359	0.02507	0.01293	0.02913	0.01769	0.04005	0.01413	0.01686	0.01128	0.00919	0.00646	0.00295	0.00855	0.00562	0.00575	0.01113
48	0.01927	0.01625	0.05441	0.09797	0.02672	0.01461	0.01498	0.06029	0.05661	0.07203	0.19084	0.17672	0.07988	0.01859	0.01098	0.00327	0.00777	0.01622	0.00887	0.05370
49	0.02022	0.01672	0.01958	0.01463	0.02260	0.01289	0.01177	0.02467	0.02084	0.03263	0.02112	0.02804	0.01840	0.00904	0.00779	0.00175	0.00732	0.04110	0.05409	0.61482
50	0.02101	0.01995	0.03384	0.41503	0.26227	0.02272	0.02877	0.02738	0.02097	0.02812	0.01810	0.02587	0.01422	0.00956	0.00993	0.00319	0.01275	0.00887	0.00462	0.01283
51	0.01335	0.00952	0.01278	0.01456	0.01560	0.00924	0.01052	0.01579	0.01980	0.02652	0.08281	0.41909	0.06084	0.08333	0.05589	0.00536	0.00808	0.11982	0.00882	0.00827
52	0.01212	0.00877	0.01147	0.01362	0.01439	0.00812	0.00914	0.01391	0.01934	0.02555	0.05810	0.60561	0.10143	0.03082	0.01266	0.00400	0.00573	0.02784	0.00925	0.00812
53	0.01215	0.00868	0.01157	0.01388	0.01446	0.00810	0.00925	0.01388	0.01909	0.02545	0.05495	0.64315	0.06593	0.03123	0.01272	0.00405	0.00578	0.02834	0.00925	0.00810
54	0.02665	0.65565	0.05224	0.01706	0.02559	0.03945	0.01706	0.02985	0.02026	0.02345	0.01386	0.01599	0.01279	0.00853	0.00640	0.00213	0.01066	0.00533	0.00426	0.01279
55	0.01310	0.00941	0.01242	0.01323	0.01467	0.00873	0.00933	0.01628	0.02352	0.03251	0.31107	0.36690	0.07960	0.02596	0.01225	0.00361	0.00526	0.02333	0.01009	0.00873
56	0.72007	0.01928	0.01465	0.01311	0.01928	0.02236	0.01080	0.02930	0.01697	0.04473	0.01388	0.01619	0.01080	0.00925	0.00617	0.00308	0.00771	0.00540	0.00617	0.01080
57	0.01858	0.00929	0.00929	0.00929	0.01161	0.00929	0.00697	0.02323	0.02091	0.03717	0.03252	0.03717	0.02555	0.01161	0.00697	0.00232	0.00465	0.00929	0.70499	0.00929
58	0.72007	0.01928	0.01465	0.01311	0.01928	0.02236	0.01080	0.02930	0.01697	0.04473	0.01388	0.01619	0.01080	0.00925	0.00617	0.00308	0.00771	0.00540	0.00617	0.01080
59	0.03790	0.02792	0.02992	0.02294	0.03091	0.03091	0.01895	0.55423	0.04687	0.06283	0.02393	0.02393	0.01695	0.01197	0.00997	0.00299	0.01097	0.00898	0.00997	0.01695
60	0.72007	0.01928	0.01465	0.01311	0.01928	0.02236	0.01080	0.02930	0.01697	0.04473	0.01388	0.01619	0.01080	0.00925	0.00617	0.00308	0.00771	0.00540	0.00617	0.01080
61	0.01215	0.00868	0.01157	0.01388	0.01446	0.00810	0.00925	0.01388	0.01909	0.02545	0.05495	0.64315	0.06593	0.03123	0.01272	0.00405	0.00578	0.02834	0.00925	0.00810
62	0.03790	0.02792	0.02992	0.02294	0.03091	0.03091	0.01895	0.55423	0.04687	0.06283	0.02393	0.02393	0.01695	0.01197	0.00997	0.00299	0.01097	0.00898	0.00997	0.01695
63	0.72007	0.01928	0.01465	0.01311	0.01928	0.02236	0.01080	0.02930	0.01697	0.04473	0.01388	0.01619	0.01080	0.00925	0.00617	0.00308	0.00771	0.00540	0.00617	0.01080
64	0.02218	0.22658	0.40225	0.02600	0.03861	0.02805	0.06553	0.03109	0.02098	0.02922	0.01686	0.01996	0.01284	0.00912	0.00873	0.00287	0.01368	0.00707	0.00428	0.01408
65	0.03025	0.01864	0.02754	0.24331	0.04296	0.01991	0.05020	0.03995	0.12658	0.24931	0.03052	0.03144	0.02102	0.01146	0.01012	0.00324	0.01061	0.00993	0.00860	0.01437
66	0.01215	0.00868	0.01157	0.01388	0.01446	0.00810	0.00925	0.01388	0.01909	0.02545	0.05495	0.64315	0.06593	0.03123	0.01272	0.00405	0.00578	0.02834	0.00925	0.00810
67	0.02811	0.02306	0.02441	0.02096	0.02718	0.02634	0.01658	0.17963	0.43741	0.04704	0.03637	0.03384	0.02703	0.01313	0.01010	0.00328	0.00867	0.01069	0.01010	0.01608
68	0.02179	0.09015	0.51863	0.02724	0.04105	0.02483	0.03416	0.07093	0.02294	0.03339	0.01808	0.02093	0.01297	0.00960	0.00930	0.00308	0.01418	0.00735	0.00465	0.01477
69	0.02478	0.01453	0.02196	0.09165	0.02785	0.01455	0.05087	0.02827	0.02225	0.20756	0.04030	0.29061	0.03941	0.02016	0.01280	0.00363	0.05023	0.01770	0.00904	0.01184
70	0.72007	0.01928	0.01465	0.01311	0.01928	0.02236	0.01080	0.02930	0.01697	0.04473	0.01388	0.01619	0.01080	0.00925	0.00617	0.00308	0.00771	0.00540	0.00617	0.01080
71	0.02147	0.02167	0.03345	0.02765	0.02923	0.02837	0.09672	0.02465	0.01651	0.02506	0.01515	0.02388	0.01429	0.02059	0.07444	0.00512	0.49679	0.00931	0.00453	0.01111
72	0.01828	0.01953	0.10073	0.01883	0.02381	0.01591	0.05252	0.06333	0.02551	0.03576	0.21866	0.05985	0.11710	0.01794	0.01291	0.00338	0.05920	0.07004	0.05575	0.01098
73	0.01732	0.00866	0.01299	0.01299	0.01299	0.00866	0.00866	0.01299	0.01299	0.01732	0.01732	0.03030	0.01732	0.03463	0.03896	0.70996	0.00866	0.00866	0.00433	0.00433
74	0.01307	0.00988	0.01207	0.01209	0.01440	0.00888	0.00885	0.01660	0.02493	0.03352	0.34554	0.18732	0.22885	0.02381	0.01195	0.00337	0.00501	0.02083	0.01016	0.00888
75	0.72007	0.01928	0.01465	0.01311	0.01928	0.02236	0.01080	0.02930	0.01697	0.04473	0.01388	0.01619	0.01080	0.00925	0.00617	0.00308	0.00771	0.00540	0.00617	0.01080
76	0.01516	0.01096	0.01383	0.01495	0.01698	0.01083	0.01157	0.02036	0.06326	0.03055	0.12508	0.23840	0.09560	0.06081	0.01449	0.00422	0.00701	0.18506	0.05169	0.00919
77	0.02665	0.65565	0.05224	0.01706	0.02559	0.03945	0.01706	0.02985	0.02026	0.02345	0.01386	0.01599	0.01279	0.00853	0.00640	0.00213	0.01066	0.00533	0.00426	0.01279
78	0.01183	0.00991	0.01029	0.01060	0.01360	0.00837	0.00780	0.01425	0.02224	0.02673	0.09485	0.16886	0.51446	0.02604	0.01191	0.00346	0.00515	0.02201	0.00926	0.00837
79	0.03790	0.02792	0.02992	0.02294	0.03091	0.03091	0.01895	0.55423	0.04687	0.06283	0.02393	0.02393	0.01695	0.01197	0.00997	0.00299	0.01097	0.00898	0.00997	0.01695
80	0.02683	0.02746	0.17115	0.07876	0.14452	0.01987	0.02449	0.06773	0.02463	0.14741	0.02541	0.03188	0.01968	0.01125	0.00980	0.00301	0.01119	0.04700	0.00699	0.10093
81	0.09795	0.02175	0.02424	0.01904	0.02649	0.06361	0.01558	0.15198	0.03140	0.39534	0.03223	0.02919	0.02103	0.01185	0.00962	0.00303	0.00966	0.00916	0.01080	0.01605
82	0.01606	0.01147	0.01606	0.01836	0.02065	0.01147	0.01606	0.02065	0.02295	0.02983	0.05278	0.11245	0.05737	0.02754	0.01377	0.00459	0.00918	0.52037	0.00918	0.00918
83	0.01215	0.00868	0.01157	0.01388	0.01446	0.00810	0.00925	0.01388	0.01909	0.02545	0.05495	0.64315	0.06593	0.03123	0.01272	0.00405	0.00578	0.02834	0.00925	0.00810
84	0.07297	0.34652	0.16072	0.02220	0.03167	0.07985	0.06244	0.06630	0.02289	0.02994	0.01599	0.01860	0.01309	0.00914	0.00789	0.00260	0.01241	0.00659	0.00489	0.01329
85	0.01511	0.01193	0.01570	0.01443	0.01649	0.01252	0.01115	0.01929	0.02590	0.03670	0.46448	0.06798	0.11459	0.02026	0.01491	0.00334	0.09896	0.01683	0.00987	0.00957
86	0.04473	0.01697	0.02313	0.01774	0.02545	0.01465	0.01465	0.04858	0.02853	0.59437	0.03933	0.03393	0.02468	0.01234	0.01003	0.00308	0.00848	0.01003	0.01234	0.01697
87	0.02218	0.01808	0.03112	0.14867	0.07328	0.01885	0.13539	0.02785	0.02407	0.10028	0.19294	0.04163	0.03988	0.01366	0.01286	0.00331	0.06388	0.01243	0.00754	0.01209
88	0.02092	0.13511	0.52252	0.02684	0.04072	0.02541	0.03410	0.03133	0.02094	0.03045	0.01733	0.02035	0.01265	0.00934	0.00905	0.00302	0.01417	0.00708	0.00422	0.01446
89	0.01883	0.01772	0.02990	0.62569	0.06866	0.02215	0.02769	0.02547	0.01993	0.02547	0.01772	0.02658	0.01329	0.00997	0.00997	0.00332	0.01329	0.00886	0.00443	0.01107
90	0.02037	0.04923	0.55344	0.02778	0.04181	0.02328	0.03520	0.03323	0.06351	0.03236	0.01965	0.02230	0.01401	0.00979	0.00952	0.00317	0.01420	0.00767	0.00467	0.01481
91	0.01367	0.01008	0.01278	0.01231	0.01468	0.00919	0.00916	0.01789	0.02689	0.03729	0.48371	0.11540	0.15640	0.02175	0.01183	0.00323	0.00482	0.01911	0.01063	0.00919
92	0.02015	0.11656	0.49207	0.02603	0.03900	0.02386	0.03252	0.03004	0.02081	0.03019	0.02023	0.06746	0.01667	0.01101	0.00937	0.00311	0.01360	0.00872	0.00460	0.01401
93	0.72007	0.01928	0.01465	0.01311	0.01928	0.02236	0.01080	0.02930	0.01697	0.04473	0.01388	0.01619	0.01080	0.00925	0.00617	0.00308	0.00771	0.00540	0.00617	0.01080
94	0.13272	0.55831	0.04649	0.01645	0.02462	0.03683	0.01610	0.02977	0.01975	0.02671	0.01386	0.01602	0.01249	0.00864	0.00636	0.00228	0.01021	0.00534	0.00456	0.01249
95	0.01308	0.00951	0.01232	0.01298	0.01460	0.00875	0.00922	0.01630	0.02377	0.03260	0.31414	0.33034	0.11418	0.02556	0.01219	0.00356	0.00521	0.02284	0.01009	0.00875
96	0.01571	0.01034	0.01191	0.01199	0.01410	0.01012	0.00864	0.02088	0.05976	0.03372	0.18955	0.17067	0.09605	0.07109	0.01353	0.00363	0.00554	0.01677	0.22681	0.00920
97	0.01542	0.01617	0.06918	0.10090	0.02979	0.01382	0.09687	0.01963	0.02004	0.02694	0.04164	0.41586	0.04679	0.02313	0.01194	0.00377	0.00920	0.02149	0.00755	0.00985
98	0.20585	0.02409	0.02570	0.02177	0.02614	0.10252	0.05216	0.10268	0.02261	0.03535	0.01770	0.02314	0.01496	0.02175	0.10636	0.00531	0.16618	0.00809	0.00593	0.01169
99	0.02665	0.65565	0.05224	0.01706	0.02559	0.03945	0.01706	0.02985	0.02026	0.02345	0.01386	0.01599	0.01279	0.00853	0.00640	0.00213	0.01066	0.00533	0.00426	0.01279
100	0.01370	0.00992	0.01326	0.01538	0.01688	0.00949	0.01187	0.01665	0.02094	0.02734	0.05784	0.38401	0.10478	0.02925	0.01307	0.00421	0.00710	0.22652	0.00922	0.00856
101	0.72007	0.01928	0.01465	0.01311	0.01928	0.02236	0.01080	0.02930	0.01697	0.04473	0.01388	0.01619	0.01080	0.00925	0.00617	0.00308	0.00771	0.00540	0.00617	0.01080
102	0.02224	0.06519	0.03373	0.02652	0.02771	0.03082	0.05371	0.02487	0.01611	0.02444	0.01357	0.02172	0.01319	0.01629	0.02965	0.00415	0.55182	0.00868	0.00440	0.01119
103	0.72007	0.01928	0.01465	0.01311	0.01928	0.02236	0.01080	0.02930	0.01697	0.04473	0.01388	0.01619	0.01080	0.00925	0.00617	0.00308	0.00771	0.00540	0.00617	0.01080
104	0.01391	0.00936	0.01197	0.01306	0.01450	0.00884	0.00933	0.01709	0.02216	0.03159	0.20010	0.35986	0.06720	0.02496	0.01163	0.00356	0.00550	0.05053	0.11615	0.00871
105	0.02067	0.01772	0.02067	0.01477	0.02362	0.01329	0.01181	0.02510	0.02067	0.03248	0.01772	0.02067	0.01477	0.00738	0.00738	0.00148	0.00738	0.00591	0.00591	0.71059
106	0.01310	0.00931	0.01125	0.01223	0.01305	0.00880	0.00788	0.01449	0.01845	0.02435	0.08718	0.32636	0.11932	0.25735	0.02653	0.00597	0.00705	0.02167	0.00819	0.00747
107	0.01883	0.01772	0.02990	0.62569	0.06866	0.02215	0.02769	0.02547	0.01993	0.02547	0.01772	0.02658	0.01329	0.00997	0.00997	0.00332	0.01329	0.00886	0.00443	0.01107
108	0.02199	0.01865	0.02198	0.05287	0.02701	0.01579	0.01353	0.06248	0.05967	0.03472	0.01969	0.02237	0.01589	0.00826	0.00790	0.00182	0.00802	0.00666	0.00638	0.57432
109	0.72007	0.01928	0.01465	0.01311	0.01928	0.02236	0.01080	0.02930	0.01697	0.04473	0.01388	0.01619	0.01080	0.00925	0.00617	0.00308	0.00771	0.00540	0.00617	0.01080
110	0.02368	0.01629	0.01900	0.01670	0.02136	0.01684	0.01322	0.10446	0.16243	0.10936	0.23395	0.05764	0.09485	0.01742	0.01104	0.00328	0.00713	0.04795	0.01055	0.01284
111	0.01637	0.01015	0.01178	0.01140	0.01202	0.00996	0.00678	0.01688	0.01617	0.05655	0.06384	0.06381	0.03887	0.57324	0.04593	0.00887	0.00930	0.01442	0.00672	0.00692
112	0.02665	0.65565	0.05224	0.01706	0.02559	0.03945	0.01706	0.02985	0.02026	0.02345	0.01386	0.01599	0.01279	0.00853	0.00640	0.00213	0.01066	0.00533	0.00426	0.01279
113	0.72007	0.01928	0.01465	0.01311	0.01928	0.02236	0.01080	0.02930	0.01697	0.04473	0.01388	0.01619	0.01080	0.00925	0.00617	0.00308	0.00771	0.00540	0.00617	0.01080
114	0.03511	0.01414	0.01804	0.01463	0.02036	0.01268	0.01182	0.03925	0.02573	0.38933	0.03682	0.03512	0.02500	0.01207	0.00890	0.00280	0.00707	0.00976	0.26722	0.01414
115	0.01262	0.01013	0.01126	0.01098	0.01398	0.00877	0.00823	0.01593	0.02470	0.03162	0.27398	0.08822	0.40751	0.02350	0.01177	0.00328	0.00492	0.01996	0.00987	0.00877
116	0.03790	0.02792	0.02992	0.02294	0.03091	0.03091	0.01895	0.55423	0.04687	0.06283	0.02393	0.02393	0.01695	0.01197	0.00997	0.00299	0.01097	0.00898	0.00997	0.01695
117	0.01178	0.01010	0.01010	0.01010	0.01347	0.00842	0.00757	0.01431	0.02272	0.02693	0.10099	0.09594	0.58342	0.02525	0.01178	0.00337	0.00505	0.02104	0.00926	0.00842
118	0.03790	0.02792	0.02992	0.02294	0.03091	0.03091	0.01895	0.55423	0.04687	0.06283	0.02393	0.02393	0.01695	0.01197	0.00997	0.00299	0.01097	0.00898	0.00997	0.01695
119	0.04473	0.01697	0.02313	0.01774	0.02545	0.01465	0.01465	0.04858	0.02853	0.59437	0.03933	0.03393	0.02468	0.01234	0.01003	0.00308	0.00848	0.01003	0.01234	0.01697
120	0.01359	0.01017	0.01260	0.01199	0.01457	0.00918	0.00900	0.01780	0.02699	0.03705	0.47427	0.07928	0.20383	0.02147	0.01176	0.00319	0.00478	0.01870	0.01059	0.00918
121	0.02353	0.02689	0.05882	0.04202	0.05210	0.02521	0.55126	0.03193	0.02353	0.03193	0.02017	0.02689	0.01513	0.00840	0.01176	0.00336	0.01681	0.01176	0.00504	0.01345
122	0.01732	0.00866	0.01299	0.01299	0.01299	0.00866	0.00866	0.01299	0.01299	0.01732	0.01732	0.03030	0.01732	0.03463	0.03896	0.70996	0.00866	0.00866	0.00433	0.00433
123	0.01215	0.00868	0.01157	0.01388	0.01446	0.00810	0.00925	0.01388	0.01909	0.02545	0.05495	0.64315	0.06593	0.03123	0.01272	0.00405	0.00578	0.02834	0.00925	0.00810
124	0.01858	0.00929	0.00929	0.00929	0.01161	0.00929	0.00697	0.02323	0.02091	0.03717	0.03252	0.03717	0.02555	0.01161	0.00697	0.00232	0.00465	0.00929	0.70499	0.00929
125	0.03724	0.04751	0.02825	0.02568	0.03082	0.60963	0.01926	0.03981	0.02825	0.02440	0.01541	0.01798	0.01284	0.01027	0.00899	0.00257	0.01798	0.00642	0.00514	0.01156
126	0.04473	0.01697	0.02313	0.01774	0.02545	0.01465	0.01465	0.04858	0.02853	0.59437	0.03933	0.03393	0.02468	0.01234	0.01003	0.00308	0.00848	0.01003	0.01234	0.01697
127	0.02665	0.65565	0.05224	0.01706	0.02559	0.03945	0.01706	0.02985	0.02026	0.02345	0.01386	0.01599	0.01279	0.00853	0.00640	0.00213	0.01066	0.00533	0.00426	0.01279
128	0.02443	0.02553	0.03018	0.30268	0.12426	0.14599	0.02444	0.03238	0.08798	0.02807	0.01978	0.02543	0.01559	0.01089	0.01153	0.00320	0.06128	0.00863	0.00533	0.01238
129	0.03449	0.02445	0.02752	0.06260	0.03147	0.02683	0.01825	0.40604	0.06943	0.10193	0.02813	0.07364	0.02189	0.01344	0.01020	0.00312	0.01035	0.01068	0.00975	0.01581
130	0.21111	0.02488	0.07243	0.02299	0.06048	0.05751	0.05863	0.13316	0.02696	0.15040	0.02508	0.07032	0.01975	0.01203	0.00923	0.00313	0.01048	0.00964	0.00795	0.01384
131	0.02536	0.02497	0.03195	0.02677	0.02869	0.09890	0.06202	0.02819	0.01837	0.06341	0.01570	0.02256	0.01400	0.01554	0.02669	0.00398	0.46749	0.00877	0.00505	0.01159
132	0.02330	0.43683	0.12160	0.06384	0.02978	0.03179	0.01949	0.02798	0.02103	0.02605	0.05744	0.02676	0.05721	0.01068	0.00781	0.00252	0.01066	0.00778	0.00505	0.01242
133	0.02067	0.01772	0.02067	0.01477	0.02362	0.01329	0.01181	0.02510	0.02067	0.03248	0.01772	0.02067	0.01477	0.00738	0.00738	0.00148	0.00738	0.00591	0.00591	0.71059
134	0.01945	0.01894	0.03375	0.54791	0.06645	0.02256	0.09746	0.02633	0.02041	0.02633	0.01805	0.02662	0.01353	0.00976	0.01021	0.00333	0.01376	0.00925	0.00451	0.01139
135	0.02266	0.02163	0.03683	0.25524	0.40912	0.02316	0.02959	0.02883	0.02175	0.03013	0.01840	0.02533	0.01493	0.00926	0.00990	0.00309	0.01234	0.00887	0.00476	0.01417
136	0.01883	0.01772	0.02990	0.62569	0.06866	0.02215	0.02769	0.02547	0.01993	0.02547	0.01772	0.02658	0.01329	0.00997	0.00997	0.00332	0.01329	0.00886	0.00443	0.01107
137	0.01369	0.00978	0.01334	0.01564	0.01690	0.00943	0.01193	0.01655	0.02061	0.02717	0.05409	0.43426	0.06256	0.02978	0.01314	0.00426	0.00712	0.22201	0.00922	0.00852
138	0.02567	0.02350	0.03551	0.19945	0.36931	0.06798	0.02777	0.03136	0.02286	0.07255	0.01978	0.02534	0.01559	0.00953	0.00984	0.00303	0.01243	0.00877	0.00538	0.01435
139	0.02364	0.01921	0.02780	0.40291	0.05327	0.02276	0.02345	0.07309	0.13845	0.07822	0.02477	0.02922	0.01811	0.01106	0.01001	0.00329	0.01158	0.00947	0.00670	0.01299
140	0.01450	0.00966	0.01087	0.01087	0.01087	0.00966	0.00604	0.01450	0.01450	0.01933	0.03141	0.06524	0.03624	0.64965	0.05074	0.00966	0.00966	0.01450	0.00604	0.00604
141	0.01450	0.00966	0.01087	0.01087	0.01087	0.00966	0.00604	0.01450	0.01450	0.01933	0.03141	0.06524	0.03624	0.64965	0.05074	0.00966	0.00966	0.01450	0.00604	0.00604
142	0.02520	0.08132	0.35366	0.02554	0.03687	0.06992	0.02861	0.11814	0.09873	0.03685	0.02144	0.02311	0.01572	0.01041	0.00941	0.00305	0.01321	0.00794	0.00599	0.01486
143	0.02578	0.02383	0.03465	0.02741	0.03420	0.02609	0.17322	0.10510	0.30490	0.04006	0.03052	0.03142	0.02302	0.01214	0.01230	0.00340	0.05796	0.01095	0.00819	0.01487
144	0.01345	0.00991	0.01277	0.01471	0.01582	0.00969	0.01025	0.01754	0.06435	0.02708	0.05362	0.55754	0.06245	0.02953	0.01258	0.00403	0.00619	0.06038	0.00932	0.00880
145	0.01424	0.01068	0.01602	0.01602	0.01780	0.01246	0.01246	0.01780	0.01602	0.02314	0.02670	0.03916	0.02492	0.07477	0.61015	0.01602	0.02670	0.01068	0.00534	0.00890
146	0.02655	0.01783	0.02704	0.24807	0.11572	0.01911	0.02214	0.06667	0.02476	0.16543	0.03016	0.04437	0.02504	0.01389	0.01070	0.00344	0.01100	0.10726	0.00767	0.01314
147	0.02502	0.01451	0.01537	0.01327	0.01735	0.01514	0.01048	0.16086	0.02800	0.07547	0.03071	0.03359	0.02330	0.01175	0.00791	0.00254	0.00649	0.00925	0.48731	0.01169
148	0.01215	0.00868	0.01157	0.01388	0.01446	0.00810	0.00925	0.01388	0.01909	0.02545	0.05495	0.64315	0.06593	0.03123	0.01272	0.00405	0.00578	0.02834	0.00925	0.00810
149	0.02915	0.02056	0.03155	0.18542	0.24335	0.02147	0.02409	0.06583	0.06207	0.17776	0.02557	0.02834	0.01852	0.01054	0.00996	0.00311	0.01102	0.00934	0.00736	0.01499
150	0.01992	0.01884	0.03188	0.51987	0.16591	0.02244	0.02823	0.02643	0.02045	0.02680	0.01791	0.02622	0.01376	0.00976	0.00995	0.00325	0.01302	0.00886	0.00452	0.01196
151	0.72007	0.01928	0.01465	0.01311	0.01928	0.02236	0.01080	0.02930	0.01697	0.04473	0.01388	0.01619	0.01080	0.00925	0.00617	0.00308	0.00771	0.00540	0.00617	0.01080
152	0.13523	0.01810	0.02250	0.01751	0.02503	0.01692	0.01446	0.08417	0.02836	0.48015	0.03474	0.03079	0.02222	0.01189	0.00950	0.00308	0.00857	0.00932	0.01133	0.01613
153	0.02098	0.01991	0.03379	0.41797	0.25957	0.02271	0.02876	0.02736	0.02095	0.02808	0.01810	0.02588	0.01421	0.00957	0.00993	0.00319	0.01276	0.00887	0.00462	0.01281
154	0.04259	0.01634	0.02200	0.01705	0.02432	0.01421	0.01402	0.04651	0.02791	0.54881	0.03877	0.03420	0.02475	0.01228	0.00978	0.00302	0.00817	0.00997	0.06897	0.01634
155	0.01646	0.01074	0.01392	0.01281	0.01566	0.00977	0.00972	0.02096	0.02789	0.08446	0.50671	0.07254	0.12003	0.02004	0.01162	0.00315	0.00503	0.01757	0.01097	0.00996
156	0.01234	0.00876	0.01151	0.01363	0.01417	0.00823	0.00899	0.01393	0.01871	0.02495	0.05302	0.59590	0.06351	0.08179	0.01583	0.00451	0.00610	0.02721	0.00899	0.00793
157	0.02353	0.02689	0.05882	0.04202	0.05210	0.02521	0.55126	0.03193	0.02353	0.03193	0.02017	0.02689	0.01513	0.00840	0.01176	0.00336	0.01681	0.01176	0.00504	0.01345
158	0.01284	0.01009	0.01086	0.01097	0.01342	0.00897	0.00789	0.01503	0.02112	0.02608	0.10882	0.08862	0.39188	0.17168	0.02106	0.00491	0.00639	0.05280	0.00859	0.00797
159	0.01424	0.01068	0.01602	0.01602	0.01780	0.01246	0.01246	0.01780	0.01602	0.02314	0.02670	0.03916	0.02492	0.07477	0.61015	0.01602	0.02670	0.01068	0.00534	0.00890
160	0.02067	0.01772	0.02067	0.01477	0.02362	0.01329	0.01181	0.02510	0.02067	0.03248	0.01772	0.02067	0.01477	0.00738	0.00738	0.00148	0.00738	0.00591	0.00591	0.71059
161	0.02656	0.21794	0.33338	0.02315	0.03478	0.02621	0.02699	0.03429	0.02223	0.13538	0.02078	0.02203	0.01495	0.00974	0.00870	0.00285	0.01239	0.00729	0.00576	0.01460
162	0.17972	0.12234	0.02873	0.02169	0.02769	0.37026	0.01716	0.07062	0.02604	0.03112	0.01545	0.01773	0.01268	0.00994	0.00811	0.00265	0.01436	0.00623	0.00556	0.01192
163	0.03280	0.01914	0.02353	0.01858	0.02553	0.01870	0.01509	0.07604	0.12816	0.27127	0.03109	0.02965	0.02186	0.01179	0.01136	0.00286	0.06180	0.00909	0.00954	0.18210
164	0.02551	0.07038	0.14672	0.16098	0.13357	0.02483	0.08200	0.09773	0.05839	0.07216	0.02154	0.02532	0.01599	0.01006	0.00982	0.00310	0.01259	0.00888	0.00609	0.01434
165	0.02353	0.02689	0.05882	0.04202	0.05210	0.02521	0.55126	0.03193	0.02353	0.03193	0.02017	0.02689	0.01513	0.00840	0.01176	0.00336	0.01681	0.01176	0.00504	0.01345
166	0.04241	0.01645	0.02239	0.01734	0.02465	0.01426	0.01426	0.04633	0.02851	0.55250	0.08033	0.03699	0.02992	0.01295	0.01016	0.00309	0.00820	0.01063	0.01224	0.01639
167	0.02543	0.04413	0.45256	0.02635	0.03933	0.02302	0.03172	0.09911	0.02524	0.10834	0.02142	0.02308	0.01473	0.01015	0.00961	0.00313	0.01345	0.00791	0.00598	0.01530
168	0.01550	0.01107	0.01542	0.01771	0.01976	0.01099	0.01508	0.01968	0.02239	0.02920	0.05309	0.18901	0.05861	0.02807	0.01362	0.00451	0.00869	0.44939	0.00919	0.00902
169	0.01271	0.00970	0.01183	0.01328	0.01519	0.00881	0.00985	0.01524	0.02111	0.02677	0.07150	0.34756	0.25484	0.02837	0.01256	0.00389	0.00612	0.11302	0.00924	0.00841
170	0.02312	0.01758	0.01974	0.01768	0.02247	0.01920	0.01371	0.04204	0.35767	0.08635	0.20816	0.04847	0.04966	0.01555	0.01063	0.00328	0.00695	0.01326	0.01058	0.01390
171	0.03609	0.02765	0.02528	0.02127	0.02777	0.17140	0.01679	0.12330	0.18603	0.21156	0.03129	0.02931	0.02216	0.01210	0.00979	0.00302	0.01110	0.00931	0.00952	0.01525
172	0.04365	0.01869	0.02420	0.01855	0.02631	0.01721	0.01533	0.12811	0.03142	0.51077	0.03691	0.03236	0.02346	0.01228	0.01002	0.00307	0.00887	0.00986	0.01197	0.01696
173	0.04473	0.01697	0.02313	0.01774	0.02545	0.01465	0.01465	0.04858	0.02853	0.59437	0.03933	0.03393	0.02468	0.01234	0.01003	0.00308	0.00848	0.01003	0.01234	0.01697
174	0.01462	0.01044	0.01441	0.01671	0.01837	0.01023	0.01356	0.01816	0.02153	0.02822	0.05358	0.30773	0.06052	0.02890	0.01338	0.00439	0.00793	0.33931	0.00921	0.00878
175	0.02111	0.02005	0.03403	0.40477	0.27170	0.02275	0.02882	0.02748	0.02102	0.02825	0.01812	0.02583	0.01427	0.00954	0.00993	0.00318	0.01272	0.00887	0.00463	0.01292
176	0.01988	0.01147	0.01518	0.01352	0.01688	0.01040	0.01040	0.02443	0.02828	0.14453	0.47983	0.06682	0.08098	0.01886	0.01143	0.00313	0.00542	0.01652	0.01123	0.01083
177	0.66145	0.02002	0.01596	0.01395	0.02028	0.02310	0.01150	0.07441	0.01954	0.04628	0.01474	0.01686	0.01133	0.00949	0.00650	0.00308	0.00799	0.00571	0.00650	0.01133
178	0.07512	0.01049	0.01120	0.01107	0.01160	0.01076	0.00645	0.01577	0.01471	0.02151	0.02990	0.06102	0.03406	0.59463	0.04691	0.00910	0.00950	0.01372	0.00605	0.00645
179	0.03568	0.02627	0.02834	0.02216	0.02950	0.02895	0.01811	0.50780	0.04448	0.05962	0.02660	0.07714	0.02116	0.01362	0.01021	0.00308	0.01052	0.01064	0.00991	0.01619
180	0.72007	0.01928	0.01465	0.01311	0.01928	0.02236	0.01080	0.02930	0.01697	0.04473	0.01388	0.01619	0.01080	0.00925	0.00617	0.00308	0.00771	0.00540	0.00617	0.01080
181	0.72007	0.01928	0.01465	0.01311	0.01928	0.02236	0.01080	0.02930	0.01697	0.04473	0.01388	0.01619	0.01080	0.00925	0.00617	0.00308	0.00771	0.00540	0.00617	0.01080
182	0.01235	0.00876	0.01151	0.01362	0.01415	0.00823	0.00898	0.01393	0.01869	0.02492	0.05292	0.59349	0.06338	0.08437	0.01599	0.00453	0.00612	0.02715	0.00898	0.00792
183	0.01674	0.01077	0.01417	0.01299	0.01580	0.00986	0.00986	0.02137	0.02825	0.08761	0.53556	0.07098	0.08810	0.01969	0.01161	0.00313	0.00503	0.01734	0.01109	0.01006
184	0.07477	0.01097	0.01344	0.01259	0.01527	0.01052	0.00953	0.01971	0.02725	0.04038	0.53337	0.06946	0.08691	0.01942	0.01128	0.00313	0.00496	0.01694	0.01056	0.00953
185	0.02598	0.60084	0.05032	0.06935	0.02929	0.03796	0.01797	0.02947	0.02023	0.02363	0.01419	0.01690	0.01284	0.00865	0.00670	0.00223	0.01089	0.00563	0.00428	0.01265
186	0.01459	0.01019	0.01415	0.01415	0.01522	0.01126	0.01013	0.01636	0.01528	0.02145	0.02737	0.04655	0.02780	0.25087	0.38635	0.07366	0.01983	0.01170	0.00547	0.00761
187	0.02051	0.01772	0.02146	0.06726	0.02749	0.01405	0.01318	0.02513	0.02061	0.03188	0.01772	0.02118	0.01464	0.00760	0.00760	0.00164	0.00789	0.00616	0.00578	0.65049
188	0.08748	0.03105	0.02833	0.02487	0.02729	0.24293	0.01993	0.03027	0.02019	0.02592	0.01401	0.01992	0.01280	0.01410	0.02170	0.00359	0.35209	0.00759	0.00480	0.01114
189	0.03642	0.02705	0.02912	0.02223	0.03029	0.02940	0.01833	0.50876	0.04462	0.06022	0.02340	0.02365	0.01677	0.01157	0.00975	0.00286	0.01066	0.00871	0.00962	0.07655
190	0.02391	0.02040	0.02154	0.01948	0.02463	0.02350	0.01494	0.04967	0.52177	0.03978	0.03979	0.03960	0.03093	0.06818	0.01363	0.00392	0.00804	0.01155	0.00979	0.01494
191	0.01923	0.01851	0.03239	0.57554	0.06724	0.02241	0.07267	0.02603	0.02024	0.02603	0.01793	0.02660	0.01345	0.00983	0.01012	0.00333	0.01359	0.00911	0.00448	0.01128
192	0.04250	0.01703	0.02372	0.06997	0.02916	0.01530	0.01577	0.04660	0.02779	0.54549	0.03747	0.03330	0.02370	0.01213	0.01002	0.00311	0.00890	0.00992	0.01166	0.01646

[dist]
# distance from previous block
# <min> <max>
0	1

[block]
# block no. 1 follows, 15 sequences, length 9
# corresponding to MSA columns:
# 467-475
name=unknown_B
#
# <colnr> <probs for GDERKNQSTAVLIFYWHMCP>
#	G	D	E	R	K	N	Q	S	T	A	V	L	I	F	Y	W	H	M	C	P
0	0.03080	0.02107	0.03406	0.08712	0.36728	0.02063	0.02519	0.03610	0.02441	0.21532	0.02539	0.02783	0.01851	0.01009	0.00993	0.00303	0.01085	0.00925	0.00731	0.01584
1	0.02430	0.02473	0.04645	0.05494	0.41284	0.02418	0.20043	0.03103	0.02297	0.03236	0.01921	0.02540	0.01557	0.00873	0.01049	0.00309	0.01346	0.00982	0.00497	0.01503
2	0.01420	0.01052	0.01514	0.01489	0.01685	0.01146	0.01146	0.01813	0.02000	0.02863	0.20790	0.05068	0.04747	0.05703	0.41496	0.01182	0.01953	0.01308	0.00718	0.00907
3	0.01450	0.00966	0.01087	0.01087	0.01087	0.00966	0.00604	0.01450	0.01450	0.01933	0.03141	0.06524	0.03624	0.64965	0.05074	0.00966	0.00966	0.01450	0.00604	0.00604
4	0.01586	0.01462	0.02698	0.02306	0.02674	0.01368	0.18605	0.01977	0.02054	0.02756	0.04360	0.44213	0.04936	0.02379	0.01241	0.00382	0.00938	0.02293	0.00788	0.00984
5	0.01698	0.01083	0.01424	0.01303	0.01588	0.00990	0.00990	0.02160	0.02825	0.09194	0.53133	0.07067	0.08756	0.01963	0.01160	0.00313	0.00506	0.01728	0.01110	0.01011
6	0.01279	0.00917	0.01214	0.01344	0.01460	0.00852	0.00930	0.01549	0.02207	0.03019	0.22693	0.45765	0.07511	0.02769	0.01241	0.00375	0.00543	0.02498	0.00981	0.00852
7	0.02606	0.01657	0.02007	0.01853	0.02332	0.01725	0.01508	0.06502	0.20380	0.16005	0.07409	0.09181	0.04176	0.01859	0.01139	0.00367	0.00827	0.16091	0.01034	0.01341
8	0.02410	0.01452	0.02144	0.21398	0.03535	0.01501	0.01682	0.02921	0.02560	0.18834	0.24816	0.04765	0.04855	0.01476	0.01070	0.00318	0.00855	0.01283	0.00922	0.01204

[dist]
# distance from previous block
# <min> <max>
3	6

[block]
# block no. 2 follows, 15 sequences, length 9
# corresponding to MSA columns:
# 482-490
name=unknown_C
#
# <colnr> <probs for GDERKNQSTAVLIFYWHMCP>
#	G	D	E	R	K	N	Q	S	T	A	V	L	I	F	Y	W	H	M	C	P
0	0.10092	0.13557	0.09202	0.01845	0.02654	0.02330	0.01711	0.12090	0.05151	0.15353	0.05398	0.02946	0.04660	0.01152	0.00883	0.00278	0.00944	0.00879	0.00804	0.08069
1	0.14333	0.02068	0.02483	0.01961	0.02653	0.02143	0.04667	0.20441	0.02981	0.15894	0.02508	0.02687	0.01842	0.02026	0.09810	0.00483	0.01226	0.00874	0.00848	0.08072
2	0.01974	0.01316	0.01876	0.01688	0.02086	0.01210	0.06249	0.02435	0.04555	0.12413	0.10948	0.19954	0.18971	0.02217	0.01186	0.00359	0.00748	0.07787	0.00956	0.01073
3	0.02561	0.01942	0.02227	0.01690	0.02501	0.01734	0.01356	0.09203	0.11617	0.09106	0.02431	0.02507	0.01858	0.00940	0.00839	0.00212	0.00798	0.00754	0.00769	0.44954
4	0.02523	0.02796	0.13355	0.06230	0.04137	0.02350	0.23110	0.03917	0.17728	0.09220	0.02738	0.02952	0.01991	0.01051	0.01065	0.00330	0.01290	0.01056	0.00706	0.01455
5	0.10532	0.01785	0.02104	0.01662	0.02306	0.01710	0.01319	0.12044	0.02709	0.29166	0.03044	0.03422	0.02281	0.11798	0.01613	0.00399	0.00888	0.00966	0.00954	0.09300
6	0.02686	0.02332	0.03474	0.19796	0.29568	0.02531	0.02657	0.17623	0.02876	0.03921	0.01994	0.02496	0.01546	0.01003	0.00992	0.00306	0.01198	0.00890	0.00622	0.01488
7	0.41209	0.02259	0.07749	0.01673	0.02394	0.02159	0.01500	0.03695	0.11707	0.13476	0.02327	0.02338	0.01678	0.01055	0.00786	0.00314	0.00859	0.00741	0.00770	0.01311
8	0.09233	0.06352	0.14002	0.01872	0.02511	0.01900	0.01800	0.11150	0.02493	0.03559	0.04015	0.17182	0.09515	0.01860	0.01055	0.00346	0.00940	0.08276	0.00768	0.01172

[dist]
# distance from previous block
# <min> <max>
11	18

[block]
# block no. 3 follows, 15 sequences, length 6
# corresponding to MSA columns:
# 509-514
name=unknown_D
#
# <colnr> <probs for GDERKNQSTAVLIFYWHMCP>
#	G	D	E	R	K	N	Q	S	T	A	V	L	I	F	Y	W	H	M	C	P
0	0.01537	0.01239	0.01922	0.01721	0.02043	0.01194	0.07367	0.02018	0.02472	0.03417	0.32285	0.07100	0.10085	0.02838	0.09982	0.00529	0.01005	0.09369	0.00907	0.00970
1	0.02720	0.14671	0.02584	0.01618	0.02137	0.01890	0.01362	0.03113	0.02570	0.21500	0.24612	0.04529	0.04871	0.01510	0.01166	0.00300	0.05415	0.01211	0.00953	0.01267
2	0.58305	0.01976	0.02012	0.08320	0.02754	0.02258	0.05891	0.02911	0.01785	0.04151	0.01484	0.01826	0.01144	0.00926	0.00707	0.00313	0.00911	0.00633	0.00588	0.01105
3	0.01981	0.01938	0.03335	0.47001	0.06051	0.02373	0.08761	0.02600	0.01967	0.02600	0.01732	0.02592	0.01347	0.01088	0.01351	0.00348	0.10434	0.00918	0.00449	0.01132
4	0.12292	0.08944	0.06753	0.19053	0.17833	0.02562	0.06487	0.08695	0.02354	0.03471	0.01791	0.02295	0.01401	0.00952	0.00915	0.00303	0.01197	0.00816	0.00543	0.01342
5	0.07257	0.02268	0.03234	0.20204	0.21939	0.02556	0.02480	0.16312	0.02719	0.03852	0.01903	0.02423	0.01485	0.01066	0.01144	0.00319	0.05955	0.00866	0.00613	0.01407

[dist]
# distance from previous block
# <min> <max>
4	36

[block]
# block no. 4 follows, 15 sequences, length 24
# corresponding to MSA columns:
# 551-574
name=unknown_E
#
# <colnr> <probs for GDERKNQSTAVLIFYWHMCP>
#	G	D	E	R	K	N	Q	S	T	A	V	L	I	F	Y	W	H	M	C	P
0	0.18170	0.08181	0.03188	0.07153	0.21992	0.02576	0.02151	0.09307	0.02355	0.07105	0.01847	0.02229	0.01466	0.01041	0.01096	0.00308	0.07057	0.00784	0.00611	0.01384
1	0.25451	0.09421	0.03151	0.07969	0.09789	0.02682	0.06883	0.08151	0.02167	0.03659	0.01629	0.02076	0.01322	0.01063	0.01192	0.00319	0.10499	0.00758	0.00565	0.01253
2	0.26600	0.02337	0.02470	0.02240	0.05562	0.07139	0.01730	0.09574	0.02246	0.09018	0.01768	0.02115	0.01401	0.01245	0.01555	0.00342	0.19999	0.00757	0.00652	0.01251
3	0.13293	0.11912	0.03076	0.02752	0.15816	0.06072	0.01824	0.08094	0.02400	0.06969	0.01856	0.02118	0.01480	0.00912	0.00815	0.00249	0.01007	0.00703	0.00620	0.18031
4	0.12857	0.11510	0.05982	0.06160	0.11185	0.09311	0.01856	0.02919	0.02155	0.06580	0.07347	0.03031	0.02382	0.07143	0.01422	0.00359	0.05099	0.00895	0.00609	0.01198
5	0.20401	0.02209	0.02294	0.02193	0.07695	0.07341	0.01585	0.06366	0.10136	0.14081	0.02864	0.02899	0.04991	0.01194	0.01033	0.00306	0.04876	0.00883	0.00791	0.05863
6	0.02668	0.02433	0.03886	0.05538	0.50290	0.02478	0.02882	0.11016	0.02637	0.03717	0.01954	0.02456	0.01597	0.00935	0.00988	0.00297	0.01171	0.00890	0.00570	0.01597
7	0.48300	0.08219	0.02224	0.01851	0.06322	0.02511	0.01402	0.08079	0.06391	0.04324	0.01728	0.01918	0.01348	0.00975	0.00713	0.00300	0.00862	0.00645	0.00656	0.01233
8	0.02116	0.01993	0.03362	0.33279	0.29907	0.02204	0.02785	0.02736	0.02170	0.02958	0.05365	0.02873	0.01949	0.01013	0.01004	0.00315	0.01210	0.00945	0.00507	0.01309
9	0.10162	0.12326	0.15144	0.01990	0.02897	0.05102	0.01968	0.03975	0.02452	0.30383	0.02715	0.02589	0.01832	0.01074	0.00893	0.00293	0.01057	0.00811	0.00839	0.01498
10	0.01732	0.00866	0.01299	0.01299	0.01299	0.00866	0.00866	0.01299	0.01299	0.01732	0.01732	0.03030	0.01732	0.03463	0.03896	0.70996	0.00866	0.00866	0.00433	0.00433
11	0.01266	0.01013	0.01132	0.01102	0.01400	0.00879	0.00827	0.01601	0.02480	0.03185	0.28264	0.08783	0.39870	0.02341	0.01177	0.00328	0.00492	0.01990	0.00991	0.00879
12	0.01477	0.01422	0.06627	0.01638	0.01890	0.01179	0.01374	0.01856	0.02159	0.02964	0.16080	0.28678	0.06083	0.05816	0.01559	0.00420	0.04265	0.12715	0.00871	0.00925
13	0.02291	0.02189	0.03728	0.23126	0.43116	0.02322	0.02972	0.02905	0.02187	0.03043	0.01844	0.02525	0.01504	0.00921	0.00990	0.00307	0.01228	0.00888	0.00478	0.01437
14	0.02467	0.02369	0.04046	0.06119	0.58747	0.02369	0.03059	0.03059	0.02270	0.03257	0.01875	0.02467	0.01579	0.00888	0.00987	0.00296	0.01184	0.00888	0.00493	0.01579
15	0.02467	0.02369	0.04046	0.06119	0.58747	0.02369	0.03059	0.03059	0.02270	0.03257	0.01875	0.02467	0.01579	0.00888	0.00987	0.00296	0.01184	0.00888	0.00493	0.01579
16	0.02803	0.09737	0.30540	0.02722	0.06716	0.02376	0.06148	0.08167	0.02513	0.15452	0.02284	0.02416	0.01595	0.01012	0.00951	0.00303	0.01264	0.00825	0.00657	0.01520
17	0.02348	0.02610	0.05438	0.04238	0.10148	0.02556	0.45096	0.03105	0.02267	0.03125	0.01936	0.02620	0.01500	0.00930	0.01356	0.00342	0.07425	0.01120	0.00497	0.01343
18	0.02393	0.01705	0.03036	0.02482	0.03046	0.01619	0.18005	0.02914	0.02312	0.15059	0.03689	0.11171	0.03423	0.02438	0.08380	0.00521	0.01316	0.14473	0.00813	0.01203
19	0.01925	0.01854	0.03248	0.57361	0.06718	0.02242	0.07441	0.02605	0.02025	0.02605	0.01794	0.02661	0.01345	0.00983	0.01013	0.00333	0.01360	0.00912	0.00448	0.01129
