[name]
unknown

[dist]
# distance from previous block
# <min> <max>
0	263

[block]
# block no. 0 follows, 13 sequences, length 49
# corresponding to MSA columns:
# 272-320
name=unknown_A
#
# <colnr> <probs for GDERKNQSTAVLIFYWHMCP>
#	G	D	E	R	K	N	Q	S	T	A	V	L	I	F	Y	W	H	M	C	P
0	0.01629	0.01164	0.01618	0.01862	0.02073	0.01153	0.01575	0.02062	0.02361	0.03081	0.05639	0.20911	0.06247	0.02991	0.01441	0.00477	0.00909	0.40879	0.00975	0.00953
1	0.02144	0.01158	0.01532	0.01536	0.01813	0.01062	0.01138	0.02465	0.02420	0.14762	0.12314	0.34032	0.06084	0.02533	0.01235	0.00384	0.00674	0.05412	0.06204	0.01099
2	0.01934	0.01166	0.01514	0.01443	0.01735	0.01069	0.01086	0.02320	0.02666	0.11223	0.30438	0.15209	0.10839	0.07110	0.01579	0.00413	0.00652	0.05456	0.01091	0.01056
3	0.01443	0.01058	0.01381	0.01544	0.01732	0.00996	0.01186	0.01780	0.02347	0.03089	0.13589	0.31112	0.14140	0.02933	0.01355	0.00423	0.00699	0.17266	0.01005	0.00920
4	0.02420	0.01353	0.01754	0.01591	0.01904	0.01381	0.01171	0.02881	0.06156	0.16149	0.03459	0.04960	0.03101	0.24849	0.21106	0.01014	0.01560	0.01261	0.00819	0.01111
5	0.02031	0.01708	0.02020	0.01549	0.02332	0.01311	0.01204	0.02449	0.02162	0.03312	0.02586	0.12918	0.02537	0.01235	0.00884	0.00205	0.00753	0.01052	0.00690	0.57062
6	0.01616	0.01171	0.01393	0.01318	0.01510	0.01093	0.00855	0.01757	0.01740	0.02428	0.03402	0.14035	0.03808	0.38563	0.08192	0.00835	0.01064	0.01560	0.00683	0.12980
7	0.01950	0.12429	0.02481	0.01632	0.02077	0.01790	0.04635	0.02616	0.06179	0.03836	0.31019	0.05583	0.06317	0.01661	0.01057	0.00304	0.00721	0.01438	0.11138	0.01135
8	0.14032	0.01307	0.01566	0.01575	0.01850	0.01398	0.01172	0.02327	0.04619	0.06583	0.03745	0.24249	0.03892	0.03955	0.17054	0.05879	0.01309	0.01682	0.00797	0.01007
9	0.02664	0.01637	0.02442	0.02028	0.02529	0.01558	0.08535	0.03347	0.08295	0.18664	0.11417	0.15073	0.04541	0.10202	0.01762	0.00450	0.00928	0.01638	0.01001	0.01290
10	0.01767	0.01240	0.01413	0.01384	0.01501	0.01279	0.00901	0.05309	0.05135	0.02641	0.03693	0.10987	0.04070	0.45953	0.04228	0.00851	0.00988	0.05088	0.00746	0.00824
11	0.03040	0.52653	0.05117	0.01921	0.02815	0.04022	0.01845	0.12030	0.02653	0.03235	0.01661	0.01847	0.01436	0.00970	0.00746	0.00242	0.01137	0.00635	0.00561	0.01436
12	0.02321	0.02211	0.03758	0.32123	0.32922	0.02434	0.03098	0.02986	0.02268	0.03096	0.01937	0.02713	0.01548	0.00997	0.01052	0.00332	0.01329	0.00941	0.00498	0.01436
13	0.02083	0.01815	0.02328	0.02120	0.02363	0.02261	0.01679	0.03171	0.17325	0.03042	0.02872	0.03712	0.02517	0.07492	0.21982	0.00894	0.19332	0.01114	0.00692	0.01206
14	0.02077	0.01926	0.03079	0.45837	0.10029	0.02193	0.02658	0.02734	0.02150	0.02890	0.01887	0.02692	0.01457	0.01000	0.01007	0.00315	0.01286	0.00884	0.00502	0.13398
15	0.02053	0.01957	0.03183	0.50011	0.06476	0.02508	0.02825	0.02673	0.02026	0.02673	0.01791	0.02728	0.01406	0.01199	0.01489	0.00372	0.12052	0.00937	0.00469	0.01171
16	0.02070	0.01858	0.02550	0.24980	0.08407	0.05384	0.02114	0.06143	0.02323	0.03014	0.03049	0.17803	0.03035	0.02619	0.09395	0.00555	0.01414	0.01471	0.00665	0.01152
17	0.08105	0.01676	0.02167	0.01721	0.02383	0.01508	0.01366	0.04383	0.02686	0.44019	0.03859	0.04080	0.02748	0.12296	0.01811	0.00452	0.00917	0.01119	0.01150	0.01553
18	0.02424	0.02366	0.11133	0.02752	0.03496	0.01811	0.18488	0.03031	0.02389	0.12729	0.03751	0.23519	0.03622	0.01824	0.01215	0.00374	0.01187	0.01759	0.00816	0.01315
19	0.02872	0.03103	0.12898	0.02699	0.03273	0.03112	0.02493	0.20138	0.02895	0.04121	0.01879	0.02377	0.01522	0.01497	0.02190	0.00389	0.29515	0.00909	0.00667	0.01452
20	0.02026	0.01170	0.01438	0.01399	0.01560	0.01135	0.00961	0.02172	0.01911	0.10108	0.03857	0.07340	0.04069	0.43320	0.04062	0.00829	0.00998	0.09983	0.00796	0.00866
21	0.01458	0.01062	0.01233	0.01195	0.01442	0.00967	0.00863	0.01809	0.02533	0.03450	0.29605	0.08192	0.23290	0.11192	0.01819	0.00436	0.00588	0.01891	0.06065	0.00910
22	0.03950	0.05039	0.02996	0.02724	0.03269	0.58597	0.02043	0.04222	0.02996	0.02588	0.01634	0.01907	0.01362	0.01090	0.00953	0.00272	0.01907	0.00681	0.00545	0.01226
23	0.02916	0.24181	0.03778	0.12578	0.03678	0.17161	0.02039	0.03893	0.13966	0.02982	0.02215	0.02450	0.01784	0.01096	0.00904	0.00290	0.01310	0.00801	0.00617	0.01362
24	0.01463	0.01025	0.01292	0.01295	0.01498	0.00936	0.00932	0.01684	0.02409	0.03226	0.27096	0.15983	0.19562	0.02739	0.01780	0.12679	0.00601	0.01983	0.00964	0.00854
25	0.01837	0.00918	0.01377	0.01377	0.01377	0.00918	0.00918	0.01377	0.01377	0.01837	0.01837	0.03214	0.01837	0.03673	0.04132	0.69238	0.00918	0.00918	0.00459	0.00459
26	0.04744	0.01799	0.02454	0.01881	0.02699	0.01554	0.01554	0.05153	0.03026	0.56979	0.04171	0.03599	0.02617	0.01309	0.01063	0.00327	0.00900	0.01063	0.01309	0.01799
27	0.02244	0.01911	0.02646	0.03361	0.21616	0.01980	0.01951	0.03449	0.16619	0.03868	0.13048	0.04643	0.07796	0.01458	0.01071	0.00325	0.00867	0.01287	0.08442	0.01417
28	0.01404	0.01047	0.01217	0.01221	0.01486	0.00935	0.00898	0.01765	0.02563	0.03444	0.26621	0.16271	0.27325	0.02462	0.01224	0.00350	0.00529	0.02126	0.06178	0.00935
29	0.03820	0.02863	0.03061	0.02393	0.03203	0.03186	0.01962	0.45982	0.12033	0.06343	0.02791	0.02740	0.02003	0.01293	0.01060	0.00323	0.01117	0.00987	0.01060	0.01780
30	0.02842	0.02377	0.02510	0.02195	0.02830	0.02729	0.01725	0.12823	0.46785	0.04766	0.04033	0.03730	0.03009	0.01409	0.01073	0.00352	0.00887	0.01158	0.01073	0.01693
31	0.07133	0.01665	0.01927	0.01730	0.02120	0.01736	0.01338	0.15421	0.02758	0.07759	0.03770	0.09187	0.06617	0.10735	0.02274	0.12780	0.00951	0.08126	0.00862	0.01112
32	0.01784	0.01434	0.01731	0.01498	0.02018	0.01162	0.01099	0.02105	0.02077	0.03044	0.03559	0.26406	0.03896	0.06414	0.01351	0.00330	0.00734	0.01641	0.00769	0.36949
33	0.01487	0.01029	0.01280	0.01324	0.01375	0.01057	0.00844	0.01599	0.01658	0.02251	0.03674	0.16222	0.04157	0.40736	0.15776	0.01059	0.01328	0.01716	0.00686	0.00743
34	0.01501	0.01063	0.01452	0.01484	0.01635	0.01129	0.01081	0.01815	0.01952	0.02789	0.11068	0.15447	0.04650	0.13679	0.28996	0.01090	0.01698	0.01628	0.04947	0.00896
35	0.06635	0.01981	0.02886	0.28315	0.12313	0.02048	0.02279	0.02793	0.02163	0.03202	0.01868	0.02500	0.01485	0.00940	0.00934	0.00277	0.01131	0.00807	0.00544	0.24900
36	0.01443	0.01079	0.01339	0.01274	0.01547	0.00975	0.00955	0.01891	0.02866	0.03938	0.45880	0.08395	0.19973	0.02274	0.01248	0.00338	0.00507	0.01982	0.01124	0.00975
37	0.02505	0.03127	0.17755	0.06587	0.03860	0.02435	0.09573	0.12359	0.12635	0.04242	0.10780	0.03609	0.03148	0.01298	0.01103	0.00340	0.01212	0.01141	0.00798	0.01493
38	0.01411	0.01077	0.01294	0.01240	0.01527	0.00961	0.00930	0.01829	0.02790	0.03758	0.40033	0.08691	0.25933	0.02341	0.01248	0.00341	0.00512	0.02023	0.01101	0.00961
39	0.02198	0.03543	0.28506	0.02370	0.03358	0.02169	0.02591	0.07319	0.11970	0.04038	0.16531	0.04054	0.03986	0.01407	0.01085	0.00337	0.01121	0.01166	0.00796	0.01453
40	0.70310	0.02045	0.01554	0.01390	0.02045	0.02372	0.01145	0.03108	0.01799	0.04744	0.01472	0.01718	0.01145	0.00981	0.00654	0.00327	0.00818	0.00573	0.00654	0.01145
41	0.01753	0.01536	0.02464	0.33160	0.08187	0.01762	0.02172	0.02244	0.02097	0.02750	0.03471	0.26619	0.03668	0.01955	0.01174	0.00381	0.01080	0.01769	0.00679	0.01081
42	0.02148	0.05277	0.53604	0.03120	0.04646	0.02472	0.07473	0.03351	0.02252	0.03351	0.01915	0.02278	0.01359	0.00996	0.01022	0.00336	0.01579	0.00816	0.00453	0.01553
43	0.03142	0.03711	0.03095	0.13038	0.03849	0.33037	0.02278	0.03480	0.02453	0.02596	0.01609	0.02184	0.01378	0.01297	0.01676	0.00340	0.18336	0.00796	0.00508	0.01197
44	0.01288	0.00920	0.01227	0.01472	0.01534	0.00859	0.00981	0.01472	0.02024	0.02699	0.05828	0.62152	0.06993	0.03312	0.01350	0.00429	0.00613	0.03006	0.00981	0.00859
45	0.14377	0.01909	0.02078	0.01535	0.02423	0.01582	0.01234	0.02742	0.02122	0.03678	0.01806	0.02108	0.01491	0.00819	0.00760	0.00187	0.00789	0.00617	0.00631	0.57113
46	0.02942	0.02051	0.02781	0.17003	0.07925	0.02003	0.01991	0.09721	0.02722	0.14811	0.02450	0.02721	0.01783	0.01037	0.00966	0.00274	0.01051	0.00863	0.00777	0.24127
47	0.02853	0.02023	0.02897	0.02214	0.02937	0.01917	0.09360	0.09390	0.02837	0.14965	0.10026	0.03927	0.06616	0.01358	0.01240	0.00303	0.05440	0.01153	0.00890	0.17653
48	0.14946	0.31789	0.11567	0.02058	0.02939	0.11295	0.02011	0.03499	0.05757	0.03158	0.01746	0.01958	0.01444	0.00995	0.00786	0.00275	0.01227	0.00656	0.00543	0.01351

[dist]
# distance from previous block
# <min> <max>
0	15

[block]
# block no. 1 follows, 13 sequences, length 129
# corresponding to MSA columns:
# 336-403,409-448,455-475
name=unknown_B
#
# <colnr> <probs for GDERKNQSTAVLIFYWHMCP>
#	G	D	E	R	K	N	Q	S	T	A	V	L	I	F	Y	W	H	M	C	P
0	0.02616	0.02806	0.11400	0.03532	0.14378	0.02332	0.12940	0.03874	0.14037	0.07549	0.02669	0.02918	0.02012	0.01054	0.01052	0.00314	0.01221	0.01003	0.00711	0.11580
1	0.03023	0.02021	0.02394	0.01763	0.02662	0.01717	0.01431	0.10586	0.02785	0.15696	0.02481	0.02553	0.01831	0.00970	0.00885	0.00218	0.00865	0.00770	0.00840	0.44509
2	0.03682	0.01666	0.02349	0.10378	0.03148	0.01559	0.01645	0.04153	0.02885	0.38313	0.14255	0.04354	0.03928	0.01444	0.01100	0.00332	0.00894	0.01217	0.01156	0.01545
3	0.01496	0.01081	0.01413	0.01330	0.01580	0.00998	0.00998	0.01995	0.02993	0.04240	0.55689	0.07898	0.09976	0.02162	0.01247	0.00333	0.00499	0.01912	0.01164	0.00998
4	0.01510	0.01133	0.01699	0.01699	0.01888	0.01322	0.01322	0.01888	0.01699	0.02454	0.02832	0.04154	0.02643	0.07930	0.58652	0.01699	0.02832	0.01133	0.00566	0.00944
5	0.01496	0.01081	0.01413	0.01330	0.01580	0.00998	0.00998	0.01995	0.02993	0.04240	0.55689	0.07898	0.09976	0.02162	0.01247	0.00333	0.00499	0.01912	0.01164	0.00998
6	0.04236	0.01839	0.02336	0.01825	0.02562	0.01707	0.01496	0.11278	0.03174	0.42266	0.03841	0.03504	0.02519	0.01292	0.01015	0.00314	0.00876	0.01037	0.11206	0.01679
7	0.03950	0.05039	0.02996	0.02724	0.03269	0.58597	0.02043	0.04222	0.02996	0.02588	0.01634	0.01907	0.01362	0.01090	0.00953	0.00272	0.01907	0.00681	0.00545	0.01226
8	0.02313	0.02313	0.03238	0.02776	0.02776	0.03238	0.02313	0.02545	0.01619	0.02545	0.01388	0.02313	0.01388	0.01851	0.03470	0.00463	0.60907	0.00925	0.00463	0.01157
9	0.03533	0.02488	0.04418	0.03227	0.04173	0.02358	0.26591	0.11295	0.03052	0.23250	0.02933	0.03076	0.01999	0.01098	0.01153	0.00340	0.01372	0.01137	0.00892	0.01616
10	0.04019	0.02962	0.03173	0.02433	0.03279	0.03279	0.02010	0.52721	0.04971	0.06663	0.02538	0.02538	0.01798	0.01269	0.01058	0.00317	0.01163	0.00952	0.01058	0.01798
11	0.02006	0.01155	0.01426	0.01342	0.01490	0.01147	0.00876	0.02122	0.01781	0.10204	0.03381	0.06019	0.03485	0.45623	0.12654	0.01022	0.01275	0.01408	0.00728	0.00856
12	0.01407	0.01005	0.01363	0.01608	0.01722	0.00961	0.01188	0.01678	0.02142	0.02832	0.05762	0.47777	0.06733	0.03200	0.01381	0.00446	0.00717	0.16207	0.00979	0.00892
13	0.02827	0.63478	0.05540	0.01809	0.02714	0.04184	0.01809	0.03166	0.02148	0.02488	0.01470	0.01696	0.01357	0.00905	0.00678	0.00226	0.01131	0.00565	0.00452	0.01357
14	0.01250	0.01071	0.01071	0.01071	0.01428	0.00893	0.00803	0.01517	0.02410	0.02856	0.10711	0.10175	0.55817	0.02678	0.01250	0.00357	0.00536	0.02231	0.00982	0.00893
15	0.01623	0.01208	0.01602	0.01580	0.01751	0.01356	0.01153	0.02134	0.06584	0.02519	0.03118	0.04952	0.03053	0.23570	0.37493	0.01374	0.02110	0.01258	0.00636	0.00923
16	0.03210	0.02484	0.02637	0.02151	0.02853	0.02740	0.01735	0.31576	0.18847	0.05456	0.04252	0.04070	0.10170	0.01524	0.01091	0.00335	0.00977	0.01211	0.01052	0.01629
17	0.01857	0.01092	0.01476	0.01600	0.01799	0.01012	0.01169	0.02117	0.02230	0.10763	0.05551	0.46372	0.06219	0.02961	0.01323	0.00423	0.00707	0.09288	0.01029	0.01014
18	0.01501	0.01010	0.01164	0.01200	0.01209	0.01001	0.00691	0.01528	0.01609	0.02146	0.03699	0.15057	0.04308	0.54070	0.04787	0.00937	0.00964	0.01754	0.00691	0.00673
19	0.02267	0.02249	0.03229	0.11252	0.03440	0.03107	0.02405	0.02568	0.01692	0.02568	0.01460	0.02388	0.01391	0.01734	0.03114	0.00446	0.52140	0.00927	0.00464	0.01159
20	0.01794	0.01064	0.01393	0.01495	0.01695	0.00964	0.01049	0.02019	0.02208	0.10712	0.06041	0.48653	0.10924	0.02958	0.01298	0.00408	0.00648	0.02647	0.01030	0.01001
21	0.02347	0.11821	0.03706	0.19633	0.08067	0.07842	0.08508	0.02841	0.02199	0.02778	0.02357	0.11232	0.02260	0.01433	0.01337	0.00347	0.08305	0.01199	0.00561	0.01226
22	0.02026	0.01879	0.03027	0.51646	0.06578	0.02211	0.02688	0.02696	0.02126	0.02811	0.01879	0.02727	0.01433	0.01017	0.01017	0.00324	0.01317	0.00893	0.00493	0.11213
23	0.12363	0.14897	0.02805	0.01591	0.02482	0.02136	0.01354	0.02834	0.02125	0.03435	0.01733	0.02018	0.01460	0.00838	0.00742	0.00196	0.00862	0.00606	0.00594	0.44929
24	0.01538	0.01025	0.01153	0.01153	0.01153	0.01025	0.00641	0.01538	0.01538	0.02050	0.03331	0.06919	0.03844	0.62842	0.05382	0.01025	0.01025	0.01538	0.00641	0.00641
25	0.02617	0.02512	0.04292	0.06490	0.56246	0.02512	0.03245	0.03245	0.02407	0.03454	0.01989	0.02617	0.01675	0.00942	0.01047	0.00314	0.01256	0.00942	0.00523	0.01675
26	0.01538	0.01025	0.01153	0.01153	0.01153	0.01025	0.00641	0.01538	0.01538	0.02050	0.03331	0.06919	0.03844	0.62842	0.05382	0.01025	0.01025	0.01538	0.00641	0.00641
27	0.01309	0.01073	0.01154	0.01134	0.01465	0.00918	0.00850	0.01633	0.02551	0.03191	0.21600	0.09624	0.44719	0.02553	0.01249	0.00351	0.00527	0.02154	0.01026	0.00918
28	0.04019	0.02962	0.03173	0.02433	0.03279	0.03279	0.02010	0.52721	0.04971	0.06663	0.02538	0.02538	0.01798	0.01269	0.01058	0.00317	0.01163	0.00952	0.01058	0.01798
29	0.02617	0.02512	0.04292	0.06490	0.56246	0.02512	0.03245	0.03245	0.02407	0.03454	0.01989	0.02617	0.01675	0.00942	0.01047	0.00314	0.01256	0.00942	0.00523	0.01675
30	0.02666	0.02196	0.02361	0.02071	0.02654	0.02483	0.01623	0.12021	0.39440	0.04726	0.11672	0.04324	0.04019	0.01518	0.01099	0.00349	0.00835	0.01266	0.01086	0.01592
31	0.03945	0.02768	0.03029	0.02314	0.03164	0.02972	0.01908	0.44369	0.04573	0.11129	0.02640	0.02611	0.01857	0.01235	0.01037	0.00306	0.01109	0.00937	0.01048	0.07050
32	0.03379	0.04148	0.02614	0.02390	0.02877	0.45634	0.01793	0.03684	0.02950	0.02852	0.10303	0.03431	0.06855	0.01371	0.01020	0.00288	0.01593	0.00983	0.00670	0.01166
33	0.01538	0.01025	0.01153	0.01153	0.01153	0.01025	0.00641	0.01538	0.01538	0.02050	0.03331	0.06919	0.03844	0.62842	0.05382	0.01025	0.01025	0.01538	0.00641	0.00641
34	0.01355	0.00994	0.01217	0.01366	0.01496	0.00922	0.00940	0.01549	0.02057	0.02658	0.06452	0.37388	0.17086	0.13353	0.02028	0.00520	0.00695	0.06162	0.00922	0.00838
35	0.01250	0.01071	0.01071	0.01071	0.01428	0.00893	0.00803	0.01517	0.02410	0.02856	0.10711	0.10175	0.55817	0.02678	0.01250	0.00357	0.00536	0.02231	0.00982	0.00893
36	0.02192	0.01879	0.02192	0.01566	0.02506	0.01409	0.01253	0.02662	0.02192	0.03445	0.01879	0.02192	0.01566	0.00783	0.00783	0.00157	0.00783	0.00626	0.00626	0.69305
37	0.01327	0.01066	0.01132	0.01120	0.01409	0.00927	0.00807	0.01588	0.02364	0.02935	0.16029	0.09371	0.41631	0.11469	0.01858	0.00452	0.00602	0.02084	0.00957	0.00870
38	0.01359	0.01075	0.01223	0.01186	0.01496	0.00939	0.00890	0.01730	0.02669	0.03472	0.30731	0.09162	0.35413	0.02448	0.01248	0.00346	0.00519	0.02089	0.01063	0.00939
39	0.70310	0.02045	0.01554	0.01390	0.02045	0.02372	0.01145	0.03108	0.01799	0.04744	0.01472	0.01718	0.01145	0.00981	0.00654	0.00327	0.00818	0.00573	0.00654	0.01145
40	0.01837	0.00918	0.01377	0.01377	0.01377	0.00918	0.00918	0.01377	0.01377	0.01837	0.01837	0.03214	0.01837	0.03673	0.04132	0.69238	0.00918	0.00918	0.00459	0.00459
41	0.04126	0.02790	0.03067	0.02351	0.03193	0.03025	0.01942	0.45712	0.04685	0.14077	0.02779	0.02695	0.01919	0.01275	0.01059	0.00319	0.01125	0.00968	0.01095	0.01798
42	0.01704	0.01217	0.01704	0.01947	0.02191	0.01217	0.01704	0.02191	0.02434	0.03164	0.05598	0.11926	0.06085	0.02921	0.01460	0.00487	0.00974	0.49130	0.00974	0.00974
43	0.01532	0.01049	0.01273	0.01273	0.01314	0.01090	0.00790	0.01614	0.01573	0.02139	0.03222	0.06313	0.03581	0.50813	0.17051	0.01173	0.01421	0.01449	0.00624	0.00707
44	0.01350	0.00964	0.01298	0.01543	0.01631	0.00912	0.01089	0.01579	0.02085	0.02768	0.05793	0.54695	0.06858	0.03254	0.01366	0.00438	0.00667	0.09853	0.00980	0.00876
45	0.02630	0.02271	0.02391	0.02152	0.02749	0.02630	0.01674	0.05618	0.54336	0.04423	0.04303	0.03945	0.03228	0.01434	0.01076	0.00359	0.00837	0.01195	0.01076	0.01674
46	0.70310	0.02045	0.01554	0.01390	0.02045	0.02372	0.01145	0.03108	0.01799	0.04744	0.01472	0.01718	0.01145	0.00981	0.00654	0.00327	0.00818	0.00573	0.00654	0.01145
47	0.02313	0.02313	0.03238	0.02776	0.02776	0.03238	0.02313	0.02545	0.01619	0.02545	0.01388	0.02313	0.01388	0.01851	0.03470	0.00463	0.60907	0.00925	0.00463	0.01157
48	0.01400	0.01077	0.01280	0.01229	0.01520	0.00957	0.00922	0.01809	0.02765	0.03700	0.38122	0.08787	0.27880	0.02363	0.01248	0.00342	0.00513	0.02037	0.01093	0.00957
49	0.07770	0.01860	0.02750	0.11000	0.07590	0.01802	0.06595	0.03071	0.02378	0.11311	0.03121	0.04907	0.02772	0.01457	0.01083	0.00335	0.01072	0.12551	0.00774	0.15802
50	0.01279	0.00957	0.01189	0.01375	0.01508	0.00867	0.00938	0.01483	0.02118	0.02737	0.07009	0.49577	0.18806	0.03159	0.01325	0.00412	0.00595	0.02818	0.00982	0.00867
51	0.02971	0.08940	0.03829	0.12776	0.27076	0.20577	0.02681	0.03470	0.02528	0.02976	0.01811	0.02333	0.01506	0.01003	0.00984	0.00298	0.01475	0.00823	0.00516	0.01428
52	0.01997	0.01879	0.03171	0.60301	0.07282	0.02349	0.02936	0.02701	0.02114	0.02701	0.01879	0.02819	0.01409	0.01057	0.01057	0.00352	0.01409	0.00940	0.00470	0.01175
53	0.02014	0.01640	0.01867	0.01804	0.02222	0.01759	0.01437	0.03583	0.25582	0.03871	0.14648	0.07417	0.12573	0.02091	0.01222	0.00384	0.00766	0.12788	0.01054	0.01277
54	0.02726	0.55217	0.12920	0.01981	0.02979	0.03938	0.02108	0.03192	0.02160	0.02610	0.01531	0.01772	0.01354	0.00919	0.00725	0.00242	0.01192	0.00596	0.00451	0.01386
55	0.02086	0.01954	0.03208	0.52376	0.10800	0.02380	0.02879	0.02931	0.05495	0.02871	0.02044	0.02876	0.01547	0.01072	0.01057	0.00350	0.01361	0.00956	0.00513	0.01246
56	0.02180	0.02066	0.03503	0.44383	0.21766	0.02397	0.03028	0.02862	0.02201	0.02924	0.01912	0.02759	0.01488	0.01023	0.01054	0.00341	0.01364	0.00940	0.00486	0.01323
57	0.04019	0.02962	0.03173	0.02433	0.03279	0.03279	0.02010	0.52721	0.04971	0.06663	0.02538	0.02538	0.01798	0.01269	0.01058	0.00317	0.01163	0.00952	0.01058	0.01798
58	0.02496	0.02852	0.06239	0.04456	0.05526	0.02674	0.52406	0.03387	0.02496	0.03387	0.02139	0.02852	0.01604	0.00891	0.01248	0.00357	0.01783	0.01248	0.00535	0.01426
59	0.01550	0.01223	0.01851	0.01838	0.02098	0.01156	0.06000	0.01941	0.02360	0.03138	0.13142	0.29940	0.10461	0.02753	0.01349	0.00419	0.00805	0.16043	0.00964	0.00968
60	0.02783	0.08113	0.21652	0.04299	0.27132	0.02482	0.03103	0.03554	0.02421	0.11231	0.02240	0.02563	0.01678	0.01014	0.01007	0.00316	0.01295	0.00878	0.00608	0.01631
61	0.02129	0.01366	0.01425	0.01349	0.01698	0.01465	0.01029	0.03349	0.17441	0.04103	0.07386	0.04222	0.03374	0.01356	0.00873	0.00285	0.00593	0.01112	0.44259	0.01187
62	0.01288	0.00920	0.01227	0.01472	0.01534	0.00859	0.00981	0.01472	0.02024	0.02699	0.05828	0.62152	0.06993	0.03312	0.01350	0.00429	0.00613	0.03006	0.00981	0.00859
63	0.07868	0.02518	0.04322	0.05839	0.45704	0.02521	0.09213	0.03252	0.02371	0.03546	0.01967	0.02576	0.01625	0.00939	0.01041	0.00320	0.01288	0.00951	0.00535	0.01603
64	0.02476	0.22445	0.12771	0.03140	0.07642	0.02984	0.18307	0.03326	0.05993	0.03134	0.02638	0.02969	0.05442	0.01081	0.01003	0.00309	0.01349	0.01005	0.00564	0.01422
65	0.01971	0.00985	0.00985	0.00985	0.01232	0.00985	0.00739	0.02464	0.02217	0.03942	0.03449	0.03942	0.02710	0.01232	0.00739	0.00246	0.00493	0.00985	0.68712	0.00985
66	0.16860	0.01952	0.02812	0.35080	0.09311	0.02249	0.02379	0.03191	0.02205	0.11188	0.02140	0.02686	0.01552	0.01069	0.00972	0.00340	0.01198	0.00881	0.00636	0.01299
67	0.02173	0.13554	0.36111	0.11168	0.04462	0.02592	0.03231	0.03116	0.02221	0.03102	0.02175	0.03144	0.01797	0.01176	0.01004	0.00335	0.01418	0.05302	0.00500	0.01418
68	0.01481	0.01086	0.01422	0.01632	0.01775	0.01069	0.01201	0.01935	0.05823	0.02931	0.05665	0.46174	0.06512	0.03087	0.01356	0.00438	0.00714	0.13769	0.00986	0.00944
69	0.01288	0.00920	0.01227	0.01472	0.01534	0.00859	0.00981	0.01472	0.02024	0.02699	0.05828	0.62152	0.06993	0.03312	0.01350	0.00429	0.00613	0.03006	0.00981	0.00859
70	0.02899	0.07543	0.12552	0.11928	0.10743	0.02444	0.16756	0.03635	0.02478	0.15019	0.02441	0.02799	0.01747	0.01032	0.01074	0.00331	0.01387	0.01001	0.00674	0.01516
71	0.02666	0.11499	0.04478	0.17744	0.16683	0.11076	0.14682	0.03282	0.02409	0.02990	0.01872	0.02486	0.01502	0.00974	0.01032	0.00315	0.01499	0.00923	0.00506	0.01382
72	0.55596	0.11377	0.02248	0.01547	0.02231	0.06620	0.01307	0.03195	0.01936	0.04256	0.01483	0.01728	0.01192	0.00978	0.00679	0.00308	0.00941	0.00579	0.00617	0.01182
73	0.18004	0.01946	0.02144	0.01750	0.02432	0.01999	0.01424	0.11370	0.07740	0.25631	0.03260	0.03125	0.02254	0.01233	0.00928	0.00317	0.00855	0.00943	0.11117	0.01527
74	0.03516	0.02664	0.02903	0.02194	0.03066	0.02764	0.01801	0.38939	0.04206	0.05777	0.02357	0.02443	0.01734	0.01135	0.00982	0.00273	0.01059	0.00862	0.00939	0.20385
75	0.01466	0.01057	0.01386	0.01351	0.01573	0.00977	0.00995	0.01918	0.02850	0.04013	0.48342	0.15892	0.09537	0.02331	0.01262	0.00347	0.00516	0.02073	0.01137	0.00977
76	0.01612	0.01003	0.01342	0.01511	0.01643	0.00924	0.01035	0.01817	0.02118	0.07786	0.05672	0.56664	0.06583	0.03125	0.01323	0.00420	0.00640	0.02824	0.01012	0.00947
77	0.01501	0.01010	0.01164	0.01200	0.01209	0.01001	0.00691	0.01528	0.01609	0.02146	0.03699	0.15057	0.04308	0.54070	0.04787	0.00937	0.00964	0.01754	0.00691	0.00673
78	0.01538	0.01025	0.01153	0.01153	0.01153	0.01025	0.00641	0.01538	0.01538	0.02050	0.03331	0.06919	0.03844	0.62842	0.05382	0.01025	0.01025	0.01538	0.00641	0.00641
79	0.02192	0.01879	0.02192	0.01566	0.02506	0.01409	0.01253	0.02662	0.02192	0.03445	0.01879	0.02192	0.01566	0.00783	0.00783	0.00157	0.00783	0.00626	0.00626	0.69305
80	0.02121	0.05469	0.57364	0.03014	0.04576	0.02455	0.03906	0.03348	0.02232	0.03348	0.01897	0.02232	0.01339	0.01005	0.01005	0.00335	0.01563	0.00781	0.00446	0.01563
81	0.70310	0.02045	0.01554	0.01390	0.02045	0.02372	0.01145	0.03108	0.01799	0.04744	0.01472	0.01718	0.01145	0.00981	0.00654	0.00327	0.00818	0.00573	0.00654	0.01145
82	0.02630	0.02271	0.02391	0.02152	0.02749	0.02630	0.01674	0.05618	0.54336	0.04423	0.04303	0.03945	0.03228	0.01434	0.01076	0.00359	0.00837	0.01195	0.01076	0.01674
83	0.01997	0.01879	0.03171	0.60301	0.07282	0.02349	0.02936	0.02701	0.02114	0.02701	0.01879	0.02819	0.01409	0.01057	0.01057	0.00352	0.01409	0.00940	0.00470	0.01175
84	0.04019	0.02962	0.03173	0.02433	0.03279	0.03279	0.02010	0.52721	0.04971	0.06663	0.02538	0.02538	0.01798	0.01269	0.01058	0.00317	0.01163	0.00952	0.01058	0.01798
85	0.02790	0.02016	0.03181	0.12407	0.26375	0.01988	0.02394	0.03314	0.02435	0.14908	0.02918	0.10253	0.02496	0.01322	0.01069	0.00325	0.01084	0.01201	0.00752	0.06773
86	0.02813	0.59083	0.05314	0.01834	0.02716	0.04072	0.01799	0.03342	0.05896	0.02627	0.01673	0.01858	0.01491	0.00943	0.00707	0.00236	0.01110	0.00611	0.00497	0.01380
87	0.56486	0.01830	0.01439	0.01309	0.01880	0.02091	0.01063	0.02978	0.01884	0.04582	0.01872	0.02168	0.01462	0.01032	0.00671	0.00311	0.00752	0.00656	0.14422	0.01113
88	0.02248	0.02056	0.03216	0.22567	0.24279	0.02248	0.02576	0.03227	0.09992	0.03470	0.10379	0.03672	0.03066	0.01235	0.01085	0.00336	0.01131	0.01124	0.00683	0.01410
89	0.01527	0.01091	0.01501	0.01745	0.01911	0.01065	0.01397	0.01885	0.02260	0.02966	0.05696	0.33277	0.06471	0.03087	0.01413	0.00462	0.00820	0.29523	0.00977	0.00925
90	0.03741	0.02137	0.03444	0.02631	0.03331	0.02153	0.12797	0.04218	0.02614	0.33817	0.03141	0.03165	0.02137	0.01332	0.01611	0.00362	0.13750	0.01074	0.00962	0.01582
91	0.16957	0.11563	0.10849	0.01893	0.02819	0.02222	0.01814	0.03809	0.02407	0.22467	0.02549	0.02526	0.01788	0.01060	0.00873	0.00288	0.00999	0.00784	0.00821	0.11513
92	0.01534	0.01041	0.01234	0.01234	0.01261	0.01069	0.00741	0.01589	0.01561	0.02110	0.03258	0.06512	0.03667	0.54751	0.13231	0.01124	0.01291	0.01478	0.00630	0.00685
93	0.02617	0.02512	0.04292	0.06490	0.56246	0.02512	0.03245	0.03245	0.02407	0.03454	0.01989	0.02617	0.01675	0.00942	0.01047	0.00314	0.01256	0.00942	0.00523	0.01675
94	0.02559	0.02453	0.04187	0.11533	0.51658	0.02497	0.03216	0.03194	0.02380	0.03384	0.01979	0.02636	0.01650	0.00953	0.01048	0.00318	0.01270	0.00942	0.00518	0.01628
95	0.70310	0.02045	0.01554	0.01390	0.02045	0.02372	0.01145	0.03108	0.01799	0.04744	0.01472	0.01718	0.01145	0.00981	0.00654	0.00327	0.00818	0.00573	0.00654	0.01145
96	0.04744	0.01799	0.02454	0.01881	0.02699	0.01554	0.01554	0.05153	0.03026	0.56979	0.04171	0.03599	0.02617	0.01309	0.01063	0.00327	0.00900	0.01063	0.01309	0.01799
97	0.01538	0.01025	0.01153	0.01153	0.01153	0.01025	0.00641	0.01538	0.01538	0.02050	0.03331	0.06919	0.03844	0.62842	0.05382	0.01025	0.01025	0.01538	0.00641	0.00641
98	0.03783	0.02785	0.03008	0.02329	0.03120	0.03065	0.01915	0.47967	0.04786	0.06436	0.07520	0.03041	0.02565	0.01353	0.01075	0.00319	0.01101	0.01042	0.01068	0.01723
99	0.01466	0.01057	0.01386	0.01351	0.01573	0.00977	0.00995	0.01918	0.02850	0.04013	0.48342	0.15892	0.09537	0.02331	0.01262	0.00347	0.00516	0.02073	0.01137	0.00977
100	0.04744	0.01799	0.02454	0.01881	0.02699	0.01554	0.01554	0.05153	0.03026	0.56979	0.04171	0.03599	0.02617	0.01309	0.01063	0.00327	0.00900	0.01063	0.01309	0.01799
101	0.04368	0.01943	0.02496	0.01933	0.02712	0.01807	0.01589	0.13066	0.03357	0.44258	0.07888	0.03750	0.03048	0.01368	0.01077	0.00326	0.00914	0.01110	0.01254	0.01737
102	0.02559	0.02453	0.04187	0.11533	0.51658	0.02497	0.03216	0.03194	0.02380	0.03384	0.01979	0.02636	0.01650	0.00953	0.01048	0.00318	0.01270	0.00942	0.00518	0.01628
103	0.03431	0.03205	0.22380	0.02392	0.03388	0.02107	0.02484	0.04286	0.05906	0.29104	0.03097	0.03006	0.02079	0.01258	0.01268	0.00345	0.06759	0.00957	0.00903	0.01645
104	0.26655	0.03090	0.02849	0.07464	0.17214	0.19925	0.02114	0.03462	0.02357	0.03580	0.01690	0.02096	0.01373	0.01010	0.00881	0.00308	0.01317	0.00731	0.00572	0.01313
105	0.02048	0.01173	0.01505	0.01361	0.01695	0.01078	0.01042	0.02533	0.02884	0.12026	0.40343	0.06677	0.07813	0.01898	0.01145	0.00319	0.00557	0.01650	0.11138	0.01115
106	0.02253	0.14268	0.02797	0.01608	0.02474	0.01929	0.01345	0.02674	0.02171	0.03195	0.02094	0.06615	0.01933	0.00998	0.00805	0.00191	0.00841	0.00794	0.00618	0.50397
107	0.01460	0.01079	0.01362	0.01292	0.01557	0.00982	0.00969	0.01924	0.02906	0.04034	0.49007	0.08236	0.16786	0.02238	0.01247	0.00336	0.00504	0.01960	0.01137	0.00982
108	0.01460	0.01079	0.01362	0.01291	0.01557	0.00982	0.00969	0.01924	0.02906	0.04033	0.48970	0.08238	0.16824	0.02239	0.01247	0.00336	0.00504	0.01960	0.01137	0.00982
109	0.02192	0.01879	0.02192	0.01566	0.02506	0.01409	0.01253	0.02662	0.02192	0.03445	0.01879	0.02192	0.01566	0.00783	0.00783	0.00157	0.00783	0.00626	0.00626	0.69305
110	0.01408	0.01077	0.01290	0.01237	0.01525	0.00960	0.00928	0.01824	0.02783	0.03743	0.39529	0.08716	0.26446	0.02347	0.01248	0.00341	0.00512	0.02027	0.01098	0.00960
111	0.02630	0.02271	0.02391	0.02152	0.02749	0.02630	0.01674	0.05618	0.54336	0.04423	0.04303	0.03945	0.03228	0.01434	0.01076	0.00359	0.00837	0.01195	0.01076	0.01674
112	0.01271	0.00986	0.01159	0.01298	0.01488	0.00873	0.00904	0.01492	0.02191	0.02767	0.07945	0.39618	0.28161	0.03037	0.01306	0.00398	0.00580	0.02670	0.00982	0.00873
113	0.01614	0.07031	0.01955	0.10007	0.02483	0.01457	0.01307	0.02043	0.02557	0.03367	0.27035	0.11373	0.19677	0.02105	0.01174	0.00339	0.00711	0.01811	0.00933	0.01019
114	0.60609	0.02482	0.01765	0.01585	0.02224	0.10592	0.01276	0.03271	0.01974	0.04429	0.01496	0.01745	0.01177	0.00997	0.00698	0.00319	0.00977	0.00588	0.00638	0.01157
115	0.03497	0.01970	0.02312	0.01946	0.02613	0.02039	0.01551	0.05179	0.28160	0.27172	0.04182	0.03795	0.02924	0.01365	0.01045	0.00337	0.00838	0.01122	0.06278	0.01676
116	0.41018	0.02354	0.02273	0.01896	0.02514	0.02764	0.01567	0.17704	0.02712	0.04998	0.01776	0.02045	0.01373	0.01190	0.01175	0.00344	0.09477	0.00735	0.00746	0.01340
117	0.07941	0.15762	0.11486	0.02712	0.07295	0.02938	0.05909	0.13740	0.02850	0.11511	0.02218	0.02421	0.01654	0.01133	0.01143	0.00317	0.05851	0.00854	0.00725	0.01539
118	0.01877	0.01161	0.01584	0.05825	0.02166	0.01107	0.01250	0.02184	0.02306	0.10592	0.09392	0.37814	0.09572	0.02700	0.01281	0.00401	0.00726	0.06019	0.01004	0.01038
119	0.01643	0.01173	0.01634	0.01877	0.02094	0.01164	0.01597	0.02085	0.02374	0.03096	0.05632	0.19327	0.06219	0.02978	0.01444	0.00478	0.00921	0.42334	0.00975	0.00957
120	0.02560	0.01916	0.02529	0.10428	0.07274	0.01648	0.01688	0.03067	0.02316	0.10963	0.02214	0.02515	0.01701	0.00909	0.00882	0.00221	0.00925	0.00757	0.00693	0.44794
121	0.03747	0.03616	0.03040	0.11043	0.03819	0.27067	0.02125	0.20568	0.03540	0.08210	0.02175	0.02387	0.01615	0.01163	0.01013	0.00304	0.01503	0.00841	0.00767	0.01457
122	0.46634	0.02543	0.02024	0.01742	0.02417	0.10646	0.01406	0.08161	0.02417	0.10729	0.01912	0.02043	0.01411	0.01063	0.00784	0.00318	0.01020	0.00682	0.00753	0.01295
123	0.02899	0.02187	0.03692	0.21518	0.25495	0.02260	0.06596	0.03521	0.02465	0.15261	0.02458	0.02917	0.01801	0.01055	0.01069	0.00332	0.01263	0.00992	0.00685	0.01533
124	0.02131	0.04940	0.49234	0.02800	0.04271	0.02301	0.03515	0.03247	0.02226	0.03363	0.01895	0.02226	0.01373	0.00972	0.00972	0.00309	0.01448	0.00758	0.00473	0.11544
125	0.12632	0.01424	0.01743	0.01625	0.01899	0.01581	0.01232	0.08230	0.02005	0.03109	0.02219	0.03229	0.02009	0.04459	0.22473	0.26071	0.01609	0.00945	0.00602	0.00904
126	0.02404	0.01838	0.06439	0.02458	0.06812	0.01517	0.07959	0.02881	0.02451	0.14933	0.08275	0.25233	0.04710	0.02104	0.01226	0.00379	0.00957	0.05220	0.00937	0.01268
127	0.01419	0.01003	0.01324	0.01533	0.01626	0.00964	0.01095	0.01644	0.02045	0.02709	0.05408	0.42650	0.06324	0.11995	0.01969	0.00530	0.00756	0.13225	0.00929	0.00853
128	0.02101	0.01855	0.02358	0.22160	0.03810	0.05915	0.01852	0.05991	0.02120	0.02742	0.02440	0.04110	0.02332	0.20623	0.10338	0.00737	0.05777	0.01127	0.00582	0.01031

[dist]
# distance from previous block
# <min> <max>
0	2

[block]
# block no. 2 follows, 13 sequences, length 13
# corresponding to MSA columns:
# 478-482,489-496
name=unknown_C
#
# <colnr> <probs for GDERKNQSTAVLIFYWHMCP>
#	G	D	E	R	K	N	Q	S	T	A	V	L	I	F	Y	W	H	M	C	P
0	0.02895	0.02473	0.02541	0.02215	0.07051	0.11542	0.01596	0.03335	0.02469	0.10853	0.02169	0.02376	0.01688	0.00924	0.00874	0.00214	0.01035	0.00723	0.00700	0.42327
1	0.63570	0.02020	0.01646	0.01441	0.02112	0.02288	0.01187	0.03318	0.01925	0.10114	0.01750	0.01911	0.01296	0.01015	0.00696	0.00327	0.00826	0.00623	0.00722	0.01212
2	0.16823	0.03028	0.18664	0.10150	0.12475	0.02298	0.02564	0.03274	0.07212	0.03781	0.07673	0.03015	0.02446	0.01158	0.00975	0.00334	0.01152	0.00941	0.00642	0.01395
3	0.01403	0.01077	0.01283	0.01232	0.01522	0.00958	0.00924	0.01814	0.02772	0.03715	0.38610	0.08763	0.27383	0.02358	0.01248	0.00342	0.00513	0.02033	0.01095	0.00958
4	0.02375	0.08604	0.03827	0.17452	0.29856	0.02593	0.02749	0.02942	0.02287	0.03160	0.06323	0.02977	0.02245	0.01153	0.01259	0.00329	0.06915	0.00981	0.00551	0.01422
5	0.01466	0.01076	0.01380	0.01357	0.01603	0.00990	0.01025	0.01912	0.02806	0.03877	0.42816	0.12964	0.14637	0.02371	0.01271	0.00355	0.00547	0.05460	0.01114	0.00972
6	0.01488	0.01168	0.01504	0.06948	0.02141	0.01117	0.01196	0.01933	0.02667	0.03545	0.31153	0.08551	0.23179	0.02298	0.01252	0.00358	0.00647	0.06856	0.01020	0.00979
7	0.01432	0.01078	0.01324	0.01262	0.01540	0.00970	0.00947	0.01870	0.02840	0.03878	0.43911	0.08494	0.21980	0.02297	0.01248	0.00339	0.00508	0.01996	0.01116	0.00970
8	0.02313	0.02313	0.03238	0.02776	0.02776	0.03238	0.02313	0.02545	0.01619	0.02545	0.01388	0.02313	0.01388	0.01851	0.03470	0.00463	0.60907	0.00925	0.00463	0.01157
9	0.02288	0.08363	0.02686	0.01927	0.06192	0.01775	0.01447	0.02755	0.02203	0.03346	0.01844	0.02170	0.01552	0.00807	0.00790	0.00175	0.00852	0.00642	0.00601	0.57589
10	0.02824	0.01858	0.02441	0.12478	0.03437	0.01621	0.01642	0.03322	0.02396	0.17326	0.02479	0.02676	0.01812	0.00971	0.00907	0.00237	0.00929	0.00799	0.00776	0.39066
11	0.01274	0.01072	0.01105	0.01097	0.01443	0.00903	0.00822	0.01564	0.02467	0.02993	0.15145	0.09951	0.51298	0.02627	0.01249	0.00355	0.00532	0.02200	0.01000	0.00903
12	0.03104	0.02573	0.07578	0.05538	0.03566	0.05378	0.09958	0.06955	0.02689	0.17166	0.02535	0.02699	0.01816	0.01018	0.00991	0.00275	0.01165	0.00892	0.00786	0.23317

[dist]
# distance from previous block
# <min> <max>
2	4

[block]
# block no. 3 follows, 13 sequences, length 17
# corresponding to MSA columns:
# 509-516,521-529
name=unknown_D
#
# <colnr> <probs for GDERKNQSTAVLIFYWHMCP>
#	G	D	E	R	K	N	Q	S	T	A	V	L	I	F	Y	W	H	M	C	P
0	0.02985	0.38879	0.04380	0.01979	0.02813	0.10211	0.01783	0.08021	0.06894	0.03154	0.01872	0.02043	0.01578	0.00991	0.00792	0.00244	0.01164	0.00675	0.00591	0.08952
1	0.03817	0.01737	0.02280	0.01750	0.02532	0.01460	0.01425	0.04250	0.02838	0.39247	0.09382	0.03764	0.03201	0.01287	0.01021	0.00290	0.00829	0.01061	0.01141	0.16687
2	0.02817	0.46756	0.12061	0.02217	0.03184	0.08854	0.05317	0.03300	0.02259	0.02665	0.01583	0.01858	0.01371	0.00934	0.00782	0.00253	0.01299	0.00647	0.00465	0.01376
3	0.02994	0.09870	0.19942	0.03341	0.13573	0.02545	0.06903	0.06649	0.05741	0.14442	0.02533	0.02697	0.01827	0.01076	0.01017	0.00320	0.01275	0.00919	0.00717	0.01618
4	0.01532	0.01132	0.01468	0.01641	0.01812	0.01122	0.01225	0.02076	0.07038	0.03100	0.09720	0.39909	0.06665	0.02948	0.01343	0.00429	0.00714	0.14150	0.01003	0.00974
5	0.02696	0.01494	0.01694	0.01525	0.01973	0.01528	0.01214	0.06394	0.11479	0.14019	0.03876	0.04535	0.03040	0.01439	0.00942	0.00307	0.00711	0.05482	0.34349	0.01301
6	0.02815	0.12706	0.23814	0.09294	0.07113	0.07271	0.05954	0.06496	0.02548	0.09206	0.02120	0.02421	0.01555	0.01042	0.00985	0.00314	0.01410	0.00838	0.00600	0.01499
7	0.02580	0.03486	0.22937	0.10007	0.12889	0.02414	0.17010	0.03474	0.02408	0.09260	0.02230	0.02680	0.01615	0.01003	0.01091	0.00339	0.01487	0.00985	0.00581	0.01526
8	0.04466	0.02244	0.02729	0.02092	0.02921	0.02214	0.01728	0.23367	0.03771	0.37713	0.03546	0.03193	0.02304	0.01294	0.01061	0.00323	0.01001	0.01021	0.01213	0.01799
9	0.01881	0.02551	0.17732	0.20511	0.04217	0.01886	0.02445	0.02458	0.01924	0.02667	0.02185	0.03323	0.01892	0.08293	0.12276	0.09572	0.01612	0.00982	0.00495	0.01100
10	0.03731	0.02479	0.02885	0.03090	0.15836	0.10660	0.01992	0.08144	0.02939	0.25421	0.03030	0.03048	0.02135	0.01173	0.01006	0.00306	0.01119	0.00957	0.08460	0.01590
11	0.03209	0.01809	0.02464	0.01967	0.02631	0.01705	0.06089	0.07935	0.07725	0.26066	0.11590	0.05263	0.13541	0.01646	0.01140	0.00338	0.00878	0.01412	0.01114	0.01480
12	0.01449	0.01227	0.01271	0.01233	0.01612	0.01126	0.00932	0.02088	0.09182	0.03175	0.13655	0.09178	0.45163	0.02473	0.01227	0.00355	0.00571	0.02071	0.01009	0.01003
13	0.03737	0.02098	0.03154	0.03497	0.20141	0.02084	0.02203	0.04194	0.02643	0.32506	0.03100	0.03113	0.02151	0.01259	0.01369	0.00340	0.08785	0.01006	0.00943	0.01676
14	0.03370	0.03618	0.20973	0.02716	0.03810	0.02738	0.06702	0.26442	0.03625	0.11830	0.02508	0.02602	0.01739	0.01157	0.01057	0.00328	0.01310	0.00935	0.00848	0.01691
15	0.11598	0.02240	0.02577	0.02027	0.02816	0.02293	0.01665	0.20110	0.08215	0.30344	0.03364	0.03084	0.02249	0.01271	0.01017	0.00327	0.00969	0.00985	0.01135	0.01715
16	0.01288	0.00920	0.01227	0.01472	0.01534	0.00859	0.00981	0.01472	0.02024	0.02699	0.05828	0.62152	0.06993	0.03312	0.01350	0.00429	0.00613	0.03006	0.00981	0.00859

[dist]
# distance from previous block
# <min> <max>
0	293

# created by:
# /st0/software/busco_prod/Augustus/scripts/msa2prfl.pl ./align_prep/5701.fa
