[name]
unknown

[dist]
# distance from previous block
# <min> <max>
0	7

[block]
# block no. 0 follows, 13 sequences, length 148
# corresponding to MSA columns:
# 8-155
name=unknown_A
#
# <colnr> <probs for GDERKNQSTAVLIFYWHMCP>
#	G	D	E	R	K	N	Q	S	T	A	V	L	I	F	Y	W	H	M	C	P
0	0.08496	0.01856	0.02106	0.01733	0.02428	0.01700	0.01400	0.10358	0.02611	0.03942	0.02952	0.10411	0.02857	0.01485	0.00981	0.00278	0.00856	0.08276	0.00789	0.34486
1	0.02878	0.03096	0.13760	0.02398	0.03255	0.02759	0.02212	0.17070	0.31262	0.04771	0.03368	0.03241	0.02482	0.01305	0.01057	0.00343	0.01067	0.01050	0.00943	0.01682
2	0.01450	0.01031	0.01196	0.01286	0.01521	0.00943	0.00957	0.01773	0.02313	0.03128	0.10734	0.23755	0.24332	0.02603	0.01215	0.00372	0.00597	0.07484	0.12394	0.00915
3	0.02237	0.01919	0.02213	0.01626	0.02530	0.01534	0.01296	0.02963	0.07494	0.03545	0.02126	0.02371	0.01735	0.00849	0.00813	0.00177	0.00788	0.00684	0.00672	0.62430
4	0.08467	0.01819	0.02192	0.08546	0.06308	0.01927	0.01601	0.14978	0.03095	0.04354	0.17309	0.08448	0.13197	0.01774	0.01117	0.00339	0.00861	0.01488	0.00929	0.01253
5	0.01495	0.01095	0.01411	0.01373	0.01633	0.01012	0.01057	0.01969	0.02871	0.03978	0.45490	0.08582	0.14200	0.02299	0.01271	0.00352	0.00556	0.07248	0.01124	0.00984
6	0.02559	0.02257	0.03500	0.04856	0.37116	0.02292	0.02598	0.10368	0.02717	0.03786	0.02852	0.14704	0.02774	0.01473	0.01110	0.00338	0.01111	0.01363	0.00697	0.01528
7	0.03965	0.04592	0.03034	0.02661	0.03271	0.46695	0.02036	0.14657	0.03421	0.03465	0.01829	0.02043	0.01456	0.01128	0.00976	0.00282	0.01747	0.00739	0.00655	0.01349
8	0.01402	0.01032	0.01325	0.01433	0.01621	0.00955	0.01058	0.01736	0.02434	0.03256	0.21737	0.30905	0.15163	0.02812	0.01318	0.00397	0.00616	0.08840	0.01036	0.00922
9	0.01320	0.00944	0.01255	0.01451	0.01541	0.00880	0.00984	0.01551	0.02171	0.02932	0.13369	0.53946	0.07444	0.03138	0.01334	0.00415	0.00596	0.02840	0.01009	0.00880
10	0.01282	0.00943	0.01203	0.01412	0.01518	0.00864	0.00955	0.01479	0.02083	0.02723	0.06566	0.54291	0.14378	0.03216	0.01334	0.00418	0.00602	0.02889	0.00982	0.00864
11	0.01288	0.00920	0.01227	0.01472	0.01534	0.00859	0.00981	0.01472	0.02024	0.02699	0.05828	0.62152	0.06993	0.03312	0.01350	0.00429	0.00613	0.03006	0.00981	0.00859
12	0.02827	0.63478	0.05540	0.01809	0.02714	0.04184	0.01809	0.03166	0.02148	0.02488	0.01470	0.01696	0.01357	0.00905	0.00678	0.00226	0.01131	0.00565	0.00452	0.01357
13	0.03969	0.11907	0.03402	0.02240	0.03090	0.03107	0.01898	0.36712	0.04196	0.15037	0.02669	0.02601	0.01878	0.01221	0.01001	0.00305	0.01111	0.00913	0.01011	0.01732
14	0.02264	0.17258	0.46832	0.02769	0.04198	0.02807	0.03480	0.03311	0.02215	0.03173	0.01811	0.02123	0.01343	0.00984	0.00938	0.00313	0.01475	0.00737	0.00448	0.01521
15	0.70310	0.02045	0.01554	0.01390	0.02045	0.02372	0.01145	0.03108	0.01799	0.04744	0.01472	0.01718	0.01145	0.00981	0.00654	0.00327	0.00818	0.00573	0.00654	0.01145
16	0.02617	0.02512	0.04292	0.06490	0.56246	0.02512	0.03245	0.03245	0.02407	0.03454	0.01989	0.02617	0.01675	0.00942	0.01047	0.00314	0.01256	0.00942	0.00523	0.01675
17	0.01997	0.01879	0.03171	0.60301	0.07282	0.02349	0.02936	0.02701	0.02114	0.02701	0.01879	0.02819	0.01409	0.01057	0.01057	0.00352	0.01409	0.00940	0.00470	0.01175
18	0.01362	0.01076	0.01227	0.01189	0.01497	0.00940	0.00892	0.01735	0.02676	0.03487	0.31227	0.09137	0.34907	0.02442	0.01248	0.00346	0.00519	0.02086	0.01065	0.00940
19	0.04662	0.01930	0.02534	0.01943	0.02764	0.01748	0.01605	0.10496	0.03245	0.51327	0.03988	0.03480	0.02525	0.01304	0.01063	0.00326	0.00929	0.01051	0.01280	0.01799
20	0.01624	0.01214	0.01523	0.01422	0.01711	0.01181	0.01074	0.02402	0.08760	0.04260	0.49917	0.07454	0.09218	0.02080	0.01228	0.00335	0.00537	0.01832	0.01154	0.01074
21	0.02617	0.02512	0.04292	0.06490	0.56246	0.02512	0.03245	0.03245	0.02407	0.03454	0.01989	0.02617	0.01675	0.00942	0.01047	0.00314	0.01256	0.00942	0.00523	0.01675
22	0.01510	0.01133	0.01699	0.01699	0.01888	0.01322	0.01322	0.01888	0.01699	0.02454	0.02832	0.04154	0.02643	0.07930	0.58652	0.01699	0.02832	0.01133	0.00566	0.00944
23	0.01516	0.01112	0.01594	0.01594	0.01747	0.01265	0.01191	0.01821	0.01668	0.02377	0.02928	0.04685	0.02874	0.18481	0.48416	0.01570	0.02485	0.01211	0.00581	0.00886
24	0.07750	0.21567	0.11795	0.02192	0.03093	0.03216	0.02096	0.15738	0.14882	0.04235	0.02448	0.02502	0.01878	0.01136	0.00910	0.00302	0.01114	0.00838	0.00756	0.01553
25	0.02510	0.02082	0.02600	0.01975	0.02792	0.01918	0.06016	0.09905	0.10484	0.04072	0.02518	0.02742	0.01968	0.01003	0.00902	0.00236	0.00904	0.00849	0.07666	0.36857
26	0.02305	0.21390	0.22713	0.03130	0.14064	0.02738	0.02707	0.02989	0.02212	0.03016	0.02384	0.11214	0.02268	0.01311	0.00969	0.00313	0.01229	0.01086	0.00545	0.01418
27	0.01897	0.01288	0.01959	0.02396	0.10026	0.01288	0.01608	0.02010	0.01988	0.02653	0.03479	0.06873	0.03641	0.02936	0.02516	0.29223	0.00993	0.21672	0.00690	0.00864
28	0.02650	0.02581	0.08368	0.11381	0.08509	0.02450	0.02228	0.14303	0.15244	0.04191	0.02676	0.02952	0.02047	0.01590	0.04781	0.00403	0.01229	0.00958	0.00772	0.10686
29	0.03510	0.02478	0.02716	0.02224	0.02955	0.02729	0.01791	0.24549	0.26662	0.13276	0.03571	0.03325	0.02559	0.01349	0.01067	0.00337	0.00978	0.01077	0.01104	0.01743
30	0.01645	0.01290	0.01741	0.10362	0.02552	0.01340	0.01356	0.02364	0.07883	0.03713	0.32193	0.17754	0.07388	0.02154	0.01222	0.00358	0.00694	0.01914	0.01013	0.01065
31	0.03375	0.12019	0.09080	0.02088	0.02902	0.10010	0.01884	0.06934	0.06213	0.19986	0.08160	0.03231	0.02782	0.01242	0.00985	0.00296	0.01111	0.00964	0.00889	0.05851
32	0.03324	0.02516	0.03470	0.03022	0.09289	0.06079	0.11613	0.17415	0.03394	0.14918	0.10699	0.03584	0.03116	0.01290	0.01116	0.00326	0.01190	0.01157	0.00928	0.01554
33	0.02496	0.02852	0.06239	0.04456	0.05526	0.02674	0.52406	0.03387	0.02496	0.03387	0.02139	0.02852	0.01604	0.00891	0.01248	0.00357	0.01783	0.01248	0.00535	0.01426
34	0.06643	0.01528	0.01925	0.01699	0.02172	0.01448	0.01315	0.06482	0.02593	0.26203	0.04282	0.17221	0.03925	0.11171	0.01792	0.00468	0.00877	0.05887	0.01057	0.01313
35	0.03647	0.03014	0.02861	0.02681	0.07821	0.16827	0.01941	0.12684	0.17379	0.15479	0.03091	0.02997	0.02243	0.01247	0.01036	0.00319	0.01216	0.00972	0.00936	0.01606
36	0.01527	0.01066	0.01358	0.01358	0.01429	0.01136	0.00896	0.01669	0.01598	0.02202	0.03144	0.05881	0.03393	0.42227	0.25380	0.01278	0.01703	0.01386	0.00613	0.00755
37	0.02121	0.05469	0.57364	0.03014	0.04576	0.02455	0.03906	0.03348	0.02232	0.03348	0.01897	0.02232	0.01339	0.01005	0.01005	0.00335	0.01563	0.00781	0.00446	0.01563
38	0.02460	0.02352	0.04008	0.20099	0.43863	0.02471	0.03167	0.03107	0.02333	0.03264	0.01961	0.02668	0.01608	0.00971	0.01049	0.00324	0.01295	0.00941	0.00510	0.01548
39	0.03729	0.03181	0.07741	0.02373	0.03147	0.14293	0.02056	0.21988	0.03598	0.16019	0.02987	0.03662	0.02323	0.01401	0.01077	0.00331	0.01278	0.06315	0.00939	0.01563
40	0.01385	0.00995	0.01314	0.01406	0.01555	0.00924	0.00989	0.01716	0.02476	0.03418	0.29078	0.36853	0.08384	0.02776	0.01302	0.00384	0.00560	0.02496	0.01067	0.00924
41	0.01639	0.00999	0.01287	0.01287	0.01306	0.01018	0.00806	0.01518	0.01498	0.02017	0.02761	0.05351	0.03024	0.36702	0.10363	0.24792	0.01172	0.01281	0.00570	0.00608
42	0.03697	0.03070	0.03058	0.02509	0.03225	0.18295	0.06943	0.10165	0.15607	0.17731	0.03094	0.03008	0.02214	0.01230	0.01053	0.00321	0.01289	0.00993	0.00929	0.01568
43	0.02617	0.02512	0.04292	0.06490	0.56246	0.02512	0.03245	0.03245	0.02407	0.03454	0.01989	0.02617	0.01675	0.00942	0.01047	0.00314	0.01256	0.00942	0.00523	0.01675
44	0.02840	0.02376	0.02509	0.02194	0.02829	0.02728	0.01724	0.12743	0.46870	0.04762	0.04036	0.03732	0.03011	0.01409	0.01073	0.00352	0.00886	0.01159	0.01073	0.01692
45	0.03363	0.02918	0.03214	0.09017	0.03743	0.10336	0.06577	0.30873	0.03899	0.04984	0.03137	0.03290	0.07170	0.01330	0.01080	0.00323	0.01284	0.01071	0.00867	0.01525
46	0.02353	0.01936	0.03101	0.45038	0.06086	0.02394	0.02687	0.02953	0.02142	0.08774	0.02062	0.02830	0.01542	0.01205	0.01423	0.00366	0.10351	0.00951	0.00563	0.01242
47	0.02777	0.02632	0.02373	0.02181	0.02689	0.13712	0.01680	0.09277	0.27655	0.03937	0.03895	0.12701	0.03455	0.01727	0.01115	0.00356	0.01062	0.04403	0.00945	0.01427
48	0.03778	0.04222	0.02915	0.02561	0.03148	0.40511	0.01959	0.16293	0.03427	0.03626	0.02160	0.06340	0.01872	0.01293	0.01008	0.00295	0.01627	0.00914	0.00705	0.01344
49	0.14661	0.01836	0.02318	0.01807	0.02600	0.01678	0.01492	0.04843	0.02841	0.49078	0.03763	0.03314	0.02395	0.01259	0.01001	0.00327	0.00887	0.00989	0.01210	0.01700
50	0.02091	0.01975	0.03341	0.52162	0.14688	0.02374	0.02983	0.02784	0.02159	0.02815	0.01896	0.02788	0.01450	0.01040	0.01056	0.00347	0.01386	0.00940	0.00478	0.01250
51	0.45011	0.02348	0.02195	0.01828	0.02534	0.07930	0.04601	0.03683	0.02232	0.15766	0.02117	0.02217	0.01516	0.01058	0.00811	0.00323	0.01008	0.00733	0.00777	0.01313
52	0.02272	0.17882	0.46274	0.02756	0.04178	0.02825	0.03458	0.03309	0.02214	0.03164	0.01806	0.02118	0.01343	0.00983	0.00935	0.00312	0.01470	0.00735	0.00448	0.01519
53	0.03993	0.01699	0.02270	0.01766	0.02510	0.01455	0.01439	0.04422	0.02936	0.43559	0.11730	0.04106	0.03623	0.01384	0.01063	0.00311	0.00827	0.01147	0.01217	0.08541
54	0.02121	0.05469	0.57364	0.03014	0.04576	0.02455	0.03906	0.03348	0.02232	0.03348	0.01897	0.02232	0.01339	0.01005	0.01005	0.00335	0.01563	0.00781	0.00446	0.01563
55	0.01332	0.01066	0.01201	0.01257	0.01545	0.00935	0.00951	0.01635	0.02414	0.03008	0.13971	0.18002	0.38186	0.02749	0.01288	0.00380	0.00593	0.07584	0.00999	0.00907
56	0.02105	0.01283	0.01527	0.01417	0.01822	0.01163	0.01077	0.02621	0.06258	0.14175	0.15759	0.15875	0.26175	0.02320	0.01214	0.00358	0.00637	0.01984	0.01086	0.01145
57	0.01551	0.01135	0.01511	0.01718	0.01942	0.01095	0.01421	0.01943	0.02347	0.03023	0.06418	0.21869	0.13791	0.02964	0.01406	0.00456	0.00834	0.32663	0.00976	0.00938
58	0.01477	0.01000	0.01171	0.01230	0.01245	0.00985	0.00723	0.01522	0.01655	0.02207	0.03936	0.20294	0.04606	0.48427	0.04405	0.00881	0.00925	0.01893	0.00723	0.00693
59	0.10407	0.56578	0.05093	0.01762	0.02639	0.03980	0.01735	0.03159	0.02109	0.02741	0.01470	0.01698	0.01333	0.00913	0.00676	0.00237	0.01096	0.00566	0.00475	0.01333
60	0.09877	0.28749	0.10033	0.02247	0.03016	0.18997	0.02089	0.03421	0.02312	0.02847	0.01557	0.01874	0.01338	0.01062	0.01044	0.00283	0.06799	0.00656	0.00499	0.01303
61	0.01915	0.01745	0.02007	0.01845	0.02061	0.07379	0.01441	0.02310	0.02436	0.03343	0.27785	0.05348	0.05777	0.03230	0.14020	0.00647	0.13420	0.01419	0.00830	0.01042
62	0.01363	0.01048	0.01247	0.01255	0.01513	0.00932	0.00919	0.01716	0.02594	0.03428	0.29324	0.18491	0.27217	0.02568	0.01266	0.00359	0.00534	0.02232	0.01061	0.00932
63	0.01988	0.01189	0.01571	0.01414	0.01749	0.01082	0.01082	0.02473	0.02998	0.12217	0.47897	0.07248	0.08863	0.02033	0.01219	0.00332	0.00559	0.01784	0.01186	0.01119
64	0.01550	0.01070	0.01365	0.01291	0.01541	0.00996	0.00969	0.02048	0.02906	0.04206	0.49821	0.07454	0.09160	0.02057	0.01190	0.00323	0.00498	0.01808	0.08751	0.00996
65	0.01632	0.01311	0.01932	0.01862	0.02022	0.01612	0.01472	0.01987	0.01687	0.02468	0.02614	0.03875	0.02453	0.07010	0.50306	0.01512	0.11616	0.01101	0.00551	0.00976
66	0.02617	0.02512	0.04292	0.06490	0.56246	0.02512	0.03245	0.03245	0.02407	0.03454	0.01989	0.02617	0.01675	0.00942	0.01047	0.00314	0.01256	0.00942	0.00523	0.01675
67	0.02044	0.01170	0.01492	0.01405	0.01599	0.01186	0.00977	0.02244	0.01853	0.10598	0.03326	0.05442	0.03246	0.34011	0.19376	0.01057	0.01478	0.01315	0.05258	0.00924
68	0.02136	0.01392	0.01576	0.01463	0.01860	0.01328	0.01110	0.09745	0.02750	0.09570	0.06830	0.21024	0.24342	0.02342	0.01179	0.00356	0.00687	0.01992	0.07187	0.01131
69	0.35539	0.02328	0.02252	0.01895	0.02495	0.06177	0.01553	0.08557	0.02424	0.15078	0.02127	0.02286	0.01562	0.01216	0.01224	0.00343	0.10031	0.00771	0.00792	0.01352
70	0.02827	0.63478	0.05540	0.01809	0.02714	0.04184	0.01809	0.03166	0.02148	0.02488	0.01470	0.01696	0.01357	0.00905	0.00678	0.00226	0.01131	0.00565	0.00452	0.01357
71	0.01309	0.00936	0.01246	0.01458	0.01538	0.00873	0.00983	0.01525	0.02123	0.02856	0.10897	0.56636	0.07296	0.03195	0.01339	0.00420	0.00602	0.02895	0.01000	0.00873
72	0.01934	0.01651	0.02394	0.11026	0.03139	0.02005	0.02076	0.02376	0.02137	0.02905	0.03752	0.07618	0.03946	0.02313	0.02012	0.00459	0.19313	0.27144	0.00742	0.01060
73	0.01538	0.01025	0.01153	0.01153	0.01153	0.01025	0.00641	0.01538	0.01538	0.02050	0.03331	0.06919	0.03844	0.62842	0.05382	0.01025	0.01025	0.01538	0.00641	0.00641
74	0.01515	0.01115	0.01611	0.01611	0.01769	0.01274	0.01211	0.01831	0.01673	0.02389	0.02913	0.04601	0.02838	0.16816	0.50031	0.01590	0.02540	0.01198	0.00578	0.00895
75	0.01678	0.01121	0.01471	0.01361	0.01642	0.01029	0.01029	0.02172	0.02995	0.07187	0.52810	0.07658	0.09565	0.02114	0.01237	0.00332	0.00521	0.01865	0.01172	0.01042
76	0.02950	0.02200	0.02400	0.02111	0.02742	0.02467	0.01655	0.05548	0.46576	0.12372	0.04283	0.03892	0.03135	0.01415	0.01074	0.00354	0.00846	0.01175	0.01111	0.01693
77	0.40403	0.01933	0.01964	0.01614	0.02343	0.01999	0.01332	0.04041	0.02359	0.28570	0.02703	0.02576	0.01817	0.01131	0.00841	0.00327	0.00855	0.00796	0.00953	0.01444
78	0.07404	0.10306	0.08632	0.10965	0.03587	0.02846	0.02145	0.20404	0.03081	0.04395	0.02166	0.02526	0.01659	0.01194	0.01161	0.00319	0.06569	0.00860	0.08349	0.01431
79	0.02384	0.15480	0.04931	0.03193	0.03938	0.02834	0.26600	0.02984	0.02309	0.03108	0.06946	0.06129	0.02566	0.01283	0.01467	0.00346	0.10407	0.01207	0.00587	0.01301
80	0.02695	0.50744	0.11127	0.02043	0.02929	0.03893	0.02096	0.03123	0.02104	0.02590	0.01510	0.01819	0.01358	0.01012	0.00999	0.00262	0.07256	0.00626	0.00453	0.01360
81	0.02121	0.05469	0.57364	0.03014	0.04576	0.02455	0.03906	0.03348	0.02232	0.03348	0.01897	0.02232	0.01339	0.01005	0.01005	0.00335	0.01563	0.00781	0.00446	0.01563
82	0.03950	0.05039	0.02996	0.02724	0.03269	0.58597	0.02043	0.04222	0.02996	0.02588	0.01634	0.01907	0.01362	0.01090	0.00953	0.00272	0.01907	0.00681	0.00545	0.01226
83	0.02121	0.05469	0.57364	0.03014	0.04576	0.02455	0.03906	0.03348	0.02232	0.03348	0.01897	0.02232	0.01339	0.01005	0.01005	0.00335	0.01563	0.00781	0.00446	0.01563
84	0.01311	0.00954	0.01236	0.01418	0.01530	0.00879	0.00967	0.01542	0.02181	0.02907	0.12529	0.50618	0.11806	0.03110	0.01328	0.00411	0.00592	0.02798	0.01004	0.00879
85	0.01321	0.01074	0.01170	0.01146	0.01472	0.00923	0.00860	0.01656	0.02579	0.03257	0.23723	0.09517	0.42556	0.02528	0.01249	0.00350	0.00525	0.02139	0.01035	0.00923
86	0.01303	0.00952	0.01226	0.01414	0.01526	0.00875	0.00963	0.01525	0.02156	0.02857	0.10908	0.51382	0.12748	0.03137	0.01329	0.00412	0.00594	0.02819	0.00998	0.00875
87	0.02175	0.01228	0.01711	0.01607	0.01924	0.01249	0.01244	0.02566	0.02234	0.13935	0.11447	0.10489	0.04194	0.04767	0.28333	0.00982	0.01695	0.01417	0.05684	0.01120
88	0.03223	0.02545	0.02985	0.02435	0.03153	0.02805	0.05447	0.29049	0.19703	0.05348	0.03397	0.04048	0.02706	0.01479	0.01122	0.00352	0.01086	0.06459	0.01017	0.01641
89	0.01496	0.01081	0.01413	0.01330	0.01580	0.00998	0.00998	0.01995	0.02993	0.04240	0.55689	0.07898	0.09976	0.02162	0.01247	0.00333	0.00499	0.01912	0.01164	0.00998
90	0.01288	0.00920	0.01227	0.01472	0.01534	0.00859	0.00981	0.01472	0.02024	0.02699	0.05828	0.62152	0.06993	0.03312	0.01350	0.00429	0.00613	0.03006	0.00981	0.00859
91	0.02734	0.03692	0.13312	0.03886	0.04923	0.14006	0.34836	0.03551	0.02557	0.03219	0.02000	0.02566	0.01515	0.00949	0.01151	0.00336	0.01775	0.01062	0.00523	0.01406
92	0.15741	0.01913	0.02289	0.01837	0.02594	0.01858	0.01501	0.04870	0.10575	0.40014	0.03725	0.03326	0.02455	0.01271	0.00995	0.00332	0.00876	0.00999	0.01160	0.01667
93	0.01500	0.01009	0.01164	0.01201	0.01211	0.01000	0.00692	0.01528	0.01611	0.02148	0.03709	0.15273	0.04320	0.53838	0.04772	0.00935	0.00963	0.01760	0.00692	0.00674
94	0.01520	0.01093	0.01498	0.01498	0.01617	0.01212	0.01070	0.01759	0.01640	0.02305	0.03016	0.05174	0.03086	0.28181	0.39006	0.01451	0.02166	0.01282	0.00594	0.00832
95	0.02264	0.17258	0.46832	0.02769	0.04198	0.02807	0.03480	0.03311	0.02215	0.03173	0.01811	0.02123	0.01343	0.00984	0.00938	0.00313	0.01475	0.00737	0.00448	0.01521
96	0.04316	0.02485	0.02878	0.02207	0.03041	0.02572	0.01823	0.33226	0.04174	0.27284	0.03208	0.02973	0.02134	0.01285	0.01060	0.00321	0.01055	0.00998	0.01161	0.01799
97	0.01401	0.01054	0.01296	0.01284	0.01533	0.00949	0.00945	0.01792	0.02695	0.03647	0.36438	0.16697	0.21460	0.02470	0.01263	0.00354	0.00526	0.02161	0.01089	0.00949
98	0.03404	0.02649	0.02661	0.02172	0.02854	0.06406	0.01747	0.31736	0.15131	0.05500	0.03000	0.03014	0.02218	0.01288	0.01007	0.00313	0.01040	0.00992	0.11261	0.01611
99	0.01593	0.01273	0.01464	0.01536	0.01808	0.01273	0.01127	0.02424	0.13416	0.03145	0.06869	0.31610	0.19966	0.02703	0.01270	0.00397	0.00663	0.05410	0.01001	0.01051
100	0.01288	0.00920	0.01227	0.01472	0.01534	0.00859	0.00981	0.01472	0.02024	0.02699	0.05828	0.62152	0.06993	0.03312	0.01350	0.00429	0.00613	0.03006	0.00981	0.00859
101	0.01288	0.00920	0.01227	0.01472	0.01534	0.00859	0.00981	0.01472	0.02024	0.02699	0.05828	0.62152	0.06993	0.03312	0.01350	0.00429	0.00613	0.03006	0.00981	0.00859
102	0.01997	0.01879	0.03171	0.60301	0.07282	0.02349	0.02936	0.02701	0.02114	0.02701	0.01879	0.02819	0.01409	0.01057	0.01057	0.00352	0.01409	0.00940	0.00470	0.01175
103	0.37712	0.02586	0.03391	0.02617	0.03422	0.06215	0.19075	0.06797	0.02344	0.04268	0.01790	0.02182	0.01365	0.00978	0.00909	0.00333	0.01249	0.00841	0.00634	0.01294
104	0.02460	0.01821	0.03275	0.02539	0.03166	0.01675	0.18966	0.03046	0.02728	0.14147	0.21895	0.10816	0.05319	0.01670	0.01222	0.00350	0.01035	0.01626	0.00955	0.01290
105	0.01496	0.01081	0.01413	0.01330	0.01580	0.00998	0.00998	0.01995	0.02993	0.04240	0.55689	0.07898	0.09976	0.02162	0.01247	0.00333	0.00499	0.01912	0.01164	0.00998
106	0.02275	0.18109	0.46071	0.02751	0.04170	0.02832	0.03449	0.03309	0.02214	0.03161	0.01804	0.02115	0.01343	0.00983	0.00933	0.00311	0.01468	0.00734	0.00448	0.01518
107	0.02617	0.02512	0.04292	0.06490	0.56246	0.02512	0.03245	0.03245	0.02407	0.03454	0.01989	0.02617	0.01675	0.00942	0.01047	0.00314	0.01256	0.00942	0.00523	0.01675
108	0.02382	0.02289	0.03791	0.22334	0.33230	0.02572	0.03010	0.02973	0.02199	0.03087	0.01865	0.02633	0.01550	0.01115	0.01416	0.00348	0.10325	0.00939	0.00498	0.01444
109	0.03283	0.02227	0.02486	0.02115	0.02791	0.02435	0.01679	0.10294	0.36893	0.17377	0.04092	0.03718	0.02934	0.01387	0.01071	0.00347	0.00885	0.01139	0.01130	0.01717
110	0.02648	0.01335	0.01782	0.01525	0.01976	0.01195	0.01195	0.03115	0.03005	0.22934	0.37427	0.06374	0.07368	0.01859	0.01182	0.00331	0.00641	0.01611	0.01215	0.01282
111	0.01288	0.00920	0.01227	0.01472	0.01534	0.00859	0.00981	0.01472	0.02024	0.02699	0.05828	0.62152	0.06993	0.03312	0.01350	0.00429	0.00613	0.03006	0.00981	0.00859
112	0.02121	0.05469	0.57364	0.03014	0.04576	0.02455	0.03906	0.03348	0.02232	0.03348	0.01897	0.02232	0.01339	0.01005	0.01005	0.00335	0.01563	0.00781	0.00446	0.01563
113	0.03950	0.05039	0.02996	0.02724	0.03269	0.58597	0.02043	0.04222	0.02996	0.02588	0.01634	0.01907	0.01362	0.01090	0.00953	0.00272	0.01907	0.00681	0.00545	0.01226
114	0.01288	0.00920	0.01227	0.01472	0.01534	0.00859	0.00981	0.01472	0.02024	0.02699	0.05828	0.62152	0.06993	0.03312	0.01350	0.00429	0.00613	0.03006	0.00981	0.00859
115	0.02827	0.63478	0.05540	0.01809	0.02714	0.04184	0.01809	0.03166	0.02148	0.02488	0.01470	0.01696	0.01357	0.00905	0.00678	0.00226	0.01131	0.00565	0.00452	0.01357
116	0.01288	0.00920	0.01227	0.01472	0.01534	0.00859	0.00981	0.01472	0.02024	0.02699	0.05828	0.62152	0.06993	0.03312	0.01350	0.00429	0.00613	0.03006	0.00981	0.00859
117	0.01496	0.01081	0.01413	0.01330	0.01580	0.00998	0.00998	0.01995	0.02993	0.04240	0.55689	0.07898	0.09976	0.02162	0.01247	0.00333	0.00499	0.01912	0.01164	0.00998
118	0.01335	0.00953	0.01280	0.01526	0.01607	0.00899	0.01063	0.01553	0.02070	0.02751	0.05802	0.56510	0.06891	0.03268	0.01362	0.00436	0.00654	0.08187	0.00981	0.00872
119	0.01288	0.00920	0.01227	0.01472	0.01534	0.00859	0.00981	0.01472	0.02024	0.02699	0.05828	0.62152	0.06993	0.03312	0.01350	0.00429	0.00613	0.03006	0.00981	0.00859
120	0.03263	0.01663	0.02104	0.01758	0.02347	0.01592	0.01398	0.04225	0.13443	0.29219	0.20882	0.05061	0.05124	0.01610	0.01125	0.00335	0.00757	0.01365	0.01214	0.01514
121	0.01437	0.01110	0.01343	0.01452	0.01730	0.01016	0.01166	0.01793	0.02418	0.03046	0.11327	0.15954	0.29458	0.02797	0.01337	0.00411	0.00703	0.19584	0.00991	0.00926
122	0.02827	0.63478	0.05540	0.01809	0.02714	0.04184	0.01809	0.03166	0.02148	0.02488	0.01470	0.01696	0.01357	0.00905	0.00678	0.00226	0.01131	0.00565	0.00452	0.01357
123	0.02121	0.05469	0.57364	0.03014	0.04576	0.02455	0.03906	0.03348	0.02232	0.03348	0.01897	0.02232	0.01339	0.01005	0.01005	0.00335	0.01563	0.00781	0.00446	0.01563
124	0.01382	0.01080	0.01265	0.01369	0.01585	0.01005	0.00968	0.01814	0.05931	0.02970	0.10465	0.36182	0.24355	0.02883	0.01288	0.00393	0.00595	0.02535	0.00999	0.00937
125	0.01423	0.01078	0.01311	0.01253	0.01535	0.00966	0.00940	0.01853	0.02819	0.03828	0.42307	0.08575	0.23614	0.02315	0.01248	0.00340	0.00510	0.02007	0.01110	0.00966
126	0.02827	0.63478	0.05540	0.01809	0.02714	0.04184	0.01809	0.03166	0.02148	0.02488	0.01470	0.01696	0.01357	0.00905	0.00678	0.00226	0.01131	0.00565	0.00452	0.01357
127	0.65757	0.02034	0.01662	0.05317	0.02394	0.02370	0.01264	0.03081	0.01820	0.04608	0.01499	0.01791	0.01163	0.00987	0.00681	0.00329	0.00857	0.00597	0.00642	0.01147
128	0.70310	0.02045	0.01554	0.01390	0.02045	0.02372	0.01145	0.03108	0.01799	0.04744	0.01472	0.01718	0.01145	0.00981	0.00654	0.00327	0.00818	0.00573	0.00654	0.01145
129	0.01330	0.01018	0.01225	0.01327	0.01538	0.00913	0.00958	0.01611	0.02343	0.03026	0.15490	0.31449	0.25613	0.02873	0.01302	0.00390	0.00586	0.05098	0.01010	0.00900
130	0.01250	0.01071	0.01071	0.01071	0.01428	0.00893	0.00803	0.01517	0.02410	0.02856	0.10711	0.10175	0.55817	0.02678	0.01250	0.00357	0.00536	0.02231	0.00982	0.00893
131	0.01335	0.00953	0.01280	0.01526	0.01607	0.00899	0.01063	0.01553	0.02070	0.02751	0.05802	0.56510	0.06891	0.03268	0.01362	0.00436	0.00654	0.08187	0.00981	0.00872
132	0.02121	0.05469	0.57364	0.03014	0.04576	0.02455	0.03906	0.03348	0.02232	0.03348	0.01897	0.02232	0.01339	0.01005	0.01005	0.00335	0.01563	0.00781	0.00446	0.01563
133	0.02630	0.02271	0.02391	0.02152	0.02749	0.02630	0.01674	0.05618	0.54336	0.04423	0.04303	0.03945	0.03228	0.01434	0.01076	0.00359	0.00837	0.01195	0.01076	0.01674
134	0.02627	0.47031	0.20233	0.02151	0.03242	0.03694	0.02404	0.03218	0.02172	0.02732	0.01591	0.01848	0.01352	0.00933	0.00771	0.00257	0.01253	0.00627	0.00451	0.01415
135	0.02545	0.01984	0.02309	0.01675	0.02597	0.01609	0.01349	0.07914	0.02529	0.07270	0.02096	0.02320	0.01658	0.00867	0.00829	0.00184	0.00829	0.00688	0.00715	0.58032
136	0.14835	0.02842	0.02982	0.02412	0.03149	0.13792	0.08295	0.09982	0.10732	0.16417	0.02770	0.02773	0.01981	0.01169	0.00998	0.00323	0.01227	0.00935	0.00879	0.01506
137	0.02136	0.01498	0.01818	0.01684	0.02083	0.01535	0.01322	0.03328	0.17427	0.08960	0.30637	0.06862	0.06947	0.01968	0.01207	0.00357	0.00686	0.07156	0.01130	0.01259
138	0.01311	0.01073	0.01156	0.01135	0.01466	0.00919	0.00852	0.01636	0.02555	0.03199	0.21867	0.09611	0.44448	0.02550	0.01249	0.00351	0.00526	0.02152	0.01027	0.00919
139	0.04253	0.01691	0.02296	0.01798	0.02530	0.01470	0.01470	0.04675	0.03021	0.49002	0.11963	0.04249	0.03730	0.01438	0.01091	0.00328	0.00839	0.01192	0.01287	0.01678
140	0.03813	0.03823	0.02994	0.02530	0.03208	0.28430	0.01983	0.24687	0.10266	0.04523	0.02348	0.02427	0.01779	0.01208	0.01012	0.00302	0.01461	0.00859	0.00826	0.01521
141	0.01997	0.01879	0.03171	0.60301	0.07282	0.02349	0.02936	0.02701	0.02114	0.02701	0.01879	0.02819	0.01409	0.01057	0.01057	0.00352	0.01409	0.00940	0.00470	0.01175
142	0.01704	0.01127	0.01480	0.01365	0.01651	0.01033	0.01033	0.02197	0.02995	0.07610	0.52396	0.07623	0.09506	0.02107	0.01235	0.00332	0.00524	0.01858	0.01173	0.01049
143	0.03380	0.02536	0.02733	0.02254	0.02974	0.02834	0.01810	0.25928	0.29376	0.09119	0.03532	0.03313	0.02567	0.01354	0.01067	0.00339	0.00982	0.01081	0.01085	0.01736
144	0.01704	0.01217	0.01704	0.01947	0.02191	0.01217	0.01704	0.02191	0.02434	0.03164	0.05598	0.11926	0.06085	0.02921	0.01460	0.00487	0.00974	0.49130	0.00974	0.00974
145	0.02015	0.02422	0.11368	0.51636	0.06873	0.02365	0.03083	0.02799	0.02132	0.02799	0.01882	0.02730	0.01399	0.01049	0.01049	0.00350	0.01433	0.00916	0.00466	0.01233
146	0.51486	0.02664	0.10583	0.02021	0.02864	0.02422	0.07996	0.03179	0.01952	0.04362	0.01620	0.01938	0.01232	0.00974	0.00782	0.00332	0.01052	0.00689	0.00608	0.01243
147	0.03961	0.09648	0.02798	0.01852	0.02642	0.02083	0.01559	0.11677	0.03078	0.33911	0.03357	0.03131	0.02269	0.01208	0.00965	0.00294	0.00923	0.00946	0.07242	0.06458

[dist]
# distance from previous block
# <min> <max>
5	14

[block]
# block no. 1 follows, 13 sequences, length 22
# corresponding to MSA columns:
# 170-191
name=unknown_B
#
# <colnr> <probs for GDERKNQSTAVLIFYWHMCP>
#	G	D	E	R	K	N	Q	S	T	A	V	L	I	F	Y	W	H	M	C	P
0	0.10598	0.01999	0.02218	0.01851	0.02546	0.02042	0.01472	0.04486	0.24377	0.16212	0.06515	0.03530	0.02949	0.01280	0.00983	0.00310	0.00820	0.01035	0.01005	0.13774
1	0.14298	0.04340	0.40989	0.02548	0.03777	0.02260	0.03080	0.03094	0.02131	0.03526	0.02264	0.08897	0.01942	0.01261	0.00980	0.00344	0.01322	0.00995	0.00544	0.01408
2	0.02166	0.02305	0.04793	0.03567	0.04362	0.02158	0.37354	0.02885	0.02467	0.03359	0.08842	0.14093	0.03518	0.01470	0.01266	0.00367	0.01427	0.01639	0.00686	0.01276
3	0.02950	0.02430	0.02571	0.02217	0.02872	0.02780	0.01751	0.16482	0.42951	0.04940	0.03896	0.03620	0.02898	0.01396	0.01072	0.00349	0.00912	0.01139	0.01072	0.01702
4	0.01407	0.00982	0.01180	0.01289	0.01341	0.00942	0.00803	0.01507	0.01815	0.02395	0.04956	0.31693	0.08874	0.32184	0.03301	0.00714	0.00808	0.02239	0.00816	0.00755
5	0.03989	0.02814	0.03058	0.02366	0.03193	0.03085	0.01947	0.45411	0.08116	0.10900	0.02799	0.02725	0.01965	0.01284	0.01059	0.00321	0.01119	0.00978	0.01081	0.01790
6	0.02618	0.02709	0.05279	0.08020	0.19858	0.02656	0.31817	0.07073	0.02638	0.03617	0.02112	0.02759	0.01628	0.00944	0.01165	0.00341	0.01565	0.01121	0.00568	0.01511
7	0.04744	0.01799	0.02454	0.01881	0.02699	0.01554	0.01554	0.05153	0.03026	0.56979	0.04171	0.03599	0.02617	0.01309	0.01063	0.00327	0.00900	0.01063	0.01309	0.01799
8	0.01391	0.00978	0.01182	0.01301	0.01362	0.00933	0.00821	0.01504	0.01850	0.02436	0.05189	0.34060	0.09907	0.28650	0.03061	0.00677	0.00782	0.02312	0.00836	0.00769
9	0.23878	0.02115	0.02231	0.01801	0.02550	0.06092	0.01471	0.04484	0.02665	0.37588	0.03190	0.02921	0.02092	0.01196	0.00935	0.00323	0.00952	0.00891	0.01060	0.01565
10	0.03093	0.02466	0.02894	0.02359	0.03063	0.02697	0.05597	0.26865	0.19505	0.05176	0.03903	0.04283	0.06666	0.01523	0.01123	0.00349	0.01048	0.04777	0.01012	0.01601
11	0.03721	0.01586	0.02049	0.01644	0.02327	0.01360	0.01334	0.04089	0.02846	0.41135	0.06086	0.05524	0.18191	0.01709	0.01118	0.00336	0.00793	0.01405	0.01213	0.01534
12	0.02389	0.02280	0.03880	0.26247	0.38268	0.02452	0.03132	0.03045	0.02300	0.03178	0.01949	0.02691	0.01577	0.00984	0.01051	0.00328	0.01312	0.00941	0.00504	0.01491
13	0.02121	0.05469	0.57364	0.03014	0.04576	0.02455	0.03906	0.03348	0.02232	0.03348	0.01897	0.02232	0.01339	0.01005	0.01005	0.00335	0.01563	0.00781	0.00446	0.01563
14	0.02444	0.02699	0.05387	0.03979	0.04745	0.02834	0.38180	0.03148	0.02247	0.03148	0.01926	0.02699	0.01543	0.01164	0.01879	0.00387	0.18574	0.01156	0.00514	0.01350
15	0.01300	0.00982	0.01203	0.01340	0.01508	0.00884	0.00932	0.01544	0.02246	0.02919	0.12870	0.40923	0.21524	0.02998	0.01309	0.00397	0.00578	0.02657	0.01002	0.00884
16	0.03426	0.02001	0.02412	0.02015	0.02659	0.02100	0.01619	0.12172	0.18194	0.23797	0.03713	0.03634	0.02673	0.02531	0.11430	0.00582	0.01270	0.01097	0.01067	0.01608
17	0.01956	0.01793	0.02991	0.45692	0.10008	0.02176	0.02669	0.02596	0.02062	0.02714	0.02059	0.03044	0.01652	0.02285	0.11421	0.00592	0.01654	0.00975	0.00491	0.01171
18	0.03551	0.03254	0.02755	0.02292	0.02893	0.19951	0.01774	0.28538	0.03744	0.04575	0.02402	0.03132	0.02032	0.12294	0.01804	0.00431	0.01368	0.00974	0.00824	0.01413
19	0.01780	0.01288	0.01577	0.01645	0.01848	0.01294	0.01167	0.10695	0.02555	0.03413	0.05236	0.51424	0.06058	0.02945	0.01297	0.00409	0.00712	0.02636	0.00995	0.01028
20	0.01451	0.01093	0.01401	0.01489	0.01708	0.00958	0.01030	0.01686	0.02055	0.02833	0.05117	0.51362	0.06016	0.02857	0.01248	0.00380	0.00644	0.02578	0.00918	0.13177
21	0.02267	0.02155	0.03660	0.36848	0.28622	0.02420	0.03071	0.02938	0.02242	0.03030	0.01927	0.02731	0.01525	0.01007	0.01053	0.00336	0.01343	0.00941	0.00493	0.01393

[dist]
# distance from previous block
# <min> <max>
0	1558

# created by:
# /st0/software/busco_prod/Augustus/scripts/msa2prfl.pl ./align_prep/5702.fa
