[name]
unknown

[dist]
# distance from previous block
# <min> <max>
0	2

[block]
# block no. 0 follows, 14 sequences, length 26
# corresponding to MSA columns:
# 2-27
name=unknown_A
#
# <colnr> <probs for GDERKNQSTAVLIFYWHMCP>
#	G	D	E	R	K	N	Q	S	T	A	V	L	I	F	Y	W	H	M	C	P
0	0.01450	0.01035	0.01419	0.01657	0.01804	0.01005	0.01299	0.01773	0.02161	0.02843	0.05546	0.37724	0.06352	0.03027	0.01363	0.00444	0.00768	0.26491	0.00949	0.00889
1	0.02058	0.05308	0.58618	0.02925	0.04442	0.02383	0.03792	0.03250	0.02167	0.03250	0.01842	0.02167	0.01300	0.00975	0.00975	0.00325	0.01517	0.00758	0.00433	0.01517
2	0.03789	0.01747	0.02142	0.01700	0.02356	0.01668	0.01385	0.13155	0.03075	0.35019	0.03585	0.03393	0.02421	0.01244	0.00951	0.00296	0.00818	0.00993	0.18719	0.01544
3	0.02553	0.02204	0.02320	0.02088	0.02669	0.02553	0.01624	0.05453	0.55679	0.04293	0.04177	0.03829	0.03133	0.01392	0.01044	0.00348	0.00812	0.01160	0.01044	0.01624
4	0.01378	0.01057	0.01268	0.01247	0.01529	0.00948	0.00956	0.01774	0.02637	0.03502	0.34354	0.08870	0.27713	0.02358	0.01230	0.00345	0.00539	0.06324	0.01045	0.00927
5	0.01340	0.01011	0.01238	0.01251	0.01482	0.00909	0.00912	0.01692	0.02535	0.03402	0.32356	0.20766	0.22384	0.02490	0.01233	0.00351	0.00519	0.02181	0.01040	0.00909
6	0.01836	0.00949	0.00984	0.01011	0.01230	0.00942	0.00745	0.02280	0.02130	0.03686	0.03615	0.10718	0.03112	0.01430	0.00786	0.00260	0.00492	0.01184	0.61669	0.00942
7	0.01288	0.01025	0.01164	0.01222	0.01490	0.00900	0.00914	0.01579	0.02337	0.02933	0.14741	0.20206	0.36928	0.02679	0.01250	0.00368	0.00568	0.06555	0.00974	0.00879
8	0.02744	0.64552	0.05378	0.01756	0.02634	0.04061	0.01756	0.03073	0.02085	0.02414	0.01427	0.01646	0.01317	0.00878	0.00658	0.00219	0.01097	0.00549	0.00439	0.01317
9	0.03833	0.04891	0.02908	0.02644	0.03173	0.59815	0.01983	0.04098	0.02908	0.02512	0.01586	0.01851	0.01322	0.01058	0.00925	0.00264	0.01851	0.00661	0.00529	0.01190
10	0.03901	0.02874	0.03080	0.02361	0.03182	0.03182	0.01951	0.54111	0.04825	0.06468	0.02464	0.02464	0.01745	0.01232	0.01027	0.00308	0.01129	0.00924	0.01027	0.01745
11	0.02172	0.15162	0.49762	0.02730	0.04141	0.02662	0.03453	0.03220	0.02153	0.03111	0.01773	0.02080	0.01303	0.00959	0.00922	0.00307	0.01447	0.00723	0.00434	0.01483
12	0.01785	0.01355	0.01815	0.01680	0.01692	0.01638	0.01218	0.01774	0.01491	0.02113	0.02296	0.04356	0.02483	0.27472	0.08016	0.16889	0.19504	0.01148	0.00524	0.00752
13	0.02469	0.01925	0.02145	0.01847	0.02357	0.02096	0.01452	0.16533	0.22088	0.04780	0.24333	0.04976	0.05332	0.01626	0.01104	0.00328	0.00765	0.01371	0.01073	0.01399
14	0.01938	0.01824	0.03078	0.61468	0.07068	0.02280	0.02850	0.02622	0.02052	0.02622	0.01824	0.02736	0.01368	0.01026	0.01026	0.00342	0.01368	0.00912	0.00456	0.01140
15	0.03783	0.08262	0.03140	0.02480	0.03139	0.35488	0.01956	0.22127	0.03545	0.03937	0.01893	0.02058	0.01475	0.01108	0.00944	0.00277	0.01538	0.00748	0.00703	0.01399
16	0.44948	0.02332	0.02121	0.01744	0.02452	0.02645	0.01439	0.22940	0.02947	0.05331	0.01832	0.01978	0.01359	0.01062	0.00788	0.00314	0.00925	0.00699	0.00788	0.01359
17	0.02744	0.64552	0.05378	0.01756	0.02634	0.04061	0.01756	0.03073	0.02085	0.02414	0.01427	0.01646	0.01317	0.00878	0.00658	0.00219	0.01097	0.00549	0.00439	0.01317
18	0.01466	0.01100	0.01649	0.01649	0.01833	0.01283	0.01283	0.01833	0.01649	0.02382	0.02749	0.04032	0.02566	0.07697	0.59868	0.01649	0.02749	0.01100	0.00550	0.00916
19	0.03809	0.01658	0.02176	0.01790	0.02437	0.01517	0.01429	0.04459	0.08891	0.42737	0.04331	0.13474	0.03315	0.01608	0.01080	0.00338	0.00820	0.01360	0.01191	0.01580
20	0.02128	0.01824	0.02128	0.01520	0.02432	0.01368	0.01216	0.02584	0.02128	0.03344	0.01824	0.02128	0.01520	0.00760	0.00760	0.00152	0.00760	0.00608	0.00608	0.70208
21	0.03093	0.02473	0.02625	0.02198	0.02874	0.02805	0.01755	0.24943	0.35309	0.05164	0.03491	0.03282	0.02577	0.01328	0.01037	0.00332	0.00939	0.01066	0.01037	0.01673
22	0.01938	0.01824	0.03078	0.61468	0.07068	0.02280	0.02850	0.02622	0.02052	0.02622	0.01824	0.02736	0.01368	0.01026	0.01026	0.00342	0.01368	0.00912	0.00456	0.01140
23	0.01398	0.00955	0.01147	0.01240	0.01263	0.00932	0.00751	0.01468	0.01677	0.02235	0.04178	0.28766	0.04923	0.40258	0.03697	0.00769	0.00839	0.02048	0.00751	0.00704
24	0.02675	0.02650	0.05629	0.04035	0.05045	0.02469	0.47743	0.03486	0.02482	0.09659	0.02305	0.02852	0.01671	0.00912	0.01190	0.00343	0.01631	0.01190	0.00606	0.01426
25	0.04326	0.01685	0.02292	0.01779	0.02524	0.01461	0.01461	0.04731	0.02934	0.53463	0.08725	0.03861	0.03171	0.01343	0.01048	0.00318	0.00839	0.01105	0.01258	0.01678

[dist]
# distance from previous block
# <min> <max>
0	6

[block]
# block no. 1 follows, 14 sequences, length 165
# corresponding to MSA columns:
# 34-198
name=unknown_B
#
# <colnr> <probs for GDERKNQSTAVLIFYWHMCP>
#	G	D	E	R	K	N	Q	S	T	A	V	L	I	F	Y	W	H	M	C	P
0	0.02182	0.03418	0.22956	0.03566	0.04663	0.02345	0.31862	0.03085	0.02291	0.03207	0.02364	0.08739	0.02005	0.01141	0.01143	0.00346	0.01544	0.01235	0.00535	0.01372
1	0.10347	0.01882	0.02376	0.01839	0.02622	0.01748	0.01519	0.09837	0.03026	0.48279	0.03658	0.03228	0.02334	0.01239	0.00997	0.00317	0.00892	0.00979	0.01190	0.01691
2	0.02744	0.64552	0.05378	0.01756	0.02634	0.04061	0.01756	0.03073	0.02085	0.02414	0.01427	0.01646	0.01317	0.00878	0.00658	0.00219	0.01097	0.00549	0.00439	0.01317
3	0.04604	0.01746	0.02382	0.01826	0.02620	0.01508	0.01508	0.05001	0.02937	0.58244	0.04049	0.03493	0.02540	0.01270	0.01032	0.00318	0.00873	0.01032	0.01270	0.01746
4	0.01680	0.01094	0.01414	0.01326	0.01608	0.00994	0.00997	0.02114	0.02788	0.08403	0.44743	0.11808	0.12789	0.02157	0.01203	0.00332	0.00528	0.01895	0.01113	0.01014
5	0.03833	0.04891	0.02908	0.02644	0.03173	0.59815	0.01983	0.04098	0.02908	0.02512	0.01586	0.01851	0.01322	0.01058	0.00925	0.00264	0.01851	0.00661	0.00529	0.01190
6	0.01250	0.00893	0.01191	0.01429	0.01488	0.00834	0.00953	0.01429	0.01965	0.02620	0.05656	0.63265	0.06787	0.03215	0.01310	0.00417	0.00595	0.02917	0.00953	0.00834
7	0.01250	0.00893	0.01191	0.01429	0.01488	0.00834	0.00953	0.01429	0.01965	0.02620	0.05656	0.63265	0.06787	0.03215	0.01310	0.00417	0.00595	0.02917	0.00953	0.00834
8	0.04604	0.01746	0.02382	0.01826	0.02620	0.01508	0.01508	0.05001	0.02937	0.58244	0.04049	0.03493	0.02540	0.01270	0.01032	0.00318	0.00873	0.01032	0.01270	0.01746
9	0.71184	0.01985	0.01508	0.01350	0.01985	0.02302	0.01111	0.03017	0.01746	0.04604	0.01429	0.01667	0.01111	0.00953	0.00635	0.00318	0.00794	0.00556	0.00635	0.01111
10	0.04604	0.01746	0.02382	0.01826	0.02620	0.01508	0.01508	0.05001	0.02937	0.58244	0.04049	0.03493	0.02540	0.01270	0.01032	0.00318	0.00873	0.01032	0.01270	0.01746
11	0.02540	0.02438	0.04165	0.06299	0.57533	0.02438	0.03149	0.03149	0.02337	0.03353	0.01930	0.02540	0.01626	0.00914	0.01016	0.00305	0.01219	0.00914	0.00508	0.01626
12	0.02553	0.02204	0.02320	0.02088	0.02669	0.02553	0.01624	0.05453	0.55679	0.04293	0.04177	0.03829	0.03133	0.01392	0.01044	0.00348	0.00812	0.01160	0.01044	0.01624
13	0.02396	0.02953	0.09874	0.04224	0.05296	0.02580	0.50173	0.03284	0.02404	0.03284	0.02059	0.02724	0.01538	0.00873	0.01194	0.00344	0.01715	0.01178	0.00513	0.01394
14	0.04026	0.02415	0.02713	0.02162	0.02826	0.08095	0.01768	0.16718	0.03213	0.32043	0.03032	0.02898	0.02054	0.01312	0.01342	0.00328	0.09481	0.00949	0.01021	0.01603
15	0.03155	0.03760	0.03009	0.02665	0.02968	0.35599	0.02095	0.03402	0.02337	0.02494	0.01484	0.02019	0.01333	0.01373	0.01969	0.00343	0.27577	0.00762	0.00495	0.01161
16	0.02128	0.01824	0.02128	0.01520	0.02432	0.01368	0.01216	0.02584	0.02128	0.03344	0.01824	0.02128	0.01520	0.00760	0.00760	0.00152	0.00760	0.00608	0.00608	0.70208
17	0.02058	0.05308	0.58618	0.02925	0.04442	0.02383	0.03792	0.03250	0.02167	0.03250	0.01842	0.02167	0.01300	0.00975	0.00975	0.00325	0.01517	0.00758	0.00433	0.01517
18	0.04008	0.04003	0.02811	0.02437	0.03054	0.41390	0.01877	0.09395	0.03110	0.15006	0.02210	0.02269	0.01629	0.01121	0.00959	0.00280	0.01565	0.00768	0.00740	0.01367
19	0.03191	0.02407	0.02595	0.02165	0.02847	0.02696	0.01731	0.22716	0.33515	0.09246	0.03558	0.03318	0.02594	0.01326	0.01037	0.00331	0.00930	0.01066	0.01055	0.01677
20	0.01452	0.01049	0.01372	0.01291	0.01533	0.00968	0.00968	0.01937	0.02905	0.04115	0.56992	0.07666	0.09683	0.02098	0.01210	0.00323	0.00484	0.01856	0.01130	0.00968
21	0.71184	0.01985	0.01508	0.01350	0.01985	0.02302	0.01111	0.03017	0.01746	0.04604	0.01429	0.01667	0.01111	0.00953	0.00635	0.00318	0.00794	0.00556	0.00635	0.01111
22	0.01428	0.01048	0.01338	0.01265	0.01518	0.00958	0.00949	0.01889	0.02847	0.03978	0.52239	0.07891	0.14521	0.02149	0.01211	0.00325	0.00488	0.01887	0.01112	0.00958
23	0.01316	0.00940	0.01266	0.01504	0.01592	0.00890	0.01067	0.01542	0.02029	0.02693	0.05620	0.54865	0.06644	0.03153	0.01327	0.00426	0.00652	0.10671	0.00951	0.00852
24	0.03243	0.02548	0.02709	0.02228	0.02932	0.02875	0.01791	0.30370	0.29638	0.05406	0.03300	0.03130	0.02422	0.01310	0.01035	0.00328	0.00975	0.01039	0.01035	0.01686
25	0.01479	0.01056	0.01453	0.01690	0.01850	0.01031	0.01350	0.01824	0.02190	0.02876	0.05530	0.33955	0.06288	0.02999	0.01371	0.00448	0.00794	0.29970	0.00948	0.00897
26	0.04452	0.01991	0.02533	0.01942	0.02742	0.01871	0.01604	0.15655	0.03347	0.47012	0.03705	0.03270	0.02368	0.01262	0.01031	0.00315	0.00929	0.01009	0.01217	0.01746
27	0.71184	0.01985	0.01508	0.01350	0.01985	0.02302	0.01111	0.03017	0.01746	0.04604	0.01429	0.01667	0.01111	0.00953	0.00635	0.00318	0.00794	0.00556	0.00635	0.01111
28	0.02555	0.02375	0.03899	0.14939	0.44834	0.02474	0.03002	0.07281	0.02496	0.03492	0.01957	0.02565	0.01594	0.00959	0.01018	0.00311	0.01236	0.00915	0.00542	0.01557
29	0.02629	0.01954	0.02183	0.01891	0.02434	0.02130	0.01486	0.11843	0.29204	0.09074	0.18276	0.04638	0.04655	0.01550	0.01086	0.00333	0.00776	0.01303	0.01084	0.01474
30	0.02128	0.01824	0.02128	0.01520	0.02432	0.01368	0.01216	0.02584	0.02128	0.03344	0.01824	0.02128	0.01520	0.00760	0.00760	0.00152	0.00760	0.00608	0.00608	0.70208
31	0.02016	0.01930	0.03343	0.53536	0.11144	0.02312	0.05877	0.02705	0.02097	0.02722	0.01848	0.02722	0.01400	0.01007	0.01036	0.00339	0.01377	0.00930	0.00464	0.01195
32	0.01452	0.01049	0.01372	0.01291	0.01533	0.00968	0.00968	0.01937	0.02905	0.04115	0.56992	0.07666	0.09683	0.02098	0.01210	0.00323	0.00484	0.01856	0.01130	0.00968
33	0.01250	0.00893	0.01191	0.01429	0.01488	0.00834	0.00953	0.01429	0.01965	0.02620	0.05656	0.63265	0.06787	0.03215	0.01310	0.00417	0.00595	0.02917	0.00953	0.00834
34	0.01629	0.01235	0.01524	0.01419	0.01716	0.01223	0.01074	0.02502	0.11395	0.04144	0.48495	0.07048	0.08629	0.01984	0.01184	0.00327	0.00537	0.01744	0.01116	0.01074
35	0.02553	0.02204	0.02320	0.02088	0.02669	0.02553	0.01624	0.05453	0.55679	0.04293	0.04177	0.03829	0.03133	0.01392	0.01044	0.00348	0.00812	0.01160	0.01044	0.01624
36	0.02128	0.01824	0.02128	0.01520	0.02432	0.01368	0.01216	0.02584	0.02128	0.03344	0.01824	0.02128	0.01520	0.00760	0.00760	0.00152	0.00760	0.00608	0.00608	0.70208
37	0.02553	0.02204	0.02320	0.02088	0.02669	0.02553	0.01624	0.05453	0.55679	0.04293	0.04177	0.03829	0.03133	0.01392	0.01044	0.00348	0.00812	0.01160	0.01044	0.01624
38	0.02488	0.12988	0.03407	0.02171	0.03032	0.08078	0.09879	0.03162	0.06484	0.03167	0.01959	0.02255	0.01599	0.00877	0.00855	0.00222	0.01089	0.00744	0.00591	0.34953
39	0.02689	0.59865	0.09590	0.01848	0.02777	0.03928	0.01917	0.03087	0.02092	0.02481	0.01460	0.01687	0.01316	0.00886	0.00684	0.00228	0.01131	0.00565	0.00439	0.01333
40	0.01250	0.00893	0.01191	0.01429	0.01488	0.00834	0.00953	0.01429	0.01965	0.02620	0.05656	0.63265	0.06787	0.03215	0.01310	0.00417	0.00595	0.02917	0.00953	0.00834
41	0.71184	0.01985	0.01508	0.01350	0.01985	0.02302	0.01111	0.03017	0.01746	0.04604	0.01429	0.01667	0.01111	0.00953	0.00635	0.00318	0.00794	0.00556	0.00635	0.01111
42	0.02793	0.02477	0.04258	0.05288	0.39872	0.02455	0.11539	0.07567	0.02605	0.07854	0.02164	0.02646	0.01695	0.00960	0.01051	0.00313	0.01272	0.00975	0.00612	0.01604
43	0.01435	0.01048	0.01348	0.01273	0.01522	0.00961	0.00955	0.01903	0.02864	0.04018	0.53607	0.07826	0.13129	0.02134	0.01211	0.00324	0.00487	0.01878	0.01117	0.00961
44	0.01250	0.00893	0.01191	0.01429	0.01488	0.00834	0.00953	0.01429	0.01965	0.02620	0.05656	0.63265	0.06787	0.03215	0.01310	0.00417	0.00595	0.02917	0.00953	0.00834
45	0.03839	0.04723	0.02922	0.02620	0.03173	0.55092	0.01980	0.08269	0.03068	0.02841	0.01659	0.01902	0.01357	0.01072	0.00934	0.00268	0.01790	0.00683	0.00570	0.01236
46	0.03351	0.01937	0.02166	0.01740	0.02348	0.02012	0.01411	0.24613	0.03447	0.17194	0.03136	0.03181	0.02240	0.01228	0.00918	0.00286	0.00840	0.00960	0.25530	0.01464
47	0.01567	0.01124	0.01532	0.01631	0.01869	0.01089	0.01357	0.02044	0.02597	0.03523	0.27756	0.09883	0.07541	0.02516	0.01328	0.00408	0.00745	0.29510	0.01025	0.00955
48	0.02539	0.02384	0.03161	0.02655	0.03025	0.06789	0.08779	0.03490	0.14252	0.06173	0.02580	0.03455	0.02207	0.01581	0.02092	0.00394	0.27539	0.04924	0.00685	0.01297
49	0.32494	0.11487	0.05963	0.02204	0.06903	0.12938	0.01733	0.03510	0.07989	0.03709	0.01822	0.02033	0.01451	0.01008	0.00786	0.00297	0.01105	0.00680	0.00612	0.01275
50	0.01332	0.01051	0.01213	0.01244	0.01530	0.00931	0.00957	0.01668	0.02447	0.03116	0.20233	0.13473	0.35330	0.02559	0.01248	0.00363	0.00576	0.08837	0.00993	0.00899
51	0.02710	0.19059	0.13880	0.03088	0.15112	0.02915	0.02416	0.12013	0.08090	0.03716	0.02096	0.02331	0.01653	0.01008	0.00903	0.00281	0.01154	0.00797	0.00626	0.06148
52	0.01457	0.01238	0.01280	0.01235	0.01614	0.01160	0.00936	0.02181	0.11450	0.03121	0.12464	0.08699	0.44752	0.02360	0.01184	0.00345	0.00567	0.01974	0.00980	0.01002
53	0.08281	0.17611	0.36719	0.02677	0.03929	0.02762	0.08217	0.03195	0.02138	0.03191	0.01739	0.02071	0.01313	0.00941	0.00901	0.00304	0.01384	0.00741	0.00461	0.01424
54	0.66317	0.02049	0.01622	0.01423	0.02071	0.02366	0.01172	0.06713	0.01969	0.04739	0.01504	0.01725	0.01157	0.00973	0.00663	0.00317	0.00818	0.00582	0.00663	0.01157
55	0.02551	0.12793	0.37947	0.02725	0.03998	0.02628	0.06794	0.07815	0.02470	0.07970	0.02038	0.02274	0.01463	0.01000	0.00958	0.00310	0.01387	0.00799	0.00561	0.01518
56	0.01805	0.01147	0.01272	0.01199	0.01539	0.01075	0.00913	0.02364	0.06032	0.07505	0.17766	0.06768	0.23296	0.01905	0.01045	0.00308	0.00545	0.01598	0.20888	0.01030
57	0.03595	0.04467	0.03037	0.02967	0.07882	0.50321	0.02105	0.03886	0.02752	0.02582	0.01597	0.01942	0.01350	0.01103	0.01126	0.00283	0.06559	0.00702	0.00521	0.01222
58	0.01347	0.00985	0.01258	0.01328	0.01485	0.00927	0.00933	0.01633	0.02253	0.03054	0.22464	0.29830	0.13240	0.08128	0.05826	0.00515	0.00739	0.02233	0.00954	0.00870
59	0.03437	0.02156	0.02455	0.01944	0.02607	0.02256	0.01582	0.30358	0.03875	0.16447	0.12967	0.03745	0.03448	0.01397	0.01038	0.00307	0.00907	0.01121	0.06411	0.01540
60	0.03256	0.02301	0.02539	0.02092	0.02765	0.02519	0.01679	0.23266	0.25269	0.12613	0.07612	0.03570	0.03040	0.01370	0.01049	0.00327	0.00914	0.01108	0.01076	0.01636
61	0.33139	0.02318	0.02293	0.01842	0.02578	0.02547	0.01520	0.24536	0.03206	0.13518	0.02256	0.02275	0.01591	0.01117	0.00858	0.00314	0.00945	0.00781	0.00894	0.01471
62	0.01391	0.01047	0.01286	0.01226	0.01495	0.00942	0.00920	0.01817	0.02759	0.03770	0.45012	0.08234	0.21878	0.02227	0.01211	0.00329	0.00493	0.01936	0.01084	0.00942
63	0.02422	0.02768	0.06055	0.04325	0.05363	0.02595	0.53806	0.03287	0.02422	0.03287	0.02076	0.02768	0.01557	0.00865	0.01211	0.00346	0.01730	0.01211	0.00519	0.01384
64	0.01317	0.01044	0.01183	0.01148	0.01450	0.00910	0.00861	0.01674	0.02584	0.03354	0.30570	0.08919	0.36580	0.02382	0.01212	0.00336	0.00504	0.02032	0.01029	0.00910
65	0.09420	0.01764	0.02318	0.01791	0.02574	0.01566	0.01480	0.04858	0.02851	0.54364	0.03859	0.03361	0.02437	0.01247	0.01003	0.00318	0.00867	0.00998	0.01224	0.01701
66	0.02309	0.02411	0.04426	0.03375	0.03906	0.02714	0.27642	0.02868	0.02034	0.02972	0.01852	0.02618	0.01544	0.01292	0.02109	0.00383	0.27759	0.01057	0.05488	0.01240
67	0.01250	0.00893	0.01191	0.01429	0.01488	0.00834	0.00953	0.01429	0.01965	0.02620	0.05656	0.63265	0.06787	0.03215	0.01310	0.00417	0.00595	0.02917	0.00953	0.00834
68	0.04604	0.01746	0.02382	0.01826	0.02620	0.01508	0.01508	0.05001	0.02937	0.58244	0.04049	0.03493	0.02540	0.01270	0.01032	0.00318	0.00873	0.01032	0.01270	0.01746
69	0.01250	0.00893	0.01191	0.01429	0.01488	0.00834	0.00953	0.01429	0.01965	0.02620	0.05656	0.63265	0.06787	0.03215	0.01310	0.00417	0.00595	0.02917	0.00953	0.00834
70	0.02540	0.02438	0.04165	0.06299	0.57533	0.02438	0.03149	0.03149	0.02337	0.03353	0.01930	0.02540	0.01626	0.00914	0.01016	0.00305	0.01219	0.00914	0.00508	0.01626
71	0.02245	0.02245	0.03143	0.02694	0.02694	0.03143	0.02245	0.02470	0.01572	0.02470	0.01347	0.02245	0.01347	0.01796	0.03368	0.00449	0.62057	0.00898	0.00449	0.01123
72	0.01938	0.01824	0.03078	0.61468	0.07068	0.02280	0.02850	0.02622	0.02052	0.02622	0.01824	0.02736	0.01368	0.01026	0.01026	0.00342	0.01368	0.00912	0.00456	0.01140
73	0.02328	0.02864	0.09941	0.04052	0.05073	0.02480	0.46883	0.03180	0.02376	0.03247	0.02258	0.06115	0.01830	0.01006	0.01198	0.00348	0.01650	0.01271	0.00537	0.01364
74	0.03833	0.04891	0.02908	0.02644	0.03173	0.59815	0.01983	0.04098	0.02908	0.02512	0.01586	0.01851	0.01322	0.01058	0.00925	0.00264	0.01851	0.00661	0.00529	0.01190
75	0.02540	0.02438	0.04165	0.06299	0.57533	0.02438	0.03149	0.03149	0.02337	0.03353	0.01930	0.02540	0.01626	0.00914	0.01016	0.00305	0.01219	0.00914	0.00508	0.01626
76	0.03146	0.03745	0.03010	0.02666	0.02965	0.35278	0.02096	0.03393	0.02329	0.02493	0.01483	0.02021	0.01333	0.01377	0.01983	0.00344	0.27918	0.00764	0.00494	0.01161
77	0.02422	0.02768	0.06055	0.04325	0.05363	0.02595	0.53806	0.03287	0.02422	0.03287	0.02076	0.02768	0.01557	0.00865	0.01211	0.00346	0.01730	0.01211	0.00519	0.01384
78	0.01938	0.01824	0.03078	0.61468	0.07068	0.02280	0.02850	0.02622	0.02052	0.02622	0.01824	0.02736	0.01368	0.01026	0.01026	0.00342	0.01368	0.00912	0.00456	0.01140
79	0.02097	0.02050	0.03945	0.03148	0.03814	0.01981	0.28367	0.02903	0.05315	0.03249	0.03645	0.06640	0.03526	0.01747	0.01291	0.00401	0.01340	0.22603	0.00732	0.01207
80	0.01938	0.01824	0.03078	0.61468	0.07068	0.02280	0.02850	0.02622	0.02052	0.02622	0.01824	0.02736	0.01368	0.01026	0.01026	0.00342	0.01368	0.00912	0.00456	0.01140
81	0.01213	0.01040	0.01040	0.01040	0.01386	0.00866	0.00780	0.01473	0.02339	0.02772	0.10396	0.09876	0.57117	0.02599	0.01213	0.00347	0.00520	0.02166	0.00953	0.00866
82	0.01452	0.01049	0.01372	0.01291	0.01533	0.00968	0.00968	0.01937	0.02905	0.04115	0.56992	0.07666	0.09683	0.02098	0.01210	0.00323	0.00484	0.01856	0.01130	0.00968
83	0.01315	0.01026	0.01207	0.01294	0.01542	0.00918	0.00978	0.01611	0.02308	0.02918	0.13202	0.23133	0.31844	0.02737	0.01268	0.00381	0.00601	0.09867	0.00970	0.00881
84	0.01492	0.00995	0.01119	0.01119	0.01119	0.00995	0.00622	0.01492	0.01492	0.01990	0.03233	0.06716	0.03731	0.63935	0.05223	0.00995	0.00995	0.01492	0.00622	0.00622
85	0.01383	0.01039	0.01204	0.01163	0.01449	0.00925	0.00872	0.01772	0.02617	0.03532	0.33826	0.08336	0.29128	0.02248	0.01178	0.00327	0.00499	0.01926	0.05652	0.00925
86	0.56156	0.01762	0.01389	0.01264	0.01813	0.02010	0.01026	0.02881	0.01834	0.04435	0.01845	0.02135	0.01441	0.01005	0.00653	0.00301	0.00725	0.00643	0.15603	0.01078
87	0.03901	0.02874	0.03080	0.02361	0.03182	0.03182	0.01951	0.54111	0.04825	0.06468	0.02464	0.02464	0.01745	0.01232	0.01027	0.00308	0.01129	0.00924	0.01027	0.01745
88	0.02128	0.01824	0.02128	0.01520	0.02432	0.01368	0.01216	0.02584	0.02128	0.03344	0.01824	0.02128	0.01520	0.00760	0.00760	0.00152	0.00760	0.00608	0.00608	0.70208
89	0.01291	0.01031	0.01156	0.01149	0.01440	0.00896	0.00853	0.01616	0.02488	0.03184	0.24718	0.13316	0.38264	0.02489	0.01220	0.00344	0.00514	0.02126	0.01009	0.00896
90	0.03003	0.02234	0.02742	0.07022	0.06767	0.06855	0.05861	0.11611	0.11463	0.14054	0.03251	0.09197	0.02623	0.01383	0.01038	0.00323	0.01051	0.01188	0.06898	0.01435
91	0.02657	0.15076	0.34802	0.02458	0.03659	0.02549	0.02857	0.03699	0.06712	0.12575	0.02337	0.02437	0.01666	0.01042	0.00934	0.00307	0.01273	0.00801	0.00628	0.01529
92	0.02519	0.31014	0.30476	0.02364	0.03541	0.03187	0.02740	0.07614	0.02363	0.03165	0.01714	0.01965	0.01346	0.00955	0.00841	0.00277	0.01299	0.00681	0.00488	0.01449
93	0.02251	0.02777	0.13879	0.04516	0.31293	0.02284	0.06301	0.02917	0.02250	0.03191	0.02785	0.03684	0.06146	0.01265	0.01260	0.00339	0.06270	0.04597	0.00556	0.01439
94	0.08108	0.28892	0.26634	0.02662	0.08916	0.03066	0.02674	0.03148	0.02116	0.03032	0.01647	0.01951	0.01324	0.00927	0.00822	0.00279	0.01256	0.00672	0.00460	0.01413
95	0.02759	0.03382	0.23060	0.03873	0.22902	0.02359	0.02949	0.07636	0.06414	0.11117	0.02392	0.02624	0.01753	0.01044	0.01006	0.00317	0.01241	0.00893	0.00665	0.01613
96	0.01282	0.00916	0.01227	0.01465	0.01539	0.00861	0.01008	0.01484	0.01996	0.02655	0.05638	0.59176	0.06718	0.03185	0.01318	0.00421	0.00623	0.06692	0.00952	0.00842
97	0.01557	0.01257	0.01643	0.11004	0.02488	0.01283	0.01288	0.02207	0.07165	0.03463	0.28732	0.12661	0.17185	0.02080	0.01177	0.00343	0.00674	0.01815	0.00960	0.01019
98	0.03162	0.02308	0.03636	0.04865	0.39408	0.02277	0.02645	0.08051	0.02700	0.16998	0.02493	0.02765	0.01859	0.01029	0.01021	0.00308	0.01127	0.00944	0.00739	0.01665
99	0.01334	0.01044	0.01208	0.01167	0.01460	0.00918	0.00875	0.01707	0.02625	0.03451	0.33955	0.08758	0.33134	0.02346	0.01212	0.00335	0.00502	0.02009	0.01042	0.00918
100	0.37898	0.01866	0.01945	0.01588	0.02302	0.01905	0.01310	0.04009	0.02342	0.31421	0.02739	0.02580	0.01826	0.01111	0.00834	0.00318	0.00834	0.00794	0.00953	0.01429
101	0.02431	0.02327	0.03968	0.16291	0.48393	0.02410	0.03095	0.03054	0.02285	0.03220	0.01911	0.02575	0.01579	0.00935	0.01018	0.00312	0.01246	0.00914	0.00499	0.01538
102	0.02540	0.02438	0.04165	0.06299	0.57533	0.02438	0.03149	0.03149	0.02337	0.03353	0.01930	0.02540	0.01626	0.00914	0.01016	0.00305	0.01219	0.00914	0.00508	0.01626
103	0.01250	0.00893	0.01191	0.01429	0.01488	0.00834	0.00953	0.01429	0.01965	0.02620	0.05656	0.63265	0.06787	0.03215	0.01310	0.00417	0.00595	0.02917	0.00953	0.00834
104	0.02390	0.02286	0.03895	0.19992	0.45008	0.02399	0.03075	0.03019	0.02266	0.03171	0.01904	0.02589	0.01562	0.00942	0.01018	0.00314	0.01256	0.00914	0.00495	0.01505
105	0.02540	0.02438	0.04165	0.06299	0.57533	0.02438	0.03149	0.03149	0.02337	0.03353	0.01930	0.02540	0.01626	0.00914	0.01016	0.00305	0.01219	0.00914	0.00508	0.01626
106	0.03002	0.03187	0.02063	0.01913	0.02317	0.34331	0.01435	0.03359	0.02581	0.03081	0.02349	0.02706	0.01888	0.01117	0.00835	0.00253	0.01256	0.00789	0.30448	0.01089
107	0.03838	0.04745	0.02921	0.02623	0.03173	0.55718	0.01980	0.07716	0.03047	0.02798	0.01650	0.01895	0.01352	0.01070	0.00933	0.00268	0.01798	0.00680	0.00565	0.01230
108	0.01433	0.01048	0.01345	0.01271	0.01521	0.00960	0.00953	0.01900	0.02860	0.04009	0.53305	0.07841	0.13436	0.02138	0.01211	0.00325	0.00487	0.01880	0.01116	0.00960
109	0.04604	0.01746	0.02382	0.01826	0.02620	0.01508	0.01508	0.05001	0.02937	0.58244	0.04049	0.03493	0.02540	0.01270	0.01032	0.00318	0.00873	0.01032	0.01270	0.01746
110	0.01428	0.01048	0.01338	0.01265	0.01518	0.00958	0.00949	0.01889	0.02847	0.03978	0.52239	0.07891	0.14521	0.02149	0.01211	0.00325	0.00488	0.01887	0.01112	0.00958
111	0.02744	0.64552	0.05378	0.01756	0.02634	0.04061	0.01756	0.03073	0.02085	0.02414	0.01427	0.01646	0.01317	0.00878	0.00658	0.00219	0.01097	0.00549	0.00439	0.01317
112	0.01380	0.01046	0.01271	0.01215	0.01488	0.00937	0.00911	0.01795	0.02733	0.03707	0.42812	0.08338	0.24118	0.02250	0.01211	0.00330	0.00495	0.01950	0.01076	0.00937
113	0.01414	0.01047	0.01319	0.01251	0.01510	0.00952	0.00938	0.01863	0.02815	0.03901	0.49552	0.08019	0.17256	0.02178	0.01211	0.00327	0.00490	0.01905	0.01101	0.00952
114	0.03952	0.02793	0.03029	0.02322	0.03142	0.03061	0.01918	0.50544	0.04688	0.10229	0.02579	0.02539	0.01803	0.01235	0.01027	0.00309	0.01111	0.00932	0.01044	0.01745
115	0.01492	0.00995	0.01119	0.01119	0.01119	0.00995	0.00622	0.01492	0.01492	0.01990	0.03233	0.06716	0.03731	0.63935	0.05223	0.00995	0.00995	0.01492	0.00622	0.00622
116	0.71184	0.01985	0.01508	0.01350	0.01985	0.02302	0.01111	0.03017	0.01746	0.04604	0.01429	0.01667	0.01111	0.00953	0.00635	0.00318	0.00794	0.00556	0.00635	0.01111
117	0.03193	0.22669	0.03393	0.07877	0.02998	0.02707	0.01710	0.14102	0.02853	0.15598	0.02522	0.02634	0.01861	0.01097	0.00863	0.00275	0.00997	0.00827	0.10392	0.01432
118	0.01822	0.03454	0.33761	0.02161	0.03135	0.01761	0.02527	0.02687	0.02360	0.03478	0.16179	0.04349	0.08353	0.01413	0.01027	0.00318	0.01072	0.01169	0.07706	0.01269
119	0.02380	0.10816	0.34962	0.02732	0.03931	0.02669	0.07211	0.07285	0.11420	0.03572	0.02256	0.02463	0.01665	0.01045	0.00976	0.00318	0.01342	0.00853	0.00587	0.01519
120	0.03043	0.13576	0.19620	0.02740	0.07937	0.02441	0.06922	0.03898	0.06307	0.19634	0.02629	0.02679	0.01856	0.01062	0.00968	0.00307	0.01196	0.00886	0.00742	0.01557
121	0.03833	0.04891	0.02908	0.02644	0.03173	0.59815	0.01983	0.04098	0.02908	0.02512	0.01586	0.01851	0.01322	0.01058	0.00925	0.00264	0.01851	0.00661	0.00529	0.01190
122	0.11751	0.06885	0.13051	0.07354	0.08187	0.02354	0.10587	0.07735	0.02549	0.11252	0.06525	0.02882	0.02223	0.01098	0.00986	0.00317	0.01188	0.00955	0.00704	0.01417
123	0.02052	0.04662	0.48242	0.08779	0.04542	0.02288	0.03481	0.03130	0.02152	0.03194	0.01838	0.02221	0.01325	0.00962	0.00962	0.00312	0.01438	0.00761	0.00450	0.07207
124	0.02540	0.02438	0.04165	0.06299	0.57533	0.02438	0.03149	0.03149	0.02337	0.03353	0.01930	0.02540	0.01626	0.00914	0.01016	0.00305	0.01219	0.00914	0.00508	0.01626
125	0.01250	0.00893	0.01191	0.01429	0.01488	0.00834	0.00953	0.01429	0.01965	0.02620	0.05656	0.63265	0.06787	0.03215	0.01310	0.00417	0.00595	0.02917	0.00953	0.00834
126	0.02717	0.21815	0.30833	0.02423	0.03598	0.02925	0.02762	0.10947	0.02597	0.07468	0.01975	0.02157	0.01461	0.01007	0.00895	0.00291	0.01291	0.00742	0.00584	0.01510
127	0.04481	0.01943	0.02503	0.01919	0.02718	0.01801	0.01586	0.13578	0.03267	0.49202	0.03772	0.03313	0.02401	0.01263	0.01031	0.00316	0.00918	0.01013	0.01228	0.01746
128	0.01451	0.00978	0.01131	0.01172	0.01182	0.00968	0.00678	0.01482	0.01572	0.02096	0.03643	0.16278	0.04248	0.53668	0.04562	0.00897	0.00927	0.01733	0.00678	0.00658
129	0.01677	0.01471	0.02139	0.01958	0.02178	0.01632	0.05532	0.02025	0.02169	0.02966	0.13449	0.18549	0.13175	0.02338	0.01806	0.00401	0.16261	0.08462	0.00819	0.00993
130	0.07995	0.02961	0.16616	0.02366	0.03334	0.02248	0.05920	0.13451	0.07066	0.23295	0.02901	0.02825	0.01965	0.01149	0.01004	0.00322	0.01132	0.00935	0.00904	0.01611
131	0.04190	0.01870	0.02420	0.01918	0.02660	0.01744	0.01594	0.12609	0.03182	0.44287	0.03935	0.04152	0.02756	0.01424	0.01070	0.00332	0.00922	0.06073	0.01198	0.01664
132	0.01452	0.01049	0.01372	0.01291	0.01533	0.00968	0.00968	0.01937	0.02905	0.04115	0.56992	0.07666	0.09683	0.02098	0.01210	0.00323	0.00484	0.01856	0.01130	0.00968
133	0.03839	0.04724	0.02922	0.02620	0.03173	0.55128	0.01980	0.08237	0.03067	0.02839	0.01659	0.01901	0.01357	0.01072	0.00934	0.00268	0.01791	0.00683	0.00570	0.01236
134	0.03312	0.02686	0.03550	0.04066	0.26714	0.02860	0.02470	0.32047	0.03748	0.05119	0.02233	0.02497	0.01693	0.01094	0.01022	0.00307	0.01168	0.00920	0.00802	0.01693
135	0.13245	0.04485	0.02713	0.02463	0.03007	0.51778	0.01861	0.03947	0.02746	0.02804	0.01564	0.01825	0.01292	0.01043	0.00885	0.00272	0.01703	0.00646	0.00544	0.01179
136	0.28680	0.16949	0.16368	0.02027	0.02911	0.11959	0.02040	0.03259	0.02109	0.03461	0.01553	0.01813	0.01236	0.00959	0.00769	0.00289	0.01205	0.00620	0.00526	0.01267
137	0.03833	0.04891	0.02908	0.02644	0.03173	0.59815	0.01983	0.04098	0.02908	0.02512	0.01586	0.01851	0.01322	0.01058	0.00925	0.00264	0.01851	0.00661	0.00529	0.01190
138	0.03901	0.02874	0.03080	0.02361	0.03182	0.03182	0.01951	0.54111	0.04825	0.06468	0.02464	0.02464	0.01745	0.01232	0.01027	0.00308	0.01129	0.00924	0.01027	0.01745
139	0.02886	0.03312	0.03048	0.02674	0.02887	0.25999	0.02139	0.03126	0.02111	0.02487	0.01444	0.02086	0.01337	0.01498	0.02383	0.00375	0.37775	0.00802	0.00481	0.01150
140	0.01247	0.00906	0.01178	0.01395	0.01480	0.00836	0.00938	0.01433	0.01997	0.02633	0.06070	0.58603	0.11183	0.03161	0.01301	0.00411	0.00589	0.02852	0.00953	0.00836
141	0.01411	0.01047	0.01314	0.01247	0.01507	0.00950	0.00935	0.01856	0.02806	0.03881	0.48855	0.08052	0.17967	0.02185	0.01211	0.00327	0.00490	0.01910	0.01099	0.00950
142	0.02591	0.02480	0.07224	0.02559	0.08388	0.02482	0.01950	0.10757	0.35421	0.04364	0.07634	0.03688	0.03163	0.01344	0.01046	0.00335	0.00926	0.01126	0.00943	0.01580
143	0.01432	0.01048	0.01344	0.01270	0.01521	0.00960	0.00953	0.01898	0.02858	0.04003	0.53106	0.07850	0.13639	0.02140	0.01211	0.00325	0.00487	0.01882	0.01115	0.00960
144	0.02117	0.02385	0.11216	0.01746	0.02755	0.01531	0.01630	0.02691	0.02134	0.03329	0.01827	0.02134	0.01485	0.00795	0.00795	0.00180	0.00882	0.00632	0.00580	0.59157
145	0.02544	0.01908	0.02568	0.01854	0.02760	0.01515	0.06626	0.03033	0.02284	0.11905	0.02197	0.02406	0.01683	0.00850	0.00848	0.00198	0.00877	0.00736	0.00702	0.52506
146	0.71184	0.01985	0.01508	0.01350	0.01985	0.02302	0.01111	0.03017	0.01746	0.04604	0.01429	0.01667	0.01111	0.00953	0.00635	0.00318	0.00794	0.00556	0.00635	0.01111
147	0.02856	0.02270	0.07307	0.02118	0.02994	0.01862	0.06952	0.03915	0.13643	0.17157	0.02899	0.02894	0.02099	0.01048	0.00951	0.00268	0.00961	0.00904	0.00841	0.26063
148	0.02008	0.01859	0.01686	0.01562	0.01949	0.10637	0.01206	0.07442	0.02849	0.03516	0.21316	0.07304	0.25336	0.02082	0.01161	0.00331	0.00814	0.04959	0.00943	0.01043
149	0.01243	0.00921	0.01162	0.01355	0.01469	0.00840	0.00920	0.01437	0.02036	0.02649	0.06553	0.53157	0.16316	0.03098	0.01291	0.00403	0.00581	0.02775	0.00953	0.00840
150	0.04151	0.02473	0.02832	0.02171	0.02982	0.02587	0.01793	0.36653	0.04154	0.24873	0.03027	0.02830	0.02028	0.01245	0.01029	0.00311	0.01038	0.00962	0.01113	0.01746
151	0.02744	0.64552	0.05378	0.01756	0.02634	0.04061	0.01756	0.03073	0.02085	0.02414	0.01427	0.01646	0.01317	0.00878	0.00658	0.00219	0.01097	0.00549	0.00439	0.01317
152	0.01668	0.01320	0.01876	0.01691	0.02030	0.01287	0.05306	0.02427	0.08178	0.03930	0.40478	0.07401	0.07875	0.02025	0.01221	0.00347	0.00677	0.08150	0.01048	0.01065
153	0.01250	0.00893	0.01191	0.01429	0.01488	0.00834	0.00953	0.01429	0.01965	0.02620	0.05656	0.63265	0.06787	0.03215	0.01310	0.00417	0.00595	0.02917	0.00953	0.00834
154	0.01391	0.00992	0.01069	0.01109	0.01317	0.00902	0.00766	0.01617	0.02067	0.02751	0.06947	0.17318	0.28544	0.15399	0.01994	0.00478	0.00626	0.01957	0.11932	0.00824
155	0.28212	0.02517	0.02374	0.01924	0.02649	0.07250	0.01571	0.22708	0.03218	0.14848	0.02306	0.02313	0.01626	0.01124	0.00878	0.00310	0.01022	0.00789	0.00889	0.01472
156	0.03131	0.02492	0.02646	0.02205	0.02889	0.02823	0.01764	0.26328	0.33862	0.05226	0.03442	0.03243	0.02537	0.01323	0.01037	0.00331	0.00948	0.01059	0.01037	0.01676
157	0.02688	0.01849	0.02372	0.06945	0.02906	0.01661	0.01530	0.03127	0.02249	0.15707	0.02282	0.02504	0.01722	0.01005	0.01111	0.00237	0.07091	0.00761	0.00729	0.41523
158	0.01234	0.01040	0.01069	0.01062	0.01399	0.00875	0.00796	0.01513	0.02388	0.02890	0.14465	0.09683	0.52974	0.02555	0.01213	0.00344	0.00517	0.02139	0.00968	0.00875
159	0.01492	0.00995	0.01119	0.01119	0.01119	0.00995	0.00622	0.01492	0.01492	0.01990	0.03233	0.06716	0.03731	0.63935	0.05223	0.00995	0.00995	0.01492	0.00622	0.00622
160	0.02523	0.02813	0.03834	0.03095	0.03737	0.17172	0.24056	0.03085	0.02499	0.02979	0.03000	0.09519	0.02908	0.01554	0.01191	0.00359	0.01491	0.12344	0.00653	0.01188
161	0.27157	0.07749	0.10645	0.02202	0.03055	0.02422	0.10108	0.08370	0.02402	0.08766	0.02576	0.02748	0.05484	0.01111	0.00893	0.00316	0.01091	0.00885	0.00691	0.01331
162	0.02538	0.23953	0.35800	0.02438	0.03676	0.02832	0.02906	0.03372	0.02219	0.08591	0.01934	0.02135	0.01432	0.00974	0.00879	0.00290	0.01317	0.00719	0.00520	0.01476
163	0.59542	0.12627	0.02166	0.01419	0.02095	0.02601	0.01221	0.03026	0.01804	0.04232	0.01429	0.01664	0.01146	0.00940	0.00639	0.00301	0.00845	0.00555	0.00602	0.01146
164	0.32764	0.02338	0.02161	0.01766	0.02484	0.07238	0.01437	0.12943	0.02705	0.16220	0.02231	0.02262	0.01589	0.01066	0.00829	0.00297	0.00962	0.00740	0.00833	0.07135

[dist]
# distance from previous block
# <min> <max>
18	29

[block]
# block no. 2 follows, 14 sequences, length 14
# corresponding to MSA columns:
# 233-246
name=unknown_C
#
# <colnr> <probs for GDERKNQSTAVLIFYWHMCP>
#	G	D	E	R	K	N	Q	S	T	A	V	L	I	F	Y	W	H	M	C	P
0	0.52041	0.01749	0.01482	0.01407	0.01944	0.01961	0.01167	0.02702	0.01913	0.04151	0.03060	0.04206	0.07916	0.01444	0.00828	0.00347	0.00790	0.09114	0.00721	0.01057
1	0.13445	0.01279	0.01470	0.01333	0.01710	0.01239	0.01031	0.02400	0.02658	0.09863	0.37359	0.06435	0.12220	0.01867	0.01095	0.00324	0.00581	0.01581	0.01044	0.01065
2	0.02881	0.57058	0.05067	0.01867	0.02702	0.11064	0.01784	0.03202	0.02189	0.02427	0.01447	0.01672	0.01318	0.00901	0.00692	0.00225	0.01192	0.00563	0.00450	0.01301
3	0.18035	0.01661	0.01811	0.01533	0.02182	0.01501	0.01239	0.02493	0.02062	0.03519	0.02719	0.09710	0.02686	0.01398	0.00896	0.00271	0.00782	0.09204	0.00705	0.35594
4	0.21569	0.03426	0.09423	0.02170	0.02902	0.21578	0.01886	0.06888	0.08207	0.09557	0.02166	0.02263	0.01610	0.01088	0.00884	0.00303	0.01269	0.00753	0.00709	0.01348
5	0.02064	0.26910	0.08758	0.01864	0.02456	0.02396	0.01793	0.02502	0.02166	0.02752	0.03508	0.15178	0.03754	0.01928	0.01052	0.00347	0.01006	0.17741	0.00693	0.01133
6	0.02744	0.64552	0.05378	0.01756	0.02634	0.04061	0.01756	0.03073	0.02085	0.02414	0.01427	0.01646	0.01317	0.00878	0.00658	0.00219	0.01097	0.00549	0.00439	0.01317
7	0.02375	0.01816	0.02153	0.01551	0.02451	0.01382	0.01245	0.02825	0.02209	0.08822	0.02046	0.02264	0.01622	0.00811	0.00787	0.00169	0.00771	0.00650	0.00674	0.63376
8	0.03400	0.09439	0.25179	0.02259	0.03350	0.02113	0.02446	0.04108	0.02544	0.30671	0.02904	0.02778	0.01922	0.01113	0.00972	0.00311	0.01153	0.00874	0.00852	0.01612
9	0.01250	0.00893	0.01191	0.01429	0.01488	0.00834	0.00953	0.01429	0.01965	0.02620	0.05656	0.63265	0.06787	0.03215	0.01310	0.00417	0.00595	0.02917	0.00953	0.00834
10	0.03078	0.01428	0.01959	0.01800	0.02293	0.01301	0.01493	0.03476	0.02600	0.30593	0.04769	0.14029	0.04334	0.02100	0.01211	0.00388	0.00865	0.19843	0.01108	0.01332
11	0.01389	0.00992	0.01350	0.01588	0.01708	0.00953	0.01194	0.01669	0.02102	0.02775	0.05579	0.45461	0.06484	0.03084	0.01347	0.00436	0.00716	0.19350	0.00950	0.00872
12	0.04604	0.01746	0.02382	0.01826	0.02620	0.01508	0.01508	0.05001	0.02937	0.58244	0.04049	0.03493	0.02540	0.01270	0.01032	0.00318	0.00873	0.01032	0.01270	0.01746
13	0.01250	0.00893	0.01191	0.01429	0.01488	0.00834	0.00953	0.01429	0.01965	0.02620	0.05656	0.63265	0.06787	0.03215	0.01310	0.00417	0.00595	0.02917	0.00953	0.00834

[dist]
# distance from previous block
# <min> <max>
0	156

# created by:
# /st0/software/busco_prod/Augustus/scripts/msa2prfl.pl ./align_prep/5703.fa
