[name]
unknown

[dist]
# distance from previous block
# <min> <max>
0	390

[block]
# block no. 0 follows, 14 sequences, length 38
# corresponding to MSA columns:
# 419-456
name=unknown_A
#
# <colnr> <probs for GDERKNQSTAVLIFYWHMCP>
#	G	D	E	R	K	N	Q	S	T	A	V	L	I	F	Y	W	H	M	C	P
0	0.02038	0.01606	0.01785	0.01846	0.02166	0.05295	0.01522	0.05597	0.09469	0.03434	0.04626	0.12868	0.04703	0.02282	0.01225	0.00402	0.00915	0.28317	0.08817	0.01087
1	0.62364	0.02101	0.01714	0.01482	0.02142	0.02418	0.01221	0.09715	0.02150	0.04849	0.01565	0.01772	0.01194	0.00989	0.00686	0.00316	0.00838	0.00604	0.00686	0.01194
2	0.02288	0.01814	0.02987	0.53650	0.06485	0.02179	0.02674	0.02934	0.02168	0.09913	0.02116	0.02835	0.01522	0.01058	0.01027	0.00339	0.01303	0.00928	0.00563	0.01219
3	0.02224	0.02116	0.03595	0.35246	0.31055	0.02355	0.02992	0.02873	0.02187	0.02969	0.01875	0.02643	0.01490	0.00973	0.01021	0.00324	0.01297	0.00913	0.00481	0.01371
4	0.04112	0.10378	0.03021	0.02005	0.02820	0.02433	0.01697	0.22071	0.03491	0.32662	0.03146	0.02888	0.02099	0.01205	0.00981	0.00301	0.00993	0.00931	0.01075	0.01690
5	0.04134	0.01757	0.02344	0.01848	0.02564	0.01620	0.01516	0.08723	0.02927	0.46560	0.03745	0.03477	0.02477	0.02109	0.08744	0.00491	0.01141	0.01032	0.01155	0.01638
6	0.02461	0.02358	0.04023	0.13531	0.50918	0.02418	0.03110	0.03080	0.02299	0.03257	0.01916	0.02566	0.01592	0.00929	0.01017	0.00310	0.01239	0.00914	0.00501	0.01562
7	0.01283	0.01042	0.01137	0.01113	0.01429	0.00896	0.00835	0.01608	0.02504	0.03165	0.24015	0.09230	0.43253	0.02453	0.01212	0.00340	0.00509	0.02075	0.01005	0.00896
8	0.04165	0.01635	0.02225	0.01774	0.02471	0.01420	0.01435	0.04533	0.02810	0.50952	0.04259	0.11328	0.03097	0.01525	0.01068	0.00331	0.00837	0.01279	0.01229	0.01627
9	0.14322	0.01734	0.02402	0.02232	0.06220	0.01735	0.08700	0.03023	0.08194	0.10833	0.04398	0.18121	0.10322	0.01784	0.01078	0.00352	0.00884	0.01578	0.00859	0.01230
10	0.02443	0.02194	0.03370	0.30721	0.22688	0.02473	0.02727	0.09781	0.06992	0.03505	0.02139	0.02728	0.01649	0.01047	0.01024	0.00326	0.01242	0.00935	0.00597	0.01419
11	0.02540	0.02438	0.04165	0.06299	0.57533	0.02438	0.03149	0.03149	0.02337	0.03353	0.01930	0.02540	0.01626	0.00914	0.01016	0.00305	0.01219	0.00914	0.00508	0.01626
12	0.49795	0.02767	0.06885	0.01910	0.02634	0.11068	0.05558	0.03221	0.02011	0.04070	0.01538	0.01822	0.01194	0.00964	0.00752	0.00312	0.01088	0.00640	0.00593	0.01179
13	0.02868	0.02328	0.03882	0.05588	0.48810	0.02291	0.02889	0.03444	0.02432	0.12073	0.02267	0.02691	0.01771	0.00971	0.01018	0.00307	0.01164	0.00933	0.00629	0.01645
14	0.08826	0.02853	0.06795	0.02396	0.03213	0.07371	0.06594	0.23569	0.09526	0.14447	0.02711	0.02698	0.01914	0.01170	0.01004	0.00316	0.01162	0.00934	0.00913	0.01588
15	0.02690	0.59956	0.09508	0.01847	0.02774	0.03930	0.01914	0.03087	0.02091	0.02479	0.01459	0.01687	0.01316	0.00885	0.00683	0.00228	0.01130	0.00565	0.00439	0.01332
16	0.09017	0.01762	0.02324	0.01794	0.02578	0.01561	0.01482	0.04870	0.02858	0.54689	0.03875	0.03372	0.02446	0.01249	0.01006	0.00318	0.00868	0.01000	0.01228	0.01704
17	0.02630	0.02311	0.03576	0.04473	0.32390	0.05885	0.08156	0.03155	0.02422	0.09477	0.03188	0.08358	0.06777	0.01294	0.01075	0.00321	0.01167	0.01218	0.00673	0.01453
18	0.02333	0.02227	0.03791	0.25290	0.40162	0.02384	0.03046	0.02968	0.02239	0.03101	0.01894	0.02607	0.01537	0.00953	0.01019	0.00318	0.01270	0.00914	0.00490	0.01458
19	0.03818	0.02032	0.02440	0.01977	0.02701	0.02058	0.01599	0.10746	0.21307	0.33781	0.03912	0.03491	0.02654	0.01308	0.01036	0.00327	0.00881	0.01064	0.01165	0.01704
20	0.02540	0.02438	0.04165	0.06299	0.57533	0.02438	0.03149	0.03149	0.02337	0.03353	0.01930	0.02540	0.01626	0.00914	0.01016	0.00305	0.01219	0.00914	0.00508	0.01626
21	0.01271	0.00962	0.01173	0.01288	0.01464	0.00865	0.00902	0.01522	0.02226	0.02901	0.15146	0.38258	0.22604	0.02852	0.01265	0.00381	0.00555	0.02522	0.00980	0.00865
22	0.01495	0.01081	0.01621	0.01621	0.01788	0.01247	0.01247	0.01788	0.01621	0.02328	0.02661	0.03949	0.02495	0.07322	0.54809	0.07852	0.02581	0.01081	0.00540	0.00874
23	0.71184	0.01985	0.01508	0.01350	0.01985	0.02302	0.01111	0.03017	0.01746	0.04604	0.01429	0.01667	0.01111	0.00953	0.00635	0.00318	0.00794	0.00556	0.00635	0.01111
24	0.02265	0.02144	0.03458	0.28663	0.26861	0.02442	0.02810	0.03080	0.06984	0.03058	0.02040	0.02714	0.01631	0.01079	0.01221	0.00336	0.06369	0.00934	0.00530	0.01380
25	0.01360	0.01011	0.01271	0.01312	0.01485	0.00978	0.00931	0.01626	0.02099	0.02806	0.15883	0.20707	0.17029	0.12946	0.13126	0.00708	0.01032	0.01979	0.00860	0.00851
26	0.65154	0.01963	0.01587	0.01393	0.02042	0.02230	0.01147	0.03196	0.01854	0.09462	0.01666	0.01832	0.01241	0.00981	0.00671	0.00318	0.00801	0.00599	0.00693	0.01169
27	0.02540	0.02438	0.04165	0.06299	0.57533	0.02438	0.03149	0.03149	0.02337	0.03353	0.01930	0.02540	0.01626	0.00914	0.01016	0.00305	0.01219	0.00914	0.00508	0.01626
28	0.01956	0.02080	0.07706	0.03794	0.24228	0.01791	0.07956	0.02466	0.02179	0.03035	0.03471	0.27501	0.03713	0.01860	0.01155	0.00357	0.01045	0.01758	0.00686	0.01264
29	0.01213	0.01040	0.01040	0.01040	0.01386	0.00866	0.00780	0.01473	0.02339	0.02772	0.10396	0.09876	0.57117	0.02599	0.01213	0.00347	0.00520	0.02166	0.00953	0.00866
30	0.02591	0.01422	0.01737	0.01475	0.01974	0.01296	0.01166	0.07168	0.02905	0.21159	0.21403	0.06567	0.21112	0.01913	0.01139	0.00327	0.00673	0.01609	0.01112	0.01251
31	0.02884	0.02454	0.04961	0.08527	0.04874	0.02319	0.37511	0.03626	0.02510	0.15878	0.02509	0.02932	0.01768	0.00972	0.01154	0.00339	0.01503	0.01145	0.00687	0.01447
32	0.03367	0.01554	0.02044	0.01750	0.02305	0.01453	0.01375	0.03997	0.08673	0.35181	0.04358	0.17730	0.03616	0.02170	0.04989	0.00433	0.00924	0.01498	0.01121	0.01461
33	0.02957	0.01382	0.01854	0.01546	0.02052	0.01226	0.01226	0.03400	0.02920	0.29955	0.31718	0.05674	0.06273	0.01703	0.01125	0.00320	0.00670	0.01463	0.01197	0.01340
34	0.02382	0.02277	0.03880	0.20762	0.44303	0.02397	0.03071	0.03011	0.02262	0.03161	0.01902	0.02591	0.01558	0.00944	0.01019	0.00315	0.01258	0.00914	0.00494	0.01498
35	0.03480	0.02870	0.16165	0.02679	0.03696	0.02066	0.13901	0.07458	0.02769	0.29759	0.02991	0.02956	0.01981	0.01108	0.01059	0.00325	0.01232	0.01003	0.00892	0.01612
36	0.71184	0.01985	0.01508	0.01350	0.01985	0.02302	0.01111	0.03017	0.01746	0.04604	0.01429	0.01667	0.01111	0.00953	0.00635	0.00318	0.00794	0.00556	0.00635	0.01111
37	0.71184	0.01985	0.01508	0.01350	0.01985	0.02302	0.01111	0.03017	0.01746	0.04604	0.01429	0.01667	0.01111	0.00953	0.00635	0.00318	0.00794	0.00556	0.00635	0.01111

[dist]
# distance from previous block
# <min> <max>
1	3

[block]
# block no. 1 follows, 14 sequences, length 34
# corresponding to MSA columns:
# 460-493
name=unknown_B
#
# <colnr> <probs for GDERKNQSTAVLIFYWHMCP>
#	G	D	E	R	K	N	Q	S	T	A	V	L	I	F	Y	W	H	M	C	P
0	0.08378	0.01915	0.02347	0.01737	0.02603	0.01612	0.04501	0.03024	0.05618	0.07461	0.02117	0.02335	0.01664	0.00861	0.00815	0.00203	0.00834	0.00707	0.00681	0.50589
1	0.02012	0.01308	0.01608	0.01470	0.01836	0.01263	0.01122	0.02807	0.10788	0.11311	0.33435	0.10731	0.12195	0.02008	0.01168	0.00335	0.00599	0.01745	0.01106	0.01154
2	0.14008	0.07398	0.02448	0.01863	0.02512	0.02216	0.01551	0.08077	0.16490	0.19571	0.03497	0.04108	0.02741	0.01419	0.00990	0.00336	0.00894	0.07433	0.00977	0.01472
3	0.03833	0.04891	0.02908	0.02644	0.03173	0.59815	0.01983	0.04098	0.02908	0.02512	0.01586	0.01851	0.01322	0.01058	0.00925	0.00264	0.01851	0.00661	0.00529	0.01190
4	0.03097	0.07858	0.02668	0.01939	0.02557	0.01770	0.05691	0.03725	0.06784	0.26867	0.11947	0.08937	0.04081	0.01614	0.01092	0.00334	0.00888	0.05707	0.01036	0.01409
5	0.02871	0.02039	0.03506	0.27275	0.12711	0.02130	0.10615	0.03490	0.02407	0.18900	0.02522	0.02932	0.01773	0.01055	0.01056	0.00330	0.01261	0.00995	0.00709	0.01423
6	0.01250	0.00893	0.01191	0.01429	0.01488	0.00834	0.00953	0.01429	0.01965	0.02620	0.05656	0.63265	0.06787	0.03215	0.01310	0.00417	0.00595	0.02917	0.00953	0.00834
7	0.11434	0.15747	0.03479	0.21177	0.04216	0.02514	0.06510	0.03413	0.02271	0.16538	0.02255	0.02551	0.01629	0.01030	0.00914	0.00306	0.01147	0.00843	0.00680	0.01346
8	0.08342	0.11352	0.18494	0.11285	0.11445	0.02631	0.02582	0.03588	0.13933	0.03411	0.02275	0.02554	0.01746	0.01051	0.00931	0.00315	0.01179	0.00845	0.00600	0.01440
9	0.01762	0.01087	0.01387	0.01366	0.01637	0.00976	0.01002	0.02091	0.02486	0.10602	0.24104	0.26682	0.15966	0.02460	0.01221	0.00359	0.00581	0.02166	0.01057	0.01008
10	0.01278	0.00937	0.01207	0.01411	0.01526	0.00867	0.00985	0.01492	0.02051	0.02678	0.06314	0.51440	0.13896	0.03096	0.01305	0.00411	0.00613	0.06695	0.00952	0.00847
11	0.03166	0.02141	0.03253	0.13335	0.22867	0.02247	0.02412	0.07726	0.02610	0.20440	0.02561	0.02835	0.01852	0.01148	0.01234	0.00328	0.06572	0.00950	0.00773	0.01548
12	0.03098	0.12671	0.04896	0.03188	0.04130	0.02527	0.30303	0.03741	0.02513	0.18817	0.02532	0.02790	0.01798	0.00983	0.01069	0.00317	0.01381	0.01051	0.00720	0.01476
13	0.04372	0.01678	0.02258	0.01751	0.02497	0.01461	0.01440	0.04776	0.02869	0.53543	0.03988	0.03522	0.02548	0.01264	0.01005	0.00311	0.00839	0.01025	0.07176	0.01678
14	0.02626	0.02365	0.04155	0.11162	0.41779	0.02370	0.09300	0.03258	0.02366	0.07539	0.02103	0.02662	0.01663	0.00947	0.01042	0.00315	0.01271	0.00960	0.00563	0.01557
15	0.02802	0.15959	0.07567	0.11767	0.03374	0.05964	0.01971	0.03278	0.02375	0.16288	0.03092	0.09174	0.02727	0.01489	0.01013	0.00327	0.01105	0.07658	0.00764	0.01308
16	0.02764	0.01448	0.01885	0.01725	0.02161	0.01371	0.01364	0.08042	0.02734	0.22544	0.09179	0.22949	0.04914	0.02182	0.01195	0.00373	0.00794	0.10021	0.01084	0.01272
17	0.18229	0.03279	0.08188	0.02702	0.03532	0.14445	0.13992	0.16324	0.02963	0.04224	0.01911	0.02207	0.01436	0.01027	0.00958	0.00311	0.01377	0.00841	0.00668	0.01387
18	0.01414	0.01020	0.01338	0.01317	0.01525	0.00943	0.00965	0.01841	0.02728	0.03834	0.47322	0.18139	0.09137	0.02308	0.01229	0.00340	0.00505	0.02056	0.01096	0.00943
19	0.02128	0.01824	0.02128	0.01520	0.02432	0.01368	0.01216	0.02584	0.02128	0.03344	0.01824	0.02128	0.01520	0.00760	0.00760	0.00152	0.00760	0.00608	0.00608	0.70208
20	0.02655	0.02295	0.03115	0.18769	0.21961	0.07321	0.02403	0.08109	0.02654	0.08206	0.06594	0.03426	0.05629	0.01208	0.01039	0.00316	0.01179	0.01047	0.00686	0.01389
21	0.02635	0.55124	0.13850	0.01942	0.02922	0.03794	0.02080	0.03101	0.02098	0.02547	0.01493	0.01729	0.01314	0.00893	0.00709	0.00236	0.01164	0.00582	0.00438	0.01349
22	0.01242	0.00986	0.01117	0.01200	0.01434	0.00861	0.00856	0.01486	0.02237	0.02802	0.11637	0.29537	0.35396	0.02795	0.01249	0.00371	0.00546	0.02425	0.00964	0.00861
23	0.01628	0.01113	0.01282	0.01201	0.01557	0.00964	0.00914	0.01975	0.02586	0.08704	0.25217	0.08512	0.35992	0.02301	0.01194	0.00336	0.00543	0.01951	0.01043	0.00987
24	0.02403	0.31032	0.30214	0.02337	0.03490	0.03135	0.02704	0.03369	0.06919	0.02977	0.01868	0.02087	0.01471	0.00970	0.00842	0.00281	0.01270	0.00702	0.00490	0.01439
25	0.01938	0.01824	0.03078	0.61468	0.07068	0.02280	0.02850	0.02622	0.02052	0.02622	0.01824	0.02736	0.01368	0.01026	0.01026	0.00342	0.01368	0.00912	0.00456	0.01140
26	0.03833	0.04891	0.02908	0.02644	0.03173	0.59815	0.01983	0.04098	0.02908	0.02512	0.01586	0.01851	0.01322	0.01058	0.00925	0.00264	0.01851	0.00661	0.00529	0.01190
27	0.01229	0.00977	0.01104	0.01206	0.01430	0.00852	0.00854	0.01454	0.02179	0.02707	0.08370	0.32699	0.35602	0.02862	0.01254	0.00377	0.00552	0.02487	0.00953	0.00852
28	0.02437	0.02634	0.08930	0.11453	0.47792	0.02418	0.03177	0.03106	0.02293	0.03271	0.01912	0.02526	0.01571	0.00931	0.01013	0.00310	0.01260	0.00900	0.00496	0.01568
29	0.02171	0.02062	0.03499	0.40083	0.26630	0.02341	0.02966	0.02826	0.02162	0.02905	0.01865	0.02660	0.01468	0.00983	0.01022	0.00328	0.01310	0.00913	0.00476	0.01328
30	0.04604	0.01746	0.02382	0.01826	0.02620	0.01508	0.01508	0.05001	0.02937	0.58244	0.04049	0.03493	0.02540	0.01270	0.01032	0.00318	0.00873	0.01032	0.01270	0.01746
31	0.09154	0.02443	0.02778	0.02255	0.02972	0.02705	0.05092	0.23090	0.25542	0.08263	0.03158	0.03046	0.02305	0.01253	0.01012	0.00329	0.00991	0.01016	0.00981	0.01616
32	0.02380	0.33109	0.33635	0.02376	0.03593	0.03170	0.02836	0.03167	0.02128	0.02858	0.01647	0.01922	0.01308	0.00929	0.00826	0.00275	0.01320	0.00660	0.00436	0.01423
33	0.22619	0.02176	0.02641	0.08489	0.12642	0.02339	0.01905	0.12899	0.05720	0.15354	0.02430	0.02563	0.01746	0.01093	0.00916	0.00318	0.01004	0.00852	0.00818	0.01478

[dist]
# distance from previous block
# <min> <max>
0	1

[block]
# block no. 2 follows, 14 sequences, length 46
# corresponding to MSA columns:
# 495-540
name=unknown_C
#
# <colnr> <probs for GDERKNQSTAVLIFYWHMCP>
#	G	D	E	R	K	N	Q	S	T	A	V	L	I	F	Y	W	H	M	C	P
0	0.08988	0.02420	0.04243	0.03499	0.10120	0.02364	0.25833	0.06905	0.06422	0.14870	0.02579	0.02851	0.01851	0.01021	0.01079	0.00331	0.01313	0.01062	0.00750	0.01501
1	0.31940	0.01924	0.02071	0.01668	0.02398	0.01953	0.01376	0.07638	0.02580	0.32540	0.02860	0.02670	0.01897	0.01137	0.00868	0.00317	0.00859	0.00828	0.00992	0.01485
2	0.03061	0.52013	0.04809	0.01835	0.02675	0.08182	0.01743	0.03394	0.02256	0.09347	0.01765	0.01892	0.01469	0.00941	0.00726	0.00235	0.01130	0.00618	0.00549	0.01360
3	0.01479	0.01048	0.01386	0.01386	0.01478	0.01140	0.00954	0.01663	0.01571	0.02187	0.02990	0.05366	0.03145	0.35654	0.32703	0.01324	0.01877	0.01295	0.00586	0.00770
4	0.02461	0.01978	0.03048	0.02454	0.03026	0.01994	0.15064	0.13223	0.06016	0.06738	0.06882	0.09277	0.03595	0.09970	0.01729	0.00446	0.01127	0.08873	0.00843	0.01257
5	0.02058	0.05308	0.58618	0.02925	0.04442	0.02383	0.03792	0.03250	0.02167	0.03250	0.01842	0.02167	0.01300	0.00975	0.00975	0.00325	0.01517	0.00758	0.00433	0.01517
6	0.01496	0.01211	0.01889	0.01779	0.02048	0.01131	0.07583	0.01884	0.02353	0.03184	0.19917	0.31092	0.09807	0.02530	0.01276	0.00384	0.00740	0.07793	0.00948	0.00954
7	0.02258	0.01862	0.02008	0.01863	0.02328	0.02100	0.01425	0.04457	0.41031	0.04038	0.08505	0.11506	0.04072	0.01661	0.01067	0.00347	0.00736	0.01419	0.05890	0.01427
8	0.01466	0.01100	0.01649	0.01649	0.01833	0.01283	0.01283	0.01833	0.01649	0.02382	0.02749	0.04032	0.02566	0.07697	0.59868	0.01649	0.02749	0.01100	0.00550	0.00916
9	0.02058	0.05308	0.58618	0.02925	0.04442	0.02383	0.03792	0.03250	0.02167	0.03250	0.01842	0.02167	0.01300	0.00975	0.00975	0.00325	0.01517	0.00758	0.00433	0.01517
10	0.03400	0.01423	0.01832	0.01501	0.02060	0.01276	0.01206	0.03832	0.02704	0.35174	0.10921	0.04148	0.03521	0.01359	0.00964	0.00295	0.00706	0.01120	0.21144	0.01413
11	0.01601	0.01237	0.01733	0.01704	0.01936	0.01440	0.01325	0.02282	0.08351	0.02619	0.02926	0.04006	0.02636	0.06915	0.52572	0.01488	0.02509	0.01107	0.00611	0.01004
12	0.71184	0.01985	0.01508	0.01350	0.01985	0.02302	0.01111	0.03017	0.01746	0.04604	0.01429	0.01667	0.01111	0.00953	0.00635	0.00318	0.00794	0.00556	0.00635	0.01111
13	0.02598	0.02074	0.06000	0.01887	0.02592	0.01798	0.01629	0.03030	0.02194	0.14321	0.02698	0.02900	0.05030	0.01202	0.01394	0.00270	0.13445	0.00858	0.00720	0.33361
14	0.71184	0.01985	0.01508	0.01350	0.01985	0.02302	0.01111	0.03017	0.01746	0.04604	0.01429	0.01667	0.01111	0.00953	0.00635	0.00318	0.00794	0.00556	0.00635	0.01111
15	0.71184	0.01985	0.01508	0.01350	0.01985	0.02302	0.01111	0.03017	0.01746	0.04604	0.01429	0.01667	0.01111	0.00953	0.00635	0.00318	0.00794	0.00556	0.00635	0.01111
16	0.02030	0.01655	0.01870	0.01709	0.02129	0.01800	0.01313	0.03782	0.30599	0.04208	0.29277	0.05652	0.06246	0.01728	0.01123	0.00336	0.00656	0.01491	0.01085	0.01313
17	0.71184	0.01985	0.01508	0.01350	0.01985	0.02302	0.01111	0.03017	0.01746	0.04604	0.01429	0.01667	0.01111	0.00953	0.00635	0.00318	0.00794	0.00556	0.00635	0.01111
18	0.01316	0.00987	0.01156	0.01231	0.01386	0.00922	0.00834	0.01493	0.01951	0.02494	0.06472	0.25388	0.23348	0.18831	0.06934	0.00638	0.00842	0.02146	0.00836	0.00798
19	0.01362	0.01027	0.01259	0.01240	0.01488	0.00924	0.00915	0.01747	0.02634	0.03564	0.37920	0.15165	0.22257	0.02373	0.01223	0.00341	0.00508	0.02072	0.01060	0.00924
20	0.01658	0.01093	0.01280	0.01236	0.01558	0.00983	0.00958	0.02045	0.02534	0.07258	0.23083	0.08079	0.26753	0.02183	0.01151	0.00334	0.00565	0.06061	0.10209	0.00979
21	0.01951	0.04487	0.47676	0.02581	0.03809	0.02119	0.03188	0.02915	0.02038	0.03010	0.02106	0.03032	0.01763	0.12956	0.01783	0.00452	0.01417	0.00898	0.00469	0.01346
22	0.02156	0.01380	0.01535	0.01360	0.01719	0.01414	0.01057	0.12763	0.02961	0.04465	0.22008	0.04897	0.04927	0.01520	0.00953	0.00283	0.00613	0.01266	0.31603	0.01121
23	0.01265	0.00905	0.01204	0.01419	0.01492	0.00843	0.00954	0.01466	0.02034	0.02730	0.09439	0.59168	0.07001	0.03133	0.01303	0.00410	0.00587	0.02839	0.00966	0.00843
24	0.02758	0.02307	0.02436	0.02130	0.02747	0.02649	0.01674	0.12871	0.47927	0.04624	0.03916	0.03621	0.02921	0.01368	0.01042	0.00342	0.00860	0.01124	0.01042	0.01643
25	0.02744	0.64552	0.05378	0.01756	0.02634	0.04061	0.01756	0.03073	0.02085	0.02414	0.01427	0.01646	0.01317	0.00878	0.00658	0.00219	0.01097	0.00549	0.00439	0.01317
26	0.03838	0.04747	0.02920	0.02624	0.03173	0.55759	0.01981	0.07680	0.03045	0.02795	0.01649	0.01895	0.01352	0.01070	0.00933	0.00267	0.01799	0.00680	0.00564	0.01229
27	0.01890	0.01206	0.01529	0.01424	0.01744	0.01137	0.01074	0.02502	0.06951	0.10566	0.36655	0.14294	0.10755	0.02116	0.01188	0.00338	0.00575	0.01857	0.01106	0.01093
28	0.03929	0.04501	0.02843	0.02542	0.03104	0.52583	0.01924	0.04210	0.02912	0.09425	0.01892	0.02054	0.01473	0.01084	0.00939	0.00271	0.01729	0.00707	0.00621	0.01259
29	0.01938	0.01824	0.03078	0.61468	0.07068	0.02280	0.02850	0.02622	0.02052	0.02622	0.01824	0.02736	0.01368	0.01026	0.01026	0.00342	0.01368	0.00912	0.00456	0.01140
30	0.03489	0.02199	0.02471	0.02011	0.02699	0.02348	0.01624	0.21341	0.20079	0.19214	0.03498	0.03283	0.02468	0.01289	0.01007	0.00317	0.00905	0.01030	0.07090	0.01639
31	0.04604	0.01746	0.02382	0.01826	0.02620	0.01508	0.01508	0.05001	0.02937	0.58244	0.04049	0.03493	0.02540	0.01270	0.01032	0.00318	0.00873	0.01032	0.01270	0.01746
32	0.27699	0.02366	0.02380	0.01914	0.02649	0.02609	0.01573	0.26222	0.07066	0.12396	0.02424	0.02412	0.01722	0.01149	0.00890	0.00315	0.00955	0.00824	0.00921	0.01513
33	0.02693	0.28750	0.25477	0.02246	0.03338	0.02971	0.02507	0.03570	0.06488	0.09814	0.02132	0.02251	0.01607	0.01005	0.00859	0.00283	0.01210	0.00739	0.00588	0.01472
34	0.01722	0.01353	0.01593	0.01479	0.01820	0.01377	0.01125	0.02824	0.16780	0.04045	0.38986	0.06846	0.12098	0.01956	0.01167	0.00332	0.00574	0.01699	0.01092	0.01132
35	0.02219	0.02094	0.03473	0.31960	0.28864	0.02270	0.02839	0.02851	0.02184	0.03006	0.01871	0.02597	0.01495	0.00954	0.00998	0.00309	0.01249	0.00886	0.00492	0.07387
36	0.03641	0.01992	0.02408	0.01886	0.02663	0.01895	0.01530	0.10722	0.13432	0.30721	0.03454	0.03172	0.02364	0.01192	0.00982	0.00291	0.00871	0.00963	0.01069	0.14750
37	0.03635	0.01768	0.02205	0.01802	0.02474	0.01694	0.01451	0.04668	0.16362	0.37019	0.07977	0.04302	0.07016	0.01449	0.01060	0.00328	0.00807	0.01199	0.01181	0.01602
38	0.01758	0.01119	0.01359	0.01285	0.01617	0.00985	0.00967	0.02108	0.02579	0.10657	0.25940	0.14840	0.26293	0.02315	0.01200	0.00343	0.00563	0.01995	0.01060	0.01017
39	0.02542	0.02408	0.02397	0.02395	0.07353	0.09761	0.01696	0.04535	0.36508	0.03854	0.07815	0.04174	0.07204	0.01445	0.01050	0.00331	0.00938	0.01197	0.00930	0.01466
40	0.02540	0.02438	0.04165	0.06299	0.57533	0.02438	0.03149	0.03149	0.02337	0.03353	0.01930	0.02540	0.01626	0.00914	0.01016	0.00305	0.01219	0.00914	0.00508	0.01626
41	0.14508	0.02540	0.02449	0.01985	0.02709	0.12898	0.01601	0.11620	0.03023	0.32049	0.02955	0.02755	0.01977	0.01176	0.00951	0.00306	0.01083	0.00874	0.00998	0.01544
42	0.71184	0.01985	0.01508	0.01350	0.01985	0.02302	0.01111	0.03017	0.01746	0.04604	0.01429	0.01667	0.01111	0.00953	0.00635	0.00318	0.00794	0.00556	0.00635	0.01111
43	0.53750	0.02145	0.01773	0.01532	0.02189	0.06219	0.01249	0.03471	0.02055	0.14664	0.01939	0.02028	0.01398	0.01020	0.00731	0.00314	0.00884	0.00654	0.00748	0.01238
44	0.02540	0.02438	0.04165	0.06299	0.57533	0.02438	0.03149	0.03149	0.02337	0.03353	0.01930	0.02540	0.01626	0.00914	0.01016	0.00305	0.01219	0.00914	0.00508	0.01626
45	0.01515	0.01087	0.01472	0.01569	0.01786	0.01044	0.01265	0.01956	0.02552	0.03474	0.28143	0.16267	0.07677	0.02558	0.01313	0.00400	0.00699	0.23253	0.01027	0.00941

[dist]
# distance from previous block
# <min> <max>
0	1

[block]
# block no. 3 follows, 14 sequences, length 10
# corresponding to MSA columns:
# 542-551
name=unknown_D
#
# <colnr> <probs for GDERKNQSTAVLIFYWHMCP>
#	G	D	E	R	K	N	Q	S	T	A	V	L	I	F	Y	W	H	M	C	P
0	0.02465	0.18449	0.38943	0.02582	0.03859	0.02874	0.03078	0.10139	0.02510	0.03498	0.01832	0.02089	0.01364	0.00988	0.00910	0.00299	0.01369	0.00733	0.00515	0.01502
1	0.02462	0.02022	0.02307	0.01678	0.02573	0.01709	0.01354	0.12278	0.02635	0.03932	0.01944	0.02191	0.01562	0.00849	0.00810	0.00181	0.00829	0.00667	0.00687	0.57328
2	0.71184	0.01985	0.01508	0.01350	0.01985	0.02302	0.01111	0.03017	0.01746	0.04604	0.01429	0.01667	0.01111	0.00953	0.00635	0.00318	0.00794	0.00556	0.00635	0.01111
3	0.13068	0.02753	0.02866	0.02223	0.03019	0.03062	0.01836	0.47150	0.04406	0.06214	0.02323	0.02355	0.01659	0.01194	0.00973	0.00309	0.01084	0.00874	0.00973	0.01659
4	0.16076	0.01245	0.01400	0.01303	0.01628	0.01248	0.00998	0.02163	0.02662	0.04218	0.45340	0.06408	0.07885	0.01858	0.01090	0.00322	0.00549	0.01583	0.01026	0.00998
5	0.02063	0.01150	0.01565	0.01637	0.01898	0.01069	0.01258	0.02366	0.02276	0.14407	0.05259	0.36781	0.05659	0.02705	0.01281	0.00411	0.00748	0.15397	0.01017	0.01055
6	0.01492	0.00995	0.01119	0.01119	0.01119	0.00995	0.00622	0.01492	0.01492	0.01990	0.03233	0.06716	0.03731	0.63935	0.05223	0.00995	0.00995	0.01492	0.00622	0.00622
7	0.03492	0.03463	0.02538	0.02271	0.02780	0.35801	0.01740	0.03805	0.02650	0.13705	0.02326	0.02639	0.01828	0.02493	0.13308	0.00566	0.01842	0.00828	0.00682	0.01244
8	0.01715	0.01249	0.01371	0.01323	0.01444	0.01322	0.00832	0.02323	0.12856	0.02473	0.03431	0.06110	0.03605	0.50819	0.04347	0.00859	0.00957	0.01423	0.00710	0.00832
9	0.03001	0.02660	0.09290	0.02535	0.03278	0.08647	0.12613	0.08714	0.02734	0.17160	0.03279	0.15431	0.02864	0.01532	0.01108	0.00338	0.01205	0.01380	0.00843	0.01389

[dist]
# distance from previous block
# <min> <max>
0	13

[block]
# block no. 4 follows, 14 sequences, length 18
# corresponding to MSA columns:
# 565-582
name=unknown_E
#
# <colnr> <probs for GDERKNQSTAVLIFYWHMCP>
#	G	D	E	R	K	N	Q	S	T	A	V	L	I	F	Y	W	H	M	C	P
0	0.02058	0.05308	0.58618	0.02925	0.04442	0.02383	0.03792	0.03250	0.02167	0.03250	0.01842	0.02167	0.01300	0.00975	0.00975	0.00325	0.01517	0.00758	0.00433	0.01517
1	0.02398	0.34654	0.32246	0.02346	0.03546	0.03214	0.02783	0.03162	0.02126	0.02836	0.01636	0.01909	0.01308	0.00927	0.00818	0.00273	0.01309	0.00654	0.00436	0.01418
2	0.03412	0.07468	0.08182	0.02945	0.12412	0.08460	0.06541	0.03928	0.02618	0.25526	0.03209	0.03191	0.05099	0.01171	0.01009	0.00307	0.01169	0.00990	0.00836	0.01528
3	0.01382	0.01031	0.01284	0.01252	0.01498	0.00934	0.00927	0.01789	0.02693	0.03686	0.42138	0.13665	0.19311	0.02314	0.01221	0.00337	0.00503	0.02026	0.01075	0.00934
4	0.01466	0.01001	0.01202	0.01251	0.01305	0.00984	0.00798	0.01583	0.01782	0.02393	0.09150	0.15835	0.04980	0.43155	0.03893	0.00794	0.00879	0.06082	0.00751	0.00717
5	0.02215	0.05271	0.53701	0.02900	0.04330	0.07452	0.03632	0.03325	0.02232	0.03185	0.01819	0.02139	0.01302	0.00982	0.00971	0.00320	0.01546	0.00750	0.00442	0.01488
6	0.03543	0.07811	0.02377	0.01652	0.02314	0.01607	0.01370	0.03938	0.02795	0.37883	0.14124	0.04632	0.08456	0.01499	0.01043	0.00311	0.00793	0.01234	0.01134	0.01484
7	0.04604	0.01746	0.02382	0.01826	0.02620	0.01508	0.01508	0.05001	0.02937	0.58244	0.04049	0.03493	0.02540	0.01270	0.01032	0.00318	0.00873	0.01032	0.01270	0.01746
8	0.01578	0.01095	0.01449	0.01642	0.01855	0.01071	0.01361	0.01984	0.02267	0.03053	0.05607	0.19767	0.09469	0.02703	0.01306	0.00427	0.00800	0.33088	0.08557	0.00921
9	0.02125	0.11063	0.53446	0.02811	0.04266	0.02546	0.03594	0.03233	0.02159	0.03169	0.01801	0.02116	0.01302	0.00966	0.00944	0.00315	0.01476	0.00738	0.00434	0.01497
10	0.04458	0.02192	0.02500	0.01963	0.02730	0.08113	0.01599	0.09145	0.03097	0.47595	0.03639	0.03222	0.02337	0.01243	0.01020	0.00311	0.01004	0.00982	0.01167	0.01685
11	0.71184	0.01985	0.01508	0.01350	0.01985	0.02302	0.01111	0.03017	0.01746	0.04604	0.01429	0.01667	0.01111	0.00953	0.00635	0.00318	0.00794	0.00556	0.00635	0.01111
12	0.11981	0.01773	0.02285	0.01773	0.02549	0.01596	0.01464	0.04781	0.02805	0.52301	0.03758	0.03291	0.02382	0.01235	0.00988	0.00318	0.00864	0.00979	0.01200	0.01676
13	0.02674	0.25723	0.26542	0.02492	0.03630	0.03018	0.06637	0.08244	0.02466	0.06830	0.01916	0.02143	0.01450	0.00976	0.00889	0.00287	0.01305	0.00753	0.00554	0.01472
14	0.02744	0.64552	0.05378	0.01756	0.02634	0.04061	0.01756	0.03073	0.02085	0.02414	0.01427	0.01646	0.01317	0.00878	0.00658	0.00219	0.01097	0.00549	0.00439	0.01317
15	0.01407	0.01059	0.01309	0.01281	0.01551	0.00961	0.00984	0.01829	0.02699	0.03650	0.39365	0.08644	0.22161	0.02305	0.01231	0.00344	0.00539	0.06677	0.01064	0.00938
16	0.02111	0.02422	0.15187	0.02542	0.06967	0.01694	0.10322	0.02757	0.02401	0.08119	0.16051	0.08944	0.04207	0.06105	0.01405	0.00378	0.01051	0.01369	0.04731	0.01237
17	0.09202	0.02152	0.06498	0.01811	0.02739	0.01626	0.04823	0.02901	0.02172	0.07526	0.01967	0.02228	0.01541	0.00840	0.00813	0.00206	0.00890	0.00684	0.00641	0.48740

[dist]
# distance from previous block
# <min> <max>
3	10

[block]
# block no. 5 follows, 14 sequences, length 28
# corresponding to MSA columns:
# 593-620
name=unknown_F
#
# <colnr> <probs for GDERKNQSTAVLIFYWHMCP>
#	G	D	E	R	K	N	Q	S	T	A	V	L	I	F	Y	W	H	M	C	P
0	0.15131	0.17652	0.14609	0.01952	0.02756	0.02621	0.01931	0.03479	0.14624	0.03567	0.06236	0.06390	0.02605	0.01257	0.00888	0.00309	0.00990	0.00970	0.00694	0.01339
1	0.42819	0.02455	0.06881	0.01770	0.02540	0.02435	0.01578	0.15187	0.02622	0.10301	0.01969	0.02079	0.01419	0.01052	0.00796	0.00316	0.00942	0.00707	0.00773	0.01358
2	0.01520	0.01022	0.01354	0.01354	0.01425	0.01094	0.00914	0.01605	0.01533	0.02116	0.02857	0.05205	0.03025	0.34227	0.26334	0.10207	0.01664	0.01262	0.00571	0.00714
3	0.02349	0.10533	0.09178	0.04208	0.31384	0.02423	0.02554	0.03166	0.07169	0.03425	0.10695	0.03307	0.02952	0.01144	0.00999	0.00302	0.01081	0.01021	0.00637	0.01471
4	0.01410	0.01047	0.01313	0.01247	0.01507	0.00950	0.00935	0.01855	0.02805	0.03879	0.48793	0.08055	0.18029	0.02186	0.01211	0.00327	0.00490	0.01910	0.01099	0.00950
5	0.01365	0.00979	0.01240	0.01316	0.01434	0.00942	0.00894	0.01588	0.02049	0.02771	0.15767	0.28970	0.10354	0.17541	0.07459	0.00638	0.00853	0.02142	0.00875	0.00822
6	0.02657	0.01767	0.01996	0.01761	0.02279	0.01892	0.01376	0.04387	0.30383	0.13970	0.12867	0.04408	0.04054	0.01463	0.01027	0.00324	0.00725	0.01227	0.09984	0.01450
7	0.02979	0.03097	0.21222	0.02332	0.03412	0.01965	0.05880	0.07396	0.02598	0.19526	0.02543	0.02608	0.01764	0.01022	0.00962	0.00283	0.01138	0.00847	0.00768	0.17658
8	0.01625	0.01305	0.01861	0.01607	0.02004	0.01172	0.04975	0.02084	0.02501	0.03576	0.31587	0.13177	0.06606	0.02354	0.05878	0.00412	0.00826	0.01652	0.00917	0.13882
9	0.02569	0.12057	0.33684	0.02875	0.04112	0.02622	0.11726	0.07254	0.02468	0.08128	0.02065	0.02339	0.01487	0.00989	0.00983	0.00313	0.01414	0.00845	0.00566	0.01505
10	0.09203	0.24253	0.11454	0.08000	0.03359	0.07231	0.02087	0.07571	0.02489	0.12409	0.02059	0.02221	0.01540	0.01021	0.00850	0.00282	0.01179	0.00735	0.00651	0.01406
11	0.01534	0.01092	0.01384	0.07238	0.01808	0.01161	0.00930	0.01649	0.01569	0.02104	0.03030	0.05970	0.03344	0.50375	0.11850	0.01014	0.01258	0.01384	0.00596	0.00712
12	0.12697	0.02238	0.02412	0.01962	0.02671	0.06421	0.01613	0.16271	0.03185	0.29632	0.03265	0.03610	0.02374	0.01344	0.01006	0.00325	0.01006	0.05373	0.01044	0.01550
13	0.04171	0.02218	0.02947	0.02231	0.03056	0.02170	0.06357	0.21395	0.03527	0.35859	0.03337	0.03081	0.02184	0.01221	0.01046	0.00317	0.01036	0.01012	0.01121	0.01713
14	0.02031	0.01249	0.01532	0.01391	0.01737	0.01212	0.01066	0.02781	0.08841	0.10536	0.35722	0.06091	0.06910	0.01769	0.01088	0.00311	0.00567	0.01529	0.12503	0.01134
15	0.02704	0.02212	0.03610	0.16933	0.13375	0.02319	0.13563	0.09904	0.06223	0.09178	0.02491	0.02918	0.01845	0.01062	0.01040	0.00321	0.01228	0.01012	0.06630	0.01430
16	0.10029	0.19943	0.03409	0.11786	0.03422	0.02867	0.01864	0.14448	0.06085	0.13273	0.02337	0.02458	0.01720	0.01085	0.00884	0.00293	0.01063	0.00811	0.00768	0.01452
17	0.03642	0.02013	0.02483	0.07066	0.03017	0.02068	0.01671	0.14914	0.12234	0.29109	0.03486	0.03510	0.02463	0.05931	0.01345	0.00373	0.00968	0.01055	0.01062	0.01589
18	0.01319	0.00926	0.01192	0.01395	0.01500	0.00866	0.00967	0.01542	0.02030	0.02743	0.05834	0.51949	0.10193	0.03005	0.01268	0.00403	0.00603	0.05665	0.05749	0.00851
19	0.08789	0.02100	0.07928	0.13004	0.06250	0.01885	0.01928	0.06289	0.06076	0.15331	0.07645	0.08254	0.07285	0.01469	0.01038	0.00334	0.00972	0.01230	0.00849	0.01342
20	0.10310	0.23045	0.23177	0.02589	0.07009	0.02937	0.05192	0.03383	0.07482	0.03254	0.01915	0.02168	0.01503	0.00974	0.00858	0.00293	0.01222	0.00743	0.00529	0.01418
21	0.08694	0.01654	0.02448	0.02018	0.02616	0.01528	0.08096	0.03565	0.02501	0.29698	0.04063	0.18229	0.03549	0.01767	0.01116	0.00356	0.00915	0.04789	0.01024	0.01374
22	0.71184	0.01985	0.01508	0.01350	0.01985	0.02302	0.01111	0.03017	0.01746	0.04604	0.01429	0.01667	0.01111	0.00953	0.00635	0.00318	0.00794	0.00556	0.00635	0.01111
23	0.01431	0.00961	0.01154	0.01219	0.01265	0.00929	0.00753	0.01458	0.01679	0.02209	0.04367	0.22083	0.08968	0.36005	0.03687	0.07714	0.00834	0.01880	0.00723	0.00683
24	0.02652	0.08290	0.18872	0.03771	0.21907	0.02694	0.02807	0.11995	0.09927	0.03896	0.02259	0.02527	0.01735	0.01046	0.00981	0.00310	0.01221	0.00877	0.00641	0.01590
25	0.01346	0.01035	0.01231	0.01203	0.01473	0.00920	0.00894	0.01723	0.02622	0.03494	0.35471	0.12345	0.27795	0.02368	0.01218	0.00338	0.00506	0.02049	0.01049	0.00920
26	0.03101	0.24705	0.04022	0.02441	0.03115	0.28911	0.08485	0.03445	0.02457	0.02539	0.01720	0.02269	0.01534	0.05755	0.01198	0.00315	0.01513	0.00757	0.00504	0.01215
27	0.08462	0.13256	0.15483	0.01988	0.02866	0.02253	0.01983	0.03110	0.02158	0.10897	0.02261	0.06306	0.01884	0.01159	0.01050	0.00280	0.05564	0.00863	0.00647	0.17531

[dist]
# distance from previous block
# <min> <max>
0	1

[block]
# block no. 6 follows, 14 sequences, length 9
# corresponding to MSA columns:
# 622-630
name=unknown_G
#
# <colnr> <probs for GDERKNQSTAVLIFYWHMCP>
#	G	D	E	R	K	N	Q	S	T	A	V	L	I	F	Y	W	H	M	C	P
0	0.03221	0.23411	0.17962	0.02197	0.03187	0.07058	0.02254	0.08386	0.02634	0.16995	0.02298	0.02334	0.01659	0.01047	0.00887	0.00283	0.01208	0.00767	0.00707	0.01506
1	0.03630	0.02601	0.02824	0.02243	0.03001	0.02868	0.01827	0.37332	0.17358	0.10793	0.03041	0.02902	0.02167	0.01276	0.01031	0.00319	0.01026	0.00993	0.01054	0.01715
2	0.29435	0.12843	0.06728	0.11050	0.03280	0.02681	0.01832	0.10840	0.02425	0.07678	0.01850	0.02107	0.01390	0.01016	0.00809	0.00304	0.01041	0.00711	0.00661	0.01317
3	0.01453	0.01097	0.01366	0.01531	0.01672	0.01100	0.01057	0.02054	0.10307	0.02880	0.05426	0.54034	0.06220	0.02932	0.01269	0.00406	0.00629	0.02644	0.00967	0.00956
4	0.02610	0.01686	0.02556	0.03104	0.20024	0.01599	0.01874	0.03112	0.02679	0.17268	0.21174	0.05323	0.04940	0.01576	0.01122	0.00329	0.00862	0.05844	0.00946	0.01373
5	0.01584	0.01022	0.01370	0.01417	0.01539	0.01075	0.01036	0.01762	0.01744	0.02493	0.03323	0.09759	0.03420	0.16890	0.20875	0.11736	0.01429	0.07388	0.09353	0.00785
6	0.01940	0.02000	0.10790	0.09798	0.08992	0.01526	0.01900	0.02471	0.02354	0.08188	0.12747	0.15020	0.14420	0.01863	0.01129	0.00343	0.00901	0.01623	0.00815	0.01178
7	0.02719	0.01805	0.02189	0.01593	0.02477	0.01402	0.01286	0.03161	0.02321	0.16458	0.02355	0.02454	0.01764	0.00882	0.00825	0.00192	0.00787	0.00709	0.00766	0.53855
8	0.02390	0.01542	0.02022	0.10965	0.02855	0.01588	0.01533	0.10959	0.02718	0.12744	0.07820	0.24125	0.07688	0.02091	0.01166	0.00363	0.00857	0.04419	0.00952	0.01201

[dist]
# distance from previous block
# <min> <max>
0	1

[block]
# block no. 7 follows, 14 sequences, length 32
# corresponding to MSA columns:
# 632-663
name=unknown_H
#
# <colnr> <probs for GDERKNQSTAVLIFYWHMCP>
#	G	D	E	R	K	N	Q	S	T	A	V	L	I	F	Y	W	H	M	C	P
0	0.11861	0.02041	0.02115	0.01785	0.02387	0.07921	0.01418	0.04102	0.10671	0.26505	0.14236	0.03987	0.03772	0.01394	0.01009	0.00317	0.00880	0.01119	0.01049	0.01431
1	0.02504	0.03212	0.17179	0.02396	0.03432	0.07036	0.08001	0.09165	0.02563	0.03617	0.01914	0.02227	0.01478	0.00909	0.00912	0.00247	0.01202	0.00757	0.00597	0.30651
2	0.01885	0.01306	0.01947	0.01681	0.02072	0.01183	0.07002	0.02319	0.02620	0.10312	0.28764	0.15276	0.15297	0.02105	0.01204	0.00343	0.00697	0.01890	0.01022	0.01075
3	0.02482	0.14084	0.43333	0.02606	0.03933	0.02535	0.03191	0.03440	0.02250	0.09965	0.02052	0.02251	0.01457	0.00997	0.00933	0.00308	0.01371	0.00760	0.00538	0.01514
4	0.01571	0.01173	0.01474	0.01377	0.01655	0.01139	0.01039	0.02315	0.08578	0.04134	0.51315	0.07253	0.08979	0.02022	0.01193	0.00325	0.00519	0.01781	0.01120	0.01039
5	0.07547	0.36434	0.09199	0.02017	0.02919	0.03528	0.01955	0.18542	0.02900	0.03861	0.01778	0.01942	0.01432	0.00999	0.00797	0.00262	0.01125	0.00682	0.00629	0.01451
6	0.02897	0.41852	0.09108	0.01838	0.02763	0.03183	0.01826	0.03327	0.02230	0.11290	0.01920	0.02038	0.01531	0.00933	0.00757	0.00235	0.01057	0.00649	0.00589	0.09976
7	0.08471	0.08127	0.46562	0.02641	0.03992	0.02410	0.03277	0.03341	0.02178	0.07150	0.01935	0.02185	0.01370	0.00988	0.00930	0.00318	0.01383	0.00747	0.00510	0.01485
8	0.03493	0.17807	0.03475	0.02113	0.02825	0.02608	0.04667	0.07007	0.07361	0.26252	0.02858	0.02801	0.02034	0.01222	0.01240	0.00313	0.08603	0.00909	0.00881	0.01529
9	0.02831	0.01510	0.02184	0.09120	0.02729	0.01462	0.04755	0.03129	0.02190	0.24234	0.03302	0.04695	0.02826	0.27348	0.02791	0.00605	0.01042	0.01221	0.00849	0.01178
10	0.08439	0.10076	0.20859	0.09689	0.03821	0.07638	0.02494	0.09230	0.02603	0.12580	0.02174	0.02366	0.01552	0.01054	0.00931	0.00307	0.01275	0.00794	0.00667	0.01450
11	0.06420	0.01795	0.02702	0.11484	0.07681	0.01808	0.08165	0.03266	0.07268	0.14916	0.12343	0.04612	0.10239	0.01447	0.01082	0.00331	0.00967	0.01286	0.00871	0.01316
12	0.03224	0.03643	0.02289	0.02109	0.02545	0.41145	0.01581	0.03556	0.02668	0.02928	0.02145	0.02477	0.01737	0.01101	0.00859	0.00256	0.01415	0.00755	0.22448	0.01116
13	0.02064	0.10899	0.41035	0.02739	0.03962	0.02390	0.07703	0.03008	0.02156	0.03085	0.02293	0.09769	0.02008	0.01234	0.01004	0.00327	0.01376	0.01045	0.00506	0.01398
14	0.03451	0.07422	0.02787	0.02500	0.11558	0.01892	0.01729	0.04091	0.06979	0.31577	0.11540	0.03832	0.03415	0.01312	0.01024	0.00310	0.00886	0.01105	0.01030	0.01560
15	0.01241	0.00928	0.01155	0.01337	0.01464	0.00841	0.00912	0.01439	0.02053	0.02656	0.06771	0.50705	0.18628	0.03070	0.01287	0.00400	0.00578	0.02741	0.00953	0.00841
16	0.01451	0.01128	0.01526	0.08889	0.02300	0.01118	0.01298	0.01832	0.02325	0.03052	0.16770	0.23258	0.16462	0.02512	0.01256	0.00385	0.00724	0.11858	0.00926	0.00929
17	0.02657	0.29233	0.29719	0.02307	0.03471	0.02964	0.02670	0.03395	0.02229	0.09751	0.01946	0.02118	0.01461	0.00972	0.00852	0.00281	0.01264	0.00706	0.00540	0.01463
18	0.02609	0.02045	0.03377	0.30584	0.25543	0.02212	0.02742	0.03217	0.02307	0.12116	0.02233	0.02787	0.01660	0.01024	0.01023	0.00324	0.01229	0.00933	0.00611	0.01425
19	0.01247	0.00906	0.01178	0.01395	0.01480	0.00836	0.00938	0.01433	0.01997	0.02633	0.06066	0.58651	0.11137	0.03162	0.01301	0.00411	0.00589	0.02852	0.00953	0.00836
20	0.01250	0.00893	0.01191	0.01429	0.01488	0.00834	0.00953	0.01429	0.01965	0.02620	0.05656	0.63265	0.06787	0.03215	0.01310	0.00417	0.00595	0.02917	0.00953	0.00834
21	0.02914	0.10582	0.35614	0.02462	0.03687	0.02295	0.02871	0.03769	0.02395	0.20059	0.02475	0.02518	0.01683	0.01055	0.00958	0.00311	0.01274	0.00820	0.00691	0.01566
22	0.01377	0.01053	0.01379	0.01462	0.01587	0.01055	0.01045	0.01642	0.02200	0.02993	0.18508	0.39916	0.11422	0.02770	0.01441	0.00390	0.05482	0.02426	0.00956	0.00893
23	0.02650	0.56425	0.12681	0.01916	0.02882	0.03830	0.02035	0.03097	0.02096	0.02529	0.01484	0.01718	0.01315	0.00891	0.00702	0.00234	0.01155	0.00577	0.00438	0.01344
24	0.02744	0.64552	0.05378	0.01756	0.02634	0.04061	0.01756	0.03073	0.02085	0.02414	0.01427	0.01646	0.01317	0.00878	0.00658	0.00219	0.01097	0.00549	0.00439	0.01317
25	0.01452	0.01049	0.01372	0.01291	0.01533	0.00968	0.00968	0.01937	0.02905	0.04115	0.56992	0.07666	0.09683	0.02098	0.01210	0.00323	0.00484	0.01856	0.01130	0.00968
26	0.02689	0.59809	0.09640	0.01850	0.02779	0.03926	0.01919	0.03087	0.02092	0.02481	0.01460	0.01688	0.01316	0.00886	0.00684	0.00228	0.01131	0.00566	0.00439	0.01333
27	0.04521	0.01991	0.02450	0.01903	0.02682	0.04999	0.01560	0.07618	0.03038	0.52180	0.03819	0.03341	0.02426	0.01256	0.01025	0.00314	0.00944	0.01004	0.01214	0.01714
28	0.01452	0.01049	0.01372	0.01291	0.01533	0.00968	0.00968	0.01937	0.02905	0.04115	0.56992	0.07666	0.09683	0.02098	0.01210	0.00323	0.00484	0.01856	0.01130	0.00968
29	0.01530	0.01141	0.01560	0.01529	0.01632	0.01307	0.01109	0.01753	0.01587	0.02245	0.02828	0.04886	0.02906	0.27799	0.36005	0.01327	0.06235	0.01229	0.00569	0.00823
30	0.02586	0.02149	0.02319	0.02093	0.02656	0.02450	0.01663	0.10269	0.43577	0.04375	0.04149	0.04646	0.03329	0.01555	0.01089	0.00359	0.00863	0.07292	0.01030	0.01553
31	0.03230	0.03361	0.04011	0.03139	0.03906	0.23596	0.22224	0.04046	0.08714	0.09955	0.02379	0.02640	0.01771	0.01046	0.01064	0.00313	0.01564	0.00980	0.00676	0.01385

[dist]
# distance from previous block
# <min> <max>
0	8

# created by:
# /st0/software/busco_prod/Augustus/scripts/msa2prfl.pl ./align_prep/5705.fa
