[name]
unknown

[dist]
# distance from previous block
# <min> <max>
0	529

[block]
# block no. 0 follows, 11 sequences, length 9
# corresponding to MSA columns:
# 543-551
name=unknown_A
#
# <colnr> <probs for GDERKNQSTAVLIFYWHMCP>
#	G	D	E	R	K	N	Q	S	T	A	V	L	I	F	Y	W	H	M	C	P
0	0.03979	0.02070	0.02702	0.02486	0.06729	0.02021	0.01879	0.08904	0.10711	0.30908	0.04354	0.05022	0.03279	0.01635	0.01195	0.00377	0.01013	0.07769	0.01214	0.01754
1	0.01615	0.01179	0.01671	0.01671	0.01824	0.01332	0.01235	0.01921	0.01768	0.02511	0.03141	0.05121	0.03117	0.20793	0.44047	0.01638	0.02558	0.01308	0.00622	0.00928
2	0.68395	0.02177	0.01654	0.01480	0.02177	0.02525	0.01219	0.03309	0.01915	0.05050	0.01567	0.01828	0.01219	0.01045	0.00697	0.00348	0.00871	0.00609	0.00697	0.01219
3	0.03020	0.44849	0.05162	0.10807	0.03726	0.10604	0.02145	0.03434	0.02394	0.02697	0.01655	0.02021	0.01454	0.01013	0.00822	0.00268	0.01354	0.00680	0.00497	0.01396
4	0.08095	0.02321	0.03472	0.34696	0.15798	0.02684	0.02886	0.09972	0.02736	0.03843	0.02092	0.02816	0.01595	0.01128	0.01087	0.00359	0.01376	0.00970	0.00621	0.01453
5	0.02098	0.01049	0.01049	0.01049	0.01311	0.01049	0.00787	0.02623	0.02360	0.04196	0.03672	0.04196	0.02885	0.01311	0.00787	0.00262	0.00525	0.01049	0.66693	0.01049
6	0.02178	0.02073	0.03387	0.49142	0.06999	0.02649	0.03022	0.02850	0.02168	0.02850	0.01918	0.02916	0.01497	0.01258	0.01528	0.00394	0.10427	0.00998	0.00499	0.01247
7	0.01952	0.01415	0.01828	0.01729	0.01957	0.01572	0.01277	0.07875	0.02193	0.03043	0.03138	0.05105	0.03091	0.23430	0.33758	0.01405	0.02205	0.01313	0.00693	0.01020
8	0.03251	0.20029	0.03390	0.01982	0.02662	0.02600	0.01697	0.10292	0.02963	0.16105	0.03804	0.15500	0.03548	0.01854	0.01107	0.00352	0.01018	0.05396	0.00969	0.01483

[dist]
# distance from previous block
# <min> <max>
40	295

[block]
# block no. 1 follows, 11 sequences, length 10
# corresponding to MSA columns:
# 890-899
name=unknown_B
#
# <colnr> <probs for GDERKNQSTAVLIFYWHMCP>
#	G	D	E	R	K	N	Q	S	T	A	V	L	I	F	Y	W	H	M	C	P
0	0.03720	0.09134	0.03940	0.02669	0.03549	0.02493	0.12955	0.11688	0.03317	0.22760	0.08937	0.03755	0.03144	0.01337	0.01153	0.00342	0.01205	0.01203	0.01031	0.01668
1	0.12137	0.12853	0.02929	0.01886	0.02598	0.02392	0.01580	0.10118	0.03045	0.20377	0.09105	0.09575	0.03622	0.01597	0.01053	0.00339	0.00948	0.01276	0.01041	0.01530
2	0.02467	0.01927	0.03194	0.20881	0.04631	0.02113	0.08737	0.03061	0.02517	0.09975	0.08597	0.09082	0.03712	0.01758	0.01500	0.00404	0.06809	0.06522	0.00810	0.01303
3	0.03254	0.18475	0.10832	0.02543	0.03490	0.03032	0.07284	0.13895	0.03077	0.11006	0.02546	0.02841	0.01942	0.02110	0.08280	0.00515	0.01552	0.00956	0.00777	0.01594
4	0.09170	0.01167	0.01341	0.01452	0.01634	0.01144	0.00998	0.01843	0.02207	0.03222	0.10845	0.35459	0.11044	0.10929	0.01924	0.00514	0.00718	0.02478	0.00975	0.00937
5	0.01942	0.01438	0.02142	0.01935	0.02212	0.01496	0.07477	0.02371	0.02255	0.03467	0.04188	0.24416	0.04266	0.02155	0.01413	0.00375	0.07006	0.01876	0.26492	0.01081
6	0.09913	0.02530	0.09705	0.14563	0.04055	0.02147	0.02225	0.03361	0.08780	0.03741	0.02720	0.03791	0.02295	0.01292	0.01035	0.00327	0.01132	0.05694	0.00709	0.19984
7	0.17414	0.03211	0.14701	0.09651	0.04833	0.02596	0.20274	0.03589	0.02429	0.07684	0.02198	0.02686	0.01598	0.01049	0.01095	0.00365	0.01502	0.01012	0.00633	0.01480
8	0.02270	0.02199	0.09415	0.02271	0.02772	0.01808	0.08221	0.07729	0.02261	0.03100	0.02492	0.03971	0.02324	0.13697	0.08430	0.22782	0.01446	0.01155	0.00619	0.01038
9	0.02717	0.02359	0.08524	0.08643	0.03301	0.02221	0.02050	0.09925	0.02587	0.10139	0.02834	0.04060	0.02461	0.15100	0.10053	0.00732	0.09044	0.01164	0.00761	0.01326

[dist]
# distance from previous block
# <min> <max>
7	46

[block]
# block no. 2 follows, 11 sequences, length 11
# corresponding to MSA columns:
# 948-958
name=unknown_C
#
# <colnr> <probs for GDERKNQSTAVLIFYWHMCP>
#	G	D	E	R	K	N	Q	S	T	A	V	L	I	F	Y	W	H	M	C	P
0	0.03108	0.02419	0.10106	0.06552	0.03256	0.01936	0.02022	0.10776	0.03177	0.18539	0.12479	0.12669	0.04444	0.01802	0.01202	0.00368	0.01028	0.01533	0.01063	0.01521
1	0.21743	0.03307	0.12310	0.02245	0.03047	0.10509	0.02067	0.09410	0.05178	0.06554	0.02791	0.10862	0.02486	0.01513	0.01023	0.00357	0.01218	0.01161	0.00796	0.01420
2	0.03073	0.02395	0.02071	0.01802	0.02297	0.11474	0.01406	0.15916	0.03315	0.04738	0.03061	0.03400	0.02362	0.01295	0.00921	0.00288	0.00989	0.00982	0.36883	0.01333
3	0.07837	0.01825	0.02421	0.20457	0.04121	0.01996	0.01946	0.03517	0.09894	0.12473	0.04640	0.10535	0.10272	0.01743	0.01159	0.00379	0.01032	0.01476	0.00912	0.01366
4	0.12860	0.02160	0.03030	0.08388	0.03608	0.02229	0.08949	0.11636	0.02984	0.14686	0.03478	0.14687	0.03060	0.01679	0.01158	0.00377	0.01133	0.01477	0.00949	0.01472
5	0.12271	0.12743	0.03959	0.24380	0.05163	0.02942	0.09475	0.03534	0.08522	0.03501	0.02229	0.02772	0.01726	0.01109	0.01023	0.00349	0.01337	0.00956	0.00619	0.01388
6	0.02504	0.11710	0.12138	0.10130	0.04367	0.03243	0.11055	0.03117	0.02139	0.03010	0.01781	0.02522	0.01509	0.01395	0.02108	0.00400	0.24020	0.00968	0.00503	0.01382
7	0.03260	0.08705	0.26378	0.02929	0.04191	0.02756	0.08027	0.12118	0.03081	0.13910	0.02600	0.02741	0.01807	0.01160	0.01092	0.00345	0.01440	0.00957	0.00779	0.01723
8	0.02492	0.10124	0.11013	0.24241	0.05039	0.02722	0.02671	0.09992	0.02657	0.03543	0.02235	0.02963	0.01778	0.02431	0.10815	0.00604	0.01716	0.00963	0.00607	0.01393
9	0.02013	0.21215	0.09568	0.01847	0.02442	0.02288	0.01708	0.02414	0.02271	0.02906	0.04722	0.28252	0.09650	0.02305	0.01146	0.00365	0.00952	0.01962	0.00789	0.01186
10	0.03443	0.03871	0.18642	0.03265	0.04394	0.10509	0.16079	0.04251	0.02815	0.17521	0.02723	0.02916	0.01888	0.01139	0.01152	0.00351	0.01590	0.01041	0.00773	0.01637

[dist]
# distance from previous block
# <min> <max>
0	1

[block]
# block no. 3 follows, 11 sequences, length 21
# corresponding to MSA columns:
# 960-980
name=unknown_D
#
# <colnr> <probs for GDERKNQSTAVLIFYWHMCP>
#	G	D	E	R	K	N	Q	S	T	A	V	L	I	F	Y	W	H	M	C	P
0	0.02135	0.01657	0.02580	0.33087	0.05118	0.01901	0.02216	0.02672	0.02334	0.06908	0.08331	0.11379	0.03656	0.09195	0.01778	0.00473	0.01196	0.01481	0.00740	0.01166
1	0.03893	0.02144	0.02938	0.02331	0.03075	0.02075	0.06357	0.15368	0.03462	0.27436	0.04151	0.14589	0.03392	0.01763	0.01210	0.00370	0.01059	0.01533	0.01177	0.01677
2	0.02958	0.01644	0.02393	0.17304	0.03804	0.01682	0.01890	0.03409	0.02550	0.20868	0.04079	0.12315	0.03648	0.08722	0.01761	0.00478	0.01094	0.07080	0.00973	0.01347
3	0.03930	0.09668	0.03597	0.09538	0.03906	0.03295	0.02193	0.33880	0.04345	0.10680	0.02650	0.02747	0.01892	0.01281	0.01079	0.00332	0.01240	0.00975	0.00996	0.01774
4	0.04108	0.02216	0.03093	0.02361	0.03209	0.02098	0.07688	0.13974	0.03498	0.31392	0.04698	0.04394	0.08913	0.01515	0.01181	0.00354	0.01086	0.01292	0.01188	0.01741
5	0.07053	0.07823	0.14544	0.08538	0.04566	0.08470	0.14104	0.06849	0.06558	0.07248	0.02401	0.02751	0.01775	0.01122	0.01098	0.00348	0.01525	0.00995	0.00683	0.01548
6	0.01517	0.01114	0.01421	0.01415	0.01653	0.01019	0.01034	0.01950	0.02902	0.04005	0.38415	0.19216	0.14925	0.02617	0.01350	0.00378	0.00561	0.02314	0.01176	0.01019
7	0.02257	0.05822	0.54613	0.03208	0.04871	0.02614	0.04158	0.03564	0.02376	0.03564	0.02020	0.02376	0.01426	0.01069	0.01069	0.00356	0.01663	0.00832	0.00475	0.01663
8	0.02098	0.01049	0.01049	0.01049	0.01311	0.01049	0.00787	0.02623	0.02360	0.04196	0.03672	0.04196	0.02885	0.01311	0.00787	0.00262	0.00525	0.01049	0.66693	0.01049
9	0.30345	0.02784	0.02500	0.02060	0.02831	0.09361	0.01672	0.16147	0.03236	0.15383	0.02478	0.02495	0.01753	0.01212	0.00940	0.00338	0.01132	0.00838	0.00938	0.01556
10	0.01379	0.01142	0.01207	0.01191	0.01550	0.00971	0.00893	0.01709	0.02680	0.03312	0.19050	0.10384	0.45149	0.02749	0.01330	0.00375	0.00563	0.02313	0.01081	0.00971
11	0.02098	0.01049	0.01049	0.01049	0.01311	0.01049	0.00787	0.02623	0.02360	0.04196	0.03672	0.04196	0.02885	0.01311	0.00787	0.00262	0.00525	0.01049	0.66693	0.01049
12	0.01427	0.01019	0.01370	0.01631	0.01721	0.00962	0.01142	0.01664	0.02210	0.02936	0.06173	0.53759	0.07322	0.03473	0.01452	0.00465	0.00702	0.08598	0.01044	0.00930
13	0.02354	0.12925	0.48355	0.03043	0.04617	0.02850	0.03872	0.03539	0.02365	0.03447	0.01961	0.02303	0.01428	0.01056	0.01025	0.00342	0.01604	0.00802	0.00476	0.01635
14	0.02154	0.01700	0.02535	0.24462	0.04395	0.01886	0.02063	0.02723	0.02569	0.06968	0.18154	0.08273	0.04807	0.01701	0.01373	0.00364	0.05214	0.01444	0.00838	0.06377
15	0.01593	0.01150	0.01504	0.01416	0.01681	0.01062	0.01062	0.02124	0.03186	0.04513	0.52830	0.08407	0.10620	0.02301	0.01327	0.00354	0.00531	0.02035	0.01239	0.01062
16	0.02366	0.01366	0.01864	0.01872	0.02151	0.01351	0.01444	0.02683	0.02447	0.14433	0.05397	0.33430	0.05751	0.02846	0.01566	0.00448	0.05237	0.11083	0.01078	0.01187
17	0.10015	0.13408	0.07854	0.02591	0.03497	0.03196	0.07153	0.19341	0.03394	0.11097	0.02420	0.02591	0.01780	0.01238	0.01217	0.00340	0.05440	0.00932	0.00847	0.01650
18	0.02654	0.02971	0.10299	0.11888	0.42877	0.02649	0.03502	0.03406	0.02508	0.03579	0.02093	0.02761	0.01711	0.01024	0.01110	0.00341	0.01393	0.00983	0.00541	0.01712
19	0.03374	0.09651	0.03003	0.01970	0.02876	0.02312	0.01639	0.09440	0.09194	0.16488	0.02958	0.02918	0.02170	0.01137	0.00967	0.00268	0.00966	0.00891	0.00937	0.26842
20	0.02900	0.02463	0.08054	0.25982	0.05117	0.02380	0.02548	0.12466	0.02998	0.11327	0.03041	0.10286	0.02528	0.01512	0.01161	0.00372	0.01276	0.01288	0.00823	0.01478

[dist]
# distance from previous block
# <min> <max>
0	1

[block]
# block no. 4 follows, 11 sequences, length 9
# corresponding to MSA columns:
# 982-990
name=unknown_E
#
# <colnr> <probs for GDERKNQSTAVLIFYWHMCP>
#	G	D	E	R	K	N	Q	S	T	A	V	L	I	F	Y	W	H	M	C	P
0	0.02296	0.01415	0.01771	0.01537	0.02006	0.01224	0.01159	0.02699	0.02736	0.12619	0.22282	0.11575	0.10390	0.07659	0.01640	0.00403	0.00730	0.01734	0.01074	0.13051
1	0.27250	0.02578	0.02623	0.02087	0.02909	0.02809	0.01722	0.25037	0.03709	0.15029	0.02618	0.02599	0.01827	0.01250	0.00974	0.00343	0.01056	0.00891	0.01022	0.01667
2	0.03130	0.31134	0.22017	0.02380	0.03567	0.03302	0.02642	0.03830	0.02491	0.12539	0.02255	0.02378	0.01687	0.01079	0.00917	0.00300	0.01316	0.00779	0.00649	0.01607
3	0.02126	0.02001	0.03376	0.57739	0.07752	0.02501	0.03126	0.02876	0.02251	0.02876	0.02001	0.03001	0.01500	0.01125	0.01125	0.00375	0.01500	0.01000	0.00500	0.01250
4	0.02255	0.02133	0.03610	0.47749	0.16729	0.02535	0.03190	0.02989	0.02312	0.03033	0.02023	0.02958	0.01556	0.01101	0.01123	0.00367	0.01468	0.01001	0.00511	0.01355
5	0.01637	0.01091	0.01228	0.01228	0.01228	0.01091	0.00682	0.01637	0.01637	0.02182	0.03546	0.07365	0.04092	0.60445	0.05729	0.01091	0.01091	0.01637	0.00682	0.00682
6	0.68395	0.02177	0.01654	0.01480	0.02177	0.02525	0.01219	0.03309	0.01915	0.05050	0.01567	0.01828	0.01219	0.01045	0.00697	0.00348	0.00871	0.00609	0.00697	0.01219
7	0.01371	0.00979	0.01306	0.01567	0.01632	0.00914	0.01045	0.01567	0.02155	0.02873	0.06203	0.59710	0.07444	0.03526	0.01437	0.00457	0.00653	0.03200	0.01045	0.00914
8	0.01425	0.01018	0.01368	0.01629	0.01718	0.00961	0.01138	0.01660	0.02208	0.02933	0.06174	0.53994	0.07327	0.03475	0.01451	0.00465	0.00700	0.08385	0.01044	0.00929

[dist]
# distance from previous block
# <min> <max>
0	1

[block]
# block no. 5 follows, 11 sequences, length 17
# corresponding to MSA columns:
# 992-1008
name=unknown_F
#
# <colnr> <probs for GDERKNQSTAVLIFYWHMCP>
#	G	D	E	R	K	N	Q	S	T	A	V	L	I	F	Y	W	H	M	C	P
0	0.21805	0.07406	0.02979	0.02484	0.08235	0.02565	0.01837	0.12205	0.03074	0.22644	0.02853	0.02799	0.01981	0.01211	0.00975	0.00336	0.01045	0.00909	0.00987	0.01670
1	0.02098	0.01049	0.01049	0.01049	0.01311	0.01049	0.00787	0.02623	0.02360	0.04196	0.03672	0.04196	0.02885	0.01311	0.00787	0.00262	0.00525	0.01049	0.66693	0.01049
2	0.03009	0.61122	0.05898	0.01926	0.02889	0.04454	0.01926	0.03370	0.02287	0.02648	0.01565	0.01805	0.01444	0.00963	0.00722	0.00241	0.01204	0.00602	0.00481	0.01444
3	0.02462	0.02462	0.03447	0.02955	0.02955	0.03447	0.02462	0.02709	0.01724	0.02709	0.01477	0.02462	0.01477	0.01970	0.03694	0.00492	0.58385	0.00985	0.00492	0.01231
4	0.03562	0.01929	0.02379	0.01840	0.02648	0.01690	0.01490	0.08850	0.03138	0.26019	0.08654	0.04376	0.07816	0.01456	0.01086	0.00301	0.00879	0.01192	0.01120	0.19574
5	0.01637	0.01091	0.01228	0.01228	0.01228	0.01091	0.00682	0.01637	0.01637	0.02182	0.03546	0.07365	0.04092	0.60445	0.05729	0.01091	0.01091	0.01637	0.00682	0.00682
6	0.02098	0.01049	0.01049	0.01049	0.01311	0.01049	0.00787	0.02623	0.02360	0.04196	0.03672	0.04196	0.02885	0.01311	0.00787	0.00262	0.00525	0.01049	0.66693	0.01049
7	0.01371	0.00979	0.01306	0.01567	0.01632	0.00914	0.01045	0.01567	0.02155	0.02873	0.06203	0.59710	0.07444	0.03526	0.01437	0.00457	0.00653	0.03200	0.01045	0.00914
8	0.21689	0.02244	0.02579	0.07063	0.03256	0.02338	0.01770	0.13621	0.03201	0.26731	0.03092	0.02987	0.02070	0.01266	0.01013	0.00349	0.01041	0.00955	0.01070	0.01667
9	0.02098	0.01049	0.01049	0.01049	0.01311	0.01049	0.00787	0.02623	0.02360	0.04196	0.03672	0.04196	0.02885	0.01311	0.00787	0.00262	0.00525	0.01049	0.66693	0.01049
10	0.01330	0.01140	0.01140	0.01140	0.01520	0.00950	0.00855	0.01615	0.02565	0.03041	0.11402	0.10832	0.52967	0.02850	0.01330	0.00380	0.00570	0.02375	0.01045	0.00950
11	0.02126	0.02001	0.03376	0.57739	0.07752	0.02501	0.03126	0.02876	0.02251	0.02876	0.02001	0.03001	0.01500	0.01125	0.01125	0.00375	0.01500	0.01000	0.00500	0.01250
12	0.17085	0.08510	0.03272	0.02302	0.03168	0.03388	0.01933	0.35886	0.04323	0.06255	0.02364	0.02440	0.01729	0.01252	0.01001	0.00331	0.01161	0.00892	0.00978	0.01729
13	0.01955	0.00978	0.01466	0.01466	0.01466	0.00978	0.00978	0.01466	0.01466	0.01955	0.01955	0.03421	0.01955	0.03910	0.04399	0.67253	0.00978	0.00978	0.00489	0.00489
14	0.02126	0.02001	0.03376	0.57739	0.07752	0.02501	0.03126	0.02876	0.02251	0.02876	0.02001	0.03001	0.01500	0.01125	0.01125	0.00375	0.01500	0.01000	0.00500	0.01250
15	0.08650	0.15341	0.13249	0.03214	0.04290	0.07725	0.19418	0.03783	0.02573	0.08263	0.02187	0.02560	0.01646	0.01041	0.01062	0.00334	0.01552	0.00965	0.00626	0.01520
16	0.22345	0.03106	0.07526	0.16487	0.08542	0.12194	0.02382	0.03704	0.07032	0.03807	0.02082	0.02515	0.01609	0.01130	0.00974	0.00347	0.01351	0.00845	0.00637	0.01385

[dist]
# distance from previous block
# <min> <max>
0	7

[block]
# block no. 6 follows, 11 sequences, length 55
# corresponding to MSA columns:
# 1016-1070
name=unknown_G
#
# <colnr> <probs for GDERKNQSTAVLIFYWHMCP>
#	G	D	E	R	K	N	Q	S	T	A	V	L	I	F	Y	W	H	M	C	P
0	0.20993	0.02197	0.02502	0.01972	0.02804	0.02195	0.01628	0.12634	0.03251	0.33517	0.03408	0.03126	0.02236	0.01297	0.01020	0.00346	0.00985	0.00979	0.01170	0.01738
1	0.16993	0.03157	0.11549	0.02357	0.03291	0.02848	0.02182	0.19807	0.13020	0.09592	0.02869	0.02857	0.02061	0.01278	0.01032	0.00353	0.01142	0.00960	0.00952	0.01701
2	0.03678	0.01586	0.02145	0.01810	0.02406	0.01396	0.01424	0.04078	0.02988	0.34811	0.13047	0.16519	0.05111	0.02002	0.01230	0.00372	0.00820	0.01726	0.01293	0.01557
3	0.03552	0.27468	0.04030	0.02010	0.02869	0.03212	0.01793	0.14773	0.03243	0.14753	0.03610	0.03516	0.07911	0.01370	0.00978	0.00303	0.01085	0.01023	0.00897	0.01600
4	0.02961	0.01823	0.02165	0.01871	0.02428	0.01836	0.01465	0.09174	0.13574	0.16674	0.17649	0.10233	0.09421	0.01954	0.01227	0.00367	0.00807	0.01661	0.01211	0.01500
5	0.03031	0.35035	0.04389	0.02096	0.02858	0.09683	0.01846	0.07723	0.08427	0.03329	0.02623	0.09451	0.02473	0.01408	0.00932	0.00299	0.01196	0.01057	0.00699	0.01444
6	0.02823	0.10631	0.15190	0.02484	0.03423	0.03021	0.02384	0.08747	0.29935	0.04383	0.03448	0.03348	0.02590	0.01335	0.01073	0.00354	0.01139	0.01064	0.00904	0.01723
7	0.04191	0.02318	0.04058	0.02986	0.03953	0.02082	0.18761	0.04811	0.03019	0.36050	0.03664	0.03546	0.02399	0.01234	0.01202	0.00359	0.01295	0.01202	0.01098	0.01773
8	0.02757	0.01366	0.01833	0.01678	0.02092	0.01224	0.01269	0.03138	0.02844	0.21776	0.19411	0.24434	0.06716	0.02397	0.01295	0.00387	0.00726	0.02112	0.01227	0.01317
9	0.02126	0.02001	0.03376	0.57739	0.07752	0.02501	0.03126	0.02876	0.02251	0.02876	0.02001	0.03001	0.01500	0.01125	0.01125	0.00375	0.01500	0.01000	0.00500	0.01250
10	0.02568	0.02188	0.02628	0.02818	0.09117	0.02433	0.01999	0.04812	0.33879	0.04266	0.04594	0.06006	0.03939	0.01831	0.01237	0.00408	0.00981	0.11645	0.01046	0.01608
11	0.02098	0.01049	0.01049	0.01049	0.01311	0.01049	0.00787	0.02623	0.02360	0.04196	0.03672	0.04196	0.02885	0.01311	0.00787	0.00262	0.00525	0.01049	0.66693	0.01049
12	0.02334	0.02001	0.02334	0.01667	0.02667	0.01500	0.01334	0.02834	0.02334	0.03668	0.02001	0.02334	0.01667	0.00834	0.00834	0.00167	0.00834	0.00667	0.00667	0.67325
13	0.01444	0.01131	0.01307	0.01292	0.01597	0.00994	0.00958	0.01825	0.02791	0.03644	0.28339	0.13907	0.31398	0.02677	0.01338	0.00376	0.00561	0.02302	0.01126	0.00994
14	0.02098	0.01049	0.01049	0.01049	0.01311	0.01049	0.00787	0.02623	0.02360	0.04196	0.03672	0.04196	0.02885	0.01311	0.00787	0.00262	0.00525	0.01049	0.66693	0.01049
15	0.02126	0.02001	0.03376	0.57739	0.07752	0.02501	0.03126	0.02876	0.02251	0.02876	0.02001	0.03001	0.01500	0.01125	0.01125	0.00375	0.01500	0.01000	0.00500	0.01250
16	0.02674	0.02062	0.02947	0.02411	0.03047	0.02113	0.09940	0.04276	0.21455	0.10655	0.19459	0.05282	0.05328	0.01654	0.01234	0.00368	0.00963	0.01507	0.01104	0.01524
17	0.02820	0.02743	0.03352	0.02704	0.03468	0.08759	0.11690	0.04622	0.25018	0.04060	0.03323	0.03425	0.02542	0.01246	0.01099	0.00331	0.01204	0.01116	0.05217	0.11261
18	0.03992	0.02869	0.03112	0.02467	0.03302	0.03165	0.02011	0.35365	0.16139	0.10632	0.03303	0.03159	0.02354	0.01397	0.01131	0.00349	0.01131	0.01086	0.01154	0.01882
19	0.02179	0.01951	0.02688	0.02380	0.02396	0.02586	0.01884	0.02326	0.01691	0.02529	0.02070	0.03711	0.02165	0.14658	0.08504	0.06388	0.37180	0.01136	0.00540	0.01037
20	0.01631	0.01115	0.01349	0.01349	0.01390	0.01157	0.00833	0.01714	0.01673	0.02272	0.03436	0.06753	0.03826	0.49618	0.16192	0.01241	0.01492	0.01547	0.00666	0.00749
21	0.01661	0.01306	0.01520	0.01438	0.01787	0.01244	0.01087	0.02446	0.09031	0.04072	0.33678	0.08647	0.23115	0.02378	0.01306	0.00366	0.00588	0.02047	0.01166	0.01117
22	0.02345	0.01940	0.02153	0.01961	0.02458	0.02145	0.01510	0.04528	0.33230	0.04635	0.22758	0.05785	0.06142	0.01819	0.01214	0.00371	0.00755	0.01560	0.01181	0.01510
23	0.02334	0.02001	0.02334	0.01667	0.02667	0.01500	0.01334	0.02834	0.02334	0.03668	0.02001	0.02334	0.01667	0.00834	0.00834	0.00167	0.00834	0.00667	0.00667	0.67325
24	0.04368	0.03010	0.03289	0.02522	0.03419	0.03278	0.02083	0.44559	0.05052	0.12543	0.02903	0.02833	0.02015	0.01356	0.01127	0.00339	0.01206	0.01027	0.01157	0.01914
25	0.02432	0.01710	0.02016	0.01962	0.02374	0.01812	0.01489	0.03915	0.22602	0.09719	0.05306	0.26056	0.05158	0.02414	0.01291	0.00419	0.00821	0.05977	0.01126	0.01400
26	0.01923	0.01571	0.01954	0.01803	0.02115	0.01733	0.01400	0.02927	0.12677	0.03979	0.27174	0.06547	0.10636	0.02919	0.08419	0.00561	0.07733	0.01680	0.01036	0.01213
27	0.01918	0.00991	0.01438	0.01438	0.01438	0.00991	0.00943	0.01486	0.01486	0.01982	0.02142	0.03886	0.02207	0.10568	0.04555	0.59461	0.00991	0.01055	0.00512	0.00512
28	0.02334	0.02001	0.02334	0.01667	0.02667	0.01500	0.01334	0.02834	0.02334	0.03668	0.02001	0.02334	0.01667	0.00834	0.00834	0.00167	0.00834	0.00667	0.00667	0.67325
29	0.02945	0.02743	0.11758	0.22280	0.04979	0.02416	0.02643	0.04348	0.15116	0.14404	0.03187	0.03379	0.02259	0.01276	0.01122	0.00368	0.01256	0.01070	0.00852	0.01599
30	0.03714	0.10476	0.03448	0.02462	0.03262	0.09491	0.02021	0.26904	0.17057	0.05394	0.02953	0.02914	0.02210	0.01328	0.01068	0.00332	0.01232	0.00998	0.00987	0.01749
31	0.08882	0.02635	0.09454	0.07300	0.03757	0.02123	0.06025	0.07322	0.02843	0.21321	0.02880	0.02957	0.01991	0.01146	0.01043	0.00317	0.01161	0.00953	0.00905	0.14986
32	0.02228	0.11632	0.42276	0.02801	0.04222	0.02618	0.03486	0.03298	0.02390	0.03393	0.03143	0.03370	0.07887	0.01280	0.01062	0.00346	0.01473	0.00999	0.00547	0.01549
33	0.02454	0.17456	0.39965	0.03067	0.04534	0.03029	0.07620	0.03526	0.02382	0.03371	0.01945	0.02311	0.01454	0.01036	0.01017	0.00334	0.01585	0.00826	0.00485	0.01604
34	0.02786	0.02674	0.04568	0.06908	0.53424	0.02674	0.03454	0.03454	0.02563	0.03677	0.02117	0.02786	0.01783	0.01003	0.01114	0.00334	0.01337	0.01003	0.00557	0.01783
35	0.03427	0.08430	0.21745	0.03227	0.09687	0.02448	0.06925	0.04234	0.02721	0.21828	0.02891	0.02960	0.01985	0.01159	0.01091	0.00343	0.01352	0.00984	0.00826	0.01737
36	0.12863	0.02890	0.14916	0.07068	0.03829	0.02133	0.06362	0.03946	0.02625	0.20236	0.03257	0.04172	0.02503	0.01421	0.01122	0.00376	0.01244	0.06595	0.00888	0.01555
37	0.01386	0.01158	0.01218	0.01248	0.01614	0.00990	0.00966	0.01698	0.02568	0.03078	0.10772	0.11047	0.47589	0.02880	0.01356	0.00396	0.00624	0.07404	0.01044	0.00960
38	0.01652	0.01233	0.01562	0.01641	0.01859	0.01216	0.01201	0.02338	0.08249	0.03703	0.22348	0.31307	0.08012	0.02830	0.01375	0.00417	0.00670	0.06187	0.01124	0.01077
39	0.15949	0.12671	0.13806	0.02755	0.09146	0.02728	0.02371	0.07278	0.02718	0.16697	0.02528	0.02615	0.01809	0.01141	0.00966	0.00330	0.01190	0.00860	0.00806	0.01638
40	0.25851	0.02945	0.08867	0.02108	0.02964	0.08564	0.01893	0.04435	0.06978	0.20725	0.02859	0.02791	0.01986	0.01219	0.00964	0.00345	0.01137	0.00882	0.00924	0.01564
41	0.01608	0.01206	0.01809	0.01809	0.02010	0.01407	0.01407	0.02010	0.01809	0.02613	0.03015	0.04422	0.02814	0.08441	0.55984	0.01809	0.03015	0.01206	0.00603	0.01005
42	0.02348	0.02169	0.03613	0.13906	0.33926	0.02235	0.02838	0.02920	0.02417	0.03359	0.03052	0.16109	0.03059	0.01612	0.01191	0.00370	0.01204	0.01515	0.00662	0.01494
43	0.04117	0.06367	0.02959	0.09015	0.03470	0.02278	0.01878	0.13652	0.03373	0.30088	0.03508	0.03386	0.02361	0.01313	0.01069	0.00334	0.01061	0.01046	0.07003	0.01720
44	0.02529	0.02413	0.04106	0.26634	0.35700	0.02607	0.03327	0.03230	0.02442	0.03366	0.02072	0.02869	0.01673	0.01050	0.01119	0.00350	0.01400	0.01002	0.00535	0.01576
45	0.01530	0.01093	0.01488	0.01749	0.01883	0.01051	0.01321	0.01842	0.02311	0.03051	0.06116	0.42843	0.07097	0.03377	0.01479	0.00479	0.00791	0.18501	0.01042	0.00958
46	0.18993	0.09787	0.03388	0.03117	0.14619	0.02764	0.02090	0.11850	0.03001	0.16297	0.02564	0.02669	0.01866	0.01159	0.00973	0.00330	0.01105	0.00892	0.00874	0.01662
47	0.08573	0.02647	0.03906	0.03856	0.15675	0.02767	0.12017	0.14906	0.10042	0.04688	0.02932	0.07653	0.02454	0.01363	0.01157	0.00363	0.01270	0.01260	0.00833	0.01640
48	0.01333	0.01128	0.01153	0.01172	0.01529	0.00947	0.00869	0.01612	0.02535	0.03028	0.11012	0.14496	0.49555	0.02901	0.01338	0.00386	0.00576	0.02437	0.01045	0.00947
49	0.02721	0.34934	0.04411	0.01920	0.02815	0.03309	0.01759	0.03122	0.02256	0.03019	0.01714	0.02051	0.01527	0.01002	0.01014	0.00236	0.05922	0.00658	0.00549	0.25063
50	0.02098	0.01049	0.01049	0.01049	0.01311	0.01049	0.00787	0.02623	0.02360	0.04196	0.03672	0.04196	0.02885	0.01311	0.00787	0.00262	0.00525	0.01049	0.66693	0.01049
51	0.02273	0.02117	0.03555	0.39421	0.19375	0.02441	0.03098	0.02981	0.02363	0.03131	0.02377	0.03790	0.02009	0.01266	0.01160	0.00377	0.01417	0.04913	0.00562	0.01373
52	0.02347	0.02314	0.02643	0.02383	0.02478	0.09156	0.01855	0.02558	0.01936	0.02616	0.02475	0.08675	0.02643	0.14269	0.07898	0.00693	0.30081	0.01299	0.00600	0.01083
53	0.01633	0.01105	0.01296	0.01296	0.01320	0.01128	0.00767	0.01681	0.01657	0.02233	0.03484	0.07019	0.03941	0.54320	0.11647	0.01176	0.01318	0.01586	0.00673	0.00720
54	0.03927	0.26838	0.04163	0.02269	0.03100	0.17750	0.01949	0.08315	0.03021	0.15170	0.02389	0.02422	0.01803	0.01152	0.00934	0.00288	0.01374	0.00797	0.00780	0.01559

[dist]
# distance from previous block
# <min> <max>
0	2

[block]
# block no. 7 follows, 11 sequences, length 18
# corresponding to MSA columns:
# 1073-1090
name=unknown_H
#
# <colnr> <probs for GDERKNQSTAVLIFYWHMCP>
#	G	D	E	R	K	N	Q	S	T	A	V	L	I	F	Y	W	H	M	C	P
0	0.02949	0.27779	0.17699	0.09534	0.04143	0.10085	0.02706	0.07081	0.02651	0.03272	0.01848	0.02203	0.01484	0.01066	0.00931	0.00302	0.01467	0.00759	0.00544	0.01495
1	0.68395	0.02177	0.01654	0.01480	0.02177	0.02525	0.01219	0.03309	0.01915	0.05050	0.01567	0.01828	0.01219	0.01045	0.00697	0.00348	0.00871	0.00609	0.00697	0.01219
2	0.03333	0.02491	0.02969	0.09335	0.03667	0.02863	0.02101	0.16085	0.21904	0.11145	0.03415	0.03429	0.02506	0.01466	0.01428	0.00378	0.07642	0.01123	0.01017	0.01702
3	0.02098	0.01049	0.01049	0.01049	0.01311	0.01049	0.00787	0.02623	0.02360	0.04196	0.03672	0.04196	0.02885	0.01311	0.00787	0.00262	0.00525	0.01049	0.66693	0.01049
4	0.02334	0.02001	0.02334	0.01667	0.02667	0.01500	0.01334	0.02834	0.02334	0.03668	0.02001	0.02334	0.01667	0.00834	0.00834	0.00167	0.00834	0.00667	0.00667	0.67325
5	0.01637	0.01091	0.01228	0.01228	0.01228	0.01091	0.00682	0.01637	0.01637	0.02182	0.03546	0.07365	0.04092	0.60445	0.05729	0.01091	0.01091	0.01637	0.00682	0.00682
6	0.54404	0.02390	0.02030	0.01722	0.02463	0.02736	0.01420	0.13425	0.02652	0.05496	0.01815	0.02019	0.01371	0.01112	0.00790	0.00346	0.00951	0.00698	0.00790	0.01371
7	0.03255	0.02438	0.02649	0.02288	0.02984	0.02733	0.01806	0.10918	0.39985	0.11279	0.04348	0.03981	0.03179	0.01490	0.01141	0.00372	0.00939	0.01225	0.01175	0.01814
8	0.04279	0.03153	0.03378	0.02590	0.03490	0.03490	0.02139	0.49671	0.05292	0.07093	0.02702	0.02702	0.01914	0.01351	0.01126	0.00338	0.01239	0.01013	0.01126	0.01914
9	0.02098	0.01049	0.01049	0.01049	0.01311	0.01049	0.00787	0.02623	0.02360	0.04196	0.03672	0.04196	0.02885	0.01311	0.00787	0.00262	0.00525	0.01049	0.66693	0.01049
10	0.01759	0.01285	0.01566	0.01527	0.01552	0.01410	0.01016	0.01839	0.01738	0.02362	0.03511	0.07246	0.03985	0.47579	0.05075	0.00961	0.08376	0.05737	0.00691	0.00785
11	0.01608	0.01206	0.01809	0.01809	0.02010	0.01407	0.01407	0.02010	0.01809	0.02613	0.03015	0.04422	0.02814	0.08441	0.55984	0.01809	0.03015	0.01206	0.00603	0.01005
12	0.02825	0.02561	0.08005	0.33142	0.12216	0.02560	0.02968	0.09158	0.02793	0.09440	0.02384	0.02975	0.01729	0.01164	0.01120	0.00361	0.01399	0.01002	0.00686	0.01514
13	0.02462	0.02462	0.03447	0.02955	0.02955	0.03447	0.02462	0.02709	0.01724	0.02709	0.01477	0.02462	0.01477	0.01970	0.03694	0.00492	0.58385	0.00985	0.00492	0.01231
14	0.11536	0.02084	0.06792	0.06921	0.03123	0.01766	0.01848	0.03873	0.02724	0.25597	0.07516	0.10803	0.03752	0.01742	0.01154	0.00378	0.00997	0.04826	0.01068	0.01501
15	0.01917	0.01413	0.01897	0.01828	0.02084	0.01583	0.01394	0.07883	0.02269	0.03165	0.03387	0.10790	0.03342	0.11517	0.38513	0.01408	0.02355	0.01448	0.00726	0.01080
16	0.10512	0.02567	0.09630	0.22089	0.13332	0.02396	0.02711	0.02989	0.02241	0.03423	0.02300	0.07584	0.02033	0.01330	0.01239	0.00361	0.05101	0.01095	0.00591	0.06474
17	0.03210	0.43660	0.11437	0.02185	0.03191	0.08845	0.02204	0.03689	0.02467	0.07366	0.01894	0.02078	0.01562	0.01033	0.00830	0.00269	0.01317	0.00689	0.00571	0.01501

[dist]
# distance from previous block
# <min> <max>
2	8

[block]
# block no. 8 follows, 11 sequences, length 32
# corresponding to MSA columns:
# 1100-1131
name=unknown_I
#
# <colnr> <probs for GDERKNQSTAVLIFYWHMCP>
#	G	D	E	R	K	N	Q	S	T	A	V	L	I	F	Y	W	H	M	C	P
0	0.02773	0.02387	0.06419	0.02396	0.06420	0.02010	0.01915	0.07503	0.09985	0.08709	0.03192	0.04166	0.02671	0.01357	0.01063	0.00301	0.01010	0.06762	0.00870	0.28089
1	0.17336	0.06632	0.02455	0.01893	0.02494	0.06819	0.01497	0.08410	0.10145	0.10741	0.08611	0.04019	0.03306	0.09095	0.01621	0.00437	0.01034	0.01123	0.00932	0.01400
2	0.01909	0.01694	0.01982	0.02352	0.08595	0.06726	0.01478	0.02278	0.02628	0.03468	0.19478	0.30786	0.07073	0.02584	0.01319	0.00393	0.00844	0.02308	0.00994	0.01112
3	0.02195	0.02136	0.03802	0.50821	0.07508	0.02546	0.09159	0.02971	0.02304	0.02971	0.02037	0.03005	0.01527	0.01102	0.01152	0.00376	0.01552	0.01043	0.00509	0.01285
4	0.02468	0.02325	0.03924	0.19836	0.36113	0.02451	0.03125	0.03111	0.02439	0.03384	0.02497	0.08572	0.02278	0.01289	0.01150	0.00357	0.01312	0.01223	0.00591	0.01554
5	0.03765	0.01943	0.02438	0.02028	0.02674	0.01951	0.01612	0.08457	0.13725	0.27705	0.03870	0.03819	0.02751	0.02396	0.06604	0.09224	0.01158	0.01140	0.01125	0.01616
6	0.14540	0.01935	0.02182	0.01950	0.02557	0.02025	0.01553	0.04459	0.17527	0.19193	0.04356	0.11708	0.03661	0.01810	0.01139	0.00388	0.00890	0.05465	0.01119	0.01542
7	0.03441	0.33837	0.04464	0.02224	0.03037	0.16548	0.01942	0.04209	0.09862	0.07303	0.02296	0.02385	0.01853	0.01131	0.00891	0.00283	0.01338	0.00776	0.00680	0.01500
8	0.04007	0.03152	0.18329	0.02814	0.08117	0.02035	0.02568	0.04725	0.02908	0.34428	0.03504	0.03300	0.02287	0.01260	0.01112	0.00349	0.01203	0.01030	0.01042	0.01828
9	0.12251	0.19484	0.34254	0.02623	0.03963	0.03073	0.03150	0.03477	0.02285	0.03549	0.01836	0.02149	0.01400	0.01038	0.00925	0.00326	0.01428	0.00740	0.00510	0.01541
10	0.58595	0.02717	0.09502	0.01736	0.02576	0.02538	0.01655	0.03346	0.01984	0.04830	0.01634	0.01910	0.01250	0.01048	0.00752	0.00349	0.00988	0.00642	0.00664	0.01285
11	0.06528	0.12797	0.25703	0.02590	0.03652	0.06746	0.02818	0.07211	0.02699	0.03815	0.08480	0.03044	0.02649	0.01303	0.01211	0.00341	0.05313	0.00957	0.00651	0.01491
12	0.01492	0.01097	0.01398	0.01427	0.01646	0.01003	0.01030	0.01889	0.02792	0.03825	0.33313	0.24402	0.15026	0.02745	0.01361	0.00389	0.00573	0.02435	0.01155	0.01003
13	0.02520	0.03098	0.10046	0.33860	0.05992	0.11075	0.03012	0.03196	0.02337	0.02922	0.01884	0.02686	0.01479	0.01249	0.01481	0.00377	0.10034	0.00933	0.00508	0.01310
14	0.10232	0.01295	0.01410	0.01381	0.01747	0.01232	0.01076	0.02097	0.02713	0.03882	0.24944	0.08944	0.25817	0.02437	0.01269	0.00380	0.00642	0.06394	0.01071	0.01035
15	0.01535	0.01135	0.01452	0.01535	0.01770	0.01052	0.01170	0.01937	0.02702	0.03619	0.24658	0.22449	0.16454	0.02863	0.01400	0.00417	0.00668	0.11066	0.01116	0.01000
16	0.13546	0.02349	0.03648	0.10087	0.04243	0.02489	0.16069	0.03968	0.13813	0.06805	0.03210	0.04277	0.02619	0.01400	0.01170	0.00389	0.01289	0.06355	0.00816	0.01460
17	0.13600	0.02242	0.02389	0.01849	0.02732	0.02122	0.01486	0.09494	0.09920	0.04498	0.02403	0.02575	0.01887	0.01039	0.00895	0.00251	0.00901	0.00792	0.00803	0.38122
18	0.02127	0.01642	0.01961	0.01702	0.02239	0.01499	0.01336	0.08448	0.03002	0.04205	0.19121	0.12424	0.09346	0.02031	0.01200	0.00330	0.00775	0.06090	0.01009	0.19514
19	0.02242	0.02555	0.09864	0.42487	0.06665	0.02560	0.03060	0.03425	0.09548	0.03236	0.02385	0.03098	0.01778	0.01178	0.01121	0.00374	0.01431	0.01019	0.00593	0.01382
20	0.10019	0.01134	0.01351	0.01556	0.01703	0.01122	0.01067	0.01792	0.02124	0.03154	0.05605	0.52242	0.06641	0.03206	0.01341	0.00443	0.00681	0.02865	0.01000	0.00954
21	0.04115	0.02821	0.03264	0.09618	0.03949	0.03091	0.02195	0.37086	0.04593	0.13530	0.02869	0.02908	0.01990	0.01328	0.01127	0.00344	0.01231	0.01029	0.01085	0.01829
22	0.03248	0.43253	0.05004	0.09140	0.03514	0.03717	0.02034	0.03672	0.02444	0.11594	0.02118	0.02310	0.01684	0.01058	0.00845	0.00277	0.01199	0.00745	0.00642	0.01501
23	0.10246	0.01248	0.01369	0.01346	0.01466	0.01323	0.00859	0.01908	0.01698	0.02616	0.03212	0.06215	0.03532	0.45075	0.12526	0.01102	0.01348	0.01440	0.00672	0.00799
24	0.01503	0.01045	0.01266	0.01388	0.01554	0.00967	0.00960	0.01788	0.02355	0.03246	0.12689	0.34452	0.14800	0.06337	0.01575	0.00443	0.00632	0.02538	0.09519	0.00943
25	0.11733	0.25831	0.08898	0.02275	0.03231	0.03175	0.05947	0.04085	0.07407	0.13624	0.02544	0.02609	0.01904	0.01125	0.00926	0.00313	0.01181	0.00858	0.00765	0.01570
26	0.02600	0.01854	0.02056	0.01838	0.02343	0.01968	0.01424	0.09801	0.19134	0.08009	0.12194	0.10372	0.09539	0.01899	0.01168	0.00361	0.00786	0.01601	0.09612	0.01444
27	0.09437	0.02641	0.02820	0.02179	0.03064	0.02731	0.01775	0.26867	0.08728	0.05631	0.02575	0.02661	0.01929	0.01184	0.01000	0.00292	0.01047	0.00898	0.00950	0.21590
28	0.02657	0.08157	0.03776	0.07817	0.11115	0.02432	0.10218	0.03654	0.10354	0.07279	0.03166	0.10427	0.02776	0.01421	0.01125	0.00339	0.01180	0.01315	0.00781	0.10011
29	0.16437	0.02251	0.03445	0.18390	0.11964	0.02372	0.08465	0.03776	0.02517	0.15955	0.02557	0.02937	0.01823	0.01133	0.01065	0.00358	0.01269	0.00996	0.00774	0.01519
30	0.13055	0.01866	0.02804	0.18996	0.04235	0.01996	0.07345	0.03073	0.02495	0.10253	0.10409	0.11763	0.03841	0.01641	0.01155	0.00376	0.01110	0.01457	0.00843	0.01287
31	0.12344	0.02445	0.03939	0.21164	0.05296	0.02576	0.15988	0.07857	0.02636	0.03937	0.02088	0.02721	0.01582	0.01047	0.01083	0.00342	0.01410	0.00996	0.00634	0.09916

[dist]
# distance from previous block
# <min> <max>
0	489

# created by:
# /st0/software/busco_prod/Augustus/scripts/msa2prfl.pl ./align_prep/5706.fa
