[name]
unknown

[dist]
# distance from previous block
# <min> <max>
0	212

[block]
# block no. 0 follows, 12 sequences, length 14
# corresponding to MSA columns:
# 214-227
name=unknown_A
#
# <colnr> <probs for GDERKNQSTAVLIFYWHMCP>
#	G	D	E	R	K	N	Q	S	T	A	V	L	I	F	Y	W	H	M	C	P
0	0.02355	0.01649	0.02384	0.02054	0.02596	0.01520	0.06756	0.03040	0.06713	0.11184	0.10603	0.16884	0.04933	0.02034	0.01224	0.00365	0.00904	0.09553	0.00982	0.12267
1	0.10475	0.02637	0.02791	0.02261	0.03033	0.02929	0.01835	0.28501	0.19225	0.10116	0.03205	0.03067	0.02308	0.01334	0.01054	0.00342	0.01037	0.01028	0.01076	0.01746
2	0.10518	0.02767	0.02991	0.02312	0.03161	0.03000	0.01910	0.39106	0.04484	0.14682	0.02789	0.02716	0.01928	0.01287	0.01052	0.00330	0.01121	0.00963	0.01093	0.01790
3	0.04892	0.01856	0.02530	0.01940	0.02783	0.01603	0.01603	0.05314	0.03121	0.55634	0.04302	0.03711	0.02699	0.01350	0.01096	0.00337	0.00928	0.01096	0.01350	0.01856
4	0.04296	0.08512	0.02865	0.01981	0.02794	0.02091	0.01653	0.05175	0.11719	0.40947	0.04023	0.03560	0.02668	0.01327	0.01056	0.00332	0.00942	0.01065	0.01212	0.01783
5	0.41860	0.02443	0.02172	0.01876	0.02467	0.08399	0.01528	0.03590	0.02170	0.12642	0.01980	0.02201	0.01491	0.01211	0.01204	0.00352	0.09628	0.00739	0.00744	0.01302
6	0.01357	0.00986	0.01280	0.01463	0.01579	0.00910	0.00999	0.01601	0.02267	0.03030	0.13523	0.49040	0.11560	0.03188	0.01368	0.00422	0.00609	0.02868	0.01040	0.00910
7	0.01321	0.00980	0.01233	0.01436	0.01560	0.00893	0.00975	0.01528	0.02167	0.02816	0.07015	0.50895	0.16637	0.03285	0.01371	0.00428	0.00617	0.02940	0.01012	0.00893
8	0.04330	0.02528	0.02919	0.02263	0.03104	0.02630	0.01861	0.29703	0.07977	0.25889	0.03419	0.03159	0.02299	0.01338	0.01094	0.00334	0.01067	0.01046	0.01194	0.01845
9	0.01414	0.01010	0.01363	0.01616	0.01717	0.00959	0.01161	0.01666	0.02172	0.02879	0.05962	0.51255	0.07025	0.03335	0.01415	0.00455	0.00707	0.11970	0.01011	0.00909
10	0.01328	0.00949	0.01265	0.01518	0.01581	0.00886	0.01012	0.01518	0.02088	0.02783	0.06010	0.60969	0.07212	0.03416	0.01392	0.00443	0.00633	0.03100	0.01012	0.00886
11	0.02831	0.21102	0.27111	0.03000	0.09351	0.03067	0.02973	0.08098	0.02625	0.07229	0.02069	0.02316	0.01563	0.01048	0.00953	0.00308	0.01361	0.00797	0.00594	0.01604
12	0.02187	0.05640	0.56031	0.03108	0.04719	0.02532	0.04029	0.03453	0.02302	0.03453	0.01957	0.02302	0.01381	0.01036	0.01036	0.00345	0.01611	0.00806	0.00460	0.01611
13	0.02509	0.22660	0.12757	0.02016	0.03050	0.02712	0.01999	0.03336	0.07157	0.03306	0.02043	0.02273	0.01669	0.00954	0.00841	0.00237	0.01071	0.00710	0.00599	0.28102

[dist]
# distance from previous block
# <min> <max>
0	2

[block]
# block no. 1 follows, 12 sequences, length 15
# corresponding to MSA columns:
# 230-244
name=unknown_B
#
# <colnr> <probs for GDERKNQSTAVLIFYWHMCP>
#	G	D	E	R	K	N	Q	S	T	A	V	L	I	F	Y	W	H	M	C	P
0	0.02906	0.11477	0.12799	0.13746	0.04817	0.15150	0.13455	0.06878	0.02704	0.03284	0.01937	0.02434	0.01497	0.01045	0.01050	0.00323	0.01625	0.00904	0.00553	0.01416
1	0.03035	0.39595	0.04326	0.01788	0.02580	0.03195	0.01661	0.03429	0.02547	0.12932	0.11792	0.03301	0.03287	0.01251	0.00883	0.00273	0.01001	0.00937	0.00769	0.01417
2	0.03016	0.10959	0.13739	0.02674	0.03639	0.02623	0.11211	0.10864	0.06399	0.11979	0.09055	0.03451	0.02941	0.01267	0.01091	0.00332	0.01242	0.01109	0.00843	0.01566
3	0.01328	0.00949	0.01265	0.01518	0.01581	0.00886	0.01012	0.01518	0.02088	0.02783	0.06010	0.60969	0.07212	0.03416	0.01392	0.00443	0.00633	0.03100	0.01012	0.00886
4	0.02555	0.02532	0.04578	0.16206	0.36840	0.02590	0.12073	0.03267	0.02442	0.03403	0.02058	0.02783	0.01662	0.00984	0.01120	0.00339	0.01426	0.01029	0.00531	0.01582
5	0.02601	0.01805	0.02765	0.02280	0.02844	0.01764	0.11258	0.03585	0.11910	0.13564	0.10388	0.16080	0.04491	0.01817	0.01190	0.00364	0.00947	0.01676	0.07299	0.01372
6	0.02421	0.02203	0.02938	0.02549	0.02727	0.02892	0.02092	0.07586	0.06406	0.03193	0.02106	0.02935	0.01896	0.03076	0.13958	0.00710	0.37416	0.01024	0.00614	0.01260
7	0.12886	0.01887	0.02415	0.01877	0.02700	0.01707	0.01550	0.05052	0.02964	0.49345	0.03957	0.03471	0.02511	0.01308	0.01044	0.00337	0.00917	0.01034	0.01266	0.01772
8	0.01328	0.00949	0.01265	0.01518	0.01581	0.00886	0.01012	0.01518	0.02088	0.02783	0.06010	0.60969	0.07212	0.03416	0.01392	0.00443	0.00633	0.03100	0.01012	0.00886
9	0.02270	0.02117	0.03583	0.30886	0.05599	0.02353	0.12488	0.06416	0.05812	0.03588	0.10655	0.03813	0.03068	0.01279	0.01164	0.00359	0.01327	0.01214	0.00696	0.01313
10	0.03241	0.02852	0.03467	0.08147	0.03852	0.11468	0.09446	0.15036	0.03161	0.08896	0.02733	0.03861	0.02285	0.01495	0.01487	0.00372	0.09196	0.06759	0.00799	0.01447
11	0.01325	0.00964	0.01250	0.01479	0.01571	0.00889	0.00995	0.01523	0.02125	0.02799	0.06483	0.56222	0.11653	0.03354	0.01382	0.00436	0.00625	0.03025	0.01012	0.00889
12	0.03472	0.17039	0.03701	0.07926	0.03590	0.35500	0.02168	0.03806	0.02680	0.02653	0.01648	0.02048	0.01411	0.01153	0.01177	0.00297	0.07200	0.00725	0.00526	0.01282
13	0.02888	0.21121	0.04468	0.12557	0.26307	0.03007	0.02662	0.03432	0.02417	0.08304	0.02090	0.02533	0.01680	0.01015	0.00964	0.00303	0.01242	0.00862	0.00589	0.01560
14	0.01935	0.01412	0.01766	0.01589	0.01931	0.01423	0.01227	0.09414	0.03227	0.04519	0.40190	0.06838	0.08087	0.02829	0.08207	0.00515	0.00915	0.01724	0.01107	0.01146

[dist]
# distance from previous block
# <min> <max>
0	1

[block]
# block no. 2 follows, 12 sequences, length 62
# corresponding to MSA columns:
# 246-307
name=unknown_C
#
# <colnr> <probs for GDERKNQSTAVLIFYWHMCP>
#	G	D	E	R	K	N	Q	S	T	A	V	L	I	F	Y	W	H	M	C	P
0	0.06281	0.01200	0.01474	0.01430	0.01724	0.01146	0.01109	0.02122	0.02884	0.04162	0.41373	0.08382	0.12758	0.02280	0.01270	0.00363	0.00598	0.07292	0.01125	0.01028
1	0.02572	0.27784	0.04339	0.09086	0.03385	0.03645	0.02241	0.02915	0.01962	0.02618	0.01527	0.02177	0.01420	0.01397	0.02062	0.00360	0.27955	0.00798	0.00473	0.01283
2	0.02659	0.30129	0.12971	0.07230	0.03547	0.03385	0.02290	0.03987	0.16920	0.03312	0.02474	0.02616	0.01960	0.01122	0.00909	0.00303	0.01178	0.00843	0.00653	0.01513
3	0.02129	0.02374	0.11855	0.02096	0.02532	0.02054	0.01879	0.08050	0.02183	0.03093	0.02621	0.04321	0.02556	0.22230	0.14587	0.00886	0.11619	0.01178	0.00628	0.01130
4	0.01894	0.00947	0.01420	0.01420	0.01420	0.00947	0.00947	0.01420	0.01420	0.01894	0.01894	0.03314	0.01894	0.03788	0.04261	0.68277	0.00947	0.00947	0.00473	0.00473
5	0.02708	0.01724	0.02105	0.01809	0.02130	0.01871	0.01349	0.11377	0.02516	0.12258	0.03150	0.04896	0.02947	0.28221	0.08687	0.00799	0.08173	0.01278	0.00828	0.01175
6	0.02812	0.03638	0.20171	0.03736	0.04942	0.02648	0.28439	0.08072	0.02780	0.08402	0.02357	0.02794	0.01686	0.01027	0.01179	0.00355	0.01633	0.01102	0.00646	0.01581
7	0.01409	0.01109	0.01271	0.01230	0.01546	0.00971	0.00923	0.01797	0.02768	0.03618	0.31419	0.09387	0.33644	0.02511	0.01287	0.00356	0.00534	0.02146	0.01101	0.00971
8	0.04568	0.02375	0.02852	0.02187	0.03043	0.02374	0.01806	0.25230	0.03991	0.34490	0.03571	0.03237	0.02333	0.01332	0.01094	0.00333	0.01046	0.01047	0.01237	0.01855
9	0.28670	0.02598	0.02551	0.02023	0.02829	0.02858	0.01666	0.28795	0.03636	0.05830	0.02142	0.02266	0.01578	0.01152	0.00908	0.00316	0.01030	0.00804	0.00894	0.07450
10	0.03985	0.02727	0.03011	0.02333	0.03143	0.02947	0.01917	0.41119	0.04695	0.12401	0.07748	0.03274	0.02759	0.01401	0.01110	0.00330	0.01102	0.01090	0.01132	0.01776
11	0.01339	0.01092	0.01184	0.01192	0.01511	0.00937	0.00882	0.01650	0.02556	0.03189	0.18401	0.14883	0.41935	0.02727	0.01298	0.00371	0.00553	0.02318	0.01046	0.00937
12	0.12878	0.02701	0.08923	0.02187	0.03084	0.02402	0.01968	0.16995	0.08133	0.24846	0.03216	0.03027	0.02175	0.01268	0.01032	0.00339	0.01063	0.00976	0.01062	0.01723
13	0.03600	0.02107	0.02467	0.01966	0.02664	0.02118	0.01596	0.22238	0.03823	0.21575	0.13021	0.04847	0.09791	0.01652	0.01149	0.00338	0.00919	0.01344	0.01183	0.01603
14	0.01388	0.01108	0.01242	0.01209	0.01534	0.00963	0.00907	0.01757	0.02720	0.03502	0.27929	0.09577	0.37205	0.02554	0.01288	0.00358	0.00537	0.02173	0.01086	0.00963
15	0.02187	0.05640	0.56031	0.03108	0.04719	0.02532	0.04029	0.03453	0.02302	0.03453	0.01957	0.02302	0.01381	0.01036	0.01036	0.00345	0.01611	0.00806	0.00460	0.01611
16	0.12520	0.01886	0.02421	0.01880	0.02704	0.01702	0.01553	0.05064	0.02971	0.49633	0.03972	0.03482	0.02519	0.01310	0.01047	0.00337	0.00918	0.01037	0.01270	0.01776
17	0.01438	0.01020	0.01356	0.01584	0.01679	0.00976	0.01127	0.01672	0.02124	0.02815	0.05717	0.46130	0.06715	0.08894	0.01811	0.00513	0.00747	0.11815	0.00977	0.00888
18	0.01701	0.01298	0.01870	0.01813	0.01991	0.01564	0.01427	0.02084	0.01794	0.02688	0.02805	0.04038	0.02579	0.06777	0.45599	0.01459	0.09404	0.01128	0.06978	0.01004
19	0.02187	0.05640	0.56031	0.03108	0.04719	0.02532	0.04029	0.03453	0.02302	0.03453	0.01957	0.02302	0.01381	0.01036	0.01036	0.00345	0.01611	0.00806	0.00460	0.01611
20	0.02915	0.62337	0.05714	0.01866	0.02799	0.04314	0.01866	0.03265	0.02215	0.02565	0.01516	0.01749	0.01399	0.00933	0.00700	0.00233	0.01166	0.00583	0.00466	0.01399
21	0.02338	0.17371	0.45620	0.02851	0.04322	0.02901	0.03581	0.03414	0.02284	0.03269	0.01866	0.02188	0.01385	0.01015	0.00966	0.00322	0.01519	0.00760	0.00462	0.01568
22	0.02495	0.14996	0.15418	0.02033	0.02791	0.02421	0.01979	0.03461	0.11315	0.07675	0.02951	0.04034	0.02602	0.18700	0.02294	0.00532	0.01164	0.01089	0.00715	0.01335
23	0.01586	0.01057	0.01189	0.01189	0.01189	0.01057	0.00661	0.01586	0.01586	0.02114	0.03436	0.07135	0.03964	0.61681	0.05550	0.01057	0.01057	0.01586	0.00661	0.00661
24	0.03892	0.03114	0.12703	0.02811	0.07972	0.02612	0.02395	0.24288	0.03767	0.20914	0.02965	0.02903	0.02016	0.01242	0.01082	0.00333	0.01199	0.00984	0.01007	0.01800
25	0.09024	0.02437	0.03447	0.03094	0.07640	0.02994	0.06196	0.07449	0.02273	0.08056	0.01918	0.02539	0.01602	0.01559	0.02459	0.00416	0.33914	0.00964	0.00640	0.01380
26	0.02059	0.01938	0.03270	0.59060	0.07510	0.02422	0.03028	0.02786	0.02180	0.02786	0.01938	0.02907	0.01453	0.01090	0.01090	0.00363	0.01453	0.00969	0.00484	0.01211
27	0.02339	0.17476	0.45527	0.02848	0.04318	0.02904	0.03577	0.03414	0.02284	0.03268	0.01865	0.02187	0.01385	0.01014	0.00966	0.00322	0.01518	0.00759	0.00462	0.01567
28	0.01616	0.12068	0.02071	0.01581	0.01802	0.01507	0.01167	0.01835	0.02111	0.02744	0.05196	0.50242	0.06159	0.02966	0.01266	0.00405	0.00729	0.02644	0.00913	0.00979
29	0.04892	0.01856	0.02530	0.01940	0.02783	0.01603	0.01603	0.05314	0.03121	0.55634	0.04302	0.03711	0.02699	0.01350	0.01096	0.00337	0.00928	0.01096	0.01350	0.01856
30	0.04892	0.01856	0.02530	0.01940	0.02783	0.01603	0.01603	0.05314	0.03121	0.55634	0.04302	0.03711	0.02699	0.01350	0.01096	0.00337	0.00928	0.01096	0.01350	0.01856
31	0.01368	0.00977	0.01311	0.01564	0.01644	0.00920	0.01081	0.01587	0.02127	0.02828	0.05988	0.56454	0.07125	0.03379	0.01402	0.00448	0.00667	0.07222	0.01011	0.00897
32	0.01445	0.01055	0.01359	0.01400	0.01598	0.00969	0.01005	0.01824	0.02681	0.03686	0.33464	0.26983	0.13088	0.02695	0.01324	0.00380	0.00559	0.02399	0.01117	0.00969
33	0.04892	0.01856	0.02530	0.01940	0.02783	0.01603	0.01603	0.05314	0.03121	0.55634	0.04302	0.03711	0.02699	0.01350	0.01096	0.00337	0.00928	0.01096	0.01350	0.01856
34	0.04145	0.03054	0.03272	0.02509	0.03381	0.03381	0.02072	0.51243	0.05127	0.06872	0.02618	0.02618	0.01854	0.01309	0.01091	0.00327	0.01200	0.00982	0.01091	0.01854
35	0.02699	0.02591	0.04426	0.06693	0.54879	0.02591	0.03346	0.03346	0.02483	0.03562	0.02051	0.02699	0.01727	0.00972	0.01079	0.00324	0.01295	0.00972	0.00540	0.01727
36	0.01543	0.01115	0.01457	0.01372	0.01629	0.01029	0.01029	0.02058	0.03086	0.04372	0.54304	0.08145	0.10288	0.02229	0.01286	0.00343	0.00514	0.01972	0.01200	0.01029
37	0.01583	0.01067	0.01240	0.01240	0.01258	0.01085	0.00724	0.01618	0.01601	0.02152	0.03389	0.06877	0.03852	0.56840	0.10237	0.01120	0.01226	0.01548	0.00654	0.00689
38	0.01558	0.01168	0.01752	0.01752	0.01947	0.01363	0.01363	0.01947	0.01752	0.02531	0.02921	0.04283	0.02726	0.08178	0.57360	0.01752	0.02921	0.01168	0.00584	0.00974
39	0.02385	0.02385	0.03340	0.02863	0.02863	0.03340	0.02385	0.02624	0.01670	0.02624	0.01431	0.02385	0.01431	0.01908	0.03578	0.00477	0.59685	0.00954	0.00477	0.01193
40	0.01328	0.00949	0.01265	0.01518	0.01581	0.00886	0.01012	0.01518	0.02088	0.02783	0.06010	0.60969	0.07212	0.03416	0.01392	0.00443	0.00633	0.03100	0.01012	0.00886
41	0.69383	0.02109	0.01603	0.01434	0.02109	0.02446	0.01181	0.03205	0.01856	0.04892	0.01518	0.01771	0.01181	0.01012	0.00675	0.00337	0.00843	0.00590	0.00675	0.01181
42	0.02374	0.20211	0.43100	0.02789	0.04226	0.02990	0.03473	0.03405	0.02280	0.03225	0.01843	0.02160	0.01386	0.01009	0.00949	0.00316	0.01497	0.00748	0.00462	0.01557
43	0.01367	0.00977	0.01310	0.01563	0.01643	0.00919	0.01080	0.01585	0.02126	0.02827	0.05988	0.56566	0.07127	0.03379	0.01402	0.00448	0.00666	0.07121	0.01011	0.00896
44	0.03237	0.35477	0.10740	0.02345	0.03228	0.22793	0.02207	0.03671	0.02534	0.02707	0.01628	0.01891	0.01399	0.01012	0.00839	0.00263	0.01501	0.00651	0.00499	0.01377
45	0.03023	0.57120	0.05499	0.01922	0.02850	0.04232	0.01884	0.07487	0.02472	0.02944	0.01613	0.01826	0.01439	0.00966	0.00734	0.00241	0.01169	0.00618	0.00521	0.01439
46	0.04892	0.01856	0.02530	0.01940	0.02783	0.01603	0.01603	0.05314	0.03121	0.55634	0.04302	0.03711	0.02699	0.01350	0.01096	0.00337	0.00928	0.01096	0.01350	0.01856
47	0.01328	0.00949	0.01265	0.01518	0.01581	0.00886	0.01012	0.01518	0.02088	0.02783	0.06010	0.60969	0.07212	0.03416	0.01392	0.00443	0.00633	0.03100	0.01012	0.00886
48	0.03478	0.03433	0.03045	0.02600	0.03160	0.19882	0.02061	0.17620	0.14730	0.04279	0.02528	0.02704	0.01974	0.01399	0.01512	0.00350	0.11954	0.00947	0.00820	0.01523
49	0.01558	0.01168	0.01752	0.01752	0.01947	0.01363	0.01363	0.01947	0.01752	0.02531	0.02921	0.04283	0.02726	0.08178	0.57360	0.01752	0.02921	0.01168	0.00584	0.00974
50	0.04892	0.01856	0.02530	0.01940	0.02783	0.01603	0.01603	0.05314	0.03121	0.55634	0.04302	0.03711	0.02699	0.01350	0.01096	0.00337	0.00928	0.01096	0.01350	0.01856
51	0.01328	0.00949	0.01265	0.01518	0.01581	0.00886	0.01012	0.01518	0.02088	0.02783	0.06010	0.60969	0.07212	0.03416	0.01392	0.00443	0.00633	0.03100	0.01012	0.00886
52	0.38005	0.01860	0.01914	0.11860	0.03023	0.02097	0.01493	0.03265	0.02138	0.10370	0.02273	0.02600	0.01687	0.01110	0.00815	0.00328	0.00906	0.00792	0.12225	0.01238
53	0.04892	0.01856	0.02530	0.01940	0.02783	0.01603	0.01603	0.05314	0.03121	0.55634	0.04302	0.03711	0.02699	0.01350	0.01096	0.00337	0.00928	0.01096	0.01350	0.01856
54	0.69383	0.02109	0.01603	0.01434	0.02109	0.02446	0.01181	0.03205	0.01856	0.04892	0.01518	0.01771	0.01181	0.01012	0.00675	0.00337	0.00843	0.00590	0.00675	0.01181
55	0.03597	0.08351	0.08578	0.03362	0.14417	0.03093	0.02475	0.29169	0.03904	0.08829	0.02454	0.02604	0.01801	0.01181	0.01049	0.00321	0.01237	0.00936	0.00877	0.01764
56	0.01575	0.01233	0.01818	0.07143	0.07137	0.01252	0.01498	0.01898	0.02137	0.02873	0.04992	0.41498	0.05723	0.03370	0.06270	0.00545	0.00998	0.06148	0.00883	0.01010
57	0.01586	0.01057	0.01189	0.01189	0.01189	0.01057	0.00661	0.01586	0.01586	0.02114	0.03436	0.07135	0.03964	0.61681	0.05550	0.01057	0.01057	0.01586	0.00661	0.00661
58	0.02998	0.58233	0.05525	0.01933	0.02840	0.08120	0.01883	0.03343	0.02278	0.02573	0.01528	0.01765	0.01400	0.00947	0.00720	0.00237	0.01224	0.00592	0.00473	0.01390
59	0.01519	0.01114	0.01424	0.01346	0.01614	0.01018	0.01010	0.02011	0.03029	0.04236	0.50177	0.08369	0.14500	0.02280	0.01286	0.00345	0.00518	0.02003	0.01182	0.01018
60	0.03682	0.04372	0.10068	0.02645	0.03392	0.33951	0.02241	0.04593	0.11534	0.09364	0.02504	0.02579	0.01885	0.01199	0.01025	0.00312	0.01606	0.00854	0.00735	0.01460
61	0.02561	0.09139	0.45164	0.02899	0.04359	0.02651	0.03574	0.06903	0.02550	0.07228	0.02134	0.02383	0.01506	0.01069	0.01021	0.00336	0.01505	0.00823	0.00566	0.01630

[dist]
# distance from previous block
# <min> <max>
0	1

[block]
# block no. 3 follows, 12 sequences, length 10
# corresponding to MSA columns:
# 309-318
name=unknown_D
#
# <colnr> <probs for GDERKNQSTAVLIFYWHMCP>
#	G	D	E	R	K	N	Q	S	T	A	V	L	I	F	Y	W	H	M	C	P
0	0.09666	0.03292	0.09096	0.06534	0.04009	0.11238	0.12192	0.11948	0.07178	0.04135	0.02242	0.02566	0.01697	0.01087	0.01038	0.00319	0.01405	0.00927	0.00702	0.08729
1	0.04079	0.03093	0.03127	0.02465	0.03286	0.08134	0.02008	0.39357	0.08801	0.10272	0.02823	0.02769	0.02006	0.01310	0.01083	0.00327	0.01220	0.00987	0.01065	0.01789
2	0.02523	0.31842	0.32777	0.02534	0.03832	0.03356	0.03029	0.03366	0.02262	0.03043	0.01753	0.02046	0.01390	0.00988	0.00881	0.00294	0.01406	0.00703	0.00463	0.01513
3	0.01571	0.01116	0.01489	0.01489	0.01593	0.01220	0.01035	0.01778	0.01674	0.02336	0.03161	0.05616	0.03304	0.33179	0.33150	0.01427	0.02050	0.01363	0.00620	0.00827
4	0.02195	0.01259	0.01666	0.01482	0.01853	0.01140	0.01140	0.02691	0.03093	0.14343	0.44578	0.07282	0.08812	0.02058	0.01249	0.00342	0.00595	0.01802	0.01229	0.01190
5	0.02755	0.08450	0.05182	0.07682	0.09508	0.08592	0.28294	0.03758	0.08159	0.03400	0.02304	0.02830	0.01784	0.01020	0.01149	0.00342	0.01606	0.01105	0.00601	0.01477
6	0.02712	0.02342	0.02465	0.02219	0.02835	0.02712	0.01726	0.05794	0.52909	0.04561	0.04438	0.04068	0.03328	0.01479	0.01109	0.00370	0.00863	0.01233	0.01109	0.01726
7	0.01492	0.01138	0.01389	0.01520	0.01705	0.01101	0.01064	0.02037	0.07735	0.03145	0.11002	0.42543	0.14030	0.03001	0.01336	0.00415	0.00635	0.02677	0.01040	0.00995
8	0.01722	0.01097	0.01423	0.01475	0.01698	0.00997	0.01054	0.02034	0.02507	0.08243	0.19988	0.35595	0.12376	0.02820	0.01324	0.00397	0.00619	0.02512	0.01097	0.01021
9	0.04600	0.08524	0.02953	0.01992	0.02848	0.02083	0.01680	0.09921	0.03234	0.44767	0.03823	0.03384	0.02470	0.01300	0.01053	0.00325	0.00982	0.01029	0.01227	0.01806

[dist]
# distance from previous block
# <min> <max>
0	2

[block]
# block no. 4 follows, 12 sequences, length 12
# corresponding to MSA columns:
# 321-332
name=unknown_E
#
# <colnr> <probs for GDERKNQSTAVLIFYWHMCP>
#	G	D	E	R	K	N	Q	S	T	A	V	L	I	F	Y	W	H	M	C	P
0	0.01302	0.01053	0.01158	0.01241	0.01509	0.00909	0.00889	0.01549	0.02354	0.02892	0.09380	0.27191	0.38814	0.02978	0.01323	0.00393	0.00579	0.02565	0.01012	0.00909
1	0.02915	0.62337	0.05714	0.01866	0.02799	0.04314	0.01866	0.03265	0.02215	0.02565	0.01516	0.01749	0.01399	0.00933	0.00700	0.00233	0.01166	0.00583	0.00466	0.01399
2	0.02834	0.03160	0.13808	0.08084	0.04818	0.02622	0.23264	0.07787	0.09520	0.08917	0.02677	0.03025	0.01932	0.01103	0.01168	0.00357	0.01495	0.01125	0.00726	0.01577
3	0.01558	0.01168	0.01752	0.01752	0.01947	0.01363	0.01363	0.01947	0.01752	0.02531	0.02921	0.04283	0.02726	0.08178	0.57360	0.01752	0.02921	0.01168	0.00584	0.00974
4	0.01492	0.01093	0.01278	0.01243	0.01443	0.01010	0.00855	0.01775	0.02435	0.03258	0.26351	0.08415	0.19550	0.22033	0.02697	0.00586	0.00704	0.01929	0.00973	0.00879
5	0.02578	0.11560	0.39819	0.03001	0.04406	0.02670	0.08357	0.03619	0.02401	0.08507	0.02163	0.02443	0.01542	0.01043	0.01029	0.00334	0.01516	0.00858	0.00558	0.01596
6	0.02761	0.02363	0.04025	0.04369	0.23226	0.02325	0.13824	0.08753	0.02789	0.08009	0.03070	0.13631	0.02820	0.01482	0.01189	0.00358	0.01259	0.01452	0.00760	0.01536
7	0.02059	0.01938	0.03270	0.59060	0.07510	0.02422	0.03028	0.02786	0.02180	0.02786	0.01938	0.02907	0.01453	0.01090	0.01090	0.00363	0.01453	0.00969	0.00484	0.01211
8	0.02455	0.02419	0.03647	0.09376	0.03998	0.07770	0.17871	0.07634	0.03012	0.03967	0.20676	0.04655	0.04693	0.01463	0.01213	0.00346	0.01274	0.01404	0.00828	0.01300
9	0.02884	0.14361	0.04123	0.18657	0.23016	0.02894	0.02708	0.08063	0.02660	0.07447	0.02142	0.02632	0.01676	0.01057	0.01009	0.00317	0.01273	0.00904	0.00627	0.01549
10	0.07643	0.02820	0.14877	0.02587	0.03488	0.02066	0.11201	0.03584	0.07609	0.11861	0.03305	0.13040	0.02864	0.01506	0.01117	0.00353	0.01176	0.01358	0.00812	0.06734
11	0.08207	0.08191	0.06980	0.02375	0.07758	0.02190	0.01870	0.07213	0.06683	0.19779	0.09658	0.04186	0.07401	0.01447	0.01058	0.00331	0.00970	0.01176	0.00981	0.01545

[dist]
# distance from previous block
# <min> <max>
2	23

[block]
# block no. 5 follows, 12 sequences, length 49
# corresponding to MSA columns:
# 356-404
name=unknown_F
#
# <colnr> <probs for GDERKNQSTAVLIFYWHMCP>
#	G	D	E	R	K	N	Q	S	T	A	V	L	I	F	Y	W	H	M	C	P
0	0.03213	0.16976	0.03590	0.02470	0.07505	0.02427	0.05609	0.03885	0.06360	0.19997	0.12934	0.03954	0.03720	0.01357	0.01049	0.00316	0.01007	0.01152	0.00947	0.01530
1	0.14553	0.07672	0.12192	0.02273	0.03220	0.02476	0.05535	0.12163	0.02932	0.12687	0.06114	0.02911	0.02325	0.01180	0.00982	0.00315	0.01125	0.00933	0.00830	0.07582
2	0.01517	0.01252	0.01367	0.01303	0.01693	0.01115	0.00979	0.02062	0.06464	0.03356	0.17183	0.12389	0.35681	0.02471	0.01247	0.00354	0.00593	0.02095	0.01027	0.05852
3	0.02915	0.62337	0.05714	0.01866	0.02799	0.04314	0.01866	0.03265	0.02215	0.02565	0.01516	0.01749	0.01399	0.00933	0.00700	0.00233	0.01166	0.00583	0.00466	0.01399
4	0.07378	0.07943	0.07439	0.02314	0.06956	0.02276	0.01876	0.10823	0.02772	0.08176	0.02176	0.02390	0.01678	0.00987	0.00897	0.00248	0.01020	0.00764	0.00734	0.31154
5	0.02169	0.02050	0.03469	0.50073	0.15639	0.02451	0.03083	0.02882	0.02232	0.02919	0.01957	0.02871	0.01500	0.01070	0.01088	0.00357	0.01426	0.00969	0.00494	0.01300
6	0.01328	0.00949	0.01265	0.01518	0.01581	0.00886	0.01012	0.01518	0.02088	0.02783	0.06010	0.60969	0.07212	0.03416	0.01392	0.00443	0.00633	0.03100	0.01012	0.00886
7	0.02124	0.02089	0.08034	0.01869	0.02419	0.01805	0.01626	0.07534	0.14829	0.04538	0.32051	0.06031	0.06891	0.01836	0.01199	0.00348	0.00782	0.01578	0.01085	0.01332
8	0.04233	0.07370	0.02918	0.02040	0.02850	0.02274	0.01705	0.17375	0.03586	0.33392	0.07842	0.03619	0.03000	0.01377	0.01077	0.00326	0.00988	0.01095	0.01190	0.01746
9	0.01395	0.01109	0.01253	0.01217	0.01538	0.00966	0.00912	0.01771	0.02737	0.03544	0.29186	0.09508	0.35923	0.02538	0.01288	0.00358	0.00536	0.02163	0.01091	0.00966
10	0.01543	0.01115	0.01457	0.01372	0.01629	0.01029	0.01029	0.02058	0.03086	0.04372	0.54304	0.08145	0.10288	0.02229	0.01286	0.00343	0.00514	0.01972	0.01200	0.01029
11	0.02269	0.12057	0.50336	0.02967	0.04502	0.02734	0.03784	0.03432	0.02292	0.03353	0.01907	0.02239	0.01383	0.01024	0.00998	0.00333	0.01561	0.00781	0.00461	0.01587
12	0.02059	0.01938	0.03270	0.59060	0.07510	0.02422	0.03028	0.02786	0.02180	0.02786	0.01938	0.02907	0.01453	0.01090	0.01090	0.00363	0.01453	0.00969	0.00484	0.01211
13	0.01659	0.01185	0.01644	0.01896	0.02103	0.01170	0.01586	0.02089	0.02413	0.03153	0.05827	0.23480	0.06490	0.03105	0.01480	0.00488	0.00919	0.37331	0.01006	0.00977
14	0.01518	0.01050	0.01220	0.01250	0.01314	0.01017	0.00763	0.01619	0.01878	0.02499	0.09288	0.15752	0.09128	0.42345	0.04163	0.00839	0.00900	0.01912	0.00794	0.00751
15	0.02481	0.14081	0.40150	0.03011	0.04393	0.07233	0.07237	0.03500	0.02374	0.03257	0.01887	0.02241	0.01407	0.01018	0.01000	0.00325	0.01590	0.00801	0.00477	0.01540
16	0.02459	0.02163	0.03345	0.29895	0.18811	0.02453	0.02729	0.07313	0.07284	0.03441	0.02261	0.02972	0.01777	0.01343	0.01358	0.06110	0.01290	0.00994	0.00610	0.01391
17	0.02305	0.01096	0.01160	0.01104	0.01414	0.01072	0.00842	0.02805	0.02366	0.08977	0.03628	0.04031	0.02786	0.01278	0.00794	0.00262	0.00548	0.01024	0.61411	0.01096
18	0.01665	0.01189	0.01549	0.01577	0.01685	0.01319	0.01140	0.01928	0.01918	0.02823	0.03954	0.22928	0.04258	0.13757	0.14378	0.00802	0.07863	0.01815	0.12526	0.00924
19	0.03193	0.12569	0.14056	0.07766	0.04055	0.03024	0.07095	0.18540	0.06889	0.08652	0.02485	0.02671	0.01811	0.01156	0.01039	0.00327	0.01312	0.00941	0.00787	0.01632
20	0.03296	0.36107	0.10676	0.02245	0.03246	0.03313	0.05995	0.03814	0.02479	0.15928	0.02314	0.02395	0.01741	0.01047	0.00884	0.00283	0.01211	0.00792	0.00692	0.01542
21	0.61835	0.02163	0.01922	0.02029	0.08082	0.02462	0.01426	0.03221	0.01927	0.04742	0.01579	0.01876	0.01243	0.01008	0.00721	0.00336	0.00895	0.00634	0.00659	0.01243
22	0.02540	0.03175	0.10740	0.04466	0.05614	0.02738	0.46848	0.03489	0.02550	0.03489	0.02184	0.02886	0.01631	0.00929	0.01265	0.00366	0.01819	0.01245	0.00544	0.01483
23	0.01687	0.01187	0.01589	0.01548	0.01637	0.01315	0.01098	0.01750	0.01680	0.02305	0.03382	0.05320	0.06911	0.23439	0.20601	0.15176	0.06653	0.01327	0.00610	0.00784
24	0.02252	0.08036	0.28634	0.02500	0.03470	0.02505	0.02726	0.03500	0.11781	0.03306	0.02611	0.03435	0.02201	0.11590	0.02001	0.00474	0.05917	0.01017	0.00620	0.01422
25	0.02552	0.02878	0.06084	0.04399	0.05378	0.02823	0.45426	0.03394	0.02471	0.03394	0.02118	0.02878	0.01629	0.01031	0.01546	0.00380	0.08386	0.01249	0.00543	0.01439
26	0.04892	0.01856	0.02530	0.01940	0.02783	0.01603	0.01603	0.05314	0.03121	0.55634	0.04302	0.03711	0.02699	0.01350	0.01096	0.00337	0.00928	0.01096	0.01350	0.01856
27	0.01421	0.01110	0.01288	0.01243	0.01554	0.00977	0.00932	0.01820	0.02797	0.03686	0.33483	0.09275	0.31537	0.02485	0.01287	0.00355	0.00533	0.02130	0.01110	0.00977
28	0.69383	0.02109	0.01603	0.01434	0.02109	0.02446	0.01181	0.03205	0.01856	0.04892	0.01518	0.01771	0.01181	0.01012	0.00675	0.00337	0.00843	0.00590	0.00675	0.01181
29	0.01441	0.01111	0.01316	0.01265	0.01566	0.00985	0.00948	0.01860	0.02845	0.03800	0.36942	0.09087	0.28007	0.02443	0.01287	0.00353	0.00530	0.02104	0.01125	0.00985
30	0.04659	0.01787	0.02407	0.01865	0.02660	0.01555	0.01534	0.05088	0.03053	0.51432	0.04241	0.03740	0.02707	0.01343	0.01069	0.00331	0.00894	0.01090	0.06759	0.01787
31	0.01328	0.00949	0.01265	0.01518	0.01581	0.00886	0.01012	0.01518	0.02088	0.02783	0.06010	0.60969	0.07212	0.03416	0.01392	0.00443	0.00633	0.03100	0.01012	0.00886
32	0.02187	0.05640	0.56031	0.03108	0.04719	0.02532	0.04029	0.03453	0.02302	0.03453	0.01957	0.02302	0.01381	0.01036	0.01036	0.00345	0.01611	0.00806	0.00460	0.01611
33	0.14117	0.02479	0.02693	0.02147	0.02942	0.02660	0.01757	0.24548	0.11567	0.19184	0.03182	0.03006	0.02207	0.01301	0.01031	0.00338	0.01020	0.00992	0.01099	0.01731
34	0.02292	0.02175	0.03690	0.40019	0.24733	0.02484	0.03144	0.02990	0.02290	0.03068	0.01979	0.02831	0.01553	0.01047	0.01086	0.00349	0.01396	0.00970	0.00505	0.01399
35	0.02059	0.01938	0.03270	0.59060	0.07510	0.02422	0.03028	0.02786	0.02180	0.02786	0.01938	0.02907	0.01453	0.01090	0.01090	0.00363	0.01453	0.00969	0.00484	0.01211
36	0.01328	0.00949	0.01265	0.01518	0.01581	0.00886	0.01012	0.01518	0.02088	0.02783	0.06010	0.60969	0.07212	0.03416	0.01392	0.00443	0.00633	0.03100	0.01012	0.00886
37	0.02915	0.62337	0.05714	0.01866	0.02799	0.04314	0.01866	0.03265	0.02215	0.02565	0.01516	0.01749	0.01399	0.00933	0.00700	0.00233	0.01166	0.00583	0.00466	0.01399
38	0.02743	0.02362	0.04081	0.09598	0.33181	0.02329	0.09513	0.03374	0.02543	0.09324	0.03175	0.03606	0.06825	0.01187	0.01131	0.00339	0.01272	0.01156	0.00674	0.01587
39	0.01370	0.00973	0.01276	0.01477	0.01552	0.00913	0.00984	0.01573	0.02135	0.02870	0.10155	0.51630	0.07214	0.08250	0.01735	0.00486	0.00658	0.02869	0.00999	0.00879
40	0.02283	0.10554	0.47633	0.03111	0.04622	0.02711	0.07474	0.03439	0.02315	0.03376	0.01936	0.02302	0.01404	0.01018	0.01025	0.00337	0.01589	0.00823	0.00468	0.01581
41	0.07996	0.03887	0.28824	0.11198	0.10477	0.02448	0.07586	0.03509	0.02372	0.08464	0.02175	0.02580	0.01564	0.01054	0.01047	0.00346	0.01446	0.00901	0.00583	0.01544
42	0.04005	0.01765	0.02322	0.01843	0.02544	0.01599	0.01497	0.08074	0.03268	0.39159	0.16548	0.04724	0.04512	0.01564	0.01143	0.00338	0.00847	0.01304	0.01292	0.01651
43	0.01357	0.01107	0.01200	0.01177	0.01515	0.00950	0.00883	0.01698	0.02648	0.03331	0.22744	0.09858	0.42498	0.02617	0.01288	0.00361	0.00542	0.02212	0.01063	0.00950
44	0.09227	0.02056	0.02636	0.02235	0.02791	0.02211	0.06025	0.09167	0.14086	0.12638	0.03856	0.16531	0.03449	0.01824	0.01339	0.00382	0.05579	0.01535	0.00983	0.01451
45	0.02603	0.02249	0.03757	0.33828	0.18437	0.02497	0.06795	0.06430	0.02553	0.07113	0.02203	0.02897	0.01654	0.01080	0.01104	0.00350	0.01391	0.01005	0.00607	0.01449
46	0.04210	0.02432	0.02793	0.02164	0.02967	0.02521	0.01780	0.30217	0.04140	0.24003	0.03308	0.03146	0.02245	0.01320	0.01062	0.00324	0.01037	0.01026	0.07531	0.01775
47	0.08029	0.02773	0.08492	0.02023	0.02961	0.06776	0.01789	0.07561	0.06609	0.08123	0.02330	0.02491	0.01779	0.01016	0.00909	0.00251	0.01049	0.00776	0.00751	0.33512
48	0.03214	0.32029	0.08439	0.02361	0.03315	0.03376	0.07539	0.07907	0.07049	0.11406	0.02400	0.02499	0.01832	0.01082	0.00920	0.00292	0.01214	0.00848	0.00720	0.01559

[dist]
# distance from previous block
# <min> <max>
0	3

[block]
# block no. 6 follows, 12 sequences, length 35
# corresponding to MSA columns:
# 408-442
name=unknown_G
#
# <colnr> <probs for GDERKNQSTAVLIFYWHMCP>
#	G	D	E	R	K	N	Q	S	T	A	V	L	I	F	Y	W	H	M	C	P
0	0.02374	0.01796	0.02527	0.09511	0.11828	0.01770	0.01838	0.07062	0.02955	0.08001	0.24216	0.05030	0.05364	0.01553	0.01137	0.00318	0.00891	0.01362	0.00933	0.09534
1	0.09469	0.02535	0.12183	0.02020	0.02781	0.01993	0.01896	0.08354	0.09117	0.13560	0.19152	0.04581	0.04679	0.01545	0.01103	0.00344	0.00936	0.01272	0.01013	0.01466
2	0.02581	0.08953	0.16856	0.17617	0.09064	0.02521	0.02756	0.08011	0.02715	0.07352	0.08547	0.03287	0.02662	0.01230	0.01061	0.00334	0.01274	0.01022	0.00691	0.01466
3	0.02456	0.01681	0.01877	0.01671	0.02145	0.01757	0.01299	0.07426	0.17963	0.08825	0.16970	0.05563	0.09891	0.01727	0.01102	0.00335	0.00712	0.01448	0.13790	0.01361
4	0.01325	0.00963	0.01251	0.01481	0.01572	0.00889	0.00996	0.01522	0.02123	0.02798	0.06457	0.56488	0.11404	0.03358	0.01383	0.00436	0.00625	0.03029	0.01012	0.00889
5	0.03431	0.07759	0.03799	0.03931	0.21369	0.07758	0.02481	0.23359	0.07176	0.04842	0.02380	0.02624	0.01839	0.01157	0.01048	0.00318	0.01273	0.00940	0.00803	0.01714
6	0.01558	0.01168	0.01752	0.01752	0.01947	0.01363	0.01363	0.01947	0.01752	0.02531	0.02921	0.04283	0.02726	0.08178	0.57360	0.01752	0.02921	0.01168	0.00584	0.00974
7	0.04684	0.02190	0.02737	0.02098	0.02950	0.02098	0.01733	0.18111	0.03680	0.42047	0.03832	0.03407	0.02464	0.01338	0.01095	0.00335	0.01004	0.01064	0.01277	0.01855
8	0.01808	0.01408	0.01704	0.01813	0.02071	0.01482	0.01359	0.02890	0.16799	0.03386	0.05512	0.35347	0.05916	0.02782	0.01332	0.00433	0.00769	0.11000	0.01039	0.01150
9	0.02626	0.06390	0.07768	0.25555	0.25142	0.02547	0.03026	0.03311	0.02394	0.07817	0.02166	0.02776	0.01662	0.01052	0.01057	0.00336	0.01338	0.00944	0.00580	0.01513
10	0.01543	0.01115	0.01457	0.01372	0.01629	0.01029	0.01029	0.02058	0.03086	0.04372	0.54304	0.08145	0.10288	0.02229	0.01286	0.00343	0.00514	0.01972	0.01200	0.01029
11	0.02654	0.01684	0.01753	0.01528	0.01981	0.01807	0.01202	0.15634	0.08116	0.04851	0.03399	0.03686	0.02602	0.01301	0.00883	0.00285	0.00725	0.01029	0.43573	0.01307
12	0.02797	0.02783	0.05686	0.04119	0.05150	0.02648	0.41568	0.03886	0.07626	0.08316	0.02617	0.03123	0.01915	0.01014	0.01252	0.00365	0.01659	0.01264	0.00679	0.01531
13	0.02953	0.02727	0.03602	0.12742	0.12619	0.06644	0.08315	0.13141	0.17507	0.04278	0.02820	0.03090	0.02135	0.01206	0.01111	0.00347	0.01293	0.01068	0.00802	0.01601
14	0.01328	0.00949	0.01265	0.01518	0.01581	0.00886	0.01012	0.01518	0.02088	0.02783	0.06010	0.60969	0.07212	0.03416	0.01392	0.00443	0.00633	0.03100	0.01012	0.00886
15	0.01489	0.01112	0.01383	0.01315	0.01596	0.01006	0.00987	0.01954	0.02960	0.04071	0.45174	0.08640	0.19606	0.02341	0.01287	0.00348	0.00522	0.02041	0.01161	0.01006
16	0.02175	0.01700	0.01892	0.01720	0.02188	0.01747	0.01367	0.11881	0.11464	0.04284	0.16393	0.07683	0.21234	0.02197	0.01247	0.00372	0.00774	0.07337	0.01080	0.01263
17	0.03445	0.03077	0.03280	0.02605	0.03330	0.13061	0.07852	0.27196	0.04042	0.05189	0.12204	0.03583	0.03346	0.01401	0.01131	0.00326	0.01293	0.01154	0.00946	0.01539
18	0.02137	0.02018	0.03412	0.52659	0.13300	0.02443	0.03067	0.02854	0.02217	0.02881	0.01952	0.02882	0.01487	0.01076	0.01089	0.00359	0.01434	0.00969	0.00491	0.01274
19	0.15314	0.08861	0.30254	0.02597	0.03785	0.08255	0.02899	0.09324	0.02636	0.03996	0.01895	0.02166	0.01405	0.01066	0.00944	0.00327	0.01419	0.00760	0.00588	0.01509
20	0.01586	0.01057	0.01189	0.01189	0.01189	0.01057	0.00661	0.01586	0.01586	0.02114	0.03436	0.07135	0.03964	0.61681	0.05550	0.01057	0.01057	0.01586	0.00661	0.00661
21	0.02059	0.01938	0.03270	0.59060	0.07510	0.02422	0.03028	0.02786	0.02180	0.02786	0.01938	0.02907	0.01453	0.01090	0.01090	0.00363	0.01453	0.00969	0.00484	0.01211
22	0.02824	0.02666	0.04551	0.08282	0.04535	0.06649	0.25536	0.03440	0.02426	0.09502	0.02359	0.03165	0.01873	0.05470	0.01905	0.00424	0.11218	0.01159	0.00639	0.01377
23	0.02555	0.03597	0.19426	0.03685	0.04702	0.02855	0.24727	0.07130	0.02530	0.03587	0.02022	0.02632	0.01552	0.01171	0.01636	0.00379	0.12707	0.01065	0.00555	0.01488
24	0.01953	0.01205	0.01589	0.01441	0.01770	0.01099	0.01099	0.02456	0.03091	0.10638	0.48192	0.07603	0.09360	0.02122	0.01263	0.00342	0.00565	0.01865	0.01219	0.01130
25	0.01328	0.00949	0.01265	0.01518	0.01581	0.00886	0.01012	0.01518	0.02088	0.02783	0.06010	0.60969	0.07212	0.03416	0.01392	0.00443	0.00633	0.03100	0.01012	0.00886
26	0.02461	0.01963	0.03111	0.47201	0.06531	0.02347	0.02742	0.03353	0.06648	0.09398	0.02441	0.03105	0.01767	0.01155	0.01093	0.00361	0.01339	0.01007	0.00644	0.01334
27	0.01364	0.00976	0.01297	0.01494	0.01589	0.00909	0.01015	0.01608	0.02253	0.03047	0.14010	0.52218	0.07721	0.03219	0.01374	0.00426	0.00613	0.02913	0.01043	0.00909
28	0.01385	0.00992	0.01316	0.01480	0.01594	0.00923	0.01017	0.01660	0.02349	0.03200	0.18672	0.47119	0.08018	0.03105	0.01364	0.00417	0.00602	0.02804	0.01061	0.00923
29	0.02091	0.01252	0.01539	0.01387	0.01794	0.01100	0.01068	0.02505	0.02884	0.13610	0.29804	0.08118	0.24162	0.02247	0.01251	0.00351	0.00606	0.01920	0.01163	0.01148
30	0.02297	0.02181	0.03701	0.39562	0.25147	0.02485	0.03147	0.02995	0.02293	0.03075	0.01980	0.02829	0.01555	0.01046	0.01086	0.00349	0.01395	0.00970	0.00505	0.01403
31	0.01481	0.01058	0.01440	0.01692	0.01822	0.01017	0.01277	0.01782	0.02238	0.02954	0.05926	0.43666	0.06879	0.03272	0.01432	0.00464	0.00765	0.18900	0.01009	0.00928
32	0.01893	0.01237	0.01830	0.01771	0.02031	0.01387	0.01387	0.02285	0.01890	0.07865	0.03059	0.04226	0.02723	0.07492	0.51709	0.01610	0.02720	0.01161	0.00661	0.01062
33	0.02633	0.05030	0.45941	0.02937	0.04406	0.02517	0.03610	0.07961	0.02639	0.08949	0.02250	0.02471	0.01555	0.01092	0.01047	0.00343	0.01506	0.00851	0.00606	0.01658
34	0.18489	0.02910	0.07977	0.02247	0.03081	0.02906	0.01974	0.23483	0.16684	0.05467	0.02780	0.02775	0.02041	0.01259	0.00995	0.00343	0.01071	0.00941	0.00937	0.01642

[dist]
# distance from previous block
# <min> <max>
1	3

[block]
# block no. 7 follows, 12 sequences, length 33
# corresponding to MSA columns:
# 446-478
name=unknown_H
#
# <colnr> <probs for GDERKNQSTAVLIFYWHMCP>
#	G	D	E	R	K	N	Q	S	T	A	V	L	I	F	Y	W	H	M	C	P
0	0.02854	0.10656	0.11116	0.07024	0.03340	0.02219	0.02027	0.07336	0.02768	0.13229	0.09896	0.03394	0.02999	0.01229	0.00998	0.00289	0.01049	0.00991	0.00824	0.15761
1	0.03140	0.04198	0.26947	0.07793	0.04295	0.07555	0.02998	0.16938	0.03223	0.09140	0.02333	0.02545	0.01644	0.01154	0.01057	0.00335	0.01451	0.00887	0.00730	0.01635
2	0.02398	0.02185	0.02324	0.01706	0.02644	0.05689	0.01354	0.02867	0.02324	0.03486	0.01919	0.02239	0.01599	0.00831	0.00821	0.00171	0.00895	0.00650	0.00640	0.63259
3	0.03437	0.36603	0.04532	0.02290	0.03056	0.28178	0.01974	0.03755	0.02609	0.02612	0.01592	0.01847	0.01402	0.01019	0.00827	0.00255	0.01526	0.00637	0.00509	0.01338
4	0.01639	0.01066	0.01517	0.01539	0.01633	0.01148	0.01091	0.01695	0.01658	0.02298	0.02988	0.09545	0.03098	0.15641	0.28184	0.20713	0.01828	0.01348	0.00603	0.00768
5	0.02328	0.01846	0.01839	0.01756	0.02098	0.08858	0.01299	0.06812	0.02842	0.08423	0.16003	0.26814	0.09921	0.02412	0.01251	0.00373	0.00859	0.02088	0.01031	0.01148
6	0.12718	0.15927	0.06889	0.02233	0.03063	0.15627	0.01960	0.12106	0.03039	0.13379	0.02282	0.02346	0.01685	0.01135	0.00924	0.00301	0.01301	0.00788	0.00784	0.01513
7	0.01491	0.01144	0.01386	0.01416	0.01716	0.01039	0.01122	0.01906	0.02706	0.03530	0.25209	0.10088	0.27188	0.02632	0.01340	0.00391	0.00647	0.12993	0.01077	0.00979
8	0.02287	0.01091	0.01151	0.01099	0.01405	0.01069	0.00837	0.02788	0.02361	0.08663	0.03623	0.04033	0.02786	0.01277	0.00792	0.00261	0.00546	0.01023	0.61815	0.01091
9	0.02526	0.02848	0.06139	0.09674	0.05867	0.02726	0.46454	0.03427	0.02537	0.03427	0.02181	0.02938	0.01636	0.00935	0.01268	0.00367	0.01802	0.01257	0.00545	0.01446
10	0.02033	0.01016	0.01016	0.01016	0.01270	0.01016	0.00762	0.02541	0.02287	0.04065	0.03557	0.04065	0.02795	0.01270	0.00762	0.00254	0.00508	0.01016	0.67734	0.01016
11	0.01328	0.00949	0.01265	0.01518	0.01581	0.00886	0.01012	0.01518	0.02088	0.02783	0.06010	0.60969	0.07212	0.03416	0.01392	0.00443	0.00633	0.03100	0.01012	0.00886
12	0.02144	0.01309	0.01818	0.01955	0.02270	0.01269	0.01670	0.02607	0.02555	0.10320	0.05595	0.15474	0.05874	0.02823	0.01440	0.00474	0.00961	0.37282	0.01052	0.01109
13	0.01478	0.01035	0.01198	0.01263	0.01330	0.00994	0.00775	0.01565	0.01838	0.02401	0.05137	0.21600	0.11652	0.38530	0.03890	0.00804	0.00878	0.02077	0.00800	0.00754
14	0.01328	0.00949	0.01265	0.01518	0.01581	0.00886	0.01012	0.01518	0.02088	0.02783	0.06010	0.60969	0.07212	0.03416	0.01392	0.00443	0.00633	0.03100	0.01012	0.00886
15	0.02692	0.44950	0.21144	0.02247	0.03387	0.03768	0.02529	0.03323	0.02242	0.02838	0.01651	0.01919	0.01394	0.00964	0.00803	0.00268	0.01303	0.00651	0.00465	0.01464
16	0.02915	0.62337	0.05714	0.01866	0.02799	0.04314	0.01866	0.03265	0.02215	0.02565	0.01516	0.01749	0.01399	0.00933	0.00700	0.00233	0.01166	0.00583	0.00466	0.01399
17	0.04157	0.14929	0.03253	0.01944	0.02821	0.02328	0.01672	0.08730	0.03025	0.35060	0.03334	0.03058	0.02244	0.01206	0.00984	0.00298	0.00992	0.00934	0.01072	0.07957
18	0.02566	0.21554	0.08924	0.03031	0.14080	0.02868	0.02265	0.03094	0.02246	0.03152	0.01786	0.02208	0.01533	0.01000	0.01096	0.00264	0.06272	0.00738	0.00534	0.20789
19	0.23555	0.03443	0.23471	0.13778	0.04288	0.02400	0.02714	0.03406	0.02210	0.08423	0.02024	0.02383	0.01450	0.01067	0.00939	0.00346	0.01277	0.00797	0.00612	0.01417
20	0.01566	0.01100	0.01337	0.01278	0.01554	0.01009	0.00958	0.02039	0.02875	0.04087	0.40023	0.07994	0.16826	0.02190	0.01215	0.00335	0.00520	0.01899	0.10188	0.01009
21	0.04892	0.01856	0.02530	0.01940	0.02783	0.01603	0.01603	0.05314	0.03121	0.55634	0.04302	0.03711	0.02699	0.01350	0.01096	0.00337	0.00928	0.01096	0.01350	0.01856
22	0.03403	0.11086	0.12491	0.06835	0.11505	0.06204	0.02463	0.04215	0.06612	0.20278	0.02848	0.02903	0.02025	0.01158	0.01023	0.00323	0.01235	0.00933	0.00822	0.01638
23	0.01384	0.01108	0.01237	0.01205	0.01531	0.00961	0.00903	0.01749	0.02710	0.03480	0.27246	0.09614	0.37902	0.02562	0.01288	0.00359	0.00538	0.02178	0.01083	0.00961
24	0.01328	0.00949	0.01265	0.01518	0.01581	0.00886	0.01012	0.01518	0.02088	0.02783	0.06010	0.60969	0.07212	0.03416	0.01392	0.00443	0.00633	0.03100	0.01012	0.00886
25	0.07297	0.08027	0.02568	0.02034	0.02520	0.15199	0.01552	0.10442	0.09980	0.03616	0.03098	0.11274	0.02986	0.12533	0.01860	0.00464	0.01202	0.01288	0.00797	0.01263
26	0.02646	0.02399	0.03819	0.26522	0.29448	0.02632	0.03050	0.09621	0.02723	0.03708	0.02084	0.02769	0.01638	0.01063	0.01085	0.00340	0.01344	0.00972	0.00593	0.01543
27	0.01328	0.00949	0.01265	0.01518	0.01581	0.00886	0.01012	0.01518	0.02088	0.02783	0.06010	0.60969	0.07212	0.03416	0.01392	0.00443	0.00633	0.03100	0.01012	0.00886
28	0.01416	0.01044	0.01325	0.01393	0.01586	0.00953	0.00992	0.01759	0.02579	0.03496	0.27692	0.30594	0.15539	0.02805	0.01331	0.00388	0.00569	0.02493	0.01094	0.00953
29	0.15198	0.02944	0.10756	0.07835	0.15256	0.06105	0.05778	0.03865	0.05745	0.12637	0.02457	0.02718	0.01800	0.01102	0.01013	0.00338	0.01262	0.00920	0.00727	0.01543
30	0.60539	0.02237	0.01829	0.01580	0.02281	0.02573	0.01302	0.09718	0.02299	0.05160	0.01667	0.01886	0.01272	0.01052	0.00731	0.00336	0.00892	0.00643	0.00731	0.01272
31	0.08171	0.08608	0.11767	0.02474	0.03456	0.03264	0.02305	0.36152	0.04199	0.05815	0.02341	0.02434	0.01693	0.01212	0.01019	0.00323	0.01238	0.00892	0.00907	0.01730
32	0.02508	0.27274	0.32557	0.02911	0.07926	0.03224	0.03140	0.03372	0.02283	0.03119	0.01794	0.02120	0.01415	0.00991	0.00910	0.00300	0.01415	0.00733	0.00469	0.01539

[dist]
# distance from previous block
# <min> <max>
0	1

[block]
# block no. 8 follows, 12 sequences, length 36
# corresponding to MSA columns:
# 480-515
name=unknown_I
#
# <colnr> <probs for GDERKNQSTAVLIFYWHMCP>
#	G	D	E	R	K	N	Q	S	T	A	V	L	I	F	Y	W	H	M	C	P
0	0.03038	0.40183	0.08400	0.09178	0.03576	0.03641	0.02159	0.07979	0.02570	0.07445	0.01935	0.02177	0.01556	0.01030	0.00842	0.00275	0.01216	0.00727	0.00601	0.01472
