[name]
unknown

[dist]
# distance from previous block
# <min> <max>
0	81

[block]
# block no. 0 follows, 11 sequences, length 15
# corresponding to MSA columns:
# 90-104
name=unknown_A
#
# <colnr> <probs for GDERKNQSTAVLIFYWHMCP>
#	G	D	E	R	K	N	Q	S	T	A	V	L	I	F	Y	W	H	M	C	P
0	0.02849	0.02106	0.02459	0.07613	0.03026	0.02300	0.01710	0.23201	0.03461	0.04612	0.03500	0.10823	0.03418	0.17317	0.02411	0.00568	0.01147	0.05207	0.00930	0.01342
1	0.08832	0.01458	0.01804	0.01697	0.01991	0.01545	0.01298	0.02634	0.02501	0.10075	0.16849	0.20415	0.05832	0.02261	0.01517	0.00390	0.08041	0.01870	0.07829	0.01163
2	0.56199	0.02362	0.01982	0.01691	0.02427	0.02709	0.01394	0.12127	0.02558	0.05439	0.01783	0.01995	0.01351	0.01103	0.00778	0.00346	0.00941	0.00686	0.00778	0.01351
3	0.34778	0.10089	0.02875	0.01974	0.02785	0.03152	0.01672	0.21587	0.03293	0.05548	0.02014	0.02170	0.01522	0.01155	0.00869	0.00330	0.01058	0.00768	0.00838	0.01522
4	0.04279	0.03153	0.03378	0.02590	0.03490	0.03490	0.02139	0.49671	0.05292	0.07093	0.02702	0.02702	0.01914	0.01351	0.01126	0.00338	0.01239	0.01013	0.01126	0.01914
5	0.33189	0.02683	0.03264	0.02527	0.03384	0.02917	0.11442	0.19035	0.03209	0.05443	0.02097	0.02372	0.01555	0.01129	0.00972	0.00351	0.01206	0.00894	0.00815	0.01515
6	0.01955	0.00978	0.01466	0.01466	0.01466	0.00978	0.00978	0.01466	0.01466	0.01955	0.01955	0.03421	0.01955	0.03910	0.04399	0.67253	0.00978	0.00978	0.00489	0.00489
7	0.04601	0.02636	0.03058	0.02344	0.03232	0.02723	0.01937	0.31205	0.04427	0.26782	0.03429	0.03174	0.02279	0.01369	0.01128	0.00342	0.01121	0.01063	0.01238	0.01915
8	0.03850	0.03718	0.14236	0.02721	0.03783	0.03305	0.02567	0.39900	0.04674	0.06346	0.02558	0.02633	0.01811	0.01291	0.01114	0.00342	0.01329	0.00975	0.00988	0.01861
9	0.03185	0.01669	0.02020	0.01735	0.02196	0.01642	0.01273	0.03974	0.11955	0.22808	0.04094	0.05380	0.03459	0.26098	0.03056	0.00665	0.01000	0.01370	0.01048	0.01374
10	0.02527	0.01912	0.02465	0.07877	0.03111	0.02161	0.01867	0.17126	0.03050	0.04145	0.03188	0.04791	0.02863	0.04774	0.26106	0.01033	0.02047	0.06825	0.00812	0.01320
11	0.02436	0.01931	0.02328	0.02369	0.07611	0.02014	0.01634	0.12964	0.11638	0.04610	0.17183	0.12751	0.11749	0.02059	0.01245	0.00370	0.00848	0.01772	0.01078	0.01409
12	0.01788	0.01465	0.02106	0.01985	0.02154	0.01783	0.01572	0.02180	0.02034	0.02969	0.11496	0.04707	0.03908	0.05970	0.35125	0.01270	0.14428	0.01305	0.00692	0.01063
13	0.02846	0.09960	0.17896	0.02593	0.03550	0.09706	0.02528	0.04823	0.26015	0.03914	0.03166	0.03148	0.02396	0.01290	0.01062	0.00348	0.01291	0.01006	0.00811	0.01651
14	0.02575	0.02118	0.02251	0.02078	0.02614	0.02411	0.01595	0.05154	0.40874	0.04463	0.04646	0.09888	0.03785	0.01708	0.01135	0.00376	0.00826	0.01445	0.08448	0.01611

[dist]
# distance from previous block
# <min> <max>
1	2

[block]
# block no. 1 follows, 11 sequences, length 13
# corresponding to MSA columns:
# 128-140
name=unknown_B
#
# <colnr> <probs for GDERKNQSTAVLIFYWHMCP>
#	G	D	E	R	K	N	Q	S	T	A	V	L	I	F	Y	W	H	M	C	P
0	0.11524	0.17157	0.08741	0.02302	0.03265	0.03347	0.02130	0.24238	0.03680	0.09895	0.02390	0.02456	0.01752	0.01197	0.00972	0.00318	0.01201	0.00859	0.00881	0.01693
1	0.68395	0.02177	0.01654	0.01480	0.02177	0.02525	0.01219	0.03309	0.01915	0.05050	0.01567	0.01828	0.01219	0.01045	0.00697	0.00348	0.00871	0.00609	0.00697	0.01219
2	0.02858	0.02059	0.03294	0.16591	0.22163	0.02116	0.02619	0.03443	0.02596	0.13616	0.03366	0.08731	0.02957	0.01574	0.01201	0.00379	0.01207	0.06894	0.00812	0.01525
3	0.02763	0.03275	0.13864	0.12722	0.24836	0.02765	0.09728	0.09281	0.02842	0.03964	0.02179	0.02765	0.01682	0.01070	0.01139	0.00351	0.01487	0.01017	0.00608	0.01664
4	0.01536	0.01091	0.01439	0.01518	0.01620	0.01116	0.01037	0.01760	0.02000	0.02746	0.08813	0.24245	0.05467	0.21736	0.17654	0.01007	0.01420	0.02080	0.00833	0.00883
5	0.01637	0.01091	0.01228	0.01228	0.01228	0.01091	0.00682	0.01637	0.01637	0.02182	0.03546	0.07365	0.04092	0.60445	0.05729	0.01091	0.01091	0.01637	0.00682	0.00682
6	0.01965	0.01233	0.01624	0.01479	0.01810	0.01126	0.01126	0.02486	0.03190	0.09860	0.47623	0.07915	0.09777	0.02203	0.01306	0.00353	0.00577	0.01938	0.01256	0.01154
7	0.02786	0.02674	0.04568	0.06908	0.53424	0.02674	0.03454	0.03454	0.02563	0.03677	0.02117	0.02786	0.01783	0.01003	0.01114	0.00334	0.01337	0.01003	0.00557	0.01783
8	0.02830	0.02444	0.03020	0.02551	0.03225	0.02708	0.07449	0.10811	0.34863	0.04699	0.04226	0.09325	0.03430	0.01632	0.01193	0.00383	0.01032	0.01436	0.01064	0.01682
9	0.04501	0.02796	0.03157	0.02421	0.03313	0.02962	0.02000	0.36947	0.04696	0.20659	0.03203	0.03027	0.02165	0.01363	0.01128	0.00341	0.01158	0.01047	0.01203	0.01914
10	0.22939	0.01900	0.02240	0.17326	0.03732	0.02170	0.01811	0.08238	0.02482	0.04062	0.03159	0.18927	0.03173	0.01818	0.01081	0.00386	0.01028	0.01513	0.00793	0.01223
11	0.28137	0.02745	0.02921	0.12981	0.13241	0.09066	0.02219	0.09287	0.02680	0.04381	0.01915	0.02357	0.01493	0.01104	0.00946	0.00342	0.01258	0.00820	0.00675	0.01430
12	0.16593	0.18407	0.03405	0.17846	0.03984	0.02787	0.01986	0.03257	0.02401	0.08344	0.08473	0.03185	0.02705	0.01238	0.00949	0.00327	0.01110	0.00950	0.00715	0.01337

[dist]
# distance from previous block
# <min> <max>
0	2

[block]
# block no. 2 follows, 11 sequences, length 18
# corresponding to MSA columns:
# 143-160
name=unknown_C
#
# <colnr> <probs for GDERKNQSTAVLIFYWHMCP>
#	G	D	E	R	K	N	Q	S	T	A	V	L	I	F	Y	W	H	M	C	P
0	0.02847	0.10717	0.22679	0.02397	0.03535	0.02298	0.02599	0.03626	0.02543	0.13096	0.02874	0.03761	0.02314	0.01308	0.01049	0.00323	0.01243	0.06005	0.00752	0.14036
1	0.19231	0.03090	0.12867	0.02282	0.03248	0.02599	0.02171	0.14594	0.08746	0.16081	0.02897	0.02851	0.02019	0.01251	0.01015	0.00351	0.01132	0.00937	0.00955	0.01683
2	0.01814	0.01296	0.01814	0.02073	0.02332	0.01296	0.01814	0.02332	0.02591	0.03368	0.05959	0.12696	0.06478	0.03109	0.01555	0.00518	0.01036	0.45848	0.01036	0.01036
3	0.01637	0.01091	0.01228	0.01228	0.01228	0.01091	0.00682	0.01637	0.01637	0.02182	0.03546	0.07365	0.04092	0.60445	0.05729	0.01091	0.01091	0.01637	0.00682	0.00682
4	0.02428	0.02345	0.04121	0.11756	0.28854	0.02356	0.10719	0.03099	0.02543	0.03467	0.03489	0.04757	0.07413	0.01427	0.01222	0.00372	0.01342	0.06131	0.00654	0.01506
5	0.68395	0.02177	0.01654	0.01480	0.02177	0.02525	0.01219	0.03309	0.01915	0.05050	0.01567	0.01828	0.01219	0.01045	0.00697	0.00348	0.00871	0.00609	0.00697	0.01219
6	0.02257	0.05822	0.54613	0.03208	0.04871	0.02614	0.04158	0.03564	0.02376	0.03564	0.02020	0.02376	0.01426	0.01069	0.01069	0.00356	0.01663	0.00832	0.00475	0.01663
7	0.18127	0.02065	0.02654	0.02503	0.09018	0.01965	0.01786	0.04773	0.02864	0.37549	0.03545	0.03279	0.02331	0.01271	0.01038	0.00347	0.00987	0.01006	0.01142	0.01752
8	0.03066	0.02122	0.10066	0.02004	0.02657	0.01489	0.01782	0.03535	0.02641	0.24730	0.04812	0.27206	0.04544	0.02244	0.01251	0.00395	0.00938	0.01959	0.01105	0.01454
9	0.68395	0.02177	0.01654	0.01480	0.02177	0.02525	0.01219	0.03309	0.01915	0.05050	0.01567	0.01828	0.01219	0.01045	0.00697	0.00348	0.00871	0.00609	0.00697	0.01219
10	0.01371	0.00979	0.01306	0.01567	0.01632	0.00914	0.01045	0.01567	0.02155	0.02873	0.06203	0.59710	0.07444	0.03526	0.01437	0.00457	0.00653	0.03200	0.01045	0.00914
11	0.02675	0.03116	0.10345	0.16769	0.08783	0.07921	0.13570	0.08337	0.02802	0.03643	0.02610	0.09304	0.02284	0.01373	0.01189	0.00367	0.01528	0.01282	0.00657	0.01444
12	0.05050	0.01915	0.02612	0.02003	0.02873	0.01654	0.01654	0.05485	0.03221	0.54203	0.04440	0.03831	0.02786	0.01393	0.01132	0.00348	0.00958	0.01132	0.01393	0.01915
13	0.01620	0.01157	0.01591	0.01851	0.02026	0.01129	0.01477	0.01997	0.02400	0.03152	0.06066	0.33282	0.06901	0.03292	0.01503	0.00491	0.00869	0.27173	0.01040	0.00983
14	0.02344	0.01768	0.02565	0.13936	0.03443	0.02151	0.01952	0.02713	0.02013	0.08550	0.02650	0.04052	0.02403	0.13511	0.15358	0.00862	0.16735	0.01171	0.00657	0.01165
15	0.09869	0.22111	0.15306	0.02199	0.03261	0.02867	0.02265	0.04153	0.02601	0.21254	0.02681	0.02650	0.01891	0.01146	0.00942	0.00315	0.01188	0.00841	0.00822	0.01638
16	0.03680	0.02324	0.02647	0.02225	0.02964	0.02491	0.01774	0.10035	0.31151	0.21164	0.04354	0.03934	0.03076	0.01466	0.01139	0.00367	0.00946	0.01201	0.01225	0.01838
17	0.24018	0.10409	0.02962	0.02250	0.02942	0.27515	0.01793	0.04107	0.02695	0.09115	0.01963	0.02140	0.01525	0.01127	0.00896	0.00309	0.01458	0.00720	0.00694	0.01362

[dist]
# distance from previous block
# <min> <max>
3	23

[block]
# block no. 3 follows, 11 sequences, length 11
# corresponding to MSA columns:
# 186-196
name=unknown_D
#
# <colnr> <probs for GDERKNQSTAVLIFYWHMCP>
#	G	D	E	R	K	N	Q	S	T	A	V	L	I	F	Y	W	H	M	C	P
0	0.11304	0.10397	0.12446	0.15576	0.04448	0.02910	0.02539	0.14168	0.03038	0.09553	0.02311	0.02612	0.01674	0.01165	0.01012	0.00340	0.01297	0.00888	0.00755	0.01566
1	0.35142	0.02780	0.08903	0.12877	0.03847	0.02713	0.02130	0.12006	0.02675	0.04827	0.01922	0.02290	0.01431	0.01121	0.00908	0.00353	0.01162	0.00790	0.00712	0.01412
2	0.32979	0.09944	0.02770	0.07119	0.03140	0.13843	0.01736	0.03795	0.02421	0.10190	0.02001	0.02226	0.01516	0.01110	0.00860	0.00325	0.01223	0.00734	0.00714	0.01354
3	0.04040	0.02866	0.03119	0.02464	0.03305	0.03151	0.02012	0.35663	0.15003	0.11483	0.03288	0.03142	0.02333	0.01393	0.01131	0.00348	0.01134	0.01081	0.01158	0.01886
4	0.01659	0.01117	0.01301	0.01334	0.01367	0.01117	0.00824	0.01724	0.01757	0.02332	0.03850	0.08037	0.04392	0.53226	0.05203	0.01019	0.01084	0.07203	0.00727	0.00727
5	0.01330	0.01140	0.01140	0.01140	0.01520	0.00950	0.00855	0.01615	0.02565	0.03041	0.11402	0.10832	0.52967	0.02850	0.01330	0.00380	0.00570	0.02375	0.01045	0.00950
6	0.01946	0.01241	0.01548	0.01418	0.01786	0.01106	0.01082	0.02404	0.03035	0.10170	0.36593	0.08459	0.20269	0.02328	0.01304	0.00360	0.00593	0.02011	0.01209	0.01137
7	0.01814	0.01296	0.01814	0.02073	0.02332	0.01296	0.01814	0.02332	0.02591	0.03368	0.05959	0.12696	0.06478	0.03109	0.01555	0.00518	0.01036	0.45848	0.01036	0.01036
8	0.02390	0.15585	0.46012	0.02982	0.04521	0.02939	0.03764	0.03530	0.02361	0.03403	0.01939	0.02276	0.01429	0.01051	0.01008	0.00336	0.01582	0.00791	0.00476	0.01625
9	0.02374	0.01854	0.02550	0.02256	0.02401	0.02354	0.01808	0.02663	0.01915	0.07413	0.02512	0.03760	0.02324	0.10458	0.15601	0.00840	0.29232	0.01133	0.05390	0.01161
10	0.01371	0.00979	0.01306	0.01567	0.01632	0.00914	0.01045	0.01567	0.02155	0.02873	0.06203	0.59710	0.07444	0.03526	0.01437	0.00457	0.00653	0.03200	0.01045	0.00914

[dist]
# distance from previous block
# <min> <max>
3	68

[block]
# block no. 4 follows, 11 sequences, length 21
# corresponding to MSA columns:
# 266-285,289
name=unknown_E
#
# <colnr> <probs for GDERKNQSTAVLIFYWHMCP>
#	G	D	E	R	K	N	Q	S	T	A	V	L	I	F	Y	W	H	M	C	P
0	0.54898	0.02121	0.01858	0.01591	0.02325	0.02339	0.01312	0.03772	0.02194	0.15523	0.02179	0.02255	0.01553	0.01119	0.00789	0.00348	0.00889	0.00721	0.00845	0.01367
1	0.07782	0.02159	0.03685	0.45624	0.07022	0.02551	0.09397	0.03014	0.02279	0.03160	0.02002	0.02907	0.01506	0.01094	0.01117	0.00373	0.01503	0.01013	0.00526	0.01285
2	0.31307	0.01613	0.01525	0.01475	0.01911	0.01703	0.01102	0.02533	0.02041	0.03955	0.03401	0.21161	0.03601	0.06179	0.01321	0.00416	0.00788	0.01559	0.05618	0.06792
3	0.03694	0.32678	0.04559	0.02245	0.03130	0.11115	0.01994	0.16083	0.03297	0.08374	0.02145	0.02254	0.01688	0.01132	0.00907	0.00283	0.01306	0.00775	0.00747	0.01592
4	0.02456	0.02571	0.05153	0.03824	0.04781	0.02373	0.33906	0.03264	0.02600	0.03570	0.02916	0.04717	0.02580	0.01330	0.01301	0.00375	0.01591	0.09432	0.00669	0.10589
5	0.17188	0.02458	0.07766	0.07585	0.10387	0.02141	0.02186	0.04342	0.02696	0.27716	0.03081	0.03062	0.02081	0.01213	0.01034	0.00349	0.01108	0.00966	0.00967	0.01672
6	0.02705	0.14097	0.34962	0.03096	0.04495	0.02854	0.09840	0.03723	0.02482	0.08300	0.02214	0.02515	0.01599	0.01066	0.01055	0.00340	0.01553	0.00892	0.00578	0.01632
7	0.01467	0.01020	0.01278	0.01445	0.01487	0.00978	0.00914	0.01592	0.01968	0.02624	0.05247	0.40862	0.06237	0.24021	0.02982	0.00685	0.00811	0.02637	0.00914	0.00831
8	0.68395	0.02177	0.01654	0.01480	0.02177	0.02525	0.01219	0.03309	0.01915	0.05050	0.01567	0.01828	0.01219	0.01045	0.00697	0.00348	0.00871	0.00609	0.00697	0.01219
9	0.02575	0.06657	0.03408	0.33983	0.05678	0.02749	0.02644	0.03510	0.08553	0.07436	0.02432	0.03058	0.01850	0.01305	0.01455	0.00380	0.09271	0.01014	0.00656	0.01387
10	0.03531	0.02438	0.04197	0.13561	0.09103	0.02412	0.16435	0.08024	0.02992	0.21184	0.02993	0.03253	0.02065	0.01173	0.01188	0.00360	0.01396	0.01145	0.00886	0.01662
11	0.01473	0.01052	0.01423	0.01684	0.01793	0.01002	0.01222	0.01743	0.02255	0.02987	0.06147	0.48893	0.07222	0.03430	0.01464	0.00471	0.00741	0.13012	0.01043	0.00942
12	0.05050	0.01915	0.02612	0.02003	0.02873	0.01654	0.01654	0.05485	0.03221	0.54203	0.04440	0.03831	0.02786	0.01393	0.01132	0.00348	0.00958	0.01132	0.01393	0.01915
13	0.02108	0.01979	0.03348	0.27785	0.11521	0.02254	0.07059	0.02689	0.02261	0.03034	0.03014	0.16659	0.02993	0.01747	0.01441	0.00400	0.06237	0.01563	0.00645	0.01261
14	0.01814	0.01296	0.01814	0.02073	0.02332	0.01296	0.01814	0.02332	0.02591	0.03368	0.05959	0.12696	0.06478	0.03109	0.01555	0.00518	0.01036	0.45848	0.01036	0.01036
15	0.02462	0.02462	0.03447	0.02955	0.02955	0.03447	0.02462	0.02709	0.01724	0.02709	0.01477	0.02462	0.01477	0.01970	0.03694	0.00492	0.58385	0.00985	0.00492	0.01231
16	0.02505	0.01467	0.01853	0.01796	0.02137	0.01419	0.01318	0.09039	0.02803	0.13630	0.05367	0.40705	0.05752	0.02801	0.01333	0.00419	0.00795	0.02486	0.01125	0.01252
17	0.05050	0.01915	0.02612	0.02003	0.02873	0.01654	0.01654	0.05485	0.03221	0.54203	0.04440	0.03831	0.02786	0.01393	0.01132	0.00348	0.00958	0.01132	0.01393	0.01915
18	0.02873	0.03244	0.19953	0.02965	0.09797	0.02159	0.02627	0.04038	0.09739	0.14658	0.12266	0.04108	0.03740	0.01422	0.01147	0.00355	0.01153	0.01202	0.00917	0.01638
19	0.02205	0.01890	0.02181	0.01600	0.02521	0.01430	0.01272	0.02678	0.02364	0.03587	0.03204	0.03422	0.08234	0.01092	0.00897	0.00194	0.00800	0.00886	0.00715	0.58829
20	0.03392	0.10147	0.04372	0.04099	0.19762	0.02913	0.09314	0.11548	0.07203	0.12021	0.02733	0.02964	0.02045	0.01151	0.01103	0.00336	0.01289	0.01043	0.00821	0.01743

[dist]
# distance from previous block
# <min> <max>
1	6

[block]
# block no. 5 follows, 11 sequences, length 19
# corresponding to MSA columns:
# 296-314
name=unknown_F
#
# <colnr> <probs for GDERKNQSTAVLIFYWHMCP>
#	G	D	E	R	K	N	Q	S	T	A	V	L	I	F	Y	W	H	M	C	P
0	0.04252	0.11462	0.03725	0.02792	0.08775	0.02321	0.06355	0.04749	0.02948	0.35709	0.03525	0.03320	0.02362	0.01240	0.01084	0.00333	0.01127	0.01052	0.01079	0.01789
1	0.60311	0.02622	0.08127	0.01691	0.02506	0.02536	0.01578	0.03340	0.01972	0.04868	0.01623	0.01895	0.01244	0.01048	0.00742	0.00349	0.00968	0.00637	0.00669	0.01273
2	0.02363	0.02662	0.10126	0.08816	0.21112	0.02280	0.10560	0.03119	0.02538	0.03497	0.03241	0.05680	0.03071	0.01625	0.01273	0.00401	0.01395	0.14093	0.00684	0.01464
3	0.01637	0.01091	0.01228	0.01228	0.01228	0.01091	0.00682	0.01637	0.01637	0.02182	0.03546	0.07365	0.04092	0.60445	0.05729	0.01091	0.01091	0.01637	0.00682	0.00682
4	0.68395	0.02177	0.01654	0.01480	0.02177	0.02525	0.01219	0.03309	0.01915	0.05050	0.01567	0.01828	0.01219	0.01045	0.00697	0.00348	0.00871	0.00609	0.00697	0.01219
5	0.01637	0.01091	0.01228	0.01228	0.01228	0.01091	0.00682	0.01637	0.01637	0.02182	0.03546	0.07365	0.04092	0.60445	0.05729	0.01091	0.01091	0.01637	0.00682	0.00682
6	0.02918	0.02982	0.14632	0.02253	0.03246	0.02163	0.02172	0.07938	0.12173	0.11882	0.07409	0.03494	0.02929	0.01279	0.01062	0.00311	0.01065	0.01042	0.00913	0.18137
7	0.01685	0.01132	0.01421	0.01349	0.01614	0.01060	0.01012	0.02215	0.03035	0.04455	0.43836	0.07637	0.09205	0.02120	0.01229	0.00337	0.00530	0.01855	0.13214	0.01060
8	0.03495	0.38441	0.04796	0.02322	0.03129	0.25391	0.02027	0.03828	0.02654	0.02691	0.01636	0.01897	0.01447	0.01043	0.00841	0.00261	0.01540	0.00652	0.00522	0.01388
9	0.04204	0.05364	0.03190	0.02900	0.03480	0.55926	0.02175	0.04494	0.03190	0.02755	0.01740	0.02030	0.01450	0.01160	0.01015	0.00290	0.02030	0.00725	0.00580	0.01305
10	0.02800	0.02418	0.02545	0.02291	0.02927	0.02800	0.01782	0.05981	0.51390	0.04708	0.04581	0.04199	0.03436	0.01527	0.01145	0.00382	0.00891	0.01273	0.01145	0.01782
11	0.01404	0.01131	0.01131	0.01131	0.01500	0.00960	0.00849	0.01712	0.02546	0.03152	0.10659	0.10194	0.48151	0.02702	0.01278	0.00369	0.00566	0.02248	0.07358	0.00960
12	0.68395	0.02177	0.01654	0.01480	0.02177	0.02525	0.01219	0.03309	0.01915	0.05050	0.01567	0.01828	0.01219	0.01045	0.00697	0.00348	0.00871	0.00609	0.00697	0.01219
13	0.36092	0.13700	0.14858	0.02005	0.02990	0.02827	0.02068	0.03552	0.02194	0.08153	0.01900	0.02110	0.01432	0.01063	0.00823	0.00331	0.01123	0.00701	0.00661	0.01419
14	0.02802	0.02368	0.02493	0.02211	0.02849	0.02692	0.01729	0.09714	0.42455	0.04778	0.05041	0.04678	0.07923	0.01634	0.01161	0.00377	0.00894	0.01351	0.01134	0.01716
15	0.02311	0.02001	0.02450	0.07899	0.03232	0.01612	0.01533	0.02839	0.02325	0.03580	0.02001	0.02408	0.01649	0.00866	0.00866	0.00190	0.00908	0.00704	0.00648	0.59982
16	0.02657	0.03036	0.06641	0.04744	0.05882	0.02846	0.49336	0.03605	0.02657	0.03605	0.02277	0.03036	0.01708	0.00949	0.01328	0.00380	0.01898	0.01328	0.00569	0.01518
17	0.02815	0.02070	0.02651	0.02360	0.08903	0.01668	0.01643	0.03326	0.02501	0.11600	0.02398	0.02624	0.01857	0.00942	0.00915	0.00216	0.00915	0.00781	0.00767	0.49049
18	0.04204	0.05364	0.03190	0.02900	0.03480	0.55926	0.02175	0.04494	0.03190	0.02755	0.01740	0.02030	0.01450	0.01160	0.01015	0.00290	0.02030	0.00725	0.00580	0.01305

[dist]
# distance from previous block
# <min> <max>
0	1

[block]
# block no. 6 follows, 11 sequences, length 36
# corresponding to MSA columns:
# 316-351
name=unknown_G
#
# <colnr> <probs for GDERKNQSTAVLIFYWHMCP>
#	G	D	E	R	K	N	Q	S	T	A	V	L	I	F	Y	W	H	M	C	P
0	0.23924	0.02888	0.13731	0.02005	0.03033	0.02101	0.01976	0.03593	0.02359	0.12584	0.02276	0.02433	0.01658	0.01047	0.00892	0.00297	0.01050	0.00763	0.00756	0.20633
1	0.01937	0.01019	0.01512	0.01546	0.01580	0.01019	0.01087	0.01580	0.01614	0.02140	0.02480	0.04637	0.02548	0.03805	0.04026	0.58509	0.00985	0.06857	0.00561	0.00561
2	0.07391	0.02236	0.06732	0.02192	0.02761	0.02126	0.01920	0.07209	0.18555	0.04187	0.04608	0.11613	0.04387	0.02163	0.01271	0.00428	0.01013	0.16803	0.01004	0.01403
3	0.09077	0.34301	0.04717	0.02728	0.09593	0.08402	0.02119	0.10712	0.02839	0.03700	0.01830	0.02096	0.01543	0.01053	0.00860	0.00282	0.01269	0.00730	0.00620	0.01530
4	0.10938	0.49076	0.09641	0.01984	0.02975	0.04057	0.02035	0.03380	0.02249	0.03022	0.01605	0.01858	0.01415	0.00982	0.00749	0.00264	0.01203	0.00623	0.00507	0.01436
5	0.01955	0.00978	0.01466	0.01466	0.01466	0.00978	0.00978	0.01466	0.01466	0.01955	0.01955	0.03421	0.01955	0.03910	0.04399	0.67253	0.00978	0.00978	0.00489	0.00489
6	0.01653	0.01742	0.08439	0.01669	0.02093	0.01247	0.01466	0.02245	0.02954	0.04189	0.40472	0.13890	0.09027	0.02289	0.01307	0.00367	0.00694	0.02020	0.01115	0.01123
7	0.02947	0.08926	0.18707	0.07509	0.04089	0.07273	0.06186	0.04056	0.09062	0.11043	0.06736	0.03335	0.02658	0.01270	0.01097	0.00345	0.01361	0.01052	0.00779	0.01569
8	0.01637	0.01091	0.01228	0.01228	0.01228	0.01091	0.00682	0.01637	0.01637	0.02182	0.03546	0.07365	0.04092	0.60445	0.05729	0.01091	0.01091	0.01637	0.00682	0.00682
9	0.01671	0.01065	0.01402	0.01443	0.01488	0.01090	0.00940	0.01648	0.01704	0.02308	0.03464	0.14001	0.03849	0.28168	0.13512	0.17876	0.01331	0.01638	0.00676	0.00726
10	0.01999	0.01812	0.02974	0.46098	0.06492	0.02192	0.02697	0.02678	0.02366	0.03090	0.08979	0.08012	0.03146	0.01461	0.01175	0.00379	0.01309	0.01303	0.00638	0.01200
11	0.02536	0.26280	0.36591	0.02734	0.04138	0.03294	0.03333	0.03493	0.02343	0.03225	0.01851	0.02165	0.01433	0.01030	0.00941	0.00314	0.01493	0.00747	0.00478	0.01582
12	0.02641	0.02454	0.03925	0.26821	0.15319	0.02847	0.07206	0.09162	0.02664	0.03628	0.02058	0.02836	0.01626	0.01249	0.01551	0.00381	0.10537	0.01030	0.00599	0.01465
13	0.02126	0.02001	0.03376	0.57739	0.07752	0.02501	0.03126	0.02876	0.02251	0.02876	0.02001	0.03001	0.01500	0.01125	0.01125	0.00375	0.01500	0.01000	0.00500	0.01250
14	0.01365	0.01004	0.01281	0.01502	0.01615	0.00920	0.01016	0.01575	0.02217	0.02899	0.06994	0.52279	0.14365	0.03423	0.01420	0.00445	0.00640	0.03074	0.01045	0.00920
15	0.08280	0.01734	0.02572	0.29726	0.04972	0.01987	0.02301	0.02831	0.02349	0.07052	0.03497	0.12349	0.03358	0.01854	0.01214	0.00410	0.01197	0.10341	0.00766	0.01210
16	0.02426	0.02330	0.03128	0.02586	0.02872	0.02889	0.02139	0.02745	0.01899	0.02984	0.01627	0.02426	0.01532	0.01644	0.02874	0.00399	0.41884	0.00894	0.00542	0.20182
17	0.02553	0.02823	0.06051	0.04417	0.05448	0.02657	0.43525	0.03450	0.02649	0.03576	0.02727	0.04217	0.02291	0.01213	0.01356	0.00396	0.01792	0.06772	0.00626	0.01459
18	0.01366	0.00999	0.01286	0.01515	0.01619	0.00919	0.01022	0.01573	0.02205	0.02894	0.06839	0.53734	0.13010	0.03444	0.01424	0.00448	0.00643	0.03099	0.01045	0.00919
19	0.02954	0.08646	0.03959	0.17510	0.22355	0.09402	0.02804	0.07749	0.07050	0.03660	0.02255	0.02765	0.01796	0.01125	0.01070	0.00334	0.01401	0.00953	0.00640	0.01573
20	0.01465	0.01046	0.01413	0.01674	0.01780	0.00995	0.01207	0.01729	0.02247	0.02978	0.06152	0.49781	0.07240	0.03438	0.01462	0.00470	0.00734	0.12206	0.01043	0.00940
21	0.04113	0.02220	0.02665	0.02156	0.02916	0.02238	0.01738	0.16372	0.11709	0.28897	0.04198	0.09140	0.03135	0.01616	0.01163	0.00362	0.00987	0.01330	0.01249	0.01794
22	0.31293	0.02369	0.02557	0.24446	0.04602	0.07184	0.02108	0.03395	0.02258	0.07499	0.01965	0.02465	0.01466	0.01113	0.00930	0.00354	0.01235	0.00816	0.00657	0.01289
23	0.03200	0.52235	0.05466	0.02081	0.02983	0.12658	0.01966	0.03549	0.02431	0.02665	0.01593	0.01841	0.01445	0.00994	0.00769	0.00249	0.01335	0.00621	0.00497	0.01422
24	0.04036	0.02941	0.03083	0.02750	0.07596	0.09649	0.02035	0.25459	0.04066	0.16274	0.03709	0.03619	0.06730	0.01442	0.01130	0.00337	0.01227	0.01126	0.01056	0.01734
25	0.02438	0.02736	0.10122	0.27010	0.15231	0.02623	0.02998	0.03838	0.14319	0.03572	0.02656	0.03169	0.02019	0.01192	0.01121	0.00366	0.01341	0.01045	0.00666	0.01539
26	0.01415	0.01011	0.01356	0.01617	0.01702	0.00952	0.01121	0.01643	0.02198	0.02922	0.06179	0.55055	0.07348	0.03485	0.01448	0.00463	0.00691	0.07422	0.01044	0.00926
27	0.03062	0.03077	0.04251	0.10389	0.09532	0.11226	0.16433	0.11311	0.06809	0.04027	0.02682	0.03654	0.02196	0.01293	0.01203	0.00365	0.01561	0.04672	0.00734	0.01524
28	0.02548	0.03544	0.22415	0.23984	0.05926	0.02513	0.10720	0.03500	0.02457	0.08324	0.02293	0.02862	0.01634	0.01103	0.01138	0.00366	0.01569	0.01004	0.00591	0.01509
29	0.01468	0.01054	0.01438	0.01675	0.01785	0.01024	0.01208	0.01737	0.02197	0.02933	0.05869	0.46690	0.06855	0.03908	0.06474	0.00592	0.00935	0.10214	0.01003	0.00943
30	0.44281	0.02077	0.02019	0.01679	0.02442	0.02193	0.01385	0.04137	0.02413	0.23761	0.02661	0.02591	0.01816	0.01177	0.00862	0.00348	0.00904	0.00808	0.00962	0.01484
31	0.02521	0.22055	0.35320	0.02977	0.04380	0.03186	0.07965	0.03511	0.02377	0.03295	0.01909	0.02271	0.01459	0.01026	0.00991	0.00324	0.01549	0.00812	0.00486	0.01584
32	0.02700	0.02825	0.10473	0.09179	0.21683	0.02285	0.06897	0.03423	0.02509	0.07428	0.02255	0.02737	0.01750	0.01004	0.01057	0.00303	0.01286	0.00932	0.00634	0.18641
33	0.01483	0.01066	0.01406	0.01491	0.01657	0.00989	0.01053	0.01848	0.02675	0.03700	0.29719	0.33837	0.09046	0.02908	0.01382	0.00405	0.00591	0.02613	0.01143	0.00989
34	0.02040	0.01172	0.01445	0.01478	0.01761	0.01086	0.01104	0.02407	0.02504	0.09646	0.09612	0.25546	0.11940	0.02534	0.01237	0.00386	0.00674	0.06031	0.16303	0.01095
35	0.03030	0.16243	0.18215	0.11227	0.04250	0.02813	0.02667	0.07356	0.02705	0.11856	0.02366	0.02611	0.01726	0.01109	0.00995	0.00314	0.01309	0.00856	0.00701	0.07650

[dist]
# distance from previous block
# <min> <max>
0	2

[block]
# block no. 7 follows, 11 sequences, length 9
# corresponding to MSA columns:
# 354-362
name=unknown_H
#
# <colnr> <probs for GDERKNQSTAVLIFYWHMCP>
#	G	D	E	R	K	N	Q	S	T	A	V	L	I	F	Y	W	H	M	C	P
0	0.03366	0.03304	0.03302	0.21527	0.08690	0.21908	0.02546	0.03857	0.02707	0.09981	0.02209	0.02701	0.01680	0.01236	0.01300	0.00347	0.06365	0.00917	0.00656	0.01402
1	0.01788	0.01118	0.01503	0.01648	0.01830	0.01039	0.01187	0.02073	0.02402	0.07932	0.10491	0.44424	0.07205	0.03162	0.01410	0.00444	0.00711	0.07500	0.01095	0.01036
2	0.09750	0.12482	0.14035	0.02083	0.03178	0.02471	0.02076	0.06526	0.02504	0.03880	0.01938	0.02229	0.01549	0.00965	0.00872	0.00251	0.01103	0.00710	0.00633	0.30763
3	0.02621	0.03127	0.15523	0.08622	0.03957	0.02568	0.05987	0.13340	0.06245	0.04062	0.02879	0.08655	0.02563	0.07923	0.01873	0.00459	0.06105	0.01281	0.00752	0.01458
4	0.01798	0.01198	0.01661	0.01726	0.01813	0.01275	0.01286	0.01849	0.01909	0.02569	0.03825	0.14373	0.04196	0.12498	0.07467	0.21463	0.05287	0.12261	0.00740	0.00806
5	0.01598	0.01075	0.01239	0.01277	0.01287	0.01065	0.00735	0.01627	0.01712	0.02283	0.03933	0.14987	0.04580	0.52157	0.05104	0.00999	0.01027	0.01864	0.00735	0.00716
6	0.02702	0.08013	0.27681	0.11184	0.09392	0.02648	0.03256	0.03910	0.07790	0.09006	0.02535	0.02822	0.01838	0.01148	0.01073	0.00351	0.01416	0.00937	0.00659	0.01640
7	0.38688	0.08511	0.02393	0.01643	0.02455	0.02400	0.01382	0.03536	0.02231	0.11666	0.02073	0.02220	0.01562	0.01044	0.00790	0.00300	0.00912	0.00696	0.00769	0.14729
8	0.02365	0.01274	0.01514	0.01410	0.01819	0.01134	0.01071	0.02736	0.02653	0.15087	0.10466	0.15766	0.20661	0.02275	0.01192	0.00360	0.00661	0.01932	0.14431	0.01194

[dist]
# distance from previous block
# <min> <max>
0	2

[block]
# block no. 8 follows, 11 sequences, length 19
# corresponding to MSA columns:
# 365-383
name=unknown_I
#
# <colnr> <probs for GDERKNQSTAVLIFYWHMCP>
#	G	D	E	R	K	N	Q	S	T	A	V	L	I	F	Y	W	H	M	C	P
0	0.03013	0.09067	0.23681	0.02830	0.04042	0.06976	0.07269	0.09603	0.02898	0.07978	0.02263	0.02516	0.01662	0.01086	0.01040	0.00314	0.01449	0.00876	0.00677	0.10762
1	0.01461	0.01145	0.01321	0.01277	0.01600	0.01006	0.00958	0.01868	0.02873	0.03771	0.31947	0.09630	0.31966	0.02578	0.01329	0.00367	0.00551	0.02207	0.01141	0.01006
2	0.02456	0.02338	0.03973	0.32299	0.30611	0.02588	0.03290	0.03165	0.02407	0.03277	0.02059	0.02893	0.01642	0.01064	0.01120	0.00355	0.01419	0.01002	0.00529	0.01517
3	0.02334	0.02001	0.02334	0.01667	0.02667	0.01500	0.01334	0.02834	0.02334	0.03668	0.02001	0.02334	0.01667	0.00834	0.00834	0.00167	0.00834	0.00667	0.00667	0.67325
4	0.03976	0.02861	0.03055	0.02376	0.03188	0.03152	0.01952	0.43145	0.04885	0.06692	0.02837	0.02909	0.02049	0.01346	0.01079	0.00327	0.01139	0.01018	0.10220	0.01794
5	0.01404	0.01115	0.01260	0.01283	0.01580	0.00972	0.00940	0.01735	0.02652	0.03384	0.20968	0.18553	0.34521	0.02827	0.01348	0.00387	0.00574	0.02430	0.01094	0.00972
6	0.01371	0.00979	0.01306	0.01567	0.01632	0.00914	0.01045	0.01567	0.02155	0.02873	0.06203	0.59710	0.07444	0.03526	0.01437	0.00457	0.00653	0.03200	0.01045	0.00914
7	0.02462	0.02462	0.03447	0.02955	0.02955	0.03447	0.02462	0.02709	0.01724	0.02709	0.01477	0.02462	0.01477	0.01970	0.03694	0.00492	0.58385	0.00985	0.00492	0.01231
8	0.68395	0.02177	0.01654	0.01480	0.02177	0.02525	0.01219	0.03309	0.01915	0.05050	0.01567	0.01828	0.01219	0.01045	0.00697	0.00348	0.00871	0.00609	0.00697	0.01219
9	0.03009	0.61122	0.05898	0.01926	0.02889	0.04454	0.01926	0.03370	0.02287	0.02648	0.01565	0.01805	0.01444	0.00963	0.00722	0.00241	0.01204	0.00602	0.00481	0.01444
10	0.01371	0.00979	0.01306	0.01567	0.01632	0.00914	0.01045	0.01567	0.02155	0.02873	0.06203	0.59710	0.07444	0.03526	0.01437	0.00457	0.00653	0.03200	0.01045	0.00914
11	0.01955	0.00978	0.01466	0.01466	0.01466	0.00978	0.00978	0.01466	0.01466	0.01955	0.01955	0.03421	0.01955	0.03910	0.04399	0.67253	0.00978	0.00978	0.00489	0.00489
12	0.04279	0.03153	0.03378	0.02590	0.03490	0.03490	0.02139	0.49671	0.05292	0.07093	0.02702	0.02702	0.01914	0.01351	0.01126	0.00338	0.01239	0.01013	0.01126	0.01914
13	0.68395	0.02177	0.01654	0.01480	0.02177	0.02525	0.01219	0.03309	0.01915	0.05050	0.01567	0.01828	0.01219	0.01045	0.00697	0.00348	0.00871	0.00609	0.00697	0.01219
14	0.04204	0.05364	0.03190	0.02900	0.03480	0.55926	0.02175	0.04494	0.03190	0.02755	0.01740	0.02030	0.01450	0.01160	0.01015	0.00290	0.02030	0.00725	0.00580	0.01305
15	0.01431	0.01163	0.01280	0.01305	0.01654	0.01012	0.01015	0.01780	0.02649	0.03275	0.15969	0.10779	0.41079	0.02816	0.01361	0.00396	0.00630	0.08361	0.01069	0.00976
16	0.34824	0.02303	0.02323	0.01881	0.02676	0.02457	0.01552	0.13881	0.03046	0.20924	0.02712	0.02644	0.01859	0.01220	0.00925	0.00346	0.00976	0.00860	0.01007	0.01586
17	0.10276	0.02261	0.02597	0.02121	0.02903	0.02343	0.01716	0.11113	0.18900	0.27491	0.03988	0.03613	0.02734	0.01398	0.01094	0.00358	0.00964	0.01112	0.01212	0.01806
18	0.02008	0.01394	0.01682	0.01516	0.01863	0.01372	0.01162	0.08301	0.03342	0.04801	0.39572	0.07090	0.08429	0.02042	0.01227	0.00339	0.00621	0.01767	0.10303	0.01170

[dist]
# distance from previous block
# <min> <max>
0	2

[block]
# block no. 9 follows, 11 sequences, length 32
# corresponding to MSA columns:
# 386-411,415-420
name=unknown_J
#
# <colnr> <probs for GDERKNQSTAVLIFYWHMCP>
#	G	D	E	R	K	N	Q	S	T	A	V	L	I	F	Y	W	H	M	C	P
0	0.32353	0.21616	0.03260	0.01780	0.02574	0.03108	0.01565	0.03879	0.08325	0.09119	0.02228	0.02316	0.01726	0.01113	0.00804	0.00317	0.00992	0.00742	0.00751	0.01433
1	0.51383	0.07239	0.06518	0.01768	0.02586	0.02781	0.01609	0.07960	0.02320	0.04941	0.01717	0.01959	0.01323	0.01071	0.00772	0.00339	0.00999	0.00667	0.00704	0.01343
2	0.02399	0.03764	0.24008	0.18281	0.18681	0.02621	0.07577	0.03362	0.02418	0.03422	0.02063	0.02702	0.01565	0.01056	0.01118	0.00357	0.01554	0.00963	0.00512	0.01577
3	0.02632	0.01882	0.02277	0.01688	0.02567	0.01465	0.01336	0.03020	0.02353	0.09777	0.02299	0.02635	0.01837	0.01227	0.01246	0.07243	0.00864	0.00757	0.00738	0.52158
4	0.03131	0.02279	0.02479	0.02049	0.02672	0.02481	0.01640	0.25160	0.11821	0.05705	0.13533	0.04366	0.04118	0.01570	0.01116	0.00336	0.00920	0.01272	0.11775	0.01576
5	0.01922	0.01376	0.01525	0.01418	0.01856	0.01269	0.01086	0.02628	0.08819	0.08486	0.17466	0.08883	0.34173	0.02444	0.01287	0.00372	0.00640	0.02055	0.01127	0.01168
6	0.01605	0.01094	0.01308	0.01336	0.01368	0.01112	0.00810	0.01676	0.01713	0.02309	0.03760	0.12503	0.04285	0.47988	0.11532	0.01114	0.01285	0.01747	0.00710	0.00747
7	0.03009	0.61122	0.05898	0.01926	0.02889	0.04454	0.01926	0.03370	0.02287	0.02648	0.01565	0.01805	0.01444	0.00963	0.00722	0.00241	0.01204	0.00602	0.00481	0.01444
8	0.02334	0.02001	0.02334	0.01667	0.02667	0.01500	0.01334	0.02834	0.02334	0.03668	0.02001	0.02334	0.01667	0.00834	0.00834	0.00167	0.00834	0.00667	0.00667	0.67325
9	0.05050	0.01915	0.02612	0.02003	0.02873	0.01654	0.01654	0.05485	0.03221	0.54203	0.04440	0.03831	0.02786	0.01393	0.01132	0.00348	0.00958	0.01132	0.01393	0.01915
10	0.02215	0.01673	0.01856	0.01715	0.02139	0.01804	0.01314	0.03881	0.23682	0.04531	0.21983	0.05733	0.05941	0.01765	0.01138	0.00347	0.00684	0.01504	0.14729	0.01368
11	0.01608	0.01206	0.01809	0.01809	0.02010	0.01407	0.01407	0.02010	0.01809	0.02613	0.03015	0.04422	0.02814	0.08441	0.55984	0.01809	0.03015	0.01206	0.00603	0.01005
12	0.01608	0.01206	0.01809	0.01809	0.02010	0.01407	0.01407	0.02010	0.01809	0.02613	0.03015	0.04422	0.02814	0.08441	0.55984	0.01809	0.03015	0.01206	0.00603	0.01005
13	0.68395	0.02177	0.01654	0.01480	0.02177	0.02525	0.01219	0.03309	0.01915	0.05050	0.01567	0.01828	0.01219	0.01045	0.00697	0.00348	0.00871	0.00609	0.00697	0.01219
14	0.02462	0.02462	0.03447	0.02955	0.02955	0.03447	0.02462	0.02709	0.01724	0.02709	0.01477	0.02462	0.01477	0.01970	0.03694	0.00492	0.58385	0.00985	0.00492	0.01231
15	0.03004	0.02542	0.03366	0.02810	0.03045	0.03307	0.02337	0.11415	0.02491	0.07745	0.01943	0.02619	0.01664	0.01811	0.03019	0.00453	0.43335	0.01002	0.00681	0.01411
16	0.02257	0.05822	0.54613	0.03208	0.04871	0.02614	0.04158	0.03564	0.02376	0.03564	0.02020	0.02376	0.01426	0.01069	0.01069	0.00356	0.01663	0.00832	0.00475	0.01663
17	0.05050	0.01915	0.02612	0.02003	0.02873	0.01654	0.01654	0.05485	0.03221	0.54203	0.04440	0.03831	0.02786	0.01393	0.01132	0.00348	0.00958	0.01132	0.01393	0.01915
18	0.02321	0.10483	0.50507	0.03100	0.04704	0.02769	0.03970	0.03548	0.02369	0.03487	0.01981	0.02328	0.01427	0.01060	0.01040	0.00347	0.01625	0.00812	0.00476	0.01645
19	0.01754	0.01049	0.01316	0.01316	0.01316	0.01049	0.00791	0.01574	0.01574	0.02099	0.02959	0.05910	0.03304	0.39589	0.05238	0.25498	0.01049	0.01394	0.00611	0.00611
20	0.68395	0.02177	0.01654	0.01480	0.02177	0.02525	0.01219	0.03309	0.01915	0.05050	0.01567	0.01828	0.01219	0.01045	0.00697	0.00348	0.00871	0.00609	0.00697	0.01219
21	0.01814	0.01296	0.01814	0.02073	0.02332	0.01296	0.01814	0.02332	0.02591	0.03368	0.05959	0.12696	0.06478	0.03109	0.01555	0.00518	0.01036	0.45848	0.01036	0.01036
22	0.04108	0.03140	0.03721	0.02816	0.03742	0.03423	0.07102	0.44827	0.05015	0.06727	0.02658	0.02737	0.01892	0.01309	0.01147	0.00342	0.01308	0.01046	0.01067	0.01872
23	0.01955	0.00978	0.01466	0.01466	0.01466	0.00978	0.00978	0.01466	0.01466	0.01955	0.01955	0.03421	0.01955	0.03910	0.04399	0.67253	0.00978	0.00978	0.00489	0.00489
24	0.02098	0.01049	0.01049	0.01049	0.01311	0.01049	0.00787	0.02623	0.02360	0.04196	0.03672	0.04196	0.02885	0.01311	0.00787	0.00262	0.00525	0.01049	0.66693	0.01049
25	0.05050	0.01915	0.02612	0.02003	0.02873	0.01654	0.01654	0.05485	0.03221	0.54203	0.04440	0.03831	0.02786	0.01393	0.01132	0.00348	0.00958	0.01132	0.01393	0.01915
26	0.61998	0.02274	0.01826	0.01591	0.02308	0.02621	0.01311	0.07934	0.02252	0.05254	0.01680	0.01916	0.01288	0.01075	0.00739	0.00347	0.00907	0.00650	0.00739	0.01288
27	0.01637	0.01091	0.01228	0.01228	0.01228	0.01091	0.00682	0.01637	0.01637	0.02182	0.03546	0.07365	0.04092	0.60445	0.05729	0.01091	0.01091	0.01637	0.00682	0.00682
28	0.14358	0.03121	0.02907	0.02388	0.03162	0.09720	0.01922	0.27702	0.13806	0.05740	0.02779	0.02780	0.02051	0.01313	0.01046	0.00342	0.01207	0.00964	0.00992	0.01699
29	0.20074	0.02784	0.09803	0.02637	0.03665	0.02272	0.14146	0.03478	0.02389	0.08334	0.02169	0.02516	0.01625	0.00997	0.00981	0.00309	0.01234	0.00884	0.00688	0.19016
30	0.04037	0.17822	0.03643	0.02427	0.07101	0.02628	0.01893	0.04814	0.08912	0.30087	0.03498	0.03250	0.02426	0.01263	0.01023	0.00323	0.01047	0.00997	0.01050	0.01762
31	0.01654	0.01111	0.01284	0.01310	0.01335	0.01111	0.00792	0.01704	0.01729	0.02298	0.03781	0.07883	0.04324	0.54878	0.05323	0.01036	0.01086	0.05929	0.00716	0.00716

[dist]
# distance from previous block
# <min> <max>
6	13

[block]
# block no. 10 follows, 11 sequences, length 37
# corresponding to MSA columns:
# 434-470
name=unknown_K
#
# <colnr> <probs for GDERKNQSTAVLIFYWHMCP>
#	G	D	E	R	K	N	Q	S	T	A	V	L	I	F	Y	W	H	M	C	P
0	0.50176	0.02104	0.01929	0.01744	0.02256	0.02521	0.01416	0.03028	0.01907	0.04424	0.02023	0.07826	0.01897	0.01457	0.01290	0.00384	0.10794	0.00938	0.00697	0.01190
1	0.01670	0.01079	0.01253	0.01253	0.01253	0.01079	0.00713	0.01619	0.01619	0.02159	0.03380	0.06953	0.03868	0.54533	0.05590	0.08009	0.01079	0.01568	0.00662	0.00662
2	0.02467	0.21262	0.41011	0.02850	0.04318	0.03128	0.03535	0.03510	0.02351	0.03309	0.01893	0.02217	0.01431	0.01040	0.00972	0.00324	0.01535	0.00768	0.00477	0.01602
3	0.02558	0.15296	0.27593	0.03289	0.04582	0.03044	0.15613	0.03765	0.07032	0.03508	0.02242	0.02615	0.01693	0.01060	0.01080	0.00343	0.01566	0.00962	0.00564	0.01594
4	0.02126	0.02001	0.03376	0.57739	0.07752	0.02501	0.03126	0.02876	0.02251	0.02876	0.02001	0.03001	0.01500	0.01125	0.01125	0.00375	0.01500	0.01000	0.00500	0.01250
5	0.03526	0.02087	0.03260	0.24038	0.13991	0.02162	0.02542	0.04123	0.02733	0.25476	0.03089	0.03324	0.02115	0.01220	0.01126	0.00356	0.01233	0.01058	0.00901	0.01639
6	0.02657	0.23779	0.09376	0.03880	0.18088	0.03167	0.10444	0.03280	0.02464	0.03225	0.02841	0.03225	0.06599	0.01165	0.01027	0.00315	0.01337	0.01033	0.00573	0.01526
7	0.01450	0.01067	0.01376	0.01593	0.01748	0.00993	0.01161	0.01722	0.02307	0.02996	0.07020	0.42547	0.14823	0.03334	0.01442	0.00456	0.00713	0.11264	0.01043	0.00944
8	0.01608	0.01206	0.01809	0.01809	0.02010	0.01407	0.01407	0.02010	0.01809	0.02613	0.03015	0.04422	0.02814	0.08441	0.55984	0.01809	0.03015	0.01206	0.00603	0.01005
9	0.02406	0.02593	0.08364	0.12411	0.09105	0.02445	0.11260	0.03874	0.16580	0.03725	0.03498	0.08783	0.03036	0.01560	0.01225	0.00391	0.01289	0.05165	0.00794	0.01497
10	0.01371	0.00979	0.01306	0.01567	0.01632	0.00914	0.01045	0.01567	0.02155	0.02873	0.06203	0.59710	0.07444	0.03526	0.01437	0.00457	0.00653	0.03200	0.01045	0.00914
11	0.01608	0.01206	0.01809	0.01809	0.02010	0.01407	0.01407	0.02010	0.01809	0.02613	0.03015	0.04422	0.02814	0.08441	0.55984	0.01809	0.03015	0.01206	0.00603	0.01005
12	0.02462	0.02462	0.03447	0.02955	0.02955	0.03447	0.02462	0.02709	0.01724	0.02709	0.01477	0.02462	0.01477	0.01970	0.03694	0.00492	0.58385	0.00985	0.00492	0.01231
13	0.01731	0.01445	0.02092	0.02505	0.10925	0.01492	0.01600	0.02145	0.02171	0.02930	0.05403	0.06079	0.17859	0.05433	0.29718	0.01115	0.01977	0.01525	0.00729	0.01125
14	0.01371	0.00979	0.01306	0.01567	0.01632	0.00914	0.01045	0.01567	0.02155	0.02873	0.06203	0.59710	0.07444	0.03526	0.01437	0.00457	0.00653	0.03200	0.01045	0.00914
15	0.04204	0.05364	0.03190	0.02900	0.03480	0.55926	0.02175	0.04494	0.03190	0.02755	0.01740	0.02030	0.01450	0.01160	0.01015	0.00290	0.02030	0.00725	0.00580	0.01305
16	0.02462	0.02462	0.03447	0.02955	0.02955	0.03447	0.02462	0.02709	0.01724	0.02709	0.01477	0.02462	0.01477	0.01970	0.03694	0.00492	0.58385	0.00985	0.00492	0.01231
17	0.01919	0.01240	0.01807	0.01788	0.02035	0.01350	0.01372	0.02290	0.02010	0.07904	0.03690	0.13549	0.03580	0.06908	0.41340	0.01436	0.02413	0.01530	0.00757	0.01082
18	0.03956	0.04964	0.03029	0.02759	0.03309	0.50715	0.02069	0.04269	0.03189	0.02922	0.06593	0.02636	0.02321	0.01268	0.01045	0.00296	0.01887	0.00849	0.00643	0.01282
19	0.01456	0.01040	0.01404	0.01664	0.01767	0.00988	0.01193	0.01714	0.02239	0.02968	0.06157	0.50669	0.07258	0.03446	0.01459	0.00469	0.00727	0.11401	0.01043	0.00938
20	0.01637	0.01091	0.01228	0.01228	0.01228	0.01091	0.00682	0.01637	0.01637	0.02182	0.03546	0.07365	0.04092	0.60445	0.05729	0.01091	0.01091	0.01637	0.00682	0.00682
21	0.68395	0.02177	0.01654	0.01480	0.02177	0.02525	0.01219	0.03309	0.01915	0.05050	0.01567	0.01828	0.01219	0.01045	0.00697	0.00348	0.00871	0.00609	0.00697	0.01219
22	0.39297	0.12125	0.02843	0.07632	0.03110	0.03013	0.01698	0.11447	0.02607	0.04784	0.01812	0.02101	0.01408	0.01094	0.00821	0.00331	0.01057	0.00720	0.00716	0.01382
23	0.56851	0.02352	0.01965	0.01680	0.02413	0.02699	0.01385	0.11656	0.02523	0.05418	0.01772	0.01986	0.01344	0.01100	0.00774	0.00346	0.00937	0.00682	0.00774	0.01344
24	0.01608	0.01206	0.01809	0.01809	0.02010	0.01407	0.01407	0.02010	0.01809	0.02613	0.03015	0.04422	0.02814	0.08441	0.55984	0.01809	0.03015	0.01206	0.00603	0.01005
25	0.02077	0.01921	0.02466	0.17143	0.08190	0.07238	0.01987	0.02506	0.02178	0.02794	0.03152	0.13708	0.03183	0.09654	0.15976	0.00827	0.01743	0.01480	0.00655	0.01121
26	0.32626	0.08780	0.02876	0.02027	0.02844	0.03162	0.01708	0.24235	0.03478	0.05721	0.02079	0.02220	0.01556	0.01174	0.00893	0.00332	0.01071	0.00791	0.00868	0.01556
27	0.02871	0.13230	0.05859	0.03840	0.04881	0.03181	0.32614	0.07742	0.07228	0.03836	0.02397	0.02896	0.01835	0.01038	0.01187	0.00352	0.01627	0.01168	0.00654	0.01563
28	0.03248	0.01387	0.01658	0.01421	0.01920	0.01285	0.01125	0.03738	0.02696	0.23681	0.03971	0.04054	0.02846	0.01343	0.00921	0.00296	0.00693	0.01081	0.41250	0.01387
29	0.02541	0.03197	0.21726	0.02573	0.03540	0.01934	0.07280	0.03382	0.02783	0.12218	0.16444	0.05305	0.04635	0.01639	0.01222	0.00373	0.01206	0.05635	0.00897	0.01468
30	0.21924	0.07744	0.02970	0.11859	0.03707	0.02912	0.01957	0.16074	0.08048	0.08889	0.02483	0.02668	0.01826	0.01210	0.00970	0.00344	0.01119	0.00895	0.00859	0.01544
31	0.01389	0.01110	0.01252	0.01351	0.01631	0.00974	0.01002	0.01672	0.02453	0.03025	0.09412	0.24741	0.35658	0.03065	0.01382	0.00415	0.00639	0.06837	0.01044	0.00948
32	0.01448	0.01034	0.01394	0.01655	0.01753	0.00980	0.01178	0.01699	0.02230	0.02959	0.06161	0.51581	0.07277	0.03454	0.01457	0.00468	0.00719	0.10574	0.01043	0.00935
33	0.02908	0.02621	0.04671	0.09861	0.27851	0.02620	0.15410	0.03844	0.06650	0.08414	0.02571	0.03086	0.01969	0.01079	0.01177	0.00355	0.01429	0.01124	0.00682	0.01678
34	0.07963	0.02716	0.08613	0.27417	0.05786	0.02698	0.11309	0.07670	0.07723	0.03827	0.02351	0.02950	0.01748	0.01143	0.01124	0.00369	0.01449	0.01042	0.00651	0.01452
