[name]
unknown

[dist]
# distance from previous block
# <min> <max>
0	28

[block]
# block no. 0 follows, 12 sequences, length 9
# corresponding to MSA columns:
# 32-40
name=unknown_A
#
# <colnr> <probs for GDERKNQSTAVLIFYWHMCP>
#	G	D	E	R	K	N	Q	S	T	A	V	L	I	F	Y	W	H	M	C	P
0	0.03447	0.02126	0.02560	0.02517	0.09024	0.07561	0.01745	0.03859	0.02662	0.25604	0.03506	0.09514	0.02820	0.02325	0.08326	0.00505	0.01296	0.01218	0.00958	0.08427
1	0.02963	0.16531	0.30841	0.02623	0.03885	0.02947	0.02986	0.11808	0.02856	0.09439	0.02230	0.02392	0.01607	0.01095	0.00982	0.00318	0.01375	0.00821	0.00665	0.01635
2	0.02861	0.09885	0.24365	0.11356	0.04642	0.02715	0.08181	0.09471	0.02754	0.10136	0.02307	0.02618	0.01645	0.01093	0.01051	0.00336	0.01431	0.00917	0.00662	0.01574
3	0.02683	0.16775	0.10771	0.17164	0.04773	0.03078	0.10200	0.09402	0.08058	0.03624	0.02236	0.02657	0.01714	0.01088	0.01026	0.00328	0.01373	0.00939	0.00630	0.01480
4	0.01693	0.01063	0.01376	0.01509	0.01692	0.00964	0.01050	0.01918	0.02246	0.08287	0.06481	0.48532	0.12821	0.03117	0.01348	0.00422	0.00653	0.02789	0.01047	0.00991
5	0.01750	0.01261	0.01736	0.13353	0.02796	0.01308	0.01391	0.02041	0.02099	0.05446	0.04954	0.24448	0.09967	0.17434	0.02358	0.00571	0.00936	0.04362	0.00832	0.00957
6	0.02983	0.10358	0.14849	0.16051	0.10918	0.02601	0.05638	0.06039	0.02610	0.14009	0.02435	0.02762	0.01751	0.01098	0.01042	0.00332	0.01335	0.00933	0.00695	0.01561
7	0.04183	0.01677	0.02241	0.01774	0.02484	0.01471	0.01445	0.04625	0.03030	0.43971	0.10404	0.04296	0.03647	0.01450	0.01085	0.00329	0.00833	0.01196	0.08189	0.01667
8	0.04075	0.01655	0.02160	0.01718	0.02428	0.01442	0.01399	0.04489	0.02936	0.42482	0.05078	0.04628	0.09370	0.01521	0.01080	0.00331	0.00828	0.01242	0.09508	0.01632

[dist]
# distance from previous block
# <min> <max>
0	2

[block]
# block no. 1 follows, 12 sequences, length 13
# corresponding to MSA columns:
# 43-55
name=unknown_B
#
# <colnr> <probs for GDERKNQSTAVLIFYWHMCP>
#	G	D	E	R	K	N	Q	S	T	A	V	L	I	F	Y	W	H	M	C	P
0	0.09892	0.10060	0.07245	0.02528	0.09073	0.02278	0.01972	0.06943	0.02862	0.25843	0.07827	0.03393	0.02830	0.01274	0.01016	0.00323	0.01026	0.01020	0.00975	0.01620
1	0.03821	0.02294	0.07600	0.02367	0.06849	0.01880	0.01909	0.08150	0.05834	0.33190	0.04657	0.04313	0.09178	0.01478	0.01115	0.00342	0.00990	0.01214	0.01126	0.01694
2	0.52969	0.09756	0.02289	0.01663	0.02354	0.09737	0.01383	0.03360	0.02058	0.04326	0.01539	0.01794	0.01236	0.01017	0.00717	0.00318	0.01027	0.00604	0.00635	0.01218
3	0.09166	0.48899	0.05158	0.02451	0.09488	0.03914	0.01993	0.03270	0.02216	0.02914	0.01585	0.01874	0.01421	0.00945	0.00747	0.00255	0.01152	0.00634	0.00496	0.01421
4	0.06411	0.01384	0.01712	0.01635	0.01933	0.01412	0.01240	0.02397	0.02359	0.11095	0.10543	0.25520	0.15946	0.02513	0.01532	0.00399	0.07771	0.02097	0.00995	0.01110
5	0.06435	0.13492	0.11249	0.07809	0.07520	0.02583	0.02235	0.09558	0.02829	0.10597	0.08548	0.03185	0.02726	0.01221	0.00995	0.00309	0.01125	0.00973	0.00779	0.05833
6	0.08200	0.10013	0.07889	0.01981	0.02702	0.02193	0.01754	0.04064	0.12546	0.19304	0.03853	0.14320	0.03283	0.01664	0.01066	0.00352	0.00950	0.01377	0.00982	0.01507
7	0.01519	0.01101	0.01354	0.01298	0.01514	0.01021	0.00924	0.01892	0.02687	0.03703	0.37784	0.08233	0.14657	0.15049	0.02201	0.00499	0.00636	0.01932	0.01060	0.00936
8	0.02884	0.06154	0.07972	0.03060	0.07552	0.02316	0.15479	0.09537	0.02888	0.12259	0.03950	0.09253	0.08696	0.01511	0.01169	0.00351	0.01238	0.01404	0.00837	0.01488
9	0.03184	0.02427	0.08454	0.23125	0.09000	0.02195	0.08278	0.03870	0.02594	0.21696	0.02817	0.03122	0.01932	0.01148	0.01110	0.00350	0.01315	0.01036	0.00801	0.01547
10	0.01323	0.00969	0.01244	0.01465	0.01567	0.00890	0.00988	0.01524	0.02139	0.02804	0.06658	0.54467	0.13295	0.03332	0.01378	0.00433	0.00622	0.02997	0.01012	0.00890
11	0.01422	0.01017	0.01207	0.01325	0.01517	0.00925	0.00931	0.01705	0.02320	0.03134	0.11709	0.34612	0.20570	0.02858	0.01276	0.00389	0.00583	0.02513	0.09062	0.00925
12	0.02874	0.11697	0.29046	0.09726	0.04392	0.02736	0.03051	0.09746	0.02747	0.10574	0.02291	0.02533	0.01627	0.01106	0.01014	0.00330	0.01391	0.00858	0.00663	0.01597

[dist]
# distance from previous block
# <min> <max>
1	6

[block]
# block no. 2 follows, 12 sequences, length 8
# corresponding to MSA columns:
# 62-69
name=unknown_C
#
# <colnr> <probs for GDERKNQSTAVLIFYWHMCP>
#	G	D	E	R	K	N	Q	S	T	A	V	L	I	F	Y	W	H	M	C	P
0	0.48375	0.07784	0.08657	0.07787	0.03055	0.02617	0.01778	0.03196	0.01975	0.04293	0.01615	0.01953	0.01253	0.01016	0.00764	0.00332	0.01028	0.00656	0.00611	0.01255
1	0.10889	0.01852	0.02263	0.01848	0.02550	0.01787	0.01493	0.04688	0.11044	0.34423	0.11398	0.04217	0.03758	0.01464	0.01082	0.00343	0.00847	0.01194	0.01217	0.01641
2	0.02760	0.50230	0.16459	0.02131	0.03209	0.03934	0.02328	0.03305	0.02234	0.02755	0.01610	0.01867	0.01395	0.00955	0.00771	0.00257	0.01261	0.00631	0.00465	0.01445
3	0.02105	0.01676	0.01999	0.01572	0.02221	0.01453	0.01244	0.02579	0.02367	0.03711	0.11567	0.03620	0.03350	0.01224	0.01102	0.00234	0.05294	0.00968	0.11597	0.40118
4	0.10648	0.09194	0.02633	0.01879	0.02525	0.02321	0.01537	0.10857	0.11368	0.15437	0.11659	0.08335	0.03933	0.01581	0.01056	0.00338	0.00886	0.01281	0.01039	0.01493
5	0.02069	0.01622	0.02062	0.01931	0.02137	0.01909	0.01487	0.07270	0.05305	0.03332	0.03575	0.19001	0.03660	0.06515	0.12042	0.00682	0.14370	0.01628	0.08282	0.01122
6	0.15234	0.02798	0.09993	0.13081	0.13004	0.02523	0.17684	0.03400	0.02359	0.06716	0.02102	0.02649	0.01574	0.01012	0.01065	0.00350	0.01419	0.00986	0.00599	0.01453
7	0.02733	0.39744	0.04624	0.11203	0.03569	0.03666	0.02024	0.03727	0.13035	0.03027	0.02208	0.02432	0.01820	0.01075	0.00850	0.00283	0.01148	0.00784	0.00607	0.01439

[dist]
# distance from previous block
# <min> <max>
0	1

[block]
# block no. 3 follows, 12 sequences, length 12
# corresponding to MSA columns:
# 71-82
name=unknown_D
#
# <colnr> <probs for GDERKNQSTAVLIFYWHMCP>
#	G	D	E	R	K	N	Q	S	T	A	V	L	I	F	Y	W	H	M	C	P
0	0.06580	0.03813	0.26659	0.17660	0.09689	0.02628	0.03248	0.10257	0.02674	0.03880	0.02031	0.02508	0.01489	0.01083	0.01040	0.00345	0.01435	0.00876	0.00579	0.01528
1	0.02963	0.15361	0.13141	0.10026	0.07758	0.20124	0.02641	0.03510	0.02456	0.02863	0.01730	0.02205	0.01432	0.01148	0.01263	0.00320	0.08404	0.00780	0.00504	0.01371
2	0.59827	0.02247	0.01847	0.01591	0.02295	0.02583	0.01311	0.10242	0.02335	0.05182	0.01679	0.01895	0.01279	0.01056	0.00736	0.00336	0.00896	0.00648	0.00736	0.01279
3	0.02464	0.01785	0.02738	0.02726	0.10253	0.01697	0.07804	0.03181	0.06461	0.12371	0.16405	0.06428	0.13187	0.01839	0.01232	0.00363	0.00941	0.05778	0.00991	0.01355
4	0.03104	0.02845	0.02845	0.02456	0.03012	0.09791	0.01950	0.13846	0.28901	0.04446	0.03240	0.03244	0.02486	0.01473	0.01502	0.00368	0.10882	0.01071	0.00932	0.01604
5	0.02845	0.01764	0.02059	0.01634	0.02357	0.01568	0.01299	0.03702	0.09873	0.15132	0.03195	0.03262	0.02377	0.01132	0.00904	0.00252	0.00772	0.00916	0.16528	0.28428
6	0.01328	0.00949	0.01265	0.01518	0.01581	0.00886	0.01012	0.01518	0.02088	0.02783	0.06010	0.60969	0.07212	0.03416	0.01392	0.00443	0.00633	0.03100	0.01012	0.00886
7	0.01862	0.01444	0.02021	0.02151	0.02360	0.01603	0.01862	0.02320	0.02370	0.03156	0.05049	0.10645	0.05467	0.02828	0.01852	0.00498	0.10796	0.39766	0.00916	0.01036
8	0.02107	0.01938	0.03023	0.11865	0.19274	0.02212	0.02352	0.02529	0.02126	0.02988	0.03117	0.20722	0.03318	0.01965	0.01761	0.00402	0.14744	0.01627	0.00663	0.01266
9	0.04804	0.01996	0.02617	0.02007	0.02854	0.01811	0.01658	0.10700	0.03356	0.49916	0.04104	0.03583	0.02600	0.01345	0.01096	0.00336	0.00960	0.01083	0.01319	0.01855
10	0.03833	0.01723	0.02112	0.01700	0.02348	0.01628	0.01378	0.10137	0.03091	0.32115	0.03839	0.03694	0.02625	0.01318	0.00983	0.00308	0.00820	0.01055	0.23722	0.01572
11	0.02843	0.09196	0.26177	0.09746	0.04263	0.02678	0.02977	0.06747	0.02529	0.12126	0.02288	0.02593	0.01649	0.01206	0.01324	0.00350	0.08219	0.00883	0.00656	0.01550

[dist]
# distance from previous block
# <min> <max>
0	1

[block]
# block no. 4 follows, 12 sequences, length 34
# corresponding to MSA columns:
# 84-117
name=unknown_E
#
# <colnr> <probs for GDERKNQSTAVLIFYWHMCP>
#	G	D	E	R	K	N	Q	S	T	A	V	L	I	F	Y	W	H	M	C	P
0	0.26178	0.02293	0.02818	0.07250	0.03295	0.02591	0.05633	0.10401	0.02614	0.13853	0.02266	0.02541	0.01659	0.01261	0.01364	0.00363	0.10505	0.00886	0.00801	0.01429
1	0.50588	0.02775	0.02050	0.01799	0.02473	0.12637	0.01444	0.08408	0.02423	0.04689	0.01663	0.01895	0.01292	0.01063	0.00775	0.00326	0.01087	0.00652	0.00697	0.01266
2	0.02980	0.07978	0.03316	0.02528	0.02894	0.07992	0.02102	0.14681	0.02738	0.03780	0.01929	0.02490	0.01644	0.01553	0.02252	0.00383	0.30194	0.00911	0.06291	0.01364
3	0.02452	0.07938	0.07000	0.01852	0.02452	0.01935	0.01598	0.03521	0.14647	0.11522	0.08855	0.15850	0.11968	0.01990	0.01155	0.00361	0.00851	0.01687	0.00999	0.01368
4	0.02832	0.07931	0.24885	0.02422	0.03538	0.02395	0.02607	0.07987	0.07777	0.11748	0.06524	0.03114	0.02511	0.01211	0.01029	0.00318	0.01203	0.00964	0.00789	0.08216
5	0.02566	0.01337	0.01664	0.01450	0.01922	0.01179	0.01134	0.02985	0.02871	0.20084	0.22840	0.07070	0.19326	0.02022	0.01186	0.00341	0.00654	0.01711	0.06399	0.01258
6	0.01560	0.01124	0.01489	0.01481	0.01723	0.01053	0.01140	0.02048	0.02922	0.04081	0.43144	0.12766	0.09434	0.02440	0.01328	0.00375	0.00599	0.09121	0.01156	0.01014
7	0.02719	0.14439	0.19746	0.11549	0.04785	0.02898	0.14064	0.07049	0.02598	0.06935	0.02137	0.02558	0.01582	0.01039	0.01049	0.00331	0.01482	0.00934	0.00593	0.01514
8	0.03321	0.01701	0.02275	0.01956	0.02475	0.01697	0.01586	0.07114	0.02839	0.27146	0.08524	0.10517	0.04019	0.02530	0.07013	0.00518	0.06031	0.06184	0.01098	0.01455
9	0.01328	0.00949	0.01265	0.01518	0.01581	0.00886	0.01012	0.01518	0.02088	0.02783	0.06010	0.60969	0.07212	0.03416	0.01392	0.00443	0.00633	0.03100	0.01012	0.00886
10	0.01328	0.00949	0.01265	0.01518	0.01581	0.00886	0.01012	0.01518	0.02088	0.02783	0.06010	0.60969	0.07212	0.03416	0.01392	0.00443	0.00633	0.03100	0.01012	0.00886
11	0.03266	0.07570	0.12963	0.08605	0.04419	0.02799	0.13662	0.16856	0.03249	0.12151	0.02516	0.02769	0.01782	0.01129	0.01098	0.00338	0.01398	0.01009	0.00792	0.01627
12	0.04492	0.02427	0.02771	0.02192	0.02946	0.07592	0.01791	0.12510	0.03332	0.38233	0.03541	0.03255	0.02333	0.01364	0.01278	0.00341	0.05671	0.01027	0.01160	0.01744
13	0.69383	0.02109	0.01603	0.01434	0.02109	0.02446	0.01181	0.03205	0.01856	0.04892	0.01518	0.01771	0.01181	0.01012	0.00675	0.00337	0.00843	0.00590	0.00675	0.01181
14	0.03763	0.01680	0.02169	0.01767	0.02419	0.01546	0.01422	0.04474	0.07947	0.35798	0.13438	0.04599	0.04168	0.01516	0.01098	0.00333	0.00802	0.01263	0.08196	0.01603
15	0.02255	0.01966	0.02461	0.12227	0.03508	0.01720	0.01642	0.02966	0.05779	0.03482	0.02112	0.02506	0.01705	0.00906	0.00881	0.00213	0.00930	0.00746	0.00649	0.51346
16	0.01894	0.00947	0.01420	0.01420	0.01420	0.00947	0.00947	0.01420	0.01420	0.01894	0.01894	0.03314	0.01894	0.03788	0.04261	0.68277	0.00947	0.00947	0.00473	0.00473
17	0.03545	0.04258	0.03086	0.02763	0.03199	0.39315	0.02133	0.04096	0.07736	0.02847	0.01901	0.02274	0.01603	0.01341	0.01599	0.00335	0.15265	0.00814	0.00597	0.01294
18	0.03575	0.18804	0.11343	0.02052	0.02955	0.02407	0.01979	0.04081	0.02643	0.27813	0.03366	0.08913	0.02615	0.01403	0.01010	0.00321	0.01065	0.01121	0.00940	0.01594
19	0.01898	0.01781	0.03325	0.02646	0.03161	0.01671	0.20437	0.02441	0.02499	0.03426	0.17411	0.18658	0.05561	0.07877	0.01733	0.00447	0.01112	0.01937	0.00849	0.01130
20	0.02915	0.62337	0.05714	0.01866	0.02799	0.04314	0.01866	0.03265	0.02215	0.02565	0.01516	0.01749	0.01399	0.00933	0.00700	0.00233	0.01166	0.00583	0.00466	0.01399
21	0.02699	0.18699	0.03769	0.10602	0.12339	0.06895	0.02177	0.06591	0.02437	0.03199	0.02082	0.02845	0.01825	0.05885	0.01553	0.00369	0.07302	0.00897	0.06494	0.01342
22	0.02493	0.24357	0.27672	0.02759	0.03872	0.03273	0.06535	0.03274	0.02203	0.03035	0.01750	0.02172	0.01415	0.01116	0.01301	0.00327	0.09721	0.00786	0.00472	0.01469
23	0.69383	0.02109	0.01603	0.01434	0.02109	0.02446	0.01181	0.03205	0.01856	0.04892	0.01518	0.01771	0.01181	0.01012	0.00675	0.00337	0.00843	0.00590	0.00675	0.01181
24	0.02367	0.13275	0.03246	0.02319	0.02603	0.07654	0.01938	0.02678	0.01922	0.02587	0.01946	0.02839	0.01837	0.03666	0.20033	0.00823	0.25650	0.00932	0.00517	0.01167
25	0.02388	0.01525	0.01575	0.01446	0.01845	0.01646	0.01117	0.07650	0.15085	0.04436	0.03692	0.03938	0.02844	0.01326	0.00877	0.00289	0.00657	0.01067	0.45333	0.01266
26	0.04892	0.01856	0.02530	0.01940	0.02783	0.01603	0.01603	0.05314	0.03121	0.55634	0.04302	0.03711	0.02699	0.01350	0.01096	0.00337	0.00928	0.01096	0.01350	0.01856
27	0.69383	0.02109	0.01603	0.01434	0.02109	0.02446	0.01181	0.03205	0.01856	0.04892	0.01518	0.01771	0.01181	0.01012	0.00675	0.00337	0.00843	0.00590	0.00675	0.01181
28	0.02384	0.14952	0.38201	0.03167	0.04567	0.02882	0.12282	0.03428	0.02337	0.03307	0.01926	0.02324	0.01435	0.00997	0.01024	0.00330	0.01576	0.00856	0.00478	0.01549
29	0.01535	0.01147	0.01704	0.01729	0.01911	0.01316	0.01328	0.01905	0.01785	0.02556	0.03226	0.09884	0.03169	0.07707	0.51830	0.01623	0.02694	0.01359	0.00626	0.00965
30	0.11592	0.01882	0.02434	0.01887	0.02713	0.01690	0.01559	0.05095	0.02989	0.50362	0.04012	0.03510	0.02541	0.01314	0.01053	0.00337	0.00919	0.01044	0.01279	0.01785
31	0.03388	0.02328	0.02685	0.02286	0.02942	0.02492	0.01922	0.30315	0.04048	0.09922	0.03854	0.06051	0.03452	0.01900	0.01234	0.00388	0.01108	0.17039	0.01084	0.01561
32	0.40087	0.02326	0.06731	0.01863	0.02534	0.02301	0.01677	0.03391	0.02131	0.12029	0.02388	0.03215	0.01957	0.01356	0.01154	0.00369	0.07053	0.05363	0.00770	0.01304
33	0.13325	0.08689	0.03117	0.02593	0.07367	0.06367	0.01981	0.10647	0.02756	0.12673	0.02570	0.03360	0.02119	0.01451	0.01474	0.00360	0.11900	0.04989	0.00802	0.01458

[dist]
# distance from previous block
# <min> <max>
0	2

[block]
# block no. 5 follows, 12 sequences, length 25
# corresponding to MSA columns:
# 120-144
name=unknown_F
#
# <colnr> <probs for GDERKNQSTAVLIFYWHMCP>
#	G	D	E	R	K	N	Q	S	T	A	V	L	I	F	Y	W	H	M	C	P
0	0.09309	0.02209	0.03439	0.10621	0.04021	0.02239	0.12651	0.03925	0.05738	0.19396	0.02799	0.03024	0.01986	0.01183	0.01259	0.00343	0.05663	0.01026	0.00836	0.08334
1	0.07495	0.07931	0.20518	0.02491	0.03446	0.02620	0.02566	0.08190	0.02646	0.17935	0.02511	0.02654	0.01782	0.01281	0.01428	0.00354	0.10889	0.00895	0.00779	0.01588
2	0.02150	0.01290	0.01607	0.01583	0.01913	0.01208	0.01162	0.02690	0.07104	0.13246	0.10163	0.32195	0.14093	0.02639	0.01284	0.00396	0.00688	0.02322	0.01101	0.01166
3	0.02654	0.01413	0.01812	0.01615	0.02066	0.01299	0.01243	0.03241	0.06351	0.20652	0.22554	0.15431	0.10883	0.02137	0.01230	0.00362	0.00696	0.01854	0.01194	0.01312
4	0.03047	0.20236	0.10024	0.10191	0.04323	0.03174	0.12346	0.12723	0.02927	0.07762	0.02185	0.02521	0.01644	0.01066	0.01012	0.00316	0.01376	0.00918	0.00674	0.01534
5	0.03037	0.01882	0.03210	0.08360	0.03643	0.01774	0.13591	0.03566	0.02662	0.22572	0.07156	0.16283	0.03796	0.01728	0.01219	0.00371	0.01112	0.01626	0.00982	0.01429
6	0.01424	0.01017	0.01375	0.01628	0.01733	0.00968	0.01178	0.01684	0.02182	0.02890	0.05957	0.50109	0.07003	0.03326	0.01417	0.00456	0.00715	0.13016	0.01010	0.00912
7	0.01484	0.01088	0.01421	0.01602	0.01791	0.01026	0.01229	0.01822	0.02386	0.03127	0.11659	0.32318	0.14123	0.03066	0.01403	0.00441	0.00729	0.17311	0.01029	0.00944
8	0.02770	0.39476	0.21819	0.02342	0.03466	0.07892	0.02586	0.03411	0.02312	0.02861	0.01672	0.01945	0.01394	0.00981	0.00831	0.00273	0.01373	0.00665	0.00472	0.01457
9	0.02277	0.01598	0.02235	0.02005	0.02102	0.01947	0.01544	0.02298	0.01724	0.07198	0.02247	0.03596	0.02147	0.10729	0.09293	0.21612	0.22847	0.01068	0.00591	0.00941
10	0.24058	0.01931	0.02255	0.01790	0.02583	0.01853	0.01477	0.04687	0.02745	0.40555	0.03474	0.03135	0.02248	0.01249	0.00971	0.00337	0.00903	0.00946	0.01149	0.01655
11	0.01697	0.01276	0.01590	0.01483	0.01787	0.01250	0.01120	0.02548	0.09625	0.04397	0.47760	0.07610	0.09375	0.02131	0.01263	0.00346	0.00560	0.01875	0.01188	0.01120
12	0.03091	0.02799	0.09748	0.12319	0.08925	0.02455	0.20570	0.07104	0.02778	0.15255	0.02623	0.03001	0.01848	0.01085	0.01158	0.00352	0.01465	0.01100	0.00747	0.01577
13	0.04172	0.02001	0.02519	0.01973	0.02726	0.01905	0.01613	0.15025	0.03563	0.36283	0.12188	0.04200	0.03765	0.01486	0.01127	0.00336	0.00920	0.01216	0.01267	0.01719
14	0.02187	0.05640	0.56031	0.03108	0.04719	0.02532	0.04029	0.03453	0.02302	0.03453	0.01957	0.02302	0.01381	0.01036	0.01036	0.00345	0.01611	0.00806	0.00460	0.01611
15	0.01446	0.01035	0.01388	0.01565	0.01702	0.00977	0.01136	0.01758	0.02379	0.03216	0.16748	0.41312	0.07747	0.03086	0.01387	0.00430	0.00666	0.10034	0.01053	0.00937
16	0.01847	0.01262	0.01712	0.08981	0.02477	0.01225	0.01313	0.02293	0.02720	0.08410	0.28704	0.16104	0.14210	0.02270	0.01261	0.00365	0.00701	0.01993	0.01062	0.01090
17	0.01537	0.09005	0.01849	0.01564	0.01741	0.01336	0.01124	0.01747	0.02104	0.02755	0.05420	0.53198	0.06449	0.03090	0.01301	0.00415	0.00703	0.02769	0.00941	0.00953
18	0.69383	0.02109	0.01603	0.01434	0.02109	0.02446	0.01181	0.03205	0.01856	0.04892	0.01518	0.01771	0.01181	0.01012	0.00675	0.00337	0.00843	0.00590	0.00675	0.01181
19	0.03438	0.09220	0.14760	0.02279	0.03197	0.07955	0.02196	0.04410	0.09890	0.21965	0.07060	0.03405	0.02807	0.01299	0.01047	0.00328	0.01171	0.01025	0.00934	0.01612
20	0.02243	0.01680	0.07138	0.01690	0.02162	0.01243	0.01428	0.02662	0.02569	0.14943	0.14287	0.25925	0.12830	0.02414	0.01257	0.00381	0.00766	0.02111	0.01064	0.01206
21	0.08100	0.03610	0.20149	0.02612	0.03671	0.02745	0.05668	0.24008	0.03531	0.04999	0.03153	0.03275	0.06995	0.01321	0.01074	0.00341	0.01281	0.01049	0.00813	0.01605
22	0.02200	0.02122	0.02914	0.40517	0.05910	0.07833	0.02649	0.02830	0.02348	0.02880	0.02768	0.04906	0.02524	0.01522	0.01172	0.00386	0.01406	0.11333	0.00608	0.01170
23	0.03249	0.02250	0.03424	0.19783	0.09348	0.02389	0.07361	0.12943	0.03030	0.16816	0.02757	0.03122	0.01967	0.01618	0.04676	0.00435	0.01392	0.01049	0.00836	0.01556
24	0.02568	0.03000	0.18997	0.09877	0.03828	0.02034	0.02467	0.08030	0.02682	0.10464	0.03523	0.09156	0.05850	0.01545	0.01112	0.00346	0.01179	0.04196	0.00785	0.08361

[dist]
# distance from previous block
# <min> <max>
2	54

[block]
# block no. 6 follows, 12 sequences, length 14
# corresponding to MSA columns:
# 199-212
name=unknown_G
#
# <colnr> <probs for GDERKNQSTAVLIFYWHMCP>
#	G	D	E	R	K	N	Q	S	T	A	V	L	I	F	Y	W	H	M	C	P
0	0.09865	0.08251	0.20211	0.02186	0.03231	0.02162	0.02301	0.03783	0.02563	0.19370	0.07306	0.03150	0.02585	0.01206	0.00990	0.00316	0.01117	0.00943	0.00835	0.07629
1	0.02981	0.02564	0.10904	0.02036	0.02972	0.01900	0.01880	0.07680	0.07598	0.15833	0.07527	0.03333	0.02795	0.01202	0.01005	0.00281	0.00974	0.00978	0.00908	0.24650
2	0.03901	0.14188	0.03600	0.02544	0.03277	0.29583	0.02054	0.20424	0.03647	0.04108	0.01980	0.02155	0.01560	0.01155	0.00972	0.00289	0.01564	0.00779	0.00729	0.01492
3	0.02661	0.02699	0.11464	0.11808	0.03981	0.02424	0.06478	0.10318	0.07460	0.08011	0.02886	0.07639	0.02456	0.06885	0.01780	0.00434	0.07214	0.01222	0.00761	0.01417
4	0.08425	0.21521	0.09246	0.07245	0.07382	0.03170	0.02246	0.12511	0.06639	0.08431	0.02299	0.02479	0.01750	0.01112	0.00931	0.00307	0.01183	0.00835	0.00729	0.01561
5	0.01558	0.01168	0.01752	0.01752	0.01947	0.01363	0.01363	0.01947	0.01752	0.02531	0.02921	0.04283	0.02726	0.08178	0.57360	0.01752	0.02921	0.01168	0.00584	0.00974
6	0.01328	0.00949	0.01265	0.01518	0.01581	0.00886	0.01012	0.01518	0.02088	0.02783	0.06010	0.60969	0.07212	0.03416	0.01392	0.00443	0.00633	0.03100	0.01012	0.00886
7	0.03763	0.02750	0.03720	0.03097	0.07928	0.02875	0.10317	0.28305	0.07961	0.13562	0.02912	0.02968	0.02061	0.01235	0.01125	0.00339	0.01246	0.01070	0.00996	0.01769
8	0.02957	0.03099	0.09565	0.03751	0.09018	0.02867	0.22301	0.15606	0.11174	0.04498	0.02625	0.02958	0.01950	0.01120	0.01168	0.00352	0.01455	0.01129	0.00763	0.01642
9	0.02761	0.02438	0.03581	0.10083	0.28609	0.02420	0.02594	0.10981	0.02830	0.04023	0.02104	0.02598	0.01692	0.00998	0.01015	0.00288	0.01174	0.00892	0.00651	0.18269
10	0.01409	0.01042	0.01317	0.01391	0.01583	0.00950	0.00989	0.01745	0.02559	0.03457	0.26495	0.31200	0.16195	0.02826	0.01332	0.00390	0.00571	0.02510	0.01089	0.00950
11	0.02194	0.02363	0.07733	0.25508	0.09924	0.02383	0.07558	0.03118	0.06927	0.03366	0.09822	0.03667	0.02954	0.01329	0.01348	0.00366	0.06289	0.01157	0.00655	0.01338
12	0.01558	0.01168	0.01752	0.01752	0.01947	0.01363	0.01363	0.01947	0.01752	0.02531	0.02921	0.04283	0.02726	0.08178	0.57360	0.01752	0.02921	0.01168	0.00584	0.00974
13	0.02971	0.29752	0.12998	0.10595	0.03945	0.03518	0.02440	0.14933	0.02935	0.03794	0.01919	0.02221	0.01515	0.01064	0.00907	0.00294	0.01289	0.00773	0.00620	0.01518

[dist]
# distance from previous block
# <min> <max>
1	5

[block]
# block no. 7 follows, 12 sequences, length 29
# corresponding to MSA columns:
# 218-246
name=unknown_H
#
# <colnr> <probs for GDERKNQSTAVLIFYWHMCP>
#	G	D	E	R	K	N	Q	S	T	A	V	L	I	F	Y	W	H	M	C	P
0	0.11870	0.33384	0.19134	0.02185	0.03250	0.03429	0.02372	0.03504	0.06074	0.03291	0.01865	0.02086	0.01512	0.01015	0.00823	0.00290	0.01224	0.00697	0.00543	0.01454
1	0.02550	0.02496	0.04356	0.16471	0.32489	0.02596	0.11111	0.03476	0.06919	0.03483	0.02266	0.02903	0.01802	0.01032	0.01119	0.00343	0.01380	0.01047	0.00581	0.01580
2	0.01328	0.00949	0.01265	0.01518	0.01581	0.00886	0.01012	0.01518	0.02088	0.02783	0.06010	0.60969	0.07212	0.03416	0.01392	0.00443	0.00633	0.03100	0.01012	0.00886
3	0.01456	0.01041	0.01407	0.01629	0.01757	0.00992	0.01202	0.01754	0.02283	0.03046	0.10242	0.43941	0.07248	0.03208	0.01411	0.00449	0.00716	0.14261	0.01027	0.00928
4	0.02915	0.62337	0.05714	0.01866	0.02799	0.04314	0.01866	0.03265	0.02215	0.02565	0.01516	0.01749	0.01399	0.00933	0.00700	0.00233	0.01166	0.00583	0.00466	0.01399
5	0.03726	0.03029	0.17875	0.02325	0.03348	0.02068	0.02321	0.04866	0.11792	0.31521	0.03653	0.03371	0.02433	0.01283	0.01081	0.00345	0.01112	0.01037	0.01051	0.01762
6	0.02723	0.29001	0.14991	0.07361	0.04232	0.07642	0.13361	0.03399	0.02378	0.02966	0.01801	0.02230	0.01458	0.00977	0.00948	0.00299	0.01487	0.00823	0.00493	0.01430
7	0.49875	0.09352	0.02357	0.06151	0.02739	0.08160	0.01498	0.03294	0.02046	0.04235	0.01568	0.01878	0.01250	0.01020	0.00741	0.00322	0.01041	0.00631	0.00624	0.01217
8	0.02473	0.28658	0.29138	0.09048	0.04247	0.03257	0.03019	0.03298	0.02252	0.03009	0.01772	0.02143	0.01397	0.01000	0.00903	0.00301	0.01409	0.00732	0.00466	0.01478
9	0.04892	0.01856	0.02530	0.01940	0.02783	0.01603	0.01603	0.05314	0.03121	0.55634	0.04302	0.03711	0.02699	0.01350	0.01096	0.00337	0.00928	0.01096	0.01350	0.01856
10	0.01543	0.01115	0.01457	0.01372	0.01629	0.01029	0.01029	0.02058	0.03086	0.04372	0.54304	0.08145	0.10288	0.02229	0.01286	0.00343	0.00514	0.01972	0.01200	0.01029
11	0.01757	0.01255	0.01757	0.02008	0.02259	0.01255	0.01757	0.02259	0.02510	0.03263	0.05773	0.12299	0.06275	0.03012	0.01506	0.00502	0.01004	0.47540	0.01004	0.01004
12	0.01757	0.01255	0.01757	0.02008	0.02259	0.01255	0.01757	0.02259	0.02510	0.03263	0.05773	0.12299	0.06275	0.03012	0.01506	0.00502	0.01004	0.47540	0.01004	0.01004
13	0.24197	0.17384	0.08048	0.02358	0.07299	0.02968	0.01969	0.10654	0.02671	0.10226	0.02087	0.02242	0.01575	0.01074	0.00858	0.00310	0.01093	0.00757	0.00733	0.01498
14	0.01894	0.00947	0.01420	0.01420	0.01420	0.00947	0.00947	0.01420	0.01420	0.01894	0.01894	0.03314	0.01894	0.03788	0.04261	0.68277	0.00947	0.00947	0.00473	0.00473
15	0.02187	0.05640	0.56031	0.03108	0.04719	0.02532	0.04029	0.03453	0.02302	0.03453	0.01957	0.02302	0.01381	0.01036	0.01036	0.00345	0.01611	0.00806	0.00460	0.01611
16	0.10905	0.02281	0.06288	0.16677	0.04063	0.02235	0.02116	0.04407	0.14393	0.20610	0.03245	0.03268	0.02262	0.01253	0.01045	0.00352	0.01085	0.01017	0.00932	0.01565
17	0.02261	0.01938	0.02261	0.01615	0.02584	0.01453	0.01292	0.02745	0.02261	0.03553	0.01938	0.02261	0.01615	0.00807	0.00807	0.00161	0.00807	0.00646	0.00646	0.68346
18	0.01328	0.00949	0.01265	0.01518	0.01581	0.00886	0.01012	0.01518	0.02088	0.02783	0.06010	0.60969	0.07212	0.03416	0.01392	0.00443	0.00633	0.03100	0.01012	0.00886
19	0.01757	0.01255	0.01757	0.02008	0.02259	0.01255	0.01757	0.02259	0.02510	0.03263	0.05773	0.12299	0.06275	0.03012	0.01506	0.00502	0.01004	0.47540	0.01004	0.01004
20	0.02065	0.03650	0.28895	0.08874	0.12469	0.02145	0.03067	0.02950	0.02391	0.03401	0.07841	0.07971	0.06773	0.01451	0.01118	0.00352	0.01287	0.01243	0.00628	0.01429
21	0.02668	0.01748	0.02686	0.33221	0.05147	0.01923	0.02258	0.03223	0.02451	0.16771	0.03825	0.08855	0.07589	0.01526	0.01138	0.00364	0.01154	0.01319	0.00811	0.01325
22	0.02385	0.02385	0.03340	0.02863	0.02863	0.03340	0.02385	0.02624	0.01670	0.02624	0.01431	0.02385	0.01431	0.01908	0.03578	0.00477	0.59685	0.00954	0.00477	0.01193
23	0.04892	0.01856	0.02530	0.01940	0.02783	0.01603	0.01603	0.05314	0.03121	0.55634	0.04302	0.03711	0.02699	0.01350	0.01096	0.00337	0.00928	0.01096	0.01350	0.01856
24	0.02921	0.08671	0.28814	0.02864	0.04010	0.02580	0.07817	0.03769	0.02435	0.15132	0.02418	0.02651	0.01715	0.01188	0.01341	0.00352	0.08142	0.00919	0.00674	0.01587
25	0.03031	0.01608	0.02293	0.07489	0.07249	0.01518	0.01697	0.03472	0.02720	0.24729	0.09771	0.13893	0.07936	0.01942	0.01208	0.00372	0.00902	0.05678	0.01079	0.01413
26	0.01526	0.06783	0.01678	0.01395	0.01719	0.01274	0.01085	0.01838	0.02437	0.03068	0.13422	0.21595	0.28346	0.02711	0.01280	0.00384	0.00669	0.06829	0.00982	0.00978
27	0.08631	0.01215	0.01245	0.01162	0.01523	0.01217	0.00898	0.02922	0.02343	0.10091	0.03453	0.03811	0.02633	0.01255	0.00793	0.00271	0.00588	0.00986	0.53835	0.01128
28	0.10096	0.07376	0.07033	0.06332	0.03224	0.02039	0.01866	0.04408	0.02724	0.34261	0.03259	0.03080	0.02165	0.01197	0.00996	0.00318	0.01026	0.00939	0.01021	0.06640

[dist]
# distance from previous block
# <min> <max>
2	64

[block]
# block no. 8 follows, 12 sequences, length 17
# corresponding to MSA columns:
# 316-332
name=unknown_I
#
# <colnr> <probs for GDERKNQSTAVLIFYWHMCP>
#	G	D	E	R	K	N	Q	S	T	A	V	L	I	F	Y	W	H	M	C	P
0	0.56146	0.02137	0.01994	0.02049	0.07874	0.02383	0.01454	0.03418	0.02042	0.09493	0.01836	0.02053	0.01382	0.01039	0.00758	0.00336	0.00900	0.00679	0.00723	0.01303
1	0.02668	0.46454	0.04909	0.06973	0.03112	0.03761	0.01932	0.03058	0.02250	0.02759	0.06483	0.02501	0.02238	0.01146	0.01020	0.00275	0.05816	0.00777	0.00538	0.01331
2	0.01669	0.01247	0.01566	0.01463	0.01759	0.01210	0.01104	0.02461	0.08459	0.04393	0.48927	0.07705	0.09538	0.02148	0.01267	0.00346	0.00552	0.01892	0.01190	0.01104
3	0.01464	0.01046	0.01421	0.01673	0.01796	0.01002	0.01248	0.01752	0.02221	0.02935	0.05935	0.45584	0.06916	0.03288	0.01428	0.00462	0.00750	0.17148	0.01010	0.00923
4	0.04073	0.05197	0.03090	0.02809	0.03371	0.57303	0.02107	0.04354	0.03090	0.02669	0.01685	0.01966	0.01404	0.01124	0.00983	0.00281	0.01966	0.00702	0.00562	0.01264
5	0.01543	0.01115	0.01457	0.01372	0.01629	0.01029	0.01029	0.02058	0.03086	0.04372	0.54304	0.08145	0.10288	0.02229	0.01286	0.00343	0.00514	0.01972	0.01200	0.01029
6	0.69383	0.02109	0.01603	0.01434	0.02109	0.02446	0.01181	0.03205	0.01856	0.04892	0.01518	0.01771	0.01181	0.01012	0.00675	0.00337	0.00843	0.00590	0.00675	0.01181
7	0.01586	0.01057	0.01189	0.01189	0.01189	0.01057	0.00661	0.01586	0.01586	0.02114	0.03436	0.07135	0.03964	0.61681	0.05550	0.01057	0.01057	0.01586	0.00661	0.00661
8	0.69383	0.02109	0.01603	0.01434	0.02109	0.02446	0.01181	0.03205	0.01856	0.04892	0.01518	0.01771	0.01181	0.01012	0.00675	0.00337	0.00843	0.00590	0.00675	0.01181
9	0.01533	0.01095	0.01500	0.01752	0.01904	0.01062	0.01367	0.01871	0.02289	0.03012	0.05897	0.37781	0.06765	0.03224	0.01446	0.00471	0.00810	0.24273	0.01008	0.00942
10	0.69383	0.02109	0.01603	0.01434	0.02109	0.02446	0.01181	0.03205	0.01856	0.04892	0.01518	0.01771	0.01181	0.01012	0.00675	0.00337	0.00843	0.00590	0.00675	0.01181
11	0.01296	0.01074	0.01136	0.01185	0.01494	0.00914	0.00864	0.01556	0.02408	0.02914	0.10065	0.20326	0.45237	0.02889	0.01309	0.00383	0.00568	0.02457	0.01012	0.00914
12	0.01408	0.01103	0.01237	0.01207	0.01499	0.00972	0.00882	0.01740	0.02606	0.03364	0.25504	0.09326	0.33772	0.08551	0.01720	0.00429	0.00590	0.02113	0.01043	0.00932
13	0.02915	0.62337	0.05714	0.01866	0.02799	0.04314	0.01866	0.03265	0.02215	0.02565	0.01516	0.01749	0.01399	0.00933	0.00700	0.00233	0.01166	0.00583	0.00466	0.01399
14	0.38266	0.02489	0.06944	0.08126	0.08708	0.02512	0.01941	0.03636	0.10611	0.04354	0.02149	0.02420	0.01647	0.01097	0.00865	0.00345	0.01024	0.00797	0.00696	0.01372
15	0.02709	0.01782	0.06599	0.01708	0.02164	0.01528	0.01444	0.03117	0.02261	0.17488	0.03369	0.04385	0.02792	0.15298	0.08236	0.00639	0.05422	0.01156	0.16673	0.01230
16	0.01342	0.01107	0.01178	0.01160	0.01505	0.00943	0.00870	0.01668	0.02611	0.03244	0.20099	0.10002	0.45197	0.02650	0.01288	0.00363	0.00544	0.02232	0.01052	0.00943

[dist]
# distance from previous block
# <min> <max>
0	1

[block]
# block no. 9 follows, 12 sequences, length 34
# corresponding to MSA columns:
# 334-367
name=unknown_J
#
# <colnr> <probs for GDERKNQSTAVLIFYWHMCP>
#	G	D	E	R	K	N	Q	S	T	A	V	L	I	F	Y	W	H	M	C	P
0	0.03034	0.02829	0.05113	0.10431	0.05220	0.07139	0.32734	0.03792	0.02664	0.12212	0.02487	0.02986	0.01787	0.01030	0.01205	0.00355	0.01649	0.01167	0.00680	0.01488
1	0.03245	0.09761	0.14393	0.07110	0.07761	0.02828	0.06057	0.15691	0.06698	0.11928	0.02616	0.02772	0.01883	0.01161	0.01052	0.00330	0.01288	0.00957	0.00809	0.01661
2	0.02341	0.02368	0.03075	0.14892	0.03772	0.07438	0.02350	0.02684	0.01947	0.02680	0.02067	0.08920	0.02071	0.01831	0.02578	0.00432	0.35667	0.01173	0.00545	0.01169
3	0.02968	0.02971	0.11622	0.03664	0.16649	0.02553	0.06097	0.10946	0.06583	0.09039	0.02466	0.02766	0.01864	0.01157	0.01257	0.00328	0.05810	0.00962	0.00740	0.09556
4	0.02248	0.01905	0.02198	0.01682	0.02511	0.01603	0.01330	0.03149	0.10408	0.03810	0.08526	0.03244	0.02913	0.01082	0.00912	0.00216	0.00782	0.00896	0.00785	0.49800
5	0.02300	0.02181	0.07049	0.37840	0.11458	0.02220	0.02790	0.03009	0.02403	0.07242	0.08327	0.03521	0.02620	0.01228	0.01109	0.00353	0.01296	0.01086	0.00641	0.01327
6	0.03669	0.02805	0.03183	0.11106	0.03951	0.03161	0.02180	0.38840	0.09944	0.05994	0.02715	0.02822	0.01956	0.01294	0.01093	0.00337	0.01201	0.01007	0.01000	0.01742
7	0.02385	0.02385	0.03340	0.02863	0.02863	0.03340	0.02385	0.02624	0.01670	0.02624	0.01431	0.02385	0.01431	0.01908	0.03578	0.00477	0.59685	0.00954	0.00477	0.01193
8	0.02471	0.02109	0.02247	0.02038	0.02595	0.02385	0.01578	0.05048	0.43440	0.04413	0.10455	0.05024	0.08128	0.01663	0.01143	0.00367	0.00800	0.01399	0.01112	0.01585
9	0.01289	0.01105	0.01105	0.01105	0.01473	0.00920	0.00828	0.01565	0.02485	0.02946	0.11046	0.10493	0.54437	0.02761	0.01289	0.00368	0.00552	0.02301	0.01013	0.00920
10	0.01407	0.01109	0.01269	0.01229	0.01545	0.00971	0.00922	0.01794	0.02765	0.03609	0.31171	0.09401	0.33897	0.02514	0.01287	0.00356	0.00535	0.02148	0.01100	0.00971
11	0.02187	0.05640	0.56031	0.03108	0.04719	0.02532	0.04029	0.03453	0.02302	0.03453	0.01957	0.02302	0.01381	0.01036	0.01036	0.00345	0.01611	0.00806	0.00460	0.01611
12	0.04892	0.01856	0.02530	0.01940	0.02783	0.01603	0.01603	0.05314	0.03121	0.55634	0.04302	0.03711	0.02699	0.01350	0.01096	0.00337	0.00928	0.01096	0.01350	0.01856
13	0.02385	0.02385	0.03340	0.02863	0.02863	0.03340	0.02385	0.02624	0.01670	0.02624	0.01431	0.02385	0.01431	0.01908	0.03578	0.00477	0.59685	0.00954	0.00477	0.01193
14	0.02261	0.01938	0.02261	0.01615	0.02584	0.01453	0.01292	0.02745	0.02261	0.03553	0.01938	0.02261	0.01615	0.00807	0.00807	0.00161	0.00807	0.00646	0.00646	0.68346
15	0.09288	0.56562	0.05319	0.01824	0.02732	0.04135	0.01800	0.03259	0.02181	0.02788	0.01516	0.01751	0.01378	0.00940	0.00697	0.00243	0.01135	0.00584	0.00486	0.01378
16	0.01543	0.01115	0.01457	0.01372	0.01629	0.01029	0.01029	0.02058	0.03086	0.04372	0.54304	0.08145	0.10288	0.02229	0.01286	0.00343	0.00514	0.01972	0.01200	0.01029
17	0.01819	0.01577	0.02324	0.10193	0.02930	0.01979	0.01823	0.02180	0.01849	0.02637	0.02906	0.13430	0.02967	0.04601	0.24692	0.00973	0.18037	0.01417	0.00615	0.01053
18	0.03967	0.02896	0.11012	0.06727	0.07202	0.06478	0.02294	0.10062	0.03118	0.30238	0.03209	0.03100	0.02137	0.01234	0.01076	0.00334	0.01210	0.00989	0.01001	0.01716
19	0.02114	0.01992	0.02914	0.12128	0.03414	0.02668	0.02228	0.02475	0.01778	0.02627	0.01906	0.02970	0.01773	0.03405	0.17192	0.00791	0.34969	0.01013	0.00506	0.01139
20	0.02401	0.01352	0.01870	0.01935	0.02295	0.01288	0.01635	0.02849	0.02595	0.14816	0.05475	0.16149	0.05593	0.02691	0.01402	0.00459	0.00943	0.31991	0.01082	0.01179
21	0.02066	0.01454	0.01983	0.07592	0.08201	0.01463	0.01557	0.02677	0.05876	0.07481	0.08761	0.18976	0.10548	0.02128	0.01185	0.00370	0.00815	0.05202	0.10482	0.01185
22	0.02857	0.06655	0.03381	0.36807	0.05792	0.02697	0.02593	0.13805	0.02926	0.08742	0.02284	0.02834	0.01658	0.01152	0.01062	0.00343	0.01326	0.00955	0.00700	0.01430
23	0.02513	0.02754	0.14662	0.08184	0.13353	0.02052	0.09469	0.03200	0.02431	0.10710	0.03280	0.16285	0.03026	0.01607	0.01175	0.00367	0.01248	0.01491	0.00744	0.01446
24	0.69383	0.02109	0.01603	0.01434	0.02109	0.02446	0.01181	0.03205	0.01856	0.04892	0.01518	0.01771	0.01181	0.01012	0.00675	0.00337	0.00843	0.00590	0.00675	0.01181
25	0.01894	0.00947	0.01420	0.01420	0.01420	0.00947	0.00947	0.01420	0.01420	0.01894	0.01894	0.03314	0.01894	0.03788	0.04261	0.68277	0.00947	0.00947	0.00473	0.00473
26	0.15983	0.35378	0.04017	0.01756	0.02563	0.03238	0.01618	0.03239	0.02171	0.07045	0.01891	0.02182	0.01597	0.01664	0.06165	0.00402	0.01225	0.00684	0.00598	0.06585
27	0.02994	0.09378	0.21563	0.03330	0.11207	0.02822	0.06448	0.12681	0.06929	0.08529	0.02464	0.02671	0.01806	0.01121	0.01050	0.00331	0.01347	0.00935	0.00723	0.01672
28	0.02236	0.02090	0.03510	0.30659	0.26346	0.02310	0.02921	0.02867	0.02294	0.03106	0.02466	0.09685	0.02247	0.01316	0.01121	0.00356	0.01291	0.01222	0.00570	0.01386
29	0.02633	0.02747	0.12405	0.06881	0.03503	0.01973	0.02057	0.08788	0.02659	0.07422	0.02183	0.02465	0.01661	0.00970	0.00927	0.00244	0.01065	0.00773	0.00699	0.37945
30	0.54463	0.02814	0.01942	0.01748	0.02397	0.14978	0.01392	0.03468	0.02138	0.04384	0.01556	0.01816	0.01232	0.01038	0.00745	0.00324	0.01100	0.00616	0.00649	0.01200
31	0.01543	0.01115	0.01457	0.01372	0.01629	0.01029	0.01029	0.02058	0.03086	0.04372	0.54304	0.08145	0.10288	0.02229	0.01286	0.00343	0.00514	0.01972	0.01200	0.01029
32	0.02002	0.01847	0.03071	0.52702	0.06862	0.02269	0.02808	0.02706	0.02280	0.02961	0.07710	0.03484	0.02427	0.01216	0.01112	0.00361	0.01350	0.01080	0.00563	0.01191
33	0.01438	0.01076	0.01335	0.01344	0.01583	0.00973	0.00980	0.01826	0.02729	0.03697	0.33791	0.20387	0.19616	0.02613	0.01310	0.00371	0.00549	0.02297	0.01116	0.00973

[dist]
# distance from previous block
# <min> <max>
1	28

[block]
# block no. 10 follows, 12 sequences, length 27
# corresponding to MSA columns:
# 396-422
name=unknown_K
#
# <colnr> <probs for GDERKNQSTAVLIFYWHMCP>
#	G	D	E	R	K	N	Q	S	T	A	V	L	I	F	Y	W	H	M	C	P
0	0.18436	0.07431	0.02694	0.14396	0.07117	0.02210	0.01869	0.03196	0.02327	0.11893	0.07973	0.03372	0.02707	0.02037	0.07518	0.00497	0.01256	0.00996	0.00759	0.01313
1	0.02673	0.02302	0.03292	0.03391	0.16559	0.02198	0.06564	0.12940	0.02923	0.04140	0.02680	0.10382	0.02448	0.01315	0.01060	0.00295	0.01089	0.01190	0.00751	0.21807
2	0.01549	0.01078	0.01364	0.01391	0.01456	0.01129	0.00906	0.01685	0.01689	0.02310	0.03562	0.12126	0.03950	0.39551	0.20414	0.01196	0.01562	0.01626	0.00676	0.00778
3	0.02892	0.55363	0.05336	0.01907	0.02803	0.04128	0.01849	0.03559	0.08108	0.02797	0.01856	0.02019	0.01624	0.00996	0.00747	0.00249	0.01131	0.00659	0.00541	0.01437
4	0.59534	0.02070	0.01744	0.01511	0.02212	0.02317	0.01245	0.03527	0.02049	0.12641	0.01943	0.02068	0.01413	0.01064	0.00739	0.00337	0.00856	0.00668	0.00778	0.01284
5	0.01769	0.01194	0.01356	0.01266	0.01663	0.01026	0.00967	0.02120	0.02705	0.09416	0.20747	0.09136	0.37721	0.02468	0.01266	0.00358	0.00587	0.02081	0.01097	0.01055
6	0.01763	0.01366	0.01373	0.01352	0.01409	0.05151	0.00823	0.01815	0.01708	0.02188	0.03267	0.06528	0.03678	0.52923	0.09458	0.01058	0.01275	0.01488	0.00647	0.00730
7	0.01651	0.01034	0.01238	0.01238	0.01238	0.01034	0.00721	0.01551	0.01551	0.02068	0.03110	0.06328	0.03526	0.49442	0.05277	0.15268	0.01034	0.01451	0.00621	0.00621
8	0.02915	0.62337	0.05714	0.01866	0.02799	0.04314	0.01866	0.03265	0.02215	0.02565	0.01516	0.01749	0.01399	0.00933	0.00700	0.00233	0.01166	0.00583	0.00466	0.01399
9	0.02712	0.02342	0.02465	0.02219	0.02835	0.02712	0.01726	0.05794	0.52909	0.04561	0.04438	0.04068	0.03328	0.01479	0.01109	0.00370	0.00863	0.01233	0.01109	0.01726
10	0.01561	0.01157	0.01694	0.01694	0.01869	0.01331	0.01291	0.01910	0.01735	0.02488	0.02974	0.04577	0.02853	0.13691	0.52021	0.01681	0.02729	0.01211	0.00592	0.00941
11	0.56334	0.02169	0.01858	0.01589	0.02300	0.02441	0.01309	0.07896	0.02297	0.10574	0.01922	0.02060	0.01408	0.01076	0.00759	0.00336	0.00886	0.00682	0.00787	0.01317
12	0.02187	0.05640	0.56031	0.03108	0.04719	0.02532	0.04029	0.03453	0.02302	0.03453	0.01957	0.02302	0.01381	0.01036	0.01036	0.00345	0.01611	0.00806	0.00460	0.01611
13	0.02184	0.15971	0.11134	0.02101	0.02691	0.02543	0.01966	0.02959	0.07864	0.02887	0.02526	0.03451	0.02271	0.08990	0.19019	0.00836	0.07760	0.01004	0.00596	0.01248
14	0.07844	0.01255	0.01738	0.01723	0.01962	0.01463	0.01346	0.02064	0.01762	0.02750	0.02791	0.04051	0.02583	0.07513	0.52106	0.01621	0.02728	0.01115	0.00593	0.00993
15	0.09271	0.20971	0.19239	0.02435	0.03486	0.09582	0.02507	0.13584	0.02924	0.03964	0.01898	0.02122	0.01470	0.01072	0.00911	0.00301	0.01367	0.00747	0.00627	0.01522
16	0.02734	0.48262	0.18205	0.02174	0.03275	0.03872	0.02403	0.03312	0.02237	0.02786	0.01625	0.01886	0.01395	0.00958	0.00783	0.00261	0.01277	0.00638	0.00465	0.01452
17	0.01605	0.01168	0.01570	0.01792	0.02014	0.01132	0.01480	0.02010	0.02411	0.03117	0.06440	0.23124	0.12086	0.03074	0.01455	0.00473	0.00867	0.32206	0.01007	0.00967
18	0.02163	0.02108	0.03576	0.44388	0.06547	0.02610	0.07367	0.02824	0.02129	0.02824	0.01876	0.02821	0.01468	0.01214	0.01534	0.00383	0.11451	0.00996	0.00489	0.01232
19	0.02657	0.21086	0.27905	0.11173	0.04390	0.02935	0.03000	0.03488	0.02343	0.08471	0.02068	0.02380	0.01533	0.01047	0.00953	0.00315	0.01388	0.00796	0.00557	0.01514
20	0.01586	0.01057	0.01189	0.01189	0.01189	0.01057	0.00661	0.01586	0.01586	0.02114	0.03436	0.07135	0.03964	0.61681	0.05550	0.01057	0.01057	0.01586	0.00661	0.00661
21	0.02385	0.02385	0.03340	0.02863	0.02863	0.03340	0.02385	0.02624	0.01670	0.02624	0.01431	0.02385	0.01431	0.01908	0.03578	0.00477	0.59685	0.00954	0.00477	0.01193
22	0.03553	0.08617	0.06412	0.07221	0.03172	0.02040	0.01841	0.07103	0.02964	0.28778	0.09773	0.04224	0.06630	0.01453	0.01083	0.00331	0.00994	0.01184	0.01056	0.01571
23	0.01922	0.01599	0.02209	0.02303	0.05653	0.01906	0.01665	0.02211	0.01997	0.02911	0.03690	0.21491	0.04046	0.07237	0.02404	0.00484	0.20873	0.06701	0.07643	0.01055
24	0.01328	0.00949	0.01265	0.01518	0.01581	0.00886	0.01012	0.01518	0.02088	0.02783	0.06010	0.60969	0.07212	0.03416	0.01392	0.00443	0.00633	0.03100	0.01012	0.00886
25	0.02261	0.01938	0.02261	0.01615	0.02584	0.01453	0.01292	0.02745	0.02261	0.03553	0.01938	0.02261	0.01615	0.00807	0.00807	0.00161	0.00807	0.00646	0.00646	0.68346
26	0.02603	0.02191	0.03636	0.18000	0.33141	0.02275	0.02857	0.03199	0.02428	0.08122	0.02662	0.09156	0.02347	0.01299	0.01117	0.00347	0.01227	0.01213	0.00653	0.01527

[dist]
# distance from previous block
# <min> <max>
1	8

[block]
# block no. 11 follows, 12 sequences, length 14
# corresponding to MSA columns:
# 431-444
name=unknown_L
#
# <colnr> <probs for GDERKNQSTAVLIFYWHMCP>
#	G	D	E	R	K	N	Q	S	T	A	V	L	I	F	Y	W	H	M	C	P
0	0.01551	0.01821	0.10929	0.01879	0.02244	0.01236	0.01665	0.01981	0.02196	0.02981	0.05261	0.42528	0.06034	0.02932	0.01349	0.00436	0.00866	0.10165	0.00914	0.01032
1	0.14295	0.02057	0.02985	0.31425	0.09411	0.02426	0.02479	0.03221	0.02220	0.10131	0.02132	0.02743	0.01590	0.01184	0.01270	0.00364	0.07182	0.00918	0.00635	0.01331
2	0.02504	0.02728	0.08020	0.10968	0.19907	0.06301	0.02476	0.03127	0.02387	0.03379	0.01956	0.02464	0.01592	0.00941	0.00964	0.00265	0.01207	0.00809	0.00568	0.27439
3	0.31489	0.16199	0.03455	0.12295	0.07876	0.02913	0.05642	0.03179	0.02103	0.03765	0.01688	0.02131	0.01361	0.00997	0.00834	0.00319	0.01139	0.00740	0.00572	0.01305
4	0.57600	0.01918	0.01500	0.01361	0.01962	0.02196	0.01108	0.03089	0.01931	0.04747	0.01875	0.02173	0.01463	0.01057	0.00690	0.00323	0.00785	0.00665	0.12406	0.01152
