[name]
unknown

[dist]
# distance from previous block
# <min> <max>
0	70

[block]
# block no. 0 follows, 11 sequences, length 9
# corresponding to MSA columns:
# 84-92
name=unknown_A
#
# <colnr> <probs for GDERKNQSTAVLIFYWHMCP>
#	G	D	E	R	K	N	Q	S	T	A	V	L	I	F	Y	W	H	M	C	P
0	0.02364	0.01726	0.02018	0.01866	0.02346	0.01747	0.01403	0.03724	0.20065	0.08514	0.09178	0.22763	0.05141	0.02163	0.01218	0.00374	0.00778	0.01894	0.01083	0.09634
1	0.02334	0.02001	0.02334	0.01667	0.02667	0.01500	0.01334	0.02834	0.02334	0.03668	0.02001	0.02334	0.01667	0.00834	0.00834	0.00167	0.00834	0.00667	0.00667	0.67325
2	0.02570	0.02533	0.03820	0.04269	0.19727	0.03190	0.02792	0.02956	0.02003	0.03031	0.01690	0.02570	0.01579	0.01649	0.02836	0.00440	0.39426	0.00991	0.00514	0.01415
3	0.03355	0.02262	0.02392	0.01937	0.02568	0.02457	0.01567	0.29752	0.04051	0.05867	0.03113	0.03335	0.02325	0.01334	0.00982	0.00306	0.00936	0.01028	0.28885	0.01548
4	0.46195	0.01836	0.01604	0.01459	0.02012	0.02039	0.01167	0.02915	0.02338	0.04872	0.18603	0.04015	0.04343	0.01462	0.00906	0.00350	0.00758	0.01083	0.00877	0.01167
5	0.01780	0.01470	0.02330	0.20396	0.03918	0.01770	0.01978	0.02298	0.01956	0.02700	0.02678	0.03949	0.02377	0.06010	0.37753	0.01332	0.02512	0.01138	0.00569	0.01086
6	0.02174	0.02026	0.02802	0.02444	0.02532	0.02655	0.01997	0.02514	0.02210	0.03308	0.18543	0.04438	0.04516	0.02080	0.02907	0.00446	0.39159	0.01334	0.00741	0.01175
7	0.02928	0.01569	0.02232	0.15053	0.03368	0.01602	0.01628	0.03191	0.02289	0.19608	0.03273	0.04649	0.02768	0.19490	0.02931	0.09005	0.01131	0.01233	0.00850	0.01204
8	0.02596	0.27478	0.04555	0.07564	0.03479	0.03563	0.05629	0.02993	0.02144	0.02789	0.02353	0.02890	0.05276	0.01451	0.01836	0.00357	0.20238	0.00950	0.00535	0.01325

[dist]
# distance from previous block
# <min> <max>
0	9

[block]
# block no. 1 follows, 11 sequences, length 18
# corresponding to MSA columns:
# 102-119
name=unknown_B
#
# <colnr> <probs for GDERKNQSTAVLIFYWHMCP>
#	G	D	E	R	K	N	Q	S	T	A	V	L	I	F	Y	W	H	M	C	P
0	0.46603	0.02964	0.02109	0.01899	0.02562	0.15342	0.01503	0.03854	0.07061	0.04467	0.01903	0.02109	0.01491	0.01120	0.00817	0.00338	0.01150	0.00702	0.00713	0.01295
1	0.02787	0.02312	0.02855	0.08256	0.10470	0.02564	0.02054	0.12592	0.22185	0.04582	0.08185	0.04283	0.03478	0.06544	0.01549	0.00425	0.01061	0.01265	0.00963	0.01590
2	0.03115	0.03190	0.02831	0.08226	0.03564	0.19051	0.01881	0.08450	0.02917	0.03665	0.01994	0.02350	0.01607	0.01025	0.00954	0.00247	0.01328	0.00759	0.00671	0.32175
3	0.02348	0.16869	0.04010	0.43703	0.06529	0.02992	0.02824	0.03000	0.02260	0.02818	0.01891	0.02700	0.01486	0.01084	0.01024	0.00341	0.01426	0.00900	0.00495	0.01299
4	0.02770	0.02156	0.03203	0.38942	0.06172	0.02464	0.02670	0.09860	0.02799	0.09122	0.02366	0.02991	0.01714	0.01162	0.01101	0.00349	0.01346	0.00988	0.00701	0.07125
5	0.01637	0.01091	0.01228	0.01228	0.01228	0.01091	0.00682	0.01637	0.01637	0.02182	0.03546	0.07365	0.04092	0.60445	0.05729	0.01091	0.01091	0.01637	0.00682	0.00682
6	0.01637	0.01091	0.01228	0.01228	0.01228	0.01091	0.00682	0.01637	0.01637	0.02182	0.03546	0.07365	0.04092	0.60445	0.05729	0.01091	0.01091	0.01637	0.00682	0.00682
7	0.02257	0.05822	0.54613	0.03208	0.04871	0.02614	0.04158	0.03564	0.02376	0.03564	0.02020	0.02376	0.01426	0.01069	0.01069	0.00356	0.01663	0.00832	0.00475	0.01663
8	0.68395	0.02177	0.01654	0.01480	0.02177	0.02525	0.01219	0.03309	0.01915	0.05050	0.01567	0.01828	0.01219	0.01045	0.00697	0.00348	0.00871	0.00609	0.00697	0.01219
9	0.01955	0.00978	0.01466	0.01466	0.01466	0.00978	0.00978	0.01466	0.01466	0.01955	0.01955	0.03421	0.01955	0.03910	0.04399	0.67253	0.00978	0.00978	0.00489	0.00489
10	0.01608	0.01206	0.01809	0.01809	0.02010	0.01407	0.01407	0.02010	0.01809	0.02613	0.03015	0.04422	0.02814	0.08441	0.55984	0.01809	0.03015	0.01206	0.00603	0.01005
11	0.01807	0.01030	0.01356	0.01356	0.01356	0.01030	0.00840	0.01545	0.01545	0.02061	0.02693	0.05252	0.02947	0.30145	0.05016	0.36550	0.01030	0.01283	0.00578	0.00578
12	0.02498	0.02380	0.04048	0.29074	0.33508	0.02599	0.03311	0.03202	0.02427	0.03328	0.02066	0.02879	0.01660	0.01056	0.01119	0.00352	0.01408	0.01002	0.00532	0.01551
13	0.01544	0.01103	0.01427	0.01432	0.01620	0.01030	0.01017	0.01937	0.02769	0.03865	0.36236	0.20663	0.09145	0.08911	0.01832	0.00459	0.00621	0.02273	0.01132	0.00985
14	0.03059	0.02602	0.03359	0.02748	0.03499	0.02845	0.09663	0.16249	0.27389	0.05006	0.03856	0.04403	0.03046	0.01532	0.01207	0.00383	0.01156	0.05259	0.01036	0.01704
15	0.01402	0.01047	0.01312	0.01511	0.01669	0.00957	0.01069	0.01648	0.02293	0.02958	0.07426	0.43740	0.18260	0.03327	0.01422	0.00444	0.00668	0.06870	0.01044	0.00934
16	0.09762	0.02185	0.02410	0.01779	0.02732	0.01896	0.01437	0.09595	0.02712	0.04308	0.02054	0.02332	0.01654	0.00931	0.00861	0.00211	0.00896	0.00710	0.00736	0.50799
17	0.24425	0.07563	0.15528	0.16213	0.04420	0.02779	0.02560	0.07729	0.02466	0.04154	0.01896	0.02340	0.01424	0.01094	0.00939	0.00348	0.01284	0.00801	0.00618	0.01419

[dist]
# distance from previous block
# <min> <max>
0	1

[block]
# block no. 2 follows, 11 sequences, length 18
# corresponding to MSA columns:
# 121-138
name=unknown_C
#
# <colnr> <probs for GDERKNQSTAVLIFYWHMCP>
#	G	D	E	R	K	N	Q	S	T	A	V	L	I	F	Y	W	H	M	C	P
0	0.38522	0.02613	0.08020	0.10337	0.03510	0.02525	0.01961	0.07687	0.02461	0.09987	0.02092	0.02359	0.01514	0.01124	0.00888	0.00352	0.01096	0.00785	0.00755	0.01410
1	0.02652	0.12056	0.11147	0.03999	0.05062	0.03120	0.33314	0.03485	0.02488	0.03375	0.02071	0.02731	0.01618	0.01055	0.01424	0.00366	0.06866	0.01137	0.00539	0.01496
2	0.04267	0.03487	0.03349	0.02637	0.03489	0.11422	0.02145	0.42837	0.04974	0.06437	0.02557	0.02601	0.01844	0.01322	0.01109	0.00331	0.01358	0.00970	0.01043	0.01822
3	0.02338	0.01253	0.01540	0.01447	0.01646	0.01187	0.00948	0.02462	0.02059	0.13582	0.04142	0.14516	0.04316	0.39013	0.04081	0.00834	0.00996	0.01764	0.00891	0.00985
4	0.04766	0.02371	0.02894	0.02219	0.03101	0.02331	0.01833	0.21763	0.03984	0.36848	0.03800	0.03415	0.02465	0.01378	0.01130	0.00344	0.01061	0.01088	0.01295	0.01915
5	0.01419	0.01007	0.01317	0.01518	0.01596	0.00946	0.01009	0.01626	0.02198	0.02956	0.10299	0.49552	0.07399	0.09232	0.01865	0.00512	0.00686	0.02931	0.01026	0.00904
6	0.01330	0.01140	0.01140	0.01140	0.01520	0.00950	0.00855	0.01615	0.02565	0.03041	0.11402	0.10832	0.52967	0.02850	0.01330	0.00380	0.00570	0.02375	0.01045	0.00950
7	0.01608	0.01206	0.01809	0.01809	0.02010	0.01407	0.01407	0.02010	0.01809	0.02613	0.03015	0.04422	0.02814	0.08441	0.55984	0.01809	0.03015	0.01206	0.00603	0.01005
8	0.03610	0.02898	0.03403	0.02724	0.03293	0.03475	0.02258	0.32370	0.03977	0.05478	0.02251	0.02614	0.01753	0.01579	0.02072	0.00395	0.22291	0.01003	0.00893	0.01663
9	0.01490	0.01146	0.01362	0.01308	0.01618	0.01018	0.00981	0.01924	0.02943	0.03936	0.36577	0.09359	0.27234	0.02517	0.01329	0.00364	0.00546	0.02169	0.01163	0.01018
10	0.02018	0.04121	0.35160	0.02693	0.03817	0.02169	0.03145	0.02992	0.02167	0.03214	0.02386	0.03130	0.01937	0.03785	0.21300	0.00892	0.02161	0.00970	0.00522	0.01421
11	0.03009	0.61122	0.05898	0.01926	0.02889	0.04454	0.01926	0.03370	0.02287	0.02648	0.01565	0.01805	0.01444	0.00963	0.00722	0.00241	0.01204	0.00602	0.00481	0.01444
12	0.02334	0.02001	0.02334	0.01667	0.02667	0.01500	0.01334	0.02834	0.02334	0.03668	0.02001	0.02334	0.01667	0.00834	0.00834	0.00167	0.00834	0.00667	0.00667	0.67325
13	0.14013	0.24028	0.08308	0.02414	0.07879	0.02889	0.01976	0.03223	0.02311	0.07493	0.02759	0.12884	0.02663	0.01502	0.00955	0.00328	0.01079	0.01191	0.00705	0.01400
14	0.32887	0.08735	0.02336	0.01750	0.02345	0.06601	0.01415	0.07361	0.02544	0.04410	0.07858	0.11381	0.03272	0.01583	0.00944	0.00348	0.00963	0.01199	0.00814	0.01253
15	0.08553	0.03683	0.08956	0.17288	0.04867	0.18103	0.06969	0.11398	0.03057	0.03870	0.02036	0.02512	0.01544	0.01144	0.01072	0.00341	0.01612	0.00904	0.00648	0.01444
16	0.08259	0.03083	0.02925	0.15987	0.04244	0.15491	0.02200	0.09480	0.18867	0.04082	0.02826	0.03036	0.02145	0.01284	0.01072	0.00351	0.01349	0.00994	0.00815	0.01508
17	0.03249	0.02666	0.03476	0.07319	0.07203	0.02687	0.06892	0.23872	0.03696	0.05127	0.02350	0.02655	0.01776	0.01112	0.01057	0.00293	0.01212	0.00939	0.00841	0.21578

[dist]
# distance from previous block
# <min> <max>
0	1

[block]
# block no. 3 follows, 11 sequences, length 7
# corresponding to MSA columns:
# 140-146
name=unknown_D
#
# <colnr> <probs for GDERKNQSTAVLIFYWHMCP>
#	G	D	E	R	K	N	Q	S	T	A	V	L	I	F	Y	W	H	M	C	P
0	0.02297	0.02146	0.03549	0.18968	0.04711	0.02428	0.12579	0.03322	0.09399	0.03487	0.06546	0.03736	0.02735	0.01891	0.05533	0.00487	0.08056	0.01210	0.05585	0.01336
1	0.08771	0.02415	0.02962	0.10755	0.03735	0.02746	0.02105	0.15796	0.09946	0.15938	0.02974	0.03104	0.02138	0.01419	0.01480	0.00376	0.09700	0.01038	0.00965	0.01637
2	0.58788	0.02323	0.01913	0.01646	0.02374	0.02670	0.01357	0.10255	0.02421	0.05356	0.01737	0.01959	0.01323	0.01091	0.00761	0.00347	0.00926	0.00670	0.00761	0.01323
3	0.02570	0.01373	0.01779	0.01550	0.02009	0.01220	0.01207	0.03039	0.03110	0.18877	0.32903	0.07402	0.14191	0.02111	0.01271	0.00356	0.00662	0.01818	0.01257	0.01297
4	0.68395	0.02177	0.01654	0.01480	0.02177	0.02525	0.01219	0.03309	0.01915	0.05050	0.01567	0.01828	0.01219	0.01045	0.00697	0.00348	0.00871	0.00609	0.00697	0.01219
5	0.03838	0.01620	0.02196	0.01839	0.02462	0.01422	0.01451	0.04232	0.02982	0.37130	0.10437	0.16679	0.04721	0.01968	0.01222	0.00373	0.00841	0.01692	0.01298	0.01596
6	0.02657	0.03036	0.06641	0.04744	0.05882	0.02846	0.49336	0.03605	0.02657	0.03605	0.02277	0.03036	0.01708	0.00949	0.01328	0.00380	0.01898	0.01328	0.00569	0.01518

[dist]
# distance from previous block
# <min> <max>
0	16

[block]
# block no. 4 follows, 11 sequences, length 15
# corresponding to MSA columns:
# 163-177
name=unknown_E
#
# <colnr> <probs for GDERKNQSTAVLIFYWHMCP>
#	G	D	E	R	K	N	Q	S	T	A	V	L	I	F	Y	W	H	M	C	P
0	0.01502	0.01147	0.01379	0.01321	0.01626	0.01023	0.00991	0.01948	0.02972	0.04005	0.38528	0.09244	0.25239	0.02491	0.01328	0.00363	0.00544	0.02153	0.01172	0.01023
1	0.01806	0.01211	0.01520	0.01675	0.01954	0.01180	0.01411	0.02289	0.02531	0.03518	0.06269	0.10328	0.13008	0.02630	0.01332	0.00434	0.00837	0.28005	0.17038	0.01026
2	0.42580	0.02135	0.02032	0.01727	0.02464	0.02320	0.01411	0.04249	0.08581	0.18550	0.02743	0.02682	0.01933	0.01202	0.00874	0.00353	0.00897	0.00838	0.00946	0.01483
3	0.02568	0.01993	0.02358	0.01696	0.02685	0.01514	0.01361	0.03062	0.02410	0.08014	0.02210	0.02463	0.01763	0.00882	0.00859	0.00182	0.00844	0.00707	0.00729	0.61699
4	0.24578	0.24325	0.07118	0.02034	0.02888	0.11953	0.01867	0.03716	0.02395	0.07600	0.01853	0.02049	0.01477	0.01063	0.00818	0.00300	0.01243	0.00682	0.00640	0.01400
5	0.29359	0.37367	0.04188	0.01746	0.02602	0.03676	0.01641	0.03345	0.02137	0.03616	0.01566	0.01815	0.01354	0.00996	0.00712	0.00284	0.01069	0.00605	0.00568	0.01354
6	0.29950	0.03060	0.11121	0.03285	0.15339	0.02755	0.02403	0.12004	0.02774	0.04859	0.01984	0.02311	0.01519	0.01095	0.00938	0.00344	0.01179	0.00816	0.00707	0.01556
7	0.01608	0.01206	0.01809	0.01809	0.02010	0.01407	0.01407	0.02010	0.01809	0.02613	0.03015	0.04422	0.02814	0.08441	0.55984	0.01809	0.03015	0.01206	0.00603	0.01005
8	0.01390	0.01073	0.01270	0.01368	0.01594	0.00952	0.00970	0.01676	0.02487	0.03203	0.15762	0.31505	0.26607	0.03054	0.01376	0.00409	0.00600	0.02676	0.01076	0.00952
9	0.01716	0.01061	0.01392	0.01475	0.01625	0.01096	0.01063	0.01974	0.02030	0.03058	0.04068	0.21625	0.04181	0.04304	0.16661	0.09288	0.01309	0.01760	0.19391	0.00923
10	0.02798	0.02860	0.05516	0.11593	0.13416	0.02850	0.30651	0.08843	0.02896	0.03929	0.02266	0.02953	0.01717	0.01027	0.01245	0.00367	0.01681	0.01198	0.00623	0.01572
11	0.01880	0.03026	0.22885	0.02169	0.02889	0.01783	0.02262	0.02506	0.01977	0.02846	0.02800	0.04628	0.02702	0.23685	0.16251	0.00972	0.01796	0.01206	0.00579	0.01157
12	0.03481	0.03318	0.08387	0.02561	0.03412	0.07288	0.02213	0.24119	0.22918	0.05444	0.03292	0.03203	0.02424	0.01376	0.01119	0.00353	0.01209	0.01073	0.01022	0.01788
13	0.02898	0.02968	0.08519	0.23066	0.05070	0.06933	0.02571	0.15041	0.03134	0.04163	0.02161	0.02656	0.01625	0.01126	0.01056	0.00318	0.01370	0.00902	0.00695	0.13727
14	0.10170	0.19661	0.12339	0.02667	0.03642	0.14631	0.08332	0.03916	0.02615	0.09184	0.02102	0.02341	0.01609	0.01079	0.00964	0.00311	0.01483	0.00821	0.00642	0.01490

[dist]
# distance from previous block
# <min> <max>
0	1

[block]
# block no. 5 follows, 11 sequences, length 16
# corresponding to MSA columns:
# 179-194
name=unknown_F
#
# <colnr> <probs for GDERKNQSTAVLIFYWHMCP>
#	G	D	E	R	K	N	Q	S	T	A	V	L	I	F	Y	W	H	M	C	P
0	0.10713	0.01843	0.02013	0.01786	0.02277	0.01979	0.01394	0.09063	0.15313	0.04946	0.28130	0.05822	0.06565	0.01832	0.01177	0.00358	0.00751	0.01539	0.01133	0.01366
1	0.16678	0.03135	0.08683	0.03264	0.09990	0.06357	0.09694	0.12509	0.06667	0.08728	0.02478	0.02713	0.01827	0.01156	0.01057	0.00349	0.01327	0.00970	0.00799	0.01617
2	0.13689	0.02899	0.07050	0.08154	0.03911	0.02967	0.06244	0.22175	0.03498	0.09214	0.02389	0.02669	0.01739	0.01291	0.01328	0.00364	0.06971	0.00969	0.00860	0.01619
3	0.01637	0.01091	0.01228	0.01228	0.01228	0.01091	0.00682	0.01637	0.01637	0.02182	0.03546	0.07365	0.04092	0.60445	0.05729	0.01091	0.01091	0.01637	0.00682	0.00682
4	0.02141	0.01904	0.08338	0.01951	0.02219	0.01674	0.01637	0.02333	0.06608	0.02524	0.02165	0.03249	0.01978	0.03077	0.03576	0.43876	0.08349	0.00990	0.00553	0.00856
5	0.19130	0.01974	0.02399	0.01886	0.02718	0.01848	0.01557	0.05001	0.02931	0.43278	0.03802	0.03386	0.02438	0.01316	0.01035	0.00348	0.00938	0.01016	0.01238	0.01761
6	0.03516	0.30890	0.14656	0.02209	0.03283	0.03180	0.02288	0.04091	0.02606	0.19453	0.02584	0.02573	0.01873	0.01123	0.00924	0.00299	0.01217	0.00819	0.00774	0.01640
7	0.10929	0.02249	0.03056	0.19652	0.04569	0.02299	0.05907	0.08710	0.02643	0.04009	0.02054	0.02582	0.01591	0.01025	0.00984	0.00294	0.01185	0.00861	0.00666	0.24736
8	0.02987	0.03176	0.03374	0.07571	0.03528	0.16072	0.02426	0.06565	0.02382	0.03052	0.01674	0.02421	0.01504	0.01657	0.02641	0.00422	0.35761	0.00925	0.00560	0.01300
9	0.09565	0.08853	0.22880	0.06745	0.04030	0.06398	0.02845	0.07465	0.02654	0.09948	0.02221	0.02508	0.01625	0.01209	0.01243	0.00352	0.06365	0.00860	0.00674	0.01559
10	0.01455	0.01068	0.01395	0.01576	0.01722	0.00965	0.01070	0.01677	0.02170	0.02942	0.05838	0.54725	0.06942	0.03292	0.01384	0.00432	0.00669	0.02980	0.01012	0.06684
11	0.04192	0.03116	0.18590	0.02373	0.03487	0.01949	0.02424	0.04895	0.02962	0.38644	0.03697	0.03384	0.02368	0.01294	0.01113	0.00351	0.01175	0.01040	0.01111	0.01838
12	0.01371	0.00979	0.01306	0.01567	0.01632	0.00914	0.01045	0.01567	0.02155	0.02873	0.06203	0.59710	0.07444	0.03526	0.01437	0.00457	0.00653	0.03200	0.01045	0.00914
13	0.53338	0.02137	0.02045	0.14262	0.03443	0.02519	0.01652	0.03210	0.01992	0.04556	0.01666	0.02095	0.01283	0.01063	0.00794	0.00354	0.01014	0.00698	0.00652	0.01226
14	0.03676	0.01721	0.02429	0.02365	0.06739	0.01564	0.01760	0.04119	0.02892	0.32219	0.04812	0.12821	0.04118	0.02014	0.01263	0.00399	0.00968	0.11340	0.01201	0.01582
15	0.02635	0.15258	0.02996	0.06397	0.02866	0.02491	0.01652	0.03889	0.16509	0.08053	0.14461	0.04476	0.04337	0.01508	0.01052	0.00328	0.00900	0.01236	0.07521	0.01437

[dist]
# distance from previous block
# <min> <max>
9	58

[block]
# block no. 6 follows, 11 sequences, length 12
# corresponding to MSA columns:
# 253-264
name=unknown_G
#
# <colnr> <probs for GDERKNQSTAVLIFYWHMCP>
#	G	D	E	R	K	N	Q	S	T	A	V	L	I	F	Y	W	H	M	C	P
0	0.30258	0.15322	0.03150	0.01934	0.02713	0.02699	0.04661	0.03685	0.02313	0.14520	0.02343	0.02550	0.01770	0.01739	0.05661	0.00454	0.01219	0.00817	0.00778	0.01417
1	0.07713	0.02438	0.02568	0.02208	0.02872	0.02755	0.01748	0.15976	0.31308	0.05290	0.09262	0.04133	0.03705	0.01536	0.01129	0.00366	0.00934	0.01247	0.01119	0.01694
2	0.02132	0.01660	0.02486	0.16219	0.09687	0.01816	0.02008	0.02753	0.07808	0.03195	0.09314	0.05002	0.03613	0.02296	0.02103	0.18835	0.01090	0.06134	0.00732	0.01118
3	0.02520	0.02632	0.04391	0.03483	0.03820	0.03270	0.16306	0.02974	0.01999	0.02974	0.01714	0.02632	0.01545	0.01668	0.02995	0.00459	0.41701	0.01086	0.00515	0.01316
4	0.02729	0.02409	0.04507	0.15390	0.05197	0.02423	0.23894	0.03720	0.06950	0.09852	0.08291	0.03823	0.02934	0.01242	0.01244	0.00372	0.01456	0.01306	0.00780	0.01481
5	0.68395	0.02177	0.01654	0.01480	0.02177	0.02525	0.01219	0.03309	0.01915	0.05050	0.01567	0.01828	0.01219	0.01045	0.00697	0.00348	0.00871	0.00609	0.00697	0.01219
6	0.02920	0.02206	0.03112	0.30709	0.05435	0.02554	0.02509	0.15656	0.03110	0.08837	0.02545	0.03173	0.01895	0.02109	0.07858	0.00538	0.01564	0.01041	0.00766	0.01462
7	0.01455	0.01110	0.01359	0.01523	0.01748	0.01013	0.01147	0.01757	0.02404	0.03046	0.08065	0.31141	0.24009	0.03184	0.01424	0.00442	0.00708	0.12467	0.01043	0.00955
8	0.09654	0.01734	0.02052	0.08910	0.02841	0.01856	0.01523	0.08484	0.07401	0.04557	0.26079	0.06117	0.10672	0.01873	0.01189	0.00359	0.00817	0.01579	0.01041	0.01262
9	0.03749	0.02204	0.02732	0.08570	0.03451	0.02299	0.01893	0.16833	0.09449	0.22671	0.03929	0.10705	0.03082	0.01643	0.01171	0.00367	0.01050	0.01369	0.01141	0.01692
10	0.11559	0.13154	0.03662	0.11203	0.03902	0.09292	0.07421	0.07816	0.02739	0.08142	0.02615	0.08856	0.02284	0.01381	0.01042	0.00341	0.01309	0.01139	0.00739	0.01403
11	0.15732	0.12243	0.37595	0.02693	0.04070	0.02834	0.03275	0.03488	0.02272	0.03746	0.01869	0.02192	0.01386	0.01051	0.00949	0.00340	0.01444	0.00757	0.00521	0.01545

[dist]
# distance from previous block
# <min> <max>
5	17

[block]
# block no. 7 follows, 11 sequences, length 21
# corresponding to MSA columns:
# 282-302
name=unknown_H
#
# <colnr> <probs for GDERKNQSTAVLIFYWHMCP>
#	G	D	E	R	K	N	Q	S	T	A	V	L	I	F	Y	W	H	M	C	P
0	0.03152	0.02047	0.02368	0.02056	0.02665	0.02165	0.01611	0.08527	0.24784	0.16434	0.11348	0.09743	0.04542	0.01776	0.01193	0.00373	0.00863	0.01505	0.01206	0.01642
1	0.02390	0.01448	0.01833	0.01671	0.02075	0.01395	0.01273	0.03223	0.09732	0.13812	0.30309	0.14184	0.07678	0.02193	0.01280	0.00371	0.00680	0.01921	0.01228	0.01304
2	0.02891	0.08614	0.03642	0.08696	0.15019	0.02437	0.06158	0.07649	0.02753	0.08053	0.02503	0.02922	0.01941	0.01086	0.01002	0.00296	0.01150	0.00950	0.09856	0.12383
3	0.03356	0.02996	0.07601	0.02426	0.03194	0.07204	0.02082	0.18514	0.17258	0.09257	0.03289	0.03382	0.02465	0.02362	0.08854	0.00556	0.01472	0.01083	0.00974	0.01673
4	0.02719	0.01521	0.02024	0.02181	0.09025	0.01413	0.01434	0.03209	0.02788	0.16395	0.14137	0.05651	0.11250	0.01695	0.01098	0.00328	0.00752	0.01439	0.19588	0.01354
5	0.02817	0.02986	0.10961	0.26576	0.10569	0.02821	0.06455	0.15442	0.03132	0.04219	0.02220	0.02815	0.01642	0.01152	0.01131	0.00359	0.01467	0.01004	0.00673	0.01556
6	0.01955	0.00978	0.01466	0.01466	0.01466	0.00978	0.00978	0.01466	0.01466	0.01955	0.01955	0.03421	0.01955	0.03910	0.04399	0.67253	0.00978	0.00978	0.00489	0.00489
7	0.04022	0.31730	0.04267	0.01964	0.02881	0.03064	0.01791	0.04420	0.02751	0.28242	0.02992	0.02811	0.02110	0.01176	0.00926	0.00294	0.01082	0.00865	0.00934	0.01678
8	0.01508	0.01113	0.01287	0.01310	0.01469	0.01073	0.00872	0.01675	0.02012	0.02586	0.06289	0.12846	0.20239	0.29188	0.10867	0.00900	0.01147	0.01961	0.00823	0.00836
9	0.12672	0.10955	0.03715	0.02802	0.07545	0.03127	0.05921	0.20668	0.07932	0.10016	0.02641	0.02736	0.01947	0.01211	0.01028	0.00334	0.01186	0.00960	0.00909	0.01696
10	0.01468	0.01123	0.01347	0.01338	0.01617	0.01002	0.00986	0.01865	0.02821	0.03760	0.31570	0.16388	0.25301	0.02667	0.01344	0.00378	0.00562	0.02318	0.01143	0.01002
11	0.02688	0.02959	0.08193	0.16758	0.09192	0.07208	0.06728	0.04424	0.21862	0.03792	0.03037	0.03318	0.02299	0.01255	0.01136	0.00365	0.01339	0.01098	0.00771	0.01576
12	0.02200	0.01859	0.02191	0.01653	0.02524	0.01419	0.01294	0.02658	0.02309	0.03557	0.02583	0.10291	0.02468	0.01207	0.00917	0.00207	0.00809	0.01018	0.00719	0.58115
13	0.10963	0.01436	0.01827	0.06584	0.06890	0.01473	0.01427	0.02297	0.02423	0.03708	0.14386	0.22971	0.09172	0.02262	0.01192	0.00380	0.00773	0.01973	0.06755	0.01107
14	0.03354	0.06394	0.03040	0.08142	0.10311	0.02222	0.02012	0.08050	0.07141	0.20229	0.08905	0.08506	0.03631	0.01563	0.01146	0.00353	0.01030	0.01332	0.01030	0.01610
15	0.59144	0.02211	0.01780	0.01594	0.02282	0.02564	0.01298	0.03685	0.08893	0.05002	0.01992	0.02163	0.01532	0.01113	0.00760	0.00353	0.00873	0.00703	0.00760	0.01298
16	0.01874	0.01031	0.01546	0.01546	0.01593	0.01078	0.01078	0.01593	0.01546	0.02109	0.02203	0.03655	0.02156	0.04971	0.16471	0.51937	0.01454	0.01031	0.00515	0.00610
17	0.68395	0.02177	0.01654	0.01480	0.02177	0.02525	0.01219	0.03309	0.01915	0.05050	0.01567	0.01828	0.01219	0.01045	0.00697	0.00348	0.00871	0.00609	0.00697	0.01219
18	0.09716	0.19689	0.08291	0.02194	0.03176	0.03266	0.02034	0.20078	0.03355	0.04744	0.02089	0.02270	0.01628	0.01100	0.00915	0.00285	0.01163	0.00783	0.00766	0.12458
19	0.18529	0.02337	0.02403	0.11230	0.03440	0.06992	0.01780	0.03972	0.13720	0.08403	0.08177	0.03510	0.02983	0.01327	0.01016	0.00341	0.01050	0.01041	0.00872	0.06877
20	0.27940	0.02781	0.02781	0.02232	0.03038	0.09981	0.05930	0.10231	0.02879	0.12542	0.02312	0.02455	0.01685	0.01129	0.00941	0.00324	0.01189	0.00836	0.00836	0.07960

[dist]
# distance from previous block
# <min> <max>
1	13

[block]
# block no. 8 follows, 11 sequences, length 53
# corresponding to MSA columns:
# 316-368
name=unknown_I
#
# <colnr> <probs for GDERKNQSTAVLIFYWHMCP>
#	G	D	E	R	K	N	Q	S	T	A	V	L	I	F	Y	W	H	M	C	P
0	0.19622	0.02541	0.04508	0.03382	0.04299	0.02499	0.27762	0.03605	0.02519	0.09151	0.02657	0.03699	0.02133	0.01218	0.01168	0.00381	0.01459	0.05228	0.00729	0.01438
1	0.02459	0.02335	0.03987	0.04750	0.27335	0.02321	0.10994	0.03372	0.07648	0.03816	0.10108	0.09111	0.03745	0.01470	0.01217	0.00362	0.01212	0.01444	0.00764	0.01550
2	0.04716	0.02451	0.02944	0.02257	0.03140	0.02449	0.01864	0.24613	0.04118	0.33810	0.03688	0.03342	0.02409	0.01375	0.01129	0.00344	0.01079	0.01081	0.01277	0.01915
3	0.02689	0.02319	0.02495	0.02143	0.02865	0.02492	0.01676	0.05236	0.39782	0.04462	0.03970	0.03758	0.03017	0.01363	0.01071	0.00331	0.00877	0.01129	0.01032	0.17292
4	0.05050	0.01915	0.02612	0.02003	0.02873	0.01654	0.01654	0.05485	0.03221	0.54203	0.04440	0.03831	0.02786	0.01393	0.01132	0.00348	0.00958	0.01132	0.01393	0.01915
5	0.68395	0.02177	0.01654	0.01480	0.02177	0.02525	0.01219	0.03309	0.01915	0.05050	0.01567	0.01828	0.01219	0.01045	0.00697	0.00348	0.00871	0.00609	0.00697	0.01219
6	0.01955	0.00978	0.01466	0.01466	0.01466	0.00978	0.00978	0.01466	0.01466	0.01955	0.01955	0.03421	0.01955	0.03910	0.04399	0.67253	0.00978	0.00978	0.00489	0.00489
7	0.01371	0.00979	0.01306	0.01567	0.01632	0.00914	0.01045	0.01567	0.02155	0.02873	0.06203	0.59710	0.07444	0.03526	0.01437	0.00457	0.00653	0.03200	0.01045	0.00914
8	0.04177	0.02579	0.02934	0.02329	0.03158	0.02734	0.01898	0.25072	0.15532	0.21733	0.03708	0.03421	0.02556	0.01406	0.01132	0.00352	0.01066	0.01113	0.01217	0.01883
9	0.03614	0.02049	0.02450	0.01967	0.02653	0.02028	0.01591	0.18338	0.03814	0.22327	0.16703	0.05226	0.08770	0.01733	0.01196	0.00349	0.00906	0.01429	0.01240	0.01617
10	0.01392	0.00995	0.01325	0.01553	0.01637	0.00928	0.01046	0.01619	0.02251	0.03027	0.10564	0.54913	0.07741	0.03412	0.01426	0.00447	0.00642	0.03091	0.01063	0.00928
11	0.02716	0.02227	0.02539	0.01848	0.02829	0.01891	0.01492	0.12033	0.02915	0.04340	0.02138	0.02406	0.01716	0.00935	0.00891	0.00200	0.00913	0.00735	0.00757	0.54478
12	0.01477	0.01122	0.01359	0.01349	0.01623	0.01005	0.00993	0.01881	0.02838	0.03805	0.32822	0.16596	0.23727	0.02654	0.01344	0.00377	0.00561	0.02313	0.01149	0.01005
13	0.01598	0.01075	0.01239	0.01277	0.01286	0.01066	0.00734	0.01627	0.01712	0.02282	0.03930	0.14928	0.04576	0.52222	0.05109	0.01000	0.01028	0.01863	0.00734	0.00716
14	0.02257	0.05822	0.54613	0.03208	0.04871	0.02614	0.04158	0.03564	0.02376	0.03564	0.02020	0.02376	0.01426	0.01069	0.01069	0.00356	0.01663	0.00832	0.00475	0.01663
15	0.02334	0.02001	0.02334	0.01667	0.02667	0.01500	0.01334	0.02834	0.02334	0.03668	0.02001	0.02334	0.01667	0.00834	0.00834	0.00167	0.00834	0.00667	0.00667	0.67325
16	0.02462	0.02462	0.03447	0.02955	0.02955	0.03447	0.02462	0.02709	0.01724	0.02709	0.01477	0.02462	0.01477	0.01970	0.03694	0.00492	0.58385	0.00985	0.00492	0.01231
17	0.01869	0.01034	0.01551	0.01551	0.01601	0.01084	0.01084	0.01601	0.01551	0.02118	0.02217	0.03669	0.02167	0.05030	0.17151	0.51075	0.01481	0.01034	0.00517	0.00616
18	0.02657	0.03036	0.06641	0.04744	0.05882	0.02846	0.49336	0.03605	0.02657	0.03605	0.02277	0.03036	0.01708	0.00949	0.01328	0.00380	0.01898	0.01328	0.00569	0.01518
19	0.01505	0.01147	0.01382	0.01323	0.01627	0.01024	0.00993	0.01953	0.02978	0.04019	0.38928	0.09221	0.24830	0.02485	0.01328	0.00363	0.00544	0.02150	0.01174	0.01024
20	0.01712	0.01306	0.01611	0.01723	0.01941	0.01330	0.01245	0.02560	0.11927	0.03497	0.12438	0.38329	0.07042	0.02934	0.01373	0.00432	0.00709	0.05685	0.01091	0.01113
21	0.01788	0.01266	0.01729	0.01951	0.02172	0.01266	0.01650	0.02231	0.02453	0.03197	0.05611	0.11926	0.06133	0.11392	0.02158	0.00601	0.01044	0.39461	0.00985	0.00985
22	0.04964	0.02053	0.02697	0.02068	0.02942	0.01858	0.01708	0.10392	0.03451	0.48971	0.04247	0.03706	0.02689	0.01388	0.01131	0.00347	0.00989	0.01119	0.01363	0.01915
23	0.02479	0.07428	0.03650	0.07707	0.03373	0.03450	0.02475	0.02780	0.01818	0.02718	0.01531	0.02454	0.01477	0.01809	0.03213	0.00461	0.48479	0.00954	0.00492	0.01251
24	0.59244	0.02139	0.01793	0.01556	0.02277	0.02399	0.01282	0.03623	0.02104	0.12151	0.01982	0.02118	0.01445	0.01095	0.00759	0.00348	0.00883	0.00685	0.00797	0.01320
25	0.02047	0.02178	0.09265	0.01978	0.02506	0.01777	0.01707	0.07235	0.12357	0.03756	0.05712	0.28137	0.11853	0.02479	0.01282	0.00406	0.00886	0.02157	0.00992	0.01292
26	0.05050	0.01915	0.02612	0.02003	0.02873	0.01654	0.01654	0.05485	0.03221	0.54203	0.04440	0.03831	0.02786	0.01393	0.01132	0.00348	0.00958	0.01132	0.01393	0.01915
27	0.03777	0.09411	0.03455	0.02443	0.03286	0.03429	0.02028	0.33886	0.16188	0.06019	0.03034	0.02967	0.02233	0.01351	0.01086	0.00338	0.01150	0.01031	0.01059	0.01830
28	0.68395	0.02177	0.01654	0.01480	0.02177	0.02525	0.01219	0.03309	0.01915	0.05050	0.01567	0.01828	0.01219	0.01045	0.00697	0.00348	0.00871	0.00609	0.00697	0.01219
29	0.01905	0.01011	0.01516	0.01516	0.01545	0.01040	0.01040	0.01545	0.01516	0.02050	0.02108	0.03566	0.02079	0.04565	0.11851	0.57799	0.01272	0.01011	0.00505	0.00563
30	0.01448	0.01108	0.01329	0.01351	0.01613	0.00988	0.00984	0.01815	0.02729	0.03613	0.27384	0.20915	0.25099	0.02776	0.01353	0.00387	0.00573	0.02422	0.01125	0.00988
31	0.02458	0.09592	0.34102	0.03622	0.05047	0.02850	0.19369	0.03562	0.02464	0.03500	0.02069	0.02552	0.01523	0.01019	0.01128	0.00354	0.01704	0.00981	0.00508	0.01595
32	0.02140	0.01269	0.01616	0.01567	0.01729	0.01343	0.01107	0.02513	0.11326	0.02815	0.02715	0.03685	0.02378	0.03070	0.03243	0.44541	0.00895	0.01045	0.10181	0.00822
33	0.46327	0.16453	0.02816	0.01731	0.02479	0.08468	0.01484	0.03445	0.02134	0.04246	0.01584	0.01844	0.01296	0.01037	0.00735	0.00317	0.01069	0.00620	0.00634	0.01281
34	0.55462	0.09004	0.02261	0.01655	0.02371	0.07457	0.01382	0.03420	0.02069	0.04580	0.01582	0.01844	0.01264	0.01046	0.00728	0.00331	0.01010	0.00619	0.00662	0.01252
35	0.02744	0.03391	0.17956	0.12505	0.12136	0.02576	0.12943	0.03913	0.07973	0.08810	0.02618	0.03026	0.01912	0.01127	0.01154	0.00363	0.01482	0.01068	0.00680	0.01623
36	0.02126	0.02001	0.03376	0.57739	0.07752	0.02501	0.03126	0.02876	0.02251	0.02876	0.02001	0.03001	0.01500	0.01125	0.01125	0.00375	0.01500	0.01000	0.00500	0.01250
37	0.01777	0.01370	0.01856	0.01802	0.02078	0.01541	0.01394	0.02606	0.09240	0.03286	0.12950	0.05166	0.04425	0.06246	0.37409	0.01319	0.02224	0.01377	0.00805	0.01128
38	0.02581	0.05022	0.42271	0.03335	0.04842	0.02560	0.10968	0.03750	0.02499	0.08306	0.02286	0.02615	0.01597	0.01081	0.01116	0.00359	0.01634	0.00937	0.00576	0.01664
39	0.01607	0.01079	0.01236	0.01265	0.01273	0.01072	0.00722	0.01629	0.01694	0.02259	0.03841	0.13179	0.04464	0.54124	0.05252	0.01021	0.01043	0.01810	0.00722	0.00708
40	0.03245	0.02638	0.03758	0.03620	0.13417	0.02777	0.09975	0.12153	0.21336	0.09798	0.03398	0.03449	0.02513	0.01287	0.01165	0.00361	0.01207	0.01172	0.00957	0.01774
41	0.20975	0.38900	0.04594	0.02315	0.07885	0.03740	0.01888	0.03362	0.02213	0.03415	0.01622	0.01912	0.01417	0.00990	0.00755	0.00280	0.01126	0.00645	0.00548	0.01417
42	0.03955	0.01654	0.02204	0.01775	0.02446	0.01458	0.01433	0.04421	0.03134	0.37769	0.15885	0.04954	0.04660	0.01602	0.01147	0.00342	0.00816	0.01339	0.07375	0.01632
43	0.02370	0.02116	0.02812	0.02009	0.03024	0.01650	0.06665	0.02920	0.02370	0.03661	0.02031	0.02412	0.01672	0.00846	0.00888	0.00190	0.00952	0.00740	0.00656	0.60017
44	0.03982	0.01920	0.02523	0.02052	0.02652	0.01933	0.01640	0.04584	0.07286	0.34806	0.03907	0.04183	0.02851	0.10018	0.02158	0.00479	0.09060	0.01197	0.01140	0.01628
45	0.01608	0.01206	0.01809	0.01809	0.02010	0.01407	0.01407	0.02010	0.01809	0.02613	0.03015	0.04422	0.02814	0.08441	0.55984	0.01809	0.03015	0.01206	0.00603	0.01005
46	0.04413	0.02049	0.02605	0.02034	0.02826	0.01929	0.01665	0.13624	0.03620	0.38021	0.10918	0.04256	0.03720	0.01513	0.01158	0.00347	0.00952	0.01236	0.01319	0.01795
47	0.02257	0.05822	0.54613	0.03208	0.04871	0.02614	0.04158	0.03564	0.02376	0.03564	0.02020	0.02376	0.01426	0.01069	0.01069	0.00356	0.01663	0.00832	0.00475	0.01663
48	0.02786	0.02674	0.04568	0.06908	0.53424	0.02674	0.03454	0.03454	0.02563	0.03677	0.02117	0.02786	0.01783	0.01003	0.01114	0.00334	0.01337	0.01003	0.00557	0.01783
49	0.04204	0.05364	0.03190	0.02900	0.03480	0.55926	0.02175	0.04494	0.03190	0.02755	0.01740	0.02030	0.01450	0.01160	0.01015	0.00290	0.02030	0.00725	0.00580	0.01305
50	0.01955	0.00978	0.01466	0.01466	0.01466	0.00978	0.00978	0.01466	0.01466	0.01955	0.01955	0.03421	0.01955	0.03910	0.04399	0.67253	0.00978	0.00978	0.00489	0.00489
51	0.68395	0.02177	0.01654	0.01480	0.02177	0.02525	0.01219	0.03309	0.01915	0.05050	0.01567	0.01828	0.01219	0.01045	0.00697	0.00348	0.00871	0.00609	0.00697	0.01219
52	0.62798	0.02154	0.01739	0.01526	0.02238	0.02448	0.01257	0.03501	0.02031	0.09393	0.01821	0.02005	0.01357	0.01076	0.00735	0.00348	0.00878	0.00656	0.00758	0.01280

[dist]
# distance from previous block
# <min> <max>
0	1

[block]
# block no. 9 follows, 11 sequences, length 31
# corresponding to MSA columns:
# 370-400
name=unknown_J
#
# <colnr> <probs for GDERKNQSTAVLIFYWHMCP>
#	G	D	E	R	K	N	Q	S	T	A	V	L	I	F	Y	W	H	M	C	P
0	0.68395	0.02177	0.01654	0.01480	0.02177	0.02525	0.01219	0.03309	0.01915	0.05050	0.01567	0.01828	0.01219	0.01045	0.00697	0.00348	0.00871	0.00609	0.00697	0.01219
1	0.01637	0.01091	0.01228	0.01228	0.01228	0.01091	0.00682	0.01637	0.01637	0.02182	0.03546	0.07365	0.04092	0.60445	0.05729	0.01091	0.01091	0.01637	0.00682	0.00682
2	0.02334	0.02001	0.02334	0.01667	0.02667	0.01500	0.01334	0.02834	0.02334	0.03668	0.02001	0.02334	0.01667	0.00834	0.00834	0.00167	0.00834	0.00667	0.00667	0.67325
3	0.03172	0.02538	0.03319	0.17731	0.11564	0.02826	0.02468	0.25319	0.03747	0.05019	0.02819	0.09095	0.02397	0.01482	0.01158	0.00360	0.01257	0.01250	0.00869	0.01609
4	0.02564	0.02448	0.04169	0.23941	0.38120	0.02616	0.03344	0.03260	0.02458	0.03409	0.02078	0.02858	0.01688	0.01044	0.01118	0.00348	0.01392	0.01002	0.00538	0.01604
5	0.01955	0.00978	0.01466	0.01466	0.01466	0.00978	0.00978	0.01466	0.01466	0.01955	0.01955	0.03421	0.01955	0.03910	0.04399	0.67253	0.00978	0.00978	0.00489	0.00489
6	0.01879	0.01278	0.01483	0.01412	0.01524	0.01405	0.00984	0.02103	0.01950	0.02963	0.03882	0.05915	0.07018	0.28891	0.03532	0.00688	0.09095	0.01412	0.21688	0.00898
7	0.01955	0.00978	0.01466	0.01466	0.01466	0.00978	0.00978	0.01466	0.01466	0.01955	0.01955	0.03421	0.01955	0.03910	0.04399	0.67253	0.00978	0.00978	0.00489	0.00489
8	0.01921	0.01233	0.01563	0.01509	0.01847	0.01115	0.01166	0.02354	0.02887	0.09395	0.28589	0.13834	0.18294	0.02530	0.01343	0.00388	0.00656	0.07090	0.01172	0.01115
9	0.02504	0.02766	0.05906	0.04267	0.05281	0.02591	0.42426	0.03393	0.02732	0.03735	0.09513	0.03805	0.02984	0.01142	0.01328	0.00376	0.01702	0.01430	0.00665	0.01453
10	0.02521	0.01173	0.01273	0.01186	0.01535	0.01136	0.00911	0.03032	0.02484	0.11354	0.03782	0.04144	0.02871	0.01323	0.00836	0.00275	0.00587	0.01061	0.57346	0.01173
11	0.04003	0.04942	0.03097	0.02812	0.03400	0.48321	0.02118	0.04707	0.10089	0.03034	0.02146	0.02340	0.01734	0.01212	0.01034	0.00303	0.01867	0.00803	0.00661	0.01373
12	0.13120	0.02846	0.02942	0.02363	0.03174	0.03195	0.01926	0.33099	0.15291	0.06258	0.02967	0.02918	0.02161	0.01347	0.01069	0.00349	0.01107	0.01014	0.01069	0.01784
13	0.01637	0.01091	0.01228	0.01228	0.01228	0.01091	0.00682	0.01637	0.01637	0.02182	0.03546	0.07365	0.04092	0.60445	0.05729	0.01091	0.01091	0.01637	0.00682	0.00682
14	0.02758	0.26011	0.19236	0.02310	0.03482	0.03157	0.02473	0.07741	0.02612	0.03572	0.01906	0.02178	0.01534	0.01003	0.00888	0.00268	0.01260	0.00724	0.00583	0.16307
15	0.42583	0.09016	0.02902	0.02062	0.02845	0.06904	0.06871	0.03651	0.02266	0.09146	0.01936	0.02170	0.01468	0.01067	0.00838	0.00335	0.01124	0.00749	0.00716	0.01351
16	0.02172	0.03116	0.18693	0.03035	0.03869	0.02253	0.14035	0.02904	0.02210	0.03153	0.02551	0.03858	0.02230	0.03132	0.13941	0.05632	0.06880	0.04456	0.00572	0.01309
17	0.02334	0.02001	0.02334	0.01667	0.02667	0.01500	0.01334	0.02834	0.02334	0.03668	0.02001	0.02334	0.01667	0.00834	0.00834	0.00167	0.00834	0.00667	0.00667	0.67325
18	0.44393	0.23814	0.03212	0.01644	0.02438	0.03233	0.01478	0.03331	0.02052	0.04168	0.01566	0.01820	0.01302	0.01015	0.00706	0.00309	0.00993	0.00607	0.00618	0.01302
19	0.02240	0.01458	0.01789	0.01803	0.02120	0.01471	0.01308	0.03184	0.14091	0.10660	0.05563	0.38426	0.05818	0.02742	0.01323	0.00423	0.00754	0.02442	0.01119	0.01265
20	0.04279	0.03153	0.03378	0.02590	0.03490	0.03490	0.02139	0.49671	0.05292	0.07093	0.02702	0.02702	0.01914	0.01351	0.01126	0.00338	0.01239	0.01013	0.01126	0.01914
21	0.01544	0.01113	0.01460	0.01450	0.01671	0.01029	0.01058	0.02000	0.02957	0.04149	0.42477	0.19799	0.09915	0.02573	0.01352	0.00377	0.00558	0.02294	0.01196	0.01029
22	0.02663	0.02274	0.02427	0.02191	0.02786	0.02602	0.01700	0.05543	0.45924	0.04686	0.10052	0.04676	0.04250	0.01615	0.01166	0.00379	0.00850	0.01359	0.01156	0.01700
23	0.04333	0.01733	0.02312	0.01830	0.02564	0.01520	0.01490	0.04789	0.03120	0.43040	0.09702	0.04378	0.03663	0.01484	0.01114	0.00339	0.00861	0.01222	0.08781	0.01723
24	0.01979	0.01556	0.01837	0.01696	0.02080	0.01617	0.01292	0.03357	0.18596	0.04576	0.37405	0.07062	0.08323	0.02054	0.01269	0.00363	0.00646	0.01792	0.01209	0.01292
25	0.62605	0.02078	0.01601	0.01442	0.02101	0.02396	0.01181	0.03249	0.01954	0.04975	0.01751	0.02035	0.01364	0.01068	0.00704	0.00341	0.00840	0.00648	0.06461	0.01204
26	0.18117	0.01969	0.02414	0.01895	0.02729	0.01834	0.01564	0.05036	0.02952	0.44063	0.03848	0.03418	0.02463	0.01321	0.01042	0.00348	0.00940	0.01024	0.01249	0.01772
27	0.02676	0.02921	0.03002	0.31670	0.05456	0.19339	0.02505	0.03194	0.02536	0.02837	0.02556	0.11309	0.02388	0.01501	0.01137	0.00360	0.01541	0.01247	0.00608	0.01217
28	0.02126	0.02001	0.03376	0.57739	0.07752	0.02501	0.03126	0.02876	0.02251	0.02876	0.02001	0.03001	0.01500	0.01125	0.01125	0.00375	0.01500	0.01000	0.00500	0.01250
29	0.54305	0.02119	0.01867	0.01596	0.02332	0.02331	0.01316	0.03793	0.02206	0.15983	0.02206	0.02274	0.01568	0.01122	0.00793	0.00348	0.00890	0.00726	0.00851	0.01374
30	0.01462	0.01049	0.01387	0.01506	0.01652	0.00974	0.01052	0.01794	0.02575	0.03541	0.25182	0.38828	0.08737	0.03027	0.01392	0.00415	0.00603	0.02726	0.01124	0.00974

[dist]
# distance from previous block
# <min> <max>
0	1

[block]
# block no. 10 follows, 11 sequences, length 19
# corresponding to MSA columns:
# 402-420
name=unknown_K
#
# <colnr> <probs for GDERKNQSTAVLIFYWHMCP>
#	G	D	E	R	K	N	Q	S	T	A	V	L	I	F	Y	W	H	M	C	P
0	0.01541	0.01158	0.01610	0.07630	0.02319	0.01145	0.01278	0.01930	0.02572	0.03521	0.24144	0.33286	0.08049	0.02781	0.01360	0.00407	0.00697	0.02501	0.01062	0.01009
1	0.28885	0.01714	0.01892	0.01673	0.02202	0.01769	0.05304	0.02534	0.02333	0.04059	0.10675	0.11523	0.17596	0.01958	0.01082	0.00372	0.00814	0.01613	0.00883	0.01119
2	0.01861	0.01347	0.01668	0.01666	0.01916	0.01333	0.01208	0.08674	0.02937	0.04006	0.20625	0.35076	0.07664	0.02821	0.01357	0.00407	0.00698	0.02512	0.01119	0.01106
3	0.02376	0.02136	0.02898	0.02070	0.03088	0.01677	0.07620	0.02935	0.02376	0.03659	0.02037	0.02426	0.01672	0.00849	0.00898	0.00195	0.00973	0.00753	0.00654	0.58706
4	0.61175	0.02535	0.01827	0.01640	0.02323	0.08532	0.01326	0.03442	0.02059	0.04792	0.01587	0.01851	0.01245	0.01058	0.00732	0.00342	0.01001	0.00622	0.00683	0.01229
5	0.01708	0.01301	0.01593	0.01552	0.01841	0.01277	0.01149	0.02542	0.09896	0.04139	0.34463	0.17492	0.11813	0.02454	0.01322	0.00379	0.00608	0.02164	0.01177	0.01131
6	0.02131	0.04200	0.34170	0.16670	0.05181	0.02412	0.03503	0.03168	0.02263	0.03255	0.02158	0.02827	0.01644	0.02145	0.08993	0.00570	0.01817	0.00928	0.00500	0.01465
7	0.02257	0.05822	0.54613	0.03208	0.04871	0.02614	0.04158	0.03564	0.02376	0.03564	0.02020	0.02376	0.01426	0.01069	0.01069	0.00356	0.01663	0.00832	0.00475	0.01663
8	0.03066	0.45995	0.12260	0.02234	0.03242	0.11115	0.02268	0.03548	0.02421	0.02789	0.01651	0.01914	0.01443	0.01004	0.00809	0.00263	0.01378	0.00650	0.00494	0.01456
9	0.01593	0.01150	0.01504	0.01416	0.01681	0.01062	0.01062	0.02124	0.03186	0.04513	0.52830	0.08407	0.10620	0.02301	0.01327	0.00354	0.00531	0.02035	0.01239	0.01062
10	0.59649	0.02141	0.01786	0.01552	0.02273	0.02405	0.01279	0.03609	0.02096	0.11837	0.01964	0.02105	0.01435	0.01093	0.00757	0.00348	0.00883	0.00682	0.00793	0.01315
11	0.02075	0.01249	0.01711	0.01851	0.02114	0.01185	0.01470	0.02447	0.02495	0.10180	0.05852	0.31170	0.06373	0.03047	0.01447	0.00469	0.00865	0.21805	0.01089	0.01107
12	0.01391	0.01143	0.01225	0.01204	0.01558	0.00976	0.00903	0.01733	0.02709	0.03382	0.21006	0.10270	0.43150	0.02723	0.01330	0.00374	0.00561	0.02297	0.01090	0.00976
13	0.50214	0.02172	0.01915	0.01667	0.02381	0.02437	0.01359	0.03991	0.08935	0.12082	0.02397	0.02444	0.01751	0.01162	0.00821	0.00353	0.00886	0.00776	0.00859	0.01397
14	0.01407	0.01126	0.01258	0.01262	0.01577	0.00977	0.00933	0.01750	0.02691	0.03426	0.22197	0.15494	0.36391	0.02773	0.01341	0.00381	0.00568	0.02372	0.01098	0.00977
15	0.02462	0.02462	0.03447	0.02955	0.02955	0.03447	0.02462	0.02709	0.01724	0.02709	0.01477	0.02462	0.01477	0.01970	0.03694	0.00492	0.58385	0.00985	0.00492	0.01231
16	0.02542	0.01455	0.01994	0.01849	0.02111	0.01534	0.01391	0.02751	0.02192	0.15337	0.04002	0.19419	0.03966	0.09934	0.10264	0.06565	0.08903	0.01733	0.00903	0.01154
17	0.19587	0.02096	0.02526	0.09650	0.07703	0.02017	0.01766	0.03305	0.02332	0.09425	0.02166	0.02497	0.01662	0.01003	0.00895	0.00276	0.00990	0.00777	0.00722	0.28607
18	0.46701	0.17372	0.02875	0.01680	0.02460	0.03094	0.01471	0.06883	0.02270	0.04591	0.01654	0.01890	0.01330	0.01047	0.00736	0.00320	0.00984	0.00639	0.00674	0.01330

[dist]
# distance from previous block
# <min> <max>
0	3

[block]
# block no. 11 follows, 11 sequences, length 11
# corresponding to MSA columns:
# 424-434
name=unknown_L
#
# <colnr> <probs for GDERKNQSTAVLIFYWHMCP>
#	G	D	E	R	K	N	Q	S	T	A	V	L	I	F	Y	W	H	M	C	P
0	0.02276	0.13656	0.11642	0.22880	0.05216	0.02697	0.09587	0.02983	0.02322	0.03043	0.02594	0.11202	0.02402	0.01421	0.01118	0.00360	0.01401	0.01279	0.00585	0.01337
1	0.01637	0.01091	0.01228	0.01228	0.01228	0.01091	0.00682	0.01637	0.01637	0.02182	0.03546	0.07365	0.04092	0.60445	0.05729	0.01091	0.01091	0.01637	0.00682	0.00682
2	0.01617	0.01233	0.01564	0.01521	0.01690	0.01280	0.01097	0.01911	0.02314	0.03169	0.19433	0.12046	0.13194	0.17592	0.10127	0.00759	0.05706	0.01892	0.00908	0.00945
3	0.02381	0.04609	0.35168	0.03488	0.04929	0.02562	0.16919	0.03498	0.02453	0.03587	0.02092	0.02563	0.01533	0.01009	0.01119	0.00343	0.01643	0.00958	0.00523	0.08624
4	0.01602	0.01096	0.01335	0.01436	0.01491	0.01081	0.00939	0.01727	0.01903	0.02525	0.04534	0.20381	0.05238	0.38421	0.04091	0.00856	0.00981	0.08753	0.00821	0.00790
5	0.02241	0.01716	0.01996	0.01812	0.02230	0.01802	0.01385	0.10064	0.14349	0.04720	0.27893	0.13647	0.07239	0.02150	0.01271	0.00372	0.00736	0.01868	0.01174	0.01334
6	0.02334	0.02001	0.02334	0.01667	0.02667	0.01500	0.01334	0.02834	0.02334	0.03668	0.02001	0.02334	0.01667	0.00834	0.00834	0.00167	0.00834	0.00667	0.00667	0.67325
7	0.02784	0.02110	0.02012	0.01841	0.02157	0.13095	0.01355	0.02855	0.02528	0.10049	0.15316	0.04455	0.04185	0.02546	0.02417	0.26150	0.01090	0.01215	0.00827	0.01013
