[name]
unknown

[dist]
# distance from previous block
# <min> <max>
10	516

[block]
# block no. 0 follows, 12 sequences, length 12
# corresponding to MSA columns:
# 562-573
name=unknown_A
#
# <colnr> <probs for GDERKNQSTAVLIFYWHMCP>
#	G	D	E	R	K	N	Q	S	T	A	V	L	I	F	Y	W	H	M	C	P
0	0.10585	0.02289	0.02985	0.07373	0.06310	0.02505	0.05373	0.08461	0.16580	0.16317	0.03174	0.03212	0.02293	0.01318	0.01274	0.00361	0.05998	0.01052	0.00939	0.01601
1	0.09453	0.01362	0.01838	0.01742	0.02074	0.01513	0.01374	0.02526	0.01943	0.09733	0.02947	0.03932	0.02552	0.06497	0.43770	0.01412	0.02432	0.01095	0.00694	0.01112
2	0.02589	0.03118	0.14436	0.03136	0.08198	0.02363	0.12830	0.08532	0.06990	0.03960	0.02295	0.02645	0.01757	0.01003	0.01036	0.00293	0.01281	0.00930	0.00666	0.21942
3	0.02919	0.16813	0.03502	0.02064	0.02893	0.02262	0.06924	0.03366	0.02452	0.14770	0.02920	0.10206	0.02538	0.01312	0.00974	0.00278	0.01013	0.01122	0.00795	0.20874
4	0.07647	0.07970	0.02669	0.08351	0.05636	0.01850	0.05669	0.02217	0.01800	0.02564	0.02025	0.03311	0.01922	0.08649	0.02940	0.31267	0.01125	0.00979	0.00521	0.00887
5	0.02848	0.02896	0.11655	0.03559	0.04590	0.02327	0.30220	0.03676	0.02695	0.13361	0.08120	0.03557	0.02735	0.01155	0.01218	0.00356	0.01497	0.01261	0.00758	0.01514
6	0.01670	0.01319	0.01706	0.07709	0.02445	0.01397	0.01361	0.02469	0.11815	0.03124	0.05281	0.43977	0.05863	0.02801	0.01306	0.00420	0.00763	0.02518	0.00975	0.01081
7	0.02716	0.03477	0.20849	0.10517	0.08637	0.02588	0.06952	0.08083	0.13584	0.07570	0.02741	0.02976	0.01997	0.01169	0.01093	0.00351	0.01339	0.01009	0.00735	0.01619
8	0.03502	0.01921	0.02383	0.05847	0.02880	0.01880	0.01593	0.14020	0.03300	0.23625	0.09926	0.03914	0.03329	0.01379	0.01051	0.00312	0.00905	0.01127	0.09832	0.07277
9	0.17724	0.02242	0.02690	0.02705	0.12752	0.02159	0.01794	0.09521	0.02661	0.08693	0.02156	0.02407	0.01663	0.00996	0.00892	0.00269	0.00972	0.00779	0.00749	0.26176
10	0.09833	0.26248	0.20794	0.02205	0.03322	0.03015	0.02411	0.03493	0.02306	0.08836	0.01990	0.02181	0.01527	0.01008	0.00856	0.00285	0.01219	0.00715	0.00596	0.07157
11	0.03158	0.07072	0.02735	0.01913	0.02767	0.02155	0.01568	0.08100	0.13592	0.15606	0.03027	0.02962	0.02228	0.01126	0.00952	0.00265	0.00909	0.00896	0.00926	0.28042

[dist]
# distance from previous block
# <min> <max>
5	41

[block]
# block no. 1 follows, 12 sequences, length 39
# corresponding to MSA columns:
# 615-653
name=unknown_B
#
# <colnr> <probs for GDERKNQSTAVLIFYWHMCP>
#	G	D	E	R	K	N	Q	S	T	A	V	L	I	F	Y	W	H	M	C	P
0	0.02260	0.11703	0.02529	0.01854	0.02220	0.10760	0.01441	0.02782	0.06294	0.03221	0.16505	0.17088	0.05295	0.05927	0.01572	0.00394	0.04514	0.01654	0.00853	0.01132
1	0.02535	0.24200	0.23899	0.02286	0.03316	0.02775	0.02518	0.03214	0.02308	0.07786	0.02737	0.12664	0.02544	0.01452	0.00988	0.00323	0.01220	0.01162	0.00642	0.01431
2	0.02687	0.07246	0.26944	0.02390	0.03493	0.02304	0.02639	0.07897	0.06025	0.11458	0.04117	0.04078	0.11177	0.01437	0.01079	0.00341	0.01208	0.01145	0.00791	0.01542
3	0.02686	0.02283	0.02355	0.02117	0.02636	0.07166	0.01630	0.04372	0.27561	0.07603	0.04023	0.13683	0.03511	0.01750	0.01290	0.00361	0.04979	0.01434	0.00974	0.07587
4	0.02377	0.12671	0.02875	0.01660	0.02622	0.01962	0.01394	0.02838	0.02253	0.03377	0.01863	0.02170	0.01577	0.00830	0.00788	0.00174	0.00871	0.00635	0.00614	0.56449
5	0.02039	0.01344	0.01806	0.11662	0.02730	0.01362	0.01361	0.02393	0.02115	0.07663	0.03653	0.16639	0.03637	0.14801	0.05705	0.00580	0.01042	0.01562	0.10742	0.07165
6	0.02527	0.01731	0.02025	0.01852	0.02320	0.01820	0.01416	0.04080	0.24478	0.12064	0.16440	0.15085	0.05561	0.01980	0.01199	0.00371	0.00750	0.01718	0.01151	0.01432
7	0.01693	0.01206	0.01697	0.11626	0.02514	0.01307	0.01276	0.01847	0.01830	0.02463	0.06562	0.09774	0.03709	0.25425	0.10852	0.12003	0.01287	0.01463	0.00654	0.00813
8	0.01973	0.01458	0.01734	0.01539	0.01920	0.01433	0.01188	0.10734	0.03371	0.04632	0.39519	0.07467	0.14505	0.02134	0.01252	0.00343	0.00641	0.01839	0.01157	0.01161
9	0.02763	0.51603	0.05279	0.12029	0.03636	0.03978	0.02072	0.03180	0.02209	0.02604	0.01591	0.01955	0.01409	0.00961	0.00769	0.00256	0.01217	0.00652	0.00470	0.01366
10	0.03176	0.03156	0.02689	0.02397	0.03017	0.17391	0.01852	0.08545	0.36257	0.04213	0.03574	0.03405	0.02711	0.01372	0.01074	0.00343	0.01182	0.01073	0.00961	0.01611
11	0.02095	0.12956	0.11142	0.01820	0.02618	0.01973	0.01735	0.02670	0.02490	0.03551	0.17450	0.07705	0.04440	0.01451	0.01003	0.00275	0.00902	0.01207	0.00770	0.21749
12	0.02869	0.11084	0.12130	0.02298	0.03324	0.07317	0.05237	0.07324	0.02657	0.07423	0.02109	0.02353	0.01630	0.00979	0.00923	0.00253	0.01203	0.00772	0.00666	0.27448
13	0.30338	0.02143	0.02536	0.01999	0.02799	0.02179	0.05441	0.08123	0.02738	0.27192	0.02885	0.02786	0.01940	0.01177	0.00943	0.00339	0.00990	0.00901	0.00995	0.01556
14	0.01328	0.00949	0.01265	0.01518	0.01581	0.00886	0.01012	0.01518	0.02088	0.02783	0.06010	0.60969	0.07212	0.03416	0.01392	0.00443	0.00633	0.03100	0.01012	0.00886
15	0.02673	0.03547	0.25073	0.18855	0.12567	0.02357	0.03253	0.03560	0.02430	0.11883	0.02352	0.02759	0.01669	0.01093	0.01067	0.00346	0.01409	0.00923	0.00625	0.01558
16	0.03193	0.07721	0.19234	0.12690	0.04482	0.02441	0.06705	0.06983	0.02726	0.19207	0.02690	0.02866	0.01846	0.01140	0.01063	0.00338	0.01336	0.00957	0.00781	0.01602
17	0.01917	0.01157	0.01575	0.01718	0.01938	0.01088	0.01310	0.02230	0.02347	0.09768	0.05718	0.39104	0.06349	0.03029	0.01387	0.00447	0.00781	0.16038	0.01053	0.01046
18	0.03277	0.01894	0.06925	0.01813	0.02486	0.01452	0.01587	0.03813	0.03033	0.29946	0.24548	0.05398	0.05685	0.01681	0.01169	0.00340	0.00820	0.01428	0.01208	0.01495
19	0.09160	0.02768	0.14686	0.02434	0.03348	0.02010	0.08206	0.03986	0.06102	0.21633	0.06692	0.08172	0.03051	0.01433	0.01106	0.00354	0.01131	0.01242	0.00936	0.01549
20	0.07381	0.07875	0.07617	0.14540	0.07222	0.02733	0.02410	0.02998	0.02168	0.06545	0.06599	0.03012	0.02312	0.01441	0.01838	0.00379	0.20015	0.00987	0.00617	0.01312
21	0.01328	0.00949	0.01265	0.01518	0.01581	0.00886	0.01012	0.01518	0.02088	0.02783	0.06010	0.60969	0.07212	0.03416	0.01392	0.00443	0.00633	0.03100	0.01012	0.00886
22	0.03100	0.07445	0.14748	0.21221	0.04865	0.02557	0.02695	0.11045	0.02874	0.15212	0.02537	0.02821	0.01771	0.01158	0.01050	0.00338	0.01311	0.00935	0.00763	0.01554
23	0.13438	0.07172	0.07916	0.02831	0.11481	0.02179	0.05368	0.03620	0.02626	0.17349	0.11797	0.03689	0.03353	0.01299	0.01037	0.00331	0.01046	0.01098	0.00876	0.01496
24	0.03054	0.01504	0.01877	0.01579	0.02092	0.01409	0.01251	0.07041	0.03067	0.22884	0.20693	0.05191	0.05191	0.01622	0.01082	0.00319	0.00713	0.01361	0.16686	0.01385
25	0.03153	0.02505	0.03414	0.21687	0.08351	0.06546	0.06791	0.12027	0.02990	0.12310	0.02458	0.02846	0.01776	0.01125	0.01075	0.00326	0.01327	0.00972	0.00764	0.07559
26	0.02252	0.09358	0.29114	0.02859	0.03839	0.02776	0.06561	0.03052	0.02166	0.03113	0.02619	0.03060	0.06209	0.01401	0.01708	0.00373	0.16611	0.00995	0.00522	0.01410
27	0.01483	0.01080	0.01345	0.01382	0.01573	0.01004	0.00992	0.01811	0.02505	0.03384	0.25999	0.19733	0.14874	0.12088	0.02004	0.00493	0.00668	0.05627	0.01032	0.00922
28	0.04892	0.01856	0.02530	0.01940	0.02783	0.01603	0.01603	0.05314	0.03121	0.55634	0.04302	0.03711	0.02699	0.01350	0.01096	0.00337	0.00928	0.01096	0.01350	0.01856
29	0.01466	0.01086	0.01368	0.01352	0.01596	0.00988	0.00993	0.01888	0.02824	0.03878	0.39292	0.17231	0.16982	0.02511	0.01304	0.00364	0.00540	0.02211	0.01139	0.00988
30	0.02915	0.62337	0.05714	0.01866	0.02799	0.04314	0.01866	0.03265	0.02215	0.02565	0.01516	0.01749	0.01399	0.00933	0.00700	0.00233	0.01166	0.00583	0.00466	0.01399
31	0.01574	0.01196	0.01478	0.01643	0.01804	0.01210	0.01139	0.02278	0.11119	0.03099	0.05730	0.50857	0.06521	0.03072	0.01342	0.00430	0.00674	0.02768	0.01029	0.01035
32	0.02187	0.05640	0.56031	0.03108	0.04719	0.02532	0.04029	0.03453	0.02302	0.03453	0.01957	0.02302	0.01381	0.01036	0.01036	0.00345	0.01611	0.00806	0.00460	0.01611
33	0.03549	0.02310	0.02957	0.12447	0.03696	0.06887	0.02139	0.03956	0.02504	0.25532	0.02781	0.03016	0.01980	0.01457	0.01851	0.00380	0.19211	0.00997	0.00862	0.01488
34	0.02831	0.02291	0.03196	0.02699	0.02849	0.03031	0.02246	0.03102	0.01928	0.12044	0.01941	0.02621	0.01657	0.01809	0.03137	0.00452	0.49244	0.00979	0.00632	0.01311
35	0.15607	0.03025	0.03217	0.02506	0.03341	0.06886	0.05846	0.35629	0.04199	0.05958	0.02325	0.02448	0.01687	0.01212	0.01025	0.00329	0.01241	0.00917	0.00937	0.01663
36	0.01624	0.01102	0.01559	0.01559	0.01673	0.01216	0.01121	0.01767	0.01654	0.02318	0.02861	0.04792	0.02874	0.20171	0.35555	0.13408	0.02125	0.01229	0.00583	0.00810
37	0.02108	0.02632	0.12652	0.44595	0.06640	0.02516	0.03154	0.02891	0.02161	0.02891	0.01901	0.02758	0.01439	0.01146	0.01281	0.00369	0.06167	0.00939	0.00480	0.01281
38	0.03621	0.02536	0.02809	0.02229	0.02966	0.02740	0.01813	0.34206	0.08898	0.10668	0.12121	0.03831	0.03563	0.01492	0.01128	0.00335	0.01023	0.01191	0.01136	0.01696

[dist]
# distance from previous block
# <min> <max>
0	4

[block]
# block no. 2 follows, 12 sequences, length 18
# corresponding to MSA columns:
# 658-675
name=unknown_C
#
# <colnr> <probs for GDERKNQSTAVLIFYWHMCP>
#	G	D	E	R	K	N	Q	S	T	A	V	L	I	F	Y	W	H	M	C	P
0	0.01516	0.01028	0.01210	0.01279	0.01296	0.01011	0.00756	0.01567	0.01722	0.02296	0.04135	0.21754	0.04846	0.45858	0.04421	0.00890	0.00942	0.01997	0.00756	0.00722
1	0.03281	0.01990	0.02244	0.01913	0.02536	0.02108	0.01518	0.08790	0.24679	0.18520	0.04062	0.03849	0.02921	0.01386	0.01031	0.00333	0.00834	0.01129	0.15255	0.01622
2	0.02809	0.01244	0.01427	0.01267	0.01681	0.01175	0.00990	0.03294	0.02513	0.18069	0.03759	0.03969	0.02769	0.01292	0.00853	0.00277	0.00622	0.01038	0.49706	0.01244
3	0.01598	0.01230	0.01550	0.01533	0.01857	0.01051	0.01089	0.01892	0.02210	0.03112	0.08549	0.41039	0.05924	0.02618	0.01225	0.00359	0.00671	0.02348	0.00927	0.19216
4	0.02490	0.01369	0.01809	0.01784	0.02206	0.01261	0.01488	0.02906	0.02642	0.17392	0.06390	0.12969	0.14509	0.02541	0.01346	0.00428	0.00872	0.23288	0.01100	0.01211
5	0.02611	0.02779	0.05356	0.03950	0.04921	0.02745	0.37560	0.04118	0.16243	0.03783	0.02812	0.03247	0.02109	0.01071	0.01239	0.00368	0.01573	0.01272	0.00703	0.01540
6	0.02350	0.01258	0.01643	0.01547	0.01909	0.01123	0.01157	0.02701	0.02685	0.17587	0.19281	0.25397	0.12077	0.02458	0.01271	0.00379	0.00672	0.02159	0.01155	0.01192
7	0.04145	0.03054	0.03272	0.02509	0.03381	0.03381	0.02072	0.51243	0.05127	0.06872	0.02618	0.02618	0.01854	0.01309	0.01091	0.00327	0.01200	0.00982	0.01091	0.01854
8	0.02618	0.02098	0.02238	0.01982	0.02469	0.02361	0.01488	0.11362	0.31917	0.04238	0.03897	0.04687	0.03283	0.17802	0.02312	0.00550	0.00965	0.01292	0.00985	0.01456
9	0.02114	0.01938	0.02996	0.43460	0.06172	0.02159	0.02557	0.02775	0.02202	0.02994	0.01938	0.02732	0.01497	0.01013	0.01013	0.00309	0.01278	0.00881	0.00528	0.19442
10	0.02789	0.02909	0.12469	0.22200	0.04904	0.02708	0.02706	0.13494	0.09246	0.07006	0.02493	0.02889	0.01831	0.01259	0.01292	0.00362	0.06211	0.00982	0.00735	0.01516
11	0.02746	0.02996	0.15035	0.06538	0.06802	0.02398	0.08574	0.04324	0.18958	0.10535	0.03393	0.03956	0.02615	0.01355	0.01141	0.00367	0.01233	0.04590	0.00846	0.01598
12	0.03452	0.45912	0.04849	0.01886	0.02794	0.03578	0.01794	0.03821	0.02461	0.16977	0.02272	0.02282	0.01752	0.01046	0.00807	0.00261	0.01101	0.00722	0.00706	0.01523
13	0.01831	0.01171	0.01608	0.01574	0.01779	0.01233	0.01159	0.02069	0.01891	0.06913	0.03886	0.08665	0.07206	0.16686	0.31410	0.05886	0.01941	0.01432	0.00715	0.00945
14	0.01508	0.01102	0.01416	0.01361	0.01613	0.01010	0.01012	0.01980	0.02968	0.04147	0.47448	0.12138	0.13508	0.02356	0.01294	0.00352	0.00526	0.02079	0.01172	0.01010
15	0.01412	0.01067	0.01304	0.01335	0.01571	0.00959	0.00967	0.01770	0.02643	0.03532	0.28778	0.23164	0.22119	0.02704	0.01315	0.00377	0.00557	0.02373	0.01095	0.00959
16	0.02915	0.62337	0.05714	0.01866	0.02799	0.04314	0.01866	0.03265	0.02215	0.02565	0.01516	0.01749	0.01399	0.00933	0.00700	0.00233	0.01166	0.00583	0.00466	0.01399
17	0.02777	0.01558	0.01952	0.01766	0.02229	0.01521	0.01349	0.03711	0.13236	0.20023	0.15122	0.20251	0.05623	0.02119	0.01219	0.00374	0.00749	0.01850	0.01177	0.01394

[dist]
# distance from previous block
# <min> <max>
0	4

[block]
# block no. 3 follows, 12 sequences, length 63
# corresponding to MSA columns:
# 680-742
name=unknown_D
#
# <colnr> <probs for GDERKNQSTAVLIFYWHMCP>
#	G	D	E	R	K	N	Q	S	T	A	V	L	I	F	Y	W	H	M	C	P
0	0.01325	0.00961	0.01253	0.01487	0.01573	0.00888	0.00998	0.01522	0.02117	0.02796	0.06386	0.57193	0.10745	0.03367	0.01384	0.00437	0.00627	0.03040	0.01012	0.00888
1	0.03778	0.02205	0.06603	0.07221	0.03298	0.01937	0.01906	0.04837	0.13067	0.33317	0.07050	0.03879	0.03086	0.01383	0.01106	0.00347	0.00989	0.01145	0.01145	0.01701
2	0.01650	0.13397	0.02167	0.01589	0.01828	0.01581	0.01185	0.01872	0.02113	0.02739	0.05098	0.48960	0.06033	0.02912	0.01251	0.00400	0.00741	0.02589	0.00901	0.00990
3	0.02059	0.01938	0.03270	0.59060	0.07510	0.02422	0.03028	0.02786	0.02180	0.02786	0.01938	0.02907	0.01453	0.01090	0.01090	0.00363	0.01453	0.00969	0.00484	0.01211
4	0.08487	0.06963	0.02934	0.02232	0.02886	0.02712	0.01891	0.23478	0.03544	0.11715	0.03204	0.04573	0.02738	0.01662	0.01339	0.00371	0.06388	0.10375	0.00972	0.01536
5	0.02060	0.02253	0.07264	0.14164	0.03996	0.02391	0.08694	0.02554	0.02047	0.02876	0.02840	0.17450	0.02931	0.01928	0.02020	0.00421	0.20765	0.01535	0.00623	0.01187
6	0.01335	0.01074	0.01191	0.01231	0.01519	0.00929	0.00897	0.01629	0.02492	0.03125	0.16474	0.20685	0.37958	0.02818	0.01310	0.00380	0.00563	0.02419	0.01041	0.00929
7	0.44650	0.01908	0.01907	0.10982	0.03023	0.02201	0.01600	0.02945	0.02041	0.04217	0.02450	0.04092	0.02258	0.01430	0.00911	0.00375	0.00976	0.10173	0.00710	0.01150
8	0.16119	0.12109	0.02756	0.01711	0.02583	0.06423	0.01426	0.03048	0.02235	0.03595	0.01764	0.02055	0.01475	0.00894	0.00776	0.00218	0.00963	0.00629	0.00616	0.38604
9	0.09187	0.01800	0.02357	0.01900	0.02572	0.01708	0.01547	0.04459	0.02847	0.40467	0.07833	0.07428	0.03358	0.01564	0.01283	0.00355	0.05267	0.01241	0.01199	0.01629
10	0.01328	0.00949	0.01265	0.01518	0.01581	0.00886	0.01012	0.01518	0.02088	0.02783	0.06010	0.60969	0.07212	0.03416	0.01392	0.00443	0.00633	0.03100	0.01012	0.00886
11	0.30335	0.01955	0.02164	0.01740	0.02517	0.01935	0.01436	0.04482	0.02622	0.35615	0.03204	0.02946	0.02100	0.01216	0.00930	0.00337	0.00895	0.00897	0.01083	0.01589
12	0.06936	0.02292	0.06699	0.10937	0.08034	0.01853	0.01940	0.02891	0.02243	0.03522	0.01920	0.02367	0.01552	0.00897	0.00883	0.00233	0.01013	0.00732	0.00600	0.42458
13	0.02542	0.01428	0.01887	0.01708	0.02096	0.01386	0.01345	0.02923	0.02696	0.18578	0.18501	0.15081	0.12064	0.02253	0.01472	0.00384	0.06050	0.05250	0.01111	0.01246
14	0.01509	0.01034	0.01259	0.01367	0.01408	0.01012	0.00867	0.01613	0.01832	0.02436	0.04514	0.26342	0.05275	0.36840	0.03788	0.00800	0.00905	0.05624	0.00810	0.00766
15	0.03945	0.02672	0.11531	0.02232	0.03160	0.02107	0.02067	0.08297	0.13219	0.33141	0.03819	0.03471	0.02547	0.01320	0.01089	0.00345	0.01048	0.01067	0.01134	0.01788
16	0.03269	0.45143	0.04981	0.02081	0.02968	0.08922	0.01929	0.13093	0.02885	0.03448	0.01755	0.01945	0.01492	0.01026	0.00805	0.00257	0.01245	0.00675	0.00602	0.01479
17	0.02288	0.02303	0.07143	0.01795	0.02796	0.01645	0.01572	0.03038	0.06054	0.03619	0.02127	0.02400	0.01722	0.00878	0.00851	0.00194	0.00884	0.00704	0.00664	0.57321
18	0.11180	0.07685	0.11324	0.07554	0.11506	0.07554	0.05574	0.03383	0.02272	0.06930	0.01929	0.02425	0.01536	0.01218	0.01506	0.00356	0.13194	0.00870	0.00582	0.01421
19	0.01741	0.01414	0.01909	0.02253	0.09891	0.01370	0.01412	0.02398	0.07050	0.03725	0.25551	0.18020	0.14445	0.02292	0.01261	0.00366	0.00695	0.02032	0.01024	0.01152
20	0.01598	0.01180	0.01512	0.01521	0.01759	0.01141	0.01134	0.02231	0.06640	0.03919	0.35112	0.20884	0.08704	0.02517	0.01315	0.00381	0.00607	0.05667	0.01133	0.01046
21	0.02699	0.02591	0.04426	0.06693	0.54879	0.02591	0.03346	0.03346	0.02483	0.03562	0.02051	0.02699	0.01727	0.00972	0.01079	0.00324	0.01295	0.00972	0.00540	0.01727
22	0.01543	0.01115	0.01457	0.01372	0.01629	0.01029	0.01029	0.02058	0.03086	0.04372	0.54304	0.08145	0.10288	0.02229	0.01286	0.00343	0.00514	0.01972	0.01200	0.01029
23	0.01409	0.00994	0.01295	0.01506	0.01575	0.00946	0.01019	0.01594	0.02041	0.02714	0.05559	0.47736	0.06588	0.13104	0.02096	0.00550	0.00736	0.06727	0.00953	0.00858
24	0.02385	0.02385	0.03340	0.02863	0.02863	0.03340	0.02385	0.02624	0.01670	0.02624	0.01431	0.02385	0.01431	0.01908	0.03578	0.00477	0.59685	0.00954	0.00477	0.01193
25	0.69383	0.02109	0.01603	0.01434	0.02109	0.02446	0.01181	0.03205	0.01856	0.04892	0.01518	0.01771	0.01181	0.01012	0.00675	0.00337	0.00843	0.00590	0.00675	0.01181
26	0.04689	0.02181	0.02732	0.02094	0.02946	0.02086	0.01730	0.17790	0.03666	0.42388	0.03844	0.03414	0.02470	0.01338	0.01095	0.00335	0.01002	0.01065	0.01279	0.01855
27	0.02951	0.45120	0.05622	0.02505	0.03438	0.08795	0.11835	0.03410	0.02367	0.02763	0.01671	0.02010	0.01451	0.00947	0.00844	0.00265	0.01375	0.00737	0.00492	0.01401
28	0.12286	0.02657	0.03406	0.10967	0.04059	0.07380	0.11890	0.16847	0.03164	0.04491	0.02500	0.03382	0.02019	0.01268	0.01074	0.00347	0.01325	0.04520	0.04999	0.01419
29	0.02915	0.62337	0.05714	0.01866	0.02799	0.04314	0.01866	0.03265	0.02215	0.02565	0.01516	0.01749	0.01399	0.00933	0.00700	0.00233	0.01166	0.00583	0.00466	0.01399
30	0.01508	0.01125	0.01409	0.01372	0.01652	0.01026	0.01052	0.01970	0.02905	0.03965	0.40606	0.09026	0.19421	0.02414	0.01306	0.00363	0.00567	0.06167	0.01142	0.01003
31	0.02094	0.02255	0.10284	0.13910	0.04021	0.01837	0.10090	0.02771	0.02543	0.06657	0.13726	0.09351	0.08842	0.01754	0.01224	0.00373	0.01150	0.05058	0.00810	0.01249
32	0.02350	0.01374	0.01796	0.01641	0.01818	0.01441	0.01175	0.11524	0.02172	0.02903	0.02041	0.03173	0.01886	0.03285	0.03618	0.54498	0.00998	0.00954	0.00599	0.00753
33	0.01328	0.00949	0.01265	0.01518	0.01581	0.00886	0.01012	0.01518	0.02088	0.02783	0.06010	0.60969	0.07212	0.03416	0.01392	0.00443	0.00633	0.03100	0.01012	0.00886
34	0.02469	0.02738	0.05792	0.15640	0.06066	0.02689	0.41208	0.03349	0.02494	0.03349	0.02152	0.02934	0.01614	0.00954	0.01247	0.00367	0.01760	0.01222	0.00538	0.01418
35	0.02523	0.02656	0.03335	0.43081	0.10806	0.13566	0.02869	0.03153	0.02391	0.02830	0.01897	0.02698	0.01467	0.01087	0.01067	0.00343	0.01544	0.00915	0.00505	0.01267
36	0.03164	0.50315	0.05219	0.01996	0.02917	0.04125	0.01908	0.12994	0.02806	0.03439	0.01739	0.01925	0.01492	0.01009	0.00779	0.00252	0.01173	0.00664	0.00593	0.01492
37	0.01586	0.01057	0.01189	0.01189	0.01189	0.01057	0.00661	0.01586	0.01586	0.02114	0.03436	0.07135	0.03964	0.61681	0.05550	0.01057	0.01057	0.01586	0.00661	0.00661
38	0.69383	0.02109	0.01603	0.01434	0.02109	0.02446	0.01181	0.03205	0.01856	0.04892	0.01518	0.01771	0.01181	0.01012	0.00675	0.00337	0.00843	0.00590	0.00675	0.01181
39	0.01357	0.01056	0.01141	0.01210	0.01487	0.00918	0.00873	0.01627	0.02362	0.02988	0.09102	0.23696	0.37642	0.02824	0.01276	0.00380	0.00571	0.02419	0.06153	0.00918
40	0.01773	0.01489	0.02507	0.02134	0.02446	0.01540	0.11169	0.02136	0.01861	0.02582	0.02954	0.04997	0.02937	0.25197	0.28083	0.01231	0.02057	0.01337	0.00604	0.00966
41	0.01424	0.01046	0.01335	0.01397	0.01590	0.00957	0.00997	0.01777	0.02606	0.03550	0.29309	0.29813	0.14611	0.02776	0.01329	0.00387	0.00567	0.02470	0.01100	0.00957
42	0.16646	0.01733	0.02004	0.01673	0.02265	0.01713	0.01342	0.07673	0.03026	0.21825	0.22379	0.04888	0.05169	0.01608	0.01082	0.00339	0.00779	0.01313	0.01134	0.01408
43	0.08520	0.03775	0.02641	0.02283	0.02932	0.32840	0.01751	0.07290	0.02910	0.03454	0.01957	0.02243	0.01585	0.01078	0.00913	0.00262	0.01461	0.00731	0.06492	0.14883
44	0.01506	0.01077	0.01465	0.01691	0.01840	0.01035	0.01293	0.01838	0.02323	0.03086	0.09642	0.38611	0.07097	0.03173	0.01427	0.00457	0.00763	0.19712	0.01024	0.00941
45	0.01577	0.01069	0.01244	0.01226	0.01278	0.01051	0.00735	0.01681	0.01890	0.02572	0.13751	0.07340	0.05246	0.49625	0.04685	0.00912	0.00947	0.01664	0.00770	0.00735
46	0.02915	0.62337	0.05714	0.01866	0.02799	0.04314	0.01866	0.03265	0.02215	0.02565	0.01516	0.01749	0.01399	0.00933	0.00700	0.00233	0.01166	0.00583	0.00466	0.01399
47	0.02712	0.02342	0.02465	0.02219	0.02835	0.02712	0.01726	0.05794	0.52909	0.04561	0.04438	0.04068	0.03328	0.01479	0.01109	0.00370	0.00863	0.01233	0.01109	0.01726
48	0.55835	0.02277	0.02582	0.02075	0.02837	0.02509	0.11267	0.03263	0.02001	0.04608	0.01658	0.02008	0.01277	0.00993	0.00799	0.00344	0.01045	0.00732	0.00650	0.01240
49	0.02495	0.03488	0.16491	0.04294	0.05500	0.02712	0.41411	0.03485	0.02518	0.03485	0.02155	0.02812	0.01599	0.00943	0.01236	0.00363	0.01792	0.01189	0.00533	0.01499
50	0.04213	0.01705	0.02313	0.01825	0.02549	0.01486	0.01486	0.04653	0.03114	0.45239	0.14441	0.04610	0.04238	0.01528	0.01135	0.00339	0.00844	0.01274	0.01319	0.01688
51	0.04158	0.01809	0.02430	0.01946	0.02660	0.01691	0.01590	0.08170	0.02998	0.41109	0.03892	0.03743	0.02639	0.02731	0.12505	0.00624	0.01353	0.01102	0.01174	0.01677
52	0.02482	0.02164	0.03271	0.47592	0.06673	0.02617	0.02834	0.12612	0.02778	0.03614	0.02076	0.02848	0.01535	0.01134	0.01090	0.00356	0.01402	0.00972	0.00607	0.01342
53	0.01619	0.01094	0.01336	0.01275	0.01542	0.01016	0.00957	0.02111	0.02870	0.04181	0.40098	0.07530	0.12765	0.02083	0.01180	0.00327	0.00517	0.01808	0.14675	0.01016
54	0.01328	0.00949	0.01265	0.01518	0.01581	0.00886	0.01012	0.01518	0.02088	0.02783	0.06010	0.60969	0.07212	0.03416	0.01392	0.00443	0.00633	0.03100	0.01012	0.00886
55	0.16655	0.03198	0.19152	0.02458	0.03405	0.02318	0.05486	0.09956	0.02723	0.08098	0.02922	0.04408	0.02513	0.01486	0.01084	0.00374	0.01234	0.10314	0.00776	0.01441
56	0.02333	0.01501	0.01780	0.01756	0.02049	0.05094	0.01310	0.02628	0.02293	0.13431	0.04537	0.26971	0.04685	0.07128	0.13587	0.00730	0.01325	0.04803	0.00937	0.01122
57	0.02946	0.02070	0.02716	0.05526	0.03188	0.01774	0.04614	0.07050	0.02670	0.14318	0.02486	0.02665	0.01846	0.00981	0.00935	0.00235	0.00967	0.00823	0.00807	0.41384
58	0.15580	0.02454	0.02592	0.02092	0.02752	0.02717	0.01682	0.32384	0.03779	0.05501	0.02271	0.02605	0.01740	0.01758	0.01658	0.14108	0.01084	0.00903	0.00890	0.01452
59	0.03522	0.01939	0.02763	0.02760	0.11058	0.01990	0.01873	0.03877	0.02495	0.28484	0.03265	0.03877	0.02521	0.11496	0.02292	0.00481	0.11720	0.01132	0.00943	0.01514
60	0.54187	0.02225	0.01928	0.01636	0.02354	0.02510	0.01348	0.10433	0.02446	0.09613	0.01922	0.02065	0.01412	0.01085	0.00773	0.00336	0.00903	0.00692	0.00795	0.01338
61	0.02051	0.01133	0.01522	0.01604	0.01825	0.01031	0.01132	0.02288	0.02297	0.13501	0.05663	0.49358	0.06296	0.02997	0.01332	0.00421	0.00692	0.02693	0.01081	0.01082
62	0.04359	0.01872	0.02476	0.01874	0.02743	0.01572	0.01540	0.04793	0.02946	0.45073	0.03822	0.03417	0.02479	0.01240	0.01038	0.00302	0.00903	0.01005	0.01207	0.15339

[dist]
# distance from previous block
# <min> <max>
0	22

[block]
# block no. 4 follows, 12 sequences, length 54
# corresponding to MSA columns:
# 765-818
name=unknown_E
#
# <colnr> <probs for GDERKNQSTAVLIFYWHMCP>
#	G	D	E	R	K	N	Q	S	T	A	V	L	I	F	Y	W	H	M	C	P
0	0.01877	0.01328	0.01853	0.01795	0.01957	0.01515	0.01354	0.02153	0.01889	0.06482	0.03529	0.16163	0.03647	0.13150	0.26930	0.01102	0.09951	0.01592	0.00726	0.01008
1	0.01499	0.01169	0.01699	0.13479	0.02819	0.01218	0.01433	0.01828	0.02193	0.02920	0.09307	0.44353	0.06277	0.02830	0.01320	0.00418	0.00793	0.02560	0.00918	0.00966
2	0.01584	0.01273	0.01738	0.01839	0.01904	0.01427	0.01360	0.01810	0.02036	0.02790	0.05037	0.44744	0.05931	0.03069	0.01856	0.00455	0.12951	0.06337	0.00900	0.00959
3	0.02858	0.19380	0.22505	0.03322	0.12077	0.03031	0.06282	0.07652	0.02632	0.07409	0.02104	0.02397	0.01599	0.01037	0.00981	0.00312	0.01373	0.00844	0.00602	0.01603
4	0.02226	0.02162	0.03301	0.16470	0.04008	0.02804	0.05966	0.02606	0.01852	0.02668	0.01848	0.03113	0.01752	0.08673	0.03034	0.00510	0.34289	0.01057	0.00506	0.01155
5	0.02010	0.02003	0.06891	0.02897	0.13167	0.01917	0.01955	0.02627	0.05704	0.02888	0.02759	0.04247	0.02617	0.17010	0.20584	0.00970	0.06776	0.01177	0.00612	0.01188
6	0.02176	0.02043	0.12634	0.01593	0.02157	0.01365	0.01548	0.02808	0.02401	0.07682	0.07714	0.08896	0.03496	0.01491	0.00942	0.00303	0.00780	0.01237	0.37541	0.01192
7	0.34617	0.07555	0.02704	0.02017	0.02620	0.03009	0.01697	0.14223	0.02606	0.04679	0.01755	0.02093	0.01408	0.01261	0.01377	0.00355	0.13198	0.00756	0.00712	0.01358
8	0.01490	0.01067	0.01216	0.01225	0.01353	0.01007	0.00784	0.01645	0.02057	0.02697	0.12961	0.12670	0.16672	0.34419	0.03588	0.00741	0.00825	0.01936	0.00851	0.00794
9	0.02920	0.02694	0.04408	0.05848	0.42541	0.02731	0.07103	0.11026	0.02914	0.04086	0.02155	0.02706	0.01741	0.01021	0.01099	0.00328	0.01325	0.00999	0.00629	0.01726
10	0.17867	0.01922	0.02292	0.01780	0.02609	0.01753	0.01462	0.04441	0.02712	0.36270	0.03323	0.03062	0.02200	0.01188	0.00960	0.00308	0.00890	0.00915	0.01090	0.12957
11	0.02701	0.41391	0.08467	0.02054	0.02870	0.07253	0.02022	0.03146	0.02344	0.02784	0.02447	0.04001	0.02413	0.01387	0.00912	0.00301	0.01222	0.10379	0.00585	0.01323
12	0.02461	0.02295	0.03869	0.05665	0.43865	0.02335	0.02934	0.03055	0.02331	0.03348	0.02232	0.03028	0.01935	0.02471	0.12790	0.00621	0.01634	0.01012	0.00549	0.01570
13	0.02152	0.02032	0.03438	0.51482	0.14365	0.02447	0.03074	0.02867	0.02224	0.02898	0.01954	0.02877	0.01493	0.01073	0.01089	0.00358	0.01431	0.00969	0.00492	0.01286
14	0.02134	0.01505	0.01857	0.01698	0.01954	0.01648	0.01247	0.12042	0.02372	0.03244	0.02936	0.04779	0.02875	0.23733	0.24254	0.06971	0.01787	0.01246	0.00705	0.01012
15	0.02886	0.03410	0.05738	0.04224	0.05214	0.14107	0.40762	0.03672	0.02681	0.03321	0.02098	0.02738	0.01602	0.00962	0.01224	0.00350	0.01865	0.01165	0.00554	0.01428
16	0.01522	0.01155	0.01472	0.01538	0.01790	0.01004	0.01070	0.01774	0.02124	0.02944	0.05162	0.48753	0.06047	0.02873	0.01270	0.00384	0.00669	0.02589	0.00936	0.14923
17	0.04722	0.02551	0.02647	0.02121	0.02906	0.13193	0.01707	0.05114	0.03114	0.44613	0.03757	0.03348	0.02430	0.01303	0.01073	0.00326	0.01144	0.01014	0.01186	0.01733
18	0.02585	0.49563	0.04788	0.01793	0.02545	0.03601	0.01688	0.02901	0.02189	0.02611	0.02451	0.14072	0.02609	0.01450	0.00844	0.00277	0.01055	0.01107	0.00580	0.01292
19	0.01894	0.00947	0.01420	0.01420	0.01420	0.00947	0.00947	0.01420	0.01420	0.01894	0.01894	0.03314	0.01894	0.03788	0.04261	0.68277	0.00947	0.00947	0.00473	0.00473
20	0.01907	0.01732	0.02853	0.47087	0.06276	0.02103	0.02609	0.02522	0.02161	0.02785	0.02785	0.14989	0.02652	0.01574	0.01153	0.00380	0.01283	0.01412	0.00594	0.01143
21	0.02184	0.02282	0.13341	0.02101	0.02759	0.01540	0.05864	0.02824	0.02728	0.10823	0.24668	0.14241	0.06202	0.01940	0.01225	0.00361	0.00927	0.01732	0.00983	0.01276
22	0.02059	0.01938	0.03270	0.59060	0.07510	0.02422	0.03028	0.02786	0.02180	0.02786	0.01938	0.02907	0.01453	0.01090	0.01090	0.00363	0.01453	0.00969	0.00484	0.01211
23	0.02261	0.01938	0.02261	0.01615	0.02584	0.01453	0.01292	0.02745	0.02261	0.03553	0.01938	0.02261	0.01615	0.00807	0.00807	0.00161	0.00807	0.00646	0.00646	0.68346
24	0.01328	0.00949	0.01265	0.01518	0.01581	0.00886	0.01012	0.01518	0.02088	0.02783	0.06010	0.60969	0.07212	0.03416	0.01392	0.00443	0.00633	0.03100	0.01012	0.00886
25	0.03680	0.02942	0.03006	0.02391	0.03199	0.06403	0.01936	0.34685	0.14888	0.05847	0.02889	0.02855	0.02119	0.01292	0.01065	0.00320	0.01143	0.00990	0.01025	0.07326
26	0.03340	0.05923	0.06138	0.10205	0.03560	0.01997	0.01907	0.06411	0.02722	0.22754	0.02821	0.02879	0.01976	0.01097	0.00978	0.00280	0.01039	0.00883	0.00883	0.22203
27	0.08779	0.08988	0.32066	0.02531	0.03789	0.02411	0.02919	0.03941	0.02488	0.18235	0.02544	0.02608	0.01738	0.01114	0.00994	0.00333	0.01315	0.00851	0.00730	0.01626
28	0.02028	0.01307	0.01824	0.02002	0.02304	0.01285	0.01744	0.02523	0.02563	0.07783	0.05646	0.11558	0.05966	0.02869	0.01471	0.00488	0.00997	0.43532	0.01034	0.01078
29	0.01439	0.01394	0.05823	0.01563	0.01837	0.01057	0.01240	0.01797	0.02368	0.03192	0.16414	0.38183	0.13853	0.02882	0.01326	0.00404	0.00678	0.02565	0.01006	0.00980
30	0.03381	0.07348	0.14201	0.02537	0.03291	0.06746	0.02412	0.06832	0.02604	0.19209	0.02514	0.02711	0.01829	0.01392	0.01742	0.00366	0.17634	0.00924	0.00783	0.01543
31	0.01558	0.01168	0.01752	0.01752	0.01947	0.01363	0.01363	0.01947	0.01752	0.02531	0.02921	0.04283	0.02726	0.08178	0.57360	0.01752	0.02921	0.01168	0.00584	0.00974
32	0.04892	0.01856	0.02530	0.01940	0.02783	0.01603	0.01603	0.05314	0.03121	0.55634	0.04302	0.03711	0.02699	0.01350	0.01096	0.00337	0.00928	0.01096	0.01350	0.01856
33	0.01952	0.01767	0.02893	0.47056	0.06286	0.02132	0.02612	0.02634	0.02369	0.03116	0.12834	0.03997	0.03292	0.01327	0.01131	0.00359	0.01258	0.01178	0.00633	0.01173
34	0.17694	0.02100	0.02920	0.02293	0.03009	0.02117	0.11667	0.09774	0.02789	0.15666	0.03082	0.07974	0.02442	0.01348	0.01023	0.00340	0.01051	0.01172	0.10109	0.01429
35	0.02915	0.62337	0.05714	0.01866	0.02799	0.04314	0.01866	0.03265	0.02215	0.02565	0.01516	0.01749	0.01399	0.00933	0.00700	0.00233	0.01166	0.00583	0.00466	0.01399
36	0.02469	0.02087	0.02256	0.02043	0.02584	0.02362	0.01581	0.05016	0.42542	0.04522	0.14814	0.04916	0.04777	0.01635	0.01146	0.00364	0.00790	0.01387	0.01128	0.01581
37	0.02907	0.02275	0.03171	0.02671	0.02846	0.02978	0.02223	0.03184	0.01972	0.13655	0.02029	0.02661	0.01695	0.01792	0.03062	0.00448	0.47459	0.00984	0.00659	0.01331
38	0.02222	0.01758	0.02202	0.01888	0.02299	0.01892	0.01473	0.10052	0.02364	0.03386	0.02572	0.03819	0.02396	0.13224	0.22015	0.00932	0.08647	0.01070	0.00678	0.15111
39	0.01328	0.00949	0.01265	0.01518	0.01581	0.00886	0.01012	0.01518	0.02088	0.02783	0.06010	0.60969	0.07212	0.03416	0.01392	0.00443	0.00633	0.03100	0.01012	0.00886
40	0.01328	0.00949	0.01265	0.01518	0.01581	0.00886	0.01012	0.01518	0.02088	0.02783	0.06010	0.60969	0.07212	0.03416	0.01392	0.00443	0.00633	0.03100	0.01012	0.00886
41	0.02044	0.14183	0.02916	0.01999	0.02284	0.02433	0.01658	0.02356	0.01815	0.02526	0.02309	0.03531	0.02237	0.09580	0.28188	0.01068	0.16213	0.01029	0.00540	0.01090
42	0.02036	0.01411	0.01616	0.01489	0.01889	0.01396	0.01140	0.03024	0.13228	0.07863	0.24569	0.07012	0.17264	0.02014	0.01174	0.00343	0.00625	0.01714	0.08984	0.01210
43	0.01752	0.01454	0.02125	0.02013	0.02162	0.01827	0.01603	0.02106	0.01733	0.02553	0.02571	0.03838	0.02422	0.06705	0.44731	0.01453	0.16250	0.01118	0.00559	0.01025
44	0.02737	0.49769	0.05205	0.13767	0.03779	0.03921	0.02108	0.03165	0.02208	0.02611	0.01604	0.01990	0.01411	0.00966	0.00781	0.00260	0.01226	0.00663	0.00470	0.01360
45	0.02701	0.02099	0.06556	0.18508	0.14355	0.01949	0.02350	0.03333	0.02599	0.14350	0.10976	0.03929	0.03292	0.01314	0.01089	0.00336	0.01092	0.01149	0.06592	0.01431
46	0.01364	0.00974	0.01306	0.01559	0.01638	0.00916	0.01074	0.01580	0.02123	0.02823	0.05990	0.56935	0.07134	0.03383	0.01401	0.00448	0.00663	0.06784	0.01011	0.00895
47	0.02267	0.02100	0.03504	0.17593	0.32955	0.02197	0.02788	0.02838	0.02331	0.03223	0.02849	0.14871	0.02806	0.01507	0.01147	0.00358	0.01194	0.01414	0.00625	0.01434
48	0.02589	0.02572	0.08623	0.19405	0.08876	0.02347	0.20069	0.03370	0.02542	0.09510	0.06842	0.03401	0.02448	0.01144	0.01173	0.00356	0.01451	0.01172	0.00674	0.01434
49	0.02672	0.03199	0.20088	0.02831	0.03671	0.02327	0.09644	0.03363	0.02334	0.12988	0.02894	0.10930	0.02499	0.01594	0.01663	0.00388	0.13463	0.01284	0.00722	0.01448
50	0.01409	0.01034	0.01351	0.01527	0.01668	0.00935	0.01036	0.01624	0.02103	0.02850	0.05658	0.55903	0.06729	0.03191	0.01341	0.00419	0.00648	0.02888	0.00981	0.06708
51	0.02548	0.10640	0.03023	0.07045	0.06163	0.01969	0.05879	0.02958	0.02362	0.13429	0.03858	0.23040	0.03813	0.02430	0.05359	0.00468	0.01155	0.01715	0.00854	0.01292
52	0.03360	0.08014	0.16652	0.02373	0.03302	0.02449	0.02343	0.04531	0.13069	0.22554	0.03246	0.03144	0.02272	0.01309	0.01265	0.00350	0.06181	0.00995	0.00921	0.01670
53	0.02917	0.01971	0.02742	0.06504	0.06804	0.02234	0.01966	0.07159	0.02570	0.16253	0.06403	0.13085	0.03337	0.01869	0.01886	0.00397	0.18208	0.01421	0.00884	0.01390

[dist]
# distance from previous block
# <min> <max>
2	40

[block]
# block no. 5 follows, 12 sequences, length 26
# corresponding to MSA columns:
# 870-895
name=unknown_F
#
# <colnr> <probs for GDERKNQSTAVLIFYWHMCP>
#	G	D	E	R	K	N	Q	S	T	A	V	L	I	F	Y	W	H	M	C	P
0	0.15553	0.08392	0.08706	0.01978	0.02880	0.08445	0.01785	0.03581	0.05472	0.08745	0.02177	0.02344	0.01673	0.01014	0.00865	0.00266	0.01085	0.00734	0.00701	0.23605
1	0.03331	0.01908	0.02867	0.02280	0.02953	0.01814	0.10221	0.09124	0.02963	0.23021	0.03877	0.09473	0.03120	0.01570	0.01129	0.00349	0.01025	0.04739	0.12748	0.01487
2	0.01398	0.01057	0.01308	0.01480	0.01677	0.00968	0.01096	0.01675	0.02296	0.02927	0.07575	0.35483	0.22140	0.03129	0.01381	0.00430	0.00678	0.11372	0.01011	0.00919
3	0.19789	0.01993	0.02841	0.17533	0.04128	0.02111	0.07445	0.03591	0.02404	0.18458	0.02860	0.07464	0.02220	0.01310	0.01034	0.00356	0.01129	0.01115	0.00828	0.01391
4	0.02865	0.12686	0.02840	0.01945	0.02557	0.02507	0.01585	0.09484	0.20224	0.09977	0.06916	0.11212	0.03657	0.01638	0.01062	0.00339	0.00891	0.01353	0.04758	0.01504
5	0.01822	0.01393	0.01718	0.01659	0.01990	0.01416	0.01302	0.02864	0.13256	0.04214	0.35407	0.08042	0.08141	0.02214	0.01289	0.00377	0.00673	0.09910	0.01147	0.01168
6	0.01396	0.00991	0.01291	0.01455	0.01545	0.00931	0.00975	0.01622	0.02208	0.02989	0.14291	0.45467	0.07388	0.09833	0.01846	0.00495	0.00660	0.02727	0.01006	0.00885
7	0.02346	0.20070	0.30127	0.02490	0.03629	0.02847	0.02840	0.03447	0.07983	0.03262	0.02579	0.09026	0.02270	0.01329	0.00994	0.00329	0.01295	0.01055	0.00598	0.01484
8	0.02190	0.02126	0.03760	0.46938	0.12693	0.02480	0.08486	0.02930	0.02259	0.02954	0.01981	0.02887	0.01507	0.01057	0.01111	0.00359	0.01479	0.01005	0.00498	0.01299
9	0.03775	0.02856	0.03272	0.12549	0.04114	0.03211	0.02242	0.42640	0.04603	0.06146	0.02497	0.02669	0.01783	0.01270	0.01091	0.00334	0.01245	0.00979	0.00983	0.01740
10	0.02059	0.01938	0.03270	0.59060	0.07510	0.02422	0.03028	0.02786	0.02180	0.02786	0.01938	0.02907	0.01453	0.01090	0.01090	0.00363	0.01453	0.00969	0.00484	0.01211
11	0.02306	0.21240	0.04087	0.12429	0.03875	0.02745	0.10838	0.03010	0.06357	0.02988	0.03028	0.16511	0.03001	0.01596	0.01075	0.00342	0.01188	0.01434	0.00668	0.01283
12	0.01543	0.01859	0.11026	0.01690	0.02137	0.01229	0.01525	0.02041	0.02506	0.03436	0.21514	0.25898	0.14417	0.02513	0.01279	0.00382	0.00756	0.02209	0.00974	0.01066
13	0.14041	0.01309	0.01228	0.01180	0.01535	0.01396	0.00908	0.02900	0.05970	0.04249	0.03260	0.03658	0.02548	0.01240	0.00772	0.00277	0.00594	0.00957	0.50879	0.01098
14	0.01694	0.01058	0.01423	0.01597	0.01748	0.00982	0.01127	0.01931	0.02218	0.07735	0.05832	0.51698	0.06716	0.03191	0.01374	0.00438	0.00690	0.06519	0.01043	0.00985
15	0.02664	0.02026	0.03378	0.03507	0.15519	0.01961	0.11575	0.03417	0.07186	0.12659	0.03860	0.20092	0.03638	0.01790	0.01217	0.00374	0.01103	0.01702	0.00877	0.01453
16	0.02890	0.02167	0.03309	0.06462	0.09336	0.02169	0.10640	0.07557	0.11114	0.13046	0.03569	0.12876	0.03057	0.01547	0.01163	0.00355	0.01119	0.01432	0.00906	0.05286
17	0.01669	0.01962	0.11390	0.01993	0.02439	0.01571	0.01836	0.02214	0.01850	0.02695	0.02749	0.03932	0.02487	0.06910	0.47360	0.01503	0.02688	0.01104	0.00562	0.01087
18	0.02330	0.07471	0.37122	0.08857	0.04410	0.02356	0.03269	0.03299	0.02325	0.07399	0.02576	0.09091	0.02155	0.01331	0.01069	0.00352	0.01405	0.01094	0.00596	0.01494
19	0.19681	0.02266	0.03115	0.08438	0.25609	0.02282	0.02298	0.03128	0.02247	0.03839	0.01879	0.02378	0.01539	0.00954	0.00915	0.00294	0.01081	0.00800	0.00594	0.16664
20	0.14181	0.03748	0.26811	0.02593	0.03815	0.02263	0.08149	0.03230	0.02243	0.03739	0.01902	0.02270	0.01437	0.00959	0.00941	0.00299	0.01293	0.00781	0.00557	0.18789
21	0.02381	0.01611	0.02371	0.09556	0.03076	0.01620	0.05521	0.03169	0.08378	0.12907	0.19300	0.15911	0.05683	0.01958	0.01227	0.00369	0.00883	0.01760	0.01032	0.01287
22	0.02256	0.01298	0.01585	0.01504	0.01795	0.01265	0.01079	0.02708	0.06876	0.12225	0.04879	0.15775	0.09690	0.15613	0.05411	0.05983	0.00928	0.01705	0.06352	0.01073
23	0.14844	0.09240	0.03026	0.06783	0.03219	0.03047	0.01898	0.15756	0.17403	0.04642	0.02656	0.02788	0.02035	0.01301	0.01209	0.00348	0.06493	0.00936	0.00845	0.01533
24	0.02347	0.09759	0.16580	0.12283	0.04009	0.02325	0.02401	0.06498	0.02451	0.03464	0.02268	0.07015	0.01964	0.01175	0.00971	0.00287	0.01184	0.00957	0.00612	0.21451
25	0.09990	0.10409	0.06959	0.12068	0.03438	0.02351	0.01931	0.06669	0.07722	0.06317	0.03333	0.17855	0.03203	0.01733	0.01066	0.00358	0.01035	0.01451	0.00795	0.01316

[dist]
# distance from previous block
# <min> <max>
0	981

# created by:
# /st0/software/busco_prod/Augustus/scripts/msa2prfl.pl ./align_prep/5779.fa
