[name]
unknown

[dist]
# distance from previous block
# <min> <max>
0	171

[block]
# block no. 0 follows, 13 sequences, length 18
# corresponding to MSA columns:
# 171-188
name=unknown_A
#
# <colnr> <probs for GDERKNQSTAVLIFYWHMCP>
#	G	D	E	R	K	N	Q	S	T	A	V	L	I	F	Y	W	H	M	C	P
0	0.01574	0.01125	0.01549	0.01761	0.01957	0.01101	0.01444	0.01982	0.02381	0.03148	0.10609	0.24756	0.06709	0.02949	0.01410	0.00456	0.00832	0.32316	0.00994	0.00946
1	0.01402	0.01129	0.01525	0.11677	0.02513	0.01129	0.01276	0.01700	0.02145	0.02742	0.06465	0.37596	0.19309	0.02744	0.01271	0.00396	0.00732	0.02433	0.00892	0.00923
2	0.01930	0.01147	0.01444	0.01413	0.01722	0.01019	0.01041	0.02243	0.02508	0.12592	0.17660	0.27079	0.19032	0.02551	0.01252	0.00372	0.00619	0.02233	0.01079	0.01062
3	0.02478	0.01865	0.03045	0.50058	0.06479	0.02210	0.02694	0.03131	0.02274	0.12218	0.02281	0.02956	0.01621	0.01101	0.01058	0.00348	0.01320	0.00961	0.00617	0.01284
4	0.01919	0.01127	0.01442	0.01447	0.01725	0.01008	0.01051	0.02207	0.02422	0.12483	0.14145	0.33800	0.15810	0.02665	0.01265	0.00383	0.00631	0.02352	0.01067	0.01051
5	0.02478	0.01865	0.03045	0.50058	0.06479	0.02210	0.02694	0.03131	0.02274	0.12218	0.02281	0.02956	0.01621	0.01101	0.01058	0.00348	0.01320	0.00961	0.00617	0.01284
6	0.03455	0.03051	0.02831	0.02372	0.03067	0.12720	0.01882	0.25492	0.24251	0.05058	0.03082	0.02987	0.02290	0.01303	0.01047	0.00326	0.01164	0.01001	0.00975	0.01648
7	0.01997	0.01879	0.03171	0.60301	0.07282	0.02349	0.02936	0.02701	0.02114	0.02701	0.01879	0.02819	0.01409	0.01057	0.01057	0.00352	0.01409	0.00940	0.00470	0.01175
8	0.02827	0.63478	0.05540	0.01809	0.02714	0.04184	0.01809	0.03166	0.02148	0.02488	0.01470	0.01696	0.01357	0.00905	0.00678	0.00226	0.01131	0.00565	0.00452	0.01357
9	0.70310	0.02045	0.01554	0.01390	0.02045	0.02372	0.01145	0.03108	0.01799	0.04744	0.01472	0.01718	0.01145	0.00981	0.00654	0.00327	0.00818	0.00573	0.00654	0.01145
10	0.01822	0.01457	0.01690	0.01742	0.02017	0.01563	0.01257	0.03121	0.22822	0.03384	0.05222	0.39011	0.05496	0.02566	0.01241	0.00401	0.00702	0.02286	0.01019	0.01183
11	0.02121	0.05469	0.57364	0.03014	0.04576	0.02455	0.03906	0.03348	0.02232	0.03348	0.01897	0.02232	0.01339	0.01005	0.01005	0.00335	0.01563	0.00781	0.00446	0.01563
12	0.01997	0.01879	0.03171	0.60301	0.07282	0.02349	0.02936	0.02701	0.02114	0.02701	0.01879	0.02819	0.01409	0.01057	0.01057	0.00352	0.01409	0.00940	0.00470	0.01175
13	0.01321	0.01045	0.01189	0.01213	0.01487	0.00914	0.00887	0.01633	0.02490	0.03187	0.21507	0.19295	0.34760	0.02662	0.01268	0.00364	0.00541	0.02293	0.01029	0.00914
14	0.02269	0.04527	0.40481	0.03239	0.07931	0.02506	0.07663	0.03709	0.10638	0.03532	0.02311	0.02587	0.01689	0.01060	0.01040	0.00339	0.01444	0.00899	0.00560	0.01576
15	0.01505	0.01057	0.01327	0.01287	0.01529	0.00976	0.00955	0.01958	0.02785	0.03965	0.42572	0.12348	0.12748	0.02211	0.01206	0.00334	0.00511	0.01940	0.07810	0.00976
16	0.02807	0.21770	0.12957	0.01949	0.02966	0.02485	0.01943	0.03358	0.02326	0.12115	0.02139	0.02280	0.01637	0.00948	0.00836	0.00238	0.01048	0.00708	0.00655	0.24834
17	0.07467	0.39773	0.09093	0.01988	0.02916	0.03547	0.01955	0.11001	0.02646	0.08148	0.01909	0.02041	0.01521	0.01010	0.00797	0.00265	0.01132	0.00688	0.00634	0.01468

[dist]
# distance from previous block
# <min> <max>
2	11

[block]
# block no. 1 follows, 13 sequences, length 7
# corresponding to MSA columns:
# 200-206
name=unknown_B
#
# <colnr> <probs for GDERKNQSTAVLIFYWHMCP>
#	G	D	E	R	K	N	Q	S	T	A	V	L	I	F	Y	W	H	M	C	P
0	0.02986	0.02739	0.02573	0.02266	0.02887	0.10411	0.01767	0.11354	0.41061	0.04452	0.03714	0.03487	0.02791	0.01366	0.01057	0.00342	0.01025	0.01094	0.01001	0.01628
1	0.01352	0.01015	0.01253	0.01321	0.01523	0.00916	0.00942	0.01668	0.02463	0.03282	0.24652	0.29886	0.20374	0.02746	0.01288	0.00377	0.00553	0.02424	0.01046	0.00916
2	0.16011	0.02179	0.02483	0.06519	0.03033	0.02311	0.01694	0.21042	0.03322	0.20250	0.03074	0.08316	0.02374	0.01403	0.01012	0.00335	0.00991	0.01106	0.01003	0.01541
3	0.06873	0.23047	0.10423	0.02613	0.06444	0.02775	0.09329	0.03511	0.02399	0.13459	0.02555	0.03308	0.02084	0.01188	0.00967	0.00313	0.01205	0.05369	0.00693	0.01447
4	0.01321	0.00946	0.01256	0.01450	0.01541	0.00881	0.00984	0.01555	0.02178	0.02943	0.13735	0.53548	0.07466	0.03130	0.01333	0.00414	0.00595	0.02832	0.01010	0.00881
5	0.02396	0.02251	0.03966	0.15948	0.31749	0.02314	0.10666	0.03063	0.02340	0.03358	0.02175	0.02860	0.01742	0.00993	0.01042	0.00320	0.01273	0.00996	0.09096	0.01451
6	0.02634	0.15986	0.11718	0.02986	0.06750	0.02688	0.15746	0.06079	0.05906	0.07319	0.02716	0.09833	0.02367	0.01295	0.01056	0.00327	0.01276	0.01198	0.00680	0.01440

[dist]
# distance from previous block
# <min> <max>
0	1

[block]
# block no. 2 follows, 13 sequences, length 25
# corresponding to MSA columns:
# 208-232
name=unknown_C
#
# <colnr> <probs for GDERKNQSTAVLIFYWHMCP>
#	G	D	E	R	K	N	Q	S	T	A	V	L	I	F	Y	W	H	M	C	P
0	0.03371	0.01727	0.02528	0.02249	0.06971	0.01535	0.05565	0.03815	0.02801	0.32297	0.09745	0.05213	0.14235	0.01607	0.01132	0.00335	0.00888	0.01387	0.01101	0.01499
1	0.01580	0.01280	0.01333	0.01268	0.01656	0.01171	0.00962	0.07555	0.02677	0.03291	0.09302	0.14012	0.44993	0.02569	0.01236	0.00359	0.00617	0.02151	0.00991	0.00996
2	0.02840	0.03885	0.21434	0.08077	0.10457	0.13363	0.08745	0.03588	0.02465	0.08421	0.02078	0.02475	0.01549	0.01086	0.01186	0.00331	0.05100	0.00885	0.00573	0.01462
3	0.02992	0.08014	0.14697	0.06667	0.03994	0.02641	0.11392	0.11025	0.11816	0.11971	0.02756	0.02887	0.01979	0.01138	0.01054	0.00332	0.01274	0.00997	0.00791	0.01583
4	0.02537	0.09346	0.16813	0.07531	0.24947	0.07022	0.02913	0.03239	0.02344	0.03217	0.01867	0.02338	0.01509	0.00953	0.00962	0.00291	0.01323	0.00808	0.00508	0.09531
5	0.01393	0.00947	0.01277	0.01452	0.01511	0.00919	0.00972	0.01501	0.01878	0.02520	0.04889	0.45544	0.05748	0.08992	0.06753	0.08706	0.00868	0.02476	0.00856	0.00799
6	0.30780	0.02519	0.02603	0.02612	0.11142	0.06074	0.01807	0.16356	0.02935	0.10729	0.02143	0.02296	0.01577	0.01093	0.00886	0.00319	0.01055	0.00792	0.00805	0.01478
7	0.01389	0.01077	0.01264	0.01217	0.01514	0.00952	0.00913	0.01787	0.02739	0.03638	0.36125	0.08889	0.29915	0.02386	0.01248	0.00343	0.00515	0.02051	0.01085	0.00952
8	0.02192	0.01879	0.02192	0.01566	0.02506	0.01409	0.01253	0.02662	0.02192	0.03445	0.01879	0.02192	0.01566	0.00783	0.00783	0.00157	0.00783	0.00626	0.00626	0.69305
9	0.01746	0.01475	0.02210	0.06160	0.07357	0.01468	0.05611	0.02428	0.07089	0.03530	0.22641	0.20290	0.09473	0.02133	0.01227	0.00363	0.00797	0.01939	0.00941	0.01124
10	0.02898	0.25995	0.22510	0.02314	0.03404	0.03075	0.02506	0.08037	0.06781	0.09698	0.02259	0.02361	0.01690	0.01062	0.00901	0.00294	0.01231	0.00783	0.00655	0.01544
11	0.02856	0.48096	0.12822	0.02093	0.03052	0.10352	0.02144	0.03317	0.02261	0.02625	0.01552	0.01799	0.01355	0.00941	0.00759	0.00248	0.01285	0.00611	0.00462	0.01371
12	0.01984	0.01988	0.03788	0.02934	0.03594	0.01858	0.26897	0.02576	0.02371	0.03097	0.04782	0.06474	0.14776	0.07772	0.01694	0.00445	0.01287	0.09811	0.00722	0.01150
13	0.02146	0.01891	0.02811	0.07408	0.03229	0.01945	0.11619	0.08743	0.11134	0.03762	0.09816	0.14950	0.12265	0.01869	0.01198	0.00362	0.00994	0.01705	0.00890	0.01262
14	0.01284	0.00935	0.01211	0.01433	0.01523	0.00862	0.00964	0.01477	0.02062	0.02715	0.06311	0.57011	0.11822	0.03250	0.01340	0.00422	0.00606	0.02929	0.00982	0.00862
15	0.04019	0.02962	0.03173	0.02433	0.03279	0.03279	0.02010	0.52721	0.04971	0.06663	0.02538	0.02538	0.01798	0.01269	0.01058	0.00317	0.01163	0.00952	0.01058	0.01798
16	0.02148	0.02024	0.02877	0.07823	0.15249	0.05405	0.06920	0.02998	0.10551	0.03208	0.03762	0.24859	0.03843	0.01911	0.01178	0.00369	0.01056	0.01760	0.00779	0.01280
17	0.03224	0.24998	0.09656	0.02579	0.03457	0.18925	0.07757	0.11390	0.02882	0.03366	0.01803	0.02071	0.01454	0.01023	0.00911	0.00279	0.01468	0.00757	0.00583	0.01418
18	0.02663	0.02087	0.03076	0.02556	0.07330	0.01834	0.10217	0.07114	0.02577	0.10320	0.02632	0.08008	0.02226	0.01150	0.00993	0.00263	0.01022	0.01056	0.00755	0.32124
19	0.18248	0.16903	0.03301	0.02029	0.02810	0.02832	0.04757	0.09810	0.11995	0.13585	0.02630	0.02616	0.01939	0.01131	0.00893	0.00309	0.01011	0.00857	0.00839	0.01502
20	0.01321	0.00946	0.01257	0.01450	0.01541	0.00881	0.00984	0.01555	0.02178	0.02944	0.13762	0.53518	0.07468	0.03129	0.01333	0.00414	0.00595	0.02832	0.01011	0.00881
21	0.01288	0.00920	0.01227	0.01472	0.01534	0.00859	0.00981	0.01472	0.02024	0.02699	0.05828	0.62152	0.06993	0.03312	0.01350	0.00429	0.00613	0.03006	0.00981	0.00859
22	0.02279	0.01907	0.02097	0.01998	0.02456	0.02150	0.01538	0.04485	0.39272	0.03966	0.04723	0.16311	0.04234	0.01942	0.01165	0.00384	0.00804	0.05791	0.01048	0.01448
23	0.03684	0.02215	0.02670	0.08931	0.03334	0.02348	0.01828	0.21775	0.09606	0.21990	0.03271	0.03195	0.02260	0.01273	0.01036	0.00324	0.01014	0.01018	0.06583	0.01644
24	0.02736	0.02601	0.03624	0.04935	0.36868	0.07075	0.02678	0.07494	0.08762	0.03698	0.02585	0.07483	0.02269	0.01229	0.01068	0.00325	0.01201	0.01117	0.00671	0.01582

[dist]
# distance from previous block
# <min> <max>
0	1

[block]
# block no. 3 follows, 13 sequences, length 12
# corresponding to MSA columns:
# 234-245
name=unknown_D
#
# <colnr> <probs for GDERKNQSTAVLIFYWHMCP>
#	G	D	E	R	K	N	Q	S	T	A	V	L	I	F	Y	W	H	M	C	P
0	0.03037	0.30662	0.09905	0.06373	0.03412	0.08505	0.02167	0.14029	0.06245	0.03624	0.01973	0.02180	0.01576	0.01056	0.00872	0.00279	0.01255	0.00750	0.00632	0.01469
1	0.10024	0.02158	0.02539	0.02169	0.06916	0.02006	0.01605	0.13522	0.02880	0.12939	0.02355	0.02477	0.01750	0.01002	0.00893	0.00248	0.00922	0.00784	0.00821	0.31989
2	0.02734	0.03723	0.27656	0.02893	0.07555	0.02482	0.02870	0.13429	0.02780	0.08746	0.02305	0.02656	0.01715	0.01873	0.07290	0.00482	0.05692	0.00901	0.00670	0.01547
3	0.15007	0.07646	0.10901	0.02265	0.03144	0.10207	0.02073	0.21036	0.03320	0.11359	0.02272	0.02343	0.01634	0.01136	0.00941	0.00310	0.01226	0.00813	0.00819	0.01545
4	0.01917	0.01136	0.01391	0.01327	0.01504	0.01091	0.00886	0.02083	0.01997	0.09717	0.09511	0.11105	0.08111	0.35527	0.07500	0.00813	0.01013	0.01653	0.00830	0.00888
5	0.02668	0.19547	0.08396	0.09093	0.11100	0.06767	0.07441	0.07593	0.02535	0.03281	0.02074	0.05628	0.01804	0.01104	0.00954	0.00291	0.01279	0.00930	0.00577	0.06937
6	0.02713	0.49469	0.12108	0.02005	0.02965	0.03794	0.02074	0.03442	0.07527	0.02801	0.01818	0.01999	0.01547	0.00972	0.00763	0.00254	0.01158	0.00659	0.00516	0.01417
7	0.01608	0.01201	0.01544	0.01724	0.01918	0.01216	0.01319	0.02268	0.09120	0.03086	0.05547	0.37349	0.06184	0.02930	0.01351	0.00439	0.00765	0.18434	0.00991	0.01006
8	0.09004	0.02235	0.03078	0.03051	0.13750	0.02241	0.05470	0.15480	0.03137	0.21208	0.03128	0.08247	0.02437	0.01351	0.01064	0.00333	0.01064	0.01161	0.00952	0.01609
9	0.03013	0.10955	0.02718	0.06367	0.02842	0.05585	0.01545	0.03432	0.02569	0.19547	0.07421	0.03847	0.08188	0.01306	0.00970	0.00276	0.00946	0.01044	0.00869	0.16561
10	0.12130	0.10611	0.07048	0.02646	0.09896	0.13446	0.01980	0.07350	0.02592	0.07353	0.02365	0.08364	0.02093	0.01260	0.00938	0.00299	0.01195	0.00978	0.00686	0.06771
11	0.16796	0.08803	0.02929	0.14083	0.03686	0.02861	0.01933	0.17184	0.13649	0.04543	0.02435	0.02630	0.01833	0.01162	0.00938	0.00326	0.01072	0.00881	0.00793	0.01462

[dist]
# distance from previous block
# <min> <max>
0	10

[block]
# block no. 4 follows, 13 sequences, length 8
# corresponding to MSA columns:
# 256-263
name=unknown_E
#
# <colnr> <probs for GDERKNQSTAVLIFYWHMCP>
#	G	D	E	R	K	N	Q	S	T	A	V	L	I	F	Y	W	H	M	C	P
0	0.03267	0.07930	0.03558	0.03853	0.24364	0.02455	0.02349	0.03976	0.07255	0.19958	0.02769	0.02927	0.02051	0.01189	0.01264	0.00329	0.07104	0.00966	0.00805	0.01631
1	0.06736	0.02162	0.02578	0.02425	0.08822	0.02150	0.01710	0.14323	0.10799	0.09295	0.02966	0.08304	0.02465	0.01304	0.00990	0.00292	0.00926	0.01081	0.00876	0.19795
2	0.01303	0.00953	0.01226	0.01413	0.01526	0.00876	0.00962	0.01526	0.02160	0.02862	0.11062	0.51065	0.12913	0.03131	0.01328	0.00412	0.00594	0.02814	0.00999	0.00876
3	0.02950	0.02487	0.08254	0.14555	0.18914	0.02300	0.02543	0.11650	0.02924	0.13137	0.07349	0.03260	0.02537	0.01200	0.01068	0.00328	0.01168	0.01038	0.00789	0.01548
4	0.07073	0.03025	0.09182	0.03155	0.08586	0.02846	0.11839	0.27932	0.03686	0.08665	0.02398	0.02601	0.01723	0.01128	0.01066	0.00327	0.01294	0.00977	0.00842	0.01657
5	0.01819	0.01155	0.01645	0.01609	0.01857	0.01072	0.04017	0.02153	0.02330	0.08597	0.13145	0.37388	0.06220	0.02545	0.01228	0.00378	0.00678	0.02299	0.08843	0.01024
6	0.57475	0.02172	0.02292	0.02127	0.06587	0.02417	0.07091	0.03150	0.01924	0.04492	0.01587	0.01914	0.01237	0.00968	0.00751	0.00329	0.00960	0.00677	0.00631	0.01217
7	0.01366	0.01058	0.01244	0.01234	0.01509	0.00937	0.00912	0.01730	0.02632	0.03468	0.30634	0.15004	0.29440	0.02514	0.01260	0.00354	0.00528	0.02173	0.01065	0.00937

[dist]
# distance from previous block
# <min> <max>
0	1

[block]
# block no. 5 follows, 13 sequences, length 16
# corresponding to MSA columns:
# 265-280
name=unknown_F
#
# <colnr> <probs for GDERKNQSTAVLIFYWHMCP>
#	G	D	E	R	K	N	Q	S	T	A	V	L	I	F	Y	W	H	M	C	P
0	0.02764	0.06899	0.08778	0.03899	0.14233	0.02854	0.19475	0.11619	0.07907	0.03928	0.02281	0.02706	0.01760	0.01085	0.01239	0.00338	0.04998	0.01034	0.00655	0.01549
1	0.02656	0.02885	0.03188	0.02765	0.02879	0.14846	0.02257	0.02896	0.01908	0.02554	0.01440	0.02228	0.01382	0.01691	0.02942	0.00423	0.48535	0.00874	0.00480	0.01171
2	0.70310	0.02045	0.01554	0.01390	0.02045	0.02372	0.01145	0.03108	0.01799	0.04744	0.01472	0.01718	0.01145	0.00981	0.00654	0.00327	0.00818	0.00573	0.00654	0.01145
3	0.03321	0.32704	0.08489	0.02034	0.02941	0.03246	0.01941	0.10632	0.06838	0.14712	0.02441	0.02432	0.01828	0.01089	0.00869	0.00279	0.01098	0.00790	0.00764	0.01552
4	0.01587	0.01263	0.01466	0.01491	0.01829	0.01217	0.01193	0.02293	0.09011	0.03355	0.15542	0.09525	0.28221	0.02509	0.01286	0.00389	0.00689	0.15085	0.01020	0.01029
5	0.01454	0.01048	0.01375	0.01359	0.01570	0.00969	0.00994	0.01888	0.02794	0.03923	0.45432	0.19058	0.09363	0.02398	0.01268	0.00352	0.00522	0.02137	0.01126	0.00969
6	0.01689	0.01341	0.01825	0.01728	0.01809	0.01616	0.01284	0.01899	0.01624	0.02327	0.02710	0.04767	0.02814	0.26495	0.27834	0.01196	0.14357	0.01236	0.00571	0.00879
7	0.01861	0.01153	0.01580	0.01734	0.01962	0.01099	0.01374	0.02207	0.02322	0.08934	0.05539	0.32811	0.06094	0.02912	0.01368	0.00444	0.00809	0.23769	0.01014	0.01015
8	0.02121	0.01798	0.02481	0.13205	0.09923	0.02010	0.01972	0.06208	0.12291	0.03420	0.03835	0.20349	0.03827	0.01986	0.01321	0.00388	0.04459	0.06320	0.00822	0.01265
9	0.01510	0.01133	0.01699	0.01699	0.01888	0.01322	0.01322	0.01888	0.01699	0.02454	0.02832	0.04154	0.02643	0.07930	0.58652	0.01699	0.02832	0.01133	0.00566	0.00944
10	0.20991	0.02249	0.02416	0.06588	0.02992	0.02432	0.01649	0.14934	0.08489	0.04549	0.02165	0.02399	0.01669	0.01110	0.01030	0.00297	0.04571	0.00795	0.00763	0.17912
11	0.06657	0.08131	0.01735	0.01277	0.01578	0.01448	0.00958	0.02077	0.02290	0.03317	0.21504	0.06398	0.11825	0.17415	0.02147	0.00492	0.00731	0.01517	0.07559	0.00943
12	0.02416	0.04088	0.34395	0.03096	0.10398	0.02405	0.03097	0.08945	0.06334	0.03878	0.02327	0.02629	0.01722	0.01083	0.00991	0.00322	0.01308	0.00873	0.08146	0.01547
13	0.01913	0.01789	0.02935	0.53651	0.06625	0.02186	0.02697	0.02568	0.02147	0.02719	0.02871	0.03645	0.07518	0.01239	0.01079	0.00353	0.01311	0.01085	0.00527	0.01143
14	0.02485	0.04313	0.34497	0.03550	0.08703	0.02614	0.14908	0.09532	0.02650	0.03781	0.02041	0.02445	0.01485	0.01006	0.01071	0.00336	0.01540	0.00924	0.00550	0.01569
15	0.01713	0.01389	0.01782	0.07983	0.02456	0.01250	0.01261	0.02198	0.02601	0.03675	0.29201	0.06042	0.12440	0.01723	0.01098	0.00289	0.00684	0.01489	0.00915	0.19810

[dist]
# distance from previous block
# <min> <max>
7	11

[block]
# block no. 6 follows, 13 sequences, length 65
# corresponding to MSA columns:
# 292-356
name=unknown_G
#
# <colnr> <probs for GDERKNQSTAVLIFYWHMCP>
#	G	D	E	R	K	N	Q	S	T	A	V	L	I	F	Y	W	H	M	C	P
0	0.03144	0.02539	0.03042	0.19667	0.07759	0.06332	0.02271	0.19703	0.12231	0.08586	0.02683	0.02912	0.01959	0.01205	0.01054	0.00332	0.01213	0.00981	0.00839	0.01547
1	0.15949	0.02346	0.07184	0.30059	0.18836	0.02404	0.02728	0.02974	0.02136	0.03359	0.01827	0.02500	0.01420	0.01008	0.00969	0.00336	0.01261	0.00854	0.00519	0.01328
2	0.02318	0.01602	0.01964	0.01586	0.02265	0.01279	0.01222	0.02700	0.02269	0.11118	0.03308	0.18971	0.03221	0.01559	0.00981	0.00257	0.00753	0.01348	0.00825	0.40452
3	0.01792	0.01340	0.01554	0.05770	0.01933	0.01448	0.01020	0.02448	0.12232	0.02577	0.03419	0.06013	0.03538	0.45842	0.04190	0.00840	0.01016	0.01424	0.00716	0.00889
4	0.70310	0.02045	0.01554	0.01390	0.02045	0.02372	0.01145	0.03108	0.01799	0.04744	0.01472	0.01718	0.01145	0.00981	0.00654	0.00327	0.00818	0.00573	0.00654	0.01145
5	0.17687	0.02067	0.06613	0.05458	0.02816	0.01830	0.01660	0.03918	0.05998	0.25787	0.11874	0.03777	0.03391	0.01349	0.01002	0.00332	0.00897	0.01078	0.01006	0.01459
6	0.02429	0.02389	0.03640	0.04192	0.23169	0.02961	0.02669	0.02812	0.01920	0.02891	0.01617	0.02429	0.01497	0.01504	0.02546	0.00406	0.38157	0.00932	0.00486	0.01354
7	0.01697	0.01275	0.01806	0.08003	0.02663	0.01309	0.01760	0.02189	0.02398	0.03090	0.05625	0.10827	0.09655	0.02705	0.01401	0.00462	0.00984	0.40240	0.00921	0.00988
8	0.02692	0.21537	0.03382	0.02044	0.02738	0.03119	0.01716	0.04846	0.37910	0.03814	0.03412	0.03237	0.02639	0.01268	0.00951	0.00317	0.00929	0.00997	0.00880	0.01574
9	0.01455	0.01066	0.01372	0.01376	0.01606	0.00983	0.01032	0.01879	0.02734	0.03765	0.39063	0.16966	0.14005	0.02458	0.01281	0.00363	0.00559	0.05973	0.01101	0.00963
10	0.03168	0.14822	0.17482	0.11048	0.03965	0.11337	0.02496	0.03799	0.02514	0.16194	0.02334	0.02506	0.01672	0.01082	0.00958	0.00305	0.01349	0.00818	0.00679	0.01472
11	0.03032	0.21129	0.13229	0.10391	0.08558	0.02756	0.05368	0.03647	0.02419	0.16285	0.02351	0.02558	0.01716	0.01044	0.00946	0.00302	0.01234	0.00849	0.00677	0.01509
12	0.01590	0.01139	0.01561	0.01727	0.01944	0.01109	0.01424	0.02033	0.02504	0.03349	0.17572	0.18719	0.07153	0.02800	0.01392	0.00441	0.00805	0.30757	0.01020	0.00962
13	0.01452	0.01110	0.01352	0.01378	0.01667	0.01010	0.01092	0.01860	0.02637	0.03456	0.26596	0.09727	0.26532	0.02539	0.01299	0.00379	0.00626	0.13287	0.01049	0.00952
14	0.04621	0.01997	0.02576	0.01975	0.02798	0.01847	0.01631	0.13236	0.03357	0.48429	0.03894	0.03419	0.02478	0.01302	0.01062	0.00325	0.00945	0.01044	0.01266	0.01799
15	0.03650	0.02034	0.03125	0.03739	0.24516	0.01901	0.02208	0.04134	0.02708	0.31571	0.03386	0.06999	0.02516	0.01289	0.01075	0.00328	0.01027	0.01140	0.00966	0.01687
16	0.02280	0.02849	0.10824	0.03795	0.04796	0.02380	0.39244	0.03127	0.02500	0.03408	0.06970	0.03756	0.06490	0.01143	0.01222	0.00352	0.01561	0.01328	0.00610	0.01365
17	0.02224	0.01884	0.02020	0.01845	0.02346	0.02084	0.01424	0.04368	0.37590	0.04147	0.13925	0.05584	0.12599	0.01751	0.01132	0.00354	0.00733	0.01478	0.01076	0.01438
18	0.02094	0.01978	0.03347	0.51870	0.14954	0.02375	0.02985	0.02787	0.02160	0.02819	0.01896	0.02787	0.01451	0.01039	0.01055	0.00346	0.01385	0.00940	0.00478	0.01253
19	0.01268	0.01072	0.01097	0.01090	0.01439	0.00900	0.00818	0.01553	0.02453	0.02960	0.14069	0.10005	0.52395	0.02639	0.01249	0.00355	0.00533	0.02208	0.00995	0.00900
20	0.09281	0.05109	0.51503	0.02843	0.04310	0.02447	0.03617	0.03323	0.02187	0.03495	0.01853	0.02178	0.01319	0.01002	0.00968	0.00334	0.01484	0.00759	0.00468	0.01519
21	0.02047	0.01911	0.03109	0.55649	0.06920	0.02372	0.02835	0.02935	0.06291	0.02839	0.02073	0.02909	0.01555	0.01087	0.01059	0.00353	0.01364	0.00960	0.00518	0.01214
22	0.02496	0.02852	0.06239	0.04456	0.05526	0.02674	0.52406	0.03387	0.02496	0.03387	0.02139	0.02852	0.01604	0.00891	0.01248	0.00357	0.01783	0.01248	0.00535	0.01426
23	0.02295	0.19772	0.44586	0.02717	0.04117	0.02882	0.03389	0.03303	0.02212	0.03136	0.01792	0.02100	0.01344	0.00980	0.00924	0.00308	0.01456	0.00728	0.00448	0.01512
24	0.03392	0.02182	0.03010	0.09222	0.16001	0.02257	0.02167	0.08355	0.15030	0.22113	0.03311	0.03280	0.02344	0.01221	0.01061	0.00333	0.01044	0.01044	0.00958	0.01674
25	0.09954	0.01878	0.02188	0.01623	0.02503	0.01545	0.01313	0.03304	0.02350	0.16360	0.02384	0.02478	0.01773	0.00929	0.00836	0.00215	0.00815	0.00725	0.00792	0.46035
26	0.02820	0.02855	0.03045	0.08013	0.07568	0.17173	0.02219	0.03145	0.02213	0.06368	0.02081	0.07039	0.01928	0.01586	0.02074	0.00379	0.26629	0.01036	0.00588	0.01239
27	0.02704	0.01373	0.01674	0.01454	0.01916	0.01288	0.01140	0.03350	0.06784	0.20521	0.18079	0.05385	0.08970	0.01634	0.01042	0.00312	0.00652	0.01372	0.19060	0.01289
28	0.03554	0.02585	0.11352	0.02102	0.02987	0.02026	0.01950	0.15466	0.03286	0.25852	0.09511	0.03541	0.03031	0.01313	0.01053	0.00313	0.01011	0.01061	0.01039	0.06967
29	0.04197	0.02676	0.02996	0.02297	0.03137	0.02855	0.01898	0.41042	0.04494	0.19016	0.02939	0.02799	0.01999	0.01279	0.01059	0.00320	0.01099	0.00979	0.01119	0.01798
30	0.02695	0.01340	0.01767	0.01531	0.01990	0.01190	0.01193	0.03117	0.02883	0.24064	0.28596	0.10781	0.10520	0.01970	0.01186	0.00340	0.00663	0.01702	0.01190	0.01283
31	0.04019	0.02962	0.03173	0.02433	0.03279	0.03279	0.02010	0.52721	0.04971	0.06663	0.02538	0.02538	0.01798	0.01269	0.01058	0.00317	0.01163	0.00952	0.01058	0.01798
32	0.01497	0.01008	0.01165	0.01205	0.01215	0.00998	0.00696	0.01527	0.01616	0.02155	0.03735	0.15847	0.04353	0.53219	0.04730	0.00929	0.00959	0.01775	0.00696	0.00676
33	0.02691	0.53115	0.08458	0.01802	0.02680	0.03735	0.01834	0.03104	0.02161	0.02697	0.01706	0.01967	0.01498	0.00945	0.00706	0.00235	0.01092	0.00624	0.07619	0.01331
34	0.15289	0.01754	0.02364	0.24616	0.04134	0.01934	0.01877	0.03242	0.02206	0.17338	0.02639	0.03468	0.02064	0.10854	0.01666	0.00447	0.01105	0.00999	0.00753	0.01250
35	0.07484	0.03175	0.06504	0.02442	0.02893	0.18208	0.02037	0.07720	0.02478	0.08131	0.02016	0.02671	0.01713	0.06403	0.02137	0.00413	0.20766	0.00890	0.00643	0.01277
36	0.04548	0.01843	0.02448	0.01906	0.02704	0.01654	0.01565	0.05196	0.07788	0.52101	0.04184	0.03631	0.02674	0.01320	0.01064	0.00330	0.00894	0.01076	0.01287	0.01788
37	0.04241	0.01765	0.02339	0.01870	0.02600	0.01592	0.01514	0.04869	0.07699	0.47279	0.04331	0.08833	0.03063	0.01498	0.01090	0.00339	0.00868	0.01248	0.01258	0.01704
38	0.03573	0.18646	0.03613	0.02512	0.03104	0.41979	0.02006	0.03858	0.02702	0.02561	0.01579	0.01885	0.01363	0.01098	0.01060	0.00274	0.05747	0.00670	0.00517	0.01252
39	0.09345	0.01560	0.02005	0.01691	0.02276	0.01436	0.01378	0.03781	0.02846	0.32004	0.18424	0.05503	0.04899	0.01686	0.01120	0.00345	0.00789	0.06303	0.01175	0.01431
40	0.01538	0.01025	0.01153	0.01153	0.01153	0.01025	0.00641	0.01538	0.01538	0.02050	0.03331	0.06919	0.03844	0.62842	0.05382	0.01025	0.01025	0.01538	0.00641	0.00641
41	0.02496	0.02852	0.06239	0.04456	0.05526	0.02674	0.52406	0.03387	0.02496	0.03387	0.02139	0.02852	0.01604	0.00891	0.01248	0.00357	0.01783	0.01248	0.00535	0.01426
42	0.03805	0.02590	0.03122	0.02412	0.03206	0.02745	0.05611	0.36822	0.04217	0.14590	0.03053	0.07609	0.02346	0.01415	0.01097	0.00331	0.01120	0.01161	0.01055	0.01694
43	0.01510	0.01133	0.01699	0.01699	0.01888	0.01322	0.01322	0.01888	0.01699	0.02454	0.02832	0.04154	0.02643	0.07930	0.58652	0.01699	0.02832	0.01133	0.00566	0.00944
44	0.01442	0.01055	0.01354	0.01329	0.01559	0.00967	0.00978	0.01871	0.02789	0.03876	0.43881	0.16600	0.13581	0.02388	0.01263	0.00350	0.00520	0.02112	0.01119	0.00967
45	0.03641	0.03542	0.03927	0.03074	0.03869	0.23928	0.17265	0.11920	0.03167	0.11850	0.02323	0.02556	0.01699	0.01092	0.01077	0.00314	0.01594	0.00956	0.00742	0.01467
46	0.34150	0.02457	0.02184	0.01858	0.02503	0.08316	0.01502	0.15448	0.02779	0.08274	0.02102	0.02365	0.01612	0.01932	0.07874	0.00486	0.01268	0.00779	0.00776	0.01335
47	0.03750	0.02021	0.02424	0.02008	0.02723	0.02060	0.01610	0.05372	0.27154	0.32266	0.04233	0.03761	0.02904	0.01368	0.01069	0.00342	0.00870	0.01125	0.01199	0.01740
48	0.01319	0.00969	0.01234	0.01402	0.01515	0.00913	0.00953	0.01517	0.02022	0.02654	0.06170	0.45052	0.14135	0.08224	0.06151	0.00564	0.00808	0.02621	0.00922	0.00854
49	0.29265	0.02429	0.02158	0.01820	0.02482	0.10892	0.01460	0.07818	0.02709	0.19532	0.07392	0.02929	0.02475	0.01225	0.00907	0.00318	0.01011	0.00886	0.00905	0.01385
50	0.01538	0.01025	0.01153	0.01153	0.01153	0.01025	0.00641	0.01538	0.01538	0.02050	0.03331	0.06919	0.03844	0.62842	0.05382	0.01025	0.01025	0.01538	0.00641	0.00641
51	0.03685	0.03351	0.03385	0.03421	0.15287	0.16177	0.02298	0.30042	0.03923	0.04973	0.02200	0.02407	0.01667	0.01153	0.01031	0.00306	0.01360	0.00886	0.00815	0.01635
52	0.01747	0.01751	0.03072	0.02385	0.03004	0.01581	0.20501	0.02273	0.02494	0.03182	0.11437	0.07180	0.31069	0.01951	0.01249	0.00355	0.01008	0.01828	0.00827	0.01105
53	0.02487	0.02185	0.03424	0.04733	0.35670	0.02208	0.02603	0.08125	0.02752	0.03842	0.09142	0.04691	0.03380	0.01431	0.01136	0.00343	0.01110	0.08513	0.00727	0.01497
54	0.01997	0.01879	0.03171	0.60301	0.07282	0.02349	0.02936	0.02701	0.02114	0.02701	0.01879	0.02819	0.01409	0.01057	0.01057	0.00352	0.01409	0.00940	0.00470	0.01175
55	0.44081	0.01656	0.01401	0.01300	0.01705	0.01858	0.00953	0.02509	0.01700	0.03716	0.02181	0.03701	0.02174	0.24574	0.02457	0.00593	0.00897	0.00941	0.00649	0.00953
56	0.70310	0.02045	0.01554	0.01390	0.02045	0.02372	0.01145	0.03108	0.01799	0.04744	0.01472	0.01718	0.01145	0.00981	0.00654	0.00327	0.00818	0.00573	0.00654	0.01145
57	0.01485	0.00967	0.01235	0.01310	0.01441	0.00892	0.00901	0.01450	0.01899	0.02420	0.05843	0.23313	0.20394	0.03250	0.02379	0.26649	0.00705	0.01966	0.00782	0.00717
58	0.01391	0.00994	0.01345	0.01590	0.01696	0.00947	0.01160	0.01650	0.02126	0.02814	0.05771	0.49724	0.06768	0.03216	0.01377	0.00444	0.00703	0.14419	0.00980	0.00887
59	0.01541	0.01113	0.01669	0.01669	0.01841	0.01284	0.01284	0.01841	0.01669	0.02397	0.02740	0.04066	0.02568	0.07535	0.53592	0.07967	0.02654	0.01113	0.00556	0.00899
60	0.63956	0.01940	0.01538	0.01389	0.01983	0.02237	0.01124	0.02947	0.01760	0.04474	0.01506	0.01856	0.01209	0.01231	0.00977	0.06722	0.00827	0.00605	0.00636	0.01081
61	0.02735	0.02567	0.06682	0.02168	0.02805	0.06730	0.01814	0.07795	0.31395	0.07442	0.07150	0.03826	0.03208	0.02007	0.06414	0.00468	0.01165	0.01142	0.00957	0.01532
62	0.01691	0.01320	0.01865	0.09000	0.07973	0.01311	0.01432	0.02207	0.02711	0.03823	0.35325	0.06611	0.11553	0.01871	0.01162	0.00328	0.00692	0.01646	0.06399	0.01080
63	0.07335	0.23493	0.17246	0.07663	0.03646	0.07286	0.02410	0.07464	0.07911	0.03420	0.02010	0.02255	0.01575	0.01047	0.00886	0.00296	0.01272	0.00760	0.00587	0.01435
64	0.08525	0.29739	0.18998	0.02521	0.08654	0.03071	0.02383	0.03155	0.02174	0.03163	0.01827	0.02152	0.01492	0.00973	0.00811	0.00276	0.01177	0.00704	0.06811	0.01394

[dist]
# distance from previous block
# <min> <max>
0	36

[block]
# block no. 7 follows, 13 sequences, length 51
# corresponding to MSA columns:
# 393-443
name=unknown_H
#
# <colnr> <probs for GDERKNQSTAVLIFYWHMCP>
#	G	D	E	R	K	N	Q	S	T	A	V	L	I	F	Y	W	H	M	C	P
0	0.41841	0.06908	0.02365	0.02051	0.05790	0.07529	0.01549	0.03528	0.09151	0.04130	0.01902	0.02131	0.01513	0.01097	0.00935	0.00327	0.04600	0.00712	0.00668	0.01274
1	0.02731	0.03434	0.22631	0.04075	0.23796	0.02377	0.03049	0.03844	0.09086	0.10796	0.02549	0.02784	0.01883	0.01077	0.01038	0.00329	0.01263	0.00934	0.00673	0.01652
2	0.01560	0.01155	0.01467	0.01416	0.01668	0.01111	0.01050	0.02217	0.07022	0.04044	0.44696	0.15006	0.09021	0.02260	0.01247	0.00348	0.00542	0.02004	0.01132	0.01033
3	0.01991	0.01740	0.02730	0.17427	0.14103	0.01866	0.05434	0.02573	0.05563	0.02797	0.02868	0.08654	0.02836	0.22038	0.02549	0.00578	0.01177	0.01334	0.00622	0.01122
4	0.01941	0.01179	0.01556	0.01406	0.01733	0.01074	0.01074	0.02428	0.02997	0.11461	0.48635	0.07309	0.08969	0.02045	0.01222	0.00332	0.00554	0.01796	0.01184	0.01107
5	0.02742	0.33207	0.12776	0.02331	0.03088	0.10581	0.02280	0.03187	0.02149	0.02647	0.01539	0.01946	0.01362	0.01158	0.01396	0.00302	0.14821	0.00695	0.00465	0.01327
6	0.03661	0.01547	0.02052	0.01661	0.02238	0.01373	0.01296	0.04001	0.02725	0.38825	0.11058	0.04848	0.03869	0.13673	0.01948	0.00467	0.00870	0.01274	0.01156	0.01459
7	0.01266	0.01072	0.01094	0.01088	0.01438	0.00900	0.00816	0.01549	0.02448	0.02948	0.13678	0.10025	0.52793	0.02644	0.01249	0.00355	0.00533	0.02210	0.00994	0.00900
8	0.01512	0.01125	0.01659	0.01659	0.01834	0.01300	0.01271	0.01862	0.01687	0.02425	0.02869	0.04357	0.02732	0.11973	0.54729	0.01650	0.02699	0.01163	0.00572	0.00922
9	0.02121	0.05469	0.57364	0.03014	0.04576	0.02455	0.03906	0.03348	0.02232	0.03348	0.01897	0.02232	0.01339	0.01005	0.01005	0.00335	0.01563	0.00781	0.00446	0.01563
10	0.02192	0.01879	0.02192	0.01566	0.02506	0.01409	0.01253	0.02662	0.02192	0.03445	0.01879	0.02192	0.01566	0.00783	0.00783	0.00157	0.00783	0.00626	0.00626	0.69305
11	0.02539	0.03559	0.20365	0.02258	0.03340	0.09713	0.02280	0.06646	0.02512	0.03524	0.01898	0.02191	0.01481	0.00932	0.00898	0.00242	0.01218	0.00707	0.00587	0.33109
12	0.02496	0.02852	0.06239	0.04456	0.05526	0.02674	0.52406	0.03387	0.02496	0.03387	0.02139	0.02852	0.01604	0.00891	0.01248	0.00357	0.01783	0.01248	0.00535	0.01426
13	0.02800	0.04548	0.32036	0.03060	0.04272	0.10336	0.10046	0.13264	0.02917	0.03907	0.02022	0.02335	0.01470	0.01053	0.01042	0.00326	0.01561	0.00867	0.00593	0.01544
14	0.60907	0.01953	0.01576	0.01396	0.02033	0.02217	0.01145	0.03205	0.01914	0.08321	0.01800	0.02006	0.01358	0.01022	0.00689	0.00321	0.00801	0.00636	0.05521	0.01179
15	0.03292	0.02976	0.02732	0.02330	0.02974	0.13809	0.01838	0.21371	0.23399	0.04696	0.03062	0.03071	0.02323	0.01769	0.05124	0.00422	0.01302	0.01005	0.00929	0.01577
16	0.03633	0.03024	0.20340	0.02250	0.03276	0.01922	0.02314	0.07387	0.02889	0.32882	0.06653	0.03363	0.02624	0.01262	0.01056	0.00329	0.01107	0.01019	0.01002	0.01670
17	0.02541	0.46280	0.12753	0.01974	0.02879	0.03534	0.02056	0.03018	0.02099	0.02612	0.01720	0.02113	0.01530	0.01881	0.08665	0.00444	0.01428	0.00675	0.00467	0.01331
18	0.03264	0.12595	0.03361	0.06709	0.09933	0.02683	0.01990	0.20041	0.03387	0.12857	0.09776	0.03327	0.02929	0.01279	0.01019	0.00308	0.01055	0.01034	0.00899	0.01554
19	0.01836	0.01084	0.01415	0.01454	0.01641	0.01004	0.01009	0.02075	0.02248	0.10289	0.13618	0.36287	0.06401	0.12217	0.01928	0.00493	0.00698	0.02324	0.01003	0.00977
20	0.02269	0.02698	0.12545	0.02737	0.03482	0.02272	0.15237	0.09216	0.02720	0.03749	0.11683	0.04487	0.10741	0.01550	0.01486	0.00359	0.09378	0.01333	0.00742	0.01316
21	0.01390	0.01024	0.01307	0.01389	0.01579	0.00941	0.01009	0.01728	0.02483	0.03351	0.25901	0.30274	0.15185	0.02748	0.01302	0.00385	0.00581	0.05447	0.01052	0.00925
22	0.02241	0.11573	0.21945	0.02693	0.03652	0.02406	0.12397	0.06575	0.02505	0.03449	0.07065	0.12883	0.03100	0.01473	0.01091	0.00339	0.01269	0.01326	0.00660	0.01359
23	0.02054	0.03542	0.28265	0.33774	0.06029	0.02398	0.03386	0.03001	0.02169	0.03001	0.01888	0.02547	0.01377	0.01033	0.01033	0.00344	0.01480	0.00866	0.00459	0.01354
24	0.26025	0.12974	0.10422	0.02145	0.02838	0.07842	0.02002	0.06522	0.02201	0.03687	0.01600	0.01976	0.01318	0.01174	0.01320	0.00333	0.13050	0.00706	0.00572	0.01291
25	0.02936	0.10664	0.02885	0.02103	0.02780	0.02802	0.01707	0.08748	0.39257	0.08690	0.03773	0.03504	0.02814	0.01339	0.01019	0.00335	0.00907	0.01080	0.01008	0.01650
26	0.02164	0.08738	0.29408	0.02531	0.03709	0.02212	0.07042	0.03003	0.02221	0.03253	0.02197	0.07089	0.01882	0.01115	0.00968	0.00288	0.01262	0.00944	0.00546	0.19429
27	0.02121	0.05469	0.57364	0.03014	0.04576	0.02455	0.03906	0.03348	0.02232	0.03348	0.01897	0.02232	0.01339	0.01005	0.01005	0.00335	0.01563	0.00781	0.00446	0.01563
28	0.02611	0.24044	0.33043	0.02541	0.03791	0.03132	0.02963	0.10049	0.02580	0.03522	0.01846	0.02099	0.01408	0.01008	0.00905	0.00297	0.01367	0.00734	0.00532	0.01528
29	0.03250	0.02555	0.11426	0.06440	0.03762	0.02065	0.12206	0.03871	0.02572	0.25887	0.03511	0.03565	0.05953	0.01311	0.01316	0.00350	0.06441	0.01124	0.00871	0.01525
30	0.02742	0.02438	0.03716	0.16203	0.08794	0.07202	0.15497	0.03688	0.09579	0.10228	0.02856	0.07356	0.02296	0.01257	0.01123	0.00347	0.01336	0.01202	0.00728	0.01413
31	0.04097	0.01656	0.02247	0.01771	0.02476	0.01443	0.01443	0.04524	0.03020	0.46482	0.14425	0.04454	0.04082	0.01478	0.01100	0.00328	0.00820	0.01232	0.01280	0.01640
32	0.02610	0.45635	0.21481	0.02180	0.03287	0.03652	0.02454	0.03222	0.02174	0.02752	0.01601	0.01861	0.01351	0.00935	0.00779	0.00260	0.01264	0.00632	0.00450	0.01420
33	0.02810	0.01388	0.01750	0.01558	0.01959	0.01305	0.01157	0.03296	0.06237	0.23287	0.07842	0.15681	0.04259	0.14368	0.01988	0.00485	0.00803	0.01589	0.06989	0.01248
34	0.01284	0.01005	0.01163	0.01266	0.01485	0.00885	0.00895	0.01530	0.02279	0.02881	0.11622	0.32999	0.31102	0.02923	0.01294	0.00387	0.00567	0.02552	0.00994	0.00885
35	0.04744	0.01799	0.02454	0.01881	0.02699	0.01554	0.01554	0.05153	0.03026	0.56979	0.04171	0.03599	0.02617	0.01309	0.01063	0.00327	0.00900	0.01063	0.01309	0.01799
36	0.13506	0.03232	0.11297	0.02844	0.07072	0.10186	0.08626	0.11828	0.06492	0.11272	0.02410	0.02567	0.01747	0.01107	0.01000	0.00324	0.01300	0.00901	0.00767	0.01521
37	0.08132	0.01982	0.02615	0.05961	0.03021	0.02076	0.05104	0.11981	0.06457	0.19554	0.03574	0.14777	0.03059	0.01673	0.01248	0.00360	0.04600	0.01400	0.00977	0.01449
38	0.01382	0.00987	0.01334	0.01579	0.01681	0.00939	0.01144	0.01634	0.02116	0.02803	0.05776	0.50874	0.06789	0.03225	0.01374	0.00442	0.00694	0.13363	0.00980	0.00885
39	0.70310	0.02045	0.01554	0.01390	0.02045	0.02372	0.01145	0.03108	0.01799	0.04744	0.01472	0.01718	0.01145	0.00981	0.00654	0.00327	0.00818	0.00573	0.00654	0.01145
40	0.01610	0.01062	0.01540	0.01636	0.01767	0.01116	0.01251	0.01758	0.01838	0.02495	0.03690	0.14795	0.03925	0.04868	0.21378	0.19424	0.01527	0.12814	0.00699	0.00807
41	0.02212	0.02607	0.10889	0.21763	0.04973	0.02382	0.13154	0.03541	0.14782	0.03362	0.03235	0.03612	0.06288	0.01237	0.01111	0.00353	0.01302	0.01150	0.00668	0.01378
42	0.02376	0.02266	0.03856	0.27404	0.37216	0.02449	0.03125	0.03034	0.02293	0.03162	0.01946	0.02695	0.01572	0.00987	0.01051	0.00329	0.01316	0.00941	0.00503	0.01480
43	0.01463	0.01079	0.01366	0.01295	0.01559	0.00983	0.00971	0.01930	0.02913	0.04050	0.49530	0.08210	0.16253	0.02232	0.01247	0.00336	0.00504	0.01956	0.01139	0.00983
44	0.70310	0.02045	0.01554	0.01390	0.02045	0.02372	0.01145	0.03108	0.01799	0.04744	0.01472	0.01718	0.01145	0.00981	0.00654	0.00327	0.00818	0.00573	0.00654	0.01145
45	0.01887	0.01125	0.01585	0.01474	0.01666	0.01112	0.04671	0.02026	0.01887	0.02888	0.02976	0.04662	0.02762	0.10063	0.02569	0.23494	0.00838	0.05052	0.26466	0.00796
46	0.01339	0.01075	0.01196	0.01165	0.01483	0.00931	0.00874	0.01691	0.02622	0.03360	0.27080	0.09347	0.39134	0.02490	0.01249	0.00348	0.00522	0.02115	0.01048	0.00931
47	0.01505	0.01034	0.01191	0.01191	0.01264	0.01017	0.00732	0.01549	0.01686	0.02201	0.04451	0.07052	0.12406	0.45295	0.08315	0.05084	0.01062	0.01589	0.00682	0.00693
48	0.03736	0.02664	0.02564	0.02079	0.02751	0.11190	0.01670	0.25680	0.03726	0.15269	0.02898	0.02929	0.02073	0.01241	0.00978	0.00298	0.01094	0.00938	0.14681	0.01544
49	0.02343	0.02474	0.04805	0.03556	0.04425	0.02395	0.35740	0.03509	0.11275	0.03593	0.07589	0.04000	0.06607	0.01221	0.01219	0.00355	0.01424	0.01367	0.00712	0.01393
50	0.03492	0.02670	0.02885	0.02242	0.03065	0.02861	0.01829	0.36861	0.12275	0.05768	0.02705	0.02702	0.01984	0.01213	0.01014	0.00297	0.01048	0.00935	0.00988	0.13166

[dist]
# distance from previous block
# <min> <max>
10	42

[block]
# block no. 8 follows, 13 sequences, length 9
# corresponding to MSA columns:
# 493-501
name=unknown_I
#
# <colnr> <probs for GDERKNQSTAVLIFYWHMCP>
#	G	D	E	R	K	N	Q	S	T	A	V	L	I	F	Y	W	H	M	C	P
0	0.62351	0.02100	0.01876	0.01990	0.08418	0.02388	0.01392	0.03124	0.01871	0.04592	0.01533	0.01823	0.01207	0.00977	0.00700	0.00326	0.00869	0.00616	0.00639	0.01207
1	0.02350	0.08678	0.33217	0.03497	0.11764	0.02639	0.09263	0.03591	0.08409	0.03430	0.02191	0.02524	0.01643	0.01025	0.01024	0.00329	0.01428	0.00893	0.00543	0.01560
2	0.02377	0.02785	0.10737	0.06040	0.07227	0.06015	0.02437	0.03360	0.11915	0.03167	0.02596	0.03772	0.02304	0.01620	0.01960	0.00399	0.22665	0.06643	0.00646	0.01335
3	0.02768	0.01458	0.01719	0.01476	0.01836	0.01429	0.01066	0.08713	0.02452	0.17799	0.03484	0.05043	0.03095	0.29410	0.02986	0.00633	0.00926	0.01255	0.11306	0.01145
4	0.02583	0.01405	0.01816	0.01571	0.02024	0.01312	0.01227	0.03276	0.07572	0.20268	0.35475	0.06241	0.07142	0.01838	0.01176	0.00333	0.00651	0.01591	0.01200	0.01301
5	0.02630	0.02271	0.02391	0.02152	0.02749	0.02630	0.01674	0.05618	0.54336	0.04423	0.04303	0.03945	0.03228	0.01434	0.01076	0.00359	0.00837	0.01195	0.01076	0.01674
6	0.04073	0.01651	0.02239	0.01767	0.02468	0.01439	0.01439	0.04501	0.03019	0.46091	0.14806	0.04486	0.04136	0.01485	0.01101	0.00328	0.00817	0.01239	0.01279	0.01634
7	0.01416	0.01054	0.01323	0.01351	0.01582	0.00962	0.01004	0.01799	0.02626	0.03549	0.32189	0.20250	0.18526	0.02568	0.01285	0.00369	0.00565	0.05565	0.01074	0.00945
8	0.01522	0.01097	0.01448	0.01405	0.01654	0.01024	0.01083	0.02019	0.02925	0.04110	0.49625	0.08386	0.09505	0.02253	0.01273	0.00351	0.00556	0.07628	0.01141	0.00995

[dist]
# distance from previous block
# <min> <max>
0	1

[block]
# block no. 9 follows, 13 sequences, length 8
# corresponding to MSA columns:
# 503-510
name=unknown_J
#
# <colnr> <probs for GDERKNQSTAVLIFYWHMCP>
#	G	D	E	R	K	N	Q	S	T	A	V	L	I	F	Y	W	H	M	C	P
0	0.02660	0.02112	0.02490	0.02231	0.02742	0.06617	0.05596	0.09145	0.14653	0.08998	0.04252	0.14278	0.04003	0.01985	0.01213	0.00386	0.01043	0.13281	0.00971	0.01347
1	0.01711	0.01185	0.01426	0.01404	0.01565	0.01204	0.00958	0.02161	0.09600	0.02813	0.11910	0.11635	0.08841	0.20061	0.03087	0.16366	0.00811	0.01608	0.00805	0.00848
2	0.02050	0.03760	0.32782	0.02337	0.03522	0.01931	0.02692	0.02946	0.02332	0.03508	0.09795	0.03053	0.02676	0.01109	0.00974	0.00282	0.01175	0.00902	0.00605	0.21569
3	0.17347	0.25938	0.17944	0.02049	0.03061	0.02953	0.02185	0.03494	0.02225	0.11204	0.01980	0.02122	0.01492	0.01007	0.00816	0.00291	0.01144	0.00697	0.00620	0.01431
4	0.02408	0.10536	0.37805	0.02644	0.03933	0.08829	0.03089	0.03326	0.02305	0.03193	0.01823	0.02137	0.01378	0.00971	0.00933	0.00290	0.01442	0.00725	0.00485	0.11746
5	0.02478	0.34807	0.31154	0.02404	0.03634	0.03330	0.02846	0.03256	0.02190	0.02913	0.01681	0.01961	0.01348	0.00954	0.00840	0.00280	0.01344	0.00672	0.00449	0.01459
6	0.27130	0.09742	0.12386	0.02025	0.02879	0.02754	0.01937	0.09368	0.14568	0.04382	0.02331	0.02422	0.01765	0.01116	0.00864	0.00323	0.01030	0.00798	0.00739	0.01441
7	0.33062	0.02856	0.07200	0.02435	0.03228	0.08820	0.12497	0.03681	0.09836	0.04054	0.02082	0.02349	0.01589	0.01043	0.00904	0.00332	0.01208	0.00837	0.00662	0.01324

[dist]
# distance from previous block
# <min> <max>
0	1

[block]
# block no. 10 follows, 13 sequences, length 6
# corresponding to MSA columns:
# 512-517
name=unknown_K
#
# <colnr> <probs for GDERKNQSTAVLIFYWHMCP>
#	G	D	E	R	K	N	Q	S	T	A	V	L	I	F	Y	W	H	M	C	P
0	0.10223	0.01729	0.01978	0.01634	0.02255	0.01594	0.01305	0.07795	0.02456	0.03792	0.08110	0.04069	0.03014	0.01624	0.01350	0.08964	0.00837	0.06583	0.00754	0.29933
1	0.02502	0.04258	0.28302	0.03619	0.04843	0.09156	0.25191	0.03468	0.02439	0.03276	0.01974	0.02469	0.01459	0.00964	0.01106	0.00337	0.01701	0.00976	0.00497	0.01462
2	0.01465	0.01080	0.01370	0.01298	0.01561	0.00984	0.00973	0.01935	0.02920	0.04066	0.50032	0.08184	0.15741	0.02226	0.01247	0.00336	0.00503	0.01952	0.01141	0.00984
3	0.02747	0.02459	0.03123	0.02622	0.02890	0.03176	0.02167	0.14569	0.08651	0.03724	0.02001	0.02559	0.01701	0.01666	0.02625	0.00417	0.39899	0.00964	0.00674	0.01367
4	0.01529	0.01037	0.01209	0.01191	0.01245	0.01019	0.00717	0.01636	0.01850	0.02520	0.14564	0.07129	0.05160	0.49824	0.04495	0.00876	0.00912	0.01618	0.00753	0.00717
5	0.02121	0.05469	0.57364	0.03014	0.04576	0.02455	0.03906	0.03348	0.02232	0.03348	0.01897	0.02232	0.01339	0.01005	0.01005	0.00335	0.01563	0.00781	0.00446	0.01563

[dist]
# distance from previous block
# <min> <max>
0	55

[block]
# block no. 11 follows, 13 sequences, length 12
# corresponding to MSA columns:
# 573-584
name=unknown_L
#
# <colnr> <probs for GDERKNQSTAVLIFYWHMCP>
#	G	D	E	R	K	N	Q	S	T	A	V	L	I	F	Y	W	H	M	C	P
0	0.02054	0.08765	0.29949	0.02487	0.03385	0.02397	0.02757	0.02828	0.02212	0.03213	0.10336	0.07804	0.03122	0.01512	0.01497	0.00356	0.12255	0.01139	0.00602	0.01328
