[name]
unknown

[dist]
# distance from previous block
# <min> <max>
0	61

[block]
# block no. 0 follows, 13 sequences, length 54
# corresponding to MSA columns:
# 63-116
name=unknown_A
#
# <colnr> <probs for GDERKNQSTAVLIFYWHMCP>
#	G	D	E	R	K	N	Q	S	T	A	V	L	I	F	Y	W	H	M	C	P
0	0.01914	0.01139	0.01545	0.01637	0.01873	0.01065	0.01249	0.02241	0.02376	0.10804	0.10829	0.35200	0.06449	0.02802	0.01326	0.00419	0.00734	0.14316	0.01046	0.01038
1	0.43463	0.02072	0.02593	0.02152	0.02823	0.02232	0.12326	0.03005	0.02063	0.04170	0.02349	0.03776	0.02122	0.01306	0.00926	0.00362	0.01054	0.09344	0.00685	0.01175
2	0.02496	0.02852	0.06239	0.04456	0.05526	0.02674	0.52406	0.03387	0.02496	0.03387	0.02139	0.02852	0.01604	0.00891	0.01248	0.00357	0.01783	0.01248	0.00535	0.01426
3	0.03991	0.03802	0.03102	0.02550	0.03275	0.25657	0.02023	0.33101	0.04172	0.05015	0.02173	0.02283	0.01622	0.01197	0.01015	0.00299	0.01464	0.00842	0.00850	0.01567
4	0.01533	0.01057	0.01301	0.01354	0.01446	0.01036	0.00922	0.01724	0.02002	0.02700	0.13361	0.13681	0.05652	0.35558	0.03553	0.00747	0.00879	0.09884	0.00827	0.00784
5	0.03950	0.05039	0.02996	0.02724	0.03269	0.58597	0.02043	0.04222	0.02996	0.02588	0.01634	0.01907	0.01362	0.01090	0.00953	0.00272	0.01907	0.00681	0.00545	0.01226
6	0.09429	0.02008	0.02221	0.01888	0.02445	0.02141	0.01491	0.21268	0.08065	0.09547	0.13111	0.14009	0.04345	0.01779	0.01106	0.00345	0.00860	0.01480	0.01049	0.01413
7	0.04294	0.01700	0.02310	0.01805	0.02544	0.01477	0.01477	0.04716	0.03022	0.49680	0.11301	0.04194	0.03636	0.01427	0.01089	0.00328	0.00844	0.01181	0.01289	0.01688
8	0.70310	0.02045	0.01554	0.01390	0.02045	0.02372	0.01145	0.03108	0.01799	0.04744	0.01472	0.01718	0.01145	0.00981	0.00654	0.00327	0.00818	0.00573	0.00654	0.01145
9	0.01649	0.01141	0.01307	0.01228	0.01593	0.00987	0.00934	0.02003	0.02653	0.08259	0.24502	0.08844	0.36275	0.02387	0.01232	0.00346	0.00557	0.02022	0.01070	0.01009
10	0.18234	0.02282	0.02568	0.02311	0.07342	0.02411	0.01717	0.22058	0.03366	0.17902	0.02729	0.02739	0.01919	0.01185	0.00945	0.00316	0.00978	0.00899	0.06520	0.01580
11	0.01413	0.01121	0.01747	0.01782	0.01948	0.01047	0.06318	0.01671	0.02073	0.02770	0.05445	0.55999	0.06434	0.03061	0.01339	0.00422	0.00735	0.02823	0.00935	0.00918
12	0.01538	0.01025	0.01153	0.01153	0.01153	0.01025	0.00641	0.01538	0.01538	0.02050	0.03331	0.06919	0.03844	0.62842	0.05382	0.01025	0.01025	0.01538	0.00641	0.00641
13	0.01950	0.01144	0.01432	0.01413	0.01628	0.01068	0.00996	0.02170	0.02176	0.10913	0.10299	0.19956	0.09755	0.23314	0.02685	0.00607	0.00809	0.05798	0.00932	0.00953
14	0.02671	0.02411	0.03764	0.23217	0.18483	0.02705	0.07543	0.13707	0.02799	0.03804	0.02030	0.02663	0.01579	0.01130	0.01294	0.00345	0.06806	0.00971	0.00616	0.01461
15	0.02098	0.01561	0.01789	0.01634	0.02016	0.01579	0.01241	0.16024	0.03152	0.04204	0.17458	0.22925	0.15424	0.02349	0.01225	0.00362	0.00727	0.02027	0.01046	0.01162
16	0.03183	0.01621	0.02013	0.01724	0.02213	0.01565	0.01306	0.08040	0.07193	0.26280	0.04150	0.14705	0.03643	0.14976	0.02048	0.00498	0.00894	0.01514	0.01063	0.01370
17	0.19536	0.01294	0.01447	0.01396	0.01661	0.01342	0.01011	0.02162	0.01959	0.06137	0.11769	0.12540	0.04006	0.07379	0.02270	0.20301	0.00784	0.01361	0.00767	0.00874
18	0.29752	0.02378	0.02395	0.07275	0.03065	0.02720	0.01694	0.20187	0.12227	0.05145	0.02371	0.02490	0.01759	0.01166	0.00902	0.00332	0.00992	0.00844	0.00848	0.01461
19	0.02746	0.22992	0.19637	0.09139	0.08247	0.11385	0.02702	0.06023	0.02469	0.03081	0.01763	0.02127	0.01408	0.01001	0.00906	0.00290	0.01413	0.00738	0.00505	0.01427
20	0.02595	0.02459	0.03947	0.24257	0.10342	0.06895	0.16179	0.03260	0.02401	0.07410	0.02126	0.02732	0.01598	0.00995	0.01072	0.00321	0.01432	0.00981	0.00583	0.08416
21	0.09636	0.03046	0.12801	0.02481	0.03459	0.02577	0.06850	0.23390	0.03453	0.14340	0.02541	0.02606	0.01770	0.01139	0.01014	0.00317	0.01192	0.00915	0.00882	0.05589
22	0.01616	0.01132	0.01441	0.01564	0.01702	0.01115	0.01083	0.06782	0.02277	0.03040	0.05160	0.51144	0.06032	0.03130	0.01547	0.06048	0.00695	0.02622	0.00947	0.00924
23	0.04270	0.01774	0.02313	0.01827	0.02570	0.01614	0.01492	0.04955	0.08276	0.46664	0.04119	0.03666	0.02689	0.01315	0.01035	0.00323	0.00856	0.01070	0.07462	0.01712
24	0.01355	0.01000	0.01284	0.01485	0.01632	0.00928	0.01078	0.01608	0.02165	0.02810	0.06653	0.44010	0.15493	0.03130	0.01351	0.00427	0.00664	0.11062	0.00980	0.00885
25	0.02192	0.01879	0.02192	0.01566	0.02506	0.01409	0.01253	0.02662	0.02192	0.03445	0.01879	0.02192	0.01566	0.00783	0.00783	0.00157	0.00783	0.00626	0.00626	0.69305
26	0.02346	0.02409	0.03771	0.03074	0.03264	0.03138	0.11212	0.02694	0.01775	0.02694	0.01521	0.02409	0.01426	0.01680	0.03075	0.00444	0.50404	0.00983	0.00475	0.01204
27	0.01391	0.01022	0.01314	0.01423	0.01602	0.00944	0.01038	0.01717	0.02422	0.03252	0.22104	0.32950	0.14379	0.02826	0.01315	0.00395	0.00604	0.07345	0.01038	0.00919
28	0.03794	0.19451	0.08782	0.02098	0.03018	0.02764	0.01957	0.15374	0.03155	0.25171	0.02830	0.02697	0.01957	0.01159	0.00950	0.00298	0.01088	0.00873	0.00931	0.01654
29	0.01949	0.01133	0.01384	0.01277	0.01597	0.01045	0.00973	0.02415	0.02743	0.09759	0.32481	0.06618	0.11502	0.01876	0.01096	0.00312	0.00544	0.01610	0.18612	0.01072
30	0.08956	0.02599	0.11757	0.07052	0.03325	0.01947	0.01944	0.07671	0.02497	0.09335	0.02143	0.02387	0.01605	0.00962	0.00887	0.00253	0.01021	0.00750	0.00695	0.32215
31	0.03144	0.47364	0.04910	0.01975	0.02864	0.03943	0.01863	0.16361	0.02900	0.03600	0.01754	0.01920	0.01474	0.01002	0.00779	0.00250	0.01139	0.00668	0.00613	0.01474
32	0.01589	0.01092	0.01268	0.01281	0.01583	0.00950	0.00938	0.01866	0.02405	0.07674	0.12780	0.24405	0.32930	0.02695	0.01262	0.00373	0.00587	0.02324	0.01027	0.00972
33	0.02962	0.02273	0.03183	0.23742	0.04725	0.02525	0.06285	0.21757	0.03292	0.08696	0.02699	0.08217	0.02183	0.01351	0.01100	0.00344	0.01232	0.01169	0.00813	0.01453
34	0.02248	0.07205	0.07910	0.07663	0.03257	0.02510	0.06667	0.02803	0.07254	0.02731	0.01959	0.02731	0.01699	0.01923	0.02514	0.16452	0.19876	0.00941	0.00530	0.01125
35	0.01453	0.01079	0.01353	0.01284	0.01553	0.00979	0.00963	0.01910	0.02889	0.03994	0.47710	0.08302	0.18108	0.02253	0.01247	0.00337	0.00505	0.01969	0.01132	0.00979
36	0.02861	0.52278	0.05081	0.07166	0.03179	0.09281	0.01933	0.03226	0.02227	0.02517	0.01523	0.01818	0.01362	0.00936	0.00739	0.00242	0.01231	0.00610	0.00463	0.01328
37	0.01837	0.00918	0.01377	0.01377	0.01377	0.00918	0.00918	0.01377	0.01377	0.01837	0.01837	0.03214	0.01837	0.03673	0.04132	0.69238	0.00918	0.00918	0.00459	0.00459
38	0.03611	0.02538	0.09974	0.10758	0.03595	0.05225	0.02073	0.08483	0.02837	0.29533	0.03161	0.03372	0.02217	0.06179	0.01396	0.00384	0.01158	0.01013	0.00946	0.01548
39	0.07180	0.02493	0.08560	0.02807	0.10158	0.02287	0.02184	0.08736	0.02733	0.26866	0.02844	0.02893	0.01981	0.01303	0.01460	0.00349	0.11697	0.00956	0.00904	0.01609
40	0.01288	0.00920	0.01227	0.01472	0.01534	0.00859	0.00981	0.01472	0.02024	0.02699	0.05828	0.62152	0.06993	0.03312	0.01350	0.00429	0.00613	0.03006	0.00981	0.00859
41	0.02391	0.02052	0.03303	0.23449	0.20761	0.02370	0.02627	0.02846	0.02090	0.05974	0.01951	0.02749	0.01602	0.01454	0.01820	0.07507	0.12290	0.00943	0.00533	0.01289
42	0.13965	0.02554	0.02849	0.02775	0.11502	0.07777	0.01928	0.16251	0.03222	0.22708	0.02762	0.02731	0.01919	0.01169	0.00987	0.00317	0.01108	0.00905	0.00947	0.01625
43	0.03909	0.01717	0.02426	0.02287	0.08048	0.01530	0.01628	0.04301	0.02784	0.41783	0.04239	0.13898	0.03297	0.01627	0.01112	0.00344	0.00886	0.01396	0.01169	0.01619
44	0.70310	0.02045	0.01554	0.01390	0.02045	0.02372	0.01145	0.03108	0.01799	0.04744	0.01472	0.01718	0.01145	0.00981	0.00654	0.00327	0.00818	0.00573	0.00654	0.01145
45	0.01535	0.01035	0.01206	0.01206	0.01224	0.01054	0.00707	0.01571	0.01553	0.02089	0.03283	0.06652	0.03728	0.57532	0.10533	0.01090	0.01200	0.01498	0.00633	0.00670
46	0.02566	0.02408	0.07743	0.29675	0.17621	0.02400	0.02810	0.06169	0.06651	0.08184	0.02346	0.02868	0.01744	0.01091	0.01052	0.00338	0.01280	0.00960	0.00638	0.01456
47	0.52207	0.01977	0.01802	0.01526	0.02225	0.02146	0.01258	0.03673	0.02138	0.19166	0.02217	0.02237	0.01552	0.01072	0.00767	0.00327	0.00840	0.00708	0.00835	0.01326
48	0.01885	0.01079	0.01291	0.01270	0.01540	0.01004	0.00939	0.02283	0.02469	0.08506	0.18227	0.18119	0.10640	0.02069	0.01081	0.00326	0.00562	0.01789	0.23893	0.01027
49	0.01488	0.01178	0.01477	0.01412	0.01647	0.01166	0.01068	0.01872	0.02619	0.03573	0.34106	0.13215	0.20800	0.02378	0.01465	0.00360	0.06160	0.02009	0.01033	0.00972
50	0.01769	0.01206	0.01342	0.01273	0.01352	0.01236	0.00768	0.06317	0.01858	0.02481	0.03257	0.06510	0.03653	0.57093	0.04978	0.00959	0.01038	0.01483	0.00680	0.00749
51	0.02938	0.57827	0.05319	0.01867	0.02766	0.04099	0.01828	0.07793	0.02412	0.02877	0.01570	0.01775	0.01398	0.00939	0.00714	0.00235	0.01134	0.00601	0.00509	0.01398
52	0.02815	0.02446	0.04120	0.06059	0.51246	0.02423	0.03087	0.03423	0.02465	0.08452	0.02193	0.02709	0.01763	0.00976	0.01048	0.00315	0.01223	0.00953	0.00597	0.01686
53	0.02808	0.57763	0.05246	0.01841	0.02717	0.04039	0.01796	0.03395	0.07021	0.02668	0.01735	0.01906	0.01532	0.00954	0.00716	0.00239	0.01103	0.00624	0.00511	0.01386

[dist]
# distance from previous block
# <min> <max>
0	4

[block]
# block no. 1 follows, 13 sequences, length 28
# corresponding to MSA columns:
# 121-148
name=unknown_B
#
# <colnr> <probs for GDERKNQSTAVLIFYWHMCP>
#	G	D	E	R	K	N	Q	S	T	A	V	L	I	F	Y	W	H	M	C	P
0	0.03679	0.04511	0.02789	0.02551	0.03026	0.51201	0.01899	0.03857	0.02789	0.02491	0.01660	0.02074	0.01423	0.01421	0.01361	0.09116	0.01780	0.00711	0.00534	0.01127
1	0.02458	0.02098	0.02242	0.02065	0.02593	0.02403	0.01585	0.05087	0.47628	0.04202	0.04499	0.11409	0.03710	0.01675	0.01111	0.00368	0.00808	0.01428	0.01064	0.01569
2	0.01315	0.00941	0.01251	0.01454	0.01539	0.00877	0.00984	0.01539	0.02149	0.02897	0.12222	0.55194	0.07376	0.03165	0.01336	0.00417	0.00599	0.02866	0.01005	0.00877
3	0.03242	0.02380	0.02591	0.02186	0.02873	0.02651	0.01741	0.17126	0.35633	0.11713	0.03853	0.03555	0.02798	0.01378	0.01070	0.00344	0.00925	0.01119	0.01101	0.01720
4	0.01996	0.10613	0.19147	0.06108	0.03180	0.02145	0.02200	0.02992	0.09875	0.03243	0.07462	0.15530	0.07799	0.01739	0.01083	0.00346	0.01042	0.01469	0.00742	0.01290
5	0.02192	0.01879	0.02192	0.01566	0.02506	0.01409	0.01253	0.02662	0.02192	0.03445	0.01879	0.02192	0.01566	0.00783	0.00783	0.00157	0.00783	0.00626	0.00626	0.69305
6	0.01517	0.01106	0.01565	0.01565	0.01708	0.01249	0.01154	0.01802	0.01660	0.02355	0.02955	0.04833	0.02938	0.21416	0.45569	0.01534	0.02388	0.01232	0.00585	0.00870
7	0.04038	0.02177	0.03422	0.02883	0.08674	0.02020	0.11406	0.08966	0.03041	0.36845	0.03418	0.03262	0.02256	0.01189	0.01096	0.00331	0.01127	0.01076	0.01060	0.01716
8	0.01719	0.05716	0.01690	0.01570	0.01771	0.01195	0.01150	0.01958	0.02149	0.07142	0.05346	0.48704	0.06138	0.02936	0.01285	0.00411	0.00705	0.06465	0.00968	0.00982
9	0.09040	0.04578	0.41574	0.03019	0.04323	0.02527	0.09742	0.03275	0.02181	0.03440	0.01852	0.02265	0.01357	0.01044	0.01165	0.00345	0.05485	0.00830	0.00480	0.01476
10	0.01379	0.01021	0.01287	0.01336	0.01537	0.00929	0.00958	0.01724	0.02543	0.03445	0.29926	0.27829	0.16861	0.02666	0.01284	0.00372	0.00546	0.02361	0.01067	0.00929
11	0.02582	0.09368	0.16768	0.02695	0.03367	0.07381	0.05996	0.03144	0.02110	0.06880	0.01921	0.02482	0.01580	0.01872	0.06534	0.00475	0.22088	0.00883	0.00541	0.01332
12	0.02497	0.07177	0.06034	0.01711	0.02675	0.01720	0.01499	0.02998	0.02275	0.08745	0.02077	0.02296	0.01640	0.00860	0.00817	0.00191	0.00873	0.00675	0.00669	0.52571
13	0.02569	0.07909	0.03736	0.18170	0.13000	0.02789	0.06216	0.09807	0.02504	0.03439	0.01878	0.02500	0.01526	0.01169	0.01470	0.00335	0.12581	0.00903	0.00575	0.06924
14	0.02031	0.01158	0.01510	0.01470	0.01768	0.01041	0.01082	0.02363	0.02551	0.13932	0.20905	0.29093	0.11929	0.02507	0.01252	0.00373	0.00628	0.02216	0.01101	0.01090
15	0.03141	0.01987	0.03355	0.19945	0.07756	0.01994	0.10999	0.03719	0.02548	0.24035	0.03122	0.07574	0.02351	0.01288	0.01114	0.00347	0.01207	0.01198	0.00850	0.01470
16	0.16363	0.08310	0.13715	0.06815	0.03341	0.02299	0.02075	0.06849	0.02487	0.15851	0.02328	0.02454	0.01658	0.01052	0.00897	0.00298	0.01082	0.00788	0.00750	0.10588
17	0.04112	0.02813	0.03081	0.02362	0.03205	0.03058	0.01951	0.46623	0.04722	0.13113	0.02748	0.02674	0.01903	0.01274	0.01058	0.00319	0.01130	0.00966	0.01090	0.01798
18	0.01343	0.00960	0.01284	0.01497	0.01592	0.00902	0.01042	0.01583	0.02155	0.02892	0.10824	0.52605	0.07219	0.03165	0.01348	0.00424	0.00631	0.06652	0.00999	0.00882
19	0.03601	0.07027	0.14370	0.06940	0.07863	0.02263	0.02356	0.09885	0.02910	0.27719	0.02970	0.02920	0.02001	0.01164	0.01022	0.00321	0.01152	0.00938	0.00914	0.01662
20	0.06536	0.09230	0.18235	0.21802	0.04996	0.02619	0.07328	0.07289	0.02460	0.06847	0.02044	0.02512	0.01497	0.01042	0.00999	0.00329	0.01369	0.00874	0.00581	0.01411
21	0.01971	0.00985	0.00985	0.00985	0.01232	0.00985	0.00739	0.02464	0.02217	0.03942	0.03449	0.03942	0.02710	0.01232	0.00739	0.00246	0.00493	0.00985	0.68712	0.00985
22	0.02027	0.01857	0.03147	0.18642	0.21346	0.01949	0.06144	0.02566	0.02236	0.03031	0.03249	0.19380	0.03331	0.01740	0.01174	0.00370	0.01143	0.04745	0.00664	0.01259
23	0.03029	0.03272	0.20117	0.06692	0.08926	0.02336	0.10515	0.07357	0.06271	0.16804	0.02712	0.02876	0.01892	0.01107	0.01073	0.00336	0.01319	0.00989	0.00767	0.01610
24	0.03512	0.01604	0.02144	0.01744	0.02332	0.01484	0.01411	0.03916	0.02864	0.36168	0.16361	0.05093	0.09068	0.01667	0.01291	0.00341	0.04970	0.01354	0.01187	0.01488
25	0.01538	0.01025	0.01153	0.01153	0.01153	0.01025	0.00641	0.01538	0.01538	0.02050	0.03331	0.06919	0.03844	0.62842	0.05382	0.01025	0.01025	0.01538	0.00641	0.00641
26	0.47222	0.02967	0.15815	0.02072	0.02990	0.02420	0.06506	0.03193	0.01970	0.04274	0.01638	0.01949	0.01235	0.00979	0.00795	0.00332	0.01090	0.00686	0.00592	0.01274
27	0.37521	0.13303	0.07139	0.01857	0.02621	0.12343	0.01667	0.03461	0.02180	0.07223	0.01708	0.01910	0.01329	0.01010	0.00765	0.00301	0.01126	0.00639	0.00626	0.01271

[dist]
# distance from previous block
# <min> <max>
0	1

[block]
# block no. 2 follows, 13 sequences, length 9
# corresponding to MSA columns:
# 150-158
name=unknown_C
#
# <colnr> <probs for GDERKNQSTAVLIFYWHMCP>
#	G	D	E	R	K	N	Q	S	T	A	V	L	I	F	Y	W	H	M	C	P
0	0.02671	0.02480	0.03183	0.39101	0.11080	0.11976	0.02675	0.03263	0.02387	0.08187	0.02077	0.02719	0.01549	0.01076	0.01039	0.00332	0.01429	0.00908	0.00572	0.01296
1	0.02319	0.01246	0.01628	0.01481	0.01861	0.01113	0.01127	0.02712	0.02762	0.18212	0.27779	0.17072	0.12043	0.02195	0.01216	0.00352	0.00633	0.01917	0.01151	0.01180
2	0.02428	0.01267	0.01654	0.01446	0.01850	0.01148	0.01123	0.02902	0.02924	0.18571	0.36436	0.06332	0.07246	0.01836	0.01146	0.00322	0.00607	0.01588	0.07960	0.01215
3	0.01345	0.00964	0.01278	0.01434	0.01546	0.00897	0.00986	0.01615	0.02288	0.03119	0.19404	0.47379	0.07805	0.02999	0.01322	0.00403	0.00582	0.02708	0.01031	0.00897
4	0.01517	0.01107	0.01569	0.01569	0.01713	0.01251	0.01160	0.01805	0.01661	0.02358	0.02951	0.04812	0.02929	0.20995	0.45977	0.01539	0.02402	0.01229	0.00584	0.00872
5	0.04019	0.02962	0.03173	0.02433	0.03279	0.03279	0.02010	0.52721	0.04971	0.06663	0.02538	0.02538	0.01798	0.01269	0.01058	0.00317	0.01163	0.00952	0.01058	0.01798
6	0.03950	0.05039	0.02996	0.02724	0.03269	0.58597	0.02043	0.04222	0.02996	0.02588	0.01634	0.01907	0.01362	0.01090	0.00953	0.00272	0.01907	0.00681	0.00545	0.01226
7	0.04019	0.02962	0.03173	0.02433	0.03279	0.03279	0.02010	0.52721	0.04971	0.06663	0.02538	0.02538	0.01798	0.01269	0.01058	0.00317	0.01163	0.00952	0.01058	0.01798
8	0.04517	0.01875	0.02649	0.02372	0.08399	0.01656	0.01734	0.04950	0.02960	0.51281	0.03939	0.03494	0.02517	0.01270	0.01062	0.00326	0.00938	0.01050	0.01225	0.01786

[dist]
# distance from previous block
# <min> <max>
0	10

[block]
# block no. 3 follows, 13 sequences, length 35
# corresponding to MSA columns:
# 171-205
name=unknown_D
#
# <colnr> <probs for GDERKNQSTAVLIFYWHMCP>
#	G	D	E	R	K	N	Q	S	T	A	V	L	I	F	Y	W	H	M	C	P
0	0.02182	0.10490	0.52878	0.02909	0.04415	0.02605	0.03725	0.03333	0.02225	0.03274	0.01860	0.02186	0.01341	0.00996	0.00976	0.00325	0.01525	0.00763	0.00447	0.01545
1	0.04744	0.01799	0.02454	0.01881	0.02699	0.01554	0.01554	0.05153	0.03026	0.56979	0.04171	0.03599	0.02617	0.01309	0.01063	0.00327	0.00900	0.01063	0.01309	0.01799
2	0.03691	0.19722	0.06783	0.02497	0.07461	0.02638	0.04786	0.08259	0.02817	0.26849	0.02846	0.02770	0.01985	0.01120	0.00959	0.00299	0.01103	0.00897	0.00888	0.01629
3	0.03215	0.01816	0.03030	0.02365	0.03045	0.01638	0.13653	0.03714	0.02726	0.28337	0.10419	0.13777	0.04030	0.01651	0.01179	0.00352	0.01014	0.01540	0.01049	0.01451
4	0.01396	0.00997	0.01350	0.01595	0.01703	0.00951	0.01168	0.01658	0.02130	0.02819	0.05768	0.49166	0.06758	0.03211	0.01378	0.00444	0.00707	0.14931	0.00979	0.00888
5	0.02121	0.05469	0.57364	0.03014	0.04576	0.02455	0.03906	0.03348	0.02232	0.03348	0.01897	0.02232	0.01339	0.01005	0.01005	0.00335	0.01563	0.00781	0.00446	0.01563
6	0.03407	0.07076	0.03131	0.17763	0.10863	0.02198	0.02167	0.04140	0.07076	0.26764	0.03076	0.03139	0.02127	0.01173	0.01029	0.00326	0.01093	0.00985	0.00896	0.01572
7	0.04351	0.02360	0.09643	0.02068	0.02985	0.01795	0.01893	0.08342	0.03063	0.46386	0.03758	0.03345	0.02392	0.01266	0.01055	0.00327	0.01005	0.01019	0.01178	0.01768
8	0.01288	0.00920	0.01227	0.01472	0.01534	0.00859	0.00981	0.01472	0.02024	0.02699	0.05828	0.62152	0.06993	0.03312	0.01350	0.00429	0.00613	0.03006	0.00981	0.00859
9	0.64664	0.02067	0.01694	0.01505	0.02105	0.02444	0.01242	0.03061	0.01784	0.04561	0.01465	0.01767	0.01165	0.01054	0.00888	0.00338	0.05808	0.00602	0.00638	0.01146
10	0.01293	0.01073	0.01132	0.01117	0.01455	0.00911	0.00838	0.01602	0.02513	0.03102	0.18699	0.09771	0.47676	0.02586	0.01249	0.00353	0.00529	0.02175	0.01014	0.00911
11	0.02195	0.01974	0.02704	0.15957	0.08578	0.01887	0.01922	0.02715	0.02145	0.03195	0.01848	0.02389	0.01524	0.00953	0.01099	0.00243	0.06064	0.00754	0.00566	0.41288
12	0.01505	0.01070	0.01362	0.01295	0.01495	0.01003	0.00927	0.01905	0.02706	0.03808	0.45362	0.07705	0.08767	0.14130	0.02063	0.00469	0.00603	0.01838	0.01061	0.00927
13	0.01756	0.01065	0.01392	0.01474	0.01680	0.00967	0.01041	0.02010	0.02292	0.09932	0.11326	0.44049	0.11213	0.02872	0.01292	0.00399	0.00631	0.02567	0.01043	0.00999
14	0.01997	0.01879	0.03171	0.60301	0.07282	0.02349	0.02936	0.02701	0.02114	0.02701	0.01879	0.02819	0.01409	0.01057	0.01057	0.00352	0.01409	0.00940	0.00470	0.01175
15	0.02313	0.02313	0.03238	0.02776	0.02776	0.03238	0.02313	0.02545	0.01619	0.02545	0.01388	0.02313	0.01388	0.01851	0.03470	0.00463	0.60907	0.00925	0.00463	0.01157
16	0.03242	0.02340	0.07316	0.09831	0.10363	0.02154	0.02162	0.07776	0.13052	0.21633	0.06484	0.03517	0.02753	0.01279	0.01069	0.00335	0.01046	0.01079	0.00959	0.01612
17	0.02346	0.15061	0.37389	0.02631	0.03888	0.02794	0.03096	0.03764	0.12494	0.03409	0.02297	0.02476	0.01715	0.01072	0.00961	0.00320	0.01343	0.00825	0.00572	0.01548
18	0.02617	0.02512	0.04292	0.06490	0.56246	0.02512	0.03245	0.03245	0.02407	0.03454	0.01989	0.02617	0.01675	0.00942	0.01047	0.00314	0.01256	0.00942	0.00523	0.01675
19	0.02617	0.02512	0.04292	0.06490	0.56246	0.02512	0.03245	0.03245	0.02407	0.03454	0.01989	0.02617	0.01675	0.00942	0.01047	0.00314	0.01256	0.00942	0.00523	0.01675
20	0.02192	0.01879	0.02192	0.01566	0.02506	0.01409	0.01253	0.02662	0.02192	0.03445	0.01879	0.02192	0.01566	0.00783	0.00783	0.00157	0.00783	0.00626	0.00626	0.69305
21	0.20315	0.02142	0.02413	0.01898	0.02684	0.02172	0.01567	0.16280	0.03207	0.32143	0.03124	0.02888	0.02064	0.01220	0.00964	0.00325	0.00944	0.00918	0.01090	0.01642
22	0.70310	0.02045	0.01554	0.01390	0.02045	0.02372	0.01145	0.03108	0.01799	0.04744	0.01472	0.01718	0.01145	0.00981	0.00654	0.00327	0.00818	0.00573	0.00654	0.01145
23	0.42481	0.14577	0.07381	0.01749	0.02556	0.02854	0.01627	0.09589	0.02318	0.04428	0.01647	0.01865	0.01289	0.01006	0.00742	0.00307	0.00989	0.00638	0.00649	0.01308
24	0.15385	0.01693	0.01817	0.01556	0.02052	0.01769	0.01237	0.12899	0.03043	0.09344	0.21354	0.04599	0.04780	0.01526	0.00995	0.00313	0.00728	0.01234	0.12420	0.01256
25	0.03174	0.14710	0.13680	0.02093	0.02983	0.02407	0.02039	0.04230	0.12511	0.21244	0.07582	0.03387	0.02859	0.01266	0.00994	0.00315	0.01029	0.01007	0.00915	0.01574
26	0.02389	0.27585	0.27532	0.02324	0.03433	0.03025	0.02644	0.03359	0.06774	0.03179	0.06492	0.02650	0.02241	0.01100	0.00903	0.00294	0.01240	0.00828	0.00564	0.01444
27	0.01398	0.01002	0.01338	0.01491	0.01627	0.00942	0.01075	0.01708	0.02348	0.03191	0.19855	0.40670	0.07722	0.02940	0.01334	0.00409	0.00625	0.08380	0.01032	0.00912
28	0.02294	0.03811	0.35163	0.02413	0.03525	0.01946	0.02818	0.03219	0.02540	0.10560	0.16675	0.03935	0.03831	0.01356	0.01077	0.00333	0.01190	0.01122	0.00752	0.01441
29	0.03318	0.02999	0.16206	0.09847	0.04254	0.02273	0.10865	0.10220	0.02887	0.22227	0.02803	0.02920	0.01893	0.01131	0.01079	0.00336	0.01300	0.00998	0.00840	0.01604
30	0.02317	0.02334	0.02812	0.02468	0.02542	0.08635	0.01983	0.02535	0.01761	0.02477	0.01789	0.03025	0.01811	0.10213	0.08125	0.00620	0.41975	0.00997	0.00503	0.01079
31	0.01505	0.01011	0.01163	0.01195	0.01203	0.01003	0.00685	0.01529	0.01601	0.02134	0.03656	0.14099	0.04253	0.55104	0.04857	0.00948	0.00972	0.01728	0.00685	0.00669
32	0.48249	0.02401	0.01867	0.01598	0.02295	0.09491	0.01283	0.03165	0.02032	0.04207	0.01574	0.01836	0.01256	0.00956	0.00719	0.00286	0.00953	0.00597	0.00635	0.14599
33	0.09603	0.01543	0.01566	0.01378	0.01800	0.01641	0.01085	0.13630	0.02848	0.04654	0.07377	0.03724	0.02946	0.01291	0.00843	0.00278	0.00676	0.01011	0.40922	0.01183
34	0.02818	0.02369	0.02831	0.02398	0.06276	0.09170	0.08179	0.07502	0.02666	0.08236	0.02449	0.02763	0.01886	0.01022	0.00922	0.00254	0.01076	0.00871	0.14121	0.22190

[dist]
# distance from previous block
# <min> <max>
0	22

[block]
# block no. 4 follows, 13 sequences, length 44
# corresponding to MSA columns:
# 228-271
name=unknown_E
#
# <colnr> <probs for GDERKNQSTAVLIFYWHMCP>
#	G	D	E	R	K	N	Q	S	T	A	V	L	I	F	Y	W	H	M	C	P
0	0.03997	0.01804	0.02299	0.01773	0.02544	0.01596	0.01450	0.08046	0.02957	0.39263	0.03632	0.03355	0.02414	0.01220	0.00984	0.00292	0.00855	0.00982	0.09018	0.11520
1	0.02774	0.03441	0.21494	0.07362	0.08162	0.02612	0.02783	0.14079	0.02799	0.07459	0.02118	0.02475	0.01580	0.01189	0.01371	0.00336	0.09991	0.00872	0.00661	0.06441
2	0.02682	0.16355	0.23071	0.03701	0.18124	0.02765	0.06561	0.03457	0.02357	0.08320	0.02067	0.02399	0.01575	0.00987	0.00970	0.00307	0.01341	0.00840	0.00557	0.01562
3	0.01386	0.00982	0.01298	0.01514	0.01599	0.00938	0.01062	0.01599	0.02036	0.02701	0.05500	0.47385	0.06476	0.10160	0.01836	0.00508	0.00721	0.10506	0.00941	0.00853
4	0.01330	0.01074	0.01183	0.01156	0.01478	0.00927	0.00867	0.01674	0.02601	0.03309	0.25437	0.09430	0.40808	0.02509	0.01249	0.00349	0.00524	0.02127	0.01041	0.00927
5	0.01658	0.01164	0.01553	0.01729	0.01906	0.01164	0.01412	0.02011	0.02188	0.02859	0.04976	0.10553	0.05470	0.19357	0.02536	0.00634	0.00988	0.36075	0.00882	0.00882
6	0.01462	0.01079	0.01366	0.01294	0.01558	0.00983	0.00970	0.01929	0.02911	0.04047	0.49407	0.08216	0.16379	0.02234	0.01247	0.00336	0.00504	0.01957	0.01138	0.00983
7	0.70310	0.02045	0.01554	0.01390	0.02045	0.02372	0.01145	0.03108	0.01799	0.04744	0.01472	0.01718	0.01145	0.00981	0.00654	0.00327	0.00818	0.00573	0.00654	0.01145
8	0.02827	0.63478	0.05540	0.01809	0.02714	0.04184	0.01809	0.03166	0.02148	0.02488	0.01470	0.01696	0.01357	0.00905	0.00678	0.00226	0.01131	0.00565	0.00452	0.01357
9	0.01997	0.01879	0.03171	0.60301	0.07282	0.02349	0.02936	0.02701	0.02114	0.02701	0.01879	0.02819	0.01409	0.01057	0.01057	0.00352	0.01409	0.00940	0.00470	0.01175
10	0.01510	0.01133	0.01699	0.01699	0.01888	0.01322	0.01322	0.01888	0.01699	0.02454	0.02832	0.04154	0.02643	0.07930	0.58652	0.01699	0.02832	0.01133	0.00566	0.00944
11	0.01288	0.00920	0.01227	0.01472	0.01534	0.00859	0.00981	0.01472	0.02024	0.02699	0.05828	0.62152	0.06993	0.03312	0.01350	0.00429	0.00613	0.03006	0.00981	0.00859
12	0.02630	0.02271	0.02391	0.02152	0.02749	0.02630	0.01674	0.05618	0.54336	0.04423	0.04303	0.03945	0.03228	0.01434	0.01076	0.00359	0.00837	0.01195	0.01076	0.01674
13	0.02827	0.63478	0.05540	0.01809	0.02714	0.04184	0.01809	0.03166	0.02148	0.02488	0.01470	0.01696	0.01357	0.00905	0.00678	0.00226	0.01131	0.00565	0.00452	0.01357
14	0.01425	0.01078	0.01315	0.01256	0.01536	0.00967	0.00942	0.01858	0.02825	0.03842	0.42738	0.08554	0.23175	0.02310	0.01248	0.00340	0.00509	0.02004	0.01111	0.00967
15	0.02726	0.01353	0.01807	0.01539	0.02003	0.01208	0.01208	0.03190	0.03006	0.24202	0.36189	0.06271	0.07191	0.01839	0.01177	0.00331	0.00651	0.01591	0.01219	0.01301
16	0.01533	0.01042	0.01238	0.01238	0.01268	0.01071	0.00747	0.01592	0.01563	0.02113	0.03254	0.06488	0.03657	0.54285	0.13682	0.01130	0.01307	0.01475	0.00629	0.00688
17	0.70310	0.02045	0.01554	0.01390	0.02045	0.02372	0.01145	0.03108	0.01799	0.04744	0.01472	0.01718	0.01145	0.00981	0.00654	0.00327	0.00818	0.00573	0.00654	0.01145
18	0.03950	0.05039	0.02996	0.02724	0.03269	0.58597	0.02043	0.04222	0.02996	0.02588	0.01634	0.01907	0.01362	0.01090	0.00953	0.00272	0.01907	0.00681	0.00545	0.01226
19	0.02069	0.01953	0.03301	0.54052	0.12968	0.02368	0.02972	0.02765	0.02148	0.02789	0.01892	0.02795	0.01440	0.01044	0.01056	0.00348	0.01392	0.00940	0.00476	0.01233
20	0.02642	0.02630	0.03049	0.02632	0.02804	0.10084	0.02144	0.08504	0.02213	0.03040	0.01886	0.06776	0.01853	0.01796	0.02712	0.00419	0.41966	0.01053	0.00581	0.01218
21	0.70310	0.02045	0.01554	0.01390	0.02045	0.02372	0.01145	0.03108	0.01799	0.04744	0.01472	0.01718	0.01145	0.00981	0.00654	0.00327	0.00818	0.00573	0.00654	0.01145
22	0.01704	0.01217	0.01704	0.01947	0.02191	0.01217	0.01704	0.02191	0.02434	0.03164	0.05598	0.11926	0.06085	0.02921	0.01460	0.00487	0.00974	0.49130	0.00974	0.00974
23	0.01357	0.00949	0.01207	0.01385	0.01429	0.00904	0.00888	0.01490	0.01891	0.02521	0.05143	0.47002	0.06129	0.19641	0.02455	0.00593	0.00726	0.02603	0.00888	0.00799
24	0.02630	0.02271	0.02391	0.02152	0.02749	0.02630	0.01674	0.05618	0.54336	0.04423	0.04303	0.03945	0.03228	0.01434	0.01076	0.00359	0.00837	0.01195	0.01076	0.01674
25	0.01374	0.01076	0.01244	0.01202	0.01505	0.00946	0.00902	0.01759	0.02705	0.03556	0.33464	0.09023	0.32628	0.02417	0.01248	0.00345	0.00517	0.02070	0.01074	0.00946
26	0.02086	0.02002	0.03190	0.44020	0.06007	0.02601	0.02760	0.02657	0.01974	0.02657	0.01740	0.02676	0.01403	0.01282	0.01740	0.00384	0.18248	0.00936	0.00468	0.01169
27	0.01805	0.01434	0.01758	0.01435	0.01990	0.01180	0.01111	0.02291	0.02639	0.03888	0.31868	0.05372	0.06253	0.01551	0.01042	0.00255	0.00625	0.01343	0.00926	0.31237
28	0.03066	0.02754	0.11492	0.12548	0.04575	0.02341	0.16553	0.07591	0.06584	0.17475	0.02779	0.03010	0.01932	0.01112	0.01107	0.00342	0.01344	0.01056	0.00791	0.01547
29	0.02192	0.01879	0.02192	0.01566	0.02506	0.01409	0.01253	0.02662	0.02192	0.03445	0.01879	0.02192	0.01566	0.00783	0.00783	0.00157	0.00783	0.00626	0.00626	0.69305
30	0.01430	0.00980	0.01185	0.01291	0.01318	0.00953	0.00788	0.01509	0.01748	0.02331	0.04411	0.30812	0.05206	0.37090	0.03637	0.00767	0.00847	0.02173	0.00788	0.00735
31	0.02785	0.09445	0.02831	0.02139	0.02796	0.02872	0.01721	0.09832	0.43562	0.04412	0.03806	0.03549	0.02874	0.01357	0.01028	0.00339	0.00902	0.01099	0.01002	0.01649
32	0.02957	0.02058	0.02326	0.01996	0.02570	0.02211	0.01568	0.17585	0.20032	0.11637	0.09994	0.12787	0.04105	0.01741	0.01131	0.00351	0.00863	0.01468	0.01097	0.01523
33	0.03314	0.08584	0.07614	0.07193	0.15259	0.02801	0.06175	0.20289	0.03312	0.11573	0.02416	0.02638	0.01766	0.01107	0.01030	0.00316	0.01236	0.00937	0.00795	0.01643
34	0.55970	0.07943	0.02130	0.01591	0.02194	0.02646	0.01344	0.03048	0.01812	0.04273	0.01462	0.01785	0.01193	0.01075	0.00984	0.00333	0.07826	0.00613	0.00613	0.01167
35	0.02121	0.05469	0.57364	0.03014	0.04576	0.02455	0.03906	0.03348	0.02232	0.03348	0.01897	0.02232	0.01339	0.01005	0.01005	0.00335	0.01563	0.00781	0.00446	0.01563
36	0.02735	0.02214	0.02480	0.01860	0.02741	0.02039	0.01501	0.16676	0.07934	0.04421	0.02292	0.02455	0.01788	0.00979	0.00886	0.00220	0.00893	0.00770	0.00788	0.44330
37	0.01698	0.01364	0.02024	0.02636	0.14801	0.01340	0.01507	0.02028	0.02184	0.03026	0.12613	0.26529	0.05433	0.11627	0.05812	0.00561	0.00964	0.01977	0.00822	0.01054
38	0.27810	0.02055	0.02176	0.01793	0.02518	0.02158	0.01463	0.08158	0.11270	0.25667	0.03101	0.02901	0.02129	0.01209	0.00919	0.00332	0.00880	0.00901	0.01016	0.01544
39	0.01429	0.01078	0.01319	0.01259	0.01538	0.00969	0.00944	0.01864	0.02833	0.03860	0.43351	0.08523	0.22550	0.02303	0.01248	0.00339	0.00509	0.02000	0.01114	0.00969
40	0.02270	0.01462	0.02209	0.16471	0.07609	0.01505	0.01752	0.02639	0.02290	0.12960	0.07555	0.23724	0.04223	0.02130	0.01384	0.05129	0.00929	0.01741	0.00856	0.01161
41	0.02235	0.01297	0.01688	0.01695	0.01991	0.01239	0.01275	0.06445	0.02514	0.13564	0.05209	0.39068	0.05601	0.02706	0.01286	0.00408	0.00763	0.08834	0.01050	0.01133
42	0.04187	0.01676	0.02275	0.01787	0.02507	0.01459	0.01459	0.04612	0.03021	0.47944	0.12997	0.04335	0.03878	0.01455	0.01095	0.00328	0.00831	0.01209	0.01284	0.01662
43	0.07176	0.01892	0.03049	0.55834	0.06885	0.02351	0.02801	0.02732	0.02090	0.02856	0.01848	0.02735	0.01389	0.01051	0.01027	0.00350	0.01365	0.00912	0.00484	0.01172

[dist]
# distance from previous block
# <min> <max>
0	82

# created by:
# /st0/software/busco_prod/Augustus/scripts/msa2prfl.pl ./align_prep/5786.fa
