[name]
unknown

[dist]
# distance from previous block
# <min> <max>
0	193

[block]
# block no. 0 follows, 11 sequences, length 46
# corresponding to MSA columns:
# 226-271
name=unknown_A
#
# <colnr> <probs for GDERKNQSTAVLIFYWHMCP>
#	G	D	E	R	K	N	Q	S	T	A	V	L	I	F	Y	W	H	M	C	P
0	0.02971	0.02645	0.04376	0.03322	0.04162	0.07499	0.24703	0.03603	0.02695	0.12008	0.03258	0.12923	0.02865	0.01488	0.01248	0.00364	0.01458	0.01515	0.00800	0.06097
1	0.01664	0.01251	0.01552	0.01459	0.01766	0.01191	0.01099	0.02384	0.07002	0.04384	0.44871	0.08308	0.14211	0.02293	0.01313	0.00359	0.00564	0.02008	0.01212	0.01109
2	0.02334	0.02001	0.02334	0.01667	0.02667	0.01500	0.01334	0.02834	0.02334	0.03668	0.02001	0.02334	0.01667	0.00834	0.00834	0.00167	0.00834	0.00667	0.00667	0.67325
3	0.02670	0.02557	0.04360	0.15789	0.45444	0.02644	0.03397	0.03353	0.02508	0.03537	0.02097	0.02823	0.01733	0.01024	0.01116	0.00341	0.01366	0.01002	0.00547	0.01690
4	0.02126	0.02001	0.03376	0.57739	0.07752	0.02501	0.03126	0.02876	0.02251	0.02876	0.02001	0.03001	0.01500	0.01125	0.01125	0.00375	0.01500	0.01000	0.00500	0.01250
5	0.02888	0.18429	0.03233	0.01886	0.02630	0.06880	0.01596	0.08802	0.06814	0.07577	0.04776	0.04676	0.15134	0.01578	0.01029	0.00304	0.01025	0.01222	0.00856	0.08663
6	0.01608	0.01206	0.01809	0.01809	0.02010	0.01407	0.01407	0.02010	0.01809	0.02613	0.03015	0.04422	0.02814	0.08441	0.55984	0.01809	0.03015	0.01206	0.00603	0.01005
7	0.03829	0.02293	0.02653	0.02207	0.02961	0.02418	0.01767	0.10087	0.27936	0.24380	0.04341	0.03907	0.03031	0.01457	0.01138	0.00364	0.00951	0.01192	0.01241	0.01847
8	0.01368	0.00994	0.01291	0.01529	0.01622	0.00917	0.01028	0.01572	0.02192	0.02888	0.06672	0.55307	0.11545	0.03465	0.01427	0.00450	0.00646	0.03125	0.01045	0.00917
9	0.03475	0.03973	0.26407	0.02860	0.04113	0.02499	0.06577	0.12196	0.03160	0.19296	0.02881	0.02919	0.01939	0.01206	0.01118	0.00353	0.01397	0.00992	0.00870	0.01771
10	0.02257	0.05822	0.54613	0.03208	0.04871	0.02614	0.04158	0.03564	0.02376	0.03564	0.02020	0.02376	0.01426	0.01069	0.01069	0.00356	0.01663	0.00832	0.00475	0.01663
11	0.01396	0.00998	0.01328	0.01551	0.01638	0.00930	0.01047	0.01628	0.02268	0.03053	0.11327	0.54073	0.07793	0.03392	0.01425	0.00446	0.00640	0.03072	0.01066	0.00930
12	0.02319	0.02198	0.03725	0.42842	0.21137	0.02552	0.03222	0.03045	0.02342	0.03111	0.02035	0.02938	0.01583	0.01089	0.01122	0.00363	0.01453	0.01001	0.00517	0.01406
13	0.01371	0.00979	0.01306	0.01567	0.01632	0.00914	0.01045	0.01567	0.02155	0.02873	0.06203	0.59710	0.07444	0.03526	0.01437	0.00457	0.00653	0.03200	0.01045	0.00914
14	0.04204	0.05364	0.03190	0.02900	0.03480	0.55926	0.02175	0.04494	0.03190	0.02755	0.01740	0.02030	0.01450	0.01160	0.01015	0.00290	0.02030	0.00725	0.00580	0.01305
15	0.20154	0.09553	0.03506	0.17722	0.17001	0.08106	0.02468	0.03359	0.02340	0.03618	0.01838	0.02397	0.01487	0.01057	0.00950	0.00333	0.01309	0.00823	0.00573	0.01407
16	0.01330	0.01140	0.01140	0.01140	0.01520	0.00950	0.00855	0.01615	0.02565	0.03041	0.11402	0.10832	0.52967	0.02850	0.01330	0.00380	0.00570	0.02375	0.01045	0.00950
17	0.02528	0.17752	0.31579	0.03297	0.04670	0.03092	0.14870	0.03530	0.02426	0.03365	0.01980	0.02410	0.01500	0.01015	0.01054	0.00336	0.01617	0.00903	0.00500	0.01577
18	0.03782	0.01955	0.02482	0.01846	0.02777	0.01582	0.01505	0.04248	0.02807	0.30620	0.03302	0.03132	0.02264	0.01132	0.00993	0.00264	0.00900	0.00915	0.01054	0.32439
19	0.02804	0.05077	0.42835	0.03002	0.04488	0.02612	0.03644	0.09233	0.02814	0.09546	0.02367	0.02575	0.01633	0.01138	0.01083	0.00353	0.01536	0.00886	0.00653	0.01721
20	0.02793	0.02657	0.08135	0.10131	0.31366	0.02396	0.06639	0.03474	0.02562	0.09067	0.02734	0.08035	0.02342	0.01285	0.01159	0.00356	0.01319	0.01226	0.00682	0.01640
21	0.01439	0.01008	0.01286	0.01480	0.01529	0.00960	0.00952	0.01585	0.02022	0.02696	0.05521	0.46270	0.06583	0.18140	0.02539	0.00620	0.00766	0.02798	0.00952	0.00855
22	0.01371	0.00979	0.01306	0.01567	0.01632	0.00914	0.01045	0.01567	0.02155	0.02873	0.06203	0.59710	0.07444	0.03526	0.01437	0.00457	0.00653	0.03200	0.01045	0.00914
23	0.04569	0.02687	0.03090	0.02369	0.03258	0.02799	0.01957	0.33043	0.04513	0.24821	0.03356	0.03127	0.02242	0.01367	0.01128	0.00342	0.01133	0.01058	0.01226	0.01915
24	0.02334	0.02001	0.02334	0.01667	0.02667	0.01500	0.01334	0.02834	0.02334	0.03668	0.02001	0.02334	0.01667	0.00834	0.00834	0.00167	0.00834	0.00667	0.00667	0.67325
25	0.02602	0.02325	0.03167	0.08699	0.19733	0.02541	0.02370	0.04451	0.25705	0.04185	0.08845	0.04092	0.03510	0.01405	0.01153	0.00363	0.01052	0.01244	0.00905	0.01655
26	0.02714	0.39405	0.25029	0.02429	0.03667	0.03731	0.02803	0.03447	0.02322	0.03008	0.01743	0.02030	0.01437	0.01005	0.00859	0.00286	0.01384	0.00692	0.00479	0.01530
27	0.03758	0.08751	0.03254	0.02401	0.03183	0.09370	0.01955	0.20993	0.19204	0.10559	0.03266	0.03135	0.02393	0.01351	0.01080	0.00338	0.01187	0.01034	0.01033	0.01754
28	0.03026	0.02585	0.03007	0.02535	0.03254	0.02914	0.05648	0.12805	0.40085	0.05003	0.04095	0.03866	0.03053	0.01452	0.01157	0.00375	0.01027	0.01235	0.01096	0.01782
29	0.01404	0.01077	0.01297	0.01455	0.01665	0.00970	0.01055	0.01670	0.02364	0.02993	0.08218	0.35350	0.25215	0.03215	0.01408	0.00434	0.00663	0.07562	0.01044	0.00942
30	0.10114	0.03432	0.03104	0.02929	0.08216	0.16828	0.02114	0.19628	0.13749	0.04925	0.02673	0.02761	0.02029	0.01273	0.01058	0.00335	0.01346	0.00951	0.00889	0.01646
31	0.32610	0.02790	0.08259	0.01952	0.02710	0.07249	0.01728	0.03889	0.07130	0.11771	0.02544	0.02946	0.01978	0.06509	0.01333	0.00414	0.01107	0.00883	0.00807	0.01391
32	0.01497	0.01118	0.01390	0.01382	0.01638	0.01012	0.01014	0.01916	0.02871	0.03906	0.35653	0.17899	0.19297	0.02635	0.01347	0.00378	0.00561	0.02313	0.01163	0.01012
33	0.02204	0.02080	0.03517	0.51723	0.13158	0.02521	0.03165	0.02944	0.02288	0.02971	0.02014	0.02975	0.01534	0.01111	0.01124	0.00370	0.01481	0.01001	0.00507	0.01313
34	0.03320	0.24195	0.04178	0.02902	0.09067	0.20311	0.02156	0.04282	0.12837	0.03233	0.02314	0.02492	0.01901	0.01148	0.00950	0.00297	0.01418	0.00828	0.00660	0.01510
35	0.10217	0.02063	0.02307	0.02348	0.08337	0.07024	0.01609	0.03481	0.02921	0.17213	0.19308	0.05420	0.09737	0.01711	0.01151	0.00346	0.00929	0.01422	0.01054	0.01402
36	0.01993	0.01290	0.01644	0.01648	0.01898	0.01244	0.01208	0.05487	0.02708	0.07670	0.17229	0.28892	0.07057	0.08528	0.01801	0.00483	0.00766	0.06274	0.01090	0.01090
37	0.15955	0.02730	0.04670	0.07891	0.04773	0.02809	0.26880	0.07991	0.07575	0.04269	0.02382	0.02876	0.01784	0.01077	0.01148	0.00369	0.01499	0.01123	0.00698	0.01500
38	0.19557	0.01834	0.02351	0.12293	0.07916	0.01943	0.01804	0.03250	0.02556	0.13107	0.13272	0.08499	0.04063	0.01579	0.01082	0.00362	0.00956	0.01316	0.00915	0.01345
39	0.15221	0.01930	0.02227	0.01852	0.02500	0.01931	0.01483	0.11482	0.03223	0.22847	0.13098	0.09729	0.04327	0.01711	0.01121	0.00358	0.00877	0.01398	0.01159	0.01527
40	0.09627	0.01549	0.01962	0.01721	0.02225	0.01463	0.01327	0.03540	0.02646	0.25412	0.10041	0.15249	0.04562	0.07175	0.05812	0.00543	0.01011	0.01631	0.01121	0.01383
41	0.22355	0.01592	0.01766	0.01660	0.02133	0.01596	0.01263	0.03156	0.02375	0.17535	0.04340	0.27201	0.04317	0.02204	0.01133	0.00395	0.00801	0.01863	0.01036	0.01278
42	0.03303	0.01649	0.02128	0.01838	0.02376	0.01540	0.01429	0.08628	0.03143	0.25566	0.13537	0.20250	0.05423	0.02153	0.01252	0.00379	0.00825	0.01864	0.01238	0.01479
43	0.42700	0.01994	0.01836	0.01628	0.02244	0.02191	0.01303	0.07014	0.02469	0.09807	0.07244	0.09561	0.03040	0.01515	0.00921	0.00361	0.00852	0.01133	0.00893	0.01295
44	0.01456	0.01068	0.01398	0.01505	0.01673	0.01010	0.01067	0.01779	0.02463	0.03344	0.20063	0.34354	0.12395	0.03590	0.06829	0.00554	0.00844	0.02579	0.01058	0.00970
45	0.19757	0.01678	0.01753	0.01613	0.02103	0.01753	0.01249	0.03258	0.10297	0.09224	0.16827	0.11473	0.10886	0.01956	0.01125	0.00371	0.00738	0.01616	0.01051	0.01272

[dist]
# distance from previous block
# <min> <max>
0	2

[block]
# block no. 1 follows, 11 sequences, length 8
# corresponding to MSA columns:
# 274-281
name=unknown_B
#
# <colnr> <probs for GDERKNQSTAVLIFYWHMCP>
#	G	D	E	R	K	N	Q	S	T	A	V	L	I	F	Y	W	H	M	C	P
0	0.02622	0.01366	0.01834	0.01682	0.02096	0.01272	0.01291	0.02998	0.02643	0.19482	0.13307	0.17765	0.10360	0.03507	0.11684	0.00654	0.01170	0.01882	0.01104	0.01279
1	0.01570	0.01099	0.01403	0.01439	0.01570	0.01099	0.00987	0.01731	0.02009	0.02693	0.09102	0.15598	0.11521	0.21217	0.14990	0.07135	0.01311	0.01877	0.00806	0.00844
2	0.23711	0.01904	0.01944	0.01725	0.02256	0.02055	0.01334	0.07898	0.09334	0.09745	0.10157	0.09353	0.03954	0.08106	0.01554	0.00444	0.00875	0.01346	0.00979	0.01327
3	0.10101	0.02301	0.02737	0.02348	0.02918	0.07055	0.07847	0.07999	0.09543	0.09228	0.04004	0.21327	0.03855	0.01977	0.01198	0.00386	0.01092	0.01738	0.00958	0.01387
4	0.02874	0.02351	0.03339	0.02770	0.03100	0.02866	0.06220	0.09463	0.02524	0.09126	0.02672	0.10291	0.02495	0.01938	0.02548	0.00440	0.31509	0.01329	0.00760	0.01385
5	0.15738	0.01564	0.01758	0.01540	0.02034	0.01462	0.01157	0.02361	0.02112	0.03536	0.08092	0.10771	0.03401	0.02128	0.01787	0.16203	0.00818	0.01216	0.00744	0.21577
6	0.03094	0.32126	0.14588	0.02352	0.03404	0.03716	0.02391	0.13031	0.08303	0.03951	0.02215	0.02361	0.01754	0.01124	0.00918	0.00299	0.01267	0.00804	0.00683	0.01619
7	0.15844	0.09782	0.02276	0.01613	0.02104	0.01910	0.01275	0.02982	0.02445	0.12742	0.12383	0.14982	0.04719	0.08317	0.01585	0.00437	0.00854	0.01564	0.00954	0.01231

[dist]
# distance from previous block
# <min> <max>
0	5

[block]
# block no. 2 follows, 11 sequences, length 39
# corresponding to MSA columns:
# 287-304,342-362
name=unknown_C
#
# <colnr> <probs for GDERKNQSTAVLIFYWHMCP>
#	G	D	E	R	K	N	Q	S	T	A	V	L	I	F	Y	W	H	M	C	P
0	0.18885	0.02305	0.02425	0.01979	0.02664	0.02481	0.01573	0.19472	0.06979	0.14695	0.03045	0.03566	0.02378	0.10667	0.01758	0.00465	0.01049	0.01060	0.01008	0.01547
1	0.09558	0.02900	0.05482	0.04005	0.05032	0.02862	0.36122	0.07565	0.07311	0.04141	0.02452	0.02992	0.01835	0.01045	0.01230	0.00373	0.01645	0.01223	0.00681	0.01544
2	0.08661	0.01416	0.01722	0.01561	0.02008	0.01312	0.01199	0.02945	0.02813	0.17056	0.21543	0.15649	0.13234	0.02233	0.01236	0.00373	0.00701	0.01912	0.01168	0.01259
3	0.02600	0.01441	0.01807	0.01675	0.02107	0.01340	0.01266	0.03221	0.07520	0.18142	0.13050	0.22999	0.13375	0.02430	0.01287	0.00391	0.00734	0.02115	0.01183	0.01316
4	0.20956	0.02292	0.03193	0.03022	0.11059	0.02314	0.08645	0.07659	0.02854	0.16674	0.07817	0.03389	0.02783	0.01264	0.01060	0.00350	0.01109	0.01082	0.00917	0.01562
5	0.02794	0.01723	0.02085	0.01853	0.02363	0.01745	0.01434	0.04114	0.18473	0.16470	0.20893	0.11225	0.06099	0.01959	0.01233	0.00372	0.00762	0.01692	0.01227	0.01484
6	0.02711	0.01356	0.01784	0.01623	0.02000	0.01229	0.01198	0.03040	0.02687	0.20516	0.16669	0.19893	0.06121	0.11525	0.01987	0.00495	0.00795	0.01966	0.01153	0.01252
7	0.02741	0.01509	0.01866	0.01635	0.02047	0.01430	0.01216	0.07227	0.02880	0.17296	0.16023	0.11843	0.08760	0.15724	0.02296	0.00536	0.00857	0.01748	0.01106	0.01259
8	0.22703	0.01607	0.01633	0.01544	0.01924	0.01714	0.01127	0.02905	0.06970	0.07553	0.08122	0.14135	0.04216	0.16624	0.02226	0.00558	0.00866	0.01549	0.00899	0.01124
9	0.19590	0.01769	0.01960	0.01760	0.02313	0.01815	0.01369	0.03802	0.09550	0.18426	0.08197	0.16920	0.04235	0.01903	0.01112	0.00379	0.00819	0.01583	0.01086	0.01413
10	0.13721	0.01972	0.02299	0.01856	0.02573	0.01930	0.01509	0.11329	0.03291	0.27531	0.11575	0.04620	0.07783	0.01592	0.01111	0.00350	0.00893	0.01273	0.01193	0.01601
11	0.08510	0.01465	0.01633	0.01489	0.01764	0.01493	0.01007	0.02879	0.07039	0.11377	0.03618	0.05938	0.03541	0.39045	0.04025	0.00826	0.01028	0.01420	0.00849	0.01050
12	0.02719	0.01321	0.01746	0.01656	0.02032	0.01193	0.01231	0.03055	0.02624	0.20735	0.09178	0.31161	0.05681	0.02487	0.01262	0.00393	0.00736	0.02194	0.07313	0.01282
13	0.02111	0.01188	0.01539	0.01583	0.01832	0.01077	0.01116	0.02346	0.02362	0.12903	0.06152	0.39654	0.10735	0.07700	0.01718	0.00480	0.00740	0.02585	0.01083	0.01095
14	0.02942	0.01831	0.02187	0.01901	0.02464	0.01878	0.01489	0.04462	0.21619	0.17352	0.21958	0.05623	0.05862	0.01772	0.01208	0.00363	0.00778	0.01512	0.01243	0.01556
15	0.02029	0.01341	0.01721	0.01604	0.01935	0.01343	0.01216	0.02665	0.06597	0.08817	0.23161	0.06740	0.10881	0.08609	0.15430	0.00786	0.01281	0.01671	0.01021	0.01151
16	0.03009	0.61122	0.05898	0.01926	0.02889	0.04454	0.01926	0.03370	0.02287	0.02648	0.01565	0.01805	0.01444	0.00963	0.00722	0.00241	0.01204	0.00602	0.00481	0.01444
17	0.03036	0.02858	0.06003	0.04309	0.05405	0.02657	0.41779	0.03903	0.02746	0.11625	0.02620	0.03162	0.01879	0.01019	0.01297	0.00375	0.01749	0.01297	0.00700	0.01581
18	0.01544	0.01149	0.01437	0.01365	0.01651	0.01041	0.01024	0.02029	0.03071	0.04239	0.45121	0.08859	0.18500	0.02403	0.01328	0.00359	0.00538	0.02099	0.01203	0.01041
19	0.16971	0.01964	0.02343	0.01889	0.02661	0.01897	0.01541	0.04879	0.07703	0.36336	0.07196	0.03788	0.03079	0.01400	0.01061	0.00352	0.00905	0.01105	0.01222	0.01708
20	0.02881	0.03151	0.02267	0.02150	0.02489	0.26149	0.01531	0.03370	0.07537	0.02811	0.03253	0.12912	0.03356	0.18437	0.02436	0.00554	0.01427	0.01433	0.00741	0.01115
21	0.42144	0.02710	0.02475	0.02065	0.02809	0.10870	0.05468	0.03885	0.02397	0.12774	0.02134	0.02296	0.01558	0.01113	0.00873	0.00342	0.01155	0.00775	0.00784	0.01374
22	0.58355	0.02135	0.01806	0.01563	0.02287	0.02387	0.01288	0.03654	0.02122	0.12840	0.02023	0.02146	0.01467	0.01100	0.00766	0.00348	0.00884	0.00692	0.00807	0.01329
23	0.68395	0.02177	0.01654	0.01480	0.02177	0.02525	0.01219	0.03309	0.01915	0.05050	0.01567	0.01828	0.01219	0.01045	0.00697	0.00348	0.00871	0.00609	0.00697	0.01219
24	0.17767	0.01504	0.01690	0.01573	0.01981	0.01514	0.01211	0.02841	0.02534	0.11941	0.17902	0.10367	0.05592	0.10382	0.01811	0.00482	0.00818	0.05902	0.01022	0.01166
25	0.02510	0.05131	0.42223	0.03394	0.04903	0.02733	0.11130	0.07878	0.02693	0.03901	0.02124	0.02511	0.01516	0.01077	0.01116	0.00358	0.01661	0.00927	0.00551	0.01664
26	0.04916	0.02462	0.02704	0.02145	0.02969	0.10256	0.01737	0.05328	0.03216	0.46049	0.04012	0.03545	0.02574	0.01356	0.01113	0.00339	0.01128	0.01067	0.01264	0.01819
27	0.01371	0.00979	0.01306	0.01567	0.01632	0.00914	0.01045	0.01567	0.02155	0.02873	0.06203	0.59710	0.07444	0.03526	0.01437	0.00457	0.00653	0.03200	0.01045	0.00914
28	0.02133	0.01202	0.01606	0.01613	0.01883	0.01093	0.01166	0.02459	0.02618	0.13131	0.17575	0.36107	0.07348	0.02809	0.01351	0.00410	0.00681	0.02511	0.01160	0.01143
29	0.01452	0.01056	0.01368	0.01477	0.01642	0.00973	0.01037	0.01781	0.02576	0.03505	0.24195	0.36591	0.12148	0.03012	0.01387	0.00412	0.00601	0.02697	0.01118	0.00973
30	0.03009	0.61122	0.05898	0.01926	0.02889	0.04454	0.01926	0.03370	0.02287	0.02648	0.01565	0.01805	0.01444	0.00963	0.00722	0.00241	0.01204	0.00602	0.00481	0.01444
31	0.02824	0.02236	0.02409	0.02120	0.02660	0.02501	0.01618	0.15342	0.27363	0.04693	0.04132	0.10046	0.03586	0.11028	0.01897	0.00491	0.00982	0.01466	0.01057	0.01550
32	0.02635	0.01339	0.01795	0.01657	0.02050	0.01203	0.01248	0.03021	0.02846	0.20018	0.21279	0.24430	0.07004	0.02425	0.01301	0.00387	0.00711	0.02141	0.01223	0.01287
33	0.28948	0.02014	0.02251	0.01805	0.02610	0.01983	0.01490	0.04664	0.02729	0.35659	0.03356	0.03075	0.02195	0.01262	0.00968	0.00348	0.00925	0.00935	0.01130	0.01653
34	0.02606	0.02828	0.04275	0.33972	0.06543	0.11066	0.16120	0.03340	0.02515	0.03064	0.02038	0.02857	0.01551	0.01081	0.01166	0.00363	0.01697	0.01050	0.00532	0.01335
35	0.02424	0.01717	0.02202	0.02355	0.07477	0.01750	0.01582	0.07469	0.11096	0.08947	0.11699	0.26256	0.05663	0.02339	0.01279	0.00395	0.00831	0.02072	0.01081	0.01364
36	0.02055	0.01671	0.01891	0.01817	0.02209	0.01788	0.01361	0.03663	0.24250	0.04103	0.17368	0.18722	0.09956	0.02287	0.01272	0.00392	0.00722	0.01996	0.01137	0.01338
37	0.03701	0.03134	0.03176	0.10830	0.03973	0.11092	0.02201	0.31760	0.04254	0.05448	0.02744	0.07413	0.02244	0.01470	0.01135	0.00346	0.01349	0.01150	0.00942	0.01638
38	0.18721	0.02817	0.10901	0.02928	0.12655	0.02275	0.02201	0.03477	0.06827	0.04090	0.02158	0.02476	0.01705	0.01020	0.00920	0.00294	0.01076	0.00799	0.00667	0.21993

[dist]
# distance from previous block
# <min> <max>
0	1

[block]
# block no. 3 follows, 11 sequences, length 160
# corresponding to MSA columns:
# 364-523
name=unknown_D
#
# <colnr> <probs for GDERKNQSTAVLIFYWHMCP>
#	G	D	E	R	K	N	Q	S	T	A	V	L	I	F	Y	W	H	M	C	P
0	0.03246	0.03673	0.17527	0.02670	0.03702	0.03027	0.02595	0.23007	0.18922	0.05353	0.03099	0.03080	0.02254	0.01327	0.01116	0.00357	0.01249	0.01043	0.00949	0.01802
1	0.01608	0.01206	0.01809	0.01809	0.02010	0.01407	0.01407	0.02010	0.01809	0.02613	0.03015	0.04422	0.02814	0.08441	0.55984	0.01809	0.03015	0.01206	0.00603	0.01005
2	0.24223	0.02023	0.02572	0.09079	0.12639	0.02127	0.01924	0.03516	0.02555	0.14216	0.11082	0.03672	0.03282	0.01331	0.01020	0.00350	0.00991	0.01078	0.00879	0.01442
3	0.03717	0.02677	0.07654	0.10904	0.03964	0.02532	0.02250	0.15420	0.13010	0.20761	0.03461	0.03377	0.02386	0.01339	0.01126	0.00357	0.01159	0.01084	0.01059	0.01763
4	0.02126	0.02001	0.03376	0.57739	0.07752	0.02501	0.03126	0.02876	0.02251	0.02876	0.02001	0.03001	0.01500	0.01125	0.01125	0.00375	0.01500	0.01000	0.00500	0.01250
5	0.01513	0.01089	0.01433	0.01471	0.01664	0.01008	0.01056	0.01922	0.02813	0.03920	0.35949	0.26982	0.09470	0.02745	0.01367	0.00391	0.00575	0.02457	0.01169	0.01008
6	0.03991	0.01946	0.02889	0.22182	0.04640	0.01961	0.02187	0.04540	0.02870	0.35620	0.03557	0.03530	0.02321	0.01296	0.01129	0.00358	0.01154	0.01084	0.01070	0.01675
7	0.02127	0.01591	0.02106	0.12849	0.03235	0.01727	0.01673	0.03108	0.12710	0.07284	0.05075	0.23935	0.08491	0.02787	0.05540	0.00515	0.01072	0.01969	0.00951	0.01253
8	0.02462	0.02462	0.03447	0.02955	0.02955	0.03447	0.02462	0.02709	0.01724	0.02709	0.01477	0.02462	0.01477	0.01970	0.03694	0.00492	0.58385	0.00985	0.00492	0.01231
9	0.02257	0.05822	0.54613	0.03208	0.04871	0.02614	0.04158	0.03564	0.02376	0.03564	0.02020	0.02376	0.01426	0.01069	0.01069	0.00356	0.01663	0.00832	0.00475	0.01663
10	0.04979	0.02029	0.02682	0.02056	0.02930	0.01822	0.01699	0.09527	0.03411	0.49893	0.04281	0.03728	0.02706	0.01389	0.01131	0.00347	0.00983	0.01121	0.01369	0.01915
11	0.52247	0.02110	0.01898	0.01613	0.02354	0.02303	0.01330	0.03863	0.02248	0.17580	0.02300	0.02339	0.01618	0.01134	0.00808	0.00348	0.00893	0.00743	0.00874	0.01396
12	0.02462	0.02462	0.03447	0.02955	0.02955	0.03447	0.02462	0.02709	0.01724	0.02709	0.01477	0.02462	0.01477	0.01970	0.03694	0.00492	0.58385	0.00985	0.00492	0.01231
13	0.01595	0.01074	0.01240	0.01281	0.01291	0.01063	0.00739	0.01626	0.01718	0.02291	0.03962	0.15560	0.04617	0.51534	0.05057	0.00992	0.01023	0.01881	0.00739	0.00718
14	0.01371	0.00979	0.01306	0.01567	0.01632	0.00914	0.01045	0.01567	0.02155	0.02873	0.06203	0.59710	0.07444	0.03526	0.01437	0.00457	0.00653	0.03200	0.01045	0.00914
15	0.01628	0.01262	0.01496	0.01417	0.01749	0.01188	0.01069	0.02329	0.07381	0.04114	0.36711	0.08713	0.21974	0.02387	0.01312	0.00364	0.00575	0.02063	0.01176	0.01096
16	0.05050	0.01915	0.02612	0.02003	0.02873	0.01654	0.01654	0.05485	0.03221	0.54203	0.04440	0.03831	0.02786	0.01393	0.01132	0.00348	0.00958	0.01132	0.01393	0.01915
17	0.01608	0.01206	0.01809	0.01809	0.02010	0.01407	0.01407	0.02010	0.01809	0.02613	0.03015	0.04422	0.02814	0.08441	0.55984	0.01809	0.03015	0.01206	0.00603	0.01005
18	0.01402	0.00992	0.01297	0.01528	0.01586	0.00935	0.01003	0.01575	0.02095	0.02794	0.05898	0.53689	0.07059	0.10073	0.01930	0.00530	0.00703	0.03020	0.01003	0.00887
19	0.01674	0.01262	0.01579	0.01634	0.01894	0.01236	0.01239	0.02372	0.07912	0.03762	0.23389	0.22984	0.12136	0.02737	0.01376	0.00415	0.00690	0.09501	0.01125	0.01084
20	0.68395	0.02177	0.01654	0.01480	0.02177	0.02525	0.01219	0.03309	0.01915	0.05050	0.01567	0.01828	0.01219	0.01045	0.00697	0.00348	0.00871	0.00609	0.00697	0.01219
21	0.01410	0.01058	0.01308	0.01425	0.01615	0.00956	0.01000	0.01703	0.02489	0.03280	0.17887	0.35853	0.19755	0.03082	0.01385	0.00415	0.00605	0.02731	0.01088	0.00956
22	0.01371	0.00979	0.01306	0.01567	0.01632	0.00914	0.01045	0.01567	0.02155	0.02873	0.06203	0.59710	0.07444	0.03526	0.01437	0.00457	0.00653	0.03200	0.01045	0.00914
23	0.02334	0.02001	0.02334	0.01667	0.02667	0.01500	0.01334	0.02834	0.02334	0.03668	0.02001	0.02334	0.01667	0.00834	0.00834	0.00167	0.00834	0.00667	0.00667	0.67325
24	0.02440	0.02322	0.03945	0.33489	0.29541	0.02583	0.03282	0.03152	0.02400	0.03258	0.02056	0.02898	0.01635	0.01067	0.01120	0.00356	0.01422	0.01001	0.00527	0.01504
25	0.37196	0.02303	0.02196	0.01863	0.02599	0.02562	0.01514	0.09796	0.12744	0.12920	0.02776	0.02737	0.02006	0.01236	0.00909	0.00354	0.00933	0.00877	0.00950	0.01528
26	0.01608	0.01206	0.01809	0.01809	0.02010	0.01407	0.01407	0.02010	0.01809	0.02613	0.03015	0.04422	0.02814	0.08441	0.55984	0.01809	0.03015	0.01206	0.00603	0.01005
27	0.02800	0.02418	0.02545	0.02291	0.02927	0.02800	0.01782	0.05981	0.51390	0.04708	0.04581	0.04199	0.03436	0.01527	0.01145	0.00382	0.00891	0.01273	0.01145	0.01782
28	0.01371	0.00979	0.01306	0.01567	0.01632	0.00914	0.01045	0.01567	0.02155	0.02873	0.06203	0.59710	0.07444	0.03526	0.01437	0.00457	0.00653	0.03200	0.01045	0.00914
29	0.04108	0.03068	0.03282	0.02555	0.03426	0.03411	0.02098	0.44645	0.10595	0.06819	0.02918	0.02874	0.02089	0.01371	0.01128	0.00343	0.01199	0.01043	0.01128	0.01899
30	0.04279	0.03153	0.03378	0.02590	0.03490	0.03490	0.02139	0.49671	0.05292	0.07093	0.02702	0.02702	0.01914	0.01351	0.01126	0.00338	0.01239	0.01013	0.01126	0.01914
31	0.01482	0.01008	0.01371	0.01601	0.01676	0.00956	0.01106	0.01624	0.02111	0.02807	0.05669	0.48655	0.06694	0.03535	0.01805	0.08523	0.00727	0.06798	0.00977	0.00874
32	0.03009	0.61122	0.05898	0.01926	0.02889	0.04454	0.01926	0.03370	0.02287	0.02648	0.01565	0.01805	0.01444	0.00963	0.00722	0.00241	0.01204	0.00602	0.00481	0.01444
33	0.04483	0.01771	0.02411	0.01935	0.02682	0.01540	0.01560	0.04881	0.03057	0.46287	0.04712	0.12449	0.03504	0.01722	0.01179	0.00365	0.00911	0.01451	0.01339	0.01761
34	0.01629	0.01121	0.01376	0.01376	0.01428	0.01172	0.00867	0.01732	0.01681	0.02292	0.03410	0.06613	0.03765	0.47145	0.18581	0.01275	0.01583	0.01527	0.00662	0.00765
35	0.02121	0.02271	0.07594	0.04031	0.21573	0.01943	0.08009	0.02682	0.02416	0.03330	0.04268	0.23257	0.07659	0.02024	0.01265	0.00388	0.01134	0.01900	0.00759	0.01374
36	0.02656	0.02445	0.07540	0.33411	0.13833	0.02463	0.02963	0.03621	0.06883	0.09420	0.02549	0.03125	0.01870	0.01170	0.01122	0.00364	0.01367	0.01028	0.00674	0.01498
37	0.01922	0.01628	0.02688	0.02820	0.10233	0.01706	0.07345	0.02342	0.01989	0.02801	0.02905	0.04656	0.02805	0.17943	0.29762	0.01250	0.02194	0.01285	0.00609	0.01115
38	0.40178	0.02102	0.02387	0.25435	0.04551	0.02515	0.02031	0.03124	0.02058	0.04124	0.01752	0.02328	0.01339	0.01079	0.00879	0.00360	0.01139	0.00776	0.00613	0.01232
39	0.03754	0.02195	0.03632	0.15686	0.10263	0.02148	0.09550	0.04367	0.02837	0.28896	0.03284	0.03399	0.02212	0.01219	0.01159	0.00358	0.01270	0.01117	0.00966	0.01687
40	0.01395	0.00990	0.01299	0.01536	0.01596	0.00930	0.01012	0.01574	0.02108	0.02811	0.05963	0.54964	0.07140	0.08687	0.01826	0.00515	0.00693	0.03058	0.01012	0.00893
41	0.11950	0.04980	0.03004	0.02728	0.03322	0.49482	0.02059	0.04351	0.03036	0.03032	0.01719	0.02005	0.01422	0.01146	0.00976	0.00297	0.01890	0.00711	0.00594	0.01294
42	0.01523	0.01129	0.01420	0.01387	0.01649	0.01026	0.01025	0.01974	0.02962	0.04076	0.40460	0.14719	0.17416	0.02535	0.01341	0.00370	0.00552	0.02227	0.01184	0.01026
43	0.02657	0.03036	0.06641	0.04744	0.05882	0.02846	0.49336	0.03605	0.02657	0.03605	0.02277	0.03036	0.01708	0.00949	0.01328	0.00380	0.01898	0.01328	0.00569	0.01518
44	0.05050	0.01915	0.02612	0.02003	0.02873	0.01654	0.01654	0.05485	0.03221	0.54203	0.04440	0.03831	0.02786	0.01393	0.01132	0.00348	0.00958	0.01132	0.01393	0.01915
45	0.68395	0.02177	0.01654	0.01480	0.02177	0.02525	0.01219	0.03309	0.01915	0.05050	0.01567	0.01828	0.01219	0.01045	0.00697	0.00348	0.00871	0.00609	0.00697	0.01219
46	0.02513	0.01858	0.01933	0.01783	0.02266	0.02083	0.01375	0.04607	0.31330	0.04499	0.04209	0.04198	0.03210	0.01439	0.00999	0.00333	0.00741	0.01181	0.27964	0.01482
47	0.02922	0.02597	0.10087	0.07386	0.04296	0.02104	0.18513	0.03618	0.02635	0.16297	0.03556	0.14412	0.03072	0.01602	0.01253	0.00384	0.01351	0.01564	0.00857	0.01496
48	0.01637	0.01091	0.01228	0.01228	0.01228	0.01091	0.00682	0.01637	0.01637	0.02182	0.03546	0.07365	0.04092	0.60445	0.05729	0.01091	0.01091	0.01637	0.00682	0.00682
49	0.02098	0.01049	0.01049	0.01049	0.01311	0.01049	0.00787	0.02623	0.02360	0.04196	0.03672	0.04196	0.02885	0.01311	0.00787	0.00262	0.00525	0.01049	0.66693	0.01049
50	0.03009	0.61122	0.05898	0.01926	0.02889	0.04454	0.01926	0.03370	0.02287	0.02648	0.01565	0.01805	0.01444	0.00963	0.00722	0.00241	0.01204	0.00602	0.00481	0.01444
51	0.35057	0.02626	0.02683	0.02551	0.08600	0.02930	0.01846	0.21974	0.03348	0.05714	0.02087	0.02290	0.01563	0.01163	0.00917	0.00342	0.01072	0.00817	0.00853	0.01563
52	0.03755	0.10289	0.18197	0.02629	0.03764	0.02392	0.07506	0.04484	0.02808	0.28191	0.03175	0.03089	0.02123	0.01202	0.01086	0.00341	0.01288	0.01004	0.00934	0.01745
53	0.01634	0.01102	0.01281	0.01281	0.01299	0.01120	0.00748	0.01671	0.01653	0.02222	0.03498	0.07096	0.03975	0.55687	0.10326	0.01157	0.01267	0.01597	0.00675	0.00712
54	0.02872	0.02829	0.05534	0.04055	0.05075	0.02744	0.36412	0.04212	0.12112	0.07788	0.02892	0.03323	0.02126	0.01095	0.01278	0.00377	0.01629	0.01302	0.00745	0.01600
55	0.03595	0.09128	0.03347	0.23620	0.04825	0.08117	0.02310	0.04128	0.02735	0.22934	0.02878	0.03084	0.01992	0.01215	0.01070	0.00340	0.01310	0.00976	0.00856	0.01539
56	0.02257	0.05822	0.54613	0.03208	0.04871	0.02614	0.04158	0.03564	0.02376	0.03564	0.02020	0.02376	0.01426	0.01069	0.01069	0.00356	0.01663	0.00832	0.00475	0.01663
57	0.01563	0.01149	0.01463	0.01384	0.01663	0.01049	0.01038	0.02065	0.03115	0.04344	0.48064	0.08686	0.15491	0.02364	0.01328	0.00357	0.00535	0.02075	0.01217	0.01049
58	0.04315	0.02227	0.03650	0.03092	0.08907	0.02009	0.11655	0.04881	0.03035	0.38383	0.03747	0.03555	0.02457	0.01260	0.01170	0.00353	0.01192	0.01158	0.01134	0.01820
59	0.13535	0.02641	0.03247	0.13645	0.12615	0.02957	0.02381	0.22195	0.07276	0.05200	0.02436	0.02752	0.01821	0.01214	0.01058	0.00349	0.01221	0.00966	0.00843	0.01646
60	0.68395	0.02177	0.01654	0.01480	0.02177	0.02525	0.01219	0.03309	0.01915	0.05050	0.01567	0.01828	0.01219	0.01045	0.00697	0.00348	0.00871	0.00609	0.00697	0.01219
61	0.02633	0.02493	0.04105	0.18369	0.38127	0.02645	0.03224	0.03550	0.06957	0.03584	0.02315	0.02965	0.01868	0.01079	0.01120	0.00348	0.01334	0.01027	0.00598	0.01658
62	0.01356	0.01038	0.01246	0.01413	0.01592	0.00927	0.00976	0.01585	0.02304	0.02934	0.08086	0.42014	0.23926	0.03282	0.01398	0.00429	0.00623	0.02901	0.01045	0.00927
63	0.08871	0.02735	0.03124	0.03067	0.10997	0.03036	0.02141	0.23031	0.20974	0.05540	0.03184	0.03175	0.02377	0.01334	0.01095	0.00354	0.01100	0.01070	0.01008	0.01788
64	0.04399	0.02959	0.03258	0.02498	0.03394	0.03203	0.02063	0.42754	0.04968	0.14468	0.02974	0.02879	0.02051	0.01358	0.01127	0.00339	0.01195	0.01032	0.01168	0.01914
65	0.14373	0.03047	0.02831	0.02358	0.03110	0.09459	0.01889	0.23965	0.17819	0.05544	0.02943	0.02911	0.02184	0.01329	0.01048	0.00346	0.01173	0.00987	0.00995	0.01688
66	0.04279	0.03153	0.03378	0.02590	0.03490	0.03490	0.02139	0.49671	0.05292	0.07093	0.02702	0.02702	0.01914	0.01351	0.01126	0.00338	0.01239	0.01013	0.01126	0.01914
67	0.01395	0.00998	0.01327	0.01551	0.01638	0.00930	0.01047	0.01627	0.02265	0.03049	0.11198	0.54214	0.07784	0.03395	0.01425	0.00446	0.00640	0.03075	0.01066	0.00930
68	0.26682	0.39780	0.04361	0.01764	0.02631	0.03755	0.01670	0.03348	0.02152	0.03518	0.01566	0.01814	0.01363	0.00993	0.00713	0.00280	0.01083	0.00605	0.00559	0.01363
69	0.02582	0.02055	0.03156	0.42462	0.06419	0.02445	0.02741	0.03669	0.09946	0.09352	0.02693	0.03286	0.01954	0.01220	0.01129	0.00373	0.01341	0.01058	0.00707	0.01412
70	0.01622	0.01151	0.01528	0.01528	0.01632	0.01254	0.01057	0.01830	0.01726	0.02405	0.03271	0.05843	0.03431	0.33545	0.31725	0.01462	0.02086	0.01414	0.00641	0.00849
71	0.03711	0.02332	0.02627	0.02170	0.02900	0.02491	0.01742	0.16077	0.22536	0.18850	0.04006	0.03737	0.02840	0.01428	0.01104	0.00351	0.00960	0.01151	0.07205	0.01783
72	0.02098	0.01049	0.01049	0.01049	0.01311	0.01049	0.00787	0.02623	0.02360	0.04196	0.03672	0.04196	0.02885	0.01311	0.00787	0.00262	0.00525	0.01049	0.66693	0.01049
73	0.01566	0.01130	0.01481	0.01434	0.01676	0.01044	0.01060	0.02057	0.03062	0.04316	0.47203	0.14598	0.10237	0.02449	0.01341	0.00366	0.00546	0.02176	0.01216	0.01044
74	0.12694	0.01947	0.02496	0.01939	0.02789	0.01759	0.01602	0.05223	0.03064	0.48272	0.04094	0.03589	0.02597	0.01351	0.01079	0.00348	0.00947	0.01069	0.01309	0.01831
75	0.01411	0.01008	0.01352	0.01613	0.01696	0.00949	0.01115	0.01637	0.02194	0.02918	0.06181	0.55447	0.07357	0.03488	0.01447	0.00463	0.00688	0.07067	0.01044	0.00925
76	0.05050	0.01915	0.02612	0.02003	0.02873	0.01654	0.01654	0.05485	0.03221	0.54203	0.04440	0.03831	0.02786	0.01393	0.01132	0.00348	0.00958	0.01132	0.01393	0.01915
77	0.68395	0.02177	0.01654	0.01480	0.02177	0.02525	0.01219	0.03309	0.01915	0.05050	0.01567	0.01828	0.01219	0.01045	0.00697	0.00348	0.00871	0.00609	0.00697	0.01219
78	0.01502	0.01147	0.01378	0.01320	0.01626	0.01023	0.00990	0.01948	0.02971	0.04003	0.38479	0.09247	0.25289	0.02491	0.01328	0.00363	0.00545	0.02153	0.01172	0.01023
79	0.08224	0.01556	0.01800	0.01546	0.02047	0.01524	0.01222	0.07173	0.03005	0.16880	0.16959	0.04934	0.04746	0.01582	0.01039	0.00322	0.00720	0.01299	0.22068	0.01351
80	0.03061	0.02017	0.02374	0.02169	0.02763	0.02155	0.01761	0.04938	0.27977	0.15642	0.04900	0.06281	0.04063	0.01900	0.01247	0.00409	0.00943	0.12604	0.01174	0.01622
81	0.02257	0.05822	0.54613	0.03208	0.04871	0.02614	0.04158	0.03564	0.02376	0.03564	0.02020	0.02376	0.01426	0.01069	0.01069	0.00356	0.01663	0.00832	0.00475	0.01663
82	0.01805	0.01317	0.01845	0.01814	0.02037	0.01509	0.01386	0.02405	0.07739	0.02764	0.03040	0.04241	0.02756	0.06908	0.41411	0.11730	0.02444	0.01179	0.00651	0.01019
83	0.01799	0.01157	0.01442	0.01470	0.01745	0.01033	0.01063	0.02112	0.02586	0.08747	0.16789	0.30405	0.19677	0.02871	0.01354	0.00404	0.00639	0.02525	0.01121	0.01061
84	0.02646	0.02006	0.03330	0.22441	0.14587	0.02106	0.06137	0.03267	0.02608	0.11721	0.08961	0.08891	0.03423	0.01491	0.01193	0.00368	0.01216	0.01372	0.00802	0.01433
85	0.01623	0.01146	0.01506	0.01506	0.01602	0.01242	0.01029	0.01815	0.01719	0.02388	0.03292	0.05957	0.03480	0.35560	0.29777	0.01435	0.02012	0.01431	0.00644	0.00837
86	0.68395	0.02177	0.01654	0.01480	0.02177	0.02525	0.01219	0.03309	0.01915	0.05050	0.01567	0.01828	0.01219	0.01045	0.00697	0.00348	0.00871	0.00609	0.00697	0.01219
87	0.02276	0.02245	0.03195	0.13480	0.03925	0.07784	0.11570	0.02753	0.02384	0.03080	0.10340	0.04822	0.03624	0.16464	0.02558	0.00555	0.05762	0.01362	0.00684	0.01136
88	0.04810	0.02301	0.02850	0.02185	0.03065	0.02226	0.01805	0.19239	0.03866	0.39539	0.03899	0.03480	0.02515	0.01380	0.01130	0.00345	0.01045	0.01095	0.01310	0.01915
89	0.02257	0.05822	0.54613	0.03208	0.04871	0.02614	0.04158	0.03564	0.02376	0.03564	0.02020	0.02376	0.01426	0.01069	0.01069	0.00356	0.01663	0.00832	0.00475	0.01663
90	0.68395	0.02177	0.01654	0.01480	0.02177	0.02525	0.01219	0.03309	0.01915	0.05050	0.01567	0.01828	0.01219	0.01045	0.00697	0.00348	0.00871	0.00609	0.00697	0.01219
91	0.68395	0.02177	0.01654	0.01480	0.02177	0.02525	0.01219	0.03309	0.01915	0.05050	0.01567	0.01828	0.01219	0.01045	0.00697	0.00348	0.00871	0.00609	0.00697	0.01219
92	0.01797	0.01126	0.01459	0.01540	0.01761	0.01022	0.01091	0.02084	0.02486	0.08661	0.14271	0.39675	0.12703	0.03019	0.01374	0.00420	0.00656	0.02692	0.01114	0.01050
93	0.21825	0.02819	0.06555	0.02138	0.03001	0.07249	0.01862	0.12349	0.03159	0.24033	0.02923	0.02813	0.01981	0.01245	0.00997	0.00342	0.01136	0.00909	0.01012	0.01651
94	0.03009	0.61122	0.05898	0.01926	0.02889	0.04454	0.01926	0.03370	0.02287	0.02648	0.01565	0.01805	0.01444	0.00963	0.00722	0.00241	0.01204	0.00602	0.00481	0.01444
95	0.01533	0.01148	0.01422	0.01353	0.01645	0.01037	0.01015	0.02008	0.03045	0.04178	0.43393	0.08960	0.20267	0.02426	0.01328	0.00360	0.00540	0.02113	0.01195	0.01037
96	0.02628	0.02333	0.04497	0.21004	0.05629	0.02370	0.23242	0.03364	0.02537	0.09393	0.02901	0.09640	0.02431	0.01355	0.01252	0.00383	0.01514	0.01415	0.00701	0.01411
97	0.02657	0.03036	0.06641	0.04744	0.05882	0.02846	0.49336	0.03605	0.02657	0.03605	0.02277	0.03036	0.01708	0.00949	0.01328	0.00380	0.01898	0.01328	0.00569	0.01518
98	0.01371	0.00979	0.01306	0.01567	0.01632	0.00914	0.01045	0.01567	0.02155	0.02873	0.06203	0.59710	0.07444	0.03526	0.01437	0.00457	0.00653	0.03200	0.01045	0.00914
99	0.03009	0.61122	0.05898	0.01926	0.02889	0.04454	0.01926	0.03370	0.02287	0.02648	0.01565	0.01805	0.01444	0.00963	0.00722	0.00241	0.01204	0.00602	0.00481	0.01444
100	0.38266	0.06984	0.02995	0.10675	0.03648	0.02823	0.06834	0.08873	0.02483	0.04618	0.01847	0.02242	0.01416	0.01077	0.00884	0.00346	0.01148	0.00795	0.00688	0.01357
101	0.01564	0.01117	0.01527	0.01788	0.01937	0.01080	0.01380	0.01900	0.02345	0.03089	0.06097	0.39220	0.07023	0.03344	0.01488	0.00484	0.00820	0.21787	0.01041	0.00967
102	0.01472	0.01022	0.01276	0.01439	0.01479	0.00981	0.00907	0.01594	0.01959	0.02612	0.05197	0.39887	0.06175	0.25081	0.03062	0.00697	0.00819	0.02608	0.00907	0.00826
103	0.02491	0.02582	0.03969	0.39041	0.11184	0.08293	0.10181	0.03215	0.02442	0.03049	0.02026	0.02882	0.01553	0.01091	0.01144	0.00363	0.01603	0.01022	0.00525	0.01346
104	0.04697	0.01926	0.02704	0.08728	0.03462	0.01756	0.01832	0.05170	0.03104	0.48009	0.04146	0.03731	0.02631	0.01361	0.01131	0.00352	0.01023	0.01116	0.01285	0.01835
105	0.01366	0.00999	0.01286	0.01516	0.01619	0.00919	0.01022	0.01573	0.02204	0.02893	0.06831	0.53812	0.12937	0.03445	0.01424	0.00448	0.00643	0.03100	0.01045	0.00919
106	0.16091	0.02705	0.03729	0.11364	0.04397	0.08832	0.15053	0.04022	0.02659	0.16568	0.02584	0.02878	0.01825	0.01133	0.01087	0.00354	0.01414	0.01016	0.00795	0.01494
107	0.01637	0.01091	0.01228	0.01228	0.01228	0.01091	0.00682	0.01637	0.01637	0.02182	0.03546	0.07365	0.04092	0.60445	0.05729	0.01091	0.01091	0.01637	0.00682	0.00682
108	0.03417	0.02996	0.02875	0.02455	0.03164	0.09420	0.01937	0.19037	0.31608	0.05195	0.03669	0.03484	0.02735	0.01429	0.01124	0.00357	0.01134	0.01128	0.01071	0.01764
109	0.02657	0.03036	0.06641	0.04744	0.05882	0.02846	0.49336	0.03605	0.02657	0.03605	0.02277	0.03036	0.01708	0.00949	0.01328	0.00380	0.01898	0.01328	0.00569	0.01518
110	0.03296	0.02307	0.03714	0.05004	0.33651	0.02235	0.02771	0.03883	0.02747	0.17531	0.03198	0.04213	0.02599	0.01352	0.01170	0.00359	0.01198	0.06197	0.00842	0.01733
111	0.02786	0.02674	0.04568	0.06908	0.53424	0.02674	0.03454	0.03454	0.02563	0.03677	0.02117	0.02786	0.01783	0.01003	0.01114	0.00334	0.01337	0.01003	0.00557	0.01783
112	0.04771	0.02363	0.02889	0.02215	0.03097	0.02319	0.01830	0.21483	0.03971	0.37147	0.03811	0.03422	0.02470	0.01378	0.01130	0.00344	0.01059	0.01089	0.01296	0.01915
113	0.03009	0.61122	0.05898	0.01926	0.02889	0.04454	0.01926	0.03370	0.02287	0.02648	0.01565	0.01805	0.01444	0.00963	0.00722	0.00241	0.01204	0.00602	0.00481	0.01444
114	0.22357	0.15888	0.03342	0.02031	0.02884	0.03150	0.01753	0.19061	0.03325	0.12822	0.02390	0.02425	0.01745	0.01182	0.00913	0.00320	0.01082	0.00823	0.00898	0.01609
115	0.02404	0.04801	0.37037	0.03771	0.05242	0.02699	0.20710	0.03579	0.02479	0.03579	0.02114	0.02618	0.01529	0.01025	0.01164	0.00365	0.01749	0.01014	0.00510	0.01610
116	0.01569	0.01150	0.01471	0.01391	0.01667	0.01052	0.01043	0.02077	0.03129	0.04379	0.49040	0.08629	0.14494	0.02351	0.01328	0.00356	0.00535	0.02067	0.01221	0.01052
117	0.02126	0.02001	0.03376	0.57739	0.07752	0.02501	0.03126	0.02876	0.02251	0.02876	0.02001	0.03001	0.01500	0.01125	0.01125	0.00375	0.01500	0.01000	0.00500	0.01250
118	0.01955	0.00978	0.01466	0.01466	0.01466	0.00978	0.00978	0.01466	0.01466	0.01955	0.01955	0.03421	0.01955	0.03910	0.04399	0.67253	0.00978	0.00978	0.00489	0.00489
119	0.04897	0.02160	0.02763	0.02119	0.02995	0.02017	0.01750	0.14219	0.03631	0.44892	0.04097	0.03608	0.02614	0.01385	0.01131	0.00346	0.01013	0.01108	0.01340	0.01915
120	0.02139	0.01379	0.01750	0.01580	0.01959	0.01320	0.01211	0.02943	0.08354	0.10530	0.41822	0.07404	0.08905	0.02109	0.01284	0.00356	0.00621	0.01845	0.01248	0.01242
121	0.01366	0.00999	0.01286	0.01516	0.01619	0.00919	0.01022	0.01573	0.02204	0.02893	0.06831	0.53812	0.12937	0.03445	0.01424	0.00448	0.00643	0.03100	0.01045	0.00919
122	0.04204	0.05364	0.03190	0.02900	0.03480	0.55926	0.02175	0.04494	0.03190	0.02755	0.01740	0.02030	0.01450	0.01160	0.01015	0.00290	0.02030	0.00725	0.00580	0.01305
123	0.02335	0.08938	0.02457	0.01834	0.02347	0.02236	0.01462	0.04012	0.24247	0.04349	0.21551	0.05428	0.05744	0.01721	0.01132	0.00345	0.00770	0.01449	0.06217	0.01424
124	0.02732	0.01603	0.01968	0.01760	0.02275	0.01546	0.01400	0.03678	0.11810	0.17679	0.19074	0.07256	0.13696	0.02090	0.01266	0.00379	0.00773	0.06400	0.01210	0.01404
125	0.03686	0.02558	0.06733	0.02241	0.03053	0.02389	0.01931	0.16073	0.15117	0.20714	0.09689	0.04075	0.03562	0.01499	0.01152	0.00355	0.01016	0.01221	0.01177	0.01761
126	0.01359	0.01028	0.01256	0.01438	0.01598	0.00925	0.00987	0.01582	0.02279	0.02924	0.07778	0.44903	0.21235	0.03321	0.01404	0.00434	0.00628	0.02950	0.01045	0.00925
127	0.01395	0.00998	0.01327	0.01551	0.01638	0.00930	0.01047	0.01627	0.02265	0.03049	0.11198	0.54214	0.07784	0.03395	0.01425	0.00446	0.00640	0.03075	0.01066	0.00930
128	0.02126	0.02001	0.03376	0.57739	0.07752	0.02501	0.03126	0.02876	0.02251	0.02876	0.02001	0.03001	0.01500	0.01125	0.01125	0.00375	0.01500	0.01000	0.00500	0.01250
129	0.02201	0.02078	0.03513	0.51892	0.13005	0.02521	0.03164	0.02942	0.02286	0.02968	0.02014	0.02976	0.01533	0.01111	0.01124	0.00370	0.01482	0.01001	0.00507	0.01312
130	0.02286	0.02203	0.03109	0.02718	0.02760	0.03026	0.02244	0.02564	0.01741	0.02689	0.01795	0.02867	0.01753	0.03306	0.14492	0.00764	0.46950	0.01031	0.00515	0.01184
131	0.03060	0.03713	0.24844	0.08987	0.04277	0.02405	0.02917	0.11521	0.03005	0.14087	0.02994	0.07991	0.02333	0.01411	0.01131	0.00363	0.01341	0.01156	0.00823	0.01641
132	0.21348	0.01928	0.02466	0.19919	0.04129	0.02104	0.01943	0.03643	0.02538	0.18099	0.08412	0.03529	0.02832	0.01313	0.01031	0.00358	0.01061	0.01047	0.00891	0.01407
133	0.02139	0.01354	0.01671	0.01665	0.01968	0.01337	0.01216	0.02918	0.10243	0.09744	0.13390	0.30919	0.06405	0.02562	0.01281	0.00398	0.00696	0.02270	0.06615	0.01208
134	0.02297	0.02221	0.03498	0.02846	0.03211	0.02617	0.11700	0.03032	0.06816	0.03565	0.15860	0.04352	0.04184	0.01809	0.02332	0.00422	0.25806	0.01367	0.00770	0.01294
135	0.03232	0.22943	0.14619	0.11433	0.04147	0.03109	0.02548	0.07986	0.02760	0.13547	0.02407	0.02605	0.01760	0.01133	0.00978	0.00317	0.01301	0.00858	0.00724	0.01594
136	0.03181	0.03251	0.17278	0.10233	0.17123	0.02374	0.07305	0.03989	0.02667	0.17438	0.02731	0.03013	0.01925	0.01137	0.01128	0.00353	0.01389	0.01023	0.00760	0.01702
137	0.01367	0.00998	0.01287	0.01518	0.01620	0.00918	0.01023	0.01573	0.02202	0.02892	0.06801	0.54088	0.12681	0.03448	0.01424	0.00448	0.00643	0.03105	0.01045	0.00918
138	0.04652	0.02179	0.02730	0.02134	0.02981	0.02094	0.01749	0.12803	0.09374	0.40492	0.04172	0.03690	0.02721	0.01402	0.01133	0.00351	0.00996	0.01129	0.01319	0.01899
139	0.03122	0.13136	0.18373	0.09140	0.10332	0.02714	0.07136	0.03898	0.02594	0.15193	0.02543	0.02797	0.01824	0.01114	0.01061	0.00337	0.01386	0.00947	0.00712	0.01642
140	0.03966	0.01855	0.02679	0.06905	0.07350	0.01747	0.01918	0.04452	0.02892	0.35716	0.04083	0.04680	0.02996	0.02162	0.06149	0.00500	0.01228	0.05907	0.01141	0.01674
141	0.01814	0.01296	0.01814	0.02073	0.02332	0.01296	0.01814	0.02332	0.02591	0.03368	0.05959	0.12696	0.06478	0.03109	0.01555	0.00518	0.01036	0.45848	0.01036	0.01036
142	0.15723	0.02737	0.09332	0.06984	0.03998	0.02370	0.11451	0.07686	0.02854	0.21608	0.02876	0.02983	0.01958	0.01179	0.01082	0.00357	0.01273	0.01020	0.00905	0.01627
143	0.03253	0.01977	0.03016	0.20220	0.04549	0.02059	0.05797	0.04097	0.07901	0.22449	0.03700	0.09968	0.02892	0.01532	0.01182	0.00375	0.01164	0.01358	0.00973	0.01540
144	0.68395	0.02177	0.01654	0.01480	0.02177	0.02525	0.01219	0.03309	0.01915	0.05050	0.01567	0.01828	0.01219	0.01045	0.00697	0.00348	0.00871	0.00609	0.00697	0.01219
