[name]
unknown

[dist]
# distance from previous block
# <min> <max>
0	68

[block]
# block no. 0 follows, 15 sequences, length 12
# corresponding to MSA columns:
# 74-85
name=unknown_A
#
# <colnr> <probs for GDERKNQSTAVLIFYWHMCP>
#	G	D	E	R	K	N	Q	S	T	A	V	L	I	F	Y	W	H	M	C	P
0	0.01606	0.01147	0.01606	0.01836	0.02065	0.01147	0.01606	0.02065	0.02295	0.02983	0.05278	0.11245	0.05737	0.02754	0.01377	0.00459	0.00918	0.52037	0.00918	0.00918
1	0.02515	0.13145	0.22655	0.07939	0.04113	0.02651	0.13694	0.07655	0.02378	0.07368	0.01955	0.02320	0.01452	0.01003	0.01095	0.00310	0.04950	0.00851	0.00552	0.01398
2	0.05884	0.16404	0.14070	0.05911	0.02927	0.02228	0.01920	0.03200	0.06930	0.12473	0.07548	0.10734	0.02993	0.01382	0.00942	0.00306	0.00976	0.01128	0.00742	0.01303
3	0.01450	0.00966	0.01087	0.01087	0.01087	0.00966	0.00604	0.01450	0.01450	0.01933	0.03141	0.06524	0.03624	0.64965	0.05074	0.00966	0.00966	0.01450	0.00604	0.00604
4	0.01420	0.00954	0.01096	0.01126	0.01133	0.00947	0.00645	0.01442	0.01508	0.02011	0.03441	0.13877	0.04002	0.57096	0.04590	0.00895	0.00917	0.01626	0.00645	0.00630
5	0.08781	0.07717	0.03363	0.14137	0.26552	0.06644	0.02373	0.03321	0.02290	0.12471	0.02092	0.02458	0.01593	0.00975	0.00923	0.00295	0.01153	0.00828	0.00615	0.01417
6	0.02428	0.29091	0.19142	0.11314	0.09939	0.03030	0.02548	0.06457	0.02246	0.02953	0.01670	0.02036	0.01343	0.00925	0.00835	0.00273	0.01228	0.00702	0.00473	0.01367
7	0.01781	0.01104	0.01430	0.01299	0.01611	0.00999	0.00992	0.02221	0.02779	0.10940	0.47174	0.07116	0.12732	0.01978	0.01154	0.00315	0.00521	0.01727	0.01100	0.01028
8	0.02850	0.03066	0.21224	0.07632	0.03764	0.02203	0.06951	0.07787	0.12727	0.17363	0.02802	0.02842	0.01950	0.01107	0.01001	0.00320	0.01170	0.00937	0.00783	0.01522
9	0.02857	0.02260	0.12599	0.02103	0.02835	0.01673	0.06361	0.03660	0.08616	0.24818	0.06608	0.14618	0.03372	0.01555	0.01068	0.00334	0.00954	0.01366	0.00937	0.01408
10	0.01258	0.01013	0.01120	0.01094	0.01395	0.00875	0.00820	0.01585	0.02460	0.03140	0.26574	0.08859	0.41588	0.02358	0.01177	0.00329	0.00493	0.02001	0.00985	0.00875
11	0.02467	0.02369	0.04046	0.06119	0.58747	0.02369	0.03059	0.03059	0.02270	0.03257	0.01875	0.02467	0.01579	0.00888	0.00987	0.00296	0.01184	0.00888	0.00493	0.01579

[dist]
# distance from previous block
# <min> <max>
0	3

[block]
# block no. 1 follows, 15 sequences, length 35
# corresponding to MSA columns:
# 89-123
name=unknown_B
#
# <colnr> <probs for GDERKNQSTAVLIFYWHMCP>
#	G	D	E	R	K	N	Q	S	T	A	V	L	I	F	Y	W	H	M	C	P
0	0.22538	0.02100	0.02435	0.02022	0.02627	0.02284	0.06821	0.20592	0.06133	0.04552	0.02822	0.12177	0.02581	0.01484	0.00974	0.00334	0.00954	0.04452	0.00824	0.01293
1	0.08098	0.18237	0.02543	0.01660	0.02108	0.12771	0.01353	0.02465	0.02174	0.02698	0.04036	0.18958	0.11391	0.01853	0.00981	0.00315	0.00960	0.05673	0.00696	0.01030
2	0.01421	0.01080	0.01616	0.01722	0.01900	0.01035	0.04678	0.01734	0.02068	0.02735	0.05196	0.42396	0.05974	0.02850	0.01301	0.00419	0.00765	0.19335	0.00896	0.00881
3	0.16900	0.02223	0.06323	0.02411	0.08403	0.02045	0.05253	0.08189	0.07103	0.26931	0.02853	0.02772	0.01953	0.01102	0.00934	0.00311	0.00977	0.00897	0.00902	0.01517
4	0.06525	0.22381	0.24780	0.02629	0.03722	0.02789	0.13710	0.03211	0.02159	0.06679	0.01833	0.02133	0.01389	0.00914	0.00888	0.00288	0.01313	0.00775	0.00505	0.01379
5	0.01224	0.01012	0.01073	0.01058	0.01374	0.00861	0.00793	0.01519	0.02380	0.02948	0.19518	0.09174	0.48764	0.02429	0.01178	0.00332	0.00498	0.02045	0.00959	0.00861
6	0.02044	0.01936	0.03281	0.47015	0.21161	0.02257	0.02849	0.02688	0.02070	0.02743	0.01800	0.02605	0.01398	0.00967	0.00994	0.00322	0.01289	0.00887	0.00457	0.01237
7	0.13232	0.14427	0.06627	0.14791	0.12700	0.08371	0.02155	0.03264	0.02207	0.10639	0.01928	0.02251	0.01469	0.00973	0.00858	0.00288	0.01162	0.00750	0.00587	0.01319
8	0.02810	0.02227	0.02670	0.06614	0.10818	0.12819	0.06034	0.03197	0.02409	0.16767	0.03321	0.19608	0.03100	0.01618	0.01069	0.00327	0.01100	0.01428	0.00797	0.01267
9	0.01884	0.01939	0.03937	0.03044	0.03661	0.01817	0.32816	0.02450	0.02170	0.02926	0.03448	0.28055	0.03604	0.01780	0.01216	0.00364	0.01227	0.01859	0.00678	0.01124
10	0.11738	0.01634	0.02295	0.14906	0.13658	0.01702	0.01791	0.02704	0.02263	0.10920	0.11380	0.09219	0.08841	0.01484	0.01011	0.00323	0.00888	0.01276	0.00769	0.01197
11	0.02522	0.07642	0.24722	0.08695	0.21155	0.07080	0.02958	0.03271	0.02262	0.07674	0.01945	0.02313	0.01469	0.00957	0.00944	0.00299	0.01319	0.00797	0.00520	0.01456
12	0.01252	0.00918	0.01176	0.01312	0.01443	0.00842	0.00908	0.01500	0.02151	0.02876	0.17433	0.45218	0.13669	0.02815	0.01240	0.00377	0.00546	0.02521	0.00963	0.00842
13	0.02246	0.08592	0.03018	0.06221	0.02967	0.10872	0.09238	0.05325	0.02306	0.02907	0.07642	0.14818	0.06053	0.01670	0.01420	0.00337	0.11230	0.01366	0.00661	0.01109
14	0.03018	0.11605	0.19289	0.07434	0.03722	0.02495	0.06628	0.13402	0.02768	0.16569	0.02360	0.02481	0.01651	0.01043	0.00950	0.00300	0.01207	0.00849	0.00727	0.01500
15	0.02447	0.08114	0.07035	0.02094	0.05984	0.01627	0.01735	0.02893	0.02326	0.16872	0.04081	0.15711	0.03981	0.01977	0.01132	0.00366	0.00923	0.18605	0.00880	0.01218
16	0.02411	0.02573	0.03009	0.08627	0.03122	0.12734	0.02197	0.02681	0.01792	0.02421	0.01394	0.02164	0.01307	0.01549	0.02643	0.00396	0.46592	0.00835	0.00450	0.01103
17	0.02055	0.10201	0.55243	0.02747	0.04168	0.02451	0.03518	0.03143	0.02098	0.03089	0.01755	0.02062	0.01264	0.00939	0.00921	0.00307	0.01439	0.00720	0.00421	0.01457
18	0.05946	0.02773	0.17263	0.24263	0.11624	0.02286	0.05548	0.02995	0.02090	0.07609	0.01921	0.02464	0.01432	0.01042	0.01167	0.00329	0.06558	0.00855	0.00521	0.01315
19	0.27963	0.02447	0.02406	0.01929	0.02649	0.02752	0.01587	0.33835	0.06676	0.05516	0.02133	0.02196	0.01555	0.01109	0.00863	0.00305	0.00963	0.00784	0.00863	0.01470
20	0.02467	0.02369	0.04046	0.06119	0.58747	0.02369	0.03059	0.03059	0.02270	0.03257	0.01875	0.02467	0.01579	0.00888	0.00987	0.00296	0.01184	0.00888	0.00493	0.01579
21	0.02691	0.02086	0.02472	0.13114	0.03419	0.02374	0.01833	0.11889	0.32268	0.08831	0.03442	0.03640	0.02605	0.01317	0.01024	0.00334	0.00943	0.03306	0.00922	0.01490
22	0.02316	0.01348	0.01627	0.01423	0.01863	0.01244	0.01108	0.07809	0.02770	0.17371	0.19914	0.11442	0.21762	0.01998	0.01124	0.00326	0.00646	0.01695	0.01053	0.01161
23	0.02194	0.01611	0.01830	0.01667	0.02108	0.01711	0.01281	0.03737	0.28609	0.09417	0.18508	0.10015	0.09603	0.01758	0.01089	0.00334	0.00672	0.01508	0.01043	0.01303
24	0.02308	0.02105	0.03292	0.31447	0.24568	0.02368	0.02680	0.07372	0.07830	0.03271	0.02089	0.02675	0.01620	0.01010	0.00995	0.00317	0.01204	0.00912	0.00564	0.01371
25	0.03523	0.02437	0.02890	0.02263	0.03017	0.02618	0.05232	0.31369	0.16063	0.15326	0.03028	0.02897	0.02131	0.01216	0.01014	0.00312	0.01020	0.00987	0.01012	0.01646
26	0.06653	0.03463	0.26771	0.03711	0.22426	0.02302	0.02941	0.07496	0.02424	0.09456	0.02070	0.02359	0.01522	0.00976	0.00951	0.00307	0.01238	0.00818	0.00589	0.01528
27	0.02075	0.08612	0.47774	0.06562	0.04222	0.02428	0.03320	0.03285	0.06672	0.03149	0.01951	0.02242	0.01417	0.00978	0.00936	0.00312	0.01380	0.00766	0.00472	0.01446
28	0.01950	0.01274	0.01708	0.01796	0.02108	0.01272	0.01533	0.02597	0.06909	0.08834	0.09549	0.09512	0.05499	0.02425	0.01292	0.00422	0.00862	0.38434	0.00973	0.01053
29	0.02598	0.02446	0.04182	0.12578	0.27986	0.02517	0.16108	0.12494	0.02691	0.03692	0.01991	0.02536	0.01549	0.00946	0.01039	0.00312	0.01315	0.00963	0.00580	0.01476
30	0.02233	0.09891	0.22233	0.12724	0.19550	0.02518	0.10873	0.03027	0.02162	0.03013	0.01802	0.02321	0.01398	0.00912	0.00967	0.00305	0.01361	0.00845	0.00457	0.01408
31	0.01714	0.01543	0.02193	0.12988	0.02893	0.01900	0.01738	0.02053	0.01892	0.02602	0.06558	0.12802	0.10768	0.02464	0.06880	0.00491	0.22200	0.04688	0.00647	0.00985
32	0.02068	0.02066	0.03790	0.38383	0.10303	0.02251	0.16724	0.02759	0.02117	0.02823	0.01846	0.02612	0.01408	0.00929	0.01027	0.00318	0.01373	0.00945	0.00473	0.05784
33	0.02230	0.23797	0.39287	0.02577	0.03827	0.02836	0.06432	0.03106	0.02096	0.02907	0.01678	0.01986	0.01284	0.00911	0.00866	0.00285	0.01360	0.00702	0.00428	0.01405
34	0.02027	0.11319	0.24232	0.17208	0.07295	0.02344	0.07149	0.02797	0.02132	0.02931	0.05644	0.06289	0.02165	0.01135	0.00975	0.00312	0.01269	0.00985	0.00512	0.01280

[dist]
# distance from previous block
# <min> <max>
0	22

[block]
# block no. 2 follows, 15 sequences, length 13
# corresponding to MSA columns:
# 146-158
name=unknown_C
#
# <colnr> <probs for GDERKNQSTAVLIFYWHMCP>
#	G	D	E	R	K	N	Q	S	T	A	V	L	I	F	Y	W	H	M	C	P
0	0.01576	0.01126	0.01572	0.01801	0.02018	0.01121	0.01554	0.02013	0.02265	0.02950	0.05295	0.15324	0.05803	0.02782	0.01369	0.00455	0.00892	0.48255	0.00919	0.00910
1	0.02921	0.03330	0.04648	0.03504	0.04340	0.20436	0.33336	0.08866	0.02740	0.03284	0.01911	0.02386	0.01462	0.00935	0.01073	0.00308	0.01656	0.00984	0.00558	0.01323
2	0.08583	0.13842	0.11898	0.01898	0.02784	0.02105	0.01833	0.04111	0.02502	0.36229	0.02949	0.02737	0.01962	0.01097	0.00900	0.00292	0.00981	0.00842	0.00914	0.01541
3	0.02143	0.16251	0.06135	0.02696	0.16454	0.02214	0.01822	0.02884	0.08298	0.03240	0.10252	0.03924	0.08684	0.01286	0.00918	0.00282	0.00879	0.01075	0.09298	0.01267
4	0.01548	0.01241	0.01321	0.01248	0.01627	0.01149	0.00975	0.08174	0.02605	0.03238	0.11687	0.08704	0.44270	0.02349	0.01171	0.00340	0.00608	0.05841	0.00944	0.00959
5	0.02873	0.07824	0.28642	0.02551	0.03540	0.23282	0.02652	0.03701	0.05637	0.07317	0.01980	0.02163	0.01470	0.01017	0.00922	0.00290	0.01478	0.00736	0.00553	0.01373
6	0.02850	0.02951	0.17622	0.06292	0.10766	0.02216	0.14099	0.06737	0.05895	0.16719	0.02532	0.02728	0.01781	0.01027	0.01025	0.00317	0.01263	0.00956	0.00712	0.01512
7	0.01900	0.01219	0.01550	0.01399	0.01734	0.01165	0.01072	0.02604	0.08455	0.10860	0.45885	0.06558	0.07888	0.01867	0.01138	0.00315	0.00550	0.01634	0.01106	0.01100
8	0.03600	0.03532	0.03055	0.02877	0.09959	0.26393	0.02051	0.28165	0.03636	0.04356	0.01985	0.02162	0.01515	0.01090	0.00956	0.00282	0.01391	0.00793	0.00740	0.01463
9	0.02272	0.02092	0.03184	0.18191	0.28838	0.02280	0.02492	0.03443	0.16210	0.03364	0.05604	0.03115	0.02338	0.01098	0.01007	0.00316	0.01077	0.01001	0.00649	0.01431
10	0.02224	0.01847	0.07789	0.01731	0.02224	0.01554	0.01472	0.10988	0.06604	0.10456	0.13771	0.23140	0.08044	0.02010	0.01121	0.00342	0.00779	0.01741	0.00958	0.01207
11	0.04473	0.01697	0.02313	0.01774	0.02545	0.01465	0.01465	0.04858	0.02853	0.59437	0.03933	0.03393	0.02468	0.01234	0.01003	0.00308	0.00848	0.01003	0.01234	0.01697
12	0.02090	0.09036	0.10875	0.29875	0.08229	0.02627	0.02651	0.02669	0.01913	0.02614	0.01625	0.02343	0.01325	0.01154	0.01517	0.00341	0.16649	0.00826	0.00440	0.01199

[dist]
# distance from previous block
# <min> <max>
0	23

[block]
# block no. 3 follows, 15 sequences, length 56
# corresponding to MSA columns:
# 182-237
name=unknown_D
#
# <colnr> <probs for GDERKNQSTAVLIFYWHMCP>
#	G	D	E	R	K	N	Q	S	T	A	V	L	I	F	Y	W	H	M	C	P
0	0.07788	0.03216	0.26336	0.09608	0.03770	0.02078	0.02534	0.03775	0.08247	0.19019	0.02604	0.02673	0.01788	0.01076	0.00952	0.00318	0.01156	0.00857	0.00730	0.01474
1	0.02553	0.01309	0.01583	0.01371	0.01832	0.01205	0.01077	0.03116	0.06484	0.22347	0.15172	0.05579	0.16000	0.01659	0.01016	0.00303	0.00627	0.01386	0.14163	0.01218
2	0.02606	0.02322	0.03927	0.05818	0.54861	0.02306	0.02949	0.03184	0.02310	0.07141	0.02017	0.02531	0.01641	0.00912	0.00988	0.00297	0.01161	0.00896	0.00545	0.01587
3	0.01926	0.04539	0.02173	0.10944	0.10769	0.01469	0.01601	0.02262	0.02084	0.08928	0.04052	0.36545	0.04382	0.02169	0.01130	0.00358	0.00829	0.01952	0.00802	0.01086
4	0.02030	0.01922	0.03256	0.48380	0.19906	0.02253	0.02842	0.02676	0.02063	0.02725	0.01798	0.02610	0.01392	0.00969	0.00994	0.00323	0.01293	0.00887	0.00456	0.01226
5	0.01246	0.00931	0.01158	0.01273	0.01432	0.00843	0.00889	0.01497	0.02177	0.02871	0.17169	0.40173	0.19173	0.02766	0.01231	0.00371	0.00540	0.02457	0.00960	0.00843
6	0.02586	0.04076	0.40136	0.02788	0.04047	0.02157	0.09989	0.03533	0.02301	0.15445	0.02287	0.02463	0.01559	0.00996	0.00989	0.00317	0.01364	0.00853	0.00609	0.01505
7	0.03506	0.08097	0.11173	0.06076	0.03300	0.26664	0.02081	0.03963	0.02618	0.19717	0.02301	0.02363	0.01640	0.01063	0.00925	0.00283	0.01382	0.00772	0.00706	0.01371
8	0.01266	0.00904	0.01216	0.01447	0.01528	0.00854	0.01015	0.01477	0.01960	0.02603	0.05466	0.57310	0.06480	0.03074	0.01286	0.00412	0.00623	0.09329	0.00924	0.00824
9	0.02665	0.65565	0.05224	0.01706	0.02559	0.03945	0.01706	0.02985	0.02026	0.02345	0.01386	0.01599	0.01279	0.00853	0.00640	0.00213	0.01066	0.00533	0.00426	0.01279
10	0.02310	0.02956	0.19615	0.20512	0.24888	0.02248	0.03047	0.03070	0.02186	0.06918	0.01964	0.02480	0.01481	0.00959	0.00979	0.00313	0.01284	0.00852	0.00510	0.01426
11	0.10856	0.24508	0.13240	0.01956	0.02770	0.05913	0.01912	0.05796	0.09459	0.06710	0.02306	0.06464	0.01946	0.01150	0.00837	0.00284	0.01059	0.00859	0.00641	0.01335
12	0.03397	0.04103	0.02616	0.02393	0.02867	0.49019	0.01792	0.07197	0.02833	0.02720	0.02122	0.10091	0.02013	0.01316	0.00955	0.00279	0.01588	0.00949	0.00601	0.01147
13	0.02627	0.07508	0.37049	0.02981	0.11021	0.02234	0.03014	0.03497	0.02282	0.15134	0.02235	0.02399	0.01563	0.00995	0.00947	0.00306	0.01278	0.00802	0.00604	0.01524
14	0.02973	0.02437	0.10914	0.15807	0.08361	0.02039	0.14188	0.03636	0.02416	0.23192	0.02610	0.02842	0.01787	0.01032	0.01032	0.00320	0.01244	0.00973	0.00741	0.01454
15	0.03980	0.01688	0.02223	0.01771	0.02450	0.01529	0.01434	0.09071	0.02898	0.47018	0.03997	0.11342	0.02941	0.01480	0.01038	0.00320	0.00836	0.01235	0.01171	0.01579
16	0.01914	0.01406	0.01923	0.02260	0.10911	0.01397	0.01417	0.05961	0.06295	0.06762	0.12157	0.33738	0.05349	0.02230	0.01158	0.00356	0.00728	0.02002	0.00911	0.01123
17	0.02466	0.02324	0.03848	0.12910	0.40682	0.02412	0.06578	0.06446	0.06172	0.03412	0.02055	0.02590	0.01650	0.00951	0.01004	0.00307	0.01206	0.00926	0.00555	0.01507
18	0.06601	0.02462	0.10588	0.15761	0.16687	0.02225	0.06240	0.10830	0.02484	0.03534	0.02412	0.11123	0.02174	0.01280	0.01016	0.00326	0.01164	0.01143	0.00621	0.01329
19	0.22044	0.02119	0.02936	0.03848	0.31391	0.02129	0.02141	0.03057	0.02117	0.07069	0.01851	0.02230	0.01479	0.00899	0.00849	0.00279	0.00985	0.00756	0.00588	0.11233
20	0.43172	0.01929	0.02176	0.02692	0.18156	0.02102	0.01629	0.02800	0.01937	0.03959	0.04873	0.06705	0.02068	0.01133	0.00800	0.00312	0.00860	0.00873	0.00630	0.01196
21	0.02115	0.01569	0.02538	0.02223	0.06340	0.01460	0.13500	0.02564	0.02245	0.10505	0.04887	0.05249	0.18301	0.06418	0.04557	0.00427	0.01011	0.01375	0.11593	0.01121
22	0.40069	0.02021	0.02158	0.01736	0.02442	0.02149	0.04389	0.10415	0.02453	0.20058	0.02271	0.02280	0.01575	0.01043	0.00807	0.00309	0.00888	0.00753	0.00834	0.01349
23	0.02409	0.01754	0.02598	0.01957	0.02706	0.01469	0.10637	0.02880	0.02317	0.13830	0.06624	0.07609	0.06598	0.01225	0.00961	0.00253	0.00880	0.01111	0.00776	0.31406
24	0.57232	0.10399	0.02087	0.01444	0.02107	0.02532	0.01229	0.07264	0.01986	0.04341	0.01471	0.01681	0.01157	0.00938	0.00651	0.00295	0.00837	0.00568	0.00623	0.01157
25	0.12724	0.02644	0.02751	0.02150	0.02911	0.02946	0.01770	0.45822	0.07078	0.05931	0.02349	0.02362	0.01686	0.01169	0.00948	0.00302	0.01038	0.00863	0.00948	0.01608
26	0.04045	0.02383	0.02738	0.02099	0.02887	0.02484	0.01734	0.36534	0.04002	0.26139	0.02968	0.02767	0.01984	0.01211	0.00999	0.00303	0.01004	0.00937	0.01086	0.01696
27	0.03117	0.03636	0.19597	0.02706	0.03689	0.09745	0.09361	0.24632	0.03316	0.07366	0.02150	0.02331	0.01539	0.01060	0.00995	0.00304	0.01353	0.00863	0.00721	0.01520
28	0.02074	0.04574	0.48342	0.03258	0.11377	0.02376	0.03492	0.03089	0.02085	0.03115	0.01766	0.02158	0.01308	0.00997	0.01120	0.00322	0.05890	0.00766	0.00432	0.01460
29	0.01945	0.01893	0.03372	0.54865	0.06647	0.02255	0.09680	0.02632	0.02041	0.02632	0.01804	0.02662	0.01353	0.00976	0.01020	0.00333	0.01375	0.00924	0.00451	0.01139
30	0.02480	0.02141	0.02254	0.02029	0.02592	0.02480	0.01578	0.05297	0.56946	0.04170	0.04057	0.03719	0.03043	0.01352	0.01014	0.00338	0.00789	0.01127	0.01014	0.01578
31	0.01883	0.01772	0.02990	0.62569	0.06866	0.02215	0.02769	0.02547	0.01993	0.02547	0.01772	0.02658	0.01329	0.00997	0.00997	0.00332	0.01329	0.00886	0.00443	0.01107
32	0.02724	0.02471	0.09859	0.02097	0.02812	0.02301	0.01838	0.04947	0.41342	0.12583	0.03739	0.03456	0.02719	0.01281	0.01004	0.00331	0.00888	0.01056	0.00970	0.01582
33	0.03676	0.01940	0.02338	0.01906	0.02600	0.01959	0.01537	0.08519	0.23320	0.34981	0.03873	0.03447	0.02631	0.01276	0.01007	0.00319	0.00843	0.01042	0.01135	0.01652
34	0.01215	0.00989	0.01075	0.01101	0.01381	0.00850	0.00808	0.01484	0.02289	0.02842	0.15739	0.17773	0.43880	0.02553	0.01192	0.00344	0.00512	0.02177	0.00948	0.00850
35	0.03049	0.02207	0.02414	0.02044	0.02687	0.02451	0.01626	0.15469	0.38071	0.12980	0.03699	0.03399	0.02681	0.01303	0.01009	0.00326	0.00861	0.01061	0.01044	0.01620
36	0.18919	0.02463	0.02390	0.01926	0.02637	0.09951	0.01565	0.18765	0.03121	0.24734	0.02622	0.02510	0.01788	0.01129	0.00903	0.00299	0.01028	0.00824	0.00937	0.01490
37	0.24625	0.02079	0.02252	0.01783	0.02515	0.02162	0.01472	0.18720	0.03029	0.27694	0.02726	0.02573	0.01829	0.01130	0.00885	0.00306	0.00896	0.00833	0.00980	0.01510
38	0.01243	0.00888	0.01189	0.01420	0.01491	0.00834	0.00975	0.01437	0.01937	0.02577	0.05479	0.60481	0.06532	0.03097	0.01280	0.00409	0.00603	0.06388	0.00925	0.00818
39	0.02467	0.02369	0.04046	0.06119	0.58747	0.02369	0.03059	0.03059	0.02270	0.03257	0.01875	0.02467	0.01579	0.00888	0.00987	0.00296	0.01184	0.00888	0.00493	0.01579
40	0.02275	0.02059	0.03064	0.12368	0.27890	0.02219	0.02403	0.03498	0.17907	0.03382	0.02932	0.04003	0.02508	0.01281	0.01047	0.00335	0.01057	0.07656	0.00691	0.01425
41	0.02467	0.02369	0.04046	0.06119	0.58747	0.02369	0.03059	0.03059	0.02270	0.03257	0.01875	0.02467	0.01579	0.00888	0.00987	0.00296	0.01184	0.00888	0.00493	0.01579
42	0.01215	0.00868	0.01157	0.01388	0.01446	0.00810	0.00925	0.01388	0.01909	0.02545	0.05495	0.64315	0.06593	0.03123	0.01272	0.00405	0.00578	0.02834	0.00925	0.00810
43	0.02425	0.02326	0.03971	0.10165	0.55028	0.02358	0.03039	0.03023	0.02250	0.03206	0.01868	0.02481	0.01561	0.00896	0.00988	0.00299	0.01195	0.00888	0.00490	0.01545
44	0.02442	0.39975	0.20703	0.02208	0.03228	0.03288	0.05565	0.03207	0.05868	0.02757	0.01725	0.01958	0.01411	0.00914	0.00787	0.00259	0.01202	0.00672	0.00470	0.01360
45	0.01837	0.01803	0.03383	0.02723	0.03195	0.01805	0.23750	0.02334	0.02137	0.02922	0.06876	0.24303	0.04002	0.01923	0.01455	0.00378	0.07972	0.05416	0.00706	0.01080
46	0.01574	0.01124	0.01569	0.01799	0.02014	0.01120	0.01550	0.02010	0.02263	0.02947	0.05296	0.15619	0.05808	0.02784	0.01368	0.00455	0.00890	0.47982	0.00919	0.00909
47	0.38189	0.01972	0.02458	0.01930	0.02661	0.02024	0.09882	0.03619	0.02190	0.22694	0.02342	0.02386	0.01614	0.01015	0.00836	0.00313	0.00943	0.00797	0.00806	0.01329
48	0.01999	0.05157	0.59800	0.02841	0.04315	0.02315	0.03683	0.03157	0.02105	0.03157	0.01789	0.02105	0.01263	0.00947	0.00947	0.00316	0.01473	0.00737	0.00421	0.01473
49	0.01450	0.00966	0.01087	0.01087	0.01087	0.00966	0.00604	0.01450	0.01450	0.01933	0.03141	0.06524	0.03624	0.64965	0.05074	0.00966	0.00966	0.01450	0.00604	0.00604
50	0.07315	0.02601	0.04476	0.03270	0.04173	0.02599	0.31815	0.19033	0.03051	0.08269	0.02229	0.02584	0.01609	0.00981	0.01075	0.00321	0.01388	0.01040	0.00713	0.01459
51	0.02521	0.24032	0.13593	0.02194	0.02970	0.15874	0.05815	0.03041	0.02399	0.02893	0.12610	0.02951	0.02878	0.01139	0.00896	0.00270	0.01232	0.00887	0.00582	0.01224
52	0.01231	0.00880	0.01171	0.01377	0.01449	0.00821	0.00927	0.01429	0.01984	0.02665	0.09840	0.59628	0.06825	0.03034	0.01264	0.00397	0.00569	0.02749	0.00940	0.00821
53	0.01883	0.01772	0.02990	0.62569	0.06866	0.02215	0.02769	0.02547	0.01993	0.02547	0.01772	0.02658	0.01329	0.00997	0.00997	0.00332	0.01329	0.00886	0.00443	0.01107
54	0.03110	0.03277	0.19189	0.02442	0.03383	0.06552	0.05615	0.15137	0.11698	0.15379	0.02716	0.02703	0.01904	0.01123	0.00991	0.00311	0.01192	0.00909	0.00817	0.01552
55	0.02109	0.02071	0.03715	0.38675	0.20305	0.02303	0.10913	0.02782	0.02122	0.02834	0.01837	0.02612	0.01423	0.00944	0.01022	0.00323	0.01345	0.00931	0.00466	0.01268

[dist]
# distance from previous block
# <min> <max>
0	35

[block]
# block no. 4 follows, 15 sequences, length 142
# corresponding to MSA columns:
# 273-414
name=unknown_E
#
# <colnr> <probs for GDERKNQSTAVLIFYWHMCP>
#	G	D	E	R	K	N	Q	S	T	A	V	L	I	F	Y	W	H	M	C	P
0	0.01236	0.00935	0.01141	0.01252	0.01423	0.00841	0.00877	0.01481	0.02167	0.02826	0.15451	0.38576	0.22652	0.02766	0.01228	0.00369	0.00539	0.02446	0.00953	0.00841
1	0.02372	0.02648	0.04617	0.18998	0.05238	0.08936	0.32353	0.03063	0.02260	0.02893	0.01856	0.02550	0.01427	0.00959	0.01233	0.00333	0.05510	0.01023	0.00485	0.01246
2	0.07363	0.05904	0.13237	0.02216	0.03056	0.02278	0.06146	0.12303	0.12077	0.15836	0.07102	0.03105	0.02536	0.01188	0.00978	0.00311	0.01036	0.00981	0.00860	0.01488
3	0.01999	0.05157	0.59800	0.02841	0.04315	0.02315	0.03683	0.03157	0.02105	0.03157	0.01789	0.02105	0.01263	0.00947	0.00947	0.00316	0.01473	0.00737	0.00421	0.01473
4	0.01500	0.01180	0.01749	0.01705	0.01865	0.01428	0.01340	0.01843	0.01595	0.02323	0.02533	0.03741	0.02373	0.06899	0.55191	0.01485	0.08769	0.01048	0.00524	0.00910
5	0.02074	0.01968	0.03336	0.44059	0.23877	0.02265	0.02864	0.02715	0.02084	0.02780	0.01806	0.02595	0.01411	0.00961	0.00993	0.00320	0.01281	0.00887	0.00460	0.01262
6	0.02256	0.04798	0.53845	0.02731	0.04131	0.02227	0.03453	0.03333	0.02182	0.08987	0.02011	0.02238	0.01388	0.00977	0.00953	0.00315	0.01409	0.00764	0.00505	0.01496
7	0.01342	0.01001	0.01248	0.01218	0.01455	0.00907	0.00901	0.01737	0.02614	0.03577	0.42806	0.13782	0.19235	0.02251	0.01186	0.00328	0.00489	0.01972	0.01044	0.00907
8	0.01387	0.01018	0.01300	0.01230	0.01475	0.00931	0.00922	0.01836	0.02766	0.03866	0.53367	0.07663	0.14342	0.02087	0.01176	0.00316	0.00474	0.01833	0.01080	0.00931
9	0.09252	0.04822	0.53757	0.02683	0.04067	0.02307	0.03414	0.03134	0.02062	0.03293	0.01747	0.02054	0.01244	0.00945	0.00913	0.00315	0.01401	0.00716	0.00441	0.01433
10	0.01902	0.01799	0.02994	0.58639	0.06587	0.02270	0.02730	0.02537	0.01963	0.02537	0.01742	0.02627	0.01328	0.01046	0.01146	0.00339	0.05381	0.00885	0.00443	0.01106
11	0.01883	0.01772	0.02990	0.62569	0.06866	0.02215	0.02769	0.02547	0.01993	0.02547	0.01772	0.02658	0.01329	0.00997	0.00997	0.00332	0.01329	0.00886	0.00443	0.01107
12	0.01478	0.01107	0.01435	0.01429	0.01637	0.01145	0.01068	0.02008	0.06444	0.03024	0.20861	0.12251	0.08927	0.10103	0.19085	0.00777	0.01226	0.04235	0.00838	0.00921
13	0.01528	0.01204	0.01883	0.01709	0.01917	0.01290	0.06625	0.01822	0.01632	0.02285	0.02751	0.04612	0.02748	0.24922	0.37171	0.01270	0.02030	0.01200	0.00553	0.00847
14	0.03390	0.01938	0.02281	0.01912	0.02571	0.02016	0.01526	0.05097	0.32224	0.29429	0.04001	0.03570	0.02780	0.01298	0.01009	0.00325	0.00816	0.01070	0.01115	0.01632
15	0.01367	0.01003	0.01281	0.01242	0.01470	0.00917	0.00920	0.01785	0.02673	0.03716	0.47917	0.13405	0.14192	0.02198	0.01186	0.00325	0.00485	0.01938	0.01062	0.00917
16	0.02480	0.02141	0.02254	0.02029	0.02592	0.02480	0.01578	0.05297	0.56946	0.04170	0.04057	0.03719	0.03043	0.01352	0.01014	0.00338	0.00789	0.01127	0.01014	0.01578
17	0.72007	0.01928	0.01465	0.01311	0.01928	0.02236	0.01080	0.02930	0.01697	0.04473	0.01388	0.01619	0.01080	0.00925	0.00617	0.00308	0.00771	0.00540	0.00617	0.01080
18	0.02411	0.03153	0.17540	0.03229	0.04227	0.02507	0.26433	0.07747	0.15118	0.03652	0.02465	0.02767	0.01822	0.01012	0.01071	0.00329	0.01380	0.01039	0.00641	0.01456
19	0.02555	0.02342	0.07848	0.02923	0.07516	0.02412	0.10960	0.03029	0.02100	0.12661	0.06405	0.02903	0.02193	0.01398	0.02001	0.00367	0.27444	0.01009	0.00641	0.01295
20	0.03376	0.01463	0.01948	0.01595	0.02187	0.01280	0.01295	0.03769	0.02760	0.39638	0.15569	0.05239	0.09670	0.01604	0.01074	0.00320	0.00741	0.03895	0.01159	0.01418
21	0.02755	0.25413	0.12369	0.02327	0.07363	0.02884	0.02064	0.12733	0.05254	0.06245	0.01974	0.02141	0.01546	0.00961	0.00828	0.00253	0.01077	0.00718	0.00624	0.10471
22	0.02296	0.14073	0.46957	0.02584	0.03908	0.02496	0.03207	0.03265	0.02152	0.07479	0.01897	0.02130	0.01360	0.00955	0.00905	0.00300	0.01362	0.00727	0.00486	0.01461
23	0.02072	0.08814	0.52675	0.02984	0.07771	0.02422	0.03517	0.03140	0.02111	0.03112	0.01769	0.02096	0.01285	0.00937	0.00930	0.00308	0.01428	0.00734	0.00426	0.01468
24	0.02308	0.14824	0.26875	0.03075	0.12547	0.02659	0.05324	0.03537	0.13026	0.03231	0.02193	0.02422	0.01683	0.00996	0.00923	0.00300	0.01227	0.00824	0.00556	0.01470
25	0.01229	0.00978	0.01104	0.01144	0.01396	0.00852	0.00831	0.01503	0.02287	0.02897	0.17820	0.22114	0.37173	0.02577	0.01200	0.00349	0.00516	0.02221	0.00957	0.00852
26	0.02402	0.41639	0.26840	0.02156	0.03254	0.03299	0.02489	0.03053	0.02057	0.02667	0.01546	0.01799	0.01273	0.00890	0.00761	0.00254	0.01227	0.00614	0.00424	0.01356
27	0.02347	0.02041	0.03128	0.33301	0.13189	0.02455	0.02545	0.08040	0.02256	0.05770	0.01864	0.02545	0.01455	0.01159	0.01443	0.00343	0.13423	0.00890	0.00544	0.01263
28	0.01428	0.01022	0.01394	0.01572	0.01739	0.00987	0.01242	0.01783	0.02239	0.02990	0.14209	0.30329	0.06669	0.02771	0.01304	0.00415	0.00717	0.25357	0.00951	0.00882
29	0.01178	0.01010	0.01010	0.01010	0.01347	0.00842	0.00757	0.01431	0.02272	0.02693	0.10099	0.09594	0.58342	0.02525	0.01178	0.00337	0.00505	0.02104	0.00926	0.00842
30	0.02083	0.12722	0.52965	0.02699	0.04095	0.02519	0.03436	0.03136	0.02095	0.03055	0.01739	0.02041	0.01265	0.00935	0.00909	0.00303	0.01422	0.00711	0.00422	0.01449
31	0.02814	0.02607	0.02423	0.02140	0.02722	0.11333	0.01666	0.10727	0.42950	0.04147	0.03493	0.03282	0.02628	0.01286	0.00995	0.00322	0.00975	0.01028	0.00937	0.01528
32	0.72007	0.01928	0.01465	0.01311	0.01928	0.02236	0.01080	0.02930	0.01697	0.04473	0.01388	0.01619	0.01080	0.00925	0.00617	0.00308	0.00771	0.00540	0.00617	0.01080
33	0.02314	0.10720	0.48660	0.02623	0.03964	0.02389	0.03266	0.03312	0.02172	0.08754	0.01966	0.02185	0.01386	0.00967	0.00923	0.00305	0.01370	0.00744	0.00503	0.01477
34	0.03782	0.08954	0.03112	0.02154	0.02953	0.02926	0.01809	0.42300	0.04135	0.14121	0.02530	0.02468	0.01773	0.01168	0.00962	0.00292	0.01055	0.00877	0.00976	0.01654
35	0.01999	0.05157	0.59800	0.02841	0.04315	0.02315	0.03683	0.03157	0.02105	0.03157	0.01789	0.02105	0.01263	0.00947	0.00947	0.00316	0.01473	0.00737	0.00421	0.01473
36	0.02903	0.03009	0.02817	0.02426	0.03017	0.20805	0.07112	0.07991	0.27985	0.03614	0.03010	0.03311	0.02383	0.01261	0.01012	0.00316	0.01224	0.03609	0.00800	0.01396
37	0.01350	0.01049	0.01259	0.01372	0.01638	0.00958	0.01107	0.01675	0.02243	0.02791	0.07735	0.15909	0.32388	0.02676	0.01266	0.00392	0.00674	0.21727	0.00923	0.00868
38	0.01450	0.00966	0.01087	0.01087	0.01087	0.00966	0.00604	0.01450	0.01450	0.01933	0.03141	0.06524	0.03624	0.64965	0.05074	0.00966	0.00966	0.01450	0.00604	0.00604
39	0.02532	0.02578	0.05415	0.04203	0.10399	0.02422	0.45636	0.03311	0.02384	0.07642	0.02154	0.02722	0.01595	0.00876	0.01144	0.00330	0.01565	0.01134	0.00561	0.01396
40	0.02458	0.02365	0.03949	0.05281	0.44504	0.02401	0.08078	0.03425	0.10888	0.03394	0.02233	0.02687	0.01803	0.00957	0.01010	0.00307	0.01172	0.00955	0.00577	0.01555
41	0.04473	0.01697	0.02313	0.01774	0.02545	0.01465	0.01465	0.04858	0.02853	0.59437	0.03933	0.03393	0.02468	0.01234	0.01003	0.00308	0.00848	0.01003	0.01234	0.01697
42	0.01240	0.00992	0.01080	0.01132	0.01382	0.00870	0.00824	0.01468	0.02131	0.02610	0.08337	0.18001	0.41076	0.09103	0.01610	0.00421	0.00591	0.05424	0.00892	0.00817
43	0.01527	0.01308	0.01390	0.01571	0.01699	0.07087	0.01121	0.01748	0.02056	0.02593	0.05056	0.50667	0.05928	0.02856	0.01248	0.00397	0.00751	0.09255	0.00882	0.00860
44	0.02067	0.11249	0.54296	0.02727	0.04138	0.02480	0.03484	0.03140	0.02097	0.03075	0.01748	0.02054	0.01264	0.00938	0.00916	0.00305	0.01432	0.00716	0.00421	0.01454
45	0.02316	0.02618	0.05657	0.08756	0.05339	0.02497	0.51041	0.03143	0.02325	0.03143	0.01998	0.02687	0.01498	0.00853	0.01162	0.00336	0.01653	0.01154	0.00499	0.01326
46	0.72007	0.01928	0.01465	0.01311	0.01928	0.02236	0.01080	0.02930	0.01697	0.04473	0.01388	0.01619	0.01080	0.00925	0.00617	0.00308	0.00771	0.00540	0.00617	0.01080
47	0.01883	0.01772	0.02990	0.62569	0.06866	0.02215	0.02769	0.02547	0.01993	0.02547	0.01772	0.02658	0.01329	0.00997	0.00997	0.00332	0.01329	0.00886	0.00443	0.01107
48	0.72007	0.01928	0.01465	0.01311	0.01928	0.02236	0.01080	0.02930	0.01697	0.04473	0.01388	0.01619	0.01080	0.00925	0.00617	0.00308	0.00771	0.00540	0.00617	0.01080
49	0.01908	0.01904	0.03614	0.14742	0.04157	0.02014	0.22915	0.02476	0.02021	0.02753	0.02590	0.12976	0.02455	0.02397	0.11046	0.00560	0.06445	0.01350	0.00561	0.01116
50	0.01319	0.01015	0.01206	0.01158	0.01433	0.00902	0.00869	0.01704	0.02606	0.03484	0.39287	0.08291	0.28660	0.02230	0.01177	0.00323	0.00484	0.01921	0.01030	0.00902
51	0.01276	0.00911	0.01227	0.01458	0.01542	0.00862	0.01031	0.01493	0.01969	0.02613	0.05461	0.56059	0.06460	0.03066	0.01289	0.00413	0.00631	0.10488	0.00924	0.00827
52	0.02619	0.61363	0.09021	0.01785	0.02681	0.03831	0.01843	0.02997	0.02031	0.02402	0.01414	0.01634	0.01278	0.00859	0.00661	0.00220	0.01094	0.00547	0.00426	0.01293
53	0.02369	0.02025	0.02159	0.01948	0.02478	0.02320	0.01512	0.04943	0.51339	0.04152	0.09669	0.04105	0.03702	0.01424	0.01031	0.00336	0.00756	0.01197	0.01023	0.01512
54	0.01292	0.00927	0.01226	0.01335	0.01463	0.00861	0.00931	0.01582	0.02268	0.03116	0.26240	0.41940	0.07700	0.02696	0.01234	0.00369	0.00536	0.02428	0.00993	0.00861
55	0.04105	0.02527	0.08192	0.02006	0.02808	0.10920	0.01762	0.04549	0.02773	0.44785	0.03340	0.03012	0.02160	0.01172	0.00981	0.00301	0.01061	0.00919	0.01038	0.01589
56	0.01999	0.05157	0.59800	0.02841	0.04315	0.02315	0.03683	0.03157	0.02105	0.03157	0.01789	0.02105	0.01263	0.00947	0.00947	0.00316	0.01473	0.00737	0.00421	0.01473
57	0.01178	0.01010	0.01010	0.01010	0.01347	0.00842	0.00757	0.01431	0.02272	0.02693	0.10099	0.09594	0.58342	0.02525	0.01178	0.00337	0.00505	0.02104	0.00926	0.00842
58	0.02219	0.02677	0.09487	0.17290	0.05514	0.02436	0.39226	0.03044	0.02252	0.03044	0.01943	0.02636	0.01451	0.00884	0.01118	0.00334	0.01585	0.01076	0.00484	0.01301
59	0.02051	0.09870	0.55541	0.02753	0.04178	0.02442	0.03529	0.03144	0.02099	0.03094	0.01758	0.02065	0.01264	0.00940	0.00923	0.00308	0.01442	0.00721	0.00421	0.01458
60	0.01883	0.01772	0.02990	0.62569	0.06866	0.02215	0.02769	0.02547	0.01993	0.02547	0.01772	0.02658	0.01329	0.00997	0.00997	0.00332	0.01329	0.00886	0.00443	0.01107
61	0.07788	0.02335	0.02890	0.16063	0.03571	0.08799	0.02200	0.02638	0.01780	0.02601	0.01444	0.02205	0.01293	0.01437	0.02302	0.00384	0.37885	0.00825	0.00460	0.01100
62	0.02310	0.20914	0.08118	0.20714	0.09648	0.07392	0.02334	0.02818	0.02043	0.02571	0.01691	0.02283	0.01420	0.01500	0.05721	0.00393	0.05691	0.00765	0.00454	0.01220
63	0.04473	0.01697	0.02313	0.01774	0.02545	0.01465	0.01465	0.04858	0.02853	0.59437	0.03933	0.03393	0.02468	0.01234	0.01003	0.00308	0.00848	0.01003	0.01234	0.01697
64	0.01374	0.01018	0.01282	0.01216	0.01467	0.00925	0.00912	0.01810	0.02735	0.03792	0.50643	0.07785	0.17112	0.02115	0.01176	0.00317	0.00476	0.01850	0.01070	0.00925
65	0.01978	0.01788	0.02942	0.19281	0.27932	0.01891	0.02410	0.02494	0.02132	0.02906	0.02930	0.15383	0.02949	0.01557	0.01089	0.00345	0.01075	0.07072	0.00612	0.01235
66	0.02163	0.20012	0.39403	0.02571	0.03795	0.02673	0.06628	0.03053	0.02137	0.02996	0.04488	0.02281	0.01686	0.00970	0.00897	0.00291	0.01336	0.00769	0.00461	0.01389
67	0.01215	0.00868	0.01157	0.01388	0.01446	0.00810	0.00925	0.01388	0.01909	0.02545	0.05495	0.64315	0.06593	0.03123	0.01272	0.00405	0.00578	0.02834	0.00925	0.00810
68	0.01999	0.05157	0.59800	0.02841	0.04315	0.02315	0.03683	0.03157	0.02105	0.03157	0.01789	0.02105	0.01263	0.00947	0.00947	0.00316	0.01473	0.00737	0.00421	0.01473
69	0.02065	0.02024	0.03670	0.36968	0.15715	0.02238	0.13111	0.02739	0.02134	0.02831	0.02055	0.03159	0.01683	0.01054	0.01054	0.00334	0.01347	0.04097	0.00494	0.01229
70	0.03210	0.02565	0.03300	0.09492	0.19756	0.02792	0.02324	0.34769	0.03708	0.05021	0.02179	0.02442	0.01624	0.01086	0.00994	0.00302	0.01146	0.00894	0.00794	0.01602
71	0.01215	0.00868	0.01157	0.01388	0.01446	0.00810	0.00925	0.01388	0.01909	0.02545	0.05495	0.64315	0.06593	0.03123	0.01272	0.00405	0.00578	0.02834	0.00925	0.00810
72	0.01306	0.00933	0.01261	0.01492	0.01590	0.00888	0.01083	0.01545	0.01998	0.02647	0.05444	0.51999	0.06395	0.03037	0.01297	0.00417	0.00657	0.14253	0.00924	0.00835
73	0.02162	0.19861	0.46515	0.02565	0.03887	0.02712	0.03202	0.03115	0.02085	0.02959	0.01691	0.01982	0.01267	0.00924	0.00872	0.00291	0.01374	0.00687	0.00422	0.01426
74	0.01215	0.00868	0.01157	0.01388	0.01446	0.00810	0.00925	0.01388	0.01909	0.02545	0.05495	0.64315	0.06593	0.03123	0.01272	0.00405	0.00578	0.02834	0.00925	0.00810
75	0.02424	0.02586	0.03017	0.02610	0.02690	0.12172	0.02141	0.02648	0.01731	0.02406	0.01345	0.02121	0.01305	0.01632	0.02898	0.00408	0.53481	0.00836	0.00448	0.01101
76	0.02353	0.02689	0.05882	0.04202	0.05210	0.02521	0.55126	0.03193	0.02353	0.03193	0.02017	0.02689	0.01513	0.00840	0.01176	0.00336	0.01681	0.01176	0.00504	0.01345
77	0.01197	0.01011	0.01036	0.01029	0.01358	0.00849	0.00772	0.01466	0.02316	0.02797	0.13922	0.09423	0.54455	0.02486	0.01178	0.00335	0.00502	0.02080	0.00939	0.00849
78	0.01450	0.00966	0.01087	0.01087	0.01087	0.00966	0.00604	0.01450	0.01450	0.01933	0.03141	0.06524	0.03624	0.64965	0.05074	0.00966	0.00966	0.01450	0.00604	0.00604
79	0.01215	0.00868	0.01157	0.01388	0.01446	0.00810	0.00925	0.01388	0.01909	0.02545	0.05495	0.64315	0.06593	0.03123	0.01272	0.00405	0.00578	0.02834	0.00925	0.00810
80	0.02665	0.65565	0.05224	0.01706	0.02559	0.03945	0.01706	0.02985	0.02026	0.02345	0.01386	0.01599	0.01279	0.00853	0.00640	0.00213	0.01066	0.00533	0.00426	0.01279
81	0.01606	0.01147	0.01606	0.01836	0.02065	0.01147	0.01606	0.02065	0.02295	0.02983	0.05278	0.11245	0.05737	0.02754	0.01377	0.00459	0.00918	0.52037	0.00918	0.00918
82	0.04204	0.02128	0.02580	0.01978	0.02760	0.02105	0.01634	0.24753	0.03575	0.38523	0.03327	0.03000	0.02164	0.01219	0.01000	0.00305	0.00946	0.00961	0.01141	0.01696
83	0.01411	0.01019	0.01333	0.01254	0.01489	0.00941	0.00941	0.01881	0.02822	0.03998	0.58221	0.07447	0.09406	0.02038	0.01176	0.00314	0.00470	0.01803	0.01097	0.00941
84	0.01215	0.00868	0.01157	0.01388	0.01446	0.00810	0.00925	0.01388	0.01909	0.02545	0.05495	0.64315	0.06593	0.03123	0.01272	0.00405	0.00578	0.02834	0.00925	0.00810
85	0.01411	0.01019	0.01333	0.01254	0.01489	0.00941	0.00941	0.01881	0.02822	0.03998	0.58221	0.07447	0.09406	0.02038	0.01176	0.00314	0.00470	0.01803	0.01097	0.00941
86	0.02067	0.11249	0.54296	0.02727	0.04138	0.02480	0.03484	0.03140	0.02097	0.03075	0.01748	0.02054	0.01264	0.00938	0.00916	0.00305	0.01432	0.00716	0.00421	0.01454
87	0.04473	0.01697	0.02313	0.01774	0.02545	0.01465	0.01465	0.04858	0.02853	0.59437	0.03933	0.03393	0.02468	0.01234	0.01003	0.00308	0.00848	0.01003	0.01234	0.01697
88	0.02353	0.02689	0.05882	0.04202	0.05210	0.02521	0.55126	0.03193	0.02353	0.03193	0.02017	0.02689	0.01513	0.00840	0.01176	0.00336	0.01681	0.01176	0.00504	0.01345
89	0.72007	0.01928	0.01465	0.01311	0.01928	0.02236	0.01080	0.02930	0.01697	0.04473	0.01388	0.01619	0.01080	0.00925	0.00617	0.00308	0.00771	0.00540	0.00617	0.01080
90	0.02036	0.04901	0.54214	0.02982	0.04407	0.02337	0.09012	0.03161	0.02130	0.03161	0.01813	0.02165	0.01289	0.00936	0.00971	0.00318	0.01495	0.00782	0.00430	0.01460
91	0.01673	0.01233	0.01646	0.01828	0.02082	0.01265	0.01561	0.02358	0.07933	0.03079	0.05165	0.13737	0.05511	0.02631	0.01333	0.00443	0.00884	0.43729	0.00928	0.00980
92	0.01205	0.00904	0.01119	0.01290	0.01420	0.00818	0.00882	0.01399	0.02003	0.02583	0.06684	0.50179	0.19962	0.02969	0.01248	0.00387	0.00559	0.02645	0.00925	0.00818
93	0.02748	0.60820	0.05037	0.01773	0.02599	0.08394	0.01723	0.03063	0.02088	0.02353	0.01398	0.01615	0.01280	0.00866	0.00660	0.00217	0.01123	0.00542	0.00433	0.01270
94	0.03629	0.10529	0.03097	0.02431	0.03031	0.44701	0.01898	0.13224	0.03083	0.03128	0.01680	0.01886	0.01358	0.01040	0.00891	0.00260	0.01597	0.00677	0.00593	0.01266
95	0.01197	0.01011	0.01036	0.01029	0.01358	0.00849	0.00772	0.01466	0.02316	0.02797	0.13922	0.09423	0.54455	0.02486	0.01178	0.00335	0.00502	0.02080	0.00939	0.00849
96	0.02072	0.04652	0.48776	0.03119	0.04498	0.02357	0.14201	0.03164	0.02155	0.03164	0.01836	0.02224	0.01314	0.00925	0.00994	0.00320	0.01516	0.00827	0.00438	0.01447
97	0.03410	0.02833	0.08810	0.03381	0.19826	0.10119	0.02299	0.11988	0.02887	0.20751	0.02531	0.02611	0.01797	0.01067	0.00977	0.00297	0.01180	0.00876	0.00794	0.01565
98	0.02326	0.02609	0.05437	0.03952	0.04802	0.02605	0.46789	0.03068	0.02223	0.03068	0.01905	0.02609	0.01480	0.00983	0.01506	0.00352	0.11359	0.01129	0.00493	0.01305
99	0.01411	0.01019	0.01333	0.01254	0.01489	0.00941	0.00941	0.01881	0.02822	0.03998	0.58221	0.07447	0.09406	0.02038	0.01176	0.00314	0.00470	0.01803	0.01097	0.00941
100	0.14100	0.02328	0.08291	0.01929	0.02756	0.02022	0.01731	0.15406	0.03003	0.33867	0.02998	0.02778	0.01969	0.01150	0.00938	0.00307	0.00956	0.00883	0.01006	0.01582
101	0.02171	0.02067	0.03512	0.34692	0.32487	0.02291	0.02912	0.02800	0.02130	0.02898	0.01823	0.02564	0.01452	0.00943	0.00992	0.00314	0.01257	0.00887	0.00468	0.01340
102	0.03844	0.02706	0.02938	0.02253	0.03048	0.02963	0.01861	0.51429	0.04542	0.10481	0.02515	0.02472	0.01756	0.01200	0.00998	0.00300	0.01077	0.00906	0.01016	0.01695
103	0.01873	0.01262	0.01658	0.06229	0.02135	0.01251	0.01204	0.02587	0.08219	0.09644	0.42675	0.06273	0.07408	0.01803	0.01127	0.00317	0.00609	0.01579	0.01051	0.01096
104	0.06726	0.17374	0.29663	0.02332	0.03349	0.13256	0.02568	0.03157	0.02250	0.03001	0.06037	0.02328	0.01894	0.01026	0.00871	0.00283	0.01325	0.00747	0.00504	0.01308
105	0.01486	0.01150	0.01684	0.01650	0.01802	0.01371	0.01279	0.01808	0.01586	0.02297	0.02593	0.03945	0.02471	0.10679	0.52897	0.01470	0.07338	0.01077	0.00531	0.00888
106	0.01411	0.01019	0.01333	0.01254	0.01489	0.00941	0.00941	0.01881	0.02822	0.03998	0.58221	0.07447	0.09406	0.02038	0.01176	0.00314	0.00470	0.01803	0.01097	0.00941
107	0.02321	0.02797	0.10632	0.04321	0.18013	0.02534	0.29761	0.03049	0.02195	0.03098	0.01862	0.02505	0.01476	0.00985	0.01389	0.00338	0.09841	0.01019	0.00484	0.01382
108	0.13104	0.02219	0.03587	0.06866	0.07579	0.02235	0.19739	0.06379	0.08116	0.16318	0.02563	0.02766	0.01826	0.01027	0.01004	0.00321	0.01179	0.00985	0.00759	0.01428
109	0.72007	0.01928	0.01465	0.01311	0.01928	0.02236	0.01080	0.02930	0.01697	0.04473	0.01388	0.01619	0.01080	0.00925	0.00617	0.00308	0.00771	0.00540	0.00617	0.01080
110	0.02306	0.02153	0.02967	0.02463	0.02946	0.02495	0.10576	0.04019	0.31004	0.03592	0.07372	0.03493	0.02897	0.01410	0.01567	0.00358	0.15068	0.01131	0.00805	0.01378
111	0.02475	0.02653	0.10525	0.01982	0.02591	0.11582	0.01746	0.06202	0.15990	0.07633	0.20758	0.04282	0.04443	0.01445	0.01036	0.00309	0.00973	0.01188	0.00886	0.01301
112	0.03305	0.02577	0.11907	0.02395	0.03124	0.02261	0.06273	0.10735	0.02644	0.26055	0.02643	0.02726	0.01836	0.01268	0.01520	0.00339	0.15129	0.00931	0.00836	0.01496
113	0.01235	0.00883	0.01175	0.01374	0.01450	0.00823	0.00927	0.01439	0.02003	0.02695	0.10957	0.58423	0.06885	0.03011	0.01262	0.00395	0.00567	0.02727	0.00943	0.00823
114	0.01792	0.01664	0.02899	0.02754	0.11453	0.01563	0.15314	0.02349	0.02542	0.03504	0.28547	0.05705	0.12444	0.01609	0.01147	0.00320	0.00901	0.01535	0.00826	0.01133
115	0.03061	0.21576	0.08555	0.02902	0.11954	0.02729	0.09258	0.08751	0.02570	0.15972	0.02257	0.02409	0.01667	0.00985	0.00909	0.00281	0.01154	0.00835	0.00687	0.01487
116	0.04473	0.01697	0.02313	0.01774	0.02545	0.01465	0.01465	0.04858	0.02853	0.59437	0.03933	0.03393	0.02468	0.01234	0.01003	0.00308	0.00848	0.01003	0.01234	0.01697
117	0.02237	0.02134	0.03631	0.28329	0.38334	0.02308	0.02945	0.02858	0.02161	0.02978	0.01835	0.02542	0.01481	0.00931	0.00991	0.00310	0.01241	0.00887	0.00474	0.01394
118	0.02555	0.03261	0.17671	0.09807	0.16190	0.08378	0.16451	0.03305	0.02327	0.07523	0.02009	0.02460	0.01500	0.00943	0.01020	0.00312	0.01435	0.00910	0.00534	0.01410
119	0.01414	0.01126	0.01554	0.01587	0.01714	0.01266	0.01191	0.01673	0.01778	0.02451	0.04336	0.27101	0.09679	0.04601	0.25019	0.00873	0.09229	0.01818	0.00710	0.00880
120	0.02353	0.02689	0.05882	0.04202	0.05210	0.02521	0.55126	0.03193	0.02353	0.03193	0.02017	0.02689	0.01513	0.00840	0.01176	0.00336	0.01681	0.01176	0.00504	0.01345
