[name]
unknown

[dist]
# distance from previous block
# <min> <max>
0	662

[block]
# block no. 0 follows, 16 sequences, length 23
# corresponding to MSA columns:
# 695-717
name=unknown_A
#
# <colnr> <probs for GDERKNQSTAVLIFYWHMCP>
#	G	D	E	R	K	N	Q	S	T	A	V	L	I	F	Y	W	H	M	C	P
0	0.02434	0.07303	0.02638	0.06525	0.12754	0.01806	0.01723	0.03048	0.06108	0.12253	0.05546	0.03663	0.02547	0.01173	0.00920	0.00266	0.00887	0.06716	0.00723	0.20965
1	0.02585	0.13618	0.02841	0.06790	0.02853	0.06168	0.03311	0.03514	0.14540	0.10749	0.05136	0.02748	0.02205	0.01035	0.00858	0.00252	0.00933	0.00833	0.00723	0.18310
2	0.02493	0.02003	0.07583	0.07125	0.02725	0.05566	0.01647	0.02891	0.02169	0.17817	0.03202	0.19557	0.02978	0.01617	0.01190	0.00315	0.06388	0.01336	0.00780	0.10616
3	0.02435	0.16912	0.07852	0.01994	0.06287	0.02090	0.01666	0.03023	0.06887	0.10154	0.02334	0.02938	0.01942	0.01257	0.01104	0.06693	0.00923	0.04369	0.00640	0.18497
4	0.02572	0.05469	0.07784	0.01955	0.02681	0.01947	0.05248	0.11557	0.10052	0.11773	0.07301	0.08556	0.02837	0.01273	0.00951	0.00279	0.00901	0.01083	0.00818	0.14962
5	0.22607	0.07914	0.07398	0.01584	0.02337	0.01861	0.01435	0.03182	0.02165	0.18048	0.07074	0.02625	0.02198	0.01029	0.00796	0.00262	0.00825	0.00771	0.00753	0.15138
6	0.07101	0.02294	0.07776	0.07402	0.03140	0.02188	0.06751	0.13601	0.16473	0.03836	0.02667	0.03345	0.02178	0.06759	0.01299	0.00359	0.01024	0.03396	0.00736	0.07677
7	0.02121	0.02283	0.12460	0.06033	0.02644	0.06708	0.01700	0.07370	0.02599	0.08353	0.19522	0.08039	0.12971	0.01622	0.01043	0.00308	0.00899	0.01358	0.00823	0.01145
8	0.01971	0.03046	0.26150	0.02430	0.03284	0.01984	0.07312	0.03235	0.14582	0.03244	0.03206	0.04954	0.02862	0.01495	0.01073	0.00353	0.01150	0.15696	0.00681	0.01291
9	0.08050	0.01343	0.01440	0.01338	0.01701	0.01336	0.01020	0.11353	0.02592	0.03566	0.14846	0.17845	0.25714	0.02123	0.01083	0.00328	0.00624	0.01792	0.00912	0.00995
10	0.02341	0.07654	0.06627	0.02001	0.02605	0.02140	0.06461	0.03875	0.28193	0.08387	0.09508	0.03867	0.03253	0.07184	0.01342	0.00367	0.00901	0.01116	0.00843	0.01335
11	0.01697	0.01374	0.01646	0.01362	0.01895	0.01104	0.01018	0.02029	0.01986	0.02946	0.07918	0.18347	0.03528	0.07052	0.01249	0.00288	0.00675	0.01287	0.00699	0.41899
12	0.02302	0.05816	0.29014	0.02733	0.08480	0.02185	0.05169	0.03524	0.13240	0.08408	0.02660	0.03279	0.02092	0.01163	0.00977	0.00318	0.01168	0.05404	0.00647	0.01421
13	0.02478	0.02082	0.07684	0.01840	0.02742	0.01504	0.06207	0.02994	0.02184	0.14205	0.02150	0.02314	0.01606	0.00837	0.00822	0.00204	0.00882	0.00714	0.00673	0.45876
14	0.58787	0.01924	0.01739	0.01682	0.05997	0.02158	0.01252	0.05542	0.01921	0.09182	0.01641	0.01815	0.01227	0.00935	0.00674	0.00299	0.00799	0.00603	0.00660	0.01163
15	0.01407	0.00948	0.01102	0.01102	0.01117	0.00964	0.00643	0.01438	0.01423	0.01912	0.03013	0.06116	0.03425	0.60687	0.10050	0.00995	0.01088	0.01376	0.00581	0.00612
16	0.01456	0.00974	0.01220	0.01158	0.01387	0.00912	0.00869	0.01912	0.02607	0.03834	0.48550	0.06541	0.07862	0.01817	0.01053	0.00290	0.00456	0.01589	0.14602	0.00912
17	0.01233	0.00968	0.01079	0.01078	0.01323	0.00853	0.00776	0.01497	0.02222	0.02834	0.20829	0.12994	0.36624	0.09500	0.01577	0.00396	0.00539	0.01960	0.00906	0.00813
18	0.02335	0.02238	0.03819	0.12410	0.53929	0.02286	0.02943	0.02919	0.02177	0.03089	0.01812	0.02420	0.01508	0.00875	0.00961	0.00292	0.01167	0.00863	0.00474	0.01484
19	0.10538	0.02066	0.02158	0.01891	0.02477	0.02345	0.01492	0.08306	0.43762	0.08779	0.03536	0.03275	0.02612	0.01249	0.00941	0.00321	0.00790	0.01007	0.00959	0.01497
20	0.02379	0.01828	0.02670	0.07689	0.08057	0.01883	0.08591	0.12751	0.07523	0.08997	0.13142	0.13292	0.03851	0.01531	0.01065	0.00321	0.00930	0.01385	0.00847	0.01270
21	0.02458	0.36577	0.09830	0.13809	0.03516	0.08560	0.02060	0.03120	0.06911	0.02560	0.01698	0.01999	0.01401	0.00923	0.00774	0.00254	0.01167	0.00664	0.00474	0.01245
22	0.02756	0.03437	0.26801	0.02352	0.03312	0.08695	0.04945	0.03734	0.08973	0.17231	0.06079	0.02854	0.02225	0.01105	0.00961	0.00302	0.01189	0.00899	0.00726	0.01425

[dist]
# distance from previous block
# <min> <max>
0	4

[block]
# block no. 1 follows, 16 sequences, length 15
# corresponding to MSA columns:
# 722-736
name=unknown_B
#
# <colnr> <probs for GDERKNQSTAVLIFYWHMCP>
#	G	D	E	R	K	N	Q	S	T	A	V	L	I	F	Y	W	H	M	C	P
0	0.03011	0.07365	0.03292	0.08638	0.06565	0.02587	0.08889	0.21933	0.13111	0.10809	0.02579	0.02677	0.01874	0.01088	0.00968	0.00300	0.01083	0.00930	0.00813	0.01489
1	0.67341	0.02090	0.01529	0.01371	0.01963	0.06886	0.01114	0.02929	0.01736	0.04193	0.01361	0.01588	0.01065	0.00907	0.00621	0.00296	0.00828	0.00533	0.00592	0.01055
2	0.10698	0.07387	0.03112	0.16142	0.06881	0.06370	0.08934	0.09024	0.05346	0.07881	0.02317	0.03134	0.01882	0.01134	0.00948	0.00310	0.01152	0.05434	0.00654	0.01261
3	0.02399	0.02303	0.03934	0.05949	0.59893	0.02303	0.02974	0.02974	0.02207	0.03166	0.01823	0.02399	0.01535	0.00864	0.00960	0.00288	0.01151	0.00864	0.00480	0.01535
4	0.01353	0.00990	0.01270	0.01200	0.01437	0.00907	0.00900	0.01794	0.02700	0.03784	0.55378	0.07408	0.13212	0.02020	0.01143	0.00307	0.00460	0.01776	0.01053	0.00907
5	0.01387	0.00930	0.01064	0.01086	0.01092	0.00924	0.00618	0.01403	0.01454	0.01939	0.03282	0.12217	0.03811	0.59672	0.04565	0.00885	0.00902	0.01544	0.00618	0.00607
6	0.01214	0.00960	0.01093	0.01112	0.01364	0.00839	0.00814	0.01503	0.02292	0.02938	0.22539	0.18754	0.36284	0.02429	0.01161	0.00333	0.00494	0.02092	0.00945	0.00839
7	0.03620	0.04619	0.02747	0.02497	0.02996	0.62047	0.01873	0.03870	0.02747	0.02372	0.01498	0.01748	0.01248	0.00999	0.00874	0.00250	0.01748	0.00624	0.00499	0.01124
8	0.01341	0.00979	0.01260	0.01213	0.01435	0.00898	0.00901	0.01761	0.02638	0.03689	0.51759	0.11866	0.12441	0.02096	0.01151	0.00313	0.00468	0.01851	0.01042	0.00898
9	0.01841	0.01038	0.01132	0.01085	0.01286	0.01132	0.00837	0.02267	0.01972	0.03472	0.02953	0.03448	0.02350	0.01192	0.00954	0.00248	0.07497	0.00897	0.63479	0.00921
10	0.30754	0.01857	0.01905	0.01579	0.02182	0.01988	0.01280	0.13217	0.05102	0.18477	0.02377	0.02440	0.01701	0.01252	0.01041	0.06071	0.00822	0.00771	0.03907	0.01276
11	0.03073	0.06690	0.02870	0.02166	0.02719	0.02784	0.01795	0.25528	0.13550	0.10010	0.02468	0.02565	0.01854	0.01297	0.01464	0.00324	0.15655	0.00895	0.00831	0.01463
12	0.02549	0.20142	0.08765	0.02249	0.08274	0.06991	0.01835	0.03118	0.05112	0.09458	0.08320	0.02720	0.02390	0.01080	0.00963	0.00259	0.04227	0.00822	0.00638	0.10087
13	0.02281	0.05537	0.08876	0.24820	0.16014	0.02304	0.02480	0.05712	0.02129	0.06770	0.01922	0.02619	0.01543	0.04443	0.01397	0.00348	0.08154	0.00865	0.00527	0.01259
14	0.01381	0.01051	0.01302	0.01221	0.01514	0.00924	0.00910	0.01764	0.02461	0.03419	0.38010	0.14473	0.16109	0.02054	0.01109	0.00302	0.00505	0.01799	0.00964	0.08728

[dist]
# distance from previous block
# <min> <max>
1	37

[block]
# block no. 2 follows, 16 sequences, length 40
# corresponding to MSA columns:
# 779-818
name=unknown_C
#
# <colnr> <probs for GDERKNQSTAVLIFYWHMCP>
#	G	D	E	R	K	N	Q	S	T	A	V	L	I	F	Y	W	H	M	C	P
0	0.12839	0.08045	0.20958	0.01971	0.02829	0.02078	0.02031	0.09266	0.02340	0.10819	0.02522	0.11569	0.02188	0.01279	0.00897	0.00299	0.01008	0.01020	0.00688	0.05357
1	0.06103	0.06876	0.05984	0.01571	0.02085	0.01509	0.01347	0.02622	0.05519	0.10444	0.15064	0.16083	0.04484	0.01710	0.01003	0.00305	0.00741	0.05550	0.00845	0.10159
2	0.07875	0.08548	0.28068	0.02435	0.07168	0.02209	0.02461	0.07490	0.02322	0.11554	0.02026	0.02192	0.01462	0.00943	0.00863	0.00276	0.01130	0.00729	0.00606	0.09646
3	0.03126	0.02243	0.05583	0.01840	0.02434	0.10508	0.01527	0.07336	0.09729	0.24483	0.08652	0.08334	0.03150	0.01383	0.00978	0.00300	0.00928	0.01129	0.04976	0.01363
4	0.01685	0.07305	0.01799	0.01577	0.01787	0.01341	0.01229	0.01941	0.01983	0.06700	0.04528	0.39351	0.05106	0.02529	0.01315	0.00382	0.05089	0.12581	0.00841	0.00933
5	0.02235	0.01650	0.02660	0.47673	0.05513	0.01925	0.02325	0.02818	0.02150	0.12783	0.06784	0.03088	0.02125	0.01092	0.00984	0.00317	0.01142	0.00954	0.00617	0.01164
6	0.01379	0.00942	0.01116	0.01120	0.01176	0.00920	0.00688	0.01495	0.01743	0.02374	0.15557	0.12158	0.05025	0.45994	0.03754	0.00749	0.00798	0.01613	0.00722	0.00678
7	0.02010	0.01723	0.02010	0.01436	0.02297	0.01292	0.01148	0.02440	0.02010	0.03158	0.01723	0.02010	0.01436	0.00718	0.00718	0.00144	0.00718	0.00574	0.00574	0.71863
8	0.01275	0.00909	0.01206	0.01373	0.01475	0.00861	0.00975	0.01515	0.02012	0.02706	0.13140	0.45704	0.06526	0.06564	0.01457	0.00420	0.00615	0.09552	0.00905	0.00809
9	0.03034	0.01819	0.02210	0.06801	0.02666	0.01899	0.01507	0.23073	0.03066	0.18103	0.03097	0.12008	0.02567	0.01607	0.01215	0.06037	0.00890	0.01174	0.05904	0.01324
10	0.01674	0.01312	0.06073	0.01354	0.01675	0.01046	0.01152	0.02136	0.02276	0.05864	0.20570	0.14710	0.05332	0.01837	0.01011	0.00310	0.00616	0.07432	0.22656	0.00963
11	0.62472	0.02000	0.01646	0.01417	0.02043	0.02298	0.01168	0.10880	0.02083	0.04611	0.01495	0.01687	0.01139	0.00939	0.00655	0.00299	0.00797	0.00577	0.00655	0.01139
12	0.02378	0.16010	0.12027	0.07050	0.03214	0.06490	0.05529	0.05985	0.02241	0.05137	0.01968	0.05671	0.01674	0.00996	0.00843	0.00245	0.01090	0.00806	0.00558	0.20088
13	0.02154	0.01443	0.01886	0.01849	0.06001	0.01317	0.01341	0.06309	0.02423	0.11376	0.11772	0.17382	0.04377	0.01788	0.01052	0.00307	0.00744	0.09353	0.00872	0.16254
14	0.01896	0.01799	0.02981	0.53937	0.09836	0.02241	0.02656	0.02496	0.01913	0.02509	0.01686	0.02527	0.01306	0.01031	0.01179	0.00330	0.07275	0.00860	0.00433	0.01106
15	0.07977	0.01435	0.01815	0.06448	0.02353	0.01362	0.01277	0.04981	0.02438	0.24671	0.10259	0.13712	0.10899	0.01664	0.01015	0.00313	0.00738	0.01405	0.00958	0.04281
16	0.02370	0.50239	0.10592	0.01796	0.02601	0.03263	0.01852	0.02788	0.02016	0.02457	0.01947	0.02990	0.01881	0.01111	0.00760	0.00253	0.01058	0.08328	0.00484	0.01212
17	0.02459	0.01956	0.05752	0.02166	0.06787	0.01821	0.04711	0.11271	0.12322	0.11872	0.19168	0.04543	0.08024	0.01455	0.01040	0.00308	0.00832	0.01257	0.00929	0.01326
18	0.02591	0.66522	0.05079	0.01658	0.02488	0.03835	0.01658	0.02902	0.01969	0.02280	0.01347	0.01555	0.01244	0.00829	0.00622	0.00207	0.01036	0.00518	0.00415	0.01244
19	0.07724	0.01963	0.02723	0.16447	0.10572	0.02327	0.02070	0.10208	0.02250	0.07345	0.02168	0.08355	0.01916	0.01384	0.01553	0.00344	0.17781	0.01023	0.00624	0.01222
20	0.02471	0.02993	0.12008	0.14916	0.17623	0.11329	0.10065	0.06408	0.06847	0.03141	0.01962	0.02407	0.01513	0.00960	0.00971	0.00300	0.01340	0.00863	0.00534	0.01348
21	0.67214	0.01856	0.01492	0.01311	0.01923	0.02113	0.01080	0.03002	0.01741	0.08924	0.01551	0.01715	0.01159	0.00924	0.00630	0.00300	0.00756	0.00561	0.00649	0.01098
22	0.02648	0.13407	0.12340	0.11469	0.03798	0.11364	0.10817	0.05200	0.02391	0.09676	0.06016	0.02616	0.01995	0.01025	0.00931	0.00286	0.01272	0.00869	0.00600	0.01279
23	0.02667	0.11211	0.02545	0.05686	0.02616	0.01738	0.01387	0.03081	0.02244	0.18251	0.05518	0.02622	0.02094	0.00951	0.00813	0.00216	0.00817	0.00759	0.00735	0.34051
24	0.02332	0.01058	0.01182	0.01073	0.01407	0.01011	0.00832	0.02768	0.02186	0.15385	0.03299	0.03548	0.02467	0.01144	0.00739	0.00241	0.00529	0.00918	0.56825	0.01058
25	0.08060	0.06381	0.02306	0.01849	0.02337	0.02287	0.01502	0.13962	0.21687	0.03959	0.06467	0.04302	0.03072	0.05771	0.01371	0.00370	0.04489	0.07695	0.00846	0.01288
26	0.02402	0.01333	0.01706	0.01458	0.01882	0.01255	0.01144	0.06433	0.05009	0.19960	0.37829	0.05665	0.06511	0.01681	0.01078	0.00303	0.00613	0.01450	0.01095	0.01194
27	0.01691	0.01033	0.01335	0.01293	0.01529	0.00980	0.00952	0.02014	0.02225	0.09587	0.23124	0.17493	0.09909	0.07961	0.09249	0.00531	0.00836	0.01705	0.05620	0.00933
28	0.02591	0.66522	0.05079	0.01658	0.02488	0.03835	0.01658	0.02902	0.01969	0.02280	0.01347	0.01555	0.01244	0.00829	0.00622	0.00207	0.01036	0.00518	0.00415	0.01244
29	0.01733	0.01005	0.01201	0.01125	0.01396	0.00941	0.00853	0.02170	0.02452	0.07779	0.31746	0.05735	0.09084	0.01637	0.00959	0.00277	0.00483	0.01399	0.27067	0.00958
30	0.01721	0.01052	0.01324	0.01271	0.01560	0.00938	0.00946	0.02046	0.02408	0.11778	0.26353	0.21168	0.19262	0.02230	0.01141	0.00331	0.00546	0.01947	0.01007	0.00972
31	0.01438	0.01043	0.01183	0.01190	0.01305	0.01042	0.00764	0.01785	0.07069	0.02402	0.08242	0.15155	0.10772	0.38663	0.03307	0.00685	0.00782	0.01675	0.00741	0.00757
32	0.03171	0.03588	0.02763	0.02427	0.02849	0.36087	0.01893	0.09754	0.07949	0.02956	0.01776	0.02078	0.01463	0.01207	0.01420	0.00302	0.15775	0.00749	0.00583	0.01209
33	0.09782	0.11767	0.02697	0.01759	0.02498	0.02354	0.01483	0.20417	0.05370	0.14741	0.02775	0.02730	0.05013	0.01110	0.00857	0.00263	0.00890	0.00838	0.00832	0.11825
34	0.09080	0.30507	0.18243	0.01838	0.02695	0.02680	0.01950	0.02902	0.02049	0.07193	0.06460	0.02561	0.02087	0.04845	0.01021	0.00300	0.01041	0.00757	0.00554	0.01238
35	0.01367	0.00999	0.01289	0.01240	0.01476	0.00921	0.00946	0.01807	0.02664	0.03715	0.51572	0.07668	0.12928	0.02069	0.01157	0.00317	0.00491	0.05427	0.01041	0.00905
36	0.01438	0.00946	0.01254	0.01323	0.01484	0.00872	0.00936	0.01726	0.02241	0.06408	0.25418	0.40001	0.07195	0.02535	0.01187	0.00355	0.00538	0.02277	0.00980	0.00885
37	0.02262	0.02864	0.20974	0.26111	0.11913	0.02140	0.06912	0.03028	0.02128	0.09517	0.02001	0.02481	0.01444	0.00956	0.00967	0.00311	0.01289	0.00852	0.00524	0.01326
38	0.02728	0.01899	0.03115	0.15795	0.03805	0.02075	0.11780	0.03212	0.02217	0.20701	0.06303	0.03031	0.02207	0.01244	0.01503	0.00338	0.15038	0.01006	0.00723	0.01282
39	0.04106	0.01578	0.02121	0.01646	0.02346	0.01375	0.01353	0.04488	0.02703	0.55136	0.03761	0.03329	0.02407	0.01193	0.00946	0.00293	0.00789	0.00968	0.07883	0.01578

[dist]
# distance from previous block
# <min> <max>
2	10

[block]
# block no. 3 follows, 16 sequences, length 9
# corresponding to MSA columns:
# 829-837
name=unknown_D
#
# <colnr> <probs for GDERKNQSTAVLIFYWHMCP>
#	G	D	E	R	K	N	Q	S	T	A	V	L	I	F	Y	W	H	M	C	P
0	0.02441	0.07302	0.07503	0.02166	0.08599	0.01722	0.01660	0.02856	0.02097	0.17507	0.07144	0.03626	0.02708	0.08957	0.16248	0.00664	0.03861	0.01015	0.00717	0.01208
1	0.02408	0.02165	0.09379	0.36111	0.13963	0.02050	0.02595	0.03045	0.02150	0.13627	0.02137	0.02630	0.01532	0.00991	0.00963	0.00311	0.01197	0.00867	0.00581	0.01296
2	0.02154	0.01981	0.02748	0.05984	0.16781	0.02036	0.01916	0.02782	0.06733	0.03027	0.01842	0.02295	0.01548	0.01025	0.01335	0.00263	0.14309	0.00763	0.00547	0.29932
3	0.01224	0.00885	0.01216	0.01394	0.01475	0.00877	0.00966	0.01430	0.01792	0.02427	0.04760	0.52268	0.05565	0.03934	0.14140	0.00640	0.00993	0.02391	0.00819	0.00804
4	0.02178	0.02077	0.03535	0.28347	0.39221	0.02245	0.02865	0.02781	0.02102	0.02898	0.01784	0.02471	0.01441	0.00905	0.00963	0.00302	0.01206	0.00863	0.00461	0.01357
5	0.02548	0.21060	0.03112	0.11676	0.07801	0.02278	0.01699	0.05225	0.02238	0.13979	0.03116	0.08149	0.07109	0.04643	0.01108	0.00317	0.00956	0.01063	0.00690	0.01232
6	0.01541	0.01210	0.01747	0.01639	0.01846	0.01267	0.05730	0.02011	0.06641	0.02447	0.03404	0.14353	0.03566	0.23468	0.20099	0.00895	0.01406	0.05204	0.00664	0.00865
7	0.01445	0.00937	0.01212	0.01323	0.01483	0.00853	0.00923	0.01665	0.02050	0.07228	0.10546	0.48497	0.12730	0.02727	0.01197	0.00370	0.00565	0.02440	0.00938	0.00871
8	0.01965	0.01147	0.01341	0.01200	0.01616	0.00982	0.00932	0.02275	0.02430	0.17006	0.16005	0.07528	0.37737	0.02074	0.01103	0.00317	0.00567	0.01738	0.00999	0.01037

[dist]
# distance from previous block
# <min> <max>
0	4

[block]
# block no. 4 follows, 16 sequences, length 12
# corresponding to MSA columns:
# 842-853
name=unknown_E
#
# <colnr> <probs for GDERKNQSTAVLIFYWHMCP>
#	G	D	E	R	K	N	Q	S	T	A	V	L	I	F	Y	W	H	M	C	P
0	0.02147	0.12750	0.32020	0.02940	0.04014	0.02604	0.17388	0.02977	0.02041	0.02889	0.01694	0.02138	0.01300	0.00962	0.01178	0.00311	0.08063	0.00817	0.00433	0.01333
1	0.01552	0.00988	0.01255	0.01290	0.01510	0.00889	0.00928	0.01823	0.02222	0.08964	0.18333	0.34935	0.16656	0.02492	0.01171	0.00351	0.00553	0.02204	0.00970	0.00913
2	0.03343	0.01661	0.02054	0.01641	0.02249	0.01581	0.01331	0.14213	0.03043	0.32818	0.13384	0.04217	0.07408	0.01410	0.00998	0.00297	0.00766	0.01158	0.05002	0.01424
3	0.01675	0.01274	0.01521	0.01552	0.01800	0.01314	0.01151	0.07415	0.11667	0.03236	0.08860	0.37076	0.08061	0.02431	0.01167	0.00368	0.00665	0.06821	0.00932	0.01016
4	0.30727	0.01982	0.02449	0.09758	0.16487	0.02134	0.01824	0.07152	0.02227	0.13749	0.02008	0.02244	0.01473	0.00971	0.00821	0.00299	0.00945	0.00749	0.00683	0.01317
5	0.02398	0.02436	0.06887	0.09599	0.08497	0.10680	0.01992	0.08346	0.05271	0.02839	0.01798	0.02433	0.01520	0.01672	0.01994	0.16378	0.12817	0.00824	0.00528	0.01090
6	0.02009	0.01162	0.01431	0.01286	0.01632	0.01095	0.00991	0.02591	0.06360	0.13448	0.33035	0.05854	0.10042	0.01692	0.01025	0.00294	0.00543	0.01452	0.12985	0.01074
7	0.13774	0.02149	0.06448	0.06414	0.02877	0.02108	0.01725	0.08919	0.13755	0.23018	0.02848	0.02785	0.01992	0.01173	0.01073	0.00316	0.05430	0.00886	0.00876	0.01435
8	0.06190	0.03083	0.18224	0.13332	0.04136	0.06934	0.11722	0.05629	0.07555	0.03137	0.01917	0.02361	0.01464	0.01061	0.01231	0.00324	0.09036	0.00857	0.00528	0.01279
9	0.09157	0.11361	0.03717	0.04236	0.34945	0.02461	0.06051	0.03066	0.06219	0.03200	0.02059	0.02780	0.01773	0.00993	0.00912	0.00292	0.01087	0.03753	0.00543	0.01395
10	0.08602	0.01503	0.01848	0.01701	0.01881	0.01817	0.01322	0.02347	0.07650	0.02957	0.09662	0.11271	0.03440	0.08936	0.06524	0.00506	0.19867	0.01265	0.05918	0.00981
11	0.46467	0.01955	0.02017	0.06274	0.08511	0.02170	0.01480	0.07658	0.02109	0.10806	0.01798	0.01998	0.01327	0.00958	0.00739	0.00299	0.00866	0.00666	0.00677	0.01224

[dist]
# distance from previous block
# <min> <max>
3	10

[block]
# block no. 5 follows, 16 sequences, length 16
# corresponding to MSA columns:
# 864-879
name=unknown_F
#
# <colnr> <probs for GDERKNQSTAVLIFYWHMCP>
#	G	D	E	R	K	N	Q	S	T	A	V	L	I	F	Y	W	H	M	C	P
0	0.11896	0.34433	0.03719	0.01814	0.02557	0.10613	0.01617	0.11854	0.02517	0.08426	0.01748	0.01863	0.01389	0.00947	0.00739	0.00246	0.01076	0.00631	0.00609	0.01306
1	0.01955	0.01826	0.04598	0.14946	0.03236	0.01596	0.01572	0.02647	0.07377	0.02982	0.02055	0.02670	0.01726	0.06546	0.01175	0.00277	0.00896	0.00766	0.00577	0.40579
2	0.02212	0.02295	0.08416	0.17007	0.09650	0.05049	0.06546	0.06964	0.12135	0.03100	0.02381	0.06211	0.01983	0.01437	0.01346	0.09319	0.01134	0.01005	0.00606	0.01204
3	0.01743	0.01583	0.06991	0.01661	0.01989	0.01472	0.01393	0.08698	0.01943	0.02726	0.02508	0.03799	0.02346	0.14513	0.37427	0.04688	0.01963	0.01034	0.00571	0.00951
4	0.02123	0.01941	0.03092	0.10115	0.36446	0.01999	0.02360	0.02894	0.07820	0.03343	0.14462	0.03583	0.03297	0.01160	0.01003	0.00299	0.00977	0.01078	0.00652	0.01357
5	0.01181	0.00843	0.01125	0.01350	0.01406	0.00787	0.00900	0.01350	0.01856	0.02474	0.05342	0.65306	0.06410	0.03036	0.01237	0.00394	0.00562	0.02755	0.00900	0.00787
6	0.02001	0.02137	0.09428	0.01603	0.02536	0.01413	0.01455	0.02520	0.02014	0.03147	0.01725	0.02014	0.01409	0.00743	0.00743	0.00164	0.00808	0.00592	0.00553	0.62993
7	0.02852	0.02392	0.03207	0.10554	0.31270	0.09659	0.02390	0.03552	0.07395	0.13651	0.02331	0.02612	0.01761	0.00995	0.00955	0.00293	0.01147	0.00875	0.00655	0.01455
8	0.02240	0.01403	0.02091	0.19271	0.03430	0.01476	0.01852	0.02727	0.02265	0.15242	0.03884	0.06920	0.03678	0.01874	0.01155	0.00380	0.00991	0.27184	0.00828	0.01108
9	0.02235	0.01722	0.02806	0.40277	0.13545	0.01947	0.02388	0.02788	0.02096	0.11272	0.02369	0.08152	0.01942	0.01169	0.00992	0.00320	0.01137	0.01044	0.00594	0.01206
10	0.01425	0.01061	0.01516	0.05996	0.01905	0.01204	0.01144	0.01695	0.01544	0.02162	0.02661	0.04435	0.02651	0.23410	0.41406	0.01292	0.02031	0.01130	0.00532	0.00802
11	0.02360	0.01995	0.03224	0.04616	0.43426	0.01942	0.02409	0.02855	0.02263	0.08733	0.03494	0.03765	0.12304	0.01190	0.00995	0.00296	0.00997	0.01092	0.00628	0.01414
12	0.72785	0.01874	0.01425	0.01275	0.01874	0.02174	0.01050	0.02849	0.01649	0.04348	0.01350	0.01574	0.01050	0.00900	0.00600	0.00300	0.00750	0.00525	0.00600	0.01050
13	0.06062	0.11220	0.10696	0.01885	0.02777	0.01925	0.04743	0.03408	0.02264	0.22245	0.02371	0.02396	0.01687	0.00935	0.00836	0.00244	0.00948	0.00749	0.00735	0.21874
14	0.06745	0.08560	0.05721	0.02401	0.10469	0.09586	0.01751	0.08508	0.05106	0.13467	0.10274	0.07675	0.03047	0.01303	0.00944	0.00291	0.00987	0.01064	0.00787	0.01314
15	0.20649	0.01501	0.01646	0.05909	0.02210	0.01446	0.01146	0.02276	0.02040	0.03465	0.13103	0.09542	0.06307	0.01340	0.00858	0.00263	0.00693	0.01094	0.00711	0.23803

[dist]
# distance from previous block
# <min> <max>
0	1

[block]
# block no. 6 follows, 16 sequences, length 9
# corresponding to MSA columns:
# 881-889
name=unknown_G
#
# <colnr> <probs for GDERKNQSTAVLIFYWHMCP>
#	G	D	E	R	K	N	Q	S	T	A	V	L	I	F	Y	W	H	M	C	P
0	0.02222	0.02016	0.07625	0.01736	0.02381	0.05799	0.04362	0.02691	0.02249	0.10164	0.09637	0.11065	0.03196	0.01310	0.00918	0.00255	0.00850	0.01124	0.06928	0.23472
1	0.02842	0.02056	0.02429	0.02004	0.06040	0.01923	0.01516	0.18808	0.05367	0.11410	0.02274	0.02363	0.01695	0.00946	0.00851	0.00224	0.00862	0.00754	0.00783	0.34852
2	0.02051	0.02651	0.13512	0.03236	0.04020	0.02217	0.31334	0.02755	0.02110	0.02933	0.02425	0.08323	0.02209	0.01303	0.01384	0.00353	0.09110	0.06318	0.00542	0.01214
3	0.02346	0.01998	0.02526	0.30273	0.09210	0.09896	0.02031	0.02770	0.02068	0.09526	0.02224	0.03292	0.01888	0.13943	0.01746	0.00430	0.01213	0.00953	0.00570	0.01096
4	0.01597	0.09529	0.01801	0.01339	0.01704	0.01482	0.01051	0.02298	0.11296	0.03112	0.19870	0.14414	0.22882	0.02020	0.01065	0.00315	0.00606	0.01717	0.00894	0.01009
5	0.02225	0.01764	0.02681	0.27519	0.09758	0.01991	0.02132	0.02695	0.02000	0.10037	0.02220	0.07555	0.01884	0.01241	0.01317	0.00317	0.11238	0.00991	0.00588	0.09849
6	0.02761	0.01402	0.01973	0.01957	0.07693	0.01276	0.01384	0.03167	0.02587	0.28217	0.20810	0.10589	0.04964	0.01677	0.01074	0.00319	0.00726	0.05104	0.01039	0.01282
7	0.02119	0.12702	0.17383	0.01818	0.02418	0.01928	0.01781	0.02541	0.01893	0.09554	0.02701	0.11337	0.02637	0.18173	0.02124	0.00474	0.05534	0.01167	0.00617	0.01100
8	0.09853	0.10151	0.09722	0.11057	0.03184	0.02205	0.01825	0.09671	0.06783	0.03448	0.02251	0.08409	0.01964	0.01147	0.00861	0.00274	0.00967	0.00918	0.00631	0.14678

[dist]
# distance from previous block
# <min> <max>
0	55

[block]
# block no. 7 follows, 16 sequences, length 6
# corresponding to MSA columns:
# 953-958
name=unknown_H
#
# <colnr> <probs for GDERKNQSTAVLIFYWHMCP>
#	G	D	E	R	K	N	Q	S	T	A	V	L	I	F	Y	W	H	M	C	P
0	0.18616	0.01848	0.02288	0.06032	0.08393	0.01809	0.03826	0.06671	0.02175	0.03580	0.02153	0.03214	0.01912	0.01088	0.00850	0.00265	0.00893	0.07643	0.00630	0.26113
1	0.01978	0.01714	0.09355	0.01623	0.02013	0.01328	0.01362	0.08030	0.02203	0.09823	0.03927	0.31620	0.04185	0.14050	0.01823	0.00461	0.00834	0.01815	0.00820	0.01033
2	0.01414	0.01154	0.01769	0.01595	0.01856	0.01071	0.08194	0.01758	0.02208	0.02994	0.23696	0.24580	0.12139	0.09157	0.01584	0.00406	0.00701	0.01974	0.00869	0.00881
3	0.11151	0.01940	0.02117	0.04666	0.02544	0.02144	0.01470	0.13718	0.24333	0.10485	0.09232	0.03445	0.03003	0.01273	0.00938	0.00308	0.00803	0.01025	0.04012	0.01393
4	0.08037	0.13401	0.29112	0.02192	0.03261	0.02428	0.02437	0.10251	0.02412	0.09706	0.01951	0.02104	0.01415	0.00952	0.00846	0.00276	0.01149	0.00709	0.00597	0.06763
5	0.02554	0.01718	0.01999	0.01702	0.02179	0.01788	0.01337	0.19947	0.09250	0.11236	0.21151	0.12670	0.04899	0.01697	0.01063	0.00314	0.00744	0.01443	0.01020	0.01287

[dist]
# distance from previous block
# <min> <max>
44	143

[block]
# block no. 8 follows, 16 sequences, length 16
# corresponding to MSA columns:
# 1129-1144
name=unknown_I
#
# <colnr> <probs for GDERKNQSTAVLIFYWHMCP>
#	G	D	E	R	K	N	Q	S	T	A	V	L	I	F	Y	W	H	M	C	P
0	0.06221	0.16662	0.09261	0.07807	0.03053	0.02501	0.01852	0.14272	0.06119	0.14505	0.02385	0.02470	0.01734	0.01046	0.00851	0.00277	0.00998	0.00795	0.05801	0.01392
1	0.01896	0.01270	0.01546	0.01403	0.01744	0.01234	0.01071	0.07160	0.06727	0.09263	0.34081	0.12703	0.12150	0.01948	0.01111	0.00317	0.00584	0.01691	0.01030	0.01072
2	0.11450	0.06712	0.02709	0.11061	0.11262	0.05155	0.01822	0.07301	0.02506	0.22836	0.05870	0.02822	0.02165	0.01090	0.00906	0.00292	0.00988	0.00877	0.00798	0.01380
3	0.01834	0.01114	0.01410	0.01336	0.01625	0.01046	0.00999	0.02346	0.05909	0.11579	0.30218	0.19172	0.09190	0.02032	0.01101	0.00321	0.00553	0.01784	0.05409	0.01024
4	0.02702	0.14103	0.17863	0.02114	0.02898	0.08152	0.02079	0.06284	0.09309	0.11716	0.02344	0.02673	0.01831	0.06125	0.01345	0.00342	0.05298	0.00831	0.00655	0.01337
5	0.01561	0.01144	0.01416	0.01291	0.01577	0.01094	0.00984	0.06706	0.02864	0.03987	0.50416	0.06962	0.12389	0.01945	0.01128	0.00305	0.00514	0.01697	0.01045	0.00973
6	0.10949	0.04515	0.01713	0.05168	0.02047	0.01563	0.01132	0.05894	0.05823	0.06412	0.10740	0.03482	0.03011	0.01179	0.00805	0.00258	0.00668	0.00941	0.26275	0.07426
7	0.33066	0.02335	0.10358	0.10620	0.03114	0.02121	0.01791	0.08350	0.02238	0.14624	0.02017	0.02182	0.01421	0.00994	0.00804	0.00303	0.00969	0.00718	0.00697	0.01278
8	0.02086	0.07721	0.21715	0.21242	0.13280	0.02380	0.12248	0.02875	0.02075	0.02858	0.01757	0.02319	0.01336	0.00902	0.00958	0.00305	0.01355	0.00841	0.00441	0.01308
9	0.07957	0.02558	0.10981	0.06119	0.03135	0.06412	0.06796	0.10514	0.08138	0.07440	0.09588	0.03560	0.02818	0.01300	0.01127	0.00320	0.05003	0.04215	0.00740	0.01279
10	0.01529	0.01106	0.01392	0.01361	0.01583	0.01072	0.00999	0.06934	0.02614	0.03616	0.35391	0.26654	0.07488	0.02264	0.01159	0.00334	0.00552	0.02012	0.01000	0.00941
11	0.02161	0.01869	0.06537	0.08825	0.02726	0.01797	0.01587	0.09156	0.14824	0.07451	0.03660	0.07782	0.07719	0.10255	0.08802	0.00547	0.01121	0.01222	0.00772	0.01188
12	0.01275	0.00939	0.01194	0.01232	0.01415	0.00858	0.00885	0.01604	0.02365	0.03228	0.34026	0.27571	0.15004	0.02410	0.01176	0.00339	0.00498	0.02138	0.00987	0.00858
13	0.02592	0.06581	0.06955	0.24938	0.04620	0.02486	0.09970	0.15927	0.06050	0.07242	0.02144	0.02533	0.01566	0.01017	0.00970	0.00306	0.01217	0.00894	0.00648	0.01343
14	0.02378	0.01371	0.01695	0.04392	0.02075	0.01328	0.01183	0.09337	0.02704	0.17028	0.18413	0.10863	0.12205	0.01720	0.01032	0.00306	0.00673	0.01460	0.08676	0.01160
15	0.07702	0.02079	0.06416	0.01687	0.02521	0.01689	0.01463	0.08334	0.06077	0.14359	0.02296	0.02360	0.01695	0.00918	0.00814	0.00222	0.00829	0.00719	0.00747	0.37073

[dist]
# distance from previous block
# <min> <max>
0	23

[block]
# block no. 9 follows, 16 sequences, length 22
# corresponding to MSA columns:
# 1168-1189
name=unknown_J
#
# <colnr> <probs for GDERKNQSTAVLIFYWHMCP>
#	G	D	E	R	K	N	Q	S	T	A	V	L	I	F	Y	W	H	M	C	P
0	0.02182	0.01887	0.09146	0.04455	0.02325	0.01634	0.01524	0.09117	0.02368	0.09267	0.07841	0.08191	0.07794	0.07392	0.01536	0.00367	0.07023	0.01211	0.13622	0.01119
1	0.05392	0.01741	0.02392	0.02167	0.07677	0.01623	0.06048	0.02938	0.08983	0.08517	0.02601	0.07617	0.02225	0.01868	0.08535	0.00413	0.01075	0.00979	0.00688	0.26522
2	0.02403	0.14297	0.19391	0.02474	0.03498	0.02372	0.13839	0.06602	0.02288	0.06519	0.01875	0.02166	0.01423	0.00872	0.00879	0.00258	0.01194	0.00769	0.00546	0.16334
3	0.07270	0.01431	0.05479	0.01618	0.01862	0.01319	0.01287	0.01993	0.01885	0.07604	0.04152	0.42924	0.04662	0.02403	0.01384	0.00376	0.08527	0.02055	0.00810	0.00959
4	0.02375	0.03008	0.13846	0.12127	0.07293	0.11611	0.09049	0.05939	0.08922	0.03051	0.02189	0.06040	0.01821	0.01179	0.01192	0.00320	0.07228	0.00969	0.00568	0.01272
5	0.01677	0.01146	0.01394	0.01334	0.01604	0.01108	0.00980	0.02295	0.09264	0.07806	0.27766	0.17062	0.12843	0.07543	0.01451	0.00380	0.00589	0.01795	0.00977	0.00987
6	0.06384	0.02884	0.19352	0.08537	0.07376	0.02039	0.15361	0.03013	0.02131	0.07658	0.01935	0.02319	0.01433	0.00879	0.00928	0.00280	0.01226	0.00823	0.00540	0.14903
7	0.01209	0.00855	0.01116	0.01313	0.01363	0.00806	0.00861	0.01357	0.01800	0.02401	0.05059	0.58010	0.06053	0.10819	0.01694	0.00461	0.00609	0.02589	0.00861	0.00762
8	0.01829	0.01560	0.01984	0.01545	0.02224	0.01230	0.03796	0.02217	0.01987	0.02995	0.02583	0.16883	0.02604	0.01266	0.00860	0.00211	0.00726	0.01114	0.00646	0.51739
9	0.01478	0.01067	0.01311	0.04958	0.01524	0.01142	0.00839	0.01567	0.01552	0.02103	0.07305	0.05914	0.03687	0.52822	0.04281	0.00819	0.04987	0.01367	0.00605	0.00673
10	0.06615	0.01441	0.01776	0.01557	0.01980	0.01395	0.01211	0.07870	0.02378	0.24688	0.03648	0.09060	0.03293	0.18425	0.02060	0.00494	0.00866	0.09153	0.00920	0.01169
11	0.01921	0.01101	0.01425	0.01313	0.01633	0.00987	0.00994	0.02292	0.02548	0.15064	0.33692	0.15544	0.13584	0.02041	0.01123	0.00320	0.00552	0.01783	0.01048	0.01033
12	0.02557	0.27357	0.08503	0.09291	0.03199	0.02924	0.01961	0.14135	0.08670	0.03412	0.02258	0.02961	0.01915	0.01145	0.00866	0.00282	0.01064	0.05541	0.00637	0.01323
13	0.03330	0.01612	0.02060	0.01644	0.02266	0.01487	0.01328	0.08356	0.06076	0.35720	0.16885	0.04103	0.03927	0.01362	0.01000	0.00293	0.00748	0.01136	0.01099	0.05568
14	0.05392	0.06952	0.29812	0.02265	0.03238	0.10450	0.02454	0.03421	0.05542	0.11807	0.07379	0.02715	0.02225	0.01088	0.00918	0.00294	0.01209	0.00841	0.00643	0.01356
15	0.20924	0.12086	0.06352	0.02408	0.09734	0.02509	0.04952	0.14626	0.02557	0.08458	0.02090	0.05527	0.01702	0.01078	0.00842	0.00289	0.00999	0.00845	0.00683	0.01339
16	0.13977	0.01618	0.02060	0.01918	0.07419	0.01511	0.01391	0.03681	0.02480	0.35969	0.07578	0.03954	0.09614	0.01329	0.00948	0.00303	0.00778	0.01079	0.00997	0.01398
17	0.02797	0.02234	0.02686	0.14306	0.11720	0.07637	0.01982	0.12188	0.13610	0.11517	0.07086	0.03106	0.02477	0.01167	0.00977	0.00303	0.01045	0.00973	0.00795	0.01395
18	0.14051	0.02104	0.09456	0.02128	0.07755	0.01678	0.01733	0.03829	0.02458	0.34863	0.07688	0.03131	0.02538	0.01155	0.00924	0.00300	0.00887	0.00930	0.00933	0.01459
19	0.02511	0.02375	0.09921	0.14640	0.12861	0.02167	0.02190	0.18260	0.02832	0.06638	0.03099	0.03338	0.08748	0.01206	0.00968	0.00300	0.01054	0.01001	0.04543	0.01348
20	0.01957	0.01658	0.08799	0.01516	0.01924	0.01287	0.01298	0.07080	0.02276	0.08716	0.11967	0.15022	0.08804	0.09980	0.01791	0.07128	0.00786	0.01477	0.05534	0.01000
21	0.05916	0.02544	0.12982	0.08229	0.08279	0.02167	0.09339	0.12748	0.07792	0.03895	0.13059	0.03363	0.03029	0.01188	0.00999	0.00308	0.01073	0.01050	0.00719	0.01322

[dist]
# distance from previous block
# <min> <max>
1	25

[block]
# block no. 10 follows, 16 sequences, length 10
# corresponding to MSA columns:
# 1216-1225
name=unknown_K
#
# <colnr> <probs for GDERKNQSTAVLIFYWHMCP>
#	G	D	E	R	K	N	Q	S	T	A	V	L	I	F	Y	W	H	M	C	P
0	0.04813	0.06282	0.08649	0.02429	0.06442	0.02093	0.08312	0.09611	0.02403	0.11175	0.02766	0.09315	0.02446	0.01672	0.03854	0.00380	0.07196	0.05269	0.03624	0.01268
1	0.05251	0.02753	0.16079	0.06594	0.08398	0.02369	0.05696	0.05453	0.18976	0.03445	0.04917	0.02850	0.02159	0.01187	0.01255	0.00328	0.09333	0.00940	0.00655	0.01361
2	0.01253	0.00895	0.01124	0.01245	0.01383	0.00824	0.00866	0.01507	0.02090	0.02844	0.16444	0.42250	0.14009	0.02627	0.01170	0.00356	0.00525	0.02342	0.05420	0.00824
3	0.01905	0.02208	0.13692	0.05335	0.13330	0.01720	0.02058	0.05836	0.02358	0.03365	0.14945	0.09893	0.03991	0.01563	0.01132	0.00324	0.03648	0.06309	0.05211	0.01178
4	0.01292	0.00959	0.01259	0.01289	0.01473	0.00925	0.00945	0.01621	0.02199	0.03014	0.26988	0.22645	0.13762	0.03366	0.13101	0.00577	0.00909	0.01925	0.00892	0.00857
5	0.02287	0.02540	0.08519	0.20234	0.09512	0.08115	0.02295	0.03589	0.20588	0.03101	0.02407	0.02732	0.01854	0.01136	0.01157	0.00322	0.06779	0.00901	0.00623	0.01311
6	0.01551	0.00983	0.01253	0.01299	0.01511	0.00886	0.00930	0.01811	0.02190	0.08985	0.16553	0.37372	0.15944	0.02530	0.01174	0.00354	0.00557	0.02243	0.00965	0.00910
7	0.02279	0.01856	0.02669	0.08775	0.08202	0.01602	0.06985	0.02778	0.02121	0.08620	0.01958	0.02290	0.01526	0.00814	0.00833	0.00209	0.00919	0.00726	0.00602	0.44236
8	0.01519	0.01179	0.01672	0.08143	0.02214	0.01365	0.01295	0.02033	0.06114	0.02359	0.02685	0.04070	0.02522	0.15571	0.41450	0.01227	0.02043	0.01084	0.00558	0.00897
9	0.01592	0.01323	0.01896	0.13341	0.08794	0.01387	0.01568	0.02170	0.06598	0.02892	0.10374	0.23860	0.10030	0.02073	0.01131	0.00355	0.00798	0.08015	0.00792	0.01010

[dist]
# distance from previous block
# <min> <max>
0	34

# created by:
# /st0/software/busco_prod/Augustus/scripts/msa2prfl.pl ./align_prep/5802.fa
