[name]
unknown

[dist]
# distance from previous block
# <min> <max>
0	732

[block]
# block no. 0 follows, 14 sequences, length 14
# corresponding to MSA columns:
# 732-745
name=unknown_A
#
# <colnr> <probs for GDERKNQSTAVLIFYWHMCP>
#	G	D	E	R	K	N	Q	S	T	A	V	L	I	F	Y	W	H	M	C	P
0	0.01697	0.01332	0.01989	0.17694	0.03350	0.01440	0.01863	0.02228	0.02366	0.03119	0.12731	0.08590	0.05300	0.02234	0.01280	0.00414	0.00984	0.29544	0.00844	0.01001
1	0.13795	0.06778	0.01621	0.01444	0.01679	0.01383	0.01053	0.01858	0.01937	0.02954	0.04528	0.46824	0.05291	0.02605	0.01132	0.00382	0.00675	0.02286	0.00850	0.00926
2	0.01467	0.01159	0.01376	0.01277	0.01641	0.00987	0.00952	0.01829	0.02444	0.03330	0.24803	0.16264	0.22198	0.02192	0.01147	0.00315	0.00562	0.01899	0.00955	0.13204
3	0.02675	0.24518	0.16496	0.02819	0.11822	0.02981	0.02398	0.12028	0.02563	0.03417	0.01817	0.02184	0.01480	0.01209	0.01153	0.06524	0.01199	0.00752	0.00554	0.01410
4	0.02784	0.23794	0.07767	0.02526	0.06598	0.09208	0.06344	0.08967	0.06439	0.03336	0.02045	0.02340	0.01657	0.01067	0.01019	0.00283	0.04903	0.00800	0.06756	0.01369
5	0.01488	0.01012	0.01204	0.01204	0.01234	0.01041	0.00728	0.01547	0.01517	0.02053	0.03156	0.06286	0.03544	0.54924	0.13979	0.01100	0.01276	0.01429	0.00610	0.00669
6	0.02131	0.02800	0.17359	0.12145	0.14880	0.02162	0.02576	0.03345	0.13136	0.03539	0.12117	0.03643	0.03236	0.01254	0.01047	0.00328	0.01107	0.01090	0.00699	0.01406
7	0.13828	0.01215	0.01396	0.01301	0.01613	0.01205	0.00994	0.02128	0.02699	0.04202	0.47131	0.06601	0.08162	0.01895	0.01108	0.00322	0.00539	0.01625	0.01042	0.00994
8	0.02195	0.12865	0.18328	0.16675	0.04343	0.02473	0.08231	0.05957	0.02434	0.03303	0.10671	0.03186	0.02718	0.01155	0.01004	0.00313	0.01248	0.00998	0.00597	0.01305
9	0.03901	0.02874	0.03080	0.02361	0.03182	0.03182	0.01951	0.54111	0.04825	0.06468	0.02464	0.02464	0.01745	0.01232	0.01027	0.00308	0.01129	0.00924	0.01027	0.01745
10	0.02561	0.11864	0.02683	0.01599	0.02490	0.01818	0.01342	0.02989	0.02230	0.10612	0.02061	0.02235	0.01625	0.00848	0.00780	0.00185	0.00829	0.00656	0.00670	0.49920
11	0.02790	0.06727	0.02787	0.16036	0.03718	0.19636	0.01960	0.11241	0.06265	0.03295	0.02664	0.13172	0.02489	0.01471	0.01024	0.00319	0.01285	0.01188	0.00694	0.01240
12	0.01653	0.01271	0.01576	0.01390	0.01776	0.01156	0.01060	0.02310	0.06642	0.03991	0.43323	0.06401	0.07753	0.01809	0.01118	0.00294	0.00557	0.01583	0.01031	0.13305
13	0.02032	0.02189	0.07322	0.20584	0.07884	0.02080	0.15910	0.02886	0.05760	0.03353	0.15414	0.03956	0.03555	0.01256	0.01117	0.00335	0.01216	0.01225	0.00675	0.01249

[dist]
# distance from previous block
# <min> <max>
0	6

[block]
# block no. 1 follows, 14 sequences, length 19
# corresponding to MSA columns:
# 752-770
name=unknown_B
#
# <colnr> <probs for GDERKNQSTAVLIFYWHMCP>
#	G	D	E	R	K	N	Q	S	T	A	V	L	I	F	Y	W	H	M	C	P
0	0.01796	0.07628	0.02110	0.01694	0.02030	0.01757	0.01352	0.02653	0.12051	0.02980	0.10209	0.04246	0.03509	0.05072	0.34953	0.01082	0.01913	0.01158	0.00710	0.01097
1	0.22944	0.02716	0.13034	0.10056	0.03441	0.02409	0.02075	0.08087	0.15088	0.06949	0.02443	0.02587	0.01794	0.01112	0.00905	0.00329	0.01047	0.00844	0.00737	0.01403
2	0.02633	0.15559	0.08857	0.02311	0.08071	0.08454	0.01838	0.07271	0.02443	0.06886	0.02828	0.03419	0.06380	0.09609	0.01485	0.00366	0.01123	0.00950	0.00647	0.08868
3	0.09515	0.16592	0.28875	0.02239	0.03252	0.02533	0.02513	0.03124	0.06514	0.03220	0.02419	0.10390	0.02176	0.01289	0.00923	0.00316	0.01168	0.01017	0.00577	0.01348
4	0.02889	0.01954	0.02280	0.01935	0.02376	0.04748	0.01550	0.15446	0.02757	0.13659	0.02771	0.03323	0.02209	0.05731	0.16221	0.00685	0.09003	0.01001	0.08163	0.01299
5	0.01288	0.01021	0.01168	0.01242	0.01501	0.00901	0.00929	0.01570	0.02300	0.02878	0.12565	0.22408	0.35956	0.02728	0.01257	0.00375	0.00580	0.07491	0.00966	0.00875
6	0.02345	0.02939	0.20896	0.02187	0.03005	0.02042	0.02195	0.06529	0.17577	0.08397	0.09128	0.11602	0.03585	0.01555	0.01073	0.00342	0.01006	0.01313	0.00855	0.01429
7	0.03437	0.02334	0.02544	0.02008	0.02658	0.02523	0.01611	0.37687	0.03948	0.09989	0.02790	0.03261	0.02169	0.09696	0.01563	0.00395	0.01024	0.01013	0.07834	0.01515
8	0.02598	0.02884	0.12708	0.02581	0.07499	0.05716	0.02132	0.12802	0.22280	0.04079	0.03315	0.11089	0.02819	0.01475	0.01055	0.00338	0.01061	0.01234	0.00843	0.01494
9	0.01607	0.01307	0.01920	0.01839	0.01989	0.01620	0.01457	0.01948	0.01635	0.02398	0.02494	0.03707	0.02344	0.06625	0.49612	0.01431	0.13514	0.01063	0.00531	0.00954
10	0.03090	0.18096	0.08242	0.10172	0.03530	0.11604	0.02082	0.08878	0.10161	0.10942	0.02396	0.02515	0.01791	0.01096	0.00920	0.00293	0.01218	0.00824	0.00714	0.01436
11	0.01466	0.01100	0.01649	0.01649	0.01833	0.01283	0.01283	0.01833	0.01649	0.02382	0.02749	0.04032	0.02566	0.07697	0.59868	0.01649	0.02749	0.01100	0.00550	0.00916
12	0.03011	0.11215	0.04320	0.02916	0.03691	0.02598	0.21761	0.03762	0.06805	0.17137	0.02562	0.02810	0.01876	0.01140	0.01364	0.00335	0.09489	0.01024	0.00733	0.01451
13	0.02986	0.15170	0.03365	0.02234	0.02840	0.03191	0.01885	0.20801	0.16758	0.04279	0.02472	0.02606	0.01937	0.01314	0.01424	0.00328	0.13209	0.00903	0.00796	0.01502
14	0.02553	0.02204	0.02320	0.02088	0.02669	0.02553	0.01624	0.05453	0.55679	0.04293	0.04177	0.03829	0.03133	0.01392	0.01044	0.00348	0.00812	0.01160	0.01044	0.01624
15	0.02546	0.16774	0.12696	0.14342	0.21884	0.02845	0.02755	0.08493	0.02467	0.03326	0.01841	0.02308	0.01471	0.00970	0.00932	0.00296	0.01256	0.00808	0.00527	0.01464
16	0.01332	0.00956	0.01264	0.01373	0.01506	0.00888	0.00959	0.01634	0.02344	0.03223	0.26357	0.40845	0.07955	0.02765	0.01270	0.00379	0.00551	0.02489	0.01024	0.00888
17	0.02675	0.20803	0.19972	0.02296	0.03239	0.07670	0.02354	0.10423	0.09757	0.03476	0.02167	0.02389	0.01702	0.01511	0.04974	0.00383	0.01364	0.00792	0.00614	0.01438
18	0.02253	0.01948	0.03078	0.33450	0.08876	0.02212	0.06765	0.09594	0.02519	0.03396	0.02451	0.03723	0.02042	0.01240	0.01057	0.00341	0.01237	0.06251	0.06329	0.01240

[dist]
# distance from previous block
# <min> <max>
2	17

[block]
# block no. 2 follows, 14 sequences, length 411
# corresponding to MSA columns:
# 788-972,999-1224
name=unknown_C
#
# <colnr> <probs for GDERKNQSTAVLIFYWHMCP>
#	G	D	E	R	K	N	Q	S	T	A	V	L	I	F	Y	W	H	M	C	P
0	0.02539	0.29706	0.08147	0.08703	0.22430	0.03140	0.05928	0.03086	0.02197	0.02870	0.01705	0.02158	0.01444	0.00909	0.00871	0.00275	0.01231	0.00764	0.00469	0.01426
1	0.36985	0.03027	0.11484	0.01880	0.02626	0.12221	0.01743	0.06910	0.02278	0.04082	0.01766	0.02027	0.01356	0.01016	0.00778	0.00302	0.01096	0.00669	0.06528	0.01226
2	0.02832	0.02196	0.03504	0.08916	0.23936	0.02230	0.08979	0.06672	0.08219	0.12313	0.02666	0.02977	0.01991	0.01067	0.01023	0.00315	0.01132	0.01001	0.06507	0.01523
3	0.01733	0.00909	0.01300	0.01300	0.01300	0.00909	0.00846	0.01363	0.01363	0.01818	0.02028	0.03728	0.02112	0.13783	0.04216	0.58439	0.00909	0.00993	0.00475	0.00475
4	0.02229	0.01689	0.05518	0.01662	0.02146	0.01482	0.01376	0.03231	0.14399	0.12994	0.23546	0.11824	0.09894	0.01885	0.01138	0.00339	0.00706	0.01627	0.01055	0.01259
5	0.01372	0.01002	0.01289	0.01311	0.01507	0.00919	0.00947	0.01745	0.02576	0.03553	0.37666	0.24458	0.12886	0.02475	0.01240	0.00353	0.00520	0.02199	0.01062	0.00919
6	0.02228	0.02593	0.13063	0.19003	0.20632	0.02202	0.02714	0.07194	0.02541	0.03538	0.11252	0.03386	0.02874	0.01182	0.01045	0.00321	0.01179	0.01046	0.00631	0.01378
7	0.02128	0.01824	0.02128	0.01520	0.02432	0.01368	0.01216	0.02584	0.02128	0.03344	0.01824	0.02128	0.01520	0.00760	0.00760	0.00152	0.00760	0.00608	0.00608	0.70208
8	0.01990	0.02543	0.15384	0.05824	0.06394	0.01945	0.02054	0.03369	0.18868	0.03588	0.12519	0.04958	0.13164	0.01566	0.01081	0.00335	0.00935	0.01321	0.00828	0.01334
9	0.02460	0.03452	0.22389	0.03139	0.13166	0.05599	0.02657	0.06779	0.18278	0.03773	0.05899	0.03057	0.02434	0.01175	0.01017	0.00324	0.01188	0.00976	0.00709	0.01530
10	0.02702	0.02370	0.06164	0.13899	0.08242	0.02476	0.02173	0.13778	0.17293	0.07386	0.06376	0.03269	0.02563	0.01292	0.01196	0.00337	0.05137	0.01042	0.00826	0.01479
11	0.10112	0.08382	0.06798	0.06816	0.03553	0.14734	0.09501	0.06845	0.16286	0.03581	0.02381	0.02578	0.01828	0.01092	0.00960	0.00312	0.01290	0.00889	0.00682	0.01382
12	0.01477	0.01054	0.01419	0.01419	0.01523	0.01158	0.00996	0.01685	0.01581	0.02212	0.02959	0.05197	0.03071	0.32106	0.36150	0.01365	0.01988	0.01270	0.00581	0.00788
13	0.02246	0.02894	0.15040	0.02937	0.03718	0.02456	0.17623	0.03509	0.14644	0.03471	0.08233	0.03328	0.02700	0.01289	0.01466	0.00356	0.10907	0.01125	0.00677	0.01381
14	0.01464	0.01007	0.01164	0.01203	0.01257	0.00987	0.00749	0.01540	0.01675	0.02197	0.04212	0.11849	0.08632	0.48792	0.04254	0.00850	0.00919	0.05859	0.00703	0.00687
15	0.02198	0.02218	0.06717	0.45034	0.13604	0.02386	0.02874	0.07150	0.02337	0.03093	0.01895	0.02650	0.01432	0.01025	0.01021	0.00333	0.01336	0.00904	0.00511	0.01283
16	0.02219	0.01854	0.02033	0.01846	0.02324	0.02072	0.01425	0.04386	0.39667	0.04239	0.20201	0.04993	0.05120	0.01606	0.01095	0.00340	0.00713	0.01371	0.01070	0.01425
17	0.02849	0.34295	0.04339	0.07398	0.07820	0.07611	0.02063	0.10277	0.02497	0.03099	0.01653	0.02008	0.01412	0.01054	0.01079	0.00277	0.07665	0.00709	0.00537	0.01359
18	0.02026	0.01804	0.02590	0.35365	0.04967	0.02149	0.02213	0.03293	0.17440	0.03227	0.07465	0.07499	0.02943	0.01368	0.01066	0.00347	0.01082	0.01197	0.00715	0.01243
19	0.02322	0.02122	0.03279	0.33938	0.18144	0.02480	0.02698	0.07294	0.06900	0.03251	0.02069	0.02724	0.01611	0.01104	0.01196	0.00339	0.05684	0.00934	0.00566	0.01347
20	0.01661	0.01099	0.01417	0.01308	0.01600	0.00999	0.00991	0.02120	0.02859	0.07941	0.49141	0.07551	0.13230	0.02081	0.01198	0.00324	0.00516	0.01822	0.01125	0.01016
21	0.02128	0.01824	0.02128	0.01520	0.02432	0.01368	0.01216	0.02584	0.02128	0.03344	0.01824	0.02128	0.01520	0.00760	0.00760	0.00152	0.00760	0.00608	0.00608	0.70208
22	0.02488	0.02386	0.04072	0.11030	0.53206	0.02425	0.03124	0.03104	0.02312	0.03290	0.01921	0.02557	0.01603	0.00924	0.01017	0.00308	0.01232	0.00914	0.00504	0.01584
23	0.01285	0.00919	0.01221	0.01406	0.01496	0.00856	0.00955	0.01515	0.02124	0.02873	0.14345	0.53855	0.07277	0.03026	0.01293	0.00401	0.00577	0.02738	0.00983	0.00856
24	0.71184	0.01985	0.01508	0.01350	0.01985	0.02302	0.01111	0.03017	0.01746	0.04604	0.01429	0.01667	0.01111	0.00953	0.00635	0.00318	0.00794	0.00556	0.00635	0.01111
25	0.01348	0.01045	0.01228	0.01182	0.01469	0.00924	0.00886	0.01735	0.02659	0.03532	0.36767	0.08625	0.30271	0.02315	0.01211	0.00333	0.00500	0.01990	0.01053	0.00924
26	0.01654	0.01181	0.01654	0.01890	0.02126	0.01181	0.01654	0.02126	0.02362	0.03071	0.05433	0.11576	0.05906	0.02835	0.01417	0.00472	0.00945	0.50626	0.00945	0.00945
27	0.01250	0.00893	0.01191	0.01429	0.01488	0.00834	0.00953	0.01429	0.01965	0.02620	0.05656	0.63265	0.06787	0.03215	0.01310	0.00417	0.00595	0.02917	0.00953	0.00834
28	0.01427	0.01048	0.01336	0.01264	0.01518	0.00957	0.00948	0.01887	0.02845	0.03973	0.52042	0.07900	0.14721	0.02151	0.01211	0.00325	0.00488	0.01889	0.01111	0.00957
29	0.71184	0.01985	0.01508	0.01350	0.01985	0.02302	0.01111	0.03017	0.01746	0.04604	0.01429	0.01667	0.01111	0.00953	0.00635	0.00318	0.00794	0.00556	0.00635	0.01111
30	0.01627	0.00892	0.01294	0.01364	0.01381	0.00874	0.00909	0.01364	0.01520	0.02027	0.02914	0.20684	0.03244	0.03463	0.03222	0.49780	0.00805	0.01483	0.00594	0.00559
31	0.71184	0.01985	0.01508	0.01350	0.01985	0.02302	0.01111	0.03017	0.01746	0.04604	0.01429	0.01667	0.01111	0.00953	0.00635	0.00318	0.00794	0.00556	0.00635	0.01111
32	0.71184	0.01985	0.01508	0.01350	0.01985	0.02302	0.01111	0.03017	0.01746	0.04604	0.01429	0.01667	0.01111	0.00953	0.00635	0.00318	0.00794	0.00556	0.00635	0.01111
33	0.03833	0.04891	0.02908	0.02644	0.03173	0.59815	0.01983	0.04098	0.02908	0.02512	0.01586	0.01851	0.01322	0.01058	0.00925	0.00264	0.01851	0.00661	0.00529	0.01190
34	0.03833	0.04891	0.02908	0.02644	0.03173	0.59815	0.01983	0.04098	0.02908	0.02512	0.01586	0.01851	0.01322	0.01058	0.00925	0.00264	0.01851	0.00661	0.00529	0.01190
35	0.71184	0.01985	0.01508	0.01350	0.01985	0.02302	0.01111	0.03017	0.01746	0.04604	0.01429	0.01667	0.01111	0.00953	0.00635	0.00318	0.00794	0.00556	0.00635	0.01111
36	0.03325	0.02588	0.02756	0.02245	0.02963	0.02914	0.01811	0.33343	0.26531	0.05539	0.03195	0.03046	0.02337	0.01300	0.01034	0.00325	0.00994	0.01025	0.01034	0.01694
37	0.02553	0.02204	0.02320	0.02088	0.02669	0.02553	0.01624	0.05453	0.55679	0.04293	0.04177	0.03829	0.03133	0.01392	0.01044	0.00348	0.00812	0.01160	0.01044	0.01624
38	0.01305	0.00935	0.01239	0.01392	0.01500	0.00870	0.00957	0.01565	0.02217	0.03021	0.19438	0.48339	0.07565	0.02915	0.01283	0.00392	0.00566	0.02632	0.01000	0.00870
39	0.02508	0.01987	0.02168	0.01958	0.02489	0.02232	0.01515	0.04852	0.44049	0.07757	0.08796	0.08112	0.03899	0.01567	0.01075	0.00348	0.00774	0.01329	0.01060	0.01523
40	0.18512	0.01796	0.02199	0.01726	0.02487	0.01674	0.01425	0.04587	0.02688	0.47039	0.03501	0.03111	0.02242	0.01204	0.00949	0.00318	0.00857	0.00932	0.01137	0.01614
41	0.65495	0.01964	0.01583	0.01390	0.02039	0.02234	0.01145	0.03186	0.01848	0.09188	0.01653	0.01823	0.01233	0.00980	0.00669	0.00318	0.00801	0.00596	0.00689	0.01166
42	0.01383	0.01032	0.01204	0.01224	0.01490	0.00928	0.00925	0.01739	0.02462	0.03282	0.23409	0.14526	0.28440	0.02418	0.01201	0.00349	0.00549	0.06115	0.06416	0.00908
43	0.01240	0.00932	0.01151	0.01326	0.01461	0.00842	0.00907	0.01441	0.02064	0.02660	0.06911	0.49128	0.20114	0.03052	0.01284	0.00398	0.00575	0.02718	0.00953	0.00842
44	0.04604	0.01746	0.02382	0.01826	0.02620	0.01508	0.01508	0.05001	0.02937	0.58244	0.04049	0.03493	0.02540	0.01270	0.01032	0.00318	0.00873	0.01032	0.01270	0.01746
45	0.03833	0.04891	0.02908	0.02644	0.03173	0.59815	0.01983	0.04098	0.02908	0.02512	0.01586	0.01851	0.01322	0.01058	0.00925	0.00264	0.01851	0.00661	0.00529	0.01190
46	0.02381	0.02276	0.03877	0.20907	0.44171	0.02396	0.03070	0.03010	0.02261	0.03159	0.01902	0.02592	0.01557	0.00944	0.01019	0.00315	0.01259	0.00914	0.00494	0.01497
47	0.02180	0.03318	0.22572	0.02775	0.03306	0.02877	0.02787	0.02743	0.01780	0.02743	0.01520	0.02218	0.01331	0.01509	0.02530	0.00406	0.40853	0.00849	0.00444	0.01261
48	0.52377	0.07523	0.02115	0.06658	0.02600	0.08557	0.01407	0.03102	0.01924	0.04029	0.01479	0.01776	0.01173	0.00964	0.00701	0.00306	0.00981	0.00597	0.00592	0.01139
49	0.01316	0.01057	0.01183	0.01189	0.01499	0.00924	0.00917	0.01652	0.02475	0.03121	0.20857	0.09535	0.40491	0.02506	0.01234	0.00354	0.00557	0.07240	0.00994	0.00899
50	0.02551	0.02229	0.02516	0.02536	0.08496	0.02540	0.01786	0.05208	0.50013	0.04193	0.03938	0.03692	0.02973	0.01342	0.01041	0.00343	0.00855	0.01134	0.00987	0.01624
51	0.01783	0.00891	0.01337	0.01337	0.01337	0.00891	0.00891	0.01337	0.01337	0.01783	0.01783	0.03119	0.01783	0.03565	0.04011	0.70143	0.00891	0.00891	0.00446	0.00446
52	0.02190	0.02433	0.08413	0.07903	0.11738	0.10439	0.02270	0.02747	0.02393	0.03012	0.03608	0.06923	0.03659	0.01910	0.01199	0.00388	0.01222	0.25668	0.00717	0.01167
53	0.02553	0.02204	0.02320	0.02088	0.02669	0.02553	0.01624	0.05453	0.55679	0.04293	0.04177	0.03829	0.03133	0.01392	0.01044	0.00348	0.00812	0.01160	0.01044	0.01624
54	0.02540	0.02438	0.04165	0.06299	0.57533	0.02438	0.03149	0.03149	0.02337	0.03353	0.01930	0.02540	0.01626	0.00914	0.01016	0.00305	0.01219	0.00914	0.00508	0.01626
55	0.02477	0.41486	0.26106	0.02211	0.03338	0.03408	0.02548	0.03142	0.02117	0.02740	0.01588	0.01849	0.01310	0.00916	0.00782	0.00261	0.01261	0.00630	0.00437	0.01395
56	0.71184	0.01985	0.01508	0.01350	0.01985	0.02302	0.01111	0.03017	0.01746	0.04604	0.01429	0.01667	0.01111	0.00953	0.00635	0.00318	0.00794	0.00556	0.00635	0.01111
57	0.01612	0.01015	0.01329	0.01397	0.01557	0.00941	0.00969	0.01864	0.02226	0.07668	0.17704	0.38675	0.06802	0.09228	0.01678	0.00447	0.00635	0.02348	0.00988	0.00922
58	0.02260	0.02232	0.03927	0.26797	0.24403	0.02476	0.10639	0.02896	0.02159	0.02968	0.01850	0.02619	0.01487	0.01043	0.01299	0.00341	0.07816	0.00957	0.00483	0.01349
59	0.02562	0.02539	0.08187	0.04535	0.34708	0.02329	0.02651	0.11788	0.02843	0.04004	0.10746	0.03308	0.02896	0.01162	0.01045	0.00310	0.01112	0.01052	0.00690	0.01533
60	0.02128	0.01824	0.02128	0.01520	0.02432	0.01368	0.01216	0.02584	0.02128	0.03344	0.01824	0.02128	0.01520	0.00760	0.00760	0.00152	0.00760	0.00608	0.00608	0.70208
61	0.03833	0.04891	0.02908	0.02644	0.03173	0.59815	0.01983	0.04098	0.02908	0.02512	0.01586	0.01851	0.01322	0.01058	0.00925	0.00264	0.01851	0.00661	0.00529	0.01190
62	0.01472	0.01075	0.01527	0.01527	0.01668	0.01216	0.01130	0.01754	0.01613	0.02292	0.02861	0.04650	0.02834	0.20665	0.47267	0.01498	0.02344	0.01190	0.00566	0.00848
63	0.01557	0.01010	0.01387	0.01387	0.01461	0.01083	0.00956	0.01588	0.01515	0.02093	0.02666	0.04715	0.02763	0.25886	0.26760	0.19082	0.01669	0.01180	0.00548	0.00694
64	0.71184	0.01985	0.01508	0.01350	0.01985	0.02302	0.01111	0.03017	0.01746	0.04604	0.01429	0.01667	0.01111	0.00953	0.00635	0.00318	0.00794	0.00556	0.00635	0.01111
65	0.03901	0.02874	0.03080	0.02361	0.03182	0.03182	0.01951	0.54111	0.04825	0.06468	0.02464	0.02464	0.01745	0.01232	0.01027	0.00308	0.01129	0.00924	0.01027	0.01745
66	0.01266	0.00905	0.01205	0.01418	0.01492	0.00844	0.00954	0.01469	0.02039	0.02737	0.09699	0.58886	0.07015	0.03127	0.01302	0.00409	0.00587	0.02834	0.00967	0.00844
67	0.02450	0.02101	0.02231	0.02036	0.02576	0.02417	0.01571	0.05136	0.51449	0.04161	0.04293	0.08510	0.03420	0.01536	0.01065	0.00353	0.00795	0.01299	0.01037	0.01562
68	0.02389	0.02669	0.05503	0.04016	0.04857	0.02699	0.44025	0.03132	0.02261	0.03132	0.01938	0.02669	0.01517	0.01042	0.01620	0.00366	0.13175	0.01152	0.00506	0.01334
69	0.04350	0.02154	0.02634	0.02019	0.02823	0.02113	0.01668	0.22741	0.03619	0.39541	0.03476	0.03121	0.02253	0.01256	0.01030	0.00314	0.00966	0.00993	0.01182	0.01746
70	0.15584	0.02250	0.02520	0.01965	0.02743	0.02330	0.01623	0.24822	0.03510	0.27914	0.02955	0.02761	0.01972	0.01201	0.00963	0.00314	0.00965	0.00907	0.01063	0.01638
71	0.02553	0.02204	0.02320	0.02088	0.02669	0.02553	0.01624	0.05453	0.55679	0.04293	0.04177	0.03829	0.03133	0.01392	0.01044	0.00348	0.00812	0.01160	0.01044	0.01624
72	0.01706	0.00985	0.01119	0.01106	0.01335	0.00952	0.00822	0.02166	0.02406	0.03848	0.22478	0.09161	0.05403	0.01650	0.00931	0.00281	0.00488	0.01406	0.40806	0.00952
73	0.01989	0.01924	0.03394	0.55399	0.06887	0.02313	0.08262	0.02693	0.02091	0.02693	0.01851	0.02739	0.01388	0.01009	0.01046	0.00342	0.01406	0.00944	0.00463	0.01166
74	0.01408	0.01047	0.01310	0.01245	0.01506	0.00949	0.00933	0.01851	0.02800	0.03867	0.48373	0.08074	0.18457	0.02191	0.01211	0.00327	0.00491	0.01913	0.01097	0.00949
75	0.71184	0.01985	0.01508	0.01350	0.01985	0.02302	0.01111	0.03017	0.01746	0.04604	0.01429	0.01667	0.01111	0.00953	0.00635	0.00318	0.00794	0.00556	0.00635	0.01111
76	0.03489	0.03781	0.03058	0.02957	0.08826	0.35027	0.02114	0.08076	0.02788	0.06991	0.01837	0.02163	0.01483	0.01198	0.01365	0.00308	0.11841	0.00778	0.00610	0.01313
77	0.01413	0.01023	0.01351	0.01389	0.01516	0.01062	0.00978	0.01647	0.01825	0.02498	0.08641	0.16750	0.08265	0.21194	0.24670	0.01030	0.01509	0.01694	0.00725	0.00822
78	0.02463	0.04131	0.29205	0.11744	0.16001	0.12663	0.03199	0.03293	0.02320	0.03052	0.01813	0.02270	0.01383	0.00984	0.00982	0.00312	0.01492	0.00796	0.00470	0.01429
79	0.71184	0.01985	0.01508	0.01350	0.01985	0.02302	0.01111	0.03017	0.01746	0.04604	0.01429	0.01667	0.01111	0.00953	0.00635	0.00318	0.00794	0.00556	0.00635	0.01111
80	0.02155	0.04636	0.44700	0.03296	0.04686	0.02439	0.17035	0.03260	0.02234	0.03260	0.01904	0.02326	0.01368	0.00946	0.01037	0.00331	0.01573	0.00878	0.00456	0.01482
81	0.02131	0.11601	0.52963	0.02801	0.04250	0.02561	0.03575	0.03231	0.02158	0.03161	0.01798	0.02111	0.01302	0.00965	0.00941	0.00314	0.01472	0.00736	0.00434	0.01495
82	0.01902	0.01159	0.01513	0.01379	0.01712	0.01071	0.01060	0.02333	0.02707	0.11970	0.37468	0.06919	0.13685	0.02629	0.07414	0.00466	0.00788	0.01689	0.01068	0.01068
83	0.01699	0.01430	0.02046	0.01913	0.02026	0.01809	0.01511	0.01992	0.01613	0.02374	0.02376	0.03733	0.02305	0.10773	0.38462	0.01238	0.20149	0.01074	0.00526	0.00952
84	0.02360	0.01400	0.01761	0.01546	0.01970	0.01353	0.01201	0.03222	0.11594	0.16626	0.36095	0.06072	0.06958	0.01791	0.01142	0.00326	0.00628	0.01551	0.01148	0.01256
85	0.02128	0.01824	0.02128	0.01520	0.02432	0.01368	0.01216	0.02584	0.02128	0.03344	0.01824	0.02128	0.01520	0.00760	0.00760	0.00152	0.00760	0.00608	0.00608	0.70208
86	0.01492	0.00995	0.01119	0.01119	0.01119	0.00995	0.00622	0.01492	0.01492	0.01990	0.03233	0.06716	0.03731	0.63935	0.05223	0.00995	0.00995	0.01492	0.00622	0.00622
87	0.02905	0.02555	0.03874	0.05242	0.42942	0.02638	0.02828	0.16831	0.03005	0.04189	0.02074	0.02519	0.01658	0.01000	0.01019	0.00306	0.01195	0.00917	0.00647	0.01658
88	0.03940	0.02771	0.02835	0.02244	0.03008	0.08758	0.01824	0.33302	0.08547	0.17800	0.02883	0.02753	0.02003	0.01236	0.01019	0.00309	0.01120	0.00941	0.01031	0.01676
89	0.01246	0.00909	0.01175	0.01388	0.01478	0.00837	0.00934	0.01434	0.02005	0.02636	0.06160	0.57594	0.12133	0.03150	0.01300	0.00409	0.00587	0.02838	0.00953	0.00837
90	0.01319	0.00942	0.01269	0.01507	0.01596	0.00892	0.01071	0.01547	0.02032	0.02696	0.05618	0.54516	0.06638	0.03151	0.01328	0.00426	0.00655	0.10992	0.00951	0.00852
91	0.02128	0.01824	0.02128	0.01520	0.02432	0.01368	0.01216	0.02584	0.02128	0.03344	0.01824	0.02128	0.01520	0.00760	0.00760	0.00152	0.00760	0.00608	0.00608	0.70208
92	0.01556	0.01123	0.01534	0.01755	0.01969	0.01101	0.01477	0.01964	0.02294	0.02975	0.05803	0.20211	0.09481	0.02883	0.01386	0.00455	0.00857	0.39309	0.00947	0.00921
93	0.02215	0.01218	0.01616	0.01421	0.01796	0.01099	0.01099	0.02678	0.02913	0.17218	0.44176	0.06656	0.07954	0.01898	0.01167	0.00321	0.00578	0.01656	0.01164	0.01157
94	0.02468	0.09477	0.29729	0.02715	0.03603	0.12469	0.02896	0.03169	0.02126	0.02844	0.01630	0.02090	0.01318	0.01201	0.01582	0.00339	0.17790	0.00761	0.00454	0.01338
95	0.02128	0.01824	0.02128	0.01520	0.02432	0.01368	0.01216	0.02584	0.02128	0.03344	0.01824	0.02128	0.01520	0.00760	0.00760	0.00152	0.00760	0.00608	0.00608	0.70208
96	0.03689	0.04588	0.02842	0.02581	0.03116	0.53364	0.01942	0.04251	0.08853	0.02712	0.01878	0.02073	0.01526	0.01095	0.00939	0.00274	0.01734	0.00717	0.00587	0.01239
97	0.02671	0.54950	0.09704	0.01880	0.02791	0.03807	0.01920	0.03261	0.05995	0.02623	0.01662	0.01850	0.01448	0.00924	0.00714	0.00238	0.01112	0.00611	0.00483	0.01356
98	0.01292	0.01020	0.01122	0.01133	0.01389	0.00896	0.00811	0.01549	0.02291	0.02887	0.16897	0.14784	0.37169	0.10133	0.01717	0.00430	0.00580	0.02110	0.00942	0.00850
99	0.01535	0.01231	0.01841	0.01592	0.01928	0.01133	0.06565	0.02041	0.02806	0.03915	0.47254	0.07331	0.12795	0.02009	0.01211	0.00327	0.00619	0.01813	0.01050	0.01004
100	0.01357	0.00957	0.01172	0.01266	0.01377	0.00892	0.00841	0.01487	0.01959	0.02566	0.10016	0.30886	0.15593	0.16721	0.02378	0.06017	0.00685	0.02203	0.00853	0.00773
101	0.47326	0.23795	0.02857	0.01491	0.02211	0.02915	0.01336	0.03036	0.01865	0.03841	0.01428	0.01660	0.01183	0.00927	0.00643	0.00283	0.00900	0.00553	0.00567	0.01183
102	0.71184	0.01985	0.01508	0.01350	0.01985	0.02302	0.01111	0.03017	0.01746	0.04604	0.01429	0.01667	0.01111	0.00953	0.00635	0.00318	0.00794	0.00556	0.00635	0.01111
103	0.01783	0.00891	0.01337	0.01337	0.01337	0.00891	0.00891	0.01337	0.01337	0.01783	0.01783	0.03119	0.01783	0.03565	0.04011	0.70143	0.00891	0.00891	0.00446	0.00446
104	0.02744	0.64552	0.05378	0.01756	0.02634	0.04061	0.01756	0.03073	0.02085	0.02414	0.01427	0.01646	0.01317	0.00878	0.00658	0.00219	0.01097	0.00549	0.00439	0.01317
105	0.01213	0.01040	0.01040	0.01040	0.01386	0.00866	0.00780	0.01473	0.02339	0.02772	0.10396	0.09876	0.57117	0.02599	0.01213	0.00347	0.00520	0.02166	0.00953	0.00866
106	0.03890	0.03216	0.03051	0.02409	0.03181	0.12768	0.01956	0.45646	0.04501	0.05798	0.02315	0.02360	0.01674	0.01202	0.01009	0.00301	0.01251	0.00879	0.00942	0.01651
107	0.37851	0.11987	0.02584	0.01708	0.02442	0.02731	0.01457	0.16048	0.02676	0.09313	0.01913	0.02020	0.01425	0.01038	0.00771	0.00300	0.00933	0.00688	0.00757	0.01357
108	0.02028	0.01188	0.01634	0.01736	0.02012	0.01129	0.01412	0.02397	0.02337	0.12270	0.05268	0.26201	0.05609	0.02688	0.01319	0.00429	0.00825	0.27470	0.01002	0.01046
109	0.03841	0.04677	0.02926	0.02614	0.03174	0.53799	0.01979	0.09410	0.03112	0.02932	0.01679	0.01916	0.01367	0.01076	0.00936	0.00269	0.01774	0.00689	0.00582	0.01249
110	0.01295	0.00897	0.01175	0.01397	0.01469	0.00842	0.00937	0.01493	0.01977	0.02700	0.05502	0.59288	0.06509	0.03080	0.01270	0.00405	0.00588	0.02786	0.05547	0.00842
111	0.04334	0.02125	0.08355	0.01943	0.02813	0.01601	0.01751	0.04815	0.02855	0.52403	0.03814	0.03352	0.02409	0.01239	0.01026	0.00318	0.00942	0.01003	0.01181	0.01722
112	0.02669	0.34261	0.21462	0.02606	0.09023	0.03151	0.02513	0.03301	0.02210	0.07543	0.01833	0.02060	0.01449	0.00945	0.00826	0.00270	0.01221	0.00694	0.00516	0.01448
113	0.04318	0.01663	0.02230	0.01733	0.02468	0.01450	0.01424	0.04724	0.02854	0.52464	0.03974	0.03528	0.02550	0.01262	0.00999	0.00309	0.00831	0.01024	0.08531	0.01663
114	0.01632	0.01167	0.01624	0.01826	0.02063	0.01159	0.01581	0.02106	0.02420	0.03182	0.10910	0.11160	0.06307	0.02757	0.01395	0.00457	0.00896	0.45446	0.00965	0.00947
115	0.02121	0.04868	0.49518	0.03167	0.04601	0.02420	0.12450	0.03256	0.02211	0.03256	0.01882	0.02271	0.01344	0.00956	0.01016	0.00329	0.01554	0.00837	0.00448	0.01494
116	0.01938	0.01824	0.03078	0.61468	0.07068	0.02280	0.02850	0.02622	0.02052	0.02622	0.01824	0.02736	0.01368	0.01026	0.01026	0.00342	0.01368	0.00912	0.00456	0.01140
117	0.08545	0.01888	0.02407	0.01857	0.02645	0.01745	0.01534	0.10414	0.03078	0.49172	0.03712	0.03267	0.02364	0.01247	0.01007	0.00316	0.00897	0.00991	0.01204	0.01708
118	0.02711	0.02449	0.04335	0.10966	0.29507	0.02460	0.16512	0.07620	0.02586	0.07520	0.02158	0.02685	0.01657	0.00966	0.01072	0.00321	0.01339	0.01003	0.00605	0.01528
119	0.01452	0.01049	0.01372	0.01291	0.01533	0.00968	0.00968	0.01937	0.02905	0.04115	0.56992	0.07666	0.09683	0.02098	0.01210	0.00323	0.00484	0.01856	0.01130	0.00968
120	0.01271	0.00902	0.01185	0.01402	0.01457	0.00847	0.00924	0.01434	0.01924	0.02566	0.05448	0.58416	0.06525	0.08422	0.01645	0.00466	0.00630	0.02795	0.00924	0.00815
121	0.02744	0.64552	0.05378	0.01756	0.02634	0.04061	0.01756	0.03073	0.02085	0.02414	0.01427	0.01646	0.01317	0.00878	0.00658	0.00219	0.01097	0.00549	0.00439	0.01317
122	0.01575	0.00941	0.01219	0.01245	0.01281	0.00920	0.00793	0.01413	0.01544	0.02029	0.03441	0.11352	0.07729	0.24712	0.03912	0.32414	0.00865	0.01427	0.00605	0.00585
123	0.02593	0.30144	0.18812	0.02187	0.03164	0.03204	0.02285	0.07084	0.14649	0.03343	0.02242	0.02344	0.01760	0.01046	0.00857	0.00283	0.01146	0.00771	0.00616	0.01470
124	0.01250	0.00893	0.01191	0.01429	0.01488	0.00834	0.00953	0.01429	0.01965	0.02620	0.05656	0.63265	0.06787	0.03215	0.01310	0.00417	0.00595	0.02917	0.00953	0.00834
125	0.02422	0.02768	0.06055	0.04325	0.05363	0.02595	0.53806	0.03287	0.02422	0.03287	0.02076	0.02768	0.01557	0.00865	0.01211	0.00346	0.01730	0.01211	0.00519	0.01384
126	0.02139	0.03077	0.20123	0.27516	0.15679	0.02374	0.08599	0.02980	0.02179	0.03018	0.01876	0.02533	0.01417	0.00973	0.01029	0.00330	0.01422	0.00898	0.00466	0.01370
127	0.02422	0.02768	0.06055	0.04325	0.05363	0.02595	0.53806	0.03287	0.02422	0.03287	0.02076	0.02768	0.01557	0.00865	0.01211	0.00346	0.01730	0.01211	0.00519	0.01384
128	0.01285	0.00919	0.01228	0.01448	0.01528	0.00861	0.00994	0.01498	0.02041	0.02731	0.08571	0.57120	0.06902	0.03129	0.01310	0.00415	0.00609	0.05602	0.00962	0.00848
129	0.02075	0.01366	0.01877	0.11612	0.02711	0.01385	0.01413	0.02756	0.06608	0.11786	0.36072	0.05942	0.06755	0.01744	0.01141	0.00327	0.00714	0.01525	0.01030	0.01159
130	0.02128	0.01824	0.02128	0.01520	0.02432	0.01368	0.01216	0.02584	0.02128	0.03344	0.01824	0.02128	0.01520	0.00760	0.00760	0.00152	0.00760	0.00608	0.00608	0.70208
131	0.01523	0.01198	0.01760	0.06703	0.02271	0.01378	0.01431	0.01867	0.01819	0.02528	0.03545	0.19638	0.03745	0.05142	0.30801	0.01035	0.06245	0.05768	0.00672	0.00931
132	0.01611	0.01151	0.01605	0.01841	0.02058	0.01144	0.01579	0.02052	0.02320	0.03023	0.05457	0.17066	0.06000	0.02875	0.01406	0.00467	0.00908	0.45558	0.00946	0.00933
133	0.02203	0.02663	0.12920	0.29142	0.27129	0.02362	0.03131	0.02943	0.02187	0.03025	0.01870	0.02560	0.01461	0.00972	0.01013	0.00324	0.01333	0.00887	0.00473	0.01401
134	0.14367	0.40914	0.07486	0.02161	0.06672	0.08329	0.01885	0.03167	0.02121	0.02910	0.01501	0.01762	0.01304	0.00914	0.00722	0.00252	0.01144	0.00598	0.00485	0.01305
135	0.01571	0.01187	0.01511	0.01663	0.01928	0.01165	0.01380	0.02126	0.05864	0.03037	0.06491	0.16168	0.17346	0.02726	0.01335	0.00430	0.00803	0.31354	0.00954	0.00961
136	0.01963	0.01488	0.02232	0.13609	0.12248	0.01505	0.01729	0.02485	0.02610	0.07874	0.29795	0.05671	0.09334	0.01660	0.01128	0.00325	0.00811	0.01471	0.00894	0.01168
137	0.02128	0.01824	0.02128	0.01520	0.02432	0.01368	0.01216	0.02584	0.02128	0.03344	0.01824	0.02128	0.01520	0.00760	0.00760	0.00152	0.00760	0.00608	0.00608	0.70208
138	0.01549	0.01297	0.02010	0.27488	0.03910	0.01461	0.01776	0.01947	0.02003	0.02621	0.03993	0.36993	0.04435	0.02265	0.01187	0.00384	0.00931	0.02047	0.00737	0.00967
139	0.02336	0.01817	0.02149	0.01546	0.02448	0.01380	0.01240	0.02787	0.02196	0.07945	0.02010	0.02242	0.01605	0.00803	0.00783	0.00166	0.00769	0.00644	0.00663	0.64471
140	0.52649	0.02230	0.01941	0.01628	0.02315	0.02545	0.01343	0.17092	0.02594	0.05118	0.01714	0.01887	0.01286	0.01030	0.00743	0.00315	0.00886	0.00657	0.00743	0.01286
141	0.01523	0.01101	0.01182	0.01128	0.01504	0.00930	0.00858	0.01813	0.02438	0.07625	0.13759	0.09145	0.48478	0.02443	0.01197	0.00342	0.00547	0.02043	0.00995	0.00950
142	0.01475	0.01063	0.01465	0.01465	0.01584	0.01183	0.01053	0.01714	0.01595	0.02246	0.02918	0.04966	0.02971	0.27284	0.40836	0.01421	0.02138	0.01236	0.00575	0.00814
143	0.02744	0.64552	0.05378	0.01756	0.02634	0.04061	0.01756	0.03073	0.02085	0.02414	0.01427	0.01646	0.01317	0.00878	0.00658	0.00219	0.01097	0.00549	0.00439	0.01317
144	0.02323	0.01818	0.02148	0.01544	0.02447	0.01379	0.01239	0.02774	0.02192	0.07668	0.01999	0.02235	0.01600	0.00800	0.00781	0.00165	0.00769	0.00641	0.00660	0.64817
145	0.10324	0.25978	0.03979	0.02968	0.15967	0.07984	0.02052	0.09587	0.02575	0.07098	0.01865	0.02106	0.01504	0.00980	0.00836	0.00272	0.01148	0.00726	0.00612	0.01440
146	0.01492	0.00995	0.01119	0.01119	0.01119	0.00995	0.00622	0.01492	0.01492	0.01990	0.03233	0.06716	0.03731	0.63935	0.05223	0.00995	0.00995	0.01492	0.00622	0.00622
147	0.01334	0.01044	0.01208	0.01167	0.01461	0.00918	0.00875	0.01707	0.02625	0.03452	0.33977	0.08757	0.33112	0.02345	0.01212	0.00335	0.00502	0.02009	0.01042	0.00918
148	0.04604	0.01746	0.02382	0.01826	0.02620	0.01508	0.01508	0.05001	0.02937	0.58244	0.04049	0.03493	0.02540	0.01270	0.01032	0.00318	0.00873	0.01032	0.01270	0.01746
149	0.04222	0.07120	0.02696	0.06818	0.02994	0.01791	0.01642	0.04637	0.02790	0.48812	0.03638	0.03272	0.02338	0.01216	0.01000	0.00311	0.00934	0.00981	0.01131	0.01659
150	0.03833	0.04891	0.02908	0.02644	0.03173	0.59815	0.01983	0.04098	0.02908	0.02512	0.01586	0.01851	0.01322	0.01058	0.00925	0.00264	0.01851	0.00661	0.00529	0.01190
151	0.02422	0.02768	0.06055	0.04325	0.05363	0.02595	0.53806	0.03287	0.02422	0.03287	0.02076	0.02768	0.01557	0.00865	0.01211	0.00346	0.01730	0.01211	0.00519	0.01384
152	0.02668	0.08037	0.23490	0.02681	0.08985	0.02161	0.02492	0.07611	0.02518	0.13797	0.02936	0.12784	0.02538	0.01418	0.01026	0.00327	0.01141	0.01190	0.00739	0.01460
153	0.02672	0.07903	0.32148	0.02408	0.03541	0.02316	0.02720	0.07845	0.06743	0.12926	0.03051	0.03076	0.05759	0.01192	0.00991	0.00319	0.01218	0.00939	0.00713	0.01523
154	0.01938	0.01824	0.03078	0.61468	0.07068	0.02280	0.02850	0.02622	0.02052	0.02622	0.01824	0.02736	0.01368	0.01026	0.01026	0.00342	0.01368	0.00912	0.00456	0.01140
155	0.04604	0.01746	0.02382	0.01826	0.02620	0.01508	0.01508	0.05001	0.02937	0.58244	0.04049	0.03493	0.02540	0.01270	0.01032	0.00318	0.00873	0.01032	0.01270	0.01746
156	0.02995	0.45939	0.04575	0.01993	0.02767	0.17456	0.01802	0.03480	0.05870	0.02564	0.01649	0.01842	0.01440	0.00956	0.00749	0.00239	0.01261	0.00617	0.00501	0.01307
157	0.03837	0.04776	0.02918	0.02628	0.03173	0.56585	0.01981	0.06950	0.03017	0.02737	0.01636	0.01886	0.01346	0.01067	0.00931	0.00267	0.01809	0.00676	0.00557	0.01221
158	0.01407	0.00982	0.01173	0.01225	0.01432	0.00900	0.00881	0.01742	0.02358	0.03289	0.21583	0.25286	0.18363	0.02424	0.01164	0.00345	0.00527	0.02122	0.11896	0.00900
159	0.01216	0.01027	0.01053	0.01073	0.01395	0.00864	0.00795	0.01469	0.02307	0.02759	0.09989	0.14454	0.52801	0.02652	0.01221	0.00353	0.00526	0.02230	0.00953	0.00864
160	0.08200	0.02950	0.14379	0.05237	0.42702	0.02416	0.03102	0.03158	0.02255	0.03438	0.01871	0.02395	0.01520	0.00929	0.00976	0.00310	0.01241	0.00854	0.00504	0.01562
161	0.71184	0.01985	0.01508	0.01350	0.01985	0.02302	0.01111	0.03017	0.01746	0.04604	0.01429	0.01667	0.01111	0.00953	0.00635	0.00318	0.00794	0.00556	0.00635	0.01111
162	0.03453	0.03007	0.08837	0.02370	0.03220	0.02979	0.02085	0.39591	0.14072	0.05718	0.02719	0.02688	0.01958	0.01235	0.01024	0.00317	0.01111	0.00951	0.00967	0.01698
163	0.02452	0.02349	0.04007	0.14316	0.50199	0.02415	0.03106	0.03073	0.02295	0.03246	0.01915	0.02568	0.01588	0.00931	0.01017	0.00310	0.01241	0.00914	0.00500	0.01555
164	0.02925	0.02213	0.03634	0.21739	0.04831	0.02332	0.15486	0.09928	0.07174	0.15241	0.02639	0.02963	0.01861	0.01093	0.01077	0.00334	0.01280	0.01037	0.00766	0.01448
165	0.02380	0.09803	0.37323	0.03084	0.04342	0.08671	0.13729	0.03333	0.02291	0.03108	0.01827	0.02212	0.01357	0.00953	0.00991	0.00314	0.01560	0.00823	0.00462	0.01438
166	0.02422	0.02768	0.06055	0.04325	0.05363	0.02595	0.53806	0.03287	0.02422	0.03287	0.02076	0.02768	0.01557	0.00865	0.01211	0.00346	0.01730	0.01211	0.00519	0.01384
167	0.01547	0.01107	0.01525	0.01719	0.01922	0.01084	0.01424	0.01964	0.02357	0.03122	0.12359	0.21220	0.06583	0.02811	0.01369	0.00442	0.00815	0.34733	0.00971	0.00926
168	0.02950	0.16820	0.30835	0.02355	0.03524	0.02482	0.02690	0.03726	0.02375	0.19207	0.02401	0.02445	0.01667	0.01041	0.00925	0.00300	0.01239	0.00794	0.00680	0.01542
169	0.02377	0.02168	0.03809	0.07971	0.03983	0.02185	0.23884	0.03605	0.15072	0.07279	0.12831	0.03969	0.03480	0.01258	0.01144	0.00340	0.01195	0.01281	0.00800	0.01367
170	0.01333	0.01033	0.01213	0.01193	0.01466	0.00913	0.00885	0.01695	0.02585	0.03415	0.32724	0.13004	0.30043	0.02403	0.01219	0.00340	0.00508	0.02074	0.01039	0.00913
171	0.01938	0.01824	0.03078	0.61468	0.07068	0.02280	0.02850	0.02622	0.02052	0.02622	0.01824	0.02736	0.01368	0.01026	0.01026	0.00342	0.01368	0.00912	0.00456	0.01140
172	0.03614	0.02220	0.03783	0.02809	0.03633	0.02124	0.20091	0.07496	0.02782	0.31279	0.03048	0.03077	0.02052	0.01163	0.01265	0.00337	0.05648	0.01078	0.00928	0.01573
173	0.02575	0.34416	0.05514	0.02899	0.03786	0.03383	0.23683	0.03123	0.02193	0.02785	0.01695	0.02158	0.01420	0.00934	0.01071	0.00288	0.05422	0.00851	0.00473	0.01332
174	0.01216	0.01027	0.01053	0.01073	0.01395	0.00864	0.00795	0.01469	0.02307	0.02759	0.09989	0.14454	0.52801	0.02652	0.01221	0.00353	0.00526	0.02230	0.00953	0.00864
175	0.02076	0.02047	0.03066	0.57185	0.06784	0.06469	0.02787	0.02729	0.02114	0.02614	0.01807	0.02672	0.01365	0.01028	0.01019	0.00336	0.01403	0.00894	0.00461	0.01144
176	0.02864	0.29916	0.16065	0.02352	0.03353	0.02999	0.08547	0.03609	0.05525	0.12315	0.02207	0.02341	0.01661	0.00995	0.00881	0.00282	0.01209	0.00794	0.00626	0.01459
177	0.01491	0.01001	0.01151	0.01151	0.01162	0.01012	0.00662	0.01513	0.01502	0.02014	0.03204	0.06554	0.03661	0.60539	0.08523	0.01034	0.01101	0.01469	0.00617	0.00640
178	0.02439	0.02371	0.04149	0.14547	0.45738	0.02427	0.07093	0.03080	0.02300	0.03236	0.01926	0.02588	0.01581	0.00927	0.01033	0.00314	0.01282	0.00937	0.00501	0.01533
179	0.02305	0.04505	0.43676	0.02990	0.04326	0.02370	0.10447	0.03525	0.06147	0.06784	0.02183	0.02455	0.01547	0.01009	0.01016	0.00329	0.01455	0.00868	0.00542	0.01520
180	0.03051	0.09784	0.03425	0.15757	0.18744	0.02412	0.02309	0.06513	0.06424	0.17618	0.02591	0.02809	0.01887	0.01079	0.00981	0.00309	0.01111	0.00918	0.00755	0.01523
181	0.03486	0.03878	0.03241	0.02720	0.03371	0.34308	0.08306	0.13149	0.10860	0.03574	0.02180	0.02361	0.01690	0.01114	0.00996	0.00294	0.01556	0.00848	0.00692	0.01376
182	0.38443	0.02226	0.02330	0.01867	0.02601	0.02422	0.04432	0.16899	0.02797	0.13846	0.02171	0.02242	0.01540	0.01074	0.00837	0.00317	0.00950	0.00769	0.00837	0.01400
183	0.01389	0.00988	0.01255	0.01298	0.01485	0.00912	0.00932	0.01747	0.02482	0.03461	0.31841	0.27121	0.12217	0.02477	0.01216	0.00353	0.00526	0.02200	0.05189	0.00912
184	0.02612	0.53197	0.15582	0.01980	0.02980	0.03739	0.02146	0.03107	0.02101	0.02575	0.01506	0.01746	0.01314	0.00897	0.00719	0.00240	0.01178	0.00589	0.00438	0.01355
185	0.02696	0.02436	0.03847	0.12451	0.42097	0.02545	0.02910	0.11710	0.02723	0.03790	0.02007	0.02551	0.01614	0.00982	0.01019	0.00310	0.01222	0.00916	0.00589	0.01586
186	0.01392	0.01038	0.01294	0.01249	0.01501	0.00940	0.00930	0.01813	0.02735	0.03756	0.44557	0.11466	0.19011	0.02266	0.01217	0.00333	0.00498	0.01982	0.01084	0.00940
187	0.01423	0.01048	0.01331	0.01260	0.01515	0.00956	0.00945	0.01879	0.02835	0.03950	0.51254	0.07938	0.15524	0.02160	0.01211	0.00326	0.00489	0.01894	0.01108	0.00956
188	0.01418	0.01048	0.01323	0.01255	0.01512	0.00953	0.00941	0.01869	0.02823	0.03920	0.50220	0.07987	0.16576	0.02171	0.01211	0.00326	0.00489	0.01901	0.01104	0.00953
189	0.01293	0.00924	0.01240	0.01478	0.01556	0.00870	0.01027	0.01503	0.02007	0.02668	0.05632	0.57775	0.06694	0.03175	0.01321	0.00423	0.00633	0.07985	0.00952	0.00845
190	0.01783	0.00891	0.01337	0.01337	0.01337	0.00891	0.00891	0.01337	0.01337	0.01783	0.01783	0.03119	0.01783	0.03565	0.04011	0.70143	0.00891	0.00891	0.00446	0.00446
191	0.02553	0.02204	0.02320	0.02088	0.02669	0.02553	0.01624	0.05453	0.55679	0.04293	0.04177	0.03829	0.03133	0.01392	0.01044	0.00348	0.00812	0.01160	0.01044	0.01624
192	0.04604	0.01746	0.02382	0.01826	0.02620	0.01508	0.01508	0.05001	0.02937	0.58244	0.04049	0.03493	0.02540	0.01270	0.01032	0.00318	0.00873	0.01032	0.01270	0.01746
193	0.03833	0.04891	0.02908	0.02644	0.03173	0.59815	0.01983	0.04098	0.02908	0.02512	0.01586	0.01851	0.01322	0.01058	0.00925	0.00264	0.01851	0.00661	0.00529	0.01190
194	0.02553	0.02204	0.02320	0.02088	0.02669	0.02553	0.01624	0.05453	0.55679	0.04293	0.04177	0.03829	0.03133	0.01392	0.01044	0.00348	0.00812	0.01160	0.01044	0.01624
195	0.02058	0.05308	0.58618	0.02925	0.04442	0.02383	0.03792	0.03250	0.02167	0.03250	0.01842	0.02167	0.01300	0.00975	0.00975	0.00325	0.01517	0.00758	0.00433	0.01517
196	0.01938	0.01824	0.03078	0.61468	0.07068	0.02280	0.02850	0.02622	0.02052	0.02622	0.01824	0.02736	0.01368	0.01026	0.01026	0.00342	0.01368	0.00912	0.00456	0.01140
197	0.01472	0.01075	0.01527	0.01527	0.01668	0.01216	0.01130	0.01754	0.01613	0.02292	0.02861	0.04650	0.02834	0.20665	0.47267	0.01498	0.02344	0.01190	0.00566	0.00848
198	0.03784	0.02278	0.02582	0.02030	0.02760	0.02395	0.01660	0.29866	0.08325	0.21387	0.03175	0.03031	0.02194	0.01253	0.00997	0.00307	0.00957	0.00980	0.08388	0.01651
199	0.02423	0.08878	0.28244	0.03584	0.10104	0.07492	0.18288	0.03309	0.02318	0.03143	0.01866	0.02317	0.01414	0.00935	0.01020	0.00316	0.01544	0.00885	0.00475	0.01445
200	0.01496	0.01123	0.01397	0.01356	0.01609	0.01073	0.01005	0.02121	0.07148	0.03806	0.41397	0.15302	0.12797	0.02238	0.01211	0.00340	0.00530	0.01972	0.01083	0.00996
201	0.02034	0.01774	0.07954	0.15744	0.03310	0.01491	0.01801	0.02574	0.02449	0.10851	0.17749	0.10596	0.11220	0.01809	0.01137	0.00346	0.00896	0.04244	0.00869	0.01150
202	0.02259	0.07291	0.31714	0.02269	0.03310	0.02080	0.02587	0.06387	0.02551	0.08227	0.12654	0.03914	0.07724	0.01352	0.01027	0.00318	0.01140	0.01097	0.00714	0.01385
203	0.71184	0.01985	0.01508	0.01350	0.01985	0.02302	0.01111	0.03017	0.01746	0.04604	0.01429	0.01667	0.01111	0.00953	0.00635	0.00318	0.00794	0.00556	0.00635	0.01111
204	0.01281	0.00935	0.01205	0.01364	0.01485	0.00860	0.00937	0.01519	0.02164	0.02889	0.14848	0.48184	0.12623	0.02961	0.01283	0.00393	0.00569	0.02658	0.00983	0.00860
205	0.03396	0.04162	0.02973	0.02658	0.03041	0.44203	0.02055	0.03649	0.02540	0.02500	0.01520	0.01959	0.01329	0.01261	0.01598	0.00315	0.18436	0.00726	0.00507	0.01171
206	0.02744	0.64552	0.05378	0.01756	0.02634	0.04061	0.01756	0.03073	0.02085	0.02414	0.01427	0.01646	0.01317	0.00878	0.00658	0.00219	0.01097	0.00549	0.00439	0.01317
