[name]
unknown

[dist]
# distance from previous block
# <min> <max>
0	943

[block]
# block no. 0 follows, 10 sequences, length 49
# corresponding to MSA columns:
# 1035-1083
name=unknown_A
#
# <colnr> <probs for GDERKNQSTAVLIFYWHMCP>
#	G	D	E	R	K	N	Q	S	T	A	V	L	I	F	Y	W	H	M	C	P
0	0.01736	0.01339	0.01963	0.12648	0.03201	0.01412	0.01792	0.02173	0.02409	0.03154	0.05459	0.31086	0.06115	0.02997	0.01465	0.00478	0.00991	0.17559	0.00965	0.01059
1	0.01592	0.01187	0.01480	0.01407	0.01705	0.01074	0.01055	0.02091	0.03165	0.04362	0.43436	0.09184	0.18984	0.02490	0.01372	0.00371	0.00557	0.02173	0.01241	0.01074
2	0.15544	0.02961	0.05842	0.04234	0.05320	0.02875	0.38456	0.03665	0.02593	0.04021	0.02208	0.02890	0.01665	0.01000	0.01243	0.00386	0.01751	0.01225	0.00614	0.01507
3	0.02020	0.01010	0.01515	0.01515	0.01515	0.01010	0.01010	0.01515	0.01515	0.02020	0.02020	0.03535	0.02020	0.04040	0.04545	0.66162	0.01010	0.01010	0.00505	0.00505
4	0.01667	0.01223	0.01750	0.01750	0.01917	0.01389	0.01305	0.02000	0.01834	0.02612	0.03224	0.05172	0.03169	0.18710	0.44888	0.01722	0.02721	0.01334	0.00639	0.00972
5	0.02412	0.02067	0.02412	0.01723	0.02756	0.01550	0.01378	0.02929	0.02412	0.03790	0.02067	0.02412	0.01723	0.00861	0.00861	0.00172	0.00861	0.00689	0.00689	0.66236
6	0.67341	0.02249	0.01709	0.01529	0.02249	0.02609	0.01260	0.03419	0.01979	0.05218	0.01619	0.01889	0.01260	0.01080	0.00720	0.00360	0.00900	0.00630	0.00720	0.01260
7	0.02545	0.02545	0.03562	0.03053	0.03053	0.03562	0.02545	0.02799	0.01781	0.02799	0.01527	0.02545	0.01527	0.02036	0.03817	0.00509	0.56997	0.01018	0.00509	0.01272
8	0.01474	0.01210	0.01316	0.01369	0.01737	0.01053	0.01080	0.01816	0.02656	0.03209	0.10668	0.11575	0.42541	0.02998	0.01421	0.00421	0.00685	0.10695	0.01078	0.00999
9	0.05218	0.01979	0.02699	0.02069	0.02969	0.01709	0.01709	0.05668	0.03329	0.52677	0.04588	0.03959	0.02879	0.01439	0.01170	0.00360	0.00990	0.01170	0.01439	0.01979
10	0.02461	0.02337	0.03967	0.37241	0.25031	0.02654	0.03362	0.03204	0.02451	0.03293	0.02114	0.03015	0.01664	0.01114	0.01158	0.00371	0.01485	0.01035	0.00540	0.01506
11	0.05218	0.01979	0.02699	0.02069	0.02969	0.01709	0.01709	0.05668	0.03329	0.52677	0.04588	0.03959	0.02879	0.01439	0.01170	0.00360	0.00990	0.01170	0.01439	0.01979
12	0.02444	0.05319	0.43100	0.03127	0.04636	0.02739	0.03810	0.04178	0.11830	0.03917	0.02612	0.02829	0.01885	0.01199	0.01121	0.00374	0.01561	0.00950	0.00628	0.01743
13	0.02196	0.02067	0.03488	0.56331	0.08010	0.02584	0.03230	0.02972	0.02326	0.02972	0.02067	0.03101	0.01550	0.01163	0.01163	0.00388	0.01550	0.01034	0.00517	0.01292
14	0.02981	0.03279	0.13677	0.08135	0.04505	0.07414	0.14331	0.03722	0.02718	0.12087	0.03307	0.12474	0.02870	0.01580	0.01251	0.00386	0.01497	0.01472	0.00798	0.01517
15	0.01417	0.01012	0.01350	0.01619	0.01687	0.00945	0.01080	0.01619	0.02227	0.02969	0.06410	0.58367	0.07692	0.03644	0.01484	0.00472	0.00675	0.03306	0.01080	0.00945
16	0.02604	0.02584	0.04697	0.24577	0.26854	0.02733	0.12179	0.03383	0.02550	0.03484	0.02177	0.03011	0.01721	0.01071	0.01199	0.00370	0.01558	0.01102	0.00557	0.01588
17	0.03018	0.09049	0.26841	0.13447	0.04989	0.02754	0.03289	0.07445	0.02810	0.11820	0.02511	0.02807	0.01763	0.01186	0.01100	0.00359	0.01488	0.00939	0.00707	0.01678
18	0.02527	0.02751	0.05811	0.04221	0.05218	0.02576	0.38424	0.03422	0.02853	0.03911	0.12043	0.04237	0.03589	0.01257	0.01372	0.00387	0.01681	0.01517	0.00725	0.01475
19	0.01417	0.01012	0.01350	0.01619	0.01687	0.00945	0.01080	0.01619	0.02227	0.02969	0.06410	0.58367	0.07692	0.03644	0.01484	0.00472	0.00675	0.03306	0.01080	0.00945
20	0.14346	0.02700	0.03862	0.09811	0.30528	0.02872	0.02890	0.11505	0.03011	0.04609	0.02187	0.02710	0.01739	0.01120	0.01079	0.00352	0.01294	0.00967	0.00702	0.01715
21	0.14272	0.02340	0.03111	0.02643	0.03316	0.06589	0.10839	0.03646	0.02744	0.12902	0.03942	0.06525	0.03610	0.01894	0.01276	0.00423	0.01292	0.16298	0.00941	0.01395
22	0.01646	0.01189	0.01555	0.01463	0.01738	0.01097	0.01097	0.02195	0.03292	0.04664	0.51257	0.08688	0.10974	0.02378	0.01372	0.00366	0.00549	0.02103	0.01280	0.01097
23	0.03109	0.59826	0.06095	0.01990	0.02985	0.04602	0.01990	0.03483	0.02363	0.02736	0.01617	0.01866	0.01493	0.00995	0.00746	0.00249	0.01244	0.00622	0.00498	0.01493
24	0.02698	0.01364	0.01681	0.01484	0.01932	0.01241	0.01154	0.03194	0.02994	0.16914	0.21642	0.06463	0.10597	0.01898	0.01160	0.00340	0.00666	0.01604	0.19664	0.01312
25	0.01646	0.01189	0.01555	0.01463	0.01738	0.01097	0.01097	0.02195	0.03292	0.04664	0.51257	0.08688	0.10974	0.02378	0.01372	0.00366	0.00549	0.02103	0.01280	0.01097
26	0.01478	0.01059	0.01404	0.01578	0.01700	0.00985	0.01084	0.01771	0.02508	0.03417	0.18262	0.45238	0.08560	0.03309	0.01455	0.00444	0.00641	0.02988	0.01133	0.00985
27	0.02333	0.06016	0.53100	0.03315	0.05034	0.02701	0.04297	0.03683	0.02455	0.03683	0.02087	0.02455	0.01473	0.01105	0.01105	0.00368	0.01719	0.00859	0.00491	0.01719
28	0.01619	0.01188	0.01517	0.01435	0.01721	0.01086	0.01076	0.02143	0.03228	0.04513	0.47336	0.08937	0.14990	0.02434	0.01372	0.00368	0.00553	0.02138	0.01260	0.01086
29	0.02196	0.02067	0.03488	0.56331	0.08010	0.02584	0.03230	0.02972	0.02326	0.02972	0.02067	0.03101	0.01550	0.01163	0.01163	0.00388	0.01550	0.01034	0.00517	0.01292
30	0.03109	0.59826	0.06095	0.01990	0.02985	0.04602	0.01990	0.03483	0.02363	0.02736	0.01617	0.01866	0.01493	0.00995	0.00746	0.00249	0.01244	0.00622	0.00498	0.01493
31	0.10375	0.01765	0.02229	0.01859	0.02549	0.01600	0.01481	0.04379	0.02940	0.34846	0.05239	0.14062	0.07761	0.01926	0.01199	0.00383	0.00890	0.01607	0.01273	0.01638
32	0.02196	0.02067	0.03488	0.56331	0.08010	0.02584	0.03230	0.02972	0.02326	0.02972	0.02067	0.03101	0.01550	0.01163	0.01163	0.00388	0.01550	0.01034	0.00517	0.01292
33	0.01465	0.01122	0.01217	0.01293	0.01582	0.00982	0.00932	0.01758	0.02510	0.03212	0.09477	0.23793	0.34290	0.02984	0.01350	0.00403	0.00609	0.02558	0.07481	0.00982
34	0.02309	0.01979	0.02289	0.01669	0.02638	0.01494	0.01329	0.02803	0.02435	0.03725	0.03032	0.03284	0.06658	0.01068	0.00912	0.00194	0.00834	0.00864	0.00728	0.59753
35	0.01873	0.01349	0.01650	0.01707	0.01929	0.01337	0.01256	0.06443	0.02650	0.03511	0.09532	0.26216	0.10063	0.14171	0.02337	0.00587	0.00884	0.10438	0.01028	0.01039
36	0.04698	0.02813	0.03215	0.02465	0.03385	0.02947	0.02036	0.33279	0.04725	0.23095	0.03417	0.03198	0.02291	0.01411	0.01166	0.00353	0.01179	0.01090	0.01259	0.01978
37	0.03196	0.02649	0.02800	0.02428	0.03140	0.03034	0.01914	0.14465	0.40992	0.05354	0.04349	0.04033	0.03239	0.01542	0.01179	0.00385	0.00992	0.01262	0.01179	0.01868
38	0.03573	0.02433	0.02968	0.07738	0.03514	0.02760	0.02071	0.16183	0.11686	0.14431	0.03308	0.03431	0.02412	0.01514	0.01566	0.00382	0.10162	0.01116	0.07061	0.01688
39	0.02901	0.03139	0.03510	0.03042	0.03161	0.13646	0.02486	0.03165	0.02081	0.02808	0.01580	0.02456	0.01521	0.01870	0.03268	0.00467	0.46120	0.00965	0.00527	0.01287
40	0.02599	0.02178	0.02512	0.01812	0.02836	0.01742	0.01456	0.07133	0.02697	0.04120	0.02135	0.02447	0.01746	0.00911	0.00890	0.00189	0.00900	0.00722	0.00733	0.60241
41	0.02677	0.24505	0.14074	0.03217	0.04311	0.03319	0.18508	0.03419	0.02501	0.03275	0.02436	0.08027	0.02201	0.01272	0.01104	0.00343	0.01524	0.01196	0.00586	0.01505
42	0.01460	0.01133	0.01329	0.01383	0.01649	0.01002	0.00998	0.01795	0.02699	0.03499	0.20791	0.24270	0.27833	0.02997	0.01406	0.00409	0.00603	0.02609	0.01134	0.01002
43	0.04165	0.02012	0.02591	0.01939	0.02889	0.01650	0.01585	0.04640	0.02985	0.34323	0.03642	0.03378	0.02445	0.01222	0.01054	0.00289	0.00941	0.00989	0.01158	0.26103
44	0.03291	0.08139	0.08854	0.13854	0.09156	0.07637	0.06341	0.11315	0.07812	0.08399	0.02645	0.02969	0.01963	0.01223	0.01130	0.00354	0.01452	0.01025	0.00785	0.01658
45	0.01901	0.01011	0.01482	0.01536	0.01549	0.00997	0.01024	0.01536	0.01656	0.02208	0.02890	0.14400	0.03144	0.03962	0.03939	0.53146	0.00944	0.01465	0.00619	0.00592
46	0.01610	0.01165	0.01293	0.01261	0.01591	0.01040	0.00946	0.02037	0.02837	0.03884	0.24152	0.09107	0.28732	0.02466	0.01274	0.00362	0.00567	0.02090	0.12546	0.01040
47	0.55032	0.02196	0.01905	0.01636	0.02392	0.02431	0.01349	0.03864	0.02247	0.14621	0.02208	0.02299	0.01580	0.01151	0.00809	0.00360	0.00918	0.00737	0.00862	0.01402
48	0.09072	0.08313	0.13036	0.02511	0.03450	0.07465	0.02361	0.15954	0.12462	0.04955	0.06673	0.03283	0.02765	0.01374	0.01088	0.00351	0.01271	0.01048	0.00899	0.01669

[dist]
# distance from previous block
# <min> <max>
0	15

[block]
# block no. 1 follows, 10 sequences, length 30
# corresponding to MSA columns:
# 1099-1128
name=unknown_B
#
# <colnr> <probs for GDERKNQSTAVLIFYWHMCP>
#	G	D	E	R	K	N	Q	S	T	A	V	L	I	F	Y	W	H	M	C	P
0	0.02879	0.02763	0.04721	0.07139	0.51871	0.02763	0.03569	0.03569	0.02648	0.03800	0.02188	0.02879	0.01842	0.01036	0.01151	0.00345	0.01382	0.01036	0.00576	0.01842
1	0.02082	0.01747	0.02308	0.11978	0.03450	0.01577	0.01692	0.02571	0.02371	0.03408	0.03473	0.17238	0.03570	0.01797	0.01132	0.00316	0.00962	0.04928	0.00784	0.32616
2	0.02175	0.02025	0.03287	0.44500	0.06783	0.02531	0.02923	0.02868	0.02370	0.03136	0.07335	0.03644	0.02568	0.01391	0.01479	0.00399	0.07570	0.01148	0.00599	0.01269
3	0.01476	0.01133	0.01351	0.01401	0.01659	0.01009	0.01011	0.01826	0.02736	0.03588	0.23096	0.24238	0.25351	0.02965	0.01406	0.00407	0.00601	0.02590	0.01145	0.01009
4	0.01591	0.01222	0.01476	0.01607	0.01817	0.01179	0.01128	0.02180	0.07647	0.03349	0.10882	0.39503	0.15702	0.03181	0.01421	0.00440	0.00676	0.02829	0.01107	0.01063
5	0.01504	0.01138	0.01388	0.01421	0.01675	0.01022	0.01029	0.01884	0.02814	0.03755	0.27451	0.22860	0.22050	0.02888	0.01403	0.00403	0.00595	0.02533	0.01167	0.01022
6	0.01479	0.01095	0.01391	0.01570	0.01742	0.01007	0.01123	0.01770	0.02467	0.03236	0.12263	0.39533	0.16255	0.03331	0.01463	0.00452	0.00684	0.07055	0.01101	0.00981
7	0.04345	0.05543	0.03296	0.02996	0.03596	0.54457	0.02247	0.04644	0.03296	0.02846	0.01798	0.02097	0.01498	0.01199	0.01049	0.00300	0.02097	0.00749	0.00599	0.01348
8	0.02324	0.02198	0.03720	0.47101	0.16240	0.02618	0.03294	0.03084	0.02386	0.03127	0.02090	0.03059	0.01605	0.01139	0.01161	0.00380	0.01519	0.01034	0.00528	0.01395
9	0.04474	0.02359	0.03008	0.02628	0.07198	0.02312	0.01964	0.17809	0.03906	0.30866	0.07880	0.03928	0.03222	0.01473	0.01184	0.00356	0.01071	0.01202	0.01270	0.01891
10	0.03109	0.59826	0.06095	0.01990	0.02985	0.04602	0.01990	0.03483	0.02363	0.02736	0.01617	0.01866	0.01493	0.00995	0.00746	0.00249	0.01244	0.00622	0.00498	0.01493
11	0.02152	0.02450	0.12576	0.02344	0.02945	0.01786	0.02263	0.07324	0.02841	0.03832	0.05006	0.18309	0.05301	0.02665	0.01433	0.00469	0.01153	0.22912	0.00962	0.01277
12	0.02264	0.01335	0.01697	0.01522	0.01937	0.01190	0.01171	0.02746	0.03176	0.13381	0.34936	0.08280	0.17202	0.02310	0.01334	0.00370	0.00639	0.01995	0.01272	0.01241
13	0.04047	0.09765	0.03970	0.02822	0.03702	0.12977	0.06908	0.23788	0.07327	0.09275	0.02717	0.02802	0.01997	0.01287	0.01120	0.00337	0.01451	0.01007	0.00948	0.01754
14	0.02838	0.16149	0.22551	0.02425	0.03697	0.02671	0.02659	0.03633	0.02517	0.08814	0.02250	0.02477	0.01703	0.01046	0.00962	0.00284	0.01285	0.00791	0.00653	0.20595
15	0.19900	0.02442	0.03434	0.08632	0.12861	0.02522	0.07215	0.07877	0.02879	0.17206	0.02732	0.02954	0.01941	0.01191	0.01073	0.00363	0.01228	0.01006	0.00885	0.01657
16	0.02678	0.31131	0.20593	0.02255	0.03352	0.03318	0.02527	0.03404	0.02408	0.03347	0.02180	0.02523	0.01766	0.01099	0.00877	0.00292	0.01268	0.00787	0.12707	0.01490
17	0.02537	0.02186	0.03277	0.40836	0.06557	0.02613	0.02825	0.11285	0.02905	0.03789	0.02634	0.08525	0.02240	0.01453	0.01195	0.00389	0.01413	0.01262	0.00694	0.01386
18	0.03905	0.02993	0.09555	0.03554	0.09232	0.02537	0.13965	0.11333	0.03347	0.22689	0.03215	0.03291	0.02193	0.01237	0.01211	0.00366	0.01402	0.01155	0.00986	0.01832
19	0.04041	0.02207	0.03533	0.14753	0.09800	0.02146	0.07082	0.04644	0.02974	0.31290	0.03538	0.03566	0.02358	0.01286	0.01187	0.00368	0.01257	0.01147	0.01053	0.01771
20	0.02620	0.01192	0.01737	0.01619	0.01788	0.01141	0.01141	0.02294	0.01855	0.11525	0.02502	0.03615	0.02181	0.03552	0.03912	0.53815	0.01006	0.01040	0.00680	0.00782
21	0.02223	0.01780	0.02305	0.13160	0.03447	0.01949	0.01781	0.07751	0.11075	0.04310	0.19571	0.15485	0.06185	0.02123	0.01295	0.00393	0.00921	0.01861	0.01055	0.01329
22	0.03598	0.02354	0.03275	0.27573	0.05490	0.02614	0.02551	0.15470	0.03419	0.17609	0.02941	0.03253	0.02023	0.01299	0.01165	0.00370	0.01327	0.01074	0.00936	0.01658
23	0.02145	0.01845	0.02709	0.12433	0.03411	0.02369	0.02072	0.02406	0.01858	0.02658	0.02220	0.03651	0.02126	0.08429	0.14537	0.09798	0.22584	0.01126	0.00551	0.01073
24	0.01614	0.01109	0.01355	0.01428	0.01469	0.01114	0.00887	0.01714	0.01855	0.02495	0.04344	0.20935	0.05017	0.38743	0.09990	0.01032	0.01221	0.02078	0.00797	0.00805
25	0.03524	0.03104	0.04166	0.10027	0.24199	0.12260	0.07569	0.04133	0.02879	0.12968	0.02583	0.02990	0.01941	0.01151	0.01160	0.00349	0.01518	0.01043	0.00742	0.01693
26	0.15272	0.02414	0.03745	0.13381	0.10994	0.02601	0.10117	0.03807	0.02524	0.13930	0.02512	0.02966	0.01845	0.01253	0.01409	0.00385	0.07487	0.01043	0.00766	0.01549
27	0.15152	0.02971	0.07790	0.11633	0.09828	0.06103	0.11128	0.04047	0.07267	0.09250	0.02572	0.02952	0.01902	0.01167	0.01109	0.00369	0.01415	0.01032	0.00745	0.01567
28	0.35749	0.01976	0.02135	0.07505	0.07028	0.02196	0.01692	0.03046	0.02395	0.04577	0.11528	0.04612	0.03762	0.01563	0.01021	0.00382	0.00959	0.05779	0.00831	0.01262
29	0.14642	0.03245	0.14491	0.03403	0.09199	0.02649	0.11922	0.03558	0.06498	0.03963	0.03267	0.03628	0.06974	0.01380	0.01358	0.00386	0.06076	0.01163	0.00687	0.01510

[dist]
# distance from previous block
# <min> <max>
9	50

[block]
# block no. 2 follows, 10 sequences, length 11
# corresponding to MSA columns:
# 1179-1189
name=unknown_C
#
# <colnr> <probs for GDERKNQSTAVLIFYWHMCP>
#	G	D	E	R	K	N	Q	S	T	A	V	L	I	F	Y	W	H	M	C	P
0	0.67341	0.02249	0.01709	0.01529	0.02249	0.02609	0.01260	0.03419	0.01979	0.05218	0.01619	0.01889	0.01260	0.01080	0.00720	0.00360	0.00900	0.00630	0.00720	0.01260
1	0.10978	0.17978	0.03949	0.08451	0.15623	0.02881	0.02280	0.03556	0.02508	0.10510	0.02757	0.08744	0.02437	0.01386	0.01027	0.00341	0.01167	0.01141	0.00745	0.01543
2	0.67341	0.02249	0.01709	0.01529	0.02249	0.02609	0.01260	0.03419	0.01979	0.05218	0.01619	0.01889	0.01260	0.01080	0.00720	0.00360	0.00900	0.00630	0.00720	0.01260
3	0.02079	0.01550	0.01878	0.01689	0.02075	0.01557	0.01296	0.07629	0.08308	0.04977	0.41158	0.07594	0.09224	0.02188	0.01330	0.00367	0.00667	0.01906	0.01258	0.01270
4	0.17857	0.03176	0.08041	0.13049	0.11486	0.06856	0.02590	0.15342	0.03218	0.04825	0.02158	0.02572	0.01631	0.01184	0.01046	0.00356	0.01363	0.00907	0.00748	0.01595
5	0.08105	0.02373	0.03851	0.16879	0.10519	0.02347	0.11676	0.03556	0.02564	0.09699	0.02414	0.02938	0.01806	0.01072	0.01104	0.00331	0.01343	0.01012	0.00706	0.15706
6	0.01613	0.01164	0.01525	0.01486	0.01730	0.01076	0.01095	0.02112	0.03140	0.04421	0.44836	0.15801	0.10504	0.02559	0.01388	0.00381	0.00567	0.02276	0.01252	0.01076
7	0.02652	0.02322	0.03619	0.21793	0.22046	0.02535	0.02966	0.08614	0.02895	0.03901	0.02983	0.04904	0.02693	0.01539	0.01244	0.00396	0.01365	0.09280	0.00724	0.01530
8	0.02945	0.03926	0.22713	0.04778	0.21937	0.02636	0.09922	0.03892	0.02674	0.09757	0.02469	0.02892	0.01822	0.01103	0.01168	0.00362	0.01541	0.01035	0.00652	0.01774
9	0.02654	0.02815	0.17264	0.02221	0.03060	0.01717	0.02257	0.03354	0.02800	0.15075	0.11936	0.12241	0.09314	0.02067	0.01282	0.00398	0.01075	0.05998	0.01016	0.01457
10	0.03984	0.01839	0.02387	0.02005	0.02659	0.01702	0.01579	0.09418	0.03249	0.32439	0.04925	0.20151	0.04218	0.02096	0.01263	0.00392	0.00929	0.01797	0.01299	0.01669

[dist]
# distance from previous block
# <min> <max>
0	11

[block]
# block no. 3 follows, 10 sequences, length 10
# corresponding to MSA columns:
# 1201-1210
name=unknown_D
#
# <colnr> <probs for GDERKNQSTAVLIFYWHMCP>
#	G	D	E	R	K	N	Q	S	T	A	V	L	I	F	Y	W	H	M	C	P
0	0.02835	0.01827	0.02205	0.02042	0.02490	0.01862	0.01576	0.15748	0.03363	0.10749	0.05092	0.30258	0.05295	0.02656	0.01363	0.00429	0.00934	0.06732	0.01150	0.01394
1	0.03127	0.07908	0.08478	0.02956	0.09700	0.07922	0.02224	0.10172	0.03071	0.10243	0.03668	0.18285	0.03524	0.01893	0.01197	0.00372	0.01218	0.01603	0.00905	0.01533
2	0.02414	0.01390	0.01879	0.01797	0.02191	0.01293	0.01464	0.02939	0.03104	0.13634	0.27813	0.09178	0.08035	0.02461	0.01407	0.00419	0.00801	0.15274	0.01245	0.01261
3	0.12990	0.02487	0.02863	0.02223	0.03111	0.02528	0.01836	0.21024	0.03945	0.29749	0.03539	0.03259	0.02336	0.01377	0.01109	0.00356	0.01085	0.01054	0.01244	0.01885
4	0.03171	0.02761	0.11591	0.03003	0.10539	0.02174	0.02354	0.04434	0.12879	0.17218	0.12902	0.04532	0.04193	0.01532	0.01198	0.00368	0.01076	0.01308	0.01057	0.01712
5	0.03699	0.03625	0.19845	0.03413	0.10296	0.02466	0.06305	0.09120	0.03139	0.21781	0.03099	0.03140	0.02105	0.01239	0.01161	0.00362	0.01383	0.01053	0.00924	0.01845
6	0.01455	0.01101	0.01343	0.01452	0.01663	0.00989	0.01024	0.01761	0.02589	0.03394	0.17899	0.33201	0.21603	0.03154	0.01427	0.00425	0.00621	0.02785	0.01124	0.00989
7	0.17656	0.04847	0.02961	0.02686	0.03311	0.43501	0.02038	0.04385	0.03018	0.03348	0.01760	0.02053	0.01448	0.01173	0.00979	0.00312	0.01844	0.00724	0.00625	0.01330
8	0.03796	0.02819	0.15495	0.02275	0.03196	0.01818	0.02231	0.04277	0.02720	0.29291	0.03398	0.03480	0.02334	0.01903	0.01866	0.14267	0.01183	0.01056	0.00997	0.01600
9	0.02570	0.02393	0.04008	0.05972	0.41267	0.02379	0.03043	0.03157	0.02559	0.03624	0.03080	0.14604	0.03078	0.01587	0.01222	0.00372	0.01232	0.01516	0.00682	0.01653

[dist]
# distance from previous block
# <min> <max>
0	1

[block]
# block no. 4 follows, 10 sequences, length 31
# corresponding to MSA columns:
# 1212-1242
name=unknown_E
#
# <colnr> <probs for GDERKNQSTAVLIFYWHMCP>
#	G	D	E	R	K	N	Q	S	T	A	V	L	I	F	Y	W	H	M	C	P
0	0.03284	0.01800	0.02358	0.06587	0.03032	0.01570	0.01583	0.03753	0.02845	0.23233	0.08029	0.08814	0.07946	0.01647	0.01147	0.00325	0.00910	0.01389	0.01086	0.18660
1	0.09369	0.02491	0.03288	0.07544	0.07562	0.06695	0.06260	0.04817	0.03023	0.31773	0.03490	0.03395	0.02328	0.01291	0.01140	0.00359	0.01250	0.01086	0.01080	0.01758
2	0.02452	0.03335	0.16998	0.26454	0.21369	0.02673	0.03621	0.03352	0.02464	0.03427	0.02111	0.02859	0.01624	0.01107	0.01144	0.00369	0.01541	0.00988	0.00529	0.01582
3	0.61807	0.02338	0.01866	0.01630	0.02369	0.02697	0.01343	0.07340	0.02286	0.05404	0.01723	0.01969	0.01323	0.01107	0.00759	0.00359	0.00933	0.00666	0.00759	0.01323
4	0.01623	0.01291	0.01915	0.16079	0.03358	0.01378	0.01648	0.01977	0.02253	0.02970	0.05262	0.43761	0.06069	0.02988	0.01399	0.00450	0.00906	0.02706	0.00931	0.01036
5	0.19306	0.02001	0.03059	0.06829	0.03539	0.02072	0.12886	0.02854	0.02373	0.03836	0.03759	0.17805	0.03878	0.02041	0.01250	0.00427	0.01187	0.08849	0.00818	0.01230
6	0.03203	0.02374	0.02723	0.02007	0.03001	0.02109	0.01629	0.15093	0.03305	0.09257	0.02493	0.02656	0.01897	0.01056	0.00970	0.00236	0.00984	0.00828	0.00884	0.43297
7	0.02232	0.03111	0.16600	0.42319	0.07224	0.02615	0.03512	0.03160	0.02360	0.03160	0.02072	0.02930	0.01530	0.01148	0.01148	0.00383	0.01595	0.00988	0.00510	0.01405
8	0.02270	0.01875	0.02270	0.01833	0.02665	0.01494	0.01509	0.02791	0.02482	0.03708	0.03148	0.05242	0.03036	0.01483	0.01058	0.00268	0.00917	0.12147	0.00790	0.49013
9	0.02590	0.01398	0.01857	0.01623	0.02063	0.01259	0.01259	0.03113	0.03302	0.17353	0.38923	0.07438	0.08835	0.02130	0.01318	0.00364	0.00665	0.01857	0.01322	0.01330
10	0.01990	0.01788	0.02923	0.41871	0.06339	0.02151	0.02662	0.02614	0.02299	0.02971	0.03215	0.17707	0.03174	0.01818	0.01248	0.00410	0.01319	0.01634	0.00666	0.01200
11	0.03754	0.01940	0.02464	0.02163	0.02835	0.01907	0.01786	0.04935	0.14749	0.27740	0.05039	0.06475	0.04055	0.01943	0.01288	0.00415	0.00994	0.12537	0.01278	0.01705
12	0.02987	0.01458	0.01892	0.01745	0.02218	0.01355	0.01430	0.03498	0.02932	0.19755	0.12612	0.07263	0.05266	0.02044	0.01231	0.00385	0.00827	0.12636	0.17092	0.01372
13	0.01644	0.01201	0.01552	0.01500	0.01783	0.01109	0.01148	0.02171	0.03186	0.04436	0.44071	0.09282	0.13894	0.02497	0.01393	0.00383	0.00598	0.05821	0.01246	0.01086
14	0.02435	0.01392	0.01642	0.01461	0.01968	0.01193	0.01137	0.02813	0.02936	0.16486	0.16418	0.08866	0.31882	0.02453	0.01320	0.00380	0.00688	0.02057	0.01208	0.01265
15	0.67341	0.02249	0.01709	0.01529	0.02249	0.02609	0.01260	0.03419	0.01979	0.05218	0.01619	0.01889	0.01260	0.01080	0.00720	0.00360	0.00900	0.00630	0.00720	0.01260
16	0.01999	0.01528	0.01822	0.01753	0.01993	0.01699	0.01247	0.03002	0.14455	0.03088	0.03770	0.05765	0.03623	0.27661	0.20341	0.01173	0.01714	0.01448	0.00805	0.01113
17	0.02412	0.02067	0.02412	0.01723	0.02756	0.01550	0.01378	0.02929	0.02412	0.03790	0.02067	0.02412	0.01723	0.00861	0.00861	0.00172	0.00861	0.00689	0.00689	0.66236
18	0.04345	0.05543	0.03296	0.02996	0.03596	0.54457	0.02247	0.04644	0.03296	0.02846	0.01798	0.02097	0.01498	0.01199	0.01049	0.00300	0.02097	0.00749	0.00599	0.01348
19	0.01909	0.01532	0.01746	0.01632	0.02037	0.01543	0.01241	0.03119	0.15418	0.04343	0.29252	0.08155	0.18955	0.02306	0.01323	0.00380	0.00657	0.01981	0.01205	0.01265
20	0.67341	0.02249	0.01709	0.01529	0.02249	0.02609	0.01260	0.03419	0.01979	0.05218	0.01619	0.01889	0.01260	0.01080	0.00720	0.00360	0.00900	0.00630	0.00720	0.01260
21	0.02879	0.02763	0.04721	0.07139	0.51871	0.02763	0.03569	0.03569	0.02648	0.03800	0.02188	0.02879	0.01842	0.01036	0.01151	0.00345	0.01382	0.01036	0.00576	0.01842
22	0.04421	0.03258	0.03490	0.02676	0.03607	0.03607	0.02211	0.47993	0.05468	0.07330	0.02792	0.02792	0.01978	0.01396	0.01163	0.00349	0.01280	0.01047	0.01163	0.01978
23	0.04420	0.02003	0.02908	0.16410	0.04301	0.01941	0.02111	0.04955	0.03064	0.39540	0.03922	0.03732	0.02528	0.01366	0.01168	0.00367	0.01138	0.01134	0.01196	0.01798
24	0.01410	0.01038	0.01322	0.01550	0.01669	0.00951	0.01049	0.01627	0.02294	0.02996	0.07259	0.50914	0.14598	0.03533	0.01467	0.00460	0.00661	0.03172	0.01080	0.00951
25	0.01375	0.01178	0.01178	0.01178	0.01571	0.00982	0.00884	0.01669	0.02651	0.03142	0.11782	0.11193	0.51399	0.02946	0.01375	0.00393	0.00589	0.02455	0.01080	0.00982
26	0.04345	0.05543	0.03296	0.02996	0.03596	0.54457	0.02247	0.04644	0.03296	0.02846	0.01798	0.02097	0.01498	0.01199	0.01049	0.00300	0.02097	0.00749	0.00599	0.01348
27	0.02995	0.02044	0.03280	0.41990	0.06678	0.02353	0.02828	0.03684	0.02591	0.16108	0.02734	0.03327	0.01902	0.01236	0.01165	0.00380	0.01402	0.01070	0.00761	0.01474
28	0.01538	0.01098	0.01488	0.01758	0.01878	0.01049	0.01290	0.01828	0.02346	0.03104	0.06344	0.46408	0.07428	0.03530	0.01517	0.00489	0.00779	0.14073	0.01077	0.00978
29	0.02109	0.01765	0.02508	0.03145	0.15176	0.01780	0.01863	0.03037	0.10144	0.04035	0.19543	0.19148	0.06558	0.02221	0.01313	0.00392	0.00859	0.02005	0.01028	0.01372
30	0.18996	0.03539	0.02393	0.02273	0.02761	0.27619	0.01697	0.03545	0.02691	0.03460	0.02973	0.16918	0.03077	0.01816	0.01083	0.00360	0.01428	0.01396	0.00756	0.01220

[dist]
# distance from previous block
# <min> <max>
0	58

[block]
# block no. 5 follows, 10 sequences, length 22
# corresponding to MSA columns:
# 1301-1322
name=unknown_F
#
# <colnr> <probs for GDERKNQSTAVLIFYWHMCP>
#	G	D	E	R	K	N	Q	S	T	A	V	L	I	F	Y	W	H	M	C	P
0	0.03236	0.03326	0.03627	0.25730	0.12948	0.17275	0.02856	0.10263	0.03117	0.03717	0.02119	0.02739	0.01645	0.01188	0.01129	0.00351	0.01637	0.00956	0.00646	0.01496
1	0.02599	0.02215	0.03697	0.40895	0.17343	0.02551	0.03179	0.03328	0.02481	0.07277	0.02303	0.03122	0.01725	0.01158	0.01161	0.00376	0.01466	0.01045	0.00606	0.01471
2	0.03233	0.01831	0.02607	0.17107	0.04052	0.01880	0.01980	0.04019	0.06608	0.22182	0.16449	0.05020	0.04737	0.01625	0.01223	0.00372	0.01023	0.01394	0.01119	0.01539
3	0.03174	0.01440	0.01794	0.01539	0.02044	0.01319	0.01213	0.03683	0.02971	0.22315	0.15366	0.05230	0.04842	0.01629	0.01078	0.00326	0.00709	0.01358	0.26551	0.01419
4	0.03572	0.12303	0.03066	0.06598	0.03065	0.02141	0.01721	0.04064	0.03056	0.25832	0.16883	0.04826	0.04775	0.01597	0.01148	0.00344	0.00961	0.01319	0.01143	0.01584
5	0.04644	0.02900	0.03269	0.02506	0.03428	0.03076	0.02070	0.36154	0.04870	0.20014	0.03295	0.03119	0.02230	0.01408	0.01165	0.00352	0.01199	0.01081	0.01241	0.01978
6	0.22596	0.02055	0.02422	0.01918	0.02768	0.01961	0.01584	0.05039	0.02951	0.39401	0.03758	0.03380	0.02426	0.01339	0.01044	0.00360	0.00964	0.01019	0.01238	0.01778
7	0.02607	0.18224	0.03442	0.01797	0.02820	0.02404	0.01549	0.03083	0.02398	0.03495	0.01941	0.02259	0.01658	0.00899	0.00829	0.00194	0.00968	0.00670	0.00635	0.48126
8	0.02389	0.02152	0.03548	0.20756	0.24648	0.02310	0.02992	0.03062	0.02558	0.03458	0.03261	0.05811	0.03110	0.01684	0.01282	0.00411	0.01346	0.13066	0.00696	0.01459
9	0.02412	0.02067	0.02412	0.01723	0.02756	0.01550	0.01378	0.02929	0.02412	0.03790	0.02067	0.02412	0.01723	0.00861	0.00861	0.00172	0.00861	0.00689	0.00689	0.66236
10	0.67341	0.02249	0.01709	0.01529	0.02249	0.02609	0.01260	0.03419	0.01979	0.05218	0.01619	0.01889	0.01260	0.01080	0.00720	0.00360	0.00900	0.00630	0.00720	0.01260
11	0.01582	0.01139	0.01497	0.01507	0.01723	0.01055	0.01092	0.02034	0.02994	0.04190	0.38713	0.22584	0.10056	0.02732	0.01403	0.00396	0.00584	0.02440	0.01224	0.01055
12	0.02893	0.02498	0.02630	0.02367	0.03024	0.02893	0.01841	0.06180	0.49770	0.04865	0.04734	0.04339	0.03550	0.01578	0.01183	0.00394	0.00920	0.01315	0.01183	0.01841
13	0.02196	0.02067	0.03488	0.56331	0.08010	0.02584	0.03230	0.02972	0.02326	0.02972	0.02067	0.03101	0.01550	0.01163	0.01163	0.00388	0.01550	0.01034	0.00517	0.01292
14	0.03077	0.20883	0.04348	0.17558	0.04663	0.06937	0.05678	0.07535	0.02829	0.07013	0.02549	0.03588	0.02150	0.01328	0.01078	0.00345	0.01413	0.04856	0.00699	0.01472
15	0.01481	0.01062	0.01407	0.01576	0.01701	0.00987	0.01085	0.01780	0.02525	0.03443	0.18955	0.44470	0.08610	0.03290	0.01453	0.00443	0.00639	0.02970	0.01136	0.00987
16	0.02412	0.02430	0.04545	0.37440	0.11487	0.02700	0.15686	0.03237	0.02472	0.03258	0.02158	0.03091	0.01637	0.01100	0.01220	0.00385	0.01650	0.01129	0.00542	0.01420
17	0.02915	0.01281	0.01846	0.01670	0.01922	0.01206	0.01206	0.02677	0.02022	0.16190	0.02739	0.03654	0.02260	0.03313	0.03601	0.47755	0.01004	0.01055	0.00766	0.00917
18	0.02217	0.01621	0.01729	0.01597	0.01879	0.05796	0.01143	0.02581	0.02848	0.08181	0.29421	0.07386	0.07531	0.18064	0.02598	0.00573	0.00885	0.01786	0.01075	0.01089
19	0.02350	0.02367	0.04432	0.41945	0.07470	0.02684	0.15655	0.03182	0.02443	0.03182	0.02147	0.03111	0.01610	0.01112	0.01221	0.00389	0.01665	0.01128	0.00537	0.01369
20	0.01558	0.01155	0.01453	0.01442	0.01700	0.01050	0.01057	0.02001	0.02991	0.04097	0.36406	0.17987	0.17402	0.02702	0.01392	0.00389	0.00578	0.02379	0.01210	0.01050
21	0.35779	0.11013	0.02978	0.02001	0.02835	0.03252	0.01702	0.19142	0.03265	0.05600	0.02033	0.02204	0.01547	0.01179	0.00880	0.00340	0.01084	0.00776	0.00844	0.01547

[dist]
# distance from previous block
# <min> <max>
0	2

[block]
# block no. 6 follows, 10 sequences, length 57
# corresponding to MSA columns:
# 1325-1381
name=unknown_G
#
# <colnr> <probs for GDERKNQSTAVLIFYWHMCP>
#	G	D	E	R	K	N	Q	S	T	A	V	L	I	F	Y	W	H	M	C	P
0	0.29737	0.02968	0.10546	0.15944	0.04385	0.02789	0.02402	0.11011	0.02742	0.04769	0.02008	0.02442	0.01491	0.01159	0.00969	0.00366	0.01259	0.00840	0.00708	0.01464
1	0.02985	0.27506	0.21530	0.03105	0.08110	0.03427	0.06325	0.03767	0.02532	0.07581	0.02139	0.02430	0.01658	0.01073	0.00986	0.00318	0.01447	0.00842	0.00591	0.01647
2	0.01468	0.01086	0.01372	0.01504	0.01680	0.00990	0.01050	0.01774	0.02571	0.03430	0.18740	0.37613	0.16050	0.03202	0.01437	0.00432	0.00628	0.02854	0.01131	0.00990
3	0.02741	0.44928	0.05020	0.01959	0.02754	0.03801	0.01854	0.03125	0.02238	0.02727	0.01998	0.02553	0.01852	0.02960	0.14421	0.00661	0.01720	0.00781	0.00529	0.01377
4	0.01475	0.01057	0.01402	0.01580	0.01700	0.00984	0.01084	0.01766	0.02498	0.03400	0.17815	0.45733	0.08527	0.03322	0.01456	0.00445	0.00643	0.03000	0.01131	0.00984
5	0.01417	0.01012	0.01350	0.01619	0.01687	0.00945	0.01080	0.01619	0.02227	0.02969	0.06410	0.58367	0.07692	0.03644	0.01484	0.00472	0.00675	0.03306	0.01080	0.00945
6	0.03109	0.59826	0.06095	0.01990	0.02985	0.04602	0.01990	0.03483	0.02363	0.02736	0.01617	0.01866	0.01493	0.00995	0.00746	0.00249	0.01244	0.00622	0.00498	0.01493
7	0.04435	0.02419	0.02872	0.02291	0.03137	0.02467	0.01863	0.15988	0.15654	0.29601	0.04193	0.03775	0.02833	0.01464	0.01172	0.00366	0.01042	0.01177	0.01308	0.01944
8	0.02412	0.02067	0.02412	0.01723	0.02756	0.01550	0.01378	0.02929	0.02412	0.03790	0.02067	0.02412	0.01723	0.00861	0.00861	0.00172	0.00861	0.00689	0.00689	0.66236
9	0.67341	0.02249	0.01709	0.01529	0.02249	0.02609	0.01260	0.03419	0.01979	0.05218	0.01619	0.01889	0.01260	0.01080	0.00720	0.00360	0.00900	0.00630	0.00720	0.01260
10	0.01622	0.01188	0.01521	0.01437	0.01722	0.01087	0.01078	0.02147	0.03234	0.04526	0.47686	0.08914	0.14631	0.02429	0.01372	0.00368	0.00552	0.02135	0.01262	0.01087
11	0.01515	0.01166	0.01410	0.01565	0.01822	0.01061	0.01199	0.01841	0.02521	0.03172	0.08623	0.26860	0.25968	0.03238	0.01469	0.00455	0.00739	0.13305	0.01078	0.00993
12	0.03125	0.02045	0.02485	0.01811	0.02810	0.01591	0.01462	0.03625	0.02645	0.16222	0.02708	0.02805	0.02017	0.01008	0.00940	0.00220	0.00894	0.00811	0.00880	0.49895
13	0.08593	0.02251	0.03560	0.02698	0.03619	0.02032	0.13318	0.04257	0.02867	0.24117	0.03521	0.04166	0.02627	0.01361	0.01176	0.00353	0.01216	0.04980	0.01011	0.12277
14	0.03140	0.02572	0.03489	0.33584	0.06143	0.03018	0.02798	0.22058	0.03658	0.04819	0.02375	0.02970	0.01732	0.01262	0.01163	0.00371	0.01436	0.01039	0.00791	0.01583
15	0.01666	0.01159	0.01453	0.01516	0.01640	0.01125	0.01054	0.01925	0.02344	0.03181	0.16610	0.16855	0.06896	0.26773	0.03356	0.00733	0.00899	0.08942	0.00970	0.00902
16	0.03899	0.02502	0.03079	0.16049	0.04364	0.06873	0.02261	0.08164	0.07051	0.24011	0.03327	0.03404	0.02297	0.01405	0.01373	0.00376	0.05781	0.01089	0.01014	0.01682
17	0.03443	0.45440	0.05432	0.02164	0.03143	0.04349	0.02046	0.14802	0.03153	0.03905	0.01916	0.02101	0.01616	0.01097	0.00852	0.00274	0.01253	0.00730	0.00667	0.01616
18	0.02397	0.02639	0.05417	0.03955	0.04932	0.02443	0.35755	0.03203	0.02721	0.03577	0.04751	0.05186	0.14387	0.01480	0.01373	0.00392	0.01612	0.01648	0.00713	0.01419
19	0.02407	0.07576	0.15751	0.06832	0.03731	0.02221	0.06182	0.03324	0.06219	0.07604	0.08465	0.13207	0.07947	0.01841	0.01223	0.00382	0.01193	0.01606	0.00851	0.01438
20	0.04484	0.03006	0.15517	0.02386	0.03494	0.01962	0.02367	0.05163	0.03107	0.40217	0.03952	0.03576	0.02522	0.01354	0.01153	0.00362	0.01175	0.01091	0.01198	0.01913
21	0.21017	0.02048	0.02447	0.01932	0.02786	0.01938	0.01595	0.05096	0.02986	0.40607	0.03833	0.03432	0.02467	0.01348	0.01055	0.00360	0.00967	0.01032	0.01256	0.01796
22	0.02809	0.02935	0.04274	0.03376	0.04117	0.10643	0.21161	0.07123	0.06794	0.03780	0.03529	0.17089	0.03394	0.01775	0.01317	0.00395	0.01515	0.01734	0.00811	0.01431
23	0.02370	0.02244	0.03802	0.43821	0.19165	0.02630	0.03316	0.03124	0.02408	0.03182	0.02098	0.03044	0.01625	0.01131	0.01160	0.00377	0.01507	0.01034	0.00532	0.01432
24	0.01417	0.01012	0.01350	0.01619	0.01687	0.00945	0.01080	0.01619	0.02227	0.02969	0.06410	0.58367	0.07692	0.03644	0.01484	0.00472	0.00675	0.03306	0.01080	0.00945
25	0.05015	0.02304	0.02900	0.02224	0.03131	0.02192	0.01837	0.16432	0.03873	0.41144	0.04132	0.03662	0.02650	0.01428	0.01168	0.00357	0.01063	0.01138	0.01369	0.01979
26	0.01695	0.01229	0.01653	0.01867	0.02096	0.01187	0.01520	0.02126	0.02612	0.03421	0.10529	0.24083	0.11213	0.03228	0.01535	0.00493	0.00884	0.26503	0.01092	0.01033
27	0.03925	0.01600	0.02014	0.01652	0.02285	0.01444	0.01329	0.04414	0.02952	0.32183	0.04252	0.04119	0.02922	0.01404	0.01018	0.00322	0.00800	0.01133	0.28633	0.01600
28	0.20365	0.04705	0.02892	0.02623	0.03253	0.41271	0.01996	0.04333	0.02961	0.03450	0.01752	0.02044	0.01437	0.01168	0.00965	0.00315	0.01793	0.00719	0.00630	0.01326
29	0.02668	0.44911	0.04844	0.01784	0.02625	0.03681	0.01709	0.03021	0.02436	0.02839	0.04202	0.04238	0.14184	0.01491	0.00906	0.00285	0.01077	0.01088	0.00646	0.01363
30	0.01375	0.01178	0.01178	0.01178	0.01571	0.00982	0.00884	0.01669	0.02651	0.03142	0.11782	0.11193	0.51399	0.02946	0.01375	0.00393	0.00589	0.02455	0.01080	0.00982
31	0.50948	0.02380	0.02475	0.02956	0.14869	0.02648	0.01847	0.03457	0.02149	0.04857	0.01764	0.02141	0.01408	0.01069	0.00830	0.00356	0.01022	0.00733	0.00683	0.01408
32	0.02530	0.19700	0.41146	0.02978	0.04513	0.03184	0.03710	0.03632	0.02432	0.03442	0.01968	0.02305	0.01478	0.01077	0.01014	0.00338	0.01598	0.00799	0.00493	0.01661
33	0.05015	0.02304	0.02900	0.02224	0.03131	0.02192	0.01837	0.16432	0.03873	0.41144	0.04132	0.03662	0.02650	0.01428	0.01168	0.00357	0.01063	0.01138	0.01369	0.01979
34	0.03917	0.02295	0.02634	0.02089	0.02873	0.02295	0.01703	0.21850	0.04026	0.21652	0.05688	0.05324	0.14852	0.01805	0.01219	0.00364	0.01006	0.01447	0.01236	0.01725
35	0.02566	0.01433	0.02080	0.01920	0.02304	0.01519	0.01519	0.02990	0.02240	0.15410	0.03490	0.04414	0.02900	0.06871	0.40950	0.01485	0.02575	0.01227	0.00831	0.01278
36	0.18335	0.01528	0.01724	0.01947	0.05918	0.01550	0.01299	0.02346	0.02457	0.03937	0.13651	0.22893	0.13396	0.02440	0.01225	0.00401	0.00753	0.02087	0.00982	0.01131
37	0.03801	0.13587	0.20511	0.02529	0.03727	0.02710	0.02680	0.08096	0.03039	0.23525	0.03069	0.02985	0.02084	0.01244	0.01073	0.00342	0.01306	0.00958	0.00929	0.01805
38	0.04088	0.17644	0.04153	0.02502	0.03449	0.03860	0.02155	0.36674	0.04679	0.06162	0.02493	0.02557	0.01854	0.01294	0.01057	0.00324	0.01271	0.00939	0.00994	0.01854
39	0.03024	0.02574	0.06837	0.16025	0.04237	0.06457	0.02266	0.10354	0.03049	0.11801	0.03706	0.17486	0.03427	0.01891	0.01234	0.00390	0.01247	0.01614	0.00921	0.01461
40	0.01573	0.01197	0.01453	0.01422	0.01736	0.01078	0.01088	0.02034	0.03025	0.04052	0.34225	0.09896	0.24328	0.02638	0.01392	0.00389	0.00605	0.05619	0.01195	0.01056
41	0.09734	0.01802	0.02322	0.01868	0.02593	0.01632	0.01514	0.04588	0.03202	0.36322	0.16198	0.04981	0.04796	0.01647	0.01182	0.00361	0.00870	0.01360	0.01336	0.01692
42	0.04947	0.02135	0.02761	0.02147	0.03029	0.01976	0.01764	0.09353	0.07568	0.44602	0.04447	0.03892	0.02860	0.01448	0.01170	0.00362	0.01009	0.01172	0.01393	0.01967
43	0.03572	0.01980	0.02870	0.10744	0.03645	0.01962	0.05521	0.07651	0.02886	0.24113	0.03618	0.04585	0.02844	0.16025	0.02393	0.00561	0.01218	0.01287	0.01013	0.01512
44	0.01479	0.01049	0.01385	0.01630	0.01708	0.00993	0.01110	0.01690	0.02215	0.02946	0.06141	0.50110	0.07298	0.08628	0.01896	0.00537	0.00748	0.06460	0.01045	0.00933
45	0.01478	0.01143	0.01284	0.01317	0.01569	0.01018	0.00923	0.01750	0.02524	0.03214	0.15939	0.18457	0.29426	0.12190	0.02139	0.00523	0.00686	0.02421	0.01051	0.00949
46	0.02586	0.13855	0.32508	0.02698	0.03975	0.02661	0.03168	0.03539	0.02571	0.07834	0.06783	0.07248	0.02886	0.01417	0.01102	0.00355	0.01396	0.01139	0.00687	0.01592
47	0.02164	0.03145	0.18756	0.15911	0.04572	0.02259	0.02783	0.03418	0.10649	0.03531	0.03645	0.17165	0.03438	0.01848	0.01230	0.00404	0.01272	0.01605	0.00768	0.01437
48	0.01629	0.01141	0.01477	0.01638	0.01833	0.01081	0.01236	0.02010	0.02575	0.03524	0.14504	0.30431	0.10932	0.03065	0.01428	0.00445	0.00730	0.12644	0.06661	0.01017
49	0.02645	0.02501	0.04119	0.23695	0.32615	0.02712	0.03306	0.03584	0.06524	0.03604	0.02362	0.03079	0.01886	0.01126	0.01158	0.00364	0.01401	0.01059	0.00607	0.01652
50	0.08526	0.02264	0.03534	0.24895	0.05451	0.02521	0.09812	0.03857	0.10464	0.07864	0.03070	0.04096	0.02428	0.01386	0.01197	0.00397	0.01366	0.04623	0.00782	0.01467
51	0.01695	0.01148	0.01452	0.01593	0.01707	0.01181	0.01124	0.01987	0.02247	0.03304	0.05370	0.40343	0.06021	0.02938	0.01493	0.00424	0.04962	0.02566	0.17440	0.01005
52	0.02843	0.03360	0.19238	0.02306	0.03545	0.01957	0.02398	0.03625	0.02576	0.11716	0.02484	0.02678	0.01828	0.01036	0.00992	0.00268	0.01166	0.00824	0.00746	0.34414
53	0.09036	0.02382	0.03344	0.20344	0.04943	0.02589	0.06052	0.11501	0.06950	0.16697	0.03027	0.03266	0.02113	0.01283	0.01145	0.00373	0.01290	0.01086	0.00935	0.01645
54	0.08127	0.02138	0.02514	0.02180	0.02522	0.06560	0.01709	0.03344	0.02247	0.15823	0.02519	0.03146	0.02018	0.02380	0.02885	0.21563	0.15328	0.01003	0.00776	0.01217
55	0.08124	0.02909	0.11347	0.25498	0.09359	0.02630	0.02902	0.06889	0.06500	0.03912	0.02317	0.02889	0.01750	0.01161	0.01089	0.00357	0.01373	0.00964	0.00655	0.07377
56	0.03170	0.03104	0.08180	0.07769	0.08277	0.03241	0.06758	0.17685	0.07171	0.04671	0.02418	0.02891	0.01883	0.01461	0.01853	0.00402	0.15551	0.01073	0.00785	0.01660

[dist]
# distance from previous block
# <min> <max>
11	138

[block]
# block no. 7 follows, 10 sequences, length 10
# corresponding to MSA columns:
# 1539-1548
name=unknown_H
#
# <colnr> <probs for GDERKNQSTAVLIFYWHMCP>
#	G	D	E	R	K	N	Q	S	T	A	V	L	I	F	Y	W	H	M	C	P
0	0.09662	0.16691	0.14435	0.02304	0.03363	0.02824	0.02314	0.04558	0.07728	0.20545	0.03072	0.02979	0.02162	0.01242	0.01014	0.00339	0.01194	0.00936	0.00913	0.01724
1	0.07992	0.02405	0.12130	0.02149	0.02825	0.01739	0.02108	0.02806	0.02433	0.03710	0.03948	0.07087	0.03873	0.02753	0.06862	0.00563	0.01330	0.18249	0.06882	0.08157
2	0.03325	0.02914	0.03427	0.13556	0.04474	0.09899	0.07036	0.08818	0.19870	0.09403	0.03349	0.03472	0.02462	0.01348	0.01177	0.00372	0.01360	0.01146	0.00931	0.01661
3	0.31325	0.02658	0.07824	0.12918	0.03944	0.02555	0.02138	0.07791	0.02641	0.12690	0.02359	0.02619	0.01675	0.01188	0.00965	0.00365	0.01167	0.00863	0.00815	0.01500
4	0.02471	0.12311	0.31489	0.14186	0.10337	0.02947	0.03687	0.03500	0.02437	0.03422	0.02029	0.02549	0.01531	0.01094	0.01072	0.00353	0.01583	0.00880	0.00506	0.01615
5	0.03234	0.31244	0.12589	0.02246	0.03241	0.03256	0.02299	0.03806	0.02616	0.13025	0.02919	0.03938	0.02486	0.01409	0.01009	0.00330	0.01247	0.06770	0.00765	0.01569
6	0.02388	0.01335	0.01741	0.01607	0.01866	0.01330	0.01140	0.02634	0.02197	0.12696	0.07541	0.06145	0.04146	0.29388	0.17687	0.01112	0.01588	0.01500	0.00877	0.01082
7	0.01694	0.01166	0.01381	0.01327	0.01626	0.01070	0.00995	0.02187	0.02986	0.04277	0.33406	0.08342	0.17888	0.02292	0.01260	0.00352	0.00556	0.01973	0.14152	0.01070
8	0.02337	0.02376	0.09792	0.02549	0.03182	0.01948	0.08989	0.03009	0.02711	0.07330	0.13419	0.06652	0.07236	0.01998	0.01581	0.00413	0.07030	0.09996	0.06130	0.01326
9	0.09724	0.02243	0.03606	0.03260	0.10158	0.02151	0.11114	0.04274	0.02787	0.24642	0.03323	0.03536	0.02364	0.02278	0.08639	0.00576	0.01528	0.01152	0.00967	0.01679

[dist]
# distance from previous block
# <min> <max>
0	6

[block]
# block no. 8 follows, 10 sequences, length 13
# corresponding to MSA columns:
# 1555-1567
name=unknown_I
#
# <colnr> <probs for GDERKNQSTAVLIFYWHMCP>
#	G	D	E	R	K	N	Q	S	T	A	V	L	I	F	Y	W	H	M	C	P
0	0.21964	0.06347	0.03068	0.02269	0.03051	0.07295	0.06360	0.07410	0.02841	0.18616	0.02849	0.03197	0.02131	0.06088	0.01423	0.00414	0.01218	0.00997	0.00925	0.01535
1	0.34085	0.10352	0.02784	0.01861	0.02692	0.02716	0.01584	0.08251	0.02758	0.19095	0.02606	0.02582	0.01838	0.01204	0.00898	0.00343	0.01010	0.00827	0.00943	0.01572
2	0.03580	0.32135	0.14343	0.02274	0.03384	0.03373	0.02361	0.04168	0.02667	0.17685	0.02588	0.02600	0.01899	0.01148	0.00942	0.00305	0.01262	0.00831	0.00775	0.01681
3	0.02050	0.07645	0.02785	0.22382	0.04296	0.02048	0.01989	0.02567	0.02458	0.03293	0.12411	0.12159	0.04503	0.06745	0.01591	0.00425	0.01098	0.01545	0.00776	0.07233
4	0.02062	0.04537	0.37802	0.02814	0.04044	0.02182	0.03346	0.03073	0.02388	0.03472	0.03365	0.18983	0.03312	0.01855	0.01217	0.00399	0.01410	0.01583	0.00665	0.01490
5	0.03270	0.02334	0.03239	0.35804	0.06149	0.06689	0.02698	0.03909	0.02704	0.17654	0.02790	0.03270	0.01939	0.01248	0.01155	0.00372	0.01431	0.01050	0.00796	0.01500
6	0.23582	0.02059	0.02407	0.01910	0.02756	0.01975	0.01576	0.05003	0.02930	0.38648	0.03711	0.03347	0.02400	0.01333	0.01037	0.00360	0.00963	0.01010	0.01227	0.01767
7	0.41692	0.03335	0.17003	0.02113	0.03147	0.02543	0.02204	0.03730	0.02260	0.09678	0.02065	0.02271	0.01490	0.01124	0.00880	0.00362	0.01151	0.00754	0.00727	0.01470
8	0.02559	0.02140	0.03462	0.18599	0.04798	0.02288	0.11086	0.03753	0.11811	0.08059	0.10475	0.08629	0.03975	0.01608	0.01265	0.00391	0.01243	0.01505	0.00898	0.01456
9	0.21567	0.02237	0.03167	0.31954	0.13599	0.02621	0.02704	0.03203	0.02277	0.03773	0.01955	0.02706	0.01513	0.01117	0.01030	0.00372	0.01330	0.00915	0.00587	0.01374
10	0.02619	0.01417	0.01794	0.01680	0.02147	0.01258	0.01329	0.03006	0.02851	0.17945	0.11440	0.15883	0.20292	0.02593	0.01366	0.00414	0.00792	0.08677	0.01202	0.01295
