[name]
unknown

[dist]
# distance from previous block
# <min> <max>
0	831

[block]
# block no. 0 follows, 15 sequences, length 89
# corresponding to MSA columns:
# 837-925
name=unknown_A
#
# <colnr> <probs for GDERKNQSTAVLIFYWHMCP>
#	G	D	E	R	K	N	Q	S	T	A	V	L	I	F	Y	W	H	M	C	P
0	0.06378	0.01474	0.01322	0.01330	0.01511	0.08220	0.00894	0.01837	0.01889	0.02443	0.04679	0.18634	0.14370	0.27607	0.02702	0.00594	0.00881	0.01715	0.00725	0.00793
1	0.01244	0.01009	0.01080	0.01065	0.01357	0.00870	0.00784	0.01523	0.02326	0.02903	0.19321	0.08947	0.44665	0.06770	0.01449	0.00376	0.00530	0.01998	0.00938	0.00845
2	0.02676	0.56930	0.09513	0.01851	0.02733	0.07305	0.01880	0.03060	0.02081	0.02417	0.01428	0.01652	0.01278	0.00871	0.00681	0.00224	0.01144	0.00556	0.00431	0.01288
3	0.01550	0.00921	0.01354	0.01398	0.01457	0.00958	0.00980	0.01446	0.01497	0.02044	0.02701	0.14914	0.02861	0.04487	0.18881	0.38773	0.01300	0.01295	0.00554	0.00628
4	0.02944	0.20082	0.07413	0.09393	0.03217	0.05474	0.01886	0.03391	0.02263	0.17830	0.02200	0.02360	0.01632	0.01031	0.01003	0.00269	0.05142	0.00753	0.00672	0.11045
5	0.01568	0.01106	0.01702	0.09533	0.02318	0.01270	0.01343	0.01750	0.01571	0.02187	0.02298	0.03511	0.02133	0.05537	0.37643	0.20246	0.02005	0.00989	0.00495	0.00795
6	0.01215	0.00868	0.01157	0.01388	0.01446	0.00810	0.00925	0.01388	0.01909	0.02545	0.05495	0.64315	0.06593	0.03123	0.01272	0.00405	0.00578	0.02834	0.00925	0.00810
7	0.17117	0.01216	0.01420	0.01320	0.01548	0.01253	0.00936	0.02117	0.01605	0.09483	0.02197	0.03436	0.02042	0.14327	0.03058	0.33775	0.00862	0.00924	0.00604	0.00760
8	0.01342	0.00926	0.01134	0.01233	0.01273	0.00895	0.00769	0.01450	0.01743	0.02339	0.07719	0.32432	0.05322	0.33277	0.03124	0.00673	0.00761	0.02091	0.00779	0.00718
9	0.01226	0.00888	0.01158	0.01351	0.01442	0.00821	0.00914	0.01425	0.01998	0.02657	0.09495	0.56400	0.10533	0.03004	0.01259	0.00394	0.00566	0.02709	0.00937	0.00821
10	0.01447	0.00970	0.01103	0.01098	0.01114	0.00965	0.00626	0.01478	0.01540	0.02069	0.06761	0.06584	0.04004	0.60830	0.04818	0.00924	0.00934	0.01473	0.00636	0.00626
11	0.02084	0.02349	0.10103	0.36766	0.15614	0.02291	0.02779	0.03079	0.09281	0.02967	0.02094	0.02694	0.01592	0.01017	0.00991	0.00324	0.01249	0.00900	0.00525	0.01302
12	0.03236	0.03569	0.02908	0.14747	0.03817	0.33457	0.02113	0.13185	0.02898	0.03177	0.01729	0.02116	0.01372	0.01111	0.01130	0.00295	0.06557	0.00758	0.00583	0.01242
13	0.01381	0.01114	0.01254	0.01277	0.01594	0.01024	0.01008	0.01871	0.05947	0.03011	0.14653	0.09281	0.37863	0.02434	0.01208	0.00359	0.00604	0.12248	0.00951	0.00918
14	0.03632	0.11101	0.03220	0.02299	0.03023	0.19693	0.01880	0.34285	0.03828	0.04701	0.02026	0.02126	0.01527	0.01106	0.00925	0.00276	0.01293	0.00780	0.00789	0.01490
15	0.02067	0.01772	0.02067	0.01477	0.02362	0.01329	0.01181	0.02510	0.02067	0.03248	0.01772	0.02067	0.01477	0.00738	0.00738	0.00148	0.00738	0.00591	0.00591	0.71059
16	0.01426	0.01061	0.01567	0.01567	0.01732	0.01227	0.01202	0.01757	0.01592	0.02288	0.02703	0.04097	0.02571	0.11453	0.57145	0.01558	0.02552	0.01094	0.00539	0.00870
17	0.01414	0.00951	0.01098	0.01133	0.01142	0.00942	0.00653	0.01440	0.01520	0.02027	0.03503	0.15402	0.04080	0.55465	0.04490	0.00880	0.00907	0.01662	0.00653	0.00636
18	0.01616	0.00914	0.01249	0.01249	0.01261	0.00926	0.00804	0.01383	0.01370	0.01840	0.02270	0.04266	0.02420	0.24416	0.08243	0.42654	0.01024	0.01076	0.00497	0.00522
19	0.03758	0.02428	0.02716	0.02127	0.02883	0.02604	0.01743	0.35576	0.12124	0.18880	0.03018	0.02836	0.02086	0.01229	0.01001	0.00307	0.00990	0.00958	0.01057	0.01678
20	0.04087	0.01928	0.02418	0.01870	0.02611	0.01842	0.01538	0.17510	0.03317	0.42087	0.07296	0.03419	0.02751	0.01280	0.01013	0.00306	0.00885	0.01031	0.01164	0.01644
21	0.01708	0.01037	0.01343	0.01406	0.01596	0.00964	0.01012	0.01941	0.02092	0.09640	0.08910	0.34280	0.09487	0.11830	0.01797	0.00471	0.00695	0.07951	0.00927	0.00913
22	0.72007	0.01928	0.01465	0.01311	0.01928	0.02236	0.01080	0.02930	0.01697	0.04473	0.01388	0.01619	0.01080	0.00925	0.00617	0.00308	0.00771	0.00540	0.00617	0.01080
23	0.01286	0.01014	0.01160	0.01123	0.01413	0.00888	0.00842	0.01640	0.02527	0.03298	0.32413	0.08598	0.35650	0.02299	0.01177	0.00326	0.00489	0.01964	0.01005	0.00888
24	0.13760	0.01982	0.02320	0.01817	0.02545	0.01974	0.01496	0.17693	0.03168	0.34780	0.05986	0.03089	0.02428	0.01222	0.00955	0.00306	0.00883	0.00951	0.01077	0.01569
25	0.02316	0.01246	0.01580	0.01507	0.01816	0.01181	0.01104	0.06736	0.02358	0.17394	0.04527	0.35562	0.04656	0.06417	0.01390	0.00396	0.00707	0.01981	0.06022	0.01103
26	0.03635	0.01451	0.01870	0.01503	0.02102	0.01293	0.01219	0.04046	0.02609	0.41584	0.03715	0.03497	0.02496	0.01211	0.00905	0.00284	0.00725	0.00979	0.23427	0.01451
27	0.01346	0.01016	0.01243	0.01186	0.01450	0.00913	0.00890	0.01756	0.02670	0.03636	0.44887	0.08042	0.22965	0.02173	0.01176	0.00320	0.00480	0.01886	0.01050	0.00913
28	0.72007	0.01928	0.01465	0.01311	0.01928	0.02236	0.01080	0.02930	0.01697	0.04473	0.01388	0.01619	0.01080	0.00925	0.00617	0.00308	0.00771	0.00540	0.00617	0.01080
29	0.01408	0.01032	0.01355	0.01554	0.01693	0.01017	0.01155	0.01842	0.05820	0.02776	0.05336	0.45737	0.06116	0.02901	0.01283	0.00415	0.00685	0.16054	0.00930	0.00892
30	0.03790	0.02792	0.02992	0.02294	0.03091	0.03091	0.01895	0.55423	0.04687	0.06283	0.02393	0.02393	0.01695	0.01197	0.00997	0.00299	0.01097	0.00898	0.00997	0.01695
31	0.01304	0.01015	0.01184	0.01142	0.01424	0.00895	0.00856	0.01674	0.02569	0.03397	0.36052	0.08436	0.31950	0.02262	0.01177	0.00324	0.00486	0.01942	0.01018	0.00895
32	0.05999	0.01080	0.01330	0.01366	0.01612	0.01004	0.00985	0.02007	0.02185	0.10345	0.12359	0.37840	0.13071	0.02521	0.01172	0.00365	0.00602	0.02223	0.00969	0.00964
33	0.72007	0.01928	0.01465	0.01311	0.01928	0.02236	0.01080	0.02930	0.01697	0.04473	0.01388	0.01619	0.01080	0.00925	0.00617	0.00308	0.00771	0.00540	0.00617	0.01080
34	0.04473	0.01697	0.02313	0.01774	0.02545	0.01465	0.01465	0.04858	0.02853	0.59437	0.03933	0.03393	0.02468	0.01234	0.01003	0.00308	0.00848	0.01003	0.01234	0.01697
35	0.04473	0.01697	0.02313	0.01774	0.02545	0.01465	0.01465	0.04858	0.02853	0.59437	0.03933	0.03393	0.02468	0.01234	0.01003	0.00308	0.00848	0.01003	0.01234	0.01697
36	0.01732	0.00866	0.01299	0.01299	0.01299	0.00866	0.00866	0.01299	0.01299	0.01732	0.01732	0.03030	0.01732	0.03463	0.03896	0.70996	0.00866	0.00866	0.00433	0.00433
37	0.72007	0.01928	0.01465	0.01311	0.01928	0.02236	0.01080	0.02930	0.01697	0.04473	0.01388	0.01619	0.01080	0.00925	0.00617	0.00308	0.00771	0.00540	0.00617	0.01080
38	0.01178	0.01010	0.01010	0.01010	0.01347	0.00842	0.00757	0.01431	0.02272	0.02693	0.10099	0.09594	0.58342	0.02525	0.01178	0.00337	0.00505	0.02104	0.00926	0.00842
39	0.01421	0.00954	0.01096	0.01124	0.01132	0.00947	0.00644	0.01442	0.01506	0.02008	0.03432	0.13659	0.03991	0.57330	0.04605	0.00897	0.00919	0.01621	0.00644	0.00629
40	0.01264	0.01084	0.01092	0.01077	0.01429	0.00949	0.00811	0.01685	0.05874	0.02790	0.09701	0.09207	0.54699	0.02447	0.01167	0.00337	0.00524	0.02040	0.00932	0.00890
41	0.02726	0.02087	0.02261	0.01997	0.02586	0.02354	0.01564	0.05243	0.50267	0.10993	0.04042	0.03679	0.02972	0.01338	0.01013	0.00334	0.00796	0.01112	0.01041	0.01593
42	0.72007	0.01928	0.01465	0.01311	0.01928	0.02236	0.01080	0.02930	0.01697	0.04473	0.01388	0.01619	0.01080	0.00925	0.00617	0.00308	0.00771	0.00540	0.00617	0.01080
43	0.03834	0.02720	0.02947	0.02260	0.03056	0.02985	0.01867	0.52099	0.04567	0.09776	0.02495	0.02459	0.01746	0.01199	0.00998	0.00300	0.01081	0.00904	0.01013	0.01695
44	0.03595	0.02696	0.02882	0.02254	0.03017	0.03001	0.01848	0.47969	0.12458	0.05969	0.02641	0.02591	0.01896	0.01220	0.01000	0.00305	0.01051	0.00932	0.01000	0.01678
45	0.01215	0.00868	0.01157	0.01388	0.01446	0.00810	0.00925	0.01388	0.01909	0.02545	0.05495	0.64315	0.06593	0.03123	0.01272	0.00405	0.00578	0.02834	0.00925	0.00810
46	0.01815	0.01093	0.01410	0.01330	0.01625	0.00984	0.00996	0.02188	0.02583	0.12073	0.33780	0.18047	0.13840	0.02184	0.01168	0.00333	0.00553	0.01916	0.01064	0.01019
47	0.72007	0.01928	0.01465	0.01311	0.01928	0.02236	0.01080	0.02930	0.01697	0.04473	0.01388	0.01619	0.01080	0.00925	0.00617	0.00308	0.00771	0.00540	0.00617	0.01080
48	0.04262	0.01703	0.02368	0.06715	0.02896	0.01526	0.01571	0.04670	0.02783	0.54813	0.03757	0.03333	0.02375	0.01215	0.01002	0.00310	0.00887	0.00993	0.01170	0.01649
49	0.09125	0.01785	0.02299	0.01776	0.02538	0.01626	0.01467	0.08055	0.02894	0.52112	0.03654	0.03204	0.02320	0.01210	0.00975	0.00308	0.00859	0.00963	0.01175	0.01654
50	0.01270	0.01013	0.01137	0.01106	0.01403	0.00881	0.00830	0.01608	0.02489	0.03207	0.29040	0.08749	0.39080	0.02333	0.01177	0.00328	0.00491	0.01985	0.00993	0.00881
51	0.02175	0.01863	0.03020	0.45665	0.09709	0.02275	0.02606	0.02753	0.02022	0.07203	0.01894	0.02641	0.01437	0.01106	0.01295	0.00341	0.09403	0.00894	0.00510	0.01187
52	0.01991	0.01868	0.08692	0.01691	0.02202	0.01558	0.01480	0.03168	0.17284	0.07953	0.32941	0.05508	0.06214	0.01664	0.01092	0.00320	0.00704	0.01435	0.01003	0.01231
53	0.02067	0.01772	0.02067	0.01477	0.02362	0.01329	0.01181	0.02510	0.02067	0.03248	0.01772	0.02067	0.01477	0.00738	0.00738	0.00148	0.00738	0.00591	0.00591	0.71059
54	0.02118	0.01898	0.02990	0.55128	0.06400	0.02323	0.02661	0.09075	0.02326	0.03008	0.01849	0.02625	0.01374	0.01021	0.00997	0.00328	0.01300	0.00887	0.00511	0.01180
55	0.01183	0.00992	0.01028	0.01057	0.01359	0.00838	0.00778	0.01425	0.02227	0.02675	0.09530	0.16350	0.51953	0.02599	0.01190	0.00345	0.00514	0.02194	0.00926	0.00838
56	0.02864	0.02056	0.02266	0.01980	0.02583	0.02284	0.01556	0.05213	0.46505	0.14838	0.04033	0.03656	0.02932	0.01330	0.01012	0.00332	0.00800	0.01103	0.01057	0.01601
57	0.03790	0.02792	0.02992	0.02294	0.03091	0.03091	0.01895	0.55423	0.04687	0.06283	0.02393	0.02393	0.01695	0.01197	0.00997	0.00299	0.01097	0.00898	0.00997	0.01695
58	0.02467	0.02369	0.04046	0.06119	0.58747	0.02369	0.03059	0.03059	0.02270	0.03257	0.01875	0.02467	0.01579	0.00888	0.00987	0.00296	0.01184	0.00888	0.00493	0.01579
59	0.03724	0.04751	0.02825	0.02568	0.03082	0.60963	0.01926	0.03981	0.02825	0.02440	0.01541	0.01798	0.01284	0.01027	0.00899	0.00257	0.01798	0.00642	0.00514	0.01156
60	0.01215	0.00868	0.01157	0.01388	0.01446	0.00810	0.00925	0.01388	0.01909	0.02545	0.05495	0.64315	0.06593	0.03123	0.01272	0.00405	0.00578	0.02834	0.00925	0.00810
61	0.01178	0.01010	0.01010	0.01010	0.01347	0.00842	0.00757	0.01431	0.02272	0.02693	0.10099	0.09594	0.58342	0.02525	0.01178	0.00337	0.00505	0.02104	0.00926	0.00842
62	0.03790	0.02792	0.02992	0.02294	0.03091	0.03091	0.01895	0.55423	0.04687	0.06283	0.02393	0.02393	0.01695	0.01197	0.00997	0.00299	0.01097	0.00898	0.00997	0.01695
63	0.01273	0.01014	0.01141	0.01109	0.01405	0.00882	0.00832	0.01614	0.02495	0.03223	0.29645	0.08722	0.38465	0.02327	0.01177	0.00327	0.00491	0.01982	0.00995	0.00882
64	0.01178	0.01010	0.01010	0.01010	0.01347	0.00842	0.00757	0.01431	0.02272	0.02693	0.10099	0.09594	0.58342	0.02525	0.01178	0.00337	0.00505	0.02104	0.00926	0.00842
65	0.01450	0.00966	0.01087	0.01087	0.01087	0.00966	0.00604	0.01450	0.01450	0.01933	0.03141	0.06524	0.03624	0.64965	0.05074	0.00966	0.00966	0.01450	0.00604	0.00604
66	0.01858	0.00929	0.00929	0.00929	0.01161	0.00929	0.00697	0.02323	0.02091	0.03717	0.03252	0.03717	0.02555	0.01161	0.00697	0.00232	0.00465	0.00929	0.70499	0.00929
67	0.01999	0.05157	0.59800	0.02841	0.04315	0.02315	0.03683	0.03157	0.02105	0.03157	0.01789	0.02105	0.01263	0.00947	0.00947	0.00316	0.01473	0.00737	0.00421	0.01473
68	0.04473	0.01697	0.02313	0.01774	0.02545	0.01465	0.01465	0.04858	0.02853	0.59437	0.03933	0.03393	0.02468	0.01234	0.01003	0.00308	0.00848	0.01003	0.01234	0.01697
69	0.01411	0.01019	0.01333	0.01254	0.01489	0.00941	0.00941	0.01881	0.02822	0.03998	0.58221	0.07447	0.09406	0.02038	0.01176	0.00314	0.00470	0.01803	0.01097	0.00941
70	0.04473	0.01697	0.02313	0.01774	0.02545	0.01465	0.01465	0.04858	0.02853	0.59437	0.03933	0.03393	0.02468	0.01234	0.01003	0.00308	0.00848	0.01003	0.01234	0.01697
71	0.01207	0.01011	0.01050	0.01040	0.01364	0.00854	0.00780	0.01486	0.02340	0.02854	0.16040	0.09329	0.52300	0.02465	0.01178	0.00334	0.00501	0.02067	0.00947	0.00854
72	0.01424	0.01068	0.01602	0.01602	0.01780	0.01246	0.01246	0.01780	0.01602	0.02314	0.02670	0.03916	0.02492	0.07477	0.61015	0.01602	0.02670	0.01068	0.00534	0.00890
73	0.72007	0.01928	0.01465	0.01311	0.01928	0.02236	0.01080	0.02930	0.01697	0.04473	0.01388	0.01619	0.01080	0.00925	0.00617	0.00308	0.00771	0.00540	0.00617	0.01080
74	0.01411	0.01019	0.01333	0.01254	0.01489	0.00941	0.00941	0.01881	0.02822	0.03998	0.58221	0.07447	0.09406	0.02038	0.01176	0.00314	0.00470	0.01803	0.01097	0.00941
75	0.01207	0.01011	0.01050	0.01040	0.01364	0.00854	0.00780	0.01486	0.02340	0.02854	0.16040	0.09329	0.52300	0.02465	0.01178	0.00334	0.00501	0.02067	0.00947	0.00854
76	0.01396	0.01028	0.01312	0.01269	0.01517	0.00944	0.00971	0.01837	0.02707	0.03744	0.47593	0.08038	0.15540	0.02160	0.01192	0.00328	0.00511	0.05925	0.01060	0.00926
77	0.04473	0.01697	0.02313	0.01774	0.02545	0.01465	0.01465	0.04858	0.02853	0.59437	0.03933	0.03393	0.02468	0.01234	0.01003	0.00308	0.00848	0.01003	0.01234	0.01697
78	0.01207	0.01011	0.01050	0.01040	0.01364	0.00854	0.00780	0.01486	0.02340	0.02854	0.16040	0.09329	0.52300	0.02465	0.01178	0.00334	0.00501	0.02067	0.00947	0.00854
79	0.01207	0.01011	0.01050	0.01040	0.01364	0.00854	0.00780	0.01486	0.02340	0.02854	0.16040	0.09329	0.52300	0.02465	0.01178	0.00334	0.00501	0.02067	0.00947	0.00854
80	0.01215	0.00868	0.01157	0.01388	0.01446	0.00810	0.00925	0.01388	0.01909	0.02545	0.05495	0.64315	0.06593	0.03123	0.01272	0.00405	0.00578	0.02834	0.00925	0.00810
81	0.02719	0.02715	0.05146	0.03715	0.04670	0.02666	0.41558	0.16506	0.02948	0.03981	0.02113	0.02614	0.01559	0.00931	0.01131	0.00327	0.01532	0.01105	0.00630	0.01434
82	0.02480	0.02141	0.02254	0.02029	0.02592	0.02480	0.01578	0.05297	0.56946	0.04170	0.04057	0.03719	0.03043	0.01352	0.01014	0.00338	0.00789	0.01127	0.01014	0.01578
83	0.02467	0.02369	0.04046	0.06119	0.58747	0.02369	0.03059	0.03059	0.02270	0.03257	0.01875	0.02467	0.01579	0.00888	0.00987	0.00296	0.01184	0.00888	0.00493	0.01579
84	0.01407	0.01123	0.01278	0.01276	0.01558	0.01063	0.00940	0.02018	0.09093	0.03188	0.21053	0.19282	0.28297	0.02372	0.01176	0.00344	0.00546	0.02051	0.00982	0.00952
85	0.02220	0.08325	0.45522	0.02635	0.03912	0.02488	0.03182	0.06935	0.09045	0.03443	0.02085	0.02293	0.01513	0.01008	0.00940	0.00311	0.01338	0.00783	0.00533	0.01489
86	0.02579	0.05720	0.02221	0.10982	0.02793	0.01585	0.01517	0.02983	0.02273	0.21134	0.09882	0.04396	0.03325	0.07249	0.13707	0.00629	0.01279	0.03713	0.00835	0.01199
87	0.02212	0.01196	0.01589	0.01390	0.01766	0.01078	0.01078	0.02660	0.02830	0.18505	0.44014	0.06386	0.07591	0.01828	0.01130	0.00312	0.00569	0.01593	0.01133	0.01138
88	0.06837	0.09644	0.11637	0.02621	0.13384	0.02113	0.02002	0.02988	0.05878	0.03278	0.01883	0.02181	0.01523	0.00867	0.00818	0.00233	0.00979	0.00697	0.00559	0.29880

[dist]
# distance from previous block
# <min> <max>
2	4

[block]
# block no. 1 follows, 15 sequences, length 77
# corresponding to MSA columns:
# 930-1006
name=unknown_B
#
# <colnr> <probs for GDERKNQSTAVLIFYWHMCP>
#	G	D	E	R	K	N	Q	S	T	A	V	L	I	F	Y	W	H	M	C	P
0	0.02848	0.33583	0.07777	0.02043	0.02815	0.13815	0.01868	0.07082	0.13361	0.03042	0.02043	0.02147	0.01660	0.01014	0.00806	0.00259	0.01173	0.00710	0.00597	0.01357
1	0.62906	0.02053	0.01545	0.01390	0.01975	0.05994	0.01126	0.02930	0.01844	0.04309	0.05127	0.02013	0.01639	0.01005	0.00672	0.00305	0.00819	0.00629	0.00642	0.01075
2	0.02887	0.01924	0.02213	0.01838	0.02385	0.02017	0.01460	0.25385	0.07055	0.12270	0.16358	0.12109	0.04372	0.01669	0.01078	0.00321	0.00825	0.01401	0.01044	0.01390
3	0.01431	0.01042	0.01472	0.01472	0.01606	0.01176	0.01084	0.01697	0.01564	0.02218	0.02789	0.04573	0.02777	0.21959	0.46922	0.01442	0.02241	0.01164	0.00552	0.00818
4	0.11792	0.13178	0.03003	0.01974	0.02647	0.02826	0.01671	0.21452	0.06613	0.04267	0.01969	0.02173	0.01553	0.01121	0.01157	0.00285	0.09343	0.00757	0.00717	0.11500
5	0.02073	0.06287	0.02970	0.11150	0.16379	0.05731	0.06118	0.02523	0.02155	0.02853	0.03097	0.15710	0.06256	0.01458	0.01011	0.00301	0.01042	0.01314	0.00616	0.10956
6	0.07428	0.01715	0.02195	0.10312	0.02920	0.01830	0.01583	0.10706	0.06140	0.15129	0.02652	0.03057	0.02031	0.02775	0.15373	0.05247	0.01369	0.00927	0.00770	0.05842
7	0.03864	0.01986	0.02309	0.01857	0.02542	0.05737	0.01500	0.08066	0.10268	0.40079	0.07980	0.03581	0.02961	0.01297	0.01010	0.00309	0.00892	0.01051	0.01128	0.01584
8	0.02110	0.01483	0.01753	0.01826	0.02139	0.05950	0.01536	0.02528	0.02419	0.10219	0.08027	0.12214	0.05231	0.02398	0.01273	0.00412	0.00933	0.35579	0.00937	0.01032
9	0.03055	0.02182	0.02078	0.01851	0.02316	0.13873	0.01429	0.03701	0.10333	0.20777	0.03480	0.04774	0.02970	0.13787	0.01824	0.00450	0.01070	0.07914	0.00887	0.01250
10	0.04154	0.02208	0.02630	0.02016	0.02800	0.02225	0.01666	0.28468	0.03710	0.34618	0.03214	0.02926	0.02107	0.01217	0.01000	0.00304	0.00964	0.00953	0.01123	0.01696
11	0.66595	0.01909	0.01533	0.01348	0.01977	0.02175	0.01111	0.03085	0.01789	0.08877	0.01592	0.01762	0.01191	0.00950	0.00648	0.00308	0.00777	0.00577	0.00666	0.01129
12	0.01426	0.01061	0.01568	0.01568	0.01735	0.01228	0.01204	0.01759	0.01592	0.02289	0.02701	0.04087	0.02566	0.11239	0.57354	0.01561	0.02559	0.01093	0.00539	0.00871
13	0.04311	0.01956	0.02474	0.01897	0.02674	0.01851	0.01567	0.16844	0.03288	0.46838	0.03568	0.03156	0.02285	0.01225	0.01001	0.00306	0.00907	0.00978	0.01178	0.01696
14	0.01407	0.01183	0.01243	0.01198	0.01555	0.01104	0.00907	0.02079	0.10657	0.03093	0.15670	0.08411	0.43338	0.02281	0.01153	0.00334	0.00543	0.01915	0.00962	0.00967
15	0.01385	0.00939	0.01106	0.01170	0.01186	0.00923	0.00693	0.01433	0.01577	0.02102	0.03792	0.22504	0.04445	0.47864	0.04023	0.00811	0.00859	0.01833	0.00693	0.00661
16	0.33366	0.01735	0.01837	0.01507	0.02168	0.01755	0.01237	0.03824	0.02294	0.31286	0.02782	0.02655	0.01877	0.01095	0.00812	0.00302	0.00784	0.00797	0.06518	0.01369
17	0.03920	0.02190	0.02547	0.01970	0.02712	0.02245	0.01622	0.30233	0.03720	0.28139	0.03100	0.02913	0.02084	0.01209	0.00976	0.00298	0.00944	0.00944	0.06599	0.01635
18	0.72007	0.01928	0.01465	0.01311	0.01928	0.02236	0.01080	0.02930	0.01697	0.04473	0.01388	0.01619	0.01080	0.00925	0.00617	0.00308	0.00771	0.00540	0.00617	0.01080
19	0.01793	0.01324	0.01561	0.01494	0.01786	0.01321	0.01109	0.12773	0.02753	0.03688	0.17971	0.30601	0.13161	0.02384	0.01180	0.00352	0.00651	0.02088	0.00981	0.01030
20	0.02238	0.01907	0.02036	0.01848	0.02351	0.02151	0.01430	0.04549	0.45621	0.04030	0.11490	0.04668	0.08291	0.01534	0.01048	0.00335	0.00725	0.01292	0.01018	0.01437
21	0.01930	0.01281	0.01381	0.01302	0.01626	0.01357	0.00992	0.03041	0.17285	0.03903	0.15572	0.04538	0.04197	0.01407	0.00889	0.00279	0.00555	0.01176	0.36181	0.01109
22	0.72007	0.01928	0.01465	0.01311	0.01928	0.02236	0.01080	0.02930	0.01697	0.04473	0.01388	0.01619	0.01080	0.00925	0.00617	0.00308	0.00771	0.00540	0.00617	0.01080
23	0.01427	0.00897	0.01175	0.01273	0.01297	0.00873	0.00812	0.01382	0.01603	0.02137	0.03751	0.30029	0.04362	0.21933	0.03142	0.19920	0.00775	0.01876	0.00693	0.00644
24	0.04426	0.01771	0.02360	0.01809	0.02582	0.01576	0.01495	0.08314	0.02979	0.55804	0.03828	0.03325	0.02415	0.01231	0.01002	0.00308	0.00865	0.00995	0.01218	0.01696
25	0.03724	0.04751	0.02825	0.02568	0.03082	0.60963	0.01926	0.03981	0.02825	0.02440	0.01541	0.01798	0.01284	0.01027	0.00899	0.00257	0.01798	0.00642	0.00514	0.01156
26	0.01215	0.00868	0.01157	0.01388	0.01446	0.00810	0.00925	0.01388	0.01909	0.02545	0.05495	0.64315	0.06593	0.03123	0.01272	0.00405	0.00578	0.02834	0.00925	0.00810
27	0.02495	0.01255	0.01661	0.01426	0.01833	0.01128	0.01101	0.02901	0.02733	0.23431	0.35033	0.05948	0.06534	0.06336	0.01398	0.00359	0.00640	0.01494	0.01110	0.01183
28	0.01858	0.00929	0.00929	0.00929	0.01161	0.00929	0.00697	0.02323	0.02091	0.03717	0.03252	0.03717	0.02555	0.01161	0.00697	0.00232	0.00465	0.00929	0.70499	0.00929
29	0.72007	0.01928	0.01465	0.01311	0.01928	0.02236	0.01080	0.02930	0.01697	0.04473	0.01388	0.01619	0.01080	0.00925	0.00617	0.00308	0.00771	0.00540	0.00617	0.01080
30	0.01377	0.01033	0.01306	0.01429	0.01654	0.00962	0.01133	0.01720	0.02281	0.02950	0.14013	0.21314	0.21266	0.02667	0.01271	0.00393	0.00669	0.20739	0.00947	0.00877
31	0.02261	0.01317	0.01359	0.01214	0.01564	0.01380	0.00947	0.13390	0.02632	0.04251	0.03073	0.03441	0.02376	0.01169	0.00759	0.00246	0.00596	0.00923	0.56014	0.01089
32	0.01411	0.01019	0.01333	0.01254	0.01489	0.00941	0.00941	0.01881	0.02822	0.03998	0.58221	0.07447	0.09406	0.02038	0.01176	0.00314	0.00470	0.01803	0.01097	0.00941
33	0.72007	0.01928	0.01465	0.01311	0.01928	0.02236	0.01080	0.02930	0.01697	0.04473	0.01388	0.01619	0.01080	0.00925	0.00617	0.00308	0.00771	0.00540	0.00617	0.01080
34	0.01334	0.01090	0.01187	0.01150	0.01472	0.00982	0.00866	0.01824	0.06154	0.03169	0.23537	0.08576	0.40492	0.02305	0.01166	0.00330	0.00514	0.01951	0.00981	0.00920
35	0.01411	0.01019	0.01333	0.01254	0.01489	0.00941	0.00941	0.01881	0.02822	0.03998	0.58221	0.07447	0.09406	0.02038	0.01176	0.00314	0.00470	0.01803	0.01097	0.00941
36	0.72007	0.01928	0.01465	0.01311	0.01928	0.02236	0.01080	0.02930	0.01697	0.04473	0.01388	0.01619	0.01080	0.00925	0.00617	0.00308	0.00771	0.00540	0.00617	0.01080
37	0.03790	0.02792	0.02992	0.02294	0.03091	0.03091	0.01895	0.55423	0.04687	0.06283	0.02393	0.02393	0.01695	0.01197	0.00997	0.00299	0.01097	0.00898	0.00997	0.01695
38	0.03948	0.02538	0.02834	0.02173	0.02965	0.02714	0.01795	0.43685	0.04261	0.18622	0.02751	0.02625	0.01875	0.01205	0.00998	0.00301	0.01039	0.00922	0.01052	0.01696
39	0.02765	0.01195	0.01409	0.01222	0.01641	0.01115	0.00963	0.03202	0.02355	0.23044	0.03488	0.03604	0.02525	0.01187	0.00803	0.00259	0.00598	0.00955	0.46473	0.01195
40	0.04473	0.01697	0.02313	0.01774	0.02545	0.01465	0.01465	0.04858	0.02853	0.59437	0.03933	0.03393	0.02468	0.01234	0.01003	0.00308	0.00848	0.01003	0.01234	0.01697
41	0.01215	0.00868	0.01157	0.01388	0.01446	0.00810	0.00925	0.01388	0.01909	0.02545	0.05495	0.64315	0.06593	0.03123	0.01272	0.00405	0.00578	0.02834	0.00925	0.00810
42	0.03986	0.02478	0.02797	0.02145	0.02935	0.02625	0.01772	0.40918	0.04161	0.21530	0.02835	0.02680	0.01917	0.01207	0.00999	0.00302	0.01026	0.00928	0.01065	0.01696
43	0.02665	0.65565	0.05224	0.01706	0.02559	0.03945	0.01706	0.02985	0.02026	0.02345	0.01386	0.01599	0.01279	0.00853	0.00640	0.00213	0.01066	0.00533	0.00426	0.01279
44	0.04473	0.01697	0.02313	0.01774	0.02545	0.01465	0.01465	0.04858	0.02853	0.59437	0.03933	0.03393	0.02468	0.01234	0.01003	0.00308	0.00848	0.01003	0.01234	0.01697
45	0.03248	0.02270	0.04375	0.03176	0.04084	0.02075	0.32457	0.03897	0.02564	0.26954	0.02826	0.02986	0.01916	0.01007	0.01103	0.00324	0.01329	0.01103	0.00812	0.01493
46	0.03724	0.04751	0.02825	0.02568	0.03082	0.60963	0.01926	0.03981	0.02825	0.02440	0.01541	0.01798	0.01284	0.01027	0.00899	0.00257	0.01798	0.00642	0.00514	0.01156
47	0.03198	0.02231	0.02520	0.01912	0.02723	0.02192	0.01560	0.26232	0.06657	0.12826	0.02498	0.02504	0.01812	0.01049	0.00907	0.00249	0.00915	0.00818	0.00888	0.26310
48	0.02993	0.02089	0.02315	0.01991	0.02615	0.02302	0.01575	0.08492	0.41924	0.16153	0.03922	0.03562	0.02831	0.01317	0.01011	0.00329	0.00822	0.01085	0.01060	0.01611
49	0.01215	0.00868	0.01157	0.01388	0.01446	0.00810	0.00925	0.01388	0.01909	0.02545	0.05495	0.64315	0.06593	0.03123	0.01272	0.00405	0.00578	0.02834	0.00925	0.00810
50	0.01450	0.00966	0.01087	0.01087	0.01087	0.00966	0.00604	0.01450	0.01450	0.01933	0.03141	0.06524	0.03624	0.64965	0.05074	0.00966	0.00966	0.01450	0.00604	0.00604
51	0.01411	0.01019	0.01333	0.01254	0.01489	0.00941	0.00941	0.01881	0.02822	0.03998	0.58221	0.07447	0.09406	0.02038	0.01176	0.00314	0.00470	0.01803	0.01097	0.00941
52	0.02467	0.02369	0.04046	0.06119	0.58747	0.02369	0.03059	0.03059	0.02270	0.03257	0.01875	0.02467	0.01579	0.00888	0.00987	0.00296	0.01184	0.00888	0.00493	0.01579
53	0.01195	0.01011	0.01033	0.01028	0.01357	0.00849	0.00771	0.01463	0.02312	0.02788	0.13603	0.09438	0.54779	0.02489	0.01178	0.00335	0.00502	0.02082	0.00938	0.00849
54	0.01215	0.00868	0.01157	0.01388	0.01446	0.00810	0.00925	0.01388	0.01909	0.02545	0.05495	0.64315	0.06593	0.03123	0.01272	0.00405	0.00578	0.02834	0.00925	0.00810
55	0.01393	0.01018	0.01307	0.01235	0.01478	0.00933	0.00926	0.01846	0.02778	0.03894	0.54410	0.07617	0.13281	0.02077	0.01176	0.00315	0.00473	0.01827	0.01084	0.00933
56	0.01328	0.01016	0.01218	0.01167	0.01439	0.00905	0.00876	0.01721	0.02627	0.03535	0.41139	0.08209	0.26776	0.02211	0.01177	0.00322	0.00483	0.01910	0.01036	0.00905
57	0.01999	0.05157	0.59800	0.02841	0.04315	0.02315	0.03683	0.03157	0.02105	0.03157	0.01789	0.02105	0.01263	0.00947	0.00947	0.00316	0.01473	0.00737	0.00421	0.01473
58	0.01178	0.01010	0.01010	0.01010	0.01347	0.00842	0.00757	0.01431	0.02272	0.02693	0.10099	0.09594	0.58342	0.02525	0.01178	0.00337	0.00505	0.02104	0.00926	0.00842
59	0.01450	0.00966	0.01087	0.01087	0.01087	0.00966	0.00604	0.01450	0.01450	0.01933	0.03141	0.06524	0.03624	0.64965	0.05074	0.00966	0.00966	0.01450	0.00604	0.00604
60	0.57931	0.01880	0.01642	0.01407	0.02056	0.02076	0.01160	0.03332	0.01938	0.15928	0.01918	0.01989	0.01369	0.00990	0.00697	0.00308	0.00787	0.00636	0.00746	0.01208
61	0.03790	0.02792	0.02992	0.02294	0.03091	0.03091	0.01895	0.55423	0.04687	0.06283	0.02393	0.02393	0.01695	0.01197	0.00997	0.00299	0.01097	0.00898	0.00997	0.01695
62	0.04473	0.01697	0.02313	0.01774	0.02545	0.01465	0.01465	0.04858	0.02853	0.59437	0.03933	0.03393	0.02468	0.01234	0.01003	0.00308	0.00848	0.01003	0.01234	0.01697
63	0.01215	0.00868	0.01157	0.01388	0.01446	0.00810	0.00925	0.01388	0.01909	0.02545	0.05495	0.64315	0.06593	0.03123	0.01272	0.00405	0.00578	0.02834	0.00925	0.00810
64	0.72007	0.01928	0.01465	0.01311	0.01928	0.02236	0.01080	0.02930	0.01697	0.04473	0.01388	0.01619	0.01080	0.00925	0.00617	0.00308	0.00771	0.00540	0.00617	0.01080
65	0.01215	0.00868	0.01157	0.01388	0.01446	0.00810	0.00925	0.01388	0.01909	0.02545	0.05495	0.64315	0.06593	0.03123	0.01272	0.00405	0.00578	0.02834	0.00925	0.00810
66	0.01450	0.00966	0.01087	0.01087	0.01087	0.00966	0.00604	0.01450	0.01450	0.01933	0.03141	0.06524	0.03624	0.64965	0.05074	0.00966	0.00966	0.01450	0.00604	0.00604
67	0.72007	0.01928	0.01465	0.01311	0.01928	0.02236	0.01080	0.02930	0.01697	0.04473	0.01388	0.01619	0.01080	0.00925	0.00617	0.00308	0.00771	0.00540	0.00617	0.01080
68	0.01411	0.01019	0.01333	0.01254	0.01489	0.00941	0.00941	0.01881	0.02822	0.03998	0.58221	0.07447	0.09406	0.02038	0.01176	0.00314	0.00470	0.01803	0.01097	0.00941
69	0.01178	0.01010	0.01010	0.01010	0.01347	0.00842	0.00757	0.01431	0.02272	0.02693	0.10099	0.09594	0.58342	0.02525	0.01178	0.00337	0.00505	0.02104	0.00926	0.00842
70	0.01292	0.01014	0.01168	0.01129	0.01416	0.00890	0.00847	0.01651	0.02541	0.03331	0.33618	0.08544	0.34425	0.02287	0.01177	0.00325	0.00488	0.01957	0.01010	0.00890
71	0.57982	0.01880	0.01641	0.01407	0.02056	0.02076	0.01160	0.03331	0.01937	0.15887	0.01917	0.01988	0.01368	0.00989	0.00697	0.00308	0.00787	0.00636	0.00745	0.01208
72	0.01178	0.01010	0.01010	0.01010	0.01347	0.00842	0.00757	0.01431	0.02272	0.02693	0.10099	0.09594	0.58342	0.02525	0.01178	0.00337	0.00505	0.02104	0.00926	0.00842
73	0.01178	0.01010	0.01010	0.01010	0.01347	0.00842	0.00757	0.01431	0.02272	0.02693	0.10099	0.09594	0.58342	0.02525	0.01178	0.00337	0.00505	0.02104	0.00926	0.00842
74	0.01512	0.01092	0.01487	0.01681	0.01895	0.01067	0.01413	0.01919	0.02276	0.02971	0.09110	0.18040	0.09676	0.02741	0.01336	0.00434	0.00815	0.38704	0.00931	0.00900
75	0.04023	0.02417	0.02760	0.02116	0.02904	0.02535	0.01748	0.38110	0.04059	0.24482	0.02921	0.02736	0.01960	0.01209	0.00999	0.00302	0.01012	0.00933	0.01078	0.01696
76	0.57460	0.02026	0.01738	0.01480	0.02134	0.02291	0.01220	0.10162	0.02191	0.09069	0.01725	0.01864	0.01273	0.00986	0.00699	0.00307	0.00821	0.00625	0.00717	0.01212

[dist]
# distance from previous block
# <min> <max>
0	10

# created by:
# /st0/software/busco_prod/Augustus/scripts/msa2prfl.pl ./align_prep/5839.fa
