[name]
unknown

[dist]
# distance from previous block
# <min> <max>
0	1163

[block]
# block no. 0 follows, 13 sequences, length 12
# corresponding to MSA columns:
# 1505-1516
name=unknown_A
#
# <colnr> <probs for GDERKNQSTAVLIFYWHMCP>
#	G	D	E	R	K	N	Q	S	T	A	V	L	I	F	Y	W	H	M	C	P
0	0.01466	0.01090	0.01605	0.01654	0.01817	0.01229	0.01254	0.01805	0.01764	0.02503	0.03431	0.15742	0.03512	0.07007	0.47203	0.01446	0.02389	0.01507	0.00649	0.00927
1	0.01465	0.01080	0.01369	0.01297	0.01560	0.00984	0.00973	0.01934	0.02918	0.04061	0.49885	0.08192	0.15891	0.02228	0.01247	0.00336	0.00504	0.01953	0.01140	0.00984
2	0.02159	0.05199	0.52094	0.03162	0.04674	0.02478	0.08906	0.03352	0.02259	0.03352	0.01922	0.02296	0.01367	0.00993	0.01030	0.00337	0.01585	0.00829	0.00456	0.01549
3	0.02313	0.02313	0.03238	0.02776	0.02776	0.03238	0.02313	0.02545	0.01619	0.02545	0.01388	0.02313	0.01388	0.01851	0.03470	0.00463	0.60907	0.00925	0.00463	0.01157
4	0.02192	0.01879	0.02192	0.01566	0.02506	0.01409	0.01253	0.02662	0.02192	0.03445	0.01879	0.02192	0.01566	0.00783	0.00783	0.00157	0.00783	0.00626	0.00626	0.69305
5	0.01479	0.01086	0.01418	0.01350	0.01601	0.01025	0.01018	0.01946	0.02807	0.03938	0.46425	0.07667	0.12750	0.02830	0.07501	0.00483	0.00756	0.01852	0.01085	0.00984
6	0.01872	0.01539	0.01850	0.01533	0.02161	0.01214	0.01157	0.02240	0.02133	0.03180	0.03281	0.23473	0.03492	0.01681	0.00984	0.00253	0.00723	0.01471	0.00752	0.45013
7	0.01496	0.07874	0.01674	0.01335	0.01698	0.01297	0.01073	0.01795	0.02338	0.02844	0.08322	0.15863	0.36281	0.02599	0.01232	0.00372	0.00677	0.09354	0.00923	0.00951
8	0.02523	0.26050	0.21402	0.03373	0.12711	0.03138	0.10474	0.03269	0.02271	0.03053	0.01792	0.02194	0.01443	0.00940	0.00928	0.00294	0.01385	0.00800	0.00475	0.01484
9	0.02192	0.01879	0.02192	0.01566	0.02506	0.01409	0.01253	0.02662	0.02192	0.03445	0.01879	0.02192	0.01566	0.00783	0.00783	0.00157	0.00783	0.00626	0.00626	0.69305
10	0.02192	0.01879	0.02192	0.01566	0.02506	0.01409	0.01253	0.02662	0.02192	0.03445	0.01879	0.02192	0.01566	0.00783	0.00783	0.00157	0.00783	0.00626	0.00626	0.69305
11	0.11900	0.01616	0.01990	0.01783	0.02331	0.01569	0.01442	0.03770	0.06750	0.27089	0.04371	0.14731	0.03842	0.01906	0.01132	0.00376	0.00849	0.10068	0.01090	0.01397

[dist]
# distance from previous block
# <min> <max>
0	27

[block]
# block no. 1 follows, 13 sequences, length 39
# corresponding to MSA columns:
# 1544-1582
name=unknown_B
#
# <colnr> <probs for GDERKNQSTAVLIFYWHMCP>
#	G	D	E	R	K	N	Q	S	T	A	V	L	I	F	Y	W	H	M	C	P
0	0.02305	0.09803	0.49559	0.02902	0.04342	0.06618	0.03615	0.03397	0.02281	0.03229	0.01846	0.02169	0.01342	0.01003	0.00976	0.00322	0.01555	0.00758	0.00454	0.01523
1	0.14348	0.02293	0.09153	0.01948	0.02834	0.01790	0.01785	0.04618	0.02742	0.42390	0.03479	0.03144	0.02235	0.01221	0.00994	0.00328	0.00970	0.00954	0.01102	0.01671
2	0.02218	0.01962	0.02536	0.01811	0.02762	0.01517	0.05594	0.02724	0.02218	0.03440	0.01901	0.02248	0.01569	0.00792	0.00822	0.00174	0.00868	0.00679	0.00619	0.63545
3	0.02844	0.01773	0.02183	0.01648	0.02476	0.01403	0.01315	0.03271	0.02416	0.18697	0.02879	0.07812	0.02339	0.01153	0.00912	0.00229	0.00802	0.00958	0.00853	0.44036
4	0.02192	0.01879	0.02192	0.01566	0.02506	0.01409	0.01253	0.02662	0.02192	0.03445	0.01879	0.02192	0.01566	0.00783	0.00783	0.00157	0.00783	0.00626	0.00626	0.69305
5	0.02568	0.01868	0.02231	0.01612	0.02534	0.01431	0.01297	0.03029	0.02315	0.11319	0.02216	0.02399	0.01721	0.00860	0.00824	0.00182	0.00800	0.00691	0.00727	0.59377
6	0.02192	0.01879	0.02192	0.01566	0.02506	0.01409	0.01253	0.02662	0.02192	0.03445	0.01879	0.02192	0.01566	0.00783	0.00783	0.00157	0.00783	0.00626	0.00626	0.69305
7	0.02367	0.02551	0.05269	0.03855	0.04808	0.02366	0.40972	0.03165	0.02458	0.03365	0.02544	0.03916	0.02158	0.01133	0.01228	0.00353	0.01582	0.07147	0.00599	0.08166
8	0.02448	0.01871	0.02219	0.01598	0.02525	0.01424	0.01283	0.02912	0.02276	0.08806	0.02109	0.02333	0.01671	0.00836	0.00811	0.00174	0.00795	0.00670	0.00695	0.62546
9	0.01309	0.00936	0.01246	0.01458	0.01538	0.00873	0.00983	0.01525	0.02121	0.02853	0.10820	0.56719	0.07292	0.03197	0.01339	0.00420	0.00602	0.02896	0.01000	0.00873
10	0.02242	0.02000	0.03278	0.08962	0.33132	0.02035	0.02669	0.02825	0.02395	0.03293	0.03275	0.05970	0.03236	0.01660	0.01196	0.00379	0.01166	0.18221	0.00681	0.01385
11	0.01288	0.00920	0.01227	0.01472	0.01534	0.00859	0.00981	0.01472	0.02024	0.02699	0.05828	0.62152	0.06993	0.03312	0.01350	0.00429	0.00613	0.03006	0.00981	0.00859
12	0.02630	0.02271	0.02391	0.02152	0.02749	0.02630	0.01674	0.05618	0.54336	0.04423	0.04303	0.03945	0.03228	0.01434	0.01076	0.00359	0.00837	0.01195	0.01076	0.01674
13	0.08165	0.02366	0.03868	0.05108	0.38795	0.02333	0.05994	0.03600	0.02482	0.13536	0.02367	0.02747	0.01806	0.01010	0.01033	0.00320	0.01191	0.00957	0.00681	0.01641
14	0.02687	0.02160	0.03583	0.26843	0.29234	0.02308	0.02876	0.03313	0.02384	0.11032	0.02267	0.02840	0.01710	0.01041	0.01053	0.00331	0.01264	0.00959	0.00618	0.01498
15	0.02121	0.05469	0.57364	0.03014	0.04576	0.02455	0.03906	0.03348	0.02232	0.03348	0.01897	0.02232	0.01339	0.01005	0.01005	0.00335	0.01563	0.00781	0.00446	0.01563
16	0.01955	0.01919	0.03658	0.10377	0.08541	0.01884	0.21147	0.02514	0.02250	0.03029	0.03587	0.26840	0.03768	0.01897	0.01248	0.00382	0.01217	0.01895	0.00707	0.01187
17	0.02617	0.02512	0.04292	0.06490	0.56246	0.02512	0.03245	0.03245	0.02407	0.03454	0.01989	0.02617	0.01675	0.00942	0.01047	0.00314	0.01256	0.00942	0.00523	0.01675
18	0.02617	0.02512	0.04292	0.06490	0.56246	0.02512	0.03245	0.03245	0.02407	0.03454	0.01989	0.02617	0.01675	0.00942	0.01047	0.00314	0.01256	0.00942	0.00523	0.01675
19	0.01324	0.00946	0.01268	0.01514	0.01591	0.00890	0.01044	0.01535	0.02060	0.02740	0.05808	0.57782	0.06914	0.03278	0.01359	0.00434	0.00645	0.07019	0.00981	0.00869
20	0.02074	0.01958	0.03311	0.53601	0.13378	0.02369	0.02975	0.02769	0.02151	0.02795	0.01893	0.02794	0.01442	0.01043	0.01056	0.00348	0.01390	0.00940	0.00476	0.01237
21	0.02598	0.02275	0.02476	0.02214	0.02752	0.02691	0.01738	0.05311	0.49058	0.04235	0.04011	0.03781	0.03043	0.01476	0.01316	0.00369	0.06852	0.01168	0.01014	0.01622
22	0.02496	0.02852	0.06239	0.04456	0.05526	0.02674	0.52406	0.03387	0.02496	0.03387	0.02139	0.02852	0.01604	0.00891	0.01248	0.00357	0.01783	0.01248	0.00535	0.01426
23	0.02219	0.02208	0.03251	0.50725	0.11088	0.07257	0.02885	0.02880	0.02216	0.02755	0.01867	0.02722	0.01428	0.01050	0.01047	0.00342	0.01440	0.00917	0.00481	0.01221
24	0.01997	0.01879	0.03171	0.60301	0.07282	0.02349	0.02936	0.02701	0.02114	0.02701	0.01879	0.02819	0.01409	0.01057	0.01057	0.00352	0.01409	0.00940	0.00470	0.01175
25	0.02087	0.02116	0.03095	0.02527	0.03052	0.08684	0.17238	0.02625	0.02637	0.03407	0.19426	0.12936	0.08506	0.01865	0.01239	0.00358	0.01126	0.05100	0.00842	0.01134
26	0.04272	0.02324	0.09534	0.02188	0.03115	0.01739	0.05131	0.04814	0.02893	0.46841	0.03757	0.03380	0.02393	0.01244	0.01068	0.00330	0.01039	0.01040	0.01151	0.01746
27	0.01997	0.01879	0.03171	0.60301	0.07282	0.02349	0.02936	0.02701	0.02114	0.02701	0.01879	0.02819	0.01409	0.01057	0.01057	0.00352	0.01409	0.00940	0.00470	0.01175
28	0.02211	0.12878	0.50745	0.02860	0.04338	0.02676	0.03639	0.03325	0.02222	0.03238	0.01843	0.02164	0.01342	0.00992	0.00963	0.00321	0.01507	0.00754	0.00447	0.01536
29	0.02588	0.02593	0.04752	0.06009	0.44251	0.02550	0.14871	0.03278	0.02428	0.03438	0.02024	0.02672	0.01658	0.00930	0.01094	0.00324	0.01381	0.01014	0.00526	0.01616
30	0.02209	0.12691	0.50912	0.02864	0.04344	0.02671	0.03645	0.03326	0.02222	0.03241	0.01844	0.02166	0.01342	0.00992	0.00964	0.00321	0.01509	0.00754	0.00447	0.01537
31	0.02540	0.02433	0.04152	0.13189	0.50151	0.02492	0.03206	0.03177	0.02371	0.03361	0.01975	0.02642	0.01642	0.00956	0.01048	0.00319	0.01275	0.00942	0.00517	0.01613
32	0.02496	0.02852	0.06239	0.04456	0.05526	0.02674	0.52406	0.03387	0.02496	0.03387	0.02139	0.02852	0.01604	0.00891	0.01248	0.00357	0.01783	0.01248	0.00535	0.01426
33	0.02181	0.10392	0.52966	0.02911	0.04418	0.02602	0.03728	0.03333	0.02225	0.03275	0.01861	0.02187	0.01341	0.00996	0.00977	0.00326	0.01526	0.00763	0.00447	0.01545
34	0.01499	0.01071	0.01469	0.01714	0.01867	0.01041	0.01348	0.01837	0.02232	0.02935	0.05711	0.36634	0.06532	0.03113	0.01406	0.00459	0.00796	0.26440	0.00977	0.00917
35	0.01284	0.01072	0.01119	0.01107	0.01449	0.00907	0.00830	0.01584	0.02491	0.03049	0.16965	0.09859	0.49444	0.02606	0.01249	0.00354	0.00530	0.02187	0.01007	0.00907
36	0.02041	0.01925	0.03252	0.56438	0.10797	0.02361	0.02958	0.02740	0.02135	0.02755	0.01887	0.02804	0.01428	0.01049	0.01056	0.00350	0.01398	0.00940	0.00474	0.01210
37	0.02496	0.02852	0.06239	0.04456	0.05526	0.02674	0.52406	0.03387	0.02496	0.03387	0.02139	0.02852	0.01604	0.00891	0.01248	0.00357	0.01783	0.01248	0.00535	0.01426
38	0.70310	0.02045	0.01554	0.01390	0.02045	0.02372	0.01145	0.03108	0.01799	0.04744	0.01472	0.01718	0.01145	0.00981	0.00654	0.00327	0.00818	0.00573	0.00654	0.01145

[dist]
# distance from previous block
# <min> <max>
0	32

[block]
# block no. 2 follows, 13 sequences, length 70
# corresponding to MSA columns:
# 1615-1684
name=unknown_C
#
# <colnr> <probs for GDERKNQSTAVLIFYWHMCP>
#	G	D	E	R	K	N	Q	S	T	A	V	L	I	F	Y	W	H	M	C	P
0	0.01311	0.00937	0.01247	0.01457	0.01539	0.00874	0.00983	0.01528	0.02128	0.02865	0.11190	0.56316	0.07314	0.03189	0.01339	0.00419	0.00601	0.02888	0.01001	0.00874
1	0.01325	0.00971	0.01253	0.01465	0.01585	0.00900	0.01030	0.01551	0.02119	0.02768	0.06481	0.49895	0.13661	0.03185	0.01347	0.00425	0.00639	0.07546	0.00981	0.00875
2	0.02121	0.05469	0.57364	0.03014	0.04576	0.02455	0.03906	0.03348	0.02232	0.03348	0.01897	0.02232	0.01339	0.01005	0.01005	0.00335	0.01563	0.00781	0.00446	0.01563
3	0.02799	0.01860	0.02255	0.01641	0.02552	0.01444	0.01324	0.03254	0.02391	0.16165	0.02424	0.02527	0.01816	0.00908	0.00850	0.00197	0.00811	0.00730	0.00789	0.53266
4	0.02192	0.01879	0.02192	0.01566	0.02506	0.01409	0.01253	0.02662	0.02192	0.03445	0.01879	0.02192	0.01566	0.00783	0.00783	0.00157	0.00783	0.00626	0.00626	0.69305
5	0.02583	0.02461	0.04123	0.06095	0.51937	0.02424	0.03085	0.03198	0.02390	0.03454	0.01980	0.02583	0.01666	0.00929	0.01026	0.00301	0.01218	0.00917	0.00532	0.07097
6	0.02192	0.01879	0.02192	0.01566	0.02506	0.01409	0.01253	0.02662	0.02192	0.03445	0.01879	0.02192	0.01566	0.00783	0.00783	0.00157	0.00783	0.00626	0.00626	0.69305
7	0.02617	0.02512	0.04292	0.06490	0.56246	0.02512	0.03245	0.03245	0.02407	0.03454	0.01989	0.02617	0.01675	0.00942	0.01047	0.00314	0.01256	0.00942	0.00523	0.01675
8	0.01496	0.01081	0.01413	0.01330	0.01580	0.00998	0.00998	0.01995	0.02993	0.04240	0.55689	0.07898	0.09976	0.02162	0.01247	0.00333	0.00499	0.01912	0.01164	0.00998
9	0.02530	0.02424	0.04135	0.14012	0.49402	0.02489	0.03202	0.03169	0.02366	0.03349	0.01973	0.02645	0.01638	0.00958	0.01048	0.00319	0.01278	0.00942	0.00516	0.01605
10	0.01250	0.01071	0.01071	0.01071	0.01428	0.00893	0.00803	0.01517	0.02410	0.02856	0.10711	0.10175	0.55817	0.02678	0.01250	0.00357	0.00536	0.02231	0.00982	0.00893
11	0.04184	0.02698	0.03010	0.02308	0.03147	0.02887	0.01906	0.41928	0.04530	0.18080	0.02909	0.02779	0.01984	0.01278	0.01059	0.00320	0.01104	0.00977	0.01115	0.01798
12	0.03950	0.05039	0.02996	0.02724	0.03269	0.58597	0.02043	0.04222	0.02996	0.02588	0.01634	0.01907	0.01362	0.01090	0.00953	0.00272	0.01907	0.00681	0.00545	0.01226
13	0.01333	0.00952	0.01278	0.01523	0.01604	0.00897	0.01059	0.01549	0.02068	0.02749	0.05803	0.56750	0.06895	0.03270	0.01361	0.00436	0.00652	0.07967	0.00981	0.00871
14	0.01958	0.01503	0.02036	0.02080	0.02333	0.01674	0.01780	0.06265	0.02460	0.03296	0.04523	0.09153	0.04785	0.03075	0.06691	0.00575	0.09528	0.34348	0.00873	0.01063
15	0.01997	0.01879	0.03171	0.60301	0.07282	0.02349	0.02936	0.02701	0.02114	0.02701	0.01879	0.02819	0.01409	0.01057	0.01057	0.00352	0.01409	0.00940	0.00470	0.01175
16	0.01496	0.01081	0.01413	0.01330	0.01580	0.00998	0.00998	0.01995	0.02993	0.04240	0.55689	0.07898	0.09976	0.02162	0.01247	0.00333	0.00499	0.01912	0.01164	0.00998
17	0.01324	0.00946	0.01268	0.01514	0.01591	0.00890	0.01044	0.01535	0.02060	0.02740	0.05808	0.57777	0.06914	0.03278	0.01359	0.00434	0.00645	0.07024	0.00981	0.00869
18	0.44747	0.02164	0.02133	0.02279	0.09718	0.02453	0.01562	0.03727	0.14452	0.04488	0.02221	0.02375	0.01717	0.01084	0.00809	0.00333	0.00883	0.00773	0.00737	0.01345
19	0.03129	0.19861	0.18425	0.02296	0.03283	0.08410	0.02335	0.04091	0.09740	0.14692	0.02579	0.02587	0.01884	0.01111	0.00934	0.00301	0.01237	0.00831	0.00731	0.01539
20	0.02252	0.13350	0.45666	0.02971	0.04399	0.02716	0.07838	0.03326	0.02243	0.03231	0.01859	0.02211	0.01365	0.00981	0.00980	0.00322	0.01521	0.00792	0.00455	0.01522
21	0.04685	0.01894	0.02512	0.01926	0.02746	0.01694	0.01591	0.09026	0.03185	0.52881	0.04038	0.03512	0.02551	0.01305	0.01063	0.00326	0.00921	0.01054	0.01288	0.01799
22	0.02723	0.01697	0.02038	0.01754	0.02269	0.01723	0.01377	0.07361	0.16736	0.16529	0.26440	0.05479	0.05912	0.01709	0.01146	0.00337	0.00728	0.01458	0.01166	0.01418
23	0.03411	0.01460	0.01980	0.01723	0.02249	0.01286	0.01333	0.03733	0.02640	0.36038	0.04810	0.26188	0.04305	0.02082	0.01174	0.00367	0.00789	0.01813	0.01182	0.01436
24	0.02827	0.63478	0.05540	0.01809	0.02714	0.04184	0.01809	0.03166	0.02148	0.02488	0.01470	0.01696	0.01357	0.00905	0.00678	0.00226	0.01131	0.00565	0.00452	0.01357
25	0.02192	0.01879	0.02192	0.01566	0.02506	0.01409	0.01253	0.02662	0.02192	0.03445	0.01879	0.02192	0.01566	0.00783	0.00783	0.00157	0.00783	0.00626	0.00626	0.69305
26	0.02770	0.02341	0.02470	0.02180	0.02803	0.02695	0.01707	0.10364	0.49362	0.04649	0.04126	0.03803	0.03084	0.01418	0.01074	0.00354	0.00870	0.01171	0.01074	0.01686
27	0.04395	0.01722	0.02342	0.01822	0.02579	0.01494	0.01494	0.04813	0.03023	0.51306	0.09712	0.04061	0.03409	0.01400	0.01083	0.00328	0.00857	0.01155	0.01293	0.01713
28	0.01486	0.01122	0.01399	0.01449	0.01731	0.01036	0.01166	0.01907	0.02625	0.03448	0.25025	0.09938	0.23299	0.02574	0.01317	0.00391	0.00665	0.17422	0.01044	0.00956
29	0.02121	0.05469	0.57364	0.03014	0.04576	0.02455	0.03906	0.03348	0.02232	0.03348	0.01897	0.02232	0.01339	0.01005	0.01005	0.00335	0.01563	0.00781	0.00446	0.01563
30	0.03203	0.02181	0.03406	0.12064	0.28366	0.02197	0.02544	0.03962	0.06726	0.20302	0.02847	0.03061	0.02060	0.01113	0.01056	0.00327	0.01131	0.01000	0.00808	0.01645
31	0.02212	0.04887	0.46504	0.03533	0.10229	0.02484	0.08722	0.03341	0.02278	0.03364	0.01932	0.02336	0.01402	0.00986	0.01034	0.00335	0.01552	0.00846	0.00464	0.01561
32	0.01779	0.01143	0.01504	0.01378	0.01677	0.01046	0.01046	0.02270	0.02996	0.08834	0.51201	0.07523	0.09335	0.02087	0.01231	0.00332	0.00534	0.01838	0.01177	0.01067
33	0.02063	0.01947	0.03292	0.54513	0.12549	0.02367	0.02970	0.02760	0.02146	0.02782	0.01891	0.02797	0.01438	0.01045	0.01056	0.00348	0.01393	0.00940	0.00476	0.01228
34	0.02577	0.03258	0.20435	0.13641	0.26864	0.02372	0.03230	0.03381	0.02368	0.08693	0.02163	0.02629	0.01623	0.01017	0.01037	0.00328	0.01340	0.00904	0.00570	0.01572
35	0.02455	0.03134	0.11738	0.04301	0.05424	0.02650	0.47190	0.03383	0.02467	0.03383	0.02113	0.02785	0.01576	0.00903	0.01222	0.00354	0.01759	0.01198	0.00525	0.01441
36	0.01704	0.01217	0.01704	0.01947	0.02191	0.01217	0.01704	0.02191	0.02434	0.03164	0.05598	0.11926	0.06085	0.02921	0.01460	0.00487	0.00974	0.49130	0.00974	0.00974
37	0.09280	0.02828	0.17478	0.02153	0.03163	0.01867	0.02168	0.04493	0.02710	0.38046	0.03330	0.03072	0.02148	0.01199	0.01014	0.00329	0.01075	0.00946	0.01019	0.01682
38	0.02121	0.05469	0.57364	0.03014	0.04576	0.02455	0.03906	0.03348	0.02232	0.03348	0.01897	0.02232	0.01339	0.01005	0.01005	0.00335	0.01563	0.00781	0.00446	0.01563
39	0.01997	0.01879	0.03171	0.60301	0.07282	0.02349	0.02936	0.02701	0.02114	0.02701	0.01879	0.02819	0.01409	0.01057	0.01057	0.00352	0.01409	0.00940	0.00470	0.01175
40	0.02891	0.03251	0.17652	0.03555	0.04689	0.02380	0.29829	0.03759	0.02547	0.14945	0.02520	0.02865	0.01760	0.01008	0.01150	0.00345	0.01539	0.01096	0.00681	0.01539
41	0.03806	0.02419	0.03924	0.02895	0.03806	0.02320	0.19288	0.14947	0.03268	0.27387	0.03109	0.03108	0.02087	0.01155	0.01126	0.00335	0.01264	0.01103	0.00985	0.01670
42	0.04744	0.01799	0.02454	0.01881	0.02699	0.01554	0.01554	0.05153	0.03026	0.56979	0.04171	0.03599	0.02617	0.01309	0.01063	0.00327	0.00900	0.01063	0.01309	0.01799
43	0.02313	0.02313	0.03238	0.02776	0.02776	0.03238	0.02313	0.02545	0.01619	0.02545	0.01388	0.02313	0.01388	0.01851	0.03470	0.00463	0.60907	0.00925	0.00463	0.01157
44	0.02454	0.28377	0.23451	0.02891	0.08913	0.03092	0.06048	0.03183	0.02248	0.02997	0.02015	0.02791	0.01740	0.01088	0.00925	0.00301	0.01328	0.04221	0.00500	0.01438
45	0.02827	0.63478	0.05540	0.01809	0.02714	0.04184	0.01809	0.03166	0.02148	0.02488	0.01470	0.01696	0.01357	0.00905	0.00678	0.00226	0.01131	0.00565	0.00452	0.01357
46	0.01997	0.01879	0.03171	0.60301	0.07282	0.02349	0.02936	0.02701	0.02114	0.02701	0.01879	0.02819	0.01409	0.01057	0.01057	0.00352	0.01409	0.00940	0.00470	0.01175
47	0.03950	0.05039	0.02996	0.02724	0.03269	0.58597	0.02043	0.04222	0.02996	0.02588	0.01634	0.01907	0.01362	0.01090	0.00953	0.00272	0.01907	0.00681	0.00545	0.01226
48	0.01372	0.01237	0.04914	0.01607	0.01779	0.00988	0.01224	0.01646	0.02067	0.02775	0.05555	0.54638	0.06560	0.03134	0.01335	0.00427	0.00701	0.06181	0.00946	0.00913
49	0.04607	0.02019	0.02590	0.01985	0.02809	0.01880	0.01640	0.14143	0.03394	0.47470	0.03863	0.03398	0.02462	0.01301	0.01062	0.00325	0.00950	0.01042	0.01261	0.01799
50	0.01997	0.01879	0.03171	0.60301	0.07282	0.02349	0.02936	0.02701	0.02114	0.02701	0.01879	0.02819	0.01409	0.01057	0.01057	0.00352	0.01409	0.00940	0.00470	0.01175
51	0.02287	0.02078	0.03508	0.04751	0.33790	0.02066	0.05975	0.02882	0.02423	0.03347	0.03273	0.05918	0.03227	0.01637	0.01206	0.00378	0.01191	0.17970	0.00683	0.01411
52	0.01288	0.00920	0.01227	0.01472	0.01534	0.00859	0.00981	0.01472	0.02024	0.02699	0.05828	0.62152	0.06993	0.03312	0.01350	0.00429	0.00613	0.03006	0.00981	0.00859
53	0.02630	0.02271	0.02391	0.02152	0.02749	0.02630	0.01674	0.05618	0.54336	0.04423	0.04303	0.03945	0.03228	0.01434	0.01076	0.00359	0.00837	0.01195	0.01076	0.01674
54	0.02192	0.01879	0.02192	0.01566	0.02506	0.01409	0.01253	0.02662	0.02192	0.03445	0.01879	0.02192	0.01566	0.00783	0.00783	0.00157	0.00783	0.00626	0.00626	0.69305
55	0.04744	0.01799	0.02454	0.01881	0.02699	0.01554	0.01554	0.05153	0.03026	0.56979	0.04171	0.03599	0.02617	0.01309	0.01063	0.00327	0.00900	0.01063	0.01309	0.01799
56	0.02121	0.05469	0.57364	0.03014	0.04576	0.02455	0.03906	0.03348	0.02232	0.03348	0.01897	0.02232	0.01339	0.01005	0.01005	0.00335	0.01563	0.00781	0.00446	0.01563
57	0.02311	0.02009	0.03472	0.46370	0.10749	0.02327	0.07160	0.03002	0.02244	0.07174	0.02095	0.02868	0.01545	0.01053	0.01073	0.00348	0.01389	0.00977	0.00547	0.01287
58	0.02102	0.01987	0.03362	0.51163	0.15597	0.02377	0.02989	0.02794	0.02164	0.02829	0.01898	0.02785	0.01455	0.01038	0.01055	0.00346	0.01383	0.00940	0.00479	0.01259
59	0.02266	0.17400	0.46705	0.02766	0.04193	0.02811	0.03475	0.03311	0.02215	0.03171	0.01809	0.02122	0.01343	0.00984	0.00937	0.00312	0.01474	0.00737	0.00448	0.01520
60	0.02751	0.02767	0.04161	0.06110	0.50908	0.08163	0.03124	0.03343	0.02467	0.03367	0.01953	0.02545	0.01643	0.00957	0.01037	0.00310	0.01322	0.00916	0.00526	0.01630
61	0.02617	0.02512	0.04292	0.06490	0.56246	0.02512	0.03245	0.03245	0.02407	0.03454	0.01989	0.02617	0.01675	0.00942	0.01047	0.00314	0.01256	0.00942	0.00523	0.01675
62	0.01539	0.01197	0.01580	0.01710	0.01885	0.01238	0.01353	0.01855	0.02203	0.02884	0.06145	0.28383	0.14594	0.02909	0.01587	0.00441	0.06809	0.19822	0.00926	0.00937
63	0.02083	0.01938	0.03241	0.42512	0.17488	0.02249	0.02809	0.02750	0.02267	0.03022	0.07325	0.03286	0.02331	0.01143	0.01074	0.00342	0.01284	0.01038	0.00552	0.01267
64	0.02617	0.02512	0.04292	0.06490	0.56246	0.02512	0.03245	0.03245	0.02407	0.03454	0.01989	0.02617	0.01675	0.00942	0.01047	0.00314	0.01256	0.00942	0.00523	0.01675
65	0.01322	0.00944	0.01266	0.01511	0.01587	0.00888	0.01040	0.01531	0.02058	0.02737	0.05809	0.58062	0.06919	0.03281	0.01359	0.00434	0.00643	0.06762	0.00981	0.00868
66	0.01431	0.01003	0.01216	0.01282	0.01367	0.00958	0.00823	0.01593	0.01999	0.02685	0.13509	0.25310	0.09239	0.29269	0.03100	0.00670	0.00770	0.02124	0.00863	0.00789
67	0.42703	0.20470	0.02925	0.07852	0.02809	0.02913	0.01537	0.03082	0.01938	0.03847	0.01515	0.01830	0.01237	0.00967	0.00705	0.00300	0.00975	0.00610	0.00574	0.01212
68	0.03056	0.28056	0.15485	0.02171	0.03105	0.10674	0.02190	0.03600	0.02492	0.11963	0.05976	0.02610	0.02191	0.01111	0.00892	0.00281	0.01246	0.00809	0.00659	0.01431
69	0.03192	0.14984	0.06863	0.02014	0.02860	0.08435	0.01777	0.04077	0.11262	0.16194	0.02731	0.02698	0.02019	0.01092	0.00912	0.00271	0.01065	0.00832	0.00810	0.15912

[dist]
# distance from previous block
# <min> <max>
1	33

[block]
# block no. 3 follows, 13 sequences, length 17
# corresponding to MSA columns:
# 1718-1734
name=unknown_D
#
# <colnr> <probs for GDERKNQSTAVLIFYWHMCP>
#	G	D	E	R	K	N	Q	S	T	A	V	L	I	F	Y	W	H	M	C	P
0	0.17360	0.02067	0.09063	0.01699	0.02315	0.01678	0.01522	0.02884	0.06321	0.07080	0.18882	0.10887	0.04800	0.01644	0.01028	0.00328	0.00800	0.01365	0.00886	0.07391
1	0.02608	0.12300	0.38279	0.02627	0.03917	0.02578	0.03116	0.03770	0.07058	0.10458	0.02362	0.02499	0.01683	0.01071	0.00976	0.00322	0.01352	0.00828	0.00619	0.01577
2	0.02119	0.02011	0.05737	0.02176	0.06459	0.01857	0.01640	0.03571	0.21739	0.03975	0.18393	0.08764	0.04956	0.01623	0.01098	0.00324	0.00797	0.01406	0.00952	0.10402
3	0.02153	0.01918	0.02616	0.02213	0.02565	0.02189	0.06845	0.07223	0.09274	0.03399	0.07900	0.08676	0.12367	0.07117	0.02181	0.00443	0.17453	0.01483	0.00795	0.01191
4	0.01888	0.01403	0.01657	0.01589	0.01929	0.01459	0.01241	0.03044	0.16421	0.04099	0.28241	0.06892	0.06693	0.01953	0.01165	0.00350	0.00654	0.08178	0.09974	0.01172
5	0.03515	0.02244	0.02859	0.07102	0.03233	0.02540	0.01970	0.14919	0.08898	0.21900	0.02949	0.03022	0.02102	0.01427	0.01655	0.00364	0.15767	0.01009	0.00948	0.01575
6	0.01449	0.01044	0.01371	0.01362	0.01569	0.00966	0.00994	0.01876	0.02773	0.03890	0.44358	0.20227	0.09298	0.02423	0.01270	0.00355	0.00525	0.02161	0.01122	0.00966
7	0.01510	0.01133	0.01699	0.01699	0.01888	0.01322	0.01322	0.01888	0.01699	0.02454	0.02832	0.04154	0.02643	0.07930	0.58652	0.01699	0.02832	0.01133	0.00566	0.00944
8	0.02573	0.02085	0.03459	0.34163	0.23394	0.02299	0.02858	0.03213	0.02336	0.10170	0.02221	0.02853	0.01661	0.01051	0.01054	0.00336	0.01289	0.00957	0.00600	0.01428
9	0.01452	0.01062	0.01364	0.01325	0.01562	0.00973	0.00980	0.01896	0.02834	0.03949	0.46260	0.14286	0.13439	0.02336	0.01259	0.00346	0.00515	0.02064	0.01128	0.00973
10	0.26953	0.11530	0.24202	0.02142	0.03207	0.02552	0.02369	0.03444	0.02157	0.09862	0.01948	0.02133	0.01418	0.01018	0.00842	0.00317	0.01163	0.00710	0.00620	0.01413
11	0.02842	0.23368	0.03965	0.24135	0.04600	0.07963	0.02295	0.12755	0.02759	0.03392	0.01847	0.02303	0.01463	0.01049	0.00919	0.00296	0.01309	0.00792	0.00585	0.01363
12	0.01406	0.01004	0.01362	0.01607	0.01720	0.00960	0.01186	0.01676	0.02140	0.02831	0.05763	0.47931	0.06736	0.03202	0.01381	0.00446	0.00715	0.16066	0.00979	0.00891
13	0.03648	0.09323	0.03090	0.07097	0.03291	0.02692	0.01873	0.20321	0.13336	0.19610	0.03160	0.03035	0.02220	0.01252	0.01019	0.00321	0.01044	0.00985	0.01013	0.01671
14	0.03380	0.18514	0.03768	0.08164	0.10492	0.28374	0.02189	0.03765	0.02632	0.06798	0.01855	0.02160	0.01501	0.01038	0.00916	0.00278	0.01509	0.00740	0.00570	0.01356
15	0.06776	0.01872	0.02240	0.08346	0.02988	0.01723	0.01493	0.03202	0.09540	0.06908	0.06929	0.03050	0.02535	0.01068	0.00903	0.00244	0.00847	0.00874	0.00760	0.37701
16	0.02553	0.02663	0.05087	0.04819	0.21853	0.02615	0.29484	0.03637	0.09354	0.03547	0.02377	0.02920	0.01843	0.00980	0.01159	0.00343	0.01484	0.01140	0.00603	0.01541

[dist]
# distance from previous block
# <min> <max>
0	2

[block]
# block no. 4 follows, 13 sequences, length 19
# corresponding to MSA columns:
# 1737-1755
name=unknown_E
#
# <colnr> <probs for GDERKNQSTAVLIFYWHMCP>
#	G	D	E	R	K	N	Q	S	T	A	V	L	I	F	Y	W	H	M	C	P
0	0.02724	0.03058	0.02754	0.02501	0.02717	0.23444	0.01951	0.02961	0.02213	0.02591	0.02349	0.13880	0.02476	0.01853	0.02115	0.00385	0.27069	0.01241	0.00595	0.01124
1	0.02272	0.02161	0.03669	0.36371	0.29057	0.02422	0.03074	0.02943	0.02245	0.03036	0.01928	0.02729	0.01527	0.01006	0.01052	0.00335	0.01341	0.00941	0.00494	0.01397
2	0.08650	0.01131	0.01195	0.01178	0.01245	0.01164	0.00693	0.01700	0.01565	0.02329	0.03139	0.06381	0.03565	0.56444	0.04893	0.00953	0.01004	0.01438	0.00642	0.00693
3	0.02508	0.02402	0.04096	0.15897	0.47686	0.02484	0.03191	0.03150	0.02356	0.03323	0.01970	0.02652	0.01628	0.00962	0.01049	0.00321	0.01283	0.00942	0.00514	0.01587
4	0.01476	0.01080	0.01384	0.01308	0.01567	0.00989	0.00981	0.01955	0.02944	0.04123	0.51881	0.08091	0.13857	0.02205	0.01247	0.00335	0.00502	0.01939	0.01148	0.00989
5	0.02676	0.45413	0.04664	0.08733	0.03178	0.03572	0.01873	0.06523	0.02433	0.02992	0.07202	0.02531	0.02286	0.01079	0.00809	0.00259	0.01101	0.00777	0.00571	0.01330
6	0.02242	0.01236	0.01570	0.01437	0.01825	0.01093	0.01093	0.02608	0.02696	0.17278	0.23155	0.16798	0.18262	0.02263	0.01218	0.00354	0.00631	0.01958	0.01127	0.01156
7	0.03950	0.05039	0.02996	0.02724	0.03269	0.58597	0.02043	0.04222	0.02996	0.02588	0.01634	0.01907	0.01362	0.01090	0.00953	0.00272	0.01907	0.00681	0.00545	0.01226
8	0.04744	0.01799	0.02454	0.01881	0.02699	0.01554	0.01554	0.05153	0.03026	0.56979	0.04171	0.03599	0.02617	0.01309	0.01063	0.00327	0.00900	0.01063	0.01309	0.01799
9	0.02340	0.02846	0.11148	0.19408	0.14618	0.02534	0.25104	0.03177	0.02348	0.03213	0.02016	0.02729	0.01534	0.00957	0.01134	0.00346	0.01567	0.01058	0.00505	0.01419
10	0.02121	0.05469	0.57364	0.03014	0.04576	0.02455	0.03906	0.03348	0.02232	0.03348	0.01897	0.02232	0.01339	0.01005	0.01005	0.00335	0.01563	0.00781	0.00446	0.01563
11	0.03634	0.04551	0.02787	0.02576	0.03063	0.51758	0.01917	0.03896	0.02881	0.02601	0.02131	0.09043	0.02029	0.01353	0.01000	0.00291	0.01754	0.00956	0.00597	0.01182
12	0.02310	0.02291	0.03321	0.08294	0.07694	0.03097	0.02448	0.02618	0.01731	0.02635	0.01483	0.02385	0.01414	0.01702	0.03047	0.00440	0.50492	0.00928	0.00468	0.01202
13	0.01549	0.01106	0.01526	0.01770	0.01945	0.01083	0.01434	0.01922	0.02281	0.02990	0.05684	0.30681	0.06424	0.03067	0.01419	0.00465	0.00839	0.31907	0.00977	0.00931
14	0.02943	0.02427	0.02567	0.02215	0.02869	0.02776	0.01749	0.16238	0.43207	0.04928	0.03905	0.03628	0.02905	0.01397	0.01072	0.00349	0.00910	0.01140	0.01072	0.01702
15	0.70310	0.02045	0.01554	0.01390	0.02045	0.02372	0.01145	0.03108	0.01799	0.04744	0.01472	0.01718	0.01145	0.00981	0.00654	0.00327	0.00818	0.00573	0.00654	0.01145
16	0.02158	0.01217	0.01533	0.01401	0.01776	0.01104	0.01096	0.02603	0.02778	0.14117	0.29060	0.07236	0.14378	0.02020	0.01167	0.00336	0.00616	0.05116	0.09152	0.01134
17	0.20733	0.01754	0.01767	0.01628	0.02101	0.01921	0.01307	0.12001	0.06407	0.04461	0.03348	0.10191	0.03060	0.01631	0.00961	0.00341	0.00807	0.07652	0.16714	0.01214
18	0.01316	0.00993	0.01217	0.01332	0.01512	0.00894	0.00934	0.01582	0.02314	0.03030	0.16484	0.37259	0.21460	0.02918	0.01302	0.00391	0.00570	0.02582	0.01015	0.00894

[dist]
# distance from previous block
# <min> <max>
0	1

[block]
# block no. 5 follows, 13 sequences, length 23
# corresponding to MSA columns:
# 1757-1779
name=unknown_F
#
# <colnr> <probs for GDERKNQSTAVLIFYWHMCP>
#	G	D	E	R	K	N	Q	S	T	A	V	L	I	F	Y	W	H	M	C	P
0	0.01549	0.01318	0.01701	0.01536	0.01922	0.01226	0.04942	0.02186	0.07626	0.03404	0.20918	0.12217	0.30806	0.02328	0.01239	0.00356	0.00657	0.02027	0.01004	0.01035
1	0.10167	0.02688	0.09259	0.02183	0.03004	0.02492	0.01941	0.14936	0.21315	0.15908	0.03319	0.03138	0.02353	0.01274	0.01018	0.00337	0.01007	0.01002	0.01001	0.01659
2	0.15837	0.28733	0.19084	0.02043	0.03088	0.03057	0.02216	0.03155	0.02108	0.03272	0.01633	0.01902	0.01331	0.00936	0.00777	0.00270	0.01156	0.00634	0.00508	0.08260
3	0.08271	0.13292	0.13645	0.02152	0.03084	0.02663	0.02082	0.10045	0.13373	0.12447	0.02725	0.02705	0.01991	0.01139	0.00937	0.00305	0.01073	0.00868	0.00817	0.06386
4	0.01513	0.01015	0.01160	0.01184	0.01190	0.01009	0.00674	0.01531	0.01585	0.02114	0.03576	0.12327	0.04152	0.57013	0.04987	0.00967	0.00985	0.01681	0.00674	0.00662
5	0.03271	0.02164	0.02370	0.01965	0.02606	0.02345	0.01575	0.20385	0.19733	0.12985	0.03529	0.03430	0.02560	0.01320	0.00999	0.00317	0.00883	0.01053	0.14916	0.01593
6	0.01329	0.01023	0.01216	0.01276	0.01505	0.00910	0.00916	0.01631	0.02438	0.03178	0.21233	0.27060	0.26978	0.02752	0.01283	0.00375	0.00552	0.02406	0.01031	0.00910
7	0.01496	0.01081	0.01413	0.01330	0.01580	0.00998	0.00998	0.01995	0.02993	0.04240	0.55689	0.07898	0.09976	0.02162	0.01247	0.00333	0.00499	0.01912	0.01164	0.00998
8	0.01419	0.01078	0.01305	0.01248	0.01532	0.00964	0.00936	0.01844	0.02809	0.03803	0.41499	0.08616	0.24439	0.02324	0.01248	0.00340	0.00510	0.02013	0.01106	0.00964
9	0.01826	0.01154	0.01519	0.01386	0.01693	0.01054	0.01054	0.02315	0.02996	0.09585	0.50467	0.07462	0.09230	0.02075	0.01228	0.00332	0.00539	0.01826	0.01179	0.01079
10	0.02121	0.05469	0.57364	0.03014	0.04576	0.02455	0.03906	0.03348	0.02232	0.03348	0.01897	0.02232	0.01339	0.01005	0.01005	0.00335	0.01563	0.00781	0.00446	0.01563
11	0.70310	0.02045	0.01554	0.01390	0.02045	0.02372	0.01145	0.03108	0.01799	0.04744	0.01472	0.01718	0.01145	0.00981	0.00654	0.00327	0.00818	0.00573	0.00654	0.01145
12	0.17319	0.01838	0.01863	0.01617	0.02180	0.01960	0.01275	0.07290	0.16339	0.04438	0.10310	0.03684	0.03312	0.01309	0.00912	0.00301	0.00745	0.01034	0.12587	0.09688
13	0.02858	0.06629	0.06926	0.02219	0.03075	0.05835	0.08943	0.03376	0.02483	0.15233	0.03173	0.06661	0.05458	0.01232	0.00997	0.00278	0.01086	0.01068	0.00779	0.21692
14	0.02617	0.02512	0.04292	0.06490	0.56246	0.02512	0.03245	0.03245	0.02407	0.03454	0.01989	0.02617	0.01675	0.00942	0.01047	0.00314	0.01256	0.00942	0.00523	0.01675
15	0.08692	0.02416	0.02708	0.02138	0.02925	0.02558	0.01751	0.26717	0.11561	0.22506	0.03259	0.03037	0.02233	0.01287	0.01034	0.00327	0.01004	0.00998	0.01114	0.01734
16	0.01856	0.01619	0.02312	0.02060	0.02406	0.01717	0.07587	0.02788	0.13295	0.03425	0.14046	0.23518	0.08576	0.02224	0.01462	0.00386	0.06683	0.01955	0.00929	0.01157
17	0.02208	0.02095	0.03552	0.41992	0.23942	0.02405	0.03041	0.02886	0.02214	0.02958	0.01917	0.02750	0.01500	0.01018	0.01054	0.00339	0.01357	0.00940	0.00488	0.01345
18	0.01997	0.01879	0.03171	0.60301	0.07282	0.02349	0.02936	0.02701	0.02114	0.02701	0.01879	0.02819	0.01409	0.01057	0.01057	0.00352	0.01409	0.00940	0.00470	0.01175
19	0.01510	0.01133	0.01699	0.01699	0.01888	0.01322	0.01322	0.01888	0.01699	0.02454	0.02832	0.04154	0.02643	0.07930	0.58652	0.01699	0.02832	0.01133	0.00566	0.00944
20	0.02335	0.10975	0.21864	0.02540	0.03394	0.07983	0.06022	0.03198	0.06045	0.03231	0.08856	0.07149	0.02957	0.01411	0.01285	0.00338	0.07325	0.01115	0.00635	0.01343
21	0.02781	0.02824	0.04132	0.06026	0.49718	0.09424	0.03097	0.03365	0.02480	0.03347	0.01945	0.02529	0.01636	0.00960	0.01035	0.00309	0.01336	0.00910	0.00526	0.01619
22	0.01478	0.08629	0.01758	0.01514	0.01679	0.01269	0.01083	0.01681	0.02040	0.02673	0.05291	0.54702	0.06298	0.03016	0.01267	0.00404	0.00677	0.02705	0.00916	0.00920

[dist]
# distance from previous block
# <min> <max>
0	47

[block]
# block no. 6 follows, 13 sequences, length 28
# corresponding to MSA columns:
# 1827-1854
name=unknown_G
#
# <colnr> <probs for GDERKNQSTAVLIFYWHMCP>
#	G	D	E	R	K	N	Q	S	T	A	V	L	I	F	Y	W	H	M	C	P
0	0.02578	0.02883	0.09828	0.08902	0.19086	0.02621	0.20983	0.07130	0.08240	0.03699	0.02318	0.02820	0.01773	0.01016	0.01121	0.00340	0.01438	0.01066	0.00615	0.01542
1	0.70310	0.02045	0.01554	0.01390	0.02045	0.02372	0.01145	0.03108	0.01799	0.04744	0.01472	0.01718	0.01145	0.00981	0.00654	0.00327	0.00818	0.00573	0.00654	0.01145
2	0.02284	0.01873	0.02267	0.02315	0.08145	0.02010	0.01599	0.07761	0.23863	0.04427	0.24690	0.05284	0.05671	0.01661	0.01140	0.00340	0.00773	0.01438	0.01050	0.01411
3	0.07877	0.01604	0.01862	0.01603	0.02047	0.01631	0.01259	0.13106	0.03319	0.07923	0.36836	0.05991	0.07069	0.01824	0.01147	0.00329	0.00691	0.01547	0.01108	0.01228
4	0.02260	0.02020	0.02946	0.03799	0.25940	0.01968	0.02136	0.03127	0.10256	0.03446	0.03113	0.15002	0.02987	0.01474	0.01060	0.00313	0.00964	0.01343	0.00723	0.15126
5	0.02583	0.03246	0.21257	0.14363	0.11476	0.02319	0.06991	0.07221	0.02614	0.09409	0.06219	0.03041	0.02236	0.01137	0.01069	0.00335	0.01328	0.01000	0.00664	0.01494
6	0.02507	0.01861	0.02715	0.24137	0.04358	0.02050	0.02154	0.03021	0.02239	0.11874	0.02589	0.03742	0.02146	0.01371	0.01420	0.00342	0.10290	0.06145	0.00693	0.14349
7	0.04052	0.02356	0.02836	0.02506	0.07255	0.05603	0.01878	0.14335	0.06741	0.31602	0.03314	0.03132	0.02250	0.01306	0.01234	0.00333	0.05494	0.01007	0.01069	0.01698
8	0.01513	0.01025	0.01210	0.01267	0.01297	0.01015	0.00780	0.01581	0.01686	0.02241	0.03901	0.15808	0.04511	0.48785	0.04441	0.00889	0.00958	0.05670	0.00720	0.00701
9	0.02579	0.02395	0.03438	0.20717	0.25946	0.05579	0.02686	0.08576	0.05798	0.03657	0.06278	0.03114	0.02328	0.01143	0.01063	0.00327	0.01243	0.01018	0.00650	0.01466
10	0.11396	0.02553	0.08798	0.21379	0.29491	0.02440	0.02939	0.03076	0.02223	0.03393	0.01879	0.02519	0.01493	0.00987	0.00993	0.00329	0.01273	0.00876	0.00517	0.01445
11	0.01538	0.01025	0.01153	0.01153	0.01153	0.01025	0.00641	0.01538	0.01538	0.02050	0.03331	0.06919	0.03844	0.62842	0.05382	0.01025	0.01025	0.01538	0.00641	0.00641
12	0.02407	0.01863	0.02685	0.18016	0.10599	0.02114	0.02157	0.03366	0.11210	0.08403	0.03084	0.04191	0.02566	0.01880	0.05184	0.00453	0.06103	0.06258	0.06129	0.01331
13	0.02133	0.01593	0.01908	0.07323	0.02405	0.01705	0.01308	0.11950	0.06731	0.03793	0.17635	0.05716	0.04865	0.23359	0.02646	0.00579	0.00929	0.01444	0.00883	0.01095
14	0.02209	0.08803	0.42603	0.02882	0.04076	0.02736	0.03433	0.03170	0.02100	0.03123	0.01763	0.02212	0.01351	0.01173	0.01492	0.00354	0.13811	0.00796	0.00450	0.01464
15	0.02793	0.09247	0.08414	0.02344	0.03126	0.02682	0.05663	0.04919	0.34792	0.09054	0.03586	0.03418	0.02660	0.01282	0.01037	0.00339	0.01016	0.01077	0.00928	0.01622
16	0.02078	0.01164	0.01492	0.01443	0.01718	0.01058	0.01036	0.02353	0.02391	0.14158	0.15603	0.25992	0.10889	0.11414	0.01857	0.00470	0.00703	0.02093	0.01035	0.01052
17	0.02158	0.02044	0.03319	0.35328	0.11262	0.02268	0.06002	0.02789	0.02154	0.02964	0.01876	0.02644	0.01481	0.01034	0.01180	0.00318	0.05334	0.00899	0.00510	0.14436
18	0.03389	0.08644	0.03099	0.02291	0.03029	0.07161	0.01869	0.27107	0.22730	0.05142	0.03020	0.02930	0.02250	0.01282	0.01021	0.00321	0.01094	0.00985	0.00969	0.01668
19	0.03267	0.08207	0.25309	0.02312	0.03456	0.02120	0.02515	0.04013	0.02550	0.25436	0.02801	0.02750	0.01890	0.01101	0.00982	0.00306	0.01180	0.00866	0.00820	0.08120
20	0.04153	0.02089	0.07704	0.01915	0.02762	0.01579	0.01713	0.04628	0.02889	0.46548	0.04574	0.04093	0.07578	0.01410	0.01075	0.00331	0.00930	0.01147	0.01193	0.01689
21	0.04458	0.02199	0.08432	0.02004	0.02903	0.01652	0.01810	0.04956	0.02940	0.51139	0.03924	0.03450	0.02478	0.01276	0.01057	0.00328	0.00972	0.01033	0.01215	0.01774
22	0.09800	0.01818	0.02384	0.01843	0.02649	0.01617	0.01522	0.04995	0.02932	0.52950	0.03963	0.03454	0.02504	0.01283	0.01032	0.00327	0.00893	0.01025	0.01258	0.01749
23	0.02101	0.01986	0.03360	0.51232	0.15534	0.02377	0.02988	0.02793	0.02164	0.02828	0.01898	0.02785	0.01454	0.01038	0.01055	0.00346	0.01384	0.00940	0.00479	0.01259
24	0.03074	0.02237	0.03629	0.12658	0.20399	0.02269	0.09076	0.04013	0.09632	0.17728	0.02890	0.03122	0.02088	0.01118	0.01083	0.00335	0.01197	0.01049	0.00801	0.01598
25	0.01443	0.01044	0.01356	0.01412	0.01528	0.01079	0.00976	0.01645	0.01792	0.02421	0.04448	0.18889	0.09233	0.23843	0.22959	0.01063	0.01524	0.01798	0.00726	0.00823
26	0.01288	0.00920	0.01227	0.01472	0.01534	0.00859	0.00981	0.01472	0.02024	0.02699	0.05828	0.62152	0.06993	0.03312	0.01350	0.00429	0.00613	0.03006	0.00981	0.00859
27	0.07744	0.03951	0.31191	0.06627	0.04184	0.02447	0.05913	0.10601	0.02711	0.11352	0.02288	0.02505	0.01589	0.01080	0.01013	0.00333	0.01362	0.00868	0.00676	0.01564

[dist]
# distance from previous block
# <min> <max>
0	1

[block]
# block no. 7 follows, 13 sequences, length 11
# corresponding to MSA columns:
# 1856-1866
name=unknown_H
#
# <colnr> <probs for GDERKNQSTAVLIFYWHMCP>
#	G	D	E	R	K	N	Q	S	T	A	V	L	I	F	Y	W	H	M	C	P
0	0.02705	0.28440	0.22140	0.02772	0.06753	0.03285	0.06786	0.09418	0.02571	0.03419	0.01828	0.02125	0.01445	0.00984	0.00901	0.00289	0.01337	0.00762	0.00537	0.01503
1	0.02033	0.01423	0.01915	0.04789	0.02200	0.01569	0.01394	0.02350	0.02206	0.09095	0.14146	0.08851	0.08850	0.13209	0.07109	0.00608	0.11872	0.04500	0.00839	0.01043
2	0.32287	0.03109	0.02699	0.03096	0.16079	0.20182	0.01958	0.03495	0.02331	0.03737	0.01654	0.02004	0.01347	0.01006	0.00848	0.00307	0.01272	0.00700	0.00587	0.01304
3	0.01426	0.01009	0.01261	0.01323	0.01512	0.00930	0.00944	0.01774	0.02476	0.03443	0.26147	0.28897	0.13888	0.02591	0.01243	0.00366	0.00547	0.02295	0.06997	0.00930
4	0.21433	0.07032	0.12152	0.01960	0.02842	0.02234	0.01886	0.07899	0.02653	0.22465	0.05603	0.02869	0.02251	0.01183	0.00926	0.00321	0.01011	0.00884	0.00890	0.01505
5	0.02661	0.02892	0.03187	0.02765	0.02880	0.14989	0.02256	0.02901	0.01912	0.02554	0.01440	0.02227	0.01382	0.01689	0.02936	0.00422	0.48384	0.00873	0.00480	0.01171
6	0.01528	0.01183	0.01722	0.01738	0.01883	0.01378	0.01328	0.01850	0.01765	0.02516	0.03379	0.16911	0.03507	0.06398	0.41319	0.01314	0.07156	0.01533	0.00650	0.00943
7	0.01717	0.00970	0.01337	0.01337	0.01354	0.00986	0.00869	0.01471	0.01455	0.01956	0.02381	0.04429	0.02521	0.22139	0.09285	0.42469	0.01118	0.01126	0.00524	0.00557
8	0.02699	0.52957	0.14939	0.02028	0.03051	0.03870	0.02190	0.03199	0.02164	0.02644	0.01547	0.01793	0.01354	0.00923	0.00738	0.00246	0.01209	0.00605	0.00451	0.01394
9	0.03245	0.01431	0.01936	0.01683	0.02190	0.01264	0.01303	0.03594	0.02705	0.33218	0.11110	0.22682	0.04920	0.02050	0.01177	0.00360	0.00759	0.01784	0.01187	0.01402
10	0.04241	0.01652	0.02187	0.01719	0.02433	0.01451	0.01406	0.04665	0.02880	0.47360	0.04040	0.03661	0.02634	0.01295	0.01004	0.00313	0.00826	0.01049	0.13533	0.01652

[dist]
# distance from previous block
# <min> <max>
0	27

# created by:
# /st0/software/busco_prod/Augustus/scripts/msa2prfl.pl ./align_prep/5845.fa
