[name]
unknown

[dist]
# distance from previous block
# <min> <max>
0	3133

[block]
# block no. 0 follows, 9 sequences, length 61
# corresponding to MSA columns:
# 3203-3206,3214-3270
name=unknown_A
#
# <colnr> <probs for GDERKNQSTAVLIFYWHMCP>
#	G	D	E	R	K	N	Q	S	T	A	V	L	I	F	Y	W	H	M	C	P
0	0.01939	0.01385	0.01939	0.02216	0.02493	0.01385	0.01939	0.02493	0.02770	0.03601	0.06370	0.13572	0.06924	0.03324	0.01662	0.00554	0.01108	0.42113	0.01108	0.01108
1	0.03555	0.02608	0.02885	0.02410	0.03080	0.02828	0.01903	0.31599	0.04557	0.06103	0.04116	0.20611	0.03985	0.02207	0.01312	0.00403	0.01119	0.01850	0.01175	0.01696
2	0.02840	0.03245	0.07099	0.05071	0.06288	0.03043	0.45842	0.03854	0.02840	0.03854	0.02434	0.03245	0.01826	0.01014	0.01420	0.00406	0.02028	0.01420	0.00609	0.01623
3	0.02840	0.03245	0.07099	0.05071	0.06288	0.03043	0.45842	0.03854	0.02840	0.03854	0.02434	0.03245	0.01826	0.01014	0.01420	0.00406	0.02028	0.01420	0.00609	0.01623
4	0.02993	0.02585	0.02721	0.02448	0.03129	0.02993	0.01904	0.06393	0.48038	0.05033	0.04897	0.04489	0.03673	0.01632	0.01224	0.00408	0.00952	0.01360	0.01224	0.01904
5	0.02840	0.03245	0.07099	0.05071	0.06288	0.03043	0.45842	0.03854	0.02840	0.03854	0.02434	0.03245	0.01826	0.01014	0.01420	0.00406	0.02028	0.01420	0.00609	0.01623
6	0.01550	0.01203	0.01410	0.01403	0.01715	0.01063	0.01035	0.01958	0.02979	0.03916	0.27829	0.15959	0.27903	0.02879	0.01435	0.00404	0.00602	0.02488	0.01208	0.01063
7	0.03808	0.15201	0.14721	0.02442	0.03608	0.02835	0.02457	0.08942	0.03149	0.19513	0.02980	0.02952	0.02093	0.01234	0.01062	0.00325	0.01269	0.00941	0.00932	0.09537
8	0.02508	0.02285	0.03317	0.37649	0.06595	0.02778	0.02870	0.04163	0.17370	0.03716	0.03043	0.03628	0.02282	0.01344	0.01210	0.00403	0.01390	0.01165	0.00761	0.01523
9	0.02104	0.01319	0.01737	0.01582	0.01936	0.01204	0.01204	0.02660	0.03410	0.09838	0.44714	0.08457	0.10444	0.02354	0.01396	0.00378	0.00617	0.02071	0.01342	0.01234
10	0.03643	0.01676	0.02130	0.01760	0.02441	0.01444	0.01410	0.04067	0.03205	0.29744	0.12379	0.07161	0.19587	0.02122	0.01305	0.00384	0.00833	0.01766	0.01346	0.01597
11	0.02547	0.04177	0.25449	0.02967	0.04336	0.02452	0.07736	0.03829	0.07312	0.03979	0.02469	0.02806	0.01866	0.01097	0.01099	0.00320	0.01428	0.00939	0.00661	0.22530
12	0.01719	0.01289	0.01934	0.01934	0.02148	0.01504	0.01504	0.02148	0.01934	0.02793	0.03223	0.04727	0.03008	0.09024	0.52949	0.01934	0.03223	0.01289	0.00645	0.01074
13	0.01900	0.01113	0.01425	0.01425	0.01425	0.01113	0.00869	0.01669	0.01669	0.02225	0.03039	0.06010	0.03364	0.34049	0.05495	0.29384	0.01113	0.01438	0.00638	0.00638
14	0.03201	0.03313	0.02971	0.14085	0.04240	0.19417	0.02240	0.08839	0.08086	0.03779	0.03397	0.14473	0.03225	0.01841	0.01237	0.00385	0.01496	0.01507	0.00843	0.01425
15	0.02439	0.02309	0.03910	0.43619	0.18189	0.02717	0.03424	0.03220	0.02485	0.03276	0.02168	0.03153	0.01675	0.01172	0.01200	0.00391	0.01563	0.01070	0.00549	0.01471
16	0.02090	0.01045	0.01567	0.01567	0.01567	0.01045	0.01045	0.01567	0.01567	0.02090	0.02090	0.03657	0.02090	0.04180	0.04702	0.64995	0.01045	0.01045	0.00522	0.00522
17	0.02136	0.01685	0.01982	0.01828	0.02244	0.01759	0.01394	0.03655	0.18394	0.04895	0.34572	0.07477	0.08773	0.02182	0.01354	0.00388	0.00697	0.01902	0.01291	0.01394
18	0.03497	0.03810	0.19468	0.03333	0.09470	0.02726	0.02983	0.09547	0.12935	0.14787	0.03407	0.03390	0.02408	0.01349	0.01188	0.00380	0.01343	0.01104	0.00964	0.01909
19	0.02594	0.02467	0.04190	0.33183	0.27412	0.02758	0.03502	0.03356	0.02558	0.03465	0.02195	0.03103	0.01742	0.01143	0.01198	0.00381	0.01524	0.01070	0.00562	0.01596
20	0.02090	0.01045	0.01567	0.01567	0.01567	0.01045	0.01045	0.01567	0.01567	0.02090	0.02090	0.03657	0.02090	0.04180	0.04702	0.64995	0.01045	0.01045	0.00522	0.00522
21	0.02828	0.02128	0.02529	0.01823	0.02877	0.01623	0.01465	0.03354	0.02604	0.09325	0.02438	0.02678	0.01919	0.00960	0.00928	0.00200	0.00906	0.00770	0.00802	0.57844
22	0.03370	0.08894	0.03313	0.02477	0.03259	0.03352	0.02007	0.14969	0.33574	0.05360	0.04095	0.03851	0.03076	0.01524	0.01170	0.00381	0.01072	0.01220	0.01142	0.01896
23	0.02492	0.01404	0.01861	0.01648	0.02070	0.01270	0.01270	0.03038	0.03414	0.14696	0.40002	0.07942	0.09564	0.02252	0.01374	0.00377	0.00665	0.01970	0.01360	0.01330
24	0.03863	0.02999	0.09544	0.14755	0.05014	0.02673	0.07347	0.13706	0.03523	0.19621	0.03175	0.03344	0.02157	0.01320	0.01222	0.00381	0.01423	0.01134	0.00994	0.01806
25	0.03975	0.20816	0.04233	0.02410	0.03169	0.03393	0.02113	0.08889	0.03002	0.19715	0.02828	0.02926	0.02093	0.01471	0.01677	0.00368	0.13304	0.00975	0.00923	0.01719
26	0.01466	0.01047	0.01396	0.01675	0.01745	0.00977	0.01117	0.01675	0.02304	0.03071	0.06631	0.56931	0.07958	0.03769	0.01536	0.00489	0.00698	0.03420	0.01117	0.00977
27	0.05298	0.02208	0.02892	0.02217	0.03152	0.02007	0.01831	0.10765	0.03713	0.45763	0.04521	0.03948	0.02865	0.01484	0.01209	0.00371	0.01060	0.01195	0.01454	0.02047
28	0.04174	0.03772	0.13703	0.03308	0.09481	0.08628	0.02756	0.14091	0.03658	0.19765	0.03132	0.03128	0.02159	0.01325	0.01177	0.00362	0.01438	0.01045	0.01004	0.01895
29	0.05398	0.02048	0.02792	0.02141	0.03071	0.01768	0.01768	0.05863	0.03444	0.51045	0.04747	0.04095	0.02978	0.01489	0.01210	0.00372	0.01024	0.01210	0.01489	0.02048
30	0.03764	0.14855	0.03892	0.02512	0.03396	0.03708	0.02112	0.24020	0.18915	0.05730	0.03290	0.03211	0.02474	0.01418	0.01118	0.00354	0.01194	0.01081	0.01063	0.01892
31	0.02303	0.02700	0.09576	0.08836	0.04486	0.02292	0.16229	0.03386	0.07807	0.03850	0.09549	0.11323	0.08662	0.01826	0.01355	0.00410	0.01359	0.01755	0.00853	0.01445
32	0.02592	0.17858	0.41416	0.03124	0.04735	0.03232	0.03914	0.03764	0.02519	0.03592	0.02051	0.02404	0.01529	0.01118	0.01060	0.00353	0.01669	0.00834	0.00510	0.01726
33	0.03137	0.11029	0.36171	0.03005	0.04521	0.02790	0.03614	0.04225	0.02722	0.13776	0.02658	0.02805	0.01836	0.01204	0.01117	0.00366	0.01564	0.00931	0.00718	0.01810
34	0.01703	0.01230	0.01608	0.01514	0.01797	0.01135	0.01135	0.02270	0.03406	0.04825	0.49577	0.08987	0.11352	0.02460	0.01419	0.00378	0.00568	0.02176	0.01324	0.01135
35	0.04231	0.05307	0.03433	0.09239	0.04262	0.46926	0.02445	0.04599	0.03290	0.02960	0.01893	0.02293	0.01556	0.01235	0.01099	0.00321	0.02103	0.00810	0.00610	0.01388
36	0.03387	0.04556	0.29682	0.02956	0.04328	0.02693	0.03316	0.09310	0.08308	0.14897	0.03131	0.03149	0.02153	0.01310	0.01174	0.00380	0.01464	0.01036	0.00887	0.01883
37	0.01790	0.01769	0.07113	0.02119	0.02472	0.01366	0.01864	0.02290	0.02547	0.03399	0.06022	0.30755	0.06773	0.03275	0.01552	0.00507	0.01007	0.21208	0.01046	0.01126
38	0.02090	0.01045	0.01567	0.01567	0.01567	0.01045	0.01045	0.01567	0.01567	0.02090	0.02090	0.03657	0.02090	0.04180	0.04702	0.64995	0.01045	0.01045	0.00522	0.00522
39	0.05398	0.02048	0.02792	0.02141	0.03071	0.01768	0.01768	0.05863	0.03444	0.51045	0.04747	0.04095	0.02978	0.01489	0.01210	0.00372	0.01024	0.01210	0.01489	0.02048
40	0.66215	0.02327	0.01768	0.01582	0.02327	0.02699	0.01303	0.03537	0.02048	0.05398	0.01675	0.01954	0.01303	0.01117	0.00745	0.00372	0.00931	0.00651	0.00745	0.01303
41	0.01466	0.01047	0.01396	0.01675	0.01745	0.00977	0.01117	0.01675	0.02304	0.03071	0.06631	0.56931	0.07958	0.03769	0.01536	0.00489	0.00698	0.03420	0.01117	0.00977
42	0.66215	0.02327	0.01768	0.01582	0.02327	0.02699	0.01303	0.03537	0.02048	0.05398	0.01675	0.01954	0.01303	0.01117	0.00745	0.00372	0.00931	0.00651	0.00745	0.01303
43	0.01719	0.01289	0.01934	0.01934	0.02148	0.01504	0.01504	0.02148	0.01934	0.02793	0.03223	0.04727	0.03008	0.09024	0.52949	0.01934	0.03223	0.01289	0.00645	0.01074
44	0.01719	0.01289	0.01934	0.01934	0.02148	0.01504	0.01504	0.02148	0.01934	0.02793	0.03223	0.04727	0.03008	0.09024	0.52949	0.01934	0.03223	0.01289	0.00645	0.01074
45	0.02272	0.02138	0.03609	0.54825	0.08287	0.02673	0.03341	0.03074	0.02406	0.03074	0.02138	0.03208	0.01604	0.01203	0.01203	0.00401	0.01604	0.01069	0.00535	0.01337
46	0.02272	0.02138	0.03609	0.54825	0.08287	0.02673	0.03341	0.03074	0.02406	0.03074	0.02138	0.03208	0.01604	0.01203	0.01203	0.00401	0.01604	0.01069	0.00535	0.01337
47	0.05300	0.02205	0.02889	0.02215	0.03150	0.02001	0.01830	0.10651	0.03706	0.45886	0.04526	0.03952	0.02868	0.01484	0.01209	0.00371	0.01059	0.01195	0.01455	0.02047
48	0.16337	0.02311	0.03620	0.37264	0.06745	0.02723	0.07940	0.03268	0.02379	0.03675	0.02072	0.02938	0.01564	0.01162	0.01128	0.00395	0.01507	0.01019	0.00589	0.01363
49	0.01732	0.01235	0.01659	0.01659	0.01779	0.01355	0.01161	0.01972	0.01852	0.02590	0.03474	0.06118	0.03612	0.30550	0.32248	0.01594	0.02314	0.01493	0.00682	0.00922
50	0.01466	0.01047	0.01396	0.01675	0.01745	0.00977	0.01117	0.01675	0.02304	0.03071	0.06631	0.56931	0.07958	0.03769	0.01536	0.00489	0.00698	0.03420	0.01117	0.00977
51	0.01466	0.01047	0.01396	0.01675	0.01745	0.00977	0.01117	0.01675	0.02304	0.03071	0.06631	0.56931	0.07958	0.03769	0.01536	0.00489	0.00698	0.03420	0.01117	0.00977
52	0.02975	0.33588	0.16529	0.03592	0.14317	0.03868	0.02988	0.03672	0.02534	0.03310	0.01921	0.02311	0.01622	0.01066	0.00954	0.00309	0.01434	0.00798	0.00532	0.01681
53	0.66215	0.02327	0.01768	0.01582	0.02327	0.02699	0.01303	0.03537	0.02048	0.05398	0.01675	0.01954	0.01303	0.01117	0.00745	0.00372	0.00931	0.00651	0.00745	0.01303
54	0.05398	0.02048	0.02792	0.02141	0.03071	0.01768	0.01768	0.05863	0.03444	0.51045	0.04747	0.04095	0.02978	0.01489	0.01210	0.00372	0.01024	0.01210	0.01489	0.02048
55	0.02755	0.02631	0.04481	0.22357	0.36980	0.02800	0.03582	0.03497	0.02634	0.03660	0.02224	0.03050	0.01810	0.01113	0.01195	0.00371	0.01484	0.01071	0.00576	0.01726
56	0.01966	0.01551	0.02219	0.02101	0.02221	0.01908	0.01623	0.02211	0.01854	0.02691	0.02799	0.04497	0.02744	0.12416	0.31665	0.08121	0.14504	0.01262	0.00615	0.01032
57	0.01672	0.01229	0.01566	0.01482	0.01779	0.01122	0.01111	0.02211	0.03334	0.04654	0.45522	0.09268	0.15514	0.02523	0.01419	0.00381	0.00572	0.02215	0.01302	0.01122
58	0.02799	0.01828	0.02237	0.01955	0.02465	0.01828	0.01566	0.12706	0.03845	0.10479	0.28672	0.07607	0.07757	0.02225	0.01376	0.00395	0.00857	0.06672	0.01289	0.01442
59	0.16969	0.16651	0.25295	0.02580	0.03873	0.03107	0.02937	0.03918	0.02505	0.08876	0.02214	0.02437	0.01632	0.01148	0.00979	0.00350	0.01402	0.00815	0.00664	0.01649
60	0.02926	0.10369	0.20434	0.04249	0.14404	0.08660	0.08204	0.03765	0.02617	0.03528	0.02056	0.02618	0.01652	0.01229	0.01478	0.00375	0.08250	0.00969	0.00553	0.01665

[dist]
# distance from previous block
# <min> <max>
0	2

[block]
# block no. 1 follows, 9 sequences, length 16
# corresponding to MSA columns:
# 3273-3288
name=unknown_B
#
# <colnr> <probs for GDERKNQSTAVLIFYWHMCP>
#	G	D	E	R	K	N	Q	S	T	A	V	L	I	F	Y	W	H	M	C	P
0	0.10301	0.01426	0.01651	0.01700	0.01904	0.01568	0.01254	0.02357	0.02271	0.03719	0.04674	0.29653	0.05059	0.02611	0.01545	0.00424	0.07323	0.02179	0.17284	0.01098
1	0.35996	0.22689	0.03775	0.02436	0.08227	0.03464	0.01857	0.03579	0.02273	0.04297	0.01743	0.02066	0.01461	0.01080	0.00807	0.00329	0.01118	0.00698	0.00644	0.01461
2	0.55335	0.02371	0.01932	0.01731	0.02465	0.02750	0.01406	0.04028	0.09962	0.05335	0.02230	0.02391	0.01711	0.01206	0.00827	0.00378	0.00934	0.00773	0.00827	0.01406
3	0.02670	0.02060	0.03061	0.18239	0.13680	0.02183	0.02493	0.03540	0.06958	0.09326	0.04998	0.06133	0.10974	0.01836	0.01299	0.00410	0.01204	0.06532	0.00899	0.01505
4	0.01772	0.01206	0.01447	0.01484	0.01538	0.01224	0.00954	0.01881	0.01899	0.02538	0.04081	0.08353	0.04592	0.46433	0.09527	0.01151	0.01334	0.07006	0.00772	0.00808
5	0.02495	0.02138	0.02495	0.01782	0.02851	0.01604	0.01426	0.03029	0.02495	0.03921	0.02138	0.02495	0.01782	0.00891	0.00891	0.00178	0.00891	0.00713	0.00713	0.65072
6	0.03311	0.03172	0.03397	0.13814	0.10049	0.11595	0.02534	0.10343	0.20071	0.04478	0.03233	0.03437	0.02461	0.01385	0.01189	0.00377	0.01400	0.01129	0.00902	0.01720
7	0.03423	0.26556	0.04398	0.02396	0.03242	0.10084	0.02058	0.08732	0.19285	0.04081	0.02971	0.02971	0.02358	0.01312	0.01014	0.00328	0.01281	0.00959	0.00848	0.01702
8	0.04831	0.02110	0.02706	0.02108	0.02981	0.01917	0.01731	0.10256	0.03629	0.40174	0.05396	0.04828	0.08357	0.01667	0.01234	0.00375	0.01011	0.01351	0.01411	0.01926
9	0.03472	0.02471	0.04064	0.04950	0.26968	0.02348	0.06749	0.04096	0.02950	0.17275	0.04153	0.04332	0.07821	0.01418	0.01245	0.00372	0.01273	0.01316	0.00913	0.01815
10	0.21370	0.17607	0.19658	0.02469	0.03657	0.03375	0.02663	0.09241	0.02783	0.04523	0.01995	0.02266	0.01533	0.01147	0.00944	0.00345	0.01352	0.00785	0.00669	0.01618
11	0.01525	0.01090	0.01464	0.01743	0.01839	0.01029	0.01220	0.01778	0.02362	0.03138	0.06598	0.51475	0.07828	0.03713	0.01552	0.00497	0.00750	0.08289	0.01116	0.00994
12	0.10920	0.01841	0.02861	0.02443	0.02987	0.01765	0.10477	0.03090	0.02577	0.11794	0.04791	0.29554	0.04963	0.02461	0.01352	0.00436	0.01059	0.02264	0.01027	0.01337
13	0.03428	0.03333	0.04730	0.05909	0.32663	0.11399	0.08597	0.04089	0.02928	0.07770	0.02427	0.02968	0.01926	0.01129	0.01203	0.00357	0.01598	0.01076	0.00678	0.01794
14	0.01470	0.01221	0.01286	0.01270	0.01655	0.01036	0.00952	0.01820	0.02857	0.03521	0.18623	0.11133	0.43120	0.02946	0.01421	0.00401	0.00602	0.02477	0.01153	0.01036
15	0.02495	0.02138	0.02495	0.01782	0.02851	0.01604	0.01426	0.03029	0.02495	0.03921	0.02138	0.02495	0.01782	0.00891	0.00891	0.00178	0.00891	0.00713	0.00713	0.65072

[dist]
# distance from previous block
# <min> <max>
0	20

[block]
# block no. 2 follows, 9 sequences, length 27
# corresponding to MSA columns:
# 3309-3335
name=unknown_C
#
# <colnr> <probs for GDERKNQSTAVLIFYWHMCP>
#	G	D	E	R	K	N	Q	S	T	A	V	L	I	F	Y	W	H	M	C	P
0	0.04488	0.01846	0.02501	0.01986	0.02758	0.01612	0.01612	0.04979	0.03434	0.39661	0.15788	0.05300	0.05041	0.01728	0.01261	0.00374	0.00911	0.01448	0.01449	0.01823
1	0.01666	0.01228	0.01557	0.01475	0.01775	0.01119	0.01106	0.02198	0.03318	0.04616	0.44619	0.09331	0.16440	0.02538	0.01419	0.00382	0.00573	0.02224	0.01297	0.01119
2	0.03217	0.58441	0.06305	0.02059	0.03088	0.04761	0.02059	0.03603	0.02445	0.02831	0.01673	0.01930	0.01544	0.01029	0.00772	0.00257	0.01287	0.00643	0.00515	0.01544
3	0.57801	0.02288	0.01910	0.01659	0.02430	0.02570	0.01367	0.03859	0.02241	0.11713	0.02100	0.02251	0.01535	0.01168	0.00809	0.00372	0.00944	0.00729	0.00848	0.01406
4	0.04494	0.05734	0.03410	0.03100	0.03719	0.52886	0.02325	0.04804	0.03410	0.02945	0.01860	0.02170	0.01550	0.01240	0.01085	0.00310	0.02170	0.00775	0.00620	0.01395
5	0.01703	0.01230	0.01608	0.01514	0.01797	0.01135	0.01135	0.02270	0.03406	0.04825	0.49577	0.08987	0.11352	0.02460	0.01419	0.00378	0.00568	0.02176	0.01324	0.01135
6	0.02019	0.01965	0.01882	0.01803	0.02126	0.08225	0.01365	0.02343	0.02756	0.03361	0.13974	0.14999	0.26647	0.02711	0.01695	0.00415	0.07397	0.02196	0.01009	0.01113
7	0.02272	0.02138	0.03609	0.54825	0.08287	0.02673	0.03341	0.03074	0.02406	0.03074	0.02138	0.03208	0.01604	0.01203	0.01203	0.00401	0.01604	0.01069	0.00535	0.01337
8	0.01703	0.01230	0.01608	0.01514	0.01797	0.01135	0.01135	0.02270	0.03406	0.04825	0.49577	0.08987	0.11352	0.02460	0.01419	0.00378	0.00568	0.02176	0.01324	0.01135
9	0.01627	0.01135	0.01400	0.01495	0.01701	0.01048	0.01060	0.02001	0.02720	0.03795	0.19865	0.29812	0.14139	0.02983	0.01398	0.00418	0.00630	0.02640	0.09084	0.01048
10	0.04180	0.02748	0.03073	0.02493	0.03341	0.02969	0.02015	0.21248	0.21100	0.17325	0.04104	0.03789	0.02889	0.01526	0.01213	0.00382	0.01110	0.01219	0.01282	0.01993
11	0.02272	0.02138	0.03609	0.54825	0.08287	0.02673	0.03341	0.03074	0.02406	0.03074	0.02138	0.03208	0.01604	0.01203	0.01203	0.00401	0.01604	0.01069	0.00535	0.01337
12	0.01968	0.01191	0.01591	0.01710	0.01911	0.01093	0.01197	0.02256	0.02586	0.09048	0.12100	0.44248	0.07811	0.03323	0.01481	0.00460	0.00720	0.02991	0.01189	0.01126
13	0.03083	0.02115	0.03397	0.41160	0.06934	0.02438	0.02933	0.03798	0.02675	0.15516	0.02815	0.03438	0.01960	0.01277	0.01205	0.00394	0.01453	0.01106	0.00782	0.01521
14	0.03380	0.01957	0.03087	0.16539	0.04448	0.01969	0.06749	0.03978	0.02837	0.20949	0.03906	0.10142	0.03092	0.01622	0.01220	0.00385	0.01188	0.01447	0.09549	0.01556
15	0.01607	0.01204	0.01504	0.01576	0.01837	0.01101	0.01186	0.02020	0.02884	0.03834	0.23772	0.21878	0.19601	0.03044	0.01482	0.00436	0.00684	0.08094	0.01192	0.01063
16	0.03181	0.02401	0.03268	0.16857	0.10134	0.02466	0.02409	0.08593	0.08662	0.10750	0.02940	0.03256	0.02179	0.01231	0.01130	0.00334	0.01219	0.01041	0.00875	0.17074
17	0.66215	0.02327	0.01768	0.01582	0.02327	0.02699	0.01303	0.03537	0.02048	0.05398	0.01675	0.01954	0.01303	0.01117	0.00745	0.00372	0.00931	0.00651	0.00745	0.01303
18	0.19557	0.43886	0.05128	0.01935	0.02891	0.04226	0.01863	0.03586	0.02342	0.03497	0.01673	0.01936	0.01481	0.01052	0.00765	0.00287	0.01194	0.00645	0.00574	0.01481
19	0.19022	0.02187	0.02306	0.01730	0.02715	0.01888	0.01394	0.03161	0.02379	0.04304	0.02018	0.02355	0.01658	0.00950	0.00853	0.00229	0.00901	0.00697	0.00721	0.48532
20	0.02702	0.16783	0.03721	0.15123	0.04212	0.03126	0.02196	0.04305	0.19055	0.03952	0.09306	0.04106	0.03629	0.01480	0.01128	0.00363	0.01148	0.01211	0.00884	0.01569
21	0.03616	0.02481	0.03755	0.04716	0.26274	0.02434	0.02690	0.08661	0.03329	0.16849	0.09346	0.04070	0.03473	0.01409	0.01228	0.00365	0.01195	0.01258	0.00994	0.01855
22	0.17574	0.02495	0.08668	0.02113	0.02872	0.02089	0.01878	0.04119	0.08726	0.16593	0.04181	0.16241	0.03702	0.01930	0.01176	0.00406	0.01014	0.01595	0.01064	0.01564
23	0.14155	0.02912	0.09273	0.04258	0.21682	0.02473	0.02766	0.04382	0.02828	0.19369	0.02955	0.03117	0.02107	0.01223	0.01118	0.00367	0.01258	0.01025	0.00898	0.01837
24	0.03478	0.02460	0.03648	0.03761	0.16074	0.02279	0.06057	0.04429	0.08294	0.16435	0.03214	0.03350	0.02360	0.01197	0.01142	0.00325	0.01178	0.01080	0.00937	0.18302
25	0.11974	0.02927	0.09367	0.02365	0.03256	0.02614	0.02129	0.10160	0.17544	0.14327	0.07697	0.03993	0.03385	0.01516	0.01160	0.00384	0.01091	0.01206	0.01119	0.01785
26	0.02879	0.02584	0.03544	0.03759	0.13759	0.03072	0.02534	0.08874	0.08942	0.04260	0.08709	0.03835	0.03289	0.01771	0.02276	0.00432	0.21809	0.01251	0.00826	0.01597

[dist]
# distance from previous block
# <min> <max>
2	29

[block]
# block no. 3 follows, 9 sequences, length 11
# corresponding to MSA columns:
# 3392-3402
name=unknown_D
#
# <colnr> <probs for GDERKNQSTAVLIFYWHMCP>
#	G	D	E	R	K	N	Q	S	T	A	V	L	I	F	Y	W	H	M	C	P
0	0.14044	0.01839	0.02428	0.02836	0.10718	0.01845	0.01895	0.03224	0.02740	0.10774	0.09770	0.13941	0.05153	0.02234	0.01304	0.00431	0.00997	0.11391	0.01034	0.01400
1	0.04517	0.10418	0.03803	0.03161	0.11453	0.02736	0.02240	0.12398	0.03576	0.28160	0.03543	0.03376	0.02420	0.01343	0.01143	0.00351	0.01186	0.01083	0.01143	0.01951
2	0.08704	0.17656	0.12522	0.11937	0.04404	0.03115	0.05989	0.06180	0.02544	0.03587	0.02044	0.02683	0.01663	0.01562	0.01550	0.09508	0.01424	0.00912	0.00594	0.01421
3	0.03531	0.12894	0.15311	0.02608	0.03662	0.02531	0.05934	0.04216	0.02840	0.20582	0.03664	0.10759	0.02988	0.01610	0.01180	0.00373	0.01287	0.01363	0.00958	0.01708
4	0.02759	0.01708	0.02009	0.01793	0.02260	0.01656	0.01351	0.10471	0.03239	0.12403	0.10539	0.17607	0.15154	0.09106	0.01930	0.00498	0.00891	0.02103	0.01171	0.01350
5	0.02058	0.09541	0.02713	0.02646	0.10358	0.01896	0.01634	0.02386	0.02432	0.03265	0.09777	0.25163	0.05750	0.12428	0.02176	0.00541	0.00978	0.02167	0.00895	0.01195
6	0.03191	0.38516	0.04937	0.02049	0.02882	0.03936	0.01860	0.10736	0.02883	0.03574	0.02266	0.03164	0.02140	0.11270	0.01808	0.00439	0.01272	0.00919	0.00674	0.01486
7	0.09283	0.02565	0.03174	0.03157	0.11327	0.02662	0.02156	0.10241	0.11174	0.10319	0.02985	0.03144	0.02262	0.01323	0.01315	0.00346	0.05420	0.01025	0.00934	0.15186
8	0.08990	0.08444	0.13480	0.03115	0.03985	0.11943	0.08304	0.04150	0.09000	0.03743	0.02342	0.02756	0.01863	0.01374	0.01616	0.00391	0.11282	0.00992	0.00668	0.01562
9	0.02272	0.02138	0.03609	0.54825	0.08287	0.02673	0.03341	0.03074	0.02406	0.03074	0.02138	0.03208	0.01604	0.01203	0.01203	0.00401	0.01604	0.01069	0.00535	0.01337
10	0.03116	0.02506	0.02828	0.02077	0.03114	0.02239	0.01683	0.15923	0.03439	0.05014	0.02363	0.02612	0.01861	0.01056	0.00984	0.00233	0.01020	0.00823	0.00859	0.46248

[dist]
# distance from previous block
# <min> <max>
0	27

[block]
# block no. 4 follows, 9 sequences, length 17
# corresponding to MSA columns:
# 3430-3446
name=unknown_E
#
# <colnr> <probs for GDERKNQSTAVLIFYWHMCP>
#	G	D	E	R	K	N	Q	S	T	A	V	L	I	F	Y	W	H	M	C	P
0	0.55592	0.02278	0.01947	0.01680	0.02457	0.02536	0.01384	0.03943	0.02291	0.13371	0.02212	0.02328	0.01596	0.01182	0.00826	0.00372	0.00947	0.00749	0.00875	0.01433
1	0.02533	0.18059	0.03071	0.10776	0.03097	0.02457	0.01634	0.03084	0.02480	0.03755	0.02954	0.03515	0.02375	0.01258	0.00884	0.00295	0.00955	0.00972	0.34562	0.01283
2	0.01834	0.01362	0.01844	0.10790	0.02706	0.01500	0.01348	0.02065	0.01903	0.02559	0.03383	0.06399	0.03604	0.37637	0.15081	0.01194	0.01674	0.01534	0.00677	0.00908
3	0.03958	0.04945	0.03027	0.02771	0.03354	0.43826	0.02078	0.04267	0.03293	0.02998	0.03664	0.03813	0.09964	0.01556	0.01144	0.00327	0.01897	0.01083	0.00707	0.01329
4	0.02840	0.03245	0.07099	0.05071	0.06288	0.03043	0.45842	0.03854	0.02840	0.03854	0.02434	0.03245	0.01826	0.01014	0.01420	0.00406	0.02028	0.01420	0.00609	0.01623
5	0.05398	0.02048	0.02792	0.02141	0.03071	0.01768	0.01768	0.05863	0.03444	0.51045	0.04747	0.04095	0.02978	0.01489	0.01210	0.00372	0.01024	0.01210	0.01489	0.02048
6	0.01787	0.01280	0.01752	0.01947	0.02182	0.01244	0.01589	0.02272	0.02813	0.03760	0.15977	0.21648	0.08120	0.03226	0.01582	0.00501	0.00903	0.25172	0.01158	0.01087
7	0.01939	0.01385	0.01939	0.02216	0.02493	0.01385	0.01939	0.02493	0.02770	0.03601	0.06370	0.13572	0.06924	0.03324	0.01662	0.00554	0.01108	0.42113	0.01108	0.01108
8	0.02413	0.06223	0.51483	0.03429	0.05207	0.02794	0.04445	0.03810	0.02540	0.03810	0.02159	0.02540	0.01524	0.01143	0.01143	0.00381	0.01778	0.00889	0.00508	0.01778
9	0.01466	0.01047	0.01396	0.01675	0.01745	0.00977	0.01117	0.01675	0.02304	0.03071	0.06631	0.56931	0.07958	0.03769	0.01536	0.00489	0.00698	0.03420	0.01117	0.00977
10	0.66215	0.02327	0.01768	0.01582	0.02327	0.02699	0.01303	0.03537	0.02048	0.05398	0.01675	0.01954	0.01303	0.01117	0.00745	0.00372	0.00931	0.00651	0.00745	0.01303
11	0.05398	0.02048	0.02792	0.02141	0.03071	0.01768	0.01768	0.05863	0.03444	0.51045	0.04747	0.04095	0.02978	0.01489	0.01210	0.00372	0.01024	0.01210	0.01489	0.02048
12	0.02993	0.02585	0.02721	0.02448	0.03129	0.02993	0.01904	0.06393	0.48038	0.05033	0.04897	0.04489	0.03673	0.01632	0.01224	0.00408	0.00952	0.01360	0.01224	0.01904
13	0.01703	0.01230	0.01608	0.01514	0.01797	0.01135	0.01135	0.02270	0.03406	0.04825	0.49577	0.08987	0.11352	0.02460	0.01419	0.00378	0.00568	0.02176	0.01324	0.01135
14	0.02243	0.01121	0.01121	0.01121	0.01402	0.01121	0.00841	0.02803	0.02523	0.04486	0.03925	0.04486	0.03084	0.01402	0.00841	0.00280	0.00561	0.01121	0.64396	0.01121
15	0.02637	0.02337	0.03107	0.18998	0.09516	0.02690	0.02456	0.04667	0.24677	0.04293	0.08338	0.04396	0.03635	0.01526	0.01234	0.00398	0.01164	0.01324	0.00956	0.01651
16	0.02398	0.02027	0.02386	0.01749	0.02722	0.01546	0.01390	0.02936	0.02607	0.04032	0.07964	0.03292	0.02957	0.01084	0.00956	0.00203	0.00851	0.00892	0.00788	0.57221

[dist]
# distance from previous block
# <min> <max>
0	1

[block]
# block no. 5 follows, 9 sequences, length 22
# corresponding to MSA columns:
# 3448-3469
name=unknown_F
#
# <colnr> <probs for GDERKNQSTAVLIFYWHMCP>
#	G	D	E	R	K	N	Q	S	T	A	V	L	I	F	Y	W	H	M	C	P
0	0.02793	0.02186	0.03498	0.09083	0.13920	0.02209	0.07587	0.03759	0.07774	0.09801	0.12863	0.05897	0.04721	0.01757	0.01332	0.00404	0.01206	0.06659	0.00978	0.01572
1	0.04451	0.04939	0.09098	0.02917	0.03750	0.34963	0.02453	0.04929	0.03312	0.14197	0.02565	0.02661	0.01878	0.01286	0.01121	0.00333	0.01857	0.00890	0.00808	0.01593
2	0.02495	0.02138	0.02495	0.01782	0.02851	0.01604	0.01426	0.03029	0.02495	0.03921	0.02138	0.02495	0.01782	0.00891	0.00891	0.00178	0.00891	0.00713	0.00713	0.65072
3	0.03893	0.09169	0.04054	0.09955	0.13982	0.09251	0.02635	0.17914	0.03783	0.10011	0.02616	0.02890	0.01952	0.01272	0.01141	0.00349	0.01445	0.01009	0.00881	0.01798
4	0.02243	0.01121	0.01121	0.01121	0.01402	0.01121	0.00841	0.02803	0.02523	0.04486	0.03925	0.04486	0.03084	0.01402	0.00841	0.00280	0.00561	0.01121	0.64396	0.01121
5	0.25456	0.02540	0.02862	0.02658	0.07983	0.02661	0.01938	0.14369	0.03420	0.20388	0.03008	0.02970	0.02079	0.01309	0.01049	0.00368	0.01106	0.00977	0.01076	0.01781
6	0.11229	0.10159	0.15406	0.03002	0.04182	0.02761	0.11964	0.04391	0.02811	0.18376	0.02895	0.03026	0.02011	0.01204	0.01131	0.00368	0.01439	0.01044	0.00860	0.01741
7	0.02243	0.01121	0.01121	0.01121	0.01402	0.01121	0.00841	0.02803	0.02523	0.04486	0.03925	0.04486	0.03084	0.01402	0.00841	0.00280	0.00561	0.01121	0.64396	0.01121
8	0.02495	0.02138	0.02495	0.01782	0.02851	0.01604	0.01426	0.03029	0.02495	0.03921	0.02138	0.02495	0.01782	0.00891	0.00891	0.00178	0.00891	0.00713	0.00713	0.65072
9	0.01946	0.01292	0.01535	0.01465	0.01850	0.01131	0.01101	0.02343	0.02986	0.08880	0.22981	0.14958	0.27539	0.02768	0.01411	0.00403	0.00650	0.02375	0.01225	0.01161
10	0.03799	0.02976	0.03861	0.19177	0.05337	0.08838	0.08110	0.13787	0.03542	0.14342	0.02866	0.03202	0.02017	0.01299	0.01218	0.00375	0.01540	0.01112	0.00909	0.01692
11	0.17262	0.02319	0.03050	0.02356	0.03230	0.02249	0.07283	0.08641	0.03194	0.20465	0.08289	0.03772	0.03174	0.01387	0.01126	0.00355	0.01100	0.01158	0.01085	0.08505
12	0.09883	0.01959	0.02690	0.02247	0.02799	0.01970	0.06813	0.08579	0.03042	0.10047	0.12657	0.05930	0.04679	0.08032	0.02167	0.07377	0.01108	0.05686	0.01006	0.01329
13	0.02243	0.01121	0.01121	0.01121	0.01402	0.01121	0.00841	0.02803	0.02523	0.04486	0.03925	0.04486	0.03084	0.01402	0.00841	0.00280	0.00561	0.01121	0.64396	0.01121
14	0.03425	0.03111	0.13950	0.20101	0.05631	0.02438	0.08182	0.04266	0.02837	0.19503	0.03058	0.03369	0.02077	0.01264	0.01219	0.00388	0.01497	0.01121	0.00860	0.01705
15	0.25007	0.02277	0.02547	0.02026	0.02899	0.02276	0.01672	0.09346	0.03224	0.31697	0.03557	0.03275	0.02338	0.01364	0.01059	0.00371	0.01025	0.01016	0.01218	0.01806
16	0.02736	0.01788	0.02638	0.14041	0.03793	0.02016	0.02047	0.03226	0.02535	0.13625	0.07771	0.09943	0.03804	0.03548	0.13363	0.00766	0.08583	0.01502	0.00903	0.01373
17	0.04622	0.02631	0.03965	0.02955	0.03958	0.02520	0.11919	0.14897	0.03827	0.30081	0.03783	0.03618	0.02497	0.01371	0.01256	0.00377	0.01323	0.01228	0.01222	0.01951
18	0.03069	0.07747	0.08785	0.08279	0.03996	0.02450	0.07869	0.03657	0.02649	0.14828	0.03678	0.14776	0.03320	0.01875	0.01550	0.00411	0.07038	0.01595	0.00895	0.01532
19	0.02055	0.03311	0.22963	0.02367	0.03207	0.01808	0.02534	0.02713	0.02524	0.03616	0.14203	0.11318	0.04845	0.02408	0.01974	0.13343	0.01199	0.01557	0.00787	0.01268
20	0.02532	0.07779	0.08977	0.08534	0.09587	0.02493	0.02390	0.07966	0.07699	0.03960	0.03987	0.20947	0.04012	0.02089	0.01267	0.00405	0.01171	0.01823	0.00879	0.01503
21	0.03299	0.03410	0.18928	0.08951	0.04281	0.02293	0.02798	0.04465	0.08630	0.18504	0.03789	0.09133	0.02946	0.01600	0.01223	0.00396	0.01301	0.01340	0.00973	0.01740

[dist]
# distance from previous block
# <min> <max>
0	15

[block]
# block no. 6 follows, 9 sequences, length 34
# corresponding to MSA columns:
# 3485-3518
name=unknown_G
#
# <colnr> <probs for GDERKNQSTAVLIFYWHMCP>
#	G	D	E	R	K	N	Q	S	T	A	V	L	I	F	Y	W	H	M	C	P
0	0.17645	0.02353	0.02706	0.02549	0.06973	0.02410	0.01888	0.09545	0.08844	0.14267	0.03479	0.04257	0.02764	0.01508	0.01114	0.00370	0.01059	0.05505	0.01036	0.09729
1	0.03672	0.10894	0.17929	0.03359	0.09590	0.03275	0.02999	0.19165	0.03764	0.10060	0.02646	0.02806	0.01913	0.01265	0.01131	0.00355	0.01432	0.00984	0.00872	0.01889
2	0.24600	0.20350	0.09457	0.02185	0.03156	0.03495	0.02093	0.08379	0.08430	0.04591	0.02267	0.02435	0.01782	0.01192	0.00909	0.00341	0.01186	0.00812	0.00753	0.01588
3	0.10132	0.02042	0.02866	0.02225	0.03049	0.01841	0.07024	0.04117	0.03027	0.23593	0.10363	0.05021	0.08718	0.01614	0.01200	0.00358	0.01020	0.01388	0.01147	0.09254
4	0.02223	0.02308	0.08214	0.01823	0.02605	0.01599	0.01559	0.02677	0.02239	0.03349	0.02722	0.04391	0.02661	0.20894	0.02762	0.00551	0.01099	0.01099	0.00693	0.34532
5	0.02695	0.02267	0.03298	0.20099	0.15370	0.02417	0.02546	0.08505	0.02844	0.03990	0.02598	0.03648	0.02184	0.07387	0.01670	0.00432	0.01301	0.01106	0.06190	0.09454
6	0.01703	0.01230	0.01608	0.01514	0.01797	0.01135	0.01135	0.02270	0.03406	0.04825	0.49577	0.08987	0.11352	0.02460	0.01419	0.00378	0.00568	0.02176	0.01324	0.01135
7	0.02993	0.02585	0.02721	0.02448	0.03129	0.02993	0.01904	0.06393	0.48038	0.05033	0.04897	0.04489	0.03673	0.01632	0.01224	0.00408	0.00952	0.01360	0.01224	0.01904
8	0.03340	0.15305	0.10242	0.07636	0.04064	0.02926	0.06239	0.03974	0.02711	0.15303	0.03125	0.04140	0.02527	0.01541	0.01461	0.00390	0.07106	0.05522	0.00836	0.01616
9	0.01633	0.01192	0.01686	0.01784	0.01928	0.01287	0.01295	0.01944	0.02046	0.02847	0.04474	0.23372	0.04877	0.11779	0.30454	0.01353	0.02141	0.02082	0.00819	0.01008
10	0.02495	0.02138	0.02495	0.01782	0.02851	0.01604	0.01426	0.03029	0.02495	0.03921	0.02138	0.02495	0.01782	0.00891	0.00891	0.00178	0.00891	0.00713	0.00713	0.65072
11	0.21019	0.04705	0.31864	0.02788	0.04150	0.02788	0.03263	0.04005	0.07220	0.04401	0.02309	0.02576	0.01688	0.01187	0.01036	0.00381	0.01444	0.00870	0.00653	0.01653
12	0.02657	0.02488	0.03918	0.14562	0.30537	0.02611	0.03053	0.03679	0.08460	0.03831	0.03820	0.04289	0.08065	0.01415	0.01226	0.00378	0.01297	0.01292	0.00730	0.01691
13	0.03263	0.09297	0.08599	0.03643	0.16701	0.02404	0.02493	0.03912	0.03016	0.15907	0.13817	0.04487	0.04292	0.01503	0.01194	0.00356	0.01145	0.01293	0.00972	0.01706
14	0.03144	0.03316	0.14987	0.04871	0.25899	0.02457	0.03239	0.03956	0.02894	0.12521	0.07884	0.03738	0.03048	0.01316	0.01208	0.00368	0.01343	0.01176	0.00817	0.01817
15	0.02922	0.02620	0.04151	0.05816	0.36352	0.02643	0.03076	0.08103	0.03180	0.04493	0.10888	0.04055	0.03630	0.01364	0.01234	0.00362	0.01262	0.01273	0.00794	0.01782
16	0.04393	0.02293	0.03369	0.03628	0.16750	0.02068	0.02292	0.04938	0.03141	0.32460	0.03754	0.03604	0.02542	0.01306	0.01171	0.00348	0.01128	0.01118	0.01149	0.08547
17	0.02581	0.12067	0.40156	0.03766	0.10653	0.03038	0.04063	0.03770	0.02554	0.03708	0.02114	0.02522	0.01575	0.01120	0.01105	0.00363	0.01675	0.00883	0.00520	0.01766
18	0.02888	0.02767	0.04722	0.13394	0.44901	0.02835	0.03648	0.03614	0.02697	0.03822	0.02247	0.03007	0.01868	0.01089	0.01193	0.00363	0.01451	0.01072	0.00588	0.01834
19	0.02564	0.02294	0.03609	0.48232	0.07710	0.02807	0.03208	0.08536	0.02818	0.03645	0.02233	0.03167	0.01660	0.01233	0.01203	0.00396	0.01568	0.01071	0.00619	0.01426
20	0.02609	0.11205	0.35300	0.03694	0.05248	0.03073	0.14650	0.03799	0.02605	0.03714	0.02175	0.02651	0.01603	0.01098	0.01172	0.00374	0.01787	0.00996	0.00534	0.01713
21	0.02554	0.05238	0.36792	0.03973	0.05565	0.02876	0.18147	0.03825	0.02639	0.03825	0.02250	0.02774	0.01624	0.01100	0.01235	0.00389	0.01861	0.01065	0.00541	0.01727
22	0.03818	0.02630	0.03987	0.08453	0.04473	0.02690	0.12492	0.10326	0.13554	0.18956	0.03726	0.03737	0.02601	0.01373	0.01261	0.00390	0.01344	0.01263	0.01085	0.01840
23	0.01740	0.01344	0.01815	0.08280	0.02604	0.01317	0.01389	0.02305	0.03195	0.04404	0.38841	0.08574	0.14913	0.02373	0.01392	0.00385	0.00705	0.02080	0.01198	0.01146
24	0.05299	0.02206	0.02890	0.02216	0.03151	0.02004	0.01831	0.10706	0.03709	0.45827	0.04524	0.03950	0.02866	0.01484	0.01209	0.00371	0.01060	0.01195	0.01455	0.02047
25	0.01705	0.01237	0.01650	0.01567	0.01842	0.01182	0.01182	0.02255	0.03218	0.04565	0.43661	0.08444	0.10287	0.03297	0.07995	0.00577	0.00906	0.02063	0.01238	0.01127
26	0.03046	0.01842	0.02416	0.13668	0.03692	0.01958	0.01845	0.04153	0.11054	0.15078	0.09717	0.04684	0.03890	0.01554	0.01150	0.00364	0.00973	0.01308	0.16082	0.01527
27	0.01703	0.01230	0.01608	0.01514	0.01797	0.01135	0.01135	0.02270	0.03406	0.04825	0.49577	0.08987	0.11352	0.02460	0.01419	0.00378	0.00568	0.02176	0.01324	0.01135
28	0.01574	0.01130	0.01493	0.01602	0.01769	0.01049	0.01125	0.01946	0.02805	0.03869	0.26174	0.35114	0.09502	0.03173	0.01483	0.00438	0.00639	0.02854	0.01211	0.01049
29	0.02694	0.04539	0.28926	0.16250	0.05900	0.02908	0.08290	0.08941	0.02929	0.04105	0.02275	0.02824	0.01641	0.01182	0.01195	0.00386	0.01705	0.01014	0.00612	0.01686
30	0.09623	0.01539	0.02007	0.13826	0.03307	0.01660	0.01627	0.02612	0.02784	0.04260	0.22580	0.11324	0.06495	0.02014	0.01228	0.00382	0.00864	0.01737	0.08948	0.01183
31	0.10420	0.02046	0.02391	0.02484	0.07338	0.02257	0.01736	0.03512	0.13720	0.04154	0.10648	0.06311	0.17121	0.02067	0.01583	0.00410	0.07769	0.01630	0.00989	0.01413
32	0.09286	0.01798	0.02126	0.08052	0.02942	0.01850	0.01523	0.03591	0.08382	0.10085	0.08512	0.04728	0.03715	0.08503	0.01700	0.00443	0.00945	0.01259	0.12444	0.08114
33	0.17167	0.03044	0.08950	0.02967	0.09245	0.02808	0.02302	0.08492	0.17432	0.04944	0.03015	0.03122	0.02294	0.01288	0.01065	0.00361	0.01140	0.01011	0.00891	0.08463

[dist]
# distance from previous block
# <min> <max>
0	122

[block]
# block no. 7 follows, 9 sequences, length 34
# corresponding to MSA columns:
# 3650-3683
name=unknown_H
#
# <colnr> <probs for GDERKNQSTAVLIFYWHMCP>
#	G	D	E	R	K	N	Q	S	T	A	V	L	I	F	Y	W	H	M	C	P
0	0.22839	0.02823	0.02633	0.02145	0.02991	0.09872	0.01730	0.08746	0.03148	0.21137	0.02951	0.02888	0.02053	0.01275	0.01020	0.00342	0.01184	0.00916	0.01030	0.08276
1	0.11894	0.08931	0.08148	0.02664	0.03659	0.03012	0.06816	0.13066	0.10127	0.15087	0.03191	0.03174	0.02271	0.01322	0.01121	0.00368	0.01266	0.01068	0.01009	0.01807
2	0.03136	0.02387	0.03424	0.23990	0.12130	0.02653	0.02667	0.12898	0.03201	0.08897	0.02797	0.03789	0.02240	0.08515	0.01833	0.00481	0.01401	0.01174	0.00813	0.01573
3	0.02529	0.02578	0.09368	0.13577	0.04289	0.02369	0.06868	0.07294	0.02479	0.03385	0.02350	0.03617	0.02062	0.07688	0.02870	0.17046	0.06634	0.01144	0.00625	0.01227
4	0.01733	0.01231	0.01640	0.01640	0.01753	0.01344	0.01138	0.01960	0.01847	0.02576	0.03491	0.06214	0.03653	0.32033	0.30822	0.01571	0.02251	0.01507	0.00684	0.00911
5	0.01554	0.01119	0.01534	0.01772	0.01885	0.01100	0.01263	0.01833	0.02298	0.03086	0.06093	0.44490	0.07106	0.04508	0.09244	0.00712	0.01120	0.07232	0.01045	0.01006
6	0.01466	0.01047	0.01396	0.01675	0.01745	0.00977	0.01117	0.01675	0.02304	0.03071	0.06631	0.56931	0.07958	0.03769	0.01536	0.00489	0.00698	0.03420	0.01117	0.00977
7	0.02388	0.01837	0.02138	0.01904	0.02373	0.01925	0.01472	0.08919	0.14663	0.05230	0.32607	0.07099	0.08271	0.02126	0.01344	0.00383	0.00759	0.01835	0.01284	0.01441
8	0.02662	0.02631	0.04919	0.10690	0.22373	0.02621	0.17132	0.03453	0.02743	0.03752	0.03080	0.05087	0.02794	0.01492	0.01356	0.00415	0.01583	0.08924	0.00690	0.01602
9	0.02272	0.02138	0.03609	0.54825	0.08287	0.02673	0.03341	0.03074	0.02406	0.03074	0.02138	0.03208	0.01604	0.01203	0.01203	0.00401	0.01604	0.01069	0.00535	0.01337
10	0.02495	0.02138	0.02495	0.01782	0.02851	0.01604	0.01426	0.03029	0.02495	0.03921	0.02138	0.02495	0.01782	0.00891	0.00891	0.00178	0.00891	0.00713	0.00713	0.65072
11	0.02608	0.10685	0.31825	0.03659	0.09484	0.02895	0.07737	0.03689	0.02574	0.03735	0.02142	0.02583	0.01625	0.01082	0.01106	0.00344	0.01610	0.00912	0.00551	0.09153
12	0.36376	0.03462	0.07962	0.02512	0.03422	0.10377	0.06652	0.08778	0.02809	0.04957	0.01976	0.02295	0.01506	0.01165	0.00963	0.00366	0.01367	0.00827	0.00740	0.01487
13	0.66215	0.02327	0.01768	0.01582	0.02327	0.02699	0.01303	0.03537	0.02048	0.05398	0.01675	0.01954	0.01303	0.01117	0.00745	0.00372	0.00931	0.00651	0.00745	0.01303
14	0.01466	0.01047	0.01396	0.01675	0.01745	0.00977	0.01117	0.01675	0.02304	0.03071	0.06631	0.56931	0.07958	0.03769	0.01536	0.00489	0.00698	0.03420	0.01117	0.00977
15	0.01466	0.01047	0.01396	0.01675	0.01745	0.00977	0.01117	0.01675	0.02304	0.03071	0.06631	0.56931	0.07958	0.03769	0.01536	0.00489	0.00698	0.03420	0.01117	0.00977
16	0.11669	0.02379	0.02870	0.02224	0.03143	0.02315	0.01837	0.14814	0.03800	0.36287	0.03997	0.03593	0.02588	0.01439	0.01159	0.00370	0.01082	0.01122	0.01345	0.01968
17	0.56787	0.10725	0.02447	0.01654	0.02441	0.03008	0.01416	0.03547	0.02107	0.05014	0.01675	0.01951	0.01339	0.01104	0.00749	0.00355	0.00984	0.00650	0.00710	0.01339
18	0.01537	0.01098	0.01477	0.01756	0.01857	0.01038	0.01240	0.01798	0.02373	0.03151	0.06592	0.50442	0.07803	0.03703	0.01555	0.00498	0.00759	0.09211	0.01116	0.00997
19	0.02090	0.01045	0.01567	0.01567	0.01567	0.01045	0.01045	0.01567	0.01567	0.02090	0.02090	0.03657	0.02090	0.04180	0.04702	0.64995	0.01045	0.01045	0.00522	0.00522
20	0.02463	0.05875	0.46292	0.03621	0.05334	0.02823	0.09286	0.03815	0.02575	0.03815	0.02191	0.02623	0.01559	0.01128	0.01175	0.00384	0.01807	0.00951	0.00520	0.01760
21	0.01750	0.01166	0.01312	0.01312	0.01312	0.01166	0.00729	0.01750	0.01750	0.02333	0.03791	0.07873	0.04374	0.57717	0.06124	0.01166	0.01166	0.01750	0.00729	0.00729
22	0.02495	0.02138	0.02495	0.01782	0.02851	0.01604	0.01426	0.03029	0.02495	0.03921	0.02138	0.02495	0.01782	0.00891	0.00891	0.00178	0.00891	0.00713	0.00713	0.65072
23	0.22404	0.03094	0.02782	0.02333	0.03083	0.09410	0.01864	0.23084	0.03911	0.05815	0.02836	0.08841	0.02454	0.01593	0.01092	0.00373	0.01243	0.01189	0.00983	0.01618
24	0.02748	0.01644	0.02035	0.01787	0.02275	0.01563	0.01384	0.08493	0.03504	0.13992	0.25776	0.13109	0.12084	0.02351	0.01364	0.00391	0.00775	0.02027	0.01296	0.01402
25	0.02531	0.02457	0.07067	0.02303	0.02878	0.07046	0.06777	0.03034	0.02811	0.08469	0.14001	0.12720	0.09626	0.10433	0.02056	0.00509	0.01178	0.01850	0.00972	0.01281
26	0.01673	0.01226	0.01593	0.01687	0.01937	0.01147	0.01303	0.02123	0.02915	0.03925	0.24398	0.21188	0.14411	0.03043	0.01506	0.00450	0.00737	0.12461	0.01197	0.01078
27	0.02882	0.03179	0.13683	0.10727	0.04827	0.02302	0.10755	0.03716	0.02678	0.09804	0.02533	0.02958	0.01864	0.01090	0.01130	0.00321	0.01412	0.01000	0.00724	0.22415
28	0.03324	0.20502	0.22010	0.02637	0.03881	0.03201	0.02872	0.04490	0.08529	0.13120	0.02883	0.02919	0.02096	0.01241	0.01056	0.00346	0.01375	0.00940	0.00798	0.01778
29	0.12776	0.16200	0.09765	0.02512	0.03358	0.18596	0.02267	0.04135	0.07196	0.03592	0.02258	0.02600	0.01855	0.01921	0.05781	0.00477	0.01715	0.00848	0.00664	0.01484
30	0.03448	0.08210	0.10087	0.02235	0.03086	0.02337	0.02060	0.04676	0.12833	0.18945	0.04198	0.09386	0.03311	0.01656	0.01155	0.00373	0.01063	0.01364	0.07863	0.01713
31	0.10652	0.10200	0.13341	0.02302	0.03291	0.02550	0.02246	0.08165	0.02931	0.13412	0.03290	0.10870	0.02826	0.01594	0.01104	0.00358	0.01177	0.01275	0.00911	0.07505
32	0.09300	0.16118	0.14145	0.02336	0.03376	0.07408	0.02328	0.03889	0.02774	0.10849	0.07421	0.03227	0.02804	0.01289	0.01027	0.00322	0.01284	0.00966	0.00798	0.08337
33	0.09831	0.02986	0.13370	0.07941	0.08743	0.02215	0.02639	0.03871	0.02725	0.14327	0.03316	0.04577	0.02705	0.01514	0.01177	0.00382	0.01274	0.07122	0.00873	0.08415

[dist]
# distance from previous block
# <min> <max>
15	325

# created by:
# /st0/software/busco_prod/Augustus/scripts/msa2prfl.pl ./align_prep/5849.fa
