[name]
unknown

[dist]
# distance from previous block
# <min> <max>
0	121

[block]
# block no. 0 follows, 12 sequences, length 9
# corresponding to MSA columns:
# 145-153
name=unknown_A
#
# <colnr> <probs for GDERKNQSTAVLIFYWHMCP>
#	G	D	E	R	K	N	Q	S	T	A	V	L	I	F	Y	W	H	M	C	P
0	0.01580	0.01279	0.02044	0.01944	0.02205	0.01201	0.07773	0.01965	0.02404	0.03261	0.15758	0.37501	0.07036	0.02792	0.01366	0.00417	0.00803	0.06677	0.00990	0.01005
1	0.03327	0.03149	0.13027	0.11512	0.04156	0.02802	0.02499	0.23863	0.10331	0.10138	0.02797	0.02908	0.01983	0.01250	0.01083	0.00343	0.01245	0.00992	0.00904	0.01689
2	0.01932	0.01264	0.01747	0.02028	0.06245	0.01226	0.01303	0.02296	0.05567	0.07689	0.04913	0.39967	0.05428	0.02936	0.01669	0.08678	0.00769	0.02349	0.00944	0.01052
3	0.01386	0.00991	0.01325	0.01540	0.01639	0.00930	0.01072	0.01637	0.02234	0.03001	0.11464	0.51209	0.07488	0.03250	0.01389	0.00436	0.00648	0.06418	0.01033	0.00911
4	0.02565	0.01485	0.01973	0.01886	0.02222	0.01512	0.01463	0.03082	0.06198	0.17352	0.04938	0.28738	0.04989	0.02503	0.01524	0.00420	0.06677	0.08157	0.01057	0.01259
5	0.11050	0.23953	0.09650	0.01997	0.02959	0.02921	0.01924	0.08152	0.02633	0.13251	0.02240	0.02327	0.01683	0.01050	0.00860	0.00277	0.01090	0.00750	0.00736	0.10498
6	0.03284	0.02433	0.07575	0.09276	0.08466	0.02457	0.02400	0.03771	0.02392	0.22309	0.02648	0.02955	0.01924	0.01447	0.01931	0.00387	0.21018	0.00997	0.00804	0.01525
7	0.15766	0.02226	0.02500	0.02135	0.02638	0.09277	0.07419	0.02961	0.02311	0.08495	0.03942	0.09437	0.10608	0.02208	0.04764	0.04441	0.05601	0.01334	0.00766	0.01172
8	0.11233	0.08496	0.10105	0.11214	0.03725	0.02393	0.02206	0.03953	0.02484	0.23907	0.02732	0.02844	0.01895	0.01238	0.01234	0.00345	0.06708	0.00913	0.00842	0.01532

[dist]
# distance from previous block
# <min> <max>
6	16

[block]
# block no. 1 follows, 12 sequences, length 6
# corresponding to MSA columns:
# 170-175
name=unknown_B
#
# <colnr> <probs for GDERKNQSTAVLIFYWHMCP>
#	G	D	E	R	K	N	Q	S	T	A	V	L	I	F	Y	W	H	M	C	P
0	0.02860	0.02582	0.13909	0.08488	0.03490	0.01860	0.02149	0.03729	0.07479	0.18603	0.03934	0.10613	0.05963	0.01551	0.01103	0.00343	0.01057	0.01307	0.00906	0.08072
1	0.03624	0.01761	0.02260	0.01853	0.02523	0.01583	0.01466	0.08581	0.02960	0.31539	0.04266	0.17457	0.03590	0.01786	0.01133	0.00341	0.00867	0.01521	0.01156	0.09731
2	0.02172	0.01446	0.01822	0.07960	0.02529	0.01426	0.01343	0.06487	0.02583	0.07077	0.08842	0.20456	0.04431	0.01918	0.01087	0.00330	0.00772	0.01665	0.16312	0.09341
3	0.08465	0.03018	0.19757	0.11520	0.03905	0.02097	0.02494	0.06918	0.02520	0.10016	0.03148	0.15472	0.02859	0.01627	0.01103	0.00367	0.01185	0.01368	0.00764	0.01397
4	0.09008	0.02870	0.11673	0.02191	0.03040	0.06122	0.02021	0.08956	0.09535	0.21389	0.08933	0.03616	0.03101	0.01362	0.01065	0.00338	0.01086	0.01080	0.01009	0.01605
5	0.07600	0.01259	0.01625	0.01650	0.01820	0.01393	0.01221	0.01952	0.02009	0.03015	0.09542	0.24163	0.04971	0.08387	0.18820	0.00866	0.06051	0.01887	0.00806	0.00964

[dist]
# distance from previous block
# <min> <max>
15	161

[block]
# block no. 2 follows, 12 sequences, length 26
# corresponding to MSA columns:
# 369-394
name=unknown_C
#
# <colnr> <probs for GDERKNQSTAVLIFYWHMCP>
#	G	D	E	R	K	N	Q	S	T	A	V	L	I	F	Y	W	H	M	C	P
0	0.12163	0.01884	0.02426	0.01883	0.02707	0.01698	0.01555	0.05076	0.02978	0.49914	0.03988	0.03492	0.02528	0.01311	0.01049	0.00337	0.00918	0.01039	0.01273	0.01780
1	0.02943	0.10109	0.02989	0.08472	0.03260	0.02654	0.01834	0.14577	0.17093	0.08491	0.12280	0.04010	0.03731	0.01450	0.01080	0.00334	0.00987	0.01183	0.00985	0.01539
2	0.10096	0.02783	0.12875	0.19983	0.04566	0.02470	0.02501	0.04079	0.17755	0.07847	0.02845	0.03081	0.02080	0.01210	0.01039	0.00357	0.01193	0.00986	0.00760	0.01492
3	0.08322	0.27287	0.03939	0.06893	0.03156	0.03040	0.01880	0.03822	0.02427	0.19979	0.02448	0.02549	0.01813	0.01182	0.01138	0.00309	0.06732	0.00819	0.00771	0.01495
4	0.01411	0.01068	0.01303	0.01332	0.01570	0.00959	0.00965	0.01770	0.02645	0.03531	0.28777	0.22842	0.22455	0.02700	0.01315	0.00377	0.00557	0.02368	0.01095	0.00959
5	0.12582	0.07096	0.07631	0.13360	0.03952	0.02229	0.05739	0.03304	0.02317	0.10055	0.02162	0.02514	0.01621	0.01000	0.00928	0.00287	0.01132	0.00816	0.00669	0.20607
6	0.03726	0.01892	0.02411	0.01796	0.02695	0.01536	0.01465	0.04175	0.02740	0.32546	0.03254	0.03068	0.02218	0.01109	0.00968	0.00259	0.00874	0.00897	0.01038	0.31332
7	0.69383	0.02109	0.01603	0.01434	0.02109	0.02446	0.01181	0.03205	0.01856	0.04892	0.01518	0.01771	0.01181	0.01012	0.00675	0.00337	0.00843	0.00590	0.00675	0.01181
8	0.02980	0.26560	0.26644	0.02411	0.03618	0.03036	0.02741	0.03735	0.02425	0.13045	0.02235	0.02359	0.01639	0.01056	0.00919	0.00301	0.01311	0.00776	0.00632	0.01577
9	0.02482	0.12121	0.02432	0.01590	0.02153	0.07591	0.01295	0.02908	0.02605	0.07597	0.14049	0.04626	0.08762	0.01479	0.00967	0.00276	0.00855	0.01184	0.14169	0.10861
10	0.02582	0.01332	0.01744	0.01551	0.01984	0.01185	0.01193	0.02994	0.02891	0.20778	0.26436	0.14546	0.11996	0.02168	0.01239	0.00358	0.00671	0.01882	0.01202	0.01268
11	0.02256	0.01200	0.01581	0.01590	0.01886	0.01076	0.01149	0.02515	0.02394	0.16611	0.06030	0.41328	0.10408	0.02815	0.01305	0.00408	0.00702	0.02502	0.01100	0.01142
12	0.03191	0.02817	0.08612	0.11842	0.03984	0.02843	0.02372	0.19657	0.11829	0.09587	0.02752	0.02954	0.02015	0.01356	0.01417	0.00363	0.08912	0.01011	0.00872	0.01614
13	0.01392	0.01091	0.01260	0.01255	0.01546	0.00959	0.00927	0.01751	0.02675	0.03483	0.27324	0.15269	0.31920	0.02628	0.01299	0.00367	0.00547	0.02263	0.01086	0.00959
14	0.02261	0.01938	0.02261	0.01615	0.02584	0.01453	0.01292	0.02745	0.02261	0.03553	0.01938	0.02261	0.01615	0.00807	0.00807	0.00161	0.00807	0.00646	0.00646	0.68346
15	0.02873	0.01695	0.02295	0.12080	0.03193	0.01752	0.01671	0.10392	0.02879	0.16138	0.11878	0.09391	0.03920	0.02040	0.01676	0.11557	0.00970	0.01366	0.00953	0.01281
16	0.03226	0.25010	0.13053	0.08249	0.03761	0.03278	0.02376	0.15236	0.03042	0.09778	0.02219	0.02399	0.01660	0.01106	0.00938	0.00301	0.01253	0.00817	0.00720	0.01579
17	0.02395	0.01361	0.01905	0.07233	0.02589	0.01312	0.01501	0.02825	0.02649	0.16043	0.15724	0.20306	0.06050	0.02351	0.01290	0.00399	0.00831	0.10946	0.01083	0.01207
18	0.01328	0.00949	0.01265	0.01518	0.01581	0.00886	0.01012	0.01518	0.02088	0.02783	0.06010	0.60969	0.07212	0.03416	0.01392	0.00443	0.00633	0.03100	0.01012	0.00886
19	0.01389	0.01058	0.01249	0.01348	0.01556	0.00956	0.00963	0.01647	0.02318	0.02965	0.12182	0.27627	0.25525	0.08639	0.01751	0.00468	0.00659	0.05807	0.00995	0.00899
20	0.13801	0.08498	0.02647	0.01973	0.02583	0.02669	0.01596	0.14435	0.17231	0.04449	0.02947	0.03381	0.02401	0.06777	0.09422	0.00591	0.01278	0.01019	0.00857	0.01442
21	0.02297	0.06595	0.09987	0.01935	0.02526	0.01847	0.01777	0.06469	0.02620	0.09061	0.16227	0.04628	0.04339	0.03803	0.20081	0.00809	0.01629	0.01260	0.00838	0.01273
22	0.09437	0.17737	0.23637	0.12541	0.04586	0.02951	0.08330	0.03271	0.02244	0.03282	0.01831	0.02293	0.01408	0.01005	0.00956	0.00324	0.01423	0.00813	0.00499	0.01430
23	0.02666	0.02344	0.03176	0.02606	0.03213	0.02621	0.09866	0.11007	0.24182	0.04328	0.07246	0.03847	0.03141	0.02082	0.06599	0.00500	0.06907	0.01230	0.00912	0.01527
24	0.03240	0.01586	0.01982	0.01655	0.02265	0.01430	0.01320	0.03865	0.07242	0.29485	0.13351	0.06229	0.17945	0.01872	0.01177	0.00349	0.00760	0.01563	0.01215	0.01471
25	0.02116	0.01566	0.02375	0.13397	0.13389	0.01607	0.01880	0.02603	0.02447	0.07291	0.12030	0.19393	0.04735	0.01913	0.01167	0.00360	0.00910	0.01718	0.07881	0.01225

[dist]
# distance from previous block
# <min> <max>
4	8

[block]
# block no. 3 follows, 12 sequences, length 8
# corresponding to MSA columns:
# 403-410
name=unknown_D
#
# <colnr> <probs for GDERKNQSTAVLIFYWHMCP>
#	G	D	E	R	K	N	Q	S	T	A	V	L	I	F	Y	W	H	M	C	P
0	0.53441	0.02110	0.01754	0.01527	0.02181	0.02409	0.01250	0.09365	0.02328	0.05057	0.01887	0.02136	0.01447	0.01079	0.00738	0.00327	0.00852	0.00688	0.08173	0.01250
1	0.02456	0.22867	0.16931	0.19883	0.11442	0.03096	0.02926	0.03178	0.02261	0.02975	0.01818	0.02352	0.01454	0.01010	0.00947	0.00311	0.01376	0.00802	0.00480	0.01437
2	0.02654	0.01365	0.01794	0.01627	0.02077	0.01223	0.01289	0.03069	0.02837	0.21329	0.20184	0.13284	0.12584	0.02229	0.01261	0.00376	0.00735	0.07625	0.01181	0.01277
3	0.01379	0.00997	0.01372	0.01570	0.01662	0.00991	0.01089	0.01613	0.02014	0.02728	0.05329	0.48485	0.06224	0.04465	0.13718	0.00731	0.01136	0.02674	0.00918	0.00905
4	0.02880	0.02165	0.03277	0.22072	0.16902	0.02387	0.02591	0.06658	0.05894	0.12457	0.02789	0.03615	0.02186	0.01320	0.01274	0.00363	0.04937	0.03964	0.00759	0.01507
5	0.03060	0.02030	0.03297	0.08416	0.03776	0.01974	0.13569	0.03918	0.08237	0.20437	0.04473	0.05175	0.08479	0.01572	0.01209	0.00372	0.01161	0.06391	0.00967	0.01485
6	0.01391	0.01020	0.01225	0.01341	0.01473	0.00941	0.00894	0.01581	0.02137	0.02783	0.09922	0.33869	0.17572	0.16016	0.02276	0.00554	0.00699	0.02505	0.00948	0.00854
7	0.02941	0.02425	0.08291	0.01996	0.02924	0.01908	0.01766	0.04123	0.14650	0.15255	0.03063	0.03020	0.02241	0.01114	0.00969	0.00271	0.00936	0.00904	0.00892	0.30313

[dist]
# distance from previous block
# <min> <max>
0	1

[block]
# block no. 4 follows, 12 sequences, length 18
# corresponding to MSA columns:
# 412-429
name=unknown_E
#
# <colnr> <probs for GDERKNQSTAVLIFYWHMCP>
#	G	D	E	R	K	N	Q	S	T	A	V	L	I	F	Y	W	H	M	C	P
0	0.22779	0.09855	0.02885	0.14266	0.03621	0.02615	0.01893	0.03704	0.06655	0.13609	0.02388	0.02634	0.01765	0.01195	0.01115	0.00343	0.05675	0.00853	0.00758	0.01393
1	0.01499	0.01022	0.01342	0.01566	0.01690	0.00979	0.01142	0.01791	0.02200	0.03030	0.05682	0.44193	0.06513	0.03088	0.01345	0.00434	0.00697	0.12306	0.08556	0.00926
2	0.40394	0.06458	0.02325	0.01797	0.02506	0.02773	0.01481	0.10931	0.13616	0.04953	0.02325	0.02402	0.01769	0.01154	0.00834	0.00336	0.00923	0.00790	0.00818	0.01416
3	0.02667	0.27310	0.17530	0.02070	0.03092	0.02838	0.02207	0.03264	0.02382	0.08930	0.03327	0.03392	0.09062	0.01256	0.00924	0.00288	0.01140	0.00947	0.00656	0.06717
4	0.02729	0.40856	0.13731	0.02640	0.03715	0.03705	0.12626	0.03343	0.02305	0.02901	0.01731	0.02089	0.01451	0.00946	0.00877	0.00279	0.01378	0.00767	0.00484	0.01448
5	0.03229	0.02721	0.02425	0.02105	0.02724	0.14269	0.01643	0.10171	0.17478	0.12071	0.04987	0.04734	0.13481	0.01632	0.01115	0.00340	0.01092	0.01290	0.01003	0.01489
6	0.01666	0.01136	0.01341	0.01330	0.01645	0.00995	0.00981	0.01985	0.02575	0.07807	0.18414	0.21139	0.29629	0.02678	0.01295	0.00378	0.00596	0.02312	0.01081	0.01017
7	0.02801	0.01406	0.01929	0.01875	0.02300	0.01300	0.01537	0.03205	0.02639	0.22176	0.05291	0.19904	0.05183	0.02497	0.01332	0.00429	0.00895	0.20883	0.01131	0.01287
8	0.02121	0.01525	0.01796	0.01693	0.02080	0.01565	0.01276	0.03347	0.18423	0.08213	0.21581	0.17432	0.10118	0.02203	0.01237	0.00373	0.00684	0.01923	0.01132	0.01278
9	0.01309	0.01024	0.01188	0.01320	0.01529	0.00902	0.00924	0.01541	0.02278	0.02861	0.08427	0.36742	0.29878	0.03102	0.01342	0.00407	0.00594	0.02716	0.01012	0.00902
10	0.01826	0.00971	0.01370	0.01370	0.01370	0.00971	0.00884	0.01457	0.01457	0.01942	0.02234	0.04156	0.02350	0.16543	0.04545	0.53466	0.00971	0.01088	0.00515	0.00515
11	0.02018	0.01665	0.01849	0.01823	0.02198	0.01805	0.01349	0.03667	0.27611	0.03693	0.05791	0.26734	0.10606	0.02371	0.01239	0.00398	0.00739	0.02073	0.01061	0.01311
12	0.02173	0.01378	0.01741	0.01767	0.02131	0.01366	0.01470	0.02918	0.07830	0.09264	0.10046	0.08958	0.09467	0.02363	0.01290	0.00414	0.00838	0.24023	0.09394	0.01168
13	0.02606	0.01502	0.02058	0.02117	0.07986	0.01381	0.01446	0.03044	0.02774	0.18901	0.19459	0.06389	0.16123	0.02486	0.06308	0.00473	0.00952	0.01600	0.01072	0.01322
14	0.02986	0.22275	0.29187	0.02478	0.03717	0.02883	0.02848	0.03791	0.02449	0.14267	0.02319	0.02431	0.01667	0.01071	0.00945	0.00309	0.01329	0.00799	0.00651	0.01598
15	0.02009	0.01820	0.03003	0.42124	0.10633	0.02151	0.02710	0.02648	0.02234	0.02908	0.02788	0.09935	0.02600	0.01530	0.01166	0.00383	0.01305	0.06252	0.00601	0.01202
16	0.02671	0.08370	0.03185	0.05994	0.03048	0.02829	0.02110	0.08103	0.02356	0.07507	0.02463	0.03780	0.02245	0.02340	0.07306	0.00536	0.26954	0.06219	0.00684	0.01300
17	0.10162	0.19795	0.10017	0.02446	0.08610	0.02600	0.02002	0.03400	0.02328	0.13356	0.02711	0.07644	0.02365	0.06545	0.01339	0.00378	0.01101	0.01050	0.00730	0.01421

[dist]
# distance from previous block
# <min> <max>
3	10

[block]
# block no. 5 follows, 12 sequences, length 11
# corresponding to MSA columns:
# 440-450
name=unknown_F
#
# <colnr> <probs for GDERKNQSTAVLIFYWHMCP>
#	G	D	E	R	K	N	Q	S	T	A	V	L	I	F	Y	W	H	M	C	P
0	0.02864	0.06519	0.07087	0.06292	0.06212	0.02133	0.01880	0.10222	0.02726	0.10772	0.02514	0.03129	0.02037	0.08247	0.01499	0.00360	0.01076	0.00919	0.00763	0.22750
1	0.02263	0.01185	0.01701	0.01619	0.01745	0.01215	0.01159	0.02067	0.01773	0.09508	0.02796	0.11780	0.02752	0.03250	0.03349	0.43620	0.05479	0.01285	0.00674	0.00781
2	0.04216	0.02162	0.02983	0.02804	0.10528	0.02143	0.01998	0.10199	0.03112	0.36580	0.03467	0.03292	0.02322	0.01348	0.01355	0.00349	0.07217	0.01049	0.01108	0.01767
3	0.02644	0.02089	0.05591	0.09369	0.03311	0.01789	0.01769	0.03544	0.09834	0.12581	0.03203	0.09845	0.02686	0.01362	0.01023	0.00294	0.00949	0.01154	0.00848	0.26116
4	0.01923	0.01260	0.01699	0.01641	0.01875	0.01343	0.01219	0.02400	0.05804	0.07062	0.08778	0.08706	0.03987	0.13774	0.27741	0.05770	0.01792	0.01425	0.00782	0.01020
5	0.01668	0.00977	0.01325	0.01381	0.01434	0.00944	0.00915	0.01477	0.01700	0.02228	0.03953	0.17265	0.08862	0.10478	0.03467	0.38130	0.00849	0.01641	0.00672	0.00634
6	0.03260	0.01680	0.02374	0.14086	0.03439	0.01732	0.01771	0.03719	0.02569	0.26621	0.03682	0.10301	0.02891	0.01568	0.01259	0.00353	0.05151	0.01285	0.10828	0.01431
7	0.04160	0.02587	0.02929	0.02294	0.03120	0.02744	0.01879	0.30653	0.11550	0.21293	0.03395	0.03162	0.02327	0.01346	0.01095	0.00337	0.01068	0.01053	0.01172	0.01836
8	0.01328	0.00949	0.01265	0.01518	0.01581	0.00886	0.01012	0.01518	0.02088	0.02783	0.06010	0.60969	0.07212	0.03416	0.01392	0.00443	0.00633	0.03100	0.01012	0.00886
9	0.02261	0.01938	0.02261	0.01615	0.02584	0.01453	0.01292	0.02745	0.02261	0.03553	0.01938	0.02261	0.01615	0.00807	0.00807	0.00161	0.00807	0.00646	0.00646	0.68346
10	0.02972	0.17073	0.03811	0.06605	0.03376	0.02634	0.08602	0.03578	0.06422	0.13855	0.02769	0.03502	0.02238	0.01587	0.01579	0.07514	0.05736	0.04019	0.00751	0.01376

[dist]
# distance from previous block
# <min> <max>
0	15

[block]
# block no. 6 follows, 12 sequences, length 13
# corresponding to MSA columns:
# 466-478
name=unknown_G
#
# <colnr> <probs for GDERKNQSTAVLIFYWHMCP>
#	G	D	E	R	K	N	Q	S	T	A	V	L	I	F	Y	W	H	M	C	P
0	0.09738	0.02218	0.03283	0.18509	0.13987	0.02382	0.06079	0.10345	0.02774	0.10112	0.02701	0.08250	0.02240	0.01328	0.01090	0.00353	0.01213	0.01172	0.00762	0.01467
1	0.15555	0.01620	0.01941	0.01922	0.06030	0.01629	0.01309	0.02768	0.02034	0.10511	0.02797	0.04142	0.02554	0.19311	0.12796	0.00782	0.01336	0.01084	0.00734	0.09144
2	0.08170	0.01688	0.01868	0.01687	0.02103	0.01833	0.01314	0.15718	0.02897	0.04401	0.03423	0.13221	0.03138	0.02923	0.11591	0.00595	0.01202	0.01354	0.19642	0.01231
3	0.02913	0.02442	0.02578	0.02259	0.02912	0.02806	0.01774	0.12153	0.46223	0.04884	0.04183	0.03865	0.03122	0.01455	0.01107	0.00364	0.00910	0.01198	0.01107	0.01744
4	0.25216	0.02076	0.02174	0.01721	0.02504	0.02049	0.01402	0.10101	0.02744	0.13985	0.06141	0.02841	0.02334	0.01148	0.00891	0.00288	0.00875	0.00853	0.00886	0.19771
5	0.01682	0.01063	0.01391	0.01510	0.01691	0.00970	0.01055	0.01933	0.02319	0.07915	0.11224	0.46192	0.10814	0.03048	0.01345	0.00417	0.00642	0.02733	0.01063	0.00994
6	0.04339	0.02743	0.03080	0.02361	0.03226	0.02920	0.01951	0.39338	0.04607	0.19511	0.03054	0.02901	0.02073	0.01319	0.01092	0.00330	0.01129	0.01011	0.01158	0.01855
7	0.02486	0.01263	0.01681	0.01546	0.01762	0.01246	0.01087	0.02579	0.06188	0.12563	0.02867	0.04174	0.02562	0.14000	0.03621	0.36682	0.00957	0.01120	0.00733	0.00883
8	0.02904	0.14919	0.03221	0.01954	0.02846	0.10115	0.01629	0.09641	0.02755	0.03676	0.01908	0.02163	0.01574	0.00945	0.00848	0.00215	0.01096	0.00686	0.00658	0.36245
9	0.03013	0.12290	0.13545	0.08374	0.03942	0.02488	0.09154	0.06408	0.02763	0.15751	0.08750	0.03411	0.02828	0.01240	0.01071	0.00329	0.01242	0.01072	0.00809	0.01518
10	0.02815	0.23747	0.24930	0.02509	0.03711	0.02938	0.05563	0.03581	0.02393	0.10004	0.02129	0.02336	0.01595	0.01017	0.00928	0.00293	0.01323	0.00785	0.00599	0.06804
11	0.02333	0.18149	0.02785	0.01683	0.02190	0.02150	0.01382	0.03001	0.08501	0.08681	0.13458	0.18623	0.08866	0.02025	0.01110	0.00342	0.00810	0.01714	0.00942	0.01256
12	0.01670	0.01191	0.01489	0.01531	0.01767	0.01173	0.01149	0.02333	0.07331	0.03789	0.25309	0.22384	0.07537	0.02480	0.01271	0.00383	0.00637	0.07550	0.07976	0.01050

[dist]
# distance from previous block
# <min> <max>
0	2

[block]
# block no. 7 follows, 12 sequences, length 28
# corresponding to MSA columns:
# 481-508
name=unknown_H
#
# <colnr> <probs for GDERKNQSTAVLIFYWHMCP>
#	G	D	E	R	K	N	Q	S	T	A	V	L	I	F	Y	W	H	M	C	P
0	0.20439	0.10832	0.02717	0.07595	0.02963	0.02239	0.01613	0.03830	0.02562	0.23339	0.08768	0.03357	0.02875	0.01277	0.00951	0.00325	0.00947	0.00980	0.00939	0.01452
1	0.10283	0.01916	0.06458	0.01846	0.02345	0.01664	0.01527	0.09355	0.02659	0.11772	0.04407	0.32163	0.04574	0.02323	0.01191	0.00390	0.00865	0.02010	0.00988	0.01265
2	0.01464	0.01081	0.01403	0.01500	0.01692	0.00970	0.01044	0.01745	0.02295	0.03164	0.14801	0.44957	0.07231	0.02926	0.01312	0.00395	0.00628	0.02636	0.01011	0.07745
3	0.15297	0.02236	0.07082	0.12521	0.08064	0.02028	0.02149	0.03845	0.02539	0.22851	0.03140	0.03894	0.02376	0.01354	0.01055	0.00358	0.01103	0.05714	0.00894	0.01500
4	0.48120	0.08633	0.02367	0.07474	0.02874	0.09038	0.01546	0.03303	0.02069	0.04180	0.01580	0.01907	0.01257	0.01025	0.00755	0.00323	0.01069	0.00641	0.00621	0.01216
5	0.02825	0.02512	0.07177	0.02239	0.02877	0.02548	0.01912	0.07881	0.31121	0.08279	0.03692	0.03617	0.02763	0.01442	0.01319	0.00362	0.06957	0.01118	0.07752	0.01608
6	0.03166	0.13543	0.03082	0.01826	0.02750	0.02227	0.01550	0.08331	0.02735	0.15370	0.02456	0.02524	0.01841	0.01004	0.00880	0.00231	0.00943	0.00769	0.00814	0.33957
7	0.02304	0.01380	0.02041	0.01842	0.02237	0.01252	0.06226	0.02655	0.02431	0.14815	0.05635	0.31909	0.10802	0.02455	0.01254	0.00388	0.00804	0.02211	0.06181	0.01177
8	0.02458	0.01543	0.02072	0.01858	0.02096	0.01708	0.01417	0.02720	0.02183	0.14401	0.08698	0.12696	0.04095	0.15595	0.07515	0.00663	0.14724	0.01547	0.00868	0.01144
9	0.08307	0.07589	0.14690	0.02816	0.08435	0.07012	0.06007	0.03297	0.02424	0.10060	0.03103	0.15602	0.02901	0.01592	0.01086	0.00351	0.01221	0.01367	0.00742	0.01398
10	0.02428	0.17034	0.24292	0.13320	0.04454	0.02947	0.02906	0.03737	0.12065	0.03341	0.02335	0.02635	0.01776	0.01109	0.00985	0.00328	0.01336	0.00870	0.00592	0.01510
11	0.02769	0.01332	0.01777	0.01641	0.02027	0.01196	0.01218	0.03073	0.02570	0.23614	0.10779	0.28233	0.05553	0.06957	0.01584	0.00437	0.00767	0.02067	0.01139	0.01265
12	0.06589	0.01681	0.02366	0.10747	0.03185	0.01716	0.05786	0.06332	0.02814	0.07581	0.17843	0.06603	0.13272	0.01907	0.01213	0.00369	0.00941	0.06902	0.00947	0.01207
13	0.02800	0.08946	0.12485	0.16871	0.11926	0.02653	0.05954	0.03471	0.02369	0.11739	0.02263	0.02733	0.01692	0.01175	0.01344	0.00351	0.08163	0.00943	0.00633	0.01492
14	0.03877	0.02269	0.08690	0.02089	0.02901	0.01817	0.01880	0.08381	0.02936	0.35256	0.03621	0.03562	0.02478	0.02611	0.11811	0.00607	0.01411	0.01066	0.01078	0.01659
15	0.02360	0.02337	0.04304	0.37656	0.06654	0.02593	0.18612	0.06111	0.02497	0.03278	0.02069	0.02900	0.01545	0.01048	0.01154	0.00362	0.01563	0.01074	0.00545	0.01337
16	0.02773	0.02863	0.11821	0.18052	0.08846	0.02441	0.20860	0.03592	0.02517	0.11784	0.02432	0.02952	0.01739	0.01053	0.01156	0.00356	0.01523	0.01086	0.00650	0.01504
17	0.02654	0.02499	0.03574	0.03867	0.17638	0.03083	0.02580	0.07347	0.06130	0.03412	0.01941	0.02624	0.01698	0.01557	0.02463	0.00412	0.33499	0.00983	0.00597	0.01443
18	0.01500	0.01107	0.01416	0.01527	0.01692	0.01070	0.01072	0.02012	0.06288	0.03408	0.20730	0.40377	0.07859	0.02903	0.01338	0.00407	0.00614	0.02610	0.01077	0.00994
19	0.02912	0.02144	0.03446	0.34019	0.10224	0.02373	0.06111	0.07487	0.02677	0.14143	0.02512	0.03033	0.01782	0.01139	0.01105	0.00352	0.01337	0.01019	0.00724	0.01462
20	0.09128	0.07340	0.14357	0.15106	0.04058	0.08795	0.02437	0.03039	0.02416	0.03404	0.11780	0.03426	0.03083	0.01343	0.01225	0.00343	0.05772	0.01026	0.00642	0.01278
21	0.10636	0.02548	0.04939	0.03622	0.04567	0.02423	0.34379	0.03600	0.02539	0.11423	0.02695	0.06807	0.02128	0.01162	0.01194	0.00365	0.01505	0.01298	0.00716	0.01455
22	0.01800	0.01487	0.02063	0.01927	0.02017	0.01848	0.01477	0.02049	0.01687	0.02453	0.02626	0.04460	0.02669	0.19831	0.29048	0.01215	0.18602	0.01212	0.00573	0.00957
23	0.03822	0.20870	0.08409	0.02284	0.03246	0.02631	0.06882	0.04343	0.02718	0.29652	0.03036	0.02912	0.02083	0.01151	0.00989	0.00309	0.01151	0.00933	0.00922	0.01656
24	0.04425	0.07236	0.03260	0.02250	0.03130	0.02101	0.06659	0.08822	0.03157	0.41712	0.03709	0.03373	0.02411	0.01267	0.01081	0.00331	0.01063	0.01062	0.01171	0.01777
25	0.02157	0.01624	0.01889	0.01843	0.02169	0.01714	0.01354	0.12973	0.10729	0.03949	0.05027	0.39378	0.05440	0.02655	0.01282	0.00406	0.00792	0.02347	0.01044	0.01228
26	0.02207	0.01976	0.03296	0.06649	0.03439	0.02001	0.17124	0.06779	0.06254	0.03270	0.03244	0.11160	0.03199	0.21413	0.02666	0.00601	0.01282	0.01545	0.00725	0.01168
27	0.02261	0.01938	0.02261	0.01615	0.02584	0.01453	0.01292	0.02745	0.02261	0.03553	0.01938	0.02261	0.01615	0.00807	0.00807	0.00161	0.00807	0.00646	0.00646	0.68346

[dist]
# distance from previous block
# <min> <max>
0	3

[block]
# block no. 8 follows, 12 sequences, length 15
# corresponding to MSA columns:
# 512-526
name=unknown_I
#
# <colnr> <probs for GDERKNQSTAVLIFYWHMCP>
#	G	D	E	R	K	N	Q	S	T	A	V	L	I	F	Y	W	H	M	C	P
0	0.04071	0.01949	0.02481	0.02027	0.02740	0.01858	0.01665	0.13850	0.03364	0.35205	0.04282	0.09341	0.03333	0.01712	0.01169	0.00364	0.00966	0.06724	0.01228	0.01673
1	0.01840	0.01741	0.01606	0.01759	0.01915	0.11408	0.01216	0.02047	0.02274	0.02762	0.05203	0.49965	0.06128	0.02988	0.01316	0.00413	0.00881	0.02653	0.00928	0.00956
2	0.08983	0.01323	0.01421	0.01423	0.01711	0.01368	0.01048	0.07460	0.02468	0.03938	0.04232	0.26611	0.04306	0.02113	0.01042	0.00347	0.00668	0.01808	0.26659	0.01071
3	0.06416	0.03427	0.21949	0.02901	0.07100	0.02212	0.08318	0.03747	0.05302	0.12298	0.02494	0.02700	0.01797	0.01051	0.01020	0.00312	0.01270	0.00904	0.00707	0.14072
4	0.03527	0.02828	0.13234	0.02730	0.03575	0.02308	0.09222	0.04138	0.02583	0.27259	0.02958	0.03058	0.02036	0.01348	0.01638	0.00373	0.13645	0.01039	0.00885	0.01615
5	0.02063	0.01510	0.01936	0.01808	0.02124	0.01648	0.01417	0.11153	0.02636	0.03638	0.10520	0.05684	0.04149	0.11060	0.27481	0.01079	0.01857	0.06301	0.00819	0.01116
6	0.07908	0.01779	0.02036	0.01556	0.02307	0.01477	0.01199	0.02844	0.02195	0.09021	0.02438	0.03287	0.02135	0.12236	0.01712	0.00362	0.00870	0.00865	0.00727	0.43046
7	0.02529	0.17510	0.27275	0.07815	0.04639	0.03020	0.12711	0.06054	0.02485	0.03396	0.01942	0.02373	0.01473	0.01009	0.01017	0.00325	0.01519	0.00875	0.00518	0.01515
8	0.14731	0.01491	0.01763	0.01612	0.01940	0.01596	0.01224	0.02639	0.02241	0.10856	0.13981	0.09682	0.04526	0.13023	0.08753	0.00653	0.05864	0.01439	0.00881	0.01105
9	0.01962	0.01792	0.01570	0.01603	0.01730	0.11489	0.01050	0.02079	0.02037	0.02445	0.03986	0.24505	0.04593	0.30544	0.03282	0.00703	0.01082	0.01937	0.00762	0.00850
10	0.02442	0.02445	0.04362	0.08344	0.12964	0.02241	0.21483	0.03146	0.02416	0.03468	0.02063	0.02657	0.01636	0.00902	0.01066	0.00287	0.01351	0.00981	0.00577	0.25167
11	0.03150	0.02643	0.12485	0.06916	0.03491	0.01917	0.02097	0.04050	0.07816	0.20853	0.02986	0.02992	0.02096	0.01124	0.01001	0.00293	0.01058	0.00914	0.00879	0.21241
12	0.02586	0.08200	0.36343	0.06879	0.04440	0.02838	0.03368	0.11896	0.02753	0.03910	0.02013	0.02373	0.01475	0.01139	0.01193	0.00345	0.05243	0.00845	0.00576	0.01586
13	0.02289	0.01142	0.01562	0.01477	0.01653	0.01084	0.01024	0.02204	0.01943	0.11824	0.06760	0.10438	0.03573	0.14000	0.03425	0.31699	0.00901	0.01390	0.00773	0.00838
14	0.01637	0.01060	0.01352	0.01352	0.01393	0.01101	0.00863	0.01631	0.01590	0.02162	0.03039	0.05818	0.03315	0.39537	0.16297	0.13741	0.01432	0.01378	0.00610	0.00692

[dist]
# distance from previous block
# <min> <max>
0	1

[block]
# block no. 9 follows, 12 sequences, length 23
# corresponding to MSA columns:
# 528-550
name=unknown_J
#
# <colnr> <probs for GDERKNQSTAVLIFYWHMCP>
#	G	D	E	R	K	N	Q	S	T	A	V	L	I	F	Y	W	H	M	C	P
0	0.03180	0.22333	0.08162	0.02267	0.03148	0.03426	0.02068	0.18911	0.17429	0.04540	0.02719	0.02719	0.02083	0.01212	0.00964	0.00310	0.01128	0.00909	0.00841	0.01650
1	0.01606	0.01059	0.01556	0.01609	0.01720	0.01144	0.01171	0.01707	0.01727	0.02401	0.03271	0.15821	0.03423	0.05929	0.30503	0.20512	0.01879	0.01507	0.00642	0.00812
2	0.08387	0.23284	0.18314	0.08600	0.03847	0.03101	0.02525	0.08208	0.02584	0.08735	0.02070	0.02312	0.01557	0.01064	0.00911	0.00307	0.01273	0.00778	0.00634	0.01509
3	0.03354	0.02644	0.03451	0.14877	0.09397	0.07838	0.07662	0.15968	0.03257	0.12299	0.02608	0.02928	0.01887	0.01172	0.01079	0.00331	0.01319	0.01005	0.05376	0.01550
4	0.01573	0.01106	0.01436	0.01436	0.01521	0.01191	0.00968	0.01744	0.01659	0.02297	0.03210	0.05888	0.03422	0.38278	0.28212	0.01361	0.01872	0.01403	0.00627	0.00798
5	0.02206	0.01804	0.07349	0.13700	0.03335	0.01503	0.01819	0.02667	0.02359	0.12428	0.05007	0.27066	0.09856	0.02248	0.01229	0.00389	0.00946	0.01976	0.00908	0.01205
6	0.02053	0.01394	0.01940	0.12862	0.02858	0.01499	0.01475	0.07244	0.02166	0.02827	0.03407	0.09658	0.08170	0.02831	0.02671	0.33107	0.01000	0.01319	0.00657	0.00862
7	0.04892	0.01856	0.02530	0.01940	0.02783	0.01603	0.01603	0.05314	0.03121	0.55634	0.04302	0.03711	0.02699	0.01350	0.01096	0.00337	0.00928	0.01096	0.01350	0.01856
8	0.03508	0.01803	0.02397	0.02009	0.02558	0.01842	0.01618	0.09069	0.02816	0.28651	0.03751	0.09929	0.02988	0.02984	0.12539	0.00642	0.07035	0.01306	0.01047	0.01508
9	0.02331	0.16895	0.46042	0.02861	0.04338	0.02886	0.03599	0.03416	0.02285	0.03277	0.01869	0.02192	0.01385	0.01015	0.00969	0.00323	0.01523	0.00762	0.00462	0.01569
10	0.02063	0.01169	0.01497	0.01524	0.01810	0.01042	0.01099	0.02319	0.02382	0.13831	0.06653	0.39015	0.15646	0.02855	0.01310	0.00406	0.00678	0.02524	0.01083	0.01095
11	0.01894	0.00947	0.01420	0.01420	0.01420	0.00947	0.00947	0.01420	0.01420	0.01894	0.01894	0.03314	0.01894	0.03788	0.04261	0.68277	0.00947	0.00947	0.00473	0.00473
12	0.02333	0.02251	0.02173	0.02094	0.02455	0.13278	0.01634	0.03247	0.12271	0.03044	0.03281	0.04647	0.02964	0.04804	0.28244	0.01032	0.02100	0.06230	0.00730	0.01187
13	0.04344	0.02734	0.03074	0.02357	0.03222	0.02907	0.01947	0.38988	0.04591	0.19883	0.03067	0.02910	0.02080	0.01320	0.01092	0.00330	0.01127	0.01012	0.01160	0.01855
14	0.01558	0.01168	0.01752	0.01752	0.01947	0.01363	0.01363	0.01947	0.01752	0.02531	0.02921	0.04283	0.02726	0.08178	0.57360	0.01752	0.02921	0.01168	0.00584	0.00974
15	0.26746	0.01941	0.02216	0.01768	0.02555	0.01888	0.01460	0.04599	0.02692	0.38439	0.03358	0.03054	0.02185	0.01235	0.00954	0.00337	0.00899	0.00925	0.01121	0.01627
16	0.01589	0.01173	0.01459	0.01589	0.01824	0.01121	0.01276	0.01928	0.02322	0.02947	0.06823	0.10771	0.19601	0.14438	0.02236	0.00573	0.00885	0.25591	0.00939	0.00913
17	0.02577	0.03165	0.14195	0.03786	0.14144	0.02662	0.12948	0.04360	0.22289	0.03919	0.03004	0.03211	0.02273	0.01173	0.01127	0.00355	0.01303	0.01109	0.00751	0.01649
18	0.01543	0.01115	0.01457	0.01372	0.01629	0.01029	0.01029	0.02058	0.03086	0.04372	0.54304	0.08145	0.10288	0.02229	0.01286	0.00343	0.00514	0.01972	0.01200	0.01029
19	0.07123	0.02872	0.08760	0.12985	0.11122	0.02650	0.31536	0.03344	0.02434	0.03485	0.02082	0.02784	0.01580	0.00966	0.01174	0.00358	0.01634	0.01121	0.00542	0.01448
20	0.02592	0.13482	0.02509	0.01564	0.02054	0.01847	0.01217	0.02851	0.02243	0.13718	0.06662	0.08846	0.03593	0.22020	0.02541	0.00551	0.00956	0.01318	0.00826	0.08609
21	0.02745	0.06552	0.08523	0.01901	0.02834	0.01932	0.01723	0.07835	0.02745	0.10681	0.08097	0.03107	0.02701	0.01119	0.00944	0.00246	0.00943	0.00898	0.00809	0.33665
22	0.07891	0.13387	0.06635	0.02335	0.03157	0.02730	0.06718	0.06742	0.08119	0.10712	0.02442	0.02635	0.01866	0.01172	0.01237	0.00311	0.07606	0.00885	0.00751	0.12668

[dist]
# distance from previous block
# <min> <max>
1	82

[block]
# block no. 10 follows, 12 sequences, length 17
# corresponding to MSA columns:
# 634-650
name=unknown_K
#
# <colnr> <probs for GDERKNQSTAVLIFYWHMCP>
#	G	D	E	R	K	N	Q	S	T	A	V	L	I	F	Y	W	H	M	C	P
0	0.11386	0.14271	0.03701	0.07801	0.03565	0.02690	0.09300	0.09964	0.02803	0.09311	0.07034	0.03007	0.02456	0.01160	0.00983	0.00307	0.01144	0.00972	0.00769	0.07376
1	0.02595	0.02317	0.07358	0.01936	0.02668	0.02041	0.01681	0.10301	0.17141	0.08731	0.05593	0.05342	0.17527	0.01704	0.01120	0.00337	0.00892	0.01394	0.00990	0.08332
2	0.02418	0.02034	0.03266	0.20309	0.14820	0.02170	0.07060	0.03277	0.07561	0.07879	0.03685	0.04131	0.08644	0.01898	0.05689	0.00467	0.01356	0.01223	0.00718	0.01395
3	0.02480	0.10289	0.11025	0.02074	0.03021	0.02394	0.01927	0.03918	0.18848	0.03743	0.02706	0.02794	0.02113	0.01078	0.00928	0.00267	0.00995	0.00855	0.00747	0.27799
4	0.02061	0.01142	0.01370	0.01274	0.01584	0.01077	0.00969	0.02565	0.02750	0.08996	0.28131	0.06002	0.06404	0.01741	0.01046	0.00305	0.00550	0.01485	0.29450	0.01100
5	0.01409	0.01035	0.01340	0.01554	0.01702	0.00966	0.01135	0.01675	0.02234	0.02905	0.06735	0.43354	0.14276	0.03234	0.01399	0.00443	0.00696	0.11982	0.01011	0.00915
6	0.02531	0.01637	0.01981	0.01629	0.02206	0.01491	0.01285	0.08901	0.03134	0.12746	0.25416	0.05826	0.10604	0.01749	0.01139	0.00308	0.00728	0.01482	0.01087	0.14119
7	0.02261	0.01938	0.02261	0.01615	0.02584	0.01453	0.01292	0.02745	0.02261	0.03553	0.01938	0.02261	0.01615	0.00807	0.00807	0.00161	0.00807	0.00646	0.00646	0.68346
8	0.11956	0.01251	0.01379	0.01334	0.01558	0.01292	0.00933	0.01983	0.02065	0.03169	0.14803	0.06483	0.09897	0.26228	0.10515	0.00817	0.01110	0.01532	0.00805	0.00889
9	0.03567	0.01546	0.02089	0.01740	0.02330	0.01361	0.01378	0.03980	0.02971	0.35582	0.17060	0.12634	0.05216	0.01852	0.01184	0.00353	0.00784	0.01589	0.01266	0.01516
10	0.17721	0.01486	0.01502	0.01440	0.01758	0.01588	0.01067	0.06815	0.02252	0.03769	0.03408	0.10812	0.03419	0.18518	0.02244	0.00547	0.00861	0.05412	0.14361	0.01018
11	0.01575	0.01254	0.01676	0.01749	0.01791	0.01405	0.01246	0.01751	0.01939	0.02666	0.04756	0.42280	0.05629	0.10490	0.02361	0.00528	0.12652	0.02473	0.00859	0.00919
12	0.01785	0.01085	0.01276	0.01347	0.01591	0.01055	0.01057	0.02247	0.02439	0.03718	0.11451	0.12260	0.08732	0.02109	0.01100	0.00349	0.00639	0.12282	0.32481	0.00996
13	0.04073	0.05197	0.03090	0.02809	0.03371	0.57303	0.02107	0.04354	0.03090	0.02669	0.01685	0.01966	0.01404	0.01124	0.00983	0.00281	0.01966	0.00702	0.00562	0.01264
14	0.02385	0.02385	0.03340	0.02863	0.02863	0.03340	0.02385	0.02624	0.01670	0.02624	0.01431	0.02385	0.01431	0.01908	0.03578	0.00477	0.59685	0.00954	0.00477	0.01193
15	0.12200	0.02452	0.02875	0.02300	0.02936	0.02769	0.01905	0.21323	0.03360	0.18893	0.02660	0.02754	0.01900	0.01422	0.01620	0.00366	0.14727	0.00957	0.00965	0.01615
16	0.08462	0.01651	0.01830	0.01571	0.02180	0.01473	0.01199	0.02655	0.07394	0.03523	0.04293	0.17665	0.09794	0.01776	0.01028	0.00294	0.00742	0.01505	0.00831	0.30134

[dist]
# distance from previous block
# <min> <max>
0	1

[block]
# block no. 11 follows, 12 sequences, length 11
# corresponding to MSA columns:
# 652-662
name=unknown_L
#
# <colnr> <probs for GDERKNQSTAVLIFYWHMCP>
#	G	D	E	R	K	N	Q	S	T	A	V	L	I	F	Y	W	H	M	C	P
0	0.02314	0.01330	0.01789	0.01680	0.01918	0.01367	0.01236	0.07749	0.02207	0.08418	0.03123	0.13255	0.03033	0.03994	0.12940	0.29294	0.01288	0.01374	0.00750	0.00943
1	0.02850	0.01920	0.02321	0.01688	0.02629	0.01487	0.01362	0.03320	0.02453	0.15211	0.02467	0.02586	0.01858	0.00929	0.00872	0.00201	0.00834	0.00747	0.00803	0.53463
2	0.02385	0.02385	0.03340	0.02863	0.02863	0.03340	0.02385	0.02624	0.01670	0.02624	0.01431	0.02385	0.01431	0.01908	0.03578	0.00477	0.59685	0.00954	0.00477	0.01193
3	0.02448	0.01579	0.01806	0.01561	0.02009	0.01583	0.01224	0.13357	0.03306	0.08407	0.23369	0.05936	0.10862	0.01804	0.01113	0.00322	0.00700	0.01511	0.15844	0.01259
4	0.01543	0.01115	0.01457	0.01372	0.01629	0.01029	0.01029	0.02058	0.03086	0.04372	0.54304	0.08145	0.10288	0.02229	0.01286	0.00343	0.00514	0.01972	0.01200	0.01029
5	0.02175	0.02096	0.03295	0.39163	0.05864	0.02747	0.02801	0.02729	0.02000	0.02729	0.01759	0.02722	0.01446	0.01380	0.01971	0.00404	0.22071	0.00964	0.00482	0.01205
6	0.01565	0.01141	0.01613	0.01613	0.01760	0.01287	0.01189	0.01858	0.01711	0.02428	0.03048	0.04988	0.03032	0.21393	0.44563	0.01581	0.02460	0.01271	0.00603	0.00896
7	0.17882	0.02691	0.02732	0.02212	0.02985	0.03030	0.01803	0.30718	0.15118	0.05928	0.02788	0.02760	0.02039	0.01283	0.01005	0.00339	0.01048	0.00954	0.01005	0.01680
8	0.02762	0.02503	0.04045	0.25161	0.17854	0.02730	0.10340	0.13879	0.02975	0.04000	0.02159	0.02797	0.01641	0.01084	0.01118	0.00346	0.01418	0.01022	0.00644	0.01521
9	0.01420	0.01020	0.01347	0.01456	0.01602	0.00947	0.01019	0.01748	0.02514	0.03461	0.26605	0.38442	0.08524	0.02910	0.01347	0.00400	0.00582	0.02619	0.01092	0.00947
10	0.02668	0.18225	0.15607	0.14310	0.04299	0.10831	0.02671	0.03480	0.06014	0.02977	0.01932	0.02382	0.01552	0.01159	0.01230	0.00328	0.07596	0.00817	0.00531	0.01391

[dist]
# distance from previous block
# <min> <max>
0	2

[block]
# block no. 12 follows, 12 sequences, length 54
# corresponding to MSA columns:
# 665-718
name=unknown_M
#
# <colnr> <probs for GDERKNQSTAVLIFYWHMCP>
#	G	D	E	R	K	N	Q	S	T	A	V	L	I	F	Y	W	H	M	C	P
0	0.03137	0.17578	0.03793	0.02387	0.03188	0.03296	0.05553	0.17190	0.23623	0.04602	0.03051	0.03014	0.02324	0.01255	0.01015	0.00324	0.01102	0.01007	0.00902	0.01659
1	0.23646	0.07240	0.08955	0.16457	0.09327	0.07449	0.06020	0.03271	0.02233	0.03625	0.01786	0.02298	0.01393	0.01027	0.00929	0.00333	0.01316	0.00804	0.00558	0.01334
2	0.08185	0.01815	0.02006	0.01741	0.02321	0.01907	0.01377	0.04541	0.21054	0.18379	0.03928	0.03795	0.02842	0.01349	0.00974	0.00326	0.00778	0.01085	0.20080	0.01518
3	0.01380	0.00970	0.01250	0.01453	0.01503	0.00920	0.00942	0.01532	0.01987	0.02650	0.05496	0.50224	0.06563	0.15045	0.02222	0.00565	0.00717	0.02797	0.00942	0.00841
4	0.02207	0.14571	0.03593	0.36701	0.05545	0.02737	0.02521	0.02796	0.02248	0.02899	0.07466	0.03191	0.02394	0.01240	0.01211	0.00342	0.05555	0.00995	0.00557	0.01230
5	0.01438	0.01023	0.01345	0.01468	0.01566	0.01003	0.00998	0.01668	0.02098	0.02862	0.12265	0.35649	0.06467	0.14554	0.09688	0.00717	0.01002	0.02395	0.00918	0.00877
6	0.02205	0.02722	0.13534	0.10756	0.04035	0.01931	0.07319	0.02928	0.02312	0.03388	0.02307	0.03319	0.01958	0.01100	0.01006	0.00280	0.01188	0.04917	0.00607	0.32189
7	0.03046	0.01406	0.01872	0.01680	0.02152	0.01241	0.01282	0.03376	0.02680	0.28206	0.08885	0.26226	0.08721	0.02297	0.01236	0.00380	0.00760	0.02005	0.01187	0.01362
8	0.02631	0.01466	0.01832	0.01667	0.02006	0.01445	0.01237	0.07477	0.02472	0.15820	0.04048	0.11823	0.03944	0.24623	0.07053	0.00738	0.01130	0.06495	0.00939	0.01153
9	0.02059	0.01938	0.03270	0.59060	0.07510	0.02422	0.03028	0.02786	0.02180	0.02786	0.01938	0.02907	0.01453	0.01090	0.01090	0.00363	0.01453	0.00969	0.00484	0.01211
10	0.20773	0.08582	0.02524	0.01654	0.02532	0.02166	0.01377	0.06265	0.02343	0.04040	0.01825	0.02097	0.01490	0.00911	0.00779	0.00229	0.00883	0.00647	0.00665	0.38218
11	0.02470	0.01212	0.01400	0.01266	0.01654	0.01128	0.00980	0.02937	0.02593	0.14586	0.11727	0.05266	0.09415	0.01584	0.00962	0.00296	0.00600	0.01307	0.37437	0.01180
12	0.02908	0.02642	0.12595	0.12594	0.07680	0.02109	0.05572	0.03584	0.02562	0.17396	0.07725	0.03433	0.02688	0.01278	0.01263	0.00341	0.05222	0.01068	0.00803	0.06538
13	0.03186	0.02991	0.17446	0.12108	0.09692	0.02083	0.02656	0.03919	0.02587	0.21824	0.02791	0.02938	0.01920	0.01126	0.01048	0.00325	0.01228	0.00937	0.00806	0.08390
14	0.57426	0.02513	0.01889	0.01663	0.02341	0.08439	0.01348	0.06941	0.02235	0.04801	0.01619	0.01856	0.01256	0.01046	0.00739	0.00331	0.00991	0.00632	0.00694	0.01240
15	0.02418	0.10089	0.27830	0.16546	0.05228	0.06652	0.09758	0.03344	0.02357	0.03153	0.01922	0.02453	0.01439	0.01029	0.01045	0.00337	0.01585	0.00880	0.00486	0.01450
16	0.02899	0.03681	0.23234	0.03538	0.04770	0.02447	0.24456	0.03842	0.02587	0.13886	0.02536	0.02868	0.01766	0.01046	0.01160	0.00354	0.01576	0.01078	0.00678	0.01597
17	0.01398	0.01074	0.01280	0.01303	0.01559	0.00956	0.00949	0.01750	0.02635	0.03475	0.27057	0.20825	0.26412	0.02697	0.01311	0.00375	0.00555	0.02349	0.01087	0.00956
18	0.01874	0.01339	0.01527	0.01505	0.01695	0.01426	0.01052	0.02623	0.12014	0.02960	0.03864	0.06560	0.03878	0.33263	0.07366	0.00825	0.01086	0.06388	0.07787	0.00969
19	0.01343	0.01036	0.01227	0.01328	0.01544	0.00920	0.00939	0.01614	0.02392	0.03076	0.14933	0.32786	0.26996	0.02979	0.01334	0.00398	0.00583	0.02612	0.01039	0.00920
20	0.04145	0.03054	0.03272	0.02509	0.03381	0.03381	0.02072	0.51243	0.05127	0.06872	0.02618	0.02618	0.01854	0.01309	0.01091	0.00327	0.01200	0.00982	0.01091	0.01854
21	0.01558	0.01168	0.01752	0.01752	0.01947	0.01363	0.01363	0.01947	0.01752	0.02531	0.02921	0.04283	0.02726	0.08178	0.57360	0.01752	0.02921	0.01168	0.00584	0.00974
22	0.69383	0.02109	0.01603	0.01434	0.02109	0.02446	0.01181	0.03205	0.01856	0.04892	0.01518	0.01771	0.01181	0.01012	0.00675	0.00337	0.00843	0.00590	0.00675	0.01181
23	0.03143	0.02015	0.02989	0.13502	0.03960	0.01833	0.06926	0.03700	0.02568	0.20995	0.02765	0.02951	0.01953	0.01059	0.01012	0.00283	0.01085	0.00930	0.00842	0.25491
24	0.01750	0.01427	0.02168	0.02816	0.14971	0.01413	0.01651	0.02152	0.02347	0.03275	0.14709	0.26918	0.05823	0.03260	0.09570	0.00586	0.01112	0.02045	0.00870	0.01139
25	0.02998	0.14353	0.03276	0.01953	0.02883	0.02645	0.01658	0.18459	0.03174	0.04424	0.02073	0.02274	0.01649	0.00994	0.00877	0.00229	0.01005	0.00741	0.00753	0.33583
26	0.04073	0.05197	0.03090	0.02809	0.03371	0.57303	0.02107	0.04354	0.03090	0.02669	0.01685	0.01966	0.01404	0.01124	0.00983	0.00281	0.01966	0.00702	0.00562	0.01264
27	0.10701	0.02284	0.07873	0.02012	0.02758	0.01932	0.01763	0.11628	0.03011	0.25605	0.03839	0.15205	0.03207	0.01708	0.01106	0.00359	0.00973	0.01414	0.01070	0.01553
28	0.02560	0.15597	0.22974	0.04459	0.26705	0.02914	0.03293	0.03368	0.02365	0.03325	0.01911	0.02369	0.01539	0.00987	0.00988	0.00313	0.01382	0.00835	0.00497	0.01621
29	0.01328	0.00949	0.01265	0.01518	0.01581	0.00886	0.01012	0.01518	0.02088	0.02783	0.06010	0.60969	0.07212	0.03416	0.01392	0.00443	0.00633	0.03100	0.01012	0.00886
30	0.01372	0.00980	0.01315	0.01568	0.01650	0.00923	0.01087	0.01593	0.02130	0.02832	0.05986	0.56050	0.07117	0.03375	0.01403	0.00449	0.00670	0.07592	0.01011	0.00898
31	0.01879	0.01085	0.01389	0.01504	0.01704	0.01022	0.01093	0.02190	0.02275	0.08442	0.05298	0.38432	0.05735	0.02717	0.01241	0.00398	0.00673	0.06838	0.15063	0.01023
32	0.01577	0.01092	0.01364	0.01364	0.01425	0.01152	0.00879	0.01698	0.01637	0.02244	0.03275	0.06248	0.03579	0.45032	0.21672	0.01273	0.01637	0.01456	0.00637	0.00758
33	0.01558	0.01168	0.01752	0.01752	0.01947	0.01363	0.01363	0.01947	0.01752	0.02531	0.02921	0.04283	0.02726	0.08178	0.57360	0.01752	0.02921	0.01168	0.00584	0.00974
34	0.69383	0.02109	0.01603	0.01434	0.02109	0.02446	0.01181	0.03205	0.01856	0.04892	0.01518	0.01771	0.01181	0.01012	0.00675	0.00337	0.00843	0.00590	0.00675	0.01181
35	0.01586	0.01057	0.01189	0.01189	0.01189	0.01057	0.00661	0.01586	0.01586	0.02114	0.03436	0.07135	0.03964	0.61681	0.05550	0.01057	0.01057	0.01586	0.00661	0.00661
36	0.07663	0.01653	0.01934	0.01659	0.02170	0.01657	0.01309	0.08123	0.08154	0.15754	0.23990	0.05320	0.05633	0.01679	0.01107	0.00333	0.00730	0.01406	0.08357	0.01370
37	0.01487	0.01215	0.01727	0.01629	0.01926	0.01100	0.05353	0.01856	0.02524	0.03337	0.20644	0.26560	0.21166	0.02676	0.01323	0.00387	0.00682	0.02395	0.01024	0.00987
38	0.02444	0.08818	0.08278	0.20464	0.04431	0.02194	0.02209	0.03065	0.02294	0.06846	0.02060	0.02521	0.01592	0.00973	0.00930	0.00265	0.01144	0.00791	0.00605	0.28075
39	0.20568	0.26942	0.03810	0.02020	0.02779	0.08824	0.01780	0.11535	0.02671	0.03925	0.01716	0.01966	0.01423	0.01100	0.00974	0.00297	0.04950	0.00689	0.00638	0.01393
