[name]
unknown

[dist]
# distance from previous block
# <min> <max>
0	28

[block]
# block no. 0 follows, 13 sequences, length 28
# corresponding to MSA columns:
# 28-55
name=unknown_A
#
# <colnr> <probs for GDERKNQSTAVLIFYWHMCP>
#	G	D	E	R	K	N	Q	S	T	A	V	L	I	F	Y	W	H	M	C	P
0	0.01566	0.01147	0.01656	0.01723	0.01911	0.01268	0.01371	0.01943	0.01889	0.02618	0.03639	0.06533	0.03695	0.11067	0.38432	0.01308	0.02169	0.14452	0.00685	0.00927
1	0.02192	0.01879	0.02192	0.01566	0.02506	0.01409	0.01253	0.02662	0.02192	0.03445	0.01879	0.02192	0.01566	0.00783	0.00783	0.00157	0.00783	0.00626	0.00626	0.69305
2	0.01463	0.01055	0.01383	0.01353	0.01572	0.00975	0.00995	0.01911	0.02837	0.03991	0.47643	0.16652	0.09495	0.02347	0.01264	0.00348	0.00517	0.02089	0.01134	0.00975
3	0.04279	0.02544	0.02915	0.02235	0.03071	0.02659	0.01846	0.35635	0.04273	0.24736	0.03125	0.02919	0.02092	0.01283	0.01060	0.00321	0.01069	0.00992	0.01148	0.01799
4	0.01538	0.01025	0.01153	0.01153	0.01153	0.01025	0.00641	0.01538	0.01538	0.02050	0.03331	0.06919	0.03844	0.62842	0.05382	0.01025	0.01025	0.01538	0.00641	0.00641
5	0.01304	0.01067	0.01160	0.01219	0.01524	0.00923	0.00924	0.01584	0.02361	0.02868	0.09509	0.17297	0.43952	0.02789	0.01286	0.00381	0.00593	0.07382	0.00981	0.00897
6	0.02827	0.63478	0.05540	0.01809	0.02714	0.04184	0.01809	0.03166	0.02148	0.02488	0.01470	0.01696	0.01357	0.00905	0.00678	0.00226	0.01131	0.00565	0.00452	0.01357
7	0.02369	0.02259	0.03844	0.28003	0.36671	0.02447	0.03122	0.03028	0.02290	0.03153	0.01945	0.02698	0.01569	0.00988	0.01051	0.00329	0.01317	0.00941	0.00502	0.01475
8	0.02410	0.02211	0.03432	0.02526	0.03439	0.01937	0.16398	0.07439	0.02557	0.03701	0.02319	0.03211	0.01967	0.01034	0.01000	0.00257	0.01127	0.04789	0.00667	0.37579
9	0.02835	0.08645	0.22041	0.03011	0.04132	0.02890	0.14010	0.17356	0.07168	0.04301	0.02287	0.02550	0.01678	0.01079	0.01054	0.00328	0.01408	0.00950	0.00688	0.01590
10	0.03662	0.01534	0.02080	0.01738	0.02332	0.01345	0.01373	0.04027	0.02793	0.39834	0.09110	0.17440	0.04274	0.01845	0.01145	0.00351	0.00798	0.01585	0.01221	0.01512
11	0.02186	0.10802	0.52600	0.02903	0.04405	0.02614	0.03714	0.03332	0.02225	0.03269	0.01858	0.02183	0.01341	0.00995	0.00975	0.00325	0.01523	0.00761	0.00447	0.01544
12	0.02194	0.02075	0.02725	0.10623	0.12304	0.06096	0.02070	0.02846	0.07656	0.02913	0.02831	0.12428	0.02780	0.06196	0.06634	0.00531	0.13913	0.01326	0.00647	0.01211
13	0.70310	0.02045	0.01554	0.01390	0.02045	0.02372	0.01145	0.03108	0.01799	0.04744	0.01472	0.01718	0.01145	0.00981	0.00654	0.00327	0.00818	0.00573	0.00654	0.01145
14	0.02948	0.57189	0.05267	0.01908	0.02773	0.10040	0.01834	0.03280	0.02240	0.02498	0.01488	0.01719	0.01357	0.00924	0.00708	0.00231	0.01214	0.00578	0.00462	0.01343
15	0.02617	0.02512	0.04292	0.06490	0.56246	0.02512	0.03245	0.03245	0.02407	0.03454	0.01989	0.02617	0.01675	0.00942	0.01047	0.00314	0.01256	0.00942	0.00523	0.01675
16	0.01649	0.01139	0.01319	0.01238	0.01596	0.00990	0.00941	0.02014	0.02678	0.08153	0.26638	0.08758	0.34288	0.02367	0.01232	0.00345	0.00554	0.02011	0.01078	0.01011
17	0.01342	0.01056	0.01098	0.01098	0.01339	0.00935	0.00751	0.01524	0.02129	0.02596	0.08331	0.09125	0.39059	0.22077	0.02582	0.00572	0.00693	0.02008	0.00872	0.00811
18	0.01413	0.01009	0.01370	0.01615	0.01731	0.00966	0.01198	0.01688	0.02147	0.02839	0.05759	0.47080	0.06721	0.03195	0.01383	0.00447	0.00722	0.16847	0.00979	0.00893
19	0.02192	0.01879	0.02192	0.01566	0.02506	0.01409	0.01253	0.02662	0.02192	0.03445	0.01879	0.02192	0.01566	0.00783	0.00783	0.00157	0.00783	0.00626	0.00626	0.69305
20	0.02389	0.01996	0.02298	0.01659	0.02589	0.01611	0.01334	0.08050	0.02492	0.03792	0.01950	0.02230	0.01591	0.00835	0.00813	0.00174	0.00824	0.00661	0.00673	0.62040
21	0.04019	0.02962	0.03173	0.02433	0.03279	0.03279	0.02010	0.52721	0.04971	0.06663	0.02538	0.02538	0.01798	0.01269	0.01058	0.00317	0.01163	0.00952	0.01058	0.01798
22	0.04744	0.01799	0.02454	0.01881	0.02699	0.01554	0.01554	0.05153	0.03026	0.56979	0.04171	0.03599	0.02617	0.01309	0.01063	0.00327	0.00900	0.01063	0.01309	0.01799
23	0.01288	0.00920	0.01227	0.01472	0.01534	0.00859	0.00981	0.01472	0.02024	0.02699	0.05828	0.62152	0.06993	0.03312	0.01350	0.00429	0.00613	0.03006	0.00981	0.00859
24	0.02566	0.42095	0.24643	0.02253	0.03400	0.03547	0.02582	0.03233	0.02179	0.02805	0.01628	0.01894	0.01350	0.00941	0.00799	0.00266	0.01290	0.00645	0.00450	0.01433
25	0.01997	0.01879	0.03171	0.60301	0.07282	0.02349	0.02936	0.02701	0.02114	0.02701	0.01879	0.02819	0.01409	0.01057	0.01057	0.00352	0.01409	0.00940	0.00470	0.01175
26	0.01288	0.00920	0.01227	0.01472	0.01534	0.00859	0.00981	0.01472	0.02024	0.02699	0.05828	0.62152	0.06993	0.03312	0.01350	0.00429	0.00613	0.03006	0.00981	0.00859
27	0.04140	0.02108	0.02564	0.02038	0.02811	0.02097	0.01660	0.13504	0.14982	0.36356	0.03918	0.03493	0.02613	0.01330	0.01065	0.00333	0.00931	0.01074	0.01212	0.01771

[dist]
# distance from previous block
# <min> <max>
0	1

[block]
# block no. 1 follows, 13 sequences, length 108
# corresponding to MSA columns:
# 99-206
name=unknown_B
#
# <colnr> <probs for GDERKNQSTAVLIFYWHMCP>
#	G	D	E	R	K	N	Q	S	T	A	V	L	I	F	Y	W	H	M	C	P
0	0.03024	0.02315	0.03332	0.02652	0.03360	0.02385	0.13208	0.21261	0.06799	0.09471	0.03509	0.10122	0.03095	0.01653	0.01193	0.00367	0.01174	0.08649	0.00943	0.01486
1	0.14627	0.01431	0.02059	0.01915	0.02244	0.01426	0.08913	0.02078	0.02054	0.03194	0.04431	0.41525	0.05051	0.02496	0.01201	0.00399	0.00832	0.02272	0.00851	0.01000
2	0.02130	0.08123	0.03385	0.02515	0.02852	0.02671	0.09427	0.02480	0.01997	0.02742	0.03798	0.04264	0.14782	0.01816	0.02315	0.00397	0.31294	0.01259	0.00600	0.01152
3	0.01641	0.16380	0.02184	0.01292	0.01754	0.01697	0.01068	0.01918	0.02308	0.02750	0.07960	0.13221	0.37628	0.02305	0.01119	0.00332	0.00689	0.01899	0.00852	0.01003
4	0.02404	0.28750	0.36565	0.02530	0.03829	0.03149	0.03065	0.03275	0.02199	0.03003	0.01726	0.02017	0.01346	0.00964	0.00874	0.00291	0.01389	0.00695	0.00449	0.01480
5	0.01518	0.01104	0.01553	0.01553	0.01691	0.01242	0.01139	0.01794	0.01656	0.02346	0.02966	0.04895	0.02965	0.22642	0.44379	0.01519	0.02348	0.01241	0.00586	0.00863
6	0.02192	0.01879	0.02192	0.01566	0.02506	0.01409	0.01253	0.02662	0.02192	0.03445	0.01879	0.02192	0.01566	0.00783	0.00783	0.00157	0.00783	0.00626	0.00626	0.69305
7	0.01704	0.01217	0.01704	0.01947	0.02191	0.01217	0.01704	0.02191	0.02434	0.03164	0.05598	0.11926	0.06085	0.02921	0.01460	0.00487	0.00974	0.49130	0.00974	0.00974
8	0.01392	0.01025	0.01317	0.01525	0.01628	0.00996	0.01035	0.01793	0.06071	0.02832	0.05710	0.57649	0.06702	0.03167	0.01328	0.00424	0.00631	0.02866	0.00989	0.00922
9	0.01538	0.01025	0.01153	0.01153	0.01153	0.01025	0.00641	0.01538	0.01538	0.02050	0.03331	0.06919	0.03844	0.62842	0.05382	0.01025	0.01025	0.01538	0.00641	0.00641
10	0.02609	0.03538	0.17483	0.04965	0.30852	0.08055	0.10540	0.03388	0.02436	0.03333	0.01954	0.02487	0.01551	0.00964	0.01057	0.00321	0.01473	0.00922	0.00508	0.01566
11	0.01429	0.01058	0.01333	0.01306	0.01549	0.00962	0.00964	0.01849	0.02771	0.03812	0.41822	0.15362	0.17076	0.02396	0.01261	0.00349	0.00520	0.02107	0.01110	0.00962
12	0.02206	0.04931	0.48118	0.02869	0.04269	0.02485	0.03531	0.03730	0.10996	0.03529	0.02302	0.02520	0.01657	0.01077	0.01017	0.00339	0.01441	0.00851	0.00552	0.01581
13	0.16832	0.04139	0.02744	0.02420	0.03033	0.39191	0.01864	0.11459	0.03068	0.03632	0.01742	0.01967	0.01387	0.01096	0.00911	0.00290	0.01581	0.00702	0.00645	0.01298
14	0.07812	0.01563	0.02171	0.19646	0.03613	0.01633	0.01711	0.02804	0.02511	0.11754	0.19736	0.08188	0.04690	0.01567	0.01085	0.00331	0.00895	0.01349	0.00880	0.06060
15	0.08319	0.02412	0.04008	0.12677	0.22386	0.02534	0.12963	0.06829	0.02515	0.07981	0.02140	0.02677	0.01645	0.01064	0.01217	0.00341	0.05190	0.00984	0.00627	0.01491
16	0.03095	0.12346	0.13204	0.07106	0.03895	0.07635	0.06992	0.20534	0.07500	0.04342	0.02251	0.02474	0.01686	0.01117	0.01003	0.00313	0.01339	0.00889	0.00727	0.01552
17	0.39434	0.02206	0.02673	0.03388	0.22935	0.02365	0.01983	0.03312	0.02124	0.08109	0.01870	0.02202	0.01458	0.00990	0.00835	0.00322	0.00992	0.00751	0.00652	0.01397
18	0.02203	0.02101	0.03525	0.41106	0.14932	0.02430	0.06768	0.03135	0.07345	0.03052	0.02157	0.02899	0.01649	0.01062	0.01072	0.00347	0.01357	0.00990	0.00544	0.01328
19	0.03174	0.02654	0.03448	0.03570	0.17333	0.06779	0.05550	0.18280	0.03112	0.08354	0.02345	0.02947	0.01900	0.06255	0.01723	0.00393	0.08909	0.01002	0.00752	0.01522
20	0.02630	0.02271	0.02391	0.02152	0.02749	0.02630	0.01674	0.05618	0.54336	0.04423	0.04303	0.03945	0.03228	0.01434	0.01076	0.00359	0.00837	0.01195	0.01076	0.01674
21	0.02313	0.02313	0.03238	0.02776	0.02776	0.03238	0.02313	0.02545	0.01619	0.02545	0.01388	0.02313	0.01388	0.01851	0.03470	0.00463	0.60907	0.00925	0.00463	0.01157
22	0.01971	0.00985	0.00985	0.00985	0.01232	0.00985	0.00739	0.02464	0.02217	0.03942	0.03449	0.03942	0.02710	0.01232	0.00739	0.00246	0.00493	0.00985	0.68712	0.00985
23	0.70310	0.02045	0.01554	0.01390	0.02045	0.02372	0.01145	0.03108	0.01799	0.04744	0.01472	0.01718	0.01145	0.00981	0.00654	0.00327	0.00818	0.00573	0.00654	0.01145
24	0.01496	0.01081	0.01413	0.01330	0.01580	0.00998	0.00998	0.01995	0.02993	0.04240	0.55689	0.07898	0.09976	0.02162	0.01247	0.00333	0.00499	0.01912	0.01164	0.00998
25	0.01288	0.00920	0.01227	0.01472	0.01534	0.00859	0.00981	0.01472	0.02024	0.02699	0.05828	0.62152	0.06993	0.03312	0.01350	0.00429	0.00613	0.03006	0.00981	0.00859
26	0.02121	0.05469	0.57364	0.03014	0.04576	0.02455	0.03906	0.03348	0.02232	0.03348	0.01897	0.02232	0.01339	0.01005	0.01005	0.00335	0.01563	0.00781	0.00446	0.01563
27	0.01538	0.01025	0.01153	0.01153	0.01153	0.01025	0.00641	0.01538	0.01538	0.02050	0.03331	0.06919	0.03844	0.62842	0.05382	0.01025	0.01025	0.01538	0.00641	0.00641
28	0.01574	0.01230	0.01378	0.01284	0.01639	0.01130	0.00978	0.05913	0.02848	0.03710	0.27622	0.08657	0.33456	0.02360	0.01233	0.00344	0.00573	0.02001	0.01059	0.01008
29	0.04744	0.01799	0.02454	0.01881	0.02699	0.01554	0.01554	0.05153	0.03026	0.56979	0.04171	0.03599	0.02617	0.01309	0.01063	0.00327	0.00900	0.01063	0.01309	0.01799
30	0.02612	0.43125	0.19353	0.02345	0.03438	0.03602	0.06502	0.03232	0.02199	0.02790	0.01638	0.01933	0.01372	0.00930	0.00812	0.00266	0.01299	0.00678	0.00457	0.01417
31	0.02121	0.05469	0.57364	0.03014	0.04576	0.02455	0.03906	0.03348	0.02232	0.03348	0.01897	0.02232	0.01339	0.01005	0.01005	0.00335	0.01563	0.00781	0.00446	0.01563
32	0.70310	0.02045	0.01554	0.01390	0.02045	0.02372	0.01145	0.03108	0.01799	0.04744	0.01472	0.01718	0.01145	0.00981	0.00654	0.00327	0.00818	0.00573	0.00654	0.01145
33	0.01593	0.01199	0.01613	0.01600	0.01812	0.01219	0.01264	0.02041	0.02674	0.03731	0.35809	0.12813	0.08148	0.02403	0.01485	0.00386	0.05554	0.12613	0.01048	0.00994
34	0.01524	0.01071	0.01344	0.01276	0.01533	0.00988	0.00957	0.02004	0.02870	0.04101	0.46985	0.07687	0.12878	0.02111	0.01197	0.00326	0.00501	0.01846	0.07813	0.00988
35	0.01510	0.01133	0.01699	0.01699	0.01888	0.01322	0.01322	0.01888	0.01699	0.02454	0.02832	0.04154	0.02643	0.07930	0.58652	0.01699	0.02832	0.01133	0.00566	0.00944
36	0.01527	0.01091	0.01501	0.01745	0.01911	0.01064	0.01396	0.01885	0.02259	0.02966	0.05696	0.33320	0.06472	0.03088	0.01413	0.00462	0.00820	0.29484	0.00977	0.00925
37	0.02192	0.01879	0.02192	0.01566	0.02506	0.01409	0.01253	0.02662	0.02192	0.03445	0.01879	0.02192	0.01566	0.00783	0.00783	0.00157	0.00783	0.00626	0.00626	0.69305
38	0.01763	0.01507	0.02228	0.06776	0.02565	0.01914	0.01717	0.02129	0.01712	0.02499	0.02371	0.03556	0.02209	0.05754	0.39297	0.01261	0.18130	0.01062	0.00531	0.01019
39	0.01837	0.00918	0.01377	0.01377	0.01377	0.00918	0.00918	0.01377	0.01377	0.01837	0.01837	0.03214	0.01837	0.03673	0.04132	0.69238	0.00918	0.00918	0.00459	0.00459
40	0.01704	0.01217	0.01704	0.01947	0.02191	0.01217	0.01704	0.02191	0.02434	0.03164	0.05598	0.11926	0.06085	0.02921	0.01460	0.00487	0.00974	0.49130	0.00974	0.00974
41	0.01704	0.01217	0.01704	0.01947	0.02191	0.01217	0.01704	0.02191	0.02434	0.03164	0.05598	0.11926	0.06085	0.02921	0.01460	0.00487	0.00974	0.49130	0.00974	0.00974
42	0.02468	0.03045	0.10017	0.04350	0.05456	0.02658	0.48822	0.03384	0.02476	0.03384	0.02121	0.02806	0.01585	0.00900	0.01230	0.00355	0.01766	0.01213	0.00528	0.01436
43	0.03950	0.05039	0.02996	0.02724	0.03269	0.58597	0.02043	0.04222	0.02996	0.02588	0.01634	0.01907	0.01362	0.01090	0.00953	0.00272	0.01907	0.00681	0.00545	0.01226
44	0.01288	0.00920	0.01227	0.01472	0.01534	0.00859	0.00981	0.01472	0.02024	0.02699	0.05828	0.62152	0.06993	0.03312	0.01350	0.00429	0.00613	0.03006	0.00981	0.00859
45	0.01375	0.01027	0.01433	0.07264	0.02104	0.01017	0.01176	0.01635	0.02110	0.02821	0.09374	0.52017	0.06678	0.02999	0.01313	0.00414	0.00683	0.02716	0.00945	0.00901
46	0.01305	0.00933	0.01242	0.01461	0.01537	0.00870	0.00983	0.01515	0.02104	0.02826	0.09926	0.57692	0.07238	0.03218	0.01341	0.00421	0.00604	0.02916	0.00996	0.00870
47	0.07697	0.03096	0.16936	0.03145	0.04158	0.02327	0.23037	0.03564	0.06716	0.08576	0.07677	0.03273	0.02558	0.01133	0.01113	0.00344	0.01371	0.01129	0.00700	0.01449
48	0.01955	0.04304	0.42513	0.02567	0.03781	0.02069	0.03134	0.02989	0.02434	0.03585	0.16175	0.03736	0.03632	0.01312	0.01069	0.00334	0.01280	0.01081	0.00637	0.01413
49	0.70310	0.02045	0.01554	0.01390	0.02045	0.02372	0.01145	0.03108	0.01799	0.04744	0.01472	0.01718	0.01145	0.00981	0.00654	0.00327	0.00818	0.00573	0.00654	0.01145
50	0.02882	0.48716	0.05154	0.02104	0.02993	0.03863	0.05951	0.07451	0.06528	0.03057	0.01836	0.02037	0.01561	0.00975	0.00788	0.00255	0.01163	0.00703	0.00558	0.01424
51	0.01949	0.01354	0.01670	0.01521	0.01914	0.01288	0.01183	0.02742	0.09484	0.08341	0.34343	0.07128	0.11176	0.02002	0.01195	0.00337	0.00630	0.05066	0.01102	0.05576
52	0.01409	0.01062	0.01302	0.01273	0.01534	0.00955	0.00943	0.01813	0.02738	0.03710	0.38496	0.13871	0.22192	0.02416	0.01258	0.00349	0.00520	0.02107	0.01096	0.00955
53	0.02380	0.02264	0.03722	0.25656	0.25971	0.02482	0.06502	0.03424	0.10412	0.03321	0.02320	0.02917	0.01813	0.01058	0.01070	0.00338	0.01286	0.01003	0.00591	0.01470
54	0.01466	0.01022	0.01267	0.01292	0.01399	0.00977	0.00852	0.01694	0.02193	0.03018	0.23521	0.19792	0.06855	0.26619	0.02919	0.00631	0.00735	0.02010	0.00914	0.00824
55	0.02677	0.02364	0.03584	0.27777	0.14149	0.02649	0.07219	0.14957	0.06917	0.03966	0.02266	0.02808	0.01705	0.01102	0.01074	0.00338	0.01315	0.00991	0.00671	0.01469
56	0.03616	0.03204	0.02902	0.02393	0.03063	0.16911	0.01912	0.32697	0.03971	0.04990	0.02356	0.02627	0.01818	0.02247	0.09879	0.00518	0.01607	0.00911	0.00853	0.01523
57	0.03957	0.01730	0.02253	0.01781	0.02486	0.01555	0.01451	0.08050	0.03120	0.41478	0.11652	0.04646	0.07914	0.01535	0.01103	0.00330	0.00835	0.01267	0.01243	0.01615
58	0.03156	0.02548	0.02975	0.08406	0.08339	0.02867	0.02085	0.25109	0.23454	0.05115	0.03102	0.03115	0.02299	0.01282	0.01064	0.00336	0.01071	0.01044	0.00958	0.01677
59	0.01358	0.00994	0.01302	0.01479	0.01609	0.00901	0.01002	0.01564	0.02037	0.02757	0.05522	0.57513	0.06573	0.03117	0.01306	0.00408	0.00627	0.02822	0.00954	0.06154
60	0.02192	0.01879	0.02192	0.01566	0.02506	0.01409	0.01253	0.02662	0.02192	0.03445	0.01879	0.02192	0.01566	0.00783	0.00783	0.00157	0.00783	0.00626	0.00626	0.69305
61	0.02617	0.02512	0.04292	0.06490	0.56246	0.02512	0.03245	0.03245	0.02407	0.03454	0.01989	0.02617	0.01675	0.00942	0.01047	0.00314	0.01256	0.00942	0.00523	0.01675
62	0.70310	0.02045	0.01554	0.01390	0.02045	0.02372	0.01145	0.03108	0.01799	0.04744	0.01472	0.01718	0.01145	0.00981	0.00654	0.00327	0.00818	0.00573	0.00654	0.01145
63	0.03094	0.02520	0.02789	0.02556	0.06750	0.02839	0.01898	0.21219	0.34097	0.05104	0.03547	0.03379	0.02638	0.01344	0.01068	0.00342	0.00976	0.01096	0.01030	0.01715
64	0.01521	0.01090	0.01483	0.01483	0.01597	0.01204	0.01052	0.01749	0.01635	0.02294	0.03030	0.05250	0.03119	0.29704	0.37528	0.01432	0.02116	0.01293	0.00596	0.00824
65	0.01496	0.01081	0.01413	0.01330	0.01580	0.00998	0.00998	0.01995	0.02993	0.04240	0.55689	0.07898	0.09976	0.02162	0.01247	0.00333	0.00499	0.01912	0.01164	0.00998
66	0.02617	0.02512	0.04292	0.06490	0.56246	0.02512	0.03245	0.03245	0.02407	0.03454	0.01989	0.02617	0.01675	0.00942	0.01047	0.00314	0.01256	0.00942	0.00523	0.01675
67	0.01288	0.00920	0.01227	0.01472	0.01534	0.00859	0.00981	0.01472	0.02024	0.02699	0.05828	0.62152	0.06993	0.03312	0.01350	0.00429	0.00613	0.03006	0.00981	0.00859
68	0.02450	0.02763	0.05957	0.09590	0.05687	0.02644	0.47859	0.03324	0.02460	0.03324	0.02115	0.02849	0.01586	0.00907	0.01230	0.00356	0.01748	0.01219	0.00529	0.01403
69	0.02192	0.01879	0.02192	0.01566	0.02506	0.01409	0.01253	0.02662	0.02192	0.03445	0.01879	0.02192	0.01566	0.00783	0.00783	0.00157	0.00783	0.00626	0.00626	0.69305
70	0.02076	0.02021	0.03362	0.02698	0.03054	0.02318	0.14493	0.02566	0.02317	0.03346	0.20429	0.04388	0.04424	0.01717	0.02138	0.00391	0.25019	0.01349	0.00724	0.01169
71	0.02944	0.02428	0.02568	0.02215	0.02869	0.02777	0.01750	0.16283	0.43159	0.04930	0.03904	0.03626	0.02904	0.01397	0.01072	0.00349	0.00911	0.01140	0.01072	0.01702
72	0.03506	0.02705	0.03574	0.03533	0.16516	0.02868	0.06101	0.29696	0.07651	0.09154	0.02622	0.02764	0.01919	0.01174	0.01071	0.00323	0.01190	0.00998	0.00905	0.01730
73	0.02827	0.63478	0.05540	0.01809	0.02714	0.04184	0.01809	0.03166	0.02148	0.02488	0.01470	0.01696	0.01357	0.00905	0.00678	0.00226	0.01131	0.00565	0.00452	0.01357
74	0.01538	0.01025	0.01153	0.01153	0.01153	0.01025	0.00641	0.01538	0.01538	0.02050	0.03331	0.06919	0.03844	0.62842	0.05382	0.01025	0.01025	0.01538	0.00641	0.00641
75	0.01326	0.00947	0.01271	0.01516	0.01594	0.00892	0.01048	0.01538	0.02062	0.02742	0.05806	0.57535	0.06910	0.03276	0.01360	0.00435	0.00647	0.07246	0.00981	0.00869
76	0.02938	0.57713	0.05290	0.01899	0.02768	0.09551	0.01832	0.03270	0.02232	0.02497	0.01486	0.01717	0.01357	0.00923	0.00706	0.00231	0.01207	0.00577	0.00461	0.01344
77	0.01250	0.01071	0.01071	0.01071	0.01428	0.00893	0.00803	0.01517	0.02410	0.02856	0.10711	0.10175	0.55817	0.02678	0.01250	0.00357	0.00536	0.02231	0.00982	0.00893
78	0.03538	0.02722	0.02902	0.02335	0.03095	0.03054	0.01893	0.36401	0.22075	0.05887	0.03150	0.03026	0.02293	0.01326	0.01064	0.00332	0.01050	0.01036	0.01064	0.01755
79	0.03950	0.05039	0.02996	0.02724	0.03269	0.58597	0.02043	0.04222	0.02996	0.02588	0.01634	0.01907	0.01362	0.01090	0.00953	0.00272	0.01907	0.00681	0.00545	0.01226
80	0.02192	0.01879	0.02192	0.01566	0.02506	0.01409	0.01253	0.02662	0.02192	0.03445	0.01879	0.02192	0.01566	0.00783	0.00783	0.00157	0.00783	0.00626	0.00626	0.69305
81	0.02476	0.02369	0.04038	0.18674	0.45160	0.02475	0.03175	0.03122	0.02341	0.03284	0.01964	0.02663	0.01615	0.00968	0.01049	0.00323	0.01291	0.00942	0.00511	0.01562
82	0.04744	0.01799	0.02454	0.01881	0.02699	0.01554	0.01554	0.05153	0.03026	0.56979	0.04171	0.03599	0.02617	0.01309	0.01063	0.00327	0.00900	0.01063	0.01309	0.01799
83	0.01496	0.01081	0.01413	0.01330	0.01580	0.00998	0.00998	0.01995	0.02993	0.04240	0.55689	0.07898	0.09976	0.02162	0.01247	0.00333	0.00499	0.01912	0.01164	0.00998
84	0.01288	0.00920	0.01227	0.01472	0.01534	0.00859	0.00981	0.01472	0.02024	0.02699	0.05828	0.62152	0.06993	0.03312	0.01350	0.00429	0.00613	0.03006	0.00981	0.00859
85	0.02121	0.05469	0.57364	0.03014	0.04576	0.02455	0.03906	0.03348	0.02232	0.03348	0.01897	0.02232	0.01339	0.01005	0.01005	0.00335	0.01563	0.00781	0.00446	0.01563
86	0.02262	0.01967	0.02552	0.22307	0.04234	0.02307	0.02117	0.04059	0.27924	0.03624	0.03668	0.04827	0.03052	0.01541	0.01131	0.00377	0.01057	0.08755	0.00849	0.01389
87	0.02565	0.02144	0.02252	0.02037	0.02600	0.02468	0.01581	0.05307	0.49195	0.04375	0.04219	0.03944	0.03176	0.01414	0.01043	0.00348	0.00803	0.01175	0.07748	0.01606
88	0.01288	0.00920	0.01227	0.01472	0.01534	0.00859	0.00981	0.01472	0.02024	0.02699	0.05828	0.62152	0.06993	0.03312	0.01350	0.00429	0.00613	0.03006	0.00981	0.00859
89	0.01997	0.01879	0.03171	0.60301	0.07282	0.02349	0.02936	0.02701	0.02114	0.02701	0.01879	0.02819	0.01409	0.01057	0.01057	0.00352	0.01409	0.00940	0.00470	0.01175
90	0.03865	0.04097	0.03310	0.02747	0.03445	0.33681	0.05871	0.22264	0.03695	0.04170	0.02010	0.02215	0.01543	0.01142	0.01015	0.00296	0.01620	0.00825	0.00735	0.01455
91	0.01519	0.01100	0.01531	0.01531	0.01661	0.01230	0.01111	0.01780	0.01649	0.02330	0.02986	0.05007	0.03014	0.24877	0.42211	0.01491	0.02274	0.01258	0.00589	0.00850
92	0.03241	0.02575	0.02735	0.02275	0.02982	0.02915	0.01821	0.26326	0.32634	0.05408	0.03527	0.03327	0.02599	0.01362	0.01068	0.00340	0.00980	0.01088	0.01068	0.01728
93	0.01971	0.00985	0.00985	0.00985	0.01232	0.00985	0.00739	0.02464	0.02217	0.03942	0.03449	0.03942	0.02710	0.01232	0.00739	0.00246	0.00493	0.00985	0.68712	0.00985
94	0.01288	0.00920	0.01227	0.01472	0.01534	0.00859	0.00981	0.01472	0.02024	0.02699	0.05828	0.62152	0.06993	0.03312	0.01350	0.00429	0.00613	0.03006	0.00981	0.00859
95	0.02630	0.02271	0.02391	0.02152	0.02749	0.02630	0.01674	0.05618	0.54336	0.04423	0.04303	0.03945	0.03228	0.01434	0.01076	0.00359	0.00837	0.01195	0.01076	0.01674
96	0.01820	0.01371	0.01812	0.01856	0.06230	0.01332	0.01275	0.06761	0.03127	0.04398	0.46388	0.06971	0.08542	0.01979	0.01213	0.00330	0.00622	0.01744	0.01101	0.01127
97	0.58339	0.02585	0.01814	0.01631	0.02266	0.12515	0.01307	0.03309	0.02015	0.04355	0.01501	0.01752	0.01184	0.01001	0.00708	0.00317	0.01014	0.00592	0.00635	0.01160
98	0.02827	0.63478	0.05540	0.01809	0.02714	0.04184	0.01809	0.03166	0.02148	0.02488	0.01470	0.01696	0.01357	0.00905	0.00678	0.00226	0.01131	0.00565	0.00452	0.01357
99	0.02475	0.01783	0.01859	0.01677	0.02146	0.01983	0.01303	0.08594	0.27419	0.04422	0.03774	0.03814	0.02874	0.01332	0.00930	0.00307	0.00719	0.01083	0.30116	0.01390
100	0.01442	0.01044	0.01147	0.01141	0.01275	0.00980	0.00721	0.01567	0.01933	0.02482	0.09837	0.08044	0.21044	0.38702	0.03726	0.00756	0.00826	0.01790	0.00792	0.00750
101	0.01694	0.01252	0.01566	0.01429	0.01817	0.01099	0.01102	0.02156	0.02604	0.03788	0.29686	0.11666	0.06817	0.01954	0.01131	0.00310	0.00620	0.06303	0.06559	0.16448
102	0.01342	0.01057	0.01181	0.01180	0.01455	0.00929	0.00856	0.01642	0.02462	0.03145	0.21645	0.13577	0.35387	0.07511	0.01595	0.00411	0.00572	0.02154	0.01002	0.00897
103	0.03256	0.04025	0.08453	0.02742	0.03242	0.30393	0.02310	0.08061	0.02665	0.03024	0.01665	0.02126	0.01408	0.01339	0.01767	0.00343	0.20542	0.00793	0.00556	0.01290
104	0.01510	0.01133	0.01699	0.01699	0.01888	0.01322	0.01322	0.01888	0.01699	0.02454	0.02832	0.04154	0.02643	0.07930	0.58652	0.01699	0.02832	0.01133	0.00566	0.00944
105	0.03950	0.05039	0.02996	0.02724	0.03269	0.58597	0.02043	0.04222	0.02996	0.02588	0.01634	0.01907	0.01362	0.01090	0.00953	0.00272	0.01907	0.00681	0.00545	0.01226
106	0.03950	0.05039	0.02996	0.02724	0.03269	0.58597	0.02043	0.04222	0.02996	0.02588	0.01634	0.01907	0.01362	0.01090	0.00953	0.00272	0.01907	0.00681	0.00545	0.01226
107	0.02571	0.02466	0.04209	0.10449	0.52643	0.02500	0.03222	0.03205	0.02386	0.03399	0.01981	0.02632	0.01655	0.00951	0.01047	0.00317	0.01267	0.00942	0.00519	0.01638

[dist]
# distance from previous block
# <min> <max>
0	5

[block]
# block no. 2 follows, 13 sequences, length 40
# corresponding to MSA columns:
# 212-251
name=unknown_C
#
# <colnr> <probs for GDERKNQSTAVLIFYWHMCP>
#	G	D	E	R	K	N	Q	S	T	A	V	L	I	F	Y	W	H	M	C	P
0	0.02761	0.08423	0.03781	0.25281	0.13824	0.18254	0.06833	0.03316	0.02445	0.02835	0.01815	0.02434	0.01453	0.01019	0.01009	0.00313	0.01529	0.00861	0.00504	0.01310
1	0.01510	0.01133	0.01699	0.01699	0.01888	0.01322	0.01322	0.01888	0.01699	0.02454	0.02832	0.04154	0.02643	0.07930	0.58652	0.01699	0.02832	0.01133	0.00566	0.00944
2	0.01813	0.02787	0.22093	0.02067	0.02673	0.01789	0.02098	0.02348	0.01827	0.02637	0.02555	0.04341	0.02513	0.25716	0.12549	0.00837	0.06603	0.01140	0.00542	0.01074
3	0.01292	0.01085	0.01130	0.01152	0.01499	0.00923	0.00887	0.01580	0.02412	0.02885	0.10237	0.10338	0.51207	0.02700	0.01269	0.00369	0.00576	0.06579	0.00981	0.00900
4	0.02567	0.42145	0.24598	0.02252	0.03399	0.03548	0.02580	0.03233	0.02179	0.02804	0.01627	0.01893	0.01350	0.00941	0.00798	0.00266	0.01290	0.00645	0.00450	0.01433
5	0.01409	0.01077	0.01292	0.01238	0.01526	0.00960	0.00929	0.01826	0.02786	0.03750	0.39754	0.08705	0.26217	0.02344	0.01248	0.00341	0.00512	0.02025	0.01099	0.00960
6	0.01687	0.01491	0.02118	0.12567	0.13008	0.01478	0.01681	0.02141	0.02459	0.03186	0.15351	0.07033	0.27842	0.01969	0.01176	0.00344	0.00821	0.01701	0.00836	0.01111
7	0.02314	0.21375	0.43154	0.02683	0.04065	0.02929	0.03331	0.03298	0.02209	0.03112	0.01780	0.02085	0.01344	0.00977	0.00915	0.00305	0.01444	0.00722	0.00448	0.01506
8	0.04560	0.01840	0.02448	0.01905	0.02703	0.01647	0.01564	0.05193	0.07485	0.52411	0.04183	0.03629	0.02670	0.01320	0.01064	0.00330	0.00894	0.01075	0.01288	0.01788
9	0.02617	0.02512	0.04292	0.06490	0.56246	0.02512	0.03245	0.03245	0.02407	0.03454	0.01989	0.02617	0.01675	0.00942	0.01047	0.00314	0.01256	0.00942	0.00523	0.01675
10	0.02192	0.01879	0.02192	0.01566	0.02506	0.01409	0.01253	0.02662	0.02192	0.03445	0.01879	0.02192	0.01566	0.00783	0.00783	0.00157	0.00783	0.00626	0.00626	0.69305
11	0.38773	0.02354	0.06200	0.01781	0.02573	0.02274	0.01576	0.10126	0.02577	0.19073	0.02376	0.02374	0.01644	0.01109	0.00844	0.00326	0.00941	0.00771	0.00869	0.01439
12	0.02665	0.32289	0.09053	0.02107	0.03059	0.07897	0.05257	0.03151	0.02265	0.02896	0.01679	0.01976	0.01430	0.00895	0.00798	0.00229	0.01185	0.00657	0.00513	0.19999
13	0.11333	0.01824	0.02363	0.01832	0.02633	0.01636	0.01513	0.04947	0.02903	0.51730	0.03900	0.03410	0.02469	0.01276	0.01022	0.00327	0.00891	0.01014	0.01243	0.01734
14	0.01274	0.01072	0.01105	0.01097	0.01443	0.00903	0.00823	0.01565	0.02469	0.02995	0.15231	0.09947	0.51211	0.02626	0.01249	0.00355	0.00532	0.02199	0.01000	0.00903
15	0.15579	0.02600	0.02666	0.02102	0.02854	0.02887	0.01729	0.38865	0.04131	0.06049	0.02441	0.02534	0.01774	0.01214	0.00954	0.00312	0.01035	0.00888	0.07785	0.01601
16	0.01454	0.01079	0.01355	0.01286	0.01554	0.00980	0.00964	0.01914	0.02893	0.04003	0.47994	0.08288	0.17818	0.02250	0.01247	0.00337	0.00505	0.01967	0.01133	0.00980
17	0.01377	0.01076	0.01247	0.01204	0.01506	0.00947	0.00903	0.01763	0.02710	0.03569	0.33867	0.09003	0.32217	0.02412	0.01248	0.00344	0.00517	0.02067	0.01076	0.00947
18	0.02304	0.20533	0.43906	0.02701	0.04092	0.02904	0.03362	0.03301	0.02210	0.03125	0.01786	0.02093	0.01344	0.00979	0.00920	0.00307	0.01450	0.00725	0.00448	0.01509
19	0.02630	0.02271	0.02391	0.02152	0.02749	0.02630	0.01674	0.05618	0.54336	0.04423	0.04303	0.03945	0.03228	0.01434	0.01076	0.00359	0.00837	0.01195	0.01076	0.01674
20	0.02827	0.63478	0.05540	0.01809	0.02714	0.04184	0.01809	0.03166	0.02148	0.02488	0.01470	0.01696	0.01357	0.00905	0.00678	0.00226	0.01131	0.00565	0.00452	0.01357
21	0.01971	0.00985	0.00985	0.00985	0.01232	0.00985	0.00739	0.02464	0.02217	0.03942	0.03449	0.03942	0.02710	0.01232	0.00739	0.00246	0.00493	0.00985	0.68712	0.00985
22	0.02619	0.04422	0.27854	0.03487	0.04668	0.13594	0.21375	0.03535	0.02480	0.03213	0.01934	0.02396	0.01441	0.00980	0.01084	0.00331	0.01711	0.00933	0.00498	0.01446
23	0.01496	0.01081	0.01413	0.01330	0.01580	0.00998	0.00998	0.01995	0.02993	0.04240	0.55689	0.07898	0.09976	0.02162	0.01247	0.00333	0.00499	0.01912	0.01164	0.00998
24	0.02764	0.58323	0.10146	0.01916	0.02879	0.04030	0.01996	0.03182	0.02156	0.02564	0.01508	0.01744	0.01355	0.00913	0.00707	0.00236	0.01169	0.00585	0.00452	0.01375
25	0.01538	0.01025	0.01153	0.01153	0.01153	0.01025	0.00641	0.01538	0.01538	0.02050	0.03331	0.06919	0.03844	0.62842	0.05382	0.01025	0.01025	0.01538	0.00641	0.00641
26	0.03779	0.03149	0.22647	0.02298	0.03389	0.01886	0.02419	0.04489	0.02734	0.37256	0.03335	0.03096	0.02147	0.01197	0.01042	0.00330	0.01143	0.00960	0.00992	0.01712
27	0.03387	0.01842	0.02315	0.01714	0.02596	0.01477	0.01394	0.03828	0.02583	0.28512	0.02952	0.02851	0.02058	0.01029	0.00914	0.00236	0.00838	0.00831	0.00946	0.37696
28	0.02192	0.01879	0.02192	0.01566	0.02506	0.01409	0.01253	0.02662	0.02192	0.03445	0.01879	0.02192	0.01566	0.00783	0.00783	0.00157	0.00783	0.00626	0.00626	0.69305
29	0.01777	0.01506	0.02354	0.03317	0.21654	0.01467	0.01814	0.02124	0.02165	0.02977	0.04416	0.40258	0.05037	0.02441	0.01238	0.00387	0.00850	0.02247	0.00813	0.01159
30	0.02827	0.63478	0.05540	0.01809	0.02714	0.04184	0.01809	0.03166	0.02148	0.02488	0.01470	0.01696	0.01357	0.00905	0.00678	0.00226	0.01131	0.00565	0.00452	0.01357
31	0.01510	0.01133	0.01699	0.01699	0.01888	0.01322	0.01322	0.01888	0.01699	0.02454	0.02832	0.04154	0.02643	0.07930	0.58652	0.01699	0.02832	0.01133	0.00566	0.00944
32	0.01908	0.01607	0.02472	0.03228	0.21683	0.01555	0.01824	0.02455	0.02778	0.03951	0.35940	0.05956	0.06923	0.01713	0.01173	0.00326	0.00777	0.01555	0.00928	0.01247
33	0.02246	0.15765	0.48166	0.02800	0.04246	0.02762	0.03534	0.03316	0.02217	0.03196	0.01822	0.02137	0.01342	0.00987	0.00947	0.00316	0.01486	0.00743	0.00447	0.01526
34	0.02192	0.01879	0.02192	0.01566	0.02506	0.01409	0.01253	0.02662	0.02192	0.03445	0.01879	0.02192	0.01566	0.00783	0.00783	0.00157	0.00783	0.00626	0.00626	0.69305
35	0.02558	0.09369	0.22392	0.02982	0.07670	0.02336	0.10410	0.03330	0.02298	0.10859	0.02393	0.02842	0.01824	0.02245	0.11253	0.00567	0.01660	0.00947	0.00612	0.01453
36	0.14056	0.01768	0.02568	0.30447	0.09196	0.02086	0.02185	0.02588	0.01967	0.03034	0.02096	0.03167	0.01793	0.07269	0.11030	0.00626	0.01499	0.00956	0.00538	0.01130
37	0.02137	0.02300	0.07019	0.02151	0.02789	0.07320	0.08122	0.02887	0.06166	0.03691	0.22582	0.05163	0.05112	0.01551	0.01118	0.00310	0.00998	0.04445	0.00848	0.13290
38	0.02461	0.13168	0.07111	0.02174	0.07076	0.02225	0.01737	0.07784	0.02428	0.03471	0.02009	0.02588	0.01742	0.06276	0.01230	0.00287	0.01001	0.00765	0.00618	0.33847
39	0.02650	0.02384	0.03040	0.07272	0.13242	0.07186	0.05312	0.03387	0.06799	0.07017	0.02255	0.02581	0.01770	0.00960	0.00944	0.00254	0.01102	0.00834	0.00666	0.30344

[dist]
# distance from previous block
# <min> <max>
8	57

[block]
# block no. 3 follows, 13 sequences, length 29
# corresponding to MSA columns:
# 309-337
name=unknown_D
#
# <colnr> <probs for GDERKNQSTAVLIFYWHMCP>
#	G	D	E	R	K	N	Q	S	T	A	V	L	I	F	Y	W	H	M	C	P
0	0.15398	0.14173	0.07401	0.02661	0.10913	0.02807	0.02030	0.11599	0.08440	0.07626	0.02271	0.02421	0.01739	0.01069	0.00892	0.00298	0.01061	0.00809	0.00734	0.05659
1	0.19521	0.08111	0.07216	0.02165	0.07646	0.02097	0.01723	0.03370	0.02307	0.14857	0.02901	0.02971	0.05759	0.01131	0.00879	0.00286	0.00942	0.00864	0.00762	0.14492
2	0.03966	0.08098	0.06416	0.02031	0.02898	0.02187	0.01789	0.11406	0.07479	0.33794	0.03421	0.03131	0.02293	0.01226	0.01008	0.00310	0.00990	0.00969	0.01078	0.05510
3	0.09027	0.06632	0.16575	0.02093	0.03035	0.02213	0.02071	0.07976	0.08265	0.06831	0.02616	0.07531	0.02182	0.01229	0.00944	0.00293	0.01042	0.00978	0.00731	0.17738
4	0.02851	0.02558	0.11384	0.07941	0.08466	0.02000	0.02160	0.03874	0.10867	0.15620	0.02804	0.02900	0.02033	0.01084	0.00980	0.00290	0.01046	0.00902	0.00800	0.19441
5	0.03270	0.03645	0.28658	0.02444	0.03627	0.02110	0.02691	0.07878	0.02747	0.23961	0.02809	0.02772	0.01875	0.01126	0.01017	0.00319	0.01229	0.00892	0.00833	0.06098
6	0.02837	0.02492	0.13152	0.02140	0.03054	0.01688	0.06087	0.03476	0.02612	0.19395	0.11979	0.03668	0.03305	0.01231	0.01029	0.00289	0.01002	0.01062	0.00880	0.18622
7	0.02885	0.04015	0.33402	0.02978	0.04253	0.02256	0.12193	0.03834	0.02491	0.17585	0.02545	0.02709	0.01727	0.01064	0.01065	0.00337	0.01427	0.00942	0.00691	0.01600
8	0.02754	0.07184	0.08004	0.01881	0.02825	0.07169	0.01674	0.03261	0.02385	0.10701	0.02144	0.02327	0.01654	0.00916	0.00852	0.00214	0.01009	0.00703	0.00682	0.41662
9	0.02836	0.08303	0.24559	0.02967	0.07888	0.07655	0.07642	0.03618	0.02544	0.12813	0.06847	0.02976	0.02356	0.01141	0.01033	0.00320	0.01352	0.00960	0.00685	0.01504
10	0.02459	0.06714	0.22785	0.03072	0.08789	0.02312	0.10616	0.03469	0.06512	0.07545	0.06854	0.03054	0.02416	0.01109	0.01039	0.00314	0.01272	0.00994	0.00661	0.08011
11	0.02748	0.02835	0.07812	0.02327	0.07092	0.11896	0.01831	0.03263	0.02428	0.07757	0.02037	0.02296	0.01604	0.00916	0.00879	0.00221	0.01107	0.00712	0.00643	0.39596
12	0.02938	0.02278	0.03436	0.09255	0.20254	0.02374	0.07026	0.04298	0.18789	0.13437	0.03116	0.03254	0.02302	0.01170	0.01079	0.00338	0.01124	0.01072	0.00836	0.01626
13	0.01538	0.01025	0.01153	0.01153	0.01153	0.01025	0.00641	0.01538	0.01538	0.02050	0.03331	0.06919	0.03844	0.62842	0.05382	0.01025	0.01025	0.01538	0.00641	0.00641
14	0.01421	0.01053	0.01342	0.01539	0.01654	0.01034	0.01050	0.01881	0.07188	0.02869	0.05677	0.56406	0.06621	0.03127	0.01323	0.00422	0.00635	0.02827	0.00991	0.00939
15	0.04744	0.01799	0.02454	0.01881	0.02699	0.01554	0.01554	0.05153	0.03026	0.56979	0.04171	0.03599	0.02617	0.01309	0.01063	0.00327	0.00900	0.01063	0.01309	0.01799
16	0.01538	0.01025	0.01153	0.01153	0.01153	0.01025	0.00641	0.01538	0.01538	0.02050	0.03331	0.06919	0.03844	0.62842	0.05382	0.01025	0.01025	0.01538	0.00641	0.00641
17	0.04112	0.01660	0.02251	0.01774	0.02481	0.01446	0.01446	0.04538	0.03020	0.46719	0.14194	0.04435	0.04049	0.01475	0.01099	0.00328	0.00822	0.01228	0.01280	0.01643
18	0.70310	0.02045	0.01554	0.01390	0.02045	0.02372	0.01145	0.03108	0.01799	0.04744	0.01472	0.01718	0.01145	0.00981	0.00654	0.00327	0.00818	0.00573	0.00654	0.01145
19	0.18999	0.02344	0.02673	0.02185	0.02914	0.02557	0.06567	0.11854	0.23948	0.04653	0.02904	0.02916	0.02187	0.01184	0.00961	0.00325	0.00971	0.00959	0.00876	0.08023
20	0.58619	0.02098	0.01774	0.01524	0.02209	0.02371	0.01256	0.07447	0.02180	0.09805	0.01815	0.01963	0.01338	0.01036	0.00726	0.00326	0.00854	0.00650	0.00749	0.01261
21	0.02267	0.02275	0.03265	0.44899	0.11112	0.07777	0.02828	0.02883	0.02183	0.02748	0.01825	0.02670	0.01428	0.01117	0.01251	0.00351	0.06500	0.00914	0.00481	0.01225
22	0.01997	0.01879	0.03171	0.60301	0.07282	0.02349	0.02936	0.02701	0.02114	0.02701	0.01879	0.02819	0.01409	0.01057	0.01057	0.00352	0.01409	0.00940	0.00470	0.01175
23	0.01288	0.00920	0.01227	0.01472	0.01534	0.00859	0.00981	0.01472	0.02024	0.02699	0.05828	0.62152	0.06993	0.03312	0.01350	0.00429	0.00613	0.03006	0.00981	0.00859
24	0.02827	0.63478	0.05540	0.01809	0.02714	0.04184	0.01809	0.03166	0.02148	0.02488	0.01470	0.01696	0.01357	0.00905	0.00678	0.00226	0.01131	0.00565	0.00452	0.01357
25	0.70310	0.02045	0.01554	0.01390	0.02045	0.02372	0.01145	0.03108	0.01799	0.04744	0.01472	0.01718	0.01145	0.00981	0.00654	0.00327	0.00818	0.00573	0.00654	0.01145
26	0.02499	0.02392	0.04079	0.16695	0.46960	0.02481	0.03186	0.03142	0.02352	0.03311	0.01968	0.02655	0.01624	0.00964	0.01049	0.00321	0.01285	0.00942	0.00513	0.01580
27	0.03935	0.02001	0.02493	0.01880	0.02736	0.01781	0.01542	0.11820	0.03099	0.34580	0.03293	0.03051	0.02204	0.01159	0.00986	0.00279	0.00909	0.00927	0.01083	0.20244
28	0.06926	0.01550	0.01905	0.01554	0.02188	0.01353	0.01246	0.03503	0.02721	0.28902	0.11926	0.05529	0.16525	0.01687	0.01083	0.00319	0.00743	0.01390	0.01108	0.07842

[dist]
# distance from previous block
# <min> <max>
0	2

[block]
# block no. 4 follows, 13 sequences, length 12
# corresponding to MSA columns:
# 340-347,349-352
name=unknown_E
#
# <colnr> <probs for GDERKNQSTAVLIFYWHMCP>
#	G	D	E	R	K	N	Q	S	T	A	V	L	I	F	Y	W	H	M	C	P
0	0.18389	0.07457	0.02686	0.01977	0.02674	0.07247	0.01627	0.22984	0.03450	0.08943	0.09780	0.03072	0.02799	0.01290	0.00956	0.00311	0.01031	0.00958	0.00910	0.01457
1	0.12157	0.12725	0.20391	0.02161	0.03242	0.02568	0.02277	0.09953	0.02527	0.03895	0.01855	0.02109	0.01434	0.00968	0.00857	0.00271	0.01144	0.00704	0.00606	0.18155
2	0.17775	0.02063	0.02112	0.01737	0.02414	0.02121	0.01388	0.16887	0.06330	0.04572	0.03639	0.08208	0.09372	0.01466	0.00960	0.00302	0.00855	0.01151	0.00861	0.15787
3	0.03114	0.02724	0.03432	0.14471	0.08481	0.11499	0.09263	0.10340	0.02865	0.10785	0.02284	0.02635	0.01689	0.01054	0.01028	0.00301	0.01340	0.00915	0.00712	0.11067
4	0.02192	0.01879	0.02192	0.01566	0.02506	0.01409	0.01253	0.02662	0.02192	0.03445	0.01879	0.02192	0.01566	0.00783	0.00783	0.00157	0.00783	0.00626	0.00626	0.69305
5	0.02001	0.01288	0.01734	0.01768	0.05893	0.01177	0.01222	0.02468	0.02879	0.11307	0.38783	0.07186	0.14101	0.02015	0.01207	0.00333	0.00617	0.01761	0.01112	0.01147
6	0.12316	0.02690	0.14159	0.02229	0.06125	0.01872	0.02007	0.03572	0.02382	0.17925	0.02446	0.02537	0.01747	0.01008	0.00903	0.00273	0.01015	0.00788	0.00768	0.23237
7	0.20728	0.01349	0.01410	0.01314	0.01691	0.01369	0.01014	0.02247	0.02585	0.04207	0.34844	0.06455	0.13282	0.01896	0.01081	0.00334	0.00593	0.01577	0.00998	0.01026
8	0.02431	0.03017	0.17463	0.02086	0.03183	0.01961	0.02088	0.09932	0.02596	0.03874	0.01977	0.02252	0.01537	0.00913	0.00883	0.00228	0.01051	0.00715	0.00638	0.41175
9	0.02200	0.01422	0.01795	0.05963	0.02353	0.01412	0.01327	0.09329	0.02638	0.10796	0.05497	0.34241	0.11798	0.02494	0.01234	0.00384	0.00779	0.02189	0.01000	0.01150
10	0.08271	0.02384	0.10158	0.11429	0.03582	0.01820	0.01956	0.03311	0.02323	0.14351	0.02317	0.02549	0.01688	0.00983	0.00906	0.00263	0.01022	0.00784	0.00717	0.29185
11	0.28798	0.01952	0.02043	0.06543	0.02743	0.02177	0.01523	0.03925	0.16511	0.11589	0.05883	0.03687	0.02748	0.01349	0.00945	0.00349	0.00876	0.04102	0.00894	0.01364

[dist]
# distance from previous block
# <min> <max>
8	38

[block]
# block no. 5 follows, 13 sequences, length 7
# corresponding to MSA columns:
# 391-397
name=unknown_F
#
# <colnr> <probs for GDERKNQSTAVLIFYWHMCP>
#	G	D	E	R	K	N	Q	S	T	A	V	L	I	F	Y	W	H	M	C	P
0	0.14431	0.01752	0.02170	0.10298	0.03054	0.01691	0.01541	0.03601	0.02494	0.25641	0.04093	0.03993	0.10089	0.01360	0.00989	0.00315	0.00893	0.01087	0.00944	0.09564
1	0.10092	0.11621	0.07388	0.08947	0.03347	0.02477	0.01914	0.12682	0.02835	0.11666	0.05539	0.02764	0.02165	0.01126	0.00925	0.00289	0.01049	0.00865	0.00782	0.11525
2	0.27639	0.02293	0.03086	0.19078	0.04353	0.02575	0.10357	0.11767	0.02564	0.04266	0.01888	0.02369	0.01413	0.01039	0.00940	0.00338	0.01210	0.00858	0.00652	0.01315
3	0.10426	0.02574	0.04112	0.05033	0.35039	0.02630	0.10118	0.10334	0.02719	0.04049	0.02032	0.02539	0.01622	0.00986	0.01034	0.00322	0.01271	0.00947	0.00616	0.01596
4	0.03850	0.01954	0.02829	0.11394	0.11331	0.01899	0.02022	0.04536	0.06776	0.36786	0.03512	0.03362	0.02343	0.01226	0.01061	0.00331	0.01024	0.01037	0.01048	0.01677
5	0.27655	0.02149	0.02165	0.01776	0.02475	0.02269	0.01434	0.17860	0.02929	0.09128	0.02558	0.08992	0.02179	0.01328	0.00905	0.00311	0.00900	0.01008	0.00861	0.11120
6	0.28339	0.02260	0.02667	0.03218	0.19204	0.02495	0.01964	0.03923	0.18145	0.04242	0.02504	0.02684	0.01951	0.01108	0.00907	0.00333	0.00961	0.00880	0.00743	0.01473

[dist]
# distance from previous block
# <min> <max>
0	3

[block]
# block no. 6 follows, 13 sequences, length 6
# corresponding to MSA columns:
# 401-406
name=unknown_G
#
# <colnr> <probs for GDERKNQSTAVLIFYWHMCP>
#	G	D	E	R	K	N	Q	S	T	A	V	L	I	F	Y	W	H	M	C	P
0	0.01899	0.01569	0.02359	0.03158	0.21285	0.01545	0.01697	0.02257	0.02229	0.03117	0.15092	0.10181	0.04729	0.21458	0.02521	0.00558	0.00954	0.01530	0.00747	0.01116
1	0.16725	0.01267	0.01429	0.01455	0.01743	0.01291	0.01110	0.02124	0.02401	0.03808	0.24271	0.21625	0.06751	0.02300	0.01169	0.00376	0.00657	0.07528	0.00979	0.00990
2	0.02165	0.01458	0.01757	0.01612	0.01963	0.01402	0.01224	0.07361	0.02335	0.06990	0.03705	0.06875	0.03810	0.26695	0.02885	0.00628	0.00980	0.14131	0.00819	0.11208
3	0.29864	0.01872	0.01864	0.01720	0.02231	0.02172	0.01364	0.03592	0.18779	0.04023	0.02755	0.03095	0.02223	0.03000	0.16418	0.00707	0.01367	0.00925	0.00767	0.01262
4	0.51904	0.02000	0.01990	0.17263	0.03456	0.02366	0.01628	0.02998	0.01884	0.04193	0.01582	0.02014	0.01216	0.01002	0.00763	0.00334	0.00977	0.00671	0.00605	0.01153
5	0.11697	0.19800	0.03405	0.02155	0.02863	0.26166	0.01778	0.03986	0.02631	0.13382	0.02064	0.02156	0.01579	0.01069	0.00865	0.00277	0.01372	0.00711	0.00681	0.01363

[dist]
# distance from previous block
# <min> <max>
0	1

[block]
# block no. 7 follows, 13 sequences, length 9
# corresponding to MSA columns:
# 408-416
name=unknown_H
#
# <colnr> <probs for GDERKNQSTAVLIFYWHMCP>
#	G	D	E	R	K	N	Q	S	T	A	V	L	I	F	Y	W	H	M	C	P
0	0.18116	0.01379	0.01684	0.12900	0.02776	0.01515	0.01401	0.02107	0.01987	0.03194	0.04006	0.35993	0.04492	0.02310	0.01125	0.00390	0.00818	0.02015	0.00803	0.00989
1	0.18882	0.02119	0.08280	0.02092	0.02749	0.01788	0.07871	0.03064	0.02340	0.13120	0.07472	0.14632	0.03677	0.01720	0.01083	0.00365	0.00984	0.05639	0.00861	0.01262
2	0.20078	0.18573	0.03073	0.01743	0.02545	0.02464	0.01524	0.04120	0.02492	0.29582	0.02787	0.02628	0.01920	0.01120	0.00860	0.00300	0.00943	0.00810	0.00918	0.01521
