[name]
unknown

[dist]
# distance from previous block
# <min> <max>
0	1792

[block]
# block no. 0 follows, 15 sequences, length 11
# corresponding to MSA columns:
# 1986-1996
name=unknown_A
#
# <colnr> <probs for GDERKNQSTAVLIFYWHMCP>
#	G	D	E	R	K	N	Q	S	T	A	V	L	I	F	Y	W	H	M	C	P
0	0.01984	0.07287	0.23718	0.08227	0.03325	0.01858	0.02338	0.02687	0.02258	0.06873	0.08647	0.05192	0.09604	0.01569	0.01058	0.00337	0.01084	0.10049	0.00688	0.01217
1	0.10715	0.03980	0.32376	0.02763	0.03891	0.08226	0.11784	0.03384	0.02245	0.08666	0.01962	0.02240	0.01402	0.00962	0.00948	0.00312	0.01399	0.00805	0.00546	0.01394
2	0.03781	0.02060	0.07589	0.01903	0.02691	0.01653	0.01691	0.04230	0.02587	0.43135	0.03273	0.03023	0.02149	0.01190	0.01147	0.00300	0.05864	0.00919	0.01020	0.09793
3	0.02520	0.09810	0.04859	0.03600	0.09748	0.02427	0.33427	0.03196	0.02397	0.08591	0.07241	0.03040	0.02304	0.00994	0.01077	0.00313	0.01367	0.01112	0.00618	0.01358
4	0.13080	0.01589	0.07284	0.01411	0.01841	0.01288	0.01232	0.02158	0.02532	0.03916	0.40368	0.06067	0.10009	0.01772	0.01061	0.00314	0.00624	0.01504	0.00940	0.01012
5	0.11637	0.01832	0.05418	0.07430	0.02842	0.01599	0.01601	0.03905	0.02525	0.37293	0.06446	0.07587	0.02808	0.01338	0.00982	0.00318	0.00880	0.01096	0.01011	0.01451
6	0.01312	0.00943	0.01244	0.01322	0.01467	0.00875	0.00933	0.01633	0.02362	0.03265	0.31645	0.36110	0.07988	0.02585	0.01224	0.00360	0.00525	0.02323	0.01011	0.00875
7	0.01999	0.05157	0.59800	0.02841	0.04315	0.02315	0.03683	0.03157	0.02105	0.03157	0.01789	0.02105	0.01263	0.00947	0.00947	0.00316	0.01473	0.00737	0.00421	0.01473
8	0.15089	0.02238	0.02467	0.11911	0.03322	0.05104	0.01761	0.16971	0.11145	0.16169	0.02658	0.02689	0.01878	0.01141	0.00931	0.00312	0.01013	0.00879	0.00871	0.01450
9	0.01443	0.01042	0.01303	0.01353	0.01434	0.01090	0.00934	0.01608	0.01743	0.02390	0.04271	0.23422	0.08043	0.26223	0.07564	0.00700	0.05333	0.04623	0.04706	0.00774
10	0.24135	0.05410	0.03284	0.02406	0.03184	0.02479	0.16183	0.12110	0.07835	0.10277	0.02261	0.02436	0.01650	0.01018	0.00915	0.00313	0.01099	0.00880	0.00745	0.01379

[dist]
# distance from previous block
# <min> <max>
1	7

[block]
# block no. 1 follows, 15 sequences, length 19
# corresponding to MSA columns:
# 2004-2022
name=unknown_B
#
# <colnr> <probs for GDERKNQSTAVLIFYWHMCP>
#	G	D	E	R	K	N	Q	S	T	A	V	L	I	F	Y	W	H	M	C	P
0	0.02776	0.06348	0.14931	0.06381	0.08697	0.02171	0.02196	0.07125	0.10956	0.14787	0.02595	0.02671	0.01878	0.01046	0.00931	0.00286	0.01049	0.00853	0.00748	0.11574
1	0.06592	0.12830	0.22719	0.02149	0.03127	0.02421	0.02260	0.03808	0.15325	0.10705	0.02527	0.02552	0.01854	0.01052	0.00890	0.00292	0.01073	0.00812	0.00693	0.06319
2	0.01255	0.00906	0.01131	0.01276	0.01405	0.00824	0.00874	0.01391	0.01948	0.02506	0.06381	0.43446	0.20205	0.02993	0.01503	0.07268	0.00586	0.02443	0.00877	0.00782
3	0.02443	0.45544	0.12460	0.02090	0.02981	0.03325	0.06561	0.02937	0.02091	0.02592	0.01875	0.02703	0.01732	0.01050	0.00800	0.00262	0.01161	0.05637	0.00480	0.01276
4	0.01501	0.01121	0.01648	0.11636	0.02411	0.01261	0.01302	0.01750	0.01658	0.02267	0.02940	0.12847	0.03042	0.16301	0.27105	0.06786	0.01674	0.01348	0.00580	0.00823
5	0.06907	0.12662	0.09751	0.02212	0.02946	0.13450	0.01988	0.14730	0.06344	0.10811	0.02168	0.02283	0.01625	0.01133	0.01102	0.00297	0.06681	0.00783	0.00716	0.01413
6	0.02064	0.01482	0.02358	0.11110	0.09452	0.01459	0.06307	0.02475	0.02233	0.11420	0.07959	0.25848	0.07772	0.01949	0.01137	0.00350	0.00885	0.01779	0.00826	0.01136
7	0.01215	0.00868	0.01157	0.01388	0.01446	0.00810	0.00925	0.01388	0.01909	0.02545	0.05495	0.64315	0.06593	0.03123	0.01272	0.00405	0.00578	0.02834	0.00925	0.00810
8	0.07570	0.12601	0.14376	0.02209	0.03128	0.08143	0.05276	0.10942	0.02640	0.12601	0.02123	0.02247	0.01553	0.00990	0.00879	0.00271	0.01166	0.00759	0.00684	0.09843
9	0.72007	0.01928	0.01465	0.01311	0.01928	0.02236	0.01080	0.02930	0.01697	0.04473	0.01388	0.01619	0.01080	0.00925	0.00617	0.00308	0.00771	0.00540	0.00617	0.01080
10	0.02296	0.02194	0.03737	0.22660	0.43544	0.02324	0.02974	0.02909	0.02189	0.03049	0.01845	0.02523	0.01506	0.00920	0.00990	0.00307	0.01227	0.00888	0.00479	0.01441
11	0.01732	0.00866	0.01299	0.01299	0.01299	0.00866	0.00866	0.01299	0.01299	0.01732	0.01732	0.03030	0.01732	0.03463	0.03896	0.70996	0.00866	0.00866	0.00433	0.00433
12	0.02125	0.02019	0.03428	0.39168	0.28373	0.02279	0.02889	0.02759	0.02108	0.02841	0.01815	0.02579	0.01433	0.00952	0.00993	0.00317	0.01269	0.00887	0.00464	0.01303
13	0.01249	0.00892	0.01196	0.01428	0.01501	0.00840	0.00986	0.01448	0.01943	0.02584	0.05475	0.59623	0.06518	0.03091	0.01282	0.00410	0.00608	0.07184	0.00925	0.00819
14	0.01829	0.01557	0.08058	0.01478	0.01922	0.01118	0.01279	0.02231	0.02365	0.11579	0.16982	0.20703	0.20633	0.02194	0.01148	0.00342	0.00679	0.01896	0.00950	0.01056
15	0.01426	0.01059	0.01558	0.01558	0.01721	0.01222	0.01191	0.01752	0.01589	0.02281	0.02711	0.04140	0.02590	0.12418	0.56206	0.01547	0.02524	0.01101	0.00540	0.00865
16	0.02480	0.02141	0.02254	0.02029	0.02592	0.02480	0.01578	0.05297	0.56946	0.04170	0.04057	0.03719	0.03043	0.01352	0.01014	0.00338	0.00789	0.01127	0.01014	0.01578
17	0.02668	0.02537	0.02341	0.02111	0.02666	0.11344	0.01631	0.05098	0.48742	0.03908	0.03676	0.03428	0.02776	0.01303	0.00997	0.00326	0.00942	0.01054	0.00938	0.01514
18	0.04473	0.01697	0.02313	0.01774	0.02545	0.01465	0.01465	0.04858	0.02853	0.59437	0.03933	0.03393	0.02468	0.01234	0.01003	0.00308	0.00848	0.01003	0.01234	0.01697

[dist]
# distance from previous block
# <min> <max>
0	7

[block]
# block no. 2 follows, 15 sequences, length 7
# corresponding to MSA columns:
# 2030-2036
name=unknown_C
#
# <colnr> <probs for GDERKNQSTAVLIFYWHMCP>
#	G	D	E	R	K	N	Q	S	T	A	V	L	I	F	Y	W	H	M	C	P
0	0.03036	0.02056	0.02720	0.13077	0.03537	0.02144	0.04957	0.19192	0.06287	0.16149	0.02933	0.08637	0.02314	0.01302	0.01014	0.00309	0.01022	0.01107	0.00878	0.07327
1	0.02665	0.65565	0.05224	0.01706	0.02559	0.03945	0.01706	0.02985	0.02026	0.02345	0.01386	0.01599	0.01279	0.00853	0.00640	0.00213	0.01066	0.00533	0.00426	0.01279
2	0.01411	0.01019	0.01333	0.01254	0.01489	0.00941	0.00941	0.01881	0.02822	0.03998	0.58221	0.07447	0.09406	0.02038	0.01176	0.00314	0.00470	0.01803	0.01097	0.00941
3	0.01404	0.01089	0.01419	0.06570	0.02008	0.01100	0.01131	0.01901	0.07270	0.02827	0.09569	0.44573	0.10063	0.02642	0.01210	0.00380	0.00648	0.02368	0.00907	0.00921
4	0.16718	0.02010	0.02131	0.01608	0.02421	0.01870	0.01304	0.13273	0.02520	0.04111	0.01819	0.02041	0.01440	0.00869	0.00766	0.00211	0.00817	0.00642	0.00678	0.42750
5	0.01242	0.00945	0.01144	0.01237	0.01422	0.00847	0.00873	0.01502	0.02212	0.02887	0.17643	0.34912	0.24115	0.02708	0.01222	0.00364	0.00533	0.02387	0.00960	0.00847
6	0.01261	0.00924	0.01185	0.01307	0.01445	0.00848	0.00909	0.01522	0.02191	0.02942	0.19800	0.42867	0.13587	0.02768	0.01236	0.00373	0.00541	0.02477	0.00970	0.00848

[dist]
# distance from previous block
# <min> <max>
6	19

[block]
# block no. 3 follows, 15 sequences, length 14
# corresponding to MSA columns:
# 2056-2069
name=unknown_D
#
# <colnr> <probs for GDERKNQSTAVLIFYWHMCP>
#	G	D	E	R	K	N	Q	S	T	A	V	L	I	F	Y	W	H	M	C	P
0	0.01907	0.01588	0.01888	0.01422	0.02149	0.01234	0.01123	0.02357	0.02251	0.03431	0.15546	0.03380	0.03412	0.01055	0.00845	0.00188	0.00673	0.00886	0.00714	0.53949
1	0.01398	0.01055	0.01314	0.01319	0.01560	0.00929	0.00931	0.01671	0.02131	0.02936	0.16582	0.33980	0.10756	0.06653	0.01420	0.00378	0.00599	0.02117	0.00891	0.11380
2	0.01994	0.09006	0.24001	0.11559	0.04131	0.02215	0.12738	0.02799	0.02274	0.03167	0.13203	0.03333	0.02969	0.01146	0.01016	0.00312	0.01251	0.01040	0.00578	0.01268
3	0.01411	0.01019	0.01333	0.01254	0.01489	0.00941	0.00941	0.01881	0.02822	0.03998	0.58221	0.07447	0.09406	0.02038	0.01176	0.00314	0.00470	0.01803	0.01097	0.00941
4	0.72007	0.01928	0.01465	0.01311	0.01928	0.02236	0.01080	0.02930	0.01697	0.04473	0.01388	0.01619	0.01080	0.00925	0.00617	0.00308	0.00771	0.00540	0.00617	0.01080
5	0.02809	0.34690	0.03992	0.10145	0.03271	0.19528	0.01869	0.03167	0.02249	0.02472	0.01513	0.01836	0.01303	0.00912	0.00769	0.00236	0.01281	0.00616	0.00466	0.06876
6	0.01215	0.01011	0.01061	0.01049	0.01369	0.00857	0.00787	0.01503	0.02360	0.02901	0.17780	0.09251	0.50532	0.02447	0.01178	0.00333	0.00499	0.02056	0.00953	0.00857
7	0.01479	0.00986	0.01286	0.01286	0.01345	0.01045	0.00851	0.01538	0.01480	0.02032	0.02795	0.05192	0.02995	0.37688	0.23380	0.10628	0.01515	0.01245	0.00558	0.00675
8	0.02353	0.02689	0.05882	0.04202	0.05210	0.02521	0.55126	0.03193	0.02353	0.03193	0.02017	0.02689	0.01513	0.00840	0.01176	0.00336	0.01681	0.01176	0.00504	0.01345
9	0.02692	0.03202	0.16742	0.15341	0.04429	0.06091	0.09660	0.18923	0.06129	0.03990	0.02115	0.02462	0.01545	0.01047	0.01005	0.00315	0.01337	0.00893	0.00650	0.01433
10	0.01450	0.00966	0.01087	0.01087	0.01087	0.00966	0.00604	0.01450	0.01450	0.01933	0.03141	0.06524	0.03624	0.64965	0.05074	0.00966	0.00966	0.01450	0.00604	0.00604
11	0.08582	0.13531	0.03206	0.02395	0.07671	0.02987	0.01836	0.27479	0.14272	0.04763	0.02427	0.02466	0.01835	0.01120	0.00907	0.00292	0.01012	0.00851	0.00827	0.01540
12	0.03192	0.17540	0.03079	0.01862	0.02565	0.02730	0.01591	0.24452	0.08006	0.10966	0.02603	0.02632	0.01932	0.01126	0.00868	0.00273	0.00939	0.00846	0.11329	0.01469
13	0.02341	0.10726	0.02517	0.06789	0.06530	0.01731	0.01488	0.02754	0.02328	0.12802	0.13413	0.11737	0.03824	0.01443	0.00964	0.00277	0.00811	0.01234	0.00801	0.15489

[dist]
# distance from previous block
# <min> <max>
0	4

[block]
# block no. 4 follows, 15 sequences, length 14
# corresponding to MSA columns:
# 2074-2087
name=unknown_E
#
# <colnr> <probs for GDERKNQSTAVLIFYWHMCP>
#	G	D	E	R	K	N	Q	S	T	A	V	L	I	F	Y	W	H	M	C	P
0	0.55328	0.02230	0.06201	0.01942	0.07671	0.02271	0.01503	0.03117	0.05444	0.04235	0.01643	0.01878	0.01272	0.00952	0.00704	0.00310	0.00866	0.00628	0.00616	0.01191
1	0.19905	0.05983	0.07804	0.13527	0.06081	0.02006	0.01791	0.02734	0.05382	0.03627	0.17576	0.03662	0.03627	0.01271	0.00922	0.00310	0.00904	0.01031	0.00704	0.01152
2	0.01332	0.01016	0.01223	0.01171	0.01441	0.00907	0.00879	0.01729	0.02636	0.03556	0.41918	0.08174	0.25985	0.02203	0.01177	0.00321	0.00482	0.01905	0.01039	0.00907
3	0.02160	0.08865	0.18984	0.09712	0.04179	0.02404	0.17467	0.03262	0.10026	0.03247	0.07617	0.03036	0.02387	0.01077	0.01021	0.00317	0.01283	0.01019	0.00598	0.01340
4	0.03724	0.04751	0.02825	0.02568	0.03082	0.60963	0.01926	0.03981	0.02825	0.02440	0.01541	0.01798	0.01284	0.01027	0.00899	0.00257	0.01798	0.00642	0.00514	0.01156
5	0.01501	0.02416	0.20988	0.01677	0.02379	0.01360	0.01783	0.02101	0.02320	0.03098	0.16421	0.06649	0.29713	0.01898	0.01099	0.00325	0.00826	0.01584	0.00787	0.01074
6	0.01200	0.01011	0.01040	0.01033	0.01360	0.00851	0.00774	0.01473	0.02323	0.02815	0.14584	0.09394	0.53782	0.02479	0.01178	0.00334	0.00502	0.02076	0.00942	0.00851
7	0.02256	0.03940	0.30774	0.23029	0.04967	0.12348	0.03072	0.03092	0.02191	0.02827	0.01741	0.02239	0.01289	0.00978	0.00956	0.00311	0.01480	0.00771	0.00444	0.01295
8	0.02409	0.01186	0.01523	0.01405	0.01684	0.01091	0.00987	0.02589	0.02056	0.21628	0.04076	0.21809	0.04072	0.25835	0.02616	0.00584	0.00817	0.01689	0.00909	0.01033
9	0.09353	0.06243	0.09486	0.05642	0.09552	0.02670	0.02134	0.26049	0.03174	0.04513	0.02258	0.06901	0.01880	0.01251	0.01075	0.00314	0.04348	0.00968	0.00743	0.01448
10	0.02117	0.01396	0.01686	0.01538	0.01946	0.01358	0.01167	0.03013	0.14535	0.12227	0.18797	0.18325	0.08762	0.01934	0.01102	0.00327	0.00646	0.01685	0.01013	0.06427
11	0.01969	0.01668	0.01963	0.01466	0.02257	0.01269	0.01152	0.02381	0.02049	0.03168	0.02199	0.09216	0.02064	0.01012	0.00800	0.00177	0.00720	0.00848	0.00629	0.62992
12	0.02089	0.01205	0.01534	0.01398	0.01707	0.01084	0.01009	0.02268	0.01992	0.12944	0.06625	0.15202	0.03886	0.19871	0.02476	0.07362	0.00804	0.04614	0.00804	0.11126
13	0.07064	0.01430	0.01614	0.01522	0.01892	0.01428	0.01134	0.07986	0.08565	0.03512	0.09730	0.29201	0.08864	0.02124	0.01086	0.00335	0.00675	0.01845	0.00898	0.09096

[dist]
# distance from previous block
# <min> <max>
0	10

[block]
# block no. 5 follows, 15 sequences, length 15
# corresponding to MSA columns:
# 2098-2112
name=unknown_F
#
# <colnr> <probs for GDERKNQSTAVLIFYWHMCP>
#	G	D	E	R	K	N	Q	S	T	A	V	L	I	F	Y	W	H	M	C	P
0	0.40706	0.02137	0.02237	0.06757	0.08756	0.02391	0.01620	0.14332	0.02489	0.07585	0.01826	0.02055	0.01361	0.01002	0.00789	0.00307	0.00933	0.00706	0.00706	0.01302
1	0.09009	0.01069	0.01290	0.01304	0.01523	0.01039	0.00951	0.01836	0.02405	0.03580	0.35008	0.25198	0.07593	0.02268	0.01146	0.00343	0.00538	0.01999	0.00990	0.00913
2	0.12855	0.01997	0.02077	0.01801	0.02383	0.02210	0.01427	0.11215	0.29326	0.08797	0.06714	0.03960	0.08216	0.01407	0.00977	0.00325	0.00790	0.01128	0.00967	0.01427
3	0.01315	0.00920	0.01163	0.01278	0.01346	0.00876	0.00832	0.01482	0.01913	0.02586	0.12908	0.38370	0.06143	0.21355	0.02389	0.00558	0.00677	0.02263	0.00856	0.00769
4	0.02082	0.02277	0.09048	0.17524	0.12128	0.02134	0.06297	0.03327	0.16793	0.03313	0.07062	0.03794	0.07374	0.01264	0.01037	0.00326	0.01075	0.01127	0.00693	0.01325
5	0.01411	0.01019	0.01333	0.01254	0.01489	0.00941	0.00941	0.01881	0.02822	0.03998	0.58221	0.07447	0.09406	0.02038	0.01176	0.00314	0.00470	0.01803	0.01097	0.00941
6	0.17793	0.12481	0.16779	0.09052	0.03857	0.08267	0.12438	0.03102	0.02108	0.03199	0.01659	0.02065	0.01282	0.00921	0.00874	0.00299	0.01314	0.00755	0.00492	0.01262
7	0.04473	0.01697	0.02313	0.01774	0.02545	0.01465	0.01465	0.04858	0.02853	0.59437	0.03933	0.03393	0.02468	0.01234	0.01003	0.00308	0.00848	0.01003	0.01234	0.01697
8	0.13470	0.11505	0.03124	0.20799	0.09971	0.02678	0.02101	0.12790	0.07822	0.03746	0.02003	0.02372	0.01544	0.01024	0.00885	0.00301	0.01091	0.00805	0.00632	0.01334
9	0.01453	0.01042	0.01535	0.01535	0.01683	0.01191	0.01162	0.01712	0.01563	0.02233	0.02626	0.04047	0.02516	0.11715	0.51555	0.07618	0.02376	0.01081	0.00531	0.00827
10	0.02494	0.21560	0.21469	0.07122	0.13537	0.02740	0.06693	0.03188	0.02183	0.07428	0.01876	0.02207	0.01444	0.00927	0.00890	0.00284	0.01259	0.00769	0.00509	0.01419
11	0.08822	0.10870	0.02360	0.06438	0.06841	0.01780	0.01414	0.02504	0.02364	0.07271	0.21569	0.04735	0.10291	0.01467	0.00964	0.00286	0.00764	0.01221	0.00800	0.07240
12	0.01717	0.01423	0.02174	0.35138	0.04412	0.01638	0.01907	0.02279	0.02228	0.03069	0.16317	0.04436	0.07293	0.01376	0.01012	0.00314	0.00947	0.01197	0.10097	0.01025
13	0.28790	0.08471	0.02527	0.01830	0.02530	0.02761	0.01524	0.22985	0.11514	0.04897	0.02183	0.02237	0.01638	0.01087	0.00824	0.00300	0.00925	0.00765	0.00803	0.01408
14	0.15486	0.12269	0.02670	0.10531	0.03020	0.02087	0.01550	0.03228	0.02168	0.16553	0.02151	0.02310	0.01585	0.00947	0.00801	0.00253	0.00911	0.00713	0.00699	0.20067

[dist]
# distance from previous block
# <min> <max>
0	6

[block]
# block no. 6 follows, 15 sequences, length 60
# corresponding to MSA columns:
# 2119-2178
name=unknown_G
#
# <colnr> <probs for GDERKNQSTAVLIFYWHMCP>
#	G	D	E	R	K	N	Q	S	T	A	V	L	I	F	Y	W	H	M	C	P
0	0.02110	0.02048	0.03539	0.37411	0.21308	0.02342	0.07182	0.02738	0.02071	0.02794	0.01790	0.02573	0.01415	0.01004	0.01165	0.00329	0.05550	0.00910	0.00462	0.01261
1	0.02690	0.02093	0.02849	0.33791	0.04965	0.02430	0.02281	0.17739	0.09337	0.08318	0.02388	0.02769	0.01725	0.01113	0.00999	0.00322	0.01162	0.00927	0.00728	0.01374
2	0.01192	0.00956	0.01066	0.01153	0.01384	0.00830	0.00821	0.01415	0.02134	0.02637	0.08355	0.30325	0.38737	0.02751	0.01214	0.00362	0.00533	0.02381	0.00926	0.00830
3	0.12210	0.02338	0.07090	0.10342	0.03367	0.02217	0.01901	0.19204	0.03075	0.24370	0.02686	0.02668	0.01810	0.01128	0.00947	0.00310	0.01029	0.00876	0.00912	0.01519
4	0.01215	0.00868	0.01157	0.01388	0.01446	0.00810	0.00925	0.01388	0.01909	0.02545	0.05495	0.64315	0.06593	0.03123	0.01272	0.00405	0.00578	0.02834	0.00925	0.00810
5	0.01874	0.01543	0.01892	0.09292	0.02618	0.01688	0.01455	0.03233	0.22867	0.03728	0.23993	0.05879	0.08221	0.01736	0.01110	0.00338	0.00737	0.05644	0.00960	0.01193
6	0.01450	0.00966	0.01087	0.01087	0.01087	0.00966	0.00604	0.01450	0.01450	0.01933	0.03141	0.06524	0.03624	0.64965	0.05074	0.00966	0.00966	0.01450	0.00604	0.00604
7	0.02129	0.07176	0.15509	0.11976	0.04273	0.05854	0.19572	0.02851	0.02287	0.03046	0.09134	0.06660	0.02695	0.01184	0.01053	0.00319	0.01332	0.01141	0.00572	0.01237
8	0.02504	0.10408	0.39502	0.02692	0.03923	0.05760	0.07351	0.03405	0.02253	0.10119	0.02024	0.02248	0.01438	0.00970	0.00940	0.00303	0.01391	0.00781	0.00536	0.01453
9	0.04473	0.01697	0.02313	0.01774	0.02545	0.01465	0.01465	0.04858	0.02853	0.59437	0.03933	0.03393	0.02468	0.01234	0.01003	0.00308	0.00848	0.01003	0.01234	0.01697
10	0.27289	0.01939	0.02750	0.22528	0.10514	0.02173	0.07833	0.02763	0.02024	0.03512	0.06178	0.02646	0.01933	0.01024	0.00893	0.00318	0.01081	0.00867	0.00571	0.01165
11	0.01386	0.00987	0.01268	0.01250	0.01422	0.00924	0.00887	0.01739	0.02472	0.03458	0.41660	0.16146	0.08091	0.11763	0.01783	0.00427	0.00562	0.01910	0.00996	0.00869
12	0.25879	0.02162	0.02524	0.11981	0.03356	0.02364	0.05355	0.15981	0.05716	0.04342	0.01944	0.02233	0.01465	0.00999	0.00851	0.00293	0.01004	0.00770	0.00694	0.10086
13	0.02443	0.17186	0.26224	0.06096	0.03735	0.07710	0.05391	0.06639	0.02258	0.03008	0.01674	0.02063	0.01320	0.01049	0.01188	0.00305	0.09146	0.00745	0.00477	0.01344
14	0.01289	0.00952	0.01206	0.01274	0.01448	0.00868	0.00905	0.01597	0.02340	0.03163	0.27803	0.32401	0.15911	0.02585	0.01218	0.00357	0.00523	0.02297	0.00996	0.00868
15	0.02323	0.02859	0.15021	0.32453	0.08519	0.05579	0.05519	0.09959	0.02460	0.03247	0.01865	0.02451	0.01386	0.01001	0.00990	0.00318	0.01363	0.00858	0.00523	0.01305
16	0.01491	0.01117	0.01250	0.01191	0.01565	0.00933	0.00887	0.01760	0.02207	0.06073	0.07751	0.19422	0.37365	0.02346	0.01132	0.00325	0.00569	0.01997	0.00902	0.09718
17	0.03680	0.02738	0.02930	0.02272	0.03050	0.03040	0.01868	0.51238	0.09050	0.06106	0.02532	0.02504	0.01808	0.01210	0.00999	0.00302	0.01071	0.00917	0.00999	0.01686
18	0.02501	0.18990	0.20417	0.01986	0.03028	0.02310	0.02109	0.03122	0.02167	0.10059	0.01951	0.02126	0.01486	0.00893	0.00810	0.00236	0.01058	0.00672	0.00578	0.23500
19	0.15798	0.02202	0.11428	0.01812	0.02459	0.01759	0.01651	0.09524	0.02456	0.15835	0.03372	0.21089	0.03152	0.01693	0.01001	0.00338	0.00887	0.01410	0.00859	0.01275
20	0.02365	0.01243	0.01623	0.01554	0.01890	0.01160	0.01150	0.02835	0.06659	0.20875	0.08152	0.36559	0.05171	0.02313	0.01160	0.00363	0.00674	0.02051	0.01041	0.01161
21	0.02038	0.04356	0.44466	0.10561	0.04772	0.02334	0.11380	0.03086	0.02128	0.03086	0.01821	0.02263	0.01309	0.00937	0.00988	0.00321	0.01487	0.00822	0.00436	0.01408
22	0.03511	0.02220	0.02277	0.01936	0.02548	0.10739	0.01523	0.04562	0.18397	0.30066	0.03736	0.08331	0.02799	0.01394	0.01013	0.00317	0.00953	0.01137	0.01035	0.01506
23	0.01446	0.00931	0.01220	0.01374	0.01469	0.00870	0.00918	0.01611	0.01909	0.05996	0.05102	0.53268	0.05964	0.10785	0.01734	0.00470	0.00644	0.02546	0.00904	0.00839
24	0.01208	0.00894	0.01130	0.01319	0.01428	0.00816	0.00895	0.01396	0.01975	0.02572	0.06336	0.54312	0.16053	0.03014	0.01255	0.00392	0.00565	0.02701	0.00925	0.00816
25	0.04473	0.01697	0.02313	0.01774	0.02545	0.01465	0.01465	0.04858	0.02853	0.59437	0.03933	0.03393	0.02468	0.01234	0.01003	0.00308	0.00848	0.01003	0.01234	0.01697
26	0.02329	0.01927	0.02208	0.01601	0.02473	0.01597	0.01290	0.10546	0.02465	0.03709	0.01866	0.02117	0.01510	0.00808	0.00778	0.00171	0.00793	0.00637	0.00652	0.60526
27	0.04107	0.01708	0.02276	0.01729	0.02517	0.01445	0.01422	0.04502	0.02734	0.50904	0.03605	0.03192	0.02317	0.01159	0.00962	0.00284	0.00832	0.00940	0.01136	0.12230
28	0.01229	0.00935	0.01138	0.01291	0.01455	0.00844	0.00915	0.01449	0.02058	0.02625	0.07040	0.42140	0.24068	0.02895	0.01248	0.00385	0.00577	0.05956	0.00925	0.00828
29	0.01624	0.00972	0.01302	0.01437	0.01584	0.00892	0.00993	0.01825	0.02027	0.09701	0.05298	0.56652	0.06074	0.02886	0.01238	0.00393	0.00612	0.02604	0.00964	0.00921
30	0.02067	0.01772	0.02067	0.01477	0.02362	0.01329	0.01181	0.02510	0.02067	0.03248	0.01772	0.02067	0.01477	0.00738	0.00738	0.00148	0.00738	0.00591	0.00591	0.71059
31	0.01883	0.01772	0.02990	0.62569	0.06866	0.02215	0.02769	0.02547	0.01993	0.02547	0.01772	0.02658	0.01329	0.00997	0.00997	0.00332	0.01329	0.00886	0.00443	0.01107
32	0.57345	0.02114	0.01793	0.01522	0.02178	0.02420	0.01255	0.14213	0.02339	0.04862	0.01604	0.01786	0.01212	0.00984	0.00699	0.00306	0.00841	0.00617	0.00699	0.01212
33	0.02694	0.02119	0.06768	0.01878	0.02399	0.02004	0.01569	0.25801	0.02923	0.03966	0.02035	0.02621	0.01665	0.02105	0.02197	0.29985	0.01011	0.00856	0.00693	0.04711
34	0.01387	0.00875	0.01196	0.01337	0.01391	0.00830	0.00896	0.01360	0.01724	0.02280	0.04490	0.40585	0.07895	0.03204	0.02150	0.24156	0.00671	0.02130	0.00760	0.00685
35	0.03190	0.03855	0.03595	0.02950	0.03606	0.37518	0.16528	0.03930	0.09503	0.02865	0.01988	0.02285	0.01568	0.01017	0.00990	0.00289	0.01639	0.00850	0.00574	0.01261
36	0.02212	0.02303	0.03871	0.06795	0.03634	0.02847	0.17601	0.02639	0.01796	0.02639	0.01543	0.02358	0.01369	0.01436	0.02522	0.00401	0.41450	0.00962	0.00456	0.01165
37	0.02081	0.02145	0.04256	0.23268	0.05274	0.02206	0.29392	0.02803	0.02224	0.02946	0.02441	0.04006	0.02107	0.01189	0.01148	0.00354	0.01445	0.08969	0.00548	0.01199
38	0.01712	0.01037	0.01345	0.01365	0.01598	0.00937	0.00985	0.01998	0.02311	0.10818	0.19070	0.35302	0.12645	0.02520	0.01200	0.00361	0.00580	0.02237	0.01011	0.00969
39	0.01215	0.00868	0.01157	0.01388	0.01446	0.00810	0.00925	0.01388	0.01909	0.02545	0.05495	0.64315	0.06593	0.03123	0.01272	0.00405	0.00578	0.02834	0.00925	0.00810
40	0.01256	0.00897	0.01204	0.01436	0.01512	0.00846	0.00998	0.01460	0.01950	0.02591	0.05472	0.58683	0.06503	0.03084	0.01284	0.00411	0.00614	0.08055	0.00925	0.00821
41	0.08535	0.01577	0.02027	0.01614	0.02232	0.01425	0.01279	0.04093	0.02513	0.44982	0.03611	0.03854	0.02588	0.13062	0.01733	0.00431	0.00865	0.01054	0.01075	0.01451
42	0.01606	0.01043	0.01229	0.01247	0.01534	0.00908	0.00909	0.01846	0.02210	0.09775	0.07607	0.29209	0.32027	0.02585	0.01191	0.00359	0.00575	0.02237	0.00964	0.00937
43	0.02336	0.02353	0.03866	0.23899	0.32058	0.05710	0.09450	0.02964	0.02223	0.02973	0.01840	0.02518	0.01473	0.00925	0.01009	0.00311	0.01329	0.00910	0.00480	0.01373
44	0.02151	0.09293	0.40474	0.03128	0.04423	0.02502	0.17808	0.03153	0.02167	0.03102	0.01820	0.02227	0.01333	0.00910	0.00986	0.00313	0.01498	0.00843	0.00444	0.01422
45	0.02008	0.01088	0.01366	0.01326	0.01505	0.01022	0.00885	0.02144	0.01888	0.14159	0.04047	0.24058	0.04317	0.32164	0.03025	0.00652	0.00820	0.01792	0.00837	0.00897
46	0.02481	0.03819	0.28420	0.02906	0.03908	0.06023	0.11870	0.11164	0.05345	0.03553	0.01962	0.02324	0.01471	0.01093	0.01287	0.00330	0.09192	0.00869	0.00561	0.01423
47	0.07093	0.01008	0.01205	0.01303	0.01483	0.00962	0.00921	0.01635	0.02149	0.03061	0.18005	0.39029	0.13303	0.02614	0.01184	0.00367	0.00560	0.02313	0.00940	0.00866
48	0.02196	0.01985	0.03179	0.33910	0.23128	0.02233	0.02611	0.06983	0.02261	0.03037	0.01971	0.02896	0.01633	0.06317	0.01334	0.00371	0.01232	0.00935	0.00519	0.01269
49	0.01436	0.00985	0.01176	0.01148	0.01232	0.00957	0.00726	0.01606	0.01945	0.02679	0.23032	0.06857	0.05712	0.42241	0.03666	0.00731	0.00787	0.01577	0.00782	0.00726
50	0.02126	0.01962	0.02856	0.02040	0.02951	0.01575	0.12338	0.02651	0.02126	0.03237	0.01823	0.02196	0.01484	0.00759	0.00829	0.00187	0.00933	0.00712	0.00573	0.56641
51	0.01293	0.00901	0.01134	0.01288	0.01326	0.00862	0.00818	0.01409	0.01755	0.02340	0.04708	0.45003	0.05601	0.23789	0.02543	0.00593	0.00708	0.02371	0.00818	0.00741
52	0.01931	0.01795	0.02443	0.36593	0.04744	0.05911	0.02083	0.02654	0.06699	0.02908	0.13073	0.03930	0.03227	0.06337	0.01352	0.00375	0.01120	0.01113	0.00636	0.01077
53	0.19915	0.02228	0.02296	0.01854	0.02569	0.02400	0.01506	0.21439	0.14287	0.09462	0.02544	0.02522	0.01862	0.01109	0.00876	0.00291	0.00888	0.00828	0.00877	0.10247
54	0.03354	0.01730	0.02496	0.20897	0.03884	0.01684	0.01840	0.03835	0.02483	0.34440	0.02980	0.02995	0.01984	0.01097	0.00967	0.00296	0.00986	0.00914	0.00904	0.10236
55	0.02380	0.01397	0.02017	0.05857	0.02471	0.01267	0.04430	0.02738	0.02283	0.19062	0.07112	0.27944	0.04267	0.01940	0.01098	0.00331	0.00786	0.01737	0.00924	0.09960
56	0.02417	0.02100	0.03317	0.02493	0.03283	0.01974	0.19286	0.06525	0.11352	0.07983	0.03484	0.03617	0.08989	0.01165	0.01022	0.00288	0.01063	0.01116	0.00749	0.17776
57	0.12920	0.01550	0.01831	0.06458	0.02385	0.01622	0.01336	0.11315	0.02537	0.11531	0.06937	0.27570	0.04099	0.01967	0.01061	0.00348	0.00786	0.01687	0.00906	0.01155
58	0.02793	0.09551	0.02315	0.01705	0.02243	0.01752	0.01417	0.03533	0.10756	0.22606	0.08045	0.10256	0.06826	0.01746	0.01066	0.00337	0.00811	0.09927	0.00993	0.01321
59	0.18677	0.01870	0.02051	0.01750	0.02330	0.01970	0.01426	0.14220	0.07232	0.18354	0.03186	0.04240	0.02625	0.06712	0.01311	0.00386	0.00898	0.08493	0.00929	0.01341

[dist]
# distance from previous block
# <min> <max>
4	39

[block]
# block no. 7 follows, 15 sequences, length 20
# corresponding to MSA columns:
# 2218-2237
name=unknown_H
#
# <colnr> <probs for GDERKNQSTAVLIFYWHMCP>
#	G	D	E	R	K	N	Q	S	T	A	V	L	I	F	Y	W	H	M	C	P
0	0.25644	0.01603	0.01986	0.01647	0.02179	0.01618	0.06244	0.02889	0.02407	0.13993	0.24162	0.04321	0.04630	0.01408	0.00958	0.00313	0.00754	0.01178	0.00905	0.01161
1	0.41386	0.01834	0.01758	0.01494	0.02116	0.01963	0.01216	0.07962	0.02290	0.17439	0.02870	0.06032	0.05479	0.01246	0.00815	0.00315	0.00791	0.00908	0.00834	0.01251
2	0.19416	0.12588	0.08219	0.07812	0.03096	0.09475	0.01844	0.07313	0.06433	0.11825	0.02129	0.02259	0.01573	0.01032	0.00837	0.00292	0.01097	0.00741	0.00687	0.01333
3	0.01424	0.01068	0.01602	0.01602	0.01780	0.01246	0.01246	0.01780	0.01602	0.02314	0.02670	0.03916	0.02492	0.07477	0.61015	0.01602	0.02670	0.01068	0.00534	0.00890
4	0.01555	0.01631	0.07498	0.01949	0.02220	0.01439	0.05054	0.01909	0.01947	0.02678	0.04265	0.38752	0.04862	0.02514	0.01540	0.00403	0.09949	0.08097	0.00776	0.00964
5	0.01234	0.00889	0.01137	0.01327	0.01403	0.00828	0.00880	0.01398	0.01895	0.02498	0.05658	0.54046	0.10708	0.09079	0.01634	0.00454	0.00610	0.02637	0.00894	0.00792
6	0.03037	0.02418	0.02568	0.02141	0.02805	0.02740	0.01713	0.26625	0.34710	0.05069	0.03349	0.03155	0.02470	0.01286	0.01007	0.00322	0.00920	0.01029	0.01007	0.01628
7	0.01428	0.01054	0.01531	0.01531	0.01684	0.01207	0.01157	0.01734	0.01581	0.02261	0.02736	0.04279	0.02650	0.15467	0.53239	0.01514	0.02433	0.01121	0.00544	0.00850
8	0.01356	0.00902	0.01145	0.01288	0.01404	0.00851	0.00889	0.01626	0.02084	0.02974	0.13417	0.44979	0.06345	0.02616	0.01159	0.00361	0.00542	0.02345	0.12867	0.00851
9	0.02665	0.65565	0.05224	0.01706	0.02559	0.03945	0.01706	0.02985	0.02026	0.02345	0.01386	0.01599	0.01279	0.00853	0.00640	0.00213	0.01066	0.00533	0.00426	0.01279
10	0.02318	0.16227	0.43361	0.02584	0.03852	0.05744	0.03119	0.06206	0.02278	0.03150	0.01736	0.02011	0.01292	0.00948	0.00890	0.00293	0.01393	0.00703	0.00460	0.01433
11	0.02636	0.55534	0.04754	0.01757	0.02564	0.03713	0.01686	0.03351	0.10712	0.02634	0.01808	0.01934	0.01558	0.00932	0.00699	0.00233	0.01022	0.00627	0.00519	0.01327
12	0.01770	0.01355	0.01699	0.01749	0.02060	0.01418	0.01448	0.02794	0.15452	0.03497	0.17042	0.08585	0.05930	0.02257	0.01245	0.00397	0.00785	0.28454	0.00982	0.01081
13	0.01215	0.00868	0.01157	0.01388	0.01446	0.00810	0.00925	0.01388	0.01909	0.02545	0.05495	0.64315	0.06593	0.03123	0.01272	0.00405	0.00578	0.02834	0.00925	0.00810
14	0.01215	0.01011	0.01061	0.01048	0.01369	0.00857	0.00786	0.01502	0.02359	0.02899	0.17680	0.09256	0.50633	0.02448	0.01178	0.00333	0.00499	0.02057	0.00953	0.00857
15	0.72007	0.01928	0.01465	0.01311	0.01928	0.02236	0.01080	0.02930	0.01697	0.04473	0.01388	0.01619	0.01080	0.00925	0.00617	0.00308	0.00771	0.00540	0.00617	0.01080
16	0.02112	0.01922	0.03093	0.51625	0.11564	0.02309	0.02718	0.07387	0.02264	0.02954	0.01838	0.02615	0.01386	0.01004	0.00996	0.00326	0.01294	0.00887	0.00498	0.01207
17	0.04091	0.01829	0.02631	0.02018	0.02791	0.01658	0.06338	0.04749	0.07963	0.49075	0.03771	0.03360	0.02436	0.01210	0.01019	0.00314	0.00918	0.01030	0.01147	0.01653
18	0.02550	0.02328	0.03208	0.02823	0.08444	0.07125	0.14988	0.06874	0.16425	0.07657	0.04092	0.04122	0.12133	0.01344	0.01070	0.00322	0.01108	0.01226	0.00794	0.01368
19	0.47136	0.01873	0.01772	0.01497	0.02157	0.02021	0.01228	0.03666	0.05708	0.20941	0.02329	0.02291	0.01626	0.01046	0.00759	0.00310	0.00795	0.00718	0.00828	0.01298

[dist]
# distance from previous block
# <min> <max>
0	1

[block]
# block no. 8 follows, 15 sequences, length 9
# corresponding to MSA columns:
# 2239-2247
name=unknown_I
#
# <colnr> <probs for GDERKNQSTAVLIFYWHMCP>
#	G	D	E	R	K	N	Q	S	T	A	V	L	I	F	Y	W	H	M	C	P
0	0.55883	0.02054	0.02157	0.01782	0.02449	0.02299	0.08710	0.03183	0.06834	0.04266	0.01720	0.01961	0.01320	0.00952	0.00732	0.00315	0.00900	0.00683	0.00637	0.01162
1	0.72007	0.01928	0.01465	0.01311	0.01928	0.02236	0.01080	0.02930	0.01697	0.04473	0.01388	0.01619	0.01080	0.00925	0.00617	0.00308	0.00771	0.00540	0.00617	0.01080
2	0.02165	0.01731	0.01885	0.01659	0.02134	0.01847	0.01296	0.12709	0.21921	0.04185	0.18553	0.05701	0.16585	0.01753	0.01088	0.00325	0.00703	0.01469	0.01012	0.01278
3	0.01446	0.00982	0.01166	0.01166	0.01194	0.01009	0.00703	0.01501	0.01473	0.01992	0.03069	0.06123	0.03450	0.56123	0.13678	0.01064	0.01229	0.01391	0.00593	0.00648
4	0.01270	0.01023	0.01138	0.01135	0.01438	0.00890	0.00869	0.01594	0.02414	0.03047	0.21948	0.09176	0.41868	0.02419	0.01193	0.00340	0.00528	0.05869	0.00969	0.00873
5	0.01450	0.00966	0.01087	0.01087	0.01087	0.00966	0.00604	0.01450	0.01450	0.01933	0.03141	0.06524	0.03624	0.64965	0.05074	0.00966	0.00966	0.01450	0.00604	0.00604
6	0.02079	0.01988	0.06029	0.01978	0.02533	0.01900	0.06364	0.06466	0.24182	0.03987	0.21824	0.05033	0.08219	0.01568	0.01087	0.00326	0.00811	0.01376	0.00950	0.01301
7	0.01965	0.01856	0.03138	0.54647	0.14147	0.02236	0.02809	0.02619	0.02032	0.02647	0.01786	0.02631	0.01364	0.00981	0.00995	0.00327	0.01309	0.00886	0.00450	0.01174
8	0.02858	0.21499	0.27595	0.02244	0.03338	0.02649	0.02506	0.07147	0.02428	0.15499	0.02187	0.02263	0.01562	0.01001	0.00875	0.00284	0.01193	0.00748	0.00641	0.01482

[dist]
# distance from previous block
# <min> <max>
0	459

# created by:
# /st0/software/busco_prod/Augustus/scripts/msa2prfl.pl ./align_prep/5900.fa
