[name]
unknown

[dist]
# distance from previous block
# <min> <max>
0	75

[block]
# block no. 0 follows, 16 sequences, length 29
# corresponding to MSA columns:
# 92-120
name=unknown_A
#
# <colnr> <probs for GDERKNQSTAVLIFYWHMCP>
#	G	D	E	R	K	N	Q	S	T	A	V	L	I	F	Y	W	H	M	C	P
0	0.01562	0.01116	0.01562	0.01785	0.02008	0.01116	0.01562	0.02008	0.02231	0.02900	0.05132	0.10933	0.05578	0.02677	0.01339	0.00446	0.00892	0.53369	0.00892	0.00892
1	0.02268	0.01948	0.07422	0.11485	0.07878	0.01828	0.08051	0.02755	0.02074	0.13265	0.03061	0.11019	0.05319	0.02049	0.07541	0.00462	0.08481	0.01220	0.00673	0.01200
2	0.02465	0.02357	0.03042	0.35828	0.16808	0.12847	0.02506	0.03004	0.02204	0.07107	0.01866	0.02451	0.01421	0.00970	0.00950	0.00301	0.01308	0.00828	0.00513	0.01225
3	0.02591	0.66522	0.05079	0.01658	0.02488	0.03835	0.01658	0.02902	0.01969	0.02280	0.01347	0.01555	0.01244	0.00829	0.00622	0.00207	0.01036	0.00518	0.00415	0.01244
4	0.01990	0.04086	0.42373	0.13557	0.04393	0.05596	0.03160	0.02924	0.02082	0.02909	0.01997	0.02844	0.01592	0.01076	0.00961	0.00318	0.01382	0.04996	0.00457	0.01307
5	0.01729	0.00919	0.00974	0.00960	0.01186	0.00905	0.00720	0.02182	0.02160	0.03662	0.13223	0.04262	0.03676	0.01282	0.00761	0.00240	0.00453	0.01055	0.58747	0.00905
6	0.01173	0.00945	0.01046	0.01100	0.01346	0.00818	0.00795	0.01415	0.02157	0.02682	0.12622	0.24232	0.41130	0.02573	0.01170	0.00343	0.00507	0.02213	0.00913	0.00818
7	0.01242	0.00913	0.01164	0.01254	0.01407	0.00835	0.00883	0.01521	0.02210	0.02981	0.24608	0.37631	0.14589	0.02593	0.01192	0.00354	0.00516	0.02312	0.00957	0.00835
8	0.01372	0.00991	0.01296	0.01219	0.01448	0.00914	0.00914	0.01829	0.02743	0.03887	0.59381	0.07240	0.09145	0.01981	0.01143	0.00305	0.00457	0.01753	0.01067	0.00914
9	0.02787	0.55103	0.04690	0.01761	0.02580	0.03687	0.01691	0.12523	0.02432	0.02965	0.01523	0.01693	0.01316	0.00889	0.00684	0.00222	0.01042	0.00582	0.00514	0.01316
10	0.06512	0.12555	0.37553	0.02449	0.03620	0.02349	0.06092	0.03288	0.02138	0.11781	0.01994	0.02177	0.01413	0.00943	0.00883	0.00293	0.01259	0.00744	0.00546	0.01410
11	0.02823	0.02205	0.03257	0.19112	0.10369	0.05077	0.10734	0.13543	0.02713	0.13577	0.02421	0.05613	0.01854	0.01112	0.01005	0.00309	0.01192	0.01008	0.00711	0.01364
12	0.02591	0.66522	0.05079	0.01658	0.02488	0.03835	0.01658	0.02902	0.01969	0.02280	0.01347	0.01555	0.01244	0.00829	0.00622	0.00207	0.01036	0.00518	0.00415	0.01244
13	0.02740	0.08851	0.07444	0.17678	0.03702	0.11218	0.02001	0.09489	0.05995	0.10832	0.05539	0.02760	0.02077	0.01096	0.00915	0.00287	0.01138	0.00864	0.04092	0.01281
14	0.01202	0.00966	0.01073	0.01085	0.01354	0.00836	0.00799	0.01487	0.02287	0.02893	0.20705	0.16133	0.40934	0.02421	0.01157	0.00331	0.00492	0.02070	0.00939	0.00836
15	0.01543	0.01257	0.01728	0.01607	0.01915	0.01233	0.05495	0.02271	0.10502	0.03299	0.24207	0.20002	0.12693	0.02141	0.01157	0.00344	0.00660	0.06014	0.00937	0.00995
16	0.61583	0.01850	0.01659	0.11115	0.02632	0.02171	0.01309	0.02790	0.01695	0.04053	0.01408	0.01734	0.01088	0.00911	0.00658	0.00304	0.00835	0.00578	0.00573	0.01054
17	0.02793	0.02336	0.02737	0.02271	0.02713	0.02832	0.01857	0.23752	0.17909	0.04232	0.02393	0.02602	0.01869	0.01391	0.01749	0.00348	0.23097	0.00924	0.00783	0.01411
18	0.03612	0.09095	0.13163	0.01999	0.02884	0.02120	0.01914	0.14112	0.02900	0.33959	0.02913	0.02711	0.01929	0.01105	0.00928	0.00290	0.01001	0.00862	0.00934	0.01569
19	0.03400	0.03441	0.02695	0.02264	0.02899	0.29654	0.01772	0.23384	0.08814	0.03979	0.02063	0.02166	0.01579	0.01069	0.00908	0.00264	0.01320	0.00759	0.00727	0.06844
20	0.02399	0.02303	0.03934	0.05949	0.59893	0.02303	0.02974	0.02974	0.02207	0.03166	0.01823	0.02399	0.01535	0.00864	0.00960	0.00288	0.01151	0.00864	0.00480	0.01535
21	0.01946	0.01995	0.12428	0.01899	0.02380	0.01662	0.01757	0.06508	0.01971	0.07384	0.02439	0.03233	0.02076	0.04829	0.37876	0.01065	0.05914	0.00951	0.00583	0.01102
22	0.02915	0.38744	0.04251	0.02063	0.02822	0.13786	0.06819	0.03422	0.05741	0.08452	0.01848	0.01997	0.01492	0.00927	0.00775	0.00243	0.01181	0.00679	0.00553	0.01288
23	0.03422	0.01699	0.02017	0.01609	0.02209	0.01673	0.01309	0.17249	0.03008	0.29706	0.03244	0.03144	0.02233	0.01169	0.00885	0.00276	0.00775	0.00927	0.22017	0.01427
24	0.02120	0.02120	0.02969	0.02545	0.02545	0.02969	0.02120	0.02332	0.01484	0.02332	0.01272	0.02120	0.01272	0.01696	0.03181	0.00424	0.64165	0.00848	0.00424	0.01060
25	0.01885	0.01763	0.02927	0.50783	0.11403	0.02147	0.02618	0.02488	0.01959	0.02563	0.01922	0.03064	0.01583	0.01105	0.01110	0.00333	0.04622	0.04152	0.00464	0.01109
26	0.01406	0.00944	0.01076	0.01070	0.01089	0.00938	0.00614	0.01443	0.01517	0.02042	0.07611	0.06415	0.03978	0.60764	0.04626	0.00888	0.00901	0.01437	0.00626	0.00614
27	0.02092	0.02311	0.10313	0.01765	0.02355	0.06572	0.01575	0.10093	0.13913	0.03623	0.13626	0.05246	0.19280	0.01638	0.01035	0.00310	0.00855	0.01344	0.00850	0.01202
28	0.02896	0.05743	0.11022	0.02163	0.06335	0.02007	0.01854	0.14328	0.02697	0.16947	0.02392	0.02520	0.01746	0.01474	0.05630	0.00356	0.01108	0.00801	0.00759	0.17221

[dist]
# distance from previous block
# <min> <max>
2	8

[block]
# block no. 1 follows, 16 sequences, length 18
# corresponding to MSA columns:
# 129-146
name=unknown_B
#
# <colnr> <probs for GDERKNQSTAVLIFYWHMCP>
#	G	D	E	R	K	N	Q	S	T	A	V	L	I	F	Y	W	H	M	C	P
0	0.02058	0.01766	0.02032	0.01500	0.02324	0.01426	0.01195	0.02765	0.08728	0.03265	0.01989	0.02202	0.01618	0.00789	0.00750	0.00166	0.00724	0.00637	0.00624	0.63446
1	0.07234	0.01857	0.03014	0.26365	0.07942	0.02024	0.11397	0.02605	0.01983	0.02969	0.01877	0.02521	0.01473	0.00968	0.01056	0.00294	0.05360	0.00855	0.08612	0.09594
2	0.64594	0.01847	0.01523	0.01328	0.01946	0.02085	0.01094	0.03073	0.01784	0.11077	0.01646	0.01781	0.01211	0.00936	0.00645	0.00300	0.00759	0.00579	0.00672	0.01121
3	0.01696	0.01247	0.01705	0.12110	0.02596	0.01247	0.01358	0.02171	0.05487	0.06345	0.04091	0.35216	0.04409	0.02155	0.01104	0.00346	0.00760	0.05700	0.00804	0.09452
4	0.01181	0.00843	0.01125	0.01350	0.01406	0.00787	0.00900	0.01350	0.01856	0.02474	0.05342	0.65306	0.06410	0.03036	0.01237	0.00394	0.00562	0.02755	0.00900	0.00787
5	0.02120	0.02120	0.02969	0.02545	0.02545	0.02969	0.02120	0.02332	0.01484	0.02332	0.01272	0.02120	0.01272	0.01696	0.03181	0.00424	0.64165	0.00848	0.00424	0.01060
6	0.01830	0.01723	0.02907	0.63609	0.06675	0.02153	0.02692	0.02476	0.01938	0.02476	0.01723	0.02584	0.01292	0.00969	0.00969	0.00323	0.01292	0.00861	0.00431	0.01077
7	0.04348	0.01649	0.02249	0.01724	0.02474	0.01425	0.01425	0.04723	0.02774	0.60564	0.03824	0.03299	0.02399	0.01200	0.00975	0.00300	0.00825	0.00975	0.01200	0.01649
8	0.01409	0.00940	0.01057	0.01057	0.01057	0.00940	0.00587	0.01409	0.01409	0.01879	0.03054	0.06342	0.03524	0.65938	0.04933	0.00940	0.00940	0.01409	0.00587	0.00587
9	0.03684	0.02715	0.02909	0.02230	0.03006	0.03006	0.01842	0.56661	0.04557	0.06108	0.02327	0.02327	0.01648	0.01163	0.00970	0.00291	0.01067	0.00873	0.00970	0.01648
10	0.01372	0.00991	0.01296	0.01219	0.01448	0.00914	0.00914	0.01829	0.02743	0.03887	0.59381	0.07240	0.09145	0.01981	0.01143	0.00305	0.00457	0.01753	0.01067	0.00914
11	0.01409	0.00940	0.01057	0.01057	0.01057	0.00940	0.00587	0.01409	0.01409	0.01879	0.03054	0.06342	0.03524	0.65938	0.04933	0.00940	0.00940	0.01409	0.00587	0.00587
12	0.01181	0.00843	0.01125	0.01350	0.01406	0.00787	0.00900	0.01350	0.01856	0.02474	0.05342	0.65306	0.06410	0.03036	0.01237	0.00394	0.00562	0.02755	0.00900	0.00787
13	0.01409	0.00940	0.01057	0.01057	0.01057	0.00940	0.00587	0.01409	0.01409	0.01879	0.03054	0.06342	0.03524	0.65938	0.04933	0.00940	0.00940	0.01409	0.00587	0.00587
14	0.03135	0.34478	0.03950	0.01994	0.02749	0.13456	0.01757	0.21194	0.02974	0.03587	0.01703	0.01848	0.01381	0.00971	0.00782	0.00243	0.01168	0.00656	0.00616	0.01360
15	0.03068	0.15150	0.03158	0.02129	0.06236	0.02318	0.04871	0.14796	0.02760	0.17175	0.02383	0.02451	0.01744	0.00991	0.00851	0.00250	0.00948	0.00795	0.05218	0.12707
16	0.02437	0.28146	0.21067	0.06938	0.03682	0.02975	0.09184	0.09329	0.02337	0.03083	0.01683	0.01999	0.01319	0.00904	0.00842	0.00270	0.01250	0.00722	0.00490	0.01343
17	0.31016	0.11262	0.02512	0.01906	0.02486	0.30947	0.01518	0.03343	0.02213	0.03147	0.01420	0.01655	0.01169	0.00938	0.00733	0.00264	0.01262	0.00571	0.00529	0.01109

[dist]
# distance from previous block
# <min> <max>
1	2

[block]
# block no. 2 follows, 16 sequences, length 39
# corresponding to MSA columns:
# 149-187
name=unknown_C
#
# <colnr> <probs for GDERKNQSTAVLIFYWHMCP>
#	G	D	E	R	K	N	Q	S	T	A	V	L	I	F	Y	W	H	M	C	P
0	0.01181	0.00843	0.01125	0.01350	0.01406	0.00787	0.00900	0.01350	0.01856	0.02474	0.05342	0.65306	0.06410	0.03036	0.01237	0.00394	0.00562	0.02755	0.00900	0.00787
1	0.01181	0.00843	0.01125	0.01350	0.01406	0.00787	0.00900	0.01350	0.01856	0.02474	0.05342	0.65306	0.06410	0.03036	0.01237	0.00394	0.00562	0.02755	0.00900	0.00787
2	0.01181	0.00843	0.01125	0.01350	0.01406	0.00787	0.00900	0.01350	0.01856	0.02474	0.05342	0.65306	0.06410	0.03036	0.01237	0.00394	0.00562	0.02755	0.00900	0.00787
3	0.02288	0.02614	0.05719	0.04085	0.05065	0.02451	0.56373	0.03105	0.02288	0.03105	0.01961	0.02614	0.01471	0.00817	0.01144	0.00327	0.01634	0.01144	0.00490	0.01307
4	0.02295	0.02594	0.05603	0.04206	0.08617	0.02441	0.52913	0.03096	0.02282	0.03109	0.01952	0.02600	0.01475	0.00820	0.01132	0.00324	0.01603	0.01126	0.00490	0.01322
5	0.01830	0.01723	0.02907	0.63609	0.06675	0.02153	0.02692	0.02476	0.01938	0.02476	0.01723	0.02584	0.01292	0.00969	0.00969	0.00323	0.01292	0.00861	0.00431	0.01077
6	0.04348	0.01649	0.02249	0.01724	0.02474	0.01425	0.01425	0.04723	0.02774	0.60564	0.03824	0.03299	0.02399	0.01200	0.00975	0.00300	0.00825	0.00975	0.01200	0.01649
7	0.08641	0.01793	0.02319	0.02002	0.06068	0.01692	0.01519	0.10733	0.02831	0.43121	0.03427	0.06451	0.02382	0.01256	0.00962	0.00303	0.00856	0.01023	0.01068	0.01553
8	0.13843	0.06844	0.02721	0.02043	0.02742	0.11090	0.01673	0.31557	0.06915	0.08159	0.02191	0.02221	0.01603	0.01091	0.00880	0.00284	0.01080	0.00783	0.00828	0.01453
9	0.02399	0.02303	0.03934	0.05949	0.59893	0.02303	0.02974	0.02974	0.02207	0.03166	0.01823	0.02399	0.01535	0.00864	0.00960	0.00288	0.01151	0.00864	0.00480	0.01535
10	0.01320	0.01097	0.01328	0.01477	0.06362	0.00974	0.00981	0.01657	0.02368	0.03042	0.23867	0.08114	0.39572	0.02178	0.01129	0.00317	0.00537	0.01857	0.00914	0.00908
11	0.02411	0.02082	0.02192	0.01972	0.02520	0.02411	0.01534	0.05150	0.58142	0.04054	0.03945	0.03616	0.02959	0.01315	0.00986	0.00329	0.00767	0.01096	0.00986	0.01534
12	0.01409	0.00940	0.01057	0.01057	0.01057	0.00940	0.00587	0.01409	0.01409	0.01879	0.03054	0.06342	0.03524	0.65938	0.04933	0.00940	0.00940	0.01409	0.00587	0.00587
13	0.02210	0.01716	0.02030	0.01460	0.02312	0.01303	0.01172	0.02636	0.02075	0.08069	0.01902	0.02120	0.01518	0.00759	0.00740	0.00157	0.00727	0.00608	0.00628	0.65857
14	0.15311	0.02696	0.05926	0.02488	0.09312	0.07648	0.01876	0.30071	0.03313	0.04742	0.02185	0.06118	0.01774	0.01174	0.00910	0.00296	0.01068	0.00900	0.00772	0.01419
15	0.01348	0.00972	0.01274	0.01235	0.01443	0.00899	0.00913	0.01770	0.02633	0.03712	0.52685	0.14435	0.08806	0.02112	0.01155	0.00316	0.00470	0.01877	0.01046	0.00899
16	0.01684	0.00842	0.01263	0.01263	0.01263	0.00842	0.00842	0.01263	0.01263	0.01684	0.01684	0.02946	0.01684	0.03367	0.03788	0.71801	0.00842	0.00842	0.00421	0.00421
17	0.02411	0.02082	0.02192	0.01972	0.02520	0.02411	0.01534	0.05150	0.58142	0.04054	0.03945	0.03616	0.02959	0.01315	0.00986	0.00329	0.00767	0.01096	0.00986	0.01534
18	0.03620	0.04619	0.02747	0.02497	0.02996	0.62047	0.01873	0.03870	0.02747	0.02372	0.01498	0.01748	0.01248	0.00999	0.00874	0.00250	0.01748	0.00624	0.00499	0.01124
19	0.02411	0.02082	0.02192	0.01972	0.02520	0.02411	0.01534	0.05150	0.58142	0.04054	0.03945	0.03616	0.02959	0.01315	0.00986	0.00329	0.00767	0.01096	0.00986	0.01534
20	0.01807	0.00903	0.00903	0.00903	0.01129	0.00903	0.00678	0.02258	0.02033	0.03613	0.03162	0.03613	0.02484	0.01129	0.00678	0.00226	0.00452	0.00903	0.71319	0.00903
21	0.01807	0.00903	0.00903	0.00903	0.01129	0.00903	0.00678	0.02258	0.02033	0.03613	0.03162	0.03613	0.02484	0.01129	0.00678	0.00226	0.00452	0.00903	0.71319	0.00903
22	0.03684	0.02715	0.02909	0.02230	0.03006	0.03006	0.01842	0.56661	0.04557	0.06108	0.02327	0.02327	0.01648	0.01163	0.00970	0.00291	0.01067	0.00873	0.00970	0.01648
23	0.02120	0.02120	0.02969	0.02545	0.02545	0.02969	0.02120	0.02332	0.01484	0.02332	0.01272	0.02120	0.01272	0.01696	0.03181	0.00424	0.64165	0.00848	0.00424	0.01060
24	0.02084	0.01960	0.02997	0.02141	0.03034	0.01600	0.15845	0.02617	0.02084	0.03144	0.01786	0.02171	0.01445	0.00744	0.00831	0.00192	0.00962	0.00726	0.00552	0.53087
25	0.01181	0.00843	0.01125	0.01350	0.01406	0.00787	0.00900	0.01350	0.01856	0.02474	0.05342	0.65306	0.06410	0.03036	0.01237	0.00394	0.00562	0.02755	0.00900	0.00787
26	0.02497	0.01730	0.02320	0.02003	0.02302	0.02069	0.01628	0.03143	0.09831	0.16289	0.06216	0.03250	0.02492	0.02587	0.13249	0.00586	0.24840	0.01006	0.00743	0.01219
27	0.72785	0.01874	0.01425	0.01275	0.01874	0.02174	0.01050	0.02849	0.01649	0.04348	0.01350	0.01574	0.01050	0.00900	0.00600	0.00300	0.00750	0.00525	0.00600	0.01050
28	0.01909	0.01933	0.03904	0.03002	0.03634	0.01902	0.32336	0.02529	0.02027	0.02787	0.02455	0.03744	0.02156	0.03239	0.22540	0.00769	0.01908	0.05575	0.00535	0.01117
29	0.02737	0.07446	0.18426	0.02568	0.07280	0.05960	0.05440	0.12403	0.09683	0.10443	0.06071	0.02781	0.02204	0.01100	0.00951	0.00296	0.01137	0.00904	0.00726	0.01442
30	0.02010	0.01723	0.02010	0.01436	0.02297	0.01292	0.01148	0.02440	0.02010	0.03158	0.01723	0.02010	0.01436	0.00718	0.00718	0.00144	0.00718	0.00574	0.00574	0.71863
31	0.02563	0.26975	0.07115	0.01903	0.02653	0.06257	0.01718	0.07052	0.21884	0.03271	0.02385	0.02407	0.01886	0.01026	0.00813	0.00258	0.00982	0.00766	0.00668	0.07417
32	0.01944	0.05013	0.60917	0.02762	0.04195	0.02251	0.03581	0.03069	0.02046	0.03069	0.01739	0.02046	0.01228	0.00921	0.00921	0.00307	0.01432	0.00716	0.00409	0.01432
33	0.01443	0.01074	0.01357	0.01297	0.01553	0.01025	0.00993	0.02042	0.06458	0.03750	0.48684	0.07385	0.11517	0.02015	0.01147	0.00318	0.00512	0.05443	0.01039	0.00949
34	0.02591	0.66522	0.05079	0.01658	0.02488	0.03835	0.01658	0.02902	0.01969	0.02280	0.01347	0.01555	0.01244	0.00829	0.00622	0.00207	0.01036	0.00518	0.00415	0.01244
35	0.08723	0.15079	0.02853	0.01864	0.02468	0.05614	0.04482	0.10267	0.12642	0.10140	0.06193	0.06375	0.02644	0.05154	0.01141	0.00328	0.00947	0.01014	0.00782	0.01291
36	0.02280	0.13688	0.06220	0.01579	0.02461	0.01823	0.01411	0.02728	0.02060	0.07128	0.01807	0.02022	0.01457	0.00785	0.00731	0.00176	0.00827	0.00602	0.00580	0.49635
37	0.02426	0.03604	0.35860	0.02529	0.06616	0.01995	0.02711	0.07042	0.02450	0.13102	0.09632	0.02973	0.02502	0.01120	0.00965	0.00303	0.01161	0.00914	0.00672	0.01423
38	0.11710	0.30170	0.03467	0.01895	0.05593	0.02685	0.01577	0.03271	0.02170	0.17782	0.05593	0.02441	0.02024	0.01058	0.00913	0.00266	0.04637	0.00752	0.00685	0.01310

[dist]
# distance from previous block
# <min> <max>
0	2

[block]
# block no. 3 follows, 16 sequences, length 31
# corresponding to MSA columns:
# 190-220
name=unknown_D
#
# <colnr> <probs for GDERKNQSTAVLIFYWHMCP>
#	G	D	E	R	K	N	Q	S	T	A	V	L	I	F	Y	W	H	M	C	P
0	0.01429	0.01185	0.01442	0.08881	0.02136	0.01172	0.01115	0.02040	0.07880	0.03158	0.24464	0.07248	0.30247	0.02004	0.01107	0.00320	0.00606	0.01710	0.00905	0.00952
1	0.03844	0.01663	0.02363	0.02214	0.09466	0.01480	0.01572	0.04227	0.02628	0.48648	0.03703	0.08351	0.02627	0.01311	0.00995	0.00306	0.00843	0.01109	0.01086	0.01564
2	0.03487	0.20825	0.03371	0.02022	0.02760	0.13204	0.01719	0.22804	0.03186	0.14386	0.02182	0.02187	0.01603	0.01047	0.00856	0.00262	0.01132	0.00748	0.00774	0.01443
3	0.64104	0.01927	0.01734	0.01851	0.09030	0.02190	0.01287	0.02864	0.01718	0.04203	0.01408	0.01676	0.01110	0.00895	0.00644	0.00298	0.00799	0.00567	0.00585	0.01110
4	0.02954	0.02216	0.03003	0.17095	0.03955	0.02424	0.07603	0.26248	0.06423	0.10245	0.02572	0.03146	0.01949	0.01191	0.01013	0.00315	0.01126	0.04293	0.00810	0.01421
5	0.02212	0.01211	0.01539	0.01354	0.01729	0.01133	0.01051	0.02795	0.06227	0.17629	0.35827	0.05631	0.06339	0.01650	0.01038	0.00296	0.00566	0.01423	0.09219	0.01131
6	0.01867	0.05458	0.02008	0.01451	0.02127	0.01343	0.01154	0.02242	0.01990	0.02964	0.02549	0.14282	0.02564	0.01257	0.00840	0.00209	0.00717	0.03638	0.00641	0.50698
7	0.72785	0.01874	0.01425	0.01275	0.01874	0.02174	0.01050	0.02849	0.01649	0.04348	0.01350	0.01574	0.01050	0.00900	0.00600	0.00300	0.00750	0.00525	0.00600	0.01050
8	0.03164	0.01530	0.01903	0.01568	0.02163	0.01413	0.01259	0.03881	0.11224	0.35652	0.08263	0.04921	0.15690	0.01543	0.01024	0.00311	0.00720	0.01277	0.01092	0.01404
9	0.02237	0.02330	0.07274	0.05047	0.45693	0.02138	0.06188	0.02847	0.02268	0.03245	0.08925	0.02988	0.02450	0.01002	0.00992	0.00294	0.01114	0.00982	0.00548	0.01438
10	0.02507	0.01737	0.02742	0.42492	0.05243	0.02032	0.02316	0.03046	0.02117	0.17512	0.02229	0.02731	0.01577	0.01089	0.01155	0.00325	0.06407	0.00890	0.00629	0.01224
11	0.04348	0.01649	0.02249	0.01724	0.02474	0.01425	0.01425	0.04723	0.02774	0.60564	0.03824	0.03299	0.02399	0.01200	0.00975	0.00300	0.00825	0.00975	0.01200	0.01649
12	0.04032	0.01583	0.02124	0.01651	0.02359	0.01365	0.01356	0.04394	0.02718	0.54835	0.04416	0.03895	0.08044	0.01324	0.00992	0.00303	0.00792	0.01081	0.01170	0.01567
13	0.01857	0.01350	0.01833	0.16413	0.02917	0.01418	0.01442	0.02572	0.08840	0.08925	0.24104	0.08789	0.12263	0.01702	0.01072	0.00319	0.00741	0.01478	0.00886	0.01078
14	0.01830	0.01723	0.02907	0.63609	0.06675	0.02153	0.02692	0.02476	0.01938	0.02476	0.01723	0.02584	0.01292	0.00969	0.00969	0.00323	0.01292	0.00861	0.00431	0.01077
15	0.02399	0.02303	0.03934	0.05949	0.59893	0.02303	0.02974	0.02974	0.02207	0.03166	0.01823	0.02399	0.01535	0.00864	0.00960	0.00288	0.01151	0.00864	0.00480	0.01535
16	0.01181	0.00843	0.01125	0.01350	0.01406	0.00787	0.00900	0.01350	0.01856	0.02474	0.05342	0.65306	0.06410	0.03036	0.01237	0.00394	0.00562	0.02755	0.00900	0.00787
17	0.05397	0.02628	0.17743	0.06892	0.12859	0.01916	0.12869	0.02720	0.02092	0.06163	0.02697	0.16435	0.02544	0.01381	0.01032	0.00327	0.01156	0.01294	0.00600	0.01252
18	0.02120	0.02120	0.02969	0.02545	0.02545	0.02969	0.02120	0.02332	0.01484	0.02332	0.01272	0.02120	0.01272	0.01696	0.03181	0.00424	0.64165	0.00848	0.00424	0.01060
19	0.01944	0.05013	0.60917	0.02762	0.04195	0.02251	0.03581	0.03069	0.02046	0.03069	0.01739	0.02046	0.01228	0.00921	0.00921	0.00307	0.01432	0.00716	0.00409	0.01432
20	0.01181	0.00843	0.01125	0.01350	0.01406	0.00787	0.00900	0.01350	0.01856	0.02474	0.05342	0.65306	0.06410	0.03036	0.01237	0.00394	0.00562	0.02755	0.00900	0.00787
21	0.64255	0.02213	0.01588	0.01425	0.02013	0.09558	0.01151	0.02975	0.01785	0.04105	0.01368	0.01596	0.01074	0.00912	0.00634	0.00294	0.00873	0.00537	0.00587	0.01059
22	0.01187	0.00995	0.01039	0.01061	0.01378	0.00848	0.00818	0.01452	0.02211	0.02646	0.09355	0.09486	0.54168	0.02477	0.01165	0.00339	0.00531	0.07119	0.00899	0.00826
23	0.02652	0.18055	0.06350	0.01845	0.02712	0.02308	0.04246	0.11305	0.02487	0.08973	0.01941	0.02104	0.01505	0.00878	0.00790	0.00215	0.00945	0.00682	0.00644	0.29363
24	0.02703	0.01760	0.02213	0.07704	0.02817	0.01510	0.01413	0.06146	0.02349	0.18366	0.02310	0.02424	0.01687	0.00895	0.00825	0.00211	0.00823	0.00725	0.00747	0.42372
25	0.02561	0.06508	0.24851	0.02771	0.06939	0.07344	0.08350	0.10920	0.02561	0.07129	0.05514	0.02530	0.01907	0.01071	0.01080	0.00302	0.04809	0.00865	0.00604	0.01383
26	0.02268	0.09969	0.09215	0.03072	0.03918	0.02452	0.30732	0.05779	0.09187	0.03208	0.02468	0.08752	0.02105	0.01125	0.01046	0.00316	0.01307	0.01176	0.00600	0.01304
27	0.01311	0.00953	0.01235	0.01239	0.01430	0.00877	0.00901	0.01684	0.02490	0.03460	0.43011	0.21961	0.11281	0.02273	0.01167	0.00328	0.00486	0.02021	0.01015	0.00877
28	0.02197	0.01877	0.02322	0.02058	0.09459	0.01559	0.01431	0.07022	0.02246	0.03405	0.01785	0.02084	0.01466	0.00773	0.00769	0.00174	0.00800	0.00635	0.00595	0.57343
29	0.01843	0.01829	0.08959	0.01666	0.02217	0.01395	0.01424	0.02628	0.11139	0.05731	0.03645	0.27852	0.03709	0.01798	0.01008	0.00302	0.00756	0.01575	0.00782	0.19743
30	0.02832	0.18430	0.13696	0.02101	0.02939	0.02594	0.04293	0.13713	0.09538	0.12409	0.02583	0.06332	0.02040	0.01164	0.00902	0.00287	0.01044	0.00930	0.00745	0.01428

[dist]
# distance from previous block
# <min> <max>
0	2

[block]
# block no. 4 follows, 16 sequences, length 14
# corresponding to MSA columns:
# 223-236
name=unknown_E
#
# <colnr> <probs for GDERKNQSTAVLIFYWHMCP>
#	G	D	E	R	K	N	Q	S	T	A	V	L	I	F	Y	W	H	M	C	P
0	0.02344	0.02196	0.03412	0.13598	0.27072	0.02434	0.06258	0.06381	0.11947	0.03277	0.02147	0.02616	0.01713	0.01078	0.01258	0.00321	0.09050	0.00922	0.00583	0.01393
1	0.01398	0.00985	0.01288	0.01288	0.01367	0.01065	0.00875	0.01557	0.01478	0.02050	0.02843	0.05174	0.03016	0.38906	0.31272	0.01224	0.01703	0.01238	0.00556	0.00715
2	0.01181	0.00843	0.01125	0.01350	0.01406	0.00787	0.00900	0.01350	0.01856	0.02474	0.05342	0.65306	0.06410	0.03036	0.01237	0.00394	0.00562	0.02755	0.00900	0.00787
3	0.02654	0.02028	0.02199	0.01941	0.02514	0.02287	0.01520	0.05097	0.51188	0.11152	0.03930	0.03576	0.02888	0.01300	0.00985	0.00325	0.00774	0.01081	0.01013	0.01549
4	0.01830	0.01723	0.02907	0.63609	0.06675	0.02153	0.02692	0.02476	0.01938	0.02476	0.01723	0.02584	0.01292	0.00969	0.00969	0.00323	0.01292	0.00861	0.00431	0.01077
5	0.01181	0.00843	0.01125	0.01350	0.01406	0.00787	0.00900	0.01350	0.01856	0.02474	0.05342	0.65306	0.06410	0.03036	0.01237	0.00394	0.00562	0.02755	0.00900	0.00787
6	0.02120	0.02120	0.02969	0.02545	0.02545	0.02969	0.02120	0.02332	0.01484	0.02332	0.01272	0.02120	0.01272	0.01696	0.03181	0.00424	0.64165	0.00848	0.00424	0.01060
7	0.01385	0.01038	0.01558	0.01558	0.01731	0.01211	0.01211	0.01731	0.01558	0.02250	0.02596	0.03808	0.02423	0.07269	0.62098	0.01558	0.02596	0.01038	0.00519	0.00865
8	0.10769	0.01139	0.01216	0.01361	0.06009	0.01177	0.00911	0.02391	0.01999	0.03669	0.02825	0.03258	0.02227	0.01079	0.00691	0.00240	0.00546	0.00853	0.56667	0.00973
9	0.04156	0.01655	0.02229	0.01701	0.02460	0.01414	0.01402	0.04535	0.02711	0.55837	0.03651	0.03193	0.02320	0.01160	0.00954	0.00287	0.00816	0.00942	0.01148	0.07431
10	0.08570	0.01794	0.02297	0.01932	0.05907	0.01619	0.01472	0.07781	0.02650	0.38857	0.03041	0.02820	0.02024	0.01068	0.00900	0.00270	0.00837	0.00857	0.00984	0.14319
11	0.02591	0.66522	0.05079	0.01658	0.02488	0.03835	0.01658	0.02902	0.01969	0.02280	0.01347	0.01555	0.01244	0.00829	0.00622	0.00207	0.01036	0.00518	0.00415	0.01244
12	0.02709	0.02623	0.11263	0.02835	0.13283	0.02386	0.02139	0.12948	0.26332	0.08691	0.02957	0.02924	0.02183	0.01140	0.00968	0.00309	0.00989	0.00951	0.00824	0.01548
13	0.20454	0.18873	0.02501	0.01457	0.01919	0.02232	0.01199	0.02627	0.01784	0.09436	0.02122	0.03185	0.01988	0.19758	0.02085	0.00469	0.05418	0.00854	0.00603	0.01038

[dist]
# distance from previous block
# <min> <max>
0	11

[block]
# block no. 5 follows, 16 sequences, length 17
# corresponding to MSA columns:
# 248-264
name=unknown_F
#
# <colnr> <probs for GDERKNQSTAVLIFYWHMCP>
#	G	D	E	R	K	N	Q	S	T	A	V	L	I	F	Y	W	H	M	C	P
0	0.19549	0.01897	0.02153	0.01720	0.02420	0.01920	0.01411	0.11923	0.08090	0.34476	0.03057	0.02797	0.02038	0.01138	0.00890	0.00301	0.00838	0.00870	0.01010	0.01502
1	0.08727	0.02908	0.24090	0.01943	0.02843	0.01821	0.02047	0.02931	0.08990	0.03326	0.07022	0.02927	0.02315	0.05447	0.01141	0.00311	0.00989	0.00846	0.00609	0.18766
2	0.01684	0.00842	0.01263	0.01263	0.01263	0.00842	0.00842	0.01263	0.01263	0.01684	0.01684	0.02946	0.01684	0.03367	0.03788	0.71801	0.00842	0.00842	0.00421	0.00421
3	0.72785	0.01874	0.01425	0.01275	0.01874	0.02174	0.01050	0.02849	0.01649	0.04348	0.01350	0.01574	0.01050	0.00900	0.00600	0.00300	0.00750	0.00525	0.00600	0.01050
4	0.01944	0.05013	0.60917	0.02762	0.04195	0.02251	0.03581	0.03069	0.02046	0.03069	0.01739	0.02046	0.01228	0.00921	0.00921	0.00307	0.01432	0.00716	0.00409	0.01432
5	0.02136	0.02168	0.03232	0.02692	0.02786	0.02919	0.07324	0.02407	0.01561	0.02407	0.01338	0.02168	0.01291	0.01612	0.02985	0.00415	0.58167	0.00877	0.00430	0.01084
6	0.01944	0.05013	0.60917	0.02762	0.04195	0.02251	0.03581	0.03069	0.02046	0.03069	0.01739	0.02046	0.01228	0.00921	0.00921	0.00307	0.01432	0.00716	0.00409	0.01432
7	0.01453	0.01068	0.01409	0.01536	0.01779	0.01025	0.01294	0.01866	0.02325	0.03040	0.16320	0.09946	0.15692	0.02505	0.01268	0.00398	0.00739	0.34526	0.00927	0.00884
8	0.02591	0.66522	0.05079	0.01658	0.02488	0.03835	0.01658	0.02902	0.01969	0.02280	0.01347	0.01555	0.01244	0.00829	0.00622	0.00207	0.01036	0.00518	0.00415	0.01244
9	0.01385	0.01038	0.01558	0.01558	0.01731	0.01211	0.01211	0.01731	0.01558	0.02250	0.02596	0.03808	0.02423	0.07269	0.62098	0.01558	0.02596	0.01038	0.00519	0.00865
10	0.01201	0.00984	0.01059	0.01040	0.01343	0.00842	0.00780	0.01498	0.02340	0.02928	0.21932	0.08817	0.47192	0.02339	0.01145	0.00322	0.00483	0.01974	0.00941	0.00842
11	0.01181	0.00843	0.01125	0.01350	0.01406	0.00787	0.00900	0.01350	0.01856	0.02474	0.05342	0.65306	0.06410	0.03036	0.01237	0.00394	0.00562	0.02755	0.00900	0.00787
12	0.01387	0.00936	0.01083	0.01095	0.01120	0.00925	0.00641	0.01441	0.01561	0.02101	0.08090	0.11300	0.04246	0.55229	0.04301	0.00840	0.00867	0.01550	0.00654	0.00632
13	0.13745	0.01213	0.01296	0.01184	0.01576	0.01155	0.00920	0.02232	0.02321	0.10534	0.20914	0.06301	0.24697	0.01815	0.01000	0.00306	0.00564	0.01497	0.05739	0.00993
14	0.02094	0.02020	0.03515	0.36031	0.28371	0.02234	0.06374	0.02722	0.02071	0.02801	0.01780	0.02510	0.01404	0.00916	0.00977	0.00309	0.01257	0.00881	0.00455	0.01280
15	0.02454	0.01423	0.01773	0.01428	0.02025	0.01174	0.01126	0.02826	0.02365	0.20771	0.12289	0.09543	0.10529	0.01470	0.00958	0.00260	0.00670	0.01244	0.00908	0.24764
16	0.02751	0.15619	0.03452	0.05450	0.03155	0.06213	0.09933	0.09627	0.05578	0.09727	0.02098	0.02293	0.01599	0.00928	0.00860	0.00247	0.01077	0.00777	0.00656	0.17961

[dist]
# distance from previous block
# <min> <max>
0	6

[block]
# block no. 6 follows, 16 sequences, length 26
# corresponding to MSA columns:
# 271-296
name=unknown_G
#
# <colnr> <probs for GDERKNQSTAVLIFYWHMCP>
#	G	D	E	R	K	N	Q	S	T	A	V	L	I	F	Y	W	H	M	C	P
0	0.13655	0.01107	0.01276	0.01261	0.01511	0.01101	0.00934	0.01888	0.02338	0.03623	0.36210	0.20394	0.07082	0.02051	0.01072	0.00326	0.00533	0.01785	0.00946	0.00907
1	0.09306	0.08851	0.05800	0.01870	0.02584	0.02404	0.01602	0.11183	0.26158	0.07289	0.02796	0.02723	0.02098	0.01099	0.00871	0.00282	0.00868	0.00857	0.00815	0.10545
2	0.01273	0.00929	0.01216	0.01396	0.01532	0.00872	0.01030	0.01531	0.02034	0.02671	0.09076	0.43139	0.12551	0.02825	0.01244	0.00392	0.00622	0.13937	0.00908	0.00822
3	0.03241	0.02665	0.07187	0.07643	0.09410	0.10919	0.12043	0.08756	0.02677	0.21965	0.02487	0.02620	0.01734	0.01025	0.00985	0.00298	0.01244	0.00907	0.00757	0.01438
4	0.01846	0.01558	0.01820	0.01365	0.02094	0.01198	0.01079	0.02262	0.02123	0.03201	0.09926	0.03378	0.07933	0.01045	0.00813	0.00182	0.00663	0.00866	0.00669	0.55980
5	0.03620	0.04619	0.02747	0.02497	0.02996	0.62047	0.01873	0.03870	0.02747	0.02372	0.01498	0.01748	0.01248	0.00999	0.00874	0.00250	0.01748	0.00624	0.00499	0.01124
6	0.02757	0.01699	0.02086	0.01528	0.02354	0.01334	0.01237	0.03170	0.02254	0.21504	0.02394	0.02422	0.01744	0.00872	0.00800	0.00194	0.00752	0.00702	0.00774	0.49424
7	0.02134	0.23045	0.44547	0.02439	0.03694	0.02715	0.03017	0.03020	0.02024	0.02838	0.01624	0.01902	0.01232	0.00894	0.00833	0.00278	0.01316	0.00658	0.00411	0.01377
8	0.01944	0.05013	0.60917	0.02762	0.04195	0.02251	0.03581	0.03069	0.02046	0.03069	0.01739	0.02046	0.01228	0.00921	0.00921	0.00307	0.01432	0.00716	0.00409	0.01432
9	0.01316	0.00989	0.01219	0.01161	0.01414	0.00891	0.00871	0.01722	0.02613	0.03576	0.47236	0.07751	0.21484	0.02097	0.01144	0.00310	0.00465	0.01825	0.01026	0.00891
10	0.06499	0.38921	0.11743	0.01851	0.02648	0.03022	0.01884	0.06965	0.02205	0.02906	0.02084	0.03188	0.01957	0.01168	0.00803	0.00271	0.01053	0.09053	0.00545	0.01233
11	0.03479	0.28086	0.07273	0.01766	0.02593	0.02453	0.01662	0.03878	0.02401	0.33209	0.02685	0.02511	0.01855	0.01031	0.00829	0.00263	0.00950	0.00773	0.00830	0.01471
12	0.01827	0.01484	0.01688	0.01602	0.01970	0.01592	0.01240	0.03275	0.27559	0.03672	0.21645	0.09968	0.09939	0.01855	0.01097	0.00337	0.00648	0.06439	0.00989	0.01175
13	0.01972	0.01863	0.03098	0.36702	0.25522	0.02081	0.02609	0.02555	0.02061	0.02741	0.02526	0.03156	0.06897	0.01071	0.00982	0.00311	0.01165	0.00974	0.00493	0.01219
14	0.01488	0.00964	0.01418	0.01418	0.01519	0.01065	0.01037	0.01547	0.01446	0.02029	0.02322	0.03712	0.02257	0.10512	0.37831	0.25379	0.01871	0.01000	0.00491	0.00693
15	0.01372	0.00991	0.01296	0.01219	0.01448	0.00914	0.00914	0.01829	0.02743	0.03887	0.59381	0.07240	0.09145	0.01981	0.01143	0.00305	0.00457	0.01753	0.01067	0.00914
16	0.08526	0.09700	0.02653	0.01972	0.02603	0.06690	0.01600	0.16025	0.31574	0.04218	0.02916	0.02805	0.02203	0.01171	0.00902	0.00299	0.00928	0.00903	0.00853	0.01459
17	0.02117	0.01630	0.02609	0.15915	0.08059	0.01594	0.08524	0.02566	0.02077	0.10181	0.02930	0.17135	0.02789	0.04808	0.01220	0.00337	0.00985	0.01328	0.00680	0.12516
18	0.10332	0.02646	0.14951	0.05880	0.07875	0.02034	0.05236	0.10132	0.02482	0.14614	0.02189	0.02358	0.01564	0.00962	0.00888	0.00276	0.01058	0.00787	0.00692	0.13044
19	0.01944	0.05013	0.60917	0.02762	0.04195	0.02251	0.03581	0.03069	0.02046	0.03069	0.01739	0.02046	0.01228	0.00921	0.00921	0.00307	0.01432	0.00716	0.00409	0.01432
20	0.01181	0.00843	0.01125	0.01350	0.01406	0.00787	0.00900	0.01350	0.01856	0.02474	0.05342	0.65306	0.06410	0.03036	0.01237	0.00394	0.00562	0.02755	0.00900	0.00787
21	0.02479	0.01801	0.02962	0.30913	0.14986	0.01939	0.05381	0.03010	0.02148	0.15338	0.02324	0.03015	0.01772	0.06283	0.01301	0.00362	0.01155	0.00947	0.00625	0.01260
22	0.02885	0.08443	0.25861	0.02434	0.03474	0.02206	0.08512	0.06755	0.05591	0.20528	0.02517	0.02552	0.01730	0.01022	0.00944	0.00299	0.01182	0.00856	0.00721	0.01486
23	0.01562	0.01116	0.01562	0.01785	0.02008	0.01116	0.01562	0.02008	0.02231	0.02900	0.05132	0.10933	0.05578	0.02677	0.01339	0.00446	0.00892	0.53369	0.00892	0.00892
24	0.01562	0.01116	0.01562	0.01785	0.02008	0.01116	0.01562	0.02008	0.02231	0.02900	0.05132	0.10933	0.05578	0.02677	0.01339	0.00446	0.00892	0.53369	0.00892	0.00892
25	0.07513	0.24507	0.03702	0.02368	0.08084	0.02751	0.06186	0.07282	0.02317	0.12448	0.05096	0.02442	0.01933	0.01083	0.01096	0.00282	0.08130	0.00809	0.00647	0.01322

[dist]
# distance from previous block
# <min> <max>
0	1

[block]
# block no. 7 follows, 16 sequences, length 15
# corresponding to MSA columns:
# 298-312
name=unknown_H
#
# <colnr> <probs for GDERKNQSTAVLIFYWHMCP>
#	G	D	E	R	K	N	Q	S	T	A	V	L	I	F	Y	W	H	M	C	P
0	0.13972	0.22719	0.08751	0.02094	0.05923	0.02819	0.01832	0.16471	0.02687	0.11342	0.01980	0.02072	0.01481	0.00982	0.00798	0.00268	0.01015	0.00705	0.00687	0.01401
1	0.03318	0.02530	0.02872	0.02460	0.08216	0.02688	0.01846	0.43660	0.03962	0.05399	0.02191	0.02287	0.01606	0.01070	0.00932	0.00269	0.01023	0.00828	0.00866	0.11979
2	0.54658	0.02034	0.05366	0.08749	0.02632	0.02118	0.01430	0.02965	0.01796	0.08447	0.01611	0.01858	0.01195	0.00933	0.00693	0.00303	0.00862	0.00612	0.00615	0.01124
3	0.01255	0.00851	0.01099	0.01297	0.01373	0.00801	0.00873	0.01457	0.01876	0.02608	0.05085	0.58035	0.05948	0.02812	0.01171	0.00374	0.00549	0.02537	0.09200	0.00801
4	0.02101	0.01793	0.02664	0.37651	0.08488	0.02085	0.02240	0.12439	0.02430	0.03199	0.02469	0.13394	0.02261	0.01357	0.01015	0.00327	0.01114	0.01192	0.00616	0.01163
5	0.01684	0.00842	0.01263	0.01263	0.01263	0.00842	0.00842	0.01263	0.01263	0.01684	0.01684	0.02946	0.01684	0.03367	0.03788	0.71801	0.00842	0.00842	0.00421	0.00421
6	0.03684	0.02715	0.02909	0.02230	0.03006	0.03006	0.01842	0.56661	0.04557	0.06108	0.02327	0.02327	0.01648	0.01163	0.00970	0.00291	0.01067	0.00873	0.00970	0.01648
7	0.02010	0.01723	0.02010	0.01436	0.02297	0.01292	0.01148	0.02440	0.02010	0.03158	0.01723	0.02010	0.01436	0.00718	0.00718	0.00144	0.00718	0.00574	0.00574	0.71863
8	0.01684	0.00842	0.01263	0.01263	0.01263	0.00842	0.00842	0.01263	0.01263	0.01684	0.01684	0.02946	0.01684	0.03367	0.03788	0.71801	0.00842	0.00842	0.00421	0.00421
9	0.01409	0.00940	0.01057	0.01057	0.01057	0.00940	0.00587	0.01409	0.01409	0.01879	0.03054	0.06342	0.03524	0.65938	0.04933	0.00940	0.00940	0.01409	0.00587	0.00587
10	0.01935	0.01864	0.03257	0.51970	0.12817	0.02195	0.07093	0.02586	0.01998	0.02609	0.01754	0.02565	0.01335	0.00944	0.00982	0.00319	0.01303	0.00885	0.00441	0.01149
11	0.01145	0.00982	0.00982	0.00982	0.01309	0.00818	0.00736	0.01391	0.02209	0.02618	0.09818	0.09327	0.59499	0.02455	0.01145	0.00327	0.00491	0.02045	0.00900	0.00818
12	0.01154	0.00949	0.01016	0.01070	0.01332	0.00811	0.00775	0.01381	0.02125	0.02584	0.08747	0.22723	0.46796	0.02594	0.01167	0.00343	0.00508	0.02215	0.00900	0.00811
13	0.03741	0.01491	0.01986	0.01571	0.02204	0.01309	0.01280	0.04133	0.02675	0.47880	0.08928	0.03708	0.03040	0.01263	0.00952	0.00291	0.00742	0.01038	0.10284	0.01484
14	0.02513	0.24958	0.24001	0.02287	0.03297	0.02732	0.06742	0.03446	0.08807	0.09278	0.02118	0.02251	0.01589	0.00959	0.00851	0.00277	0.01168	0.00758	0.00574	0.01394

[dist]
# distance from previous block
# <min> <max>
0	2

[block]
# block no. 8 follows, 16 sequences, length 13
# corresponding to MSA columns:
# 315-327
name=unknown_I
#
# <colnr> <probs for GDERKNQSTAVLIFYWHMCP>
#	G	D	E	R	K	N	Q	S	T	A	V	L	I	F	Y	W	H	M	C	P
0	0.02437	0.02449	0.02928	0.35759	0.09643	0.15471	0.02408	0.02931	0.02137	0.05570	0.01746	0.02374	0.01359	0.01053	0.01174	0.00313	0.07789	0.00814	0.00490	0.01154
1	0.01359	0.00919	0.01072	0.01121	0.01134	0.00906	0.00656	0.01396	0.01507	0.02010	0.03556	0.19276	0.04157	0.52141	0.04122	0.00820	0.00857	0.01705	0.00656	0.00631
2	0.01181	0.00843	0.01125	0.01350	0.01406	0.00787	0.00900	0.01350	0.01856	0.02474	0.05342	0.65306	0.06410	0.03036	0.01237	0.00394	0.00562	0.02755	0.00900	0.00787
3	0.02217	0.10796	0.15424	0.01834	0.02642	0.01886	0.01806	0.02696	0.01963	0.08160	0.01922	0.02308	0.01549	0.01623	0.06240	0.05992	0.04099	0.00709	0.00552	0.25583
4	0.14869	0.02196	0.08235	0.02951	0.18860	0.01877	0.02011	0.03758	0.02357	0.29433	0.02646	0.02638	0.01818	0.01028	0.00903	0.00297	0.00964	0.00844	0.00820	0.01497
5	0.01699	0.00850	0.01216	0.01216	0.01245	0.00850	0.00820	0.01392	0.01362	0.01934	0.01875	0.03033	0.01787	0.03077	0.03385	0.62522	0.00791	0.00850	0.09612	0.00483
6	0.01595	0.00893	0.01314	0.01304	0.01362	0.00910	0.00910	0.01411	0.01502	0.02060	0.09310	0.03641	0.02769	0.03812	0.12774	0.51294	0.01073	0.00991	0.00520	0.00556
7	0.06010	0.08464	0.07608	0.04852	0.02980	0.02142	0.12038	0.05771	0.06751	0.07670	0.02492	0.05993	0.02194	0.11819	0.04716	0.00475	0.05150	0.01063	0.00636	0.01177
8	0.07348	0.29162	0.03272	0.01717	0.02348	0.16476	0.01483	0.03257	0.02244	0.10201	0.01994	0.02156	0.01581	0.00969	0.00734	0.00238	0.01063	0.00664	0.11892	0.01202
9	0.01282	0.00995	0.01399	0.11282	0.02241	0.01008	0.01173	0.01533	0.01897	0.02486	0.05116	0.50850	0.09783	0.02660	0.01187	0.00377	0.00673	0.02396	0.00825	0.00836
10	0.02180	0.37165	0.13533	0.01768	0.02580	0.02749	0.01797	0.02622	0.01969	0.02559	0.02102	0.11897	0.02093	0.01183	0.00784	0.00246	0.00987	0.00917	0.00512	0.10358
11	0.03073	0.02498	0.17123	0.05347	0.03063	0.01771	0.02041	0.08024	0.02498	0.28969	0.02860	0.02943	0.01983	0.02084	0.10740	0.00503	0.01308	0.00905	0.00829	0.01438
12	0.02990	0.01738	0.02078	0.01743	0.02299	0.01768	0.01383	0.12339	0.16125	0.23528	0.13613	0.09078	0.03944	0.01513	0.01028	0.00314	0.00763	0.01274	0.01064	0.01420

[dist]
# distance from previous block
# <min> <max>
0	502

# created by:
# /st0/software/busco_prod/Augustus/scripts/msa2prfl.pl ./align_prep/5905.fa
