[name]
unknown

[dist]
# distance from previous block
# <min> <max>
0	53

[block]
# block no. 0 follows, 13 sequences, length 42
# corresponding to MSA columns:
# 56-97
name=unknown_A
#
# <colnr> <probs for GDERKNQSTAVLIFYWHMCP>
#	G	D	E	R	K	N	Q	S	T	A	V	L	I	F	Y	W	H	M	C	P
0	0.10343	0.07331	0.02582	0.01952	0.02628	0.10740	0.01597	0.07112	0.06094	0.19614	0.06495	0.03837	0.02854	0.01367	0.00997	0.00312	0.01049	0.05136	0.00928	0.07032
1	0.08230	0.01985	0.02849	0.22460	0.04432	0.02209	0.06231	0.03789	0.14558	0.11454	0.03160	0.04048	0.02492	0.01355	0.01086	0.00362	0.01136	0.05972	0.00809	0.01382
2	0.02495	0.01906	0.02181	0.10831	0.03048	0.06344	0.01632	0.03581	0.15889	0.11248	0.13952	0.14205	0.04661	0.01791	0.01141	0.00353	0.00917	0.01542	0.00974	0.01309
3	0.02538	0.01686	0.02320	0.11155	0.03129	0.01706	0.04885	0.06654	0.06947	0.14097	0.12683	0.05319	0.13613	0.01634	0.01112	0.00335	0.00889	0.01405	0.06592	0.01301
4	0.02091	0.08100	0.16850	0.17372	0.04150	0.02326	0.02467	0.02903	0.05763	0.02963	0.02425	0.07812	0.02186	0.06290	0.01563	0.00392	0.06136	0.01079	0.00573	0.06558
5	0.02578	0.02242	0.02655	0.02192	0.02692	0.11534	0.09180	0.06977	0.02942	0.08080	0.24792	0.04880	0.05209	0.01769	0.01418	0.06347	0.01065	0.01361	0.00901	0.01187
6	0.01452	0.01119	0.01382	0.01415	0.01686	0.00969	0.01002	0.01723	0.02188	0.02970	0.09788	0.39711	0.13820	0.02694	0.01230	0.00364	0.00621	0.02396	0.00935	0.12534
7	0.02377	0.02266	0.02716	0.02334	0.02708	0.07005	0.05851	0.03620	0.19856	0.03471	0.10982	0.04138	0.03563	0.06947	0.02094	0.00432	0.16315	0.01229	0.00806	0.01290
8	0.24727	0.01410	0.01458	0.01361	0.01751	0.01482	0.01060	0.02322	0.02429	0.04140	0.29049	0.05670	0.10125	0.02310	0.06064	0.00452	0.00814	0.01418	0.00925	0.01034
9	0.02681	0.18659	0.12091	0.03356	0.15750	0.02746	0.06610	0.03505	0.06653	0.07909	0.02605	0.03492	0.02200	0.01214	0.01008	0.00320	0.01218	0.05835	0.00655	0.01493
10	0.04499	0.02192	0.02697	0.02068	0.02895	0.02137	0.01708	0.21224	0.03683	0.39979	0.03620	0.03241	0.02340	0.01295	0.01061	0.00324	0.00989	0.01026	0.01224	0.01799
11	0.25941	0.02500	0.03005	0.03454	0.20794	0.02713	0.02136	0.19209	0.03032	0.04928	0.01992	0.02288	0.01536	0.01061	0.00918	0.00320	0.01078	0.00820	0.00741	0.01536
12	0.02170	0.02056	0.03485	0.45233	0.20993	0.02395	0.03023	0.02854	0.02196	0.02912	0.01910	0.02762	0.01484	0.01025	0.01054	0.00342	0.01366	0.00940	0.00485	0.01315
13	0.02068	0.01767	0.02552	0.03213	0.20248	0.01787	0.01872	0.03035	0.11541	0.04006	0.28793	0.05440	0.06022	0.01626	0.01150	0.00331	0.00812	0.01462	0.00932	0.01342
14	0.01971	0.00985	0.00985	0.00985	0.01232	0.00985	0.00739	0.02464	0.02217	0.03942	0.03449	0.03942	0.02710	0.01232	0.00739	0.00246	0.00493	0.00985	0.68712	0.00985
15	0.02289	0.23923	0.11955	0.02470	0.03275	0.02679	0.10442	0.02900	0.02315	0.02991	0.03038	0.05422	0.02993	0.01598	0.01084	0.00352	0.01249	0.17118	0.00641	0.01269
16	0.01288	0.00920	0.01227	0.01472	0.01534	0.00859	0.00981	0.01472	0.02024	0.02699	0.05828	0.62152	0.06993	0.03312	0.01350	0.00429	0.00613	0.03006	0.00981	0.00859
17	0.02630	0.02271	0.02391	0.02152	0.02749	0.02630	0.01674	0.05618	0.54336	0.04423	0.04303	0.03945	0.03228	0.01434	0.01076	0.00359	0.00837	0.01195	0.01076	0.01674
18	0.70310	0.02045	0.01554	0.01390	0.02045	0.02372	0.01145	0.03108	0.01799	0.04744	0.01472	0.01718	0.01145	0.00981	0.00654	0.00327	0.00818	0.00573	0.00654	0.01145
19	0.02617	0.02512	0.04292	0.06490	0.56246	0.02512	0.03245	0.03245	0.02407	0.03454	0.01989	0.02617	0.01675	0.00942	0.01047	0.00314	0.01256	0.00942	0.00523	0.01675
20	0.02471	0.02364	0.04029	0.19126	0.44748	0.02474	0.03172	0.03117	0.02339	0.03277	0.01963	0.02664	0.01612	0.00969	0.01049	0.00323	0.01292	0.00941	0.00511	0.01557
21	0.03586	0.01833	0.02756	0.26504	0.04631	0.01889	0.02137	0.04120	0.02642	0.34102	0.03205	0.03270	0.02108	0.01203	0.01061	0.00338	0.01115	0.01011	0.00955	0.01536
22	0.03950	0.05039	0.02996	0.02724	0.03269	0.58597	0.02043	0.04222	0.02996	0.02588	0.01634	0.01907	0.01362	0.01090	0.00953	0.00272	0.01907	0.00681	0.00545	0.01226
23	0.03388	0.03974	0.03542	0.04311	0.25598	0.34959	0.02550	0.03810	0.02748	0.02953	0.01784	0.02206	0.01494	0.01027	0.00993	0.00290	0.01632	0.00791	0.00536	0.01415
24	0.42675	0.01941	0.01933	0.01597	0.02321	0.02027	0.01317	0.03970	0.02316	0.26760	0.02610	0.02510	0.01766	0.01119	0.00827	0.00327	0.00852	0.00779	0.00930	0.01421
25	0.02615	0.02838	0.02371	0.08135	0.02983	0.25535	0.01759	0.02913	0.02262	0.02485	0.02147	0.02992	0.01910	0.03989	0.23917	0.06522	0.02138	0.00905	0.00539	0.01047
26	0.03054	0.02285	0.02373	0.02021	0.02613	0.06822	0.01593	0.13863	0.20735	0.12373	0.15853	0.04383	0.04297	0.01527	0.01101	0.00333	0.00919	0.01255	0.01083	0.01520
27	0.01471	0.01080	0.01378	0.01304	0.01564	0.00987	0.00978	0.01946	0.02933	0.04098	0.51060	0.08132	0.14693	0.02215	0.01247	0.00335	0.00503	0.01945	0.01145	0.00987
28	0.03043	0.02226	0.02354	0.01966	0.02577	0.02474	0.01571	0.24616	0.19976	0.05240	0.03338	0.03352	0.02491	0.01312	0.00980	0.00312	0.00885	0.01038	0.18702	0.01547
29	0.01538	0.01025	0.01153	0.01153	0.01153	0.01025	0.00641	0.01538	0.01538	0.02050	0.03331	0.06919	0.03844	0.62842	0.05382	0.01025	0.01025	0.01538	0.00641	0.00641
30	0.04019	0.02962	0.03173	0.02433	0.03279	0.03279	0.02010	0.52721	0.04971	0.06663	0.02538	0.02538	0.01798	0.01269	0.01058	0.00317	0.01163	0.00952	0.01058	0.01798
31	0.03003	0.03462	0.03136	0.02754	0.02984	0.26571	0.02199	0.03252	0.02200	0.02563	0.01492	0.02142	0.01377	0.01530	0.02409	0.00382	0.36040	0.00822	0.00497	0.01186
32	0.02155	0.02025	0.03204	0.04659	0.37726	0.01965	0.02420	0.02661	0.02408	0.03252	0.04936	0.05171	0.19967	0.01528	0.01115	0.00329	0.01013	0.01378	0.00678	0.01411
33	0.02234	0.02131	0.03561	0.37331	0.23758	0.02474	0.02994	0.02876	0.02176	0.02948	0.01879	0.02710	0.01499	0.01079	0.01241	0.00348	0.05988	0.00939	0.00488	0.01345
34	0.03963	0.04630	0.03031	0.02666	0.03271	0.47695	0.02036	0.13781	0.03385	0.03391	0.01813	0.02031	0.01448	0.01125	0.00974	0.00281	0.01760	0.00734	0.00646	0.01339
35	0.02304	0.02193	0.03727	0.33600	0.31578	0.02430	0.03089	0.02971	0.02260	0.03075	0.01934	0.02719	0.01541	0.01000	0.01052	0.00333	0.01333	0.00941	0.00496	0.01423
36	0.02618	0.02487	0.04096	0.06043	0.50742	0.02524	0.03083	0.03489	0.07751	0.03554	0.02227	0.02753	0.01835	0.00993	0.01050	0.00319	0.01213	0.00968	0.00580	0.01675
37	0.01519	0.00919	0.01290	0.01432	0.01468	0.00884	0.00955	0.01432	0.01752	0.02336	0.04145	0.37311	0.04820	0.03464	0.02522	0.29431	0.00742	0.02126	0.00761	0.00690
38	0.02496	0.02852	0.06239	0.04456	0.05526	0.02674	0.52406	0.03387	0.02496	0.03387	0.02139	0.02852	0.01604	0.00891	0.01248	0.00357	0.01783	0.01248	0.00535	0.01426
39	0.18709	0.03760	0.26656	0.03108	0.04285	0.02509	0.19590	0.03303	0.02217	0.03698	0.01876	0.02317	0.01382	0.00961	0.01002	0.00340	0.01457	0.00888	0.00526	0.01416
40	0.02676	0.01712	0.02111	0.01598	0.02381	0.01368	0.01278	0.03136	0.02541	0.16441	0.12398	0.03587	0.03376	0.01165	0.00936	0.00230	0.00758	0.00969	0.00890	0.40449
41	0.03950	0.05039	0.02996	0.02724	0.03269	0.58597	0.02043	0.04222	0.02996	0.02588	0.01634	0.01907	0.01362	0.01090	0.00953	0.00272	0.01907	0.00681	0.00545	0.01226

[dist]
# distance from previous block
# <min> <max>
0	59

[block]
# block no. 1 follows, 13 sequences, length 62
# corresponding to MSA columns:
# 157-218
name=unknown_B
#
# <colnr> <probs for GDERKNQSTAVLIFYWHMCP>
#	G	D	E	R	K	N	Q	S	T	A	V	L	I	F	Y	W	H	M	C	P
0	0.01288	0.00920	0.01227	0.01472	0.01534	0.00859	0.00981	0.01472	0.02024	0.02699	0.05828	0.62152	0.06993	0.03312	0.01350	0.00429	0.00613	0.03006	0.00981	0.00859
1	0.02496	0.02852	0.06239	0.04456	0.05526	0.02674	0.52406	0.03387	0.02496	0.03387	0.02139	0.02852	0.01604	0.00891	0.01248	0.00357	0.01783	0.01248	0.00535	0.01426
2	0.02439	0.07896	0.02655	0.02094	0.02526	0.12334	0.05080	0.02818	0.02185	0.07592	0.02776	0.07633	0.02529	0.04551	0.28901	0.00981	0.02085	0.01135	0.00648	0.01142
3	0.02617	0.02512	0.04292	0.06490	0.56246	0.02512	0.03245	0.03245	0.02407	0.03454	0.01989	0.02617	0.01675	0.00942	0.01047	0.00314	0.01256	0.00942	0.00523	0.01675
4	0.02353	0.02242	0.03814	0.29423	0.35379	0.02443	0.03113	0.03013	0.02282	0.03133	0.01942	0.02703	0.01562	0.00991	0.01051	0.00330	0.01321	0.00941	0.00501	0.01462
5	0.01464	0.01061	0.01348	0.01307	0.01525	0.00980	0.00949	0.01873	0.02732	0.03803	0.43239	0.12667	0.12529	0.07892	0.01637	0.00407	0.00560	0.01996	0.01086	0.00945
6	0.01524	0.01078	0.01422	0.01422	0.01514	0.01171	0.00975	0.01710	0.01617	0.02249	0.03086	0.05560	0.03254	0.35855	0.31562	0.01356	0.01913	0.01339	0.00604	0.00790
7	0.01837	0.00918	0.01377	0.01377	0.01377	0.00918	0.00918	0.01377	0.01377	0.01837	0.01837	0.03214	0.01837	0.03673	0.04132	0.69238	0.00918	0.00918	0.00459	0.00459
8	0.02404	0.03056	0.20417	0.02073	0.03207	0.01768	0.02156	0.03118	0.02282	0.08348	0.02097	0.02335	0.01588	0.00905	0.00882	0.00231	0.01051	0.00718	0.00630	0.40735
9	0.02317	0.05237	0.48587	0.03093	0.04526	0.07646	0.07307	0.03432	0.02322	0.03281	0.01891	0.02248	0.01361	0.01004	0.01018	0.00331	0.01611	0.00806	0.00462	0.01521
10	0.41388	0.02583	0.07789	0.02762	0.08189	0.02467	0.14201	0.03210	0.02065	0.04168	0.01721	0.02125	0.01324	0.00958	0.00867	0.00334	0.01161	0.00791	0.00595	0.01300
11	0.02537	0.02735	0.05568	0.05157	0.22996	0.02618	0.35473	0.03338	0.02465	0.03410	0.02087	0.02771	0.01629	0.00909	0.01179	0.00342	0.01601	0.01142	0.00531	0.01512
12	0.01997	0.01879	0.03171	0.60301	0.07282	0.02349	0.02936	0.02701	0.02114	0.02701	0.01879	0.02819	0.01409	0.01057	0.01057	0.00352	0.01409	0.00940	0.00470	0.01175
13	0.01726	0.00991	0.01487	0.01487	0.01551	0.01055	0.01055	0.01551	0.01487	0.02046	0.02175	0.03533	0.02111	0.05119	0.22653	0.46294	0.01568	0.00991	0.00496	0.00624
14	0.01454	0.01079	0.01355	0.01286	0.01554	0.00980	0.00964	0.01913	0.02893	0.04002	0.47970	0.08289	0.17843	0.02250	0.01247	0.00337	0.00505	0.01967	0.01133	0.00980
15	0.02347	0.02146	0.03467	0.40773	0.19829	0.02478	0.02932	0.07455	0.02455	0.03265	0.01969	0.02740	0.01515	0.01046	0.01054	0.00339	0.01346	0.00941	0.00538	0.01364
16	0.01324	0.00946	0.01268	0.01513	0.01590	0.00890	0.01044	0.01534	0.02060	0.02739	0.05808	0.57809	0.06914	0.03279	0.01359	0.00434	0.00645	0.06994	0.00981	0.00869
17	0.02055	0.01939	0.03277	0.55234	0.11892	0.02364	0.02965	0.02753	0.02142	0.02772	0.01890	0.02800	0.01434	0.01046	0.01056	0.00349	0.01395	0.00940	0.00475	0.01222
18	0.01276	0.01058	0.01117	0.01133	0.01452	0.00899	0.00838	0.01557	0.02427	0.02969	0.14397	0.14859	0.46995	0.02690	0.01259	0.00362	0.00539	0.02275	0.00999	0.00899
19	0.03184	0.02155	0.02281	0.01842	0.02444	0.02343	0.01491	0.32216	0.03848	0.05553	0.02910	0.03111	0.02170	0.01254	0.00928	0.00288	0.00890	0.00966	0.28660	0.01467
20	0.02630	0.02271	0.02391	0.02152	0.02749	0.02630	0.01674	0.05618	0.54336	0.04423	0.04303	0.03945	0.03228	0.01434	0.01076	0.00359	0.00837	0.01195	0.01076	0.01674
21	0.02957	0.02951	0.03984	0.05519	0.42977	0.11387	0.02941	0.08025	0.02740	0.03618	0.01985	0.02498	0.01637	0.00996	0.01033	0.00308	0.01350	0.00902	0.00577	0.01616
22	0.04744	0.01799	0.02454	0.01881	0.02699	0.01554	0.01554	0.05153	0.03026	0.56979	0.04171	0.03599	0.02617	0.01309	0.01063	0.00327	0.00900	0.01063	0.01309	0.01799
23	0.01361	0.01093	0.01234	0.01312	0.01618	0.00967	0.01032	0.01674	0.02384	0.02916	0.09094	0.14873	0.39980	0.02788	0.01308	0.00394	0.00646	0.13437	0.00980	0.00909
24	0.02617	0.02512	0.04292	0.06490	0.56246	0.02512	0.03245	0.03245	0.02407	0.03454	0.01989	0.02617	0.01675	0.00942	0.01047	0.00314	0.01256	0.00942	0.00523	0.01675
25	0.02760	0.02336	0.02464	0.02178	0.02799	0.02691	0.01705	0.10023	0.49720	0.04632	0.04138	0.03813	0.03094	0.01419	0.01074	0.00355	0.00867	0.01173	0.01074	0.01685
26	0.01287	0.01009	0.01166	0.01262	0.01486	0.00887	0.00895	0.01540	0.02298	0.02910	0.12549	0.31812	0.31344	0.02900	0.01291	0.00385	0.00565	0.02529	0.00997	0.00887
27	0.02808	0.10785	0.34015	0.02802	0.03957	0.21690	0.03076	0.03628	0.02484	0.03009	0.01768	0.02071	0.01349	0.01024	0.00956	0.00303	0.01639	0.00727	0.00480	0.01429
28	0.02700	0.02671	0.04210	0.06254	0.52926	0.06028	0.03170	0.03306	0.02444	0.03400	0.01967	0.02572	0.01655	0.00951	0.01041	0.00311	0.01297	0.00926	0.00525	0.01647
29	0.02436	0.02594	0.02626	0.16451	0.10654	0.18178	0.02041	0.02890	0.02580	0.03047	0.12177	0.08513	0.08405	0.01561	0.01098	0.00327	0.01236	0.01307	0.00704	0.01175
30	0.70310	0.02045	0.01554	0.01390	0.02045	0.02372	0.01145	0.03108	0.01799	0.04744	0.01472	0.01718	0.01145	0.00981	0.00654	0.00327	0.00818	0.00573	0.00654	0.01145
31	0.01280	0.00951	0.01195	0.01391	0.01512	0.00866	0.00945	0.01481	0.02102	0.02731	0.06817	0.51619	0.16887	0.03184	0.01329	0.00415	0.00598	0.02849	0.00982	0.00866
32	0.06601	0.13775	0.22222	0.02710	0.03806	0.06664	0.09777	0.08260	0.02650	0.10652	0.02182	0.02392	0.01584	0.01042	0.00976	0.00312	0.01381	0.00848	0.00650	0.01516
33	0.02694	0.02459	0.10480	0.02811	0.11938	0.02067	0.02108	0.08211	0.12859	0.11886	0.12764	0.08085	0.03950	0.01517	0.01107	0.00339	0.00976	0.01307	0.00932	0.01509
34	0.01673	0.01195	0.01669	0.01912	0.02142	0.01191	0.01651	0.02138	0.02404	0.03130	0.05615	0.15626	0.06152	0.02950	0.01452	0.00483	0.00947	0.45733	0.00974	0.00965
35	0.04744	0.01799	0.02454	0.01881	0.02699	0.01554	0.01554	0.05153	0.03026	0.56979	0.04171	0.03599	0.02617	0.01309	0.01063	0.00327	0.00900	0.01063	0.01309	0.01799
36	0.02927	0.06076	0.08289	0.10035	0.34412	0.02410	0.02873	0.03554	0.02466	0.13298	0.02348	0.02734	0.01780	0.01024	0.01026	0.00317	0.01222	0.00929	0.00654	0.01624
37	0.02153	0.09746	0.39165	0.17256	0.05088	0.02583	0.03476	0.03170	0.02195	0.03110	0.01855	0.02331	0.01358	0.01009	0.00989	0.00330	0.01486	0.00802	0.00453	0.01447
38	0.04517	0.01749	0.02381	0.01843	0.02621	0.01515	0.01515	0.04932	0.03024	0.53295	0.07770	0.03899	0.03131	0.01368	0.01076	0.00328	0.00872	0.01123	0.01299	0.01743
39	0.65657	0.02255	0.01655	0.01484	0.02131	0.06314	0.01208	0.03186	0.01883	0.04593	0.01484	0.01731	0.01160	0.00989	0.00675	0.00323	0.00894	0.00580	0.00647	0.01151
40	0.01263	0.01020	0.01124	0.01207	0.01464	0.00881	0.00864	0.01502	0.02279	0.02803	0.09052	0.27832	0.39231	0.02893	0.01284	0.00382	0.00562	0.02494	0.00982	0.00881
41	0.02932	0.57976	0.05301	0.01895	0.02766	0.09307	0.01831	0.03265	0.02228	0.02497	0.01485	0.01716	0.01357	0.00922	0.00704	0.00230	0.01204	0.00576	0.00461	0.01345
42	0.01288	0.00920	0.01227	0.01472	0.01534	0.00859	0.00981	0.01472	0.02024	0.02699	0.05828	0.62152	0.06993	0.03312	0.01350	0.00429	0.00613	0.03006	0.00981	0.00859
43	0.01802	0.01436	0.06721	0.01699	0.01921	0.01170	0.01426	0.01806	0.01745	0.02358	0.02854	0.05348	0.02906	0.03606	0.07896	0.40028	0.01158	0.12793	0.00594	0.00731
44	0.03215	0.02704	0.03815	0.04761	0.33673	0.02839	0.02718	0.24330	0.03500	0.04822	0.02223	0.02583	0.01727	0.01081	0.01051	0.00315	0.01217	0.00946	0.00751	0.01727
45	0.01303	0.00931	0.01240	0.01462	0.01537	0.00868	0.00983	0.01509	0.02092	0.02807	0.09310	0.58363	0.07201	0.03232	0.01342	0.00423	0.00605	0.02929	0.00994	0.00868
46	0.02869	0.01858	0.02262	0.01650	0.02557	0.01448	0.01333	0.03323	0.02414	0.17638	0.02487	0.02565	0.01845	0.00922	0.00857	0.00202	0.00814	0.00742	0.00807	0.51408
47	0.01524	0.01077	0.01417	0.01417	0.01509	0.01169	0.00970	0.01707	0.01616	0.02246	0.03090	0.05581	0.03263	0.36277	0.31152	0.01351	0.01899	0.01342	0.00605	0.00787
48	0.02197	0.03626	0.29012	0.02571	0.03619	0.02189	0.07122	0.07778	0.06953	0.03873	0.12444	0.04062	0.07168	0.01386	0.01099	0.00338	0.01218	0.01183	0.00731	0.01431
49	0.02797	0.58069	0.05603	0.02045	0.02965	0.04049	0.06324	0.03186	0.02179	0.02568	0.01530	0.01799	0.01379	0.00903	0.00729	0.00238	0.01189	0.00626	0.00460	0.01363
50	0.04444	0.01733	0.02358	0.01830	0.02596	0.01503	0.01503	0.04862	0.03023	0.52117	0.08920	0.03995	0.03296	0.01387	0.01080	0.00328	0.00863	0.01142	0.01295	0.01725
51	0.02390	0.17146	0.03755	0.40489	0.05783	0.02888	0.02572	0.07493	0.02390	0.03019	0.01840	0.02516	0.01433	0.01039	0.00964	0.00318	0.01318	0.00849	0.00520	0.01278
52	0.02597	0.02294	0.07232	0.01806	0.02781	0.01692	0.01589	0.07669	0.02536	0.08746	0.02157	0.02360	0.01666	0.00898	0.00855	0.00204	0.00899	0.00712	0.00715	0.50592
53	0.02709	0.03803	0.27951	0.03567	0.08823	0.02381	0.18688	0.03648	0.02459	0.12155	0.02353	0.02682	0.01659	0.01014	0.01094	0.00339	0.01498	0.00987	0.00622	0.01568
54	0.01997	0.01879	0.03171	0.60301	0.07282	0.02349	0.02936	0.02701	0.02114	0.02701	0.01879	0.02819	0.01409	0.01057	0.01057	0.00352	0.01409	0.00940	0.00470	0.01175
55	0.02391	0.01988	0.03235	0.13838	0.21210	0.02054	0.06637	0.03159	0.07222	0.08014	0.03253	0.16187	0.03041	0.01567	0.01138	0.00356	0.01114	0.01464	0.00739	0.01394
56	0.03042	0.03866	0.31592	0.02856	0.04099	0.02191	0.10394	0.03949	0.02534	0.21047	0.02684	0.02776	0.01801	0.01088	0.01060	0.00336	0.01377	0.00944	0.00744	0.01620
57	0.01701	0.01001	0.01475	0.01475	0.01541	0.01068	0.01041	0.01568	0.01502	0.02069	0.02292	0.03805	0.02261	0.09320	0.23408	0.40684	0.01599	0.01037	0.00510	0.00643
58	0.01378	0.01064	0.01601	0.01695	0.01831	0.00994	0.04817	0.01615	0.02059	0.02750	0.05552	0.57729	0.06591	0.03132	0.01342	0.00424	0.00701	0.02875	0.00948	0.00901
59	0.03738	0.02282	0.11376	0.01972	0.02813	0.01606	0.01846	0.04298	0.02889	0.38809	0.12856	0.04128	0.03700	0.01408	0.01086	0.00329	0.00939	0.01166	0.01140	0.01619
60	0.02463	0.04422	0.39103	0.03062	0.04389	0.02426	0.11252	0.03729	0.07251	0.08241	0.02366	0.02615	0.01674	0.01054	0.01055	0.00340	0.01470	0.00920	0.00597	0.01572
61	0.03670	0.04593	0.03299	0.02879	0.03417	0.48550	0.06423	0.03992	0.02823	0.02653	0.01655	0.02027	0.01385	0.01144	0.01216	0.00298	0.07451	0.00753	0.00536	0.01237

[dist]
# distance from previous block
# <min> <max>
0	1

[block]
# block no. 2 follows, 13 sequences, length 19
# corresponding to MSA columns:
# 220-238
name=unknown_C
#
# <colnr> <probs for GDERKNQSTAVLIFYWHMCP>
#	G	D	E	R	K	N	Q	S	T	A	V	L	I	F	Y	W	H	M	C	P
0	0.47773	0.02029	0.02094	0.15705	0.03372	0.02444	0.01681	0.02960	0.01859	0.04055	0.01563	0.02036	0.01230	0.01077	0.01003	0.00345	0.06334	0.00693	0.00593	0.01153
1	0.03125	0.02776	0.07874	0.03774	0.19117	0.07477	0.05020	0.03635	0.02408	0.15936	0.02334	0.02695	0.01772	0.01264	0.01633	0.00353	0.15650	0.00946	0.00693	0.01518
2	0.02354	0.02238	0.11374	0.01789	0.02609	0.01485	0.01672	0.02952	0.02564	0.11692	0.18360	0.04121	0.04207	0.01313	0.01002	0.00265	0.00848	0.01104	0.00859	0.27192
3	0.02192	0.01879	0.02192	0.01566	0.02506	0.01409	0.01253	0.02662	0.02192	0.03445	0.01879	0.02192	0.01566	0.00783	0.00783	0.00157	0.00783	0.00626	0.00626	0.69305
4	0.02081	0.01530	0.02184	0.02013	0.02430	0.01528	0.05991	0.02996	0.10825	0.07649	0.20000	0.08043	0.06148	0.02160	0.01288	0.00397	0.00876	0.19635	0.01032	0.01192
5	0.06422	0.01759	0.02556	0.12343	0.11203	0.01739	0.01888	0.03588	0.02710	0.24440	0.15731	0.04262	0.03971	0.01400	0.01084	0.00331	0.00939	0.01204	0.00981	0.01449
6	0.03125	0.02518	0.03707	0.04253	0.26700	0.02585	0.06302	0.19549	0.03348	0.08319	0.06753	0.03113	0.02459	0.01172	0.01083	0.00321	0.01179	0.01057	0.00808	0.01649
7	0.03950	0.14213	0.03299	0.02365	0.03037	0.35588	0.01885	0.04266	0.02859	0.15673	0.02217	0.02278	0.01663	0.01111	0.00933	0.00278	0.01532	0.00753	0.00713	0.01386
8	0.02312	0.02109	0.03114	0.17331	0.20863	0.02074	0.02325	0.03065	0.05896	0.03337	0.02084	0.02602	0.01680	0.00946	0.00954	0.00268	0.01089	0.00843	0.00587	0.26523
9	0.01826	0.01648	0.02703	0.46129	0.05897	0.01990	0.02465	0.02405	0.02093	0.02701	0.02830	0.17112	0.02754	0.01600	0.01128	0.00371	0.01218	0.01437	0.00593	0.01098
10	0.03686	0.01830	0.02718	0.16342	0.08522	0.01790	0.02004	0.04172	0.02691	0.35879	0.03523	0.06817	0.02503	0.01335	0.01077	0.00338	0.01037	0.01139	0.01017	0.01582
11	0.02056	0.01674	0.01988	0.01822	0.02380	0.01600	0.01499	0.03127	0.14858	0.03539	0.04402	0.06786	0.06918	0.01864	0.01139	0.00343	0.00854	0.19271	0.00888	0.22994
12	0.02349	0.02130	0.03305	0.04578	0.34829	0.02165	0.02461	0.03310	0.10556	0.03793	0.15281	0.04094	0.03914	0.01312	0.01099	0.00325	0.01009	0.01215	0.00763	0.01511
13	0.25192	0.03581	0.02578	0.02227	0.02880	0.27288	0.01748	0.15549	0.03089	0.04259	0.01800	0.01998	0.01398	0.01098	0.00883	0.00301	0.01379	0.00712	0.00703	0.01338
14	0.02762	0.01967	0.02500	0.01924	0.02612	0.01881	0.01572	0.03161	0.02231	0.14567	0.02246	0.02519	0.01746	0.01152	0.01490	0.00266	0.15291	0.00791	0.00731	0.38590
15	0.02299	0.07723	0.23703	0.17841	0.21624	0.02569	0.03314	0.03147	0.02254	0.03166	0.01892	0.02459	0.01465	0.00990	0.01008	0.00325	0.01397	0.00856	0.00477	0.01491
16	0.02342	0.02198	0.03574	0.23449	0.31170	0.02276	0.02813	0.02969	0.02275	0.03204	0.01934	0.02613	0.01569	0.00954	0.01006	0.00301	0.01228	0.00889	0.00523	0.12713
17	0.17934	0.01205	0.01322	0.01440	0.01661	0.01236	0.01022	0.01913	0.02056	0.03329	0.09218	0.42763	0.05850	0.02648	0.01173	0.00396	0.00652	0.02322	0.00919	0.00940
18	0.03522	0.02350	0.02259	0.01942	0.02464	0.15175	0.01492	0.03830	0.02570	0.26374	0.03209	0.03795	0.02508	0.11841	0.11243	0.00649	0.01482	0.01056	0.00899	0.01341

[dist]
# distance from previous block
# <min> <max>
7	15

[block]
# block no. 3 follows, 13 sequences, length 9
# corresponding to MSA columns:
# 254-262
name=unknown_D
#
# <colnr> <probs for GDERKNQSTAVLIFYWHMCP>
#	G	D	E	R	K	N	Q	S	T	A	V	L	I	F	Y	W	H	M	C	P
0	0.02362	0.12495	0.04526	0.27697	0.13948	0.02764	0.15379	0.03041	0.02264	0.02961	0.01895	0.02608	0.01493	0.00971	0.01041	0.00326	0.01433	0.00956	0.00492	0.01349
1	0.01654	0.01301	0.01546	0.01607	0.01921	0.01292	0.01279	0.02457	0.11079	0.03325	0.11550	0.15829	0.20811	0.02579	0.01301	0.00406	0.00733	0.17265	0.01012	0.01054
2	0.03497	0.01829	0.02495	0.02403	0.09550	0.01723	0.01678	0.09382	0.03154	0.29888	0.17720	0.04520	0.04403	0.01488	0.01110	0.00326	0.00867	0.01266	0.01137	0.01565
3	0.01918	0.01595	0.02541	0.10832	0.19401	0.01684	0.01974	0.02266	0.01982	0.02740	0.02891	0.13337	0.02938	0.08946	0.12939	0.07501	0.01418	0.01378	0.00606	0.01111
4	0.02088	0.01692	0.02234	0.02621	0.13402	0.01679	0.01671	0.10548	0.02864	0.03798	0.11576	0.13096	0.18532	0.02118	0.01212	0.00362	0.00850	0.07514	0.00918	0.01227
5	0.16658	0.09445	0.02884	0.21687	0.06726	0.02465	0.02010	0.08370	0.02534	0.03845	0.10791	0.03255	0.02832	0.01225	0.00957	0.00322	0.01064	0.00980	0.00691	0.01257
6	0.02480	0.02024	0.07427	0.02020	0.02766	0.01515	0.05568	0.02996	0.02383	0.13462	0.03488	0.13798	0.03251	0.01617	0.01077	0.00310	0.00952	0.07591	0.00838	0.24437
7	0.24625	0.11777	0.08813	0.01900	0.02746	0.09831	0.01739	0.03466	0.02273	0.10122	0.01938	0.02106	0.01476	0.00994	0.00808	0.00278	0.01096	0.00678	0.00662	0.12674
8	0.02775	0.01719	0.02115	0.01807	0.02399	0.01637	0.01470	0.07986	0.08925	0.16511	0.14759	0.05710	0.04611	0.01702	0.01128	0.00331	0.00826	0.09819	0.01054	0.12718

[dist]
# distance from previous block
# <min> <max>
1	35

# created by:
# /st0/software/busco_prod/Augustus/scripts/msa2prfl.pl ./align_prep/5906.fa
