[name]
unknown

[dist]
# distance from previous block
# <min> <max>
0	86

[block]
# block no. 0 follows, 15 sequences, length 7
# corresponding to MSA columns:
# 90-96
name=unknown_A
#
# <colnr> <probs for GDERKNQSTAVLIFYWHMCP>
#	G	D	E	R	K	N	Q	S	T	A	V	L	I	F	Y	W	H	M	C	P
0	0.02652	0.01705	0.01974	0.05417	0.02460	0.06018	0.01404	0.03147	0.05398	0.19307	0.07304	0.12529	0.03692	0.05913	0.01327	0.00362	0.00890	0.07419	0.00904	0.10179
1	0.24758	0.02064	0.02124	0.01745	0.02415	0.02221	0.01421	0.17196	0.10331	0.16925	0.03204	0.03074	0.05938	0.01238	0.00896	0.00312	0.00856	0.00928	0.00929	0.01427
2	0.02429	0.01941	0.02711	0.24394	0.08489	0.02242	0.02140	0.09866	0.11251	0.07862	0.02758	0.09343	0.02320	0.01377	0.01215	0.00340	0.06146	0.01141	0.00724	0.01310
3	0.03168	0.01718	0.02106	0.01701	0.02354	0.01583	0.01356	0.10147	0.06413	0.27687	0.04002	0.11833	0.06556	0.01497	0.01006	0.00297	0.00797	0.01252	0.01015	0.13513
4	0.02381	0.01161	0.01580	0.01485	0.01795	0.01051	0.01098	0.02587	0.02266	0.21372	0.11713	0.28607	0.04996	0.02396	0.01507	0.09421	0.00689	0.01837	0.00987	0.01071
5	0.01764	0.01075	0.01403	0.01428	0.01685	0.00983	0.01080	0.02084	0.02345	0.10879	0.17521	0.28586	0.13161	0.02490	0.01216	0.00370	0.00631	0.09313	0.01005	0.00982
6	0.02992	0.01702	0.02059	0.01773	0.02302	0.01715	0.01387	0.10999	0.14139	0.23421	0.07982	0.17678	0.03928	0.01747	0.01079	0.00336	0.00781	0.01494	0.01074	0.01413

[dist]
# distance from previous block
# <min> <max>
0	8

[block]
# block no. 1 follows, 15 sequences, length 10
# corresponding to MSA columns:
# 105-114
name=unknown_B
#
# <colnr> <probs for GDERKNQSTAVLIFYWHMCP>
#	G	D	E	R	K	N	Q	S	T	A	V	L	I	F	Y	W	H	M	C	P
0	0.02138	0.01224	0.01556	0.01492	0.01818	0.01152	0.01107	0.02676	0.07689	0.16393	0.14235	0.30459	0.09466	0.02278	0.01160	0.00355	0.00639	0.02008	0.01036	0.01119
1	0.01794	0.01184	0.01448	0.01466	0.01679	0.01182	0.01028	0.02409	0.10915	0.08365	0.08586	0.34059	0.05294	0.13563	0.01873	0.00478	0.00700	0.02056	0.00926	0.00994
2	0.20638	0.13899	0.03012	0.02029	0.02620	0.02460	0.07088	0.05905	0.02200	0.09395	0.02438	0.03674	0.02170	0.01359	0.01177	0.00333	0.08149	0.09548	0.00687	0.01218
3	0.03209	0.01569	0.01995	0.01589	0.02201	0.01388	0.01245	0.03708	0.06034	0.32684	0.07516	0.03999	0.03044	0.11556	0.01631	0.00390	0.00816	0.01073	0.00997	0.13357
4	0.02425	0.11012	0.22798	0.02722	0.03661	0.10769	0.12116	0.06003	0.02418	0.03112	0.02347	0.03606	0.02063	0.01235	0.01018	0.00321	0.01398	0.09110	0.00563	0.01304
5	0.02801	0.08717	0.05493	0.01798	0.02440	0.01816	0.01562	0.09748	0.02622	0.18746	0.03515	0.13854	0.03191	0.01636	0.01024	0.00314	0.00889	0.08579	0.00893	0.10362
6	0.04473	0.01697	0.02313	0.01774	0.02545	0.01465	0.01465	0.04858	0.02853	0.59437	0.03933	0.03393	0.02468	0.01234	0.01003	0.00308	0.00848	0.01003	0.01234	0.01697
7	0.01635	0.01420	0.02130	0.01942	0.02132	0.01556	0.07342	0.01907	0.01882	0.02554	0.04206	0.22959	0.08985	0.12636	0.02320	0.00497	0.14242	0.08023	0.00719	0.00913
8	0.04082	0.01709	0.02274	0.01725	0.02515	0.01443	0.01419	0.04477	0.02726	0.50322	0.03582	0.03178	0.02307	0.01153	0.00960	0.00282	0.00830	0.00936	0.01130	0.12949
9	0.07999	0.02537	0.12062	0.03259	0.20063	0.02094	0.02277	0.08510	0.05584	0.14377	0.08756	0.03144	0.02635	0.01151	0.00980	0.00307	0.01026	0.00976	0.00777	0.01486

[dist]
# distance from previous block
# <min> <max>
0	3

[block]
# block no. 2 follows, 15 sequences, length 58
# corresponding to MSA columns:
# 118-175
name=unknown_C
#
# <colnr> <probs for GDERKNQSTAVLIFYWHMCP>
#	G	D	E	R	K	N	Q	S	T	A	V	L	I	F	Y	W	H	M	C	P
0	0.02069	0.01529	0.01688	0.01520	0.01838	0.06404	0.01112	0.02317	0.01867	0.08768	0.02737	0.04255	0.02606	0.23965	0.22082	0.00922	0.01555	0.01079	0.00642	0.11045
1	0.47984	0.09546	0.10366	0.01591	0.02382	0.02361	0.01535	0.02933	0.01825	0.03936	0.01479	0.01726	0.01163	0.00904	0.00678	0.00285	0.00903	0.00572	0.00565	0.07267
2	0.01196	0.00942	0.01080	0.01190	0.01394	0.00826	0.00837	0.01410	0.02099	0.02622	0.07905	0.35661	0.33690	0.02810	0.01223	0.00369	0.00540	0.02452	0.00926	0.00826
3	0.01246	0.00881	0.01147	0.01348	0.01398	0.00831	0.00882	0.01396	0.01847	0.02463	0.05179	0.56575	0.06196	0.11405	0.01782	0.00480	0.00630	0.02649	0.00882	0.00782
4	0.02163	0.04151	0.40245	0.03152	0.11831	0.02356	0.03172	0.03571	0.13091	0.03374	0.02255	0.02480	0.01664	0.01020	0.00966	0.00317	0.01295	0.00837	0.00550	0.01509
5	0.72007	0.01928	0.01465	0.01311	0.01928	0.02236	0.01080	0.02930	0.01697	0.04473	0.01388	0.01619	0.01080	0.00925	0.00617	0.00308	0.00771	0.00540	0.00617	0.01080
6	0.01934	0.01824	0.03082	0.57642	0.11395	0.02228	0.02794	0.02592	0.02017	0.02609	0.01781	0.02641	0.01351	0.00987	0.00996	0.00329	0.01316	0.00886	0.00447	0.01149
7	0.02322	0.01971	0.02069	0.01854	0.02390	0.02211	0.01444	0.07938	0.43099	0.04033	0.05087	0.04740	0.13402	0.01564	0.01044	0.00335	0.00756	0.01296	0.00996	0.01447
8	0.02555	0.01262	0.01668	0.01471	0.01859	0.01144	0.01130	0.02905	0.02539	0.24152	0.23001	0.09895	0.05557	0.10948	0.01694	0.00422	0.00720	0.04862	0.01053	0.01163
9	0.04238	0.02074	0.02547	0.01953	0.02733	0.02025	0.01613	0.22268	0.03485	0.41136	0.03403	0.03049	0.02202	0.01221	0.01001	0.00305	0.00934	0.00966	0.01152	0.01696
10	0.01215	0.00868	0.01157	0.01388	0.01446	0.00810	0.00925	0.01388	0.01909	0.02545	0.05495	0.64315	0.06593	0.03123	0.01272	0.00405	0.00578	0.02834	0.00925	0.00810
11	0.01599	0.01070	0.01238	0.01194	0.01522	0.00927	0.00895	0.01897	0.02394	0.09313	0.18025	0.15856	0.35681	0.02367	0.01171	0.00338	0.00547	0.02020	0.00993	0.00953
12	0.02181	0.02181	0.03053	0.02617	0.02617	0.03053	0.02181	0.02399	0.01527	0.02399	0.01309	0.02181	0.01309	0.01745	0.03272	0.00436	0.63141	0.00872	0.00436	0.01091
13	0.02067	0.01772	0.02067	0.01477	0.02362	0.01329	0.01181	0.02510	0.02067	0.03248	0.01772	0.02067	0.01477	0.00738	0.00738	0.00148	0.00738	0.00591	0.00591	0.71059
14	0.08439	0.01438	0.01808	0.01510	0.02029	0.01312	0.01177	0.03455	0.02470	0.33642	0.10263	0.08602	0.07332	0.10111	0.01572	0.00406	0.00775	0.01313	0.01045	0.01300
15	0.11274	0.01216	0.01410	0.01315	0.01621	0.01189	0.00989	0.02254	0.02320	0.09722	0.26042	0.06455	0.09389	0.14556	0.01881	0.00456	0.00690	0.05328	0.00923	0.00968
16	0.01475	0.01053	0.01455	0.01685	0.01857	0.01034	0.01378	0.01838	0.02165	0.02836	0.05351	0.29081	0.06025	0.02878	0.01342	0.00441	0.00804	0.35500	0.00920	0.00882
17	0.28749	0.01405	0.01394	0.01327	0.01712	0.01460	0.00994	0.02423	0.01930	0.10313	0.03959	0.19498	0.09433	0.09535	0.01442	0.00417	0.00725	0.01476	0.00807	0.01002
18	0.21497	0.01446	0.01445	0.01295	0.01664	0.01497	0.00946	0.05872	0.02034	0.09536	0.03879	0.05054	0.11981	0.25074	0.02440	0.00557	0.00829	0.01221	0.00760	0.00973
19	0.01241	0.00887	0.01187	0.01419	0.01488	0.00833	0.00972	0.01434	0.01935	0.02575	0.05480	0.60687	0.06535	0.03098	0.01280	0.00409	0.00602	0.06197	0.00925	0.00817
20	0.01464	0.00966	0.01225	0.01243	0.01284	0.00998	0.00794	0.01492	0.01496	0.02031	0.03040	0.09994	0.03372	0.40332	0.15984	0.10367	0.01269	0.01401	0.00592	0.00655
21	0.44988	0.01706	0.01578	0.01369	0.01909	0.01845	0.01076	0.03075	0.01899	0.15718	0.02244	0.02876	0.01831	0.12466	0.01498	0.00426	0.00823	0.00801	0.00746	0.01126
22	0.25882	0.02041	0.02082	0.01727	0.02357	0.02227	0.01401	0.17890	0.09763	0.12183	0.09998	0.03118	0.02803	0.01245	0.00899	0.00310	0.00833	0.00944	0.00919	0.01376
23	0.03065	0.02432	0.02584	0.02147	0.02815	0.02753	0.01719	0.27683	0.33607	0.05114	0.03314	0.03127	0.02441	0.01283	0.01007	0.00321	0.00927	0.01025	0.01007	0.01630
24	0.01766	0.01034	0.01380	0.01413	0.01626	0.00944	0.01012	0.02048	0.02287	0.11668	0.18722	0.40417	0.06677	0.02555	0.01206	0.00367	0.00592	0.02289	0.01017	0.00980
25	0.01472	0.01037	0.01555	0.01555	0.01705	0.01187	0.01187	0.01705	0.01555	0.02224	0.02524	0.03779	0.02374	0.06853	0.52142	0.12382	0.02390	0.01037	0.00518	0.00819
26	0.04022	0.01870	0.02354	0.01865	0.02597	0.01794	0.01521	0.08852	0.13807	0.44283	0.03839	0.03381	0.02523	0.01255	0.01004	0.00314	0.00856	0.01019	0.01172	0.01673
27	0.59185	0.01884	0.01626	0.01399	0.02045	0.02090	0.01153	0.03296	0.01916	0.14908	0.01871	0.01956	0.01343	0.00984	0.00690	0.00308	0.00786	0.00628	0.00734	0.01197
28	0.01492	0.01013	0.01479	0.01470	0.01606	0.01113	0.01095	0.01668	0.01664	0.02355	0.08741	0.04248	0.03159	0.08856	0.38790	0.16832	0.01936	0.01125	0.00579	0.00780
29	0.01215	0.00868	0.01157	0.01388	0.01446	0.00810	0.00925	0.01388	0.01909	0.02545	0.05495	0.64315	0.06593	0.03123	0.01272	0.00405	0.00578	0.02834	0.00925	0.00810
30	0.72007	0.01928	0.01465	0.01311	0.01928	0.02236	0.01080	0.02930	0.01697	0.04473	0.01388	0.01619	0.01080	0.00925	0.00617	0.00308	0.00771	0.00540	0.00617	0.01080
31	0.01448	0.00920	0.01240	0.01316	0.01359	0.00926	0.00871	0.01434	0.01579	0.02130	0.03454	0.24071	0.03912	0.19717	0.11283	0.20289	0.01049	0.01687	0.00652	0.00664
32	0.02353	0.02689	0.05882	0.04202	0.05210	0.02521	0.55126	0.03193	0.02353	0.03193	0.02017	0.02689	0.01513	0.00840	0.01176	0.00336	0.01681	0.01176	0.00504	0.01345
33	0.01697	0.00889	0.01333	0.01333	0.01353	0.00909	0.00909	0.01353	0.01333	0.01797	0.01837	0.03130	0.01817	0.03915	0.10328	0.63182	0.01069	0.00889	0.00444	0.00484
34	0.01991	0.01882	0.03186	0.52114	0.16475	0.02243	0.02822	0.02642	0.02045	0.02679	0.01791	0.02623	0.01375	0.00977	0.00995	0.00326	0.01302	0.00886	0.00452	0.01195
35	0.02024	0.01924	0.03209	0.46573	0.17035	0.02310	0.02783	0.02639	0.02014	0.02679	0.01757	0.02583	0.01378	0.01032	0.01168	0.00333	0.06020	0.00885	0.00453	0.01202
36	0.02621	0.01575	0.01908	0.01652	0.02145	0.01589	0.01296	0.03830	0.20417	0.19679	0.25320	0.05093	0.05383	0.01589	0.01074	0.00320	0.00680	0.01358	0.01109	0.01361
37	0.01883	0.01772	0.02990	0.62569	0.06866	0.02215	0.02769	0.02547	0.01993	0.02547	0.01772	0.02658	0.01329	0.00997	0.00997	0.00332	0.01329	0.00886	0.00443	0.01107
38	0.02305	0.10510	0.26003	0.02323	0.03289	0.02578	0.02449	0.04166	0.28447	0.03552	0.02834	0.02824	0.02120	0.01131	0.00945	0.00315	0.01099	0.00901	0.00707	0.01502
39	0.01344	0.01025	0.01245	0.01311	0.01512	0.00963	0.00936	0.01791	0.05898	0.03077	0.20631	0.32824	0.18587	0.02580	0.01208	0.00361	0.00547	0.02281	0.00978	0.00903
40	0.48102	0.01757	0.01594	0.01369	0.01972	0.01883	0.01112	0.02959	0.02022	0.10486	0.09916	0.02700	0.02473	0.01104	0.00752	0.00295	0.00734	0.00779	0.00753	0.07237
41	0.12907	0.21007	0.20702	0.02068	0.03039	0.06497	0.02189	0.03471	0.02221	0.14320	0.02029	0.02129	0.01483	0.00980	0.00821	0.00280	0.01154	0.00698	0.00619	0.01385
42	0.01935	0.08009	0.48214	0.02529	0.03795	0.02202	0.03160	0.02929	0.02162	0.03132	0.06241	0.03011	0.06177	0.01136	0.00963	0.00311	0.01308	0.00902	0.00506	0.01378
43	0.01199	0.01011	0.01038	0.01031	0.01359	0.00850	0.00773	0.01470	0.02320	0.02807	0.14299	0.09407	0.54071	0.02482	0.01178	0.00335	0.00502	0.02078	0.00941	0.00850
44	0.02751	0.02201	0.03521	0.19711	0.26496	0.02315	0.06172	0.10187	0.02605	0.10990	0.02203	0.02646	0.01643	0.01001	0.01006	0.00310	0.01200	0.00924	0.00647	0.01471
45	0.10981	0.14113	0.39999	0.02399	0.03620	0.02507	0.02896	0.03216	0.02092	0.06989	0.01820	0.02051	0.01324	0.00949	0.00861	0.00298	0.01279	0.00698	0.00501	0.01409
46	0.01395	0.01084	0.01574	0.02071	0.09721	0.01035	0.01234	0.01629	0.01961	0.02648	0.04972	0.55383	0.05869	0.02800	0.01231	0.00389	0.00666	0.02553	0.00863	0.00921
47	0.02422	0.02323	0.03965	0.10480	0.54738	0.02357	0.03037	0.03020	0.02249	0.03202	0.01867	0.02482	0.01560	0.00897	0.00988	0.00299	0.01195	0.00888	0.00490	0.01543
48	0.03406	0.02054	0.03235	0.04085	0.32445	0.01946	0.02313	0.03901	0.02543	0.29549	0.02838	0.02901	0.01995	0.01050	0.00994	0.00302	0.01027	0.00942	0.00840	0.01634
49	0.03045	0.02374	0.07061	0.02569	0.03359	0.02187	0.15452	0.12300	0.12565	0.18379	0.03192	0.07730	0.02439	0.01275	0.01066	0.00327	0.01112	0.01176	0.00891	0.01501
50	0.01869	0.01262	0.01798	0.01716	0.02008	0.01197	0.05275	0.05660	0.02289	0.09296	0.05129	0.41245	0.08783	0.02538	0.01217	0.00381	0.00747	0.05638	0.00932	0.01021
51	0.02067	0.01772	0.02067	0.01477	0.02362	0.01329	0.01181	0.02510	0.02067	0.03248	0.01772	0.02067	0.01477	0.00738	0.00738	0.00148	0.00738	0.00591	0.00591	0.71059
52	0.03190	0.02114	0.06367	0.02458	0.10724	0.01820	0.01809	0.07356	0.08816	0.25873	0.06801	0.03228	0.02603	0.01159	0.00971	0.00287	0.00907	0.00970	0.00930	0.11617
53	0.18210	0.10362	0.02490	0.01623	0.02389	0.01943	0.01375	0.03858	0.02383	0.31969	0.02738	0.02584	0.01870	0.01046	0.00834	0.00272	0.00845	0.00782	0.00901	0.11527
54	0.12372	0.20757	0.02952	0.01619	0.02342	0.02310	0.01410	0.05942	0.02450	0.19141	0.09218	0.02920	0.02633	0.01120	0.00834	0.00262	0.00856	0.00847	0.00809	0.09206
55	0.03157	0.15174	0.10783	0.02344	0.09084	0.02161	0.01945	0.03666	0.02392	0.24848	0.02546	0.02537	0.01804	0.00999	0.00877	0.00263	0.00996	0.00792	0.00773	0.12860
56	0.20041	0.14340	0.15898	0.01860	0.02735	0.02277	0.01894	0.03443	0.02239	0.18557	0.05949	0.02594	0.02087	0.01074	0.00839	0.00293	0.00989	0.00793	0.00734	0.01365
57	0.31781	0.02597	0.16112	0.01805	0.02644	0.01957	0.01813	0.03403	0.02183	0.18309	0.06535	0.02648	0.02127	0.01096	0.00841	0.00311	0.00942	0.00806	0.00765	0.01326

[dist]
# distance from previous block
# <min> <max>
1	20

[block]
# block no. 3 follows, 15 sequences, length 112
# corresponding to MSA columns:
# 196-307
name=unknown_D
#
# <colnr> <probs for GDERKNQSTAVLIFYWHMCP>
#	G	D	E	R	K	N	Q	S	T	A	V	L	I	F	Y	W	H	M	C	P
0	0.02574	0.02071	0.08578	0.01664	0.02541	0.01432	0.01498	0.03067	0.02282	0.16990	0.03019	0.03043	0.06576	0.01037	0.00865	0.00222	0.00829	0.00838	0.00758	0.40115
1	0.02284	0.02549	0.13878	0.01950	0.02557	0.08501	0.01782	0.03177	0.11742	0.09788	0.07389	0.19206	0.07447	0.01790	0.01072	0.00336	0.00963	0.01518	0.00835	0.01236
2	0.02962	0.21428	0.07918	0.02844	0.09569	0.07726	0.11675	0.03635	0.05978	0.13576	0.02255	0.02426	0.01696	0.00981	0.00913	0.00282	0.01222	0.00841	0.00647	0.01426
3	0.11652	0.02604	0.06911	0.02908	0.12898	0.02509	0.05602	0.24769	0.03214	0.08364	0.02160	0.02349	0.01590	0.01031	0.00935	0.00291	0.01090	0.00840	0.00770	0.07513
4	0.02130	0.02801	0.15968	0.10764	0.13738	0.02219	0.16064	0.03147	0.08564	0.03246	0.05814	0.03317	0.05435	0.01118	0.01053	0.00323	0.01266	0.01080	0.00594	0.01358
5	0.01223	0.01006	0.01080	0.01108	0.01408	0.00864	0.00835	0.01495	0.02280	0.02786	0.12679	0.14243	0.47447	0.02557	0.01198	0.00348	0.00534	0.05123	0.00937	0.00850
6	0.03349	0.20644	0.03380	0.02304	0.09394	0.02459	0.01738	0.10032	0.02761	0.24501	0.07402	0.02978	0.02510	0.01144	0.00908	0.00278	0.00951	0.00906	0.00865	0.01494
7	0.02661	0.03559	0.30701	0.02708	0.03825	0.02117	0.11896	0.06410	0.02506	0.15633	0.06156	0.02865	0.02145	0.01079	0.01018	0.00317	0.01284	0.00953	0.00691	0.01476
8	0.01612	0.01344	0.02073	0.02888	0.19618	0.01304	0.01602	0.01918	0.02023	0.02771	0.04347	0.44700	0.05003	0.02414	0.01182	0.00370	0.00771	0.02217	0.00788	0.01054
9	0.02180	0.07834	0.39651	0.02535	0.03704	0.02460	0.02947	0.03777	0.18233	0.03407	0.02433	0.02550	0.01788	0.01061	0.00949	0.00316	0.01248	0.00839	0.00596	0.01493
10	0.03302	0.02486	0.07039	0.03176	0.15049	0.05437	0.08578	0.07272	0.09056	0.23835	0.02900	0.02909	0.02033	0.01093	0.01012	0.00310	0.01126	0.00969	0.00851	0.01569
11	0.02118	0.04414	0.45631	0.02641	0.03891	0.02356	0.03165	0.03684	0.15607	0.03407	0.02348	0.02502	0.01701	0.01047	0.00964	0.00321	0.01305	0.00833	0.00567	0.01499
12	0.01883	0.01772	0.02990	0.62569	0.06866	0.02215	0.02769	0.02547	0.01993	0.02547	0.01772	0.02658	0.01329	0.00997	0.00997	0.00332	0.01329	0.00886	0.00443	0.01107
13	0.02467	0.02369	0.04046	0.06119	0.58747	0.02369	0.03059	0.03059	0.02270	0.03257	0.01875	0.02467	0.01579	0.00888	0.00987	0.00296	0.01184	0.00888	0.00493	0.01579
14	0.02079	0.15670	0.46129	0.02532	0.03811	0.02514	0.03146	0.03041	0.02139	0.03068	0.05502	0.02373	0.01812	0.01003	0.00908	0.00297	0.01333	0.00772	0.00467	0.01403
15	0.01215	0.00868	0.01157	0.01388	0.01446	0.00810	0.00925	0.01388	0.01909	0.02545	0.05495	0.64315	0.06593	0.03123	0.01272	0.00405	0.00578	0.02834	0.00925	0.00810
16	0.01335	0.01043	0.01220	0.01259	0.01497	0.00966	0.00911	0.01788	0.05960	0.03067	0.20122	0.26024	0.26132	0.02516	0.01196	0.00353	0.00539	0.02196	0.00974	0.00905
17	0.12445	0.01937	0.02802	0.10439	0.19762	0.01928	0.02049	0.03785	0.02422	0.28488	0.02720	0.02794	0.01881	0.01061	0.00946	0.00308	0.00997	0.00893	0.00835	0.01508
18	0.54358	0.02040	0.02120	0.02531	0.16349	0.02270	0.01582	0.02963	0.01842	0.04164	0.01512	0.01835	0.01206	0.00916	0.00711	0.00305	0.00876	0.00628	0.00586	0.01206
19	0.15991	0.10175	0.10006	0.03894	0.28592	0.09259	0.02463	0.03143	0.02176	0.03281	0.01676	0.02085	0.01378	0.00914	0.00861	0.00287	0.01195	0.00734	0.00503	0.01387
20	0.01379	0.00983	0.01318	0.01376	0.01465	0.01042	0.00951	0.01571	0.01629	0.02246	0.03544	0.20113	0.03910	0.25503	0.27236	0.01087	0.01572	0.01643	0.00657	0.00774
21	0.02646	0.02830	0.03484	0.18731	0.32199	0.17203	0.02702	0.03171	0.02345	0.02880	0.01766	0.02343	0.01444	0.00949	0.00967	0.00295	0.01375	0.00825	0.00486	0.01359
22	0.02420	0.43284	0.25353	0.02125	0.03206	0.03344	0.02435	0.03049	0.02055	0.02645	0.01535	0.01786	0.01273	0.00888	0.00753	0.00251	0.01216	0.00608	0.00424	0.01351
23	0.02452	0.02411	0.04288	0.05867	0.51702	0.02389	0.09911	0.03077	0.02281	0.03248	0.01894	0.02496	0.01570	0.00882	0.01012	0.00301	0.01250	0.00926	0.00495	0.01548
24	0.02181	0.02181	0.03053	0.02617	0.02617	0.03053	0.02181	0.02399	0.01527	0.02399	0.01309	0.02181	0.01309	0.01745	0.03272	0.00436	0.63141	0.00872	0.00436	0.01091
25	0.02660	0.02452	0.06955	0.01892	0.02313	0.16122	0.01541	0.06161	0.02201	0.09403	0.02198	0.02965	0.01873	0.06389	0.09413	0.21585	0.01388	0.00878	0.00608	0.01003
26	0.02991	0.02993	0.02237	0.02046	0.02420	0.30722	0.01516	0.03351	0.08957	0.06292	0.02071	0.02532	0.01721	0.01854	0.01871	0.22704	0.01315	0.00797	0.00598	0.01015
27	0.02208	0.01072	0.01536	0.01464	0.01656	0.01024	0.01091	0.02112	0.01825	0.12846	0.05941	0.04565	0.02905	0.02859	0.02826	0.43275	0.00847	0.08488	0.00693	0.00770
28	0.72007	0.01928	0.01465	0.01311	0.01928	0.02236	0.01080	0.02930	0.01697	0.04473	0.01388	0.01619	0.01080	0.00925	0.00617	0.00308	0.00771	0.00540	0.00617	0.01080
29	0.03557	0.02622	0.02754	0.02184	0.02885	0.06653	0.01781	0.41094	0.04030	0.10103	0.02501	0.02623	0.01830	0.01949	0.08264	0.00455	0.01314	0.00910	0.00929	0.01561
30	0.01252	0.00896	0.01190	0.01363	0.01454	0.00835	0.00928	0.01482	0.02082	0.02821	0.15514	0.53508	0.07128	0.02917	0.01254	0.00388	0.00558	0.02638	0.00958	0.00835
31	0.01211	0.00880	0.01144	0.01356	0.01437	0.00812	0.00911	0.01392	0.01940	0.02558	0.05890	0.59618	0.11035	0.03072	0.01264	0.00399	0.00572	0.02771	0.00925	0.00812
32	0.01215	0.00868	0.01157	0.01388	0.01446	0.00810	0.00925	0.01388	0.01909	0.02545	0.05495	0.64315	0.06593	0.03123	0.01272	0.00405	0.00578	0.02834	0.00925	0.00810
33	0.26102	0.01836	0.02081	0.01656	0.02379	0.01809	0.01367	0.07233	0.02591	0.38654	0.03025	0.02765	0.01977	0.01133	0.00878	0.00308	0.00838	0.00848	0.01022	0.01499
34	0.02111	0.01518	0.01749	0.01630	0.01918	0.01591	0.01196	0.18580	0.02702	0.03609	0.03931	0.27597	0.04274	0.17382	0.02107	0.00510	0.00857	0.04820	0.00870	0.01048
35	0.72007	0.01928	0.01465	0.01311	0.01928	0.02236	0.01080	0.02930	0.01697	0.04473	0.01388	0.01619	0.01080	0.00925	0.00617	0.00308	0.00771	0.00540	0.00617	0.01080
36	0.01647	0.01309	0.01514	0.01411	0.01750	0.01323	0.01073	0.02688	0.16805	0.03806	0.35398	0.06866	0.16628	0.01948	0.01134	0.00324	0.00560	0.01682	0.01045	0.01088
37	0.24574	0.01776	0.01786	0.01618	0.02137	0.01960	0.01266	0.03793	0.22012	0.10974	0.03339	0.11087	0.02792	0.01427	0.00902	0.00328	0.00743	0.01141	0.05052	0.01294
38	0.01222	0.00963	0.01063	0.01131	0.01344	0.00847	0.00788	0.01420	0.02065	0.02557	0.07894	0.25316	0.36431	0.10332	0.01682	0.00434	0.00583	0.02239	0.00886	0.00803
39	0.04299	0.01975	0.02486	0.01906	0.02684	0.01878	0.01574	0.17692	0.03319	0.45946	0.03542	0.03139	0.02272	0.01224	0.01001	0.00306	0.00911	0.00976	0.01174	0.01696
40	0.01293	0.01014	0.01169	0.01130	0.01417	0.00890	0.00848	0.01653	0.02543	0.03336	0.33817	0.08536	0.34223	0.02285	0.01177	0.00325	0.00488	0.01956	0.01010	0.00890
41	0.02179	0.04267	0.45095	0.02511	0.03755	0.02131	0.03062	0.06516	0.02345	0.06988	0.02985	0.03123	0.08346	0.01175	0.00982	0.00317	0.01289	0.00932	0.00574	0.01425
42	0.72007	0.01928	0.01465	0.01311	0.01928	0.02236	0.01080	0.02930	0.01697	0.04473	0.01388	0.01619	0.01080	0.00925	0.00617	0.00308	0.00771	0.00540	0.00617	0.01080
43	0.23492	0.01550	0.01597	0.01325	0.01911	0.01510	0.01065	0.03076	0.02129	0.15612	0.02556	0.02707	0.01890	0.01026	0.00745	0.00255	0.00689	0.00764	0.21689	0.14411
44	0.01462	0.01042	0.01365	0.01369	0.01572	0.00993	0.01053	0.01868	0.02518	0.03488	0.38554	0.08216	0.07785	0.10486	0.01736	0.00434	0.00641	0.13539	0.00990	0.00891
45	0.03724	0.04751	0.02825	0.02568	0.03082	0.60963	0.01926	0.03981	0.02825	0.02440	0.01541	0.01798	0.01284	0.01027	0.00899	0.00257	0.01798	0.00642	0.00514	0.01156
46	0.02480	0.02141	0.02254	0.02029	0.02592	0.02480	0.01578	0.05297	0.56946	0.04170	0.04057	0.03719	0.03043	0.01352	0.01014	0.00338	0.00789	0.01127	0.01014	0.01578
47	0.01451	0.01029	0.01454	0.01454	0.01576	0.01151	0.01062	0.01666	0.01544	0.02180	0.02723	0.04501	0.02721	0.21421	0.43308	0.06150	0.02127	0.01149	0.00544	0.00788
48	0.01326	0.00972	0.01270	0.01467	0.01617	0.00915	0.01105	0.01597	0.02077	0.02698	0.06100	0.40477	0.13868	0.02926	0.01290	0.00411	0.00669	0.17446	0.00923	0.00847
49	0.01883	0.01772	0.02990	0.62569	0.06866	0.02215	0.02769	0.02547	0.01993	0.02547	0.01772	0.02658	0.01329	0.00997	0.00997	0.00332	0.01329	0.00886	0.00443	0.01107
50	0.02350	0.02005	0.02142	0.01935	0.02459	0.02293	0.01501	0.04883	0.50382	0.04149	0.10626	0.04171	0.03815	0.01436	0.01034	0.00335	0.00750	0.01209	0.01024	0.01501
51	0.72007	0.01928	0.01465	0.01311	0.01928	0.02236	0.01080	0.02930	0.01697	0.04473	0.01388	0.01619	0.01080	0.00925	0.00617	0.00308	0.00771	0.00540	0.00617	0.01080
52	0.02400	0.02300	0.03924	0.12645	0.52748	0.02351	0.03026	0.03000	0.02238	0.03175	0.01863	0.02489	0.01550	0.00901	0.00988	0.00300	0.01201	0.00888	0.00488	0.01525
53	0.01215	0.00868	0.01157	0.01388	0.01446	0.00810	0.00925	0.01388	0.01909	0.02545	0.05495	0.64315	0.06593	0.03123	0.01272	0.00405	0.00578	0.02834	0.00925	0.00810
54	0.01450	0.00966	0.01087	0.01087	0.01087	0.00966	0.00604	0.01450	0.01450	0.01933	0.03141	0.06524	0.03624	0.64965	0.05074	0.00966	0.00966	0.01450	0.00604	0.00604
55	0.02067	0.01772	0.02067	0.01477	0.02362	0.01329	0.01181	0.02510	0.02067	0.03248	0.01772	0.02067	0.01477	0.00738	0.00738	0.00148	0.00738	0.00591	0.00591	0.71059
56	0.72007	0.01928	0.01465	0.01311	0.01928	0.02236	0.01080	0.02930	0.01697	0.04473	0.01388	0.01619	0.01080	0.00925	0.00617	0.00308	0.00771	0.00540	0.00617	0.01080
57	0.02067	0.01772	0.02067	0.01477	0.02362	0.01329	0.01181	0.02510	0.02067	0.03248	0.01772	0.02067	0.01477	0.00738	0.00738	0.00148	0.00738	0.00591	0.00591	0.71059
58	0.02181	0.02181	0.03053	0.02617	0.02617	0.03053	0.02181	0.02399	0.01527	0.02399	0.01309	0.02181	0.01309	0.01745	0.03272	0.00436	0.63141	0.00872	0.00436	0.01091
59	0.01215	0.00868	0.01157	0.01388	0.01446	0.00810	0.00925	0.01388	0.01909	0.02545	0.05495	0.64315	0.06593	0.03123	0.01272	0.00405	0.00578	0.02834	0.00925	0.00810
60	0.01430	0.01046	0.01492	0.01492	0.01632	0.01186	0.01109	0.01710	0.01570	0.02233	0.02771	0.04472	0.02734	0.19736	0.49086	0.01467	0.02307	0.01149	0.00549	0.00829
61	0.04103	0.01607	0.02164	0.01690	0.02367	0.01404	0.01360	0.04442	0.02682	0.52409	0.03836	0.03776	0.02609	0.09023	0.01500	0.00389	0.00863	0.01057	0.01157	0.01563
62	0.72007	0.01928	0.01465	0.01311	0.01928	0.02236	0.01080	0.02930	0.01697	0.04473	0.01388	0.01619	0.01080	0.00925	0.00617	0.00308	0.00771	0.00540	0.00617	0.01080
63	0.03977	0.01602	0.02191	0.01784	0.02462	0.01410	0.01490	0.04375	0.02757	0.49671	0.04166	0.04751	0.03033	0.01497	0.01067	0.00335	0.00860	0.09831	0.01179	0.01562
64	0.26263	0.01766	0.01930	0.01620	0.02243	0.01800	0.01305	0.06935	0.05659	0.27762	0.03194	0.10209	0.02499	0.01367	0.00908	0.00321	0.00802	0.01074	0.00964	0.01377
65	0.01229	0.01022	0.01080	0.01095	0.01417	0.00874	0.00841	0.01512	0.02307	0.02795	0.12524	0.09609	0.50940	0.02516	0.01195	0.00346	0.00538	0.06371	0.00935	0.00854
66	0.01805	0.01433	0.01672	0.01540	0.01896	0.01508	0.01176	0.03141	0.22780	0.04061	0.38248	0.06072	0.07060	0.01785	0.01116	0.00323	0.00588	0.01554	0.01067	0.01176
67	0.14253	0.01304	0.01510	0.01333	0.01744	0.01270	0.01044	0.02721	0.02552	0.15386	0.31097	0.05191	0.05776	0.01583	0.00990	0.00302	0.00599	0.01323	0.08905	0.01118
68	0.01215	0.00868	0.01157	0.01388	0.01446	0.00810	0.00925	0.01388	0.01909	0.02545	0.05495	0.64315	0.06593	0.03123	0.01272	0.00405	0.00578	0.02834	0.00925	0.00810
69	0.01732	0.00866	0.01299	0.01299	0.01299	0.00866	0.00866	0.01299	0.01299	0.01732	0.01732	0.03030	0.01732	0.03463	0.03896	0.70996	0.00866	0.00866	0.00433	0.00433
70	0.04473	0.01697	0.02313	0.01774	0.02545	0.01465	0.01465	0.04858	0.02853	0.59437	0.03933	0.03393	0.02468	0.01234	0.01003	0.00308	0.00848	0.01003	0.01234	0.01697
71	0.02627	0.01354	0.01768	0.01628	0.02021	0.01273	0.01272	0.06380	0.02513	0.22770	0.07950	0.20854	0.04603	0.07506	0.01498	0.00416	0.00794	0.10564	0.01020	0.01189
72	0.04473	0.01697	0.02313	0.01774	0.02545	0.01465	0.01465	0.04858	0.02853	0.59437	0.03933	0.03393	0.02468	0.01234	0.01003	0.00308	0.00848	0.01003	0.01234	0.01697
73	0.04427	0.01770	0.02359	0.01809	0.02581	0.01574	0.01494	0.08250	0.02976	0.55872	0.03830	0.03326	0.02416	0.01231	0.01002	0.00308	0.00865	0.00995	0.01218	0.01696
74	0.24165	0.02045	0.02238	0.01771	0.02503	0.02109	0.01462	0.17246	0.02983	0.29649	0.02790	0.02615	0.01861	0.01134	0.00888	0.00306	0.00889	0.00839	0.00992	0.01515
75	0.01215	0.00868	0.01157	0.01388	0.01446	0.00810	0.00925	0.01388	0.01909	0.02545	0.05495	0.64315	0.06593	0.03123	0.01272	0.00405	0.00578	0.02834	0.00925	0.00810
76	0.01702	0.01236	0.01535	0.01381	0.01685	0.01203	0.01057	0.08425	0.03050	0.04277	0.51398	0.06829	0.08464	0.01935	0.01154	0.00312	0.00547	0.01692	0.01085	0.01033
77	0.02067	0.01772	0.02067	0.01477	0.02362	0.01329	0.01181	0.02510	0.02067	0.03248	0.01772	0.02067	0.01477	0.00738	0.00738	0.00148	0.00738	0.00591	0.00591	0.71059
78	0.03309	0.02892	0.20838	0.02287	0.03259	0.01896	0.05490	0.07404	0.02625	0.30752	0.02946	0.02907	0.01975	0.01524	0.04920	0.00396	0.01234	0.00926	0.00868	0.01551
79	0.01606	0.01147	0.01606	0.01836	0.02065	0.01147	0.01606	0.02065	0.02295	0.02983	0.05278	0.11245	0.05737	0.02754	0.01377	0.00459	0.00918	0.52037	0.00918	0.00918
80	0.02310	0.02988	0.12416	0.04037	0.05102	0.02496	0.48892	0.03189	0.02323	0.03189	0.01989	0.02618	0.01482	0.00853	0.01149	0.00334	0.01656	0.01123	0.00494	0.01360
81	0.02366	0.02265	0.03864	0.15885	0.49771	0.02342	0.03009	0.02971	0.02222	0.03134	0.01857	0.02500	0.01536	0.00907	0.00989	0.00302	0.01209	0.00888	0.00485	0.01497
82	0.72007	0.01928	0.01465	0.01311	0.01928	0.02236	0.01080	0.02930	0.01697	0.04473	0.01388	0.01619	0.01080	0.00925	0.00617	0.00308	0.00771	0.00540	0.00617	0.01080
83	0.03479	0.18819	0.03380	0.02369	0.02961	0.47774	0.01875	0.03750	0.02640	0.02418	0.01505	0.01752	0.01283	0.00987	0.00839	0.00247	0.01629	0.00617	0.00493	0.01184
84	0.02465	0.19821	0.18732	0.03077	0.04118	0.07856	0.23998	0.03198	0.02247	0.02899	0.01756	0.02185	0.01371	0.00886	0.00957	0.00292	0.01480	0.00855	0.00464	0.01343
85	0.06701	0.02830	0.02875	0.03322	0.19193	0.16627	0.02070	0.04186	0.24608	0.03499	0.02654	0.02766	0.02075	0.01113	0.00956	0.00304	0.01149	0.00906	0.00717	0.01448
86	0.04473	0.01697	0.02313	0.01774	0.02545	0.01465	0.01465	0.04858	0.02853	0.59437	0.03933	0.03393	0.02468	0.01234	0.01003	0.00308	0.00848	0.01003	0.01234	0.01697
87	0.01883	0.01772	0.02990	0.62569	0.06866	0.02215	0.02769	0.02547	0.01993	0.02547	0.01772	0.02658	0.01329	0.00997	0.00997	0.00332	0.01329	0.00886	0.00443	0.01107
88	0.02959	0.14158	0.02894	0.02024	0.02611	0.23365	0.01631	0.13363	0.06517	0.03445	0.07753	0.03441	0.09148	0.01320	0.00938	0.00277	0.01195	0.00982	0.00725	0.01253
89	0.03520	0.01634	0.02098	0.01754	0.02360	0.01542	0.01391	0.04329	0.12925	0.38934	0.04232	0.14208	0.03305	0.01590	0.01052	0.00331	0.00789	0.01349	0.01138	0.01518
90	0.02181	0.02181	0.03053	0.02617	0.02617	0.03053	0.02181	0.02399	0.01527	0.02399	0.01309	0.02181	0.01309	0.01745	0.03272	0.00436	0.63141	0.00872	0.00436	0.01091
91	0.01178	0.01010	0.01010	0.01010	0.01347	0.00842	0.00757	0.01431	0.02272	0.02693	0.10099	0.09594	0.58342	0.02525	0.01178	0.00337	0.00505	0.02104	0.00926	0.00842
92	0.10025	0.01771	0.02233	0.01765	0.02498	0.01655	0.01446	0.04746	0.09365	0.47966	0.03730	0.03281	0.02419	0.01222	0.00971	0.00312	0.00834	0.00978	0.01154	0.01629
93	0.01215	0.00868	0.01157	0.01388	0.01446	0.00810	0.00925	0.01388	0.01909	0.02545	0.05495	0.64315	0.06593	0.03123	0.01272	0.00405	0.00578	0.02834	0.00925	0.00810
94	0.03724	0.04751	0.02825	0.02568	0.03082	0.60963	0.01926	0.03981	0.02825	0.02440	0.01541	0.01798	0.01284	0.01027	0.00899	0.00257	0.01798	0.00642	0.00514	0.01156
95	0.03061	0.01601	0.01856	0.01562	0.02098	0.01614	0.01245	0.08363	0.13609	0.23474	0.03578	0.03491	0.02549	0.01228	0.00893	0.00286	0.00718	0.00992	0.26391	0.01393
96	0.02033	0.01135	0.01465	0.01372	0.01701	0.01013	0.01030	0.02375	0.02511	0.16250	0.24793	0.21456	0.14517	0.02205	0.01161	0.00339	0.00591	0.01929	0.01059	0.01067
97	0.03815	0.04378	0.02763	0.02471	0.03016	0.53692	0.01870	0.04088	0.02828	0.09406	0.01833	0.01993	0.01429	0.01053	0.00912	0.00263	0.01682	0.00686	0.00602	0.01222
98	0.01389	0.01050	0.01295	0.01345	0.01547	0.01004	0.00965	0.01906	0.07008	0.03226	0.24919	0.31483	0.14109	0.02503	0.01203	0.00357	0.00548	0.02221	0.00995	0.00927
99	0.07258	0.01464	0.01903	0.01618	0.02146	0.01334	0.01279	0.03636	0.02444	0.36961	0.04013	0.12366	0.03354	0.09384	0.01546	0.00414	0.00829	0.05652	0.01054	0.01345
100	0.01243	0.00880	0.01148	0.01351	0.01402	0.00829	0.00886	0.01396	0.01853	0.02470	0.05207	0.57252	0.06231	0.10681	0.01737	0.00473	0.00626	0.02665	0.00886	0.00785
101	0.01450	0.00966	0.01087	0.01087	0.01087	0.00966	0.00604	0.01450	0.01450	0.01933	0.03141	0.06524	0.03624	0.64965	0.05074	0.00966	0.00966	0.01450	0.00604	0.00604
102	0.03238	0.01662	0.02066	0.01772	0.02340	0.01633	0.01391	0.04297	0.18578	0.31860	0.04280	0.15610	0.03458	0.01645	0.01060	0.00336	0.00777	0.01404	0.01108	0.01485
103	0.02160	0.01267	0.01651	0.01506	0.01672	0.01329	0.01080	0.12558	0.02004	0.02678	0.01869	0.02898	0.01724	0.02992	0.03293	0.56288	0.00914	0.00872	0.00550	0.00696
104	0.02353	0.02689	0.05882	0.04202	0.05210	0.02521	0.55126	0.03193	0.02353	0.03193	0.02017	0.02689	0.01513	0.00840	0.01176	0.00336	0.01681	0.01176	0.00504	0.01345
105	0.09918	0.01099	0.01200	0.01198	0.01483	0.01039	0.00889	0.01755	0.02316	0.03315	0.24127	0.18086	0.25500	0.02279	0.01126	0.00338	0.00540	0.01949	0.00945	0.00898
106	0.02278	0.01897	0.02180	0.01576	0.02452	0.01544	0.01268	0.08977	0.02387	0.03619	0.01848	0.02107	0.01503	0.00794	0.00770	0.00166	0.00782	0.00628	0.00640	0.62582
107	0.02723	0.02087	0.02261	0.01998	0.02586	0.02356	0.01564	0.05244	0.50335	0.10925	0.04042	0.03679	0.02973	0.01338	0.01013	0.00334	0.00796	0.01112	0.01041	0.01592
108	0.63451	0.02322	0.08594	0.01498	0.02220	0.02246	0.01398	0.02958	0.01746	0.04312	0.01437	0.01679	0.01102	0.00928	0.00657	0.00309	0.00857	0.00564	0.00593	0.01128
109	0.01413	0.01070	0.01497	0.01908	0.08380	0.01030	0.01124	0.01604	0.01864	0.02514	0.04599	0.45635	0.05409	0.14751	0.01969	0.00500	0.00727	0.02330	0.00811	0.00864
110	0.02143	0.12460	0.45836	0.02598	0.03881	0.02542	0.03175	0.03397	0.08797	0.03178	0.02015	0.02238	0.01482	0.00985	0.00916	0.00305	0.01338	0.00759	0.00494	0.01461
111	0.01207	0.01011	0.01049	0.01040	0.01364	0.00854	0.00780	0.01486	0.02339	0.02852	0.15980	0.09332	0.52362	0.02465	0.01178	0.00334	0.00501	0.02067	0.00947	0.00854

[dist]
# distance from previous block
# <min> <max>
0	2

[block]
# block no. 4 follows, 15 sequences, length 11
# corresponding to MSA columns:
# 310-320
name=unknown_E
#
# <colnr> <probs for GDERKNQSTAVLIFYWHMCP>
#	G	D	E	R	K	N	Q	S	T	A	V	L	I	F	Y	W	H	M	C	P
0	0.01355	0.00976	0.01282	0.01293	0.01477	0.00903	0.00936	0.01740	0.02560	0.03582	0.43122	0.23732	0.08601	0.02349	0.01203	0.00340	0.00501	0.02098	0.01048	0.00903
1	0.30311	0.01984	0.06993	0.01726	0.02365	0.01780	0.07823	0.02587	0.02027	0.06480	0.04209	0.04394	0.17736	0.04311	0.01099	0.00351	0.00880	0.01149	0.00706	0.01089
2	0.02300	0.02198	0.03744	0.22284	0.43890	0.02325	0.02976	0.02913	0.02191	0.03054	0.01846	0.02522	0.01507	0.00919	0.00990	0.00306	0.01226	0.00888	0.00479	0.01444
3	0.01355	0.00976	0.01282	0.01293	0.01477	0.00903	0.00936	0.01740	0.02560	0.03582	0.43122	0.23732	0.08601	0.02349	0.01203	0.00340	0.00501	0.02098	0.01048	0.00903
4	0.01588	0.01176	0.01664	0.18746	0.02799	0.01298	0.01284	0.01740	0.01627	0.02138	0.02782	0.10033	0.02995	0.33729	0.03431	0.09300	0.01024	0.01338	0.00565	0.00745
5	0.02176	0.03925	0.32878	0.03521	0.04762	0.02418	0.29369	0.03175	0.02229	0.03175	0.01903	0.02396	0.01388	0.00894	0.01062	0.00326	0.01577	0.00956	0.00463	0.01409
6	0.01450	0.00966	0.01087	0.01087	0.01087	0.00966	0.00604	0.01450	0.01450	0.01933	0.03141	0.06524	0.03624	0.64965	0.05074	0.00966	0.00966	0.01450	0.00604	0.00604
7	0.02428	0.01751	0.01927	0.01728	0.02155	0.01922	0.01285	0.04142	0.34438	0.10289	0.03780	0.04483	0.03139	0.19554	0.02175	0.00514	0.00847	0.01204	0.00924	0.01314
8	0.03000	0.02518	0.03517	0.03641	0.21451	0.02581	0.07588	0.26498	0.03338	0.04607	0.02109	0.02408	0.01612	0.01003	0.00980	0.00283	0.01141	0.00885	0.00732	0.10105
9	0.01718	0.01150	0.01768	0.18821	0.02894	0.01268	0.01395	0.01728	0.01665	0.02213	0.07596	0.03676	0.02560	0.07979	0.02893	0.37480	0.00967	0.01018	0.00518	0.00692
10	0.02130	0.02035	0.03253	0.08454	0.03635	0.01760	0.16790	0.02710	0.02142	0.03161	0.01842	0.02305	0.01472	0.00794	0.00890	0.00220	0.01068	0.00788	0.00551	0.44000

[dist]
# distance from previous block
# <min> <max>
0	90

# created by:
# /st0/software/busco_prod/Augustus/scripts/msa2prfl.pl ./align_prep/5929.fa
