[name]
unknown

[dist]
# distance from previous block
# <min> <max>
32	607

[block]
# block no. 0 follows, 11 sequences, length 18
# corresponding to MSA columns:
# 703-718,720,721
name=unknown_A
#
# <colnr> <probs for GDERKNQSTAVLIFYWHMCP>
#	G	D	E	R	K	N	Q	S	T	A	V	L	I	F	Y	W	H	M	C	P
0	0.30603	0.02309	0.02552	0.02144	0.02733	0.06478	0.07548	0.06882	0.02311	0.04059	0.02010	0.02650	0.01674	0.02446	0.08332	0.11138	0.01410	0.00878	0.00662	0.01180
1	0.02918	0.03760	0.21198	0.07464	0.04208	0.09220	0.08714	0.03668	0.02539	0.11476	0.02631	0.03428	0.02080	0.09718	0.01785	0.00457	0.01530	0.01061	0.00683	0.01462
2	0.02023	0.10627	0.09159	0.10813	0.03417	0.02018	0.02033	0.02552	0.02299	0.03097	0.03769	0.21412	0.04007	0.02064	0.01176	0.00371	0.01069	0.07640	0.00756	0.09700
3	0.11418	0.08441	0.17836	0.02579	0.03619	0.02694	0.06373	0.04453	0.15787	0.11321	0.02991	0.03018	0.02168	0.01218	0.01043	0.00353	0.01229	0.00988	0.00827	0.01644
4	0.02877	0.11293	0.21378	0.02259	0.03382	0.02264	0.02432	0.03604	0.02571	0.14716	0.03704	0.03705	0.08402	0.01320	0.01033	0.00313	0.01174	0.01041	0.00784	0.11748
5	0.02671	0.02291	0.08544	0.02048	0.02583	0.05690	0.01734	0.06994	0.02743	0.13366	0.04691	0.32249	0.04842	0.02432	0.01272	0.00400	0.00995	0.02120	0.01013	0.01321
6	0.12103	0.02242	0.02559	0.02078	0.02810	0.02302	0.01677	0.20387	0.03629	0.23084	0.03740	0.12038	0.03017	0.01673	0.01124	0.00362	0.00999	0.01352	0.01155	0.01669
7	0.02483	0.02555	0.09658	0.16447	0.12439	0.02252	0.02567	0.03523	0.09000	0.06509	0.02645	0.03179	0.02065	0.02040	0.07930	0.00514	0.01472	0.01001	0.00684	0.11037
8	0.02498	0.03783	0.24189	0.03191	0.10535	0.02491	0.02911	0.04122	0.16474	0.03925	0.02766	0.02948	0.02092	0.01153	0.01058	0.00329	0.01259	0.00954	0.00711	0.12613
9	0.01883	0.01814	0.08343	0.01880	0.02159	0.01509	0.01596	0.02055	0.02116	0.02984	0.14215	0.13234	0.04680	0.02877	0.02720	0.24409	0.08297	0.01555	0.00747	0.00930
10	0.17196	0.02058	0.06068	0.01753	0.02421	0.01797	0.01525	0.06553	0.02921	0.15900	0.17690	0.05357	0.10884	0.01725	0.01111	0.00354	0.00847	0.01394	0.01062	0.01384
11	0.02847	0.21222	0.30966	0.02789	0.04045	0.13498	0.03147	0.03691	0.02509	0.03150	0.01838	0.02149	0.01436	0.01057	0.00962	0.00311	0.01606	0.00747	0.00497	0.01532
12	0.01882	0.01844	0.08424	0.10662	0.03000	0.01539	0.01797	0.02176	0.01951	0.02635	0.03107	0.05806	0.03166	0.18940	0.07732	0.14417	0.01358	0.07993	0.00635	0.00936
13	0.01492	0.01062	0.01326	0.01439	0.01525	0.01042	0.00944	0.01652	0.01962	0.02608	0.05308	0.29837	0.09630	0.24428	0.09775	0.00846	0.01097	0.02320	0.00860	0.00846
14	0.03579	0.02932	0.14334	0.03232	0.10452	0.02104	0.08520	0.04304	0.02878	0.26314	0.07024	0.03627	0.02820	0.01284	0.01156	0.00353	0.01247	0.01145	0.00967	0.01728
15	0.15645	0.03359	0.15141	0.02817	0.03916	0.02654	0.12150	0.13179	0.02956	0.04626	0.02127	0.02470	0.01586	0.01062	0.01026	0.00326	0.01337	0.00905	0.00706	0.12011
16	0.02006	0.01839	0.03048	0.48832	0.06782	0.02249	0.02796	0.02668	0.02235	0.02875	0.02667	0.11993	0.02443	0.01506	0.01175	0.00388	0.01366	0.01349	0.00586	0.01197
17	0.57887	0.02149	0.01927	0.10401	0.03061	0.02521	0.01521	0.03240	0.01969	0.04705	0.01636	0.02014	0.01264	0.01058	0.00765	0.00353	0.00971	0.00671	0.00665	0.01224

[dist]
# distance from previous block
# <min> <max>
11	54

[block]
# block no. 1 follows, 11 sequences, length 18
# corresponding to MSA columns:
# 778-795
name=unknown_B
#
# <colnr> <probs for GDERKNQSTAVLIFYWHMCP>
#	G	D	E	R	K	N	Q	S	T	A	V	L	I	F	Y	W	H	M	C	P
0	0.12414	0.02973	0.14316	0.02283	0.03018	0.05826	0.02195	0.03442	0.02488	0.12495	0.09905	0.03638	0.03143	0.02177	0.06972	0.00514	0.08912	0.01081	0.00803	0.01405
1	0.02535	0.13543	0.20199	0.02330	0.03298	0.02641	0.02445	0.10036	0.06355	0.04264	0.16439	0.04137	0.04211	0.01468	0.01094	0.00335	0.01151	0.01185	0.00831	0.01502
2	0.03125	0.17283	0.20549	0.02452	0.03521	0.09009	0.02562	0.04019	0.06429	0.12149	0.03145	0.03178	0.05351	0.01269	0.01017	0.00324	0.01342	0.00958	0.00740	0.01575
3	0.03571	0.03417	0.23515	0.02430	0.03560	0.01982	0.02606	0.04368	0.02876	0.28696	0.08373	0.03707	0.03031	0.01354	0.01126	0.00352	0.01200	0.01102	0.01007	0.01727
4	0.01413	0.01082	0.01369	0.01488	0.01684	0.01039	0.01068	0.01684	0.02205	0.02866	0.07114	0.31574	0.20763	0.04441	0.13927	0.00743	0.01169	0.02482	0.00943	0.00946
5	0.03492	0.02588	0.14195	0.02078	0.02961	0.01707	0.02036	0.04154	0.02934	0.28634	0.12450	0.04351	0.03883	0.01473	0.01117	0.00342	0.01000	0.01216	0.07772	0.01617
6	0.02375	0.02321	0.13726	0.01818	0.02351	0.01539	0.01650	0.02751	0.02083	0.11579	0.03352	0.05603	0.03252	0.36506	0.03857	0.00793	0.01199	0.01364	0.00759	0.01123
7	0.02790	0.02863	0.14386	0.02079	0.03209	0.01783	0.02038	0.03464	0.02499	0.12464	0.02431	0.02605	0.01807	0.00985	0.00940	0.00242	0.01046	0.00786	0.00750	0.40834
8	0.13413	0.02435	0.13906	0.02073	0.02696	0.01879	0.02006	0.02593	0.01958	0.03257	0.02534	0.03499	0.02217	0.05458	0.33727	0.01220	0.02330	0.01016	0.00590	0.01193
9	0.01582	0.01156	0.01646	0.01761	0.01942	0.01220	0.01358	0.01961	0.02173	0.02992	0.08623	0.21641	0.05463	0.05525	0.25672	0.01061	0.01767	0.10604	0.00863	0.00991
10	0.02273	0.02951	0.14995	0.35542	0.06248	0.02579	0.03128	0.03576	0.10856	0.03354	0.02455	0.03067	0.01821	0.01183	0.01116	0.00372	0.01431	0.01009	0.00607	0.01438
11	0.02593	0.32107	0.16387	0.17625	0.04686	0.03492	0.02770	0.03278	0.02297	0.02921	0.01790	0.02266	0.01456	0.01032	0.00913	0.00304	0.01391	0.00765	0.00485	0.01441
12	0.48216	0.03090	0.13948	0.01963	0.02898	0.02621	0.01966	0.06979	0.02284	0.04868	0.01760	0.02022	0.01321	0.01074	0.00816	0.00349	0.01081	0.00692	0.00679	0.01375
13	0.02823	0.04461	0.34306	0.03228	0.04555	0.02541	0.10888	0.03848	0.02524	0.12350	0.02447	0.02742	0.01712	0.01168	0.01301	0.00368	0.05456	0.00975	0.00652	0.01654
14	0.01442	0.01073	0.01416	0.01543	0.01707	0.01048	0.01101	0.01733	0.02242	0.03005	0.10990	0.34406	0.13599	0.04428	0.13933	0.00745	0.01170	0.02499	0.00963	0.00955
15	0.01794	0.03019	0.22885	0.02109	0.02938	0.01655	0.02277	0.02563	0.02649	0.03714	0.20542	0.11587	0.13760	0.02021	0.01235	0.00370	0.01008	0.01725	0.00878	0.01271
16	0.03418	0.05549	0.23971	0.03024	0.04042	0.34381	0.02976	0.04119	0.02861	0.03082	0.01853	0.02170	0.01440	0.01123	0.01037	0.00317	0.01882	0.00768	0.00538	0.01450
17	0.01853	0.02280	0.13540	0.01687	0.02402	0.01391	0.01680	0.02385	0.02577	0.07423	0.08668	0.08307	0.36953	0.02320	0.01254	0.00372	0.00853	0.01917	0.00943	0.01194

[dist]
# distance from previous block
# <min> <max>
0	1

[block]
# block no. 2 follows, 11 sequences, length 6
# corresponding to MSA columns:
# 797-802
name=unknown_C
#
# <colnr> <probs for GDERKNQSTAVLIFYWHMCP>
#	G	D	E	R	K	N	Q	S	T	A	V	L	I	F	Y	W	H	M	C	P
0	0.02548	0.03282	0.15897	0.14967	0.34223	0.02630	0.03559	0.03378	0.02465	0.03511	0.02074	0.02729	0.01651	0.01040	0.01106	0.00347	0.01441	0.00963	0.00528	0.01662
1	0.01566	0.01166	0.01721	0.01766	0.01944	0.01321	0.01343	0.01932	0.01870	0.02658	0.03574	0.14115	0.03626	0.07580	0.46421	0.01572	0.02601	0.01555	0.00680	0.00989
2	0.02156	0.02882	0.15189	0.45167	0.07088	0.02527	0.03364	0.03035	0.02280	0.03035	0.02005	0.02857	0.01483	0.01112	0.01112	0.00371	0.01538	0.00961	0.00494	0.01346
3	0.35192	0.03154	0.14280	0.02199	0.03058	0.02752	0.02156	0.07666	0.06237	0.04615	0.02003	0.02289	0.01533	0.01214	0.01175	0.00367	0.07194	0.00789	0.00698	0.01430
4	0.02168	0.02650	0.14151	0.02022	0.02893	0.01724	0.01946	0.05852	0.02685	0.03929	0.12589	0.11615	0.04191	0.01588	0.01089	0.00299	0.00968	0.01352	0.00819	0.25471
5	0.20115	0.19346	0.18413	0.02220	0.03295	0.06573	0.02343	0.03430	0.02281	0.03667	0.01756	0.02049	0.01403	0.01015	0.00848	0.00298	0.01266	0.00686	0.00563	0.08434

[dist]
# distance from previous block
# <min> <max>
5	47

[block]
# block no. 3 follows, 11 sequences, length 15
# corresponding to MSA columns:
# 852-866
name=unknown_D
#
# <colnr> <probs for GDERKNQSTAVLIFYWHMCP>
#	G	D	E	R	K	N	Q	S	T	A	V	L	I	F	Y	W	H	M	C	P
0	0.02425	0.01346	0.01705	0.01503	0.01952	0.01189	0.01167	0.02874	0.03050	0.17018	0.30602	0.07792	0.18524	0.02195	0.01278	0.00359	0.00651	0.01882	0.01233	0.01256
1	0.03087	0.02119	0.03338	0.11904	0.25194	0.02123	0.02481	0.03595	0.02535	0.16381	0.02939	0.03848	0.02386	0.11006	0.01888	0.00470	0.01221	0.01141	0.00786	0.01559
2	0.41106	0.02149	0.02050	0.01750	0.02482	0.02345	0.01425	0.04316	0.10480	0.17704	0.02811	0.02740	0.01993	0.01215	0.00884	0.00354	0.00897	0.00855	0.00951	0.01493
3	0.04598	0.01930	0.02566	0.01947	0.02839	0.01629	0.01601	0.05044	0.03074	0.45800	0.04035	0.03582	0.02600	0.01300	0.01082	0.00318	0.00937	0.01055	0.01272	0.12792
4	0.02825	0.04033	0.32274	0.02552	0.03797	0.02089	0.02962	0.03737	0.02626	0.16572	0.04206	0.04159	0.10348	0.01449	0.01129	0.00358	0.01299	0.01166	0.00807	0.01610
5	0.03261	0.02366	0.03864	0.14092	0.32757	0.02382	0.02934	0.03883	0.02681	0.16610	0.02699	0.03092	0.01995	0.01124	0.01121	0.00345	0.01266	0.01036	0.00764	0.01729
6	0.02359	0.01343	0.01613	0.01433	0.01911	0.01161	0.01114	0.02745	0.02892	0.16645	0.20108	0.08407	0.29250	0.02334	0.01278	0.00365	0.00660	0.01968	0.01184	0.01228
7	0.02399	0.01277	0.01726	0.01728	0.02045	0.01167	0.01300	0.02729	0.02583	0.16365	0.10163	0.34504	0.06422	0.02806	0.01362	0.00427	0.00768	0.07873	0.01152	0.01202
8	0.01616	0.01174	0.01647	0.01647	0.01792	0.01319	0.01205	0.01906	0.01761	0.02493	0.03163	0.05241	0.03170	0.22922	0.41990	0.01609	0.02479	0.01326	0.00625	0.00915
9	0.68395	0.02177	0.01654	0.01480	0.02177	0.02525	0.01219	0.03309	0.01915	0.05050	0.01567	0.01828	0.01219	0.01045	0.00697	0.00348	0.00871	0.00609	0.00697	0.01219
10	0.02345	0.01243	0.01692	0.01703	0.01989	0.01153	0.01237	0.02623	0.02398	0.16122	0.05443	0.39988	0.05798	0.03443	0.06559	0.00558	0.00957	0.02475	0.01093	0.01182
11	0.03537	0.45811	0.05048	0.01946	0.02885	0.03730	0.01856	0.03917	0.02529	0.15980	0.02308	0.02329	0.01791	0.01074	0.00828	0.00269	0.01140	0.00739	0.00717	0.01566
12	0.02617	0.40780	0.04903	0.02131	0.02911	0.03532	0.05748	0.03038	0.02194	0.02719	0.01999	0.02585	0.01820	0.02896	0.15064	0.00658	0.01730	0.00819	0.00520	0.01337
13	0.02215	0.01530	0.01792	0.01656	0.02072	0.01541	0.01262	0.03364	0.15445	0.08969	0.23931	0.11205	0.12387	0.02124	0.01239	0.00367	0.00679	0.01831	0.05091	0.01303
14	0.02586	0.01819	0.02414	0.02497	0.10783	0.01620	0.01636	0.03222	0.05395	0.12255	0.14108	0.05283	0.11695	0.01597	0.01122	0.00307	0.00840	0.01370	0.00968	0.18482

[dist]
# distance from previous block
# <min> <max>
0	16

[block]
# block no. 4 follows, 11 sequences, length 38
# corresponding to MSA columns:
# 883-920
name=unknown_E
#
# <colnr> <probs for GDERKNQSTAVLIFYWHMCP>
#	G	D	E	R	K	N	Q	S	T	A	V	L	I	F	Y	W	H	M	C	P
0	0.30634	0.07302	0.02754	0.02292	0.07344	0.02518	0.01711	0.08324	0.02735	0.20489	0.02634	0.02631	0.01852	0.01173	0.00915	0.00337	0.01004	0.00849	0.00926	0.01576
1	0.08588	0.02471	0.09535	0.02369	0.03097	0.02068	0.08780	0.10517	0.02869	0.08913	0.03553	0.15937	0.03244	0.01720	0.01130	0.00364	0.01091	0.01514	0.10836	0.01402
2	0.08626	0.02845	0.13813	0.11472	0.03899	0.02293	0.02365	0.12703	0.02946	0.08860	0.03295	0.15683	0.03017	0.01724	0.01146	0.00377	0.01182	0.01444	0.00849	0.01460
3	0.02622	0.32625	0.31001	0.02587	0.03910	0.03506	0.03076	0.03470	0.02333	0.03120	0.01799	0.02100	0.01435	0.01018	0.00901	0.00300	0.01441	0.00720	0.00478	0.01557
4	0.01508	0.01157	0.01386	0.01357	0.01667	0.01036	0.01037	0.01943	0.02903	0.03862	0.33429	0.09655	0.26668	0.02572	0.01345	0.00376	0.00583	0.05351	0.01149	0.01017
5	0.01391	0.01143	0.01225	0.01204	0.01558	0.00976	0.00903	0.01733	0.02709	0.03381	0.20992	0.10271	0.43164	0.02723	0.01330	0.00374	0.00561	0.02297	0.01090	0.00976
6	0.01362	0.01094	0.01216	0.01286	0.01565	0.00948	0.00926	0.01639	0.02492	0.03102	0.12979	0.24926	0.36508	0.03007	0.01361	0.00401	0.00591	0.02591	0.01060	0.00948
7	0.01593	0.01150	0.01504	0.01416	0.01681	0.01062	0.01062	0.02124	0.03186	0.04513	0.52830	0.08407	0.10620	0.02301	0.01327	0.00354	0.00531	0.02035	0.01239	0.01062
8	0.02257	0.05822	0.54613	0.03208	0.04871	0.02614	0.04158	0.03564	0.02376	0.03564	0.02020	0.02376	0.01426	0.01069	0.01069	0.00356	0.01663	0.00832	0.00475	0.01663
9	0.53512	0.15594	0.02620	0.01582	0.02339	0.02964	0.01380	0.03323	0.02000	0.04503	0.01567	0.01823	0.01270	0.01026	0.00702	0.00324	0.00946	0.00608	0.00648	0.01270
10	0.02257	0.05822	0.54613	0.03208	0.04871	0.02614	0.04158	0.03564	0.02376	0.03564	0.02020	0.02376	0.01426	0.01069	0.01069	0.00356	0.01663	0.00832	0.00475	0.01663
11	0.01748	0.01245	0.01693	0.01851	0.02089	0.01225	0.01545	0.02225	0.02644	0.03527	0.16420	0.11261	0.07215	0.07858	0.01862	0.00530	0.00926	0.32072	0.01052	0.01012
12	0.02838	0.48535	0.16986	0.02218	0.03340	0.04035	0.02434	0.03414	0.02307	0.02857	0.01668	0.01935	0.01440	0.00987	0.00801	0.00267	0.01308	0.00654	0.00480	0.01494
13	0.02635	0.02521	0.04297	0.18478	0.43028	0.02635	0.03379	0.03323	0.02492	0.03495	0.02091	0.02835	0.01719	0.01031	0.01117	0.00344	0.01374	0.01002	0.00544	0.01662
14	0.01371	0.00979	0.01306	0.01567	0.01632	0.00914	0.01045	0.01567	0.02155	0.02873	0.06203	0.59710	0.07444	0.03526	0.01437	0.00457	0.00653	0.03200	0.01045	0.00914
15	0.04256	0.01914	0.02377	0.01878	0.02615	0.01807	0.01533	0.11817	0.03353	0.35375	0.03991	0.03736	0.02671	0.01368	0.01052	0.00327	0.00904	0.01094	0.16214	0.01718
16	0.01534	0.01089	0.01460	0.01698	0.01819	0.01050	0.01257	0.01816	0.02249	0.02971	0.05897	0.40302	0.06849	0.08291	0.01843	0.00531	0.00812	0.16586	0.01011	0.00933
17	0.02407	0.09885	0.33291	0.02802	0.03980	0.07440	0.03233	0.03352	0.02492	0.03359	0.02848	0.04640	0.02580	0.01532	0.01142	0.00376	0.01512	0.11047	0.00613	0.01467
18	0.02464	0.04891	0.39786	0.03292	0.04720	0.02637	0.10148	0.07611	0.02691	0.03873	0.02380	0.03187	0.01846	0.01214	0.01143	0.00369	0.01616	0.03925	0.00584	0.01624
19	0.05050	0.01915	0.02612	0.02003	0.02873	0.01654	0.01654	0.05485	0.03221	0.54203	0.04440	0.03831	0.02786	0.01393	0.01132	0.00348	0.00958	0.01132	0.01393	0.01915
20	0.68395	0.02177	0.01654	0.01480	0.02177	0.02525	0.01219	0.03309	0.01915	0.05050	0.01567	0.01828	0.01219	0.01045	0.00697	0.00348	0.00871	0.00609	0.00697	0.01219
21	0.01501	0.01121	0.01319	0.01322	0.01530	0.01050	0.00920	0.01767	0.02353	0.03091	0.17516	0.13160	0.21694	0.18879	0.07233	0.00697	0.00920	0.02071	0.00953	0.00904
22	0.08356	0.02231	0.03171	0.15702	0.14141	0.02660	0.02456	0.03363	0.09990	0.03405	0.02277	0.02961	0.01881	0.01609	0.01977	0.06608	0.14212	0.01004	0.00630	0.01367
23	0.04204	0.05364	0.03190	0.02900	0.03480	0.55926	0.02175	0.04494	0.03190	0.02755	0.01740	0.02030	0.01450	0.01160	0.01015	0.00290	0.02030	0.00725	0.00580	0.01305
24	0.01593	0.01150	0.01504	0.01416	0.01681	0.01062	0.01062	0.02124	0.03186	0.04513	0.52830	0.08407	0.10620	0.02301	0.01327	0.00354	0.00531	0.02035	0.01239	0.01062
25	0.01518	0.01111	0.01425	0.01425	0.01655	0.01018	0.01039	0.01950	0.02894	0.04003	0.38369	0.20310	0.13830	0.02631	0.01353	0.00380	0.00562	0.02332	0.01177	0.01018
26	0.04279	0.03153	0.03378	0.02590	0.03490	0.03490	0.02139	0.49671	0.05292	0.07093	0.02702	0.02702	0.01914	0.01351	0.01126	0.00338	0.01239	0.01013	0.01126	0.01914
27	0.01543	0.01112	0.01459	0.01450	0.01670	0.01028	0.01058	0.01997	0.02951	0.04140	0.42217	0.20085	0.09897	0.02580	0.01352	0.00377	0.00559	0.02300	0.01195	0.01028
28	0.02334	0.02001	0.02334	0.01667	0.02667	0.01500	0.01334	0.02834	0.02334	0.03668	0.02001	0.02334	0.01667	0.00834	0.00834	0.00167	0.00834	0.00667	0.00667	0.67325
29	0.02855	0.47665	0.05087	0.01867	0.02838	0.03781	0.01791	0.03248	0.02298	0.02880	0.01664	0.01926	0.01495	0.00933	0.00748	0.00224	0.01119	0.00617	0.00524	0.16440
30	0.53311	0.02137	0.02046	0.14286	0.03446	0.02519	0.01653	0.03210	0.01992	0.04555	0.01666	0.02095	0.01283	0.01063	0.00794	0.00354	0.01014	0.00698	0.00652	0.01226
31	0.05050	0.01915	0.02612	0.02003	0.02873	0.01654	0.01654	0.05485	0.03221	0.54203	0.04440	0.03831	0.02786	0.01393	0.01132	0.00348	0.00958	0.01132	0.01393	0.01915
32	0.02165	0.01807	0.02145	0.01610	0.02443	0.01401	0.01272	0.02672	0.02528	0.03860	0.13570	0.03716	0.03705	0.01168	0.00946	0.00209	0.00765	0.00978	0.00797	0.52243
33	0.26575	0.01804	0.02043	0.06894	0.02795	0.01876	0.01497	0.03573	0.02422	0.20189	0.03588	0.15757	0.03167	0.01729	0.01045	0.00376	0.00908	0.01404	0.00982	0.01377
34	0.02834	0.15690	0.04305	0.21696	0.22511	0.02929	0.02833	0.03437	0.02461	0.07878	0.02170	0.02729	0.01708	0.01069	0.01030	0.00327	0.01324	0.00923	0.00599	0.01547
35	0.01596	0.01163	0.01574	0.01505	0.01756	0.01140	0.01140	0.02098	0.02873	0.04081	0.41491	0.07500	0.08843	0.03699	0.13768	0.00685	0.01096	0.01847	0.01094	0.01049
36	0.02549	0.02505	0.04232	0.17471	0.27038	0.02826	0.07417	0.03166	0.02309	0.03266	0.01960	0.02785	0.01642	0.01246	0.01724	0.00384	0.14412	0.01028	0.00530	0.01510
37	0.02429	0.23965	0.20533	0.02354	0.03388	0.02860	0.02574	0.03147	0.02390	0.03206	0.02754	0.04520	0.02605	0.01474	0.01035	0.00335	0.01281	0.10982	0.00623	0.07546

[dist]
# distance from previous block
# <min> <max>
0	40

[block]
# block no. 5 follows, 11 sequences, length 24
# corresponding to MSA columns:
# 961-984
name=unknown_F
#
# <colnr> <probs for GDERKNQSTAVLIFYWHMCP>
#	G	D	E	R	K	N	Q	S	T	A	V	L	I	F	Y	W	H	M	C	P
0	0.40277	0.02228	0.02364	0.02544	0.11914	0.02308	0.01666	0.03222	0.02137	0.04462	0.01774	0.02129	0.01432	0.00986	0.00808	0.00302	0.00949	0.00697	0.00663	0.17138
1	0.03169	0.21455	0.09770	0.02020	0.02875	0.02531	0.01912	0.03647	0.02554	0.18174	0.03374	0.13382	0.02982	0.01576	0.01028	0.00322	0.01058	0.01279	0.00870	0.06020
2	0.02556	0.02242	0.11746	0.02001	0.02635	0.01567	0.01829	0.03284	0.06011	0.15709	0.13464	0.22343	0.05510	0.02193	0.01255	0.00388	0.00909	0.01914	0.01064	0.01381
3	0.02847	0.01831	0.02302	0.01774	0.02593	0.01520	0.01424	0.03313	0.02448	0.15558	0.02775	0.03084	0.02150	0.02395	0.11258	0.00518	0.01273	0.00879	0.00829	0.39229
4	0.03623	0.13634	0.03414	0.02124	0.03039	0.06034	0.01791	0.17397	0.03409	0.13174	0.02533	0.02584	0.01879	0.01128	0.00962	0.00270	0.01119	0.00841	0.00888	0.20156
5	0.03383	0.02258	0.02643	0.01960	0.02908	0.02009	0.01595	0.14608	0.03232	0.15357	0.02693	0.02744	0.01967	0.01078	0.00968	0.00247	0.00957	0.00850	0.00933	0.37609
6	0.18219	0.11416	0.31343	0.02982	0.08494	0.02823	0.03117	0.03469	0.02272	0.03818	0.01865	0.02213	0.01412	0.01044	0.00942	0.00338	0.01387	0.00766	0.00537	0.01541
7	0.03108	0.15607	0.13119	0.13133	0.04653	0.03158	0.08364	0.14554	0.03121	0.07417	0.02273	0.02627	0.01684	0.01131	0.01055	0.00333	0.01416	0.00938	0.00709	0.01598
8	0.18650	0.47022	0.04883	0.01819	0.02718	0.03992	0.01757	0.03355	0.02198	0.03223	0.01565	0.01811	0.01390	0.00983	0.00716	0.00266	0.01124	0.00604	0.00533	0.01390
9	0.03000	0.02025	0.02764	0.11645	0.10037	0.02135	0.02052	0.04306	0.16498	0.16080	0.12865	0.04523	0.04100	0.01507	0.01169	0.00361	0.00996	0.01303	0.01041	0.01593
10	0.02500	0.02310	0.03836	0.05595	0.41047	0.02289	0.02882	0.03136	0.02712	0.03877	0.14248	0.04130	0.03897	0.01313	0.01165	0.00339	0.01144	0.01250	0.00720	0.01610
11	0.01909	0.01430	0.01652	0.01591	0.01781	0.01559	0.01081	0.02746	0.13570	0.02867	0.03694	0.06055	0.03695	0.36584	0.14071	0.01056	0.01405	0.01469	0.00778	0.01006
12	0.03581	0.03925	0.18567	0.02912	0.04051	0.03192	0.05831	0.33168	0.04267	0.05833	0.02475	0.02629	0.01758	0.01242	0.01123	0.00346	0.01406	0.00981	0.00899	0.01815
13	0.01608	0.01206	0.01809	0.01809	0.02010	0.01407	0.01407	0.02010	0.01809	0.02613	0.03015	0.04422	0.02814	0.08441	0.55984	0.01809	0.03015	0.01206	0.00603	0.01005
14	0.01519	0.01087	0.01465	0.01660	0.01809	0.01033	0.01232	0.01855	0.02453	0.03300	0.14898	0.38834	0.07809	0.03196	0.01444	0.00452	0.00722	0.13183	0.01079	0.00971
15	0.01815	0.00978	0.01428	0.01490	0.01506	0.00962	0.00994	0.01490	0.01631	0.02175	0.02971	0.16886	0.03268	0.03818	0.03690	0.51275	0.00900	0.01509	0.00622	0.00591
16	0.03914	0.04927	0.03838	0.03246	0.03931	0.45962	0.11028	0.04327	0.03090	0.02914	0.01841	0.02219	0.01498	0.01120	0.01074	0.00307	0.02005	0.00838	0.00578	0.01345
17	0.02620	0.01552	0.01606	0.01418	0.01833	0.01633	0.01110	0.13877	0.03062	0.04889	0.03440	0.03839	0.02653	0.01321	0.00868	0.00280	0.00695	0.01041	0.51009	0.01256
18	0.02187	0.02063	0.03487	0.53018	0.11994	0.02517	0.03156	0.02929	0.02280	0.02950	0.02011	0.02981	0.01527	0.01114	0.01124	0.00371	0.01485	0.01000	0.00505	0.01300
19	0.03765	0.02873	0.12732	0.02552	0.03541	0.02219	0.06584	0.05069	0.14533	0.28158	0.03819	0.03572	0.02586	0.01323	0.01142	0.00361	0.01161	0.01127	0.01085	0.01799
20	0.02158	0.01536	0.02571	0.02173	0.02590	0.01453	0.10209	0.02558	0.02559	0.08736	0.18684	0.15571	0.05748	0.02949	0.06780	0.08689	0.01140	0.01820	0.00942	0.01134
21	0.01481	0.00979	0.01336	0.01548	0.01601	0.00926	0.01032	0.01548	0.02026	0.02701	0.05406	0.49144	0.06414	0.03598	0.01993	0.12996	0.00714	0.02783	0.00940	0.00834
22	0.02625	0.35654	0.04265	0.12193	0.03424	0.03273	0.01879	0.03099	0.02298	0.03061	0.02151	0.02602	0.01799	0.01077	0.00813	0.00271	0.01097	0.00784	0.16323	0.01313
23	0.02863	0.03001	0.03744	0.02880	0.03771	0.12339	0.15055	0.03953	0.11799	0.03674	0.02514	0.02824	0.01970	0.01057	0.01065	0.00290	0.01368	0.00977	0.00713	0.24143

[dist]
# distance from previous block
# <min> <max>
0	7

[block]
# block no. 6 follows, 11 sequences, length 32
# corresponding to MSA columns:
# 992-1023
name=unknown_G
#
# <colnr> <probs for GDERKNQSTAVLIFYWHMCP>
#	G	D	E	R	K	N	Q	S	T	A	V	L	I	F	Y	W	H	M	C	P
0	0.02753	0.01530	0.02089	0.02115	0.06004	0.01401	0.01565	0.03227	0.02923	0.19192	0.17397	0.07934	0.12733	0.02194	0.01305	0.00393	0.00844	0.11887	0.01161	0.01355
1	0.02951	0.02369	0.03071	0.02756	0.07492	0.02503	0.06081	0.20350	0.10759	0.05331	0.18535	0.04735	0.04821	0.01606	0.01209	0.00353	0.01035	0.01397	0.01064	0.01582
2	0.02265	0.02142	0.03627	0.47036	0.17369	0.02537	0.03195	0.02998	0.02316	0.03044	0.02025	0.02955	0.01560	0.01100	0.01123	0.00367	0.01466	0.01001	0.00512	0.01362
3	0.01522	0.01133	0.01327	0.01287	0.01526	0.01034	0.00909	0.01853	0.02633	0.03514	0.28524	0.08913	0.22179	0.16046	0.02356	0.00534	0.00674	0.02047	0.01049	0.00939
4	0.01849	0.01443	0.01713	0.01594	0.01956	0.01455	0.01210	0.02973	0.14304	0.04427	0.37949	0.07648	0.12734	0.02171	0.01285	0.00363	0.00618	0.01889	0.01200	0.01219
5	0.01373	0.01066	0.01250	0.01364	0.01587	0.00943	0.00962	0.01638	0.02429	0.03094	0.12671	0.33445	0.27925	0.03117	0.01380	0.00414	0.00605	0.02730	0.01062	0.00943
6	0.05050	0.01915	0.02612	0.02003	0.02873	0.01654	0.01654	0.05485	0.03221	0.54203	0.04440	0.03831	0.02786	0.01393	0.01132	0.00348	0.00958	0.01132	0.01393	0.01915
7	0.02282	0.01889	0.02097	0.01988	0.02434	0.02094	0.01500	0.04362	0.32534	0.04253	0.12408	0.17716	0.05474	0.02110	0.01241	0.00395	0.00780	0.01837	0.01136	0.01469
8	0.02804	0.47418	0.05313	0.14863	0.04016	0.04001	0.02204	0.03256	0.02279	0.02701	0.01666	0.02083	0.01457	0.01001	0.00816	0.00272	0.01272	0.00694	0.00486	0.01399
9	0.03685	0.09117	0.15401	0.02772	0.03759	0.19086	0.02601	0.21699	0.03743	0.04616	0.02164	0.02353	0.01624	0.01197	0.01047	0.00320	0.01571	0.00852	0.00759	0.01635
10	0.02961	0.47515	0.05121	0.02010	0.02898	0.04070	0.01892	0.03975	0.13668	0.03126	0.02264	0.02360	0.01906	0.01094	0.00820	0.00273	0.01131	0.00757	0.00635	0.01523
11	0.28516	0.02035	0.02424	0.14723	0.03739	0.02182	0.01829	0.04051	0.02499	0.23571	0.02780	0.02875	0.01891	0.01198	0.00964	0.00354	0.01050	0.00902	0.00921	0.01496
12	0.02316	0.02886	0.14452	0.02024	0.03178	0.01758	0.01988	0.03003	0.02344	0.03644	0.02005	0.02344	0.01611	0.00888	0.00888	0.00211	0.01026	0.00705	0.00622	0.52106
13	0.53534	0.02403	0.02054	0.01737	0.02481	0.02749	0.01432	0.14055	0.02698	0.05524	0.01830	0.02031	0.01380	0.01116	0.00796	0.00346	0.00956	0.00703	0.00796	0.01380
14	0.02278	0.10488	0.08566	0.23910	0.09645	0.02604	0.09826	0.02970	0.02375	0.03102	0.03064	0.07578	0.06138	0.01376	0.01135	0.00359	0.01383	0.01254	0.00595	0.01353
15	0.04300	0.01772	0.02427	0.02019	0.02748	0.01571	0.01691	0.04754	0.03075	0.42420	0.04792	0.05886	0.03642	0.01791	0.01230	0.00388	0.00976	0.11496	0.01310	0.01712
16	0.01371	0.00979	0.01306	0.01567	0.01632	0.00914	0.01045	0.01567	0.02155	0.02873	0.06203	0.59710	0.07444	0.03526	0.01437	0.00457	0.00653	0.03200	0.01045	0.00914
17	0.04938	0.02094	0.02723	0.02087	0.02962	0.01920	0.01724	0.11878	0.03521	0.47387	0.04189	0.03668	0.02660	0.01387	0.01131	0.00347	0.00998	0.01115	0.01354	0.01915
18	0.02257	0.05822	0.54613	0.03208	0.04871	0.02614	0.04158	0.03564	0.02376	0.03564	0.02020	0.02376	0.01426	0.01069	0.01069	0.00356	0.01663	0.00832	0.00475	0.01663
19	0.02257	0.05822	0.54613	0.03208	0.04871	0.02614	0.04158	0.03564	0.02376	0.03564	0.02020	0.02376	0.01426	0.01069	0.01069	0.00356	0.01663	0.00832	0.00475	0.01663
20	0.01371	0.00979	0.01306	0.01567	0.01632	0.00914	0.01045	0.01567	0.02155	0.02873	0.06203	0.59710	0.07444	0.03526	0.01437	0.00457	0.00653	0.03200	0.01045	0.00914
21	0.05050	0.01915	0.02612	0.02003	0.02873	0.01654	0.01654	0.05485	0.03221	0.54203	0.04440	0.03831	0.02786	0.01393	0.01132	0.00348	0.00958	0.01132	0.01393	0.01915
22	0.02282	0.02097	0.03183	0.44887	0.06634	0.02570	0.02814	0.03595	0.13641	0.03300	0.02599	0.03279	0.01949	0.01218	0.01130	0.00377	0.01359	0.01063	0.00650	0.01373
23	0.02156	0.02886	0.15252	0.45100	0.07084	0.02527	0.03365	0.03035	0.02280	0.03035	0.02005	0.02856	0.01483	0.01112	0.01112	0.00371	0.01538	0.00961	0.00494	0.01346
24	0.01371	0.00979	0.01306	0.01567	0.01632	0.00914	0.01045	0.01567	0.02155	0.02873	0.06203	0.59710	0.07444	0.03526	0.01437	0.00457	0.00653	0.03200	0.01045	0.00914
25	0.53534	0.02403	0.02054	0.01737	0.02481	0.02749	0.01432	0.14055	0.02698	0.05524	0.01830	0.02031	0.01380	0.01116	0.00796	0.00346	0.00956	0.00703	0.00796	0.01380
26	0.02382	0.02262	0.03838	0.38022	0.25468	0.02568	0.03253	0.03100	0.02372	0.03187	0.02046	0.02917	0.01610	0.01078	0.01121	0.00359	0.01437	0.01001	0.00522	0.01457
27	0.02318	0.10273	0.50692	0.03105	0.04712	0.02762	0.03979	0.03549	0.02369	0.03491	0.01983	0.02330	0.01427	0.01061	0.01041	0.00347	0.01626	0.00813	0.00476	0.01646
28	0.02126	0.02001	0.03376	0.57739	0.07752	0.02501	0.03126	0.02876	0.02251	0.02876	0.02001	0.03001	0.01500	0.01125	0.01125	0.00375	0.01500	0.01000	0.00500	0.01250
29	0.02098	0.01049	0.01049	0.01049	0.01311	0.01049	0.00787	0.02623	0.02360	0.04196	0.03672	0.04196	0.02885	0.01311	0.00787	0.00262	0.00525	0.01049	0.66693	0.01049
30	0.01913	0.01260	0.01941	0.14541	0.02986	0.01407	0.01516	0.01892	0.01716	0.02290	0.02271	0.03829	0.02172	0.08984	0.11725	0.35771	0.01423	0.01077	0.00526	0.00762
31	0.02062	0.01841	0.02868	0.39761	0.05916	0.02194	0.02528	0.02977	0.06830	0.03418	0.14011	0.04360	0.03786	0.01433	0.01174	0.00371	0.01222	0.01264	0.00729	0.01254

[dist]
# distance from previous block
# <min> <max>
0	108

[block]
# block no. 7 follows, 11 sequences, length 48
# corresponding to MSA columns:
# 1140-1156,1158-1188
name=unknown_H
#
# <colnr> <probs for GDERKNQSTAVLIFYWHMCP>
#	G	D	E	R	K	N	Q	S	T	A	V	L	I	F	Y	W	H	M	C	P
0	0.02859	0.51213	0.05098	0.01781	0.02629	0.03892	0.01738	0.03247	0.02299	0.02903	0.01912	0.02200	0.01682	0.01020	0.00733	0.00244	0.01092	0.00676	0.11403	0.01379
1	0.05050	0.01915	0.02612	0.02003	0.02873	0.01654	0.01654	0.05485	0.03221	0.54203	0.04440	0.03831	0.02786	0.01393	0.01132	0.00348	0.00958	0.01132	0.01393	0.01915
2	0.14792	0.04838	0.02936	0.02665	0.03265	0.47118	0.02017	0.04299	0.02979	0.03133	0.01711	0.01997	0.01412	0.01141	0.00962	0.00300	0.01839	0.00706	0.00599	0.01291
3	0.02499	0.23557	0.38990	0.02797	0.04236	0.03204	0.03442	0.03502	0.02348	0.03271	0.01874	0.02193	0.01432	0.01035	0.00958	0.00319	0.01516	0.00758	0.00477	0.01593
4	0.02311	0.01486	0.01850	0.01656	0.02076	0.01456	0.01276	0.03296	0.11717	0.11796	0.37238	0.06996	0.08207	0.02032	0.01267	0.00358	0.00657	0.01769	0.01245	0.01314
5	0.01371	0.00979	0.01306	0.01567	0.01632	0.00914	0.01045	0.01567	0.02155	0.02873	0.06203	0.59710	0.07444	0.03526	0.01437	0.00457	0.00653	0.03200	0.01045	0.00914
6	0.01987	0.01819	0.03332	0.07287	0.03706	0.01781	0.16760	0.02573	0.02467	0.03270	0.04539	0.21509	0.04825	0.02377	0.01416	0.00446	0.01243	0.16641	0.00847	0.01173
7	0.02699	0.03392	0.16579	0.13273	0.29787	0.02711	0.03452	0.07828	0.02732	0.03856	0.02132	0.02710	0.01665	0.01071	0.01106	0.00346	0.01433	0.00961	0.00583	0.01686
8	0.09072	0.38515	0.16043	0.02249	0.03263	0.03781	0.02394	0.03354	0.02225	0.03086	0.01658	0.01987	0.01421	0.01076	0.01037	0.00297	0.05901	0.00684	0.00502	0.01454
9	0.68395	0.02177	0.01654	0.01480	0.02177	0.02525	0.01219	0.03309	0.01915	0.05050	0.01567	0.01828	0.01219	0.01045	0.00697	0.00348	0.00871	0.00609	0.00697	0.01219
10	0.02944	0.06472	0.06855	0.11090	0.03488	0.01900	0.01922	0.03530	0.02821	0.18697	0.16827	0.04541	0.04425	0.01485	0.01118	0.00328	0.00991	0.01249	0.00985	0.08332
11	0.03103	0.08027	0.25346	0.02432	0.03596	0.02207	0.02676	0.03927	0.02717	0.19155	0.08423	0.03453	0.02892	0.01282	0.01075	0.00332	0.01227	0.01030	0.00857	0.06246
12	0.03025	0.01760	0.02412	0.02467	0.08193	0.01637	0.01763	0.03688	0.06183	0.19870	0.08111	0.11252	0.04460	0.01953	0.01237	0.00379	0.00938	0.11234	0.01082	0.08355
13	0.01416	0.01033	0.01334	0.01493	0.01633	0.00950	0.01030	0.01695	0.02422	0.03251	0.16992	0.43699	0.12512	0.03191	0.01402	0.00427	0.00618	0.02864	0.01088	0.00950
14	0.02255	0.02184	0.03850	0.46516	0.12677	0.02556	0.07980	0.03017	0.02328	0.03042	0.02042	0.02980	0.01554	0.01093	0.01145	0.00371	0.01523	0.01035	0.00514	0.01338
15	0.13489	0.08489	0.16004	0.02136	0.03050	0.02194	0.02147	0.03785	0.02421	0.19920	0.02683	0.02882	0.01925	0.01629	0.01547	0.11376	0.01153	0.00897	0.00811	0.01461
16	0.02258	0.01555	0.01795	0.01726	0.02029	0.01611	0.01279	0.13386	0.02905	0.04040	0.04571	0.26137	0.04850	0.10597	0.01871	0.00492	0.00866	0.05573	0.11305	0.01153
17	0.01407	0.01097	0.01277	0.01330	0.01592	0.00967	0.00960	0.01727	0.02601	0.03355	0.20105	0.24214	0.29532	0.02909	0.01360	0.00396	0.00584	0.02528	0.01093	0.00967
18	0.03026	0.21818	0.11709	0.08125	0.03777	0.03330	0.02374	0.16293	0.06848	0.04218	0.02550	0.06514	0.02150	0.01327	0.01011	0.00325	0.01251	0.01026	0.00752	0.01576
19	0.16039	0.03563	0.02734	0.02370	0.03059	0.24300	0.01851	0.08989	0.10191	0.12367	0.02660	0.02671	0.01962	0.01249	0.01005	0.00328	0.01396	0.00878	0.00870	0.01518
20	0.05050	0.01915	0.02612	0.02003	0.02873	0.01654	0.01654	0.05485	0.03221	0.54203	0.04440	0.03831	0.02786	0.01393	0.01132	0.00348	0.00958	0.01132	0.01393	0.01915
21	0.02314	0.10957	0.41083	0.12069	0.05140	0.02787	0.03755	0.03431	0.02346	0.03355	0.01969	0.02420	0.01440	0.01067	0.01042	0.00347	0.01589	0.00836	0.00480	0.01572
22	0.28588	0.02499	0.07924	0.01765	0.02719	0.02033	0.01605	0.03105	0.02172	0.04206	0.01830	0.02138	0.01462	0.00944	0.00806	0.00260	0.00941	0.00663	0.00657	0.33683
23	0.01578	0.01100	0.01399	0.01450	0.01516	0.01142	0.00947	0.01724	0.01783	0.02432	0.03916	0.16682	0.04395	0.35453	0.18429	0.01162	0.01524	0.01823	0.00731	0.00814
24	0.02334	0.02001	0.02334	0.01667	0.02667	0.01500	0.01334	0.02834	0.02334	0.03668	0.02001	0.02334	0.01667	0.00834	0.00834	0.00167	0.00834	0.00667	0.00667	0.67325
25	0.01419	0.01079	0.01307	0.01386	0.01610	0.00967	0.00988	0.01737	0.02574	0.03382	0.20813	0.29592	0.23137	0.02967	0.01372	0.00403	0.00592	0.02609	0.01099	0.00967
26	0.02453	0.01991	0.03290	0.51491	0.07205	0.02406	0.02961	0.03168	0.02359	0.08630	0.02274	0.03094	0.01645	0.01155	0.01126	0.00372	0.01440	0.01015	0.00600	0.01325
27	0.68395	0.02177	0.01654	0.01480	0.02177	0.02525	0.01219	0.03309	0.01915	0.05050	0.01567	0.01828	0.01219	0.01045	0.00697	0.00348	0.00871	0.00609	0.00697	0.01219
28	0.01371	0.00979	0.01306	0.01567	0.01632	0.00914	0.01045	0.01567	0.02155	0.02873	0.06203	0.59710	0.07444	0.03526	0.01437	0.00457	0.00653	0.03200	0.01045	0.00914
29	0.01568	0.01089	0.01356	0.01399	0.01480	0.01083	0.00906	0.01744	0.02026	0.02768	0.12204	0.18783	0.05767	0.32437	0.09687	0.00910	0.01118	0.02000	0.00845	0.00832
30	0.02403	0.11887	0.04031	0.38357	0.16093	0.02858	0.02994	0.03073	0.02319	0.02999	0.01952	0.02761	0.01548	0.01074	0.01057	0.00345	0.01419	0.00935	0.00508	0.01389
31	0.01630	0.01101	0.01273	0.01259	0.01302	0.01086	0.00745	0.01717	0.01892	0.02567	0.11675	0.07537	0.05169	0.50854	0.05003	0.00970	0.00999	0.01703	0.00774	0.00745
32	0.03466	0.02631	0.03182	0.08747	0.03698	0.03080	0.02216	0.22594	0.11567	0.09777	0.02829	0.03038	0.02106	0.01496	0.01697	0.00384	0.13821	0.01060	0.00945	0.01667
33	0.13434	0.24904	0.28538	0.02467	0.03721	0.03254	0.02879	0.03453	0.02268	0.03483	0.01783	0.02083	0.01398	0.01027	0.00884	0.00314	0.01369	0.00713	0.00514	0.01512
34	0.01583	0.01111	0.01434	0.01477	0.01555	0.01167	0.00983	0.01750	0.01780	0.02440	0.03807	0.15019	0.04219	0.33726	0.21768	0.01226	0.01660	0.01751	0.00715	0.00828
35	0.02591	0.06421	0.02660	0.02059	0.02510	0.01875	0.05033	0.07183	0.02431	0.10564	0.03178	0.09454	0.02871	0.04307	0.19963	0.11875	0.01732	0.01307	0.00783	0.01204
36	0.19885	0.30921	0.09732	0.01916	0.02893	0.03313	0.01905	0.03298	0.02207	0.03526	0.01680	0.01953	0.01416	0.00977	0.00771	0.00271	0.01114	0.00639	0.00564	0.11020
37	0.02697	0.38169	0.26118	0.02458	0.03712	0.03690	0.02853	0.03451	0.02324	0.03028	0.01754	0.02042	0.01437	0.01007	0.00866	0.00289	0.01394	0.00697	0.00479	0.01535
38	0.01366	0.01115	0.01208	0.01242	0.01557	0.00957	0.00910	0.01664	0.02567	0.03178	0.15189	0.18622	0.40711	0.02900	0.01347	0.00390	0.00579	0.02473	0.01067	0.00957
39	0.02127	0.02522	0.14559	0.02118	0.02729	0.01762	0.02002	0.09589	0.02685	0.03648	0.04550	0.24381	0.07669	0.02557	0.01609	0.07377	0.01043	0.04993	0.00861	0.01218
40	0.03284	0.03114	0.04748	0.08490	0.11724	0.06979	0.20010	0.18841	0.03523	0.04647	0.02333	0.02812	0.01750	0.01120	0.01191	0.00352	0.01579	0.01107	0.00747	0.01649
41	0.01840	0.01524	0.02212	0.02118	0.02276	0.01897	0.01709	0.02215	0.01869	0.02715	0.02944	0.04802	0.02867	0.06294	0.37448	0.01351	0.16428	0.05806	0.00621	0.01064
42	0.01677	0.01123	0.01521	0.01521	0.01609	0.01211	0.01048	0.01772	0.01684	0.02333	0.03051	0.05427	0.03180	0.28368	0.27496	0.12318	0.01914	0.01340	0.00616	0.00791
43	0.13148	0.09186	0.02919	0.09993	0.03452	0.21346	0.01944	0.03355	0.02426	0.03083	0.02045	0.02699	0.01756	0.02908	0.14471	0.00679	0.01931	0.00851	0.00582	0.01225
44	0.12805	0.02015	0.07673	0.02179	0.02713	0.01689	0.07000	0.02563	0.02461	0.03762	0.11766	0.18474	0.05408	0.02280	0.01276	0.00419	0.01007	0.12447	0.00903	0.01163
45	0.02895	0.24777	0.11904	0.03324	0.11865	0.03421	0.07428	0.07281	0.09771	0.03679	0.02319	0.02592	0.01851	0.01094	0.00991	0.00315	0.01319	0.00905	0.00647	0.01623
46	0.02802	0.16135	0.20084	0.02521	0.03520	0.02973	0.02622	0.03880	0.09493	0.08280	0.02450	0.02667	0.01880	0.01251	0.01360	0.00338	0.09264	0.00883	0.00680	0.06917
47	0.15000	0.02269	0.03412	0.07528	0.10702	0.02199	0.09778	0.03997	0.02627	0.20260	0.02779	0.02964	0.01961	0.01119	0.01051	0.00333	0.01181	0.00991	0.00863	0.08987

[dist]
# distance from previous block
# <min> <max>
2	3

[block]
# block no. 8 follows, 11 sequences, length 45
# corresponding to MSA columns:
# 1194-1238
name=unknown_I
#
# <colnr> <probs for GDERKNQSTAVLIFYWHMCP>
#	G	D	E	R	K	N	Q	S	T	A	V	L	I	F	Y	W	H	M	C	P
0	0.02710	0.02389	0.04499	0.17031	0.13646	0.02399	0.20030	0.03427	0.02562	0.09417	0.02836	0.08750	0.02374	0.01311	0.01231	0.00375	0.01471	0.01359	0.00697	0.01487
1	0.62057	0.02151	0.01750	0.01532	0.02246	0.02438	0.01262	0.03526	0.02046	0.09967	0.01855	0.02029	0.01376	0.01080	0.00740	0.00348	0.00879	0.00662	0.00766	0.01289
2	0.02036	0.01382	0.01957	0.11766	0.02910	0.01384	0.01498	0.02598	0.03019	0.09186	0.38701	0.06962	0.08170	0.01995	0.01271	0.00357	0.00751	0.01756	0.01119	0.01182
3	0.04279	0.03153	0.03378	0.02590	0.03490	0.03490	0.02139	0.49671	0.05292	0.07093	0.02702	0.02702	0.01914	0.01351	0.01126	0.00338	0.01239	0.01013	0.01126	0.01914
4	0.02930	0.02483	0.02618	0.02317	0.02976	0.02860	0.01813	0.09833	0.47325	0.04919	0.04415	0.04067	0.03302	0.01511	0.01144	0.00378	0.00921	0.01250	0.01144	0.01793
5	0.68395	0.02177	0.01654	0.01480	0.02177	0.02525	0.01219	0.03309	0.01915	0.05050	0.01567	0.01828	0.01219	0.01045	0.00697	0.00348	0.00871	0.00609	0.00697	0.01219
6	0.01955	0.00978	0.01466	0.01466	0.01466	0.00978	0.00978	0.01466	0.01466	0.01955	0.01955	0.03421	0.01955	0.03910	0.04399	0.67253	0.00978	0.00978	0.00489	0.00489
7	0.02515	0.02267	0.03389	0.20428	0.09163	0.02237	0.06968	0.07202	0.02626	0.03718	0.02102	0.02690	0.01650	0.01000	0.01027	0.00285	0.01234	0.00900	0.00636	0.27963
8	0.17791	0.02869	0.02687	0.02208	0.02982	0.10933	0.01778	0.15985	0.08018	0.19335	0.02992	0.02880	0.02091	0.01286	0.01022	0.00340	0.01172	0.00942	0.01029	0.01660
9	0.01399	0.01047	0.01300	0.01440	0.01614	0.00948	0.01002	0.01672	0.02427	0.03189	0.15286	0.39382	0.18878	0.03158	0.01393	0.00421	0.00613	0.02807	0.01078	0.00948
10	0.03009	0.61122	0.05898	0.01926	0.02889	0.04454	0.01926	0.03370	0.02287	0.02648	0.01565	0.01805	0.01444	0.00963	0.00722	0.00241	0.01204	0.00602	0.00481	0.01444
11	0.08620	0.03629	0.10110	0.03427	0.08039	0.15650	0.15075	0.03895	0.02711	0.08583	0.02231	0.02598	0.01680	0.01061	0.01082	0.00324	0.01572	0.00949	0.00662	0.08103
12	0.02032	0.01879	0.02242	0.02139	0.02244	0.06439	0.01629	0.02270	0.01986	0.02693	0.03444	0.20891	0.03819	0.09427	0.12640	0.00768	0.19954	0.01751	0.00709	0.01043
13	0.01608	0.01206	0.01809	0.01809	0.02010	0.01407	0.01407	0.02010	0.01809	0.02613	0.03015	0.04422	0.02814	0.08441	0.55984	0.01809	0.03015	0.01206	0.00603	0.01005
14	0.02457	0.02339	0.03975	0.32207	0.30693	0.02588	0.03291	0.03166	0.02407	0.03278	0.02059	0.02893	0.01642	0.01064	0.01120	0.00355	0.01418	0.01002	0.00529	0.01518
15	0.01632	0.01220	0.01542	0.01414	0.01749	0.01089	0.01067	0.02140	0.03064	0.04321	0.45186	0.08110	0.13420	0.02226	0.01287	0.00341	0.00559	0.01951	0.01176	0.06507
16	0.01686	0.01300	0.01558	0.01467	0.01799	0.01248	0.01108	0.02486	0.08825	0.04250	0.39001	0.08377	0.18004	0.02315	0.01306	0.00362	0.00582	0.02010	0.01190	0.01126
17	0.02334	0.02001	0.02334	0.01667	0.02667	0.01500	0.01334	0.02834	0.02334	0.03668	0.02001	0.02334	0.01667	0.00834	0.00834	0.00167	0.00834	0.00667	0.00667	0.67325
18	0.68395	0.02177	0.01654	0.01480	0.02177	0.02525	0.01219	0.03309	0.01915	0.05050	0.01567	0.01828	0.01219	0.01045	0.00697	0.00348	0.00871	0.00609	0.00697	0.01219
19	0.02257	0.05822	0.54613	0.03208	0.04871	0.02614	0.04158	0.03564	0.02376	0.03564	0.02020	0.02376	0.01426	0.01069	0.01069	0.00356	0.01663	0.00832	0.00475	0.01663
20	0.01371	0.00979	0.01306	0.01567	0.01632	0.00914	0.01045	0.01567	0.02155	0.02873	0.06203	0.59710	0.07444	0.03526	0.01437	0.00457	0.00653	0.03200	0.01045	0.00914
21	0.02933	0.02484	0.02620	0.02317	0.02978	0.02862	0.01814	0.09920	0.47234	0.04923	0.04412	0.04064	0.03299	0.01511	0.01144	0.00378	0.00922	0.01249	0.01144	0.01793
22	0.01469	0.01146	0.01332	0.01286	0.01605	0.01009	0.00964	0.01883	0.02892	0.03817	0.33236	0.09554	0.30648	0.02561	0.01329	0.00366	0.00549	0.02196	0.01147	0.01009
23	0.01593	0.01150	0.01504	0.01416	0.01681	0.01062	0.01062	0.02124	0.03186	0.04513	0.52830	0.08407	0.10620	0.02301	0.01327	0.00354	0.00531	0.02035	0.01239	0.01062
24	0.02800	0.02418	0.02545	0.02291	0.02927	0.02800	0.01782	0.05981	0.51390	0.04708	0.04581	0.04199	0.03436	0.01527	0.01145	0.00382	0.00891	0.01273	0.01145	0.01782
25	0.68395	0.02177	0.01654	0.01480	0.02177	0.02525	0.01219	0.03309	0.01915	0.05050	0.01567	0.01828	0.01219	0.01045	0.00697	0.00348	0.00871	0.00609	0.00697	0.01219
26	0.01567	0.01149	0.01468	0.01388	0.01665	0.01051	0.01041	0.02073	0.03124	0.04366	0.48685	0.08650	0.14857	0.02356	0.01328	0.00357	0.00535	0.02069	0.01220	0.01051
27	0.02334	0.02001	0.02334	0.01667	0.02667	0.01500	0.01334	0.02834	0.02334	0.03668	0.02001	0.02334	0.01667	0.00834	0.00834	0.00167	0.00834	0.00667	0.00667	0.67325
28	0.04204	0.05364	0.03190	0.02900	0.03480	0.55926	0.02175	0.04494	0.03190	0.02755	0.01740	0.02030	0.01450	0.01160	0.01015	0.00290	0.02030	0.00725	0.00580	0.01305
29	0.04279	0.03153	0.03378	0.02590	0.03490	0.03490	0.02139	0.49671	0.05292	0.07093	0.02702	0.02702	0.01914	0.01351	0.01126	0.00338	0.01239	0.01013	0.01126	0.01914
30	0.68395	0.02177	0.01654	0.01480	0.02177	0.02525	0.01219	0.03309	0.01915	0.05050	0.01567	0.01828	0.01219	0.01045	0.00697	0.00348	0.00871	0.00609	0.00697	0.01219
31	0.02786	0.02674	0.04568	0.06908	0.53424	0.02674	0.03454	0.03454	0.02563	0.03677	0.02117	0.02786	0.01783	0.01003	0.01114	0.00334	0.01337	0.01003	0.00557	0.01783
