[name]
unknown

[dist]
# distance from previous block
# <min> <max>
27	393

[block]
# block no. 0 follows, 11 sequences, length 7
# corresponding to MSA columns:
# 518-524
name=unknown_A
#
# <colnr> <probs for GDERKNQSTAVLIFYWHMCP>
#	G	D	E	R	K	N	Q	S	T	A	V	L	I	F	Y	W	H	M	C	P
0	0.03225	0.02362	0.06621	0.14789	0.14228	0.02131	0.06202	0.03856	0.02668	0.19910	0.03111	0.06787	0.02379	0.01307	0.01140	0.00350	0.01237	0.01180	0.00852	0.05666
1	0.02930	0.01994	0.02773	0.23610	0.04611	0.02196	0.02188	0.12761	0.03035	0.13003	0.03532	0.15848	0.03155	0.01761	0.01197	0.00381	0.01158	0.01522	0.00913	0.01432
2	0.03331	0.02542	0.02873	0.02352	0.02919	0.02959	0.01920	0.26211	0.09546	0.05376	0.02848	0.03101	0.02181	0.01493	0.01600	0.00362	0.12925	0.01045	0.12817	0.01601
3	0.23632	0.02089	0.03121	0.18338	0.04449	0.02294	0.11719	0.02932	0.02209	0.03733	0.02675	0.12850	0.02523	0.01495	0.01084	0.00382	0.01225	0.01338	0.00676	0.01235
4	0.02591	0.02232	0.02935	0.13096	0.14080	0.02510	0.02252	0.04494	0.26526	0.04103	0.03496	0.03690	0.02678	0.01320	0.01092	0.00356	0.01049	0.01141	0.08760	0.01598
5	0.02962	0.02302	0.06804	0.02199	0.03030	0.01858	0.05479	0.09162	0.02884	0.14391	0.03490	0.14654	0.03113	0.01601	0.01115	0.00318	0.01023	0.01398	0.00931	0.21284
6	0.02566	0.12554	0.02960	0.13360	0.03474	0.02494	0.01809	0.11367	0.05716	0.04077	0.07696	0.04415	0.09102	0.01501	0.01038	0.00324	0.01006	0.01209	0.11980	0.01349

[dist]
# distance from previous block
# <min> <max>
0	10

[block]
# block no. 1 follows, 11 sequences, length 60
# corresponding to MSA columns:
# 535-559,561-595
name=unknown_B
#
# <colnr> <probs for GDERKNQSTAVLIFYWHMCP>
#	G	D	E	R	K	N	Q	S	T	A	V	L	I	F	Y	W	H	M	C	P
0	0.02941	0.02698	0.03250	0.14087	0.13909	0.11714	0.02441	0.03413	0.02497	0.08596	0.02524	0.07664	0.02212	0.01455	0.01516	0.00359	0.10383	0.01130	0.00681	0.06529
1	0.02647	0.01920	0.02286	0.01749	0.02575	0.01597	0.01387	0.07017	0.02767	0.09555	0.08149	0.07636	0.03227	0.01307	0.00992	0.00244	0.00836	0.01092	0.00878	0.42139
2	0.02766	0.02528	0.03417	0.34210	0.11174	0.09084	0.02832	0.03366	0.02434	0.07804	0.02155	0.02878	0.01644	0.01235	0.01394	0.00371	0.07755	0.00978	0.00600	0.01376
3	0.01698	0.01221	0.01591	0.01771	0.01944	0.01228	0.01323	0.02245	0.07625	0.03123	0.05576	0.36098	0.06251	0.03231	0.01704	0.06515	0.00810	0.14041	0.01003	0.01003
4	0.02039	0.01854	0.02843	0.40184	0.05964	0.02212	0.02533	0.02948	0.07587	0.03092	0.03713	0.09378	0.07937	0.01587	0.01180	0.00384	0.01252	0.01390	0.00682	0.01243
5	0.01570	0.01150	0.01473	0.01392	0.01667	0.01052	0.01044	0.02080	0.03132	0.04386	0.49233	0.08618	0.14296	0.02349	0.01328	0.00356	0.00534	0.02065	0.01222	0.01052
6	0.01383	0.01027	0.01291	0.01468	0.01614	0.00935	0.01008	0.01627	0.02330	0.03055	0.11466	0.45290	0.16835	0.03280	0.01405	0.00432	0.00625	0.02929	0.01062	0.00935
7	0.03093	0.01341	0.01576	0.01370	0.01838	0.01253	0.01079	0.03587	0.02651	0.21052	0.03931	0.04073	0.02852	0.01339	0.00903	0.00291	0.00671	0.01077	0.44683	0.01341
8	0.01637	0.01091	0.01228	0.01228	0.01228	0.01091	0.00682	0.01637	0.01637	0.02182	0.03546	0.07365	0.04092	0.60445	0.05729	0.01091	0.01091	0.01637	0.00682	0.00682
9	0.02999	0.02122	0.02737	0.02137	0.02802	0.02129	0.01751	0.03407	0.02353	0.15024	0.02404	0.02718	0.01867	0.01309	0.01773	0.00308	0.18390	0.00871	0.00781	0.32118
10	0.04234	0.04481	0.03265	0.02776	0.03484	0.34976	0.02161	0.22544	0.04030	0.04488	0.02124	0.02298	0.01635	0.01236	0.01059	0.00309	0.01714	0.00840	0.00798	0.01548
11	0.04965	0.02052	0.02696	0.02067	0.02941	0.01856	0.01708	0.10347	0.03449	0.49020	0.04249	0.03707	0.02690	0.01388	0.01131	0.00347	0.00989	0.01119	0.01364	0.01915
12	0.68395	0.02177	0.01654	0.01480	0.02177	0.02525	0.01219	0.03309	0.01915	0.05050	0.01567	0.01828	0.01219	0.01045	0.00697	0.00348	0.00871	0.00609	0.00697	0.01219
13	0.04085	0.04681	0.03163	0.02785	0.03429	0.41312	0.02131	0.12879	0.08151	0.03732	0.02185	0.02358	0.01723	0.01230	0.01048	0.00307	0.01777	0.00830	0.00733	0.01461
14	0.04726	0.02150	0.03106	0.02345	0.03247	0.01953	0.06689	0.09485	0.03359	0.44435	0.04049	0.03641	0.02590	0.01343	0.01152	0.00351	0.01083	0.01141	0.01281	0.01874
15	0.02257	0.05822	0.54613	0.03208	0.04871	0.02614	0.04158	0.03564	0.02376	0.03564	0.02020	0.02376	0.01426	0.01069	0.01069	0.00356	0.01663	0.00832	0.00475	0.01663
16	0.03009	0.61122	0.05898	0.01926	0.02889	0.04454	0.01926	0.03370	0.02287	0.02648	0.01565	0.01805	0.01444	0.00963	0.00722	0.00241	0.01204	0.00602	0.00481	0.01444
17	0.01804	0.01329	0.01765	0.01976	0.02226	0.01350	0.01632	0.02501	0.07124	0.03380	0.05885	0.22818	0.06413	0.03056	0.01488	0.00491	0.00933	0.31700	0.01049	0.01079
18	0.01672	0.01135	0.01577	0.01577	0.01685	0.01242	0.01118	0.01810	0.01702	0.02377	0.03008	0.05159	0.03066	0.23560	0.32461	0.12013	0.02104	0.01301	0.00609	0.00824
19	0.03177	0.02605	0.02758	0.02367	0.03071	0.02976	0.01873	0.17136	0.39620	0.05317	0.04101	0.03817	0.03047	0.01482	0.01140	0.00371	0.00980	0.01206	0.01140	0.01815
20	0.04261	0.03662	0.03334	0.02661	0.03488	0.15577	0.02147	0.39257	0.04807	0.06093	0.02480	0.02547	0.01807	0.01307	0.01100	0.00327	0.01421	0.00947	0.01000	0.01774
21	0.02257	0.05822	0.54613	0.03208	0.04871	0.02614	0.04158	0.03564	0.02376	0.03564	0.02020	0.02376	0.01426	0.01069	0.01069	0.00356	0.01663	0.00832	0.00475	0.01663
22	0.68395	0.02177	0.01654	0.01480	0.02177	0.02525	0.01219	0.03309	0.01915	0.05050	0.01567	0.01828	0.01219	0.01045	0.00697	0.00348	0.00871	0.00609	0.00697	0.01219
23	0.02470	0.02086	0.02259	0.02124	0.02628	0.02365	0.01612	0.04963	0.40041	0.04285	0.04955	0.16995	0.04360	0.01988	0.01212	0.00399	0.00836	0.01717	0.01122	0.01582
24	0.61466	0.02282	0.01841	0.01600	0.02319	0.02629	0.01318	0.08319	0.02280	0.05271	0.01690	0.01923	0.01294	0.01078	0.00743	0.00347	0.00910	0.00653	0.00743	0.01294
25	0.03572	0.02214	0.08676	0.01970	0.02803	0.01610	0.01781	0.04144	0.03016	0.30466	0.15818	0.04624	0.04434	0.01519	0.01141	0.00332	0.00926	0.01269	0.01167	0.08518
26	0.02126	0.02001	0.03376	0.57739	0.07752	0.02501	0.03126	0.02876	0.02251	0.02876	0.02001	0.03001	0.01500	0.01125	0.01125	0.00375	0.01500	0.01000	0.00500	0.01250
27	0.02185	0.02062	0.03484	0.53136	0.11888	0.02516	0.03156	0.02928	0.02279	0.02948	0.02011	0.02981	0.01526	0.01114	0.01124	0.00371	0.01486	0.01000	0.00505	0.01299
28	0.03856	0.02149	0.02927	0.02264	0.03055	0.02056	0.06602	0.14542	0.03549	0.27449	0.09054	0.04763	0.09329	0.01598	0.01193	0.00354	0.01034	0.01360	0.01190	0.01678
29	0.02916	0.02112	0.02466	0.01853	0.02730	0.01852	0.01492	0.12176	0.03112	0.09901	0.08624	0.03311	0.02932	0.01175	0.00983	0.00243	0.00889	0.00952	0.00905	0.39375
30	0.04279	0.03153	0.03378	0.02590	0.03490	0.03490	0.02139	0.49671	0.05292	0.07093	0.02702	0.02702	0.01914	0.01351	0.01126	0.00338	0.01239	0.01013	0.01126	0.01914
31	0.02618	0.01992	0.02363	0.01702	0.02689	0.01516	0.01367	0.03111	0.02427	0.08955	0.02256	0.02491	0.01784	0.00892	0.00865	0.00186	0.00847	0.00715	0.00743	0.60481
32	0.01371	0.00979	0.01306	0.01567	0.01632	0.00914	0.01045	0.01567	0.02155	0.02873	0.06203	0.59710	0.07444	0.03526	0.01437	0.00457	0.00653	0.03200	0.01045	0.00914
33	0.01371	0.00979	0.01306	0.01567	0.01632	0.00914	0.01045	0.01567	0.02155	0.02873	0.06203	0.59710	0.07444	0.03526	0.01437	0.00457	0.00653	0.03200	0.01045	0.00914
34	0.02585	0.24609	0.31321	0.02650	0.03945	0.03275	0.03092	0.03793	0.08346	0.03386	0.02175	0.02401	0.01678	0.01088	0.00958	0.00319	0.01409	0.00806	0.00559	0.01602
35	0.01916	0.00991	0.01437	0.01437	0.01437	0.00991	0.00941	0.01487	0.01487	0.01983	0.02150	0.03904	0.02217	0.10832	0.04562	0.59153	0.00991	0.01058	0.00512	0.00512
36	0.02098	0.01049	0.01049	0.01049	0.01311	0.01049	0.00787	0.02623	0.02360	0.04196	0.03672	0.04196	0.02885	0.01311	0.00787	0.00262	0.00525	0.01049	0.66693	0.01049
37	0.02334	0.02267	0.04006	0.40367	0.17916	0.02578	0.08285	0.03087	0.02366	0.03138	0.02057	0.02956	0.01587	0.01078	0.01145	0.00366	0.01507	0.01037	0.00521	0.01401
38	0.04071	0.03106	0.07578	0.02428	0.03298	0.09077	0.02094	0.16737	0.12712	0.21823	0.03466	0.03255	0.02395	0.01349	0.01113	0.00345	0.01213	0.01051	0.01095	0.01792
39	0.03423	0.03589	0.02745	0.02431	0.02965	0.27111	0.01854	0.12808	0.06806	0.03808	0.05894	0.03458	0.02678	0.06790	0.08163	0.00558	0.01738	0.01040	0.00784	0.01358
40	0.24357	0.19682	0.08900	0.02583	0.09028	0.08080	0.02083	0.03407	0.02352	0.03788	0.05016	0.02441	0.02004	0.01111	0.00865	0.00312	0.01194	0.00782	0.00619	0.01397
41	0.04190	0.01703	0.02272	0.01809	0.02520	0.01497	0.01469	0.04650	0.03126	0.41057	0.12067	0.04598	0.04044	0.01529	0.01127	0.00340	0.00844	0.01267	0.08201	0.01689
42	0.02184	0.05308	0.48770	0.03011	0.04520	0.02443	0.03818	0.03406	0.02465	0.03669	0.07610	0.03040	0.02437	0.01205	0.01098	0.00356	0.01539	0.00964	0.00559	0.01597
43	0.01656	0.01074	0.01343	0.01438	0.01627	0.01024	0.01052	0.02059	0.02543	0.03723	0.19081	0.26845	0.07141	0.02580	0.01253	0.00384	0.00619	0.06026	0.17530	0.01001
44	0.01528	0.01138	0.01442	0.01647	0.01775	0.01122	0.01126	0.02053	0.07572	0.03075	0.06025	0.53603	0.07003	0.03306	0.01405	0.00449	0.00679	0.02988	0.01056	0.01010
45	0.04955	0.02067	0.02706	0.02074	0.02949	0.01879	0.01714	0.10895	0.03475	0.48435	0.04228	0.03693	0.02679	0.01388	0.01131	0.00347	0.00992	0.01117	0.01360	0.01915
46	0.01967	0.01233	0.01624	0.01479	0.01810	0.01126	0.01126	0.02487	0.03190	0.09884	0.47600	0.07913	0.09773	0.02203	0.01306	0.00353	0.00577	0.01938	0.01256	0.01154
47	0.02657	0.03036	0.06641	0.04744	0.05882	0.02846	0.49336	0.03605	0.02657	0.03605	0.02277	0.03036	0.01708	0.00949	0.01328	0.00380	0.01898	0.01328	0.00569	0.01518
48	0.01781	0.01398	0.01773	0.01672	0.02106	0.01210	0.01254	0.02136	0.02221	0.03175	0.04334	0.29171	0.04794	0.03034	0.06937	0.00499	0.00998	0.05781	0.00862	0.24862
49	0.02334	0.02001	0.02334	0.01667	0.02667	0.01500	0.01334	0.02834	0.02334	0.03668	0.02001	0.02334	0.01667	0.00834	0.00834	0.00167	0.00834	0.00667	0.00667	0.67325
50	0.68395	0.02177	0.01654	0.01480	0.02177	0.02525	0.01219	0.03309	0.01915	0.05050	0.01567	0.01828	0.01219	0.01045	0.00697	0.00348	0.00871	0.00609	0.00697	0.01219
51	0.02126	0.02001	0.03376	0.57739	0.07752	0.02501	0.03126	0.02876	0.02251	0.02876	0.02001	0.03001	0.01500	0.01125	0.01125	0.00375	0.01500	0.01000	0.00500	0.01250
52	0.41409	0.02929	0.02204	0.01925	0.02623	0.15740	0.01533	0.03981	0.02459	0.12949	0.02106	0.02224	0.01547	0.01134	0.00851	0.00334	0.01176	0.00728	0.00787	0.01361
53	0.03146	0.02675	0.02521	0.02275	0.02822	0.12016	0.01771	0.13581	0.14961	0.07940	0.04118	0.15613	0.03806	0.01967	0.01213	0.00381	0.01140	0.05541	0.01026	0.01487
54	0.02126	0.02001	0.03376	0.57739	0.07752	0.02501	0.03126	0.02876	0.02251	0.02876	0.02001	0.03001	0.01500	0.01125	0.01125	0.00375	0.01500	0.01000	0.00500	0.01250
55	0.03525	0.02231	0.02934	0.09481	0.08768	0.02321	0.02122	0.17928	0.03502	0.17892	0.03688	0.10112	0.03091	0.01692	0.01199	0.00374	0.01125	0.05339	0.01044	0.01632
56	0.02827	0.02759	0.03753	0.28200	0.22107	0.09203	0.03016	0.08164	0.02789	0.03571	0.02081	0.02778	0.01632	0.01112	0.01108	0.00347	0.01483	0.00969	0.00595	0.01505
57	0.02263	0.05090	0.44216	0.09077	0.05001	0.02681	0.03886	0.03409	0.02301	0.03409	0.01966	0.02452	0.01439	0.01161	0.01325	0.00371	0.07033	0.00864	0.00480	0.01578
58	0.02816	0.08471	0.02826	0.01798	0.02775	0.01988	0.01491	0.06775	0.02642	0.08623	0.02240	0.02448	0.01768	0.00941	0.00873	0.00205	0.00917	0.00731	0.00751	0.48921
59	0.01890	0.01315	0.01581	0.01412	0.01709	0.01210	0.00968	0.02046	0.01875	0.02757	0.02917	0.05018	0.02976	0.27687	0.09141	0.08958	0.01162	0.01213	0.06625	0.17538

[dist]
# distance from previous block
# <min> <max>
1	44

[block]
# block no. 2 follows, 11 sequences, length 19
# corresponding to MSA columns:
# 640-658
name=unknown_C
#
# <colnr> <probs for GDERKNQSTAVLIFYWHMCP>
#	G	D	E	R	K	N	Q	S	T	A	V	L	I	F	Y	W	H	M	C	P
0	0.02612	0.18179	0.03262	0.01917	0.02665	0.02735	0.01588	0.03998	0.20153	0.03607	0.02992	0.03420	0.02517	0.07628	0.01451	0.00366	0.00983	0.00976	0.00793	0.18156
1	0.03388	0.13810	0.03763	0.03077	0.11742	0.03206	0.02186	0.16934	0.17919	0.08036	0.03062	0.03068	0.02315	0.01273	0.01053	0.00333	0.01126	0.01019	0.00929	0.01762
2	0.03297	0.01502	0.01876	0.01593	0.02176	0.01313	0.01260	0.03683	0.02831	0.28734	0.06433	0.10391	0.17274	0.01965	0.01165	0.00354	0.00764	0.01638	0.10309	0.01443
3	0.03299	0.02385	0.04425	0.18296	0.05402	0.02360	0.21048	0.04025	0.02732	0.20050	0.02913	0.03288	0.02006	0.01143	0.01208	0.00368	0.01480	0.01174	0.00821	0.01576
4	0.13048	0.12658	0.03687	0.02438	0.03234	0.02880	0.08152	0.07346	0.11091	0.15816	0.02919	0.02965	0.02135	0.01269	0.01211	0.00349	0.05306	0.00995	0.00895	0.01605
5	0.02215	0.01285	0.01602	0.01531	0.01921	0.01138	0.01172	0.02573	0.02727	0.14230	0.15523	0.19464	0.21872	0.02607	0.01326	0.00395	0.00698	0.05394	0.01152	0.01175
6	0.04165	0.01837	0.02352	0.01886	0.02647	0.01658	0.01531	0.04875	0.08366	0.40014	0.05651	0.05073	0.11475	0.01658	0.01167	0.00357	0.00884	0.01361	0.01306	0.01735
7	0.02942	0.01881	0.02977	0.20412	0.07663	0.01943	0.05549	0.03485	0.02605	0.18124	0.08499	0.04409	0.03255	0.09275	0.01781	0.00459	0.01199	0.01262	0.00876	0.01403
8	0.03111	0.03417	0.22787	0.02422	0.03511	0.02048	0.02552	0.07169	0.02803	0.18539	0.03337	0.10518	0.02694	0.01489	0.01115	0.00345	0.01200	0.01233	0.00889	0.08821
9	0.01858	0.01133	0.01453	0.01552	0.01780	0.01020	0.01094	0.02101	0.02369	0.09794	0.06860	0.43813	0.14637	0.03124	0.01377	0.00429	0.00680	0.02780	0.01092	0.01055
10	0.02003	0.01140	0.01530	0.01642	0.01846	0.01041	0.01149	0.02240	0.02338	0.11689	0.05901	0.50113	0.06644	0.03160	0.01384	0.00438	0.00705	0.02845	0.01105	0.01086
11	0.02585	0.02452	0.02449	0.01833	0.02776	0.08808	0.01447	0.03057	0.02449	0.03545	0.01965	0.02293	0.01638	0.00877	0.00858	0.00183	0.00994	0.00675	0.00655	0.58461
12	0.01830	0.01388	0.01725	0.01654	0.01983	0.01392	0.01286	0.02814	0.11385	0.04393	0.38250	0.08261	0.08830	0.02277	0.01327	0.00381	0.00661	0.07787	0.01196	0.01182
13	0.01771	0.01147	0.01493	0.01501	0.01748	0.01046	0.01089	0.02149	0.02753	0.07826	0.28230	0.27648	0.11846	0.02731	0.01353	0.00394	0.00615	0.02428	0.01164	0.01067
14	0.21019	0.02071	0.02689	0.02088	0.02935	0.01971	0.05344	0.04780	0.02843	0.37630	0.03535	0.03257	0.02300	0.01269	0.01036	0.00351	0.01010	0.01014	0.01150	0.01706
15	0.03522	0.02996	0.02936	0.02310	0.03122	0.11675	0.01857	0.19152	0.03502	0.08303	0.02334	0.02525	0.01781	0.01189	0.01196	0.00283	0.05419	0.00852	0.00848	0.24198
16	0.02819	0.02769	0.12109	0.21970	0.14014	0.02367	0.02897	0.06829	0.02695	0.11398	0.02789	0.07482	0.02242	0.01343	0.01140	0.00364	0.01328	0.01168	0.00734	0.01543
17	0.01371	0.00979	0.01306	0.01567	0.01632	0.00914	0.01045	0.01567	0.02155	0.02873	0.06203	0.59710	0.07444	0.03526	0.01437	0.00457	0.00653	0.03200	0.01045	0.00914
18	0.16150	0.02156	0.06736	0.11704	0.03683	0.01974	0.07028	0.03085	0.02372	0.10627	0.03887	0.15858	0.06671	0.01775	0.01138	0.00383	0.01097	0.01543	0.00830	0.01303

[dist]
# distance from previous block
# <min> <max>
0	14

[block]
# block no. 3 follows, 11 sequences, length 25
# corresponding to MSA columns:
# 673-697
name=unknown_D
#
# <colnr> <probs for GDERKNQSTAVLIFYWHMCP>
#	G	D	E	R	K	N	Q	S	T	A	V	L	I	F	Y	W	H	M	C	P
0	0.18718	0.23978	0.10308	0.02292	0.03277	0.03248	0.06238	0.07582	0.02599	0.09303	0.02088	0.02283	0.01596	0.01073	0.00890	0.00312	0.01219	0.00788	0.00692	0.01515
1	0.09562	0.01585	0.01821	0.01621	0.02093	0.01605	0.01263	0.03508	0.11026	0.12715	0.25366	0.05738	0.06188	0.01768	0.01132	0.00346	0.00697	0.01487	0.09141	0.01338
2	0.02312	0.02001	0.02445	0.07659	0.03211	0.01607	0.01525	0.02838	0.02325	0.03583	0.02001	0.02405	0.01649	0.00865	0.00865	0.00189	0.00905	0.00702	0.00649	0.60264
3	0.01611	0.01192	0.01738	0.01738	0.01915	0.01369	0.01319	0.01965	0.01788	0.02561	0.03079	0.04779	0.02969	0.14758	0.49880	0.01722	0.02781	0.01258	0.00613	0.00966
4	0.01882	0.01211	0.01543	0.01425	0.01725	0.01108	0.01057	0.02328	0.02973	0.08540	0.39886	0.08090	0.12701	0.08479	0.01781	0.00434	0.00632	0.01941	0.01177	0.01088
5	0.01557	0.01160	0.01455	0.01413	0.01702	0.01058	0.01081	0.02036	0.03009	0.04114	0.40399	0.09262	0.19041	0.02481	0.01347	0.00373	0.00581	0.05713	0.01182	0.01037
6	0.01464	0.01107	0.01351	0.01371	0.01623	0.00994	0.00998	0.01844	0.02761	0.03695	0.29704	0.21279	0.22204	0.02752	0.01354	0.00386	0.00571	0.02411	0.01136	0.00994
7	0.42663	0.02475	0.02289	0.01882	0.02658	0.02773	0.01552	0.18594	0.03116	0.09458	0.02156	0.02266	0.01565	0.01171	0.00870	0.00345	0.00997	0.00781	0.00890	0.01499
8	0.02462	0.02462	0.03447	0.02955	0.02955	0.03447	0.02462	0.02709	0.01724	0.02709	0.01477	0.02462	0.01477	0.01970	0.03694	0.00492	0.58385	0.00985	0.00492	0.01231
9	0.04279	0.03153	0.03378	0.02590	0.03490	0.03490	0.02139	0.49671	0.05292	0.07093	0.02702	0.02702	0.01914	0.01351	0.01126	0.00338	0.01239	0.01013	0.01126	0.01914
10	0.01604	0.01135	0.01449	0.01443	0.01628	0.01077	0.01037	0.01979	0.02678	0.03719	0.32988	0.12926	0.08432	0.16265	0.02401	0.00552	0.00719	0.05939	0.01072	0.00957
11	0.68395	0.02177	0.01654	0.01480	0.02177	0.02525	0.01219	0.03309	0.01915	0.05050	0.01567	0.01828	0.01219	0.01045	0.00697	0.00348	0.00871	0.00609	0.00697	0.01219
12	0.02973	0.01972	0.02127	0.01859	0.02421	0.02145	0.01461	0.10053	0.23397	0.10107	0.04018	0.03977	0.02988	0.01415	0.01015	0.00331	0.00811	0.01147	0.24226	0.01554
13	0.01955	0.00978	0.01466	0.01466	0.01466	0.00978	0.00978	0.01466	0.01466	0.01955	0.01955	0.03421	0.01955	0.03910	0.04399	0.67253	0.00978	0.00978	0.00489	0.00489
14	0.02319	0.01578	0.01745	0.01658	0.02007	0.05610	0.01233	0.02695	0.02841	0.12373	0.23193	0.22054	0.11345	0.02451	0.01300	0.00380	0.00766	0.02136	0.01139	0.01177
15	0.15571	0.01883	0.02311	0.01829	0.02616	0.01749	0.01503	0.04861	0.02923	0.41412	0.03883	0.03522	0.02528	0.01327	0.01027	0.00341	0.00905	0.01036	0.07052	0.01720
16	0.01696	0.01250	0.01612	0.01559	0.01644	0.01381	0.01079	0.01888	0.01868	0.02612	0.08844	0.06253	0.04259	0.34526	0.18716	0.01150	0.06586	0.01508	0.00707	0.00861
17	0.02303	0.05504	0.49139	0.03383	0.04987	0.02640	0.09314	0.03569	0.02408	0.03569	0.02049	0.02452	0.01458	0.01056	0.01099	0.00359	0.01690	0.00888	0.00486	0.01647
18	0.01699	0.01247	0.01467	0.01544	0.01672	0.01277	0.01015	0.02280	0.09596	0.02883	0.04893	0.30245	0.05487	0.25880	0.03100	0.00698	0.00864	0.02278	0.00916	0.00956
19	0.01470	0.01052	0.01408	0.01598	0.01727	0.00990	0.01142	0.01773	0.02416	0.03265	0.15593	0.43636	0.07968	0.03228	0.01429	0.00444	0.00675	0.08145	0.01083	0.00959
20	0.02518	0.09360	0.08785	0.25202	0.05708	0.02798	0.13439	0.07113	0.02646	0.03478	0.02400	0.03587	0.01978	0.01243	0.01156	0.00368	0.01511	0.04692	0.00609	0.01409
21	0.03226	0.01483	0.02009	0.01807	0.02304	0.01325	0.01412	0.03605	0.02830	0.28081	0.10645	0.22481	0.05454	0.02311	0.01286	0.00398	0.00821	0.05856	0.01236	0.01429
22	0.03668	0.01607	0.02184	0.01865	0.02470	0.01429	0.01507	0.04102	0.03017	0.33992	0.12791	0.12038	0.05056	0.01994	0.01250	0.00382	0.00862	0.06948	0.01285	0.01554
23	0.02268	0.02493	0.08107	0.34117	0.11949	0.02477	0.10437	0.03065	0.02391	0.03183	0.02411	0.03793	0.02002	0.01255	0.01190	0.00382	0.01517	0.05030	0.00563	0.01368
24	0.03543	0.07865	0.07987	0.16831	0.04580	0.02977	0.02486	0.23211	0.03694	0.12019	0.02610	0.02835	0.01848	0.01240	0.01087	0.00342	0.01301	0.00976	0.00889	0.01680

[dist]
# distance from previous block
# <min> <max>
0	1

[block]
# block no. 4 follows, 11 sequences, length 38
# corresponding to MSA columns:
# 699-736
name=unknown_E
#
# <colnr> <probs for GDERKNQSTAVLIFYWHMCP>
#	G	D	E	R	K	N	Q	S	T	A	V	L	I	F	Y	W	H	M	C	P
0	0.03748	0.02265	0.06920	0.11974	0.03834	0.02022	0.02128	0.08587	0.02979	0.29272	0.03447	0.03542	0.02370	0.02309	0.08859	0.00559	0.01428	0.01083	0.01024	0.01649
1	0.62748	0.07267	0.02021	0.01519	0.02238	0.02691	0.01280	0.03314	0.01948	0.04842	0.01567	0.01826	0.01238	0.01038	0.00699	0.00339	0.00899	0.00609	0.00678	0.01238
2	0.01467	0.01050	0.01403	0.01586	0.01716	0.00987	0.01129	0.01770	0.02429	0.03289	0.16530	0.43421	0.08049	0.03211	0.01425	0.00441	0.00666	0.07385	0.01087	0.00960
3	0.02576	0.02475	0.02563	0.07683	0.03312	0.09278	0.01639	0.03072	0.02446	0.03456	0.01964	0.02361	0.01619	0.00910	0.00890	0.00206	0.01072	0.00710	0.00637	0.51132
4	0.02056	0.02072	0.09333	0.02199	0.02690	0.01644	0.02045	0.07297	0.02766	0.03698	0.05107	0.18320	0.05458	0.02711	0.01421	0.00466	0.01080	0.27473	0.00968	0.01195
5	0.02334	0.02001	0.02334	0.01667	0.02667	0.01500	0.01334	0.02834	0.02334	0.03668	0.02001	0.02334	0.01667	0.00834	0.00834	0.00167	0.00834	0.00667	0.00667	0.67325
6	0.02406	0.02103	0.07854	0.21167	0.04357	0.01894	0.02217	0.03168	0.05940	0.11245	0.04419	0.16704	0.08079	0.01897	0.01212	0.00388	0.01108	0.01651	0.00860	0.01332
7	0.07727	0.02243	0.03031	0.08470	0.06904	0.02685	0.02201	0.06590	0.02454	0.12659	0.03082	0.03497	0.06277	0.01674	0.02168	0.00411	0.24625	0.01112	0.00770	0.01420
8	0.02266	0.01203	0.01627	0.01499	0.01731	0.01130	0.01073	0.02360	0.02387	0.11126	0.20923	0.05841	0.05513	0.10905	0.02965	0.23270	0.00829	0.01476	0.00929	0.00947
9	0.01974	0.01256	0.01366	0.01299	0.01440	0.01284	0.00831	0.05952	0.02125	0.03094	0.03506	0.06191	0.03611	0.40901	0.04124	0.00824	0.00964	0.01439	0.16943	0.00877
10	0.01491	0.01088	0.01396	0.01541	0.01689	0.00988	0.01035	0.01695	0.02118	0.02877	0.05527	0.48801	0.06545	0.09190	0.01826	0.00495	0.00716	0.02796	0.00971	0.07215
11	0.04279	0.03153	0.03378	0.02590	0.03490	0.03490	0.02139	0.49671	0.05292	0.07093	0.02702	0.02702	0.01914	0.01351	0.01126	0.00338	0.01239	0.01013	0.01126	0.01914
12	0.04843	0.02760	0.02753	0.02222	0.03022	0.14951	0.01782	0.05242	0.03214	0.41598	0.03779	0.03390	0.02459	0.01336	0.01103	0.00334	0.01220	0.01032	0.01194	0.01766
13	0.01714	0.01197	0.01566	0.01735	0.01887	0.01192	0.01353	0.02024	0.02221	0.02912	0.05137	0.14821	0.05726	0.23166	0.03002	0.00713	0.01023	0.26793	0.00913	0.00902
14	0.02728	0.01907	0.02267	0.01666	0.02584	0.01486	0.01336	0.03221	0.02472	0.11421	0.02514	0.02720	0.01941	0.00959	0.00875	0.00203	0.00826	0.00770	0.06377	0.51727
15	0.03642	0.07992	0.02784	0.01990	0.02603	0.02103	0.01631	0.07220	0.02754	0.27379	0.03464	0.03913	0.02631	0.08768	0.11309	0.00679	0.05483	0.01123	0.01003	0.01530
16	0.02334	0.02001	0.02334	0.01667	0.02667	0.01500	0.01334	0.02834	0.02334	0.03668	0.02001	0.02334	0.01667	0.00834	0.00834	0.00167	0.00834	0.00667	0.00667	0.67325
17	0.09877	0.42196	0.04764	0.02010	0.02868	0.08190	0.01852	0.03823	0.09245	0.03197	0.02004	0.02164	0.01702	0.01067	0.00803	0.00276	0.01192	0.00707	0.00605	0.01457
18	0.01357	0.01127	0.01187	0.01201	0.01544	0.00957	0.00890	0.01656	0.02585	0.03156	0.14594	0.14840	0.45314	0.02861	0.01339	0.00384	0.00574	0.02417	0.01062	0.00957
19	0.02387	0.08170	0.10044	0.01909	0.02999	0.01939	0.01788	0.02988	0.02335	0.03556	0.01962	0.02290	0.01612	0.00879	0.00856	0.00201	0.00986	0.00684	0.00622	0.51793
20	0.02307	0.10876	0.11789	0.02757	0.08083	0.02580	0.02268	0.02965	0.06037	0.03011	0.02581	0.07281	0.02455	0.07318	0.07017	0.05347	0.12260	0.01163	0.00613	0.01293
21	0.02915	0.17188	0.12079	0.14984	0.16196	0.03059	0.02879	0.07537	0.02689	0.07157	0.02161	0.02597	0.01670	0.01087	0.01017	0.00325	0.01353	0.00889	0.00624	0.01593
22	0.02551	0.17490	0.13858	0.03157	0.04106	0.03083	0.17630	0.03446	0.05869	0.03293	0.02491	0.07627	0.02199	0.01339	0.01356	0.00359	0.06885	0.01190	0.00607	0.01464
23	0.02219	0.02095	0.03544	0.50573	0.14191	0.02525	0.03172	0.02957	0.02295	0.02989	0.02017	0.02970	0.01540	0.01108	0.01124	0.00369	0.01477	0.01001	0.00508	0.01325
24	0.02334	0.02001	0.02334	0.01667	0.02667	0.01500	0.01334	0.02834	0.02334	0.03668	0.02001	0.02334	0.01667	0.00834	0.00834	0.00167	0.00834	0.00667	0.00667	0.67325
25	0.01955	0.00978	0.01466	0.01466	0.01466	0.00978	0.00978	0.01466	0.01466	0.01955	0.01955	0.03421	0.01955	0.03910	0.04399	0.67253	0.00978	0.00978	0.00489	0.00489
26	0.02231	0.02092	0.03297	0.46264	0.06750	0.02630	0.02917	0.03181	0.07307	0.03049	0.02214	0.03069	0.01699	0.01255	0.01395	0.00388	0.07364	0.01027	0.00566	0.01304
27	0.02347	0.02260	0.03874	0.17077	0.11771	0.02198	0.13772	0.03046	0.02513	0.03545	0.07381	0.03368	0.02585	0.01111	0.01118	0.00314	0.01299	0.01101	0.00646	0.18676
28	0.03197	0.03849	0.05436	0.04100	0.05043	0.21382	0.32867	0.03916	0.02843	0.03308	0.02089	0.02685	0.01618	0.01022	0.01219	0.00348	0.01944	0.01118	0.00573	0.01444
29	0.02607	0.02148	0.03300	0.30974	0.12411	0.02485	0.02703	0.07511	0.02709	0.07266	0.07514	0.03522	0.02621	0.01340	0.01353	0.00371	0.05921	0.01118	0.00709	0.01416
30	0.24687	0.02105	0.02230	0.01985	0.02493	0.02422	0.01578	0.07345	0.11227	0.08759	0.03261	0.12816	0.02948	0.01756	0.01404	0.00393	0.08982	0.01318	0.00906	0.01386
31	0.01371	0.00979	0.01306	0.01567	0.01632	0.00914	0.01045	0.01567	0.02155	0.02873	0.06203	0.59710	0.07444	0.03526	0.01437	0.00457	0.00653	0.03200	0.01045	0.00914
32	0.19259	0.13081	0.03235	0.06941	0.03331	0.08211	0.01902	0.14160	0.11611	0.04615	0.02404	0.02557	0.01850	0.01201	0.00943	0.00330	0.01179	0.00860	0.00805	0.01523
33	0.02497	0.23419	0.39111	0.02800	0.04240	0.03199	0.03448	0.03503	0.02348	0.03273	0.01875	0.02195	0.01432	0.01035	0.00959	0.00320	0.01517	0.00759	0.00477	0.01594
34	0.09308	0.15107	0.15113	0.10021	0.03852	0.02608	0.02399	0.03740	0.02569	0.15675	0.06849	0.03164	0.02542	0.01237	0.01007	0.00332	0.01202	0.00963	0.00788	0.01526
35	0.03215	0.27305	0.15736	0.02685	0.03808	0.03210	0.10252	0.03891	0.02562	0.13737	0.02379	0.02554	0.01764	0.01073	0.00983	0.00311	0.01366	0.00882	0.00685	0.01601
36	0.01637	0.01091	0.01228	0.01228	0.01228	0.01091	0.00682	0.01637	0.01637	0.02182	0.03546	0.07365	0.04092	0.60445	0.05729	0.01091	0.01091	0.01637	0.00682	0.00682
37	0.02756	0.02757	0.05043	0.06413	0.42542	0.02714	0.13956	0.03489	0.02584	0.03661	0.02154	0.02843	0.01766	0.00990	0.01163	0.00345	0.01465	0.01077	0.00560	0.01722

[dist]
# distance from previous block
# <min> <max>
0	16

[block]
# block no. 5 follows, 11 sequences, length 15
# corresponding to MSA columns:
# 753-767
name=unknown_F
#
# <colnr> <probs for GDERKNQSTAVLIFYWHMCP>
#	G	D	E	R	K	N	Q	S	T	A	V	L	I	F	Y	W	H	M	C	P
0	0.02596	0.30708	0.32691	0.02631	0.03979	0.03442	0.03154	0.03477	0.02336	0.03152	0.01815	0.02119	0.01434	0.01021	0.00913	0.00304	0.01457	0.00728	0.00478	0.01565
1	0.02257	0.05822	0.54613	0.03208	0.04871	0.02614	0.04158	0.03564	0.02376	0.03564	0.02020	0.02376	0.01426	0.01069	0.01069	0.00356	0.01663	0.00832	0.00475	0.01663
2	0.02340	0.01191	0.01376	0.01344	0.01673	0.01156	0.01066	0.02854	0.02554	0.09586	0.07814	0.05820	0.04025	0.01680	0.00987	0.00319	0.00654	0.08233	0.44189	0.01143
3	0.02126	0.02001	0.03376	0.57739	0.07752	0.02501	0.03126	0.02876	0.02251	0.02876	0.02001	0.03001	0.01500	0.01125	0.01125	0.00375	0.01500	0.01000	0.00500	0.01250
4	0.37928	0.02221	0.02574	0.12360	0.03668	0.02504	0.05728	0.03732	0.07590	0.08662	0.02283	0.02579	0.01689	0.01134	0.00916	0.00360	0.01084	0.00860	0.00758	0.01371
5	0.01955	0.00978	0.01466	0.01466	0.01466	0.00978	0.00978	0.01466	0.01466	0.01955	0.01955	0.03421	0.01955	0.03910	0.04399	0.67253	0.00978	0.00978	0.00489	0.00489
6	0.10150	0.48260	0.05159	0.01953	0.02881	0.04138	0.01874	0.08597	0.02587	0.03408	0.01694	0.01909	0.01473	0.01016	0.00765	0.00263	0.01172	0.00649	0.00577	0.01473
7	0.01519	0.01148	0.01402	0.01338	0.01636	0.01030	0.01004	0.01981	0.03011	0.04098	0.41153	0.09091	0.22556	0.02456	0.01328	0.00361	0.00542	0.02131	0.01184	0.01030
8	0.04070	0.04651	0.03567	0.03011	0.03716	0.39222	0.06756	0.14350	0.03600	0.03792	0.02004	0.02276	0.01577	0.01181	0.01070	0.00309	0.01843	0.00847	0.00699	0.01460
9	0.02257	0.05822	0.54613	0.03208	0.04871	0.02614	0.04158	0.03564	0.02376	0.03564	0.02020	0.02376	0.01426	0.01069	0.01069	0.00356	0.01663	0.00832	0.00475	0.01663
10	0.01621	0.01636	0.07147	0.01674	0.02068	0.01216	0.01450	0.02149	0.02789	0.03841	0.29639	0.17219	0.13428	0.02528	0.01344	0.00393	0.00733	0.06959	0.01080	0.01086
11	0.01549	0.01117	0.01465	0.01446	0.01672	0.01033	0.01059	0.02014	0.02982	0.04189	0.43598	0.18565	0.09991	0.02544	0.01349	0.00374	0.00555	0.02266	0.01201	0.01033
12	0.01637	0.01091	0.01228	0.01228	0.01228	0.01091	0.00682	0.01637	0.01637	0.02182	0.03546	0.07365	0.04092	0.60445	0.05729	0.01091	0.01091	0.01637	0.00682	0.00682
13	0.09004	0.02584	0.02679	0.02295	0.03004	0.02952	0.01823	0.16920	0.35203	0.05349	0.03833	0.03606	0.02850	0.01439	0.01100	0.00368	0.00978	0.01147	0.01100	0.01765
14	0.09057	0.07415	0.02735	0.01841	0.02688	0.02094	0.01526	0.03130	0.02294	0.07697	0.02059	0.02372	0.01673	0.01036	0.01149	0.00242	0.07207	0.00728	0.00693	0.42364

[dist]
# distance from previous block
# <min> <max>
0	1

[block]
# block no. 6 follows, 11 sequences, length 24
# corresponding to MSA columns:
# 769-792
name=unknown_G
#
# <colnr> <probs for GDERKNQSTAVLIFYWHMCP>
#	G	D	E	R	K	N	Q	S	T	A	V	L	I	F	Y	W	H	M	C	P
0	0.01520	0.01107	0.01458	0.01654	0.01830	0.01045	0.01251	0.01856	0.02437	0.03214	0.11762	0.35364	0.12211	0.03201	0.01448	0.00456	0.00743	0.15411	0.01064	0.00970
1	0.01955	0.00978	0.01466	0.01466	0.01466	0.00978	0.00978	0.01466	0.01466	0.01955	0.01955	0.03421	0.01955	0.03910	0.04399	0.67253	0.00978	0.00978	0.00489	0.00489
2	0.06836	0.03149	0.14649	0.03612	0.14149	0.02287	0.10920	0.03286	0.02420	0.03728	0.02049	0.02528	0.01617	0.00953	0.01021	0.00292	0.01306	0.00885	0.00588	0.23724
3	0.01968	0.01613	0.01796	0.01728	0.02126	0.01692	0.01296	0.03422	0.21777	0.03959	0.16065	0.17032	0.16358	0.02349	0.01277	0.00390	0.00704	0.02031	0.01123	0.01292
4	0.01611	0.01195	0.01754	0.01754	0.01936	0.01377	0.01339	0.01975	0.01793	0.02572	0.03065	0.04698	0.02934	0.13321	0.51269	0.01742	0.02834	0.01246	0.00610	0.00975
5	0.02432	0.03883	0.23733	0.03487	0.04399	0.02983	0.14532	0.03253	0.02200	0.03253	0.01879	0.02569	0.01514	0.01378	0.02117	0.00413	0.22993	0.01010	0.00505	0.01466
6	0.02622	0.08209	0.02763	0.01838	0.02712	0.02075	0.01498	0.10618	0.02806	0.04048	0.02549	0.08829	0.02339	0.01238	0.00939	0.00236	0.00920	0.01005	0.00768	0.41990
7	0.01385	0.01038	0.01286	0.01445	0.01610	0.00939	0.01000	0.01640	0.02369	0.03094	0.12588	0.41965	0.19099	0.03225	0.01398	0.00427	0.00619	0.02868	0.01066	0.00939
8	0.01638	0.01170	0.01612	0.01872	0.02054	0.01144	0.01508	0.02028	0.02418	0.03172	0.06056	0.31361	0.06861	0.03275	0.01508	0.00494	0.00884	0.28916	0.01040	0.00988
9	0.02126	0.02001	0.03376	0.57739	0.07752	0.02501	0.03126	0.02876	0.02251	0.02876	0.02001	0.03001	0.01500	0.01125	0.01125	0.00375	0.01500	0.01000	0.00500	0.01250
10	0.04696	0.02112	0.02785	0.02167	0.02951	0.02047	0.01792	0.10196	0.03301	0.43570	0.03939	0.03562	0.02553	0.01448	0.01395	0.00362	0.06907	0.01103	0.01270	0.01845
11	0.03009	0.61122	0.05898	0.01926	0.02889	0.04454	0.01926	0.03370	0.02287	0.02648	0.01565	0.01805	0.01444	0.00963	0.00722	0.00241	0.01204	0.00602	0.00481	0.01444
12	0.01999	0.01550	0.01410	0.01378	0.01488	0.07073	0.00864	0.02125	0.01935	0.02604	0.03371	0.06218	0.03588	0.43431	0.04333	0.00856	0.01093	0.01432	0.12435	0.00815
13	0.02741	0.02116	0.02716	0.17251	0.04067	0.02487	0.02101	0.04401	0.22877	0.09051	0.03450	0.03656	0.02584	0.01428	0.01366	0.00376	0.06987	0.01131	0.07697	0.01518
14	0.01430	0.01047	0.01344	0.01475	0.01634	0.00961	0.01028	0.01733	0.02498	0.03364	0.20194	0.39436	0.13505	0.03098	0.01393	0.00419	0.00609	0.02772	0.01101	0.00961
15	0.01634	0.01102	0.01284	0.01284	0.01304	0.01122	0.00753	0.01673	0.01654	0.02224	0.03495	0.07079	0.03968	0.55382	0.10621	0.01161	0.01278	0.01595	0.00674	0.00713
16	0.03009	0.61122	0.05898	0.01926	0.02889	0.04454	0.01926	0.03370	0.02287	0.02648	0.01565	0.01805	0.01444	0.00963	0.00722	0.00241	0.01204	0.00602	0.00481	0.01444
17	0.02521	0.05220	0.44133	0.03528	0.09763	0.02711	0.03877	0.08314	0.02697	0.03941	0.02100	0.02452	0.01513	0.01092	0.01080	0.00352	0.01586	0.00868	0.00551	0.01702
18	0.01608	0.01206	0.01809	0.01809	0.02010	0.01407	0.01407	0.02010	0.01809	0.02613	0.03015	0.04422	0.02814	0.08441	0.55984	0.01809	0.03015	0.01206	0.00603	0.01005
19	0.02660	0.17051	0.28249	0.02714	0.03883	0.08799	0.03008	0.03468	0.02380	0.03208	0.01838	0.02218	0.01462	0.01116	0.01210	0.00317	0.06840	0.00768	0.00509	0.08302
20	0.02055	0.02206	0.07396	0.02065	0.02336	0.07257	0.01692	0.02301	0.02035	0.02686	0.03400	0.19811	0.03716	0.10706	0.08263	0.08211	0.10472	0.01685	0.00694	0.01014
21	0.02853	0.08873	0.09818	0.08381	0.09041	0.02665	0.11335	0.04073	0.12100	0.08909	0.02779	0.03044	0.02082	0.01133	0.01089	0.00333	0.01304	0.01035	0.00750	0.08401
22	0.02110	0.01931	0.02766	0.17587	0.03945	0.02290	0.02138	0.02530	0.02072	0.02961	0.02738	0.14974	0.02809	0.01870	0.01985	0.00394	0.19895	0.01412	0.00645	0.12947
23	0.15035	0.13163	0.08635	0.02574	0.08226	0.02764	0.02097	0.08676	0.05930	0.12926	0.02524	0.02620	0.01869	0.01132	0.00945	0.00313	0.01111	0.00853	0.00813	0.07795

[dist]
# distance from previous block
# <min> <max>
0	29

[block]
# block no. 7 follows, 11 sequences, length 19
# corresponding to MSA columns:
# 823-841
name=unknown_H
#
# <colnr> <probs for GDERKNQSTAVLIFYWHMCP>
#	G	D	E	R	K	N	Q	S	T	A	V	L	I	F	Y	W	H	M	C	P
0	0.02552	0.02790	0.14423	0.08864	0.09583	0.02007	0.06201	0.03285	0.02616	0.10354	0.10170	0.07972	0.03519	0.01441	0.01147	0.00341	0.01189	0.01286	0.00796	0.09467
1	0.02959	0.02933	0.12848	0.08856	0.10506	0.02290	0.02504	0.06970	0.08642	0.11663	0.02753	0.02954	0.02021	0.01137	0.01050	0.00313	0.01183	0.00946	0.00798	0.16674
2	0.02645	0.02493	0.02597	0.07976	0.03371	0.08183	0.01736	0.03829	0.14898	0.03743	0.02627	0.02845	0.02074	0.01079	0.00965	0.00258	0.01057	0.00863	0.00761	0.36001
3	0.01637	0.01091	0.01228	0.01228	0.01228	0.01091	0.00682	0.01637	0.01637	0.02182	0.03546	0.07365	0.04092	0.60445	0.05729	0.01091	0.01091	0.01637	0.00682	0.00682
4	0.03473	0.18652	0.11252	0.02313	0.03189	0.02923	0.02211	0.04359	0.09074	0.19960	0.02965	0.02952	0.02150	0.01317	0.01324	0.00342	0.08079	0.00945	0.00869	0.01650
5	0.02025	0.01353	0.01541	0.01436	0.01556	0.01397	0.00910	0.08011	0.02104	0.02810	0.03251	0.06292	0.03557	0.46092	0.04963	0.08583	0.01098	0.01478	0.00719	0.00824
6	0.02424	0.09870	0.02808	0.01702	0.02697	0.01893	0.01412	0.02905	0.02328	0.03532	0.01943	0.02264	0.01637	0.00851	0.00819	0.00177	0.00883	0.00658	0.00642	0.58556
7	0.01442	0.01128	0.01317	0.01378	0.01661	0.01003	0.01036	0.01784	0.02612	0.03337	0.18080	0.20053	0.30676	0.02900	0.01374	0.00405	0.00628	0.07127	0.01083	0.00975
8	0.02692	0.02644	0.06642	0.02432	0.03014	0.02830	0.02060	0.08334	0.29640	0.04266	0.04129	0.04105	0.06699	0.01676	0.01685	0.00399	0.12959	0.01246	0.00949	0.01602
9	0.04113	0.02171	0.02652	0.02175	0.02937	0.02172	0.01787	0.13516	0.12541	0.30269	0.04314	0.04705	0.03167	0.01607	0.01182	0.00372	0.01007	0.06267	0.01256	0.01789
10	0.01631	0.01115	0.01349	0.01349	0.01391	0.01157	0.00833	0.01715	0.01673	0.02272	0.03435	0.06751	0.03825	0.49585	0.16224	0.01241	0.01493	0.01547	0.00665	0.00749
11	0.01886	0.01247	0.01761	0.01696	0.01740	0.01423	0.01215	0.01784	0.01609	0.02244	0.02426	0.04257	0.02483	0.15278	0.16003	0.31415	0.09092	0.01153	0.00551	0.00738
12	0.68395	0.02177	0.01654	0.01480	0.02177	0.02525	0.01219	0.03309	0.01915	0.05050	0.01567	0.01828	0.01219	0.01045	0.00697	0.00348	0.00871	0.00609	0.00697	0.01219
13	0.03122	0.06997	0.09108	0.02982	0.09350	0.06886	0.02317	0.08562	0.26086	0.07604	0.03413	0.03351	0.02558	0.01323	0.01092	0.00351	0.01173	0.01073	0.00925	0.01729
14	0.08828	0.03152	0.06905	0.13539	0.10429	0.09893	0.06345	0.12233	0.09931	0.04277	0.02458	0.02819	0.01864	0.01188	0.01087	0.00350	0.01405	0.00986	0.00744	0.01564
15	0.03009	0.61122	0.05898	0.01926	0.02889	0.04454	0.01926	0.03370	0.02287	0.02648	0.01565	0.01805	0.01444	0.00963	0.00722	0.00241	0.01204	0.00602	0.00481	0.01444
16	0.02124	0.02037	0.03590	0.46394	0.06989	0.02403	0.08544	0.02849	0.02291	0.02964	0.02402	0.07975	0.02046	0.01314	0.01177	0.00383	0.01474	0.01233	0.00556	0.01253
17	0.02136	0.01898	0.03031	0.33915	0.10888	0.02139	0.02689	0.02800	0.02375	0.03148	0.02994	0.05326	0.02778	0.01580	0.01207	0.00389	0.01313	0.12089	0.00653	0.06651
18	0.01417	0.01144	0.01261	0.01231	0.01574	0.00987	0.00923	0.01783	0.02770	0.03527	0.25088	0.10031	0.38977	0.02669	0.01329	0.00371	0.00557	0.02263	0.01109	0.00987

[dist]
# distance from previous block
# <min> <max>
2	41

[block]
# block no. 8 follows, 11 sequences, length 7
# corresponding to MSA columns:
# 898-904
name=unknown_I
#
# <colnr> <probs for GDERKNQSTAVLIFYWHMCP>
#	G	D	E	R	K	N	Q	S	T	A	V	L	I	F	Y	W	H	M	C	P
0	0.03708	0.04538	0.03263	0.02915	0.03330	0.40975	0.02257	0.03986	0.02772	0.02742	0.01665	0.02153	0.01458	0.01391	0.01778	0.00348	0.18085	0.00799	0.00555	0.01284
1	0.02462	0.02462	0.03447	0.02955	0.02955	0.03447	0.02462	0.02709	0.01724	0.02709	0.01477	0.02462	0.01477	0.01970	0.03694	0.00492	0.58385	0.00985	0.00492	0.01231
2	0.01371	0.00979	0.01306	0.01567	0.01632	0.00914	0.01045	0.01567	0.02155	0.02873	0.06203	0.59710	0.07444	0.03526	0.01437	0.00457	0.00653	0.03200	0.01045	0.00914
3	0.01869	0.01008	0.01402	0.01402	0.01402	0.01008	0.00898	0.01512	0.01512	0.02017	0.02386	0.04489	0.02533	0.19209	0.04759	0.49349	0.01008	0.01156	0.00541	0.00541
4	0.02168	0.01858	0.02137	0.01580	0.02478	0.01409	0.01255	0.02633	0.02372	0.03564	0.03554	0.03738	0.10145	0.01167	0.00916	0.00202	0.00790	0.00949	0.00729	0.56356
5	0.07866	0.01456	0.02195	0.02019	0.02369	0.01390	0.09013	0.02075	0.02278	0.03224	0.05909	0.37486	0.12829	0.02765	0.01333	0.00422	0.00866	0.02522	0.00934	0.01048
6	0.03049	0.18593	0.13056	0.02875	0.03800	0.19433	0.10380	0.03667	0.02734	0.03186	0.06920	0.02839	0.02401	0.01173	0.01035	0.00311	0.01589	0.00946	0.00601	0.01413

[dist]
# distance from previous block
# <min> <max>
0	1

[block]
# block no. 9 follows, 11 sequences, length 18
# corresponding to MSA columns:
# 906-923
name=unknown_J
#
# <colnr> <probs for GDERKNQSTAVLIFYWHMCP>
#	G	D	E	R	K	N	Q	S	T	A	V	L	I	F	Y	W	H	M	C	P
0	0.02513	0.02357	0.03817	0.20640	0.30983	0.02410	0.02973	0.03174	0.02431	0.03444	0.02062	0.02766	0.01680	0.01007	0.01066	0.00316	0.01293	0.00941	0.00561	0.13566
1	0.10270	0.09482	0.22165	0.02389	0.03546	0.02387	0.02568	0.04332	0.02678	0.25076	0.02952	0.02878	0.01983	0.01193	0.01022	0.00340	0.01236	0.00913	0.00887	0.01702
2	0.04333	0.02363	0.03199	0.02405	0.03324	0.02242	0.06653	0.16581	0.03617	0.31678	0.03522	0.03306	0.02336	0.01281	0.01121	0.00331	0.01115	0.01075	0.01167	0.08353
3	0.02786	0.02674	0.04568	0.06908	0.53424	0.02674	0.03454	0.03454	0.02563	0.03677	0.02117	0.02786	0.01783	0.01003	0.01114	0.00334	0.01337	0.01003	0.00557	0.01783
4	0.03232	0.02083	0.03152	0.07397	0.03624	0.02056	0.10263	0.04340	0.12734	0.21054	0.09192	0.04762	0.07879	0.01536	0.01206	0.00366	0.01085	0.01384	0.01069	0.01588
5	0.03032	0.12491	0.07926	0.02319	0.03093	0.02308	0.06574	0.03856	0.07675	0.16754	0.07451	0.09994	0.03806	0.01711	0.01164	0.00365	0.01096	0.05914	0.00964	0.01507
6	0.01955	0.00978	0.01466	0.01466	0.01466	0.00978	0.00978	0.01466	0.01466	0.01955	0.01955	0.03421	0.01955	0.03910	0.04399	0.67253	0.00978	0.00978	0.00489	0.00489
7	0.01371	0.00979	0.01306	0.01567	0.01632	0.00914	0.01045	0.01567	0.02155	0.02873	0.06203	0.59710	0.07444	0.03526	0.01437	0.00457	0.00653	0.03200	0.01045	0.00914
8	0.14531	0.03321	0.12990	0.08835	0.12532	0.07893	0.02624	0.08400	0.02823	0.12187	0.02386	0.02649	0.01730	0.01148	0.01029	0.00343	0.01335	0.00896	0.00753	0.01595
9	0.02888	0.08865	0.12644	0.13305	0.09859	0.02885	0.11004	0.07248	0.02665	0.08491	0.02262	0.02766	0.01704	0.01187	0.01374	0.00362	0.07284	0.01003	0.00649	0.01555
10	0.01400	0.01143	0.01237	0.01213	0.01563	0.00980	0.00910	0.01750	0.02729	0.03430	0.22354	0.10191	0.41772	0.02705	0.01330	0.00373	0.00560	0.02286	0.01096	0.00980
11	0.02838	0.01426	0.01903	0.01627	0.02111	0.01275	0.01275	0.03335	0.03199	0.22413	0.35398	0.06759	0.07798	0.01974	0.01257	0.00352	0.00685	0.01710	0.01294	0.01369
12	0.09374	0.02890	0.13461	0.02872	0.07607	0.02121	0.07059	0.04567	0.02833	0.30814	0.03312	0.03209	0.02194	0.01223	0.01101	0.00352	0.01216	0.01038	0.01001	0.01756
13	0.08724	0.06824	0.03239	0.13678	0.08814	0.02332	0.05565	0.03726	0.07676	0.12929	0.11487	0.03992	0.03528	0.01373	0.01107	0.00350	0.01105	0.01189	0.00883	0.01478
14	0.01495	0.01072	0.01375	0.01569	0.01689	0.01019	0.01114	0.01728	0.02190	0.02869	0.06189	0.37820	0.10801	0.12708	0.02152	0.00566	0.00790	0.10968	0.00984	0.00903
15	0.02751	0.14999	0.22647	0.03711	0.09355	0.08387	0.15600	0.03622	0.02535	0.03335	0.01986	0.02452	0.01542	0.01020	0.01073	0.00332	0.01646	0.00928	0.00520	0.01559
