[name]
unknown

[dist]
# distance from previous block
# <min> <max>
0	56

[block]
# block no. 0 follows, 13 sequences, length 32
# corresponding to MSA columns:
# 56-87
name=unknown_A
#
# <colnr> <probs for GDERKNQSTAVLIFYWHMCP>
#	G	D	E	R	K	N	Q	S	T	A	V	L	I	F	Y	W	H	M	C	P
0	0.03818	0.03286	0.03032	0.02453	0.03205	0.14310	0.01971	0.36616	0.11236	0.05542	0.02595	0.02601	0.01903	0.01255	0.01039	0.00314	0.01269	0.00930	0.00957	0.01666
1	0.01438	0.01071	0.01303	0.01351	0.01571	0.00988	0.01005	0.01760	0.02411	0.03172	0.21147	0.16290	0.21072	0.10849	0.01859	0.00472	0.00672	0.09686	0.00986	0.00897
2	0.02460	0.02432	0.02139	0.02021	0.02348	0.18413	0.01524	0.03078	0.10244	0.02700	0.02545	0.03303	0.02224	0.04198	0.23701	0.12078	0.01935	0.00974	0.00622	0.01062
3	0.02939	0.02423	0.04439	0.08739	0.20021	0.02412	0.20048	0.03592	0.02487	0.14217	0.02436	0.02894	0.01802	0.01071	0.01291	0.00345	0.05555	0.01073	0.00679	0.01538
4	0.01613	0.01278	0.01678	0.09412	0.02434	0.01297	0.01294	0.02299	0.07138	0.03743	0.34107	0.11535	0.13908	0.02108	0.01215	0.00348	0.00666	0.01847	0.01024	0.01055
5	0.02100	0.01546	0.01758	0.01680	0.02023	0.01639	0.01254	0.09905	0.14471	0.04008	0.10651	0.26027	0.05171	0.02174	0.01150	0.00361	0.00712	0.01896	0.10262	0.01211
6	0.01997	0.01879	0.03171	0.60301	0.07282	0.02349	0.02936	0.02701	0.02114	0.02701	0.01879	0.02819	0.01409	0.01057	0.01057	0.00352	0.01409	0.00940	0.00470	0.01175
7	0.03218	0.02918	0.17611	0.02642	0.03574	0.02058	0.10486	0.03891	0.02538	0.25422	0.03140	0.07539	0.02352	0.01359	0.01294	0.00353	0.06036	0.01158	0.00860	0.01551
8	0.01314	0.00986	0.01227	0.01407	0.01562	0.00899	0.00996	0.01546	0.02162	0.02781	0.07104	0.44036	0.19872	0.03110	0.01333	0.00415	0.00624	0.06770	0.00981	0.00878
9	0.02532	0.02426	0.04139	0.13820	0.49576	0.02490	0.03203	0.03171	0.02368	0.03352	0.01974	0.02644	0.01639	0.00958	0.01048	0.00319	0.01277	0.00942	0.00516	0.01607
10	0.02295	0.02180	0.03652	0.24827	0.34940	0.02330	0.02949	0.02922	0.02305	0.03146	0.02625	0.03272	0.05769	0.01116	0.01066	0.00331	0.01254	0.01041	0.00540	0.01440
11	0.02560	0.10951	0.28112	0.09977	0.04133	0.02560	0.02856	0.09934	0.02618	0.07311	0.02429	0.07538	0.01989	0.01255	0.01013	0.00329	0.01309	0.01010	0.00640	0.01476
12	0.11351	0.11275	0.24265	0.02967	0.04077	0.10352	0.14703	0.03424	0.02334	0.03331	0.01814	0.02206	0.01383	0.00974	0.00972	0.00318	0.01515	0.00827	0.00509	0.01405
13	0.15753	0.02313	0.02835	0.02362	0.02859	0.06680	0.08529	0.09398	0.02501	0.07716	0.02770	0.14321	0.02634	0.01670	0.01514	0.00372	0.12434	0.01312	0.00760	0.01268
14	0.36035	0.10761	0.02710	0.01842	0.02603	0.02962	0.01563	0.21888	0.03047	0.05163	0.01875	0.02025	0.01421	0.01080	0.00810	0.00310	0.00991	0.00715	0.00779	0.01421
15	0.01999	0.01150	0.01519	0.01525	0.01800	0.01046	0.01133	0.02322	0.02479	0.13072	0.16905	0.32205	0.09945	0.02618	0.01276	0.00389	0.00662	0.05798	0.01082	0.01073
16	0.01860	0.01400	0.01842	0.01750	0.01965	0.01590	0.01325	0.08386	0.02136	0.02976	0.03185	0.12147	0.03228	0.14393	0.31737	0.01165	0.05801	0.01413	0.00691	0.01010
17	0.03566	0.04792	0.09868	0.02632	0.03285	0.47045	0.02186	0.03978	0.02839	0.02787	0.01804	0.02101	0.01460	0.01089	0.00944	0.00279	0.01757	0.00717	0.05621	0.01251
18	0.01978	0.01223	0.01566	0.16727	0.02837	0.01347	0.01322	0.02527	0.02190	0.03613	0.03033	0.03644	0.02365	0.01185	0.00823	0.00274	0.00736	0.00973	0.50601	0.01036
19	0.01393	0.01037	0.01309	0.01412	0.01613	0.00953	0.01046	0.01723	0.02428	0.03218	0.20480	0.29273	0.18211	0.02808	0.01315	0.00395	0.00614	0.08823	0.01030	0.00920
20	0.03531	0.02285	0.02681	0.21243	0.04207	0.10791	0.02035	0.04022	0.02668	0.27022	0.02967	0.03096	0.02026	0.01186	0.01023	0.00322	0.01201	0.00957	0.05290	0.01450
21	0.04019	0.02962	0.03173	0.02433	0.03279	0.03279	0.02010	0.52721	0.04971	0.06663	0.02538	0.02538	0.01798	0.01269	0.01058	0.00317	0.01163	0.00952	0.01058	0.01798
22	0.01645	0.01137	0.01322	0.01241	0.01596	0.00990	0.00943	0.02014	0.02688	0.08047	0.27482	0.08732	0.33572	0.02361	0.01233	0.00345	0.00553	0.02008	0.01080	0.01011
23	0.02537	0.01313	0.01770	0.01580	0.01996	0.01225	0.01230	0.02932	0.02602	0.21123	0.19438	0.11221	0.09462	0.03193	0.12746	0.00617	0.01116	0.01607	0.01059	0.01231
24	0.02825	0.06198	0.07427	0.02348	0.02894	0.02436	0.05698	0.08031	0.02581	0.13408	0.09646	0.03433	0.02920	0.01496	0.01769	0.00358	0.18869	0.01081	0.05210	0.01371
25	0.02827	0.63478	0.05540	0.01809	0.02714	0.04184	0.01809	0.03166	0.02148	0.02488	0.01470	0.01696	0.01357	0.00905	0.00678	0.00226	0.01131	0.00565	0.00452	0.01357
26	0.03981	0.01847	0.02532	0.02021	0.02625	0.01857	0.01666	0.04360	0.02733	0.41501	0.07752	0.03680	0.02957	0.01489	0.01574	0.00356	0.13242	0.01103	0.01123	0.01602
27	0.03054	0.02544	0.11141	0.09982	0.03915	0.02079	0.10209	0.09458	0.02826	0.19625	0.03650	0.07290	0.06579	0.01397	0.01116	0.00344	0.01189	0.01239	0.00872	0.01491
28	0.01576	0.01011	0.01182	0.01182	0.01182	0.01011	0.00677	0.01517	0.01517	0.02023	0.03138	0.06441	0.03585	0.55200	0.05220	0.09835	0.01011	0.01458	0.00617	0.00617
29	0.01643	0.01235	0.01540	0.01436	0.01731	0.01208	0.01085	0.02463	0.09624	0.04264	0.49052	0.07387	0.09105	0.02068	0.01225	0.00336	0.00542	0.01820	0.01153	0.01085
30	0.02774	0.07424	0.08789	0.17830	0.12758	0.02694	0.13173	0.11329	0.02775	0.07083	0.02173	0.02662	0.01620	0.01039	0.01062	0.00329	0.01384	0.00972	0.00637	0.01492
31	0.02526	0.19547	0.32508	0.02868	0.04137	0.02872	0.11019	0.03423	0.02304	0.06534	0.01972	0.02282	0.01467	0.00980	0.00965	0.00310	0.01446	0.00819	0.00517	0.01503

[dist]
# distance from previous block
# <min> <max>
2	9

[block]
# block no. 1 follows, 13 sequences, length 18
# corresponding to MSA columns:
# 97-114
name=unknown_B
#
# <colnr> <probs for GDERKNQSTAVLIFYWHMCP>
#	G	D	E	R	K	N	Q	S	T	A	V	L	I	F	Y	W	H	M	C	P
0	0.09304	0.01930	0.02181	0.01649	0.02509	0.01657	0.01323	0.03316	0.08021	0.09753	0.02367	0.02499	0.01827	0.00934	0.00834	0.00215	0.00806	0.00734	0.00756	0.47385
1	0.13912	0.02550	0.02640	0.08723	0.03309	0.06101	0.01844	0.27538	0.06844	0.05079	0.02716	0.09091	0.02290	0.01425	0.01021	0.00335	0.01100	0.01117	0.00888	0.01477
2	0.01569	0.01131	0.01434	0.01479	0.01676	0.01059	0.01025	0.01900	0.05245	0.02884	0.09165	0.36571	0.05628	0.06935	0.01853	0.08229	0.00698	0.02195	0.00882	0.08439
3	0.02285	0.01891	0.02197	0.01620	0.02475	0.01538	0.01295	0.07241	0.02539	0.03832	0.07898	0.02856	0.02519	0.00981	0.00860	0.00191	0.00787	0.00799	0.00726	0.55468
4	0.01378	0.00989	0.01307	0.01411	0.01553	0.00918	0.00988	0.01697	0.02441	0.03361	0.27263	0.38828	0.08276	0.02818	0.01305	0.00388	0.00564	0.02536	0.01060	0.00918
5	0.01403	0.00984	0.01177	0.01283	0.01343	0.00941	0.00803	0.01507	0.01829	0.02405	0.05095	0.31077	0.10035	0.31539	0.03256	0.00706	0.00802	0.02236	0.00820	0.00758
6	0.04334	0.01812	0.02412	0.01831	0.02668	0.01531	0.01506	0.04753	0.02892	0.48382	0.03803	0.03373	0.02448	0.01224	0.01018	0.00300	0.00881	0.00993	0.01199	0.12640
7	0.03950	0.05039	0.02996	0.02724	0.03269	0.58597	0.02043	0.04222	0.02996	0.02588	0.01634	0.01907	0.01362	0.01090	0.00953	0.00272	0.01907	0.00681	0.00545	0.01226
8	0.01655	0.01026	0.01370	0.01497	0.01655	0.00944	0.01040	0.01898	0.02234	0.08271	0.11317	0.50178	0.06896	0.02983	0.01309	0.00408	0.00629	0.02689	0.01035	0.00968
9	0.01997	0.01879	0.03171	0.60301	0.07282	0.02349	0.02936	0.02701	0.02114	0.02701	0.01879	0.02819	0.01409	0.01057	0.01057	0.00352	0.01409	0.00940	0.00470	0.01175
10	0.01971	0.00985	0.00985	0.00985	0.01232	0.00985	0.00739	0.02464	0.02217	0.03942	0.03449	0.03942	0.02710	0.01232	0.00739	0.00246	0.00493	0.00985	0.68712	0.00985
11	0.70310	0.02045	0.01554	0.01390	0.02045	0.02372	0.01145	0.03108	0.01799	0.04744	0.01472	0.01718	0.01145	0.00981	0.00654	0.00327	0.00818	0.00573	0.00654	0.01145
12	0.08666	0.01424	0.01744	0.01642	0.02045	0.01384	0.01234	0.03146	0.07567	0.19049	0.08314	0.29959	0.05021	0.02248	0.01169	0.00376	0.00730	0.01961	0.01070	0.01251
13	0.01837	0.00918	0.01377	0.01377	0.01377	0.00918	0.00918	0.01377	0.01377	0.01837	0.01837	0.03214	0.01837	0.03673	0.04132	0.69238	0.00918	0.00918	0.00459	0.00459
14	0.01510	0.01133	0.01699	0.01699	0.01888	0.01322	0.01322	0.01888	0.01699	0.02454	0.02832	0.04154	0.02643	0.07930	0.58652	0.01699	0.02832	0.01133	0.00566	0.00944
15	0.02248	0.01452	0.01785	0.01611	0.02016	0.01444	0.01236	0.03274	0.14528	0.12445	0.32781	0.09850	0.07106	0.01938	0.01186	0.00344	0.00645	0.01688	0.01155	0.01267
16	0.02638	0.18985	0.09684	0.19395	0.04250	0.02581	0.02248	0.03221	0.02273	0.10093	0.02076	0.02437	0.01577	0.00993	0.00899	0.00277	0.01169	0.00779	0.00603	0.13822
17	0.02494	0.13214	0.03559	0.08808	0.03537	0.02203	0.10692	0.03004	0.02294	0.08416	0.02516	0.09069	0.02222	0.01188	0.00969	0.00274	0.01089	0.01069	0.00668	0.22714

[dist]
# distance from previous block
# <min> <max>
0	64

[block]
# block no. 2 follows, 13 sequences, length 11
# corresponding to MSA columns:
# 179-189
name=unknown_C
#
# <colnr> <probs for GDERKNQSTAVLIFYWHMCP>
#	G	D	E	R	K	N	Q	S	T	A	V	L	I	F	Y	W	H	M	C	P
0	0.26042	0.07686	0.02928	0.06512	0.12741	0.08556	0.01961	0.03120	0.02100	0.03559	0.01635	0.02090	0.01368	0.01079	0.01159	0.00315	0.08790	0.00725	0.00562	0.07072
1	0.02606	0.02499	0.07049	0.02178	0.02848	0.02529	0.01833	0.09118	0.41247	0.04506	0.08409	0.04023	0.03531	0.01447	0.01083	0.00351	0.00897	0.01202	0.01028	0.01616
2	0.02189	0.01195	0.01218	0.01139	0.01449	0.01229	0.00874	0.07805	0.02510	0.04231	0.03352	0.03793	0.02613	0.01236	0.00773	0.00254	0.00564	0.00982	0.61521	0.01072
3	0.02160	0.01382	0.01906	0.01785	0.02125	0.01524	0.01403	0.02875	0.08596	0.11268	0.03229	0.04040	0.02713	0.06065	0.42292	0.01313	0.02275	0.01130	0.00748	0.01171
4	0.01535	0.01035	0.01206	0.01206	0.01224	0.01053	0.00706	0.01571	0.01553	0.02089	0.03284	0.06654	0.03729	0.57576	0.10490	0.01090	0.01198	0.01499	0.00634	0.00670
5	0.02617	0.02512	0.04292	0.06490	0.56246	0.02512	0.03245	0.03245	0.02407	0.03454	0.01989	0.02617	0.01675	0.00942	0.01047	0.00314	0.01256	0.00942	0.00523	0.01675
6	0.04019	0.02962	0.03173	0.02433	0.03279	0.03279	0.02010	0.52721	0.04971	0.06663	0.02538	0.02538	0.01798	0.01269	0.01058	0.00317	0.01163	0.00952	0.01058	0.01798
7	0.02454	0.02119	0.02223	0.02014	0.02582	0.02409	0.01563	0.05097	0.47738	0.04224	0.05118	0.04736	0.09910	0.01592	0.01098	0.00358	0.00798	0.01327	0.01064	0.01574
8	0.02827	0.63478	0.05540	0.01809	0.02714	0.04184	0.01809	0.03166	0.02148	0.02488	0.01470	0.01696	0.01357	0.00905	0.00678	0.00226	0.01131	0.00565	0.00452	0.01357
9	0.70310	0.02045	0.01554	0.01390	0.02045	0.02372	0.01145	0.03108	0.01799	0.04744	0.01472	0.01718	0.01145	0.00981	0.00654	0.00327	0.00818	0.00573	0.00654	0.01145
10	0.02313	0.02313	0.03238	0.02776	0.02776	0.03238	0.02313	0.02545	0.01619	0.02545	0.01388	0.02313	0.01388	0.01851	0.03470	0.00463	0.60907	0.00925	0.00463	0.01157

[dist]
# distance from previous block
# <min> <max>
0	1

[block]
# block no. 3 follows, 13 sequences, length 24
# corresponding to MSA columns:
# 191-214
name=unknown_D
#
# <colnr> <probs for GDERKNQSTAVLIFYWHMCP>
#	G	D	E	R	K	N	Q	S	T	A	V	L	I	F	Y	W	H	M	C	P
0	0.03384	0.09726	0.02971	0.02338	0.02897	0.33076	0.01834	0.11162	0.02986	0.03269	0.02036	0.02424	0.01691	0.02077	0.09104	0.00475	0.01761	0.00794	0.04721	0.01273
1	0.41749	0.02406	0.02011	0.02129	0.07549	0.11396	0.01475	0.03046	0.02092	0.03937	0.02239	0.11399	0.02159	0.01364	0.00852	0.00333	0.01008	0.01012	0.00675	0.01166
2	0.03811	0.04815	0.03009	0.06811	0.03554	0.54604	0.02106	0.04114	0.02934	0.02596	0.01652	0.01971	0.01365	0.01087	0.00961	0.00278	0.01871	0.00699	0.00539	0.01222
3	0.01912	0.01139	0.01672	0.01599	0.01599	0.01285	0.01139	0.01562	0.01416	0.01949	0.01766	0.03071	0.01766	0.03385	0.04027	0.58357	0.10409	0.00919	0.00460	0.00569
4	0.08864	0.02759	0.03464	0.02619	0.03483	0.02943	0.09872	0.36438	0.04146	0.10998	0.02557	0.02631	0.01799	0.01192	0.01058	0.00325	0.01209	0.00981	0.00969	0.01690
5	0.01538	0.01025	0.01153	0.01153	0.01153	0.01025	0.00641	0.01538	0.01538	0.02050	0.03331	0.06919	0.03844	0.62842	0.05382	0.01025	0.01025	0.01538	0.00641	0.00641
6	0.04019	0.02962	0.03173	0.02433	0.03279	0.03279	0.02010	0.52721	0.04971	0.06663	0.02538	0.02538	0.01798	0.01269	0.01058	0.00317	0.01163	0.00952	0.01058	0.01798
7	0.09436	0.01888	0.02552	0.02099	0.02713	0.01926	0.09381	0.03889	0.16488	0.13803	0.04130	0.08089	0.06823	0.01479	0.01045	0.00339	0.00910	0.01295	0.10321	0.01393
8	0.02412	0.01939	0.02128	0.01873	0.02389	0.02121	0.01462	0.11695	0.27483	0.04609	0.19763	0.05351	0.08839	0.01715	0.01137	0.00344	0.00766	0.01445	0.01092	0.01435
9	0.01997	0.01879	0.03171	0.60301	0.07282	0.02349	0.02936	0.02701	0.02114	0.02701	0.01879	0.02819	0.01409	0.01057	0.01057	0.00352	0.01409	0.00940	0.00470	0.01175
10	0.01285	0.00933	0.01213	0.01438	0.01524	0.00862	0.00966	0.01476	0.02057	0.02713	0.06248	0.57678	0.11195	0.03258	0.01341	0.00423	0.00607	0.02939	0.00982	0.00862
11	0.03950	0.05039	0.02996	0.02724	0.03269	0.58597	0.02043	0.04222	0.02996	0.02588	0.01634	0.01907	0.01362	0.01090	0.00953	0.00272	0.01907	0.00681	0.00545	0.01226
12	0.02152	0.01268	0.01632	0.01621	0.01870	0.01259	0.01165	0.02671	0.10310	0.11091	0.04442	0.30827	0.04577	0.02789	0.01883	0.15755	0.00761	0.01956	0.00930	0.01043
13	0.02528	0.02681	0.03195	0.08482	0.03298	0.11497	0.02334	0.02813	0.01876	0.02567	0.01474	0.02302	0.01386	0.01657	0.02851	0.00423	0.46101	0.00890	0.00476	0.01169
14	0.01568	0.01160	0.01474	0.01403	0.01666	0.01112	0.01048	0.02234	0.06843	0.04142	0.48132	0.11549	0.09244	0.02190	0.01241	0.00342	0.00533	0.01937	0.01144	0.01039
15	0.03958	0.01590	0.02133	0.01739	0.02388	0.01395	0.01393	0.04339	0.02798	0.43826	0.04371	0.12892	0.03318	0.01619	0.01081	0.00336	0.00819	0.01364	0.07058	0.01581
16	0.02326	0.03204	0.24379	0.08341	0.03906	0.02072	0.06562	0.03082	0.02276	0.09916	0.03031	0.12639	0.02741	0.01595	0.01307	0.00372	0.05779	0.04426	0.00686	0.01362
17	0.02486	0.02745	0.20349	0.02121	0.02909	0.01681	0.02141	0.03273	0.05838	0.15994	0.06618	0.21576	0.03973	0.01882	0.01143	0.00364	0.01007	0.01625	0.00896	0.01378
18	0.04687	0.01890	0.02510	0.01924	0.02744	0.01688	0.01589	0.08859	0.03178	0.53059	0.04044	0.03516	0.02553	0.01306	0.01063	0.00326	0.00920	0.01055	0.01289	0.01799
19	0.04419	0.01989	0.02622	0.06429	0.03141	0.01888	0.01732	0.12491	0.03264	0.44874	0.03738	0.03371	0.02395	0.01283	0.01062	0.00328	0.00980	0.01036	0.01205	0.01751
20	0.02700	0.01844	0.02756	0.27673	0.09145	0.02047	0.02238	0.03555	0.08275	0.15129	0.02857	0.03277	0.02088	0.01613	0.04840	0.00425	0.01242	0.01013	0.05898	0.01384
21	0.02954	0.12201	0.08093	0.11568	0.04127	0.02752	0.11753	0.06428	0.02474	0.13900	0.02282	0.02659	0.01694	0.01191	0.01426	0.00343	0.11087	0.00950	0.00679	0.01440
22	0.70310	0.02045	0.01554	0.01390	0.02045	0.02372	0.01145	0.03108	0.01799	0.04744	0.01472	0.01718	0.01145	0.00981	0.00654	0.00327	0.00818	0.00573	0.00654	0.01145
23	0.59822	0.02190	0.01810	0.01555	0.02240	0.02515	0.01282	0.10957	0.02301	0.05048	0.01641	0.01847	0.01248	0.01027	0.00718	0.00326	0.00873	0.00633	0.00718	0.01248

[dist]
# distance from previous block
# <min> <max>
0	3

[block]
# block no. 4 follows, 13 sequences, length 9
# corresponding to MSA columns:
# 218-226
name=unknown_E
#
# <colnr> <probs for GDERKNQSTAVLIFYWHMCP>
#	G	D	E	R	K	N	Q	S	T	A	V	L	I	F	Y	W	H	M	C	P
0	0.02281	0.01270	0.01433	0.01291	0.01645	0.01258	0.00998	0.07412	0.02754	0.08806	0.17060	0.04810	0.04511	0.01485	0.00930	0.00283	0.00594	0.01231	0.38811	0.01136
1	0.01352	0.01027	0.01245	0.01292	0.01517	0.00920	0.00931	0.01678	0.02502	0.03314	0.25657	0.25675	0.23676	0.02688	0.01280	0.00371	0.00547	0.02358	0.01048	0.00920
2	0.01354	0.01075	0.01216	0.01181	0.01492	0.00937	0.00886	0.01720	0.02657	0.03443	0.29791	0.09209	0.36371	0.02459	0.01249	0.00347	0.00520	0.02096	0.01059	0.00937
3	0.01857	0.01161	0.01529	0.01391	0.01704	0.01059	0.01059	0.02346	0.02997	0.10096	0.49968	0.07421	0.09159	0.02067	0.01227	0.00332	0.00543	0.01818	0.01180	0.01087
4	0.02827	0.63478	0.05540	0.01809	0.02714	0.04184	0.01809	0.03166	0.02148	0.02488	0.01470	0.01696	0.01357	0.00905	0.00678	0.00226	0.01131	0.00565	0.00452	0.01357
5	0.04744	0.01799	0.02454	0.01881	0.02699	0.01554	0.01554	0.05153	0.03026	0.56979	0.04171	0.03599	0.02617	0.01309	0.01063	0.00327	0.00900	0.01063	0.01309	0.01799
6	0.02630	0.02271	0.02391	0.02152	0.02749	0.02630	0.01674	0.05618	0.54336	0.04423	0.04303	0.03945	0.03228	0.01434	0.01076	0.00359	0.00837	0.01195	0.01076	0.01674
7	0.02424	0.02024	0.03370	0.41383	0.18669	0.02308	0.02872	0.03080	0.02277	0.08360	0.02137	0.02849	0.01596	0.01055	0.01055	0.00341	0.01321	0.00953	0.00567	0.01359
8	0.02710	0.02348	0.03410	0.26562	0.19298	0.02643	0.02687	0.15210	0.07403	0.04015	0.02278	0.02793	0.01733	0.01110	0.01056	0.00334	0.01258	0.00965	0.00679	0.01505

[dist]
# distance from previous block
# <min> <max>
4	10

[block]
# block no. 5 follows, 13 sequences, length 22
# corresponding to MSA columns:
# 238-259
name=unknown_F
#
# <colnr> <probs for GDERKNQSTAVLIFYWHMCP>
#	G	D	E	R	K	N	Q	S	T	A	V	L	I	F	Y	W	H	M	C	P
0	0.02827	0.63478	0.05540	0.01809	0.02714	0.04184	0.01809	0.03166	0.02148	0.02488	0.01470	0.01696	0.01357	0.00905	0.00678	0.00226	0.01131	0.00565	0.00452	0.01357
1	0.04579	0.02064	0.02618	0.02007	0.02831	0.01947	0.01658	0.15996	0.03470	0.45509	0.03799	0.03357	0.02431	0.01300	0.01062	0.00325	0.00960	0.01038	0.01251	0.01799
2	0.01563	0.01101	0.01466	0.01658	0.01804	0.01085	0.01295	0.01870	0.02140	0.02810	0.05177	0.23629	0.05841	0.15702	0.02262	0.00586	0.00893	0.27337	0.00905	0.00874
3	0.03719	0.02649	0.02883	0.02297	0.03072	0.02917	0.01869	0.34794	0.18188	0.11466	0.03194	0.03035	0.02275	0.01318	0.01063	0.00330	0.01046	0.01030	0.01090	0.01764
4	0.02617	0.02512	0.04292	0.06490	0.56246	0.02512	0.03245	0.03245	0.02407	0.03454	0.01989	0.02617	0.01675	0.00942	0.01047	0.00314	0.01256	0.00942	0.00523	0.01675
5	0.02630	0.02271	0.02391	0.02152	0.02749	0.02630	0.01674	0.05618	0.54336	0.04423	0.04303	0.03945	0.03228	0.01434	0.01076	0.00359	0.00837	0.01195	0.01076	0.01674
6	0.01317	0.01064	0.01171	0.01165	0.01475	0.00918	0.00866	0.01639	0.02537	0.03208	0.22152	0.12933	0.40686	0.02584	0.01255	0.00355	0.00531	0.02198	0.01029	0.00918
7	0.02192	0.01879	0.02192	0.01566	0.02506	0.01409	0.01253	0.02662	0.02192	0.03445	0.01879	0.02192	0.01566	0.00783	0.00783	0.00157	0.00783	0.00626	0.00626	0.69305
8	0.01342	0.01085	0.01199	0.01199	0.01523	0.00942	0.00918	0.01679	0.02545	0.03196	0.20562	0.09794	0.41458	0.02579	0.01266	0.00362	0.00562	0.05845	0.01023	0.00923
9	0.01837	0.00918	0.01377	0.01377	0.01377	0.00918	0.00918	0.01377	0.01377	0.01837	0.01837	0.03214	0.01837	0.03673	0.04132	0.69238	0.00918	0.00918	0.00459	0.00459
10	0.04237	0.01651	0.02185	0.01717	0.02431	0.01450	0.01405	0.04661	0.02878	0.47286	0.04039	0.03661	0.02634	0.01295	0.01004	0.00312	0.00825	0.01049	0.13627	0.01651
11	0.03949	0.02912	0.19100	0.02224	0.03268	0.01827	0.02267	0.04606	0.02786	0.40720	0.03482	0.03184	0.02230	0.01216	0.01045	0.00329	0.01101	0.00978	0.01047	0.01728
12	0.02254	0.01504	0.01823	0.01630	0.02053	0.01519	0.01259	0.03419	0.16982	0.11587	0.34565	0.06226	0.07120	0.01845	0.01175	0.00339	0.00646	0.01599	0.01160	0.01293
13	0.01460	0.01036	0.01317	0.01383	0.01581	0.00956	0.01024	0.01695	0.02330	0.03070	0.19135	0.20796	0.19170	0.02861	0.01698	0.09914	0.00653	0.08107	0.00955	0.00862
14	0.03703	0.04912	0.10534	0.02738	0.03450	0.45873	0.02298	0.08447	0.03068	0.03058	0.01752	0.02008	0.01398	0.01094	0.00970	0.00285	0.01792	0.00719	0.00577	0.01324
15	0.02024	0.01917	0.03177	0.55333	0.06893	0.02426	0.02883	0.02688	0.02071	0.02688	0.01837	0.02775	0.01408	0.01126	0.01265	0.00362	0.06547	0.00938	0.00469	0.01173
16	0.04294	0.01700	0.02310	0.01805	0.02544	0.01477	0.01477	0.04716	0.03022	0.49682	0.11299	0.04194	0.03635	0.01427	0.01089	0.00328	0.00844	0.01181	0.01289	0.01688
17	0.02172	0.09801	0.02080	0.01434	0.01851	0.01513	0.01158	0.02636	0.02797	0.11125	0.35574	0.06031	0.07003	0.01772	0.01089	0.00308	0.00640	0.01511	0.08351	0.01155
18	0.03838	0.02320	0.08690	0.06010	0.03377	0.01895	0.05888	0.08501	0.02891	0.35223	0.03312	0.03224	0.02196	0.01391	0.01288	0.05213	0.01098	0.01020	0.01019	0.01609
19	0.02075	0.01680	0.02761	0.21168	0.04128	0.01733	0.09028	0.02662	0.02448	0.06829	0.15734	0.09271	0.04195	0.01507	0.01118	0.00333	0.01037	0.01390	0.04908	0.05995
20	0.05756	0.01336	0.01835	0.11159	0.05684	0.01356	0.01460	0.02224	0.02307	0.07186	0.12461	0.27770	0.10818	0.02292	0.01198	0.00375	0.00786	0.02026	0.00906	0.01067
21	0.11527	0.01765	0.02657	0.22343	0.07323	0.01941	0.05528	0.02572	0.02116	0.03222	0.07764	0.03359	0.02532	0.02227	0.09159	0.04500	0.01365	0.01016	0.00603	0.06482

[dist]
# distance from previous block
# <min> <max>
76	1291

# created by:
# /st0/software/busco_prod/Augustus/scripts/msa2prfl.pl ./align_prep/5950.fa
