[name]
unknown

[dist]
# distance from previous block
# <min> <max>
0	31

[block]
# block no. 0 follows, 13 sequences, length 32
# corresponding to MSA columns:
# 31-62
name=unknown_A
#
# <colnr> <probs for GDERKNQSTAVLIFYWHMCP>
#	G	D	E	R	K	N	Q	S	T	A	V	L	I	F	Y	W	H	M	C	P
0	0.01704	0.01226	0.01371	0.01287	0.01436	0.01212	0.00797	0.02027	0.06473	0.02409	0.03276	0.06171	0.03559	0.50961	0.04524	0.00877	0.00983	0.01415	0.00679	0.07614
1	0.02781	0.44736	0.04692	0.02229	0.07532	0.03582	0.01830	0.07953	0.02386	0.02946	0.01835	0.02456	0.01711	0.07943	0.01282	0.00334	0.01134	0.00749	0.00541	0.01349
2	0.01799	0.01425	0.02006	0.01865	0.02196	0.01355	0.05868	0.07559	0.02418	0.03285	0.04720	0.43940	0.05365	0.02605	0.01250	0.00383	0.00800	0.02373	0.00913	0.07874
3	0.01658	0.01574	0.02716	0.02233	0.02719	0.01435	0.16626	0.02109	0.02371	0.03072	0.09890	0.22084	0.22622	0.02271	0.01276	0.00375	0.00935	0.02122	0.00858	0.01054
4	0.03202	0.02713	0.02703	0.02290	0.02969	0.07032	0.01816	0.21576	0.33667	0.05050	0.03502	0.03313	0.02601	0.01352	0.01061	0.00338	0.01028	0.01074	0.01030	0.01683
5	0.70310	0.02045	0.01554	0.01390	0.02045	0.02372	0.01145	0.03108	0.01799	0.04744	0.01472	0.01718	0.01145	0.00981	0.00654	0.00327	0.00818	0.00573	0.00654	0.01145
6	0.02359	0.02225	0.03754	0.20165	0.38779	0.02341	0.02974	0.02997	0.02380	0.03323	0.06505	0.03117	0.02308	0.01075	0.01066	0.00326	0.01232	0.01024	0.00564	0.01486
7	0.01538	0.01025	0.01153	0.01153	0.01153	0.01025	0.00641	0.01538	0.01538	0.02050	0.03331	0.06919	0.03844	0.62842	0.05382	0.01025	0.01025	0.01538	0.00641	0.00641
8	0.01365	0.01076	0.01231	0.01192	0.01499	0.00942	0.00894	0.01741	0.02682	0.03503	0.31738	0.09111	0.34387	0.02436	0.01248	0.00346	0.00518	0.02082	0.01067	0.00942
9	0.02481	0.01870	0.02222	0.01602	0.02528	0.01426	0.01287	0.02944	0.02287	0.09494	0.02138	0.02351	0.01685	0.00842	0.00815	0.00176	0.00796	0.00676	0.00704	0.61678
10	0.02246	0.15755	0.48174	0.02800	0.04246	0.02762	0.03535	0.03316	0.02217	0.03196	0.01822	0.02137	0.01342	0.00987	0.00947	0.00316	0.01486	0.00743	0.00447	0.01526
11	0.02617	0.02512	0.04292	0.06490	0.56246	0.02512	0.03245	0.03245	0.02407	0.03454	0.01989	0.02617	0.01675	0.00942	0.01047	0.00314	0.01256	0.00942	0.00523	0.01675
12	0.04019	0.02962	0.03173	0.02433	0.03279	0.03279	0.02010	0.52721	0.04971	0.06663	0.02538	0.02538	0.01798	0.01269	0.01058	0.00317	0.01163	0.00952	0.01058	0.01798
13	0.03950	0.05039	0.02996	0.02724	0.03269	0.58597	0.02043	0.04222	0.02996	0.02588	0.01634	0.01907	0.01362	0.01090	0.00953	0.00272	0.01907	0.00681	0.00545	0.01226
14	0.01250	0.01071	0.01071	0.01071	0.01428	0.00893	0.00803	0.01517	0.02410	0.02856	0.10711	0.10175	0.55817	0.02678	0.01250	0.00357	0.00536	0.02231	0.00982	0.00893
15	0.01837	0.00918	0.01377	0.01377	0.01377	0.00918	0.00918	0.01377	0.01377	0.01837	0.01837	0.03214	0.01837	0.03673	0.04132	0.69238	0.00918	0.00918	0.00459	0.00459
16	0.01997	0.01879	0.03171	0.60301	0.07282	0.02349	0.02936	0.02701	0.02114	0.02701	0.01879	0.02819	0.01409	0.01057	0.01057	0.00352	0.01409	0.00940	0.00470	0.01175
17	0.02827	0.63478	0.05540	0.01809	0.02714	0.04184	0.01809	0.03166	0.02148	0.02488	0.01470	0.01696	0.01357	0.00905	0.00678	0.00226	0.01131	0.00565	0.00452	0.01357
18	0.02145	0.01154	0.01172	0.01109	0.01406	0.01181	0.00847	0.06740	0.02452	0.04173	0.03372	0.03822	0.02632	0.01235	0.00766	0.00252	0.00550	0.00983	0.62955	0.01055
19	0.01577	0.01065	0.01341	0.01272	0.01521	0.00996	0.00954	0.02075	0.02861	0.04189	0.46823	0.07226	0.08743	0.02004	0.01161	0.00318	0.00498	0.01755	0.12628	0.00996
20	0.02827	0.63478	0.05540	0.01809	0.02714	0.04184	0.01809	0.03166	0.02148	0.02488	0.01470	0.01696	0.01357	0.00905	0.00678	0.00226	0.01131	0.00565	0.00452	0.01357
21	0.70310	0.02045	0.01554	0.01390	0.02045	0.02372	0.01145	0.03108	0.01799	0.04744	0.01472	0.01718	0.01145	0.00981	0.00654	0.00327	0.00818	0.00573	0.00654	0.01145
22	0.01690	0.01381	0.02125	0.01968	0.02179	0.01588	0.04974	0.02050	0.01788	0.02540	0.02916	0.04855	0.02869	0.13139	0.36929	0.01279	0.08939	0.05230	0.00596	0.00967
23	0.01591	0.01251	0.01853	0.01807	0.01977	0.01514	0.01421	0.01954	0.01691	0.02463	0.02687	0.03969	0.02518	0.07321	0.53124	0.01575	0.08649	0.01112	0.00556	0.00965
24	0.02827	0.63478	0.05540	0.01809	0.02714	0.04184	0.01809	0.03166	0.02148	0.02488	0.01470	0.01696	0.01357	0.00905	0.00678	0.00226	0.01131	0.00565	0.00452	0.01357
25	0.01837	0.00918	0.01377	0.01377	0.01377	0.00918	0.00918	0.01377	0.01377	0.01837	0.01837	0.03214	0.01837	0.03673	0.04132	0.69238	0.00918	0.00918	0.00459	0.00459
26	0.01496	0.01081	0.01413	0.01330	0.01580	0.00998	0.00998	0.01995	0.02993	0.04240	0.55689	0.07898	0.09976	0.02162	0.01247	0.00333	0.00499	0.01912	0.01164	0.00998
27	0.02483	0.02406	0.04193	0.17248	0.43005	0.02490	0.06410	0.03144	0.02354	0.03297	0.01976	0.02673	0.01616	0.00962	0.01062	0.00325	0.01322	0.00962	0.00513	0.01557
28	0.02188	0.05002	0.48246	0.03271	0.04746	0.02494	0.12556	0.03355	0.02279	0.03355	0.01941	0.02343	0.01387	0.00984	0.01048	0.00339	0.01602	0.00864	0.00462	0.01538
29	0.02371	0.09224	0.03499	0.02667	0.02769	0.03345	0.02256	0.02615	0.01679	0.02538	0.01397	0.02243	0.01384	0.01744	0.03154	0.00436	0.54153	0.00885	0.00461	0.01179
30	0.01291	0.01061	0.01136	0.01141	0.01459	0.00906	0.00847	0.01588	0.02471	0.03059	0.17315	0.13705	0.45067	0.02645	0.01257	0.00359	0.00536	0.02240	0.01010	0.00906
31	0.02323	0.02866	0.16890	0.02325	0.03015	0.07014	0.05269	0.02949	0.02497	0.08674	0.13552	0.12014	0.04327	0.01782	0.01324	0.00363	0.05304	0.05441	0.00804	0.01266

[dist]
# distance from previous block
# <min> <max>
0	1

[block]
# block no. 1 follows, 13 sequences, length 43
# corresponding to MSA columns:
# 64-106
name=unknown_B
#
# <colnr> <probs for GDERKNQSTAVLIFYWHMCP>
#	G	D	E	R	K	N	Q	S	T	A	V	L	I	F	Y	W	H	M	C	P
0	0.02118	0.09034	0.46621	0.02793	0.04141	0.02420	0.03478	0.03188	0.02252	0.03264	0.02338	0.03426	0.01944	0.01241	0.01039	0.00346	0.01457	0.06911	0.00514	0.01473
1	0.70310	0.02045	0.01554	0.01390	0.02045	0.02372	0.01145	0.03108	0.01799	0.04744	0.01472	0.01718	0.01145	0.00981	0.00654	0.00327	0.00818	0.00573	0.00654	0.01145
2	0.04014	0.01615	0.02153	0.01709	0.02389	0.01418	0.01390	0.04444	0.02929	0.44205	0.10637	0.04184	0.03563	0.01408	0.01050	0.00319	0.00802	0.01162	0.09004	0.01604
3	0.02475	0.02062	0.02340	0.01743	0.02632	0.01787	0.01397	0.09363	0.08513	0.03966	0.02240	0.02437	0.01786	0.00919	0.00851	0.00200	0.00838	0.00733	0.00733	0.52985
4	0.01285	0.00934	0.01212	0.01435	0.01524	0.00862	0.00965	0.01476	0.02061	0.02714	0.06286	0.57270	0.11579	0.03253	0.01340	0.00423	0.00606	0.02933	0.00982	0.00862
5	0.03837	0.10906	0.03252	0.02632	0.03213	0.53134	0.02019	0.04116	0.02911	0.02578	0.01618	0.01886	0.01361	0.01071	0.00926	0.00268	0.01829	0.00669	0.00535	0.01239
6	0.02210	0.12842	0.50777	0.02860	0.04339	0.02675	0.03640	0.03325	0.02222	0.03239	0.01843	0.02164	0.01342	0.00992	0.00963	0.00321	0.01508	0.00754	0.00447	0.01536
7	0.03962	0.02050	0.02479	0.01907	0.02695	0.01952	0.01563	0.17553	0.03375	0.31475	0.03367	0.03163	0.02269	0.01224	0.00996	0.00295	0.00919	0.00970	0.07484	0.10303
8	0.02827	0.63478	0.05540	0.01809	0.02714	0.04184	0.01809	0.03166	0.02148	0.02488	0.01470	0.01696	0.01357	0.00905	0.00678	0.00226	0.01131	0.00565	0.00452	0.01357
9	0.02404	0.02500	0.02977	0.02620	0.02696	0.10002	0.02126	0.02635	0.01841	0.02568	0.01927	0.09110	0.02026	0.01921	0.02907	0.00435	0.46507	0.01132	0.00532	0.01131
10	0.01971	0.00985	0.00985	0.00985	0.01232	0.00985	0.00739	0.02464	0.02217	0.03942	0.03449	0.03942	0.02710	0.01232	0.00739	0.00246	0.00493	0.00985	0.68712	0.00985
11	0.70310	0.02045	0.01554	0.01390	0.02045	0.02372	0.01145	0.03108	0.01799	0.04744	0.01472	0.01718	0.01145	0.00981	0.00654	0.00327	0.00818	0.00573	0.00654	0.01145
12	0.02827	0.63478	0.05540	0.01809	0.02714	0.04184	0.01809	0.03166	0.02148	0.02488	0.01470	0.01696	0.01357	0.00905	0.00678	0.00226	0.01131	0.00565	0.00452	0.01357
13	0.02208	0.01934	0.02325	0.01720	0.02540	0.01642	0.01388	0.02647	0.02120	0.03331	0.01817	0.02208	0.01543	0.00919	0.01125	0.00196	0.08425	0.00664	0.00606	0.60644
14	0.02192	0.01879	0.02192	0.01566	0.02506	0.01409	0.01253	0.02662	0.02192	0.03445	0.01879	0.02192	0.01566	0.00783	0.00783	0.00157	0.00783	0.00626	0.00626	0.69305
15	0.01330	0.00950	0.01275	0.01520	0.01600	0.00895	0.01054	0.01544	0.02065	0.02746	0.05804	0.57109	0.06902	0.03273	0.01361	0.00435	0.00650	0.07637	0.00981	0.00870
16	0.01340	0.00982	0.01258	0.01386	0.01533	0.00900	0.00964	0.01619	0.02332	0.03133	0.19852	0.41278	0.13672	0.02926	0.01310	0.00395	0.00573	0.02618	0.01031	0.00900
17	0.01288	0.00920	0.01227	0.01472	0.01534	0.00859	0.00981	0.01472	0.02024	0.02699	0.05828	0.62152	0.06993	0.03312	0.01350	0.00429	0.00613	0.03006	0.00981	0.00859
18	0.04744	0.01799	0.02454	0.01881	0.02699	0.01554	0.01554	0.05153	0.03026	0.56979	0.04171	0.03599	0.02617	0.01309	0.01063	0.00327	0.00900	0.01063	0.01309	0.01799
19	0.04744	0.01799	0.02454	0.01881	0.02699	0.01554	0.01554	0.05153	0.03026	0.56979	0.04171	0.03599	0.02617	0.01309	0.01063	0.00327	0.00900	0.01063	0.01309	0.01799
20	0.70310	0.02045	0.01554	0.01390	0.02045	0.02372	0.01145	0.03108	0.01799	0.04744	0.01472	0.01718	0.01145	0.00981	0.00654	0.00327	0.00818	0.00573	0.00654	0.01145
21	0.03950	0.05039	0.02996	0.02724	0.03269	0.58597	0.02043	0.04222	0.02996	0.02588	0.01634	0.01907	0.01362	0.01090	0.00953	0.00272	0.01907	0.00681	0.00545	0.01226
22	0.70310	0.02045	0.01554	0.01390	0.02045	0.02372	0.01145	0.03108	0.01799	0.04744	0.01472	0.01718	0.01145	0.00981	0.00654	0.00327	0.00818	0.00573	0.00654	0.01145
23	0.02313	0.02313	0.03238	0.02776	0.02776	0.03238	0.02313	0.02545	0.01619	0.02545	0.01388	0.02313	0.01388	0.01851	0.03470	0.00463	0.60907	0.00925	0.00463	0.01157
24	0.01979	0.01679	0.02302	0.02905	0.15495	0.01745	0.01731	0.03024	0.16125	0.03349	0.04463	0.31730	0.04659	0.02219	0.01201	0.00382	0.00833	0.02007	0.00893	0.01280
25	0.04198	0.02071	0.02710	0.02417	0.07808	0.01993	0.01785	0.11088	0.09367	0.39242	0.03774	0.03413	0.02498	0.01284	0.01063	0.00328	0.00959	0.01054	0.01175	0.01772
26	0.01696	0.01041	0.01234	0.01185	0.01434	0.00993	0.00889	0.02192	0.02667	0.04115	0.33751	0.06237	0.06925	0.01771	0.01034	0.00296	0.00496	0.01523	0.29530	0.00993
27	0.01726	0.01035	0.01206	0.01163	0.01411	0.00992	0.00872	0.02222	0.02617	0.04096	0.30380	0.05981	0.06456	0.01711	0.01001	0.00291	0.00496	0.01463	0.33888	0.00992
28	0.02646	0.07602	0.15076	0.04642	0.25675	0.02602	0.15807	0.03422	0.02418	0.06892	0.02116	0.02600	0.01631	0.00963	0.01064	0.00323	0.01418	0.00970	0.00558	0.01574
29	0.01314	0.00944	0.01281	0.01498	0.01574	0.00912	0.01020	0.01520	0.01987	0.02671	0.05485	0.55514	0.06495	0.03841	0.07908	0.00575	0.00867	0.02791	0.00934	0.00869
30	0.01288	0.00920	0.01227	0.01472	0.01534	0.00859	0.00981	0.01472	0.02024	0.02699	0.05828	0.62152	0.06993	0.03312	0.01350	0.00429	0.00613	0.03006	0.00981	0.00859
31	0.01308	0.00967	0.01223	0.01384	0.01521	0.00882	0.00953	0.01547	0.02214	0.02922	0.13014	0.46222	0.15858	0.03056	0.01319	0.00405	0.00585	0.02732	0.01005	0.00882
32	0.03295	0.32947	0.08149	0.02198	0.03093	0.09217	0.02049	0.20119	0.03198	0.03977	0.01880	0.02041	0.01506	0.01054	0.00858	0.00269	0.01250	0.00724	0.00667	0.01508
33	0.02164	0.05170	0.51513	0.03179	0.04685	0.02480	0.09457	0.03353	0.02262	0.03353	0.01925	0.02303	0.01370	0.00992	0.01032	0.00337	0.01588	0.00835	0.00457	0.01547
34	0.70310	0.02045	0.01554	0.01390	0.02045	0.02372	0.01145	0.03108	0.01799	0.04744	0.01472	0.01718	0.01145	0.00981	0.00654	0.00327	0.00818	0.00573	0.00654	0.01145
35	0.04744	0.01799	0.02454	0.01881	0.02699	0.01554	0.01554	0.05153	0.03026	0.56979	0.04171	0.03599	0.02617	0.01309	0.01063	0.00327	0.00900	0.01063	0.01309	0.01799
36	0.10655	0.45176	0.04617	0.01938	0.02710	0.10634	0.01795	0.03249	0.02178	0.02762	0.01485	0.01765	0.01335	0.00999	0.00895	0.00259	0.05152	0.00604	0.00488	0.01303
37	0.01304	0.01039	0.01170	0.01210	0.01480	0.00904	0.00880	0.01596	0.02430	0.03077	0.17931	0.21578	0.36219	0.02727	0.01272	0.00369	0.00546	0.02348	0.01015	0.00904
38	0.02311	0.12141	0.37089	0.03247	0.04594	0.02734	0.16625	0.03335	0.02292	0.03249	0.01908	0.02330	0.01413	0.00961	0.01028	0.00327	0.01567	0.00879	0.00471	0.01500
39	0.02496	0.02852	0.06239	0.04456	0.05526	0.02674	0.52406	0.03387	0.02496	0.03387	0.02139	0.02852	0.01604	0.00891	0.01248	0.00357	0.01783	0.01248	0.00535	0.01426
40	0.02664	0.01967	0.03047	0.44712	0.06110	0.02298	0.02609	0.07826	0.02541	0.12507	0.02340	0.02928	0.01656	0.01121	0.01058	0.00345	0.01298	0.00962	0.00671	0.01342
41	0.21724	0.04000	0.02630	0.02334	0.02942	0.37213	0.01799	0.09474	0.02902	0.03631	0.01694	0.01928	0.01354	0.01081	0.00885	0.00292	0.01530	0.00683	0.00633	0.01270
42	0.01492	0.01074	0.01425	0.01450	0.01665	0.01007	0.01103	0.01934	0.02739	0.03807	0.39339	0.17945	0.08861	0.02478	0.01298	0.00373	0.00592	0.09345	0.01103	0.00970

[dist]
# distance from previous block
# <min> <max>
0	17

[block]
# block no. 2 follows, 13 sequences, length 50
# corresponding to MSA columns:
# 124-173
name=unknown_C
#
# <colnr> <probs for GDERKNQSTAVLIFYWHMCP>
#	G	D	E	R	K	N	Q	S	T	A	V	L	I	F	Y	W	H	M	C	P
0	0.01537	0.01073	0.01377	0.01301	0.01550	0.00997	0.00975	0.02035	0.02926	0.04214	0.51206	0.07558	0.09353	0.02082	0.01203	0.00325	0.00498	0.01833	0.06960	0.00997
1	0.02351	0.02681	0.09541	0.22232	0.24812	0.02493	0.14232	0.03120	0.02320	0.03198	0.01980	0.02694	0.01545	0.00972	0.01091	0.00337	0.01451	0.00994	0.00502	0.01454
2	0.01663	0.01301	0.01765	0.01683	0.01766	0.01549	0.01239	0.01871	0.01624	0.02317	0.02766	0.04878	0.02877	0.27705	0.28644	0.01224	0.12437	0.01250	0.00576	0.00866
3	0.01288	0.00920	0.01227	0.01472	0.01534	0.00859	0.00981	0.01472	0.02024	0.02699	0.05828	0.62152	0.06993	0.03312	0.01350	0.00429	0.00613	0.03006	0.00981	0.00859
4	0.01376	0.01017	0.01286	0.01344	0.01537	0.00927	0.00960	0.01715	0.02523	0.03419	0.29078	0.29355	0.16182	0.02692	0.01287	0.00374	0.00549	0.02389	0.01064	0.00927
5	0.07815	0.09295	0.43751	0.02737	0.04108	0.02658	0.03344	0.08113	0.02457	0.03718	0.01894	0.02181	0.01370	0.01021	0.00957	0.00324	0.01432	0.00765	0.00523	0.01537
6	0.02862	0.02684	0.04382	0.16459	0.13384	0.07453	0.20719	0.06989	0.02671	0.08619	0.02240	0.02774	0.01664	0.01021	0.01116	0.00336	0.01498	0.01042	0.00632	0.01456
7	0.65662	0.02063	0.01669	0.01485	0.02095	0.02431	0.01225	0.03069	0.01787	0.04593	0.01466	0.01758	0.01162	0.01041	0.00847	0.00336	0.04925	0.00597	0.00641	0.01146
8	0.04304	0.01782	0.02365	0.01860	0.02614	0.01601	0.01520	0.04940	0.07384	0.48292	0.08305	0.03972	0.03258	0.01388	0.01079	0.00330	0.00862	0.01142	0.01277	0.01725
9	0.03092	0.32959	0.17699	0.02175	0.03223	0.03210	0.02303	0.07775	0.02565	0.12713	0.02146	0.02238	0.01613	0.01032	0.00860	0.00279	0.01200	0.00740	0.00654	0.01524
10	0.01451	0.01079	0.01351	0.01283	0.01552	0.00978	0.00962	0.01908	0.02887	0.03988	0.47496	0.08313	0.18326	0.02256	0.01248	0.00337	0.00506	0.01970	0.01131	0.00978
11	0.08517	0.29390	0.03957	0.02238	0.02942	0.31442	0.01876	0.03693	0.02549	0.02709	0.01553	0.01804	0.01343	0.01004	0.00815	0.00257	0.01498	0.00624	0.00514	0.01275
12	0.04638	0.01970	0.02559	0.01962	0.02784	0.01807	0.01621	0.12118	0.03311	0.49611	0.03932	0.03443	0.02497	0.01303	0.01062	0.00326	0.00938	0.01047	0.01272	0.01799
13	0.01371	0.01093	0.01382	0.07017	0.02058	0.01035	0.01106	0.01681	0.02312	0.02971	0.14144	0.29206	0.25394	0.02694	0.01269	0.00381	0.00645	0.02361	0.00957	0.00921
14	0.02827	0.63478	0.05540	0.01809	0.02714	0.04184	0.01809	0.03166	0.02148	0.02488	0.01470	0.01696	0.01357	0.00905	0.00678	0.00226	0.01131	0.00565	0.00452	0.01357
15	0.01612	0.01175	0.01488	0.01628	0.01823	0.01149	0.01219	0.05996	0.02402	0.03156	0.05915	0.41129	0.10533	0.02995	0.01342	0.00427	0.00736	0.13323	0.00986	0.00968
16	0.70310	0.02045	0.01554	0.01390	0.02045	0.02372	0.01145	0.03108	0.01799	0.04744	0.01472	0.01718	0.01145	0.00981	0.00654	0.00327	0.00818	0.00573	0.00654	0.01145
17	0.02764	0.58352	0.10120	0.01916	0.02878	0.04031	0.01994	0.03182	0.02156	0.02564	0.01508	0.01743	0.01355	0.00913	0.00707	0.00236	0.01169	0.00584	0.00452	0.01375
18	0.03950	0.05039	0.02996	0.02724	0.03269	0.58597	0.02043	0.04222	0.02996	0.02588	0.01634	0.01907	0.01362	0.01090	0.00953	0.00272	0.01907	0.00681	0.00545	0.01226
19	0.07564	0.02238	0.02315	0.02048	0.02651	0.02566	0.01607	0.09809	0.42357	0.04632	0.03873	0.03649	0.02906	0.01373	0.01022	0.00345	0.00845	0.01113	0.05486	0.01603
20	0.04744	0.01799	0.02454	0.01881	0.02699	0.01554	0.01554	0.05153	0.03026	0.56979	0.04171	0.03599	0.02617	0.01309	0.01063	0.00327	0.00900	0.01063	0.01309	0.01799
21	0.01288	0.00920	0.01227	0.01472	0.01534	0.00859	0.00981	0.01472	0.02024	0.02699	0.05828	0.62152	0.06993	0.03312	0.01350	0.00429	0.00613	0.03006	0.00981	0.00859
22	0.02313	0.02313	0.03238	0.02776	0.02776	0.03238	0.02313	0.02545	0.01619	0.02545	0.01388	0.02313	0.01388	0.01851	0.03470	0.00463	0.60907	0.00925	0.00463	0.01157
23	0.01837	0.00918	0.01377	0.01377	0.01377	0.00918	0.00918	0.01377	0.01377	0.01837	0.01837	0.03214	0.01837	0.03673	0.04132	0.69238	0.00918	0.00918	0.00459	0.00459
24	0.04744	0.01799	0.02454	0.01881	0.02699	0.01554	0.01554	0.05153	0.03026	0.56979	0.04171	0.03599	0.02617	0.01309	0.01063	0.00327	0.00900	0.01063	0.01309	0.01799
25	0.04573	0.02073	0.02623	0.02011	0.02836	0.01961	0.01661	0.16369	0.03485	0.45115	0.03786	0.03349	0.02424	0.01299	0.01062	0.00325	0.00962	0.01037	0.01249	0.01799
26	0.01704	0.01217	0.01704	0.01947	0.02191	0.01217	0.01704	0.02191	0.02434	0.03164	0.05598	0.11926	0.06085	0.02921	0.01460	0.00487	0.00974	0.49130	0.00974	0.00974
27	0.01997	0.01879	0.03171	0.60301	0.07282	0.02349	0.02936	0.02701	0.02114	0.02701	0.01879	0.02819	0.01409	0.01057	0.01057	0.00352	0.01409	0.00940	0.00470	0.01175
28	0.70310	0.02045	0.01554	0.01390	0.02045	0.02372	0.01145	0.03108	0.01799	0.04744	0.01472	0.01718	0.01145	0.00981	0.00654	0.00327	0.00818	0.00573	0.00654	0.01145
29	0.02454	0.02547	0.03218	0.02771	0.02818	0.07989	0.02290	0.02688	0.01737	0.02548	0.01409	0.02278	0.01386	0.01785	0.03254	0.00446	0.55844	0.00904	0.00470	0.01163
30	0.01496	0.01081	0.01413	0.01330	0.01580	0.00998	0.00998	0.01995	0.02993	0.04240	0.55689	0.07898	0.09976	0.02162	0.01247	0.00333	0.00499	0.01912	0.01164	0.00998
31	0.02121	0.05469	0.57364	0.03014	0.04576	0.02455	0.03906	0.03348	0.02232	0.03348	0.01897	0.02232	0.01339	0.01005	0.01005	0.00335	0.01563	0.00781	0.00446	0.01563
32	0.01328	0.01074	0.01179	0.01153	0.01476	0.00926	0.00865	0.01668	0.02594	0.03294	0.24929	0.09455	0.41327	0.02515	0.01249	0.00349	0.00524	0.02131	0.01039	0.00926
33	0.01496	0.01081	0.01413	0.01330	0.01580	0.00998	0.00998	0.01995	0.02993	0.04240	0.55689	0.07898	0.09976	0.02162	0.01247	0.00333	0.00499	0.01912	0.01164	0.00998
34	0.02739	0.02915	0.03629	0.22602	0.28137	0.15833	0.02861	0.03306	0.02455	0.03010	0.01870	0.02511	0.01516	0.01014	0.01028	0.00316	0.01460	0.00879	0.00512	0.01410
35	0.02287	0.01225	0.01659	0.01565	0.01873	0.01201	0.01177	0.02615	0.02221	0.16066	0.08132	0.17215	0.04285	0.09213	0.18607	0.00813	0.01361	0.01613	0.05755	0.01115
36	0.01288	0.00920	0.01227	0.01472	0.01534	0.00859	0.00981	0.01472	0.02024	0.02699	0.05828	0.62152	0.06993	0.03312	0.01350	0.00429	0.00613	0.03006	0.00981	0.00859
37	0.01308	0.00936	0.01245	0.01458	0.01538	0.00872	0.00983	0.01523	0.02118	0.02849	0.10673	0.56880	0.07283	0.03201	0.01340	0.00420	0.00602	0.02899	0.00999	0.00872
38	0.08233	0.02374	0.04392	0.03208	0.04148	0.02205	0.28425	0.04073	0.02658	0.24902	0.02904	0.03070	0.01976	0.01065	0.01132	0.00343	0.01361	0.01126	0.00853	0.01555
39	0.03548	0.02805	0.03371	0.02923	0.07795	0.12175	0.09041	0.14283	0.03204	0.17052	0.06403	0.03106	0.02441	0.01272	0.01253	0.00329	0.05550	0.01040	0.00876	0.01533
40	0.70310	0.02045	0.01554	0.01390	0.02045	0.02372	0.01145	0.03108	0.01799	0.04744	0.01472	0.01718	0.01145	0.00981	0.00654	0.00327	0.00818	0.00573	0.00654	0.01145
41	0.04744	0.01799	0.02454	0.01881	0.02699	0.01554	0.01554	0.05153	0.03026	0.56979	0.04171	0.03599	0.02617	0.01309	0.01063	0.00327	0.00900	0.01063	0.01309	0.01799
42	0.02822	0.49753	0.12964	0.02068	0.03038	0.08737	0.02139	0.03286	0.02236	0.02623	0.01548	0.01794	0.01355	0.00936	0.00751	0.00246	0.01263	0.00607	0.00460	0.01376
43	0.02299	0.02188	0.03717	0.34085	0.31137	0.02429	0.03087	0.02966	0.02257	0.03068	0.01933	0.02720	0.01539	0.01001	0.01052	0.00334	0.01335	0.00941	0.00496	0.01418
44	0.08591	0.02705	0.02887	0.02419	0.03016	0.11128	0.05634	0.07766	0.20414	0.11500	0.02965	0.03003	0.02215	0.01332	0.01362	0.00350	0.09345	0.00998	0.00868	0.01500
45	0.02402	0.01282	0.01597	0.01490	0.01920	0.01123	0.01158	0.02716	0.02525	0.19959	0.07156	0.19275	0.24250	0.02401	0.01231	0.00374	0.00706	0.06171	0.01084	0.01179
46	0.02556	0.02044	0.03467	0.29896	0.17724	0.02202	0.06871	0.03200	0.02414	0.11044	0.06120	0.03252	0.02281	0.01132	0.01085	0.00338	0.01264	0.01054	0.00661	0.01395
47	0.03950	0.05039	0.02996	0.02724	0.03269	0.58597	0.02043	0.04222	0.02996	0.02588	0.01634	0.01907	0.01362	0.01090	0.00953	0.00272	0.01907	0.00681	0.00545	0.01226
48	0.13051	0.02387	0.03630	0.04546	0.32197	0.02410	0.05725	0.07498	0.02627	0.12446	0.02315	0.02650	0.01752	0.01029	0.01005	0.00321	0.01161	0.00927	0.00712	0.01610
49	0.02496	0.02852	0.06239	0.04456	0.05526	0.02674	0.52406	0.03387	0.02496	0.03387	0.02139	0.02852	0.01604	0.00891	0.01248	0.00357	0.01783	0.01248	0.00535	0.01426

[dist]
# distance from previous block
# <min> <max>
0	26

# created by:
# /st0/software/busco_prod/Augustus/scripts/msa2prfl.pl ./align_prep/5982.fa
