[name]
unknown

[dist]
# distance from previous block
# <min> <max>
10	35

[block]
# block no. 0 follows, 15 sequences, length 36
# corresponding to MSA columns:
# 37-72
name=unknown_A
#
# <colnr> <probs for GDERKNQSTAVLIFYWHMCP>
#	G	D	E	R	K	N	Q	S	T	A	V	L	I	F	Y	W	H	M	C	P
0	0.06336	0.02048	0.03032	0.19263	0.04134	0.02172	0.09568	0.14628	0.02880	0.15906	0.07627	0.03156	0.02417	0.01162	0.01022	0.00318	0.01118	0.01023	0.00812	0.01379
1	0.08434	0.01977	0.02751	0.10255	0.03354	0.02038	0.09154	0.10627	0.09356	0.11261	0.11135	0.03448	0.03004	0.01208	0.00997	0.00304	0.00983	0.01058	0.00832	0.07823
2	0.02414	0.01969	0.03119	0.24854	0.04540	0.02088	0.11154	0.10959	0.02588	0.08150	0.05232	0.08029	0.02370	0.01230	0.01039	0.00316	0.01159	0.01132	0.00691	0.06968
3	0.02412	0.01821	0.02603	0.07669	0.03043	0.01761	0.09006	0.09887	0.05273	0.10513	0.13985	0.04318	0.09202	0.01365	0.01034	0.00292	0.00914	0.01209	0.00849	0.12842
4	0.05966	0.02013	0.02659	0.15854	0.03700	0.02103	0.05086	0.09084	0.14339	0.11498	0.02631	0.02797	0.01927	0.01063	0.00943	0.00289	0.00997	0.00898	0.00777	0.15376
5	0.13987	0.01372	0.01666	0.10860	0.02497	0.01481	0.01296	0.02419	0.06638	0.06046	0.12045	0.22277	0.04518	0.06897	0.01366	0.00397	0.00773	0.01628	0.00821	0.01016
6	0.02800	0.07396	0.02707	0.06386	0.02913	0.08388	0.06042	0.03759	0.14737	0.15645	0.05978	0.09662	0.02988	0.01391	0.00999	0.00312	0.00994	0.01187	0.04382	0.01335
7	0.01489	0.01488	0.06326	0.12144	0.02636	0.01255	0.01445	0.02000	0.02492	0.03376	0.32711	0.06654	0.18446	0.01876	0.01126	0.00322	0.00712	0.01623	0.00888	0.00991
8	0.01883	0.02057	0.07921	0.07566	0.02812	0.06495	0.07164	0.02547	0.06618	0.03132	0.19504	0.09146	0.04673	0.12072	0.01753	0.00430	0.01003	0.01411	0.00757	0.01055
9	0.09000	0.01724	0.01881	0.01579	0.02128	0.06349	0.01263	0.03719	0.02453	0.31193	0.03241	0.03243	0.02279	0.01753	0.06457	0.00406	0.00996	0.00923	0.18077	0.01338
10	0.07544	0.02508	0.03658	0.10186	0.45129	0.07785	0.02787	0.03093	0.02257	0.03209	0.01800	0.02360	0.01495	0.00913	0.00953	0.00296	0.01224	0.00840	0.00500	0.01464
11	0.02025	0.16501	0.31040	0.07357	0.03678	0.02409	0.05206	0.02777	0.02055	0.02800	0.02594	0.03120	0.06769	0.06143	0.01247	0.00350	0.01257	0.00912	0.00489	0.01269
12	0.03790	0.02792	0.02992	0.02294	0.03091	0.03091	0.01895	0.55423	0.04687	0.06283	0.02393	0.02393	0.01695	0.01197	0.00997	0.00299	0.01097	0.00898	0.00997	0.01695
13	0.01883	0.01772	0.02990	0.62569	0.06866	0.02215	0.02769	0.02547	0.01993	0.02547	0.01772	0.02658	0.01329	0.00997	0.00997	0.00332	0.01329	0.00886	0.00443	0.01107
14	0.01195	0.01011	0.01033	0.01027	0.01357	0.00849	0.00771	0.01463	0.02312	0.02787	0.13565	0.09439	0.54817	0.02490	0.01178	0.00335	0.00502	0.02082	0.00938	0.00849
15	0.72007	0.01928	0.01465	0.01311	0.01928	0.02236	0.01080	0.02930	0.01697	0.04473	0.01388	0.01619	0.01080	0.00925	0.00617	0.00308	0.00771	0.00540	0.00617	0.01080
16	0.02444	0.02196	0.03470	0.13253	0.37960	0.02291	0.02642	0.09703	0.02604	0.03628	0.07861	0.03009	0.02382	0.01065	0.01010	0.00304	0.01119	0.00985	0.00616	0.01459
17	0.02809	0.02264	0.03589	0.03627	0.19130	0.06611	0.15544	0.03345	0.02468	0.15851	0.06181	0.08729	0.02690	0.01244	0.01070	0.00317	0.01183	0.01205	0.00743	0.01401
18	0.02320	0.01764	0.02093	0.01508	0.02382	0.01343	0.01211	0.02757	0.02150	0.09164	0.01999	0.02207	0.01581	0.00790	0.00766	0.00165	0.00750	0.00634	0.00658	0.63756
19	0.01262	0.01013	0.01127	0.01098	0.01398	0.00877	0.00824	0.01594	0.02471	0.03165	0.27504	0.08817	0.40642	0.02349	0.01177	0.00328	0.00492	0.01995	0.00988	0.00877
20	0.02584	0.01873	0.02299	0.01940	0.06483	0.01611	0.01427	0.07429	0.05225	0.11834	0.04880	0.02651	0.02094	0.00951	0.00851	0.00212	0.00807	0.00781	0.00757	0.43312
21	0.01351	0.01017	0.01249	0.01191	0.01452	0.00915	0.00893	0.01765	0.02680	0.03660	0.45782	0.08002	0.22056	0.02164	0.01176	0.00320	0.00479	0.01881	0.01053	0.00915
22	0.02067	0.01772	0.02067	0.01477	0.02362	0.01329	0.01181	0.02510	0.02067	0.03248	0.01772	0.02067	0.01477	0.00738	0.00738	0.00148	0.00738	0.00591	0.00591	0.71059
23	0.02452	0.11553	0.09387	0.05191	0.45759	0.02586	0.02926	0.03058	0.02220	0.03119	0.01798	0.02311	0.01507	0.00889	0.00934	0.00286	0.01194	0.00824	0.00477	0.01527
24	0.62186	0.01990	0.01830	0.01990	0.09952	0.02255	0.01359	0.02949	0.01778	0.04301	0.01457	0.01739	0.01150	0.00920	0.00669	0.00307	0.00830	0.00589	0.00599	0.01150
25	0.01411	0.01019	0.01333	0.01254	0.01489	0.00941	0.00941	0.01881	0.02822	0.03998	0.58221	0.07447	0.09406	0.02038	0.01176	0.00314	0.00470	0.01803	0.01097	0.00941
26	0.02668	0.09010	0.03308	0.02413	0.03118	0.02730	0.10980	0.12007	0.34006	0.04116	0.03177	0.03123	0.02394	0.01188	0.01001	0.00319	0.01019	0.01040	0.00861	0.01523
27	0.01379	0.01021	0.01373	0.01350	0.01562	0.01014	0.01017	0.01772	0.02330	0.03258	0.32982	0.11197	0.11186	0.03821	0.19377	0.00715	0.01151	0.01689	0.00898	0.00906
28	0.02749	0.15563	0.03195	0.02439	0.08586	0.02883	0.01817	0.13441	0.30446	0.04065	0.02974	0.02909	0.02281	0.01171	0.00930	0.00301	0.00943	0.00937	0.00833	0.01536
29	0.01228	0.00892	0.01160	0.01347	0.01442	0.00823	0.00913	0.01433	0.02014	0.02679	0.10289	0.55203	0.10928	0.02985	0.01257	0.00392	0.00563	0.02690	0.00940	0.00823
30	0.02558	0.18882	0.12274	0.03721	0.22778	0.08217	0.06707	0.03334	0.06707	0.03007	0.01898	0.02254	0.01545	0.00935	0.00903	0.00281	0.01260	0.00797	0.00511	0.01431
31	0.45142	0.16215	0.07294	0.06528	0.02670	0.02618	0.01573	0.02930	0.01827	0.03737	0.01452	0.01740	0.01159	0.00917	0.00681	0.00290	0.00940	0.00583	0.00544	0.01159
32	0.08694	0.08220	0.03769	0.02792	0.03459	0.18312	0.16972	0.08370	0.07117	0.03319	0.01918	0.02278	0.01521	0.01070	0.01202	0.00310	0.07927	0.00866	0.00592	0.01293
33	0.02327	0.02197	0.02416	0.02175	0.02435	0.08518	0.01711	0.07422	0.14497	0.03160	0.02989	0.16545	0.02923	0.01847	0.01871	0.00377	0.23315	0.01351	0.00732	0.01194
34	0.01314	0.00935	0.01216	0.01306	0.01425	0.00876	0.00897	0.01581	0.02206	0.03030	0.25196	0.36714	0.07345	0.09224	0.01636	0.00429	0.00578	0.02298	0.00957	0.00838
35	0.02866	0.01984	0.03099	0.12417	0.27651	0.01993	0.02316	0.05904	0.02561	0.18226	0.08362	0.03260	0.02608	0.01131	0.01013	0.00307	0.01037	0.01015	0.00770	0.01481

[dist]
# distance from previous block
# <min> <max>
0	44

[block]
# block no. 1 follows, 15 sequences, length 17
# corresponding to MSA columns:
# 117-133
name=unknown_B
#
# <colnr> <probs for GDERKNQSTAVLIFYWHMCP>
#	G	D	E	R	K	N	Q	S	T	A	V	L	I	F	Y	W	H	M	C	P
0	0.01380	0.00995	0.01305	0.01275	0.01483	0.00920	0.00938	0.01805	0.02680	0.03772	0.50035	0.16275	0.08970	0.02206	0.01191	0.00328	0.00487	0.01963	0.01071	0.00920
1	0.02450	0.02418	0.04331	0.05821	0.50435	0.02392	0.11143	0.03080	0.02283	0.03247	0.01897	0.02502	0.01569	0.00881	0.01016	0.00302	0.01261	0.00933	0.00495	0.01543
2	0.72007	0.01928	0.01465	0.01311	0.01928	0.02236	0.01080	0.02930	0.01697	0.04473	0.01388	0.01619	0.01080	0.00925	0.00617	0.00308	0.00771	0.00540	0.00617	0.01080
3	0.02328	0.01926	0.02207	0.01600	0.02473	0.01595	0.01289	0.10511	0.02463	0.03707	0.01866	0.02117	0.01510	0.00808	0.00777	0.00171	0.00793	0.00637	0.00652	0.60571
4	0.02449	0.02495	0.03352	0.07971	0.38157	0.11636	0.02537	0.02928	0.02290	0.02977	0.02362	0.11721	0.02275	0.01255	0.01016	0.00308	0.01200	0.01142	0.00559	0.01368
5	0.72007	0.01928	0.01465	0.01311	0.01928	0.02236	0.01080	0.02930	0.01697	0.04473	0.01388	0.01619	0.01080	0.00925	0.00617	0.00308	0.00771	0.00540	0.00617	0.01080
6	0.02406	0.04382	0.44333	0.02633	0.03900	0.02357	0.03141	0.09114	0.07609	0.07415	0.02214	0.02376	0.01559	0.01032	0.00963	0.00316	0.01326	0.00809	0.00594	0.01522
7	0.01274	0.00910	0.01225	0.01456	0.01540	0.00861	0.01028	0.01490	0.01967	0.02611	0.05462	0.56290	0.06464	0.03067	0.01288	0.00413	0.00630	0.10274	0.00924	0.00826
8	0.02490	0.04090	0.36962	0.03066	0.06914	0.02422	0.10910	0.11366	0.02592	0.06757	0.02039	0.02326	0.01450	0.00983	0.00994	0.00315	0.01397	0.00849	0.00571	0.01506
9	0.01643	0.01431	0.02440	0.14791	0.03321	0.01508	0.10245	0.02089	0.01985	0.02648	0.03561	0.21133	0.03753	0.06245	0.10453	0.00598	0.01303	0.09198	0.00678	0.00976
10	0.02501	0.02611	0.11702	0.02435	0.03198	0.02313	0.09907	0.07059	0.30132	0.07492	0.03399	0.07340	0.02668	0.01317	0.01044	0.00335	0.01035	0.01169	0.00853	0.01489
11	0.01324	0.00965	0.01169	0.01231	0.01347	0.00941	0.00823	0.01480	0.01775	0.02321	0.05209	0.22324	0.16107	0.25877	0.11892	0.00778	0.01027	0.01904	0.00749	0.00755
12	0.02794	0.01997	0.02370	0.01841	0.02539	0.01943	0.01490	0.14447	0.05512	0.12327	0.02496	0.05657	0.02002	0.01172	0.01138	0.00258	0.07275	0.00892	0.00799	0.31050
13	0.02705	0.18758	0.09442	0.01861	0.02721	0.02374	0.01746	0.05956	0.05320	0.11895	0.02145	0.02269	0.01645	0.00974	0.00926	0.00240	0.03915	0.00715	0.00666	0.23725
14	0.02096	0.01973	0.10713	0.05861	0.02579	0.01593	0.01641	0.03076	0.13312	0.09260	0.04023	0.15703	0.06811	0.01964	0.04098	0.00393	0.00926	0.01404	0.11365	0.01209
15	0.01418	0.01051	0.01381	0.01390	0.01630	0.01015	0.01096	0.01835	0.02442	0.03332	0.31518	0.07998	0.14983	0.03102	0.10507	0.00547	0.00908	0.11984	0.00947	0.00913
16	0.12537	0.01963	0.06009	0.02760	0.17324	0.01834	0.01783	0.02899	0.10727	0.03639	0.14906	0.04631	0.12118	0.01458	0.01001	0.00316	0.00829	0.01238	0.00778	0.01252

[dist]
# distance from previous block
# <min> <max>
2	4

[block]
# block no. 2 follows, 15 sequences, length 57
# corresponding to MSA columns:
# 138-194
name=unknown_C
#
# <colnr> <probs for GDERKNQSTAVLIFYWHMCP>
#	G	D	E	R	K	N	Q	S	T	A	V	L	I	F	Y	W	H	M	C	P
0	0.02153	0.03489	0.26174	0.03588	0.08378	0.02310	0.27465	0.03069	0.02287	0.03245	0.06223	0.02813	0.02026	0.00977	0.01075	0.00324	0.01473	0.01035	0.00517	0.01380
1	0.11257	0.16739	0.18410	0.02564	0.06582	0.02568	0.09638	0.03268	0.06062	0.06738	0.05450	0.02558	0.01998	0.01019	0.00895	0.00295	0.01159	0.00847	0.00597	0.01358
2	0.19613	0.18164	0.19381	0.01971	0.02922	0.06146	0.02068	0.03162	0.02077	0.07055	0.01723	0.01930	0.01326	0.00923	0.00773	0.00269	0.01109	0.00638	0.00548	0.08204
3	0.29195	0.13342	0.07166	0.02342	0.10221	0.10445	0.01782	0.03076	0.02052	0.03449	0.01544	0.01838	0.01263	0.00905	0.00747	0.00268	0.01068	0.00621	0.00536	0.08140
4	0.02615	0.06088	0.09073	0.02846	0.13611	0.01923	0.06072	0.06090	0.02613	0.15080	0.13789	0.04432	0.03672	0.01390	0.01055	0.00318	0.01004	0.06133	0.00825	0.01370
5	0.01211	0.00948	0.01097	0.01194	0.01400	0.00835	0.00844	0.01444	0.02151	0.02720	0.11485	0.33535	0.32085	0.02754	0.01220	0.00365	0.00535	0.02404	0.00938	0.00835
6	0.02285	0.02072	0.03063	0.25594	0.24196	0.06199	0.02470	0.02829	0.02257	0.06089	0.06501	0.07311	0.02472	0.01204	0.01020	0.00316	0.01164	0.01084	0.00595	0.01279
7	0.01315	0.00963	0.01183	0.01226	0.01388	0.00887	0.00851	0.01584	0.02233	0.03002	0.25014	0.25046	0.16383	0.12198	0.01809	0.00447	0.00586	0.02117	0.00938	0.00831
8	0.02532	0.06984	0.08114	0.02155	0.06447	0.02051	0.01730	0.12299	0.09318	0.10189	0.10038	0.08001	0.03383	0.05810	0.06062	0.00454	0.01073	0.01194	0.00837	0.01328
9	0.02106	0.02000	0.03393	0.41022	0.26669	0.02274	0.02880	0.02743	0.02099	0.02818	0.01811	0.02585	0.01424	0.00955	0.00993	0.00318	0.01274	0.00887	0.00462	0.01287
10	0.03099	0.01717	0.02010	0.01762	0.02270	0.05108	0.01389	0.06708	0.06848	0.28069	0.07380	0.17638	0.03981	0.01816	0.01097	0.00341	0.00841	0.05521	0.01057	0.01350
11	0.07032	0.18345	0.21481	0.02208	0.03153	0.09889	0.02292	0.10336	0.02591	0.06892	0.05333	0.02366	0.01893	0.01052	0.00873	0.00281	0.01223	0.00769	0.00616	0.01375
12	0.02439	0.32402	0.30671	0.02284	0.03424	0.03114	0.02648	0.07082	0.02267	0.03028	0.01652	0.01897	0.01303	0.00923	0.00811	0.00268	0.01260	0.00657	0.00468	0.01402
13	0.03149	0.14018	0.03153	0.02098	0.02828	0.03044	0.01755	0.29201	0.21574	0.04863	0.02763	0.02689	0.02068	0.01186	0.00938	0.00296	0.00989	0.00907	0.00899	0.01580
14	0.01990	0.01860	0.03038	0.47097	0.13994	0.02134	0.02626	0.02618	0.02043	0.02734	0.01787	0.02561	0.01383	0.00950	0.00965	0.00305	0.01239	0.00852	0.00468	0.09356
15	0.02024	0.05784	0.09737	0.06603	0.21009	0.01980	0.02185	0.02857	0.08735	0.03298	0.12861	0.12008	0.03804	0.01474	0.01040	0.00319	0.00960	0.01314	0.00710	0.01300
16	0.04473	0.01697	0.02313	0.01774	0.02545	0.01465	0.01465	0.04858	0.02853	0.59437	0.03933	0.03393	0.02468	0.01234	0.01003	0.00308	0.00848	0.01003	0.01234	0.01697
17	0.06961	0.02473	0.02756	0.20462	0.04072	0.14845	0.05629	0.08229	0.02562	0.07172	0.02569	0.04000	0.02237	0.01345	0.01034	0.00333	0.01288	0.10165	0.00671	0.01198
18	0.02990	0.02968	0.18219	0.02924	0.09942	0.02195	0.09452	0.13012	0.02800	0.16810	0.02540	0.02691	0.01783	0.01053	0.00987	0.00306	0.01182	0.00918	0.05705	0.01522
19	0.17877	0.02275	0.04222	0.03148	0.03952	0.02233	0.34848	0.02949	0.02239	0.03530	0.06604	0.03437	0.02347	0.01091	0.01065	0.00337	0.01325	0.04693	0.00606	0.01222
20	0.02181	0.02181	0.03053	0.02617	0.02617	0.03053	0.02181	0.02399	0.01527	0.02399	0.01309	0.02181	0.01309	0.01745	0.03272	0.00436	0.63141	0.00872	0.00436	0.01091
21	0.66835	0.01910	0.01530	0.01346	0.01975	0.02177	0.01109	0.03078	0.01785	0.08682	0.01583	0.01755	0.01186	0.00949	0.00646	0.00308	0.00777	0.00575	0.00664	0.01127
22	0.01215	0.00868	0.01157	0.01388	0.01446	0.00810	0.00925	0.01388	0.01909	0.02545	0.05495	0.64315	0.06593	0.03123	0.01272	0.00405	0.00578	0.02834	0.00925	0.00810
23	0.02700	0.02035	0.02032	0.01813	0.02235	0.12320	0.01405	0.06763	0.06057	0.14085	0.03291	0.03671	0.06641	0.03406	0.19366	0.07680	0.01558	0.01032	0.00756	0.01154
24	0.01883	0.01772	0.02990	0.62569	0.06866	0.02215	0.02769	0.02547	0.01993	0.02547	0.01772	0.02658	0.01329	0.00997	0.00997	0.00332	0.01329	0.00886	0.00443	0.01107
25	0.03126	0.02118	0.02363	0.02001	0.02645	0.02314	0.01591	0.11599	0.37255	0.17733	0.03815	0.03471	0.02732	0.01304	0.01009	0.00326	0.00843	0.01068	0.01065	0.01621
26	0.01215	0.00868	0.01157	0.01388	0.01446	0.00810	0.00925	0.01388	0.01909	0.02545	0.05495	0.64315	0.06593	0.03123	0.01272	0.00405	0.00578	0.02834	0.00925	0.00810
27	0.02841	0.01349	0.01787	0.01577	0.02028	0.01227	0.01215	0.03305	0.05369	0.29521	0.14300	0.22295	0.04991	0.01949	0.01115	0.00340	0.00696	0.01700	0.01106	0.01288
28	0.03752	0.07565	0.02965	0.02362	0.03000	0.35688	0.01859	0.18200	0.03294	0.09128	0.02003	0.02108	0.01514	0.01084	0.00921	0.00271	0.01467	0.00742	0.00713	0.01365
29	0.03724	0.04751	0.02825	0.02568	0.03082	0.60963	0.01926	0.03981	0.02825	0.02440	0.01541	0.01798	0.01284	0.01027	0.00899	0.00257	0.01798	0.00642	0.00514	0.01156
30	0.01809	0.01166	0.01570	0.01693	0.01980	0.01118	0.01438	0.02216	0.02323	0.08498	0.05797	0.13509	0.12434	0.02596	0.01307	0.00425	0.00836	0.37357	0.00951	0.00978
31	0.01448	0.01033	0.01344	0.01327	0.01529	0.00978	0.01004	0.01853	0.02548	0.03548	0.41977	0.07946	0.08012	0.10758	0.01742	0.00427	0.00612	0.10023	0.01000	0.00891
32	0.01536	0.01200	0.01538	0.01420	0.01658	0.01235	0.01090	0.02108	0.05874	0.03770	0.46420	0.06837	0.11237	0.01998	0.01373	0.00329	0.06686	0.01689	0.01017	0.00987
33	0.72007	0.01928	0.01465	0.01311	0.01928	0.02236	0.01080	0.02930	0.01697	0.04473	0.01388	0.01619	0.01080	0.00925	0.00617	0.00308	0.00771	0.00540	0.00617	0.01080
34	0.01496	0.01109	0.01406	0.01316	0.01578	0.01064	0.00992	0.02155	0.07153	0.04011	0.53887	0.07148	0.08897	0.01983	0.01163	0.00316	0.00496	0.01749	0.01091	0.00992
35	0.03635	0.11414	0.03298	0.02213	0.03018	0.03209	0.01869	0.48220	0.04322	0.05742	0.02255	0.02284	0.01638	0.01149	0.00948	0.00287	0.01093	0.00847	0.00919	0.01638
36	0.02399	0.06605	0.06611	0.08049	0.03135	0.02541	0.01854	0.04717	0.43911	0.03815	0.03490	0.03357	0.02628	0.01255	0.00983	0.00328	0.00910	0.01035	0.00876	0.01504
37	0.72007	0.01928	0.01465	0.01311	0.01928	0.02236	0.01080	0.02930	0.01697	0.04473	0.01388	0.01619	0.01080	0.00925	0.00617	0.00308	0.00771	0.00540	0.00617	0.01080
38	0.01472	0.00958	0.01104	0.01104	0.01104	0.00958	0.00625	0.01438	0.01438	0.01917	0.03028	0.06244	0.03473	0.60044	0.04980	0.06570	0.00958	0.01403	0.00590	0.00590
39	0.02395	0.03723	0.34122	0.02391	0.03477	0.02198	0.02690	0.07145	0.13281	0.09096	0.03158	0.03172	0.06333	0.01199	0.00988	0.00320	0.01172	0.00961	0.00699	0.01481
40	0.02288	0.02170	0.03602	0.23236	0.39036	0.02329	0.02871	0.03050	0.05815	0.03099	0.01988	0.02609	0.01599	0.00952	0.00992	0.00310	0.01203	0.00903	0.00512	0.01434
41	0.02423	0.02162	0.03185	0.14832	0.27979	0.02339	0.02433	0.08538	0.14121	0.03671	0.06180	0.03097	0.02385	0.01115	0.01008	0.00313	0.01070	0.01001	0.00686	0.01461
42	0.01312	0.00937	0.01269	0.01500	0.01601	0.00894	0.01096	0.01557	0.02005	0.02654	0.05440	0.51054	0.06379	0.03031	0.01299	0.00418	0.00663	0.15128	0.00924	0.00837
43	0.02440	0.03444	0.21916	0.03928	0.20539	0.06516	0.11600	0.07307	0.02465	0.03382	0.02099	0.02876	0.01711	0.01049	0.01024	0.00317	0.01379	0.04025	0.00540	0.01445
44	0.01340	0.00957	0.01300	0.01531	0.01644	0.00918	0.01143	0.01605	0.02032	0.02685	0.05425	0.47352	0.06320	0.03005	0.01306	0.00422	0.00687	0.18561	0.00923	0.00844
45	0.01350	0.01000	0.01259	0.01229	0.01461	0.00909	0.00909	0.01749	0.02624	0.03612	0.44104	0.14450	0.17164	0.02245	0.01187	0.00328	0.00489	0.01973	0.01049	0.00909
46	0.72007	0.01928	0.01465	0.01311	0.01928	0.02236	0.01080	0.02930	0.01697	0.04473	0.01388	0.01619	0.01080	0.00925	0.00617	0.00308	0.00771	0.00540	0.00617	0.01080
47	0.01754	0.01379	0.01628	0.01503	0.01843	0.01434	0.01145	0.02977	0.20186	0.04053	0.40844	0.06251	0.07365	0.01818	0.01124	0.00321	0.00573	0.01586	0.01071	0.01145
48	0.72007	0.01928	0.01465	0.01311	0.01928	0.02236	0.01080	0.02930	0.01697	0.04473	0.01388	0.01619	0.01080	0.00925	0.00617	0.00308	0.00771	0.00540	0.00617	0.01080
49	0.01424	0.01068	0.01602	0.01602	0.01780	0.01246	0.01246	0.01780	0.01602	0.02314	0.02670	0.03916	0.02492	0.07477	0.61015	0.01602	0.02670	0.01068	0.00534	0.00890
50	0.02158	0.02053	0.03488	0.35976	0.31306	0.02287	0.02906	0.02788	0.02124	0.02881	0.01821	0.02568	0.01447	0.00946	0.00992	0.00315	0.01261	0.00887	0.00467	0.01330
51	0.04473	0.01697	0.02313	0.01774	0.02545	0.01465	0.01465	0.04858	0.02853	0.59437	0.03933	0.03393	0.02468	0.01234	0.01003	0.00308	0.00848	0.01003	0.01234	0.01697
52	0.04261	0.02036	0.02523	0.01935	0.02714	0.01969	0.01598	0.20509	0.03421	0.42985	0.03456	0.03084	0.02229	0.01222	0.01001	0.00306	0.00925	0.00970	0.01161	0.01696
53	0.01434	0.01042	0.01375	0.01425	0.01648	0.00983	0.01127	0.01856	0.02534	0.03456	0.33643	0.14365	0.11495	0.02396	0.01246	0.00368	0.00618	0.17061	0.01014	0.00914
54	0.03486	0.02475	0.06595	0.02594	0.03456	0.02302	0.14883	0.18724	0.06864	0.23680	0.02915	0.02887	0.01986	0.01119	0.01041	0.00315	0.01154	0.01009	0.00927	0.01589
55	0.65153	0.08218	0.01837	0.01350	0.01990	0.02405	0.01142	0.02936	0.01729	0.04262	0.01388	0.01617	0.01099	0.00918	0.00619	0.00299	0.00800	0.00539	0.00598	0.01099
56	0.02825	0.08872	0.03867	0.03823	0.22797	0.06599	0.09617	0.14105	0.10533	0.03849	0.02239	0.02530	0.01752	0.01016	0.00979	0.00297	0.01208	0.00912	0.00666	0.01512

[dist]
# distance from previous block
# <min> <max>
0	1

[block]
# block no. 3 follows, 15 sequences, length 76
# corresponding to MSA columns:
# 196-271
name=unknown_D
#
# <colnr> <probs for GDERKNQSTAVLIFYWHMCP>
#	G	D	E	R	K	N	Q	S	T	A	V	L	I	F	Y	W	H	M	C	P
0	0.02802	0.22198	0.13970	0.02626	0.10953	0.09818	0.02184	0.03331	0.02373	0.11410	0.07216	0.02656	0.02255	0.01064	0.00883	0.00273	0.01160	0.00824	0.00630	0.01374
1	0.01228	0.00890	0.01161	0.01351	0.01442	0.00823	0.00915	0.01431	0.02008	0.02673	0.10076	0.55880	0.10454	0.02994	0.01258	0.00393	0.00564	0.02699	0.00939	0.00823
2	0.02821	0.02771	0.02389	0.02129	0.02674	0.17236	0.01644	0.08756	0.34960	0.03889	0.07337	0.03404	0.02964	0.01309	0.00996	0.00313	0.01046	0.01036	0.00892	0.01433
3	0.01215	0.00868	0.01157	0.01388	0.01446	0.00810	0.00925	0.01388	0.01909	0.02545	0.05495	0.64315	0.06593	0.03123	0.01272	0.00405	0.00578	0.02834	0.00925	0.00810
4	0.03843	0.03648	0.02821	0.02367	0.03017	0.32275	0.01856	0.22873	0.03508	0.11086	0.02156	0.02218	0.01585	0.01115	0.00948	0.00279	0.01421	0.00781	0.00782	0.01421
5	0.01262	0.00904	0.01199	0.01356	0.01456	0.00841	0.00929	0.01506	0.02127	0.02893	0.18124	0.50693	0.07267	0.02863	0.01249	0.00383	0.00552	0.02587	0.00967	0.00841
6	0.72007	0.01928	0.01465	0.01311	0.01928	0.02236	0.01080	0.02930	0.01697	0.04473	0.01388	0.01619	0.01080	0.00925	0.00617	0.00308	0.00771	0.00540	0.00617	0.01080
7	0.01508	0.01173	0.01800	0.01967	0.06381	0.01337	0.01393	0.01883	0.01656	0.02390	0.02606	0.03799	0.02418	0.06945	0.56167	0.01497	0.02550	0.01054	0.00531	0.00946
8	0.03941	0.02550	0.02842	0.02179	0.02971	0.02732	0.01800	0.44237	0.04281	0.18041	0.02734	0.02615	0.01866	0.01205	0.00998	0.00301	0.01042	0.00921	0.01050	0.01696
9	0.02288	0.02251	0.03425	0.03928	0.23630	0.02797	0.02510	0.02646	0.01805	0.02720	0.01521	0.02288	0.01410	0.01424	0.02416	0.00384	0.39946	0.00878	0.00458	0.01273
10	0.02087	0.01836	0.02335	0.01668	0.02562	0.01413	0.04969	0.02558	0.02087	0.03245	0.01789	0.02111	0.01479	0.00745	0.00769	0.00161	0.00804	0.00632	0.00585	0.66165
11	0.01625	0.06460	0.02109	0.19950	0.03196	0.01558	0.01535	0.02113	0.02431	0.03246	0.29940	0.05804	0.12880	0.01690	0.01078	0.00314	0.00785	0.01461	0.00821	0.01005
12	0.01479	0.02124	0.16879	0.01586	0.02192	0.01271	0.01605	0.02050	0.02419	0.03272	0.24627	0.06839	0.26005	0.01932	0.01115	0.00323	0.00752	0.01633	0.00850	0.01045
13	0.01424	0.00980	0.01284	0.01453	0.01586	0.00948	0.01090	0.01715	0.02065	0.02821	0.08729	0.33527	0.05922	0.08520	0.01605	0.00454	0.00703	0.17805	0.06524	0.00843
14	0.02931	0.07523	0.14917	0.02564	0.09341	0.02306	0.02179	0.12168	0.09458	0.14428	0.02552	0.02594	0.01846	0.01053	0.00930	0.00284	0.01054	0.00845	0.00772	0.10256
15	0.01338	0.01043	0.01183	0.01151	0.01420	0.00913	0.00822	0.01603	0.02209	0.02882	0.18410	0.14302	0.29312	0.12074	0.01763	0.00424	0.00594	0.01913	0.00890	0.05755
16	0.02067	0.01772	0.02067	0.01477	0.02362	0.01329	0.01181	0.02510	0.02067	0.03248	0.01772	0.02067	0.01477	0.00738	0.00738	0.00148	0.00738	0.00591	0.00591	0.71059
17	0.07271	0.07461	0.26986	0.02593	0.07508	0.02215	0.05662	0.06473	0.02320	0.08008	0.02101	0.02370	0.01550	0.00973	0.00891	0.00287	0.01169	0.00787	0.07072	0.06303
18	0.72007	0.01928	0.01465	0.01311	0.01928	0.02236	0.01080	0.02930	0.01697	0.04473	0.01388	0.01619	0.01080	0.00925	0.00617	0.00308	0.00771	0.00540	0.00617	0.01080
19	0.01281	0.00952	0.01194	0.01265	0.01443	0.00865	0.00899	0.01581	0.02321	0.03118	0.26141	0.32507	0.17569	0.02602	0.01218	0.00358	0.00524	0.02308	0.00990	0.00865
20	0.02644	0.06977	0.07685	0.03965	0.25406	0.02504	0.09137	0.06804	0.14010	0.07136	0.02477	0.02729	0.01901	0.01023	0.00991	0.00307	0.01149	0.00948	0.00673	0.01535
21	0.01379	0.01018	0.01289	0.01221	0.01470	0.00927	0.00916	0.01820	0.02748	0.03821	0.51711	0.07737	0.16026	0.02104	0.01176	0.00317	0.00475	0.01844	0.01074	0.00927
22	0.03032	0.02069	0.02761	0.03060	0.17977	0.02138	0.01941	0.07859	0.21008	0.18603	0.06361	0.03407	0.02754	0.01222	0.01012	0.00315	0.00917	0.01051	0.00933	0.01582
23	0.01524	0.00996	0.01230	0.01172	0.01406	0.00938	0.00879	0.01993	0.02637	0.03926	0.44289	0.06501	0.07670	0.01816	0.01054	0.00293	0.00469	0.01581	0.18687	0.00938
24	0.02107	0.13080	0.31566	0.02221	0.03330	0.02274	0.02531	0.03060	0.05987	0.03183	0.05807	0.02505	0.02000	0.00994	0.00878	0.00267	0.01143	0.00777	0.00545	0.15743
25	0.03032	0.02550	0.03596	0.04485	0.34975	0.02677	0.02562	0.25425	0.03302	0.04549	0.02097	0.02436	0.01629	0.01020	0.00991	0.00297	0.01147	0.00892	0.00709	0.01629
26	0.03406	0.04186	0.02955	0.02567	0.03151	0.47955	0.05823	0.03889	0.06264	0.02675	0.01760	0.02012	0.01432	0.01011	0.00914	0.00259	0.01638	0.00710	0.00552	0.06843
27	0.02480	0.02141	0.02254	0.02029	0.02592	0.02480	0.01578	0.05297	0.56946	0.04170	0.04057	0.03719	0.03043	0.01352	0.01014	0.00338	0.00789	0.01127	0.01014	0.01578
28	0.02565	0.03736	0.26911	0.02429	0.03388	0.09877	0.02515	0.04185	0.23016	0.07125	0.02756	0.02761	0.02019	0.01130	0.00970	0.00316	0.01215	0.00890	0.00711	0.01487
29	0.01250	0.00967	0.01140	0.01194	0.01415	0.00857	0.00858	0.01533	0.02297	0.02981	0.21006	0.26568	0.29176	0.02591	0.01208	0.00353	0.00520	0.02260	0.00970	0.00857
30	0.02040	0.02263	0.09339	0.02027	0.02585	0.05872	0.06544	0.03257	0.18093	0.03625	0.22975	0.04824	0.04902	0.05636	0.01337	0.00362	0.00923	0.01316	0.00862	0.01219
31	0.01303	0.01001	0.01192	0.01173	0.01430	0.00890	0.00869	0.01662	0.02526	0.03361	0.34831	0.13556	0.27947	0.02326	0.01186	0.00331	0.00494	0.02014	0.01015	0.00890
32	0.03722	0.02679	0.02952	0.02282	0.03023	0.02983	0.01887	0.48449	0.04348	0.09469	0.02418	0.02444	0.01719	0.01237	0.01156	0.00309	0.05394	0.00903	0.00974	0.01653
33	0.72007	0.01928	0.01465	0.01311	0.01928	0.02236	0.01080	0.02930	0.01697	0.04473	0.01388	0.01619	0.01080	0.00925	0.00617	0.00308	0.00771	0.00540	0.00617	0.01080
34	0.02199	0.01193	0.01647	0.01517	0.01820	0.01235	0.01168	0.02528	0.01929	0.16097	0.03085	0.04095	0.02632	0.12504	0.34097	0.01086	0.01818	0.01087	0.07212	0.01052
35	0.02794	0.58265	0.04950	0.01792	0.02621	0.07306	0.01730	0.06103	0.02229	0.02581	0.01454	0.01657	0.01304	0.00883	0.00676	0.00221	0.01112	0.00561	0.00465	0.01296
36	0.02467	0.02369	0.04046	0.06119	0.58747	0.02369	0.03059	0.03059	0.02270	0.03257	0.01875	0.02467	0.01579	0.00888	0.00987	0.00296	0.01184	0.00888	0.00493	0.01579
37	0.02045	0.02334	0.17228	0.01812	0.02474	0.01531	0.01802	0.06824	0.02783	0.09109	0.33542	0.05230	0.05956	0.01603	0.01084	0.00312	0.00825	0.01370	0.00921	0.01215
38	0.02828	0.02601	0.17255	0.02521	0.06307	0.01761	0.09236	0.03480	0.02499	0.23348	0.10419	0.07351	0.03180	0.01317	0.01052	0.00320	0.01070	0.01177	0.00850	0.01428
39	0.01411	0.01019	0.01333	0.01254	0.01489	0.00941	0.00941	0.01881	0.02822	0.03998	0.58221	0.07447	0.09406	0.02038	0.01176	0.00314	0.00470	0.01803	0.01097	0.00941
40	0.72007	0.01928	0.01465	0.01311	0.01928	0.02236	0.01080	0.02930	0.01697	0.04473	0.01388	0.01619	0.01080	0.00925	0.00617	0.00308	0.00771	0.00540	0.00617	0.01080
41	0.02906	0.22546	0.04660	0.02895	0.03691	0.22487	0.21061	0.03393	0.02411	0.02683	0.01665	0.02059	0.01365	0.00907	0.00920	0.00272	0.01532	0.00802	0.00484	0.01262
42	0.01450	0.00966	0.01087	0.01087	0.01087	0.00966	0.00604	0.01450	0.01450	0.01933	0.03141	0.06524	0.03624	0.64965	0.05074	0.00966	0.00966	0.01450	0.00604	0.00604
43	0.03632	0.01533	0.01935	0.01549	0.02158	0.01406	0.01258	0.07311	0.02738	0.39060	0.03627	0.03428	0.02445	0.01209	0.00909	0.00285	0.00747	0.00973	0.22334	0.01463
44	0.04473	0.01697	0.02313	0.01774	0.02545	0.01465	0.01465	0.04858	0.02853	0.59437	0.03933	0.03393	0.02468	0.01234	0.01003	0.00308	0.00848	0.01003	0.01234	0.01697
45	0.02237	0.02080	0.02040	0.02044	0.06408	0.09106	0.01444	0.08077	0.19437	0.03484	0.05541	0.09187	0.21304	0.01770	0.01068	0.00325	0.00863	0.01466	0.00876	0.01240
46	0.01246	0.00989	0.01119	0.01136	0.01401	0.00863	0.00833	0.01543	0.02359	0.03015	0.22103	0.17952	0.36929	0.02493	0.01193	0.00342	0.00508	0.02143	0.00971	0.00863
47	0.01883	0.01772	0.02990	0.62569	0.06866	0.02215	0.02769	0.02547	0.01993	0.02547	0.01772	0.02658	0.01329	0.00997	0.00997	0.00332	0.01329	0.00886	0.00443	0.01107
48	0.03409	0.02160	0.02792	0.20516	0.04082	0.02347	0.02035	0.24468	0.03328	0.20739	0.02656	0.02767	0.01810	0.01147	0.00999	0.00312	0.01095	0.00925	0.00898	0.01516
49	0.02619	0.02404	0.04445	0.05131	0.37203	0.02331	0.18784	0.03267	0.02349	0.08458	0.02110	0.02621	0.01641	0.00906	0.01046	0.00309	0.01304	0.00987	0.00566	0.01518
50	0.01883	0.01772	0.02990	0.62569	0.06866	0.02215	0.02769	0.02547	0.01993	0.02547	0.01772	0.02658	0.01329	0.00997	0.00997	0.00332	0.01329	0.00886	0.00443	0.01107
51	0.02143	0.02520	0.13014	0.02752	0.15191	0.01738	0.02052	0.02749	0.02119	0.03234	0.01798	0.02163	0.01460	0.00809	0.00831	0.00211	0.00971	0.00683	0.00538	0.43022
52	0.02067	0.01772	0.02067	0.01477	0.02362	0.01329	0.01181	0.02510	0.02067	0.03248	0.01772	0.02067	0.01477	0.00738	0.00738	0.00148	0.00738	0.00591	0.00591	0.71059
53	0.01999	0.05157	0.59800	0.02841	0.04315	0.02315	0.03683	0.03157	0.02105	0.03157	0.01789	0.02105	0.01263	0.00947	0.00947	0.00316	0.01473	0.00737	0.00421	0.01473
54	0.02067	0.01772	0.02067	0.01477	0.02362	0.01329	0.01181	0.02510	0.02067	0.03248	0.01772	0.02067	0.01477	0.00738	0.00738	0.00148	0.00738	0.00591	0.00591	0.71059
55	0.01424	0.01068	0.01602	0.01602	0.01780	0.01246	0.01246	0.01780	0.01602	0.02314	0.02670	0.03916	0.02492	0.07477	0.61015	0.01602	0.02670	0.01068	0.00534	0.00890
56	0.02467	0.02369	0.04046	0.06119	0.58747	0.02369	0.03059	0.03059	0.02270	0.03257	0.01875	0.02467	0.01579	0.00888	0.00987	0.00296	0.01184	0.00888	0.00493	0.01579
57	0.66797	0.01985	0.01796	0.01527	0.02173	0.02258	0.05122	0.02950	0.01746	0.04377	0.01435	0.01699	0.01112	0.00919	0.00659	0.00311	0.00839	0.00587	0.00608	0.01099
58	0.02467	0.02369	0.04046	0.06119	0.58747	0.02369	0.03059	0.03059	0.02270	0.03257	0.01875	0.02467	0.01579	0.00888	0.00987	0.00296	0.01184	0.00888	0.00493	0.01579
59	0.72007	0.01928	0.01465	0.01311	0.01928	0.02236	0.01080	0.02930	0.01697	0.04473	0.01388	0.01619	0.01080	0.00925	0.00617	0.00308	0.00771	0.00540	0.00617	0.01080
60	0.01310	0.01015	0.01193	0.01148	0.01427	0.00898	0.00861	0.01686	0.02584	0.03432	0.37371	0.08377	0.30609	0.02249	0.01177	0.00324	0.00485	0.01933	0.01023	0.00898
61	0.01883	0.01772	0.02990	0.62569	0.06866	0.02215	0.02769	0.02547	0.01993	0.02547	0.01772	0.02658	0.01329	0.00997	0.00997	0.00332	0.01329	0.00886	0.00443	0.01107
62	0.01424	0.01068	0.01602	0.01602	0.01780	0.01246	0.01246	0.01780	0.01602	0.02314	0.02670	0.03916	0.02492	0.07477	0.61015	0.01602	0.02670	0.01068	0.00534	0.00890
63	0.03690	0.02597	0.08977	0.02068	0.02853	0.05936	0.01825	0.21235	0.03274	0.27325	0.02962	0.03044	0.02083	0.05943	0.01292	0.00352	0.01073	0.00947	0.00969	0.01554
64	0.30367	0.33381	0.03458	0.01646	0.02367	0.09707	0.01482	0.03076	0.01985	0.03202	0.01404	0.01630	0.01200	0.00901	0.00660	0.00256	0.01031	0.00548	0.00512	0.01186
65	0.01999	0.05157	0.59800	0.02841	0.04315	0.02315	0.03683	0.03157	0.02105	0.03157	0.01789	0.02105	0.01263	0.00947	0.00947	0.00316	0.01473	0.00737	0.00421	0.01473
66	0.01496	0.01144	0.01567	0.01704	0.06797	0.01089	0.01126	0.01926	0.02565	0.03596	0.42442	0.06830	0.11249	0.06112	0.05595	0.00443	0.00723	0.01666	0.00960	0.00969
67	0.01340	0.01016	0.01234	0.01180	0.01446	0.00910	0.00885	0.01744	0.02654	0.03600	0.43551	0.08101	0.24324	0.02186	0.01177	0.00321	0.00481	0.01895	0.01045	0.00910
68	0.01785	0.01588	0.02371	0.11580	0.19776	0.01565	0.01858	0.02241	0.02246	0.03012	0.09694	0.09282	0.17815	0.01687	0.01080	0.00320	0.00874	0.04461	0.00716	0.06049
69	0.01653	0.01527	0.02622	0.14055	0.07495	0.01534	0.11919	0.02093	0.02089	0.02745	0.04477	0.28149	0.11485	0.02019	0.01166	0.00360	0.00972	0.01888	0.00718	0.01033
70	0.02413	0.02313	0.03948	0.11365	0.53926	0.02354	0.03032	0.03012	0.02244	0.03191	0.01866	0.02485	0.01556	0.00898	0.00988	0.00299	0.01198	0.00888	0.00489	0.01535
71	0.02229	0.04835	0.54458	0.02742	0.04150	0.02236	0.03477	0.03315	0.02174	0.08387	0.01988	0.02224	0.01375	0.00974	0.00952	0.00315	0.01415	0.00761	0.00496	0.01494
72	0.72007	0.01928	0.01465	0.01311	0.01928	0.02236	0.01080	0.02930	0.01697	0.04473	0.01388	0.01619	0.01080	0.00925	0.00617	0.00308	0.00771	0.00540	0.00617	0.01080
73	0.02467	0.02369	0.04046	0.06119	0.58747	0.02369	0.03059	0.03059	0.02270	0.03257	0.01875	0.02467	0.01579	0.00888	0.00987	0.00296	0.01184	0.00888	0.00493	0.01579
74	0.14367	0.01860	0.02705	0.40048	0.09051	0.02198	0.02332	0.02980	0.05607	0.06738	0.02002	0.02581	0.01489	0.01015	0.00931	0.00324	0.01155	0.00849	0.00566	0.01204
75	0.38500	0.02065	0.02326	0.02547	0.14713	0.02211	0.01661	0.08173	0.02303	0.13963	0.02033	0.02188	0.01490	0.00996	0.00801	0.00305	0.00906	0.00731	0.00733	0.01355

[dist]
# distance from previous block
# <min> <max>
0	5

# created by:
# /st0/software/busco_prod/Augustus/scripts/msa2prfl.pl ./align_prep/5988.fa
