[name]
unknown

[dist]
# distance from previous block
# <min> <max>
0	50

[block]
# block no. 0 follows, 15 sequences, length 17
# corresponding to MSA columns:
# 52-68
name=unknown_A
#
# <colnr> <probs for GDERKNQSTAVLIFYWHMCP>
#	G	D	E	R	K	N	Q	S	T	A	V	L	I	F	Y	W	H	M	C	P
0	0.01409	0.01032	0.01330	0.01292	0.01536	0.00953	0.00993	0.01856	0.02711	0.03760	0.47818	0.08064	0.13865	0.02162	0.01197	0.00331	0.00521	0.07178	0.01061	0.00928
1	0.01858	0.00929	0.00929	0.00929	0.01161	0.00929	0.00697	0.02323	0.02091	0.03717	0.03252	0.03717	0.02555	0.01161	0.00697	0.00232	0.00465	0.00929	0.70499	0.00929
2	0.02665	0.65565	0.05224	0.01706	0.02559	0.03945	0.01706	0.02985	0.02026	0.02345	0.01386	0.01599	0.01279	0.00853	0.00640	0.00213	0.01066	0.00533	0.00426	0.01279
3	0.01363	0.01017	0.01267	0.01204	0.01460	0.00920	0.00903	0.01789	0.02710	0.03731	0.48402	0.07885	0.19390	0.02137	0.01176	0.00318	0.00477	0.01864	0.01062	0.00920
4	0.02353	0.02689	0.05882	0.04202	0.05210	0.02521	0.55126	0.03193	0.02353	0.03193	0.02017	0.02689	0.01513	0.00840	0.01176	0.00336	0.01681	0.01176	0.00504	0.01345
5	0.01999	0.05157	0.59800	0.02841	0.04315	0.02315	0.03683	0.03157	0.02105	0.03157	0.01789	0.02105	0.01263	0.00947	0.00947	0.00316	0.01473	0.00737	0.00421	0.01473
6	0.02103	0.01910	0.03174	0.34440	0.26083	0.02137	0.02659	0.02719	0.02109	0.02943	0.01969	0.02698	0.01555	0.00973	0.00961	0.00308	0.01182	0.00891	0.07917	0.01269
7	0.01450	0.00966	0.01087	0.01087	0.01087	0.00966	0.00604	0.01450	0.01450	0.01933	0.03141	0.06524	0.03624	0.64965	0.05074	0.00966	0.00966	0.01450	0.00604	0.00604
8	0.02302	0.01850	0.02922	0.51431	0.06117	0.02213	0.02565	0.07195	0.02305	0.08571	0.02041	0.02710	0.01474	0.01037	0.00997	0.00327	0.01261	0.00899	0.00569	0.01216
9	0.09602	0.02220	0.05928	0.01784	0.02610	0.01950	0.01528	0.11704	0.10743	0.08159	0.02338	0.02423	0.01767	0.00973	0.00842	0.00240	0.00863	0.00755	0.00759	0.32812
10	0.02504	0.01475	0.01822	0.01621	0.02062	0.01444	0.01275	0.08574	0.08188	0.17671	0.18996	0.14180	0.08278	0.01921	0.01127	0.00339	0.00715	0.05498	0.01064	0.01246
11	0.01238	0.01012	0.01093	0.01073	0.01383	0.00867	0.00805	0.01547	0.02414	0.03030	0.22518	0.09040	0.45713	0.02399	0.01178	0.00331	0.00496	0.02026	0.00970	0.00867
12	0.03117	0.13677	0.03610	0.02984	0.14026	0.02659	0.05452	0.11407	0.05231	0.16305	0.02375	0.02548	0.01776	0.01136	0.01236	0.00307	0.09037	0.00880	0.00745	0.01491
13	0.48954	0.02222	0.01899	0.01626	0.02237	0.06833	0.01327	0.08459	0.02198	0.10235	0.01767	0.01930	0.01317	0.01037	0.00860	0.00310	0.04222	0.00651	0.00703	0.01214
14	0.01447	0.00977	0.01138	0.01138	0.01156	0.00994	0.00668	0.01482	0.01465	0.01971	0.03094	0.06265	0.03512	0.59268	0.10618	0.01029	0.01135	0.01412	0.00597	0.00632
15	0.02482	0.23561	0.03177	0.01620	0.02461	0.02321	0.01412	0.03062	0.06362	0.07179	0.01977	0.02134	0.01604	0.00862	0.00746	0.00197	0.00862	0.00643	0.00615	0.36724
16	0.10577	0.01836	0.02389	0.08001	0.02878	0.02021	0.01688	0.03796	0.07410	0.27970	0.05707	0.03117	0.02375	0.01336	0.01444	0.00341	0.13855	0.00967	0.00895	0.01395

[dist]
# distance from previous block
# <min> <max>
0	8

[block]
# block no. 1 follows, 15 sequences, length 8
# corresponding to MSA columns:
# 77-80,97-100
name=unknown_B
#
# <colnr> <probs for GDERKNQSTAVLIFYWHMCP>
#	G	D	E	R	K	N	Q	S	T	A	V	L	I	F	Y	W	H	M	C	P
0	0.01314	0.00974	0.01157	0.01185	0.01411	0.00875	0.00861	0.01640	0.02372	0.03195	0.26017	0.21641	0.24580	0.02406	0.01170	0.00338	0.00508	0.02097	0.05384	0.00875
1	0.01877	0.02200	0.10388	0.46422	0.06017	0.02141	0.06121	0.02579	0.02024	0.02667	0.02073	0.07282	0.01733	0.01142	0.01023	0.00336	0.01313	0.01034	0.00481	0.01147
2	0.34830	0.01943	0.02019	0.01632	0.02337	0.02023	0.01347	0.10532	0.02569	0.27780	0.02586	0.02464	0.01742	0.01090	0.00828	0.00307	0.00846	0.00780	0.00925	0.01418
3	0.08598	0.01539	0.01977	0.01617	0.02243	0.01376	0.01300	0.03939	0.02591	0.42632	0.04537	0.11869	0.08186	0.01582	0.01027	0.00324	0.00775	0.01314	0.01120	0.01455
4	0.06335	0.11206	0.10036	0.03333	0.18586	0.09071	0.06881	0.03261	0.02285	0.08135	0.01920	0.02240	0.01504	0.00915	0.00892	0.00269	0.01205	0.00774	0.00565	0.10588
5	0.02329	0.01269	0.01570	0.01435	0.01857	0.01161	0.01142	0.02818	0.05226	0.19293	0.13450	0.09733	0.18906	0.01984	0.01114	0.00337	0.00667	0.08217	0.06338	0.01152
6	0.01320	0.00932	0.01210	0.01358	0.01445	0.00887	0.00934	0.01528	0.01983	0.02667	0.11990	0.41396	0.06347	0.14099	0.01955	0.00499	0.00666	0.07094	0.00889	0.00800
7	0.11237	0.21286	0.07202	0.02622	0.03364	0.10522	0.16257	0.03095	0.02115	0.02901	0.01588	0.02025	0.01321	0.01003	0.01178	0.00299	0.09482	0.00777	0.00483	0.01241

[dist]
# distance from previous block
# <min> <max>
1	5

[block]
# block no. 2 follows, 15 sequences, length 26
# corresponding to MSA columns:
# 106-131
name=unknown_C
#
# <colnr> <probs for GDERKNQSTAVLIFYWHMCP>
#	G	D	E	R	K	N	Q	S	T	A	V	L	I	F	Y	W	H	M	C	P
0	0.01956	0.01667	0.02066	0.08114	0.02732	0.01372	0.01321	0.02427	0.02164	0.03276	0.09635	0.02881	0.02565	0.00948	0.00827	0.00191	0.00765	0.00792	0.00645	0.53657
1	0.01624	0.01063	0.01334	0.01241	0.01497	0.00972	0.00912	0.01995	0.02566	0.07821	0.40442	0.07270	0.14090	0.10801	0.01706	0.00407	0.00573	0.01729	0.01018	0.00940
2	0.01334	0.01020	0.01204	0.01253	0.01490	0.00928	0.00950	0.01634	0.02266	0.02908	0.17365	0.13984	0.28883	0.08957	0.01624	0.00426	0.00629	0.11370	0.00924	0.00848
3	0.02010	0.01138	0.01480	0.01366	0.01692	0.01051	0.01073	0.02463	0.02680	0.13308	0.36416	0.06711	0.06979	0.01871	0.01109	0.00319	0.00583	0.07042	0.09644	0.01066
4	0.02662	0.02232	0.02357	0.02066	0.02662	0.02565	0.01622	0.12279	0.49666	0.04464	0.03826	0.03535	0.02855	0.01331	0.01012	0.00333	0.00832	0.01095	0.01012	0.01594
5	0.01999	0.05157	0.59800	0.02841	0.04315	0.02315	0.03683	0.03157	0.02105	0.03157	0.01789	0.02105	0.01263	0.00947	0.00947	0.00316	0.01473	0.00737	0.00421	0.01473
6	0.02353	0.02689	0.05882	0.04202	0.05210	0.02521	0.55126	0.03193	0.02353	0.03193	0.02017	0.02689	0.01513	0.00840	0.01176	0.00336	0.01681	0.01176	0.00504	0.01345
7	0.01419	0.01051	0.01507	0.01480	0.01678	0.01139	0.01139	0.01816	0.02031	0.02906	0.22193	0.05157	0.04922	0.05565	0.39985	0.01149	0.01897	0.01326	0.00732	0.00908
8	0.02067	0.01772	0.02067	0.01477	0.02362	0.01329	0.01181	0.02510	0.02067	0.03248	0.01772	0.02067	0.01477	0.00738	0.00738	0.00148	0.00738	0.00591	0.00591	0.71059
9	0.02490	0.12057	0.20949	0.04120	0.28740	0.02646	0.02939	0.08472	0.02435	0.03411	0.01834	0.02229	0.01454	0.00933	0.00928	0.00291	0.01246	0.00794	0.00514	0.01517
10	0.03307	0.01987	0.03123	0.11308	0.26556	0.01938	0.02296	0.03814	0.02501	0.28759	0.02799	0.02913	0.01952	0.01059	0.00995	0.00306	0.01050	0.00940	0.00824	0.01573
11	0.01215	0.00868	0.01157	0.01388	0.01446	0.00810	0.00925	0.01388	0.01909	0.02545	0.05495	0.64315	0.06593	0.03123	0.01272	0.00405	0.00578	0.02834	0.00925	0.00810
12	0.72007	0.01928	0.01465	0.01311	0.01928	0.02236	0.01080	0.02930	0.01697	0.04473	0.01388	0.01619	0.01080	0.00925	0.00617	0.00308	0.00771	0.00540	0.00617	0.01080
13	0.03171	0.02307	0.02637	0.11027	0.06126	0.07985	0.01805	0.14683	0.02896	0.17036	0.02400	0.02531	0.01723	0.01030	0.00924	0.00264	0.01059	0.00818	0.00797	0.18782
14	0.02480	0.02141	0.02254	0.02029	0.02592	0.02480	0.01578	0.05297	0.56946	0.04170	0.04057	0.03719	0.03043	0.01352	0.01014	0.00338	0.00789	0.01127	0.01014	0.01578
15	0.01757	0.01083	0.01406	0.01286	0.01576	0.00994	0.00978	0.02218	0.02776	0.09689	0.48915	0.06777	0.08229	0.01896	0.01126	0.00308	0.00509	0.01661	0.05801	0.01018
16	0.02962	0.08472	0.26543	0.02525	0.03613	0.02629	0.05604	0.21457	0.03090	0.10323	0.02215	0.02340	0.01560	0.01052	0.00960	0.00302	0.01255	0.00831	0.00715	0.01552
17	0.02204	0.04427	0.45558	0.02591	0.03909	0.02263	0.03140	0.08772	0.02381	0.03511	0.01853	0.02131	0.01340	0.00945	0.00924	0.00290	0.01330	0.00734	0.00507	0.11190
18	0.01289	0.00949	0.01207	0.01281	0.01450	0.00867	0.00908	0.01594	0.02329	0.03153	0.27472	0.33681	0.14940	0.02601	0.01220	0.00358	0.00524	0.02315	0.00995	0.00867
19	0.02492	0.01768	0.02763	0.15498	0.14024	0.01819	0.05474	0.03205	0.07451	0.15062	0.06891	0.13072	0.03180	0.01460	0.01066	0.00332	0.00994	0.01327	0.00800	0.01323
20	0.08663	0.10038	0.21802	0.10794	0.03966	0.02420	0.07886	0.07524	0.02290	0.03395	0.01780	0.02162	0.01351	0.00923	0.00888	0.00283	0.01228	0.00756	0.00526	0.11328
21	0.02602	0.01505	0.01690	0.01468	0.01869	0.05731	0.01122	0.02981	0.02617	0.21073	0.25522	0.05259	0.05305	0.08012	0.01447	0.00366	0.00741	0.01336	0.08193	0.01160
22	0.01661	0.01040	0.01377	0.01500	0.01706	0.00966	0.01132	0.01935	0.02142	0.08876	0.05740	0.39246	0.11195	0.02767	0.01259	0.00401	0.00683	0.14481	0.00957	0.00936
23	0.02169	0.06602	0.02433	0.14481	0.03239	0.01751	0.01570	0.02810	0.05913	0.06907	0.09902	0.03105	0.02706	0.01057	0.00883	0.00238	0.00862	0.00881	0.00688	0.31802
24	0.02862	0.14874	0.11886	0.02189	0.05729	0.02146	0.04709	0.03403	0.02303	0.18287	0.02303	0.02394	0.01681	0.00940	0.00858	0.00247	0.01017	0.00759	0.00697	0.20715
25	0.12582	0.10777	0.02553	0.10389	0.02943	0.02090	0.01617	0.05808	0.06130	0.17293	0.08901	0.04008	0.03036	0.01353	0.00954	0.00316	0.00911	0.06201	0.00845	0.01295

[dist]
# distance from previous block
# <min> <max>
4	15

[block]
# block no. 3 follows, 15 sequences, length 12
# corresponding to MSA columns:
# 150-161
name=unknown_D
#
# <colnr> <probs for GDERKNQSTAVLIFYWHMCP>
#	G	D	E	R	K	N	Q	S	T	A	V	L	I	F	Y	W	H	M	C	P
0	0.03686	0.06771	0.06048	0.01848	0.02691	0.01882	0.01622	0.10616	0.02843	0.35353	0.03046	0.02826	0.02038	0.01098	0.00926	0.00273	0.00915	0.00867	0.00984	0.13669
1	0.02467	0.02369	0.04046	0.06119	0.58747	0.02369	0.03059	0.03059	0.02270	0.03257	0.01875	0.02467	0.01579	0.00888	0.00987	0.00296	0.01184	0.00888	0.00493	0.01579
2	0.02666	0.02260	0.02558	0.02520	0.08889	0.02555	0.01787	0.12220	0.43409	0.04371	0.03578	0.03391	0.02688	0.01279	0.01009	0.00328	0.00877	0.01068	0.00954	0.01595
3	0.02242	0.15879	0.02914	0.08617	0.12459	0.02016	0.01733	0.02599	0.02127	0.09832	0.03355	0.25301	0.03455	0.01762	0.01017	0.00323	0.00906	0.01543	0.00727	0.01193
4	0.01450	0.00966	0.01087	0.01087	0.01087	0.00966	0.00604	0.01450	0.01450	0.01933	0.03141	0.06524	0.03624	0.64965	0.05074	0.00966	0.00966	0.01450	0.00604	0.00604
5	0.13441	0.02615	0.02713	0.02131	0.02884	0.02919	0.01752	0.43811	0.08536	0.05851	0.02386	0.02391	0.01718	0.01171	0.00944	0.00304	0.01025	0.00865	0.00944	0.01598
6	0.01606	0.01147	0.01606	0.01836	0.02065	0.01147	0.01606	0.02065	0.02295	0.02983	0.05278	0.11245	0.05737	0.02754	0.01377	0.00459	0.00918	0.52037	0.00918	0.00918
7	0.01445	0.00931	0.01195	0.01276	0.01416	0.00912	0.00906	0.01677	0.01974	0.02849	0.10872	0.28309	0.08055	0.03152	0.08977	0.07750	0.00833	0.01862	0.14787	0.00823
8	0.02154	0.09902	0.02677	0.10868	0.08703	0.02270	0.01754	0.03583	0.24747	0.03401	0.08412	0.04264	0.10370	0.01404	0.00997	0.00315	0.00878	0.01179	0.00800	0.01322
9	0.02607	0.13138	0.05384	0.01679	0.02479	0.01986	0.01475	0.08309	0.02539	0.11530	0.09228	0.02891	0.02601	0.01051	0.00851	0.00227	0.00849	0.00831	0.00752	0.29593
10	0.11036	0.14390	0.26277	0.02013	0.03016	0.02255	0.02254	0.02915	0.02109	0.06825	0.02995	0.03107	0.09503	0.01157	0.00872	0.00287	0.01078	0.00878	0.00585	0.06448
11	0.01767	0.01560	0.01822	0.02063	0.08937	0.07275	0.01352	0.02187	0.02587	0.03469	0.34240	0.14622	0.06937	0.01991	0.01151	0.00328	0.00742	0.05022	0.00925	0.01023

[dist]
# distance from previous block
# <min> <max>
8	30

[block]
# block no. 4 follows, 15 sequences, length 24
# corresponding to MSA columns:
# 198-221
name=unknown_E
#
# <colnr> <probs for GDERKNQSTAVLIFYWHMCP>
#	G	D	E	R	K	N	Q	S	T	A	V	L	I	F	Y	W	H	M	C	P
0	0.02296	0.06278	0.04390	0.19272	0.10276	0.02448	0.25515	0.06551	0.02424	0.03246	0.05742	0.02893	0.02005	0.00993	0.01064	0.00319	0.01378	0.01054	0.00557	0.01298
1	0.01949	0.01308	0.01718	0.01524	0.01810	0.01354	0.01198	0.02338	0.02542	0.11533	0.34851	0.06264	0.13297	0.01936	0.01499	0.00336	0.10925	0.01572	0.00985	0.01062
2	0.01335	0.00968	0.01272	0.01394	0.01551	0.00906	0.01027	0.01649	0.02273	0.03068	0.21876	0.34876	0.10728	0.02693	0.01253	0.00381	0.00595	0.10308	0.00977	0.00869
3	0.01246	0.00945	0.01149	0.01241	0.01424	0.00848	0.00876	0.01509	0.02222	0.02909	0.18457	0.34845	0.23318	0.02700	0.01222	0.00364	0.00532	0.02381	0.00963	0.00848
4	0.01524	0.01073	0.01351	0.01382	0.01601	0.01048	0.01049	0.02092	0.06238	0.03518	0.29005	0.19530	0.07022	0.02223	0.01158	0.00346	0.00579	0.09094	0.09215	0.00952
5	0.72007	0.01928	0.01465	0.01311	0.01928	0.02236	0.01080	0.02930	0.01697	0.04473	0.01388	0.01619	0.01080	0.00925	0.00617	0.00308	0.00771	0.00540	0.00617	0.01080
6	0.01217	0.00967	0.01094	0.01156	0.01394	0.00843	0.00831	0.01471	0.02225	0.02802	0.14400	0.26280	0.36497	0.02652	0.01207	0.00355	0.00524	0.02294	0.00946	0.00843
7	0.01999	0.05157	0.59800	0.02841	0.04315	0.02315	0.03683	0.03157	0.02105	0.03157	0.01789	0.02105	0.01263	0.00947	0.00947	0.00316	0.01473	0.00737	0.00421	0.01473
8	0.08413	0.01867	0.02301	0.01825	0.02555	0.01803	0.01491	0.08639	0.11735	0.42887	0.03674	0.03257	0.02414	0.01231	0.00979	0.00313	0.00853	0.00985	0.01141	0.01638
9	0.02181	0.02181	0.03053	0.02617	0.02617	0.03053	0.02181	0.02399	0.01527	0.02399	0.01309	0.02181	0.01309	0.01745	0.03272	0.00436	0.63141	0.00872	0.00436	0.01091
10	0.01411	0.01019	0.01333	0.01254	0.01489	0.00941	0.00941	0.01881	0.02822	0.03998	0.58221	0.07447	0.09406	0.02038	0.01176	0.00314	0.00470	0.01803	0.01097	0.00941
11	0.01858	0.00929	0.00929	0.00929	0.01161	0.00929	0.00697	0.02323	0.02091	0.03717	0.03252	0.03717	0.02555	0.01161	0.00697	0.00232	0.00465	0.00929	0.70499	0.00929
12	0.01411	0.01019	0.01333	0.01254	0.01489	0.00941	0.00941	0.01881	0.02822	0.03998	0.58221	0.07447	0.09406	0.02038	0.01176	0.00314	0.00470	0.01803	0.01097	0.00941
13	0.01368	0.00959	0.01228	0.01321	0.01397	0.00953	0.00891	0.01542	0.01801	0.02437	0.08542	0.27599	0.05176	0.26454	0.09791	0.00752	0.00985	0.05271	0.00773	0.00761
14	0.02353	0.02689	0.05882	0.04202	0.05210	0.02521	0.55126	0.03193	0.02353	0.03193	0.02017	0.02689	0.01513	0.00840	0.01176	0.00336	0.01681	0.01176	0.00504	0.01345
15	0.02480	0.02141	0.02254	0.02029	0.02592	0.02480	0.01578	0.05297	0.56946	0.04170	0.04057	0.03719	0.03043	0.01352	0.01014	0.00338	0.00789	0.01127	0.01014	0.01578
16	0.06456	0.01779	0.02035	0.01700	0.02245	0.01846	0.01356	0.15100	0.11920	0.16052	0.18896	0.04308	0.04299	0.01453	0.01011	0.00307	0.00756	0.01198	0.05905	0.01376
17	0.01420	0.01086	0.01565	0.02015	0.08354	0.01044	0.01277	0.01684	0.02007	0.02693	0.05033	0.49328	0.05874	0.02804	0.01253	0.00400	0.00699	0.09673	0.00873	0.00917
18	0.02586	0.54251	0.08763	0.02075	0.02986	0.03672	0.08189	0.03021	0.02070	0.02498	0.01487	0.01761	0.01306	0.00857	0.00723	0.00234	0.01165	0.00623	0.00435	0.01299
19	0.01207	0.00897	0.01127	0.01311	0.01426	0.00816	0.00891	0.01397	0.01983	0.02575	0.06433	0.53157	0.17145	0.03001	0.01253	0.00391	0.00563	0.02685	0.00925	0.00816
20	0.01308	0.00945	0.01258	0.01474	0.01591	0.00894	0.01082	0.01557	0.02026	0.02662	0.05732	0.47867	0.09650	0.02995	0.01292	0.00414	0.00657	0.14836	0.00924	0.00838
21	0.02543	0.19386	0.32359	0.07461	0.03816	0.02580	0.02765	0.03329	0.02193	0.11726	0.02023	0.02228	0.01461	0.00973	0.00883	0.00290	0.01262	0.00740	0.00552	0.01429
22	0.02132	0.07461	0.03130	0.37560	0.08960	0.07141	0.02443	0.02644	0.02022	0.02553	0.01910	0.06369	0.01673	0.01204	0.01246	0.00331	0.08643	0.00959	0.00481	0.01138
23	0.52257	0.02512	0.06481	0.06785	0.02678	0.09230	0.01535	0.03041	0.01889	0.03961	0.01471	0.01768	0.01140	0.00945	0.00709	0.00305	0.00998	0.00597	0.00574	0.01123

[dist]
# distance from previous block
# <min> <max>
0	7

[block]
# block no. 5 follows, 15 sequences, length 27
# corresponding to MSA columns:
# 229-255
name=unknown_F
#
# <colnr> <probs for GDERKNQSTAVLIFYWHMCP>
#	G	D	E	R	K	N	Q	S	T	A	V	L	I	F	Y	W	H	M	C	P
0	0.06680	0.05421	0.01724	0.01522	0.01743	0.01396	0.01179	0.01861	0.01694	0.02491	0.03017	0.12609	0.03101	0.09236	0.34334	0.04556	0.01831	0.04114	0.00609	0.00879
1	0.02274	0.08096	0.36606	0.02985	0.11406	0.02279	0.02982	0.03282	0.05305	0.07337	0.06195	0.02698	0.02093	0.01056	0.00957	0.00307	0.01248	0.00864	0.00574	0.01458
2	0.01503	0.01125	0.01436	0.01285	0.01612	0.00995	0.00974	0.01970	0.02716	0.03892	0.50296	0.06691	0.08293	0.01856	0.01114	0.00290	0.00508	0.01633	0.01026	0.10784
3	0.01974	0.01847	0.02539	0.02225	0.02238	0.02488	0.01785	0.02157	0.01516	0.02296	0.01789	0.03209	0.01876	0.15285	0.07879	0.00632	0.45805	0.01007	0.00478	0.00975
4	0.01332	0.00982	0.01246	0.01252	0.01459	0.00896	0.00912	0.01702	0.02530	0.03473	0.39070	0.21169	0.15560	0.02362	0.01199	0.00338	0.00501	0.02088	0.01033	0.00896
5	0.01331	0.00896	0.01148	0.01306	0.01412	0.00844	0.00895	0.01584	0.02053	0.02899	0.12054	0.48389	0.06393	0.02706	0.01179	0.00369	0.00548	0.02432	0.10719	0.00844
6	0.02201	0.01385	0.01657	0.01463	0.01856	0.01385	0.01136	0.06724	0.10608	0.11402	0.31579	0.05491	0.06064	0.01650	0.01050	0.00304	0.00610	0.01413	0.10839	0.01184
7	0.02665	0.65565	0.05224	0.01706	0.02559	0.03945	0.01706	0.02985	0.02026	0.02345	0.01386	0.01599	0.01279	0.00853	0.00640	0.00213	0.01066	0.00533	0.00426	0.01279
8	0.51123	0.01856	0.01728	0.01454	0.02119	0.01998	0.01199	0.03527	0.02054	0.21470	0.02175	0.02168	0.01509	0.01021	0.00736	0.00308	0.00795	0.00683	0.00808	0.01270
9	0.01587	0.01060	0.01375	0.01272	0.01547	0.00967	0.00963	0.02040	0.02792	0.07358	0.52083	0.07319	0.11796	0.02016	0.01165	0.00315	0.00496	0.01771	0.01096	0.00982
10	0.03588	0.02778	0.03398	0.02562	0.03389	0.03011	0.09368	0.48090	0.04359	0.05849	0.02341	0.02435	0.01670	0.01147	0.01022	0.00304	0.01179	0.00937	0.00928	0.01646
11	0.03790	0.02792	0.02992	0.02294	0.03091	0.03091	0.01895	0.55423	0.04687	0.06283	0.02393	0.02393	0.01695	0.01197	0.00997	0.00299	0.01097	0.00898	0.00997	0.01695
12	0.02490	0.02366	0.04106	0.09041	0.08229	0.02379	0.26127	0.15184	0.02851	0.03794	0.03207	0.03570	0.09524	0.01179	0.01103	0.00324	0.01308	0.01192	0.00673	0.01351
13	0.01839	0.01704	0.02857	0.56722	0.06378	0.02122	0.02623	0.02474	0.01956	0.02525	0.01858	0.02779	0.01440	0.01618	0.06753	0.00454	0.01458	0.00903	0.00452	0.01087
14	0.11984	0.01463	0.01708	0.01461	0.01996	0.01297	0.01116	0.02524	0.02039	0.11659	0.03115	0.20187	0.03061	0.01704	0.01120	0.04875	0.00722	0.01310	0.00778	0.25880
15	0.11556	0.02402	0.14304	0.02030	0.02535	0.02062	0.01906	0.02721	0.08079	0.03292	0.10391	0.12996	0.03447	0.01681	0.01542	0.00360	0.15572	0.01272	0.00694	0.01159
16	0.02583	0.54747	0.04853	0.01861	0.02569	0.03792	0.01787	0.02885	0.01940	0.02355	0.01373	0.01698	0.01284	0.01005	0.01089	0.00251	0.11661	0.00591	0.00428	0.01247
17	0.01883	0.01772	0.02990	0.62569	0.06866	0.02215	0.02769	0.02547	0.01993	0.02547	0.01772	0.02658	0.01329	0.00997	0.00997	0.00332	0.01329	0.00886	0.00443	0.01107
18	0.03801	0.02672	0.14117	0.02120	0.03040	0.02045	0.02022	0.17197	0.03162	0.34716	0.03113	0.02882	0.02030	0.01167	0.00990	0.00308	0.01037	0.00922	0.01010	0.01651
19	0.02449	0.01334	0.01721	0.01487	0.01918	0.01249	0.01162	0.03118	0.08022	0.20953	0.36439	0.05851	0.06676	0.01727	0.01107	0.00314	0.00616	0.01494	0.01131	0.01233
20	0.25799	0.01770	0.02046	0.01628	0.02350	0.01709	0.01343	0.04249	0.02488	0.42080	0.03129	0.02833	0.02029	0.01136	0.00881	0.00308	0.00824	0.00856	0.01039	0.01502
21	0.01225	0.00887	0.01159	0.01355	0.01442	0.00820	0.00915	0.01423	0.01992	0.02650	0.09265	0.56996	0.10161	0.03013	0.01260	0.00394	0.00566	0.02718	0.00937	0.00820
22	0.02413	0.02556	0.11722	0.14366	0.04442	0.02299	0.19198	0.03082	0.02178	0.10177	0.02273	0.03140	0.01795	0.01200	0.01438	0.00353	0.11342	0.04140	0.00590	0.01296
23	0.01965	0.01856	0.03138	0.54644	0.14149	0.02236	0.02809	0.02619	0.02032	0.02647	0.01786	0.02631	0.01364	0.00981	0.00995	0.00327	0.01309	0.00886	0.00450	0.01174
24	0.01413	0.01020	0.01378	0.01593	0.01757	0.00985	0.01264	0.01738	0.02130	0.02779	0.05683	0.33529	0.09519	0.02895	0.01320	0.00428	0.00748	0.28031	0.00922	0.00867
25	0.03292	0.02659	0.13615	0.07118	0.11177	0.02137	0.02281	0.12298	0.06422	0.24520	0.02840	0.02825	0.01945	0.01115	0.00989	0.00310	0.01085	0.00919	0.00865	0.01587
26	0.02456	0.07415	0.12484	0.11984	0.10008	0.02518	0.26038	0.06080	0.02391	0.05983	0.02006	0.02520	0.01498	0.00922	0.01043	0.00316	0.01436	0.00975	0.00541	0.01384

[dist]
# distance from previous block
# <min> <max>
0	1

[block]
# block no. 6 follows, 15 sequences, length 35
# corresponding to MSA columns:
# 257-291
name=unknown_G
#
# <colnr> <probs for GDERKNQSTAVLIFYWHMCP>
#	G	D	E	R	K	N	Q	S	T	A	V	L	I	F	Y	W	H	M	C	P
0	0.03633	0.02247	0.07541	0.01984	0.02738	0.01969	0.01732	0.20082	0.03242	0.30718	0.03453	0.10516	0.02630	0.01431	0.01029	0.00318	0.00949	0.01173	0.01049	0.01566
1	0.65713	0.01914	0.01602	0.06809	0.02371	0.02234	0.01231	0.02896	0.01723	0.04300	0.01423	0.01713	0.01102	0.00932	0.00651	0.00311	0.00821	0.00571	0.00601	0.01082
2	0.09521	0.01611	0.02069	0.01633	0.02315	0.01452	0.01337	0.04318	0.02690	0.47078	0.06533	0.03493	0.02730	0.01245	0.00953	0.00302	0.00788	0.01001	0.07393	0.01538
3	0.01509	0.01112	0.01271	0.01293	0.01457	0.01110	0.00884	0.01945	0.08619	0.02521	0.05147	0.15813	0.15586	0.27220	0.02867	0.04287	0.00779	0.04978	0.00783	0.00818
4	0.01268	0.00937	0.01178	0.01348	0.01483	0.00867	0.00958	0.01484	0.02009	0.02598	0.06310	0.43195	0.17197	0.06217	0.01466	0.00427	0.00626	0.08706	0.00908	0.00819
5	0.02916	0.02083	0.02318	0.01938	0.02537	0.02266	0.01545	0.20025	0.24619	0.11192	0.13532	0.03962	0.03737	0.01417	0.01038	0.00318	0.00832	0.01167	0.01050	0.01510
6	0.02583	0.02263	0.02158	0.01938	0.02460	0.08174	0.01502	0.07336	0.40850	0.04040	0.03601	0.03457	0.02726	0.01284	0.00956	0.00313	0.00860	0.01038	0.11015	0.01448
7	0.03493	0.02529	0.02739	0.02181	0.02913	0.02796	0.01775	0.37882	0.18577	0.10000	0.02965	0.02830	0.02120	0.01242	0.01002	0.00310	0.00994	0.00968	0.01021	0.01664
8	0.01999	0.05157	0.59800	0.02841	0.04315	0.02315	0.03683	0.03157	0.02105	0.03157	0.01789	0.02105	0.01263	0.00947	0.00947	0.00316	0.01473	0.00737	0.00421	0.01473
9	0.02058	0.01540	0.01908	0.01932	0.02296	0.01636	0.01644	0.10288	0.11167	0.03646	0.04670	0.08790	0.04732	0.02310	0.01265	0.00417	0.00924	0.36697	0.00944	0.01133
10	0.02705	0.01300	0.01701	0.01441	0.01881	0.01161	0.01112	0.03069	0.02634	0.27261	0.25538	0.05730	0.08536	0.09524	0.01585	0.00394	0.00695	0.01436	0.01084	0.01215
11	0.01479	0.01042	0.01332	0.01468	0.01617	0.01017	0.01059	0.05133	0.02214	0.03011	0.08958	0.46652	0.06160	0.02771	0.01230	0.00389	0.00639	0.08360	0.04572	0.00897
12	0.01450	0.00966	0.01087	0.01087	0.01087	0.00966	0.00604	0.01450	0.01450	0.01933	0.03141	0.06524	0.03624	0.64965	0.05074	0.00966	0.00966	0.01450	0.00604	0.00604
13	0.02278	0.07389	0.20323	0.03676	0.04799	0.02557	0.37878	0.03170	0.02265	0.03129	0.01915	0.02462	0.01431	0.00870	0.01080	0.00323	0.01586	0.01017	0.00477	0.01375
14	0.01457	0.01504	0.08589	0.01709	0.02012	0.01119	0.01497	0.01870	0.02128	0.02873	0.08778	0.34704	0.05849	0.02651	0.01260	0.00405	0.00795	0.18988	0.00873	0.00938
15	0.01798	0.01193	0.01561	0.01690	0.01950	0.01199	0.01402	0.02400	0.06652	0.06175	0.04939	0.17636	0.05159	0.02457	0.01244	0.00410	0.00807	0.32518	0.07812	0.00998
16	0.33725	0.02219	0.06577	0.02980	0.20046	0.02124	0.01922	0.03115	0.02095	0.09497	0.05447	0.02472	0.01920	0.01017	0.00832	0.00305	0.00941	0.00791	0.00657	0.01319
17	0.17070	0.28536	0.03436	0.01877	0.02557	0.16727	0.01610	0.03563	0.10601	0.03084	0.01834	0.01976	0.01511	0.00985	0.00753	0.00262	0.01134	0.00651	0.00576	0.01255
18	0.03913	0.01949	0.02391	0.01904	0.02630	0.01923	0.01550	0.11806	0.15773	0.39295	0.03754	0.03334	0.02498	0.01257	0.01005	0.00314	0.00868	0.01017	0.01150	0.01669
19	0.02696	0.03286	0.18984	0.03709	0.22426	0.06623	0.02722	0.09040	0.10132	0.07190	0.02315	0.02543	0.01742	0.01033	0.00975	0.00306	0.01224	0.00870	0.00647	0.01539
20	0.02541	0.02106	0.02866	0.02423	0.02596	0.02753	0.02010	0.07402	0.01969	0.09364	0.01801	0.02456	0.01556	0.02016	0.06630	0.00486	0.46333	0.00903	0.00586	0.01202
21	0.02071	0.02747	0.18225	0.02121	0.06130	0.01662	0.01984	0.02721	0.02089	0.03224	0.01783	0.02100	0.01423	0.00805	0.00811	0.00203	0.00968	0.00648	0.00538	0.47747
22	0.06711	0.06159	0.02853	0.15777	0.03695	0.16982	0.05681	0.03558	0.02440	0.16904	0.02359	0.02605	0.01708	0.01055	0.00919	0.00290	0.01233	0.00840	0.06958	0.01276
23	0.01450	0.00966	0.01087	0.01087	0.01087	0.00966	0.00604	0.01450	0.01450	0.01933	0.03141	0.06524	0.03624	0.64965	0.05074	0.00966	0.00966	0.01450	0.00604	0.00604
24	0.02310	0.02208	0.03763	0.21282	0.44811	0.02327	0.02981	0.02922	0.02196	0.03066	0.01847	0.02518	0.01512	0.00917	0.00990	0.00306	0.01223	0.00888	0.00480	0.01452
25	0.03194	0.15147	0.14690	0.02015	0.02926	0.05297	0.01976	0.03920	0.06826	0.24202	0.02684	0.02600	0.01883	0.01054	0.00892	0.00277	0.01054	0.00810	0.00795	0.07756
26	0.01307	0.01015	0.01188	0.01145	0.01426	0.00896	0.00859	0.01680	0.02576	0.03415	0.36726	0.08406	0.31264	0.02255	0.01177	0.00324	0.00486	0.01937	0.01021	0.00896
27	0.03874	0.02656	0.02908	0.02229	0.03024	0.02890	0.01842	0.49155	0.04460	0.12871	0.02584	0.02517	0.01791	0.01201	0.00998	0.00300	0.01066	0.00911	0.01027	0.01695
28	0.03874	0.02123	0.02820	0.03005	0.17685	0.06504	0.01931	0.04304	0.02694	0.39751	0.03187	0.03016	0.02134	0.01124	0.00990	0.00301	0.01015	0.00943	0.00977	0.01621
29	0.01364	0.01054	0.01263	0.01392	0.01568	0.01023	0.00973	0.01881	0.08803	0.02776	0.06238	0.45849	0.16513	0.02784	0.01222	0.00383	0.00590	0.02476	0.00936	0.00911
30	0.01849	0.01100	0.01421	0.01291	0.01582	0.01011	0.00972	0.02276	0.02689	0.11205	0.43861	0.06610	0.07665	0.06045	0.01381	0.00351	0.00553	0.01618	0.05503	0.01018
31	0.02190	0.02085	0.03545	0.32903	0.34131	0.02296	0.02921	0.02816	0.02139	0.02920	0.01826	0.02558	0.01460	0.00940	0.00992	0.00313	0.01253	0.00887	0.00470	0.01355
32	0.02057	0.04811	0.52889	0.03248	0.11062	0.02322	0.03606	0.03145	0.02125	0.03169	0.01800	0.02150	0.01302	0.00940	0.00952	0.00313	0.01437	0.00755	0.00430	0.01486
33	0.18393	0.05470	0.06132	0.02309	0.09806	0.02118	0.01732	0.10237	0.02412	0.10773	0.02146	0.02436	0.01656	0.01779	0.08292	0.00439	0.01170	0.00777	0.00694	0.11231
34	0.02468	0.02068	0.03702	0.30742	0.15760	0.02200	0.13665	0.03115	0.02246	0.11048	0.02156	0.02735	0.01580	0.00977	0.01034	0.00323	0.01306	0.00964	0.00580	0.01332

[dist]
# distance from previous block
# <min> <max>
0	14

# created by:
# /st0/software/busco_prod/Augustus/scripts/msa2prfl.pl ./align_prep/5994.fa
