[name]
unknown

[dist]
# distance from previous block
# <min> <max>
0	159

[block]
# block no. 0 follows, 13 sequences, length 18
# corresponding to MSA columns:
# 171-188
name=unknown_A
#
# <colnr> <probs for GDERKNQSTAVLIFYWHMCP>
#	G	D	E	R	K	N	Q	S	T	A	V	L	I	F	Y	W	H	M	C	P
0	0.01687	0.01384	0.01934	0.06336	0.05411	0.01422	0.01513	0.02013	0.02081	0.02877	0.04323	0.34556	0.04893	0.02488	0.01469	0.00392	0.06980	0.07650	0.00817	0.09774
1	0.11092	0.09872	0.06905	0.16959	0.03747	0.02460	0.02042	0.08839	0.02435	0.03559	0.08162	0.03062	0.02464	0.01505	0.01459	0.07424	0.05221	0.00947	0.00643	0.01204
2	0.11142	0.10645	0.06966	0.06526	0.03207	0.13088	0.01978	0.13092	0.06547	0.03847	0.02422	0.08442	0.02138	0.01370	0.01085	0.00324	0.04086	0.01022	0.00714	0.01358
3	0.01869	0.08532	0.02197	0.01669	0.02013	0.01472	0.04914	0.02249	0.02397	0.06167	0.17540	0.27512	0.06020	0.02230	0.01158	0.00351	0.00735	0.01994	0.07922	0.01059
4	0.02466	0.02777	0.09529	0.06211	0.06804	0.08872	0.02067	0.04133	0.25045	0.03857	0.12980	0.04060	0.03804	0.01416	0.01081	0.00337	0.01059	0.01182	0.00872	0.01448
5	0.02592	0.03166	0.20352	0.20981	0.04812	0.02446	0.02844	0.07078	0.07806	0.09756	0.02418	0.02784	0.01743	0.01179	0.01209	0.00350	0.05421	0.00930	0.00665	0.01467
6	0.02088	0.01124	0.01511	0.01567	0.01803	0.01020	0.01114	0.02324	0.02256	0.15266	0.05444	0.48596	0.05980	0.02849	0.01283	0.00406	0.00680	0.02556	0.01057	0.01077
7	0.02649	0.43859	0.04579	0.09319	0.03208	0.03507	0.01873	0.06526	0.02446	0.03021	0.07989	0.02632	0.02411	0.01099	0.00821	0.00261	0.01094	0.00800	0.00582	0.01323
8	0.01662	0.01037	0.01362	0.01473	0.01651	0.00947	0.01030	0.01907	0.02252	0.08454	0.11054	0.47120	0.10123	0.02947	0.01303	0.00404	0.00626	0.02643	0.01034	0.00972
9	0.18304	0.02492	0.06230	0.10055	0.03445	0.02508	0.01941	0.21702	0.03295	0.11763	0.06193	0.02895	0.02261	0.01227	0.00978	0.00328	0.01065	0.00937	0.00886	0.01494
10	0.40476	0.09054	0.06525	0.05856	0.02905	0.09687	0.01717	0.06820	0.02268	0.04135	0.01629	0.01912	0.01274	0.01015	0.00777	0.00311	0.01108	0.00654	0.00621	0.01257
11	0.02331	0.01793	0.01629	0.01520	0.01804	0.09300	0.01171	0.02943	0.06011	0.03625	0.03018	0.03470	0.02406	0.01300	0.01115	0.00284	0.07832	0.00952	0.46410	0.01088
12	0.38066	0.05876	0.02339	0.01785	0.02511	0.06274	0.01477	0.12812	0.02708	0.14040	0.02158	0.02214	0.01553	0.01096	0.00823	0.00316	0.00988	0.00737	0.00826	0.01400
13	0.01283	0.00942	0.01204	0.01414	0.01518	0.00864	0.00956	0.01479	0.02080	0.02722	0.06538	0.54590	0.14096	0.03220	0.01335	0.00419	0.00602	0.02893	0.00982	0.00864
14	0.03338	0.02128	0.05960	0.10509	0.03397	0.02008	0.01883	0.04620	0.18132	0.25983	0.03677	0.03526	0.02548	0.01284	0.01039	0.00335	0.00968	0.01061	0.06009	0.01595
15	0.03022	0.02993	0.14446	0.08962	0.04313	0.02434	0.14550	0.09777	0.09705	0.14709	0.02811	0.02985	0.01976	0.01133	0.01097	0.00341	0.01322	0.01043	0.00801	0.01579
16	0.01670	0.01502	0.01476	0.01556	0.01754	0.08316	0.01100	0.01942	0.02400	0.03030	0.16437	0.36776	0.12656	0.02708	0.01265	0.00380	0.00746	0.02384	0.00964	0.00939
17	0.02274	0.09800	0.02623	0.01597	0.02532	0.01766	0.01324	0.02727	0.02187	0.03322	0.01827	0.02129	0.01539	0.00799	0.00770	0.00166	0.00828	0.00619	0.00604	0.60568

[dist]
# distance from previous block
# <min> <max>
7	35

[block]
# block no. 1 follows, 13 sequences, length 17
# corresponding to MSA columns:
# 225-241
name=unknown_B
#
# <colnr> <probs for GDERKNQSTAVLIFYWHMCP>
#	G	D	E	R	K	N	Q	S	T	A	V	L	I	F	Y	W	H	M	C	P
0	0.14518	0.02491	0.02603	0.06324	0.03148	0.06330	0.01778	0.18911	0.11634	0.17304	0.02927	0.02861	0.02059	0.01231	0.00990	0.00327	0.01061	0.00937	0.00977	0.01588
1	0.01288	0.00920	0.01227	0.01472	0.01534	0.00859	0.00981	0.01472	0.02024	0.02699	0.05828	0.62152	0.06993	0.03312	0.01350	0.00429	0.00613	0.03006	0.00981	0.00859
2	0.01987	0.02975	0.21986	0.09133	0.03554	0.01981	0.02401	0.03225	0.11928	0.03768	0.20531	0.04530	0.04612	0.01480	0.01106	0.00340	0.01053	0.01258	0.00806	0.01345
3	0.02176	0.14002	0.03601	0.02332	0.02898	0.02284	0.15494	0.02867	0.07870	0.02969	0.07458	0.04512	0.03212	0.21063	0.02451	0.00545	0.01190	0.01261	0.00669	0.01148
4	0.01288	0.00920	0.01227	0.01472	0.01534	0.00859	0.00981	0.01472	0.02024	0.02699	0.05828	0.62152	0.06993	0.03312	0.01350	0.00429	0.00613	0.03006	0.00981	0.00859
5	0.03236	0.42163	0.04613	0.02143	0.02916	0.24030	0.01894	0.03551	0.02458	0.02524	0.01530	0.01773	0.01359	0.00972	0.00779	0.00243	0.01414	0.00608	0.00486	0.01309
6	0.02009	0.01107	0.01453	0.01485	0.01725	0.01015	0.01066	0.02302	0.02349	0.12938	0.11692	0.39249	0.06188	0.02611	0.01229	0.00382	0.00640	0.02328	0.07171	0.01060
7	0.63012	0.02146	0.01732	0.01505	0.02181	0.02472	0.01240	0.08570	0.02149	0.04955	0.01590	0.01808	0.01217	0.01013	0.00699	0.00326	0.00856	0.00614	0.00699	0.01217
8	0.18597	0.13564	0.03345	0.02412	0.06497	0.06704	0.06528	0.12015	0.02829	0.07703	0.07918	0.02847	0.02464	0.01166	0.00927	0.00306	0.01106	0.00916	0.00760	0.01395
9	0.03950	0.05039	0.02996	0.02724	0.03269	0.58597	0.02043	0.04222	0.02996	0.02588	0.01634	0.01907	0.01362	0.01090	0.00953	0.00272	0.01907	0.00681	0.00545	0.01226
10	0.11022	0.02582	0.03805	0.07360	0.21246	0.07379	0.12589	0.03532	0.02458	0.10616	0.02204	0.02610	0.01672	0.00995	0.01019	0.00315	0.01302	0.00933	0.00651	0.05709
11	0.01312	0.00930	0.01220	0.01442	0.01497	0.00875	0.00949	0.01478	0.01978	0.02637	0.05589	0.56881	0.06692	0.08993	0.01734	0.00486	0.00653	0.02866	0.00949	0.00838
12	0.07255	0.02795	0.12551	0.06883	0.08163	0.02482	0.02302	0.09805	0.16307	0.07645	0.06538	0.03262	0.02617	0.01307	0.01203	0.00346	0.05167	0.01032	0.00818	0.01522
13	0.03149	0.02282	0.06098	0.02752	0.08884	0.02133	0.06740	0.10481	0.10093	0.18804	0.06717	0.03603	0.02818	0.02072	0.07970	0.00496	0.01292	0.01120	0.00935	0.01563
14	0.01342	0.00983	0.01260	0.01385	0.01534	0.00902	0.00965	0.01624	0.02341	0.03149	0.20355	0.40769	0.13661	0.02915	0.01309	0.00394	0.00572	0.02607	0.01033	0.00902
15	0.02497	0.01870	0.02224	0.01604	0.02529	0.01427	0.01289	0.02960	0.02292	0.09842	0.02153	0.02360	0.01692	0.00846	0.00817	0.00177	0.00797	0.00679	0.00708	0.61239
16	0.11342	0.10428	0.10210	0.07242	0.03252	0.02434	0.01973	0.12423	0.02848	0.11047	0.08122	0.03006	0.02547	0.01188	0.00947	0.00300	0.01048	0.00920	0.00797	0.07926

[dist]
# distance from previous block
# <min> <max>
4	5

[block]
# block no. 2 follows, 13 sequences, length 47
# corresponding to MSA columns:
# 247-293
name=unknown_C
#
# <colnr> <probs for GDERKNQSTAVLIFYWHMCP>
#	G	D	E	R	K	N	Q	S	T	A	V	L	I	F	Y	W	H	M	C	P
0	0.01474	0.00966	0.01216	0.01395	0.01503	0.00926	0.00971	0.01730	0.02060	0.02930	0.05162	0.42493	0.05853	0.07347	0.01544	0.00444	0.00652	0.06446	0.14012	0.00877
1	0.07285	0.02024	0.02541	0.13465	0.07996	0.02117	0.01860	0.06243	0.15089	0.03895	0.07777	0.03322	0.02759	0.01185	0.00981	0.00296	0.00953	0.00993	0.00776	0.18441
2	0.19124	0.02794	0.02874	0.15663	0.09368	0.13308	0.02171	0.11042	0.02648	0.03860	0.01810	0.02274	0.01425	0.01133	0.01142	0.00331	0.06278	0.00804	0.00626	0.01327
3	0.01288	0.00920	0.01227	0.01472	0.01534	0.00859	0.00981	0.01472	0.02024	0.02699	0.05828	0.62152	0.06993	0.03312	0.01350	0.00429	0.00613	0.03006	0.00981	0.00859
4	0.02234	0.02427	0.07802	0.33304	0.19841	0.02483	0.07186	0.02944	0.02203	0.03000	0.01902	0.02692	0.01491	0.01057	0.01215	0.00348	0.05071	0.00953	0.00487	0.01358
5	0.01899	0.01609	0.01847	0.07711	0.02475	0.04507	0.01373	0.05016	0.08644	0.03430	0.17872	0.06059	0.14053	0.07666	0.10587	0.00609	0.01158	0.01518	0.00874	0.01092
6	0.01954	0.01090	0.01463	0.01551	0.01758	0.00993	0.01092	0.02182	0.02217	0.13163	0.05508	0.50864	0.06149	0.02926	0.01294	0.00410	0.00669	0.02631	0.01045	0.01040
7	0.03025	0.03501	0.02290	0.02122	0.02458	0.36531	0.01505	0.03193	0.02437	0.02382	0.02285	0.03828	0.02313	0.24758	0.02651	0.00561	0.01569	0.01009	0.00582	0.01001
8	0.01966	0.01104	0.01385	0.01385	0.01576	0.01036	0.00948	0.02185	0.02133	0.10995	0.08795	0.27285	0.05266	0.20050	0.02415	0.00562	0.00756	0.02006	0.07190	0.00961
9	0.01773	0.01147	0.01577	0.01760	0.01977	0.01105	0.01416	0.02138	0.02321	0.07026	0.05579	0.30552	0.06173	0.02950	0.01388	0.00453	0.00830	0.27842	0.01002	0.00992
10	0.37613	0.02309	0.02132	0.07471	0.02862	0.06446	0.01541	0.11461	0.02578	0.09468	0.02070	0.02285	0.01526	0.01090	0.00825	0.00319	0.01000	0.00750	0.04942	0.01312
11	0.03755	0.04641	0.02799	0.02553	0.03068	0.52933	0.01915	0.04049	0.02920	0.02721	0.01813	0.02107	0.01494	0.01104	0.00932	0.00270	0.01768	0.00711	0.07247	0.01202
12	0.02935	0.03149	0.17575	0.03333	0.08464	0.02314	0.18089	0.07850	0.02715	0.14036	0.02590	0.02875	0.01838	0.01062	0.01080	0.00330	0.01363	0.01024	0.05824	0.01552
13	0.01381	0.00973	0.01186	0.01316	0.01379	0.00925	0.00836	0.01501	0.01870	0.02463	0.05279	0.36640	0.09865	0.26076	0.02887	0.00652	0.00765	0.02378	0.00851	0.00778
14	0.02763	0.02791	0.14050	0.08010	0.08039	0.02336	0.02378	0.07955	0.13477	0.11865	0.08050	0.03470	0.02851	0.01339	0.01250	0.00346	0.05589	0.01074	0.00838	0.01529
15	0.03473	0.07635	0.07211	0.14769	0.08749	0.02199	0.02241	0.04011	0.02565	0.28879	0.02930	0.03005	0.02003	0.01192	0.01148	0.00330	0.04264	0.00954	0.00874	0.01565
16	0.01655	0.01045	0.01390	0.01466	0.01650	0.00961	0.01037	0.01952	0.02398	0.07950	0.20386	0.40977	0.07486	0.02796	0.01294	0.00392	0.00605	0.02512	0.01064	0.00983
17	0.02192	0.01879	0.02192	0.01566	0.02506	0.01409	0.01253	0.02662	0.02192	0.03445	0.01879	0.02192	0.01566	0.00783	0.00783	0.00157	0.00783	0.00626	0.00626	0.69305
18	0.02278	0.08746	0.40351	0.02576	0.03867	0.02300	0.03113	0.03259	0.02347	0.06680	0.07294	0.02831	0.02286	0.01112	0.00991	0.00312	0.01324	0.00882	0.00585	0.06866
19	0.11787	0.18075	0.07518	0.05030	0.02644	0.02390	0.01662	0.06302	0.02633	0.03866	0.22389	0.04247	0.04664	0.01441	0.00970	0.00304	0.00900	0.01150	0.00798	0.01229
20	0.01355	0.00985	0.01221	0.01338	0.01464	0.00912	0.00903	0.01572	0.02159	0.02864	0.14080	0.36855	0.14377	0.12518	0.01961	0.00498	0.00649	0.02481	0.00956	0.00851
21	0.70310	0.02045	0.01554	0.01390	0.02045	0.02372	0.01145	0.03108	0.01799	0.04744	0.01472	0.01718	0.01145	0.00981	0.00654	0.00327	0.00818	0.00573	0.00654	0.01145
22	0.12724	0.14551	0.13168	0.24765	0.04773	0.02806	0.02542	0.07242	0.02338	0.03425	0.01798	0.02305	0.01380	0.01025	0.00913	0.00318	0.01272	0.00784	0.00540	0.01329
23	0.01471	0.00987	0.01281	0.01489	0.01613	0.00946	0.01082	0.01760	0.02132	0.02976	0.05423	0.43746	0.06170	0.02922	0.01278	0.00413	0.00664	0.11486	0.11263	0.00900
24	0.08138	0.02398	0.07654	0.12365	0.08826	0.02205	0.02092	0.03671	0.17055	0.03700	0.02549	0.02804	0.01967	0.01069	0.00949	0.00294	0.01027	0.00883	0.00704	0.19649
25	0.06850	0.03185	0.13378	0.07004	0.06780	0.08295	0.02381	0.15891	0.03057	0.08396	0.06741	0.02915	0.02317	0.01280	0.01252	0.00335	0.06751	0.00957	0.00761	0.01475
26	0.01288	0.00920	0.01227	0.01472	0.01534	0.00859	0.00981	0.01472	0.02024	0.02699	0.05828	0.62152	0.06993	0.03312	0.01350	0.00429	0.00613	0.03006	0.00981	0.00859
27	0.01750	0.01462	0.02184	0.23844	0.03763	0.01742	0.01787	0.02115	0.01826	0.02454	0.02721	0.08534	0.02746	0.20700	0.12554	0.00799	0.06193	0.01299	0.00574	0.00953
28	0.01666	0.01346	0.02004	0.19995	0.03572	0.01464	0.01854	0.02135	0.02242	0.02891	0.04914	0.20028	0.08980	0.02405	0.01292	0.00421	0.00994	0.19974	0.00819	0.01004
29	0.01364	0.00942	0.01227	0.01419	0.01514	0.00883	0.00964	0.01605	0.02141	0.02958	0.10846	0.51881	0.06966	0.03028	0.01291	0.00405	0.00592	0.02732	0.06359	0.00883
30	0.44902	0.02396	0.02175	0.01790	0.02518	0.02720	0.01476	0.22124	0.03015	0.05480	0.01881	0.02032	0.01395	0.01092	0.00809	0.00323	0.00950	0.00718	0.00809	0.01395
31	0.01380	0.00973	0.01185	0.01316	0.01379	0.00925	0.00836	0.01501	0.01871	0.02464	0.05288	0.36542	0.09957	0.26075	0.02886	0.00652	0.00765	0.02377	0.00851	0.00778
32	0.02617	0.02512	0.04292	0.06490	0.56246	0.02512	0.03245	0.03245	0.02407	0.03454	0.01989	0.02617	0.01675	0.00942	0.01047	0.00314	0.01256	0.00942	0.00523	0.01675
33	0.19687	0.02569	0.02569	0.02050	0.02819	0.06935	0.01676	0.23285	0.03502	0.20732	0.02700	0.02610	0.01853	0.01200	0.00957	0.00319	0.01064	0.00875	0.00997	0.01601
34	0.03743	0.04616	0.02786	0.02542	0.03056	0.52582	0.01907	0.04038	0.02915	0.02729	0.01824	0.02119	0.01503	0.01104	0.00931	0.00270	0.01759	0.00713	0.07662	0.01201
35	0.02754	0.02113	0.03560	0.18265	0.25289	0.02162	0.06543	0.03342	0.02430	0.13519	0.02715	0.07848	0.02230	0.01235	0.01094	0.00339	0.01213	0.01161	0.00701	0.01488
36	0.01350	0.00968	0.01282	0.01430	0.01547	0.00900	0.00986	0.01626	0.02310	0.03153	0.20532	0.46152	0.07873	0.02973	0.01319	0.00401	0.00580	0.02683	0.01035	0.00900
37	0.02605	0.01924	0.02600	0.24312	0.04359	0.02185	0.02069	0.04055	0.20936	0.12055	0.08628	0.03864	0.03127	0.01345	0.01084	0.00349	0.01032	0.01150	0.00889	0.01433
38	0.02955	0.09399	0.24255	0.02500	0.03520	0.02430	0.05404	0.06665	0.02543	0.16171	0.02522	0.02693	0.01794	0.01164	0.01189	0.00327	0.06228	0.00891	0.05821	0.01528
39	0.01323	0.00980	0.01237	0.01371	0.01524	0.00893	0.00953	0.01586	0.02290	0.03040	0.16818	0.41768	0.16413	0.02965	0.01311	0.00397	0.00576	0.02644	0.01019	0.00893
40	0.02545	0.02088	0.02382	0.01733	0.02655	0.01770	0.01399	0.12313	0.02728	0.04066	0.02006	0.02259	0.01611	0.00877	0.00836	0.00188	0.00856	0.00689	0.00710	0.56291
41	0.02855	0.03423	0.23604	0.02394	0.03459	0.02241	0.02513	0.10030	0.02672	0.12902	0.02324	0.02504	0.01674	0.01114	0.01182	0.00302	0.06288	0.00829	0.00718	0.16971
42	0.10031	0.09060	0.03408	0.02403	0.03214	0.03116	0.06491	0.29935	0.12715	0.05347	0.02592	0.02643	0.01918	0.01197	0.00999	0.00320	0.01126	0.00944	0.00910	0.01632
43	0.02319	0.01366	0.01543	0.01364	0.01758	0.01281	0.01013	0.07036	0.02534	0.13552	0.06191	0.06800	0.22738	0.16754	0.02149	0.00499	0.00778	0.01597	0.07628	0.01099
44	0.23561	0.01835	0.01856	0.01716	0.02180	0.02014	0.01317	0.13648	0.06975	0.04357	0.03614	0.25248	0.03705	0.01976	0.01045	0.00367	0.00817	0.01641	0.00904	0.01224
45	0.08373	0.02186	0.03416	0.10592	0.10446	0.02163	0.11592	0.03167	0.02272	0.08963	0.02106	0.02570	0.01625	0.01021	0.01184	0.00298	0.06153	0.00892	0.00635	0.20346
46	0.01531	0.01213	0.01580	0.06653	0.02229	0.01105	0.01193	0.01826	0.02102	0.02865	0.05128	0.39962	0.09900	0.02542	0.01200	0.00361	0.00711	0.02269	0.00864	0.14766

[dist]
# distance from previous block
# <min> <max>
0	1

[block]
# block no. 3 follows, 13 sequences, length 28
# corresponding to MSA columns:
# 295-322
name=unknown_D
#
# <colnr> <probs for GDERKNQSTAVLIFYWHMCP>
#	G	D	E	R	K	N	Q	S	T	A	V	L	I	F	Y	W	H	M	C	P
0	0.04025	0.09969	0.03285	0.02269	0.03091	0.07659	0.01894	0.32957	0.04071	0.16314	0.02678	0.02608	0.01881	0.01220	0.01006	0.00305	0.01167	0.00907	0.00996	0.01699
1	0.01288	0.00920	0.01227	0.01472	0.01534	0.00859	0.00981	0.01472	0.02024	0.02699	0.05828	0.62152	0.06993	0.03312	0.01350	0.00429	0.00613	0.03006	0.00981	0.00859
2	0.23501	0.01389	0.01458	0.01349	0.01728	0.01437	0.01045	0.02351	0.02611	0.04401	0.38352	0.05922	0.07152	0.01784	0.01058	0.00331	0.00601	0.01484	0.01001	0.01045
3	0.02030	0.04014	0.39461	0.02490	0.03553	0.01964	0.02951	0.02718	0.01959	0.02865	0.01878	0.02546	0.01498	0.01858	0.02005	0.22368	0.01357	0.00825	0.00451	0.01210
4	0.01288	0.00920	0.01227	0.01472	0.01534	0.00859	0.00981	0.01472	0.02024	0.02699	0.05828	0.62152	0.06993	0.03312	0.01350	0.00429	0.00613	0.03006	0.00981	0.00859
5	0.01442	0.01054	0.01198	0.01198	0.01337	0.01021	0.00781	0.01577	0.01838	0.02360	0.05626	0.07601	0.20308	0.36462	0.10988	0.00899	0.01104	0.01707	0.00740	0.00761
6	0.01276	0.00969	0.01176	0.01342	0.01499	0.00870	0.00924	0.01487	0.02149	0.02750	0.07410	0.45307	0.22816	0.03107	0.01317	0.00406	0.00588	0.02755	0.00982	0.00870
7	0.03074	0.02492	0.02641	0.02242	0.02919	0.02837	0.01781	0.20681	0.38551	0.05139	0.03739	0.03495	0.02770	0.01382	0.01070	0.00345	0.00941	0.01118	0.01070	0.01713
8	0.02921	0.58583	0.05327	0.01886	0.02760	0.08741	0.01829	0.03254	0.02219	0.02496	0.01484	0.01714	0.01357	0.00920	0.00701	0.00230	0.01196	0.00575	0.00460	0.01346
9	0.03950	0.05039	0.02996	0.02724	0.03269	0.58597	0.02043	0.04222	0.02996	0.02588	0.01634	0.01907	0.01362	0.01090	0.00953	0.00272	0.01907	0.00681	0.00545	0.01226
10	0.02516	0.02581	0.12416	0.08497	0.18323	0.02048	0.09177	0.03167	0.02381	0.11005	0.03052	0.14380	0.02764	0.01472	0.01129	0.00351	0.01212	0.01377	0.00711	0.01440
11	0.01273	0.00980	0.01165	0.01314	0.01492	0.00872	0.00911	0.01490	0.02177	0.02761	0.07759	0.41591	0.26307	0.03061	0.01310	0.00401	0.00583	0.02699	0.00982	0.00872
12	0.02177	0.03727	0.30549	0.02499	0.03518	0.02289	0.02726	0.03861	0.20075	0.03625	0.03280	0.11314	0.02788	0.01479	0.01078	0.00356	0.01179	0.01239	0.00738	0.01501
13	0.02587	0.20078	0.14285	0.11379	0.08216	0.02716	0.02379	0.06463	0.02503	0.06916	0.06414	0.02883	0.02286	0.01125	0.00933	0.00297	0.01163	0.00893	0.05079	0.01403
14	0.01307	0.00928	0.01221	0.01448	0.01505	0.00871	0.00956	0.01477	0.01987	0.02650	0.05638	0.57965	0.06754	0.07825	0.01655	0.00475	0.00645	0.02894	0.00956	0.00842
15	0.02192	0.01879	0.02192	0.01566	0.02506	0.01409	0.01253	0.02662	0.02192	0.03445	0.01879	0.02192	0.01566	0.00783	0.00783	0.00157	0.00783	0.00626	0.00626	0.69305
16	0.03263	0.08216	0.18089	0.02601	0.07597	0.02335	0.02390	0.10980	0.02864	0.19246	0.02616	0.02652	0.01832	0.01090	0.00978	0.00297	0.01155	0.00863	0.00814	0.10125
17	0.31255	0.02807	0.12843	0.01943	0.02795	0.02406	0.01874	0.14259	0.02720	0.08953	0.02174	0.02339	0.01578	0.01097	0.00852	0.00320	0.01019	0.00772	0.06585	0.01409
18	0.01551	0.01716	0.09291	0.01705	0.02122	0.01226	0.01556	0.01994	0.02267	0.02942	0.06454	0.17445	0.20133	0.07180	0.01613	0.00459	0.00875	0.17604	0.00877	0.00990
19	0.47323	0.02205	0.02108	0.09951	0.03035	0.02551	0.01572	0.13006	0.02480	0.04839	0.01744	0.02038	0.01314	0.01050	0.00792	0.00329	0.00971	0.00701	0.00709	0.01280
20	0.07034	0.02680	0.12048	0.10926	0.08146	0.05568	0.10253	0.03180	0.02353	0.09536	0.02823	0.11159	0.02450	0.01371	0.01065	0.00341	0.01240	0.01233	0.05260	0.01336
21	0.11501	0.01138	0.01164	0.01207	0.01473	0.01172	0.00911	0.02333	0.02133	0.03748	0.03801	0.16103	0.03594	0.01737	0.00901	0.00312	0.00596	0.04580	0.40614	0.00981
22	0.02707	0.02374	0.06401	0.15432	0.08073	0.02416	0.02207	0.10813	0.20093	0.08103	0.07569	0.03594	0.02910	0.01313	0.01076	0.00342	0.01067	0.01109	0.00878	0.01524
23	0.09260	0.02713	0.02993	0.02629	0.07269	0.06330	0.01988	0.26838	0.03533	0.09134	0.02263	0.02461	0.01694	0.01256	0.01338	0.00324	0.09608	0.00882	0.00851	0.06635
24	0.11167	0.01162	0.01372	0.01537	0.01751	0.01160	0.01159	0.01876	0.02121	0.03111	0.05575	0.37374	0.10134	0.02836	0.01268	0.00422	0.00720	0.13393	0.00933	0.00929
25	0.02014	0.01603	0.02225	0.20344	0.03644	0.01753	0.01761	0.09412	0.02992	0.04092	0.30947	0.05514	0.06077	0.01682	0.01159	0.00337	0.00884	0.01465	0.00927	0.01168
26	0.12213	0.02446	0.03904	0.05767	0.48563	0.02492	0.02947	0.03225	0.02321	0.03637	0.01916	0.02489	0.01600	0.00948	0.00991	0.00316	0.01194	0.00890	0.00542	0.01600
27	0.01430	0.01067	0.01376	0.01476	0.01674	0.00946	0.01021	0.01675	0.02111	0.02906	0.08529	0.50104	0.06419	0.02879	0.01263	0.00384	0.00630	0.02597	0.00943	0.10571

[dist]
# distance from previous block
# <min> <max>
0	24

[block]
# block no. 4 follows, 13 sequences, length 9
# corresponding to MSA columns:
# 347-355
name=unknown_E
#
# <colnr> <probs for GDERKNQSTAVLIFYWHMCP>
#	G	D	E	R	K	N	Q	S	T	A	V	L	I	F	Y	W	H	M	C	P
0	0.02136	0.02074	0.03778	0.02917	0.03679	0.01874	0.23846	0.02771	0.02366	0.03291	0.03183	0.09883	0.03082	0.01537	0.01191	0.00343	0.01252	0.12163	0.00696	0.17938
1	0.02809	0.01307	0.01767	0.01652	0.02047	0.01165	0.01233	0.03092	0.02465	0.26588	0.05099	0.36382	0.05067	0.02431	0.01224	0.00384	0.00739	0.02151	0.01125	0.01273
2	0.03799	0.02330	0.02706	0.02047	0.02907	0.02278	0.01681	0.25477	0.03678	0.21692	0.02890	0.02787	0.01999	0.01162	0.00992	0.00281	0.00987	0.00907	0.01031	0.18372
3	0.23271	0.01555	0.01775	0.15749	0.02938	0.01774	0.01363	0.02317	0.01761	0.03057	0.02390	0.04277	0.02398	0.28226	0.02834	0.00640	0.01054	0.01087	0.00603	0.00930
4	0.03296	0.04028	0.02562	0.02417	0.02843	0.44422	0.01782	0.03547	0.02758	0.02615	0.02664	0.16697	0.02744	0.01635	0.01051	0.00311	0.01589	0.01252	0.00652	0.01136
5	0.03228	0.02502	0.08766	0.16768	0.17319	0.02265	0.02587	0.09334	0.02801	0.19887	0.02679	0.02914	0.01879	0.01124	0.01051	0.00329	0.01204	0.00963	0.00802	0.01599
6	0.01495	0.00968	0.01140	0.01260	0.01384	0.00922	0.00847	0.01731	0.02024	0.02907	0.05274	0.33481	0.09992	0.12973	0.01883	0.00480	0.00647	0.02185	0.17551	0.00856
7	0.02272	0.01863	0.02679	0.17049	0.14220	0.02037	0.02118	0.03386	0.15253	0.06584	0.03615	0.17674	0.03361	0.01697	0.01132	0.00364	0.01009	0.01519	0.00809	0.01359
8	0.02915	0.03009	0.11492	0.16602	0.04208	0.10134	0.02374	0.09084	0.11345	0.10340	0.02834	0.06213	0.02204	0.01298	0.01055	0.00337	0.01272	0.01055	0.00775	0.01454

[dist]
# distance from previous block
# <min> <max>
0	2

[block]
# block no. 5 follows, 13 sequences, length 7
# corresponding to MSA columns:
# 358-364
name=unknown_F
#
# <colnr> <probs for GDERKNQSTAVLIFYWHMCP>
#	G	D	E	R	K	N	Q	S	T	A	V	L	I	F	Y	W	H	M	C	P
0	0.01288	0.00920	0.01227	0.01472	0.01534	0.00859	0.00981	0.01472	0.02024	0.02699	0.05828	0.62152	0.06993	0.03312	0.01350	0.00429	0.00613	0.03006	0.00981	0.00859
1	0.02192	0.01879	0.02192	0.01566	0.02506	0.01409	0.01253	0.02662	0.02192	0.03445	0.01879	0.02192	0.01566	0.00783	0.00783	0.00157	0.00783	0.00626	0.00626	0.69305
2	0.02787	0.09396	0.16910	0.06213	0.03395	0.02192	0.02214	0.03753	0.08847	0.15239	0.07076	0.03188	0.02602	0.01182	0.00984	0.00301	0.01075	0.00954	0.00800	0.10892
3	0.09723	0.02916	0.19315	0.01980	0.02776	0.02063	0.02025	0.12754	0.02645	0.04153	0.02550	0.03248	0.02066	0.08708	0.01448	0.00393	0.01065	0.00938	0.17932	0.01305
4	0.01467	0.01048	0.01432	0.01677	0.01816	0.01013	0.01292	0.01781	0.02201	0.02899	0.05729	0.40533	0.06602	0.03144	0.01397	0.00454	0.00768	0.22859	0.00978	0.00908
5	0.19775	0.01863	0.02266	0.07753	0.08375	0.01971	0.01671	0.09115	0.02551	0.13119	0.03265	0.17672	0.03043	0.01667	0.01030	0.00353	0.00925	0.01395	0.00868	0.01324
6	0.02740	0.03253	0.15029	0.16175	0.09905	0.09062	0.02787	0.07349	0.02487	0.07203	0.02002	0.02509	0.01534	0.01215	0.01464	0.00350	0.12054	0.00883	0.00588	0.01412

[dist]
# distance from previous block
# <min> <max>
0	33

[block]
# block no. 6 follows, 13 sequences, length 22
# corresponding to MSA columns:
# 398-419
name=unknown_G
#
# <colnr> <probs for GDERKNQSTAVLIFYWHMCP>
#	G	D	E	R	K	N	Q	S	T	A	V	L	I	F	Y	W	H	M	C	P
0	0.01288	0.00920	0.01227	0.01472	0.01534	0.00859	0.00981	0.01472	0.02024	0.02699	0.05828	0.62152	0.06993	0.03312	0.01350	0.00429	0.00613	0.03006	0.00981	0.00859
1	0.02192	0.02255	0.07317	0.06810	0.07994	0.01806	0.05566	0.02973	0.06079	0.03530	0.07632	0.03045	0.02535	0.01034	0.00949	0.00248	0.00987	0.00911	0.00671	0.35467
2	0.02728	0.02889	0.03300	0.26269	0.09626	0.17892	0.06239	0.06947	0.02624	0.03091	0.02205	0.07250	0.01909	0.01239	0.01065	0.00331	0.01479	0.01057	0.00586	0.01275
3	0.01288	0.00920	0.01227	0.01472	0.01534	0.00859	0.00981	0.01472	0.02024	0.02699	0.05828	0.62152	0.06993	0.03312	0.01350	0.00429	0.00613	0.03006	0.00981	0.00859
4	0.02121	0.05469	0.57364	0.03014	0.04576	0.02455	0.03906	0.03348	0.02232	0.03348	0.01897	0.02232	0.01339	0.01005	0.01005	0.00335	0.01563	0.00781	0.00446	0.01563
5	0.01378	0.00985	0.01330	0.01575	0.01676	0.00936	0.01138	0.01628	0.02113	0.02800	0.05778	0.51257	0.06796	0.03228	0.01374	0.00442	0.00692	0.13011	0.00980	0.00884
6	0.01354	0.00969	0.01295	0.01494	0.01598	0.00910	0.01048	0.01610	0.02197	0.02957	0.12813	0.50068	0.07331	0.03116	0.01345	0.00421	0.00629	0.06949	0.01006	0.00888
7	0.01997	0.01879	0.03171	0.60301	0.07282	0.02349	0.02936	0.02701	0.02114	0.02701	0.01879	0.02819	0.01409	0.01057	0.01057	0.00352	0.01409	0.00940	0.00470	0.01175
8	0.01773	0.01139	0.01449	0.01358	0.01667	0.01026	0.01023	0.02198	0.02817	0.09318	0.38734	0.12672	0.16271	0.02259	0.01238	0.00345	0.00556	0.01973	0.01133	0.01051
9	0.04669	0.01919	0.02528	0.01938	0.02759	0.01732	0.01601	0.10057	0.03227	0.51791	0.04003	0.03489	0.02533	0.01305	0.01063	0.00326	0.00927	0.01052	0.01283	0.01799
10	0.02381	0.23338	0.03103	0.01641	0.02211	0.02465	0.01418	0.10126	0.02939	0.03968	0.24768	0.04616	0.05177	0.01516	0.00981	0.00287	0.00822	0.01225	0.05774	0.01245
11	0.02814	0.02713	0.01842	0.01726	0.02100	0.25537	0.01295	0.03213	0.02549	0.03365	0.02676	0.03075	0.02136	0.01171	0.00830	0.00257	0.01095	0.00856	0.39662	0.01088
12	0.02997	0.11534	0.12273	0.17854	0.04552	0.06826	0.06250	0.10616	0.02774	0.11091	0.02247	0.02573	0.01630	0.01084	0.01003	0.00318	0.01352	0.00885	0.00678	0.01464
13	0.01308	0.01030	0.01120	0.01174	0.01404	0.00908	0.00815	0.01511	0.02173	0.02682	0.08348	0.21143	0.35974	0.13250	0.01988	0.00489	0.00638	0.02283	0.00923	0.00841
14	0.02905	0.03429	0.22028	0.07353	0.07071	0.02502	0.02693	0.12048	0.13903	0.11164	0.02820	0.02898	0.02012	0.01180	0.01043	0.00336	0.01224	0.00957	0.00801	0.01632
15	0.02983	0.02702	0.11451	0.06426	0.03743	0.02331	0.10853	0.10428	0.07506	0.15180	0.08228	0.03450	0.02784	0.01307	0.01279	0.00347	0.05506	0.01119	0.00859	0.01518
16	0.01396	0.01001	0.01256	0.01334	0.01465	0.00935	0.00906	0.01646	0.02255	0.03051	0.20773	0.30816	0.11382	0.14376	0.02087	0.00509	0.00652	0.02329	0.00971	0.00861
17	0.02192	0.01879	0.02192	0.01566	0.02506	0.01409	0.01253	0.02662	0.02192	0.03445	0.01879	0.02192	0.01566	0.00783	0.00783	0.00157	0.00783	0.00626	0.00626	0.69305
18	0.03179	0.02949	0.15403	0.02221	0.03209	0.02198	0.02143	0.12553	0.10725	0.17160	0.02920	0.02868	0.02059	0.01145	0.00995	0.00298	0.01068	0.00911	0.00893	0.15103
19	0.02948	0.01984	0.06505	0.05301	0.02834	0.01807	0.04732	0.07480	0.02381	0.18540	0.02718	0.03459	0.02155	0.08219	0.02471	0.17582	0.05845	0.01039	0.00781	0.01220
20	0.01314	0.00971	0.01237	0.01438	0.01567	0.00893	0.01007	0.01537	0.02126	0.02764	0.06680	0.48890	0.15626	0.03168	0.01341	0.00421	0.00628	0.06537	0.00981	0.00874
21	0.07328	0.01326	0.01747	0.06059	0.02327	0.01330	0.01318	0.02587	0.02210	0.14864	0.04705	0.24627	0.08680	0.03328	0.11919	0.00624	0.01161	0.01815	0.00913	0.01132

[dist]
# distance from previous block
# <min> <max>
0	20

[block]
# block no. 7 follows, 13 sequences, length 21
# corresponding to MSA columns:
# 440-460
name=unknown_H
#
# <colnr> <probs for GDERKNQSTAVLIFYWHMCP>
#	G	D	E	R	K	N	Q	S	T	A	V	L	I	F	Y	W	H	M	C	P
0	0.02838	0.07381	0.08021	0.07070	0.03099	0.12177	0.01895	0.10777	0.02868	0.08836	0.06656	0.13854	0.03256	0.01604	0.01055	0.00326	0.01145	0.01312	0.04517	0.01313
1	0.02308	0.01416	0.01821	0.01721	0.01977	0.01485	0.01302	0.07292	0.02356	0.10686	0.04008	0.23934	0.04115	0.05782	0.02005	0.08661	0.06824	0.05015	0.06219	0.01072
2	0.02618	0.08266	0.02722	0.01762	0.02680	0.02058	0.01459	0.12631	0.02739	0.03987	0.01969	0.02211	0.01591	0.00892	0.00827	0.00195	0.00893	0.00685	0.00694	0.49120
3	0.03158	0.02570	0.03371	0.19268	0.20735	0.09098	0.02567	0.09508	0.02818	0.13099	0.02373	0.02753	0.01749	0.01096	0.01043	0.00322	0.01301	0.00933	0.00716	0.01523
4	0.01288	0.00920	0.01227	0.01472	0.01534	0.00859	0.00981	0.01472	0.02024	0.02699	0.05828	0.62152	0.06993	0.03312	0.01350	0.00429	0.00613	0.03006	0.00981	0.00859
5	0.04442	0.02036	0.02570	0.01997	0.02801	0.01937	0.01641	0.13230	0.07719	0.44007	0.03907	0.03449	0.02531	0.01313	0.01063	0.00328	0.00939	0.01056	0.01246	0.01788
6	0.01837	0.00918	0.01377	0.01377	0.01377	0.00918	0.00918	0.01377	0.01377	0.01837	0.01837	0.03214	0.01837	0.03673	0.04132	0.69238	0.00918	0.00918	0.00459	0.00459
7	0.01731	0.01101	0.01407	0.01472	0.01621	0.01061	0.01054	0.01960	0.02099	0.06459	0.09733	0.21178	0.05622	0.25073	0.02841	0.00646	0.00853	0.12312	0.00894	0.00882
8	0.04287	0.02531	0.02907	0.02229	0.03064	0.02641	0.01841	0.35119	0.04251	0.25282	0.03143	0.02931	0.02101	0.01284	0.01060	0.00321	0.01066	0.00993	0.01151	0.01799
9	0.02006	0.01136	0.01508	0.01531	0.01768	0.01047	0.01110	0.02285	0.02343	0.12904	0.12899	0.34895	0.06310	0.07844	0.01634	0.00451	0.00709	0.05538	0.01040	0.01042
10	0.12587	0.01829	0.02346	0.01822	0.02621	0.01652	0.01505	0.04908	0.02879	0.50730	0.03848	0.03374	0.02441	0.01269	0.01014	0.00327	0.00890	0.01005	0.01230	0.01721
11	0.42320	0.02103	0.02038	0.01677	0.02404	0.02266	0.01383	0.10654	0.02594	0.19900	0.02391	0.02369	0.01656	0.01115	0.00827	0.00326	0.00890	0.00766	0.00897	0.01423
12	0.03950	0.05039	0.02996	0.02724	0.03269	0.58597	0.02043	0.04222	0.02996	0.02588	0.01634	0.01907	0.01362	0.01090	0.00953	0.00272	0.01907	0.00681	0.00545	0.01226
13	0.02084	0.01765	0.02077	0.01555	0.02389	0.01344	0.01220	0.02520	0.02172	0.03356	0.02352	0.09365	0.02215	0.01086	0.00851	0.00189	0.00763	0.00911	0.00669	0.61117
14	0.02945	0.01367	0.01761	0.01508	0.01999	0.01220	0.01184	0.03364	0.02778	0.26899	0.18458	0.09409	0.09081	0.01773	0.01098	0.00326	0.00683	0.01506	0.11315	0.01326
15	0.02620	0.01471	0.01614	0.01453	0.01891	0.01526	0.01130	0.03772	0.16418	0.13095	0.03802	0.03884	0.02834	0.01300	0.00885	0.00290	0.00655	0.01055	0.38994	0.01310
16	0.02508	0.13520	0.07819	0.17036	0.03983	0.02269	0.02051	0.03074	0.02251	0.08432	0.02035	0.02408	0.01573	0.00948	0.00882	0.00253	0.01088	0.00754	0.00607	0.26511
17	0.11575	0.10070	0.10451	0.02871	0.08016	0.02607	0.12041	0.07174	0.07596	0.03823	0.02130	0.02442	0.01656	0.00988	0.00946	0.00295	0.01199	0.00863	0.00637	0.12620
18	0.02302	0.01617	0.01941	0.01666	0.02217	0.01487	0.01315	0.06940	0.06613	0.08145	0.07997	0.08812	0.08737	0.01921	0.01388	0.07214	0.00809	0.06977	0.00881	0.21021
19	0.10113	0.01946	0.02310	0.01742	0.02597	0.01706	0.01422	0.07535	0.02703	0.25497	0.02817	0.02741	0.01968	0.01053	0.00905	0.00255	0.00863	0.00823	0.00938	0.30066
20	0.03146	0.07966	0.02891	0.07269	0.09358	0.01915	0.01777	0.03622	0.02568	0.22467	0.06895	0.03197	0.02581	0.01133	0.00964	0.00274	0.00947	0.00942	0.00869	0.19221

[dist]
# distance from previous block
# <min> <max>
1	34

[block]
# block no. 8 follows, 13 sequences, length 12
# corresponding to MSA columns:
# 495-506
name=unknown_I
#
# <colnr> <probs for GDERKNQSTAVLIFYWHMCP>
#	G	D	E	R	K	N	Q	S	T	A	V	L	I	F	Y	W	H	M	C	P
0	0.12710	0.13656	0.13251	0.02860	0.10820	0.02453	0.08070	0.02929	0.02304	0.03512	0.10050	0.07466	0.03090	0.01303	0.00988	0.00320	0.01124	0.01121	0.00647	0.01326
1	0.01692	0.01331	0.01760	0.01882	0.06760	0.01187	0.01214	0.02038	0.02285	0.03248	0.16982	0.23194	0.05697	0.09254	0.01646	0.00404	0.00729	0.01842	0.00867	0.15987
2	0.02049	0.01736	0.02143	0.06940	0.02779	0.01422	0.01362	0.02546	0.02329	0.03520	0.11563	0.03277	0.03065	0.01056	0.00892	0.00206	0.00790	0.00887	0.00709	0.50729
3	0.02443	0.02121	0.08467	0.01914	0.02497	0.01819	0.01660	0.08771	0.14227	0.10411	0.18563	0.13656	0.05266	0.01847	0.01155	0.00351	0.00835	0.01587	0.01038	0.01372
4	0.01565	0.01198	0.01461	0.01464	0.01741	0.01157	0.01115	0.02238	0.08137	0.03649	0.28624	0.16487	0.16752	0.02440	0.01270	0.00372	0.00615	0.07617	0.01071	0.01027
5	0.07997	0.10261	0.06141	0.01980	0.02798	0.07442	0.01716	0.04201	0.12542	0.18285	0.02878	0.02799	0.02088	0.01125	0.00924	0.00285	0.01024	0.00860	0.00863	0.13791
6	0.01644	0.01394	0.04697	0.01608	0.01881	0.01162	0.03594	0.01837	0.01984	0.02656	0.07556	0.14629	0.10338	0.17146	0.02757	0.12742	0.00906	0.06840	0.00750	0.03879
7	0.02730	0.18471	0.29367	0.02563	0.03722	0.07230	0.02840	0.10504	0.06519	0.03636	0.02046	0.02252	0.01550	0.01057	0.00937	0.00304	0.01377	0.00778	0.00588	0.01530
8	0.02699	0.32645	0.16681	0.02929	0.09190	0.03382	0.08394	0.06914	0.02444	0.03195	0.01777	0.02110	0.01449	0.00956	0.00884	0.00281	0.01318	0.00762	0.00513	0.01477
9	0.01311	0.00948	0.01202	0.01395	0.01482	0.00880	0.00926	0.01484	0.02015	0.02647	0.06095	0.50608	0.11983	0.09576	0.01768	0.00485	0.00649	0.02765	0.00945	0.00839
10	0.13692	0.13332	0.15663	0.06758	0.03739	0.02870	0.07776	0.09375	0.10008	0.03933	0.02204	0.02453	0.01671	0.01069	0.00940	0.00320	0.01230	0.00853	0.00655	0.01460
11	0.01420	0.01019	0.01360	0.01493	0.01645	0.00959	0.01092	0.01757	0.02417	0.03296	0.22928	0.36192	0.07886	0.02860	0.01330	0.00404	0.00627	0.09348	0.01043	0.00923

[dist]
# distance from previous block
# <min> <max>
0	3

[block]
# block no. 9 follows, 13 sequences, length 18
# corresponding to MSA columns:
# 510-527
name=unknown_J
#
# <colnr> <probs for GDERKNQSTAVLIFYWHMCP>
#	G	D	E	R	K	N	Q	S	T	A	V	L	I	F	Y	W	H	M	C	P
0	0.44756	0.02603	0.07351	0.01767	0.02532	0.07282	0.01578	0.03633	0.02191	0.14666	0.02058	0.02155	0.01473	0.01058	0.00796	0.00323	0.01005	0.00699	0.00752	0.01322
1	0.02152	0.02654	0.12663	0.03294	0.08688	0.02114	0.19256	0.03132	0.07562	0.03521	0.10032	0.09680	0.03688	0.01519	0.01198	0.00363	0.01262	0.05140	0.00732	0.01352
2	0.02557	0.02317	0.03510	0.08419	0.32976	0.02235	0.02542	0.06842	0.02521	0.03647	0.01991	0.02500	0.01634	0.00928	0.00971	0.00271	0.01120	0.00850	0.00591	0.21579
3	0.01303	0.00953	0.01225	0.01411	0.01525	0.00876	0.00961	0.01526	0.02160	0.02860	0.11013	0.50856	0.13184	0.03130	0.01328	0.00412	0.00593	0.02811	0.00998	0.00876
4	0.65172	0.02026	0.01625	0.01429	0.02096	0.02308	0.01177	0.03268	0.01896	0.08837	0.01684	0.01865	0.01260	0.01007	0.00686	0.00327	0.00824	0.00611	0.00706	0.01196
5	0.02591	0.27974	0.11048	0.15159	0.07929	0.03129	0.02379	0.07682	0.02440	0.03208	0.01889	0.02314	0.01524	0.01010	0.00871	0.00284	0.01216	0.00769	0.05200	0.01383
6	0.70310	0.02045	0.01554	0.01390	0.02045	0.02372	0.01145	0.03108	0.01799	0.04744	0.01472	0.01718	0.01145	0.00981	0.00654	0.00327	0.00818	0.00573	0.00654	0.01145
7	0.04488	0.01857	0.02446	0.01914	0.02705	0.01684	0.01568	0.05209	0.09244	0.50610	0.04187	0.03641	0.02691	0.01324	0.01065	0.00331	0.00892	0.01079	0.01280	0.01784
8	0.04019	0.02962	0.03173	0.02433	0.03279	0.03279	0.02010	0.52721	0.04971	0.06663	0.02538	0.02538	0.01798	0.01269	0.01058	0.00317	0.01163	0.00952	0.01058	0.01798
9	0.70310	0.02045	0.01554	0.01390	0.02045	0.02372	0.01145	0.03108	0.01799	0.04744	0.01472	0.01718	0.01145	0.00981	0.00654	0.00327	0.00818	0.00573	0.00654	0.01145
10	0.02969	0.14677	0.26996	0.02490	0.03594	0.09422	0.02695	0.03948	0.07323	0.12510	0.02410	0.02496	0.01744	0.01090	0.00958	0.00309	0.01345	0.00819	0.00668	0.01537
11	0.01496	0.01081	0.01413	0.01330	0.01580	0.00998	0.00998	0.01995	0.02993	0.04240	0.55689	0.07898	0.09976	0.02162	0.01247	0.00333	0.00499	0.01912	0.01164	0.00998
12	0.01500	0.01076	0.01467	0.01489	0.01601	0.01177	0.01055	0.01729	0.01672	0.02336	0.03275	0.10335	0.03451	0.26550	0.35025	0.01351	0.02006	0.01442	0.00630	0.00831
13	0.09214	0.01868	0.02690	0.29858	0.04821	0.01997	0.02150	0.03542	0.02393	0.20837	0.02597	0.02913	0.01798	0.01106	0.00995	0.00322	0.01125	0.00916	0.00778	0.08080
14	0.30200	0.01895	0.02104	0.01691	0.02445	0.01872	0.01395	0.04359	0.02550	0.36699	0.03123	0.02868	0.02046	0.01182	0.00904	0.00327	0.00868	0.00873	0.01055	0.01545
15	0.02076	0.02065	0.07486	0.13697	0.07500	0.01936	0.02017	0.07290	0.09040	0.03649	0.12711	0.10097	0.06628	0.02242	0.06432	0.00474	0.01165	0.01417	0.00808	0.01270
16	0.01656	0.00986	0.01437	0.01508	0.01577	0.01008	0.01078	0.01565	0.01663	0.02244	0.03161	0.15876	0.03403	0.04307	0.13263	0.36870	0.01212	0.05882	0.00630	0.00675
17	0.12448	0.08334	0.03286	0.13174	0.11292	0.13408	0.06632	0.03092	0.02330	0.03151	0.02370	0.08696	0.02224	0.01333	0.01010	0.00331	0.01304	0.03734	0.00602	0.01249

[dist]
# distance from previous block
# <min> <max>
0	18

[block]
# block no. 10 follows, 13 sequences, length 10
# corresponding to MSA columns:
# 546-555
name=unknown_K
#
# <colnr> <probs for GDERKNQSTAVLIFYWHMCP>
#	G	D	E	R	K	N	Q	S	T	A	V	L	I	F	Y	W	H	M	C	P
0	0.43441	0.02042	0.02179	0.01746	0.02504	0.02112	0.05320	0.03421	0.02127	0.13555	0.02056	0.02206	0.01500	0.01002	0.00792	0.00304	0.00904	0.00720	0.00755	0.11313
1	0.02249	0.06542	0.14711	0.15246	0.04655	0.02465	0.15901	0.03346	0.09865	0.03185	0.02443	0.03255	0.01978	0.07790	0.01549	0.00417	0.01397	0.01071	0.00589	0.01346
2	0.02160	0.07702	0.10969	0.10093	0.03316	0.08094	0.01978	0.02833	0.05768	0.02997	0.03163	0.20202	0.03200	0.01697	0.01054	0.00325	0.01096	0.01442	0.00690	0.11222
3	0.01974	0.01187	0.01566	0.01411	0.01744	0.01080	0.01080	0.02460	0.02998	0.12002	0.48107	0.07265	0.08893	0.02036	0.01220	0.00332	0.00558	0.01787	0.01185	0.01116
4	0.04744	0.01799	0.02454	0.01881	0.02699	0.01554	0.01554	0.05153	0.03026	0.56979	0.04171	0.03599	0.02617	0.01309	0.01063	0.00327	0.00900	0.01063	0.01309	0.01799
5	0.01434	0.01052	0.01344	0.01326	0.01555	0.00962	0.00974	0.01853	0.02763	0.03824	0.42197	0.17487	0.14465	0.02416	0.01265	0.00352	0.00523	0.02135	0.01113	0.00962
6	0.02617	0.02512	0.04292	0.06490	0.56246	0.02512	0.03245	0.03245	0.02407	0.03454	0.01989	0.02617	0.01675	0.00942	0.01047	0.00314	0.01256	0.00942	0.00523	0.01675
7	0.01614	0.01181	0.01439	0.01372	0.01615	0.01141	0.00998	0.05079	0.02647	0.03616	0.30168	0.12392	0.14139	0.12163	0.05276	0.00533	0.00777	0.01888	0.00998	0.00963
8	0.01527	0.01069	0.01375	0.01375	0.01452	0.01146	0.00917	0.01680	0.01603	0.02214	0.03129	0.05796	0.03356	0.40540	0.27017	0.01299	0.01759	0.01373	0.00611	0.00764
9	0.02792	0.02768	0.02747	0.18819	0.08418	0.20229	0.02116	0.03279	0.02701	0.07523	0.14317	0.03733	0.03477	0.01331	0.01067	0.00317	0.01308	0.01089	0.00726	0.01244

[dist]
# distance from previous block
# <min> <max>
0	1

[block]
# block no. 11 follows, 13 sequences, length 20
# corresponding to MSA columns:
# 557-576
name=unknown_L
#
# <colnr> <probs for GDERKNQSTAVLIFYWHMCP>
#	G	D	E	R	K	N	Q	S	T	A	V	L	I	F	Y	W	H	M	C	P
0	0.23905	0.02101	0.02363	0.02242	0.07129	0.02223	0.01666	0.10861	0.08777	0.18341	0.03078	0.03597	0.02362	0.01335	0.00974	0.00343	0.00942	0.05315	0.00949	0.01499
1	0.09082	0.26676	0.23401	0.02218	0.03323	0.02958	0.02464	0.03555	0.02292	0.12010	0.02071	0.02206	0.01539	0.01015	0.00858	0.00291	0.01220	0.00726	0.00610	0.01485
2	0.01997	0.01746	0.02776	0.12932	0.22913	0.01784	0.02154	0.02577	0.02630	0.03694	0.26823	0.05094	0.05473	0.01525	0.01141	0.00329	0.00931	0.01391	0.00811	0.01279
3	0.03501	0.02704	0.02881	0.02328	0.03081	0.03037	0.01884	0.35146	0.23390	0.05827	0.03197	0.03063	0.02331	0.01331	0.01064	0.00333	0.01042	0.01043	0.01064	0.01752
4	0.02874	0.02283	0.02558	0.01889	0.02794	0.02107	0.01535	0.21340	0.03229	0.04646	0.02125	0.02322	0.01653	0.00964	0.00886	0.00217	0.00925	0.00748	0.00787	0.44117
5	0.02827	0.63478	0.05540	0.01809	0.02714	0.04184	0.01809	0.03166	0.02148	0.02488	0.01470	0.01696	0.01357	0.00905	0.00678	0.00226	0.01131	0.00565	0.00452	0.01357
6	0.70310	0.02045	0.01554	0.01390	0.02045	0.02372	0.01145	0.03108	0.01799	0.04744	0.01472	0.01718	0.01145	0.00981	0.00654	0.00327	0.00818	0.00573	0.00654	0.01145
7	0.02049	0.01950	0.03182	0.50861	0.06543	0.02495	0.02834	0.02676	0.02033	0.02676	0.01799	0.02736	0.01406	0.01187	0.01453	0.00370	0.11172	0.00937	0.00469	0.01172
8	0.03158	0.02135	0.02459	0.01920	0.02734	0.02045	0.01546	0.12142	0.15541	0.15938	0.03080	0.02984	0.02239	0.01137	0.00961	0.00270	0.00884	0.00914	0.00956	0.26956
9	0.02855	0.03387	0.23989	0.12590	0.09071	0.02238	0.08722	0.03698	0.02461	0.16936	0.02510	0.02782	0.01736	0.01072	0.01060	0.00336	0.01368	0.00947	0.00687	0.01553
10	0.02765	0.58370	0.10104	0.01915	0.02878	0.04031	0.01994	0.03182	0.02156	0.02563	0.01508	0.01743	0.01355	0.00913	0.00707	0.00236	0.01169	0.00584	0.00452	0.01375
11	0.02121	0.05469	0.57364	0.03014	0.04576	0.02455	0.03906	0.03348	0.02232	0.03348	0.01897	0.02232	0.01339	0.01005	0.01005	0.00335	0.01563	0.00781	0.00446	0.01563
12	0.01586	0.01458	0.05805	0.01713	0.02049	0.01177	0.01500	0.02078	0.02534	0.03415	0.20612	0.15660	0.11441	0.02572	0.01330	0.00411	0.00798	0.21864	0.00991	0.01006
13	0.03959	0.01903	0.02484	0.02030	0.02695	0.01878	0.01681	0.08297	0.07077	0.38000	0.03983	0.04401	0.02900	0.01549	0.01316	0.00359	0.06056	0.06634	0.01159	0.01638
14	0.02603	0.01313	0.01676	0.01500	0.01950	0.01150	0.01153	0.02944	0.02657	0.23249	0.14770	0.18137	0.18169	0.02213	0.01200	0.00357	0.00681	0.01903	0.01134	0.01241
15	0.04288	0.02268	0.02712	0.02108	0.02916	0.02284	0.01732	0.22653	0.08348	0.33792	0.03584	0.03241	0.02371	0.01305	0.01062	0.00326	0.00991	0.01034	0.01196	0.01788
16	0.01833	0.01234	0.01392	0.01337	0.01619	0.01214	0.01011	0.06627	0.02562	0.03638	0.14505	0.07138	0.14651	0.11986	0.01804	0.00445	0.00707	0.07069	0.18242	0.00987
17	0.02818	0.01726	0.02174	0.01894	0.02329	0.01810	0.01487	0.13580	0.02941	0.16359	0.09861	0.18855	0.04314	0.02556	0.06541	0.00487	0.06294	0.01631	0.01012	0.01331
