[name]
unknown

[dist]
# distance from previous block
# <min> <max>
2	138

[block]
# block no. 0 follows, 12 sequences, length 77
# corresponding to MSA columns:
# 177-205,207-254
name=unknown_A
#
# <colnr> <probs for GDERKNQSTAVLIFYWHMCP>
#	G	D	E	R	K	N	Q	S	T	A	V	L	I	F	Y	W	H	M	C	P
0	0.02134	0.01635	0.06036	0.05856	0.02524	0.01378	0.01550	0.02657	0.02652	0.11708	0.25694	0.10896	0.06241	0.03007	0.10473	0.00585	0.01140	0.01645	0.00995	0.01194
1	0.02288	0.02646	0.11546	0.16873	0.04211	0.02343	0.02332	0.03994	0.22680	0.03688	0.03796	0.03928	0.07136	0.01371	0.01085	0.00348	0.01108	0.01147	0.00794	0.06686
2	0.01328	0.00949	0.01265	0.01518	0.01581	0.00886	0.01012	0.01518	0.02088	0.02783	0.06010	0.60969	0.07212	0.03416	0.01392	0.00443	0.00633	0.03100	0.01012	0.00886
3	0.17620	0.01977	0.02110	0.01574	0.02475	0.01681	0.01267	0.02851	0.02168	0.03859	0.01842	0.02149	0.01516	0.00854	0.00777	0.00202	0.00816	0.00633	0.00653	0.52977
4	0.69383	0.02109	0.01603	0.01434	0.02109	0.02446	0.01181	0.03205	0.01856	0.04892	0.01518	0.01771	0.01181	0.01012	0.00675	0.00337	0.00843	0.00590	0.00675	0.01181
5	0.02944	0.20146	0.03731	0.22649	0.04458	0.02810	0.02190	0.07096	0.02660	0.12586	0.06450	0.03095	0.02393	0.01197	0.00989	0.00315	0.01179	0.00956	0.00737	0.01418
6	0.02454	0.01533	0.01945	0.01714	0.02100	0.01568	0.01359	0.02775	0.02515	0.16583	0.10921	0.10908	0.23309	0.02237	0.01687	0.00385	0.12008	0.01765	0.01013	0.01221
7	0.01586	0.01057	0.01189	0.01189	0.01189	0.01057	0.00661	0.01586	0.01586	0.02114	0.03436	0.07135	0.03964	0.61681	0.05550	0.01057	0.01057	0.01586	0.00661	0.00661
8	0.03491	0.33922	0.04409	0.02335	0.03083	0.30665	0.01986	0.03806	0.02650	0.02617	0.01600	0.01857	0.01402	0.01028	0.00841	0.00257	0.01564	0.00642	0.00514	0.01332
9	0.01919	0.01706	0.02861	0.02298	0.02810	0.01635	0.14257	0.02769	0.07389	0.04157	0.36114	0.06408	0.07390	0.01817	0.01270	0.00352	0.00895	0.01725	0.01021	0.01207
10	0.02254	0.02268	0.07050	0.01748	0.02774	0.01550	0.01536	0.02809	0.02265	0.03544	0.01940	0.02265	0.01594	0.00828	0.00828	0.00178	0.00879	0.00660	0.00629	0.62402
11	0.01430	0.01053	0.01338	0.01388	0.01590	0.00962	0.00995	0.01793	0.02640	0.03596	0.30729	0.27646	0.15341	0.02734	0.01325	0.00383	0.00563	0.02427	0.01106	0.00962
12	0.02059	0.01938	0.03270	0.59060	0.07510	0.02422	0.03028	0.02786	0.02180	0.02786	0.01938	0.02907	0.01453	0.01090	0.01090	0.00363	0.01453	0.00969	0.00484	0.01211
13	0.01567	0.01263	0.01766	0.14559	0.02936	0.01295	0.01447	0.02012	0.02541	0.03389	0.23492	0.19640	0.15309	0.02338	0.01266	0.00375	0.00763	0.02062	0.00960	0.01018
14	0.02915	0.62337	0.05714	0.01866	0.02799	0.04314	0.01866	0.03265	0.02215	0.02565	0.01516	0.01749	0.01399	0.00933	0.00700	0.00233	0.01166	0.00583	0.00466	0.01399
15	0.01336	0.01092	0.01180	0.01189	0.01510	0.00936	0.00880	0.01645	0.02551	0.03174	0.17971	0.14786	0.42500	0.02731	0.01298	0.00371	0.00553	0.02319	0.01045	0.00936
16	0.02311	0.01209	0.01625	0.01618	0.01910	0.01092	0.01173	0.02593	0.02459	0.17200	0.10039	0.40599	0.06279	0.02748	0.01302	0.00405	0.00701	0.02454	0.01121	0.01161
17	0.02385	0.02385	0.03340	0.02863	0.02863	0.03340	0.02385	0.02624	0.01670	0.02624	0.01431	0.02385	0.01431	0.01908	0.03578	0.00477	0.59685	0.00954	0.00477	0.01193
18	0.02059	0.01938	0.03270	0.59060	0.07510	0.02422	0.03028	0.02786	0.02180	0.02786	0.01938	0.02907	0.01453	0.01090	0.01090	0.00363	0.01453	0.00969	0.00484	0.01211
19	0.01543	0.01115	0.01457	0.01372	0.01629	0.01029	0.01029	0.02058	0.03086	0.04372	0.54304	0.08145	0.10288	0.02229	0.01286	0.00343	0.00514	0.01972	0.01200	0.01029
20	0.01798	0.01304	0.01635	0.01483	0.01800	0.01259	0.01131	0.06871	0.03286	0.04617	0.49245	0.07604	0.09463	0.02139	0.01267	0.00341	0.00581	0.01875	0.01190	0.01110
21	0.02038	0.01898	0.03097	0.48120	0.06495	0.02370	0.02770	0.02699	0.02223	0.02928	0.07078	0.03377	0.02327	0.01279	0.01341	0.00372	0.06775	0.01067	0.00555	0.01191
22	0.01781	0.01021	0.01532	0.01532	0.01597	0.01087	0.01087	0.01597	0.01532	0.02108	0.02239	0.03640	0.02173	0.05261	0.22085	0.45946	0.01609	0.01021	0.00511	0.00641
23	0.02256	0.02272	0.04727	0.03545	0.04288	0.02140	0.34155	0.02812	0.02291	0.03096	0.02749	0.12141	0.02572	0.01824	0.01834	0.12487	0.01490	0.01512	0.00610	0.01201
24	0.01892	0.01712	0.02812	0.45893	0.06153	0.02071	0.02567	0.02496	0.02159	0.02785	0.02870	0.16193	0.02771	0.01622	0.01159	0.00382	0.01266	0.01457	0.00605	0.01137
25	0.04742	0.02285	0.02656	0.02077	0.02897	0.06958	0.01696	0.09774	0.03317	0.45879	0.03892	0.03441	0.02495	0.01324	0.01085	0.00331	0.01051	0.01048	0.01251	0.01800
26	0.02894	0.02525	0.04257	0.06269	0.50239	0.02503	0.03191	0.03522	0.02540	0.08200	0.02251	0.02789	0.01814	0.01005	0.01081	0.00325	0.01263	0.00983	0.00612	0.01739
27	0.02957	0.01578	0.02400	0.20495	0.03876	0.01651	0.01850	0.03178	0.02242	0.20266	0.02718	0.03314	0.02020	0.02083	0.02157	0.23152	0.01107	0.01004	0.00772	0.01180
28	0.02347	0.02499	0.05039	0.28605	0.06497	0.02610	0.29808	0.03181	0.02400	0.03181	0.02088	0.02926	0.01566	0.00994	0.01200	0.00366	0.01669	0.01147	0.00522	0.01356
29	0.09390	0.02711	0.05283	0.04479	0.14408	0.02608	0.33306	0.03573	0.02526	0.07562	0.02266	0.02837	0.01700	0.00971	0.01173	0.00354	0.01569	0.01144	0.00621	0.01519
30	0.62913	0.02415	0.01750	0.01570	0.02234	0.07880	0.01273	0.03319	0.01978	0.04672	0.01535	0.01791	0.01203	0.01023	0.00705	0.00332	0.00955	0.00601	0.00664	0.01189
31	0.02404	0.02055	0.02355	0.07391	0.03062	0.02377	0.01743	0.04724	0.38256	0.04025	0.04206	0.09432	0.03466	0.02292	0.06707	0.00513	0.01100	0.01381	0.00990	0.01523
32	0.02663	0.02352	0.03361	0.03127	0.07692	0.03098	0.02397	0.02958	0.01889	0.07963	0.01773	0.02546	0.01584	0.01766	0.03100	0.00449	0.48435	0.00970	0.00569	0.01308
33	0.02699	0.02591	0.04426	0.06693	0.54879	0.02591	0.03346	0.03346	0.02483	0.03562	0.02051	0.02699	0.01727	0.00972	0.01079	0.00324	0.01295	0.00972	0.00540	0.01727
34	0.03529	0.02261	0.02565	0.02161	0.02873	0.02433	0.01722	0.10093	0.32782	0.20637	0.04217	0.03815	0.02989	0.01422	0.01104	0.00356	0.00916	0.01166	0.01182	0.01779
35	0.02346	0.02159	0.03583	0.05267	0.40352	0.02140	0.02712	0.02901	0.02473	0.03505	0.07857	0.13416	0.03524	0.01522	0.01154	0.00346	0.01103	0.01441	0.00687	0.01512
36	0.07808	0.06679	0.02842	0.11254	0.03578	0.02826	0.01936	0.09287	0.32676	0.04379	0.03431	0.03401	0.02585	0.01326	0.01042	0.00352	0.01010	0.01071	0.00928	0.01591
37	0.02059	0.01938	0.03270	0.59060	0.07510	0.02422	0.03028	0.02786	0.02180	0.02786	0.01938	0.02907	0.01453	0.01090	0.01090	0.00363	0.01453	0.00969	0.00484	0.01211
38	0.37946	0.02403	0.02274	0.01879	0.02624	0.02693	0.01541	0.18562	0.07523	0.09560	0.02344	0.02395	0.01704	0.01173	0.00877	0.00337	0.00963	0.00810	0.00897	0.01493
39	0.02187	0.05640	0.56031	0.03108	0.04719	0.02532	0.04029	0.03453	0.02302	0.03453	0.01957	0.02302	0.01381	0.01036	0.01036	0.00345	0.01611	0.00806	0.00460	0.01611
40	0.01871	0.01187	0.01562	0.01427	0.01742	0.01085	0.01085	0.02376	0.03090	0.09389	0.49410	0.07711	0.09545	0.02143	0.01267	0.00342	0.00555	0.01886	0.01215	0.01110
41	0.03054	0.02317	0.03200	0.33982	0.05626	0.02676	0.02560	0.19829	0.03292	0.09265	0.02400	0.02884	0.01712	0.01191	0.01091	0.00348	0.01315	0.00986	0.00778	0.01496
42	0.69383	0.02109	0.01603	0.01434	0.02109	0.02446	0.01181	0.03205	0.01856	0.04892	0.01518	0.01771	0.01181	0.01012	0.00675	0.00337	0.00843	0.00590	0.00675	0.01181
43	0.45321	0.02262	0.01993	0.01747	0.02425	0.02607	0.01412	0.08498	0.15809	0.04993	0.02404	0.02466	0.01819	0.01165	0.00831	0.00345	0.00883	0.00800	0.00831	0.01391
44	0.45184	0.02193	0.01916	0.01719	0.02372	0.02543	0.01379	0.04145	0.20386	0.04772	0.02578	0.02605	0.01960	0.01182	0.00833	0.00349	0.00851	0.00824	0.00833	0.01379
45	0.02108	0.01987	0.03358	0.55095	0.11096	0.02435	0.03052	0.02828	0.02203	0.02845	0.01947	0.02891	0.01474	0.01081	0.01089	0.00360	0.01442	0.00969	0.00489	0.01250
46	0.02699	0.02591	0.04426	0.06693	0.54879	0.02591	0.03346	0.03346	0.02483	0.03562	0.02051	0.02699	0.01727	0.00972	0.01079	0.00324	0.01295	0.00972	0.00540	0.01727
47	0.02895	0.01837	0.02256	0.01679	0.02546	0.01453	0.01350	0.03366	0.02570	0.17547	0.07585	0.03212	0.02735	0.01088	0.00931	0.00226	0.00812	0.00893	0.00887	0.44133
48	0.02031	0.01769	0.02955	0.49238	0.06472	0.02171	0.02673	0.02553	0.02051	0.02634	0.01930	0.02976	0.01529	0.01550	0.01630	0.11936	0.01367	0.00965	0.00483	0.01086
49	0.02507	0.01930	0.02361	0.05814	0.02961	0.01539	0.01449	0.03003	0.02340	0.08657	0.02172	0.02451	0.01711	0.00882	0.00857	0.00194	0.00866	0.00714	0.00704	0.56890
50	0.02574	0.02941	0.06434	0.04596	0.05699	0.02757	0.50919	0.03493	0.02574	0.03493	0.02206	0.02941	0.01654	0.00919	0.01287	0.00368	0.01838	0.01287	0.00551	0.01471
51	0.02699	0.02591	0.04426	0.06693	0.54879	0.02591	0.03346	0.03346	0.02483	0.03562	0.02051	0.02699	0.01727	0.00972	0.01079	0.00324	0.01295	0.00972	0.00540	0.01727
52	0.46947	0.02218	0.02457	0.07411	0.16013	0.02481	0.01882	0.03207	0.02042	0.04383	0.01688	0.02099	0.01342	0.01008	0.00811	0.00336	0.01008	0.00718	0.00625	0.01323
53	0.15393	0.02464	0.02803	0.02295	0.03042	0.02715	0.05392	0.15807	0.23646	0.10145	0.03296	0.03188	0.02402	0.01299	0.01038	0.00351	0.01018	0.01047	0.01008	0.01651
54	0.69383	0.02109	0.01603	0.01434	0.02109	0.02446	0.01181	0.03205	0.01856	0.04892	0.01518	0.01771	0.01181	0.01012	0.00675	0.00337	0.00843	0.00590	0.00675	0.01181
55	0.02013	0.01865	0.03109	0.53922	0.06986	0.02298	0.02850	0.02721	0.02261	0.02927	0.06602	0.03374	0.02240	0.01192	0.01108	0.00362	0.01370	0.01058	0.00548	0.01195
56	0.04663	0.02223	0.02758	0.02114	0.02967	0.02148	0.01747	0.19400	0.03736	0.40680	0.03785	0.03376	0.02440	0.01337	0.01095	0.00334	0.01011	0.01061	0.01270	0.01855
57	0.02059	0.01938	0.03270	0.59060	0.07510	0.02422	0.03028	0.02786	0.02180	0.02786	0.01938	0.02907	0.01453	0.01090	0.01090	0.00363	0.01453	0.00969	0.00484	0.01211
58	0.02386	0.02191	0.04314	0.03212	0.03987	0.02037	0.28845	0.03118	0.02804	0.08005	0.21284	0.04892	0.04872	0.01429	0.01271	0.00356	0.01285	0.01520	0.00851	0.01341
59	0.69383	0.02109	0.01603	0.01434	0.02109	0.02446	0.01181	0.03205	0.01856	0.04892	0.01518	0.01771	0.01181	0.01012	0.00675	0.00337	0.00843	0.00590	0.00675	0.01181
60	0.03616	0.02954	0.02948	0.02431	0.03166	0.08227	0.01969	0.32218	0.16146	0.05646	0.03200	0.03629	0.02495	0.01460	0.01116	0.00346	0.01178	0.04513	0.01038	0.01703
61	0.01303	0.01048	0.01163	0.01255	0.01512	0.00908	0.00895	0.01548	0.02341	0.02887	0.09218	0.28814	0.37296	0.02999	0.01326	0.00395	0.00581	0.02591	0.01012	0.00908
62	0.02120	0.02001	0.03381	0.54044	0.12047	0.02439	0.03059	0.02840	0.02209	0.02860	0.01949	0.02887	0.01480	0.01079	0.01089	0.00360	0.01438	0.00969	0.00490	0.01261
63	0.04641	0.02258	0.02779	0.02131	0.02984	0.02200	0.01760	0.20731	0.03794	0.39266	0.03736	0.03344	0.02415	0.01336	0.01095	0.00334	0.01019	0.01058	0.01263	0.01855
64	0.02261	0.01938	0.02261	0.01615	0.02584	0.01453	0.01292	0.02745	0.02261	0.03553	0.01938	0.02261	0.01615	0.00807	0.00807	0.00161	0.00807	0.00646	0.00646	0.68346
65	0.02156	0.02272	0.04699	0.03563	0.04317	0.02129	0.34166	0.02830	0.02410	0.03255	0.03483	0.22420	0.03520	0.01757	0.01322	0.00393	0.01434	0.01895	0.00706	0.01274
66	0.01844	0.01059	0.01543	0.01634	0.01725	0.01059	0.01241	0.01725	0.01816	0.02391	0.03302	0.06576	0.03484	0.03506	0.03261	0.43677	0.00968	0.17859	0.00666	0.00666
67	0.02224	0.02106	0.03568	0.45559	0.19723	0.02466	0.03110	0.02930	0.02258	0.02986	0.01967	0.02853	0.01524	0.01060	0.01087	0.00353	0.01413	0.00970	0.00499	0.01344
68	0.69383	0.02109	0.01603	0.01434	0.02109	0.02446	0.01181	0.03205	0.01856	0.04892	0.01518	0.01771	0.01181	0.01012	0.00675	0.00337	0.00843	0.00590	0.00675	0.01181
69	0.69383	0.02109	0.01603	0.01434	0.02109	0.02446	0.01181	0.03205	0.01856	0.04892	0.01518	0.01771	0.01181	0.01012	0.00675	0.00337	0.00843	0.00590	0.00675	0.01181
70	0.63071	0.02084	0.01693	0.01483	0.02175	0.02363	0.01222	0.03411	0.01979	0.09858	0.01791	0.01961	0.01329	0.01045	0.00716	0.00337	0.00852	0.00640	0.00741	0.01247
71	0.02226	0.01358	0.01737	0.01550	0.01941	0.01288	0.01193	0.02970	0.07865	0.13125	0.41007	0.06999	0.08328	0.02007	0.01237	0.00345	0.00618	0.01752	0.01217	0.01236
72	0.04272	0.02101	0.02474	0.01969	0.02706	0.05996	0.01594	0.08409	0.03273	0.40033	0.11377	0.04146	0.03656	0.01459	0.01115	0.00333	0.00969	0.01186	0.01245	0.01687
73	0.02181	0.02045	0.02789	0.02434	0.02434	0.02755	0.01944	0.02358	0.01648	0.02493	0.01945	0.03602	0.02080	0.17219	0.04083	0.00626	0.44668	0.01116	0.00524	0.01056
74	0.64254	0.02089	0.01676	0.01474	0.02162	0.02379	0.01214	0.03373	0.01956	0.08928	0.01740	0.01926	0.01302	0.01039	0.00708	0.00337	0.00850	0.00631	0.00728	0.01235
75	0.02261	0.01938	0.02261	0.01615	0.02584	0.01453	0.01292	0.02745	0.02261	0.03553	0.01938	0.02261	0.01615	0.00807	0.00807	0.00161	0.00807	0.00646	0.00646	0.68346
76	0.01967	0.01557	0.02179	0.12061	0.07115	0.01621	0.01669	0.07119	0.03001	0.04150	0.31938	0.10440	0.06967	0.01931	0.01224	0.00351	0.00820	0.01707	0.00996	0.01187

[dist]
# distance from previous block
# <min> <max>
0	1

[block]
# block no. 1 follows, 12 sequences, length 36
# corresponding to MSA columns:
# 256-291
name=unknown_B
#
# <colnr> <probs for GDERKNQSTAVLIFYWHMCP>
#	G	D	E	R	K	N	Q	S	T	A	V	L	I	F	Y	W	H	M	C	P
0	0.02120	0.01753	0.02079	0.01674	0.02399	0.01479	0.01338	0.02870	0.07472	0.03771	0.12157	0.04616	0.03879	0.01376	0.01001	0.00253	0.00781	0.06095	0.00832	0.42056
1	0.02059	0.01938	0.03270	0.59060	0.07510	0.02422	0.03028	0.02786	0.02180	0.02786	0.01938	0.02907	0.01453	0.01090	0.01090	0.00363	0.01453	0.00969	0.00484	0.01211
2	0.04137	0.03289	0.03252	0.02542	0.03380	0.09302	0.02076	0.46095	0.04903	0.06410	0.02515	0.02546	0.01805	0.01289	0.01079	0.00322	0.01284	0.00951	0.01033	0.01789
3	0.02238	0.02090	0.02950	0.02579	0.02601	0.02854	0.02112	0.02415	0.01652	0.02533	0.01650	0.02702	0.01628	0.02823	0.09729	0.08065	0.46823	0.00978	0.00489	0.01089
4	0.04314	0.02906	0.12250	0.02246	0.03197	0.07886	0.02096	0.04872	0.02970	0.40399	0.03591	0.03265	0.02319	0.01268	0.01073	0.00333	0.01165	0.01001	0.01103	0.01747
5	0.02283	0.02151	0.02795	0.02455	0.02645	0.02800	0.02002	0.03170	0.13172	0.03080	0.03176	0.03719	0.07225	0.02402	0.07130	0.00545	0.36136	0.01167	0.00680	0.01267
6	0.03583	0.06416	0.03769	0.04392	0.29242	0.02438	0.02544	0.08089	0.02907	0.21503	0.02829	0.02972	0.02047	0.01126	0.01061	0.00323	0.01153	0.00989	0.00857	0.01760
7	0.01328	0.00949	0.01265	0.01518	0.01581	0.00886	0.01012	0.01518	0.02088	0.02783	0.06010	0.60969	0.07212	0.03416	0.01392	0.00443	0.00633	0.03100	0.01012	0.00886
8	0.02407	0.02318	0.02714	0.02068	0.02915	0.07850	0.06805	0.02887	0.02372	0.03370	0.02343	0.08136	0.02152	0.01115	0.00938	0.00226	0.01034	0.00967	0.00662	0.46722
9	0.02477	0.02364	0.04025	0.24876	0.38431	0.02532	0.03236	0.03152	0.02378	0.03293	0.02012	0.02771	0.01632	0.01013	0.01083	0.00338	0.01350	0.00971	0.00521	0.01548
10	0.02949	0.02420	0.03396	0.30188	0.16140	0.06626	0.02732	0.08025	0.02729	0.10817	0.02342	0.02877	0.01722	0.01125	0.01081	0.00342	0.01360	0.00968	0.00683	0.01477
11	0.01609	0.01209	0.01501	0.01411	0.01707	0.01149	0.01063	0.02298	0.06891	0.04245	0.46138	0.08062	0.14135	0.02224	0.01273	0.00348	0.00545	0.01947	0.01175	0.01072
12	0.02098	0.02015	0.03512	0.54900	0.07371	0.02448	0.06686	0.02840	0.02210	0.02840	0.01958	0.02910	0.01469	0.01077	0.01105	0.00364	0.01483	0.00993	0.00490	0.01231
13	0.01830	0.01628	0.02641	0.41002	0.05649	0.01940	0.02395	0.02388	0.02151	0.02785	0.03216	0.21128	0.03261	0.01820	0.01185	0.00388	0.01196	0.01638	0.00650	0.01109
14	0.02187	0.01197	0.01621	0.01686	0.01951	0.01101	0.01255	0.02475	0.02381	0.14629	0.05594	0.40919	0.06066	0.02895	0.01343	0.00428	0.00754	0.09315	0.01086	0.01119
15	0.69383	0.02109	0.01603	0.01434	0.02109	0.02446	0.01181	0.03205	0.01856	0.04892	0.01518	0.01771	0.01181	0.01012	0.00675	0.00337	0.00843	0.00590	0.00675	0.01181
16	0.01463	0.01045	0.01420	0.01672	0.01794	0.01002	0.01246	0.01751	0.02220	0.02934	0.05935	0.45695	0.06918	0.03289	0.01428	0.00461	0.00749	0.17046	0.01010	0.00923
17	0.02448	0.02371	0.04340	0.18012	0.25395	0.02438	0.15501	0.03172	0.02415	0.03410	0.02214	0.02948	0.01749	0.01016	0.01105	0.00338	0.01397	0.01058	0.07207	0.01467
18	0.02060	0.01255	0.01405	0.01297	0.01614	0.01256	0.00992	0.07200	0.02867	0.04458	0.22375	0.05442	0.05494	0.01631	0.00990	0.00294	0.00579	0.01369	0.36317	0.01104
19	0.04892	0.01856	0.02530	0.01940	0.02783	0.01603	0.01603	0.05314	0.03121	0.55634	0.04302	0.03711	0.02699	0.01350	0.01096	0.00337	0.00928	0.01096	0.01350	0.01856
20	0.01325	0.00964	0.01250	0.01479	0.01571	0.00889	0.00995	0.01523	0.02126	0.02799	0.06492	0.56133	0.11736	0.03353	0.01382	0.00436	0.00625	0.03023	0.01012	0.00889
21	0.04008	0.02986	0.03195	0.02481	0.03329	0.03317	0.02039	0.46889	0.09705	0.06650	0.02792	0.02757	0.01996	0.01325	0.01093	0.00331	0.01168	0.01006	0.01093	0.01842
22	0.04892	0.01856	0.02530	0.01940	0.02783	0.01603	0.01603	0.05314	0.03121	0.55634	0.04302	0.03711	0.02699	0.01350	0.01096	0.00337	0.00928	0.01096	0.01350	0.01856
23	0.02598	0.02488	0.04243	0.14970	0.47392	0.02564	0.03296	0.03258	0.02435	0.03439	0.02033	0.02732	0.01684	0.00990	0.01081	0.00330	0.01320	0.00971	0.00531	0.01646
24	0.03230	0.01552	0.01928	0.01647	0.02225	0.01409	0.01298	0.03824	0.07029	0.28865	0.06051	0.11848	0.15554	0.01923	0.01151	0.00353	0.00768	0.01614	0.06282	0.01449
25	0.03580	0.02537	0.02684	0.07871	0.03185	0.14001	0.01877	0.03836	0.02533	0.22293	0.02677	0.02982	0.01971	0.01735	0.01945	0.10723	0.10449	0.00953	0.00821	0.01347
26	0.02187	0.05640	0.56031	0.03108	0.04719	0.02532	0.04029	0.03453	0.02302	0.03453	0.01957	0.02302	0.01381	0.01036	0.01036	0.00345	0.01611	0.00806	0.00460	0.01611
27	0.59103	0.02083	0.01857	0.10233	0.02933	0.02442	0.01463	0.03141	0.01905	0.04570	0.01582	0.01945	0.01222	0.01024	0.00738	0.00341	0.00937	0.00648	0.00646	0.01185
28	0.02155	0.02036	0.03444	0.51210	0.14610	0.02448	0.03076	0.02870	0.02226	0.02902	0.01955	0.02876	0.01495	0.01072	0.01089	0.00357	0.01430	0.00969	0.00493	0.01289
29	0.01406	0.01023	0.01238	0.01345	0.01473	0.00949	0.00896	0.01604	0.02157	0.02835	0.11813	0.32614	0.15775	0.16992	0.02347	0.00563	0.00705	0.02461	0.00950	0.00855
30	0.01492	0.01064	0.01343	0.01428	0.01570	0.01009	0.01005	0.01765	0.02310	0.03114	0.18601	0.25098	0.10432	0.16843	0.02357	0.00564	0.00738	0.07405	0.00978	0.00886
31	0.01464	0.01084	0.01365	0.01353	0.01595	0.00986	0.00993	0.01882	0.02813	0.03859	0.38715	0.17747	0.17065	0.02524	0.01305	0.00365	0.00541	0.02223	0.01136	0.00986
32	0.01506	0.01086	0.01425	0.01397	0.01621	0.01004	0.01026	0.01965	0.02915	0.04100	0.46034	0.17190	0.09761	0.02432	0.01304	0.00360	0.00535	0.02165	0.01168	0.01004
33	0.02756	0.50686	0.09722	0.08433	0.03494	0.03949	0.02181	0.03227	0.02219	0.02666	0.01601	0.01927	0.01404	0.00959	0.00772	0.00257	0.01236	0.00646	0.00468	0.01396
34	0.09376	0.11504	0.03378	0.02326	0.03135	0.08534	0.01936	0.31349	0.08989	0.05461	0.02460	0.02504	0.01836	0.01230	0.00991	0.00315	0.01205	0.00890	0.00918	0.01663
35	0.01564	0.01140	0.01377	0.01495	0.01602	0.01145	0.00984	0.02022	0.07674	0.02777	0.05035	0.37864	0.05767	0.21247	0.02648	0.00625	0.00790	0.02420	0.00914	0.00911

[dist]
# distance from previous block
# <min> <max>
0	1

[block]
# block no. 2 follows, 12 sequences, length 6
# corresponding to MSA columns:
# 293-298
name=unknown_C
#
# <colnr> <probs for GDERKNQSTAVLIFYWHMCP>
#	G	D	E	R	K	N	Q	S	T	A	V	L	I	F	Y	W	H	M	C	P
0	0.02881	0.05909	0.03145	0.18704	0.04323	0.02265	0.05284	0.03919	0.11689	0.14015	0.02866	0.03086	0.02090	0.01138	0.01029	0.00312	0.01121	0.00977	0.00809	0.14439
1	0.15112	0.01622	0.01649	0.01510	0.02013	0.01636	0.01162	0.02888	0.12111	0.03852	0.11188	0.10966	0.18933	0.01950	0.01088	0.00343	0.00702	0.01608	0.00944	0.08722
2	0.02712	0.02530	0.12773	0.06883	0.03347	0.01901	0.02158	0.03334	0.02507	0.15160	0.08349	0.04195	0.03127	0.01458	0.01331	0.00335	0.06902	0.05214	0.00830	0.14954
3	0.17503	0.03205	0.19159	0.02341	0.03443	0.02143	0.06684	0.03391	0.02298	0.09010	0.02110	0.02371	0.01558	0.00988	0.00921	0.00294	0.01171	0.00787	0.00657	0.19967
4	0.02396	0.02110	0.02702	0.02664	0.12719	0.01815	0.01738	0.03205	0.08005	0.03668	0.02241	0.02549	0.01830	0.00915	0.00894	0.00216	0.00908	0.00775	0.00678	0.47973
5	0.02732	0.02401	0.03280	0.03866	0.23684	0.02366	0.02286	0.08935	0.12455	0.04118	0.02542	0.02825	0.02018	0.01058	0.01006	0.00285	0.01057	0.00927	0.00742	0.21418

[dist]
# distance from previous block
# <min> <max>
23	84

[block]
# block no. 3 follows, 12 sequences, length 44
# corresponding to MSA columns:
# 397-440
name=unknown_D
#
# <colnr> <probs for GDERKNQSTAVLIFYWHMCP>
#	G	D	E	R	K	N	Q	S	T	A	V	L	I	F	Y	W	H	M	C	P
0	0.01996	0.01134	0.01518	0.01574	0.01803	0.01034	0.01120	0.02272	0.02410	0.12466	0.12325	0.43473	0.06825	0.02883	0.01324	0.00410	0.00669	0.02586	0.01098	0.01079
1	0.02174	0.02055	0.03477	0.49682	0.15993	0.02453	0.03085	0.02886	0.02234	0.02925	0.01958	0.02870	0.01502	0.01069	0.01088	0.00356	0.01425	0.00969	0.00494	0.01304
2	0.02438	0.01939	0.03133	0.35083	0.14536	0.02171	0.02675	0.03068	0.02390	0.09299	0.03130	0.04130	0.05629	0.01346	0.01131	0.00363	0.01270	0.04254	0.00670	0.01345
3	0.03873	0.02058	0.02795	0.02197	0.02903	0.02015	0.05589	0.13738	0.06638	0.28570	0.03378	0.03384	0.02346	0.01746	0.01671	0.12339	0.01055	0.01072	0.01061	0.01571
4	0.08828	0.01819	0.02086	0.01795	0.02348	0.01836	0.01408	0.15062	0.03130	0.17710	0.04451	0.18494	0.06831	0.01926	0.01118	0.00357	0.00851	0.01611	0.06923	0.01415
5	0.10854	0.02026	0.03037	0.21235	0.17531	0.02159	0.02405	0.03432	0.02419	0.14901	0.02779	0.07757	0.02248	0.01302	0.01064	0.00351	0.01155	0.01131	0.00757	0.01455
6	0.09573	0.11242	0.03120	0.02402	0.03021	0.36783	0.01884	0.08093	0.02989	0.03336	0.01884	0.02150	0.01536	0.01119	0.00913	0.00282	0.01585	0.00728	0.06055	0.01305
7	0.01910	0.01422	0.01829	0.06840	0.02476	0.01479	0.01441	0.10102	0.02649	0.03520	0.05053	0.41316	0.05706	0.02815	0.01325	0.00422	0.00837	0.06790	0.00978	0.01089
8	0.02080	0.02499	0.13125	0.01915	0.02832	0.01586	0.01851	0.02731	0.02431	0.03645	0.11129	0.04155	0.03446	0.01290	0.00997	0.00260	0.00941	0.05066	0.00733	0.37288
9	0.07696	0.01586	0.02114	0.01945	0.02070	0.01939	0.01516	0.02150	0.01916	0.02959	0.11067	0.08844	0.03648	0.03031	0.08027	0.15524	0.21034	0.01303	0.00673	0.00957
10	0.02000	0.01240	0.01663	0.01604	0.01930	0.01156	0.01285	0.02500	0.02942	0.10229	0.35805	0.08684	0.08345	0.02325	0.01320	0.00383	0.00690	0.13611	0.01168	0.01121
11	0.02506	0.22201	0.26909	0.03143	0.08442	0.03179	0.07076	0.03310	0.02254	0.03115	0.01801	0.02229	0.01445	0.01072	0.01200	0.00324	0.07004	0.00807	0.00478	0.01505
12	0.02044	0.01205	0.01542	0.01423	0.01762	0.01093	0.01079	0.02496	0.02897	0.11863	0.35272	0.12008	0.12126	0.02178	0.01230	0.00347	0.00590	0.01900	0.05813	0.01132
13	0.01525	0.01116	0.01466	0.01628	0.01837	0.01057	0.01279	0.01901	0.02470	0.03255	0.14639	0.26614	0.13656	0.02975	0.01405	0.00439	0.00746	0.19993	0.01040	0.00960
14	0.03166	0.07256	0.02909	0.01996	0.02828	0.02299	0.01659	0.13285	0.02942	0.12918	0.02397	0.02550	0.01813	0.01119	0.01171	0.00262	0.06554	0.00816	0.00827	0.31234
15	0.02680	0.02361	0.04129	0.03049	0.03950	0.02153	0.23658	0.07394	0.02705	0.08181	0.02808	0.09756	0.02417	0.01260	0.01142	0.00317	0.01294	0.01296	0.00746	0.18702
16	0.01985	0.02740	0.16444	0.07822	0.03574	0.02033	0.08705	0.02637	0.02231	0.03122	0.04227	0.04850	0.13680	0.06616	0.01790	0.00423	0.08206	0.01322	0.06375	0.01219
17	0.44167	0.09777	0.07697	0.02170	0.03030	0.02730	0.09962	0.03283	0.02060	0.04249	0.01673	0.02014	0.01305	0.00989	0.00813	0.00331	0.01119	0.00727	0.00610	0.01294
18	0.02122	0.01151	0.01547	0.01612	0.01849	0.01045	0.01144	0.02363	0.02318	0.14552	0.05629	0.48219	0.06207	0.02956	0.01326	0.00419	0.00698	0.02654	0.01087	0.01102
19	0.03559	0.04119	0.02854	0.02586	0.03169	0.36693	0.01963	0.04898	0.21899	0.03383	0.02725	0.02760	0.02131	0.01258	0.01031	0.00314	0.01550	0.00903	0.00769	0.01438
20	0.01543	0.01115	0.01457	0.01372	0.01629	0.01029	0.01029	0.02058	0.03086	0.04372	0.54304	0.08145	0.10288	0.02229	0.01286	0.00343	0.00514	0.01972	0.01200	0.01029
21	0.01558	0.01168	0.01752	0.01752	0.01947	0.01363	0.01363	0.01947	0.01752	0.02531	0.02921	0.04283	0.02726	0.08178	0.57360	0.01752	0.02921	0.01168	0.00584	0.00974
22	0.08844	0.13338	0.03592	0.02435	0.02972	0.03453	0.02077	0.20184	0.03020	0.04327	0.01878	0.02302	0.01555	0.01442	0.01924	0.00368	0.23244	0.00866	0.00712	0.01465
23	0.01406	0.01109	0.01267	0.01228	0.01545	0.00970	0.00921	0.01792	0.02763	0.03604	0.31000	0.09410	0.34072	0.02516	0.01287	0.00357	0.00535	0.02149	0.01099	0.00970
24	0.01328	0.00949	0.01265	0.01518	0.01581	0.00886	0.01012	0.01518	0.02088	0.02783	0.06010	0.60969	0.07212	0.03416	0.01392	0.00443	0.00633	0.03100	0.01012	0.00886
25	0.02306	0.02296	0.04211	0.36094	0.16990	0.02532	0.13684	0.03059	0.02330	0.03104	0.02021	0.02871	0.01555	0.01028	0.01131	0.00356	0.01506	0.01040	0.00511	0.01376
26	0.01922	0.01718	0.02698	0.27351	0.04570	0.02172	0.02277	0.02435	0.01928	0.02660	0.02229	0.03348	0.01940	0.03960	0.23183	0.00918	0.12010	0.01043	0.00522	0.01117
27	0.02662	0.20987	0.04266	0.20460	0.04603	0.09767	0.06332	0.03149	0.02242	0.02733	0.01711	0.02350	0.01443	0.01177	0.01413	0.00334	0.11743	0.00842	0.00492	0.01293
28	0.02306	0.01854	0.02453	0.16643	0.03694	0.02114	0.01900	0.11542	0.09754	0.04031	0.13375	0.04394	0.03878	0.02981	0.13551	0.00660	0.01458	0.01257	0.00848	0.01307
29	0.01328	0.00949	0.01265	0.01518	0.01581	0.00886	0.01012	0.01518	0.02088	0.02783	0.06010	0.60969	0.07212	0.03416	0.01392	0.00443	0.00633	0.03100	0.01012	0.00886
30	0.02073	0.01245	0.01553	0.01400	0.01793	0.01102	0.01077	0.02506	0.02928	0.13163	0.33512	0.07993	0.21009	0.02217	0.01253	0.00349	0.00599	0.01905	0.01176	0.01147
31	0.01892	0.01175	0.01547	0.01567	0.01843	0.01082	0.01195	0.02274	0.02640	0.09726	0.21929	0.24671	0.11474	0.02660	0.01332	0.00401	0.00684	0.09723	0.01113	0.01071
32	0.02712	0.02342	0.02465	0.02219	0.02835	0.02712	0.01726	0.05794	0.52909	0.04561	0.04438	0.04068	0.03328	0.01479	0.01109	0.00370	0.00863	0.01233	0.01109	0.01726
33	0.02252	0.02078	0.03486	0.33029	0.16125	0.02271	0.06829	0.02937	0.02293	0.03192	0.02126	0.02907	0.01660	0.01040	0.01049	0.00327	0.01309	0.00970	0.06397	0.07724
34	0.14462	0.13448	0.09850	0.06261	0.03571	0.02742	0.06345	0.10334	0.02811	0.16504	0.02480	0.02594	0.01762	0.01120	0.00963	0.00323	0.01192	0.00877	0.00807	0.01554
35	0.13668	0.01995	0.02468	0.01920	0.02743	0.01874	0.01586	0.09040	0.03123	0.44414	0.03773	0.03350	0.02417	0.01300	0.01038	0.00336	0.00940	0.01017	0.01234	0.01763
36	0.01890	0.01129	0.01465	0.01509	0.01755	0.01019	0.01081	0.02175	0.02446	0.10946	0.13936	0.38080	0.12679	0.02843	0.01319	0.00402	0.00649	0.02528	0.01092	0.01057
37	0.02939	0.21682	0.25026	0.07832	0.04015	0.02874	0.02791	0.03706	0.02429	0.13605	0.02293	0.02476	0.01658	0.01073	0.00951	0.00312	0.01324	0.00812	0.00643	0.01558
38	0.03432	0.02250	0.07883	0.02299	0.03079	0.01842	0.08457	0.08126	0.02908	0.25960	0.03780	0.11047	0.02968	0.01523	0.01116	0.00345	0.01052	0.01342	0.09041	0.01550
39	0.01347	0.00963	0.01282	0.01505	0.01586	0.00898	0.01014	0.01565	0.02175	0.02922	0.10232	0.56351	0.07481	0.03312	0.01382	0.00434	0.00622	0.03001	0.01029	0.00898
40	0.13810	0.02200	0.08680	0.02033	0.02737	0.01808	0.05943	0.03297	0.05801	0.12950	0.13358	0.05491	0.10934	0.01692	0.01124	0.00360	0.00951	0.04550	0.00947	0.01335
41	0.02896	0.10926	0.28629	0.11870	0.04487	0.02507	0.03029	0.03763	0.02466	0.15633	0.02458	0.02670	0.01708	0.01107	0.01019	0.00333	0.01370	0.00875	0.00676	0.01578
42	0.02662	0.02062	0.03330	0.37764	0.05990	0.02348	0.06883	0.03636	0.08452	0.11990	0.02661	0.03185	0.01906	0.01165	0.01111	0.00360	0.01328	0.01050	0.00711	0.01405
43	0.01328	0.00949	0.01265	0.01518	0.01581	0.00886	0.01012	0.01518	0.02088	0.02783	0.06010	0.60969	0.07212	0.03416	0.01392	0.00443	0.00633	0.03100	0.01012	0.00886

[dist]
# distance from previous block
# <min> <max>
0	59

# created by:
# /st0/software/busco_prod/Augustus/scripts/msa2prfl.pl ./align_prep/6003.fa
