[name]
unknown

[dist]
# distance from previous block
# <min> <max>
0	116

[block]
# block no. 0 follows, 12 sequences, length 7
# corresponding to MSA columns:
# 116-122
name=unknown_A
#
# <colnr> <probs for GDERKNQSTAVLIFYWHMCP>
#	G	D	E	R	K	N	Q	S	T	A	V	L	I	F	Y	W	H	M	C	P
0	0.03171	0.02615	0.08615	0.07679	0.07309	0.02387	0.06200	0.12998	0.10459	0.14506	0.03417	0.04297	0.02689	0.01456	0.01157	0.00366	0.01194	0.06945	0.00934	0.01608
1	0.02715	0.02332	0.08964	0.01953	0.02702	0.01909	0.01744	0.08661	0.12466	0.12805	0.12698	0.05046	0.11256	0.01623	0.01120	0.00331	0.00896	0.01345	0.01018	0.08416
2	0.11269	0.15246	0.07755	0.02150	0.02953	0.02365	0.08169	0.03332	0.02442	0.14214	0.04008	0.08742	0.09942	0.01518	0.01031	0.00333	0.01066	0.01271	0.00815	0.01380
3	0.02242	0.07309	0.05864	0.24008	0.07339	0.05996	0.02254	0.02814	0.02331	0.03021	0.03226	0.03677	0.09248	0.01256	0.01017	0.00302	0.01198	0.01037	0.00601	0.15259
4	0.01772	0.01209	0.01481	0.01450	0.01608	0.01255	0.00998	0.02115	0.08193	0.02536	0.04154	0.05734	0.10500	0.21274	0.10838	0.20784	0.01173	0.01402	0.00704	0.00820
5	0.11724	0.01680	0.01613	0.01684	0.01907	0.08319	0.01206	0.02160	0.02076	0.02959	0.04053	0.32886	0.04570	0.03313	0.07424	0.07570	0.01106	0.02002	0.00805	0.00943
6	0.03000	0.07940	0.15429	0.02751	0.07747	0.02651	0.02408	0.13334	0.13868	0.09738	0.03179	0.07768	0.02550	0.01403	0.01075	0.00343	0.01152	0.01150	0.00871	0.01642

[dist]
# distance from previous block
# <min> <max>
0	10

[block]
# block no. 1 follows, 12 sequences, length 9
# corresponding to MSA columns:
# 133-141
name=unknown_B
#
# <colnr> <probs for GDERKNQSTAVLIFYWHMCP>
#	G	D	E	R	K	N	Q	S	T	A	V	L	I	F	Y	W	H	M	C	P
0	0.03147	0.11544	0.09919	0.02345	0.06305	0.02403	0.01974	0.12568	0.03006	0.15304	0.08273	0.03893	0.03081	0.09566	0.01656	0.00419	0.01103	0.01111	0.00887	0.01495
1	0.02851	0.02919	0.13823	0.10027	0.04005	0.02272	0.05637	0.13143	0.03023	0.09678	0.06347	0.03078	0.02374	0.01169	0.01050	0.00307	0.01199	0.00983	0.00788	0.15327
2	0.02201	0.02546	0.10372	0.14997	0.11235	0.02250	0.09103	0.03343	0.11538	0.03412	0.03656	0.10907	0.06619	0.01535	0.01165	0.00368	0.01226	0.01409	0.00718	0.01401
3	0.01627	0.01262	0.01715	0.09383	0.02507	0.01295	0.01349	0.02250	0.06317	0.03624	0.26868	0.25246	0.07507	0.02425	0.01282	0.00382	0.00709	0.02167	0.01031	0.01056
4	0.01416	0.01005	0.01303	0.01438	0.01541	0.00944	0.00969	0.01661	0.02269	0.03089	0.17674	0.40612	0.07541	0.10936	0.01923	0.00500	0.00660	0.02616	0.01012	0.00891
5	0.01911	0.01300	0.01572	0.01479	0.01698	0.01376	0.01065	0.07143	0.02313	0.03331	0.10051	0.05552	0.04075	0.23603	0.17815	0.00950	0.01421	0.01374	0.10996	0.00975
6	0.03619	0.10840	0.04511	0.02998	0.03951	0.02863	0.18684	0.17134	0.03365	0.16974	0.02735	0.02876	0.01929	0.01134	0.01106	0.00331	0.01348	0.01060	0.00883	0.01661
7	0.01586	0.01057	0.01189	0.01189	0.01189	0.01057	0.00661	0.01586	0.01586	0.02114	0.03436	0.07135	0.03964	0.61681	0.05550	0.01057	0.01057	0.01586	0.00661	0.00661
8	0.03291	0.02384	0.03838	0.15658	0.17880	0.02441	0.09444	0.10297	0.02953	0.16814	0.02688	0.03018	0.01919	0.01129	0.01117	0.00342	0.01301	0.01048	0.00807	0.01631

[dist]
# distance from previous block
# <min> <max>
0	1

[block]
# block no. 2 follows, 12 sequences, length 29
# corresponding to MSA columns:
# 143-171
name=unknown_C
#
# <colnr> <probs for GDERKNQSTAVLIFYWHMCP>
#	G	D	E	R	K	N	Q	S	T	A	V	L	I	F	Y	W	H	M	C	P
0	0.08556	0.02548	0.02925	0.02722	0.08719	0.02772	0.01975	0.22087	0.18883	0.12447	0.03262	0.03158	0.02357	0.01307	0.01065	0.00342	0.01043	0.01044	0.01040	0.01751
1	0.12655	0.02648	0.09152	0.03141	0.11944	0.02229	0.08562	0.06698	0.02723	0.20318	0.02719	0.02836	0.01908	0.01103	0.01029	0.00325	0.01178	0.00955	0.00847	0.07030
2	0.02909	0.11728	0.21265	0.13183	0.04391	0.02708	0.02782	0.08130	0.07064	0.11744	0.02534	0.02742	0.01816	0.01144	0.01020	0.00332	0.01310	0.00904	0.00718	0.01576
3	0.02823	0.49022	0.04924	0.01849	0.02683	0.03781	0.01766	0.06970	0.02572	0.03165	0.08959	0.02710	0.02674	0.01144	0.00813	0.00256	0.01078	0.00809	0.00619	0.01384
4	0.01647	0.01822	0.09280	0.11913	0.03039	0.01434	0.01755	0.02123	0.02267	0.03103	0.13553	0.26553	0.05597	0.08876	0.01727	0.00464	0.00940	0.02021	0.00838	0.01047
5	0.09789	0.07058	0.07692	0.02138	0.03031	0.02428	0.01914	0.14519	0.07304	0.28101	0.03293	0.03065	0.02222	0.01262	0.01024	0.00331	0.01052	0.00974	0.01070	0.01730
6	0.02916	0.02191	0.03780	0.18461	0.19360	0.02226	0.10051	0.03542	0.02536	0.15159	0.02841	0.07175	0.02258	0.01254	0.01140	0.00352	0.01289	0.01200	0.00745	0.01523
7	0.01894	0.00947	0.01420	0.01420	0.01420	0.00947	0.00947	0.01420	0.01420	0.01894	0.01894	0.03314	0.01894	0.03788	0.04261	0.68277	0.00947	0.00947	0.00473	0.00473
8	0.02934	0.07814	0.03368	0.21126	0.08646	0.09165	0.02399	0.07294	0.10920	0.07661	0.02497	0.02876	0.01902	0.01230	0.01224	0.00344	0.05470	0.00958	0.00713	0.01458
9	0.02455	0.01632	0.01973	0.01698	0.02196	0.01602	0.01325	0.06837	0.11722	0.11671	0.31134	0.05989	0.06779	0.01806	0.01180	0.00332	0.00704	0.01553	0.01157	0.06256
10	0.01629	0.01042	0.01221	0.01221	0.01221	0.01042	0.00701	0.01563	0.01563	0.02083	0.03221	0.06603	0.03676	0.53615	0.05370	0.10422	0.01042	0.01497	0.00635	0.00635
11	0.15370	0.02696	0.02761	0.02240	0.03010	0.03037	0.01822	0.30602	0.17260	0.05905	0.02907	0.02853	0.02127	0.01301	0.01022	0.00340	0.01047	0.00979	0.01022	0.01700
12	0.02915	0.62337	0.05714	0.01866	0.02799	0.04314	0.01866	0.03265	0.02215	0.02565	0.01516	0.01749	0.01399	0.00933	0.00700	0.00233	0.01166	0.00583	0.00466	0.01399
13	0.03668	0.02014	0.02589	0.11158	0.03405	0.02064	0.01777	0.15241	0.03176	0.25910	0.03363	0.03929	0.02521	0.12031	0.01886	0.00467	0.01101	0.01135	0.01025	0.01539
14	0.02955	0.10803	0.29146	0.02708	0.03929	0.03024	0.02976	0.19463	0.06838	0.04569	0.02304	0.02472	0.01679	0.01147	0.01022	0.00329	0.01372	0.00870	0.00717	0.01677
15	0.01746	0.01468	0.01925	0.01831	0.01902	0.01752	0.01363	0.01927	0.01839	0.02554	0.04185	0.18037	0.09371	0.18627	0.07683	0.00713	0.19653	0.01776	0.00715	0.00935
16	0.69383	0.02109	0.01603	0.01434	0.02109	0.02446	0.01181	0.03205	0.01856	0.04892	0.01518	0.01771	0.01181	0.01012	0.00675	0.00337	0.00843	0.00590	0.00675	0.01181
17	0.69383	0.02109	0.01603	0.01434	0.02109	0.02446	0.01181	0.03205	0.01856	0.04892	0.01518	0.01771	0.01181	0.01012	0.00675	0.00337	0.00843	0.00590	0.00675	0.01181
18	0.02464	0.01725	0.02613	0.07088	0.06827	0.01783	0.05733	0.03096	0.06195	0.12490	0.04291	0.21763	0.04245	0.02166	0.01438	0.00408	0.05293	0.08162	0.00925	0.01296
19	0.03987	0.02976	0.03183	0.02477	0.03321	0.03307	0.02034	0.46228	0.10400	0.06617	0.02819	0.02778	0.02017	0.01328	0.01093	0.00332	0.01163	0.01009	0.01093	0.01840
20	0.03415	0.02412	0.03186	0.03537	0.18472	0.02524	0.02234	0.11698	0.19455	0.16175	0.03423	0.03362	0.02488	0.01273	0.01095	0.00342	0.01057	0.01086	0.00991	0.01775
21	0.04136	0.01652	0.02182	0.01734	0.02429	0.01456	0.01411	0.04580	0.02970	0.42671	0.07864	0.04102	0.03277	0.01400	0.01051	0.00323	0.00823	0.01147	0.13149	0.01645
22	0.03264	0.02926	0.12139	0.02896	0.07379	0.02445	0.07650	0.14527	0.09834	0.15142	0.07690	0.03522	0.02874	0.01309	0.01124	0.00344	0.01184	0.01131	0.00949	0.01670
23	0.01407	0.00992	0.01278	0.01436	0.01514	0.00938	0.00948	0.01606	0.02132	0.02878	0.12252	0.43447	0.07027	0.14250	0.02162	0.00545	0.00696	0.02657	0.00972	0.00863
24	0.02382	0.02964	0.17156	0.02205	0.03006	0.02205	0.02186	0.13476	0.06767	0.04303	0.13302	0.05110	0.13353	0.01722	0.01298	0.00355	0.04534	0.01378	0.00885	0.01413
25	0.02228	0.01410	0.02160	0.01924	0.02306	0.01273	0.06635	0.02471	0.02237	0.11683	0.04360	0.31593	0.04592	0.02609	0.01677	0.09842	0.00875	0.02041	0.00910	0.07174
26	0.20130	0.02412	0.02629	0.09969	0.03416	0.02695	0.01833	0.25029	0.03460	0.08993	0.02435	0.02889	0.01861	0.06073	0.01346	0.00394	0.01114	0.00938	0.00886	0.01499
27	0.02796	0.12774	0.13515	0.07380	0.03809	0.02714	0.05891	0.07708	0.12251	0.07675	0.02602	0.02774	0.01952	0.01114	0.00995	0.00307	0.01202	0.00914	0.00738	0.10888
28	0.02884	0.14150	0.19599	0.10422	0.04198	0.03083	0.02723	0.16464	0.08616	0.04246	0.02328	0.02568	0.01737	0.01148	0.01007	0.00326	0.01317	0.00883	0.00706	0.01596

[dist]
# distance from previous block
# <min> <max>
15	77

[block]
# block no. 3 follows, 12 sequences, length 18
# corresponding to MSA columns:
# 249-266
name=unknown_D
#
# <colnr> <probs for GDERKNQSTAVLIFYWHMCP>
#	G	D	E	R	K	N	Q	S	T	A	V	L	I	F	Y	W	H	M	C	P
0	0.03068	0.03470	0.23300	0.02452	0.03503	0.02294	0.02564	0.08896	0.12232	0.16574	0.07653	0.03513	0.02889	0.01325	0.01091	0.00346	0.01172	0.01075	0.00921	0.01664
1	0.10617	0.15045	0.03346	0.02408	0.06336	0.02890	0.01884	0.04206	0.14911	0.14077	0.02828	0.02888	0.02144	0.01316	0.01352	0.00344	0.10102	0.00933	0.00834	0.01538
2	0.08548	0.03041	0.11708	0.09934	0.14181	0.02828	0.02666	0.15973	0.07936	0.04454	0.02310	0.02669	0.01760	0.01212	0.01245	0.00351	0.05925	0.00939	0.00727	0.01593
3	0.10141	0.02098	0.03128	0.32442	0.15109	0.02412	0.02619	0.07102	0.02452	0.03540	0.02316	0.07631	0.01998	0.01275	0.01065	0.00356	0.01260	0.01107	0.00615	0.01336
4	0.01401	0.01002	0.01343	0.01556	0.01663	0.00944	0.01098	0.01664	0.02251	0.03022	0.11605	0.49363	0.07465	0.03233	0.01392	0.00438	0.00660	0.07951	0.01033	0.00916
5	0.02132	0.02053	0.03439	0.18177	0.22586	0.02105	0.07903	0.02728	0.02417	0.03187	0.04529	0.04936	0.16236	0.01491	0.01163	0.00351	0.01191	0.01374	0.00658	0.01344
6	0.02059	0.01938	0.03270	0.59060	0.07510	0.02422	0.03028	0.02786	0.02180	0.02786	0.01938	0.02907	0.01453	0.01090	0.01090	0.00363	0.01453	0.00969	0.00484	0.01211
7	0.04145	0.03054	0.03272	0.02509	0.03381	0.03381	0.02072	0.51243	0.05127	0.06872	0.02618	0.02618	0.01854	0.01309	0.01091	0.00327	0.01200	0.00982	0.01091	0.01854
8	0.69383	0.02109	0.01603	0.01434	0.02109	0.02446	0.01181	0.03205	0.01856	0.04892	0.01518	0.01771	0.01181	0.01012	0.00675	0.00337	0.00843	0.00590	0.00675	0.01181
9	0.01573	0.01109	0.01453	0.01453	0.01544	0.01200	0.00990	0.01755	0.01664	0.02310	0.03194	0.05799	0.03384	0.36616	0.29822	0.01383	0.01930	0.01390	0.00625	0.00807
10	0.03998	0.01614	0.02116	0.01694	0.02362	0.01429	0.01374	0.04446	0.02939	0.40284	0.08356	0.04160	0.03359	0.01407	0.01041	0.00320	0.00803	0.01153	0.15536	0.01606
11	0.69383	0.02109	0.01603	0.01434	0.02109	0.02446	0.01181	0.03205	0.01856	0.04892	0.01518	0.01771	0.01181	0.01012	0.00675	0.00337	0.00843	0.00590	0.00675	0.01181
12	0.02096	0.01232	0.01502	0.01486	0.01821	0.01126	0.01152	0.02423	0.02430	0.11804	0.06681	0.14448	0.19774	0.09380	0.01764	0.00470	0.00776	0.11664	0.06901	0.01069
13	0.03096	0.03235	0.02893	0.18225	0.04267	0.22242	0.02181	0.11577	0.06861	0.03582	0.03210	0.03489	0.07812	0.01363	0.01076	0.00329	0.01447	0.01050	0.00723	0.01343
14	0.02787	0.02465	0.03357	0.02754	0.03416	0.02735	0.11282	0.11794	0.26542	0.04423	0.03603	0.04291	0.02906	0.01532	0.01389	0.00385	0.06102	0.05721	0.00936	0.01581
15	0.02169	0.02440	0.08742	0.14509	0.15671	0.06324	0.02390	0.02790	0.02579	0.03471	0.16837	0.09859	0.04514	0.01602	0.01157	0.00348	0.01135	0.01416	0.00751	0.01298
16	0.02559	0.13184	0.15450	0.17928	0.04492	0.02476	0.02527	0.03260	0.02324	0.08255	0.02101	0.02503	0.01586	0.01013	0.00948	0.00289	0.01244	0.00805	0.00597	0.16461
17	0.02354	0.08869	0.02712	0.05988	0.06062	0.02127	0.01728	0.09418	0.06910	0.03701	0.03669	0.18582	0.03714	0.01890	0.01123	0.00344	0.00959	0.06660	0.00842	0.12347

[dist]
# distance from previous block
# <min> <max>
1	9

[block]
# block no. 4 follows, 12 sequences, length 34
# corresponding to MSA columns:
# 276-309
name=unknown_E
#
# <colnr> <probs for GDERKNQSTAVLIFYWHMCP>
#	G	D	E	R	K	N	Q	S	T	A	V	L	I	F	Y	W	H	M	C	P
0	0.02758	0.06536	0.02549	0.07352	0.02955	0.08088	0.01631	0.03569	0.10606	0.10996	0.03170	0.07505	0.02735	0.08131	0.06976	0.00525	0.01270	0.01157	0.00810	0.10681
1	0.01449	0.01055	0.01386	0.01576	0.01736	0.00992	0.01171	0.01758	0.02338	0.03089	0.11819	0.38511	0.12112	0.03123	0.01397	0.00438	0.00699	0.13385	0.01031	0.00933
2	0.03303	0.43183	0.04834	0.02182	0.02990	0.22077	0.01946	0.03630	0.02509	0.02600	0.01573	0.01822	0.01401	0.00997	0.00795	0.00249	0.01434	0.00623	0.00498	0.01354
3	0.01368	0.00973	0.01278	0.01480	0.01558	0.00912	0.00988	0.01576	0.02149	0.02890	0.10534	0.51912	0.07276	0.07525	0.01683	0.00478	0.00652	0.02880	0.01005	0.00883
4	0.02773	0.28930	0.16484	0.14992	0.04299	0.03176	0.02599	0.03428	0.02328	0.08706	0.02022	0.02355	0.01551	0.01038	0.00909	0.00300	0.01307	0.00778	0.00567	0.01457
5	0.09631	0.14548	0.03590	0.02756	0.10517	0.02412	0.06483	0.03601	0.02483	0.17160	0.02928	0.09130	0.02455	0.01321	0.00999	0.00315	0.01068	0.01128	0.00814	0.06662
6	0.01654	0.01284	0.01833	0.01780	0.01920	0.01530	0.01357	0.01961	0.01715	0.02470	0.02843	0.04558	0.02793	0.16589	0.42577	0.01493	0.08898	0.01216	0.00585	0.00945
7	0.02895	0.56264	0.05385	0.01901	0.02802	0.04152	0.01852	0.03521	0.07347	0.02767	0.01812	0.01984	0.01595	0.00988	0.00741	0.00247	0.01135	0.00649	0.00532	0.01432
8	0.03518	0.01734	0.02191	0.01819	0.02382	0.01689	0.01411	0.07508	0.07516	0.29307	0.03844	0.04497	0.02984	0.15650	0.08336	0.00658	0.01191	0.01219	0.01068	0.01477
9	0.01402	0.01002	0.01350	0.01603	0.01698	0.00949	0.01141	0.01646	0.02160	0.02866	0.05969	0.52576	0.07050	0.03346	0.01411	0.00453	0.00697	0.10764	0.01011	0.00906
10	0.02807	0.22109	0.03469	0.07618	0.03015	0.02711	0.01738	0.10880	0.03039	0.09015	0.17995	0.04136	0.04297	0.01443	0.01019	0.00305	0.00980	0.01158	0.00879	0.01387
11	0.01532	0.01080	0.01339	0.01363	0.01448	0.01111	0.00892	0.01673	0.01744	0.02350	0.04109	0.11761	0.07690	0.37611	0.18537	0.01131	0.01472	0.01673	0.00700	0.00784
12	0.02059	0.01938	0.03270	0.59060	0.07510	0.02422	0.03028	0.02786	0.02180	0.02786	0.01938	0.02907	0.01453	0.01090	0.01090	0.00363	0.01453	0.00969	0.00484	0.01211
13	0.01488	0.01090	0.01404	0.01437	0.01662	0.01007	0.01074	0.01902	0.02739	0.03749	0.33934	0.20666	0.14102	0.02631	0.01331	0.00384	0.00593	0.06707	0.01118	0.00982
14	0.02107	0.01964	0.03292	0.43940	0.15661	0.02307	0.02895	0.02768	0.02227	0.02928	0.02347	0.08402	0.02053	0.01290	0.01117	0.00364	0.01346	0.01173	0.00545	0.01275
15	0.56415	0.02297	0.01934	0.01648	0.02362	0.02632	0.01358	0.12754	0.02506	0.05286	0.01737	0.01940	0.01315	0.01071	0.00757	0.00335	0.00914	0.00668	0.00757	0.01315
16	0.02915	0.62337	0.05714	0.01866	0.02799	0.04314	0.01866	0.03265	0.02215	0.02565	0.01516	0.01749	0.01399	0.00933	0.00700	0.00233	0.01166	0.00583	0.00466	0.01399
17	0.69383	0.02109	0.01603	0.01434	0.02109	0.02446	0.01181	0.03205	0.01856	0.04892	0.01518	0.01771	0.01181	0.01012	0.00675	0.00337	0.00843	0.00590	0.00675	0.01181
18	0.02611	0.02825	0.03228	0.40208	0.06085	0.16880	0.02740	0.03185	0.02382	0.02743	0.01835	0.02622	0.01439	0.01159	0.01244	0.00350	0.05839	0.00898	0.00504	0.01224
19	0.02679	0.02463	0.03777	0.09030	0.14228	0.02625	0.12414	0.08408	0.19618	0.04087	0.03194	0.03917	0.02564	0.01321	0.01166	0.00365	0.01248	0.04502	0.00812	0.01583
20	0.01558	0.01168	0.01752	0.01752	0.01947	0.01363	0.01363	0.01947	0.01752	0.02531	0.02921	0.04283	0.02726	0.08178	0.57360	0.01752	0.02921	0.01168	0.00584	0.00974
21	0.01368	0.01061	0.01246	0.01298	0.01546	0.00939	0.00936	0.01681	0.02526	0.03275	0.20986	0.24885	0.28717	0.02815	0.01319	0.00384	0.00566	0.02452	0.01062	0.00939
22	0.04892	0.01856	0.02530	0.01940	0.02783	0.01603	0.01603	0.05314	0.03121	0.55634	0.04302	0.03711	0.02699	0.01350	0.01096	0.00337	0.00928	0.01096	0.01350	0.01856
23	0.04122	0.03744	0.03214	0.02605	0.03378	0.20737	0.02083	0.36151	0.04471	0.05519	0.02318	0.02408	0.01710	0.01249	0.01056	0.00312	0.01447	0.00892	0.00920	0.01664
24	0.01364	0.01053	0.01245	0.01312	0.01548	0.00934	0.00940	0.01667	0.02492	0.03232	0.19695	0.27443	0.27440	0.02861	0.01324	0.00388	0.00571	0.02499	0.01058	0.00934
25	0.02012	0.01863	0.03106	0.53829	0.06976	0.02296	0.02847	0.02720	0.02262	0.02930	0.06686	0.03382	0.02255	0.01193	0.01108	0.00362	0.01368	0.01060	0.00549	0.01195
26	0.02552	0.01797	0.02009	0.01869	0.02338	0.01951	0.01423	0.04344	0.29184	0.09759	0.04657	0.16792	0.04058	0.01871	0.01125	0.00367	0.00771	0.01607	0.10068	0.01456
27	0.02912	0.29827	0.24994	0.02408	0.03594	0.03281	0.02705	0.07047	0.02551	0.08406	0.02041	0.02221	0.01552	0.01041	0.00899	0.00294	0.01320	0.00750	0.00596	0.01560
28	0.03570	0.04441	0.04211	0.03408	0.04151	0.39019	0.18469	0.04065	0.02917	0.02945	0.01860	0.02293	0.01488	0.01055	0.01085	0.00310	0.01923	0.00898	0.00558	0.01333
29	0.01704	0.00948	0.01368	0.01453	0.01474	0.00926	0.00969	0.01453	0.01644	0.02192	0.03274	0.22641	0.03676	0.03663	0.03299	0.45538	0.00842	0.01669	0.00654	0.00612
30	0.02136	0.01694	0.01914	0.01822	0.02248	0.01787	0.01430	0.08489	0.17787	0.04036	0.10987	0.14550	0.14729	0.02294	0.01262	0.00393	0.00797	0.09294	0.01068	0.01283
31	0.24569	0.01771	0.01739	0.01591	0.02094	0.01939	0.01245	0.03383	0.15791	0.04461	0.19301	0.05154	0.09603	0.01674	0.01035	0.00351	0.00720	0.01345	0.00982	0.01254
32	0.54356	0.10523	0.07091	0.01644	0.02438	0.02705	0.01531	0.03236	0.01944	0.04449	0.01558	0.01816	0.01228	0.01004	0.00711	0.00324	0.00956	0.00609	0.00627	0.01249
33	0.09439	0.31883	0.14804	0.02460	0.03492	0.03427	0.08793	0.03555	0.06841	0.03278	0.01959	0.02228	0.01583	0.01008	0.00878	0.00296	0.01282	0.00780	0.00556	0.01457

[dist]
# distance from previous block
# <min> <max>
0	3

[block]
# block no. 5 follows, 12 sequences, length 11
# corresponding to MSA columns:
# 313-323
name=unknown_F
#
# <colnr> <probs for GDERKNQSTAVLIFYWHMCP>
#	G	D	E	R	K	N	Q	S	T	A	V	L	I	F	Y	W	H	M	C	P
0	0.02294	0.04467	0.36795	0.03429	0.09627	0.02748	0.03528	0.03226	0.02157	0.03249	0.01830	0.02366	0.01431	0.01256	0.01701	0.00377	0.16666	0.00862	0.00473	0.01515
1	0.02699	0.45485	0.20669	0.02235	0.03369	0.03785	0.02509	0.03321	0.02241	0.02829	0.01647	0.01913	0.01394	0.00963	0.00800	0.00267	0.01298	0.00649	0.00465	0.01462
2	0.02269	0.01263	0.01677	0.01514	0.01882	0.01142	0.01155	0.02729	0.02991	0.15657	0.38157	0.12602	0.08276	0.02155	0.01255	0.00352	0.00619	0.01893	0.01214	0.01199
3	0.01864	0.00967	0.01450	0.01450	0.01468	0.00984	0.00984	0.01468	0.01450	0.01951	0.01986	0.03401	0.01969	0.04182	0.09024	0.62310	0.01124	0.00967	0.00483	0.00518
4	0.02402	0.02666	0.05721	0.04171	0.05130	0.02499	0.44032	0.03220	0.02506	0.03395	0.02731	0.10949	0.02421	0.01264	0.01301	0.00378	0.01672	0.01537	0.00615	0.01390
5	0.04415	0.01810	0.02369	0.01868	0.02632	0.01635	0.01526	0.05068	0.07205	0.46038	0.04236	0.03778	0.02762	0.01352	0.01063	0.00332	0.00879	0.01100	0.08175	0.01758
6	0.02349	0.01657	0.01854	0.01657	0.02035	0.01721	0.01176	0.03509	0.19746	0.08144	0.03740	0.05323	0.03422	0.29729	0.03171	0.00672	0.00956	0.01336	0.00881	0.06921
7	0.01388	0.00974	0.01248	0.01442	0.01490	0.00925	0.00930	0.01534	0.01971	0.02628	0.05411	0.48459	0.06457	0.16955	0.02358	0.00586	0.00731	0.02748	0.00930	0.00833
8	0.02047	0.01769	0.02506	0.11509	0.10656	0.01879	0.01818	0.02398	0.01991	0.02831	0.02617	0.08164	0.02671	0.18847	0.02691	0.00541	0.09167	0.01240	0.00613	0.14044
9	0.08284	0.02167	0.02460	0.01971	0.02767	0.02151	0.01587	0.09641	0.17842	0.19389	0.03408	0.03220	0.02432	0.01233	0.01002	0.00305	0.00904	0.00983	0.01037	0.17218
10	0.02316	0.01975	0.02716	0.26357	0.04691	0.02055	0.02107	0.08845	0.02575	0.03566	0.02463	0.08893	0.02178	0.01273	0.01028	0.00300	0.01116	0.01091	0.00673	0.23782

[dist]
# distance from previous block
# <min> <max>
0	1

[block]
# block no. 6 follows, 12 sequences, length 23
# corresponding to MSA columns:
# 325-347
name=unknown_G
#
# <colnr> <probs for GDERKNQSTAVLIFYWHMCP>
#	G	D	E	R	K	N	Q	S	T	A	V	L	I	F	Y	W	H	M	C	P
0	0.02681	0.02923	0.07569	0.04372	0.28624	0.08581	0.02610	0.03283	0.02470	0.03447	0.01966	0.02446	0.01628	0.00943	0.00980	0.00270	0.01245	0.00825	0.00570	0.22569
1	0.47858	0.14617	0.02616	0.01692	0.02405	0.09664	0.01434	0.03360	0.02082	0.04146	0.01539	0.01791	0.01253	0.01010	0.00718	0.00309	0.01048	0.00603	0.00619	0.01235
2	0.02747	0.11112	0.33295	0.02643	0.03894	0.02638	0.03033	0.04102	0.11189	0.10956	0.02669	0.02744	0.01908	0.01145	0.01018	0.00335	0.01333	0.00895	0.00700	0.01641
3	0.01894	0.00947	0.01420	0.01420	0.01420	0.00947	0.00947	0.01420	0.01420	0.01894	0.01894	0.03314	0.01894	0.03788	0.04261	0.68277	0.00947	0.00947	0.00473	0.00473
4	0.02858	0.02584	0.09595	0.02744	0.03587	0.02188	0.14971	0.07356	0.10340	0.13453	0.14208	0.04275	0.03943	0.01405	0.01183	0.00352	0.01171	0.01315	0.00947	0.01526
5	0.02832	0.38788	0.20422	0.02346	0.03438	0.09934	0.02539	0.03447	0.02343	0.02842	0.01667	0.01939	0.01394	0.00986	0.00833	0.00272	0.01392	0.00663	0.00476	0.01447
6	0.01511	0.01113	0.01413	0.01338	0.01609	0.01015	0.01004	0.01996	0.03011	0.04194	0.48909	0.08438	0.15794	0.02295	0.01286	0.00346	0.00519	0.02013	0.01177	0.01015
7	0.01888	0.02683	0.17897	0.19481	0.04323	0.01892	0.02512	0.02686	0.02582	0.03621	0.23087	0.04846	0.05000	0.01534	0.01153	0.00350	0.01120	0.01326	0.00766	0.01254
8	0.01332	0.01029	0.01216	0.01333	0.01541	0.00913	0.00937	0.01587	0.02345	0.02997	0.12551	0.35116	0.27132	0.03035	0.01339	0.00403	0.00588	0.02664	0.01030	0.00913
9	0.02376	0.13787	0.09156	0.01836	0.02872	0.02120	0.01718	0.02926	0.02257	0.03355	0.01860	0.02169	0.01547	0.00858	0.00814	0.00196	0.00969	0.00653	0.00590	0.47942
10	0.01416	0.01052	0.01231	0.01336	0.01497	0.00970	0.00919	0.01609	0.02120	0.02700	0.06965	0.26756	0.21691	0.18294	0.02446	0.00583	0.00745	0.05902	0.00920	0.00848
11	0.10265	0.08249	0.18359	0.13196	0.04315	0.09049	0.02669	0.10392	0.02783	0.07837	0.02115	0.02430	0.01547	0.01109	0.00987	0.00328	0.01393	0.00831	0.00660	0.01486
12	0.02995	0.24608	0.04028	0.25191	0.04715	0.02955	0.02282	0.03514	0.02397	0.14161	0.02292	0.02646	0.01703	0.01087	0.00945	0.00309	0.01232	0.00852	0.00665	0.01422
13	0.01586	0.01057	0.01189	0.01189	0.01189	0.01057	0.00661	0.01586	0.01586	0.02114	0.03436	0.07135	0.03964	0.61681	0.05550	0.01057	0.01057	0.01586	0.00661	0.00661
14	0.01755	0.01336	0.01592	0.01586	0.01865	0.01334	0.01159	0.05714	0.08967	0.03759	0.19737	0.29048	0.12697	0.02616	0.01294	0.00389	0.00659	0.02308	0.01083	0.01103
15	0.01826	0.01593	0.02708	0.02650	0.08174	0.01530	0.11980	0.02166	0.02083	0.02818	0.03967	0.25598	0.04417	0.20387	0.02604	0.00601	0.01096	0.02012	0.00753	0.01036
16	0.02712	0.02342	0.02465	0.02219	0.02835	0.02712	0.01726	0.05794	0.52909	0.04561	0.04438	0.04068	0.03328	0.01479	0.01109	0.00370	0.00863	0.01233	0.01109	0.01726
17	0.01795	0.01271	0.01696	0.01615	0.01644	0.01462	0.01130	0.01774	0.01583	0.02207	0.02630	0.04942	0.02828	0.29003	0.12535	0.18048	0.11263	0.01255	0.00571	0.00750
18	0.02295	0.02179	0.03697	0.39744	0.24982	0.02485	0.03145	0.02993	0.02292	0.03072	0.01980	0.02830	0.01554	0.01046	0.01086	0.00349	0.01395	0.00970	0.00505	0.01402
19	0.69383	0.02109	0.01603	0.01434	0.02109	0.02446	0.01181	0.03205	0.01856	0.04892	0.01518	0.01771	0.01181	0.01012	0.00675	0.00337	0.00843	0.00590	0.00675	0.01181
20	0.09502	0.02050	0.03254	0.45252	0.13718	0.02449	0.02872	0.02912	0.02188	0.03127	0.01908	0.02753	0.01463	0.01065	0.01043	0.00355	0.01364	0.00928	0.00513	0.01282
21	0.02171	0.01199	0.01602	0.01562	0.01857	0.01087	0.01146	0.02515	0.02634	0.14756	0.21248	0.31482	0.07227	0.02584	0.01294	0.00388	0.00658	0.02301	0.01146	0.01142
22	0.01546	0.01114	0.01474	0.01467	0.01702	0.01041	0.01118	0.02024	0.02905	0.04061	0.42978	0.14430	0.09452	0.02456	0.01325	0.00374	0.00588	0.07778	0.01155	0.01010

[dist]
# distance from previous block
# <min> <max>
1	5

[block]
# block no. 7 follows, 12 sequences, length 20
# corresponding to MSA columns:
# 353-372
name=unknown_H
#
# <colnr> <probs for GDERKNQSTAVLIFYWHMCP>
#	G	D	E	R	K	N	Q	S	T	A	V	L	I	F	Y	W	H	M	C	P
0	0.14679	0.08410	0.14494	0.02370	0.03230	0.02971	0.02283	0.13813	0.13112	0.04488	0.02433	0.02597	0.01851	0.01261	0.01233	0.00349	0.07224	0.00888	0.00766	0.01548
1	0.02584	0.09056	0.08573	0.06275	0.03181	0.02725	0.02132	0.13602	0.02967	0.04113	0.15125	0.03848	0.03752	0.01600	0.01688	0.00361	0.15096	0.01162	0.00795	0.01368
2	0.10740	0.01916	0.02248	0.01909	0.02384	0.02110	0.01535	0.14503	0.03145	0.09241	0.19808	0.04608	0.04711	0.02362	0.07218	0.00499	0.07457	0.01292	0.00981	0.01334
3	0.17392	0.03627	0.24888	0.12401	0.04452	0.02530	0.06059	0.03566	0.08294	0.03798	0.02170	0.02542	0.01601	0.01086	0.00989	0.00351	0.01336	0.00869	0.00597	0.01450
4	0.01612	0.01175	0.01573	0.01771	0.02005	0.01136	0.01467	0.02034	0.02474	0.03218	0.09760	0.20187	0.12512	0.02998	0.01445	0.00465	0.00852	0.31322	0.01020	0.00975
5	0.03466	0.03477	0.02854	0.02313	0.03102	0.23070	0.01816	0.16775	0.03367	0.04138	0.02031	0.02248	0.01602	0.01066	0.00952	0.00252	0.01354	0.00760	0.00737	0.24620
6	0.03388	0.02050	0.03152	0.19655	0.15831	0.02053	0.02388	0.03954	0.02643	0.24870	0.02941	0.03147	0.02041	0.01151	0.01070	0.00330	0.01155	0.01000	0.00866	0.06313
7	0.03036	0.03216	0.09695	0.03231	0.10106	0.07798	0.02533	0.15764	0.08447	0.04150	0.02230	0.02623	0.01777	0.01411	0.01811	0.00374	0.18580	0.00954	0.00717	0.01547
8	0.02830	0.02874	0.03350	0.34141	0.10996	0.14919	0.02738	0.09034	0.02771	0.03332	0.01975	0.02639	0.01519	0.01112	0.01065	0.00336	0.01522	0.00911	0.00581	0.01354
9	0.01359	0.01107	0.01202	0.01179	0.01516	0.00950	0.00884	0.01701	0.02652	0.03340	0.23018	0.09843	0.42218	0.02614	0.01288	0.00361	0.00542	0.02210	0.01064	0.00950
10	0.01642	0.01273	0.01526	0.01516	0.01823	0.01238	0.01161	0.02404	0.09329	0.03769	0.26887	0.14395	0.18499	0.02474	0.01301	0.00382	0.00641	0.07561	0.01102	0.01078
11	0.10631	0.02497	0.02800	0.07036	0.03317	0.02719	0.01865	0.30546	0.03910	0.13571	0.02782	0.03121	0.02067	0.06538	0.01438	0.00397	0.01129	0.01011	0.00999	0.01625
12	0.01445	0.01027	0.01328	0.01418	0.01547	0.00963	0.00971	0.01733	0.02402	0.03301	0.24119	0.33536	0.07950	0.10804	0.01911	0.00487	0.00645	0.02465	0.01037	0.00910
13	0.56830	0.02059	0.01783	0.01532	0.02240	0.02282	0.01263	0.03616	0.02102	0.14769	0.02060	0.02149	0.01476	0.01078	0.00757	0.00337	0.00860	0.00689	0.00806	0.01312
14	0.01333	0.01041	0.01210	0.01305	0.01535	0.00918	0.00927	0.01599	0.02386	0.03034	0.13671	0.31185	0.30026	0.02975	0.01331	0.00396	0.00581	0.02597	0.01033	0.00918
15	0.03578	0.02170	0.02487	0.02047	0.02764	0.02250	0.01645	0.14296	0.20092	0.22370	0.04820	0.04427	0.08971	0.01555	0.01123	0.00350	0.00916	0.01264	0.01176	0.01699
16	0.01484	0.01064	0.01429	0.01588	0.01747	0.01008	0.01185	0.01834	0.02459	0.03331	0.19322	0.35385	0.07852	0.02996	0.01388	0.00429	0.00684	0.12799	0.01062	0.00952
17	0.04892	0.01856	0.02530	0.01940	0.02783	0.01603	0.01603	0.05314	0.03121	0.55634	0.04302	0.03711	0.02699	0.01350	0.01096	0.00337	0.00928	0.01096	0.01350	0.01856
18	0.42552	0.02003	0.01989	0.01644	0.02389	0.02095	0.01356	0.04082	0.02382	0.26003	0.02676	0.02578	0.01812	0.01153	0.00850	0.00337	0.00879	0.00801	0.00955	0.01462
19	0.35415	0.02535	0.02397	0.01966	0.02720	0.02871	0.01612	0.24063	0.07821	0.05713	0.02251	0.02340	0.01662	0.01181	0.00892	0.00336	0.00998	0.00816	0.00892	0.01519

[dist]
# distance from previous block
# <min> <max>
3	11

[block]
# block no. 8 follows, 12 sequences, length 19
# corresponding to MSA columns:
# 384-396,406-411
name=unknown_I
#
# <colnr> <probs for GDERKNQSTAVLIFYWHMCP>
#	G	D	E	R	K	N	Q	S	T	A	V	L	I	F	Y	W	H	M	C	P
0	0.03132	0.02464	0.03073	0.02587	0.07533	0.06565	0.06508	0.08432	0.02824	0.12880	0.02434	0.02629	0.01824	0.01005	0.00971	0.00253	0.01108	0.00854	0.00789	0.32137
1	0.07737	0.12964	0.19897	0.02260	0.03207	0.02633	0.02358	0.03405	0.09582	0.03473	0.03097	0.03271	0.07129	0.01311	0.01184	0.00325	0.06180	0.00964	0.00651	0.08374
2	0.69383	0.02109	0.01603	0.01434	0.02109	0.02446	0.01181	0.03205	0.01856	0.04892	0.01518	0.01771	0.01181	0.01012	0.00675	0.00337	0.00843	0.00590	0.00675	0.01181
3	0.09543	0.06796	0.05951	0.02041	0.02854	0.06759	0.01756	0.07341	0.05342	0.03791	0.01994	0.02300	0.01623	0.01072	0.01143	0.00264	0.07122	0.00744	0.00666	0.30898
4	0.01579	0.01085	0.01332	0.01332	0.01381	0.01134	0.00838	0.01677	0.01628	0.02220	0.03305	0.06414	0.03651	0.48143	0.18659	0.01233	0.01529	0.01480	0.00641	0.00740
5	0.02578	0.02252	0.03541	0.30732	0.13868	0.02530	0.06844	0.11553	0.02798	0.03812	0.02239	0.02923	0.01702	0.01110	0.01077	0.00341	0.01335	0.01003	0.06347	0.01416
6	0.01351	0.00976	0.01241	0.01442	0.01530	0.00907	0.00957	0.01530	0.02077	0.02731	0.06268	0.50204	0.11777	0.09332	0.01808	0.00498	0.00668	0.02861	0.00976	0.00866
7	0.19308	0.18376	0.24602	0.02211	0.03289	0.02810	0.02487	0.03211	0.02242	0.03684	0.06706	0.02585	0.02181	0.01118	0.00885	0.00315	0.01203	0.00807	0.00586	0.01395
8	0.01363	0.00976	0.01296	0.01494	0.01589	0.00909	0.01015	0.01606	0.02250	0.03042	0.13863	0.52379	0.07712	0.03223	0.01375	0.00427	0.00613	0.02916	0.01043	0.00909
9	0.02703	0.20514	0.27895	0.02601	0.03681	0.03064	0.02907	0.03459	0.02260	0.08484	0.01992	0.02308	0.01531	0.01182	0.01362	0.00335	0.10860	0.00798	0.00557	0.01510
10	0.03138	0.02162	0.02501	0.02069	0.02582	0.02366	0.01624	0.29705	0.03552	0.04775	0.02402	0.03012	0.01950	0.02800	0.07505	0.23454	0.01278	0.00988	0.00834	0.01303
11	0.01374	0.01095	0.01232	0.01224	0.01532	0.00953	0.00908	0.01720	0.02648	0.03394	0.24628	0.13807	0.36349	0.02642	0.01296	0.00366	0.00547	0.02259	0.01073	0.00953
12	0.02932	0.02206	0.03399	0.11446	0.16772	0.02255	0.07317	0.07471	0.08004	0.13273	0.07622	0.03967	0.05734	0.01337	0.01139	0.00346	0.01148	0.01213	0.00864	0.01557
13	0.21742	0.01851	0.02179	0.01750	0.02491	0.01771	0.01434	0.04435	0.02780	0.37122	0.08435	0.03627	0.03035	0.01345	0.01003	0.00338	0.00865	0.01047	0.01155	0.01595
14	0.22015	0.01670	0.02170	0.10681	0.03046	0.01787	0.06098	0.02460	0.02202	0.03636	0.08279	0.19220	0.08844	0.01930	0.01100	0.00376	0.00920	0.01668	0.00801	0.01096
15	0.03388	0.14043	0.03490	0.22149	0.04540	0.11076	0.02233	0.03881	0.02611	0.18598	0.02527	0.02779	0.01810	0.01143	0.01000	0.00318	0.01320	0.00892	0.00753	0.01449
16	0.02415	0.01783	0.02335	0.07487	0.02931	0.02027	0.01800	0.07794	0.10344	0.07981	0.03783	0.10896	0.03521	0.03233	0.12570	0.00676	0.07404	0.08854	0.00873	0.01293
17	0.02461	0.08418	0.03555	0.22494	0.08844	0.02673	0.06506	0.06435	0.13500	0.03495	0.02616	0.03152	0.02053	0.01876	0.06849	0.00489	0.01450	0.01035	0.00677	0.01422
18	0.01700	0.02048	0.10757	0.18732	0.03834	0.01629	0.02070	0.02272	0.02321	0.03084	0.09969	0.20150	0.12974	0.02106	0.01216	0.00380	0.01009	0.01843	0.00786	0.01121

[dist]
# distance from previous block
# <min> <max>
0	100

# created by:
# /st0/software/busco_prod/Augustus/scripts/msa2prfl.pl ./align_prep/6005.fa
