[name]
unknown

[dist]
# distance from previous block
# <min> <max>
0	275

[block]
# block no. 0 follows, 10 sequences, length 16
# corresponding to MSA columns:
# 332-347
name=unknown_A
#
# <colnr> <probs for GDERKNQSTAVLIFYWHMCP>
#	G	D	E	R	K	N	Q	S	T	A	V	L	I	F	Y	W	H	M	C	P
0	0.01781	0.01353	0.01880	0.01801	0.02137	0.01384	0.01421	0.02249	0.02309	0.03315	0.12747	0.06043	0.04753	0.05832	0.31158	0.01203	0.02088	0.06099	0.00810	0.09638
1	0.03878	0.02872	0.09189	0.02622	0.03545	0.02482	0.06278	0.19054	0.03751	0.20476	0.03718	0.10474	0.02938	0.01633	0.01220	0.00375	0.01222	0.01391	0.01108	0.01774
2	0.03282	0.52377	0.05752	0.02080	0.03067	0.04471	0.02019	0.09343	0.02772	0.03341	0.01772	0.01988	0.01556	0.01048	0.00801	0.00262	0.01249	0.00678	0.00585	0.01556
3	0.03804	0.02892	0.03159	0.02383	0.03346	0.02975	0.01955	0.34154	0.04530	0.06243	0.02570	0.02675	0.01900	0.01232	0.01071	0.00295	0.01151	0.00937	0.01018	0.21711
4	0.01542	0.01129	0.01460	0.01584	0.01781	0.01047	0.01163	0.01907	0.02670	0.03588	0.21125	0.31348	0.13819	0.03107	0.01451	0.00437	0.00675	0.08010	0.01142	0.01013
5	0.02491	0.01695	0.02383	0.12773	0.03649	0.01804	0.02114	0.03368	0.07930	0.10013	0.04992	0.08974	0.04834	0.02396	0.01415	0.00468	0.01137	0.25221	0.01023	0.01319
6	0.01739	0.01173	0.01506	0.01506	0.01630	0.01264	0.01044	0.01988	0.01864	0.02713	0.03443	0.05874	0.03496	0.29900	0.26361	0.01340	0.01916	0.01421	0.08925	0.00898
7	0.23413	0.03096	0.14825	0.02233	0.03261	0.02317	0.02219	0.04525	0.06119	0.22494	0.03070	0.02980	0.02084	0.01257	0.01017	0.00365	0.01137	0.00938	0.00966	0.01684
8	0.02698	0.15300	0.04657	0.03031	0.03825	0.07525	0.17771	0.03572	0.07435	0.03577	0.09053	0.09730	0.03690	0.01537	0.01199	0.00358	0.01388	0.01453	0.00772	0.01430
9	0.03069	0.03778	0.24723	0.02507	0.03808	0.02094	0.02741	0.03936	0.02657	0.15804	0.02698	0.02813	0.01899	0.01111	0.01044	0.00305	0.01269	0.00882	0.00787	0.22075
10	0.10980	0.15645	0.21419	0.02340	0.03494	0.02721	0.02555	0.03565	0.02524	0.08228	0.06515	0.02943	0.02450	0.01193	0.00981	0.00318	0.01242	0.00898	0.00701	0.09289
11	0.08050	0.21950	0.08058	0.01814	0.02612	0.02601	0.01710	0.02794	0.02393	0.03301	0.04588	0.10850	0.13510	0.01753	0.01023	0.00320	0.00994	0.01388	0.00742	0.09551
12	0.17424	0.15915	0.08776	0.02610	0.03464	0.02841	0.12189	0.03180	0.02309	0.03649	0.02572	0.09644	0.02413	0.02044	0.05779	0.00490	0.01465	0.01213	0.00654	0.01368
13	0.08576	0.02623	0.13415	0.06927	0.03378	0.01832	0.02168	0.02770	0.02357	0.03600	0.03570	0.17299	0.03649	0.01921	0.01169	0.00370	0.01097	0.06567	0.00773	0.15939
14	0.08256	0.02463	0.09311	0.02322	0.03068	0.01984	0.06433	0.03016	0.02548	0.06867	0.11771	0.10395	0.04127	0.01686	0.01402	0.00353	0.06388	0.01410	0.00840	0.15360
15	0.14859	0.09683	0.14723	0.12553	0.04259	0.07364	0.02575	0.03684	0.02470	0.09432	0.02293	0.02710	0.01726	0.01708	0.04941	0.00460	0.01533	0.00879	0.00672	0.01476

[dist]
# distance from previous block
# <min> <max>
27	167

[block]
# block no. 1 follows, 10 sequences, length 12
# corresponding to MSA columns:
# 569-580
name=unknown_B
#
# <colnr> <probs for GDERKNQSTAVLIFYWHMCP>
#	G	D	E	R	K	N	Q	S	T	A	V	L	I	F	Y	W	H	M	C	P
0	0.02408	0.01505	0.01751	0.01569	0.02071	0.01389	0.01217	0.03155	0.08654	0.13851	0.18287	0.08316	0.26590	0.02343	0.01309	0.00380	0.00702	0.01974	0.01211	0.01317
1	0.03046	0.02637	0.09216	0.02318	0.03020	0.02372	0.02048	0.15092	0.10882	0.08861	0.03137	0.03584	0.02451	0.03283	0.12599	0.10346	0.01589	0.01113	0.00895	0.01512
2	0.01590	0.01187	0.01477	0.01405	0.01703	0.01074	0.01054	0.02087	0.03161	0.04352	0.43161	0.09202	0.19265	0.02494	0.01372	0.00371	0.00557	0.02175	0.01239	0.01074
3	0.03649	0.02910	0.03333	0.03152	0.09775	0.03230	0.02253	0.26581	0.21554	0.05947	0.03434	0.03378	0.02544	0.01416	0.01169	0.00365	0.01160	0.01145	0.01093	0.01909
4	0.02872	0.43371	0.20468	0.02395	0.03612	0.04021	0.02696	0.03544	0.02391	0.03026	0.01761	0.02046	0.01487	0.01029	0.00856	0.00285	0.01389	0.00695	0.00496	0.01562
5	0.02987	0.02049	0.02471	0.01794	0.02800	0.01583	0.01446	0.03490	0.02600	0.13816	0.02584	0.02729	0.01960	0.00980	0.00925	0.00211	0.00888	0.00788	0.00843	0.53057
6	0.02305	0.02158	0.03542	0.04061	0.20073	0.02222	0.07789	0.02892	0.02735	0.03846	0.17489	0.05408	0.09462	0.01748	0.01618	0.00383	0.08485	0.01531	0.00826	0.01428
7	0.02858	0.02292	0.03369	0.10920	0.22948	0.02377	0.02551	0.04004	0.12355	0.09751	0.04396	0.04560	0.09566	0.01493	0.01194	0.00370	0.01144	0.01318	0.00872	0.01662
8	0.02555	0.03602	0.20905	0.15705	0.12898	0.02583	0.03256	0.08685	0.02934	0.04113	0.08690	0.03538	0.02870	0.01310	0.01168	0.00366	0.01416	0.01116	0.00697	0.01591
9	0.02894	0.10272	0.12528	0.02081	0.03061	0.02116	0.02030	0.03545	0.02775	0.13561	0.12449	0.03924	0.03743	0.01347	0.01058	0.00297	0.01039	0.01094	0.00895	0.19290
10	0.19498	0.12124	0.17370	0.02593	0.03594	0.09086	0.06566	0.03498	0.02424	0.03773	0.02321	0.07871	0.02077	0.01338	0.01008	0.00353	0.01400	0.01045	0.00633	0.01430
11	0.18334	0.09346	0.02913	0.02005	0.02692	0.02352	0.04884	0.03945	0.06140	0.17531	0.03174	0.03928	0.02571	0.13107	0.02001	0.00508	0.01097	0.01108	0.00918	0.01447

[dist]
# distance from previous block
# <min> <max>
4	22

[block]
# block no. 2 follows, 10 sequences, length 17
# corresponding to MSA columns:
# 606-622
name=unknown_C
#
# <colnr> <probs for GDERKNQSTAVLIFYWHMCP>
#	G	D	E	R	K	N	Q	S	T	A	V	L	I	F	Y	W	H	M	C	P
0	0.20923	0.02639	0.03227	0.02970	0.08902	0.02836	0.06240	0.14541	0.11409	0.10750	0.02906	0.02993	0.02124	0.01266	0.01066	0.00365	0.01157	0.01024	0.00956	0.01706
1	0.22247	0.02616	0.03374	0.04065	0.22540	0.02756	0.02421	0.12215	0.03068	0.10561	0.02416	0.02699	0.01818	0.01164	0.01030	0.00352	0.01176	0.00935	0.00830	0.01714
2	0.23770	0.02483	0.03059	0.11476	0.15831	0.02782	0.02327	0.07668	0.11580	0.04633	0.02521	0.02862	0.01946	0.01203	0.01021	0.00366	0.01155	0.00958	0.00778	0.01582
3	0.01948	0.01699	0.02321	0.02108	0.02280	0.02072	0.01686	0.02327	0.02332	0.03344	0.17179	0.05779	0.10463	0.03779	0.14500	0.00768	0.21910	0.01549	0.00821	0.01134
4	0.02115	0.01671	0.01927	0.01780	0.02170	0.01769	0.01335	0.03629	0.20450	0.04497	0.29148	0.06959	0.07531	0.07772	0.01758	0.00453	0.00745	0.01768	0.01186	0.01335
5	0.02736	0.02880	0.12335	0.09631	0.03901	0.02547	0.02491	0.04169	0.16212	0.09406	0.03578	0.09945	0.03002	0.01733	0.01598	0.00411	0.09610	0.01367	0.00879	0.01569
6	0.01661	0.01246	0.01869	0.01869	0.02077	0.01454	0.01454	0.02077	0.01869	0.02700	0.03115	0.04569	0.02908	0.08723	0.54517	0.01869	0.03115	0.01246	0.00623	0.01038
7	0.01996	0.01732	0.02758	0.14821	0.17224	0.01808	0.02241	0.02459	0.02367	0.03204	0.04292	0.30916	0.04731	0.02378	0.01322	0.00418	0.01061	0.02181	0.00817	0.01272
8	0.01588	0.01187	0.01474	0.01402	0.01702	0.01073	0.01051	0.02082	0.03154	0.04337	0.42777	0.09226	0.19659	0.02500	0.01372	0.00372	0.00557	0.02179	0.01237	0.01073
9	0.03382	0.02871	0.03198	0.02656	0.03387	0.09461	0.07070	0.09212	0.24698	0.10384	0.07795	0.04083	0.03475	0.01494	0.01200	0.00371	0.01204	0.01271	0.01076	0.01712
10	0.03277	0.02197	0.02467	0.02153	0.02780	0.02384	0.01661	0.05470	0.32612	0.15670	0.04559	0.04681	0.03483	0.09121	0.01804	0.00483	0.00964	0.01331	0.01180	0.01724
11	0.03017	0.02460	0.03778	0.23228	0.22511	0.02685	0.02980	0.07958	0.07098	0.08835	0.02671	0.03189	0.02009	0.01204	0.01161	0.00367	0.01351	0.01075	0.00751	0.01673
12	0.09625	0.08726	0.02654	0.01960	0.02612	0.02438	0.01583	0.04665	0.20353	0.13895	0.04069	0.08583	0.03253	0.01592	0.01066	0.00359	0.00902	0.01288	0.08777	0.01599
13	0.03564	0.10636	0.13030	0.08797	0.04181	0.13307	0.02615	0.12085	0.07171	0.09759	0.02607	0.02778	0.01915	0.01247	0.01082	0.00340	0.01489	0.00936	0.00804	0.01656
14	0.03038	0.02083	0.02184	0.01883	0.02443	0.06363	0.01429	0.09037	0.03009	0.14326	0.05115	0.14662	0.10855	0.08844	0.01776	0.00448	0.01013	0.01697	0.01036	0.08758
15	0.09857	0.09569	0.02712	0.01712	0.02584	0.02010	0.01402	0.02893	0.02252	0.03608	0.01951	0.02411	0.01674	0.01273	0.01258	0.07868	0.00933	0.00711	0.00646	0.42675
16	0.08371	0.03159	0.09090	0.13311	0.10581	0.08545	0.02592	0.10379	0.07490	0.04373	0.08089	0.03496	0.02895	0.01352	0.01130	0.00360	0.01340	0.01099	0.00797	0.01551

[dist]
# distance from previous block
# <min> <max>
3	39

[block]
# block no. 3 follows, 10 sequences, length 22
# corresponding to MSA columns:
# 663-684
name=unknown_D
#
# <colnr> <probs for GDERKNQSTAVLIFYWHMCP>
#	G	D	E	R	K	N	Q	S	T	A	V	L	I	F	Y	W	H	M	C	P
0	0.03119	0.38015	0.14243	0.02590	0.03727	0.03796	0.07973	0.03748	0.02515	0.07589	0.02062	0.02318	0.01649	0.01053	0.00926	0.00298	0.01393	0.00806	0.00594	0.01587
1	0.01857	0.02056	0.08554	0.23289	0.04584	0.01818	0.02320	0.02457	0.02393	0.03215	0.08344	0.25200	0.04824	0.02241	0.01301	0.00416	0.01135	0.02002	0.00805	0.01190
2	0.01445	0.01034	0.01375	0.01600	0.01693	0.00963	0.01082	0.01690	0.02357	0.03177	0.11909	0.52276	0.08095	0.03488	0.01471	0.00459	0.00659	0.03159	0.01104	0.00963
3	0.03925	0.02456	0.03310	0.03529	0.15842	0.02466	0.02275	0.17331	0.03664	0.20501	0.03632	0.09634	0.02895	0.01576	0.01199	0.00366	0.01143	0.01346	0.01088	0.01823
4	0.02975	0.08267	0.13040	0.02051	0.02899	0.01951	0.02012	0.03616	0.02966	0.18487	0.17732	0.05571	0.10092	0.01757	0.01194	0.00356	0.00998	0.01456	0.01064	0.01518
5	0.02806	0.02345	0.02952	0.14336	0.08485	0.02626	0.02228	0.13455	0.17267	0.04569	0.04263	0.09128	0.07101	0.01705	0.01216	0.00386	0.01125	0.01450	0.00961	0.01597
6	0.02295	0.02210	0.03406	0.02893	0.03087	0.02845	0.07192	0.02679	0.01915	0.02871	0.02107	0.03233	0.01978	0.03977	0.19153	0.00915	0.34331	0.01127	0.00553	0.01233
7	0.02196	0.02067	0.03488	0.56331	0.08010	0.02584	0.03230	0.02972	0.02326	0.02972	0.02067	0.03101	0.01550	0.01163	0.01163	0.00388	0.01550	0.01034	0.00517	0.01292
8	0.67341	0.02249	0.01709	0.01529	0.02249	0.02609	0.01260	0.03419	0.01979	0.05218	0.01619	0.01889	0.01260	0.01080	0.00720	0.00360	0.00900	0.00630	0.00720	0.01260
9	0.01665	0.01233	0.01802	0.01802	0.01986	0.01417	0.01370	0.02034	0.01849	0.02650	0.03177	0.04910	0.03055	0.14368	0.49074	0.01786	0.02893	0.01296	0.00632	0.01001
10	0.01691	0.01128	0.01268	0.01268	0.01268	0.01128	0.00705	0.01691	0.01691	0.02255	0.03665	0.07611	0.04228	0.59126	0.05920	0.01128	0.01128	0.01691	0.00705	0.00705
11	0.01962	0.01265	0.01537	0.01447	0.01822	0.01115	0.01092	0.02373	0.02960	0.09830	0.26755	0.13653	0.24640	0.02590	0.01358	0.00385	0.00629	0.02231	0.01207	0.01149
12	0.02251	0.01858	0.02157	0.01622	0.02425	0.01456	0.01228	0.02653	0.02251	0.03448	0.02423	0.03568	0.02280	0.13824	0.01987	0.00385	0.00921	0.00912	0.00693	0.51657
13	0.02412	0.02067	0.02412	0.01723	0.02756	0.01550	0.01378	0.02929	0.02412	0.03790	0.02067	0.02412	0.01723	0.00861	0.00861	0.00172	0.00861	0.00689	0.00689	0.66236
14	0.02196	0.02067	0.03488	0.56331	0.08010	0.02584	0.03230	0.02972	0.02326	0.02972	0.02067	0.03101	0.01550	0.01163	0.01163	0.00388	0.01550	0.01034	0.00517	0.01292
15	0.02412	0.02067	0.02412	0.01723	0.02756	0.01550	0.01378	0.02929	0.02412	0.03790	0.02067	0.02412	0.01723	0.00861	0.00861	0.00172	0.00861	0.00689	0.00689	0.66236
16	0.02583	0.23345	0.37963	0.02888	0.04374	0.03313	0.03554	0.03619	0.02426	0.03378	0.01936	0.02266	0.01479	0.01070	0.00989	0.00330	0.01566	0.00783	0.00493	0.01646
17	0.02879	0.02763	0.04721	0.07139	0.51871	0.02763	0.03569	0.03569	0.02648	0.03800	0.02188	0.02879	0.01842	0.01036	0.01151	0.00345	0.01382	0.01036	0.00576	0.01842
18	0.03952	0.04436	0.03134	0.02785	0.03439	0.34299	0.02131	0.10095	0.16403	0.03925	0.02725	0.02798	0.02121	0.01326	0.01099	0.00332	0.01677	0.00940	0.00826	0.01558
19	0.03028	0.01772	0.02148	0.01853	0.02457	0.01692	0.01446	0.04089	0.13395	0.19075	0.13704	0.11017	0.10477	0.01986	0.01240	0.00369	0.00808	0.01692	0.01219	0.06532
20	0.01883	0.01476	0.02013	0.02309	0.07729	0.01458	0.01526	0.02643	0.07551	0.04098	0.26798	0.19043	0.08051	0.02501	0.01374	0.00406	0.00759	0.06038	0.01125	0.01221
21	0.03067	0.16767	0.23168	0.08990	0.04528	0.03361	0.03083	0.15812	0.03253	0.04399	0.02175	0.02492	0.01626	0.01168	0.01048	0.00339	0.01472	0.00879	0.00681	0.01691

[dist]
# distance from previous block
# <min> <max>
0	2

[block]
# block no. 4 follows, 10 sequences, length 40
# corresponding to MSA columns:
# 687-726
name=unknown_E
#
# <colnr> <probs for GDERKNQSTAVLIFYWHMCP>
#	G	D	E	R	K	N	Q	S	T	A	V	L	I	F	Y	W	H	M	C	P
0	0.02702	0.02151	0.02865	0.22697	0.04715	0.02443	0.02267	0.17405	0.03332	0.04406	0.03573	0.19124	0.03483	0.01964	0.01257	0.00400	0.01206	0.01701	0.00894	0.01417
1	0.21806	0.02131	0.02249	0.02063	0.02683	0.02335	0.01707	0.08765	0.13283	0.09573	0.04001	0.05879	0.03527	0.01857	0.01163	0.00416	0.01002	0.13036	0.01040	0.01484
2	0.17441	0.15896	0.04007	0.03106	0.11232	0.03100	0.06549	0.04214	0.11234	0.08691	0.02644	0.02821	0.02038	0.01169	0.00991	0.00341	0.01177	0.00947	0.00785	0.01617
3	0.02901	0.26372	0.21757	0.02820	0.04048	0.03564	0.07300	0.07552	0.06546	0.03719	0.02203	0.02472	0.01721	0.01112	0.01002	0.00324	0.01454	0.00870	0.00616	0.01647
4	0.03818	0.24387	0.04082	0.02299	0.03124	0.14699	0.01957	0.04721	0.11384	0.14372	0.02890	0.02836	0.02179	0.01246	0.00988	0.00311	0.01317	0.00899	0.00856	0.01633
5	0.01691	0.01128	0.01268	0.01268	0.01268	0.01128	0.00705	0.01691	0.01691	0.02255	0.03665	0.07611	0.04228	0.59126	0.05920	0.01128	0.01128	0.01691	0.00705	0.00705
6	0.01563	0.01169	0.01451	0.01415	0.01696	0.01057	0.01048	0.02021	0.03045	0.04159	0.38077	0.14145	0.19616	0.02629	0.01383	0.00382	0.00570	0.02300	0.01216	0.01057
7	0.02816	0.04505	0.31114	0.03444	0.04829	0.02666	0.13915	0.04186	0.07711	0.09367	0.02717	0.02988	0.01924	0.01164	0.01184	0.00376	0.01607	0.01064	0.00696	0.01726
8	0.02748	0.14929	0.18719	0.08454	0.04230	0.02695	0.07141	0.03525	0.02610	0.09616	0.06690	0.07888	0.02988	0.01436	0.01127	0.00356	0.01353	0.01227	0.00738	0.01529
9	0.02196	0.02067	0.03488	0.56331	0.08010	0.02584	0.03230	0.02972	0.02326	0.02972	0.02067	0.03101	0.01550	0.01163	0.01163	0.00388	0.01550	0.01034	0.00517	0.01292
10	0.02918	0.02057	0.03295	0.32264	0.11821	0.02279	0.02790	0.03585	0.02627	0.14155	0.03082	0.04340	0.02435	0.01429	0.01211	0.00392	0.01353	0.05690	0.00788	0.01490
11	0.02673	0.01568	0.02345	0.02018	0.02518	0.01410	0.06247	0.03110	0.02858	0.17430	0.15191	0.21640	0.11313	0.02399	0.01348	0.00401	0.00867	0.02155	0.01169	0.01339
12	0.03698	0.07638	0.08442	0.03134	0.04169	0.02589	0.17089	0.04747	0.08841	0.22329	0.03416	0.03437	0.02365	0.01241	0.01197	0.00366	0.01381	0.01183	0.00970	0.01764
13	0.01417	0.01012	0.01350	0.01619	0.01687	0.00945	0.01080	0.01619	0.02227	0.02969	0.06410	0.58367	0.07692	0.03644	0.01484	0.00472	0.00675	0.03306	0.01080	0.00945
14	0.02641	0.10233	0.22825	0.04038	0.05383	0.03036	0.27694	0.03685	0.02604	0.03604	0.02182	0.02764	0.01634	0.01025	0.01212	0.00368	0.01800	0.01114	0.00545	0.01613
15	0.02904	0.02649	0.03403	0.26684	0.05322	0.09346	0.02723	0.03417	0.02381	0.08246	0.02131	0.02888	0.01679	0.01477	0.02000	0.00412	0.19339	0.01007	0.00624	0.01367
16	0.01661	0.01246	0.01869	0.01869	0.02077	0.01454	0.01454	0.02077	0.01869	0.02700	0.03115	0.04569	0.02908	0.08723	0.54517	0.01869	0.03115	0.01246	0.00623	0.01038
17	0.01462	0.01044	0.01401	0.01671	0.01758	0.00984	0.01158	0.01697	0.02271	0.03019	0.06385	0.53903	0.07594	0.03601	0.01497	0.00479	0.00714	0.07326	0.01079	0.00957
18	0.02939	0.03960	0.14501	0.13158	0.04617	0.18375	0.07124	0.03676	0.02715	0.03408	0.02321	0.02867	0.01790	0.01177	0.01074	0.00336	0.01620	0.00949	0.11999	0.01396
19	0.02575	0.02477	0.04207	0.27520	0.23939	0.02716	0.07618	0.03577	0.06988	0.03539	0.02394	0.03138	0.01872	0.01136	0.01181	0.00373	0.01467	0.01095	0.00609	0.01580
20	0.01437	0.01050	0.01352	0.01553	0.01679	0.00965	0.01059	0.01688	0.02390	0.03173	0.11888	0.47632	0.12996	0.03427	0.01460	0.00452	0.00651	0.03079	0.01101	0.00965
21	0.04733	0.01878	0.02507	0.01957	0.02793	0.01618	0.01605	0.05164	0.03243	0.46429	0.05496	0.04871	0.08998	0.01629	0.01195	0.00364	0.00939	0.01332	0.01394	0.01854
22	0.04022	0.02561	0.03261	0.07610	0.09739	0.02671	0.02236	0.22830	0.04061	0.18924	0.07246	0.03653	0.02934	0.01426	0.01181	0.00356	0.01173	0.01168	0.01120	0.01827
23	0.02545	0.02545	0.03562	0.03053	0.03053	0.03562	0.02545	0.02799	0.01781	0.02799	0.01527	0.02545	0.01527	0.02036	0.03817	0.00509	0.56997	0.01018	0.00509	0.01272
24	0.02857	0.02331	0.02651	0.01934	0.02945	0.02006	0.01563	0.12924	0.03090	0.04575	0.02228	0.02496	0.01779	0.00980	0.00928	0.00211	0.00954	0.00768	0.00794	0.51984
25	0.02608	0.01918	0.02847	0.02692	0.08242	0.01863	0.06633	0.08636	0.03438	0.09547	0.29666	0.06216	0.07005	0.01858	0.01301	0.00364	0.00932	0.01678	0.01126	0.01431
26	0.01443	0.01088	0.01336	0.01470	0.01663	0.00980	0.01028	0.01729	0.02522	0.03298	0.15344	0.36928	0.20474	0.03238	0.01435	0.00432	0.00630	0.02869	0.01113	0.00980
27	0.25483	0.02362	0.02865	0.26711	0.05136	0.02791	0.02341	0.11849	0.02813	0.04604	0.02051	0.02616	0.01531	0.01179	0.01007	0.00370	0.01270	0.00895	0.00713	0.01413
28	0.02730	0.01990	0.02896	0.17720	0.08743	0.02232	0.02276	0.03575	0.08431	0.11767	0.03751	0.15581	0.03417	0.01895	0.01522	0.00412	0.07128	0.01595	0.00888	0.01452
29	0.18377	0.03034	0.03095	0.02422	0.03306	0.03385	0.02000	0.38107	0.04694	0.06861	0.02532	0.02592	0.01819	0.01326	0.01065	0.00351	0.01196	0.00955	0.01065	0.01819
30	0.02506	0.17011	0.31011	0.03284	0.09286	0.02958	0.03402	0.03466	0.02484	0.03460	0.02507	0.03715	0.02176	0.01339	0.01094	0.00360	0.01496	0.06272	0.00575	0.01600
31	0.02714	0.04631	0.35501	0.02805	0.04268	0.02321	0.03323	0.03766	0.02556	0.09886	0.02398	0.02635	0.01706	0.01093	0.01059	0.00324	0.01437	0.00861	0.00655	0.16061
32	0.01417	0.01012	0.01350	0.01619	0.01687	0.00945	0.01080	0.01619	0.02227	0.02969	0.06410	0.58367	0.07692	0.03644	0.01484	0.00472	0.00675	0.03306	0.01080	0.00945
33	0.02379	0.02273	0.03955	0.31630	0.20674	0.02514	0.06973	0.03092	0.02451	0.03290	0.02541	0.08277	0.02241	0.01344	0.01208	0.00383	0.01451	0.01279	0.00594	0.01451
34	0.01875	0.01215	0.01527	0.01504	0.01808	0.01090	0.01106	0.02260	0.02855	0.08599	0.25330	0.22687	0.18221	0.02765	0.01384	0.00401	0.00637	0.02426	0.01195	0.01116
35	0.01691	0.01128	0.01268	0.01268	0.01268	0.01128	0.00705	0.01691	0.01691	0.02255	0.03665	0.07611	0.04228	0.59126	0.05920	0.01128	0.01128	0.01691	0.00705	0.00705
36	0.01417	0.01012	0.01350	0.01619	0.01687	0.00945	0.01080	0.01619	0.02227	0.02969	0.06410	0.58367	0.07692	0.03644	0.01484	0.00472	0.00675	0.03306	0.01080	0.00945
37	0.02627	0.04141	0.25728	0.03034	0.04218	0.02811	0.07289	0.04824	0.24033	0.04226	0.03318	0.03378	0.02447	0.01309	0.01166	0.00382	0.01378	0.01116	0.00816	0.01760
38	0.03395	0.02154	0.03159	0.02534	0.03141	0.02268	0.07566	0.04141	0.07424	0.21671	0.08391	0.04703	0.08002	0.01758	0.01821	0.00404	0.13450	0.01384	0.01051	0.01582
39	0.02596	0.08971	0.22973	0.03766	0.05108	0.02861	0.23554	0.03611	0.02575	0.03631	0.02166	0.02711	0.01632	0.01015	0.01172	0.00349	0.01703	0.01056	0.00555	0.07996

[dist]
# distance from previous block
# <min> <max>
0	1

[block]
# block no. 5 follows, 10 sequences, length 14
# corresponding to MSA columns:
# 728-741
name=unknown_F
#
# <colnr> <probs for GDERKNQSTAVLIFYWHMCP>
#	G	D	E	R	K	N	Q	S	T	A	V	L	I	F	Y	W	H	M	C	P
0	0.03577	0.25590	0.13982	0.02530	0.03586	0.11099	0.02490	0.12261	0.03189	0.08308	0.02224	0.02377	0.01706	0.01162	0.00977	0.00308	0.01445	0.00816	0.00721	0.01650
1	0.01417	0.01012	0.01350	0.01619	0.01687	0.00945	0.01080	0.01619	0.02227	0.02969	0.06410	0.58367	0.07692	0.03644	0.01484	0.00472	0.00675	0.03306	0.01080	0.00945
2	0.10250	0.09255	0.10837	0.02502	0.03545	0.02403	0.07113	0.04701	0.02898	0.29930	0.03356	0.03213	0.02239	0.01255	0.01091	0.00352	0.01223	0.01033	0.01032	0.01772
3	0.03692	0.13484	0.09188	0.03191	0.09157	0.03016	0.07363	0.12100	0.06792	0.16147	0.02971	0.03035	0.02136	0.01231	0.01106	0.00343	0.01306	0.01035	0.00913	0.01793
4	0.03822	0.11539	0.03633	0.02501	0.03249	0.09254	0.02085	0.27818	0.04116	0.05417	0.02474	0.02697	0.01901	0.01375	0.01322	0.00337	0.06878	0.00952	0.06949	0.01682
5	0.02141	0.02105	0.09431	0.07865	0.03076	0.01584	0.01852	0.02633	0.02334	0.07705	0.04521	0.19032	0.07764	0.09181	0.06581	0.00601	0.01236	0.01800	0.00843	0.07716
6	0.03645	0.13898	0.09664	0.02787	0.03810	0.02969	0.09977	0.09554	0.10002	0.17258	0.03183	0.03178	0.02266	0.01255	0.01118	0.00349	0.01307	0.01073	0.00941	0.01767
7	0.02020	0.01010	0.01515	0.01515	0.01515	0.01010	0.01010	0.01515	0.01515	0.02020	0.02020	0.03535	0.02020	0.04040	0.04545	0.66162	0.01010	0.01010	0.00505	0.00505
8	0.02270	0.02018	0.03270	0.12867	0.03999	0.02244	0.10483	0.06225	0.02401	0.03269	0.02985	0.09258	0.02907	0.13664	0.10259	0.00765	0.07750	0.01466	0.00686	0.01215
9	0.08860	0.02926	0.04106	0.10981	0.04701	0.07644	0.14833	0.12755	0.03327	0.14293	0.02739	0.03031	0.01935	0.01211	0.01176	0.00365	0.01497	0.01099	0.00875	0.01646
10	0.01571	0.01122	0.01527	0.01796	0.01931	0.01078	0.01348	0.01886	0.02379	0.03142	0.06325	0.43081	0.07355	0.03498	0.01526	0.00494	0.00809	0.17069	0.01077	0.00987
11	0.03084	0.02391	0.03803	0.08495	0.11092	0.02510	0.10804	0.04234	0.11760	0.13210	0.08005	0.03984	0.03210	0.01442	0.01466	0.00387	0.06281	0.01283	0.00918	0.01639
12	0.03071	0.02587	0.02578	0.02006	0.02870	0.09474	0.01586	0.07687	0.03019	0.08739	0.07729	0.03237	0.02838	0.01183	0.01003	0.00247	0.01061	0.00933	0.00858	0.37295
13	0.08505	0.02015	0.02670	0.03065	0.14394	0.01916	0.01917	0.03114	0.06094	0.03998	0.08612	0.09899	0.03936	0.01641	0.01130	0.00334	0.00961	0.05150	0.00842	0.19808

[dist]
# distance from previous block
# <min> <max>
9	76

[block]
# block no. 6 follows, 10 sequences, length 37
# corresponding to MSA columns:
# 818-854
name=unknown_G
#
# <colnr> <probs for GDERKNQSTAVLIFYWHMCP>
#	G	D	E	R	K	N	Q	S	T	A	V	L	I	F	Y	W	H	M	C	P
0	0.01738	0.01401	0.01653	0.01510	0.01987	0.01159	0.01119	0.02108	0.02542	0.03494	0.12615	0.21832	0.18218	0.02438	0.01250	0.00345	0.00691	0.02118	0.00988	0.20793
1	0.53464	0.02472	0.02102	0.01782	0.02549	0.02829	0.01469	0.13250	0.02749	0.05684	0.01878	0.02088	0.01418	0.01149	0.00818	0.00357	0.00984	0.00722	0.00818	0.01418
2	0.03227	0.02280	0.03133	0.08542	0.03761	0.02386	0.06734	0.18273	0.03591	0.11301	0.04006	0.14619	0.03687	0.01980	0.01302	0.00406	0.01203	0.06976	0.01042	0.01553
3	0.02837	0.14020	0.22721	0.02593	0.03821	0.02981	0.02780	0.09820	0.08849	0.04177	0.02432	0.02628	0.01853	0.01142	0.01016	0.00313	0.01323	0.00871	0.00706	0.13116
4	0.10267	0.08128	0.07705	0.07878	0.08166	0.02941	0.02360	0.18326	0.03501	0.11131	0.02551	0.02740	0.01858	0.01211	0.01050	0.00334	0.01240	0.00934	0.00883	0.06797
5	0.03157	0.02413	0.03067	0.03240	0.12858	0.02489	0.02183	0.11401	0.16361	0.09247	0.03748	0.04701	0.03082	0.01556	0.01189	0.00365	0.01091	0.06897	0.01004	0.09952
6	0.01786	0.01370	0.01750	0.01623	0.02034	0.01243	0.01275	0.02284	0.02806	0.03942	0.26256	0.07917	0.11946	0.03088	0.08065	0.00548	0.01005	0.07449	0.01043	0.12570
7	0.02740	0.02289	0.03651	0.02833	0.03638	0.02192	0.15504	0.04003	0.13571	0.09130	0.08904	0.08998	0.03847	0.01543	0.01236	0.00358	0.01170	0.01485	0.00951	0.11957
8	0.03341	0.19476	0.03972	0.11732	0.03977	0.03204	0.02137	0.13276	0.07028	0.09267	0.02570	0.02772	0.01949	0.01188	0.01004	0.00309	0.01204	0.00908	0.00822	0.09865
9	0.02489	0.02136	0.02447	0.01826	0.02799	0.01766	0.01452	0.03451	0.10022	0.03963	0.02496	0.02721	0.02016	0.00976	0.00913	0.00208	0.00871	0.00790	0.00769	0.55888
10	0.02982	0.01806	0.02232	0.01813	0.02455	0.01658	0.01439	0.09316	0.03439	0.15967	0.25240	0.05690	0.06254	0.01761	0.01207	0.00328	0.00805	0.01495	0.01197	0.12916
11	0.03343	0.03122	0.16582	0.02792	0.03860	0.02082	0.10771	0.04125	0.02928	0.22039	0.08377	0.04457	0.07182	0.01480	0.01226	0.00371	0.01288	0.01320	0.00986	0.01669
12	0.04222	0.01989	0.02549	0.02010	0.02837	0.01793	0.01629	0.05073	0.09485	0.35632	0.08539	0.04244	0.03560	0.01470	0.01151	0.00341	0.00924	0.01213	0.01295	0.10043
13	0.03394	0.02144	0.03087	0.02423	0.03171	0.02075	0.08966	0.10020	0.07656	0.19645	0.14569	0.05367	0.08778	0.01709	0.01264	0.00371	0.01049	0.01514	0.01176	0.01622
14	0.03358	0.02695	0.04597	0.03390	0.04404	0.02565	0.22394	0.08344	0.09037	0.13843	0.03097	0.03322	0.02225	0.01168	0.01220	0.00352	0.01427	0.01203	0.00897	0.10461
15	0.04175	0.03091	0.03058	0.02394	0.03286	0.10926	0.01932	0.22191	0.04007	0.16111	0.02888	0.02865	0.02052	0.01264	0.01084	0.00307	0.01259	0.00953	0.01037	0.15119
16	0.03380	0.02226	0.02582	0.02090	0.02928	0.02163	0.01665	0.05054	0.22757	0.17550	0.03885	0.03651	0.02813	0.01323	0.01082	0.00318	0.00921	0.01085	0.01103	0.21424
17	0.14538	0.02445	0.03174	0.07891	0.16844	0.02533	0.02288	0.07992	0.08789	0.09882	0.02707	0.02957	0.02044	0.01177	0.01044	0.00336	0.01129	0.00969	0.00838	0.10424
18	0.03279	0.03775	0.04235	0.16818	0.14022	0.23426	0.10739	0.03884	0.02847	0.03208	0.02032	0.02665	0.01621	0.01121	0.01152	0.00345	0.01810	0.00980	0.00573	0.01465
19	0.09423	0.02466	0.02861	0.09547	0.03733	0.02662	0.02000	0.15094	0.15800	0.13987	0.03372	0.03345	0.02416	0.01346	0.01104	0.00354	0.01097	0.01070	0.01052	0.07272
20	0.03429	0.02769	0.03545	0.19429	0.10267	0.03135	0.02636	0.25421	0.08392	0.05380	0.02689	0.03042	0.01982	0.01302	0.01164	0.00365	0.01339	0.01067	0.00904	0.01742
21	0.11446	0.44867	0.05186	0.02024	0.02976	0.04214	0.01927	0.09490	0.02734	0.03672	0.01776	0.01994	0.01529	0.01060	0.00799	0.00276	0.01205	0.00680	0.00616	0.01529
22	0.02095	0.01286	0.01623	0.01570	0.01840	0.01167	0.01087	0.02349	0.02382	0.09393	0.11102	0.25919	0.06045	0.17983	0.02575	0.00594	0.00837	0.02198	0.01015	0.06939
23	0.30430	0.01622	0.01616	0.01688	0.02083	0.01756	0.01322	0.02572	0.02211	0.04061	0.04257	0.24268	0.04665	0.02430	0.01174	0.00436	0.00855	0.10527	0.00920	0.01109
24	0.02375	0.02250	0.03811	0.43434	0.19510	0.02631	0.03319	0.03128	0.02410	0.03189	0.02099	0.03043	0.01627	0.01130	0.01160	0.00377	0.01506	0.01034	0.00532	0.01436
25	0.02871	0.01629	0.02281	0.16086	0.03558	0.01686	0.01671	0.03210	0.02345	0.17397	0.03516	0.05334	0.03119	0.26671	0.03251	0.00704	0.01199	0.01362	0.00873	0.01238
26	0.01687	0.01148	0.01345	0.01375	0.01477	0.01112	0.00900	0.01749	0.01961	0.02531	0.05274	0.08464	0.13004	0.36762	0.04455	0.07696	0.01009	0.06481	0.00794	0.00776
27	0.02677	0.02557	0.04356	0.21692	0.38895	0.02710	0.03469	0.03393	0.02553	0.03555	0.02152	0.02944	0.01756	0.01074	0.01155	0.00358	0.01432	0.01035	0.00558	0.01679
28	0.02333	0.06016	0.53100	0.03315	0.05034	0.02701	0.04297	0.03683	0.02455	0.03683	0.02087	0.02455	0.01473	0.01105	0.01105	0.00368	0.01719	0.00859	0.00491	0.01719
29	0.02197	0.01461	0.01858	0.01900	0.02210	0.01494	0.01431	0.03063	0.11170	0.08896	0.05522	0.30955	0.05764	0.03490	0.06930	0.00599	0.01060	0.07660	0.01090	0.01252
30	0.13962	0.02150	0.03043	0.19536	0.10636	0.02260	0.02347	0.04200	0.02713	0.23352	0.03021	0.03222	0.02073	0.01244	0.01093	0.00367	0.01200	0.01024	0.00927	0.01632
31	0.02520	0.03215	0.12941	0.08866	0.05292	0.02658	0.26522	0.03732	0.07615	0.03871	0.07981	0.03768	0.02910	0.01236	0.01290	0.00385	0.01617	0.01333	0.00705	0.01542
32	0.10612	0.02724	0.03030	0.11077	0.03986	0.03115	0.02156	0.23100	0.18021	0.05646	0.03134	0.03211	0.02306	0.01379	0.01120	0.00370	0.01172	0.01080	0.01016	0.01746
33	0.01700	0.01233	0.01608	0.01751	0.01985	0.01185	0.01401	0.02115	0.02630	0.03462	0.14600	0.16561	0.12983	0.08900	0.01971	0.00542	0.00879	0.22410	0.01072	0.01012
34	0.02610	0.02059	0.03548	0.17704	0.09633	0.02099	0.10634	0.03302	0.02866	0.10428	0.17403	0.04896	0.04660	0.01522	0.01265	0.00374	0.01229	0.01440	0.00893	0.01434
35	0.10061	0.08688	0.04837	0.03359	0.04290	0.02967	0.23023	0.08048	0.09282	0.04369	0.06982	0.03498	0.02775	0.01239	0.01189	0.00367	0.01435	0.01239	0.00791	0.01559
36	0.10971	0.03598	0.11070	0.02539	0.03545	0.08277	0.02320	0.23299	0.03886	0.09809	0.02539	0.02635	0.01824	0.01247	0.01065	0.00332	0.01327	0.00917	0.00927	0.07871

[dist]
# distance from previous block
# <min> <max>
1	18

[block]
# block no. 7 follows, 10 sequences, length 153
# corresponding to MSA columns:
# 873-1025
name=unknown_H
#
# <colnr> <probs for GDERKNQSTAVLIFYWHMCP>
#	G	D	E	R	K	N	Q	S	T	A	V	L	I	F	Y	W	H	M	C	P
0	0.01612	0.01256	0.01675	0.07890	0.02491	0.01229	0.01380	0.02033	0.02673	0.03529	0.19334	0.22981	0.17300	0.02808	0.01406	0.00423	0.00768	0.07095	0.01068	0.01049
1	0.02809	0.02217	0.02853	0.02305	0.03026	0.02176	0.05626	0.16770	0.03627	0.05025	0.13723	0.05733	0.04646	0.01758	0.01234	0.00348	0.01052	0.08340	0.01020	0.15712
2	0.09469	0.09325	0.31978	0.02646	0.04039	0.02593	0.03107	0.03466	0.02386	0.03793	0.01992	0.02334	0.01508	0.01037	0.00977	0.00313	0.01394	0.00775	0.00561	0.16308
3	0.02778	0.11296	0.38260	0.03164	0.04664	0.02822	0.07468	0.03887	0.02568	0.09075	0.02338	0.02617	0.01658	0.01120	0.01095	0.00356	0.01605	0.00912	0.00606	0.01710
4	0.02631	0.26655	0.35071	0.02807	0.04248	0.03430	0.03412	0.03606	0.02420	0.03320	0.01907	0.02229	0.01481	0.01063	0.00967	0.00322	0.01537	0.00768	0.00494	0.01632
5	0.03117	0.01891	0.02590	0.02178	0.02767	0.01844	0.05321	0.08544	0.08032	0.17987	0.13872	0.17101	0.05453	0.02097	0.01299	0.00392	0.00936	0.01858	0.01199	0.01521
6	0.04141	0.02814	0.09007	0.03526	0.13352	0.02344	0.06228	0.09616	0.03289	0.28396	0.03448	0.03380	0.02325	0.01279	0.01175	0.00359	0.01261	0.01112	0.01061	0.01889
7	0.01522	0.01056	0.01318	0.01485	0.01526	0.01015	0.00936	0.01647	0.02021	0.02695	0.05357	0.38899	0.06364	0.24924	0.03186	0.00724	0.00848	0.02687	0.00936	0.00853
8	0.01872	0.01637	0.02444	0.23019	0.04301	0.01907	0.02068	0.02352	0.02376	0.03156	0.09689	0.20002	0.09447	0.02279	0.01606	0.00424	0.07530	0.01935	0.00817	0.01139
9	0.02377	0.02921	0.11202	0.20458	0.04740	0.08035	0.02558	0.03391	0.07608	0.03747	0.16122	0.04575	0.04382	0.01541	0.01201	0.00369	0.01294	0.01302	0.00805	0.01372
10	0.03234	0.10579	0.22867	0.07412	0.04586	0.03029	0.06905	0.13887	0.03238	0.09662	0.02486	0.02739	0.01774	0.01189	0.01112	0.00353	0.01492	0.00967	0.00758	0.01732
11	0.02665	0.02546	0.04335	0.22534	0.38145	0.02707	0.03463	0.03382	0.02547	0.03541	0.02150	0.02948	0.01751	0.01076	0.01155	0.00359	0.01434	0.01035	0.00557	0.01670
12	0.02920	0.19230	0.26167	0.02510	0.03748	0.02851	0.02859	0.03738	0.02600	0.11631	0.03470	0.03530	0.07314	0.01338	0.01050	0.00338	0.01342	0.01027	0.00719	0.01619
13	0.13551	0.02738	0.08772	0.17833	0.15489	0.02599	0.02744	0.08404	0.02825	0.04307	0.07441	0.03344	0.02631	0.01272	0.01102	0.00364	0.01281	0.01064	0.00719	0.01518
14	0.02738	0.01604	0.01993	0.01707	0.02211	0.01511	0.01339	0.08194	0.03479	0.15582	0.30766	0.07227	0.12652	0.02118	0.01303	0.00366	0.00737	0.01811	0.01280	0.01384
15	0.02502	0.10499	0.28319	0.02675	0.03835	0.02694	0.02985	0.07210	0.08190	0.04019	0.06982	0.08910	0.03196	0.01539	0.01140	0.00367	0.01332	0.01257	0.00753	0.01597
16	0.03102	0.09698	0.17491	0.17549	0.10531	0.02665	0.03080	0.03908	0.02631	0.14531	0.02609	0.02953	0.01858	0.01176	0.01100	0.00356	0.01416	0.00970	0.00724	0.01652
17	0.01753	0.01334	0.01814	0.01910	0.02050	0.01442	0.01476	0.02084	0.02304	0.03135	0.08821	0.24174	0.06149	0.09884	0.06827	0.00680	0.07579	0.14625	0.00946	0.01014
18	0.02960	0.03887	0.23281	0.09654	0.10678	0.02582	0.13338	0.03937	0.02676	0.11891	0.02578	0.02980	0.01827	0.01132	0.01187	0.00372	0.01592	0.01066	0.00685	0.01697
19	0.08057	0.21326	0.13673	0.02575	0.03553	0.07518	0.06974	0.03806	0.08034	0.03690	0.07674	0.03174	0.02789	0.01259	0.01023	0.00329	0.01338	0.01000	0.00698	0.01509
20	0.10027	0.03681	0.22313	0.03804	0.17236	0.02418	0.03077	0.03747	0.02556	0.09644	0.02539	0.02890	0.01880	0.01149	0.01051	0.00349	0.01321	0.00944	0.07711	0.01664
21	0.01443	0.01032	0.01373	0.01602	0.01693	0.00962	0.01082	0.01684	0.02346	0.03159	0.11439	0.52797	0.08060	0.03502	0.01472	0.00460	0.00661	0.03171	0.01102	0.00962
22	0.03273	0.01875	0.02263	0.01979	0.02550	0.01886	0.01583	0.11174	0.08536	0.17796	0.09666	0.11707	0.04681	0.01994	0.01236	0.00385	0.00903	0.06312	0.08657	0.01543
23	0.27150	0.02053	0.02175	0.01814	0.02570	0.02093	0.01476	0.04496	0.07929	0.25013	0.04265	0.03993	0.07356	0.01479	0.01029	0.00367	0.00908	0.01122	0.01112	0.01600
24	0.03975	0.01818	0.02400	0.02062	0.02735	0.01688	0.01678	0.04718	0.08132	0.33623	0.05074	0.11786	0.04138	0.02002	0.01280	0.00406	0.00959	0.08525	0.01309	0.01695
25	0.04421	0.03258	0.03490	0.02676	0.03607	0.03607	0.02211	0.47993	0.05468	0.07330	0.02792	0.02792	0.01978	0.01396	0.01163	0.00349	0.01280	0.01047	0.01163	0.01978
26	0.02610	0.02333	0.03732	0.30148	0.11445	0.02622	0.07422	0.10411	0.02915	0.03866	0.02731	0.09397	0.02385	0.01454	0.01220	0.00387	0.01427	0.01333	0.00703	0.01458
27	0.03549	0.02383	0.03834	0.13733	0.28059	0.02379	0.02888	0.04173	0.02822	0.20067	0.02973	0.03279	0.02141	0.01193	0.01159	0.00357	0.01279	0.01081	0.00856	0.01795
28	0.04950	0.02039	0.02691	0.02104	0.02975	0.01846	0.01725	0.05727	0.08681	0.47166	0.04605	0.04002	0.02956	0.01455	0.01171	0.00364	0.00982	0.01186	0.01410	0.01963
29	0.02425	0.05434	0.44750	0.03158	0.04701	0.02733	0.03891	0.04096	0.10283	0.03879	0.02525	0.02767	0.01817	0.01183	0.01118	0.00373	0.01587	0.00935	0.00606	0.01739
30	0.02537	0.02452	0.04318	0.20880	0.29347	0.02575	0.08372	0.03244	0.02528	0.03476	0.02534	0.07732	0.02249	0.01291	0.01209	0.00374	0.01438	0.01269	0.00603	0.01572
31	0.01581	0.01146	0.01468	0.01600	0.01781	0.01080	0.01176	0.01911	0.02530	0.03369	0.16153	0.27837	0.12840	0.09376	0.01965	0.00526	0.00767	0.10836	0.01079	0.00980
32	0.01527	0.01120	0.01432	0.01490	0.01699	0.01025	0.01066	0.01913	0.02809	0.03837	0.29474	0.28033	0.14408	0.02929	0.01415	0.00410	0.00602	0.02606	0.01180	0.01025
33	0.03287	0.08970	0.04675	0.04256	0.17500	0.03011	0.12966	0.09180	0.10819	0.09264	0.02899	0.03172	0.02191	0.01190	0.01167	0.00356	0.01373	0.01130	0.00825	0.01770
34	0.02496	0.03073	0.17126	0.21103	0.10701	0.02276	0.03057	0.03294	0.02486	0.08380	0.03065	0.12125	0.02715	0.01571	0.01199	0.00388	0.01376	0.01375	0.00704	0.01489
35	0.01967	0.02525	0.13588	0.02494	0.03110	0.01755	0.09472	0.02530	0.02264	0.03109	0.03996	0.17532	0.04267	0.18177	0.02643	0.00628	0.01288	0.06728	0.00764	0.01164
36	0.02614	0.17060	0.30372	0.03450	0.04864	0.03183	0.15422	0.03651	0.02513	0.03487	0.02055	0.02509	0.01556	0.01047	0.01098	0.00348	0.01679	0.00945	0.00519	0.01629
37	0.02575	0.03524	0.18033	0.16868	0.29089	0.02706	0.03699	0.03470	0.02523	0.03585	0.02133	0.02809	0.01675	0.01083	0.01141	0.00361	0.01513	0.00986	0.00539	0.01687
38	0.01794	0.01287	0.01700	0.01742	0.01840	0.01368	0.01277	0.01973	0.02164	0.02944	0.09805	0.17565	0.05639	0.18863	0.03320	0.07960	0.06697	0.10284	0.00873	0.00905
39	0.39506	0.02403	0.02319	0.01900	0.02706	0.02614	0.01567	0.13478	0.03038	0.16648	0.02557	0.02561	0.01788	0.01231	0.00919	0.00358	0.01002	0.00844	0.00981	0.01580
40	0.03345	0.15464	0.11561	0.02242	0.03099	0.08262	0.02118	0.03892	0.02838	0.16986	0.08611	0.09886	0.03647	0.01620	0.01112	0.00344	0.01204	0.01303	0.00923	0.01541
41	0.03325	0.01728	0.02213	0.01834	0.02421	0.01619	0.01459	0.08794	0.03557	0.23237	0.27917	0.06209	0.06858	0.01908	0.01271	0.00362	0.00801	0.01626	0.01327	0.01534
42	0.02111	0.01867	0.02325	0.02213	0.02558	0.07249	0.06786	0.02564	0.02631	0.03462	0.08857	0.24353	0.05832	0.02600	0.01371	0.00429	0.01056	0.12634	0.07981	0.01121
43	0.67341	0.02249	0.01709	0.01529	0.02249	0.02609	0.01260	0.03419	0.01979	0.05218	0.01619	0.01889	0.01260	0.01080	0.00720	0.00360	0.00900	0.00630	0.00720	0.01260
44	0.03058	0.32742	0.23539	0.02502	0.03761	0.03547	0.02833	0.03811	0.02509	0.08851	0.02138	0.02331	0.01645	0.01088	0.00931	0.00307	0.01395	0.00775	0.00604	0.01635
45	0.01517	0.01054	0.01320	0.01492	0.01535	0.01011	0.00943	0.01646	0.02032	0.02709	0.05412	0.39914	0.06433	0.23815	0.03097	0.00711	0.00839	0.02719	0.00943	0.00857
46	0.67341	0.02249	0.01709	0.01529	0.02249	0.02609	0.01260	0.03419	0.01979	0.05218	0.01619	0.01889	0.01260	0.01080	0.00720	0.00360	0.00900	0.00630	0.00720	0.01260
47	0.01417	0.01012	0.01350	0.01619	0.01687	0.00945	0.01080	0.01619	0.02227	0.02969	0.06410	0.58367	0.07692	0.03644	0.01484	0.00472	0.00675	0.03306	0.01080	0.00945
48	0.03623	0.03639	0.21977	0.02535	0.03681	0.02337	0.02682	0.11701	0.03251	0.20627	0.03234	0.03229	0.02200	0.01294	0.01102	0.00351	0.01266	0.01020	0.08475	0.01775
49	0.01736	0.01053	0.01239	0.01375	0.01513	0.01019	0.00935	0.02046	0.02248	0.03413	0.05099	0.31952	0.05497	0.08987	0.01724	0.00469	0.00675	0.02273	0.25778	0.00971
50	0.01553	0.01124	0.01444	0.01624	0.01778	0.01061	0.01178	0.01839	0.02395	0.03154	0.10381	0.34359	0.12289	0.09392	0.01968	0.00538	0.00783	0.11124	0.01054	0.00961
51	0.02864	0.02805	0.04959	0.06890	0.46782	0.02783	0.08468	0.03587	0.02659	0.03791	0.02206	0.02907	0.01834	0.01030	0.01176	0.00351	0.01446	0.01074	0.00577	0.01812
52	0.01591	0.01139	0.01412	0.01494	0.01648	0.01078	0.01045	0.01862	0.02413	0.03225	0.16284	0.22647	0.12247	0.18806	0.02705	0.00630	0.00808	0.07014	0.01019	0.00930
53	0.04800	0.02121	0.02868	0.08161	0.03595	0.02002	0.01930	0.09722	0.03437	0.42488	0.04123	0.03743	0.02639	0.01404	0.01168	0.00362	0.01082	0.01142	0.01309	0.01903
54	0.03234	0.02901	0.04186	0.11759	0.35775	0.08365	0.03167	0.03864	0.02762	0.09272	0.02409	0.02943	0.01891	0.01116	0.01143	0.00347	0.01435	0.01020	0.00672	0.01740
55	0.02421	0.01375	0.01865	0.01766	0.02127	0.01349	0.01372	0.02810	0.02517	0.14004	0.10343	0.10969	0.08802	0.09104	0.18423	0.00928	0.01567	0.06037	0.01007	0.01215
56	0.02401	0.05540	0.45451	0.03577	0.05207	0.02741	0.11469	0.03690	0.02503	0.03690	0.02131	0.02568	0.01522	0.01084	0.01149	0.00372	0.01759	0.00944	0.00507	0.01694
57	0.02611	0.20762	0.34526	0.03368	0.09663	0.03242	0.03569	0.03614	0.02451	0.03430	0.01966	0.02337	0.01520	0.01066	0.01009	0.00332	0.01548	0.00812	0.00502	0.01669
58	0.10512	0.04692	0.36067	0.02834	0.04257	0.02473	0.03376	0.04088	0.02592	0.14620	0.02582	0.02720	0.01757	0.01175	0.01074	0.00365	0.01464	0.00901	0.00726	0.01723
59	0.02735	0.04836	0.36526	0.03313	0.04679	0.02713	0.08498	0.03814	0.02509	0.09232	0.02339	0.02713	0.01673	0.01238	0.01456	0.00386	0.08078	0.00969	0.00613	0.01681
60	0.53699	0.02338	0.02016	0.01717	0.02480	0.02632	0.01415	0.08787	0.02520	0.10344	0.02060	0.02206	0.01509	0.01153	0.00817	0.00359	0.00953	0.00733	0.00845	0.01416
61	0.24561	0.02324	0.02397	0.01998	0.02735	0.02516	0.01618	0.13176	0.11076	0.14700	0.08467	0.03637	0.03180	0.01441	0.01046	0.00364	0.00958	0.01097	0.01088	0.01623
62	0.02816	0.01961	0.03032	0.23394	0.12830	0.02065	0.02435	0.03424	0.02750	0.14243	0.09471	0.04833	0.08730	0.01549	0.01211	0.00372	0.01172	0.01352	0.00883	0.01477
63	0.02102	0.01483	0.01749	0.01788	0.02077	0.01534	0.01332	0.07740	0.08013	0.03967	0.05338	0.32138	0.05672	0.02723	0.01313	0.00422	0.00790	0.06638	0.11978	0.01201
64	0.46488	0.02159	0.02042	0.01711	0.02491	0.02307	0.01411	0.04174	0.02432	0.21149	0.02616	0.02584	0.01803	0.01200	0.00871	0.00360	0.00930	0.00811	0.00961	0.01501
65	0.10024	0.03015	0.04318	0.10036	0.12559	0.08472	0.15297	0.08146	0.02902	0.04093	0.02165	0.02722	0.01686	0.01075	0.01126	0.00341	0.01524	0.01018	0.00664	0.08817
66	0.01763	0.01377	0.01988	0.01931	0.02092	0.01650	0.01488	0.02112	0.01839	0.02659	0.03002	0.04697	0.02907	0.13830	0.43242	0.01632	0.08872	0.01272	0.00620	0.01026
67	0.03580	0.02840	0.03017	0.02506	0.03286	0.03214	0.02007	0.24968	0.29864	0.05973	0.03861	0.03644	0.02844	0.01496	0.01174	0.00374	0.01082	0.01195	0.01174	0.01902
68	0.24605	0.14984	0.21363	0.02325	0.03481	0.02944	0.02555	0.03759	0.02367	0.09051	0.02094	0.02303	0.01550	0.01109	0.00911	0.00341	0.01275	0.00767	0.00667	0.01547
69	0.03239	0.02733	0.02603	0.02275	0.02922	0.10899	0.01754	0.09418	0.18861	0.09282	0.03991	0.12645	0.03453	0.01746	0.01171	0.00358	0.01114	0.01440	0.01036	0.09059
70	0.38184	0.01968	0.01812	0.01670	0.02219	0.02180	0.01308	0.07880	0.02577	0.04897	0.08565	0.15182	0.03880	0.01829	0.01013	0.00384	0.00852	0.01435	0.00914	0.01252
71	0.02691	0.01996	0.02765	0.14743	0.09193	0.02142	0.02121	0.08379	0.08432	0.09169	0.11742	0.13358	0.04603	0.01867	0.01253	0.00387	0.01057	0.01638	0.00989	0.01474
72	0.14102	0.07462	0.08541	0.09281	0.04648	0.02694	0.17470	0.03981	0.02638	0.14331	0.02595	0.02938	0.01848	0.01129	0.01121	0.00366	0.01447	0.01060	0.00770	0.01579
73	0.03387	0.02117	0.02473	0.02069	0.02610	0.02298	0.01660	0.18115	0.03493	0.13145	0.03634	0.09779	0.03005	0.01726	0.01415	0.00363	0.07431	0.01335	0.18409	0.01537
74	0.16971	0.02220	0.03234	0.12087	0.09381	0.02453	0.06925	0.03412	0.02440	0.09428	0.02916	0.04505	0.02543	0.01584	0.01468	0.00413	0.07723	0.08109	0.00772	0.01415
