[name]
unknown

[dist]
# distance from previous block
# <min> <max>
0	246

[block]
# block no. 0 follows, 12 sequences, length 53
# corresponding to MSA columns:
# 331-383
name=unknown_A
#
# <colnr> <probs for GDERKNQSTAVLIFYWHMCP>
#	G	D	E	R	K	N	Q	S	T	A	V	L	I	F	Y	W	H	M	C	P
0	0.01650	0.01189	0.01494	0.01631	0.01787	0.01170	0.01133	0.07188	0.02434	0.03250	0.05623	0.54316	0.06601	0.03176	0.01357	0.00430	0.00697	0.02858	0.01021	0.00996
1	0.01735	0.01052	0.01409	0.01566	0.01719	0.00967	0.01079	0.01951	0.02205	0.08809	0.05815	0.54441	0.06697	0.03180	0.01358	0.00431	0.00666	0.02871	0.01051	0.00996
2	0.02225	0.02155	0.03710	0.28511	0.14188	0.02504	0.08893	0.02854	0.02161	0.02958	0.02031	0.02958	0.01668	0.01973	0.07884	0.00532	0.09948	0.01030	0.00513	0.01304
3	0.01958	0.01399	0.01815	0.01647	0.01898	0.01494	0.01268	0.02306	0.02459	0.08105	0.23089	0.06711	0.14301	0.09455	0.06787	0.00568	0.11070	0.01662	0.00944	0.01068
4	0.69383	0.02109	0.01603	0.01434	0.02109	0.02446	0.01181	0.03205	0.01856	0.04892	0.01518	0.01771	0.01181	0.01012	0.00675	0.00337	0.00843	0.00590	0.00675	0.01181
5	0.01362	0.01080	0.01225	0.01247	0.01533	0.00943	0.00913	0.01685	0.02572	0.03290	0.21459	0.18736	0.34622	0.02737	0.01306	0.00375	0.00556	0.02355	0.01061	0.00943
6	0.02181	0.02113	0.02164	0.07419	0.02787	0.09621	0.01582	0.02883	0.08837	0.03226	0.08779	0.14525	0.12600	0.01970	0.01375	0.00353	0.06331	0.01606	0.00834	0.08816
7	0.02807	0.02576	0.03146	0.13264	0.17567	0.09348	0.02367	0.13792	0.03022	0.03900	0.02926	0.14599	0.02794	0.01590	0.01136	0.00350	0.01250	0.01376	0.00754	0.01435
8	0.03959	0.02597	0.02909	0.02293	0.03068	0.02775	0.01867	0.37267	0.04417	0.15225	0.03309	0.09469	0.02618	0.01556	0.01126	0.00342	0.01086	0.01244	0.01129	0.01744
9	0.02837	0.03157	0.08415	0.17983	0.08812	0.15540	0.06577	0.03618	0.06158	0.06829	0.02616	0.07852	0.02203	0.01320	0.01103	0.00344	0.01460	0.01131	0.00664	0.01381
10	0.02305	0.02231	0.03911	0.37826	0.22226	0.02505	0.07338	0.03024	0.02310	0.03092	0.01997	0.02845	0.01557	0.01038	0.01104	0.00351	0.01438	0.00998	0.00508	0.01396
11	0.15716	0.02183	0.03089	0.03669	0.22618	0.02134	0.02194	0.04179	0.02648	0.26509	0.02936	0.02972	0.02052	0.01144	0.01014	0.00332	0.01053	0.00957	0.00917	0.01684
12	0.02261	0.01938	0.02261	0.01615	0.02584	0.01453	0.01292	0.02745	0.02261	0.03553	0.01938	0.02261	0.01615	0.00807	0.00807	0.00161	0.00807	0.00646	0.00646	0.68346
13	0.02784	0.23488	0.03610	0.02094	0.02822	0.03277	0.01775	0.04903	0.35041	0.03858	0.03408	0.03251	0.02648	0.01287	0.00965	0.00322	0.00970	0.01004	0.00883	0.01611
14	0.03307	0.02505	0.08066	0.13604	0.19777	0.02223	0.06916	0.03965	0.02648	0.21766	0.02830	0.03080	0.01987	0.01126	0.01102	0.00341	0.01267	0.01029	0.00810	0.01651
15	0.02649	0.02577	0.08449	0.03775	0.14295	0.02288	0.15319	0.03732	0.10008	0.08669	0.03392	0.04929	0.02909	0.01479	0.01221	0.00381	0.01310	0.10310	0.00791	0.01518
16	0.02095	0.01926	0.02651	0.02344	0.02372	0.02567	0.01869	0.02304	0.01663	0.02501	0.02075	0.03678	0.02161	0.15660	0.11673	0.00784	0.38977	0.01121	0.00532	0.01047
17	0.02981	0.03349	0.03643	0.02814	0.03675	0.21479	0.14539	0.03508	0.02635	0.03225	0.01919	0.02335	0.01551	0.00948	0.00995	0.00257	0.01485	0.00833	0.00592	0.27237
18	0.01560	0.01157	0.01698	0.01698	0.01874	0.01333	0.01295	0.01912	0.01736	0.02491	0.02970	0.04560	0.02846	0.13363	0.52338	0.01685	0.02740	0.01209	0.00592	0.00943
19	0.69383	0.02109	0.01603	0.01434	0.02109	0.02446	0.01181	0.03205	0.01856	0.04892	0.01518	0.01771	0.01181	0.01012	0.00675	0.00337	0.00843	0.00590	0.00675	0.01181
20	0.01565	0.01139	0.01603	0.01603	0.01746	0.01282	0.01177	0.01851	0.01708	0.02421	0.03057	0.05038	0.03054	0.22342	0.43644	0.01568	0.02427	0.01279	0.00604	0.00891
21	0.02514	0.02030	0.02884	0.17699	0.03979	0.02497	0.02270	0.07467	0.02397	0.07616	0.02821	0.08941	0.02645	0.01841	0.02029	0.00420	0.21490	0.06473	0.00719	0.01269
22	0.02301	0.02185	0.03708	0.39226	0.25451	0.02486	0.03149	0.02998	0.02295	0.03080	0.01981	0.02828	0.01557	0.01045	0.01086	0.00348	0.01394	0.00970	0.00505	0.01407
23	0.02466	0.27343	0.36770	0.02632	0.03984	0.03214	0.03201	0.03381	0.02269	0.03113	0.01788	0.02090	0.01388	0.00996	0.00907	0.00302	0.01441	0.00720	0.00463	0.01530
24	0.02351	0.02282	0.04015	0.33947	0.25275	0.02519	0.07790	0.03067	0.02333	0.03148	0.02007	0.02831	0.01577	0.01029	0.01105	0.00349	0.01431	0.01001	0.00512	0.01432
25	0.01578	0.01087	0.01338	0.01338	0.01390	0.01138	0.00847	0.01681	0.01630	0.02225	0.03299	0.06380	0.03636	0.47517	0.19266	0.01241	0.01550	0.01475	0.00640	0.00743
26	0.01499	0.01113	0.01396	0.01325	0.01602	0.01010	0.00994	0.01971	0.02981	0.04122	0.46714	0.08557	0.18034	0.02322	0.01286	0.00347	0.00521	0.02030	0.01167	0.01010
27	0.01762	0.01034	0.01551	0.01551	0.01627	0.01110	0.01110	0.01627	0.01551	0.02144	0.02296	0.03694	0.02220	0.05508	0.25072	0.42204	0.01720	0.01034	0.00517	0.00669
28	0.04160	0.02629	0.02978	0.02272	0.03146	0.02724	0.01872	0.34384	0.04318	0.19459	0.02998	0.02873	0.02055	0.01271	0.01065	0.00314	0.01090	0.00980	0.01116	0.08299
29	0.01328	0.00949	0.01265	0.01518	0.01581	0.00886	0.01012	0.01518	0.02088	0.02783	0.06010	0.60969	0.07212	0.03416	0.01392	0.00443	0.00633	0.03100	0.01012	0.00886
30	0.01361	0.01119	0.01205	0.01218	0.01563	0.00963	0.00936	0.01685	0.02556	0.03137	0.15495	0.10391	0.44996	0.02724	0.01308	0.00378	0.00589	0.06403	0.01033	0.00940
31	0.04145	0.03054	0.03272	0.02509	0.03381	0.03381	0.02072	0.51243	0.05127	0.06872	0.02618	0.02618	0.01854	0.01309	0.01091	0.00327	0.01200	0.00982	0.01091	0.01854
32	0.10562	0.01878	0.02449	0.01895	0.02724	0.01677	0.01565	0.05128	0.03010	0.51173	0.04057	0.03541	0.02566	0.01320	0.01059	0.00337	0.00920	0.01052	0.01290	0.01796
33	0.02220	0.01344	0.01727	0.01540	0.01929	0.01267	0.01186	0.02930	0.07210	0.13268	0.41521	0.07040	0.08398	0.02015	0.01239	0.00344	0.00615	0.01759	0.01219	0.01230
34	0.57715	0.01919	0.01501	0.01362	0.01963	0.02198	0.01108	0.03090	0.01930	0.04749	0.01871	0.02169	0.01460	0.01057	0.00690	0.00323	0.00785	0.00664	0.12292	0.01152
35	0.01390	0.01109	0.01245	0.01211	0.01535	0.00964	0.00908	0.01761	0.02725	0.03514	0.28284	0.09557	0.36843	0.02549	0.01288	0.00358	0.00537	0.02170	0.01087	0.00964
36	0.01586	0.01057	0.01189	0.01189	0.01189	0.01057	0.00661	0.01586	0.01586	0.02114	0.03436	0.07135	0.03964	0.61681	0.05550	0.01057	0.01057	0.01586	0.00661	0.00661
37	0.01798	0.01038	0.01107	0.01107	0.01228	0.01038	0.00709	0.02040	0.01919	0.03042	0.03493	0.05675	0.03408	0.32945	0.03272	0.00675	0.00796	0.01315	0.32566	0.00830
38	0.01473	0.01027	0.01314	0.01491	0.01643	0.00966	0.01080	0.01774	0.02288	0.03128	0.10376	0.39564	0.10988	0.02991	0.01329	0.00418	0.00656	0.09069	0.07494	0.00931
39	0.69383	0.02109	0.01603	0.01434	0.02109	0.02446	0.01181	0.03205	0.01856	0.04892	0.01518	0.01771	0.01181	0.01012	0.00675	0.00337	0.00843	0.00590	0.00675	0.01181
40	0.04163	0.02086	0.02500	0.01958	0.02709	0.02058	0.01604	0.19218	0.03604	0.31429	0.03645	0.03430	0.02451	0.01323	0.01037	0.00320	0.00940	0.01047	0.12768	0.01710
41	0.69383	0.02109	0.01603	0.01434	0.02109	0.02446	0.01181	0.03205	0.01856	0.04892	0.01518	0.01771	0.01181	0.01012	0.00675	0.00337	0.00843	0.00590	0.00675	0.01181
42	0.02993	0.01417	0.01876	0.01609	0.02073	0.01271	0.01231	0.03375	0.02828	0.26335	0.22012	0.10446	0.05916	0.09505	0.01754	0.00440	0.00774	0.01634	0.01181	0.01331
43	0.04050	0.02863	0.03112	0.02424	0.03264	0.03142	0.01990	0.41859	0.10391	0.11070	0.02979	0.02883	0.02100	0.01332	0.01093	0.00333	0.01137	0.01021	0.01117	0.01840
44	0.01563	0.01091	0.01298	0.01253	0.01482	0.01014	0.00898	0.01943	0.02621	0.03686	0.31940	0.07898	0.15820	0.12963	0.01998	0.00466	0.00618	0.01849	0.08657	0.00942
45	0.02316	0.01409	0.01738	0.01651	0.02063	0.01321	0.01309	0.06541	0.02813	0.13213	0.11138	0.17471	0.18720	0.02494	0.01297	0.00396	0.00775	0.11046	0.01097	0.01192
46	0.02385	0.02385	0.03340	0.02863	0.02863	0.03340	0.02385	0.02624	0.01670	0.02624	0.01431	0.02385	0.01431	0.01908	0.03578	0.00477	0.59685	0.00954	0.00477	0.01193
47	0.69383	0.02109	0.01603	0.01434	0.02109	0.02446	0.01181	0.03205	0.01856	0.04892	0.01518	0.01771	0.01181	0.01012	0.00675	0.00337	0.00843	0.00590	0.00675	0.01181
48	0.01480	0.01087	0.01351	0.01370	0.01584	0.01003	0.00996	0.01837	0.02599	0.03516	0.29358	0.17796	0.16622	0.09357	0.01805	0.00456	0.00635	0.05146	0.01060	0.00941
49	0.03066	0.02915	0.03883	0.03083	0.03588	0.07702	0.11417	0.16897	0.02950	0.04012	0.01939	0.02522	0.01593	0.01485	0.02217	0.00397	0.27215	0.01004	0.00674	0.01441
50	0.18760	0.02975	0.02670	0.02202	0.02946	0.12793	0.01770	0.20150	0.07685	0.13773	0.02639	0.02616	0.01888	0.01229	0.00980	0.00326	0.01187	0.00883	0.00945	0.01584
51	0.01581	0.01025	0.01344	0.01519	0.01660	0.00939	0.01041	0.01793	0.02190	0.06577	0.06245	0.53285	0.10245	0.03222	0.01363	0.00430	0.00648	0.02900	0.01036	0.00958
52	0.02064	0.01376	0.01758	0.01709	0.01910	0.01456	0.01281	0.02502	0.06308	0.07434	0.08264	0.11690	0.04703	0.20414	0.03012	0.05474	0.06083	0.10689	0.00872	0.01004

[dist]
# distance from previous block
# <min> <max>
0	3

[block]
# block no. 1 follows, 12 sequences, length 76
# corresponding to MSA columns:
# 387-462
name=unknown_B
#
# <colnr> <probs for GDERKNQSTAVLIFYWHMCP>
#	G	D	E	R	K	N	Q	S	T	A	V	L	I	F	Y	W	H	M	C	P
0	0.09213	0.17498	0.13057	0.02366	0.03212	0.16117	0.02230	0.03727	0.07531	0.03255	0.01961	0.02225	0.01592	0.01121	0.01084	0.00301	0.05556	0.00751	0.00588	0.06617
1	0.02452	0.02083	0.02450	0.01808	0.02684	0.01800	0.01461	0.07368	0.02484	0.03790	0.01959	0.02306	0.01622	0.00950	0.01073	0.00204	0.05906	0.00705	0.00674	0.56221
2	0.02424	0.02122	0.03371	0.07629	0.03590	0.02418	0.10502	0.02914	0.02207	0.06818	0.02788	0.04727	0.02614	0.01762	0.02095	0.00415	0.22579	0.10942	0.00681	0.07401
3	0.02781	0.03155	0.17439	0.02851	0.04001	0.02106	0.15212	0.03574	0.02504	0.12553	0.02424	0.02704	0.01753	0.00991	0.01044	0.00295	0.01311	0.00936	0.00695	0.21672
4	0.01991	0.01308	0.01642	0.01646	0.01915	0.01280	0.01193	0.05454	0.06500	0.08471	0.15042	0.37071	0.06755	0.02704	0.01302	0.00400	0.00691	0.02410	0.01094	0.01131
5	0.14955	0.04969	0.45689	0.02790	0.04223	0.02516	0.03487	0.03406	0.02217	0.03726	0.01873	0.02201	0.01343	0.01031	0.00967	0.00344	0.01465	0.00765	0.00501	0.01530
6	0.09559	0.08830	0.03382	0.02977	0.07895	0.25569	0.02200	0.03519	0.02399	0.02942	0.01610	0.02127	0.01421	0.01324	0.01739	0.00347	0.19550	0.00784	0.00536	0.01290
7	0.01552	0.01195	0.01480	0.01571	0.01877	0.01077	0.01240	0.01904	0.02371	0.03071	0.07074	0.23308	0.20702	0.02832	0.01345	0.00414	0.00753	0.17968	0.00975	0.07292
8	0.13333	0.01937	0.06921	0.05311	0.02483	0.01731	0.01509	0.06787	0.02270	0.07566	0.07201	0.04107	0.02939	0.13771	0.02620	0.15578	0.01027	0.01111	0.00733	0.01063
9	0.01691	0.01202	0.01809	0.01654	0.01895	0.01140	0.05379	0.01780	0.02095	0.02767	0.12252	0.10311	0.15722	0.03378	0.06778	0.25935	0.00999	0.01630	0.00764	0.00819
10	0.28482	0.02540	0.02513	0.02035	0.02807	0.02830	0.01669	0.25375	0.08312	0.09677	0.02510	0.02524	0.01808	0.01217	0.00937	0.00336	0.01013	0.00868	0.00957	0.01590
11	0.01391	0.01022	0.01323	0.01469	0.01593	0.00995	0.01014	0.01609	0.02031	0.02692	0.05894	0.38114	0.12699	0.10118	0.11958	0.00733	0.01080	0.02483	0.00899	0.00884
12	0.24658	0.01802	0.01964	0.01672	0.02278	0.01834	0.01337	0.07200	0.02762	0.20713	0.12938	0.09313	0.04017	0.01602	0.01024	0.00348	0.00815	0.01282	0.01051	0.01388
13	0.01519	0.01114	0.01424	0.01347	0.01614	0.01019	0.01010	0.02011	0.03030	0.04238	0.50229	0.08366	0.14447	0.02279	0.01286	0.00345	0.00518	0.02003	0.01183	0.01019
14	0.01328	0.00949	0.01265	0.01518	0.01581	0.00886	0.01012	0.01518	0.02088	0.02783	0.06010	0.60969	0.07212	0.03416	0.01392	0.00443	0.00633	0.03100	0.01012	0.00886
15	0.36542	0.01846	0.01798	0.01621	0.02184	0.01985	0.01276	0.06833	0.02374	0.12805	0.03197	0.17168	0.03011	0.01700	0.00958	0.00363	0.00831	0.01340	0.00903	0.01268
16	0.08786	0.01594	0.02053	0.01707	0.02309	0.01450	0.01360	0.03924	0.02922	0.32954	0.17987	0.09699	0.05055	0.01742	0.01141	0.00348	0.00782	0.01469	0.01226	0.01491
17	0.04145	0.03054	0.03272	0.02509	0.03381	0.03381	0.02072	0.51243	0.05127	0.06872	0.02618	0.02618	0.01854	0.01309	0.01091	0.00327	0.01200	0.00982	0.01091	0.01854
18	0.14875	0.01689	0.01929	0.01638	0.02175	0.01672	0.01265	0.07313	0.02610	0.23605	0.03620	0.09327	0.03029	0.12314	0.01820	0.00468	0.00892	0.01268	0.07137	0.01355
19	0.03506	0.01506	0.02025	0.01747	0.02278	0.01333	0.01342	0.03821	0.02673	0.34721	0.04771	0.22035	0.04222	0.06793	0.01543	0.00428	0.00845	0.01767	0.01188	0.01455
20	0.01666	0.01067	0.01373	0.01485	0.01680	0.00968	0.01041	0.01915	0.02318	0.07772	0.10344	0.44293	0.13884	0.03039	0.01341	0.00415	0.00639	0.02713	0.01058	0.00991
21	0.02292	0.13859	0.48737	0.02928	0.04441	0.02791	0.03715	0.03426	0.02289	0.03324	0.01893	0.02222	0.01384	0.01021	0.00987	0.00329	0.01547	0.00773	0.00461	0.01581
22	0.23732	0.02090	0.02214	0.01808	0.02479	0.02197	0.01455	0.15378	0.03092	0.18745	0.07543	0.03559	0.02835	0.06641	0.01377	0.00399	0.00943	0.01038	0.01006	0.01469
23	0.01642	0.01280	0.01850	0.01793	0.01962	0.01513	0.01391	0.02004	0.01861	0.02690	0.07710	0.04639	0.03395	0.10352	0.43256	0.01444	0.08350	0.01250	0.00637	0.00981
24	0.04145	0.03054	0.03272	0.02509	0.03381	0.03381	0.02072	0.51243	0.05127	0.06872	0.02618	0.02618	0.01854	0.01309	0.01091	0.00327	0.01200	0.00982	0.01091	0.01854
25	0.01664	0.01034	0.01384	0.01558	0.01695	0.00953	0.01068	0.01876	0.02185	0.07762	0.05849	0.55576	0.06786	0.03221	0.01364	0.00433	0.00660	0.02911	0.01044	0.00977
26	0.02299	0.01709	0.02541	0.12323	0.10460	0.01894	0.01967	0.02908	0.06597	0.08293	0.03176	0.12087	0.02931	0.03121	0.12264	0.06478	0.05621	0.01362	0.00733	0.01236
27	0.01520	0.01114	0.01425	0.01347	0.01615	0.01019	0.01010	0.02012	0.03031	0.04242	0.50341	0.08360	0.14332	0.02278	0.01286	0.00345	0.00518	0.02002	0.01183	0.01019
28	0.04892	0.01856	0.02530	0.01940	0.02783	0.01603	0.01603	0.05314	0.03121	0.55634	0.04302	0.03711	0.02699	0.01350	0.01096	0.00337	0.00928	0.01096	0.01350	0.01856
29	0.01850	0.01387	0.01819	0.01749	0.02013	0.01539	0.01330	0.06428	0.06180	0.03240	0.08566	0.09936	0.03977	0.10273	0.33193	0.01204	0.02010	0.01449	0.00777	0.01081
30	0.02592	0.08672	0.15469	0.21464	0.05510	0.02630	0.15752	0.03418	0.02410	0.08474	0.02214	0.02760	0.01613	0.01045	0.01095	0.00346	0.01509	0.00996	0.00584	0.01449
31	0.10296	0.02448	0.02565	0.02082	0.02817	0.07260	0.01680	0.15396	0.08524	0.25074	0.07720	0.03531	0.02957	0.01376	0.01062	0.00334	0.01036	0.01075	0.01116	0.01652
32	0.01350	0.01031	0.01240	0.01347	0.01551	0.00921	0.00950	0.01623	0.02392	0.03101	0.15709	0.34406	0.24471	0.02989	0.01338	0.00400	0.00585	0.02632	0.01043	0.00921
33	0.02239	0.02135	0.03776	0.17243	0.23021	0.02198	0.10698	0.02893	0.02493	0.03439	0.10671	0.08192	0.03440	0.01381	0.01174	0.00353	0.01247	0.01349	0.00671	0.01388
34	0.02708	0.20619	0.03720	0.02527	0.08043	0.02677	0.05578	0.07319	0.06246	0.08008	0.03828	0.13436	0.07613	0.01643	0.01056	0.00329	0.01043	0.01398	0.00803	0.01408
35	0.26802	0.03422	0.02617	0.08001	0.03351	0.23424	0.01870	0.11653	0.02906	0.04166	0.01809	0.02103	0.01406	0.01112	0.00904	0.00317	0.01392	0.00737	0.00682	0.01328
36	0.04892	0.01856	0.02530	0.01940	0.02783	0.01603	0.01603	0.05314	0.03121	0.55634	0.04302	0.03711	0.02699	0.01350	0.01096	0.00337	0.00928	0.01096	0.01350	0.01856
37	0.02811	0.02454	0.07506	0.11650	0.11929	0.02364	0.06728	0.03917	0.11945	0.12299	0.03170	0.04027	0.02522	0.01414	0.01339	0.00375	0.05769	0.05441	0.00809	0.01530
38	0.03652	0.08645	0.16840	0.08098	0.03819	0.02335	0.02442	0.08329	0.02900	0.27536	0.03046	0.02985	0.02036	0.01199	0.01042	0.00331	0.01204	0.00950	0.00926	0.01684
39	0.02386	0.02482	0.04906	0.19713	0.13060	0.02524	0.26991	0.03180	0.02447	0.03290	0.02387	0.03625	0.01969	0.01137	0.01220	0.00371	0.01588	0.04756	0.00567	0.01400
40	0.41547	0.07572	0.06316	0.06796	0.03049	0.12675	0.01771	0.03403	0.02171	0.04017	0.01617	0.01942	0.01277	0.01035	0.00795	0.00322	0.01183	0.00659	0.00606	0.01247
41	0.02043	0.01568	0.02319	0.02289	0.02673	0.01580	0.06288	0.06694	0.02747	0.03602	0.05168	0.10588	0.05462	0.02670	0.01449	0.00474	0.01098	0.39195	0.00970	0.01122
42	0.14107	0.02679	0.02518	0.02191	0.02857	0.07601	0.01729	0.13120	0.31784	0.04850	0.03397	0.03251	0.02548	0.01341	0.01023	0.00349	0.01015	0.01036	0.00986	0.01617
43	0.01432	0.01013	0.01306	0.01422	0.01528	0.00954	0.00957	0.01680	0.02280	0.03112	0.18997	0.37162	0.07516	0.12961	0.02067	0.00519	0.00672	0.02530	0.01005	0.00887
44	0.02223	0.05975	0.02328	0.09592	0.02851	0.01993	0.01571	0.03256	0.19394	0.03060	0.03104	0.08363	0.02750	0.02387	0.02240	0.24882	0.00976	0.01207	0.00740	0.01108
45	0.08755	0.03919	0.27608	0.03139	0.04358	0.02512	0.15474	0.03857	0.07560	0.08693	0.02458	0.02734	0.01758	0.01078	0.01081	0.00352	0.01458	0.00982	0.00655	0.01570
46	0.01571	0.01116	0.01487	0.01487	0.01590	0.01219	0.01032	0.01777	0.01674	0.02335	0.03163	0.05627	0.03309	0.33388	0.32947	0.01425	0.02043	0.01365	0.00620	0.00826
47	0.01355	0.01093	0.01206	0.01208	0.01521	0.00944	0.00895	0.01682	0.02597	0.03283	0.21258	0.14538	0.39217	0.02690	0.01297	0.00369	0.00550	0.02293	0.01059	0.00944
48	0.02397	0.02519	0.07531	0.27764	0.26556	0.02528	0.03109	0.03355	0.07161	0.03327	0.02225	0.02887	0.01741	0.01074	0.01084	0.00346	0.01343	0.00983	0.00565	0.01504
49	0.03296	0.02605	0.03190	0.21545	0.04718	0.02990	0.02359	0.30281	0.08996	0.05259	0.02574	0.02863	0.01869	0.01252	0.01092	0.00344	0.01251	0.01003	0.00888	0.01624
50	0.69383	0.02109	0.01603	0.01434	0.02109	0.02446	0.01181	0.03205	0.01856	0.04892	0.01518	0.01771	0.01181	0.01012	0.00675	0.00337	0.00843	0.00590	0.00675	0.01181
51	0.02310	0.02018	0.03022	0.22945	0.11646	0.02352	0.02483	0.07617	0.02589	0.03517	0.07580	0.04812	0.03163	0.01638	0.01536	0.00391	0.09684	0.08695	0.00706	0.01295
52	0.02915	0.62337	0.05714	0.01866	0.02799	0.04314	0.01866	0.03265	0.02215	0.02565	0.01516	0.01749	0.01399	0.00933	0.00700	0.00233	0.01166	0.00583	0.00466	0.01399
53	0.02261	0.01938	0.02261	0.01615	0.02584	0.01453	0.01292	0.02745	0.02261	0.03553	0.01938	0.02261	0.01615	0.00807	0.00807	0.00161	0.00807	0.00646	0.00646	0.68346
54	0.02934	0.02293	0.02472	0.02191	0.02830	0.02599	0.01713	0.05745	0.47842	0.09759	0.04424	0.04032	0.03264	0.01466	0.01108	0.00367	0.00870	0.01219	0.01134	0.01739
55	0.03478	0.02563	0.02778	0.02301	0.03037	0.02853	0.01845	0.22997	0.29704	0.10636	0.03733	0.03481	0.02705	0.01401	0.01101	0.00350	0.00997	0.01124	0.01127	0.01788
56	0.01952	0.01295	0.01643	0.01521	0.01854	0.01242	0.01151	0.02694	0.08083	0.08965	0.40918	0.11404	0.08647	0.02164	0.01259	0.00353	0.00597	0.01904	0.01190	0.01164
57	0.04822	0.01968	0.02600	0.01994	0.02840	0.01770	0.01647	0.09640	0.03310	0.51041	0.04143	0.03608	0.02619	0.01346	0.01096	0.00336	0.00953	0.01086	0.01325	0.01855
58	0.01501	0.01113	0.01398	0.01327	0.01603	0.01011	0.00995	0.01975	0.02986	0.04133	0.47051	0.08538	0.17690	0.02318	0.01286	0.00347	0.00521	0.02027	0.01169	0.01011
59	0.01517	0.01072	0.01411	0.01572	0.01702	0.01033	0.01153	0.01805	0.02260	0.03028	0.12513	0.31294	0.06860	0.12974	0.02109	0.00548	0.00786	0.14485	0.00978	0.00900
60	0.03224	0.01463	0.02027	0.01839	0.02313	0.01338	0.01490	0.03500	0.02582	0.27673	0.04448	0.10537	0.03928	0.02390	0.01766	0.11783	0.00930	0.14383	0.01079	0.01307
61	0.02187	0.05640	0.56031	0.03108	0.04719	0.02532	0.04029	0.03453	0.02302	0.03453	0.01957	0.02302	0.01381	0.01036	0.01036	0.00345	0.01611	0.00806	0.00460	0.01611
62	0.02915	0.62337	0.05714	0.01866	0.02799	0.04314	0.01866	0.03265	0.02215	0.02565	0.01516	0.01749	0.01399	0.00933	0.00700	0.00233	0.01166	0.00583	0.00466	0.01399
63	0.38566	0.01961	0.01942	0.01663	0.02343	0.02082	0.01346	0.03958	0.06222	0.20993	0.02965	0.06899	0.02275	0.01332	0.00896	0.00348	0.00857	0.00986	0.00950	0.01418
64	0.33317	0.01967	0.02121	0.01717	0.02486	0.01974	0.01417	0.04384	0.02563	0.33269	0.03075	0.02856	0.02030	0.01201	0.00911	0.00337	0.00891	0.00873	0.01052	0.01558
65	0.04892	0.01856	0.02530	0.01940	0.02783	0.01603	0.01603	0.05314	0.03121	0.55634	0.04302	0.03711	0.02699	0.01350	0.01096	0.00337	0.00928	0.01096	0.01350	0.01856
66	0.01519	0.01114	0.01424	0.01346	0.01614	0.01018	0.01010	0.02011	0.03029	0.04236	0.50171	0.08369	0.14506	0.02280	0.01286	0.00345	0.00518	0.02003	0.01182	0.01018
67	0.03415	0.01602	0.02101	0.01782	0.02343	0.01465	0.01398	0.07214	0.03027	0.30684	0.13754	0.17409	0.05053	0.01976	0.01198	0.00362	0.00805	0.01702	0.01227	0.01484
68	0.69383	0.02109	0.01603	0.01434	0.02109	0.02446	0.01181	0.03205	0.01856	0.04892	0.01518	0.01771	0.01181	0.01012	0.00675	0.00337	0.00843	0.00590	0.00675	0.01181
69	0.01596	0.00974	0.01171	0.01328	0.01463	0.00935	0.00917	0.01906	0.02163	0.03270	0.05079	0.39369	0.05535	0.02602	0.01153	0.00371	0.00585	0.02309	0.26339	0.00935
70	0.17862	0.01642	0.01950	0.01697	0.02274	0.01590	0.01371	0.03645	0.02687	0.25710	0.12860	0.09945	0.04453	0.01773	0.01103	0.00363	0.00817	0.05754	0.01112	0.01394
71	0.01319	0.01079	0.01165	0.01199	0.01506	0.00925	0.00878	0.01603	0.02475	0.03053	0.14276	0.18735	0.42360	0.02821	0.01306	0.00378	0.00562	0.02404	0.01030	0.00925
72	0.04892	0.01856	0.02530	0.01940	0.02783	0.01603	0.01603	0.05314	0.03121	0.55634	0.04302	0.03711	0.02699	0.01350	0.01096	0.00337	0.00928	0.01096	0.01350	0.01856
73	0.48267	0.02150	0.01951	0.01660	0.02374	0.02386	0.01361	0.07226	0.06255	0.13883	0.02310	0.02349	0.01661	0.01129	0.00812	0.00339	0.00885	0.00757	0.00856	0.01389
74	0.19559	0.01758	0.01829	0.01648	0.02192	0.01843	0.01290	0.03624	0.14144	0.12672	0.09207	0.10278	0.12137	0.01801	0.01069	0.00361	0.00765	0.01466	0.01021	0.01335
75	0.09962	0.01588	0.01933	0.01592	0.02168	0.01482	0.01247	0.03967	0.02586	0.32132	0.03751	0.04166	0.02784	0.11417	0.01740	0.00442	0.00863	0.01115	0.13632	0.01433

[dist]
# distance from previous block
# <min> <max>
0	1

[block]
# block no. 2 follows, 12 sequences, length 17
# corresponding to MSA columns:
# 464-480
name=unknown_C
#
# <colnr> <probs for GDERKNQSTAVLIFYWHMCP>
#	G	D	E	R	K	N	Q	S	T	A	V	L	I	F	Y	W	H	M	C	P
0	0.02030	0.01610	0.01821	0.01793	0.02142	0.01711	0.01321	0.07414	0.18977	0.03750	0.05719	0.31839	0.10418	0.02525	0.01262	0.00401	0.00751	0.02216	0.01051	0.01251
1	0.13847	0.01350	0.01584	0.01587	0.01914	0.01364	0.01204	0.02454	0.02186	0.10145	0.04809	0.23953	0.08174	0.07028	0.07995	0.00604	0.01036	0.06767	0.00924	0.01077
2	0.03185	0.01408	0.01867	0.01670	0.02144	0.01258	0.01277	0.03528	0.02625	0.29260	0.04874	0.25848	0.04452	0.02138	0.01172	0.00368	0.00765	0.01860	0.08916	0.01384
3	0.02939	0.01942	0.02184	0.01907	0.02466	0.02078	0.01493	0.09871	0.23660	0.13121	0.08449	0.08485	0.03862	0.01618	0.01091	0.00346	0.00814	0.01354	0.10783	0.01537
4	0.02366	0.02677	0.07774	0.03119	0.03774	0.07966	0.21033	0.02904	0.02209	0.02922	0.02210	0.03115	0.01876	0.03096	0.15189	0.08571	0.06360	0.01097	0.00539	0.01204
5	0.02344	0.01402	0.01847	0.01654	0.01988	0.01408	0.01275	0.02710	0.02593	0.15074	0.21689	0.10421	0.11018	0.07183	0.05794	0.00521	0.07165	0.01700	0.01037	0.01177
6	0.02591	0.02205	0.02329	0.02109	0.02659	0.02535	0.01612	0.05343	0.47416	0.04299	0.04331	0.04396	0.03396	0.07922	0.01585	0.00443	0.00884	0.01271	0.01061	0.01612
7	0.69383	0.02109	0.01603	0.01434	0.02109	0.02446	0.01181	0.03205	0.01856	0.04892	0.01518	0.01771	0.01181	0.01012	0.00675	0.00337	0.00843	0.00590	0.00675	0.01181
8	0.03211	0.03308	0.02998	0.02549	0.03102	0.22197	0.05655	0.15274	0.03253	0.03826	0.03421	0.09979	0.07779	0.01663	0.01348	0.00345	0.06681	0.01286	0.00786	0.01342
9	0.03726	0.02065	0.02610	0.01996	0.02793	0.01929	0.01638	0.09144	0.02914	0.28563	0.03081	0.03001	0.02137	0.01234	0.01266	0.00296	0.07087	0.00928	0.01010	0.22581
10	0.02277	0.01381	0.01872	0.01767	0.02104	0.01389	0.01421	0.02696	0.02599	0.13604	0.18182	0.11132	0.09110	0.03003	0.07982	0.00557	0.05583	0.11134	0.01036	0.01174
11	0.01673	0.01060	0.01451	0.01451	0.01517	0.01125	0.00987	0.01655	0.01590	0.02185	0.02777	0.04973	0.02895	0.25453	0.22556	0.22476	0.01649	0.01244	0.00576	0.00707
12	0.02915	0.62337	0.05714	0.01866	0.02799	0.04314	0.01866	0.03265	0.02215	0.02565	0.01516	0.01749	0.01399	0.00933	0.00700	0.00233	0.01166	0.00583	0.00466	0.01399
13	0.04775	0.02043	0.02647	0.02029	0.02877	0.01881	0.01676	0.12515	0.03435	0.47989	0.04038	0.03540	0.02567	0.01343	0.01096	0.00336	0.00970	0.01078	0.01309	0.01855
14	0.02762	0.01402	0.01888	0.01773	0.02216	0.01287	0.01462	0.03123	0.02665	0.20990	0.09674	0.08005	0.10590	0.02422	0.01572	0.06546	0.00879	0.18415	0.01091	0.01238
15	0.69383	0.02109	0.01603	0.01434	0.02109	0.02446	0.01181	0.03205	0.01856	0.04892	0.01518	0.01771	0.01181	0.01012	0.00675	0.00337	0.00843	0.00590	0.00675	0.01181
16	0.04145	0.03054	0.03272	0.02509	0.03381	0.03381	0.02072	0.51243	0.05127	0.06872	0.02618	0.02618	0.01854	0.01309	0.01091	0.00327	0.01200	0.00982	0.01091	0.01854

[dist]
# distance from previous block
# <min> <max>
0	12

[block]
# block no. 3 follows, 12 sequences, length 63
# corresponding to MSA columns:
# 493-555
name=unknown_D
#
# <colnr> <probs for GDERKNQSTAVLIFYWHMCP>
#	G	D	E	R	K	N	Q	S	T	A	V	L	I	F	Y	W	H	M	C	P
0	0.01291	0.01094	0.01116	0.01133	0.01480	0.00918	0.00841	0.01562	0.02458	0.02934	0.10696	0.13997	0.51159	0.02807	0.01296	0.00373	0.00558	0.02357	0.01012	0.00918
1	0.09613	0.01926	0.02271	0.01882	0.02540	0.01921	0.01505	0.12210	0.07117	0.27225	0.03962	0.11513	0.03117	0.01609	0.01075	0.00347	0.00887	0.01320	0.06380	0.01582
2	0.01503	0.01113	0.01402	0.01329	0.01604	0.01012	0.00997	0.01980	0.02991	0.04147	0.47456	0.08516	0.17277	0.02313	0.01286	0.00347	0.00520	0.02024	0.01171	0.01012
3	0.60849	0.02232	0.01821	0.01574	0.02275	0.02568	0.01297	0.09489	0.02283	0.05151	0.01662	0.01882	0.01269	0.01051	0.00729	0.00336	0.00890	0.00642	0.00729	0.01269
4	0.28337	0.01541	0.01542	0.01458	0.01903	0.01616	0.01121	0.02859	0.02243	0.10828	0.07680	0.18080	0.03908	0.01811	0.00977	0.00353	0.00726	0.01475	0.10385	0.01157
5	0.01357	0.00971	0.01290	0.01499	0.01588	0.00904	0.01014	0.01589	0.02218	0.02991	0.12327	0.54059	0.07614	0.03261	0.01378	0.00430	0.00617	0.02952	0.01037	0.00904
6	0.01436	0.01025	0.01388	0.01641	0.01751	0.00978	0.01199	0.01704	0.02193	0.02903	0.05950	0.48793	0.06977	0.03315	0.01420	0.00458	0.00726	0.14218	0.01010	0.00915
7	0.60946	0.02076	0.01724	0.01500	0.02197	0.02336	0.01236	0.03481	0.02021	0.11530	0.01882	0.02025	0.01379	0.01056	0.00730	0.00337	0.00854	0.00657	0.00763	0.01269
8	0.08459	0.01455	0.01731	0.01529	0.02007	0.01380	0.01192	0.03209	0.05486	0.18456	0.19918	0.09773	0.11953	0.01911	0.01136	0.00345	0.00690	0.01611	0.06472	0.01286
9	0.01875	0.01586	0.01679	0.01572	0.02022	0.01630	0.01203	0.03271	0.22144	0.03760	0.14139	0.07691	0.28816	0.02194	0.01219	0.00366	0.00668	0.01843	0.01075	0.01247
10	0.04892	0.01856	0.02530	0.01940	0.02783	0.01603	0.01603	0.05314	0.03121	0.55634	0.04302	0.03711	0.02699	0.01350	0.01096	0.00337	0.00928	0.01096	0.01350	0.01856
11	0.01905	0.01485	0.01799	0.01830	0.02151	0.01564	0.01431	0.03115	0.17665	0.03782	0.15652	0.19600	0.06441	0.02475	0.01316	0.00416	0.00777	0.14318	0.01079	0.01200
12	0.02459	0.01572	0.02510	0.02081	0.02505	0.01547	0.09268	0.02821	0.02133	0.14142	0.03265	0.04826	0.02930	0.22126	0.19860	0.01002	0.01731	0.01302	0.00770	0.01150
13	0.01328	0.00949	0.01265	0.01518	0.01581	0.00886	0.01012	0.01518	0.02088	0.02783	0.06010	0.60969	0.07212	0.03416	0.01392	0.00443	0.00633	0.03100	0.01012	0.00886
14	0.01424	0.01131	0.01292	0.01313	0.01637	0.01000	0.01026	0.01792	0.02628	0.03326	0.20167	0.10246	0.36408	0.02679	0.01323	0.00384	0.00617	0.09593	0.01054	0.00959
15	0.03100	0.03450	0.04425	0.13164	0.09136	0.19563	0.19557	0.07885	0.02887	0.03427	0.02024	0.02586	0.01567	0.01050	0.01126	0.00333	0.01711	0.01000	0.00591	0.01419
16	0.03343	0.02839	0.03659	0.11002	0.15901	0.07555	0.06339	0.19103	0.07450	0.08136	0.02547	0.02836	0.01894	0.01172	0.01096	0.00334	0.01327	0.01006	0.00814	0.01648
17	0.04073	0.05197	0.03090	0.02809	0.03371	0.57303	0.02107	0.04354	0.03090	0.02669	0.01685	0.01966	0.01404	0.01124	0.00983	0.00281	0.01966	0.00702	0.00562	0.01264
18	0.02137	0.01985	0.03326	0.45550	0.14766	0.02348	0.02969	0.02831	0.02258	0.02954	0.02291	0.03693	0.01919	0.01239	0.01125	0.00369	0.01388	0.05036	0.00539	0.01277
19	0.02233	0.02060	0.03567	0.17414	0.11177	0.02150	0.13472	0.06556	0.02547	0.03410	0.03308	0.17390	0.03278	0.01742	0.01235	0.00385	0.01274	0.04785	0.00718	0.01298
20	0.01500	0.01000	0.01305	0.01461	0.01515	0.00965	0.00974	0.01580	0.01908	0.02537	0.04809	0.36145	0.05630	0.18010	0.02816	0.09475	0.00809	0.05921	0.00853	0.00785
21	0.01328	0.00949	0.01265	0.01518	0.01581	0.00886	0.01012	0.01518	0.02088	0.02783	0.06010	0.60969	0.07212	0.03416	0.01392	0.00443	0.00633	0.03100	0.01012	0.00886
22	0.01375	0.01103	0.01370	0.06363	0.02052	0.01035	0.01108	0.01649	0.02269	0.02854	0.07846	0.33931	0.27262	0.02928	0.01321	0.00403	0.00669	0.02566	0.00966	0.00929
23	0.69383	0.02109	0.01603	0.01434	0.02109	0.02446	0.01181	0.03205	0.01856	0.04892	0.01518	0.01771	0.01181	0.01012	0.00675	0.00337	0.00843	0.00590	0.00675	0.01181
24	0.02322	0.02325	0.04303	0.34480	0.16965	0.02541	0.15076	0.03080	0.02342	0.03125	0.02029	0.02872	0.01561	0.01023	0.01137	0.00356	0.01517	0.01049	0.00513	0.01384
25	0.04392	0.02658	0.03027	0.02321	0.03184	0.02794	0.01917	0.36081	0.04464	0.22969	0.03174	0.02979	0.02133	0.01322	0.01093	0.00331	0.01110	0.01020	0.01176	0.01855
26	0.01625	0.01161	0.01605	0.01857	0.02050	0.01141	0.01527	0.02031	0.02380	0.03115	0.05846	0.27307	0.06564	0.03137	0.01471	0.00484	0.00889	0.33836	0.01007	0.00968
27	0.23743	0.13085	0.07143	0.01970	0.02807	0.11798	0.01757	0.03668	0.02393	0.11012	0.02030	0.02182	0.01544	0.01040	0.00837	0.00288	0.01157	0.00704	0.00695	0.10148
28	0.02965	0.02603	0.05792	0.02212	0.03125	0.06399	0.05551	0.07078	0.09293	0.10752	0.02628	0.02747	0.01973	0.01049	0.00969	0.00260	0.01076	0.00870	0.00806	0.31852
29	0.12178	0.14533	0.21757	0.03450	0.16460	0.02789	0.02860	0.03506	0.02334	0.07713	0.02025	0.02338	0.01549	0.01023	0.00939	0.00317	0.01286	0.00799	0.00583	0.01560
30	0.11237	0.15770	0.08288	0.03359	0.18752	0.02705	0.02277	0.03323	0.06827	0.03725	0.10573	0.03338	0.03086	0.01223	0.00975	0.00315	0.01071	0.01007	0.00691	0.01459
31	0.01889	0.02609	0.17765	0.02259	0.02889	0.01760	0.02311	0.02595	0.02509	0.03519	0.15469	0.07539	0.05341	0.02155	0.01498	0.00417	0.06194	0.19235	0.00844	0.01205
32	0.09093	0.09806	0.03924	0.14923	0.04440	0.02587	0.12766	0.07523	0.02730	0.17811	0.02604	0.02867	0.01838	0.01114	0.01050	0.00336	0.01286	0.00993	0.00797	0.01515
33	0.02655	0.02196	0.07351	0.14427	0.07842	0.02016	0.02151	0.10797	0.02905	0.11221	0.08807	0.15604	0.03853	0.01756	0.01169	0.00363	0.01068	0.01527	0.00894	0.01397
34	0.01371	0.01095	0.01227	0.01220	0.01530	0.00951	0.00905	0.01714	0.02641	0.03376	0.24089	0.13719	0.37022	0.02647	0.01296	0.00366	0.00547	0.02261	0.01071	0.00951
35	0.02374	0.02327	0.03357	0.02710	0.03335	0.06436	0.16288	0.03714	0.17372	0.03903	0.16154	0.09134	0.04727	0.01626	0.01220	0.00361	0.01136	0.01542	0.00914	0.01371
36	0.02694	0.11831	0.25085	0.07122	0.08739	0.02877	0.07036	0.07674	0.02567	0.06455	0.02073	0.02470	0.01561	0.01122	0.01230	0.00340	0.06099	0.00885	0.00585	0.01555
37	0.02357	0.02390	0.07084	0.03110	0.07230	0.02571	0.09145	0.02820	0.02032	0.05763	0.02385	0.08027	0.02236	0.02559	0.09587	0.00597	0.27005	0.01219	0.00601	0.01283
38	0.01520	0.01165	0.01639	0.09716	0.02541	0.01182	0.01423	0.01867	0.02261	0.02970	0.08366	0.37392	0.09669	0.02902	0.01357	0.00432	0.00805	0.10884	0.00946	0.00964
39	0.02108	0.02001	0.03466	0.45321	0.10653	0.02342	0.06830	0.02826	0.02316	0.03045	0.06542	0.03350	0.02264	0.01166	0.01123	0.00359	0.01391	0.01083	0.00557	0.01258
40	0.03145	0.03043	0.07940	0.21648	0.12921	0.11431	0.02704	0.10360	0.02920	0.10069	0.02305	0.02727	0.01693	0.01135	0.01067	0.00334	0.01425	0.00929	0.00697	0.01507
41	0.02822	0.46160	0.05910	0.02609	0.03588	0.03890	0.15226	0.03327	0.02313	0.02818	0.01704	0.02074	0.01469	0.00929	0.00860	0.00270	0.01349	0.00775	0.00490	0.01419
42	0.02556	0.06966	0.02887	0.10203	0.07519	0.01931	0.01778	0.03071	0.02340	0.08007	0.02123	0.02475	0.01680	0.00919	0.00886	0.00225	0.00978	0.00753	0.00663	0.42039
43	0.01628	0.01114	0.01501	0.01482	0.01702	0.01054	0.01136	0.02000	0.02757	0.03841	0.38982	0.08138	0.08446	0.02577	0.01743	0.09984	0.00655	0.09248	0.01065	0.00946
44	0.01617	0.01209	0.01546	0.01425	0.01758	0.01070	0.01064	0.02084	0.02839	0.04049	0.40574	0.14222	0.08658	0.02183	0.01232	0.00330	0.00571	0.01932	0.01097	0.10538
45	0.02462	0.11357	0.15374	0.10016	0.07821	0.02528	0.02457	0.10940	0.02870	0.03913	0.10889	0.08462	0.03460	0.01471	0.01080	0.00335	0.01169	0.01229	0.00745	0.01421
46	0.02818	0.03580	0.19059	0.07136	0.03709	0.11427	0.02512	0.09618	0.02921	0.07933	0.09679	0.03453	0.02939	0.01922	0.06101	0.00458	0.01511	0.01045	0.00749	0.01432
47	0.01684	0.01323	0.01846	0.02101	0.09152	0.01240	0.01339	0.02196	0.02947	0.04131	0.43051	0.07583	0.13013	0.02099	0.01257	0.00342	0.00628	0.01860	0.01090	0.01118
48	0.11221	0.01419	0.01619	0.01585	0.01935	0.01539	0.01220	0.02494	0.08672	0.03257	0.05229	0.10508	0.15923	0.04508	0.22960	0.00908	0.01561	0.01551	0.00811	0.01080
49	0.02574	0.27518	0.03893	0.17066	0.03857	0.10129	0.02011	0.02965	0.02244	0.02606	0.02206	0.07297	0.02142	0.07646	0.01410	0.00378	0.01294	0.01005	0.00547	0.01213
50	0.03097	0.01694	0.02138	0.01750	0.02417	0.01488	0.01377	0.03751	0.07194	0.23864	0.10505	0.12064	0.04115	0.01633	0.01092	0.00312	0.00796	0.01394	0.01085	0.18233
51	0.12137	0.02522	0.04026	0.05948	0.47410	0.02570	0.03040	0.03326	0.02394	0.03750	0.01976	0.02567	0.01650	0.00977	0.01022	0.00326	0.01231	0.00918	0.00559	0.01650
52	0.03627	0.02797	0.02981	0.02404	0.03184	0.03139	0.01947	0.34813	0.22401	0.06036	0.03276	0.03142	0.02387	0.01370	0.01098	0.00343	0.01078	0.01072	0.01098	0.01808
53	0.02187	0.05640	0.56031	0.03108	0.04719	0.02532	0.04029	0.03453	0.02302	0.03453	0.01957	0.02302	0.01381	0.01036	0.01036	0.00345	0.01611	0.00806	0.00460	0.01611
54	0.11698	0.05140	0.48328	0.02871	0.04350	0.02520	0.03625	0.03418	0.02239	0.03657	0.01895	0.02227	0.01353	0.01033	0.00985	0.00344	0.01503	0.00775	0.00491	0.01550
55	0.01828	0.01350	0.01645	0.01711	0.01987	0.01337	0.01318	0.08750	0.02691	0.03509	0.06322	0.31998	0.14205	0.02906	0.01360	0.00429	0.00792	0.13783	0.01021	0.01058
56	0.69383	0.02109	0.01603	0.01434	0.02109	0.02446	0.01181	0.03205	0.01856	0.04892	0.01518	0.01771	0.01181	0.01012	0.00675	0.00337	0.00843	0.00590	0.00675	0.01181
57	0.02445	0.16791	0.02861	0.01632	0.02372	0.02035	0.01368	0.02820	0.02346	0.08649	0.03851	0.11673	0.09378	0.01521	0.00957	0.00265	0.00852	0.01242	0.00776	0.26167
58	0.49538	0.02417	0.02089	0.09178	0.03030	0.06912	0.01576	0.07525	0.02288	0.04615	0.01685	0.02011	0.01294	0.01058	0.00791	0.00335	0.01045	0.00684	0.00678	0.01252
59	0.11915	0.02139	0.01946	0.01769	0.02267	0.09030	0.01365	0.03562	0.15392	0.06894	0.17250	0.05555	0.13121	0.01764	0.01105	0.00345	0.00868	0.01430	0.00996	0.01285
60	0.11169	0.01257	0.01507	0.01484	0.01669	0.01395	0.01058	0.01982	0.01701	0.02700	0.02927	0.05061	0.02999	0.28416	0.28756	0.01276	0.01886	0.01252	0.00627	0.00879
61	0.11588	0.01962	0.03034	0.50904	0.06745	0.02426	0.02767	0.02845	0.02134	0.03084	0.01879	0.02746	0.01415	0.01079	0.01031	0.00360	0.01367	0.00915	0.00511	0.01207
62	0.11309	0.01461	0.01978	0.01714	0.01969	0.01500	0.07364	0.02093	0.01766	0.02720	0.02963	0.05604	0.03171	0.40953	0.08362	0.00920	0.01275	0.01373	0.00642	0.00865

[dist]
# distance from previous block
# <min> <max>
0	1

[block]
# block no. 4 follows, 12 sequences, length 8
# corresponding to MSA columns:
# 557-564
name=unknown_E
#
# <colnr> <probs for GDERKNQSTAVLIFYWHMCP>
#	G	D	E	R	K	N	Q	S	T	A	V	L	I	F	Y	W	H	M	C	P
0	0.04059	0.01962	0.02882	0.03019	0.15080	0.01785	0.01965	0.04543	0.02966	0.38482	0.08403	0.03881	0.03171	0.01341	0.01110	0.00335	0.00977	0.01148	0.01143	0.01748
1	0.02156	0.04759	0.43469	0.16430	0.05384	0.02506	0.03790	0.03294	0.02273	0.03294	0.01952	0.02446	0.01398	0.01049	0.01049	0.00350	0.01574	0.00845	0.00466	0.01516
2	0.01409	0.01095	0.01281	0.01265	0.01555	0.00967	0.00937	0.01787	0.02725	0.03586	0.30443	0.14081	0.29800	0.02577	0.01297	0.00363	0.00542	0.02224	0.01099	0.00967
3	0.02844	0.03741	0.24918	0.04055	0.16525	0.02432	0.12654	0.03752	0.02538	0.12357	0.02427	0.02761	0.01741	0.01051	0.01106	0.00343	0.01464	0.00989	0.00648	0.01653
4	0.01781	0.01237	0.01747	0.15030	0.02756	0.01353	0.01301	0.01827	0.01683	0.02215	0.02664	0.05100	0.02809	0.31664	0.04141	0.18994	0.01122	0.01267	0.00568	0.00741
5	0.19401	0.16036	0.03392	0.02141	0.02949	0.08588	0.01818	0.24741	0.03512	0.05049	0.02024	0.02163	0.01551	0.01138	0.00896	0.00305	0.01182	0.00774	0.00804	0.01537
6	0.69383	0.02109	0.01603	0.01434	0.02109	0.02446	0.01181	0.03205	0.01856	0.04892	0.01518	0.01771	0.01181	0.01012	0.00675	0.00337	0.00843	0.00590	0.00675	0.01181
7	0.03243	0.07349	0.13368	0.03242	0.11232	0.02861	0.05901	0.17748	0.10484	0.09613	0.02731	0.02847	0.01996	0.01184	0.01069	0.00333	0.01257	0.00988	0.00840	0.01714

[dist]
# distance from previous block
# <min> <max>
0	1

[block]
# block no. 5 follows, 12 sequences, length 12
# corresponding to MSA columns:
# 566-577
name=unknown_F
#
# <colnr> <probs for GDERKNQSTAVLIFYWHMCP>
#	G	D	E	R	K	N	Q	S	T	A	V	L	I	F	Y	W	H	M	C	P
0	0.02885	0.02456	0.07913	0.13094	0.14520	0.02343	0.06295	0.03475	0.02438	0.15131	0.03104	0.03467	0.05647	0.01361	0.01515	0.00367	0.10659	0.01104	0.00734	0.01494
1	0.01690	0.01152	0.01343	0.01310	0.01648	0.01003	0.00976	0.02019	0.02615	0.08179	0.19268	0.17523	0.32051	0.02616	0.01287	0.00372	0.00592	0.02244	0.01086	0.01027
2	0.02199	0.01415	0.02028	0.14073	0.03102	0.01427	0.01559	0.02745	0.02894	0.12344	0.34745	0.06280	0.07126	0.01837	0.01212	0.00347	0.00787	0.01611	0.01068	0.01203
3	0.07834	0.03654	0.18494	0.11911	0.04617	0.08419	0.10615	0.07807	0.02560	0.03601	0.01928	0.02464	0.01474	0.01167	0.01374	0.00359	0.08810	0.00917	0.00567	0.01427
4	0.17898	0.02083	0.03067	0.37156	0.13877	0.02455	0.02648	0.02974	0.02153	0.03403	0.01858	0.02608	0.01434	0.01053	0.00991	0.00351	0.01285	0.00881	0.00538	0.01287
5	0.01835	0.01423	0.01893	0.01810	0.02021	0.01685	0.01396	0.02514	0.08156	0.02881	0.03055	0.04328	0.02795	0.11635	0.34291	0.01241	0.08449	0.01183	0.06345	0.01062
6	0.01838	0.01109	0.01493	0.01612	0.01809	0.01027	0.01168	0.02117	0.02345	0.09563	0.09772	0.44145	0.06801	0.03016	0.01359	0.00428	0.00700	0.07597	0.01069	0.01031
7	0.03203	0.23443	0.09654	0.06284	0.03460	0.03105	0.02134	0.14853	0.03022	0.09670	0.02217	0.02380	0.01680	0.01075	0.00915	0.00280	0.01173	0.00795	0.00736	0.09923
8	0.16317	0.02570	0.07433	0.18865	0.15676	0.02546	0.10168	0.03387	0.06216	0.03687	0.02114	0.02679	0.01628	0.01048	0.01030	0.00349	0.01318	0.00949	0.00593	0.01425
9	0.12459	0.07839	0.02205	0.01876	0.04980	0.01934	0.01385	0.02427	0.02265	0.03551	0.12119	0.13705	0.09718	0.01921	0.01356	0.00354	0.08099	0.01525	0.09166	0.01115
10	0.39711	0.12129	0.03117	0.02137	0.02889	0.11644	0.07936	0.03438	0.02205	0.03986	0.01635	0.01952	0.01313	0.01006	0.00808	0.00316	0.01205	0.00698	0.00608	0.01266
11	0.20123	0.02322	0.02809	0.37929	0.05647	0.08135	0.02442	0.03060	0.02189	0.03332	0.01800	0.02508	0.01376	0.01073	0.00969	0.00348	0.01345	0.00841	0.00543	0.01209

[dist]
# distance from previous block
# <min> <max>
1	4

[block]
# block no. 6 follows, 12 sequences, length 9
# corresponding to MSA columns:
# 582-590
name=unknown_G
#
# <colnr> <probs for GDERKNQSTAVLIFYWHMCP>
#	G	D	E	R	K	N	Q	S	T	A	V	L	I	F	Y	W	H	M	C	P
0	0.02998	0.02374	0.07592	0.15491	0.11322	0.02162	0.07673	0.07118	0.02723	0.16756	0.03145	0.10280	0.02574	0.01424	0.01145	0.00358	0.01231	0.01291	0.00829	0.01514
1	0.01421	0.00998	0.01273	0.01417	0.01491	0.00948	0.00928	0.01609	0.02100	0.02836	0.11987	0.40432	0.06830	0.17651	0.02405	0.00581	0.00721	0.02571	0.00951	0.00850
2	0.01920	0.01791	0.02855	0.11095	0.03421	0.02108	0.07984	0.02374	0.02012	0.02776	0.03553	0.04389	0.09922	0.03851	0.20261	0.00849	0.15844	0.01273	0.00604	0.01117
3	0.14159	0.11222	0.12130	0.03203	0.10092	0.02838	0.11732	0.09845	0.02739	0.08908	0.02189	0.02483	0.01631	0.01052	0.00996	0.00327	0.01309	0.00903	0.00690	0.01552
4	0.11510	0.02519	0.11157	0.08259	0.10412	0.02076	0.08361	0.03072	0.02438	0.07138	0.06548	0.05069	0.06019	0.01550	0.01143	0.00373	0.01197	0.09064	0.00746	0.01349
