[name]
unknown

[dist]
# distance from previous block
# <min> <max>
0	108

[block]
# block no. 0 follows, 15 sequences, length 74
# corresponding to MSA columns:
# 115-188
name=unknown_A
#
# <colnr> <probs for GDERKNQSTAVLIFYWHMCP>
#	G	D	E	R	K	N	Q	S	T	A	V	L	I	F	Y	W	H	M	C	P
0	0.01436	0.01022	0.01367	0.01367	0.01464	0.01119	0.00953	0.01629	0.01533	0.02140	0.02885	0.05106	0.03009	0.33700	0.35497	0.01312	0.01893	0.01242	0.00566	0.00760
1	0.02572	0.07005	0.03231	0.35140	0.14004	0.02311	0.02468	0.06258	0.02343	0.12005	0.02143	0.02644	0.01571	0.01018	0.00968	0.00311	0.01193	0.00878	0.00611	0.01328
2	0.01616	0.01361	0.02032	0.24493	0.03653	0.01467	0.01693	0.02050	0.01981	0.02700	0.06480	0.22288	0.03622	0.02449	0.08086	0.00478	0.01121	0.01533	0.00664	0.10232
3	0.01653	0.01396	0.01867	0.01739	0.01807	0.01704	0.01318	0.01849	0.01685	0.02397	0.06555	0.11522	0.06343	0.19405	0.12533	0.00745	0.22577	0.01408	0.00621	0.00876
4	0.02133	0.02395	0.06153	0.02280	0.02834	0.12381	0.13033	0.02856	0.07268	0.03322	0.20979	0.08029	0.08933	0.01569	0.01103	0.00317	0.01070	0.01414	0.00792	0.01139
5	0.02665	0.65565	0.05224	0.01706	0.02559	0.03945	0.01706	0.02985	0.02026	0.02345	0.01386	0.01599	0.01279	0.00853	0.00640	0.00213	0.01066	0.00533	0.00426	0.01279
6	0.02665	0.02079	0.03090	0.04052	0.32177	0.02097	0.02263	0.03663	0.13956	0.12413	0.03477	0.03582	0.07612	0.01203	0.01014	0.00311	0.00980	0.01077	0.00765	0.01525
7	0.01201	0.00921	0.01102	0.01247	0.01409	0.00822	0.00863	0.01404	0.02044	0.02600	0.07210	0.43930	0.25871	0.02900	0.01237	0.00379	0.00551	0.02562	0.00926	0.00822
8	0.02665	0.65565	0.05224	0.01706	0.02559	0.03945	0.01706	0.02985	0.02026	0.02345	0.01386	0.01599	0.01279	0.00853	0.00640	0.00213	0.01066	0.00533	0.00426	0.01279
9	0.72007	0.01928	0.01465	0.01311	0.01928	0.02236	0.01080	0.02930	0.01697	0.04473	0.01388	0.01619	0.01080	0.00925	0.00617	0.00308	0.00771	0.00540	0.00617	0.01080
10	0.01424	0.01068	0.01602	0.01602	0.01780	0.01246	0.01246	0.01780	0.01602	0.02314	0.02670	0.03916	0.02492	0.07477	0.61015	0.01602	0.02670	0.01068	0.00534	0.00890
11	0.08837	0.02936	0.11018	0.11019	0.10944	0.08241	0.02298	0.20867	0.03017	0.04160	0.02171	0.06046	0.01772	0.01170	0.00963	0.00309	0.01203	0.00934	0.00687	0.01407
12	0.01416	0.00957	0.01115	0.01139	0.01164	0.00944	0.00671	0.01473	0.01612	0.02167	0.07527	0.14237	0.04445	0.52130	0.04283	0.00844	0.00878	0.01659	0.00683	0.00656
13	0.01641	0.11400	0.01869	0.01337	0.01568	0.01501	0.00968	0.01989	0.05639	0.02554	0.09577	0.19725	0.07373	0.25621	0.02560	0.00567	0.00801	0.01685	0.00749	0.00876
14	0.01811	0.01404	0.02029	0.24168	0.03575	0.01609	0.01683	0.05525	0.02204	0.03116	0.11282	0.04031	0.03184	0.06084	0.12759	0.00592	0.01280	0.01107	0.11538	0.01020
15	0.02067	0.01772	0.02067	0.01477	0.02362	0.01329	0.01181	0.02510	0.02067	0.03248	0.01772	0.02067	0.01477	0.00738	0.00738	0.00148	0.00738	0.00591	0.00591	0.71059
16	0.02522	0.08430	0.36757	0.02552	0.03731	0.02629	0.02911	0.15912	0.08111	0.03952	0.02130	0.02298	0.01543	0.01040	0.00945	0.00307	0.01288	0.00800	0.00618	0.01524
17	0.03184	0.23125	0.03364	0.01945	0.02656	0.15469	0.01642	0.10721	0.02700	0.11872	0.02256	0.06073	0.01881	0.01132	0.00853	0.00255	0.01134	0.00833	0.00699	0.08206
18	0.01732	0.00866	0.01299	0.01299	0.01299	0.00866	0.00866	0.01299	0.01299	0.01732	0.01732	0.03030	0.01732	0.03463	0.03896	0.70996	0.00866	0.00866	0.00433	0.00433
19	0.01658	0.01463	0.02287	0.01902	0.02341	0.01364	0.12612	0.05347	0.02509	0.03310	0.18367	0.16621	0.22044	0.02067	0.01182	0.00341	0.00800	0.01883	0.00880	0.01022
20	0.02450	0.02875	0.23469	0.02006	0.02942	0.01655	0.02101	0.03084	0.02182	0.15340	0.02641	0.07073	0.02176	0.07402	0.01337	0.00344	0.01048	0.00973	0.00693	0.18210
21	0.01411	0.01019	0.01333	0.01254	0.01489	0.00941	0.00941	0.01881	0.02822	0.03998	0.58221	0.07447	0.09406	0.02038	0.01176	0.00314	0.00470	0.01803	0.01097	0.00941
22	0.02424	0.02174	0.02830	0.08437	0.19022	0.02425	0.02105	0.04419	0.36554	0.03769	0.03236	0.03269	0.02476	0.01189	0.01005	0.00326	0.00949	0.01038	0.00816	0.01538
23	0.28757	0.02249	0.02172	0.01838	0.02488	0.02565	0.01483	0.18825	0.21341	0.04890	0.02585	0.02556	0.01924	0.01149	0.00861	0.00316	0.00871	0.00842	0.00861	0.01426
24	0.03790	0.02792	0.02992	0.02294	0.03091	0.03091	0.01895	0.55423	0.04687	0.06283	0.02393	0.02393	0.01695	0.01197	0.00997	0.00299	0.01097	0.00898	0.00997	0.01695
25	0.72007	0.01928	0.01465	0.01311	0.01928	0.02236	0.01080	0.02930	0.01697	0.04473	0.01388	0.01619	0.01080	0.00925	0.00617	0.00308	0.00771	0.00540	0.00617	0.01080
26	0.03724	0.04751	0.02825	0.02568	0.03082	0.60963	0.01926	0.03981	0.02825	0.02440	0.01541	0.01798	0.01284	0.01027	0.00899	0.00257	0.01798	0.00642	0.00514	0.01156
27	0.02665	0.65565	0.05224	0.01706	0.02559	0.03945	0.01706	0.02985	0.02026	0.02345	0.01386	0.01599	0.01279	0.00853	0.00640	0.00213	0.01066	0.00533	0.00426	0.01279
28	0.01327	0.01016	0.01217	0.01166	0.01438	0.00905	0.00875	0.01719	0.02624	0.03528	0.40914	0.08219	0.27005	0.02213	0.01177	0.00322	0.00483	0.01911	0.01036	0.00905
29	0.01450	0.00966	0.01087	0.01087	0.01087	0.00966	0.00604	0.01450	0.01450	0.01933	0.03141	0.06524	0.03624	0.64965	0.05074	0.00966	0.00966	0.01450	0.00604	0.00604
30	0.01374	0.00976	0.01294	0.01360	0.01441	0.01024	0.00929	0.01553	0.01635	0.02245	0.03635	0.21909	0.04051	0.26541	0.24380	0.01039	0.01477	0.01702	0.00669	0.00766
31	0.01883	0.01772	0.02990	0.62569	0.06866	0.02215	0.02769	0.02547	0.01993	0.02547	0.01772	0.02658	0.01329	0.00997	0.00997	0.00332	0.01329	0.00886	0.00443	0.01107
32	0.03554	0.14512	0.03210	0.02430	0.02998	0.51811	0.01891	0.03821	0.02697	0.02425	0.01516	0.01766	0.01283	0.00999	0.00857	0.00250	0.01680	0.00625	0.00500	0.01176
33	0.02275	0.01765	0.02088	0.01502	0.02378	0.01341	0.01206	0.02713	0.02135	0.08111	0.01959	0.02182	0.01562	0.00781	0.00761	0.00162	0.00748	0.00626	0.00646	0.65057
34	0.02193	0.01652	0.02334	0.28026	0.04063	0.01891	0.01859	0.10383	0.02286	0.06747	0.02441	0.03754	0.02147	0.17625	0.07914	0.00609	0.01303	0.01054	0.00629	0.01089
35	0.03098	0.10069	0.12151	0.06417	0.03393	0.29085	0.02177	0.12230	0.02862	0.03217	0.02171	0.02392	0.04323	0.01102	0.00919	0.00278	0.01456	0.00782	0.00589	0.01291
36	0.01585	0.01063	0.01356	0.01257	0.01541	0.00963	0.00952	0.02021	0.02751	0.07537	0.48225	0.07459	0.15410	0.02049	0.01164	0.00316	0.00500	0.01789	0.01084	0.00978
37	0.02150	0.09269	0.52590	0.02747	0.04119	0.06000	0.03441	0.03195	0.02143	0.03058	0.01746	0.02051	0.01265	0.00946	0.00923	0.00305	0.01465	0.00717	0.00427	0.01441
38	0.02134	0.04275	0.41868	0.02930	0.04183	0.02375	0.11642	0.03506	0.10947	0.03326	0.02190	0.02458	0.01589	0.00995	0.00995	0.00323	0.01397	0.00870	0.00530	0.01469
39	0.03602	0.04495	0.02769	0.02515	0.03034	0.55214	0.01892	0.04110	0.08146	0.02610	0.01788	0.01987	0.01457	0.01059	0.00910	0.00265	0.01699	0.00690	0.00563	0.01197
40	0.01852	0.01051	0.01394	0.01465	0.01684	0.00977	0.01085	0.02137	0.02178	0.11911	0.08034	0.39452	0.05656	0.02553	0.01192	0.00378	0.00651	0.08838	0.06531	0.00983
41	0.01450	0.00966	0.01087	0.01087	0.01087	0.00966	0.00604	0.01450	0.01450	0.01933	0.03141	0.06524	0.03624	0.64965	0.05074	0.00966	0.00966	0.01450	0.00604	0.00604
42	0.01396	0.01018	0.01312	0.01239	0.01480	0.00934	0.00929	0.01853	0.02787	0.03916	0.55191	0.07582	0.12488	0.02069	0.01176	0.00315	0.00472	0.01822	0.01087	0.00934
43	0.03189	0.35053	0.08201	0.01980	0.02818	0.09975	0.01863	0.10362	0.02615	0.12430	0.01991	0.02063	0.01531	0.00989	0.00800	0.00253	0.01150	0.00687	0.00646	0.01404
44	0.01309	0.01013	0.01198	0.01195	0.01461	0.00902	0.00902	0.01665	0.02489	0.03271	0.30501	0.12508	0.30109	0.02368	0.01196	0.00339	0.00521	0.05166	0.01000	0.00887
45	0.03503	0.02650	0.02830	0.02236	0.02982	0.02958	0.01825	0.44447	0.16130	0.05820	0.02758	0.02684	0.01990	0.01231	0.01001	0.00308	0.01030	0.00948	0.01001	0.01670
46	0.03790	0.02792	0.02992	0.02294	0.03091	0.03091	0.01895	0.55423	0.04687	0.06283	0.02393	0.02393	0.01695	0.01197	0.00997	0.00299	0.01097	0.00898	0.00997	0.01695
47	0.02067	0.01772	0.02067	0.01477	0.02362	0.01329	0.01181	0.02510	0.02067	0.03248	0.01772	0.02067	0.01477	0.00738	0.00738	0.00148	0.00738	0.00591	0.00591	0.71059
48	0.03564	0.02680	0.02865	0.02248	0.03005	0.02986	0.01840	0.46787	0.13690	0.05919	0.02680	0.02622	0.01928	0.01224	0.01000	0.00306	0.01044	0.00937	0.01000	0.01675
49	0.03790	0.02792	0.02992	0.02294	0.03091	0.03091	0.01895	0.55423	0.04687	0.06283	0.02393	0.02393	0.01695	0.01197	0.00997	0.00299	0.01097	0.00898	0.00997	0.01695
50	0.03482	0.02798	0.02808	0.02254	0.02976	0.07565	0.01824	0.39762	0.16589	0.05489	0.02709	0.02652	0.01973	0.01219	0.00993	0.00305	0.01082	0.00930	0.00963	0.01625
51	0.07572	0.02106	0.03044	0.24606	0.23505	0.05683	0.02435	0.02988	0.02259	0.07968	0.06453	0.02908	0.02137	0.01059	0.00974	0.00310	0.01156	0.00929	0.00598	0.01310
52	0.01436	0.01021	0.01365	0.01365	0.01461	0.01117	0.00950	0.01628	0.01532	0.02138	0.02887	0.05119	0.03014	0.33991	0.35214	0.01309	0.01884	0.01244	0.00566	0.00758
53	0.07992	0.10693	0.15444	0.03002	0.15261	0.02512	0.02358	0.10068	0.07923	0.11829	0.02338	0.02467	0.01724	0.01034	0.00914	0.00297	0.01103	0.00827	0.00700	0.01514
54	0.03449	0.02482	0.02695	0.02160	0.02882	0.02741	0.01754	0.34848	0.20774	0.10851	0.03063	0.02904	0.02191	0.01249	0.01003	0.00312	0.00977	0.00979	0.01026	0.01659
55	0.01454	0.01068	0.01381	0.01269	0.01546	0.00966	0.00956	0.01922	0.02773	0.03949	0.54533	0.07095	0.08888	0.01953	0.01147	0.00303	0.00488	0.01724	0.01064	0.05521
56	0.05945	0.02648	0.17349	0.22884	0.04391	0.02097	0.02451	0.03370	0.10519	0.10377	0.02621	0.06644	0.02043	0.01200	0.00985	0.00329	0.01145	0.01005	0.00666	0.01330
57	0.02665	0.65565	0.05224	0.01706	0.02559	0.03945	0.01706	0.02985	0.02026	0.02345	0.01386	0.01599	0.01279	0.00853	0.00640	0.00213	0.01066	0.00533	0.00426	0.01279
58	0.01230	0.00880	0.01171	0.01377	0.01449	0.00820	0.00927	0.01427	0.01981	0.02661	0.09699	0.59780	0.06818	0.03037	0.01265	0.00398	0.00570	0.02752	0.00939	0.00820
59	0.65171	0.01971	0.01719	0.01784	0.07514	0.02249	0.01274	0.02943	0.01753	0.04353	0.01436	0.01703	0.01129	0.00922	0.00653	0.00307	0.00812	0.00574	0.00605	0.01129
60	0.03101	0.02364	0.02540	0.02115	0.02781	0.02653	0.01692	0.24469	0.33672	0.08308	0.03413	0.03192	0.02492	0.01286	0.01007	0.00321	0.00911	0.01032	0.01021	0.01630
61	0.02275	0.01765	0.02088	0.01502	0.02378	0.01341	0.01206	0.02713	0.02135	0.08111	0.01959	0.02182	0.01562	0.00781	0.00761	0.00162	0.00748	0.00626	0.00646	0.65057
62	0.02169	0.15836	0.38592	0.06096	0.04260	0.02643	0.10858	0.03097	0.02121	0.02978	0.01747	0.02127	0.01306	0.00917	0.00927	0.00301	0.01420	0.00772	0.00435	0.01398
63	0.02436	0.30230	0.33287	0.02298	0.03467	0.02943	0.02714	0.03193	0.02119	0.06402	0.01757	0.01975	0.01346	0.00926	0.00822	0.00272	0.01263	0.00668	0.00475	0.01406
64	0.04109	0.01687	0.02243	0.01759	0.02478	0.01511	0.01439	0.04694	0.07164	0.51319	0.07577	0.03691	0.02978	0.01297	0.01015	0.00311	0.00818	0.01066	0.01207	0.01636
65	0.04473	0.01697	0.02313	0.01774	0.02545	0.01465	0.01465	0.04858	0.02853	0.59437	0.03933	0.03393	0.02468	0.01234	0.01003	0.00308	0.00848	0.01003	0.01234	0.01697
66	0.02710	0.03396	0.20924	0.03795	0.21880	0.08341	0.06237	0.03565	0.05652	0.10577	0.02225	0.02497	0.01651	0.00991	0.00982	0.00305	0.01302	0.00864	0.00603	0.01502
67	0.08982	0.01981	0.03095	0.36547	0.20946	0.02278	0.02610	0.02906	0.05543	0.03043	0.01909	0.02569	0.01485	0.00981	0.00958	0.00320	0.01198	0.00868	0.00511	0.01270
68	0.01485	0.01182	0.01482	0.01656	0.05223	0.01148	0.01108	0.02089	0.08886	0.03149	0.18066	0.28412	0.17535	0.02392	0.01181	0.00355	0.00602	0.02113	0.00948	0.00988
69	0.01333	0.01211	0.04853	0.01745	0.04876	0.00989	0.01213	0.01590	0.01941	0.02622	0.05066	0.57052	0.05987	0.02865	0.01237	0.00393	0.00667	0.02597	0.00870	0.00893
70	0.02921	0.29723	0.09210	0.02622	0.07620	0.10645	0.08271	0.08437	0.02509	0.06717	0.01819	0.02061	0.01448	0.00944	0.00849	0.00263	0.01266	0.00735	0.00561	0.01380
71	0.02326	0.02599	0.05543	0.08651	0.08999	0.02488	0.47687	0.03136	0.02321	0.03150	0.01989	0.02672	0.01504	0.00855	0.01150	0.00333	0.01621	0.01135	0.00499	0.01343
72	0.01514	0.01132	0.01542	0.01524	0.01694	0.01283	0.01133	0.01989	0.05982	0.02379	0.02884	0.04469	0.02783	0.19528	0.44029	0.01363	0.02149	0.01156	0.00588	0.00883
73	0.01355	0.01028	0.01456	0.01842	0.07083	0.00974	0.01137	0.01595	0.02023	0.02741	0.09701	0.53313	0.06344	0.02810	0.01236	0.00386	0.00629	0.02553	0.00898	0.00897

[dist]
# distance from previous block
# <min> <max>
0	1

[block]
# block no. 1 follows, 15 sequences, length 22
# corresponding to MSA columns:
# 190-211
name=unknown_B
#
# <colnr> <probs for GDERKNQSTAVLIFYWHMCP>
#	G	D	E	R	K	N	Q	S	T	A	V	L	I	F	Y	W	H	M	C	P
0	0.12832	0.02877	0.13537	0.03577	0.22223	0.06881	0.06306	0.03125	0.05820	0.03355	0.02747	0.03040	0.07261	0.01109	0.00952	0.00308	0.01166	0.00948	0.00579	0.01358
1	0.01999	0.05157	0.59800	0.02841	0.04315	0.02315	0.03683	0.03157	0.02105	0.03157	0.01789	0.02105	0.01263	0.00947	0.00947	0.00316	0.01473	0.00737	0.00421	0.01473
2	0.01374	0.00944	0.01150	0.01222	0.01254	0.00940	0.00755	0.01457	0.01605	0.02154	0.03839	0.24374	0.04463	0.41103	0.08305	0.00841	0.00980	0.01852	0.00699	0.00691
3	0.01695	0.01248	0.01672	0.01855	0.02119	0.01282	0.01604	0.02393	0.07828	0.03104	0.05155	0.10483	0.05464	0.02612	0.01340	0.00447	0.00905	0.46882	0.00928	0.00985
4	0.03790	0.02792	0.02992	0.02294	0.03091	0.03091	0.01895	0.55423	0.04687	0.06283	0.02393	0.02393	0.01695	0.01197	0.00997	0.00299	0.01097	0.00898	0.00997	0.01695
5	0.02584	0.02193	0.02313	0.02050	0.02632	0.02528	0.01603	0.09299	0.52774	0.04339	0.03925	0.03614	0.02936	0.01340	0.01013	0.00335	0.00814	0.01109	0.01013	0.01587
6	0.01883	0.01772	0.02990	0.62569	0.06866	0.02215	0.02769	0.02547	0.01993	0.02547	0.01772	0.02658	0.01329	0.00997	0.00997	0.00332	0.01329	0.00886	0.00443	0.01107
7	0.01205	0.00904	0.01119	0.01291	0.01420	0.00818	0.00882	0.01399	0.02002	0.02583	0.06678	0.50249	0.19895	0.02969	0.01248	0.00387	0.00559	0.02646	0.00925	0.00818
8	0.72007	0.01928	0.01465	0.01311	0.01928	0.02236	0.01080	0.02930	0.01697	0.04473	0.01388	0.01619	0.01080	0.00925	0.00617	0.00308	0.00771	0.00540	0.00617	0.01080
9	0.01309	0.01015	0.01191	0.01147	0.01426	0.00897	0.00860	0.01683	0.02580	0.03424	0.37044	0.08392	0.30941	0.02252	0.01177	0.00324	0.00486	0.01935	0.01022	0.00897
10	0.02498	0.01929	0.03025	0.25662	0.22117	0.02057	0.02412	0.05766	0.02386	0.11716	0.03013	0.03398	0.07376	0.01164	0.01013	0.00316	0.01113	0.01028	0.00659	0.01354
11	0.01883	0.01772	0.02990	0.62569	0.06866	0.02215	0.02769	0.02547	0.01993	0.02547	0.01772	0.02658	0.01329	0.00997	0.00997	0.00332	0.01329	0.00886	0.00443	0.01107
12	0.01972	0.03295	0.29370	0.02602	0.07609	0.02049	0.02583	0.03185	0.12155	0.03226	0.05682	0.03116	0.02344	0.02430	0.13386	0.00584	0.01513	0.00951	0.00599	0.01349
13	0.30959	0.02161	0.02404	0.02373	0.10910	0.02311	0.01658	0.16318	0.02757	0.15883	0.02226	0.02298	0.01589	0.01049	0.00845	0.00304	0.00930	0.00775	0.00817	0.01432
14	0.02295	0.04605	0.47383	0.03004	0.08163	0.02432	0.03376	0.10779	0.02494	0.03621	0.01884	0.02174	0.01349	0.00979	0.00957	0.00312	0.01397	0.00771	0.00510	0.01514
15	0.01300	0.01015	0.01179	0.01138	0.01421	0.00893	0.00853	0.01666	0.02560	0.03375	0.35254	0.08471	0.32762	0.02270	0.01177	0.00325	0.00487	0.01947	0.01015	0.00893
16	0.01438	0.01086	0.01339	0.01301	0.01552	0.01032	0.00965	0.02026	0.06902	0.03645	0.40544	0.15025	0.14998	0.02193	0.01176	0.00331	0.00514	0.01927	0.01045	0.00960
17	0.03681	0.02785	0.02935	0.06966	0.03349	0.07147	0.01937	0.44255	0.04222	0.09178	0.02383	0.02436	0.01687	0.01171	0.00990	0.00299	0.01150	0.00885	0.00934	0.01610
18	0.04473	0.01697	0.02313	0.01774	0.02545	0.01465	0.01465	0.04858	0.02853	0.59437	0.03933	0.03393	0.02468	0.01234	0.01003	0.00308	0.00848	0.01003	0.01234	0.01697
19	0.02803	0.09936	0.03100	0.16417	0.09335	0.09759	0.02068	0.12068	0.10128	0.07267	0.05571	0.02836	0.02184	0.01130	0.00955	0.00298	0.01147	0.00910	0.00715	0.01372
20	0.02654	0.03518	0.26162	0.07420	0.10065	0.02467	0.06238	0.15479	0.05878	0.07207	0.02207	0.02457	0.01591	0.01035	0.00989	0.00313	0.01282	0.00868	0.00651	0.01520
21	0.01925	0.08172	0.03087	0.51641	0.06012	0.02291	0.02519	0.02540	0.02061	0.02639	0.06121	0.02923	0.01952	0.01063	0.00974	0.00319	0.01236	0.00921	0.00492	0.01112

[dist]
# distance from previous block
# <min> <max>
0	5

[block]
# block no. 2 follows, 15 sequences, length 29
# corresponding to MSA columns:
# 217-245
name=unknown_C
#
# <colnr> <probs for GDERKNQSTAVLIFYWHMCP>
#	G	D	E	R	K	N	Q	S	T	A	V	L	I	F	Y	W	H	M	C	P
0	0.23985	0.17829	0.06154	0.01960	0.06103	0.02417	0.01638	0.03604	0.02221	0.21997	0.02285	0.02284	0.01632	0.01008	0.00793	0.00284	0.00936	0.00725	0.00755	0.01388
1	0.14891	0.19065	0.03173	0.02236	0.09766	0.02592	0.01652	0.11420	0.02489	0.03764	0.04919	0.02274	0.01853	0.00970	0.00790	0.00247	0.00934	0.00724	0.00634	0.15606
2	0.07155	0.50547	0.09388	0.01784	0.02668	0.03471	0.01813	0.03167	0.02087	0.07762	0.01653	0.01807	0.01374	0.00900	0.00698	0.00237	0.01062	0.00594	0.00512	0.01321
3	0.59634	0.02209	0.06843	0.01465	0.02183	0.02166	0.01326	0.02915	0.01766	0.04248	0.01458	0.01702	0.01130	0.00911	0.00657	0.00295	0.00832	0.00562	0.00597	0.07100
4	0.02203	0.02199	0.04048	0.19611	0.18416	0.02283	0.20170	0.03044	0.06105	0.03091	0.02341	0.03431	0.01951	0.01093	0.01088	0.00336	0.01337	0.05375	0.00557	0.01320
5	0.02167	0.01870	0.06616	0.01923	0.02479	0.01647	0.06732	0.03262	0.16937	0.10699	0.10835	0.13882	0.13130	0.01790	0.01107	0.00339	0.00824	0.01577	0.00927	0.01255
6	0.01430	0.01043	0.01475	0.01475	0.01608	0.01177	0.01087	0.01698	0.01564	0.02220	0.02787	0.04562	0.02773	0.21719	0.47156	0.01445	0.02248	0.01163	0.00551	0.00819
7	0.01423	0.01063	0.01575	0.01568	0.01751	0.01216	0.01216	0.01790	0.01723	0.02481	0.08179	0.04266	0.03178	0.06937	0.55081	0.01474	0.02452	0.01141	0.00590	0.00895
8	0.02665	0.65565	0.05224	0.01706	0.02559	0.03945	0.01706	0.02985	0.02026	0.02345	0.01386	0.01599	0.01279	0.00853	0.00640	0.00213	0.01066	0.00533	0.00426	0.01279
9	0.01348	0.01071	0.01219	0.01200	0.01487	0.00978	0.00892	0.01834	0.05917	0.03239	0.26479	0.13877	0.32173	0.02335	0.01176	0.00335	0.00518	0.02006	0.00993	0.00921
10	0.02764	0.02629	0.15157	0.12621	0.04123	0.02025	0.13101	0.03629	0.06285	0.19410	0.05975	0.03121	0.02284	0.01110	0.01037	0.00322	0.01203	0.01019	0.00758	0.01426
11	0.01402	0.01109	0.01280	0.01311	0.01566	0.01059	0.00953	0.01999	0.09205	0.03096	0.17562	0.26102	0.24714	0.02471	0.01187	0.00354	0.00558	0.02155	0.00972	0.00945
12	0.01883	0.01772	0.02990	0.62569	0.06866	0.02215	0.02769	0.02547	0.01993	0.02547	0.01772	0.02658	0.01329	0.00997	0.00997	0.00332	0.01329	0.00886	0.00443	0.01107
13	0.01623	0.01111	0.01382	0.01405	0.01716	0.01015	0.01144	0.02002	0.02436	0.07344	0.17800	0.09261	0.25814	0.02407	0.01234	0.00372	0.00667	0.19331	0.00981	0.00953
14	0.02848	0.02163	0.02975	0.12451	0.19214	0.02331	0.02202	0.10407	0.18379	0.12265	0.02863	0.02988	0.02111	0.01129	0.01000	0.00316	0.01031	0.00975	0.00810	0.01539
15	0.03790	0.02792	0.02992	0.02294	0.03091	0.03091	0.01895	0.55423	0.04687	0.06283	0.02393	0.02393	0.01695	0.01197	0.00997	0.00299	0.01097	0.00898	0.00997	0.01695
16	0.01432	0.01037	0.01446	0.01446	0.01570	0.01161	0.01051	0.01680	0.01556	0.02198	0.02813	0.04708	0.02836	0.24937	0.44025	0.01409	0.02153	0.01184	0.00555	0.00803
17	0.21118	0.01999	0.02254	0.01775	0.02514	0.02020	0.01465	0.15679	0.02975	0.33886	0.02956	0.02729	0.01950	0.01149	0.00905	0.00306	0.00885	0.00864	0.01028	0.01543
18	0.03862	0.02425	0.02734	0.02123	0.02892	0.02579	0.01745	0.36649	0.08944	0.21014	0.02978	0.02795	0.02035	0.01221	0.01000	0.00305	0.00999	0.00948	0.01065	0.01685
19	0.02085	0.01979	0.03356	0.42986	0.24864	0.02268	0.02869	0.02725	0.02089	0.02793	0.01808	0.02592	0.01416	0.00959	0.00993	0.00320	0.01279	0.00887	0.00460	0.01271
20	0.03724	0.04751	0.02825	0.02568	0.03082	0.60963	0.01926	0.03981	0.02825	0.02440	0.01541	0.01798	0.01284	0.01027	0.00899	0.00257	0.01798	0.00642	0.00514	0.01156
21	0.02852	0.02351	0.04616	0.03328	0.04265	0.02140	0.36429	0.03540	0.02449	0.17189	0.02469	0.02803	0.01747	0.00928	0.01090	0.00311	0.01380	0.01075	0.00694	0.08345
22	0.01365	0.01012	0.01477	0.01542	0.01687	0.01124	0.01156	0.01670	0.01688	0.02379	0.03461	0.20830	0.03641	0.06258	0.44285	0.01267	0.02084	0.01563	0.00644	0.00868
23	0.29343	0.01790	0.02065	0.07630	0.02744	0.01826	0.01451	0.03912	0.02338	0.33345	0.02772	0.02660	0.01838	0.01096	0.00858	0.00311	0.00867	0.00819	0.00926	0.01409
24	0.02522	0.01277	0.01681	0.01540	0.01925	0.01176	0.01165	0.02991	0.05719	0.23755	0.15509	0.26900	0.05441	0.02107	0.01139	0.00347	0.00668	0.01853	0.01078	0.01207
25	0.02497	0.02107	0.02259	0.02016	0.02567	0.02430	0.01576	0.08808	0.48705	0.04186	0.03824	0.03635	0.02899	0.01816	0.05671	0.00433	0.00958	0.01105	0.00976	0.01533
26	0.02423	0.02692	0.13858	0.14294	0.04611	0.02118	0.21442	0.03170	0.02261	0.10065	0.02132	0.02575	0.01547	0.00923	0.01015	0.00300	0.01334	0.00935	0.00581	0.11723
27	0.08681	0.02664	0.16469	0.06864	0.03557	0.01908	0.08307	0.03933	0.02461	0.30867	0.02836	0.02810	0.01875	0.01078	0.00979	0.00315	0.01125	0.00914	0.00847	0.01510
28	0.02299	0.32322	0.35257	0.02331	0.03525	0.03048	0.02794	0.03080	0.02069	0.02792	0.01608	0.01877	0.01270	0.00905	0.00809	0.00270	0.01290	0.00645	0.00423	0.01386

[dist]
# distance from previous block
# <min> <max>
0	3

[block]
# block no. 3 follows, 15 sequences, length 37
# corresponding to MSA columns:
# 249-285
name=unknown_D
#
# <colnr> <probs for GDERKNQSTAVLIFYWHMCP>
#	G	D	E	R	K	N	Q	S	T	A	V	L	I	F	Y	W	H	M	C	P
0	0.18099	0.16192	0.03011	0.01785	0.02597	0.02469	0.04605	0.11334	0.02417	0.03810	0.01716	0.01953	0.01382	0.00886	0.00757	0.00234	0.00933	0.00651	0.00621	0.24546
1	0.01901	0.01831	0.03411	0.02678	0.03244	0.01843	0.23770	0.02686	0.06810	0.03072	0.10164	0.03872	0.03081	0.03429	0.22621	0.00787	0.01793	0.01220	0.00640	0.01146
2	0.12017	0.02510	0.12108	0.02061	0.02785	0.02150	0.04943	0.11844	0.14035	0.07761	0.10310	0.03544	0.03037	0.05105	0.01223	0.00357	0.00977	0.01051	0.00827	0.01358
3	0.01230	0.00879	0.01170	0.01378	0.01449	0.00820	0.00927	0.01426	0.01979	0.02657	0.09553	0.59938	0.06810	0.03040	0.01265	0.00398	0.00570	0.02755	0.00939	0.00820
4	0.01999	0.05157	0.59800	0.02841	0.04315	0.02315	0.03683	0.03157	0.02105	0.03157	0.01789	0.02105	0.01263	0.00947	0.00947	0.00316	0.01473	0.00737	0.00421	0.01473
5	0.01732	0.00866	0.01299	0.01299	0.01299	0.00866	0.00866	0.01299	0.01299	0.01732	0.01732	0.03030	0.01732	0.03463	0.03896	0.70996	0.00866	0.00866	0.00433	0.00433
6	0.02608	0.60415	0.09877	0.01803	0.02708	0.03806	0.01874	0.03000	0.02032	0.02415	0.01420	0.01642	0.01278	0.00861	0.00666	0.00222	0.01101	0.00550	0.00426	0.01296
7	0.01883	0.01772	0.02990	0.62569	0.06866	0.02215	0.02769	0.02547	0.01993	0.02547	0.01772	0.02658	0.01329	0.00997	0.00997	0.00332	0.01329	0.00886	0.00443	0.01107
8	0.02094	0.01866	0.02499	0.14955	0.03480	0.02087	0.06254	0.03760	0.28797	0.03613	0.11798	0.04360	0.07303	0.01415	0.01060	0.00333	0.00914	0.01247	0.00855	0.01313
9	0.01297	0.00937	0.01289	0.01431	0.01521	0.00956	0.00999	0.01514	0.01779	0.02426	0.04441	0.41211	0.05099	0.09260	0.19989	0.00818	0.01253	0.02182	0.00780	0.00819
10	0.02396	0.01679	0.02067	0.09310	0.02736	0.01818	0.01513	0.17380	0.06041	0.07780	0.03567	0.21889	0.03423	0.02262	0.05713	0.00435	0.01003	0.01530	0.06237	0.01221
11	0.03344	0.02202	0.02468	0.02035	0.02714	0.02384	0.01634	0.18680	0.28981	0.18936	0.03577	0.03279	0.02532	0.01280	0.01007	0.00320	0.00887	0.01033	0.01066	0.01640
12	0.02207	0.01508	0.01882	0.06298	0.02368	0.01560	0.01340	0.06750	0.13559	0.10985	0.32476	0.05480	0.06119	0.01663	0.01096	0.00318	0.00691	0.01435	0.01040	0.01226
13	0.01215	0.00868	0.01157	0.01388	0.01446	0.00810	0.00925	0.01388	0.01909	0.02545	0.05495	0.64315	0.06593	0.03123	0.01272	0.00405	0.00578	0.02834	0.00925	0.00810
14	0.72007	0.01928	0.01465	0.01311	0.01928	0.02236	0.01080	0.02930	0.01697	0.04473	0.01388	0.01619	0.01080	0.00925	0.00617	0.00308	0.00771	0.00540	0.00617	0.01080
15	0.01979	0.01399	0.01681	0.01521	0.01896	0.01428	0.01169	0.03117	0.18383	0.08774	0.38022	0.06030	0.06986	0.01772	0.01115	0.00320	0.00594	0.01540	0.01085	0.01188
16	0.03973	0.02396	0.13929	0.01989	0.02902	0.01637	0.01913	0.04515	0.02702	0.48065	0.03500	0.03133	0.02224	0.01176	0.00991	0.00310	0.00975	0.00949	0.01070	0.01651
17	0.13126	0.04362	0.02638	0.02395	0.02923	0.52877	0.01810	0.03836	0.02670	0.02720	0.01520	0.01773	0.01256	0.01013	0.00860	0.00264	0.01656	0.00628	0.00528	0.01145
18	0.22847	0.03016	0.02814	0.07397	0.19806	0.22368	0.02083	0.03302	0.02276	0.03278	0.01614	0.02008	0.01317	0.00954	0.00851	0.00289	0.01285	0.00704	0.00532	0.01258
19	0.01955	0.01846	0.03122	0.55539	0.13327	0.02234	0.02805	0.02611	0.02028	0.02635	0.01785	0.02634	0.01360	0.00983	0.00995	0.00328	0.01311	0.00886	0.00449	0.01166
20	0.01215	0.00868	0.01157	0.01388	0.01446	0.00810	0.00925	0.01388	0.01909	0.02545	0.05495	0.64315	0.06593	0.03123	0.01272	0.00405	0.00578	0.02834	0.00925	0.00810
21	0.01424	0.01068	0.01602	0.01602	0.01780	0.01246	0.01246	0.01780	0.01602	0.02314	0.02670	0.03916	0.02492	0.07477	0.61015	0.01602	0.02670	0.01068	0.00534	0.00890
22	0.02289	0.04075	0.37573	0.02730	0.03904	0.02436	0.07449	0.08099	0.14524	0.03652	0.02364	0.02538	0.01716	0.01049	0.00986	0.00321	0.01307	0.00875	0.00609	0.01505
23	0.01363	0.01032	0.01511	0.01574	0.01704	0.00981	0.04676	0.01580	0.01902	0.02533	0.04874	0.46633	0.05713	0.12452	0.01860	0.00491	0.00743	0.06708	0.00846	0.00824
24	0.01883	0.01772	0.02990	0.62569	0.06866	0.02215	0.02769	0.02547	0.01993	0.02547	0.01772	0.02658	0.01329	0.00997	0.00997	0.00332	0.01329	0.00886	0.00443	0.01107
25	0.01291	0.00914	0.01194	0.01372	0.01448	0.00867	0.00935	0.01484	0.01940	0.02597	0.08870	0.48248	0.06317	0.11520	0.01796	0.00480	0.00650	0.06385	0.00893	0.00799
26	0.02353	0.02689	0.05882	0.04202	0.05210	0.02521	0.55126	0.03193	0.02353	0.03193	0.02017	0.02689	0.01513	0.00840	0.01176	0.00336	0.01681	0.01176	0.00504	0.01345
27	0.03230	0.02221	0.02459	0.02046	0.02713	0.02432	0.01638	0.18323	0.32221	0.16014	0.03597	0.03306	0.02573	0.01287	0.01007	0.00322	0.00882	0.01042	0.01055	0.01633
28	0.03454	0.02139	0.02396	0.01825	0.02625	0.05615	0.01482	0.14009	0.02942	0.25706	0.02723	0.02631	0.01894	0.01041	0.00903	0.00247	0.00921	0.00815	0.00917	0.25715
29	0.03016	0.07795	0.02585	0.02002	0.02582	0.10407	0.01608	0.13557	0.19126	0.11132	0.03193	0.03845	0.02601	0.06237	0.01305	0.00364	0.01041	0.05323	0.00881	0.01400
30	0.06820	0.07944	0.21502	0.02489	0.07882	0.02255	0.02330	0.11238	0.02574	0.11416	0.02354	0.06051	0.01857	0.01123	0.00922	0.00291	0.01105	0.00896	0.00687	0.08262
31	0.07189	0.13684	0.07498	0.02078	0.02848	0.02520	0.04906	0.13812	0.11618	0.15297	0.02870	0.06651	0.02235	0.01237	0.00939	0.00303	0.01001	0.01000	0.00845	0.01470
32	0.01648	0.01063	0.01398	0.01348	0.01502	0.01100	0.00948	0.01874	0.01805	0.06426	0.11061	0.05485	0.03973	0.30287	0.24658	0.01057	0.01508	0.01330	0.00695	0.00835
33	0.02454	0.10907	0.39354	0.02858	0.07174	0.02394	0.06484	0.03363	0.02223	0.10634	0.02053	0.02283	0.01461	0.00965	0.00939	0.00304	0.01342	0.00788	0.00540	0.01480
34	0.08477	0.10675	0.10870	0.13424	0.10589	0.02376	0.02207	0.03503	0.11044	0.09905	0.02331	0.02555	0.01745	0.01022	0.00898	0.00295	0.01069	0.00826	0.00654	0.05533
35	0.03297	0.15269	0.06902	0.02293	0.06176	0.12605	0.01879	0.11753	0.05514	0.15591	0.02341	0.02374	0.01723	0.01042	0.00886	0.00267	0.01142	0.00779	0.00751	0.07417
36	0.08930	0.02659	0.10523	0.07618	0.13212	0.02396	0.05711	0.16473	0.06363	0.12746	0.02408	0.02580	0.01730	0.01064	0.00970	0.00310	0.01132	0.00892	0.00764	0.01518

[dist]
# distance from previous block
# <min> <max>
0	2

[block]
# block no. 4 follows, 15 sequences, length 11
# corresponding to MSA columns:
# 288-298
name=unknown_E
#
# <colnr> <probs for GDERKNQSTAVLIFYWHMCP>
#	G	D	E	R	K	N	Q	S	T	A	V	L	I	F	Y	W	H	M	C	P
0	0.06849	0.08080	0.08982	0.02299	0.06578	0.02034	0.06139	0.03686	0.07329	0.19916	0.02591	0.02623	0.01859	0.01002	0.00900	0.00271	0.00991	0.00836	0.00775	0.16258
1	0.02199	0.01795	0.02201	0.18031	0.03418	0.04919	0.01720	0.08001	0.11407	0.06495	0.08554	0.11419	0.06940	0.02077	0.05960	0.00436	0.01100	0.01340	0.00797	0.01190
2	0.01704	0.01022	0.01336	0.01375	0.01534	0.00972	0.00949	0.01907	0.01983	0.09556	0.09373	0.34011	0.05357	0.16746	0.06880	0.00605	0.00856	0.02067	0.00877	0.00893
3	0.08168	0.09951	0.08732	0.07869	0.05800	0.02085	0.11036	0.03098	0.02223	0.14804	0.02875	0.13800	0.02539	0.01375	0.01000	0.00321	0.01082	0.01231	0.00719	0.01293
4	0.08073	0.05598	0.05450	0.01968	0.05082	0.04969	0.01572	0.03452	0.16256	0.09967	0.11931	0.04941	0.09003	0.01555	0.01021	0.00325	0.00859	0.05817	0.00883	0.01281
5	0.01321	0.01040	0.01209	0.01237	0.01527	0.00928	0.00975	0.01668	0.02407	0.03062	0.20549	0.09421	0.35955	0.02456	0.01218	0.00356	0.00581	0.12243	0.00965	0.00881
6	0.08516	0.01690	0.02534	0.08163	0.07474	0.01651	0.06551	0.03336	0.02483	0.23286	0.10071	0.04879	0.03496	0.01481	0.01070	0.00339	0.00957	0.09791	0.00909	0.01321
7	0.02589	0.24274	0.08747	0.08546	0.08160	0.03015	0.09765	0.09774	0.09576	0.03351	0.02059	0.02345	0.01622	0.00983	0.00898	0.00284	0.01190	0.00828	0.00591	0.01402
8	0.03628	0.02712	0.02901	0.02261	0.03030	0.03016	0.01856	0.49228	0.11146	0.06022	0.02599	0.02557	0.01862	0.01216	0.00999	0.00304	0.01059	0.00926	0.00999	0.01681
9	0.01446	0.00971	0.01110	0.01103	0.01124	0.00964	0.00635	0.01489	0.01575	0.02122	0.08179	0.06608	0.04153	0.59210	0.04717	0.00907	0.00921	0.01482	0.00649	0.00635
10	0.01885	0.01716	0.02821	0.39350	0.14931	0.01968	0.02427	0.02495	0.02221	0.02985	0.13930	0.03654	0.03110	0.01201	0.01033	0.00322	0.01119	0.01084	0.00593	0.01155

[dist]
# distance from previous block
# <min> <max>
0	647

# created by:
# /st0/software/busco_prod/Augustus/scripts/msa2prfl.pl ./align_prep/6018.fa
