[name]
unknown

[dist]
# distance from previous block
# <min> <max>
0	199

[block]
# block no. 0 follows, 16 sequences, length 108
# corresponding to MSA columns:
# 199-306
name=unknown_A
#
# <colnr> <probs for GDERKNQSTAVLIFYWHMCP>
#	G	D	E	R	K	N	Q	S	T	A	V	L	I	F	Y	W	H	M	C	P
0	0.01782	0.01228	0.01823	0.01900	0.02197	0.01205	0.04398	0.02243	0.02270	0.06683	0.04881	0.10001	0.05157	0.02484	0.01305	0.00430	0.00927	0.47231	0.00892	0.00964
1	0.02526	0.58014	0.09049	0.01895	0.02776	0.03633	0.05373	0.02927	0.01996	0.02390	0.01415	0.01659	0.01257	0.00835	0.00677	0.00222	0.01103	0.00573	0.00419	0.01261
2	0.01756	0.01250	0.01488	0.01355	0.01572	0.01293	0.00966	0.10372	0.02351	0.03234	0.20761	0.05683	0.04877	0.28271	0.09981	0.00709	0.01006	0.01388	0.00792	0.00893
3	0.01407	0.01123	0.01672	0.05562	0.02013	0.01090	0.06132	0.01680	0.01966	0.02630	0.13105	0.28331	0.09520	0.16894	0.02036	0.00489	0.00775	0.01959	0.00785	0.00831
4	0.01810	0.01048	0.01297	0.01260	0.01447	0.01003	0.00896	0.02049	0.02008	0.09850	0.13648	0.10262	0.04723	0.28243	0.02663	0.00580	0.00760	0.07709	0.07883	0.00859
5	0.56138	0.01863	0.01734	0.01659	0.05775	0.02051	0.01242	0.03187	0.01884	0.14163	0.01816	0.01932	0.01319	0.00950	0.00689	0.00299	0.00789	0.00626	0.00697	0.01187
6	0.01465	0.01001	0.01103	0.01080	0.01287	0.00906	0.00728	0.01614	0.01900	0.06098	0.06421	0.10518	0.30087	0.28498	0.02696	0.00581	0.00701	0.01750	0.00791	0.00776
7	0.01951	0.01728	0.02643	0.12437	0.24190	0.01767	0.02017	0.02667	0.06932	0.03372	0.20901	0.04093	0.04111	0.01275	0.01008	0.00293	0.00884	0.01156	0.00713	0.05862
8	0.72785	0.01874	0.01425	0.01275	0.01874	0.02174	0.01050	0.02849	0.01649	0.04348	0.01350	0.01574	0.01050	0.00900	0.00600	0.00300	0.00750	0.00525	0.00600	0.01050
9	0.02391	0.12434	0.03648	0.04223	0.36224	0.02443	0.02380	0.07797	0.02287	0.03156	0.01916	0.02478	0.01639	0.01893	0.10514	0.00475	0.01352	0.00837	0.00521	0.01394
10	0.02657	0.50431	0.04677	0.02424	0.11734	0.09043	0.01889	0.03004	0.02080	0.02431	0.01438	0.01708	0.01291	0.00851	0.00700	0.00224	0.01122	0.00584	0.00433	0.01279
11	0.01409	0.00940	0.01057	0.01057	0.01057	0.00940	0.00587	0.01409	0.01409	0.01879	0.03054	0.06342	0.03524	0.65938	0.04933	0.00940	0.00940	0.01409	0.00587	0.00587
12	0.02317	0.01200	0.01598	0.01380	0.01774	0.01076	0.01076	0.02748	0.02753	0.21875	0.41748	0.05989	0.07004	0.01733	0.01090	0.00303	0.00574	0.01506	0.01109	0.01148
13	0.01407	0.01010	0.01360	0.01440	0.01638	0.00964	0.01139	0.01812	0.02415	0.03304	0.31284	0.18256	0.07435	0.02402	0.01228	0.00369	0.00628	0.20048	0.00978	0.00885
14	0.01342	0.00968	0.01269	0.01240	0.01441	0.00894	0.00912	0.01754	0.02604	0.03665	0.50890	0.16364	0.08715	0.02147	0.01158	0.00319	0.00474	0.01910	0.01041	0.00894
15	0.01638	0.00937	0.01055	0.01026	0.01253	0.00908	0.00769	0.02092	0.02308	0.03719	0.24960	0.05019	0.05067	0.01460	0.00858	0.00256	0.00454	0.01233	0.44079	0.00908
16	0.13808	0.02326	0.02529	0.01965	0.02709	0.02489	0.01623	0.35879	0.03691	0.19514	0.02562	0.02462	0.01750	0.01135	0.00918	0.00294	0.00960	0.00848	0.00974	0.01562
17	0.02591	0.66522	0.05079	0.01658	0.02488	0.03835	0.01658	0.02902	0.01969	0.02280	0.01347	0.01555	0.01244	0.00829	0.00622	0.00207	0.01036	0.00518	0.00415	0.01244
18	0.02319	0.02026	0.02304	0.11658	0.03173	0.02370	0.01716	0.04730	0.49310	0.03806	0.03596	0.03454	0.02697	0.01261	0.00983	0.00328	0.00850	0.01059	0.00899	0.01462
19	0.03103	0.02256	0.02478	0.06579	0.02970	0.05336	0.01727	0.22228	0.19792	0.13347	0.03177	0.03525	0.02417	0.01310	0.00999	0.00316	0.00976	0.05035	0.00941	0.01487
20	0.04232	0.01837	0.02365	0.01813	0.02568	0.01703	0.01498	0.13863	0.03088	0.50981	0.03560	0.03128	0.02267	0.01193	0.00974	0.00298	0.00867	0.00957	0.01159	0.01649
21	0.02408	0.01411	0.01756	0.01514	0.01952	0.01376	0.01186	0.05593	0.11539	0.18638	0.33739	0.05430	0.06091	0.01638	0.01067	0.00307	0.00628	0.01409	0.01084	0.01235
22	0.02246	0.02490	0.05027	0.03697	0.04431	0.02581	0.42714	0.02910	0.02085	0.02910	0.01787	0.02490	0.01421	0.01038	0.01657	0.00351	0.17377	0.01069	0.00474	0.01245
23	0.03012	0.02666	0.04262	0.03123	0.03997	0.02739	0.28095	0.30877	0.03464	0.04662	0.02151	0.02465	0.01563	0.00997	0.01053	0.00308	0.01340	0.01003	0.00739	0.01484
24	0.01145	0.00982	0.00982	0.00982	0.01309	0.00818	0.00736	0.01391	0.02209	0.02618	0.09818	0.09327	0.59499	0.02455	0.01145	0.00327	0.00491	0.02045	0.00900	0.00818
25	0.01196	0.00984	0.01052	0.01035	0.01340	0.00840	0.00776	0.01489	0.02329	0.02902	0.20922	0.08860	0.48218	0.02349	0.01145	0.00322	0.00483	0.01980	0.00937	0.00840
26	0.02131	0.01729	0.02141	0.01807	0.02288	0.01820	0.05332	0.12653	0.18735	0.04176	0.25311	0.05152	0.09404	0.01597	0.01068	0.00312	0.00744	0.01386	0.00971	0.01243
27	0.01812	0.01839	0.02827	0.02314	0.02848	0.06203	0.19543	0.02293	0.02282	0.02824	0.05502	0.06860	0.23548	0.01845	0.01167	0.00348	0.01060	0.13132	0.00731	0.01022
28	0.02399	0.02303	0.03934	0.05949	0.59893	0.02303	0.02974	0.02974	0.02207	0.03166	0.01823	0.02399	0.01535	0.00864	0.00960	0.00288	0.01151	0.00864	0.00480	0.01535
29	0.02650	0.12836	0.04088	0.02770	0.03458	0.07133	0.20568	0.15073	0.02657	0.03461	0.02079	0.06888	0.01799	0.01181	0.01253	0.00310	0.08866	0.01027	0.00610	0.01293
30	0.02578	0.61770	0.04866	0.01682	0.02490	0.03730	0.01649	0.03068	0.06112	0.02411	0.01539	0.01707	0.01370	0.00865	0.00649	0.00216	0.01017	0.00561	0.00457	0.01265
31	0.01944	0.05013	0.60917	0.02762	0.04195	0.02251	0.03581	0.03069	0.02046	0.03069	0.01739	0.02046	0.01228	0.00921	0.00921	0.00307	0.01432	0.00716	0.00409	0.01432
32	0.02538	0.61461	0.09673	0.01749	0.02628	0.03705	0.01817	0.02916	0.01976	0.02345	0.01380	0.01595	0.01242	0.00837	0.00646	0.00215	0.01069	0.00535	0.00414	0.01259
33	0.02399	0.02303	0.03934	0.05949	0.59893	0.02303	0.02974	0.02974	0.02207	0.03166	0.01823	0.02399	0.01535	0.00864	0.00960	0.00288	0.01151	0.00864	0.00480	0.01535
34	0.01359	0.01117	0.01218	0.01249	0.01532	0.01064	0.00912	0.01981	0.11068	0.02806	0.07559	0.24892	0.34810	0.02443	0.01147	0.00347	0.00556	0.02102	0.00914	0.00924
35	0.01556	0.01008	0.01311	0.01279	0.01514	0.00918	0.00942	0.01920	0.02486	0.08163	0.37792	0.21793	0.11183	0.02215	0.01153	0.00328	0.00517	0.01962	0.01025	0.00937
36	0.02021	0.07577	0.11496	0.01886	0.02789	0.01724	0.06714	0.02585	0.02099	0.03128	0.06517	0.02470	0.02033	0.00872	0.00816	0.00204	0.00917	0.00743	0.00569	0.42841
37	0.01199	0.00938	0.01086	0.01146	0.01366	0.00826	0.00823	0.01458	0.02191	0.02803	0.17436	0.27296	0.32865	0.02559	0.01175	0.00345	0.00508	0.02225	0.00930	0.00826
38	0.02591	0.66522	0.05079	0.01658	0.02488	0.03835	0.01658	0.02902	0.01969	0.02280	0.01347	0.01555	0.01244	0.00829	0.00622	0.00207	0.01036	0.00518	0.00415	0.01244
39	0.09086	0.16080	0.03339	0.02378	0.08132	0.03046	0.01843	0.35800	0.03548	0.04878	0.01992	0.02108	0.01502	0.01043	0.00864	0.00274	0.01042	0.00768	0.00776	0.01502
40	0.02193	0.02111	0.02774	0.02401	0.02538	0.02829	0.01973	0.03039	0.15696	0.02764	0.01943	0.02496	0.01695	0.01601	0.02630	0.00400	0.48263	0.00910	0.00565	0.01179
41	0.02399	0.02303	0.03934	0.05949	0.59893	0.02303	0.02974	0.02974	0.02207	0.03166	0.01823	0.02399	0.01535	0.00864	0.00960	0.00288	0.01151	0.00864	0.00480	0.01535
42	0.01232	0.00909	0.01153	0.01253	0.01403	0.00830	0.00878	0.01497	0.02173	0.02913	0.21962	0.39407	0.15558	0.02634	0.01195	0.00357	0.00520	0.02348	0.00949	0.00830
43	0.01437	0.00985	0.01217	0.01303	0.01376	0.00981	0.00911	0.01587	0.01697	0.02240	0.03877	0.12596	0.04389	0.41439	0.03531	0.00744	0.00894	0.17392	0.00706	0.00697
44	0.08468	0.01394	0.01697	0.01392	0.01939	0.01290	0.01124	0.03686	0.02421	0.35638	0.03400	0.03286	0.02331	0.01152	0.00839	0.00273	0.00683	0.00915	0.26741	0.01333
45	0.01355	0.01053	0.01257	0.01335	0.01568	0.01000	0.01007	0.01841	0.06821	0.02887	0.12998	0.26312	0.23697	0.02521	0.01191	0.00365	0.00597	0.10378	0.00925	0.00891
46	0.03816	0.02503	0.02778	0.02130	0.02900	0.02692	0.01759	0.46361	0.04203	0.16908	0.02624	0.02520	0.01797	0.01171	0.00971	0.00293	0.01019	0.00893	0.01015	0.01648
47	0.72785	0.01874	0.01425	0.01275	0.01874	0.02174	0.01050	0.02849	0.01649	0.04348	0.01350	0.01574	0.01050	0.00900	0.00600	0.00300	0.00750	0.00525	0.00600	0.01050
48	0.01971	0.03661	0.36702	0.02217	0.03415	0.01857	0.02581	0.02811	0.02031	0.03106	0.01732	0.02031	0.01313	0.00837	0.00837	0.00240	0.01139	0.00658	0.00477	0.30385
49	0.03335	0.01875	0.02839	0.08241	0.21635	0.01764	0.02019	0.03802	0.02465	0.32873	0.02845	0.02854	0.01956	0.01036	0.00951	0.00287	0.00963	0.00901	0.00856	0.06504
50	0.72785	0.01874	0.01425	0.01275	0.01874	0.02174	0.01050	0.02849	0.01649	0.04348	0.01350	0.01574	0.01050	0.00900	0.00600	0.00300	0.00750	0.00525	0.00600	0.01050
51	0.02591	0.66522	0.05079	0.01658	0.02488	0.03835	0.01658	0.02902	0.01969	0.02280	0.01347	0.01555	0.01244	0.00829	0.00622	0.00207	0.01036	0.00518	0.00415	0.01244
52	0.01780	0.01394	0.02120	0.37862	0.04425	0.01641	0.01886	0.02346	0.02043	0.02969	0.07581	0.03347	0.02406	0.01115	0.00893	0.00290	0.00947	0.00958	0.22989	0.01006
53	0.01588	0.01152	0.01447	0.01314	0.01594	0.01110	0.01001	0.06966	0.02913	0.04095	0.54036	0.06779	0.08443	0.01905	0.01127	0.00304	0.00514	0.01670	0.01058	0.00983
54	0.03256	0.03396	0.02998	0.02522	0.03059	0.34826	0.09171	0.03607	0.02492	0.11603	0.01993	0.02300	0.01553	0.01552	0.05890	0.00384	0.06789	0.00801	0.00604	0.01206
55	0.01409	0.00940	0.01057	0.01057	0.01057	0.00940	0.00587	0.01409	0.01409	0.01879	0.03054	0.06342	0.03524	0.65938	0.04933	0.00940	0.00940	0.01409	0.00587	0.00587
56	0.26270	0.02290	0.02298	0.01850	0.02544	0.02544	0.01518	0.29740	0.08611	0.09867	0.02287	0.02285	0.01641	0.01095	0.00850	0.00298	0.00914	0.00789	0.00869	0.01441
57	0.01999	0.07678	0.54266	0.02809	0.04180	0.02339	0.07385	0.03064	0.02060	0.03036	0.01738	0.02065	0.01246	0.00909	0.00923	0.00304	0.01429	0.00739	0.00415	0.01414
58	0.01390	0.01017	0.01450	0.01450	0.01586	0.01153	0.01078	0.01662	0.01526	0.02170	0.02694	0.04351	0.02659	0.19841	0.49848	0.01425	0.02241	0.01118	0.00534	0.00806
59	0.01241	0.00965	0.01129	0.01131	0.01379	0.00852	0.00832	0.01561	0.02371	0.03106	0.29040	0.16754	0.31461	0.02351	0.01158	0.00328	0.00488	0.02033	0.00967	0.00852
60	0.01792	0.01487	0.02306	0.06690	0.07942	0.01389	0.10121	0.02215	0.02250	0.07581	0.06383	0.06715	0.31922	0.01845	0.01114	0.00329	0.00851	0.05225	0.00785	0.01057
61	0.04110	0.01580	0.02123	0.01647	0.02348	0.01376	0.01355	0.04492	0.02705	0.55228	0.03762	0.03328	0.02407	0.01193	0.00947	0.00293	0.00790	0.00968	0.07769	0.01580
62	0.03620	0.04619	0.02747	0.02497	0.02996	0.62047	0.01873	0.03870	0.02747	0.02372	0.01498	0.01748	0.01248	0.00999	0.00874	0.00250	0.01748	0.00624	0.00499	0.01124
63	0.01530	0.01118	0.01413	0.01376	0.01633	0.01075	0.01069	0.05638	0.02666	0.03659	0.37956	0.13080	0.11503	0.02169	0.01171	0.00336	0.00582	0.10078	0.01004	0.00944
64	0.02298	0.02301	0.03435	0.27409	0.34457	0.07844	0.02764	0.02870	0.02156	0.02831	0.01755	0.02408	0.01416	0.00916	0.00955	0.00298	0.01260	0.00840	0.00463	0.01323
65	0.01181	0.00843	0.01125	0.01350	0.01406	0.00787	0.00900	0.01350	0.01856	0.02474	0.05342	0.65306	0.06410	0.03036	0.01237	0.00394	0.00562	0.02755	0.00900	0.00787
66	0.01496	0.01218	0.01617	0.01605	0.01794	0.04254	0.01245	0.01838	0.01617	0.02256	0.02541	0.03705	0.02364	0.06955	0.59036	0.01492	0.02554	0.01018	0.00518	0.00878
67	0.03332	0.02207	0.11815	0.17413	0.03804	0.01740	0.02088	0.03895	0.02448	0.36781	0.02963	0.02919	0.01934	0.01097	0.00965	0.00307	0.01039	0.00905	0.00880	0.01471
68	0.01181	0.00843	0.01125	0.01350	0.01406	0.00787	0.00900	0.01350	0.01856	0.02474	0.05342	0.65306	0.06410	0.03036	0.01237	0.00394	0.00562	0.02755	0.00900	0.00787
69	0.02020	0.01916	0.03249	0.44402	0.24402	0.02203	0.02786	0.02642	0.02028	0.02706	0.01756	0.02522	0.01373	0.00934	0.00966	0.00311	0.01245	0.00862	0.00447	0.01229
70	0.03164	0.03881	0.02575	0.02353	0.02766	0.48331	0.01786	0.03426	0.02471	0.02350	0.01655	0.02098	0.01435	0.02033	0.10657	0.00467	0.06273	0.00705	0.00497	0.01079
71	0.52279	0.06909	0.06291	0.01671	0.02388	0.02276	0.05903	0.03012	0.01828	0.07680	0.01590	0.01806	0.01200	0.00909	0.00694	0.00296	0.00897	0.00619	0.00603	0.01152
72	0.02148	0.01834	0.02511	0.12231	0.03189	0.02176	0.04463	0.03251	0.18502	0.06024	0.03314	0.04421	0.05419	0.01583	0.01577	0.00367	0.16082	0.08972	0.00729	0.01207
73	0.02519	0.03213	0.23750	0.06051	0.12699	0.02250	0.05201	0.12164	0.05458	0.07671	0.02121	0.02370	0.01554	0.00970	0.00936	0.00288	0.01184	0.00818	0.00621	0.08163
74	0.01209	0.00864	0.01157	0.01382	0.01450	0.00811	0.00949	0.01398	0.01883	0.02506	0.05326	0.61296	0.06349	0.03010	0.01245	0.00397	0.00587	0.06488	0.00899	0.00795
75	0.03411	0.13038	0.03170	0.02170	0.02888	0.13669	0.01797	0.35134	0.07596	0.04693	0.02138	0.02193	0.01605	0.01092	0.00899	0.00273	0.01163	0.00788	0.00799	0.01483
76	0.02247	0.01910	0.02051	0.01854	0.02352	0.02176	0.01437	0.04628	0.49436	0.04028	0.12656	0.04185	0.03931	0.01420	0.01011	0.00325	0.00718	0.01199	0.00999	0.01437
77	0.02570	0.02343	0.03607	0.04780	0.41170	0.02527	0.02648	0.11868	0.02485	0.03526	0.01819	0.02342	0.01512	0.01047	0.01317	0.00310	0.11235	0.00863	0.00553	0.01478
78	0.04153	0.01963	0.02443	0.01873	0.02631	0.01890	0.01548	0.20021	0.03299	0.44525	0.03383	0.03013	0.02178	0.01189	0.00973	0.00297	0.00896	0.00945	0.01132	0.01649
79	0.02274	0.01329	0.01655	0.01448	0.01867	0.01272	0.01128	0.03054	0.11417	0.18212	0.32907	0.05824	0.10173	0.01713	0.01076	0.00309	0.00602	0.01474	0.01076	0.01191
80	0.04067	0.01689	0.02244	0.01769	0.02477	0.01522	0.01468	0.08549	0.02868	0.51574	0.03815	0.03851	0.02602	0.01318	0.01004	0.00311	0.00849	0.05278	0.01156	0.01587
81	0.03086	0.03258	0.02866	0.02452	0.02833	0.26594	0.01956	0.15659	0.02708	0.03232	0.01609	0.02020	0.01351	0.01293	0.01741	0.00323	0.24449	0.00764	0.00582	0.01223
82	0.01419	0.00995	0.01404	0.01404	0.01518	0.01109	0.01020	0.01606	0.01493	0.02104	0.02625	0.04363	0.02630	0.21630	0.42285	0.07984	0.02016	0.01113	0.00527	0.00754
83	0.02738	0.01895	0.02105	0.01836	0.02410	0.02060	0.01444	0.04746	0.41217	0.16512	0.04401	0.04015	0.07486	0.01383	0.00997	0.00322	0.00757	0.01147	0.01027	0.01501
84	0.01830	0.01723	0.02907	0.63609	0.06675	0.02153	0.02692	0.02476	0.01938	0.02476	0.01723	0.02584	0.01292	0.00969	0.00969	0.00323	0.01292	0.00861	0.00431	0.01077
85	0.33168	0.03122	0.02210	0.01929	0.02519	0.26417	0.01516	0.12430	0.02587	0.03853	0.01576	0.01772	0.01232	0.00985	0.00773	0.00278	0.01205	0.00624	0.00622	0.01181
86	0.01971	0.04826	0.56613	0.02866	0.04263	0.02266	0.07697	0.03072	0.02065	0.03072	0.01757	0.02091	0.01247	0.00913	0.00938	0.00308	0.01448	0.00750	0.00416	0.01423
87	0.01181	0.00843	0.01125	0.01350	0.01406	0.00787	0.00900	0.01350	0.01856	0.02474	0.05342	0.65306	0.06410	0.03036	0.01237	0.00394	0.00562	0.02755	0.00900	0.00787
88	0.04348	0.01649	0.02249	0.01724	0.02474	0.01425	0.01425	0.04723	0.02774	0.60564	0.03824	0.03299	0.02399	0.01200	0.00975	0.00300	0.00825	0.00975	0.01200	0.01649
89	0.02498	0.02512	0.11277	0.02445	0.08146	0.02295	0.01971	0.04595	0.39827	0.08471	0.03401	0.03238	0.02516	0.01203	0.00973	0.00319	0.00909	0.01006	0.00869	0.01528
90	0.04297	0.01732	0.02301	0.01764	0.02516	0.01548	0.01457	0.08773	0.02913	0.56318	0.03707	0.03223	0.02341	0.01197	0.00974	0.00299	0.00844	0.00967	0.01182	0.01649
91	0.01181	0.00843	0.01125	0.01350	0.01406	0.00787	0.00900	0.01350	0.01856	0.02474	0.05342	0.65306	0.06410	0.03036	0.01237	0.00394	0.00562	0.02755	0.00900	0.00787
92	0.01830	0.01723	0.02907	0.63609	0.06675	0.02153	0.02692	0.02476	0.01938	0.02476	0.01723	0.02584	0.01292	0.00969	0.00969	0.00323	0.01292	0.00861	0.00431	0.01077
93	0.02844	0.02446	0.03579	0.04660	0.40171	0.02546	0.02582	0.21587	0.03022	0.04186	0.01998	0.02374	0.01574	0.00968	0.00963	0.00289	0.01122	0.00867	0.00650	0.01574
94	0.36947	0.02451	0.02182	0.01790	0.02460	0.06959	0.01463	0.26861	0.03024	0.04986	0.01795	0.01922	0.01331	0.01024	0.00784	0.00292	0.00964	0.00687	0.00757	0.01321
95	0.02010	0.01723	0.02010	0.01436	0.02297	0.01292	0.01148	0.02440	0.02010	0.03158	0.01723	0.02010	0.01436	0.00718	0.00718	0.00144	0.00718	0.00574	0.00574	0.71863
96	0.01385	0.01038	0.01558	0.01558	0.01731	0.01211	0.01211	0.01731	0.01558	0.02250	0.02596	0.03808	0.02423	0.07269	0.62098	0.01558	0.02596	0.01038	0.00519	0.00865
97	0.02324	0.02585	0.04562	0.03442	0.04051	0.06822	0.33844	0.02892	0.02043	0.02787	0.01691	0.02383	0.01387	0.01133	0.01827	0.00355	0.23188	0.01005	0.00468	0.01209
98	0.01806	0.01286	0.01444	0.01348	0.01670	0.01352	0.01027	0.02933	0.18843	0.03856	0.26503	0.05105	0.05362	0.01534	0.00960	0.00289	0.00547	0.01309	0.21735	0.01094
99	0.03620	0.04619	0.02747	0.02497	0.02996	0.62047	0.01873	0.03870	0.02747	0.02372	0.01498	0.01748	0.01248	0.00999	0.00874	0.00250	0.01748	0.00624	0.00499	0.01124
100	0.08231	0.01034	0.01266	0.01377	0.01568	0.01006	0.00995	0.01892	0.01957	0.07605	0.04663	0.45141	0.05216	0.02513	0.01123	0.00369	0.00621	0.06426	0.06099	0.00901
101	0.01181	0.00843	0.01125	0.01350	0.01406	0.00787	0.00900	0.01350	0.01856	0.02474	0.05342	0.65306	0.06410	0.03036	0.01237	0.00394	0.00562	0.02755	0.00900	0.00787
102	0.01250	0.00899	0.01163	0.01331	0.01429	0.00845	0.00926	0.01455	0.01934	0.02564	0.08956	0.46605	0.09971	0.08784	0.01581	0.00440	0.00619	0.07578	0.00881	0.00790
103	0.04348	0.01649	0.02249	0.01724	0.02474	0.01425	0.01425	0.04723	0.02774	0.60564	0.03824	0.03299	0.02399	0.01200	0.00975	0.00300	0.00825	0.00975	0.01200	0.01649
104	0.72785	0.01874	0.01425	0.01275	0.01874	0.02174	0.01050	0.02849	0.01649	0.04348	0.01350	0.01574	0.01050	0.00900	0.00600	0.00300	0.00750	0.00525	0.00600	0.01050
105	0.01423	0.00990	0.01393	0.01386	0.01506	0.01085	0.01008	0.01615	0.01590	0.02240	0.07318	0.04548	0.03138	0.19198	0.37830	0.09395	0.01854	0.01156	0.00568	0.00758
106	0.02591	0.66522	0.05079	0.01658	0.02488	0.03835	0.01658	0.02902	0.01969	0.02280	0.01347	0.01555	0.01244	0.00829	0.00622	0.00207	0.01036	0.00518	0.00415	0.01244
107	0.02689	0.08998	0.20611	0.03616	0.23073	0.02253	0.05475	0.03372	0.02261	0.15188	0.02184	0.02417	0.01596	0.00946	0.00929	0.00291	0.01180	0.00826	0.00606	0.01490

[dist]
# distance from previous block
# <min> <max>
0	3

[block]
# block no. 1 follows, 16 sequences, length 84
# corresponding to MSA columns:
# 310-393
name=unknown_B
#
# <colnr> <probs for GDERKNQSTAVLIFYWHMCP>
#	G	D	E	R	K	N	Q	S	T	A	V	L	I	F	Y	W	H	M	C	P
0	0.06656	0.11568	0.02554	0.01819	0.02392	0.10097	0.01476	0.08461	0.18670	0.10358	0.12652	0.03442	0.03281	0.01270	0.00922	0.00288	0.00913	0.01000	0.00856	0.01326
1	0.57483	0.07381	0.09935	0.01510	0.02243	0.02315	0.01447	0.02884	0.01729	0.04009	0.01403	0.01638	0.01089	0.00897	0.00646	0.00294	0.00867	0.00551	0.00559	0.01118
2	0.02463	0.01708	0.02056	0.01492	0.02331	0.01318	0.01202	0.02883	0.02158	0.14280	0.02130	0.02259	0.01622	0.00811	0.00768	0.00174	0.00738	0.00652	0.00695	0.58261
3	0.03455	0.02974	0.15500	0.02230	0.03144	0.02474	0.02128	0.32883	0.03593	0.18027	0.02544	0.02490	0.01729	0.01119	0.00960	0.00296	0.01091	0.00862	0.00900	0.01601
4	0.01181	0.00843	0.01125	0.01350	0.01406	0.00787	0.00900	0.01350	0.01856	0.02474	0.05342	0.65306	0.06410	0.03036	0.01237	0.00394	0.00562	0.02755	0.00900	0.00787
5	0.01437	0.01116	0.01659	0.01628	0.01789	0.01337	0.01277	0.01774	0.01552	0.02256	0.02501	0.03687	0.02341	0.06870	0.57879	0.01476	0.07005	0.01025	0.00512	0.00879
6	0.01584	0.00877	0.01188	0.01188	0.01188	0.00877	0.00749	0.01316	0.01316	0.01755	0.02183	0.04185	0.02355	0.26193	0.04206	0.45951	0.00877	0.01049	0.00482	0.00482
7	0.01453	0.00981	0.01261	0.01427	0.01606	0.00951	0.01130	0.01797	0.02076	0.02872	0.05213	0.26611	0.09518	0.02496	0.01173	0.00381	0.00678	0.24025	0.13495	0.00855
8	0.02591	0.66522	0.05079	0.01658	0.02488	0.03835	0.01658	0.02902	0.01969	0.02280	0.01347	0.01555	0.01244	0.00829	0.00622	0.00207	0.01036	0.00518	0.00415	0.01244
9	0.01385	0.01038	0.01558	0.01558	0.01731	0.01211	0.01211	0.01731	0.01558	0.02250	0.02596	0.03808	0.02423	0.07269	0.62098	0.01558	0.02596	0.01038	0.00519	0.00865
10	0.01181	0.00843	0.01125	0.01350	0.01406	0.00787	0.00900	0.01350	0.01856	0.02474	0.05342	0.65306	0.06410	0.03036	0.01237	0.00394	0.00562	0.02755	0.00900	0.00787
11	0.04348	0.01649	0.02249	0.01724	0.02474	0.01425	0.01425	0.04723	0.02774	0.60564	0.03824	0.03299	0.02399	0.01200	0.00975	0.00300	0.00825	0.00975	0.01200	0.01649
12	0.02596	0.02174	0.02296	0.02010	0.02591	0.02497	0.01579	0.12625	0.50366	0.04352	0.03710	0.03429	0.02768	0.01293	0.00984	0.00323	0.00810	0.01063	0.00984	0.01551
13	0.01461	0.00995	0.01233	0.01379	0.01533	0.00989	0.01009	0.01931	0.06366	0.02890	0.04768	0.39730	0.05232	0.02468	0.01123	0.00364	0.00608	0.10205	0.14829	0.00885
14	0.02550	0.02752	0.03318	0.02740	0.03032	0.15324	0.09925	0.05883	0.02043	0.02669	0.01480	0.02126	0.01318	0.01391	0.02273	0.00366	0.38343	0.00845	0.00481	0.01143
15	0.02338	0.02251	0.03828	0.15539	0.32505	0.02415	0.10322	0.06507	0.02254	0.03145	0.01801	0.02429	0.01462	0.00985	0.01223	0.00314	0.07904	0.00902	0.00500	0.01377
16	0.01465	0.01095	0.01388	0.01385	0.01645	0.01056	0.01097	0.02053	0.06356	0.03515	0.36706	0.08134	0.13384	0.02160	0.01181	0.00344	0.00590	0.14505	0.01000	0.00941
17	0.03620	0.04619	0.02747	0.02497	0.02996	0.62047	0.01873	0.03870	0.02747	0.02372	0.01498	0.01748	0.01248	0.00999	0.00874	0.00250	0.01748	0.00624	0.00499	0.01124
18	0.02356	0.01884	0.02043	0.01770	0.02280	0.02067	0.01392	0.16093	0.28064	0.04347	0.15835	0.04680	0.09932	0.01540	0.01032	0.00315	0.00743	0.01282	0.00990	0.01355
19	0.44417	0.01693	0.01483	0.01298	0.01831	0.01882	0.01053	0.07599	0.02079	0.08168	0.02054	0.02264	0.01550	0.01000	0.00677	0.00281	0.00709	0.00680	0.18174	0.01107
20	0.67779	0.01858	0.01485	0.01307	0.01918	0.02119	0.01077	0.02986	0.01732	0.08460	0.01530	0.01701	0.01148	0.00922	0.00627	0.00300	0.00755	0.00558	0.00644	0.01094
21	0.02392	0.02139	0.02524	0.02199	0.02562	0.02655	0.01769	0.07654	0.33799	0.03567	0.02859	0.02982	0.02254	0.01444	0.01786	0.00361	0.23915	0.00990	0.00780	0.01369
22	0.72785	0.01874	0.01425	0.01275	0.01874	0.02174	0.01050	0.02849	0.01649	0.04348	0.01350	0.01574	0.01050	0.00900	0.00600	0.00300	0.00750	0.00525	0.00600	0.01050
23	0.01385	0.01038	0.01558	0.01558	0.01731	0.01211	0.01211	0.01731	0.01558	0.02250	0.02596	0.03808	0.02423	0.07269	0.62098	0.01558	0.02596	0.01038	0.00519	0.00865
24	0.72785	0.01874	0.01425	0.01275	0.01874	0.02174	0.01050	0.02849	0.01649	0.04348	0.01350	0.01574	0.01050	0.00900	0.00600	0.00300	0.00750	0.00525	0.00600	0.01050
25	0.28981	0.02265	0.02278	0.01813	0.02521	0.02489	0.01497	0.30038	0.03256	0.12798	0.02172	0.02183	0.01531	0.01072	0.00835	0.00295	0.00918	0.00759	0.00866	0.01430
26	0.01437	0.01055	0.01533	0.01628	0.01812	0.01150	0.01320	0.01808	0.01822	0.02501	0.03690	0.10189	0.03819	0.05334	0.36190	0.01081	0.01850	0.20234	0.00679	0.00870
27	0.01409	0.00940	0.01057	0.01057	0.01057	0.00940	0.00587	0.01409	0.01409	0.01879	0.03054	0.06342	0.03524	0.65938	0.04933	0.00940	0.00940	0.01409	0.00587	0.00587
28	0.02065	0.01378	0.01564	0.01403	0.01772	0.01432	0.01085	0.07640	0.14133	0.06969	0.24498	0.04852	0.05017	0.01496	0.00958	0.00286	0.00593	0.01265	0.20452	0.01142
29	0.01203	0.00859	0.01150	0.01374	0.01440	0.00806	0.00938	0.01387	0.01877	0.02499	0.05330	0.62189	0.06363	0.03016	0.01243	0.00397	0.00581	0.05657	0.00899	0.00793
30	0.03684	0.02715	0.02909	0.02230	0.03006	0.03006	0.01842	0.56661	0.04557	0.06108	0.02327	0.02327	0.01648	0.01163	0.00970	0.00291	0.01067	0.00873	0.00970	0.01648
31	0.01271	0.00908	0.01228	0.01452	0.01548	0.00865	0.01056	0.01505	0.01944	0.02575	0.05292	0.52493	0.06214	0.02952	0.01261	0.00406	0.00640	0.14683	0.00898	0.00812
32	0.01420	0.00952	0.01092	0.01107	0.01122	0.00952	0.00654	0.01450	0.01466	0.01949	0.03196	0.06656	0.03664	0.61611	0.04687	0.00906	0.00936	0.04963	0.00608	0.00608
33	0.02591	0.66522	0.05079	0.01658	0.02488	0.03835	0.01658	0.02902	0.01969	0.02280	0.01347	0.01555	0.01244	0.00829	0.00622	0.00207	0.01036	0.00518	0.00415	0.01244
34	0.02279	0.02181	0.03718	0.18063	0.48712	0.02271	0.02915	0.02870	0.02150	0.03021	0.01802	0.02438	0.01484	0.00886	0.00962	0.00295	0.01181	0.00863	0.00469	0.01439
35	0.01694	0.01476	0.02049	0.01989	0.02066	0.01830	0.01612	0.01956	0.01794	0.02526	0.03503	0.23078	0.03937	0.02353	0.02115	0.00421	0.28505	0.15470	0.00689	0.00935
36	0.01684	0.00842	0.01263	0.01263	0.01263	0.00842	0.00842	0.01263	0.01263	0.01684	0.01684	0.02946	0.01684	0.03367	0.03788	0.71801	0.00842	0.00842	0.00421	0.00421
37	0.02064	0.01985	0.02663	0.11066	0.11215	0.05655	0.02001	0.02629	0.06144	0.02943	0.14389	0.03437	0.03165	0.01471	0.01815	0.00347	0.24199	0.01056	0.00620	0.01138
38	0.02010	0.01723	0.02010	0.01436	0.02297	0.01292	0.01148	0.02440	0.02010	0.03158	0.01723	0.02010	0.01436	0.00718	0.00718	0.00144	0.00718	0.00574	0.00574	0.71863
39	0.02808	0.24315	0.12771	0.06611	0.07731	0.25130	0.02214	0.03268	0.02289	0.02522	0.01528	0.01839	0.01269	0.00919	0.00813	0.00253	0.01391	0.00639	0.00452	0.01240
40	0.01359	0.00984	0.01316	0.01489	0.01654	0.00941	0.01165	0.01683	0.02142	0.02827	0.11902	0.31778	0.10266	0.02721	0.01262	0.00400	0.00682	0.23663	0.00916	0.00848
41	0.02691	0.02221	0.02349	0.02029	0.02627	0.02541	0.01602	0.16467	0.46369	0.04506	0.03589	0.03333	0.02671	0.01282	0.00983	0.00320	0.00833	0.01047	0.00983	0.01559
42	0.01814	0.02407	0.15649	0.29279	0.04832	0.01954	0.09871	0.02534	0.02131	0.02912	0.10922	0.06361	0.02784	0.01200	0.01023	0.00321	0.01203	0.01103	0.00557	0.01146
43	0.03321	0.15958	0.19068	0.01998	0.02953	0.02150	0.02069	0.03890	0.02407	0.32635	0.02736	0.02593	0.01837	0.01046	0.00887	0.00283	0.01037	0.00809	0.00819	0.01506
44	0.02045	0.04311	0.44753	0.03150	0.04450	0.02309	0.19040	0.03080	0.02117	0.03080	0.01804	0.02213	0.01299	0.00890	0.00986	0.00313	0.01491	0.00841	0.00433	0.01396
45	0.04290	0.01744	0.02308	0.01769	0.02521	0.01565	0.01462	0.09325	0.02932	0.55739	0.03691	0.03213	0.02333	0.01196	0.00974	0.00299	0.00846	0.00966	0.01179	0.01649
46	0.06241	0.06217	0.01584	0.01364	0.01614	0.01291	0.01040	0.01961	0.04808	0.02973	0.16922	0.21400	0.09514	0.10110	0.01578	0.00419	0.00683	0.08540	0.00844	0.00897
47	0.02696	0.20614	0.25874	0.02072	0.03070	0.02365	0.02291	0.03353	0.02268	0.17743	0.06693	0.02643	0.02155	0.01051	0.00871	0.00278	0.01091	0.00810	0.00666	0.01396
48	0.01343	0.00959	0.01310	0.01535	0.01662	0.00927	0.01181	0.01629	0.02015	0.02655	0.05253	0.42192	0.06056	0.02884	0.01280	0.00416	0.00703	0.24271	0.00897	0.00832
49	0.01471	0.01063	0.01435	0.01538	0.01768	0.01027	0.01284	0.01912	0.02417	0.03246	0.25158	0.09504	0.09600	0.02412	0.01258	0.00389	0.00713	0.31949	0.00956	0.00897
50	0.02190	0.30383	0.13614	0.17536	0.08832	0.02828	0.02308	0.02736	0.01989	0.02552	0.01794	0.05888	0.01597	0.01018	0.00826	0.00271	0.01148	0.00805	0.00453	0.01232
51	0.02635	0.01979	0.03191	0.04048	0.32511	0.01941	0.05554	0.03301	0.06672	0.14977	0.02872	0.10940	0.02460	0.01250	0.01012	0.00310	0.01006	0.01170	0.00724	0.01447
52	0.46892	0.01520	0.01234	0.01139	0.01603	0.01711	0.00914	0.02634	0.01789	0.04080	0.02011	0.02318	0.01573	0.00983	0.00628	0.00273	0.00641	0.00663	0.26398	0.00996
53	0.01263	0.00986	0.01145	0.01105	0.01381	0.00868	0.00829	0.01618	0.02486	0.03276	0.35531	0.08244	0.33376	0.02209	0.01144	0.00316	0.00473	0.01894	0.00987	0.00868
54	0.08173	0.10540	0.16610	0.02066	0.02966	0.02017	0.05670	0.03717	0.02387	0.28957	0.05485	0.02812	0.02154	0.01079	0.00911	0.00292	0.01026	0.00875	0.00817	0.01445
55	0.01944	0.05013	0.60917	0.02762	0.04195	0.02251	0.03581	0.03069	0.02046	0.03069	0.01739	0.02046	0.01228	0.00921	0.00921	0.00307	0.01432	0.00716	0.00409	0.01432
56	0.01340	0.00989	0.01252	0.01186	0.01428	0.00901	0.00890	0.01768	0.02669	0.03709	0.52431	0.07533	0.16207	0.02048	0.01143	0.00308	0.00462	0.01794	0.01044	0.00901
57	0.02199	0.02033	0.03493	0.16466	0.36861	0.02103	0.07349	0.02794	0.02138	0.03084	0.01991	0.02614	0.01606	0.00915	0.00941	0.00290	0.01130	0.00893	0.09757	0.01342
58	0.02397	0.03188	0.24566	0.14285	0.15775	0.02278	0.02826	0.08862	0.06113	0.07311	0.02106	0.02437	0.01543	0.00989	0.00951	0.00305	0.01224	0.00832	0.00580	0.01433
59	0.01830	0.01723	0.02907	0.63609	0.06675	0.02153	0.02692	0.02476	0.01938	0.02476	0.01723	0.02584	0.01292	0.00969	0.00969	0.00323	0.01292	0.00861	0.00431	0.01077
60	0.01181	0.00843	0.01125	0.01350	0.01406	0.00787	0.00900	0.01350	0.01856	0.02474	0.05342	0.65306	0.06410	0.03036	0.01237	0.00394	0.00562	0.02755	0.00900	0.00787
61	0.01372	0.00991	0.01296	0.01219	0.01448	0.00914	0.00914	0.01829	0.02743	0.03887	0.59381	0.07240	0.09145	0.01981	0.01143	0.00305	0.00457	0.01753	0.01067	0.00914
62	0.01659	0.01292	0.01543	0.01427	0.01744	0.01328	0.01086	0.02746	0.18044	0.03933	0.44070	0.06239	0.07436	0.01797	0.01100	0.00311	0.00543	0.01571	0.01045	0.01086
63	0.04303	0.01722	0.02294	0.01759	0.02511	0.01533	0.01453	0.08284	0.02896	0.56830	0.03721	0.03232	0.02348	0.01197	0.00974	0.00299	0.00841	0.00968	0.01184	0.01649
64	0.02010	0.01723	0.02010	0.01436	0.02297	0.01292	0.01148	0.02440	0.02010	0.03158	0.01723	0.02010	0.01436	0.00718	0.00718	0.00144	0.00718	0.00574	0.00574	0.71863
65	0.02525	0.02143	0.07360	0.01754	0.02583	0.01734	0.01526	0.07069	0.13393	0.11565	0.02499	0.02533	0.01868	0.00952	0.00842	0.00227	0.00830	0.00766	0.00756	0.37076
66	0.02533	0.06997	0.06961	0.03997	0.29289	0.02576	0.02504	0.06595	0.02186	0.07010	0.01808	0.02300	0.01493	0.01131	0.01529	0.00321	0.18001	0.00834	0.00539	0.01397
67	0.01393	0.01006	0.01392	0.01392	0.01507	0.01121	0.01004	0.01624	0.01508	0.02127	0.02748	0.04648	0.02788	0.26731	0.43135	0.01353	0.02047	0.01161	0.00542	0.00773
68	0.01339	0.01101	0.01374	0.01376	0.01546	0.01137	0.01025	0.01590	0.02076	0.02750	0.15740	0.27124	0.23997	0.02461	0.01472	0.00360	0.09749	0.02064	0.00860	0.00860
69	0.01517	0.01043	0.01265	0.01201	0.01504	0.00928	0.00923	0.01890	0.02520	0.07509	0.33999	0.07930	0.26946	0.02138	0.01143	0.00321	0.00521	0.04763	0.01005	0.00932
70	0.02399	0.02303	0.03934	0.05949	0.59893	0.02303	0.02974	0.02974	0.02207	0.03166	0.01823	0.02399	0.01535	0.00864	0.00960	0.00288	0.01151	0.00864	0.00480	0.01535
71	0.01257	0.00986	0.01137	0.01099	0.01378	0.00866	0.00824	0.01607	0.02473	0.03244	0.34286	0.08297	0.34641	0.02221	0.01144	0.00316	0.00474	0.01901	0.00982	0.00866
72	0.01294	0.00988	0.01188	0.01138	0.01400	0.00881	0.00853	0.01678	0.02560	0.03451	0.42351	0.07957	0.26447	0.02144	0.01144	0.00313	0.00469	0.01853	0.01010	0.00881
73	0.02688	0.60868	0.04886	0.01709	0.02533	0.03762	0.01675	0.07665	0.02199	0.02619	0.01434	0.01623	0.01280	0.00859	0.00653	0.00215	0.01039	0.00550	0.00464	0.01280
74	0.07864	0.02496	0.08501	0.04433	0.37815	0.02286	0.02589	0.09801	0.02501	0.09460	0.02047	0.02390	0.01575	0.00943	0.00933	0.00292	0.01103	0.00838	0.00616	0.01516
75	0.02770	0.27673	0.03955	0.02791	0.14092	0.07191	0.04945	0.06768	0.10820	0.06999	0.02110	0.02274	0.01678	0.00967	0.00837	0.00263	0.01090	0.00770	0.00612	0.01393
76	0.72785	0.01874	0.01425	0.01275	0.01874	0.02174	0.01050	0.02849	0.01649	0.04348	0.01350	0.01574	0.01050	0.00900	0.00600	0.00300	0.00750	0.00525	0.00600	0.01050
77	0.01571	0.01268	0.01358	0.01285	0.01643	0.01263	0.00978	0.02531	0.17039	0.03321	0.17693	0.06997	0.30464	0.01965	0.01070	0.00316	0.00554	0.01655	0.05999	0.01032
78	0.02088	0.02651	0.15925	0.33456	0.08722	0.02327	0.06726	0.06926	0.02179	0.02970	0.01767	0.02406	0.01333	0.01005	0.01118	0.00322	0.05511	0.00850	0.00475	0.01244
79	0.01968	0.01645	0.02066	0.01794	0.02245	0.01754	0.06095	0.03529	0.28888	0.03812	0.21129	0.04931	0.07516	0.01519	0.01032	0.00313	0.00710	0.01335	0.06482	0.01237
80	0.01454	0.01132	0.01347	0.01347	0.01614	0.01105	0.01018	0.02143	0.10459	0.03286	0.25735	0.17642	0.19011	0.02239	0.01155	0.00341	0.00567	0.06473	0.00972	0.00958
81	0.19523	0.02022	0.05892	0.03035	0.20940	0.01999	0.01906	0.02785	0.06958	0.03432	0.06487	0.11739	0.02759	0.01362	0.01061	0.00321	0.04774	0.01129	0.00650	0.01227
82	0.01992	0.06883	0.11415	0.01943	0.02518	0.02044	0.01779	0.03435	0.24622	0.03169	0.03140	0.03919	0.02645	0.02983	0.17859	0.00666	0.01408	0.05610	0.00716	0.01255
83	0.01664	0.19065	0.02300	0.01395	0.01757	0.01700	0.01152	0.02000	0.02255	0.02965	0.23784	0.19203	0.09528	0.01985	0.01035	0.00310	0.00675	0.05434	0.00825	0.00968

[dist]
# distance from previous block
# <min> <max>
0	28

# created by:
# /st0/software/busco_prod/Augustus/scripts/msa2prfl.pl ./align_prep/6072.fa
