[name]
unknown

[dist]
# distance from previous block
# <min> <max>
0	27

[block]
# block no. 0 follows, 15 sequences, length 30
# corresponding to MSA columns:
# 27-56
name=unknown_A
#
# <colnr> <probs for GDERKNQSTAVLIFYWHMCP>
#	G	D	E	R	K	N	Q	S	T	A	V	L	I	F	Y	W	H	M	C	P
0	0.11666	0.05565	0.02198	0.01669	0.02331	0.01801	0.01383	0.06255	0.08343	0.21885	0.03704	0.04157	0.06834	0.01370	0.00947	0.00300	0.00822	0.06257	0.00921	0.11592
1	0.02201	0.01821	0.02439	0.01916	0.02534	0.01754	0.06747	0.05874	0.08075	0.06400	0.11633	0.03841	0.07450	0.01312	0.01201	0.00274	0.07146	0.01083	0.00773	0.25525
2	0.02598	0.08130	0.15698	0.10076	0.28114	0.02454	0.02825	0.07334	0.02427	0.08032	0.02019	0.02409	0.01545	0.00962	0.00953	0.00298	0.01216	0.00836	0.00569	0.01503
3	0.01427	0.01032	0.01414	0.01395	0.01544	0.01105	0.01019	0.01726	0.01861	0.02630	0.16217	0.05392	0.04435	0.19880	0.33194	0.01139	0.01732	0.01337	0.00687	0.00834
4	0.03582	0.02689	0.02875	0.02252	0.03013	0.02995	0.01845	0.47496	0.12951	0.05949	0.02657	0.02603	0.01908	0.01221	0.01000	0.00305	0.01048	0.00934	0.01000	0.01677
5	0.01295	0.01014	0.01171	0.01132	0.01418	0.00891	0.00849	0.01656	0.02547	0.03346	0.34186	0.08519	0.33847	0.02281	0.01177	0.00325	0.00488	0.01953	0.01012	0.00891
6	0.01211	0.00974	0.01080	0.01132	0.01386	0.00843	0.00819	0.01465	0.02234	0.02786	0.13766	0.23443	0.40107	0.02629	0.01202	0.00352	0.00520	0.02261	0.00943	0.00843
7	0.01653	0.01036	0.01372	0.01352	0.01581	0.00949	0.00988	0.02014	0.02514	0.09092	0.34815	0.26380	0.07750	0.02326	0.01191	0.00344	0.00545	0.02073	0.01053	0.00972
8	0.02067	0.01772	0.02067	0.01477	0.02362	0.01329	0.01181	0.02510	0.02067	0.03248	0.01772	0.02067	0.01477	0.00738	0.00738	0.00148	0.00738	0.00591	0.00591	0.71059
9	0.02480	0.02141	0.02254	0.02029	0.02592	0.02480	0.01578	0.05297	0.56946	0.04170	0.04057	0.03719	0.03043	0.01352	0.01014	0.00338	0.00789	0.01127	0.01014	0.01578
10	0.01426	0.01060	0.01559	0.01559	0.01723	0.01223	0.01193	0.01753	0.01589	0.02283	0.02709	0.04133	0.02586	0.12252	0.56368	0.01549	0.02529	0.01100	0.00540	0.00866
11	0.03498	0.09875	0.07554	0.02518	0.03136	0.51529	0.02047	0.03832	0.02701	0.02489	0.01548	0.01806	0.01282	0.01006	0.00881	0.00258	0.01711	0.00640	0.00499	0.01191
12	0.01999	0.05157	0.59800	0.02841	0.04315	0.02315	0.03683	0.03157	0.02105	0.03157	0.01789	0.02105	0.01263	0.00947	0.00947	0.00316	0.01473	0.00737	0.00421	0.01473
13	0.02347	0.01758	0.02869	0.51659	0.06091	0.02080	0.02535	0.02962	0.02148	0.12757	0.02160	0.02790	0.01533	0.01039	0.00998	0.00328	0.01243	0.00907	0.00585	0.01213
14	0.01973	0.08803	0.33269	0.08757	0.03955	0.02177	0.05877	0.02812	0.02099	0.02971	0.02350	0.07811	0.02092	0.01248	0.00989	0.00319	0.01276	0.05212	0.00520	0.05491
15	0.03724	0.04751	0.02825	0.02568	0.03082	0.60963	0.01926	0.03981	0.02825	0.02440	0.01541	0.01798	0.01284	0.01027	0.00899	0.00257	0.01798	0.00642	0.00514	0.01156
16	0.01271	0.01014	0.01138	0.01107	0.01403	0.00881	0.00830	0.01610	0.02491	0.03211	0.29209	0.08741	0.38909	0.02331	0.01177	0.00327	0.00491	0.01984	0.00994	0.00881
17	0.27748	0.01807	0.01918	0.01497	0.02256	0.01690	0.01221	0.03294	0.02147	0.18846	0.02218	0.02265	0.01602	0.00939	0.00766	0.00249	0.00780	0.00684	0.00774	0.27300
18	0.01607	0.01122	0.01344	0.01320	0.01606	0.01046	0.00975	0.02130	0.06967	0.07307	0.22570	0.21706	0.21856	0.02335	0.01175	0.00345	0.00562	0.02034	0.01008	0.00988
19	0.01205	0.00904	0.01119	0.01291	0.01420	0.00818	0.00882	0.01399	0.02002	0.02583	0.06678	0.50249	0.19895	0.02969	0.01248	0.00387	0.00559	0.02646	0.00925	0.00818
20	0.01654	0.01147	0.01512	0.01493	0.01748	0.01165	0.01144	0.02213	0.06539	0.06506	0.20583	0.15263	0.08757	0.03644	0.17171	0.00687	0.01161	0.05721	0.00897	0.00995
21	0.02076	0.01209	0.01754	0.06395	0.02117	0.01305	0.01269	0.02116	0.01725	0.10692	0.02641	0.09678	0.02498	0.06603	0.11847	0.27073	0.06369	0.01155	0.00630	0.00850
22	0.01243	0.00900	0.01182	0.01397	0.01488	0.00839	0.00968	0.01446	0.01966	0.02591	0.05812	0.56064	0.10293	0.03050	0.01274	0.00404	0.00600	0.06735	0.00925	0.00821
23	0.01497	0.00994	0.01229	0.01297	0.01513	0.00887	0.00923	0.01741	0.02186	0.07497	0.12018	0.37561	0.21588	0.02682	0.01213	0.00368	0.00569	0.02364	0.00969	0.00906
24	0.01854	0.06768	0.02829	0.22600	0.03874	0.02069	0.06084	0.02342	0.02155	0.02931	0.16505	0.08851	0.03850	0.01537	0.01417	0.00341	0.10995	0.01276	0.00654	0.01070
25	0.08133	0.06996	0.29994	0.08153	0.17016	0.02340	0.02976	0.03181	0.02151	0.07296	0.01909	0.02261	0.01417	0.00951	0.00920	0.00306	0.01267	0.00777	0.00516	0.01442
26	0.02994	0.01995	0.06341	0.01882	0.02517	0.01834	0.01607	0.08139	0.16672	0.23396	0.08984	0.03785	0.03169	0.02187	0.09343	0.00496	0.01113	0.01097	0.00989	0.01462
27	0.01524	0.01632	0.10715	0.01506	0.01806	0.01151	0.01291	0.01848	0.01824	0.02577	0.03797	0.22925	0.04176	0.24868	0.02542	0.00580	0.00880	0.05754	0.07740	0.00864
28	0.03050	0.20008	0.18499	0.02322	0.03323	0.02729	0.06498	0.12853	0.02725	0.15382	0.02260	0.02340	0.01619	0.01019	0.00904	0.00285	0.01181	0.00802	0.00704	0.01498
29	0.03096	0.05658	0.10847	0.02751	0.12659	0.05104	0.02098	0.06119	0.02501	0.22137	0.02711	0.06198	0.02078	0.01198	0.01086	0.00299	0.04439	0.00963	0.00785	0.07273

[dist]
# distance from previous block
# <min> <max>
0	4

[block]
# block no. 1 follows, 15 sequences, length 20
# corresponding to MSA columns:
# 72-91
name=unknown_B
#
# <colnr> <probs for GDERKNQSTAVLIFYWHMCP>
#	G	D	E	R	K	N	Q	S	T	A	V	L	I	F	Y	W	H	M	C	P
0	0.15760	0.13241	0.09700	0.10680	0.12923	0.02347	0.02105	0.03080	0.02113	0.10760	0.02229	0.06998	0.01866	0.01128	0.00877	0.00301	0.01047	0.00907	0.00623	0.01314
1	0.11351	0.08501	0.01819	0.01351	0.01773	0.01480	0.01072	0.02364	0.02300	0.10897	0.16491	0.15798	0.17255	0.01945	0.01034	0.00322	0.00656	0.01629	0.00906	0.01055
2	0.07195	0.21132	0.10808	0.09833	0.07120	0.02983	0.02176	0.16220	0.06922	0.03794	0.01975	0.02215	0.01530	0.01014	0.00863	0.00284	0.01126	0.00763	0.00632	0.01417
3	0.01478	0.00989	0.01299	0.01299	0.01362	0.01053	0.00868	0.01547	0.01484	0.02042	0.02784	0.05127	0.02967	0.36244	0.24837	0.10585	0.01560	0.01235	0.00556	0.00683
4	0.01999	0.05157	0.59800	0.02841	0.04315	0.02315	0.03683	0.03157	0.02105	0.03157	0.01789	0.02105	0.01263	0.00947	0.00947	0.00316	0.01473	0.00737	0.00421	0.01473
5	0.01509	0.01066	0.01216	0.01149	0.01486	0.00922	0.00872	0.01843	0.02498	0.07494	0.25458	0.08410	0.37936	0.02265	0.01164	0.00327	0.00520	0.01920	0.01006	0.00940
6	0.01327	0.01016	0.01216	0.01166	0.01438	0.00905	0.00874	0.01718	0.02623	0.03526	0.40828	0.08223	0.27093	0.02214	0.01177	0.00322	0.00483	0.01912	0.01035	0.00905
7	0.01340	0.01001	0.01151	0.01122	0.01328	0.00913	0.00783	0.01603	0.02249	0.02968	0.26048	0.07949	0.25070	0.19575	0.02252	0.00502	0.00619	0.01812	0.00901	0.00813
8	0.01352	0.01017	0.01251	0.01192	0.01453	0.00916	0.00894	0.01767	0.02683	0.03668	0.46060	0.07989	0.21772	0.02161	0.01176	0.00319	0.00479	0.01879	0.01054	0.00916
9	0.02665	0.65565	0.05224	0.01706	0.02559	0.03945	0.01706	0.02985	0.02026	0.02345	0.01386	0.01599	0.01279	0.00853	0.00640	0.00213	0.01066	0.00533	0.00426	0.01279
10	0.02665	0.65565	0.05224	0.01706	0.02559	0.03945	0.01706	0.02985	0.02026	0.02345	0.01386	0.01599	0.01279	0.00853	0.00640	0.00213	0.01066	0.00533	0.00426	0.01279
11	0.16470	0.03234	0.02408	0.02078	0.02695	0.30720	0.01620	0.04076	0.02628	0.21484	0.02297	0.02288	0.01634	0.01076	0.00881	0.00283	0.01299	0.00741	0.00768	0.01319
12	0.03790	0.02792	0.02992	0.02294	0.03091	0.03091	0.01895	0.55423	0.04687	0.06283	0.02393	0.02393	0.01695	0.01197	0.00997	0.00299	0.01097	0.00898	0.00997	0.01695
13	0.02067	0.01772	0.02067	0.01477	0.02362	0.01329	0.01181	0.02510	0.02067	0.03248	0.01772	0.02067	0.01477	0.00738	0.00738	0.00148	0.00738	0.00591	0.00591	0.71059
14	0.02665	0.65565	0.05224	0.01706	0.02559	0.03945	0.01706	0.02985	0.02026	0.02345	0.01386	0.01599	0.01279	0.00853	0.00640	0.00213	0.01066	0.00533	0.00426	0.01279
15	0.64165	0.02027	0.01641	0.01424	0.02062	0.02335	0.01173	0.08965	0.02040	0.04681	0.01504	0.01708	0.01150	0.00957	0.00661	0.00307	0.00809	0.00581	0.00661	0.01150
16	0.02480	0.02141	0.02254	0.02029	0.02592	0.02480	0.01578	0.05297	0.56946	0.04170	0.04057	0.03719	0.03043	0.01352	0.01014	0.00338	0.00789	0.01127	0.01014	0.01578
17	0.11343	0.02142	0.03721	0.02744	0.03598	0.01999	0.24043	0.03935	0.02509	0.29408	0.02833	0.02892	0.01905	0.01032	0.01032	0.00320	0.01190	0.01023	0.00855	0.01477
18	0.02656	0.52729	0.12432	0.01926	0.02836	0.08088	0.01990	0.03085	0.02097	0.02463	0.01452	0.01683	0.01277	0.00879	0.00701	0.00230	0.01177	0.00569	0.00432	0.01296
19	0.02451	0.01254	0.01637	0.01407	0.01841	0.01112	0.01102	0.02866	0.02770	0.23158	0.33779	0.06282	0.12615	0.01814	0.01116	0.00314	0.00606	0.01559	0.01125	0.01193

[dist]
# distance from previous block
# <min> <max>
0	10

[block]
# block no. 2 follows, 15 sequences, length 186
# corresponding to MSA columns:
# 102-110,112-178,209-318
name=unknown_C
#
# <colnr> <probs for GDERKNQSTAVLIFYWHMCP>
#	G	D	E	R	K	N	Q	S	T	A	V	L	I	F	Y	W	H	M	C	P
0	0.01604	0.01173	0.01456	0.01329	0.01620	0.01122	0.01012	0.06527	0.02949	0.04113	0.50224	0.07145	0.11908	0.01996	0.01160	0.00314	0.00527	0.01743	0.01078	0.01000
1	0.01981	0.01869	0.03117	0.43924	0.19608	0.02157	0.02700	0.02598	0.02083	0.02737	0.02387	0.03100	0.05427	0.01077	0.01007	0.00323	0.01234	0.00973	0.00490	0.01208
2	0.02980	0.02495	0.10643	0.11424	0.09093	0.02080	0.18778	0.03657	0.02437	0.22330	0.02598	0.02835	0.01789	0.01014	0.01048	0.00320	0.01279	0.00998	0.00734	0.01468
3	0.01215	0.00868	0.01157	0.01388	0.01446	0.00810	0.00925	0.01388	0.01909	0.02545	0.05495	0.64315	0.06593	0.03123	0.01272	0.00405	0.00578	0.02834	0.00925	0.00810
4	0.02528	0.02305	0.04632	0.12433	0.04837	0.02220	0.36095	0.03240	0.02368	0.11418	0.02739	0.03194	0.04960	0.01021	0.01124	0.00331	0.01435	0.01161	0.00628	0.01332
5	0.03161	0.07186	0.03268	0.13545	0.14430	0.02246	0.05192	0.08297	0.06349	0.22181	0.02709	0.02833	0.01914	0.01076	0.00980	0.00305	0.01082	0.00931	0.00807	0.01507
6	0.03282	0.07584	0.09264	0.01794	0.02547	0.01738	0.01645	0.03907	0.06014	0.33373	0.10607	0.04042	0.07067	0.01364	0.00999	0.00305	0.00868	0.01114	0.01013	0.01472
7	0.01517	0.01122	0.01600	0.01564	0.01680	0.01308	0.01172	0.01728	0.01542	0.02201	0.02564	0.04171	0.02535	0.17076	0.41228	0.07451	0.07092	0.01104	0.00530	0.00815
8	0.42184	0.10583	0.06989	0.01867	0.05859	0.02454	0.01560	0.06514	0.02045	0.04029	0.01553	0.01801	0.01228	0.00918	0.00706	0.00281	0.00912	0.00605	0.00592	0.07321
9	0.02480	0.20549	0.22362	0.02168	0.03190	0.02743	0.02301	0.09983	0.09183	0.03473	0.02034	0.02197	0.01573	0.00974	0.00848	0.00265	0.01126	0.00729	0.00593	0.11227
10	0.02570	0.26528	0.07203	0.02224	0.06101	0.02864	0.01892	0.06271	0.02184	0.07413	0.02084	0.07500	0.01903	0.01273	0.01293	0.00292	0.12766	0.00899	0.00589	0.06150
11	0.01872	0.01686	0.02366	0.32874	0.08170	0.05400	0.02026	0.02340	0.02012	0.02641	0.02719	0.14838	0.02647	0.06584	0.01346	0.00382	0.01099	0.01294	0.06673	0.01029
12	0.01236	0.00949	0.01133	0.01220	0.01416	0.00846	0.00864	0.01494	0.02212	0.02864	0.16794	0.33220	0.26768	0.02699	0.01219	0.00362	0.00531	0.02370	0.00957	0.00846
13	0.01602	0.01366	0.02001	0.12859	0.02834	0.01476	0.04573	0.02188	0.06893	0.02943	0.12405	0.27917	0.08709	0.02155	0.01298	0.00365	0.04697	0.01903	0.00815	0.01002
14	0.01232	0.00881	0.01172	0.01376	0.01450	0.00821	0.00927	0.01431	0.01988	0.02672	0.10098	0.59350	0.06839	0.03028	0.01264	0.00397	0.00569	0.02744	0.00940	0.00821
15	0.02023	0.01517	0.02171	0.28196	0.03994	0.01675	0.01803	0.06100	0.02451	0.07615	0.13894	0.04692	0.11377	0.01460	0.01033	0.00317	0.00924	0.01249	0.06398	0.01110
16	0.02457	0.02487	0.10894	0.01888	0.02760	0.01967	0.01726	0.14049	0.09593	0.04019	0.02291	0.02458	0.01759	0.00971	0.00856	0.00234	0.00913	0.00767	0.05240	0.32669
17	0.01883	0.01772	0.02990	0.62569	0.06866	0.02215	0.02769	0.02547	0.01993	0.02547	0.01772	0.02658	0.01329	0.00997	0.00997	0.00332	0.01329	0.00886	0.00443	0.01107
18	0.08446	0.01845	0.02151	0.01600	0.02429	0.01573	0.01298	0.07234	0.02434	0.17425	0.02322	0.02383	0.01706	0.00911	0.00814	0.00212	0.00796	0.00712	0.00783	0.42926
19	0.50572	0.01880	0.01931	0.20036	0.03437	0.02230	0.01596	0.02813	0.01787	0.03884	0.01505	0.01937	0.01156	0.00947	0.00733	0.00316	0.00942	0.00646	0.00564	0.01088
20	0.02467	0.02369	0.04046	0.06119	0.58747	0.02369	0.03059	0.03059	0.02270	0.03257	0.01875	0.02467	0.01579	0.00888	0.00987	0.00296	0.01184	0.00888	0.00493	0.01579
21	0.01320	0.01006	0.01492	0.01603	0.01736	0.00946	0.04380	0.01560	0.01970	0.02624	0.05258	0.55821	0.06200	0.02948	0.01276	0.00405	0.00677	0.07026	0.00898	0.00853
22	0.72007	0.01928	0.01465	0.01311	0.01928	0.02236	0.01080	0.02930	0.01697	0.04473	0.01388	0.01619	0.01080	0.00925	0.00617	0.00308	0.00771	0.00540	0.00617	0.01080
23	0.01215	0.00868	0.01157	0.01388	0.01446	0.00810	0.00925	0.01388	0.01909	0.02545	0.05495	0.64315	0.06593	0.03123	0.01272	0.00405	0.00578	0.02834	0.00925	0.00810
24	0.72007	0.01928	0.01465	0.01311	0.01928	0.02236	0.01080	0.02930	0.01697	0.04473	0.01388	0.01619	0.01080	0.00925	0.00617	0.00308	0.00771	0.00540	0.00617	0.01080
25	0.02933	0.02367	0.02509	0.02120	0.02765	0.02691	0.01688	0.22648	0.38857	0.04901	0.03481	0.03260	0.02577	0.01299	0.01008	0.00325	0.00896	0.01048	0.01008	0.01619
26	0.04473	0.01697	0.02313	0.01774	0.02545	0.01465	0.01465	0.04858	0.02853	0.59437	0.03933	0.03393	0.02468	0.01234	0.01003	0.00308	0.00848	0.01003	0.01234	0.01697
27	0.01424	0.01068	0.01602	0.01602	0.01780	0.01246	0.01246	0.01780	0.01602	0.02314	0.02670	0.03916	0.02492	0.07477	0.61015	0.01602	0.02670	0.01068	0.00534	0.00890
28	0.06916	0.01444	0.01837	0.01579	0.02082	0.01362	0.01270	0.03437	0.06553	0.26982	0.23877	0.05489	0.05264	0.01653	0.01077	0.00326	0.00707	0.05734	0.01104	0.01306
29	0.02533	0.01874	0.02583	0.02210	0.02442	0.02349	0.01818	0.05830	0.01978	0.13294	0.02172	0.02813	0.01816	0.02915	0.15787	0.00668	0.34140	0.00943	0.00641	0.01194
30	0.72007	0.01928	0.01465	0.01311	0.01928	0.02236	0.01080	0.02930	0.01697	0.04473	0.01388	0.01619	0.01080	0.00925	0.00617	0.00308	0.00771	0.00540	0.00617	0.01080
31	0.01215	0.00868	0.01157	0.01388	0.01446	0.00810	0.00925	0.01388	0.01909	0.02545	0.05495	0.64315	0.06593	0.03123	0.01272	0.00405	0.00578	0.02834	0.00925	0.00810
32	0.02987	0.02288	0.03455	0.16823	0.19816	0.05831	0.08587	0.07165	0.02567	0.16994	0.02388	0.02715	0.01723	0.01022	0.01010	0.00310	0.01225	0.00935	0.00702	0.01458
33	0.02324	0.02295	0.11100	0.11777	0.03325	0.02204	0.02139	0.05802	0.02065	0.09852	0.02346	0.07142	0.02074	0.06317	0.05525	0.00481	0.20355	0.01061	0.00619	0.01196
34	0.04388	0.01833	0.02398	0.01839	0.02613	0.01668	0.01519	0.11165	0.03082	0.52808	0.03741	0.03268	0.02371	0.01229	0.01002	0.00307	0.00879	0.00989	0.01204	0.01696
35	0.02911	0.02481	0.02934	0.18830	0.08873	0.06302	0.02174	0.23978	0.13443	0.04375	0.02440	0.02683	0.01814	0.01135	0.00993	0.00312	0.01153	0.00921	0.00777	0.01471
36	0.72007	0.01928	0.01465	0.01311	0.01928	0.02236	0.01080	0.02930	0.01697	0.04473	0.01388	0.01619	0.01080	0.00925	0.00617	0.00308	0.00771	0.00540	0.00617	0.01080
37	0.07625	0.23247	0.26392	0.14641	0.04100	0.02802	0.02670	0.02960	0.02025	0.02878	0.01627	0.02021	0.01267	0.00926	0.00835	0.00286	0.01261	0.00688	0.00442	0.01306
38	0.01566	0.01602	0.10045	0.01478	0.01734	0.01209	0.01226	0.01749	0.01557	0.02163	0.02655	0.04884	0.02795	0.35956	0.14991	0.10539	0.01355	0.01190	0.00540	0.00766
39	0.01332	0.01016	0.01223	0.01171	0.01441	0.00907	0.00878	0.01728	0.02635	0.03554	0.41847	0.08177	0.26057	0.02204	0.01177	0.00321	0.00482	0.01905	0.01039	0.00907
40	0.01274	0.01014	0.01142	0.01110	0.01405	0.00882	0.00833	0.01616	0.02498	0.03229	0.29854	0.08712	0.38253	0.02325	0.01177	0.00327	0.00491	0.01980	0.00996	0.00882
41	0.01233	0.00934	0.01137	0.01251	0.01422	0.00839	0.00876	0.01475	0.02158	0.02807	0.14786	0.38871	0.23053	0.02776	0.01229	0.00370	0.00539	0.02454	0.00951	0.00839
42	0.01572	0.01123	0.01567	0.01797	0.02011	0.01118	0.01547	0.02006	0.02261	0.02945	0.05297	0.15878	0.05812	0.02786	0.01368	0.00454	0.00888	0.47741	0.00919	0.00909
43	0.02665	0.65565	0.05224	0.01706	0.02559	0.03945	0.01706	0.02985	0.02026	0.02345	0.01386	0.01599	0.01279	0.00853	0.00640	0.00213	0.01066	0.00533	0.00426	0.01279
44	0.04473	0.01697	0.02313	0.01774	0.02545	0.01465	0.01465	0.04858	0.02853	0.59437	0.03933	0.03393	0.02468	0.01234	0.01003	0.00308	0.00848	0.01003	0.01234	0.01697
45	0.02665	0.65565	0.05224	0.01706	0.02559	0.03945	0.01706	0.02985	0.02026	0.02345	0.01386	0.01599	0.01279	0.00853	0.00640	0.00213	0.01066	0.00533	0.00426	0.01279
46	0.01215	0.00868	0.01157	0.01388	0.01446	0.00810	0.00925	0.01388	0.01909	0.02545	0.05495	0.64315	0.06593	0.03123	0.01272	0.00405	0.00578	0.02834	0.00925	0.00810
47	0.03790	0.02792	0.02992	0.02294	0.03091	0.03091	0.01895	0.55423	0.04687	0.06283	0.02393	0.02393	0.01695	0.01197	0.00997	0.00299	0.01097	0.00898	0.00997	0.01695
48	0.02181	0.02181	0.03053	0.02617	0.02617	0.03053	0.02181	0.02399	0.01527	0.02399	0.01309	0.02181	0.01309	0.01745	0.03272	0.00436	0.63141	0.00872	0.00436	0.01091
49	0.02181	0.02181	0.03053	0.02617	0.02617	0.03053	0.02181	0.02399	0.01527	0.02399	0.01309	0.02181	0.01309	0.01745	0.03272	0.00436	0.63141	0.00872	0.00436	0.01091
50	0.02067	0.01772	0.02067	0.01477	0.02362	0.01329	0.01181	0.02510	0.02067	0.03248	0.01772	0.02067	0.01477	0.00738	0.00738	0.00148	0.00738	0.00591	0.00591	0.71059
51	0.02319	0.02218	0.03779	0.20393	0.45628	0.02330	0.02986	0.02930	0.02200	0.03077	0.01849	0.02515	0.01516	0.00916	0.00989	0.00305	0.01221	0.00888	0.00481	0.01460
52	0.02073	0.05907	0.02299	0.01880	0.02135	0.01906	0.01535	0.02396	0.01767	0.09389	0.02402	0.03264	0.02114	0.04835	0.35200	0.01059	0.17210	0.00975	0.00589	0.01066
53	0.01192	0.00956	0.01065	0.01152	0.01384	0.00830	0.00820	0.01415	0.02136	0.02637	0.08370	0.30142	0.38910	0.02749	0.01214	0.00362	0.00533	0.02378	0.00926	0.00830
54	0.07073	0.01865	0.02100	0.01531	0.02391	0.01535	0.01232	0.06816	0.02253	0.03579	0.01795	0.02062	0.01467	0.00788	0.00751	0.00171	0.00770	0.00612	0.00625	0.60584
55	0.03436	0.10581	0.18465	0.02359	0.06940	0.02066	0.02211	0.04038	0.02506	0.33129	0.02890	0.02756	0.01931	0.01085	0.00941	0.00298	0.01069	0.00864	0.00861	0.01576
56	0.01504	0.01029	0.01267	0.01347	0.01426	0.01029	0.00951	0.01663	0.01743	0.02297	0.03882	0.08160	0.04357	0.43403	0.03793	0.00791	0.00950	0.18983	0.00713	0.00713
57	0.01235	0.00969	0.01117	0.01171	0.01404	0.00852	0.00844	0.01507	0.02273	0.02908	0.18269	0.25410	0.33285	0.02606	0.01206	0.00352	0.00520	0.02261	0.00960	0.00852
58	0.03461	0.02181	0.07625	0.02695	0.13165	0.01855	0.01956	0.07366	0.07163	0.32305	0.07117	0.03358	0.02686	0.01208	0.01008	0.00309	0.00950	0.01018	0.00982	0.01592
59	0.02669	0.02144	0.03354	0.09105	0.36259	0.02189	0.02512	0.06566	0.06317	0.10413	0.02563	0.06985	0.02130	0.01147	0.01012	0.00311	0.01078	0.01055	0.00680	0.01511
60	0.02432	0.02481	0.05195	0.12809	0.05271	0.02400	0.43454	0.03214	0.02334	0.07077	0.02116	0.02734	0.01553	0.00892	0.01137	0.00334	0.01569	0.01120	0.00547	0.01334
61	0.02668	0.01950	0.03437	0.33904	0.05368	0.02083	0.13748	0.03297	0.02298	0.17698	0.02395	0.02859	0.01669	0.01025	0.01037	0.00327	0.01278	0.00980	0.00665	0.01314
62	0.02965	0.07031	0.23741	0.07273	0.03700	0.02164	0.05567	0.03664	0.02337	0.23482	0.02522	0.02626	0.01725	0.01100	0.01130	0.00318	0.05585	0.00868	0.00725	0.01478
63	0.06694	0.02362	0.07005	0.10417	0.03312	0.02453	0.01902	0.07740	0.38281	0.04015	0.03291	0.03231	0.02458	0.01235	0.00981	0.00331	0.00937	0.01012	0.00862	0.01481
64	0.39552	0.19181	0.02838	0.01960	0.06830	0.09971	0.01510	0.03085	0.01970	0.03559	0.01446	0.01705	0.01198	0.00916	0.00688	0.00276	0.01010	0.00579	0.00544	0.01182
65	0.03263	0.01370	0.01781	0.01501	0.02007	0.01226	0.01174	0.03609	0.02469	0.35962	0.03980	0.12814	0.03177	0.05402	0.01230	0.00348	0.00736	0.01290	0.15321	0.01339
66	0.02665	0.65565	0.05224	0.01706	0.02559	0.03945	0.01706	0.02985	0.02026	0.02345	0.01386	0.01599	0.01279	0.00853	0.00640	0.00213	0.01066	0.00533	0.00426	0.01279
67	0.01319	0.01015	0.01205	0.01158	0.01433	0.00901	0.00868	0.01703	0.02605	0.03482	0.39193	0.08296	0.28756	0.02230	0.01177	0.00323	0.00484	0.01922	0.01030	0.00901
68	0.01411	0.01019	0.01333	0.01254	0.01489	0.00941	0.00941	0.01881	0.02822	0.03998	0.58221	0.07447	0.09406	0.02038	0.01176	0.00314	0.00470	0.01803	0.01097	0.00941
69	0.03010	0.02183	0.02415	0.02037	0.02662	0.02427	0.01626	0.18874	0.31403	0.11505	0.03473	0.03326	0.02555	0.01770	0.05670	0.00422	0.01028	0.01043	0.01000	0.01572
70	0.72007	0.01928	0.01465	0.01311	0.01928	0.02236	0.01080	0.02930	0.01697	0.04473	0.01388	0.01619	0.01080	0.00925	0.00617	0.00308	0.00771	0.00540	0.00617	0.01080
71	0.02581	0.02192	0.02311	0.02049	0.02631	0.02527	0.01603	0.09192	0.52885	0.04334	0.03928	0.03616	0.02938	0.01340	0.01013	0.00335	0.00813	0.01109	0.01013	0.01587
72	0.01883	0.01772	0.02990	0.62569	0.06866	0.02215	0.02769	0.02547	0.01993	0.02547	0.01772	0.02658	0.01329	0.00997	0.00997	0.00332	0.01329	0.00886	0.00443	0.01107
73	0.01424	0.01068	0.01602	0.01602	0.01780	0.01246	0.01246	0.01780	0.01602	0.02314	0.02670	0.03916	0.02492	0.07477	0.61015	0.01602	0.02670	0.01068	0.00534	0.00890
74	0.06455	0.01635	0.02529	0.22267	0.07785	0.01724	0.04991	0.02874	0.02286	0.14817	0.09739	0.12411	0.03353	0.01467	0.01048	0.00332	0.00990	0.01307	0.00777	0.01212
75	0.02125	0.01611	0.02293	0.10247	0.02956	0.01551	0.04642	0.02524	0.02077	0.09518	0.02995	0.18972	0.02927	0.01563	0.01195	0.00297	0.06295	0.01339	0.00717	0.24157
76	0.67223	0.02149	0.05452	0.01416	0.02091	0.02242	0.01258	0.02946	0.01724	0.04383	0.01415	0.01653	0.01092	0.00927	0.00639	0.00309	0.00819	0.00553	0.00604	0.01107
77	0.72007	0.01928	0.01465	0.01311	0.01928	0.02236	0.01080	0.02930	0.01697	0.04473	0.01388	0.01619	0.01080	0.00925	0.00617	0.00308	0.00771	0.00540	0.00617	0.01080
78	0.72007	0.01928	0.01465	0.01311	0.01928	0.02236	0.01080	0.02930	0.01697	0.04473	0.01388	0.01619	0.01080	0.00925	0.00617	0.00308	0.00771	0.00540	0.00617	0.01080
79	0.01395	0.01018	0.01311	0.01237	0.01480	0.00934	0.00928	0.01850	0.02784	0.03908	0.54932	0.07593	0.12750	0.02071	0.01176	0.00315	0.00473	0.01823	0.01086	0.00934
80	0.03075	0.01721	0.02288	0.01903	0.02315	0.01897	0.01545	0.06899	0.02338	0.26177	0.02886	0.03275	0.02186	0.05805	0.08884	0.00526	0.17488	0.00989	0.06486	0.01316
81	0.72007	0.01928	0.01465	0.01311	0.01928	0.02236	0.01080	0.02930	0.01697	0.04473	0.01388	0.01619	0.01080	0.00925	0.00617	0.00308	0.00771	0.00540	0.00617	0.01080
82	0.01732	0.00866	0.01299	0.01299	0.01299	0.00866	0.00866	0.01299	0.01299	0.01732	0.01732	0.03030	0.01732	0.03463	0.03896	0.70996	0.00866	0.00866	0.00433	0.00433
83	0.03289	0.29998	0.03857	0.02166	0.02864	0.28506	0.01829	0.11132	0.02763	0.02966	0.01601	0.01802	0.01343	0.00979	0.00805	0.00245	0.01387	0.00634	0.00548	0.01287
84	0.01928	0.01179	0.01442	0.01430	0.01638	0.01162	0.00985	0.02405	0.08699	0.11000	0.04346	0.29646	0.04610	0.22039	0.02394	0.00559	0.00766	0.01917	0.00881	0.00972
85	0.08524	0.01902	0.02878	0.27233	0.18040	0.02092	0.02326	0.03171	0.05770	0.11065	0.05526	0.02973	0.02114	0.01081	0.00974	0.00317	0.01092	0.00942	0.00657	0.01325
86	0.01883	0.01772	0.02990	0.62569	0.06866	0.02215	0.02769	0.02547	0.01993	0.02547	0.01772	0.02658	0.01329	0.00997	0.00997	0.00332	0.01329	0.00886	0.00443	0.01107
87	0.02467	0.02369	0.04046	0.06119	0.58747	0.02369	0.03059	0.03059	0.02270	0.03257	0.01875	0.02467	0.01579	0.00888	0.00987	0.00296	0.01184	0.00888	0.00493	0.01579
88	0.01211	0.00880	0.01144	0.01355	0.01437	0.00812	0.00911	0.01392	0.01940	0.02558	0.05897	0.59537	0.11112	0.03071	0.01264	0.00399	0.00572	0.02770	0.00925	0.00812
89	0.02218	0.01897	0.02013	0.01829	0.02335	0.02133	0.01416	0.04498	0.45140	0.03964	0.09569	0.04806	0.10760	0.01564	0.01050	0.00336	0.00724	0.01313	0.01010	0.01427
90	0.03790	0.02792	0.02992	0.02294	0.03091	0.03091	0.01895	0.55423	0.04687	0.06283	0.02393	0.02393	0.01695	0.01197	0.00997	0.00299	0.01097	0.00898	0.00997	0.01695
91	0.01859	0.01664	0.02737	0.53448	0.06088	0.02041	0.02533	0.02493	0.02024	0.02662	0.02156	0.03424	0.01769	0.01150	0.01007	0.00336	0.01237	0.05023	0.05269	0.01080
92	0.57587	0.01742	0.01438	0.01299	0.01838	0.01972	0.01051	0.02716	0.01926	0.04376	0.12997	0.02810	0.02780	0.01153	0.00731	0.00310	0.00710	0.00798	0.00715	0.01051
93	0.04473	0.01697	0.02313	0.01774	0.02545	0.01465	0.01465	0.04858	0.02853	0.59437	0.03933	0.03393	0.02468	0.01234	0.01003	0.00308	0.00848	0.01003	0.01234	0.01697
94	0.03724	0.04751	0.02825	0.02568	0.03082	0.60963	0.01926	0.03981	0.02825	0.02440	0.01541	0.01798	0.01284	0.01027	0.00899	0.00257	0.01798	0.00642	0.00514	0.01156
95	0.01355	0.01036	0.01329	0.01402	0.01589	0.01044	0.01021	0.01771	0.05197	0.02718	0.09607	0.29420	0.15293	0.04014	0.17592	0.00709	0.01141	0.02032	0.00837	0.00893
96	0.01496	0.00951	0.01246	0.01391	0.01534	0.00870	0.00959	0.01695	0.02020	0.07524	0.05730	0.54573	0.10416	0.02910	0.01241	0.00391	0.00596	0.02615	0.00952	0.00890
97	0.04473	0.01697	0.02313	0.01774	0.02545	0.01465	0.01465	0.04858	0.02853	0.59437	0.03933	0.03393	0.02468	0.01234	0.01003	0.00308	0.00848	0.01003	0.01234	0.01697
98	0.03020	0.02374	0.03542	0.11813	0.08416	0.02585	0.12109	0.20610	0.03033	0.11182	0.02251	0.02595	0.01648	0.01148	0.01311	0.00329	0.08875	0.00958	0.00743	0.01459
99	0.02091	0.01497	0.01692	0.01545	0.01874	0.01596	0.01121	0.03320	0.23629	0.07858	0.14197	0.05347	0.04419	0.22678	0.02398	0.00540	0.00791	0.01355	0.00911	0.01140
100	0.01515	0.00971	0.01283	0.01420	0.01575	0.00896	0.01007	0.01748	0.02088	0.07269	0.08778	0.49086	0.09404	0.02845	0.01247	0.00391	0.00613	0.06005	0.00960	0.00899
101	0.01215	0.00868	0.01157	0.01388	0.01446	0.00810	0.00925	0.01388	0.01909	0.02545	0.05495	0.64315	0.06593	0.03123	0.01272	0.00405	0.00578	0.02834	0.00925	0.00810
102	0.31564	0.02536	0.02952	0.02322	0.03053	0.10590	0.14512	0.06683	0.02366	0.11699	0.01983	0.02203	0.01448	0.00979	0.00871	0.00307	0.01170	0.00797	0.00685	0.01280
103	0.02803	0.01676	0.02079	0.01569	0.02352	0.01334	0.01256	0.03206	0.02317	0.21922	0.02781	0.07346	0.02205	0.01089	0.00868	0.00221	0.00763	0.00902	0.00831	0.42481
104	0.33759	0.01931	0.02215	0.17521	0.07225	0.02216	0.01752	0.03339	0.10032	0.08121	0.02111	0.02391	0.01575	0.01028	0.00828	0.00318	0.00951	0.00775	0.00670	0.01242
105	0.02585	0.01521	0.01867	0.01616	0.02095	0.01513	0.01266	0.03673	0.17632	0.20008	0.27776	0.05260	0.05668	0.01619	0.01082	0.00319	0.00666	0.01388	0.01114	0.01333
106	0.03790	0.02792	0.02992	0.02294	0.03091	0.03091	0.01895	0.55423	0.04687	0.06283	0.02393	0.02393	0.01695	0.01197	0.00997	0.00299	0.01097	0.00898	0.00997	0.01695
107	0.02665	0.65565	0.05224	0.01706	0.02559	0.03945	0.01706	0.02985	0.02026	0.02345	0.01386	0.01599	0.01279	0.00853	0.00640	0.00213	0.01066	0.00533	0.00426	0.01279
108	0.01228	0.00878	0.01169	0.01379	0.01449	0.00819	0.00926	0.01423	0.01973	0.02648	0.09226	0.60290	0.06792	0.03046	0.01266	0.00398	0.00571	0.02761	0.00938	0.00819
109	0.02480	0.02141	0.02254	0.02029	0.02592	0.02480	0.01578	0.05297	0.56946	0.04170	0.04057	0.03719	0.03043	0.01352	0.01014	0.00338	0.00789	0.01127	0.01014	0.01578
110	0.72007	0.01928	0.01465	0.01311	0.01928	0.02236	0.01080	0.02930	0.01697	0.04473	0.01388	0.01619	0.01080	0.00925	0.00617	0.00308	0.00771	0.00540	0.00617	0.01080
111	0.04070	0.02342	0.02713	0.02080	0.02867	0.02423	0.01718	0.34640	0.03933	0.28130	0.03026	0.02804	0.02013	0.01212	0.00999	0.00303	0.00995	0.00941	0.01095	0.01696
112	0.01441	0.00999	0.01254	0.01254	0.01312	0.01057	0.00812	0.01557	0.01499	0.02056	0.02989	0.05680	0.03258	0.46356	0.23183	0.01172	0.01518	0.01326	0.00581	0.00697
113	0.01883	0.01772	0.02990	0.62569	0.06866	0.02215	0.02769	0.02547	0.01993	0.02547	0.01772	0.02658	0.01329	0.00997	0.00997	0.00332	0.01329	0.00886	0.00443	0.01107
114	0.01346	0.00901	0.01162	0.01358	0.01457	0.00857	0.00950	0.01588	0.01970	0.02759	0.05138	0.50567	0.05911	0.02796	0.01195	0.00384	0.00591	0.06843	0.11389	0.00837
115	0.01427	0.01056	0.01542	0.01542	0.01699	0.01213	0.01171	0.01741	0.01584	0.02269	0.02725	0.04222	0.02625	0.14220	0.54453	0.01528	0.02470	0.01113	0.00542	0.00857
116	0.02000	0.01891	0.03202	0.51268	0.17252	0.02246	0.02827	0.02650	0.02049	0.02689	0.01793	0.02620	0.01379	0.00975	0.00995	0.00325	0.01300	0.00886	0.00453	0.01202
117	0.02286	0.01977	0.03233	0.36851	0.22723	0.02226	0.02698	0.03034	0.05369	0.06893	0.02092	0.02712	0.01589	0.01000	0.00995	0.00319	0.01217	0.00909	0.00548	0.01326
118	0.07489	0.28047	0.08542	0.01897	0.02752	0.06921	0.01785	0.10044	0.02524	0.10570	0.01938	0.02049	0.01496	0.00958	0.00788	0.00247	0.01071	0.00674	0.00642	0.09567
119	0.02946	0.01337	0.01757	0.01520	0.02004	0.01212	0.01235	0.03374	0.02635	0.29687	0.15850	0.05425	0.04452	0.01608	0.01039	0.00317	0.00708	0.08252	0.13353	0.01288
120	0.01231	0.00886	0.01141	0.01337	0.01410	0.00825	0.00888	0.01396	0.01897	0.02506	0.05630	0.55771	0.10016	0.08079	0.01573	0.00445	0.00605	0.02670	0.00899	0.00795
121	0.02694	0.07111	0.29923	0.06545	0.03611	0.02106	0.02590	0.03636	0.06033	0.17738	0.02569	0.02662	0.01786	0.01061	0.00935	0.00305	0.01165	0.00843	0.05220	0.01466
122	0.02606	0.15399	0.11026	0.11100	0.18054	0.02462	0.02364	0.03347	0.06035	0.10739	0.02266	0.02555	0.01724	0.00999	0.00899	0.00287	0.01101	0.00830	0.04790	0.01418
123	0.01262	0.00903	0.01205	0.01400	0.01490	0.00846	0.00970	0.01488	0.02040	0.02743	0.11665	0.54340	0.06870	0.02973	0.01268	0.00398	0.00587	0.05777	0.00945	0.00832
124	0.01353	0.00980	0.01293	0.01404	0.01571	0.00920	0.01049	0.01687	0.02315	0.03133	0.23766	0.31661	0.10434	0.02647	0.01253	0.00380	0.00601	0.11692	0.00983	0.00877
125	0.06917	0.01909	0.02514	0.09658	0.10226	0.01945	0.01781	0.06453	0.07139	0.15219	0.02513	0.02715	0.01862	0.01076	0.01051	0.00282	0.04950	0.00852	0.05126	0.15811
126	0.07384	0.06270	0.03236	0.15001	0.10603	0.02125	0.10706	0.06535	0.02347	0.10151	0.02737	0.13419	0.02462	0.01360	0.01023	0.00326	0.01104	0.01244	0.00692	0.01276
127	0.02385	0.01603	0.01761	0.01548	0.01988	0.01712	0.01210	0.11186	0.17669	0.07554	0.14059	0.04224	0.03885	0.01393	0.00940	0.00292	0.00672	0.01153	0.23496	0.01269
128	0.12076	0.02000	0.02513	0.10672	0.13058	0.02218	0.01886	0.03960	0.24687	0.08116	0.06297	0.03267	0.02626	0.01196	0.00961	0.00322	0.00914	0.01003	0.00812	0.01417
129	0.03640	0.02648	0.02831	0.02188	0.02942	0.02923	0.01802	0.51297	0.04485	0.06083	0.02460	0.02496	0.01762	0.01194	0.00974	0.00294	0.01048	0.00900	0.06398	0.01636
130	0.02111	0.01963	0.03191	0.30969	0.25863	0.02183	0.02627	0.02898	0.06441	0.03071	0.06917	0.03086	0.02263	0.01074	0.01010	0.00317	0.01157	0.00986	0.00564	0.01309
131	0.72007	0.01928	0.01465	0.01311	0.01928	0.02236	0.01080	0.02930	0.01697	0.04473	0.01388	0.01619	0.01080	0.00925	0.00617	0.00308	0.00771	0.00540	0.00617	0.01080
132	0.01424	0.01068	0.01602	0.01602	0.01780	0.01246	0.01246	0.01780	0.01602	0.02314	0.02670	0.03916	0.02492	0.07477	0.61015	0.01602	0.02670	0.01068	0.00534	0.00890
133	0.03665	0.01518	0.02055	0.01637	0.02266	0.01327	0.01327	0.04073	0.02845	0.44812	0.18254	0.04462	0.04298	0.01446	0.01048	0.00310	0.00749	0.01214	0.01198	0.01497
134	0.01450	0.00966	0.01087	0.01087	0.01087	0.00966	0.00604	0.01450	0.01450	0.01933	0.03141	0.06524	0.03624	0.64965	0.05074	0.00966	0.00966	0.01450	0.00604	0.00604
135	0.02353	0.02689	0.05882	0.04202	0.05210	0.02521	0.55126	0.03193	0.02353	0.03193	0.02017	0.02689	0.01513	0.00840	0.01176	0.00336	0.01681	0.01176	0.00504	0.01345
136	0.01606	0.01147	0.01606	0.01836	0.02065	0.01147	0.01606	0.02065	0.02295	0.02983	0.05278	0.11245	0.05737	0.02754	0.01377	0.00459	0.00918	0.52037	0.00918	0.00918
137	0.01999	0.05157	0.59800	0.02841	0.04315	0.02315	0.03683	0.03157	0.02105	0.03157	0.01789	0.02105	0.01263	0.00947	0.00947	0.00316	0.01473	0.00737	0.00421	0.01473
138	0.01298	0.01032	0.01176	0.01191	0.01487	0.00911	0.00926	0.01634	0.02411	0.03056	0.21233	0.09307	0.38621	0.02438	0.01207	0.00349	0.00557	0.09322	0.00967	0.00877
139	0.01683	0.01128	0.01327	0.01327	0.01685	0.00999	0.01074	0.02008	0.02347	0.09429	0.08047	0.09322	0.37293	0.02436	0.01212	0.00367	0.00659	0.15733	0.00960	0.00963
140	0.01650	0.01076	0.01431	0.01323	0.01595	0.01006	0.01006	0.02104	0.02726	0.08169	0.49513	0.06846	0.08308	0.02415	0.05999	0.00417	0.00677	0.01681	0.01062	0.00995
141	0.01883	0.01772	0.02990	0.62569	0.06866	0.02215	0.02769	0.02547	0.01993	0.02547	0.01772	0.02658	0.01329	0.00997	0.00997	0.00332	0.01329	0.00886	0.00443	0.01107
142	0.04150	0.01602	0.02143	0.01669	0.02374	0.01399	0.01370	0.04545	0.02759	0.52559	0.03849	0.03433	0.02479	0.01225	0.00965	0.00299	0.00801	0.00993	0.09784	0.01602
143	0.02399	0.02233	0.04188	0.23100	0.20031	0.02300	0.20198	0.03081	0.02255	0.07375	0.02049	0.02674	0.01546	0.00934	0.01054	0.00322	0.01370	0.00992	0.00539	0.01360
144	0.02257	0.01885	0.02623	0.21393	0.12158	0.05923	0.02095	0.05752	0.02186	0.07209	0.02275	0.03031	0.01861	0.03172	0.20994	0.00741	0.01735	0.00940	0.00580	0.01190
145	0.07180	0.05878	0.02381	0.01864	0.02438	0.02086	0.01529	0.21728	0.03141	0.15664	0.03534	0.15171	0.03223	0.01726	0.01053	0.00337	0.00905	0.07831	0.00963	0.01368
146	0.61386	0.01956	0.01789	0.05705	0.07209	0.02247	0.01362	0.02917	0.01766	0.04242	0.01456	0.01761	0.01139	0.00927	0.00674	0.00309	0.00843	0.00593	0.00595	0.01125
147	0.01848	0.01131	0.01576	0.05318	0.02022	0.01152	0.01202	0.02124	0.01933	0.10735	0.03947	0.23846	0.04111	0.12906	0.17127	0.00780	0.01283	0.05211	0.00792	0.00956
148	0.02631	0.02213	0.02843	0.22053	0.09010	0.02546	0.02176	0.17435	0.20598	0.04122	0.02688	0.02917	0.02005	0.01156	0.01002	0.00322	0.01080	0.00968	0.00779	0.01457
149	0.01319	0.01025	0.01205	0.01187	0.01468	0.00911	0.00908	0.01688	0.02528	0.03318	0.31935	0.08731	0.31668	0.02318	0.01193	0.00335	0.00521	0.05845	0.01004	0.00893
150	0.13448	0.07252	0.19987	0.02249	0.03221	0.02164	0.06783	0.03812	0.05863	0.21841	0.02572	0.02576	0.01769	0.01049	0.00919	0.00308	0.01108	0.00844	0.00763	0.01470
151	0.01999	0.05157	0.59800	0.02841	0.04315	0.02315	0.03683	0.03157	0.02105	0.03157	0.01789	0.02105	0.01263	0.00947	0.00947	0.00316	0.01473	0.00737	0.00421	0.01473
152	0.01424	0.01027	0.01350	0.01292	0.01527	0.00954	0.00984	0.01893	0.02788	0.03932	0.54786	0.07693	0.09168	0.02084	0.01189	0.00323	0.00499	0.05062	0.01086	0.00939
153	0.02067	0.01772	0.02067	0.01477	0.02362	0.01329	0.01181	0.02510	0.02067	0.03248	0.01772	0.02067	0.01477	0.00738	0.00738	0.00148	0.00738	0.00591	0.00591	0.71059
154	0.01178	0.01010	0.01010	0.01010	0.01347	0.00842	0.00757	0.01431	0.02272	0.02693	0.10099	0.09594	0.58342	0.02525	0.01178	0.00337	0.00505	0.02104	0.00926	0.00842
155	0.01940	0.01370	0.01655	0.01500	0.01866	0.01389	0.01151	0.03023	0.17102	0.08524	0.39545	0.06136	0.07167	0.01792	0.01119	0.00320	0.00585	0.01560	0.01087	0.01170
156	0.01450	0.00966	0.01087	0.01087	0.01087	0.00966	0.00604	0.01450	0.01450	0.01933	0.03141	0.06524	0.03624	0.64965	0.05074	0.00966	0.00966	0.01450	0.00604	0.00604
157	0.01411	0.01019	0.01333	0.01254	0.01489	0.00941	0.00941	0.01881	0.02822	0.03998	0.58221	0.07447	0.09406	0.02038	0.01176	0.00314	0.00470	0.01803	0.01097	0.00941
158	0.02665	0.65565	0.05224	0.01706	0.02559	0.03945	0.01706	0.02985	0.02026	0.02345	0.01386	0.01599	0.01279	0.00853	0.00640	0.00213	0.01066	0.00533	0.00426	0.01279
159	0.01883	0.01772	0.02990	0.62569	0.06866	0.02215	0.02769	0.02547	0.01993	0.02547	0.01772	0.02658	0.01329	0.00997	0.00997	0.00332	0.01329	0.00886	0.00443	0.01107
160	0.01317	0.00955	0.01248	0.01344	0.01500	0.00886	0.00969	0.01631	0.02315	0.03154	0.26419	0.35098	0.10694	0.02637	0.01236	0.00369	0.00555	0.05810	0.00992	0.00870
161	0.01427	0.01056	0.01542	0.01542	0.01699	0.01213	0.01171	0.01741	0.01584	0.02269	0.02725	0.04222	0.02625	0.14220	0.54453	0.01528	0.02470	0.01113	0.00542	0.00857
162	0.72007	0.01928	0.01465	0.01311	0.01928	0.02236	0.01080	0.02930	0.01697	0.04473	0.01388	0.01619	0.01080	0.00925	0.00617	0.00308	0.00771	0.00540	0.00617	0.01080
163	0.03104	0.06934	0.15045	0.02164	0.03031	0.02076	0.05103	0.07161	0.10307	0.24272	0.07848	0.03290	0.02710	0.01208	0.00992	0.00309	0.01020	0.01004	0.00904	0.01517
164	0.03790	0.02792	0.02992	0.02294	0.03091	0.03091	0.01895	0.55423	0.04687	0.06283	0.02393	0.02393	0.01695	0.01197	0.00997	0.00299	0.01097	0.00898	0.00997	0.01695
165	0.02467	0.02369	0.04046	0.06119	0.58747	0.02369	0.03059	0.03059	0.02270	0.03257	0.01875	0.02467	0.01579	0.00888	0.00987	0.00296	0.01184	0.00888	0.00493	0.01579
166	0.01215	0.00868	0.01157	0.01388	0.01446	0.00810	0.00925	0.01388	0.01909	0.02545	0.05495	0.64315	0.06593	0.03123	0.01272	0.00405	0.00578	0.02834	0.00925	0.00810
167	0.72007	0.01928	0.01465	0.01311	0.01928	0.02236	0.01080	0.02930	0.01697	0.04473	0.01388	0.01619	0.01080	0.00925	0.00617	0.00308	0.00771	0.00540	0.00617	0.01080
168	0.24514	0.01721	0.01905	0.01577	0.02212	0.01703	0.01292	0.06504	0.02496	0.24035	0.09539	0.03672	0.02961	0.01289	0.00905	0.00304	0.00788	0.04226	0.00936	0.07420
169	0.25395	0.02298	0.02460	0.01984	0.02642	0.07335	0.04675	0.11487	0.02628	0.21299	0.02369	0.02406	0.01662	0.01129	0.01057	0.00314	0.05834	0.00809	0.00835	0.01386
170	0.01999	0.05157	0.59800	0.02841	0.04315	0.02315	0.03683	0.03157	0.02105	0.03157	0.01789	0.02105	0.01263	0.00947	0.00947	0.00316	0.01473	0.00737	0.00421	0.01473
171	0.01280	0.01022	0.01190	0.01183	0.01446	0.00959	0.00882	0.01557	0.02091	0.02655	0.11932	0.07771	0.36078	0.08552	0.16201	0.00695	0.01070	0.01772	0.00819	0.00844
172	0.01736	0.01136	0.01485	0.01391	0.01659	0.01104	0.01047	0.02277	0.06391	0.07931	0.38362	0.09598	0.07123	0.02563	0.06567	0.05263	0.00748	0.01625	0.00997	0.00998
173	0.15620	0.07079	0.03288	0.02457	0.03079	0.02117	0.18759	0.06349	0.02289	0.03457	0.02984	0.12962	0.02949	0.01572	0.01064	0.00351	0.01112	0.10665	0.00693	0.01156
174	0.01436	0.01019	0.01355	0.01355	0.01448	0.01112	0.00938	0.01622	0.01529	0.02131	0.02896	0.05166	0.03035	0.35034	0.34199	0.01297	0.01854	0.01251	0.00568	0.00753
175	0.01480	0.00967	0.01284	0.01370	0.01528	0.00892	0.00964	0.01760	0.02254	0.06563	0.21893	0.42706	0.07215	0.02665	0.01225	0.00370	0.00561	0.02397	0.00999	0.00906
176	0.02222	0.02122	0.03659	0.20768	0.37269	0.02225	0.05847	0.02838	0.02243	0.03120	0.06234	0.02918	0.02116	0.01004	0.01015	0.00309	0.01196	0.00975	0.00527	0.01389
177	0.72007	0.01928	0.01465	0.01311	0.01928	0.02236	0.01080	0.02930	0.01697	0.04473	0.01388	0.01619	0.01080	0.00925	0.00617	0.00308	0.00771	0.00540	0.00617	0.01080
178	0.01215	0.00868	0.01157	0.01388	0.01446	0.00810	0.00925	0.01388	0.01909	0.02545	0.05495	0.64315	0.06593	0.03123	0.01272	0.00405	0.00578	0.02834	0.00925	0.00810
179	0.01720	0.01034	0.01357	0.01381	0.01605	0.00939	0.00994	0.02010	0.02316	0.10866	0.20177	0.36677	0.10022	0.02523	0.01202	0.00362	0.00581	0.02248	0.01016	0.00971
180	0.15212	0.01981	0.02699	0.28642	0.07677	0.05562	0.05809	0.02778	0.05137	0.02978	0.01838	0.02513	0.01459	0.01308	0.01308	0.09474	0.01177	0.00839	0.00519	0.01090
181	0.01215	0.00868	0.01157	0.01388	0.01446	0.00810	0.00925	0.01388	0.01909	0.02545	0.05495	0.64315	0.06593	0.03123	0.01272	0.00405	0.00578	0.02834	0.00925	0.00810
182	0.01391	0.00988	0.01196	0.01303	0.01368	0.00979	0.00832	0.01657	0.05145	0.02391	0.04426	0.36490	0.05137	0.28750	0.02838	0.00634	0.00753	0.02152	0.00797	0.00772
183	0.01513	0.00977	0.01256	0.01314	0.01447	0.00916	0.00893	0.01735	0.02092	0.06250	0.17840	0.34182	0.06393	0.16055	0.02051	0.00497	0.00652	0.02171	0.00917	0.00852
184	0.11073	0.02595	0.10091	0.02232	0.02971	0.02468	0.05975	0.07558	0.35501	0.04124	0.03170	0.03087	0.02366	0.01197	0.00968	0.00329	0.00965	0.00993	0.00846	0.01491
185	0.01732	0.01378	0.01613	0.01646	0.01920	0.01471	0.01215	0.02945	0.22777	0.03302	0.09200	0.33603	0.05428	0.02345	0.01174	0.00376	0.00670	0.05116	0.00972	0.01117

[dist]
# distance from previous block
# <min> <max>
0	338

# created by:
# /st0/software/busco_prod/Augustus/scripts/msa2prfl.pl ./align_prep/6086.fa
