[name]
unknown

[dist]
# distance from previous block
# <min> <max>
0	12

[block]
# block no. 0 follows, 14 sequences, length 10
# corresponding to MSA columns:
# 12-21
name=unknown_A
#
# <colnr> <probs for GDERKNQSTAVLIFYWHMCP>
#	G	D	E	R	K	N	Q	S	T	A	V	L	I	F	Y	W	H	M	C	P
0	0.01582	0.01190	0.01667	0.01701	0.01853	0.01341	0.01342	0.01903	0.01819	0.02515	0.03496	0.06528	0.03635	0.15928	0.29213	0.01107	0.06354	0.15270	0.00668	0.00887
1	0.01700	0.00921	0.01275	0.01275	0.01275	0.00921	0.00814	0.01381	0.01381	0.01842	0.02196	0.04144	0.02338	0.20770	0.04356	0.50436	0.00921	0.01063	0.00496	0.00496
2	0.01305	0.00948	0.01231	0.01361	0.01494	0.00874	0.00944	0.01577	0.02261	0.03057	0.20639	0.43447	0.11357	0.02851	0.01274	0.00385	0.00558	0.02559	0.01003	0.00874
3	0.01362	0.00992	0.01282	0.01322	0.01506	0.00912	0.00949	0.01719	0.02524	0.03477	0.35041	0.27833	0.12187	0.02537	0.01246	0.00358	0.00527	0.02261	0.01053	0.00912
4	0.03446	0.02408	0.02976	0.19127	0.04206	0.02677	0.02141	0.32168	0.03755	0.13035	0.02516	0.02694	0.01755	0.01179	0.01027	0.00319	0.01159	0.00937	0.00900	0.01573
5	0.01621	0.01267	0.01513	0.01617	0.01825	0.01323	0.01144	0.02576	0.17273	0.03097	0.05235	0.46326	0.05746	0.02696	0.01234	0.00397	0.00657	0.02417	0.00979	0.01059
6	0.02702	0.02345	0.03321	0.02418	0.03334	0.02173	0.13773	0.17434	0.02966	0.04221	0.02066	0.02374	0.01593	0.00919	0.00942	0.00242	0.01093	0.00840	0.00706	0.34537
7	0.01706	0.01148	0.01542	0.01551	0.01722	0.01162	0.01135	0.01995	0.02280	0.07990	0.19715	0.36028	0.06693	0.02582	0.01461	0.00384	0.06695	0.02246	0.00981	0.00982
8	0.06116	0.06054	0.05880	0.04433	0.02927	0.18515	0.01765	0.05556	0.06397	0.03207	0.02182	0.06671	0.01924	0.01180	0.01014	0.00268	0.04010	0.00877	0.00631	0.20393
9	0.21844	0.04070	0.24721	0.02371	0.03349	0.15916	0.02458	0.07918	0.02461	0.03740	0.01722	0.01980	0.01292	0.01011	0.00873	0.00307	0.01360	0.00694	0.00565	0.01348

[dist]
# distance from previous block
# <min> <max>
4	22

[block]
# block no. 1 follows, 14 sequences, length 8
# corresponding to MSA columns:
# 44-51
name=unknown_B
#
# <colnr> <probs for GDERKNQSTAVLIFYWHMCP>
#	G	D	E	R	K	N	Q	S	T	A	V	L	I	F	Y	W	H	M	C	P
0	0.09995	0.03344	0.12743	0.02242	0.03050	0.17747	0.02035	0.04310	0.10325	0.20056	0.02743	0.02677	0.01931	0.01146	0.00956	0.00309	0.01240	0.00854	0.00822	0.01475
1	0.12399	0.01923	0.02580	0.06882	0.12606	0.02069	0.05187	0.05996	0.14178	0.03675	0.03352	0.18414	0.03204	0.01643	0.01056	0.00351	0.00943	0.01454	0.00787	0.01301
2	0.01881	0.01732	0.01661	0.01717	0.01953	0.09885	0.01227	0.02583	0.11799	0.03016	0.08641	0.39350	0.05541	0.02485	0.01198	0.00375	0.00812	0.02189	0.00920	0.01038
3	0.02289	0.02509	0.05237	0.20026	0.05832	0.02509	0.39805	0.03104	0.02320	0.03104	0.02007	0.02759	0.01505	0.00909	0.01160	0.00345	0.01631	0.01129	0.00502	0.01317
4	0.14841	0.03897	0.23737	0.12330	0.04205	0.15178	0.05651	0.03296	0.02253	0.03226	0.01721	0.02136	0.01297	0.00991	0.00925	0.00314	0.01449	0.00752	0.00499	0.01301
5	0.02564	0.14866	0.03871	0.06773	0.27368	0.02707	0.02443	0.03013	0.02163	0.06775	0.02120	0.06383	0.01908	0.01234	0.01353	0.00321	0.11184	0.00977	0.00564	0.01413
6	0.02462	0.02795	0.12680	0.02862	0.11110	0.02505	0.02238	0.04717	0.38193	0.03967	0.03426	0.03340	0.02581	0.01247	0.01028	0.00338	0.00999	0.01052	0.00855	0.01605
7	0.07940	0.02768	0.02542	0.02111	0.02808	0.12735	0.01672	0.17280	0.18837	0.06927	0.02721	0.02701	0.02040	0.01161	0.00947	0.00290	0.01075	0.00879	0.00865	0.11703

[dist]
# distance from previous block
# <min> <max>
2	7

[block]
# block no. 2 follows, 14 sequences, length 8
# corresponding to MSA columns:
# 60-67
name=unknown_C
#
# <colnr> <probs for GDERKNQSTAVLIFYWHMCP>
#	G	D	E	R	K	N	Q	S	T	A	V	L	I	F	Y	W	H	M	C	P
0	0.03613	0.04179	0.02958	0.09784	0.03650	0.43304	0.02083	0.12290	0.03124	0.03187	0.01762	0.02061	0.01398	0.01083	0.00955	0.00281	0.01671	0.00736	0.00603	0.01277
1	0.01767	0.01338	0.01710	0.05904	0.02132	0.01459	0.01230	0.05360	0.07873	0.03142	0.15314	0.05352	0.04417	0.19582	0.18067	0.00860	0.01368	0.01357	0.00775	0.00993
2	0.02413	0.02333	0.04003	0.11346	0.39897	0.02307	0.08280	0.03039	0.02290	0.03267	0.01922	0.02535	0.01578	0.00902	0.01007	0.00294	0.01233	0.00908	0.00516	0.09928
3	0.01426	0.00987	0.01225	0.01318	0.01388	0.00959	0.00874	0.01585	0.01886	0.02532	0.09943	0.25716	0.05582	0.31276	0.03129	0.00681	0.00806	0.07109	0.00817	0.00761
4	0.02940	0.11770	0.12716	0.14666	0.03888	0.15477	0.02264	0.03466	0.02387	0.12406	0.02212	0.02708	0.01718	0.05659	0.01252	0.00348	0.01352	0.00841	0.00622	0.01310
5	0.01399	0.01004	0.01209	0.01223	0.01452	0.00914	0.00892	0.01763	0.02489	0.03439	0.29113	0.19545	0.20003	0.02363	0.01181	0.00340	0.00516	0.02063	0.08180	0.00914
6	0.02128	0.01824	0.02128	0.01520	0.02432	0.01368	0.01216	0.02584	0.02128	0.03344	0.01824	0.02128	0.01520	0.00760	0.00760	0.00152	0.00760	0.00608	0.00608	0.70208
7	0.08170	0.20247	0.40033	0.02489	0.03766	0.02807	0.03038	0.03184	0.02110	0.03152	0.01700	0.01990	0.01288	0.00948	0.00864	0.00297	0.01347	0.00687	0.00452	0.01431

[dist]
# distance from previous block
# <min> <max>
0	1

[block]
# block no. 3 follows, 14 sequences, length 19
# corresponding to MSA columns:
# 69-87
name=unknown_D
#
# <colnr> <probs for GDERKNQSTAVLIFYWHMCP>
#	G	D	E	R	K	N	Q	S	T	A	V	L	I	F	Y	W	H	M	C	P
0	0.01295	0.00912	0.01178	0.01372	0.01421	0.00863	0.00892	0.01441	0.01878	0.02504	0.05213	0.52911	0.06228	0.14333	0.02026	0.00523	0.00669	0.02656	0.00892	0.00795
1	0.02034	0.01922	0.03251	0.52676	0.15111	0.02305	0.02898	0.02706	0.02097	0.02738	0.01841	0.02705	0.01409	0.01008	0.01024	0.00336	0.01344	0.00912	0.00464	0.01217
2	0.01415	0.01048	0.01321	0.01252	0.01510	0.00953	0.00939	0.01865	0.02818	0.03908	0.49808	0.08006	0.16995	0.02175	0.01211	0.00326	0.00490	0.01904	0.01102	0.00953
3	0.71184	0.01985	0.01508	0.01350	0.01985	0.02302	0.01111	0.03017	0.01746	0.04604	0.01429	0.01667	0.01111	0.00953	0.00635	0.00318	0.00794	0.00556	0.00635	0.01111
4	0.03014	0.02101	0.02334	0.02029	0.02658	0.02318	0.01598	0.05351	0.43822	0.16422	0.04148	0.03753	0.02999	0.01365	0.01041	0.00341	0.00826	0.01131	0.01095	0.01652
5	0.01305	0.00916	0.01175	0.01359	0.01405	0.00870	0.00878	0.01443	0.01859	0.02478	0.05111	0.50551	0.06100	0.16866	0.02190	0.00547	0.00685	0.02597	0.00878	0.00786
6	0.02744	0.64552	0.05378	0.01756	0.02634	0.04061	0.01756	0.03073	0.02085	0.02414	0.01427	0.01646	0.01317	0.00878	0.00658	0.00219	0.01097	0.00549	0.00439	0.01317
7	0.03539	0.16690	0.03539	0.02205	0.03020	0.03332	0.01882	0.38965	0.08047	0.05392	0.02360	0.02383	0.01754	0.01164	0.00945	0.00291	0.01098	0.00857	0.00896	0.01640
8	0.01250	0.00893	0.01191	0.01429	0.01488	0.00834	0.00953	0.01429	0.01965	0.02620	0.05656	0.63265	0.06787	0.03215	0.01310	0.00417	0.00595	0.02917	0.00953	0.00834
9	0.01387	0.01030	0.01323	0.01507	0.01694	0.00966	0.01166	0.01689	0.02192	0.02816	0.06642	0.32696	0.17786	0.02940	0.01327	0.00421	0.00704	0.19885	0.00950	0.00881
10	0.12201	0.02615	0.15133	0.02170	0.03093	0.01858	0.05887	0.04050	0.02571	0.31796	0.06080	0.03144	0.02411	0.01180	0.00992	0.00322	0.01050	0.00970	0.00936	0.01542
11	0.01250	0.00893	0.01191	0.01429	0.01488	0.00834	0.00953	0.01429	0.01965	0.02620	0.05656	0.63265	0.06787	0.03215	0.01310	0.00417	0.00595	0.02917	0.00953	0.00834
12	0.19028	0.02674	0.02726	0.02134	0.02913	0.02985	0.01762	0.42624	0.04133	0.06049	0.02231	0.02285	0.01603	0.01169	0.00939	0.00310	0.01054	0.00841	0.00939	0.01603
13	0.02744	0.64552	0.05378	0.01756	0.02634	0.04061	0.01756	0.03073	0.02085	0.02414	0.01427	0.01646	0.01317	0.00878	0.00658	0.00219	0.01097	0.00549	0.00439	0.01317
14	0.02578	0.39955	0.14198	0.02039	0.02964	0.03422	0.02090	0.03640	0.14149	0.02986	0.02119	0.02230	0.01722	0.01011	0.00802	0.00267	0.01108	0.00724	0.00574	0.01422
15	0.01242	0.00926	0.01157	0.01341	0.01465	0.00841	0.00914	0.01439	0.02049	0.02654	0.06722	0.51262	0.18103	0.03077	0.01288	0.00401	0.00578	0.02748	0.00953	0.00841
16	0.03245	0.02162	0.02761	0.02152	0.02832	0.02219	0.06314	0.26208	0.03734	0.15388	0.17314	0.04078	0.04002	0.01437	0.01094	0.00317	0.00963	0.01220	0.01054	0.01505
17	0.02432	0.03084	0.16408	0.05540	0.45597	0.02426	0.03294	0.03172	0.02298	0.03330	0.01910	0.02456	0.01552	0.00928	0.01007	0.00309	0.01286	0.00879	0.00491	0.01601
18	0.01901	0.01495	0.01722	0.01565	0.01950	0.01553	0.01201	0.06186	0.18135	0.04192	0.34158	0.06437	0.11611	0.01886	0.01151	0.00331	0.00622	0.01626	0.01083	0.01196

[dist]
# distance from previous block
# <min> <max>
0	1

[block]
# block no. 4 follows, 14 sequences, length 23
# corresponding to MSA columns:
# 89-111
name=unknown_E
#
# <colnr> <probs for GDERKNQSTAVLIFYWHMCP>
#	G	D	E	R	K	N	Q	S	T	A	V	L	I	F	Y	W	H	M	C	P
0	0.03677	0.03625	0.02794	0.02356	0.02985	0.29253	0.01846	0.25888	0.03676	0.04375	0.02142	0.02311	0.01634	0.01147	0.00950	0.00281	0.01401	0.00805	0.07441	0.01411
1	0.14167	0.02415	0.02538	0.02030	0.02774	0.09553	0.04333	0.08923	0.08236	0.21644	0.02771	0.02705	0.01952	0.01111	0.00930	0.00292	0.01037	0.00864	0.00897	0.10828
2	0.02160	0.01300	0.01955	0.01823	0.02152	0.01205	0.05961	0.02479	0.02238	0.14674	0.04755	0.32416	0.05015	0.07431	0.01574	0.00444	0.00844	0.09540	0.00954	0.01080
3	0.01931	0.01155	0.01460	0.01397	0.01718	0.01043	0.01068	0.02281	0.02525	0.12600	0.22468	0.15337	0.17905	0.05646	0.01433	0.00392	0.00648	0.06911	0.01044	0.01039
4	0.02489	0.20998	0.38801	0.02503	0.03777	0.02753	0.03021	0.03370	0.02219	0.08313	0.01942	0.02153	0.01424	0.00977	0.00895	0.00296	0.01341	0.00728	0.00515	0.01485
5	0.21140	0.02287	0.02500	0.02000	0.02707	0.07312	0.05305	0.11642	0.02880	0.22954	0.07039	0.02998	0.02444	0.01200	0.00947	0.00314	0.01013	0.00939	0.00935	0.01443
6	0.01930	0.01502	0.01757	0.01591	0.01969	0.01570	0.01222	0.06353	0.18281	0.04320	0.38176	0.06218	0.07273	0.01838	0.01150	0.00329	0.00621	0.01594	0.01098	0.01208
7	0.02056	0.01337	0.01660	0.01533	0.01886	0.01318	0.01162	0.02936	0.12647	0.11270	0.32366	0.14571	0.07062	0.02018	0.01170	0.00341	0.00615	0.01770	0.01107	0.01177
8	0.02990	0.09208	0.07708	0.10713	0.04028	0.18119	0.11813	0.03856	0.09460	0.08779	0.02309	0.02576	0.01734	0.01060	0.00997	0.00307	0.01427	0.00898	0.00646	0.01371
9	0.02458	0.02355	0.04018	0.13781	0.50689	0.02417	0.03109	0.03078	0.02298	0.03254	0.01916	0.02566	0.01591	0.00929	0.01017	0.00310	0.01239	0.00914	0.00501	0.01560
10	0.01332	0.01032	0.01213	0.01193	0.01466	0.00913	0.00885	0.01694	0.02583	0.03410	0.32575	0.13120	0.30082	0.02406	0.01219	0.00341	0.00509	0.02076	0.01038	0.00913
11	0.02150	0.02102	0.03747	0.40259	0.19148	0.02361	0.09834	0.02841	0.02172	0.02890	0.01884	0.02693	0.01456	0.00977	0.01049	0.00333	0.01381	0.00953	0.00477	0.01292
12	0.02020	0.01907	0.03225	0.53986	0.13913	0.02301	0.02891	0.02694	0.02091	0.02721	0.01838	0.02709	0.01403	0.01011	0.01025	0.00337	0.01348	0.00912	0.00463	0.01206
13	0.02405	0.02718	0.05775	0.04168	0.05107	0.02648	0.48847	0.03209	0.02340	0.03209	0.02006	0.02718	0.01537	0.00955	0.01418	0.00356	0.07532	0.01181	0.00512	0.01359
14	0.01448	0.01118	0.01389	0.01374	0.01522	0.01136	0.00981	0.01697	0.02169	0.02933	0.20404	0.19539	0.15875	0.15324	0.02280	0.00500	0.06586	0.01978	0.00886	0.00862
15	0.07041	0.01871	0.02066	0.01903	0.02241	0.10267	0.06045	0.02404	0.02354	0.03153	0.15835	0.10821	0.04958	0.09895	0.04845	0.00507	0.01112	0.10889	0.00802	0.00990
16	0.02319	0.27849	0.38361	0.02480	0.03754	0.03021	0.03017	0.03183	0.02136	0.02932	0.01684	0.01969	0.01306	0.00938	0.00855	0.00285	0.01357	0.00679	0.00435	0.01441
17	0.02147	0.01408	0.01705	0.01648	0.01972	0.01398	0.01235	0.12418	0.02696	0.09138	0.05269	0.37071	0.09867	0.02539	0.01222	0.00382	0.00744	0.05023	0.01000	0.01120
18	0.34188	0.02132	0.02671	0.02154	0.02786	0.02369	0.09863	0.03518	0.07233	0.12064	0.02179	0.02404	0.01624	0.01143	0.01197	0.00343	0.09267	0.00837	0.00725	0.01301
19	0.19417	0.07345	0.07895	0.02103	0.02947	0.02878	0.01884	0.31162	0.03561	0.08224	0.02174	0.02246	0.01568	0.01119	0.00904	0.00306	0.01070	0.00801	0.00851	0.01545
20	0.07653	0.02179	0.02573	0.02031	0.02740	0.02271	0.01666	0.18538	0.08327	0.25601	0.03031	0.02902	0.02097	0.01259	0.01199	0.00316	0.06493	0.00939	0.01014	0.07173
21	0.02466	0.10706	0.08376	0.06221	0.14161	0.02273	0.02055	0.07979	0.06481	0.07132	0.12052	0.03829	0.03335	0.06953	0.01385	0.00368	0.01029	0.01095	0.00748	0.01357
22	0.23062	0.07937	0.02402	0.01683	0.02432	0.02049	0.01409	0.04125	0.06327	0.30039	0.02913	0.02730	0.01992	0.01117	0.00866	0.00299	0.00860	0.00831	0.00949	0.05977

[dist]
# distance from previous block
# <min> <max>
0	27

[block]
# block no. 5 follows, 14 sequences, length 127
# corresponding to MSA columns:
# 146-272
name=unknown_F
#
# <colnr> <probs for GDERKNQSTAVLIFYWHMCP>
#	G	D	E	R	K	N	Q	S	T	A	V	L	I	F	Y	W	H	M	C	P
0	0.14635	0.02442	0.11326	0.09556	0.03242	0.06084	0.05393	0.02803	0.02155	0.07197	0.03201	0.10576	0.05683	0.06267	0.01343	0.00395	0.01119	0.04741	0.00686	0.01157
1	0.09320	0.02020	0.03001	0.12389	0.03746	0.02048	0.10028	0.07624	0.06310	0.24945	0.05829	0.03256	0.02419	0.01185	0.01034	0.00328	0.01081	0.01042	0.00915	0.01480
2	0.06182	0.11615	0.30618	0.02524	0.03666	0.02534	0.06486	0.09113	0.02528	0.07505	0.02594	0.02770	0.05234	0.01114	0.00960	0.00312	0.01282	0.00888	0.00615	0.01459
3	0.01309	0.00938	0.01243	0.01389	0.01501	0.00873	0.00957	0.01577	0.02238	0.03055	0.20590	0.47091	0.07630	0.02890	0.01281	0.00389	0.00563	0.02609	0.01004	0.00873
4	0.02327	0.01952	0.02678	0.16942	0.12781	0.02189	0.02060	0.07307	0.19142	0.03567	0.06689	0.03437	0.02660	0.01538	0.01421	0.09166	0.01025	0.01058	0.00741	0.01320
5	0.01430	0.01048	0.01341	0.01268	0.01520	0.00959	0.00951	0.01894	0.02853	0.03992	0.52705	0.07869	0.14047	0.02144	0.01211	0.00325	0.00487	0.01884	0.01113	0.00959
6	0.02364	0.28496	0.33589	0.02711	0.07629	0.03050	0.02940	0.03173	0.02147	0.02927	0.01684	0.01988	0.01331	0.00932	0.00853	0.00282	0.01329	0.00687	0.00441	0.01446
7	0.66649	0.01999	0.01562	0.01398	0.02030	0.02319	0.01145	0.03178	0.05310	0.04584	0.01610	0.01810	0.01245	0.00982	0.00662	0.00320	0.00795	0.00596	0.00662	0.01145
8	0.01946	0.02150	0.11857	0.02082	0.02721	0.01595	0.08271	0.02771	0.07229	0.06751	0.19885	0.06298	0.13233	0.01798	0.01168	0.00348	0.00926	0.06883	0.00886	0.01200
9	0.03325	0.02479	0.02700	0.02133	0.02904	0.02651	0.01730	0.30958	0.17487	0.08371	0.02901	0.02825	0.02116	0.01205	0.00991	0.00295	0.00977	0.00944	0.00982	0.12026
10	0.02624	0.01772	0.02099	0.01686	0.02376	0.01627	0.01336	0.03688	0.15904	0.14907	0.12286	0.03779	0.03527	0.01251	0.00964	0.00264	0.00749	0.01046	0.00942	0.27171
11	0.02273	0.23023	0.37437	0.02445	0.03714	0.02804	0.02945	0.03137	0.02138	0.03004	0.01714	0.02005	0.01325	0.00926	0.00860	0.00278	0.01322	0.00681	0.00450	0.07518
12	0.11355	0.07823	0.07148	0.11743	0.08781	0.02369	0.10294	0.06034	0.05410	0.10741	0.02527	0.06944	0.02045	0.01185	0.00991	0.00325	0.01160	0.01047	0.00698	0.01379
13	0.01473	0.01074	0.01518	0.01518	0.01655	0.01211	0.01118	0.01748	0.01610	0.02285	0.02869	0.04699	0.02855	0.21673	0.46288	0.01487	0.02313	0.01197	0.00568	0.00843
14	0.01314	0.00942	0.01248	0.01386	0.01502	0.00876	0.00958	0.01588	0.02260	0.03089	0.21783	0.45799	0.07697	0.02864	0.01279	0.00387	0.00560	0.02584	0.01008	0.00876
15	0.02456	0.02697	0.08307	0.03171	0.04031	0.02559	0.25555	0.04299	0.27350	0.03755	0.03042	0.03219	0.02276	0.01120	0.01115	0.00345	0.01284	0.01153	0.00759	0.01507
16	0.02484	0.06258	0.03059	0.32810	0.04981	0.02541	0.02340	0.07564	0.11460	0.07296	0.02373	0.02839	0.01781	0.01181	0.01211	0.00340	0.06554	0.00938	0.00662	0.01328
17	0.01492	0.00995	0.01119	0.01119	0.01119	0.00995	0.00622	0.01492	0.01492	0.01990	0.03233	0.06716	0.03731	0.63935	0.05223	0.00995	0.00995	0.01492	0.00622	0.00622
18	0.02720	0.03334	0.22259	0.03711	0.20326	0.02417	0.02893	0.07418	0.06418	0.10506	0.02332	0.02601	0.01730	0.01103	0.01176	0.00327	0.05605	0.00894	0.00654	0.01577
19	0.01783	0.00891	0.01337	0.01337	0.01337	0.00891	0.00891	0.01337	0.01337	0.01783	0.01783	0.03119	0.01783	0.03565	0.04011	0.70143	0.00891	0.00891	0.00446	0.00446
20	0.03016	0.42625	0.04755	0.02228	0.03023	0.19327	0.06412	0.03375	0.02342	0.02518	0.01528	0.01802	0.01339	0.00926	0.00781	0.00243	0.01361	0.00638	0.00471	0.01288
21	0.07835	0.09283	0.50066	0.02711	0.04108	0.02497	0.03423	0.03218	0.02126	0.03302	0.01778	0.02088	0.01286	0.00966	0.00924	0.00317	0.01427	0.00726	0.00450	0.01469
22	0.10730	0.01768	0.02301	0.01782	0.02561	0.01581	0.01472	0.04819	0.02828	0.53309	0.03808	0.03325	0.02409	0.01241	0.00995	0.00318	0.00866	0.00988	0.01212	0.01688
23	0.02540	0.02438	0.04165	0.06299	0.57533	0.02438	0.03149	0.03149	0.02337	0.03353	0.01930	0.02540	0.01626	0.00914	0.01016	0.00305	0.01219	0.00914	0.00508	0.01626
24	0.02146	0.02126	0.02019	0.01884	0.02058	0.14921	0.01395	0.02351	0.01876	0.02303	0.02402	0.04079	0.02445	0.22864	0.19827	0.00927	0.11817	0.01089	0.00551	0.00921
25	0.02150	0.01893	0.02417	0.01726	0.02647	0.01458	0.05080	0.02636	0.02150	0.03340	0.01843	0.02175	0.01523	0.00768	0.00793	0.00166	0.00831	0.00652	0.00601	0.65151
26	0.03700	0.01993	0.02372	0.01878	0.02603	0.01968	0.01526	0.15195	0.11363	0.29597	0.03494	0.03251	0.02392	0.01235	0.00983	0.00300	0.00874	0.00989	0.07422	0.06866
27	0.02102	0.02000	0.03333	0.43938	0.18287	0.02388	0.02869	0.02730	0.02078	0.02777	0.01809	0.02650	0.01425	0.01064	0.01218	0.00342	0.06362	0.00911	0.00467	0.01250
28	0.01938	0.01824	0.03078	0.61468	0.07068	0.02280	0.02850	0.02622	0.02052	0.02622	0.01824	0.02736	0.01368	0.01026	0.01026	0.00342	0.01368	0.00912	0.00456	0.01140
29	0.02508	0.01808	0.02370	0.01756	0.02595	0.01437	0.04810	0.02961	0.02274	0.12658	0.02496	0.06791	0.02075	0.01030	0.00876	0.00212	0.00833	0.00887	0.00740	0.48883
30	0.01247	0.00905	0.01178	0.01397	0.01480	0.00836	0.00938	0.01433	0.01996	0.02632	0.06049	0.58841	0.10957	0.03164	0.01302	0.00411	0.00589	0.02855	0.00953	0.00836
31	0.02503	0.02328	0.03829	0.18877	0.41616	0.02458	0.02988	0.06906	0.02460	0.03419	0.01946	0.02580	0.01575	0.00965	0.01019	0.00314	0.01247	0.00915	0.00535	0.01521
32	0.02249	0.18131	0.42369	0.02947	0.08442	0.02758	0.03290	0.03203	0.02163	0.03074	0.01757	0.02083	0.01331	0.00949	0.00909	0.00300	0.01400	0.00725	0.00441	0.01482
33	0.02112	0.01791	0.01921	0.01806	0.02274	0.01975	0.01400	0.04085	0.36738	0.03764	0.05678	0.10018	0.14904	0.01882	0.01126	0.00362	0.00745	0.05049	0.01011	0.01359
34	0.01467	0.01059	0.01393	0.01335	0.01577	0.00984	0.01019	0.01951	0.02865	0.04038	0.53194	0.07954	0.09405	0.02152	0.01226	0.00334	0.00518	0.05448	0.01116	0.00967
35	0.02819	0.11613	0.31351	0.02648	0.03839	0.02584	0.07078	0.10448	0.02660	0.12075	0.02235	0.02397	0.01576	0.01034	0.00971	0.00310	0.01330	0.00835	0.00651	0.01547
36	0.02855	0.02438	0.07903	0.11412	0.26718	0.02247	0.02583	0.09755	0.02742	0.12724	0.06371	0.03057	0.02323	0.01119	0.01032	0.00315	0.01140	0.00991	0.00732	0.01542
37	0.01300	0.01016	0.01193	0.01311	0.01545	0.00909	0.00984	0.01569	0.02221	0.02773	0.08007	0.27632	0.31999	0.02840	0.01279	0.00391	0.00616	0.10597	0.00951	0.00869
38	0.02601	0.02229	0.02902	0.07313	0.03394	0.02469	0.08401	0.12828	0.29058	0.04243	0.03582	0.04351	0.02901	0.01450	0.01108	0.00356	0.01046	0.07365	0.00913	0.01488
39	0.02145	0.12805	0.51881	0.02777	0.04213	0.02596	0.03534	0.03228	0.02156	0.03144	0.01789	0.02101	0.01302	0.00963	0.00935	0.00312	0.01464	0.00732	0.00434	0.01491
40	0.02406	0.02223	0.02349	0.12158	0.03188	0.10613	0.01757	0.10447	0.09934	0.03520	0.07962	0.17682	0.03694	0.01785	0.01257	0.00350	0.05177	0.01475	0.00810	0.01213
41	0.01483	0.01123	0.01380	0.01352	0.01606	0.01072	0.00998	0.02099	0.07326	0.03697	0.37379	0.17110	0.14912	0.02293	0.01213	0.00344	0.00537	0.02017	0.01068	0.00990
42	0.13593	0.02418	0.03502	0.02664	0.03476	0.02481	0.16819	0.20399	0.03199	0.13135	0.02644	0.03210	0.02001	0.01198	0.01048	0.00333	0.01201	0.04337	0.00852	0.01490
43	0.02248	0.02119	0.03482	0.32843	0.28388	0.02371	0.02877	0.03083	0.06618	0.03074	0.02065	0.02742	0.01625	0.01008	0.01023	0.00327	0.01258	0.00934	0.00527	0.01389
44	0.01238	0.00998	0.01103	0.01168	0.01425	0.00863	0.00841	0.01487	0.02264	0.02807	0.11769	0.25276	0.39674	0.02749	0.01241	0.00366	0.00540	0.02366	0.00963	0.00863
45	0.02412	0.35867	0.31155	0.02322	0.03509	0.03248	0.02742	0.03159	0.02125	0.02819	0.01628	0.01898	0.01309	0.00925	0.00812	0.00271	0.01300	0.00650	0.00436	0.01414
46	0.02633	0.54982	0.13977	0.01945	0.02926	0.03790	0.02085	0.03101	0.02098	0.02549	0.01494	0.01730	0.01314	0.00894	0.00710	0.00237	0.01165	0.00583	0.00438	0.01349
47	0.02523	0.45518	0.22483	0.02132	0.03215	0.03522	0.02410	0.03130	0.02111	0.02683	0.01560	0.01813	0.01311	0.00909	0.00760	0.00253	0.01232	0.00616	0.00437	0.01381
48	0.01309	0.00918	0.01173	0.01353	0.01398	0.00873	0.00872	0.01444	0.01849	0.02466	0.05064	0.49448	0.06041	0.18051	0.02266	0.00558	0.00693	0.02569	0.00872	0.00782
49	0.02496	0.02393	0.04085	0.10363	0.53816	0.02427	0.03127	0.03111	0.02316	0.03299	0.01922	0.02554	0.01607	0.00923	0.01017	0.00308	0.01230	0.00914	0.00504	0.01590
50	0.01387	0.01008	0.01313	0.01361	0.01550	0.00934	0.00999	0.01760	0.02534	0.03487	0.34350	0.25819	0.11304	0.02534	0.01256	0.00364	0.00553	0.05518	0.01050	0.00918
51	0.02441	0.02337	0.03987	0.15367	0.49238	0.02412	0.03100	0.03063	0.02290	0.03233	0.01913	0.02572	0.01583	0.00933	0.01018	0.00311	0.01244	0.00914	0.00499	0.01546
52	0.02293	0.01500	0.01754	0.01606	0.02012	0.01551	0.01254	0.06273	0.15706	0.10014	0.18469	0.09371	0.05139	0.01761	0.01078	0.00331	0.00687	0.05171	0.12784	0.01247
53	0.20103	0.02430	0.02481	0.02016	0.02738	0.02709	0.01643	0.27567	0.14857	0.09350	0.02695	0.02638	0.01947	0.01201	0.00935	0.00320	0.00960	0.00893	0.00953	0.01564
54	0.02221	0.13592	0.41813	0.02992	0.04333	0.02666	0.12028	0.03230	0.02198	0.03133	0.01821	0.02193	0.01346	0.00942	0.00969	0.00313	0.01491	0.00805	0.00449	0.01465
55	0.01401	0.01021	0.01437	0.01513	0.01634	0.01104	0.01095	0.01662	0.01729	0.02408	0.03729	0.23094	0.04047	0.13396	0.34444	0.01177	0.01846	0.01724	0.00686	0.00853
56	0.12269	0.03101	0.02467	0.02121	0.02738	0.24573	0.01658	0.08748	0.07601	0.16514	0.06209	0.02839	0.02347	0.01210	0.00953	0.00299	0.01236	0.00884	0.00849	0.01385
57	0.03125	0.03154	0.03607	0.02898	0.03608	0.20420	0.16933	0.07719	0.11880	0.07988	0.02700	0.03295	0.02142	0.01210	0.01078	0.00324	0.01443	0.04342	0.00740	0.01391
58	0.02556	0.01599	0.02198	0.01904	0.02366	0.01544	0.05899	0.11389	0.02739	0.15822	0.04783	0.30220	0.08211	0.02188	0.01183	0.00365	0.00843	0.01948	0.00998	0.01245
59	0.02355	0.02250	0.03832	0.23224	0.42051	0.02390	0.03058	0.02988	0.02249	0.03128	0.01898	0.02600	0.01547	0.00949	0.01019	0.00316	0.01265	0.00914	0.00492	0.01477
60	0.13790	0.03020	0.02623	0.02189	0.02871	0.16313	0.01743	0.22595	0.11985	0.09183	0.02508	0.02505	0.01840	0.01178	0.00947	0.00306	0.01179	0.00853	0.00872	0.01498
61	0.02237	0.02214	0.03966	0.03067	0.03664	0.02317	0.25474	0.06330	0.05919	0.03381	0.06740	0.13032	0.03095	0.01561	0.01572	0.00371	0.11647	0.01463	0.00692	0.01259
62	0.01295	0.00926	0.01238	0.01451	0.01538	0.00869	0.01004	0.01518	0.02065	0.02766	0.09548	0.55324	0.06945	0.03103	0.01310	0.00414	0.00612	0.06259	0.00966	0.00852
63	0.12396	0.03134	0.03414	0.02691	0.03451	0.15565	0.12959	0.21517	0.07342	0.04486	0.02177	0.02390	0.01632	0.01089	0.00993	0.00311	0.01351	0.00896	0.00756	0.01450
64	0.09392	0.02147	0.03253	0.02455	0.03282	0.02060	0.14110	0.08973	0.06462	0.32154	0.03220	0.03095	0.02152	0.01151	0.01043	0.00326	0.01092	0.01034	0.00999	0.01598
65	0.02253	0.01429	0.01948	0.01666	0.02124	0.01307	0.05720	0.05603	0.02556	0.15032	0.09965	0.15931	0.22326	0.05623	0.01406	0.00385	0.00777	0.01826	0.00981	0.01143
66	0.09582	0.01925	0.02211	0.01852	0.02476	0.01993	0.01477	0.12058	0.15728	0.23054	0.07898	0.08848	0.03364	0.01501	0.01036	0.00333	0.00836	0.01233	0.01080	0.01517
67	0.01938	0.01824	0.03078	0.61468	0.07068	0.02280	0.02850	0.02622	0.02052	0.02622	0.01824	0.02736	0.01368	0.01026	0.01026	0.00342	0.01368	0.00912	0.00456	0.01140
68	0.02485	0.02382	0.04065	0.11375	0.52890	0.02424	0.03122	0.03101	0.02310	0.03285	0.01921	0.02558	0.01602	0.00925	0.01017	0.00308	0.01233	0.00914	0.00503	0.01581
69	0.03181	0.02017	0.03093	0.07617	0.03495	0.02008	0.12211	0.04312	0.15548	0.24850	0.07649	0.03689	0.02943	0.01261	0.01085	0.00333	0.01045	0.01154	0.00980	0.01529
70	0.24690	0.02358	0.03499	0.02678	0.03478	0.02458	0.20725	0.07418	0.11174	0.08155	0.02388	0.02622	0.01760	0.01036	0.00973	0.00332	0.01173	0.00959	0.00735	0.01390
71	0.60140	0.01964	0.01618	0.01428	0.02025	0.02254	0.01159	0.06897	0.01955	0.04517	0.01540	0.01850	0.01217	0.01191	0.00946	0.06102	0.00828	0.00612	0.00650	0.01106
72	0.15385	0.02723	0.02812	0.02188	0.02978	0.03032	0.01807	0.45391	0.04300	0.06149	0.02287	0.02328	0.01637	0.01184	0.00960	0.00310	0.01072	0.00861	0.00960	0.01637
73	0.01285	0.00920	0.01222	0.01405	0.01496	0.00857	0.00955	0.01516	0.02125	0.02875	0.14418	0.53776	0.07282	0.03024	0.01293	0.00401	0.00576	0.02736	0.00983	0.00857
74	0.04473	0.02283	0.02471	0.01965	0.02714	0.11460	0.01589	0.04847	0.02932	0.48732	0.03628	0.03213	0.02332	0.01234	0.01014	0.00308	0.01040	0.00969	0.01144	0.01651
75	0.02172	0.01531	0.01821	0.01610	0.02025	0.01570	0.01248	0.07766	0.14920	0.08630	0.35965	0.05998	0.06922	0.01795	0.01142	0.00327	0.00648	0.01549	0.01112	0.01248
76	0.02031	0.01955	0.03412	0.51897	0.11577	0.02319	0.06887	0.02723	0.02107	0.02742	0.01854	0.02720	0.01407	0.01003	0.01040	0.00339	0.01383	0.00936	0.00466	0.01204
77	0.02744	0.64552	0.05378	0.01756	0.02634	0.04061	0.01756	0.03073	0.02085	0.02414	0.01427	0.01646	0.01317	0.00878	0.00658	0.00219	0.01097	0.00549	0.00439	0.01317
78	0.01296	0.00951	0.01216	0.01344	0.01486	0.00871	0.00934	0.01562	0.02249	0.03013	0.19108	0.42413	0.14065	0.02856	0.01272	0.00384	0.00558	0.02554	0.00997	0.00871
79	0.18840	0.02655	0.02610	0.02115	0.02806	0.06976	0.01725	0.28820	0.07545	0.09081	0.02348	0.02405	0.01712	0.01203	0.01066	0.00319	0.04521	0.00846	0.00888	0.01518
80	0.11910	0.22485	0.12702	0.02126	0.02975	0.02912	0.04897	0.06854	0.12875	0.03554	0.02396	0.05925	0.02011	0.01167	0.00878	0.00301	0.01077	0.00908	0.00659	0.01386
81	0.01386	0.01069	0.01437	0.01724	0.05891	0.00992	0.01101	0.01672	0.02239	0.02998	0.16299	0.39091	0.14834	0.02716	0.01252	0.00378	0.00611	0.02431	0.00953	0.00928
82	0.01430	0.01048	0.01341	0.01268	0.01520	0.00959	0.00951	0.01894	0.02853	0.03992	0.52705	0.07869	0.14047	0.02144	0.01211	0.00325	0.00487	0.01884	0.01113	0.00959
83	0.02756	0.02749	0.03858	0.07984	0.21887	0.12032	0.13335	0.03330	0.02437	0.06463	0.02007	0.02478	0.01581	0.00934	0.01004	0.00286	0.01354	0.00894	0.00572	0.12058
84	0.02351	0.06964	0.10895	0.01772	0.02764	0.01730	0.01666	0.02904	0.02192	0.07440	0.01967	0.02202	0.01550	0.00840	0.00806	0.00196	0.00907	0.00659	0.00620	0.49576
85	0.13241	0.07534	0.11448	0.02469	0.03285	0.02677	0.08807	0.14680	0.02757	0.11987	0.02173	0.02400	0.01592	0.01157	0.01264	0.00330	0.09145	0.00866	0.00730	0.01457
86	0.02529	0.32060	0.10166	0.02874	0.03805	0.03306	0.21174	0.03124	0.02180	0.02814	0.01697	0.02149	0.01406	0.00948	0.01085	0.00292	0.05741	0.00837	0.00469	0.01345
87	0.01559	0.01037	0.01309	0.01378	0.01602	0.00939	0.01006	0.01844	0.02310	0.07172	0.15271	0.33644	0.18373	0.02712	0.01257	0.00381	0.00604	0.05656	0.01006	0.00941
88	0.01375	0.01046	0.01264	0.01210	0.01486	0.00935	0.00907	0.01787	0.02722	0.03681	0.41917	0.08381	0.25029	0.02260	0.01211	0.00330	0.00496	0.01956	0.01073	0.00935
89	0.02639	0.23317	0.22294	0.02507	0.03507	0.11506	0.06539	0.06235	0.02395	0.03011	0.01788	0.02143	0.01439	0.01407	0.04781	0.00371	0.01510	0.00746	0.00499	0.01368
90	0.02776	0.02315	0.02446	0.02134	0.02754	0.02657	0.01678	0.13505	0.47264	0.04653	0.03893	0.03603	0.02903	0.01366	0.01041	0.00341	0.00865	0.01121	0.01041	0.01644
91	0.02156	0.13716	0.51062	0.02759	0.04185	0.02621	0.03503	0.03225	0.02155	0.03131	0.01783	0.02093	0.01302	0.00961	0.00930	0.00310	0.01457	0.00729	0.00434	0.01488
92	0.03451	0.04254	0.02965	0.02656	0.03057	0.46176	0.02046	0.03706	0.02586	0.02501	0.01529	0.01946	0.01328	0.01235	0.01513	0.00309	0.16340	0.00718	0.00510	0.01174
93	0.01280	0.00914	0.01225	0.01463	0.01535	0.00859	0.01004	0.01480	0.01994	0.02653	0.05640	0.59467	0.06723	0.03187	0.01318	0.00421	0.00621	0.06423	0.00952	0.00842
94	0.02410	0.01885	0.02065	0.01853	0.02373	0.02078	0.01439	0.04516	0.38805	0.08017	0.13678	0.04921	0.08320	0.01596	0.01085	0.00341	0.00738	0.01347	0.01068	0.01463
95	0.02553	0.02204	0.02320	0.02088	0.02669	0.02553	0.01624	0.05453	0.55679	0.04293	0.04177	0.03829	0.03133	0.01392	0.01044	0.00348	0.00812	0.01160	0.01044	0.01624
96	0.01511	0.00967	0.01291	0.01448	0.01575	0.00893	0.00995	0.01728	0.02104	0.06814	0.09221	0.54884	0.06683	0.02992	0.01282	0.00403	0.00608	0.02703	0.00989	0.00910
97	0.01490	0.01004	0.01215	0.01240	0.01342	0.00975	0.00825	0.01703	0.02023	0.02825	0.17618	0.14611	0.05731	0.31482	0.03098	0.00656	0.00768	0.04708	0.05901	0.00784
98	0.01692	0.01102	0.01449	0.01332	0.01616	0.01009	0.01009	0.02170	0.02907	0.08236	0.52962	0.07348	0.09139	0.02035	0.01197	0.00322	0.00514	0.01793	0.01140	0.01028
99	0.02145	0.01528	0.02337	0.01904	0.02409	0.01421	0.10084	0.02807	0.06308	0.12231	0.27883	0.06290	0.14747	0.01795	0.01172	0.00332	0.00786	0.01622	0.01012	0.01188
100	0.01402	0.01047	0.01302	0.01238	0.01502	0.00947	0.00929	0.01840	0.02787	0.03834	0.47248	0.08128	0.19602	0.02203	0.01211	0.00328	0.00492	0.01921	0.01093	0.00947
101	0.11978	0.02082	0.02268	0.01754	0.02558	0.01997	0.01417	0.12714	0.09759	0.09058	0.02398	0.02474	0.01811	0.01002	0.00854	0.00244	0.00849	0.00770	0.00805	0.33208
102	0.02377	0.02268	0.03810	0.10732	0.48428	0.02294	0.02927	0.02964	0.02312	0.03240	0.02622	0.03165	0.06201	0.01064	0.01033	0.00312	0.01174	0.01018	0.00540	0.01520
103	0.01985	0.01544	0.02190	0.01883	0.02192	0.01577	0.08260	0.09936	0.02262	0.03036	0.03314	0.10219	0.03482	0.31103	0.07395	0.00755	0.01209	0.05970	0.00721	0.00967
104	0.03695	0.07475	0.03132	0.07971	0.07628	0.11846	0.02004	0.20744	0.03369	0.18244	0.02550	0.02598	0.01805	0.01143	0.00983	0.00300	0.01207	0.00879	0.00871	0.01558
105	0.02621	0.01931	0.02844	0.06612	0.15237	0.01981	0.05731	0.03723	0.16174	0.13478	0.03644	0.15122	0.03187	0.01563	0.01099	0.00346	0.00973	0.01419	0.00873	0.01443
106	0.07088	0.03004	0.12995	0.08278	0.25359	0.05850	0.06203	0.07016	0.02460	0.03546	0.01895	0.02364	0.01494	0.00951	0.00970	0.00299	0.01278	0.00842	0.00550	0.07557
107	0.02392	0.37954	0.24475	0.02146	0.03206	0.03206	0.02436	0.03048	0.02179	0.02853	0.05950	0.02310	0.01969	0.01009	0.00817	0.00266	0.01202	0.00728	0.00491	0.01362
108	0.01757	0.00900	0.01318	0.01318	0.01318	0.00900	0.00867	0.01351	0.01351	0.01801	0.01911	0.03437	0.01954	0.08893	0.04118	0.64040	0.00900	0.00944	0.00461	0.00461
109	0.01688	0.02260	0.16288	0.02170	0.05581	0.01502	0.01924	0.02420	0.06385	0.03133	0.09050	0.29740	0.04983	0.02228	0.01186	0.00378	0.00906	0.06222	0.00817	0.01139
110	0.03238	0.19577	0.10028	0.02867	0.12404	0.02991	0.02254	0.19696	0.03123	0.11031	0.02223	0.02353	0.01660	0.01058	0.00920	0.00287	0.01147	0.00816	0.00744	0.01584
111	0.10897	0.02848	0.03154	0.02484	0.03249	0.08127	0.08374	0.30178	0.11624	0.05171	0.02477	0.02563	0.01821	0.01163	0.01000	0.00316	0.01187	0.00931	0.00876	0.01561
112	0.01466	0.01100	0.01649	0.01649	0.01833	0.01283	0.01283	0.01833	0.01649	0.02382	0.02749	0.04032	0.02566	0.07697	0.59868	0.01649	0.02749	0.01100	0.00550	0.00916
113	0.02094	0.05086	0.54579	0.02865	0.04314	0.02395	0.03636	0.03408	0.06006	0.03325	0.02009	0.02286	0.01431	0.01005	0.00980	0.00327	0.01466	0.00787	0.00477	0.01524
114	0.12799	0.02244	0.02750	0.07373	0.16128	0.02509	0.02027	0.07543	0.27521	0.04134	0.02941	0.03027	0.02248	0.01174	0.00974	0.00330	0.00969	0.00977	0.00810	0.01521
115	0.01347	0.00962	0.01302	0.01540	0.01642	0.00917	0.01121	0.01597	0.02060	0.02728	0.05603	0.50825	0.06575	0.03124	0.01336	0.00430	0.00680	0.14399	0.00951	0.00860
116	0.03482	0.01887	0.02191	0.01780	0.02414	0.01922	0.01437	0.15937	0.11032	0.24905	0.03527	0.03383	0.02464	0.01261	0.00956	0.00301	0.00828	0.01007	0.17750	0.01537
117	0.02982	0.12229	0.15680	0.02806	0.03644	0.22829	0.09689	0.07465	0.02611	0.03075	0.01738	0.02102	0.01385	0.01064	0.01151	0.00302	0.06593	0.00785	0.00528	0.01342
118	0.01518	0.00986	0.01138	0.01138	0.01138	0.00986	0.00646	0.01479	0.01479	0.01972	0.03105	0.06398	0.03559	0.58607	0.05116	0.07097	0.00986	0.01439	0.00606	0.00606
119	0.01425	0.01048	0.01333	0.01262	0.01516	0.00956	0.00946	0.01883	0.02839	0.03960	0.51596	0.07922	0.15176	0.02156	0.01211	0.00326	0.00488	0.01892	0.01109	0.00956
120	0.01452	0.01049	0.01372	0.01291	0.01533	0.00968	0.00968	0.01937	0.02905	0.04115	0.56992	0.07666	0.09683	0.02098	0.01210	0.00323	0.00484	0.01856	0.01130	0.00968
121	0.02128	0.01824	0.02128	0.01520	0.02432	0.01368	0.01216	0.02584	0.02128	0.03344	0.01824	0.02128	0.01520	0.00760	0.00760	0.00152	0.00760	0.00608	0.00608	0.70208
122	0.01938	0.01824	0.03078	0.61468	0.07068	0.02280	0.02850	0.02622	0.02052	0.02622	0.01824	0.02736	0.01368	0.01026	0.01026	0.00342	0.01368	0.00912	0.00456	0.01140
123	0.03901	0.02874	0.03080	0.02361	0.03182	0.03182	0.01951	0.54111	0.04825	0.06468	0.02464	0.02464	0.01745	0.01232	0.01027	0.00308	0.01129	0.00924	0.01027	0.01745
124	0.03874	0.02731	0.02968	0.02296	0.03099	0.02993	0.01890	0.46562	0.08019	0.10893	0.02717	0.02645	0.01907	0.01246	0.01028	0.00311	0.01086	0.00949	0.01049	0.01737
125	0.02624	0.02715	0.10264	0.09856	0.33332	0.02435	0.05915	0.06754	0.06320	0.06461	0.02228	0.02665	0.01725	0.01003	0.01027	0.00317	0.01244	0.00938	0.00609	0.01570
126	0.01505	0.01156	0.01496	0.01557	0.01745	0.01189	0.01173	0.02005	0.06060	0.03110	0.16670	0.28490	0.10406	0.02998	0.05698	0.00485	0.04048	0.08310	0.00941	0.00958

[dist]
# distance from previous block
# <min> <max>
0	10

[block]
# block no. 6 follows, 14 sequences, length 29
# corresponding to MSA columns:
# 283-311
name=unknown_G
#
# <colnr> <probs for GDERKNQSTAVLIFYWHMCP>
#	G	D	E	R	K	N	Q	S	T	A	V	L	I	F	Y	W	H	M	C	P
0	0.01277	0.01015	0.01146	0.01170	0.01440	0.00885	0.00856	0.01575	0.02405	0.03063	0.20584	0.19120	0.36654	0.02593	0.01230	0.00354	0.00525	0.02230	0.00995	0.00885
1	0.03298	0.02176	0.02720	0.02754	0.12190	0.06120	0.01870	0.09411	0.05930	0.22207	0.02938	0.03264	0.02220	0.05733	0.07124	0.00493	0.06203	0.01005	0.00867	0.01478
2	0.02253	0.04619	0.48549	0.02686	0.04029	0.02184	0.03342	0.03311	0.02301	0.08604	0.06549	0.02742	0.02102	0.01095	0.01000	0.00324	0.01371	0.00874	0.00570	0.01494
3	0.02562	0.48883	0.19459	0.02065	0.03112	0.03617	0.02294	0.03120	0.02107	0.02635	0.01536	0.01784	0.01312	0.00904	0.00742	0.00247	0.01208	0.00604	0.00437	0.01370
4	0.14559	0.08792	0.08393	0.02674	0.03448	0.26590	0.11545	0.06656	0.02609	0.03302	0.01714	0.02038	0.01354	0.00993	0.00918	0.00293	0.01517	0.00760	0.00559	0.01286
5	0.02480	0.41722	0.25894	0.02206	0.03330	0.03414	0.02540	0.03141	0.02117	0.02736	0.01587	0.01847	0.01310	0.00915	0.00780	0.00260	0.01259	0.00629	0.00437	0.01394
6	0.01747	0.01334	0.01817	0.01743	0.02010	0.01542	0.01364	0.05963	0.07070	0.02861	0.02865	0.03899	0.02561	0.06623	0.49960	0.01427	0.02446	0.01093	0.00632	0.01044
7	0.03341	0.02625	0.12628	0.02251	0.03103	0.02081	0.05371	0.16848	0.03198	0.23204	0.08134	0.06755	0.02957	0.01370	0.01065	0.00324	0.01058	0.01152	0.00978	0.01557
8	0.01523	0.00988	0.01324	0.01472	0.01614	0.00919	0.01042	0.01773	0.02168	0.06471	0.11603	0.49040	0.06788	0.02928	0.01288	0.00403	0.00626	0.06120	0.00994	0.00917
9	0.01573	0.01188	0.01658	0.12031	0.02477	0.01280	0.01297	0.01907	0.02018	0.02746	0.15285	0.06249	0.04676	0.24131	0.11906	0.00782	0.01220	0.05980	0.00726	0.00869
10	0.03044	0.02449	0.02597	0.02188	0.02856	0.02782	0.01743	0.23183	0.37149	0.05085	0.03553	0.03331	0.02627	0.01334	0.01038	0.00333	0.00928	0.01074	0.01038	0.01668
11	0.01452	0.01049	0.01372	0.01291	0.01533	0.00968	0.00968	0.01937	0.02905	0.04115	0.56992	0.07666	0.09683	0.02098	0.01210	0.00323	0.00484	0.01856	0.01130	0.00968
12	0.01791	0.01405	0.01664	0.01536	0.01883	0.01456	0.01170	0.03019	0.19149	0.04170	0.40735	0.06485	0.07667	0.01881	0.01159	0.00331	0.00585	0.01642	0.01103	0.01170
13	0.01250	0.00893	0.01191	0.01429	0.01488	0.00834	0.00953	0.01429	0.01965	0.02620	0.05656	0.63265	0.06787	0.03215	0.01310	0.00417	0.00595	0.02917	0.00953	0.00834
14	0.01492	0.00995	0.01119	0.01119	0.01119	0.00995	0.00622	0.01492	0.01492	0.01990	0.03233	0.06716	0.03731	0.63935	0.05223	0.00995	0.00995	0.01492	0.00622	0.00622
15	0.02202	0.02103	0.03511	0.34602	0.26503	0.02418	0.02914	0.02816	0.02121	0.02896	0.01824	0.02616	0.01467	0.01050	0.01229	0.00337	0.06675	0.00912	0.00476	0.01329
16	0.01994	0.01881	0.03179	0.56335	0.11763	0.02295	0.02878	0.02671	0.02078	0.02690	0.01834	0.02718	0.01392	0.01016	0.01025	0.00339	0.01354	0.00912	0.00461	0.01185
17	0.01548	0.01149	0.01454	0.01360	0.01632	0.01106	0.01025	0.02242	0.07491	0.04131	0.52402	0.07332	0.09114	0.02037	0.01196	0.00325	0.00513	0.01795	0.01122	0.01025
18	0.01612	0.01074	0.01396	0.01326	0.01587	0.00981	0.00990	0.02044	0.02771	0.07225	0.45472	0.13751	0.11458	0.02199	0.01211	0.00334	0.00523	0.01940	0.01109	0.00996
19	0.02744	0.64552	0.05378	0.01756	0.02634	0.04061	0.01756	0.03073	0.02085	0.02414	0.01427	0.01646	0.01317	0.00878	0.00658	0.00219	0.01097	0.00549	0.00439	0.01317
20	0.03612	0.21398	0.08677	0.02087	0.02945	0.09759	0.01919	0.11457	0.02888	0.21901	0.02522	0.02463	0.01791	0.01094	0.00901	0.00281	0.01158	0.00801	0.00817	0.01528
21	0.01492	0.00995	0.01119	0.01119	0.01119	0.00995	0.00622	0.01492	0.01492	0.01990	0.03233	0.06716	0.03731	0.63935	0.05223	0.00995	0.00995	0.01492	0.00622	0.00622
22	0.02505	0.02458	0.03626	0.05192	0.43827	0.06349	0.02715	0.03243	0.06725	0.03314	0.02902	0.03301	0.07058	0.01125	0.01031	0.00309	0.01163	0.01037	0.00596	0.01522
23	0.03710	0.02576	0.02519	0.02111	0.02787	0.12676	0.01673	0.09330	0.20858	0.25302	0.03501	0.03215	0.02447	0.01269	0.01016	0.00317	0.01054	0.00998	0.01037	0.01603
24	0.04289	0.01681	0.02257	0.01753	0.02505	0.01449	0.01441	0.04673	0.02882	0.53083	0.04639	0.04087	0.07618	0.01394	0.01049	0.00320	0.00840	0.01137	0.01241	0.01665
25	0.04164	0.01637	0.02206	0.01726	0.02437	0.01427	0.01412	0.04574	0.02886	0.50176	0.08606	0.03876	0.03167	0.01337	0.01028	0.00313	0.00815	0.01099	0.05484	0.01630
26	0.01965	0.01861	0.03084	0.56272	0.06681	0.02356	0.02797	0.02609	0.02010	0.02609	0.01782	0.02693	0.01366	0.01094	0.01233	0.00351	0.06734	0.00911	0.00455	0.01138
27	0.07337	0.03572	0.26258	0.02412	0.03463	0.02452	0.02555	0.13275	0.13635	0.10895	0.02676	0.02690	0.01896	0.01142	0.00983	0.00325	0.01175	0.00891	0.00783	0.01582
28	0.02352	0.02319	0.03443	0.09098	0.40072	0.06200	0.02625	0.02881	0.02357	0.03137	0.03402	0.03808	0.11440	0.01232	0.01045	0.00312	0.01150	0.01119	0.00585	0.01425

[dist]
# distance from previous block
# <min> <max>
3	5

[block]
# block no. 7 follows, 14 sequences, length 8
# corresponding to MSA columns:
# 318-325
name=unknown_H
#
# <colnr> <probs for GDERKNQSTAVLIFYWHMCP>
#	G	D	E	R	K	N	Q	S	T	A	V	L	I	F	Y	W	H	M	C	P
0	0.02181	0.01210	0.01605	0.01415	0.01784	0.01093	0.01093	0.02645	0.02912	0.16629	0.44752	0.06701	0.08032	0.01907	0.01169	0.00322	0.00574	0.01665	0.01162	0.01148
1	0.02155	0.02046	0.03470	0.41571	0.25268	0.02337	0.02958	0.02812	0.02155	0.02885	0.01862	0.02665	0.01461	0.00986	0.01022	0.00329	0.01314	0.00913	0.00475	0.01315
2	0.02228	0.19966	0.45445	0.02636	0.03994	0.02798	0.03288	0.03206	0.02146	0.03043	0.01739	0.02038	0.01304	0.00951	0.00897	0.00299	0.01413	0.00706	0.00435	0.01467
3	0.01420	0.01053	0.01437	0.01454	0.01622	0.01124	0.01073	0.01713	0.01842	0.02542	0.08628	0.11266	0.09691	0.14272	0.34763	0.01177	0.01845	0.01518	0.00694	0.00865
4	0.02771	0.02830	0.08194	0.08226	0.12134	0.06512	0.02429	0.15132	0.08508	0.03827	0.02109	0.02525	0.01674	0.01291	0.01617	0.00350	0.16856	0.00908	0.00662	0.01444
5	0.02367	0.01548	0.01999	0.01776	0.02129	0.01632	0.01392	0.08097	0.02429	0.12294	0.08735	0.12943	0.03886	0.08336	0.10146	0.00598	0.08601	0.04598	0.00859	0.05636
6	0.02658	0.40869	0.04205	0.01764	0.02622	0.08155	0.01617	0.03019	0.02170	0.02696	0.01558	0.01806	0.01377	0.00859	0.00712	0.00204	0.01064	0.00576	0.00497	0.21573
7	0.03059	0.01960	0.02691	0.02236	0.05788	0.01778	0.06236	0.06766	0.08059	0.21067	0.03090	0.06808	0.02375	0.01193	0.00982	0.00277	0.00926	0.01040	0.00898	0.22771

[dist]
# distance from previous block
# <min> <max>
0	1

[block]
# block no. 8 follows, 14 sequences, length 96
# corresponding to MSA columns:
# 327-422
