[name]
unknown

[dist]
# distance from previous block
# <min> <max>
0	38

[block]
# block no. 0 follows, 14 sequences, length 19
# corresponding to MSA columns:
# 38-56
name=unknown_A
#
# <colnr> <probs for GDERKNQSTAVLIFYWHMCP>
#	G	D	E	R	K	N	Q	S	T	A	V	L	I	F	Y	W	H	M	C	P
0	0.01639	0.01501	0.01806	0.01817	0.02014	0.07535	0.05684	0.01888	0.02109	0.02666	0.04892	0.51162	0.05724	0.02770	0.01259	0.00394	0.00834	0.02518	0.00868	0.00921
1	0.02037	0.09909	0.46193	0.02649	0.03928	0.02380	0.03271	0.03041	0.02089	0.03059	0.01929	0.02376	0.01474	0.01884	0.08983	0.00496	0.01648	0.00787	0.00450	0.01417
2	0.02128	0.01824	0.02128	0.01520	0.02432	0.01368	0.01216	0.02584	0.02128	0.03344	0.01824	0.02128	0.01520	0.00760	0.00760	0.00152	0.00760	0.00608	0.00608	0.70208
3	0.02403	0.01815	0.02156	0.01554	0.02453	0.01384	0.01248	0.02852	0.02218	0.09439	0.02071	0.02280	0.01633	0.00817	0.00790	0.00170	0.00773	0.00655	0.00682	0.62608
4	0.02291	0.01937	0.02094	0.01937	0.02421	0.02197	0.01482	0.04635	0.44307	0.04051	0.08425	0.12233	0.04133	0.01695	0.01093	0.00356	0.00757	0.01453	0.01038	0.01466
5	0.02441	0.03131	0.17788	0.04428	0.30159	0.02334	0.05773	0.06344	0.02428	0.03520	0.01935	0.02396	0.01532	0.00926	0.00982	0.00292	0.01255	0.00850	0.00536	0.10950
6	0.61801	0.02092	0.02129	0.01756	0.02446	0.02342	0.08302	0.03054	0.01839	0.04425	0.01517	0.01817	0.01172	0.00941	0.00714	0.00321	0.00922	0.00645	0.00619	0.01149
7	0.02524	0.02483	0.04423	0.06030	0.50415	0.02460	0.10062	0.03168	0.02348	0.03344	0.01950	0.02571	0.01616	0.00908	0.01043	0.00310	0.01289	0.00955	0.00509	0.01593
8	0.01891	0.01146	0.01512	0.01365	0.01684	0.01043	0.01043	0.02363	0.02909	0.11643	0.49629	0.07085	0.08690	0.01983	0.01186	0.00322	0.00538	0.01741	0.01149	0.01077
9	0.01414	0.01114	0.01288	0.01269	0.01555	0.01031	0.00941	0.01954	0.06599	0.03396	0.27603	0.15463	0.27832	0.02390	0.01212	0.00346	0.00538	0.02064	0.01029	0.00960
10	0.01262	0.00922	0.01188	0.01375	0.01481	0.00848	0.00935	0.01474	0.02081	0.02756	0.10282	0.52898	0.12606	0.03057	0.01291	0.00401	0.00578	0.02749	0.00967	0.00848
11	0.02265	0.02433	0.08060	0.19621	0.16511	0.02576	0.02644	0.03256	0.11387	0.03099	0.02149	0.02717	0.01724	0.01241	0.01573	0.00358	0.15516	0.00939	0.00567	0.01364
12	0.02553	0.02204	0.02320	0.02088	0.02669	0.02553	0.01624	0.05453	0.55679	0.04293	0.04177	0.03829	0.03133	0.01392	0.01044	0.00348	0.00812	0.01160	0.01044	0.01624
13	0.03007	0.02553	0.02569	0.02198	0.02843	0.06158	0.01737	0.19019	0.38257	0.04796	0.03541	0.03327	0.02635	0.01327	0.01032	0.00332	0.00963	0.01064	0.01008	0.01632
14	0.01564	0.01333	0.01802	0.01806	0.01865	0.01571	0.01353	0.01763	0.01864	0.02582	0.04597	0.40336	0.08369	0.02723	0.01958	0.00422	0.20146	0.02225	0.00792	0.00928
15	0.71184	0.01985	0.01508	0.01350	0.01985	0.02302	0.01111	0.03017	0.01746	0.04604	0.01429	0.01667	0.01111	0.00953	0.00635	0.00318	0.00794	0.00556	0.00635	0.01111
16	0.02466	0.40526	0.26969	0.02230	0.03367	0.03380	0.02581	0.03145	0.02118	0.02753	0.01595	0.01857	0.01310	0.00917	0.00787	0.00262	0.01267	0.00634	0.00437	0.01398
17	0.01241	0.00930	0.01152	0.01330	0.01463	0.00842	0.00909	0.01440	0.02060	0.02658	0.06858	0.49731	0.19546	0.03059	0.01285	0.00399	0.00576	0.02727	0.00953	0.00842
18	0.02360	0.31414	0.35157	0.02410	0.03645	0.03122	0.02895	0.03172	0.02131	0.02882	0.01659	0.01937	0.01307	0.00932	0.00836	0.00279	0.01332	0.00666	0.00436	0.01429

[dist]
# distance from previous block
# <min> <max>
5	17

[block]
# block no. 1 follows, 14 sequences, length 41
# corresponding to MSA columns:
# 74-114
name=unknown_B
#
# <colnr> <probs for GDERKNQSTAVLIFYWHMCP>
#	G	D	E	R	K	N	Q	S	T	A	V	L	I	F	Y	W	H	M	C	P
0	0.01439	0.01038	0.01360	0.01300	0.01530	0.00959	0.00967	0.01902	0.02842	0.04015	0.53540	0.11404	0.09488	0.02173	0.01217	0.00329	0.00492	0.01927	0.01118	0.00959
1	0.02422	0.02768	0.06055	0.04325	0.05363	0.02595	0.53806	0.03287	0.02422	0.03287	0.02076	0.02768	0.01557	0.00865	0.01211	0.00346	0.01730	0.01211	0.00519	0.01384
2	0.01386	0.01059	0.01434	0.01597	0.01662	0.01108	0.01140	0.01589	0.01949	0.02633	0.05172	0.53171	0.06136	0.03035	0.01541	0.00424	0.07309	0.05883	0.00897	0.00872
3	0.02345	0.01083	0.01185	0.01096	0.01424	0.01045	0.00844	0.02810	0.02278	0.12552	0.03460	0.03773	0.02616	0.01208	0.00768	0.00252	0.00542	0.00969	0.58669	0.01083
4	0.02116	0.01164	0.01583	0.01625	0.01903	0.01078	0.01251	0.02432	0.02331	0.15344	0.07908	0.34171	0.05764	0.02625	0.01269	0.00403	0.00738	0.14191	0.01031	0.01074
5	0.02554	0.10469	0.40403	0.02712	0.03972	0.08895	0.03167	0.09909	0.02584	0.03508	0.01856	0.02122	0.01362	0.01008	0.00947	0.00306	0.01464	0.00750	0.00521	0.01492
6	0.62298	0.02043	0.01852	0.01990	0.09175	0.02320	0.01375	0.03034	0.01823	0.04442	0.01494	0.01780	0.01178	0.00948	0.00684	0.00316	0.00849	0.00602	0.00619	0.01178
7	0.01466	0.01100	0.01649	0.01649	0.01833	0.01283	0.01283	0.01833	0.01649	0.02382	0.02749	0.04032	0.02566	0.07697	0.59868	0.01649	0.02749	0.01100	0.00550	0.00916
8	0.01466	0.01100	0.01649	0.01649	0.01833	0.01283	0.01283	0.01833	0.01649	0.02382	0.02749	0.04032	0.02566	0.07697	0.59868	0.01649	0.02749	0.01100	0.00550	0.00916
9	0.02637	0.51073	0.11984	0.01938	0.02871	0.03703	0.02007	0.03318	0.07091	0.02698	0.01737	0.01917	0.01484	0.00938	0.00735	0.00245	0.01125	0.00633	0.00495	0.01371
10	0.30447	0.09983	0.08626	0.02272	0.03047	0.17426	0.08498	0.03361	0.02214	0.03518	0.01595	0.01905	0.01265	0.00963	0.00821	0.00298	0.01294	0.00687	0.00551	0.01230
11	0.02766	0.02551	0.02161	0.01951	0.02449	0.15366	0.01501	0.07183	0.27331	0.03892	0.03277	0.03294	0.02512	0.01257	0.00935	0.00299	0.00986	0.00981	0.17943	0.01366
12	0.01730	0.01558	0.07066	0.01410	0.01901	0.01125	0.01250	0.02144	0.02462	0.09054	0.14512	0.08244	0.35668	0.02243	0.01184	0.00347	0.00685	0.05412	0.00957	0.01047
13	0.01492	0.00995	0.01119	0.01119	0.01119	0.00995	0.00622	0.01492	0.01492	0.01990	0.03233	0.06716	0.03731	0.63935	0.05223	0.00995	0.00995	0.01492	0.00622	0.00622
14	0.02310	0.02237	0.02971	0.02567	0.02689	0.03020	0.02115	0.03095	0.12905	0.02852	0.01940	0.02577	0.01721	0.01712	0.02881	0.00428	0.49229	0.00953	0.00574	0.01228
15	0.01938	0.01824	0.03078	0.61468	0.07068	0.02280	0.02850	0.02622	0.02052	0.02622	0.01824	0.02736	0.01368	0.01026	0.01026	0.00342	0.01368	0.00912	0.00456	0.01140
16	0.01414	0.01014	0.01104	0.01103	0.01385	0.00905	0.00819	0.01762	0.02397	0.03272	0.18651	0.11722	0.32090	0.02238	0.01115	0.00324	0.00508	0.01896	0.15376	0.00905
17	0.01321	0.01026	0.01202	0.01196	0.01462	0.00906	0.00882	0.01668	0.02538	0.03334	0.29949	0.15467	0.30450	0.02458	0.01224	0.00345	0.00514	0.02124	0.01029	0.00906
18	0.02622	0.02588	0.09661	0.08212	0.38189	0.02230	0.02857	0.03264	0.02343	0.08821	0.02118	0.02568	0.01657	0.00949	0.00990	0.00296	0.01182	0.00881	0.00583	0.07990
19	0.18210	0.38126	0.03999	0.01851	0.02602	0.15347	0.01660	0.03275	0.02182	0.02922	0.01461	0.01694	0.01272	0.00932	0.00709	0.00251	0.01188	0.00574	0.00501	0.01245
20	0.01464	0.01009	0.01244	0.01266	0.01312	0.01044	0.00800	0.01562	0.01571	0.02136	0.03351	0.11389	0.03757	0.45766	0.17014	0.01087	0.01348	0.01538	0.00637	0.00707
21	0.01499	0.01099	0.01453	0.01619	0.01844	0.01053	0.01331	0.01892	0.02354	0.03066	0.11854	0.19155	0.14430	0.02779	0.01346	0.00428	0.00773	0.30141	0.00968	0.00917
22	0.03055	0.01406	0.01821	0.01528	0.02073	0.01223	0.01211	0.03423	0.02733	0.32385	0.15169	0.09684	0.16222	0.01846	0.01123	0.00332	0.00706	0.01560	0.01153	0.01349
23	0.02422	0.02768	0.06055	0.04325	0.05363	0.02595	0.53806	0.03287	0.02422	0.03287	0.02076	0.02768	0.01557	0.00865	0.01211	0.00346	0.01730	0.01211	0.00519	0.01384
24	0.30562	0.02151	0.02066	0.01799	0.02437	0.02448	0.01440	0.08975	0.25972	0.07846	0.02898	0.02807	0.02150	0.01192	0.00876	0.00330	0.00838	0.00886	0.00891	0.01435
25	0.71184	0.01985	0.01508	0.01350	0.01985	0.02302	0.01111	0.03017	0.01746	0.04604	0.01429	0.01667	0.01111	0.00953	0.00635	0.00318	0.00794	0.00556	0.00635	0.01111
26	0.02744	0.64552	0.05378	0.01756	0.02634	0.04061	0.01756	0.03073	0.02085	0.02414	0.01427	0.01646	0.01317	0.00878	0.00658	0.00219	0.01097	0.00549	0.00439	0.01317
27	0.02363	0.01898	0.02410	0.02161	0.09578	0.01517	0.01488	0.02834	0.02214	0.07368	0.02001	0.02281	0.01608	0.00817	0.00813	0.00184	0.00828	0.00679	0.00644	0.56313
28	0.02888	0.02371	0.02509	0.02156	0.02796	0.02709	0.01706	0.17565	0.43021	0.04834	0.03750	0.03489	0.02787	0.01352	0.01040	0.00338	0.00891	0.01101	0.01040	0.01654
29	0.57077	0.02593	0.01801	0.01621	0.02233	0.14348	0.01294	0.03243	0.01990	0.04166	0.01462	0.01706	0.01155	0.00975	0.00696	0.00306	0.01015	0.00578	0.00613	0.01128
30	0.02858	0.02356	0.02492	0.02150	0.02785	0.02695	0.01698	0.16462	0.44174	0.04785	0.03789	0.03520	0.02819	0.01356	0.01040	0.00339	0.00884	0.01107	0.01040	0.01652
31	0.71184	0.01985	0.01508	0.01350	0.01985	0.02302	0.01111	0.03017	0.01746	0.04604	0.01429	0.01667	0.01111	0.00953	0.00635	0.00318	0.00794	0.00556	0.00635	0.01111
32	0.02610	0.05681	0.06991	0.23538	0.11611	0.09257	0.05008	0.03602	0.11089	0.07119	0.02353	0.02750	0.01774	0.01075	0.01004	0.00320	0.01293	0.00919	0.00628	0.01379
33	0.71184	0.01985	0.01508	0.01350	0.01985	0.02302	0.01111	0.03017	0.01746	0.04604	0.01429	0.01667	0.01111	0.00953	0.00635	0.00318	0.00794	0.00556	0.00635	0.01111
34	0.52907	0.02664	0.05980	0.01700	0.02398	0.09812	0.01477	0.06586	0.02133	0.04359	0.01549	0.01781	0.01195	0.00986	0.00724	0.00311	0.01006	0.00609	0.00633	0.01194
35	0.11553	0.03850	0.34199	0.02417	0.03577	0.02222	0.02766	0.03799	0.08087	0.14197	0.02470	0.02540	0.01715	0.01075	0.00950	0.00325	0.01222	0.00829	0.00688	0.01520
36	0.03627	0.02618	0.02854	0.02229	0.02944	0.02886	0.01813	0.47280	0.04373	0.05861	0.02376	0.02549	0.01750	0.01534	0.01413	0.09348	0.01098	0.00920	0.00951	0.01577
37	0.02411	0.01435	0.01850	0.01958	0.09027	0.01264	0.01307	0.02758	0.02520	0.19636	0.07379	0.06995	0.33416	0.01979	0.01133	0.00332	0.00717	0.01661	0.00991	0.01231
38	0.01547	0.01597	0.08917	0.01725	0.02056	0.01308	0.01503	0.01936	0.01848	0.02639	0.08315	0.10518	0.03504	0.05390	0.34764	0.07594	0.01954	0.01310	0.00627	0.00946
39	0.64408	0.02277	0.01649	0.01480	0.02104	0.08088	0.01199	0.03125	0.01863	0.04394	0.01445	0.01686	0.01133	0.00963	0.00664	0.00312	0.00900	0.00566	0.00624	0.01119
40	0.06230	0.20374	0.22026	0.13866	0.04066	0.02929	0.02675	0.02956	0.02014	0.02865	0.01630	0.02116	0.01314	0.01072	0.01214	0.00316	0.09837	0.00738	0.00453	0.01310

[dist]
# distance from previous block
# <min> <max>
0	3

[block]
# block no. 2 follows, 14 sequences, length 14
# corresponding to MSA columns:
# 118-131
name=unknown_C
#
# <colnr> <probs for GDERKNQSTAVLIFYWHMCP>
#	G	D	E	R	K	N	Q	S	T	A	V	L	I	F	Y	W	H	M	C	P
0	0.06668	0.01785	0.02188	0.02052	0.07899	0.01595	0.01428	0.02764	0.06967	0.03362	0.02431	0.07545	0.02189	0.01724	0.06590	0.00364	0.00993	0.00925	0.00662	0.39868
1	0.01492	0.00995	0.01119	0.01119	0.01119	0.00995	0.00622	0.01492	0.01492	0.01990	0.03233	0.06716	0.03731	0.63935	0.05223	0.00995	0.00995	0.01492	0.00622	0.00622
2	0.02615	0.02245	0.03703	0.13277	0.41474	0.02254	0.02818	0.03204	0.02337	0.08275	0.02102	0.02625	0.01666	0.00951	0.01000	0.00300	0.01175	0.00903	0.00578	0.06497
3	0.02744	0.64552	0.05378	0.01756	0.02634	0.04061	0.01756	0.03073	0.02085	0.02414	0.01427	0.01646	0.01317	0.00878	0.00658	0.00219	0.01097	0.00549	0.00439	0.01317
4	0.02058	0.05308	0.58618	0.02925	0.04442	0.02383	0.03792	0.03250	0.02167	0.03250	0.01842	0.02167	0.01300	0.00975	0.00975	0.00325	0.01517	0.00758	0.00433	0.01517
5	0.01466	0.00989	0.01144	0.01162	0.01185	0.00977	0.00679	0.01518	0.01640	0.02203	0.07323	0.12276	0.04454	0.53604	0.04555	0.00891	0.00919	0.01657	0.00690	0.00667
6	0.02245	0.02245	0.03143	0.02694	0.02694	0.03143	0.02245	0.02470	0.01572	0.02470	0.01347	0.02245	0.01347	0.01796	0.03368	0.00449	0.62057	0.00898	0.00449	0.01123
7	0.03666	0.02810	0.03264	0.02502	0.03321	0.03081	0.06234	0.45856	0.08838	0.06023	0.02573	0.02602	0.01845	0.01215	0.01043	0.00314	0.01153	0.00967	0.00986	0.01705
8	0.01938	0.01824	0.03078	0.61468	0.07068	0.02280	0.02850	0.02622	0.02052	0.02622	0.01824	0.02736	0.01368	0.01026	0.01026	0.00342	0.01368	0.00912	0.00456	0.01140
9	0.01243	0.00922	0.01161	0.01351	0.01468	0.00840	0.00918	0.01438	0.02039	0.02650	0.06599	0.52642	0.16802	0.03092	0.01291	0.00403	0.00580	0.02768	0.00953	0.00840
10	0.02400	0.02198	0.03551	0.31469	0.28607	0.02441	0.02889	0.08095	0.02458	0.03331	0.01935	0.02623	0.01518	0.00998	0.01022	0.00322	0.01279	0.00914	0.00537	0.01413
11	0.01492	0.00995	0.01119	0.01119	0.01119	0.00995	0.00622	0.01492	0.01492	0.01990	0.03233	0.06716	0.03731	0.63935	0.05223	0.00995	0.00995	0.01492	0.00622	0.00622
12	0.07967	0.03502	0.02630	0.02327	0.02918	0.28771	0.01795	0.10853	0.21451	0.03777	0.02589	0.02605	0.01992	0.01189	0.00960	0.00303	0.01326	0.00861	0.00779	0.01406
13	0.02608	0.02071	0.02926	0.14517	0.03574	0.02637	0.02188	0.03200	0.06854	0.12060	0.02159	0.02701	0.01716	0.01513	0.02283	0.00396	0.33730	0.00947	0.00643	0.01277

[dist]
# distance from previous block
# <min> <max>
0	4

[block]
# block no. 3 follows, 14 sequences, length 41
# corresponding to MSA columns:
# 175-215
name=unknown_D
#
# <colnr> <probs for GDERKNQSTAVLIFYWHMCP>
#	G	D	E	R	K	N	Q	S	T	A	V	L	I	F	Y	W	H	M	C	P
0	0.02085	0.01903	0.03078	0.57045	0.06777	0.02348	0.02783	0.06476	0.02260	0.02910	0.01872	0.02716	0.01396	0.01041	0.01026	0.00339	0.01350	0.00913	0.00499	0.01185
1	0.71184	0.01985	0.01508	0.01350	0.01985	0.02302	0.01111	0.03017	0.01746	0.04604	0.01429	0.01667	0.01111	0.00953	0.00635	0.00318	0.00794	0.00556	0.00635	0.01111
2	0.01572	0.01368	0.02321	0.11540	0.03036	0.01370	0.10100	0.01969	0.02125	0.02843	0.08252	0.39303	0.05257	0.02388	0.01240	0.00386	0.00901	0.02231	0.00814	0.00985
3	0.01419	0.01036	0.01332	0.01282	0.01518	0.00950	0.00953	0.01862	0.02789	0.03897	0.49474	0.12091	0.13115	0.02222	0.01218	0.00332	0.00495	0.01961	0.01103	0.00950
4	0.04604	0.01746	0.02382	0.01826	0.02620	0.01508	0.01508	0.05001	0.02937	0.58244	0.04049	0.03493	0.02540	0.01270	0.01032	0.00318	0.00873	0.01032	0.01270	0.01746
5	0.01828	0.01030	0.01185	0.01262	0.01501	0.01030	0.01024	0.02304	0.02221	0.03578	0.04031	0.06366	0.03704	0.01733	0.00947	0.00316	0.00631	0.17238	0.47117	0.00953
6	0.04604	0.01746	0.02382	0.01826	0.02620	0.01508	0.01508	0.05001	0.02937	0.58244	0.04049	0.03493	0.02540	0.01270	0.01032	0.00318	0.00873	0.01032	0.01270	0.01746
7	0.03833	0.04891	0.02908	0.02644	0.03173	0.59815	0.01983	0.04098	0.02908	0.02512	0.01586	0.01851	0.01322	0.01058	0.00925	0.00264	0.01851	0.00661	0.00529	0.01190
8	0.02989	0.02906	0.14276	0.03508	0.08319	0.02235	0.26123	0.03760	0.02517	0.18981	0.02587	0.02850	0.01797	0.01004	0.01103	0.00331	0.01409	0.01057	0.00717	0.01529
9	0.29940	0.03764	0.02366	0.02142	0.02712	0.37521	0.01645	0.03679	0.02458	0.03323	0.01525	0.01779	0.01240	0.01017	0.00813	0.00285	0.01441	0.00620	0.00570	0.01159
10	0.07425	0.02515	0.10652	0.16646	0.20755	0.02237	0.05967	0.03248	0.05488	0.07598	0.05713	0.02966	0.02163	0.01079	0.01013	0.00324	0.01196	0.00971	0.00627	0.01417
11	0.02249	0.01818	0.02458	0.21193	0.03966	0.01677	0.01773	0.02776	0.02163	0.07181	0.01989	0.02429	0.01546	0.00885	0.00867	0.00227	0.00968	0.00739	0.00607	0.42488
12	0.02844	0.35375	0.04261	0.02193	0.02765	0.15692	0.01934	0.03132	0.02125	0.02450	0.01440	0.01848	0.01326	0.01159	0.01432	0.00290	0.17373	0.00665	0.00461	0.01238
13	0.03167	0.02510	0.02667	0.02213	0.02903	0.02840	0.01773	0.27642	0.32489	0.05285	0.03396	0.03206	0.02500	0.01319	0.01036	0.00330	0.00957	0.01052	0.01036	0.01679
14	0.03833	0.04891	0.02908	0.02644	0.03173	0.59815	0.01983	0.04098	0.02908	0.02512	0.01586	0.01851	0.01322	0.01058	0.00925	0.00264	0.01851	0.00661	0.00529	0.01190
15	0.71184	0.01985	0.01508	0.01350	0.01985	0.02302	0.01111	0.03017	0.01746	0.04604	0.01429	0.01667	0.01111	0.00953	0.00635	0.00318	0.00794	0.00556	0.00635	0.01111
16	0.03901	0.02874	0.03080	0.02361	0.03182	0.03182	0.01951	0.54111	0.04825	0.06468	0.02464	0.02464	0.01745	0.01232	0.01027	0.00308	0.01129	0.00924	0.01027	0.01745
17	0.02422	0.02768	0.06055	0.04325	0.05363	0.02595	0.53806	0.03287	0.02422	0.03287	0.02076	0.02768	0.01557	0.00865	0.01211	0.00346	0.01730	0.01211	0.00519	0.01384
18	0.01517	0.00986	0.01138	0.01138	0.01138	0.00986	0.00645	0.01479	0.01479	0.01972	0.03111	0.06411	0.03566	0.58827	0.05121	0.06845	0.00986	0.01441	0.00607	0.00607
19	0.01492	0.00995	0.01119	0.01119	0.01119	0.00995	0.00622	0.01492	0.01492	0.01990	0.03233	0.06716	0.03731	0.63935	0.05223	0.00995	0.00995	0.01492	0.00622	0.00622
20	0.01302	0.01043	0.01164	0.01133	0.01441	0.00904	0.00850	0.01646	0.02550	0.03274	0.27791	0.09051	0.39409	0.02412	0.01212	0.00338	0.00506	0.02050	0.01019	0.00904
21	0.02553	0.02204	0.02320	0.02088	0.02669	0.02553	0.01624	0.05453	0.55679	0.04293	0.04177	0.03829	0.03133	0.01392	0.01044	0.00348	0.00812	0.01160	0.01044	0.01624
22	0.01269	0.00908	0.01208	0.01416	0.01493	0.00846	0.00954	0.01477	0.02054	0.02761	0.10504	0.58014	0.07061	0.03110	0.01300	0.00408	0.00585	0.02817	0.00969	0.00846
23	0.13662	0.42032	0.15902	0.01935	0.02908	0.03425	0.02078	0.03101	0.02047	0.02943	0.01514	0.01759	0.01280	0.00910	0.00721	0.00257	0.01136	0.00594	0.00469	0.01326
24	0.02621	0.02363	0.08052	0.19773	0.26880	0.02167	0.02724	0.03255	0.02321	0.11515	0.02209	0.02674	0.01660	0.00992	0.00998	0.00307	0.01196	0.00895	0.00612	0.06787
25	0.03173	0.01628	0.01916	0.01627	0.02185	0.01632	0.01292	0.04308	0.17715	0.25744	0.03864	0.03693	0.02737	0.01281	0.00936	0.00302	0.00731	0.01045	0.22726	0.01463
26	0.02377	0.32026	0.19912	0.07694	0.03539	0.02999	0.02359	0.03006	0.02112	0.02816	0.01644	0.01972	0.01348	0.00902	0.00799	0.00251	0.01191	0.00652	0.00465	0.11936
27	0.01996	0.01579	0.02571	0.02175	0.02335	0.01813	0.09392	0.01975	0.01582	0.02226	0.01795	0.03044	0.01747	0.06527	0.03472	0.34756	0.18767	0.00981	0.00469	0.00797
28	0.01338	0.00912	0.01148	0.01336	0.01441	0.00853	0.00908	0.01563	0.02017	0.02795	0.05688	0.51307	0.09889	0.02896	0.01222	0.00388	0.00574	0.02596	0.10277	0.00853
29	0.03229	0.30581	0.08233	0.02283	0.03038	0.31442	0.02024	0.03592	0.02497	0.02526	0.01537	0.01787	0.01318	0.00974	0.00814	0.00250	0.01501	0.00620	0.00483	0.01269
30	0.02397	0.02515	0.03198	0.42085	0.13424	0.13644	0.02721	0.02987	0.02261	0.02703	0.01792	0.02534	0.01395	0.01016	0.01005	0.00321	0.01442	0.00863	0.00478	0.01218
31	0.02347	0.02330	0.04230	0.21454	0.33067	0.02425	0.13016	0.03028	0.02273	0.03134	0.01929	0.02640	0.01540	0.00936	0.01057	0.00323	0.01361	0.00972	0.00496	0.01441
32	0.02533	0.02768	0.02635	0.02376	0.02599	0.20913	0.01882	0.02811	0.02026	0.02458	0.01830	0.02635	0.01691	0.03265	0.18926	0.00737	0.25448	0.00880	0.00504	0.01085
33	0.02553	0.02204	0.02320	0.02088	0.02669	0.02553	0.01624	0.05453	0.55679	0.04293	0.04177	0.03829	0.03133	0.01392	0.01044	0.00348	0.00812	0.01160	0.01044	0.01624
34	0.01213	0.01040	0.01040	0.01040	0.01386	0.00866	0.00780	0.01473	0.02339	0.02772	0.10396	0.09876	0.57117	0.02599	0.01213	0.00347	0.00520	0.02166	0.00953	0.00866
35	0.01492	0.00995	0.01119	0.01119	0.01119	0.00995	0.00622	0.01492	0.01492	0.01990	0.03233	0.06716	0.03731	0.63935	0.05223	0.00995	0.00995	0.01492	0.00622	0.00622
36	0.71184	0.01985	0.01508	0.01350	0.01985	0.02302	0.01111	0.03017	0.01746	0.04604	0.01429	0.01667	0.01111	0.00953	0.00635	0.00318	0.00794	0.00556	0.00635	0.01111
37	0.02290	0.02183	0.03713	0.29246	0.36543	0.02372	0.03025	0.02930	0.02218	0.03049	0.01886	0.02621	0.01518	0.00961	0.01020	0.00320	0.01281	0.00913	0.00486	0.01424
38	0.01370	0.01035	0.01265	0.01231	0.01488	0.00929	0.00914	0.01768	0.02674	0.03624	0.39999	0.12507	0.22794	0.02324	0.01219	0.00337	0.00503	0.02024	0.01067	0.00929
39	0.06837	0.01539	0.01808	0.01600	0.02053	0.01573	0.01246	0.03475	0.17001	0.13449	0.30137	0.05531	0.06144	0.01692	0.01098	0.00328	0.00659	0.01443	0.01098	0.01287
40	0.64823	0.02259	0.01641	0.01472	0.02097	0.07734	0.01194	0.03119	0.01856	0.04407	0.01444	0.01684	0.01131	0.00963	0.00662	0.00313	0.00894	0.00566	0.00625	0.01119

[dist]
# distance from previous block
# <min> <max>
0	11

[block]
# block no. 4 follows, 14 sequences, length 15
# corresponding to MSA columns:
# 227-241
name=unknown_E
#
# <colnr> <probs for GDERKNQSTAVLIFYWHMCP>
#	G	D	E	R	K	N	Q	S	T	A	V	L	I	F	Y	W	H	M	C	P
0	0.02926	0.36000	0.10972	0.02240	0.03139	0.03199	0.07573	0.03419	0.02249	0.12467	0.02003	0.02191	0.01559	0.01015	0.00992	0.00277	0.05022	0.00752	0.00594	0.01411
1	0.02709	0.02282	0.02409	0.02120	0.02728	0.02626	0.01662	0.11112	0.49765	0.04546	0.03978	0.03670	0.02971	0.01374	0.01042	0.00343	0.00849	0.01133	0.01042	0.01638
2	0.01500	0.01235	0.01758	0.01614	0.01939	0.01136	0.06498	0.01876	0.02363	0.03073	0.17557	0.11228	0.24003	0.08974	0.01684	0.00437	0.00768	0.10522	0.00908	0.00928
3	0.01466	0.01100	0.01649	0.01649	0.01833	0.01283	0.01283	0.01833	0.01649	0.02382	0.02749	0.04032	0.02566	0.07697	0.59868	0.01649	0.02749	0.01100	0.00550	0.00916
4	0.03833	0.04891	0.02908	0.02644	0.03173	0.59815	0.01983	0.04098	0.02908	0.02512	0.01586	0.01851	0.01322	0.01058	0.00925	0.00264	0.01851	0.00661	0.00529	0.01190
5	0.02207	0.01179	0.01520	0.01480	0.01812	0.01078	0.01143	0.02557	0.02417	0.16335	0.10981	0.23007	0.10721	0.02275	0.01169	0.00363	0.00679	0.08943	0.09033	0.01101
6	0.01803	0.01469	0.02065	0.01869	0.02280	0.01385	0.06869	0.07092	0.02454	0.03262	0.05298	0.25234	0.13348	0.02333	0.01219	0.00370	0.00844	0.11680	0.00876	0.08249
7	0.02103	0.02355	0.08241	0.36834	0.09720	0.02450	0.10864	0.02799	0.02084	0.02813	0.01817	0.02623	0.01408	0.01078	0.01322	0.00351	0.08484	0.00945	0.00467	0.01243
8	0.01331	0.00994	0.01100	0.01145	0.01300	0.00911	0.00750	0.01472	0.01933	0.02433	0.06664	0.18689	0.26472	0.27022	0.02820	0.00617	0.00722	0.02041	0.00822	0.00763
9	0.20253	0.03687	0.08288	0.02217	0.02920	0.29809	0.01877	0.03899	0.02552	0.12607	0.01994	0.02119	0.01476	0.01060	0.00878	0.00293	0.01391	0.00709	0.00671	0.01300
10	0.02607	0.31128	0.19710	0.02805	0.08022	0.08530	0.07882	0.03246	0.02241	0.02821	0.01665	0.01999	0.01363	0.00923	0.00858	0.00273	0.01359	0.00716	0.00460	0.01392
11	0.01454	0.00947	0.01172	0.01288	0.01436	0.00912	0.00907	0.01757	0.02099	0.03063	0.09918	0.35431	0.08496	0.02878	0.05372	0.00447	0.00706	0.02138	0.18693	0.00886
12	0.02242	0.04562	0.46626	0.02647	0.04027	0.02177	0.03264	0.03273	0.02213	0.07004	0.01989	0.02251	0.01416	0.00964	0.00948	0.00299	0.01363	0.00755	0.00515	0.11464
13	0.02056	0.01479	0.01708	0.01587	0.01963	0.01555	0.01207	0.03374	0.21773	0.07046	0.23824	0.11434	0.05856	0.01816	0.01098	0.00332	0.00635	0.01572	0.08449	0.01234
14	0.24903	0.32258	0.14820	0.01859	0.02786	0.03151	0.01955	0.03090	0.01991	0.03296	0.01511	0.01758	0.01247	0.00922	0.00714	0.00273	0.01083	0.00593	0.00502	0.01290

[dist]
# distance from previous block
# <min> <max>
6	7

[block]
# block no. 5 follows, 14 sequences, length 27
# corresponding to MSA columns:
# 249-275
name=unknown_F
#
# <colnr> <probs for GDERKNQSTAVLIFYWHMCP>
#	G	D	E	R	K	N	Q	S	T	A	V	L	I	F	Y	W	H	M	C	P
0	0.02192	0.08725	0.18866	0.02213	0.03087	0.02314	0.02240	0.02794	0.02008	0.03031	0.01683	0.02121	0.01399	0.01069	0.01408	0.00276	0.15010	0.00712	0.00506	0.28346
1	0.02485	0.01652	0.02045	0.01586	0.02324	0.01338	0.01257	0.02894	0.02232	0.14332	0.02726	0.08385	0.02325	0.01750	0.06437	0.00352	0.00955	0.00960	0.00770	0.43196
2	0.02081	0.01770	0.02076	0.01504	0.02370	0.01340	0.01199	0.02539	0.02182	0.03397	0.05632	0.02510	0.02083	0.00852	0.00791	0.00164	0.00741	0.00694	0.00644	0.65429
3	0.01926	0.01494	0.02253	0.15456	0.12413	0.01528	0.01776	0.02426	0.02499	0.07155	0.23561	0.09783	0.10146	0.01731	0.01132	0.00333	0.00844	0.01538	0.00854	0.01153
4	0.01250	0.01015	0.01108	0.01139	0.01422	0.00873	0.00834	0.01523	0.02345	0.02915	0.15432	0.18920	0.42360	0.02643	0.01229	0.00356	0.00529	0.02258	0.00975	0.00873
5	0.01815	0.01549	0.02336	0.12547	0.15831	0.01615	0.01844	0.02454	0.06371	0.03252	0.15354	0.22008	0.05024	0.01920	0.01151	0.00352	0.00864	0.01741	0.00811	0.01163
6	0.02410	0.05592	0.12882	0.30918	0.12917	0.02554	0.02853	0.11450	0.02578	0.03468	0.01931	0.02514	0.01454	0.01029	0.00999	0.00322	0.01320	0.00871	0.00554	0.01383
7	0.03003	0.01749	0.02069	0.01772	0.02339	0.01796	0.01400	0.04442	0.24365	0.22511	0.13505	0.04400	0.04064	0.01462	0.01045	0.00325	0.00749	0.01226	0.06277	0.01498
8	0.02312	0.12262	0.47026	0.02731	0.04106	0.02660	0.03375	0.07936	0.02403	0.03446	0.01849	0.02131	0.01343	0.00987	0.00941	0.00311	0.01430	0.00748	0.00489	0.01514
9	0.01430	0.01048	0.01340	0.01267	0.01519	0.00959	0.00951	0.01893	0.02852	0.03989	0.52601	0.07874	0.14152	0.02145	0.01211	0.00325	0.00488	0.01885	0.01113	0.00959
10	0.01500	0.01182	0.01715	0.01599	0.01884	0.01069	0.04945	0.01879	0.02391	0.03336	0.25620	0.30776	0.07069	0.02364	0.01212	0.00349	0.00651	0.02150	0.00959	0.07350
11	0.01984	0.00994	0.01457	0.01444	0.01535	0.00975	0.01035	0.01719	0.01590	0.06304	0.02417	0.04212	0.02360	0.03296	0.03454	0.55984	0.00897	0.07161	0.00572	0.00609
12	0.03833	0.04891	0.02908	0.02644	0.03173	0.59815	0.01983	0.04098	0.02908	0.02512	0.01586	0.01851	0.01322	0.01058	0.00925	0.00264	0.01851	0.00661	0.00529	0.01190
13	0.02128	0.01824	0.02128	0.01520	0.02432	0.01368	0.01216	0.02584	0.02128	0.03344	0.01824	0.02128	0.01520	0.00760	0.00760	0.00152	0.00760	0.00608	0.00608	0.70208
14	0.01492	0.00995	0.01119	0.01119	0.01119	0.00995	0.00622	0.01492	0.01492	0.01990	0.03233	0.06716	0.03731	0.63935	0.05223	0.00995	0.00995	0.01492	0.00622	0.00622
15	0.02679	0.35833	0.13440	0.01912	0.02897	0.02988	0.01967	0.03187	0.02188	0.08042	0.01826	0.02007	0.01471	0.00908	0.00768	0.00233	0.01079	0.00642	0.00551	0.15380
16	0.02657	0.57097	0.12077	0.01903	0.02861	0.03850	0.02012	0.03095	0.02095	0.02520	0.01479	0.01712	0.01315	0.00890	0.00698	0.00233	0.01150	0.00575	0.00438	0.01342
17	0.01266	0.01011	0.01137	0.01200	0.01461	0.00883	0.00882	0.01537	0.02301	0.02874	0.13304	0.22837	0.37887	0.02715	0.01246	0.00368	0.00556	0.04694	0.00969	0.00872
18	0.01931	0.01722	0.06343	0.06291	0.02594	0.01496	0.04262	0.02791	0.09370	0.07577	0.32785	0.05952	0.09203	0.01745	0.01145	0.00330	0.00768	0.01537	0.00981	0.01177
19	0.02040	0.01750	0.02176	0.09042	0.02930	0.01445	0.01398	0.02527	0.02192	0.03326	0.07059	0.02730	0.02275	0.00920	0.00836	0.00192	0.00810	0.00765	0.00638	0.54947
20	0.02526	0.01807	0.02924	0.48304	0.06086	0.02110	0.02554	0.03147	0.02247	0.14899	0.02315	0.02903	0.01627	0.01080	0.01027	0.00337	0.01259	0.00938	0.00636	0.01274
21	0.02259	0.01448	0.01918	0.09009	0.02581	0.01461	0.01396	0.05611	0.06863	0.13206	0.34276	0.05778	0.06521	0.01725	0.01135	0.00325	0.00719	0.01497	0.01057	0.01212
22	0.02449	0.21638	0.07704	0.14059	0.03660	0.02769	0.02073	0.07890	0.09270	0.03287	0.02404	0.03245	0.02051	0.01188	0.00922	0.00295	0.01104	0.05476	0.00638	0.07877
23	0.02386	0.02103	0.07970	0.23948	0.09418	0.01868	0.02251	0.03004	0.02346	0.11595	0.09119	0.03298	0.02637	0.01138	0.01000	0.00299	0.01079	0.00984	0.00694	0.12862
24	0.02951	0.06802	0.27162	0.07308	0.08966	0.02299	0.02801	0.07576	0.02580	0.18043	0.02462	0.02593	0.01701	0.01066	0.00985	0.00315	0.01254	0.00859	0.00711	0.01566
25	0.08556	0.02625	0.14044	0.02470	0.08121	0.01984	0.02107	0.10157	0.02777	0.25861	0.03145	0.08492	0.02389	0.01330	0.01014	0.00326	0.01039	0.01092	0.00916	0.01553
26	0.09286	0.07887	0.05347	0.12387	0.06220	0.02103	0.01867	0.08139	0.02605	0.18831	0.05679	0.07439	0.05202	0.01362	0.00991	0.00320	0.00992	0.01116	0.00844	0.01382

[dist]
# distance from previous block
# <min> <max>
3	12

[block]
# block no. 6 follows, 14 sequences, length 28
# corresponding to MSA columns:
# 288-315
name=unknown_G
#
# <colnr> <probs for GDERKNQSTAVLIFYWHMCP>
#	G	D	E	R	K	N	Q	S	T	A	V	L	I	F	Y	W	H	M	C	P
0	0.08935	0.05731	0.12151	0.01944	0.02821	0.01825	0.01854	0.04256	0.02665	0.38327	0.06553	0.03279	0.02586	0.01224	0.00983	0.00314	0.00967	0.00972	0.01023	0.01588
1	0.02805	0.08056	0.23713	0.07570	0.04298	0.02343	0.15229	0.03619	0.02400	0.16440	0.02399	0.02640	0.01669	0.01016	0.01026	0.00322	0.01370	0.00931	0.00659	0.01495
2	0.03496	0.09608	0.02757	0.05770	0.02905	0.02082	0.01621	0.04444	0.13928	0.30303	0.03367	0.03140	0.02329	0.01177	0.00959	0.00296	0.00908	0.00946	0.00995	0.08969
3	0.02391	0.02055	0.03390	0.19665	0.33871	0.02158	0.02652	0.02930	0.02198	0.06613	0.02203	0.03169	0.01879	0.08744	0.01539	0.00400	0.01207	0.00993	0.00559	0.01384
4	0.02902	0.02073	0.03072	0.17450	0.20236	0.02199	0.02348	0.03974	0.13971	0.16757	0.02908	0.03098	0.02113	0.01131	0.01028	0.00326	0.01082	0.00996	0.00797	0.01539
5	0.02539	0.02583	0.10562	0.17200	0.21048	0.02323	0.05571	0.10007	0.02601	0.06769	0.02397	0.07426	0.02002	0.01193	0.01050	0.00328	0.01238	0.01078	0.00638	0.01447
6	0.03150	0.02306	0.03686	0.07859	0.23949	0.02306	0.09616	0.09345	0.05895	0.17399	0.02664	0.02890	0.01929	0.01067	0.01051	0.00319	0.01181	0.01001	0.00785	0.01603
7	0.02504	0.02026	0.03223	0.19291	0.27593	0.02132	0.02526	0.06321	0.02436	0.08797	0.02662	0.11006	0.02366	0.01316	0.01061	0.00331	0.01132	0.01201	0.00666	0.01411
8	0.18931	0.02301	0.03121	0.03980	0.30040	0.02352	0.02252	0.09386	0.02478	0.04036	0.01863	0.02267	0.01504	0.00942	0.00892	0.00287	0.01044	0.00788	0.00616	0.10919
9	0.02504	0.02251	0.07573	0.20047	0.04560	0.02072	0.13638	0.06449	0.02572	0.11136	0.09798	0.03426	0.02744	0.01165	0.01073	0.00321	0.01215	0.01095	0.00722	0.05638
10	0.10600	0.02292	0.03410	0.04672	0.37634	0.02368	0.02530	0.03665	0.11205	0.08020	0.02416	0.02730	0.01890	0.01027	0.00978	0.00314	0.01075	0.00923	0.00673	0.01576
11	0.02703	0.02366	0.04156	0.09439	0.40935	0.02349	0.09896	0.03330	0.02393	0.09179	0.02170	0.02687	0.01696	0.00954	0.01045	0.00314	0.01263	0.00967	0.00588	0.01571
12	0.03332	0.04459	0.10795	0.03411	0.14190	0.40498	0.02463	0.03792	0.02693	0.02781	0.01690	0.02031	0.01379	0.01018	0.00950	0.00281	0.01679	0.00725	0.00512	0.01321
13	0.01490	0.01134	0.01521	0.09622	0.02255	0.01178	0.01189	0.01895	0.05134	0.02756	0.10078	0.34520	0.05546	0.14502	0.02006	0.00505	0.00780	0.02148	0.00845	0.00895
14	0.15606	0.02202	0.02467	0.10059	0.03243	0.06430	0.01724	0.11406	0.02882	0.29562	0.02872	0.02798	0.01924	0.01160	0.00954	0.00315	0.01039	0.00889	0.00957	0.01511
15	0.01250	0.00893	0.01191	0.01429	0.01488	0.00834	0.00953	0.01429	0.01965	0.02620	0.05656	0.63265	0.06787	0.03215	0.01310	0.00417	0.00595	0.02917	0.00953	0.00834
16	0.01349	0.00977	0.01295	0.01514	0.01641	0.00924	0.01116	0.01608	0.02095	0.02746	0.05977	0.45988	0.10569	0.03070	0.01329	0.00425	0.00677	0.14884	0.00951	0.00864
17	0.03901	0.02874	0.03080	0.02361	0.03182	0.03182	0.01951	0.54111	0.04825	0.06468	0.02464	0.02464	0.01745	0.01232	0.01027	0.00308	0.01129	0.00924	0.01027	0.01745
18	0.01492	0.00995	0.01119	0.01119	0.01119	0.00995	0.00622	0.01492	0.01492	0.01990	0.03233	0.06716	0.03731	0.63935	0.05223	0.00995	0.00995	0.01492	0.00622	0.00622
19	0.62057	0.01952	0.01628	0.01415	0.02072	0.02193	0.01166	0.03289	0.01910	0.11957	0.01788	0.01917	0.01307	0.00996	0.00689	0.00318	0.00805	0.00621	0.00722	0.01198
20	0.02390	0.33952	0.32876	0.02360	0.03568	0.03194	0.02807	0.03164	0.02127	0.02846	0.01641	0.01915	0.01308	0.00928	0.00822	0.00274	0.01314	0.00657	0.00436	0.01420
21	0.02180	0.15839	0.49154	0.02717	0.04120	0.02681	0.03430	0.03218	0.02152	0.03101	0.01768	0.02074	0.01303	0.00958	0.00919	0.00306	0.01442	0.00721	0.00434	0.01481
22	0.03982	0.02617	0.16121	0.02094	0.03065	0.01722	0.02066	0.04573	0.02749	0.44808	0.03509	0.03169	0.02237	0.01198	0.01018	0.00319	0.01030	0.00965	0.01066	0.01690
23	0.07725	0.12737	0.40036	0.02509	0.03782	0.02499	0.03027	0.03424	0.02219	0.10025	0.02026	0.02221	0.01441	0.00996	0.00913	0.00309	0.01325	0.00748	0.00553	0.01487
24	0.02734	0.07434	0.31083	0.02339	0.03434	0.02116	0.02635	0.03687	0.05579	0.17798	0.08446	0.03170	0.02633	0.01191	0.00999	0.00318	0.01169	0.00958	0.00764	0.01512
25	0.02087	0.12932	0.45217	0.02590	0.03883	0.02460	0.03211	0.03085	0.02235	0.03229	0.07699	0.02685	0.02201	0.01082	0.00957	0.00310	0.01349	0.00847	0.00509	0.01431
26	0.02316	0.27619	0.38568	0.02485	0.03761	0.03015	0.03025	0.03183	0.02136	0.02935	0.01685	0.01971	0.01306	0.00938	0.00856	0.00285	0.01359	0.00679	0.00435	0.01441
27	0.03156	0.09684	0.18871	0.02601	0.03633	0.02297	0.11820	0.04028	0.06257	0.23162	0.02804	0.02819	0.01928	0.01081	0.01010	0.00316	0.01228	0.00947	0.00796	0.01562

[dist]
# distance from previous block
# <min> <max>
0	397

# created by:
# /st0/software/busco_prod/Augustus/scripts/msa2prfl.pl ./align_prep/6111.fa
