[name]
unknown

[dist]
# distance from previous block
# <min> <max>
0	807

[block]
# block no. 0 follows, 13 sequences, length 61
# corresponding to MSA columns:
# 807-867
name=unknown_A
#
# <colnr> <probs for GDERKNQSTAVLIFYWHMCP>
#	G	D	E	R	K	N	Q	S	T	A	V	L	I	F	Y	W	H	M	C	P
0	0.02692	0.29033	0.04052	0.02683	0.11707	0.06473	0.01980	0.06718	0.02448	0.03114	0.02135	0.03012	0.01955	0.01665	0.05496	0.00383	0.01292	0.04707	0.00584	0.07871
1	0.07905	0.01974	0.02955	0.35775	0.10137	0.02264	0.02479	0.03459	0.07259	0.11894	0.02461	0.02949	0.01783	0.01118	0.01027	0.00343	0.01212	0.00956	0.00683	0.01367
2	0.02464	0.02368	0.02317	0.01745	0.02624	0.10257	0.01375	0.02904	0.02317	0.03313	0.01841	0.02148	0.01534	0.00830	0.00809	0.00175	0.00957	0.00635	0.00614	0.58773
3	0.03016	0.01986	0.02763	0.02323	0.07664	0.01647	0.05347	0.03513	0.02484	0.19434	0.02593	0.02700	0.01893	0.00963	0.00925	0.00237	0.00935	0.00832	0.00814	0.37930
4	0.03705	0.01955	0.02394	0.01915	0.02684	0.01859	0.01544	0.04909	0.18522	0.32693	0.03857	0.03487	0.02640	0.01266	0.01024	0.00310	0.00862	0.01036	0.01132	0.12204
5	0.01750	0.01325	0.01645	0.01801	0.06882	0.01226	0.01200	0.02290	0.06001	0.06694	0.19375	0.11746	0.29538	0.02266	0.01214	0.00350	0.00644	0.01946	0.01008	0.01098
6	0.01286	0.01073	0.01122	0.01110	0.01451	0.00908	0.00832	0.01588	0.02497	0.03062	0.17388	0.09837	0.49012	0.02601	0.01249	0.00353	0.00530	0.02184	0.01009	0.00908
7	0.03993	0.02569	0.02851	0.02204	0.02995	0.02749	0.01815	0.39191	0.04360	0.16359	0.02936	0.02863	0.02035	0.01274	0.01032	0.00313	0.01056	0.00977	0.06695	0.01731
8	0.02192	0.01879	0.02192	0.01566	0.02506	0.01409	0.01253	0.02662	0.02192	0.03445	0.01879	0.02192	0.01566	0.00783	0.00783	0.00157	0.00783	0.00626	0.00626	0.69305
9	0.04019	0.02962	0.03173	0.02433	0.03279	0.03279	0.02010	0.52721	0.04971	0.06663	0.02538	0.02538	0.01798	0.01269	0.01058	0.00317	0.01163	0.00952	0.01058	0.01798
10	0.01310	0.00995	0.01214	0.01377	0.01553	0.00900	0.00982	0.01547	0.02187	0.02790	0.07441	0.40627	0.23241	0.03068	0.01325	0.00410	0.00617	0.06556	0.00981	0.00880
11	0.01288	0.00920	0.01227	0.01472	0.01534	0.00859	0.00981	0.01472	0.02024	0.02699	0.05828	0.62152	0.06993	0.03312	0.01350	0.00429	0.00613	0.03006	0.00981	0.00859
12	0.04214	0.02649	0.02980	0.02285	0.03123	0.02816	0.01887	0.39947	0.04449	0.20175	0.02977	0.02823	0.02018	0.01280	0.01059	0.00320	0.01093	0.00982	0.01125	0.01798
13	0.03092	0.01813	0.01979	0.01632	0.02174	0.01894	0.01311	0.21048	0.03326	0.12174	0.03218	0.03386	0.02367	0.01256	0.00899	0.00283	0.00791	0.00984	0.34981	0.01391
14	0.02827	0.63478	0.05540	0.01809	0.02714	0.04184	0.01809	0.03166	0.02148	0.02488	0.01470	0.01696	0.01357	0.00905	0.00678	0.00226	0.01131	0.00565	0.00452	0.01357
15	0.01538	0.01025	0.01153	0.01153	0.01153	0.01025	0.00641	0.01538	0.01538	0.02050	0.03331	0.06919	0.03844	0.62842	0.05382	0.01025	0.01025	0.01538	0.00641	0.00641
16	0.09563	0.01817	0.02388	0.01845	0.02651	0.01614	0.01524	0.05002	0.02936	0.53140	0.03973	0.03460	0.02509	0.01285	0.01033	0.00327	0.00894	0.01027	0.01261	0.01751
17	0.02470	0.07317	0.03269	0.40903	0.05858	0.12995	0.02593	0.03226	0.05954	0.02785	0.01972	0.02640	0.01524	0.01078	0.01009	0.00328	0.01440	0.00880	0.00525	0.01233
18	0.01421	0.01032	0.01368	0.01589	0.01739	0.00979	0.01201	0.01712	0.02195	0.02866	0.06220	0.40727	0.11366	0.03123	0.01376	0.00441	0.00724	0.18041	0.00979	0.00900
19	0.04289	0.02246	0.08050	0.02223	0.03135	0.01742	0.06392	0.04820	0.02902	0.46987	0.03769	0.03400	0.02403	0.01242	0.01074	0.00331	0.01043	0.01053	0.01156	0.01743
20	0.02804	0.25797	0.23999	0.02351	0.03458	0.03106	0.02572	0.08119	0.07496	0.07635	0.02208	0.02335	0.01668	0.01057	0.00902	0.00295	0.01248	0.00780	0.00632	0.01538
21	0.02121	0.05469	0.57364	0.03014	0.04576	0.02455	0.03906	0.03348	0.02232	0.03348	0.01897	0.02232	0.01339	0.01005	0.01005	0.00335	0.01563	0.00781	0.00446	0.01563
22	0.03447	0.02078	0.02296	0.01839	0.02475	0.02187	0.01494	0.27053	0.03682	0.14679	0.03141	0.03208	0.02256	0.01263	0.00950	0.00295	0.00887	0.00983	0.24268	0.01520
23	0.02688	0.02717	0.09139	0.09785	0.35683	0.02435	0.10246	0.03396	0.02434	0.07997	0.02182	0.02717	0.01694	0.00981	0.01074	0.00326	0.01342	0.00982	0.00582	0.01599
24	0.02486	0.02129	0.03564	0.33417	0.26758	0.02347	0.02942	0.03134	0.02312	0.07694	0.02122	0.02804	0.01621	0.01032	0.01053	0.00335	0.01303	0.00951	0.00564	0.01432
25	0.01509	0.01125	0.01432	0.01480	0.01753	0.01048	0.01193	0.01950	0.02665	0.03547	0.27999	0.09810	0.19416	0.02542	0.01321	0.00391	0.00670	0.18127	0.01056	0.00965
26	0.01362	0.01035	0.01255	0.01285	0.01519	0.00927	0.00931	0.01704	0.02550	0.03390	0.28125	0.22983	0.23831	0.02631	0.01275	0.00366	0.00541	0.02304	0.01057	0.00927
27	0.03196	0.29392	0.12644	0.02518	0.07720	0.03210	0.02255	0.11882	0.02797	0.11841	0.02180	0.02296	0.01651	0.01048	0.00885	0.00282	0.01179	0.00774	0.00692	0.01559
28	0.07523	0.01532	0.06212	0.01571	0.01920	0.01250	0.01290	0.02336	0.02137	0.08285	0.04360	0.28465	0.04586	0.07777	0.01515	0.00433	0.00786	0.05592	0.11386	0.01042
29	0.70310	0.02045	0.01554	0.01390	0.02045	0.02372	0.01145	0.03108	0.01799	0.04744	0.01472	0.01718	0.01145	0.00981	0.00654	0.00327	0.00818	0.00573	0.00654	0.01145
30	0.04744	0.01799	0.02454	0.01881	0.02699	0.01554	0.01554	0.05153	0.03026	0.56979	0.04171	0.03599	0.02617	0.01309	0.01063	0.00327	0.00900	0.01063	0.01309	0.01799
31	0.02827	0.63478	0.05540	0.01809	0.02714	0.04184	0.01809	0.03166	0.02148	0.02488	0.01470	0.01696	0.01357	0.00905	0.00678	0.00226	0.01131	0.00565	0.00452	0.01357
32	0.01837	0.00918	0.01377	0.01377	0.01377	0.00918	0.00918	0.01377	0.01377	0.01837	0.01837	0.03214	0.01837	0.03673	0.04132	0.69238	0.00918	0.00918	0.00459	0.00459
33	0.01288	0.00920	0.01227	0.01472	0.01534	0.00859	0.00981	0.01472	0.02024	0.02699	0.05828	0.62152	0.06993	0.03312	0.01350	0.00429	0.00613	0.03006	0.00981	0.00859
34	0.02313	0.02313	0.03238	0.02776	0.02776	0.03238	0.02313	0.02545	0.01619	0.02545	0.01388	0.02313	0.01388	0.01851	0.03470	0.00463	0.60907	0.00925	0.00463	0.01157
35	0.01374	0.00999	0.01295	0.01384	0.01546	0.00920	0.00976	0.01697	0.02462	0.03363	0.27305	0.35501	0.11691	0.02780	0.01299	0.00383	0.00559	0.02488	0.01059	0.00920
36	0.02827	0.63478	0.05540	0.01809	0.02714	0.04184	0.01809	0.03166	0.02148	0.02488	0.01470	0.01696	0.01357	0.00905	0.00678	0.00226	0.01131	0.00565	0.00452	0.01357
37	0.01476	0.01080	0.01385	0.01309	0.01567	0.00989	0.00982	0.01956	0.02945	0.04126	0.51993	0.08085	0.13743	0.02204	0.01247	0.00335	0.00502	0.01938	0.01149	0.00989
38	0.01704	0.01217	0.01704	0.01947	0.02191	0.01217	0.01704	0.02191	0.02434	0.03164	0.05598	0.11926	0.06085	0.02921	0.01460	0.00487	0.00974	0.49130	0.00974	0.00974
39	0.02827	0.63478	0.05540	0.01809	0.02714	0.04184	0.01809	0.03166	0.02148	0.02488	0.01470	0.01696	0.01357	0.00905	0.00678	0.00226	0.01131	0.00565	0.00452	0.01357
40	0.70310	0.02045	0.01554	0.01390	0.02045	0.02372	0.01145	0.03108	0.01799	0.04744	0.01472	0.01718	0.01145	0.00981	0.00654	0.00327	0.00818	0.00573	0.00654	0.01145
41	0.02448	0.02538	0.03218	0.02772	0.02817	0.07811	0.02291	0.02683	0.01733	0.02548	0.01408	0.02280	0.01386	0.01788	0.03262	0.00447	0.56034	0.00905	0.00469	0.01162
42	0.01538	0.01025	0.01153	0.01153	0.01153	0.01025	0.00641	0.01538	0.01538	0.02050	0.03331	0.06919	0.03844	0.62842	0.05382	0.01025	0.01025	0.01538	0.00641	0.00641
43	0.01496	0.01081	0.01413	0.01330	0.01580	0.00998	0.00998	0.01995	0.02993	0.04240	0.55689	0.07898	0.09976	0.02162	0.01247	0.00333	0.00499	0.01912	0.01164	0.00998
44	0.02192	0.01879	0.02192	0.01566	0.02506	0.01409	0.01253	0.02662	0.02192	0.03445	0.01879	0.02192	0.01566	0.00783	0.00783	0.00157	0.00783	0.00626	0.00626	0.69305
45	0.03950	0.05039	0.02996	0.02724	0.03269	0.58597	0.02043	0.04222	0.02996	0.02588	0.01634	0.01907	0.01362	0.01090	0.00953	0.00272	0.01907	0.00681	0.00545	0.01226
46	0.01288	0.00920	0.01227	0.01472	0.01534	0.00859	0.00981	0.01472	0.02024	0.02699	0.05828	0.62152	0.06993	0.03312	0.01350	0.00429	0.00613	0.03006	0.00981	0.00859
47	0.02889	0.02400	0.02537	0.02204	0.02848	0.02751	0.01736	0.14397	0.45136	0.04840	0.03974	0.03683	0.02961	0.01404	0.01072	0.00351	0.00898	0.01150	0.01072	0.01697
48	0.01388	0.00987	0.01172	0.01277	0.01357	0.00934	0.00811	0.01507	0.01876	0.02448	0.05498	0.31037	0.12929	0.28413	0.03041	0.00671	0.00776	0.02269	0.00837	0.00771
49	0.70310	0.02045	0.01554	0.01390	0.02045	0.02372	0.01145	0.03108	0.01799	0.04744	0.01472	0.01718	0.01145	0.00981	0.00654	0.00327	0.00818	0.00573	0.00654	0.01145
50	0.04136	0.01818	0.02391	0.01806	0.02653	0.01520	0.01482	0.04560	0.02828	0.44232	0.03626	0.03264	0.02367	0.01183	0.00997	0.00287	0.00872	0.00959	0.01146	0.17873
51	0.02192	0.01879	0.02192	0.01566	0.02506	0.01409	0.01253	0.02662	0.02192	0.03445	0.01879	0.02192	0.01566	0.00783	0.00783	0.00157	0.00783	0.00626	0.00626	0.69305
52	0.01409	0.01077	0.01292	0.01239	0.01526	0.00960	0.00929	0.01826	0.02787	0.03750	0.39776	0.08704	0.26195	0.02344	0.01248	0.00341	0.00512	0.02025	0.01099	0.00960
53	0.01395	0.01065	0.01281	0.01252	0.01524	0.00950	0.00930	0.01789	0.02715	0.03641	0.36243	0.13019	0.25493	0.02431	0.01256	0.00349	0.00521	0.02109	0.01087	0.00950
54	0.08726	0.02556	0.08377	0.04018	0.24687	0.02259	0.06165	0.03956	0.06666	0.18008	0.02720	0.02895	0.01973	0.01085	0.01032	0.00327	0.01157	0.00972	0.00783	0.01636
55	0.03453	0.02130	0.02339	0.01870	0.02513	0.02256	0.01520	0.28821	0.03763	0.13462	0.03089	0.03165	0.02225	0.01263	0.00953	0.00295	0.00901	0.00980	0.23472	0.01530
56	0.01285	0.00933	0.01213	0.01438	0.01524	0.00862	0.00966	0.01476	0.02058	0.02713	0.06249	0.57664	0.11209	0.03258	0.01341	0.00423	0.00607	0.02939	0.00982	0.00862
57	0.02309	0.01991	0.03131	0.39813	0.05677	0.02526	0.02653	0.02860	0.02054	0.07118	0.01934	0.02745	0.01503	0.01294	0.01716	0.00380	0.17594	0.00946	0.00537	0.01221
58	0.02672	0.02312	0.03741	0.09322	0.40143	0.02255	0.02782	0.03264	0.02401	0.07586	0.02135	0.02643	0.01712	0.00955	0.01008	0.00294	0.01166	0.00903	0.00597	0.12110
59	0.02313	0.02218	0.03145	0.02977	0.07757	0.02974	0.02266	0.02605	0.01746	0.02752	0.01623	0.02483	0.01530	0.01710	0.03002	0.00430	0.49984	0.00932	0.06362	0.01191
60	0.02622	0.01910	0.02141	0.01889	0.02384	0.02069	0.01450	0.11454	0.24621	0.08895	0.12029	0.10149	0.04416	0.07261	0.01515	0.00413	0.00836	0.01462	0.01058	0.01427

[dist]
# distance from previous block
# <min> <max>
0	1

[block]
# block no. 1 follows, 13 sequences, length 36
# corresponding to MSA columns:
# 869-904
name=unknown_B
#
# <colnr> <probs for GDERKNQSTAVLIFYWHMCP>
#	G	D	E	R	K	N	Q	S	T	A	V	L	I	F	Y	W	H	M	C	P
0	0.07534	0.41024	0.09014	0.02195	0.06574	0.03398	0.01977	0.03273	0.02211	0.06464	0.01754	0.01973	0.01463	0.00938	0.00764	0.00249	0.01110	0.00648	0.00542	0.06895
1	0.04744	0.01799	0.02454	0.01881	0.02699	0.01554	0.01554	0.05153	0.03026	0.56979	0.04171	0.03599	0.02617	0.01309	0.01063	0.00327	0.00900	0.01063	0.01309	0.01799
2	0.01530	0.01053	0.01297	0.01297	0.01347	0.01103	0.00820	0.01630	0.01580	0.02157	0.03200	0.06189	0.03527	0.48355	0.19436	0.01203	0.01502	0.01431	0.00621	0.00721
3	0.01390	0.00963	0.01197	0.01341	0.01378	0.00927	0.00842	0.01499	0.01825	0.02433	0.04804	0.39500	0.05702	0.27727	0.03003	0.00674	0.00782	0.02404	0.00842	0.00769
4	0.02827	0.63478	0.05540	0.01809	0.02714	0.04184	0.01809	0.03166	0.02148	0.02488	0.01470	0.01696	0.01357	0.00905	0.00678	0.00226	0.01131	0.00565	0.00452	0.01357
5	0.01777	0.01024	0.01160	0.01126	0.01374	0.00990	0.00845	0.02272	0.02534	0.04064	0.24773	0.05557	0.05676	0.01611	0.00946	0.00282	0.00495	0.01364	0.41139	0.00990
6	0.02313	0.02313	0.03238	0.02776	0.02776	0.03238	0.02313	0.02545	0.01619	0.02545	0.01388	0.02313	0.01388	0.01851	0.03470	0.00463	0.60907	0.00925	0.00463	0.01157
7	0.01288	0.00920	0.01227	0.01472	0.01534	0.00859	0.00981	0.01472	0.02024	0.02699	0.05828	0.62152	0.06993	0.03312	0.01350	0.00429	0.00613	0.03006	0.00981	0.00859
8	0.01704	0.01217	0.01704	0.01947	0.02191	0.01217	0.01704	0.02191	0.02434	0.03164	0.05598	0.11926	0.06085	0.02921	0.01460	0.00487	0.00974	0.49130	0.00974	0.00974
9	0.01586	0.01175	0.01491	0.01395	0.01672	0.01127	0.01051	0.02283	0.07069	0.04254	0.51609	0.07584	0.09441	0.02104	0.01233	0.00335	0.00526	0.01855	0.01157	0.01051
10	0.03169	0.02416	0.02604	0.02204	0.02886	0.02715	0.01753	0.18089	0.37087	0.09259	0.03824	0.03543	0.02799	0.01380	0.01070	0.00345	0.00929	0.01120	0.01090	0.01717
11	0.03531	0.08607	0.03470	0.02806	0.03345	0.42733	0.06128	0.03852	0.02709	0.02639	0.01630	0.02023	0.01385	0.01164	0.01300	0.00302	0.09856	0.00752	0.00526	0.01242
12	0.02192	0.01879	0.02192	0.01566	0.02506	0.01409	0.01253	0.02662	0.02192	0.03445	0.01879	0.02192	0.01566	0.00783	0.00783	0.00157	0.00783	0.00626	0.00626	0.69305
13	0.09199	0.02664	0.14722	0.07621	0.11579	0.01975	0.02358	0.03721	0.02473	0.22480	0.03056	0.08491	0.02373	0.01325	0.01038	0.00339	0.01109	0.01113	0.00837	0.01527
14	0.02635	0.28942	0.08589	0.07300	0.03869	0.03062	0.15492	0.03206	0.02296	0.06659	0.02248	0.07066	0.01962	0.01140	0.00964	0.00302	0.01300	0.01022	0.00578	0.01367
15	0.01696	0.01011	0.01517	0.01517	0.01598	0.01093	0.01093	0.01598	0.01517	0.02104	0.02267	0.03620	0.02185	0.05514	0.27706	0.40035	0.01746	0.01011	0.00506	0.00669
16	0.01454	0.01079	0.01355	0.01286	0.01554	0.00980	0.00964	0.01913	0.02893	0.04003	0.47990	0.08288	0.17823	0.02250	0.01247	0.00337	0.00505	0.01967	0.01133	0.00980
17	0.02741	0.07927	0.26865	0.03662	0.14704	0.02475	0.10349	0.03607	0.02427	0.11841	0.02283	0.02581	0.01650	0.01017	0.01035	0.00325	0.01398	0.00912	0.00612	0.01589
18	0.02508	0.32549	0.03859	0.01687	0.02609	0.02791	0.01530	0.02913	0.02171	0.02968	0.01675	0.01945	0.01462	0.00844	0.00731	0.00191	0.00956	0.00596	0.00540	0.35474
19	0.01572	0.01081	0.01348	0.01454	0.01542	0.01076	0.01035	0.01755	0.01888	0.02490	0.04332	0.13619	0.04895	0.36968	0.03676	0.00787	0.00970	0.17951	0.00785	0.00774
20	0.04208	0.01979	0.02916	0.03042	0.16182	0.01795	0.01980	0.04672	0.02870	0.43501	0.03622	0.03351	0.02380	0.01216	0.01059	0.00324	0.00989	0.01033	0.01111	0.01768
21	0.03260	0.12585	0.03977	0.04384	0.31918	0.02520	0.02520	0.03777	0.02541	0.18590	0.02525	0.02742	0.01891	0.01041	0.00989	0.00303	0.01133	0.00913	0.00736	0.01657
22	0.04744	0.01799	0.02454	0.01881	0.02699	0.01554	0.01554	0.05153	0.03026	0.56979	0.04171	0.03599	0.02617	0.01309	0.01063	0.00327	0.00900	0.01063	0.01309	0.01799
23	0.63860	0.02089	0.01815	0.01876	0.07210	0.02385	0.01345	0.03121	0.01857	0.04621	0.01521	0.01803	0.01196	0.00978	0.00692	0.00326	0.00860	0.00608	0.00642	0.01196
24	0.04086	0.01727	0.02253	0.01794	0.02504	0.01571	0.01459	0.04754	0.07846	0.43901	0.07694	0.03958	0.03193	0.01373	0.01050	0.00324	0.00832	0.01128	0.06887	0.01664
25	0.03221	0.29646	0.04102	0.02243	0.02944	0.17264	0.01932	0.11017	0.06819	0.03297	0.01886	0.02106	0.01574	0.01132	0.01086	0.00283	0.06701	0.00734	0.00616	0.01398
26	0.01704	0.01217	0.01704	0.01947	0.02191	0.01217	0.01704	0.02191	0.02434	0.03164	0.05598	0.11926	0.06085	0.02921	0.01460	0.00487	0.00974	0.49130	0.00974	0.00974
27	0.01509	0.01051	0.01262	0.01262	0.01330	0.01077	0.00797	0.01610	0.01641	0.02200	0.03812	0.06593	0.07716	0.46464	0.16308	0.01114	0.01368	0.01507	0.00652	0.00725
28	0.02630	0.02271	0.02391	0.02152	0.02749	0.02630	0.01674	0.05618	0.54336	0.04423	0.04303	0.03945	0.03228	0.01434	0.01076	0.00359	0.00837	0.01195	0.01076	0.01674
29	0.01535	0.01034	0.01200	0.01200	0.01216	0.01050	0.00699	0.01567	0.01551	0.02085	0.03289	0.06683	0.03742	0.58159	0.09925	0.01083	0.01179	0.01503	0.00634	0.00667
30	0.02313	0.02313	0.03238	0.02776	0.02776	0.03238	0.02313	0.02545	0.01619	0.02545	0.01388	0.02313	0.01388	0.01851	0.03470	0.00463	0.60907	0.00925	0.00463	0.01157
31	0.01933	0.01140	0.01437	0.01425	0.01725	0.01013	0.01043	0.02226	0.02445	0.12768	0.14125	0.30585	0.18822	0.02622	0.01258	0.00379	0.00629	0.02300	0.01068	0.01058
32	0.02121	0.05469	0.57364	0.03014	0.04576	0.02455	0.03906	0.03348	0.02232	0.03348	0.01897	0.02232	0.01339	0.01005	0.01005	0.00335	0.01563	0.00781	0.00446	0.01563
33	0.04039	0.01902	0.02404	0.01919	0.02650	0.01816	0.01558	0.08555	0.11818	0.39541	0.08721	0.03965	0.03322	0.01404	0.01082	0.00332	0.00873	0.01154	0.01237	0.01706
34	0.02541	0.07037	0.02079	0.01557	0.02037	0.01662	0.01247	0.03414	0.11182	0.14690	0.22676	0.05118	0.05313	0.01591	0.01040	0.00311	0.00691	0.01337	0.13174	0.01300
35	0.03371	0.12610	0.12410	0.02446	0.07505	0.02254	0.02108	0.04112	0.06633	0.26042	0.03288	0.07438	0.02491	0.01321	0.01011	0.00321	0.01055	0.01080	0.00910	0.01594

[dist]
# distance from previous block
# <min> <max>
1	22

[block]
# block no. 2 follows, 13 sequences, length 34
# corresponding to MSA columns:
# 928-961
name=unknown_C
#
# <colnr> <probs for GDERKNQSTAVLIFYWHMCP>
#	G	D	E	R	K	N	Q	S	T	A	V	L	I	F	Y	W	H	M	C	P
0	0.08530	0.01402	0.01769	0.01517	0.01990	0.01300	0.01194	0.03135	0.02901	0.21709	0.33971	0.05942	0.06780	0.01778	0.01135	0.00330	0.00659	0.01516	0.01168	0.01275
1	0.03098	0.02121	0.07430	0.06320	0.02976	0.01866	0.01814	0.07148	0.06534	0.23718	0.11632	0.04559	0.08717	0.01567	0.01272	0.00345	0.05135	0.01260	0.01018	0.01469
2	0.09409	0.24707	0.12209	0.07792	0.03725	0.02934	0.10266	0.03240	0.02297	0.06927	0.05501	0.02617	0.02043	0.01052	0.00917	0.00299	0.01236	0.00868	0.00594	0.01367
3	0.01688	0.01059	0.01427	0.01567	0.01742	0.00988	0.01141	0.01965	0.02261	0.07953	0.09959	0.44702	0.06712	0.02969	0.01330	0.00420	0.00682	0.09434	0.01027	0.00975
4	0.02423	0.01199	0.01374	0.01235	0.01638	0.01098	0.00960	0.02848	0.02501	0.15994	0.08858	0.05489	0.14691	0.01628	0.00960	0.00295	0.00597	0.01338	0.33720	0.01154
5	0.07726	0.06796	0.13594	0.20395	0.07533	0.02462	0.02581	0.03502	0.05987	0.11636	0.02330	0.02704	0.01706	0.01147	0.01163	0.00341	0.05428	0.00893	0.00656	0.01421
6	0.13196	0.07643	0.07875	0.06201	0.07144	0.02235	0.01962	0.08716	0.02713	0.23004	0.02968	0.06999	0.02254	0.01293	0.00983	0.00326	0.01037	0.01033	0.00894	0.01525
7	0.01898	0.01187	0.01439	0.01313	0.01692	0.01042	0.01007	0.02292	0.02769	0.11797	0.30090	0.08133	0.26870	0.02233	0.01220	0.00341	0.00575	0.01907	0.01115	0.01079
8	0.02173	0.02067	0.03452	0.42772	0.18975	0.02456	0.02965	0.02823	0.02149	0.02875	0.01869	0.02731	0.01473	0.01088	0.01235	0.00351	0.05827	0.00939	0.00482	0.01296
9	0.09787	0.02135	0.03065	0.02963	0.13255	0.02040	0.05533	0.08609	0.02931	0.33888	0.03228	0.03100	0.02164	0.01176	0.01037	0.00326	0.01048	0.01001	0.01023	0.01692
10	0.11269	0.01913	0.02418	0.01874	0.02678	0.01768	0.01548	0.08574	0.03051	0.47900	0.03776	0.03329	0.02407	0.01273	0.01022	0.00326	0.00912	0.01006	0.01224	0.01734
11	0.65207	0.02065	0.01680	0.01494	0.02100	0.02437	0.01233	0.03066	0.01786	0.04579	0.01466	0.01762	0.01163	0.01047	0.00866	0.00337	0.05328	0.00599	0.00640	0.01146
12	0.01704	0.01217	0.01704	0.01947	0.02191	0.01217	0.01704	0.02191	0.02434	0.03164	0.05598	0.11926	0.06085	0.02921	0.01460	0.00487	0.00974	0.49130	0.00974	0.00974
13	0.02074	0.02268	0.08111	0.03445	0.16308	0.02230	0.05195	0.02522	0.02049	0.02946	0.02971	0.20470	0.03160	0.01927	0.01857	0.00397	0.18617	0.01563	0.00637	0.01252
14	0.02207	0.01206	0.01547	0.01382	0.01742	0.01104	0.01064	0.02687	0.02874	0.14483	0.37190	0.06419	0.07366	0.01845	0.01129	0.00318	0.00576	0.01597	0.12113	0.01152
15	0.70310	0.02045	0.01554	0.01390	0.02045	0.02372	0.01145	0.03108	0.01799	0.04744	0.01472	0.01718	0.01145	0.00981	0.00654	0.00327	0.00818	0.00573	0.00654	0.01145
16	0.01351	0.01053	0.01227	0.01230	0.01502	0.00928	0.00905	0.01696	0.02580	0.03371	0.27466	0.16836	0.30931	0.02569	0.01263	0.00358	0.00533	0.02220	0.01052	0.00928
17	0.03996	0.01952	0.02430	0.01949	0.02682	0.01898	0.01581	0.09162	0.14320	0.37533	0.07654	0.03882	0.03192	0.01392	0.01078	0.00334	0.00881	0.01142	0.01226	0.01716
18	0.01326	0.01033	0.01214	0.01319	0.01553	0.00921	0.00970	0.01603	0.02317	0.02929	0.11632	0.28564	0.30346	0.02890	0.01306	0.00394	0.00604	0.07190	0.00994	0.00896
19	0.02617	0.02512	0.04292	0.06490	0.56246	0.02512	0.03245	0.03245	0.02407	0.03454	0.01989	0.02617	0.01675	0.00942	0.01047	0.00314	0.01256	0.00942	0.00523	0.01675
20	0.02192	0.01879	0.02192	0.01566	0.02506	0.01409	0.01253	0.02662	0.02192	0.03445	0.01879	0.02192	0.01566	0.00783	0.00783	0.00157	0.00783	0.00626	0.00626	0.69305
21	0.34332	0.02493	0.06584	0.02495	0.08228	0.02419	0.06169	0.10058	0.02553	0.12306	0.02150	0.02328	0.01554	0.01058	0.00884	0.00328	0.01057	0.00805	0.00765	0.01435
22	0.02630	0.02271	0.02391	0.02152	0.02749	0.02630	0.01674	0.05618	0.54336	0.04423	0.04303	0.03945	0.03228	0.01434	0.01076	0.00359	0.00837	0.01195	0.01076	0.01674
23	0.02639	0.02237	0.02458	0.02087	0.06698	0.07247	0.01512	0.03095	0.02367	0.08344	0.02076	0.02327	0.01652	0.00875	0.00846	0.00196	0.00943	0.00697	0.00674	0.51031
24	0.02870	0.01489	0.01943	0.01582	0.02164	0.01280	0.01255	0.03329	0.02876	0.24589	0.26986	0.05306	0.05759	0.01608	0.01101	0.00302	0.00700	0.01375	0.01133	0.12352
25	0.02377	0.10469	0.44267	0.02952	0.04356	0.02703	0.06932	0.07619	0.02481	0.03559	0.01930	0.02252	0.01399	0.01010	0.00996	0.00325	0.01503	0.00809	0.00506	0.01554
26	0.02568	0.01575	0.02260	0.05972	0.02697	0.01532	0.05212	0.07818	0.02767	0.16459	0.12991	0.24323	0.05132	0.02092	0.01206	0.00366	0.00861	0.01872	0.01030	0.01267
27	0.01619	0.01083	0.01369	0.01361	0.01617	0.00977	0.00996	0.01978	0.02608	0.07246	0.29356	0.23575	0.17184	0.02528	0.01264	0.00365	0.00567	0.02226	0.01088	0.00995
28	0.01952	0.01983	0.10463	0.01865	0.02214	0.01643	0.01622	0.02307	0.01958	0.06738	0.06858	0.13045	0.03751	0.21114	0.07804	0.00698	0.10747	0.01490	0.00712	0.01038
29	0.08363	0.02066	0.02387	0.01789	0.02659	0.01856	0.01457	0.12334	0.02874	0.17720	0.02549	0.02576	0.01843	0.01019	0.00894	0.00242	0.00884	0.00792	0.00879	0.34819
30	0.01645	0.01238	0.01615	0.01611	0.01853	0.01316	0.01216	0.06454	0.02199	0.02972	0.04805	0.20196	0.11888	0.05287	0.29378	0.01030	0.01740	0.01778	0.00785	0.00993
31	0.01815	0.01100	0.01365	0.01332	0.01608	0.01006	0.00985	0.02202	0.02578	0.08953	0.25188	0.19709	0.13305	0.02266	0.01175	0.00344	0.00569	0.01979	0.11489	0.01031
32	0.02882	0.32947	0.20212	0.02201	0.03266	0.03178	0.02383	0.03685	0.06044	0.10800	0.02192	0.02293	0.01669	0.01031	0.00859	0.00283	0.01204	0.00747	0.00620	0.01505
33	0.03377	0.08278	0.17137	0.03169	0.12994	0.02260	0.06046	0.04059	0.02602	0.25366	0.02829	0.02861	0.01946	0.01102	0.01025	0.00320	0.01213	0.00940	0.00822	0.01653

[dist]
# distance from previous block
# <min> <max>
0	2

[block]
# block no. 3 follows, 13 sequences, length 86
# corresponding to MSA columns:
# 964-1049
name=unknown_D
#
# <colnr> <probs for GDERKNQSTAVLIFYWHMCP>
#	G	D	E	R	K	N	Q	S	T	A	V	L	I	F	Y	W	H	M	C	P
0	0.01549	0.01120	0.01401	0.01320	0.01612	0.01008	0.00984	0.01997	0.02734	0.03904	0.39427	0.12829	0.11578	0.02136	0.01183	0.00324	0.00535	0.01875	0.06084	0.06400
1	0.02827	0.63478	0.05540	0.01809	0.02714	0.04184	0.01809	0.03166	0.02148	0.02488	0.01470	0.01696	0.01357	0.00905	0.00678	0.00226	0.01131	0.00565	0.00452	0.01357
2	0.01661	0.01187	0.01655	0.01899	0.02124	0.01181	0.01630	0.02117	0.02392	0.03117	0.05621	0.17038	0.06177	0.02961	0.01449	0.00481	0.00937	0.44435	0.00974	0.00962
3	0.01459	0.01068	0.01370	0.01319	0.01563	0.00978	0.00980	0.01914	0.02868	0.04003	0.47999	0.12283	0.13658	0.02294	0.01255	0.00342	0.00511	0.02024	0.01134	0.00978
4	0.01288	0.00920	0.01227	0.01472	0.01534	0.00859	0.00981	0.01472	0.02024	0.02699	0.05828	0.62152	0.06993	0.03312	0.01350	0.00429	0.00613	0.03006	0.00981	0.00859
5	0.01444	0.01079	0.01340	0.01275	0.01547	0.00975	0.00956	0.01893	0.02868	0.03944	0.46060	0.08385	0.19789	0.02272	0.01248	0.00338	0.00507	0.01980	0.01125	0.00975
6	0.01661	0.01187	0.01655	0.01899	0.02124	0.01181	0.01630	0.02117	0.02392	0.03117	0.05621	0.17038	0.06177	0.02961	0.01449	0.00481	0.00937	0.44435	0.00974	0.00962
7	0.02740	0.02326	0.02453	0.02174	0.02791	0.02681	0.01700	0.09359	0.50416	0.04601	0.04163	0.03833	0.03114	0.01421	0.01074	0.00355	0.00863	0.01176	0.01074	0.01683
8	0.01496	0.01081	0.01413	0.01330	0.01580	0.00998	0.00998	0.01995	0.02993	0.04240	0.55689	0.07898	0.09976	0.02162	0.01247	0.00333	0.00499	0.01912	0.01164	0.00998
9	0.02354	0.05146	0.46814	0.03313	0.09327	0.08175	0.03654	0.03428	0.02327	0.03281	0.01879	0.02235	0.01373	0.01007	0.01003	0.00327	0.01569	0.00786	0.00464	0.01539
10	0.02192	0.01879	0.02192	0.01566	0.02506	0.01409	0.01253	0.02662	0.02192	0.03445	0.01879	0.02192	0.01566	0.00783	0.00783	0.00157	0.00783	0.00626	0.00626	0.69305
11	0.70310	0.02045	0.01554	0.01390	0.02045	0.02372	0.01145	0.03108	0.01799	0.04744	0.01472	0.01718	0.01145	0.00981	0.00654	0.00327	0.00818	0.00573	0.00654	0.01145
12	0.01538	0.01025	0.01153	0.01153	0.01153	0.01025	0.00641	0.01538	0.01538	0.02050	0.03331	0.06919	0.03844	0.62842	0.05382	0.01025	0.01025	0.01538	0.00641	0.00641
13	0.70310	0.02045	0.01554	0.01390	0.02045	0.02372	0.01145	0.03108	0.01799	0.04744	0.01472	0.01718	0.01145	0.00981	0.00654	0.00327	0.00818	0.00573	0.00654	0.01145
14	0.70310	0.02045	0.01554	0.01390	0.02045	0.02372	0.01145	0.03108	0.01799	0.04744	0.01472	0.01718	0.01145	0.00981	0.00654	0.00327	0.00818	0.00573	0.00654	0.01145
15	0.02496	0.02852	0.06239	0.04456	0.05526	0.02674	0.52406	0.03387	0.02496	0.03387	0.02139	0.02852	0.01604	0.00891	0.01248	0.00357	0.01783	0.01248	0.00535	0.01426
16	0.03180	0.02582	0.03831	0.04982	0.37085	0.02652	0.02763	0.17323	0.03178	0.08608	0.02317	0.02673	0.01784	0.01063	0.01051	0.00316	0.01202	0.00954	0.00736	0.01719
17	0.01538	0.01025	0.01153	0.01153	0.01153	0.01025	0.00641	0.01538	0.01538	0.02050	0.03331	0.06919	0.03844	0.62842	0.05382	0.01025	0.01025	0.01538	0.00641	0.00641
18	0.02383	0.02441	0.03058	0.02710	0.03215	0.14141	0.13753	0.02918	0.02572	0.03090	0.03912	0.07587	0.03991	0.02040	0.01299	0.00409	0.01369	0.27199	0.00776	0.01136
19	0.02362	0.02239	0.07826	0.01735	0.02730	0.01526	0.01544	0.02904	0.02254	0.07140	0.02040	0.02294	0.01616	0.00842	0.00825	0.00187	0.00870	0.00672	0.00655	0.57739
20	0.02923	0.22794	0.24654	0.02518	0.03667	0.02943	0.06216	0.07491	0.02564	0.11559	0.02179	0.02341	0.01596	0.01033	0.00932	0.00300	0.01309	0.00803	0.00635	0.01543
21	0.02814	0.01699	0.02389	0.02306	0.06239	0.01676	0.05016	0.03698	0.10456	0.17927	0.04233	0.06096	0.03637	0.01750	0.01150	0.00370	0.00938	0.15586	0.10638	0.01382
22	0.02176	0.01236	0.01642	0.01661	0.01988	0.01177	0.01371	0.02632	0.02570	0.12241	0.13768	0.12085	0.05774	0.02311	0.01249	0.00396	0.00787	0.23148	0.10681	0.01107
23	0.03652	0.11254	0.07052	0.02024	0.02875	0.02273	0.01818	0.09023	0.02818	0.28273	0.02912	0.02815	0.02015	0.01182	0.01124	0.00296	0.05064	0.00884	0.00935	0.11710
24	0.02617	0.02512	0.04292	0.06490	0.56246	0.02512	0.03245	0.03245	0.02407	0.03454	0.01989	0.02617	0.01675	0.00942	0.01047	0.00314	0.01256	0.00942	0.00523	0.01675
25	0.02325	0.01225	0.01565	0.01387	0.01765	0.01121	0.01073	0.02802	0.02848	0.16117	0.33775	0.06148	0.06884	0.01786	0.01106	0.00314	0.00588	0.01538	0.14456	0.01177
26	0.02844	0.02044	0.03323	0.30478	0.20402	0.02203	0.02690	0.03454	0.02421	0.16096	0.02467	0.02949	0.01780	0.01085	0.01056	0.00335	0.01241	0.00970	0.00689	0.01472
27	0.02135	0.02090	0.10173	0.06096	0.02697	0.01649	0.01663	0.02958	0.10185	0.07067	0.11542	0.04652	0.03744	0.14986	0.02208	0.05074	0.00978	0.01221	0.00785	0.08095
28	0.01288	0.00920	0.01227	0.01472	0.01534	0.00859	0.00981	0.01472	0.02024	0.02699	0.05828	0.62152	0.06993	0.03312	0.01350	0.00429	0.00613	0.03006	0.00981	0.00859
29	0.01997	0.01879	0.03171	0.60301	0.07282	0.02349	0.02936	0.02701	0.02114	0.02701	0.01879	0.02819	0.01409	0.01057	0.01057	0.00352	0.01409	0.00940	0.00470	0.01175
30	0.03421	0.09426	0.19025	0.02736	0.07126	0.11347	0.02523	0.11168	0.02951	0.16580	0.02465	0.02532	0.01744	0.01116	0.00991	0.00309	0.01336	0.00849	0.00766	0.01590
31	0.02690	0.02184	0.03631	0.25257	0.31118	0.02320	0.02898	0.03315	0.02388	0.10646	0.02254	0.02827	0.01710	0.01035	0.01053	0.00330	0.01262	0.00958	0.00614	0.01512
32	0.01624	0.01159	0.01584	0.09550	0.02201	0.01269	0.01146	0.01767	0.01641	0.02215	0.02871	0.05350	0.03034	0.35784	0.17126	0.07537	0.01491	0.01301	0.00582	0.00769
33	0.02410	0.01872	0.02215	0.01593	0.02522	0.01422	0.01279	0.02875	0.02264	0.08014	0.02075	0.02312	0.01656	0.00828	0.00807	0.00171	0.00793	0.00664	0.00685	0.63544
34	0.14203	0.28788	0.08793	0.02473	0.06923	0.03207	0.05624	0.03288	0.02158	0.07291	0.01794	0.02101	0.01461	0.01049	0.01064	0.00298	0.06803	0.00734	0.00564	0.01382
35	0.01318	0.00954	0.01253	0.01480	0.01577	0.00889	0.01025	0.01531	0.02083	0.02746	0.06159	0.54560	0.10410	0.03237	0.01351	0.00429	0.00636	0.06513	0.00981	0.00870
36	0.02196	0.16284	0.03139	0.02551	0.09932	0.06391	0.01806	0.02546	0.02043	0.02663	0.02651	0.12507	0.02697	0.03428	0.17766	0.00722	0.07691	0.01226	0.00589	0.01172
37	0.01250	0.01071	0.01071	0.01071	0.01428	0.00893	0.00803	0.01517	0.02410	0.02856	0.10711	0.10175	0.55817	0.02678	0.01250	0.00357	0.00536	0.02231	0.00982	0.00893
38	0.02377	0.03679	0.22387	0.04001	0.05226	0.02605	0.37088	0.03375	0.02412	0.03375	0.02063	0.02656	0.01521	0.00927	0.01171	0.00350	0.01713	0.01100	0.00507	0.01469
39	0.01496	0.01081	0.01413	0.01330	0.01580	0.00998	0.00998	0.01995	0.02993	0.04240	0.55689	0.07898	0.09976	0.02162	0.01247	0.00333	0.00499	0.01912	0.01164	0.00998
40	0.02827	0.63478	0.05540	0.01809	0.02714	0.04184	0.01809	0.03166	0.02148	0.02488	0.01470	0.01696	0.01357	0.00905	0.00678	0.00226	0.01131	0.00565	0.00452	0.01357
41	0.70310	0.02045	0.01554	0.01390	0.02045	0.02372	0.01145	0.03108	0.01799	0.04744	0.01472	0.01718	0.01145	0.00981	0.00654	0.00327	0.00818	0.00573	0.00654	0.01145
42	0.70310	0.02045	0.01554	0.01390	0.02045	0.02372	0.01145	0.03108	0.01799	0.04744	0.01472	0.01718	0.01145	0.00981	0.00654	0.00327	0.00818	0.00573	0.00654	0.01145
43	0.01329	0.00952	0.01263	0.01444	0.01543	0.00886	0.00985	0.01575	0.02214	0.03002	0.15615	0.51502	0.07579	0.03087	0.01329	0.00410	0.00591	0.02791	0.01017	0.00886
44	0.15597	0.13190	0.03011	0.01904	0.02715	0.02547	0.01629	0.14870	0.03082	0.27099	0.02860	0.02698	0.01956	0.01171	0.00922	0.00307	0.00985	0.00864	0.00986	0.01606
45	0.08476	0.01799	0.02089	0.01573	0.02407	0.01474	0.01267	0.03138	0.02362	0.15237	0.03182	0.03215	0.06889	0.01094	0.00878	0.00227	0.00788	0.00869	0.00812	0.42222
46	0.03775	0.11408	0.03177	0.02185	0.02932	0.12053	0.01806	0.23497	0.03674	0.15629	0.07113	0.02992	0.02531	0.01272	0.01004	0.00300	0.01171	0.00958	0.00948	0.01573
47	0.02630	0.02271	0.02391	0.02152	0.02749	0.02630	0.01674	0.05618	0.54336	0.04423	0.04303	0.03945	0.03228	0.01434	0.01076	0.00359	0.00837	0.01195	0.01076	0.01674
48	0.01311	0.01074	0.01156	0.01136	0.01466	0.00919	0.00852	0.01636	0.02555	0.03201	0.21913	0.09608	0.44400	0.02549	0.01249	0.00351	0.00526	0.02152	0.01027	0.00919
49	0.07952	0.26485	0.15770	0.07419	0.03857	0.03052	0.09724	0.03381	0.02270	0.08145	0.01949	0.02257	0.01497	0.00981	0.00898	0.00296	0.01296	0.00791	0.00561	0.01420
50	0.03099	0.02164	0.07459	0.14655	0.03952	0.01927	0.06073	0.03935	0.07523	0.23837	0.06956	0.04225	0.02996	0.01390	0.01116	0.00351	0.01108	0.04810	0.00937	0.01486
51	0.04413	0.01726	0.02348	0.01825	0.02585	0.01497	0.01497	0.04831	0.03023	0.51611	0.09415	0.04036	0.03366	0.01395	0.01082	0.00328	0.00859	0.01150	0.01294	0.01718
52	0.04688	0.01889	0.02509	0.01924	0.02744	0.01687	0.01589	0.08827	0.03176	0.53092	0.04045	0.03517	0.02554	0.01306	0.01063	0.00326	0.00920	0.01055	0.01289	0.01799
53	0.07681	0.07933	0.22090	0.02165	0.03127	0.02122	0.02295	0.03666	0.06242	0.16427	0.12223	0.03620	0.03320	0.01306	0.01016	0.00325	0.01073	0.01049	0.00842	0.01479
54	0.04441	0.01726	0.02331	0.01812	0.02553	0.01504	0.01468	0.04811	0.02886	0.51787	0.04092	0.03913	0.02733	0.07125	0.01471	0.00393	0.00912	0.01108	0.01245	0.01690
55	0.70310	0.02045	0.01554	0.01390	0.02045	0.02372	0.01145	0.03108	0.01799	0.04744	0.01472	0.01718	0.01145	0.00981	0.00654	0.00327	0.00818	0.00573	0.00654	0.01145
56	0.04744	0.01799	0.02454	0.01881	0.02699	0.01554	0.01554	0.05153	0.03026	0.56979	0.04171	0.03599	0.02617	0.01309	0.01063	0.00327	0.00900	0.01063	0.01309	0.01799
57	0.03950	0.05039	0.02996	0.02724	0.03269	0.58597	0.02043	0.04222	0.02996	0.02588	0.01634	0.01907	0.01362	0.01090	0.00953	0.00272	0.01907	0.00681	0.00545	0.01226
58	0.01975	0.01187	0.01567	0.01411	0.01744	0.01080	0.01080	0.02460	0.02998	0.12007	0.48102	0.07265	0.08893	0.02036	0.01220	0.00332	0.00558	0.01787	0.01185	0.01116
59	0.01268	0.01072	0.01096	0.01090	0.01439	0.00900	0.00817	0.01552	0.02452	0.02957	0.13978	0.10010	0.52487	0.02640	0.01249	0.00355	0.00533	0.02208	0.00995	0.00900
60	0.01496	0.01081	0.01413	0.01330	0.01580	0.00998	0.00998	0.01995	0.02993	0.04240	0.55689	0.07898	0.09976	0.02162	0.01247	0.00333	0.00499	0.01912	0.01164	0.00998
61	0.04744	0.01799	0.02454	0.01881	0.02699	0.01554	0.01554	0.05153	0.03026	0.56979	0.04171	0.03599	0.02617	0.01309	0.01063	0.00327	0.00900	0.01063	0.01309	0.01799
62	0.70310	0.02045	0.01554	0.01390	0.02045	0.02372	0.01145	0.03108	0.01799	0.04744	0.01472	0.01718	0.01145	0.00981	0.00654	0.00327	0.00818	0.00573	0.00654	0.01145
63	0.03787	0.02846	0.03042	0.02386	0.03190	0.03170	0.01953	0.44847	0.13223	0.06289	0.02834	0.02774	0.02037	0.01297	0.01061	0.00324	0.01109	0.00993	0.01061	0.01777
64	0.04471	0.02236	0.02724	0.02089	0.02917	0.02203	0.01725	0.23039	0.03758	0.38059	0.03557	0.03200	0.02309	0.01294	0.01061	0.00323	0.00999	0.01021	0.01214	0.01799
65	0.01456	0.01079	0.01358	0.01288	0.01555	0.00981	0.00966	0.01918	0.02898	0.04015	0.48385	0.08268	0.17420	0.02245	0.01247	0.00337	0.00505	0.01964	0.01134	0.00981
66	0.01512	0.01024	0.01207	0.01230	0.01252	0.01035	0.00731	0.01561	0.01597	0.02146	0.03525	0.11904	0.04039	0.52529	0.09547	0.01026	0.01140	0.01642	0.00667	0.00687
67	0.70310	0.02045	0.01554	0.01390	0.02045	0.02372	0.01145	0.03108	0.01799	0.04744	0.01472	0.01718	0.01145	0.00981	0.00654	0.00327	0.00818	0.00573	0.00654	0.01145
68	0.04589	0.02047	0.02607	0.01999	0.02823	0.01922	0.01651	0.15305	0.03441	0.46240	0.03823	0.03372	0.02442	0.01300	0.01062	0.00325	0.00956	0.01040	0.01255	0.01799
69	0.03246	0.11446	0.09071	0.02911	0.11812	0.02400	0.05500	0.08370	0.02739	0.18422	0.02554	0.02660	0.01846	0.01048	0.00968	0.00286	0.01125	0.00878	0.00790	0.11930
70	0.02742	0.57208	0.05299	0.07762	0.03179	0.03997	0.01924	0.03119	0.02145	0.02509	0.01512	0.01810	0.01362	0.00920	0.00717	0.00239	0.01159	0.00603	0.00454	0.01338
71	0.01944	0.01555	0.01936	0.05729	0.02463	0.01303	0.01251	0.02286	0.02209	0.03231	0.10627	0.03913	0.07473	0.01580	0.01387	0.10024	0.00784	0.01019	0.00702	0.38586
72	0.30759	0.02057	0.02352	0.06221	0.10490	0.02141	0.01685	0.03512	0.06031	0.11736	0.02237	0.02433	0.01672	0.01030	0.00849	0.00303	0.00929	0.00776	0.00744	0.12043
73	0.13055	0.08016	0.14067	0.03003	0.11058	0.02330	0.09042	0.03589	0.02448	0.15314	0.06063	0.02940	0.02274	0.01115	0.00993	0.00322	0.01180	0.00958	0.00740	0.01493
74	0.03260	0.01471	0.01978	0.01629	0.02188	0.01300	0.01300	0.03710	0.03011	0.32887	0.27705	0.05563	0.05979	0.01698	0.01147	0.00330	0.00717	0.01451	0.01243	0.01433
75	0.01282	0.01082	0.01117	0.01134	0.01483	0.00916	0.00868	0.01566	0.02412	0.02878	0.10344	0.10301	0.52248	0.02695	0.01265	0.00366	0.00567	0.05598	0.00981	0.00898
76	0.03530	0.15624	0.03653	0.02708	0.10355	0.02585	0.05376	0.12067	0.02972	0.21227	0.02803	0.02843	0.02010	0.01127	0.00963	0.00297	0.01073	0.00925	0.06268	0.01594
77	0.02174	0.01953	0.02855	0.02362	0.02922	0.02036	0.12409	0.03781	0.24390	0.04020	0.18882	0.09086	0.05111	0.01665	0.01183	0.00356	0.00927	0.01547	0.00977	0.01364
78	0.01288	0.00920	0.01227	0.01472	0.01534	0.00859	0.00981	0.01472	0.02024	0.02699	0.05828	0.62152	0.06993	0.03312	0.01350	0.00429	0.00613	0.03006	0.00981	0.00859
79	0.02086	0.01970	0.03332	0.52595	0.14294	0.02372	0.02981	0.02779	0.02156	0.02809	0.01895	0.02790	0.01447	0.01041	0.01056	0.00347	0.01387	0.00940	0.00477	0.01246
80	0.08830	0.11468	0.14827	0.02366	0.03365	0.02561	0.06061	0.12452	0.02935	0.21042	0.02660	0.02654	0.01834	0.01123	0.00978	0.00315	0.01179	0.00890	0.00852	0.01607
81	0.13879	0.02116	0.02501	0.01945	0.02747	0.02089	0.01607	0.16410	0.03324	0.37347	0.03392	0.03074	0.02209	0.01253	0.01004	0.00325	0.00952	0.00967	0.01155	0.01706
82	0.01496	0.01081	0.01413	0.01330	0.01580	0.00998	0.00998	0.01995	0.02993	0.04240	0.55689	0.07898	0.09976	0.02162	0.01247	0.00333	0.00499	0.01912	0.01164	0.00998
83	0.02576	0.27057	0.17845	0.02381	0.03360	0.03123	0.06021	0.07015	0.09729	0.03359	0.02400	0.06410	0.02049	0.01194	0.00932	0.00302	0.01214	0.00953	0.00624	0.01457
84	0.03780	0.02037	0.03118	0.09311	0.20401	0.01943	0.02239	0.04289	0.02734	0.34227	0.03236	0.03203	0.02191	0.01165	0.01057	0.00325	0.01066	0.01012	0.00971	0.01696
85	0.04139	0.01830	0.02445	0.01954	0.02649	0.01753	0.01600	0.04778	0.07682	0.44275	0.03895	0.03585	0.02593	0.01847	0.05486	0.00441	0.05122	0.01072	0.01174	0.01680

[dist]
# distance from previous block
# <min> <max>
0	49

# created by:
# /st0/software/busco_prod/Augustus/scripts/msa2prfl.pl ./align_prep/6113.fa
