[name]
unknown

[dist]
# distance from previous block
# <min> <max>
0	31

[block]
# block no. 0 follows, 15 sequences, length 29
# corresponding to MSA columns:
# 31-59
name=unknown_A
#
# <colnr> <probs for GDERKNQSTAVLIFYWHMCP>
#	G	D	E	R	K	N	Q	S	T	A	V	L	I	F	Y	W	H	M	C	P
0	0.01606	0.01147	0.01606	0.01836	0.02065	0.01147	0.01606	0.02065	0.02295	0.02983	0.05278	0.11245	0.05737	0.02754	0.01377	0.00459	0.00918	0.52037	0.00918	0.00918
1	0.01913	0.01777	0.02977	0.52830	0.11113	0.02146	0.02704	0.02555	0.02041	0.02644	0.02053	0.03307	0.01693	0.01123	0.01025	0.00339	0.01284	0.04855	0.00484	0.01135
2	0.02512	0.20244	0.37807	0.02401	0.03618	0.02618	0.02868	0.03347	0.02188	0.10713	0.01981	0.02152	0.01433	0.00962	0.00876	0.00288	0.01282	0.00721	0.00535	0.01454
3	0.01264	0.01070	0.01115	0.01063	0.01435	0.00886	0.00803	0.01546	0.02295	0.02828	0.12838	0.08859	0.50487	0.02352	0.01144	0.00320	0.00521	0.01965	0.00912	0.06297
4	0.01883	0.01772	0.02990	0.62569	0.06866	0.02215	0.02769	0.02547	0.01993	0.02547	0.01772	0.02658	0.01329	0.00997	0.00997	0.00332	0.01329	0.00886	0.00443	0.01107
5	0.01285	0.01014	0.01157	0.01122	0.01412	0.00887	0.00841	0.01637	0.02524	0.03290	0.32106	0.08612	0.35963	0.02302	0.01177	0.00326	0.00489	0.01966	0.01004	0.00887
6	0.03313	0.02360	0.02889	0.02319	0.02812	0.02776	0.01923	0.26172	0.03162	0.14677	0.02272	0.02499	0.01693	0.01409	0.01851	0.00352	0.24313	0.00908	0.00831	0.01469
7	0.02467	0.02369	0.04046	0.06119	0.58747	0.02369	0.03059	0.03059	0.02270	0.03257	0.01875	0.02467	0.01579	0.00888	0.00987	0.00296	0.01184	0.00888	0.00493	0.01579
8	0.01215	0.00868	0.01157	0.01388	0.01446	0.00810	0.00925	0.01388	0.01909	0.02545	0.05495	0.64315	0.06593	0.03123	0.01272	0.00405	0.00578	0.02834	0.00925	0.00810
9	0.01390	0.01018	0.01304	0.01232	0.01477	0.00932	0.00924	0.01841	0.02773	0.03881	0.53936	0.07638	0.13763	0.02081	0.01176	0.00316	0.00473	0.01830	0.01082	0.00932
10	0.01212	0.00879	0.01145	0.01359	0.01438	0.00812	0.00912	0.01391	0.01937	0.02556	0.05849	0.60102	0.10577	0.03077	0.01265	0.00400	0.00573	0.02778	0.00925	0.00812
11	0.03724	0.04751	0.02825	0.02568	0.03082	0.60963	0.01926	0.03981	0.02825	0.02440	0.01541	0.01798	0.01284	0.01027	0.00899	0.00257	0.01798	0.00642	0.00514	0.01156
12	0.01377	0.00986	0.00986	0.00986	0.01292	0.00867	0.00740	0.01691	0.02219	0.02992	0.08098	0.07877	0.42041	0.02126	0.01038	0.00306	0.00493	0.01761	0.21256	0.00867
13	0.02614	0.01649	0.05587	0.01421	0.01921	0.01460	0.01224	0.11269	0.02633	0.13433	0.03128	0.03339	0.02314	0.01164	0.00813	0.00262	0.00700	0.00923	0.42927	0.01218
14	0.01586	0.01202	0.01483	0.01381	0.01670	0.01192	0.01045	0.02439	0.11665	0.04026	0.49371	0.06838	0.08367	0.01926	0.01149	0.00318	0.00522	0.01692	0.01084	0.01045
15	0.72007	0.01928	0.01465	0.01311	0.01928	0.02236	0.01080	0.02930	0.01697	0.04473	0.01388	0.01619	0.01080	0.00925	0.00617	0.00308	0.00771	0.00540	0.00617	0.01080
16	0.01999	0.05157	0.59800	0.02841	0.04315	0.02315	0.03683	0.03157	0.02105	0.03157	0.01789	0.02105	0.01263	0.00947	0.00947	0.00316	0.01473	0.00737	0.00421	0.01473
17	0.03790	0.02792	0.02992	0.02294	0.03091	0.03091	0.01895	0.55423	0.04687	0.06283	0.02393	0.02393	0.01695	0.01197	0.00997	0.00299	0.01097	0.00898	0.00997	0.01695
18	0.72007	0.01928	0.01465	0.01311	0.01928	0.02236	0.01080	0.02930	0.01697	0.04473	0.01388	0.01619	0.01080	0.00925	0.00617	0.00308	0.00771	0.00540	0.00617	0.01080
19	0.02665	0.65565	0.05224	0.01706	0.02559	0.03945	0.01706	0.02985	0.02026	0.02345	0.01386	0.01599	0.01279	0.00853	0.00640	0.00213	0.01066	0.00533	0.00426	0.01279
20	0.01883	0.01772	0.02990	0.62569	0.06866	0.02215	0.02769	0.02547	0.01993	0.02547	0.01772	0.02658	0.01329	0.00997	0.00997	0.00332	0.01329	0.00886	0.00443	0.01107
21	0.01215	0.00868	0.01157	0.01388	0.01446	0.00810	0.00925	0.01388	0.01909	0.02545	0.05495	0.64315	0.06593	0.03123	0.01272	0.00405	0.00578	0.02834	0.00925	0.00810
22	0.02400	0.02484	0.04522	0.03387	0.04229	0.02505	0.35049	0.03982	0.22822	0.03560	0.02782	0.03075	0.02086	0.01032	0.01116	0.00337	0.01346	0.01158	0.00695	0.01432
23	0.02467	0.02369	0.04046	0.06119	0.58747	0.02369	0.03059	0.03059	0.02270	0.03257	0.01875	0.02467	0.01579	0.00888	0.00987	0.00296	0.01184	0.00888	0.00493	0.01579
24	0.04473	0.01697	0.02313	0.01774	0.02545	0.01465	0.01465	0.04858	0.02853	0.59437	0.03933	0.03393	0.02468	0.01234	0.01003	0.00308	0.00848	0.01003	0.01234	0.01697
25	0.04473	0.01697	0.02313	0.01774	0.02545	0.01465	0.01465	0.04858	0.02853	0.59437	0.03933	0.03393	0.02468	0.01234	0.01003	0.00308	0.00848	0.01003	0.01234	0.01697
26	0.02467	0.02369	0.04046	0.06119	0.58747	0.02369	0.03059	0.03059	0.02270	0.03257	0.01875	0.02467	0.01579	0.00888	0.00987	0.00296	0.01184	0.00888	0.00493	0.01579
27	0.01388	0.01018	0.01301	0.01230	0.01475	0.00931	0.00922	0.01837	0.02767	0.03868	0.53454	0.07659	0.14253	0.02086	0.01176	0.00316	0.00474	0.01833	0.01080	0.00931
28	0.01470	0.01058	0.01338	0.01478	0.01609	0.01036	0.01021	0.06740	0.02184	0.02915	0.05187	0.58182	0.06108	0.02932	0.01245	0.00394	0.00630	0.02642	0.00933	0.00897

[dist]
# distance from previous block
# <min> <max>
0	7

[block]
# block no. 1 follows, 15 sequences, length 35
# corresponding to MSA columns:
# 67-101
name=unknown_B
#
# <colnr> <probs for GDERKNQSTAVLIFYWHMCP>
#	G	D	E	R	K	N	Q	S	T	A	V	L	I	F	Y	W	H	M	C	P
0	0.02004	0.04919	0.55755	0.02746	0.04178	0.02246	0.03508	0.03112	0.02102	0.03163	0.01788	0.02102	0.01278	0.00932	0.00932	0.00304	0.01422	0.00726	0.00433	0.06349
1	0.02497	0.02699	0.05593	0.04011	0.04998	0.02578	0.49797	0.08422	0.02587	0.03503	0.02055	0.02659	0.01531	0.00876	0.01159	0.00332	0.01622	0.01149	0.00554	0.01380
2	0.01211	0.00882	0.01142	0.01350	0.01436	0.00813	0.00909	0.01392	0.01945	0.02560	0.05955	0.58836	0.11774	0.03063	0.01263	0.00398	0.00571	0.02761	0.00925	0.00813
3	0.02480	0.02141	0.02254	0.02029	0.02592	0.02480	0.01578	0.05297	0.56946	0.04170	0.04057	0.03719	0.03043	0.01352	0.01014	0.00338	0.00789	0.01127	0.01014	0.01578
4	0.51562	0.02187	0.01923	0.01605	0.02277	0.02493	0.01324	0.18662	0.02593	0.05015	0.01689	0.01851	0.01264	0.01007	0.00731	0.00306	0.00869	0.00647	0.00731	0.01264
5	0.02353	0.02689	0.05882	0.04202	0.05210	0.02521	0.55126	0.03193	0.02353	0.03193	0.02017	0.02689	0.01513	0.00840	0.01176	0.00336	0.01681	0.01176	0.00504	0.01345
6	0.02105	0.02250	0.04687	0.03427	0.04232	0.02106	0.40889	0.02849	0.02476	0.03405	0.16785	0.03939	0.03587	0.01155	0.01176	0.00330	0.01363	0.01341	0.00660	0.01238
7	0.02067	0.01772	0.02067	0.01477	0.02362	0.01329	0.01181	0.02510	0.02067	0.03248	0.01772	0.02067	0.01477	0.00738	0.00738	0.00148	0.00738	0.00591	0.00591	0.71059
8	0.01358	0.01017	0.01259	0.01199	0.01457	0.00918	0.00899	0.01779	0.02697	0.03702	0.47322	0.07933	0.20489	0.02148	0.01176	0.00319	0.00478	0.01871	0.01059	0.00918
9	0.01442	0.00999	0.01251	0.01251	0.01307	0.01055	0.00808	0.01555	0.01498	0.02054	0.02992	0.05696	0.03265	0.46707	0.22841	0.01168	0.01508	0.01329	0.00582	0.00695
10	0.48156	0.02230	0.01999	0.01655	0.02335	0.02535	0.01365	0.21283	0.02742	0.05106	0.01740	0.01890	0.01295	0.01020	0.00750	0.00305	0.00885	0.00665	0.00750	0.01295
11	0.02381	0.02281	0.03891	0.14430	0.51108	0.02346	0.03017	0.02984	0.02229	0.03152	0.01860	0.02495	0.01542	0.00904	0.00988	0.00301	0.01206	0.00888	0.00486	0.01510
12	0.04473	0.01697	0.02313	0.01774	0.02545	0.01465	0.01465	0.04858	0.02853	0.59437	0.03933	0.03393	0.02468	0.01234	0.01003	0.00308	0.00848	0.01003	0.01234	0.01697
13	0.01883	0.01772	0.02990	0.62569	0.06866	0.02215	0.02769	0.02547	0.01993	0.02547	0.01772	0.02658	0.01329	0.00997	0.00997	0.00332	0.01329	0.00886	0.00443	0.01107
14	0.01429	0.01048	0.01499	0.01499	0.01642	0.01190	0.01118	0.01714	0.01572	0.02238	0.02764	0.04437	0.02718	0.18951	0.49850	0.01475	0.02330	0.01144	0.00548	0.00833
15	0.02480	0.02141	0.02254	0.02029	0.02592	0.02480	0.01578	0.05297	0.56946	0.04170	0.04057	0.03719	0.03043	0.01352	0.01014	0.00338	0.00789	0.01127	0.01014	0.01578
16	0.01411	0.01019	0.01333	0.01254	0.01489	0.00941	0.00941	0.01881	0.02822	0.03998	0.58221	0.07447	0.09406	0.02038	0.01176	0.00314	0.00470	0.01803	0.01097	0.00941
17	0.01883	0.01772	0.02990	0.62569	0.06866	0.02215	0.02769	0.02547	0.01993	0.02547	0.01772	0.02658	0.01329	0.00997	0.00997	0.00332	0.01329	0.00886	0.00443	0.01107
18	0.02861	0.02500	0.03494	0.02715	0.03476	0.02685	0.16522	0.20634	0.25215	0.04570	0.02963	0.03013	0.02191	0.01161	0.01054	0.00325	0.01134	0.01068	0.00868	0.01551
19	0.01528	0.00939	0.01146	0.01146	0.01146	0.00939	0.00677	0.01408	0.01408	0.01877	0.02750	0.05555	0.03100	0.47917	0.04747	0.20378	0.00939	0.01288	0.00557	0.00557
20	0.27733	0.02170	0.02239	0.01801	0.02514	0.02339	0.01480	0.21034	0.06440	0.19081	0.02539	0.02461	0.01761	0.01121	0.00867	0.00307	0.00900	0.00814	0.00926	0.01473
21	0.01194	0.01011	0.01032	0.01026	0.01356	0.00848	0.00770	0.01461	0.02310	0.02782	0.13369	0.09448	0.55017	0.02492	0.01178	0.00335	0.00503	0.02083	0.00937	0.00848
22	0.01883	0.01772	0.02990	0.62569	0.06866	0.02215	0.02769	0.02547	0.01993	0.02547	0.01772	0.02658	0.01329	0.00997	0.00997	0.00332	0.01329	0.00886	0.00443	0.01107
23	0.01883	0.01772	0.02990	0.62569	0.06866	0.02215	0.02769	0.02547	0.01993	0.02547	0.01772	0.02658	0.01329	0.00997	0.00997	0.00332	0.01329	0.00886	0.00443	0.01107
24	0.08959	0.04535	0.02721	0.02472	0.02993	0.56461	0.01861	0.03900	0.02739	0.02596	0.01529	0.01784	0.01268	0.01019	0.00877	0.00261	0.01719	0.00634	0.00522	0.01150
25	0.01999	0.05157	0.59800	0.02841	0.04315	0.02315	0.03683	0.03157	0.02105	0.03157	0.01789	0.02105	0.01263	0.00947	0.00947	0.00316	0.01473	0.00737	0.00421	0.01473
26	0.02467	0.02369	0.04046	0.06119	0.58747	0.02369	0.03059	0.03059	0.02270	0.03257	0.01875	0.02467	0.01579	0.00888	0.00987	0.00296	0.01184	0.00888	0.00493	0.01579
27	0.01178	0.01010	0.01010	0.01010	0.01347	0.00842	0.00757	0.01431	0.02272	0.02693	0.10099	0.09594	0.58342	0.02525	0.01178	0.00337	0.00505	0.02104	0.00926	0.00842
28	0.03874	0.02657	0.02908	0.02230	0.03024	0.02891	0.01842	0.49196	0.04461	0.12829	0.02583	0.02517	0.01790	0.01201	0.00998	0.00300	0.01066	0.00910	0.01026	0.01695
29	0.02489	0.01298	0.01441	0.01293	0.01692	0.01312	0.01007	0.03357	0.12027	0.14874	0.03531	0.03653	0.02625	0.01210	0.00814	0.00266	0.00599	0.00979	0.44337	0.01197
30	0.02255	0.01965	0.02569	0.02208	0.02370	0.02521	0.01782	0.11386	0.02075	0.02996	0.01940	0.03065	0.01863	0.11350	0.10931	0.00645	0.35424	0.00985	0.00571	0.01100
31	0.01411	0.01019	0.01333	0.01254	0.01489	0.00941	0.00941	0.01881	0.02822	0.03998	0.58221	0.07447	0.09406	0.02038	0.01176	0.00314	0.00470	0.01803	0.01097	0.00941
32	0.02679	0.02097	0.02260	0.02003	0.02588	0.02378	0.01567	0.05253	0.51530	0.09703	0.04045	0.03687	0.02986	0.01341	0.01013	0.00335	0.00795	0.01115	0.01036	0.01590
33	0.01381	0.01018	0.01291	0.01223	0.01471	0.00928	0.00917	0.01823	0.02751	0.03829	0.51995	0.07724	0.15737	0.02101	0.01176	0.00317	0.00475	0.01842	0.01075	0.00928
34	0.26400	0.01826	0.02457	0.41152	0.05140	0.02222	0.02178	0.02681	0.01890	0.03220	0.01638	0.02295	0.01242	0.00972	0.00864	0.00324	0.01134	0.00765	0.00504	0.01098

[dist]
# distance from previous block
# <min> <max>
0	1

[block]
# block no. 2 follows, 15 sequences, length 23
# corresponding to MSA columns:
# 103-125
name=unknown_C
#
# <colnr> <probs for GDERKNQSTAVLIFYWHMCP>
#	G	D	E	R	K	N	Q	S	T	A	V	L	I	F	Y	W	H	M	C	P
0	0.49709	0.01878	0.01950	0.20790	0.03498	0.02230	0.01617	0.02809	0.01791	0.03860	0.01510	0.01950	0.01159	0.00948	0.00738	0.00316	0.00949	0.00650	0.00562	0.01088
1	0.02240	0.27001	0.40065	0.02431	0.03680	0.02904	0.02968	0.03095	0.02076	0.02864	0.01643	0.01922	0.01269	0.00913	0.00836	0.00279	0.01326	0.00663	0.00423	0.01403
2	0.02403	0.02303	0.03930	0.12332	0.53037	0.02352	0.03027	0.03003	0.02239	0.03179	0.01864	0.02488	0.01552	0.00900	0.00988	0.00300	0.01200	0.00888	0.00488	0.01527
3	0.04473	0.01697	0.02313	0.01774	0.02545	0.01465	0.01465	0.04858	0.02853	0.59437	0.03933	0.03393	0.02468	0.01234	0.01003	0.00308	0.00848	0.01003	0.01234	0.01697
4	0.01500	0.01080	0.01519	0.01709	0.01897	0.01100	0.01413	0.01886	0.02100	0.02783	0.04866	0.20150	0.05337	0.03646	0.11726	0.00647	0.01157	0.33737	0.00853	0.00892
5	0.02421	0.13561	0.05369	0.03529	0.04461	0.02764	0.39945	0.03389	0.08304	0.03153	0.02132	0.02613	0.01640	0.00899	0.01065	0.00315	0.01476	0.01059	0.00547	0.01359
6	0.01203	0.00913	0.01110	0.01268	0.01414	0.00820	0.00872	0.01402	0.02024	0.02592	0.06959	0.46915	0.23048	0.02933	0.01242	0.00383	0.00555	0.02602	0.00925	0.00820
7	0.01247	0.00902	0.01179	0.01344	0.01448	0.00834	0.00919	0.01476	0.02088	0.02806	0.14918	0.51385	0.09959	0.02901	0.01250	0.00385	0.00555	0.02614	0.00955	0.00834
8	0.01976	0.06746	0.33657	0.02982	0.13028	0.02085	0.02833	0.02832	0.02297	0.03330	0.15006	0.03394	0.03227	0.01188	0.00992	0.00307	0.01168	0.01003	0.00592	0.01357
9	0.03191	0.02291	0.02787	0.26784	0.04481	0.08657	0.02137	0.14332	0.02880	0.18891	0.02467	0.02710	0.01712	0.01107	0.00988	0.00311	0.01201	0.00893	0.00783	0.01396
10	0.64574	0.01902	0.01559	0.01362	0.01996	0.02151	0.01122	0.03143	0.01824	0.10522	0.01668	0.01815	0.01232	0.00959	0.00659	0.00308	0.00780	0.00591	0.00685	0.01148
11	0.01365	0.00882	0.01103	0.01281	0.01379	0.00838	0.00872	0.01607	0.01951	0.02819	0.04969	0.50116	0.05647	0.02664	0.01138	0.00364	0.00552	0.02388	0.17227	0.00838
12	0.03286	0.02094	0.03339	0.04345	0.35807	0.02000	0.02409	0.03794	0.02508	0.26188	0.02715	0.02845	0.01942	0.01029	0.00993	0.00301	0.01047	0.00935	0.00796	0.01627
13	0.17952	0.01232	0.01364	0.01267	0.01592	0.01244	0.00973	0.02127	0.02558	0.04109	0.44905	0.06081	0.07455	0.01777	0.01045	0.00312	0.00541	0.01507	0.00985	0.00973
14	0.02937	0.02211	0.03640	0.05101	0.45578	0.02157	0.02686	0.03481	0.02407	0.16420	0.02357	0.02684	0.01787	0.00969	0.00991	0.00299	0.01106	0.00915	0.00667	0.01607
15	0.02579	0.04346	0.46331	0.02591	0.03900	0.02116	0.03164	0.03556	0.02280	0.16344	0.02291	0.02407	0.01545	0.01014	0.00960	0.00314	0.01327	0.00799	0.00611	0.01526
16	0.02148	0.01176	0.01572	0.01445	0.01694	0.01190	0.01051	0.02375	0.01837	0.15552	0.03146	0.04793	0.02920	0.28035	0.25525	0.01056	0.01591	0.01199	0.00725	0.00969
17	0.18402	0.04400	0.46132	0.02483	0.03755	0.02297	0.03073	0.03104	0.02009	0.03465	0.01695	0.01991	0.01220	0.00942	0.00870	0.00314	0.01309	0.00691	0.00467	0.01381
18	0.01978	0.01062	0.01428	0.01478	0.01703	0.00963	0.01052	0.02201	0.02130	0.15875	0.05129	0.50041	0.05627	0.02681	0.01209	0.00382	0.00642	0.02405	0.00998	0.01018
19	0.01354	0.00926	0.01058	0.01163	0.01348	0.00848	0.00820	0.01620	0.02064	0.02865	0.06394	0.33177	0.21667	0.02478	0.01108	0.00343	0.00529	0.02162	0.17227	0.00848
20	0.18499	0.01998	0.02969	0.30266	0.22206	0.02269	0.02465	0.02800	0.02012	0.03224	0.01715	0.02354	0.01350	0.00945	0.00905	0.00315	0.01152	0.00806	0.00500	0.01251
21	0.02275	0.02116	0.03490	0.32198	0.31167	0.02341	0.02853	0.06017	0.02289	0.03111	0.01859	0.02552	0.01470	0.00958	0.00992	0.00313	0.01246	0.00888	0.00501	0.01366
22	0.03336	0.04053	0.02647	0.02312	0.02913	0.46991	0.01752	0.03636	0.02647	0.02629	0.01595	0.01861	0.01329	0.00960	0.00861	0.00231	0.01550	0.00630	0.00532	0.17534

[dist]
# distance from previous block
# <min> <max>
0	1

[block]
# block no. 3 follows, 15 sequences, length 17
# corresponding to MSA columns:
# 127-143
name=unknown_D
#
# <colnr> <probs for GDERKNQSTAVLIFYWHMCP>
#	G	D	E	R	K	N	Q	S	T	A	V	L	I	F	Y	W	H	M	C	P
0	0.04050	0.02375	0.02734	0.02096	0.02883	0.02472	0.01731	0.36172	0.03989	0.26520	0.02980	0.02774	0.01989	0.01211	0.00999	0.00303	0.01002	0.00937	0.01087	0.01696
1	0.03507	0.18375	0.10593	0.02107	0.02987	0.05852	0.05030	0.06356	0.02605	0.28896	0.02699	0.02600	0.01856	0.01065	0.00909	0.00284	0.01099	0.00836	0.00833	0.01511
2	0.29136	0.02153	0.02059	0.01793	0.02410	0.02474	0.01433	0.11528	0.28476	0.04586	0.02804	0.02731	0.02104	0.01168	0.00861	0.00321	0.00826	0.00871	0.00861	0.01405
3	0.72007	0.01928	0.01465	0.01311	0.01928	0.02236	0.01080	0.02930	0.01697	0.04473	0.01388	0.01619	0.01080	0.00925	0.00617	0.00308	0.00771	0.00540	0.00617	0.01080
4	0.03565	0.03625	0.02742	0.02335	0.02943	0.31913	0.01821	0.23545	0.06695	0.04081	0.02116	0.02252	0.01620	0.01119	0.00931	0.00276	0.01392	0.00785	0.04871	0.01373
5	0.01360	0.00929	0.01114	0.01202	0.01224	0.00907	0.00726	0.01426	0.01624	0.02166	0.04037	0.28526	0.04755	0.41421	0.03627	0.00753	0.00819	0.01977	0.00726	0.00682
6	0.72007	0.01928	0.01465	0.01311	0.01928	0.02236	0.01080	0.02930	0.01697	0.04473	0.01388	0.01619	0.01080	0.00925	0.00617	0.00308	0.00771	0.00540	0.00617	0.01080
7	0.02601	0.01244	0.01554	0.01349	0.01642	0.01156	0.00932	0.02747	0.01984	0.23826	0.03443	0.05332	0.03184	0.40702	0.03524	0.00716	0.00921	0.01279	0.00844	0.01020
8	0.46295	0.01840	0.01788	0.01487	0.02163	0.01943	0.01226	0.03664	0.02137	0.25399	0.02357	0.02295	0.01608	0.01043	0.00764	0.00308	0.00801	0.00716	0.00852	0.01314
9	0.02432	0.01271	0.01506	0.01301	0.01803	0.01079	0.01027	0.02736	0.02493	0.24297	0.07751	0.07233	0.37070	0.02033	0.01111	0.00326	0.00636	0.01685	0.01043	0.01167
10	0.03689	0.02496	0.03257	0.02487	0.03279	0.07497	0.12339	0.18542	0.06080	0.25450	0.02915	0.02849	0.01986	0.01133	0.01027	0.00308	0.01165	0.00982	0.00947	0.01571
11	0.02941	0.03839	0.37914	0.02435	0.03641	0.01992	0.02839	0.03805	0.02390	0.24584	0.02605	0.02595	0.01722	0.01056	0.00968	0.00313	0.01235	0.00838	0.00730	0.01558
12	0.03054	0.01997	0.02772	0.02296	0.02590	0.02449	0.01908	0.03335	0.02032	0.24115	0.02308	0.02642	0.01750	0.01550	0.02408	0.00388	0.39425	0.00922	0.00740	0.01321
13	0.01437	0.00979	0.00979	0.00979	0.01276	0.00875	0.00734	0.01770	0.02203	0.03083	0.07492	0.07356	0.37103	0.02006	0.00995	0.00297	0.00490	0.01657	0.27414	0.00875
14	0.02358	0.40957	0.03589	0.01410	0.02027	0.02797	0.01322	0.02733	0.02050	0.02867	0.02096	0.02405	0.01765	0.00970	0.00661	0.00220	0.00837	0.00684	0.27105	0.01146
15	0.01201	0.00922	0.01101	0.01244	0.01408	0.00822	0.00861	0.01404	0.02047	0.02601	0.07247	0.43481	0.26295	0.02895	0.01237	0.00379	0.00550	0.02556	0.00926	0.00822
16	0.46295	0.01840	0.01788	0.01487	0.02163	0.01943	0.01226	0.03664	0.02137	0.25399	0.02357	0.02295	0.01608	0.01043	0.00764	0.00308	0.00801	0.00716	0.00852	0.01314

[dist]
# distance from previous block
# <min> <max>
0	1

[block]
# block no. 4 follows, 15 sequences, length 62
# corresponding to MSA columns:
# 145-206
name=unknown_E
#
# <colnr> <probs for GDERKNQSTAVLIFYWHMCP>
#	G	D	E	R	K	N	Q	S	T	A	V	L	I	F	Y	W	H	M	C	P
0	0.02619	0.02417	0.03925	0.05680	0.52365	0.02452	0.02926	0.09064	0.02547	0.03604	0.01935	0.02459	0.01592	0.00924	0.00988	0.00296	0.01174	0.00889	0.00551	0.01592
1	0.01774	0.01140	0.01684	0.01622	0.01868	0.01271	0.01271	0.02133	0.01746	0.08864	0.02815	0.03856	0.02489	0.06761	0.54133	0.01454	0.02461	0.01061	0.00614	0.00983
2	0.02499	0.58147	0.04758	0.01669	0.02431	0.03585	0.01616	0.02802	0.02012	0.02368	0.01857	0.08790	0.01889	0.01113	0.00712	0.00235	0.01010	0.00797	0.00484	0.01225
3	0.02043	0.01675	0.01937	0.01414	0.02225	0.01283	0.01126	0.02489	0.02070	0.03302	0.01942	0.02256	0.01600	0.00787	0.00734	0.00157	0.00707	0.00629	0.08607	0.63018
4	0.03568	0.02579	0.02755	0.02137	0.02870	0.02844	0.01757	0.49334	0.04389	0.05988	0.02492	0.02545	0.01794	0.01193	0.00963	0.00292	0.01024	0.00901	0.08967	0.01607
5	0.02408	0.02002	0.02102	0.01903	0.02428	0.02302	0.01477	0.04956	0.50656	0.04118	0.03965	0.03719	0.02987	0.01331	0.00978	0.00326	0.00752	0.01104	0.08982	0.01504
6	0.63949	0.01806	0.01446	0.01310	0.01856	0.02079	0.01055	0.02743	0.01651	0.04158	0.01427	0.01781	0.01154	0.01216	0.00993	0.08414	0.00782	0.00577	0.00596	0.01005
7	0.01256	0.01001	0.01001	0.01001	0.01325	0.00852	0.00750	0.01533	0.02251	0.02810	0.09314	0.08920	0.51945	0.02368	0.01123	0.00325	0.00500	0.01969	0.08903	0.00852
8	0.01477	0.01149	0.01761	0.08593	0.02363	0.01357	0.01421	0.01868	0.01647	0.02341	0.02567	0.03772	0.02359	0.06734	0.54133	0.01457	0.02516	0.01047	0.00524	0.00915
9	0.72007	0.01928	0.01465	0.01311	0.01928	0.02236	0.01080	0.02930	0.01697	0.04473	0.01388	0.01619	0.01080	0.00925	0.00617	0.00308	0.00771	0.00540	0.00617	0.01080
10	0.01606	0.01147	0.01606	0.01836	0.02065	0.01147	0.01606	0.02065	0.02295	0.02983	0.05278	0.11245	0.05737	0.02754	0.01377	0.00459	0.00918	0.52037	0.00918	0.00918
11	0.02665	0.65565	0.05224	0.01706	0.02559	0.03945	0.01706	0.02985	0.02026	0.02345	0.01386	0.01599	0.01279	0.00853	0.00640	0.00213	0.01066	0.00533	0.00426	0.01279
12	0.01450	0.00966	0.01087	0.01087	0.01087	0.00966	0.00604	0.01450	0.01450	0.01933	0.03141	0.06524	0.03624	0.64965	0.05074	0.00966	0.00966	0.01450	0.00604	0.00604
13	0.01430	0.01046	0.01489	0.01489	0.01628	0.01185	0.01105	0.01708	0.01569	0.02230	0.02774	0.04489	0.02741	0.20109	0.48722	0.01462	0.02296	0.01152	0.00549	0.00827
14	0.01411	0.01019	0.01333	0.01254	0.01489	0.00941	0.00941	0.01881	0.02822	0.03998	0.58221	0.07447	0.09406	0.02038	0.01176	0.00314	0.00470	0.01803	0.01097	0.00941
15	0.01539	0.00993	0.01217	0.01161	0.01395	0.00937	0.00871	0.02008	0.02612	0.03917	0.42451	0.06377	0.07441	0.01787	0.01038	0.00290	0.00469	0.01552	0.21008	0.00937
16	0.01215	0.00868	0.01157	0.01388	0.01446	0.00810	0.00925	0.01388	0.01909	0.02545	0.05495	0.64315	0.06593	0.03123	0.01272	0.00405	0.00578	0.02834	0.00925	0.00810
17	0.01999	0.05157	0.59800	0.02841	0.04315	0.02315	0.03683	0.03157	0.02105	0.03157	0.01789	0.02105	0.01263	0.00947	0.00947	0.00316	0.01473	0.00737	0.00421	0.01473
18	0.01883	0.01772	0.02990	0.62569	0.06866	0.02215	0.02769	0.02547	0.01993	0.02547	0.01772	0.02658	0.01329	0.00997	0.00997	0.00332	0.01329	0.00886	0.00443	0.01107
19	0.02229	0.01766	0.02237	0.11428	0.03109	0.01484	0.01462	0.02704	0.02118	0.07619	0.01944	0.02269	0.01532	0.00820	0.00801	0.00190	0.00843	0.00671	0.00618	0.54156
20	0.72007	0.01928	0.01465	0.01311	0.01928	0.02236	0.01080	0.02930	0.01697	0.04473	0.01388	0.01619	0.01080	0.00925	0.00617	0.00308	0.00771	0.00540	0.00617	0.01080
21	0.01428	0.01052	0.01522	0.01522	0.01672	0.01203	0.01146	0.01729	0.01578	0.02255	0.02744	0.04323	0.02669	0.16441	0.52292	0.01503	0.02405	0.01128	0.00545	0.00845
22	0.02003	0.01836	0.02990	0.58764	0.06628	0.02270	0.02713	0.05885	0.02163	0.02783	0.01811	0.02641	0.01352	0.01009	0.00997	0.00330	0.01314	0.00887	0.00478	0.01145
23	0.01411	0.01019	0.01333	0.01254	0.01489	0.00941	0.00941	0.01881	0.02822	0.03998	0.58221	0.07447	0.09406	0.02038	0.01176	0.00314	0.00470	0.01803	0.01097	0.00941
24	0.04226	0.01895	0.02463	0.01906	0.02633	0.01813	0.01575	0.12493	0.03054	0.47741	0.03534	0.03165	0.02277	0.01260	0.01141	0.00315	0.04722	0.00978	0.01148	0.01659
25	0.02046	0.01939	0.03285	0.46792	0.21366	0.02258	0.02850	0.02690	0.02071	0.02745	0.01801	0.02605	0.01399	0.00966	0.00994	0.00322	0.01288	0.00887	0.00457	0.01239
26	0.01883	0.01772	0.02990	0.62569	0.06866	0.02215	0.02769	0.02547	0.01993	0.02547	0.01772	0.02658	0.01329	0.00997	0.00997	0.00332	0.01329	0.00886	0.00443	0.01107
27	0.01930	0.01820	0.03075	0.58025	0.11042	0.02227	0.02792	0.02588	0.02016	0.02604	0.01780	0.02642	0.01349	0.00988	0.00996	0.00329	0.01317	0.00886	0.00447	0.01145
28	0.02502	0.02267	0.03934	0.13693	0.43572	0.02302	0.07073	0.03111	0.02274	0.06698	0.02002	0.02570	0.01594	0.00922	0.01004	0.00305	0.01223	0.00918	0.00534	0.01501
29	0.02267	0.01861	0.03474	0.07420	0.03583	0.01797	0.25603	0.02912	0.02308	0.07888	0.05996	0.03369	0.02397	0.01062	0.00992	0.00298	0.01116	0.01097	0.23364	0.01194
30	0.02010	0.01975	0.03596	0.03489	0.15793	0.01919	0.19830	0.02528	0.02130	0.02972	0.02946	0.20707	0.03009	0.01571	0.01255	0.00338	0.04933	0.01534	0.00629	0.06836
31	0.03700	0.02338	0.02849	0.02813	0.13507	0.05899	0.01921	0.17563	0.07673	0.26765	0.02999	0.02883	0.02070	0.01155	0.00993	0.00303	0.01032	0.00941	0.00967	0.01630
32	0.02239	0.02141	0.03606	0.26422	0.36707	0.02352	0.02904	0.02836	0.02127	0.02950	0.01805	0.02520	0.01473	0.00976	0.01121	0.00317	0.04765	0.00886	0.00472	0.01380
33	0.01349	0.01017	0.01247	0.01190	0.01452	0.00914	0.00892	0.01762	0.02676	0.03652	0.45487	0.08015	0.22356	0.02167	0.01176	0.00320	0.00479	0.01883	0.01052	0.00914
34	0.72007	0.01928	0.01465	0.01311	0.01928	0.02236	0.01080	0.02930	0.01697	0.04473	0.01388	0.01619	0.01080	0.00925	0.00617	0.00308	0.00771	0.00540	0.00617	0.01080
35	0.01933	0.01420	0.02107	0.02541	0.16215	0.01349	0.01526	0.02428	0.02683	0.08379	0.39339	0.05839	0.06833	0.01678	0.01113	0.00309	0.00684	0.01503	0.00954	0.01166
36	0.02435	0.02510	0.04814	0.03974	0.13338	0.02364	0.34864	0.06910	0.02469	0.03439	0.01986	0.02540	0.01532	0.00859	0.01068	0.00299	0.01419	0.01023	0.00551	0.11604
37	0.02181	0.02181	0.03053	0.02617	0.02617	0.03053	0.02181	0.02399	0.01527	0.02399	0.01309	0.02181	0.01309	0.01745	0.03272	0.00436	0.63141	0.00872	0.00436	0.01091
38	0.02212	0.02108	0.03586	0.30745	0.36114	0.02302	0.02933	0.02836	0.02149	0.02947	0.01830	0.02550	0.01470	0.00936	0.00991	0.00312	0.01247	0.00887	0.00471	0.01373
39	0.01345	0.00968	0.01273	0.01299	0.01475	0.00896	0.00935	0.01715	0.02513	0.03506	0.40393	0.26674	0.08455	0.02405	0.01208	0.00344	0.00507	0.02152	0.01039	0.00896
40	0.08028	0.02143	0.02339	0.02309	0.07169	0.02451	0.01660	0.04924	0.48028	0.04119	0.03665	0.03449	0.02766	0.01280	0.00980	0.00332	0.00820	0.01061	0.00940	0.01538
41	0.02467	0.02369	0.04046	0.06119	0.58747	0.02369	0.03059	0.03059	0.02270	0.03257	0.01875	0.02467	0.01579	0.00888	0.00987	0.00296	0.01184	0.00888	0.00493	0.01579
42	0.08047	0.21582	0.19621	0.02276	0.06140	0.02677	0.02216	0.03440	0.10701	0.06706	0.05729	0.02609	0.02142	0.01065	0.00861	0.00287	0.01071	0.00815	0.00628	0.01387
43	0.02665	0.65565	0.05224	0.01706	0.02559	0.03945	0.01706	0.02985	0.02026	0.02345	0.01386	0.01599	0.01279	0.00853	0.00640	0.00213	0.01066	0.00533	0.00426	0.01279
44	0.04473	0.01697	0.02313	0.01774	0.02545	0.01465	0.01465	0.04858	0.02853	0.59437	0.03933	0.03393	0.02468	0.01234	0.01003	0.00308	0.00848	0.01003	0.01234	0.01697
45	0.01460	0.01144	0.01367	0.01462	0.01762	0.01086	0.01208	0.01967	0.05632	0.02920	0.07457	0.10012	0.30159	0.02561	0.01262	0.00394	0.00717	0.25581	0.00927	0.00923
46	0.02425	0.02402	0.03654	0.12498	0.44639	0.06977	0.02811	0.02976	0.02260	0.03063	0.02041	0.05950	0.01809	0.01040	0.00997	0.00304	0.01217	0.00979	0.00513	0.01443
47	0.01690	0.00881	0.01268	0.01268	0.01268	0.00881	0.00828	0.01321	0.01321	0.01761	0.01938	0.03541	0.02008	0.12457	0.04068	0.60754	0.00881	0.00951	0.00458	0.00458
48	0.01450	0.00966	0.01087	0.01087	0.01087	0.00966	0.00604	0.01450	0.01450	0.01933	0.03141	0.06524	0.03624	0.64965	0.05074	0.00966	0.00966	0.01450	0.00604	0.00604
49	0.02362	0.02663	0.05735	0.04356	0.09519	0.02509	0.50935	0.03183	0.02346	0.03198	0.02005	0.02671	0.01518	0.00844	0.01161	0.00333	0.01641	0.01153	0.00503	0.01363
50	0.02606	0.02519	0.04235	0.03189	0.04017	0.02590	0.29271	0.11541	0.21117	0.03975	0.02761	0.02994	0.02056	0.01065	0.01096	0.00331	0.01294	0.01119	0.00748	0.01475
51	0.02362	0.02763	0.12839	0.08081	0.40517	0.02365	0.02970	0.03313	0.08701	0.03311	0.02114	0.02567	0.01688	0.00958	0.00984	0.00306	0.01192	0.00892	0.00541	0.01537
52	0.01450	0.00966	0.01087	0.01087	0.01087	0.00966	0.00604	0.01450	0.01450	0.01933	0.03141	0.06524	0.03624	0.64965	0.05074	0.00966	0.00966	0.01450	0.00604	0.00604
53	0.02108	0.14973	0.50931	0.02657	0.04029	0.02580	0.03362	0.03129	0.02092	0.03025	0.01724	0.02023	0.01266	0.00932	0.00897	0.00299	0.01407	0.00704	0.00422	0.01442
54	0.72007	0.01928	0.01465	0.01311	0.01928	0.02236	0.01080	0.02930	0.01697	0.04473	0.01388	0.01619	0.01080	0.00925	0.00617	0.00308	0.00771	0.00540	0.00617	0.01080
55	0.01375	0.01018	0.01283	0.01217	0.01467	0.00925	0.00913	0.01812	0.02738	0.03798	0.50843	0.07776	0.16909	0.02113	0.01176	0.00317	0.00476	0.01849	0.01071	0.00925
56	0.01314	0.01015	0.01197	0.01152	0.01430	0.00899	0.00864	0.01693	0.02592	0.03452	0.38077	0.08345	0.29891	0.02242	0.01177	0.00323	0.00485	0.01929	0.01026	0.00899
57	0.01292	0.00972	0.01308	0.01486	0.01539	0.00989	0.01026	0.01469	0.01878	0.02533	0.05160	0.59355	0.06172	0.03013	0.01432	0.00407	0.05572	0.02677	0.00886	0.00832
58	0.03888	0.04080	0.02713	0.02394	0.02964	0.47889	0.01825	0.04174	0.02831	0.14964	0.02067	0.02148	0.01544	0.01073	0.00922	0.00268	0.01589	0.00721	0.00672	0.01275
59	0.02424	0.02325	0.03969	0.10268	0.54934	0.02357	0.03038	0.03022	0.02250	0.03205	0.01868	0.02481	0.01561	0.00896	0.00988	0.00299	0.01195	0.00888	0.00490	0.01544
60	0.04247	0.01866	0.02654	0.02010	0.02803	0.01684	0.05784	0.08894	0.02965	0.50566	0.03653	0.03254	0.02328	0.01199	0.01016	0.00310	0.00935	0.01008	0.01156	0.01668
61	0.02211	0.01632	0.02105	0.01798	0.02184	0.01778	0.01431	0.09344	0.02241	0.07683	0.05818	0.03473	0.02525	0.07413	0.21866	0.00781	0.11550	0.01000	0.00684	0.12482

[dist]
# distance from previous block
# <min> <max>
0	2

# created by:
# /st0/software/busco_prod/Augustus/scripts/msa2prfl.pl ./align_prep/6144.fa
