[name]
unknown

[dist]
# distance from previous block
# <min> <max>
0	56

[block]
# block no. 0 follows, 14 sequences, length 14
# corresponding to MSA columns:
# 82-95
name=unknown_A
#
# <colnr> <probs for GDERKNQSTAVLIFYWHMCP>
#	G	D	E	R	K	N	Q	S	T	A	V	L	I	F	Y	W	H	M	C	P
0	0.01453	0.01038	0.01424	0.01661	0.01809	0.01008	0.01305	0.01780	0.02165	0.02847	0.05544	0.37252	0.06344	0.03024	0.01364	0.00445	0.00771	0.26927	0.00949	0.00890
1	0.03188	0.14576	0.13813	0.02157	0.02982	0.13281	0.02047	0.06826	0.02693	0.16869	0.06358	0.05838	0.02508	0.01254	0.00958	0.00296	0.01200	0.00966	0.00773	0.01416
2	0.02354	0.09777	0.06098	0.06324	0.02717	0.01917	0.01651	0.02793	0.02298	0.11664	0.12096	0.11302	0.03708	0.01552	0.01253	0.00308	0.07429	0.01248	0.00785	0.12725
3	0.02017	0.01706	0.02009	0.01508	0.02312	0.01300	0.01183	0.02438	0.02107	0.03252	0.02310	0.09881	0.02188	0.01071	0.00830	0.00186	0.00739	0.00901	0.00652	0.61411
4	0.03098	0.07009	0.23223	0.02714	0.03812	0.02538	0.10191	0.16144	0.03005	0.14629	0.02433	0.02556	0.01689	0.01074	0.01016	0.00316	0.01304	0.00907	0.00755	0.01586
5	0.01686	0.01284	0.01519	0.01513	0.01713	0.01371	0.01061	0.02526	0.14992	0.02938	0.08605	0.19472	0.04689	0.21476	0.09837	0.00722	0.01032	0.01738	0.00840	0.00985
6	0.02318	0.01937	0.02230	0.01610	0.02513	0.01563	0.01295	0.08118	0.02418	0.03679	0.01893	0.02164	0.01544	0.00811	0.00789	0.00169	0.00800	0.00642	0.00653	0.62856
7	0.03693	0.02771	0.02963	0.02319	0.03103	0.03085	0.01900	0.46605	0.12670	0.06132	0.02728	0.02674	0.01959	0.01257	0.01029	0.00314	0.01080	0.00960	0.01029	0.01727
8	0.03155	0.11354	0.06659	0.02637	0.06854	0.25820	0.02051	0.07716	0.17066	0.03361	0.02366	0.02469	0.01858	0.01122	0.00940	0.00291	0.01361	0.00824	0.00684	0.01413
9	0.01514	0.00999	0.01205	0.01205	0.01228	0.01023	0.00729	0.01522	0.01499	0.02022	0.03047	0.06067	0.03416	0.51621	0.12048	0.07013	0.01208	0.01391	0.00598	0.00644
10	0.02255	0.01425	0.01755	0.01669	0.02039	0.01434	0.01268	0.03231	0.15791	0.13558	0.14750	0.23686	0.05591	0.02166	0.01180	0.00367	0.00701	0.04836	0.01067	0.01231
11	0.07857	0.02947	0.02922	0.10274	0.11167	0.16774	0.02061	0.15672	0.02976	0.03897	0.01908	0.02244	0.01493	0.01019	0.00928	0.00276	0.01268	0.00777	0.00659	0.12883
12	0.02592	0.01726	0.02237	0.02146	0.08857	0.01548	0.01482	0.03307	0.08240	0.15859	0.13136	0.04207	0.07298	0.01331	0.00995	0.00273	0.00779	0.01133	0.00910	0.21945
13	0.03280	0.02501	0.09804	0.02034	0.02899	0.02063	0.01839	0.16461	0.07281	0.20352	0.06330	0.03103	0.02492	0.01190	0.00986	0.00288	0.00971	0.00954	0.00952	0.14220

[dist]
# distance from previous block
# <min> <max>
3	9

[block]
# block no. 1 follows, 14 sequences, length 21
# corresponding to MSA columns:
# 109-129
name=unknown_B
#
# <colnr> <probs for GDERKNQSTAVLIFYWHMCP>
#	G	D	E	R	K	N	Q	S	T	A	V	L	I	F	Y	W	H	M	C	P
0	0.03472	0.02100	0.03407	0.07385	0.12367	0.02018	0.11722	0.04248	0.07640	0.29883	0.03184	0.03179	0.02177	0.01130	0.01064	0.00325	0.01121	0.01050	0.00925	0.01603
1	0.20689	0.02013	0.02129	0.01801	0.02446	0.02173	0.01447	0.08976	0.20251	0.17913	0.07124	0.03344	0.02816	0.01286	0.00947	0.00327	0.00828	0.01002	0.01000	0.01487
2	0.02099	0.02149	0.07456	0.02231	0.02916	0.01848	0.11344	0.06671	0.11198	0.03715	0.12588	0.09914	0.08598	0.01552	0.01096	0.00317	0.00959	0.01410	0.00827	0.11111
3	0.26213	0.01873	0.01934	0.01486	0.02293	0.01703	0.01204	0.02931	0.02062	0.08263	0.01869	0.02080	0.01462	0.00868	0.00739	0.00223	0.00781	0.00625	0.00671	0.40721
4	0.02612	0.36406	0.26226	0.02224	0.03348	0.03206	0.02543	0.03287	0.02181	0.06921	0.01787	0.01990	0.01402	0.00946	0.00812	0.00269	0.01247	0.00668	0.00499	0.01428
5	0.02193	0.02063	0.03550	0.04861	0.38479	0.02033	0.06881	0.02712	0.02247	0.03156	0.02915	0.18401	0.02966	0.01510	0.01109	0.00338	0.01100	0.01462	0.00625	0.01398
6	0.01394	0.00971	0.01235	0.01390	0.01455	0.00941	0.00942	0.01554	0.01860	0.02469	0.04785	0.36041	0.05600	0.24159	0.02679	0.00625	0.00785	0.09501	0.00837	0.00777
7	0.02390	0.02186	0.03076	0.03176	0.16827	0.02118	0.06781	0.03670	0.18550	0.03630	0.02593	0.02812	0.02042	0.01002	0.00954	0.00269	0.00984	0.00911	0.00707	0.25322
8	0.01387	0.00975	0.01234	0.01296	0.01402	0.00925	0.00867	0.01622	0.02159	0.02963	0.22742	0.28423	0.06945	0.19593	0.02356	0.00544	0.00667	0.02157	0.00923	0.00822
9	0.03833	0.04891	0.02908	0.02644	0.03173	0.59815	0.01983	0.04098	0.02908	0.02512	0.01586	0.01851	0.01322	0.01058	0.00925	0.00264	0.01851	0.00661	0.00529	0.01190
10	0.01492	0.00995	0.01119	0.01119	0.01119	0.00995	0.00622	0.01492	0.01492	0.01990	0.03233	0.06716	0.03731	0.63935	0.05223	0.00995	0.00995	0.01492	0.00622	0.00622
11	0.01473	0.01073	0.01513	0.01513	0.01650	0.01209	0.01113	0.01745	0.01609	0.02282	0.02873	0.04720	0.02865	0.22126	0.45847	0.01481	0.02299	0.01200	0.00568	0.00841
12	0.01792	0.01430	0.01667	0.01661	0.01986	0.01505	0.01272	0.03017	0.20806	0.03551	0.14963	0.20190	0.10599	0.02268	0.01206	0.00377	0.00693	0.08851	0.01016	0.01151
13	0.02128	0.01824	0.02128	0.01520	0.02432	0.01368	0.01216	0.02584	0.02128	0.03344	0.01824	0.02128	0.01520	0.00760	0.00760	0.00152	0.00760	0.00608	0.00608	0.70208
14	0.02453	0.07526	0.03191	0.02474	0.02682	0.03061	0.02076	0.09800	0.02084	0.03025	0.01638	0.02385	0.01510	0.02164	0.07846	0.00517	0.42930	0.00890	0.00539	0.01209
15	0.08747	0.08572	0.24915	0.02749	0.08327	0.02644	0.02651	0.16638	0.02905	0.09249	0.02148	0.02316	0.01546	0.01054	0.00943	0.00309	0.01234	0.00807	0.00690	0.01557
16	0.02218	0.01464	0.01704	0.01523	0.01974	0.01442	0.01181	0.03249	0.16304	0.13190	0.22129	0.06534	0.19120	0.01904	0.01137	0.00335	0.00645	0.01615	0.01086	0.01245
17	0.01862	0.01632	0.06089	0.01765	0.02225	0.01320	0.04853	0.02463	0.06238	0.07710	0.13962	0.25795	0.10158	0.02146	0.01165	0.00348	0.00767	0.01917	0.00920	0.06664
18	0.02847	0.01782	0.01964	0.01697	0.02076	0.06904	0.01293	0.05590	0.02400	0.19340	0.07044	0.04331	0.03107	0.16712	0.06593	0.00576	0.06076	0.01149	0.07335	0.01183
19	0.02495	0.30466	0.17712	0.03149	0.11312	0.03168	0.12152	0.03165	0.02203	0.02904	0.01716	0.02103	0.01401	0.00903	0.00886	0.00280	0.01330	0.00773	0.00462	0.01419
20	0.33022	0.11316	0.07151	0.02137	0.06926	0.07826	0.01742	0.03268	0.02136	0.08562	0.02043	0.02676	0.01693	0.01116	0.00816	0.00310	0.01047	0.04295	0.00650	0.01267

[dist]
# distance from previous block
# <min> <max>
0	1

[block]
# block no. 2 follows, 14 sequences, length 36
# corresponding to MSA columns:
# 131-166
name=unknown_C
#
# <colnr> <probs for GDERKNQSTAVLIFYWHMCP>
#	G	D	E	R	K	N	Q	S	T	A	V	L	I	F	Y	W	H	M	C	P
0	0.02487	0.03354	0.20442	0.04825	0.32994	0.02491	0.07841	0.06972	0.02478	0.03547	0.01957	0.02444	0.01531	0.00951	0.01022	0.00315	0.01347	0.00896	0.00525	0.01580
1	0.01762	0.01485	0.02228	0.06830	0.17344	0.01455	0.01682	0.02272	0.02633	0.03667	0.33335	0.06130	0.11606	0.01747	0.01144	0.00322	0.00752	0.01562	0.00894	0.01151
2	0.02744	0.64552	0.05378	0.01756	0.02634	0.04061	0.01756	0.03073	0.02085	0.02414	0.01427	0.01646	0.01317	0.00878	0.00658	0.00219	0.01097	0.00549	0.00439	0.01317
3	0.19841	0.01930	0.02573	0.02181	0.02737	0.02027	0.10636	0.12252	0.02604	0.04054	0.03303	0.15823	0.03302	0.01779	0.01087	0.00369	0.01012	0.10488	0.00808	0.01194
4	0.01429	0.01048	0.01339	0.01266	0.01519	0.00958	0.00950	0.01891	0.02849	0.03983	0.52404	0.07883	0.14354	0.02147	0.01211	0.00325	0.00488	0.01886	0.01112	0.00958
5	0.01866	0.01568	0.02113	0.01964	0.02331	0.01641	0.06444	0.03105	0.20679	0.03447	0.09887	0.27280	0.05231	0.02214	0.01207	0.00381	0.00798	0.05704	0.00959	0.01183
6	0.01309	0.00951	0.01241	0.01401	0.01527	0.00882	0.00984	0.01568	0.02192	0.02936	0.15529	0.45732	0.11139	0.02938	0.01290	0.00397	0.00590	0.05539	0.00985	0.00868
7	0.02128	0.01824	0.02128	0.01520	0.02432	0.01368	0.01216	0.02584	0.02128	0.03344	0.01824	0.02128	0.01520	0.00760	0.00760	0.00152	0.00760	0.00608	0.00608	0.70208
8	0.34219	0.01852	0.01993	0.01614	0.02337	0.01861	0.01332	0.04118	0.02408	0.34385	0.02883	0.02681	0.01905	0.01129	0.00855	0.00318	0.00838	0.00820	0.00988	0.01464
9	0.01816	0.01496	0.01653	0.01552	0.01944	0.01563	0.01180	0.03183	0.23646	0.03754	0.21094	0.10037	0.18989	0.02012	0.01151	0.00344	0.00630	0.01722	0.01040	0.01195
10	0.02673	0.24090	0.09039	0.02078	0.02873	0.03105	0.01911	0.08151	0.27940	0.03708	0.02863	0.02805	0.02217	0.01161	0.00903	0.00298	0.01005	0.00891	0.00773	0.01517
11	0.71184	0.01985	0.01508	0.01350	0.01985	0.02302	0.01111	0.03017	0.01746	0.04604	0.01429	0.01667	0.01111	0.00953	0.00635	0.00318	0.00794	0.00556	0.00635	0.01111
12	0.02174	0.36323	0.03692	0.01673	0.02248	0.02794	0.01514	0.02532	0.02016	0.02573	0.07415	0.03069	0.02581	0.03354	0.21155	0.00723	0.01607	0.00869	0.00546	0.01144
13	0.01508	0.01013	0.01172	0.01195	0.01218	0.01013	0.00723	0.01555	0.01578	0.02096	0.03450	0.07194	0.03945	0.57918	0.04848	0.00943	0.00990	0.06331	0.00654	0.00654
14	0.71184	0.01985	0.01508	0.01350	0.01985	0.02302	0.01111	0.03017	0.01746	0.04604	0.01429	0.01667	0.01111	0.00953	0.00635	0.00318	0.00794	0.00556	0.00635	0.01111
15	0.01591	0.01077	0.01359	0.01292	0.01571	0.00972	0.00967	0.02001	0.02718	0.07175	0.40455	0.12842	0.17639	0.02238	0.01208	0.00335	0.00525	0.01956	0.01090	0.00987
16	0.01928	0.01655	0.02633	0.03714	0.26582	0.01637	0.02111	0.02374	0.02233	0.03062	0.03941	0.22921	0.04264	0.02094	0.01207	0.00381	0.00963	0.14333	0.00753	0.01215
17	0.03229	0.01789	0.02241	0.01656	0.02515	0.01430	0.01346	0.03659	0.02488	0.27764	0.02814	0.02735	0.01974	0.00987	0.00881	0.00226	0.00810	0.00797	0.00903	0.39756
18	0.41226	0.03277	0.02131	0.01925	0.02513	0.27884	0.01499	0.03498	0.02263	0.03673	0.01499	0.01749	0.01205	0.00999	0.00764	0.00294	0.01264	0.00603	0.00588	0.01146
19	0.02245	0.02245	0.03143	0.02694	0.02694	0.03143	0.02245	0.02470	0.01572	0.02470	0.01347	0.02245	0.01347	0.01796	0.03368	0.00449	0.62057	0.00898	0.00449	0.01123
20	0.01452	0.01049	0.01372	0.01291	0.01533	0.00968	0.00968	0.01937	0.02905	0.04115	0.56992	0.07666	0.09683	0.02098	0.01210	0.00323	0.00484	0.01856	0.01130	0.00968
21	0.02128	0.01824	0.02128	0.01520	0.02432	0.01368	0.01216	0.02584	0.02128	0.03344	0.01824	0.02128	0.01520	0.00760	0.00760	0.00152	0.00760	0.00608	0.00608	0.70208
22	0.01993	0.01688	0.01802	0.01661	0.02121	0.01818	0.01278	0.03754	0.32040	0.03823	0.14108	0.06179	0.19852	0.01852	0.01119	0.00344	0.00677	0.01560	0.01031	0.01303
23	0.01346	0.01045	0.01224	0.01179	0.01468	0.00923	0.00884	0.01730	0.02653	0.03518	0.36266	0.08649	0.30782	0.02321	0.01211	0.00333	0.00500	0.01994	0.01051	0.00923
24	0.04455	0.01986	0.02530	0.01940	0.02739	0.01864	0.01602	0.15439	0.03338	0.47240	0.03712	0.03274	0.02371	0.01262	0.01031	0.00316	0.00928	0.01009	0.01218	0.01746
25	0.02395	0.02957	0.09954	0.04221	0.05295	0.02579	0.50096	0.03284	0.02403	0.03284	0.02059	0.02724	0.01538	0.00873	0.01194	0.00344	0.01714	0.01177	0.00513	0.01394
26	0.01250	0.00893	0.01191	0.01429	0.01488	0.00834	0.00953	0.01429	0.01965	0.02620	0.05656	0.63265	0.06787	0.03215	0.01310	0.00417	0.00595	0.02917	0.00953	0.00834
27	0.02054	0.01920	0.03118	0.50595	0.11694	0.02320	0.02769	0.02931	0.06939	0.02846	0.02048	0.02815	0.01554	0.01048	0.01027	0.00339	0.01303	0.00935	0.00514	0.01232
28	0.02128	0.01824	0.02128	0.01520	0.02432	0.01368	0.01216	0.02584	0.02128	0.03344	0.01824	0.02128	0.01520	0.00760	0.00760	0.00152	0.00760	0.00608	0.00608	0.70208
29	0.71184	0.01985	0.01508	0.01350	0.01985	0.02302	0.01111	0.03017	0.01746	0.04604	0.01429	0.01667	0.01111	0.00953	0.00635	0.00318	0.00794	0.00556	0.00635	0.01111
30	0.01416	0.01041	0.01332	0.01315	0.01551	0.00957	0.00991	0.01841	0.02703	0.03725	0.42448	0.13750	0.15086	0.02323	0.01235	0.00346	0.00532	0.05391	0.01077	0.00940
31	0.01452	0.01049	0.01372	0.01291	0.01533	0.00968	0.00968	0.01937	0.02905	0.04115	0.56992	0.07666	0.09683	0.02098	0.01210	0.00323	0.00484	0.01856	0.01130	0.00968
32	0.02903	0.03723	0.27575	0.02509	0.03593	0.02546	0.02666	0.17710	0.12802	0.09735	0.02658	0.02684	0.01880	0.01151	0.01007	0.00324	0.01218	0.00904	0.00790	0.01621
33	0.01363	0.00980	0.01291	0.01352	0.01513	0.00908	0.00961	0.01711	0.02487	0.03450	0.34157	0.32397	0.08395	0.02595	0.01255	0.00365	0.00534	0.02328	0.01051	0.00908
34	0.03051	0.02661	0.03259	0.02651	0.03064	0.08543	0.06040	0.16072	0.02721	0.08608	0.01956	0.02415	0.01570	0.01461	0.02154	0.00375	0.30434	0.00917	0.00684	0.01364
35	0.02757	0.08494	0.02921	0.06313	0.09469	0.06668	0.01908	0.20361	0.03181	0.04144	0.06252	0.11952	0.03222	0.01616	0.01070	0.00330	0.01075	0.06091	0.00821	0.01357

[dist]
# distance from previous block
# <min> <max>
0	2

[block]
# block no. 3 follows, 14 sequences, length 48
# corresponding to MSA columns:
# 169-216
name=unknown_D
#
# <colnr> <probs for GDERKNQSTAVLIFYWHMCP>
#	G	D	E	R	K	N	Q	S	T	A	V	L	I	F	Y	W	H	M	C	P
0	0.30826	0.34022	0.03611	0.01638	0.02412	0.03271	0.01508	0.07139	0.02166	0.03635	0.01511	0.01720	0.01267	0.00937	0.00678	0.00267	0.00976	0.00582	0.00566	0.01267
1	0.03163	0.02232	0.03327	0.04154	0.30712	0.02190	0.02372	0.07861	0.06890	0.18069	0.02699	0.02857	0.01987	0.01060	0.01006	0.00301	0.01058	0.00945	0.00798	0.06318
2	0.02590	0.25864	0.31065	0.02423	0.03605	0.03102	0.02783	0.11187	0.02556	0.03461	0.01793	0.02029	0.01376	0.00981	0.00871	0.00285	0.01308	0.00710	0.00529	0.01482
3	0.01878	0.01513	0.01730	0.01594	0.01979	0.01598	0.01219	0.03318	0.24080	0.04094	0.32538	0.06276	0.10331	0.01849	0.01144	0.00335	0.00618	0.01598	0.01083	0.01225
4	0.02245	0.04094	0.34767	0.03627	0.11421	0.02453	0.15284	0.03419	0.06457	0.03354	0.02092	0.02487	0.01547	0.00974	0.01041	0.00329	0.01473	0.00917	0.00511	0.01508
5	0.02494	0.02392	0.04083	0.10481	0.53708	0.02426	0.03127	0.03109	0.02315	0.03297	0.01922	0.02555	0.01606	0.00923	0.01017	0.00308	0.01230	0.00914	0.00504	0.01589
6	0.01476	0.01062	0.01458	0.01458	0.01575	0.01179	0.01044	0.01710	0.01593	0.02241	0.02924	0.05001	0.02986	0.28008	0.40132	0.01413	0.02115	0.01241	0.00576	0.00810
7	0.01492	0.00995	0.01119	0.01119	0.01119	0.00995	0.00622	0.01492	0.01492	0.01990	0.03233	0.06716	0.03731	0.63935	0.05223	0.00995	0.00995	0.01492	0.00622	0.00622
8	0.01373	0.01046	0.01262	0.01208	0.01485	0.00935	0.00906	0.01784	0.02718	0.03672	0.41614	0.08395	0.25338	0.02263	0.01211	0.00331	0.00496	0.01958	0.01071	0.00935
9	0.03785	0.02707	0.02949	0.02251	0.03078	0.02911	0.01856	0.46295	0.04460	0.09500	0.02507	0.02499	0.01776	0.01192	0.01003	0.00294	0.01079	0.00902	0.01004	0.07951
10	0.52392	0.02233	0.01947	0.01632	0.02319	0.02548	0.01346	0.17287	0.02606	0.05125	0.01718	0.01890	0.01288	0.01031	0.00744	0.00315	0.00888	0.00659	0.00744	0.01288
11	0.71184	0.01985	0.01508	0.01350	0.01985	0.02302	0.01111	0.03017	0.01746	0.04604	0.01429	0.01667	0.01111	0.00953	0.00635	0.00318	0.00794	0.00556	0.00635	0.01111
12	0.01492	0.00995	0.01119	0.01119	0.01119	0.00995	0.00622	0.01492	0.01492	0.01990	0.03233	0.06716	0.03731	0.63935	0.05223	0.00995	0.00995	0.01492	0.00622	0.00622
13	0.04400	0.01687	0.02274	0.01760	0.02512	0.01466	0.01448	0.04803	0.02878	0.54119	0.03995	0.03518	0.02547	0.01264	0.01008	0.00312	0.00843	0.01026	0.06452	0.01687
14	0.01473	0.00987	0.01125	0.01144	0.01148	0.00982	0.00648	0.01487	0.01530	0.02040	0.03425	0.11180	0.03972	0.59142	0.04914	0.00949	0.00963	0.01605	0.00648	0.00639
15	0.01434	0.01048	0.01346	0.01271	0.01522	0.00960	0.00953	0.01900	0.02860	0.04010	0.53327	0.07839	0.13413	0.02137	0.01211	0.00325	0.00487	0.01880	0.01116	0.00960
16	0.02245	0.02245	0.03143	0.02694	0.02694	0.03143	0.02245	0.02470	0.01572	0.02470	0.01347	0.02245	0.01347	0.01796	0.03368	0.00449	0.62057	0.00898	0.00449	0.01123
17	0.09462	0.01805	0.02182	0.01637	0.02473	0.01514	0.01333	0.03672	0.02444	0.27270	0.02753	0.02678	0.01925	0.00999	0.00867	0.00239	0.00812	0.00787	0.00898	0.34250
18	0.03345	0.31622	0.04015	0.02246	0.02931	0.34835	0.01881	0.03639	0.02539	0.02468	0.01515	0.01759	0.01320	0.00977	0.00806	0.00244	0.01513	0.00611	0.00489	0.01247
19	0.26106	0.02581	0.02561	0.02027	0.02787	0.02892	0.01674	0.37249	0.03809	0.05853	0.02122	0.02201	0.01536	0.01140	0.00897	0.00311	0.01019	0.00802	0.00897	0.01536
20	0.01939	0.01508	0.01763	0.01595	0.01974	0.01578	0.01225	0.06559	0.18248	0.04329	0.37998	0.06200	0.07246	0.01835	0.01150	0.00329	0.00623	0.01591	0.01098	0.01211
21	0.03504	0.01992	0.02349	0.01967	0.02646	0.02068	0.01571	0.05243	0.31217	0.29316	0.04117	0.03673	0.02858	0.01336	0.01039	0.00334	0.00840	0.01101	0.01149	0.01681
22	0.02682	0.59182	0.10204	0.01862	0.02798	0.03909	0.01940	0.03089	0.02093	0.02490	0.01464	0.01693	0.01315	0.00887	0.00687	0.00229	0.01135	0.00568	0.00438	0.01335
23	0.01285	0.01042	0.01140	0.01115	0.01430	0.00897	0.00837	0.01613	0.02510	0.03177	0.24437	0.09210	0.42823	0.02448	0.01212	0.00339	0.00509	0.02072	0.01006	0.00897
24	0.01876	0.00989	0.01056	0.01090	0.01329	0.00989	0.00851	0.02353	0.02182	0.03718	0.03646	0.04934	0.03099	0.01430	0.00817	0.00272	0.00545	0.08059	0.59810	0.00955
25	0.04168	0.01650	0.02242	0.01752	0.02469	0.01434	0.01434	0.04577	0.02933	0.50749	0.11379	0.04071	0.03529	0.01385	0.01057	0.00318	0.00819	0.01146	0.01251	0.01639
26	0.01370	0.00997	0.01290	0.01320	0.01509	0.00917	0.00950	0.01738	0.02557	0.03531	0.36921	0.26164	0.11912	0.02500	0.01243	0.00355	0.00523	0.02227	0.01059	0.00917
27	0.02321	0.10398	0.49352	0.02732	0.04134	0.02466	0.03427	0.03372	0.02220	0.07516	0.01978	0.02224	0.01399	0.00989	0.00951	0.00315	0.01428	0.00761	0.00500	0.01517
28	0.04604	0.01746	0.02382	0.01826	0.02620	0.01508	0.01508	0.05001	0.02937	0.58244	0.04049	0.03493	0.02540	0.01270	0.01032	0.00318	0.00873	0.01032	0.01270	0.01746
29	0.19967	0.01400	0.01557	0.01399	0.01828	0.01415	0.01100	0.02629	0.02451	0.12096	0.26011	0.05334	0.09547	0.02225	0.06352	0.00443	0.00831	0.01352	0.00956	0.01109
30	0.02324	0.02033	0.02468	0.02357	0.09994	0.01904	0.01613	0.03608	0.19830	0.03658	0.02615	0.02745	0.02067	0.00990	0.00889	0.00237	0.00840	0.00832	0.00738	0.38259
31	0.01305	0.00936	0.01240	0.01391	0.01501	0.00870	0.00957	0.01567	0.02221	0.03027	0.19642	0.48117	0.07576	0.02911	0.01283	0.00391	0.00565	0.02628	0.01001	0.00870
32	0.02629	0.24242	0.27893	0.02388	0.03514	0.03083	0.02664	0.11949	0.06156	0.03588	0.01966	0.02156	0.01503	0.01014	0.00884	0.00289	0.01266	0.00744	0.00576	0.01497
33	0.02529	0.21579	0.05583	0.03382	0.04339	0.03039	0.34218	0.03376	0.06103	0.03092	0.02027	0.02501	0.01596	0.00906	0.01031	0.00308	0.01472	0.01005	0.00532	0.01381
34	0.01344	0.00950	0.01168	0.01284	0.01359	0.00900	0.00828	0.01490	0.01901	0.02525	0.08857	0.36007	0.09918	0.23606	0.02618	0.00600	0.00717	0.02301	0.00853	0.00774
35	0.02744	0.64552	0.05378	0.01756	0.02634	0.04061	0.01756	0.03073	0.02085	0.02414	0.01427	0.01646	0.01317	0.00878	0.00658	0.00219	0.01097	0.00549	0.00439	0.01317
36	0.17225	0.06951	0.02383	0.01629	0.02450	0.01949	0.01352	0.07234	0.02414	0.14416	0.02191	0.02284	0.01634	0.00946	0.00799	0.00236	0.00845	0.00699	0.00761	0.31602
37	0.07441	0.17587	0.18474	0.02083	0.03085	0.02399	0.02170	0.03946	0.02453	0.26746	0.02666	0.02583	0.01825	0.01077	0.00904	0.00296	0.01098	0.00814	0.00806	0.01544
38	0.04456	0.01816	0.02631	0.01995	0.02806	0.01582	0.05055	0.04885	0.02902	0.54517	0.03915	0.03444	0.02474	0.01243	0.01044	0.00319	0.00931	0.01044	0.01219	0.01722
39	0.01452	0.01049	0.01372	0.01291	0.01533	0.00968	0.00968	0.01937	0.02905	0.04115	0.56992	0.07666	0.09683	0.02098	0.01210	0.00323	0.00484	0.01856	0.01130	0.00968
40	0.02316	0.02210	0.03761	0.26835	0.38748	0.02379	0.03038	0.02953	0.02231	0.03081	0.01891	0.02613	0.01530	0.00956	0.01020	0.00319	0.01275	0.00913	0.00489	0.01445
41	0.03832	0.02236	0.03072	0.03243	0.18466	0.02208	0.02092	0.17191	0.03254	0.29140	0.03032	0.02954	0.02073	0.01159	0.01026	0.00311	0.01038	0.00970	0.00989	0.01712
42	0.39769	0.01872	0.01920	0.01574	0.02284	0.01928	0.01299	0.03953	0.02308	0.29914	0.02665	0.02529	0.01786	0.01102	0.00822	0.00318	0.00831	0.00780	0.00935	0.01411
43	0.01250	0.00893	0.01191	0.01429	0.01488	0.00834	0.00953	0.01429	0.01965	0.02620	0.05656	0.63265	0.06787	0.03215	0.01310	0.00417	0.00595	0.02917	0.00953	0.00834
44	0.04235	0.02107	0.02952	0.02245	0.03056	0.05597	0.09154	0.04691	0.02860	0.46486	0.03595	0.03277	0.02315	0.01197	0.01051	0.00318	0.01064	0.01033	0.01111	0.01656
45	0.02894	0.17882	0.23513	0.02454	0.03532	0.02690	0.06549	0.07132	0.06296	0.13884	0.02394	0.02485	0.01722	0.01047	0.00939	0.00301	0.01236	0.00837	0.00685	0.01527
46	0.02863	0.01519	0.02120	0.01828	0.02220	0.01618	0.01460	0.03192	0.02152	0.25209	0.03119	0.03771	0.02474	0.08731	0.23352	0.00881	0.10318	0.01075	0.00836	0.01262
47	0.02700	0.02752	0.03469	0.02805	0.03509	0.10820	0.16534	0.04641	0.32907	0.03750	0.03205	0.03242	0.02423	0.01194	0.01075	0.00335	0.01223	0.01103	0.00820	0.01493

[dist]
# distance from previous block
# <min> <max>
3	8

[block]
# block no. 4 follows, 14 sequences, length 26
# corresponding to MSA columns:
# 225-250
name=unknown_E
#
# <colnr> <probs for GDERKNQSTAVLIFYWHMCP>
#	G	D	E	R	K	N	Q	S	T	A	V	L	I	F	Y	W	H	M	C	P
0	0.03304	0.02352	0.04060	0.03872	0.18653	0.02248	0.17998	0.08397	0.02784	0.21625	0.02718	0.02916	0.01916	0.01045	0.01082	0.00322	0.01254	0.01045	0.00808	0.01602
1	0.42685	0.02112	0.02459	0.03016	0.20269	0.02276	0.01816	0.03238	0.02047	0.09007	0.01829	0.02117	0.01408	0.00969	0.00796	0.00313	0.00941	0.00716	0.00650	0.01337
2	0.02744	0.64552	0.05378	0.01756	0.02634	0.04061	0.01756	0.03073	0.02085	0.02414	0.01427	0.01646	0.01317	0.00878	0.00658	0.00219	0.01097	0.00549	0.00439	0.01317
3	0.02534	0.46430	0.21663	0.02114	0.03187	0.03548	0.02379	0.03127	0.02110	0.02670	0.01554	0.01805	0.01312	0.00908	0.00755	0.00252	0.01226	0.00613	0.00437	0.01378
4	0.01620	0.01331	0.01583	0.01577	0.01749	0.05374	0.01162	0.01913	0.01865	0.02517	0.08317	0.09995	0.03747	0.15676	0.35492	0.01200	0.01976	0.01371	0.00653	0.00884
5	0.02280	0.24514	0.41358	0.02546	0.03856	0.02927	0.03132	0.03193	0.02140	0.02979	0.01707	0.01998	0.01305	0.00944	0.00872	0.00291	0.01381	0.00690	0.00435	0.01452
6	0.02586	0.02141	0.03872	0.03992	0.21290	0.02037	0.17979	0.03182	0.02437	0.11750	0.03364	0.07596	0.05886	0.01367	0.01144	0.00344	0.01217	0.05680	0.00723	0.01416
7	0.04604	0.01746	0.02382	0.01826	0.02620	0.01508	0.01508	0.05001	0.02937	0.58244	0.04049	0.03493	0.02540	0.01270	0.01032	0.00318	0.00873	0.01032	0.01270	0.01746
8	0.03834	0.02066	0.02735	0.02150	0.02818	0.06210	0.06261	0.04253	0.02752	0.38675	0.08194	0.03556	0.02886	0.01344	0.01285	0.00329	0.06979	0.01081	0.01053	0.01540
9	0.04304	0.02847	0.02602	0.02129	0.02839	0.20530	0.01694	0.08241	0.03064	0.36453	0.03136	0.02886	0.02088	0.01198	0.00997	0.00300	0.01208	0.00904	0.01012	0.01566
10	0.02230	0.02394	0.04876	0.26960	0.06039	0.02470	0.33622	0.03024	0.02276	0.03024	0.01976	0.02755	0.01482	0.00929	0.01138	0.00344	0.01587	0.01093	0.00494	0.01287
11	0.03076	0.01425	0.01792	0.01484	0.02068	0.01223	0.01189	0.03425	0.02702	0.33072	0.09969	0.06256	0.24307	0.01843	0.01114	0.00329	0.00710	0.01528	0.01137	0.01352
12	0.44811	0.01890	0.01854	0.01538	0.02236	0.01988	0.01269	0.03803	0.02218	0.25851	0.02467	0.02390	0.01677	0.01078	0.00792	0.00318	0.00825	0.00744	0.00887	0.01363
13	0.01409	0.01113	0.01282	0.01295	0.01566	0.01039	0.00948	0.01950	0.07220	0.03244	0.21576	0.21212	0.27391	0.02496	0.01220	0.00357	0.00554	0.02165	0.01010	0.00955
14	0.02178	0.15672	0.49304	0.02720	0.04125	0.02677	0.03435	0.03219	0.02152	0.03104	0.01769	0.02076	0.01303	0.00958	0.00920	0.00307	0.01443	0.00722	0.00434	0.01482
15	0.01436	0.00992	0.01276	0.01300	0.01486	0.00926	0.00939	0.01826	0.02544	0.03629	0.36038	0.24297	0.08107	0.02351	0.01193	0.00343	0.00518	0.02093	0.07781	0.00926
16	0.01670	0.01150	0.01491	0.01471	0.01685	0.01286	0.01115	0.02247	0.06372	0.02860	0.03060	0.04206	0.02735	0.10654	0.35557	0.01137	0.01874	0.01105	0.17366	0.00960
17	0.16248	0.02840	0.02883	0.02291	0.03040	0.12560	0.06147	0.22306	0.03360	0.15004	0.02388	0.02432	0.01690	0.01126	0.00954	0.00307	0.01197	0.00855	0.00871	0.01501
18	0.04604	0.01746	0.02382	0.01826	0.02620	0.01508	0.01508	0.05001	0.02937	0.58244	0.04049	0.03493	0.02540	0.01270	0.01032	0.00318	0.00873	0.01032	0.01270	0.01746
19	0.01470	0.01050	0.01443	0.01680	0.01836	0.01023	0.01335	0.01809	0.02182	0.02866	0.05535	0.35090	0.06307	0.03008	0.01368	0.00447	0.00786	0.28923	0.00948	0.00894
20	0.02903	0.27604	0.08328	0.02006	0.02731	0.17299	0.01827	0.03322	0.02521	0.07818	0.11458	0.02961	0.02890	0.01180	0.00883	0.00267	0.01197	0.00867	0.00657	0.01279
21	0.04046	0.02418	0.02828	0.02188	0.02943	0.02566	0.01808	0.32616	0.03913	0.25169	0.02969	0.02826	0.02010	0.01284	0.01187	0.00321	0.05165	0.00962	0.01077	0.01703
22	0.04604	0.01746	0.02382	0.01826	0.02620	0.01508	0.01508	0.05001	0.02937	0.58244	0.04049	0.03493	0.02540	0.01270	0.01032	0.00318	0.00873	0.01032	0.01270	0.01746
23	0.01274	0.00939	0.01193	0.01347	0.01479	0.00859	0.00927	0.01511	0.02163	0.02865	0.13987	0.46565	0.15221	0.02952	0.01280	0.00392	0.00567	0.02641	0.00979	0.00859
24	0.21426	0.26813	0.17673	0.01971	0.02920	0.03018	0.02088	0.03306	0.06590	0.03393	0.01768	0.01972	0.01411	0.00967	0.00766	0.00285	0.01097	0.00657	0.00543	0.01338
25	0.20395	0.02219	0.02613	0.02090	0.02770	0.05551	0.07821	0.13046	0.02871	0.16819	0.07549	0.06543	0.02729	0.01310	0.00979	0.00322	0.01013	0.01076	0.00897	0.01386

[dist]
# distance from previous block
# <min> <max>
0	2

# created by:
# /st0/software/busco_prod/Augustus/scripts/msa2prfl.pl ./align_prep/6145.fa
