[name]
unknown

[dist]
# distance from previous block
# <min> <max>
0	647

[block]
# block no. 0 follows, 13 sequences, length 41
# corresponding to MSA columns:
# 672-712
name=unknown_A
#
# <colnr> <probs for GDERKNQSTAVLIFYWHMCP>
#	G	D	E	R	K	N	Q	S	T	A	V	L	I	F	Y	W	H	M	C	P
0	0.02487	0.11665	0.02982	0.02162	0.02589	0.09562	0.06257	0.02862	0.02277	0.06247	0.03132	0.14234	0.03085	0.01755	0.01415	0.00349	0.10206	0.05447	0.10120	0.01167
1	0.01479	0.01181	0.01336	0.01279	0.01611	0.01092	0.00964	0.02087	0.07254	0.03594	0.29611	0.08639	0.31326	0.02344	0.01233	0.00347	0.00546	0.02002	0.01069	0.01007
2	0.01538	0.01025	0.01153	0.01153	0.01153	0.01025	0.00641	0.01538	0.01538	0.02050	0.03331	0.06919	0.03844	0.62842	0.05382	0.01025	0.01025	0.01538	0.00641	0.00641
3	0.02591	0.02271	0.03273	0.42825	0.06146	0.08228	0.06086	0.03225	0.02351	0.09717	0.02166	0.02825	0.01573	0.01081	0.01060	0.00341	0.01422	0.00949	0.00590	0.01278
4	0.04744	0.01799	0.02454	0.01881	0.02699	0.01554	0.01554	0.05153	0.03026	0.56979	0.04171	0.03599	0.02617	0.01309	0.01063	0.00327	0.00900	0.01063	0.01309	0.01799
5	0.01475	0.00999	0.01172	0.01233	0.01248	0.00983	0.00726	0.01521	0.01659	0.02212	0.03955	0.20723	0.04631	0.47964	0.04374	0.00876	0.00922	0.01905	0.00726	0.00695
6	0.03592	0.13628	0.09127	0.02621	0.03326	0.44695	0.02206	0.03975	0.02791	0.02654	0.01638	0.01910	0.01359	0.01053	0.00919	0.00272	0.01757	0.00675	0.00521	0.01281
7	0.03592	0.02639	0.07694	0.02689	0.08714	0.02475	0.02098	0.18427	0.15310	0.20102	0.03305	0.03152	0.02313	0.01261	0.01058	0.00331	0.01057	0.01024	0.01024	0.01736
8	0.02095	0.01228	0.01250	0.01205	0.01518	0.01295	0.00915	0.03058	0.12030	0.04032	0.03610	0.03942	0.02807	0.01270	0.00802	0.00267	0.00558	0.01025	0.55978	0.01115
9	0.02741	0.01862	0.02249	0.01634	0.02547	0.01441	0.01318	0.03198	0.02372	0.14960	0.02372	0.02495	0.01792	0.00896	0.00843	0.00193	0.00808	0.00720	0.00773	0.54785
10	0.01626	0.01236	0.01482	0.01466	0.01754	0.01167	0.01107	0.02125	0.05872	0.03151	0.14443	0.12641	0.14704	0.14336	0.02065	0.00500	0.00766	0.11658	0.00920	0.06979
11	0.02747	0.32079	0.11152	0.02020	0.02819	0.03146	0.01998	0.06887	0.02366	0.06804	0.02056	0.02382	0.01686	0.01566	0.05022	0.00378	0.06158	0.00764	0.06602	0.01370
12	0.07723	0.06966	0.04628	0.12869	0.18736	0.06518	0.20895	0.03267	0.02372	0.03286	0.01927	0.02552	0.01525	0.00951	0.01060	0.00327	0.01475	0.00981	0.00526	0.01415
13	0.01496	0.01081	0.01413	0.01330	0.01580	0.00998	0.00998	0.01995	0.02993	0.04240	0.55689	0.07898	0.09976	0.02162	0.01247	0.00333	0.00499	0.01912	0.01164	0.00998
14	0.02285	0.02174	0.03693	0.35253	0.30074	0.02425	0.03080	0.02954	0.02251	0.03052	0.01930	0.02725	0.01533	0.01004	0.01052	0.00335	0.01338	0.00941	0.00495	0.01407
15	0.02051	0.01203	0.01591	0.01424	0.01771	0.01093	0.01093	0.02534	0.02999	0.13246	0.46891	0.07164	0.08720	0.02016	0.01216	0.00332	0.00567	0.01767	0.01189	0.01135
16	0.01496	0.01081	0.01413	0.01330	0.01580	0.00998	0.00998	0.01995	0.02993	0.04240	0.55689	0.07898	0.09976	0.02162	0.01247	0.00333	0.00499	0.01912	0.01164	0.00998
17	0.01272	0.01072	0.01103	0.01095	0.01442	0.00902	0.00821	0.01561	0.02464	0.02984	0.14857	0.09965	0.51592	0.02630	0.01249	0.00355	0.00532	0.02202	0.00999	0.00902
18	0.01298	0.00985	0.01197	0.01331	0.01505	0.00884	0.00927	0.01542	0.02249	0.02912	0.12649	0.40014	0.22706	0.02990	0.01307	0.00396	0.00577	0.02646	0.01001	0.00884
19	0.70310	0.02045	0.01554	0.01390	0.02045	0.02372	0.01145	0.03108	0.01799	0.04744	0.01472	0.01718	0.01145	0.00981	0.00654	0.00327	0.00818	0.00573	0.00654	0.01145
20	0.02496	0.02852	0.06239	0.04456	0.05526	0.02674	0.52406	0.03387	0.02496	0.03387	0.02139	0.02852	0.01604	0.00891	0.01248	0.00357	0.01783	0.01248	0.00535	0.01426
21	0.02827	0.63478	0.05540	0.01809	0.02714	0.04184	0.01809	0.03166	0.02148	0.02488	0.01470	0.01696	0.01357	0.00905	0.00678	0.00226	0.01131	0.00565	0.00452	0.01357
22	0.02192	0.01879	0.02192	0.01566	0.02506	0.01409	0.01253	0.02662	0.02192	0.03445	0.01879	0.02192	0.01566	0.00783	0.00783	0.00157	0.00783	0.00626	0.00626	0.69305
23	0.01510	0.01133	0.01699	0.01699	0.01888	0.01322	0.01322	0.01888	0.01699	0.02454	0.02832	0.04154	0.02643	0.07930	0.58652	0.01699	0.02832	0.01133	0.00566	0.00944
24	0.02313	0.02313	0.03238	0.02776	0.02776	0.03238	0.02313	0.02545	0.01619	0.02545	0.01388	0.02313	0.01388	0.01851	0.03470	0.00463	0.60907	0.00925	0.00463	0.01157
25	0.28552	0.23976	0.03599	0.02045	0.02799	0.13862	0.05769	0.03366	0.02208	0.03435	0.01558	0.01840	0.01298	0.00968	0.00769	0.00284	0.01216	0.00647	0.00553	0.01257
26	0.02299	0.21270	0.11689	0.01892	0.02775	0.02461	0.01835	0.03047	0.06761	0.03229	0.06324	0.06787	0.02625	0.01191	0.00885	0.00255	0.00982	0.00944	0.00649	0.22098
27	0.57241	0.08850	0.06822	0.01576	0.02335	0.02571	0.01455	0.03135	0.01874	0.04384	0.01509	0.01760	0.01184	0.00975	0.00687	0.00317	0.00916	0.00590	0.00615	0.01204
28	0.02496	0.02852	0.06239	0.04456	0.05526	0.02674	0.52406	0.03387	0.02496	0.03387	0.02139	0.02852	0.01604	0.00891	0.01248	0.00357	0.01783	0.01248	0.00535	0.01426
29	0.04744	0.01799	0.02454	0.01881	0.02699	0.01554	0.01554	0.05153	0.03026	0.56979	0.04171	0.03599	0.02617	0.01309	0.01063	0.00327	0.00900	0.01063	0.01309	0.01799
30	0.01686	0.01205	0.01679	0.01894	0.02138	0.01198	0.01642	0.02174	0.02483	0.03258	0.09947	0.11577	0.06423	0.02855	0.01442	0.00473	0.00932	0.45030	0.00990	0.00976
31	0.70310	0.02045	0.01554	0.01390	0.02045	0.02372	0.01145	0.03108	0.01799	0.04744	0.01472	0.01718	0.01145	0.00981	0.00654	0.00327	0.00818	0.00573	0.00654	0.01145
32	0.01326	0.00947	0.01271	0.01516	0.01594	0.00892	0.01048	0.01538	0.02062	0.02742	0.05806	0.57522	0.06909	0.03276	0.01360	0.00435	0.00647	0.07258	0.00981	0.00869
33	0.03847	0.02469	0.02727	0.02125	0.02878	0.02642	0.01744	0.37044	0.04228	0.15076	0.02958	0.02929	0.02075	0.01271	0.01012	0.00309	0.01019	0.00976	0.10992	0.01680
34	0.01538	0.01025	0.01153	0.01153	0.01153	0.01025	0.00641	0.01538	0.01538	0.02050	0.03331	0.06919	0.03844	0.62842	0.05382	0.01025	0.01025	0.01538	0.00641	0.00641
35	0.04019	0.02962	0.03173	0.02433	0.03279	0.03279	0.02010	0.52721	0.04971	0.06663	0.02538	0.02538	0.01798	0.01269	0.01058	0.00317	0.01163	0.00952	0.01058	0.01798
36	0.01496	0.01081	0.01413	0.01330	0.01580	0.00998	0.00998	0.01995	0.02993	0.04240	0.55689	0.07898	0.09976	0.02162	0.01247	0.00333	0.00499	0.01912	0.01164	0.00998
37	0.02410	0.01872	0.02303	0.06789	0.02946	0.01506	0.01429	0.02895	0.02262	0.08314	0.02091	0.02377	0.01649	0.00856	0.00833	0.00190	0.00849	0.00694	0.00675	0.57057
38	0.02223	0.02120	0.03485	0.30068	0.16102	0.02303	0.06729	0.02852	0.02186	0.03036	0.01889	0.02633	0.01507	0.01026	0.01189	0.00317	0.05420	0.00908	0.00514	0.13493
39	0.49820	0.10502	0.08096	0.01687	0.02483	0.02678	0.01582	0.06466	0.02103	0.04430	0.01588	0.01824	0.01237	0.00993	0.00722	0.00314	0.00961	0.00619	0.00633	0.01261
40	0.01764	0.01369	0.01806	0.05893	0.06786	0.01374	0.01347	0.02457	0.08080	0.03706	0.28205	0.06457	0.13887	0.02012	0.01344	0.04613	0.00695	0.01609	0.05507	0.01090

[dist]
# distance from previous block
# <min> <max>
0	1

[block]
# block no. 1 follows, 13 sequences, length 20
# corresponding to MSA columns:
# 714-733
name=unknown_B
#
# <colnr> <probs for GDERKNQSTAVLIFYWHMCP>
#	G	D	E	R	K	N	Q	S	T	A	V	L	I	F	Y	W	H	M	C	P
0	0.02732	0.02123	0.03148	0.07670	0.24600	0.01942	0.02220	0.03273	0.02399	0.11395	0.02266	0.02618	0.01756	0.00945	0.00951	0.00259	0.01035	0.00841	0.00676	0.27153
1	0.01420	0.01043	0.01330	0.01332	0.01551	0.00953	0.00971	0.01819	0.02702	0.03724	0.38960	0.20587	0.14710	0.02486	0.01271	0.00358	0.00529	0.02200	0.01101	0.00953
2	0.02192	0.01879	0.02192	0.01566	0.02506	0.01409	0.01253	0.02662	0.02192	0.03445	0.01879	0.02192	0.01566	0.00783	0.00783	0.00157	0.00783	0.00626	0.00626	0.69305
3	0.03385	0.02586	0.02833	0.02132	0.03011	0.02630	0.01747	0.35347	0.04007	0.05547	0.02310	0.02418	0.01718	0.01100	0.00962	0.00262	0.01031	0.00839	0.00908	0.25228
4	0.04019	0.02962	0.03173	0.02433	0.03279	0.03279	0.02010	0.52721	0.04971	0.06663	0.02538	0.02538	0.01798	0.01269	0.01058	0.00317	0.01163	0.00952	0.01058	0.01798
5	0.01288	0.00920	0.01227	0.01472	0.01534	0.00859	0.00981	0.01472	0.02024	0.02699	0.05828	0.62152	0.06993	0.03312	0.01350	0.00429	0.00613	0.03006	0.00981	0.00859
6	0.09605	0.01985	0.03050	0.11228	0.09756	0.02174	0.09615	0.05494	0.02344	0.03454	0.07034	0.12523	0.06130	0.01649	0.01424	0.00369	0.08832	0.01411	0.00700	0.01224
7	0.03950	0.05039	0.02996	0.02724	0.03269	0.58597	0.02043	0.04222	0.02996	0.02588	0.01634	0.01907	0.01362	0.01090	0.00953	0.00272	0.01907	0.00681	0.00545	0.01226
8	0.01321	0.01094	0.01170	0.01208	0.01548	0.00943	0.00945	0.01623	0.02414	0.02905	0.09909	0.10450	0.48019	0.02716	0.01283	0.00377	0.00604	0.09585	0.00981	0.00905
9	0.01578	0.01204	0.01715	0.01679	0.01818	0.01413	0.01269	0.01872	0.01663	0.02385	0.02815	0.04534	0.02773	0.17840	0.44325	0.01476	0.06972	0.01193	0.00572	0.00903
10	0.02617	0.02512	0.04292	0.06490	0.56246	0.02512	0.03245	0.03245	0.02407	0.03454	0.01989	0.02617	0.01675	0.00942	0.01047	0.00314	0.01256	0.00942	0.00523	0.01675
11	0.02121	0.05469	0.57364	0.03014	0.04576	0.02455	0.03906	0.03348	0.02232	0.03348	0.01897	0.02232	0.01339	0.01005	0.01005	0.00335	0.01563	0.00781	0.00446	0.01563
12	0.02075	0.01138	0.01491	0.01522	0.01789	0.01022	0.01093	0.02320	0.02296	0.15142	0.05984	0.43048	0.11345	0.02784	0.01273	0.00398	0.00670	0.02476	0.01056	0.01078
13	0.10505	0.02445	0.09535	0.15470	0.13041	0.02241	0.05985	0.03247	0.02268	0.11758	0.02501	0.07253	0.02049	0.01284	0.01221	0.00351	0.05699	0.01078	0.00674	0.01393
14	0.03540	0.10966	0.13561	0.02281	0.03210	0.06794	0.02169	0.12621	0.09626	0.20296	0.02934	0.02827	0.02053	0.01191	0.00995	0.00314	0.01170	0.00914	0.00903	0.01637
15	0.02827	0.63478	0.05540	0.01809	0.02714	0.04184	0.01809	0.03166	0.02148	0.02488	0.01470	0.01696	0.01357	0.00905	0.00678	0.00226	0.01131	0.00565	0.00452	0.01357
16	0.01509	0.01113	0.01342	0.01462	0.01646	0.01091	0.01027	0.02079	0.08330	0.03123	0.09537	0.41345	0.11790	0.02783	0.01253	0.00392	0.00614	0.02477	0.06108	0.00978
17	0.46177	0.02395	0.02002	0.08543	0.02873	0.09544	0.01485	0.03155	0.02035	0.04081	0.01586	0.01924	0.01251	0.00983	0.00755	0.00304	0.01025	0.00636	0.00615	0.08633
18	0.09451	0.01616	0.07799	0.01359	0.01749	0.01296	0.01199	0.02390	0.01981	0.03478	0.02680	0.03329	0.02177	0.01736	0.01538	0.16060	0.00752	0.00901	0.37559	0.00951
19	0.08093	0.07355	0.07195	0.03358	0.19885	0.02171	0.02213	0.03538	0.02394	0.17264	0.02551	0.02835	0.01927	0.01796	0.07284	0.00452	0.01279	0.00899	0.00738	0.06771

[dist]
# distance from previous block
# <min> <max>
0	11

[block]
# block no. 2 follows, 13 sequences, length 73
# corresponding to MSA columns:
# 745-817
name=unknown_C
#
# <colnr> <probs for GDERKNQSTAVLIFYWHMCP>
#	G	D	E	R	K	N	Q	S	T	A	V	L	I	F	Y	W	H	M	C	P
0	0.01790	0.01590	0.02306	0.20363	0.10471	0.01624	0.01859	0.02297	0.02387	0.03159	0.13012	0.05767	0.19364	0.01682	0.01117	0.00327	0.00920	0.01455	0.00757	0.07753
1	0.02192	0.01879	0.02192	0.01566	0.02506	0.01409	0.01253	0.02662	0.02192	0.03445	0.01879	0.02192	0.01566	0.00783	0.00783	0.00157	0.00783	0.00626	0.00626	0.69305
2	0.09691	0.02183	0.03238	0.03342	0.15960	0.02196	0.08552	0.04145	0.12605	0.18003	0.03242	0.03731	0.02475	0.01271	0.01074	0.00345	0.01086	0.04401	0.00886	0.01575
3	0.02472	0.02578	0.03215	0.02771	0.02824	0.08623	0.02287	0.02708	0.01753	0.02549	0.01412	0.02274	0.01385	0.01777	0.03225	0.00444	0.55168	0.00902	0.00471	0.01163
4	0.70310	0.02045	0.01554	0.01390	0.02045	0.02372	0.01145	0.03108	0.01799	0.04744	0.01472	0.01718	0.01145	0.00981	0.00654	0.00327	0.00818	0.00573	0.00654	0.01145
5	0.02914	0.47881	0.04672	0.01867	0.02647	0.12354	0.01735	0.03258	0.02288	0.02654	0.01700	0.01961	0.01498	0.00967	0.00728	0.00235	0.01186	0.00627	0.07530	0.01298
6	0.01288	0.00920	0.01227	0.01472	0.01534	0.00859	0.00981	0.01472	0.02024	0.02699	0.05828	0.62152	0.06993	0.03312	0.01350	0.00429	0.00613	0.03006	0.00981	0.00859
7	0.02769	0.15422	0.16880	0.02579	0.03563	0.03012	0.07549	0.12379	0.17522	0.04051	0.02630	0.02729	0.01985	0.01140	0.00994	0.00319	0.01225	0.00933	0.00740	0.01579
8	0.09014	0.02427	0.03693	0.04566	0.31941	0.02444	0.05488	0.10292	0.02817	0.13455	0.02413	0.02716	0.01808	0.01052	0.01029	0.00320	0.01174	0.00951	0.00747	0.01653
9	0.01837	0.00918	0.01377	0.01377	0.01377	0.00918	0.00918	0.01377	0.01377	0.01837	0.01837	0.03214	0.01837	0.03673	0.04132	0.69238	0.00918	0.00918	0.00459	0.00459
10	0.04488	0.02210	0.02708	0.02076	0.02904	0.02164	0.01715	0.21974	0.03714	0.39186	0.03594	0.03224	0.02328	0.01295	0.01061	0.00324	0.00993	0.01024	0.01220	0.01799
11	0.02082	0.02711	0.16080	0.08892	0.11710	0.02129	0.02472	0.03094	0.09052	0.03490	0.13502	0.03929	0.03563	0.01951	0.06197	0.00462	0.05471	0.01153	0.00704	0.01355
12	0.02447	0.02757	0.05940	0.09888	0.05697	0.02642	0.47595	0.03320	0.02458	0.03320	0.02114	0.02849	0.01585	0.00907	0.01229	0.00356	0.01746	0.01218	0.00528	0.01402
13	0.63241	0.02028	0.01721	0.07487	0.02587	0.02370	0.01330	0.03066	0.01832	0.04532	0.01514	0.01832	0.01172	0.00989	0.00696	0.00330	0.00879	0.00611	0.00635	0.01148
14	0.01496	0.01081	0.01413	0.01330	0.01580	0.00998	0.00998	0.01995	0.02993	0.04240	0.55689	0.07898	0.09976	0.02162	0.01247	0.00333	0.00499	0.01912	0.01164	0.00998
15	0.01306	0.00927	0.01222	0.01450	0.01507	0.00870	0.00958	0.01477	0.01990	0.02654	0.05653	0.58285	0.06773	0.07481	0.01632	0.00471	0.00642	0.02903	0.00958	0.00844
16	0.01342	0.00959	0.01288	0.01534	0.01618	0.00905	0.01075	0.01565	0.02077	0.02759	0.05798	0.55660	0.06876	0.03262	0.01364	0.00437	0.00660	0.08968	0.00980	0.00874
17	0.01288	0.00920	0.01227	0.01472	0.01534	0.00859	0.00981	0.01472	0.02024	0.02699	0.05828	0.62152	0.06993	0.03312	0.01350	0.00429	0.00613	0.03006	0.00981	0.00859
18	0.03950	0.05039	0.02996	0.02724	0.03269	0.58597	0.02043	0.04222	0.02996	0.02588	0.01634	0.01907	0.01362	0.01090	0.00953	0.00272	0.01907	0.00681	0.00545	0.01226
19	0.03694	0.01848	0.02301	0.01891	0.02570	0.01804	0.01518	0.04885	0.18348	0.34487	0.10847	0.04256	0.03748	0.01456	0.01091	0.00337	0.00829	0.01212	0.01220	0.01659
20	0.02442	0.01721	0.01964	0.01664	0.02121	0.01789	0.01312	0.19709	0.03569	0.05040	0.29672	0.05464	0.06084	0.01717	0.01108	0.00315	0.00729	0.01445	0.10860	0.01274
21	0.01288	0.00920	0.01227	0.01472	0.01534	0.00859	0.00981	0.01472	0.02024	0.02699	0.05828	0.62152	0.06993	0.03312	0.01350	0.00429	0.00613	0.03006	0.00981	0.00859
22	0.02774	0.02343	0.02472	0.02181	0.02804	0.02697	0.01708	0.10493	0.49228	0.04655	0.04121	0.03799	0.03080	0.01417	0.01074	0.00354	0.00871	0.01170	0.01074	0.01686
23	0.01496	0.01081	0.01413	0.01330	0.01580	0.00998	0.00998	0.01995	0.02993	0.04240	0.55689	0.07898	0.09976	0.02162	0.01247	0.00333	0.00499	0.01912	0.01164	0.00998
24	0.01997	0.01879	0.03171	0.60301	0.07282	0.02349	0.02936	0.02701	0.02114	0.02701	0.01879	0.02819	0.01409	0.01057	0.01057	0.00352	0.01409	0.00940	0.00470	0.01175
25	0.03994	0.02177	0.03382	0.02550	0.03353	0.02101	0.12287	0.09186	0.02983	0.36195	0.03348	0.03229	0.02220	0.01264	0.01309	0.00344	0.06285	0.01079	0.01050	0.01666
26	0.23176	0.07506	0.02921	0.02268	0.02547	0.03055	0.01912	0.02771	0.01720	0.03213	0.01421	0.02078	0.01311	0.01503	0.02367	0.00401	0.37354	0.00786	0.00520	0.01170
27	0.02693	0.03731	0.25718	0.03461	0.08847	0.02502	0.15812	0.07197	0.07056	0.08910	0.02440	0.02727	0.01755	0.01055	0.01087	0.00339	0.01438	0.00991	0.00657	0.01586
28	0.04525	0.01806	0.02431	0.01854	0.02682	0.01542	0.01528	0.04939	0.02955	0.52385	0.03975	0.03478	0.02527	0.01264	0.01039	0.00313	0.00890	0.01026	0.01250	0.07592
29	0.04302	0.03603	0.02756	0.02350	0.03016	0.33314	0.01826	0.04635	0.03010	0.26695	0.02759	0.02657	0.01918	0.01187	0.01002	0.00297	0.01460	0.00850	0.00883	0.01480
30	0.04019	0.02962	0.03173	0.02433	0.03279	0.03279	0.02010	0.52721	0.04971	0.06663	0.02538	0.02538	0.01798	0.01269	0.01058	0.00317	0.01163	0.00952	0.01058	0.01798
31	0.02313	0.02313	0.03238	0.02776	0.02776	0.03238	0.02313	0.02545	0.01619	0.02545	0.01388	0.02313	0.01388	0.01851	0.03470	0.00463	0.60907	0.00925	0.00463	0.01157
32	0.04148	0.02506	0.03196	0.02418	0.03275	0.02560	0.06737	0.29712	0.03986	0.25606	0.03125	0.02975	0.02093	0.01248	0.01078	0.00325	0.01123	0.01023	0.01103	0.01762
33	0.08695	0.02470	0.04046	0.06032	0.51380	0.02500	0.03056	0.03233	0.02353	0.03570	0.01942	0.02536	0.01627	0.00946	0.01012	0.00315	0.01217	0.00909	0.00535	0.01627
34	0.02413	0.02344	0.04110	0.23124	0.36576	0.02475	0.07388	0.03087	0.02323	0.03213	0.01968	0.02700	0.01586	0.00974	0.01067	0.00330	0.01349	0.00968	0.00508	0.01497
35	0.70310	0.02045	0.01554	0.01390	0.02045	0.02372	0.01145	0.03108	0.01799	0.04744	0.01472	0.01718	0.01145	0.00981	0.00654	0.00327	0.00818	0.00573	0.00654	0.01145
36	0.01837	0.00918	0.01377	0.01377	0.01377	0.00918	0.00918	0.01377	0.01377	0.01837	0.01837	0.03214	0.01837	0.03673	0.04132	0.69238	0.00918	0.00918	0.00459	0.00459
37	0.02121	0.05469	0.57364	0.03014	0.04576	0.02455	0.03906	0.03348	0.02232	0.03348	0.01897	0.02232	0.01339	0.01005	0.01005	0.00335	0.01563	0.00781	0.00446	0.01563
38	0.02726	0.02783	0.07749	0.14347	0.07783	0.09530	0.05927	0.06607	0.11752	0.07061	0.06274	0.03184	0.02464	0.01190	0.01050	0.00320	0.01247	0.01015	0.00741	0.06249
39	0.01516	0.01016	0.01160	0.01181	0.01186	0.01011	0.00670	0.01532	0.01579	0.02106	0.03546	0.11658	0.04114	0.57734	0.05036	0.00974	0.00990	0.01664	0.00670	0.00659
40	0.02728	0.02320	0.02446	0.02172	0.02787	0.02676	0.01697	0.08956	0.50838	0.04582	0.04178	0.03845	0.03126	0.01423	0.01075	0.00356	0.00860	0.01178	0.01075	0.01682
41	0.02924	0.58438	0.05321	0.01888	0.02762	0.08876	0.01829	0.03257	0.02221	0.02496	0.01484	0.01714	0.01357	0.00921	0.00702	0.00230	0.01198	0.00575	0.00460	0.01346
42	0.04271	0.02123	0.07254	0.07224	0.03272	0.01703	0.01881	0.04777	0.02876	0.47480	0.03769	0.03411	0.02399	0.01260	0.01058	0.00330	0.01003	0.01028	0.01159	0.01723
43	0.03902	0.01697	0.02239	0.01795	0.02479	0.01539	0.01453	0.04561	0.07627	0.41672	0.14525	0.04493	0.04149	0.01491	0.01101	0.00331	0.00814	0.01246	0.01259	0.01627
44	0.01275	0.01072	0.01107	0.01098	0.01444	0.00903	0.00823	0.01567	0.02470	0.02999	0.15365	0.09940	0.51074	0.02624	0.01249	0.00354	0.00532	0.02198	0.01001	0.00903
45	0.02324	0.02371	0.08038	0.46116	0.06414	0.02504	0.02879	0.10574	0.02571	0.03379	0.01984	0.02722	0.01464	0.01086	0.01052	0.00345	0.01385	0.00927	0.00560	0.01307
46	0.03099	0.02544	0.10177	0.06619	0.03694	0.02155	0.10899	0.07529	0.10914	0.19608	0.08596	0.03661	0.02989	0.01283	0.01108	0.00340	0.01144	0.01151	0.00933	0.01556
47	0.01285	0.00931	0.01216	0.01444	0.01526	0.00861	0.00969	0.01475	0.02051	0.02710	0.06169	0.58513	0.10412	0.03268	0.01343	0.00424	0.00608	0.02952	0.00981	0.00861
48	0.04148	0.02945	0.03021	0.02357	0.03169	0.08336	0.01927	0.39073	0.04414	0.15713	0.02757	0.02676	0.01909	0.01259	0.01049	0.00315	0.01186	0.00946	0.01055	0.01743
49	0.02609	0.02609	0.08153	0.15859	0.22048	0.02441	0.15122	0.03496	0.05777	0.07934	0.02335	0.02858	0.01761	0.01021	0.01099	0.00338	0.01382	0.01032	0.00613	0.01515
50	0.02723	0.09560	0.09294	0.16952	0.16282	0.14924	0.09186	0.03354	0.02436	0.02973	0.01843	0.02406	0.01471	0.00996	0.01012	0.00312	0.01519	0.00869	0.00502	0.01386
51	0.02291	0.02310	0.03299	0.45193	0.06336	0.08218	0.06210	0.03169	0.06921	0.02892	0.02090	0.02828	0.01581	0.01083	0.01061	0.00345	0.01436	0.00958	0.00537	0.01242
52	0.02649	0.02630	0.08045	0.11286	0.18213	0.02511	0.02480	0.10830	0.15880	0.04049	0.02621	0.02892	0.02009	0.01119	0.01026	0.00317	0.01136	0.00960	0.00737	0.08613
53	0.59684	0.02524	0.01785	0.01604	0.02241	0.11375	0.01289	0.03286	0.01991	0.04399	0.01498	0.01748	0.01180	0.00999	0.00702	0.00318	0.00992	0.00590	0.00637	0.01158
54	0.01693	0.01077	0.01377	0.01414	0.01649	0.00972	0.01016	0.01995	0.02439	0.08738	0.19273	0.33835	0.15094	0.02708	0.01278	0.00382	0.00601	0.02400	0.01062	0.00997
55	0.01496	0.01081	0.01413	0.01330	0.01580	0.00998	0.00998	0.01995	0.02993	0.04240	0.55689	0.07898	0.09976	0.02162	0.01247	0.00333	0.00499	0.01912	0.01164	0.00998
56	0.01535	0.01036	0.01206	0.01206	0.01225	0.01054	0.00707	0.01572	0.01553	0.02089	0.03283	0.06650	0.03727	0.57501	0.10563	0.01091	0.01201	0.01498	0.00633	0.00670
57	0.01317	0.00941	0.01260	0.01506	0.01580	0.00884	0.01032	0.01523	0.02053	0.02732	0.05811	0.58619	0.06929	0.03285	0.01357	0.00433	0.00639	0.06250	0.00981	0.00867
58	0.01324	0.00946	0.01268	0.01513	0.01590	0.00890	0.01043	0.01534	0.02059	0.02739	0.05808	0.57842	0.06915	0.03279	0.01359	0.00434	0.00644	0.06964	0.00981	0.00869
59	0.01837	0.00918	0.01377	0.01377	0.01377	0.00918	0.00918	0.01377	0.01377	0.01837	0.01837	0.03214	0.01837	0.03673	0.04132	0.69238	0.00918	0.00918	0.00459	0.00459
60	0.70310	0.02045	0.01554	0.01390	0.02045	0.02372	0.01145	0.03108	0.01799	0.04744	0.01472	0.01718	0.01145	0.00981	0.00654	0.00327	0.00818	0.00573	0.00654	0.01145
61	0.02546	0.02526	0.03893	0.20806	0.39089	0.06574	0.03073	0.03169	0.02371	0.03187	0.01933	0.02620	0.01580	0.00984	0.01043	0.00321	0.01345	0.00922	0.00510	0.01506
62	0.02665	0.02875	0.02516	0.02197	0.02613	0.21624	0.01699	0.02963	0.02224	0.02691	0.01969	0.02830	0.01824	0.07549	0.10842	0.00575	0.13586	0.00863	0.00557	0.15340
63	0.04744	0.01799	0.02454	0.01881	0.02699	0.01554	0.01554	0.05153	0.03026	0.56979	0.04171	0.03599	0.02617	0.01309	0.01063	0.00327	0.00900	0.01063	0.01309	0.01799
64	0.02508	0.02800	0.05893	0.04249	0.05277	0.02670	0.47851	0.03587	0.07150	0.03480	0.02333	0.02950	0.01750	0.00940	0.01232	0.00357	0.01698	0.01243	0.00583	0.01448
65	0.03068	0.11426	0.24598	0.02602	0.03729	0.02572	0.06915	0.08347	0.06369	0.16234	0.02626	0.02687	0.01840	0.01108	0.01007	0.00321	0.01282	0.00904	0.00757	0.01609
66	0.02617	0.02512	0.04292	0.06490	0.56246	0.02512	0.03245	0.03245	0.02407	0.03454	0.01989	0.02617	0.01675	0.00942	0.01047	0.00314	0.01256	0.00942	0.00523	0.01675
67	0.20969	0.03442	0.26052	0.02490	0.06710	0.02181	0.02525	0.03420	0.02306	0.11538	0.06755	0.02803	0.02237	0.01138	0.00942	0.00330	0.01154	0.00873	0.00694	0.01442
68	0.07151	0.02054	0.03099	0.22013	0.19364	0.02204	0.02440	0.06852	0.02532	0.12465	0.02657	0.07892	0.02179	0.01271	0.01054	0.00340	0.01155	0.01116	0.00725	0.01439
69	0.01660	0.01022	0.01367	0.01505	0.01657	0.00941	0.01042	0.01890	0.02196	0.08425	0.09168	0.52272	0.06750	0.03024	0.01313	0.00412	0.00635	0.02728	0.01028	0.00966
70	0.01301	0.01073	0.01143	0.01125	0.01460	0.00915	0.00844	0.01617	0.02532	0.03145	0.20107	0.09700	0.46241	0.02570	0.01249	0.00352	0.00528	0.02165	0.01020	0.00915
71	0.03448	0.31619	0.04445	0.02246	0.03115	0.07319	0.07032	0.10085	0.02802	0.15062	0.02281	0.02356	0.01716	0.01052	0.00891	0.00277	0.01209	0.00803	0.00733	0.01508
72	0.02560	0.02532	0.08042	0.13360	0.21173	0.02454	0.02557	0.08747	0.14215	0.03909	0.02663	0.03020	0.02050	0.01136	0.01026	0.00327	0.01140	0.00989	0.06567	0.01534

[dist]
# distance from previous block
# <min> <max>
1	2

[block]
# block no. 3 follows, 13 sequences, length 42
# corresponding to MSA columns:
# 820-861
name=unknown_D
#
# <colnr> <probs for GDERKNQSTAVLIFYWHMCP>
#	G	D	E	R	K	N	Q	S	T	A	V	L	I	F	Y	W	H	M	C	P
0	0.08194	0.07266	0.03604	0.12686	0.24260	0.16037	0.02555	0.07145	0.02634	0.03410	0.01853	0.02338	0.01506	0.01020	0.00971	0.00305	0.01385	0.00825	0.00566	0.01438
1	0.02438	0.02521	0.03220	0.02772	0.02813	0.07451	0.02293	0.02672	0.01724	0.02548	0.01407	0.02282	0.01386	0.01793	0.03278	0.00448	0.56417	0.00907	0.00469	0.01162
2	0.01861	0.01679	0.02302	0.02146	0.02169	0.02153	0.01668	0.02055	0.01764	0.02560	0.03223	0.25167	0.03705	0.07701	0.02840	0.00499	0.33078	0.01759	0.00673	0.01000
3	0.01419	0.01078	0.01307	0.01249	0.01532	0.00965	0.00937	0.01846	0.02811	0.03808	0.41657	0.08608	0.24278	0.02323	0.01248	0.00340	0.00510	0.02012	0.01107	0.00965
4	0.01288	0.00920	0.01227	0.01472	0.01534	0.00859	0.00981	0.01472	0.02024	0.02699	0.05828	0.62152	0.06993	0.03312	0.01350	0.00429	0.00613	0.03006	0.00981	0.00859
5	0.02701	0.02872	0.11581	0.04845	0.32762	0.02462	0.07198	0.03759	0.09913	0.07668	0.02489	0.02849	0.01917	0.01046	0.01063	0.00328	0.01257	0.00991	0.00653	0.01647
6	0.03777	0.01727	0.02112	0.01690	0.02336	0.01644	0.01373	0.11639	0.03076	0.32886	0.03697	0.03541	0.02520	0.01279	0.00962	0.00301	0.00815	0.01022	0.22054	0.01548
7	0.04159	0.01818	0.02394	0.01809	0.02655	0.01521	0.01485	0.04582	0.02835	0.44718	0.03646	0.03277	0.02377	0.01188	0.00999	0.00288	0.00873	0.00963	0.01152	0.17260
8	0.02313	0.02313	0.03238	0.02776	0.02776	0.03238	0.02313	0.02545	0.01619	0.02545	0.01388	0.02313	0.01388	0.01851	0.03470	0.00463	0.60907	0.00925	0.00463	0.01157
9	0.02192	0.01879	0.02192	0.01566	0.02506	0.01409	0.01253	0.02662	0.02192	0.03445	0.01879	0.02192	0.01566	0.00783	0.00783	0.00157	0.00783	0.00626	0.00626	0.69305
10	0.04019	0.02962	0.03173	0.02433	0.03279	0.03279	0.02010	0.52721	0.04971	0.06663	0.02538	0.02538	0.01798	0.01269	0.01058	0.00317	0.01163	0.00952	0.01058	0.01798
11	0.49105	0.01993	0.01753	0.01445	0.02188	0.02072	0.01179	0.02969	0.01922	0.04340	0.01599	0.01865	0.01276	0.00920	0.00694	0.00274	0.00807	0.00589	0.00646	0.22364
12	0.01309	0.00929	0.01221	0.01445	0.01502	0.00873	0.00953	0.01478	0.01984	0.02645	0.05618	0.57525	0.06729	0.08299	0.01687	0.00479	0.00648	0.02883	0.00953	0.00841
13	0.04019	0.02962	0.03173	0.02433	0.03279	0.03279	0.02010	0.52721	0.04971	0.06663	0.02538	0.02538	0.01798	0.01269	0.01058	0.00317	0.01163	0.00952	0.01058	0.01798
14	0.04744	0.01799	0.02454	0.01881	0.02699	0.01554	0.01554	0.05153	0.03026	0.56979	0.04171	0.03599	0.02617	0.01309	0.01063	0.00327	0.00900	0.01063	0.01309	0.01799
15	0.03222	0.02978	0.03176	0.02635	0.03045	0.11648	0.02155	0.22238	0.03127	0.04147	0.01871	0.02339	0.01543	0.01510	0.02154	0.00377	0.28815	0.00899	0.00706	0.01416
16	0.02049	0.01932	0.03265	0.55793	0.11384	0.02363	0.02962	0.02747	0.02139	0.02764	0.01888	0.02802	0.01432	0.01047	0.01056	0.00349	0.01397	0.00940	0.00474	0.01216
17	0.70310	0.02045	0.01554	0.01390	0.02045	0.02372	0.01145	0.03108	0.01799	0.04744	0.01472	0.01718	0.01145	0.00981	0.00654	0.00327	0.00818	0.00573	0.00654	0.01145
18	0.01538	0.01025	0.01153	0.01153	0.01153	0.01025	0.00641	0.01538	0.01538	0.02050	0.03331	0.06919	0.03844	0.62842	0.05382	0.01025	0.01025	0.01538	0.00641	0.00641
19	0.01533	0.01041	0.01236	0.01236	0.01264	0.01070	0.00743	0.01590	0.01562	0.02111	0.03256	0.06502	0.03663	0.54554	0.13422	0.01127	0.01298	0.01476	0.00629	0.00686
20	0.70310	0.02045	0.01554	0.01390	0.02045	0.02372	0.01145	0.03108	0.01799	0.04744	0.01472	0.01718	0.01145	0.00981	0.00654	0.00327	0.00818	0.00573	0.00654	0.01145
21	0.02131	0.01140	0.01156	0.01098	0.01392	0.01165	0.00838	0.06388	0.02432	0.04154	0.03378	0.03832	0.02639	0.01235	0.00764	0.00252	0.00545	0.00983	0.63429	0.01049
22	0.02235	0.02123	0.03602	0.39614	0.26106	0.02412	0.03055	0.02910	0.02227	0.02991	0.01921	0.02741	0.01511	0.01013	0.01053	0.00338	0.01350	0.00941	0.00490	0.01367
23	0.02313	0.02313	0.03238	0.02776	0.02776	0.03238	0.02313	0.02545	0.01619	0.02545	0.01388	0.02313	0.01388	0.01851	0.03470	0.00463	0.60907	0.00925	0.00463	0.01157
24	0.01538	0.01025	0.01153	0.01153	0.01153	0.01025	0.00641	0.01538	0.01538	0.02050	0.03331	0.06919	0.03844	0.62842	0.05382	0.01025	0.01025	0.01538	0.00641	0.00641
25	0.04019	0.02962	0.03173	0.02433	0.03279	0.03279	0.02010	0.52721	0.04971	0.06663	0.02538	0.02538	0.01798	0.01269	0.01058	0.00317	0.01163	0.00952	0.01058	0.01798
26	0.02780	0.02760	0.09199	0.08626	0.17650	0.02431	0.25328	0.03551	0.02500	0.11048	0.02355	0.02848	0.01731	0.00985	0.01138	0.00340	0.01480	0.01085	0.00631	0.01533
27	0.03671	0.01827	0.02217	0.01834	0.02498	0.01807	0.01471	0.04901	0.19002	0.32655	0.04106	0.03758	0.02822	0.01337	0.01019	0.00325	0.00820	0.01093	0.11196	0.01640
28	0.03950	0.05039	0.02996	0.02724	0.03269	0.58597	0.02043	0.04222	0.02996	0.02588	0.01634	0.01907	0.01362	0.01090	0.00953	0.00272	0.01907	0.00681	0.00545	0.01226
29	0.03411	0.07571	0.12680	0.07152	0.15589	0.06592	0.02497	0.04016	0.02617	0.23458	0.02723	0.02810	0.01906	0.01108	0.01011	0.00315	0.01225	0.00911	0.00799	0.01609
30	0.01463	0.00981	0.01248	0.01341	0.01408	0.00957	0.00875	0.01513	0.01783	0.02360	0.04638	0.27198	0.09089	0.22225	0.07244	0.11204	0.00945	0.02025	0.00765	0.00739
31	0.01277	0.00965	0.01180	0.01352	0.01502	0.00869	0.00928	0.01486	0.02139	0.02746	0.07286	0.46626	0.21578	0.03123	0.01320	0.00408	0.00590	0.02774	0.00982	0.00869
32	0.02448	0.03702	0.31278	0.12011	0.04337	0.02186	0.02975	0.03528	0.06601	0.10980	0.02756	0.07802	0.02175	0.01290	0.01057	0.00347	0.01301	0.01072	0.00672	0.01482
33	0.03384	0.02724	0.08228	0.04182	0.27014	0.02487	0.02629	0.15852	0.03159	0.15931	0.02593	0.02779	0.01882	0.01108	0.01049	0.00320	0.01182	0.00957	0.00820	0.01723
34	0.02691	0.12262	0.13276	0.07592	0.07979	0.15258	0.13692	0.03353	0.02521	0.03098	0.06512	0.02787	0.02187	0.01084	0.01029	0.00310	0.01500	0.00955	0.00559	0.01356
35	0.64849	0.02120	0.01687	0.01476	0.02146	0.02447	0.01216	0.07195	0.02061	0.04902	0.01560	0.01785	0.01199	0.01005	0.00688	0.00326	0.00846	0.00604	0.00688	0.01199
36	0.22319	0.02102	0.06773	0.07539	0.07684	0.01966	0.09022	0.02639	0.02082	0.03523	0.03023	0.20716	0.03097	0.01692	0.01049	0.00365	0.01040	0.01499	0.00695	0.01177
37	0.02011	0.03974	0.36656	0.02474	0.03617	0.02052	0.02891	0.03118	0.05961	0.03522	0.10449	0.07270	0.03177	0.01347	0.01051	0.00328	0.01222	0.01119	0.00650	0.07112
38	0.02150	0.01844	0.02114	0.01575	0.02434	0.01471	0.01251	0.02821	0.06744	0.03480	0.02847	0.03029	0.06361	0.01002	0.00848	0.00191	0.00766	0.00813	0.00696	0.57562
39	0.01268	0.01072	0.01097	0.01090	0.01439	0.00900	0.00818	0.01553	0.02453	0.02959	0.14060	0.10006	0.52404	0.02639	0.01249	0.00355	0.00533	0.02208	0.00995	0.00900
40	0.02681	0.49284	0.08896	0.07123	0.03463	0.03785	0.06216	0.03157	0.02180	0.02638	0.01589	0.01924	0.01381	0.00923	0.00780	0.00255	0.01237	0.00668	0.00460	0.01361
41	0.01837	0.00918	0.01377	0.01377	0.01377	0.00918	0.00918	0.01377	0.01377	0.01837	0.01837	0.03214	0.01837	0.03673	0.04132	0.69238	0.00918	0.00918	0.00459	0.00459

[dist]
# distance from previous block
# <min> <max>
0	8

# created by:
# /st0/software/busco_prod/Augustus/scripts/msa2prfl.pl ./align_prep/6156.fa
