[name]
unknown

[dist]
# distance from previous block
# <min> <max>
0	74

[block]
# block no. 0 follows, 13 sequences, length 44
# corresponding to MSA columns:
# 74-117
name=unknown_A
#
# <colnr> <probs for GDERKNQSTAVLIFYWHMCP>
#	G	D	E	R	K	N	Q	S	T	A	V	L	I	F	Y	W	H	M	C	P
0	0.01683	0.01203	0.01674	0.01884	0.02128	0.01195	0.01632	0.02171	0.02491	0.03274	0.10690	0.11517	0.06481	0.02844	0.01439	0.00471	0.00925	0.44330	0.00993	0.00976
1	0.01971	0.00985	0.00985	0.00985	0.01232	0.00985	0.00739	0.02464	0.02217	0.03942	0.03449	0.03942	0.02710	0.01232	0.00739	0.00246	0.00493	0.00985	0.68712	0.00985
2	0.70310	0.02045	0.01554	0.01390	0.02045	0.02372	0.01145	0.03108	0.01799	0.04744	0.01472	0.01718	0.01145	0.00981	0.00654	0.00327	0.00818	0.00573	0.00654	0.01145
3	0.01250	0.01071	0.01071	0.01071	0.01428	0.00893	0.00803	0.01517	0.02410	0.02856	0.10711	0.10175	0.55817	0.02678	0.01250	0.00357	0.00536	0.02231	0.00982	0.00893
4	0.01529	0.01037	0.01209	0.01191	0.01244	0.01019	0.00717	0.01635	0.01849	0.02518	0.14527	0.07128	0.05155	0.49866	0.04497	0.00877	0.00913	0.01618	0.00753	0.00717
5	0.41684	0.01938	0.01947	0.01605	0.02330	0.02015	0.01324	0.04001	0.02335	0.27550	0.02651	0.02539	0.01788	0.01124	0.00833	0.00327	0.00854	0.00787	0.00940	0.01431
6	0.01510	0.01133	0.01699	0.01699	0.01888	0.01322	0.01322	0.01888	0.01699	0.02454	0.02832	0.04154	0.02643	0.07930	0.58652	0.01699	0.02832	0.01133	0.00566	0.00944
7	0.01975	0.01303	0.01778	0.01692	0.01980	0.01388	0.01304	0.06265	0.02307	0.08078	0.10348	0.13428	0.04209	0.05308	0.32276	0.01085	0.01869	0.01504	0.00817	0.01086
8	0.03576	0.04255	0.02825	0.02562	0.03122	0.42751	0.01938	0.04617	0.17532	0.03107	0.02390	0.02484	0.01890	0.01187	0.00988	0.00297	0.01604	0.00827	0.00695	0.01353
9	0.01639	0.01177	0.01652	0.01617	0.01754	0.01363	0.01218	0.01893	0.01687	0.02475	0.02765	0.04319	0.02662	0.14475	0.37638	0.06874	0.06593	0.01146	0.06174	0.00880
10	0.23943	0.03489	0.02912	0.07122	0.03449	0.27011	0.06958	0.07323	0.02657	0.03644	0.01724	0.02066	0.01357	0.01047	0.00908	0.00308	0.01465	0.00747	0.00610	0.01260
11	0.01569	0.01066	0.01348	0.01277	0.01526	0.00996	0.00958	0.02067	0.02874	0.04194	0.47677	0.07291	0.08862	0.02019	0.01169	0.00319	0.00498	0.01770	0.11524	0.00996
12	0.08621	0.02094	0.02783	0.10602	0.07148	0.01949	0.05273	0.06845	0.02406	0.03714	0.01921	0.02342	0.01534	0.00899	0.00884	0.00238	0.01010	0.00758	0.00628	0.38352
13	0.02404	0.02304	0.03853	0.23375	0.28495	0.02489	0.07454	0.03392	0.09151	0.03329	0.02271	0.02879	0.01786	0.01040	0.01072	0.00336	0.01300	0.01003	0.00580	0.01488
14	0.02969	0.24722	0.04075	0.02475	0.06546	0.03227	0.05192	0.14919	0.12442	0.04009	0.02351	0.02485	0.01858	0.01076	0.00910	0.00279	0.01103	0.00845	0.00732	0.07784
15	0.01921	0.01863	0.03394	0.17858	0.08650	0.01899	0.16308	0.02485	0.02249	0.02972	0.03892	0.20286	0.08066	0.01788	0.01211	0.00373	0.01197	0.01731	0.00685	0.01172
16	0.02356	0.02332	0.04264	0.13897	0.31098	0.02357	0.14546	0.03013	0.02344	0.03244	0.02397	0.08756	0.02157	0.01189	0.01126	0.00342	0.01339	0.01223	0.00564	0.01455
17	0.03056	0.07728	0.21346	0.02375	0.03355	0.02187	0.05796	0.07271	0.02590	0.19664	0.02822	0.03330	0.02133	0.09767	0.01632	0.00421	0.01239	0.01002	0.00788	0.01498
18	0.01319	0.01074	0.01168	0.01144	0.01471	0.00922	0.00858	0.01653	0.02575	0.03248	0.23445	0.09531	0.42838	0.02532	0.01249	0.00350	0.00525	0.02141	0.01033	0.00922
19	0.01365	0.00979	0.01295	0.01420	0.01550	0.00910	0.00987	0.01664	0.02380	0.03265	0.24142	0.42224	0.08089	0.02890	0.01312	0.00394	0.00571	0.02604	0.01048	0.00910
20	0.02498	0.34533	0.25610	0.02379	0.03450	0.03410	0.02682	0.03174	0.02127	0.02831	0.01629	0.01969	0.01353	0.01040	0.01090	0.00293	0.07376	0.00687	0.00451	0.01417
21	0.02246	0.01957	0.02557	0.03348	0.21818	0.05697	0.01912	0.02945	0.07082	0.03387	0.03593	0.09708	0.06628	0.01993	0.05677	0.00427	0.01107	0.01277	0.15346	0.01295
22	0.01288	0.00920	0.01227	0.01472	0.01534	0.00859	0.00981	0.01472	0.02024	0.02699	0.05828	0.62152	0.06993	0.03312	0.01350	0.00429	0.00613	0.03006	0.00981	0.00859
23	0.01402	0.00968	0.01193	0.01327	0.01360	0.00935	0.00826	0.01502	0.01802	0.02403	0.04690	0.36977	0.05558	0.30446	0.03187	0.00701	0.00801	0.02337	0.00826	0.00759
24	0.03102	0.08944	0.02851	0.02290	0.02865	0.25847	0.01783	0.04516	0.24022	0.03469	0.07169	0.03219	0.02838	0.01303	0.01003	0.00309	0.01280	0.00983	0.00806	0.01403
25	0.70310	0.02045	0.01554	0.01390	0.02045	0.02372	0.01145	0.03108	0.01799	0.04744	0.01472	0.01718	0.01145	0.00981	0.00654	0.00327	0.00818	0.00573	0.00654	0.01145
26	0.01288	0.00920	0.01227	0.01472	0.01534	0.00859	0.00981	0.01472	0.02024	0.02699	0.05828	0.62152	0.06993	0.03312	0.01350	0.00429	0.00613	0.03006	0.00981	0.00859
27	0.02370	0.02350	0.04265	0.25455	0.28815	0.02485	0.12648	0.03077	0.02319	0.03170	0.01978	0.02735	0.01566	0.00974	0.01089	0.00336	0.01413	0.01000	0.00506	0.01447
28	0.01997	0.01879	0.03171	0.60301	0.07282	0.02349	0.02936	0.02701	0.02114	0.02701	0.01879	0.02819	0.01409	0.01057	0.01057	0.00352	0.01409	0.00940	0.00470	0.01175
29	0.01411	0.01117	0.01736	0.01776	0.01939	0.01043	0.06209	0.01667	0.02072	0.02769	0.05453	0.56124	0.06445	0.03066	0.01339	0.00422	0.00732	0.02827	0.00936	0.00916
30	0.02121	0.05469	0.57364	0.03014	0.04576	0.02455	0.03906	0.03348	0.02232	0.03348	0.01897	0.02232	0.01339	0.01005	0.01005	0.00335	0.01563	0.00781	0.00446	0.01563
31	0.01510	0.01133	0.01699	0.01699	0.01888	0.01322	0.01322	0.01888	0.01699	0.02454	0.02832	0.04154	0.02643	0.07930	0.58652	0.01699	0.02832	0.01133	0.00566	0.00944
32	0.01997	0.01879	0.03171	0.60301	0.07282	0.02349	0.02936	0.02701	0.02114	0.02701	0.01879	0.02819	0.01409	0.01057	0.01057	0.00352	0.01409	0.00940	0.00470	0.01175
33	0.70310	0.02045	0.01554	0.01390	0.02045	0.02372	0.01145	0.03108	0.01799	0.04744	0.01472	0.01718	0.01145	0.00981	0.00654	0.00327	0.00818	0.00573	0.00654	0.01145
34	0.01510	0.01133	0.01699	0.01699	0.01888	0.01322	0.01322	0.01888	0.01699	0.02454	0.02832	0.04154	0.02643	0.07930	0.58652	0.01699	0.02832	0.01133	0.00566	0.00944
35	0.02827	0.63478	0.05540	0.01809	0.02714	0.04184	0.01809	0.03166	0.02148	0.02488	0.01470	0.01696	0.01357	0.00905	0.00678	0.00226	0.01131	0.00565	0.00452	0.01357
36	0.04019	0.02962	0.03173	0.02433	0.03279	0.03279	0.02010	0.52721	0.04971	0.06663	0.02538	0.02538	0.01798	0.01269	0.01058	0.00317	0.01163	0.00952	0.01058	0.01798
37	0.04744	0.01799	0.02454	0.01881	0.02699	0.01554	0.01554	0.05153	0.03026	0.56979	0.04171	0.03599	0.02617	0.01309	0.01063	0.00327	0.00900	0.01063	0.01309	0.01799
38	0.70310	0.02045	0.01554	0.01390	0.02045	0.02372	0.01145	0.03108	0.01799	0.04744	0.01472	0.01718	0.01145	0.00981	0.00654	0.00327	0.00818	0.00573	0.00654	0.01145
39	0.01323	0.01030	0.01173	0.01222	0.01457	0.00912	0.00867	0.01585	0.02334	0.02974	0.16137	0.22794	0.31665	0.07712	0.01615	0.00427	0.00590	0.02320	0.00983	0.00880
40	0.04222	0.01757	0.02266	0.01776	0.02501	0.01598	0.01455	0.08547	0.03048	0.44050	0.03919	0.03570	0.02567	0.01293	0.01009	0.00313	0.00853	0.01041	0.12552	0.01663
41	0.01450	0.01060	0.01263	0.01278	0.01464	0.00987	0.00903	0.01719	0.02300	0.03049	0.21302	0.12893	0.18599	0.20320	0.02492	0.00563	0.00711	0.05857	0.00936	0.00854
42	0.02718	0.54581	0.13489	0.01994	0.02999	0.03919	0.02131	0.03194	0.02161	0.02620	0.01535	0.01778	0.01354	0.00920	0.00728	0.00243	0.01197	0.00598	0.00451	0.01388
43	0.03441	0.16825	0.03023	0.01883	0.02538	0.13555	0.01567	0.03826	0.02743	0.21298	0.10366	0.03454	0.03132	0.01286	0.00951	0.00287	0.01067	0.00984	0.06378	0.01398

[dist]
# distance from previous block
# <min> <max>
4	27

[block]
# block no. 1 follows, 13 sequences, length 22
# corresponding to MSA columns:
# 145-166
name=unknown_B
#
# <colnr> <probs for GDERKNQSTAVLIFYWHMCP>
#	G	D	E	R	K	N	Q	S	T	A	V	L	I	F	Y	W	H	M	C	P
0	0.08042	0.02708	0.12041	0.07166	0.03605	0.02251	0.06222	0.12284	0.06565	0.19591	0.06483	0.03246	0.02519	0.01240	0.01051	0.00334	0.01133	0.01034	0.00916	0.01567
1	0.02420	0.02013	0.02478	0.08142	0.07928	0.02166	0.01793	0.10374	0.20631	0.04073	0.06672	0.13410	0.03581	0.01626	0.01097	0.00339	0.00914	0.01406	0.00908	0.08028
2	0.14359	0.02226	0.02438	0.02277	0.07518	0.02361	0.01646	0.15373	0.14896	0.04709	0.02695	0.02813	0.02058	0.01143	0.00914	0.00294	0.00907	0.00891	0.07585	0.12897
3	0.02735	0.01878	0.02246	0.01671	0.02517	0.01548	0.01345	0.07090	0.02641	0.13414	0.07328	0.03002	0.02553	0.01045	0.00899	0.00217	0.00808	0.00850	0.00834	0.45379
4	0.01439	0.01116	0.01496	0.01783	0.06062	0.01034	0.01141	0.01748	0.02349	0.03145	0.17869	0.35362	0.16031	0.02737	0.01283	0.00384	0.00626	0.02443	0.00986	0.00965
5	0.01437	0.01078	0.01331	0.01268	0.01543	0.00972	0.00951	0.01881	0.02853	0.03908	0.44910	0.08444	0.20962	0.02285	0.01248	0.00338	0.00508	0.01989	0.01120	0.00972
6	0.01425	0.01032	0.01180	0.01202	0.01417	0.00941	0.00844	0.01708	0.02315	0.03108	0.18080	0.17332	0.23882	0.12382	0.01895	0.00463	0.00617	0.02062	0.07239	0.00878
7	0.02458	0.02350	0.04004	0.20280	0.43698	0.02470	0.03166	0.03106	0.02332	0.03261	0.01961	0.02669	0.01607	0.00972	0.01049	0.00324	0.01295	0.00941	0.00510	0.01547
8	0.09234	0.04179	0.34614	0.02660	0.03820	0.02567	0.03027	0.10250	0.02574	0.08195	0.02078	0.02343	0.01492	0.01148	0.01227	0.00344	0.07271	0.00822	0.00623	0.01534
9	0.02391	0.01991	0.02537	0.02090	0.02686	0.02064	0.06490	0.10450	0.20214	0.04476	0.20681	0.04784	0.04949	0.01536	0.01119	0.00324	0.00859	0.01350	0.01005	0.08006
10	0.70310	0.02045	0.01554	0.01390	0.02045	0.02372	0.01145	0.03108	0.01799	0.04744	0.01472	0.01718	0.01145	0.00981	0.00654	0.00327	0.00818	0.00573	0.00654	0.01145
11	0.02617	0.02512	0.04292	0.06490	0.56246	0.02512	0.03245	0.03245	0.02407	0.03454	0.01989	0.02617	0.01675	0.00942	0.01047	0.00314	0.01256	0.00942	0.00523	0.01675
12	0.01326	0.01074	0.01176	0.01151	0.01475	0.00925	0.00863	0.01664	0.02589	0.03282	0.24554	0.09474	0.41708	0.02519	0.01249	0.00349	0.00524	0.02133	0.01038	0.00925
13	0.03525	0.27058	0.03732	0.01891	0.02694	0.02862	0.01681	0.12047	0.02993	0.21183	0.07796	0.03062	0.02680	0.01220	0.00923	0.00285	0.00999	0.00924	0.00903	0.01541
14	0.03343	0.15317	0.11751	0.02439	0.03285	0.16874	0.05618	0.03868	0.02637	0.15768	0.02629	0.03260	0.02087	0.01239	0.00998	0.00310	0.01372	0.05042	0.00731	0.01431
15	0.01288	0.00920	0.01227	0.01472	0.01534	0.00859	0.00981	0.01472	0.02024	0.02699	0.05828	0.62152	0.06993	0.03312	0.01350	0.00429	0.00613	0.03006	0.00981	0.00859
16	0.02326	0.04280	0.39210	0.08602	0.04554	0.02285	0.07353	0.03353	0.02363	0.08039	0.05779	0.02846	0.02068	0.01106	0.01051	0.00338	0.01435	0.00937	0.00580	0.01495
17	0.08706	0.07395	0.03121	0.12786	0.15067	0.02264	0.02125	0.07028	0.02691	0.18127	0.07840	0.03280	0.02645	0.01205	0.01009	0.00320	0.01057	0.01008	0.00833	0.01493
18	0.01595	0.01308	0.01985	0.07653	0.02528	0.01383	0.04975	0.01903	0.02037	0.02730	0.04569	0.36777	0.05225	0.07962	0.01851	0.00478	0.05758	0.07510	0.00826	0.00948
19	0.03005	0.01523	0.01910	0.01658	0.02191	0.01411	0.01295	0.03689	0.09267	0.27167	0.10564	0.14754	0.13108	0.01967	0.01161	0.00353	0.00744	0.01678	0.01156	0.01399
20	0.02533	0.02498	0.11455	0.07603	0.03302	0.02240	0.02128	0.08386	0.14764	0.08916	0.02958	0.03344	0.02294	0.02950	0.15605	0.00689	0.05105	0.01035	0.00774	0.01421
21	0.08363	0.10129	0.19303	0.12474	0.08981	0.07392	0.02676	0.03562	0.02381	0.11978	0.02170	0.02460	0.01579	0.01052	0.00958	0.00316	0.01321	0.00819	0.00625	0.01460

[dist]
# distance from previous block
# <min> <max>
0	24

[block]
# block no. 2 follows, 13 sequences, length 39
# corresponding to MSA columns:
# 191-229
name=unknown_C
#
# <colnr> <probs for GDERKNQSTAVLIFYWHMCP>
#	G	D	E	R	K	N	Q	S	T	A	V	L	I	F	Y	W	H	M	C	P
0	0.02756	0.08997	0.15844	0.14018	0.22145	0.02484	0.02927	0.03468	0.02389	0.11734	0.02245	0.02631	0.01671	0.01031	0.01005	0.00319	0.01283	0.00887	0.00615	0.01550
1	0.13816	0.13456	0.07304	0.02996	0.12509	0.07842	0.05886	0.03216	0.02255	0.06813	0.02265	0.08178	0.02042	0.01284	0.01135	0.00325	0.05692	0.01014	0.00623	0.01352
2	0.14174	0.06820	0.11249	0.02877	0.03747	0.06714	0.16009	0.09404	0.07412	0.03923	0.02110	0.02463	0.01616	0.01105	0.01188	0.00338	0.05853	0.00924	0.00646	0.01426
3	0.01727	0.01320	0.01653	0.01664	0.01854	0.01385	0.01216	0.07735	0.02463	0.03322	0.10336	0.40176	0.09835	0.02771	0.01494	0.00404	0.06269	0.02401	0.00960	0.01015
4	0.02773	0.29880	0.08121	0.02169	0.02827	0.07277	0.01998	0.08886	0.02389	0.03028	0.01798	0.02460	0.01646	0.06923	0.01758	0.00370	0.13040	0.00798	0.00550	0.01309
5	0.15869	0.01700	0.01864	0.01685	0.02164	0.01732	0.01287	0.11949	0.02646	0.08977	0.03822	0.27882	0.03940	0.02043	0.01077	0.00353	0.00800	0.01733	0.00929	0.07547
6	0.14030	0.23360	0.03660	0.02368	0.08781	0.02704	0.04815	0.03364	0.02342	0.13540	0.03192	0.03253	0.08107	0.01210	0.00894	0.00296	0.01019	0.00946	0.00726	0.01393
7	0.02457	0.02492	0.11933	0.17336	0.10381	0.02120	0.02439	0.07735	0.06210	0.08773	0.03134	0.14520	0.02814	0.01550	0.01107	0.00355	0.01146	0.01352	0.00754	0.01393
8	0.01784	0.01935	0.08710	0.07362	0.02872	0.01601	0.04603	0.02293	0.02248	0.03195	0.15351	0.14207	0.04638	0.06491	0.05422	0.00480	0.05312	0.01532	0.00757	0.09207
9	0.01485	0.01021	0.01252	0.01300	0.01341	0.01039	0.00812	0.01579	0.01657	0.02239	0.03740	0.17245	0.04271	0.42754	0.12840	0.01013	0.01225	0.01761	0.00696	0.00730
10	0.02448	0.15342	0.23328	0.12813	0.04437	0.02763	0.06542	0.07730	0.02466	0.03388	0.01887	0.02303	0.01440	0.00988	0.00952	0.00299	0.01354	0.00803	0.00533	0.08184
11	0.03241	0.03040	0.02590	0.02215	0.02778	0.18587	0.01707	0.20242	0.11906	0.04350	0.07606	0.03608	0.02912	0.08666	0.01564	0.00397	0.01245	0.01073	0.00873	0.01401
12	0.02318	0.02291	0.03726	0.02986	0.03285	0.02828	0.14752	0.02747	0.01911	0.02923	0.01823	0.02643	0.01600	0.01535	0.02584	0.00410	0.38803	0.01014	0.08615	0.01204
13	0.02880	0.01333	0.01701	0.01451	0.01919	0.01210	0.01144	0.03342	0.02798	0.24563	0.21760	0.05175	0.05182	0.01582	0.01040	0.00307	0.00652	0.01335	0.19320	0.01305
14	0.62409	0.02154	0.01747	0.01515	0.02192	0.02480	0.01248	0.09021	0.02177	0.04973	0.01599	0.01815	0.01223	0.01016	0.00702	0.00326	0.00859	0.00618	0.00702	0.01223
15	0.01274	0.01072	0.01105	0.01097	0.01443	0.00903	0.00823	0.01565	0.02468	0.02993	0.15171	0.09950	0.51271	0.02627	0.01249	0.00355	0.00532	0.02200	0.01000	0.00903
16	0.19797	0.01856	0.02247	0.01768	0.02549	0.01742	0.01460	0.04683	0.02745	0.44986	0.03552	0.03167	0.02279	0.01234	0.00969	0.00327	0.00881	0.00951	0.01158	0.01649
17	0.02313	0.02313	0.03238	0.02776	0.02776	0.03238	0.02313	0.02545	0.01619	0.02545	0.01388	0.02313	0.01388	0.01851	0.03470	0.00463	0.60907	0.00925	0.00463	0.01157
18	0.02630	0.02271	0.02391	0.02152	0.02749	0.02630	0.01674	0.05618	0.54336	0.04423	0.04303	0.03945	0.03228	0.01434	0.01076	0.00359	0.00837	0.01195	0.01076	0.01674
19	0.01997	0.01879	0.03171	0.60301	0.07282	0.02349	0.02936	0.02701	0.02114	0.02701	0.01879	0.02819	0.01409	0.01057	0.01057	0.00352	0.01409	0.00940	0.00470	0.01175
20	0.01837	0.00918	0.01377	0.01377	0.01377	0.00918	0.00918	0.01377	0.01377	0.01837	0.01837	0.03214	0.01837	0.03673	0.04132	0.69238	0.00918	0.00918	0.00459	0.00459
21	0.04744	0.01799	0.02454	0.01881	0.02699	0.01554	0.01554	0.05153	0.03026	0.56979	0.04171	0.03599	0.02617	0.01309	0.01063	0.00327	0.00900	0.01063	0.01309	0.01799
22	0.02630	0.02271	0.02391	0.02152	0.02749	0.02630	0.01674	0.05618	0.54336	0.04423	0.04303	0.03945	0.03228	0.01434	0.01076	0.00359	0.00837	0.01195	0.01076	0.01674
23	0.02313	0.02313	0.03238	0.02776	0.02776	0.03238	0.02313	0.02545	0.01619	0.02545	0.01388	0.02313	0.01388	0.01851	0.03470	0.00463	0.60907	0.00925	0.00463	0.01157
24	0.70310	0.02045	0.01554	0.01390	0.02045	0.02372	0.01145	0.03108	0.01799	0.04744	0.01472	0.01718	0.01145	0.00981	0.00654	0.00327	0.00818	0.00573	0.00654	0.01145
25	0.02004	0.01684	0.01977	0.01489	0.02268	0.01301	0.01176	0.02464	0.02344	0.03535	0.11612	0.03756	0.07072	0.01158	0.00896	0.00201	0.00716	0.00964	0.00744	0.52639
26	0.02192	0.01879	0.02192	0.01566	0.02506	0.01409	0.01253	0.02662	0.02192	0.03445	0.01879	0.02192	0.01566	0.00783	0.00783	0.00157	0.00783	0.00626	0.00626	0.69305
27	0.04061	0.03023	0.02865	0.02319	0.03069	0.14496	0.01861	0.25007	0.08926	0.19058	0.02959	0.02828	0.02067	0.01258	0.01039	0.00315	0.01218	0.00948	0.01018	0.01665
28	0.03308	0.01931	0.02528	0.02359	0.08940	0.01788	0.01666	0.07431	0.07694	0.24590	0.10199	0.03733	0.03274	0.01284	0.01031	0.00295	0.00879	0.01080	0.01022	0.14969
29	0.02329	0.01804	0.02424	0.06724	0.13196	0.01868	0.01788	0.03499	0.16498	0.08766	0.17379	0.05310	0.10705	0.01630	0.01131	0.00340	0.00845	0.01419	0.00957	0.01387
30	0.03950	0.05039	0.02996	0.02724	0.03269	0.58597	0.02043	0.04222	0.02996	0.02588	0.01634	0.01907	0.01362	0.01090	0.00953	0.00272	0.01907	0.00681	0.00545	0.01226
31	0.03926	0.02764	0.03009	0.02345	0.03158	0.03030	0.01924	0.42389	0.10662	0.11386	0.02911	0.02811	0.02050	0.01293	0.01060	0.00323	0.01098	0.00992	0.01085	0.01783
32	0.02313	0.02313	0.03238	0.02776	0.02776	0.03238	0.02313	0.02545	0.01619	0.02545	0.01388	0.02313	0.01388	0.01851	0.03470	0.00463	0.60907	0.00925	0.00463	0.01157
33	0.02192	0.01879	0.02192	0.01566	0.02506	0.01409	0.01253	0.02662	0.02192	0.03445	0.01879	0.02192	0.01566	0.00783	0.00783	0.00157	0.00783	0.00626	0.00626	0.69305
34	0.02139	0.02134	0.03082	0.02602	0.02745	0.02781	0.05829	0.02427	0.01825	0.02663	0.03092	0.03743	0.11022	0.01924	0.02910	0.00436	0.45775	0.01180	0.00560	0.01130
35	0.02440	0.01798	0.02056	0.01742	0.02326	0.01792	0.01365	0.07113	0.19188	0.09130	0.17981	0.05031	0.08546	0.01584	0.01081	0.00310	0.00743	0.01335	0.01033	0.13405
36	0.04013	0.03155	0.03157	0.02460	0.03278	0.08430	0.02013	0.48205	0.04787	0.06284	0.02454	0.02480	0.01757	0.01253	0.01048	0.00313	0.01233	0.00927	0.01010	0.01745
37	0.20691	0.41875	0.04255	0.01784	0.02589	0.08768	0.01656	0.03249	0.02135	0.03091	0.01486	0.01721	0.01302	0.00942	0.00698	0.00257	0.01121	0.00578	0.00514	0.01289
38	0.03130	0.02148	0.05778	0.07664	0.03195	0.01806	0.01747	0.09401	0.02829	0.20369	0.06242	0.03112	0.02448	0.01136	0.00974	0.00270	0.00955	0.00926	0.00898	0.24971

[dist]
# distance from previous block
# <min> <max>
0	1

[block]
# block no. 3 follows, 13 sequences, length 37
# corresponding to MSA columns:
# 231-267
name=unknown_D
#
# <colnr> <probs for GDERKNQSTAVLIFYWHMCP>
#	G	D	E	R	K	N	Q	S	T	A	V	L	I	F	Y	W	H	M	C	P
0	0.03049	0.18528	0.26561	0.02453	0.03591	0.06754	0.02688	0.08190	0.02654	0.12713	0.02230	0.02346	0.01609	0.01064	0.00938	0.00301	0.01331	0.00787	0.00661	0.01552
1	0.24900	0.03115	0.02489	0.02171	0.02707	0.22415	0.01722	0.03747	0.02397	0.12145	0.01957	0.02189	0.01502	0.01215	0.01286	0.00330	0.10993	0.00749	0.00691	0.01282
2	0.02472	0.18212	0.21245	0.03531	0.08152	0.02961	0.22218	0.03312	0.02327	0.03164	0.01895	0.02371	0.01470	0.00932	0.01024	0.00316	0.01522	0.00922	0.00488	0.01468
3	0.01538	0.01025	0.01153	0.01153	0.01153	0.01025	0.00641	0.01538	0.01538	0.02050	0.03331	0.06919	0.03844	0.62842	0.05382	0.01025	0.01025	0.01538	0.00641	0.00641
4	0.01520	0.01128	0.01431	0.01460	0.01669	0.01094	0.01053	0.02126	0.07313	0.03667	0.31912	0.28300	0.08218	0.02536	0.01271	0.00372	0.00574	0.02265	0.01086	0.01006
5	0.01829	0.01154	0.01520	0.01387	0.01694	0.01055	0.01055	0.02319	0.02996	0.09649	0.50405	0.07457	0.09222	0.02074	0.01228	0.00332	0.00540	0.01825	0.01179	0.01080
6	0.01496	0.01081	0.01413	0.01330	0.01580	0.00998	0.00998	0.01995	0.02993	0.04240	0.55689	0.07898	0.09976	0.02162	0.01247	0.00333	0.00499	0.01912	0.01164	0.00998
7	0.02313	0.02313	0.03238	0.02776	0.02776	0.03238	0.02313	0.02545	0.01619	0.02545	0.01388	0.02313	0.01388	0.01851	0.03470	0.00463	0.60907	0.00925	0.00463	0.01157
8	0.03950	0.05039	0.02996	0.02724	0.03269	0.58597	0.02043	0.04222	0.02996	0.02588	0.01634	0.01907	0.01362	0.01090	0.00953	0.00272	0.01907	0.00681	0.00545	0.01226
9	0.70310	0.02045	0.01554	0.01390	0.02045	0.02372	0.01145	0.03108	0.01799	0.04744	0.01472	0.01718	0.01145	0.00981	0.00654	0.00327	0.00818	0.00573	0.00654	0.01145
10	0.01250	0.01071	0.01071	0.01071	0.01428	0.00893	0.00803	0.01517	0.02410	0.02856	0.10711	0.10175	0.55817	0.02678	0.01250	0.00357	0.00536	0.02231	0.00982	0.00893
11	0.01250	0.01071	0.01071	0.01071	0.01428	0.00893	0.00803	0.01517	0.02410	0.02856	0.10711	0.10175	0.55817	0.02678	0.01250	0.00357	0.00536	0.02231	0.00982	0.00893
12	0.02630	0.02271	0.02391	0.02152	0.02749	0.02630	0.01674	0.05618	0.54336	0.04423	0.04303	0.03945	0.03228	0.01434	0.01076	0.00359	0.00837	0.01195	0.01076	0.01674
13	0.03950	0.05039	0.02996	0.02724	0.03269	0.58597	0.02043	0.04222	0.02996	0.02588	0.01634	0.01907	0.01362	0.01090	0.00953	0.00272	0.01907	0.00681	0.00545	0.01226
14	0.01864	0.01640	0.02323	0.02120	0.02209	0.02134	0.01693	0.02143	0.01649	0.02457	0.02246	0.03602	0.02204	0.10316	0.29599	0.01096	0.28089	0.01079	0.00528	0.01009
15	0.07968	0.02899	0.03844	0.09147	0.17953	0.13904	0.12822	0.03717	0.02574	0.11722	0.02244	0.02629	0.01682	0.01033	0.01045	0.00321	0.01427	0.00945	0.00658	0.01466
16	0.03154	0.01617	0.02084	0.01772	0.02384	0.01444	0.01409	0.03744	0.06804	0.27620	0.04268	0.16193	0.03707	0.01790	0.01112	0.00337	0.00823	0.05791	0.01077	0.12869
17	0.01283	0.00941	0.01205	0.01416	0.01519	0.00864	0.00956	0.01479	0.02079	0.02721	0.06518	0.54805	0.13894	0.03223	0.01335	0.00419	0.00602	0.02896	0.00982	0.00864
18	0.02376	0.02267	0.03857	0.27349	0.37266	0.02449	0.03125	0.03034	0.02294	0.03162	0.01946	0.02695	0.01572	0.00987	0.01051	0.00329	0.01316	0.00941	0.00503	0.01481
19	0.10058	0.21611	0.14796	0.02097	0.03065	0.07855	0.02101	0.03675	0.02398	0.14526	0.02180	0.02273	0.01616	0.01026	0.00859	0.00279	0.01183	0.00732	0.00676	0.06993
20	0.01725	0.01239	0.01444	0.01464	0.01600	0.01289	0.01015	0.02244	0.09033	0.02621	0.03960	0.07600	0.04247	0.41284	0.03931	0.00816	0.00988	0.11869	0.00773	0.00856
21	0.01288	0.00920	0.01227	0.01472	0.01534	0.00859	0.00981	0.01472	0.02024	0.02699	0.05828	0.62152	0.06993	0.03312	0.01350	0.00429	0.00613	0.03006	0.00981	0.00859
22	0.01967	0.02386	0.14403	0.02209	0.02953	0.01603	0.10532	0.02577	0.02455	0.07576	0.10456	0.11176	0.21521	0.01902	0.01190	0.00354	0.01009	0.01691	0.00831	0.01212
23	0.09512	0.02325	0.03589	0.20934	0.31860	0.02522	0.02828	0.07623	0.02497	0.03667	0.01955	0.02575	0.01556	0.01009	0.01010	0.00327	0.01246	0.00904	0.00571	0.01489
24	0.02502	0.02576	0.03778	0.12418	0.18709	0.07361	0.07220	0.02977	0.02105	0.02903	0.01717	0.02489	0.01489	0.01330	0.02029	0.00380	0.25248	0.00942	0.00494	0.01335
25	0.70310	0.02045	0.01554	0.01390	0.02045	0.02372	0.01145	0.03108	0.01799	0.04744	0.01472	0.01718	0.01145	0.00981	0.00654	0.00327	0.00818	0.00573	0.00654	0.01145
26	0.02080	0.03215	0.27852	0.02262	0.03122	0.01818	0.02475	0.02807	0.02088	0.07303	0.02793	0.04247	0.02485	0.12676	0.13834	0.00744	0.01642	0.04685	0.00614	0.01258
27	0.02233	0.01671	0.02400	0.02252	0.06469	0.01648	0.06097	0.07379	0.06738	0.08020	0.30897	0.06237	0.06541	0.01811	0.01204	0.00344	0.00821	0.04930	0.01038	0.01266
28	0.01538	0.01025	0.01153	0.01153	0.01153	0.01025	0.00641	0.01538	0.01538	0.02050	0.03331	0.06919	0.03844	0.62842	0.05382	0.01025	0.01025	0.01538	0.00641	0.00641
29	0.02374	0.03180	0.21824	0.02491	0.06764	0.05525	0.02363	0.03328	0.07334	0.09089	0.16154	0.04486	0.07639	0.01478	0.01094	0.00332	0.01096	0.01233	0.00818	0.01397
30	0.03485	0.02696	0.02872	0.02325	0.03075	0.03029	0.01880	0.34613	0.23948	0.05802	0.03217	0.03079	0.02348	0.01333	0.01065	0.00333	0.01038	0.01046	0.01065	0.01750
31	0.02509	0.37399	0.28839	0.02351	0.03551	0.03407	0.02752	0.03248	0.02186	0.02875	0.01662	0.01937	0.01349	0.00950	0.00825	0.00275	0.01325	0.00662	0.00450	0.01449
32	0.02630	0.02271	0.02391	0.02152	0.02749	0.02630	0.01674	0.05618	0.54336	0.04423	0.04303	0.03945	0.03228	0.01434	0.01076	0.00359	0.00837	0.01195	0.01076	0.01674
33	0.02827	0.63478	0.05540	0.01809	0.02714	0.04184	0.01809	0.03166	0.02148	0.02488	0.01470	0.01696	0.01357	0.00905	0.00678	0.00226	0.01131	0.00565	0.00452	0.01357
34	0.02630	0.02271	0.02391	0.02152	0.02749	0.02630	0.01674	0.05618	0.54336	0.04423	0.04303	0.03945	0.03228	0.01434	0.01076	0.00359	0.00837	0.01195	0.01076	0.01674
35	0.02121	0.05469	0.57364	0.03014	0.04576	0.02455	0.03906	0.03348	0.02232	0.03348	0.01897	0.02232	0.01339	0.01005	0.01005	0.00335	0.01563	0.00781	0.00446	0.01563
36	0.01829	0.01154	0.01520	0.01387	0.01694	0.01055	0.01055	0.02319	0.02996	0.09649	0.50405	0.07457	0.09222	0.02074	0.01228	0.00332	0.00540	0.01825	0.01179	0.01080

[dist]
# distance from previous block
# <min> <max>
0	29

[block]
# block no. 4 follows, 13 sequences, length 38
# corresponding to MSA columns:
# 297-334
name=unknown_E
#
# <colnr> <probs for GDERKNQSTAVLIFYWHMCP>
#	G	D	E	R	K	N	Q	S	T	A	V	L	I	F	Y	W	H	M	C	P
0	0.01631	0.01159	0.01428	0.01529	0.01759	0.01147	0.01173	0.02238	0.07100	0.03368	0.12658	0.24823	0.10319	0.02546	0.01244	0.00392	0.00682	0.13457	0.10347	0.01001
1	0.02610	0.02529	0.07232	0.29839	0.18655	0.02603	0.02878	0.13941	0.02828	0.03814	0.02054	0.02665	0.01558	0.01071	0.01051	0.00334	0.01327	0.00932	0.00612	0.01467
2	0.02392	0.02447	0.04726	0.12598	0.22564	0.02435	0.24155	0.03130	0.02407	0.03294	0.02383	0.03635	0.02029	0.01125	0.01174	0.00354	0.01476	0.05678	0.00564	0.01432
3	0.01288	0.00920	0.01227	0.01472	0.01534	0.00859	0.00981	0.01472	0.02024	0.02699	0.05828	0.62152	0.06993	0.03312	0.01350	0.00429	0.00613	0.03006	0.00981	0.00859
4	0.02231	0.04455	0.38576	0.03304	0.04544	0.02611	0.14533	0.03248	0.02208	0.03248	0.01882	0.02382	0.01405	0.01094	0.01394	0.00357	0.09679	0.00905	0.00468	0.01477
5	0.70310	0.02045	0.01554	0.01390	0.02045	0.02372	0.01145	0.03108	0.01799	0.04744	0.01472	0.01718	0.01145	0.00981	0.00654	0.00327	0.00818	0.00573	0.00654	0.01145
6	0.04744	0.01799	0.02454	0.01881	0.02699	0.01554	0.01554	0.05153	0.03026	0.56979	0.04171	0.03599	0.02617	0.01309	0.01063	0.00327	0.00900	0.01063	0.01309	0.01799
7	0.01514	0.01118	0.01623	0.01623	0.01786	0.01280	0.01227	0.01839	0.01677	0.02398	0.02902	0.04539	0.02811	0.15580	0.51231	0.01605	0.02580	0.01189	0.00577	0.00902
8	0.16467	0.01843	0.02293	0.01793	0.02582	0.01700	0.01481	0.04787	0.02807	0.47639	0.03689	0.03262	0.02354	0.01250	0.00990	0.00327	0.00885	0.00976	0.01192	0.01682
9	0.01341	0.00961	0.01274	0.01436	0.01545	0.00894	0.00986	0.01605	0.02271	0.03091	0.18502	0.48361	0.07751	0.03020	0.01323	0.00405	0.00584	0.02728	0.01028	0.00894
10	0.01747	0.01069	0.01380	0.01456	0.01673	0.00966	0.01032	0.02000	0.02296	0.09851	0.10854	0.42411	0.13504	0.02861	0.01289	0.00397	0.00629	0.02548	0.01040	0.00997
11	0.01463	0.01054	0.01227	0.01198	0.01359	0.00988	0.00799	0.01693	0.02228	0.02983	0.23175	0.07937	0.16772	0.29135	0.03078	0.00644	0.00739	0.01813	0.00894	0.00818
12	0.02531	0.02425	0.04137	0.13905	0.49499	0.02490	0.03202	0.03170	0.02367	0.03350	0.01974	0.02645	0.01638	0.00958	0.01048	0.00319	0.01277	0.00942	0.00516	0.01606
13	0.04019	0.02962	0.03173	0.02433	0.03279	0.03279	0.02010	0.52721	0.04971	0.06663	0.02538	0.02538	0.01798	0.01269	0.01058	0.00317	0.01163	0.00952	0.01058	0.01798
14	0.03004	0.02077	0.02630	0.11704	0.06788	0.02261	0.01922	0.07878	0.23999	0.15842	0.07504	0.03805	0.03113	0.01358	0.01080	0.00343	0.00966	0.01146	0.01000	0.01578
15	0.02231	0.02173	0.03197	0.10953	0.08212	0.02890	0.02402	0.02576	0.01766	0.02642	0.01631	0.02564	0.01522	0.02164	0.07509	0.00537	0.42419	0.00946	0.00478	0.01189
16	0.01589	0.01237	0.01801	0.01757	0.01912	0.01480	0.01360	0.01922	0.01678	0.02429	0.02736	0.04208	0.02623	0.11920	0.48944	0.01525	0.08232	0.01147	0.00563	0.00939
17	0.02192	0.01879	0.02192	0.01566	0.02506	0.01409	0.01253	0.02662	0.02192	0.03445	0.01879	0.02192	0.01566	0.00783	0.00783	0.00157	0.00783	0.00626	0.00626	0.69305
18	0.61165	0.02457	0.01753	0.01574	0.02213	0.10120	0.01269	0.03262	0.01964	0.04447	0.01495	0.01744	0.01175	0.00996	0.00696	0.00320	0.00968	0.00587	0.00639	0.01156
19	0.02302	0.05229	0.52185	0.02958	0.04452	0.02534	0.03725	0.08067	0.02494	0.03665	0.01959	0.02262	0.01383	0.01030	0.01010	0.00333	0.01524	0.00798	0.00505	0.01585
20	0.01288	0.00920	0.01227	0.01472	0.01534	0.00859	0.00981	0.01472	0.02024	0.02699	0.05828	0.62152	0.06993	0.03312	0.01350	0.00429	0.00613	0.03006	0.00981	0.00859
21	0.01496	0.01081	0.01413	0.01330	0.01580	0.00998	0.00998	0.01995	0.02993	0.04240	0.55689	0.07898	0.09976	0.02162	0.01247	0.00333	0.00499	0.01912	0.01164	0.00998
22	0.04744	0.01799	0.02454	0.01881	0.02699	0.01554	0.01554	0.05153	0.03026	0.56979	0.04171	0.03599	0.02617	0.01309	0.01063	0.00327	0.00900	0.01063	0.01309	0.01799
23	0.02968	0.01278	0.01513	0.01307	0.01759	0.01190	0.01032	0.03430	0.02508	0.23009	0.03709	0.03819	0.02677	0.01259	0.00856	0.00275	0.00639	0.01013	0.44479	0.01278
24	0.02617	0.02512	0.04292	0.06490	0.56246	0.02512	0.03245	0.03245	0.02407	0.03454	0.01989	0.02617	0.01675	0.00942	0.01047	0.00314	0.01256	0.00942	0.00523	0.01675
25	0.02065	0.02013	0.03594	0.52605	0.07040	0.02394	0.09754	0.02796	0.02167	0.02796	0.01915	0.02823	0.01436	0.01034	0.01083	0.00353	0.01461	0.00982	0.00479	0.01209
26	0.70310	0.02045	0.01554	0.01390	0.02045	0.02372	0.01145	0.03108	0.01799	0.04744	0.01472	0.01718	0.01145	0.00981	0.00654	0.00327	0.00818	0.00573	0.00654	0.01145
27	0.04019	0.02962	0.03173	0.02433	0.03279	0.03279	0.02010	0.52721	0.04971	0.06663	0.02538	0.02538	0.01798	0.01269	0.01058	0.00317	0.01163	0.00952	0.01058	0.01798
28	0.02192	0.01879	0.02192	0.01566	0.02506	0.01409	0.01253	0.02662	0.02192	0.03445	0.01879	0.02192	0.01566	0.00783	0.00783	0.00157	0.00783	0.00626	0.00626	0.69305
29	0.01394	0.00996	0.01348	0.01593	0.01701	0.00950	0.01165	0.01655	0.02128	0.02817	0.05769	0.49385	0.06762	0.03213	0.01378	0.00444	0.00705	0.14730	0.00979	0.00888
30	0.01301	0.01006	0.01187	0.01284	0.01496	0.00892	0.00909	0.01563	0.02320	0.02977	0.14747	0.32874	0.27883	0.02888	0.01293	0.00386	0.00565	0.02530	0.01007	0.00892
31	0.01357	0.00977	0.01336	0.01547	0.01642	0.00955	0.01094	0.01595	0.02017	0.02708	0.05394	0.49567	0.06311	0.03913	0.09256	0.00610	0.00952	0.06965	0.00924	0.00881
32	0.70310	0.02045	0.01554	0.01390	0.02045	0.02372	0.01145	0.03108	0.01799	0.04744	0.01472	0.01718	0.01145	0.00981	0.00654	0.00327	0.00818	0.00573	0.00654	0.01145
33	0.01280	0.01026	0.01144	0.01212	0.01472	0.00890	0.00872	0.01540	0.02337	0.02913	0.12635	0.25755	0.37552	0.02831	0.01280	0.00377	0.00556	0.02442	0.00996	0.00890
34	0.02509	0.02064	0.03216	0.17736	0.25026	0.02174	0.02492	0.07511	0.02730	0.07246	0.13020	0.03791	0.03364	0.01271	0.01092	0.00328	0.01108	0.01147	0.00741	0.01437
35	0.08868	0.09696	0.35997	0.10564	0.04406	0.02528	0.03153	0.03345	0.02222	0.07051	0.01974	0.02310	0.01421	0.01022	0.00953	0.00326	0.01385	0.00783	0.00530	0.01467
36	0.11675	0.12298	0.13764	0.10164	0.03650	0.06796	0.02241	0.08180	0.02634	0.11821	0.05376	0.02717	0.02083	0.01141	0.00942	0.00312	0.01203	0.00863	0.00718	0.01423
37	0.02660	0.10835	0.07514	0.02208	0.06579	0.02228	0.01810	0.07783	0.06456	0.06955	0.02216	0.02408	0.01737	0.00955	0.00870	0.00233	0.00975	0.00753	0.00695	0.34129

[dist]
# distance from previous block
# <min> <max>
12	59

[block]
# block no. 5 follows, 13 sequences, length 42
# corresponding to MSA columns:
# 394-435
name=unknown_F
#
# <colnr> <probs for GDERKNQSTAVLIFYWHMCP>
#	G	D	E	R	K	N	Q	S	T	A	V	L	I	F	Y	W	H	M	C	P
0	0.18973	0.02131	0.02895	0.15716	0.19111	0.02277	0.02225	0.03359	0.06503	0.07257	0.02166	0.02575	0.01669	0.01025	0.00931	0.00314	0.01077	0.00849	0.00652	0.08295
1	0.03381	0.02037	0.02235	0.01891	0.02457	0.07411	0.01466	0.04144	0.13703	0.24116	0.03265	0.03322	0.02376	0.01810	0.01726	0.15818	0.00984	0.00991	0.00944	0.05920
2	0.13635	0.02113	0.02643	0.23723	0.10915	0.06702	0.02128	0.02816	0.02252	0.03343	0.06860	0.06857	0.02544	0.01253	0.00988	0.00320	0.01134	0.01049	0.00625	0.08100
3	0.20748	0.06305	0.07940	0.13270	0.10841	0.07136	0.05026	0.03120	0.02153	0.03471	0.01728	0.02229	0.01382	0.01026	0.01038	0.00317	0.04597	0.00777	0.00544	0.06352
4	0.13923	0.09191	0.15184	0.02271	0.03195	0.06044	0.05463	0.03654	0.05458	0.12505	0.02557	0.03097	0.01995	0.01177	0.00954	0.00316	0.01176	0.04077	0.00726	0.07040
5	0.20849	0.02382	0.02722	0.02441	0.07157	0.02650	0.01843	0.20187	0.03129	0.14901	0.02376	0.02505	0.01721	0.01253	0.01275	0.00341	0.08984	0.00871	0.00878	0.01535
6	0.01677	0.01262	0.01473	0.01467	0.01720	0.01266	0.01082	0.02353	0.10950	0.03125	0.13292	0.11347	0.16690	0.13992	0.02254	0.05614	0.00763	0.07786	0.00920	0.00967
7	0.02121	0.05469	0.57364	0.03014	0.04576	0.02455	0.03906	0.03348	0.02232	0.03348	0.01897	0.02232	0.01339	0.01005	0.01005	0.00335	0.01563	0.00781	0.00446	0.01563
8	0.02029	0.01095	0.01256	0.01198	0.01389	0.01083	0.00817	0.02286	0.01963	0.08374	0.03429	0.05244	0.03200	0.29049	0.06675	0.00697	0.00926	0.01248	0.27132	0.00912
9	0.01595	0.01044	0.01421	0.01421	0.01497	0.01119	0.00975	0.01641	0.01566	0.02163	0.02793	0.04977	0.02910	0.27553	0.26304	0.16775	0.01720	0.01236	0.00570	0.00720
10	0.01391	0.01018	0.01185	0.01237	0.01381	0.00943	0.00819	0.01576	0.02090	0.02724	0.12923	0.22113	0.19355	0.23384	0.02690	0.00601	0.00718	0.02150	0.00889	0.00812
11	0.04744	0.01799	0.02454	0.01881	0.02699	0.01554	0.01554	0.05153	0.03026	0.56979	0.04171	0.03599	0.02617	0.01309	0.01063	0.00327	0.00900	0.01063	0.01309	0.01799
12	0.04019	0.02962	0.03173	0.02433	0.03279	0.03279	0.02010	0.52721	0.04971	0.06663	0.02538	0.02538	0.01798	0.01269	0.01058	0.00317	0.01163	0.00952	0.01058	0.01798
13	0.02827	0.63478	0.05540	0.01809	0.02714	0.04184	0.01809	0.03166	0.02148	0.02488	0.01470	0.01696	0.01357	0.00905	0.00678	0.00226	0.01131	0.00565	0.00452	0.01357
14	0.04622	0.01994	0.02574	0.01974	0.02796	0.01844	0.01630	0.13139	0.03353	0.48531	0.03897	0.03421	0.02480	0.01302	0.01062	0.00326	0.00944	0.01045	0.01267	0.01799
15	0.04195	0.02680	0.02999	0.02299	0.03138	0.02861	0.01899	0.41204	0.04500	0.18846	0.02934	0.02795	0.01996	0.01279	0.01059	0.00320	0.01100	0.00979	0.01118	0.01798
16	0.04744	0.01799	0.02454	0.01881	0.02699	0.01554	0.01554	0.05153	0.03026	0.56979	0.04171	0.03599	0.02617	0.01309	0.01063	0.00327	0.00900	0.01063	0.01309	0.01799
17	0.01537	0.01095	0.01455	0.01547	0.01738	0.01052	0.01201	0.01928	0.02491	0.03391	0.24854	0.18288	0.07521	0.08760	0.01756	0.00472	0.00734	0.18234	0.01015	0.00930
18	0.01421	0.01052	0.01325	0.01311	0.01547	0.00957	0.00963	0.01828	0.02734	0.03752	0.39856	0.17385	0.17079	0.02440	0.01265	0.00353	0.00524	0.02149	0.01103	0.00957
19	0.02206	0.04932	0.48134	0.02869	0.04269	0.02485	0.03532	0.03730	0.10980	0.03529	0.02301	0.02520	0.01656	0.01077	0.01016	0.00339	0.01441	0.00851	0.00552	0.01581
20	0.02313	0.02313	0.03238	0.02776	0.02776	0.03238	0.02313	0.02545	0.01619	0.02545	0.01388	0.02313	0.01388	0.01851	0.03470	0.00463	0.60907	0.00925	0.00463	0.01157
21	0.02630	0.02271	0.02391	0.02152	0.02749	0.02630	0.01674	0.05618	0.54336	0.04423	0.04303	0.03945	0.03228	0.01434	0.01076	0.00359	0.00837	0.01195	0.01076	0.01674
22	0.02513	0.02406	0.04104	0.15524	0.48025	0.02485	0.03193	0.03154	0.02358	0.03328	0.01970	0.02651	0.01630	0.00961	0.01048	0.00320	0.01282	0.00942	0.00514	0.01591
23	0.02242	0.12376	0.03979	0.40031	0.10699	0.02705	0.07784	0.02897	0.02185	0.02802	0.01847	0.02616	0.01444	0.01004	0.01012	0.00328	0.01387	0.00908	0.00478	0.01275
24	0.01517	0.01095	0.01443	0.01393	0.01641	0.01020	0.01069	0.02015	0.02936	0.04131	0.50616	0.08306	0.09582	0.02238	0.01269	0.00348	0.00547	0.06694	0.01145	0.00995
25	0.01304	0.01021	0.01182	0.01252	0.01490	0.00899	0.00897	0.01582	0.02376	0.03035	0.16589	0.27600	0.31394	0.02809	0.01283	0.00378	0.00556	0.02443	0.01012	0.00899
26	0.01709	0.01401	0.01888	0.01706	0.01891	0.01580	0.01340	0.02138	0.02636	0.03799	0.41568	0.06446	0.07743	0.02081	0.01825	0.00366	0.16208	0.01655	0.00982	0.01039
27	0.01288	0.00920	0.01227	0.01472	0.01534	0.00859	0.00981	0.01472	0.02024	0.02699	0.05828	0.62152	0.06993	0.03312	0.01350	0.00429	0.00613	0.03006	0.00981	0.00859
28	0.02121	0.05469	0.57364	0.03014	0.04576	0.02455	0.03906	0.03348	0.02232	0.03348	0.01897	0.02232	0.01339	0.01005	0.01005	0.00335	0.01563	0.00781	0.00446	0.01563
29	0.02827	0.63478	0.05540	0.01809	0.02714	0.04184	0.01809	0.03166	0.02148	0.02488	0.01470	0.01696	0.01357	0.00905	0.00678	0.00226	0.01131	0.00565	0.00452	0.01357
30	0.14713	0.24372	0.03641	0.02161	0.02874	0.25587	0.01809	0.07994	0.02681	0.03278	0.01631	0.01859	0.01363	0.01024	0.00818	0.00270	0.01392	0.00647	0.00577	0.01308
31	0.02827	0.63478	0.05540	0.01809	0.02714	0.04184	0.01809	0.03166	0.02148	0.02488	0.01470	0.01696	0.01357	0.00905	0.00678	0.00226	0.01131	0.00565	0.00452	0.01357
32	0.01406	0.01011	0.01333	0.01392	0.01560	0.00938	0.00991	0.01769	0.02574	0.03574	0.34125	0.31361	0.08686	0.02659	0.01291	0.00374	0.00548	0.02385	0.01085	0.00938
33	0.02518	0.01234	0.01634	0.01556	0.01902	0.01114	0.01154	0.02831	0.02461	0.21083	0.09519	0.32941	0.05443	0.02368	0.01194	0.00371	0.00689	0.02092	0.06698	0.01196
34	0.02313	0.02313	0.03238	0.02776	0.02776	0.03238	0.02313	0.02545	0.01619	0.02545	0.01388	0.02313	0.01388	0.01851	0.03470	0.00463	0.60907	0.00925	0.00463	0.01157
35	0.01372	0.00983	0.01207	0.01327	0.01495	0.00899	0.00928	0.01651	0.02280	0.03092	0.14985	0.37782	0.16963	0.02820	0.01262	0.00383	0.00569	0.02500	0.06603	0.00899
36	0.02736	0.12231	0.03284	0.02514	0.07343	0.02478	0.05211	0.03086	0.02144	0.11580	0.02327	0.02816	0.01873	0.01492	0.01845	0.05449	0.17465	0.00920	0.11927	0.01278
37	0.10950	0.17299	0.03352	0.07953	0.03272	0.13575	0.01857	0.09519	0.02809	0.16451	0.02321	0.02411	0.01696	0.01104	0.00904	0.00294	0.01223	0.00792	0.00771	0.01448
38	0.58759	0.01892	0.01578	0.01442	0.02018	0.02196	0.01175	0.02903	0.01783	0.04359	0.01701	0.02127	0.01397	0.02148	0.10392	0.00558	0.01156	0.00667	0.00640	0.01111
39	0.47532	0.02151	0.01913	0.01656	0.02328	0.02445	0.01347	0.08127	0.11822	0.08387	0.02270	0.02327	0.01686	0.01112	0.00795	0.00332	0.00858	0.00754	0.00812	0.01345
40	0.01592	0.01258	0.01946	0.11538	0.02794	0.01494	0.01593	0.02025	0.01769	0.02496	0.02672	0.03930	0.02436	0.06776	0.48982	0.01473	0.02593	0.01100	0.00550	0.00983
41	0.35680	0.02367	0.06265	0.02104	0.06960	0.02226	0.01660	0.07689	0.02354	0.09776	0.01983	0.02173	0.01481	0.01005	0.00812	0.00297	0.00943	0.00711	0.00726	0.12788

[dist]
# distance from previous block
# <min> <max>
7	32

[block]
# block no. 6 follows, 13 sequences, length 51
# corresponding to MSA columns:
# 469-519
name=unknown_G
#
# <colnr> <probs for GDERKNQSTAVLIFYWHMCP>
#	G	D	E	R	K	N	Q	S	T	A	V	L	I	F	Y	W	H	M	C	P
0	0.08761	0.02635	0.15922	0.06668	0.07915	0.01864	0.02237	0.03500	0.02479	0.19993	0.07113	0.10361	0.03089	0.01461	0.01060	0.00343	0.01060	0.01230	0.00858	0.01453
1	0.03138	0.03806	0.30927	0.02493	0.03707	0.02161	0.02790	0.08184	0.02724	0.20944	0.02685	0.02697	0.01808	0.01110	0.01012	0.00318	0.01257	0.00876	0.00791	0.06572
2	0.01496	0.01081	0.01413	0.01330	0.01580	0.00998	0.00998	0.01995	0.02993	0.04240	0.55689	0.07898	0.09976	0.02162	0.01247	0.00333	0.00499	0.01912	0.01164	0.00998
3	0.02397	0.03548	0.24731	0.03030	0.10122	0.02216	0.06482	0.07423	0.02499	0.03684	0.01977	0.02340	0.01512	0.00941	0.00962	0.00275	0.01258	0.00801	0.00573	0.23227
4	0.01997	0.01879	0.03171	0.60301	0.07282	0.02349	0.02936	0.02701	0.02114	0.02701	0.01879	0.02819	0.01409	0.01057	0.01057	0.00352	0.01409	0.00940	0.00470	0.01175
5	0.02733	0.02337	0.08864	0.02029	0.02712	0.02078	0.01782	0.07789	0.23424	0.12966	0.16552	0.04556	0.04463	0.01530	0.01106	0.00341	0.00875	0.01283	0.01058	0.01523
6	0.09679	0.01118	0.01287	0.01365	0.01590	0.01080	0.00977	0.01803	0.02290	0.03341	0.18052	0.33670	0.14639	0.02655	0.01225	0.00382	0.00598	0.02327	0.00986	0.00932
7	0.02121	0.03305	0.24651	0.09724	0.04180	0.02152	0.10086	0.07116	0.02444	0.03404	0.02957	0.17219	0.02823	0.01587	0.01137	0.00362	0.01307	0.01434	0.00648	0.01342
8	0.02628	0.02300	0.02621	0.02676	0.09219	0.02616	0.01864	0.05331	0.48056	0.04306	0.04023	0.03784	0.03040	0.01375	0.01072	0.00353	0.00887	0.01165	0.01009	0.01674
9	0.01284	0.00938	0.01208	0.01424	0.01521	0.00863	0.00960	0.01478	0.02071	0.02718	0.06418	0.55866	0.12897	0.03236	0.01337	0.00421	0.00604	0.02912	0.00982	0.00863
10	0.02420	0.08959	0.23721	0.03583	0.09208	0.02707	0.19266	0.03645	0.09434	0.03442	0.02276	0.02658	0.01716	0.01012	0.01069	0.00334	0.01470	0.00987	0.00569	0.01525
11	0.02019	0.01250	0.01734	0.01879	0.02169	0.01212	0.01594	0.02458	0.02454	0.09613	0.05455	0.17286	0.05781	0.02775	0.01398	0.00460	0.00919	0.37470	0.01015	0.01059
