[name]
unknown

[dist]
# distance from previous block
# <min> <max>
0	192

[block]
# block no. 0 follows, 13 sequences, length 20
# corresponding to MSA columns:
# 221-240
name=unknown_A
#
# <colnr> <probs for GDERKNQSTAVLIFYWHMCP>
#	G	D	E	R	K	N	Q	S	T	A	V	L	I	F	Y	W	H	M	C	P
0	0.02751	0.01448	0.01900	0.01797	0.02260	0.01361	0.01480	0.03326	0.06120	0.22203	0.05564	0.13465	0.09963	0.02265	0.01260	0.00402	0.00855	0.19185	0.01101	0.01293
1	0.09973	0.01737	0.01902	0.01625	0.02150	0.01809	0.01289	0.13040	0.07168	0.13757	0.08806	0.06958	0.03380	0.01453	0.00962	0.00311	0.00764	0.01172	0.20391	0.01353
2	0.01383	0.00971	0.01250	0.01436	0.01498	0.00929	0.00961	0.01549	0.01942	0.02583	0.05210	0.44647	0.06161	0.17544	0.02325	0.00577	0.00743	0.06575	0.00899	0.00816
3	0.02655	0.01408	0.01720	0.01499	0.01926	0.01337	0.01136	0.03284	0.08062	0.20010	0.16144	0.05754	0.08898	0.12284	0.01836	0.00447	0.00752	0.01438	0.08162	0.01245
4	0.04251	0.02613	0.02665	0.02152	0.02903	0.11856	0.01730	0.13233	0.08957	0.33149	0.03465	0.03161	0.02325	0.01278	0.01045	0.00319	0.01113	0.00992	0.01108	0.01686
5	0.13588	0.01377	0.01639	0.01585	0.01854	0.01563	0.01193	0.02398	0.07241	0.02946	0.02735	0.04026	0.02547	0.13625	0.29855	0.07304	0.01837	0.01082	0.00637	0.00968
6	0.02883	0.02179	0.04201	0.03153	0.03955	0.02005	0.28152	0.03501	0.02550	0.18149	0.03430	0.14728	0.02946	0.01484	0.01217	0.00363	0.01307	0.01542	0.00838	0.01418
7	0.03812	0.02064	0.02428	0.01934	0.02624	0.02083	0.01569	0.22757	0.03583	0.26020	0.03562	0.07537	0.02637	0.01429	0.01035	0.00319	0.00921	0.01152	0.10922	0.01612
8	0.10706	0.02366	0.02556	0.02049	0.02779	0.02555	0.01670	0.26977	0.11392	0.15496	0.03083	0.02989	0.02180	0.01268	0.00991	0.00320	0.00969	0.00973	0.07042	0.01640
9	0.02199	0.02100	0.03460	0.20494	0.12206	0.02252	0.12086	0.03309	0.12236	0.03420	0.07878	0.04057	0.07016	0.01309	0.01129	0.00347	0.01200	0.01240	0.00708	0.01352
10	0.02121	0.05469	0.57364	0.03014	0.04576	0.02455	0.03906	0.03348	0.02232	0.03348	0.01897	0.02232	0.01339	0.01005	0.01005	0.00335	0.01563	0.00781	0.00446	0.01563
11	0.01514	0.01118	0.01622	0.01622	0.01784	0.01280	0.01225	0.01839	0.01676	0.02397	0.02903	0.04544	0.02813	0.15684	0.51129	0.01604	0.02577	0.01190	0.00577	0.00901
12	0.01493	0.01052	0.01248	0.01240	0.01336	0.01050	0.00795	0.01629	0.01804	0.02411	0.08915	0.07010	0.10855	0.41498	0.12432	0.00978	0.01185	0.01600	0.00720	0.00750
13	0.44449	0.02584	0.08098	0.02039	0.02843	0.02510	0.06984	0.07429	0.06947	0.04581	0.01931	0.02161	0.01456	0.01039	0.00825	0.00333	0.01028	0.00753	0.00691	0.01320
14	0.01517	0.01067	0.01408	0.01597	0.01720	0.01045	0.01204	0.01785	0.02084	0.02745	0.05168	0.28819	0.05904	0.16609	0.02307	0.00588	0.00856	0.21817	0.00901	0.00857
15	0.01801	0.01166	0.01531	0.01528	0.01822	0.01082	0.01212	0.02236	0.02700	0.08461	0.28587	0.13694	0.12874	0.02442	0.01296	0.00384	0.00674	0.14380	0.01091	0.01040
16	0.08007	0.02876	0.08870	0.07639	0.03745	0.02821	0.06681	0.22816	0.16730	0.04947	0.02754	0.02862	0.02019	0.01210	0.01044	0.00337	0.01173	0.00994	0.00869	0.01604
17	0.03771	0.02900	0.07760	0.02738	0.08703	0.07558	0.02136	0.19385	0.08923	0.20662	0.03024	0.02932	0.02105	0.01225	0.01046	0.00322	0.01161	0.00971	0.00979	0.01700
18	0.02288	0.01924	0.02932	0.03903	0.25750	0.01943	0.02328	0.07180	0.02709	0.03718	0.08993	0.06608	0.04187	0.01831	0.01222	0.00380	0.01064	0.18879	0.00805	0.01356
19	0.27730	0.02802	0.02926	0.07254	0.03438	0.13248	0.09672	0.07790	0.02497	0.03976	0.01784	0.02152	0.01386	0.01000	0.00890	0.00304	0.01259	0.00772	0.00632	0.08489

[dist]
# distance from previous block
# <min> <max>
0	1

[block]
# block no. 1 follows, 13 sequences, length 37
# corresponding to MSA columns:
# 242-278
name=unknown_B
#
# <colnr> <probs for GDERKNQSTAVLIFYWHMCP>
#	G	D	E	R	K	N	Q	S	T	A	V	L	I	F	Y	W	H	M	C	P
0	0.03400	0.02727	0.08495	0.02897	0.11227	0.02530	0.02196	0.24179	0.07153	0.13865	0.07813	0.03300	0.02741	0.01295	0.01071	0.00324	0.01089	0.01059	0.00967	0.01671
1	0.02671	0.03879	0.28687	0.04159	0.23362	0.02495	0.03314	0.08276	0.02620	0.07427	0.02151	0.02499	0.01596	0.01029	0.01029	0.00325	0.01365	0.00877	0.00594	0.01643
2	0.38559	0.01595	0.01503	0.01462	0.01903	0.01727	0.01116	0.02651	0.01986	0.08249	0.03358	0.24962	0.03500	0.01899	0.00953	0.00366	0.00746	0.01542	0.00833	0.01089
3	0.02141	0.01565	0.01982	0.01766	0.02372	0.01330	0.01484	0.02614	0.02363	0.07014	0.03773	0.06833	0.03748	0.01817	0.01119	0.00323	0.00880	0.23296	0.00836	0.32745
4	0.02020	0.02637	0.15403	0.05932	0.03204	0.02090	0.02234	0.02610	0.01951	0.02935	0.02013	0.02754	0.01731	0.02855	0.15773	0.00660	0.14523	0.00873	0.00524	0.17281
5	0.02192	0.01879	0.02192	0.01566	0.02506	0.01409	0.01253	0.02662	0.02192	0.03445	0.01879	0.02192	0.01566	0.00783	0.00783	0.00157	0.00783	0.00626	0.00626	0.69305
6	0.02192	0.01879	0.02192	0.01566	0.02506	0.01409	0.01253	0.02662	0.02192	0.03445	0.01879	0.02192	0.01566	0.00783	0.00783	0.00157	0.00783	0.00626	0.00626	0.69305
7	0.02365	0.02325	0.07511	0.01788	0.02777	0.01692	0.01578	0.07636	0.02469	0.03752	0.01946	0.02230	0.01567	0.00852	0.00831	0.00189	0.00894	0.00673	0.00652	0.56274
8	0.02238	0.02609	0.11946	0.12647	0.15096	0.01974	0.02398	0.02907	0.02232	0.03307	0.01906	0.02394	0.01526	0.00899	0.00922	0.00252	0.01117	0.00772	0.00549	0.32310
9	0.01556	0.00930	0.01309	0.01419	0.01464	0.00895	0.00953	0.01462	0.01787	0.02399	0.07236	0.31249	0.04795	0.03405	0.02634	0.32359	0.00747	0.01965	0.00751	0.00682
10	0.02366	0.01338	0.01645	0.01459	0.01873	0.01269	0.01131	0.03073	0.07876	0.15528	0.28439	0.06130	0.09734	0.01799	0.01113	0.00322	0.00620	0.01538	0.11518	0.01228
11	0.03264	0.02710	0.02491	0.02121	0.02710	0.14059	0.01660	0.20748	0.07087	0.09824	0.07956	0.10450	0.06996	0.01655	0.01100	0.00329	0.01108	0.01329	0.00971	0.01431
12	0.03457	0.09892	0.03154	0.02622	0.08281	0.14737	0.01920	0.12305	0.11580	0.13087	0.06209	0.03075	0.02550	0.01247	0.01007	0.00306	0.01188	0.00970	0.00876	0.01538
13	0.02618	0.01392	0.01840	0.01740	0.02129	0.01334	0.01368	0.03168	0.07555	0.19310	0.08820	0.17900	0.04841	0.02386	0.01533	0.07368	0.00818	0.11615	0.01049	0.01216
14	0.02192	0.01635	0.01728	0.01562	0.02010	0.01731	0.01211	0.08940	0.18562	0.04177	0.10426	0.05627	0.15899	0.01727	0.01048	0.00323	0.00686	0.01428	0.17819	0.01268
15	0.02471	0.01978	0.02155	0.01881	0.02414	0.02157	0.01474	0.13757	0.25676	0.04650	0.17416	0.05357	0.10660	0.01724	0.01135	0.00344	0.00784	0.01443	0.01083	0.01441
16	0.02737	0.01321	0.01775	0.01594	0.02015	0.01179	0.01216	0.03105	0.02716	0.24942	0.20061	0.22445	0.06128	0.02164	0.01204	0.00359	0.00694	0.01899	0.01167	0.01278
17	0.02097	0.01204	0.01596	0.01666	0.01938	0.01154	0.01334	0.02464	0.02333	0.11281	0.04986	0.19435	0.05175	0.08457	0.01689	0.00479	0.00846	0.22965	0.07857	0.01046
18	0.02178	0.01186	0.01207	0.01132	0.01439	0.01218	0.00868	0.07556	0.02496	0.04218	0.03357	0.03800	0.02618	0.01236	0.00771	0.00254	0.00561	0.00982	0.61856	0.01068
19	0.02422	0.01497	0.01854	0.01654	0.02098	0.01461	0.01316	0.07078	0.07916	0.14050	0.27971	0.06907	0.10022	0.01984	0.01206	0.00352	0.00717	0.07088	0.01139	0.01266
20	0.11438	0.01754	0.02073	0.01717	0.02311	0.01717	0.01355	0.10559	0.02831	0.28349	0.03682	0.10325	0.02964	0.07725	0.01462	0.00403	0.00878	0.01256	0.05760	0.01440
21	0.01449	0.01029	0.01330	0.01511	0.01623	0.00991	0.01093	0.01679	0.02051	0.02695	0.05498	0.34507	0.08640	0.15657	0.02219	0.00566	0.00791	0.14918	0.00908	0.00845
22	0.02619	0.02511	0.02175	0.01860	0.02460	0.14804	0.01437	0.06788	0.11402	0.03671	0.07118	0.03929	0.08743	0.01354	0.00971	0.00272	0.01000	0.01066	0.07689	0.18131
23	0.01969	0.01250	0.01575	0.01405	0.01787	0.01099	0.01057	0.02371	0.02671	0.10735	0.30751	0.11272	0.11709	0.06169	0.01460	0.00369	0.00633	0.01746	0.01053	0.08915
24	0.01636	0.01097	0.01338	0.01322	0.01500	0.01046	0.00921	0.04099	0.02132	0.02774	0.11225	0.13414	0.18683	0.10959	0.02668	0.21109	0.00753	0.01739	0.00804	0.00782
25	0.02209	0.01668	0.01927	0.01777	0.02160	0.01761	0.01344	0.14388	0.11712	0.04304	0.17144	0.24912	0.05876	0.02231	0.01209	0.00367	0.00752	0.01947	0.01060	0.01251
26	0.02173	0.01672	0.02299	0.02048	0.02175	0.02086	0.01608	0.02406	0.01759	0.07747	0.02467	0.03951	0.02384	0.17193	0.17599	0.00889	0.26754	0.01130	0.00612	0.01049
27	0.02466	0.01393	0.01678	0.01492	0.01846	0.01325	0.01085	0.07280	0.02537	0.15984	0.10027	0.12597	0.11233	0.21371	0.02512	0.00564	0.00843	0.01668	0.00977	0.01121
28	0.03036	0.02061	0.02339	0.01965	0.02532	0.02249	0.01560	0.20881	0.13758	0.10716	0.03275	0.03649	0.02551	0.06618	0.10991	0.00600	0.01274	0.01088	0.07383	0.01474
29	0.28652	0.02840	0.02504	0.21445	0.04142	0.18328	0.01998	0.03288	0.02244	0.03449	0.01654	0.02139	0.01295	0.01037	0.00874	0.00320	0.01325	0.00726	0.00562	0.01178
30	0.62769	0.02017	0.01657	0.01447	0.02120	0.02278	0.01192	0.03343	0.01940	0.10752	0.01783	0.01934	0.01314	0.01019	0.00701	0.00327	0.00827	0.00629	0.00730	0.01220
31	0.02317	0.02206	0.03750	0.32497	0.32582	0.02433	0.03096	0.02982	0.02266	0.03090	0.01936	0.02714	0.01547	0.00998	0.01052	0.00333	0.01330	0.00941	0.00497	0.01433
32	0.09596	0.02201	0.02775	0.02274	0.02927	0.02310	0.07470	0.23225	0.03417	0.08133	0.03806	0.10141	0.06444	0.01738	0.01142	0.00363	0.01062	0.08611	0.00949	0.01417
33	0.26790	0.02322	0.02122	0.01861	0.02473	0.07578	0.01470	0.08742	0.14093	0.11376	0.03021	0.08684	0.02481	0.01400	0.00941	0.00338	0.00949	0.01070	0.00897	0.01392
34	0.02782	0.02129	0.02438	0.02043	0.02590	0.02348	0.01616	0.13849	0.20189	0.07992	0.08138	0.03887	0.03204	0.06482	0.01686	0.00392	0.07795	0.01144	0.00945	0.08352
35	0.02107	0.01282	0.01554	0.01387	0.01836	0.01096	0.01063	0.02464	0.02598	0.14128	0.17931	0.13569	0.23953	0.02175	0.01177	0.00334	0.00634	0.01857	0.01053	0.07803
36	0.01668	0.01291	0.01564	0.01629	0.01884	0.01316	0.01217	0.02560	0.13595	0.03417	0.14625	0.29617	0.10055	0.02606	0.01280	0.00399	0.00684	0.08482	0.01033	0.01077

[dist]
# distance from previous block
# <min> <max>
0	2

[block]
# block no. 2 follows, 13 sequences, length 13
# corresponding to MSA columns:
# 281-293
name=unknown_C
#
# <colnr> <probs for GDERKNQSTAVLIFYWHMCP>
#	G	D	E	R	K	N	Q	S	T	A	V	L	I	F	Y	W	H	M	C	P
0	0.03265	0.01651	0.02136	0.01873	0.02448	0.01585	0.01540	0.04136	0.11480	0.28864	0.10959	0.06163	0.04458	0.01817	0.01182	0.00371	0.00857	0.12559	0.01172	0.01483
1	0.01504	0.01083	0.01438	0.01449	0.01674	0.01016	0.01111	0.01962	0.02780	0.03871	0.41256	0.15328	0.08966	0.02430	0.01295	0.00370	0.00591	0.09788	0.01110	0.00976
2	0.23041	0.01821	0.02008	0.01639	0.02334	0.01788	0.01339	0.06954	0.02691	0.29656	0.04385	0.04091	0.11055	0.01441	0.00976	0.00332	0.00832	0.01110	0.01049	0.01458
3	0.04358	0.02184	0.02663	0.02067	0.02876	0.02155	0.01700	0.19385	0.07713	0.37758	0.03695	0.03310	0.02422	0.01307	0.01063	0.00327	0.00973	0.01041	0.01215	0.01789
4	0.01511	0.01033	0.01249	0.01271	0.01307	0.01059	0.00783	0.01589	0.01607	0.02174	0.03471	0.11374	0.03927	0.48550	0.13755	0.01083	0.01285	0.01602	0.00659	0.00710
5	0.13825	0.01608	0.01814	0.01641	0.02093	0.01645	0.01266	0.06775	0.06528	0.16184	0.03849	0.14208	0.03556	0.10509	0.01674	0.00454	0.00852	0.05221	0.05058	0.01244
6	0.02139	0.01143	0.01479	0.01451	0.01734	0.01049	0.01064	0.02483	0.02462	0.14258	0.15629	0.29926	0.06077	0.02345	0.01177	0.00360	0.00629	0.02072	0.11424	0.01099
7	0.01804	0.01269	0.01533	0.01557	0.01845	0.01244	0.01152	0.02535	0.10882	0.07168	0.12483	0.29848	0.14557	0.02586	0.01261	0.00390	0.00665	0.05087	0.01043	0.01091
8	0.10973	0.01502	0.01688	0.01468	0.01889	0.01513	0.01124	0.08226	0.02726	0.12840	0.18537	0.05060	0.04702	0.10686	0.01659	0.00419	0.00755	0.01297	0.11757	0.01180
9	0.02469	0.01481	0.01832	0.01756	0.02159	0.01472	0.01349	0.03384	0.14240	0.16189	0.05335	0.26133	0.07769	0.02323	0.01225	0.00391	0.00770	0.07356	0.01081	0.01285
10	0.02854	0.02279	0.03951	0.10223	0.04290	0.05083	0.22876	0.03457	0.02525	0.16016	0.03172	0.12697	0.02693	0.01420	0.01180	0.00356	0.01339	0.01423	0.00786	0.01381
11	0.01307	0.00946	0.01236	0.01432	0.01532	0.00875	0.00972	0.01529	0.02149	0.02868	0.11291	0.53236	0.10411	0.03153	0.01333	0.00415	0.00597	0.02843	0.01000	0.00875
12	0.01411	0.01077	0.01309	0.01357	0.01618	0.00975	0.01040	0.01778	0.02550	0.03338	0.23928	0.17154	0.25640	0.02639	0.01298	0.00381	0.00606	0.09925	0.01040	0.00935

[dist]
# distance from previous block
# <min> <max>
0	1

[block]
# block no. 3 follows, 13 sequences, length 39
# corresponding to MSA columns:
# 295-333
name=unknown_D
#
# <colnr> <probs for GDERKNQSTAVLIFYWHMCP>
#	G	D	E	R	K	N	Q	S	T	A	V	L	I	F	Y	W	H	M	C	P
0	0.02856	0.06780	0.02505	0.02167	0.07462	0.01791	0.01581	0.07858	0.03021	0.18598	0.23275	0.05486	0.05395	0.01677	0.01128	0.00330	0.00831	0.04816	0.01059	0.01386
1	0.03124	0.03584	0.08433	0.02497	0.03183	0.26265	0.06801	0.06780	0.02947	0.07762	0.09805	0.03761	0.07727	0.01379	0.01069	0.00310	0.01417	0.01100	0.00752	0.01304
2	0.02700	0.03441	0.17774	0.12382	0.18080	0.06737	0.03002	0.11502	0.02725	0.03713	0.01965	0.02456	0.01521	0.01117	0.01233	0.00335	0.06342	0.00881	0.00581	0.01515
3	0.02353	0.09376	0.23656	0.13692	0.24039	0.02626	0.03297	0.03185	0.02270	0.03197	0.01887	0.02421	0.01477	0.00980	0.00997	0.00320	0.01382	0.00846	0.00479	0.01520
4	0.02609	0.02095	0.02381	0.01788	0.02639	0.01863	0.01433	0.15800	0.02914	0.04241	0.02340	0.06641	0.02022	0.01095	0.00897	0.00219	0.00871	0.00885	0.00766	0.46498
5	0.02350	0.02268	0.03397	0.15405	0.16454	0.02826	0.02603	0.03032	0.06846	0.02970	0.01905	0.02642	0.01633	0.01432	0.02173	0.00395	0.28845	0.00958	0.00536	0.01332
6	0.01538	0.01025	0.01153	0.01153	0.01153	0.01025	0.00641	0.01538	0.01538	0.02050	0.03331	0.06919	0.03844	0.62842	0.05382	0.01025	0.01025	0.01538	0.00641	0.00641
7	0.04016	0.02706	0.02679	0.02150	0.02888	0.11829	0.01733	0.22005	0.03673	0.24281	0.03758	0.03542	0.07105	0.01386	0.01060	0.00317	0.01133	0.01067	0.01056	0.01616
8	0.02335	0.03356	0.19121	0.04047	0.10132	0.02463	0.29835	0.03250	0.02411	0.03363	0.02384	0.03514	0.01961	0.01116	0.01183	0.00359	0.01595	0.05577	0.00551	0.01445
9	0.01404	0.00969	0.01193	0.01325	0.01358	0.00936	0.00824	0.01502	0.01799	0.02399	0.04673	0.36599	0.05536	0.30853	0.03215	0.00705	0.00804	0.02327	0.00824	0.00758
10	0.03895	0.02082	0.02497	0.02032	0.02771	0.02112	0.01640	0.09735	0.22188	0.32872	0.04069	0.03628	0.02767	0.01352	0.01067	0.00338	0.00901	0.01102	0.01199	0.01753
11	0.03889	0.02897	0.03100	0.02406	0.03229	0.03218	0.01978	0.48294	0.09611	0.06453	0.02704	0.02671	0.01932	0.01285	0.01059	0.00321	0.01133	0.00975	0.01059	0.01786
12	0.03258	0.02523	0.02712	0.02222	0.02918	0.02817	0.01787	0.30276	0.23171	0.05595	0.08327	0.03580	0.03120	0.01417	0.01083	0.00334	0.00978	0.01135	0.01075	0.01674
13	0.01386	0.00993	0.01325	0.01479	0.01610	0.00932	0.01056	0.01687	0.02333	0.03172	0.19658	0.42230	0.07734	0.02955	0.01332	0.00408	0.00616	0.07155	0.01031	0.00908
14	0.01538	0.01025	0.01153	0.01153	0.01153	0.01025	0.00641	0.01538	0.01538	0.02050	0.03331	0.06919	0.03844	0.62842	0.05382	0.01025	0.01025	0.01538	0.00641	0.00641
15	0.70310	0.02045	0.01554	0.01390	0.02045	0.02372	0.01145	0.03108	0.01799	0.04744	0.01472	0.01718	0.01145	0.00981	0.00654	0.00327	0.00818	0.00573	0.00654	0.01145
16	0.01328	0.00961	0.01221	0.01387	0.01490	0.00891	0.00932	0.01532	0.02107	0.02797	0.10754	0.46441	0.11945	0.08887	0.01719	0.00470	0.00634	0.02683	0.00966	0.00854
17	0.01458	0.01042	0.01156	0.01148	0.01265	0.00988	0.00716	0.01575	0.01901	0.02465	0.10122	0.07864	0.18049	0.41430	0.03914	0.00786	0.00848	0.01754	0.00779	0.00740
18	0.01510	0.01133	0.01699	0.01699	0.01888	0.01322	0.01322	0.01888	0.01699	0.02454	0.02832	0.04154	0.02643	0.07930	0.58652	0.01699	0.02832	0.01133	0.00566	0.00944
19	0.02228	0.01061	0.01122	0.01069	0.01368	0.01038	0.00815	0.02713	0.02292	0.08859	0.03516	0.03910	0.02701	0.01239	0.00769	0.00254	0.00530	0.00993	0.62463	0.01061
20	0.70310	0.02045	0.01554	0.01390	0.02045	0.02372	0.01145	0.03108	0.01799	0.04744	0.01472	0.01718	0.01145	0.00981	0.00654	0.00327	0.00818	0.00573	0.00654	0.01145
21	0.01934	0.01106	0.01496	0.01437	0.01573	0.01134	0.00995	0.01962	0.01693	0.07706	0.02890	0.04851	0.02864	0.25958	0.19417	0.18845	0.01487	0.01216	0.00641	0.00796
22	0.01288	0.00920	0.01227	0.01472	0.01534	0.00859	0.00981	0.01472	0.02024	0.02699	0.05828	0.62152	0.06993	0.03312	0.01350	0.00429	0.00613	0.03006	0.00981	0.00859
23	0.02192	0.01879	0.02192	0.01566	0.02506	0.01409	0.01253	0.02662	0.02192	0.03445	0.01879	0.02192	0.01566	0.00783	0.00783	0.00157	0.00783	0.00626	0.00626	0.69305
24	0.03857	0.02726	0.02967	0.02329	0.03130	0.02993	0.01906	0.39856	0.13174	0.11411	0.03005	0.02886	0.02125	0.01301	0.01061	0.00325	0.01081	0.01005	0.01086	0.01777
25	0.01538	0.01025	0.01153	0.01153	0.01153	0.01025	0.00641	0.01538	0.01538	0.02050	0.03331	0.06919	0.03844	0.62842	0.05382	0.01025	0.01025	0.01538	0.00641	0.00641
26	0.01837	0.00918	0.01377	0.01377	0.01377	0.00918	0.00918	0.01377	0.01377	0.01837	0.01837	0.03214	0.01837	0.03673	0.04132	0.69238	0.00918	0.00918	0.00459	0.00459
27	0.01373	0.01038	0.01268	0.01291	0.01524	0.00933	0.00937	0.01727	0.02583	0.03457	0.30289	0.22058	0.22474	0.02597	0.01273	0.00364	0.00538	0.02277	0.01066	0.00933
28	0.02565	0.02460	0.04199	0.10955	0.52183	0.02499	0.03219	0.03200	0.02383	0.03392	0.01980	0.02634	0.01653	0.00952	0.01048	0.00317	0.01269	0.00942	0.00519	0.01633
29	0.01308	0.00935	0.01244	0.01459	0.01538	0.00872	0.00983	0.01521	0.02115	0.02843	0.10497	0.57071	0.07272	0.03205	0.01340	0.00420	0.00603	0.02903	0.00999	0.00872
30	0.01997	0.01879	0.03171	0.60301	0.07282	0.02349	0.02936	0.02701	0.02114	0.02701	0.01879	0.02819	0.01409	0.01057	0.01057	0.00352	0.01409	0.00940	0.00470	0.01175
31	0.14135	0.01642	0.01812	0.01720	0.02149	0.04723	0.01364	0.03000	0.02415	0.16459	0.07857	0.17701	0.04416	0.02396	0.04293	0.00451	0.00973	0.10330	0.00969	0.01194
32	0.01486	0.01087	0.01429	0.01642	0.01787	0.01070	0.01218	0.01935	0.05575	0.02935	0.05667	0.45054	0.06505	0.03085	0.01361	0.00440	0.00723	0.15071	0.00986	0.00943
33	0.03982	0.07709	0.03021	0.02147	0.02966	0.08246	0.01775	0.23218	0.03631	0.22270	0.02837	0.02723	0.01967	0.01188	0.00992	0.00293	0.01113	0.00899	0.00998	0.08026
34	0.20128	0.01408	0.01568	0.01468	0.01835	0.01438	0.01128	0.02569	0.02269	0.10371	0.16770	0.08684	0.04769	0.08211	0.01793	0.07073	0.00779	0.05802	0.00898	0.01039
35	0.08919	0.01895	0.02085	0.01632	0.02354	0.01749	0.01305	0.12275	0.02855	0.04280	0.11957	0.03936	0.08101	0.01310	0.00947	0.00253	0.00789	0.01055	0.00838	0.31467
36	0.04448	0.01897	0.02485	0.01894	0.02726	0.01674	0.01561	0.08604	0.03099	0.48049	0.03829	0.03384	0.02455	0.01256	0.01036	0.00310	0.00909	0.01014	0.01225	0.08144
37	0.02024	0.01432	0.01713	0.01524	0.02011	0.01266	0.01151	0.02627	0.07399	0.08805	0.11339	0.20284	0.12739	0.02031	0.01119	0.00318	0.00682	0.01761	0.00954	0.18820
38	0.03878	0.19126	0.03529	0.02231	0.02973	0.23549	0.01848	0.09141	0.02986	0.17554	0.02364	0.02370	0.01742	0.01119	0.00922	0.00280	0.01360	0.00781	0.00778	0.01472

[dist]
# distance from previous block
# <min> <max>
2	17

[block]
# block no. 4 follows, 13 sequences, length 12
# corresponding to MSA columns:
# 351-362
name=unknown_E
#
# <colnr> <probs for GDERKNQSTAVLIFYWHMCP>
#	G	D	E	R	K	N	Q	S	T	A	V	L	I	F	Y	W	H	M	C	P
0	0.01888	0.01025	0.01418	0.01431	0.01569	0.00966	0.00997	0.01822	0.01915	0.07623	0.07801	0.21684	0.07559	0.03163	0.02606	0.32492	0.00770	0.01715	0.00783	0.00775
1	0.02923	0.01856	0.02267	0.01656	0.02561	0.01451	0.01339	0.03376	0.02431	0.18778	0.02536	0.02595	0.01867	0.00934	0.00863	0.00205	0.00816	0.00752	0.00822	0.49971
2	0.09726	0.01725	0.02084	0.01714	0.02328	0.01641	0.01368	0.09526	0.02985	0.24732	0.15539	0.09548	0.04391	0.01614	0.01071	0.00324	0.00797	0.01344	0.01101	0.06442
3	0.02097	0.01403	0.01973	0.01775	0.02101	0.01342	0.05778	0.06379	0.02356	0.09252	0.04914	0.26974	0.10049	0.11986	0.02076	0.04722	0.00875	0.02004	0.00899	0.01043
4	0.01338	0.00957	0.01197	0.01367	0.01442	0.00898	0.00892	0.01490	0.01955	0.02574	0.05738	0.45479	0.10796	0.16081	0.02209	0.00551	0.00695	0.02618	0.00908	0.00815
5	0.44136	0.02102	0.01971	0.01662	0.02363	0.02314	0.01361	0.08438	0.07385	0.15607	0.02398	0.02394	0.01708	0.01119	0.00817	0.00329	0.00869	0.00769	0.00867	0.01391
6	0.50276	0.02201	0.01932	0.01608	0.02330	0.02440	0.01322	0.12514	0.02447	0.04969	0.01720	0.01926	0.01315	0.01015	0.00745	0.00307	0.00880	0.00651	0.00728	0.08676
7	0.01730	0.01418	0.01634	0.01385	0.01923	0.01143	0.01029	0.02049	0.02144	0.03017	0.04886	0.15445	0.15918	0.08441	0.01498	0.00349	0.00719	0.01543	0.00778	0.32954
8	0.10827	0.06352	0.06039	0.02164	0.02906	0.02843	0.01839	0.16552	0.29776	0.04824	0.03222	0.03100	0.02406	0.01283	0.00994	0.00335	0.00977	0.01000	0.00946	0.01616
9	0.29480	0.01982	0.02123	0.01812	0.02302	0.02283	0.01483	0.07575	0.02383	0.10870	0.08750	0.03392	0.05831	0.01473	0.01438	0.00357	0.13395	0.01001	0.00813	0.01257
10	0.01732	0.00932	0.01360	0.01387	0.01416	0.00917	0.00934	0.01442	0.01602	0.02158	0.06903	0.11778	0.03234	0.03496	0.03505	0.53923	0.00841	0.01291	0.00591	0.00560
11	0.02505	0.02159	0.02334	0.01984	0.02680	0.02280	0.01553	0.04772	0.39402	0.04143	0.03609	0.03443	0.02752	0.01248	0.00992	0.00301	0.00821	0.01032	0.00947	0.21044

[dist]
# distance from previous block
# <min> <max>
0	2

[block]
# block no. 5 follows, 13 sequences, length 29
# corresponding to MSA columns:
# 365-393
name=unknown_F
#
# <colnr> <probs for GDERKNQSTAVLIFYWHMCP>
#	G	D	E	R	K	N	Q	S	T	A	V	L	I	F	Y	W	H	M	C	P
0	0.01641	0.01247	0.01536	0.01511	0.01772	0.01247	0.01112	0.02494	0.11727	0.03872	0.33762	0.21280	0.08021	0.02333	0.01244	0.00362	0.00588	0.02070	0.01101	0.01080
1	0.70310	0.02045	0.01554	0.01390	0.02045	0.02372	0.01145	0.03108	0.01799	0.04744	0.01472	0.01718	0.01145	0.00981	0.00654	0.00327	0.00818	0.00573	0.00654	0.01145
2	0.01367	0.00977	0.01312	0.01524	0.01629	0.00922	0.01083	0.01624	0.02178	0.02918	0.10779	0.49770	0.07165	0.03143	0.01355	0.00428	0.00652	0.09287	0.00999	0.00889
3	0.02170	0.01367	0.01630	0.01456	0.01875	0.01269	0.01123	0.07372	0.02930	0.12321	0.23629	0.11751	0.22572	0.02195	0.01208	0.00346	0.00650	0.01872	0.01103	0.01160
4	0.04089	0.01659	0.02218	0.01748	0.02467	0.01435	0.01427	0.04492	0.02961	0.46602	0.09677	0.04661	0.08628	0.01526	0.01099	0.00331	0.00826	0.01260	0.01262	0.01633
5	0.02592	0.02014	0.02216	0.01979	0.02530	0.02243	0.01540	0.04914	0.40756	0.08622	0.13748	0.04644	0.04420	0.01558	0.01106	0.00351	0.00780	0.01317	0.01111	0.01559
6	0.01376	0.00991	0.01197	0.01299	0.01408	0.00927	0.00853	0.01548	0.02034	0.02677	0.10578	0.32165	0.14292	0.20787	0.02522	0.00585	0.00712	0.02340	0.00897	0.00813
7	0.02047	0.01706	0.01875	0.01788	0.02239	0.01838	0.01412	0.03752	0.28835	0.03815	0.10220	0.07121	0.17068	0.02045	0.01197	0.00378	0.00759	0.09550	0.01043	0.01311
8	0.03390	0.01726	0.02079	0.01736	0.02371	0.01667	0.01388	0.04438	0.15841	0.30048	0.05180	0.04767	0.11264	0.01552	0.01066	0.00332	0.00787	0.01276	0.07546	0.01546
9	0.01756	0.01138	0.01496	0.01374	0.01669	0.01042	0.01042	0.02248	0.02996	0.08457	0.51569	0.07554	0.09388	0.02093	0.01232	0.00332	0.00531	0.01844	0.01175	0.01062
10	0.03319	0.01538	0.01993	0.01725	0.02248	0.01417	0.01340	0.07546	0.02786	0.30814	0.04554	0.23458	0.04046	0.01982	0.01138	0.00356	0.00796	0.01710	0.05810	0.01423
11	0.02266	0.01228	0.01357	0.01237	0.01577	0.01220	0.00954	0.06711	0.02649	0.08324	0.13043	0.04528	0.03965	0.01412	0.00884	0.00274	0.00580	0.01159	0.45513	0.01117
12	0.01448	0.01157	0.01306	0.01254	0.01582	0.01055	0.00945	0.01998	0.06182	0.03549	0.29340	0.08787	0.32818	0.02375	0.01237	0.00347	0.00540	0.02026	0.01065	0.00990
13	0.01368	0.01076	0.01235	0.01196	0.01501	0.00943	0.00897	0.01747	0.02690	0.03521	0.32313	0.09082	0.33801	0.02430	0.01248	0.00345	0.00518	0.02078	0.01069	0.00943
14	0.10151	0.02032	0.02509	0.01940	0.02749	0.01937	0.01602	0.13639	0.03277	0.43407	0.03646	0.03247	0.02344	0.01274	0.01028	0.00325	0.00941	0.01002	0.01208	0.01744
15	0.04617	0.02003	0.02580	0.01978	0.02801	0.01856	0.01634	0.13477	0.03367	0.48174	0.03886	0.03413	0.02474	0.01302	0.01062	0.00325	0.00946	0.01044	0.01265	0.01799
16	0.02827	0.63478	0.05540	0.01809	0.02714	0.04184	0.01809	0.03166	0.02148	0.02488	0.01470	0.01696	0.01357	0.00905	0.00678	0.00226	0.01131	0.00565	0.00452	0.01357
17	0.02137	0.01754	0.01966	0.01795	0.02241	0.01921	0.01380	0.04044	0.32032	0.04343	0.26625	0.05662	0.06159	0.01750	0.01150	0.00347	0.00690	0.01507	0.01114	0.01380
18	0.70310	0.02045	0.01554	0.01390	0.02045	0.02372	0.01145	0.03108	0.01799	0.04744	0.01472	0.01718	0.01145	0.00981	0.00654	0.00327	0.00818	0.00573	0.00654	0.01145
19	0.04744	0.01799	0.02454	0.01881	0.02699	0.01554	0.01554	0.05153	0.03026	0.56979	0.04171	0.03599	0.02617	0.01309	0.01063	0.00327	0.00900	0.01063	0.01309	0.01799
20	0.01510	0.01133	0.01699	0.01699	0.01888	0.01322	0.01322	0.01888	0.01699	0.02454	0.02832	0.04154	0.02643	0.07930	0.58652	0.01699	0.02832	0.01133	0.00566	0.00944
21	0.02565	0.01279	0.01592	0.01402	0.01685	0.01193	0.00963	0.02737	0.02134	0.19888	0.07833	0.05931	0.03945	0.38154	0.03659	0.00745	0.00942	0.01415	0.00898	0.01042
22	0.02176	0.01397	0.01625	0.01458	0.01779	0.01411	0.01073	0.07574	0.07060	0.07999	0.21469	0.05866	0.05438	0.16621	0.02133	0.00489	0.00752	0.01460	0.11112	0.01108
23	0.70310	0.02045	0.01554	0.01390	0.02045	0.02372	0.01145	0.03108	0.01799	0.04744	0.01472	0.01718	0.01145	0.00981	0.00654	0.00327	0.00818	0.00573	0.00654	0.01145
24	0.02564	0.02459	0.04197	0.11036	0.52110	0.02498	0.03219	0.03199	0.02383	0.03391	0.01980	0.02634	0.01652	0.00952	0.01048	0.00317	0.01269	0.00942	0.00519	0.01633
25	0.03652	0.02758	0.02779	0.02566	0.07181	0.12597	0.01879	0.11558	0.19672	0.19009	0.03351	0.03176	0.02396	0.01274	0.01045	0.00325	0.01128	0.01011	0.00998	0.01645
26	0.01465	0.01003	0.01217	0.01317	0.01355	0.00982	0.00831	0.01561	0.01765	0.02348	0.04337	0.26015	0.05069	0.38453	0.03739	0.00785	0.00882	0.05359	0.00780	0.00738
27	0.70310	0.02045	0.01554	0.01390	0.02045	0.02372	0.01145	0.03108	0.01799	0.04744	0.01472	0.01718	0.01145	0.00981	0.00654	0.00327	0.00818	0.00573	0.00654	0.01145
28	0.02266	0.02154	0.03658	0.36925	0.28552	0.02420	0.03070	0.02938	0.02242	0.03028	0.01927	0.02731	0.01525	0.01007	0.01053	0.00336	0.01343	0.00941	0.00493	0.01392

[dist]
# distance from previous block
# <min> <max>
0	4

[block]
# block no. 6 follows, 13 sequences, length 99
# corresponding to MSA columns:
# 398-496
name=unknown_G
#
# <colnr> <probs for GDERKNQSTAVLIFYWHMCP>
#	G	D	E	R	K	N	Q	S	T	A	V	L	I	F	Y	W	H	M	C	P
0	0.02767	0.02720	0.02873	0.02896	0.09576	0.11037	0.02042	0.04558	0.30669	0.03690	0.03090	0.03181	0.02423	0.01396	0.01485	0.00359	0.11868	0.01038	0.00817	0.01514
1	0.02481	0.02520	0.04731	0.14303	0.32511	0.02538	0.18744	0.03204	0.02389	0.03315	0.02019	0.02723	0.01611	0.00944	0.01112	0.00333	0.01447	0.01038	0.00519	0.01517
2	0.01288	0.00920	0.01227	0.01472	0.01534	0.00859	0.00981	0.01472	0.02024	0.02699	0.05828	0.62152	0.06993	0.03312	0.01350	0.00429	0.00613	0.03006	0.00981	0.00859
3	0.02240	0.01955	0.02100	0.01908	0.02400	0.02211	0.01487	0.04309	0.36777	0.03873	0.05801	0.05487	0.17089	0.01795	0.01292	0.00366	0.05022	0.01452	0.01007	0.01429
4	0.03246	0.13545	0.07009	0.06417	0.03258	0.02618	0.01935	0.11803	0.12832	0.16228	0.02903	0.02867	0.02098	0.01164	0.00964	0.00300	0.01045	0.00911	0.00882	0.07974
5	0.01345	0.01060	0.01213	0.01205	0.01494	0.00928	0.00892	0.01690	0.02590	0.03355	0.26940	0.14214	0.34222	0.02546	0.01258	0.00355	0.00529	0.02186	0.01049	0.00928
6	0.04019	0.02962	0.03173	0.02433	0.03279	0.03279	0.02010	0.52721	0.04971	0.06663	0.02538	0.02538	0.01798	0.01269	0.01058	0.00317	0.01163	0.00952	0.01058	0.01798
7	0.02192	0.01879	0.02192	0.01566	0.02506	0.01409	0.01253	0.02662	0.02192	0.03445	0.01879	0.02192	0.01566	0.00783	0.00783	0.00157	0.00783	0.00626	0.00626	0.69305
8	0.03223	0.03661	0.03703	0.04777	0.32157	0.28014	0.02698	0.03689	0.02675	0.03060	0.01828	0.02294	0.01533	0.01009	0.01004	0.00295	0.01552	0.00823	0.00533	0.01471
9	0.02617	0.02512	0.04292	0.06490	0.56246	0.02512	0.03245	0.03245	0.02407	0.03454	0.01989	0.02617	0.01675	0.00942	0.01047	0.00314	0.01256	0.00942	0.00523	0.01675
10	0.02630	0.02271	0.02391	0.02152	0.02749	0.02630	0.01674	0.05618	0.54336	0.04423	0.04303	0.03945	0.03228	0.01434	0.01076	0.00359	0.00837	0.01195	0.01076	0.01674
11	0.01442	0.01079	0.01338	0.01273	0.01546	0.00975	0.00955	0.01890	0.02865	0.03935	0.45792	0.08399	0.20063	0.02275	0.01248	0.00338	0.00507	0.01982	0.01124	0.00975
12	0.02121	0.05469	0.57364	0.03014	0.04576	0.02455	0.03906	0.03348	0.02232	0.03348	0.01897	0.02232	0.01339	0.01005	0.01005	0.00335	0.01563	0.00781	0.00446	0.01563
13	0.70310	0.02045	0.01554	0.01390	0.02045	0.02372	0.01145	0.03108	0.01799	0.04744	0.01472	0.01718	0.01145	0.00981	0.00654	0.00327	0.00818	0.00573	0.00654	0.01145
14	0.04744	0.01799	0.02454	0.01881	0.02699	0.01554	0.01554	0.05153	0.03026	0.56979	0.04171	0.03599	0.02617	0.01309	0.01063	0.00327	0.00900	0.01063	0.01309	0.01799
15	0.02197	0.01234	0.01526	0.01400	0.01802	0.01079	0.01067	0.02543	0.02644	0.16834	0.19035	0.16107	0.23789	0.02308	0.01218	0.00355	0.00631	0.01981	0.01108	0.01141
16	0.70310	0.02045	0.01554	0.01390	0.02045	0.02372	0.01145	0.03108	0.01799	0.04744	0.01472	0.01718	0.01145	0.00981	0.00654	0.00327	0.00818	0.00573	0.00654	0.01145
17	0.70310	0.02045	0.01554	0.01390	0.02045	0.02372	0.01145	0.03108	0.01799	0.04744	0.01472	0.01718	0.01145	0.00981	0.00654	0.00327	0.00818	0.00573	0.00654	0.01145
18	0.10041	0.01098	0.01327	0.01520	0.01679	0.01094	0.01091	0.01767	0.02046	0.03014	0.05250	0.48367	0.06144	0.02971	0.01275	0.00424	0.00683	0.08361	0.00939	0.00909
19	0.02094	0.01278	0.01591	0.01544	0.01893	0.01198	0.01175	0.02655	0.06984	0.13030	0.14561	0.23025	0.15880	0.02439	0.01247	0.00379	0.00681	0.06129	0.01079	0.01139
20	0.03644	0.01911	0.02253	0.01801	0.02426	0.01908	0.01436	0.18538	0.03284	0.25796	0.03450	0.03758	0.02542	0.09041	0.01550	0.00398	0.00925	0.01076	0.12749	0.01513
21	0.03596	0.02333	0.02577	0.02067	0.02774	0.02508	0.01678	0.28134	0.13101	0.14993	0.03288	0.03193	0.02340	0.01301	0.01015	0.00316	0.00957	0.01021	0.11154	0.01655
22	0.01839	0.01333	0.01537	0.01454	0.01843	0.01278	0.01132	0.02639	0.10962	0.07528	0.21584	0.08190	0.26085	0.02251	0.01225	0.00359	0.00638	0.05928	0.01072	0.01122
23	0.24403	0.01831	0.02048	0.01695	0.02359	0.01829	0.01372	0.07332	0.02696	0.28948	0.06982	0.08278	0.02998	0.01437	0.00974	0.00336	0.00840	0.01131	0.01051	0.01460
24	0.02194	0.01486	0.01744	0.01580	0.01984	0.01527	0.01216	0.03414	0.17968	0.09212	0.29180	0.05835	0.06388	0.01751	0.01115	0.00329	0.00635	0.01505	0.09668	0.01270
25	0.04241	0.01825	0.02326	0.01818	0.02554	0.01687	0.01490	0.10750	0.03151	0.42758	0.03858	0.03516	0.02528	0.01292	0.01014	0.00314	0.00873	0.01038	0.11288	0.01678
26	0.10560	0.01232	0.01497	0.01502	0.01769	0.01218	0.01086	0.02304	0.02139	0.11045	0.08050	0.31831	0.05145	0.08631	0.06528	0.00560	0.00903	0.02034	0.00934	0.01031
27	0.40308	0.01842	0.01785	0.01510	0.02180	0.01920	0.01235	0.03572	0.02275	0.21472	0.03514	0.03395	0.08516	0.01302	0.00862	0.00331	0.00809	0.00941	0.00908	0.01326
28	0.02130	0.01382	0.01638	0.01592	0.01868	0.01394	0.01153	0.11627	0.02632	0.06891	0.04583	0.35073	0.04920	0.07653	0.01546	0.00430	0.00756	0.02113	0.09526	0.01093
29	0.01786	0.01195	0.01821	0.15620	0.02840	0.01335	0.01419	0.01791	0.01623	0.02161	0.02205	0.03797	0.02142	0.12409	0.11009	0.33260	0.01314	0.01045	0.00503	0.00725
30	0.07411	0.01716	0.02440	0.11530	0.10292	0.01809	0.01821	0.06551	0.02389	0.13025	0.06459	0.03453	0.02547	0.02518	0.08858	0.12914	0.01259	0.01031	0.00748	0.01229
31	0.01389	0.00978	0.01249	0.01370	0.01457	0.00926	0.00907	0.01597	0.02117	0.02875	0.15725	0.38219	0.06904	0.16593	0.02244	0.00544	0.00683	0.02443	0.00942	0.00838
32	0.01913	0.01275	0.01581	0.01625	0.01845	0.01276	0.01184	0.05531	0.05944	0.06844	0.04899	0.32511	0.05370	0.13657	0.02040	0.00527	0.00814	0.09190	0.00953	0.01022
33	0.47279	0.02041	0.02193	0.06762	0.02864	0.02237	0.04985	0.03479	0.02107	0.14340	0.02064	0.02247	0.01478	0.01043	0.00808	0.00331	0.00952	0.00744	0.00754	0.01291
34	0.01763	0.00938	0.01339	0.01339	0.01384	0.00915	0.00904	0.01395	0.01508	0.01965	0.02955	0.04092	0.08642	0.03548	0.03769	0.60554	0.00870	0.01084	0.00525	0.00514
35	0.02231	0.02008	0.02663	0.01942	0.02813	0.01686	0.06151	0.02720	0.02172	0.03362	0.01861	0.02265	0.01554	0.00885	0.01058	0.00202	0.06057	0.00711	0.00604	0.57056
36	0.17734	0.06868	0.09546	0.02024	0.02913	0.02356	0.01872	0.13579	0.02987	0.25811	0.02819	0.02697	0.01904	0.01166	0.00943	0.00319	0.01034	0.00869	0.00956	0.01603
37	0.19816	0.02948	0.09582	0.02343	0.03144	0.06557	0.06251	0.10299	0.20345	0.04430	0.02695	0.02757	0.02017	0.01175	0.00965	0.00336	0.01121	0.00925	0.00805	0.01490
38	0.02670	0.01818	0.02173	0.01701	0.02432	0.01579	0.01346	0.09673	0.02759	0.12421	0.07889	0.10560	0.03240	0.01382	0.00980	0.00257	0.00805	0.01161	0.00890	0.34264
39	0.07613	0.01108	0.01406	0.01450	0.01637	0.01075	0.01026	0.01949	0.02121	0.06834	0.13518	0.31243	0.05686	0.02835	0.01807	0.14154	0.00692	0.02044	0.00905	0.00895
40	0.11675	0.06508	0.04091	0.10218	0.04265	0.06340	0.22000	0.03400	0.02474	0.09882	0.06786	0.03079	0.02327	0.01098	0.01065	0.00332	0.01358	0.01070	0.00685	0.01347
41	0.13834	0.01980	0.02301	0.01891	0.02617	0.02005	0.01530	0.04992	0.18555	0.33129	0.03811	0.03425	0.02585	0.01299	0.01006	0.00337	0.00868	0.01031	0.01140	0.01664
42	0.02943	0.01465	0.01909	0.01672	0.02157	0.01359	0.01295	0.03571	0.07626	0.26411	0.18319	0.17208	0.05572	0.01974	0.01174	0.00353	0.00726	0.01715	0.01179	0.01373
43	0.17759	0.01437	0.01602	0.01476	0.01910	0.01419	0.01155	0.02758	0.02422	0.14228	0.15211	0.10286	0.11252	0.06430	0.01409	0.00406	0.00747	0.05971	0.00984	0.01137
44	0.01283	0.00939	0.01207	0.01422	0.01520	0.00863	0.00959	0.01478	0.02073	0.02719	0.06443	0.55599	0.13148	0.03232	0.01337	0.00420	0.00604	0.02908	0.00982	0.00863
45	0.64675	0.02024	0.01631	0.01433	0.02101	0.02302	0.01180	0.03284	0.01905	0.09233	0.01704	0.01879	0.01272	0.01010	0.00689	0.00327	0.00825	0.00615	0.00711	0.01201
46	0.10864	0.01455	0.01672	0.01516	0.01937	0.01468	0.01170	0.03125	0.09692	0.12456	0.24557	0.10195	0.05847	0.01791	0.01081	0.00335	0.00657	0.01519	0.07442	0.01221
47	0.01717	0.01273	0.01523	0.01531	0.01778	0.01270	0.01148	0.05176	0.06281	0.03332	0.14625	0.16696	0.12795	0.14374	0.02093	0.00518	0.00783	0.11144	0.00958	0.00986
48	0.01479	0.01161	0.01348	0.01286	0.01603	0.01071	0.00969	0.02063	0.06379	0.03710	0.34434	0.08513	0.27477	0.02313	0.01236	0.00344	0.00537	0.01987	0.01086	0.01004
49	0.01534	0.01039	0.01222	0.01222	0.01246	0.01062	0.00727	0.01582	0.01558	0.02101	0.03268	0.06570	0.03693	0.55919	0.12097	0.01110	0.01253	0.01487	0.00631	0.00679
50	0.01923	0.01105	0.01391	0.01345	0.01497	0.01051	0.00893	0.02040	0.02017	0.09403	0.11926	0.15176	0.04970	0.30429	0.03422	0.07142	0.00850	0.01714	0.00845	0.00861
51	0.04087	0.02419	0.02784	0.02182	0.02981	0.02529	0.01787	0.27705	0.11566	0.25392	0.03419	0.03149	0.02321	0.01309	0.01063	0.00327	0.01015	0.01030	0.01155	0.01780
52	0.04150	0.02752	0.03044	0.02333	0.03174	0.02968	0.01928	0.44153	0.04621	0.15726	0.02833	0.02729	0.01946	0.01276	0.01059	0.00319	0.01116	0.00972	0.01103	0.01798
53	0.01379	0.01004	0.01299	0.01378	0.01546	0.00924	0.00975	0.01712	0.02490	0.03406	0.28683	0.33800	0.11983	0.02746	0.01296	0.00380	0.00556	0.02455	0.01064	0.00924
54	0.02380	0.01216	0.01465	0.01322	0.01548	0.01154	0.00878	0.02525	0.01970	0.16006	0.03552	0.05829	0.03438	0.42094	0.03898	0.00783	0.00948	0.01371	0.06659	0.00961
55	0.70310	0.02045	0.01554	0.01390	0.02045	0.02372	0.01145	0.03108	0.01799	0.04744	0.01472	0.01718	0.01145	0.00981	0.00654	0.00327	0.00818	0.00573	0.00654	0.01145
56	0.02827	0.63478	0.05540	0.01809	0.02714	0.04184	0.01809	0.03166	0.02148	0.02488	0.01470	0.01696	0.01357	0.00905	0.00678	0.00226	0.01131	0.00565	0.00452	0.01357
57	0.01288	0.00920	0.01227	0.01472	0.01534	0.00859	0.00981	0.01472	0.02024	0.02699	0.05828	0.62152	0.06993	0.03312	0.01350	0.00429	0.00613	0.03006	0.00981	0.00859
58	0.01342	0.01056	0.01228	0.01339	0.01594	0.00942	0.01014	0.01626	0.02308	0.02869	0.08449	0.24763	0.33453	0.02896	0.01315	0.00400	0.00636	0.10891	0.00980	0.00898
59	0.02168	0.05139	0.50918	0.03195	0.04696	0.02483	0.10021	0.03353	0.02265	0.03353	0.01928	0.02310	0.01373	0.00990	0.01035	0.00338	0.01590	0.00840	0.00458	0.01545
60	0.04019	0.02962	0.03173	0.02433	0.03279	0.03279	0.02010	0.52721	0.04971	0.06663	0.02538	0.02538	0.01798	0.01269	0.01058	0.00317	0.01163	0.00952	0.01058	0.01798
61	0.01434	0.01078	0.01327	0.01265	0.01541	0.00971	0.00949	0.01875	0.02846	0.03891	0.44354	0.08472	0.21528	0.02292	0.01248	0.00339	0.00508	0.01993	0.01118	0.00971
62	0.01578	0.01176	0.01528	0.01704	0.01979	0.01127	0.01454	0.02004	0.02427	0.03079	0.07018	0.11440	0.19898	0.02853	0.01402	0.00451	0.00852	0.36104	0.00976	0.00951
63	0.02617	0.02512	0.04292	0.06490	0.56246	0.02512	0.03245	0.03245	0.02407	0.03454	0.01989	0.02617	0.01675	0.00942	0.01047	0.00314	0.01256	0.00942	0.00523	0.01675
64	0.01997	0.01879	0.03171	0.60301	0.07282	0.02349	0.02936	0.02701	0.02114	0.02701	0.01879	0.02819	0.01409	0.01057	0.01057	0.00352	0.01409	0.00940	0.00470	0.01175
65	0.03337	0.36905	0.04384	0.02225	0.02966	0.28926	0.01915	0.03646	0.02534	0.02533	0.01545	0.01792	0.01359	0.00989	0.00803	0.00247	0.01484	0.00618	0.00494	0.01297
66	0.04744	0.01799	0.02454	0.01881	0.02699	0.01554	0.01554	0.05153	0.03026	0.56979	0.04171	0.03599	0.02617	0.01309	0.01063	0.00327	0.00900	0.01063	0.01309	0.01799
67	0.54038	0.06928	0.02049	0.01603	0.02262	0.07809	0.01318	0.03402	0.05819	0.04349	0.01696	0.01898	0.01335	0.01019	0.00715	0.00317	0.00945	0.00628	0.00660	0.01207
68	0.01556	0.01113	0.01527	0.01730	0.01921	0.01084	0.01403	0.01955	0.02384	0.03163	0.11980	0.26149	0.06842	0.02940	0.01401	0.00451	0.00808	0.29649	0.01000	0.00943
69	0.02617	0.02512	0.04292	0.06490	0.56246	0.02512	0.03245	0.03245	0.02407	0.03454	0.01989	0.02617	0.01675	0.00942	0.01047	0.00314	0.01256	0.00942	0.00523	0.01675
70	0.02827	0.63478	0.05540	0.01809	0.02714	0.04184	0.01809	0.03166	0.02148	0.02488	0.01470	0.01696	0.01357	0.00905	0.00678	0.00226	0.01131	0.00565	0.00452	0.01357
71	0.04232	0.02621	0.02962	0.02271	0.03109	0.02773	0.01876	0.38769	0.04401	0.21421	0.03017	0.02849	0.02038	0.01281	0.01059	0.00320	0.01086	0.00985	0.01131	0.01798
72	0.56565	0.02235	0.01890	0.01607	0.02301	0.02560	0.01324	0.13395	0.02457	0.05142	0.01693	0.01888	0.01280	0.01041	0.00738	0.00325	0.00890	0.00651	0.00738	0.01280
73	0.03305	0.29504	0.04239	0.02811	0.09712	0.28450	0.02095	0.03651	0.02562	0.02654	0.01609	0.01907	0.01399	0.00993	0.00849	0.00258	0.01496	0.00665	0.00503	0.01338
74	0.01313	0.00961	0.01190	0.01360	0.01467	0.00886	0.00906	0.01489	0.02032	0.02646	0.06392	0.45827	0.15390	0.10703	0.01840	0.00491	0.00651	0.02681	0.00939	0.00837
75	0.01250	0.01071	0.01071	0.01071	0.01428	0.00893	0.00803	0.01517	0.02410	0.02856	0.10711	0.10175	0.55817	0.02678	0.01250	0.00357	0.00536	0.02231	0.00982	0.00893
76	0.02192	0.01879	0.02192	0.01566	0.02506	0.01409	0.01253	0.02662	0.02192	0.03445	0.01879	0.02192	0.01566	0.00783	0.00783	0.00157	0.00783	0.00626	0.00626	0.69305
77	0.70310	0.02045	0.01554	0.01390	0.02045	0.02372	0.01145	0.03108	0.01799	0.04744	0.01472	0.01718	0.01145	0.00981	0.00654	0.00327	0.00818	0.00573	0.00654	0.01145
78	0.02313	0.02313	0.03238	0.02776	0.02776	0.03238	0.02313	0.02545	0.01619	0.02545	0.01388	0.02313	0.01388	0.01851	0.03470	0.00463	0.60907	0.00925	0.00463	0.01157
79	0.70310	0.02045	0.01554	0.01390	0.02045	0.02372	0.01145	0.03108	0.01799	0.04744	0.01472	0.01718	0.01145	0.00981	0.00654	0.00327	0.00818	0.00573	0.00654	0.01145
80	0.70310	0.02045	0.01554	0.01390	0.02045	0.02372	0.01145	0.03108	0.01799	0.04744	0.01472	0.01718	0.01145	0.00981	0.00654	0.00327	0.00818	0.00573	0.00654	0.01145
81	0.01365	0.00952	0.01204	0.01375	0.01417	0.00910	0.00877	0.01492	0.01875	0.02500	0.05063	0.45240	0.06029	0.21540	0.02584	0.00612	0.00739	0.02556	0.00877	0.00792
82	0.01288	0.00920	0.01227	0.01472	0.01534	0.00859	0.00981	0.01472	0.02024	0.02699	0.05828	0.62152	0.06993	0.03312	0.01350	0.00429	0.00613	0.03006	0.00981	0.00859
83	0.02827	0.63478	0.05540	0.01809	0.02714	0.04184	0.01809	0.03166	0.02148	0.02488	0.01470	0.01696	0.01357	0.00905	0.00678	0.00226	0.01131	0.00565	0.00452	0.01357
