[name]
unknown

[dist]
# distance from previous block
# <min> <max>
2	79

[block]
# block no. 0 follows, 11 sequences, length 47
# corresponding to MSA columns:
# 96-142
name=unknown_A
#
# <colnr> <probs for GDERKNQSTAVLIFYWHMCP>
#	G	D	E	R	K	N	Q	S	T	A	V	L	I	F	Y	W	H	M	C	P
0	0.02680	0.02170	0.02891	0.06960	0.03448	0.02165	0.06647	0.04214	0.20240	0.08391	0.08084	0.03853	0.03257	0.01311	0.01096	0.00318	0.01003	0.01155	0.00933	0.19187
1	0.09577	0.07941	0.03051	0.16063	0.04042	0.02625	0.02024	0.15492	0.03153	0.08691	0.03290	0.03512	0.07062	0.01336	0.01038	0.00328	0.01132	0.01049	0.00834	0.07758
2	0.08919	0.08567	0.08119	0.21286	0.05048	0.02873	0.06994	0.12982	0.02984	0.08390	0.02297	0.02735	0.01677	0.01150	0.01062	0.00348	0.01366	0.00956	0.00725	0.01521
3	0.02569	0.01971	0.02733	0.17021	0.09055	0.02089	0.02112	0.07641	0.06840	0.07597	0.03346	0.09222	0.03048	0.07449	0.01618	0.00435	0.01141	0.05048	0.00820	0.08243
4	0.03290	0.02683	0.08148	0.02510	0.03376	0.02409	0.06102	0.12143	0.15817	0.14541	0.03707	0.04306	0.02864	0.01479	0.01163	0.00361	0.01136	0.05679	0.01024	0.07264
5	0.03447	0.02541	0.03035	0.02454	0.03086	0.07189	0.05873	0.17080	0.03543	0.14415	0.11151	0.08251	0.03818	0.01691	0.01439	0.00366	0.06675	0.01371	0.01032	0.01544
6	0.02631	0.01683	0.02305	0.01979	0.02498	0.01652	0.05133	0.03654	0.11765	0.14110	0.22806	0.06376	0.06132	0.01871	0.01234	0.00367	0.00830	0.05389	0.06192	0.01392
7	0.14387	0.02210	0.07509	0.06788	0.03014	0.01998	0.01826	0.03150	0.06167	0.08044	0.07676	0.14313	0.03695	0.01767	0.01288	0.00368	0.05341	0.01430	0.00849	0.08181
8	0.03019	0.07617	0.02568	0.07077	0.02812	0.01957	0.01550	0.08102	0.02954	0.17620	0.15417	0.05197	0.04594	0.12320	0.01977	0.00476	0.00983	0.01367	0.01022	0.01371
9	0.03121	0.02255	0.03131	0.13753	0.13069	0.02272	0.02306	0.11729	0.03056	0.12335	0.02888	0.03754	0.02300	0.01302	0.01105	0.00328	0.01165	0.04849	0.00847	0.14433
10	0.03497	0.01904	0.02458	0.07168	0.03073	0.01777	0.01625	0.08546	0.03011	0.24895	0.08315	0.04187	0.03287	0.07500	0.01574	0.00395	0.00987	0.01165	0.01059	0.13577
11	0.03162	0.13212	0.23427	0.02536	0.03668	0.02759	0.02728	0.11261	0.02938	0.13265	0.02604	0.02810	0.01899	0.01893	0.06508	0.00478	0.01523	0.00917	0.00765	0.01650
12	0.02395	0.02248	0.03724	0.15500	0.35190	0.02319	0.02929	0.03000	0.02465	0.03392	0.03318	0.08968	0.06865	0.01432	0.01166	0.00358	0.01234	0.01335	0.00637	0.01525
13	0.15097	0.02625	0.02382	0.01878	0.02737	0.11390	0.01487	0.03420	0.02477	0.07629	0.02061	0.02301	0.01631	0.00974	0.00863	0.00236	0.01063	0.00702	0.00712	0.38337
14	0.02283	0.01972	0.02216	0.02246	0.06291	0.02124	0.01588	0.04234	0.29877	0.04136	0.10127	0.06323	0.18075	0.01927	0.01210	0.00375	0.00805	0.01628	0.01079	0.01487
15	0.01420	0.01008	0.01319	0.01518	0.01597	0.00947	0.01010	0.01631	0.02209	0.02972	0.10717	0.49234	0.07435	0.09074	0.01853	0.00510	0.00684	0.02925	0.01029	0.00906
16	0.01621	0.01155	0.01552	0.01552	0.01664	0.01268	0.01087	0.01845	0.01733	0.02423	0.03249	0.05721	0.03378	0.31401	0.33796	0.01492	0.02166	0.01396	0.00638	0.00862
17	0.14943	0.50363	0.05123	0.01845	0.02759	0.04102	0.01797	0.03359	0.02219	0.03086	0.01565	0.01810	0.01403	0.00978	0.00718	0.00260	0.01143	0.00603	0.00521	0.01403
18	0.01547	0.01135	0.01450	0.01401	0.01661	0.01038	0.01039	0.02024	0.03033	0.04220	0.44540	0.13106	0.14685	0.02464	0.01337	0.00366	0.00546	0.02171	0.01202	0.01038
19	0.02284	0.01932	0.02284	0.01706	0.02635	0.01481	0.01380	0.02786	0.02359	0.03639	0.02383	0.03335	0.02132	0.01053	0.00903	0.00201	0.00853	0.05033	0.00703	0.60919
20	0.01566	0.01149	0.01467	0.01387	0.01665	0.01050	0.01040	0.02071	0.03121	0.04360	0.48516	0.08660	0.15029	0.02358	0.01328	0.00357	0.00535	0.02071	0.01219	0.01050
21	0.04279	0.03153	0.03378	0.02590	0.03490	0.03490	0.02139	0.49671	0.05292	0.07093	0.02702	0.02702	0.01914	0.01351	0.01126	0.00338	0.01239	0.01013	0.01126	0.01914
22	0.04204	0.05364	0.03190	0.02900	0.03480	0.55926	0.02175	0.04494	0.03190	0.02755	0.01740	0.02030	0.01450	0.01160	0.01015	0.00290	0.02030	0.00725	0.00580	0.01305
23	0.03641	0.04279	0.02825	0.02568	0.03030	0.40532	0.01951	0.03970	0.02888	0.03013	0.02065	0.02469	0.01715	0.01271	0.01248	0.00306	0.07531	0.00811	0.12638	0.01251
24	0.56833	0.02129	0.01829	0.01575	0.02304	0.02366	0.01298	0.03706	0.02154	0.14021	0.02092	0.02194	0.01505	0.01108	0.00776	0.00348	0.00887	0.00705	0.00824	0.01346
25	0.11646	0.01943	0.02512	0.01948	0.02801	0.01745	0.01609	0.05259	0.03085	0.49085	0.04141	0.03622	0.02623	0.01357	0.01087	0.00348	0.00949	0.01077	0.01321	0.01843
26	0.02126	0.02001	0.03376	0.57739	0.07752	0.02501	0.03126	0.02876	0.02251	0.02876	0.02001	0.03001	0.01500	0.01125	0.01125	0.00375	0.01500	0.01000	0.00500	0.01250
27	0.02939	0.02991	0.02090	0.01944	0.02348	0.25498	0.01458	0.03361	0.02889	0.03615	0.12264	0.04041	0.03733	0.01434	0.00992	0.00292	0.01196	0.01094	0.24654	0.01165
28	0.02126	0.02001	0.03376	0.57739	0.07752	0.02501	0.03126	0.02876	0.02251	0.02876	0.02001	0.03001	0.01500	0.01125	0.01125	0.00375	0.01500	0.01000	0.00500	0.01250
29	0.01546	0.01040	0.01336	0.01453	0.01500	0.01028	0.00936	0.01622	0.01867	0.02507	0.04536	0.30158	0.05275	0.24994	0.08038	0.07264	0.01051	0.02235	0.00819	0.00795
30	0.01440	0.01114	0.01313	0.01327	0.01604	0.00987	0.00971	0.01804	0.02731	0.03583	0.26561	0.18931	0.28066	0.02762	0.01349	0.00384	0.00570	0.02396	0.01121	0.00987
31	0.02067	0.01265	0.01502	0.01464	0.01862	0.01102	0.01122	0.02382	0.02607	0.12500	0.08618	0.19428	0.30686	0.02737	0.01334	0.00401	0.00698	0.05986	0.01109	0.01129
32	0.01837	0.01467	0.02279	0.21213	0.03940	0.01752	0.01944	0.02373	0.02018	0.02862	0.02727	0.03904	0.02363	0.05183	0.31375	0.01155	0.02239	0.01119	0.07155	0.01095
33	0.02414	0.01915	0.03180	0.04473	0.30168	0.01915	0.02346	0.02564	0.02072	0.02906	0.02045	0.03070	0.01860	0.02304	0.02584	0.30287	0.01176	0.00992	0.00527	0.01204
34	0.02524	0.02361	0.03965	0.05920	0.43842	0.02349	0.03008	0.03105	0.02487	0.03528	0.02873	0.13317	0.02830	0.01470	0.01174	0.00357	0.01211	0.01409	0.00647	0.01622
35	0.38794	0.03165	0.02641	0.06911	0.03321	0.18228	0.05429	0.03643	0.02376	0.04079	0.01710	0.02081	0.01349	0.01078	0.00876	0.00336	0.01345	0.00733	0.00636	0.01270
36	0.01363	0.01012	0.01272	0.01480	0.01610	0.00922	0.01006	0.01577	0.02239	0.02907	0.07263	0.49748	0.16722	0.03388	0.01415	0.00441	0.00636	0.03032	0.01045	0.00922
37	0.02184	0.04673	0.40328	0.02870	0.04173	0.02407	0.03443	0.03486	0.06522	0.03488	0.02426	0.02913	0.01857	0.02473	0.11236	0.00627	0.01846	0.00939	0.00557	0.01552
38	0.19921	0.28958	0.08503	0.07801	0.03444	0.03492	0.02083	0.08065	0.02503	0.03829	0.01767	0.02077	0.01438	0.01050	0.00829	0.00303	0.01192	0.00707	0.00605	0.01433
39	0.02526	0.14541	0.26568	0.02699	0.03815	0.02579	0.06427	0.03360	0.02452	0.07589	0.02999	0.09472	0.02710	0.01533	0.01118	0.00363	0.01367	0.05713	0.00678	0.01491
40	0.01515	0.01127	0.01375	0.01367	0.01589	0.01060	0.00976	0.01844	0.02514	0.03375	0.24028	0.13311	0.19073	0.13536	0.07724	0.00651	0.00907	0.02076	0.01007	0.00946
41	0.03222	0.29215	0.13630	0.02187	0.03190	0.03194	0.02225	0.07832	0.02829	0.12800	0.07156	0.02989	0.02601	0.01223	0.00955	0.00301	0.01183	0.00914	0.00777	0.01576
42	0.01415	0.01105	0.01246	0.01282	0.01542	0.00977	0.00912	0.01697	0.02501	0.03181	0.16869	0.19723	0.31656	0.08629	0.01789	0.00462	0.00632	0.02405	0.01043	0.00936
43	0.02583	0.02473	0.08541	0.07971	0.13680	0.02183	0.06370	0.03728	0.11219	0.08865	0.15598	0.04552	0.04336	0.01473	0.01190	0.00359	0.01115	0.01333	0.00900	0.01533
44	0.03369	0.13482	0.03405	0.02273	0.03105	0.17364	0.01855	0.12561	0.06879	0.03974	0.02185	0.02372	0.01751	0.01097	0.00943	0.00262	0.01307	0.00784	0.00735	0.20298
45	0.02334	0.02001	0.02334	0.01667	0.02667	0.01500	0.01334	0.02834	0.02334	0.03668	0.02001	0.02334	0.01667	0.00834	0.00834	0.00167	0.00834	0.00667	0.00667	0.67325
46	0.08780	0.03183	0.03871	0.09025	0.13609	0.12683	0.10083	0.12089	0.08099	0.04247	0.02372	0.02757	0.01827	0.01154	0.01102	0.00344	0.01470	0.01001	0.00731	0.01575

[dist]
# distance from previous block
# <min> <max>
3	6

[block]
# block no. 1 follows, 11 sequences, length 50
# corresponding to MSA columns:
# 149-198
name=unknown_B
#
# <colnr> <probs for GDERKNQSTAVLIFYWHMCP>
#	G	D	E	R	K	N	Q	S	T	A	V	L	I	F	Y	W	H	M	C	P
0	0.68395	0.02177	0.01654	0.01480	0.02177	0.02525	0.01219	0.03309	0.01915	0.05050	0.01567	0.01828	0.01219	0.01045	0.00697	0.00348	0.00871	0.00609	0.00697	0.01219
1	0.01480	0.01141	0.01365	0.01495	0.01701	0.01073	0.01049	0.01943	0.05970	0.03162	0.10560	0.38951	0.19735	0.03114	0.01379	0.00424	0.00640	0.02757	0.01065	0.00998
2	0.02774	0.02707	0.04758	0.06710	0.49074	0.02690	0.07652	0.03468	0.02571	0.03671	0.02132	0.02809	0.01776	0.00998	0.01134	0.00338	0.01388	0.01033	0.00558	0.01759
3	0.04100	0.11289	0.03732	0.02496	0.03406	0.03626	0.02109	0.43172	0.04870	0.06469	0.02543	0.02576	0.01848	0.01297	0.01069	0.00324	0.01234	0.00956	0.01035	0.01848
4	0.02665	0.03310	0.20436	0.02244	0.03456	0.01905	0.02352	0.03435	0.02465	0.10280	0.02328	0.02545	0.01731	0.00989	0.00954	0.00256	0.01137	0.00785	0.00696	0.36031
5	0.12637	0.03421	0.20297	0.02765	0.03915	0.02284	0.10024	0.04245	0.02669	0.22508	0.02893	0.02943	0.01945	0.01166	0.01081	0.00356	0.01328	0.00991	0.00861	0.01671
6	0.01611	0.01195	0.01753	0.01753	0.01934	0.01376	0.01337	0.01974	0.01792	0.02571	0.03066	0.04706	0.02937	0.13464	0.51131	0.01740	0.02829	0.01248	0.00611	0.00974
7	0.11392	0.01426	0.01825	0.02101	0.06611	0.01399	0.01370	0.02500	0.02299	0.10005	0.04947	0.39026	0.05440	0.02666	0.01263	0.00416	0.00786	0.02363	0.00997	0.01168
8	0.04002	0.02819	0.14582	0.10101	0.04014	0.01992	0.02432	0.04681	0.02892	0.35447	0.03546	0.03383	0.02295	0.01282	0.01117	0.00354	0.01195	0.01045	0.01058	0.01765
9	0.01449	0.01060	0.01380	0.01606	0.01750	0.00991	0.01165	0.01718	0.02291	0.02989	0.06841	0.44420	0.13250	0.03359	0.01445	0.00458	0.00714	0.11129	0.01043	0.00942
10	0.04043	0.04882	0.03232	0.02877	0.03430	0.46060	0.02199	0.08456	0.03240	0.03147	0.01802	0.02133	0.01495	0.01256	0.01284	0.00314	0.07400	0.00776	0.00621	0.01353
11	0.02334	0.02001	0.02334	0.01667	0.02667	0.01500	0.01334	0.02834	0.02334	0.03668	0.02001	0.02334	0.01667	0.00834	0.00834	0.00167	0.00834	0.00667	0.00667	0.67325
12	0.02657	0.03036	0.06641	0.04744	0.05882	0.02846	0.49336	0.03605	0.02657	0.03605	0.02277	0.03036	0.01708	0.00949	0.01328	0.00380	0.01898	0.01328	0.00569	0.01518
13	0.50171	0.01851	0.01560	0.01504	0.02029	0.02087	0.01172	0.02835	0.01981	0.04458	0.02828	0.17567	0.02912	0.01720	0.00898	0.00378	0.00811	0.01314	0.00791	0.01136
14	0.02646	0.02507	0.04246	0.06381	0.48308	0.02500	0.03216	0.03268	0.02523	0.03598	0.02521	0.08408	0.02342	0.01252	0.01146	0.00346	0.01270	0.01220	0.00605	0.01697
15	0.01814	0.01296	0.01814	0.02073	0.02332	0.01296	0.01814	0.02332	0.02591	0.03368	0.05959	0.12696	0.06478	0.03109	0.01555	0.00518	0.01036	0.45848	0.01036	0.01036
16	0.02334	0.02001	0.02334	0.01667	0.02667	0.01500	0.01334	0.02834	0.02334	0.03668	0.02001	0.02334	0.01667	0.00834	0.00834	0.00167	0.00834	0.00667	0.00667	0.67325
17	0.01776	0.01383	0.01658	0.01753	0.01988	0.01438	0.01246	0.02808	0.15619	0.03493	0.09205	0.40828	0.06589	0.02892	0.01349	0.00429	0.00709	0.02590	0.01086	0.01161
18	0.01433	0.01024	0.01377	0.01638	0.01731	0.00968	0.01153	0.01675	0.02216	0.02943	0.06169	0.53111	0.07308	0.03468	0.01453	0.00466	0.00707	0.09186	0.01044	0.00931
19	0.01937	0.01239	0.01618	0.01516	0.01848	0.01134	0.01176	0.02440	0.03093	0.09216	0.40927	0.08514	0.12344	0.02323	0.01329	0.00370	0.00622	0.05995	0.01222	0.01136
20	0.02334	0.01584	0.01893	0.01867	0.02229	0.01643	0.01372	0.03561	0.18784	0.10240	0.05428	0.33769	0.05489	0.02576	0.01299	0.00418	0.00773	0.02282	0.01124	0.01336
21	0.03544	0.02329	0.06771	0.02439	0.07831	0.01768	0.01899	0.04096	0.02743	0.25480	0.03067	0.03027	0.02142	0.01110	0.01008	0.00276	0.01001	0.00913	0.00955	0.27601
22	0.03444	0.41102	0.04990	0.02199	0.03098	0.11014	0.02005	0.13649	0.03063	0.03635	0.01837	0.02031	0.01548	0.01074	0.00849	0.00268	0.01320	0.00708	0.00635	0.01529
23	0.68395	0.02177	0.01654	0.01480	0.02177	0.02525	0.01219	0.03309	0.01915	0.05050	0.01567	0.01828	0.01219	0.01045	0.00697	0.00348	0.00871	0.00609	0.00697	0.01219
24	0.02299	0.01998	0.02803	0.02436	0.02945	0.02124	0.09612	0.03956	0.25046	0.03778	0.04448	0.19862	0.04175	0.02189	0.01515	0.05649	0.01001	0.01812	0.00967	0.01386
25	0.04013	0.02067	0.02729	0.09321	0.03532	0.01914	0.01828	0.08944	0.03110	0.32079	0.03430	0.03293	0.02293	0.01235	0.01067	0.00312	0.01031	0.01004	0.01095	0.15702
26	0.01391	0.01040	0.01293	0.01446	0.01612	0.00942	0.01002	0.01652	0.02388	0.03129	0.13569	0.41380	0.18648	0.03205	0.01397	0.00425	0.00617	0.02851	0.01070	0.00942
27	0.02334	0.02001	0.02334	0.01667	0.02667	0.01500	0.01334	0.02834	0.02334	0.03668	0.02001	0.02334	0.01667	0.00834	0.00834	0.00167	0.00834	0.00667	0.00667	0.67325
28	0.02257	0.05822	0.54613	0.03208	0.04871	0.02614	0.04158	0.03564	0.02376	0.03564	0.02020	0.02376	0.01426	0.01069	0.01069	0.00356	0.01663	0.00832	0.00475	0.01663
29	0.04279	0.03153	0.03378	0.02590	0.03490	0.03490	0.02139	0.49671	0.05292	0.07093	0.02702	0.02702	0.01914	0.01351	0.01126	0.00338	0.01239	0.01013	0.01126	0.01914
30	0.02529	0.05075	0.42884	0.03372	0.04890	0.02581	0.11403	0.03713	0.02485	0.07311	0.02241	0.02592	0.01573	0.01073	0.01117	0.00360	0.01650	0.00936	0.00558	0.01658
31	0.01593	0.01150	0.01504	0.01416	0.01681	0.01062	0.01062	0.02124	0.03186	0.04513	0.52830	0.08407	0.10620	0.02301	0.01327	0.00354	0.00531	0.02035	0.01239	0.01062
32	0.01330	0.01140	0.01140	0.01140	0.01520	0.00950	0.00855	0.01615	0.02565	0.03041	0.11402	0.10832	0.52967	0.02850	0.01330	0.00380	0.00570	0.02375	0.01045	0.00950
33	0.03511	0.03215	0.09928	0.02335	0.03149	0.09520	0.02089	0.21977	0.03800	0.10041	0.07375	0.03411	0.02804	0.01372	0.01075	0.00326	0.01209	0.01060	0.10203	0.01600
34	0.12735	0.02435	0.04244	0.06632	0.04368	0.02338	0.22018	0.04213	0.02736	0.22475	0.02960	0.03158	0.02025	0.01138	0.01154	0.00363	0.01381	0.01134	0.00887	0.01606
35	0.01640	0.01185	0.01777	0.01777	0.01960	0.01367	0.01367	0.01960	0.01777	0.02552	0.02917	0.04330	0.02735	0.08025	0.51244	0.07822	0.02828	0.01185	0.00592	0.00957
36	0.01368	0.00994	0.01291	0.01528	0.01622	0.00918	0.01027	0.01572	0.02193	0.02889	0.06681	0.55219	0.11627	0.03464	0.01427	0.00450	0.00645	0.03124	0.01045	0.00918
37	0.02174	0.01369	0.01895	0.02296	0.09036	0.01318	0.01479	0.02585	0.02427	0.08454	0.04786	0.26034	0.04914	0.02349	0.01213	0.00388	0.00797	0.07756	0.17544	0.01185
38	0.02940	0.56062	0.10355	0.02043	0.03070	0.04285	0.02130	0.03388	0.02295	0.02732	0.01606	0.01858	0.01443	0.00973	0.00754	0.00251	0.01246	0.00623	0.00481	0.01464
39	0.03230	0.02528	0.08166	0.04367	0.26963	0.02145	0.02658	0.03870	0.02825	0.18514	0.09904	0.03842	0.03283	0.01305	0.01145	0.00343	0.01143	0.01170	0.00889	0.01709
40	0.02679	0.01582	0.02225	0.01983	0.02315	0.01760	0.01568	0.03027	0.02163	0.16614	0.03216	0.04242	0.02723	0.10545	0.28116	0.01138	0.10846	0.01193	0.00808	0.01256
41	0.03607	0.03218	0.15302	0.13064	0.04455	0.02578	0.02669	0.17410	0.03440	0.18710	0.02896	0.02999	0.01965	0.01253	0.01114	0.00352	0.01310	0.01001	0.00928	0.01729
42	0.16363	0.18044	0.15222	0.10487	0.08795	0.03121	0.02611	0.06972	0.02487	0.03831	0.01871	0.02271	0.01471	0.01061	0.00921	0.00324	0.01295	0.00782	0.00585	0.01489
43	0.10852	0.10507	0.08162	0.05944	0.03149	0.02341	0.06422	0.02837	0.02583	0.03888	0.21506	0.04667	0.04989	0.01590	0.01306	0.00352	0.05519	0.01307	0.00812	0.01266
44	0.46141	0.02182	0.02050	0.01709	0.02469	0.02364	0.01410	0.07538	0.02535	0.18575	0.02437	0.02441	0.01700	0.01164	0.00849	0.00347	0.00923	0.00783	0.00920	0.01463
45	0.02624	0.01843	0.02373	0.09085	0.03225	0.01575	0.01582	0.03104	0.02446	0.11879	0.02997	0.10725	0.02643	0.01343	0.01006	0.00265	0.00917	0.01144	0.00819	0.38405
46	0.03526	0.03621	0.15277	0.09988	0.04372	0.03157	0.02738	0.32807	0.04215	0.05719	0.02451	0.02666	0.01746	0.01256	0.01113	0.00347	0.01372	0.00969	0.00892	0.01769
47	0.01503	0.01134	0.01589	0.09418	0.02451	0.01154	0.01301	0.01758	0.02117	0.02805	0.05351	0.46580	0.06279	0.08811	0.01817	0.00508	0.00815	0.02737	0.00933	0.00938
48	0.02537	0.07659	0.02984	0.07864	0.07738	0.02089	0.04912	0.03395	0.09450	0.10223	0.11074	0.16906	0.04670	0.01899	0.01202	0.00371	0.00989	0.01693	0.00949	0.01394
49	0.03012	0.01993	0.02356	0.01907	0.02685	0.01832	0.01503	0.04195	0.15866	0.15896	0.03698	0.08864	0.02985	0.01421	0.01049	0.00297	0.00861	0.01192	0.01007	0.27381

[dist]
# distance from previous block
# <min> <max>
0	1

[block]
# block no. 2 follows, 11 sequences, length 33
# corresponding to MSA columns:
# 200-232
name=unknown_C
#
# <colnr> <probs for GDERKNQSTAVLIFYWHMCP>
#	G	D	E	R	K	N	Q	S	T	A	V	L	I	F	Y	W	H	M	C	P
0	0.02924	0.03430	0.17214	0.03130	0.11828	0.05499	0.02598	0.06369	0.02714	0.09427	0.02324	0.02591	0.01746	0.01040	0.01007	0.00285	0.01257	0.00844	0.00699	0.23071
1	0.02962	0.07225	0.02897	0.02291	0.02979	0.03001	0.01828	0.10065	0.42899	0.04777	0.04153	0.03859	0.03126	0.01464	0.01109	0.00366	0.00950	0.01193	0.01090	0.01767
2	0.02381	0.01824	0.02158	0.01641	0.02489	0.01411	0.01292	0.02828	0.02409	0.07694	0.03393	0.08665	0.06617	0.01307	0.00958	0.00227	0.00804	0.01091	0.00794	0.50017
3	0.02257	0.05822	0.54613	0.03208	0.04871	0.02614	0.04158	0.03564	0.02376	0.03564	0.02020	0.02376	0.01426	0.01069	0.01069	0.00356	0.01663	0.00832	0.00475	0.01663
4	0.16293	0.01818	0.02408	0.07486	0.03073	0.01876	0.05450	0.03442	0.06362	0.14844	0.03992	0.20751	0.03755	0.01935	0.01154	0.00390	0.00970	0.01684	0.00965	0.01350
5	0.02189	0.02065	0.03490	0.52871	0.12126	0.02517	0.03157	0.02931	0.02280	0.02952	0.02012	0.02980	0.01527	0.01114	0.01124	0.00371	0.01485	0.01000	0.00506	0.01301
6	0.12541	0.02038	0.02481	0.01989	0.02796	0.01969	0.01623	0.05303	0.11714	0.39183	0.04108	0.03648	0.02708	0.01374	0.01080	0.00354	0.00935	0.01092	0.01262	0.01805
7	0.02881	0.02649	0.03352	0.14241	0.22500	0.11093	0.02563	0.03435	0.02733	0.08245	0.07989	0.04002	0.06768	0.01366	0.01140	0.00341	0.01305	0.01181	0.00737	0.01479
8	0.09341	0.07871	0.02445	0.01689	0.02387	0.01853	0.01408	0.04296	0.02778	0.30967	0.03688	0.03552	0.02542	0.01297	0.00958	0.00313	0.00857	0.01010	0.19179	0.01570
9	0.04254	0.02887	0.03073	0.02516	0.03270	0.16333	0.06413	0.04708	0.03093	0.30179	0.03663	0.04194	0.02707	0.01466	0.01163	0.00353	0.01345	0.05703	0.01058	0.01621
10	0.01371	0.00979	0.01306	0.01567	0.01632	0.00914	0.01045	0.01567	0.02155	0.02873	0.06203	0.59710	0.07444	0.03526	0.01437	0.00457	0.00653	0.03200	0.01045	0.00914
11	0.04275	0.01749	0.02332	0.01845	0.02598	0.01514	0.01503	0.04703	0.03145	0.43318	0.10261	0.05089	0.09199	0.01650	0.01174	0.00352	0.00870	0.01365	0.01338	0.01719
12	0.09180	0.02445	0.02874	0.02411	0.03117	0.02712	0.06653	0.10562	0.31774	0.04786	0.04377	0.04208	0.06925	0.01507	0.01134	0.00373	0.01011	0.01273	0.01031	0.01648
13	0.02192	0.02130	0.03783	0.51134	0.07519	0.02544	0.08885	0.02967	0.02301	0.02967	0.02035	0.03005	0.01526	0.01103	0.01151	0.00376	0.01550	0.01041	0.00509	0.01284
14	0.01544	0.01215	0.01344	0.01343	0.01661	0.01115	0.00986	0.02012	0.06572	0.03203	0.13417	0.14778	0.34686	0.02862	0.01620	0.06791	0.00641	0.02207	0.01019	0.00983
15	0.02326	0.02278	0.03181	0.02782	0.02790	0.03132	0.02286	0.02566	0.01777	0.02729	0.02067	0.09598	0.02221	0.02164	0.03412	0.00488	0.51189	0.01261	0.00561	0.01192
16	0.11159	0.53775	0.05369	0.01870	0.02800	0.04213	0.01838	0.03363	0.02241	0.02947	0.01565	0.01808	0.01416	0.00973	0.00719	0.00254	0.01162	0.00603	0.00508	0.01416
17	0.01819	0.01652	0.02891	0.02372	0.02856	0.01528	0.14863	0.02368	0.02737	0.03726	0.23417	0.18485	0.12087	0.02246	0.01352	0.00387	0.00954	0.02128	0.00983	0.01147
18	0.01608	0.01206	0.01809	0.01809	0.02010	0.01407	0.01407	0.02010	0.01809	0.02613	0.03015	0.04422	0.02814	0.08441	0.55984	0.01809	0.03015	0.01206	0.00603	0.01005
19	0.01367	0.01099	0.01219	0.01279	0.01566	0.00952	0.00925	0.01653	0.02519	0.03141	0.14113	0.23395	0.36882	0.02973	0.01358	0.00398	0.00588	0.02558	0.01064	0.00952
20	0.02992	0.01840	0.02560	0.02105	0.02717	0.01794	0.06057	0.04119	0.13770	0.19276	0.22896	0.05598	0.05842	0.01729	0.01229	0.00361	0.00869	0.01530	0.01200	0.01519
21	0.02551	0.02129	0.02450	0.01770	0.02759	0.01722	0.01424	0.08057	0.02664	0.04050	0.02079	0.02375	0.01695	0.00891	0.00866	0.00186	0.00879	0.00705	0.00718	0.60030
22	0.01334	0.01125	0.01156	0.01181	0.01531	0.00947	0.00873	0.01611	0.02526	0.03024	0.10900	0.15550	0.48573	0.02916	0.01340	0.00388	0.00578	0.02455	0.01045	0.00947
23	0.02657	0.03036	0.06641	0.04744	0.05882	0.02846	0.49336	0.03605	0.02657	0.03605	0.02277	0.03036	0.01708	0.00949	0.01328	0.00380	0.01898	0.01328	0.00569	0.01518
24	0.61331	0.02148	0.01761	0.01538	0.02254	0.02428	0.01267	0.03551	0.02061	0.10531	0.01888	0.02052	0.01394	0.01084	0.00745	0.00348	0.00880	0.00668	0.00774	0.01297
25	0.02962	0.01447	0.01674	0.01449	0.01915	0.01402	0.01141	0.07154	0.02897	0.16899	0.08615	0.04396	0.03541	0.01432	0.00954	0.00299	0.00692	0.01164	0.38633	0.01337
26	0.01814	0.01296	0.01814	0.02073	0.02332	0.01296	0.01814	0.02332	0.02591	0.03368	0.05959	0.12696	0.06478	0.03109	0.01555	0.00518	0.01036	0.45848	0.01036	0.01036
27	0.01608	0.01206	0.01809	0.01809	0.02010	0.01407	0.01407	0.02010	0.01809	0.02613	0.03015	0.04422	0.02814	0.08441	0.55984	0.01809	0.03015	0.01206	0.00603	0.01005
28	0.02340	0.02220	0.03764	0.41199	0.22614	0.02557	0.03233	0.03064	0.02352	0.03136	0.02038	0.02931	0.01592	0.01085	0.01122	0.00362	0.01447	0.01001	0.00519	0.01424
29	0.31971	0.08477	0.03215	0.02615	0.07829	0.02717	0.07623	0.03935	0.08302	0.09927	0.02397	0.02582	0.01804	0.01118	0.00922	0.00344	0.01091	0.00876	0.00777	0.01481
30	0.01965	0.01524	0.01960	0.01886	0.02396	0.01339	0.01579	0.02451	0.02463	0.03436	0.04553	0.12755	0.04823	0.02323	0.01285	0.00387	0.00932	0.26134	0.00904	0.24904
31	0.02404	0.28983	0.09175	0.02124	0.02850	0.02870	0.02109	0.02933	0.02430	0.03061	0.03550	0.06666	0.03661	0.01920	0.01125	0.00375	0.01178	0.20573	0.00725	0.01287
32	0.03665	0.16863	0.03532	0.02083	0.02936	0.02873	0.01788	0.18912	0.03582	0.15810	0.07962	0.03289	0.02874	0.01313	0.01020	0.00301	0.01054	0.01010	0.00993	0.08139

[dist]
# distance from previous block
# <min> <max>
0	1

[block]
# block no. 3 follows, 11 sequences, length 21
# corresponding to MSA columns:
# 234-254
name=unknown_D
#
# <colnr> <probs for GDERKNQSTAVLIFYWHMCP>
#	G	D	E	R	K	N	Q	S	T	A	V	L	I	F	Y	W	H	M	C	P
0	0.03223	0.03777	0.25259	0.03445	0.12988	0.02362	0.03070	0.04337	0.07340	0.18515	0.02991	0.03051	0.02081	0.01196	0.01103	0.00352	0.01323	0.00993	0.00823	0.01770
1	0.02693	0.02264	0.03459	0.02806	0.03512	0.02337	0.14646	0.04414	0.22723	0.08385	0.09793	0.05333	0.04111	0.01633	0.01263	0.00391	0.01145	0.06535	0.01008	0.01550
2	0.02126	0.02001	0.03376	0.57739	0.07752	0.02501	0.03126	0.02876	0.02251	0.02876	0.02001	0.03001	0.01500	0.01125	0.01125	0.00375	0.01500	0.01000	0.00500	0.01250
3	0.04102	0.01781	0.02226	0.01779	0.02473	0.01656	0.01446	0.08994	0.03171	0.34786	0.04042	0.03828	0.02729	0.01365	0.01029	0.00322	0.00857	0.01096	0.20660	0.01659
4	0.02628	0.14358	0.23491	0.04110	0.20477	0.02985	0.03263	0.03756	0.07769	0.03562	0.02250	0.02609	0.01767	0.01078	0.01030	0.00331	0.01388	0.00895	0.00577	0.01677
5	0.07976	0.02858	0.05854	0.04218	0.05296	0.02703	0.40866	0.03770	0.02656	0.08758	0.02438	0.03022	0.01777	0.01000	0.01260	0.00374	0.01725	0.01253	0.00661	0.01535
6	0.01346	0.01080	0.01202	0.01299	0.01562	0.00937	0.00926	0.01597	0.02412	0.02978	0.09463	0.29067	0.35984	0.03103	0.01370	0.00409	0.00601	0.02683	0.01045	0.00937
7	0.11268	0.03141	0.14609	0.02765	0.03839	0.02394	0.10764	0.09690	0.03029	0.22866	0.02988	0.03007	0.02013	0.01198	0.01102	0.00354	0.01303	0.01027	0.00934	0.01708
8	0.03031	0.10627	0.24931	0.08413	0.04586	0.02751	0.08505	0.07681	0.02777	0.12442	0.02471	0.02729	0.01745	0.01128	0.01081	0.00345	0.01464	0.00947	0.00703	0.01644
9	0.01361	0.01106	0.01207	0.01256	0.01558	0.00952	0.00914	0.01648	0.02529	0.03129	0.13782	0.21165	0.39574	0.02950	0.01353	0.00394	0.00585	0.02524	0.01061	0.00952
10	0.04415	0.13945	0.03468	0.02471	0.07858	0.02320	0.01886	0.04858	0.02968	0.38814	0.03631	0.03319	0.02416	0.01268	0.01047	0.00325	0.01045	0.01012	0.01127	0.01807
11	0.02378	0.01739	0.02628	0.20635	0.11987	0.01871	0.02039	0.02780	0.02170	0.08682	0.02915	0.04794	0.02723	0.24668	0.02950	0.00649	0.01249	0.01268	0.00685	0.01188
12	0.02505	0.02793	0.06012	0.04369	0.05381	0.02618	0.43640	0.03365	0.02597	0.03519	0.02740	0.09721	0.02384	0.01253	0.01341	0.00389	0.01751	0.01549	0.00625	0.01447
13	0.01414	0.01010	0.01354	0.01615	0.01699	0.00951	0.01118	0.01640	0.02197	0.02920	0.06180	0.55219	0.07352	0.03486	0.01448	0.00463	0.00690	0.07274	0.01044	0.00926
14	0.02991	0.51003	0.05445	0.08078	0.03458	0.07629	0.02073	0.03390	0.02342	0.02680	0.01624	0.01951	0.01451	0.00994	0.00785	0.00259	0.01290	0.00653	0.00490	0.01414
15	0.01534	0.01148	0.01423	0.01354	0.01645	0.01037	0.01015	0.02010	0.03046	0.04182	0.43507	0.08953	0.20149	0.02425	0.01328	0.00360	0.00540	0.02112	0.01195	0.01037
16	0.01417	0.01043	0.01339	0.01558	0.01697	0.00965	0.01105	0.01665	0.02273	0.02959	0.07016	0.46257	0.14695	0.03368	0.01433	0.00452	0.00685	0.08097	0.01044	0.00934
17	0.02621	0.18220	0.38527	0.02889	0.04287	0.08340	0.03458	0.03613	0.02437	0.03278	0.01890	0.02213	0.01432	0.01054	0.00986	0.00324	0.01596	0.00769	0.00487	0.01578
18	0.39391	0.08499	0.08531	0.02982	0.14528	0.02760	0.02132	0.03377	0.02154	0.04330	0.01745	0.02110	0.01396	0.01030	0.00837	0.00335	0.01099	0.00725	0.00619	0.01422
19	0.02325	0.01433	0.01716	0.01566	0.02012	0.01336	0.01200	0.03039	0.08584	0.13876	0.19926	0.12858	0.21038	0.02320	0.01279	0.00374	0.00683	0.01986	0.01179	0.01268
20	0.02019	0.01246	0.01578	0.01555	0.01869	0.01169	0.01228	0.02463	0.02744	0.08714	0.21697	0.08794	0.12301	0.07257	0.01678	0.00451	0.00754	0.13118	0.08272	0.01093

[dist]
# distance from previous block
# <min> <max>
0	5

[block]
# block no. 4 follows, 11 sequences, length 36
# corresponding to MSA columns:
# 260-295
name=unknown_E
#
# <colnr> <probs for GDERKNQSTAVLIFYWHMCP>
#	G	D	E	R	K	N	Q	S	T	A	V	L	I	F	Y	W	H	M	C	P
0	0.02938	0.12939	0.09521	0.03283	0.09685	0.07244	0.12530	0.03593	0.02685	0.08833	0.07531	0.03220	0.02659	0.01165	0.01079	0.00315	0.01359	0.01054	0.00710	0.07657
1	0.68395	0.02177	0.01654	0.01480	0.02177	0.02525	0.01219	0.03309	0.01915	0.05050	0.01567	0.01828	0.01219	0.01045	0.00697	0.00348	0.00871	0.00609	0.00697	0.01219
2	0.02464	0.13398	0.03021	0.01717	0.02710	0.02070	0.01448	0.02937	0.02325	0.03471	0.01916	0.02232	0.01624	0.00858	0.00812	0.00181	0.00905	0.00654	0.00631	0.54625
3	0.01623	0.01146	0.01504	0.01504	0.01599	0.01241	0.01026	0.01814	0.01718	0.02387	0.03294	0.05968	0.03485	0.35759	0.29585	0.01432	0.02004	0.01432	0.00644	0.00835
4	0.01904	0.01213	0.01563	0.01462	0.01784	0.01098	0.01100	0.02368	0.03028	0.09379	0.39061	0.12965	0.13994	0.02379	0.01318	0.00366	0.00591	0.02086	0.01216	0.01125
5	0.12341	0.01866	0.02352	0.01851	0.02645	0.01702	0.01521	0.04959	0.02985	0.43675	0.04026	0.03626	0.02608	0.01344	0.01048	0.00340	0.00907	0.01062	0.07391	0.01752
6	0.68395	0.02177	0.01654	0.01480	0.02177	0.02525	0.01219	0.03309	0.01915	0.05050	0.01567	0.01828	0.01219	0.01045	0.00697	0.00348	0.00871	0.00609	0.00697	0.01219
7	0.03387	0.21804	0.13974	0.07019	0.03857	0.03356	0.02493	0.17704	0.03313	0.09483	0.02330	0.02496	0.01726	0.01159	0.00988	0.00315	0.01302	0.00859	0.00772	0.01662
8	0.02386	0.10095	0.28621	0.03119	0.08451	0.02762	0.03123	0.03489	0.06650	0.03577	0.07521	0.03162	0.02616	0.01330	0.01385	0.00361	0.08173	0.01008	0.00625	0.01547
9	0.01844	0.01586	0.02053	0.07853	0.07033	0.01421	0.01492	0.02279	0.02462	0.03338	0.09306	0.12601	0.20324	0.01987	0.01164	0.00323	0.00816	0.01709	0.00853	0.19555
10	0.11582	0.02860	0.02972	0.02385	0.03198	0.03209	0.01944	0.33660	0.15939	0.06278	0.03017	0.02957	0.02196	0.01357	0.01079	0.00350	0.01111	0.01027	0.01079	0.01799
11	0.10114	0.01832	0.02101	0.01844	0.02387	0.01882	0.01406	0.04273	0.16110	0.20261	0.04234	0.10995	0.03579	0.11651	0.01905	0.00496	0.00916	0.01448	0.01088	0.01476
12	0.15780	0.01960	0.02450	0.01914	0.02755	0.01802	0.01581	0.05116	0.03000	0.45877	0.03954	0.03492	0.02521	0.01334	0.01058	0.00348	0.00943	0.01043	0.01275	0.01797
13	0.03009	0.61122	0.05898	0.01926	0.02889	0.04454	0.01926	0.03370	0.02287	0.02648	0.01565	0.01805	0.01444	0.00963	0.00722	0.00241	0.01204	0.00602	0.00481	0.01444
14	0.11402	0.01871	0.02383	0.01869	0.02672	0.01695	0.01537	0.05022	0.03014	0.44954	0.04078	0.03653	0.02631	0.01350	0.01058	0.00341	0.00913	0.01071	0.06715	0.01771
15	0.05050	0.01915	0.02612	0.02003	0.02873	0.01654	0.01654	0.05485	0.03221	0.54203	0.04440	0.03831	0.02786	0.01393	0.01132	0.00348	0.00958	0.01132	0.01393	0.01915
16	0.01367	0.00997	0.01288	0.01522	0.01621	0.00918	0.01025	0.01572	0.02198	0.02891	0.06754	0.54533	0.12266	0.03455	0.01425	0.00449	0.00644	0.03112	0.01045	0.00918
17	0.01637	0.01091	0.01228	0.01228	0.01228	0.01091	0.00682	0.01637	0.01637	0.02182	0.03546	0.07365	0.04092	0.60445	0.05729	0.01091	0.01091	0.01637	0.00682	0.00682
18	0.02334	0.02001	0.02334	0.01667	0.02667	0.01500	0.01334	0.02834	0.02334	0.03668	0.02001	0.02334	0.01667	0.00834	0.00834	0.00167	0.00834	0.00667	0.00667	0.67325
19	0.02800	0.02418	0.02545	0.02291	0.02927	0.02800	0.01782	0.05981	0.51390	0.04708	0.04581	0.04199	0.03436	0.01527	0.01145	0.00382	0.00891	0.01273	0.01145	0.01782
20	0.01567	0.01099	0.01421	0.01529	0.01614	0.01116	0.01048	0.01757	0.01930	0.02601	0.04529	0.23718	0.05150	0.27054	0.13279	0.00967	0.01306	0.06648	0.00818	0.00851
21	0.01960	0.01365	0.01617	0.01490	0.01886	0.01288	0.01138	0.02726	0.08764	0.08414	0.30635	0.08223	0.21585	0.02292	0.01290	0.00365	0.00623	0.01966	0.01184	0.01189
22	0.01637	0.01091	0.01228	0.01228	0.01228	0.01091	0.00682	0.01637	0.01637	0.02182	0.03546	0.07365	0.04092	0.60445	0.05729	0.01091	0.01091	0.01637	0.00682	0.00682
23	0.01804	0.01147	0.01352	0.01434	0.01625	0.01131	0.01084	0.02147	0.02229	0.03225	0.04996	0.08392	0.08545	0.20040	0.02581	0.00605	0.00862	0.15453	0.20423	0.00925
24	0.02733	0.30122	0.12228	0.08886	0.03785	0.03502	0.02376	0.04026	0.15187	0.03357	0.02479	0.02665	0.01971	0.01147	0.00935	0.00312	0.01228	0.00861	0.00657	0.01543
25	0.01901	0.02170	0.10753	0.01949	0.02248	0.01836	0.01679	0.02204	0.01793	0.02555	0.02839	0.05317	0.03023	0.34629	0.08715	0.00909	0.12555	0.01337	0.00603	0.00982
26	0.01471	0.01101	0.01248	0.01350	0.01615	0.00986	0.01002	0.01779	0.02430	0.03145	0.08557	0.24320	0.29978	0.02913	0.01328	0.00404	0.00638	0.07002	0.07772	0.00959
27	0.01371	0.00979	0.01306	0.01567	0.01632	0.00914	0.01045	0.01567	0.02155	0.02873	0.06203	0.59710	0.07444	0.03526	0.01437	0.00457	0.00653	0.03200	0.01045	0.00914
28	0.02382	0.02043	0.02356	0.01731	0.02694	0.01634	0.01380	0.03157	0.07361	0.03774	0.02265	0.02525	0.01848	0.00905	0.00865	0.00189	0.00839	0.00729	0.00716	0.60608
29	0.02706	0.02587	0.04209	0.10752	0.30960	0.02707	0.08500	0.04019	0.14246	0.03834	0.02715	0.03176	0.02141	0.01135	0.01148	0.00355	0.01314	0.01106	0.00694	0.01696
30	0.01915	0.01638	0.02321	0.02146	0.02252	0.02093	0.01695	0.02213	0.01758	0.02595	0.02533	0.04078	0.02492	0.12356	0.31421	0.01256	0.22438	0.01179	0.00573	0.01047
31	0.01637	0.01091	0.01228	0.01228	0.01228	0.01091	0.00682	0.01637	0.01637	0.02182	0.03546	0.07365	0.04092	0.60445	0.05729	0.01091	0.01091	0.01637	0.00682	0.00682
32	0.68395	0.02177	0.01654	0.01480	0.02177	0.02525	0.01219	0.03309	0.01915	0.05050	0.01567	0.01828	0.01219	0.01045	0.00697	0.00348	0.00871	0.00609	0.00697	0.01219
33	0.01955	0.00978	0.01466	0.01466	0.01466	0.00978	0.00978	0.01466	0.01466	0.01955	0.01955	0.03421	0.01955	0.03910	0.04399	0.67253	0.00978	0.00978	0.00489	0.00489
34	0.03046	0.03114	0.14276	0.09266	0.16650	0.02469	0.02821	0.07954	0.07894	0.11742	0.02739	0.02982	0.02006	0.01160	0.01088	0.00336	0.01266	0.00986	0.00783	0.07423
35	0.10085	0.28965	0.08669	0.02238	0.03159	0.08561	0.02097	0.12441	0.07168	0.04005	0.02097	0.02255	0.01681	0.01121	0.00890	0.00297	0.01265	0.00770	0.00692	0.01545

[dist]
# distance from previous block
# <min> <max>
1	4

[block]
# block no. 5 follows, 11 sequences, length 15
# corresponding to MSA columns:
# 300-314
name=unknown_F
#
# <colnr> <probs for GDERKNQSTAVLIFYWHMCP>
#	G	D	E	R	K	N	Q	S	T	A	V	L	I	F	Y	W	H	M	C	P
0	0.40598	0.07715	0.02312	0.01750	0.02301	0.02686	0.01431	0.03286	0.06264	0.04175	0.02045	0.02740	0.01793	0.07905	0.01682	0.00443	0.08124	0.00830	0.00689	0.01231
1	0.16934	0.02100	0.03099	0.40693	0.10577	0.02521	0.02731	0.03024	0.02204	0.03431	0.01914	0.02721	0.01463	0.01096	0.01029	0.00365	0.01346	0.00914	0.00549	0.01291
2	0.02672	0.02121	0.02903	0.02089	0.03092	0.01686	0.07374	0.03221	0.02472	0.09199	0.02303	0.02586	0.01795	0.00909	0.00928	0.00213	0.00980	0.00801	0.00734	0.51923
3	0.03146	0.03605	0.09011	0.10169	0.20964	0.14622	0.08783	0.09228	0.02993	0.03781	0.02102	0.02622	0.01652	0.01092	0.01117	0.00337	0.01598	0.00966	0.00619	0.01592
4	0.01796	0.01336	0.01632	0.01740	0.01944	0.01356	0.01226	0.06600	0.07583	0.03466	0.05702	0.48506	0.06501	0.03111	0.01377	0.00438	0.00733	0.02791	0.01063	0.01100
5	0.14112	0.03372	0.19709	0.15575	0.13445	0.02484	0.03032	0.03547	0.02389	0.08966	0.02206	0.02644	0.01611	0.01099	0.01031	0.00354	0.01358	0.00892	0.00629	0.01542
6	0.02774	0.02547	0.08619	0.32655	0.05804	0.02603	0.02861	0.07450	0.02602	0.10338	0.02334	0.02956	0.01703	0.01282	0.01442	0.00381	0.08536	0.01000	0.00675	0.01441
7	0.02246	0.01147	0.01677	0.01636	0.01788	0.01143	0.01199	0.02083	0.01831	0.08094	0.02807	0.04609	0.02652	0.04105	0.10171	0.44194	0.01237	0.05942	0.00665	0.00775
8	0.01836	0.01056	0.01584	0.01584	0.01653	0.01125	0.01125	0.01653	0.01584	0.02181	0.02319	0.03765	0.02250	0.05465	0.22101	0.44795	0.01677	0.01056	0.00528	0.00666
9	0.03420	0.09795	0.18818	0.02860	0.09428	0.02327	0.02578	0.04148	0.02699	0.22198	0.03029	0.03070	0.02111	0.01192	0.01032	0.00329	0.01204	0.00958	0.07119	0.01688
10	0.04299	0.02563	0.05822	0.02294	0.03059	0.06859	0.01957	0.04993	0.07241	0.36060	0.03712	0.03452	0.02487	0.01435	0.01428	0.00364	0.08014	0.01073	0.01136	0.01752
11	0.01774	0.01358	0.01686	0.01757	0.02085	0.01341	0.01443	0.02546	0.08226	0.03697	0.17089	0.10412	0.16949	0.02701	0.01411	0.00438	0.00811	0.22073	0.01094	0.01108
12	0.02886	0.03072	0.10563	0.15442	0.22761	0.02821	0.08083	0.13023	0.03057	0.04209	0.02221	0.02787	0.01701	0.01103	0.01136	0.00351	0.01449	0.01018	0.00656	0.01661
13	0.03421	0.02135	0.03290	0.09302	0.13429	0.02113	0.06329	0.04288	0.08634	0.22919	0.03729	0.09332	0.02918	0.01487	0.01178	0.00367	0.01135	0.01342	0.00993	0.01661
14	0.02919	0.54453	0.11773	0.02080	0.03128	0.04232	0.02195	0.03394	0.02298	0.02759	0.01620	0.01874	0.01442	0.00976	0.00764	0.00255	0.01259	0.00630	0.00481	0.01471

[dist]
# distance from previous block
# <min> <max>
0	1

[block]
# block no. 6 follows, 11 sequences, length 41
# corresponding to MSA columns:
# 316-356
name=unknown_G
#
# <colnr> <probs for GDERKNQSTAVLIFYWHMCP>
#	G	D	E	R	K	N	Q	S	T	A	V	L	I	F	Y	W	H	M	C	P
0	0.03464	0.02034	0.02476	0.01896	0.02788	0.01766	0.01529	0.04364	0.10452	0.23485	0.03358	0.03212	0.02383	0.01161	0.00999	0.00271	0.00891	0.00944	0.01025	0.31503
1	0.02218	0.13439	0.20891	0.02038	0.02919	0.02209	0.02232	0.02991	0.02513	0.03760	0.12258	0.03947	0.03616	0.01356	0.00980	0.00309	0.01048	0.01084	0.18853	0.01339
2	0.38777	0.02055	0.02102	0.01724	0.02502	0.02118	0.01422	0.04326	0.02526	0.28033	0.02911	0.02765	0.01952	0.01208	0.00900	0.00348	0.00911	0.00854	0.01022	0.01545
3	0.04785	0.02004	0.02841	0.02576	0.08779	0.01773	0.01865	0.05248	0.03145	0.48301	0.04169	0.03709	0.02669	0.01347	0.01130	0.00347	0.01002	0.01117	0.01295	0.01900
4	0.02726	0.02344	0.04047	0.27685	0.24874	0.02512	0.07123	0.03429	0.02506	0.08461	0.02318	0.03004	0.01759	0.01089	0.01139	0.00357	0.01416	0.01043	0.00619	0.01548
5	0.01580	0.01243	0.01438	0.01372	0.01712	0.01150	0.01034	0.02215	0.06619	0.03938	0.32544	0.09058	0.27040	0.02462	0.01315	0.00367	0.00574	0.02113	0.01154	0.01072
6	0.01663	0.01349	0.01825	0.02121	0.07783	0.01344	0.01403	0.02022	0.02228	0.02918	0.06331	0.07627	0.21747	0.10314	0.19465	0.00921	0.01545	0.05542	0.00807	0.01045
7	0.13483	0.12449	0.12310	0.02754	0.08580	0.08291	0.02338	0.03774	0.02570	0.12448	0.02742	0.03667	0.02266	0.01346	0.01022	0.00345	0.01272	0.06079	0.00758	0.01504
8	0.02257	0.05822	0.54613	0.03208	0.04871	0.02614	0.04158	0.03564	0.02376	0.03564	0.02020	0.02376	0.01426	0.01069	0.01069	0.00356	0.01663	0.00832	0.00475	0.01663
9	0.01556	0.01170	0.01454	0.01443	0.01739	0.01068	0.01123	0.02018	0.02925	0.03935	0.34273	0.09734	0.21481	0.02576	0.01364	0.00387	0.00620	0.08952	0.01155	0.01028
10	0.02192	0.02430	0.08791	0.35620	0.10106	0.02482	0.03043	0.02917	0.02276	0.03056	0.02422	0.03994	0.02095	0.01427	0.01429	0.00398	0.07225	0.06220	0.00564	0.01312
11	0.44455	0.02726	0.07766	0.01911	0.02763	0.02638	0.01739	0.11919	0.02684	0.09273	0.02056	0.02209	0.01495	0.01131	0.00850	0.00347	0.01030	0.00749	0.00807	0.01450
12	0.61552	0.02148	0.01758	0.01537	0.02252	0.02431	0.01266	0.03544	0.02057	0.10360	0.01878	0.02045	0.01388	0.01082	0.00744	0.00348	0.00880	0.00666	0.00772	0.01294
13	0.01371	0.00979	0.01306	0.01567	0.01632	0.00914	0.01045	0.01567	0.02155	0.02873	0.06203	0.59710	0.07444	0.03526	0.01437	0.00457	0.00653	0.03200	0.01045	0.00914
14	0.02746	0.10078	0.26362	0.07628	0.04390	0.02520	0.07180	0.03642	0.02537	0.11274	0.02829	0.03860	0.02261	0.01341	0.01126	0.00365	0.01437	0.06171	0.00695	0.01557
15	0.22387	0.11500	0.03154	0.02356	0.06977	0.02758	0.01811	0.12447	0.03029	0.19422	0.02667	0.02654	0.01890	0.01187	0.00942	0.00328	0.01054	0.00869	0.00935	0.01633
16	0.01955	0.00978	0.01466	0.01466	0.01466	0.00978	0.00978	0.01466	0.01466	0.01955	0.01955	0.03421	0.01955	0.03910	0.04399	0.67253	0.00978	0.00978	0.00489	0.00489
17	0.03195	0.10836	0.28795	0.03113	0.09276	0.02563	0.03111	0.04075	0.02626	0.17846	0.02664	0.02766	0.01852	0.01142	0.01051	0.00338	0.01374	0.00908	0.00745	0.01722
18	0.03411	0.08881	0.20636	0.03155	0.08913	0.07698	0.02886	0.17977	0.03431	0.08918	0.02388	0.02567	0.01734	0.01177	0.01063	0.00332	0.01433	0.00903	0.00773	0.01725
19	0.04411	0.03244	0.03315	0.02627	0.03456	0.15950	0.05823	0.18292	0.03786	0.23049	0.03065	0.02976	0.02101	0.01286	0.01117	0.00333	0.01388	0.01010	0.01041	0.01729
20	0.32185	0.16068	0.03332	0.02675	0.10548	0.12374	0.01894	0.03554	0.02324	0.03892	0.01683	0.02008	0.01398	0.01040	0.00823	0.00312	0.01222	0.00689	0.00606	0.01373
21	0.02126	0.02001	0.03376	0.57739	0.07752	0.02501	0.03126	0.02876	0.02251	0.02876	0.02001	0.03001	0.01500	0.01125	0.01125	0.00375	0.01500	0.01000	0.00500	0.01250
22	0.01832	0.01034	0.01444	0.01444	0.01468	0.01057	0.00951	0.01574	0.01551	0.02091	0.02494	0.04566	0.02612	0.19179	0.10772	0.42358	0.01245	0.01176	0.00552	0.00599
23	0.02592	0.13503	0.28831	0.12682	0.04995	0.08657	0.06831	0.03517	0.02449	0.03216	0.01935	0.02410	0.01466	0.01063	0.01039	0.00336	0.01620	0.00852	0.00499	0.01507
24	0.02773	0.13210	0.09530	0.04185	0.23466	0.03020	0.02735	0.04245	0.17836	0.03808	0.02784	0.03014	0.02204	0.01168	0.01050	0.00335	0.01208	0.00999	0.00720	0.01710
25	0.02238	0.02176	0.02887	0.08329	0.03408	0.08104	0.09978	0.03072	0.08040	0.03738	0.20048	0.13674	0.05733	0.01911	0.01267	0.00372	0.01108	0.01746	0.00925	0.01245
26	0.68395	0.02177	0.01654	0.01480	0.02177	0.02525	0.01219	0.03309	0.01915	0.05050	0.01567	0.01828	0.01219	0.01045	0.00697	0.00348	0.00871	0.00609	0.00697	0.01219
27	0.01403	0.01124	0.01254	0.01262	0.01575	0.00975	0.00931	0.01742	0.02679	0.03404	0.21564	0.15912	0.36640	0.02787	0.01342	0.00382	0.00570	0.02383	0.01096	0.00975
28	0.02647	0.02652	0.06851	0.02174	0.02796	0.07945	0.01857	0.10836	0.15241	0.04419	0.13921	0.05970	0.09551	0.01874	0.01219	0.00372	0.01049	0.06172	0.01019	0.01437
29	0.03825	0.23245	0.13341	0.02198	0.03247	0.02806	0.02210	0.04395	0.02740	0.26923	0.02993	0.02858	0.02068	0.01184	0.00978	0.00312	0.01173	0.00892	0.00907	0.01705
30	0.03130	0.13005	0.04907	0.03252	0.04013	0.03058	0.19600	0.03693	0.02458	0.12941	0.02360	0.02822	0.01809	0.01301	0.01795	0.00378	0.16206	0.01072	0.00692	0.01507
31	0.01593	0.01150	0.01504	0.01416	0.01681	0.01062	0.01062	0.02124	0.03186	0.04513	0.52830	0.08407	0.10620	0.02301	0.01327	0.00354	0.00531	0.02035	0.01239	0.01062
