[name]
unknown

[dist]
# distance from previous block
# <min> <max>
0	472

[block]
# block no. 0 follows, 12 sequences, length 27
# corresponding to MSA columns:
# 702-728
name=unknown_A
#
# <colnr> <probs for GDERKNQSTAVLIFYWHMCP>
#	G	D	E	R	K	N	Q	S	T	A	V	L	I	F	Y	W	H	M	C	P
0	0.01756	0.01313	0.01700	0.01880	0.02123	0.01346	0.01512	0.02529	0.09633	0.03295	0.05657	0.26840	0.06153	0.02922	0.01412	0.00464	0.00864	0.26510	0.01022	0.01070
1	0.01860	0.01373	0.01822	0.01789	0.02041	0.01507	0.01357	0.08916	0.02341	0.03234	0.03825	0.21449	0.03978	0.05726	0.32070	0.01145	0.01970	0.01734	0.00789	0.01073
2	0.02070	0.01557	0.01816	0.01761	0.02119	0.01591	0.01356	0.12121	0.06433	0.03949	0.09404	0.26004	0.13768	0.02601	0.01303	0.00403	0.00796	0.08727	0.01047	0.01175
3	0.02290	0.01845	0.02129	0.01646	0.02392	0.01591	0.01306	0.09477	0.02875	0.04159	0.14357	0.04323	0.08148	0.01362	0.00995	0.00243	0.00777	0.01130	0.00864	0.38089
4	0.01847	0.01178	0.01611	0.01765	0.01995	0.01125	0.01400	0.02222	0.02442	0.07710	0.09367	0.30112	0.06628	0.02966	0.01410	0.00453	0.00817	0.22868	0.01052	0.01034
5	0.02455	0.02444	0.03577	0.02973	0.03191	0.03181	0.07984	0.03183	0.09157	0.03005	0.01955	0.02693	0.01731	0.01731	0.02954	0.00449	0.44425	0.01033	0.00577	0.01302
6	0.01481	0.01093	0.01341	0.01308	0.01542	0.00999	0.00944	0.01862	0.02714	0.03700	0.35979	0.12523	0.18167	0.09401	0.01795	0.00439	0.00595	0.02079	0.01085	0.00953
7	0.01885	0.01412	0.01644	0.01583	0.01854	0.01460	0.01141	0.08006	0.06996	0.03393	0.08639	0.18988	0.12306	0.16257	0.08793	0.00694	0.01064	0.01916	0.00915	0.01054
8	0.02188	0.01830	0.02317	0.02047	0.02207	0.02264	0.01618	0.06635	0.02170	0.03170	0.03510	0.07555	0.08576	0.10977	0.02882	0.00506	0.27360	0.01338	0.09752	0.01099
9	0.14081	0.02054	0.02497	0.01944	0.02767	0.01965	0.01605	0.11224	0.03210	0.41728	0.03673	0.03284	0.02366	0.01295	0.01035	0.00336	0.00952	0.01008	0.01217	0.01758
10	0.02602	0.01693	0.02040	0.01677	0.02265	0.01520	0.01284	0.08601	0.02765	0.12364	0.10841	0.12433	0.04174	0.08683	0.01600	0.00383	0.00836	0.01418	0.00951	0.21870
11	0.07145	0.01697	0.02206	0.02020	0.02286	0.01935	0.01637	0.02345	0.02047	0.03114	0.06536	0.09301	0.03566	0.02269	0.02278	0.08368	0.18912	0.10912	0.00718	0.10707
12	0.03139	0.01438	0.01916	0.01698	0.02158	0.01295	0.01300	0.03461	0.02621	0.28462	0.08472	0.17995	0.04722	0.10751	0.01852	0.00477	0.00854	0.04908	0.01138	0.01342
13	0.02549	0.01414	0.01725	0.01555	0.02015	0.01279	0.01193	0.05913	0.02803	0.18541	0.11160	0.19267	0.21489	0.02361	0.01243	0.00371	0.00718	0.02019	0.01131	0.01253
14	0.01727	0.01348	0.01628	0.01607	0.01899	0.01386	0.01191	0.02695	0.13685	0.03722	0.22668	0.20479	0.11125	0.02944	0.06308	0.00503	0.00841	0.02050	0.01061	0.01132
15	0.01541	0.01064	0.01176	0.01176	0.01232	0.01036	0.00686	0.01582	0.01721	0.02240	0.04583	0.07642	0.11574	0.52798	0.04907	0.00953	0.00981	0.01694	0.00714	0.00700
16	0.03494	0.01813	0.02273	0.01916	0.02518	0.01764	0.01549	0.10797	0.06416	0.26799	0.10072	0.05662	0.04146	0.07115	0.01579	0.00427	0.00937	0.08038	0.01167	0.01518
17	0.01853	0.01256	0.01574	0.01567	0.01845	0.01214	0.01182	0.02455	0.06960	0.07210	0.22203	0.18259	0.10968	0.07822	0.01692	0.00453	0.00719	0.08617	0.01075	0.01075
18	0.01364	0.01004	0.01278	0.01428	0.01574	0.00918	0.00988	0.01629	0.02339	0.03113	0.16047	0.43211	0.14922	0.03089	0.01356	0.00412	0.00598	0.02763	0.01048	0.00918
19	0.07257	0.01822	0.02131	0.01685	0.02458	0.01554	0.01326	0.03245	0.05914	0.12319	0.03067	0.11053	0.02693	0.01335	0.00952	0.00258	0.00809	0.01112	0.00851	0.38157
20	0.03142	0.01980	0.02355	0.01976	0.02696	0.01930	0.01595	0.04551	0.20907	0.19250	0.03992	0.04522	0.03103	0.01470	0.01084	0.00329	0.00886	0.06493	0.01064	0.16674
21	0.02518	0.01653	0.02337	0.15435	0.03471	0.01798	0.01800	0.03187	0.06404	0.14618	0.15620	0.12729	0.04790	0.01855	0.01406	0.00375	0.06182	0.01560	0.00963	0.01297
22	0.02283	0.01522	0.02003	0.01859	0.02149	0.01682	0.01434	0.02870	0.08754	0.10461	0.04193	0.12906	0.07848	0.03744	0.14868	0.08677	0.09253	0.01504	0.00839	0.01153
23	0.03738	0.01586	0.02065	0.01677	0.02261	0.01405	0.01294	0.04038	0.02668	0.37408	0.04618	0.05152	0.07191	0.17232	0.02276	0.00528	0.00931	0.01321	0.01142	0.01468
24	0.02874	0.01703	0.02058	0.01760	0.02291	0.01639	0.01340	0.07095	0.10080	0.17822	0.08550	0.13351	0.04170	0.10394	0.01769	0.00441	0.00860	0.01517	0.01047	0.09239
25	0.18268	0.02093	0.02415	0.01925	0.02715	0.02089	0.01579	0.10299	0.07558	0.34581	0.03527	0.03204	0.02335	0.01285	0.01008	0.00339	0.00936	0.00988	0.01155	0.01701
26	0.01893	0.01524	0.02029	0.13853	0.03152	0.01536	0.01565	0.06362	0.02548	0.03459	0.10430	0.24512	0.08576	0.02151	0.01193	0.00356	0.00863	0.01895	0.00874	0.11230

[dist]
# distance from previous block
# <min> <max>
3	10

[block]
# block no. 1 follows, 12 sequences, length 10
# corresponding to MSA columns:
# 739-748
name=unknown_B
#
# <colnr> <probs for GDERKNQSTAVLIFYWHMCP>
#	G	D	E	R	K	N	Q	S	T	A	V	L	I	F	Y	W	H	M	C	P
0	0.15369	0.01711	0.01873	0.01616	0.02166	0.01729	0.01282	0.07353	0.06932	0.14426	0.19105	0.05651	0.12957	0.01774	0.01102	0.00346	0.00750	0.01448	0.01082	0.01328
1	0.07627	0.01233	0.01489	0.01558	0.01728	0.01303	0.01132	0.01920	0.02158	0.03212	0.09374	0.36045	0.10011	0.02707	0.01480	0.00406	0.06671	0.02314	0.06663	0.00970
2	0.06747	0.01280	0.01510	0.01416	0.01743	0.01185	0.01022	0.02249	0.02394	0.08070	0.18144	0.17230	0.10946	0.13201	0.01992	0.00480	0.00728	0.01863	0.00972	0.06826
3	0.02701	0.01562	0.01993	0.01603	0.02231	0.01314	0.01267	0.03180	0.02859	0.18700	0.25046	0.05194	0.05639	0.01571	0.01095	0.00289	0.00716	0.01342	0.01083	0.20614
4	0.02430	0.01319	0.01883	0.01764	0.02114	0.01348	0.01369	0.02794	0.02183	0.17083	0.03820	0.13708	0.03477	0.05507	0.32528	0.01144	0.01989	0.01475	0.00866	0.01200
5	0.01563	0.01148	0.01648	0.01648	0.01807	0.01306	0.01233	0.01880	0.01721	0.02454	0.03016	0.04811	0.02955	0.18078	0.47773	0.01624	0.02576	0.01245	0.00598	0.00916
6	0.03581	0.01879	0.02296	0.01885	0.02542	0.01818	0.01509	0.12435	0.07310	0.27944	0.09782	0.09587	0.09033	0.01761	0.01160	0.00351	0.00866	0.01469	0.01206	0.01585
7	0.02744	0.01828	0.02146	0.01769	0.02372	0.01752	0.01396	0.15051	0.03316	0.11752	0.16435	0.10803	0.09709	0.01815	0.01143	0.00321	0.00810	0.01530	0.01066	0.12242
8	0.02587	0.02199	0.02324	0.02105	0.02652	0.02528	0.01607	0.05326	0.47207	0.04289	0.04326	0.04409	0.03399	0.08168	0.01603	0.00446	0.00884	0.01272	0.01060	0.01607
9	0.02321	0.01579	0.01901	0.01765	0.02121	0.01671	0.01315	0.06944	0.13238	0.08994	0.08425	0.15327	0.04461	0.12766	0.11401	0.00719	0.01203	0.01654	0.00961	0.01235

[dist]
# distance from previous block
# <min> <max>
1	3

[block]
# block no. 2 follows, 12 sequences, length 40
# corresponding to MSA columns:
# 752-791
name=unknown_C
#
# <colnr> <probs for GDERKNQSTAVLIFYWHMCP>
#	G	D	E	R	K	N	Q	S	T	A	V	L	I	F	Y	W	H	M	C	P
0	0.45577	0.02230	0.02767	0.12032	0.03698	0.02498	0.10505	0.03184	0.02042	0.04272	0.01716	0.02181	0.01314	0.01009	0.00858	0.00347	0.01130	0.00782	0.00619	0.01239
1	0.02887	0.02612	0.07339	0.08164	0.08201	0.07845	0.07773	0.03398	0.02455	0.13657	0.03067	0.12936	0.02741	0.01637	0.01516	0.00376	0.09873	0.01360	0.00769	0.01395
2	0.02371	0.07441	0.02482	0.01644	0.02432	0.01819	0.01304	0.06907	0.02394	0.03507	0.02220	0.03094	0.02025	0.11455	0.01648	0.00339	0.00919	0.00834	0.00672	0.44494
3	0.11894	0.02817	0.16149	0.02307	0.03230	0.01921	0.07085	0.03223	0.02342	0.11238	0.02997	0.13112	0.02671	0.01458	0.01045	0.00331	0.01110	0.01255	0.00763	0.13052
4	0.02849	0.03105	0.12738	0.02703	0.03284	0.03062	0.02500	0.18007	0.02958	0.04217	0.05204	0.02803	0.02109	0.01582	0.02194	0.00398	0.27108	0.01000	0.00712	0.01466
5	0.02828	0.12806	0.03288	0.12486	0.03751	0.03031	0.02034	0.11128	0.28265	0.04214	0.03224	0.03253	0.02448	0.01290	0.01032	0.00339	0.01069	0.01037	0.00882	0.01594
6	0.58162	0.02065	0.01764	0.01522	0.02226	0.02299	0.01254	0.03572	0.02076	0.13720	0.02002	0.02109	0.01445	0.01071	0.00748	0.00337	0.00858	0.00678	0.00792	0.01298
7	0.02409	0.12478	0.03592	0.25979	0.04866	0.02618	0.06607	0.07812	0.02521	0.03340	0.02399	0.03464	0.02007	0.01752	0.05387	0.00445	0.01424	0.03876	0.05736	0.01287
8	0.02409	0.02505	0.03239	0.49273	0.06790	0.11971	0.02868	0.03059	0.02338	0.02765	0.01894	0.02743	0.01445	0.01096	0.01072	0.00349	0.01543	0.00923	0.00498	0.01220
9	0.02523	0.03181	0.16723	0.17508	0.13947	0.02623	0.02958	0.07512	0.14506	0.03832	0.02608	0.02968	0.01960	0.01164	0.01079	0.00350	0.01306	0.00991	0.00683	0.01578
10	0.01789	0.00974	0.01365	0.01365	0.01430	0.00942	0.00926	0.01446	0.01606	0.02077	0.03486	0.04563	0.11036	0.03609	0.03744	0.56462	0.00878	0.01183	0.00567	0.00551
11	0.02280	0.08759	0.20910	0.02502	0.06957	0.02201	0.02411	0.03176	0.05485	0.03445	0.02774	0.03008	0.05711	0.01101	0.00950	0.00271	0.01132	0.00882	0.00616	0.25427
12	0.08290	0.01614	0.02280	0.01862	0.02421	0.01488	0.05660	0.03362	0.02438	0.24454	0.04471	0.04573	0.11289	0.02141	0.01907	0.17354	0.00942	0.01246	0.00948	0.01261
13	0.01524	0.01052	0.01290	0.01353	0.01429	0.01021	0.00880	0.01692	0.02029	0.02745	0.13073	0.21104	0.06019	0.33159	0.03519	0.00745	0.00853	0.04845	0.00864	0.00802
14	0.02226	0.02182	0.04156	0.18411	0.08967	0.02222	0.21963	0.02971	0.02529	0.03507	0.11282	0.03904	0.03195	0.01223	0.01178	0.00350	0.01362	0.01276	0.05786	0.01310
15	0.03126	0.10672	0.03589	0.07727	0.17560	0.02634	0.02299	0.07132	0.07141	0.14300	0.02884	0.06542	0.02334	0.01348	0.01247	0.00341	0.05637	0.01099	0.00807	0.01583
16	0.01840	0.00966	0.01380	0.01380	0.01380	0.00966	0.00897	0.01449	0.01449	0.01932	0.02162	0.03979	0.02254	0.13860	0.04486	0.56581	0.00966	0.01058	0.00506	0.00506
17	0.02711	0.01563	0.01891	0.01707	0.02078	0.01563	0.01273	0.07495	0.06993	0.15634	0.04117	0.09604	0.03914	0.25277	0.02909	0.00648	0.00989	0.07458	0.00970	0.01207
18	0.21529	0.02161	0.02394	0.11852	0.03419	0.02449	0.01783	0.11525	0.13691	0.08470	0.03019	0.08024	0.02459	0.01416	0.01006	0.00357	0.01000	0.01122	0.00886	0.01440
19	0.02403	0.12885	0.09290	0.36981	0.06041	0.02740	0.05786	0.03115	0.02273	0.05658	0.02008	0.02688	0.01515	0.01060	0.01029	0.00338	0.01415	0.00911	0.00529	0.01335
20	0.02548	0.02905	0.07010	0.02516	0.03111	0.15760	0.10399	0.03270	0.07217	0.03506	0.18587	0.04416	0.04453	0.01705	0.01449	0.06584	0.01269	0.01282	0.00793	0.01222
21	0.01406	0.01026	0.01323	0.01425	0.01589	0.00943	0.01002	0.01725	0.02500	0.03396	0.24646	0.36448	0.12714	0.02909	0.01342	0.00398	0.00581	0.02602	0.01083	0.00943
22	0.02217	0.10513	0.37535	0.02904	0.04169	0.02511	0.07065	0.03229	0.02350	0.03332	0.02595	0.04034	0.02256	0.01360	0.01103	0.00363	0.01477	0.08951	0.00563	0.01473
23	0.19802	0.14792	0.06184	0.08264	0.03057	0.02432	0.01740	0.03167	0.02373	0.09109	0.11097	0.03277	0.03045	0.01236	0.00910	0.00306	0.00978	0.00942	0.00754	0.06535
24	0.15080	0.02005	0.02252	0.01829	0.02472	0.02052	0.01459	0.15565	0.03223	0.21324	0.10285	0.04110	0.03428	0.08292	0.01557	0.00418	0.00938	0.01158	0.01068	0.01486
25	0.02517	0.01272	0.01722	0.01704	0.02037	0.01154	0.01279	0.02813	0.02463	0.19801	0.05437	0.37568	0.05666	0.02711	0.01309	0.00415	0.00766	0.07039	0.01120	0.01209
26	0.02816	0.03101	0.12534	0.11547	0.18639	0.06610	0.02740	0.07063	0.02664	0.07299	0.02173	0.02590	0.01662	0.01035	0.01020	0.00302	0.01305	0.00873	0.00638	0.13388
27	0.03176	0.02416	0.11707	0.10040	0.03470	0.01885	0.02072	0.07766	0.02616	0.21383	0.02969	0.03551	0.02232	0.07835	0.02010	0.10419	0.01161	0.01046	0.00851	0.01396
28	0.01859	0.00970	0.01455	0.01455	0.01475	0.00990	0.00990	0.01475	0.01455	0.01960	0.02000	0.03414	0.01980	0.04241	0.09737	0.61417	0.01150	0.00970	0.00485	0.00525
29	0.02363	0.01720	0.02368	0.02151	0.02324	0.02077	0.01710	0.02629	0.02021	0.10446	0.03340	0.14363	0.03393	0.08900	0.07655	0.00626	0.24930	0.05069	0.00770	0.01147
30	0.69383	0.02109	0.01603	0.01434	0.02109	0.02446	0.01181	0.03205	0.01856	0.04892	0.01518	0.01771	0.01181	0.01012	0.00675	0.00337	0.00843	0.00590	0.00675	0.01181
31	0.09914	0.03384	0.15843	0.07315	0.07982	0.02853	0.06043	0.20647	0.07234	0.04871	0.02365	0.02620	0.01733	0.01157	0.01049	0.00341	0.01306	0.00939	0.00773	0.01631
32	0.01555	0.01050	0.01227	0.01257	0.01450	0.00982	0.00878	0.01874	0.02371	0.03360	0.18494	0.18680	0.14838	0.12156	0.01908	0.00468	0.00634	0.02018	0.13881	0.00917
33	0.02580	0.08187	0.22203	0.20807	0.05099	0.02796	0.03036	0.11704	0.06327	0.03843	0.02207	0.02633	0.01626	0.01124	0.01042	0.00341	0.01401	0.00902	0.00624	0.01517
34	0.01492	0.01125	0.01387	0.01356	0.01644	0.01020	0.01040	0.01940	0.02867	0.03875	0.37852	0.09178	0.22152	0.02449	0.01307	0.00365	0.00570	0.06255	0.01130	0.00997
35	0.01456	0.01111	0.01337	0.01280	0.01575	0.00992	0.00960	0.01889	0.02881	0.03884	0.39494	0.08949	0.25402	0.02411	0.01287	0.00352	0.00527	0.02085	0.01136	0.00992
36	0.01996	0.01846	0.02936	0.37853	0.05558	0.02330	0.02552	0.02546	0.02044	0.02736	0.02388	0.09549	0.02206	0.02056	0.05960	0.00501	0.12014	0.01225	0.00551	0.01152
37	0.02829	0.54162	0.08676	0.02020	0.02924	0.04128	0.02041	0.03227	0.02179	0.02625	0.01537	0.01833	0.01401	0.01015	0.00943	0.00259	0.05714	0.00626	0.00467	0.01397
38	0.40607	0.01672	0.01474	0.01362	0.01795	0.01852	0.01024	0.02600	0.02002	0.04106	0.11182	0.04223	0.03462	0.16412	0.02002	0.00519	0.00840	0.01080	0.00763	0.01024
39	0.22296	0.06927	0.03029	0.03056	0.16630	0.02413	0.01955	0.06524	0.02513	0.12120	0.02222	0.02444	0.01686	0.01036	0.00897	0.00299	0.01020	0.00803	0.00748	0.11381

[dist]
# distance from previous block
# <min> <max>
1	84

[block]
# block no. 3 follows, 12 sequences, length 35
# corresponding to MSA columns:
# 935-969
name=unknown_D
#
# <colnr> <probs for GDERKNQSTAVLIFYWHMCP>
#	G	D	E	R	K	N	Q	S	T	A	V	L	I	F	Y	W	H	M	C	P
0	0.13736	0.06490	0.08543	0.06500	0.06752	0.01978	0.01812	0.02897	0.02168	0.08912	0.02979	0.12524	0.02862	0.10544	0.01684	0.00444	0.01041	0.01283	0.00733	0.06120
1	0.13017	0.30298	0.10085	0.06291	0.03271	0.03151	0.02049	0.03648	0.02349	0.13558	0.02152	0.02293	0.01627	0.01051	0.00843	0.00292	0.01144	0.00741	0.00673	0.01468
2	0.21049	0.02332	0.06251	0.01837	0.02606	0.02133	0.01607	0.06729	0.02316	0.04119	0.01945	0.02307	0.01566	0.01075	0.01105	0.00278	0.07231	0.00731	0.05778	0.27002
3	0.08032	0.03448	0.11098	0.02822	0.03726	0.09156	0.09602	0.20804	0.03377	0.04660	0.02130	0.02439	0.01605	0.01175	0.01238	0.00330	0.05851	0.00913	0.00746	0.06848
4	0.10243	0.02297	0.03436	0.28561	0.13468	0.02608	0.06359	0.08473	0.07137	0.03809	0.02228	0.02819	0.01695	0.01108	0.01058	0.00351	0.01307	0.00976	0.00642	0.01426
5	0.02158	0.01998	0.03177	0.42817	0.10916	0.02246	0.02713	0.02830	0.02224	0.03010	0.01948	0.02760	0.01511	0.01023	0.01033	0.00320	0.01311	0.00905	0.00522	0.14578
6	0.01599	0.01250	0.01800	0.01794	0.01945	0.01451	0.01375	0.01940	0.01918	0.02739	0.07455	0.16054	0.04107	0.06052	0.35613	0.01234	0.08376	0.01606	0.00709	0.00983
7	0.01436	0.01110	0.01309	0.01259	0.01563	0.00983	0.00945	0.01851	0.02834	0.03773	0.36126	0.09132	0.28840	0.02453	0.01287	0.00354	0.00530	0.02110	0.01121	0.00983
8	0.01547	0.01041	0.01200	0.01238	0.01247	0.01032	0.00713	0.01576	0.01660	0.02213	0.03817	0.15120	0.04446	0.53039	0.04933	0.00966	0.00994	0.01810	0.00713	0.00694
9	0.56588	0.02058	0.01787	0.01534	0.02243	0.02279	0.01265	0.03623	0.02107	0.14959	0.02070	0.02156	0.01482	0.01079	0.00758	0.00337	0.00860	0.00691	0.00809	0.01315
10	0.01570	0.01119	0.01505	0.01505	0.01614	0.01229	0.01055	0.01788	0.01679	0.02348	0.03147	0.05536	0.03270	0.31671	0.34610	0.01447	0.02102	0.01352	0.00618	0.00836
11	0.02943	0.02328	0.03305	0.02700	0.03040	0.02853	0.05889	0.08683	0.02474	0.11801	0.05941	0.03087	0.02346	0.01696	0.02549	0.00419	0.34735	0.01080	0.00746	0.01385
12	0.02458	0.02000	0.02441	0.01825	0.02639	0.01747	0.01477	0.02901	0.02230	0.06938	0.02022	0.02378	0.01661	0.01010	0.01244	0.00221	0.09672	0.00723	0.00668	0.53746
13	0.02385	0.02385	0.03340	0.02863	0.02863	0.03340	0.02385	0.02624	0.01670	0.02624	0.01431	0.02385	0.01431	0.01908	0.03578	0.00477	0.59685	0.00954	0.00477	0.01193
14	0.49009	0.02267	0.02041	0.01705	0.02439	0.02534	0.01406	0.12978	0.02650	0.11132	0.02057	0.02163	0.01489	0.01110	0.00806	0.00335	0.00924	0.00726	0.00835	0.01392
15	0.01471	0.01042	0.01386	0.01609	0.01714	0.01002	0.01167	0.01720	0.02141	0.02832	0.05651	0.41991	0.06592	0.10024	0.01901	0.00529	0.00779	0.14590	0.00970	0.00891
16	0.01485	0.01122	0.01497	0.01507	0.01716	0.01170	0.01124	0.01813	0.02058	0.02796	0.10421	0.10720	0.14655	0.10997	0.30558	0.01148	0.01821	0.01679	0.00780	0.00933
17	0.02261	0.01938	0.02261	0.01615	0.02584	0.01453	0.01292	0.02745	0.02261	0.03553	0.01938	0.02261	0.01615	0.00807	0.00807	0.00161	0.00807	0.00646	0.00646	0.68346
18	0.03011	0.01757	0.02201	0.01939	0.02421	0.01828	0.01520	0.03935	0.13674	0.21836	0.04998	0.16752	0.08464	0.02024	0.01467	0.00386	0.07585	0.01659	0.01091	0.01452
19	0.56981	0.02198	0.01865	0.01596	0.02306	0.02490	0.01316	0.08900	0.02328	0.08963	0.01856	0.02016	0.01373	0.01072	0.00755	0.00336	0.00891	0.00674	0.00774	0.01310
20	0.10860	0.01879	0.02444	0.01893	0.02721	0.01681	0.01564	0.05119	0.03004	0.50938	0.04044	0.03532	0.02559	0.01318	0.01057	0.00337	0.00920	0.01050	0.01287	0.01793
21	0.31860	0.01697	0.01651	0.01432	0.02005	0.01755	0.01145	0.03075	0.02350	0.10384	0.12665	0.03659	0.03452	0.01313	0.00870	0.00309	0.00733	0.00994	0.11230	0.07419
22	0.01703	0.01032	0.01478	0.01496	0.01561	0.01088	0.01038	0.01616	0.01597	0.02189	0.02741	0.08374	0.02846	0.13711	0.20738	0.32711	0.01554	0.01267	0.00575	0.00687
23	0.01416	0.00998	0.01227	0.01372	0.01435	0.00949	0.00875	0.01545	0.01939	0.02559	0.05468	0.38281	0.09506	0.23943	0.02852	0.00654	0.00777	0.02507	0.00888	0.00809
24	0.02319	0.02148	0.02766	0.02199	0.02714	0.02337	0.01804	0.02689	0.01984	0.03118	0.01701	0.02319	0.01529	0.01323	0.02105	0.00309	0.28383	0.00790	0.00567	0.36895
25	0.01496	0.01116	0.01488	0.01637	0.01723	0.01145	0.01170	0.01728	0.02122	0.02869	0.08657	0.42643	0.06568	0.08454	0.01946	0.00501	0.05368	0.07505	0.00950	0.00912
26	0.01964	0.01551	0.01945	0.01962	0.02204	0.01714	0.01523	0.06086	0.10218	0.03443	0.04940	0.30407	0.05348	0.02700	0.01603	0.00440	0.07596	0.12239	0.00969	0.01148
27	0.02271	0.01973	0.02345	0.01712	0.02606	0.01600	0.01377	0.02736	0.02215	0.03481	0.01899	0.02271	0.01601	0.00893	0.01022	0.00186	0.05373	0.00670	0.00633	0.63139
28	0.09537	0.09082	0.03951	0.02743	0.03619	0.02937	0.13848	0.17845	0.10774	0.10670	0.02762	0.02867	0.02011	0.01175	0.01062	0.00335	0.01238	0.01028	0.00885	0.01630
29	0.01579	0.01066	0.01229	0.01216	0.01254	0.01053	0.00715	0.01656	0.01808	0.02449	0.10980	0.07285	0.04902	0.52863	0.04917	0.00951	0.00977	0.01643	0.00741	0.00715
30	0.08998	0.02694	0.09504	0.16387	0.12167	0.02531	0.06310	0.08640	0.02667	0.11830	0.02342	0.02761	0.01711	0.01169	0.01240	0.00354	0.05505	0.00961	0.00711	0.01520
31	0.03214	0.02179	0.03130	0.26704	0.09705	0.02398	0.02450	0.11202	0.06593	0.17152	0.02841	0.03133	0.01996	0.01208	0.01092	0.00348	0.01222	0.01023	0.00850	0.01561
32	0.02261	0.01346	0.01943	0.13027	0.03023	0.01349	0.01543	0.02609	0.02334	0.14465	0.04824	0.36795	0.05072	0.02498	0.01267	0.00404	0.00861	0.02234	0.00982	0.01165
33	0.01545	0.01046	0.01220	0.01250	0.01278	0.01030	0.00739	0.01610	0.01768	0.02376	0.07516	0.15026	0.04896	0.48888	0.04635	0.00916	0.00956	0.01834	0.00751	0.00720
34	0.02242	0.02306	0.07322	0.08031	0.03329	0.01793	0.01807	0.02805	0.02213	0.03394	0.01903	0.02343	0.01563	0.00939	0.01060	0.00223	0.05231	0.00718	0.00599	0.50181

[dist]
# distance from previous block
# <min> <max>
1	3

[block]
# block no. 4 follows, 12 sequences, length 61
# corresponding to MSA columns:
# 973-1011,1030-1051
name=unknown_E
#
# <colnr> <probs for GDERKNQSTAVLIFYWHMCP>
#	G	D	E	R	K	N	Q	S	T	A	V	L	I	F	Y	W	H	M	C	P
0	0.02519	0.02307	0.03628	0.15107	0.09200	0.02517	0.12087	0.06889	0.10116	0.03720	0.02523	0.03052	0.01963	0.01200	0.01342	0.00346	0.07381	0.01054	0.06762	0.06286
1	0.02031	0.01701	0.02002	0.01540	0.02309	0.01319	0.01204	0.02481	0.02364	0.03548	0.09262	0.08049	0.07044	0.01324	0.00946	0.00220	0.00740	0.01117	0.00768	0.50031
2	0.01725	0.01231	0.01510	0.01418	0.01712	0.01204	0.01070	0.02508	0.08213	0.04355	0.42939	0.07224	0.08652	0.02035	0.01204	0.00335	0.00550	0.01779	0.09237	0.01100
3	0.02665	0.02300	0.02444	0.02156	0.02809	0.02580	0.01680	0.05474	0.47599	0.04455	0.04176	0.03879	0.03149	0.01409	0.01078	0.00348	0.00857	0.01171	0.01061	0.08711
4	0.01328	0.00949	0.01265	0.01518	0.01581	0.00886	0.01012	0.01518	0.02088	0.02783	0.06010	0.60969	0.07212	0.03416	0.01392	0.00443	0.00633	0.03100	0.01012	0.00886
5	0.12881	0.02035	0.02254	0.01934	0.02588	0.02168	0.01537	0.04885	0.25523	0.19747	0.09203	0.04057	0.03561	0.01452	0.01061	0.00353	0.00843	0.01177	0.01127	0.01612
6	0.04892	0.01856	0.02530	0.01940	0.02783	0.01603	0.01603	0.05314	0.03121	0.55634	0.04302	0.03711	0.02699	0.01350	0.01096	0.00337	0.00928	0.01096	0.01350	0.01856
7	0.04140	0.03209	0.03259	0.02530	0.03381	0.07271	0.02075	0.47861	0.04980	0.06569	0.02551	0.02571	0.01822	0.01296	0.01083	0.00324	0.01255	0.00962	0.01053	0.01812
8	0.01451	0.01111	0.01329	0.01275	0.01572	0.00990	0.00956	0.01879	0.02868	0.03855	0.38616	0.08996	0.26298	0.02422	0.01287	0.00352	0.00528	0.02091	0.01132	0.00990
9	0.01484	0.01052	0.01248	0.01292	0.01524	0.00958	0.00934	0.01843	0.02534	0.03504	0.22145	0.23025	0.20100	0.02569	0.01243	0.00365	0.00557	0.02242	0.10423	0.00958
10	0.01698	0.01276	0.01602	0.01518	0.01572	0.01425	0.01036	0.01841	0.01824	0.02546	0.10216	0.06301	0.04356	0.39469	0.09362	0.00933	0.09995	0.01507	0.00702	0.00821
11	0.02310	0.01798	0.02759	0.11439	0.18432	0.01901	0.02100	0.02913	0.05883	0.06643	0.06375	0.04048	0.02885	0.08849	0.10347	0.06801	0.01394	0.01162	0.00689	0.01272
12	0.02195	0.01411	0.01736	0.01562	0.02000	0.01301	0.01190	0.02884	0.08017	0.11922	0.23946	0.14560	0.12437	0.02119	0.01209	0.00346	0.00665	0.01839	0.01111	0.07551
13	0.02261	0.01938	0.02261	0.01615	0.02584	0.01453	0.01292	0.02745	0.02261	0.03553	0.01938	0.02261	0.01615	0.00807	0.00807	0.00161	0.00807	0.00646	0.00646	0.68346
14	0.11943	0.01287	0.01377	0.01345	0.01695	0.01226	0.00989	0.02180	0.02322	0.08016	0.10315	0.18791	0.23741	0.08031	0.01602	0.00440	0.00692	0.02012	0.00972	0.01021
15	0.01427	0.01042	0.01350	0.01476	0.01646	0.00965	0.01066	0.01750	0.02464	0.03316	0.20849	0.35577	0.12991	0.02958	0.01360	0.00411	0.00623	0.06719	0.01067	0.00943
16	0.02059	0.01938	0.03270	0.59060	0.07510	0.02422	0.03028	0.02786	0.02180	0.02786	0.01938	0.02907	0.01453	0.01090	0.01090	0.00363	0.01453	0.00969	0.00484	0.01211
17	0.02699	0.45510	0.20647	0.02234	0.03369	0.03785	0.02508	0.03321	0.02241	0.02829	0.01647	0.01913	0.01394	0.00963	0.00799	0.00266	0.01298	0.00649	0.00465	0.01462
18	0.01364	0.01074	0.01193	0.01225	0.01485	0.00944	0.00872	0.01630	0.02408	0.03036	0.15620	0.18678	0.34453	0.08977	0.01753	0.00450	0.00614	0.02319	0.01003	0.00903
19	0.02850	0.01377	0.01822	0.01600	0.02029	0.01238	0.01211	0.03213	0.02756	0.24307	0.20332	0.14846	0.05993	0.09261	0.01743	0.00443	0.00764	0.01759	0.01164	0.01291
20	0.08385	0.01877	0.02268	0.01987	0.02575	0.01886	0.01630	0.14272	0.03189	0.21027	0.04296	0.13365	0.03868	0.01996	0.01201	0.00389	0.00959	0.12251	0.01111	0.01468
21	0.01857	0.00960	0.01392	0.01392	0.01392	0.00960	0.00912	0.01440	0.01440	0.01921	0.02080	0.03776	0.02144	0.10789	0.04417	0.60148	0.00960	0.01024	0.00496	0.00496
22	0.02946	0.01475	0.01873	0.01713	0.02165	0.01397	0.01300	0.03609	0.08654	0.23553	0.04902	0.25999	0.04535	0.02158	0.01178	0.00373	0.00761	0.01881	0.08150	0.01376
23	0.69383	0.02109	0.01603	0.01434	0.02109	0.02446	0.01181	0.03205	0.01856	0.04892	0.01518	0.01771	0.01181	0.01012	0.00675	0.00337	0.00843	0.00590	0.00675	0.01181
24	0.02651	0.01353	0.01762	0.01582	0.01990	0.01227	0.01215	0.03015	0.02704	0.20795	0.18952	0.10857	0.09422	0.11100	0.01894	0.00472	0.00790	0.05867	0.01124	0.01228
25	0.02059	0.01938	0.03270	0.59060	0.07510	0.02422	0.03028	0.02786	0.02180	0.02786	0.01938	0.02907	0.01453	0.01090	0.01090	0.00363	0.01453	0.00969	0.00484	0.01211
26	0.03064	0.02815	0.03847	0.02951	0.03741	0.10307	0.18718	0.13674	0.03267	0.08335	0.07371	0.04226	0.09765	0.01420	0.01185	0.00342	0.01370	0.01312	0.00845	0.01446
27	0.01543	0.01115	0.01457	0.01372	0.01629	0.01029	0.01029	0.02058	0.03086	0.04372	0.54304	0.08145	0.10288	0.02229	0.01286	0.00343	0.00514	0.01972	0.01200	0.01029
28	0.03898	0.02965	0.02998	0.02412	0.03196	0.07945	0.01949	0.32047	0.15372	0.11088	0.03115	0.02996	0.02230	0.01334	0.01086	0.00334	0.01166	0.01024	0.01074	0.01772
29	0.02108	0.02033	0.03569	0.53919	0.07339	0.02454	0.07549	0.02853	0.02217	0.02853	0.01963	0.02910	0.01472	0.01074	0.01109	0.00364	0.01490	0.00999	0.00491	0.01236
30	0.02968	0.03040	0.12647	0.21275	0.14776	0.06418	0.02897	0.07909	0.02736	0.11388	0.02363	0.02787	0.01714	0.01119	0.01072	0.00339	0.01386	0.00942	0.00682	0.01541
31	0.02756	0.02224	0.02367	0.02038	0.02653	0.02452	0.01609	0.16818	0.27771	0.04875	0.08735	0.05110	0.12431	0.01714	0.01149	0.00356	0.00872	0.01408	0.01094	0.01568
32	0.01586	0.01057	0.01189	0.01189	0.01189	0.01057	0.00661	0.01586	0.01586	0.02114	0.03436	0.07135	0.03964	0.61681	0.05550	0.01057	0.01057	0.01586	0.00661	0.00661
33	0.02047	0.02216	0.09845	0.20608	0.04171	0.01939	0.02207	0.08278	0.02656	0.03554	0.09222	0.16595	0.08478	0.01884	0.01186	0.00372	0.01087	0.01635	0.00792	0.01229
34	0.02655	0.02360	0.03431	0.25942	0.14872	0.02779	0.02713	0.11667	0.07294	0.03793	0.02235	0.02848	0.01744	0.01256	0.01439	0.00366	0.09487	0.00994	0.00658	0.01468
35	0.03749	0.02081	0.02434	0.01999	0.02703	0.02140	0.01608	0.11774	0.19044	0.26203	0.04011	0.03709	0.02787	0.01375	0.01059	0.00336	0.00896	0.01113	0.09264	0.01713
36	0.01328	0.00949	0.01265	0.01518	0.01581	0.00886	0.01012	0.01518	0.02088	0.02783	0.06010	0.60969	0.07212	0.03416	0.01392	0.00443	0.00633	0.03100	0.01012	0.00886
37	0.10321	0.02124	0.03408	0.39174	0.10681	0.02534	0.06260	0.02927	0.02159	0.03150	0.01879	0.02714	0.01458	0.01119	0.01240	0.00365	0.05754	0.00945	0.00517	0.01272
38	0.02261	0.09640	0.47235	0.02990	0.04398	0.02744	0.03709	0.03360	0.02236	0.03307	0.01874	0.02268	0.01387	0.01110	0.01250	0.00349	0.07059	0.00803	0.00462	0.01556
39	0.10388	0.02440	0.08210	0.24574	0.05042	0.02403	0.09872	0.03440	0.09876	0.03596	0.02454	0.02998	0.01849	0.01124	0.01038	0.00350	0.01279	0.01001	0.06720	0.01345
40	0.38726	0.02498	0.02575	0.11932	0.13326	0.08222	0.01996	0.03285	0.02159	0.04060	0.01707	0.02155	0.01354	0.01029	0.00853	0.00333	0.01147	0.00737	0.00606	0.01300
41	0.04602	0.02321	0.02819	0.02161	0.03016	0.02294	0.01785	0.23155	0.03900	0.36692	0.03648	0.03286	0.02371	0.01334	0.01094	0.00333	0.01033	0.01052	0.01249	0.01855
42	0.01543	0.01115	0.01457	0.01372	0.01629	0.01029	0.01029	0.02058	0.03086	0.04372	0.54304	0.08145	0.10288	0.02229	0.01286	0.00343	0.00514	0.01972	0.01200	0.01029
43	0.01445	0.01055	0.01369	0.01487	0.01667	0.00980	0.01088	0.01786	0.02500	0.03368	0.21988	0.32860	0.13036	0.02918	0.01361	0.00410	0.00631	0.08029	0.01072	0.00949
44	0.01411	0.01028	0.01285	0.01381	0.01531	0.00949	0.00948	0.01677	0.02349	0.03149	0.19285	0.33295	0.14259	0.10054	0.01852	0.00480	0.00641	0.02504	0.01020	0.00901
45	0.01887	0.01046	0.01148	0.01122	0.01377	0.01020	0.00842	0.02397	0.02525	0.04157	0.18659	0.05279	0.05025	0.01556	0.00918	0.00281	0.00510	0.01301	0.47933	0.01020
46	0.02261	0.01938	0.02261	0.01615	0.02584	0.01453	0.01292	0.02745	0.02261	0.03553	0.01938	0.02261	0.01615	0.00807	0.00807	0.00161	0.00807	0.00646	0.00646	0.68346
47	0.69383	0.02109	0.01603	0.01434	0.02109	0.02446	0.01181	0.03205	0.01856	0.04892	0.01518	0.01771	0.01181	0.01012	0.00675	0.00337	0.00843	0.00590	0.00675	0.01181
48	0.69383	0.02109	0.01603	0.01434	0.02109	0.02446	0.01181	0.03205	0.01856	0.04892	0.01518	0.01771	0.01181	0.01012	0.00675	0.00337	0.00843	0.00590	0.00675	0.01181
49	0.02574	0.02941	0.06434	0.04596	0.05699	0.02757	0.50919	0.03493	0.02574	0.03493	0.02206	0.02941	0.01654	0.00919	0.01287	0.00368	0.01838	0.01287	0.00551	0.01471
50	0.10685	0.02068	0.02598	0.02036	0.02798	0.02039	0.01683	0.10450	0.03126	0.40629	0.03601	0.03288	0.02350	0.01358	0.01258	0.00348	0.05740	0.01023	0.01183	0.01738
51	0.02187	0.05640	0.56031	0.03108	0.04719	0.02532	0.04029	0.03453	0.02302	0.03453	0.01957	0.02302	0.01381	0.01036	0.01036	0.00345	0.01611	0.00806	0.00460	0.01611
52	0.01464	0.01046	0.01421	0.01673	0.01796	0.01002	0.01248	0.01752	0.02221	0.02935	0.05935	0.45588	0.06916	0.03288	0.01428	0.00462	0.00750	0.17144	0.01010	0.00923
53	0.01751	0.01226	0.01637	0.01456	0.01802	0.01144	0.04959	0.02250	0.02643	0.03912	0.23554	0.06730	0.15561	0.01886	0.01100	0.00318	0.00627	0.01641	0.24763	0.01039
54	0.01950	0.03327	0.25926	0.02514	0.03281	0.02161	0.02671	0.02671	0.02027	0.02990	0.02665	0.11019	0.02532	0.03250	0.15149	0.00722	0.12050	0.01241	0.00571	0.01282
55	0.02897	0.02288	0.02861	0.02461	0.02840	0.02822	0.01998	0.04322	0.22778	0.11411	0.03090	0.03271	0.02396	0.01649	0.02197	0.00412	0.26840	0.01089	0.00867	0.01510
56	0.15286	0.11404	0.02791	0.01971	0.02479	0.10122	0.01625	0.03261	0.02500	0.09873	0.14482	0.03653	0.03647	0.01493	0.01391	0.00338	0.10553	0.01056	0.00803	0.01273
57	0.23748	0.02163	0.03205	0.30082	0.09107	0.02483	0.08251	0.03048	0.02146	0.03605	0.01844	0.02531	0.01411	0.01036	0.00980	0.00353	0.01293	0.00886	0.00558	0.01271
58	0.18373	0.01653	0.01988	0.02166	0.08408	0.01622	0.01433	0.02818	0.02278	0.11429	0.04230	0.22725	0.07362	0.01974	0.01083	0.00359	0.00816	0.01683	0.00895	0.06703
59	0.01848	0.05826	0.02119	0.01758	0.01902	0.01815	0.01340	0.02087	0.02063	0.02857	0.13087	0.11344	0.04909	0.21709	0.03197	0.00622	0.14460	0.05328	0.00769	0.00957
60	0.07297	0.13983	0.07596	0.10445	0.08406	0.02613	0.02174	0.03493	0.11206	0.03496	0.02628	0.03493	0.02237	0.01239	0.00978	0.00314	0.01109	0.05083	0.00680	0.11527

[dist]
# distance from previous block
# <min> <max>
0	78

[block]
# block no. 5 follows, 12 sequences, length 17
# corresponding to MSA columns:
# 1130-1146
name=unknown_F
#
# <colnr> <probs for GDERKNQSTAVLIFYWHMCP>
#	G	D	E	R	K	N	Q	S	T	A	V	L	I	F	Y	W	H	M	C	P
0	0.02707	0.12228	0.12197	0.14272	0.16552	0.02833	0.02837	0.03336	0.02297	0.08427	0.02067	0.02583	0.01624	0.01179	0.01395	0.00345	0.10159	0.00894	0.00579	0.01491
1	0.02114	0.03766	0.29854	0.02626	0.03711	0.02191	0.06695	0.03426	0.10449	0.03715	0.11048	0.04336	0.08458	0.01450	0.01131	0.00353	0.01241	0.01238	0.00736	0.01461
2	0.01458	0.01070	0.01360	0.01405	0.01574	0.01041	0.00990	0.01739	0.02228	0.03007	0.16772	0.21171	0.13975	0.14063	0.12386	0.00756	0.01088	0.02098	0.00915	0.00901
3	0.02200	0.01655	0.01881	0.01692	0.02115	0.01755	0.01306	0.07980	0.17998	0.04634	0.28526	0.05920	0.06524	0.01805	0.01153	0.00339	0.00684	0.01544	0.08976	0.01314
4	0.01372	0.01060	0.01253	0.01306	0.01550	0.00940	0.00941	0.01689	0.02532	0.03297	0.21657	0.25275	0.27588	0.02812	0.01319	0.00384	0.00566	0.02453	0.01065	0.00940
5	0.01743	0.01098	0.01411	0.01411	0.01609	0.01198	0.01060	0.02139	0.01941	0.03080	0.03218	0.04491	0.02879	0.10991	0.30250	0.01104	0.01800	0.01152	0.26467	0.00958
6	0.03222	0.02121	0.02583	0.08787	0.03359	0.02245	0.01850	0.09195	0.21645	0.17488	0.03846	0.04214	0.02906	0.01454	0.01110	0.00351	0.00988	0.04775	0.01052	0.06810
7	0.24160	0.02227	0.02914	0.25530	0.12758	0.02569	0.02369	0.08701	0.02469	0.04069	0.01900	0.02473	0.01456	0.01072	0.00954	0.00344	0.01202	0.00849	0.00626	0.01358
8	0.02385	0.02385	0.03340	0.02863	0.02863	0.03340	0.02385	0.02624	0.01670	0.02624	0.01431	0.02385	0.01431	0.01908	0.03578	0.00477	0.59685	0.00954	0.00477	0.01193
9	0.02573	0.02550	0.04609	0.14691	0.38276	0.02594	0.12020	0.03283	0.02451	0.03425	0.02061	0.02776	0.01670	0.00981	0.01119	0.00338	0.01420	0.01029	0.00533	0.01597
10	0.69383	0.02109	0.01603	0.01434	0.02109	0.02446	0.01181	0.03205	0.01856	0.04892	0.01518	0.01771	0.01181	0.01012	0.00675	0.00337	0.00843	0.00590	0.00675	0.01181
11	0.01586	0.01057	0.01189	0.01189	0.01189	0.01057	0.00661	0.01586	0.01586	0.02114	0.03436	0.07135	0.03964	0.61681	0.05550	0.01057	0.01057	0.01586	0.00661	0.00661
12	0.01448	0.01111	0.01325	0.01271	0.01570	0.00988	0.00953	0.01872	0.02860	0.03836	0.38043	0.09028	0.26883	0.02429	0.01287	0.00352	0.00529	0.02096	0.01130	0.00988
13	0.02059	0.01938	0.03270	0.59060	0.07510	0.02422	0.03028	0.02786	0.02180	0.02786	0.01938	0.02907	0.01453	0.01090	0.01090	0.00363	0.01453	0.00969	0.00484	0.01211
14	0.01380	0.01055	0.01276	0.01395	0.01612	0.00951	0.01018	0.01670	0.02393	0.03076	0.13520	0.31398	0.24943	0.02996	0.01352	0.00409	0.00625	0.06969	0.01034	0.00927
15	0.04892	0.01856	0.02530	0.01940	0.02783	0.01603	0.01603	0.05314	0.03121	0.55634	0.04302	0.03711	0.02699	0.01350	0.01096	0.00337	0.00928	0.01096	0.01350	0.01856
16	0.01788	0.01337	0.01974	0.01814	0.02182	0.01211	0.06923	0.02156	0.02453	0.07161	0.10476	0.26562	0.20807	0.02644	0.01326	0.00400	0.00793	0.05934	0.00997	0.01060

[dist]
# distance from previous block
# <min> <max>
0	6

[block]
# block no. 6 follows, 12 sequences, length 25
# corresponding to MSA columns:
# 1153-1177
name=unknown_G
#
# <colnr> <probs for GDERKNQSTAVLIFYWHMCP>
#	G	D	E	R	K	N	Q	S	T	A	V	L	I	F	Y	W	H	M	C	P
0	0.02406	0.04145	0.28860	0.04063	0.08630	0.02643	0.26320	0.03465	0.02444	0.03479	0.02082	0.02634	0.01535	0.00976	0.01158	0.00354	0.01698	0.01046	0.00509	0.01552
1	0.02480	0.04329	0.34955	0.03071	0.04186	0.02675	0.07100	0.03399	0.02232	0.07377	0.02032	0.02484	0.01519	0.01266	0.01686	0.00379	0.15867	0.00903	0.00542	0.01517
2	0.27034	0.06608	0.03316	0.14296	0.15026	0.06666	0.06060	0.03265	0.02228	0.03755	0.01783	0.02301	0.01422	0.01014	0.00917	0.00331	0.01245	0.00810	0.00576	0.01349
3	0.04382	0.01749	0.02328	0.01822	0.02598	0.01506	0.01493	0.04783	0.03031	0.48169	0.05257	0.04672	0.10029	0.01550	0.01124	0.00342	0.00875	0.01267	0.01302	0.01723
4	0.02836	0.01946	0.02705	0.20317	0.04077	0.02248	0.02074	0.10856	0.02635	0.11190	0.02471	0.03071	0.01885	0.01668	0.01843	0.09822	0.09133	0.00989	0.06946	0.01288
5	0.01345	0.00988	0.01262	0.01444	0.01571	0.00905	0.00988	0.01581	0.02248	0.02972	0.11749	0.48321	0.14223	0.03200	0.01366	0.00422	0.00609	0.02869	0.01032	0.00905
6	0.01507	0.01113	0.01407	0.01334	0.01607	0.01013	0.01000	0.01988	0.03001	0.04170	0.48175	0.08477	0.16543	0.02305	0.01286	0.00347	0.00520	0.02019	0.01174	0.01013
7	0.02261	0.01938	0.02261	0.01615	0.02584	0.01453	0.01292	0.02745	0.02261	0.03553	0.01938	0.02261	0.01615	0.00807	0.00807	0.00161	0.00807	0.00646	0.00646	0.68346
8	0.01507	0.01111	0.01416	0.01395	0.01652	0.01020	0.01056	0.01961	0.02877	0.03958	0.40562	0.12978	0.15986	0.02460	0.01312	0.00367	0.00567	0.05672	0.01143	0.01000
9	0.01406	0.01016	0.01280	0.01398	0.01527	0.00944	0.00949	0.01649	0.02277	0.03053	0.16642	0.36919	0.12349	0.11052	0.01926	0.00497	0.00657	0.02565	0.01005	0.00890
10	0.03396	0.01488	0.01944	0.01608	0.02173	0.01329	0.01284	0.03860	0.02961	0.31339	0.18864	0.05078	0.04947	0.01594	0.01092	0.00324	0.00731	0.01339	0.13187	0.01462
11	0.01468	0.01008	0.01224	0.01340	0.01369	0.00979	0.00822	0.01555	0.01816	0.02421	0.04615	0.31792	0.05451	0.34994	0.03645	0.00776	0.00863	0.02279	0.00822	0.00764
12	0.69383	0.02109	0.01603	0.01434	0.02109	0.02446	0.01181	0.03205	0.01856	0.04892	0.01518	0.01771	0.01181	0.01012	0.00675	0.00337	0.00843	0.00590	0.00675	0.01181
13	0.02187	0.05640	0.56031	0.03108	0.04719	0.02532	0.04029	0.03453	0.02302	0.03453	0.01957	0.02302	0.01381	0.01036	0.01036	0.00345	0.01611	0.00806	0.00460	0.01611
14	0.03660	0.02335	0.02641	0.02137	0.02859	0.02456	0.01723	0.25766	0.10838	0.17578	0.04228	0.08646	0.06872	0.01636	0.01136	0.00349	0.00988	0.01328	0.01143	0.01681
15	0.02910	0.16169	0.04081	0.08217	0.09057	0.07554	0.08776	0.13501	0.02976	0.03788	0.02584	0.10576	0.02382	0.01393	0.01061	0.00327	0.01299	0.01203	0.00707	0.01441
16	0.13004	0.02670	0.03600	0.02739	0.03611	0.02804	0.13190	0.23230	0.07843	0.12274	0.02751	0.02845	0.01953	0.01196	0.01080	0.00343	0.01232	0.01034	0.00944	0.01659
17	0.01618	0.01109	0.01430	0.01479	0.01622	0.01089	0.01025	0.01979	0.05956	0.03156	0.18986	0.26079	0.06569	0.08398	0.02239	0.12606	0.00711	0.02108	0.00945	0.00895
18	0.07985	0.02030	0.03048	0.43757	0.06192	0.02526	0.02682	0.03123	0.07391	0.03140	0.02122	0.02889	0.01623	0.01188	0.01251	0.00371	0.05894	0.00962	0.00565	0.01261
19	0.09623	0.10229	0.03204	0.02602	0.03208	0.47636	0.02004	0.04153	0.02902	0.02852	0.01655	0.01929	0.01385	0.01096	0.00930	0.00281	0.01795	0.00682	0.00563	0.01269
20	0.01740	0.01508	0.06059	0.01509	0.01890	0.01123	0.01228	0.02061	0.02312	0.07749	0.07208	0.26717	0.24071	0.07702	0.01646	0.00448	0.00750	0.02282	0.00966	0.01033
21	0.01675	0.01272	0.01447	0.01411	0.01716	0.01204	0.01058	0.06027	0.02666	0.03442	0.15987	0.12888	0.26347	0.10964	0.01905	0.00477	0.00726	0.06795	0.01002	0.00990
22	0.03265	0.08316	0.11455	0.07912	0.18107	0.07860	0.02723	0.14071	0.03111	0.09462	0.02307	0.02595	0.01727	0.01114	0.01037	0.00320	0.01346	0.00904	0.00724	0.01642
23	0.02923	0.01649	0.02471	0.10413	0.08392	0.01705	0.01809	0.03124	0.02243	0.19045	0.02980	0.08129	0.02480	0.02182	0.02202	0.19621	0.05423	0.01182	0.00800	0.01227
24	0.02225	0.01902	0.02405	0.02248	0.09532	0.01553	0.01483	0.02663	0.02196	0.03350	0.02166	0.03011	0.01963	0.09454	0.01517	0.00311	0.00910	0.00824	0.00634	0.49654

[dist]
# distance from previous block
# <min> <max>
12	116

[block]
# block no. 7 follows, 12 sequences, length 25
# corresponding to MSA columns:
# 1298-1322
name=unknown_H
#
# <colnr> <probs for GDERKNQSTAVLIFYWHMCP>
#	G	D	E	R	K	N	Q	S	T	A	V	L	I	F	Y	W	H	M	C	P
0	0.02594	0.09929	0.25068	0.07031	0.04893	0.02873	0.19425	0.08546	0.02681	0.03702	0.02067	0.02536	0.01531	0.01019	0.01096	0.00341	0.01589	0.00976	0.00561	0.01543
1	0.03213	0.03746	0.23346	0.03326	0.09797	0.02594	0.08119	0.14745	0.03145	0.13476	0.02560	0.02737	0.01791	0.01134	0.01091	0.00340	0.01385	0.00968	0.00781	0.01708
2	0.02731	0.22224	0.11511	0.02509	0.03426	0.02861	0.10950	0.03636	0.07964	0.08689	0.09959	0.03419	0.03072	0.01234	0.01022	0.00314	0.01199	0.01065	0.00746	0.01469
3	0.01516	0.01113	0.01420	0.01343	0.01612	0.01017	0.01007	0.02005	0.03022	0.04219	0.49650	0.08397	0.15037	0.02286	0.01286	0.00346	0.00518	0.02007	0.01180	0.01017
4	0.02942	0.28751	0.18898	0.02198	0.03223	0.02959	0.02345	0.03550	0.02403	0.13134	0.02607	0.07904	0.02198	0.01278	0.00937	0.00305	0.01195	0.00984	0.00688	0.01499
5	0.03017	0.01979	0.06616	0.11986	0.03431	0.01713	0.01878	0.03724	0.06236	0.23502	0.09981	0.10258	0.07562	0.01699	0.01157	0.00358	0.00967	0.01450	0.01032	0.01453
6	0.01974	0.01377	0.01691	0.01646	0.01955	0.01410	0.01247	0.02771	0.10964	0.07193	0.12684	0.12469	0.10562	0.11316	0.10000	0.00680	0.01099	0.06867	0.00971	0.01122
7	0.02323	0.02143	0.02929	0.02536	0.02581	0.02929	0.02098	0.02609	0.01779	0.02879	0.01807	0.02682	0.01672	0.01796	0.03080	0.00438	0.49221	0.00965	0.12370	0.01162
8	0.03484	0.07736	0.03433	0.03124	0.14305	0.02099	0.06872	0.04013	0.02769	0.25542	0.07369	0.03617	0.02886	0.01249	0.01063	0.00321	0.01055	0.01105	0.06347	0.01610
9	0.03217	0.03236	0.18821	0.11707	0.04622	0.02329	0.10943	0.07504	0.02794	0.19785	0.02772	0.02966	0.01883	0.01142	0.01110	0.00348	0.01383	0.01016	0.00802	0.01619
10	0.01573	0.01105	0.01433	0.01433	0.01518	0.01190	0.00965	0.01742	0.01658	0.02295	0.03212	0.05899	0.03427	0.38495	0.28001	0.01358	0.01865	0.01405	0.00627	0.00796
11	0.01558	0.01168	0.01752	0.01752	0.01947	0.01363	0.01363	0.01947	0.01752	0.02531	0.02921	0.04283	0.02726	0.08178	0.57360	0.01752	0.02921	0.01168	0.00584	0.00974
12	0.03339	0.07226	0.15109	0.12524	0.04397	0.02498	0.07148	0.10541	0.02940	0.19448	0.02743	0.02898	0.01883	0.01159	0.01071	0.00338	0.01311	0.00976	0.00829	0.01620
13	0.03614	0.02732	0.07642	0.08476	0.08341	0.02531	0.11181	0.17090	0.03371	0.19548	0.02873	0.03006	0.01980	0.01181	0.01123	0.00342	0.01299	0.01056	0.00918	0.01695
14	0.01483	0.01102	0.01396	0.01456	0.01695	0.01015	0.01109	0.01878	0.02656	0.03557	0.27019	0.20304	0.18099	0.02720	0.01346	0.00396	0.00631	0.10078	0.01089	0.00972
15	0.02749	0.03224	0.21400	0.14332	0.07746	0.02174	0.06248	0.03581	0.02566	0.14865	0.07772	0.03393	0.02624	0.01224	0.01106	0.00347	0.01315	0.01064	0.00746	0.01522
16	0.03086	0.12031	0.08020	0.17259	0.04504	0.02820	0.06045	0.11690	0.08312	0.11705	0.02632	0.02876	0.01910	0.01165	0.01042	0.00333	0.01266	0.00969	0.00783	0.01552
17	0.01376	0.00983	0.01320	0.01573	0.01657	0.00927	0.01096	0.01601	0.02135	0.02837	0.05983	0.55515	0.07107	0.03371	0.01405	0.00449	0.00674	0.08080	0.01011	0.00899
