[name]
unknown

[dist]
# distance from previous block
# <min> <max>
0	59

[block]
# block no. 0 follows, 12 sequences, length 43
# corresponding to MSA columns:
# 59-101
name=unknown_A
#
# <colnr> <probs for GDERKNQSTAVLIFYWHMCP>
#	G	D	E	R	K	N	Q	S	T	A	V	L	I	F	Y	W	H	M	C	P
0	0.01511	0.01228	0.01367	0.01422	0.01741	0.01152	0.01078	0.02106	0.07969	0.03129	0.08650	0.20301	0.33321	0.02784	0.01316	0.00400	0.00658	0.07836	0.01022	0.01012
1	0.02247	0.04831	0.42899	0.03125	0.04591	0.02431	0.09943	0.03372	0.02333	0.03470	0.01988	0.02382	0.01446	0.00993	0.01042	0.00326	0.01544	0.00850	0.00495	0.09691
2	0.03863	0.04304	0.03302	0.08185	0.03876	0.41041	0.05974	0.04254	0.02967	0.09172	0.02068	0.02344	0.01586	0.01132	0.01031	0.00302	0.01781	0.00821	0.00649	0.01347
3	0.01470	0.01107	0.01564	0.08528	0.02359	0.01114	0.01318	0.01777	0.02218	0.02958	0.09632	0.45522	0.06702	0.03000	0.01355	0.00429	0.00752	0.06285	0.00964	0.00947
4	0.02638	0.02834	0.03269	0.18961	0.04299	0.14153	0.02512	0.03025	0.02108	0.02680	0.01629	0.02449	0.01432	0.01513	0.02332	0.00404	0.31146	0.00907	0.00497	0.01213
5	0.02185	0.02031	0.03391	0.36615	0.20766	0.02303	0.02879	0.02863	0.02379	0.03207	0.08326	0.03481	0.02606	0.01193	0.01111	0.00349	0.01293	0.01091	0.00588	0.01341
6	0.01761	0.01059	0.01419	0.01569	0.01727	0.00973	0.01084	0.01979	0.02213	0.09197	0.05802	0.54021	0.06664	0.03165	0.01356	0.00430	0.00668	0.02857	0.01053	0.01003
7	0.02683	0.02633	0.04669	0.06438	0.48911	0.02611	0.09119	0.03364	0.02494	0.03554	0.02070	0.02728	0.01718	0.00965	0.01105	0.00329	0.01361	0.01010	0.00541	0.01696
8	0.02657	0.19077	0.23145	0.02279	0.03302	0.02581	0.02493	0.03381	0.02422	0.11162	0.07550	0.03175	0.02628	0.01964	0.07194	0.00469	0.01424	0.00948	0.00685	0.01464
9	0.01365	0.00975	0.01307	0.01560	0.01639	0.00917	0.01076	0.01582	0.02124	0.02824	0.05989	0.56802	0.07131	0.03381	0.01401	0.00448	0.00664	0.06905	0.01011	0.00896
10	0.02235	0.04679	0.40496	0.09456	0.05037	0.02600	0.09870	0.03332	0.02284	0.03332	0.01954	0.02457	0.01428	0.01082	0.01234	0.00358	0.05273	0.00895	0.00476	0.01523
11	0.01636	0.01303	0.02093	0.01940	0.02212	0.01441	0.05231	0.02079	0.01944	0.02782	0.07743	0.04544	0.03360	0.07042	0.47623	0.01510	0.02607	0.01254	0.00640	0.01018
12	0.01602	0.01030	0.01374	0.01533	0.01671	0.00951	0.01056	0.01841	0.02261	0.06684	0.10728	0.51622	0.07200	0.03151	0.01360	0.00425	0.00642	0.02845	0.01055	0.00969
13	0.04073	0.05197	0.03090	0.02809	0.03371	0.57303	0.02107	0.04354	0.03090	0.02669	0.01685	0.01966	0.01404	0.01124	0.00983	0.00281	0.01966	0.00702	0.00562	0.01264
14	0.01399	0.00995	0.01314	0.01511	0.01604	0.00938	0.01039	0.01632	0.02190	0.02943	0.11138	0.48098	0.07259	0.07383	0.01682	0.00479	0.00674	0.05820	0.01007	0.00893
15	0.04810	0.01988	0.02612	0.02003	0.02849	0.01799	0.01654	0.10380	0.03342	0.50256	0.04116	0.03591	0.02606	0.01345	0.01096	0.00336	0.00958	0.01084	0.01321	0.01855
16	0.01482	0.01094	0.01401	0.01471	0.01696	0.01012	0.01112	0.01873	0.02638	0.03551	0.26914	0.22706	0.16015	0.02748	0.01350	0.00399	0.00632	0.09846	0.01089	0.00971
17	0.04073	0.05197	0.03090	0.02809	0.03371	0.57303	0.02107	0.04354	0.03090	0.02669	0.01685	0.01966	0.01404	0.01124	0.00983	0.00281	0.01966	0.00702	0.00562	0.01264
18	0.04073	0.05197	0.03090	0.02809	0.03371	0.57303	0.02107	0.04354	0.03090	0.02669	0.01685	0.01966	0.01404	0.01124	0.00983	0.00281	0.01966	0.00702	0.00562	0.01264
19	0.01348	0.01107	0.01186	0.01166	0.01509	0.00946	0.00875	0.01679	0.02625	0.03276	0.21070	0.09949	0.44206	0.02638	0.01288	0.00362	0.00544	0.02225	0.01056	0.00946
20	0.02923	0.02504	0.03061	0.06973	0.03580	0.02822	0.06566	0.14072	0.34956	0.04764	0.03679	0.03591	0.02739	0.01363	0.01121	0.00361	0.01067	0.01169	0.01004	0.01686
21	0.02314	0.02034	0.03191	0.13894	0.26780	0.02140	0.02532	0.03143	0.06802	0.03612	0.08492	0.04524	0.03302	0.01403	0.01124	0.00349	0.01108	0.05774	0.06052	0.01431
22	0.01390	0.01089	0.01258	0.01256	0.01545	0.00957	0.00927	0.01746	0.02665	0.03466	0.26808	0.15730	0.31995	0.02639	0.01300	0.00368	0.00548	0.02273	0.01084	0.00957
23	0.02375	0.04326	0.31879	0.03832	0.05196	0.02642	0.26862	0.03472	0.02434	0.03472	0.02078	0.02613	0.01514	0.00979	0.01158	0.00356	0.01722	0.01040	0.00505	0.01543
24	0.10617	0.04887	0.02941	0.02671	0.03244	0.51806	0.02014	0.04239	0.02966	0.02891	0.01669	0.01947	0.01382	0.01112	0.00952	0.00287	0.01854	0.00691	0.00573	0.01256
25	0.01328	0.00949	0.01265	0.01518	0.01581	0.00886	0.01012	0.01518	0.02088	0.02783	0.06010	0.60969	0.07212	0.03416	0.01392	0.00443	0.00633	0.03100	0.01012	0.00886
26	0.02528	0.09883	0.14243	0.03875	0.04933	0.02950	0.32894	0.03374	0.02399	0.03297	0.02011	0.02648	0.01559	0.01039	0.01410	0.00360	0.07523	0.01096	0.00520	0.01458
27	0.09623	0.02136	0.03515	0.40384	0.13989	0.02477	0.06689	0.02974	0.02222	0.03193	0.01930	0.02753	0.01481	0.01050	0.01058	0.00355	0.01393	0.00953	0.00519	0.01307
28	0.02033	0.01016	0.01016	0.01016	0.01270	0.01016	0.00762	0.02541	0.02287	0.04065	0.03557	0.04065	0.02795	0.01270	0.00762	0.00254	0.00508	0.01016	0.67734	0.01016
29	0.02187	0.05640	0.56031	0.03108	0.04719	0.02532	0.04029	0.03453	0.02302	0.03453	0.01957	0.02302	0.01381	0.01036	0.01036	0.00345	0.01611	0.00806	0.00460	0.01611
30	0.04145	0.03054	0.03272	0.02509	0.03381	0.03381	0.02072	0.51243	0.05127	0.06872	0.02618	0.02618	0.01854	0.01309	0.01091	0.00327	0.01200	0.00982	0.01091	0.01854
31	0.01328	0.00949	0.01265	0.01518	0.01581	0.00886	0.01012	0.01518	0.02088	0.02783	0.06010	0.60969	0.07212	0.03416	0.01392	0.00443	0.00633	0.03100	0.01012	0.00886
32	0.02565	0.02887	0.13135	0.08768	0.10473	0.02359	0.14428	0.06474	0.06762	0.07113	0.10601	0.03727	0.03157	0.01263	0.01160	0.00350	0.01314	0.01205	0.00757	0.01501
33	0.02481	0.02284	0.03823	0.18787	0.38361	0.02401	0.03024	0.03135	0.02391	0.03423	0.02167	0.02879	0.01762	0.01028	0.01052	0.00327	0.01259	0.00975	0.06906	0.01535
34	0.01350	0.00965	0.01284	0.01504	0.01586	0.00900	0.01014	0.01572	0.02188	0.02943	0.10849	0.55676	0.07520	0.03297	0.01381	0.00433	0.00621	0.02987	0.01031	0.00900
35	0.02915	0.62337	0.05714	0.01866	0.02799	0.04314	0.01866	0.03265	0.02215	0.02565	0.01516	0.01749	0.01399	0.00933	0.00700	0.00233	0.01166	0.00583	0.00466	0.01399
36	0.01328	0.00949	0.01265	0.01518	0.01581	0.00886	0.01012	0.01518	0.02088	0.02783	0.06010	0.60969	0.07212	0.03416	0.01392	0.00443	0.00633	0.03100	0.01012	0.00886
37	0.02848	0.02410	0.02542	0.02246	0.02887	0.02776	0.01759	0.10109	0.48372	0.04781	0.04265	0.03930	0.03188	0.01463	0.01108	0.00366	0.00895	0.01209	0.01108	0.01738
38	0.09283	0.01305	0.01560	0.01575	0.01924	0.01262	0.01266	0.02353	0.02571	0.07710	0.17297	0.14050	0.15504	0.02475	0.01279	0.00403	0.00746	0.15327	0.01042	0.01069
39	0.04073	0.05197	0.03090	0.02809	0.03371	0.57303	0.02107	0.04354	0.03090	0.02669	0.01685	0.01966	0.01404	0.01124	0.00983	0.00281	0.01966	0.00702	0.00562	0.01264
40	0.01586	0.01057	0.01189	0.01189	0.01189	0.01057	0.00661	0.01586	0.01586	0.02114	0.03436	0.07135	0.03964	0.61681	0.05550	0.01057	0.01057	0.01586	0.00661	0.00661
41	0.01377	0.01091	0.01238	0.01238	0.01536	0.00952	0.00915	0.01722	0.02639	0.03397	0.24730	0.15288	0.34695	0.02658	0.01299	0.00368	0.00549	0.02281	0.01074	0.00952
42	0.03168	0.19297	0.03448	0.01973	0.02826	0.02792	0.01689	0.09818	0.13585	0.11728	0.02792	0.02765	0.02113	0.01130	0.00919	0.00273	0.00987	0.00862	0.00854	0.16979

[dist]
# distance from previous block
# <min> <max>
0	1

[block]
# block no. 1 follows, 12 sequences, length 27
# corresponding to MSA columns:
# 103-129
name=unknown_B
#
# <colnr> <probs for GDERKNQSTAVLIFYWHMCP>
#	G	D	E	R	K	N	Q	S	T	A	V	L	I	F	Y	W	H	M	C	P
0	0.02643	0.02149	0.03329	0.08540	0.29632	0.02198	0.02516	0.03530	0.09406	0.08890	0.03288	0.13077	0.02976	0.01512	0.01140	0.00355	0.01095	0.01388	0.00779	0.01557
1	0.04405	0.02390	0.02989	0.02584	0.07631	0.02387	0.01941	0.23130	0.03850	0.31923	0.03443	0.03193	0.02282	0.01300	0.01093	0.00332	0.01067	0.01040	0.01176	0.01844
2	0.37304	0.01996	0.01839	0.01572	0.02216	0.02170	0.01278	0.10620	0.02620	0.10104	0.03468	0.03505	0.08921	0.01357	0.00875	0.00333	0.00838	0.00976	0.06702	0.01305
3	0.01447	0.01595	0.08811	0.01737	0.02014	0.01113	0.01428	0.01785	0.02117	0.02876	0.05451	0.52885	0.06408	0.03088	0.01343	0.00429	0.00767	0.02784	0.00936	0.00986
4	0.01671	0.01299	0.01634	0.01591	0.01968	0.01103	0.01167	0.01984	0.02180	0.03076	0.04653	0.37594	0.05295	0.02526	0.01210	0.00355	0.00721	0.06038	0.00891	0.23044
5	0.10226	0.02651	0.02902	0.02660	0.07607	0.02966	0.01964	0.25142	0.22317	0.05515	0.03131	0.03077	0.02321	0.01312	0.01054	0.00344	0.01046	0.01034	0.01006	0.01726
6	0.01485	0.01067	0.01421	0.01519	0.01696	0.01002	0.01122	0.01866	0.02601	0.03574	0.27998	0.30176	0.08485	0.02819	0.01359	0.00405	0.00630	0.08709	0.01097	0.00967
7	0.02937	0.12340	0.14185	0.06977	0.08008	0.02913	0.02559	0.11445	0.02743	0.08282	0.02128	0.02481	0.01639	0.01211	0.01385	0.00331	0.10359	0.00864	0.00671	0.06542
8	0.03544	0.03267	0.03102	0.12308	0.04007	0.16114	0.02192	0.24485	0.11568	0.04792	0.02559	0.02737	0.01906	0.01253	0.01068	0.00329	0.01376	0.00951	0.00861	0.01581
9	0.01328	0.00949	0.01265	0.01518	0.01581	0.00886	0.01012	0.01518	0.02088	0.02783	0.06010	0.60969	0.07212	0.03416	0.01392	0.00443	0.00633	0.03100	0.01012	0.00886
10	0.03150	0.07611	0.11748	0.15604	0.04407	0.02453	0.05990	0.10244	0.02933	0.16829	0.06085	0.03228	0.02405	0.01227	0.01079	0.00337	0.01254	0.01035	0.00832	0.01547
11	0.08027	0.02466	0.10144	0.02778	0.09996	0.02127	0.02184	0.03606	0.02572	0.19531	0.11610	0.03771	0.03364	0.01475	0.01508	0.00361	0.10965	0.01128	0.00890	0.01498
12	0.03136	0.03523	0.02310	0.02186	0.02591	0.34903	0.01617	0.03451	0.02735	0.02996	0.02866	0.12933	0.02744	0.01564	0.01007	0.00304	0.01409	0.01198	0.15386	0.01142
13	0.02147	0.03535	0.25588	0.02545	0.03456	0.02345	0.02718	0.02887	0.02109	0.03166	0.02463	0.02974	0.04853	0.01846	0.05808	0.00449	0.15868	0.00933	0.00543	0.13767
14	0.02829	0.08688	0.03614	0.14409	0.08201	0.07370	0.05874	0.07408	0.02490	0.07088	0.02167	0.02991	0.01824	0.06541	0.01947	0.00418	0.13168	0.00992	0.00631	0.01350
15	0.01328	0.00949	0.01265	0.01518	0.01581	0.00886	0.01012	0.01518	0.02088	0.02783	0.06010	0.60969	0.07212	0.03416	0.01392	0.00443	0.00633	0.03100	0.01012	0.00886
16	0.02289	0.07796	0.14767	0.30606	0.09153	0.02659	0.06217	0.03311	0.06677	0.03161	0.02151	0.02775	0.01629	0.01081	0.01061	0.00347	0.01427	0.00947	0.00541	0.01407
17	0.02657	0.13311	0.26909	0.03064	0.04213	0.03049	0.11355	0.09930	0.02659	0.03707	0.01968	0.02378	0.01502	0.01127	0.01297	0.00343	0.07526	0.00894	0.00566	0.01544
18	0.01328	0.00949	0.01265	0.01518	0.01581	0.00886	0.01012	0.01518	0.02088	0.02783	0.06010	0.60969	0.07212	0.03416	0.01392	0.00443	0.00633	0.03100	0.01012	0.00886
19	0.02138	0.01650	0.02095	0.01889	0.02109	0.01931	0.01436	0.10301	0.02261	0.03156	0.02785	0.04555	0.02743	0.22114	0.23585	0.01097	0.11189	0.01228	0.00676	0.01064
20	0.01328	0.00949	0.01265	0.01518	0.01581	0.00886	0.01012	0.01518	0.02088	0.02783	0.06010	0.60969	0.07212	0.03416	0.01392	0.00443	0.00633	0.03100	0.01012	0.00886
21	0.01499	0.01098	0.01436	0.01598	0.01797	0.01035	0.01234	0.01855	0.02443	0.03221	0.14444	0.29472	0.13909	0.03001	0.01398	0.00436	0.00724	0.17407	0.01040	0.00953
22	0.69383	0.02109	0.01603	0.01434	0.02109	0.02446	0.01181	0.03205	0.01856	0.04892	0.01518	0.01771	0.01181	0.01012	0.00675	0.00337	0.00843	0.00590	0.00675	0.01181
23	0.04073	0.05197	0.03090	0.02809	0.03371	0.57303	0.02107	0.04354	0.03090	0.02669	0.01685	0.01966	0.01404	0.01124	0.00983	0.00281	0.01966	0.00702	0.00562	0.01264
24	0.02261	0.01938	0.02261	0.01615	0.02584	0.01453	0.01292	0.02745	0.02261	0.03553	0.01938	0.02261	0.01615	0.00807	0.00807	0.00161	0.00807	0.00646	0.00646	0.68346
25	0.02033	0.01016	0.01016	0.01016	0.01270	0.01016	0.00762	0.02541	0.02287	0.04065	0.03557	0.04065	0.02795	0.01270	0.00762	0.00254	0.00508	0.01016	0.67734	0.01016
26	0.03670	0.01984	0.02401	0.02017	0.02686	0.01998	0.01600	0.08941	0.18362	0.28500	0.04432	0.11615	0.03439	0.01670	0.01141	0.00361	0.00891	0.01404	0.01207	0.01682

[dist]
# distance from previous block
# <min> <max>
0	1

[block]
# block no. 2 follows, 12 sequences, length 50
# corresponding to MSA columns:
# 131-157,162-184
name=unknown_C
#
# <colnr> <probs for GDERKNQSTAVLIFYWHMCP>
#	G	D	E	R	K	N	Q	S	T	A	V	L	I	F	Y	W	H	M	C	P
0	0.02581	0.34547	0.16178	0.13128	0.07697	0.03453	0.02658	0.03222	0.02246	0.02870	0.01728	0.02151	0.01428	0.00987	0.00872	0.00288	0.01326	0.00731	0.00474	0.01433
1	0.01755	0.00997	0.01316	0.01316	0.01316	0.00997	0.00818	0.01495	0.01495	0.01993	0.02589	0.05036	0.02827	0.29879	0.04842	0.37982	0.00997	0.01235	0.00558	0.00558
2	0.07829	0.08211	0.14012	0.02206	0.03131	0.02429	0.02146	0.06920	0.02454	0.08534	0.02076	0.02367	0.01608	0.01122	0.01265	0.00292	0.09136	0.00780	0.00670	0.22813
3	0.46826	0.09638	0.02446	0.08845	0.02987	0.07787	0.01582	0.03267	0.02055	0.04140	0.01586	0.01929	0.01262	0.01023	0.00759	0.00323	0.01064	0.00647	0.00615	0.01219
4	0.01569	0.01114	0.01651	0.01683	0.01838	0.01253	0.01269	0.01830	0.01754	0.02486	0.03184	0.11280	0.03188	0.07051	0.43934	0.09609	0.02395	0.01384	0.00624	0.00902
5	0.02059	0.01938	0.03270	0.59060	0.07510	0.02422	0.03028	0.02786	0.02180	0.02786	0.01938	0.02907	0.01453	0.01090	0.01090	0.00363	0.01453	0.00969	0.00484	0.01211
6	0.03176	0.02875	0.12910	0.02314	0.03368	0.02106	0.05196	0.11848	0.02973	0.15672	0.02601	0.02696	0.01855	0.01065	0.00994	0.00277	0.01120	0.00875	0.00838	0.25242
7	0.01569	0.01122	0.01517	0.01517	0.01630	0.01235	0.01069	0.01796	0.01683	0.02357	0.03136	0.05477	0.03244	0.30569	0.35677	0.01461	0.02141	0.01343	0.00616	0.00843
8	0.01543	0.01115	0.01457	0.01372	0.01629	0.01029	0.01029	0.02058	0.03086	0.04372	0.54304	0.08145	0.10288	0.02229	0.01286	0.00343	0.00514	0.01972	0.01200	0.01029
9	0.01375	0.01108	0.01224	0.01195	0.01526	0.00957	0.00896	0.01732	0.02689	0.03429	0.25712	0.09697	0.39469	0.02581	0.01288	0.00360	0.00539	0.02190	0.01076	0.00957
10	0.41694	0.02145	0.02089	0.01719	0.02470	0.02300	0.01418	0.09646	0.02639	0.20728	0.02506	0.02470	0.01729	0.01152	0.00855	0.00336	0.00912	0.00793	0.00932	0.01469
11	0.02974	0.02414	0.02987	0.03293	0.16194	0.02632	0.02108	0.15893	0.21842	0.04808	0.03266	0.03359	0.02487	0.01280	0.01054	0.00333	0.01012	0.01077	0.09318	0.01669
12	0.01348	0.00964	0.01283	0.01505	0.01586	0.00899	0.01014	0.01569	0.02181	0.02932	0.10516	0.56040	0.07499	0.03305	0.01382	0.00433	0.00622	0.02994	0.01030	0.00899
13	0.02261	0.01938	0.02261	0.01615	0.02584	0.01453	0.01292	0.02745	0.02261	0.03553	0.01938	0.02261	0.01615	0.00807	0.00807	0.00161	0.00807	0.00646	0.00646	0.68346
14	0.16015	0.02637	0.05030	0.11303	0.05217	0.02649	0.34400	0.03339	0.02375	0.03680	0.02031	0.02700	0.01532	0.00961	0.01136	0.00361	0.01585	0.01103	0.00567	0.01377
15	0.01325	0.00961	0.01253	0.01486	0.01573	0.00888	0.00998	0.01522	0.02118	0.02796	0.06396	0.57095	0.10836	0.03366	0.01384	0.00437	0.00626	0.03038	0.01012	0.00888
16	0.02944	0.02145	0.03176	0.11288	0.14710	0.02240	0.05566	0.04182	0.16033	0.14785	0.03535	0.08765	0.02831	0.01430	0.01136	0.00359	0.01099	0.01288	0.00902	0.01585
17	0.02580	0.02492	0.03396	0.15358	0.19731	0.07411	0.02596	0.06323	0.02567	0.03463	0.08465	0.03290	0.02665	0.01382	0.01610	0.00362	0.13208	0.01070	0.00639	0.01392
18	0.01346	0.00963	0.01281	0.01506	0.01585	0.00898	0.01014	0.01563	0.02171	0.02916	0.10050	0.56550	0.07469	0.03317	0.01383	0.00434	0.00623	0.03005	0.01028	0.00898
19	0.02915	0.62337	0.05714	0.01866	0.02799	0.04314	0.01866	0.03265	0.02215	0.02565	0.01516	0.01749	0.01399	0.00933	0.00700	0.00233	0.01166	0.00583	0.00466	0.01399
20	0.69383	0.02109	0.01603	0.01434	0.02109	0.02446	0.01181	0.03205	0.01856	0.04892	0.01518	0.01771	0.01181	0.01012	0.00675	0.00337	0.00843	0.00590	0.00675	0.01181
21	0.02487	0.02777	0.10889	0.03906	0.17948	0.02362	0.12235	0.07559	0.07058	0.04083	0.13496	0.03966	0.03642	0.01311	0.01163	0.00344	0.01235	0.01249	0.00769	0.01522
22	0.03025	0.22071	0.21931	0.02475	0.03633	0.02833	0.05897	0.03749	0.02466	0.14356	0.02337	0.02473	0.01703	0.01048	0.00946	0.00298	0.01289	0.00821	0.00671	0.05976
23	0.01433	0.01110	0.01305	0.01256	0.01561	0.00982	0.00942	0.01844	0.02826	0.03755	0.35579	0.09161	0.29398	0.02460	0.01287	0.00354	0.00531	0.02114	0.01119	0.00982
24	0.02353	0.02033	0.02512	0.06268	0.09991	0.02260	0.01868	0.04292	0.31180	0.03906	0.04311	0.16791	0.03876	0.01827	0.01169	0.00380	0.00907	0.01606	0.00970	0.01502
25	0.02257	0.03271	0.20695	0.02336	0.03357	0.02144	0.02409	0.02965	0.02173	0.03359	0.01857	0.02296	0.01504	0.01075	0.01362	0.00278	0.11218	0.00753	0.00554	0.34136
26	0.03373	0.10081	0.09805	0.02258	0.03121	0.02816	0.02069	0.26707	0.03883	0.10043	0.11458	0.03527	0.03271	0.01392	0.01071	0.00322	0.01104	0.01093	0.00979	0.01627
27	0.02187	0.05640	0.56031	0.03108	0.04719	0.02532	0.04029	0.03453	0.02302	0.03453	0.01957	0.02302	0.01381	0.01036	0.01036	0.00345	0.01611	0.00806	0.00460	0.01611
28	0.02059	0.01938	0.03270	0.59060	0.07510	0.02422	0.03028	0.02786	0.02180	0.02786	0.01938	0.02907	0.01453	0.01090	0.01090	0.00363	0.01453	0.00969	0.00484	0.01211
29	0.01848	0.08774	0.02134	0.08600	0.02568	0.01748	0.01346	0.06559	0.02661	0.03246	0.07967	0.07752	0.36487	0.02196	0.01174	0.00347	0.00800	0.01804	0.00888	0.01102
30	0.10705	0.02226	0.09068	0.02089	0.02786	0.01791	0.06246	0.06284	0.02730	0.14575	0.11825	0.13162	0.08375	0.01795	0.01146	0.00360	0.00967	0.01550	0.00963	0.01355
31	0.04476	0.01842	0.02397	0.01867	0.02639	0.01665	0.01533	0.08468	0.03169	0.45445	0.04080	0.03672	0.02647	0.01336	0.01054	0.00326	0.00896	0.01078	0.09660	0.01750
32	0.03257	0.02071	0.06745	0.15769	0.07817	0.01823	0.02159	0.03794	0.02616	0.26419	0.03678	0.12868	0.02982	0.01580	0.01138	0.00361	0.01083	0.01368	0.00960	0.01514
33	0.02398	0.02494	0.05104	0.15820	0.05552	0.02476	0.34622	0.03227	0.02455	0.03410	0.02311	0.03069	0.01749	0.00998	0.01181	0.00353	0.01596	0.01186	0.08638	0.01360
34	0.02756	0.08224	0.23169	0.03075	0.04166	0.02691	0.13839	0.03898	0.08511	0.10106	0.02534	0.02805	0.01852	0.01168	0.01297	0.00355	0.06310	0.00999	0.00675	0.01573
35	0.01946	0.01276	0.01828	0.02208	0.08418	0.01196	0.01377	0.02245	0.02335	0.09370	0.08840	0.42889	0.06204	0.02773	0.01309	0.00408	0.00743	0.02509	0.01007	0.01119
36	0.02454	0.02365	0.02741	0.12250	0.09767	0.08734	0.01922	0.02976	0.02438	0.03371	0.05751	0.02818	0.02209	0.01020	0.00946	0.00244	0.01102	0.00845	0.00635	0.35412
37	0.02690	0.10185	0.13898	0.21161	0.05146	0.02769	0.09336	0.07961	0.05937	0.07134	0.02318	0.02762	0.01707	0.01101	0.01061	0.00340	0.01402	0.00962	0.00644	0.01484
38	0.01330	0.01020	0.01220	0.01352	0.01544	0.00910	0.00945	0.01577	0.02313	0.02965	0.11578	0.38042	0.25128	0.03080	0.01345	0.00407	0.00594	0.02715	0.01027	0.00910
39	0.02391	0.07725	0.20319	0.02743	0.03732	0.02568	0.10086	0.04032	0.18894	0.03870	0.09339	0.03669	0.03176	0.01304	0.01106	0.00348	0.01233	0.01150	0.00779	0.01538
40	0.03464	0.03662	0.27051	0.02703	0.03916	0.02125	0.07065	0.04312	0.02702	0.27440	0.03057	0.03006	0.02011	0.01170	0.01086	0.00344	0.01317	0.00982	0.00877	0.01711
41	0.07430	0.07563	0.08331	0.18129	0.04702	0.02530	0.09640	0.08161	0.02738	0.16453	0.02563	0.02860	0.01799	0.01126	0.01057	0.00340	0.01309	0.00978	0.00773	0.01518
42	0.01328	0.00949	0.01265	0.01518	0.01581	0.00886	0.01012	0.01518	0.02088	0.02783	0.06010	0.60969	0.07212	0.03416	0.01392	0.00443	0.00633	0.03100	0.01012	0.00886
43	0.02192	0.09800	0.12438	0.19983	0.10927	0.02471	0.02736	0.02857	0.02256	0.03034	0.02720	0.07766	0.02575	0.01542	0.01273	0.00373	0.04987	0.08157	0.00598	0.01314
44	0.02866	0.05913	0.06328	0.02991	0.14894	0.01975	0.02017	0.03593	0.07080	0.16963	0.07944	0.11148	0.08283	0.01670	0.01132	0.00347	0.00968	0.01445	0.00939	0.01504
45	0.02682	0.04040	0.33759	0.03153	0.10282	0.02188	0.03154	0.03515	0.02359	0.12263	0.02365	0.02716	0.01713	0.01414	0.01441	0.08532	0.01374	0.00894	0.00625	0.01531
46	0.01963	0.01145	0.01486	0.01521	0.01781	0.01031	0.01093	0.02243	0.02436	0.12095	0.12171	0.38407	0.12731	0.02835	0.01315	0.00403	0.00659	0.02519	0.01093	0.01074
47	0.02273	0.02044	0.09073	0.22836	0.04336	0.01769	0.02223	0.02832	0.02314	0.11320	0.03738	0.23211	0.03652	0.01936	0.01190	0.00385	0.01103	0.01712	0.00804	0.01251
48	0.03818	0.02883	0.13869	0.02563	0.03575	0.02158	0.08085	0.08120	0.07443	0.30706	0.03464	0.03285	0.02300	0.01243	0.01108	0.00345	0.01190	0.01064	0.01033	0.01748
49	0.02274	0.08766	0.34570	0.03571	0.14935	0.02499	0.03356	0.03248	0.02429	0.03520	0.08255	0.03049	0.02531	0.01158	0.01050	0.00332	0.01378	0.00965	0.00567	0.01550

[dist]
# distance from previous block
# <min> <max>
3	35

[block]
# block no. 3 follows, 12 sequences, length 27
# corresponding to MSA columns:
# 220-246
name=unknown_D
#
# <colnr> <probs for GDERKNQSTAVLIFYWHMCP>
#	G	D	E	R	K	N	Q	S	T	A	V	L	I	F	Y	W	H	M	C	P
0	0.32534	0.03354	0.20632	0.02265	0.03331	0.02367	0.05879	0.03250	0.02115	0.04118	0.01775	0.02105	0.01342	0.00986	0.00861	0.00319	0.01175	0.00723	0.00589	0.10280
1	0.02567	0.03383	0.19523	0.02752	0.03729	0.02496	0.07898	0.11087	0.02723	0.03919	0.02303	0.03174	0.01910	0.01291	0.01413	0.00337	0.09403	0.04363	0.00656	0.15072
2	0.02393	0.30359	0.03669	0.01893	0.02496	0.02887	0.01677	0.03201	0.10712	0.03068	0.03571	0.14162	0.03629	0.01838	0.01038	0.00342	0.00994	0.10011	0.00768	0.01292
3	0.13622	0.02443	0.09826	0.27064	0.04935	0.02355	0.02518	0.03161	0.02251	0.09055	0.05198	0.02987	0.02058	0.01243	0.01260	0.00363	0.06738	0.00956	0.00649	0.01317
4	0.01953	0.01647	0.02616	0.41401	0.05647	0.01975	0.02371	0.02569	0.02185	0.02999	0.02772	0.11142	0.02475	0.01442	0.01077	0.00356	0.01182	0.01272	0.11783	0.01134
5	0.02141	0.01801	0.02127	0.01574	0.02425	0.01383	0.01248	0.02631	0.02399	0.03690	0.10679	0.03243	0.03063	0.01045	0.00887	0.00192	0.00759	0.00867	0.00739	0.57109
6	0.01894	0.00947	0.01420	0.01420	0.01420	0.00947	0.00947	0.01420	0.01420	0.01894	0.01894	0.03314	0.01894	0.03788	0.04261	0.68277	0.00947	0.00947	0.00473	0.00473
7	0.02715	0.02092	0.01780	0.01609	0.02026	0.10862	0.01238	0.09824	0.06472	0.04257	0.03178	0.03514	0.02471	0.01266	0.00870	0.00277	0.00873	0.00975	0.42477	0.01225
8	0.03884	0.01887	0.02427	0.01815	0.02707	0.01545	0.01484	0.04330	0.02791	0.35679	0.03396	0.03156	0.02284	0.01142	0.00986	0.00270	0.00882	0.00924	0.01080	0.27332
9	0.04151	0.02502	0.10257	0.02895	0.11748	0.01896	0.02230	0.04728	0.02901	0.39715	0.03601	0.03347	0.02354	0.01243	0.01085	0.00336	0.01084	0.01035	0.01091	0.01800
10	0.02693	0.02425	0.03015	0.02548	0.03232	0.02718	0.08540	0.05475	0.45937	0.04413	0.04129	0.03912	0.03097	0.01402	0.01134	0.00370	0.00998	0.01240	0.01032	0.01690
11	0.02059	0.01938	0.03270	0.59060	0.07510	0.02422	0.03028	0.02786	0.02180	0.02786	0.01938	0.02907	0.01453	0.01090	0.01090	0.00363	0.01453	0.00969	0.00484	0.01211
12	0.01429	0.01097	0.01360	0.01365	0.01622	0.01028	0.01014	0.01797	0.02521	0.03359	0.24303	0.15617	0.23638	0.03568	0.10662	0.00601	0.00945	0.02106	0.01007	0.00963
13	0.02047	0.01990	0.10853	0.09810	0.03086	0.01469	0.01873	0.02521	0.02274	0.09923	0.04542	0.35521	0.04841	0.02422	0.01251	0.00402	0.00949	0.02155	0.00892	0.01181
14	0.02804	0.27823	0.27154	0.02512	0.03730	0.03385	0.02839	0.11355	0.02739	0.03670	0.01891	0.02134	0.01467	0.01040	0.00911	0.00298	0.01365	0.00746	0.00568	0.01567
15	0.02518	0.02653	0.03205	0.02662	0.02980	0.13483	0.10794	0.02819	0.02100	0.02638	0.02239	0.03854	0.02241	0.19822	0.03229	0.00594	0.19351	0.01158	0.00564	0.01096
16	0.01963	0.02524	0.13640	0.38104	0.05954	0.02188	0.02895	0.02710	0.02189	0.02921	0.02621	0.12476	0.02400	0.01467	0.01129	0.00373	0.01349	0.01292	0.00568	0.01238
17	0.02294	0.05106	0.45113	0.02891	0.04256	0.07521	0.03521	0.03386	0.02461	0.03479	0.07627	0.02906	0.02352	0.01174	0.01058	0.00339	0.01525	0.00923	0.00550	0.01515
18	0.02527	0.02440	0.11615	0.10573	0.09242	0.01937	0.04927	0.03293	0.05500	0.12116	0.04015	0.08170	0.07676	0.05943	0.01483	0.00418	0.01163	0.04768	0.00808	0.01387
19	0.02694	0.04215	0.36086	0.03033	0.07825	0.02221	0.03268	0.03670	0.02494	0.13379	0.02826	0.03688	0.02190	0.01306	0.01102	0.00359	0.01392	0.05958	0.00695	0.01600
20	0.02844	0.02340	0.03569	0.19380	0.14413	0.02639	0.06185	0.08087	0.08097	0.09345	0.02505	0.02985	0.01896	0.01259	0.01450	0.00366	0.09372	0.01035	0.00719	0.01514
21	0.02348	0.02167	0.05903	0.02456	0.03064	0.02054	0.10732	0.03837	0.21106	0.06890	0.07264	0.19208	0.04322	0.01905	0.01223	0.00384	0.01008	0.01754	0.00963	0.01413
22	0.03094	0.03043	0.06777	0.10953	0.12691	0.12728	0.09151	0.08744	0.02879	0.09278	0.02664	0.08182	0.02235	0.01321	0.01121	0.00341	0.01424	0.01169	0.00727	0.01477
23	0.03416	0.07780	0.14002	0.09231	0.07127	0.11689	0.05194	0.09131	0.02932	0.15365	0.02499	0.02686	0.01780	0.01140	0.01045	0.00325	0.01415	0.00912	0.00760	0.01574
24	0.03330	0.14159	0.23227	0.02571	0.03672	0.11899	0.02688	0.09110	0.02875	0.13043	0.02336	0.02444	0.01680	0.01120	0.00987	0.00312	0.01426	0.00823	0.00709	0.01589
25	0.03230	0.02234	0.02503	0.11597	0.03464	0.09210	0.01880	0.06456	0.07543	0.19288	0.03877	0.12184	0.03346	0.01753	0.01167	0.00369	0.01130	0.06360	0.00979	0.01430
26	0.02188	0.04207	0.34986	0.11174	0.10331	0.02396	0.06359	0.03220	0.02395	0.03461	0.06904	0.03017	0.02283	0.01142	0.01087	0.00347	0.01466	0.00985	0.00547	0.01505

[dist]
# distance from previous block
# <min> <max>
5	19

[block]
# block no. 4 follows, 12 sequences, length 11
# corresponding to MSA columns:
# 266-276
name=unknown_E
#
# <colnr> <probs for GDERKNQSTAVLIFYWHMCP>
#	G	D	E	R	K	N	Q	S	T	A	V	L	I	F	Y	W	H	M	C	P
0	0.03019	0.02857	0.13054	0.04069	0.24464	0.02263	0.02691	0.07551	0.02686	0.13870	0.02694	0.03366	0.02141	0.08585	0.01628	0.00421	0.01244	0.01042	0.00745	0.01610
1	0.02656	0.09650	0.03139	0.02565	0.09563	0.02452	0.01838	0.09444	0.09044	0.03984	0.05924	0.02947	0.02443	0.01162	0.01113	0.00272	0.04674	0.00910	0.00753	0.25467
2	0.02527	0.09552	0.06404	0.01802	0.02700	0.01887	0.01596	0.03031	0.02285	0.08812	0.02261	0.02609	0.01827	0.01824	0.07955	0.00402	0.01186	0.00763	0.00678	0.39901
3	0.02203	0.01556	0.02232	0.19202	0.03676	0.01606	0.01729	0.02661	0.02301	0.09514	0.09464	0.09530	0.03696	0.09812	0.06394	0.00542	0.01177	0.01356	0.00783	0.10567
4	0.02110	0.01981	0.03284	0.45007	0.12772	0.02397	0.02890	0.02760	0.02180	0.02873	0.02197	0.06798	0.01878	0.01285	0.01266	0.00371	0.05056	0.01113	0.00527	0.01253
5	0.02480	0.13761	0.28049	0.02804	0.03934	0.02711	0.09086	0.03312	0.02344	0.06835	0.02879	0.03158	0.06440	0.01259	0.01253	0.00342	0.06289	0.01002	0.00588	0.01476
6	0.22076	0.11205	0.02864	0.14315	0.03565	0.02605	0.01816	0.09364	0.02589	0.10517	0.02281	0.02576	0.01696	0.01120	0.00882	0.00318	0.01051	0.00824	0.06961	0.01373
7	0.01623	0.01160	0.01463	0.08650	0.02037	0.01217	0.00997	0.01734	0.01708	0.02261	0.03478	0.11503	0.03938	0.48586	0.04598	0.00912	0.01069	0.01645	0.00670	0.00752
8	0.02334	0.12615	0.09456	0.01769	0.02721	0.02022	0.01666	0.02897	0.02262	0.03437	0.02076	0.02410	0.01700	0.00917	0.00812	0.00209	0.00932	0.00703	0.09206	0.39856
9	0.02700	0.07145	0.24327	0.02272	0.03388	0.02050	0.02471	0.03486	0.02546	0.13782	0.08852	0.03257	0.02791	0.01191	0.01010	0.00298	0.01145	0.00959	0.00766	0.15565
10	0.01342	0.00988	0.01258	0.01441	0.01569	0.00904	0.00985	0.01575	0.02242	0.02956	0.11269	0.48274	0.14788	0.03205	0.01366	0.00422	0.00609	0.02872	0.01030	0.00904

[dist]
# distance from previous block
# <min> <max>
2	12

[block]
# block no. 5 follows, 12 sequences, length 10
# corresponding to MSA columns:
# 289-298
name=unknown_F
#
# <colnr> <probs for GDERKNQSTAVLIFYWHMCP>
#	G	D	E	R	K	N	Q	S	T	A	V	L	I	F	Y	W	H	M	C	P
0	0.32846	0.06563	0.01893	0.01500	0.02037	0.02082	0.01204	0.02931	0.07350	0.04103	0.09144	0.10055	0.11198	0.01694	0.00952	0.00348	0.00771	0.01318	0.00843	0.01168
1	0.08351	0.21803	0.21066	0.02469	0.03595	0.03002	0.05718	0.06975	0.02580	0.11601	0.02211	0.02372	0.01625	0.01062	0.00934	0.00309	0.01294	0.00809	0.00666	0.01557
2	0.02936	0.23687	0.03729	0.09894	0.03382	0.02871	0.01859	0.10350	0.02842	0.09002	0.08079	0.03038	0.02647	0.01184	0.00934	0.00279	0.01064	0.00915	0.00760	0.10548
3	0.01555	0.01189	0.01432	0.01333	0.01662	0.01045	0.00981	0.01946	0.02660	0.03654	0.30857	0.11629	0.18634	0.07231	0.01595	0.00395	0.00610	0.01943	0.01036	0.08611
4	0.01969	0.01702	0.02715	0.09931	0.21428	0.01779	0.02117	0.02407	0.02133	0.02959	0.03316	0.18038	0.03453	0.08051	0.12378	0.00695	0.01440	0.01595	0.00671	0.01223
5	0.02574	0.02941	0.06434	0.04596	0.05699	0.02757	0.50919	0.03493	0.02574	0.03493	0.02206	0.02941	0.01654	0.00919	0.01287	0.00368	0.01838	0.01287	0.00551	0.01471
6	0.02372	0.02044	0.03294	0.10938	0.33094	0.02090	0.02545	0.02986	0.02470	0.03660	0.07687	0.03558	0.02789	0.01175	0.01037	0.00316	0.01073	0.01083	0.14338	0.01452
7	0.04073	0.05197	0.03090	0.02809	0.03371	0.57303	0.02107	0.04354	0.03090	0.02669	0.01685	0.01966	0.01404	0.01124	0.00983	0.00281	0.01966	0.00702	0.00562	0.01264
8	0.02247	0.05223	0.48364	0.03338	0.04871	0.02567	0.11277	0.03459	0.02344	0.03459	0.01995	0.02401	0.01423	0.01018	0.01075	0.00349	0.01646	0.00880	0.00474	0.01590
9	0.55853	0.02188	0.01841	0.01562	0.02287	0.02440	0.01283	0.08069	0.02231	0.04958	0.01674	0.01908	0.01294	0.01022	0.00731	0.00318	0.00876	0.00636	0.00714	0.08115

[dist]
# distance from previous block
# <min> <max>
0	5

[block]
# block no. 6 follows, 12 sequences, length 9
# corresponding to MSA columns:
# 304-312
name=unknown_G
#
# <colnr> <probs for GDERKNQSTAVLIFYWHMCP>
#	G	D	E	R	K	N	Q	S	T	A	V	L	I	F	Y	W	H	M	C	P
0	0.19648	0.13258	0.04156	0.07810	0.21489	0.02878	0.09536	0.03278	0.02267	0.03657	0.01834	0.02342	0.01499	0.00975	0.00939	0.00320	0.01248	0.00851	0.00559	0.01455
1	0.01937	0.01056	0.01481	0.01466	0.01554	0.01059	0.01000	0.01785	0.01669	0.05636	0.02857	0.09618	0.02934	0.14624	0.11067	0.36419	0.01198	0.01305	0.00631	0.00704
2	0.02448	0.18617	0.29179	0.08295	0.08685	0.02981	0.03127	0.03556	0.07077	0.03287	0.02090	0.02425	0.01607	0.01052	0.00969	0.00320	0.01389	0.00821	0.00532	0.01543
3	0.01583	0.01069	0.01247	0.01247	0.01268	0.01089	0.00733	0.01623	0.01603	0.02157	0.03382	0.06841	0.03836	0.56152	0.10904	0.01129	0.01250	0.01542	0.00653	0.00693
4	0.02818	0.02283	0.03118	0.26179	0.09732	0.02617	0.02465	0.11723	0.16111	0.07469	0.02873	0.03199	0.02120	0.01234	0.01095	0.00354	0.01207	0.01049	0.00810	0.01543
5	0.01396	0.00997	0.01343	0.01595	0.01688	0.00944	0.01129	0.01635	0.02154	0.02859	0.05972	0.53318	0.07064	0.03352	0.01410	0.00452	0.00691	0.10086	0.01011	0.00904
6	0.11365	0.22125	0.16561	0.02428	0.03432	0.02993	0.08589	0.03421	0.07009	0.03427	0.02812	0.03016	0.06182	0.01176	0.00943	0.00316	0.01235	0.00939	0.00611	0.01419
7	0.02701	0.25040	0.31501	0.02596	0.03873	0.03266	0.03016	0.09735	0.02647	0.03598	0.01891	0.02151	0.01450	0.01036	0.00926	0.00304	0.01402	0.00752	0.00546	0.01570
8	0.16702	0.08074	0.10150	0.02323	0.03259	0.03160	0.02139	0.31447	0.03865	0.05672	0.02222	0.02337	0.01621	0.01183	0.00969	0.00324	0.01181	0.00848	0.00873	0.01651

[dist]
# distance from previous block
# <min> <max>
0	6

[block]
# block no. 7 follows, 12 sequences, length 52
# corresponding to MSA columns:
# 319-370
name=unknown_H
#
# <colnr> <probs for GDERKNQSTAVLIFYWHMCP>
#	G	D	E	R	K	N	Q	S	T	A	V	L	I	F	Y	W	H	M	C	P
0	0.07950	0.53339	0.05171	0.01840	0.02747	0.03972	0.01795	0.03415	0.02257	0.06747	0.01727	0.01899	0.01481	0.00970	0.00728	0.00249	0.01124	0.00622	0.00548	0.01418
1	0.41028	0.07076	0.07172	0.01712	0.02553	0.02364	0.01568	0.03455	0.02143	0.11135	0.01980	0.02137	0.01472	0.01027	0.00783	0.00308	0.00946	0.00684	0.00724	0.09731
2	0.03322	0.02815	0.02837	0.05694	0.03191	0.13466	0.01978	0.11092	0.11496	0.11779	0.03008	0.07536	0.02471	0.01577	0.01569	0.00367	0.12308	0.01150	0.00871	0.01475
3	0.03515	0.06316	0.02813	0.02082	0.02798	0.02595	0.01709	0.24772	0.10474	0.13744	0.09598	0.03729	0.03282	0.01425	0.01068	0.00325	0.00972	0.01134	0.06007	0.01642
4	0.01358	0.01043	0.01244	0.01329	0.01550	0.00929	0.00945	0.01649	0.02450	0.03180	0.18094	0.30529	0.25946	0.02916	0.01330	0.00393	0.00577	0.02557	0.01052	0.00929
5	0.02303	0.07025	0.15747	0.02210	0.02956	0.01981	0.05195	0.02923	0.02522	0.09906	0.13826	0.09729	0.10817	0.01792	0.01350	0.00359	0.05709	0.01488	0.00842	0.01318
6	0.01328	0.00949	0.01265	0.01518	0.01581	0.00886	0.01012	0.01518	0.02088	0.02783	0.06010	0.60969	0.07212	0.03416	0.01392	0.00443	0.00633	0.03100	0.01012	0.00886
7	0.02575	0.24938	0.27315	0.10041	0.04311	0.03210	0.02986	0.06910	0.02469	0.03310	0.01849	0.02211	0.01433	0.01027	0.00929	0.00307	0.01402	0.00762	0.00513	0.01502
8	0.01535	0.01094	0.01380	0.01335	0.01587	0.01007	0.00991	0.02002	0.02900	0.04096	0.43154	0.12209	0.13641	0.02307	0.01260	0.00347	0.00527	0.02027	0.05596	0.01007
9	0.02976	0.07179	0.08153	0.03472	0.11732	0.02811	0.08911	0.03497	0.02296	0.13332	0.02244	0.02714	0.01750	0.01374	0.01966	0.00382	0.22062	0.00989	0.00666	0.01494
10	0.01448	0.01089	0.01340	0.01323	0.01582	0.00981	0.00975	0.01856	0.02794	0.03786	0.36497	0.16036	0.21239	0.02530	0.01301	0.00363	0.00540	0.02212	0.01126	0.00981
11	0.60486	0.02086	0.01690	0.01458	0.02172	0.02314	0.01196	0.03144	0.01909	0.04715	0.01574	0.01836	0.01238	0.00985	0.00692	0.00314	0.00839	0.00598	0.00671	0.10083
12	0.02469	0.02332	0.03826	0.25206	0.32935	0.02541	0.03081	0.03371	0.07046	0.03374	0.02231	0.02901	0.01777	0.01061	0.01086	0.00342	0.01312	0.00995	0.00573	0.01541
13	0.01754	0.01444	0.01937	0.01814	0.01918	0.01742	0.01372	0.01981	0.01750	0.02472	0.03440	0.05201	0.07545	0.21644	0.23216	0.01093	0.16785	0.01340	0.00619	0.00934
14	0.01432	0.01045	0.01310	0.01457	0.01606	0.00976	0.01036	0.01681	0.02231	0.02923	0.10638	0.34135	0.14976	0.10871	0.01932	0.00511	0.00715	0.08652	0.00981	0.00890
15	0.03162	0.54769	0.05315	0.01875	0.02797	0.03975	0.01833	0.03521	0.02329	0.09206	0.01864	0.01995	0.01562	0.00985	0.00749	0.00246	0.01136	0.00647	0.00577	0.01456
16	0.02826	0.02399	0.02530	0.02242	0.02879	0.02765	0.01754	0.09423	0.49094	0.04746	0.04293	0.03952	0.03211	0.01466	0.01108	0.00366	0.00890	0.01213	0.01108	0.01736
17	0.03966	0.02965	0.03171	0.02472	0.03313	0.03298	0.02029	0.45557	0.11105	0.06583	0.02846	0.02799	0.02039	0.01330	0.01093	0.00333	0.01158	0.01013	0.01093	0.01838
18	0.01927	0.01661	0.08292	0.01775	0.02140	0.01191	0.01471	0.02284	0.02257	0.10156	0.05267	0.45731	0.05860	0.02833	0.01306	0.00416	0.00796	0.02536	0.00990	0.01110
19	0.01376	0.01117	0.01226	0.01224	0.01560	0.00967	0.00935	0.01720	0.02618	0.03279	0.20130	0.10104	0.41515	0.02662	0.01303	0.00372	0.00575	0.05313	0.01053	0.00950
20	0.02532	0.18861	0.11273	0.03785	0.16079	0.03013	0.12081	0.03157	0.02300	0.03121	0.02178	0.06956	0.01982	0.01236	0.01269	0.00334	0.06766	0.01073	0.00544	0.01460
21	0.02774	0.01564	0.01968	0.01699	0.02200	0.01511	0.01331	0.03730	0.12215	0.19967	0.29999	0.06053	0.06711	0.01825	0.01196	0.00346	0.00704	0.01571	0.01229	0.01407
22	0.02824	0.55243	0.12010	0.02021	0.03039	0.04091	0.02136	0.03288	0.02226	0.02676	0.01571	0.01818	0.01397	0.00946	0.00742	0.00247	0.01222	0.00611	0.00466	0.01426
23	0.01641	0.01183	0.01404	0.01352	0.01643	0.01128	0.01011	0.02289	0.06585	0.04010	0.33633	0.10755	0.16123	0.02205	0.01210	0.00343	0.00553	0.01911	0.09969	0.01053
24	0.02331	0.02481	0.04819	0.08492	0.04700	0.02626	0.29637	0.02989	0.02275	0.03148	0.02484	0.10074	0.02282	0.01469	0.01799	0.00401	0.14682	0.01411	0.00587	0.01313
25	0.02571	0.02140	0.02423	0.01815	0.02724	0.01879	0.01454	0.09584	0.09463	0.04129	0.02365	0.02552	0.01878	0.00964	0.00886	0.00212	0.00867	0.00770	0.00767	0.50559
26	0.07446	0.02663	0.10015	0.22025	0.09473	0.02539	0.02634	0.10131	0.09927	0.03965	0.02673	0.03582	0.02151	0.01303	0.01087	0.00362	0.01260	0.04590	0.00716	0.01458
27	0.01983	0.01349	0.01773	0.01691	0.01930	0.01437	0.01281	0.02253	0.02128	0.09297	0.05345	0.18391	0.14555	0.08826	0.13940	0.00751	0.09312	0.01843	0.00859	0.01056
28	0.01524	0.01114	0.01431	0.01352	0.01617	0.01021	0.01014	0.02020	0.03041	0.04265	0.51035	0.08322	0.13624	0.02269	0.01286	0.00345	0.00517	0.01997	0.01186	0.01021
29	0.02161	0.02137	0.03899	0.48242	0.07150	0.02489	0.12541	0.02926	0.02258	0.02926	0.01991	0.02914	0.01493	0.01056	0.01129	0.00364	0.01530	0.01032	0.00498	0.01263
30	0.01422	0.01021	0.01349	0.01454	0.01602	0.00948	0.01019	0.01754	0.02525	0.03479	0.27156	0.37839	0.08559	0.02896	0.01345	0.00399	0.00581	0.02606	0.01095	0.00948
31	0.01562	0.01229	0.01804	0.02401	0.10675	0.01177	0.01410	0.01830	0.02155	0.02916	0.05334	0.51027	0.06276	0.02999	0.01338	0.00423	0.00746	0.02737	0.00932	0.01029
32	0.01835	0.01210	0.01369	0.01271	0.01684	0.01035	0.00974	0.02177	0.02689	0.10487	0.18447	0.09106	0.38798	0.02464	0.01262	0.00359	0.00597	0.02072	0.01095	0.01070
33	0.02838	0.02607	0.04207	0.09542	0.45384	0.02679	0.03166	0.09303	0.02794	0.03926	0.02115	0.02702	0.01725	0.01021	0.01082	0.00327	0.01294	0.00973	0.00605	0.01710
34	0.69383	0.02109	0.01603	0.01434	0.02109	0.02446	0.01181	0.03205	0.01856	0.04892	0.01518	0.01771	0.01181	0.01012	0.00675	0.00337	0.00843	0.00590	0.00675	0.01181
35	0.02295	0.03271	0.19581	0.23567	0.18996	0.02574	0.03365	0.03125	0.02258	0.03183	0.01934	0.02626	0.01503	0.01107	0.01269	0.00356	0.06109	0.00919	0.00491	0.01469
36	0.01386	0.00990	0.01331	0.01584	0.01673	0.00935	0.01112	0.01618	0.02144	0.02848	0.05978	0.54413	0.07085	0.03362	0.01407	0.00451	0.00683	0.09086	0.01011	0.00902
37	0.01328	0.00949	0.01265	0.01518	0.01581	0.00886	0.01012	0.01518	0.02088	0.02783	0.06010	0.60969	0.07212	0.03416	0.01392	0.00443	0.00633	0.03100	0.01012	0.00886
38	0.02532	0.02432	0.04623	0.03444	0.04266	0.02353	0.31436	0.09077	0.02790	0.03899	0.02944	0.10743	0.02570	0.01346	0.01205	0.00357	0.01419	0.01452	0.09730	0.01380
39	0.01328	0.00949	0.01265	0.01518	0.01581	0.00886	0.01012	0.01518	0.02088	0.02783	0.06010	0.60969	0.07212	0.03416	0.01392	0.00443	0.00633	0.03100	0.01012	0.00886
40	0.02516	0.02157	0.06667	0.10414	0.12139	0.02088	0.02220	0.03266	0.06774	0.10937	0.10048	0.11432	0.03791	0.01703	0.01465	0.00374	0.08362	0.01416	0.00836	0.01395
41	0.01363	0.00963	0.01255	0.01475	0.01529	0.00908	0.00966	0.01527	0.02021	0.02695	0.05668	0.53834	0.06781	0.11139	0.01943	0.00524	0.00689	0.02899	0.00966	0.00856
42	0.02436	0.02041	0.02355	0.01698	0.02658	0.01632	0.01364	0.07239	0.02527	0.03861	0.02001	0.02294	0.01637	0.00854	0.00834	0.00177	0.00844	0.00677	0.00687	0.62185
43	0.02613	0.10678	0.21666	0.02332	0.03188	0.02442	0.02468	0.03312	0.02357	0.10553	0.06529	0.03143	0.02474	0.01342	0.01419	0.00340	0.11135	0.00965	0.09624	0.01421
44	0.02255	0.05236	0.49191	0.03583	0.11368	0.02540	0.03938	0.03439	0.02326	0.03468	0.01969	0.02355	0.01427	0.01027	0.01042	0.00342	0.01570	0.00828	0.00471	0.01627
45	0.07342	0.01199	0.01442	0.01356	0.01658	0.01142	0.01026	0.02117	0.02933	0.04303	0.46322	0.07786	0.13032	0.02167	0.01234	0.00344	0.00546	0.01880	0.01140	0.01033
46	0.08393	0.02057	0.03025	0.25918	0.15669	0.02283	0.02448	0.06923	0.02547	0.08509	0.02401	0.02962	0.01803	0.01122	0.01012	0.00334	0.01180	0.00956	0.09055	0.01405
47	0.02339	0.02536	0.09515	0.02023	0.02934	0.01973	0.01823	0.03349	0.10857	0.03632	0.02324	0.02585	0.01861	0.01047	0.01127	0.00248	0.05974	0.00794	0.00686	0.42374
48	0.13827	0.44847	0.11702	0.01959	0.02939	0.03769	0.02039	0.03280	0.02167	0.03068	0.01575	0.01826	0.01361	0.00960	0.00740	0.00265	0.01172	0.00614	0.00500	0.01391
49	0.04137	0.02057	0.02638	0.06942	0.03246	0.02042	0.01787	0.08777	0.13558	0.36671	0.03996	0.03631	0.02657	0.01351	0.01098	0.00346	0.00981	0.01105	0.01205	0.01773
50	0.03862	0.02110	0.02431	0.01925	0.02628	0.02150	0.01570	0.22630	0.03693	0.23203	0.03449	0.03373	0.02392	0.01313	0.01008	0.00312	0.00926	0.01031	0.18353	0.01639
51	0.02610	0.01973	0.02569	0.09649	0.09976	0.02125	0.01897	0.07870	0.16865	0.08406	0.15080	0.04528	0.04273	0.01497	0.01117	0.00343	0.00924	0.01288	0.05535	0.01474

[dist]
# distance from previous block
# <min> <max>
0	118

# created by:
# /st0/software/busco_prod/Augustus/scripts/msa2prfl.pl ./align_prep/6190.fa
