[name]
unknown

[dist]
# distance from previous block
# <min> <max>
0	14

[block]
# block no. 0 follows, 15 sequences, length 126
# corresponding to MSA columns:
# 14-139
name=unknown_A
#
# <colnr> <probs for GDERKNQSTAVLIFYWHMCP>
#	G	D	E	R	K	N	Q	S	T	A	V	L	I	F	Y	W	H	M	C	P
0	0.02351	0.01968	0.03281	0.36971	0.24147	0.02190	0.02733	0.02962	0.02177	0.08692	0.02031	0.02669	0.01533	0.00984	0.00994	0.00317	0.01230	0.00899	0.00542	0.01330
1	0.08560	0.00978	0.01189	0.01380	0.01496	0.00958	0.00941	0.01548	0.01887	0.02745	0.05068	0.57810	0.06021	0.02895	0.01204	0.00395	0.00598	0.02596	0.00893	0.00838
2	0.02362	0.02223	0.03739	0.05597	0.52764	0.02223	0.02805	0.02892	0.02185	0.03119	0.02007	0.02888	0.01791	0.07537	0.01411	0.00366	0.01162	0.00946	0.00505	0.01478
3	0.45704	0.09116	0.02244	0.05724	0.02568	0.14803	0.01436	0.03132	0.01989	0.03694	0.01446	0.01725	0.01160	0.00944	0.00704	0.00289	0.01056	0.00584	0.00564	0.01118
4	0.02598	0.02616	0.03920	0.05751	0.52971	0.08448	0.02942	0.03155	0.02328	0.03172	0.01840	0.02398	0.01548	0.00903	0.00978	0.00292	0.01248	0.00863	0.00496	0.01535
5	0.02268	0.02259	0.04167	0.08899	0.34987	0.02237	0.16761	0.02888	0.02236	0.03118	0.02282	0.08957	0.02065	0.01115	0.01068	0.00321	0.01264	0.01167	0.00538	0.01405
6	0.02164	0.01708	0.02002	0.01461	0.02296	0.01301	0.01168	0.02588	0.02137	0.07073	0.02566	0.02742	0.05954	0.00911	0.00791	0.00173	0.00728	0.00736	0.00661	0.60841
7	0.02003	0.01688	0.01966	0.01436	0.02230	0.01291	0.01121	0.02400	0.02003	0.03112	0.01914	0.02530	0.01699	0.07402	0.01188	0.00233	0.00762	0.00680	0.00592	0.63749
8	0.02345	0.08884	0.41331	0.02420	0.03593	0.02180	0.02896	0.03209	0.02137	0.10969	0.02203	0.02707	0.01680	0.07623	0.01360	0.00374	0.01300	0.00833	0.00556	0.01400
9	0.65000	0.01904	0.01553	0.01359	0.01992	0.02156	0.01120	0.03130	0.01817	0.10176	0.01652	0.01803	0.01224	0.00957	0.00657	0.00308	0.00779	0.00588	0.00681	0.01144
10	0.01704	0.00887	0.01230	0.01230	0.01254	0.00887	0.00810	0.01427	0.01403	0.01967	0.02095	0.03611	0.02093	0.12199	0.03736	0.53434	0.00839	0.00958	0.07728	0.00509
11	0.02352	0.26577	0.30179	0.08589	0.03858	0.02950	0.02747	0.06629	0.02242	0.03014	0.01682	0.01998	0.01305	0.00935	0.00844	0.00279	0.01285	0.00689	0.00465	0.01380
12	0.01840	0.01276	0.01793	0.01736	0.02003	0.01238	0.04845	0.07434	0.02327	0.07418	0.04798	0.45295	0.05357	0.02594	0.01223	0.00385	0.00752	0.05742	0.00927	0.01015
13	0.01300	0.01184	0.01515	0.01341	0.01747	0.01016	0.06399	0.01614	0.02281	0.02745	0.09260	0.08878	0.52446	0.02350	0.01178	0.00337	0.00627	0.02008	0.00882	0.00894
14	0.01942	0.04722	0.53708	0.02659	0.03980	0.02175	0.03364	0.02980	0.02037	0.03030	0.01929	0.02563	0.01508	0.07590	0.01375	0.00383	0.01421	0.00811	0.00440	0.01383
15	0.02282	0.13074	0.33734	0.02656	0.03795	0.02605	0.08305	0.06854	0.02265	0.03226	0.01764	0.02115	0.01342	0.00979	0.01073	0.00297	0.05569	0.00762	0.00487	0.06817
16	0.02273	0.01453	0.01779	0.01535	0.01953	0.01437	0.01200	0.10082	0.07258	0.12421	0.38302	0.05860	0.06823	0.01750	0.01113	0.00313	0.00638	0.01507	0.01097	0.01206
17	0.01216	0.01011	0.01063	0.01050	0.01370	0.00858	0.00787	0.01504	0.02362	0.02906	0.17963	0.09243	0.50345	0.02445	0.01178	0.00333	0.00499	0.02055	0.00954	0.00858
18	0.02045	0.09314	0.56044	0.02763	0.04194	0.02427	0.03547	0.03145	0.02099	0.03101	0.01761	0.02070	0.01264	0.00941	0.00926	0.00309	0.01445	0.00723	0.00421	0.01460
19	0.02614	0.60881	0.09455	0.01794	0.02695	0.03818	0.01859	0.02998	0.02032	0.02408	0.01417	0.01638	0.01278	0.00860	0.00663	0.00221	0.01098	0.00549	0.00426	0.01294
20	0.01450	0.00966	0.01087	0.01087	0.01087	0.00966	0.00604	0.01450	0.01450	0.01933	0.03141	0.06524	0.03624	0.64965	0.05074	0.00966	0.00966	0.01450	0.00604	0.00604
21	0.01999	0.05157	0.59800	0.02841	0.04315	0.02315	0.03683	0.03157	0.02105	0.03157	0.01789	0.02105	0.01263	0.00947	0.00947	0.00316	0.01473	0.00737	0.00421	0.01473
22	0.02753	0.02620	0.04754	0.03504	0.04354	0.06395	0.37074	0.03568	0.05724	0.11369	0.02344	0.02762	0.01717	0.00998	0.01254	0.00333	0.05366	0.01092	0.00638	0.01381
23	0.02353	0.02689	0.05882	0.04202	0.05210	0.02521	0.55126	0.03193	0.02353	0.03193	0.02017	0.02689	0.01513	0.00840	0.01176	0.00336	0.01681	0.01176	0.00504	0.01345
24	0.01496	0.01069	0.01480	0.01710	0.01891	0.01052	0.01415	0.01875	0.02186	0.02860	0.05339	0.26168	0.05978	0.02858	0.01348	0.00444	0.00822	0.38201	0.00920	0.00888
25	0.02334	0.02233	0.03806	0.18971	0.46935	0.02334	0.02993	0.02943	0.02207	0.03095	0.01852	0.02511	0.01522	0.00913	0.00989	0.00304	0.01217	0.00888	0.00482	0.01472
26	0.02438	0.44908	0.23887	0.02094	0.03159	0.03387	0.02382	0.03044	0.02053	0.02623	0.01524	0.01772	0.01274	0.00885	0.00745	0.00248	0.01205	0.00603	0.00425	0.01346
27	0.04473	0.01697	0.02313	0.01774	0.02545	0.01465	0.01465	0.04858	0.02853	0.59437	0.03933	0.03393	0.02468	0.01234	0.01003	0.00308	0.00848	0.01003	0.01234	0.01697
28	0.01411	0.01019	0.01333	0.01254	0.01489	0.00941	0.00941	0.01881	0.02822	0.03998	0.58221	0.07447	0.09406	0.02038	0.01176	0.00314	0.00470	0.01803	0.01097	0.00941
29	0.08776	0.04037	0.02717	0.02381	0.02963	0.43736	0.01829	0.11914	0.03032	0.07003	0.01822	0.01984	0.01412	0.01060	0.00900	0.00271	0.01551	0.00698	0.00644	0.01270
30	0.01999	0.05157	0.59800	0.02841	0.04315	0.02315	0.03683	0.03157	0.02105	0.03157	0.01789	0.02105	0.01263	0.00947	0.00947	0.00316	0.01473	0.00737	0.00421	0.01473
31	0.02150	0.18815	0.47460	0.02585	0.03918	0.02684	0.03236	0.03118	0.02087	0.02974	0.01698	0.01990	0.01267	0.00926	0.00878	0.00293	0.01381	0.00691	0.00422	0.01429
32	0.02218	0.02176	0.02956	0.02545	0.02614	0.02983	0.02107	0.02754	0.08307	0.02616	0.01645	0.02369	0.01521	0.01697	0.02995	0.00424	0.55512	0.00904	0.00507	0.01150
33	0.02288	0.11135	0.47187	0.02657	0.03983	0.02579	0.03259	0.09534	0.02412	0.03455	0.01821	0.02088	0.01317	0.00968	0.00921	0.00303	0.01385	0.00735	0.00492	0.01480
34	0.72007	0.01928	0.01465	0.01311	0.01928	0.02236	0.01080	0.02930	0.01697	0.04473	0.01388	0.01619	0.01080	0.00925	0.00617	0.00308	0.00771	0.00540	0.00617	0.01080
35	0.02427	0.02327	0.03973	0.10018	0.55163	0.02358	0.03039	0.03024	0.02251	0.03208	0.01868	0.02480	0.01562	0.00896	0.00988	0.00299	0.01194	0.00888	0.00490	0.01547
36	0.01883	0.01772	0.02990	0.62569	0.06866	0.02215	0.02769	0.02547	0.01993	0.02547	0.01772	0.02658	0.01329	0.00997	0.00997	0.00332	0.01329	0.00886	0.00443	0.01107
37	0.02335	0.02234	0.03808	0.18883	0.47016	0.02334	0.02994	0.02944	0.02207	0.03096	0.01852	0.02510	0.01523	0.00913	0.00989	0.00304	0.01217	0.00888	0.00482	0.01472
38	0.03505	0.04012	0.02673	0.02405	0.02945	0.44942	0.01824	0.04313	0.14307	0.06270	0.02220	0.02302	0.01729	0.01109	0.00930	0.00277	0.01526	0.00767	0.00664	0.01278
39	0.01999	0.05157	0.59800	0.02841	0.04315	0.02315	0.03683	0.03157	0.02105	0.03157	0.01789	0.02105	0.01263	0.00947	0.00947	0.00316	0.01473	0.00737	0.00421	0.01473
40	0.01678	0.01288	0.01531	0.01595	0.01818	0.01344	0.01140	0.05991	0.14544	0.03170	0.04956	0.46352	0.05454	0.02590	0.01195	0.00382	0.00662	0.02315	0.00950	0.01044
41	0.08175	0.02276	0.02365	0.02035	0.02657	0.02603	0.01613	0.16789	0.40490	0.04686	0.03463	0.03248	0.02577	0.01283	0.00980	0.00327	0.00859	0.01028	0.00980	0.01567
42	0.01732	0.00866	0.01299	0.01299	0.01299	0.00866	0.00866	0.01299	0.01299	0.01732	0.01732	0.03030	0.01732	0.03463	0.03896	0.70996	0.00866	0.00866	0.00433	0.00433
43	0.02255	0.02152	0.03663	0.26616	0.39909	0.02313	0.02954	0.02873	0.02170	0.02999	0.01838	0.02536	0.01488	0.00928	0.00990	0.00309	0.01237	0.00887	0.00475	0.01408
44	0.01207	0.01011	0.01049	0.01040	0.01364	0.00854	0.00780	0.01486	0.02339	0.02853	0.15986	0.09331	0.52355	0.02465	0.01178	0.00334	0.00501	0.02067	0.00947	0.00854
45	0.02324	0.02354	0.02940	0.02542	0.02646	0.06983	0.02090	0.02863	0.08397	0.02619	0.01661	0.02343	0.01519	0.01647	0.02832	0.00412	0.51275	0.00888	0.00512	0.01155
46	0.01883	0.01772	0.02990	0.62569	0.06866	0.02215	0.02769	0.02547	0.01993	0.02547	0.01772	0.02658	0.01329	0.00997	0.00997	0.00332	0.01329	0.00886	0.00443	0.01107
47	0.01212	0.00947	0.01100	0.01197	0.01402	0.00835	0.00846	0.01447	0.02153	0.02728	0.11779	0.33805	0.31495	0.02754	0.01220	0.00365	0.00535	0.02406	0.00939	0.00835
48	0.02181	0.02181	0.03053	0.02617	0.02617	0.03053	0.02181	0.02399	0.01527	0.02399	0.01309	0.02181	0.01309	0.01745	0.03272	0.00436	0.63141	0.00872	0.00436	0.01091
49	0.01732	0.00866	0.01299	0.01299	0.01299	0.00866	0.00866	0.01299	0.01299	0.01732	0.01732	0.03030	0.01732	0.03463	0.03896	0.70996	0.00866	0.00866	0.00433	0.00433
50	0.01999	0.05157	0.59800	0.02841	0.04315	0.02315	0.03683	0.03157	0.02105	0.03157	0.01789	0.02105	0.01263	0.00947	0.00947	0.00316	0.01473	0.00737	0.00421	0.01473
51	0.02467	0.02369	0.04046	0.06119	0.58747	0.02369	0.03059	0.03059	0.02270	0.03257	0.01875	0.02467	0.01579	0.00888	0.00987	0.00296	0.01184	0.00888	0.00493	0.01579
52	0.03724	0.04751	0.02825	0.02568	0.03082	0.60963	0.01926	0.03981	0.02825	0.02440	0.01541	0.01798	0.01284	0.01027	0.00899	0.00257	0.01798	0.00642	0.00514	0.01156
53	0.01883	0.01772	0.02990	0.62569	0.06866	0.02215	0.02769	0.02547	0.01993	0.02547	0.01772	0.02658	0.01329	0.00997	0.00997	0.00332	0.01329	0.00886	0.00443	0.01107
54	0.01450	0.00966	0.01087	0.01087	0.01087	0.00966	0.00604	0.01450	0.01450	0.01933	0.03141	0.06524	0.03624	0.64965	0.05074	0.00966	0.00966	0.01450	0.00604	0.00604
55	0.01225	0.00995	0.01051	0.01064	0.01337	0.00859	0.00767	0.01460	0.02196	0.02692	0.12311	0.13371	0.45305	0.09017	0.01590	0.00406	0.00556	0.02072	0.00904	0.00821
56	0.01456	0.01009	0.01349	0.01349	0.01434	0.01094	0.00930	0.01598	0.01513	0.02103	0.02820	0.05037	0.02953	0.33217	0.31877	0.05966	0.01778	0.01227	0.00559	0.00730
57	0.02665	0.65565	0.05224	0.01706	0.02559	0.03945	0.01706	0.02985	0.02026	0.02345	0.01386	0.01599	0.01279	0.00853	0.00640	0.00213	0.01066	0.00533	0.00426	0.01279
58	0.01228	0.00878	0.01169	0.01379	0.01449	0.00819	0.00926	0.01422	0.01972	0.02645	0.09136	0.60387	0.06788	0.03048	0.01266	0.00399	0.00571	0.02763	0.00937	0.00819
59	0.01645	0.01235	0.01800	0.10347	0.02738	0.01297	0.01769	0.02133	0.02253	0.02922	0.04787	0.10042	0.05119	0.02508	0.01324	0.00441	0.00976	0.44869	0.00851	0.00945
60	0.01424	0.01068	0.01602	0.01602	0.01780	0.01246	0.01246	0.01780	0.01602	0.02314	0.02670	0.03916	0.02492	0.07477	0.61015	0.01602	0.02670	0.01068	0.00534	0.00890
61	0.09724	0.02631	0.04069	0.04194	0.23792	0.09477	0.20361	0.03123	0.02345	0.03312	0.05724	0.02717	0.02009	0.00972	0.01016	0.00307	0.01337	0.00984	0.00554	0.01351
62	0.01970	0.01861	0.03149	0.54094	0.14655	0.02238	0.02812	0.02624	0.02035	0.02654	0.01787	0.02629	0.01366	0.00980	0.00995	0.00327	0.01307	0.00886	0.00451	0.01178
63	0.02559	0.02543	0.03957	0.05859	0.54677	0.06652	0.02977	0.03127	0.02311	0.03197	0.01851	0.02418	0.01558	0.00898	0.00980	0.00293	0.01229	0.00870	0.00495	0.01548
64	0.01832	0.01112	0.01467	0.01326	0.01634	0.01013	0.01013	0.02290	0.02826	0.11619	0.50758	0.06889	0.08452	0.01927	0.01152	0.00313	0.00522	0.01693	0.01116	0.01045
65	0.01530	0.01093	0.01519	0.01749	0.01945	0.01082	0.01474	0.01934	0.02220	0.02898	0.05320	0.21546	0.05903	0.02826	0.01357	0.00448	0.00852	0.42487	0.00919	0.00897
66	0.08020	0.07443	0.03378	0.02845	0.11211	0.02867	0.05649	0.33893	0.03669	0.08065	0.02230	0.02365	0.01634	0.01084	0.00955	0.00296	0.01112	0.00869	0.00833	0.01581
67	0.02099	0.10820	0.03496	0.43747	0.15723	0.02485	0.02673	0.02702	0.02048	0.02648	0.01737	0.02475	0.01368	0.00957	0.00945	0.00309	0.01266	0.00837	0.00450	0.01218
68	0.02117	0.12367	0.48797	0.02954	0.08292	0.02520	0.03392	0.03128	0.02108	0.03065	0.01746	0.02071	0.01289	0.00931	0.00912	0.00302	0.01401	0.00723	0.00427	0.01458
69	0.01215	0.00868	0.01157	0.01388	0.01446	0.00810	0.00925	0.01388	0.01909	0.02545	0.05495	0.64315	0.06593	0.03123	0.01272	0.00405	0.00578	0.02834	0.00925	0.00810
70	0.01434	0.01028	0.01401	0.01401	0.01509	0.01137	0.00995	0.01651	0.01542	0.02165	0.02855	0.04937	0.02936	0.29991	0.39106	0.01353	0.02003	0.01218	0.00561	0.00778
71	0.02632	0.51064	0.14133	0.01958	0.02889	0.07841	0.02051	0.03086	0.02097	0.02487	0.01464	0.01698	0.01277	0.00881	0.00710	0.00233	0.01187	0.00575	0.00432	0.01303
72	0.01607	0.00942	0.01391	0.01391	0.01452	0.01004	0.00981	0.01475	0.01413	0.01946	0.02145	0.03556	0.02114	0.08709	0.23752	0.42572	0.01497	0.00972	0.00479	0.00602
73	0.01215	0.00868	0.01157	0.01388	0.01446	0.00810	0.00925	0.01388	0.01909	0.02545	0.05495	0.64315	0.06593	0.03123	0.01272	0.00405	0.00578	0.02834	0.00925	0.00810
74	0.01569	0.01068	0.01304	0.01233	0.01488	0.01032	0.00929	0.02181	0.05958	0.03950	0.43467	0.06442	0.07591	0.01814	0.01066	0.00298	0.00488	0.01580	0.15565	0.00977
75	0.01883	0.01772	0.02990	0.62569	0.06866	0.02215	0.02769	0.02547	0.01993	0.02547	0.01772	0.02658	0.01329	0.00997	0.00997	0.00332	0.01329	0.00886	0.00443	0.01107
76	0.02036	0.04901	0.54206	0.02983	0.04408	0.02337	0.09021	0.03161	0.02130	0.03161	0.01813	0.02165	0.01289	0.00936	0.00971	0.00318	0.01495	0.00782	0.00430	0.01460
77	0.02467	0.02369	0.04046	0.06119	0.58747	0.02369	0.03059	0.03059	0.02270	0.03257	0.01875	0.02467	0.01579	0.00888	0.00987	0.00296	0.01184	0.00888	0.00493	0.01579
78	0.01260	0.01013	0.01124	0.01096	0.01397	0.00876	0.00822	0.01589	0.02466	0.03153	0.27051	0.08838	0.41104	0.02353	0.01177	0.00328	0.00493	0.01998	0.00986	0.00876
79	0.04473	0.01697	0.02313	0.01774	0.02545	0.01465	0.01465	0.04858	0.02853	0.59437	0.03933	0.03393	0.02468	0.01234	0.01003	0.00308	0.00848	0.01003	0.01234	0.01697
80	0.02665	0.65565	0.05224	0.01706	0.02559	0.03945	0.01706	0.02985	0.02026	0.02345	0.01386	0.01599	0.01279	0.00853	0.00640	0.00213	0.01066	0.00533	0.00426	0.01279
81	0.52116	0.02145	0.02727	0.02136	0.02865	0.02318	0.16514	0.03005	0.01884	0.04107	0.01568	0.01925	0.01203	0.00901	0.00777	0.00316	0.01031	0.00722	0.00585	0.01155
82	0.03976	0.02069	0.02393	0.01850	0.02621	0.06243	0.01507	0.10187	0.02942	0.40538	0.03248	0.02957	0.02139	0.01139	0.00954	0.00279	0.00934	0.00901	0.01055	0.12069
83	0.01215	0.00868	0.01157	0.01388	0.01446	0.00810	0.00925	0.01388	0.01909	0.02545	0.05495	0.64315	0.06593	0.03123	0.01272	0.00405	0.00578	0.02834	0.00925	0.00810
84	0.01178	0.01010	0.01010	0.01010	0.01347	0.00842	0.00757	0.01431	0.02272	0.02693	0.10099	0.09594	0.58342	0.02525	0.01178	0.00337	0.00505	0.02104	0.00926	0.00842
85	0.03988	0.02475	0.02795	0.02143	0.02933	0.02620	0.01770	0.40769	0.04156	0.21687	0.02840	0.02683	0.01919	0.01207	0.00999	0.00302	0.01025	0.00928	0.01066	0.01696
86	0.02467	0.02369	0.04046	0.06119	0.58747	0.02369	0.03059	0.03059	0.02270	0.03257	0.01875	0.02467	0.01579	0.00888	0.00987	0.00296	0.01184	0.00888	0.00493	0.01579
87	0.01732	0.00866	0.01299	0.01299	0.01299	0.00866	0.00866	0.01299	0.01299	0.01732	0.01732	0.03030	0.01732	0.03463	0.03896	0.70996	0.00866	0.00866	0.00433	0.00433
88	0.01883	0.01772	0.02990	0.62569	0.06866	0.02215	0.02769	0.02547	0.01993	0.02547	0.01772	0.02658	0.01329	0.00997	0.00997	0.00332	0.01329	0.00886	0.00443	0.01107
89	0.02467	0.02369	0.04046	0.06119	0.58747	0.02369	0.03059	0.03059	0.02270	0.03257	0.01875	0.02467	0.01579	0.00888	0.00987	0.00296	0.01184	0.00888	0.00493	0.01579
90	0.02067	0.01772	0.02067	0.01477	0.02362	0.01329	0.01181	0.02510	0.02067	0.03248	0.01772	0.02067	0.01477	0.00738	0.00738	0.00148	0.00738	0.00591	0.00591	0.71059
91	0.72007	0.01928	0.01465	0.01311	0.01928	0.02236	0.01080	0.02930	0.01697	0.04473	0.01388	0.01619	0.01080	0.00925	0.00617	0.00308	0.00771	0.00540	0.00617	0.01080
92	0.01424	0.01068	0.01602	0.01602	0.01780	0.01246	0.01246	0.01780	0.01602	0.02314	0.02670	0.03916	0.02492	0.07477	0.61015	0.01602	0.02670	0.01068	0.00534	0.00890
93	0.01999	0.05157	0.59800	0.02841	0.04315	0.02315	0.03683	0.03157	0.02105	0.03157	0.01789	0.02105	0.01263	0.00947	0.00947	0.00316	0.01473	0.00737	0.00421	0.01473
94	0.02105	0.02359	0.01679	0.01602	0.01983	0.22670	0.01193	0.02354	0.02448	0.02591	0.06675	0.10530	0.34062	0.02022	0.01083	0.00312	0.00979	0.01623	0.00776	0.00953
95	0.01215	0.00868	0.01157	0.01388	0.01446	0.00810	0.00925	0.01388	0.01909	0.02545	0.05495	0.64315	0.06593	0.03123	0.01272	0.00405	0.00578	0.02834	0.00925	0.00810
96	0.01858	0.00929	0.00929	0.00929	0.01161	0.00929	0.00697	0.02323	0.02091	0.03717	0.03252	0.03717	0.02555	0.01161	0.00697	0.00232	0.00465	0.00929	0.70499	0.00929
97	0.03790	0.02792	0.02992	0.02294	0.03091	0.03091	0.01895	0.55423	0.04687	0.06283	0.02393	0.02393	0.01695	0.01197	0.00997	0.00299	0.01097	0.00898	0.00997	0.01695
98	0.01376	0.00983	0.01341	0.01572	0.01700	0.00948	0.01205	0.01666	0.02067	0.02725	0.05406	0.42514	0.06242	0.02971	0.01315	0.00427	0.00718	0.23046	0.00922	0.00854
99	0.01215	0.00868	0.01157	0.01388	0.01446	0.00810	0.00925	0.01388	0.01909	0.02545	0.05495	0.64315	0.06593	0.03123	0.01272	0.00405	0.00578	0.02834	0.00925	0.00810
100	0.04076	0.01951	0.02401	0.01857	0.02595	0.01889	0.01529	0.19128	0.03319	0.39939	0.03440	0.03132	0.02253	0.01218	0.00977	0.00300	0.00890	0.00967	0.06503	0.01637
101	0.01178	0.01010	0.01010	0.01010	0.01347	0.00842	0.00757	0.01431	0.02272	0.02693	0.10099	0.09594	0.58342	0.02525	0.01178	0.00337	0.00505	0.02104	0.00926	0.00842
102	0.02353	0.02689	0.05882	0.04202	0.05210	0.02521	0.55126	0.03193	0.02353	0.03193	0.02017	0.02689	0.01513	0.00840	0.01176	0.00336	0.01681	0.01176	0.00504	0.01345
103	0.02467	0.02369	0.04046	0.06119	0.58747	0.02369	0.03059	0.03059	0.02270	0.03257	0.01875	0.02467	0.01579	0.00888	0.00987	0.00296	0.01184	0.00888	0.00493	0.01579
104	0.56796	0.02121	0.01806	0.01530	0.02187	0.02427	0.01261	0.14635	0.02363	0.04876	0.01612	0.01792	0.01217	0.00986	0.00702	0.00306	0.00844	0.00620	0.00702	0.01217
105	0.03637	0.12762	0.03152	0.02351	0.02973	0.39958	0.01859	0.11853	0.03003	0.06919	0.01815	0.01971	0.01428	0.01043	0.00885	0.00261	0.01522	0.00691	0.00625	0.01293
106	0.02289	0.02167	0.02763	0.02404	0.02608	0.02845	0.01962	0.03451	0.21650	0.03042	0.02307	0.02740	0.01938	0.01602	0.02452	0.00401	0.40500	0.00965	0.00646	0.01267
107	0.03724	0.04751	0.02825	0.02568	0.03082	0.60963	0.01926	0.03981	0.02825	0.02440	0.01541	0.01798	0.01284	0.01027	0.00899	0.00257	0.01798	0.00642	0.00514	0.01156
108	0.01450	0.00966	0.01087	0.01087	0.01087	0.00966	0.00604	0.01450	0.01450	0.01933	0.03141	0.06524	0.03624	0.64965	0.05074	0.00966	0.00966	0.01450	0.00604	0.00604
109	0.72007	0.01928	0.01465	0.01311	0.01928	0.02236	0.01080	0.02930	0.01697	0.04473	0.01388	0.01619	0.01080	0.00925	0.00617	0.00308	0.00771	0.00540	0.00617	0.01080
110	0.02480	0.02141	0.02254	0.02029	0.02592	0.02480	0.01578	0.05297	0.56946	0.04170	0.04057	0.03719	0.03043	0.01352	0.01014	0.00338	0.00789	0.01127	0.01014	0.01578
111	0.02895	0.02049	0.02267	0.01976	0.02582	0.02268	0.01554	0.05206	0.45666	0.15695	0.04032	0.03651	0.02923	0.01328	0.01012	0.00332	0.00801	0.01101	0.01060	0.01603
112	0.03790	0.02792	0.02992	0.02294	0.03091	0.03091	0.01895	0.55423	0.04687	0.06283	0.02393	0.02393	0.01695	0.01197	0.00997	0.00299	0.01097	0.00898	0.00997	0.01695
113	0.01820	0.01745	0.02323	0.02063	0.02164	0.02248	0.01677	0.02044	0.01769	0.02494	0.04143	0.09115	0.18006	0.02074	0.02519	0.00405	0.40403	0.01376	0.00614	0.00998
114	0.01858	0.00929	0.00929	0.00929	0.01161	0.00929	0.00697	0.02323	0.02091	0.03717	0.03252	0.03717	0.02555	0.01161	0.00697	0.00232	0.00465	0.00929	0.70499	0.00929
115	0.01883	0.01772	0.02990	0.62569	0.06866	0.02215	0.02769	0.02547	0.01993	0.02547	0.01772	0.02658	0.01329	0.00997	0.00997	0.00332	0.01329	0.00886	0.00443	0.01107
116	0.01411	0.01019	0.01333	0.01254	0.01489	0.00941	0.00941	0.01881	0.02822	0.03998	0.58221	0.07447	0.09406	0.02038	0.01176	0.00314	0.00470	0.01803	0.01097	0.00941
117	0.02067	0.01772	0.02067	0.01477	0.02362	0.01329	0.01181	0.02510	0.02067	0.03248	0.01772	0.02067	0.01477	0.00738	0.00738	0.00148	0.00738	0.00591	0.00591	0.71059
118	0.01484	0.01073	0.01458	0.01671	0.01869	0.01047	0.01386	0.01863	0.02205	0.02861	0.05699	0.23171	0.09984	0.02820	0.01338	0.00437	0.00809	0.37015	0.00920	0.00887
119	0.08437	0.02036	0.02751	0.25161	0.11095	0.06013	0.02153	0.03558	0.02367	0.22952	0.02505	0.02755	0.01741	0.01064	0.00961	0.00312	0.01130	0.00884	0.00748	0.01376
120	0.03143	0.02360	0.03846	0.03078	0.07464	0.02332	0.21188	0.18353	0.03090	0.15968	0.02761	0.06995	0.02123	0.01187	0.01082	0.00322	0.01227	0.01154	0.00828	0.01499
121	0.01883	0.01772	0.02990	0.62569	0.06866	0.02215	0.02769	0.02547	0.01993	0.02547	0.01772	0.02658	0.01329	0.00997	0.00997	0.00332	0.01329	0.00886	0.00443	0.01107
122	0.12679	0.01876	0.02303	0.01788	0.02544	0.01784	0.01477	0.11589	0.02964	0.45357	0.03408	0.03037	0.02191	0.01191	0.00954	0.00307	0.00873	0.00931	0.01125	0.01621
123	0.08474	0.02020	0.02633	0.02642	0.14438	0.01888	0.01748	0.10209	0.02653	0.20323	0.02483	0.02551	0.01789	0.00990	0.00893	0.00259	0.00914	0.00811	0.00815	0.21466
124	0.02353	0.02689	0.05882	0.04202	0.05210	0.02521	0.55126	0.03193	0.02353	0.03193	0.02017	0.02689	0.01513	0.00840	0.01176	0.00336	0.01681	0.01176	0.00504	0.01345
125	0.02516	0.02613	0.05607	0.04015	0.05005	0.02440	0.50992	0.03322	0.02391	0.07526	0.02164	0.02743	0.01586	0.00871	0.01163	0.00334	0.01617	0.01163	0.00560	0.01372

[dist]
# distance from previous block
# <min> <max>
0	39

[block]
# block no. 1 follows, 15 sequences, length 14
# corresponding to MSA columns:
# 179-192
name=unknown_B
#
# <colnr> <probs for GDERKNQSTAVLIFYWHMCP>
#	G	D	E	R	K	N	Q	S	T	A	V	L	I	F	Y	W	H	M	C	P
0	0.01967	0.01937	0.03512	0.52043	0.06567	0.02270	0.12211	0.02664	0.02058	0.02664	0.01816	0.02663	0.01362	0.00968	0.01029	0.00333	0.01392	0.00938	0.00454	0.01150
1	0.01210	0.00955	0.01092	0.01176	0.01396	0.00837	0.00837	0.01448	0.02172	0.02734	0.11955	0.30731	0.34489	0.02721	0.01215	0.00361	0.00531	0.02365	0.00939	0.00837
2	0.02480	0.02141	0.02254	0.02029	0.02592	0.02480	0.01578	0.05297	0.56946	0.04170	0.04057	0.03719	0.03043	0.01352	0.01014	0.00338	0.00789	0.01127	0.01014	0.01578
3	0.02265	0.01766	0.02087	0.01501	0.02377	0.01340	0.01205	0.02703	0.02132	0.07864	0.01949	0.02176	0.01558	0.00779	0.00760	0.00161	0.00747	0.00624	0.00643	0.65362
4	0.03077	0.41894	0.04290	0.02041	0.02762	0.26139	0.01792	0.03373	0.02337	0.02382	0.01446	0.01676	0.01281	0.00921	0.00741	0.00230	0.01351	0.00575	0.00460	0.01231
5	0.01411	0.01019	0.01333	0.01254	0.01489	0.00941	0.00941	0.01881	0.02822	0.03998	0.58221	0.07447	0.09406	0.02038	0.01176	0.00314	0.00470	0.01803	0.01097	0.00941
6	0.02303	0.02468	0.04997	0.14096	0.17641	0.02437	0.34812	0.03058	0.02276	0.03103	0.01945	0.02634	0.01498	0.00877	0.01104	0.00326	0.01511	0.01064	0.00492	0.01359
7	0.02476	0.02246	0.02206	0.01995	0.02539	0.06513	0.01544	0.04930	0.49226	0.03943	0.04308	0.04000	0.06842	0.01413	0.01018	0.00332	0.00840	0.01162	0.00973	0.01496
8	0.72007	0.01928	0.01465	0.01311	0.01928	0.02236	0.01080	0.02930	0.01697	0.04473	0.01388	0.01619	0.01080	0.00925	0.00617	0.00308	0.00771	0.00540	0.00617	0.01080
9	0.01858	0.00929	0.00929	0.00929	0.01161	0.00929	0.00697	0.02323	0.02091	0.03717	0.03252	0.03717	0.02555	0.01161	0.00697	0.00232	0.00465	0.00929	0.70499	0.00929
10	0.01178	0.01010	0.01010	0.01010	0.01347	0.00842	0.00757	0.01431	0.02272	0.02693	0.10099	0.09594	0.58342	0.02525	0.01178	0.00337	0.00505	0.02104	0.00926	0.00842
11	0.03326	0.02346	0.02497	0.01966	0.02629	0.02573	0.01608	0.42690	0.04064	0.05667	0.02599	0.02711	0.01902	0.01188	0.00925	0.00283	0.00945	0.00905	0.17663	0.01512
12	0.01858	0.00929	0.00929	0.00929	0.01161	0.00929	0.00697	0.02323	0.02091	0.03717	0.03252	0.03717	0.02555	0.01161	0.00697	0.00232	0.00465	0.00929	0.70499	0.00929
13	0.03443	0.01520	0.01944	0.01586	0.02162	0.01403	0.01262	0.04043	0.07629	0.37684	0.08581	0.04053	0.03229	0.05963	0.01275	0.00349	0.00766	0.01107	0.10564	0.01435

[dist]
# distance from previous block
# <min> <max>
0	98

# created by:
# /st0/software/busco_prod/Augustus/scripts/msa2prfl.pl ./align_prep/6192.fa
