[name]
unknown

[dist]
# distance from previous block
# <min> <max>
0	0

[block]
# block no. 0 follows, 14 sequences, length 29
# corresponding to MSA columns:
# 0-28
name=unknown_A
#
# <colnr> <probs for GDERKNQSTAVLIFYWHMCP>
#	G	D	E	R	K	N	Q	S	T	A	V	L	I	F	Y	W	H	M	C	P
0	0.01654	0.01181	0.01654	0.01890	0.02126	0.01181	0.01654	0.02126	0.02362	0.03071	0.05433	0.11576	0.05906	0.02835	0.01417	0.00472	0.00945	0.50626	0.00945	0.00945
1	0.03739	0.10039	0.03121	0.02567	0.03126	0.55004	0.01963	0.04009	0.02837	0.02503	0.01572	0.01833	0.01321	0.01042	0.00902	0.00261	0.01786	0.00651	0.00521	0.01201
2	0.02469	0.35497	0.22848	0.02542	0.03653	0.03283	0.10620	0.03164	0.02165	0.02824	0.01664	0.01993	0.01349	0.00908	0.00849	0.00274	0.01334	0.00721	0.00450	0.01393
3	0.03375	0.02147	0.07399	0.02158	0.02917	0.01827	0.06216	0.04391	0.13301	0.30607	0.07226	0.04227	0.03167	0.01399	0.01084	0.00338	0.00970	0.04630	0.01056	0.01564
4	0.02166	0.14642	0.50230	0.02741	0.04157	0.02648	0.03471	0.03222	0.02154	0.03118	0.01776	0.02085	0.01303	0.00960	0.00925	0.00308	0.01451	0.00725	0.00434	0.01485
5	0.01698	0.01103	0.01450	0.01333	0.01618	0.01010	0.01010	0.02175	0.02907	0.08330	0.52869	0.07341	0.09127	0.02033	0.01196	0.00322	0.00514	0.01792	0.01141	0.01029
6	0.02508	0.13354	0.25418	0.07695	0.04040	0.02790	0.07149	0.10408	0.10079	0.03653	0.02209	0.02460	0.01650	0.01048	0.00967	0.00313	0.01304	0.00857	0.00611	0.01488
7	0.02252	0.02144	0.03645	0.32719	0.33366	0.02362	0.03006	0.02897	0.02200	0.03003	0.01879	0.02634	0.01502	0.00968	0.01021	0.00323	0.01290	0.00913	0.00483	0.01393
8	0.02458	0.02612	0.05020	0.03705	0.04616	0.02583	0.39338	0.03888	0.17189	0.03566	0.02659	0.03062	0.01994	0.01011	0.01165	0.00347	0.01476	0.01197	0.00665	0.01451
9	0.01213	0.01040	0.01040	0.01040	0.01386	0.00866	0.00780	0.01473	0.02339	0.02772	0.10396	0.09876	0.57117	0.02599	0.01213	0.00347	0.00520	0.02166	0.00953	0.00866
10	0.02894	0.13368	0.20982	0.02538	0.03422	0.20688	0.02509	0.07070	0.07122	0.03150	0.01910	0.02159	0.01500	0.01094	0.01082	0.00299	0.05521	0.00752	0.00558	0.01383
11	0.02422	0.02768	0.06055	0.04325	0.05363	0.02595	0.53806	0.03287	0.02422	0.03287	0.02076	0.02768	0.01557	0.00865	0.01211	0.00346	0.01730	0.01211	0.00519	0.01384
12	0.01654	0.01181	0.01654	0.01890	0.02126	0.01181	0.01654	0.02126	0.02362	0.03071	0.05433	0.11576	0.05906	0.02835	0.01417	0.00472	0.00945	0.50626	0.00945	0.00945
13	0.01452	0.01049	0.01372	0.01291	0.01533	0.00968	0.00968	0.01937	0.02905	0.04115	0.56992	0.07666	0.09683	0.02098	0.01210	0.00323	0.00484	0.01856	0.01130	0.00968
14	0.02391	0.02344	0.08256	0.23147	0.12609	0.02224	0.10686	0.06611	0.02460	0.06941	0.02566	0.03899	0.02152	0.01257	0.01103	0.00350	0.01309	0.07725	0.00633	0.01338
15	0.01492	0.00995	0.01119	0.01119	0.01119	0.00995	0.00622	0.01492	0.01492	0.01990	0.03233	0.06716	0.03731	0.63935	0.05223	0.00995	0.00995	0.01492	0.00622	0.00622
16	0.01213	0.01040	0.01040	0.01040	0.01386	0.00866	0.00780	0.01473	0.02339	0.02772	0.10396	0.09876	0.57117	0.02599	0.01213	0.00347	0.00520	0.02166	0.00953	0.00866
17	0.02337	0.02520	0.08551	0.20794	0.39449	0.02391	0.03124	0.03017	0.02246	0.03148	0.01894	0.02560	0.01529	0.00949	0.01015	0.00316	0.01285	0.00900	0.00488	0.01486
18	0.02422	0.02768	0.06055	0.04325	0.05363	0.02595	0.53806	0.03287	0.02422	0.03287	0.02076	0.02768	0.01557	0.00865	0.01211	0.00346	0.01730	0.01211	0.00519	0.01384
19	0.02058	0.05308	0.58618	0.02925	0.04442	0.02383	0.03792	0.03250	0.02167	0.03250	0.01842	0.02167	0.01300	0.00975	0.00975	0.00325	0.01517	0.00758	0.00433	0.01517
20	0.04604	0.01746	0.02382	0.01826	0.02620	0.01508	0.01508	0.05001	0.02937	0.58244	0.04049	0.03493	0.02540	0.01270	0.01032	0.00318	0.00873	0.01032	0.01270	0.01746
21	0.02437	0.13154	0.42602	0.02699	0.03996	0.07199	0.03227	0.07299	0.02423	0.03331	0.01814	0.02094	0.01339	0.00988	0.00932	0.00305	0.01455	0.00735	0.00488	0.01482
22	0.02058	0.05308	0.58618	0.02925	0.04442	0.02383	0.03792	0.03250	0.02167	0.03250	0.01842	0.02167	0.01300	0.00975	0.00975	0.00325	0.01517	0.00758	0.00433	0.01517
23	0.02540	0.02438	0.04165	0.06299	0.57533	0.02438	0.03149	0.03149	0.02337	0.03353	0.01930	0.02540	0.01626	0.00914	0.01016	0.00305	0.01219	0.00914	0.00508	0.01626
24	0.04466	0.01968	0.02519	0.01931	0.02730	0.01837	0.01595	0.14655	0.03308	0.48066	0.03737	0.03291	0.02384	0.01263	0.01031	0.00316	0.00924	0.01011	0.01222	0.01746
25	0.03418	0.03293	0.02763	0.11676	0.03609	0.27784	0.02005	0.10450	0.06384	0.10785	0.02501	0.03080	0.01977	0.01246	0.01010	0.00309	0.01419	0.04204	0.00744	0.01341
26	0.02058	0.05308	0.58618	0.02925	0.04442	0.02383	0.03792	0.03250	0.02167	0.03250	0.01842	0.02167	0.01300	0.00975	0.00975	0.00325	0.01517	0.00758	0.00433	0.01517
27	0.01213	0.01040	0.01040	0.01040	0.01386	0.00866	0.00780	0.01473	0.02339	0.02772	0.10396	0.09876	0.57117	0.02599	0.01213	0.00347	0.00520	0.02166	0.00953	0.00866
28	0.03553	0.02285	0.03038	0.12210	0.17392	0.06990	0.02205	0.07580	0.02780	0.27258	0.02843	0.02920	0.01966	0.01121	0.01017	0.00313	0.01139	0.00944	0.00870	0.01575

[dist]
# distance from previous block
# <min> <max>
0	5

[block]
# block no. 1 follows, 14 sequences, length 71
# corresponding to MSA columns:
# 34-104
name=unknown_B
#
# <colnr> <probs for GDERKNQSTAVLIFYWHMCP>
#	G	D	E	R	K	N	Q	S	T	A	V	L	I	F	Y	W	H	M	C	P
0	0.02111	0.09906	0.54486	0.02834	0.04301	0.02513	0.03634	0.03236	0.02160	0.03185	0.01809	0.02126	0.01301	0.00967	0.00950	0.00317	0.01484	0.00742	0.00434	0.01501
1	0.01492	0.00995	0.01119	0.01119	0.01119	0.00995	0.00622	0.01492	0.01492	0.01990	0.03233	0.06716	0.03731	0.63935	0.05223	0.00995	0.00995	0.01492	0.00622	0.00622
2	0.03716	0.11308	0.03174	0.02548	0.03115	0.53818	0.01958	0.03988	0.02820	0.02501	0.01569	0.01829	0.01321	0.01038	0.00897	0.00260	0.01770	0.00649	0.00519	0.01203
3	0.01250	0.00996	0.01122	0.01186	0.01433	0.00867	0.00853	0.01509	0.02285	0.02870	0.13953	0.26019	0.36573	0.02734	0.01242	0.00366	0.00539	0.02363	0.00972	0.00867
4	0.02440	0.04350	0.38911	0.02843	0.04099	0.02548	0.07119	0.11641	0.09034	0.03892	0.02239	0.02460	0.01611	0.01058	0.01010	0.00327	0.01387	0.00868	0.00608	0.01556
5	0.02540	0.02438	0.04165	0.06299	0.57533	0.02438	0.03149	0.03149	0.02337	0.03353	0.01930	0.02540	0.01626	0.00914	0.01016	0.00305	0.01219	0.00914	0.00508	0.01626
6	0.01324	0.00993	0.01394	0.07886	0.02089	0.00989	0.01157	0.01557	0.01974	0.02620	0.05244	0.56755	0.06204	0.02980	0.01279	0.00409	0.00678	0.02702	0.00899	0.00866
7	0.02738	0.09345	0.05470	0.03705	0.04691	0.02718	0.40166	0.07421	0.02615	0.07578	0.02185	0.02678	0.01620	0.00926	0.01124	0.00327	0.01550	0.01104	0.00607	0.01433
8	0.01429	0.01018	0.01370	0.01559	0.01697	0.00981	0.01183	0.01734	0.02178	0.02903	0.10955	0.35644	0.06605	0.06569	0.01570	0.00461	0.00731	0.19591	0.00949	0.00875
9	0.01382	0.00994	0.01308	0.01339	0.01517	0.00921	0.00963	0.01759	0.02575	0.03591	0.38996	0.27156	0.08668	0.02490	0.01245	0.00356	0.00523	0.02228	0.01068	0.00921
10	0.02164	0.14459	0.50395	0.02744	0.04162	0.02642	0.03477	0.03223	0.02154	0.03121	0.01778	0.02086	0.01303	0.00960	0.00926	0.00309	0.01452	0.00726	0.00434	0.01486
11	0.13581	0.02320	0.07855	0.08784	0.03667	0.02084	0.12574	0.07431	0.02546	0.18978	0.02827	0.08064	0.02197	0.01255	0.01026	0.00335	0.01142	0.01117	0.00811	0.01408
12	0.02058	0.05308	0.58618	0.02925	0.04442	0.02383	0.03792	0.03250	0.02167	0.03250	0.01842	0.02167	0.01300	0.00975	0.00975	0.00325	0.01517	0.00758	0.00433	0.01517
13	0.02488	0.02386	0.04072	0.11033	0.53203	0.02425	0.03124	0.03104	0.02312	0.03290	0.01921	0.02557	0.01603	0.00924	0.01017	0.00308	0.01232	0.00914	0.00504	0.01584
14	0.03058	0.02065	0.03600	0.07757	0.03826	0.01954	0.20143	0.06150	0.02723	0.22857	0.07560	0.03938	0.06913	0.01271	0.01123	0.00332	0.01176	0.01232	0.00885	0.01437
15	0.02320	0.02214	0.03768	0.26467	0.39085	0.02380	0.03040	0.02957	0.02233	0.03086	0.01891	0.02612	0.01531	0.00955	0.01020	0.00318	0.01274	0.00913	0.00489	0.01448
16	0.01245	0.01026	0.01095	0.01109	0.01414	0.00875	0.00820	0.01524	0.02369	0.02918	0.15513	0.14965	0.46376	0.02601	0.01222	0.00351	0.00523	0.02204	0.00974	0.00875
17	0.02587	0.02054	0.03399	0.30503	0.26279	0.02223	0.02761	0.03197	0.02301	0.11501	0.02210	0.02776	0.01651	0.01020	0.01023	0.00324	0.01233	0.00931	0.00602	0.01425
18	0.02652	0.02762	0.09752	0.10178	0.38686	0.02537	0.03001	0.11254	0.02691	0.03775	0.01997	0.02505	0.01587	0.00981	0.01014	0.00311	0.01250	0.00899	0.00578	0.01590
19	0.02058	0.05308	0.58618	0.02925	0.04442	0.02383	0.03792	0.03250	0.02167	0.03250	0.01842	0.02167	0.01300	0.00975	0.00975	0.00325	0.01517	0.00758	0.00433	0.01517
20	0.01473	0.01070	0.01501	0.01501	0.01633	0.01202	0.01098	0.01737	0.01605	0.02272	0.02884	0.04782	0.02892	0.23429	0.44581	0.01466	0.02258	0.01209	0.00570	0.00834
21	0.02058	0.05308	0.58618	0.02925	0.04442	0.02383	0.03792	0.03250	0.02167	0.03250	0.01842	0.02167	0.01300	0.00975	0.00975	0.00325	0.01517	0.00758	0.00433	0.01517
22	0.01938	0.01824	0.03078	0.61468	0.07068	0.02280	0.02850	0.02622	0.02052	0.02622	0.01824	0.02736	0.01368	0.01026	0.01026	0.00342	0.01368	0.00912	0.00456	0.01140
23	0.02293	0.02186	0.03718	0.28972	0.36793	0.02373	0.03026	0.02933	0.02220	0.03052	0.01887	0.02620	0.01520	0.00960	0.01020	0.00320	0.01280	0.00913	0.00487	0.01426
24	0.02314	0.04951	0.52978	0.02815	0.04259	0.02296	0.03563	0.03426	0.02244	0.08765	0.02063	0.02300	0.01424	0.01005	0.00981	0.00324	0.01452	0.00786	0.00517	0.01540
25	0.30784	0.02300	0.02395	0.02273	0.08036	0.02555	0.01655	0.17916	0.11074	0.08150	0.02351	0.02422	0.01739	0.01114	0.00870	0.00318	0.00939	0.00817	0.00834	0.01459
26	0.03141	0.02188	0.03668	0.02788	0.03576	0.02113	0.20852	0.07091	0.10921	0.21537	0.03385	0.08492	0.02595	0.01309	0.01124	0.00341	0.01172	0.01278	0.00915	0.01513
27	0.01980	0.01166	0.01463	0.01344	0.01701	0.01033	0.01023	0.02359	0.02671	0.14086	0.29628	0.13003	0.20205	0.02179	0.01186	0.00337	0.00580	0.01883	0.01094	0.01079
28	0.02368	0.17826	0.42271	0.02624	0.03942	0.02814	0.03192	0.07703	0.02384	0.03354	0.01807	0.02081	0.01343	0.00977	0.00912	0.00301	0.01392	0.00728	0.00487	0.01494
29	0.01739	0.01377	0.01819	0.01953	0.07731	0.01371	0.01304	0.02610	0.10995	0.04061	0.42912	0.06522	0.07805	0.01862	0.01164	0.00325	0.00614	0.01647	0.01050	0.01140
30	0.02707	0.02875	0.15114	0.09641	0.33687	0.02270	0.03004	0.03411	0.02370	0.11747	0.02230	0.02626	0.01677	0.00991	0.01011	0.00314	0.01240	0.00900	0.00606	0.01580
31	0.02499	0.02685	0.08838	0.06009	0.52977	0.02434	0.03205	0.03158	0.02322	0.03344	0.01923	0.02508	0.01598	0.00920	0.01012	0.00307	0.01245	0.00901	0.00502	0.01616
32	0.02475	0.02372	0.04048	0.12232	0.52106	0.02421	0.03117	0.03093	0.02306	0.03274	0.01919	0.02561	0.01598	0.00926	0.01017	0.00309	0.01235	0.00914	0.00502	0.01573
33	0.01280	0.01042	0.01133	0.01110	0.01427	0.00895	0.00832	0.01603	0.02497	0.03148	0.23431	0.09258	0.43847	0.02459	0.01212	0.00340	0.00510	0.02079	0.01002	0.00895
34	0.02314	0.04951	0.52978	0.02815	0.04259	0.02296	0.03563	0.03426	0.02244	0.08765	0.02063	0.02300	0.01424	0.01005	0.00981	0.00324	0.01452	0.00786	0.00517	0.01540
35	0.02106	0.01393	0.01980	0.10475	0.02621	0.01573	0.01467	0.02410	0.01857	0.10948	0.02804	0.04305	0.02578	0.20366	0.21614	0.00953	0.07728	0.01148	0.00657	0.01018
36	0.03901	0.02874	0.03080	0.02361	0.03182	0.03182	0.01951	0.54111	0.04825	0.06468	0.02464	0.02464	0.01745	0.01232	0.01027	0.00308	0.01129	0.00924	0.01027	0.01745
37	0.02545	0.02336	0.03361	0.04463	0.33606	0.02488	0.02484	0.04154	0.25600	0.03763	0.02910	0.03102	0.02283	0.01123	0.01028	0.00324	0.01042	0.01022	0.00742	0.01625
38	0.08162	0.02460	0.04453	0.09639	0.04602	0.02469	0.30398	0.07379	0.07263	0.09159	0.02410	0.02821	0.01753	0.01004	0.01099	0.00338	0.01405	0.01083	0.00681	0.01421
39	0.07551	0.01149	0.01528	0.10681	0.02399	0.01200	0.01261	0.01804	0.02053	0.02945	0.09839	0.42902	0.05740	0.02565	0.01196	0.00387	0.00721	0.02293	0.00866	0.00919
40	0.03833	0.04891	0.02908	0.02644	0.03173	0.59815	0.01983	0.04098	0.02908	0.02512	0.01586	0.01851	0.01322	0.01058	0.00925	0.00264	0.01851	0.00661	0.00529	0.01190
41	0.03146	0.03336	0.28364	0.02288	0.03368	0.01866	0.02519	0.03919	0.02577	0.27969	0.07700	0.03246	0.02596	0.01206	0.01021	0.00321	0.01137	0.00978	0.00870	0.01571
42	0.03105	0.01784	0.02236	0.01992	0.02544	0.01793	0.01687	0.16341	0.03166	0.20283	0.04260	0.06840	0.03840	0.01959	0.01203	0.00384	0.00971	0.23163	0.01062	0.01388
43	0.01938	0.01824	0.03078	0.61468	0.07068	0.02280	0.02850	0.02622	0.02052	0.02622	0.01824	0.02736	0.01368	0.01026	0.01026	0.00342	0.01368	0.00912	0.00456	0.01140
44	0.01238	0.00943	0.01139	0.01297	0.01454	0.00845	0.00894	0.01444	0.02092	0.02671	0.07265	0.45137	0.23877	0.03006	0.01277	0.00393	0.00570	0.02662	0.00953	0.00845
45	0.02430	0.02326	0.03967	0.16381	0.48311	0.02409	0.03095	0.03053	0.02285	0.03219	0.01911	0.02576	0.01578	0.00935	0.01018	0.00312	0.01246	0.00914	0.00498	0.01537
46	0.01471	0.01459	0.07065	0.01448	0.01807	0.01087	0.01234	0.01974	0.02681	0.03752	0.41941	0.13284	0.12601	0.02148	0.01198	0.00335	0.00603	0.01887	0.01026	0.01000
47	0.01250	0.00893	0.01191	0.01429	0.01488	0.00834	0.00953	0.01429	0.01965	0.02620	0.05656	0.63265	0.06787	0.03215	0.01310	0.00417	0.00595	0.02917	0.00953	0.00834
48	0.03036	0.02150	0.03576	0.09065	0.03870	0.02189	0.17235	0.07663	0.05222	0.19716	0.07547	0.03392	0.02616	0.01245	0.01301	0.00341	0.06414	0.01131	0.00847	0.01446
49	0.04604	0.01746	0.02382	0.01826	0.02620	0.01508	0.01508	0.05001	0.02937	0.58244	0.04049	0.03493	0.02540	0.01270	0.01032	0.00318	0.00873	0.01032	0.01270	0.01746
50	0.02077	0.01966	0.03329	0.48750	0.18701	0.02316	0.02919	0.02744	0.02118	0.02790	0.01848	0.02691	0.01427	0.01000	0.01024	0.00333	0.01334	0.00913	0.00468	0.01252
51	0.02453	0.21712	0.39165	0.02509	0.03788	0.02786	0.03037	0.03339	0.02205	0.07374	0.01900	0.02125	0.01403	0.00971	0.00890	0.00295	0.01348	0.00721	0.00501	0.01479
52	0.12345	0.17109	0.18249	0.02450	0.03471	0.02607	0.10869	0.03546	0.02292	0.14612	0.02186	0.02354	0.01577	0.00992	0.00908	0.00302	0.01225	0.00815	0.00650	0.01441
53	0.04250	0.01846	0.02410	0.01903	0.02651	0.01702	0.01580	0.11266	0.03137	0.46500	0.03961	0.04070	0.02732	0.01403	0.01065	0.00330	0.00914	0.05396	0.01209	0.01676
54	0.01488	0.01081	0.01422	0.01423	0.01669	0.01015	0.01125	0.01958	0.02743	0.03790	0.41978	0.08733	0.11309	0.02304	0.01261	0.00360	0.00598	0.13711	0.01075	0.00957
55	0.02219	0.03148	0.17970	0.15735	0.05287	0.02521	0.27073	0.03076	0.02217	0.03076	0.01910	0.02575	0.01439	0.00997	0.01283	0.00348	0.06285	0.01015	0.00480	0.01345
56	0.16076	0.06151	0.16220	0.02166	0.03056	0.02588	0.02113	0.12952	0.17233	0.07653	0.02624	0.02631	0.01920	0.01143	0.00925	0.00321	0.01055	0.00864	0.00796	0.01512
57	0.01328	0.00998	0.01237	0.01329	0.01528	0.00907	0.00971	0.01633	0.02344	0.03090	0.20323	0.30057	0.20888	0.02726	0.01267	0.00378	0.00576	0.06533	0.00998	0.00887
58	0.01287	0.00948	0.01206	0.01340	0.01482	0.00867	0.00929	0.01542	0.02220	0.02958	0.17187	0.43398	0.15093	0.02886	0.01274	0.00386	0.00560	0.02579	0.00990	0.00867
59	0.03117	0.03031	0.11731	0.02855	0.07533	0.10459	0.07407	0.04054	0.10845	0.16892	0.02692	0.02811	0.01956	0.01208	0.01307	0.00334	0.08558	0.00950	0.00767	0.01492
60	0.08354	0.16744	0.37936	0.02455	0.03703	0.02640	0.02946	0.03349	0.02182	0.08052	0.01917	0.02135	0.01397	0.00979	0.00887	0.00302	0.01313	0.00723	0.00526	0.01462
61	0.04542	0.01846	0.02443	0.01873	0.02669	0.01656	0.01547	0.09337	0.03104	0.53672	0.03909	0.03402	0.02470	0.01267	0.01032	0.00317	0.00896	0.01022	0.01249	0.01746
62	0.02057	0.02276	0.08748	0.28799	0.13117	0.02296	0.05372	0.02645	0.01994	0.02736	0.01959	0.03061	0.01691	0.08651	0.01854	0.00428	0.09652	0.00981	0.00484	0.01201
63	0.03441	0.08652	0.02876	0.06727	0.07203	0.02132	0.01823	0.12463	0.02947	0.26261	0.03389	0.07091	0.02684	0.01440	0.01043	0.00327	0.00997	0.06021	0.00968	0.01514
64	0.06645	0.07854	0.09584	0.22966	0.16648	0.02508	0.06644	0.05900	0.02346	0.06529	0.01979	0.02506	0.01503	0.00992	0.00978	0.00317	0.01279	0.00874	0.00559	0.01390
65	0.01250	0.00893	0.01191	0.01429	0.01488	0.00834	0.00953	0.01429	0.01965	0.02620	0.05656	0.63265	0.06787	0.03215	0.01310	0.00417	0.00595	0.02917	0.00953	0.00834
66	0.13889	0.02012	0.07148	0.17533	0.06578	0.01857	0.01980	0.03223	0.02335	0.17579	0.08172	0.07890	0.02892	0.01344	0.00999	0.00332	0.01002	0.01122	0.00803	0.01310
67	0.08614	0.22537	0.17368	0.02567	0.06555	0.02836	0.07458	0.03553	0.06386	0.09795	0.02151	0.02331	0.01625	0.00996	0.00885	0.00293	0.01195	0.00794	0.00613	0.01448
68	0.01921	0.01359	0.01967	0.01721	0.02105	0.01283	0.06360	0.02553	0.06830	0.09495	0.28775	0.16571	0.10742	0.02069	0.01196	0.00345	0.00700	0.01862	0.01031	0.01114
69	0.03904	0.02589	0.02851	0.02198	0.02983	0.02792	0.01812	0.43417	0.04376	0.14592	0.02766	0.02703	0.01921	0.01236	0.01010	0.00306	0.01052	0.00943	0.04847	0.01702
70	0.08059	0.09238	0.03958	0.04391	0.31167	0.06017	0.06901	0.07301	0.02547	0.07883	0.02040	0.02426	0.01612	0.00970	0.00962	0.00299	0.01221	0.00869	0.00613	0.01526

[dist]
# distance from previous block
# <min> <max>
0	1

[block]
# block no. 2 follows, 14 sequences, length 46
# corresponding to MSA columns:
# 106-151
name=unknown_C
#
# <colnr> <probs for GDERKNQSTAVLIFYWHMCP>
#	G	D	E	R	K	N	Q	S	T	A	V	L	I	F	Y	W	H	M	C	P
0	0.07229	0.02224	0.03156	0.03470	0.20974	0.02199	0.05405	0.07506	0.10713	0.12026	0.02592	0.02767	0.01948	0.01039	0.00970	0.00292	0.01030	0.00917	0.00768	0.12775
1	0.07973	0.02052	0.02533	0.06849	0.07251	0.02013	0.01709	0.10606	0.09063	0.17590	0.02726	0.02763	0.01964	0.01073	0.00930	0.00276	0.00931	0.00866	0.00864	0.19966
2	0.02513	0.02509	0.08790	0.12331	0.16472	0.02335	0.10325	0.06389	0.12506	0.07007	0.02753	0.06735	0.02223	0.01206	0.01069	0.00335	0.01205	0.01126	0.00701	0.01469
3	0.01466	0.01100	0.01649	0.01649	0.01833	0.01283	0.01283	0.01833	0.01649	0.02382	0.02749	0.04032	0.02566	0.07697	0.59868	0.01649	0.02749	0.01100	0.00550	0.00916
4	0.09277	0.02529	0.08819	0.12106	0.35729	0.02317	0.02828	0.03245	0.02281	0.08280	0.02049	0.02529	0.01593	0.00970	0.00978	0.00314	0.01194	0.00875	0.00575	0.01514
5	0.02967	0.07650	0.09088	0.03700	0.20647	0.02700	0.06311	0.15725	0.09556	0.07861	0.02443	0.02657	0.01842	0.01073	0.01006	0.00310	0.01181	0.00933	0.00738	0.01609
6	0.01290	0.00921	0.01236	0.01474	0.01550	0.00867	0.01021	0.01497	0.02003	0.02664	0.05634	0.58239	0.06702	0.03178	0.01320	0.00422	0.00629	0.07556	0.00952	0.00844
7	0.01305	0.00932	0.01253	0.01491	0.01574	0.00880	0.01047	0.01523	0.02018	0.02681	0.05626	0.56291	0.06668	0.03164	0.01324	0.00424	0.00643	0.09354	0.00952	0.00849
8	0.02608	0.01970	0.02827	0.06928	0.03234	0.02061	0.10234	0.04119	0.23780	0.12827	0.13811	0.04252	0.03899	0.01392	0.01101	0.00337	0.00955	0.01262	0.00964	0.01440
9	0.21306	0.34352	0.07518	0.01737	0.02581	0.03093	0.01685	0.03359	0.02128	0.11421	0.01848	0.01964	0.01444	0.00963	0.00730	0.00268	0.01011	0.00637	0.00616	0.01340
10	0.01248	0.00902	0.01181	0.01404	0.01482	0.00836	0.00942	0.01432	0.01989	0.02629	0.05958	0.59865	0.09993	0.03176	0.01304	0.00412	0.00591	0.02870	0.00953	0.00836
11	0.01381	0.01073	0.01272	0.01366	0.01586	0.01010	0.00988	0.01843	0.06397	0.02967	0.11966	0.33380	0.22936	0.02747	0.01254	0.00383	0.00596	0.04954	0.00976	0.00925
12	0.01992	0.01555	0.06974	0.01532	0.01976	0.01172	0.01313	0.02485	0.02710	0.12691	0.34850	0.12011	0.10656	0.01997	0.01168	0.00333	0.00660	0.01740	0.01057	0.01129
13	0.02422	0.02768	0.06055	0.04325	0.05363	0.02595	0.53806	0.03287	0.02422	0.03287	0.02076	0.02768	0.01557	0.00865	0.01211	0.00346	0.01730	0.01211	0.00519	0.01384
14	0.38167	0.02048	0.02052	0.01671	0.02389	0.02179	0.01379	0.11885	0.02638	0.22797	0.02469	0.02404	0.01690	0.01103	0.00830	0.00316	0.00874	0.00774	0.00910	0.01425
15	0.02148	0.01185	0.01590	0.01571	0.01866	0.01098	0.01211	0.02486	0.02419	0.15464	0.14984	0.23951	0.05991	0.06614	0.01518	0.00428	0.00740	0.12627	0.01034	0.01075
16	0.02390	0.02575	0.12132	0.17198	0.15602	0.02296	0.07636	0.03016	0.02145	0.08191	0.02136	0.02929	0.01724	0.06021	0.01662	0.00394	0.09082	0.00972	0.00559	0.01340
17	0.02486	0.02383	0.04068	0.11232	0.53021	0.02424	0.03123	0.03102	0.02311	0.03287	0.01921	0.02557	0.01602	0.00924	0.01017	0.00308	0.01232	0.00914	0.00503	0.01582
18	0.01250	0.00893	0.01191	0.01429	0.01488	0.00834	0.00953	0.01429	0.01965	0.02620	0.05656	0.63265	0.06787	0.03215	0.01310	0.00417	0.00595	0.02917	0.00953	0.00834
19	0.19116	0.03266	0.12393	0.06978	0.06772	0.11995	0.15077	0.06578	0.02425	0.03631	0.01802	0.02222	0.01373	0.00973	0.00953	0.00317	0.01401	0.00836	0.00563	0.01327
20	0.02504	0.17979	0.35799	0.02476	0.03689	0.02693	0.02905	0.03592	0.07426	0.08425	0.02187	0.02338	0.01601	0.01022	0.00916	0.00303	0.01292	0.00776	0.00574	0.01504
21	0.02480	0.08075	0.03011	0.03010	0.18770	0.02043	0.01859	0.03165	0.07319	0.07156	0.02306	0.02807	0.01924	0.05647	0.01207	0.00298	0.00960	0.00843	0.00652	0.26469
22	0.02982	0.03034	0.12609	0.07057	0.11546	0.06911	0.10899	0.09777	0.08946	0.12090	0.02555	0.02762	0.01850	0.01082	0.01042	0.00321	0.01300	0.00965	0.00736	0.01535
23	0.03183	0.01400	0.01847	0.01544	0.02068	0.01246	0.01224	0.03599	0.02762	0.32929	0.18327	0.08730	0.04765	0.01616	0.01059	0.00316	0.00699	0.01373	0.09940	0.01374
24	0.01782	0.01385	0.01682	0.05783	0.02197	0.01423	0.01248	0.07896	0.08432	0.03654	0.19517	0.22534	0.13959	0.02245	0.01188	0.00356	0.00691	0.01961	0.00983	0.01083
25	0.01414	0.01036	0.01326	0.01278	0.01516	0.00948	0.00949	0.01852	0.02777	0.03870	0.48519	0.12226	0.13994	0.02233	0.01218	0.00332	0.00496	0.01969	0.01099	0.00948
26	0.02095	0.01931	0.03163	0.53853	0.10798	0.02343	0.02823	0.05538	0.02229	0.02894	0.01868	0.02705	0.01409	0.01029	0.01025	0.00337	0.01343	0.00913	0.00492	0.01212
27	0.01762	0.00983	0.01073	0.01053	0.01272	0.00963	0.00770	0.02199	0.02278	0.03733	0.16508	0.05027	0.04460	0.07027	0.01241	0.00327	0.00526	0.01225	0.46643	0.00929
28	0.01938	0.01824	0.03078	0.61468	0.07068	0.02280	0.02850	0.02622	0.02052	0.02622	0.01824	0.02736	0.01368	0.01026	0.01026	0.00342	0.01368	0.00912	0.00456	0.01140
29	0.02464	0.03494	0.23378	0.04166	0.17528	0.02416	0.21064	0.03350	0.02346	0.06773	0.02085	0.02553	0.01548	0.00940	0.01071	0.00327	0.01479	0.00973	0.00535	0.01511
30	0.01842	0.01639	0.06264	0.01674	0.02120	0.01373	0.05183	0.06316	0.02835	0.04122	0.35243	0.05813	0.06607	0.01698	0.01095	0.00309	0.00708	0.01497	0.12562	0.01101
31	0.02744	0.64552	0.05378	0.01756	0.02634	0.04061	0.01756	0.03073	0.02085	0.02414	0.01427	0.01646	0.01317	0.00878	0.00658	0.00219	0.01097	0.00549	0.00439	0.01317
32	0.02370	0.02275	0.15175	0.02039	0.02710	0.01495	0.05162	0.02931	0.02431	0.16704	0.12389	0.21556	0.04597	0.01886	0.01141	0.00351	0.00933	0.01672	0.00910	0.01274
33	0.02757	0.02631	0.13479	0.02519	0.06590	0.02038	0.05364	0.14347	0.02875	0.12108	0.03149	0.12562	0.02785	0.01512	0.01073	0.00328	0.01082	0.04372	0.00829	0.07601
34	0.01544	0.01226	0.01805	0.02337	0.12310	0.01173	0.01380	0.01875	0.02248	0.03097	0.16474	0.39056	0.06442	0.02520	0.01231	0.00374	0.00691	0.02292	0.00907	0.01017
35	0.02442	0.01257	0.01627	0.01412	0.01832	0.01126	0.01102	0.02882	0.02814	0.20720	0.32963	0.06261	0.10656	0.01814	0.01118	0.00317	0.00607	0.01558	0.06292	0.01200
36	0.02369	0.02787	0.12329	0.13516	0.33244	0.02427	0.06268	0.03315	0.07377	0.03313	0.02125	0.02650	0.01677	0.00983	0.01026	0.00320	0.01281	0.00932	0.00541	0.01521
37	0.08448	0.04092	0.39172	0.02610	0.03824	0.02168	0.06287	0.03271	0.02291	0.08719	0.07394	0.02822	0.02234	0.01103	0.00988	0.00325	0.01304	0.00902	0.00605	0.01441
38	0.03158	0.01510	0.01940	0.01595	0.02140	0.01393	0.01275	0.07507	0.03003	0.29551	0.23187	0.04965	0.05093	0.01563	0.01069	0.00312	0.00716	0.01317	0.07313	0.01392
39	0.01492	0.01137	0.01409	0.01518	0.01760	0.01099	0.01184	0.02030	0.06504	0.03102	0.12596	0.23859	0.18088	0.02682	0.01288	0.00401	0.00690	0.17227	0.00978	0.00953
40	0.02888	0.03079	0.23004	0.13259	0.04059	0.02036	0.02576	0.06850	0.02611	0.20280	0.06888	0.03130	0.02380	0.01180	0.01024	0.00325	0.01186	0.00968	0.00787	0.01489
41	0.02901	0.07752	0.08067	0.07548	0.03122	0.01917	0.01783	0.06790	0.02517	0.18588	0.02739	0.07129	0.02159	0.01175	0.00932	0.00269	0.00966	0.00959	0.00800	0.21888
42	0.04604	0.01746	0.02382	0.01826	0.02620	0.01508	0.01508	0.05001	0.02937	0.58244	0.04049	0.03493	0.02540	0.01270	0.01032	0.00318	0.00873	0.01032	0.01270	0.01746
43	0.02789	0.02559	0.13885	0.15717	0.08489	0.01997	0.09011	0.03459	0.02395	0.19173	0.02862	0.08249	0.02227	0.01254	0.01066	0.00336	0.01217	0.01135	0.00747	0.01432
44	0.12584	0.02683	0.12028	0.08794	0.15354	0.02279	0.02380	0.10814	0.02698	0.17014	0.02419	0.02594	0.01712	0.01071	0.00963	0.00317	0.01128	0.00868	0.00765	0.01535
45	0.02688	0.02897	0.11829	0.11882	0.15251	0.07741	0.10251	0.06527	0.02609	0.09022	0.07065	0.03031	0.02322	0.01108	0.01052	0.00319	0.01315	0.01008	0.00660	0.01423

[dist]
# distance from previous block
# <min> <max>
0	6

[block]
# block no. 3 follows, 14 sequences, length 18
# corresponding to MSA columns:
# 158-175
name=unknown_D
#
# <colnr> <probs for GDERKNQSTAVLIFYWHMCP>
#	G	D	E	R	K	N	Q	S	T	A	V	L	I	F	Y	W	H	M	C	P
0	0.07506	0.01968	0.06025	0.05641	0.09555	0.01841	0.01816	0.07373	0.08452	0.09101	0.14028	0.10335	0.04305	0.01672	0.01094	0.00345	0.00899	0.05845	0.00892	0.01306
1	0.02471	0.06752	0.13648	0.06392	0.03198	0.01980	0.01962	0.08246	0.02550	0.08266	0.07325	0.02828	0.02341	0.01050	0.00909	0.00252	0.01000	0.00845	0.00700	0.27285
2	0.27574	0.02163	0.06454	0.02168	0.07777	0.01941	0.01697	0.03997	0.02404	0.30068	0.02762	0.02662	0.01859	0.01103	0.00887	0.00317	0.00927	0.00833	0.00912	0.01495
3	0.01893	0.01563	0.01850	0.01528	0.02143	0.01311	0.01167	0.02509	0.07065	0.03332	0.08223	0.17401	0.03704	0.01531	0.00960	0.00249	0.00699	0.01329	0.00780	0.40763
4	0.03187	0.08684	0.13238	0.02787	0.10418	0.02461	0.02296	0.08719	0.07502	0.19874	0.02693	0.02751	0.01930	0.01193	0.01227	0.00323	0.07430	0.00908	0.00807	0.01571
5	0.01452	0.01086	0.01387	0.01395	0.01650	0.00973	0.01033	0.01809	0.02410	0.03327	0.25600	0.26909	0.11016	0.02447	0.01216	0.00352	0.00593	0.06257	0.00985	0.08102
6	0.02725	0.02542	0.07289	0.02397	0.05725	0.02558	0.01916	0.15794	0.33332	0.04531	0.03576	0.07303	0.02832	0.01418	0.01051	0.00339	0.00950	0.01178	0.00954	0.01589
7	0.01272	0.00926	0.01199	0.01375	0.01484	0.00853	0.00938	0.01496	0.02117	0.02819	0.12446	0.51303	0.11951	0.03018	0.01288	0.00398	0.00574	0.02715	0.00974	0.00853
8	0.02744	0.64552	0.05378	0.01756	0.02634	0.04061	0.01756	0.03073	0.02085	0.02414	0.01427	0.01646	0.01317	0.00878	0.00658	0.00219	0.01097	0.00549	0.00439	0.01317
9	0.02405	0.03145	0.21070	0.02742	0.03684	0.02240	0.13343	0.03829	0.17120	0.08149	0.03123	0.09213	0.02539	0.01325	0.01084	0.00345	0.01216	0.01214	0.00746	0.01467
10	0.03167	0.02194	0.02974	0.13437	0.12837	0.02387	0.02172	0.13371	0.11645	0.17081	0.02855	0.02984	0.02053	0.01211	0.01169	0.00331	0.04725	0.00984	0.00863	0.01560
11	0.02890	0.02683	0.08603	0.02646	0.06981	0.05347	0.02140	0.08680	0.19134	0.11070	0.02803	0.02922	0.02116	0.01361	0.01573	0.00354	0.15415	0.00976	0.00805	0.01502
12	0.02174	0.01684	0.02110	0.07435	0.02494	0.01888	0.01441	0.12129	0.02268	0.03131	0.02449	0.04059	0.02390	0.23251	0.08525	0.04515	0.09428	0.01100	0.00644	0.06882
13	0.01250	0.00893	0.01191	0.01429	0.01488	0.00834	0.00953	0.01429	0.01965	0.02620	0.05656	0.63265	0.06787	0.03215	0.01310	0.00417	0.00595	0.02917	0.00953	0.00834
14	0.02649	0.01808	0.02181	0.01584	0.02471	0.01398	0.01278	0.03093	0.02298	0.14900	0.02292	0.02415	0.01735	0.00867	0.00817	0.00187	0.00784	0.00697	0.00747	0.55797
15	0.02591	0.01809	0.02175	0.01577	0.02467	0.01394	0.01271	0.03036	0.02279	0.13613	0.02240	0.02383	0.01711	0.00855	0.00811	0.00183	0.00781	0.00687	0.00732	0.57403
16	0.02958	0.01913	0.02293	0.01687	0.02559	0.01593	0.01369	0.08566	0.02619	0.17997	0.02471	0.02519	0.01810	0.00942	0.00859	0.00211	0.00828	0.00751	0.00824	0.45231
17	0.02128	0.01824	0.02128	0.01520	0.02432	0.01368	0.01216	0.02584	0.02128	0.03344	0.01824	0.02128	0.01520	0.00760	0.00760	0.00152	0.00760	0.00608	0.00608	0.70208

[dist]
# distance from previous block
# <min> <max>
2	31

[block]
# block no. 4 follows, 14 sequences, length 40
# corresponding to MSA columns:
# 207-246
name=unknown_E
#
# <colnr> <probs for GDERKNQSTAVLIFYWHMCP>
#	G	D	E	R	K	N	Q	S	T	A	V	L	I	F	Y	W	H	M	C	P
0	0.02496	0.01778	0.01791	0.01556	0.02021	0.04975	0.01220	0.14267	0.06914	0.07456	0.10130	0.04946	0.13536	0.01578	0.00988	0.00298	0.00760	0.01277	0.20786	0.01228
1	0.71184	0.01985	0.01508	0.01350	0.01985	0.02302	0.01111	0.03017	0.01746	0.04604	0.01429	0.01667	0.01111	0.00953	0.00635	0.00318	0.00794	0.00556	0.00635	0.01111
2	0.71184	0.01985	0.01508	0.01350	0.01985	0.02302	0.01111	0.03017	0.01746	0.04604	0.01429	0.01667	0.01111	0.00953	0.00635	0.00318	0.00794	0.00556	0.00635	0.01111
3	0.01437	0.01037	0.01358	0.01301	0.01530	0.00958	0.00967	0.01899	0.02835	0.04003	0.53156	0.11820	0.09467	0.02181	0.01218	0.00330	0.00492	0.01935	0.01116	0.00958
4	0.01732	0.01931	0.09858	0.01851	0.02228	0.01661	0.01648	0.02373	0.05481	0.03531	0.30122	0.11469	0.06222	0.01958	0.01590	0.00359	0.12421	0.01589	0.00877	0.01099
5	0.01404	0.01012	0.01328	0.01324	0.01522	0.00936	0.00965	0.01815	0.02680	0.03758	0.44719	0.20958	0.08991	0.02365	0.01234	0.00345	0.00511	0.02110	0.01087	0.00936
6	0.02323	0.01610	0.01791	0.01614	0.02074	0.01646	0.01232	0.07068	0.18688	0.11293	0.05992	0.11940	0.19655	0.06591	0.01432	0.00396	0.00747	0.01637	0.01006	0.01264
7	0.03780	0.03105	0.02992	0.02379	0.03138	0.11156	0.01928	0.42988	0.08771	0.05727	0.02482	0.02490	0.01800	0.01220	0.01014	0.00305	0.01205	0.00906	0.00958	0.01656
8	0.12282	0.02017	0.02326	0.01886	0.02563	0.02062	0.01556	0.19926	0.03338	0.24376	0.08867	0.04065	0.03141	0.01439	0.01032	0.00328	0.00911	0.05305	0.01068	0.01514
9	0.02912	0.45042	0.04502	0.01962	0.02735	0.13823	0.01778	0.03594	0.09827	0.02698	0.01845	0.01992	0.01575	0.00983	0.00761	0.00246	0.01192	0.00655	0.00541	0.01338
10	0.65603	0.02058	0.01639	0.01433	0.02084	0.02375	0.01181	0.07254	0.02002	0.04759	0.01515	0.01733	0.01164	0.00976	0.00668	0.00317	0.00822	0.00586	0.00668	0.01164
11	0.02369	0.02201	0.03670	0.21949	0.29962	0.02346	0.06531	0.07102	0.02437	0.03334	0.02229	0.07097	0.01935	0.01140	0.01056	0.00327	0.01248	0.01084	0.00569	0.01414
12	0.01379	0.01163	0.01209	0.01176	0.01536	0.01054	0.00888	0.01939	0.08000	0.03072	0.14619	0.09010	0.46484	0.02420	0.01195	0.00344	0.00547	0.02028	0.00981	0.00957
13	0.02093	0.01764	0.02074	0.02154	0.08209	0.04706	0.01464	0.06758	0.13084	0.04155	0.33743	0.05664	0.06496	0.01711	0.01128	0.00321	0.00749	0.01485	0.01005	0.01237
14	0.01913	0.00956	0.00956	0.00956	0.01196	0.00956	0.00717	0.02391	0.02152	0.03826	0.03348	0.03826	0.02630	0.01196	0.00717	0.00239	0.00478	0.00956	0.69632	0.00956
15	0.03583	0.24569	0.03778	0.02101	0.02913	0.08156	0.01825	0.25258	0.03443	0.11661	0.02237	0.02262	0.01665	0.01098	0.00889	0.00274	0.01146	0.00784	0.00810	0.01547
16	0.03584	0.04489	0.02747	0.02502	0.03001	0.53656	0.01877	0.03872	0.02908	0.02679	0.07385	0.02459	0.02197	0.01166	0.00955	0.00270	0.01708	0.00786	0.00592	0.01167
17	0.02810	0.02332	0.02465	0.02141	0.02767	0.02673	0.01687	0.14747	0.45966	0.04708	0.03850	0.03568	0.02868	0.01362	0.01041	0.00340	0.00873	0.01115	0.01041	0.01647
18	0.01250	0.00893	0.01191	0.01429	0.01488	0.00834	0.00953	0.01429	0.01965	0.02620	0.05656	0.63265	0.06787	0.03215	0.01310	0.00417	0.00595	0.02917	0.00953	0.00834
19	0.02744	0.64552	0.05378	0.01756	0.02634	0.04061	0.01756	0.03073	0.02085	0.02414	0.01427	0.01646	0.01317	0.00878	0.00658	0.00219	0.01097	0.00549	0.00439	0.01317
20	0.03003	0.31801	0.20145	0.02114	0.03157	0.02942	0.02288	0.03600	0.02319	0.16432	0.02194	0.02253	0.01614	0.01003	0.00843	0.00274	0.01164	0.00729	0.00642	0.01481
21	0.01938	0.01824	0.03078	0.61468	0.07068	0.02280	0.02850	0.02622	0.02052	0.02622	0.01824	0.02736	0.01368	0.01026	0.01026	0.00342	0.01368	0.00912	0.00456	0.01140
22	0.01272	0.00909	0.01210	0.01414	0.01493	0.00848	0.00954	0.01482	0.02063	0.02777	0.11047	0.57427	0.07091	0.03098	0.01299	0.00407	0.00584	0.02806	0.00971	0.00848
23	0.02243	0.02414	0.08217	0.29573	0.31584	0.02366	0.03075	0.02933	0.02201	0.03032	0.01878	0.02593	0.01489	0.00967	0.01017	0.00322	0.01307	0.00900	0.00480	0.01409
24	0.01534	0.01446	0.01299	0.01256	0.01602	0.07076	0.00942	0.01837	0.02507	0.03001	0.18371	0.08611	0.42198	0.02341	0.01182	0.00333	0.00653	0.01949	0.00942	0.00920
25	0.03693	0.01962	0.02374	0.01924	0.02617	0.01968	0.01553	0.11362	0.17497	0.32269	0.08265	0.03794	0.03188	0.01367	0.01049	0.00325	0.00858	0.01121	0.01165	0.01649
26	0.01474	0.01069	0.01492	0.01492	0.01621	0.01198	0.01087	0.01732	0.01603	0.02266	0.02892	0.04826	0.02910	0.24344	0.43693	0.01456	0.02230	0.01216	0.00571	0.00829
27	0.06404	0.03953	0.31680	0.02757	0.03928	0.02528	0.08342	0.13673	0.06698	0.06916	0.02256	0.02455	0.01606	0.01060	0.01000	0.00325	0.01337	0.00873	0.00661	0.01546
28	0.07041	0.02667	0.03591	0.07847	0.03893	0.12092	0.16888	0.06717	0.02747	0.22248	0.02636	0.02782	0.01825	0.01076	0.01044	0.00318	0.01343	0.00979	0.00807	0.01460
29	0.08049	0.04075	0.02589	0.02387	0.02878	0.45477	0.01789	0.03844	0.06630	0.02797	0.02194	0.08434	0.02015	0.01302	0.00955	0.00290	0.01570	0.00928	0.00619	0.01179
30	0.01477	0.01109	0.01399	0.01571	0.01723	0.01114	0.01121	0.02072	0.09618	0.02904	0.05423	0.49414	0.06177	0.02917	0.01283	0.00413	0.00663	0.07678	0.00965	0.00957
31	0.02128	0.01824	0.02128	0.01520	0.02432	0.01368	0.01216	0.02584	0.02128	0.03344	0.01824	0.02128	0.01520	0.00760	0.00760	0.00152	0.00760	0.00608	0.00608	0.70208
32	0.02932	0.07873	0.22579	0.02354	0.03306	0.02453	0.02432	0.14167	0.05705	0.13756	0.02720	0.07026	0.02125	0.01307	0.01132	0.00327	0.04483	0.01015	0.00781	0.01525
33	0.01249	0.01019	0.01104	0.01129	0.01420	0.00875	0.00829	0.01526	0.02357	0.02923	0.15707	0.17388	0.43656	0.02624	0.01227	0.00354	0.00526	0.02236	0.00976	0.00875
34	0.01938	0.01824	0.03078	0.61468	0.07068	0.02280	0.02850	0.02622	0.02052	0.02622	0.01824	0.02736	0.01368	0.01026	0.01026	0.00342	0.01368	0.00912	0.00456	0.01140
35	0.10379	0.02549	0.11489	0.02185	0.03024	0.02130	0.04991	0.04555	0.19501	0.23320	0.03344	0.03154	0.02323	0.01204	0.00996	0.00330	0.01000	0.00990	0.00953	0.01583
36	0.02325	0.02600	0.14576	0.03660	0.23640	0.01974	0.02484	0.03144	0.06337	0.08171	0.10511	0.09848	0.03447	0.01407	0.01070	0.00328	0.01050	0.01258	0.00734	0.01435
37	0.01287	0.00968	0.01199	0.01343	0.01511	0.00880	0.00958	0.01536	0.02179	0.02824	0.11389	0.39830	0.20949	0.02920	0.01282	0.00393	0.00591	0.06132	0.00967	0.00862
38	0.01492	0.00995	0.01119	0.01119	0.01119	0.00995	0.00622	0.01492	0.01492	0.01990	0.03233	0.06716	0.03731	0.63935	0.05223	0.00995	0.00995	0.01492	0.00622	0.00622
39	0.64021	0.08533	0.01913	0.01392	0.02053	0.02486	0.01179	0.03022	0.01782	0.04375	0.01429	0.01665	0.01133	0.00945	0.00638	0.00307	0.00826	0.00555	0.00615	0.01133

[dist]
# distance from previous block
# <min> <max>
0	25

# created by:
# /st0/software/busco_prod/Augustus/scripts/msa2prfl.pl ./align_prep/6207.fa
