[name]
unknown

[dist]
# distance from previous block
# <min> <max>
0	1896

[block]
# block no. 0 follows, 8 sequences, length 26
# corresponding to MSA columns:
# 1896-1921
name=unknown_A
#
# <colnr> <probs for GDERKNQSTAVLIFYWHMCP>
#	G	D	E	R	K	N	Q	S	T	A	V	L	I	F	Y	W	H	M	C	P
0	0.02838	0.03138	0.12876	0.15324	0.05225	0.02551	0.07543	0.03659	0.02686	0.08753	0.02988	0.04341	0.02465	0.01544	0.01555	0.00411	0.06718	0.05428	0.00756	0.09201
1	0.02860	0.02400	0.04169	0.08848	0.04578	0.02359	0.16784	0.07677	0.03134	0.08566	0.04842	0.15538	0.08540	0.02017	0.01426	0.00430	0.01410	0.01946	0.00950	0.01524
2	0.03550	0.02333	0.03022	0.14605	0.04370	0.02368	0.02135	0.12120	0.03362	0.14557	0.03189	0.03901	0.02463	0.08021	0.01805	0.00450	0.01261	0.01154	0.00980	0.14354
3	0.02625	0.08532	0.04431	0.18093	0.05432	0.02809	0.12508	0.03661	0.07511	0.03687	0.03076	0.09056	0.02708	0.01485	0.01252	0.00383	0.01461	0.01407	0.00740	0.09143
4	0.03441	0.03150	0.03396	0.15098	0.04588	0.13242	0.02537	0.08108	0.03166	0.08391	0.07461	0.03682	0.02961	0.01665	0.01882	0.00414	0.13280	0.01182	0.00834	0.01521
5	0.02538	0.03399	0.15227	0.31813	0.15929	0.02838	0.03814	0.03500	0.02596	0.03551	0.02246	0.03105	0.01705	0.01203	0.01228	0.00401	0.01668	0.01063	0.00560	0.01616
6	0.02573	0.14946	0.02989	0.01778	0.02335	0.02165	0.01482	0.03103	0.03289	0.09439	0.31763	0.06960	0.08312	0.02074	0.01282	0.00361	0.00822	0.01755	0.01186	0.01385
7	0.02576	0.01456	0.01810	0.01644	0.02119	0.01278	0.01259	0.03009	0.03191	0.15074	0.21490	0.13868	0.21066	0.02646	0.01431	0.00412	0.00732	0.02270	0.01320	0.01348
8	0.04716	0.02259	0.02746	0.02160	0.02995	0.02191	0.01767	0.14743	0.03931	0.30087	0.04273	0.04019	0.02871	0.01513	0.01174	0.00363	0.01038	0.01202	0.14025	0.01925
9	0.02671	0.03633	0.15018	0.03340	0.03789	0.03592	0.03184	0.03230	0.02085	0.03230	0.01782	0.02703	0.01622	0.01938	0.03381	0.00509	0.41225	0.01049	0.00541	0.01480
10	0.01865	0.02483	0.13264	0.02033	0.02632	0.01550	0.01933	0.02481	0.02775	0.03857	0.18658	0.18125	0.11194	0.09143	0.02023	0.00521	0.01004	0.02201	0.01021	0.01238
11	0.03129	0.44639	0.17069	0.02478	0.03734	0.04434	0.02735	0.03784	0.02556	0.03179	0.01855	0.02153	0.01594	0.01095	0.00893	0.00298	0.01457	0.00728	0.00531	0.01658
12	0.01757	0.02392	0.13225	0.02178	0.02682	0.01471	0.01997	0.02274	0.02446	0.03368	0.05739	0.42527	0.06617	0.03241	0.01491	0.00479	0.00996	0.02903	0.01003	0.01214
13	0.03129	0.44639	0.17069	0.02478	0.03734	0.04434	0.02735	0.03784	0.02556	0.03179	0.01855	0.02153	0.01594	0.01095	0.00893	0.00298	0.01457	0.00728	0.00531	0.01658
14	0.19680	0.02074	0.02422	0.01947	0.02781	0.01985	0.01596	0.05098	0.03097	0.33177	0.04036	0.03750	0.02675	0.01437	0.01089	0.00374	0.00978	0.01101	0.08888	0.01815
15	0.01812	0.01208	0.01359	0.01359	0.01359	0.01208	0.00755	0.01812	0.01812	0.02416	0.03926	0.08155	0.04530	0.56207	0.06342	0.01208	0.01208	0.01812	0.00755	0.00755
16	0.01780	0.01335	0.02003	0.02003	0.02225	0.01558	0.01558	0.02225	0.02003	0.02893	0.03338	0.04895	0.03115	0.09346	0.51268	0.02003	0.03338	0.01335	0.00668	0.01113
17	0.04135	0.01693	0.02121	0.01747	0.02411	0.01533	0.01404	0.04661	0.03142	0.29404	0.04537	0.04422	0.03133	0.01502	0.01083	0.00343	0.00847	0.01212	0.28978	0.01693
18	0.03587	0.03059	0.06265	0.04512	0.05700	0.02829	0.33647	0.04499	0.03094	0.15039	0.03105	0.03576	0.02182	0.01170	0.01418	0.00412	0.01847	0.01418	0.00853	0.01788
19	0.01764	0.01274	0.01666	0.01568	0.01862	0.01176	0.01176	0.02352	0.03527	0.04997	0.47776	0.09308	0.11758	0.02548	0.01470	0.00392	0.00588	0.02254	0.01372	0.01176
20	0.02499	0.06446	0.49750	0.03552	0.05393	0.02894	0.04604	0.03946	0.02631	0.03946	0.02236	0.02631	0.01579	0.01184	0.01184	0.00395	0.01842	0.00921	0.00526	0.01842
21	0.02634	0.02204	0.03920	0.20486	0.05522	0.02297	0.12536	0.03407	0.02959	0.08074	0.12615	0.05825	0.04566	0.01735	0.01399	0.00426	0.01432	0.05608	0.00899	0.01455
22	0.09595	0.02891	0.04746	0.10393	0.18664	0.02954	0.12912	0.08977	0.03204	0.09615	0.02679	0.03191	0.01998	0.01211	0.01251	0.00391	0.01540	0.01172	0.00809	0.01808
23	0.02868	0.08390	0.03982	0.24721	0.05745	0.02770	0.07205	0.03848	0.07318	0.08610	0.03371	0.09792	0.02873	0.01610	0.01266	0.00408	0.01419	0.01445	0.00820	0.01541
24	0.03153	0.20181	0.04070	0.02522	0.03022	0.15128	0.02075	0.03442	0.02543	0.02948	0.02569	0.08875	0.02668	0.07574	0.02294	0.00469	0.13217	0.01240	0.00656	0.01353
25	0.09619	0.08933	0.03112	0.07625	0.03555	0.02312	0.01765	0.03274	0.02516	0.03995	0.02102	0.02533	0.01739	0.01003	0.00927	0.00243	0.01060	0.00764	0.00696	0.42226

[dist]
# distance from previous block
# <min> <max>
0	12

[block]
# block no. 1 follows, 8 sequences, length 21
# corresponding to MSA columns:
# 1934-1954
name=unknown_B
#
# <colnr> <probs for GDERKNQSTAVLIFYWHMCP>
#	G	D	E	R	K	N	Q	S	T	A	V	L	I	F	Y	W	H	M	C	P
0	0.03478	0.03623	0.13086	0.09337	0.04484	0.03107	0.02775	0.24221	0.04299	0.05767	0.04135	0.04271	0.08623	0.01639	0.01266	0.00391	0.01400	0.01297	0.00991	0.01809
1	0.02269	0.09352	0.02360	0.01851	0.02174	0.01681	0.01379	0.02544	0.02548	0.08650	0.05886	0.41504	0.06658	0.03208	0.01435	0.00457	0.00852	0.02850	0.01112	0.01230
2	0.02886	0.02754	0.09143	0.21922	0.16304	0.02476	0.03141	0.03687	0.02884	0.09765	0.09242	0.04174	0.03385	0.01434	0.01269	0.00394	0.01404	0.01272	0.00814	0.01649
3	0.40059	0.10003	0.09378	0.02196	0.03134	0.10121	0.02055	0.03902	0.02447	0.04672	0.01833	0.02139	0.01449	0.01168	0.00884	0.00363	0.01318	0.00727	0.00689	0.01462
4	0.02453	0.02225	0.03767	0.12150	0.18966	0.02263	0.07059	0.03177	0.02982	0.04121	0.14987	0.06344	0.05241	0.01834	0.01392	0.00417	0.01291	0.06926	0.00883	0.01523
5	0.02584	0.02215	0.02584	0.01846	0.02953	0.01661	0.01477	0.03138	0.02584	0.04061	0.02215	0.02584	0.01846	0.00923	0.00923	0.00185	0.00923	0.00738	0.00738	0.63824
6	0.01829	0.01376	0.01718	0.01788	0.02028	0.01364	0.01278	0.02643	0.08954	0.04119	0.21301	0.31714	0.08880	0.03106	0.01502	0.00453	0.00711	0.02780	0.01250	0.01206
7	0.24975	0.01995	0.02203	0.01846	0.02566	0.01989	0.01492	0.04259	0.03060	0.22546	0.15188	0.04824	0.04789	0.01676	0.01145	0.00387	0.00902	0.01320	0.01232	0.01605
8	0.01764	0.01274	0.01666	0.01568	0.01862	0.01176	0.01176	0.02352	0.03527	0.04997	0.47776	0.09308	0.11758	0.02548	0.01470	0.00392	0.00588	0.02254	0.01372	0.01176
9	0.02355	0.01380	0.01710	0.01558	0.01968	0.01250	0.01193	0.02884	0.03297	0.11150	0.29888	0.08334	0.14942	0.02342	0.01354	0.00381	0.00663	0.02013	0.10046	0.01292
10	0.02941	0.03361	0.07353	0.05252	0.06513	0.03151	0.43908	0.03992	0.02941	0.03992	0.02521	0.03361	0.01891	0.01050	0.01471	0.00420	0.02101	0.01471	0.00630	0.01681
11	0.01780	0.01335	0.02003	0.02003	0.02225	0.01558	0.01558	0.02225	0.02003	0.02893	0.03338	0.04895	0.03115	0.09346	0.51268	0.02003	0.03338	0.01335	0.00668	0.01113
12	0.04276	0.20549	0.04390	0.02902	0.03665	0.37952	0.02329	0.04620	0.03245	0.03016	0.01871	0.02176	0.01603	0.01222	0.01031	0.00305	0.01985	0.00764	0.00611	0.01489
13	0.02584	0.02215	0.02584	0.01846	0.02953	0.01661	0.01477	0.03138	0.02584	0.04061	0.02215	0.02584	0.01846	0.00923	0.00923	0.00185	0.00923	0.00738	0.00738	0.63824
14	0.02008	0.01495	0.02312	0.02038	0.02247	0.01512	0.06591	0.02150	0.01968	0.02679	0.03349	0.06187	0.03530	0.31413	0.14585	0.11040	0.01736	0.01557	0.00688	0.00915
15	0.23445	0.12996	0.27038	0.02693	0.04057	0.03179	0.03134	0.03818	0.02446	0.04335	0.01991	0.02330	0.01505	0.01156	0.00986	0.00372	0.01470	0.00799	0.00609	0.01640
16	0.02818	0.09471	0.03618	0.22992	0.05311	0.03056	0.02549	0.07973	0.14225	0.04132	0.03467	0.08985	0.02955	0.01645	0.01230	0.00403	0.01315	0.01388	0.00869	0.01598
17	0.18880	0.09611	0.02886	0.02718	0.09493	0.02398	0.01804	0.02905	0.02366	0.03894	0.03707	0.20260	0.03963	0.02911	0.06420	0.00576	0.01265	0.01766	0.00831	0.01345
18	0.28414	0.08883	0.12452	0.08888	0.04022	0.02885	0.02442	0.04042	0.02542	0.11495	0.02396	0.02660	0.01734	0.01225	0.00995	0.00379	0.01286	0.00871	0.00789	0.01601
19	0.02310	0.01859	0.02136	0.02018	0.02457	0.01993	0.01522	0.04125	0.22030	0.04808	0.22680	0.14470	0.07725	0.02384	0.01400	0.00423	0.00783	0.02085	0.01293	0.01499
20	0.02922	0.02560	0.04005	0.26646	0.06218	0.02869	0.09213	0.13213	0.03375	0.04456	0.03060	0.10032	0.02667	0.01623	0.01326	0.00418	0.01536	0.01485	0.00814	0.01563

[dist]
# distance from previous block
# <min> <max>
1	8

[block]
# block no. 2 follows, 8 sequences, length 8
# corresponding to MSA columns:
# 1963-1970
name=unknown_C
#
# <colnr> <probs for GDERKNQSTAVLIFYWHMCP>
#	G	D	E	R	K	N	Q	S	T	A	V	L	I	F	Y	W	H	M	C	P
0	0.16334	0.02455	0.03241	0.02388	0.03448	0.02167	0.08767	0.03400	0.02544	0.04384	0.02162	0.02595	0.01745	0.00996	0.00984	0.00269	0.01135	0.00851	0.00727	0.39407
1	0.14033	0.30573	0.14755	0.02366	0.03539	0.03781	0.02504	0.04021	0.02595	0.08646	0.02189	0.02385	0.01713	0.01159	0.00928	0.00328	0.01351	0.00787	0.00682	0.01666
2	0.03251	0.20361	0.13963	0.18042	0.05293	0.03316	0.02996	0.04012	0.02719	0.11214	0.02533	0.02920	0.01870	0.01227	0.01093	0.00359	0.01491	0.00955	0.00712	0.01673
3	0.03812	0.14703	0.04414	0.12390	0.14177	0.13078	0.02732	0.04360	0.02995	0.12086	0.02596	0.02944	0.01976	0.01243	0.01125	0.00349	0.01558	0.00980	0.00770	0.01712
4	0.02517	0.02316	0.03536	0.42100	0.07411	0.02841	0.03134	0.03938	0.12072	0.03629	0.02841	0.03613	0.02131	0.01343	0.01251	0.00417	0.01513	0.01174	0.00710	0.01513
5	0.01917	0.02075	0.06665	0.02041	0.02446	0.01862	0.01766	0.02385	0.02724	0.03687	0.16455	0.12687	0.21333	0.02687	0.02029	0.00447	0.12435	0.02131	0.01009	0.01221
6	0.01687	0.01220	0.01580	0.01806	0.01973	0.01161	0.01340	0.01997	0.02519	0.03283	0.07137	0.33435	0.12057	0.09145	0.02111	0.00589	0.00887	0.13932	0.01112	0.01029
7	0.03278	0.03473	0.03241	0.16296	0.04816	0.17666	0.02410	0.04485	0.12413	0.03762	0.02752	0.03132	0.02150	0.01291	0.01148	0.00341	0.01548	0.01005	0.00775	0.14018

[dist]
# distance from previous block
# <min> <max>
0	2

[block]
# block no. 3 follows, 8 sequences, length 9
# corresponding to MSA columns:
# 1973-1981
name=unknown_D
#
# <colnr> <probs for GDERKNQSTAVLIFYWHMCP>
#	G	D	E	R	K	N	Q	S	T	A	V	L	I	F	Y	W	H	M	C	P
0	0.12397	0.13553	0.03217	0.02114	0.02777	0.08174	0.01703	0.07939	0.02981	0.10911	0.03454	0.11614	0.03255	0.08600	0.01769	0.00475	0.01234	0.01415	0.00935	0.01482
1	0.04228	0.04127	0.16609	0.02967	0.04198	0.03297	0.02922	0.27378	0.04617	0.12729	0.03056	0.03070	0.02106	0.01414	0.01230	0.00381	0.01459	0.01084	0.01086	0.02041
2	0.03978	0.04786	0.03419	0.10832	0.04456	0.36043	0.02430	0.04414	0.03224	0.03225	0.02016	0.02467	0.01651	0.01223	0.01112	0.00315	0.01953	0.00840	0.00643	0.10974
3	0.29487	0.03548	0.02897	0.02567	0.03082	0.17470	0.02053	0.03866	0.02480	0.04104	0.01764	0.02289	0.01506	0.01484	0.01813	0.00411	0.16300	0.00830	0.00669	0.01382
4	0.04737	0.03490	0.03740	0.02867	0.03864	0.03864	0.02368	0.44278	0.05859	0.07853	0.02992	0.02992	0.02119	0.01496	0.01247	0.00374	0.01371	0.01122	0.01247	0.02119
5	0.01501	0.01150	0.01378	0.01560	0.01761	0.01027	0.01079	0.01755	0.02554	0.03250	0.09001	0.39311	0.22947	0.03627	0.01547	0.00474	0.00689	0.03204	0.01157	0.01027
6	0.01473	0.01262	0.01262	0.01262	0.01683	0.01052	0.00947	0.01788	0.02840	0.03366	0.12624	0.11992	0.47928	0.03156	0.01473	0.00421	0.00631	0.02630	0.01157	0.01052
7	0.05591	0.02121	0.02892	0.02217	0.03181	0.01832	0.01832	0.06073	0.03567	0.49296	0.04916	0.04241	0.03085	0.01542	0.01253	0.00386	0.01060	0.01253	0.01542	0.02121
8	0.01764	0.01274	0.01666	0.01568	0.01862	0.01176	0.01176	0.02352	0.03527	0.04997	0.47776	0.09308	0.11758	0.02548	0.01470	0.00392	0.00588	0.02254	0.01372	0.01176

[dist]
# distance from previous block
# <min> <max>
0	13

[block]
# block no. 4 follows, 8 sequences, length 25
# corresponding to MSA columns:
# 2011-2035
name=unknown_E
#
# <colnr> <probs for GDERKNQSTAVLIFYWHMCP>
#	G	D	E	R	K	N	Q	S	T	A	V	L	I	F	Y	W	H	M	C	P
0	0.04338	0.03192	0.03456	0.02727	0.03610	0.03511	0.02218	0.39008	0.05429	0.07275	0.03472	0.09483	0.02878	0.01794	0.01289	0.00390	0.01291	0.01422	0.01235	0.01982
1	0.01780	0.01335	0.02003	0.02003	0.02225	0.01558	0.01558	0.02225	0.02003	0.02893	0.03338	0.04895	0.03115	0.09346	0.51268	0.02003	0.03338	0.01335	0.00668	0.01113
2	0.02499	0.06446	0.49750	0.03552	0.05393	0.02894	0.04604	0.03946	0.02631	0.03946	0.02236	0.02631	0.01579	0.01184	0.01184	0.00395	0.01842	0.00921	0.00526	0.01842
3	0.05591	0.02121	0.02892	0.02217	0.03181	0.01832	0.01832	0.06073	0.03567	0.49296	0.04916	0.04241	0.03085	0.01542	0.01253	0.00386	0.01060	0.01253	0.01542	0.02121
4	0.02353	0.02215	0.03738	0.53212	0.08583	0.02769	0.03461	0.03184	0.02492	0.03184	0.02215	0.03322	0.01661	0.01246	0.01246	0.00415	0.01661	0.01107	0.00554	0.01384
5	0.04816	0.02256	0.03317	0.09401	0.10532	0.02115	0.02329	0.05380	0.03324	0.36853	0.04199	0.03956	0.02743	0.01441	0.01249	0.00387	0.01198	0.01214	0.01282	0.02007
6	0.02830	0.02242	0.03655	0.15927	0.11136	0.02429	0.07411	0.03360	0.02495	0.08907	0.02990	0.04597	0.02652	0.15568	0.02879	0.00624	0.06769	0.01350	0.00746	0.01433
7	0.65009	0.02410	0.01832	0.01639	0.02410	0.02795	0.01350	0.03663	0.02121	0.05591	0.01735	0.02024	0.01350	0.01157	0.00771	0.00386	0.00964	0.00675	0.00771	0.01350
8	0.01764	0.01274	0.01666	0.01568	0.01862	0.01176	0.01176	0.02352	0.03527	0.04997	0.47776	0.09308	0.11758	0.02548	0.01470	0.00392	0.00588	0.02254	0.01372	0.01176
9	0.02996	0.02871	0.04899	0.13138	0.43632	0.02938	0.03781	0.03747	0.02796	0.03964	0.02328	0.03113	0.01936	0.01127	0.01235	0.00376	0.01502	0.01110	0.00609	0.01903
10	0.02353	0.02215	0.03738	0.53212	0.08583	0.02769	0.03461	0.03184	0.02492	0.03184	0.02215	0.03322	0.01661	0.01246	0.01246	0.00415	0.01661	0.01107	0.00554	0.01384
11	0.04655	0.05939	0.03531	0.03210	0.03852	0.51204	0.02408	0.04976	0.03531	0.03050	0.01926	0.02247	0.01605	0.01284	0.01124	0.00321	0.02247	0.00803	0.00642	0.01445
12	0.02008	0.01434	0.02008	0.02295	0.02582	0.01434	0.02008	0.02582	0.02869	0.03729	0.06598	0.14056	0.07172	0.03442	0.01721	0.00574	0.01147	0.40046	0.01147	0.01147
13	0.02713	0.02380	0.03701	0.33375	0.13067	0.02756	0.03183	0.08342	0.03015	0.03972	0.02918	0.04682	0.02502	0.01551	0.01308	0.00425	0.01529	0.06320	0.00729	0.01532
14	0.40315	0.02166	0.02021	0.01732	0.02502	0.02290	0.01414	0.04008	0.02600	0.16533	0.04161	0.04066	0.08668	0.01551	0.00999	0.00391	0.00940	0.01112	0.01027	0.01504
15	0.11976	0.21322	0.05050	0.09104	0.04421	0.03405	0.12854	0.03480	0.02611	0.03684	0.03348	0.03759	0.07392	0.01357	0.01108	0.00361	0.01431	0.01174	0.00673	0.01489
16	0.03187	0.16471	0.23237	0.03504	0.04911	0.03285	0.13829	0.04176	0.02806	0.09406	0.02532	0.02879	0.01852	0.01168	0.01180	0.00371	0.01696	0.01047	0.00682	0.01781
17	0.13542	0.02159	0.02750	0.02140	0.03078	0.01960	0.01767	0.05750	0.03373	0.43448	0.04490	0.03945	0.02852	0.01491	0.01189	0.00386	0.01047	0.01176	0.01439	0.02017
18	0.02447	0.02188	0.03604	0.40843	0.13056	0.02601	0.03197	0.03236	0.02553	0.03479	0.02455	0.03450	0.01888	0.01253	0.01199	0.00394	0.01507	0.01114	0.08101	0.01436
19	0.03792	0.02499	0.04188	0.17719	0.15686	0.02516	0.08009	0.04500	0.03025	0.20489	0.03279	0.03610	0.02288	0.01299	0.01274	0.00394	0.01452	0.01207	0.00942	0.01831
20	0.02552	0.01329	0.01729	0.01759	0.02064	0.01218	0.01266	0.02882	0.02685	0.13762	0.06016	0.36410	0.06338	0.03011	0.01409	0.00447	0.00778	0.02677	0.10384	0.01283
21	0.02729	0.01281	0.01376	0.01293	0.01667	0.01245	0.00990	0.03297	0.02732	0.10192	0.04171	0.04596	0.03180	0.01463	0.00919	0.00302	0.00640	0.01173	0.55475	0.01281
22	0.10327	0.02239	0.02491	0.01820	0.02886	0.01802	0.01461	0.03203	0.02527	0.04250	0.02155	0.02515	0.01784	0.00952	0.00904	0.00210	0.00928	0.00730	0.00742	0.56075
23	0.03357	0.29648	0.17404	0.02580	0.03800	0.03764	0.02749	0.04439	0.08095	0.09250	0.02679	0.02778	0.02051	0.01235	0.01019	0.00336	0.01395	0.00901	0.00748	0.01776
24	0.09556	0.01350	0.01500	0.01628	0.01924	0.01323	0.01224	0.02256	0.02555	0.03784	0.07137	0.26618	0.15522	0.03022	0.01392	0.00455	0.00777	0.08070	0.08804	0.01101

[dist]
# distance from previous block
# <min> <max>
1	4

[block]
# block no. 5 follows, 8 sequences, length 10
# corresponding to MSA columns:
# 2040-2049
name=unknown_F
#
# <colnr> <probs for GDERKNQSTAVLIFYWHMCP>
#	G	D	E	R	K	N	Q	S	T	A	V	L	I	F	Y	W	H	M	C	P
0	0.02728	0.03020	0.06467	0.04725	0.05807	0.02830	0.37495	0.03653	0.02858	0.03870	0.03173	0.11166	0.02843	0.01478	0.01489	0.00433	0.01894	0.01781	0.00709	0.01580
1	0.01764	0.01274	0.01666	0.01568	0.01862	0.01176	0.01176	0.02352	0.03527	0.04997	0.47776	0.09308	0.11758	0.02548	0.01470	0.00392	0.00588	0.02254	0.01372	0.01176
2	0.02584	0.02215	0.02584	0.01846	0.02953	0.01661	0.01477	0.03138	0.02584	0.04061	0.02215	0.02584	0.01846	0.00923	0.00923	0.00185	0.00923	0.00738	0.00738	0.63824
3	0.03099	0.02677	0.02818	0.02536	0.03240	0.03099	0.01972	0.06622	0.46182	0.05213	0.05072	0.04649	0.03804	0.01691	0.01268	0.00423	0.00986	0.01409	0.01268	0.01972
4	0.04329	0.02265	0.03434	0.17307	0.11055	0.02253	0.02569	0.04945	0.03162	0.29988	0.03796	0.03821	0.02529	0.01398	0.01248	0.00392	0.01288	0.01192	0.01135	0.01893
5	0.02621	0.02583	0.03795	0.17302	0.04764	0.03522	0.02933	0.03051	0.02072	0.03051	0.01798	0.02894	0.01643	0.01918	0.03291	0.00509	0.39242	0.01095	0.00548	0.01369
6	0.39608	0.02865	0.02636	0.02156	0.03023	0.03246	0.01779	0.20779	0.03696	0.06544	0.02265	0.02432	0.01674	0.01300	0.00972	0.00381	0.01136	0.00863	0.00972	0.01674
7	0.03084	0.02961	0.05058	0.07649	0.48433	0.02961	0.03824	0.03824	0.02837	0.04071	0.02344	0.03084	0.01974	0.01110	0.01234	0.00370	0.01480	0.01110	0.00617	0.01974
8	0.05591	0.02121	0.02892	0.02217	0.03181	0.01832	0.01832	0.06073	0.03567	0.49296	0.04916	0.04241	0.03085	0.01542	0.01253	0.00386	0.01060	0.01253	0.01542	0.02121
9	0.03332	0.56956	0.06530	0.02132	0.03198	0.04931	0.02132	0.03731	0.02532	0.02932	0.01732	0.01999	0.01599	0.01066	0.00800	0.00267	0.01333	0.00666	0.00533	0.01599

[dist]
# distance from previous block
# <min> <max>
0	3

[block]
# block no. 6 follows, 8 sequences, length 7
# corresponding to MSA columns:
# 2053-2059
name=unknown_G
#
# <colnr> <probs for GDERKNQSTAVLIFYWHMCP>
#	G	D	E	R	K	N	Q	S	T	A	V	L	I	F	Y	W	H	M	C	P
0	0.01780	0.01335	0.02003	0.02003	0.02225	0.01558	0.01558	0.02225	0.02003	0.02893	0.03338	0.04895	0.03115	0.09346	0.51268	0.02003	0.03338	0.01335	0.00668	0.01113
1	0.02353	0.02215	0.03738	0.53212	0.08583	0.02769	0.03461	0.03184	0.02492	0.03184	0.02215	0.03322	0.01661	0.01246	0.01246	0.00415	0.01661	0.01107	0.00554	0.01384
2	0.10657	0.08733	0.09750	0.09164	0.04584	0.03124	0.08246	0.09186	0.09819	0.10213	0.03022	0.03236	0.02201	0.01317	0.01173	0.00387	0.01417	0.01105	0.00898	0.01768
3	0.04280	0.03008	0.13688	0.02495	0.03549	0.02037	0.02436	0.04981	0.03106	0.31533	0.04047	0.03967	0.02738	0.02666	0.08977	0.00638	0.01595	0.01188	0.01170	0.01900
4	0.65009	0.02410	0.01832	0.01639	0.02410	0.02795	0.01350	0.03663	0.02121	0.05591	0.01735	0.02024	0.01350	0.01157	0.00771	0.00386	0.00964	0.00675	0.00771	0.01350
5	0.13034	0.02556	0.04059	0.16441	0.15418	0.02658	0.08436	0.04172	0.02820	0.14305	0.02824	0.03279	0.02040	0.01240	0.01202	0.00394	0.01436	0.01124	0.00836	0.01724
6	0.03212	0.03251	0.10477	0.11779	0.26779	0.02815	0.09164	0.04062	0.02874	0.09534	0.02658	0.03239	0.02012	0.01181	0.01264	0.00388	0.01581	0.01154	0.00714	0.01862

[dist]
# distance from previous block
# <min> <max>
22	284

[block]
# block no. 7 follows, 8 sequences, length 86
# corresponding to MSA columns:
# 2399-2463,2475-2495
name=unknown_H
#
# <colnr> <probs for GDERKNQSTAVLIFYWHMCP>
#	G	D	E	R	K	N	Q	S	T	A	V	L	I	F	Y	W	H	M	C	P
0	0.02728	0.04551	0.23217	0.12383	0.05437	0.09817	0.08729	0.03694	0.02749	0.03588	0.02797	0.09326	0.02463	0.01529	0.01273	0.00405	0.01764	0.01332	0.00640	0.01578
1	0.02452	0.01476	0.01882	0.01925	0.02238	0.01429	0.01383	0.03143	0.08260	0.11697	0.06287	0.39678	0.06745	0.03195	0.01488	0.00474	0.00817	0.02857	0.01240	0.01335
2	0.54375	0.02358	0.02021	0.01742	0.02548	0.02623	0.01436	0.04094	0.02379	0.13412	0.02304	0.02421	0.01660	0.01226	0.00857	0.00386	0.00981	0.00778	0.00909	0.01488
3	0.02466	0.01460	0.02082	0.01961	0.02289	0.01563	0.01507	0.02863	0.02259	0.11138	0.03693	0.05182	0.03285	0.13752	0.36754	0.01615	0.02666	0.01380	0.00835	0.01249
4	0.14356	0.02717	0.02741	0.02411	0.03159	0.03128	0.01904	0.10168	0.33932	0.05566	0.04250	0.04000	0.03182	0.01574	0.01177	0.00411	0.01024	0.01246	0.01177	0.01877
5	0.02030	0.01133	0.01265	0.01370	0.01581	0.01107	0.00975	0.02479	0.02531	0.04113	0.05084	0.23095	0.05029	0.02343	0.01133	0.00369	0.00632	0.02027	0.40596	0.01107
6	0.15523	0.03297	0.03398	0.02647	0.03604	0.03673	0.02186	0.37010	0.05190	0.07449	0.02767	0.02819	0.01981	0.01435	0.01161	0.00376	0.01298	0.01042	0.01161	0.01981
7	0.15741	0.02031	0.02446	0.01957	0.02787	0.01905	0.01603	0.05173	0.03167	0.34871	0.04221	0.03904	0.02790	0.01460	0.01110	0.00371	0.00972	0.01136	0.10512	0.01841
8	0.54375	0.02358	0.02021	0.01742	0.02548	0.02623	0.01436	0.04094	0.02379	0.13412	0.02304	0.02421	0.01660	0.01226	0.00857	0.00386	0.00981	0.00778	0.00909	0.01488
9	0.12960	0.01449	0.01541	0.01507	0.01897	0.01406	0.01133	0.02331	0.02914	0.04360	0.23288	0.14800	0.20717	0.02664	0.01361	0.00415	0.00686	0.02255	0.01170	0.01147
10	0.15992	0.02545	0.02932	0.02290	0.03229	0.02556	0.01891	0.16023	0.03931	0.30213	0.03824	0.03505	0.02512	0.01461	0.01165	0.00382	0.01128	0.01114	0.01324	0.01982
11	0.14082	0.02602	0.03088	0.02676	0.03046	0.03264	0.02177	0.09484	0.07412	0.04442	0.02787	0.08461	0.02596	0.02026	0.02501	0.00474	0.25230	0.01317	0.00833	0.01502
12	0.04242	0.03857	0.03314	0.02851	0.03524	0.20533	0.02242	0.09552	0.13202	0.12327	0.03250	0.03285	0.02425	0.01556	0.01560	0.00389	0.08055	0.01090	0.00998	0.01747
13	0.03533	0.02810	0.04670	0.06677	0.40335	0.02759	0.03468	0.04227	0.02968	0.12165	0.02804	0.03291	0.02173	0.01188	0.01237	0.00373	0.01405	0.01136	0.00782	0.02000
14	0.02420	0.01419	0.01886	0.01966	0.02319	0.01317	0.01561	0.02826	0.02829	0.11656	0.07133	0.25836	0.11844	0.03221	0.01563	0.00499	0.00926	0.16291	0.01222	0.01265
15	0.12981	0.01393	0.01630	0.01832	0.02073	0.01418	0.01365	0.02253	0.02437	0.03724	0.05894	0.37395	0.06790	0.03318	0.01471	0.00498	0.00853	0.10489	0.01086	0.01100
16	0.04906	0.02307	0.03148	0.11424	0.04232	0.02251	0.02190	0.10287	0.03658	0.35912	0.04194	0.03922	0.02710	0.01484	0.01251	0.00389	0.01206	0.01211	0.01329	0.01989
17	0.14166	0.02862	0.04481	0.06573	0.40197	0.02931	0.03381	0.03795	0.02709	0.04343	0.02235	0.02894	0.01862	0.01119	0.01151	0.00373	0.01388	0.01032	0.00644	0.01862
18	0.02247	0.01270	0.01705	0.01821	0.02053	0.01159	0.01277	0.02511	0.02597	0.11434	0.06519	0.46239	0.07319	0.03481	0.01530	0.00485	0.00783	0.03133	0.01226	0.01211
19	0.11375	0.02163	0.02380	0.02046	0.02754	0.02275	0.01627	0.05326	0.18686	0.18733	0.04405	0.04198	0.03154	0.01530	0.01121	0.00380	0.00923	0.01219	0.13932	0.01775
20	0.15523	0.03297	0.03398	0.02647	0.03604	0.03673	0.02186	0.37010	0.05190	0.07449	0.02767	0.02819	0.01981	0.01435	0.01161	0.00376	0.01298	0.01042	0.01161	0.01981
21	0.65009	0.02410	0.01832	0.01639	0.02410	0.02795	0.01350	0.03663	0.02121	0.05591	0.01735	0.02024	0.01350	0.01157	0.00771	0.00386	0.00964	0.00675	0.00771	0.01350
22	0.01757	0.01255	0.01720	0.02008	0.02185	0.01218	0.01572	0.02148	0.02621	0.03448	0.06736	0.35246	0.07720	0.03679	0.01654	0.00539	0.00930	0.21334	0.01152	0.01078
23	0.03427	0.03894	0.03713	0.03249	0.03483	0.21045	0.02610	0.03718	0.02498	0.03017	0.01741	0.02552	0.01625	0.01855	0.03011	0.00464	0.35138	0.00986	0.00580	0.01393
24	0.03084	0.02961	0.05058	0.07649	0.48433	0.02961	0.03824	0.03824	0.02837	0.04071	0.02344	0.03084	0.01974	0.01110	0.01234	0.00370	0.01480	0.01110	0.00617	0.01974
25	0.02584	0.02215	0.02584	0.01846	0.02953	0.01661	0.01477	0.03138	0.02584	0.04061	0.02215	0.02584	0.01846	0.00923	0.00923	0.00185	0.00923	0.00738	0.00738	0.63824
26	0.05160	0.09775	0.03457	0.02353	0.03283	0.09534	0.01956	0.05608	0.03428	0.36462	0.04062	0.03657	0.02674	0.01443	0.01175	0.00361	0.01271	0.01111	0.01279	0.01953
27	0.03580	0.02903	0.05081	0.03740	0.04762	0.02840	0.23144	0.12788	0.03603	0.10779	0.03161	0.03585	0.02287	0.01269	0.01305	0.00387	0.01584	0.01322	0.10124	0.01755
28	0.02770	0.02752	0.05637	0.04118	0.05110	0.02600	0.31978	0.03690	0.02850	0.04173	0.02949	0.03717	0.02252	0.01162	0.01304	0.00384	0.01679	0.01385	0.17953	0.01537
29	0.03099	0.02677	0.02818	0.02536	0.03240	0.03099	0.01972	0.06622	0.46182	0.05213	0.05072	0.04649	0.03804	0.01691	0.01268	0.00423	0.00986	0.01409	0.01268	0.01972
30	0.01689	0.01248	0.01578	0.01544	0.01828	0.01136	0.01139	0.02189	0.03278	0.04521	0.37288	0.15664	0.16653	0.02813	0.01486	0.00411	0.00612	0.02476	0.01312	0.01136
31	0.01624	0.01166	0.01541	0.01663	0.01831	0.01083	0.01165	0.02001	0.02879	0.03966	0.24544	0.35480	0.09761	0.03318	0.01538	0.00457	0.00665	0.02986	0.01250	0.01083
32	0.02713	0.02399	0.09089	0.01979	0.02815	0.01642	0.01797	0.03335	0.02689	0.09861	0.03799	0.12701	0.03402	0.01689	0.01112	0.00322	0.00967	0.01425	0.14340	0.21925
33	0.15119	0.02832	0.09566	0.02231	0.03321	0.02124	0.02079	0.04694	0.02958	0.25012	0.03368	0.03249	0.02284	0.01287	0.01085	0.00344	0.01129	0.00989	0.01081	0.15248
34	0.03915	0.14515	0.04117	0.11593	0.04399	0.03541	0.02395	0.18577	0.09236	0.10988	0.03088	0.03204	0.02259	0.01389	0.01154	0.00366	0.01327	0.01074	0.01010	0.01858
35	0.17808	0.02182	0.02626	0.02187	0.02757	0.02385	0.01757	0.04237	0.02624	0.22527	0.03345	0.03994	0.02595	0.09678	0.02509	0.00542	0.12461	0.01170	0.01037	0.01582
36	0.02249	0.01784	0.02085	0.01920	0.02363	0.01875	0.01465	0.03904	0.19035	0.05075	0.32251	0.07614	0.08866	0.02236	0.01396	0.00403	0.00733	0.01946	0.01334	0.01465
37	0.03668	0.02785	0.07942	0.02247	0.03382	0.02079	0.02015	0.08452	0.03220	0.17444	0.03076	0.03109	0.02202	0.01190	0.01081	0.00285	0.01110	0.00947	0.01000	0.32766
38	0.03535	0.08116	0.09379	0.11531	0.04317	0.02793	0.02472	0.10237	0.07816	0.14092	0.03390	0.03996	0.02605	0.08176	0.01830	0.00485	0.01351	0.01194	0.00967	0.01718
39	0.01518	0.01084	0.01446	0.01735	0.01807	0.01012	0.01157	0.01735	0.02386	0.03181	0.06868	0.55393	0.08242	0.03904	0.01591	0.00506	0.00723	0.03543	0.01157	0.01012
40	0.01518	0.01084	0.01446	0.01735	0.01807	0.01012	0.01157	0.01735	0.02386	0.03181	0.06868	0.55393	0.08242	0.03904	0.01591	0.00506	0.00723	0.03543	0.01157	0.01012
41	0.18103	0.08687	0.10115	0.11397	0.04298	0.02710	0.02453	0.04433	0.02790	0.19254	0.02959	0.03085	0.02046	0.01296	0.01081	0.00380	0.01290	0.00981	0.00929	0.01713
42	0.02722	0.10405	0.13964	0.02830	0.03943	0.02830	0.07013	0.03461	0.02526	0.03725	0.02105	0.02624	0.01730	0.01198	0.01491	0.00319	0.09141	0.00900	0.00626	0.26448
43	0.01518	0.01084	0.01446	0.01735	0.01807	0.01012	0.01157	0.01735	0.02386	0.03181	0.06868	0.55393	0.08242	0.03904	0.01591	0.00506	0.00723	0.03543	0.01157	0.01012
44	0.02956	0.02203	0.02622	0.01892	0.02981	0.01682	0.01521	0.03501	0.02706	0.09662	0.02549	0.02789	0.01999	0.01000	0.00964	0.00209	0.00940	0.00802	0.00838	0.56183
45	0.01515	0.01209	0.01358	0.01437	0.01739	0.01052	0.01034	0.01826	0.02766	0.03466	0.14228	0.25113	0.32218	0.03328	0.01509	0.00444	0.00655	0.02875	0.01178	0.01052
46	0.04362	0.22198	0.04263	0.02209	0.03228	0.03135	0.01954	0.08576	0.03304	0.23561	0.03281	0.03127	0.02318	0.01298	0.01052	0.00319	0.01174	0.00971	0.01060	0.08609
47	0.02503	0.02367	0.04007	0.43901	0.16726	0.02808	0.03535	0.03315	0.02562	0.03365	0.02241	0.03274	0.01725	0.01218	0.01243	0.00406	0.01624	0.01108	0.00567	0.01505
48	0.01502	0.01149	0.01379	0.01563	0.01762	0.01027	0.01080	0.01754	0.02551	0.03248	0.08961	0.39615	0.22670	0.03632	0.01548	0.00475	0.00690	0.03211	0.01157	0.01027
49	0.02432	0.02296	0.03880	0.48280	0.12896	0.02789	0.03500	0.03253	0.02529	0.03280	0.02229	0.03296	0.01695	0.01231	0.01245	0.00410	0.01642	0.01108	0.00561	0.01448
50	0.46077	0.02477	0.02196	0.01943	0.02692	0.02811	0.01617	0.10792	0.02886	0.05755	0.02589	0.03753	0.02240	0.01513	0.00979	0.00408	0.01061	0.05845	0.00905	0.01461
51	0.01518	0.01084	0.01446	0.01735	0.01807	0.01012	0.01157	0.01735	0.02386	0.03181	0.06868	0.55393	0.08242	0.03904	0.01591	0.00506	0.00723	0.03543	0.01157	0.01012
52	0.65009	0.02410	0.01832	0.01639	0.02410	0.02795	0.01350	0.03663	0.02121	0.05591	0.01735	0.02024	0.01350	0.01157	0.00771	0.00386	0.00964	0.00675	0.00771	0.01350
53	0.52195	0.02348	0.02060	0.01763	0.02576	0.02588	0.01453	0.04183	0.02433	0.15016	0.02421	0.02502	0.01724	0.01240	0.00875	0.00386	0.00985	0.00799	0.00937	0.01516
54	0.03316	0.03401	0.04832	0.06992	0.41840	0.10096	0.03615	0.03995	0.02940	0.03920	0.02282	0.02960	0.01919	0.01136	0.01217	0.00363	0.01594	0.01065	0.00621	0.01896
55	0.01696	0.01178	0.01475	0.01585	0.01641	0.01179	0.01011	0.01836	0.02055	0.02768	0.04968	0.25682	0.05758	0.30275	0.10345	0.01044	0.01299	0.02408	0.00896	0.00899
56	0.65009	0.02410	0.01832	0.01639	0.02410	0.02795	0.01350	0.03663	0.02121	0.05591	0.01735	0.02024	0.01350	0.01157	0.00771	0.00386	0.00964	0.00675	0.00771	0.01350
57	0.02868	0.04974	0.33769	0.14089	0.05795	0.02730	0.03999	0.04057	0.02722	0.09645	0.02578	0.02988	0.01791	0.01244	0.01206	0.00398	0.01702	0.01004	0.00663	0.01779
58	0.10742	0.04236	0.21662	0.09358	0.05799	0.02970	0.19738	0.03845	0.02674	0.04094	0.02283	0.02919	0.01682	0.01134	0.01252	0.00406	0.01812	0.01129	0.00602	0.01664
59	0.01599	0.01147	0.01518	0.01680	0.01825	0.01066	0.01163	0.01937	0.02760	0.03777	0.20294	0.40269	0.09396	0.03459	0.01551	0.00469	0.00679	0.03119	0.01227	0.01066
60	0.03549	0.02358	0.03410	0.02734	0.03511	0.02353	0.09314	0.10333	0.09132	0.15302	0.09000	0.05606	0.04220	0.01773	0.01331	0.00407	0.01195	0.05592	0.07158	0.01722
61	0.03537	0.16714	0.16058	0.02810	0.03989	0.03730	0.02816	0.17611	0.11461	0.05216	0.02873	0.02961	0.02159	0.01349	0.01129	0.00363	0.01414	0.01014	0.00897	0.01899
62	0.16345	0.03784	0.20434	0.02547	0.03675	0.02507	0.02711	0.04256	0.08168	0.10477	0.09561	0.03946	0.03505	0.01489	0.01157	0.00395	0.01260	0.01168	0.00927	0.01689
63	0.01518	0.01084	0.01446	0.01735	0.01807	0.01012	0.01157	0.01735	0.02386	0.03181	0.06868	0.55393	0.08242	0.03904	0.01591	0.00506	0.00723	0.03543	0.01157	0.01012
64	0.51848	0.08738	0.02525	0.01860	0.02650	0.08186	0.01548	0.03810	0.02316	0.05030	0.01755	0.02045	0.01404	0.01160	0.00812	0.00366	0.01141	0.00687	0.00731	0.01387
65	0.01648	0.01269	0.01505	0.01446	0.01790	0.01126	0.01084	0.02127	0.03253	0.04347	0.33753	0.10379	0.26187	0.02790	0.01471	0.00403	0.00605	0.02404	0.01286	0.01126
66	0.03031	0.03146	0.08381	0.03748	0.13220	0.03047	0.02657	0.05729	0.32121	0.04829	0.04177	0.04093	0.03168	0.01511	0.01251	0.00408	0.01185	0.01292	0.01047	0.01959
67	0.03099	0.02677	0.02818	0.02536	0.03240	0.03099	0.01972	0.06622	0.46182	0.05213	0.05072	0.04649	0.03804	0.01691	0.01268	0.00423	0.00986	0.01409	0.01268	0.01972
68	0.02153	0.01379	0.01678	0.01541	0.01967	0.01216	0.01177	0.02628	0.03283	0.10132	0.29455	0.09629	0.23786	0.02639	0.01443	0.00402	0.00665	0.02261	0.01316	0.01253
69	0.65009	0.02410	0.01832	0.01639	0.02410	0.02795	0.01350	0.03663	0.02121	0.05591	0.01735	0.02024	0.01350	0.01157	0.00771	0.00386	0.00964	0.00675	0.00771	0.01350
70	0.11849	0.05116	0.32593	0.03673	0.05218	0.02941	0.13458	0.03915	0.02629	0.04200	0.02230	0.02715	0.01619	0.01148	0.01191	0.00399	0.01773	0.01015	0.00587	0.01731
71	0.01518	0.01084	0.01446	0.01735	0.01807	0.01012	0.01157	0.01735	0.02386	0.03181	0.06868	0.55393	0.08242	0.03904	0.01591	0.00506	0.00723	0.03543	0.01157	0.01012
72	0.04978	0.01935	0.02665	0.02111	0.02902	0.01697	0.01697	0.05277	0.03219	0.40862	0.04424	0.04160	0.02920	0.02041	0.01900	0.11724	0.01064	0.01223	0.01363	0.01838
73	0.04522	0.02265	0.03395	0.14018	0.11039	0.02201	0.02478	0.05117	0.03227	0.32663	0.03953	0.03872	0.02613	0.01414	0.01249	0.00390	0.01252	0.01201	0.01192	0.01940
74	0.02556	0.01654	0.02040	0.01915	0.02340	0.01646	0.01440	0.03667	0.12443	0.11136	0.21873	0.19220	0.07870	0.02557	0.01425	0.00427	0.00778	0.02250	0.01320	0.01446
75	0.02961	0.10469	0.03311	0.02015	0.03102	0.02418	0.01684	0.08320	0.02982	0.04363	0.02240	0.02548	0.01843	0.01015	0.00945	0.00220	0.01039	0.00775	0.00771	0.46980
76	0.02474	0.01603	0.02320	0.16038	0.03918	0.01650	0.01893	0.02919	0.02676	0.11455	0.05857	0.27070	0.09825	0.02663	0.01422	0.00450	0.01033	0.02358	0.01059	0.01318
77	0.03658	0.02611	0.03528	0.14090	0.11151	0.02646	0.02527	0.13546	0.03555	0.12869	0.02902	0.03211	0.02112	0.01267	0.01174	0.00343	0.01296	0.01056	0.00945	0.15512
78	0.02863	0.02564	0.04023	0.35940	0.16479	0.02972	0.03378	0.09400	0.03064	0.04066	0.02358	0.03222	0.01796	0.01254	0.01243	0.00399	0.01579	0.01110	0.00670	0.01620
79	0.01579	0.01128	0.01516	0.01804	0.01903	0.01064	0.01262	0.01840	0.02446	0.03249	0.06835	0.50274	0.08109	0.03847	0.01607	0.00514	0.00776	0.08063	0.01156	0.01029
80	0.02354	0.05653	0.42606	0.03283	0.04863	0.02616	0.04094	0.03619	0.02595	0.03833	0.02921	0.10434	0.02564	0.01586	0.01244	0.00411	0.01676	0.01309	0.00619	0.01719
81	0.04054	0.03498	0.13205	0.02776	0.03842	0.02813	0.02670	0.20339	0.04176	0.16245	0.03819	0.04847	0.02979	0.01728	0.01305	0.00411	0.01366	0.06866	0.01147	0.01916
82	0.03124	0.01600	0.02115	0.01893	0.02436	0.01440	0.01531	0.03642	0.03348	0.20197	0.21474	0.08666	0.11828	0.02420	0.01439	0.00425	0.00859	0.08706	0.01368	0.01490
83	0.02362	0.01320	0.01643	0.01598	0.01836	0.01312	0.01122	0.02661	0.02331	0.09157	0.04414	0.13295	0.04351	0.21209	0.11842	0.00942	0.01363	0.01770	0.14351	0.01121
84	0.57278	0.02386	0.01925	0.01664	0.02477	0.02655	0.01365	0.03598	0.02178	0.05401	0.01795	0.02094	0.01411	0.01128	0.00790	0.00361	0.00959	0.00683	0.00767	0.09086
85	0.10378	0.09623	0.25269	0.10827	0.05485	0.03105	0.10828	0.03786	0.02593	0.03948	0.02174	0.02728	0.01620	0.01154	0.01156	0.00389	0.01704	0.00992	0.00580	0.01661

[dist]
# distance from previous block
# <min> <max>
0	2

[block]
# block no. 8 follows, 8 sequences, length 37
# corresponding to MSA columns:
# 2498-2511,2513-2535
name=unknown_I
#
# <colnr> <probs for GDERKNQSTAVLIFYWHMCP>
#	G	D	E	R	K	N	Q	S	T	A	V	L	I	F	Y	W	H	M	C	P
0	0.11749	0.04161	0.21002	0.05283	0.26033	0.02913	0.03756	0.03846	0.02659	0.04243	0.02217	0.02766	0.01739	0.01144	0.01149	0.00381	0.01539	0.00978	0.00606	0.01836
1	0.02654	0.15302	0.09598	0.08855	0.14717	0.02839	0.02661	0.03312	0.02606	0.03657	0.03083	0.10538	0.02888	0.01575	0.01125	0.00361	0.01265	0.01340	0.10074	0.01548
2	0.13773	0.02238	0.02730	0.02177	0.03078	0.02142	0.01781	0.05802	0.09135	0.37055	0.04481	0.03979	0.02933	0.01507	0.01186	0.00391	0.01036	0.01191	0.01395	0.01990
3	0.03730	0.02732	0.04816	0.03604	0.04585	0.02603	0.20663	0.10031	0.03455	0.16812	0.03832	0.10601	0.03110	0.01635	0.01395	0.00416	0.01525	0.01642	0.01039	0.01773
4	0.11764	0.01552	0.02147	0.02490	0.08454	0.01610	0.01516	0.02246	0.01872	0.02954	0.02126	0.03421	0.02014	0.03390	0.03731	0.45111	0.01122	0.01025	0.00587	0.00868
5	0.01605	0.01151	0.01523	0.01676	0.01826	0.01070	0.01163	0.01952	0.02788	0.03820	0.21267	0.39172	0.09479	0.03427	0.01548	0.00466	0.00675	0.03089	0.01232	0.01070
6	0.10362	0.02006	0.03137	0.13498	0.04289	0.02134	0.07717	0.03284	0.02517	0.09109	0.03303	0.05137	0.02889	0.02906	0.07295	0.09688	0.01586	0.07009	0.00811	0.01324
7	0.10991	0.02452	0.03605	0.18067	0.14440	0.02747	0.02798	0.04023	0.02686	0.14317	0.02726	0.03239	0.02016	0.01408	0.01594	0.00414	0.08892	0.01086	0.00822	0.01675
8	0.02150	0.01287	0.01714	0.01746	0.02011	0.01177	0.01254	0.02524	0.02918	0.10023	0.19944	0.33432	0.08689	0.03142	0.01505	0.00453	0.00725	0.02812	0.01279	0.01216
9	0.05006	0.02300	0.02863	0.02228	0.03117	0.02189	0.01830	0.13954	0.03946	0.34855	0.04395	0.04020	0.02889	0.01521	0.01205	0.00371	0.01069	0.01213	0.09023	0.02003
10	0.02660	0.01956	0.03114	0.34387	0.06302	0.02247	0.02717	0.03306	0.02631	0.10131	0.03629	0.14732	0.03300	0.01866	0.01322	0.00430	0.01368	0.01656	0.00833	0.01415
11	0.65009	0.02410	0.01832	0.01639	0.02410	0.02795	0.01350	0.03663	0.02121	0.05591	0.01735	0.02024	0.01350	0.01157	0.00771	0.00386	0.00964	0.00675	0.00771	0.01350
12	0.02322	0.01599	0.02385	0.02120	0.02590	0.01467	0.05858	0.02864	0.03146	0.09660	0.21998	0.14272	0.13765	0.02639	0.01495	0.00438	0.00911	0.07940	0.01226	0.01304
13	0.03278	0.44394	0.05671	0.02226	0.03208	0.04507	0.02095	0.04400	0.12634	0.03460	0.02505	0.02612	0.02109	0.01211	0.00908	0.00303	0.01252	0.00838	0.00703	0.01686
14	0.19732	0.42452	0.05280	0.02001	0.02989	0.04363	0.01924	0.03713	0.02423	0.03639	0.01733	0.02006	0.01533	0.01090	0.00792	0.00298	0.01235	0.00669	0.00596	0.01533
15	0.12403	0.35307	0.17315	0.02435	0.03663	0.04067	0.02672	0.03778	0.02496	0.03602	0.01867	0.02171	0.01556	0.01111	0.00897	0.00319	0.01412	0.00735	0.00567	0.01626
16	0.02939	0.04058	0.22567	0.03304	0.09534	0.02352	0.03104	0.03880	0.02742	0.08974	0.02536	0.02846	0.01886	0.01122	0.01106	0.00317	0.01389	0.00916	0.00723	0.23705
17	0.01764	0.01274	0.01666	0.01568	0.01862	0.01176	0.01176	0.02352	0.03527	0.04997	0.47776	0.09308	0.11758	0.02548	0.01470	0.00392	0.00588	0.02254	0.01372	0.01176
18	0.02516	0.03439	0.16202	0.04663	0.19692	0.02452	0.07700	0.03380	0.02811	0.04009	0.08583	0.11638	0.04003	0.01720	0.01329	0.00405	0.01421	0.01606	0.00768	0.01664
19	0.02855	0.05329	0.37450	0.03147	0.04780	0.02590	0.03826	0.04060	0.02728	0.08991	0.02530	0.02802	0.01786	0.01184	0.01152	0.00362	0.01617	0.00930	0.00671	0.11211
20	0.02353	0.02215	0.03738	0.53212	0.08583	0.02769	0.03461	0.03184	0.02492	0.03184	0.02215	0.03322	0.01661	0.01246	0.01246	0.00415	0.01661	0.01107	0.00554	0.01384
21	0.02614	0.03072	0.13003	0.15026	0.04786	0.02525	0.02842	0.08991	0.07807	0.04282	0.03968	0.12657	0.03722	0.02031	0.01355	0.00442	0.01372	0.07052	0.00896	0.01557
22	0.02790	0.01457	0.01981	0.01994	0.02368	0.01338	0.01534	0.03160	0.02828	0.16497	0.06251	0.31807	0.06534	0.03128	0.01522	0.00486	0.00911	0.10789	0.01265	0.01359
23	0.02950	0.02203	0.02621	0.01891	0.02981	0.01682	0.01520	0.03495	0.02704	0.09570	0.02544	0.02786	0.01997	0.00998	0.00963	0.00209	0.00940	0.00801	0.00836	0.56309
24	0.02974	0.02848	0.04859	0.14513	0.42429	0.02932	0.03770	0.03728	0.02785	0.03937	0.02324	0.03120	0.01927	0.01131	0.01235	0.00377	0.01508	0.01110	0.00607	0.01885
25	0.04737	0.03490	0.03740	0.02867	0.03864	0.03864	0.02368	0.44278	0.05859	0.07853	0.02992	0.02992	0.02119	0.01496	0.01247	0.00374	0.01371	0.01122	0.01247	0.02119
26	0.01777	0.01499	0.02212	0.02060	0.02458	0.01369	0.06445	0.02227	0.02822	0.03645	0.13305	0.22201	0.21707	0.03060	0.01538	0.00461	0.00904	0.08045	0.01117	0.01147
27	0.34299	0.03396	0.02639	0.02265	0.03058	0.15045	0.01807	0.09298	0.03132	0.11149	0.02369	0.02500	0.01744	0.01283	0.00984	0.00368	0.01352	0.00840	0.00901	0.01572
28	0.02596	0.01695	0.01744	0.01645	0.02081	0.01844	0.01259	0.04212	0.17949	0.04845	0.04419	0.04647	0.03409	0.01536	0.01011	0.00337	0.00723	0.01249	0.41352	0.01447
29	0.56840	0.02556	0.02090	0.01805	0.02607	0.02940	0.01488	0.09168	0.02627	0.05898	0.01905	0.02155	0.01454	0.01203	0.00836	0.00384	0.01019	0.00735	0.00836	0.01454
30	0.03084	0.02961	0.05058	0.07649	0.48433	0.02961	0.03824	0.03824	0.02837	0.04071	0.02344	0.03084	0.01974	0.01110	0.01234	0.00370	0.01480	0.01110	0.00617	0.01974
31	0.03099	0.02677	0.02818	0.02536	0.03240	0.03099	0.01972	0.06622	0.46182	0.05213	0.05072	0.04649	0.03804	0.01691	0.01268	0.00423	0.00986	0.01409	0.01268	0.01972
32	0.01812	0.01208	0.01359	0.01359	0.01359	0.01208	0.00755	0.01812	0.01812	0.02416	0.03926	0.08155	0.04530	0.56207	0.06342	0.01208	0.01208	0.01812	0.00755	0.00755
33	0.02353	0.02215	0.03738	0.53212	0.08583	0.02769	0.03461	0.03184	0.02492	0.03184	0.02215	0.03322	0.01661	0.01246	0.01246	0.00415	0.01661	0.01107	0.00554	0.01384
34	0.65009	0.02410	0.01832	0.01639	0.02410	0.02795	0.01350	0.03663	0.02121	0.05591	0.01735	0.02024	0.01350	0.01157	0.00771	0.00386	0.00964	0.00675	0.00771	0.01350
35	0.04194	0.02557	0.03441	0.20458	0.05294	0.02761	0.02566	0.16285	0.03860	0.20788	0.03394	0.03549	0.02297	0.01424	0.01249	0.00393	0.01364	0.01163	0.01105	0.01860
36	0.03097	0.02575	0.03190	0.08918	0.03973	0.09095	0.07132	0.03956	0.07676	0.10506	0.04532	0.16183	0.04302	0.02194	0.01398	0.00440	0.01362	0.06967	0.01014	0.01492

[dist]
# distance from previous block
# <min> <max>
0	1

[block]
# block no. 9 follows, 8 sequences, length 48
# corresponding to MSA columns:
# 2537-2584
name=unknown_J
#
# <colnr> <probs for GDERKNQSTAVLIFYWHMCP>
#	G	D	E	R	K	N	Q	S	T	A	V	L	I	F	Y	W	H	M	C	P
