[name]
unknown

[dist]
# distance from previous block
# <min> <max>
0	2

[block]
# block no. 0 follows, 13 sequences, length 55
# corresponding to MSA columns:
# 2-56
name=unknown_A
#
# <colnr> <probs for GDERKNQSTAVLIFYWHMCP>
#	G	D	E	R	K	N	Q	S	T	A	V	L	I	F	Y	W	H	M	C	P
0	0.18078	0.02648	0.02727	0.02177	0.02941	0.02946	0.01804	0.38685	0.04120	0.06017	0.02516	0.02994	0.01946	0.01319	0.00998	0.00331	0.01077	0.04110	0.00966	0.01603
1	0.09331	0.02829	0.02627	0.02226	0.02906	0.11480	0.01764	0.17722	0.23942	0.09403	0.03152	0.03023	0.02316	0.01285	0.01014	0.00328	0.01096	0.00983	0.00971	0.01601
2	0.12735	0.02441	0.03909	0.08080	0.04178	0.02584	0.22490	0.04069	0.20588	0.03896	0.02777	0.03062	0.02089	0.01110	0.01081	0.00352	0.01272	0.01100	0.00737	0.01449
3	0.04089	0.04469	0.02901	0.02576	0.03168	0.48557	0.01957	0.04386	0.03002	0.12161	0.02081	0.02205	0.01583	0.01128	0.00973	0.00282	0.01729	0.00748	0.00679	0.01327
4	0.01997	0.01879	0.03171	0.60301	0.07282	0.02349	0.02936	0.02701	0.02114	0.02701	0.01879	0.02819	0.01409	0.01057	0.01057	0.00352	0.01409	0.00940	0.00470	0.01175
5	0.01355	0.00984	0.01368	0.01540	0.01639	0.00997	0.01083	0.01596	0.01927	0.02626	0.04933	0.44832	0.05694	0.04691	0.18462	0.00809	0.01276	0.02446	0.00858	0.00884
6	0.02795	0.03108	0.02970	0.02470	0.03097	0.23183	0.09653	0.03601	0.10076	0.03299	0.09591	0.03843	0.07528	0.01344	0.01061	0.00300	0.01315	0.01126	0.00743	0.08897
7	0.01496	0.01081	0.01413	0.01330	0.01580	0.00998	0.00998	0.01995	0.02993	0.04240	0.55689	0.07898	0.09976	0.02162	0.01247	0.00333	0.00499	0.01912	0.01164	0.00998
8	0.02303	0.01515	0.01859	0.01590	0.02092	0.01422	0.01237	0.03201	0.11497	0.12437	0.30797	0.05692	0.06410	0.01696	0.01119	0.00309	0.00662	0.01463	0.01090	0.11607
9	0.02192	0.01879	0.02192	0.01566	0.02506	0.01409	0.01253	0.02662	0.02192	0.03445	0.01879	0.02192	0.01566	0.00783	0.00783	0.00157	0.00783	0.00626	0.00626	0.69305
10	0.02630	0.02271	0.02391	0.02152	0.02749	0.02630	0.01674	0.05618	0.54336	0.04423	0.04303	0.03945	0.03228	0.01434	0.01076	0.00359	0.00837	0.01195	0.01076	0.01674
11	0.01496	0.01081	0.01413	0.01330	0.01580	0.00998	0.00998	0.01995	0.02993	0.04240	0.55689	0.07898	0.09976	0.02162	0.01247	0.00333	0.00499	0.01912	0.01164	0.00998
12	0.02740	0.02326	0.02453	0.02174	0.02792	0.02682	0.01700	0.09367	0.50407	0.04601	0.04163	0.03833	0.03114	0.01421	0.01074	0.00355	0.00863	0.01176	0.01074	0.01683
13	0.01790	0.01458	0.02041	0.01770	0.02158	0.01443	0.05976	0.02764	0.11983	0.04192	0.41583	0.06725	0.07997	0.01914	0.01217	0.00339	0.00680	0.01723	0.01089	0.01157
14	0.01288	0.00920	0.01227	0.01472	0.01534	0.00859	0.00981	0.01472	0.02024	0.02699	0.05828	0.62152	0.06993	0.03312	0.01350	0.00429	0.00613	0.03006	0.00981	0.00859
15	0.09870	0.01960	0.02356	0.01918	0.02657	0.01943	0.01553	0.05111	0.18059	0.36889	0.03974	0.03536	0.02668	0.01317	0.01031	0.00336	0.00874	0.01059	0.01183	0.01705
16	0.01622	0.01261	0.01890	0.01718	0.02038	0.01185	0.05636	0.02153	0.02847	0.03968	0.41794	0.08195	0.08527	0.02190	0.01286	0.00363	0.00699	0.10525	0.01074	0.01031
17	0.01544	0.01150	0.01480	0.01591	0.01865	0.01087	0.01322	0.01978	0.02549	0.03320	0.17767	0.10608	0.19528	0.02694	0.01361	0.00420	0.00760	0.27000	0.01017	0.00958
18	0.02460	0.02312	0.03890	0.05769	0.48610	0.02301	0.02931	0.03070	0.02489	0.03564	0.09490	0.03355	0.02834	0.01112	0.01075	0.00317	0.01150	0.01078	0.00613	0.01580
19	0.09151	0.02240	0.02302	0.01941	0.02570	0.10080	0.01530	0.08383	0.02913	0.30445	0.03739	0.13774	0.03039	0.01612	0.01066	0.00337	0.01013	0.01312	0.01062	0.01491
20	0.01997	0.01879	0.03171	0.60301	0.07282	0.02349	0.02936	0.02701	0.02114	0.02701	0.01879	0.02819	0.01409	0.01057	0.01057	0.00352	0.01409	0.00940	0.00470	0.01175
21	0.01288	0.00920	0.01227	0.01472	0.01534	0.00859	0.00981	0.01472	0.02024	0.02699	0.05828	0.62152	0.06993	0.03312	0.01350	0.00429	0.00613	0.03006	0.00981	0.00859
22	0.02475	0.01584	0.02187	0.01821	0.02353	0.01496	0.06045	0.03292	0.10012	0.16486	0.22342	0.06291	0.15484	0.01838	0.01180	0.00342	0.00770	0.01610	0.01091	0.01303
23	0.61151	0.02010	0.01680	0.01459	0.02136	0.02258	0.01202	0.03394	0.01971	0.12041	0.01849	0.01980	0.01351	0.01027	0.00711	0.00327	0.00829	0.00641	0.00746	0.01236
24	0.04744	0.01799	0.02454	0.01881	0.02699	0.01554	0.01554	0.05153	0.03026	0.56979	0.04171	0.03599	0.02617	0.01309	0.01063	0.00327	0.00900	0.01063	0.01309	0.01799
25	0.02326	0.02161	0.03251	0.10686	0.03849	0.02337	0.13723	0.04098	0.26492	0.03908	0.11765	0.04169	0.03682	0.01371	0.01142	0.00353	0.01085	0.01288	0.00878	0.01436
26	0.02369	0.02259	0.03844	0.28009	0.36665	0.02447	0.03121	0.03028	0.02290	0.03153	0.01945	0.02698	0.01569	0.00988	0.01051	0.00329	0.01317	0.00941	0.00502	0.01475
27	0.70310	0.02045	0.01554	0.01390	0.02045	0.02372	0.01145	0.03108	0.01799	0.04744	0.01472	0.01718	0.01145	0.00981	0.00654	0.00327	0.00818	0.00573	0.00654	0.01145
28	0.02220	0.02214	0.03430	0.02851	0.03029	0.02876	0.09164	0.02565	0.01753	0.02649	0.01706	0.02661	0.01604	0.02615	0.11319	0.00631	0.44060	0.01001	0.00488	0.01163
29	0.03832	0.02104	0.03103	0.08409	0.18548	0.02037	0.02199	0.08174	0.02923	0.32789	0.03211	0.03163	0.02174	0.01178	0.01058	0.00325	0.01068	0.01009	0.00989	0.01708
30	0.01288	0.00920	0.01227	0.01472	0.01534	0.00859	0.00981	0.01472	0.02024	0.02699	0.05828	0.62152	0.06993	0.03312	0.01350	0.00429	0.00613	0.03006	0.00981	0.00859
31	0.01288	0.00920	0.01227	0.01472	0.01534	0.00859	0.00981	0.01472	0.02024	0.02699	0.05828	0.62152	0.06993	0.03312	0.01350	0.00429	0.00613	0.03006	0.00981	0.00859
32	0.02617	0.02512	0.04292	0.06490	0.56246	0.02512	0.03245	0.03245	0.02407	0.03454	0.01989	0.02617	0.01675	0.00942	0.01047	0.00314	0.01256	0.00942	0.00523	0.01675
33	0.02530	0.02424	0.04135	0.14007	0.49406	0.02489	0.03202	0.03169	0.02367	0.03349	0.01973	0.02645	0.01638	0.00958	0.01048	0.00319	0.01278	0.00942	0.00516	0.01605
34	0.02617	0.02512	0.04292	0.06490	0.56246	0.02512	0.03245	0.03245	0.02407	0.03454	0.01989	0.02617	0.01675	0.00942	0.01047	0.00314	0.01256	0.00942	0.00523	0.01675
35	0.04643	0.01962	0.02554	0.01958	0.02780	0.01795	0.01618	0.11798	0.03298	0.49950	0.03943	0.03451	0.02503	0.01303	0.01062	0.00326	0.00937	0.01048	0.01274	0.01799
36	0.02827	0.63478	0.05540	0.01809	0.02714	0.04184	0.01809	0.03166	0.02148	0.02488	0.01470	0.01696	0.01357	0.00905	0.00678	0.00226	0.01131	0.00565	0.00452	0.01357
37	0.04744	0.01799	0.02454	0.01881	0.02699	0.01554	0.01554	0.05153	0.03026	0.56979	0.04171	0.03599	0.02617	0.01309	0.01063	0.00327	0.00900	0.01063	0.01309	0.01799
38	0.01288	0.00920	0.01227	0.01472	0.01534	0.00859	0.00981	0.01472	0.02024	0.02699	0.05828	0.62152	0.06993	0.03312	0.01350	0.00429	0.00613	0.03006	0.00981	0.00859
39	0.03138	0.02479	0.02508	0.02181	0.02825	0.06984	0.01712	0.09087	0.39262	0.11792	0.03936	0.03625	0.02883	0.01377	0.01063	0.00344	0.00956	0.01117	0.01065	0.01665
40	0.01510	0.01080	0.01475	0.01676	0.01848	0.01045	0.01322	0.01878	0.02344	0.03119	0.12269	0.31483	0.06959	0.02978	0.01388	0.00444	0.00767	0.24483	0.01002	0.00931
41	0.01997	0.01879	0.03171	0.60301	0.07282	0.02349	0.02936	0.02701	0.02114	0.02701	0.01879	0.02819	0.01409	0.01057	0.01057	0.00352	0.01409	0.00940	0.00470	0.01175
42	0.01667	0.01298	0.01796	0.09733	0.02383	0.01508	0.01324	0.01901	0.01674	0.02309	0.02795	0.05081	0.02911	0.31957	0.20593	0.01080	0.07281	0.01275	0.00578	0.00855
43	0.01997	0.01879	0.03171	0.60301	0.07282	0.02349	0.02936	0.02701	0.02114	0.02701	0.01879	0.02819	0.01409	0.01057	0.01057	0.00352	0.01409	0.00940	0.00470	0.01175
44	0.08697	0.02681	0.05467	0.03942	0.04951	0.02541	0.43073	0.03529	0.02484	0.08572	0.02272	0.02822	0.01659	0.00939	0.01178	0.00351	0.01614	0.01171	0.00618	0.01436
45	0.01282	0.01037	0.01139	0.01188	0.01467	0.00895	0.00863	0.01552	0.02376	0.02951	0.13834	0.21965	0.40207	0.02776	0.01272	0.00371	0.00550	0.02380	0.00999	0.00895
46	0.01288	0.00920	0.01227	0.01472	0.01534	0.00859	0.00981	0.01472	0.02024	0.02699	0.05828	0.62152	0.06993	0.03312	0.01350	0.00429	0.00613	0.03006	0.00981	0.00859
47	0.02382	0.02273	0.03868	0.26835	0.37734	0.02451	0.03128	0.03039	0.02297	0.03170	0.01947	0.02693	0.01574	0.00986	0.01051	0.00329	0.01314	0.00941	0.00503	0.01486
48	0.02516	0.08828	0.24308	0.15620	0.16388	0.02513	0.03147	0.03344	0.02314	0.08229	0.02091	0.02524	0.01552	0.01021	0.01002	0.00324	0.01361	0.00858	0.00551	0.01510
49	0.01284	0.01072	0.01119	0.01107	0.01449	0.00907	0.00830	0.01584	0.02491	0.03050	0.16994	0.09857	0.49414	0.02606	0.01249	0.00354	0.00530	0.02187	0.01007	0.00907
50	0.11016	0.01201	0.01311	0.01266	0.01593	0.01146	0.00955	0.01962	0.02572	0.03761	0.30267	0.11584	0.23141	0.02242	0.01172	0.00346	0.00563	0.01904	0.01022	0.00975
51	0.02425	0.27922	0.33168	0.02655	0.03922	0.03147	0.06840	0.03280	0.02220	0.03015	0.01749	0.02071	0.01367	0.00957	0.00896	0.00294	0.01411	0.00733	0.00456	0.01472
52	0.03370	0.01875	0.02523	0.07791	0.07683	0.01877	0.01782	0.04417	0.14385	0.28004	0.10990	0.04117	0.03585	0.01400	0.01090	0.00336	0.00909	0.01189	0.01088	0.01589
53	0.02600	0.02560	0.04564	0.06206	0.49161	0.02535	0.10113	0.03265	0.02420	0.03445	0.02010	0.02650	0.01665	0.00935	0.01075	0.00320	0.01330	0.00985	0.00525	0.01640
54	0.02160	0.03444	0.25012	0.16309	0.08552	0.02357	0.09571	0.03268	0.07161	0.03265	0.02463	0.07273	0.02030	0.01216	0.01085	0.00350	0.01393	0.01101	0.00570	0.01420

[dist]
# distance from previous block
# <min> <max>
0	16

[block]
# block no. 1 follows, 13 sequences, length 22
# corresponding to MSA columns:
# 73-94
name=unknown_B
#
# <colnr> <probs for GDERKNQSTAVLIFYWHMCP>
#	G	D	E	R	K	N	Q	S	T	A	V	L	I	F	Y	W	H	M	C	P
0	0.13411	0.03604	0.13912	0.02793	0.08371	0.14526	0.02329	0.11314	0.12302	0.04106	0.02322	0.02481	0.01761	0.01132	0.00965	0.00320	0.01299	0.00845	0.00714	0.01493
1	0.01532	0.01094	0.01506	0.01750	0.01918	0.01069	0.01405	0.01893	0.02264	0.02971	0.05693	0.32733	0.06461	0.03083	0.01414	0.00463	0.00824	0.30023	0.00977	0.00926
2	0.56596	0.01918	0.01626	0.01431	0.02058	0.02146	0.01169	0.03186	0.02046	0.09736	0.07548	0.02562	0.02234	0.01140	0.00757	0.00328	0.00792	0.00764	0.00772	0.01192
3	0.03032	0.12398	0.14084	0.07513	0.12014	0.02817	0.02533	0.14151	0.07938	0.09742	0.02457	0.02633	0.01817	0.01114	0.00990	0.00314	0.01210	0.00892	0.00744	0.01605
4	0.02732	0.02186	0.02177	0.01912	0.02473	0.07059	0.01492	0.08851	0.24499	0.09792	0.10096	0.05177	0.13668	0.01685	0.01112	0.00341	0.00879	0.01381	0.01042	0.01443
5	0.01803	0.01330	0.01777	0.01969	0.02251	0.01369	0.01701	0.02558	0.08000	0.03299	0.05459	0.11070	0.05778	0.02761	0.01419	0.00473	0.00959	0.43989	0.00985	0.01049
6	0.02339	0.02228	0.03789	0.30610	0.34298	0.02439	0.03107	0.03001	0.02276	0.03117	0.01940	0.02707	0.01556	0.00994	0.01051	0.00331	0.01325	0.00941	0.00499	0.01451
7	0.21727	0.20006	0.12348	0.02041	0.02892	0.02974	0.02011	0.07724	0.02355	0.08913	0.01891	0.02105	0.01459	0.01097	0.01042	0.00311	0.06346	0.00718	0.00645	0.01397
8	0.04371	0.02397	0.02824	0.02165	0.02997	0.02441	0.01788	0.29609	0.04026	0.31110	0.03332	0.03054	0.02196	0.01288	0.01060	0.00322	0.01035	0.01006	0.01180	0.01799
9	0.02444	0.01703	0.02158	0.01870	0.02059	0.01983	0.01406	0.06902	0.02075	0.10254	0.02777	0.04644	0.02732	0.29953	0.03805	0.00691	0.19532	0.01230	0.00716	0.01064
10	0.01538	0.01025	0.01153	0.01153	0.01153	0.01025	0.00641	0.01538	0.01538	0.02050	0.03331	0.06919	0.03844	0.62842	0.05382	0.01025	0.01025	0.01538	0.00641	0.00641
11	0.04477	0.02227	0.02718	0.02084	0.02912	0.02189	0.01722	0.22653	0.03742	0.38468	0.03571	0.03209	0.02316	0.01294	0.01061	0.00324	0.00997	0.01022	0.01216	0.01799
12	0.01495	0.00965	0.01371	0.01493	0.01563	0.00974	0.01035	0.01533	0.01767	0.02396	0.04031	0.32696	0.04570	0.04398	0.14328	0.20708	0.01173	0.02001	0.00741	0.00761
13	0.02974	0.02194	0.02401	0.02108	0.02741	0.02455	0.01654	0.05543	0.45991	0.12971	0.04282	0.03888	0.03128	0.01414	0.01074	0.00353	0.00847	0.01174	0.01114	0.01694
14	0.02148	0.03902	0.31676	0.20975	0.05579	0.02461	0.12083	0.03155	0.02242	0.03155	0.01934	0.02522	0.01407	0.01001	0.01063	0.00344	0.01554	0.00912	0.00469	0.01419
15	0.04744	0.01799	0.02454	0.01881	0.02699	0.01554	0.01554	0.05153	0.03026	0.56979	0.04171	0.03599	0.02617	0.01309	0.01063	0.00327	0.00900	0.01063	0.01309	0.01799
16	0.02427	0.02392	0.04334	0.11271	0.35518	0.02396	0.13455	0.03108	0.02447	0.03430	0.06726	0.03152	0.02361	0.01050	0.01108	0.00329	0.01318	0.01092	0.00576	0.01510
17	0.01595	0.01257	0.01861	0.01813	0.01982	0.01523	0.01426	0.01957	0.01691	0.02464	0.02680	0.03960	0.02511	0.07290	0.52842	0.01569	0.08947	0.01111	0.00555	0.00966
18	0.04068	0.01894	0.02413	0.01891	0.02619	0.01780	0.01545	0.13412	0.03380	0.38888	0.12464	0.04120	0.03694	0.01444	0.01093	0.00326	0.00882	0.01184	0.01238	0.01665
19	0.27990	0.02102	0.02266	0.01808	0.02573	0.02164	0.01492	0.13209	0.02948	0.29060	0.02907	0.02732	0.01941	0.01185	0.00916	0.00325	0.00919	0.00868	0.01029	0.01566
20	0.70310	0.02045	0.01554	0.01390	0.02045	0.02372	0.01145	0.03108	0.01799	0.04744	0.01472	0.01718	0.01145	0.00981	0.00654	0.00327	0.00818	0.00573	0.00654	0.01145
21	0.02405	0.28819	0.36504	0.02529	0.03826	0.03151	0.03062	0.03275	0.02198	0.03002	0.01725	0.02016	0.01346	0.00964	0.00873	0.00291	0.01389	0.00694	0.00449	0.01480

[dist]
# distance from previous block
# <min> <max>
0	1

[block]
# block no. 2 follows, 13 sequences, length 11
# corresponding to MSA columns:
# 96-106
name=unknown_C
#
# <colnr> <probs for GDERKNQSTAVLIFYWHMCP>
#	G	D	E	R	K	N	Q	S	T	A	V	L	I	F	Y	W	H	M	C	P
0	0.01357	0.01066	0.01170	0.01149	0.01423	0.00940	0.00826	0.01640	0.02418	0.03076	0.20805	0.09093	0.36162	0.12022	0.01900	0.00456	0.00603	0.02042	0.00974	0.00879
1	0.02566	0.02405	0.03781	0.10167	0.40364	0.02524	0.02875	0.03716	0.13715	0.03601	0.02485	0.02924	0.01991	0.01059	0.01054	0.00327	0.01178	0.00997	0.00639	0.01632
2	0.02705	0.02504	0.03034	0.02576	0.02818	0.06748	0.02117	0.13533	0.02452	0.03436	0.01819	0.02543	0.01618	0.02360	0.09018	0.00558	0.37336	0.00938	0.00610	0.01277
3	0.02671	0.01947	0.02186	0.01936	0.02487	0.02127	0.01510	0.04764	0.36132	0.11552	0.15499	0.04760	0.04617	0.01576	0.01111	0.00349	0.00772	0.01334	0.01127	0.01543
4	0.01356	0.01075	0.01219	0.01183	0.01494	0.00938	0.00887	0.01724	0.02662	0.03454	0.30130	0.09192	0.36026	0.02455	0.01248	0.00346	0.00520	0.02094	0.01060	0.00938
5	0.01528	0.01517	0.07637	0.01631	0.01875	0.01150	0.01332	0.01826	0.01970	0.02656	0.04591	0.30180	0.05249	0.20949	0.02546	0.00608	0.00906	0.10140	0.00817	0.00892
6	0.02536	0.49861	0.04640	0.01705	0.02466	0.03488	0.01632	0.02910	0.02333	0.02870	0.13302	0.03050	0.03238	0.01179	0.00803	0.00249	0.00993	0.00859	0.00608	0.01278
7	0.13041	0.03157	0.02651	0.02230	0.02921	0.20077	0.01765	0.15012	0.09079	0.15849	0.02665	0.02619	0.01913	0.01201	0.00973	0.00311	0.01255	0.00867	0.00898	0.01515
8	0.01744	0.01341	0.01627	0.01509	0.01835	0.01354	0.01145	0.02786	0.14198	0.04280	0.44474	0.07035	0.08503	0.02003	0.01210	0.00338	0.00573	0.01756	0.01145	0.01145
9	0.10171	0.36101	0.18744	0.02078	0.03076	0.03293	0.02261	0.03110	0.02097	0.02972	0.01690	0.02032	0.01427	0.01482	0.05237	0.00380	0.01343	0.00668	0.00482	0.01356
10	0.06612	0.02213	0.02952	0.22914	0.04554	0.02568	0.05744	0.07906	0.25109	0.03931	0.02981	0.03224	0.02230	0.01222	0.01054	0.00351	0.01132	0.01052	0.00795	0.01456

[dist]
# distance from previous block
# <min> <max>
0	8

[block]
# block no. 3 follows, 13 sequences, length 19
# corresponding to MSA columns:
# 115-133
name=unknown_D
#
# <colnr> <probs for GDERKNQSTAVLIFYWHMCP>
#	G	D	E	R	K	N	Q	S	T	A	V	L	I	F	Y	W	H	M	C	P
0	0.07156	0.08230	0.08528	0.15656	0.04118	0.02696	0.05852	0.10524	0.02522	0.07141	0.02089	0.02625	0.01627	0.01722	0.05832	0.00451	0.10327	0.00910	0.00635	0.01360
1	0.02694	0.02147	0.10685	0.02108	0.02765	0.01601	0.05238	0.03399	0.06199	0.19707	0.08268	0.19220	0.04326	0.01930	0.01182	0.00370	0.00958	0.04844	0.00989	0.01369
2	0.02608	0.45466	0.21632	0.02183	0.03292	0.03647	0.02460	0.03223	0.02174	0.02755	0.01603	0.01863	0.01351	0.00936	0.00780	0.00260	0.01265	0.00632	0.00450	0.01421
3	0.03950	0.05039	0.02996	0.02724	0.03269	0.58597	0.02043	0.04222	0.02996	0.02588	0.01634	0.01907	0.01362	0.01090	0.00953	0.00272	0.01907	0.00681	0.00545	0.01226
4	0.01440	0.01079	0.01335	0.01271	0.01545	0.00974	0.00953	0.01886	0.02860	0.03924	0.45433	0.08417	0.20429	0.02279	0.01248	0.00338	0.00507	0.01985	0.01122	0.00974
5	0.04744	0.01799	0.02454	0.01881	0.02699	0.01554	0.01554	0.05153	0.03026	0.56979	0.04171	0.03599	0.02617	0.01309	0.01063	0.00327	0.00900	0.01063	0.01309	0.01799
6	0.70310	0.02045	0.01554	0.01390	0.02045	0.02372	0.01145	0.03108	0.01799	0.04744	0.01472	0.01718	0.01145	0.00981	0.00654	0.00327	0.00818	0.00573	0.00654	0.01145
7	0.01496	0.01081	0.01413	0.01330	0.01580	0.00998	0.00998	0.01995	0.02993	0.04240	0.55689	0.07898	0.09976	0.02162	0.01247	0.00333	0.00499	0.01912	0.01164	0.00998
8	0.02504	0.03186	0.16393	0.05697	0.44465	0.02499	0.03396	0.03268	0.02368	0.03430	0.01968	0.02529	0.01598	0.00956	0.01037	0.00319	0.01326	0.00905	0.00506	0.01649
9	0.01312	0.01051	0.01172	0.01189	0.01478	0.00912	0.00874	0.01620	0.02486	0.03149	0.20246	0.17321	0.38165	0.02654	0.01264	0.00362	0.00539	0.02273	0.01023	0.00912
10	0.02148	0.01879	0.02416	0.14958	0.03595	0.01624	0.01637	0.02671	0.02175	0.03276	0.01879	0.02335	0.01530	0.00846	0.00846	0.00201	0.00926	0.00698	0.00591	0.53771
11	0.02922	0.02166	0.03547	0.21059	0.29823	0.02246	0.02770	0.03522	0.02463	0.15440	0.02455	0.02899	0.01813	0.01059	0.01054	0.00328	0.01219	0.00969	0.00687	0.01558
12	0.01481	0.01001	0.01170	0.01226	0.01240	0.00987	0.00718	0.01523	0.01649	0.02198	0.03901	0.19513	0.04562	0.49268	0.04462	0.00889	0.00931	0.01872	0.00718	0.00690
13	0.02586	0.17826	0.29152	0.02427	0.03514	0.07039	0.02700	0.03506	0.05961	0.06622	0.02219	0.02683	0.01770	0.06140	0.01296	0.00363	0.01351	0.00835	0.00573	0.01437
14	0.03078	0.02999	0.15332	0.02474	0.03321	0.02435	0.05790	0.19386	0.03189	0.12074	0.02844	0.07642	0.02259	0.01399	0.01251	0.00341	0.05872	0.01120	0.05660	0.01533
15	0.01750	0.01552	0.05346	0.10473	0.02555	0.01453	0.01392	0.02287	0.05670	0.02881	0.10178	0.05453	0.03913	0.27556	0.07395	0.00727	0.01136	0.01348	0.05978	0.00956
16	0.07425	0.06886	0.02673	0.02520	0.09721	0.02222	0.01755	0.05818	0.02424	0.03571	0.16098	0.12645	0.04466	0.01837	0.01636	0.00364	0.14517	0.01435	0.00782	0.01203
17	0.02463	0.02182	0.06512	0.03054	0.14867	0.01994	0.05357	0.07110	0.10538	0.07914	0.04206	0.12226	0.08997	0.01626	0.01108	0.00343	0.00986	0.01442	0.05657	0.01416
18	0.32931	0.15999	0.02669	0.01543	0.02346	0.02474	0.01331	0.02977	0.02006	0.03810	0.01603	0.01866	0.01329	0.00900	0.00701	0.00249	0.00878	0.00588	0.00599	0.23199

[dist]
# distance from previous block
# <min> <max>
0	19

[block]
# block no. 4 follows, 13 sequences, length 96
# corresponding to MSA columns:
# 153-248
name=unknown_E
#
# <colnr> <probs for GDERKNQSTAVLIFYWHMCP>
#	G	D	E	R	K	N	Q	S	T	A	V	L	I	F	Y	W	H	M	C	P
0	0.31956	0.07641	0.07236	0.10871	0.03217	0.02467	0.01798	0.03371	0.10099	0.04016	0.06208	0.02755	0.02227	0.01150	0.00861	0.00328	0.00982	0.00847	0.00694	0.01275
1	0.02383	0.12607	0.32830	0.11861	0.04719	0.02765	0.07626	0.07119	0.02442	0.03392	0.01907	0.02328	0.01412	0.01010	0.00993	0.00323	0.01466	0.00831	0.00507	0.01480
2	0.18273	0.02548	0.06837	0.12348	0.03642	0.02645	0.02022	0.14292	0.18576	0.04581	0.02666	0.02804	0.01980	0.01195	0.00967	0.00340	0.01060	0.00924	0.00819	0.01482
3	0.13232	0.02272	0.03522	0.14811	0.34945	0.02386	0.02730	0.03278	0.02310	0.07744	0.02061	0.02590	0.01620	0.00997	0.00989	0.00324	0.01187	0.00894	0.00596	0.01514
4	0.02559	0.01462	0.01953	0.01931	0.02341	0.01423	0.01636	0.06626	0.02732	0.16027	0.05051	0.13155	0.05019	0.02449	0.01328	0.00432	0.00943	0.30653	0.01059	0.01221
5	0.12808	0.39654	0.17962	0.02049	0.03081	0.03477	0.02236	0.03203	0.02117	0.03044	0.01578	0.01834	0.01321	0.00941	0.00757	0.00269	0.01192	0.00621	0.00481	0.01377
6	0.01288	0.00920	0.01227	0.01472	0.01534	0.00859	0.00981	0.01472	0.02024	0.02699	0.05828	0.62152	0.06993	0.03312	0.01350	0.00429	0.00613	0.03006	0.00981	0.00859
7	0.02496	0.01949	0.02088	0.01875	0.02437	0.02129	0.01460	0.04620	0.37653	0.08732	0.05787	0.05368	0.15447	0.01713	0.01115	0.00355	0.00772	0.01425	0.01075	0.01502
8	0.70310	0.02045	0.01554	0.01390	0.02045	0.02372	0.01145	0.03108	0.01799	0.04744	0.01472	0.01718	0.01145	0.00981	0.00654	0.00327	0.00818	0.00573	0.00654	0.01145
9	0.01288	0.00920	0.01227	0.01472	0.01534	0.00859	0.00981	0.01472	0.02024	0.02699	0.05828	0.62152	0.06993	0.03312	0.01350	0.00429	0.00613	0.03006	0.00981	0.00859
10	0.53958	0.02557	0.10336	0.01686	0.02497	0.02314	0.01611	0.03324	0.01974	0.09082	0.01774	0.01962	0.01304	0.01014	0.00745	0.00328	0.00941	0.00648	0.00679	0.01267
11	0.02238	0.02049	0.03324	0.48513	0.13620	0.02443	0.02906	0.06649	0.02375	0.03110	0.01945	0.02770	0.01476	0.01058	0.01056	0.00344	0.01370	0.00941	0.00523	0.01291
12	0.70310	0.02045	0.01554	0.01390	0.02045	0.02372	0.01145	0.03108	0.01799	0.04744	0.01472	0.01718	0.01145	0.00981	0.00654	0.00327	0.00818	0.00573	0.00654	0.01145
13	0.70310	0.02045	0.01554	0.01390	0.02045	0.02372	0.01145	0.03108	0.01799	0.04744	0.01472	0.01718	0.01145	0.00981	0.00654	0.00327	0.00818	0.00573	0.00654	0.01145
14	0.02899	0.02230	0.04195	0.03644	0.11920	0.02081	0.23919	0.03517	0.02544	0.16957	0.03210	0.12254	0.02714	0.01383	0.01186	0.00354	0.01295	0.01428	0.00800	0.01471
15	0.02349	0.03089	0.13671	0.14069	0.05687	0.02583	0.36128	0.03260	0.02387	0.03260	0.02056	0.02750	0.01529	0.00938	0.01176	0.00352	0.01683	0.01121	0.00510	0.01403
16	0.01348	0.01005	0.01255	0.01339	0.01526	0.00912	0.00948	0.01654	0.02425	0.03238	0.23239	0.33163	0.18480	0.02798	0.01294	0.00382	0.00559	0.02480	0.01041	0.00912
17	0.02758	0.02517	0.05108	0.13892	0.05394	0.02442	0.35761	0.03541	0.02511	0.11624	0.02410	0.02963	0.01728	0.00986	0.01185	0.00351	0.01579	0.01165	0.00644	0.01440
18	0.03055	0.03536	0.17146	0.12047	0.08328	0.09106	0.06380	0.15698	0.03075	0.08219	0.02226	0.02544	0.01612	0.01099	0.01046	0.00325	0.01421	0.00905	0.00693	0.01538
19	0.03110	0.01320	0.01589	0.01354	0.01835	0.01219	0.01074	0.03569	0.02550	0.25738	0.03746	0.03801	0.02672	0.01263	0.00872	0.00280	0.00660	0.01017	0.41011	0.01320
20	0.02146	0.02032	0.03441	0.47322	0.19092	0.02388	0.03011	0.02833	0.02185	0.02883	0.01906	0.02770	0.01473	0.01029	0.01055	0.00343	0.01372	0.00940	0.00483	0.01295
21	0.08649	0.02185	0.03439	0.04830	0.38230	0.02180	0.02560	0.03204	0.02499	0.08359	0.10507	0.03446	0.03004	0.01168	0.01045	0.00319	0.01068	0.01071	0.00703	0.01533
22	0.04065	0.02267	0.03208	0.02933	0.11409	0.02197	0.05935	0.15894	0.03345	0.32581	0.03287	0.03138	0.02198	0.01209	0.01074	0.00325	0.01087	0.01033	0.01066	0.01750
23	0.01521	0.01090	0.01483	0.01483	0.01597	0.01204	0.01052	0.01749	0.01635	0.02295	0.03030	0.05247	0.03118	0.29644	0.37587	0.01433	0.02118	0.01293	0.00596	0.00824
24	0.07902	0.01881	0.06762	0.02076	0.06217	0.01639	0.01563	0.09913	0.02563	0.03631	0.04946	0.30869	0.11265	0.02323	0.01177	0.00376	0.00839	0.02017	0.00883	0.01159
25	0.03127	0.03004	0.12172	0.12451	0.16377	0.02686	0.02713	0.21657	0.03332	0.08730	0.02333	0.02634	0.01699	0.01120	0.01047	0.00326	0.01267	0.00929	0.00762	0.01634
26	0.04640	0.01966	0.02557	0.01960	0.02782	0.01801	0.01619	0.11976	0.03305	0.49761	0.03937	0.03447	0.02500	0.01303	0.01062	0.00326	0.00938	0.01047	0.01273	0.01799
27	0.01374	0.01052	0.01267	0.01320	0.01566	0.00946	0.00984	0.01712	0.02500	0.03267	0.22776	0.21650	0.26202	0.02689	0.01291	0.00378	0.00581	0.06485	0.01036	0.00924
28	0.08555	0.08374	0.23763	0.02742	0.03833	0.02770	0.09516	0.11399	0.11395	0.04106	0.02364	0.02566	0.01749	0.01093	0.01003	0.00330	0.01310	0.00907	0.00678	0.01547
29	0.01389	0.01022	0.01314	0.01523	0.01625	0.00992	0.01033	0.01784	0.05954	0.02829	0.05713	0.57780	0.06710	0.03171	0.01329	0.00424	0.00630	0.02870	0.00989	0.00920
30	0.01714	0.01238	0.01530	0.01622	0.01806	0.01236	0.01142	0.09464	0.02484	0.03317	0.05315	0.52855	0.06183	0.02994	0.01304	0.00412	0.00699	0.02685	0.00993	0.01005
31	0.01902	0.01411	0.01670	0.01484	0.01855	0.01383	0.01146	0.10857	0.03250	0.04451	0.39311	0.07309	0.15684	0.02085	0.01214	0.00334	0.00622	0.01793	0.01117	0.01122
32	0.02549	0.04413	0.34546	0.03336	0.04627	0.06560	0.17817	0.03550	0.02421	0.07077	0.02109	0.02486	0.01509	0.00999	0.01076	0.00336	0.01606	0.00930	0.00540	0.01515
33	0.01288	0.00920	0.01227	0.01472	0.01534	0.00859	0.00981	0.01472	0.02024	0.02699	0.05828	0.62152	0.06993	0.03312	0.01350	0.00429	0.00613	0.03006	0.00981	0.00859
34	0.04744	0.01799	0.02454	0.01881	0.02699	0.01554	0.01554	0.05153	0.03026	0.56979	0.04171	0.03599	0.02617	0.01309	0.01063	0.00327	0.00900	0.01063	0.01309	0.01799
35	0.03994	0.03717	0.03109	0.02539	0.03275	0.23381	0.02022	0.35097	0.04254	0.05182	0.02210	0.02309	0.01640	0.01204	0.01020	0.00301	0.01434	0.00853	0.00871	0.01590
36	0.01288	0.00920	0.01227	0.01472	0.01534	0.00859	0.00981	0.01472	0.02024	0.02699	0.05828	0.62152	0.06993	0.03312	0.01350	0.00429	0.00613	0.03006	0.00981	0.00859
37	0.02418	0.02700	0.05760	0.13165	0.05800	0.02623	0.44692	0.03280	0.02436	0.03280	0.02099	0.02847	0.01574	0.00917	0.01218	0.00356	0.01724	0.01200	0.00525	0.01387
38	0.02960	0.02198	0.02401	0.02110	0.02742	0.02462	0.01655	0.05546	0.46335	0.12619	0.04283	0.03891	0.03132	0.01415	0.01074	0.00354	0.00847	0.01175	0.01112	0.01693
39	0.04744	0.01799	0.02454	0.01881	0.02699	0.01554	0.01554	0.05153	0.03026	0.56979	0.04171	0.03599	0.02617	0.01309	0.01063	0.00327	0.00900	0.01063	0.01309	0.01799
40	0.01538	0.01025	0.01153	0.01153	0.01153	0.01025	0.00641	0.01538	0.01538	0.02050	0.03331	0.06919	0.03844	0.62842	0.05382	0.01025	0.01025	0.01538	0.00641	0.00641
41	0.01926	0.01145	0.01510	0.01527	0.01798	0.01048	0.01148	0.02266	0.02499	0.11612	0.18218	0.29461	0.10786	0.02619	0.01285	0.00391	0.00667	0.07962	0.01077	0.01056
42	0.02630	0.02271	0.02391	0.02152	0.02749	0.02630	0.01674	0.05618	0.54336	0.04423	0.04303	0.03945	0.03228	0.01434	0.01076	0.00359	0.00837	0.01195	0.01076	0.01674
43	0.01282	0.00944	0.01203	0.01410	0.01517	0.00864	0.00954	0.01479	0.02084	0.02724	0.06589	0.54046	0.14607	0.03213	0.01334	0.00418	0.00601	0.02885	0.00982	0.00864
44	0.02827	0.63478	0.05540	0.01809	0.02714	0.04184	0.01809	0.03166	0.02148	0.02488	0.01470	0.01696	0.01357	0.00905	0.00678	0.00226	0.01131	0.00565	0.00452	0.01357
45	0.02673	0.04124	0.37106	0.02742	0.04001	0.02160	0.06806	0.03639	0.02486	0.15146	0.06655	0.03024	0.02320	0.01154	0.01055	0.00335	0.01350	0.00967	0.00698	0.01560
46	0.04744	0.01799	0.02454	0.01881	0.02699	0.01554	0.01554	0.05153	0.03026	0.56979	0.04171	0.03599	0.02617	0.01309	0.01063	0.00327	0.00900	0.01063	0.01309	0.01799
47	0.01264	0.01016	0.01128	0.01217	0.01466	0.00880	0.00868	0.01501	0.02270	0.02799	0.08936	0.29063	0.38075	0.02908	0.01286	0.00383	0.00564	0.02513	0.00982	0.00880
48	0.02594	0.11963	0.04387	0.10546	0.43543	0.02758	0.02994	0.03184	0.02341	0.03237	0.01898	0.02491	0.01602	0.00946	0.00990	0.00304	0.01250	0.00883	0.00508	0.01581
49	0.02619	0.01840	0.02107	0.01862	0.02390	0.01971	0.01452	0.04456	0.30895	0.12564	0.19735	0.05080	0.05162	0.01633	0.01125	0.00346	0.00745	0.01390	0.01139	0.01490
50	0.02630	0.02271	0.02391	0.02152	0.02749	0.02630	0.01674	0.05618	0.54336	0.04423	0.04303	0.03945	0.03228	0.01434	0.01076	0.00359	0.00837	0.01195	0.01076	0.01674
51	0.03950	0.05039	0.02996	0.02724	0.03269	0.58597	0.02043	0.04222	0.02996	0.02588	0.01634	0.01907	0.01362	0.01090	0.00953	0.00272	0.01907	0.00681	0.00545	0.01226
52	0.01997	0.01879	0.03171	0.60301	0.07282	0.02349	0.02936	0.02701	0.02114	0.02701	0.01879	0.02819	0.01409	0.01057	0.01057	0.00352	0.01409	0.00940	0.00470	0.01175
53	0.01997	0.01879	0.03171	0.60301	0.07282	0.02349	0.02936	0.02701	0.02114	0.02701	0.01879	0.02819	0.01409	0.01057	0.01057	0.00352	0.01409	0.00940	0.00470	0.01175
54	0.01496	0.01081	0.01413	0.01330	0.01580	0.00998	0.00998	0.01995	0.02993	0.04240	0.55689	0.07898	0.09976	0.02162	0.01247	0.00333	0.00499	0.01912	0.01164	0.00998
55	0.03950	0.05039	0.02996	0.02724	0.03269	0.58597	0.02043	0.04222	0.02996	0.02588	0.01634	0.01907	0.01362	0.01090	0.00953	0.00272	0.01907	0.00681	0.00545	0.01226
56	0.04744	0.01799	0.02454	0.01881	0.02699	0.01554	0.01554	0.05153	0.03026	0.56979	0.04171	0.03599	0.02617	0.01309	0.01063	0.00327	0.00900	0.01063	0.01309	0.01799
57	0.01288	0.00920	0.01227	0.01472	0.01534	0.00859	0.00981	0.01472	0.02024	0.02699	0.05828	0.62152	0.06993	0.03312	0.01350	0.00429	0.00613	0.03006	0.00981	0.00859
58	0.02172	0.09709	0.53576	0.02926	0.04440	0.02582	0.03753	0.03335	0.02226	0.03285	0.01866	0.02193	0.01341	0.00997	0.00981	0.00327	0.01531	0.00766	0.00447	0.01548
59	0.03518	0.04335	0.03042	0.11707	0.03856	0.45539	0.02203	0.03855	0.02752	0.02602	0.01653	0.02080	0.01371	0.01143	0.01164	0.00300	0.06398	0.00740	0.00527	0.01212
60	0.01499	0.01090	0.01464	0.01395	0.01634	0.01055	0.01055	0.01976	0.02765	0.03925	0.46377	0.07238	0.08685	0.03178	0.11360	0.00573	0.00910	0.01775	0.01059	0.00988
61	0.01496	0.01081	0.01413	0.01330	0.01580	0.00998	0.00998	0.01995	0.02993	0.04240	0.55689	0.07898	0.09976	0.02162	0.01247	0.00333	0.00499	0.01912	0.01164	0.00998
62	0.02907	0.02275	0.03296	0.08272	0.26656	0.02390	0.02440	0.04286	0.19626	0.12066	0.03085	0.03223	0.02315	0.01170	0.01060	0.00334	0.01073	0.01044	0.00824	0.01657
63	0.02192	0.01879	0.02192	0.01566	0.02506	0.01409	0.01253	0.02662	0.02192	0.03445	0.01879	0.02192	0.01566	0.00783	0.00783	0.00157	0.00783	0.00626	0.00626	0.69305
64	0.02158	0.02018	0.03396	0.40427	0.21272	0.02317	0.02940	0.02825	0.02223	0.02955	0.02173	0.03400	0.01816	0.01154	0.01082	0.00351	0.01334	0.04330	0.00521	0.01307
65	0.01285	0.00931	0.01216	0.01444	0.01526	0.00861	0.00969	0.01475	0.02051	0.02710	0.06171	0.58495	0.10428	0.03268	0.01342	0.00424	0.00608	0.02951	0.00982	0.00861
66	0.02187	0.05008	0.48357	0.03268	0.04743	0.02494	0.12450	0.03355	0.02279	0.03355	0.01940	0.02341	0.01386	0.00985	0.01047	0.00339	0.01601	0.00863	0.00462	0.01539
67	0.03960	0.04715	0.03024	0.02678	0.03270	0.49971	0.02038	0.11785	0.03304	0.03223	0.01775	0.02005	0.01430	0.01118	0.00970	0.00279	0.01791	0.00723	0.00625	0.01315
68	0.02630	0.02271	0.02391	0.02152	0.02749	0.02630	0.01674	0.05618	0.54336	0.04423	0.04303	0.03945	0.03228	0.01434	0.01076	0.00359	0.00837	0.01195	0.01076	0.01674
69	0.01467	0.01760	0.09963	0.01460	0.01969	0.01171	0.01351	0.01961	0.02575	0.03390	0.24185	0.08185	0.32188	0.02246	0.01211	0.00345	0.00684	0.01900	0.00958	0.01032
70	0.03867	0.02530	0.03399	0.03144	0.12615	0.02585	0.06067	0.26031	0.03748	0.20736	0.02894	0.02891	0.02004	0.01193	0.01072	0.00323	0.01151	0.01006	0.00997	0.01747
71	0.01510	0.01133	0.01699	0.01699	0.01888	0.01322	0.01322	0.01888	0.01699	0.02454	0.02832	0.04154	0.02643	0.07930	0.58652	0.01699	0.02832	0.01133	0.00566	0.00944
72	0.01288	0.01073	0.01124	0.01111	0.01452	0.00909	0.00834	0.01592	0.02501	0.03072	0.17725	0.09820	0.48669	0.02597	0.01249	0.00353	0.00530	0.02182	0.01010	0.00909
73	0.02286	0.02133	0.03577	0.13997	0.38972	0.02195	0.02798	0.02848	0.02294	0.03204	0.02648	0.13136	0.02570	0.01378	0.01102	0.00340	0.01167	0.01305	0.00596	0.01453
74	0.49426	0.02068	0.01902	0.01594	0.02303	0.02263	0.01315	0.07906	0.02359	0.16944	0.02187	0.02223	0.01541	0.01082	0.00784	0.00326	0.00867	0.00719	0.00840	0.01353
75	0.02121	0.05469	0.57364	0.03014	0.04576	0.02455	0.03906	0.03348	0.02232	0.03348	0.01897	0.02232	0.01339	0.01005	0.01005	0.00335	0.01563	0.00781	0.00446	0.01563
76	0.01288	0.00920	0.01227	0.01472	0.01534	0.00859	0.00981	0.01472	0.02024	0.02699	0.05828	0.62152	0.06993	0.03312	0.01350	0.00429	0.00613	0.03006	0.00981	0.00859
77	0.02827	0.63478	0.05540	0.01809	0.02714	0.04184	0.01809	0.03166	0.02148	0.02488	0.01470	0.01696	0.01357	0.00905	0.00678	0.00226	0.01131	0.00565	0.00452	0.01357
78	0.02121	0.05469	0.57364	0.03014	0.04576	0.02455	0.03906	0.03348	0.02232	0.03348	0.01897	0.02232	0.01339	0.01005	0.01005	0.00335	0.01563	0.00781	0.00446	0.01563
79	0.01288	0.00920	0.01227	0.01472	0.01534	0.00859	0.00981	0.01472	0.02024	0.02699	0.05828	0.62152	0.06993	0.03312	0.01350	0.00429	0.00613	0.03006	0.00981	0.00859
80	0.02121	0.05469	0.57364	0.03014	0.04576	0.02455	0.03906	0.03348	0.02232	0.03348	0.01897	0.02232	0.01339	0.01005	0.01005	0.00335	0.01563	0.00781	0.00446	0.01563
81	0.01997	0.01879	0.03171	0.60301	0.07282	0.02349	0.02936	0.02701	0.02114	0.02701	0.01879	0.02819	0.01409	0.01057	0.01057	0.00352	0.01409	0.00940	0.00470	0.01175
82	0.02121	0.05469	0.57364	0.03014	0.04576	0.02455	0.03906	0.03348	0.02232	0.03348	0.01897	0.02232	0.01339	0.01005	0.01005	0.00335	0.01563	0.00781	0.00446	0.01563
83	0.02121	0.05469	0.57364	0.03014	0.04576	0.02455	0.03906	0.03348	0.02232	0.03348	0.01897	0.02232	0.01339	0.01005	0.01005	0.00335	0.01563	0.00781	0.00446	0.01563
84	0.01538	0.01025	0.01153	0.01153	0.01153	0.01025	0.00641	0.01538	0.01538	0.02050	0.03331	0.06919	0.03844	0.62842	0.05382	0.01025	0.01025	0.01538	0.00641	0.00641
85	0.01533	0.01042	0.01238	0.01238	0.01268	0.01071	0.00747	0.01592	0.01563	0.02113	0.03254	0.06488	0.03657	0.54279	0.13689	0.01130	0.01307	0.01474	0.00629	0.00688
86	0.01997	0.01879	0.03171	0.60301	0.07282	0.02349	0.02936	0.02701	0.02114	0.02701	0.01879	0.02819	0.01409	0.01057	0.01057	0.00352	0.01409	0.00940	0.00470	0.01175
87	0.01288	0.00920	0.01227	0.01472	0.01534	0.00859	0.00981	0.01472	0.02024	0.02699	0.05828	0.62152	0.06993	0.03312	0.01350	0.00429	0.00613	0.03006	0.00981	0.00859
88	0.02617	0.02512	0.04292	0.06490	0.56246	0.02512	0.03245	0.03245	0.02407	0.03454	0.01989	0.02617	0.01675	0.00942	0.01047	0.00314	0.01256	0.00942	0.00523	0.01675
89	0.02474	0.02310	0.03888	0.05781	0.47817	0.02310	0.03005	0.03080	0.02412	0.03409	0.02552	0.04069	0.02363	0.01251	0.01111	0.00341	0.01212	0.08457	0.00594	0.01565
90	0.01496	0.01081	0.01413	0.01330	0.01580	0.00998	0.00998	0.01995	0.02993	0.04240	0.55689	0.07898	0.09976	0.02162	0.01247	0.00333	0.00499	0.01912	0.01164	0.00998
91	0.02514	0.02799	0.05935	0.04773	0.13436	0.02649	0.44740	0.03365	0.02482	0.03397	0.02116	0.02815	0.01615	0.00899	0.01216	0.00350	0.01700	0.01200	0.00533	0.01465
92	0.09048	0.02077	0.03052	0.03518	0.22107	0.01966	0.02137	0.04301	0.02706	0.33484	0.03169	0.03096	0.02161	0.01150	0.01026	0.00322	0.01023	0.00981	0.00973	0.01703
93	0.03204	0.03626	0.03721	0.04830	0.32893	0.27236	0.02715	0.03676	0.02667	0.03072	0.01833	0.02304	0.01537	0.01007	0.01006	0.00296	0.01543	0.00827	0.00533	0.01477
94	0.02617	0.02512	0.04292	0.06490	0.56246	0.02512	0.03245	0.03245	0.02407	0.03454	0.01989	0.02617	0.01675	0.00942	0.01047	0.00314	0.01256	0.00942	0.00523	0.01675
95	0.02573	0.02636	0.04999	0.05751	0.37815	0.02571	0.21109	0.03296	0.02439	0.03430	0.02043	0.02702	0.01649	0.00924	0.01120	0.00329	0.01447	0.01053	0.00528	0.01584

[dist]
# distance from previous block
# <min> <max>
0	955

# created by:
# /st0/software/busco_prod/Augustus/scripts/msa2prfl.pl ./align_prep/6225.fa
