[name]
unknown

[dist]
# distance from previous block
# <min> <max>
0	282

[block]
# block no. 0 follows, 14 sequences, length 48
# corresponding to MSA columns:
# 295-342
name=unknown_A
#
# <colnr> <probs for GDERKNQSTAVLIFYWHMCP>
#	G	D	E	R	K	N	Q	S	T	A	V	L	I	F	Y	W	H	M	C	P
0	0.01418	0.01020	0.01352	0.01397	0.01587	0.00954	0.01041	0.01815	0.02578	0.03575	0.36690	0.23806	0.08440	0.02496	0.01262	0.00366	0.00567	0.07647	0.01059	0.00928
1	0.02426	0.01361	0.01746	0.01573	0.02007	0.01232	0.01190	0.02948	0.06267	0.18800	0.13996	0.25149	0.05260	0.02056	0.01132	0.00337	0.00688	0.01806	0.01042	0.08984
2	0.02474	0.01861	0.02276	0.01693	0.02487	0.01587	0.01371	0.02896	0.02174	0.10623	0.02069	0.02325	0.01638	0.00945	0.01090	0.00208	0.07677	0.00698	0.00679	0.53230
3	0.02212	0.01732	0.02391	0.06483	0.02600	0.02114	0.01744	0.02527	0.02081	0.09892	0.10482	0.09617	0.09380	0.01932	0.02178	0.00393	0.28997	0.01371	0.00747	0.01128
4	0.02827	0.02253	0.02410	0.02103	0.02723	0.02561	0.01654	0.10905	0.46805	0.07758	0.03976	0.03655	0.02941	0.01367	0.01041	0.00342	0.00852	0.01126	0.01056	0.01645
5	0.03332	0.02481	0.02678	0.02195	0.02904	0.02767	0.01767	0.28016	0.28126	0.09330	0.03372	0.03170	0.02444	0.01309	0.01035	0.00327	0.00964	0.01041	0.01053	0.01690
6	0.02128	0.01824	0.02128	0.01520	0.02432	0.01368	0.01216	0.02584	0.02128	0.03344	0.01824	0.02128	0.01520	0.00760	0.00760	0.00152	0.00760	0.00608	0.00608	0.70208
7	0.01341	0.00958	0.01294	0.01532	0.01631	0.00911	0.01109	0.01585	0.02054	0.02721	0.05606	0.51703	0.06590	0.03130	0.01334	0.00429	0.00674	0.13589	0.00951	0.00858
8	0.01653	0.01009	0.01270	0.01312	0.01407	0.00964	0.00850	0.01744	0.01846	0.06507	0.07259	0.27116	0.04976	0.28730	0.03141	0.05853	0.00801	0.01960	0.00809	0.00791
9	0.01392	0.01001	0.01325	0.01385	0.01559	0.00934	0.01011	0.01763	0.02520	0.03489	0.34386	0.28438	0.08346	0.02562	0.01262	0.00368	0.00558	0.05732	0.01051	0.00917
10	0.28908	0.01918	0.02114	0.01692	0.02429	0.01924	0.01396	0.07941	0.02643	0.34757	0.02972	0.02748	0.01958	0.01151	0.00886	0.00317	0.00863	0.00850	0.01020	0.01514
11	0.04094	0.02305	0.02696	0.02095	0.02882	0.02371	0.01722	0.27547	0.08644	0.29566	0.03334	0.03052	0.02230	0.01264	0.01031	0.00316	0.00985	0.00994	0.01138	0.01735
12	0.01443	0.00976	0.01281	0.01307	0.01464	0.00907	0.00927	0.01631	0.02277	0.03101	0.27277	0.21049	0.12649	0.02742	0.01818	0.14854	0.00601	0.01959	0.00923	0.00814
13	0.01938	0.01824	0.03078	0.61468	0.07068	0.02280	0.02850	0.02622	0.02052	0.02622	0.01824	0.02736	0.01368	0.01026	0.01026	0.00342	0.01368	0.00912	0.00456	0.01140
14	0.01250	0.00893	0.01191	0.01429	0.01488	0.00834	0.00953	0.01429	0.01965	0.02620	0.05656	0.63265	0.06787	0.03215	0.01310	0.00417	0.00595	0.02917	0.00953	0.00834
15	0.01262	0.00967	0.01158	0.01267	0.01456	0.00863	0.00891	0.01510	0.02224	0.02868	0.13988	0.36371	0.25796	0.02844	0.01261	0.00379	0.00553	0.02503	0.00975	0.00863
16	0.02128	0.01824	0.02128	0.01520	0.02432	0.01368	0.01216	0.02584	0.02128	0.03344	0.01824	0.02128	0.01520	0.00760	0.00760	0.00152	0.00760	0.00608	0.00608	0.70208
17	0.09308	0.01849	0.02372	0.01832	0.02617	0.01692	0.01513	0.08575	0.02995	0.50494	0.03742	0.03285	0.02378	0.01245	0.01003	0.00317	0.00887	0.00990	0.01206	0.01701
18	0.71184	0.01985	0.01508	0.01350	0.01985	0.02302	0.01111	0.03017	0.01746	0.04604	0.01429	0.01667	0.01111	0.00953	0.00635	0.00318	0.00794	0.00556	0.00635	0.01111
19	0.02971	0.01339	0.01810	0.01621	0.02067	0.01187	0.01236	0.03283	0.02529	0.31020	0.08649	0.28740	0.04842	0.02143	0.01161	0.00359	0.00728	0.01880	0.01127	0.01308
20	0.02239	0.01231	0.01531	0.01364	0.01784	0.01076	0.01055	0.02604	0.02664	0.18682	0.23311	0.10742	0.23458	0.02106	0.01168	0.00335	0.00612	0.01797	0.01098	0.01143
21	0.01250	0.00893	0.01191	0.01429	0.01488	0.00834	0.00953	0.01429	0.01965	0.02620	0.05656	0.63265	0.06787	0.03215	0.01310	0.00417	0.00595	0.02917	0.00953	0.00834
22	0.01372	0.01015	0.01280	0.01279	0.01500	0.00924	0.00935	0.01756	0.02618	0.03588	0.38797	0.19573	0.16747	0.02411	0.01231	0.00346	0.00513	0.02126	0.01064	0.00924
23	0.21445	0.01606	0.01866	0.01605	0.02182	0.01558	0.01271	0.03624	0.02390	0.30770	0.03738	0.17261	0.03174	0.01650	0.00993	0.00341	0.00786	0.01355	0.01026	0.01361
24	0.01783	0.00891	0.01337	0.01337	0.01337	0.00891	0.00891	0.01337	0.01337	0.01783	0.01783	0.03119	0.01783	0.03565	0.04011	0.70143	0.00891	0.00891	0.00446	0.00446
25	0.04604	0.01746	0.02382	0.01826	0.02620	0.01508	0.01508	0.05001	0.02937	0.58244	0.04049	0.03493	0.02540	0.01270	0.01032	0.00318	0.00873	0.01032	0.01270	0.01746
26	0.03691	0.01584	0.02192	0.06036	0.02695	0.01433	0.01483	0.04105	0.02795	0.41995	0.11846	0.08578	0.03834	0.01522	0.01079	0.00328	0.00830	0.01288	0.01166	0.01518
27	0.03618	0.02207	0.02990	0.06924	0.07363	0.02244	0.05632	0.21251	0.03373	0.24298	0.03148	0.07131	0.02336	0.01319	0.01061	0.00324	0.01067	0.01122	0.00992	0.01602
28	0.03075	0.07488	0.03621	0.03565	0.18539	0.10883	0.06092	0.16554	0.12396	0.04110	0.02384	0.02600	0.01849	0.01092	0.00999	0.00304	0.01243	0.00919	0.00732	0.01553
29	0.47273	0.02253	0.02116	0.13045	0.06921	0.07587	0.01658	0.03051	0.01951	0.03954	0.01552	0.01945	0.01215	0.00973	0.00761	0.00316	0.01028	0.00657	0.00583	0.01160
30	0.01938	0.01824	0.03078	0.61468	0.07068	0.02280	0.02850	0.02622	0.02052	0.02622	0.01824	0.02736	0.01368	0.01026	0.01026	0.00342	0.01368	0.00912	0.00456	0.01140
31	0.02465	0.02097	0.03004	0.03105	0.17656	0.01890	0.05614	0.03264	0.08287	0.06903	0.02276	0.02564	0.01797	0.00913	0.00911	0.00240	0.00968	0.00824	0.00665	0.34557
32	0.02143	0.02038	0.03609	0.02877	0.03417	0.02116	0.22538	0.02963	0.09265	0.03064	0.02999	0.04913	0.02786	0.07393	0.02035	0.05314	0.08125	0.10571	0.00667	0.01168
33	0.02128	0.01824	0.02128	0.01520	0.02432	0.01368	0.01216	0.02584	0.02128	0.03344	0.01824	0.02128	0.01520	0.00760	0.00760	0.00152	0.00760	0.00608	0.00608	0.70208
34	0.07207	0.02589	0.03047	0.03343	0.18519	0.06591	0.02134	0.17371	0.16172	0.08496	0.02728	0.02808	0.02044	0.01155	0.00998	0.00315	0.01088	0.00947	0.00842	0.01605
35	0.12149	0.10910	0.02860	0.02063	0.02744	0.08130	0.01686	0.16547	0.24113	0.04450	0.02789	0.02736	0.02117	0.01195	0.00923	0.00309	0.01020	0.00895	0.00857	0.01505
36	0.02912	0.01535	0.02121	0.10531	0.02929	0.01421	0.01507	0.03330	0.02517	0.26428	0.09674	0.14533	0.03806	0.01612	0.01065	0.00318	0.00837	0.01393	0.00987	0.10544
37	0.02213	0.02764	0.13583	0.06686	0.11692	0.06086	0.08188	0.03207	0.09734	0.03253	0.03535	0.05017	0.06572	0.01518	0.01125	0.00356	0.01224	0.11233	0.00689	0.01323
38	0.10716	0.01768	0.02301	0.01782	0.02561	0.01581	0.01472	0.04819	0.02828	0.53320	0.03808	0.03325	0.02409	0.01241	0.00996	0.00318	0.00866	0.00988	0.01212	0.01688
39	0.01750	0.00903	0.01312	0.01312	0.01312	0.00903	0.00861	0.01354	0.01354	0.01806	0.01946	0.03524	0.02002	0.10363	0.04147	0.62357	0.00903	0.00959	0.00465	0.00465
40	0.08099	0.01482	0.01873	0.01665	0.02149	0.01404	0.01323	0.06085	0.02678	0.25377	0.12020	0.17443	0.04711	0.01952	0.01130	0.00356	0.00774	0.07093	0.01084	0.01301
41	0.03572	0.01434	0.01999	0.01647	0.02150	0.01283	0.01283	0.03661	0.02352	0.37589	0.03220	0.03356	0.02263	0.02110	0.02122	0.25861	0.00880	0.00981	0.00969	0.01271
42	0.01357	0.01062	0.01240	0.01243	0.01538	0.00945	0.00964	0.01726	0.02545	0.03293	0.26403	0.09312	0.33310	0.02451	0.01239	0.00355	0.00564	0.08525	0.01015	0.00913
43	0.03699	0.01746	0.02222	0.01832	0.02471	0.01657	0.01461	0.08911	0.08872	0.37306	0.04210	0.14301	0.03306	0.01634	0.01083	0.00338	0.00839	0.01379	0.01165	0.01567
44	0.02790	0.01294	0.01729	0.01589	0.02003	0.01146	0.01198	0.03074	0.02434	0.28202	0.05193	0.32672	0.07769	0.02285	0.01176	0.00367	0.00719	0.02007	0.01099	0.01255
45	0.01492	0.00995	0.01119	0.01119	0.01119	0.00995	0.00622	0.01492	0.01492	0.01990	0.03233	0.06716	0.03731	0.63935	0.05223	0.00995	0.00995	0.01492	0.00622	0.00622
46	0.25639	0.01822	0.02106	0.01675	0.02419	0.01759	0.01383	0.04374	0.02561	0.41298	0.03221	0.02916	0.02089	0.01170	0.00907	0.00318	0.00848	0.00882	0.01070	0.01546
47	0.01266	0.00905	0.01204	0.01418	0.01492	0.00844	0.00954	0.01467	0.02036	0.02733	0.09540	0.59059	0.07006	0.03131	0.01302	0.00410	0.00587	0.02837	0.00966	0.00844

[dist]
# distance from previous block
# <min> <max>
0	7

[block]
# block no. 1 follows, 14 sequences, length 62
# corresponding to MSA columns:
# 350-411
name=unknown_B
#
# <colnr> <probs for GDERKNQSTAVLIFYWHMCP>
#	G	D	E	R	K	N	Q	S	T	A	V	L	I	F	Y	W	H	M	C	P
0	0.71184	0.01985	0.01508	0.01350	0.01985	0.02302	0.01111	0.03017	0.01746	0.04604	0.01429	0.01667	0.01111	0.00953	0.00635	0.00318	0.00794	0.00556	0.00635	0.01111
1	0.01579	0.00987	0.01086	0.01086	0.01135	0.00987	0.00642	0.01678	0.01629	0.02369	0.03257	0.06119	0.03504	0.50977	0.04293	0.00839	0.00888	0.01382	0.14875	0.00691
2	0.01250	0.00893	0.01191	0.01429	0.01488	0.00834	0.00953	0.01429	0.01965	0.02620	0.05656	0.63265	0.06787	0.03215	0.01310	0.00417	0.00595	0.02917	0.00953	0.00834
3	0.03978	0.01704	0.02250	0.01769	0.02464	0.01536	0.01443	0.08133	0.03073	0.44502	0.13565	0.04175	0.03781	0.01418	0.01064	0.00318	0.00822	0.01174	0.01226	0.01605
4	0.02058	0.05308	0.58618	0.02925	0.04442	0.02383	0.03792	0.03250	0.02167	0.03250	0.01842	0.02167	0.01300	0.00975	0.00975	0.00325	0.01517	0.00758	0.00433	0.01517
5	0.71184	0.01985	0.01508	0.01350	0.01985	0.02302	0.01111	0.03017	0.01746	0.04604	0.01429	0.01667	0.01111	0.00953	0.00635	0.00318	0.00794	0.00556	0.00635	0.01111
6	0.01250	0.00893	0.01191	0.01429	0.01488	0.00834	0.00953	0.01429	0.01965	0.02620	0.05656	0.63265	0.06787	0.03215	0.01310	0.00417	0.00595	0.02917	0.00953	0.00834
7	0.02811	0.02603	0.04664	0.03445	0.04348	0.02591	0.32856	0.10954	0.12922	0.07868	0.02671	0.02979	0.01954	0.01046	0.01141	0.00339	0.01410	0.01148	0.00744	0.01506
8	0.02084	0.01981	0.03302	0.45675	0.16873	0.02381	0.02862	0.02716	0.02071	0.02757	0.01807	0.02657	0.01418	0.01065	0.01211	0.00343	0.06183	0.00911	0.00466	0.01236
9	0.02553	0.02204	0.02320	0.02088	0.02669	0.02553	0.01624	0.05453	0.55679	0.04293	0.04177	0.03829	0.03133	0.01392	0.01044	0.00348	0.00812	0.01160	0.01044	0.01624
10	0.08842	0.02809	0.02964	0.02287	0.03094	0.03118	0.01889	0.50359	0.04599	0.06331	0.02388	0.02405	0.01699	0.01211	0.00998	0.00309	0.01105	0.00897	0.00998	0.01699
11	0.04604	0.01746	0.02382	0.01826	0.02620	0.01508	0.01508	0.05001	0.02937	0.58244	0.04049	0.03493	0.02540	0.01270	0.01032	0.00318	0.00873	0.01032	0.01270	0.01746
12	0.71184	0.01985	0.01508	0.01350	0.01985	0.02302	0.01111	0.03017	0.01746	0.04604	0.01429	0.01667	0.01111	0.00953	0.00635	0.00318	0.00794	0.00556	0.00635	0.01111
13	0.01250	0.00893	0.01191	0.01429	0.01488	0.00834	0.00953	0.01429	0.01965	0.02620	0.05656	0.63265	0.06787	0.03215	0.01310	0.00417	0.00595	0.02917	0.00953	0.00834
14	0.71184	0.01985	0.01508	0.01350	0.01985	0.02302	0.01111	0.03017	0.01746	0.04604	0.01429	0.01667	0.01111	0.00953	0.00635	0.00318	0.00794	0.00556	0.00635	0.01111
15	0.03901	0.02874	0.03080	0.02361	0.03182	0.03182	0.01951	0.54111	0.04825	0.06468	0.02464	0.02464	0.01745	0.01232	0.01027	0.00308	0.01129	0.00924	0.01027	0.01745
16	0.01452	0.01049	0.01372	0.01291	0.01533	0.00968	0.00968	0.01937	0.02905	0.04115	0.56992	0.07666	0.09683	0.02098	0.01210	0.00323	0.00484	0.01856	0.01130	0.00968
17	0.01232	0.01040	0.01066	0.01060	0.01398	0.00874	0.00795	0.01510	0.02384	0.02879	0.14115	0.09700	0.53330	0.02559	0.01213	0.00345	0.00517	0.02141	0.00967	0.00874
18	0.01213	0.01040	0.01040	0.01040	0.01386	0.00866	0.00780	0.01473	0.02339	0.02772	0.10396	0.09876	0.57117	0.02599	0.01213	0.00347	0.00520	0.02166	0.00953	0.00866
19	0.02744	0.64552	0.05378	0.01756	0.02634	0.04061	0.01756	0.03073	0.02085	0.02414	0.01427	0.01646	0.01317	0.00878	0.00658	0.00219	0.01097	0.00549	0.00439	0.01317
20	0.03901	0.02874	0.03080	0.02361	0.03182	0.03182	0.01951	0.54111	0.04825	0.06468	0.02464	0.02464	0.01745	0.01232	0.01027	0.00308	0.01129	0.00924	0.01027	0.01745
21	0.02422	0.02768	0.06055	0.04325	0.05363	0.02595	0.53806	0.03287	0.02422	0.03287	0.02076	0.02768	0.01557	0.00865	0.01211	0.00346	0.01730	0.01211	0.00519	0.01384
22	0.02128	0.01824	0.02128	0.01520	0.02432	0.01368	0.01216	0.02584	0.02128	0.03344	0.01824	0.02128	0.01520	0.00760	0.00760	0.00152	0.00760	0.00608	0.00608	0.70208
23	0.01250	0.00893	0.01191	0.01429	0.01488	0.00834	0.00953	0.01429	0.01965	0.02620	0.05656	0.63265	0.06787	0.03215	0.01310	0.00417	0.00595	0.02917	0.00953	0.00834
24	0.02732	0.02293	0.02421	0.02125	0.02737	0.02636	0.01668	0.11921	0.48919	0.04582	0.03949	0.03647	0.02948	0.01371	0.01042	0.00343	0.00854	0.01129	0.01042	0.01640
25	0.01452	0.01049	0.01372	0.01291	0.01533	0.00968	0.00968	0.01937	0.02905	0.04115	0.56992	0.07666	0.09683	0.02098	0.01210	0.00323	0.00484	0.01856	0.01130	0.00968
26	0.04604	0.01746	0.02382	0.01826	0.02620	0.01508	0.01508	0.05001	0.02937	0.58244	0.04049	0.03493	0.02540	0.01270	0.01032	0.00318	0.00873	0.01032	0.01270	0.01746
27	0.01311	0.00985	0.01216	0.01282	0.01478	0.00889	0.00914	0.01617	0.02388	0.03180	0.24761	0.30338	0.20558	0.02669	0.01251	0.00366	0.00537	0.02357	0.01014	0.00889
28	0.01250	0.00893	0.01191	0.01429	0.01488	0.00834	0.00953	0.01429	0.01965	0.02620	0.05656	0.63265	0.06787	0.03215	0.01310	0.00417	0.00595	0.02917	0.00953	0.00834
29	0.04604	0.01746	0.02382	0.01826	0.02620	0.01508	0.01508	0.05001	0.02937	0.58244	0.04049	0.03493	0.02540	0.01270	0.01032	0.00318	0.00873	0.01032	0.01270	0.01746
30	0.04198	0.02398	0.02785	0.02135	0.02945	0.02475	0.01764	0.33366	0.04028	0.28340	0.03133	0.02899	0.02081	0.01248	0.01029	0.00312	0.01021	0.00970	0.01129	0.01746
31	0.01279	0.00973	0.01178	0.01272	0.01464	0.00872	0.00899	0.01547	0.02281	0.02976	0.17723	0.34280	0.23980	0.02783	0.01257	0.00374	0.00548	0.02452	0.00989	0.00872
32	0.01276	0.00927	0.01160	0.01334	0.01426	0.00859	0.00885	0.01443	0.01957	0.02560	0.06013	0.48395	0.13509	0.10988	0.01803	0.00482	0.00636	0.02627	0.00910	0.00811
33	0.01487	0.01018	0.01237	0.01237	0.01277	0.01059	0.00768	0.01568	0.01527	0.02077	0.03126	0.06122	0.03473	0.51493	0.17313	0.01140	0.01383	0.01405	0.00606	0.00687
34	0.66539	0.06231	0.01771	0.01377	0.02029	0.02421	0.01155	0.03020	0.01769	0.04456	0.01429	0.01666	0.01125	0.00948	0.00637	0.00311	0.00814	0.00555	0.00622	0.01125
35	0.02058	0.05308	0.58618	0.02925	0.04442	0.02383	0.03792	0.03250	0.02167	0.03250	0.01842	0.02167	0.01300	0.00975	0.00975	0.00325	0.01517	0.00758	0.00433	0.01517
36	0.02272	0.02037	0.02952	0.38022	0.09100	0.02423	0.02486	0.06822	0.16479	0.03370	0.02498	0.02994	0.01879	0.01129	0.01030	0.00339	0.01195	0.00979	0.00653	0.01342
37	0.01247	0.00904	0.01179	0.01400	0.01481	0.00836	0.00940	0.01432	0.01993	0.02631	0.06012	0.59254	0.10569	0.03169	0.01303	0.00411	0.00590	0.02861	0.00953	0.00836
38	0.38781	0.02262	0.02096	0.05836	0.02710	0.05980	0.01492	0.10311	0.06715	0.11753	0.02174	0.02276	0.01580	0.01079	0.00818	0.00317	0.00957	0.00748	0.00786	0.01329
39	0.12182	0.01757	0.02070	0.01623	0.02336	0.01597	0.01313	0.06908	0.02679	0.23116	0.12041	0.03517	0.03237	0.01226	0.00934	0.00272	0.00782	0.00985	0.00962	0.20463
40	0.08175	0.01923	0.08612	0.01780	0.02423	0.01486	0.01581	0.03491	0.02515	0.28433	0.10586	0.12548	0.03836	0.02076	0.05380	0.00431	0.00990	0.01352	0.01006	0.01376
41	0.61776	0.01951	0.01632	0.01417	0.02074	0.02190	0.01167	0.03297	0.01915	0.12184	0.01799	0.01925	0.01313	0.00997	0.00691	0.00318	0.00805	0.00623	0.00725	0.01201
42	0.01760	0.01130	0.01437	0.01326	0.01649	0.01033	0.01014	0.02177	0.02687	0.09833	0.36673	0.07375	0.18463	0.02558	0.05873	0.00433	0.00717	0.01768	0.01061	0.01031
43	0.12937	0.01574	0.01930	0.01591	0.02156	0.01472	0.01238	0.03792	0.02418	0.35956	0.03618	0.07527	0.02845	0.14181	0.01853	0.00462	0.00870	0.01175	0.01031	0.01373
44	0.71184	0.01985	0.01508	0.01350	0.01985	0.02302	0.01111	0.03017	0.01746	0.04604	0.01429	0.01667	0.01111	0.00953	0.00635	0.00318	0.00794	0.00556	0.00635	0.01111
45	0.01250	0.00893	0.01191	0.01429	0.01488	0.00834	0.00953	0.01429	0.01965	0.02620	0.05656	0.63265	0.06787	0.03215	0.01310	0.00417	0.00595	0.02917	0.00953	0.00834
46	0.11367	0.01281	0.01460	0.01351	0.01653	0.01236	0.00953	0.02285	0.02025	0.10112	0.10087	0.15517	0.04332	0.23647	0.02500	0.00561	0.00798	0.01536	0.00829	0.06470
47	0.01259	0.00924	0.01183	0.01366	0.01478	0.00847	0.00930	0.01470	0.02081	0.02744	0.09844	0.52149	0.13850	0.03054	0.01290	0.00401	0.00577	0.02742	0.00965	0.00847
48	0.63627	0.01958	0.01607	0.01404	0.02057	0.02212	0.01156	0.03242	0.01882	0.10693	0.01726	0.01874	0.01274	0.00989	0.00680	0.00318	0.00803	0.00610	0.00707	0.01183
49	0.01730	0.01256	0.01566	0.01413	0.01720	0.01220	0.01080	0.07859	0.03123	0.04382	0.50803	0.07075	0.08782	0.02000	0.01190	0.00321	0.00557	0.01750	0.01118	0.01056
50	0.02497	0.01381	0.01764	0.01612	0.01995	0.01311	0.01219	0.08479	0.02752	0.18354	0.15804	0.28416	0.05689	0.02228	0.01182	0.00358	0.00707	0.01957	0.01084	0.01212
51	0.71184	0.01985	0.01508	0.01350	0.01985	0.02302	0.01111	0.03017	0.01746	0.04604	0.01429	0.01667	0.01111	0.00953	0.00635	0.00318	0.00794	0.00556	0.00635	0.01111
52	0.09188	0.01017	0.01227	0.01420	0.01545	0.01000	0.00971	0.01609	0.01940	0.02845	0.05176	0.56273	0.06143	0.02958	0.01233	0.00406	0.00618	0.02649	0.00917	0.00865
53	0.10208	0.01366	0.01591	0.01479	0.01846	0.01348	0.01108	0.06312	0.02402	0.15163	0.07247	0.24077	0.04294	0.06226	0.01337	0.00387	0.00720	0.01683	0.10072	0.01135
54	0.01451	0.01472	0.07834	0.01724	0.01996	0.01104	0.01465	0.01824	0.02095	0.02813	0.05163	0.42328	0.05926	0.02858	0.01301	0.00421	0.00795	0.15596	0.00892	0.00941
55	0.01646	0.01001	0.01339	0.01464	0.01620	0.00920	0.01017	0.01872	0.02144	0.09043	0.09244	0.52398	0.06518	0.02912	0.01271	0.00399	0.00619	0.02625	0.01002	0.00947
56	0.10023	0.04903	0.48409	0.02727	0.04078	0.06216	0.03366	0.03280	0.02169	0.03354	0.01778	0.02089	0.01280	0.00978	0.00933	0.00320	0.01457	0.00729	0.00463	0.01449
57	0.01831	0.01241	0.01513	0.01466	0.01755	0.01188	0.01082	0.07798	0.02666	0.07320	0.19726	0.29176	0.14330	0.02462	0.01217	0.00362	0.00634	0.02161	0.01031	0.01041
58	0.02082	0.01780	0.02144	0.01643	0.02415	0.01469	0.01337	0.02524	0.02116	0.03253	0.02201	0.03208	0.02006	0.01067	0.01015	0.00209	0.05010	0.06305	0.00635	0.57581
59	0.16121	0.02439	0.09262	0.06759	0.06857	0.02040	0.05406	0.06807	0.02371	0.09978	0.02071	0.02337	0.01544	0.00952	0.00878	0.00273	0.01037	0.00770	0.00674	0.21422
60	0.10402	0.23972	0.26462	0.02280	0.03384	0.03042	0.02548	0.10710	0.02487	0.03607	0.01751	0.01984	0.01350	0.00979	0.00840	0.00287	0.01240	0.00691	0.00546	0.01439
61	0.03595	0.02102	0.02253	0.01880	0.02488	0.09309	0.01487	0.07309	0.06755	0.31557	0.11273	0.08597	0.03723	0.01521	0.01066	0.00321	0.00938	0.01252	0.01095	0.01480

[dist]
# distance from previous block
# <min> <max>
0	65

[block]
# block no. 2 follows, 14 sequences, length 54
# corresponding to MSA columns:
# 477-530
name=unknown_C
#
# <colnr> <probs for GDERKNQSTAVLIFYWHMCP>
#	G	D	E	R	K	N	Q	S	T	A	V	L	I	F	Y	W	H	M	C	P
0	0.29168	0.05745	0.02243	0.01683	0.02340	0.02192	0.01384	0.12482	0.02596	0.19178	0.02369	0.02468	0.01702	0.01373	0.01187	0.08012	0.00904	0.00788	0.00846	0.01337
1	0.26527	0.02603	0.02451	0.02011	0.02671	0.08719	0.01640	0.21523	0.03099	0.11448	0.02129	0.02239	0.01553	0.01168	0.01067	0.00319	0.05802	0.00783	0.00826	0.01424
2	0.01488	0.08814	0.01724	0.01340	0.01666	0.01282	0.01011	0.01735	0.02123	0.02704	0.06494	0.32331	0.23270	0.02523	0.01153	0.00347	0.00643	0.02185	0.00863	0.06302
3	0.09667	0.01195	0.01520	0.01410	0.01641	0.01177	0.01002	0.02280	0.01772	0.13484	0.02711	0.08135	0.02536	0.11935	0.03033	0.32972	0.00871	0.01128	0.00696	0.00833
4	0.08074	0.33466	0.17124	0.02079	0.03053	0.07554	0.02176	0.03426	0.02247	0.09623	0.01859	0.02013	0.01448	0.00969	0.00798	0.00267	0.01205	0.00667	0.00561	0.01391
5	0.03567	0.02906	0.02825	0.02285	0.02974	0.10609	0.01833	0.40846	0.04214	0.05457	0.02735	0.09827	0.02305	0.01451	0.01047	0.00315	0.01162	0.01132	0.00950	0.01558
6	0.71184	0.01985	0.01508	0.01350	0.01985	0.02302	0.01111	0.03017	0.01746	0.04604	0.01429	0.01667	0.01111	0.00953	0.00635	0.00318	0.00794	0.00556	0.00635	0.01111
7	0.02067	0.04881	0.51699	0.02753	0.04195	0.02259	0.03476	0.03168	0.02162	0.03261	0.01839	0.02162	0.01327	0.00949	0.00949	0.00304	0.01424	0.00740	0.00455	0.09930
8	0.01991	0.01045	0.01362	0.01294	0.01391	0.01016	0.00840	0.01859	0.01606	0.08796	0.02745	0.04862	0.02795	0.31777	0.04218	0.28955	0.00938	0.01192	0.00630	0.00688
9	0.01717	0.00891	0.01319	0.01348	0.01355	0.00884	0.00899	0.01348	0.01414	0.01885	0.02257	0.10486	0.02396	0.03522	0.03680	0.61603	0.00855	0.01139	0.00508	0.00493
10	0.01654	0.01181	0.01654	0.01890	0.02126	0.01181	0.01654	0.02126	0.02362	0.03071	0.05433	0.11576	0.05906	0.02835	0.01417	0.00472	0.00945	0.50626	0.00945	0.00945
11	0.01250	0.00893	0.01191	0.01429	0.01488	0.00834	0.00953	0.01429	0.01965	0.02620	0.05656	0.63265	0.06787	0.03215	0.01310	0.00417	0.00595	0.02917	0.00953	0.00834
12	0.01321	0.00900	0.01166	0.01379	0.01457	0.00847	0.00928	0.01532	0.01985	0.02748	0.05410	0.56924	0.06344	0.03000	0.01247	0.00398	0.00583	0.02708	0.08279	0.00847
13	0.04604	0.01746	0.02382	0.01826	0.02620	0.01508	0.01508	0.05001	0.02937	0.58244	0.04049	0.03493	0.02540	0.01270	0.01032	0.00318	0.00873	0.01032	0.01270	0.01746
14	0.04604	0.01746	0.02382	0.01826	0.02620	0.01508	0.01508	0.05001	0.02937	0.58244	0.04049	0.03493	0.02540	0.01270	0.01032	0.00318	0.00873	0.01032	0.01270	0.01746
15	0.02422	0.02768	0.06055	0.04325	0.05363	0.02595	0.53806	0.03287	0.02422	0.03287	0.02076	0.02768	0.01557	0.00865	0.01211	0.00346	0.01730	0.01211	0.00519	0.01384
16	0.03901	0.02874	0.03080	0.02361	0.03182	0.03182	0.01951	0.54111	0.04825	0.06468	0.02464	0.02464	0.01745	0.01232	0.01027	0.00308	0.01129	0.00924	0.01027	0.01745
17	0.01654	0.01181	0.01654	0.01890	0.02126	0.01181	0.01654	0.02126	0.02362	0.03071	0.05433	0.11576	0.05906	0.02835	0.01417	0.00472	0.00945	0.50626	0.00945	0.00945
18	0.04604	0.01746	0.02382	0.01826	0.02620	0.01508	0.01508	0.05001	0.02937	0.58244	0.04049	0.03493	0.02540	0.01270	0.01032	0.00318	0.00873	0.01032	0.01270	0.01746
19	0.01384	0.01046	0.01277	0.01219	0.01491	0.00939	0.00914	0.01804	0.02743	0.03732	0.43689	0.08297	0.23225	0.02241	0.01211	0.00330	0.00494	0.01944	0.01079	0.00939
20	0.71184	0.01985	0.01508	0.01350	0.01985	0.02302	0.01111	0.03017	0.01746	0.04604	0.01429	0.01667	0.01111	0.00953	0.00635	0.00318	0.00794	0.00556	0.00635	0.01111
21	0.02553	0.02204	0.02320	0.02088	0.02669	0.02553	0.01624	0.05453	0.55679	0.04293	0.04177	0.03829	0.03133	0.01392	0.01044	0.00348	0.00812	0.01160	0.01044	0.01624
22	0.01423	0.01048	0.01331	0.01260	0.01515	0.00956	0.00945	0.01880	0.02836	0.03951	0.51285	0.07936	0.15493	0.02159	0.01211	0.00326	0.00489	0.01894	0.01108	0.00956
23	0.01654	0.01181	0.01654	0.01890	0.02126	0.01181	0.01654	0.02126	0.02362	0.03071	0.05433	0.11576	0.05906	0.02835	0.01417	0.00472	0.00945	0.50626	0.00945	0.00945
24	0.01452	0.01064	0.01371	0.01338	0.01590	0.00983	0.01032	0.01910	0.02778	0.03844	0.45706	0.08380	0.14280	0.02242	0.01236	0.00344	0.00544	0.07862	0.01088	0.00955
25	0.01952	0.01824	0.03010	0.57182	0.06736	0.02215	0.02733	0.02619	0.02057	0.02674	0.01824	0.02693	0.01379	0.01007	0.01007	0.00328	0.01325	0.00890	0.00467	0.06079
26	0.01679	0.00953	0.01402	0.01402	0.01450	0.01001	0.00973	0.01477	0.01430	0.01954	0.02141	0.03621	0.02129	0.09077	0.18630	0.47243	0.01382	0.00990	0.00486	0.00581
27	0.01452	0.01049	0.01372	0.01291	0.01533	0.00968	0.00968	0.01937	0.02905	0.04115	0.56992	0.07666	0.09683	0.02098	0.01210	0.00323	0.00484	0.01856	0.01130	0.00968
28	0.02843	0.01715	0.01970	0.01721	0.02244	0.01791	0.01370	0.07667	0.20456	0.16814	0.08027	0.04430	0.03465	0.01453	0.01003	0.00320	0.00757	0.04180	0.16354	0.01420
29	0.02537	0.02318	0.03725	0.21402	0.36620	0.02485	0.02918	0.09242	0.02561	0.03528	0.01966	0.02586	0.01567	0.00985	0.01020	0.00316	0.01250	0.00915	0.00557	0.01503
30	0.01906	0.01717	0.02548	0.02632	0.08996	0.02160	0.01892	0.02246	0.01703	0.02536	0.02094	0.03142	0.01969	0.04533	0.30317	0.01010	0.26014	0.00997	0.00505	0.01085
31	0.02513	0.01236	0.01573	0.01370	0.01777	0.01128	0.01069	0.02970	0.02730	0.20319	0.27898	0.05468	0.05803	0.01627	0.01036	0.00301	0.00600	0.01387	0.17998	0.01199
32	0.02744	0.64552	0.05378	0.01756	0.02634	0.04061	0.01756	0.03073	0.02085	0.02414	0.01427	0.01646	0.01317	0.00878	0.00658	0.00219	0.01097	0.00549	0.00439	0.01317
33	0.02317	0.01936	0.02230	0.01610	0.02512	0.01562	0.01294	0.08081	0.02416	0.03677	0.01892	0.02164	0.01544	0.00810	0.00788	0.00169	0.00799	0.00642	0.00653	0.62905
34	0.01391	0.01047	0.01287	0.01227	0.01496	0.00942	0.00920	0.01818	0.02760	0.03772	0.45070	0.08231	0.21819	0.02226	0.01211	0.00329	0.00493	0.01935	0.01084	0.00942
35	0.01553	0.01131	0.01540	0.01659	0.01899	0.01118	0.01387	0.02000	0.02411	0.03217	0.17535	0.09729	0.10411	0.03164	0.07589	0.00553	0.00997	0.30221	0.00946	0.00941
36	0.04604	0.01746	0.02382	0.01826	0.02620	0.01508	0.01508	0.05001	0.02937	0.58244	0.04049	0.03493	0.02540	0.01270	0.01032	0.00318	0.00873	0.01032	0.01270	0.01746
37	0.02553	0.02204	0.02320	0.02088	0.02669	0.02553	0.01624	0.05453	0.55679	0.04293	0.04177	0.03829	0.03133	0.01392	0.01044	0.00348	0.00812	0.01160	0.01044	0.01624
38	0.71184	0.01985	0.01508	0.01350	0.01985	0.02302	0.01111	0.03017	0.01746	0.04604	0.01429	0.01667	0.01111	0.00953	0.00635	0.00318	0.00794	0.00556	0.00635	0.01111
39	0.01685	0.00929	0.01381	0.01400	0.01437	0.00957	0.00966	0.01432	0.01441	0.01955	0.02256	0.07962	0.02311	0.04274	0.13753	0.52513	0.01199	0.01086	0.00504	0.00560
40	0.02245	0.02245	0.03143	0.02694	0.02694	0.03143	0.02245	0.02470	0.01572	0.02470	0.01347	0.02245	0.01347	0.01796	0.03368	0.00449	0.62057	0.00898	0.00449	0.01123
41	0.01654	0.01181	0.01654	0.01890	0.02126	0.01181	0.01654	0.02126	0.02362	0.03071	0.05433	0.11576	0.05906	0.02835	0.01417	0.00472	0.00945	0.50626	0.00945	0.00945
42	0.02031	0.01161	0.01426	0.01347	0.01684	0.01026	0.00996	0.02314	0.02398	0.15204	0.13825	0.20350	0.22466	0.07149	0.01507	0.00404	0.00648	0.01993	0.01022	0.01050
43	0.01241	0.00931	0.01152	0.01329	0.01462	0.00842	0.00908	0.01440	0.02061	0.02659	0.06869	0.49605	0.19665	0.03057	0.01285	0.00399	0.00576	0.02725	0.00953	0.00842
44	0.71184	0.01985	0.01508	0.01350	0.01985	0.02302	0.01111	0.03017	0.01746	0.04604	0.01429	0.01667	0.01111	0.00953	0.00635	0.00318	0.00794	0.00556	0.00635	0.01111
45	0.71184	0.01985	0.01508	0.01350	0.01985	0.02302	0.01111	0.03017	0.01746	0.04604	0.01429	0.01667	0.01111	0.00953	0.00635	0.00318	0.00794	0.00556	0.00635	0.01111
46	0.01773	0.01113	0.01372	0.01310	0.01628	0.00985	0.00980	0.02118	0.02558	0.10858	0.25519	0.17970	0.23234	0.02348	0.01205	0.00347	0.00569	0.02035	0.01060	0.01018
47	0.06139	0.01563	0.01799	0.01424	0.02090	0.01275	0.01111	0.02322	0.02252	0.03468	0.12905	0.08201	0.07595	0.01338	0.00910	0.00228	0.00681	0.01123	0.00757	0.42819
48	0.01250	0.00893	0.01191	0.01429	0.01488	0.00834	0.00953	0.01429	0.01965	0.02620	0.05656	0.63265	0.06787	0.03215	0.01310	0.00417	0.00595	0.02917	0.00953	0.00834
49	0.02368	0.01279	0.01661	0.01609	0.01927	0.01199	0.01181	0.06496	0.02451	0.18030	0.04971	0.42299	0.05241	0.02532	0.01212	0.00381	0.00712	0.02250	0.01045	0.01152
50	0.04095	0.01637	0.02199	0.01723	0.02439	0.01416	0.01410	0.04488	0.02888	0.49719	0.08659	0.04314	0.07342	0.01438	0.01060	0.00320	0.00815	0.01184	0.01235	0.01617
51	0.01919	0.01109	0.01543	0.01567	0.01796	0.01090	0.01152	0.02194	0.02045	0.12571	0.04493	0.34709	0.04754	0.04210	0.18843	0.00769	0.01292	0.02032	0.00889	0.01023
52	0.03942	0.02145	0.02557	0.02016	0.02743	0.02162	0.01641	0.25914	0.03652	0.29860	0.03533	0.09423	0.02649	0.01461	0.01059	0.00324	0.00955	0.01186	0.01131	0.01649
53	0.02746	0.01299	0.01711	0.01549	0.01980	0.01145	0.01179	0.03049	0.02496	0.27416	0.08433	0.26912	0.11363	0.02212	0.01169	0.00359	0.00703	0.01926	0.01104	0.01251

[dist]
# distance from previous block
# <min> <max>
12	43

[block]
# block no. 3 follows, 14 sequences, length 25
# corresponding to MSA columns:
# 579-603
name=unknown_D
#
# <colnr> <probs for GDERKNQSTAVLIFYWHMCP>
#	G	D	E	R	K	N	Q	S	T	A	V	L	I	F	Y	W	H	M	C	P
0	0.02686	0.59585	0.09841	0.01854	0.02785	0.03920	0.01927	0.03088	0.02092	0.02484	0.01461	0.01690	0.01316	0.00886	0.00685	0.00228	0.01133	0.00566	0.00439	0.01334
1	0.14658	0.01539	0.01892	0.01569	0.02133	0.01453	0.01254	0.03592	0.02617	0.30833	0.17629	0.04280	0.04161	0.01601	0.01223	0.05238	0.00757	0.01163	0.01069	0.01341
2	0.12801	0.01442	0.01802	0.01620	0.02089	0.01369	0.01269	0.03253	0.02336	0.26951	0.04023	0.19443	0.03658	0.02046	0.01320	0.06007	0.00797	0.05524	0.01003	0.01246
3	0.12601	0.01990	0.01970	0.01765	0.02246	0.06782	0.01361	0.12436	0.07384	0.11365	0.03581	0.19879	0.03347	0.01755	0.01019	0.00336	0.00876	0.01451	0.06586	0.01273
4	0.01362	0.00973	0.01318	0.01556	0.01664	0.00929	0.01146	0.01621	0.02074	0.02744	0.05595	0.49002	0.06544	0.03110	0.01340	0.00432	0.00692	0.16082	0.00950	0.00864
5	0.07102	0.01692	0.01979	0.01753	0.02225	0.01737	0.01375	0.14560	0.06513	0.13544	0.12725	0.18975	0.04723	0.01955	0.01126	0.00352	0.00795	0.04533	0.01038	0.01297
6	0.01466	0.01100	0.01649	0.01649	0.01833	0.01283	0.01283	0.01833	0.01649	0.02382	0.02749	0.04032	0.02566	0.07697	0.59868	0.01649	0.02749	0.01100	0.00550	0.00916
7	0.06767	0.01427	0.01700	0.01520	0.01965	0.01393	0.01196	0.03104	0.10298	0.15320	0.25951	0.06342	0.12650	0.01852	0.01123	0.00336	0.00662	0.04088	0.01082	0.01221
8	0.03765	0.02807	0.03003	0.02334	0.03131	0.03119	0.01918	0.49199	0.09959	0.06248	0.02637	0.02602	0.01885	0.01248	0.01028	0.00312	0.01097	0.00948	0.01028	0.01733
9	0.01338	0.00974	0.01267	0.01395	0.01545	0.00903	0.01001	0.01634	0.02295	0.03091	0.20458	0.38658	0.11929	0.02816	0.01282	0.00389	0.00587	0.06553	0.01002	0.00884
10	0.01355	0.00968	0.01228	0.01395	0.01492	0.00919	0.00967	0.01544	0.01954	0.02564	0.05530	0.39434	0.10424	0.15870	0.02139	0.00540	0.00722	0.09267	0.00882	0.00808
11	0.71184	0.01985	0.01508	0.01350	0.01985	0.02302	0.01111	0.03017	0.01746	0.04604	0.01429	0.01667	0.01111	0.00953	0.00635	0.00318	0.00794	0.00556	0.00635	0.01111
12	0.42495	0.02364	0.02178	0.01781	0.02495	0.02677	0.01469	0.24803	0.03059	0.05399	0.01870	0.02007	0.01382	0.01072	0.00802	0.00313	0.00937	0.00713	0.00802	0.01382
13	0.04604	0.01746	0.02382	0.01826	0.02620	0.01508	0.01508	0.05001	0.02937	0.58244	0.04049	0.03493	0.02540	0.01270	0.01032	0.00318	0.00873	0.01032	0.01270	0.01746
14	0.02767	0.01318	0.01760	0.01596	0.02032	0.01175	0.01243	0.03110	0.02566	0.27073	0.11850	0.22304	0.08578	0.02153	0.01179	0.00361	0.00726	0.05836	0.01113	0.01260
15	0.04195	0.02403	0.02788	0.02137	0.02947	0.02482	0.01766	0.33571	0.04035	0.28123	0.03127	0.02894	0.02078	0.01248	0.01029	0.00312	0.01022	0.00969	0.01128	0.01746
16	0.01466	0.01100	0.01649	0.01649	0.01833	0.01283	0.01283	0.01833	0.01649	0.02382	0.02749	0.04032	0.02566	0.07697	0.59868	0.01649	0.02749	0.01100	0.00550	0.00916
17	0.65415	0.02061	0.01643	0.01436	0.02087	0.02378	0.01183	0.07397	0.02010	0.04764	0.01518	0.01735	0.01166	0.00977	0.00669	0.00317	0.00823	0.00587	0.00669	0.01166
18	0.02445	0.01269	0.01620	0.01425	0.01862	0.01115	0.01105	0.02821	0.02703	0.21979	0.23757	0.11540	0.18143	0.02031	0.01159	0.00335	0.00634	0.01741	0.01121	0.01196
19	0.01492	0.00995	0.01119	0.01119	0.01119	0.00995	0.00622	0.01492	0.01492	0.01990	0.03233	0.06716	0.03731	0.63935	0.05223	0.00995	0.00995	0.01492	0.00622	0.00622
20	0.01490	0.01005	0.01173	0.01173	0.01191	0.01024	0.00689	0.01527	0.01508	0.02029	0.03185	0.06445	0.03613	0.58258	0.10740	0.01061	0.01172	0.01453	0.00615	0.00652
21	0.01491	0.01041	0.01516	0.01540	0.01670	0.01159	0.01141	0.01694	0.01624	0.02290	0.02945	0.10100	0.02976	0.11214	0.41673	0.11112	0.02128	0.01286	0.00582	0.00818
22	0.02451	0.02649	0.02221	0.02019	0.02321	0.24222	0.04991	0.02664	0.02175	0.02382	0.02710	0.10014	0.02844	0.24035	0.07353	0.00658	0.01487	0.01257	0.00605	0.00944
23	0.04329	0.01685	0.02293	0.01779	0.02525	0.01461	0.01461	0.04733	0.02934	0.53508	0.08680	0.03858	0.03165	0.01343	0.01048	0.00318	0.00839	0.01104	0.01258	0.01678
24	0.03703	0.02656	0.02880	0.02266	0.03040	0.02928	0.01853	0.40931	0.14294	0.10246	0.02916	0.02805	0.02072	0.01265	0.01030	0.00316	0.01049	0.00977	0.01050	0.01722

[dist]
# distance from previous block
# <min> <max>
0	1

[block]
# block no. 4 follows, 14 sequences, length 48
# corresponding to MSA columns:
# 605-652
name=unknown_E
#
# <colnr> <probs for GDERKNQSTAVLIFYWHMCP>
#	G	D	E	R	K	N	Q	S	T	A	V	L	I	F	Y	W	H	M	C	P
0	0.02365	0.02276	0.03849	0.24472	0.20576	0.02558	0.10426	0.06441	0.02316	0.03180	0.01870	0.02596	0.01494	0.01093	0.01381	0.00345	0.09928	0.00956	0.00519	0.01357
1	0.71184	0.01985	0.01508	0.01350	0.01985	0.02302	0.01111	0.03017	0.01746	0.04604	0.01429	0.01667	0.01111	0.00953	0.00635	0.00318	0.00794	0.00556	0.00635	0.01111
2	0.03875	0.03647	0.03014	0.02469	0.03179	0.24885	0.01963	0.34945	0.04090	0.04951	0.02128	0.02229	0.01583	0.01165	0.00988	0.00291	0.01406	0.00823	0.00836	0.01532
3	0.01267	0.00906	0.01206	0.01418	0.01492	0.00845	0.00954	0.01471	0.02042	0.02742	0.09867	0.58705	0.07025	0.03123	0.01302	0.00409	0.00586	0.02830	0.00967	0.00845
4	0.02553	0.02204	0.02320	0.02088	0.02669	0.02553	0.01624	0.05453	0.55679	0.04293	0.04177	0.03829	0.03133	0.01392	0.01044	0.00348	0.00812	0.01160	0.01044	0.01624
5	0.03740	0.02235	0.03148	0.03477	0.21549	0.02200	0.02169	0.15327	0.03153	0.27893	0.02970	0.02937	0.02050	0.01140	0.01025	0.00311	0.01049	0.00968	0.00955	0.01705
6	0.01250	0.00893	0.01191	0.01429	0.01488	0.00834	0.00953	0.01429	0.01965	0.02620	0.05656	0.63265	0.06787	0.03215	0.01310	0.00417	0.00595	0.02917	0.00953	0.00834
7	0.03901	0.02874	0.03080	0.02361	0.03182	0.03182	0.01951	0.54111	0.04825	0.06468	0.02464	0.02464	0.01745	0.01232	0.01027	0.00308	0.01129	0.00924	0.01027	0.01745
8	0.03901	0.02874	0.03080	0.02361	0.03182	0.03182	0.01951	0.54111	0.04825	0.06468	0.02464	0.02464	0.01745	0.01232	0.01027	0.00308	0.01129	0.00924	0.01027	0.01745
9	0.01250	0.00893	0.01191	0.01429	0.01488	0.00834	0.00953	0.01429	0.01965	0.02620	0.05656	0.63265	0.06787	0.03215	0.01310	0.00417	0.00595	0.02917	0.00953	0.00834
10	0.02553	0.02204	0.02320	0.02088	0.02669	0.02553	0.01624	0.05453	0.55679	0.04293	0.04177	0.03829	0.03133	0.01392	0.01044	0.00348	0.00812	0.01160	0.01044	0.01624
11	0.01492	0.00995	0.01119	0.01119	0.01119	0.00995	0.00622	0.01492	0.01492	0.01990	0.03233	0.06716	0.03731	0.63935	0.05223	0.00995	0.00995	0.01492	0.00622	0.00622
12	0.01250	0.00893	0.01191	0.01429	0.01488	0.00834	0.00953	0.01429	0.01965	0.02620	0.05656	0.63265	0.06787	0.03215	0.01310	0.00417	0.00595	0.02917	0.00953	0.00834
13	0.02553	0.02204	0.02320	0.02088	0.02669	0.02553	0.01624	0.05453	0.55679	0.04293	0.04177	0.03829	0.03133	0.01392	0.01044	0.00348	0.00812	0.01160	0.01044	0.01624
14	0.02128	0.01824	0.02128	0.01520	0.02432	0.01368	0.01216	0.02584	0.02128	0.03344	0.01824	0.02128	0.01520	0.00760	0.00760	0.00152	0.00760	0.00608	0.00608	0.70208
15	0.01558	0.01092	0.01462	0.01561	0.01785	0.01056	0.01271	0.02011	0.02526	0.03485	0.25305	0.13889	0.07239	0.02479	0.01285	0.00395	0.00708	0.24653	0.05292	0.00945
16	0.01492	0.00995	0.01119	0.01119	0.01119	0.00995	0.00622	0.01492	0.01492	0.01990	0.03233	0.06716	0.03731	0.63935	0.05223	0.00995	0.00995	0.01492	0.00622	0.00622
17	0.04604	0.01746	0.02382	0.01826	0.02620	0.01508	0.01508	0.05001	0.02937	0.58244	0.04049	0.03493	0.02540	0.01270	0.01032	0.00318	0.00873	0.01032	0.01270	0.01746
18	0.03895	0.01963	0.02420	0.01915	0.02617	0.01913	0.01556	0.19114	0.03416	0.34415	0.07400	0.08463	0.03155	0.01479	0.01066	0.00323	0.00899	0.01214	0.01161	0.01616
19	0.12693	0.01483	0.01809	0.01564	0.02098	0.01378	0.01228	0.03418	0.02504	0.29903	0.08304	0.16893	0.08821	0.01822	0.01065	0.00342	0.00743	0.01531	0.01074	0.01326
20	0.26849	0.01692	0.01729	0.01556	0.02048	0.01810	0.01194	0.03415	0.11495	0.14548	0.03271	0.11864	0.02902	0.09599	0.01478	0.00425	0.00811	0.01216	0.00877	0.01224
21	0.64819	0.07803	0.01868	0.01387	0.02045	0.02466	0.01171	0.03022	0.01778	0.04401	0.01429	0.01665	0.01130	0.00946	0.00637	0.00308	0.00822	0.00555	0.00617	0.01130
22	0.01473	0.01073	0.01517	0.01517	0.01655	0.01211	0.01118	0.01748	0.01610	0.02284	0.02870	0.04700	0.02856	0.21710	0.46251	0.01486	0.02312	0.01197	0.00568	0.00843
23	0.01597	0.01031	0.01308	0.01362	0.01540	0.00968	0.00948	0.01814	0.02066	0.07269	0.09326	0.32174	0.13234	0.13133	0.06806	0.00589	0.00845	0.02188	0.00904	0.00897
24	0.03047	0.01503	0.01921	0.01671	0.02161	0.01421	0.01283	0.03731	0.10141	0.29024	0.09267	0.16945	0.04293	0.06919	0.01453	0.00399	0.00779	0.01567	0.01104	0.01370
25	0.01271	0.00902	0.01185	0.01403	0.01458	0.00847	0.00925	0.01434	0.01925	0.02567	0.05453	0.58529	0.06531	0.08301	0.01638	0.00465	0.00629	0.02798	0.00925	0.00816
26	0.61359	0.06603	0.05941	0.01493	0.02209	0.02431	0.01352	0.03038	0.01801	0.04352	0.01459	0.01702	0.01139	0.00949	0.00661	0.00311	0.00868	0.00570	0.00607	0.01155
27	0.02058	0.05308	0.58618	0.02925	0.04442	0.02383	0.03792	0.03250	0.02167	0.03250	0.01842	0.02167	0.01300	0.00975	0.00975	0.00325	0.01517	0.00758	0.00433	0.01517
28	0.02294	0.01926	0.02106	0.01939	0.02434	0.02173	0.01517	0.04588	0.42407	0.04161	0.13095	0.05118	0.04458	0.01631	0.01103	0.00354	0.00769	0.05419	0.01050	0.01458
29	0.01250	0.00893	0.01191	0.01429	0.01488	0.00834	0.00953	0.01429	0.01965	0.02620	0.05656	0.63265	0.06787	0.03215	0.01310	0.00417	0.00595	0.02917	0.00953	0.00834
30	0.03087	0.14896	0.03210	0.02122	0.02851	0.03085	0.01771	0.22871	0.26281	0.04718	0.02998	0.02891	0.02260	0.01231	0.00961	0.00308	0.00986	0.00951	0.00917	0.01607
31	0.07425	0.02201	0.09381	0.01725	0.02609	0.01544	0.01562	0.02945	0.02205	0.11030	0.02422	0.07305	0.02036	0.01075	0.00862	0.00231	0.00863	0.00872	0.00708	0.40999
32	0.01712	0.01431	0.02214	0.01999	0.02379	0.01363	0.09197	0.02328	0.06068	0.03272	0.14270	0.23463	0.05697	0.02258	0.01242	0.00377	0.00853	0.12899	0.00899	0.06079
33	0.02388	0.03004	0.10944	0.04195	0.05278	0.02575	0.49155	0.03284	0.02398	0.03284	0.02054	0.02712	0.01533	0.00875	0.01189	0.00344	0.01710	0.01169	0.00511	0.01396
34	0.01268	0.00912	0.01174	0.01374	0.01450	0.00849	0.00912	0.01437	0.01953	0.02578	0.05804	0.54604	0.10250	0.08234	0.01629	0.00460	0.00623	0.02743	0.00925	0.00818
35	0.07540	0.01352	0.01721	0.01524	0.01952	0.01248	0.01160	0.03078	0.02507	0.25134	0.16049	0.18014	0.05099	0.07098	0.01456	0.00398	0.00728	0.01646	0.01069	0.01228
36	0.71184	0.01985	0.01508	0.01350	0.01985	0.02302	0.01111	0.03017	0.01746	0.04604	0.01429	0.01667	0.01111	0.00953	0.00635	0.00318	0.00794	0.00556	0.00635	0.01111
37	0.14461	0.01724	0.02144	0.01690	0.02419	0.01587	0.01390	0.04509	0.02699	0.46123	0.03601	0.03242	0.02331	0.01217	0.00949	0.00312	0.00832	0.00954	0.06224	0.01592
38	0.16985	0.01700	0.01961	0.01691	0.02264	0.01700	0.01334	0.06518	0.07480	0.26624	0.03821	0.17027	0.03254	0.01669	0.01018	0.00343	0.00801	0.01381	0.01034	0.01395
39	0.01421	0.01036	0.01336	0.01287	0.01520	0.00951	0.00955	0.01866	0.02793	0.03909	0.49881	0.12364	0.12398	0.02221	0.01219	0.00332	0.00495	0.01962	0.01104	0.00951
40	0.02553	0.02204	0.02320	0.02088	0.02669	0.02553	0.01624	0.05453	0.55679	0.04293	0.04177	0.03829	0.03133	0.01392	0.01044	0.00348	0.00812	0.01160	0.01044	0.01624
41	0.01261	0.00913	0.01193	0.01395	0.01485	0.00845	0.00943	0.01465	0.02051	0.02728	0.09339	0.56183	0.10204	0.03102	0.01297	0.00406	0.00583	0.02799	0.00964	0.00845
42	0.27269	0.01806	0.01814	0.01593	0.02093	0.01968	0.01278	0.14052	0.02792	0.04613	0.17253	0.04596	0.04141	0.05067	0.01206	0.00368	0.00809	0.05223	0.00883	0.01173
43	0.27356	0.01904	0.02129	0.01699	0.02440	0.01893	0.01402	0.07625	0.02656	0.36393	0.03045	0.02798	0.01998	0.01159	0.00896	0.00317	0.00863	0.00862	0.01036	0.01529
44	0.01370	0.01046	0.01258	0.01205	0.01483	0.00933	0.00904	0.01778	0.02711	0.03655	0.41036	0.08423	0.25926	0.02270	0.01211	0.00331	0.00496	0.01962	0.01069	0.00933
45	0.02163	0.01182	0.01725	0.01614	0.01878	0.01240	0.01240	0.02353	0.01836	0.13385	0.02791	0.03719	0.02384	0.05486	0.35575	0.16788	0.01957	0.01039	0.00670	0.00976
46	0.01679	0.00997	0.01241	0.01325	0.01458	0.00944	0.00891	0.01878	0.01966	0.07306	0.04648	0.37076	0.05153	0.16504	0.02088	0.00514	0.00693	0.02160	0.10598	0.00879
47	0.01298	0.01029	0.01167	0.01162	0.01446	0.00898	0.00860	0.01628	0.02498	0.03218	0.25911	0.14084	0.36194	0.02485	0.01221	0.00345	0.00515	0.02130	0.01013	0.00898

[dist]
# distance from previous block
# <min> <max>
0	36

# created by:
