[name]
unknown

[dist]
# distance from previous block
# <min> <max>
0	903

[block]
# block no. 0 follows, 13 sequences, length 32
# corresponding to MSA columns:
# 949-980
name=unknown_A
#
# <colnr> <probs for GDERKNQSTAVLIFYWHMCP>
#	G	D	E	R	K	N	Q	S	T	A	V	L	I	F	Y	W	H	M	C	P
0	0.02510	0.01355	0.01837	0.01789	0.02204	0.01262	0.01508	0.02962	0.02674	0.18573	0.12148	0.08913	0.08902	0.02346	0.01305	0.00412	0.00861	0.26138	0.01094	0.01206
1	0.01997	0.01879	0.03171	0.60301	0.07282	0.02349	0.02936	0.02701	0.02114	0.02701	0.01879	0.02819	0.01409	0.01057	0.01057	0.00352	0.01409	0.00940	0.00470	0.01175
2	0.01282	0.00944	0.01202	0.01409	0.01517	0.00864	0.00953	0.01479	0.02085	0.02724	0.06602	0.53912	0.14733	0.03212	0.01334	0.00418	0.00601	0.02883	0.00982	0.00864
3	0.02672	0.48498	0.15311	0.02214	0.03253	0.03757	0.05621	0.03215	0.02188	0.02710	0.01595	0.01875	0.01370	0.00922	0.00778	0.00255	0.01256	0.00652	0.00457	0.01400
4	0.02579	0.02279	0.03839	0.21933	0.38294	0.02400	0.03040	0.03215	0.02363	0.06850	0.02104	0.02742	0.01661	0.01001	0.01051	0.00326	0.01277	0.00950	0.00561	0.01537
5	0.02192	0.01879	0.02192	0.01566	0.02506	0.01409	0.01253	0.02662	0.02192	0.03445	0.01879	0.02192	0.01566	0.00783	0.00783	0.00157	0.00783	0.00626	0.00626	0.69305
6	0.01530	0.01126	0.01205	0.01155	0.01536	0.00951	0.00877	0.01830	0.02510	0.06968	0.14483	0.09476	0.47570	0.02528	0.01236	0.00353	0.00559	0.02115	0.01023	0.00969
7	0.70310	0.02045	0.01554	0.01390	0.02045	0.02372	0.01145	0.03108	0.01799	0.04744	0.01472	0.01718	0.01145	0.00981	0.00654	0.00327	0.00818	0.00573	0.00654	0.01145
8	0.02262	0.01917	0.02057	0.01875	0.02383	0.02133	0.01448	0.04484	0.39050	0.04191	0.13763	0.05408	0.11102	0.01716	0.01127	0.00354	0.00741	0.01449	0.01079	0.01460
9	0.02082	0.01105	0.01627	0.01555	0.01725	0.01142	0.01142	0.02031	0.01698	0.08931	0.02483	0.03598	0.02222	0.04900	0.23233	0.36511	0.01600	0.01013	0.00603	0.00799
10	0.01288	0.00920	0.01227	0.01472	0.01534	0.00859	0.00981	0.01472	0.02024	0.02699	0.05828	0.62152	0.06993	0.03312	0.01350	0.00429	0.00613	0.03006	0.00981	0.00859
11	0.01288	0.00920	0.01227	0.01472	0.01534	0.00859	0.00981	0.01472	0.02024	0.02699	0.05828	0.62152	0.06993	0.03312	0.01350	0.00429	0.00613	0.03006	0.00981	0.00859
12	0.04073	0.01729	0.02302	0.01884	0.02584	0.01567	0.01543	0.04685	0.07072	0.44295	0.04419	0.08006	0.03263	0.01594	0.01119	0.00351	0.00884	0.05738	0.01238	0.01653
13	0.01750	0.00946	0.01406	0.01426	0.01456	0.00965	0.00975	0.01451	0.01471	0.01986	0.02290	0.08143	0.02361	0.04189	0.10893	0.54968	0.01139	0.01116	0.00516	0.00554
14	0.02192	0.01879	0.02192	0.01566	0.02506	0.01409	0.01253	0.02662	0.02192	0.03445	0.01879	0.02192	0.01566	0.00783	0.00783	0.00157	0.00783	0.00626	0.00626	0.69305
15	0.06350	0.01247	0.01239	0.01155	0.01486	0.01299	0.00891	0.07519	0.02467	0.04262	0.03237	0.03666	0.02523	0.01220	0.00766	0.00258	0.00580	0.00957	0.57802	0.01076
16	0.01431	0.01003	0.01215	0.01295	0.01359	0.00984	0.00820	0.01543	0.01780	0.02360	0.04705	0.24932	0.09011	0.34108	0.08055	0.00831	0.00998	0.02039	0.00773	0.00757
17	0.01837	0.00918	0.01377	0.01377	0.01377	0.00918	0.00918	0.01377	0.01377	0.01837	0.01837	0.03214	0.01837	0.03673	0.04132	0.69238	0.00918	0.00918	0.00459	0.00459
18	0.04092	0.02846	0.03101	0.02378	0.03221	0.03107	0.01964	0.47973	0.04777	0.11685	0.02701	0.02644	0.01880	0.01273	0.01058	0.00318	0.01137	0.00963	0.01083	0.01798
19	0.01253	0.01056	0.01087	0.01111	0.01439	0.00889	0.00821	0.01513	0.02371	0.02841	0.10224	0.15363	0.50945	0.02741	0.01260	0.00364	0.00543	0.02309	0.00982	0.00889
20	0.09342	0.01686	0.02127	0.01750	0.02408	0.01565	0.01404	0.04376	0.06029	0.39080	0.04127	0.10993	0.03103	0.01542	0.01047	0.00337	0.00827	0.01276	0.05416	0.01566
21	0.01349	0.00965	0.01292	0.01506	0.01603	0.00908	0.01055	0.01593	0.02157	0.02891	0.10520	0.52009	0.07184	0.03165	0.01351	0.00426	0.00639	0.07506	0.00998	0.00883
22	0.09971	0.01968	0.02473	0.01912	0.02720	0.01841	0.01579	0.11083	0.03176	0.46291	0.03743	0.03310	0.02393	0.01277	0.01029	0.00326	0.00927	0.01009	0.01223	0.01746
23	0.04052	0.02033	0.02510	0.01964	0.02762	0.01936	0.01602	0.11077	0.11542	0.36635	0.03755	0.03379	0.02507	0.01272	0.01037	0.00314	0.00912	0.01027	0.01171	0.08516
24	0.02907	0.05848	0.06207	0.01842	0.02788	0.01906	0.01611	0.09590	0.02695	0.13201	0.02344	0.02457	0.01753	0.00959	0.00876	0.00223	0.00924	0.00752	0.00779	0.40335
25	0.03075	0.01954	0.02590	0.01998	0.02772	0.01785	0.05566	0.07145	0.09443	0.20016	0.09945	0.03660	0.03208	0.01246	0.01022	0.00284	0.00895	0.01071	0.00981	0.21346
26	0.61907	0.02013	0.01669	0.01453	0.02129	0.02267	0.01197	0.03370	0.01957	0.11438	0.01818	0.01959	0.01334	0.01023	0.00707	0.00327	0.00828	0.00635	0.00738	0.01229
27	0.03725	0.02106	0.03229	0.02460	0.03266	0.02005	0.12919	0.07537	0.09460	0.31346	0.03580	0.03436	0.02424	0.01223	0.01082	0.00331	0.01076	0.01109	0.06048	0.01640
28	0.01907	0.01284	0.01580	0.01533	0.01875	0.01157	0.01115	0.05199	0.02376	0.08204	0.05540	0.37849	0.11754	0.02561	0.01212	0.00365	0.00689	0.02262	0.00968	0.10570
29	0.02192	0.01879	0.02192	0.01566	0.02506	0.01409	0.01253	0.02662	0.02192	0.03445	0.01879	0.02192	0.01566	0.00783	0.00783	0.00157	0.00783	0.00626	0.00626	0.69305
30	0.02843	0.50646	0.04918	0.01829	0.02733	0.03754	0.01754	0.07144	0.02384	0.02951	0.01610	0.01828	0.01420	0.00919	0.00723	0.00225	0.01089	0.00605	0.00524	0.10101
31	0.02977	0.01532	0.01990	0.01645	0.02253	0.01297	0.01287	0.03366	0.02622	0.25897	0.11331	0.16075	0.04336	0.01727	0.01085	0.00310	0.00756	0.01488	0.01064	0.16962

[dist]
# distance from previous block
# <min> <max>
0	5

[block]
# block no. 1 follows, 13 sequences, length 118
# corresponding to MSA columns:
# 986-1074,1077-1105
name=unknown_B
#
# <colnr> <probs for GDERKNQSTAVLIFYWHMCP>
#	G	D	E	R	K	N	Q	S	T	A	V	L	I	F	Y	W	H	M	C	P
0	0.09902	0.01899	0.02734	0.17144	0.07371	0.02110	0.05560	0.03401	0.11766	0.08573	0.02666	0.03189	0.02073	0.02288	0.09426	0.05523	0.01371	0.01007	0.00706	0.01292
1	0.01360	0.00971	0.01309	0.01554	0.01647	0.00921	0.01106	0.01596	0.02095	0.02779	0.05788	0.53483	0.06836	0.03245	0.01369	0.00439	0.00676	0.10967	0.00980	0.00879
2	0.01882	0.01397	0.01699	0.01720	0.01990	0.01435	0.01292	0.09203	0.07740	0.03669	0.11169	0.34890	0.06134	0.02652	0.01284	0.00403	0.00747	0.08570	0.01022	0.01102
3	0.12289	0.01946	0.02285	0.01827	0.02562	0.01901	0.01493	0.11181	0.06754	0.33700	0.04336	0.03965	0.08221	0.01422	0.01033	0.00331	0.00882	0.01125	0.01139	0.01609
4	0.01589	0.01145	0.01441	0.01578	0.01726	0.01125	0.01095	0.07115	0.02349	0.03136	0.05465	0.55588	0.06421	0.03087	0.01317	0.00417	0.00674	0.02780	0.00990	0.00962
5	0.01538	0.01025	0.01153	0.01153	0.01153	0.01025	0.00641	0.01538	0.01538	0.02050	0.03331	0.06919	0.03844	0.62842	0.05382	0.01025	0.01025	0.01538	0.00641	0.00641
6	0.54199	0.01993	0.01640	0.01442	0.02066	0.02260	0.01178	0.07818	0.02183	0.04741	0.02379	0.02560	0.05272	0.01149	0.00743	0.00323	0.00809	0.00758	0.05306	0.01180
7	0.03335	0.01472	0.01952	0.01650	0.02211	0.01287	0.01299	0.03699	0.02775	0.34720	0.11617	0.15342	0.10177	0.01925	0.01158	0.00349	0.00758	0.01646	0.01196	0.01431
8	0.70310	0.02045	0.01554	0.01390	0.02045	0.02372	0.01145	0.03108	0.01799	0.04744	0.01472	0.01718	0.01145	0.00981	0.00654	0.00327	0.00818	0.00573	0.00654	0.01145
9	0.04601	0.02028	0.02595	0.01990	0.02813	0.01893	0.01644	0.14515	0.03409	0.47076	0.03850	0.03390	0.02456	0.01301	0.01062	0.00325	0.00952	0.01041	0.01259	0.01799
10	0.01584	0.01172	0.01450	0.01427	0.01645	0.01153	0.01023	0.02230	0.08264	0.03668	0.33224	0.18402	0.07847	0.10011	0.01773	0.00443	0.00626	0.02009	0.01051	0.00998
11	0.01311	0.00938	0.01247	0.01457	0.01539	0.00874	0.00983	0.01530	0.02131	0.02869	0.11318	0.56178	0.07322	0.03186	0.01338	0.00419	0.00601	0.02885	0.01002	0.00874
12	0.01288	0.00920	0.01227	0.01472	0.01534	0.00859	0.00981	0.01472	0.02024	0.02699	0.05828	0.62152	0.06993	0.03312	0.01350	0.00429	0.00613	0.03006	0.00981	0.00859
13	0.01997	0.01879	0.03171	0.60301	0.07282	0.02349	0.02936	0.02701	0.02114	0.02701	0.01879	0.02819	0.01409	0.01057	0.01057	0.00352	0.01409	0.00940	0.00470	0.01175
14	0.70310	0.02045	0.01554	0.01390	0.02045	0.02372	0.01145	0.03108	0.01799	0.04744	0.01472	0.01718	0.01145	0.00981	0.00654	0.00327	0.00818	0.00573	0.00654	0.01145
15	0.04657	0.01939	0.02540	0.01947	0.02769	0.01761	0.01609	0.10859	0.03260	0.50943	0.03975	0.03472	0.02519	0.01304	0.01063	0.00326	0.00931	0.01050	0.01279	0.01799
16	0.70310	0.02045	0.01554	0.01390	0.02045	0.02372	0.01145	0.03108	0.01799	0.04744	0.01472	0.01718	0.01145	0.00981	0.00654	0.00327	0.00818	0.00573	0.00654	0.01145
17	0.01971	0.00985	0.00985	0.00985	0.01232	0.00985	0.00739	0.02464	0.02217	0.03942	0.03449	0.03942	0.02710	0.01232	0.00739	0.00246	0.00493	0.00985	0.68712	0.00985
18	0.02630	0.02271	0.02391	0.02152	0.02749	0.02630	0.01674	0.05618	0.54336	0.04423	0.04303	0.03945	0.03228	0.01434	0.01076	0.00359	0.00837	0.01195	0.01076	0.01674
19	0.01346	0.01057	0.01216	0.01215	0.01497	0.00927	0.00897	0.01689	0.02579	0.03350	0.26776	0.15567	0.32990	0.02563	0.01261	0.00357	0.00531	0.02206	0.01049	0.00927
20	0.03950	0.05039	0.02996	0.02724	0.03269	0.58597	0.02043	0.04222	0.02996	0.02588	0.01634	0.01907	0.01362	0.01090	0.00953	0.00272	0.01907	0.00681	0.00545	0.01226
21	0.02827	0.63478	0.05540	0.01809	0.02714	0.04184	0.01809	0.03166	0.02148	0.02488	0.01470	0.01696	0.01357	0.00905	0.00678	0.00226	0.01131	0.00565	0.00452	0.01357
22	0.01361	0.00990	0.01300	0.01521	0.01645	0.00928	0.01098	0.01610	0.02138	0.02801	0.06264	0.47759	0.11616	0.03178	0.01360	0.00433	0.00672	0.11464	0.00980	0.00883
23	0.01786	0.00926	0.01316	0.01346	0.01380	0.00919	0.00906	0.01508	0.01547	0.02172	0.02493	0.10364	0.02551	0.03361	0.03425	0.53387	0.00835	0.01176	0.08037	0.00565
24	0.02827	0.63478	0.05540	0.01809	0.02714	0.04184	0.01809	0.03166	0.02148	0.02488	0.01470	0.01696	0.01357	0.00905	0.00678	0.00226	0.01131	0.00565	0.00452	0.01357
25	0.02037	0.01920	0.03244	0.56800	0.10468	0.02360	0.02956	0.02737	0.02133	0.02750	0.01886	0.02806	0.01427	0.01050	0.01056	0.00350	0.01399	0.00940	0.00473	0.01207
26	0.02863	0.41155	0.07940	0.06827	0.08496	0.11534	0.02191	0.03300	0.02297	0.02663	0.01600	0.01932	0.01392	0.00952	0.00801	0.00257	0.01300	0.00659	0.00473	0.01368
27	0.01321	0.01005	0.01216	0.01309	0.01509	0.00900	0.00926	0.01601	0.02363	0.03087	0.18311	0.33185	0.23739	0.02852	0.01294	0.00384	0.00563	0.02512	0.01021	0.00900
28	0.02827	0.63478	0.05540	0.01809	0.02714	0.04184	0.01809	0.03166	0.02148	0.02488	0.01470	0.01696	0.01357	0.00905	0.00678	0.00226	0.01131	0.00565	0.00452	0.01357
29	0.10638	0.02254	0.03075	0.17833	0.18501	0.05839	0.02352	0.03727	0.02490	0.19345	0.02533	0.02816	0.01811	0.01095	0.01005	0.00326	0.01182	0.00920	0.00760	0.01499
30	0.02677	0.02374	0.04210	0.07534	0.19340	0.02351	0.19089	0.08615	0.02697	0.07627	0.02764	0.10659	0.02424	0.01309	0.01157	0.00347	0.01319	0.01328	0.00702	0.01477
31	0.01496	0.01081	0.01413	0.01330	0.01580	0.00998	0.00998	0.01995	0.02993	0.04240	0.55689	0.07898	0.09976	0.02162	0.01247	0.00333	0.00499	0.01912	0.01164	0.00998
32	0.02938	0.04335	0.39309	0.02676	0.03995	0.02271	0.03161	0.07055	0.02621	0.17737	0.02540	0.02613	0.01707	0.01102	0.01024	0.00332	0.01361	0.00867	0.00714	0.01641
33	0.01997	0.01879	0.03171	0.60301	0.07282	0.02349	0.02936	0.02701	0.02114	0.02701	0.01879	0.02819	0.01409	0.01057	0.01057	0.00352	0.01409	0.00940	0.00470	0.01175
34	0.02630	0.02271	0.02391	0.02152	0.02749	0.02630	0.01674	0.05618	0.54336	0.04423	0.04303	0.03945	0.03228	0.01434	0.01076	0.00359	0.00837	0.01195	0.01076	0.01674
35	0.02218	0.02105	0.03571	0.41113	0.24741	0.02407	0.03046	0.02895	0.02219	0.02970	0.01918	0.02747	0.01504	0.01016	0.01053	0.00339	0.01355	0.00940	0.00489	0.01353
36	0.15544	0.09214	0.03237	0.02387	0.03125	0.17349	0.05468	0.19626	0.06900	0.04467	0.02105	0.02268	0.01612	0.01120	0.00936	0.00304	0.01312	0.00815	0.00758	0.01455
37	0.01997	0.01879	0.03171	0.60301	0.07282	0.02349	0.02936	0.02701	0.02114	0.02701	0.01879	0.02819	0.01409	0.01057	0.01057	0.00352	0.01409	0.00940	0.00470	0.01175
38	0.02192	0.01879	0.02192	0.01566	0.02506	0.01409	0.01253	0.02662	0.02192	0.03445	0.01879	0.02192	0.01566	0.00783	0.00783	0.00157	0.00783	0.00626	0.00626	0.69305
39	0.01274	0.00974	0.01171	0.01330	0.01496	0.00871	0.00918	0.01488	0.02161	0.02755	0.07563	0.43679	0.24346	0.03087	0.01314	0.00404	0.00586	0.02731	0.00982	0.00871
40	0.04744	0.01799	0.02454	0.01881	0.02699	0.01554	0.01554	0.05153	0.03026	0.56979	0.04171	0.03599	0.02617	0.01309	0.01063	0.00327	0.00900	0.01063	0.01309	0.01799
41	0.04052	0.02389	0.02899	0.09165	0.03538	0.02511	0.01947	0.28616	0.03888	0.25338	0.03081	0.02976	0.02063	0.01259	0.01060	0.00325	0.01093	0.00993	0.01083	0.01724
42	0.70310	0.02045	0.01554	0.01390	0.02045	0.02372	0.01145	0.03108	0.01799	0.04744	0.01472	0.01718	0.01145	0.00981	0.00654	0.00327	0.00818	0.00573	0.00654	0.01145
43	0.03877	0.08761	0.02961	0.02383	0.07966	0.02165	0.01773	0.04845	0.13717	0.34615	0.03688	0.03366	0.02515	0.01255	0.01022	0.00321	0.00947	0.01024	0.01088	0.01712
44	0.01415	0.01048	0.01321	0.01315	0.01546	0.00953	0.00962	0.01815	0.02708	0.03712	0.38574	0.18823	0.16958	0.02470	0.01267	0.00355	0.00527	0.02177	0.01098	0.00953
45	0.03045	0.02563	0.03334	0.09567	0.03893	0.02841	0.09363	0.22248	0.22359	0.04888	0.03048	0.03133	0.02247	0.01249	0.01092	0.00342	0.01164	0.01083	0.00917	0.01623
46	0.01887	0.01556	0.01994	0.08516	0.02703	0.01355	0.01351	0.02397	0.02508	0.03678	0.23695	0.04581	0.04957	0.01375	0.01004	0.00251	0.00743	0.01185	0.00826	0.33439
47	0.02869	0.01907	0.02458	0.13134	0.03461	0.01817	0.01692	0.06964	0.06044	0.16043	0.02724	0.03103	0.02063	0.05186	0.01249	0.00318	0.00979	0.00912	0.00818	0.26259
48	0.02886	0.07253	0.04748	0.07774	0.07968	0.08005	0.27151	0.03556	0.02552	0.10283	0.02486	0.03293	0.01953	0.01103	0.01138	0.00339	0.01520	0.03918	0.00653	0.01422
49	0.04744	0.01799	0.02454	0.01881	0.02699	0.01554	0.01554	0.05153	0.03026	0.56979	0.04171	0.03599	0.02617	0.01309	0.01063	0.00327	0.00900	0.01063	0.01309	0.01799
50	0.01470	0.01126	0.01357	0.01346	0.01610	0.01052	0.00991	0.02015	0.06008	0.03621	0.31884	0.18370	0.20310	0.02458	0.01256	0.00358	0.00551	0.02149	0.01079	0.00990
51	0.08448	0.01658	0.02169	0.01745	0.02423	0.01486	0.01412	0.04336	0.02874	0.42601	0.11264	0.07902	0.03829	0.01536	0.01080	0.00335	0.00820	0.01276	0.01223	0.01583
52	0.01489	0.01005	0.01168	0.01215	0.01227	0.00993	0.00707	0.01525	0.01632	0.02176	0.03817	0.17659	0.04456	0.51267	0.04598	0.00909	0.00945	0.01823	0.00707	0.00683
53	0.01288	0.00920	0.01227	0.01472	0.01534	0.00859	0.00981	0.01472	0.02024	0.02699	0.05828	0.62152	0.06993	0.03312	0.01350	0.00429	0.00613	0.03006	0.00981	0.00859
54	0.37210	0.01868	0.01927	0.01595	0.02289	0.01921	0.01309	0.03898	0.02412	0.26993	0.06662	0.02981	0.02431	0.01209	0.00873	0.00328	0.00829	0.00882	0.00971	0.01413
55	0.03874	0.01586	0.02153	0.01766	0.02404	0.01386	0.01408	0.04249	0.02842	0.43184	0.08310	0.14562	0.03961	0.01736	0.01129	0.00346	0.00818	0.01480	0.01238	0.01569
56	0.02496	0.02852	0.06239	0.04456	0.05526	0.02674	0.52406	0.03387	0.02496	0.03387	0.02139	0.02852	0.01604	0.00891	0.01248	0.00357	0.01783	0.01248	0.00535	0.01426
57	0.01436	0.01069	0.01355	0.01547	0.01667	0.01054	0.01058	0.01929	0.07785	0.02889	0.05660	0.55742	0.06578	0.03106	0.01319	0.00422	0.00638	0.02806	0.00992	0.00949
58	0.26902	0.01941	0.02009	0.01700	0.02320	0.02054	0.01365	0.13418	0.02795	0.17063	0.03071	0.10900	0.02550	0.01459	0.00935	0.00334	0.00856	0.01133	0.05812	0.01380
59	0.02215	0.01168	0.01568	0.01564	0.01844	0.01056	0.01133	0.02493	0.02393	0.17071	0.10885	0.40858	0.06177	0.02661	0.01263	0.00392	0.00676	0.02377	0.01087	0.01120
60	0.70310	0.02045	0.01554	0.01390	0.02045	0.02372	0.01145	0.03108	0.01799	0.04744	0.01472	0.01718	0.01145	0.00981	0.00654	0.00327	0.00818	0.00573	0.00654	0.01145
61	0.01842	0.01210	0.01512	0.01540	0.01743	0.01178	0.01082	0.06815	0.02429	0.06840	0.10584	0.39755	0.06139	0.09991	0.01774	0.00472	0.00723	0.02377	0.00990	0.01003
62	0.36335	0.01745	0.01754	0.01504	0.02102	0.01822	0.01216	0.03369	0.02412	0.18257	0.15459	0.03723	0.03693	0.01356	0.00906	0.00328	0.00761	0.01029	0.00950	0.01280
63	0.01385	0.01057	0.01203	0.01179	0.01466	0.00926	0.00872	0.01640	0.02464	0.03142	0.22687	0.08753	0.36672	0.02639	0.01566	0.07935	0.00567	0.01995	0.00977	0.00875
64	0.01400	0.00953	0.01297	0.01513	0.01587	0.00905	0.01053	0.01540	0.01992	0.02647	0.05324	0.49551	0.06274	0.03313	0.01696	0.08690	0.00690	0.07834	0.00918	0.00823
65	0.01743	0.01078	0.01455	0.01504	0.01708	0.01016	0.01082	0.02049	0.02346	0.09038	0.17851	0.36412	0.06832	0.03256	0.06915	0.00518	0.00834	0.02334	0.01023	0.01006
66	0.02663	0.02864	0.05901	0.04233	0.05278	0.02740	0.46857	0.08819	0.02768	0.03748	0.02183	0.02818	0.01626	0.00933	0.01227	0.00352	0.01714	0.01215	0.00592	0.01467
67	0.01288	0.00920	0.01227	0.01472	0.01534	0.00859	0.00981	0.01472	0.02024	0.02699	0.05828	0.62152	0.06993	0.03312	0.01350	0.00429	0.00613	0.03006	0.00981	0.00859
68	0.03629	0.10394	0.03149	0.02495	0.03123	0.46398	0.01925	0.03931	0.02817	0.02681	0.01648	0.01920	0.01386	0.01035	0.00906	0.00254	0.01696	0.00663	0.00545	0.09405
69	0.02313	0.22228	0.03381	0.01806	0.02514	0.02425	0.05000	0.02850	0.05831	0.02890	0.02254	0.03233	0.02116	0.14412	0.01806	0.00398	0.01027	0.00891	0.00598	0.22028
70	0.02103	0.02223	0.08594	0.01966	0.02402	0.07254	0.01688	0.07843	0.02229	0.02985	0.02636	0.03891	0.02427	0.12969	0.32676	0.01154	0.02166	0.01080	0.00614	0.01100
71	0.03949	0.02576	0.02874	0.02258	0.03055	0.02771	0.01847	0.33746	0.12941	0.17858	0.03215	0.03022	0.02230	0.01306	0.01062	0.00327	0.01047	0.01019	0.01119	0.01777
72	0.02320	0.02408	0.04696	0.04576	0.21640	0.02301	0.26985	0.03004	0.02409	0.03298	0.03068	0.09793	0.05844	0.01294	0.01192	0.00350	0.01396	0.01406	0.00610	0.01410
73	0.02072	0.01353	0.01976	0.01749	0.02164	0.01209	0.06700	0.02423	0.02445	0.13100	0.10045	0.25536	0.20171	0.02403	0.01248	0.00374	0.00765	0.02143	0.01006	0.01117
74	0.01303	0.00931	0.01240	0.01462	0.01537	0.00869	0.00983	0.01509	0.02092	0.02807	0.09323	0.58349	0.07202	0.03232	0.01342	0.00423	0.00605	0.02929	0.00994	0.00869
75	0.70310	0.02045	0.01554	0.01390	0.02045	0.02372	0.01145	0.03108	0.01799	0.04744	0.01472	0.01718	0.01145	0.00981	0.00654	0.00327	0.00818	0.00573	0.00654	0.01145
76	0.03370	0.01477	0.01957	0.01659	0.02223	0.01290	0.01304	0.03722	0.02741	0.35366	0.09030	0.16892	0.10443	0.01952	0.01159	0.00352	0.00767	0.01669	0.01191	0.01437
77	0.03599	0.02469	0.02714	0.02172	0.02885	0.02677	0.01794	0.38291	0.04251	0.09636	0.03066	0.03705	0.02387	0.01430	0.01059	0.00326	0.01045	0.05691	0.09183	0.01620
78	0.04019	0.02962	0.03173	0.02433	0.03279	0.03279	0.02010	0.52721	0.04971	0.06663	0.02538	0.02538	0.01798	0.01269	0.01058	0.00317	0.01163	0.00952	0.01058	0.01798
79	0.01288	0.00920	0.01227	0.01472	0.01534	0.00859	0.00981	0.01472	0.02024	0.02699	0.05828	0.62152	0.06993	0.03312	0.01350	0.00429	0.00613	0.03006	0.00981	0.00859
80	0.28231	0.01784	0.01935	0.01601	0.02276	0.01753	0.01293	0.03668	0.02417	0.24850	0.06680	0.07263	0.02800	0.01340	0.00918	0.00318	0.00809	0.01038	0.00966	0.08058
81	0.01288	0.00920	0.01227	0.01472	0.01534	0.00859	0.00981	0.01472	0.02024	0.02699	0.05828	0.62152	0.06993	0.03312	0.01350	0.00429	0.00613	0.03006	0.00981	0.00859
82	0.01496	0.01081	0.01413	0.01330	0.01580	0.00998	0.00998	0.01995	0.02993	0.04240	0.55689	0.07898	0.09976	0.02162	0.01247	0.00333	0.00499	0.01912	0.01164	0.00998
83	0.21658	0.01742	0.02025	0.01648	0.02312	0.01682	0.01330	0.04057	0.02597	0.34233	0.08452	0.03742	0.03030	0.05418	0.01261	0.00374	0.00847	0.01048	0.01076	0.01469
84	0.03767	0.01844	0.02311	0.01890	0.02579	0.01786	0.01520	0.04903	0.17288	0.36040	0.10388	0.04211	0.03670	0.01446	0.01089	0.00337	0.00834	0.01202	0.01227	0.01668
85	0.01510	0.01133	0.01699	0.01699	0.01888	0.01322	0.01322	0.01888	0.01699	0.02454	0.02832	0.04154	0.02643	0.07930	0.58652	0.01699	0.02832	0.01133	0.00566	0.00944
86	0.02192	0.01879	0.02192	0.01566	0.02506	0.01409	0.01253	0.02662	0.02192	0.03445	0.01879	0.02192	0.01566	0.00783	0.00783	0.00157	0.00783	0.00626	0.00626	0.69305
87	0.06791	0.01168	0.01486	0.01545	0.01793	0.01098	0.01103	0.02294	0.02201	0.13276	0.05204	0.46660	0.05742	0.02764	0.01246	0.00403	0.00683	0.02462	0.01021	0.01060
88	0.01681	0.01190	0.01628	0.01837	0.02047	0.01190	0.01557	0.02100	0.02310	0.03010	0.05284	0.11233	0.05775	0.11219	0.02003	0.00561	0.00981	0.42539	0.00927	0.00927
89	0.02617	0.02512	0.04292	0.06490	0.56246	0.02512	0.03245	0.03245	0.02407	0.03454	0.01989	0.02617	0.01675	0.00942	0.01047	0.00314	0.01256	0.00942	0.00523	0.01675
90	0.01997	0.01879	0.03171	0.60301	0.07282	0.02349	0.02936	0.02701	0.02114	0.02701	0.01879	0.02819	0.01409	0.01057	0.01057	0.00352	0.01409	0.00940	0.00470	0.01175
91	0.01380	0.01051	0.01177	0.01175	0.01397	0.00947	0.00815	0.01623	0.02285	0.02937	0.18215	0.12345	0.29166	0.18158	0.02324	0.00529	0.00659	0.02035	0.00933	0.00848
92	0.02519	0.02145	0.02308	0.02127	0.02682	0.02460	0.01677	0.05207	0.48110	0.04272	0.04459	0.04902	0.03570	0.01613	0.01122	0.00374	0.00853	0.06946	0.01064	0.01590
93	0.16794	0.10194	0.02882	0.02245	0.02735	0.29319	0.01769	0.03449	0.02362	0.02965	0.01676	0.02275	0.01506	0.05752	0.01541	0.00361	0.09707	0.00744	0.00552	0.01171
94	0.02110	0.01038	0.01513	0.01468	0.01585	0.01015	0.01027	0.01873	0.01660	0.08576	0.02573	0.09105	0.02489	0.03633	0.07058	0.49801	0.01011	0.01155	0.00619	0.00691
95	0.02192	0.01879	0.02192	0.01566	0.02506	0.01409	0.01253	0.02662	0.02192	0.03445	0.01879	0.02192	0.01566	0.00783	0.00783	0.00157	0.00783	0.00626	0.00626	0.69305
96	0.02496	0.02852	0.06239	0.04456	0.05526	0.02674	0.52406	0.03387	0.02496	0.03387	0.02139	0.02852	0.01604	0.00891	0.01248	0.00357	0.01783	0.01248	0.00535	0.01426
97	0.03610	0.01511	0.02051	0.01747	0.02317	0.01326	0.01366	0.03945	0.02697	0.39164	0.04715	0.22816	0.04053	0.01966	0.01157	0.00361	0.00806	0.01701	0.01201	0.01491
98	0.01531	0.01039	0.01224	0.01214	0.01257	0.01043	0.00732	0.01618	0.01724	0.02342	0.09576	0.06838	0.04494	0.51628	0.08703	0.00990	0.01091	0.01554	0.00698	0.00705
99	0.01288	0.00920	0.01227	0.01472	0.01534	0.00859	0.00981	0.01472	0.02024	0.02699	0.05828	0.62152	0.06993	0.03312	0.01350	0.00429	0.00613	0.03006	0.00981	0.00859
100	0.70310	0.02045	0.01554	0.01390	0.02045	0.02372	0.01145	0.03108	0.01799	0.04744	0.01472	0.01718	0.01145	0.00981	0.00654	0.00327	0.00818	0.00573	0.00654	0.01145
101	0.01340	0.00942	0.01212	0.01406	0.01454	0.00893	0.00911	0.01486	0.01923	0.02564	0.05308	0.50650	0.06337	0.15709	0.02189	0.00553	0.00699	0.02700	0.00911	0.00813
102	0.02883	0.02215	0.02398	0.02119	0.02743	0.02501	0.01659	0.05562	0.48181	0.10727	0.04288	0.03903	0.03154	0.01419	0.01074	0.00355	0.00844	0.01180	0.01104	0.01689
103	0.01504	0.01059	0.01256	0.01327	0.01432	0.01027	0.00904	0.01655	0.01885	0.02447	0.05080	0.13781	0.12075	0.36684	0.03628	0.00766	0.00904	0.11036	0.00788	0.00763
104	0.03950	0.05039	0.02996	0.02724	0.03269	0.58597	0.02043	0.04222	0.02996	0.02588	0.01634	0.01907	0.01362	0.01090	0.00953	0.00272	0.01907	0.00681	0.00545	0.01226
105	0.01837	0.00918	0.01377	0.01377	0.01377	0.00918	0.00918	0.01377	0.01377	0.01837	0.01837	0.03214	0.01837	0.03673	0.04132	0.69238	0.00918	0.00918	0.00459	0.00459
106	0.70310	0.02045	0.01554	0.01390	0.02045	0.02372	0.01145	0.03108	0.01799	0.04744	0.01472	0.01718	0.01145	0.00981	0.00654	0.00327	0.00818	0.00573	0.00654	0.01145
107	0.04354	0.01713	0.02329	0.01815	0.02565	0.01487	0.01487	0.04774	0.03022	0.50652	0.10351	0.04114	0.03500	0.01411	0.01085	0.00328	0.00852	0.01165	0.01291	0.01703
108	0.01334	0.00953	0.01279	0.01525	0.01606	0.00898	0.01061	0.01551	0.02069	0.02750	0.05802	0.56621	0.06893	0.03269	0.01362	0.00436	0.00653	0.08085	0.00981	0.00871
109	0.01502	0.01068	0.01447	0.01674	0.01817	0.01040	0.01299	0.01816	0.02184	0.02873	0.05544	0.34562	0.06343	0.07300	0.01685	0.00498	0.00812	0.24684	0.00954	0.00898
110	0.70310	0.02045	0.01554	0.01390	0.02045	0.02372	0.01145	0.03108	0.01799	0.04744	0.01472	0.01718	0.01145	0.00981	0.00654	0.00327	0.00818	0.00573	0.00654	0.01145
111	0.01722	0.00994	0.01490	0.01490	0.01557	0.01060	0.01060	0.01557	0.01490	0.02053	0.02186	0.03544	0.02120	0.05167	0.23269	0.45532	0.01590	0.00994	0.00497	0.00629
112	0.04430	0.02016	0.02553	0.01989	0.02789	0.01913	0.01633	0.12185	0.08347	0.44432	0.03944	0.03477	0.02557	0.01315	0.01064	0.00329	0.00932	0.01060	0.01249	0.01787
113	0.04744	0.01799	0.02454	0.01881	0.02699	0.01554	0.01554	0.05153	0.03026	0.56979	0.04171	0.03599	0.02617	0.01309	0.01063	0.00327	0.00900	0.01063	0.01309	0.01799
114	0.02470	0.01459	0.01814	0.01555	0.02008	0.01380	0.01219	0.08709	0.03180	0.15688	0.33868	0.06558	0.11918	0.01923	0.01185	0.00332	0.00668	0.01647	0.01164	0.01255
115	0.02717	0.02198	0.02934	0.06541	0.03075	0.02796	0.02106	0.03609	0.13357	0.10960	0.02467	0.02893	0.01971	0.01625	0.02425	0.00412	0.34823	0.01005	0.00721	0.01365
116	0.62358	0.02155	0.01748	0.01515	0.02193	0.02481	0.01249	0.09059	0.02180	0.04974	0.01600	0.01816	0.01223	0.01016	0.00703	0.00326	0.00859	0.00618	0.00703	0.01223
117	0.15336	0.09071	0.02862	0.02002	0.02781	0.02683	0.01674	0.19976	0.10143	0.18780	0.02899	0.02769	0.02041	0.01212	0.00950	0.00317	0.00988	0.00905	0.00990	0.01621

[dist]
# distance from previous block
# <min> <max>
0	1

[block]
# block no. 2 follows, 13 sequences, length 46
# corresponding to MSA columns:
# 1107-1152
name=unknown_C
#
# <colnr> <probs for GDERKNQSTAVLIFYWHMCP>
#	G	D	E	R	K	N	Q	S	T	A	V	L	I	F	Y	W	H	M	C	P
0	0.01789	0.01088	0.01235	0.01197	0.01486	0.01011	0.00884	0.02223	0.02311	0.03709	0.12581	0.15135	0.04606	0.01723	0.00942	0.00285	0.00548	0.01475	0.37308	0.08462
1	0.02730	0.35943	0.04190	0.01976	0.02685	0.08300	0.04807	0.03102	0.02391	0.06640	0.08157	0.09371	0.03039	0.01357	0.00905	0.00280	0.01101	0.01075	0.00664	0.01285
2	0.01934	0.01604	0.07794	0.01595	0.01943	0.01181	0.01314	0.01834	0.01623	0.02302	0.01851	0.02916	0.01731	0.02842	0.03166	0.48811	0.00965	0.00849	0.00489	0.13254
3	0.14991	0.06490	0.02454	0.01798	0.02534	0.07322	0.01472	0.03813	0.02476	0.24031	0.02725	0.02766	0.01961	0.01700	0.06084	0.00406	0.01151	0.00832	0.00868	0.14126
4	0.02283	0.01327	0.01728	0.01477	0.01928	0.01165	0.01148	0.02759	0.02911	0.15659	0.38425	0.06321	0.07429	0.01821	0.01155	0.00312	0.00618	0.01583	0.01135	0.08818
5	0.02390	0.01333	0.01667	0.01474	0.01880	0.01266	0.01142	0.03092	0.07501	0.15901	0.31711	0.05988	0.06634	0.01766	0.01114	0.00321	0.00617	0.01519	0.11449	0.01234
6	0.08255	0.01111	0.01374	0.01503	0.01692	0.01070	0.01051	0.01976	0.02097	0.08003	0.05253	0.50827	0.06019	0.02900	0.01256	0.00410	0.00660	0.02589	0.00981	0.00975
7	0.02478	0.01870	0.02222	0.01601	0.02527	0.01426	0.01287	0.02941	0.02286	0.09437	0.02136	0.02350	0.01684	0.00842	0.00814	0.00176	0.00796	0.00675	0.00703	0.61750
8	0.01288	0.00920	0.01227	0.01472	0.01534	0.00859	0.00981	0.01472	0.02024	0.02699	0.05828	0.62152	0.06993	0.03312	0.01350	0.00429	0.00613	0.03006	0.00981	0.00859
9	0.01513	0.01121	0.01639	0.01639	0.01807	0.01289	0.01247	0.01850	0.01681	0.02410	0.02887	0.04457	0.02775	0.13956	0.52806	0.01625	0.02634	0.01177	0.00575	0.00911
10	0.21948	0.01601	0.01823	0.01584	0.02134	0.01573	0.01251	0.03439	0.02511	0.24499	0.12311	0.13565	0.04167	0.01694	0.01027	0.00345	0.00762	0.01392	0.01047	0.01325
11	0.08975	0.02500	0.02813	0.02171	0.02994	0.02627	0.01793	0.32989	0.04083	0.23671	0.03019	0.02841	0.02031	0.01262	0.01031	0.00321	0.01049	0.00963	0.01115	0.01752
12	0.64412	0.02023	0.01635	0.01435	0.02104	0.02298	0.01182	0.03292	0.01910	0.09443	0.01715	0.01887	0.01277	0.01011	0.00691	0.00327	0.00825	0.00617	0.00713	0.01204
13	0.01747	0.01144	0.01450	0.01336	0.01655	0.01030	0.01015	0.02199	0.02898	0.08753	0.43531	0.07892	0.16982	0.02171	0.01231	0.00336	0.00541	0.01889	0.01146	0.01052
14	0.03187	0.01765	0.01878	0.01592	0.02067	0.05829	0.01218	0.07877	0.02676	0.22129	0.03456	0.04107	0.02708	0.12977	0.01780	0.00431	0.00904	0.01091	0.21032	0.01294
15	0.01837	0.00918	0.01377	0.01377	0.01377	0.00918	0.00918	0.01377	0.01377	0.01837	0.01837	0.03214	0.01837	0.03673	0.04132	0.69238	0.00918	0.00918	0.00459	0.00459
16	0.02737	0.02324	0.02451	0.02173	0.02790	0.02680	0.01699	0.09242	0.50538	0.04595	0.04168	0.03837	0.03118	0.01422	0.01074	0.00355	0.00862	0.01177	0.01074	0.01683
17	0.01335	0.00953	0.01280	0.01525	0.01607	0.00899	0.01062	0.01553	0.02070	0.02751	0.05802	0.56531	0.06891	0.03269	0.01362	0.00436	0.00654	0.08168	0.00981	0.00872
18	0.01458	0.01051	0.01379	0.01356	0.01571	0.00972	0.00995	0.01899	0.02815	0.03956	0.46511	0.17884	0.09427	0.02373	0.01266	0.00350	0.00520	0.02113	0.01130	0.00972
19	0.01510	0.01133	0.01699	0.01699	0.01888	0.01322	0.01322	0.01888	0.01699	0.02454	0.02832	0.04154	0.02643	0.07930	0.58652	0.01699	0.02832	0.01133	0.00566	0.00944
20	0.02827	0.63478	0.05540	0.01809	0.02714	0.04184	0.01809	0.03166	0.02148	0.02488	0.01470	0.01696	0.01357	0.00905	0.00678	0.00226	0.01131	0.00565	0.00452	0.01357
21	0.02630	0.02271	0.02391	0.02152	0.02749	0.02630	0.01674	0.05618	0.54336	0.04423	0.04303	0.03945	0.03228	0.01434	0.01076	0.00359	0.00837	0.01195	0.01076	0.01674
22	0.01273	0.01072	0.01103	0.01095	0.01442	0.00902	0.00822	0.01562	0.02465	0.02986	0.14943	0.09961	0.51504	0.02629	0.01249	0.00355	0.00532	0.02201	0.00999	0.00902
23	0.01510	0.01133	0.01699	0.01699	0.01888	0.01322	0.01322	0.01888	0.01699	0.02454	0.02832	0.04154	0.02643	0.07930	0.58652	0.01699	0.02832	0.01133	0.00566	0.00944
24	0.04744	0.01799	0.02454	0.01881	0.02699	0.01554	0.01554	0.05153	0.03026	0.56979	0.04171	0.03599	0.02617	0.01309	0.01063	0.00327	0.00900	0.01063	0.01309	0.01799
25	0.02386	0.02434	0.02986	0.02593	0.02645	0.08323	0.02104	0.02595	0.01743	0.02494	0.01625	0.02780	0.01655	0.08471	0.03437	0.00506	0.48658	0.00969	0.00490	0.01107
26	0.02496	0.02852	0.06239	0.04456	0.05526	0.02674	0.52406	0.03387	0.02496	0.03387	0.02139	0.02852	0.01604	0.00891	0.01248	0.00357	0.01783	0.01248	0.00535	0.01426
27	0.02827	0.63478	0.05540	0.01809	0.02714	0.04184	0.01809	0.03166	0.02148	0.02488	0.01470	0.01696	0.01357	0.00905	0.00678	0.00226	0.01131	0.00565	0.00452	0.01357
28	0.02314	0.02193	0.03578	0.05289	0.44095	0.02153	0.02704	0.02862	0.02408	0.03322	0.03922	0.04292	0.13676	0.01327	0.01092	0.00324	0.01096	0.01228	0.00625	0.01501
29	0.02618	0.25443	0.09375	0.09168	0.10340	0.03288	0.02407	0.06307	0.05615	0.03114	0.01858	0.02288	0.01554	0.01149	0.01310	0.00315	0.11096	0.00800	0.00542	0.01412
30	0.02827	0.63478	0.05540	0.01809	0.02714	0.04184	0.01809	0.03166	0.02148	0.02488	0.01470	0.01696	0.01357	0.00905	0.00678	0.00226	0.01131	0.00565	0.00452	0.01357
31	0.02827	0.63478	0.05540	0.01809	0.02714	0.04184	0.01809	0.03166	0.02148	0.02488	0.01470	0.01696	0.01357	0.00905	0.00678	0.00226	0.01131	0.00565	0.00452	0.01357
32	0.03134	0.02219	0.08729	0.08471	0.14164	0.01821	0.02187	0.03723	0.02717	0.24778	0.13084	0.03992	0.03571	0.01338	0.01088	0.00329	0.01018	0.01157	0.00944	0.01535
33	0.02278	0.02497	0.08825	0.23488	0.31679	0.02350	0.03051	0.02966	0.02294	0.03158	0.02502	0.03130	0.05020	0.01097	0.01059	0.00331	0.01290	0.01008	0.00528	0.01450
34	0.02019	0.01210	0.01501	0.01353	0.01740	0.01068	0.01041	0.02431	0.02823	0.13515	0.32626	0.07796	0.22479	0.02161	0.01214	0.00339	0.00584	0.01853	0.01135	0.01113
35	0.70310	0.02045	0.01554	0.01390	0.02045	0.02372	0.01145	0.03108	0.01799	0.04744	0.01472	0.01718	0.01145	0.00981	0.00654	0.00327	0.00818	0.00573	0.00654	0.01145
36	0.01417	0.01078	0.01303	0.01246	0.01531	0.00964	0.00935	0.01841	0.02804	0.03793	0.41146	0.08634	0.24798	0.02328	0.01248	0.00340	0.00511	0.02015	0.01105	0.00964
37	0.07623	0.02270	0.03716	0.23628	0.36125	0.02448	0.02983	0.03057	0.02265	0.03308	0.01913	0.02613	0.01548	0.00983	0.01020	0.00328	0.01272	0.00913	0.00516	0.01471
38	0.04019	0.02962	0.03173	0.02433	0.03279	0.03279	0.02010	0.52721	0.04971	0.06663	0.02538	0.02538	0.01798	0.01269	0.01058	0.00317	0.01163	0.00952	0.01058	0.01798
39	0.02919	0.02415	0.02554	0.02210	0.02860	0.02765	0.01743	0.15423	0.44061	0.04889	0.03936	0.03652	0.02930	0.01400	0.01072	0.00350	0.00905	0.01145	0.01072	0.01699
40	0.04744	0.01799	0.02454	0.01881	0.02699	0.01554	0.01554	0.05153	0.03026	0.56979	0.04171	0.03599	0.02617	0.01309	0.01063	0.00327	0.00900	0.01063	0.01309	0.01799
41	0.01445	0.01133	0.01658	0.14512	0.02808	0.01189	0.01415	0.01745	0.02044	0.02700	0.04952	0.49000	0.05755	0.02813	0.01285	0.00412	0.00790	0.02548	0.00868	0.00929
42	0.02484	0.01902	0.02376	0.02132	0.02440	0.02236	0.01675	0.08580	0.12618	0.08651	0.03709	0.21019	0.03621	0.02098	0.01856	0.00403	0.18383	0.01629	0.00888	0.01300
43	0.01504	0.00985	0.01197	0.01263	0.01279	0.00969	0.00762	0.01503	0.01650	0.02200	0.03834	0.21274	0.04465	0.40438	0.04167	0.08352	0.00903	0.01862	0.00712	0.00679
44	0.44619	0.02864	0.14423	0.02070	0.02975	0.02367	0.06607	0.03318	0.02039	0.07649	0.01802	0.02059	0.01326	0.00999	0.00814	0.00332	0.01079	0.00714	0.00639	0.01306
45	0.03445	0.17014	0.08596	0.02409	0.06005	0.09024	0.02047	0.12141	0.05911	0.15516	0.02519	0.02541	0.01845	0.01109	0.00938	0.00287	0.01181	0.00834	0.00803	0.05834

[dist]
# distance from previous block
# <min> <max>
0	7

[block]
# block no. 3 follows, 13 sequences, length 35
# corresponding to MSA columns:
# 1160-1194
name=unknown_D
#
# <colnr> <probs for GDERKNQSTAVLIFYWHMCP>
#	G	D	E	R	K	N	Q	S	T	A	V	L	I	F	Y	W	H	M	C	P
0	0.03066	0.17698	0.03418	0.16894	0.03890	0.15406	0.02026	0.03511	0.02567	0.12009	0.07467	0.02971	0.02444	0.01180	0.00960	0.00297	0.01277	0.00906	0.00694	0.01320
1	0.03070	0.02523	0.02515	0.02198	0.02834	0.07458	0.01722	0.09355	0.40660	0.09678	0.03911	0.03616	0.02886	0.01378	0.01062	0.00345	0.00963	0.01117	0.01051	0.01657
2	0.02501	0.02394	0.04082	0.16537	0.47104	0.02482	0.03187	0.03143	0.02353	0.03314	0.01968	0.02655	0.01625	0.00964	0.01049	0.00321	0.01285	0.00942	0.00513	0.01581
3	0.10072	0.02147	0.02779	0.02995	0.15799	0.02160	0.01922	0.03797	0.12937	0.11165	0.02647	0.02806	0.02023	0.01112	0.01089	0.00296	0.04425	0.00893	0.00781	0.18155
4	0.02357	0.01249	0.01755	0.01612	0.01938	0.01252	0.01242	0.02561	0.02042	0.16003	0.03812	0.04471	0.08190	0.04844	0.26999	0.14942	0.01713	0.01190	0.00775	0.01054
5	0.01461	0.00991	0.01283	0.01481	0.01592	0.00953	0.01061	0.01721	0.02082	0.02868	0.05317	0.41808	0.06092	0.07946	0.01638	0.00469	0.00702	0.11275	0.08382	0.00876
6	0.14845	0.02036	0.02345	0.01895	0.02602	0.02053	0.01536	0.16764	0.03211	0.28752	0.03506	0.10121	0.02694	0.01488	0.01030	0.00337	0.00920	0.01190	0.01097	0.01578
7	0.11591	0.01873	0.02192	0.01812	0.02477	0.01853	0.01455	0.10068	0.08483	0.29178	0.04367	0.09649	0.07203	0.01590	0.01059	0.00342	0.00857	0.01295	0.01116	0.01540
8	0.01564	0.01014	0.01141	0.01158	0.01187	0.01010	0.00673	0.01625	0.01638	0.02282	0.03511	0.10337	0.03943	0.52708	0.04648	0.00908	0.00944	0.01581	0.07437	0.00690
9	0.26225	0.01978	0.02140	0.01772	0.02491	0.02047	0.01442	0.04564	0.13097	0.28786	0.03296	0.03041	0.02250	0.01225	0.00929	0.00334	0.00859	0.00926	0.01042	0.01555
10	0.03920	0.01607	0.02146	0.01741	0.02411	0.01393	0.01399	0.04285	0.02830	0.44125	0.05089	0.11894	0.08905	0.01716	0.01120	0.00344	0.00823	0.01441	0.01231	0.01580
11	0.14919	0.01789	0.02155	0.01751	0.02424	0.01717	0.01418	0.08081	0.02911	0.34153	0.09954	0.07660	0.03494	0.01489	0.01037	0.00334	0.00840	0.01207	0.01140	0.01530
12	0.12466	0.02461	0.03153	0.02422	0.03248	0.02562	0.09067	0.22609	0.07777	0.19094	0.02922	0.02875	0.02021	0.01201	0.01036	0.00330	0.01112	0.00995	0.00998	0.01649
13	0.09418	0.01660	0.01844	0.01609	0.02168	0.01654	0.01270	0.03701	0.15368	0.18031	0.10385	0.05839	0.19179	0.01791	0.01097	0.00344	0.00732	0.01471	0.01076	0.01362
14	0.04572	0.02075	0.02624	0.02012	0.02837	0.01963	0.01662	0.16432	0.03487	0.45048	0.03784	0.03347	0.02423	0.01299	0.01062	0.00325	0.00962	0.01037	0.01249	0.01799
15	0.29691	0.01817	0.01858	0.01619	0.02195	0.01917	0.01287	0.09243	0.02535	0.16502	0.03180	0.13971	0.02781	0.01554	0.00936	0.00340	0.00819	0.01223	0.05222	0.01309
16	0.01355	0.00920	0.01245	0.01461	0.01515	0.00866	0.00974	0.01461	0.01946	0.02594	0.05343	0.54999	0.06367	0.03356	0.01687	0.08780	0.00650	0.02752	0.00918	0.00810
17	0.02676	0.01373	0.01722	0.01573	0.01972	0.01297	0.01193	0.06983	0.02678	0.19465	0.08774	0.24975	0.04750	0.02083	0.01123	0.00349	0.00712	0.01809	0.13245	0.01249
18	0.03694	0.01620	0.02110	0.01744	0.02385	0.01449	0.01391	0.04227	0.06262	0.39274	0.05206	0.12621	0.09727	0.01764	0.01127	0.00347	0.00811	0.01486	0.01207	0.01549
19	0.03934	0.02285	0.02655	0.02124	0.02890	0.02379	0.01726	0.19761	0.17926	0.27008	0.03711	0.03373	0.02538	0.01332	0.01065	0.00333	0.00962	0.01066	0.01167	0.01764
20	0.70310	0.02045	0.01554	0.01390	0.02045	0.02372	0.01145	0.03108	0.01799	0.04744	0.01472	0.01718	0.01145	0.00981	0.00654	0.00327	0.00818	0.00573	0.00654	0.01145
21	0.13778	0.01931	0.02642	0.02181	0.02682	0.02108	0.07113	0.07146	0.02458	0.14199	0.07385	0.08193	0.02996	0.02252	0.07660	0.00509	0.11419	0.01213	0.00832	0.01302
22	0.03182	0.01577	0.02090	0.01858	0.02389	0.01523	0.01502	0.03889	0.08873	0.28595	0.04433	0.11417	0.03752	0.02670	0.08626	0.00547	0.01124	0.09428	0.01092	0.01432
23	0.03718	0.01698	0.02207	0.01791	0.02449	0.01570	0.01442	0.04492	0.09870	0.37878	0.15992	0.04630	0.04385	0.01521	0.01107	0.00333	0.00799	0.01275	0.01244	0.01599
24	0.42534	0.20213	0.09479	0.01708	0.02545	0.02906	0.01672	0.03154	0.01953	0.03922	0.01523	0.01774	0.01230	0.00962	0.00704	0.00299	0.00999	0.00596	0.00571	0.01257
25	0.02844	0.01280	0.01600	0.01432	0.01854	0.01173	0.01103	0.03245	0.02519	0.23435	0.06783	0.15470	0.03880	0.01716	0.01005	0.00317	0.00668	0.01458	0.26955	0.01264
26	0.40427	0.10227	0.02589	0.01811	0.02467	0.02889	0.01537	0.13403	0.02487	0.04615	0.01685	0.01950	0.01335	0.01125	0.01044	0.00327	0.07392	0.00689	0.00692	0.01310
27	0.08222	0.01488	0.01841	0.01558	0.02073	0.01343	0.01193	0.02534	0.02003	0.09989	0.02580	0.07735	0.02313	0.02664	0.09121	0.16228	0.01084	0.01006	0.00701	0.24324
28	0.03096	0.01847	0.02264	0.01733	0.02537	0.01557	0.01388	0.07516	0.02681	0.21316	0.03084	0.08652	0.02472	0.01249	0.00955	0.00253	0.00836	0.01034	0.00923	0.34605
29	0.01523	0.01082	0.01440	0.01440	0.01539	0.01181	0.00998	0.01721	0.01622	0.02262	0.03069	0.05469	0.03214	0.34040	0.33322	0.01379	0.01973	0.01325	0.00602	0.00800
30	0.01871	0.01706	0.02096	0.01950	0.02222	0.08332	0.04582	0.02236	0.01893	0.02494	0.02686	0.04040	0.02527	0.11443	0.43371	0.01382	0.02496	0.01121	0.00568	0.00982
31	0.08955	0.01536	0.01930	0.01628	0.02201	0.01380	0.01278	0.03449	0.02640	0.26981	0.13533	0.14779	0.04538	0.01748	0.01084	0.00328	0.00753	0.01486	0.01092	0.08681
32	0.45290	0.02106	0.01897	0.01608	0.02241	0.02360	0.01292	0.13155	0.02494	0.08150	0.02060	0.02563	0.01661	0.07712	0.01270	0.00400	0.00916	0.00784	0.00776	0.01265
33	0.01874	0.01221	0.01563	0.01480	0.01779	0.01162	0.01106	0.02511	0.07069	0.09211	0.36855	0.17421	0.08119	0.02234	0.01234	0.00353	0.00588	0.01975	0.01136	0.01107
34	0.08108	0.01814	0.02252	0.01893	0.02540	0.01756	0.01544	0.09854	0.05976	0.32236	0.04162	0.10678	0.03351	0.01701	0.01115	0.00358	0.00900	0.07068	0.01147	0.01548

[dist]
# distance from previous block
# <min> <max>
0	1

[block]
# block no. 4 follows, 13 sequences, length 26
# corresponding to MSA columns:
# 1196-1221
name=unknown_E
#
# <colnr> <probs for GDERKNQSTAVLIFYWHMCP>
#	G	D	E	R	K	N	Q	S	T	A	V	L	I	F	Y	W	H	M	C	P
0	0.09722	0.01828	0.02269	0.01831	0.02546	0.01743	0.01486	0.04757	0.11055	0.39245	0.08771	0.03894	0.03275	0.01380	0.01047	0.00333	0.00845	0.01121	0.01202	0.01649
1	0.09175	0.01744	0.02113	0.01762	0.02370	0.01697	0.01415	0.07502	0.06703	0.30643	0.03820	0.04507	0.02926	0.08384	0.01530	0.00416	0.00899	0.05190	0.05725	0.01478
2	0.14618	0.01750	0.02049	0.01697	0.02310	0.01730	0.01365	0.07549	0.06276	0.25554	0.18655	0.04480	0.04497	0.01508	0.01049	0.00330	0.00785	0.01229	0.01122	0.01447
3	0.32758	0.02087	0.02144	0.01760	0.02490	0.02212	0.01442	0.09926	0.07546	0.23562	0.02826	0.02694	0.01943	0.01175	0.00887	0.00329	0.00890	0.00851	0.00975	0.01505
4	0.02313	0.02313	0.03238	0.02776	0.02776	0.03238	0.02313	0.02545	0.01619	0.02545	0.01388	0.02313	0.01388	0.01851	0.03470	0.00463	0.60907	0.00925	0.00463	0.01157
5	0.01463	0.01134	0.01729	0.01806	0.01983	0.01074	0.05390	0.01760	0.02137	0.02840	0.05480	0.48225	0.06382	0.03041	0.01361	0.00434	0.00775	0.11117	0.00943	0.00927
