[name]
unknown

[dist]
# distance from previous block
# <min> <max>
0	96

[block]
# block no. 0 follows, 10 sequences, length 43
# corresponding to MSA columns:
# 100-142
name=unknown_A
#
# <colnr> <probs for GDERKNQSTAVLIFYWHMCP>
#	G	D	E	R	K	N	Q	S	T	A	V	L	I	F	Y	W	H	M	C	P
0	0.45646	0.02039	0.01892	0.01726	0.02390	0.02235	0.01443	0.03578	0.02316	0.12205	0.02917	0.04288	0.02516	0.01530	0.00953	0.00392	0.00945	0.08756	0.00896	0.01335
1	0.02482	0.10326	0.02420	0.01691	0.02147	0.01717	0.01344	0.02909	0.02919	0.12885	0.24993	0.17810	0.07284	0.02273	0.01263	0.00370	0.00765	0.01970	0.01145	0.01288
2	0.01627	0.01143	0.01466	0.01502	0.01605	0.01163	0.01008	0.01846	0.02085	0.02871	0.11606	0.16491	0.05640	0.28330	0.15469	0.01054	0.01405	0.01954	0.00847	0.00888
3	0.03966	0.01687	0.02321	0.01955	0.02594	0.01528	0.01553	0.04365	0.02900	0.35771	0.04699	0.14132	0.03775	0.02970	0.09444	0.00613	0.01259	0.01577	0.01247	0.01643
4	0.02988	0.02144	0.02625	0.11198	0.03652	0.02371	0.01946	0.08561	0.22119	0.11507	0.04401	0.13944	0.03741	0.01854	0.01232	0.00398	0.01023	0.01591	0.01089	0.01617
5	0.02885	0.03008	0.03978	0.25499	0.25873	0.12270	0.03192	0.03536	0.02643	0.03301	0.02069	0.02820	0.01665	0.01116	0.01137	0.00353	0.01580	0.00982	0.00557	0.01537
6	0.10716	0.16267	0.03714	0.02287	0.03173	0.07959	0.01948	0.19194	0.03689	0.16223	0.02727	0.02693	0.01958	0.01262	0.01012	0.00325	0.01240	0.00907	0.00975	0.01734
7	0.02262	0.01299	0.01510	0.01393	0.01663	0.01197	0.00938	0.02422	0.02246	0.11828	0.05959	0.07871	0.16317	0.33744	0.03851	0.00793	0.00961	0.01794	0.00939	0.01013
8	0.09693	0.07522	0.03120	0.06411	0.10660	0.02529	0.02025	0.04356	0.14881	0.12467	0.03849	0.03847	0.06025	0.01384	0.01076	0.00346	0.01044	0.01130	0.00933	0.06699
9	0.08992	0.04777	0.36509	0.03053	0.04439	0.02606	0.07080	0.03736	0.06027	0.04004	0.05910	0.03057	0.02336	0.01222	0.01113	0.00371	0.01508	0.01004	0.00633	0.01623
10	0.49416	0.07501	0.02242	0.01608	0.02411	0.02596	0.01349	0.03334	0.02095	0.04726	0.01702	0.01984	0.01367	0.01031	0.00748	0.00315	0.00924	0.00640	0.00694	0.13318
11	0.02807	0.09114	0.35165	0.02890	0.04236	0.07345	0.03380	0.03823	0.02692	0.08626	0.06792	0.03104	0.02492	0.01256	0.01104	0.00352	0.01537	0.00977	0.00671	0.01638
12	0.02138	0.01743	0.02270	0.13855	0.03506	0.01800	0.01727	0.03160	0.10632	0.03962	0.15183	0.10289	0.04972	0.01744	0.01169	0.00343	0.00905	0.01516	0.05768	0.13318
13	0.01829	0.01412	0.01698	0.01620	0.01955	0.01404	0.01214	0.02826	0.11735	0.04389	0.34438	0.13182	0.12975	0.02411	0.01349	0.00384	0.00634	0.02112	0.01223	0.01209
14	0.01517	0.01054	0.01320	0.01492	0.01535	0.01011	0.00943	0.01646	0.02032	0.02709	0.05412	0.39910	0.06433	0.23819	0.03097	0.00711	0.00839	0.02719	0.00943	0.00857
15	0.02599	0.02079	0.06726	0.07381	0.03045	0.01778	0.01761	0.03613	0.10751	0.12842	0.09372	0.06337	0.17980	0.01916	0.01212	0.00373	0.00915	0.01597	0.06294	0.01428
16	0.02208	0.05132	0.43609	0.03047	0.04486	0.02470	0.03770	0.03386	0.02347	0.03501	0.02278	0.02847	0.01739	0.02516	0.11000	0.00646	0.01978	0.00931	0.00516	0.01593
17	0.02245	0.06161	0.02618	0.06759	0.03050	0.01820	0.01586	0.02759	0.02368	0.03502	0.06067	0.03324	0.02631	0.02474	0.10860	0.00527	0.01346	0.00929	0.00693	0.38280
18	0.03189	0.02043	0.02491	0.01819	0.02815	0.01594	0.01470	0.03688	0.02666	0.17334	0.02766	0.02840	0.02043	0.01022	0.00947	0.00224	0.00897	0.00822	0.00897	0.48433
19	0.01587	0.01939	0.10937	0.01934	0.02307	0.01270	0.01676	0.02002	0.02269	0.03101	0.05609	0.48009	0.06540	0.03173	0.01414	0.00453	0.00868	0.02853	0.00971	0.01088
20	0.02672	0.01416	0.01883	0.01637	0.02091	0.01273	0.01273	0.03193	0.03303	0.18459	0.37849	0.07329	0.08648	0.02108	0.01314	0.00364	0.00675	0.01835	0.01326	0.01351
21	0.23600	0.02258	0.02146	0.01838	0.02448	0.06807	0.01440	0.07120	0.02894	0.15594	0.11810	0.04295	0.03810	0.07362	0.01539	0.00433	0.01018	0.01178	0.01010	0.01401
22	0.02273	0.01277	0.01647	0.01703	0.02016	0.01192	0.01321	0.02658	0.02587	0.11595	0.06078	0.26150	0.09465	0.02763	0.01349	0.00432	0.00796	0.12455	0.11071	0.01172
23	0.02643	0.02939	0.06238	0.14430	0.06436	0.02875	0.39418	0.03586	0.02667	0.03586	0.02300	0.03130	0.01725	0.01014	0.01334	0.00391	0.01885	0.01310	0.00575	0.01517
24	0.02528	0.03127	0.11459	0.03244	0.03604	0.03379	0.06470	0.03010	0.01963	0.03010	0.01680	0.02579	0.01538	0.01807	0.03201	0.00478	0.44023	0.01022	0.00513	0.01365
25	0.02125	0.02962	0.17123	0.02250	0.03096	0.01940	0.02214	0.03322	0.11573	0.03689	0.04551	0.18983	0.07533	0.02006	0.01209	0.00374	0.01055	0.01724	0.00865	0.11407
26	0.03389	0.17469	0.17039	0.10142	0.04328	0.03100	0.02753	0.10820	0.03053	0.13416	0.02564	0.02746	0.01840	0.01196	0.01047	0.00337	0.01369	0.00915	0.00785	0.01694
27	0.04356	0.05191	0.03326	0.02947	0.03597	0.46626	0.02242	0.11320	0.03630	0.03537	0.01951	0.02204	0.01572	0.01229	0.01066	0.00307	0.01971	0.00795	0.00686	0.01445
28	0.02820	0.02226	0.03602	0.33974	0.14905	0.02572	0.02996	0.03482	0.02490	0.10764	0.02428	0.03141	0.01807	0.01262	0.01405	0.00387	0.06519	0.01054	0.00669	0.01498
29	0.08551	0.02429	0.06531	0.06132	0.03244	0.05685	0.01887	0.04025	0.02778	0.23390	0.03839	0.13395	0.03211	0.01695	0.01147	0.00360	0.01094	0.01408	0.01032	0.08170
30	0.03229	0.20645	0.04302	0.02485	0.03309	0.03444	0.06599	0.18980	0.03505	0.04535	0.03668	0.03812	0.09381	0.01514	0.01284	0.00341	0.05394	0.01161	0.00834	0.01578
31	0.16177	0.01908	0.02339	0.01876	0.02646	0.01782	0.01532	0.04716	0.03073	0.36490	0.11226	0.04304	0.03826	0.01517	0.01117	0.00361	0.00905	0.01213	0.01282	0.01710
32	0.02274	0.01432	0.01836	0.05694	0.02430	0.01386	0.01349	0.02821	0.06481	0.11036	0.14782	0.15685	0.16373	0.02595	0.01653	0.07108	0.00799	0.01990	0.01080	0.01195
33	0.02858	0.01457	0.01943	0.01669	0.02155	0.01305	0.01305	0.03373	0.03305	0.20953	0.35424	0.07083	0.08228	0.02059	0.01303	0.00364	0.00698	0.01787	0.01334	0.01397
34	0.02168	0.01084	0.01084	0.01084	0.01355	0.01084	0.00813	0.02710	0.02439	0.04336	0.03794	0.04336	0.02981	0.01355	0.00813	0.00271	0.00542	0.01084	0.65583	0.01084
35	0.07833	0.03185	0.13060	0.03045	0.04104	0.02551	0.13511	0.11421	0.03174	0.16957	0.02963	0.03193	0.02089	0.01802	0.05340	0.00485	0.01571	0.01111	0.00897	0.01708
36	0.06968	0.02250	0.03430	0.21344	0.04822	0.02758	0.06138	0.03156	0.02197	0.07631	0.02227	0.03247	0.01861	0.05769	0.02404	0.00480	0.20268	0.01090	0.00632	0.01325
37	0.02515	0.01419	0.01455	0.01329	0.01702	0.01473	0.01028	0.09684	0.02906	0.04797	0.03640	0.04098	0.02827	0.01361	0.00867	0.00283	0.00656	0.01078	0.55662	0.01222
38	0.01594	0.01087	0.01297	0.01393	0.01417	0.01063	0.00838	0.01666	0.01881	0.02509	0.04639	0.25631	0.05458	0.39428	0.04345	0.00895	0.00967	0.02265	0.00838	0.00790
39	0.02723	0.01993	0.03043	0.37382	0.06097	0.02325	0.02622	0.03655	0.06847	0.10939	0.02876	0.03473	0.02085	0.01263	0.01130	0.00372	0.01303	0.01086	0.07361	0.01427
40	0.01677	0.01166	0.01461	0.01447	0.01540	0.01204	0.00950	0.01864	0.01982	0.02736	0.10858	0.07025	0.04941	0.37934	0.17226	0.01193	0.01529	0.01645	0.00773	0.00848
41	0.01558	0.01160	0.01450	0.01432	0.01697	0.01051	0.01053	0.02004	0.03004	0.04108	0.36698	0.16824	0.18305	0.02683	0.01390	0.00387	0.00576	0.02357	0.01211	0.01051
42	0.67341	0.02249	0.01709	0.01529	0.02249	0.02609	0.01260	0.03419	0.01979	0.05218	0.01619	0.01889	0.01260	0.01080	0.00720	0.00360	0.00900	0.00630	0.00720	0.01260

[dist]
# distance from previous block
# <min> <max>
0	1

[block]
# block no. 1 follows, 10 sequences, length 20
# corresponding to MSA columns:
# 156-175
name=unknown_B
#
# <colnr> <probs for GDERKNQSTAVLIFYWHMCP>
#	G	D	E	R	K	N	Q	S	T	A	V	L	I	F	Y	W	H	M	C	P
0	0.03782	0.10649	0.03581	0.02490	0.03347	0.03525	0.02069	0.29353	0.18446	0.05966	0.03221	0.03135	0.02388	0.01397	0.01113	0.00349	0.01166	0.01071	0.01080	0.01871
1	0.01489	0.01157	0.01355	0.01360	0.01655	0.01022	0.00999	0.01871	0.02840	0.03721	0.26664	0.17548	0.28490	0.02828	0.01391	0.00394	0.00586	0.02447	0.01160	0.01022
2	0.08509	0.05303	0.41757	0.03067	0.04589	0.02815	0.03741	0.09629	0.02818	0.04314	0.02140	0.02450	0.01522	0.01142	0.01078	0.00365	0.01585	0.00864	0.00602	0.01712
3	0.03058	0.02343	0.03751	0.08777	0.09114	0.02433	0.11218	0.09462	0.03067	0.11685	0.06473	0.08138	0.03385	0.01692	0.01495	0.00402	0.05809	0.05246	0.00906	0.01546
4	0.03047	0.02889	0.05787	0.04232	0.05188	0.02872	0.34429	0.03843	0.02674	0.10176	0.02525	0.03156	0.01878	0.01207	0.01726	0.00406	0.10408	0.01290	0.00691	0.01578
5	0.01413	0.01154	0.01249	0.01280	0.01608	0.00990	0.00939	0.01723	0.02660	0.03293	0.15561	0.18252	0.39860	0.02988	0.01391	0.00402	0.00598	0.02546	0.01103	0.00990
6	0.33418	0.02102	0.02250	0.01824	0.02642	0.02118	0.01505	0.04647	0.02716	0.31134	0.03241	0.03019	0.02144	0.01276	0.00965	0.00360	0.00949	0.00925	0.01113	0.01653
7	0.02485	0.02443	0.03790	0.20898	0.05017	0.03104	0.07444	0.03298	0.06942	0.03164	0.02119	0.02974	0.01765	0.01588	0.02409	0.00445	0.27067	0.01091	0.00588	0.01368
8	0.02722	0.02079	0.03379	0.30946	0.15873	0.02294	0.02814	0.03362	0.02539	0.10895	0.02994	0.09650	0.02538	0.01469	0.01199	0.00384	0.01324	0.01321	0.00739	0.01476
9	0.02004	0.01182	0.01540	0.01638	0.01873	0.01068	0.01155	0.02256	0.02448	0.10736	0.06755	0.44371	0.12053	0.03219	0.01423	0.00445	0.00714	0.02874	0.01136	0.01110
10	0.01900	0.01567	0.02275	0.14145	0.03438	0.01813	0.01935	0.02301	0.02241	0.02998	0.04372	0.21118	0.04801	0.08580	0.02251	0.00544	0.09271	0.12546	0.00829	0.01077
11	0.03292	0.02661	0.07094	0.15191	0.04355	0.02704	0.02421	0.13860	0.08696	0.12065	0.03019	0.03300	0.02194	0.01409	0.01413	0.00377	0.07092	0.01079	0.06148	0.01632
12	0.02237	0.07683	0.03111	0.02860	0.09268	0.02041	0.06570	0.06185	0.02780	0.03734	0.09856	0.24929	0.05481	0.02374	0.01325	0.00407	0.01033	0.05894	0.00930	0.01300
13	0.02211	0.01798	0.02481	0.21593	0.04243	0.02026	0.01991	0.07327	0.06596	0.03833	0.13558	0.10785	0.04779	0.09550	0.01884	0.00488	0.01108	0.01614	0.00884	0.01249
14	0.03342	0.07253	0.16360	0.02578	0.03533	0.02797	0.02551	0.15952	0.03463	0.12307	0.09208	0.03592	0.03119	0.01496	0.01419	0.00368	0.06914	0.01127	0.00934	0.01687
15	0.16030	0.16395	0.08595	0.08014	0.04011	0.03115	0.08243	0.08444	0.02799	0.10680	0.02328	0.02598	0.01725	0.01139	0.01000	0.00340	0.01315	0.00905	0.00752	0.01573
16	0.13927	0.02255	0.07426	0.09263	0.03427	0.01894	0.01914	0.03423	0.02494	0.14596	0.03482	0.14740	0.03129	0.01688	0.01104	0.00359	0.01036	0.01410	0.00901	0.11530
17	0.08323	0.03126	0.15887	0.10228	0.08271	0.02294	0.07451	0.03886	0.02650	0.16279	0.03119	0.08058	0.02453	0.01408	0.01164	0.00378	0.01346	0.01234	0.00828	0.01616
18	0.22459	0.02938	0.14206	0.02104	0.02956	0.02261	0.02062	0.08525	0.02696	0.08499	0.03077	0.11349	0.02704	0.01579	0.01029	0.00369	0.01077	0.01241	0.07426	0.01445
19	0.15575	0.02884	0.14250	0.02620	0.08094	0.02162	0.02242	0.03746	0.06305	0.10653	0.03210	0.08103	0.02624	0.01445	0.01037	0.00359	0.01082	0.01168	0.10926	0.01516

[dist]
# distance from previous block
# <min> <max>
0	64

[block]
# block no. 2 follows, 10 sequences, length 22
# corresponding to MSA columns:
# 240-261
name=unknown_C
#
# <colnr> <probs for GDERKNQSTAVLIFYWHMCP>
#	G	D	E	R	K	N	Q	S	T	A	V	L	I	F	Y	W	H	M	C	P
0	0.11490	0.03362	0.08132	0.02435	0.03293	0.10106	0.02113	0.21037	0.03761	0.13146	0.02810	0.03151	0.02111	0.06167	0.01490	0.00413	0.01337	0.01011	0.00968	0.01670
1	0.11764	0.02482	0.07888	0.02255	0.02948	0.02271	0.02014	0.03869	0.02624	0.20132	0.08509	0.03632	0.03064	0.01556	0.01710	0.00380	0.13851	0.01101	0.00951	0.07001
2	0.02308	0.09238	0.02487	0.01823	0.02281	0.02056	0.01441	0.09151	0.07782	0.04474	0.24450	0.16403	0.07082	0.02231	0.01264	0.00372	0.00805	0.01922	0.01112	0.01316
3	0.02888	0.02452	0.08397	0.07291	0.03381	0.02164	0.02054	0.11242	0.09836	0.11321	0.09073	0.16443	0.04474	0.01987	0.01255	0.00393	0.01050	0.01704	0.01059	0.01536
4	0.02413	0.10173	0.11888	0.08527	0.03628	0.02326	0.02203	0.07193	0.02654	0.03678	0.03155	0.16287	0.03127	0.01697	0.01108	0.00334	0.01140	0.01432	0.00751	0.16287
5	0.09402	0.03498	0.23005	0.08827	0.04113	0.02195	0.02832	0.03536	0.02645	0.10839	0.09213	0.04536	0.03408	0.01528	0.01164	0.00384	0.01294	0.05255	0.00812	0.01513
6	0.02318	0.13572	0.03539	0.14639	0.04014	0.02555	0.06241	0.03269	0.09304	0.03605	0.12873	0.11380	0.04547	0.01740	0.01186	0.00368	0.01121	0.01535	0.00842	0.01352
7	0.02408	0.02201	0.06113	0.01905	0.02374	0.08203	0.01548	0.02776	0.02640	0.10124	0.06418	0.27735	0.15710	0.02637	0.01326	0.00407	0.00974	0.02267	0.01019	0.01218
8	0.03510	0.03629	0.17616	0.10577	0.04739	0.02813	0.06838	0.17759	0.03556	0.13371	0.02769	0.02977	0.01915	0.01252	0.01166	0.00366	0.01450	0.01042	0.00880	0.01772
9	0.23593	0.02741	0.11871	0.02577	0.08022	0.02187	0.02185	0.03639	0.02488	0.11957	0.03040	0.04132	0.02494	0.01442	0.01034	0.00374	0.01107	0.06518	0.07119	0.01479
10	0.01979	0.01185	0.01601	0.01753	0.01957	0.01101	0.01275	0.02261	0.02435	0.09538	0.06136	0.44820	0.06921	0.03294	0.01461	0.00467	0.00772	0.08822	0.01125	0.01098
11	0.03454	0.01991	0.02565	0.10402	0.03469	0.02081	0.01841	0.09885	0.09724	0.19531	0.03839	0.08484	0.02998	0.01851	0.01500	0.06760	0.01047	0.01319	0.05706	0.01555
12	0.03620	0.02684	0.03559	0.10355	0.04220	0.02877	0.07504	0.26426	0.04216	0.10195	0.09140	0.03757	0.03152	0.01446	0.01216	0.00363	0.01276	0.01233	0.01045	0.01717
13	0.52492	0.10424	0.02489	0.06400	0.02859	0.02890	0.01536	0.03389	0.02064	0.04668	0.01658	0.01992	0.01318	0.01075	0.00762	0.00346	0.01006	0.00664	0.00670	0.01296
14	0.12631	0.03154	0.14430	0.02358	0.03340	0.02450	0.02290	0.11284	0.08724	0.16951	0.07842	0.03630	0.03040	0.01410	0.01111	0.00365	0.01143	0.01108	0.01025	0.01713
15	0.02586	0.02287	0.10212	0.08398	0.03365	0.01672	0.02009	0.03182	0.02687	0.13487	0.11276	0.17004	0.04749	0.01945	0.01224	0.00367	0.01011	0.01692	0.00973	0.09873
16	0.03070	0.02959	0.08669	0.09258	0.26721	0.02767	0.03035	0.08067	0.11818	0.07659	0.02871	0.03201	0.02190	0.01216	0.01156	0.00362	0.01305	0.01082	0.00790	0.01805
17	0.01417	0.01012	0.01350	0.01619	0.01687	0.00945	0.01080	0.01619	0.02227	0.02969	0.06410	0.58367	0.07692	0.03644	0.01484	0.00472	0.00675	0.03306	0.01080	0.00945
18	0.02412	0.02067	0.02412	0.01723	0.02756	0.01550	0.01378	0.02929	0.02412	0.03790	0.02067	0.02412	0.01723	0.00861	0.00861	0.00172	0.00861	0.00689	0.00689	0.66236
19	0.17000	0.02642	0.07503	0.02212	0.02650	0.08296	0.01874	0.02824	0.02235	0.03506	0.03398	0.22447	0.03679	0.02203	0.01666	0.00423	0.11759	0.01706	0.00771	0.01207
20	0.04328	0.02875	0.03189	0.02503	0.03382	0.03107	0.02049	0.32566	0.12377	0.16029	0.03475	0.03283	0.02419	0.01435	0.01168	0.00359	0.01162	0.01116	0.01222	0.01955
21	0.03412	0.42065	0.09846	0.02203	0.03249	0.04004	0.02203	0.08962	0.02838	0.08596	0.02110	0.02249	0.01693	0.01099	0.00873	0.00283	0.01266	0.00752	0.00674	0.01622

[dist]
# distance from previous block
# <min> <max>
0	1

[block]
# block no. 3 follows, 10 sequences, length 15
# corresponding to MSA columns:
# 263-277
name=unknown_D
#
# <colnr> <probs for GDERKNQSTAVLIFYWHMCP>
#	G	D	E	R	K	N	Q	S	T	A	V	L	I	F	Y	W	H	M	C	P
0	0.08338	0.07058	0.03649	0.11873	0.04156	0.02487	0.09557	0.03672	0.02539	0.13367	0.02631	0.03038	0.01956	0.01228	0.01313	0.00345	0.06486	0.01010	0.05956	0.09341
1	0.01739	0.01126	0.01396	0.01387	0.01434	0.01137	0.00867	0.01749	0.01837	0.02496	0.08021	0.06745	0.04397	0.39511	0.09950	0.11927	0.01244	0.01576	0.00720	0.00743
2	0.02507	0.09157	0.03320	0.06477	0.03492	0.02121	0.05488	0.03066	0.02427	0.03590	0.02037	0.02463	0.01684	0.00912	0.00915	0.00218	0.01056	0.00766	0.00643	0.47662
3	0.09406	0.01162	0.01393	0.01609	0.01755	0.01146	0.01101	0.01837	0.02197	0.03242	0.05830	0.51523	0.06913	0.03333	0.01392	0.00459	0.00702	0.02982	0.01036	0.00983
4	0.02412	0.02067	0.02412	0.01723	0.02756	0.01550	0.01378	0.02929	0.02412	0.03790	0.02067	0.02412	0.01723	0.00861	0.00861	0.00172	0.00861	0.00689	0.00689	0.66236
5	0.02925	0.03319	0.13280	0.03517	0.12408	0.02679	0.06105	0.11317	0.11447	0.04546	0.02711	0.02966	0.02067	0.01166	0.01107	0.00327	0.01286	0.01008	0.00789	0.15030
6	0.02172	0.02577	0.12260	0.01918	0.02859	0.01622	0.01833	0.02806	0.02429	0.03675	0.03636	0.08908	0.07390	0.01437	0.01018	0.00272	0.00958	0.01192	0.06838	0.34198
7	0.02221	0.01514	0.02285	0.06266	0.02760	0.01472	0.06024	0.02742	0.02777	0.08665	0.20435	0.10753	0.06288	0.07433	0.01724	0.00452	0.00921	0.05203	0.08871	0.01195
8	0.02773	0.02290	0.07188	0.07354	0.03375	0.01819	0.01890	0.03597	0.07129	0.12522	0.03505	0.12245	0.03060	0.01550	0.01104	0.00317	0.01008	0.01321	0.00902	0.25050
9	0.12994	0.01278	0.01188	0.01158	0.01504	0.01337	0.00887	0.02828	0.02363	0.04483	0.03433	0.03930	0.02695	0.01309	0.00798	0.00286	0.00601	0.01009	0.54809	0.01113
10	0.01985	0.01727	0.02577	0.24070	0.04513	0.01951	0.02128	0.02527	0.02458	0.03376	0.12775	0.15043	0.04677	0.01951	0.01489	0.00390	0.06330	0.01663	0.00798	0.07572
11	0.45052	0.02230	0.02233	0.14885	0.03723	0.02632	0.01795	0.03590	0.06893	0.04638	0.02043	0.02430	0.01562	0.01150	0.00874	0.00370	0.01059	0.00797	0.00717	0.01326
12	0.46211	0.11784	0.02723	0.10406	0.03297	0.02936	0.01697	0.03358	0.02099	0.04445	0.01691	0.02080	0.01345	0.01079	0.00795	0.00346	0.01061	0.00693	0.00650	0.01303
13	0.02675	0.01233	0.01352	0.01248	0.01623	0.01188	0.00962	0.03201	0.02587	0.12366	0.03926	0.04273	0.02964	0.01369	0.00872	0.00286	0.00616	0.01098	0.54928	0.01233
14	0.18399	0.17616	0.09325	0.02099	0.02921	0.03011	0.01968	0.07956	0.07133	0.04143	0.02687	0.08052	0.02405	0.02005	0.05245	0.00466	0.01284	0.01077	0.00752	0.01456

[dist]
# distance from previous block
# <min> <max>
0	1

[block]
# block no. 4 follows, 10 sequences, length 28
# corresponding to MSA columns:
# 279-306
name=unknown_E
#
# <colnr> <probs for GDERKNQSTAVLIFYWHMCP>
#	G	D	E	R	K	N	Q	S	T	A	V	L	I	F	Y	W	H	M	C	P
0	0.03098	0.04206	0.23015	0.02712	0.03738	0.12353	0.02778	0.04098	0.06931	0.11379	0.03322	0.11255	0.02829	0.01603	0.01169	0.00372	0.01446	0.01298	0.00815	0.01582
1	0.01837	0.01312	0.01628	0.01599	0.01860	0.01266	0.01165	0.06208	0.02943	0.03994	0.24168	0.23462	0.12827	0.02884	0.01657	0.05976	0.00700	0.02325	0.01119	0.01070
2	0.01672	0.01205	0.01661	0.01661	0.01797	0.01341	0.01194	0.01943	0.01808	0.02546	0.03305	0.05622	0.03365	0.26174	0.37691	0.01612	0.02427	0.01400	0.00651	0.00923
3	0.02630	0.01219	0.01328	0.01233	0.01599	0.01179	0.00949	0.03158	0.02574	0.11650	0.03914	0.04279	0.02966	0.01368	0.00867	0.00284	0.00610	0.01097	0.55877	0.01219
4	0.22727	0.02964	0.02972	0.02342	0.03212	0.03316	0.01934	0.35025	0.04453	0.06715	0.02451	0.02530	0.01769	0.01304	0.01034	0.00352	0.01169	0.00926	0.01034	0.01769
5	0.03098	0.13978	0.19625	0.02560	0.03506	0.08509	0.02616	0.03734	0.02509	0.11015	0.02514	0.03206	0.02056	0.08512	0.01920	0.00447	0.07028	0.00975	0.00685	0.01507
6	0.03482	0.03323	0.18971	0.02458	0.03512	0.02196	0.02511	0.08126	0.07009	0.21743	0.10697	0.04118	0.03625	0.01480	0.01180	0.00365	0.01179	0.01212	0.01063	0.01750
7	0.02630	0.01219	0.01328	0.01233	0.01599	0.01179	0.00949	0.03158	0.02574	0.11650	0.03914	0.04279	0.02966	0.01368	0.00867	0.00284	0.00610	0.01097	0.55877	0.01219
8	0.04076	0.03577	0.22649	0.02562	0.03786	0.02102	0.02734	0.04882	0.02983	0.33283	0.03598	0.03364	0.02323	0.01307	0.01144	0.00363	0.01278	0.01047	0.01064	0.01876
9	0.03473	0.03214	0.11498	0.02729	0.03628	0.07562	0.07274	0.08572	0.10206	0.16376	0.03726	0.10196	0.03003	0.01602	0.01210	0.00377	0.01307	0.01377	0.00993	0.01676
10	0.03794	0.04109	0.19469	0.02708	0.03787	0.12995	0.02691	0.04866	0.08852	0.20283	0.03208	0.03128	0.02216	0.01297	0.01125	0.00355	0.01449	0.00999	0.00922	0.01747
11	0.05041	0.02456	0.02851	0.02228	0.03105	0.06637	0.01820	0.10880	0.03594	0.42564	0.04115	0.03647	0.02643	0.01413	0.01158	0.00353	0.01125	0.01117	0.01330	0.01923
12	0.02002	0.01051	0.01560	0.01594	0.01627	0.01051	0.01118	0.01627	0.01661	0.02203	0.02539	0.04736	0.02606	0.03937	0.04177	0.57939	0.01018	0.06402	0.00576	0.00576
13	0.03821	0.03725	0.16038	0.03129	0.04256	0.08236	0.12097	0.08643	0.03190	0.20625	0.03029	0.03103	0.02063	0.01230	0.01182	0.00361	0.01522	0.01078	0.00910	0.01759
14	0.19417	0.02463	0.03085	0.07540	0.03579	0.02802	0.05800	0.13877	0.03009	0.09021	0.02655	0.07396	0.02231	0.01557	0.01523	0.00396	0.10130	0.01166	0.00855	0.01498
15	0.02544	0.02581	0.07926	0.02589	0.02960	0.02781	0.02255	0.09876	0.02454	0.03546	0.02341	0.03479	0.02147	0.08218	0.15264	0.00842	0.25098	0.01117	0.00656	0.01327
16	0.02858	0.03954	0.24758	0.03017	0.03893	0.02911	0.03173	0.03614	0.02306	0.10727	0.02231	0.02720	0.01708	0.01545	0.02249	0.00426	0.24725	0.00973	0.00642	0.01572
17	0.02582	0.01979	0.03416	0.18451	0.04720	0.02058	0.12801	0.03286	0.02597	0.08532	0.03322	0.04753	0.02728	0.01451	0.01183	0.00376	0.01284	0.06528	0.16606	0.01348
18	0.02025	0.01311	0.01750	0.01813	0.01978	0.01338	0.01320	0.02267	0.02285	0.08425	0.05380	0.36187	0.06044	0.10156	0.02237	0.00552	0.06105	0.06737	0.01018	0.01073
19	0.01514	0.01081	0.01460	0.01730	0.01840	0.01028	0.01247	0.01786	0.02322	0.03077	0.06357	0.48813	0.07481	0.03553	0.01510	0.00486	0.00758	0.11907	0.01078	0.00971
20	0.02168	0.01084	0.01084	0.01084	0.01355	0.01084	0.00813	0.02710	0.02439	0.04336	0.03794	0.04336	0.02981	0.01355	0.00813	0.00271	0.00542	0.01084	0.65583	0.01084
21	0.02657	0.01789	0.02085	0.01778	0.02366	0.01724	0.01395	0.07403	0.10735	0.11814	0.19794	0.06609	0.14710	0.01979	0.01242	0.00354	0.00779	0.01668	0.01180	0.07938
22	0.57809	0.02748	0.01949	0.01751	0.02453	0.10454	0.01409	0.03604	0.02179	0.04859	0.01646	0.01921	0.01296	0.01098	0.00770	0.00351	0.01081	0.00648	0.00702	0.01273
23	0.16096	0.02524	0.02382	0.01875	0.02766	0.07740	0.01486	0.03477	0.06156	0.04066	0.02155	0.02421	0.01746	0.01000	0.00878	0.00243	0.01011	0.00733	0.00724	0.40522
24	0.02858	0.02432	0.07318	0.17261	0.09743	0.02294	0.02513	0.03492	0.02494	0.11588	0.02595	0.03106	0.01954	0.01272	0.01412	0.00348	0.08201	0.00992	0.06821	0.11308
25	0.16088	0.02565	0.06704	0.02062	0.02916	0.02349	0.01812	0.12958	0.06894	0.16304	0.03141	0.03143	0.02234	0.01284	0.01006	0.00334	0.01020	0.00974	0.09117	0.07096
26	0.10634	0.11856	0.03463	0.02286	0.03071	0.02702	0.05785	0.13892	0.03345	0.14817	0.07726	0.08941	0.03407	0.01584	0.01117	0.00354	0.01102	0.01311	0.01013	0.01595
27	0.13311	0.21150	0.07987	0.02141	0.03130	0.03171	0.02006	0.11536	0.03030	0.13162	0.02441	0.02508	0.01812	0.01155	0.00932	0.00306	0.01158	0.00822	0.00834	0.07406

[dist]
# distance from previous block
# <min> <max>
2	65

[block]
# block no. 5 follows, 10 sequences, length 36
# corresponding to MSA columns:
# 378-413
name=unknown_F
#
# <colnr> <probs for GDERKNQSTAVLIFYWHMCP>
#	G	D	E	R	K	N	Q	S	T	A	V	L	I	F	Y	W	H	M	C	P
0	0.09818	0.02565	0.07587	0.24873	0.10857	0.02471	0.07022	0.03764	0.02580	0.13568	0.02576	0.03075	0.01837	0.01174	0.01131	0.00373	0.01401	0.01037	0.00738	0.01551
1	0.02784	0.07426	0.02919	0.16659	0.04025	0.02200	0.01995	0.07912	0.02801	0.11020	0.03701	0.18495	0.03529	0.01880	0.01186	0.00369	0.01097	0.01620	0.00898	0.07484
2	0.04414	0.07491	0.03148	0.02521	0.06890	0.02162	0.01939	0.07977	0.03266	0.35491	0.04157	0.04582	0.03013	0.01554	0.01175	0.00366	0.01075	0.05733	0.01222	0.01824
3	0.02525	0.01334	0.01767	0.01759	0.02112	0.01205	0.01323	0.02842	0.02624	0.16942	0.06389	0.33736	0.10430	0.02914	0.01399	0.00440	0.00797	0.07030	0.01179	0.01251
4	0.02814	0.02909	0.12819	0.26068	0.05576	0.02606	0.02973	0.03856	0.07452	0.11189	0.02694	0.03183	0.01955	0.01334	0.01442	0.00393	0.07420	0.01050	0.00728	0.01539
5	0.03300	0.03164	0.14213	0.08258	0.04672	0.02389	0.14290	0.04313	0.06158	0.17752	0.03059	0.03256	0.02128	0.01188	0.01184	0.00360	0.01430	0.01117	0.00856	0.06913
6	0.01650	0.01110	0.01281	0.01322	0.01332	0.01100	0.00761	0.01680	0.01772	0.02363	0.04080	0.15294	0.04753	0.50728	0.05248	0.01028	0.01059	0.01936	0.00761	0.00741
7	0.01828	0.01447	0.02123	0.10346	0.07492	0.01488	0.01665	0.02265	0.02612	0.03568	0.21268	0.11363	0.11110	0.03089	0.07527	0.05842	0.01121	0.01807	0.00921	0.01117
8	0.03162	0.09933	0.30695	0.02998	0.04328	0.08560	0.03331	0.15428	0.03329	0.04472	0.02201	0.02455	0.01610	0.01182	0.01083	0.00346	0.01602	0.00876	0.00680	0.01728
9	0.02415	0.02330	0.03215	0.02783	0.02783	0.03194	0.02266	0.02631	0.01768	0.02717	0.01850	0.03311	0.01936	0.10677	0.04135	0.00603	0.48541	0.01120	0.00539	0.01186
10	0.05218	0.01979	0.02699	0.02069	0.02969	0.01709	0.01709	0.05668	0.03329	0.52677	0.04588	0.03959	0.02879	0.01439	0.01170	0.00360	0.00990	0.01170	0.01439	0.01979
11	0.02828	0.13241	0.04267	0.27236	0.19124	0.02943	0.02958	0.03474	0.02512	0.07498	0.02236	0.02877	0.01739	0.01119	0.01081	0.00347	0.01395	0.00968	0.00610	0.01547
12	0.02668	0.11480	0.43624	0.03063	0.04632	0.02820	0.03822	0.03835	0.02522	0.07854	0.02254	0.02523	0.01598	0.01122	0.01072	0.00355	0.01604	0.00861	0.00575	0.01717
13	0.02783	0.02284	0.02396	0.02173	0.02772	0.02619	0.01685	0.05655	0.42606	0.04785	0.04591	0.04339	0.03464	0.01544	0.01127	0.00376	0.00863	0.01280	0.10931	0.01726
14	0.04345	0.05543	0.03296	0.02996	0.03596	0.54457	0.02247	0.04644	0.03296	0.02846	0.01798	0.02097	0.01498	0.01199	0.01049	0.00300	0.02097	0.00749	0.00599	0.01348
15	0.02818	0.38202	0.16789	0.02267	0.03441	0.03685	0.02450	0.03447	0.02393	0.03122	0.01798	0.02090	0.01523	0.01001	0.00850	0.00266	0.01300	0.00689	0.00525	0.11347
16	0.01810	0.01258	0.01417	0.01334	0.01746	0.01080	0.01015	0.02182	0.02873	0.08266	0.20788	0.09884	0.36817	0.02662	0.01354	0.00383	0.00618	0.02245	0.01164	0.01106
17	0.01691	0.01128	0.01268	0.01268	0.01268	0.01128	0.00705	0.01691	0.01691	0.02255	0.03665	0.07611	0.04228	0.59126	0.05920	0.01128	0.01128	0.01691	0.00705	0.00705
18	0.01826	0.02191	0.09642	0.07011	0.02989	0.01694	0.01866	0.02330	0.02411	0.03214	0.06491	0.15263	0.21796	0.02309	0.01512	0.00390	0.06303	0.01898	0.00842	0.08022
19	0.01480	0.01065	0.01344	0.01507	0.01618	0.00993	0.01006	0.01699	0.02305	0.03067	0.11524	0.40606	0.11726	0.11833	0.02133	0.00552	0.00721	0.02846	0.01045	0.00929
20	0.04677	0.01860	0.02526	0.01978	0.02783	0.01617	0.01617	0.05142	0.03323	0.45409	0.11652	0.04674	0.04104	0.01582	0.01200	0.00361	0.00923	0.01311	0.01415	0.01846
21	0.12164	0.02009	0.02588	0.02009	0.02888	0.01810	0.01659	0.05417	0.03178	0.47370	0.04256	0.03727	0.02698	0.01399	0.01119	0.00360	0.00980	0.01109	0.01359	0.01899
22	0.02808	0.02939	0.04801	0.18824	0.24699	0.07634	0.14292	0.03556	0.02650	0.03479	0.02161	0.02926	0.01716	0.01070	0.01200	0.00364	0.01636	0.01092	0.00566	0.01587
23	0.03258	0.01546	0.02071	0.01737	0.02293	0.01374	0.01374	0.03762	0.03309	0.26329	0.30199	0.06554	0.07321	0.01954	0.01281	0.00363	0.00748	0.01682	0.01352	0.01495
24	0.01524	0.01094	0.01445	0.01547	0.01710	0.01016	0.01088	0.01887	0.02723	0.03759	0.27305	0.35221	0.09221	0.03054	0.01432	0.00423	0.00616	0.02746	0.01173	0.01016
25	0.04195	0.01740	0.02357	0.01916	0.02619	0.01522	0.01536	0.04636	0.03206	0.39071	0.12913	0.10517	0.04797	0.01835	0.01238	0.00373	0.00880	0.01558	0.01374	0.01717
26	0.19242	0.03178	0.08447	0.03013	0.07996	0.08397	0.06529	0.10496	0.03036	0.08790	0.02739	0.03714	0.02249	0.01392	0.01102	0.00373	0.01349	0.05578	0.00825	0.01553
27	0.02221	0.01783	0.02064	0.01937	0.02380	0.01916	0.01512	0.03975	0.23705	0.04620	0.25713	0.07267	0.07224	0.02119	0.01315	0.00397	0.00771	0.06445	0.01214	0.01422
28	0.02458	0.01402	0.01773	0.01776	0.02113	0.01358	0.01327	0.03110	0.07648	0.13273	0.05552	0.31702	0.05672	0.02688	0.01325	0.00425	0.00784	0.05970	0.08374	0.01274
29	0.02372	0.02037	0.07455	0.01985	0.02497	0.01680	0.01685	0.09348	0.02939	0.08513	0.09489	0.25072	0.08643	0.03188	0.06937	0.00563	0.01148	0.02108	0.01033	0.01309
30	0.03381	0.07836	0.03486	0.29902	0.05616	0.08129	0.02571	0.03974	0.02722	0.17195	0.02719	0.03123	0.01920	0.01230	0.01113	0.00357	0.01420	0.01003	0.00789	0.01514
31	0.05218	0.01979	0.02699	0.02069	0.02969	0.01709	0.01709	0.05668	0.03329	0.52677	0.04588	0.03959	0.02879	0.01439	0.01170	0.00360	0.00990	0.01170	0.01439	0.01979
32	0.09401	0.11712	0.13593	0.02540	0.03538	0.02667	0.06544	0.08666	0.02933	0.15730	0.03155	0.09025	0.02570	0.01470	0.01104	0.00359	0.01254	0.01218	0.00888	0.01631
33	0.03027	0.09309	0.08600	0.15961	0.09183	0.08029	0.06846	0.03662	0.02655	0.10672	0.02880	0.08881	0.02444	0.01423	0.01153	0.00362	0.01433	0.01239	0.00734	0.01505
34	0.03275	0.02521	0.10569	0.02938	0.08383	0.01880	0.06457	0.03870	0.02772	0.22066	0.04238	0.18239	0.03752	0.01899	0.01262	0.00393	0.01148	0.01705	0.01027	0.01607
35	0.01748	0.01789	0.06806	0.08162	0.08278	0.01486	0.01886	0.02174	0.02306	0.03129	0.05075	0.41093	0.05807	0.02853	0.01378	0.00439	0.00944	0.02583	0.00909	0.01154

[dist]
# distance from previous block
# <min> <max>
0	30

[block]
# block no. 6 follows, 10 sequences, length 37
# corresponding to MSA columns:
# 527-563
name=unknown_G
#
# <colnr> <probs for GDERKNQSTAVLIFYWHMCP>
#	G	D	E	R	K	N	Q	S	T	A	V	L	I	F	Y	W	H	M	C	P
0	0.27759	0.08461	0.08136	0.02330	0.03246	0.02926	0.05728	0.09346	0.09265	0.08723	0.02537	0.02661	0.01879	0.01201	0.00969	0.00356	0.01159	0.00902	0.00839	0.01578
1	0.08218	0.08956	0.10435	0.02792	0.03670	0.09018	0.08530	0.10451	0.02945	0.04073	0.02448	0.07368	0.02156	0.01408	0.01313	0.00349	0.06041	0.01116	0.00716	0.07996
2	0.09845	0.02601	0.02673	0.09410	0.03553	0.08505	0.01889	0.11468	0.07120	0.12764	0.04116	0.04123	0.08896	0.01503	0.01113	0.00347	0.01166	0.01177	0.00964	0.06766
3	0.13525	0.02456	0.02726	0.07603	0.03381	0.02758	0.01913	0.16909	0.09601	0.04981	0.03676	0.03828	0.07847	0.01548	0.01353	0.00367	0.06525	0.01149	0.00916	0.06937
4	0.08102	0.31471	0.08864	0.02364	0.03361	0.03552	0.05873	0.04138	0.08150	0.10247	0.02500	0.02606	0.01933	0.01140	0.00937	0.00312	0.01244	0.00863	0.00733	0.01609
5	0.09501	0.15567	0.03309	0.06430	0.03127	0.02475	0.01743	0.04257	0.02704	0.26577	0.03306	0.03646	0.02459	0.08146	0.01595	0.00427	0.01105	0.01044	0.00990	0.01592
6	0.02806	0.03394	0.20410	0.02346	0.03246	0.06236	0.02428	0.03553	0.02599	0.12036	0.03406	0.09855	0.02851	0.02132	0.05406	0.00477	0.01397	0.01267	0.12688	0.01470
7	0.10532	0.07756	0.03185	0.10639	0.03610	0.02544	0.05636	0.12855	0.02776	0.03962	0.02143	0.02907	0.01774	0.02090	0.02163	0.21292	0.01244	0.00969	0.00688	0.01235
8	0.04076	0.07965	0.09943	0.02866	0.03931	0.02620	0.11213	0.11442	0.03358	0.25715	0.03308	0.03252	0.02229	0.01263	0.01164	0.00356	0.01336	0.01106	0.01032	0.01824
9	0.04426	0.01782	0.02383	0.01889	0.02641	0.01564	0.01537	0.04898	0.03237	0.41308	0.10968	0.04650	0.04009	0.01561	0.01163	0.00352	0.00885	0.01290	0.07687	0.01770
10	0.01651	0.09150	0.02006	0.01671	0.01867	0.01451	0.01206	0.01877	0.02246	0.02937	0.05747	0.50549	0.06834	0.03277	0.01382	0.00441	0.00753	0.02935	0.00999	0.01020
11	0.02660	0.02222	0.08780	0.02434	0.03119	0.01695	0.09368	0.03265	0.02837	0.14815	0.15230	0.18661	0.05639	0.02105	0.01323	0.00396	0.01055	0.01930	0.01056	0.01410
12	0.03528	0.07550	0.03118	0.07166	0.09706	0.02099	0.02006	0.04037	0.02853	0.24442	0.09115	0.04184	0.03461	0.02438	0.08531	0.00559	0.01356	0.01208	0.01022	0.01621
13	0.16617	0.02029	0.02517	0.01970	0.02837	0.01874	0.01627	0.05255	0.03081	0.43969	0.04044	0.03579	0.02582	0.01373	0.01087	0.00360	0.00973	0.01071	0.01307	0.01847
14	0.02045	0.01156	0.01788	0.09100	0.02414	0.01228	0.01317	0.01717	0.01627	0.02152	0.02027	0.03475	0.01955	0.03642	0.04077	0.57061	0.01085	0.01013	0.00507	0.00614
15	0.02614	0.03801	0.23479	0.21487	0.06052	0.02618	0.11544	0.03624	0.02540	0.07749	0.02348	0.02930	0.01676	0.01131	0.01179	0.00378	0.01641	0.01039	0.00601	0.01570
16	0.02412	0.02067	0.02412	0.01723	0.02756	0.01550	0.01378	0.02929	0.02412	0.03790	0.02067	0.02412	0.01723	0.00861	0.00861	0.00172	0.00861	0.00689	0.00689	0.66236
17	0.01640	0.01169	0.01570	0.01606	0.01715	0.01261	0.01117	0.01868	0.01849	0.02566	0.03769	0.12976	0.04057	0.27296	0.28808	0.01398	0.02027	0.01694	0.00716	0.00898
18	0.04106	0.02109	0.03013	0.07072	0.03573	0.02024	0.05313	0.09771	0.03396	0.31281	0.07998	0.04815	0.03553	0.01597	0.01236	0.00378	0.01116	0.04690	0.01219	0.01741
19	0.02558	0.01732	0.02467	0.08505	0.03042	0.01962	0.01825	0.03032	0.02634	0.12562	0.18520	0.05192	0.05064	0.03029	0.10529	0.00644	0.13009	0.01437	0.00949	0.01309
20	0.33731	0.01904	0.01936	0.01658	0.02311	0.01978	0.01339	0.03708	0.02680	0.17834	0.15194	0.04195	0.04195	0.01510	0.01008	0.00361	0.00834	0.01154	0.01058	0.01411
21	0.02769	0.02042	0.03176	0.02642	0.02906	0.02410	0.07303	0.02893	0.02024	0.09560	0.02208	0.03130	0.01901	0.02474	0.03394	0.21630	0.24656	0.01079	0.00646	0.01158
22	0.03081	0.03148	0.04524	0.06566	0.45191	0.09916	0.03386	0.03718	0.02738	0.03668	0.02134	0.02770	0.01795	0.01059	0.01137	0.00339	0.01481	0.00997	0.00579	0.01774
23	0.16191	0.02126	0.02865	0.18509	0.07984	0.02214	0.02185	0.04020	0.02631	0.20486	0.02847	0.03076	0.01983	0.01205	0.01050	0.00351	0.01157	0.00970	0.00891	0.07261
24	0.01822	0.01364	0.01674	0.01575	0.01897	0.01314	0.01183	0.02229	0.02585	0.03757	0.17689	0.18596	0.11703	0.02345	0.01445	0.00364	0.05329	0.01983	0.11070	0.10073
25	0.02020	0.01010	0.01515	0.01515	0.01515	0.01010	0.01010	0.01515	0.01515	0.02020	0.02020	0.03535	0.02020	0.04040	0.04545	0.66162	0.01010	0.01010	0.00505	0.00505
26	0.02020	0.01010	0.01515	0.01515	0.01515	0.01010	0.01010	0.01515	0.01515	0.02020	0.02020	0.03535	0.02020	0.04040	0.04545	0.66162	0.01010	0.01010	0.00505	0.00505
27	0.02614	0.25517	0.36065	0.02835	0.04291	0.03390	0.03461	0.03611	0.02422	0.03340	0.01917	0.02242	0.01480	0.01065	0.00975	0.00325	0.01547	0.00773	0.00493	0.01637
28	0.03398	0.01743	0.02097	0.01800	0.02390	0.01674	0.01415	0.07563	0.07648	0.22889	0.05414	0.12159	0.09314	0.01910	0.01172	0.00365	0.00834	0.01599	0.13074	0.01543
29	0.01874	0.01438	0.01778	0.01589	0.02004	0.01338	0.01210	0.02693	0.07831	0.04566	0.39971	0.07407	0.08984	0.02093	0.01284	0.00343	0.00628	0.01834	0.01191	0.09944
30	0.04737	0.01873	0.02545	0.01988	0.02803	0.01627	0.01627	0.05200	0.03324	0.46211	0.10873	0.04595	0.03969	0.01566	0.01197	0.00361	0.00930	0.01295	0.01418	0.01861
31	0.02780	0.01783	0.02375	0.07042	0.07621	0.01755	0.01729	0.03656	0.09282	0.15605	0.16757	0.06423	0.14504	0.01923	0.01259	0.00374	0.00881	0.01647	0.01129	0.01474
32	0.11155	0.02092	0.02317	0.01697	0.02688	0.01693	0.01362	0.02995	0.02353	0.03982	0.02007	0.02341	0.01660	0.00891	0.00842	0.00198	0.00866	0.00681	0.00693	0.57486
33	0.02875	0.13042	0.22518	0.02512	0.03647	0.02672	0.02692	0.08765	0.02849	0.08665	0.02919	0.10071	0.02536	0.01472	0.01086	0.00340	0.01291	0.01186	0.00764	0.08099
34	0.11574	0.39235	0.16718	0.02244	0.03375	0.03880	0.02442	0.03522	0.02334	0.03296	0.01729	0.02010	0.01457	0.01033	0.00828	0.00292	0.01311	0.00680	0.00526	0.01515
35	0.02169	0.01904	0.08545	0.01721	0.02252	0.01373	0.01550	0.02815	0.03065	0.09298	0.33392	0.06772	0.07777	0.01971	0.01238	0.00352	0.00750	0.01701	0.10087	0.01268
36	0.11918	0.20332	0.13341	0.02205	0.03261	0.02980	0.02214	0.04094	0.06466	0.12922	0.02571	0.02636	0.01912	0.01147	0.00940	0.00312	0.01178	0.00836	0.00779	0.07953

[dist]
# distance from previous block
# <min> <max>
0	9

[block]
# block no. 7 follows, 10 sequences, length 18
# corresponding to MSA columns:
# 573-590
name=unknown_H
#
# <colnr> <probs for GDERKNQSTAVLIFYWHMCP>
#	G	D	E	R	K	N	Q	S	T	A	V	L	I	F	Y	W	H	M	C	P
0	0.07440	0.03348	0.13499	0.03443	0.04570	0.02709	0.19998	0.08574	0.06990	0.13305	0.02915	0.03153	0.02057	0.01185	0.01208	0.00376	0.01515	0.01157	0.00843	0.01715
1	0.03195	0.13060	0.05595	0.03667	0.04710	0.03376	0.25387	0.13746	0.07536	0.04456	0.02537	0.02946	0.01926	0.01129	0.01199	0.00358	0.01589	0.01163	0.00754	0.01671
2	0.01716	0.01328	0.01950	0.13092	0.03212	0.01402	0.01763	0.02137	0.02383	0.03123	0.05436	0.33338	0.06122	0.03001	0.01455	0.00474	0.00975	0.15080	0.00961	0.01054
3	0.02336	0.02288	0.03712	0.26358	0.09456	0.02785	0.06856	0.02921	0.02254	0.03073	0.02812	0.03644	0.06069	0.01561	0.02007	0.00422	0.18352	0.01187	0.00576	0.01330
4	0.03000	0.10527	0.29195	0.03035	0.04367	0.03008	0.06740	0.10605	0.07253	0.07486	0.02568	0.02766	0.01854	0.01192	0.01108	0.00356	0.01501	0.00964	0.00725	0.01750
5	0.01408	0.01049	0.01311	0.01521	0.01661	0.00953	0.01036	0.01630	0.02321	0.03007	0.07604	0.47880	0.17408	0.03489	0.01460	0.00455	0.00656	0.03117	0.01080	0.00953
6	0.04587	0.01794	0.02365	0.01866	0.02635	0.01580	0.01524	0.05056	0.03145	0.42679	0.04424	0.04037	0.02900	0.01422	0.01096	0.00341	0.00897	0.01152	0.14706	0.01794
7	0.09997	0.03042	0.07660	0.02934	0.03920	0.02890	0.11549	0.18873	0.09089	0.13648	0.03067	0.03130	0.02162	0.01285	0.01162	0.00368	0.01326	0.01111	0.00999	0.01787
8	0.08667	0.30830	0.15433	0.02321	0.03382	0.03647	0.02406	0.04079	0.12154	0.03610	0.02366	0.02511	0.01893	0.01148	0.00914	0.00315	0.01252	0.00819	0.00658	0.01594
9	0.04586	0.02993	0.03327	0.02550	0.03475	0.03214	0.02107	0.39239	0.05026	0.16709	0.03164	0.03034	0.02164	0.01405	0.01165	0.00351	0.01220	0.01072	0.01221	0.01978
10	0.02203	0.01212	0.01629	0.01712	0.01952	0.01103	0.01210	0.02457	0.02455	0.13250	0.06033	0.47114	0.06697	0.03188	0.01419	0.00449	0.00740	0.02864	0.01154	0.01159
11	0.02692	0.16638	0.32329	0.09145	0.04801	0.08594	0.03478	0.03662	0.02511	0.03316	0.01957	0.02370	0.01489	0.01099	0.01031	0.00339	0.01641	0.00819	0.00507	0.01583
12	0.01417	0.01012	0.01350	0.01619	0.01687	0.00945	0.01080	0.01619	0.02227	0.02969	0.06410	0.58367	0.07692	0.03644	0.01484	0.00472	0.00675	0.03306	0.01080	0.00945
13	0.01474	0.01036	0.01333	0.01547	0.01600	0.00982	0.01002	0.01634	0.02116	0.02821	0.05842	0.47870	0.06976	0.15119	0.02402	0.00608	0.00768	0.02972	0.01002	0.00895
14	0.02645	0.02101	0.03133	0.30690	0.10165	0.02401	0.02603	0.07136	0.05921	0.06985	0.06483	0.03738	0.02699	0.01328	0.01148	0.00367	0.01264	0.01151	0.06591	0.01450
15	0.03860	0.02512	0.08028	0.13958	0.08617	0.02249	0.02519	0.04469	0.02835	0.28721	0.03331	0.03410	0.02252	0.01367	0.01400	0.00379	0.06277	0.01086	0.00995	0.01736
16	0.04535	0.02100	0.02644	0.02093	0.02883	0.01998	0.01684	0.10236	0.08364	0.37425	0.04306	0.04220	0.02978	0.07065	0.01633	0.00437	0.01029	0.01222	0.01309	0.01840
17	0.01870	0.01286	0.01613	0.01686	0.01868	0.01268	0.01181	0.06974	0.02510	0.03317	0.05654	0.38056	0.09701	0.03396	0.01990	0.12299	0.00798	0.02559	0.00986	0.00988

[dist]
# distance from previous block
# <min> <max>
2	8

[block]
# block no. 8 follows, 10 sequences, length 46
# corresponding to MSA columns:
# 599-644
name=unknown_I
#
# <colnr> <probs for GDERKNQSTAVLIFYWHMCP>
#	G	D	E	R	K	N	Q	S	T	A	V	L	I	F	Y	W	H	M	C	P
0	0.02511	0.07911	0.09070	0.22870	0.09881	0.02703	0.06652	0.03545	0.07423	0.03491	0.02345	0.02930	0.01820	0.01112	0.01093	0.00338	0.01389	0.00985	0.00620	0.11312
1	0.02671	0.01928	0.03144	0.27302	0.05204	0.02098	0.07003	0.03214	0.02391	0.11815	0.02953	0.04393	0.02485	0.15766	0.02382	0.00569	0.01386	0.01259	0.00738	0.01297
2	0.18191	0.01431	0.01490	0.01445	0.01664	0.01560	0.00982	0.02197	0.01797	0.03082	0.03049	0.05611	0.03238	0.35231	0.13580	0.01071	0.01437	0.01342	0.00693	0.00906
3	0.02668	0.02059	0.02438	0.01754	0.02776	0.01565	0.01408	0.03179	0.02495	0.08252	0.02297	0.02553	0.01828	0.00914	0.00889	0.00189	0.00873	0.00733	0.00758	0.60370
4	0.21282	0.08114	0.10896	0.02179	0.03174	0.02576	0.02081	0.09003	0.02961	0.22657	0.02924	0.02844	0.01994	0.01243	0.00998	0.00350	0.01136	0.00911	0.00978	0.01698
5	0.01432	0.01044	0.01349	0.01560	0.01679	0.00961	0.01060	0.01673	0.02361	0.03130	0.10745	0.49221	0.12575	0.03464	0.01463	0.00455	0.00655	0.03115	0.01097	0.00961
6	0.01590	0.01085	0.01298	0.01398	0.01423	0.01060	0.00843	0.01665	0.01888	0.02518	0.04675	0.26298	0.05504	0.38698	0.04287	0.00886	0.00961	0.02286	0.00843	0.00793
7	0.03057	0.02771	0.03808	0.03076	0.03642	0.03280	0.09497	0.13079	0.16465	0.04459	0.02837	0.03205	0.02237	0.01606	0.02131	0.00425	0.20785	0.01166	0.00848	0.01626
8	0.01548	0.01800	0.09146	0.01794	0.02172	0.01217	0.01530	0.01941	0.02340	0.03109	0.06748	0.41205	0.14817	0.03131	0.01407	0.00442	0.00817	0.02779	0.00991	0.01069
9	0.02702	0.29719	0.21421	0.02389	0.03639	0.03333	0.02655	0.03439	0.02405	0.03274	0.01869	0.02178	0.01533	0.01006	0.00892	0.00274	0.01329	0.00717	0.00534	0.14694
10	0.01746	0.01326	0.01624	0.01525	0.01854	0.01273	0.01151	0.02553	0.08116	0.04507	0.41745	0.08522	0.14912	0.02360	0.01352	0.00372	0.00593	0.02061	0.01247	0.01162
11	0.01732	0.01190	0.01750	0.01736	0.01912	0.01310	0.01310	0.01981	0.02013	0.02859	0.10175	0.04983	0.03948	0.06814	0.36349	0.14674	0.02300	0.01328	0.00699	0.00939
