[name]
unknown

[dist]
# distance from previous block
# <min> <max>
0	0

[block]
# block no. 0 follows, 14 sequences, length 52
# corresponding to MSA columns:
# 0-51
name=unknown_A
#
# <colnr> <probs for GDERKNQSTAVLIFYWHMCP>
#	G	D	E	R	K	N	Q	S	T	A	V	L	I	F	Y	W	H	M	C	P
0	0.01654	0.01181	0.01654	0.01890	0.02126	0.01181	0.01654	0.02126	0.02362	0.03071	0.05433	0.11576	0.05906	0.02835	0.01417	0.00472	0.00945	0.50626	0.00945	0.00945
1	0.04446	0.01782	0.02377	0.01846	0.02623	0.01589	0.01517	0.05036	0.07012	0.54076	0.04058	0.03519	0.02586	0.01280	0.01033	0.00320	0.00869	0.01042	0.01253	0.01737
2	0.03742	0.04472	0.02881	0.02571	0.03135	0.49450	0.01952	0.09449	0.07186	0.03064	0.01878	0.02068	0.01506	0.01102	0.00945	0.00275	0.01695	0.00727	0.00621	0.01282
3	0.02726	0.02105	0.03153	0.33732	0.05292	0.02385	0.06347	0.12352	0.07186	0.10829	0.02448	0.02882	0.01752	0.01113	0.01043	0.00334	0.01242	0.00974	0.00719	0.01387
4	0.02553	0.02204	0.02320	0.02088	0.02669	0.02553	0.01624	0.05453	0.55679	0.04293	0.04177	0.03829	0.03133	0.01392	0.01044	0.00348	0.00812	0.01160	0.01044	0.01624
5	0.02744	0.64552	0.05378	0.01756	0.02634	0.04061	0.01756	0.03073	0.02085	0.02414	0.01427	0.01646	0.01317	0.00878	0.00658	0.00219	0.01097	0.00549	0.00439	0.01317
6	0.02126	0.01858	0.02531	0.02711	0.16438	0.01579	0.01673	0.02626	0.02305	0.03469	0.10628	0.03115	0.02846	0.01012	0.00897	0.00218	0.00834	0.00885	0.00665	0.41582
7	0.01710	0.10547	0.16719	0.01878	0.02436	0.01707	0.01833	0.02184	0.02033	0.02749	0.03908	0.30770	0.04338	0.06655	0.01426	0.00413	0.00960	0.05939	0.00725	0.01070
8	0.04394	0.01700	0.02314	0.01790	0.02547	0.01472	0.01472	0.04796	0.02935	0.54625	0.07588	0.03772	0.03018	0.01325	0.01044	0.00318	0.00847	0.01087	0.01261	0.01694
9	0.02740	0.02069	0.03392	0.18559	0.30912	0.02144	0.02636	0.03310	0.02345	0.14060	0.02376	0.02868	0.01802	0.01424	0.04596	0.00398	0.01279	0.00948	0.00650	0.01488
10	0.03619	0.02707	0.02781	0.02245	0.02977	0.06913	0.01813	0.31618	0.18077	0.11764	0.03048	0.02907	0.02181	0.01267	0.01025	0.00317	0.01066	0.00981	0.01024	0.01673
11	0.01366	0.01046	0.01252	0.01200	0.01480	0.00931	0.00900	0.01769	0.02700	0.03629	0.40138	0.08465	0.26839	0.02279	0.01211	0.00331	0.00497	0.01968	0.01066	0.00931
12	0.02325	0.02404	0.03100	0.19232	0.03975	0.08845	0.02388	0.02683	0.01847	0.02517	0.01506	0.02342	0.01350	0.01502	0.02452	0.00400	0.38658	0.00877	0.00459	0.01135
13	0.71184	0.01985	0.01508	0.01350	0.01985	0.02302	0.01111	0.03017	0.01746	0.04604	0.01429	0.01667	0.01111	0.00953	0.00635	0.00318	0.00794	0.00556	0.00635	0.01111
14	0.02353	0.01995	0.02155	0.02005	0.02507	0.02276	0.01556	0.04797	0.46291	0.04031	0.04420	0.10609	0.03711	0.01685	0.01098	0.00364	0.00799	0.04827	0.01028	0.01494
15	0.03690	0.12758	0.03234	0.02527	0.03101	0.52463	0.01953	0.03963	0.02800	0.02499	0.01565	0.01824	0.01321	0.01034	0.00890	0.00258	0.01751	0.00646	0.00517	0.01206
16	0.02128	0.01824	0.02128	0.01520	0.02432	0.01368	0.01216	0.02584	0.02128	0.03344	0.01824	0.02128	0.01520	0.00760	0.00760	0.00152	0.00760	0.00608	0.00608	0.70208
17	0.02422	0.02768	0.06055	0.04325	0.05363	0.02595	0.53806	0.03287	0.02422	0.03287	0.02076	0.02768	0.01557	0.00865	0.01211	0.00346	0.01730	0.01211	0.00519	0.01384
18	0.03914	0.04561	0.02853	0.02558	0.03115	0.53698	0.01933	0.04193	0.02911	0.08358	0.01845	0.02023	0.01450	0.01080	0.00937	0.00270	0.01748	0.00700	0.00607	0.01248
19	0.01309	0.00965	0.01239	0.01435	0.01573	0.00895	0.01035	0.01549	0.02094	0.02719	0.06451	0.45578	0.15469	0.03046	0.01310	0.00413	0.00638	0.10472	0.00951	0.00857
20	0.01408	0.01063	0.01318	0.01351	0.01610	0.00973	0.01054	0.01801	0.02554	0.03387	0.28554	0.13168	0.22876	0.02483	0.01262	0.00368	0.00599	0.12224	0.01025	0.00923
21	0.02058	0.05308	0.58618	0.02925	0.04442	0.02383	0.03792	0.03250	0.02167	0.03250	0.01842	0.02167	0.01300	0.00975	0.00975	0.00325	0.01517	0.00758	0.00433	0.01517
22	0.02255	0.01920	0.02779	0.11104	0.20509	0.05654	0.02150	0.02737	0.02099	0.06776	0.02382	0.03200	0.02023	0.03743	0.25121	0.00859	0.01882	0.00982	0.00575	0.01251
23	0.01213	0.01040	0.01040	0.01040	0.01386	0.00866	0.00780	0.01473	0.02339	0.02772	0.10396	0.09876	0.57117	0.02599	0.01213	0.00347	0.00520	0.02166	0.00953	0.00866
24	0.02215	0.01785	0.01970	0.01772	0.02235	0.01940	0.01369	0.09688	0.27209	0.04265	0.18987	0.09157	0.09522	0.01787	0.01119	0.00341	0.00722	0.01522	0.01052	0.01344
25	0.01938	0.01824	0.03078	0.61468	0.07068	0.02280	0.02850	0.02622	0.02052	0.02622	0.01824	0.02736	0.01368	0.01026	0.01026	0.00342	0.01368	0.00912	0.00456	0.01140
26	0.02562	0.15652	0.04867	0.03414	0.07913	0.06906	0.26601	0.03441	0.07963	0.03145	0.02337	0.03146	0.01948	0.01071	0.01057	0.00319	0.01421	0.04280	0.00586	0.01370
27	0.02540	0.02438	0.04165	0.06299	0.57533	0.02438	0.03149	0.03149	0.02337	0.03353	0.01930	0.02540	0.01626	0.00914	0.01016	0.00305	0.01219	0.00914	0.00508	0.01626
28	0.01298	0.01043	0.01158	0.01129	0.01439	0.00903	0.00847	0.01638	0.02541	0.03251	0.27017	0.09088	0.40197	0.02420	0.01212	0.00338	0.00507	0.02055	0.01016	0.00903
29	0.01535	0.01219	0.01966	0.01842	0.02086	0.01377	0.05059	0.01937	0.01705	0.02447	0.02700	0.03941	0.02493	0.07205	0.55651	0.01556	0.02676	0.01108	0.00548	0.00950
30	0.03158	0.20123	0.13955	0.02530	0.03525	0.02699	0.12331	0.07070	0.02587	0.18692	0.02434	0.02533	0.01733	0.01026	0.00953	0.00297	0.01236	0.00877	0.00726	0.01515
31	0.03067	0.02340	0.02577	0.02189	0.02823	0.02594	0.01800	0.30118	0.18025	0.05171	0.03547	0.04737	0.02989	0.01610	0.01113	0.00353	0.01005	0.11381	0.01014	0.01545
32	0.01781	0.01434	0.01664	0.01564	0.01955	0.01429	0.01195	0.02855	0.17142	0.03627	0.19852	0.14765	0.12231	0.02039	0.01146	0.00339	0.00655	0.04959	0.00991	0.08379
33	0.01473	0.01074	0.01518	0.01518	0.01656	0.01212	0.01120	0.01749	0.01611	0.02285	0.02868	0.04694	0.02853	0.21576	0.46382	0.01488	0.02316	0.01196	0.00568	0.00844
34	0.01783	0.00891	0.01337	0.01337	0.01337	0.00891	0.00891	0.01337	0.01337	0.01783	0.01783	0.03119	0.01783	0.03565	0.04011	0.70143	0.00891	0.00891	0.00446	0.00446
35	0.02540	0.02438	0.04165	0.06299	0.57533	0.02438	0.03149	0.03149	0.02337	0.03353	0.01930	0.02540	0.01626	0.00914	0.01016	0.00305	0.01219	0.00914	0.00508	0.01626
36	0.02342	0.04516	0.43690	0.03105	0.04468	0.02351	0.13317	0.03404	0.02281	0.07869	0.02072	0.02395	0.01454	0.00978	0.01026	0.00328	0.01504	0.00869	0.00520	0.01510
37	0.02413	0.03188	0.19058	0.10650	0.30261	0.02502	0.03158	0.06432	0.02373	0.03394	0.01891	0.02432	0.01497	0.01022	0.01162	0.00324	0.05342	0.00870	0.00512	0.01519
38	0.01913	0.00956	0.00956	0.00956	0.01196	0.00956	0.00717	0.02391	0.02152	0.03826	0.03348	0.03826	0.02630	0.01196	0.00717	0.00239	0.00478	0.00956	0.69632	0.00956
39	0.01492	0.00995	0.01119	0.01119	0.01119	0.00995	0.00622	0.01492	0.01492	0.01990	0.03233	0.06716	0.03731	0.63935	0.05223	0.00995	0.00995	0.01492	0.00622	0.00622
40	0.38986	0.01869	0.01931	0.01580	0.02292	0.01918	0.01303	0.03976	0.02322	0.30544	0.02696	0.02550	0.01802	0.01106	0.00827	0.00318	0.00832	0.00786	0.00942	0.01418
41	0.01328	0.00953	0.01261	0.01376	0.01506	0.00886	0.00959	0.01625	0.02328	0.03198	0.25491	0.41783	0.07906	0.02783	0.01271	0.00380	0.00552	0.02507	0.01021	0.00886
42	0.03331	0.02591	0.02759	0.02246	0.02965	0.02916	0.01813	0.33546	0.26319	0.05548	0.03188	0.03041	0.02332	0.01300	0.01034	0.00325	0.00995	0.01024	0.01034	0.01694
43	0.04604	0.01746	0.02382	0.01826	0.02620	0.01508	0.01508	0.05001	0.02937	0.58244	0.04049	0.03493	0.02540	0.01270	0.01032	0.00318	0.00873	0.01032	0.01270	0.01746
44	0.02325	0.04935	0.52718	0.02810	0.04250	0.02291	0.03552	0.03434	0.02247	0.09019	0.02073	0.02306	0.01430	0.01006	0.00981	0.00324	0.01449	0.00787	0.00521	0.01541
45	0.07995	0.02024	0.02345	0.09025	0.03063	0.02236	0.01683	0.14269	0.19793	0.11428	0.03543	0.12108	0.02954	0.01539	0.01046	0.00343	0.00918	0.01283	0.00956	0.01451
46	0.01292	0.00923	0.01234	0.01448	0.01533	0.00866	0.00999	0.01512	0.02061	0.02761	0.09504	0.55741	0.06948	0.03106	0.01309	0.00413	0.00610	0.05921	0.00965	0.00851
47	0.01393	0.01027	0.01302	0.01275	0.01507	0.00937	0.00940	0.01806	0.02703	0.03734	0.43824	0.15281	0.15835	0.02314	0.01224	0.00338	0.00504	0.02038	0.01082	0.00937
48	0.02748	0.48137	0.15658	0.01992	0.02990	0.03538	0.02139	0.03253	0.02165	0.06779	0.01706	0.01888	0.01406	0.00927	0.00749	0.00248	0.01163	0.00626	0.00500	0.01389
49	0.01855	0.01614	0.02571	0.07725	0.24886	0.01614	0.01992	0.02287	0.02247	0.03117	0.10603	0.26691	0.04661	0.01967	0.01156	0.00353	0.00892	0.01812	0.00758	0.01198
50	0.10187	0.01766	0.02308	0.01786	0.02566	0.01575	0.01475	0.04835	0.02837	0.53746	0.03829	0.03340	0.02420	0.01244	0.00999	0.00318	0.00867	0.00992	0.01217	0.01693
51	0.01817	0.01222	0.01577	0.01504	0.01815	0.01179	0.01185	0.02496	0.07237	0.08017	0.39440	0.07723	0.07927	0.02107	0.01220	0.00351	0.00623	0.10381	0.01100	0.01078

[dist]
# distance from previous block
# <min> <max>
0	1

[block]
# block no. 1 follows, 14 sequences, length 77
# corresponding to MSA columns:
# 53-129
name=unknown_B
#
# <colnr> <probs for GDERKNQSTAVLIFYWHMCP>
#	G	D	E	R	K	N	Q	S	T	A	V	L	I	F	Y	W	H	M	C	P
0	0.02563	0.28919	0.21832	0.02371	0.03367	0.11018	0.05429	0.03202	0.02307	0.02872	0.05715	0.02351	0.01943	0.01023	0.00870	0.00275	0.01329	0.00767	0.00505	0.01341
1	0.01248	0.00903	0.01181	0.01403	0.01482	0.00836	0.00941	0.01432	0.01990	0.02630	0.05973	0.59697	0.10151	0.03174	0.01303	0.00412	0.00590	0.02867	0.00953	0.00836
2	0.02333	0.02192	0.03528	0.24864	0.32289	0.02399	0.02831	0.03290	0.09744	0.03231	0.02210	0.02789	0.01748	0.01020	0.01023	0.00324	0.01214	0.00948	0.00565	0.01457
3	0.02940	0.02473	0.10309	0.02276	0.03020	0.02171	0.05749	0.16275	0.07866	0.14584	0.02888	0.03165	0.02159	0.02813	0.15788	0.00655	0.01553	0.01010	0.00837	0.01468
4	0.01713	0.01087	0.01362	0.01267	0.01537	0.01002	0.00942	0.02134	0.02679	0.07804	0.40237	0.07085	0.11515	0.07060	0.01480	0.00371	0.00557	0.01704	0.07473	0.00989
5	0.71184	0.01985	0.01508	0.01350	0.01985	0.02302	0.01111	0.03017	0.01746	0.04604	0.01429	0.01667	0.01111	0.00953	0.00635	0.00318	0.00794	0.00556	0.00635	0.01111
6	0.71184	0.01985	0.01508	0.01350	0.01985	0.02302	0.01111	0.03017	0.01746	0.04604	0.01429	0.01667	0.01111	0.00953	0.00635	0.00318	0.00794	0.00556	0.00635	0.01111
7	0.01738	0.01368	0.01637	0.01688	0.02013	0.01409	0.01362	0.02739	0.15421	0.03358	0.10296	0.13862	0.15135	0.02413	0.01261	0.00401	0.00763	0.21060	0.00987	0.01088
8	0.01656	0.01301	0.01949	0.01782	0.01988	0.01478	0.04736	0.02010	0.01792	0.02636	0.05826	0.04305	0.02943	0.13070	0.33961	0.01143	0.08298	0.01168	0.07022	0.00937
9	0.64975	0.01962	0.01590	0.01394	0.02044	0.02228	0.01148	0.03202	0.01857	0.09606	0.01673	0.01837	0.01245	0.00982	0.00672	0.00318	0.00801	0.00600	0.00694	0.01171
10	0.38465	0.03102	0.18655	0.02199	0.03147	0.02428	0.07457	0.07302	0.02191	0.04227	0.01701	0.01992	0.01265	0.00973	0.00826	0.00322	0.01128	0.00713	0.00597	0.01309
11	0.02701	0.02769	0.03503	0.02930	0.08487	0.12778	0.14476	0.07315	0.02586	0.03432	0.01904	0.02299	0.01521	0.00894	0.00947	0.00247	0.01273	0.00820	0.00596	0.28521
12	0.03040	0.03160	0.03710	0.14112	0.04364	0.20930	0.14828	0.07632	0.02662	0.06919	0.01972	0.02444	0.01510	0.01102	0.01258	0.00324	0.07217	0.00913	0.00598	0.01306
13	0.02648	0.02190	0.03654	0.20044	0.37393	0.02278	0.02861	0.03250	0.02340	0.10203	0.02174	0.02713	0.01676	0.00989	0.01021	0.00316	0.01213	0.00929	0.00592	0.01515
14	0.03022	0.01796	0.02220	0.01630	0.02500	0.01419	0.01322	0.03457	0.02420	0.23167	0.02627	0.02621	0.01888	0.00944	0.00858	0.00212	0.00801	0.00761	0.00847	0.45488
15	0.03076	0.02464	0.02615	0.02194	0.02868	0.02797	0.01751	0.24330	0.35951	0.05136	0.03512	0.03299	0.02594	0.01330	0.01037	0.00333	0.00935	0.01069	0.01037	0.01671
16	0.02257	0.16302	0.33575	0.02750	0.03814	0.02878	0.06723	0.03068	0.02055	0.02937	0.01681	0.02122	0.01331	0.01105	0.01389	0.00329	0.13073	0.00776	0.00444	0.01392
17	0.01492	0.00995	0.01119	0.01119	0.01119	0.00995	0.00622	0.01492	0.01492	0.01990	0.03233	0.06716	0.03731	0.63935	0.05223	0.00995	0.00995	0.01492	0.00622	0.00622
18	0.01291	0.00946	0.01218	0.01398	0.01524	0.00874	0.00981	0.01526	0.02120	0.02792	0.10373	0.47804	0.13818	0.03015	0.01297	0.00404	0.00602	0.06195	0.00966	0.00857
19	0.02100	0.01011	0.01056	0.01017	0.01295	0.00995	0.00772	0.02573	0.02207	0.07610	0.03396	0.03803	0.02624	0.01201	0.00739	0.00245	0.00506	0.00962	0.64878	0.01011
20	0.01250	0.00893	0.01191	0.01429	0.01488	0.00834	0.00953	0.01429	0.01965	0.02620	0.05656	0.63265	0.06787	0.03215	0.01310	0.00417	0.00595	0.02917	0.00953	0.00834
21	0.02239	0.01493	0.01709	0.01588	0.02040	0.01484	0.01236	0.03287	0.17723	0.13101	0.06565	0.13350	0.22296	0.02105	0.01158	0.00359	0.00706	0.05282	0.01035	0.01243
22	0.01250	0.00893	0.01191	0.01429	0.01488	0.00834	0.00953	0.01429	0.01965	0.02620	0.05656	0.63265	0.06787	0.03215	0.01310	0.00417	0.00595	0.02917	0.00953	0.00834
23	0.02540	0.02438	0.04165	0.06299	0.57533	0.02438	0.03149	0.03149	0.02337	0.03353	0.01930	0.02540	0.01626	0.00914	0.01016	0.00305	0.01219	0.00914	0.00508	0.01626
24	0.01500	0.01071	0.01477	0.01714	0.01882	0.01048	0.01386	0.01860	0.02210	0.02899	0.05519	0.31332	0.06243	0.02980	0.01376	0.00451	0.00811	0.32392	0.00948	0.00902
25	0.01250	0.00893	0.01191	0.01429	0.01488	0.00834	0.00953	0.01429	0.01965	0.02620	0.05656	0.63265	0.06787	0.03215	0.01310	0.00417	0.00595	0.02917	0.00953	0.00834
26	0.02422	0.02768	0.06055	0.04325	0.05363	0.02595	0.53806	0.03287	0.02422	0.03287	0.02076	0.02768	0.01557	0.00865	0.01211	0.00346	0.01730	0.01211	0.00519	0.01384
27	0.01216	0.01029	0.01051	0.01068	0.01394	0.00864	0.00792	0.01470	0.02312	0.02761	0.10052	0.13754	0.53462	0.02644	0.01220	0.00352	0.00525	0.02220	0.00953	0.00864
28	0.02811	0.02586	0.05400	0.03880	0.04874	0.02401	0.44484	0.03593	0.02514	0.13084	0.02428	0.02897	0.01732	0.00937	0.01179	0.00341	0.01577	0.01179	0.00653	0.01449
29	0.02128	0.01824	0.02128	0.01520	0.02432	0.01368	0.01216	0.02584	0.02128	0.03344	0.01824	0.02128	0.01520	0.00760	0.00760	0.00152	0.00760	0.00608	0.00608	0.70208
30	0.02512	0.33243	0.29500	0.02331	0.03496	0.03235	0.02698	0.06703	0.02313	0.03077	0.01688	0.01940	0.01339	0.00947	0.00828	0.00274	0.01291	0.00670	0.00477	0.01438
31	0.02350	0.02192	0.03557	0.15328	0.38931	0.02306	0.02753	0.03138	0.07193	0.03202	0.02225	0.03027	0.01888	0.05995	0.01355	0.00370	0.01190	0.00983	0.00558	0.01459
32	0.09472	0.22123	0.37234	0.02422	0.03661	0.02861	0.02922	0.03174	0.02099	0.03149	0.01678	0.01964	0.01285	0.00945	0.00848	0.00294	0.01320	0.00676	0.00456	0.01416
33	0.01274	0.01042	0.01125	0.01104	0.01424	0.00892	0.00828	0.01591	0.02484	0.03116	0.22321	0.09310	0.44978	0.02471	0.01212	0.00340	0.00511	0.02086	0.00998	0.00892
34	0.01357	0.01045	0.01239	0.01191	0.01475	0.00928	0.00893	0.01752	0.02679	0.03580	0.38431	0.08546	0.28578	0.02298	0.01211	0.00332	0.00498	0.01979	0.01059	0.00928
35	0.01314	0.00986	0.01219	0.01283	0.01479	0.00890	0.00916	0.01624	0.02397	0.03199	0.25422	0.29981	0.20223	0.02659	0.01250	0.00365	0.00536	0.02348	0.01017	0.00890
36	0.02058	0.05308	0.58618	0.02925	0.04442	0.02383	0.03792	0.03250	0.02167	0.03250	0.01842	0.02167	0.01300	0.00975	0.00975	0.00325	0.01517	0.00758	0.00433	0.01517
37	0.01469	0.01005	0.01216	0.01235	0.01271	0.01032	0.00762	0.01546	0.01557	0.02108	0.03343	0.10755	0.03773	0.49415	0.14324	0.01062	0.01265	0.01538	0.00636	0.00689
38	0.01238	0.01041	0.01074	0.01066	0.01401	0.00877	0.00799	0.01521	0.02398	0.02912	0.15259	0.09645	0.52166	0.02547	0.01213	0.00344	0.00516	0.02133	0.00971	0.00877
39	0.02430	0.02303	0.03793	0.16056	0.43133	0.02420	0.02952	0.03267	0.07259	0.03306	0.02120	0.02696	0.01719	0.00979	0.01020	0.00316	0.01209	0.00937	0.00548	0.01536
40	0.03753	0.09288	0.03090	0.02578	0.03133	0.55706	0.01966	0.04022	0.02847	0.02504	0.01574	0.01836	0.01322	0.01044	0.00906	0.00261	0.01795	0.00653	0.00522	0.01199
41	0.02202	0.17754	0.47433	0.02679	0.04062	0.02736	0.03364	0.03213	0.02150	0.03074	0.01754	0.02057	0.01304	0.00955	0.00908	0.00303	0.01429	0.00714	0.00435	0.01475
42	0.02982	0.54360	0.04926	0.01844	0.02683	0.09072	0.01759	0.03311	0.02225	0.06538	0.01635	0.01801	0.01408	0.00924	0.00711	0.00231	0.01151	0.00595	0.00509	0.01337
43	0.01733	0.01357	0.01751	0.01626	0.01674	0.01635	0.01183	0.01891	0.01592	0.02334	0.02643	0.04822	0.02798	0.32888	0.12654	0.00880	0.18261	0.01223	0.06221	0.00834
44	0.02540	0.02438	0.04165	0.06299	0.57533	0.02438	0.03149	0.03149	0.02337	0.03353	0.01930	0.02540	0.01626	0.00914	0.01016	0.00305	0.01219	0.00914	0.00508	0.01626
45	0.01466	0.01100	0.01649	0.01649	0.01833	0.01283	0.01283	0.01833	0.01649	0.02382	0.02749	0.04032	0.02566	0.07697	0.59868	0.01649	0.02749	0.01100	0.00550	0.00916
46	0.01599	0.01051	0.01358	0.01350	0.01586	0.00956	0.00986	0.01960	0.02559	0.07519	0.32592	0.25047	0.12668	0.02435	0.01229	0.00354	0.00551	0.02158	0.01068	0.00974
47	0.01938	0.01824	0.03078	0.61468	0.07068	0.02280	0.02850	0.02622	0.02052	0.02622	0.01824	0.02736	0.01368	0.01026	0.01026	0.00342	0.01368	0.00912	0.00456	0.01140
48	0.01245	0.00916	0.01167	0.01369	0.01473	0.00839	0.00926	0.01436	0.02023	0.02643	0.06389	0.55010	0.14570	0.03120	0.01295	0.00406	0.00584	0.02801	0.00953	0.00839
49	0.01250	0.00893	0.01191	0.01429	0.01488	0.00834	0.00953	0.01429	0.01965	0.02620	0.05656	0.63265	0.06787	0.03215	0.01310	0.00417	0.00595	0.02917	0.00953	0.00834
50	0.71184	0.01985	0.01508	0.01350	0.01985	0.02302	0.01111	0.03017	0.01746	0.04604	0.01429	0.01667	0.01111	0.00953	0.00635	0.00318	0.00794	0.00556	0.00635	0.01111
51	0.04604	0.01746	0.02382	0.01826	0.02620	0.01508	0.01508	0.05001	0.02937	0.58244	0.04049	0.03493	0.02540	0.01270	0.01032	0.00318	0.00873	0.01032	0.01270	0.01746
52	0.01492	0.00995	0.01119	0.01119	0.01119	0.00995	0.00622	0.01492	0.01492	0.01990	0.03233	0.06716	0.03731	0.63935	0.05223	0.00995	0.00995	0.01492	0.00622	0.00622
53	0.01466	0.01100	0.01649	0.01649	0.01833	0.01283	0.01283	0.01833	0.01649	0.02382	0.02749	0.04032	0.02566	0.07697	0.59868	0.01649	0.02749	0.01100	0.00550	0.00916
54	0.01376	0.00983	0.01336	0.01573	0.01688	0.00942	0.01172	0.01647	0.02089	0.02761	0.05586	0.47098	0.06512	0.03096	0.01343	0.00434	0.00705	0.17839	0.00950	0.00868
55	0.01938	0.01824	0.03078	0.61468	0.07068	0.02280	0.02850	0.02622	0.02052	0.02622	0.01824	0.02736	0.01368	0.01026	0.01026	0.00342	0.01368	0.00912	0.00456	0.01140
56	0.01250	0.00893	0.01191	0.01429	0.01488	0.00834	0.00953	0.01429	0.01965	0.02620	0.05656	0.63265	0.06787	0.03215	0.01310	0.00417	0.00595	0.02917	0.00953	0.00834
57	0.01452	0.01049	0.01372	0.01291	0.01533	0.00968	0.00968	0.01937	0.02905	0.04115	0.56992	0.07666	0.09683	0.02098	0.01210	0.00323	0.00484	0.01856	0.01130	0.00968
58	0.64234	0.01960	0.01599	0.01399	0.02051	0.02219	0.01153	0.03224	0.01871	0.10203	0.01702	0.01858	0.01261	0.00986	0.00677	0.00318	0.00802	0.00605	0.00701	0.01178
59	0.02321	0.02299	0.03505	0.34844	0.27158	0.06595	0.02907	0.02944	0.02230	0.02909	0.01849	0.02591	0.01469	0.00983	0.01014	0.00321	0.01344	0.00894	0.00482	0.01340
60	0.02601	0.01982	0.02297	0.01675	0.02564	0.01662	0.01354	0.10809	0.02613	0.08201	0.02101	0.02289	0.01636	0.00874	0.00823	0.00189	0.00827	0.00691	0.00726	0.54087
61	0.02048	0.01226	0.01554	0.01525	0.01799	0.01182	0.01102	0.02606	0.08270	0.12921	0.13576	0.32037	0.05854	0.07457	0.01535	0.00423	0.00683	0.02090	0.01022	0.01090
62	0.02397	0.34627	0.32270	0.02346	0.03547	0.03213	0.02784	0.03162	0.02126	0.02836	0.01636	0.01909	0.01308	0.00927	0.00818	0.00273	0.01309	0.00655	0.00436	0.01418
63	0.01427	0.01048	0.01337	0.01265	0.01518	0.00958	0.00949	0.01888	0.02846	0.03975	0.52128	0.07896	0.14634	0.02150	0.01211	0.00325	0.00488	0.01888	0.01111	0.00958
64	0.01466	0.01100	0.01649	0.01649	0.01833	0.01283	0.01283	0.01833	0.01649	0.02382	0.02749	0.04032	0.02566	0.07697	0.59868	0.01649	0.02749	0.01100	0.00550	0.00916
65	0.02552	0.02406	0.04710	0.16643	0.05243	0.02408	0.32818	0.03490	0.06632	0.08955	0.02393	0.02921	0.01743	0.00985	0.01138	0.00342	0.01487	0.01122	0.00625	0.01387
66	0.01562	0.01198	0.01682	0.01677	0.01892	0.01378	0.01291	0.02177	0.07315	0.02601	0.03136	0.08867	0.02971	0.06671	0.48926	0.01412	0.02370	0.01255	0.00634	0.00983
67	0.01282	0.00916	0.01228	0.01466	0.01539	0.00861	0.01008	0.01484	0.01996	0.02656	0.05638	0.59151	0.06717	0.03185	0.01318	0.00421	0.00623	0.06715	0.00952	0.00842
68	0.02058	0.05308	0.58618	0.02925	0.04442	0.02383	0.03792	0.03250	0.02167	0.03250	0.01842	0.02167	0.01300	0.00975	0.00975	0.00325	0.01517	0.00758	0.00433	0.01517
69	0.02128	0.01824	0.02128	0.01520	0.02432	0.01368	0.01216	0.02584	0.02128	0.03344	0.01824	0.02128	0.01520	0.00760	0.00760	0.00152	0.00760	0.00608	0.00608	0.70208
70	0.01250	0.00893	0.01191	0.01429	0.01488	0.00834	0.00953	0.01429	0.01965	0.02620	0.05656	0.63265	0.06787	0.03215	0.01310	0.00417	0.00595	0.02917	0.00953	0.00834
71	0.01366	0.01003	0.01436	0.01547	0.01672	0.01074	0.01129	0.01645	0.01796	0.02493	0.04102	0.31602	0.04531	0.05611	0.32612	0.01076	0.01746	0.01946	0.00737	0.00878
72	0.03131	0.03792	0.02471	0.02325	0.02734	0.43364	0.01726	0.03389	0.02615	0.02520	0.02453	0.13500	0.02456	0.02079	0.06493	0.00422	0.01700	0.01122	0.00610	0.01098
73	0.02744	0.64552	0.05378	0.01756	0.02634	0.04061	0.01756	0.03073	0.02085	0.02414	0.01427	0.01646	0.01317	0.00878	0.00658	0.00219	0.01097	0.00549	0.00439	0.01317
74	0.01724	0.01269	0.01717	0.01642	0.01864	0.01437	0.01251	0.07237	0.01957	0.02749	0.02793	0.04279	0.02659	0.15643	0.45349	0.01409	0.02311	0.01141	0.00611	0.00958
75	0.01938	0.01824	0.03078	0.61468	0.07068	0.02280	0.02850	0.02622	0.02052	0.02622	0.01824	0.02736	0.01368	0.01026	0.01026	0.00342	0.01368	0.00912	0.00456	0.01140
76	0.02421	0.02317	0.03950	0.17202	0.47560	0.02407	0.03090	0.03045	0.02280	0.03208	0.01909	0.02579	0.01575	0.00936	0.01018	0.00312	0.01249	0.00914	0.00498	0.01530

[dist]
# distance from previous block
# <min> <max>
0	2

[block]
# block no. 2 follows, 14 sequences, length 60
# corresponding to MSA columns:
# 132-191
name=unknown_C
#
# <colnr> <probs for GDERKNQSTAVLIFYWHMCP>
#	G	D	E	R	K	N	Q	S	T	A	V	L	I	F	Y	W	H	M	C	P
0	0.01388	0.01046	0.01282	0.01223	0.01494	0.00941	0.00918	0.01812	0.02753	0.03754	0.44467	0.08260	0.22433	0.02233	0.01211	0.00329	0.00494	0.01939	0.01082	0.00941
1	0.01938	0.01824	0.03078	0.61468	0.07068	0.02280	0.02850	0.02622	0.02052	0.02622	0.01824	0.02736	0.01368	0.01026	0.01026	0.00342	0.01368	0.00912	0.00456	0.01140
2	0.01528	0.01262	0.01803	0.11982	0.02640	0.01418	0.01455	0.01887	0.02030	0.02746	0.10503	0.20595	0.11157	0.03499	0.14539	0.00663	0.06832	0.01757	0.00750	0.00952
3	0.02139	0.02156	0.04035	0.39432	0.11972	0.02386	0.17282	0.02866	0.02187	0.02888	0.01907	0.02724	0.01449	0.00969	0.01077	0.00339	0.01454	0.00997	0.00479	0.01261
4	0.02846	0.08580	0.09158	0.02182	0.02845	0.16744	0.01887	0.06923	0.17132	0.06681	0.07528	0.07351	0.03006	0.01386	0.01003	0.00312	0.01159	0.01096	0.00803	0.01378
5	0.02669	0.01924	0.02448	0.09198	0.07628	0.02007	0.01732	0.19036	0.03047	0.08839	0.06292	0.15533	0.03348	0.05202	0.01317	0.00364	0.00963	0.01403	0.00875	0.06179
6	0.02679	0.19876	0.14072	0.09073	0.07308	0.02794	0.10079	0.07581	0.02487	0.08100	0.02206	0.02841	0.01764	0.01081	0.00964	0.00305	0.01278	0.03485	0.00607	0.01418
7	0.71184	0.01985	0.01508	0.01350	0.01985	0.02302	0.01111	0.03017	0.01746	0.04604	0.01429	0.01667	0.01111	0.00953	0.00635	0.00318	0.00794	0.00556	0.00635	0.01111
8	0.12851	0.02505	0.02740	0.11396	0.12560	0.12455	0.02027	0.06867	0.02578	0.10410	0.07926	0.02963	0.02426	0.01206	0.01106	0.00317	0.04689	0.00932	0.00717	0.01327
9	0.01671	0.01202	0.01729	0.01538	0.01731	0.01216	0.06637	0.01925	0.01750	0.02557	0.03040	0.05241	0.03069	0.34789	0.13738	0.00895	0.01292	0.01288	0.13868	0.00823
10	0.02992	0.03136	0.24474	0.02247	0.03231	0.01919	0.02393	0.08127	0.02763	0.22339	0.09399	0.03842	0.03023	0.01339	0.01053	0.00329	0.01108	0.03886	0.00883	0.01517
11	0.01272	0.00910	0.01210	0.01414	0.01493	0.00848	0.00954	0.01483	0.02065	0.02779	0.11135	0.57331	0.07096	0.03096	0.01299	0.00407	0.00584	0.02804	0.00972	0.00848
12	0.10245	0.02124	0.02425	0.02424	0.08379	0.02361	0.01731	0.13632	0.24533	0.04311	0.03207	0.03838	0.02617	0.01587	0.01289	0.06523	0.00934	0.05539	0.00876	0.01424
13	0.02223	0.02170	0.02979	0.02577	0.02638	0.02976	0.02132	0.02685	0.06207	0.02620	0.01677	0.02493	0.01576	0.02132	0.06720	0.00516	0.53088	0.00933	0.00506	0.01153
14	0.01484	0.01070	0.01416	0.01385	0.01626	0.01002	0.01076	0.01966	0.02820	0.03951	0.48901	0.08279	0.09090	0.02214	0.01243	0.00346	0.00556	0.09509	0.01101	0.00965
15	0.02744	0.64552	0.05378	0.01756	0.02634	0.04061	0.01756	0.03073	0.02085	0.02414	0.01427	0.01646	0.01317	0.00878	0.00658	0.00219	0.01097	0.00549	0.00439	0.01317
16	0.02629	0.04382	0.43214	0.02776	0.04107	0.02208	0.06443	0.03629	0.02348	0.15086	0.02331	0.02490	0.01583	0.01032	0.01002	0.00325	0.01392	0.00846	0.00619	0.01558
17	0.01693	0.01069	0.01338	0.01338	0.01527	0.01001	0.00942	0.01940	0.02200	0.07766	0.17654	0.19561	0.10513	0.20581	0.02413	0.00553	0.00729	0.05360	0.00926	0.00895
18	0.01385	0.01046	0.01278	0.01220	0.01492	0.00939	0.00915	0.01805	0.02745	0.03735	0.43816	0.08291	0.23095	0.02240	0.01211	0.00329	0.00494	0.01944	0.01080	0.00939
19	0.03094	0.45528	0.04614	0.02010	0.02805	0.16466	0.01825	0.07988	0.02521	0.02808	0.01558	0.01767	0.01357	0.00951	0.00752	0.00238	0.01269	0.00608	0.00513	0.01328
20	0.03326	0.28867	0.08832	0.02203	0.03084	0.09584	0.06395	0.03788	0.02466	0.18811	0.02300	0.02349	0.01693	0.01020	0.00873	0.00273	0.01211	0.00778	0.00698	0.01450
21	0.01456	0.01040	0.01427	0.01664	0.01814	0.01011	0.01310	0.01785	0.02168	0.02850	0.05543	0.36896	0.06338	0.03021	0.01365	0.00445	0.00774	0.27255	0.00949	0.00890
22	0.01250	0.00893	0.01191	0.01429	0.01488	0.00834	0.00953	0.01429	0.01965	0.02620	0.05656	0.63265	0.06787	0.03215	0.01310	0.00417	0.00595	0.02917	0.00953	0.00834
23	0.02338	0.01942	0.02421	0.16840	0.03586	0.02294	0.01869	0.08241	0.24267	0.03748	0.03062	0.03361	0.02363	0.01835	0.06234	0.00450	0.04623	0.01035	0.08138	0.01352
24	0.02565	0.02381	0.03903	0.14490	0.45018	0.02478	0.02999	0.07484	0.02508	0.03510	0.01960	0.02564	0.01596	0.00959	0.01018	0.00311	0.01234	0.00915	0.00545	0.01561
25	0.02624	0.54173	0.14705	0.01961	0.02951	0.03767	0.02113	0.03104	0.02099	0.02561	0.01499	0.01737	0.01314	0.00895	0.00714	0.00238	0.01171	0.00585	0.00438	0.01352
26	0.02057	0.01984	0.02075	0.13672	0.03028	0.13031	0.01641	0.02404	0.02031	0.02456	0.02748	0.04778	0.02712	0.16071	0.18340	0.00841	0.01723	0.06862	0.00588	0.00958
27	0.01471	0.00969	0.01182	0.01281	0.01377	0.00939	0.00864	0.01686	0.01955	0.02764	0.09077	0.28033	0.05400	0.21963	0.02456	0.00569	0.00719	0.05435	0.11057	0.00805
28	0.01659	0.00989	0.01101	0.01101	0.01213	0.01005	0.00719	0.01883	0.01771	0.02761	0.03236	0.05318	0.03186	0.33777	0.08252	0.00750	0.00943	0.01243	0.28312	0.00782
29	0.06658	0.57649	0.04993	0.01750	0.02598	0.03880	0.01712	0.03196	0.04916	0.02640	0.01573	0.01763	0.01402	0.00910	0.00678	0.00232	0.01065	0.00582	0.00482	0.01322
30	0.01308	0.01043	0.01172	0.01140	0.01445	0.00907	0.00855	0.01658	0.02565	0.03308	0.28994	0.08994	0.38184	0.02399	0.01212	0.00337	0.00506	0.02042	0.01023	0.00907
31	0.04085	0.01802	0.02334	0.01833	0.02558	0.01665	0.01498	0.09209	0.06161	0.44589	0.09561	0.03863	0.03264	0.01362	0.01051	0.00319	0.00852	0.01117	0.01220	0.01656
32	0.01285	0.00918	0.01231	0.01469	0.01544	0.00864	0.01013	0.01489	0.01999	0.02659	0.05637	0.58786	0.06711	0.03182	0.01319	0.00422	0.00626	0.07052	0.00952	0.00843
33	0.02128	0.01824	0.02128	0.01520	0.02432	0.01368	0.01216	0.02584	0.02128	0.03344	0.01824	0.02128	0.01520	0.00760	0.00760	0.00152	0.00760	0.00608	0.00608	0.70208
34	0.01956	0.01849	0.03082	0.57981	0.06808	0.02331	0.02814	0.02613	0.02023	0.02613	0.01796	0.02707	0.01367	0.01072	0.01165	0.00348	0.04969	0.00911	0.00456	0.01139
35	0.01286	0.00977	0.01185	0.01270	0.01466	0.00876	0.00900	0.01564	0.02309	0.03025	0.19391	0.32803	0.23731	0.02750	0.01255	0.00372	0.00545	0.02422	0.00995	0.00876
36	0.02416	0.01886	0.02184	0.01649	0.02491	0.01594	0.01315	0.03308	0.11855	0.08213	0.02439	0.02552	0.01898	0.00918	0.00835	0.00202	0.00779	0.00744	0.00743	0.51981
37	0.03129	0.02503	0.02991	0.09195	0.11767	0.10682	0.02132	0.06656	0.02506	0.15858	0.02261	0.02578	0.01705	0.01220	0.01477	0.00323	0.13918	0.00874	0.00711	0.07512
38	0.01938	0.01824	0.03078	0.61468	0.07068	0.02280	0.02850	0.02622	0.02052	0.02622	0.01824	0.02736	0.01368	0.01026	0.01026	0.00342	0.01368	0.00912	0.00456	0.01140
39	0.01884	0.01712	0.02770	0.02475	0.06089	0.01716	0.12314	0.02446	0.05168	0.03026	0.07858	0.18104	0.03842	0.07467	0.05369	0.00484	0.06502	0.01581	0.00720	0.08472
40	0.02719	0.01727	0.02034	0.01795	0.02310	0.01800	0.01396	0.04234	0.26432	0.17677	0.15334	0.10004	0.04690	0.01677	0.01100	0.00341	0.00739	0.01435	0.01111	0.01445
41	0.01309	0.00935	0.01258	0.01496	0.01582	0.00884	0.01055	0.01531	0.02023	0.02686	0.05624	0.55719	0.06659	0.03160	0.01326	0.00425	0.00646	0.09882	0.00951	0.00850
42	0.02058	0.05308	0.58618	0.02925	0.04442	0.02383	0.03792	0.03250	0.02167	0.03250	0.01842	0.02167	0.01300	0.00975	0.00975	0.00325	0.01517	0.00758	0.00433	0.01517
43	0.14232	0.02868	0.11126	0.10923	0.10107	0.09643	0.02246	0.03779	0.07268	0.14550	0.02411	0.02590	0.01740	0.01080	0.00943	0.00316	0.01190	0.00845	0.00717	0.01425
44	0.03316	0.01859	0.02234	0.01892	0.02488	0.01884	0.01492	0.12326	0.15354	0.25734	0.04155	0.15788	0.03430	0.01695	0.01092	0.00344	0.00843	0.01435	0.01112	0.01529
45	0.56552	0.02106	0.01878	0.01828	0.06031	0.02402	0.01357	0.07595	0.05180	0.04660	0.01713	0.01923	0.01320	0.01000	0.00719	0.00318	0.00854	0.00648	0.00684	0.01232
46	0.02731	0.07879	0.04559	0.03198	0.03978	0.02510	0.28535	0.06280	0.02478	0.11139	0.02557	0.07942	0.02119	0.01249	0.01364	0.00346	0.07855	0.01224	0.00680	0.01376
47	0.01250	0.00893	0.01191	0.01429	0.01488	0.00834	0.00953	0.01429	0.01965	0.02620	0.05656	0.63265	0.06787	0.03215	0.01310	0.00417	0.00595	0.02917	0.00953	0.00834
48	0.02175	0.15702	0.34077	0.02555	0.03730	0.02498	0.06090	0.03040	0.02185	0.03082	0.02159	0.03106	0.01830	0.01129	0.00958	0.00307	0.01322	0.06055	0.00510	0.07490
49	0.02122	0.02122	0.06962	0.01640	0.02604	0.01455	0.01436	0.02641	0.02131	0.03336	0.01825	0.02131	0.01501	0.00778	0.00778	0.00167	0.00825	0.00621	0.00593	0.64330
50	0.02002	0.01890	0.03194	0.55581	0.12454	0.02297	0.02882	0.02678	0.02082	0.02700	0.01835	0.02715	0.01395	0.01014	0.01025	0.00338	0.01352	0.00912	0.00462	0.01192
51	0.01681	0.01646	0.06641	0.01862	0.06631	0.01351	0.01401	0.02415	0.08138	0.03505	0.20903	0.10470	0.19248	0.01950	0.01118	0.00329	0.00690	0.01678	0.07236	0.01106
52	0.17259	0.02698	0.02768	0.02160	0.02945	0.03008	0.01784	0.43967	0.04214	0.06098	0.02258	0.02306	0.01619	0.01176	0.00949	0.00310	0.01063	0.00851	0.00949	0.01619
53	0.02113	0.01312	0.01787	0.07841	0.02395	0.01229	0.01287	0.02575	0.02670	0.13491	0.32308	0.10657	0.06541	0.01812	0.01127	0.00317	0.00682	0.01587	0.01022	0.07245
54	0.01609	0.01248	0.04893	0.01559	0.01777	0.00992	0.01181	0.01871	0.02067	0.07766	0.05270	0.53955	0.06054	0.02896	0.01263	0.00402	0.00679	0.02609	0.00949	0.00960
55	0.02348	0.32179	0.20337	0.06015	0.03575	0.03050	0.06949	0.03011	0.02212	0.02903	0.06731	0.02517	0.02105	0.01026	0.00873	0.00278	0.01235	0.00811	0.00509	0.01338
56	0.02345	0.14518	0.30872	0.02743	0.08451	0.02465	0.02784	0.03269	0.05375	0.06972	0.02478	0.08822	0.02114	0.01237	0.00967	0.00315	0.01231	0.01009	0.00592	0.01441
57	0.02056	0.16304	0.32879	0.06019	0.03612	0.02428	0.02719	0.02820	0.02052	0.02848	0.02255	0.08191	0.02071	0.07883	0.01398	0.00384	0.01282	0.01002	0.00504	0.01294
58	0.02028	0.05227	0.01848	0.06924	0.02142	0.07589	0.01152	0.02248	0.02073	0.06001	0.11078	0.05656	0.06996	0.31362	0.03039	0.00635	0.01017	0.01359	0.00719	0.00905
59	0.08680	0.23678	0.17284	0.02820	0.12163	0.06246	0.02411	0.03408	0.02265	0.09435	0.01925	0.02149	0.01488	0.00970	0.00852	0.00282	0.01212	0.00724	0.00567	0.01441

[dist]
# distance from previous block
# <min> <max>
0	543

# created by:
# /st0/software/busco_prod/Augustus/scripts/msa2prfl.pl ./align_prep/6290.fa
