[name]
unknown

[dist]
# distance from previous block
# <min> <max>
30	228

[block]
# block no. 0 follows, 12 sequences, length 35
# corresponding to MSA columns:
# 281-315
name=unknown_A
#
# <colnr> <probs for GDERKNQSTAVLIFYWHMCP>
#	G	D	E	R	K	N	Q	S	T	A	V	L	I	F	Y	W	H	M	C	P
0	0.26828	0.02659	0.13669	0.01846	0.02698	0.01976	0.01798	0.02865	0.01992	0.03768	0.01781	0.02252	0.01447	0.01391	0.01340	0.10738	0.01018	0.00707	0.00589	0.18637
1	0.41258	0.03169	0.02266	0.01988	0.02654	0.19282	0.01575	0.09609	0.02644	0.04464	0.01708	0.01937	0.01334	0.01084	0.00821	0.00319	0.01231	0.00674	0.00693	0.01291
2	0.01693	0.01366	0.01702	0.10275	0.02614	0.01371	0.01344	0.06248	0.02609	0.03331	0.10551	0.22435	0.25351	0.02517	0.01269	0.00383	0.00769	0.02175	0.00952	0.01047
3	0.08306	0.01953	0.02202	0.01599	0.02541	0.01543	0.01282	0.02787	0.02224	0.03674	0.01900	0.02217	0.01576	0.00826	0.00796	0.00177	0.00811	0.00641	0.00649	0.62298
4	0.02839	0.02336	0.02912	0.11511	0.10100	0.02635	0.02133	0.14225	0.24030	0.04410	0.03139	0.03343	0.02398	0.01527	0.01383	0.06469	0.01087	0.01081	0.00880	0.01561
5	0.08767	0.03262	0.18522	0.03362	0.13304	0.02403	0.06226	0.10662	0.02787	0.08114	0.02749	0.09928	0.02359	0.01379	0.01088	0.00351	0.01259	0.01192	0.00737	0.01549
6	0.03642	0.15430	0.15004	0.02377	0.03415	0.02982	0.02346	0.20633	0.03464	0.16397	0.02635	0.02622	0.01852	0.01182	0.01000	0.00314	0.01220	0.00889	0.00886	0.01709
7	0.02550	0.33921	0.30932	0.02488	0.03761	0.03421	0.02950	0.03359	0.02259	0.03010	0.01737	0.02026	0.01390	0.00984	0.00868	0.00289	0.01389	0.00695	0.00463	0.01506
8	0.01361	0.00974	0.01295	0.01496	0.01589	0.00908	0.01015	0.01601	0.02241	0.03028	0.13434	0.52848	0.07685	0.03234	0.01375	0.00427	0.00614	0.02926	0.01041	0.00908
9	0.01854	0.01465	0.02098	0.02764	0.16123	0.01456	0.01459	0.02063	0.01911	0.02618	0.03448	0.14183	0.03844	0.35905	0.03672	0.00760	0.01058	0.01648	0.00681	0.00991
10	0.14044	0.18785	0.03755	0.02172	0.03046	0.02628	0.07754	0.04193	0.02606	0.26578	0.02838	0.02771	0.01974	0.01128	0.00945	0.00312	0.01094	0.00900	0.00901	0.01577
11	0.41146	0.01883	0.01764	0.01637	0.02193	0.02078	0.01326	0.06752	0.02315	0.07910	0.03005	0.12234	0.02888	0.01673	0.00949	0.00373	0.00866	0.06951	0.00845	0.01212
12	0.01541	0.01163	0.01450	0.01626	0.01774	0.01166	0.01122	0.02176	0.09901	0.03057	0.05768	0.52221	0.06615	0.03118	0.01348	0.00432	0.00668	0.02813	0.01027	0.01015
13	0.03656	0.03691	0.02959	0.02597	0.03098	0.29722	0.02027	0.04374	0.10335	0.11088	0.02453	0.02636	0.01899	0.01369	0.01538	0.00342	0.13164	0.00893	0.00749	0.01410
14	0.02664	0.01277	0.01517	0.01339	0.01773	0.01170	0.01046	0.03120	0.02666	0.18382	0.12372	0.05392	0.10407	0.01625	0.01001	0.00305	0.00632	0.01345	0.30727	0.01241
15	0.12701	0.02533	0.04807	0.19330	0.05653	0.02616	0.29889	0.03251	0.02353	0.03510	0.02025	0.02752	0.01525	0.00981	0.01138	0.00362	0.01578	0.01091	0.00552	0.01354
16	0.02345	0.03190	0.18141	0.17138	0.22424	0.02371	0.03165	0.03159	0.02330	0.03350	0.01982	0.02574	0.01552	0.00993	0.01031	0.00316	0.01349	0.00878	0.00520	0.11192
17	0.69383	0.02109	0.01603	0.01434	0.02109	0.02446	0.01181	0.03205	0.01856	0.04892	0.01518	0.01771	0.01181	0.01012	0.00675	0.00337	0.00843	0.00590	0.00675	0.01181
18	0.02631	0.02196	0.02334	0.02123	0.02354	0.10499	0.01648	0.02870	0.02175	0.09185	0.03076	0.05386	0.03064	0.19207	0.03120	0.00601	0.17416	0.08278	0.00733	0.01103
19	0.02230	0.02838	0.13756	0.02200	0.02953	0.06278	0.05154	0.06351	0.10515	0.03785	0.12452	0.05723	0.17716	0.01772	0.01169	0.00350	0.01060	0.01489	0.00876	0.01333
20	0.01745	0.01034	0.01164	0.01182	0.01342	0.01013	0.00807	0.02074	0.02191	0.03413	0.11688	0.12636	0.04829	0.18422	0.02248	0.00514	0.00677	0.01582	0.30536	0.00903
21	0.03581	0.10859	0.11484	0.02495	0.03467	0.03318	0.02314	0.34404	0.08093	0.05631	0.02522	0.02575	0.01841	0.01234	0.01035	0.00321	0.01231	0.00925	0.00918	0.01750
22	0.02271	0.02122	0.03576	0.29296	0.27200	0.02361	0.02955	0.02921	0.02257	0.03088	0.02110	0.02991	0.01732	0.01932	0.08177	0.00521	0.01570	0.00995	0.00521	0.01403
23	0.03175	0.12340	0.04879	0.03957	0.14246	0.11305	0.19053	0.07081	0.02803	0.07578	0.02182	0.02596	0.01687	0.01024	0.01079	0.00320	0.01529	0.00989	0.00638	0.01536
24	0.02460	0.36470	0.19610	0.02172	0.03168	0.03271	0.02361	0.03051	0.02221	0.02856	0.02334	0.11014	0.02288	0.01344	0.00903	0.00298	0.01213	0.01034	0.00549	0.01382
25	0.01356	0.00970	0.01289	0.01500	0.01587	0.00904	0.01014	0.01586	0.02213	0.02984	0.12096	0.54312	0.07599	0.03266	0.01378	0.00430	0.00618	0.02958	0.01036	0.00904
26	0.03226	0.02294	0.02562	0.02129	0.02761	0.02474	0.01693	0.27167	0.11609	0.09175	0.10047	0.12430	0.04015	0.01772	0.01164	0.00354	0.00956	0.01473	0.01115	0.01584
27	0.02880	0.27735	0.20428	0.02721	0.03842	0.08153	0.09598	0.03585	0.02430	0.06414	0.01943	0.02233	0.01515	0.01006	0.00936	0.00297	0.01453	0.00795	0.00543	0.01490
28	0.02915	0.62337	0.05714	0.01866	0.02799	0.04314	0.01866	0.03265	0.02215	0.02565	0.01516	0.01749	0.01399	0.00933	0.00700	0.00233	0.01166	0.00583	0.00466	0.01399
29	0.01555	0.01282	0.01815	0.17346	0.03207	0.01341	0.01533	0.01963	0.02354	0.03064	0.13410	0.25706	0.16434	0.02446	0.01269	0.00389	0.00824	0.02161	0.00895	0.01005
30	0.02235	0.03115	0.18268	0.31953	0.17106	0.02490	0.03377	0.03095	0.02281	0.03142	0.01968	0.02692	0.01493	0.01049	0.01073	0.00350	0.01463	0.00924	0.00490	0.01436
31	0.03504	0.02387	0.04105	0.03993	0.18006	0.02267	0.15410	0.04311	0.06317	0.23519	0.03122	0.03248	0.02192	0.01138	0.01144	0.00344	0.01271	0.01123	0.00893	0.01707
32	0.01328	0.00949	0.01265	0.01518	0.01581	0.00886	0.01012	0.01518	0.02088	0.02783	0.06010	0.60969	0.07212	0.03416	0.01392	0.00443	0.00633	0.03100	0.01012	0.00886
33	0.01748	0.03018	0.24964	0.02254	0.03013	0.01699	0.02388	0.02446	0.02107	0.03017	0.03587	0.23280	0.03717	0.03434	0.13498	0.00688	0.01555	0.01688	0.00681	0.01218
34	0.07514	0.02632	0.03120	0.02549	0.03231	0.13666	0.12244	0.03625	0.02740	0.15152	0.04310	0.05151	0.10361	0.01609	0.01166	0.00357	0.01294	0.07055	0.00870	0.01353

[dist]
# distance from previous block
# <min> <max>
0	2

[block]
# block no. 1 follows, 12 sequences, length 14
# corresponding to MSA columns:
# 318-331
name=unknown_B
#
# <colnr> <probs for GDERKNQSTAVLIFYWHMCP>
#	G	D	E	R	K	N	Q	S	T	A	V	L	I	F	Y	W	H	M	C	P
0	0.02868	0.12106	0.15534	0.02423	0.03362	0.03023	0.02342	0.12737	0.25385	0.04408	0.03114	0.03064	0.02336	0.01266	0.01029	0.00337	0.01140	0.00994	0.00860	0.01673
1	0.43996	0.16628	0.10609	0.01782	0.02655	0.02893	0.01761	0.03256	0.02005	0.04138	0.01583	0.01845	0.01261	0.00997	0.00734	0.00314	0.01032	0.00621	0.00595	0.01295
2	0.01416	0.01032	0.01450	0.01607	0.01721	0.01067	0.01146	0.01681	0.01960	0.02687	0.04835	0.39411	0.05506	0.05227	0.22677	0.00941	0.01503	0.02365	0.00849	0.00919
3	0.01473	0.01075	0.01157	0.01157	0.01297	0.01005	0.00724	0.01578	0.01928	0.02430	0.06330	0.08412	0.23160	0.39273	0.03929	0.00795	0.00865	0.01858	0.00794	0.00759
4	0.04036	0.03053	0.19455	0.02309	0.03396	0.01897	0.02370	0.04725	0.02862	0.39127	0.03560	0.03265	0.02282	0.01250	0.01077	0.00340	0.01144	0.01005	0.01068	0.01778
5	0.03301	0.04429	0.20129	0.08052	0.04191	0.19377	0.02799	0.17193	0.03329	0.04121	0.02060	0.02346	0.01529	0.01145	0.01040	0.00322	0.01588	0.00839	0.00672	0.01538
6	0.01543	0.01115	0.01457	0.01372	0.01629	0.01029	0.01029	0.02058	0.03086	0.04372	0.54304	0.08145	0.10288	0.02229	0.01286	0.00343	0.00514	0.01972	0.01200	0.01029
7	0.08870	0.30813	0.16446	0.02331	0.03315	0.15826	0.02363	0.03552	0.02403	0.03000	0.01657	0.01929	0.01377	0.01007	0.00840	0.00279	0.01424	0.00663	0.00505	0.01398
8	0.03522	0.01570	0.01988	0.01622	0.02285	0.01343	0.01308	0.03888	0.02879	0.35596	0.06866	0.06291	0.22376	0.01886	0.01170	0.00349	0.00785	0.01555	0.01221	0.01500
9	0.02604	0.02762	0.03401	0.38748	0.13592	0.14707	0.02869	0.03219	0.02428	0.02874	0.01898	0.02666	0.01483	0.01080	0.01065	0.00339	0.01545	0.00910	0.00510	0.01299
10	0.01988	0.01581	0.01841	0.01694	0.02088	0.01669	0.01294	0.03479	0.22035	0.04444	0.35339	0.06594	0.07641	0.01944	0.01219	0.00353	0.00647	0.01691	0.01166	0.01294
11	0.02159	0.03633	0.27621	0.02652	0.03665	0.02228	0.06577	0.03588	0.13673	0.03699	0.07947	0.11221	0.03455	0.01558	0.01144	0.00366	0.01228	0.01358	0.00756	0.01473
12	0.02243	0.01645	0.02031	0.01649	0.02184	0.01503	0.01251	0.02564	0.02053	0.07573	0.02614	0.03911	0.02441	0.17686	0.09063	0.00626	0.05844	0.01018	0.00691	0.31411
13	0.02086	0.01809	0.02922	0.03181	0.15034	0.01761	0.08391	0.05605	0.02822	0.03931	0.22698	0.15354	0.05975	0.01907	0.01243	0.00359	0.00946	0.01781	0.00913	0.01283

[dist]
# distance from previous block
# <min> <max>
0	12

[block]
# block no. 2 follows, 12 sequences, length 22
# corresponding to MSA columns:
# 344-365
name=unknown_C
#
# <colnr> <probs for GDERKNQSTAVLIFYWHMCP>
#	G	D	E	R	K	N	Q	S	T	A	V	L	I	F	Y	W	H	M	C	P
0	0.02853	0.02538	0.03746	0.12955	0.29111	0.02771	0.02816	0.12340	0.08781	0.04118	0.02381	0.02856	0.01880	0.01167	0.01237	0.00345	0.04765	0.01003	0.00696	0.01642
1	0.19696	0.13186	0.03174	0.10683	0.03583	0.27045	0.01976	0.03661	0.02509	0.03218	0.01654	0.02023	0.01356	0.01060	0.00877	0.00299	0.01484	0.00695	0.00563	0.01258
2	0.17332	0.02315	0.03207	0.03695	0.20050	0.02638	0.02330	0.03391	0.02197	0.11311	0.02084	0.02555	0.01664	0.01319	0.01748	0.00375	0.18749	0.00903	0.00670	0.01467
3	0.01993	0.01860	0.03279	0.02654	0.03051	0.02012	0.16307	0.02436	0.01952	0.02745	0.02594	0.04210	0.02476	0.16559	0.21315	0.00996	0.10636	0.01262	0.00575	0.01089
4	0.02886	0.02109	0.03263	0.28713	0.16118	0.02316	0.02634	0.03810	0.08474	0.14577	0.02770	0.03174	0.02004	0.01167	0.01091	0.00350	0.01236	0.01028	0.00757	0.01522
5	0.01518	0.01095	0.01435	0.01389	0.01623	0.01012	0.01027	0.01994	0.02968	0.04184	0.48568	0.14419	0.09923	0.02370	0.01299	0.00355	0.00528	0.02106	0.01178	0.01012
6	0.01691	0.02627	0.19632	0.01882	0.02622	0.01503	0.01980	0.02394	0.02664	0.03685	0.25282	0.06813	0.19042	0.01971	0.01203	0.00350	0.00892	0.01669	0.00903	0.01195
7	0.01576	0.01094	0.01377	0.01377	0.01442	0.01159	0.00895	0.01706	0.01641	0.02253	0.03264	0.06185	0.03552	0.43856	0.22811	0.01289	0.01678	0.01447	0.00635	0.00765
8	0.02439	0.14989	0.03428	0.08257	0.13784	0.02641	0.02064	0.03652	0.16016	0.03717	0.13849	0.04057	0.03908	0.01382	0.01051	0.00325	0.00998	0.01174	0.00814	0.01457
9	0.01547	0.01041	0.01201	0.01238	0.01248	0.01032	0.00713	0.01576	0.01660	0.02214	0.03818	0.15142	0.04447	0.53015	0.04931	0.00966	0.00994	0.01811	0.00713	0.00694
10	0.02685	0.02080	0.02732	0.22851	0.04446	0.02374	0.02142	0.09576	0.18024	0.08613	0.09675	0.03963	0.03305	0.01402	0.01122	0.00356	0.01079	0.01189	0.00912	0.01476
11	0.02209	0.04524	0.39818	0.02658	0.04075	0.02207	0.03203	0.03240	0.02290	0.03483	0.01951	0.02290	0.01452	0.00967	0.00967	0.00290	0.01369	0.00758	0.00516	0.21734
12	0.02671	0.02696	0.03754	0.04946	0.32969	0.09084	0.02790	0.03169	0.02319	0.03162	0.01995	0.02739	0.01751	0.02006	0.08119	0.00514	0.12335	0.00959	0.00536	0.01485
13	0.01734	0.01497	0.02295	0.09486	0.07701	0.01472	0.05914	0.02190	0.02488	0.03320	0.18474	0.13186	0.16191	0.07281	0.01626	0.00425	0.00897	0.01859	0.00878	0.01085
14	0.02053	0.01660	0.01670	0.01629	0.01754	0.09451	0.01123	0.02020	0.01790	0.02213	0.02548	0.04474	0.02624	0.21792	0.15578	0.23593	0.01556	0.01151	0.00567	0.00755
15	0.02481	0.02188	0.03061	0.12669	0.03956	0.02013	0.07598	0.08520	0.02619	0.03793	0.02049	0.02503	0.01618	0.00932	0.00950	0.00243	0.01095	0.00821	0.00657	0.40235
16	0.25916	0.02761	0.09422	0.02143	0.03084	0.05121	0.07235	0.03169	0.02204	0.03955	0.01810	0.02155	0.01426	0.00938	0.00854	0.00276	0.01102	0.00722	0.00617	0.25090
17	0.01395	0.01078	0.01280	0.01351	0.01604	0.00964	0.01001	0.01719	0.02512	0.03238	0.18590	0.23561	0.28153	0.02842	0.01334	0.00394	0.00605	0.06383	0.01052	0.00942
18	0.02629	0.03273	0.10307	0.16969	0.11151	0.12577	0.16140	0.03367	0.02568	0.03237	0.05488	0.02998	0.02116	0.01105	0.01130	0.00341	0.01591	0.01056	0.00569	0.01389
19	0.03822	0.09807	0.03231	0.02292	0.03084	0.07714	0.01889	0.23221	0.14593	0.14494	0.03113	0.02975	0.02237	0.01293	0.01041	0.00323	0.01139	0.00986	0.01023	0.01722
20	0.01458	0.01055	0.01175	0.01213	0.01333	0.00990	0.00764	0.01569	0.01932	0.02464	0.06113	0.16154	0.19666	0.35249	0.03646	0.00758	0.00842	0.02027	0.00819	0.00772
21	0.02998	0.14245	0.08921	0.10021	0.15566	0.10019	0.08319	0.10547	0.02865	0.03651	0.01987	0.02435	0.01575	0.01047	0.01020	0.00314	0.01452	0.00889	0.00599	0.01528

[dist]
# distance from previous block
# <min> <max>
0	1

[block]
# block no. 3 follows, 12 sequences, length 19
# corresponding to MSA columns:
# 367-385
name=unknown_D
#
# <colnr> <probs for GDERKNQSTAVLIFYWHMCP>
#	G	D	E	R	K	N	Q	S	T	A	V	L	I	F	Y	W	H	M	C	P
0	0.02859	0.07379	0.12547	0.10290	0.25805	0.02687	0.06692	0.07468	0.02683	0.07963	0.02230	0.02683	0.01705	0.01047	0.01064	0.00329	0.01356	0.00952	0.00630	0.01633
1	0.69383	0.02109	0.01603	0.01434	0.02109	0.02446	0.01181	0.03205	0.01856	0.04892	0.01518	0.01771	0.01181	0.01012	0.00675	0.00337	0.00843	0.00590	0.00675	0.01181
2	0.04697	0.02168	0.02724	0.02088	0.02939	0.02066	0.01725	0.17292	0.03644	0.42918	0.03863	0.03426	0.02479	0.01339	0.01095	0.00335	0.00999	0.01067	0.01282	0.01855
3	0.02995	0.02914	0.08442	0.08495	0.10534	0.08034	0.02328	0.11693	0.14548	0.07999	0.03179	0.08505	0.02614	0.01437	0.01106	0.00349	0.01206	0.01200	0.00855	0.01568
4	0.08734	0.01213	0.01482	0.01470	0.01745	0.01167	0.01080	0.02220	0.02612	0.07534	0.28367	0.25649	0.07726	0.02455	0.01246	0.00377	0.00619	0.02161	0.01091	0.01054
5	0.01434	0.01042	0.01375	0.01604	0.01744	0.00983	0.01185	0.01712	0.02233	0.02921	0.06427	0.43770	0.11449	0.03251	0.01411	0.00451	0.00720	0.14360	0.01010	0.00919
6	0.02261	0.01938	0.02261	0.01615	0.02584	0.01453	0.01292	0.02745	0.02261	0.03553	0.01938	0.02261	0.01615	0.00807	0.00807	0.00161	0.00807	0.00646	0.00646	0.68346
7	0.03040	0.02136	0.03147	0.12926	0.08203	0.02091	0.06954	0.04017	0.10457	0.16967	0.02974	0.03140	0.02146	0.01128	0.01051	0.00310	0.01109	0.01004	0.00852	0.16347
8	0.03026	0.10002	0.25320	0.03445	0.14048	0.02732	0.03045	0.10908	0.02868	0.10946	0.02347	0.02562	0.01702	0.01096	0.01026	0.00326	0.01348	0.00882	0.00692	0.01682
9	0.01984	0.02312	0.15047	0.01799	0.02478	0.01436	0.01786	0.02621	0.02757	0.09011	0.26264	0.06784	0.17474	0.01966	0.01205	0.00349	0.00838	0.01669	0.00988	0.01232
10	0.01741	0.02529	0.18583	0.01981	0.02643	0.01504	0.02025	0.02458	0.02697	0.03842	0.29352	0.11806	0.06878	0.02032	0.01235	0.00366	0.00909	0.05288	0.00934	0.01196
11	0.02817	0.03069	0.17038	0.08251	0.19930	0.02244	0.06895	0.03569	0.02511	0.13435	0.02795	0.07688	0.02257	0.01269	0.01116	0.00348	0.01307	0.01157	0.00712	0.01592
12	0.02705	0.09613	0.27108	0.16709	0.04889	0.02669	0.03119	0.08305	0.02634	0.08951	0.02219	0.02576	0.01585	0.01099	0.01028	0.00336	0.01416	0.00872	0.00623	0.01541
13	0.01435	0.01079	0.01329	0.01333	0.01580	0.00972	0.00974	0.01823	0.02732	0.03688	0.33543	0.19383	0.20930	0.02604	0.01308	0.00369	0.00548	0.02283	0.01114	0.00972
14	0.01930	0.01641	0.02835	0.02713	0.07799	0.01569	0.13181	0.02450	0.02414	0.03432	0.09210	0.22709	0.04893	0.02093	0.01239	0.00380	0.00989	0.06237	0.11131	0.01153
15	0.02818	0.08305	0.10710	0.09558	0.18327	0.12044	0.02705	0.04021	0.13910	0.03458	0.02459	0.02773	0.01932	0.01130	0.01033	0.00326	0.01360	0.00930	0.00650	0.01552
16	0.03224	0.03327	0.16693	0.03664	0.15729	0.02595	0.06242	0.13712	0.06937	0.12928	0.02710	0.02873	0.01945	0.01154	0.01091	0.00339	0.01299	0.00996	0.00812	0.01727
17	0.02152	0.01157	0.01458	0.01425	0.01713	0.01073	0.01050	0.02540	0.02552	0.12269	0.16812	0.24139	0.06082	0.02238	0.01156	0.00353	0.00621	0.01962	0.18133	0.01115
18	0.02556	0.01636	0.02594	0.19902	0.04048	0.01687	0.05440	0.03026	0.02415	0.16291	0.04020	0.23938	0.03850	0.01978	0.01214	0.00386	0.01053	0.01789	0.00899	0.01277

[dist]
# distance from previous block
# <min> <max>
0	18

[block]
# block no. 4 follows, 12 sequences, length 26
# corresponding to MSA columns:
# 404-429
name=unknown_E
#
# <colnr> <probs for GDERKNQSTAVLIFYWHMCP>
#	G	D	E	R	K	N	Q	S	T	A	V	L	I	F	Y	W	H	M	C	P
0	0.03030	0.03145	0.04588	0.04426	0.18349	0.11277	0.18163	0.09918	0.02870	0.03742	0.02051	0.02618	0.01638	0.01129	0.01413	0.00349	0.08119	0.01031	0.00614	0.01530
1	0.11979	0.02728	0.07738	0.02396	0.03375	0.02388	0.09016	0.15882	0.03017	0.04601	0.02102	0.02392	0.01605	0.01005	0.00955	0.00276	0.01138	0.00836	0.00738	0.25831
2	0.14599	0.02139	0.03256	0.02578	0.03273	0.02222	0.14731	0.06877	0.06872	0.10844	0.02777	0.03264	0.02151	0.02969	0.15791	0.00718	0.01692	0.01080	0.00776	0.01391
3	0.02559	0.02420	0.02797	0.08572	0.03485	0.09106	0.05485	0.06393	0.02625	0.03539	0.02546	0.03870	0.02285	0.01254	0.01023	0.00278	0.01168	0.07762	0.00695	0.32140
4	0.01813	0.01191	0.01341	0.01293	0.01494	0.01206	0.00893	0.02402	0.07386	0.03496	0.16877	0.06233	0.05228	0.23201	0.02651	0.00577	0.00743	0.01492	0.19516	0.00964
5	0.18515	0.17981	0.03111	0.01941	0.02654	0.03068	0.01634	0.04521	0.27588	0.04117	0.02984	0.02919	0.02316	0.01226	0.00900	0.00326	0.00938	0.00911	0.00839	0.01512
6	0.01531	0.01145	0.01453	0.01545	0.01809	0.01067	0.01236	0.01946	0.02621	0.03440	0.20684	0.15613	0.20085	0.02770	0.01376	0.00417	0.00712	0.18510	0.01062	0.00977
7	0.10447	0.02334	0.03727	0.23468	0.05210	0.02512	0.13891	0.09904	0.02775	0.11630	0.02399	0.02869	0.01711	0.01109	0.01091	0.00353	0.01364	0.01023	0.00733	0.01452
8	0.02080	0.01705	0.02120	0.02216	0.07470	0.01791	0.01514	0.03528	0.20888	0.04358	0.31119	0.06130	0.06923	0.01833	0.01202	0.00351	0.00719	0.01605	0.01101	0.01350
9	0.01594	0.01139	0.01570	0.01822	0.02002	0.01115	0.01474	0.01978	0.02350	0.03081	0.05863	0.30789	0.06631	0.03166	0.01463	0.00480	0.00863	0.30657	0.01007	0.00959
10	0.03895	0.17554	0.03193	0.01864	0.02625	0.02215	0.01592	0.04267	0.02745	0.34635	0.03803	0.10909	0.02967	0.01519	0.01032	0.00324	0.00950	0.01232	0.01073	0.01606
11	0.09639	0.01996	0.02661	0.03076	0.16091	0.02040	0.01912	0.03910	0.13244	0.14462	0.10444	0.08920	0.03854	0.01544	0.01104	0.00351	0.00919	0.01335	0.00969	0.01529
12	0.01897	0.01228	0.01480	0.01417	0.01801	0.01088	0.01119	0.02288	0.02730	0.10287	0.20700	0.09253	0.29013	0.02474	0.01295	0.00377	0.00658	0.08705	0.01105	0.01084
13	0.02445	0.02332	0.03968	0.27443	0.36109	0.02524	0.03220	0.03124	0.02363	0.03255	0.02006	0.02781	0.01619	0.01019	0.01084	0.00340	0.01358	0.00971	0.00518	0.01523
14	0.12538	0.04582	0.08781	0.02606	0.03306	0.39008	0.02165	0.04224	0.07176	0.03221	0.01933	0.02161	0.01539	0.01130	0.00959	0.00303	0.01679	0.00745	0.00613	0.01332
15	0.02330	0.01666	0.02236	0.10707	0.08775	0.01658	0.01727	0.06823	0.02729	0.10438	0.06329	0.10565	0.22540	0.02057	0.01214	0.00369	0.00913	0.04727	0.00932	0.01265
16	0.01365	0.01108	0.01210	0.01184	0.01519	0.00953	0.00888	0.01712	0.02665	0.03372	0.23985	0.09791	0.41231	0.02602	0.01288	0.00361	0.00541	0.02203	0.01069	0.00953
17	0.02187	0.05640	0.56031	0.03108	0.04719	0.02532	0.04029	0.03453	0.02302	0.03453	0.01957	0.02302	0.01381	0.01036	0.01036	0.00345	0.01611	0.00806	0.00460	0.01611
18	0.51920	0.02287	0.02641	0.02496	0.08572	0.02509	0.08848	0.03264	0.02033	0.04534	0.01681	0.02050	0.01313	0.00994	0.00812	0.00340	0.01043	0.00737	0.00641	0.01285
19	0.01800	0.01009	0.01513	0.01513	0.01567	0.01063	0.01063	0.01567	0.01513	0.02071	0.02180	0.03584	0.02125	0.05010	0.19041	0.49760	0.01496	0.01009	0.00504	0.00613
20	0.01558	0.01168	0.01752	0.01752	0.01947	0.01363	0.01363	0.01947	0.01752	0.02531	0.02921	0.04283	0.02726	0.08178	0.57360	0.01752	0.02921	0.01168	0.00584	0.00974
21	0.02943	0.02546	0.04261	0.03252	0.04118	0.02583	0.23860	0.04693	0.23540	0.10958	0.03415	0.03513	0.02490	0.01210	0.01188	0.00364	0.01311	0.01239	0.00891	0.01628
22	0.03468	0.09507	0.03886	0.10624	0.09265	0.03233	0.05752	0.31097	0.03954	0.05263	0.02316	0.02590	0.01722	0.01175	0.01059	0.00324	0.01285	0.00956	0.00845	0.01677
23	0.11375	0.02216	0.03497	0.30842	0.25287	0.02491	0.02904	0.03061	0.02255	0.03373	0.01926	0.02673	0.01524	0.01033	0.01030	0.00344	0.01310	0.00919	0.00532	0.01409
24	0.69383	0.02109	0.01603	0.01434	0.02109	0.02446	0.01181	0.03205	0.01856	0.04892	0.01518	0.01771	0.01181	0.01012	0.00675	0.00337	0.00843	0.00590	0.00675	0.01181
25	0.01438	0.01035	0.01343	0.01460	0.01561	0.01035	0.00992	0.01633	0.01924	0.02580	0.05093	0.31738	0.09027	0.18306	0.14788	0.00874	0.01235	0.02250	0.00833	0.00854

[dist]
# distance from previous block
# <min> <max>
0	34

[block]
# block no. 5 follows, 12 sequences, length 37
# corresponding to MSA columns:
# 464-500
name=unknown_F
#
# <colnr> <probs for GDERKNQSTAVLIFYWHMCP>
#	G	D	E	R	K	N	Q	S	T	A	V	L	I	F	Y	W	H	M	C	P
0	0.27135	0.02032	0.01998	0.01684	0.02387	0.02112	0.01341	0.03652	0.15465	0.04387	0.07233	0.03092	0.02698	0.01189	0.00881	0.00298	0.00808	0.00901	0.00829	0.19879
1	0.01491	0.01017	0.01217	0.01311	0.01334	0.00994	0.00791	0.01561	0.01771	0.02362	0.04387	0.27043	0.05165	0.40135	0.04012	0.00830	0.00900	0.02146	0.00791	0.00744
2	0.26169	0.01705	0.01558	0.01385	0.01880	0.01873	0.01104	0.09995	0.02555	0.04774	0.02697	0.03039	0.02084	0.01185	0.00780	0.00294	0.00729	0.00861	0.34135	0.01199
3	0.01860	0.01476	0.01939	0.01875	0.02180	0.01717	0.01458	0.02956	0.15164	0.03063	0.03318	0.04227	0.02884	0.06421	0.42612	0.01390	0.02381	0.01185	0.00722	0.01171
4	0.01359	0.01107	0.01202	0.01178	0.01516	0.00950	0.00884	0.01701	0.02651	0.03340	0.23005	0.09844	0.42231	0.02614	0.01288	0.00361	0.00542	0.02210	0.01064	0.00950
5	0.21990	0.02779	0.03196	0.02466	0.03312	0.03047	0.07773	0.32149	0.03911	0.05913	0.02264	0.02423	0.01644	0.01179	0.01000	0.00335	0.01179	0.00911	0.00910	0.01621
6	0.02161	0.02030	0.02807	0.02461	0.02483	0.02742	0.01985	0.02376	0.01665	0.02529	0.01929	0.03387	0.01996	0.12589	0.09784	0.00713	0.43680	0.01083	0.00519	0.01080
7	0.01583	0.01067	0.01241	0.01241	0.01259	0.01085	0.00725	0.01619	0.01601	0.02152	0.03388	0.06874	0.03851	0.56782	0.10293	0.01121	0.01228	0.01547	0.00654	0.00689
8	0.03091	0.35118	0.09298	0.02174	0.03109	0.03707	0.02089	0.14288	0.10383	0.03897	0.02234	0.02336	0.01784	0.01107	0.00878	0.00285	0.01169	0.00788	0.00700	0.01568
9	0.69383	0.02109	0.01603	0.01434	0.02109	0.02446	0.01181	0.03205	0.01856	0.04892	0.01518	0.01771	0.01181	0.01012	0.00675	0.00337	0.00843	0.00590	0.00675	0.01181
10	0.01757	0.01255	0.01757	0.02008	0.02259	0.01255	0.01757	0.02259	0.02510	0.03263	0.05773	0.12299	0.06275	0.03012	0.01506	0.00502	0.01004	0.47540	0.01004	0.01004
11	0.09134	0.22544	0.26826	0.02329	0.03539	0.02923	0.02659	0.03264	0.02224	0.03333	0.01772	0.02069	0.01402	0.00967	0.00860	0.00282	0.01276	0.00691	0.00511	0.11394
12	0.02883	0.13142	0.08950	0.02341	0.03111	0.10744	0.02055	0.04910	0.31800	0.03836	0.03286	0.03188	0.02519	0.01289	0.01015	0.00332	0.01153	0.01002	0.00853	0.01593
13	0.69383	0.02109	0.01603	0.01434	0.02109	0.02446	0.01181	0.03205	0.01856	0.04892	0.01518	0.01771	0.01181	0.01012	0.00675	0.00337	0.00843	0.00590	0.00675	0.01181
14	0.02537	0.35498	0.07738	0.01807	0.02625	0.03157	0.01752	0.07597	0.02587	0.03163	0.04292	0.04292	0.16107	0.01483	0.00925	0.00288	0.01031	0.01114	0.00679	0.01327
15	0.01435	0.01067	0.01337	0.01361	0.01586	0.00968	0.00986	0.01814	0.02695	0.03660	0.32673	0.23199	0.17887	0.02659	0.01316	0.00375	0.00554	0.02347	0.01112	0.00968
16	0.02103	0.01700	0.02258	0.17527	0.03579	0.01862	0.01766	0.08590	0.08020	0.04168	0.25872	0.05763	0.08863	0.01760	0.01191	0.00351	0.00895	0.01521	0.00968	0.01243
17	0.04484	0.01765	0.02400	0.01871	0.02643	0.01533	0.01533	0.04917	0.03117	0.49393	0.10389	0.04251	0.03623	0.01457	0.01120	0.00338	0.00877	0.01203	0.01331	0.01755
18	0.02798	0.03518	0.09679	0.08023	0.03655	0.18077	0.02567	0.03218	0.02186	0.02752	0.01612	0.02307	0.01420	0.01510	0.02323	0.00396	0.31326	0.00868	0.00499	0.01265
19	0.01523	0.01114	0.01430	0.01351	0.01617	0.01020	0.01013	0.02019	0.03039	0.04259	0.50876	0.08331	0.13787	0.02271	0.01286	0.00345	0.00517	0.01998	0.01185	0.01020
20	0.01744	0.01538	0.02066	0.01780	0.02253	0.01470	0.07125	0.02625	0.11072	0.03624	0.19237	0.07936	0.28878	0.02195	0.01258	0.00362	0.00752	0.01920	0.01018	0.01148
21	0.02187	0.05640	0.56031	0.03108	0.04719	0.02532	0.04029	0.03453	0.02302	0.03453	0.01957	0.02302	0.01381	0.01036	0.01036	0.00345	0.01611	0.00806	0.00460	0.01611
22	0.43353	0.01906	0.01788	0.01523	0.02193	0.02039	0.01246	0.03707	0.02258	0.18820	0.02536	0.02587	0.01797	0.01137	0.00802	0.00327	0.00826	0.00782	0.09026	0.01347
23	0.02320	0.03141	0.17514	0.25763	0.23628	0.02511	0.03404	0.03160	0.02320	0.03237	0.01983	0.02674	0.01532	0.01034	0.01072	0.00345	0.01439	0.00927	0.00498	0.01500
24	0.02077	0.01515	0.01676	0.01536	0.01999	0.01491	0.01183	0.03167	0.16268	0.08892	0.16190	0.07669	0.27716	0.02181	0.01221	0.00361	0.00667	0.01835	0.01105	0.01250
25	0.03226	0.13148	0.03360	0.09280	0.03557	0.19312	0.02058	0.04315	0.15799	0.07356	0.02599	0.02763	0.02018	0.01253	0.01170	0.00324	0.05380	0.00902	0.00737	0.01443
26	0.03054	0.09295	0.03813	0.18500	0.21966	0.11764	0.02683	0.03600	0.02554	0.09442	0.02176	0.02650	0.01685	0.01069	0.01027	0.00319	0.01390	0.00899	0.00620	0.01496
27	0.01492	0.01093	0.01399	0.01363	0.01608	0.01001	0.01007	0.01943	0.02905	0.04037	0.44106	0.14810	0.14321	0.02427	0.01299	0.00358	0.00533	0.02142	0.01159	0.01001
28	0.03558	0.03336	0.03967	0.03873	0.16138	0.13421	0.09351	0.23902	0.03735	0.04787	0.02244	0.02559	0.01709	0.01136	0.01095	0.00323	0.01461	0.00969	0.00780	0.01656
29	0.02188	0.01431	0.01849	0.01627	0.01979	0.01430	0.01269	0.05951	0.03132	0.10553	0.40869	0.06810	0.08147	0.02036	0.01415	0.00351	0.04883	0.01724	0.01158	0.01198
30	0.01791	0.01406	0.02053	0.11574	0.08404	0.01432	0.01597	0.02355	0.02811	0.03996	0.36176	0.06379	0.07335	0.01832	0.01193	0.00338	0.00756	0.01626	0.05811	0.01135
31	0.01896	0.01986	0.08750	0.02067	0.02386	0.01753	0.06033	0.02164	0.01778	0.02503	0.02636	0.04766	0.02721	0.28250	0.09849	0.07607	0.10079	0.01260	0.00572	0.00945
32	0.01634	0.01618	0.07470	0.01774	0.02141	0.01231	0.01565	0.02165	0.02642	0.03645	0.25223	0.18844	0.07559	0.02554	0.01343	0.00409	0.00799	0.15301	0.01026	0.01058
33	0.02864	0.40006	0.04902	0.12051	0.09333	0.09099	0.02246	0.03302	0.02326	0.02721	0.01662	0.02068	0.01445	0.00982	0.00835	0.00270	0.01308	0.00702	0.00487	0.01390
34	0.02997	0.28880	0.15731	0.02113	0.03186	0.02957	0.02203	0.03585	0.02404	0.12386	0.02181	0.02307	0.01663	0.01009	0.00863	0.00265	0.01162	0.00734	0.00653	0.12723
35	0.02564	0.03921	0.21921	0.03834	0.12814	0.10241	0.14629	0.03421	0.02596	0.03469	0.07713	0.03113	0.02481	0.01140	0.01124	0.00338	0.01544	0.01062	0.00591	0.01484
36	0.32808	0.01543	0.01515	0.01573	0.01955	0.01676	0.01233	0.02439	0.02062	0.03848	0.03892	0.24324	0.04250	0.02230	0.01083	0.00406	0.00801	0.10464	0.00855	0.01045

[dist]
# distance from previous block
# <min> <max>
4	19

[block]
# block no. 6 follows, 12 sequences, length 10
# corresponding to MSA columns:
# 521-530
name=unknown_G
#
# <colnr> <probs for GDERKNQSTAVLIFYWHMCP>
#	G	D	E	R	K	N	Q	S	T	A	V	L	I	F	Y	W	H	M	C	P
0	0.03484	0.12545	0.07437	0.08474	0.10465	0.02484	0.02221	0.07992	0.02822	0.21788	0.02767	0.02840	0.01959	0.01129	0.00997	0.00305	0.01135	0.00910	0.00855	0.07391
1	0.40976	0.02337	0.02486	0.08071	0.10515	0.02638	0.01842	0.12111	0.02586	0.04860	0.01841	0.02175	0.01412	0.01069	0.00852	0.00336	0.01035	0.00756	0.00714	0.01388
2	0.01944	0.02129	0.07383	0.08383	0.11708	0.05367	0.01951	0.02458	0.02530	0.03333	0.15205	0.15915	0.13338	0.02019	0.01206	0.00361	0.00975	0.01766	0.00834	0.01194
3	0.01860	0.02242	0.11727	0.01811	0.02440	0.01672	0.01689	0.03046	0.14526	0.03802	0.19327	0.06827	0.20732	0.01996	0.01199	0.00358	0.00812	0.01683	0.00983	0.01268
4	0.02619	0.08460	0.16239	0.02694	0.03465	0.07384	0.07054	0.10351	0.02686	0.03587	0.02695	0.13250	0.02574	0.01638	0.01482	0.00367	0.10085	0.01299	0.00680	0.01389
5	0.03402	0.02770	0.12497	0.02136	0.03168	0.01998	0.02022	0.11147	0.02990	0.21186	0.02824	0.02801	0.01965	0.01105	0.00988	0.00279	0.01057	0.00875	0.00911	0.23879
6	0.03061	0.02775	0.08626	0.22043	0.09469	0.02705	0.06870	0.18259	0.03249	0.08743	0.02385	0.02813	0.01718	0.01150	0.01102	0.00345	0.01365	0.00996	0.00755	0.01571
7	0.18652	0.01479	0.01594	0.01423	0.01840	0.01477	0.01065	0.02782	0.02377	0.13349	0.15877	0.05754	0.09373	0.16031	0.02121	0.00514	0.00805	0.01412	0.00953	0.01121
8	0.01408	0.01095	0.01191	0.01175	0.01433	0.00974	0.00825	0.01661	0.02378	0.03008	0.17233	0.09240	0.33956	0.16994	0.02325	0.00531	0.00668	0.02066	0.00962	0.00877
9	0.02233	0.02751	0.13450	0.03316	0.08782	0.02127	0.16598	0.06936	0.02572	0.03547	0.03453	0.22189	0.03488	0.01815	0.01238	0.00381	0.01284	0.01747	0.00734	0.01359

[dist]
# distance from previous block
# <min> <max>
0	6

[block]
# block no. 7 follows, 12 sequences, length 66
# corresponding to MSA columns:
# 537-602
name=unknown_H
#
# <colnr> <probs for GDERKNQSTAVLIFYWHMCP>
#	G	D	E	R	K	N	Q	S	T	A	V	L	I	F	Y	W	H	M	C	P
0	0.02261	0.01808	0.02688	0.13105	0.15081	0.01757	0.02007	0.02832	0.02628	0.07150	0.19480	0.04524	0.04558	0.01403	0.01098	0.00307	0.00946	0.01248	0.00823	0.14295
1	0.61427	0.02166	0.01939	0.02061	0.08404	0.02463	0.01439	0.03222	0.01930	0.04733	0.01582	0.01882	0.01246	0.01007	0.00723	0.00336	0.00897	0.00636	0.00659	0.01246
2	0.02987	0.03453	0.13697	0.07870	0.07131	0.11510	0.09254	0.04030	0.09960	0.09589	0.02545	0.02845	0.01898	0.01222	0.01334	0.00354	0.07116	0.00990	0.00700	0.01514
3	0.01672	0.01416	0.01939	0.01955	0.01998	0.01683	0.01458	0.01877	0.01952	0.02732	0.04522	0.41939	0.05334	0.02926	0.02102	0.00454	0.19815	0.02403	0.00838	0.00985
4	0.01558	0.01168	0.01752	0.01752	0.01947	0.01363	0.01363	0.01947	0.01752	0.02531	0.02921	0.04283	0.02726	0.08178	0.57360	0.01752	0.02921	0.01168	0.00584	0.00974
5	0.03538	0.03878	0.03206	0.02770	0.03208	0.29570	0.02191	0.12665	0.03014	0.03449	0.01779	0.02226	0.01498	0.01414	0.01846	0.00353	0.20570	0.00837	0.00634	0.01353
6	0.01747	0.01155	0.01498	0.01504	0.01778	0.01062	0.01150	0.02157	0.02725	0.07505	0.28191	0.19453	0.14071	0.02587	0.01326	0.00389	0.00646	0.08891	0.01121	0.01044
7	0.02988	0.11752	0.31045	0.02674	0.03850	0.06863	0.03000	0.03819	0.02474	0.13821	0.02320	0.02498	0.01656	0.01154	0.01180	0.00334	0.05505	0.00839	0.00651	0.01578
8	0.02859	0.57949	0.09607	0.01962	0.02947	0.04176	0.02033	0.03279	0.02222	0.02634	0.01550	0.01792	0.01398	0.00941	0.00726	0.00242	0.01201	0.00600	0.00466	0.01416
9	0.45525	0.02015	0.01946	0.01621	0.02358	0.02134	0.01337	0.03985	0.02324	0.23664	0.02548	0.02489	0.01742	0.01137	0.00831	0.00337	0.00875	0.00778	0.00924	0.01430
10	0.02057	0.01852	0.03067	0.27319	0.17576	0.02120	0.02567	0.02654	0.02117	0.02898	0.02285	0.03302	0.01935	0.03363	0.19366	0.00805	0.01890	0.01034	0.00531	0.01263
11	0.02791	0.21905	0.04269	0.10270	0.19302	0.03205	0.02444	0.06887	0.11823	0.03550	0.02341	0.02662	0.01891	0.01089	0.00964	0.00308	0.01186	0.00894	0.00651	0.01567
12	0.04299	0.02111	0.02604	0.02072	0.02867	0.02071	0.01687	0.10904	0.14867	0.38013	0.04132	0.03663	0.02744	0.01375	0.01099	0.00344	0.00945	0.01114	0.01263	0.01825
13	0.01468	0.01048	0.01425	0.01677	0.01802	0.01006	0.01254	0.01759	0.02225	0.02939	0.05933	0.45160	0.06907	0.03285	0.01429	0.00462	0.00753	0.17535	0.01010	0.00924
14	0.02894	0.03348	0.04320	0.21702	0.05531	0.20367	0.19511	0.03543	0.02614	0.02995	0.01950	0.02613	0.01508	0.01041	0.01124	0.00338	0.01755	0.00994	0.00533	0.01319
15	0.03711	0.23326	0.03978	0.02443	0.03187	0.29373	0.02022	0.13325	0.03211	0.03471	0.01816	0.02025	0.01492	0.01098	0.00912	0.00275	0.01554	0.00719	0.00636	0.01425
16	0.01397	0.01109	0.01254	0.01218	0.01539	0.00966	0.00913	0.01774	0.02740	0.03551	0.29410	0.09496	0.35694	0.02535	0.01288	0.00357	0.00536	0.02161	0.01092	0.00966
17	0.01579	0.01084	0.01327	0.01327	0.01375	0.01132	0.00833	0.01674	0.01627	0.02216	0.03309	0.06436	0.03660	0.48558	0.18257	0.01228	0.01514	0.01483	0.00642	0.00737
18	0.03923	0.01750	0.02289	0.01892	0.02543	0.01604	0.01502	0.09036	0.03066	0.37426	0.04558	0.17951	0.03744	0.01863	0.01170	0.00363	0.00881	0.01587	0.01239	0.01612
19	0.01557	0.00971	0.01184	0.01355	0.01480	0.00928	0.00931	0.01850	0.02152	0.03200	0.05213	0.42485	0.05777	0.02719	0.01187	0.00382	0.00592	0.02423	0.22685	0.00928
20	0.29259	0.16659	0.10257	0.02526	0.03479	0.02966	0.14145	0.03321	0.02172	0.03832	0.01742	0.02123	0.01374	0.00973	0.00877	0.00322	0.01259	0.00789	0.00570	0.01355
21	0.01328	0.00949	0.01265	0.01518	0.01581	0.00886	0.01012	0.01518	0.02088	0.02783	0.06010	0.60969	0.07212	0.03416	0.01392	0.00443	0.00633	0.03100	0.01012	0.00886
22	0.01502	0.01022	0.01214	0.01296	0.01317	0.01001	0.00775	0.01564	0.01749	0.02332	0.04272	0.24622	0.05019	0.42755	0.04199	0.00858	0.00919	0.02077	0.00775	0.00734
23	0.02679	0.43920	0.22058	0.02269	0.03422	0.03735	0.02568	0.03326	0.02244	0.02854	0.01659	0.01929	0.01393	0.00966	0.00809	0.00270	0.01311	0.00655	0.00464	0.01468
24	0.03697	0.23757	0.03942	0.02503	0.03185	0.40091	0.02028	0.04000	0.02806	0.02635	0.01630	0.01896	0.01403	0.01062	0.00891	0.00265	0.01706	0.00664	0.00531	0.01308
25	0.01461	0.01111	0.01343	0.01285	0.01578	0.00994	0.00964	0.01898	0.02891	0.03909	0.40252	0.08908	0.24629	0.02402	0.01287	0.00351	0.00527	0.02079	0.01139	0.00994
26	0.03061	0.03674	0.05348	0.04015	0.04942	0.20476	0.35063	0.03772	0.02741	0.03225	0.02037	0.02625	0.01573	0.00986	0.01188	0.00339	0.01880	0.01097	0.00555	0.01403
27	0.01357	0.01088	0.01212	0.01221	0.01525	0.00943	0.00901	0.01683	0.02588	0.03284	0.21287	0.15926	0.37737	0.02706	0.01300	0.00371	0.00552	0.02314	0.01060	0.00943
28	0.01680	0.02522	0.19097	0.01973	0.02584	0.01469	0.01970	0.02287	0.02370	0.03350	0.16607	0.24683	0.05848	0.06663	0.01558	0.00432	0.00952	0.01960	0.00854	0.01141
29	0.02261	0.01938	0.02261	0.01615	0.02584	0.01453	0.01292	0.02745	0.02261	0.03553	0.01938	0.02261	0.01615	0.00807	0.00807	0.00161	0.00807	0.00646	0.00646	0.68346
30	0.02140	0.03181	0.20480	0.37648	0.09531	0.02469	0.03373	0.03037	0.02238	0.03051	0.01951	0.02698	0.01447	0.01065	0.01072	0.00355	0.01495	0.00916	0.00480	0.01373
31	0.02472	0.02615	0.05079	0.03628	0.04687	0.02334	0.34803	0.03250	0.02472	0.03512	0.02119	0.02720	0.01642	0.00883	0.01131	0.00301	0.01504	0.01079	0.00582	0.23188
32	0.03269	0.44896	0.04913	0.02154	0.02973	0.20488	0.01939	0.03597	0.02482	0.02597	0.01568	0.01815	0.01401	0.00991	0.00786	0.00248	0.01410	0.00619	0.00496	0.01358
33	0.02208	0.07236	0.24907	0.02305	0.03450	0.02061	0.02532	0.03013	0.02307	0.03412	0.02402	0.03510	0.02091	0.01189	0.00984	0.00286	0.01191	0.06616	0.00602	0.27699
34	0.02921	0.02694	0.03735	0.18786	0.16057	0.06386	0.07539	0.13952	0.09376	0.04130	0.02435	0.02885	0.01854	0.01145	0.01103	0.00343	0.01362	0.01020	0.00719	0.01559
35	0.03150	0.50731	0.05181	0.02057	0.02915	0.15077	0.01915	0.03486	0.02393	0.02586	0.01550	0.01793	0.01400	0.00972	0.00757	0.00243	0.01329	0.00607	0.00486	0.01372
36	0.02151	0.02171	0.06596	0.02042	0.02933	0.01609	0.07515	0.02753	0.02466	0.03701	0.12386	0.03517	0.03327	0.01121	0.00978	0.00236	0.00935	0.01000	0.00731	0.41831
37	0.17436	0.03199	0.02842	0.02308	0.03076	0.13782	0.01863	0.28759	0.03909	0.09247	0.02334	0.02397	0.01691	0.01215	0.00985	0.00321	0.01260	0.00855	0.00920	0.01600
38	0.02856	0.02436	0.04198	0.13665	0.37564	0.02462	0.07078	0.03511	0.02522	0.09654	0.02316	0.02870	0.01797	0.01030	0.01100	0.00335	0.01320	0.01012	0.00629	0.01645
39	0.01461	0.01111	0.01343	0.01285	0.01578	0.00994	0.00964	0.01898	0.02891	0.03909	0.40252	0.08908	0.24629	0.02402	0.01287	0.00351	0.00527	0.02079	0.01139	0.00994
40	0.03145	0.24137	0.09259	0.02960	0.03872	0.20987	0.14420	0.03692	0.02597	0.02906	0.01781	0.02165	0.01463	0.01000	0.00967	0.00292	0.01632	0.00817	0.00518	0.01391
41	0.01511	0.01113	0.01413	0.01338	0.01609	0.01015	0.01004	0.01996	0.03011	0.04193	0.48855	0.08441	0.15849	0.02296	0.01286	0.00346	0.00519	0.02013	0.01177	0.01015
42	0.02738	0.34577	0.12708	0.03617	0.19999	0.03492	0.02665	0.03319	0.02315	0.03020	0.01755	0.02139	0.01503	0.00961	0.00873	0.00279	0.01274	0.00742	0.00489	0.01537
43	0.01378	0.01108	0.01228	0.01198	0.01527	0.00958	0.00899	0.01737	0.02696	0.03446	0.26204	0.09670	0.38966	0.02575	0.01288	0.00359	0.00539	0.02186	0.01078	0.00958
44	0.01815	0.01473	0.02252	0.13780	0.09722	0.01548	0.01977	0.02302	0.02372	0.03156	0.07683	0.21177	0.05233	0.02424	0.01327	0.00427	0.01006	0.18363	0.00857	0.01108
45	0.01587	0.01053	0.01322	0.01338	0.01546	0.00990	0.00972	0.02018	0.02677	0.03913	0.32108	0.20573	0.08027	0.02336	0.01208	0.00350	0.00543	0.02065	0.14384	0.00990
46	0.02332	0.10439	0.14261	0.25755	0.13287	0.02819	0.03054	0.03048	0.02196	0.02994	0.01846	0.02546	0.01473	0.01138	0.01325	0.00351	0.08371	0.00887	0.00485	0.01394
47	0.02196	0.05198	0.49616	0.02930	0.04464	0.02404	0.03702	0.03369	0.02297	0.03465	0.01954	0.02297	0.01409	0.01009	0.01009	0.00323	0.01516	0.00787	0.00483	0.09573
48	0.02007	0.01820	0.02904	0.28184	0.16528	0.01995	0.02427	0.02617	0.02469	0.03301	0.13525	0.04856	0.09948	0.01500	0.01152	0.00351	0.01117	0.01337	0.00706	0.01258
49	0.02351	0.02724	0.10362	0.02751	0.03844	0.02004	0.17426	0.03072	0.02366	0.03521	0.02026	0.02483	0.01598	0.00872	0.00989	0.00250	0.01237	0.00870	0.00593	0.38662
50	0.10412	0.01693	0.01978	0.01762	0.02333	0.01640	0.01435	0.03307	0.09583	0.10502	0.13296	0.06035	0.04638	0.01764	0.01120	0.00345	0.00824	0.11713	0.00989	0.14629
51	0.02800	0.02684	0.04675	0.09189	0.34220	0.02712	0.14168	0.09057	0.02799	0.03889	0.02147	0.02759	0.01707	0.01008	0.01129	0.00337	0.01420	0.01045	0.00605	0.01649
52	0.03284	0.02626	0.02787	0.02335	0.03053	0.02979	0.01864	0.23925	0.33847	0.05483	0.03712	0.03489	0.02740	0.01411	0.01102	0.00353	0.00997	0.01133	0.01102	0.01777
53	0.03874	0.01661	0.02279	0.01962	0.02613	0.01490	0.01653	0.04321	0.02922	0.38623	0.04780	0.06501	0.03861	0.01890	0.01230	0.00391	0.00953	0.16183	0.01237	0.01579
54	0.02409	0.22945	0.40673	0.02729	0.04133	0.03076	0.03368	0.03396	0.02276	0.03182	0.01822	0.02133	0.01387	0.01004	0.00933	0.00311	0.01475	0.00738	0.00462	0.01547
55	0.01934	0.01461	0.01744	0.01736	0.02047	0.01497	0.01316	0.08331	0.09216	0.03829	0.13178	0.28372	0.10067	0.02626	0.01309	0.00406	0.00754	0.07964	0.01062	0.01152
56	0.02423	0.24057	0.39687	0.02704	0.04095	0.03111	0.03326	0.03392	0.02274	0.03165	0.01814	0.02122	0.01387	0.01002	0.00927	0.00309	0.01467	0.00733	0.00462	0.01543
57	0.02841	0.01334	0.01802	0.01697	0.02092	0.01190	0.01263	0.03130	0.02526	0.25220	0.05285	0.36662	0.05296	0.02539	0.01266	0.00398	0.00758	0.02249	0.01155	0.01297
58	0.02423	0.24057	0.39687	0.02704	0.04095	0.03111	0.03326	0.03392	0.02274	0.03165	0.01814	0.02122	0.01387	0.01002	0.00927	0.00309	0.01467	0.00733	0.00462	0.01543
59	0.01894	0.00947	0.01420	0.01420	0.01420	0.00947	0.00947	0.01420	0.01420	0.01894	0.01894	0.03314	0.01894	0.03788	0.04261	0.68277	0.00947	0.00947	0.00473	0.00473
60	0.14453	0.02661	0.03047	0.02386	0.03208	0.02888	0.05449	0.28757	0.10190	0.11829	0.02840	0.02818	0.02017	0.01258	0.01041	0.00338	0.01115	0.00987	0.01017	0.01701
61	0.01393	0.01058	0.01165	0.01216	0.01403	0.00958	0.00811	0.01562	0.02112	0.02643	0.07551	0.19654	0.28450	0.22033	0.02694	0.00607	0.00733	0.02231	0.00898	0.00829
62	0.04139	0.02208	0.03798	0.02803	0.03730	0.01978	0.17622	0.04722	0.02943	0.38697	0.03621	0.03461	0.02360	0.01210	0.01158	0.00347	0.01224	0.01158	0.01090	0.01731
63	0.02121	0.01530	0.01903	0.01661	0.02241	0.01260	0.01288	0.02509	0.02309	0.07636	0.03915	0.22326	0.04073	0.01961	0.01106	0.00309	0.00787	0.07372	0.00867	0.32828
64	0.34222	0.14498	0.03355	0.03230	0.19390	0.02872	0.02023	0.03263	0.02132	0.03987	0.01691	0.02068	0.01403	0.00983	0.00811	0.00312	0.01056	0.00713	0.00589	0.01403
65	0.03418	0.17133	0.17771	0.02584	0.03540	0.24652	0.02510	0.03994	0.02696	0.09176	0.02034	0.02218	0.01552	0.01086	0.00950	0.00295	0.01576	0.00752	0.00608	0.01457

[dist]
# distance from previous block
# <min> <max>
6	11

[block]
# block no. 8 follows, 12 sequences, length 20
# corresponding to MSA columns:
# 616-635
name=unknown_I
#
# <colnr> <probs for GDERKNQSTAVLIFYWHMCP>
#	G	D	E	R	K	N	Q	S	T	A	V	L	I	F	Y	W	H	M	C	P
0	0.02722	0.01773	0.02989	0.02329	0.02958	0.01616	0.13580	0.03312	0.02968	0.18286	0.27578	0.05630	0.06051	0.01661	0.01234	0.00348	0.00957	0.01560	0.01080	0.01366
1	0.04272	0.02850	0.03146	0.02412	0.03279	0.03078	0.01992	0.43409	0.04784	0.15190	0.02905	0.02804	0.01998	0.01316	0.01092	0.00329	0.01153	0.01001	0.01135	0.01855
