[name]
unknown

[dist]
# distance from previous block
# <min> <max>
0	471

[block]
# block no. 0 follows, 10 sequences, length 21
# corresponding to MSA columns:
# 493-513
name=unknown_A
#
# <colnr> <probs for GDERKNQSTAVLIFYWHMCP>
#	G	D	E	R	K	N	Q	S	T	A	V	L	I	F	Y	W	H	M	C	P
0	0.01589	0.01287	0.02063	0.02044	0.02255	0.01203	0.07106	0.01892	0.02294	0.03067	0.05885	0.51219	0.06925	0.03299	0.01470	0.00462	0.00841	0.03056	0.01016	0.01025
1	0.01506	0.01081	0.01429	0.01559	0.01707	0.01004	0.01087	0.01843	0.02641	0.03628	0.23841	0.39059	0.08968	0.03152	0.01441	0.00431	0.00626	0.02839	0.01158	0.01004
2	0.02196	0.02067	0.03488	0.56331	0.08010	0.02584	0.03230	0.02972	0.02326	0.02972	0.02067	0.03101	0.01550	0.01163	0.01163	0.00388	0.01550	0.01034	0.00517	0.01292
3	0.03061	0.38366	0.18342	0.02476	0.03614	0.10544	0.02642	0.03687	0.02509	0.03005	0.01766	0.02054	0.01488	0.01051	0.00882	0.00287	0.01482	0.00702	0.00509	0.01535
4	0.01844	0.01420	0.01836	0.01741	0.01788	0.01658	0.01221	0.01987	0.01749	0.02459	0.03138	0.05963	0.03419	0.36850	0.16711	0.01183	0.12033	0.01463	0.00649	0.00888
5	0.01403	0.01069	0.01291	0.01469	0.01647	0.00957	0.01013	0.01636	0.02371	0.03028	0.08238	0.42319	0.22561	0.03406	0.01447	0.00445	0.00646	0.03017	0.01080	0.00957
6	0.02554	0.02645	0.04456	0.10497	0.04527	0.03265	0.14978	0.03075	0.02116	0.03075	0.01823	0.02779	0.01595	0.01633	0.02802	0.00461	0.34715	0.01117	0.00532	0.01356
7	0.02910	0.23608	0.11592	0.10411	0.09447	0.08199	0.11498	0.03605	0.02559	0.03198	0.01953	0.02472	0.01586	0.01051	0.01037	0.00325	0.01577	0.00905	0.00534	0.01532
8	0.04110	0.02399	0.02756	0.02196	0.02958	0.02481	0.01781	0.25424	0.04154	0.20183	0.03771	0.08094	0.02868	0.01596	0.01147	0.00353	0.01045	0.01282	0.09628	0.01774
9	0.01417	0.01012	0.01350	0.01619	0.01687	0.00945	0.01080	0.01619	0.02227	0.02969	0.06410	0.58367	0.07692	0.03644	0.01484	0.00472	0.00675	0.03306	0.01080	0.00945
10	0.01661	0.01246	0.01869	0.01869	0.02077	0.01454	0.01454	0.02077	0.01869	0.02700	0.03115	0.04569	0.02908	0.08723	0.54517	0.01869	0.03115	0.01246	0.00623	0.01038
11	0.03621	0.16053	0.03944	0.02569	0.03155	0.09224	0.02184	0.09551	0.02853	0.12704	0.02315	0.02634	0.01827	0.01507	0.01958	0.00377	0.20264	0.00928	0.00775	0.01555
12	0.02448	0.02158	0.02834	0.08612	0.09747	0.01825	0.01873	0.03017	0.02433	0.03698	0.02083	0.02551	0.01719	0.00918	0.00933	0.00219	0.01007	0.00773	0.00655	0.50496
13	0.03483	0.09505	0.03555	0.07557	0.03739	0.08239	0.02223	0.19525	0.15536	0.04902	0.02866	0.03020	0.02193	0.01421	0.01376	0.00364	0.06854	0.01035	0.00915	0.01695
14	0.02539	0.17115	0.16904	0.02849	0.07930	0.02906	0.02563	0.03822	0.12955	0.03604	0.03322	0.12470	0.03054	0.01618	0.01106	0.00361	0.01213	0.01344	0.00757	0.01568
15	0.67341	0.02249	0.01709	0.01529	0.02249	0.02609	0.01260	0.03419	0.01979	0.05218	0.01619	0.01889	0.01260	0.01080	0.00720	0.00360	0.00900	0.00630	0.00720	0.01260
16	0.01661	0.01246	0.01869	0.01869	0.02077	0.01454	0.01454	0.02077	0.01869	0.02700	0.03115	0.04569	0.02908	0.08723	0.54517	0.01869	0.03115	0.01246	0.00623	0.01038
17	0.01691	0.01128	0.01268	0.01268	0.01268	0.01128	0.00705	0.01691	0.01691	0.02255	0.03665	0.07611	0.04228	0.59126	0.05920	0.01128	0.01128	0.01691	0.00705	0.00705
18	0.04050	0.03589	0.03095	0.02616	0.03364	0.18629	0.02059	0.18038	0.17278	0.10397	0.03251	0.03157	0.02385	0.01393	0.01135	0.00348	0.01392	0.01047	0.01029	0.01748
19	0.03619	0.03533	0.03892	0.08053	0.12194	0.18297	0.08353	0.08835	0.09273	0.08449	0.02694	0.02976	0.02036	0.01231	0.01157	0.00349	0.01579	0.01043	0.00797	0.01640
20	0.03370	0.13362	0.08898	0.02920	0.03818	0.09797	0.09855	0.08248	0.02906	0.09223	0.02291	0.02630	0.01768	0.01242	0.01421	0.00340	0.08674	0.00948	0.00718	0.07572

[dist]
# distance from previous block
# <min> <max>
7	14

[block]
# block no. 1 follows, 10 sequences, length 26
# corresponding to MSA columns:
# 529-554
name=unknown_B
#
# <colnr> <probs for GDERKNQSTAVLIFYWHMCP>
#	G	D	E	R	K	N	Q	S	T	A	V	L	I	F	Y	W	H	M	C	P
0	0.28750	0.02344	0.03072	0.07570	0.03694	0.02483	0.09361	0.04254	0.07671	0.15810	0.02819	0.02965	0.02000	0.01210	0.01027	0.00372	0.01163	0.00993	0.00897	0.01546
1	0.11796	0.02238	0.02506	0.01877	0.02835	0.01993	0.01524	0.09470	0.02903	0.11824	0.02485	0.02626	0.01869	0.01050	0.00929	0.00249	0.00942	0.00802	0.00870	0.39211
2	0.01396	0.01094	0.01266	0.01403	0.01630	0.00963	0.00984	0.01644	0.02435	0.03054	0.09043	0.35244	0.29116	0.03301	0.01431	0.00433	0.00633	0.02889	0.01080	0.00963
3	0.03243	0.18167	0.09512	0.02639	0.03606	0.20022	0.05847	0.03780	0.02723	0.03198	0.01891	0.02234	0.01567	0.01042	0.00962	0.00272	0.01547	0.00765	0.00582	0.16401
4	0.01684	0.01156	0.01415	0.01415	0.01465	0.01207	0.00887	0.01785	0.01735	0.02363	0.03531	0.06870	0.03907	0.46853	0.17753	0.01308	0.01612	0.01583	0.00685	0.00786
5	0.03057	0.02271	0.03442	0.08589	0.10900	0.02469	0.06575	0.10566	0.02778	0.09065	0.02425	0.03144	0.01942	0.02014	0.02363	0.16405	0.08787	0.01076	0.00737	0.01397
6	0.03154	0.02318	0.03306	0.09142	0.19192	0.02416	0.02445	0.07941	0.11557	0.12539	0.03677	0.10813	0.03104	0.01600	0.01207	0.00378	0.01142	0.01416	0.00949	0.01702
7	0.01548	0.01133	0.01469	0.01610	0.01780	0.01091	0.01171	0.01852	0.02376	0.03156	0.11415	0.30244	0.12945	0.08720	0.07645	0.00668	0.01008	0.08176	0.01018	0.00973
8	0.02897	0.01653	0.02464	0.16038	0.03836	0.01740	0.01931	0.03380	0.02519	0.18836	0.03896	0.13470	0.03389	0.03529	0.14214	0.00754	0.01597	0.01529	0.00938	0.01389
9	0.35955	0.10072	0.02320	0.01643	0.02277	0.08163	0.01357	0.03389	0.02287	0.04411	0.02168	0.02505	0.01736	0.01148	0.00782	0.00317	0.00990	0.00752	0.16471	0.01258
10	0.02781	0.03037	0.06288	0.05502	0.18369	0.02893	0.35817	0.03684	0.02719	0.03745	0.02309	0.03068	0.01786	0.00995	0.01313	0.00380	0.01805	0.01282	0.00585	0.01642
11	0.03103	0.19793	0.20723	0.02503	0.03625	0.02936	0.02697	0.04092	0.06720	0.12771	0.03060	0.03794	0.02443	0.01387	0.01072	0.00352	0.01312	0.05175	0.00790	0.01650
12	0.02712	0.29190	0.28018	0.02895	0.04244	0.03554	0.07593	0.03600	0.02444	0.03275	0.01909	0.02266	0.01511	0.01045	0.00975	0.00319	0.01536	0.00807	0.00504	0.01605
13	0.01705	0.01204	0.01750	0.01750	0.01907	0.01361	0.01305	0.01964	0.01807	0.02566	0.03069	0.04863	0.02987	0.14956	0.42533	0.08820	0.02618	0.01280	0.00621	0.00935
14	0.02569	0.09692	0.02488	0.01911	0.02310	0.07665	0.01436	0.03214	0.08784	0.07843	0.04449	0.24495	0.04642	0.10892	0.01935	0.00501	0.01038	0.01950	0.00941	0.01246
15	0.07530	0.02427	0.09588	0.13433	0.04168	0.02019	0.06736	0.03297	0.02709	0.11275	0.10457	0.05561	0.08918	0.01709	0.01233	0.00390	0.01196	0.05063	0.00890	0.01401
16	0.03111	0.02615	0.10204	0.02767	0.08381	0.02109	0.02240	0.04365	0.13667	0.16914	0.05118	0.05675	0.09622	0.01773	0.01236	0.00391	0.01082	0.06015	0.01055	0.01660
17	0.01493	0.01119	0.01385	0.01453	0.01678	0.01011	0.01039	0.01847	0.02730	0.03647	0.24549	0.28236	0.19567	0.02999	0.01415	0.00413	0.00607	0.02647	0.01155	0.01011
18	0.03715	0.03387	0.04361	0.03685	0.07983	0.16137	0.15666	0.04276	0.02886	0.14663	0.02600	0.02956	0.01927	0.01289	0.01551	0.00373	0.09093	0.01089	0.00776	0.01588
19	0.02891	0.03963	0.14643	0.17081	0.10811	0.14147	0.12811	0.03716	0.02692	0.03345	0.02086	0.02728	0.01601	0.01106	0.01169	0.00361	0.01776	0.01008	0.00551	0.01513
20	0.02771	0.02335	0.04018	0.21963	0.23302	0.02450	0.07414	0.03449	0.02590	0.08783	0.02793	0.07908	0.02360	0.01342	0.01208	0.00376	0.01390	0.01280	0.00696	0.01572
21	0.01710	0.01214	0.01822	0.01822	0.02001	0.01394	0.01394	0.02001	0.01822	0.02608	0.02968	0.04430	0.02788	0.08093	0.47794	0.10519	0.02832	0.01214	0.00607	0.00967
22	0.03171	0.08068	0.03685	0.09169	0.19544	0.06745	0.02496	0.04105	0.09154	0.11141	0.08148	0.03734	0.03135	0.01338	0.01137	0.00348	0.01231	0.01147	0.00853	0.01654
23	0.02661	0.03885	0.24444	0.07706	0.08420	0.02483	0.13698	0.03658	0.02703	0.08457	0.07761	0.03520	0.02746	0.01246	0.01211	0.00373	0.01540	0.01171	0.00699	0.01617
24	0.01417	0.01012	0.01350	0.01619	0.01687	0.00945	0.01080	0.01619	0.02227	0.02969	0.06410	0.58367	0.07692	0.03644	0.01484	0.00472	0.00675	0.03306	0.01080	0.00945
25	0.21352	0.03158	0.11182	0.03456	0.04548	0.02696	0.24205	0.03819	0.02544	0.08844	0.02323	0.02769	0.01689	0.01069	0.01131	0.00377	0.01533	0.01073	0.00694	0.01540

[dist]
# distance from previous block
# <min> <max>
0	10

[block]
# block no. 2 follows, 10 sequences, length 31
# corresponding to MSA columns:
# 565-595
name=unknown_C
#
# <colnr> <probs for GDERKNQSTAVLIFYWHMCP>
#	G	D	E	R	K	N	Q	S	T	A	V	L	I	F	Y	W	H	M	C	P
0	0.04147	0.02286	0.02930	0.02687	0.08073	0.02266	0.01951	0.13226	0.09520	0.27756	0.08994	0.04176	0.03547	0.01507	0.01190	0.00361	0.01030	0.01250	0.01247	0.01853
1	0.03565	0.03092	0.04759	0.08960	0.04984	0.03252	0.19410	0.26766	0.04125	0.05531	0.02553	0.02953	0.01854	0.01216	0.01242	0.00369	0.01564	0.01168	0.00881	0.01754
2	0.01944	0.01037	0.01458	0.01458	0.01458	0.01037	0.00939	0.01556	0.01556	0.02075	0.02403	0.04484	0.02534	0.16869	0.04865	0.51017	0.01037	0.01169	0.00552	0.00552
3	0.01417	0.01012	0.01350	0.01619	0.01687	0.00945	0.01080	0.01619	0.02227	0.02969	0.06410	0.58367	0.07692	0.03644	0.01484	0.00472	0.00675	0.03306	0.01080	0.00945
4	0.02893	0.02498	0.02630	0.02367	0.03024	0.02893	0.01841	0.06180	0.49770	0.04865	0.04734	0.04339	0.03550	0.01578	0.01183	0.00394	0.00920	0.01315	0.01183	0.01841
5	0.02412	0.02067	0.02412	0.01723	0.02756	0.01550	0.01378	0.02929	0.02412	0.03790	0.02067	0.02412	0.01723	0.00861	0.00861	0.00172	0.00861	0.00689	0.00689	0.66236
6	0.14391	0.01715	0.01946	0.01689	0.02197	0.01733	0.01330	0.08023	0.03303	0.11122	0.30850	0.06186	0.07166	0.01912	0.01204	0.00362	0.00751	0.01598	0.01185	0.01338
7	0.02333	0.06016	0.53100	0.03315	0.05034	0.02701	0.04297	0.03683	0.02455	0.03683	0.02087	0.02455	0.01473	0.01105	0.01105	0.00368	0.01719	0.00859	0.00491	0.01719
8	0.01442	0.01181	0.01284	0.01347	0.01689	0.01023	0.01030	0.01757	0.02609	0.03166	0.10499	0.16471	0.41095	0.03054	0.01416	0.00419	0.00659	0.07791	0.01079	0.00989
9	0.01691	0.01128	0.01268	0.01268	0.01268	0.01128	0.00705	0.01691	0.01691	0.02255	0.03665	0.07611	0.04228	0.59126	0.05920	0.01128	0.01128	0.01691	0.00705	0.00705
10	0.03479	0.02691	0.04116	0.04209	0.18057	0.02737	0.10460	0.10156	0.13491	0.13379	0.03290	0.03431	0.02410	0.01264	0.01202	0.00368	0.01298	0.01182	0.00943	0.01836
11	0.02412	0.02067	0.02412	0.01723	0.02756	0.01550	0.01378	0.02929	0.02412	0.03790	0.02067	0.02412	0.01723	0.00861	0.00861	0.00172	0.00861	0.00689	0.00689	0.66236
12	0.02323	0.02041	0.02895	0.02562	0.02585	0.02730	0.02064	0.02419	0.01729	0.02606	0.01821	0.03004	0.01797	0.03257	0.09707	0.15952	0.37880	0.01042	0.00521	0.01067
13	0.01661	0.01246	0.01869	0.01869	0.02077	0.01454	0.01454	0.02077	0.01869	0.02700	0.03115	0.04569	0.02908	0.08723	0.54517	0.01869	0.03115	0.01246	0.00623	0.01038
14	0.43967	0.02148	0.02082	0.01733	0.02520	0.02271	0.01429	0.04265	0.02487	0.23075	0.02737	0.02668	0.01869	0.01215	0.00889	0.00360	0.00934	0.00833	0.00991	0.01530
15	0.03022	0.13080	0.04351	0.17832	0.04974	0.08210	0.11469	0.03636	0.02596	0.09308	0.02444	0.03043	0.01890	0.01941	0.06813	0.00509	0.01731	0.01037	0.00664	0.01450
16	0.04333	0.01925	0.02422	0.01918	0.02688	0.01767	0.01565	0.09643	0.03386	0.36175	0.05053	0.04647	0.07969	0.01585	0.01146	0.00351	0.00923	0.01282	0.09461	0.01760
17	0.01435	0.01132	0.01294	0.01356	0.01634	0.00992	0.00978	0.01748	0.02642	0.03362	0.17229	0.24387	0.31594	0.03047	0.01406	0.00411	0.00607	0.02639	0.01115	0.00992
18	0.04878	0.01904	0.02590	0.02012	0.02852	0.01651	0.01651	0.05338	0.03325	0.48109	0.09028	0.04408	0.03649	0.01529	0.01189	0.00360	0.00948	0.01258	0.01424	0.01895
19	0.02954	0.02820	0.03488	0.36526	0.10504	0.12974	0.02928	0.03598	0.02637	0.07386	0.02245	0.02955	0.01682	0.01183	0.01139	0.00364	0.01597	0.00988	0.00620	0.01412
20	0.02346	0.01678	0.02316	0.02096	0.02259	0.02042	0.01642	0.02583	0.01964	0.07187	0.02744	0.04080	0.02525	0.10486	0.18170	0.07600	0.19631	0.01178	0.06364	0.01109
21	0.01959	0.01282	0.01615	0.01616	0.01965	0.01166	0.01277	0.02385	0.02855	0.08644	0.19880	0.15154	0.20542	0.02774	0.01418	0.00424	0.00740	0.12003	0.01169	0.01131
22	0.01441	0.01052	0.01358	0.01554	0.01681	0.00968	0.01061	0.01697	0.02405	0.03201	0.12628	0.47174	0.12671	0.03411	0.01459	0.00451	0.00650	0.03066	0.01105	0.00968
23	0.02735	0.15820	0.25750	0.07878	0.04663	0.08422	0.07221	0.03603	0.02477	0.03271	0.01936	0.02427	0.01517	0.01168	0.01295	0.00354	0.06526	0.00876	0.00516	0.01545
24	0.02752	0.03095	0.13009	0.12816	0.09805	0.02905	0.02975	0.03664	0.06808	0.07771	0.02383	0.02961	0.01870	0.01494	0.02040	0.00418	0.19995	0.01034	0.00662	0.01543
25	0.02354	0.02002	0.02879	0.14961	0.03777	0.02555	0.02204	0.02835	0.06845	0.02838	0.02125	0.03137	0.01881	0.02342	0.03126	0.18722	0.22662	0.01050	0.00580	0.01123
26	0.09456	0.02737	0.03661	0.25197	0.19723	0.07354	0.02930	0.08424	0.02828	0.03929	0.02116	0.02787	0.01652	0.01146	0.01104	0.00360	0.01452	0.00970	0.00635	0.01537
27	0.14566	0.02752	0.08118	0.03347	0.08646	0.02688	0.11403	0.03452	0.02453	0.08261	0.07151	0.03321	0.02634	0.01444	0.01758	0.00401	0.14272	0.01130	0.00730	0.01474
28	0.02887	0.13712	0.08213	0.02736	0.03405	0.13818	0.06260	0.03670	0.07365	0.03260	0.03001	0.08651	0.02861	0.01720	0.01491	0.00383	0.08461	0.05992	0.00713	0.01401
29	0.09478	0.02021	0.06497	0.01987	0.02518	0.01775	0.01688	0.03380	0.02514	0.17754	0.04261	0.21044	0.04012	0.02139	0.01462	0.00404	0.06749	0.01753	0.07172	0.01391
30	0.24697	0.07431	0.02893	0.02514	0.08262	0.02609	0.01822	0.04596	0.11624	0.17964	0.03106	0.03044	0.02235	0.01263	0.00985	0.00355	0.01014	0.00956	0.00973	0.01658

[dist]
# distance from previous block
# <min> <max>
0	16

[block]
# block no. 3 follows, 10 sequences, length 55
# corresponding to MSA columns:
# 612-619,622-668
name=unknown_D
#
# <colnr> <probs for GDERKNQSTAVLIFYWHMCP>
#	G	D	E	R	K	N	Q	S	T	A	V	L	I	F	Y	W	H	M	C	P
0	0.02931	0.03095	0.13532	0.02770	0.03914	0.02199	0.11005	0.03951	0.07002	0.11286	0.02756	0.02974	0.02025	0.01087	0.01086	0.00303	0.01271	0.00986	0.00790	0.25035
1	0.02709	0.02659	0.07844	0.02033	0.03122	0.01983	0.01808	0.09857	0.02881	0.04317	0.02179	0.02474	0.01736	0.00968	0.00933	0.00220	0.01014	0.00761	0.00741	0.49763
2	0.01417	0.01012	0.01350	0.01619	0.01687	0.00945	0.01080	0.01619	0.02227	0.02969	0.06410	0.58367	0.07692	0.03644	0.01484	0.00472	0.00675	0.03306	0.01080	0.00945
3	0.02176	0.01971	0.03133	0.28956	0.12474	0.02311	0.02615	0.02748	0.02343	0.03170	0.06993	0.08616	0.03202	0.06598	0.01894	0.00463	0.07023	0.01380	0.00658	0.01275
4	0.01494	0.01183	0.01344	0.01304	0.01644	0.01033	0.00978	0.01900	0.02933	0.03812	0.29157	0.10090	0.33606	0.02696	0.01373	0.00381	0.00571	0.02300	0.01168	0.01033
5	0.01619	0.01219	0.01676	0.01667	0.01890	0.01315	0.01261	0.01991	0.02118	0.02928	0.09433	0.06281	0.11229	0.11852	0.36483	0.01422	0.02284	0.01559	0.00768	0.01005
6	0.02333	0.06016	0.53100	0.03315	0.05034	0.02701	0.04297	0.03683	0.02455	0.03683	0.02087	0.02455	0.01473	0.01105	0.01105	0.00368	0.01719	0.00859	0.00491	0.01719
7	0.01414	0.01136	0.01262	0.01324	0.01619	0.00984	0.00957	0.01710	0.02605	0.03253	0.14426	0.23354	0.35737	0.03071	0.01403	0.00411	0.00607	0.02643	0.01101	0.00984
8	0.67341	0.02249	0.01709	0.01529	0.02249	0.02609	0.01260	0.03419	0.01979	0.05218	0.01619	0.01889	0.01260	0.01080	0.00720	0.00360	0.00900	0.00630	0.00720	0.01260
9	0.67341	0.02249	0.01709	0.01529	0.02249	0.02609	0.01260	0.03419	0.01979	0.05218	0.01619	0.01889	0.01260	0.01080	0.00720	0.00360	0.00900	0.00630	0.00720	0.01260
10	0.67341	0.02249	0.01709	0.01529	0.02249	0.02609	0.01260	0.03419	0.01979	0.05218	0.01619	0.01889	0.01260	0.01080	0.00720	0.00360	0.00900	0.00630	0.00720	0.01260
11	0.03912	0.03037	0.02865	0.02447	0.03182	0.12643	0.01925	0.10102	0.24606	0.16645	0.03928	0.03650	0.02823	0.01451	0.01152	0.00363	0.01203	0.01141	0.01132	0.01794
12	0.67341	0.02249	0.01709	0.01529	0.02249	0.02609	0.01260	0.03419	0.01979	0.05218	0.01619	0.01889	0.01260	0.01080	0.00720	0.00360	0.00900	0.00630	0.00720	0.01260
13	0.02893	0.02498	0.02630	0.02367	0.03024	0.02893	0.01841	0.06180	0.49770	0.04865	0.04734	0.04339	0.03550	0.01578	0.01183	0.00394	0.00920	0.01315	0.01183	0.01841
14	0.02173	0.01219	0.01554	0.01603	0.01824	0.01147	0.01139	0.02439	0.02349	0.10577	0.05268	0.29940	0.05653	0.14176	0.02265	0.00570	0.00833	0.05954	0.08234	0.01080
15	0.05218	0.01979	0.02699	0.02069	0.02969	0.01709	0.01709	0.05668	0.03329	0.52677	0.04588	0.03959	0.02879	0.01439	0.01170	0.00360	0.00990	0.01170	0.01439	0.01979
16	0.02768	0.01990	0.02755	0.22156	0.04569	0.02197	0.02178	0.11986	0.03200	0.09635	0.10685	0.13081	0.04228	0.01834	0.01248	0.00387	0.01137	0.01588	0.00958	0.01420
17	0.33139	0.24251	0.03603	0.01940	0.02743	0.11793	0.01693	0.03642	0.02337	0.03907	0.01648	0.01914	0.01385	0.01067	0.00783	0.00309	0.01223	0.00646	0.00617	0.01361
18	0.01518	0.01166	0.01277	0.01259	0.01516	0.01046	0.00873	0.01777	0.02498	0.03181	0.17076	0.09676	0.29990	0.19024	0.02684	0.00599	0.00736	0.02167	0.01011	0.00924
19	0.01417	0.01012	0.01350	0.01619	0.01687	0.00945	0.01080	0.01619	0.02227	0.02969	0.06410	0.58367	0.07692	0.03644	0.01484	0.00472	0.00675	0.03306	0.01080	0.00945
20	0.03532	0.45140	0.05291	0.02152	0.03076	0.11858	0.01998	0.03902	0.02612	0.08309	0.01975	0.02134	0.01648	0.01075	0.00839	0.00269	0.01345	0.00702	0.00618	0.01525
21	0.02684	0.01574	0.02255	0.02025	0.02255	0.01777	0.01569	0.02746	0.02019	0.12530	0.02698	0.03666	0.02305	0.04228	0.15662	0.24187	0.12914	0.01100	0.00722	0.01085
22	0.01478	0.01082	0.01390	0.01525	0.01689	0.00993	0.01063	0.01791	0.02581	0.03477	0.19931	0.38804	0.13500	0.03201	0.01440	0.00433	0.00629	0.02865	0.01137	0.00993
23	0.02334	0.02207	0.03736	0.46436	0.16832	0.02620	0.03298	0.03092	0.02390	0.03138	0.02091	0.03056	0.01609	0.01137	0.01161	0.00379	0.01516	0.01034	0.00529	0.01403
24	0.03127	0.20329	0.12484	0.13130	0.04244	0.03027	0.02502	0.07129	0.02766	0.11042	0.02533	0.02834	0.01887	0.01180	0.00995	0.00324	0.01287	0.00905	0.06712	0.01565
25	0.03312	0.10506	0.17308	0.02720	0.03618	0.15417	0.02637	0.07895	0.02866	0.07671	0.02323	0.02920	0.01893	0.06315	0.01760	0.00416	0.07287	0.00939	0.00681	0.01516
26	0.02930	0.08986	0.10784	0.12760	0.04019	0.02542	0.02429	0.03556	0.02562	0.13298	0.07137	0.03571	0.02791	0.01462	0.01530	0.00371	0.10275	0.01089	0.06427	0.01478
27	0.02392	0.02067	0.02509	0.06668	0.03232	0.01644	0.01546	0.02932	0.02404	0.03716	0.02067	0.02474	0.01707	0.00889	0.00889	0.00192	0.00924	0.00720	0.00673	0.60355
28	0.02887	0.08904	0.18272	0.03896	0.13109	0.03050	0.09865	0.08678	0.11772	0.04223	0.02676	0.02974	0.02031	0.01183	0.01143	0.00360	0.01455	0.01054	0.00722	0.01748
29	0.02337	0.07344	0.02150	0.01573	0.02041	0.01540	0.01256	0.02813	0.03105	0.12051	0.32556	0.07597	0.14826	0.02169	0.01275	0.00357	0.00698	0.01852	0.01195	0.01264
30	0.01665	0.01233	0.01802	0.01802	0.01987	0.01417	0.01370	0.02034	0.01849	0.02650	0.03176	0.04907	0.03055	0.14330	0.49111	0.01787	0.02894	0.01296	0.00632	0.01001
31	0.03177	0.03498	0.20260	0.13698	0.09745	0.02484	0.03150	0.04005	0.02634	0.16997	0.02736	0.03048	0.01919	0.01281	0.01370	0.00379	0.06159	0.01011	0.00768	0.01682
32	0.03159	0.08069	0.04354	0.13164	0.09417	0.03179	0.11229	0.15627	0.11439	0.04649	0.02743	0.03104	0.02072	0.01233	0.01167	0.00363	0.01405	0.01113	0.00820	0.01693
33	0.02445	0.01674	0.01943	0.01867	0.02322	0.01742	0.01501	0.03788	0.17093	0.08308	0.09955	0.07609	0.09843	0.02153	0.01264	0.00404	0.00833	0.12103	0.11777	0.01378
34	0.02624	0.02828	0.09638	0.13607	0.12145	0.02530	0.14192	0.07858	0.02930	0.04117	0.07505	0.03665	0.02794	0.01258	0.01198	0.00363	0.01425	0.01218	0.06579	0.01525
35	0.01661	0.01246	0.01869	0.01869	0.02077	0.01454	0.01454	0.02077	0.01869	0.02700	0.03115	0.04569	0.02908	0.08723	0.54517	0.01869	0.03115	0.01246	0.00623	0.01038
36	0.02698	0.01930	0.02211	0.06527	0.02894	0.02133	0.01615	0.04575	0.25384	0.08262	0.09441	0.04687	0.04015	0.01566	0.01111	0.00358	0.00846	0.01311	0.16899	0.01537
37	0.10423	0.02182	0.02226	0.01843	0.02458	0.02378	0.01485	0.22966	0.03738	0.05768	0.03106	0.03376	0.02343	0.01343	0.00959	0.00316	0.00911	0.01017	0.29663	0.01502
38	0.01524	0.01167	0.01397	0.01376	0.01672	0.01040	0.01018	0.01944	0.02949	0.03936	0.32280	0.14707	0.25349	0.02714	0.01384	0.00387	0.00576	0.02355	0.01187	0.01040
39	0.02607	0.25018	0.36501	0.02847	0.04310	0.03372	0.03482	0.03612	0.02423	0.03349	0.01921	0.02247	0.01480	0.01066	0.00978	0.00326	0.01551	0.00776	0.00493	0.01639
40	0.01416	0.01180	0.01235	0.01222	0.01596	0.00999	0.00916	0.01749	0.02748	0.03373	0.17782	0.10812	0.45255	0.02859	0.01374	0.00389	0.00583	0.02401	0.01110	0.00999
41	0.04421	0.03258	0.03490	0.02676	0.03607	0.03607	0.02211	0.47993	0.05468	0.07330	0.02792	0.02792	0.01978	0.01396	0.01163	0.00349	0.01280	0.01047	0.01163	0.01978
42	0.02830	0.02809	0.10413	0.02652	0.07950	0.02119	0.02159	0.04019	0.11694	0.09064	0.02860	0.02997	0.02170	0.01114	0.01021	0.00281	0.01067	0.00920	0.00822	0.31040
43	0.02552	0.01856	0.02613	0.17820	0.04014	0.02072	0.02034	0.07522	0.03006	0.09466	0.18235	0.09681	0.05241	0.01897	0.01503	0.00392	0.06195	0.01583	0.00975	0.01346
44	0.01874	0.01353	0.01675	0.01780	0.01979	0.01349	0.01252	0.08668	0.02719	0.03632	0.05860	0.49920	0.06824	0.03302	0.01436	0.00454	0.00767	0.02963	0.01092	0.01102
45	0.04253	0.02116	0.02399	0.02001	0.02682	0.07015	0.01582	0.04659	0.03071	0.35243	0.04498	0.12072	0.03477	0.01741	0.01170	0.00362	0.01013	0.01442	0.07532	0.01669
46	0.03606	0.09105	0.17677	0.03324	0.09365	0.02784	0.06981	0.10928	0.03189	0.17438	0.02862	0.02967	0.02001	0.01210	0.01126	0.00351	0.01393	0.01016	0.00869	0.01807
47	0.02591	0.07561	0.07113	0.07657	0.03201	0.01877	0.02010	0.03108	0.02600	0.12638	0.04692	0.19830	0.04713	0.02367	0.01317	0.00428	0.01079	0.12906	0.00978	0.01335
48	0.02745	0.03137	0.06863	0.04902	0.06078	0.02941	0.47647	0.03725	0.02745	0.03725	0.02353	0.03137	0.01765	0.00980	0.01373	0.00392	0.01961	0.01373	0.00588	0.01569
49	0.02763	0.02316	0.02892	0.17155	0.04190	0.07181	0.02244	0.07710	0.02649	0.07659	0.02880	0.08621	0.02561	0.03050	0.11904	0.00686	0.10169	0.01280	0.00746	0.01343
50	0.03038	0.18345	0.18668	0.11967	0.04752	0.08113	0.06753	0.03814	0.02607	0.08336	0.02218	0.02594	0.01665	0.01120	0.01047	0.00336	0.01551	0.00894	0.00614	0.01567
51	0.03127	0.02380	0.03425	0.22984	0.14076	0.02640	0.02687	0.08224	0.12488	0.11463	0.03082	0.03414	0.02253	0.01287	0.01166	0.00373	0.01281	0.01113	0.00862	0.01674
52	0.01605	0.01187	0.01497	0.01420	0.01712	0.01080	0.01065	0.02115	0.03195	0.04433	0.45257	0.09068	0.17118	0.02464	0.01372	0.00370	0.00555	0.02157	0.01250	0.01080
53	0.08411	0.01730	0.02433	0.18787	0.04048	0.01826	0.01931	0.03343	0.02723	0.16181	0.12843	0.12695	0.04620	0.01838	0.01215	0.00387	0.01024	0.01585	0.01003	0.01374
54	0.02592	0.07338	0.03315	0.14427	0.15347	0.02321	0.02325	0.03409	0.06461	0.08032	0.17101	0.04764	0.04685	0.01534	0.01186	0.00356	0.01087	0.01348	0.00886	0.01485

[dist]
# distance from previous block
# <min> <max>
11	21

[block]
# block no. 4 follows, 10 sequences, length 9
# corresponding to MSA columns:
# 691-699
name=unknown_E
#
# <colnr> <probs for GDERKNQSTAVLIFYWHMCP>
#	G	D	E	R	K	N	Q	S	T	A	V	L	I	F	Y	W	H	M	C	P
0	0.11271	0.02154	0.02972	0.02957	0.12001	0.02000	0.02009	0.05042	0.03061	0.38617	0.03831	0.03541	0.02517	0.01327	0.01119	0.00357	0.01053	0.01088	0.01203	0.01879
1	0.03137	0.02605	0.02436	0.02247	0.02779	0.11816	0.01701	0.04645	0.21854	0.11263	0.04595	0.17737	0.04130	0.02017	0.01234	0.00392	0.01087	0.01699	0.01087	0.01540
2	0.03025	0.37027	0.04679	0.02065	0.02908	0.03785	0.01880	0.08059	0.11594	0.03791	0.08029	0.03200	0.03014	0.01301	0.00939	0.00299	0.01107	0.00962	0.00779	0.01558
3	0.02803	0.02555	0.11890	0.12146	0.03969	0.01862	0.02277	0.03439	0.02580	0.14933	0.03598	0.14950	0.03201	0.01697	0.01169	0.00357	0.01138	0.01460	0.00881	0.13096
4	0.13186	0.02952	0.12254	0.02526	0.03462	0.02363	0.06472	0.09200	0.06491	0.16900	0.03481	0.09725	0.02790	0.01549	0.01146	0.00379	0.01194	0.01303	0.00978	0.01647
5	0.11226	0.02495	0.02761	0.06768	0.03446	0.02786	0.01935	0.13291	0.24770	0.12469	0.03754	0.03596	0.02714	0.01429	0.01120	0.00376	0.01048	0.01137	0.01107	0.01772
6	0.02020	0.01010	0.01515	0.01515	0.01515	0.01010	0.01010	0.01515	0.01515	0.02020	0.02020	0.03535	0.02020	0.04040	0.04545	0.66162	0.01010	0.01010	0.00505	0.00505
7	0.23902	0.09139	0.03229	0.16696	0.09696	0.02698	0.02211	0.03732	0.02437	0.12727	0.02338	0.02691	0.01723	0.01151	0.00970	0.00352	0.01183	0.00879	0.00753	0.01493
8	0.14592	0.03411	0.17771	0.02369	0.03510	0.02368	0.02419	0.09338	0.02944	0.16492	0.02705	0.02762	0.01883	0.01180	0.01023	0.00331	0.01209	0.00892	0.00877	0.11925

[dist]
# distance from previous block
# <min> <max>
2	45

[block]
# block no. 5 follows, 10 sequences, length 26
# corresponding to MSA columns:
# 745-770
name=unknown_F
#
# <colnr> <probs for GDERKNQSTAVLIFYWHMCP>
#	G	D	E	R	K	N	Q	S	T	A	V	L	I	F	Y	W	H	M	C	P
0	0.07861	0.13868	0.12934	0.02292	0.03077	0.02755	0.02204	0.03774	0.09606	0.09006	0.02593	0.02961	0.02044	0.01797	0.01880	0.11998	0.06244	0.00943	0.00729	0.01433
1	0.02703	0.17099	0.34088	0.02949	0.04286	0.03270	0.03456	0.07448	0.02639	0.03718	0.01997	0.02366	0.01527	0.01191	0.01278	0.00354	0.06589	0.00839	0.00553	0.01652
2	0.03300	0.02795	0.03029	0.02508	0.03052	0.10603	0.02025	0.03895	0.06212	0.12142	0.02494	0.02839	0.01969	0.01493	0.02027	0.00363	0.21141	0.00951	0.00784	0.16375
3	0.02704	0.01481	0.01578	0.01427	0.01846	0.01523	0.01108	0.07258	0.07003	0.08988	0.03861	0.04167	0.02935	0.01386	0.00909	0.00297	0.00681	0.01109	0.48429	0.01310
4	0.01660	0.01114	0.01278	0.01308	0.01316	0.01107	0.00747	0.01683	0.01752	0.02336	0.03977	0.13390	0.04623	0.52809	0.05415	0.01053	0.01076	0.01875	0.00747	0.00732
5	0.01495	0.01163	0.01358	0.01350	0.01655	0.01027	0.00997	0.01887	0.02874	0.03769	0.27946	0.15590	0.29148	0.02785	0.01386	0.00390	0.00582	0.02404	0.01165	0.01027
6	0.01451	0.01087	0.01347	0.01481	0.01668	0.00983	0.01035	0.01742	0.02536	0.03337	0.16356	0.37201	0.19084	0.03228	0.01436	0.00432	0.00629	0.02865	0.01118	0.00983
7	0.13808	0.01795	0.02242	0.01947	0.02609	0.01694	0.01596	0.04267	0.02875	0.30761	0.04620	0.11578	0.03868	0.01956	0.01215	0.00404	0.00954	0.09006	0.01220	0.01585
8	0.01760	0.01152	0.01433	0.01581	0.01726	0.01134	0.01163	0.02067	0.02253	0.03174	0.05126	0.21727	0.05618	0.18021	0.02591	0.00631	0.00888	0.14394	0.12618	0.00942
9	0.02333	0.06016	0.53100	0.03315	0.05034	0.02701	0.04297	0.03683	0.02455	0.03683	0.02087	0.02455	0.01473	0.01105	0.01105	0.00368	0.01719	0.00859	0.00491	0.01719
10	0.01604	0.01187	0.01496	0.01419	0.01712	0.01079	0.01064	0.02113	0.03193	0.04428	0.45139	0.09076	0.17239	0.02466	0.01372	0.00370	0.00555	0.02158	0.01249	0.01079
11	0.01417	0.01012	0.01350	0.01619	0.01687	0.00945	0.01080	0.01619	0.02227	0.02969	0.06410	0.58367	0.07692	0.03644	0.01484	0.00472	0.00675	0.03306	0.01080	0.00945
12	0.03109	0.59826	0.06095	0.01990	0.02985	0.04602	0.01990	0.03483	0.02363	0.02736	0.01617	0.01866	0.01493	0.00995	0.00746	0.00249	0.01244	0.00622	0.00498	0.01493
13	0.04345	0.05543	0.03296	0.02996	0.03596	0.54457	0.02247	0.04644	0.03296	0.02846	0.01798	0.02097	0.01498	0.01199	0.01049	0.00300	0.02097	0.00749	0.00599	0.01348
14	0.01504	0.01020	0.01319	0.01557	0.01648	0.00961	0.01049	0.01746	0.02251	0.03127	0.06107	0.52110	0.07147	0.03379	0.01407	0.00449	0.00659	0.03049	0.08549	0.00961
15	0.02293	0.01931	0.02279	0.01682	0.02598	0.01480	0.01335	0.02815	0.02548	0.03925	0.09691	0.03384	0.03157	0.01096	0.00940	0.00202	0.00813	0.00908	0.00781	0.56140
16	0.02545	0.02545	0.03562	0.03053	0.03053	0.03562	0.02545	0.02799	0.01781	0.02799	0.01527	0.02545	0.01527	0.02036	0.03817	0.00509	0.56997	0.01018	0.00509	0.01272
17	0.03109	0.59826	0.06095	0.01990	0.02985	0.04602	0.01990	0.03483	0.02363	0.02736	0.01617	0.01866	0.01493	0.00995	0.00746	0.00249	0.01244	0.00622	0.00498	0.01493
18	0.02380	0.02254	0.03820	0.43106	0.19802	0.02632	0.03321	0.03132	0.02412	0.03194	0.02100	0.03041	0.01629	0.01129	0.01160	0.00376	0.01505	0.01034	0.00533	0.01440
19	0.01646	0.01189	0.01555	0.01463	0.01738	0.01097	0.01097	0.02195	0.03292	0.04664	0.51257	0.08688	0.10974	0.02378	0.01372	0.00366	0.00549	0.02103	0.01280	0.01097
20	0.01881	0.01384	0.01877	0.06625	0.02364	0.01508	0.01414	0.02020	0.02148	0.02863	0.09801	0.06858	0.11463	0.12847	0.03244	0.16684	0.07451	0.05891	0.00777	0.00900
21	0.02047	0.01726	0.02794	0.36085	0.05755	0.02044	0.02547	0.02580	0.02278	0.02942	0.03141	0.10365	0.03030	0.02062	0.01650	0.07908	0.01325	0.07930	0.00659	0.01133
22	0.03124	0.13265	0.09318	0.07152	0.03723	0.02998	0.02258	0.19055	0.03471	0.04693	0.02692	0.08248	0.02340	0.01416	0.01067	0.00322	0.01221	0.01123	0.00825	0.11688
23	0.02865	0.02286	0.03090	0.13365	0.11452	0.02481	0.02384	0.17133	0.03587	0.04838	0.10678	0.05642	0.04120	0.01775	0.01274	0.00392	0.01196	0.08966	0.00950	0.01525
24	0.08915	0.15182	0.08267	0.11428	0.11517	0.03111	0.02542	0.07971	0.08232	0.08358	0.02549	0.02826	0.01939	0.01188	0.01029	0.00342	0.01267	0.00939	0.00756	0.01642
25	0.26521	0.08576	0.02988	0.02148	0.02968	0.03242	0.01791	0.21033	0.10770	0.05723	0.02554	0.02615	0.01915	0.01270	0.00965	0.00350	0.01085	0.00896	0.00940	0.01650

[dist]
# distance from previous block
# <min> <max>
0	1

[block]
# block no. 6 follows, 10 sequences, length 9
# corresponding to MSA columns:
# 772-780
name=unknown_G
#
# <colnr> <probs for GDERKNQSTAVLIFYWHMCP>
#	G	D	E	R	K	N	Q	S	T	A	V	L	I	F	Y	W	H	M	C	P
0	0.17728	0.03000	0.07397	0.13193	0.12895	0.07313	0.02550	0.08626	0.02873	0.10408	0.02363	0.02719	0.01741	0.01180	0.01047	0.00357	0.01338	0.00922	0.00765	0.01587
1	0.02878	0.09930	0.21002	0.02691	0.03886	0.02653	0.05828	0.04212	0.11336	0.09147	0.02814	0.02944	0.02078	0.01166	0.01063	0.00327	0.01306	0.00958	0.00765	0.13016
2	0.02603	0.02107	0.02044	0.01941	0.02172	0.11033	0.01388	0.02947	0.10795	0.02698	0.02484	0.03424	0.02210	0.03069	0.03288	0.42033	0.01190	0.01019	0.00648	0.00906
3	0.02086	0.02507	0.11906	0.08517	0.03868	0.01952	0.08085	0.02967	0.05508	0.03491	0.04451	0.16199	0.04544	0.02299	0.01390	0.00451	0.01274	0.16348	0.00854	0.01302
4	0.02673	0.02825	0.05466	0.13740	0.05861	0.02868	0.31105	0.04045	0.11398	0.03801	0.02743	0.03354	0.02057	0.01124	0.01299	0.00392	0.01693	0.01301	0.00686	0.01569
5	0.03295	0.02499	0.02953	0.12407	0.04049	0.02835	0.02151	0.13096	0.27854	0.10200	0.03871	0.03788	0.02821	0.01453	0.01174	0.00381	0.01110	0.01198	0.01084	0.01779
6	0.02504	0.02984	0.17270	0.08230	0.03706	0.02043	0.02450	0.07940	0.03045	0.08597	0.16222	0.11426	0.05015	0.01837	0.01243	0.00380	0.01139	0.01571	0.00940	0.01458
7	0.01865	0.11788	0.02248	0.01466	0.01843	0.01714	0.01144	0.02230	0.02699	0.03565	0.25588	0.07751	0.16044	0.12774	0.02103	0.00491	0.00790	0.01829	0.00992	0.01073
8	0.10059	0.01796	0.02405	0.06901	0.08188	0.01750	0.01738	0.03579	0.02951	0.19309	0.18214	0.05591	0.09243	0.01746	0.01196	0.00365	0.00904	0.01476	0.01109	0.01478

[dist]
# distance from previous block
# <min> <max>
3	61

[block]
# block no. 7 follows, 10 sequences, length 30
# corresponding to MSA columns:
# 842-871
name=unknown_H
#
# <colnr> <probs for GDERKNQSTAVLIFYWHMCP>
#	G	D	E	R	K	N	Q	S	T	A	V	L	I	F	Y	W	H	M	C	P
0	0.16328	0.03631	0.18195	0.02520	0.03600	0.02793	0.02542	0.13325	0.11406	0.10285	0.02875	0.02905	0.02052	0.01279	0.01060	0.00366	0.01243	0.00965	0.00900	0.01729
1	0.18111	0.02752	0.06758	0.02212	0.03039	0.02684	0.01924	0.17134	0.11306	0.11284	0.08287	0.03599	0.03123	0.01442	0.01084	0.00364	0.01055	0.01111	0.01056	0.01674
2	0.36100	0.08502	0.02794	0.02506	0.09010	0.02781	0.01783	0.03226	0.02244	0.04401	0.07606	0.02909	0.02554	0.01334	0.01230	0.00364	0.07689	0.00906	0.00718	0.01345
3	0.09937	0.20577	0.11851	0.02060	0.03055	0.02771	0.02048	0.03521	0.02572	0.09568	0.08052	0.03127	0.02801	0.01217	0.00949	0.00295	0.01105	0.00916	0.00760	0.12817
4	0.01924	0.01370	0.01828	0.08950	0.02620	0.01485	0.01412	0.02477	0.07750	0.03059	0.04043	0.19849	0.04166	0.09387	0.06766	0.12086	0.01120	0.01807	0.06884	0.01017
5	0.02573	0.02346	0.08126	0.07293	0.03377	0.02049	0.05623	0.08481	0.06824	0.07988	0.10002	0.11346	0.04360	0.11937	0.02084	0.00518	0.01157	0.01611	0.00932	0.01374
6	0.02446	0.05223	0.40363	0.03752	0.05322	0.02767	0.16239	0.03695	0.02535	0.03695	0.02160	0.02643	0.01554	0.01071	0.01179	0.00375	0.01785	0.01001	0.00518	0.01677
7	0.02196	0.01617	0.02455	0.17344	0.09478	0.01709	0.01977	0.02610	0.02335	0.07587	0.04173	0.24677	0.04392	0.09874	0.01921	0.00511	0.01090	0.01995	0.00848	0.01211
8	0.02334	0.07240	0.12037	0.02114	0.02776	0.01985	0.01974	0.03247	0.08184	0.08169	0.11761	0.16028	0.04940	0.02956	0.08368	0.00583	0.01287	0.01702	0.00936	0.01380
9	0.02804	0.04259	0.30384	0.03167	0.04482	0.02387	0.11150	0.03844	0.02752	0.11965	0.08416	0.03570	0.02892	0.01290	0.01195	0.00371	0.01501	0.01150	0.00760	0.01662
10	0.02668	0.02382	0.06581	0.01885	0.02962	0.01659	0.01648	0.03247	0.02501	0.08364	0.02305	0.02560	0.01811	0.00935	0.00910	0.00206	0.00943	0.00748	0.00743	0.54939
11	0.02078	0.01225	0.01545	0.01587	0.01884	0.01089	0.01141	0.02348	0.02529	0.11803	0.07448	0.36801	0.17908	0.03077	0.01401	0.00432	0.00709	0.02713	0.01143	0.01137
12	0.03685	0.02472	0.03067	0.08626	0.07760	0.02666	0.02168	0.12777	0.20865	0.17396	0.03853	0.03713	0.02740	0.01420	0.01171	0.00373	0.01109	0.01176	0.01123	0.01841
13	0.03109	0.59826	0.06095	0.01990	0.02985	0.04602	0.01990	0.03483	0.02363	0.02736	0.01617	0.01866	0.01493	0.00995	0.00746	0.00249	0.01244	0.00622	0.00498	0.01493
14	0.02775	0.14371	0.09974	0.02019	0.03125	0.02340	0.01921	0.03368	0.02483	0.07592	0.02186	0.02434	0.01738	0.00969	0.00896	0.00230	0.01065	0.00738	0.00685	0.39091
15	0.01540	0.01682	0.08280	0.01846	0.02135	0.01180	0.01510	0.01896	0.02257	0.03065	0.05831	0.50880	0.06860	0.03304	0.01434	0.00458	0.00815	0.02979	0.01001	0.01048
16	0.01560	0.01320	0.01367	0.01361	0.01755	0.01206	0.01016	0.02203	0.08233	0.03331	0.10443	0.14754	0.41634	0.02847	0.01362	0.00400	0.00637	0.02398	0.01092	0.01081
17	0.02858	0.02420	0.04187	0.08458	0.14726	0.02406	0.15214	0.08185	0.02930	0.08454	0.03413	0.14882	0.03153	0.01663	0.01289	0.00391	0.01362	0.01629	0.00826	0.01555
18	0.02262	0.02196	0.03893	0.50162	0.07779	0.02627	0.08558	0.03062	0.02376	0.03062	0.02101	0.03105	0.01576	0.01141	0.01188	0.00388	0.01600	0.01074	0.00525	0.01325
19	0.02618	0.01562	0.01724	0.01575	0.02015	0.01623	0.01215	0.03863	0.14923	0.09785	0.10480	0.04878	0.04188	0.01559	0.01023	0.00325	0.00690	0.01290	0.33282	0.01380
20	0.01417	0.01012	0.01350	0.01619	0.01687	0.00945	0.01080	0.01619	0.02227	0.02969	0.06410	0.58367	0.07692	0.03644	0.01484	0.00472	0.00675	0.03306	0.01080	0.00945
21	0.03491	0.10846	0.13797	0.03039	0.04148	0.02734	0.13721	0.04573	0.08427	0.18725	0.03173	0.03232	0.02227	0.01218	0.01153	0.00359	0.01397	0.01105	0.00889	0.01745
22	0.04476	0.01989	0.02833	0.02675	0.09370	0.01777	0.01885	0.04970	0.03233	0.40372	0.09865	0.04381	0.03711	0.01498	0.01191	0.00359	0.00989	0.01264	0.01305	0.01855
23	0.09603	0.01490	0.01771	0.01670	0.01987	0.01573	0.01321	0.02333	0.02774	0.04106	0.27586	0.08034	0.16019	0.02368	0.01608	0.00403	0.07381	0.05796	0.01063	0.01113
24	0.09381	0.12373	0.13907	0.02340	0.03245	0.02457	0.05909	0.03054	0.02417	0.03669	0.08742	0.03550	0.03030	0.02544	0.10355	0.00588	0.01555	0.01051	0.00678	0.09155
25	0.02787	0.09177	0.14553	0.07770	0.07654	0.02466	0.02560	0.08499	0.02768	0.07754	0.03025	0.08287	0.02707	0.01894	0.01573	0.08267	0.01285	0.04761	0.00759	0.01453
26	0.02212	0.02718	0.13801	0.07213	0.03434	0.01963	0.02177	0.03374	0.10397	0.03932	0.09764	0.10483	0.04009	0.01641	0.01138	0.00344	0.01041	0.01399	0.06227	0.12732
27	0.03244	0.13398	0.03826	0.10040	0.09514	0.02880	0.02278	0.07782	0.02783	0.11831	0.02418	0.02764	0.01863	0.01235	0.01348	0.00325	0.07883	0.00917	0.00763	0.12908
28	0.09694	0.12769	0.09074	0.03012	0.09817	0.09124	0.02367	0.08443	0.06845	0.13935	0.02732	0.02807	0.02010	0.01220	0.01034	0.00335	0.01310	0.00926	0.00849	0.01697
29	0.16697	0.02242	0.02443	0.07006	0.03113	0.02407	0.01691	0.17408	0.03218	0.04911	0.03062	0.12229	0.02890	0.06336	0.01475	0.00418	0.01061	0.01343	0.00901	0.09150

[dist]
# distance from previous block
# <min> <max>
2	21

[block]
# block no. 8 follows, 10 sequences, length 8
# corresponding to MSA columns:
# 893-900
name=unknown_I
#
# <colnr> <probs for GDERKNQSTAVLIFYWHMCP>
#	G	D	E	R	K	N	Q	S	T	A	V	L	I	F	Y	W	H	M	C	P
0	0.07682	0.10996	0.02803	0.12339	0.03384	0.02126	0.01764	0.03051	0.02534	0.11512	0.08458	0.20247	0.04513	0.02045	0.01180	0.00382	0.00994	0.01751	0.00927	0.01312
1	0.03302	0.07621	0.02464	0.01789	0.02306	0.01677	0.01415	0.03511	0.02688	0.22968	0.11385	0.09587	0.04297	0.02368	0.01984	0.15890	0.00920	0.01429	0.01060	0.01339
2	0.02552	0.02228	0.03233	0.21057	0.10255	0.02640	0.02556	0.10022	0.02747	0.03739	0.02937	0.13633	0.02840	0.01834	0.01734	0.00416	0.11971	0.01474	0.00736	0.01396
3	0.14693	0.07993	0.09006	0.11115	0.07678	0.02832	0.02362	0.10693	0.07760	0.04315	0.02351	0.02801	0.01836	0.01500	0.01395	0.07284	0.01242	0.00932	0.00728	0.01484
4	0.10362	0.01841	0.02032	0.01834	0.02378	0.01881	0.01417	0.08219	0.10507	0.12918	0.05947	0.17946	0.13570	0.02237	0.01234	0.00397	0.00844	0.01879	0.01128	0.01428
5	0.02402	0.01636	0.02465	0.07727	0.03096	0.01528	0.05678	0.02891	0.02726	0.11552	0.14961	0.20910	0.05775	0.02171	0.01291	0.00379	0.00928	0.01967	0.01034	0.08883
6	0.25195	0.17040	0.03181	0.01793	0.02684	0.02730	0.01560	0.03769	0.02430	0.13481	0.02287	0.02393	0.01730	0.01082	0.00843	0.00292	0.00998	0.00745	0.00795	0.14970
7	0.02999	0.02953	0.15331	0.02320	0.03202	0.02062	0.02236	0.08376	0.06969	0.13518	0.03575	0.12088	0.03067	0.01914	0.01502	0.06737	0.01140	0.01374	0.00925	0.07713

[dist]
# distance from previous block
# <min> <max>
0	2

[block]
# block no. 9 follows, 10 sequences, length 49
# corresponding to MSA columns:
# 903-951
name=unknown_J
#
# <colnr> <probs for GDERKNQSTAVLIFYWHMCP>
#	G	D	E	R	K	N	Q	S	T	A	V	L	I	F	Y	W	H	M	C	P
0	0.08634	0.22768	0.03547	0.01948	0.02619	0.11239	0.01654	0.03563	0.02624	0.09303	0.07098	0.03202	0.02754	0.01524	0.01244	0.06052	0.01170	0.00932	0.06780	0.01346
1	0.02820	0.05447	0.35151	0.03507	0.04904	0.13548	0.10946	0.03891	0.02678	0.03515	0.02070	0.02492	0.01526	0.01104	0.01137	0.00358	0.01837	0.00920	0.00530	0.01617
2	0.02621	0.01954	0.02256	0.02011	0.02588	0.02034	0.01583	0.04406	0.24361	0.08766	0.17361	0.06049	0.05616	0.01853	0.01238	0.00374	0.00831	0.05045	0.01175	0.07879
3	0.01726	0.01341	0.01886	0.15182	0.03215	0.01393	0.01553	0.02011	0.02354	0.03022	0.10481	0.16816	0.17944	0.02767	0.01886	0.11683	0.00915	0.01982	0.00860	0.00982
4	0.01806	0.01104	0.01456	0.01456	0.01490	0.01138	0.00938	0.01690	0.01656	0.02242	0.02977	0.05633	0.03210	0.30880	0.13354	0.24881	0.01409	0.01371	0.00619	0.00687
5	0.01476	0.01058	0.01403	0.01579	0.01700	0.00984	0.01084	0.01768	0.02503	0.03408	0.18019	0.45507	0.08542	0.03316	0.01455	0.00445	0.00642	0.02995	0.01132	0.00984
6	0.02412	0.02067	0.02412	0.01723	0.02756	0.01550	0.01378	0.02929	0.02412	0.03790	0.02067	0.02412	0.01723	0.00861	0.00861	0.00172	0.00861	0.00689	0.00689	0.66236
7	0.02893	0.02498	0.02630	0.02367	0.03024	0.02893	0.01841	0.06180	0.49770	0.04865	0.04734	0.04339	0.03550	0.01578	0.01183	0.00394	0.00920	0.01315	0.01183	0.01841
8	0.53163	0.02284	0.02176	0.02266	0.08350	0.02536	0.01586	0.03667	0.02198	0.09896	0.01992	0.02221	0.01496	0.01111	0.00818	0.00358	0.00967	0.00734	0.00776	0.01404
9	0.03500	0.01602	0.01892	0.01587	0.02149	0.01530	0.01266	0.07625	0.03027	0.22703	0.04007	0.04065	0.02858	0.01390	0.00976	0.00311	0.00772	0.01113	0.36130	0.01495
10	0.02472	0.01604	0.02039	0.02040	0.02410	0.01610	0.01635	0.09909	0.03043	0.08958	0.05536	0.26268	0.05882	0.02885	0.01447	0.00465	0.00959	0.18443	0.01127	0.01268
11	0.02962	0.02279	0.03973	0.03396	0.07977	0.02197	0.17601	0.03817	0.07042	0.12848	0.03660	0.05325	0.03150	0.10892	0.02068	0.00520	0.01385	0.06534	0.00882	0.01494
12	0.02066	0.01182	0.01562	0.01657	0.01853	0.01088	0.01144	0.02288	0.02352	0.11011	0.05832	0.44297	0.06553	0.08954	0.01886	0.00521	0.00772	0.02792	0.01100	0.01089
13	0.01613	0.01145	0.01540	0.01786	0.01923	0.01109	0.01346	0.01924	0.02350	0.03099	0.06075	0.36869	0.07013	0.08332	0.01918	0.00553	0.00864	0.18525	0.01044	0.00971
14	0.02697	0.26136	0.27565	0.03067	0.04420	0.03468	0.10491	0.03613	0.02467	0.03328	0.01951	0.02341	0.01528	0.01043	0.01011	0.00326	0.01577	0.00852	0.00509	0.01608
