[name]
unknown

[dist]
# distance from previous block
# <min> <max>
1	50

[block]
# block no. 0 follows, 13 sequences, length 38
# corresponding to MSA columns:
# 58-95
name=unknown_A
#
# <colnr> <probs for GDERKNQSTAVLIFYWHMCP>
#	G	D	E	R	K	N	Q	S	T	A	V	L	I	F	Y	W	H	M	C	P
0	0.11526	0.07759	0.03556	0.13998	0.19654	0.02576	0.05542	0.06927	0.05375	0.03693	0.02025	0.02494	0.01610	0.00998	0.00952	0.00304	0.01170	0.00862	0.00607	0.08374
1	0.02562	0.02362	0.07251	0.07230	0.20041	0.02179	0.07425	0.03639	0.11749	0.09235	0.11742	0.03859	0.03409	0.01281	0.01106	0.00335	0.01101	0.01183	0.00803	0.01508
2	0.01359	0.00989	0.01280	0.01390	0.01541	0.00911	0.00973	0.01661	0.02399	0.03258	0.23891	0.38745	0.11976	0.02854	0.01305	0.00389	0.00567	0.02556	0.01046	0.00911
3	0.01510	0.01024	0.01240	0.01240	0.01394	0.00976	0.00848	0.01521	0.01837	0.02335	0.05639	0.06833	0.22694	0.18227	0.08913	0.19760	0.00996	0.01585	0.00711	0.00716
4	0.04744	0.01799	0.02454	0.01881	0.02699	0.01554	0.01554	0.05153	0.03026	0.56979	0.04171	0.03599	0.02617	0.01309	0.01063	0.00327	0.00900	0.01063	0.01309	0.01799
5	0.01288	0.00920	0.01227	0.01472	0.01534	0.00859	0.00981	0.01472	0.02024	0.02699	0.05828	0.62152	0.06993	0.03312	0.01350	0.00429	0.00613	0.03006	0.00981	0.00859
6	0.02827	0.63478	0.05540	0.01809	0.02714	0.04184	0.01809	0.03166	0.02148	0.02488	0.01470	0.01696	0.01357	0.00905	0.00678	0.00226	0.01131	0.00565	0.00452	0.01357
7	0.01538	0.01025	0.01153	0.01153	0.01153	0.01025	0.00641	0.01538	0.01538	0.02050	0.03331	0.06919	0.03844	0.62842	0.05382	0.01025	0.01025	0.01538	0.00641	0.00641
8	0.02827	0.63478	0.05540	0.01809	0.02714	0.04184	0.01809	0.03166	0.02148	0.02488	0.01470	0.01696	0.01357	0.00905	0.00678	0.00226	0.01131	0.00565	0.00452	0.01357
9	0.70310	0.02045	0.01554	0.01390	0.02045	0.02372	0.01145	0.03108	0.01799	0.04744	0.01472	0.01718	0.01145	0.00981	0.00654	0.00327	0.00818	0.00573	0.00654	0.01145
10	0.01496	0.01081	0.01413	0.01330	0.01580	0.00998	0.00998	0.01995	0.02993	0.04240	0.55689	0.07898	0.09976	0.02162	0.01247	0.00333	0.00499	0.01912	0.01164	0.00998
11	0.01579	0.01167	0.01484	0.01390	0.01664	0.01116	0.01047	0.02258	0.06714	0.04253	0.51965	0.07611	0.09487	0.02109	0.01235	0.00334	0.00523	0.01860	0.01158	0.01047
12	0.01971	0.00985	0.00985	0.00985	0.01232	0.00985	0.00739	0.02464	0.02217	0.03942	0.03449	0.03942	0.02710	0.01232	0.00739	0.00246	0.00493	0.00985	0.68712	0.00985
13	0.02943	0.57433	0.05277	0.01904	0.02771	0.09813	0.01833	0.03275	0.02236	0.02498	0.01487	0.01718	0.01357	0.00924	0.00707	0.00231	0.01211	0.00577	0.00462	0.01343
14	0.04019	0.02962	0.03173	0.02433	0.03279	0.03279	0.02010	0.52721	0.04971	0.06663	0.02538	0.02538	0.01798	0.01269	0.01058	0.00317	0.01163	0.00952	0.01058	0.01798
15	0.01678	0.01908	0.12060	0.01607	0.02107	0.01275	0.01520	0.02316	0.02745	0.04030	0.38529	0.06294	0.07369	0.01818	0.01134	0.00322	0.00702	0.01574	0.09910	0.01104
16	0.57280	0.02013	0.01676	0.01424	0.02133	0.02188	0.01166	0.03023	0.01875	0.04495	0.01550	0.01808	0.01226	0.00944	0.00679	0.00295	0.00811	0.00583	0.00649	0.14183
17	0.02121	0.05469	0.57364	0.03014	0.04576	0.02455	0.03906	0.03348	0.02232	0.03348	0.01897	0.02232	0.01339	0.01005	0.01005	0.00335	0.01563	0.00781	0.00446	0.01563
18	0.04019	0.02962	0.03173	0.02433	0.03279	0.03279	0.02010	0.52721	0.04971	0.06663	0.02538	0.02538	0.01798	0.01269	0.01058	0.00317	0.01163	0.00952	0.01058	0.01798
19	0.04093	0.02844	0.03100	0.02377	0.03220	0.03104	0.01963	0.47897	0.04774	0.11766	0.02704	0.02646	0.01881	0.01273	0.01058	0.00318	0.01137	0.00963	0.01083	0.01798
20	0.01414	0.01129	0.01498	0.01874	0.07163	0.01040	0.01163	0.01669	0.02177	0.02823	0.06860	0.40779	0.20734	0.02881	0.01289	0.00396	0.00657	0.02566	0.00934	0.00953
21	0.04093	0.02844	0.03100	0.02377	0.03220	0.03104	0.01963	0.47897	0.04774	0.11766	0.02704	0.02646	0.01881	0.01273	0.01058	0.00318	0.01137	0.00963	0.01083	0.01798
22	0.17286	0.01846	0.02282	0.01787	0.02574	0.01710	0.01476	0.04762	0.02792	0.46987	0.03655	0.03239	0.02336	0.01246	0.00985	0.00327	0.00884	0.00969	0.01183	0.01674
23	0.01664	0.00972	0.01266	0.01266	0.01313	0.00949	0.00815	0.01447	0.01565	0.02039	0.03483	0.05306	0.09614	0.22233	0.04145	0.38575	0.00901	0.01288	0.00586	0.00574
24	0.02606	0.02523	0.04299	0.05837	0.45545	0.02541	0.08170	0.03502	0.07711	0.03546	0.02240	0.02777	0.01826	0.00987	0.01071	0.00323	0.01268	0.01000	0.00581	0.01649
25	0.03901	0.01978	0.02726	0.02192	0.02726	0.02138	0.01817	0.04248	0.02538	0.38095	0.03206	0.03153	0.02191	0.01497	0.01898	0.00374	0.21717	0.01015	0.01015	0.01576
26	0.20657	0.02098	0.02381	0.01874	0.02658	0.02108	0.01547	0.14397	0.03124	0.33875	0.03176	0.02921	0.02089	0.01220	0.00962	0.00325	0.00934	0.00920	0.01097	0.01639
27	0.03667	0.02066	0.06822	0.07876	0.03174	0.01738	0.01825	0.07591	0.03001	0.34908	0.12117	0.04042	0.03545	0.01396	0.01088	0.00331	0.00958	0.01160	0.01112	0.01585
28	0.02207	0.07756	0.11389	0.08451	0.07179	0.01949	0.07118	0.02786	0.02395	0.08578	0.08023	0.11463	0.12978	0.01684	0.01118	0.00342	0.01061	0.01480	0.00766	0.01274
29	0.01695	0.01493	0.02590	0.02605	0.08023	0.01456	0.11214	0.02094	0.02102	0.02870	0.04229	0.35067	0.04691	0.03352	0.10645	0.00610	0.01268	0.02147	0.00780	0.01067
30	0.01837	0.00918	0.01377	0.01377	0.01377	0.00918	0.00918	0.01377	0.01377	0.01837	0.01837	0.03214	0.01837	0.03673	0.04132	0.69238	0.00918	0.00918	0.00459	0.00459
31	0.02192	0.01879	0.02192	0.01566	0.02506	0.01409	0.01253	0.02662	0.02192	0.03445	0.01879	0.02192	0.01566	0.00783	0.00783	0.00157	0.00783	0.00626	0.00626	0.69305
32	0.02350	0.23098	0.37973	0.02628	0.03889	0.03037	0.03160	0.03241	0.02167	0.03032	0.01733	0.02073	0.01348	0.01028	0.01062	0.00310	0.05225	0.00724	0.00449	0.01473
33	0.01380	0.01062	0.01270	0.01313	0.01572	0.00952	0.00987	0.01727	0.02526	0.03292	0.23385	0.18927	0.27716	0.02654	0.01288	0.00375	0.00582	0.07026	0.01038	0.00928
34	0.01538	0.01025	0.01153	0.01153	0.01153	0.01025	0.00641	0.01538	0.01538	0.02050	0.03331	0.06919	0.03844	0.62842	0.05382	0.01025	0.01025	0.01538	0.00641	0.00641
35	0.09000	0.07498	0.10637	0.05854	0.03387	0.05579	0.08455	0.03543	0.02535	0.17663	0.08206	0.07404	0.02983	0.01350	0.01043	0.00330	0.01150	0.01156	0.00825	0.01402
36	0.02666	0.08327	0.02869	0.08301	0.08600	0.02428	0.01861	0.04288	0.25643	0.08053	0.03238	0.03279	0.02455	0.01208	0.00978	0.00311	0.00943	0.01002	0.05960	0.07591
37	0.02990	0.17171	0.07226	0.01814	0.02761	0.02202	0.01665	0.03469	0.02396	0.16792	0.02362	0.02431	0.01765	0.00963	0.00845	0.00230	0.00956	0.00734	0.00744	0.30483

[dist]
# distance from previous block
# <min> <max>
0	2

[block]
# block no. 1 follows, 13 sequences, length 33
# corresponding to MSA columns:
# 98-130
name=unknown_B
#
# <colnr> <probs for GDERKNQSTAVLIFYWHMCP>
#	G	D	E	R	K	N	Q	S	T	A	V	L	I	F	Y	W	H	M	C	P
0	0.02332	0.09310	0.28460	0.07697	0.12790	0.07052	0.03030	0.03174	0.02399	0.03284	0.08330	0.02950	0.02445	0.01136	0.01012	0.00318	0.01361	0.00929	0.00556	0.01437
1	0.04333	0.07014	0.07256	0.02003	0.02890	0.01941	0.01796	0.07781	0.03012	0.45190	0.03672	0.03272	0.02363	0.01249	0.01028	0.00319	0.00989	0.00994	0.01155	0.01745
2	0.02221	0.02724	0.12664	0.30817	0.10040	0.02463	0.10431	0.03313	0.08580	0.03184	0.02226	0.02847	0.01671	0.01060	0.01079	0.00348	0.01409	0.00991	0.00554	0.01379
3	0.02501	0.02650	0.08483	0.11793	0.35048	0.02511	0.02952	0.03664	0.12761	0.03548	0.02431	0.02873	0.01924	0.01060	0.01050	0.00329	0.01218	0.00978	0.00621	0.01604
4	0.16267	0.08257	0.17499	0.09556	0.03984	0.05805	0.08423	0.03420	0.06818	0.03545	0.01999	0.02360	0.01524	0.01014	0.00932	0.00316	0.01290	0.00818	0.00576	0.05597
5	0.02310	0.03885	0.33488	0.23004	0.05359	0.02338	0.03358	0.03282	0.02261	0.07878	0.02093	0.02559	0.01477	0.01050	0.01028	0.00340	0.01450	0.00862	0.00531	0.01447
6	0.01379	0.01012	0.01294	0.01359	0.01542	0.00927	0.00967	0.01718	0.02516	0.03426	0.29326	0.30963	0.14244	0.02707	0.01290	0.00376	0.00551	0.02410	0.01065	0.00927
7	0.01445	0.01409	0.06265	0.01501	0.01810	0.01063	0.01226	0.01864	0.02496	0.03423	0.27013	0.27786	0.13625	0.02548	0.01264	0.00372	0.00640	0.02256	0.01011	0.00984
8	0.02468	0.33965	0.31907	0.02422	0.03661	0.03304	0.02876	0.03259	0.02191	0.02926	0.01687	0.01969	0.01348	0.00955	0.00844	0.00281	0.01350	0.00675	0.00449	0.01462
9	0.16042	0.02745	0.08838	0.04792	0.31571	0.02509	0.11862	0.03253	0.02287	0.03689	0.01905	0.02446	0.01526	0.00946	0.01001	0.00326	0.01292	0.00910	0.00545	0.01514
10	0.01500	0.01071	0.01469	0.01714	0.01868	0.01041	0.01349	0.01838	0.02233	0.02936	0.05711	0.36599	0.06531	0.03113	0.01406	0.00459	0.00797	0.26472	0.00977	0.00917
11	0.02147	0.02033	0.03443	0.47262	0.19147	0.02389	0.03011	0.02833	0.02185	0.02884	0.01906	0.02770	0.01474	0.01029	0.01055	0.00343	0.01372	0.00940	0.00483	0.01296
12	0.03346	0.01647	0.02244	0.08892	0.02962	0.01587	0.01585	0.04015	0.07371	0.31642	0.13055	0.09512	0.04201	0.01617	0.01121	0.00343	0.00861	0.01382	0.01131	0.01488
13	0.01635	0.01226	0.01532	0.01430	0.01722	0.01197	0.01080	0.02437	0.09250	0.04262	0.49426	0.07416	0.09154	0.02073	0.01226	0.00336	0.00540	0.01825	0.01153	0.01080
14	0.01997	0.01879	0.03171	0.60301	0.07282	0.02349	0.02936	0.02701	0.02114	0.02701	0.01879	0.02819	0.01409	0.01057	0.01057	0.00352	0.01409	0.00940	0.00470	0.01175
15	0.02192	0.01879	0.02192	0.01566	0.02506	0.01409	0.01253	0.02662	0.02192	0.03445	0.01879	0.02192	0.01566	0.00783	0.00783	0.00157	0.00783	0.00626	0.00626	0.69305
16	0.01496	0.01081	0.01413	0.01330	0.01580	0.00998	0.00998	0.01995	0.02993	0.04240	0.55689	0.07898	0.09976	0.02162	0.01247	0.00333	0.00499	0.01912	0.01164	0.00998
17	0.01477	0.01080	0.01386	0.01310	0.01568	0.00989	0.00982	0.01958	0.02947	0.04131	0.52158	0.08077	0.13574	0.02202	0.01247	0.00334	0.00502	0.01937	0.01150	0.00989
18	0.02121	0.05469	0.57364	0.03014	0.04576	0.02455	0.03906	0.03348	0.02232	0.03348	0.01897	0.02232	0.01339	0.01005	0.01005	0.00335	0.01563	0.00781	0.00446	0.01563
19	0.02630	0.02271	0.02391	0.02152	0.02749	0.02630	0.01674	0.05618	0.54336	0.04423	0.04303	0.03945	0.03228	0.01434	0.01076	0.00359	0.00837	0.01195	0.01076	0.01674
20	0.70310	0.02045	0.01554	0.01390	0.02045	0.02372	0.01145	0.03108	0.01799	0.04744	0.01472	0.01718	0.01145	0.00981	0.00654	0.00327	0.00818	0.00573	0.00654	0.01145
21	0.01516	0.01110	0.01584	0.01584	0.01733	0.01259	0.01178	0.01814	0.01665	0.02369	0.02937	0.04738	0.02897	0.19523	0.47405	0.01557	0.02451	0.01218	0.00582	0.00880
22	0.02121	0.05469	0.57364	0.03014	0.04576	0.02455	0.03906	0.03348	0.02232	0.03348	0.01897	0.02232	0.01339	0.01005	0.01005	0.00335	0.01563	0.00781	0.00446	0.01563
23	0.03950	0.05039	0.02996	0.02724	0.03269	0.58597	0.02043	0.04222	0.02996	0.02588	0.01634	0.01907	0.01362	0.01090	0.00953	0.00272	0.01907	0.00681	0.00545	0.01226
24	0.01817	0.01486	0.01659	0.01606	0.01969	0.01550	0.01201	0.03121	0.21696	0.03672	0.16023	0.18294	0.17231	0.02250	0.01206	0.00368	0.00656	0.01947	0.01052	0.01195
25	0.01506	0.01138	0.01402	0.01387	0.01639	0.01080	0.01019	0.02098	0.06682	0.03735	0.34872	0.19365	0.15256	0.02421	0.01256	0.00358	0.00554	0.02132	0.01093	0.01006
26	0.01902	0.01903	0.03777	0.02990	0.03565	0.01782	0.27145	0.02446	0.02264	0.03049	0.03951	0.31982	0.04251	0.02081	0.01298	0.00392	0.01208	0.02111	0.00754	0.01147
27	0.02575	0.01342	0.01625	0.01403	0.01918	0.01150	0.01105	0.02923	0.02709	0.23091	0.13703	0.07463	0.30570	0.02108	0.01180	0.00343	0.00666	0.01760	0.01125	0.01241
28	0.01997	0.01879	0.03171	0.60301	0.07282	0.02349	0.02936	0.02701	0.02114	0.02701	0.01879	0.02819	0.01409	0.01057	0.01057	0.00352	0.01409	0.00940	0.00470	0.01175
29	0.02832	0.01238	0.01441	0.01264	0.01687	0.01162	0.00992	0.03299	0.02469	0.20413	0.03673	0.03835	0.02681	0.01256	0.00840	0.00271	0.00619	0.01010	0.47779	0.01238
30	0.01314	0.00940	0.01250	0.01455	0.01539	0.00876	0.00983	0.01536	0.02142	0.02887	0.11904	0.55540	0.07357	0.03172	0.01337	0.00418	0.00599	0.02872	0.01004	0.00876
31	0.01385	0.01013	0.01432	0.01571	0.01688	0.01060	0.01129	0.01653	0.01883	0.02593	0.04526	0.36944	0.05102	0.05319	0.26255	0.00981	0.01578	0.02192	0.00801	0.00896
32	0.02437	0.05027	0.50750	0.02877	0.04350	0.02347	0.03623	0.03566	0.02328	0.09808	0.02171	0.02397	0.01493	0.01041	0.01012	0.00334	0.01483	0.00815	0.00550	0.01591

[dist]
# distance from previous block
# <min> <max>
3	6

[block]
# block no. 2 follows, 13 sequences, length 10
# corresponding to MSA columns:
# 137-146
name=unknown_C
#
# <colnr> <probs for GDERKNQSTAVLIFYWHMCP>
#	G	D	E	R	K	N	Q	S	T	A	V	L	I	F	Y	W	H	M	C	P
0	0.01665	0.01615	0.06357	0.01498	0.02006	0.01195	0.01281	0.02200	0.02718	0.03883	0.36447	0.06495	0.11703	0.01838	0.01135	0.00300	0.00650	0.01591	0.00980	0.14445
1	0.02354	0.23110	0.24923	0.02542	0.03607	0.02897	0.07621	0.03331	0.07194	0.03116	0.02391	0.08029	0.02094	0.01223	0.00964	0.00313	0.01286	0.01012	0.00569	0.01426
2	0.02886	0.27847	0.21099	0.02698	0.08476	0.03137	0.02595	0.07888	0.02542	0.08710	0.02021	0.02219	0.01548	0.01013	0.00889	0.00287	0.01257	0.00754	0.00598	0.01536
3	0.01465	0.01140	0.01371	0.01487	0.01790	0.01046	0.01230	0.01837	0.02421	0.03002	0.08286	0.11006	0.32234	0.02793	0.01350	0.00419	0.00743	0.24471	0.00978	0.00931
4	0.01284	0.00935	0.01211	0.01432	0.01523	0.00862	0.00964	0.01477	0.02063	0.02715	0.06316	0.56956	0.11873	0.03249	0.01340	0.00422	0.00606	0.02928	0.00982	0.00862
5	0.07728	0.03254	0.11614	0.03330	0.13557	0.12186	0.07186	0.07031	0.02775	0.17414	0.02493	0.02647	0.01780	0.01091	0.01023	0.00318	0.01342	0.00909	0.00762	0.01561
6	0.02841	0.29611	0.03922	0.10817	0.03387	0.08022	0.01909	0.09398	0.07770	0.03370	0.02149	0.02427	0.01735	0.01072	0.00851	0.00276	0.01154	0.00782	0.07141	0.01368
7	0.01837	0.00918	0.01377	0.01377	0.01377	0.00918	0.00918	0.01377	0.01377	0.01837	0.01837	0.03214	0.01837	0.03673	0.04132	0.69238	0.00918	0.00918	0.00459	0.00459
8	0.13104	0.08748	0.20517	0.02436	0.03210	0.02769	0.02500	0.02960	0.01944	0.03229	0.01617	0.02126	0.01347	0.01259	0.01735	0.00351	0.21451	0.00764	0.00502	0.07433
9	0.15653	0.08126	0.02786	0.02418	0.07910	0.06110	0.01777	0.03669	0.11904	0.09722	0.03190	0.03305	0.06746	0.01389	0.01341	0.00343	0.10472	0.00994	0.00768	0.01377

[dist]
# distance from previous block
# <min> <max>
0	1

[block]
# block no. 3 follows, 13 sequences, length 18
# corresponding to MSA columns:
# 148-165
name=unknown_D
#
# <colnr> <probs for GDERKNQSTAVLIFYWHMCP>
#	G	D	E	R	K	N	Q	S	T	A	V	L	I	F	Y	W	H	M	C	P
0	0.01419	0.01041	0.01359	0.01566	0.01733	0.00981	0.01191	0.01715	0.02218	0.02876	0.06506	0.37658	0.14228	0.03086	0.01370	0.00437	0.00720	0.18016	0.00979	0.00902
1	0.01801	0.01301	0.01624	0.01711	0.01930	0.01311	0.01274	0.09837	0.02570	0.03418	0.05258	0.43693	0.05998	0.02915	0.01322	0.00422	0.00765	0.10828	0.00992	0.01030
2	0.15376	0.06666	0.07066	0.01754	0.02680	0.02053	0.01567	0.07551	0.02379	0.03920	0.01836	0.02103	0.01474	0.00894	0.00796	0.00224	0.00916	0.00656	0.00645	0.39445
3	0.09503	0.10810	0.12863	0.02254	0.03212	0.02511	0.05107	0.10411	0.07151	0.16573	0.02641	0.02657	0.01881	0.01107	0.00952	0.00304	0.01114	0.00873	0.00825	0.07253
4	0.01966	0.01639	0.02373	0.09995	0.09588	0.01852	0.01837	0.06883	0.02251	0.03102	0.03420	0.22997	0.03606	0.03276	0.12844	0.00650	0.08180	0.01675	0.00723	0.01142
5	0.01704	0.01217	0.01704	0.01947	0.02191	0.01217	0.01704	0.02191	0.02434	0.03164	0.05598	0.11926	0.06085	0.02921	0.01460	0.00487	0.00974	0.49130	0.00974	0.00974
6	0.03195	0.07625	0.13698	0.03410	0.10868	0.02496	0.15622	0.08443	0.02781	0.17493	0.02589	0.02787	0.01828	0.01063	0.01069	0.00326	0.01338	0.00998	0.00761	0.01609
7	0.02181	0.02719	0.13995	0.21430	0.25141	0.02263	0.03023	0.02899	0.02241	0.03121	0.02377	0.09407	0.02137	0.01260	0.01076	0.00343	0.01289	0.01146	0.00545	0.01409
8	0.01837	0.00918	0.01377	0.01377	0.01377	0.00918	0.00918	0.01377	0.01377	0.01837	0.01837	0.03214	0.01837	0.03673	0.04132	0.69238	0.00918	0.00918	0.00459	0.00459
9	0.30468	0.02617	0.03477	0.02671	0.03487	0.07171	0.18765	0.07267	0.02493	0.09163	0.02048	0.02359	0.01508	0.01013	0.00950	0.00332	0.01271	0.00886	0.00697	0.01359
10	0.01352	0.00926	0.01204	0.01427	0.01505	0.00871	0.00959	0.01564	0.02042	0.02815	0.05606	0.56734	0.06594	0.03119	0.01293	0.00412	0.00602	0.02818	0.07285	0.00871
11	0.02861	0.51595	0.05455	0.02215	0.03116	0.07744	0.08376	0.03267	0.02252	0.02611	0.01568	0.01860	0.01389	0.00916	0.00771	0.00246	0.01269	0.00662	0.00469	0.01357
12	0.01997	0.01879	0.03171	0.60301	0.07282	0.02349	0.02936	0.02701	0.02114	0.02701	0.01879	0.02819	0.01409	0.01057	0.01057	0.00352	0.01409	0.00940	0.00470	0.01175
13	0.18941	0.02218	0.02586	0.02335	0.07168	0.02368	0.01744	0.16915	0.03115	0.19807	0.06034	0.02986	0.02366	0.01285	0.01149	0.00333	0.05194	0.00956	0.00957	0.01543
14	0.02478	0.08125	0.32335	0.03166	0.08973	0.02686	0.06270	0.07825	0.10864	0.03754	0.02334	0.02573	0.01731	0.01076	0.01018	0.00329	0.01369	0.00893	0.00612	0.01588
15	0.01535	0.01098	0.01504	0.01711	0.01891	0.01067	0.01370	0.01917	0.02355	0.03124	0.11403	0.29032	0.06847	0.02971	0.01397	0.00449	0.00793	0.27602	0.00998	0.00936
16	0.01611	0.01283	0.01965	0.01687	0.02031	0.01189	0.06873	0.02154	0.02936	0.04142	0.49568	0.07321	0.09019	0.02016	0.01247	0.00335	0.00646	0.01836	0.01092	0.01047
17	0.02656	0.14033	0.23239	0.02391	0.03355	0.02680	0.02520	0.07703	0.09312	0.08502	0.02704	0.07589	0.02229	0.01343	0.01154	0.00333	0.05015	0.01036	0.00708	0.01498

[dist]
# distance from previous block
# <min> <max>
0	8

[block]
# block no. 4 follows, 13 sequences, length 36
# corresponding to MSA columns:
# 174-209
name=unknown_E
#
# <colnr> <probs for GDERKNQSTAVLIFYWHMCP>
#	G	D	E	R	K	N	Q	S	T	A	V	L	I	F	Y	W	H	M	C	P
0	0.13523	0.01833	0.08236	0.01728	0.02225	0.01445	0.01477	0.02736	0.02221	0.14460	0.04292	0.32769	0.04437	0.02233	0.01134	0.00380	0.00820	0.01932	0.00932	0.01187
1	0.01533	0.01043	0.01243	0.01243	0.01275	0.01074	0.00753	0.01596	0.01564	0.02117	0.03249	0.06462	0.03645	0.53762	0.14190	0.01137	0.01324	0.01471	0.00628	0.00691
2	0.70310	0.02045	0.01554	0.01390	0.02045	0.02372	0.01145	0.03108	0.01799	0.04744	0.01472	0.01718	0.01145	0.00981	0.00654	0.00327	0.00818	0.00573	0.00654	0.01145
3	0.11680	0.08657	0.03531	0.23830	0.14817	0.02581	0.05229	0.06272	0.02414	0.08325	0.02067	0.02570	0.01565	0.01035	0.00973	0.00324	0.01231	0.00881	0.00619	0.01396
4	0.01509	0.01163	0.01361	0.01351	0.01633	0.01093	0.01025	0.02025	0.05737	0.03377	0.24077	0.08906	0.24937	0.08826	0.01703	0.00437	0.00652	0.08213	0.01012	0.00961
5	0.01997	0.01879	0.03171	0.60301	0.07282	0.02349	0.02936	0.02701	0.02114	0.02701	0.01879	0.02819	0.01409	0.01057	0.01057	0.00352	0.01409	0.00940	0.00470	0.01175
6	0.02827	0.63478	0.05540	0.01809	0.02714	0.04184	0.01809	0.03166	0.02148	0.02488	0.01470	0.01696	0.01357	0.00905	0.00678	0.00226	0.01131	0.00565	0.00452	0.01357
7	0.02627	0.42624	0.17071	0.02426	0.03498	0.03602	0.08991	0.03236	0.02213	0.02797	0.01653	0.01968	0.01386	0.00925	0.00826	0.00267	0.01313	0.00704	0.00462	0.01411
8	0.01819	0.00958	0.01421	0.01453	0.01485	0.00958	0.01023	0.01485	0.01518	0.02013	0.02336	0.04371	0.02401	0.03573	0.03777	0.60108	0.00926	0.07320	0.00527	0.00527
9	0.01413	0.01124	0.01299	0.01387	0.01703	0.01009	0.01128	0.01760	0.02419	0.02967	0.08870	0.10806	0.37907	0.02765	0.01326	0.00404	0.00693	0.19121	0.00979	0.00922
10	0.03437	0.02299	0.08251	0.09470	0.03927	0.01915	0.12670	0.04041	0.02656	0.30117	0.03386	0.07686	0.02475	0.01315	0.01118	0.00345	0.01186	0.01210	0.00941	0.01552
11	0.03479	0.07715	0.12778	0.08386	0.03602	0.06568	0.02219	0.06652	0.08930	0.24409	0.03048	0.02980	0.02097	0.01191	0.01014	0.00322	0.01174	0.00941	0.00898	0.01597
12	0.02827	0.63478	0.05540	0.01809	0.02714	0.04184	0.01809	0.03166	0.02148	0.02488	0.01470	0.01696	0.01357	0.00905	0.00678	0.00226	0.01131	0.00565	0.00452	0.01357
13	0.01337	0.00941	0.01212	0.01410	0.01459	0.00891	0.00915	0.01485	0.01929	0.02572	0.05339	0.51351	0.06377	0.14954	0.02138	0.00546	0.00694	0.02719	0.00915	0.00816
14	0.03501	0.21530	0.07119	0.02532	0.09274	0.02758	0.02023	0.10118	0.02833	0.21007	0.02597	0.02593	0.01872	0.01087	0.00922	0.00284	0.01083	0.00839	0.00826	0.05202
15	0.53693	0.02122	0.01867	0.01580	0.02279	0.02372	0.01303	0.09300	0.02341	0.11909	0.01958	0.02065	0.01418	0.01059	0.00757	0.00326	0.00870	0.00683	0.00789	0.01310
16	0.01837	0.00918	0.01377	0.01377	0.01377	0.00918	0.00918	0.01377	0.01377	0.01837	0.01837	0.03214	0.01837	0.03673	0.04132	0.69238	0.00918	0.00918	0.00459	0.00459
17	0.01283	0.00940	0.01206	0.01419	0.01520	0.00863	0.00958	0.01478	0.02076	0.02720	0.06476	0.55250	0.13477	0.03228	0.01336	0.00420	0.00603	0.02903	0.00982	0.00863
18	0.04137	0.10458	0.03373	0.02268	0.03099	0.08074	0.07708	0.04580	0.02843	0.37591	0.03302	0.03078	0.02196	0.01182	0.01023	0.00311	0.01142	0.00979	0.01022	0.01635
19	0.02398	0.01783	0.02155	0.01650	0.02484	0.01399	0.01345	0.02863	0.02313	0.09074	0.02616	0.03634	0.02277	0.01123	0.00903	0.00219	0.00821	0.07114	0.00745	0.53087
20	0.03950	0.05039	0.02996	0.02724	0.03269	0.58597	0.02043	0.04222	0.02996	0.02588	0.01634	0.01907	0.01362	0.01090	0.00953	0.00272	0.01907	0.00681	0.00545	0.01226
21	0.02540	0.10265	0.08760	0.25318	0.04542	0.02202	0.02296	0.03108	0.02295	0.13355	0.02928	0.12572	0.02555	0.01453	0.01051	0.00342	0.01157	0.01239	0.00714	0.01310
22	0.01275	0.01042	0.01127	0.01169	0.01460	0.00894	0.00853	0.01544	0.02378	0.02928	0.13095	0.20171	0.42866	0.02764	0.01269	0.00369	0.00548	0.02359	0.00995	0.00894
23	0.01510	0.01133	0.01699	0.01699	0.01888	0.01322	0.01322	0.01888	0.01699	0.02454	0.02832	0.04154	0.02643	0.07930	0.58652	0.01699	0.02832	0.01133	0.00566	0.00944
24	0.02194	0.06906	0.27835	0.02247	0.03473	0.02044	0.02508	0.03006	0.02208	0.03348	0.01865	0.02184	0.01450	0.00892	0.00880	0.00243	0.01162	0.00695	0.00534	0.34327
25	0.57007	0.09448	0.02158	0.01523	0.02222	0.02660	0.01293	0.07044	0.02092	0.04627	0.01556	0.01780	0.01222	0.00995	0.00689	0.00314	0.00883	0.00602	0.00662	0.01222
26	0.01452	0.01063	0.01362	0.01322	0.01561	0.00973	0.00978	0.01896	0.02837	0.03951	0.46313	0.13847	0.13838	0.02330	0.01258	0.00345	0.00514	0.02057	0.01128	0.00973
27	0.10144	0.01840	0.02313	0.01765	0.02596	0.01596	0.01449	0.04406	0.02727	0.40165	0.03409	0.03111	0.02246	0.01160	0.00963	0.00289	0.00866	0.00920	0.01095	0.16940
28	0.02529	0.26450	0.34151	0.02528	0.03793	0.03152	0.02990	0.07192	0.02419	0.03297	0.01792	0.02061	0.01382	0.00989	0.00890	0.00294	0.01373	0.00716	0.00497	0.01506
29	0.03535	0.01900	0.02327	0.01777	0.02585	0.01671	0.01447	0.10360	0.02977	0.28991	0.03980	0.03745	0.07833	0.01295	0.01001	0.00279	0.00862	0.01045	0.01042	0.21348
30	0.01508	0.01028	0.01273	0.01285	0.01500	0.00956	0.00936	0.01917	0.02600	0.03734	0.32261	0.19640	0.11733	0.02308	0.01186	0.00342	0.00527	0.02030	0.12278	0.00956
31	0.02170	0.02102	0.02889	0.32271	0.05086	0.07232	0.06208	0.03008	0.07773	0.03008	0.03179	0.07989	0.06151	0.01389	0.01083	0.00346	0.01247	0.01224	0.04448	0.01196
32	0.06534	0.01812	0.02620	0.17159	0.03729	0.01989	0.04508	0.03337	0.05170	0.17100	0.07623	0.03922	0.02887	0.08688	0.01836	0.00435	0.07400	0.01140	0.00818	0.01294
33	0.03374	0.01438	0.01910	0.01651	0.02174	0.01277	0.01285	0.03725	0.02628	0.34332	0.04583	0.21241	0.03944	0.01902	0.01111	0.00348	0.00765	0.01638	0.09254	0.01419
34	0.01854	0.02108	0.11225	0.02186	0.02726	0.01618	0.05727	0.02748	0.08612	0.03435	0.11254	0.15694	0.05271	0.02230	0.01278	0.00407	0.00999	0.18561	0.00892	0.01175
35	0.03285	0.10317	0.13166	0.02953	0.07619	0.02522	0.10739	0.06617	0.02643	0.20868	0.02630	0.02769	0.01858	0.01150	0.01226	0.00330	0.05984	0.00958	0.00785	0.01581

[dist]
# distance from previous block
# <min> <max>
0	2

[block]
# block no. 5 follows, 13 sequences, length 21
# corresponding to MSA columns:
# 212-232
name=unknown_F
#
# <colnr> <probs for GDERKNQSTAVLIFYWHMCP>
#	G	D	E	R	K	N	Q	S	T	A	V	L	I	F	Y	W	H	M	C	P
0	0.09682	0.22391	0.07395	0.07793	0.03659	0.07234	0.09015	0.06892	0.02546	0.10966	0.02098	0.02341	0.01585	0.01027	0.00912	0.00297	0.01272	0.00815	0.00655	0.01424
1	0.02943	0.08225	0.02935	0.02221	0.02560	0.07816	0.01844	0.03264	0.02170	0.13507	0.02289	0.02722	0.01831	0.01484	0.02063	0.00361	0.28321	0.00904	0.11257	0.01283
2	0.02652	0.18146	0.27537	0.03002	0.08528	0.02837	0.06295	0.03442	0.02293	0.08874	0.02033	0.02334	0.01532	0.01054	0.01110	0.00316	0.05129	0.00816	0.00555	0.01515
3	0.01884	0.01157	0.01528	0.01410	0.01715	0.01056	0.01066	0.02347	0.02919	0.10688	0.45239	0.11746	0.08818	0.02148	0.01232	0.00340	0.00558	0.01895	0.01167	0.01086
4	0.01734	0.01367	0.01955	0.02170	0.07697	0.01521	0.01454	0.02315	0.06480	0.02676	0.02951	0.04400	0.02778	0.15140	0.38993	0.01325	0.02202	0.01181	0.00619	0.01041
5	0.01274	0.01072	0.01104	0.01096	0.01443	0.00903	0.00822	0.01564	0.02467	0.02991	0.15097	0.09953	0.51347	0.02627	0.01249	0.00355	0.00532	0.02200	0.01000	0.00903
6	0.01496	0.01081	0.01413	0.01330	0.01580	0.00998	0.00998	0.01995	0.02993	0.04240	0.55689	0.07898	0.09976	0.02162	0.01247	0.00333	0.00499	0.01912	0.01164	0.00998
7	0.02630	0.02271	0.02391	0.02152	0.02749	0.02630	0.01674	0.05618	0.54336	0.04423	0.04303	0.03945	0.03228	0.01434	0.01076	0.00359	0.00837	0.01195	0.01076	0.01674
8	0.02630	0.02271	0.02391	0.02152	0.02749	0.02630	0.01674	0.05618	0.54336	0.04423	0.04303	0.03945	0.03228	0.01434	0.01076	0.00359	0.00837	0.01195	0.01076	0.01674
9	0.02617	0.02512	0.04292	0.06490	0.56246	0.02512	0.03245	0.03245	0.02407	0.03454	0.01989	0.02617	0.01675	0.00942	0.01047	0.00314	0.01256	0.00942	0.00523	0.01675
10	0.02422	0.02699	0.05815	0.04222	0.05214	0.02538	0.47673	0.03275	0.02490	0.03366	0.02462	0.03699	0.02023	0.01081	0.01268	0.00369	0.01707	0.05718	0.00576	0.01384
11	0.11796	0.01826	0.02357	0.01828	0.02629	0.01642	0.01510	0.04933	0.02894	0.51361	0.03881	0.03396	0.02459	0.01273	0.01019	0.00327	0.00891	0.01010	0.01238	0.01729
12	0.02107	0.02030	0.03195	0.40333	0.05718	0.02658	0.02720	0.02647	0.01942	0.02647	0.01709	0.02643	0.01402	0.01333	0.01895	0.00391	0.22061	0.00935	0.00467	0.01168
13	0.01528	0.01062	0.01343	0.01343	0.01408	0.01128	0.00877	0.01659	0.01594	0.02190	0.03158	0.05959	0.03427	0.43782	0.23872	0.01259	0.01652	0.01397	0.00615	0.00746
14	0.03510	0.02075	0.02417	0.02039	0.02728	0.02182	0.01624	0.05425	0.32982	0.26295	0.04248	0.03801	0.02974	0.01382	0.01071	0.00346	0.00863	0.01140	0.01173	0.01726
15	0.02587	0.09344	0.33058	0.02649	0.03822	0.02296	0.06686	0.03452	0.02363	0.12690	0.02702	0.08917	0.02195	0.01289	0.01041	0.00336	0.01321	0.01087	0.00664	0.01500
16	0.03331	0.01569	0.01992	0.01688	0.02279	0.01424	0.01333	0.03929	0.07757	0.33043	0.05700	0.13939	0.13605	0.01894	0.01145	0.00352	0.00779	0.01601	0.01172	0.01467
17	0.01268	0.01001	0.01143	0.01257	0.01477	0.00877	0.00886	0.01496	0.02231	0.02783	0.08443	0.34315	0.33142	0.02973	0.01296	0.00391	0.00572	0.02591	0.00982	0.00877
18	0.01454	0.01038	0.01417	0.01661	0.01795	0.01001	0.01269	0.01758	0.02187	0.02884	0.05736	0.42173	0.06632	0.03157	0.01394	0.00452	0.00757	0.21353	0.00978	0.00904
19	0.02020	0.02541	0.13151	0.36014	0.05615	0.02376	0.02854	0.02736	0.02144	0.02938	0.06647	0.03093	0.02163	0.01261	0.01412	0.00363	0.09921	0.00995	0.00527	0.01229
20	0.02637	0.35401	0.08902	0.16579	0.04199	0.07902	0.05227	0.03164	0.02235	0.02669	0.01657	0.02100	0.01383	0.00964	0.00853	0.00277	0.01335	0.00724	0.00468	0.01322

[dist]
# distance from previous block
# <min> <max>
0	3

[block]
# block no. 6 follows, 13 sequences, length 26
# corresponding to MSA columns:
# 236-261
name=unknown_G
#
# <colnr> <probs for GDERKNQSTAVLIFYWHMCP>
#	G	D	E	R	K	N	Q	S	T	A	V	L	I	F	Y	W	H	M	C	P
0	0.02001	0.01501	0.02060	0.02381	0.07415	0.01529	0.01801	0.07844	0.02666	0.03528	0.04938	0.15903	0.05291	0.02593	0.01363	0.00445	0.00979	0.33704	0.00941	0.01119
1	0.23783	0.01871	0.02192	0.01739	0.02509	0.01791	0.01435	0.04559	0.02670	0.41811	0.03388	0.03053	0.02190	0.01214	0.00945	0.00327	0.00876	0.00921	0.01119	0.01609
2	0.26125	0.05923	0.02840	0.02794	0.12427	0.14177	0.01894	0.09606	0.02686	0.09469	0.02003	0.02210	0.01526	0.01061	0.00880	0.00307	0.01190	0.00758	0.00713	0.01415
3	0.01380	0.01045	0.01273	0.01282	0.01525	0.00938	0.00936	0.01744	0.02618	0.03508	0.31943	0.19829	0.23019	0.02554	0.01269	0.00360	0.00534	0.02234	0.01072	0.00938
4	0.02664	0.13983	0.03244	0.07899	0.08167	0.06576	0.01853	0.10454	0.02767	0.03706	0.07896	0.02866	0.02480	0.01098	0.00920	0.00256	0.01063	0.00872	0.00688	0.20548
5	0.01360	0.01021	0.01171	0.01227	0.01404	0.00929	0.00831	0.01564	0.02154	0.02766	0.12583	0.22827	0.24740	0.17919	0.02315	0.00541	0.00675	0.02226	0.00916	0.00832
6	0.02732	0.02040	0.02372	0.01733	0.02646	0.01716	0.01401	0.10722	0.02709	0.09287	0.02211	0.02387	0.01707	0.00911	0.00854	0.00199	0.00854	0.00721	0.00762	0.52038
7	0.02686	0.14603	0.14224	0.01961	0.02955	0.02163	0.01946	0.03262	0.02325	0.12279	0.02402	0.05530	0.01945	0.01076	0.00886	0.00250	0.01023	0.00847	0.00690	0.26948
8	0.02711	0.34498	0.19731	0.02279	0.03302	0.08732	0.02415	0.03593	0.08075	0.02959	0.01924	0.02120	0.01561	0.01010	0.00842	0.00276	0.01296	0.00708	0.00529	0.01438
9	0.02184	0.13898	0.03638	0.44175	0.06022	0.02779	0.02666	0.02779	0.02080	0.02647	0.01759	0.02559	0.01397	0.01093	0.01183	0.00337	0.06265	0.00866	0.00466	0.01209
10	0.01327	0.01055	0.01199	0.01266	0.01540	0.00928	0.00949	0.01621	0.02389	0.02987	0.13504	0.20857	0.36389	0.02783	0.01291	0.00383	0.00592	0.07038	0.00998	0.00904
11	0.01564	0.01134	0.01352	0.01318	0.01371	0.01203	0.00846	0.01644	0.01642	0.02203	0.03840	0.06617	0.08472	0.47226	0.10164	0.00988	0.05514	0.01518	0.00653	0.00732
12	0.04019	0.02962	0.03173	0.02433	0.03279	0.03279	0.02010	0.52721	0.04971	0.06663	0.02538	0.02538	0.01798	0.01269	0.01058	0.00317	0.01163	0.00952	0.01058	0.01798
13	0.02543	0.02649	0.04893	0.03650	0.04555	0.02658	0.34661	0.04167	0.20628	0.03749	0.02896	0.03234	0.02172	0.01081	0.01188	0.00357	0.01452	0.01229	0.00724	0.01513
14	0.02805	0.02072	0.02241	0.01990	0.02574	0.02320	0.01555	0.05212	0.42478	0.10560	0.04193	0.03904	0.03098	0.01397	0.01037	0.00342	0.00806	0.01156	0.08648	0.01612
15	0.01552	0.01597	0.07979	0.01509	0.01921	0.01162	0.01326	0.02120	0.02860	0.04033	0.46045	0.07398	0.12330	0.02063	0.01219	0.00335	0.00627	0.01802	0.01066	0.01056
16	0.03856	0.02880	0.03081	0.02400	0.03216	0.03202	0.01970	0.47172	0.10786	0.06400	0.02746	0.02704	0.01966	0.01289	0.01060	0.00322	0.01125	0.00981	0.01060	0.01783
17	0.70310	0.02045	0.01554	0.01390	0.02045	0.02372	0.01145	0.03108	0.01799	0.04744	0.01472	0.01718	0.01145	0.00981	0.00654	0.00327	0.00818	0.00573	0.00654	0.01145
18	0.02182	0.02339	0.11948	0.18156	0.04265	0.01866	0.08953	0.02823	0.02347	0.09328	0.04432	0.10058	0.13598	0.01614	0.01143	0.00355	0.01164	0.01440	0.00731	0.01257
19	0.02192	0.01879	0.02192	0.01566	0.02506	0.01409	0.01253	0.02662	0.02192	0.03445	0.01879	0.02192	0.01566	0.00783	0.00783	0.00157	0.00783	0.00626	0.00626	0.69305
20	0.02617	0.02512	0.04292	0.06490	0.56246	0.02512	0.03245	0.03245	0.02407	0.03454	0.01989	0.02617	0.01675	0.00942	0.01047	0.00314	0.01256	0.00942	0.00523	0.01675
21	0.16885	0.02456	0.02542	0.02086	0.02815	0.02735	0.01691	0.23848	0.19316	0.10362	0.03023	0.02907	0.02185	0.01266	0.00983	0.00333	0.00969	0.00962	0.01007	0.01630
22	0.02668	0.26430	0.27972	0.06605	0.03869	0.02992	0.02791	0.03435	0.02281	0.08963	0.01990	0.02227	0.01494	0.01005	0.00893	0.00295	0.01316	0.00744	0.00547	0.01484
23	0.01447	0.01079	0.01345	0.01278	0.01549	0.00977	0.00959	0.01900	0.02876	0.03963	0.46679	0.08354	0.19159	0.02265	0.01248	0.00337	0.00506	0.01976	0.01127	0.00977
24	0.01288	0.00920	0.01227	0.01472	0.01534	0.00859	0.00981	0.01472	0.02024	0.02699	0.05828	0.62152	0.06993	0.03312	0.01350	0.00429	0.00613	0.03006	0.00981	0.00859
25	0.03064	0.02328	0.09645	0.14801	0.08225	0.02060	0.02318	0.03644	0.02514	0.22949	0.07777	0.03437	0.02677	0.01332	0.01354	0.00349	0.08151	0.01056	0.00845	0.01476

[dist]
# distance from previous block
# <min> <max>
8	12

[block]
# block no. 7 follows, 13 sequences, length 20
# corresponding to MSA columns:
# 274-293
name=unknown_H
#
# <colnr> <probs for GDERKNQSTAVLIFYWHMCP>
#	G	D	E	R	K	N	Q	S	T	A	V	L	I	F	Y	W	H	M	C	P
0	0.03193	0.02467	0.07154	0.21475	0.04852	0.02388	0.09702	0.13612	0.02991	0.17580	0.02640	0.02927	0.01822	0.01137	0.01083	0.00338	0.01294	0.01008	0.00812	0.01525
1	0.01874	0.01583	0.02515	0.03359	0.20907	0.01637	0.01967	0.02312	0.02087	0.02926	0.03413	0.15914	0.03517	0.04053	0.21260	0.00838	0.01650	0.06327	0.00675	0.01186
2	0.01616	0.01404	0.01778	0.01646	0.01851	0.01566	0.01289	0.01934	0.02330	0.03155	0.20676	0.11395	0.23875	0.02351	0.01868	0.00385	0.17156	0.01840	0.00891	0.00993
3	0.01538	0.01025	0.01153	0.01153	0.01153	0.01025	0.00641	0.01538	0.01538	0.02050	0.03331	0.06919	0.03844	0.62842	0.05382	0.01025	0.01025	0.01538	0.00641	0.00641
4	0.01496	0.01081	0.01413	0.01330	0.01580	0.00998	0.00998	0.01995	0.02993	0.04240	0.55689	0.07898	0.09976	0.02162	0.01247	0.00333	0.00499	0.01912	0.01164	0.00998
5	0.02121	0.05469	0.57364	0.03014	0.04576	0.02455	0.03906	0.03348	0.02232	0.03348	0.01897	0.02232	0.01339	0.01005	0.01005	0.00335	0.01563	0.00781	0.00446	0.01563
6	0.02827	0.63478	0.05540	0.01809	0.02714	0.04184	0.01809	0.03166	0.02148	0.02488	0.01470	0.01696	0.01357	0.00905	0.00678	0.00226	0.01131	0.00565	0.00452	0.01357
7	0.02617	0.02512	0.04292	0.06490	0.56246	0.02512	0.03245	0.03245	0.02407	0.03454	0.01989	0.02617	0.01675	0.00942	0.01047	0.00314	0.01256	0.00942	0.00523	0.01675
8	0.01876	0.01102	0.01474	0.01581	0.01776	0.01027	0.01150	0.02125	0.02197	0.10668	0.05366	0.41875	0.05982	0.07345	0.01621	0.00467	0.00740	0.09626	0.01003	0.00998
9	0.03404	0.02516	0.02725	0.02186	0.02880	0.02739	0.01765	0.41240	0.04341	0.05787	0.03655	0.11859	0.06756	0.01678	0.01115	0.00337	0.01034	0.01352	0.01041	0.01590
10	0.02630	0.02271	0.02391	0.02152	0.02749	0.02630	0.01674	0.05618	0.54336	0.04423	0.04303	0.03945	0.03228	0.01434	0.01076	0.00359	0.00837	0.01195	0.01076	0.01674
11	0.01288	0.00920	0.01227	0.01472	0.01534	0.00859	0.00981	0.01472	0.02024	0.02699	0.05828	0.62152	0.06993	0.03312	0.01350	0.00429	0.00613	0.03006	0.00981	0.00859
12	0.02060	0.04559	0.43706	0.02781	0.03992	0.02411	0.03357	0.03044	0.02161	0.03181	0.02721	0.03053	0.06896	0.01299	0.01390	0.00356	0.10146	0.00950	0.00503	0.01435
13	0.02617	0.02512	0.04292	0.06490	0.56246	0.02512	0.03245	0.03245	0.02407	0.03454	0.01989	0.02617	0.01675	0.00942	0.01047	0.00314	0.01256	0.00942	0.00523	0.01675
14	0.01972	0.01186	0.01566	0.01411	0.01743	0.01079	0.01079	0.02457	0.02998	0.11961	0.48147	0.07269	0.08899	0.02037	0.01220	0.00332	0.00558	0.01788	0.01185	0.01115
15	0.03338	0.01722	0.02008	0.01638	0.02238	0.01676	0.01321	0.14134	0.03133	0.23926	0.04480	0.04338	0.09503	0.01459	0.00995	0.00306	0.00793	0.01172	0.20374	0.01448
16	0.03200	0.02563	0.03661	0.08696	0.35217	0.07994	0.02713	0.03746	0.02590	0.15621	0.02447	0.02784	0.01842	0.01049	0.01042	0.00315	0.01251	0.00943	0.00702	0.01624
17	0.02639	0.27943	0.03436	0.01782	0.02408	0.02597	0.01582	0.03241	0.06777	0.10768	0.10139	0.08613	0.03907	0.01632	0.01002	0.00318	0.00931	0.08143	0.00833	0.01309
18	0.07130	0.06506	0.07200	0.02193	0.08135	0.01869	0.01708	0.02845	0.02187	0.03465	0.01835	0.02171	0.01514	0.00840	0.00812	0.00204	0.00923	0.00663	0.00591	0.47209
19	0.08553	0.07003	0.10680	0.08448	0.03851	0.02643	0.09525	0.16118	0.06676	0.07868	0.02626	0.06706	0.02097	0.01262	0.01040	0.00335	0.01223	0.01079	0.00777	0.01490

[dist]
# distance from previous block
# <min> <max>
0	1

[block]
# block no. 8 follows, 13 sequences, length 40
# corresponding to MSA columns:
# 295-320,323-336
name=unknown_I
#
# <colnr> <probs for GDERKNQSTAVLIFYWHMCP>
#	G	D	E	R	K	N	Q	S	T	A	V	L	I	F	Y	W	H	M	C	P
0	0.01657	0.01030	0.01386	0.01552	0.01702	0.00956	0.01098	0.01889	0.02156	0.07988	0.05648	0.52253	0.06493	0.03086	0.01331	0.00424	0.00671	0.06708	0.01012	0.00959
1	0.09930	0.07513	0.15228	0.02483	0.03485	0.02735	0.06253	0.21591	0.03336	0.13694	0.02463	0.02536	0.01726	0.01134	0.00996	0.00320	0.01220	0.00893	0.00842	0.01622
2	0.02751	0.17840	0.12369	0.07046	0.14715	0.03003	0.07037	0.07428	0.02476	0.06365	0.01962	0.02385	0.01558	0.01088	0.01223	0.00318	0.07512	0.00859	0.00575	0.01490
3	0.01808	0.00937	0.01406	0.01406	0.01423	0.00954	0.00954	0.01423	0.01406	0.01891	0.01925	0.03297	0.01908	0.04051	0.08968	0.63247	0.01088	0.00937	0.00469	0.00502
4	0.02558	0.10168	0.15369	0.09182	0.10708	0.08621	0.16687	0.03284	0.02331	0.03063	0.01854	0.02421	0.01468	0.01043	0.01259	0.00333	0.06824	0.00924	0.00495	0.01406
5	0.01288	0.00920	0.01227	0.01472	0.01534	0.00859	0.00981	0.01472	0.02024	0.02699	0.05828	0.62152	0.06993	0.03312	0.01350	0.00429	0.00613	0.03006	0.00981	0.00859
6	0.01523	0.01083	0.01449	0.01449	0.01551	0.01186	0.01009	0.01727	0.01625	0.02269	0.03061	0.05422	0.03194	0.33117	0.34217	0.01390	0.02003	0.01318	0.00600	0.00805
7	0.01316	0.00932	0.01219	0.01437	0.01491	0.00877	0.00944	0.01479	0.01970	0.02627	0.05550	0.56010	0.06643	0.09932	0.01798	0.00496	0.00659	0.02843	0.00944	0.00835
8	0.01496	0.01081	0.01413	0.01330	0.01580	0.00998	0.00998	0.01995	0.02993	0.04240	0.55689	0.07898	0.09976	0.02162	0.01247	0.00333	0.00499	0.01912	0.01164	0.00998
9	0.02827	0.63478	0.05540	0.01809	0.02714	0.04184	0.01809	0.03166	0.02148	0.02488	0.01470	0.01696	0.01357	0.00905	0.00678	0.00226	0.01131	0.00565	0.00452	0.01357
10	0.01837	0.00918	0.01377	0.01377	0.01377	0.00918	0.00918	0.01377	0.01377	0.01837	0.01837	0.03214	0.01837	0.03673	0.04132	0.69238	0.00918	0.00918	0.00459	0.00459
11	0.70310	0.02045	0.01554	0.01390	0.02045	0.02372	0.01145	0.03108	0.01799	0.04744	0.01472	0.01718	0.01145	0.00981	0.00654	0.00327	0.00818	0.00573	0.00654	0.01145
12	0.01510	0.01133	0.01699	0.01699	0.01888	0.01322	0.01322	0.01888	0.01699	0.02454	0.02832	0.04154	0.02643	0.07930	0.58652	0.01699	0.02832	0.01133	0.00566	0.00944
13	0.03950	0.05039	0.02996	0.02724	0.03269	0.58597	0.02043	0.04222	0.02996	0.02588	0.01634	0.01907	0.01362	0.01090	0.00953	0.00272	0.01907	0.00681	0.00545	0.01226
14	0.02630	0.02271	0.02391	0.02152	0.02749	0.02630	0.01674	0.05618	0.54336	0.04423	0.04303	0.03945	0.03228	0.01434	0.01076	0.00359	0.00837	0.01195	0.01076	0.01674
15	0.02433	0.02940	0.16602	0.07167	0.03991	0.01997	0.11927	0.03183	0.02325	0.07866	0.02127	0.02498	0.01594	0.00924	0.00972	0.00269	0.01227	0.00846	0.00610	0.28500
16	0.06791	0.09778	0.17055	0.02466	0.03474	0.02345	0.09506	0.06969	0.02635	0.13384	0.06853	0.02976	0.02383	0.01126	0.00997	0.00305	0.01190	0.00957	0.00750	0.08059
17	0.02121	0.05469	0.57364	0.03014	0.04576	0.02455	0.03906	0.03348	0.02232	0.03348	0.01897	0.02232	0.01339	0.01005	0.01005	0.00335	0.01563	0.00781	0.00446	0.01563
18	0.01997	0.01879	0.03171	0.60301	0.07282	0.02349	0.02936	0.02701	0.02114	0.02701	0.01879	0.02819	0.01409	0.01057	0.01057	0.00352	0.01409	0.00940	0.00470	0.01175
19	0.03234	0.02847	0.13916	0.08170	0.04437	0.02181	0.19859	0.03988	0.02614	0.23615	0.02841	0.03018	0.01922	0.01085	0.01116	0.00341	0.01375	0.01065	0.00806	0.01570
20	0.01937	0.01801	0.03089	0.42201	0.05884	0.02089	0.07304	0.02616	0.02340	0.03099	0.13491	0.03916	0.03273	0.01279	0.01116	0.00348	0.01249	0.01179	0.00626	0.01161
21	0.04114	0.01650	0.02242	0.01789	0.02484	0.01437	0.01448	0.04513	0.02938	0.46908	0.09676	0.08985	0.03753	0.01566	0.01107	0.00336	0.00834	0.01316	0.01266	0.01637
22	0.03613	0.02738	0.15467	0.08740	0.09566	0.01952	0.02432	0.04267	0.02678	0.32937	0.03163	0.03091	0.02090	0.01171	0.01047	0.00330	0.01146	0.00972	0.00934	0.01666
23	0.09532	0.07851	0.02838	0.08016	0.03131	0.02147	0.01773	0.04243	0.02586	0.35598	0.03134	0.03032	0.02109	0.01276	0.01259	0.00335	0.07641	0.00945	0.00989	0.01565
24	0.03491	0.11005	0.03644	0.02808	0.03387	0.40542	0.07292	0.03830	0.02696	0.02655	0.01641	0.02027	0.01390	0.01133	0.01234	0.00297	0.08395	0.00754	0.00524	0.01253
25	0.02221	0.12900	0.07617	0.01752	0.02657	0.01978	0.01593	0.02725	0.02133	0.03159	0.01915	0.02327	0.01629	0.01619	0.07219	0.00356	0.01141	0.00686	0.00573	0.43799
26	0.09089	0.01881	0.02888	0.44293	0.05967	0.02211	0.02519	0.03173	0.02245	0.12478	0.02244	0.02850	0.01597	0.01094	0.01019	0.00345	0.01262	0.00926	0.00636	0.01282
27	0.01300	0.01087	0.01141	0.01169	0.01513	0.00929	0.00903	0.01592	0.02413	0.02890	0.10142	0.10370	0.50287	0.02705	0.01273	0.00371	0.00584	0.07446	0.00981	0.00902
28	0.02864	0.02694	0.08509	0.03362	0.14718	0.02547	0.06523	0.08397	0.25272	0.08863	0.03238	0.03259	0.02406	0.01217	0.01075	0.00340	0.01109	0.01074	0.00870	0.01663
