[name]
unknown

[dist]
# distance from previous block
# <min> <max>
0	46

[block]
# block no. 0 follows, 12 sequences, length 9
# corresponding to MSA columns:
# 46-54
name=unknown_A
#
# <colnr> <probs for GDERKNQSTAVLIFYWHMCP>
#	G	D	E	R	K	N	Q	S	T	A	V	L	I	F	Y	W	H	M	C	P
0	0.02322	0.01322	0.01734	0.01739	0.02127	0.01217	0.01431	0.02718	0.02592	0.15134	0.06586	0.16062	0.15805	0.02629	0.01352	0.00428	0.00844	0.21706	0.01086	0.01167
1	0.16508	0.02124	0.03181	0.34819	0.17215	0.02466	0.02709	0.03003	0.02181	0.03411	0.01875	0.02618	0.01458	0.01046	0.00999	0.00349	0.01288	0.00889	0.00538	0.01323
2	0.03122	0.02667	0.03072	0.34037	0.05557	0.14822	0.02514	0.03682	0.02588	0.13987	0.02382	0.02862	0.01707	0.01153	0.01067	0.00339	0.01459	0.00935	0.00686	0.01360
3	0.18273	0.01959	0.02715	0.32650	0.05178	0.02240	0.02274	0.03462	0.02321	0.15381	0.02382	0.02829	0.01676	0.01132	0.00996	0.00351	0.01192	0.00911	0.00727	0.01352
4	0.02878	0.02230	0.02692	0.02095	0.02781	0.02281	0.01711	0.13987	0.02911	0.08202	0.05472	0.02853	0.02262	0.01288	0.01514	0.00292	0.13397	0.00907	0.00801	0.29449
5	0.39382	0.01634	0.01498	0.01438	0.01887	0.01790	0.01110	0.02584	0.02187	0.04325	0.14566	0.15808	0.04549	0.01802	0.00967	0.00361	0.00723	0.01440	0.00867	0.01083
6	0.01328	0.01086	0.01173	0.01193	0.01508	0.00931	0.00879	0.01626	0.02517	0.03118	0.16274	0.16516	0.42523	0.02772	0.01301	0.00374	0.00557	0.02357	0.01038	0.00931
7	0.03502	0.02258	0.02778	0.02229	0.02877	0.02384	0.04254	0.23264	0.09781	0.14123	0.02965	0.03175	0.02192	0.01885	0.01831	0.15905	0.01084	0.01042	0.00970	0.01502
8	0.38668	0.02699	0.02161	0.01858	0.02553	0.13880	0.01488	0.04000	0.02448	0.17669	0.02281	0.02319	0.01625	0.01124	0.00850	0.00325	0.01104	0.00746	0.00827	0.01375

[dist]
# distance from previous block
# <min> <max>
0	6

[block]
# block no. 1 follows, 12 sequences, length 101
# corresponding to MSA columns:
# 61-161
name=unknown_B
#
# <colnr> <probs for GDERKNQSTAVLIFYWHMCP>
#	G	D	E	R	K	N	Q	S	T	A	V	L	I	F	Y	W	H	M	C	P
0	0.08694	0.06324	0.03752	0.21697	0.04796	0.02787	0.10198	0.03124	0.02153	0.07150	0.01963	0.02653	0.01548	0.01283	0.01721	0.00381	0.16925	0.00965	0.00577	0.01308
1	0.03207	0.06901	0.02904	0.11274	0.03579	0.09520	0.01918	0.08512	0.13444	0.13440	0.07191	0.03450	0.02838	0.01307	0.01050	0.00321	0.01134	0.01046	0.00909	0.06056
2	0.02884	0.02164	0.02678	0.10397	0.03419	0.08043	0.05526	0.03561	0.06925	0.14528	0.13492	0.04125	0.03761	0.01561	0.01326	0.04932	0.01092	0.01189	0.00897	0.07499
3	0.03148	0.07682	0.16641	0.07111	0.07853	0.02497	0.09751	0.03865	0.02525	0.18750	0.02612	0.02851	0.01849	0.01183	0.01306	0.00349	0.06710	0.00983	0.00747	0.01588
4	0.02833	0.01992	0.06253	0.01973	0.02547	0.01767	0.01630	0.04040	0.17639	0.18531	0.04733	0.22913	0.04299	0.02057	0.01195	0.00383	0.00863	0.01787	0.01095	0.01472
5	0.02814	0.17075	0.04100	0.22621	0.08475	0.07380	0.06873	0.03579	0.06289	0.07425	0.02238	0.02693	0.01723	0.01082	0.01006	0.00321	0.01360	0.00913	0.00617	0.01416
6	0.08297	0.19047	0.23343	0.02391	0.03535	0.02946	0.02604	0.09903	0.02744	0.12171	0.02272	0.02386	0.01644	0.01093	0.00938	0.00312	0.01273	0.00801	0.00704	0.01594
7	0.03061	0.02918	0.04747	0.04364	0.16806	0.07156	0.22923	0.08249	0.07105	0.07840	0.02512	0.02926	0.01891	0.01065	0.01164	0.00344	0.01506	0.01115	0.00707	0.01602
8	0.01569	0.01110	0.01393	0.01415	0.01520	0.01152	0.00969	0.01745	0.01781	0.02395	0.04067	0.07002	0.07670	0.36751	0.19870	0.01159	0.01553	0.05386	0.00694	0.00800
9	0.02387	0.02312	0.04050	0.31206	0.28408	0.02525	0.07199	0.03094	0.02348	0.03190	0.02011	0.02817	0.01592	0.01023	0.01102	0.00346	0.01416	0.00997	0.00515	0.01462
10	0.02789	0.02590	0.13027	0.17721	0.08528	0.02077	0.02521	0.03668	0.06405	0.16079	0.06724	0.07369	0.02928	0.01402	0.01116	0.00355	0.01175	0.01205	0.00829	0.01492
11	0.02062	0.01326	0.01764	0.01926	0.05508	0.01256	0.01294	0.02570	0.05898	0.10862	0.13260	0.32513	0.10267	0.02580	0.01284	0.00393	0.00712	0.02297	0.01064	0.01166
12	0.60990	0.02076	0.01723	0.01500	0.02196	0.02336	0.01236	0.03480	0.02020	0.11495	0.01880	0.02024	0.01378	0.01056	0.00730	0.00337	0.00854	0.00656	0.00763	0.01269
13	0.02478	0.09201	0.25999	0.02638	0.06636	0.06734	0.02669	0.03256	0.02552	0.07742	0.09215	0.04095	0.09431	0.01416	0.01070	0.00330	0.01260	0.01138	0.00705	0.01435
14	0.02551	0.04745	0.39276	0.02955	0.04157	0.06031	0.03430	0.03508	0.02304	0.07321	0.02030	0.02405	0.01494	0.01219	0.01485	0.00364	0.11803	0.00848	0.00539	0.01535
15	0.02207	0.01434	0.02071	0.15510	0.03247	0.01460	0.01608	0.02759	0.02871	0.12229	0.33513	0.06156	0.06917	0.01810	0.01208	0.00347	0.00810	0.01587	0.01050	0.01206
16	0.03712	0.02800	0.03406	0.08000	0.21576	0.11951	0.02444	0.07789	0.02976	0.20404	0.02748	0.02906	0.01974	0.01155	0.01070	0.00324	0.01299	0.00965	0.00843	0.01659
17	0.02881	0.03244	0.18911	0.14067	0.11971	0.02360	0.11382	0.03719	0.02527	0.14531	0.02512	0.02883	0.01773	0.01084	0.01109	0.00348	0.01431	0.01005	0.00682	0.01581
18	0.02810	0.02695	0.06881	0.06486	0.03067	0.09836	0.01832	0.07834	0.17763	0.07412	0.03251	0.04140	0.02741	0.15998	0.02163	0.00516	0.01204	0.01158	0.00838	0.01373
19	0.02972	0.02830	0.04113	0.15050	0.16139	0.07259	0.12683	0.13861	0.06765	0.04108	0.02328	0.02813	0.01776	0.01107	0.01121	0.00341	0.01442	0.01036	0.00694	0.01561
20	0.02417	0.09669	0.08332	0.01836	0.02360	0.01676	0.01595	0.02800	0.02356	0.14466	0.04589	0.34007	0.04801	0.02368	0.01196	0.00381	0.00878	0.02071	0.00953	0.01248
21	0.02951	0.03632	0.22662	0.03498	0.04719	0.02426	0.23907	0.03880	0.02600	0.14958	0.02581	0.02890	0.01790	0.01054	0.01158	0.00353	0.01560	0.01079	0.00696	0.01604
22	0.02966	0.10246	0.09323	0.02370	0.03175	0.02299	0.08530	0.07566	0.06717	0.15427	0.10754	0.09041	0.03745	0.01527	0.01119	0.00341	0.01090	0.01336	0.00933	0.01496
23	0.02016	0.09327	0.02352	0.02013	0.02395	0.01818	0.01768	0.02791	0.08186	0.03319	0.05068	0.09993	0.05307	0.02568	0.01356	0.00452	0.01009	0.36180	0.00946	0.01137
24	0.02666	0.02275	0.03949	0.25739	0.13056	0.02531	0.11747	0.03309	0.02351	0.09890	0.02242	0.02914	0.01691	0.01188	0.01472	0.00371	0.09530	0.01043	0.00617	0.01419
25	0.08503	0.07062	0.10791	0.07142	0.09390	0.07038	0.02346	0.08529	0.09359	0.15109	0.02769	0.02850	0.01994	0.01182	0.01017	0.00331	0.01220	0.00931	0.00831	0.01607
26	0.02507	0.02811	0.06022	0.11683	0.05934	0.02714	0.44687	0.03401	0.02522	0.03401	0.02171	0.02937	0.01628	0.00941	0.01261	0.00367	0.01788	0.01245	0.00543	0.01437
27	0.01524	0.01089	0.01490	0.01742	0.01891	0.01054	0.01352	0.01857	0.02280	0.03002	0.05902	0.38744	0.06784	0.03232	0.01444	0.00470	0.00802	0.23394	0.01008	0.00940
28	0.03832	0.02350	0.07307	0.02367	0.03205	0.01982	0.07386	0.11309	0.03156	0.31295	0.03843	0.10796	0.02934	0.01538	0.01151	0.00354	0.01089	0.01338	0.01104	0.01666
29	0.02906	0.02573	0.11265	0.02709	0.08798	0.02138	0.02173	0.09742	0.06731	0.14427	0.08120	0.12470	0.03625	0.01701	0.01319	0.00365	0.05072	0.01413	0.00935	0.01519
30	0.01586	0.01057	0.01189	0.01189	0.01189	0.01057	0.00661	0.01586	0.01586	0.02114	0.03436	0.07135	0.03964	0.61681	0.05550	0.01057	0.01057	0.01586	0.00661	0.00661
31	0.02465	0.02288	0.03520	0.25040	0.24625	0.02558	0.02834	0.03734	0.14649	0.03517	0.02590	0.03109	0.02015	0.01139	0.01091	0.00350	0.01249	0.01034	0.00658	0.01535
32	0.03463	0.03236	0.15610	0.10041	0.04275	0.02619	0.06292	0.20031	0.03448	0.16053	0.02716	0.02848	0.01863	0.01196	0.01094	0.00341	0.01317	0.00988	0.00881	0.01685
33	0.03557	0.02982	0.03692	0.07789	0.11859	0.10377	0.07846	0.19071	0.03436	0.11151	0.02445	0.02727	0.01802	0.01212	0.01253	0.00338	0.05039	0.00988	0.00818	0.01618
34	0.01328	0.00949	0.01265	0.01518	0.01581	0.00886	0.01012	0.01518	0.02088	0.02783	0.06010	0.60969	0.07212	0.03416	0.01392	0.00443	0.00633	0.03100	0.01012	0.00886
35	0.02187	0.05640	0.56031	0.03108	0.04719	0.02532	0.04029	0.03453	0.02302	0.03453	0.01957	0.02302	0.01381	0.01036	0.01036	0.00345	0.01611	0.00806	0.00460	0.01611
36	0.02319	0.04287	0.34180	0.09774	0.09100	0.02569	0.07867	0.03677	0.08914	0.03534	0.02308	0.02693	0.01697	0.01084	0.01078	0.00351	0.01490	0.00938	0.00563	0.01578
37	0.01586	0.01057	0.01189	0.01189	0.01189	0.01057	0.00661	0.01586	0.01586	0.02114	0.03436	0.07135	0.03964	0.61681	0.05550	0.01057	0.01057	0.01586	0.00661	0.00661
38	0.04892	0.01856	0.02530	0.01940	0.02783	0.01603	0.01603	0.05314	0.03121	0.55634	0.04302	0.03711	0.02699	0.01350	0.01096	0.00337	0.00928	0.01096	0.01350	0.01856
39	0.02317	0.01315	0.01846	0.09598	0.02670	0.01286	0.01410	0.02624	0.02315	0.15604	0.04839	0.35000	0.05074	0.06868	0.01583	0.00451	0.00850	0.02204	0.00995	0.01151
40	0.02765	0.02510	0.03861	0.13729	0.34948	0.02670	0.02942	0.09008	0.09298	0.03947	0.02408	0.02900	0.01908	0.01094	0.01086	0.00336	0.01253	0.01006	0.00668	0.01662
41	0.02194	0.02104	0.02973	0.02606	0.02651	0.02883	0.02149	0.02468	0.01689	0.02603	0.01775	0.02824	0.01730	0.03356	0.15999	0.00772	0.46576	0.01004	0.00502	0.01142
42	0.02355	0.02240	0.03805	0.34816	0.29440	0.02500	0.03175	0.03045	0.02320	0.03145	0.01990	0.02811	0.01580	0.01035	0.01085	0.00345	0.01380	0.00970	0.00510	0.01450
43	0.04065	0.13072	0.03509	0.02713	0.09715	0.07079	0.01997	0.12416	0.03216	0.26897	0.03018	0.02905	0.02094	0.01202	0.01014	0.00311	0.01149	0.00938	0.00980	0.01710
44	0.10761	0.33736	0.12387	0.02026	0.03016	0.03244	0.02068	0.03726	0.02382	0.14338	0.02182	0.02258	0.01650	0.01047	0.00834	0.00285	0.01148	0.00728	0.00678	0.01505
45	0.01307	0.01105	0.01130	0.01124	0.01484	0.00928	0.00843	0.01600	0.02528	0.03047	0.14127	0.10326	0.51292	0.02723	0.01288	0.00366	0.00550	0.02278	0.01026	0.00928
46	0.02384	0.02138	0.03368	0.47295	0.10958	0.02561	0.02931	0.09139	0.02589	0.03383	0.02036	0.02852	0.01529	0.01109	0.01089	0.00355	0.01407	0.00971	0.00568	0.01338
47	0.02944	0.02329	0.03586	0.29249	0.12833	0.02578	0.06230	0.13285	0.02972	0.09791	0.02383	0.02910	0.01732	0.01135	0.01104	0.00348	0.01347	0.01010	0.00722	0.01512
48	0.03085	0.53953	0.05329	0.02004	0.02882	0.12089	0.01901	0.03425	0.02344	0.02580	0.01541	0.01781	0.01400	0.00961	0.00741	0.00240	0.01283	0.00601	0.00480	0.01379
49	0.02603	0.01927	0.02296	0.01657	0.02610	0.01473	0.01332	0.03080	0.02373	0.10330	0.02246	0.02450	0.01756	0.00878	0.00845	0.00184	0.00823	0.00705	0.00738	0.59694
50	0.02610	0.02850	0.20399	0.02109	0.02978	0.01688	0.02200	0.03358	0.02827	0.17011	0.23761	0.05026	0.05323	0.01599	0.01153	0.00342	0.00994	0.01352	0.00985	0.01437
51	0.01556	0.01045	0.01198	0.01227	0.01234	0.01038	0.00701	0.01578	0.01643	0.02190	0.03727	0.13239	0.04332	0.55075	0.05078	0.00987	0.01009	0.01757	0.00701	0.00686
52	0.02059	0.01938	0.03270	0.59060	0.07510	0.02422	0.03028	0.02786	0.02180	0.02786	0.01938	0.02907	0.01453	0.01090	0.01090	0.00363	0.01453	0.00969	0.00484	0.01211
53	0.04643	0.02203	0.07447	0.02047	0.02961	0.01688	0.01825	0.05143	0.03046	0.50839	0.04086	0.03582	0.02578	0.01321	0.01091	0.00338	0.00991	0.01070	0.01268	0.01833
54	0.03004	0.02625	0.04764	0.15482	0.05344	0.02665	0.26570	0.11954	0.03002	0.09849	0.02459	0.02964	0.01765	0.01073	0.01189	0.00356	0.01541	0.01144	0.00723	0.01527
55	0.01586	0.01057	0.01189	0.01189	0.01189	0.01057	0.00661	0.01586	0.01586	0.02114	0.03436	0.07135	0.03964	0.61681	0.05550	0.01057	0.01057	0.01586	0.00661	0.00661
56	0.02385	0.02385	0.03340	0.02863	0.02863	0.03340	0.02385	0.02624	0.01670	0.02624	0.01431	0.02385	0.01431	0.01908	0.03578	0.00477	0.59685	0.00954	0.00477	0.01193
57	0.04046	0.02130	0.03146	0.02961	0.11406	0.02010	0.05945	0.04915	0.09896	0.35883	0.03787	0.03535	0.02545	0.01271	0.01111	0.00342	0.01053	0.01111	0.01120	0.01785
58	0.01757	0.01255	0.01757	0.02008	0.02259	0.01255	0.01757	0.02259	0.02510	0.03263	0.05773	0.12299	0.06275	0.03012	0.01506	0.00502	0.01004	0.47540	0.01004	0.01004
59	0.02033	0.01016	0.01016	0.01016	0.01270	0.01016	0.00762	0.02541	0.02287	0.04065	0.03557	0.04065	0.02795	0.01270	0.00762	0.00254	0.00508	0.01016	0.67734	0.01016
60	0.04327	0.09658	0.02846	0.01878	0.02679	0.01903	0.01584	0.04748	0.03000	0.44018	0.08534	0.03863	0.03227	0.01376	0.01062	0.00324	0.00921	0.01110	0.01221	0.01720
61	0.03838	0.03841	0.02957	0.02571	0.03170	0.30965	0.01998	0.09892	0.11222	0.10338	0.02554	0.02638	0.01935	0.01292	0.01232	0.00323	0.06062	0.00890	0.00806	0.01477
62	0.01644	0.01151	0.01266	0.01208	0.01578	0.00996	0.00916	0.01995	0.02633	0.06940	0.18551	0.09070	0.38196	0.02445	0.01235	0.00352	0.00567	0.02055	0.06188	0.01014
63	0.69383	0.02109	0.01603	0.01434	0.02109	0.02446	0.01181	0.03205	0.01856	0.04892	0.01518	0.01771	0.01181	0.01012	0.00675	0.00337	0.00843	0.00590	0.00675	0.01181
64	0.01543	0.01115	0.01457	0.01372	0.01629	0.01029	0.01029	0.02058	0.03086	0.04372	0.54304	0.08145	0.10288	0.02229	0.01286	0.00343	0.00514	0.01972	0.01200	0.01029
65	0.02915	0.62337	0.05714	0.01866	0.02799	0.04314	0.01866	0.03265	0.02215	0.02565	0.01516	0.01749	0.01399	0.00933	0.00700	0.00233	0.01166	0.00583	0.00466	0.01399
66	0.02261	0.01938	0.02261	0.01615	0.02584	0.01453	0.01292	0.02745	0.02261	0.03553	0.01938	0.02261	0.01615	0.00807	0.00807	0.00161	0.00807	0.00646	0.00646	0.68346
67	0.01328	0.00949	0.01265	0.01518	0.01581	0.00886	0.01012	0.01518	0.02088	0.02783	0.06010	0.60969	0.07212	0.03416	0.01392	0.00443	0.00633	0.03100	0.01012	0.00886
68	0.04892	0.01856	0.02530	0.01940	0.02783	0.01603	0.01603	0.05314	0.03121	0.55634	0.04302	0.03711	0.02699	0.01350	0.01096	0.00337	0.00928	0.01096	0.01350	0.01856
69	0.04145	0.03054	0.03272	0.02509	0.03381	0.03381	0.02072	0.51243	0.05127	0.06872	0.02618	0.02618	0.01854	0.01309	0.01091	0.00327	0.01200	0.00982	0.01091	0.01854
70	0.03583	0.04403	0.03134	0.16506	0.04379	0.43940	0.02331	0.03972	0.02868	0.02697	0.01747	0.02195	0.01416	0.01115	0.01009	0.00301	0.01841	0.00767	0.00543	0.01251
71	0.02699	0.02591	0.04426	0.06693	0.54879	0.02591	0.03346	0.03346	0.02483	0.03562	0.02051	0.02699	0.01727	0.00972	0.01079	0.00324	0.01295	0.00972	0.00540	0.01727
72	0.44426	0.02470	0.02241	0.01845	0.02596	0.02804	0.01522	0.21582	0.03107	0.05649	0.01939	0.02095	0.01438	0.01126	0.00834	0.00333	0.00980	0.00740	0.00834	0.01438
73	0.02499	0.01452	0.01786	0.01648	0.02042	0.01407	0.01244	0.03217	0.09927	0.16086	0.12379	0.14171	0.09737	0.11736	0.01931	0.00488	0.00809	0.05121	0.01079	0.01242
74	0.01894	0.00947	0.01420	0.01420	0.01420	0.00947	0.00947	0.01420	0.01420	0.01894	0.01894	0.03314	0.01894	0.03788	0.04261	0.68277	0.00947	0.00947	0.00473	0.00473
75	0.12008	0.02681	0.02559	0.02090	0.02847	0.14989	0.01675	0.04846	0.02970	0.37243	0.03362	0.03075	0.02218	0.01257	0.01022	0.00324	0.01166	0.00945	0.01085	0.01638
76	0.02683	0.03417	0.16861	0.09442	0.16563	0.02722	0.17862	0.10025	0.02808	0.03904	0.02145	0.02688	0.01616	0.01028	0.01135	0.00346	0.01537	0.01030	0.00596	0.01592
77	0.02428	0.01349	0.01714	0.01621	0.02002	0.01253	0.01211	0.02975	0.06726	0.17407	0.13078	0.27416	0.11484	0.02453	0.01262	0.00385	0.00705	0.02151	0.01139	0.01241
78	0.01328	0.00949	0.01265	0.01518	0.01581	0.00886	0.01012	0.01518	0.02088	0.02783	0.06010	0.60969	0.07212	0.03416	0.01392	0.00443	0.00633	0.03100	0.01012	0.00886
79	0.69383	0.02109	0.01603	0.01434	0.02109	0.02446	0.01181	0.03205	0.01856	0.04892	0.01518	0.01771	0.01181	0.01012	0.00675	0.00337	0.00843	0.00590	0.00675	0.01181
80	0.01439	0.01024	0.01204	0.01300	0.01385	0.00969	0.00822	0.01557	0.01926	0.02507	0.05679	0.28159	0.13585	0.29741	0.03261	0.00709	0.00812	0.02280	0.00853	0.00789
81	0.69383	0.02109	0.01603	0.01434	0.02109	0.02446	0.01181	0.03205	0.01856	0.04892	0.01518	0.01771	0.01181	0.01012	0.00675	0.00337	0.00843	0.00590	0.00675	0.01181
82	0.02820	0.54959	0.12262	0.02027	0.03048	0.04082	0.02147	0.03289	0.02227	0.02681	0.01573	0.01821	0.01397	0.00946	0.00743	0.00248	0.01224	0.00612	0.00466	0.01427
83	0.01580	0.01081	0.01309	0.01309	0.01350	0.01122	0.00810	0.01662	0.01621	0.02203	0.03326	0.06529	0.03701	0.50313	0.16558	0.01205	0.01453	0.01497	0.00644	0.00727
84	0.01558	0.01168	0.01752	0.01752	0.01947	0.01363	0.01363	0.01947	0.01752	0.02531	0.02921	0.04283	0.02726	0.08178	0.57360	0.01752	0.02921	0.01168	0.00584	0.00974
85	0.01554	0.01155	0.01681	0.01660	0.01870	0.01282	0.01282	0.01974	0.02077	0.02980	0.15433	0.05224	0.04567	0.06729	0.43706	0.01409	0.02335	0.01364	0.00734	0.00987
86	0.02282	0.13018	0.49483	0.02946	0.04469	0.02764	0.03747	0.03429	0.02291	0.03338	0.01899	0.02230	0.01384	0.01022	0.00992	0.00331	0.01553	0.00777	0.00461	0.01584
87	0.01328	0.00949	0.01265	0.01518	0.01581	0.00886	0.01012	0.01518	0.02088	0.02783	0.06010	0.60969	0.07212	0.03416	0.01392	0.00443	0.00633	0.03100	0.01012	0.00886
88	0.53582	0.02203	0.01925	0.01631	0.02351	0.02472	0.01345	0.09695	0.02425	0.10902	0.01977	0.02101	0.01441	0.01089	0.00777	0.00336	0.00899	0.00699	0.00805	0.01345
89	0.01543	0.01115	0.01457	0.01372	0.01629	0.01029	0.01029	0.02058	0.03086	0.04372	0.54304	0.08145	0.10288	0.02229	0.01286	0.00343	0.00514	0.01972	0.01200	0.01029
90	0.10210	0.02606	0.04915	0.03596	0.04520	0.02548	0.34644	0.07353	0.02670	0.04010	0.02338	0.02928	0.01766	0.01008	0.01133	0.00346	0.01499	0.01147	0.09353	0.01411
91	0.01928	0.01198	0.01423	0.01312	0.01687	0.01061	0.01003	0.02339	0.02790	0.10474	0.26746	0.08083	0.25337	0.02228	0.01214	0.00344	0.00582	0.01895	0.07263	0.01094
92	0.02580	0.01339	0.01759	0.01544	0.01983	0.01194	0.01196	0.03022	0.02977	0.20557	0.31380	0.10787	0.11070	0.02076	0.01233	0.00350	0.00658	0.01800	0.01220	0.01275
93	0.02269	0.12068	0.50327	0.02967	0.04501	0.02734	0.03783	0.03432	0.02292	0.03352	0.01907	0.02239	0.01383	0.01024	0.00998	0.00333	0.01561	0.00780	0.00461	0.01587
94	0.08807	0.01823	0.02289	0.01826	0.02570	0.01696	0.01490	0.04898	0.07514	0.41601	0.04038	0.03651	0.02663	0.01329	0.01031	0.00331	0.00868	0.01065	0.08807	0.01702
95	0.02033	0.01016	0.01016	0.01016	0.01270	0.01016	0.00762	0.02541	0.02287	0.04065	0.03557	0.04065	0.02795	0.01270	0.00762	0.00254	0.00508	0.01016	0.67734	0.01016
96	0.01411	0.00971	0.01266	0.01442	0.01540	0.00900	0.00975	0.01510	0.02042	0.02669	0.06109	0.44601	0.13314	0.03378	0.01823	0.10976	0.00670	0.02648	0.00928	0.00827
97	0.04110	0.02107	0.02576	0.02046	0.02809	0.02080	0.01665	0.14583	0.10837	0.33347	0.08568	0.03945	0.03314	0.01441	0.01115	0.00341	0.00937	0.01173	0.01247	0.01760
98	0.03648	0.02742	0.02954	0.02370	0.03125	0.03041	0.01917	0.39123	0.12786	0.06112	0.03232	0.08221	0.02591	0.01531	0.01122	0.00345	0.01092	0.01218	0.01087	0.01744
99	0.02059	0.01938	0.03270	0.59060	0.07510	0.02422	0.03028	0.02786	0.02180	0.02786	0.01938	0.02907	0.01453	0.01090	0.01090	0.00363	0.01453	0.00969	0.00484	0.01211
100	0.03487	0.10331	0.07423	0.02061	0.03022	0.02390	0.01852	0.14522	0.03141	0.18444	0.02686	0.02676	0.01919	0.01104	0.00955	0.00272	0.01042	0.00850	0.00901	0.20923

[dist]
# distance from previous block
# <min> <max>
0	15

[block]
# block no. 2 follows, 12 sequences, length 29
# corresponding to MSA columns:
# 177-205
name=unknown_C
#
# <colnr> <probs for GDERKNQSTAVLIFYWHMCP>
#	G	D	E	R	K	N	Q	S	T	A	V	L	I	F	Y	W	H	M	C	P
0	0.03147	0.03034	0.02882	0.06450	0.03349	0.19767	0.05807	0.10934	0.06243	0.07507	0.03627	0.12826	0.06371	0.01666	0.01137	0.00344	0.01335	0.01383	0.00837	0.01355
1	0.02167	0.02415	0.08850	0.45530	0.14275	0.02459	0.03178	0.02938	0.02238	0.02970	0.01957	0.02814	0.01487	0.01067	0.01083	0.00356	0.01446	0.00953	0.00490	0.01329
2	0.02059	0.01938	0.03270	0.59060	0.07510	0.02422	0.03028	0.02786	0.02180	0.02786	0.01938	0.02907	0.01453	0.01090	0.01090	0.00363	0.01453	0.00969	0.00484	0.01211
3	0.02059	0.01938	0.03270	0.59060	0.07510	0.02422	0.03028	0.02786	0.02180	0.02786	0.01938	0.02907	0.01453	0.01090	0.01090	0.00363	0.01453	0.00969	0.00484	0.01211
4	0.61713	0.02220	0.01799	0.01560	0.02258	0.02556	0.01286	0.08853	0.02240	0.05125	0.01647	0.01871	0.01260	0.01047	0.00724	0.00336	0.00885	0.00636	0.00724	0.01260
5	0.11947	0.02528	0.02931	0.02628	0.08185	0.02677	0.01944	0.25191	0.07732	0.18716	0.03008	0.02921	0.02095	0.01263	0.01042	0.00334	0.01069	0.00983	0.01054	0.01751
6	0.07421	0.01887	0.02575	0.06622	0.10949	0.01871	0.01841	0.08438	0.02885	0.21664	0.07712	0.14278	0.03718	0.01701	0.01136	0.00356	0.00957	0.01467	0.01018	0.01501
7	0.04155	0.01693	0.02294	0.01815	0.02529	0.01476	0.01476	0.04597	0.03113	0.44354	0.15305	0.04687	0.04369	0.01543	0.01138	0.00339	0.00837	0.01289	0.01317	0.01674
8	0.10991	0.27812	0.15480	0.02163	0.03194	0.03207	0.02239	0.08521	0.02625	0.11373	0.02140	0.02253	0.01610	0.01065	0.00869	0.00295	0.01193	0.00750	0.00685	0.01534
9	0.02854	0.02085	0.02956	0.02384	0.06634	0.01716	0.07332	0.03389	0.02485	0.13962	0.02450	0.02661	0.01844	0.00940	0.00941	0.00232	0.00987	0.00834	0.00768	0.42545
10	0.01543	0.01115	0.01457	0.01372	0.01629	0.01029	0.01029	0.02058	0.03086	0.04372	0.54304	0.08145	0.10288	0.02229	0.01286	0.00343	0.00514	0.01972	0.01200	0.01029
11	0.04038	0.03001	0.03212	0.02487	0.03341	0.03331	0.02047	0.47850	0.08694	0.06699	0.02754	0.02726	0.01964	0.01322	0.01092	0.00330	0.01175	0.01000	0.01092	0.01845
12	0.03109	0.09324	0.34706	0.02630	0.03939	0.02391	0.03072	0.04028	0.02555	0.19947	0.02663	0.02702	0.01801	0.01127	0.01026	0.00333	0.01356	0.00879	0.00743	0.01671
13	0.02915	0.62337	0.05714	0.01866	0.02799	0.04314	0.01866	0.03265	0.02215	0.02565	0.01516	0.01749	0.01399	0.00933	0.00700	0.00233	0.01166	0.00583	0.00466	0.01399
14	0.02915	0.62337	0.05714	0.01866	0.02799	0.04314	0.01866	0.03265	0.02215	0.02565	0.01516	0.01749	0.01399	0.00933	0.00700	0.00233	0.01166	0.00583	0.00466	0.01399
15	0.01489	0.01088	0.01398	0.01371	0.01608	0.00998	0.01009	0.01933	0.02883	0.04008	0.43232	0.16380	0.13625	0.02455	0.01302	0.00360	0.00536	0.02172	0.01155	0.00998
16	0.01659	0.02137	0.13427	0.01869	0.02375	0.01426	0.01721	0.02382	0.06674	0.03292	0.11311	0.31732	0.10692	0.02517	0.01266	0.00396	0.00846	0.02218	0.00922	0.01139
17	0.02148	0.02038	0.03389	0.49381	0.11750	0.02514	0.03007	0.02827	0.02168	0.02848	0.01908	0.02844	0.01478	0.01145	0.01292	0.00369	0.06177	0.00968	0.00489	0.01260
18	0.04819	0.01972	0.02603	0.01995	0.02842	0.01776	0.01648	0.09792	0.03316	0.50880	0.04137	0.03605	0.02617	0.01346	0.01096	0.00336	0.00954	0.01085	0.01324	0.01855
19	0.01339	0.01104	0.01186	0.01235	0.01562	0.00951	0.00939	0.01630	0.02449	0.02961	0.10027	0.15595	0.45011	0.02850	0.01320	0.00389	0.00605	0.06908	0.01012	0.00925
20	0.10397	0.12763	0.21856	0.04112	0.23591	0.02819	0.03096	0.03354	0.02306	0.03528	0.01874	0.02309	0.01495	0.00992	0.00959	0.00319	0.01330	0.00811	0.00517	0.01573
21	0.03002	0.02447	0.03899	0.14113	0.35871	0.02529	0.02960	0.08397	0.02780	0.09898	0.02356	0.02843	0.01810	0.01070	0.01084	0.00332	0.01268	0.00987	0.00683	0.01672
22	0.01324	0.00964	0.01249	0.01477	0.01571	0.00889	0.00994	0.01523	0.02127	0.02800	0.06514	0.55916	0.11939	0.03350	0.01381	0.00435	0.00625	0.03020	0.01012	0.00889
23	0.02977	0.02431	0.03992	0.24541	0.09468	0.02607	0.13552	0.12979	0.02993	0.10038	0.02421	0.02935	0.01747	0.01116	0.01135	0.00351	0.01416	0.01059	0.00727	0.01515
24	0.12382	0.01478	0.01670	0.01508	0.01931	0.01500	0.01170	0.03047	0.08691	0.09701	0.30917	0.05890	0.06661	0.01783	0.01108	0.00337	0.00647	0.01503	0.06858	0.01218
25	0.01328	0.00949	0.01265	0.01518	0.01581	0.00886	0.01012	0.01518	0.02088	0.02783	0.06010	0.60969	0.07212	0.03416	0.01392	0.00443	0.00633	0.03100	0.01012	0.00886
26	0.69383	0.02109	0.01603	0.01434	0.02109	0.02446	0.01181	0.03205	0.01856	0.04892	0.01518	0.01771	0.01181	0.01012	0.00675	0.00337	0.00843	0.00590	0.00675	0.01181
27	0.52925	0.02562	0.02005	0.01735	0.02429	0.08080	0.01409	0.10625	0.02477	0.04971	0.01702	0.01920	0.01306	0.01068	0.00769	0.00330	0.01010	0.00661	0.00727	0.01292
28	0.69383	0.02109	0.01603	0.01434	0.02109	0.02446	0.01181	0.03205	0.01856	0.04892	0.01518	0.01771	0.01181	0.01012	0.00675	0.00337	0.00843	0.00590	0.00675	0.01181

[dist]
# distance from previous block
# <min> <max>
0	1

[block]
# block no. 3 follows, 12 sequences, length 12
# corresponding to MSA columns:
# 207-218
name=unknown_D
#
# <colnr> <probs for GDERKNQSTAVLIFYWHMCP>
#	G	D	E	R	K	N	Q	S	T	A	V	L	I	F	Y	W	H	M	C	P
0	0.01690	0.00990	0.01307	0.01344	0.01353	0.00981	0.00844	0.01500	0.01583	0.02111	0.03103	0.13286	0.03487	0.26423	0.04345	0.31961	0.00944	0.01514	0.00626	0.00607
1	0.19908	0.13215	0.08893	0.17097	0.04184	0.02962	0.02268	0.12613	0.02698	0.04165	0.01892	0.02290	0.01445	0.01080	0.00909	0.00325	0.01213	0.00789	0.00647	0.01406
2	0.01857	0.01168	0.01507	0.01433	0.01734	0.01057	0.01069	0.02278	0.02851	0.09732	0.35556	0.17181	0.13593	0.02395	0.01283	0.00363	0.00586	0.02106	0.01164	0.01085
3	0.01832	0.01967	0.08722	0.02477	0.09604	0.01612	0.01836	0.02397	0.02673	0.03818	0.30594	0.12141	0.06893	0.02012	0.01432	0.00363	0.05767	0.01729	0.00934	0.01196
4	0.03293	0.02780	0.03007	0.06431	0.09884	0.08896	0.02117	0.14520	0.23883	0.08639	0.03281	0.03256	0.02436	0.01305	0.01085	0.00342	0.01154	0.01060	0.00952	0.01679
5	0.01727	0.01433	0.01551	0.01465	0.01871	0.01420	0.01115	0.02803	0.15932	0.03726	0.20048	0.08215	0.29992	0.02291	0.01241	0.00362	0.00625	0.01938	0.01085	0.01160
6	0.59996	0.02142	0.01724	0.01544	0.02211	0.02483	0.01258	0.03570	0.09043	0.04845	0.01929	0.02095	0.01483	0.01078	0.00736	0.00342	0.00846	0.00681	0.00736	0.01258
7	0.36334	0.06504	0.02611	0.06838	0.08448	0.06091	0.01782	0.06407	0.08518	0.04363	0.02042	0.02303	0.01593	0.01090	0.00850	0.00331	0.01055	0.00769	0.00702	0.01368
8	0.12306	0.02128	0.03223	0.29766	0.05321	0.02361	0.07517	0.06711	0.02566	0.14122	0.02431	0.02894	0.01716	0.01128	0.01054	0.00352	0.01285	0.00976	0.00734	0.01408
9	0.02999	0.10853	0.03894	0.15037	0.04360	0.02838	0.10188	0.17928	0.03309	0.07133	0.08174	0.03295	0.02667	0.01250	0.01090	0.00331	0.01264	0.01091	0.00807	0.01492
10	0.11210	0.01436	0.01871	0.02133	0.08284	0.01522	0.01389	0.02204	0.02072	0.03200	0.09378	0.08881	0.08059	0.11312	0.21326	0.00929	0.01576	0.01431	0.00735	0.01053
11	0.01814	0.01351	0.01613	0.01461	0.01815	0.01297	0.01119	0.08010	0.03222	0.04407	0.39690	0.07914	0.17681	0.02218	0.01263	0.00346	0.00606	0.01913	0.01151	0.01110

[dist]
# distance from previous block
# <min> <max>
0	71

[block]
# block no. 4 follows, 12 sequences, length 20
# corresponding to MSA columns:
# 290-309
name=unknown_E
#
# <colnr> <probs for GDERKNQSTAVLIFYWHMCP>
#	G	D	E	R	K	N	Q	S	T	A	V	L	I	F	Y	W	H	M	C	P
0	0.02506	0.02177	0.03271	0.46949	0.06626	0.02628	0.02823	0.13164	0.02811	0.03661	0.02084	0.02845	0.01539	0.01137	0.01090	0.00356	0.01399	0.00972	0.00614	0.01349
1	0.04145	0.03054	0.03272	0.02509	0.03381	0.03381	0.02072	0.51243	0.05127	0.06872	0.02618	0.02618	0.01854	0.01309	0.01091	0.00327	0.01200	0.00982	0.01091	0.01854
2	0.01674	0.01328	0.02032	0.01779	0.02129	0.01238	0.06612	0.02232	0.02984	0.04187	0.44696	0.07897	0.09015	0.02146	0.01303	0.00358	0.00700	0.05499	0.01113	0.01076
3	0.02261	0.01938	0.02261	0.01615	0.02584	0.01453	0.01292	0.02745	0.02261	0.03553	0.01938	0.02261	0.01615	0.00807	0.00807	0.00161	0.00807	0.00646	0.00646	0.68346
4	0.25531	0.08564	0.02285	0.01782	0.02365	0.02382	0.01489	0.03623	0.16216	0.04086	0.03869	0.05072	0.06881	0.01646	0.01003	0.00368	0.00892	0.09783	0.00861	0.01302
5	0.02187	0.05640	0.56031	0.03108	0.04719	0.02532	0.04029	0.03453	0.02302	0.03453	0.01957	0.02302	0.01381	0.01036	0.01036	0.00345	0.01611	0.00806	0.00460	0.01611
6	0.01325	0.00964	0.01250	0.01479	0.01571	0.00889	0.00995	0.01523	0.02125	0.02799	0.06483	0.56227	0.11648	0.03354	0.01382	0.00436	0.00625	0.03025	0.01012	0.00889
7	0.04115	0.03950	0.03196	0.02634	0.03377	0.25922	0.02087	0.31642	0.04275	0.05115	0.02228	0.02345	0.01666	0.01231	0.01046	0.00308	0.01520	0.00865	0.00870	0.01608
8	0.02866	0.11253	0.02849	0.08286	0.03115	0.02315	0.01771	0.04071	0.17379	0.14636	0.04008	0.11942	0.03473	0.01722	0.01114	0.00362	0.00971	0.05429	0.00969	0.01468
9	0.02915	0.62337	0.05714	0.01866	0.02799	0.04314	0.01866	0.03265	0.02215	0.02565	0.01516	0.01749	0.01399	0.00933	0.00700	0.00233	0.01166	0.00583	0.00466	0.01399
10	0.03206	0.02435	0.03383	0.03307	0.13722	0.02518	0.07164	0.18758	0.09041	0.10602	0.10897	0.03810	0.03377	0.01366	0.01142	0.00339	0.01112	0.01206	0.00970	0.01646
11	0.10970	0.04269	0.02893	0.02537	0.03176	0.39488	0.01951	0.09502	0.03189	0.09229	0.02060	0.02211	0.01574	0.01157	0.00975	0.00298	0.01650	0.00765	0.00719	0.01386
12	0.02618	0.09896	0.19041	0.13738	0.09068	0.02688	0.06155	0.03850	0.11125	0.07526	0.02543	0.02850	0.01887	0.01122	0.01047	0.00340	0.01337	0.00956	0.00661	0.01552
13	0.03239	0.01473	0.01955	0.01671	0.02212	0.01295	0.01309	0.03627	0.02878	0.30842	0.15904	0.15169	0.09690	0.02021	0.01205	0.00360	0.00755	0.01737	0.01229	0.01428
14	0.01313	0.01009	0.01203	0.01358	0.01539	0.00899	0.00941	0.01536	0.02242	0.02846	0.07960	0.41425	0.25497	0.03163	0.01352	0.00414	0.00601	0.02791	0.01012	0.00899
15	0.02603	0.10216	0.27082	0.14663	0.04588	0.02449	0.02991	0.03447	0.02379	0.11294	0.02546	0.06600	0.02002	0.01248	0.01044	0.00342	0.01355	0.01018	0.00642	0.01491
16	0.01789	0.01259	0.01834	0.01698	0.01962	0.01171	0.05402	0.02106	0.02370	0.06861	0.16749	0.25894	0.09550	0.13751	0.02117	0.00517	0.00808	0.02193	0.00973	0.01000
17	0.04892	0.01856	0.02530	0.01940	0.02783	0.01603	0.01603	0.05314	0.03121	0.55634	0.04302	0.03711	0.02699	0.01350	0.01096	0.00337	0.00928	0.01096	0.01350	0.01856
18	0.09717	0.02884	0.09759	0.08209	0.08910	0.02538	0.28474	0.03593	0.02496	0.09325	0.02309	0.02822	0.01685	0.01004	0.01147	0.00355	0.01541	0.01099	0.00637	0.01496
19	0.25047	0.15215	0.03034	0.17913	0.03799	0.02665	0.01872	0.03148	0.02226	0.07343	0.06512	0.02791	0.02221	0.01149	0.00882	0.00322	0.01064	0.00855	0.00669	0.01272

[dist]
# distance from previous block
# <min> <max>
0	28

[block]
# block no. 5 follows, 12 sequences, length 39
# corresponding to MSA columns:
# 338-376
name=unknown_F
#
# <colnr> <probs for GDERKNQSTAVLIFYWHMCP>
#	G	D	E	R	K	N	Q	S	T	A	V	L	I	F	Y	W	H	M	C	P
0	0.20671	0.02526	0.07817	0.22459	0.16376	0.02502	0.06387	0.03139	0.02201	0.03649	0.01871	0.02500	0.01450	0.01024	0.00985	0.00346	0.01294	0.00877	0.00552	0.01374
1	0.69383	0.02109	0.01603	0.01434	0.02109	0.02446	0.01181	0.03205	0.01856	0.04892	0.01518	0.01771	0.01181	0.01012	0.00675	0.00337	0.00843	0.00590	0.00675	0.01181
2	0.02118	0.01364	0.01808	0.06457	0.02246	0.01528	0.01317	0.02453	0.01992	0.07747	0.03086	0.04575	0.02804	0.18095	0.15092	0.00835	0.07661	0.01191	0.16600	0.01031
3	0.01941	0.01300	0.01548	0.01458	0.01736	0.01271	0.01041	0.02574	0.08717	0.07870	0.21513	0.11376	0.11545	0.18474	0.02423	0.00552	0.00755	0.01824	0.01019	0.01062
4	0.03581	0.02620	0.02841	0.02324	0.03080	0.02910	0.01872	0.26550	0.26165	0.10618	0.03591	0.03369	0.02592	0.01389	0.01100	0.00347	0.01023	0.01104	0.01124	0.01797
5	0.02460	0.01665	0.02413	0.07928	0.12429	0.01662	0.01807	0.03140	0.06894	0.12981	0.14386	0.18599	0.05137	0.01960	0.01206	0.00367	0.00881	0.01750	0.00983	0.01350
6	0.03636	0.02231	0.02993	0.08383	0.03601	0.02238	0.05683	0.11929	0.11888	0.23907	0.03398	0.03305	0.02348	0.01248	0.01082	0.00328	0.01074	0.01057	0.01039	0.08631
7	0.08247	0.31808	0.17418	0.02484	0.03573	0.03476	0.07618	0.07780	0.02515	0.03469	0.01799	0.02093	0.01447	0.00998	0.00878	0.00292	0.01323	0.00750	0.00549	0.01483
8	0.01951	0.01116	0.01495	0.01578	0.01789	0.01019	0.01114	0.02206	0.02343	0.11884	0.09565	0.47040	0.06690	0.02971	0.01333	0.00417	0.00673	0.02670	0.01084	0.01062
9	0.08377	0.02322	0.06861	0.02040	0.02717	0.02156	0.01781	0.15858	0.08747	0.11262	0.16060	0.05089	0.04536	0.01672	0.01142	0.00356	0.00947	0.05541	0.01056	0.01480
10	0.03285	0.02646	0.13160	0.12101	0.12229	0.02018	0.02535	0.03937	0.02629	0.24581	0.03238	0.07579	0.02437	0.01346	0.01104	0.00349	0.01181	0.01155	0.00882	0.01609
11	0.03657	0.02387	0.06988	0.06576	0.03284	0.02154	0.01948	0.17578	0.03550	0.24406	0.12060	0.03984	0.03559	0.01444	0.01122	0.00338	0.01032	0.01181	0.01109	0.01642
12	0.02711	0.01784	0.02222	0.06328	0.02834	0.01860	0.01592	0.03994	0.19113	0.14810	0.04150	0.14533	0.03580	0.02453	0.07172	0.00508	0.01096	0.01482	0.01001	0.06779
13	0.51737	0.02119	0.02056	0.02081	0.07882	0.02324	0.01482	0.03563	0.02129	0.13002	0.02028	0.02186	0.01486	0.01063	0.00787	0.00336	0.00906	0.00714	0.00770	0.01349
14	0.01894	0.00947	0.01420	0.01420	0.01420	0.00947	0.00947	0.01420	0.01420	0.01894	0.01894	0.03314	0.01894	0.03788	0.04261	0.68277	0.00947	0.00947	0.00473	0.00473
15	0.03489	0.03471	0.14475	0.03070	0.04122	0.06417	0.14666	0.18103	0.03415	0.13930	0.02625	0.02791	0.01832	0.01151	0.01123	0.00340	0.01446	0.01025	0.00840	0.01669
16	0.08867	0.03206	0.17466	0.11952	0.08220	0.06517	0.02574	0.03392	0.02399	0.09856	0.02502	0.07069	0.02044	0.01244	0.01022	0.00328	0.01273	0.01015	0.00671	0.08385
17	0.17716	0.02363	0.07882	0.02158	0.03062	0.01958	0.05617	0.04555	0.02737	0.36000	0.03335	0.03114	0.02176	0.01216	0.01019	0.00341	0.01049	0.00979	0.01061	0.01663
18	0.02059	0.01938	0.03270	0.59060	0.07510	0.02422	0.03028	0.02786	0.02180	0.02786	0.01938	0.02907	0.01453	0.01090	0.01090	0.00363	0.01453	0.00969	0.00484	0.01211
19	0.03275	0.01667	0.02120	0.01798	0.02375	0.01590	0.01418	0.04195	0.12166	0.27760	0.18796	0.09167	0.05316	0.01774	0.01174	0.00353	0.00776	0.01517	0.01238	0.01525
20	0.02235	0.20678	0.17925	0.16260	0.04262	0.02743	0.02582	0.02931	0.02314	0.03071	0.07757	0.07512	0.02817	0.01333	0.01004	0.00324	0.01246	0.01085	0.00591	0.01330
21	0.02941	0.29067	0.15080	0.02286	0.03260	0.03016	0.06147	0.03501	0.02353	0.11923	0.02342	0.02857	0.01907	0.07327	0.01388	0.00371	0.01260	0.00879	0.00644	0.01451
22	0.03799	0.01876	0.02328	0.01910	0.02616	0.01806	0.01536	0.04926	0.16351	0.34377	0.08285	0.04641	0.07440	0.01555	0.01128	0.00349	0.00853	0.01287	0.01249	0.01691
23	0.01349	0.00965	0.01284	0.01504	0.01586	0.00900	0.01014	0.01571	0.02185	0.02939	0.10737	0.55799	0.07513	0.03300	0.01381	0.00433	0.00621	0.02989	0.01031	0.00900
24	0.07106	0.03299	0.20509	0.12819	0.04703	0.02406	0.13775	0.03339	0.07169	0.03390	0.02215	0.02797	0.01687	0.01356	0.01430	0.07646	0.01436	0.00985	0.00566	0.01368
25	0.08885	0.02688	0.12151	0.02399	0.03316	0.02072	0.07101	0.09190	0.02935	0.26675	0.03440	0.08718	0.02591	0.01421	0.01100	0.00351	0.01135	0.01209	0.00997	0.01624
26	0.01957	0.01265	0.01651	0.01753	0.01992	0.01232	0.01330	0.05875	0.02516	0.07724	0.05543	0.39433	0.06179	0.02976	0.01372	0.00440	0.00794	0.13850	0.01045	0.01073
27	0.02171	0.01344	0.01676	0.01591	0.01946	0.01284	0.01189	0.02872	0.08929	0.12508	0.21637	0.22393	0.11340	0.02380	0.01263	0.00377	0.00666	0.02088	0.01142	0.01204
28	0.02385	0.02271	0.03859	0.32371	0.31651	0.02508	0.03190	0.03071	0.02334	0.03182	0.01996	0.02801	0.01593	0.01030	0.01085	0.00343	0.01373	0.00970	0.00513	0.01474
29	0.02165	0.09587	0.24880	0.07156	0.03867	0.02330	0.06505	0.03143	0.05728	0.03333	0.02906	0.12170	0.02623	0.01459	0.01063	0.00346	0.01258	0.01256	0.06843	0.01380
30	0.69383	0.02109	0.01603	0.01434	0.02109	0.02446	0.01181	0.03205	0.01856	0.04892	0.01518	0.01771	0.01181	0.01012	0.00675	0.00337	0.00843	0.00590	0.00675	0.01181
31	0.01687	0.01089	0.01385	0.01456	0.01681	0.00982	0.01036	0.01969	0.02424	0.07980	0.14844	0.37516	0.16030	0.02905	0.01328	0.00403	0.00625	0.02578	0.01075	0.01006
32	0.03817	0.01690	0.02187	0.01797	0.02449	0.01556	0.01439	0.04515	0.08131	0.36734	0.09264	0.08333	0.03841	0.01590	0.01107	0.00341	0.00820	0.01333	0.07442	0.01614
33	0.01622	0.01034	0.01450	0.01625	0.01721	0.01007	0.01200	0.01694	0.02000	0.02644	0.04678	0.29694	0.05316	0.03418	0.02306	0.21313	0.00833	0.14811	0.00844	0.00792
34	0.01837	0.01175	0.01493	0.01403	0.01721	0.01057	0.01055	0.02267	0.02884	0.09467	0.36581	0.13548	0.16651	0.02348	0.01277	0.00357	0.00577	0.02051	0.01165	0.01084
35	0.02915	0.62337	0.05714	0.01866	0.02799	0.04314	0.01866	0.03265	0.02215	0.02565	0.01516	0.01749	0.01399	0.00933	0.00700	0.00233	0.01166	0.00583	0.00466	0.01399
36	0.02751	0.55968	0.05252	0.01830	0.02672	0.03959	0.01777	0.03084	0.02202	0.02588	0.01982	0.07893	0.02002	0.01190	0.00771	0.00255	0.01111	0.00844	0.00523	0.01346
37	0.27719	0.02523	0.04180	0.03095	0.04022	0.02505	0.27026	0.03307	0.02271	0.04026	0.01919	0.02430	0.01472	0.00943	0.01006	0.00335	0.01356	0.00958	0.00608	0.08299
38	0.10679	0.12741	0.02960	0.01858	0.02709	0.06873	0.01561	0.03946	0.02589	0.22169	0.02647	0.02615	0.01902	0.01073	0.00893	0.00266	0.01016	0.00796	0.00863	0.19842

[dist]
# distance from previous block
# <min> <max>
0	22

[block]
# block no. 6 follows, 12 sequences, length 17
# corresponding to MSA columns:
# 399-415
name=unknown_G
#
# <colnr> <probs for GDERKNQSTAVLIFYWHMCP>
#	G	D	E	R	K	N	Q	S	T	A	V	L	I	F	Y	W	H	M	C	P
0	0.02655	0.01895	0.02496	0.08426	0.07740	0.01635	0.01677	0.03148	0.02451	0.12852	0.03319	0.03486	0.07266	0.01154	0.00965	0.00252	0.00918	0.00964	0.00784	0.35919
1	0.31315	0.15143	0.02936	0.07090	0.02994	0.07607	0.01658	0.03668	0.02305	0.13297	0.02082	0.02245	0.01551	0.01074	0.00824	0.00313	0.01085	0.00727	0.00726	0.01361
2	0.31529	0.01794	0.01795	0.01579	0.02094	0.01931	0.01243	0.02863	0.02069	0.09085	0.03415	0.08237	0.08015	0.06935	0.01554	0.00410	0.06121	0.01158	0.00786	0.07384
3	0.02395	0.03465	0.25246	0.02479	0.03623	0.01969	0.06366	0.03243	0.02491	0.08309	0.09186	0.03250	0.02777	0.01152	0.01032	0.00296	0.01201	0.00982	0.00698	0.19840
4	0.02056	0.01844	0.03041	0.53164	0.06876	0.02280	0.02798	0.02761	0.02191	0.02916	0.02102	0.03025	0.01590	0.01108	0.01057	0.00352	0.01357	0.00974	0.07316	0.01191
5	0.01347	0.00980	0.01270	0.01465	0.01576	0.00904	0.00997	0.01578	0.02228	0.02963	0.11471	0.50822	0.11912	0.03233	0.01371	0.00426	0.00613	0.02909	0.01032	0.00904
6	0.01563	0.01148	0.01649	0.01649	0.01808	0.01307	0.01234	0.01881	0.01722	0.02455	0.03015	0.04807	0.02953	0.17992	0.47856	0.01625	0.02579	0.01245	0.00598	0.00916
7	0.01894	0.00947	0.01420	0.01420	0.01420	0.00947	0.00947	0.01420	0.01420	0.01894	0.01894	0.03314	0.01894	0.03788	0.04261	0.68277	0.00947	0.00947	0.00473	0.00473
8	0.01515	0.01067	0.01261	0.01264	0.01382	0.01016	0.00816	0.01706	0.02148	0.02894	0.18489	0.13350	0.11612	0.32844	0.03480	0.00722	0.00809	0.01927	0.00884	0.00814
9	0.02261	0.01938	0.02261	0.01615	0.02584	0.01453	0.01292	0.02745	0.02261	0.03553	0.01938	0.02261	0.01615	0.00807	0.00807	0.00161	0.00807	0.00646	0.00646	0.68346
10	0.03475	0.01440	0.01780	0.01482	0.02034	0.01312	0.01186	0.03939	0.02707	0.30077	0.03933	0.03887	0.02746	0.01310	0.00931	0.00296	0.00720	0.01057	0.34249	0.01440
11	0.01480	0.01049	0.01345	0.01388	0.01534	0.00986	0.00957	0.01794	0.02485	0.03439	0.29119	0.25506	0.08129	0.13313	0.02088	0.00505	0.00651	0.02277	0.01041	0.00915
12	0.26308	0.02647	0.06813	0.12312	0.03747	0.02695	0.02057	0.18919	0.03100	0.08534	0.02178	0.02426	0.01569	0.01148	0.00942	0.00339	0.01136	0.00838	0.00805	0.01486
13	0.14699	0.02078	0.07472	0.01807	0.02445	0.01742	0.01603	0.06650	0.02713	0.08860	0.16002	0.09516	0.04727	0.01747	0.01093	0.00344	0.00871	0.06012	0.00936	0.08684
14	0.17829	0.07969	0.08270	0.02203	0.02912	0.06063	0.07141	0.06870	0.02522	0.06981	0.07034	0.07588	0.02798	0.01607	0.01306	0.06641	0.01134	0.01115	0.00742	0.01274
15	0.12036	0.02044	0.02831	0.02284	0.02981	0.01986	0.09879	0.09745	0.02747	0.09424	0.03352	0.13189	0.03134	0.01650	0.01113	0.00346	0.01049	0.06424	0.00868	0.12918
16	0.12900	0.02496	0.06655	0.02275	0.03092	0.02359	0.05208	0.14574	0.08665	0.19986	0.03117	0.03134	0.02204	0.01870	0.06116	0.00469	0.01260	0.01014	0.00983	0.01622

[dist]
# distance from previous block
# <min> <max>
0	833

# created by:
# /st0/software/busco_prod/Augustus/scripts/msa2prfl.pl ./align_prep/6330.fa
