[name]
unknown

[dist]
# distance from previous block
# <min> <max>
3	29

[block]
# block no. 0 follows, 15 sequences, length 54
# corresponding to MSA columns:
# 32-85
name=unknown_A
#
# <colnr> <probs for GDERKNQSTAVLIFYWHMCP>
#	G	D	E	R	K	N	Q	S	T	A	V	L	I	F	Y	W	H	M	C	P
0	0.06809	0.02449	0.07804	0.07698	0.07163	0.02251	0.08261	0.15711	0.07115	0.04104	0.05596	0.02736	0.02098	0.01052	0.00951	0.00282	0.01070	0.00907	0.00712	0.15231
1	0.02230	0.09236	0.33306	0.02616	0.03725	0.02522	0.07262	0.03786	0.18524	0.03393	0.02452	0.02594	0.01818	0.01051	0.00960	0.00315	0.01251	0.00873	0.00606	0.01477
2	0.01391	0.01018	0.01305	0.01233	0.01477	0.00932	0.00925	0.01843	0.02775	0.03887	0.54125	0.07629	0.13571	0.02079	0.01176	0.00316	0.00473	0.01828	0.01083	0.00932
3	0.03987	0.02589	0.02781	0.02157	0.02929	0.06177	0.01770	0.37316	0.04031	0.21748	0.02796	0.02652	0.01898	0.01197	0.00993	0.00299	0.01067	0.00913	0.01037	0.01662
4	0.01467	0.01057	0.01340	0.01456	0.01599	0.01029	0.01015	0.06324	0.02252	0.03029	0.10535	0.52976	0.06434	0.02839	0.01238	0.00386	0.00614	0.02555	0.00949	0.00903
5	0.03790	0.02792	0.02992	0.02294	0.03091	0.03091	0.01895	0.55423	0.04687	0.06283	0.02393	0.02393	0.01695	0.01197	0.00997	0.00299	0.01097	0.00898	0.00997	0.01695
6	0.04301	0.01802	0.02358	0.01826	0.02587	0.01643	0.01503	0.08477	0.06317	0.52256	0.03831	0.03342	0.02448	0.01239	0.01003	0.00310	0.00862	0.01003	0.01204	0.01689
7	0.01448	0.00975	0.01132	0.01132	0.01147	0.00991	0.00659	0.01478	0.01463	0.01966	0.03101	0.06300	0.03527	0.60024	0.09882	0.01021	0.01113	0.01417	0.00598	0.00629
8	0.04282	0.02002	0.02503	0.01919	0.02697	0.01919	0.01585	0.18973	0.03365	0.44599	0.03503	0.03114	0.02252	0.01223	0.01001	0.00306	0.00918	0.00973	0.01168	0.01696
9	0.01396	0.00996	0.01338	0.01379	0.01472	0.01069	0.00959	0.01592	0.01601	0.02218	0.03338	0.15506	0.03623	0.27385	0.30359	0.01162	0.01689	0.01517	0.00628	0.00773
10	0.01232	0.00881	0.01173	0.01376	0.01450	0.00822	0.00927	0.01433	0.01991	0.02676	0.10262	0.59173	0.06848	0.03025	0.01264	0.00397	0.00569	0.02741	0.00941	0.00822
11	0.01554	0.01085	0.01205	0.01182	0.01239	0.01119	0.00702	0.01838	0.07051	0.02159	0.03234	0.06241	0.03566	0.58545	0.04664	0.00903	0.00949	0.01417	0.00645	0.00702
12	0.08635	0.02731	0.02883	0.02224	0.03009	0.03031	0.01837	0.51694	0.04475	0.06154	0.02322	0.02338	0.01652	0.01177	0.00970	0.00300	0.01074	0.00872	0.00970	0.01652
13	0.01999	0.05157	0.59800	0.02841	0.04315	0.02315	0.03683	0.03157	0.02105	0.03157	0.01789	0.02105	0.01263	0.00947	0.00947	0.00316	0.01473	0.00737	0.00421	0.01473
14	0.01259	0.00961	0.01214	0.01308	0.01486	0.00915	0.00940	0.01514	0.02021	0.02647	0.10053	0.31982	0.21415	0.03731	0.13079	0.00615	0.00963	0.02193	0.00860	0.00844
15	0.01327	0.01016	0.01216	0.01166	0.01438	0.00905	0.00875	0.01719	0.02624	0.03527	0.40860	0.08221	0.27060	0.02214	0.01177	0.00322	0.00483	0.01911	0.01035	0.00905
16	0.02353	0.02689	0.05882	0.04202	0.05210	0.02521	0.55126	0.03193	0.02353	0.03193	0.02017	0.02689	0.01513	0.00840	0.01176	0.00336	0.01681	0.01176	0.00504	0.01345
17	0.01424	0.01068	0.01602	0.01602	0.01780	0.01246	0.01246	0.01780	0.01602	0.02314	0.02670	0.03916	0.02492	0.07477	0.61015	0.01602	0.02670	0.01068	0.00534	0.00890
18	0.01879	0.01510	0.01915	0.01775	0.01900	0.01859	0.01378	0.02392	0.07325	0.02886	0.03042	0.15393	0.03030	0.07218	0.02178	0.00416	0.23986	0.01350	0.17563	0.01004
19	0.01920	0.01850	0.03436	0.16223	0.08868	0.01873	0.19319	0.02544	0.02324	0.03151	0.13654	0.08616	0.03811	0.01463	0.01147	0.00344	0.01169	0.06456	0.00677	0.01153
20	0.03268	0.21178	0.03552	0.02072	0.02849	0.02805	0.05258	0.14635	0.13303	0.17099	0.02750	0.02667	0.02000	0.01109	0.00907	0.00286	0.01009	0.00876	0.00853	0.01525
21	0.02144	0.02187	0.03284	0.48081	0.09527	0.08179	0.07158	0.02778	0.02125	0.02635	0.01776	0.02562	0.01355	0.00980	0.01002	0.00323	0.01397	0.00886	0.00458	0.01161
22	0.02988	0.01368	0.01838	0.01522	0.02033	0.01211	0.01211	0.03415	0.02838	0.32557	0.30255	0.05358	0.05832	0.01624	0.01087	0.00311	0.00665	0.01391	0.01168	0.01330
23	0.03490	0.03052	0.03049	0.08127	0.08214	0.14421	0.02080	0.35945	0.03867	0.04923	0.02124	0.02306	0.01571	0.01119	0.00977	0.00294	0.01264	0.00845	0.00808	0.01525
24	0.03488	0.18926	0.03464	0.02268	0.02958	0.28073	0.01862	0.20625	0.03242	0.03678	0.01783	0.01945	0.01418	0.01040	0.00868	0.00260	0.01389	0.00699	0.00651	0.01363
25	0.01568	0.01300	0.01408	0.01331	0.01700	0.01283	0.01013	0.02528	0.16308	0.03401	0.20820	0.07554	0.31823	0.02103	0.01136	0.00331	0.00568	0.01779	0.00992	0.01054
26	0.32136	0.02324	0.02145	0.01795	0.02460	0.06326	0.01454	0.15988	0.10894	0.11866	0.02366	0.02359	0.01713	0.01100	0.00835	0.00307	0.00930	0.00779	0.00839	0.01385
27	0.02067	0.11253	0.54292	0.02727	0.04137	0.02480	0.03484	0.03140	0.02097	0.03075	0.01748	0.02054	0.01264	0.00938	0.00916	0.00305	0.01432	0.00716	0.00421	0.01454
28	0.01215	0.00868	0.01157	0.01388	0.01446	0.00810	0.00925	0.01388	0.01909	0.02545	0.05495	0.64315	0.06593	0.03123	0.01272	0.00405	0.00578	0.02834	0.00925	0.00810
29	0.02067	0.11253	0.54292	0.02727	0.04137	0.02480	0.03484	0.03140	0.02097	0.03075	0.01748	0.02054	0.01264	0.00938	0.00916	0.00305	0.01432	0.00716	0.00421	0.01454
30	0.02086	0.09117	0.14285	0.35719	0.05259	0.06968	0.02650	0.02748	0.02079	0.02638	0.01968	0.06522	0.01662	0.01118	0.00961	0.00316	0.01317	0.00932	0.00475	0.01181
31	0.02495	0.01917	0.03151	0.36859	0.19878	0.02123	0.02616	0.03091	0.02218	0.12769	0.02180	0.02737	0.01596	0.01010	0.00995	0.00318	0.01206	0.00907	0.00596	0.01337
32	0.01215	0.00868	0.01157	0.01388	0.01446	0.00810	0.00925	0.01388	0.01909	0.02545	0.05495	0.64315	0.06593	0.03123	0.01272	0.00405	0.00578	0.02834	0.00925	0.00810
33	0.02421	0.30317	0.32402	0.02321	0.03481	0.03060	0.02712	0.07223	0.02276	0.03064	0.01668	0.01915	0.01304	0.00927	0.00822	0.00271	0.01273	0.00664	0.00469	0.01409
34	0.08092	0.15677	0.23559	0.11799	0.12101	0.02534	0.02659	0.02891	0.02073	0.03003	0.02197	0.02562	0.04825	0.01022	0.00886	0.00296	0.01208	0.00809	0.00484	0.01323
35	0.02778	0.01328	0.01730	0.01453	0.01950	0.01165	0.01152	0.03174	0.02747	0.29223	0.25501	0.05935	0.14165	0.01748	0.01097	0.00315	0.00649	0.01484	0.01132	0.01271
36	0.72007	0.01928	0.01465	0.01311	0.01928	0.02236	0.01080	0.02930	0.01697	0.04473	0.01388	0.01619	0.01080	0.00925	0.00617	0.00308	0.00771	0.00540	0.00617	0.01080
37	0.02301	0.01799	0.07423	0.07084	0.02806	0.01590	0.05821	0.02867	0.04800	0.14771	0.02881	0.03852	0.02412	0.13560	0.20656	0.00832	0.01604	0.01083	0.00700	0.01159
38	0.29808	0.14324	0.17683	0.01923	0.02732	0.02525	0.02003	0.02886	0.01907	0.03463	0.01840	0.02652	0.01601	0.01138	0.00956	0.00315	0.05221	0.05269	0.00545	0.01206
39	0.01391	0.01018	0.01305	0.01233	0.01477	0.00932	0.00925	0.01843	0.02775	0.03887	0.54125	0.07629	0.13571	0.02079	0.01176	0.00316	0.00473	0.01828	0.01083	0.00932
40	0.72007	0.01928	0.01465	0.01311	0.01928	0.02236	0.01080	0.02930	0.01697	0.04473	0.01388	0.01619	0.01080	0.00925	0.00617	0.00308	0.00771	0.00540	0.00617	0.01080
41	0.01640	0.01295	0.01795	0.16305	0.02905	0.01375	0.01447	0.06104	0.02452	0.03299	0.20919	0.23843	0.08567	0.02084	0.01148	0.00347	0.00765	0.01848	0.00867	0.00995
42	0.01883	0.01772	0.02990	0.62569	0.06866	0.02215	0.02769	0.02547	0.01993	0.02547	0.01772	0.02658	0.01329	0.00997	0.00997	0.00332	0.01329	0.00886	0.00443	0.01107
43	0.01887	0.01435	0.01556	0.01590	0.01848	0.07042	0.01217	0.02217	0.02383	0.08089	0.16328	0.26050	0.08869	0.02399	0.01207	0.00370	0.00772	0.12818	0.00947	0.00978
44	0.01293	0.00922	0.01234	0.01424	0.01505	0.00895	0.00993	0.01496	0.01880	0.02514	0.05017	0.48542	0.05886	0.09052	0.06761	0.00564	0.00828	0.07523	0.00862	0.00809
45	0.01999	0.05157	0.59800	0.02841	0.04315	0.02315	0.03683	0.03157	0.02105	0.03157	0.01789	0.02105	0.01263	0.00947	0.00947	0.00316	0.01473	0.00737	0.00421	0.01473
46	0.01824	0.01060	0.01379	0.01387	0.01637	0.00955	0.01005	0.02103	0.02297	0.12883	0.16187	0.36155	0.12233	0.02508	0.01195	0.00362	0.00596	0.02225	0.01014	0.00996
47	0.01415	0.01189	0.01990	0.01884	0.02110	0.01112	0.10485	0.01706	0.01987	0.02659	0.04881	0.53446	0.05697	0.02721	0.01255	0.00393	0.00773	0.02542	0.00851	0.00904
48	0.03559	0.02030	0.02351	0.01851	0.02517	0.02080	0.01512	0.26985	0.03573	0.23461	0.07772	0.03332	0.02723	0.01276	0.00974	0.00295	0.00877	0.01014	0.10287	0.01530
49	0.01467	0.01023	0.01374	0.01374	0.01497	0.01126	0.00985	0.01711	0.01589	0.02296	0.02876	0.04784	0.02881	0.26446	0.37294	0.01278	0.01919	0.01186	0.06097	0.00796
50	0.01883	0.01772	0.02990	0.62569	0.06866	0.02215	0.02769	0.02547	0.01993	0.02547	0.01772	0.02658	0.01329	0.00997	0.00997	0.00332	0.01329	0.00886	0.00443	0.01107
51	0.02052	0.09939	0.55479	0.02751	0.04176	0.02444	0.03527	0.03143	0.02098	0.03093	0.01757	0.02065	0.01264	0.00940	0.00923	0.00308	0.01441	0.00721	0.00421	0.01458
52	0.02181	0.02076	0.03528	0.33806	0.33301	0.02293	0.02917	0.02808	0.02134	0.02909	0.01824	0.02561	0.01456	0.00941	0.00992	0.00314	0.01255	0.00887	0.00469	0.01348
53	0.22015	0.02170	0.02116	0.01738	0.02359	0.05739	0.01401	0.19843	0.03066	0.08658	0.13416	0.03214	0.03099	0.01253	0.00906	0.00293	0.00882	0.00953	0.00873	0.06008

[dist]
# distance from previous block
# <min> <max>
0	1

[block]
# block no. 1 follows, 15 sequences, length 34
# corresponding to MSA columns:
# 87-120
name=unknown_B
#
# <colnr> <probs for GDERKNQSTAVLIFYWHMCP>
#	G	D	E	R	K	N	Q	S	T	A	V	L	I	F	Y	W	H	M	C	P
0	0.18626	0.02422	0.02651	0.02184	0.02799	0.11006	0.10172	0.09677	0.07018	0.03745	0.02563	0.12338	0.02353	0.01339	0.00949	0.00309	0.01084	0.01131	0.00712	0.06921
1	0.02021	0.01913	0.03240	0.49228	0.19127	0.02251	0.02837	0.02668	0.02059	0.02715	0.01796	0.02613	0.01388	0.00971	0.00994	0.00324	0.01295	0.00886	0.00455	0.01219
2	0.01883	0.01772	0.02990	0.62569	0.06866	0.02215	0.02769	0.02547	0.01993	0.02547	0.01772	0.02658	0.01329	0.00997	0.00997	0.00332	0.01329	0.00886	0.00443	0.01107
3	0.02324	0.20958	0.27916	0.03519	0.20279	0.02780	0.02950	0.03080	0.02133	0.02964	0.01704	0.02075	0.01363	0.00903	0.00874	0.00282	0.01274	0.00726	0.00444	0.01452
4	0.02276	0.02207	0.02095	0.01902	0.02339	0.11081	0.01462	0.03583	0.24621	0.03259	0.04245	0.11293	0.10655	0.01667	0.01237	0.00327	0.06658	0.01328	0.00825	0.06942
5	0.02102	0.16157	0.08187	0.40630	0.09053	0.02614	0.02628	0.02727	0.02027	0.02598	0.01695	0.02367	0.01329	0.00954	0.00913	0.00302	0.01273	0.00796	0.00441	0.01206
6	0.01274	0.00913	0.01210	0.01348	0.01459	0.00849	0.00930	0.01537	0.02185	0.02984	0.21428	0.47130	0.07443	0.02795	0.01243	0.00377	0.00546	0.02522	0.00977	0.00849
7	0.01596	0.01467	0.02012	0.01913	0.02153	0.06078	0.09224	0.01878	0.02052	0.02634	0.04638	0.49769	0.05381	0.02603	0.01227	0.00382	0.00847	0.02400	0.00827	0.00920
8	0.18845	0.39492	0.03791	0.01573	0.02376	0.03087	0.01467	0.02889	0.01956	0.03003	0.01454	0.01686	0.01267	0.00850	0.00652	0.00224	0.00940	0.00545	0.00500	0.13406
9	0.01925	0.01140	0.01402	0.01348	0.01700	0.01007	0.01042	0.02239	0.02396	0.14348	0.13389	0.17798	0.26485	0.02333	0.01180	0.00353	0.00627	0.07251	0.01008	0.01029
10	0.01215	0.00868	0.01157	0.01388	0.01446	0.00810	0.00925	0.01388	0.01909	0.02545	0.05495	0.64315	0.06593	0.03123	0.01272	0.00405	0.00578	0.02834	0.00925	0.00810
11	0.02184	0.02202	0.04049	0.29037	0.14667	0.02362	0.19788	0.03073	0.06733	0.03012	0.02059	0.02724	0.01573	0.00957	0.01055	0.00328	0.01374	0.01001	0.00519	0.01303
12	0.01422	0.00955	0.01095	0.01123	0.01129	0.00948	0.00642	0.01442	0.01504	0.02005	0.03418	0.13313	0.03973	0.57700	0.04627	0.00900	0.00921	0.01612	0.00642	0.00628
13	0.01366	0.01117	0.01218	0.01175	0.01503	0.01022	0.00886	0.01919	0.07501	0.03206	0.23423	0.08430	0.39095	0.02276	0.01162	0.00330	0.00521	0.01926	0.00983	0.00938
14	0.02459	0.02702	0.03748	0.03018	0.03356	0.11694	0.15787	0.02844	0.01936	0.02610	0.01526	0.02254	0.01357	0.01403	0.02372	0.00383	0.38003	0.00916	0.00465	0.01166
15	0.18467	0.02584	0.02436	0.02026	0.02695	0.07552	0.01630	0.25630	0.18397	0.04976	0.02563	0.02542	0.01900	0.01166	0.00910	0.00309	0.00998	0.00861	0.00878	0.01482
16	0.02770	0.02662	0.02367	0.02000	0.02626	0.15905	0.01559	0.11255	0.19608	0.03848	0.07746	0.03059	0.02681	0.01182	0.00939	0.00269	0.01029	0.00925	0.00809	0.16762
17	0.02264	0.01175	0.01533	0.01417	0.01752	0.01056	0.01053	0.02568	0.02413	0.20061	0.18341	0.22722	0.09850	0.07289	0.01470	0.00394	0.00659	0.01853	0.01035	0.01096
18	0.01732	0.00866	0.01299	0.01299	0.01299	0.00866	0.00866	0.01299	0.01299	0.01732	0.01732	0.03030	0.01732	0.03463	0.03896	0.70996	0.00866	0.00866	0.00433	0.00433
19	0.02252	0.02230	0.04005	0.20515	0.28369	0.02276	0.14312	0.02906	0.02197	0.03051	0.01870	0.02535	0.01489	0.00895	0.01011	0.00303	0.01296	0.00927	0.00490	0.07071
20	0.02286	0.02224	0.02085	0.01932	0.02232	0.16895	0.01502	0.06378	0.02176	0.02754	0.02293	0.03101	0.02031	0.04392	0.31689	0.00958	0.07093	0.00919	0.06023	0.01037
21	0.01531	0.00972	0.01304	0.01444	0.01590	0.00903	0.01027	0.01773	0.02102	0.07365	0.10238	0.49731	0.06447	0.02838	0.01250	0.00393	0.00618	0.06604	0.00966	0.00903
22	0.01450	0.00966	0.01087	0.01087	0.01087	0.00966	0.00604	0.01450	0.01450	0.01933	0.03141	0.06524	0.03624	0.64965	0.05074	0.00966	0.00966	0.01450	0.00604	0.00604
23	0.72007	0.01928	0.01465	0.01311	0.01928	0.02236	0.01080	0.02930	0.01697	0.04473	0.01388	0.01619	0.01080	0.00925	0.00617	0.00308	0.00771	0.00540	0.00617	0.01080
24	0.02148	0.02043	0.03469	0.36955	0.30407	0.02285	0.02901	0.02780	0.02119	0.02869	0.01819	0.02571	0.01442	0.00947	0.00992	0.00316	0.01263	0.00887	0.00466	0.01321
25	0.03014	0.02121	0.02908	0.02279	0.02997	0.02154	0.10502	0.12250	0.19350	0.17024	0.07512	0.03448	0.02839	0.01229	0.01031	0.00311	0.00972	0.01089	0.00956	0.06015
26	0.04473	0.01697	0.02313	0.01774	0.02545	0.01465	0.01465	0.04858	0.02853	0.59437	0.03933	0.03393	0.02468	0.01234	0.01003	0.00308	0.00848	0.01003	0.01234	0.01697
27	0.02540	0.47286	0.04876	0.08840	0.10264	0.03482	0.05003	0.02960	0.02072	0.02530	0.01524	0.01882	0.01336	0.00872	0.00752	0.00243	0.01144	0.00652	0.00441	0.01303
28	0.03125	0.39873	0.04310	0.01946	0.02777	0.03595	0.01783	0.24447	0.03115	0.03957	0.01798	0.01924	0.01450	0.00994	0.00786	0.00248	0.01079	0.00682	0.00660	0.01450
29	0.01215	0.00868	0.01157	0.01388	0.01446	0.00810	0.00925	0.01388	0.01909	0.02545	0.05495	0.64315	0.06593	0.03123	0.01272	0.00405	0.00578	0.02834	0.00925	0.00810
30	0.02106	0.04411	0.43507	0.03252	0.04585	0.02377	0.19229	0.03168	0.02180	0.03168	0.01858	0.02281	0.01338	0.00915	0.01016	0.00322	0.01536	0.00870	0.00446	0.01434
31	0.01931	0.02004	0.03970	0.02957	0.03665	0.01859	0.32920	0.02586	0.02459	0.03318	0.17481	0.04973	0.12411	0.01407	0.01177	0.00331	0.01191	0.01480	0.00720	0.01164
32	0.03028	0.01755	0.02218	0.01854	0.02390	0.01845	0.01499	0.18188	0.02870	0.20721	0.02972	0.03319	0.02255	0.03778	0.25563	0.00835	0.01666	0.00999	0.00879	0.01366
33	0.03766	0.14437	0.03089	0.02178	0.02828	0.33037	0.01748	0.04072	0.02694	0.19647	0.02237	0.02245	0.01641	0.01059	0.00885	0.00265	0.01383	0.00732	0.00716	0.01341

[dist]
# distance from previous block
# <min> <max>
0	2

[block]
# block no. 2 follows, 15 sequences, length 48
# corresponding to MSA columns:
# 123-170
name=unknown_C
#
# <colnr> <probs for GDERKNQSTAVLIFYWHMCP>
#	G	D	E	R	K	N	Q	S	T	A	V	L	I	F	Y	W	H	M	C	P
0	0.02636	0.42347	0.20725	0.02040	0.03065	0.03250	0.02255	0.03204	0.02123	0.07737	0.01732	0.01907	0.01382	0.00915	0.00761	0.00251	0.01164	0.00634	0.00498	0.01373
1	0.02605	0.60108	0.10154	0.01808	0.02717	0.03797	0.01884	0.03001	0.02033	0.02419	0.01422	0.01645	0.01278	0.00861	0.00667	0.00222	0.01103	0.00551	0.00426	0.01297
2	0.01999	0.05157	0.59800	0.02841	0.04315	0.02315	0.03683	0.03157	0.02105	0.03157	0.01789	0.02105	0.01263	0.00947	0.00947	0.00316	0.01473	0.00737	0.00421	0.01473
3	0.01424	0.01068	0.01602	0.01602	0.01780	0.01246	0.01246	0.01780	0.01602	0.02314	0.02670	0.03916	0.02492	0.07477	0.61015	0.01602	0.02670	0.01068	0.00534	0.00890
4	0.01477	0.01070	0.01506	0.01630	0.01823	0.01100	0.01323	0.01871	0.02129	0.02886	0.12092	0.15794	0.05487	0.03988	0.17575	0.00742	0.01286	0.24478	0.00840	0.00899
5	0.01183	0.00991	0.01029	0.01060	0.01360	0.00837	0.00780	0.01425	0.02224	0.02673	0.09484	0.16897	0.51436	0.02605	0.01191	0.00346	0.00515	0.02201	0.00926	0.00837
6	0.03270	0.02514	0.02991	0.18708	0.04119	0.02853	0.02133	0.41023	0.03954	0.05265	0.02224	0.02465	0.01596	0.01142	0.00997	0.00308	0.01160	0.00894	0.00846	0.01535
7	0.02665	0.65565	0.05224	0.01706	0.02559	0.03945	0.01706	0.02985	0.02026	0.02345	0.01386	0.01599	0.01279	0.00853	0.00640	0.00213	0.01066	0.00533	0.00426	0.01279
8	0.02070	0.01644	0.02432	0.19863	0.07327	0.01919	0.01939	0.05616	0.05172	0.06393	0.05625	0.03389	0.02384	0.03281	0.20876	0.00750	0.06522	0.01020	0.00626	0.01153
9	0.02749	0.60906	0.05058	0.01749	0.02598	0.03881	0.01720	0.06877	0.02223	0.02638	0.01461	0.01658	0.01310	0.00878	0.00666	0.00220	0.01068	0.00560	0.00469	0.01310
10	0.01292	0.00956	0.01230	0.01360	0.01512	0.00861	0.00935	0.01516	0.02020	0.02729	0.09970	0.51512	0.09632	0.02817	0.01219	0.00374	0.00577	0.02535	0.00915	0.06037
11	0.01375	0.00986	0.01238	0.01337	0.01455	0.00918	0.00897	0.01538	0.01814	0.02452	0.04507	0.39276	0.05276	0.20773	0.02335	0.00550	0.00725	0.05433	0.00806	0.06310
12	0.01468	0.01107	0.01367	0.01286	0.01560	0.01051	0.00969	0.02098	0.07035	0.03857	0.48237	0.07406	0.14702	0.02042	0.01163	0.00318	0.00500	0.01785	0.01070	0.00979
13	0.03277	0.03441	0.02551	0.02244	0.02796	0.31374	0.01728	0.13500	0.15714	0.03658	0.02437	0.02527	0.01884	0.01146	0.00925	0.00281	0.01315	0.00828	0.07041	0.01332
14	0.02051	0.01944	0.03295	0.46264	0.21851	0.02259	0.02853	0.02695	0.02073	0.02752	0.01802	0.02603	0.01401	0.00965	0.00994	0.00322	0.01287	0.00887	0.00458	0.01244
15	0.01438	0.01014	0.01328	0.01328	0.01411	0.01097	0.00904	0.01604	0.01521	0.02111	0.02921	0.05306	0.03095	0.38107	0.31209	0.01263	0.01762	0.01271	0.00571	0.00738
16	0.01254	0.01013	0.01115	0.01089	0.01393	0.00874	0.00817	0.01577	0.02451	0.03118	0.25780	0.08894	0.42396	0.02366	0.01177	0.00329	0.00494	0.02006	0.00982	0.00874
17	0.03790	0.02792	0.02992	0.02294	0.03091	0.03091	0.01895	0.55423	0.04687	0.06283	0.02393	0.02393	0.01695	0.01197	0.00997	0.00299	0.01097	0.00898	0.00997	0.01695
18	0.01390	0.01018	0.01303	0.01232	0.01476	0.00932	0.00924	0.01841	0.02772	0.03880	0.53874	0.07641	0.13827	0.02082	0.01176	0.00316	0.00473	0.01830	0.01082	0.00932
19	0.02067	0.01772	0.02067	0.01477	0.02362	0.01329	0.01181	0.02510	0.02067	0.03248	0.01772	0.02067	0.01477	0.00738	0.00738	0.00148	0.00738	0.00591	0.00591	0.71059
20	0.02277	0.02174	0.03703	0.24493	0.41860	0.02319	0.02965	0.02893	0.02180	0.03026	0.01842	0.02529	0.01498	0.00924	0.00990	0.00308	0.01231	0.00887	0.00477	0.01426
21	0.02905	0.29426	0.17163	0.02177	0.03155	0.03265	0.02233	0.21450	0.02979	0.03918	0.01834	0.01996	0.01422	0.00996	0.00837	0.00267	0.01172	0.00709	0.00626	0.01471
22	0.01449	0.01056	0.01506	0.01605	0.01769	0.01137	0.01261	0.01785	0.01835	0.02514	0.03855	0.14767	0.04087	0.09368	0.31557	0.01059	0.01753	0.16066	0.00705	0.00867
23	0.47038	0.02872	0.17726	0.01973	0.02856	0.02282	0.06369	0.03014	0.01863	0.04006	0.01551	0.01842	0.01166	0.00924	0.00754	0.00313	0.01039	0.00647	0.00554	0.01209
24	0.08674	0.19495	0.03223	0.01899	0.02523	0.02686	0.01648	0.07176	0.02220	0.11352	0.01890	0.02146	0.01512	0.01129	0.01350	0.00282	0.15423	0.00721	0.00638	0.14011
25	0.01344	0.00932	0.01166	0.01303	0.01352	0.00902	0.00852	0.01471	0.01754	0.02332	0.04514	0.36187	0.05307	0.28378	0.02836	0.00639	0.00766	0.06438	0.00793	0.00735
26	0.03724	0.04751	0.02825	0.02568	0.03082	0.60963	0.01926	0.03981	0.02825	0.02440	0.01541	0.01798	0.01284	0.01027	0.00899	0.00257	0.01798	0.00642	0.00514	0.01156
27	0.01955	0.01321	0.01458	0.01184	0.01720	0.01115	0.00922	0.02410	0.02080	0.03499	0.02564	0.02950	0.02054	0.00965	0.00716	0.00193	0.00592	0.00772	0.38011	0.33521
28	0.41764	0.01824	0.01845	0.01518	0.02204	0.01891	0.01252	0.03794	0.02215	0.29086	0.02528	0.02414	0.01701	0.01064	0.00790	0.00308	0.00806	0.00747	0.00893	0.01356
29	0.09344	0.01963	0.02339	0.01863	0.02588	0.01958	0.01521	0.12483	0.12885	0.36943	0.03520	0.03160	0.02345	0.01225	0.00973	0.00312	0.00869	0.00973	0.01109	0.01626
30	0.01367	0.00932	0.01112	0.01193	0.01213	0.00911	0.00717	0.01428	0.01611	0.02148	0.03968	0.26830	0.04668	0.43236	0.03738	0.00769	0.00830	0.01936	0.00717	0.00676
31	0.02377	0.01233	0.01642	0.01418	0.01822	0.01106	0.01106	0.02820	0.02832	0.21486	0.41095	0.06168	0.07217	0.01784	0.01121	0.00312	0.00590	0.01550	0.01140	0.01179
32	0.04473	0.01697	0.02313	0.01774	0.02545	0.01465	0.01465	0.04858	0.02853	0.59437	0.03933	0.03393	0.02468	0.01234	0.01003	0.00308	0.00848	0.01003	0.01234	0.01697
33	0.72007	0.01928	0.01465	0.01311	0.01928	0.02236	0.01080	0.02930	0.01697	0.04473	0.01388	0.01619	0.01080	0.00925	0.00617	0.00308	0.00771	0.00540	0.00617	0.01080
34	0.01312	0.01025	0.01205	0.01253	0.01523	0.00918	0.00973	0.01642	0.02359	0.03009	0.18856	0.14402	0.33371	0.02520	0.01224	0.00361	0.00583	0.11630	0.00960	0.00874
35	0.01429	0.01053	0.01358	0.01375	0.01624	0.00982	0.01094	0.01862	0.02594	0.03521	0.36428	0.08810	0.15907	0.02308	0.01231	0.00357	0.00598	0.15529	0.01022	0.00919
36	0.10985	0.01960	0.03094	0.38841	0.20869	0.02261	0.02635	0.02740	0.02034	0.02993	0.01752	0.02472	0.01368	0.00957	0.00946	0.00319	0.01217	0.00842	0.00479	0.01237
37	0.72007	0.01928	0.01465	0.01311	0.01928	0.02236	0.01080	0.02930	0.01697	0.04473	0.01388	0.01619	0.01080	0.00925	0.00617	0.00308	0.00771	0.00540	0.00617	0.01080
38	0.01836	0.01133	0.01464	0.01458	0.01765	0.01059	0.01189	0.02263	0.02505	0.09772	0.22339	0.08289	0.13275	0.02188	0.01186	0.00360	0.00675	0.19329	0.06909	0.01005
39	0.01215	0.00868	0.01157	0.01388	0.01446	0.00810	0.00925	0.01388	0.01909	0.02545	0.05495	0.64315	0.06593	0.03123	0.01272	0.00405	0.00578	0.02834	0.00925	0.00810
40	0.08068	0.39068	0.12058	0.05805	0.02948	0.03093	0.01923	0.03058	0.02069	0.06580	0.01766	0.02006	0.01431	0.00928	0.00733	0.00251	0.01063	0.00644	0.05224	0.01284
41	0.27226	0.06535	0.02404	0.01795	0.02481	0.02635	0.01488	0.25600	0.07416	0.04952	0.02678	0.02709	0.05763	0.01190	0.00855	0.00302	0.00913	0.00856	0.00822	0.01380
42	0.04473	0.01697	0.02313	0.01774	0.02545	0.01465	0.01465	0.04858	0.02853	0.59437	0.03933	0.03393	0.02468	0.01234	0.01003	0.00308	0.00848	0.01003	0.01234	0.01697
43	0.72007	0.01928	0.01465	0.01311	0.01928	0.02236	0.01080	0.02930	0.01697	0.04473	0.01388	0.01619	0.01080	0.00925	0.00617	0.00308	0.00771	0.00540	0.00617	0.01080
44	0.01450	0.00966	0.01087	0.01087	0.01087	0.00966	0.00604	0.01450	0.01450	0.01933	0.03141	0.06524	0.03624	0.64965	0.05074	0.00966	0.00966	0.01450	0.00604	0.00604
45	0.02103	0.07407	0.06274	0.04992	0.02762	0.01666	0.01483	0.02596	0.02062	0.03127	0.01740	0.02063	0.01437	0.00776	0.00758	0.00175	0.00848	0.00612	0.00557	0.56561
46	0.04302	0.01971	0.02483	0.01904	0.02682	0.01872	0.01573	0.17515	0.03312	0.46132	0.03548	0.03143	0.02274	0.01225	0.01001	0.00306	0.00911	0.00976	0.01175	0.01696
47	0.02070	0.02462	0.11514	0.36533	0.17975	0.02289	0.07401	0.02803	0.02101	0.02847	0.01818	0.02540	0.01391	0.00952	0.01003	0.00322	0.01347	0.00890	0.00456	0.01285

[dist]
# distance from previous block
# <min> <max>
0	7

[block]
# block no. 3 follows, 15 sequences, length 8
# corresponding to MSA columns:
# 178-185
name=unknown_D
#
# <colnr> <probs for GDERKNQSTAVLIFYWHMCP>
#	G	D	E	R	K	N	Q	S	T	A	V	L	I	F	Y	W	H	M	C	P
0	0.01411	0.01019	0.01333	0.01254	0.01489	0.00941	0.00941	0.01881	0.02822	0.03998	0.58221	0.07447	0.09406	0.02038	0.01176	0.00314	0.00470	0.01803	0.01097	0.00941
1	0.03190	0.02494	0.02654	0.02172	0.02863	0.02811	0.01750	0.32484	0.28602	0.05316	0.03155	0.03000	0.02312	0.01268	0.01005	0.00317	0.00956	0.01003	0.01005	0.01642
2	0.04120	0.01593	0.02127	0.01660	0.02358	0.01393	0.01362	0.04516	0.02750	0.51922	0.03841	0.03437	0.02480	0.01224	0.00961	0.00298	0.00797	0.00993	0.10576	0.01593
3	0.01746	0.01537	0.02181	0.01982	0.02092	0.01972	0.01598	0.02062	0.01765	0.02620	0.10965	0.03737	0.03090	0.04151	0.26704	0.00896	0.28235	0.01102	0.00582	0.00984
4	0.01891	0.06852	0.01929	0.01589	0.01843	0.06054	0.01189	0.06773	0.02023	0.02631	0.03016	0.13705	0.03155	0.19041	0.22878	0.00920	0.01581	0.01350	0.00645	0.00934
5	0.02611	0.02206	0.11234	0.01839	0.02499	0.01743	0.01692	0.14718	0.03134	0.14691	0.26510	0.04699	0.05075	0.01524	0.01067	0.00310	0.00842	0.01279	0.00992	0.01337
6	0.02375	0.02841	0.18912	0.11738	0.03731	0.01942	0.02247	0.08221	0.02391	0.07699	0.02004	0.02306	0.01489	0.00924	0.00886	0.00253	0.01088	0.00742	0.00608	0.27602
7	0.02163	0.01682	0.02502	0.02077	0.02485	0.01812	0.08633	0.05974	0.07032	0.08578	0.20774	0.04501	0.04448	0.02522	0.10997	0.00541	0.09985	0.01284	0.00833	0.01177

[dist]
# distance from previous block
# <min> <max>
4	7

[block]
# block no. 4 follows, 15 sequences, length 12
# corresponding to MSA columns:
# 199-210
name=unknown_E
#
# <colnr> <probs for GDERKNQSTAVLIFYWHMCP>
#	G	D	E	R	K	N	Q	S	T	A	V	L	I	F	Y	W	H	M	C	P
0	0.06822	0.01883	0.03070	0.38096	0.11066	0.02221	0.06189	0.02606	0.02056	0.02908	0.06378	0.02921	0.02014	0.01119	0.01191	0.00334	0.06496	0.00957	0.00518	0.01157
1	0.02433	0.01828	0.02502	0.09432	0.03168	0.01549	0.05396	0.02925	0.02199	0.11757	0.02121	0.02390	0.01612	0.00854	0.00844	0.00209	0.00899	0.00734	0.00664	0.46482
2	0.02014	0.01820	0.02691	0.16993	0.20952	0.01949	0.02119	0.02962	0.12192	0.03281	0.10985	0.04398	0.10719	0.01379	0.01046	0.00320	0.00955	0.01223	0.00718	0.01282
3	0.02480	0.02141	0.02254	0.02029	0.02592	0.02480	0.01578	0.05297	0.56946	0.04170	0.04057	0.03719	0.03043	0.01352	0.01014	0.00338	0.00789	0.01127	0.01014	0.01578
4	0.02794	0.02936	0.02346	0.02128	0.02634	0.23123	0.01625	0.04417	0.31148	0.03533	0.09689	0.03484	0.03184	0.01319	0.00993	0.00306	0.01110	0.01036	0.00846	0.01351
5	0.01318	0.00968	0.01069	0.01103	0.01232	0.00899	0.00706	0.01434	0.01812	0.02295	0.05982	0.15973	0.23721	0.33591	0.03125	0.00659	0.00745	0.01885	0.00766	0.00719
6	0.01284	0.00934	0.01193	0.01374	0.01488	0.00874	0.00970	0.01493	0.01972	0.02574	0.05885	0.44648	0.13199	0.08260	0.01598	0.00451	0.00649	0.09446	0.00897	0.00812
7	0.01419	0.01073	0.01345	0.01430	0.01697	0.00999	0.01175	0.01811	0.02402	0.03105	0.18403	0.09862	0.24328	0.02521	0.01266	0.00386	0.00681	0.24240	0.00960	0.00897
8	0.02388	0.02288	0.03904	0.13730	0.51751	0.02348	0.03020	0.02990	0.02233	0.03161	0.01861	0.02493	0.01545	0.00903	0.00988	0.00301	0.01204	0.00888	0.00487	0.01515
9	0.01419	0.00980	0.01209	0.01273	0.01351	0.00956	0.00854	0.01588	0.01867	0.02515	0.12471	0.18506	0.05386	0.34781	0.03231	0.00687	0.00807	0.08594	0.00786	0.00739
10	0.02446	0.24525	0.26747	0.02531	0.03628	0.02957	0.08943	0.07691	0.05755	0.03222	0.01876	0.02133	0.01446	0.00950	0.00881	0.00284	0.01288	0.00760	0.00519	0.01419
11	0.06204	0.02098	0.02437	0.05529	0.06648	0.05389	0.01612	0.06472	0.05378	0.12012	0.02213	0.02411	0.01685	0.00989	0.00998	0.00245	0.04671	0.00757	0.00710	0.31542

[dist]
# distance from previous block
# <min> <max>
0	2

[block]
# block no. 5 follows, 15 sequences, length 9
# corresponding to MSA columns:
# 213-221
name=unknown_F
#
# <colnr> <probs for GDERKNQSTAVLIFYWHMCP>
#	G	D	E	R	K	N	Q	S	T	A	V	L	I	F	Y	W	H	M	C	P
0	0.03167	0.02876	0.15898	0.02153	0.02976	0.06462	0.02045	0.12612	0.07766	0.21389	0.03173	0.09728	0.02482	0.01369	0.01012	0.00318	0.01074	0.01113	0.00893	0.01492
1	0.01457	0.01109	0.01351	0.01275	0.01554	0.01049	0.00961	0.02081	0.07148	0.03782	0.45336	0.07519	0.17488	0.02068	0.01163	0.00320	0.00502	0.01801	0.01060	0.00975
2	0.01425	0.01076	0.01469	0.06470	0.02125	0.01067	0.01330	0.01767	0.02127	0.02747	0.05769	0.29605	0.13283	0.02713	0.01279	0.00411	0.00768	0.22803	0.00883	0.00883
3	0.02422	0.07193	0.27011	0.03297	0.04460	0.02425	0.26707	0.03317	0.02280	0.08212	0.02063	0.02457	0.01486	0.00919	0.01039	0.00318	0.01488	0.00949	0.00532	0.01424
4	0.01883	0.01772	0.02990	0.62569	0.06866	0.02215	0.02769	0.02547	0.01993	0.02547	0.01772	0.02658	0.01329	0.00997	0.00997	0.00332	0.01329	0.00886	0.00443	0.01107
5	0.02100	0.10792	0.40212	0.02714	0.03916	0.02434	0.08592	0.03212	0.06551	0.03121	0.02172	0.05895	0.01748	0.01086	0.00963	0.00314	0.01344	0.00916	0.00508	0.01409
6	0.03202	0.02100	0.03529	0.07202	0.17423	0.02081	0.12105	0.03727	0.02439	0.26049	0.02684	0.02873	0.01889	0.01104	0.01236	0.00324	0.06748	0.00988	0.00789	0.01509
7	0.02039	0.01768	0.02796	0.28680	0.04493	0.02015	0.07646	0.09676	0.02295	0.03055	0.02396	0.07450	0.02124	0.06106	0.12510	0.00608	0.01511	0.01123	0.00587	0.01123
8	0.01389	0.01106	0.01682	0.01655	0.01852	0.01036	0.06669	0.01665	0.02035	0.02708	0.08989	0.42206	0.09596	0.07420	0.01543	0.00432	0.00733	0.05546	0.00868	0.00869

[dist]
# distance from previous block
# <min> <max>
0	6

# created by:
# /st0/software/busco_prod/Augustus/scripts/msa2prfl.pl ./align_prep/6334.fa
