[name]
unknown

[dist]
# distance from previous block
# <min> <max>
0	128

[block]
# block no. 0 follows, 15 sequences, length 44
# corresponding to MSA columns:
# 152-195
name=unknown_A
#
# <colnr> <probs for GDERKNQSTAVLIFYWHMCP>
#	G	D	E	R	K	N	Q	S	T	A	V	L	I	F	Y	W	H	M	C	P
0	0.01411	0.01019	0.01333	0.01254	0.01489	0.00941	0.00941	0.01881	0.02822	0.03998	0.58221	0.07447	0.09406	0.02038	0.01176	0.00314	0.00470	0.01803	0.01097	0.00941
1	0.01612	0.01151	0.01551	0.01496	0.01609	0.01338	0.01116	0.01834	0.01612	0.02412	0.02621	0.04167	0.02543	0.17897	0.28586	0.06049	0.09439	0.01090	0.11051	0.00827
2	0.01212	0.00879	0.01145	0.01357	0.01438	0.00812	0.00912	0.01392	0.01938	0.02557	0.05867	0.59882	0.10785	0.03075	0.01265	0.00399	0.00572	0.02775	0.00925	0.00812
3	0.01363	0.01017	0.01266	0.01204	0.01460	0.00920	0.00903	0.01789	0.02709	0.03731	0.48368	0.07886	0.19426	0.02138	0.01176	0.00318	0.00477	0.01865	0.01062	0.00920
4	0.72007	0.01928	0.01465	0.01311	0.01928	0.02236	0.01080	0.02930	0.01697	0.04473	0.01388	0.01619	0.01080	0.00925	0.00617	0.00308	0.00771	0.00540	0.00617	0.01080
5	0.02291	0.01841	0.01946	0.01773	0.02253	0.02088	0.01372	0.04513	0.43100	0.04075	0.07667	0.03977	0.03395	0.01365	0.00967	0.00317	0.00707	0.01138	0.13802	0.01414
6	0.72007	0.01928	0.01465	0.01311	0.01928	0.02236	0.01080	0.02930	0.01697	0.04473	0.01388	0.01619	0.01080	0.00925	0.00617	0.00308	0.00771	0.00540	0.00617	0.01080
7	0.02067	0.01772	0.02067	0.01477	0.02362	0.01329	0.01181	0.02510	0.02067	0.03248	0.01772	0.02067	0.01477	0.00738	0.00738	0.00148	0.00738	0.00591	0.00591	0.71059
8	0.72007	0.01928	0.01465	0.01311	0.01928	0.02236	0.01080	0.02930	0.01697	0.04473	0.01388	0.01619	0.01080	0.00925	0.00617	0.00308	0.00771	0.00540	0.00617	0.01080
9	0.02665	0.65565	0.05224	0.01706	0.02559	0.03945	0.01706	0.02985	0.02026	0.02345	0.01386	0.01599	0.01279	0.00853	0.00640	0.00213	0.01066	0.00533	0.00426	0.01279
10	0.02067	0.01772	0.02067	0.01477	0.02362	0.01329	0.01181	0.02510	0.02067	0.03248	0.01772	0.02067	0.01477	0.00738	0.00738	0.00148	0.00738	0.00591	0.00591	0.71059
11	0.57831	0.02147	0.05602	0.01492	0.02146	0.02213	0.01309	0.06583	0.01951	0.04389	0.01746	0.05663	0.01484	0.01085	0.00708	0.00314	0.00831	0.00724	0.00650	0.01134
12	0.01215	0.00868	0.01157	0.01388	0.01446	0.00810	0.00925	0.01388	0.01909	0.02545	0.05495	0.64315	0.06593	0.03123	0.01272	0.00405	0.00578	0.02834	0.00925	0.00810
13	0.01215	0.00868	0.01157	0.01388	0.01446	0.00810	0.00925	0.01388	0.01909	0.02545	0.05495	0.64315	0.06593	0.03123	0.01272	0.00405	0.00578	0.02834	0.00925	0.00810
14	0.02480	0.02141	0.02254	0.02029	0.02592	0.02480	0.01578	0.05297	0.56946	0.04170	0.04057	0.03719	0.03043	0.01352	0.01014	0.00338	0.00789	0.01127	0.01014	0.01578
15	0.01215	0.00868	0.01157	0.01388	0.01446	0.00810	0.00925	0.01388	0.01909	0.02545	0.05495	0.64315	0.06593	0.03123	0.01272	0.00405	0.00578	0.02834	0.00925	0.00810
16	0.02070	0.01963	0.03329	0.44472	0.23498	0.02264	0.02862	0.02711	0.02082	0.02775	0.01805	0.02597	0.01409	0.00962	0.00994	0.00321	0.01283	0.00887	0.00459	0.01259
17	0.04473	0.01697	0.02313	0.01774	0.02545	0.01465	0.01465	0.04858	0.02853	0.59437	0.03933	0.03393	0.02468	0.01234	0.01003	0.00308	0.00848	0.01003	0.01234	0.01697
18	0.02337	0.01294	0.01755	0.01553	0.01872	0.01313	0.01195	0.02664	0.02229	0.18793	0.16821	0.04940	0.04302	0.13097	0.16313	0.00735	0.05534	0.01279	0.00876	0.01099
19	0.02244	0.02433	0.04770	0.12008	0.04796	0.02611	0.34561	0.02904	0.02096	0.02904	0.01806	0.02558	0.01436	0.01088	0.01674	0.00361	0.16963	0.01060	0.00479	0.01248
20	0.01215	0.00868	0.01157	0.01388	0.01446	0.00810	0.00925	0.01388	0.01909	0.02545	0.05495	0.64315	0.06593	0.03123	0.01272	0.00405	0.00578	0.02834	0.00925	0.00810
21	0.01562	0.01133	0.01545	0.01751	0.01991	0.01116	0.01519	0.02000	0.02293	0.02953	0.05775	0.11075	0.11153	0.02730	0.01356	0.00446	0.00875	0.46896	0.00919	0.00910
22	0.02673	0.02193	0.04219	0.07993	0.04214	0.02134	0.30213	0.03323	0.02431	0.15543	0.08161	0.03300	0.02508	0.01119	0.01254	0.00334	0.05166	0.01160	0.00717	0.01345
23	0.07499	0.02181	0.02376	0.06897	0.02942	0.02491	0.01675	0.16574	0.32914	0.04550	0.06661	0.03405	0.02844	0.01300	0.00991	0.00325	0.00885	0.01054	0.00942	0.01493
24	0.04473	0.01697	0.02313	0.01774	0.02545	0.01465	0.01465	0.04858	0.02853	0.59437	0.03933	0.03393	0.02468	0.01234	0.01003	0.00308	0.00848	0.01003	0.01234	0.01697
25	0.02665	0.65565	0.05224	0.01706	0.02559	0.03945	0.01706	0.02985	0.02026	0.02345	0.01386	0.01599	0.01279	0.00853	0.00640	0.00213	0.01066	0.00533	0.00426	0.01279
26	0.01411	0.01019	0.01333	0.01254	0.01489	0.00941	0.00941	0.01881	0.02822	0.03998	0.58221	0.07447	0.09406	0.02038	0.01176	0.00314	0.00470	0.01803	0.01097	0.00941
27	0.01387	0.01018	0.01299	0.01229	0.01475	0.00930	0.00922	0.01835	0.02765	0.03863	0.53266	0.07668	0.14444	0.02088	0.01176	0.00316	0.00474	0.01834	0.01080	0.00930
28	0.01215	0.00868	0.01157	0.01388	0.01446	0.00810	0.00925	0.01388	0.01909	0.02545	0.05495	0.64315	0.06593	0.03123	0.01272	0.00405	0.00578	0.02834	0.00925	0.00810
29	0.01424	0.01068	0.01602	0.01602	0.01780	0.01246	0.01246	0.01780	0.01602	0.02314	0.02670	0.03916	0.02492	0.07477	0.61015	0.01602	0.02670	0.01068	0.00534	0.00890
30	0.02665	0.65565	0.05224	0.01706	0.02559	0.03945	0.01706	0.02985	0.02026	0.02345	0.01386	0.01599	0.01279	0.00853	0.00640	0.00213	0.01066	0.00533	0.00426	0.01279
31	0.01883	0.01772	0.02990	0.62569	0.06866	0.02215	0.02769	0.02547	0.01993	0.02547	0.01772	0.02658	0.01329	0.00997	0.00997	0.00332	0.01329	0.00886	0.00443	0.01107
32	0.01215	0.00868	0.01157	0.01388	0.01446	0.00810	0.00925	0.01388	0.01909	0.02545	0.05495	0.64315	0.06593	0.03123	0.01272	0.00405	0.00578	0.02834	0.00925	0.00810
33	0.01411	0.01019	0.01333	0.01254	0.01489	0.00941	0.00941	0.01881	0.02822	0.03998	0.58221	0.07447	0.09406	0.02038	0.01176	0.00314	0.00470	0.01803	0.01097	0.00941
34	0.03843	0.02707	0.02939	0.02253	0.03049	0.02965	0.01861	0.51487	0.04544	0.10420	0.02513	0.02471	0.01755	0.01200	0.00998	0.00300	0.01078	0.00906	0.01016	0.01695
35	0.02518	0.24389	0.10670	0.01964	0.02802	0.11421	0.01853	0.02968	0.02138	0.02754	0.01579	0.01879	0.01343	0.00911	0.00915	0.00226	0.05039	0.00615	0.00492	0.23522
36	0.02423	0.23497	0.34657	0.02499	0.03693	0.02770	0.06428	0.03239	0.02155	0.07288	0.01846	0.02088	0.01379	0.00933	0.00872	0.00285	0.01312	0.00724	0.00492	0.01422
37	0.01178	0.01010	0.01010	0.01010	0.01347	0.00842	0.00757	0.01431	0.02272	0.02693	0.10099	0.09594	0.58342	0.02525	0.01178	0.00337	0.00505	0.02104	0.00926	0.00842
38	0.01239	0.00885	0.01185	0.01416	0.01485	0.00831	0.00968	0.01431	0.01933	0.02572	0.05481	0.60977	0.06540	0.03100	0.01279	0.00408	0.00600	0.05929	0.00925	0.00817
39	0.07495	0.16642	0.10052	0.10272	0.07522	0.11529	0.16862	0.03158	0.02232	0.02910	0.01702	0.02166	0.01353	0.00910	0.00922	0.00291	0.01406	0.00813	0.00480	0.01282
40	0.01317	0.00946	0.01295	0.01502	0.01607	0.00924	0.01098	0.01567	0.01956	0.02611	0.05159	0.47207	0.05996	0.03496	0.07444	0.00539	0.00863	0.12748	0.00884	0.00840
41	0.01939	0.01136	0.01502	0.01344	0.01671	0.01031	0.01031	0.02394	0.02827	0.13552	0.48865	0.06748	0.08210	0.01899	0.01146	0.00313	0.00535	0.01665	0.01121	0.01071
42	0.15618	0.02494	0.02632	0.11275	0.03232	0.12290	0.01930	0.06678	0.02199	0.08949	0.01776	0.02224	0.01411	0.01271	0.01654	0.00344	0.21421	0.00790	0.00604	0.01206
43	0.02912	0.01976	0.02296	0.01753	0.02553	0.01814	0.01415	0.11950	0.10868	0.15692	0.02669	0.02646	0.01955	0.01008	0.00877	0.00234	0.00827	0.00807	0.00855	0.34893

[dist]
# distance from previous block
# <min> <max>
0	14

[block]
# block no. 1 follows, 15 sequences, length 62
# corresponding to MSA columns:
# 210-271
name=unknown_B
#
# <colnr> <probs for GDERKNQSTAVLIFYWHMCP>
#	G	D	E	R	K	N	Q	S	T	A	V	L	I	F	Y	W	H	M	C	P
0	0.30219	0.07244	0.10073	0.02233	0.07436	0.07395	0.01855	0.10108	0.02428	0.09797	0.01890	0.02054	0.01402	0.00996	0.00807	0.00296	0.01058	0.00698	0.00672	0.01339
1	0.10008	0.01843	0.02294	0.01798	0.02542	0.01746	0.01477	0.09019	0.07051	0.46020	0.03595	0.03182	0.02328	0.01214	0.00970	0.00310	0.00858	0.00964	0.01144	0.01635
2	0.01890	0.01787	0.02355	0.33587	0.04524	0.06920	0.02033	0.02552	0.06704	0.02675	0.03079	0.21442	0.03073	0.01677	0.01074	0.00348	0.01095	0.01478	0.00644	0.01061
3	0.01617	0.01184	0.01592	0.01787	0.02017	0.01201	0.01507	0.02216	0.06423	0.03012	0.05216	0.18247	0.05653	0.02699	0.01334	0.00442	0.00860	0.41114	0.00926	0.00953
4	0.01343	0.00982	0.01262	0.01265	0.01466	0.00900	0.00921	0.01723	0.02554	0.03534	0.41326	0.21340	0.12986	0.02342	0.01199	0.00338	0.00499	0.02078	0.01041	0.00900
5	0.01426	0.01059	0.01558	0.01558	0.01721	0.01222	0.01191	0.01752	0.01589	0.02282	0.02710	0.04138	0.02589	0.12368	0.56255	0.01548	0.02525	0.01101	0.00540	0.00866
6	0.01411	0.01019	0.01333	0.01254	0.01489	0.00941	0.00941	0.01881	0.02822	0.03998	0.58221	0.07447	0.09406	0.02038	0.01176	0.00314	0.00470	0.01803	0.01097	0.00941
7	0.72007	0.01928	0.01465	0.01311	0.01928	0.02236	0.01080	0.02930	0.01697	0.04473	0.01388	0.01619	0.01080	0.00925	0.00617	0.00308	0.00771	0.00540	0.00617	0.01080
8	0.02467	0.02369	0.04046	0.06119	0.58747	0.02369	0.03059	0.03059	0.02270	0.03257	0.01875	0.02467	0.01579	0.00888	0.00987	0.00296	0.01184	0.00888	0.00493	0.01579
9	0.02225	0.02739	0.12463	0.16232	0.04887	0.02415	0.24884	0.03490	0.13712	0.03253	0.02359	0.02812	0.01757	0.00998	0.01069	0.00333	0.01386	0.01038	0.00586	0.01361
10	0.03789	0.01899	0.02577	0.15197	0.03586	0.01906	0.01824	0.12945	0.02976	0.37926	0.03197	0.03062	0.02087	0.01176	0.01000	0.00312	0.00996	0.00959	0.01020	0.01567
11	0.67066	0.01991	0.01576	0.01382	0.02012	0.02298	0.01139	0.06732	0.01913	0.04604	0.01461	0.01675	0.01124	0.00945	0.00644	0.00308	0.00795	0.00566	0.00644	0.01124
12	0.01404	0.00993	0.01308	0.01343	0.01424	0.01058	0.00915	0.01576	0.01580	0.02180	0.03296	0.14000	0.03599	0.32268	0.27431	0.01144	0.01607	0.01498	0.00623	0.00752
13	0.02181	0.02181	0.03053	0.02617	0.02617	0.03053	0.02181	0.02399	0.01527	0.02399	0.01309	0.02181	0.01309	0.01745	0.03272	0.00436	0.63141	0.00872	0.00436	0.01091
14	0.02480	0.02141	0.02254	0.02029	0.02592	0.02480	0.01578	0.05297	0.56946	0.04170	0.04057	0.03719	0.03043	0.01352	0.01014	0.00338	0.00789	0.01127	0.01014	0.01578
15	0.01883	0.01772	0.02990	0.62569	0.06866	0.02215	0.02769	0.02547	0.01993	0.02547	0.01772	0.02658	0.01329	0.00997	0.00997	0.00332	0.01329	0.00886	0.00443	0.01107
16	0.02640	0.02206	0.02570	0.14810	0.03599	0.02557	0.01897	0.15658	0.33992	0.04290	0.03214	0.03207	0.02389	0.01244	0.01007	0.00328	0.00970	0.01026	0.00891	0.01505
17	0.02353	0.02689	0.05882	0.04202	0.05210	0.02521	0.55126	0.03193	0.02353	0.03193	0.02017	0.02689	0.01513	0.00840	0.01176	0.00336	0.01681	0.01176	0.00504	0.01345
18	0.02339	0.36002	0.31933	0.02262	0.03418	0.03147	0.02674	0.03069	0.02064	0.02743	0.01583	0.01847	0.01271	0.00899	0.00790	0.00263	0.01265	0.00633	0.00424	0.01374
19	0.01999	0.05157	0.59800	0.02841	0.04315	0.02315	0.03683	0.03157	0.02105	0.03157	0.01789	0.02105	0.01263	0.00947	0.00947	0.00316	0.01473	0.00737	0.00421	0.01473
20	0.01178	0.01010	0.01010	0.01010	0.01347	0.00842	0.00757	0.01431	0.02272	0.02693	0.10099	0.09594	0.58342	0.02525	0.01178	0.00337	0.00505	0.02104	0.00926	0.00842
21	0.02153	0.02645	0.11903	0.02652	0.02882	0.02938	0.02415	0.02517	0.01617	0.02517	0.01384	0.02169	0.01301	0.01620	0.02909	0.00417	0.53524	0.00851	0.00434	0.01150
22	0.02903	0.13664	0.29663	0.02278	0.03378	0.02325	0.02548	0.03787	0.05662	0.20528	0.02526	0.02521	0.01747	0.01045	0.00919	0.00298	0.01172	0.00810	0.00710	0.01517
23	0.01276	0.00911	0.01227	0.01458	0.01543	0.00862	0.01032	0.01494	0.01969	0.02613	0.05461	0.56039	0.06460	0.03066	0.01289	0.00413	0.00631	0.10507	0.00924	0.00827
24	0.01245	0.00903	0.01182	0.01394	0.01490	0.00841	0.00969	0.01449	0.01972	0.02595	0.05868	0.55155	0.10923	0.03041	0.01273	0.00404	0.00601	0.06948	0.00925	0.00822
25	0.06887	0.01194	0.01446	0.01458	0.01721	0.01166	0.01058	0.05688	0.02230	0.11106	0.04581	0.41840	0.04941	0.02401	0.01119	0.00362	0.00655	0.02117	0.07005	0.01024
26	0.08373	0.02278	0.10466	0.02244	0.03086	0.01756	0.10253	0.03983	0.02524	0.34997	0.03268	0.07269	0.02345	0.01244	0.01014	0.00321	0.01040	0.01091	0.00943	0.01504
27	0.01450	0.00966	0.01087	0.01087	0.01087	0.00966	0.00604	0.01450	0.01450	0.01933	0.03141	0.06524	0.03624	0.64965	0.05074	0.00966	0.00966	0.01450	0.00604	0.00604
28	0.04328	0.01729	0.02309	0.01792	0.02548	0.01539	0.01473	0.04890	0.06771	0.55434	0.03942	0.03417	0.02509	0.01242	0.01003	0.00311	0.00844	0.01012	0.01218	0.01688
29	0.12388	0.08057	0.33828	0.07006	0.03799	0.07320	0.02774	0.03281	0.02158	0.07961	0.01865	0.02128	0.01347	0.00973	0.00884	0.00304	0.01310	0.00721	0.00528	0.01368
30	0.03352	0.02378	0.07393	0.06680	0.08210	0.06822	0.09526	0.03893	0.02612	0.29624	0.06827	0.03217	0.02478	0.01149	0.01025	0.00309	0.01130	0.01016	0.00879	0.01480
31	0.72007	0.01928	0.01465	0.01311	0.01928	0.02236	0.01080	0.02930	0.01697	0.04473	0.01388	0.01619	0.01080	0.00925	0.00617	0.00308	0.00771	0.00540	0.00617	0.01080
32	0.04413	0.01792	0.02372	0.01819	0.02592	0.01607	0.01503	0.09257	0.03013	0.54813	0.03799	0.03306	0.02401	0.01231	0.01002	0.00308	0.00870	0.00993	0.01213	0.01696
33	0.02195	0.02073	0.06416	0.01925	0.02444	0.02054	0.01581	0.07604	0.33868	0.03868	0.06949	0.17291	0.03944	0.01744	0.01074	0.00347	0.00799	0.01500	0.00952	0.01372
34	0.01360	0.01017	0.01262	0.01201	0.01458	0.00919	0.00901	0.01783	0.02703	0.03714	0.47770	0.07913	0.20034	0.02144	0.01176	0.00319	0.00478	0.01868	0.01060	0.00919
35	0.01328	0.00955	0.01258	0.01311	0.01471	0.00885	0.00934	0.01673	0.02436	0.03383	0.35919	0.31500	0.08216	0.02497	0.01217	0.00352	0.00516	0.02239	0.01025	0.00885
36	0.01883	0.01772	0.02990	0.62569	0.06866	0.02215	0.02769	0.02547	0.01993	0.02547	0.01772	0.02658	0.01329	0.00997	0.00997	0.00332	0.01329	0.00886	0.00443	0.01107
37	0.01215	0.00868	0.01157	0.01388	0.01446	0.00810	0.00925	0.01388	0.01909	0.02545	0.05495	0.64315	0.06593	0.03123	0.01272	0.00405	0.00578	0.02834	0.00925	0.00810
38	0.02467	0.02369	0.04046	0.06119	0.58747	0.02369	0.03059	0.03059	0.02270	0.03257	0.01875	0.02467	0.01579	0.00888	0.00987	0.00296	0.01184	0.00888	0.00493	0.01579
39	0.72007	0.01928	0.01465	0.01311	0.01928	0.02236	0.01080	0.02930	0.01697	0.04473	0.01388	0.01619	0.01080	0.00925	0.00617	0.00308	0.00771	0.00540	0.00617	0.01080
40	0.72007	0.01928	0.01465	0.01311	0.01928	0.02236	0.01080	0.02930	0.01697	0.04473	0.01388	0.01619	0.01080	0.00925	0.00617	0.00308	0.00771	0.00540	0.00617	0.01080
41	0.02665	0.65565	0.05224	0.01706	0.02559	0.03945	0.01706	0.02985	0.02026	0.02345	0.01386	0.01599	0.01279	0.00853	0.00640	0.00213	0.01066	0.00533	0.00426	0.01279
42	0.02067	0.01772	0.02067	0.01477	0.02362	0.01329	0.01181	0.02510	0.02067	0.03248	0.01772	0.02067	0.01477	0.00738	0.00738	0.00148	0.00738	0.00591	0.00591	0.71059
43	0.01350	0.00977	0.01352	0.01438	0.01542	0.01037	0.01021	0.01580	0.01692	0.02338	0.03802	0.26892	0.04208	0.15253	0.29562	0.01051	0.01611	0.01790	0.00692	0.00813
44	0.01373	0.01018	0.01280	0.01214	0.01466	0.00924	0.00911	0.01808	0.02732	0.03784	0.50351	0.07798	0.17409	0.02118	0.01176	0.00317	0.00476	0.01852	0.01069	0.00924
45	0.01450	0.00966	0.01087	0.01087	0.01087	0.00966	0.00604	0.01450	0.01450	0.01933	0.03141	0.06524	0.03624	0.64965	0.05074	0.00966	0.00966	0.01450	0.00604	0.00604
46	0.72007	0.01928	0.01465	0.01311	0.01928	0.02236	0.01080	0.02930	0.01697	0.04473	0.01388	0.01619	0.01080	0.00925	0.00617	0.00308	0.00771	0.00540	0.00617	0.01080
47	0.01883	0.01772	0.02990	0.62569	0.06866	0.02215	0.02769	0.02547	0.01993	0.02547	0.01772	0.02658	0.01329	0.00997	0.00997	0.00332	0.01329	0.00886	0.00443	0.01107
48	0.72007	0.01928	0.01465	0.01311	0.01928	0.02236	0.01080	0.02930	0.01697	0.04473	0.01388	0.01619	0.01080	0.00925	0.00617	0.00308	0.00771	0.00540	0.00617	0.01080
49	0.72007	0.01928	0.01465	0.01311	0.01928	0.02236	0.01080	0.02930	0.01697	0.04473	0.01388	0.01619	0.01080	0.00925	0.00617	0.00308	0.00771	0.00540	0.00617	0.01080
50	0.01999	0.05157	0.59800	0.02841	0.04315	0.02315	0.03683	0.03157	0.02105	0.03157	0.01789	0.02105	0.01263	0.00947	0.00947	0.00316	0.01473	0.00737	0.00421	0.01473
51	0.01999	0.05157	0.59800	0.02841	0.04315	0.02315	0.03683	0.03157	0.02105	0.03157	0.01789	0.02105	0.01263	0.00947	0.00947	0.00316	0.01473	0.00737	0.00421	0.01473
52	0.01751	0.01083	0.01394	0.01340	0.01590	0.01021	0.01025	0.02149	0.02499	0.08365	0.33277	0.07247	0.06883	0.10331	0.01667	0.00415	0.00638	0.09446	0.06921	0.00957
53	0.06215	0.03656	0.30003	0.03106	0.04277	0.02274	0.21597	0.03378	0.02268	0.10518	0.02126	0.02454	0.01498	0.00945	0.01018	0.00322	0.01429	0.00917	0.00566	0.01435
54	0.01907	0.01138	0.01570	0.01486	0.01707	0.01202	0.01102	0.02168	0.01755	0.11116	0.02998	0.04560	0.02803	0.22499	0.36090	0.01224	0.01912	0.01164	0.00663	0.00936
55	0.01215	0.00868	0.01157	0.01388	0.01446	0.00810	0.00925	0.01388	0.01909	0.02545	0.05495	0.64315	0.06593	0.03123	0.01272	0.00405	0.00578	0.02834	0.00925	0.00810
56	0.02843	0.02345	0.10749	0.20521	0.04146	0.02082	0.02249	0.09504	0.08255	0.18308	0.02903	0.03464	0.02153	0.01237	0.01020	0.00329	0.01111	0.04558	0.00805	0.01418
57	0.03483	0.08309	0.15460	0.02282	0.03235	0.02287	0.05836	0.15013	0.02975	0.26919	0.02781	0.02694	0.01870	0.01103	0.00970	0.00302	0.01115	0.00894	0.00885	0.01587
58	0.02074	0.01991	0.03229	0.37076	0.16955	0.02436	0.02698	0.02623	0.01947	0.02665	0.01690	0.02510	0.01378	0.01142	0.01506	0.00348	0.15193	0.00883	0.00452	0.01204
59	0.62972	0.02301	0.01645	0.01477	0.02081	0.10007	0.01192	0.03069	0.01846	0.04204	0.01408	0.01643	0.01107	0.00939	0.00654	0.00302	0.00907	0.00553	0.00603	0.01090
60	0.01509	0.01291	0.01521	0.01364	0.01677	0.01276	0.01049	0.01790	0.02137	0.02842	0.13906	0.06874	0.30280	0.07410	0.01778	0.00377	0.10338	0.01613	0.00802	0.10165
61	0.02628	0.12261	0.12394	0.22448	0.07726	0.06244	0.02427	0.03396	0.06091	0.11758	0.02210	0.02531	0.01624	0.01025	0.00930	0.00301	0.01220	0.00828	0.00610	0.01351

[dist]
# distance from previous block
# <min> <max>
0	2

[block]
# block no. 2 follows, 15 sequences, length 41
# corresponding to MSA columns:
# 274-314
name=unknown_C
#
# <colnr> <probs for GDERKNQSTAVLIFYWHMCP>
#	G	D	E	R	K	N	Q	S	T	A	V	L	I	F	Y	W	H	M	C	P
0	0.01393	0.01005	0.01317	0.01266	0.01485	0.00929	0.00939	0.01837	0.02739	0.03866	0.53451	0.12591	0.09152	0.02136	0.01185	0.00322	0.00480	0.01896	0.01082	0.00929
1	0.02262	0.02478	0.09605	0.10228	0.14245	0.02590	0.02484	0.07361	0.02104	0.03032	0.01907	0.06462	0.01747	0.01441	0.01953	0.00368	0.26939	0.00995	0.00530	0.01268
2	0.01906	0.01073	0.01276	0.01177	0.01494	0.00988	0.00900	0.02332	0.02505	0.10666	0.26318	0.06042	0.13590	0.01724	0.00998	0.00290	0.00521	0.01462	0.23722	0.01017
3	0.01379	0.01018	0.01288	0.01220	0.01469	0.00927	0.00915	0.01819	0.02746	0.03817	0.51541	0.07745	0.16199	0.02106	0.01176	0.00317	0.00475	0.01845	0.01074	0.00927
4	0.02067	0.01772	0.02067	0.01477	0.02362	0.01329	0.01181	0.02510	0.02067	0.03248	0.01772	0.02067	0.01477	0.00738	0.00738	0.00148	0.00738	0.00591	0.00591	0.71059
5	0.72007	0.01928	0.01465	0.01311	0.01928	0.02236	0.01080	0.02930	0.01697	0.04473	0.01388	0.01619	0.01080	0.00925	0.00617	0.00308	0.00771	0.00540	0.00617	0.01080
6	0.01199	0.01011	0.01039	0.01032	0.01359	0.00851	0.00774	0.01471	0.02322	0.02811	0.14452	0.09400	0.53915	0.02481	0.01178	0.00335	0.00502	0.02077	0.00941	0.00851
7	0.02480	0.02141	0.02254	0.02029	0.02592	0.02480	0.01578	0.05297	0.56946	0.04170	0.04057	0.03719	0.03043	0.01352	0.01014	0.00338	0.00789	0.01127	0.01014	0.01578
8	0.04473	0.01697	0.02313	0.01774	0.02545	0.01465	0.01465	0.04858	0.02853	0.59437	0.03933	0.03393	0.02468	0.01234	0.01003	0.00308	0.00848	0.01003	0.01234	0.01697
9	0.04473	0.01697	0.02313	0.01774	0.02545	0.01465	0.01465	0.04858	0.02853	0.59437	0.03933	0.03393	0.02468	0.01234	0.01003	0.00308	0.00848	0.01003	0.01234	0.01697
10	0.04219	0.02103	0.02565	0.01967	0.02748	0.02069	0.01625	0.23624	0.03534	0.39710	0.03362	0.03022	0.02181	0.01220	0.01001	0.00305	0.00941	0.00964	0.01146	0.01696
11	0.72007	0.01928	0.01465	0.01311	0.01928	0.02236	0.01080	0.02930	0.01697	0.04473	0.01388	0.01619	0.01080	0.00925	0.00617	0.00308	0.00771	0.00540	0.00617	0.01080
12	0.01272	0.01014	0.01140	0.01108	0.01404	0.00881	0.00831	0.01612	0.02493	0.03218	0.29455	0.08730	0.38659	0.02329	0.01177	0.00327	0.00491	0.01983	0.00995	0.00881
13	0.30531	0.01614	0.01506	0.01316	0.01816	0.01752	0.01058	0.08910	0.02299	0.09306	0.02464	0.02692	0.01855	0.01077	0.00727	0.00277	0.00695	0.00775	0.28183	0.01147
14	0.04198	0.02137	0.02586	0.01983	0.02765	0.02119	0.01638	0.25197	0.03591	0.38057	0.03314	0.02991	0.02157	0.01219	0.01000	0.00305	0.00948	0.00960	0.01139	0.01696
15	0.02082	0.13677	0.43792	0.10963	0.04407	0.02544	0.03262	0.03047	0.02077	0.02952	0.01727	0.02106	0.01274	0.00940	0.00908	0.00303	0.01393	0.00727	0.00425	0.01394
16	0.01667	0.00983	0.01317	0.01442	0.01598	0.00901	0.01000	0.01870	0.02040	0.10442	0.05278	0.55858	0.06021	0.02861	0.01235	0.00391	0.00616	0.02580	0.00968	0.00933
17	0.72007	0.01928	0.01465	0.01311	0.01928	0.02236	0.01080	0.02930	0.01697	0.04473	0.01388	0.01619	0.01080	0.00925	0.00617	0.00308	0.00771	0.00540	0.00617	0.01080
18	0.01211	0.01011	0.01055	0.01044	0.01366	0.00855	0.00783	0.01493	0.02349	0.02874	0.16779	0.09296	0.51549	0.02457	0.01178	0.00333	0.00500	0.02062	0.00950	0.00855
19	0.02067	0.01772	0.02067	0.01477	0.02362	0.01329	0.01181	0.02510	0.02067	0.03248	0.01772	0.02067	0.01477	0.00738	0.00738	0.00148	0.00738	0.00591	0.00591	0.71059
20	0.01285	0.00918	0.01238	0.01469	0.01558	0.00871	0.01048	0.01510	0.01978	0.02624	0.05456	0.54744	0.06439	0.03057	0.01291	0.00415	0.00640	0.11707	0.00924	0.00829
21	0.02480	0.02141	0.02254	0.02029	0.02592	0.02480	0.01578	0.05297	0.56946	0.04170	0.04057	0.03719	0.03043	0.01352	0.01014	0.00338	0.00789	0.01127	0.01014	0.01578
22	0.02181	0.02181	0.03053	0.02617	0.02617	0.03053	0.02181	0.02399	0.01527	0.02399	0.01309	0.02181	0.01309	0.01745	0.03272	0.00436	0.63141	0.00872	0.00436	0.01091
23	0.01883	0.01772	0.02990	0.62569	0.06866	0.02215	0.02769	0.02547	0.01993	0.02547	0.01772	0.02658	0.01329	0.00997	0.00997	0.00332	0.01329	0.00886	0.00443	0.01107
24	0.72007	0.01928	0.01465	0.01311	0.01928	0.02236	0.01080	0.02930	0.01697	0.04473	0.01388	0.01619	0.01080	0.00925	0.00617	0.00308	0.00771	0.00540	0.00617	0.01080
25	0.01636	0.01040	0.01375	0.01337	0.01573	0.00954	0.00984	0.02020	0.02584	0.08629	0.39390	0.22093	0.08036	0.02252	0.01186	0.00337	0.00533	0.02003	0.01064	0.00974
26	0.04473	0.01697	0.02313	0.01774	0.02545	0.01465	0.01465	0.04858	0.02853	0.59437	0.03933	0.03393	0.02468	0.01234	0.01003	0.00308	0.00848	0.01003	0.01234	0.01697
27	0.02480	0.02141	0.02254	0.02029	0.02592	0.02480	0.01578	0.05297	0.56946	0.04170	0.04057	0.03719	0.03043	0.01352	0.01014	0.00338	0.00789	0.01127	0.01014	0.01578
28	0.09944	0.02642	0.02810	0.02171	0.02951	0.02906	0.01793	0.47338	0.04297	0.09678	0.02406	0.02391	0.01692	0.01175	0.00964	0.00301	0.01051	0.00873	0.00979	0.01640
29	0.02653	0.01294	0.01730	0.01465	0.01917	0.01153	0.01153	0.03089	0.02835	0.26486	0.36199	0.05802	0.06592	0.01712	0.01105	0.00311	0.00624	0.01478	0.01153	0.01247
30	0.01935	0.01825	0.03085	0.57514	0.11512	0.02229	0.02795	0.02593	0.02018	0.02611	0.01781	0.02641	0.01351	0.00987	0.00996	0.00329	0.01316	0.00886	0.00447	0.01150
31	0.01353	0.00936	0.01161	0.01254	0.01294	0.00928	0.00791	0.01455	0.01648	0.02213	0.04046	0.29535	0.04717	0.34943	0.08554	0.00797	0.00963	0.01972	0.00727	0.00712
32	0.01215	0.00868	0.01157	0.01388	0.01446	0.00810	0.00925	0.01388	0.01909	0.02545	0.05495	0.64315	0.06593	0.03123	0.01272	0.00405	0.00578	0.02834	0.00925	0.00810
33	0.02480	0.02141	0.02254	0.02029	0.02592	0.02480	0.01578	0.05297	0.56946	0.04170	0.04057	0.03719	0.03043	0.01352	0.01014	0.00338	0.00789	0.01127	0.01014	0.01578
34	0.72007	0.01928	0.01465	0.01311	0.01928	0.02236	0.01080	0.02930	0.01697	0.04473	0.01388	0.01619	0.01080	0.00925	0.00617	0.00308	0.00771	0.00540	0.00617	0.01080
35	0.02181	0.02181	0.03053	0.02617	0.02617	0.03053	0.02181	0.02399	0.01527	0.02399	0.01309	0.02181	0.01309	0.01745	0.03272	0.00436	0.63141	0.00872	0.00436	0.01091
36	0.02852	0.01861	0.02156	0.01855	0.02351	0.01940	0.01443	0.26424	0.03306	0.12416	0.03862	0.27443	0.03776	0.01977	0.01109	0.00343	0.00853	0.01692	0.01002	0.01339
37	0.01844	0.01685	0.02798	0.54139	0.06200	0.02067	0.02607	0.02480	0.02035	0.02608	0.02259	0.03850	0.01941	0.01241	0.01049	0.00350	0.01272	0.07986	0.00509	0.01081
38	0.02064	0.04770	0.52061	0.03296	0.11870	0.02323	0.03597	0.03144	0.02128	0.03171	0.01801	0.02155	0.01307	0.00939	0.00953	0.00313	0.01433	0.00758	0.00431	0.01488
39	0.62354	0.01989	0.01823	0.01978	0.09815	0.02255	0.01354	0.02948	0.01776	0.04304	0.01456	0.01737	0.01149	0.00920	0.00668	0.00307	0.00829	0.00588	0.00600	0.01149
40	0.36131	0.02348	0.09929	0.01732	0.02529	0.02041	0.01614	0.06560	0.02304	0.22550	0.02341	0.02316	0.01598	0.01046	0.00812	0.00309	0.00912	0.00740	0.00815	0.01373

[dist]
# distance from previous block
# <min> <max>
6	59

[block]
# block no. 3 follows, 15 sequences, length 14
# corresponding to MSA columns:
# 374-387
name=unknown_D
#
# <colnr> <probs for GDERKNQSTAVLIFYWHMCP>
#	G	D	E	R	K	N	Q	S	T	A	V	L	I	F	Y	W	H	M	C	P
0	0.41698	0.02175	0.02562	0.02016	0.02746	0.02343	0.10506	0.11772	0.02422	0.10428	0.01932	0.02119	0.01403	0.00988	0.00816	0.00312	0.00988	0.00757	0.00726	0.01292
1	0.02611	0.02417	0.02314	0.02086	0.02644	0.08648	0.01615	0.05158	0.51237	0.03988	0.03792	0.03517	0.02858	0.01318	0.01002	0.00330	0.00895	0.01076	0.00962	0.01533
2	0.01215	0.00868	0.01157	0.01388	0.01446	0.00810	0.00925	0.01388	0.01909	0.02545	0.05495	0.64315	0.06593	0.03123	0.01272	0.00405	0.00578	0.02834	0.00925	0.00810
3	0.02659	0.01753	0.02236	0.08551	0.02925	0.01465	0.01435	0.03113	0.02259	0.17487	0.02323	0.02473	0.01712	0.00894	0.00835	0.00210	0.00834	0.00729	0.00738	0.45369
4	0.02551	0.02544	0.09860	0.08255	0.32847	0.02279	0.02665	0.08507	0.05731	0.06853	0.06161	0.02911	0.02231	0.01062	0.01000	0.00305	0.01125	0.00957	0.00649	0.01509
5	0.01359	0.01013	0.01282	0.01461	0.01576	0.01000	0.01000	0.01833	0.08172	0.02730	0.05331	0.57419	0.06189	0.02922	0.01243	0.00397	0.00602	0.02640	0.00936	0.00897
6	0.03299	0.02034	0.02758	0.02528	0.09131	0.02048	0.05501	0.10145	0.16711	0.25177	0.07163	0.03487	0.02836	0.01248	0.01027	0.00316	0.00933	0.01077	0.01006	0.01576
7	0.06860	0.02795	0.13935	0.03140	0.09997	0.02218	0.16401	0.09128	0.02647	0.19180	0.02496	0.02663	0.01735	0.01017	0.01015	0.00315	0.01244	0.00951	0.00748	0.01515
8	0.02635	0.02467	0.04851	0.04574	0.23060	0.02348	0.31322	0.03339	0.02382	0.09658	0.02188	0.02695	0.01645	0.00902	0.01092	0.00319	0.01417	0.01059	0.00584	0.01464
9	0.01215	0.00868	0.01157	0.01388	0.01446	0.00810	0.00925	0.01388	0.01909	0.02545	0.05495	0.64315	0.06593	0.03123	0.01272	0.00405	0.00578	0.02834	0.00925	0.00810
10	0.06785	0.01311	0.01811	0.01601	0.02003	0.01209	0.06050	0.02349	0.02327	0.12825	0.13874	0.21860	0.17813	0.02122	0.01134	0.00345	0.00707	0.01871	0.00945	0.01059
11	0.10646	0.02029	0.06315	0.02037	0.02784	0.01762	0.07629	0.04055	0.07893	0.31779	0.09536	0.03537	0.02984	0.01241	0.00999	0.00316	0.00927	0.01060	0.00995	0.01478
12	0.03573	0.09522	0.02994	0.08987	0.03233	0.06613	0.01841	0.17906	0.03066	0.23979	0.02626	0.02636	0.01828	0.01174	0.01108	0.00303	0.05357	0.00873	0.00881	0.01501
13	0.72007	0.01928	0.01465	0.01311	0.01928	0.02236	0.01080	0.02930	0.01697	0.04473	0.01388	0.01619	0.01080	0.00925	0.00617	0.00308	0.00771	0.00540	0.00617	0.01080

[dist]
# distance from previous block
# <min> <max>
0	1

[block]
# block no. 4 follows, 15 sequences, length 53
# corresponding to MSA columns:
# 389-441
name=unknown_E
#
# <colnr> <probs for GDERKNQSTAVLIFYWHMCP>
#	G	D	E	R	K	N	Q	S	T	A	V	L	I	F	Y	W	H	M	C	P
0	0.01549	0.00977	0.01243	0.01357	0.01473	0.00935	0.00942	0.01746	0.01906	0.05712	0.04634	0.35708	0.05230	0.18315	0.02181	0.00534	0.00724	0.08238	0.05766	0.00829
1	0.02763	0.22654	0.03356	0.01789	0.02639	0.02688	0.01559	0.18123	0.02819	0.03844	0.01829	0.02011	0.01477	0.00909	0.00782	0.00213	0.00949	0.00662	0.00656	0.28278
2	0.02542	0.01795	0.02550	0.06417	0.08886	0.01639	0.05159	0.06593	0.02408	0.13916	0.02913	0.13514	0.02591	0.01328	0.00975	0.00276	0.00907	0.01180	0.00774	0.23637
3	0.16342	0.28861	0.06739	0.08384	0.03035	0.02994	0.01830	0.06352	0.02170	0.08249	0.01739	0.01997	0.01380	0.01004	0.00922	0.00279	0.05193	0.00672	0.00575	0.01284
4	0.02446	0.01918	0.02132	0.01974	0.02487	0.02152	0.01576	0.04640	0.42647	0.07701	0.04286	0.05159	0.03527	0.01617	0.01084	0.00360	0.00818	0.11008	0.01011	0.01458
5	0.02067	0.01772	0.02067	0.01477	0.02362	0.01329	0.01181	0.02510	0.02067	0.03248	0.01772	0.02067	0.01477	0.00738	0.00738	0.00148	0.00738	0.00591	0.00591	0.71059
6	0.04190	0.01613	0.02164	0.01682	0.02395	0.01407	0.01382	0.04584	0.02771	0.53406	0.03859	0.03428	0.02477	0.01226	0.00969	0.00300	0.00807	0.00995	0.08731	0.01613
7	0.01594	0.01048	0.01379	0.01303	0.01555	0.00962	0.00974	0.02027	0.02725	0.07548	0.48883	0.13331	0.08638	0.02102	0.01175	0.00323	0.00507	0.01861	0.01088	0.00977
8	0.04473	0.01697	0.02313	0.01774	0.02545	0.01465	0.01465	0.04858	0.02853	0.59437	0.03933	0.03393	0.02468	0.01234	0.01003	0.00308	0.00848	0.01003	0.01234	0.01697
9	0.01380	0.01018	0.01290	0.01222	0.01471	0.00928	0.00917	0.01822	0.02750	0.03826	0.51887	0.07729	0.15847	0.02102	0.01176	0.00317	0.00475	0.01842	0.01075	0.00928
10	0.01999	0.05157	0.59800	0.02841	0.04315	0.02315	0.03683	0.03157	0.02105	0.03157	0.01789	0.02105	0.01263	0.00947	0.00947	0.00316	0.01473	0.00737	0.00421	0.01473
11	0.02082	0.02094	0.02972	0.56075	0.06456	0.08574	0.02677	0.02702	0.02083	0.02535	0.01747	0.02565	0.01324	0.01000	0.00986	0.00324	0.01380	0.00860	0.00451	0.01113
12	0.72007	0.01928	0.01465	0.01311	0.01928	0.02236	0.01080	0.02930	0.01697	0.04473	0.01388	0.01619	0.01080	0.00925	0.00617	0.00308	0.00771	0.00540	0.00617	0.01080
13	0.02480	0.02141	0.02254	0.02029	0.02592	0.02480	0.01578	0.05297	0.56946	0.04170	0.04057	0.03719	0.03043	0.01352	0.01014	0.00338	0.00789	0.01127	0.01014	0.01578
14	0.02480	0.02141	0.02254	0.02029	0.02592	0.02480	0.01578	0.05297	0.56946	0.04170	0.04057	0.03719	0.03043	0.01352	0.01014	0.00338	0.00789	0.01127	0.01014	0.01578
15	0.02050	0.01611	0.02152	0.01692	0.02307	0.01397	0.04573	0.02475	0.02231	0.07311	0.12942	0.09960	0.03586	0.01349	0.01091	0.00249	0.04818	0.01146	0.00753	0.36307
16	0.13272	0.15014	0.17433	0.06008	0.09332	0.02616	0.05409	0.05811	0.02149	0.03278	0.01918	0.06124	0.01665	0.01119	0.01018	0.00307	0.04819	0.00871	0.00533	0.01304
17	0.02102	0.03332	0.24453	0.19119	0.05326	0.02366	0.22861	0.03010	0.02169	0.03010	0.01870	0.02471	0.01375	0.00920	0.01047	0.00328	0.01513	0.00942	0.00458	0.01328
18	0.01883	0.01772	0.02990	0.62569	0.06866	0.02215	0.02769	0.02547	0.01993	0.02547	0.01772	0.02658	0.01329	0.00997	0.00997	0.00332	0.01329	0.00886	0.00443	0.01107
19	0.02183	0.01485	0.02161	0.23384	0.03677	0.01596	0.01731	0.02873	0.06345	0.13035	0.24815	0.04769	0.04867	0.01478	0.01070	0.00321	0.00866	0.01289	0.00880	0.01176
20	0.01632	0.01068	0.01403	0.01292	0.01566	0.00978	0.00978	0.02096	0.02824	0.08000	0.54302	0.07154	0.08905	0.01980	0.01163	0.00313	0.00498	0.01745	0.01107	0.00995
21	0.01440	0.01004	0.01277	0.01277	0.01343	0.01070	0.00841	0.01572	0.01506	0.02074	0.02967	0.05561	0.03206	0.43739	0.25729	0.01201	0.01596	0.01309	0.00578	0.00710
22	0.26526	0.02235	0.02319	0.01840	0.02571	0.02405	0.01519	0.25519	0.03243	0.18865	0.02443	0.02385	0.01683	0.01116	0.00873	0.00305	0.00928	0.00805	0.00930	0.01492
23	0.02771	0.02412	0.06541	0.02034	0.02783	0.02343	0.01724	0.15643	0.28841	0.07480	0.03119	0.03003	0.02311	0.01174	0.00957	0.00293	0.00900	0.00947	0.00906	0.13816
24	0.01438	0.00975	0.01232	0.01309	0.01500	0.00881	0.00927	0.01700	0.02222	0.06193	0.17138	0.38421	0.17000	0.02673	0.01218	0.00367	0.00558	0.02373	0.00979	0.00895
25	0.19020	0.03223	0.23296	0.06218	0.03438	0.02308	0.02353	0.13012	0.02593	0.12384	0.02126	0.02274	0.01484	0.01034	0.00891	0.00311	0.01137	0.00770	0.00696	0.01431
26	0.07282	0.03263	0.24364	0.02386	0.03175	0.05989	0.05198	0.03068	0.05710	0.05953	0.02349	0.03388	0.02023	0.08147	0.01717	0.00410	0.09250	0.04490	0.00584	0.01253
27	0.01211	0.00883	0.01141	0.01347	0.01435	0.00813	0.00907	0.01393	0.01948	0.02561	0.05993	0.58392	0.12195	0.03058	0.01262	0.00397	0.00570	0.02755	0.00925	0.00813
28	0.02328	0.08831	0.03055	0.02136	0.02742	0.02189	0.07233	0.02738	0.02022	0.06862	0.02039	0.02868	0.01792	0.01208	0.01507	0.00285	0.17364	0.04463	0.00592	0.27746
29	0.06939	0.15095	0.15431	0.01993	0.02854	0.05944	0.01975	0.06620	0.02566	0.20162	0.08459	0.02941	0.02525	0.01151	0.00910	0.00288	0.01057	0.00885	0.00790	0.01416
30	0.03140	0.06060	0.02336	0.08756	0.02793	0.01660	0.01519	0.06849	0.02566	0.30320	0.03814	0.19195	0.03290	0.01676	0.01047	0.00329	0.00864	0.01432	0.00988	0.01365
31	0.02759	0.01437	0.01842	0.01563	0.02053	0.01354	0.01233	0.03512	0.10132	0.25816	0.29576	0.05351	0.05821	0.01629	0.01086	0.00315	0.00662	0.01397	0.01140	0.01324
32	0.13150	0.01835	0.02182	0.05875	0.02674	0.01883	0.01494	0.12708	0.06510	0.25651	0.09128	0.06774	0.03078	0.01368	0.00981	0.00316	0.00853	0.01108	0.01004	0.01429
33	0.07231	0.09371	0.12828	0.07535	0.03257	0.02270	0.02057	0.07291	0.06063	0.24268	0.02677	0.02681	0.01857	0.01140	0.01073	0.00311	0.04935	0.00860	0.00816	0.01477
34	0.03653	0.01539	0.02020	0.01623	0.02204	0.01446	0.01325	0.04046	0.02567	0.41371	0.03573	0.03387	0.02406	0.01253	0.01090	0.00299	0.05249	0.00975	0.18516	0.01461
35	0.30235	0.02583	0.13152	0.06608	0.06741	0.02152	0.07723	0.03324	0.02105	0.13634	0.02040	0.02266	0.01456	0.00978	0.00857	0.00314	0.01078	0.00773	0.00658	0.01324
36	0.01215	0.00868	0.01157	0.01388	0.01446	0.00810	0.00925	0.01388	0.01909	0.02545	0.05495	0.64315	0.06593	0.03123	0.01272	0.00405	0.00578	0.02834	0.00925	0.00810
37	0.02308	0.01877	0.03190	0.23482	0.18385	0.01966	0.08022	0.02905	0.02356	0.09903	0.12307	0.03568	0.03012	0.01169	0.01047	0.00317	0.01117	0.01098	0.00676	0.01294
38	0.03444	0.02621	0.02797	0.02224	0.02960	0.02930	0.01811	0.42193	0.18480	0.05725	0.02833	0.02743	0.02051	0.01238	0.01002	0.00309	0.01016	0.00958	0.01002	0.01664
39	0.02067	0.01772	0.02067	0.01477	0.02362	0.01329	0.01181	0.02510	0.02067	0.03248	0.01772	0.02067	0.01477	0.00738	0.00738	0.00148	0.00738	0.00591	0.00591	0.71059
40	0.02480	0.02141	0.02254	0.02029	0.02592	0.02480	0.01578	0.05297	0.56946	0.04170	0.04057	0.03719	0.03043	0.01352	0.01014	0.00338	0.00789	0.01127	0.01014	0.01578
41	0.01215	0.00868	0.01157	0.01388	0.01446	0.00810	0.00925	0.01388	0.01909	0.02545	0.05495	0.64315	0.06593	0.03123	0.01272	0.00405	0.00578	0.02834	0.00925	0.00810
42	0.01191	0.00958	0.01063	0.01148	0.01383	0.00830	0.00819	0.01415	0.02140	0.02639	0.08422	0.29528	0.39491	0.02743	0.01213	0.00361	0.00532	0.02370	0.00926	0.00830
43	0.01309	0.00995	0.01176	0.01218	0.01435	0.00901	0.00891	0.01592	0.02256	0.02928	0.19788	0.18378	0.26809	0.09290	0.01634	0.00422	0.00597	0.06607	0.00932	0.00841
44	0.01212	0.00994	0.01068	0.01085	0.01376	0.00850	0.00800	0.01483	0.02299	0.02841	0.15647	0.15747	0.46074	0.02533	0.01189	0.00342	0.00509	0.02152	0.00947	0.00850
45	0.72007	0.01928	0.01465	0.01311	0.01928	0.02236	0.01080	0.02930	0.01697	0.04473	0.01388	0.01619	0.01080	0.00925	0.00617	0.00308	0.00771	0.00540	0.00617	0.01080
46	0.02398	0.13267	0.16699	0.14623	0.15203	0.02553	0.11340	0.03113	0.02193	0.06615	0.01914	0.02376	0.01460	0.00931	0.00955	0.00301	0.01316	0.00850	0.00507	0.01387
47	0.02287	0.01435	0.01758	0.01551	0.01975	0.01430	0.01204	0.03328	0.16377	0.15061	0.33870	0.05708	0.06434	0.01707	0.01101	0.00319	0.00625	0.01475	0.01104	0.01250
48	0.01657	0.01173	0.01455	0.01326	0.01612	0.01135	0.01010	0.06759	0.02941	0.04185	0.49425	0.06735	0.08242	0.01902	0.01127	0.00307	0.00527	0.01661	0.05812	0.01008
49	0.07366	0.01939	0.02558	0.14185	0.07068	0.02025	0.01851	0.12697	0.06196	0.24906	0.06656	0.03205	0.02476	0.01201	0.00989	0.00313	0.00975	0.00989	0.00928	0.01476
50	0.01232	0.00881	0.01173	0.01376	0.01450	0.00822	0.00927	0.01433	0.01991	0.02676	0.10268	0.59166	0.06848	0.03025	0.01264	0.00397	0.00569	0.02741	0.00941	0.00822
51	0.03854	0.02401	0.02789	0.02163	0.02881	0.02589	0.01789	0.35099	0.03838	0.22250	0.02768	0.02681	0.01897	0.01258	0.01205	0.00314	0.06638	0.00927	0.01019	0.01641
52	0.08399	0.01786	0.02013	0.01462	0.02323	0.01411	0.01172	0.02548	0.02034	0.03359	0.01737	0.02027	0.01441	0.00755	0.00727	0.00162	0.00741	0.00586	0.00593	0.64724

[dist]
# distance from previous block
# <min> <max>
0	3

[block]
# block no. 5 follows, 15 sequences, length 10
# corresponding to MSA columns:
# 445-454
name=unknown_F
#
# <colnr> <probs for GDERKNQSTAVLIFYWHMCP>
#	G	D	E	R	K	N	Q	S	T	A	V	L	I	F	Y	W	H	M	C	P
0	0.35168	0.01755	0.01982	0.02089	0.08552	0.02045	0.01453	0.02489	0.01668	0.03370	0.01632	0.02275	0.01431	0.02169	0.08380	0.11342	0.09905	0.00738	0.00539	0.01019
1	0.01940	0.01102	0.01473	0.01391	0.01484	0.01137	0.00956	0.07641	0.01712	0.02286	0.01969	0.03351	0.01942	0.10162	0.03691	0.54806	0.00904	0.00936	0.00518	0.00600
2	0.06129	0.01910	0.02816	0.05585	0.03144	0.01668	0.10474	0.03392	0.02343	0.21074	0.02481	0.02606	0.01770	0.00936	0.00906	0.00249	0.00968	0.00835	0.00773	0.29943
3	0.02203	0.04915	0.15071	0.20392	0.03971	0.01862	0.02247	0.02760	0.02032	0.11008	0.02455	0.06965	0.02032	0.02267	0.09734	0.05911	0.01383	0.01011	0.00599	0.01180
4	0.02691	0.01452	0.02252	0.06683	0.06805	0.01400	0.05003	0.02817	0.02014	0.20560	0.02626	0.03435	0.02118	0.08930	0.02466	0.24984	0.00986	0.00998	0.00719	0.01059
5	0.02598	0.07035	0.09731	0.16843	0.03916	0.02031	0.07998	0.05820	0.02374	0.15421	0.02797	0.09713	0.02283	0.01276	0.00996	0.00316	0.01106	0.01123	0.05316	0.01305
6	0.13358	0.06748	0.11220	0.10617	0.03378	0.02243	0.02039	0.12661	0.02652	0.14425	0.02622	0.03440	0.02075	0.01255	0.00953	0.00322	0.01068	0.06789	0.00770	0.01366
7	0.06490	0.02477	0.11093	0.02668	0.09268	0.02163	0.05301	0.07156	0.08488	0.18220	0.06755	0.03093	0.02450	0.01243	0.01262	0.00328	0.08285	0.00988	0.00812	0.01458
8	0.32181	0.06585	0.09101	0.06706	0.07347	0.02352	0.05084	0.06757	0.02209	0.10416	0.01903	0.02140	0.01401	0.00975	0.00817	0.00305	0.01030	0.00731	0.00651	0.01308
9	0.07375	0.10700	0.03143	0.12598	0.06863	0.02571	0.04631	0.16298	0.09233	0.08346	0.06474	0.02906	0.02307	0.01145	0.00948	0.00302	0.01045	0.00938	0.00773	0.01404

[dist]
# distance from previous block
# <min> <max>
0	576

# created by:
# /st0/software/busco_prod/Augustus/scripts/msa2prfl.pl ./align_prep/6345.fa
