[name]
unknown

[dist]
# distance from previous block
# <min> <max>
0	1002

[block]
# block no. 0 follows, 12 sequences, length 28
# corresponding to MSA columns:
# 1339-1366
name=unknown_A
#
# <colnr> <probs for GDERKNQSTAVLIFYWHMCP>
#	G	D	E	R	K	N	Q	S	T	A	V	L	I	F	Y	W	H	M	C	P
0	0.02420	0.02307	0.03923	0.29470	0.34275	0.02518	0.03208	0.03103	0.02351	0.03225	0.02002	0.02789	0.01608	0.01023	0.01084	0.00341	0.01364	0.00970	0.00516	0.01503
1	0.03494	0.02984	0.12828	0.09242	0.03890	0.02546	0.02379	0.17547	0.11231	0.17884	0.03130	0.03102	0.02166	0.01269	0.01085	0.00344	0.01185	0.01016	0.00969	0.01712
2	0.01527	0.01032	0.01207	0.01264	0.01279	0.01018	0.00741	0.01570	0.01700	0.02266	0.04021	0.19389	0.04703	0.48418	0.04603	0.00917	0.00960	0.01930	0.00741	0.00712
3	0.02699	0.02591	0.04426	0.06693	0.54879	0.02591	0.03346	0.03346	0.02483	0.03562	0.02051	0.02699	0.01727	0.00972	0.01079	0.00324	0.01295	0.00972	0.00540	0.01727
4	0.25051	0.02606	0.02649	0.02096	0.02902	0.02866	0.01731	0.30318	0.03838	0.12184	0.02472	0.02481	0.01742	0.01219	0.00959	0.00332	0.01053	0.00871	0.00990	0.01640
5	0.01395	0.01104	0.01275	0.01379	0.01660	0.00984	0.01061	0.01701	0.02409	0.02979	0.08907	0.21199	0.34653	0.02948	0.01355	0.00412	0.00664	0.11972	0.01011	0.00931
6	0.01328	0.00949	0.01265	0.01518	0.01581	0.00886	0.01012	0.01518	0.02088	0.02783	0.06010	0.60969	0.07212	0.03416	0.01392	0.00443	0.00633	0.03100	0.01012	0.00886
7	0.04073	0.05197	0.03090	0.02809	0.03371	0.57303	0.02107	0.04354	0.03090	0.02669	0.01685	0.01966	0.01404	0.01124	0.00983	0.00281	0.01966	0.00702	0.00562	0.01264
8	0.02699	0.02591	0.04426	0.06693	0.54879	0.02591	0.03346	0.03346	0.02483	0.03562	0.02051	0.02699	0.01727	0.00972	0.01079	0.00324	0.01295	0.00972	0.00540	0.01727
9	0.01312	0.01012	0.01200	0.01349	0.01537	0.00900	0.00937	0.01537	0.02250	0.02850	0.08065	0.40373	0.26481	0.03149	0.01350	0.00412	0.00600	0.02774	0.01012	0.00900
10	0.02712	0.02342	0.02465	0.02219	0.02835	0.02712	0.01726	0.05794	0.52909	0.04561	0.04438	0.04068	0.03328	0.01479	0.01109	0.00370	0.00863	0.01233	0.01109	0.01726
11	0.02231	0.01946	0.02424	0.02183	0.08790	0.01545	0.01500	0.02718	0.02307	0.03503	0.02723	0.03011	0.06100	0.00993	0.00881	0.00199	0.00845	0.00825	0.00664	0.54612
12	0.02805	0.48998	0.10049	0.02364	0.03379	0.03940	0.09126	0.03314	0.02274	0.02774	0.01653	0.01968	0.01435	0.00940	0.00813	0.00262	0.01300	0.00703	0.00478	0.01427
13	0.04073	0.05197	0.03090	0.02809	0.03371	0.57303	0.02107	0.04354	0.03090	0.02669	0.01685	0.01966	0.01404	0.01124	0.00983	0.00281	0.01966	0.00702	0.00562	0.01264
14	0.01578	0.01086	0.01336	0.01336	0.01386	0.01137	0.00843	0.01680	0.01629	0.02223	0.03302	0.06394	0.03642	0.47769	0.19022	0.01238	0.01542	0.01477	0.00641	0.00742
15	0.08302	0.15609	0.35493	0.02591	0.03903	0.02750	0.03088	0.03621	0.02347	0.09693	0.02119	0.02323	0.01527	0.01052	0.00949	0.00322	0.01380	0.00781	0.00587	0.01565
16	0.02651	0.02515	0.04134	0.10285	0.45851	0.02590	0.03155	0.03555	0.07654	0.03605	0.02288	0.02856	0.01871	0.01033	0.01083	0.00332	0.01263	0.00998	0.00594	0.01687
17	0.01315	0.01000	0.01212	0.01381	0.01546	0.00897	0.00951	0.01534	0.02219	0.02837	0.07675	0.44280	0.22826	0.03200	0.01358	0.00418	0.00606	0.02836	0.01012	0.00897
18	0.02447	0.01901	0.02719	0.09014	0.16667	0.01981	0.02058	0.07150	0.08661	0.07640	0.03936	0.23369	0.03899	0.01959	0.01196	0.00376	0.00991	0.01759	0.00877	0.01400
19	0.23243	0.09596	0.21837	0.02575	0.03627	0.02601	0.10162	0.03217	0.02181	0.03767	0.02118	0.06584	0.01802	0.01178	0.00955	0.00342	0.01288	0.00964	0.00584	0.01378
20	0.02621	0.02808	0.05668	0.05395	0.24455	0.02694	0.32776	0.03437	0.02539	0.03519	0.02147	0.02849	0.01682	0.00939	0.01208	0.00351	0.01631	0.01167	0.00547	0.01568
21	0.01355	0.01076	0.01217	0.01248	0.01530	0.00938	0.00911	0.01668	0.02543	0.03239	0.19922	0.20016	0.34941	0.02770	0.01309	0.00377	0.00560	0.02385	0.01055	0.00938
22	0.01391	0.01017	0.01309	0.01430	0.01585	0.00934	0.00998	0.01691	0.02440	0.03295	0.21583	0.39302	0.13036	0.02979	0.01348	0.00404	0.00587	0.02666	0.01071	0.00934
23	0.03898	0.23791	0.08253	0.02059	0.03002	0.02792	0.01940	0.08192	0.02894	0.28340	0.02974	0.02804	0.02056	0.01171	0.00950	0.00300	0.01093	0.00880	0.00939	0.01672
24	0.01746	0.01963	0.09866	0.01968	0.02511	0.01431	0.06807	0.02413	0.02918	0.04145	0.41168	0.06744	0.08078	0.01917	0.01250	0.00346	0.00815	0.01730	0.01024	0.01160
25	0.43368	0.01929	0.01906	0.01611	0.02272	0.02041	0.04842	0.02816	0.02086	0.04234	0.03773	0.03885	0.13374	0.01387	0.00871	0.00332	0.00849	0.01037	0.00740	0.06648
26	0.01798	0.08158	0.01838	0.01391	0.01843	0.08077	0.01094	0.02083	0.02529	0.02871	0.08897	0.08529	0.42365	0.02368	0.01189	0.00343	0.00788	0.01924	0.00900	0.01013
27	0.02612	0.07356	0.14865	0.02345	0.03199	0.02692	0.02226	0.08052	0.30068	0.04317	0.07753	0.03739	0.03229	0.01390	0.01077	0.00349	0.01050	0.01133	0.00922	0.01627

[dist]
# distance from previous block
# <min> <max>
0	2

[block]
# block no. 1 follows, 12 sequences, length 36
# corresponding to MSA columns:
# 1387-1422
name=unknown_B
#
# <colnr> <probs for GDERKNQSTAVLIFYWHMCP>
#	G	D	E	R	K	N	Q	S	T	A	V	L	I	F	Y	W	H	M	C	P
0	0.02435	0.03395	0.20062	0.08412	0.04318	0.02644	0.11178	0.08054	0.06375	0.03635	0.02521	0.07703	0.02142	0.01423	0.01524	0.00380	0.10529	0.01176	0.00641	0.01454
1	0.03825	0.02132	0.03415	0.02514	0.03444	0.01851	0.13379	0.04379	0.02823	0.33022	0.03340	0.03245	0.02238	0.01141	0.01086	0.00311	0.01123	0.01055	0.01022	0.14655
2	0.09506	0.02236	0.03629	0.04191	0.25031	0.02179	0.09589	0.03440	0.02592	0.12394	0.07557	0.03853	0.06435	0.01271	0.01106	0.00339	0.01148	0.01185	0.00782	0.01536
3	0.02712	0.02342	0.02465	0.02219	0.02835	0.02712	0.01726	0.05794	0.52909	0.04561	0.04438	0.04068	0.03328	0.01479	0.01109	0.00370	0.00863	0.01233	0.01109	0.01726
4	0.01328	0.00949	0.01265	0.01518	0.01581	0.00886	0.01012	0.01518	0.02088	0.02783	0.06010	0.60969	0.07212	0.03416	0.01392	0.00443	0.00633	0.03100	0.01012	0.00886
5	0.02105	0.02737	0.15660	0.02536	0.03353	0.01935	0.11632	0.06854	0.02829	0.03877	0.16055	0.05992	0.11980	0.01761	0.01230	0.00366	0.01147	0.05804	0.00840	0.01308
6	0.63146	0.02199	0.01762	0.01537	0.02230	0.02535	0.01266	0.07798	0.02168	0.05081	0.01623	0.01852	0.01245	0.01041	0.00715	0.00336	0.00878	0.00628	0.00715	0.01245
7	0.01415	0.00985	0.01240	0.01407	0.01449	0.00944	0.00893	0.01541	0.01918	0.02557	0.05140	0.42773	0.06114	0.23110	0.02797	0.00650	0.00776	0.02588	0.00893	0.00810
8	0.01289	0.01105	0.01105	0.01105	0.01473	0.00920	0.00828	0.01565	0.02485	0.02946	0.11046	0.10493	0.54437	0.02761	0.01289	0.00368	0.00552	0.02301	0.01013	0.00920
9	0.30056	0.19656	0.03182	0.01927	0.02659	0.16201	0.01629	0.03662	0.02352	0.07586	0.01771	0.01961	0.01412	0.01043	0.00789	0.00295	0.01212	0.00654	0.00641	0.01314
10	0.02574	0.02941	0.06434	0.04596	0.05699	0.02757	0.50919	0.03493	0.02574	0.03493	0.02206	0.02941	0.01654	0.00919	0.01287	0.00368	0.01838	0.01287	0.00551	0.01471
11	0.01370	0.01074	0.01248	0.01338	0.01594	0.00952	0.00990	0.01666	0.02430	0.03070	0.13389	0.25301	0.31584	0.02925	0.01339	0.00400	0.00615	0.06755	0.01030	0.00929
12	0.01586	0.01057	0.01189	0.01189	0.01189	0.01057	0.00661	0.01586	0.01586	0.02114	0.03436	0.07135	0.03964	0.61681	0.05550	0.01057	0.01057	0.01586	0.00661	0.00661
13	0.02810	0.54134	0.12993	0.02045	0.03076	0.04057	0.02179	0.03292	0.02228	0.02694	0.01580	0.01829	0.01397	0.00948	0.00748	0.00249	0.01230	0.00615	0.00466	0.01430
14	0.02699	0.02591	0.04426	0.06693	0.54879	0.02591	0.03346	0.03346	0.02483	0.03562	0.02051	0.02699	0.01727	0.00972	0.01079	0.00324	0.01295	0.00972	0.00540	0.01727
15	0.04892	0.01856	0.02530	0.01940	0.02783	0.01603	0.01603	0.05314	0.03121	0.55634	0.04302	0.03711	0.02699	0.01350	0.01096	0.00337	0.00928	0.01096	0.01350	0.01856
16	0.01328	0.00949	0.01265	0.01518	0.01581	0.00886	0.01012	0.01518	0.02088	0.02783	0.06010	0.60969	0.07212	0.03416	0.01392	0.00443	0.00633	0.03100	0.01012	0.00886
17	0.02382	0.02060	0.02680	0.02259	0.02826	0.02185	0.08575	0.08562	0.23590	0.03998	0.05024	0.10387	0.11349	0.07166	0.01586	0.00434	0.00985	0.01590	0.00962	0.01401
18	0.02187	0.05640	0.56031	0.03108	0.04719	0.02532	0.04029	0.03453	0.02302	0.03453	0.01957	0.02302	0.01381	0.01036	0.01036	0.00345	0.01611	0.00806	0.00460	0.01611
19	0.02451	0.02108	0.02347	0.01870	0.02690	0.01984	0.01475	0.04031	0.23620	0.03978	0.02992	0.03023	0.02338	0.01091	0.00935	0.00249	0.00831	0.00893	0.00841	0.40251
20	0.02915	0.02612	0.02701	0.02333	0.02864	0.07355	0.01857	0.13605	0.25647	0.04362	0.03944	0.03916	0.07348	0.01612	0.01546	0.00373	0.11336	0.01191	0.00940	0.01543
21	0.01586	0.01057	0.01189	0.01189	0.01189	0.01057	0.00661	0.01586	0.01586	0.02114	0.03436	0.07135	0.03964	0.61681	0.05550	0.01057	0.01057	0.01586	0.00661	0.00661
22	0.03955	0.02418	0.02706	0.02116	0.02874	0.02551	0.01734	0.31953	0.04160	0.17897	0.03178	0.03127	0.02217	0.01312	0.01035	0.00317	0.01016	0.01015	0.12711	0.01709
23	0.02724	0.04910	0.43371	0.02911	0.04344	0.02568	0.03518	0.10542	0.02788	0.08851	0.02273	0.02480	0.01573	0.01105	0.01050	0.00342	0.01488	0.00858	0.00635	0.01670
24	0.01427	0.01038	0.01367	0.01594	0.01733	0.00978	0.01173	0.01701	0.02229	0.02915	0.06456	0.44244	0.11706	0.03254	0.01409	0.00450	0.00714	0.13686	0.01010	0.00918
25	0.01558	0.01168	0.01752	0.01752	0.01947	0.01363	0.01363	0.01947	0.01752	0.02531	0.02921	0.04283	0.02726	0.08178	0.57360	0.01752	0.02921	0.01168	0.00584	0.00974
26	0.04825	0.01963	0.02597	0.01991	0.02837	0.01762	0.01645	0.09435	0.03301	0.51259	0.04151	0.03613	0.02623	0.01346	0.01096	0.00336	0.00952	0.01086	0.01326	0.01855
27	0.02928	0.14162	0.11611	0.02801	0.03691	0.11472	0.10711	0.08461	0.11672	0.03686	0.02659	0.03337	0.02184	0.01260	0.01063	0.00333	0.01410	0.04358	0.00708	0.01493
28	0.01433	0.01024	0.01385	0.01638	0.01747	0.00976	0.01194	0.01699	0.02191	0.02900	0.05952	0.49096	0.06983	0.03317	0.01420	0.00457	0.00723	0.13941	0.01010	0.00915
29	0.01944	0.01034	0.01096	0.01081	0.01335	0.01019	0.00811	0.02453	0.02432	0.04121	0.12778	0.04806	0.04156	0.01445	0.00857	0.00270	0.00509	0.01190	0.55644	0.01019
30	0.02964	0.02284	0.03701	0.11855	0.16925	0.02394	0.09660	0.07410	0.02626	0.12865	0.02593	0.03356	0.02059	0.07227	0.01787	0.00426	0.06541	0.01102	0.00732	0.01493
31	0.02703	0.09296	0.16905	0.03333	0.12635	0.07416	0.06194	0.03394	0.02552	0.07879	0.09659	0.03307	0.02873	0.01280	0.01260	0.00335	0.05786	0.01044	0.00676	0.01474
32	0.01322	0.00973	0.01240	0.01454	0.01564	0.00891	0.00983	0.01525	0.02150	0.02809	0.06797	0.53080	0.14592	0.03314	0.01376	0.00431	0.00620	0.02975	0.01012	0.00891
33	0.03640	0.03193	0.03581	0.03160	0.08379	0.13126	0.06593	0.22213	0.03558	0.08888	0.02309	0.02589	0.01745	0.01304	0.01476	0.00346	0.10527	0.00961	0.00817	0.01595
34	0.02835	0.21877	0.08964	0.02960	0.12895	0.06940	0.02246	0.07269	0.02593	0.03445	0.01866	0.02194	0.01551	0.00965	0.00883	0.00255	0.01207	0.00735	0.00583	0.17738
35	0.02935	0.02698	0.08513	0.29947	0.10311	0.06674	0.02770	0.07245	0.02682	0.12212	0.02385	0.02867	0.01711	0.01137	0.01076	0.00344	0.01385	0.00955	0.00688	0.01464

[dist]
# distance from previous block
# <min> <max>
7	20

[block]
# block no. 2 follows, 12 sequences, length 36
# corresponding to MSA columns:
# 1451-1486
name=unknown_C
#
# <colnr> <probs for GDERKNQSTAVLIFYWHMCP>
#	G	D	E	R	K	N	Q	S	T	A	V	L	I	F	Y	W	H	M	C	P
0	0.28956	0.03472	0.16638	0.02629	0.07681	0.06357	0.02353	0.12587	0.02739	0.04628	0.01902	0.02167	0.01425	0.01079	0.00906	0.00333	0.01229	0.00763	0.00679	0.01477
1	0.14714	0.02694	0.04128	0.07958	0.04355	0.07372	0.22986	0.03458	0.02445	0.06810	0.02101	0.02585	0.01588	0.00979	0.01049	0.00321	0.01428	0.00974	0.00632	0.11424
2	0.02767	0.03341	0.09631	0.13684	0.22415	0.12554	0.13128	0.03480	0.02545	0.03248	0.01989	0.02610	0.01574	0.01014	0.01103	0.00334	0.01589	0.00972	0.00529	0.01493
3	0.02471	0.06939	0.06589	0.07142	0.11924	0.02089	0.07173	0.03083	0.02486	0.07133	0.07702	0.03874	0.02902	0.01240	0.01050	0.00298	0.01114	0.04527	0.00714	0.19549
4	0.01378	0.01094	0.01237	0.01230	0.01535	0.00954	0.00912	0.01727	0.02654	0.03413	0.25203	0.14057	0.35470	0.02638	0.01297	0.00366	0.00546	0.02259	0.01076	0.00954
5	0.02924	0.19428	0.09168	0.02494	0.03326	0.11993	0.05889	0.04460	0.22064	0.03518	0.02775	0.02833	0.02167	0.01185	0.00984	0.00316	0.01276	0.00932	0.00737	0.01531
6	0.01557	0.01045	0.01198	0.01226	0.01233	0.01038	0.00700	0.01578	0.01642	0.02189	0.03725	0.13183	0.04329	0.55136	0.05083	0.00988	0.01009	0.01756	0.00700	0.00686
7	0.02317	0.02201	0.03736	0.37966	0.26590	0.02490	0.03156	0.03012	0.02302	0.03099	0.01983	0.02823	0.01564	0.01042	0.01086	0.00347	0.01390	0.00970	0.00507	0.01419
8	0.02059	0.01938	0.03270	0.59060	0.07510	0.02422	0.03028	0.02786	0.02180	0.02786	0.01938	0.02907	0.01453	0.01090	0.01090	0.00363	0.01453	0.00969	0.00484	0.01211
9	0.01919	0.01253	0.01599	0.01576	0.01875	0.01194	0.01191	0.02522	0.06615	0.08956	0.25455	0.21952	0.10500	0.02501	0.01301	0.00387	0.00662	0.06294	0.01129	0.01120
10	0.01328	0.00949	0.01265	0.01518	0.01581	0.00886	0.01012	0.01518	0.02088	0.02783	0.06010	0.60969	0.07212	0.03416	0.01392	0.00443	0.00633	0.03100	0.01012	0.00886
11	0.01328	0.00949	0.01265	0.01518	0.01581	0.00886	0.01012	0.01518	0.02088	0.02783	0.06010	0.60969	0.07212	0.03416	0.01392	0.00443	0.00633	0.03100	0.01012	0.00886
12	0.04081	0.04956	0.03110	0.02775	0.03372	0.51246	0.02103	0.09621	0.03319	0.03141	0.01790	0.02039	0.01455	0.01144	0.00995	0.00286	0.01880	0.00734	0.00621	0.01330
13	0.02699	0.02591	0.04426	0.06693	0.54879	0.02591	0.03346	0.03346	0.02483	0.03562	0.02051	0.02699	0.01727	0.00972	0.01079	0.00324	0.01295	0.00972	0.00540	0.01727
14	0.02033	0.01016	0.01016	0.01016	0.01270	0.01016	0.00762	0.02541	0.02287	0.04065	0.03557	0.04065	0.02795	0.01270	0.00762	0.00254	0.00508	0.01016	0.67734	0.01016
15	0.02574	0.02941	0.06434	0.04596	0.05699	0.02757	0.50919	0.03493	0.02574	0.03493	0.02206	0.02941	0.01654	0.00919	0.01287	0.00368	0.01838	0.01287	0.00551	0.01471
16	0.02542	0.10651	0.37164	0.03151	0.04530	0.02843	0.11018	0.08809	0.02654	0.03754	0.02026	0.02383	0.01479	0.01038	0.01048	0.00335	0.01556	0.00879	0.00546	0.01595
17	0.02469	0.05246	0.50456	0.02986	0.04517	0.02435	0.03776	0.03647	0.02387	0.08891	0.02201	0.02449	0.01519	0.01069	0.01042	0.00344	0.01540	0.00836	0.00553	0.01637
18	0.01586	0.01057	0.01189	0.01189	0.01189	0.01057	0.00661	0.01586	0.01586	0.02114	0.03436	0.07135	0.03964	0.61681	0.05550	0.01057	0.01057	0.01586	0.00661	0.00661
19	0.02226	0.05367	0.51019	0.03258	0.04818	0.02555	0.08767	0.03457	0.02329	0.03457	0.01982	0.02367	0.01409	0.01024	0.01061	0.00348	0.01634	0.00854	0.00470	0.01597
20	0.03074	0.12553	0.12503	0.03895	0.21363	0.02925	0.02737	0.12057	0.06875	0.08098	0.02412	0.02656	0.01842	0.01104	0.01018	0.00318	0.01247	0.00915	0.00719	0.01689
21	0.64269	0.02183	0.01733	0.01518	0.02208	0.02519	0.01251	0.06970	0.02112	0.05047	0.01604	0.01838	0.01234	0.01035	0.00707	0.00337	0.00871	0.00621	0.00707	0.01234
22	0.02376	0.34919	0.03852	0.01691	0.02365	0.02978	0.01530	0.03007	0.07075	0.03235	0.15854	0.04518	0.09722	0.01507	0.00948	0.00288	0.00909	0.01177	0.00767	0.01284
23	0.03697	0.02444	0.08765	0.02786	0.10682	0.02018	0.02122	0.08013	0.06960	0.29162	0.08639	0.03795	0.03158	0.01354	0.01107	0.00339	0.01033	0.01136	0.01076	0.01715
24	0.04650	0.01969	0.02937	0.02217	0.03087	0.01723	0.06742	0.05124	0.03064	0.50201	0.04083	0.03631	0.02590	0.01305	0.01116	0.00341	0.01023	0.01116	0.01266	0.01815
25	0.01698	0.08056	0.01939	0.01628	0.02003	0.01464	0.01395	0.02092	0.02467	0.03057	0.07419	0.10387	0.25127	0.02678	0.01328	0.00418	0.00840	0.24043	0.00947	0.01015
26	0.02897	0.02344	0.03834	0.04846	0.32209	0.02325	0.07034	0.03769	0.08216	0.11346	0.03010	0.08053	0.02518	0.01291	0.01131	0.00345	0.01184	0.01232	0.00766	0.01650
27	0.03850	0.02039	0.03105	0.13921	0.15602	0.01985	0.02273	0.04382	0.02795	0.33644	0.03336	0.03326	0.02239	0.01214	0.01091	0.00339	0.01112	0.01044	0.00999	0.01703
28	0.02455	0.06514	0.06251	0.01774	0.02303	0.07335	0.01516	0.02976	0.02968	0.11616	0.33506	0.05925	0.06900	0.01797	0.01164	0.00328	0.00859	0.01518	0.01046	0.01248
29	0.08079	0.03111	0.18082	0.03115	0.12609	0.02222	0.02590	0.07498	0.02692	0.18274	0.02746	0.02957	0.01972	0.01875	0.06907	0.00484	0.01412	0.00952	0.00800	0.01621
30	0.03431	0.03293	0.20335	0.03400	0.13045	0.02178	0.06949	0.04206	0.02696	0.25045	0.02964	0.03011	0.02012	0.01144	0.01090	0.00340	0.01291	0.00997	0.00850	0.01721
31	0.12139	0.02182	0.06666	0.30812	0.05055	0.02251	0.02370	0.07087	0.02422	0.03533	0.03036	0.09276	0.05955	0.01460	0.01070	0.00363	0.01200	0.01222	0.00660	0.01240
32	0.02216	0.08595	0.38100	0.02968	0.07771	0.02407	0.03264	0.03222	0.02387	0.03504	0.07386	0.02898	0.02357	0.01127	0.01021	0.00319	0.01369	0.00909	0.00561	0.07619
33	0.07839	0.12119	0.18466	0.03243	0.14311	0.02634	0.02653	0.07699	0.02600	0.08200	0.02550	0.08343	0.02188	0.01297	0.01014	0.00331	0.01224	0.01064	0.00684	0.01542
34	0.02674	0.03218	0.19267	0.08994	0.09561	0.02418	0.08320	0.03439	0.02390	0.11211	0.02603	0.03566	0.02085	0.01367	0.01493	0.00379	0.09866	0.04992	0.00666	0.01491
35	0.03023	0.07471	0.16465	0.02719	0.07120	0.06157	0.02452	0.08370	0.02772	0.12250	0.06290	0.02982	0.02378	0.01270	0.01291	0.00325	0.07322	0.00950	0.00758	0.07633

[dist]
# distance from previous block
# <min> <max>
4	135

[block]
# block no. 3 follows, 12 sequences, length 52
# corresponding to MSA columns:
# 1622-1657,1661,1671-1685
name=unknown_D
#
# <colnr> <probs for GDERKNQSTAVLIFYWHMCP>
#	G	D	E	R	K	N	Q	S	T	A	V	L	I	F	Y	W	H	M	C	P
0	0.03186	0.18710	0.17352	0.02251	0.03317	0.02738	0.02313	0.07199	0.06346	0.15695	0.02612	0.02632	0.01891	0.01109	0.00948	0.00296	0.01170	0.00842	0.00779	0.08615
1	0.03100	0.03113	0.18419	0.07544	0.11794	0.02206	0.02683	0.08683	0.02814	0.17697	0.03077	0.08752	0.02433	0.01383	0.01105	0.00349	0.01224	0.01173	0.00835	0.01615
2	0.02626	0.01992	0.03116	0.29635	0.15357	0.02205	0.02533	0.03374	0.05791	0.11244	0.02657	0.03512	0.02094	0.07468	0.01557	0.00424	0.01258	0.01072	0.00692	0.01394
3	0.01951	0.02032	0.06617	0.34660	0.05527	0.02059	0.06504	0.02647	0.02400	0.03216	0.13016	0.08201	0.03702	0.01477	0.01165	0.00364	0.01243	0.01346	0.00674	0.01199
4	0.03302	0.09042	0.12553	0.09275	0.18765	0.02414	0.02693	0.03956	0.02607	0.20748	0.02719	0.02891	0.01931	0.01117	0.01039	0.00327	0.01229	0.00944	0.00783	0.01664
5	0.02057	0.03684	0.29117	0.02755	0.03864	0.02055	0.09682	0.02943	0.02346	0.03346	0.03432	0.09754	0.06691	0.01530	0.01141	0.00353	0.01328	0.04895	0.00636	0.08391
6	0.02701	0.08214	0.03340	0.17949	0.09527	0.06534	0.06080	0.03201	0.02446	0.11143	0.03136	0.15060	0.02897	0.01581	0.01122	0.00353	0.01224	0.01404	0.00746	0.01341
7	0.03165	0.02526	0.10639	0.12387	0.07634	0.02155	0.06313	0.03777	0.02532	0.22092	0.03086	0.07501	0.02368	0.01415	0.01374	0.00367	0.07116	0.01180	0.00843	0.01531
8	0.03223	0.06591	0.11337	0.15251	0.08762	0.02149	0.02428	0.03842	0.02582	0.23195	0.03149	0.07602	0.02395	0.01343	0.01080	0.00344	0.01178	0.01134	0.00858	0.01554
9	0.10499	0.11359	0.15073	0.02144	0.03158	0.02286	0.02150	0.04386	0.02678	0.31074	0.03090	0.02915	0.02061	0.01185	0.00984	0.00324	0.01109	0.00906	0.00953	0.01667
10	0.02346	0.16999	0.29810	0.03173	0.09142	0.02782	0.07428	0.03210	0.02304	0.03206	0.02301	0.08196	0.02033	0.01236	0.01025	0.00331	0.01404	0.01049	0.00534	0.01491
11	0.02566	0.02395	0.11025	0.27601	0.05053	0.02024	0.02525	0.03237	0.02378	0.13093	0.02819	0.08972	0.02299	0.01346	0.01086	0.00344	0.01226	0.01158	0.00718	0.08134
12	0.01848	0.03477	0.30311	0.02434	0.03345	0.01813	0.02722	0.02655	0.02266	0.03211	0.03829	0.22471	0.03984	0.02095	0.01221	0.00400	0.01207	0.08702	0.00719	0.01288
13	0.01586	0.01250	0.01743	0.12203	0.02775	0.01318	0.01439	0.02119	0.05908	0.03074	0.10023	0.40739	0.06174	0.02724	0.01305	0.00413	0.00789	0.02455	0.00941	0.01022
14	0.02480	0.02971	0.10433	0.04844	0.20621	0.02549	0.27702	0.03303	0.02511	0.03470	0.02776	0.03351	0.05495	0.01081	0.01197	0.00352	0.01552	0.01214	0.00572	0.01525
15	0.04833	0.01950	0.02589	0.01985	0.02831	0.01743	0.01640	0.08936	0.03279	0.51788	0.04169	0.03625	0.02632	0.01346	0.01096	0.00337	0.00949	0.01087	0.01329	0.01855
16	0.02059	0.01938	0.03270	0.59060	0.07510	0.02422	0.03028	0.02786	0.02180	0.02786	0.01938	0.02907	0.01453	0.01090	0.01090	0.00363	0.01453	0.00969	0.00484	0.01211
17	0.02182	0.02063	0.03492	0.49026	0.16586	0.02455	0.03089	0.02893	0.02238	0.02935	0.01960	0.02867	0.01506	0.01067	0.01088	0.00356	0.01423	0.00969	0.00495	0.01310
18	0.02059	0.01938	0.03270	0.59060	0.07510	0.02422	0.03028	0.02786	0.02180	0.02786	0.01938	0.02907	0.01453	0.01090	0.01090	0.00363	0.01453	0.00969	0.00484	0.01211
19	0.02073	0.01316	0.01835	0.02001	0.02312	0.01290	0.01741	0.02567	0.02572	0.08545	0.05625	0.11433	0.05914	0.02844	0.01465	0.00485	0.00996	0.42856	0.01039	0.01090
20	0.01328	0.00949	0.01265	0.01518	0.01581	0.00886	0.01012	0.01518	0.02088	0.02783	0.06010	0.60969	0.07212	0.03416	0.01392	0.00443	0.00633	0.03100	0.01012	0.00886
21	0.69383	0.02109	0.01603	0.01434	0.02109	0.02446	0.01181	0.03205	0.01856	0.04892	0.01518	0.01771	0.01181	0.01012	0.00675	0.00337	0.00843	0.00590	0.00675	0.01181
22	0.04073	0.05197	0.03090	0.02809	0.03371	0.57303	0.02107	0.04354	0.03090	0.02669	0.01685	0.01966	0.01404	0.01124	0.00983	0.00281	0.01966	0.00702	0.00562	0.01264
23	0.01338	0.01120	0.01173	0.01199	0.01555	0.00955	0.00926	0.01637	0.02488	0.02979	0.10494	0.10682	0.49402	0.02788	0.01311	0.00382	0.00600	0.07031	0.01012	0.00929
24	0.02160	0.02219	0.04274	0.24112	0.05573	0.02291	0.23612	0.02906	0.02465	0.03255	0.07717	0.04163	0.07697	0.01287	0.01214	0.00364	0.01446	0.01334	0.00632	0.01279
25	0.01586	0.01057	0.01189	0.01189	0.01189	0.01057	0.00661	0.01586	0.01586	0.02114	0.03436	0.07135	0.03964	0.61681	0.05550	0.01057	0.01057	0.01586	0.00661	0.00661
26	0.01337	0.01106	0.01172	0.01156	0.01503	0.00941	0.00867	0.01659	0.02600	0.03219	0.19335	0.10043	0.45977	0.02659	0.01288	0.00363	0.00545	0.02238	0.01048	0.00941
27	0.69383	0.02109	0.01603	0.01434	0.02109	0.02446	0.01181	0.03205	0.01856	0.04892	0.01518	0.01771	0.01181	0.01012	0.00675	0.00337	0.00843	0.00590	0.00675	0.01181
28	0.02387	0.03811	0.24073	0.03641	0.04676	0.02810	0.22262	0.03276	0.02263	0.03276	0.01933	0.02575	0.01501	0.01193	0.01727	0.00385	0.15222	0.01031	0.00500	0.01458
29	0.01328	0.00949	0.01265	0.01518	0.01581	0.00886	0.01012	0.01518	0.02088	0.02783	0.06010	0.60969	0.07212	0.03416	0.01392	0.00443	0.00633	0.03100	0.01012	0.00886
30	0.01573	0.01106	0.01436	0.01436	0.01521	0.01191	0.00968	0.01744	0.01659	0.02297	0.03210	0.05886	0.03421	0.38235	0.28254	0.01362	0.01874	0.01403	0.00627	0.00798
31	0.02582	0.02381	0.03993	0.10135	0.45827	0.02419	0.03061	0.03222	0.02440	0.03553	0.02195	0.02853	0.01814	0.01011	0.01048	0.00320	0.01228	0.00976	0.07327	0.01616
32	0.02311	0.02056	0.03495	0.09993	0.27168	0.02122	0.07349	0.02925	0.02298	0.03368	0.02448	0.03245	0.02040	0.02331	0.11252	0.00580	0.01538	0.01046	0.11034	0.01402
33	0.31494	0.02681	0.07081	0.02615	0.08249	0.02605	0.05490	0.13895	0.02848	0.10274	0.02187	0.02379	0.01591	0.01103	0.00924	0.00337	0.01109	0.00835	0.00796	0.01508
34	0.01604	0.01148	0.01571	0.01758	0.01962	0.01115	0.01423	0.02027	0.02510	0.03351	0.15134	0.24190	0.07288	0.02967	0.01434	0.00456	0.00813	0.27225	0.01044	0.00978
35	0.01328	0.00949	0.01265	0.01518	0.01581	0.00886	0.01012	0.01518	0.02088	0.02783	0.06010	0.60969	0.07212	0.03416	0.01392	0.00443	0.00633	0.03100	0.01012	0.00886
36	0.02712	0.02342	0.02465	0.02219	0.02835	0.02712	0.01726	0.05794	0.52909	0.04561	0.04438	0.04068	0.03328	0.01479	0.01109	0.00370	0.00863	0.01233	0.01109	0.01726
37	0.02405	0.05335	0.51723	0.03014	0.04563	0.02457	0.03833	0.03603	0.02368	0.07655	0.02146	0.02415	0.01487	0.01061	0.01041	0.00345	0.01556	0.00829	0.00532	0.01631
38	0.02402	0.02356	0.03417	0.39025	0.16335	0.06692	0.02904	0.03292	0.06904	0.03094	0.02168	0.02898	0.01675	0.01104	0.01082	0.00350	0.01407	0.00973	0.00558	0.01366
39	0.01337	0.01106	0.01172	0.01156	0.01503	0.00941	0.00867	0.01659	0.02600	0.03219	0.19335	0.10043	0.45977	0.02659	0.01288	0.00363	0.00545	0.02238	0.01048	0.00941
40	0.01684	0.01232	0.01655	0.01867	0.02136	0.01203	0.01612	0.02151	0.02506	0.03213	0.06596	0.12017	0.13794	0.02973	0.01472	0.00481	0.00933	0.40477	0.01005	0.00991
41	0.02385	0.02385	0.03340	0.02863	0.02863	0.03340	0.02385	0.02624	0.01670	0.02624	0.01431	0.02385	0.01431	0.01908	0.03578	0.00477	0.59685	0.00954	0.00477	0.01193
42	0.03396	0.02865	0.02811	0.02348	0.03045	0.08593	0.01868	0.25143	0.23459	0.05355	0.06830	0.03502	0.02971	0.01420	0.01100	0.00340	0.01100	0.01120	0.01050	0.01685
43	0.02033	0.01016	0.01016	0.01016	0.01270	0.01016	0.00762	0.02541	0.02287	0.04065	0.03557	0.04065	0.02795	0.01270	0.00762	0.00254	0.00508	0.01016	0.67734	0.01016
44	0.01315	0.01106	0.01141	0.01132	0.01489	0.00932	0.00849	0.01616	0.02548	0.03095	0.15568	0.10248	0.49821	0.02706	0.01288	0.00366	0.00548	0.02267	0.01032	0.00932
45	0.02143	0.02060	0.03909	0.03365	0.08299	0.01968	0.22856	0.02790	0.02532	0.03446	0.11240	0.06229	0.04266	0.07721	0.01746	0.00459	0.01319	0.11649	0.00763	0.01240
46	0.02724	0.02683	0.04786	0.09137	0.23562	0.02717	0.20630	0.07570	0.07798	0.03852	0.02387	0.02936	0.01851	0.01040	0.01161	0.00348	0.01457	0.01115	0.00643	0.01603
47	0.01328	0.00949	0.01265	0.01518	0.01581	0.00886	0.01012	0.01518	0.02088	0.02783	0.06010	0.60969	0.07212	0.03416	0.01392	0.00443	0.00633	0.03100	0.01012	0.00886
48	0.01364	0.00974	0.01306	0.01559	0.01638	0.00916	0.01074	0.01580	0.02123	0.02823	0.05990	0.56939	0.07134	0.03383	0.01401	0.00448	0.00663	0.06780	0.01011	0.00895
49	0.23538	0.09096	0.08277	0.02854	0.07403	0.11032	0.11127	0.03346	0.02324	0.03656	0.02099	0.06680	0.01850	0.01187	0.00959	0.00332	0.01324	0.00979	0.00609	0.01329
50	0.02621	0.24504	0.35332	0.02607	0.03936	0.03069	0.03130	0.03519	0.02330	0.06786	0.01971	0.02214	0.01479	0.01023	0.00927	0.00307	0.01414	0.00751	0.00524	0.01557
51	0.16939	0.13192	0.06759	0.02248	0.06769	0.02600	0.01799	0.03691	0.15347	0.04073	0.12445	0.03690	0.03574	0.01349	0.00967	0.00327	0.00937	0.01065	0.00823	0.01407

[dist]
# distance from previous block
# <min> <max>
0	19

[block]
# block no. 4 follows, 12 sequences, length 25
# corresponding to MSA columns:
# 1705-1711,1720-1737
name=unknown_E
#
# <colnr> <probs for GDERKNQSTAVLIFYWHMCP>
#	G	D	E	R	K	N	Q	S	T	A	V	L	I	F	Y	W	H	M	C	P
0	0.02662	0.03374	0.18048	0.04381	0.23518	0.02567	0.07616	0.11040	0.02839	0.03996	0.02488	0.07835	0.02140	0.01259	0.01117	0.00345	0.01357	0.01149	0.00652	0.01617
1	0.03399	0.03900	0.07576	0.02743	0.03466	0.25769	0.06245	0.13269	0.10046	0.03884	0.02652	0.07213	0.02237	0.01367	0.01084	0.00328	0.01521	0.01078	0.00765	0.01457
2	0.02151	0.01844	0.02131	0.01557	0.02459	0.01393	0.01240	0.02612	0.02286	0.03484	0.02965	0.03189	0.07569	0.01028	0.00862	0.00185	0.00779	0.00833	0.00687	0.60746
3	0.02717	0.16095	0.04148	0.23188	0.19710	0.06687	0.02731	0.06443	0.02538	0.03231	0.01904	0.02501	0.01545	0.01037	0.00991	0.00314	0.01360	0.00865	0.00543	0.01451
4	0.02442	0.03175	0.21653	0.02183	0.03284	0.01807	0.02291	0.03175	0.02356	0.09314	0.02597	0.07997	0.02182	0.01198	0.00978	0.00274	0.01095	0.00987	0.00693	0.30318
5	0.02328	0.16637	0.46271	0.02867	0.04347	0.02878	0.03609	0.03417	0.02285	0.03281	0.01871	0.02195	0.01385	0.01016	0.00971	0.00324	0.01525	0.00763	0.00462	0.01570
6	0.02915	0.62337	0.05714	0.01866	0.02799	0.04314	0.01866	0.03265	0.02215	0.02565	0.01516	0.01749	0.01399	0.00933	0.00700	0.00233	0.01166	0.00583	0.00466	0.01399
7	0.01474	0.01097	0.01371	0.01334	0.01594	0.00994	0.00988	0.01911	0.02875	0.03945	0.41341	0.13601	0.18560	0.02445	0.01297	0.00357	0.00533	0.02143	0.01146	0.00994
8	0.02187	0.05640	0.56031	0.03108	0.04719	0.02532	0.04029	0.03453	0.02302	0.03453	0.01957	0.02302	0.01381	0.01036	0.01036	0.00345	0.01611	0.00806	0.00460	0.01611
9	0.03067	0.01320	0.01564	0.01350	0.01818	0.01228	0.01066	0.03544	0.02588	0.22725	0.03826	0.03937	0.02760	0.01299	0.00883	0.00284	0.00660	0.01045	0.43714	0.01320
10	0.01365	0.00975	0.01307	0.01560	0.01639	0.00917	0.01075	0.01581	0.02123	0.02824	0.05990	0.56857	0.07132	0.03382	0.01401	0.00448	0.00664	0.06855	0.01011	0.00896
11	0.02305	0.01344	0.01416	0.01288	0.01639	0.01385	0.00996	0.10050	0.02818	0.04536	0.09131	0.04300	0.03493	0.01384	0.00872	0.00275	0.00616	0.01119	0.49884	0.01148
12	0.02699	0.02591	0.04426	0.06693	0.54879	0.02591	0.03346	0.03346	0.02483	0.03562	0.02051	0.02699	0.01727	0.00972	0.01079	0.00324	0.01295	0.00972	0.00540	0.01727
13	0.01328	0.00949	0.01265	0.01518	0.01581	0.00886	0.01012	0.01518	0.02088	0.02783	0.06010	0.60969	0.07212	0.03416	0.01392	0.00443	0.00633	0.03100	0.01012	0.00886
14	0.01424	0.01017	0.01375	0.01627	0.01732	0.00968	0.01178	0.01683	0.02182	0.02890	0.05957	0.50125	0.07003	0.03326	0.01417	0.00456	0.00715	0.13001	0.01010	0.00912
15	0.03016	0.02189	0.02446	0.02056	0.02673	0.02371	0.01634	0.18652	0.20747	0.09443	0.17306	0.04693	0.04701	0.01618	0.01150	0.00347	0.00877	0.01344	0.01148	0.01588
16	0.02712	0.02342	0.02465	0.02219	0.02835	0.02712	0.01726	0.05794	0.52909	0.04561	0.04438	0.04068	0.03328	0.01479	0.01109	0.00370	0.00863	0.01233	0.01109	0.01726
17	0.01412	0.01079	0.01296	0.01306	0.01565	0.00963	0.00955	0.01780	0.02682	0.03564	0.29769	0.19214	0.25171	0.02646	0.01307	0.00371	0.00551	0.02306	0.01098	0.00963
18	0.69383	0.02109	0.01603	0.01434	0.02109	0.02446	0.01181	0.03205	0.01856	0.04892	0.01518	0.01771	0.01181	0.01012	0.00675	0.00337	0.00843	0.00590	0.00675	0.01181
19	0.22793	0.02504	0.03148	0.07793	0.13441	0.06362	0.06672	0.06972	0.02630	0.14236	0.02353	0.02607	0.01713	0.01096	0.00979	0.00335	0.01197	0.00895	0.00773	0.01500
20	0.02182	0.02183	0.04176	0.03476	0.08015	0.02024	0.25480	0.02821	0.02409	0.03316	0.03371	0.17518	0.03370	0.01683	0.01259	0.00370	0.01321	0.05466	0.00709	0.08850
21	0.01344	0.00992	0.01259	0.01434	0.01568	0.00906	0.00983	0.01582	0.02258	0.02976	0.11875	0.47097	0.15363	0.03184	0.01364	0.00420	0.00607	0.02850	0.01032	0.00906
22	0.02631	0.40950	0.18537	0.02106	0.03147	0.03499	0.02323	0.03239	0.02246	0.02956	0.01845	0.02137	0.01540	0.00995	0.00795	0.00265	0.01215	0.00687	0.07471	0.01415
23	0.02950	0.02661	0.07886	0.12633	0.03941	0.02866	0.02447	0.12456	0.06737	0.09659	0.02357	0.02799	0.01805	0.01474	0.01962	0.00392	0.21771	0.00987	0.00742	0.01476
24	0.09373	0.03135	0.09024	0.02768	0.03709	0.08661	0.13016	0.11212	0.06948	0.07308	0.02382	0.02627	0.01775	0.01077	0.01033	0.00310	0.01331	0.00935	0.00748	0.12629

[dist]
# distance from previous block
# <min> <max>
2	25

[block]
# block no. 5 follows, 12 sequences, length 17
# corresponding to MSA columns:
# 1763-1779
name=unknown_F
#
# <colnr> <probs for GDERKNQSTAVLIFYWHMCP>
#	G	D	E	R	K	N	Q	S	T	A	V	L	I	F	Y	W	H	M	C	P
0	0.08430	0.02809	0.09033	0.10012	0.37166	0.02574	0.07609	0.03311	0.02395	0.03598	0.02001	0.02620	0.01618	0.00986	0.01060	0.00334	0.01348	0.00952	0.00541	0.01602
1	0.03314	0.16878	0.08801	0.07446	0.04071	0.12775	0.11955	0.07227	0.02796	0.11302	0.02262	0.02531	0.01686	0.01077	0.01017	0.00312	0.01472	0.00903	0.00682	0.01494
2	0.01929	0.01690	0.02388	0.12744	0.03236	0.01924	0.01813	0.02342	0.02071	0.02977	0.06918	0.13021	0.03355	0.02794	0.10296	0.00577	0.14660	0.01376	0.00674	0.13215
3	0.01636	0.01169	0.01618	0.01870	0.02068	0.01151	0.01547	0.02050	0.02391	0.03128	0.05840	0.26048	0.06540	0.03126	0.01474	0.00485	0.00899	0.34986	0.01006	0.00971
4	0.02964	0.36116	0.14147	0.02747	0.08584	0.13025	0.02447	0.03496	0.02410	0.02845	0.01679	0.01983	0.01431	0.00988	0.00848	0.00271	0.01398	0.00684	0.00489	0.01447
5	0.03383	0.01517	0.02054	0.01754	0.02313	0.01349	0.01405	0.03812	0.02954	0.32335	0.17696	0.11476	0.05453	0.01933	0.01211	0.00364	0.00796	0.05482	0.01246	0.01467
6	0.01558	0.01168	0.01752	0.01752	0.01947	0.01363	0.01363	0.01947	0.01752	0.02531	0.02921	0.04283	0.02726	0.08178	0.57360	0.01752	0.02921	0.01168	0.00584	0.00974
7	0.01586	0.01057	0.01189	0.01189	0.01189	0.01057	0.00661	0.01586	0.01586	0.02114	0.03436	0.07135	0.03964	0.61681	0.05550	0.01057	0.01057	0.01586	0.00661	0.00661
8	0.02542	0.02810	0.09613	0.21317	0.13807	0.02653	0.15201	0.07561	0.06729	0.03660	0.02289	0.02889	0.01730	0.01072	0.01135	0.00354	0.01472	0.01056	0.00611	0.01501
9	0.02262	0.02046	0.03271	0.53572	0.07109	0.02516	0.02935	0.07489	0.02466	0.03182	0.02004	0.02879	0.01492	0.01111	0.01090	0.00360	0.01429	0.00970	0.00543	0.01274
10	0.01438	0.01115	0.01331	0.01432	0.01705	0.01009	0.01114	0.01779	0.02479	0.03135	0.13017	0.19768	0.29593	0.02890	0.01361	0.00413	0.00676	0.13772	0.01029	0.00946
11	0.13902	0.13752	0.16285	0.08098	0.09059	0.02763	0.05972	0.03383	0.06384	0.03544	0.02276	0.05925	0.01922	0.01183	0.00969	0.00333	0.01249	0.00969	0.00602	0.01430
12	0.11439	0.08047	0.03333	0.22704	0.04672	0.07978	0.06165	0.07450	0.07250	0.03697	0.05319	0.02963	0.02170	0.01178	0.01019	0.00336	0.01294	0.00970	0.00674	0.01342
13	0.01328	0.00949	0.01265	0.01518	0.01581	0.00886	0.01012	0.01518	0.02088	0.02783	0.06010	0.60969	0.07212	0.03416	0.01392	0.00443	0.00633	0.03100	0.01012	0.00886
14	0.03445	0.02283	0.02797	0.12434	0.03740	0.02481	0.01985	0.19192	0.13285	0.16527	0.07481	0.03655	0.02954	0.01387	0.01112	0.00346	0.01062	0.01136	0.01053	0.01646
15	0.02562	0.03206	0.18383	0.12139	0.21757	0.02368	0.07221	0.03387	0.02496	0.07976	0.05951	0.03115	0.02282	0.01124	0.01103	0.00342	0.01364	0.01034	0.00628	0.01561
16	0.09747	0.03709	0.02986	0.02520	0.03165	0.25927	0.01993	0.18769	0.03495	0.09055	0.02180	0.02349	0.01647	0.01260	0.01224	0.00322	0.06524	0.00837	0.00802	0.01489

[dist]
# distance from previous block
# <min> <max>
0	1

[block]
# block no. 6 follows, 12 sequences, length 41
# corresponding to MSA columns:
# 1781-1821
name=unknown_G
#
# <colnr> <probs for GDERKNQSTAVLIFYWHMCP>
#	G	D	E	R	K	N	Q	S	T	A	V	L	I	F	Y	W	H	M	C	P
0	0.03347	0.06380	0.06931	0.02852	0.11728	0.02280	0.02086	0.13079	0.03074	0.17649	0.03047	0.08026	0.02436	0.01335	0.01047	0.00311	0.01065	0.01113	0.00907	0.11308
1	0.03786	0.03110	0.10040	0.02732	0.07082	0.09865	0.02253	0.10655	0.07592	0.22868	0.03054	0.03005	0.02131	0.01294	0.01246	0.00341	0.05344	0.00982	0.00946	0.01674
2	0.01354	0.00991	0.01280	0.01500	0.01616	0.00917	0.01042	0.01578	0.02170	0.02839	0.06652	0.50834	0.13326	0.03301	0.01386	0.00437	0.00649	0.06215	0.01012	0.00899
3	0.03207	0.33192	0.13155	0.02285	0.03309	0.03710	0.02290	0.19352	0.03204	0.04152	0.01957	0.02131	0.01549	0.01076	0.00886	0.00283	0.01250	0.00753	0.00674	0.01586
4	0.04145	0.03054	0.03272	0.02509	0.03381	0.03381	0.02072	0.51243	0.05127	0.06872	0.02618	0.02618	0.01854	0.01309	0.01091	0.00327	0.01200	0.00982	0.01091	0.01854
5	0.02059	0.01938	0.03270	0.59060	0.07510	0.02422	0.03028	0.02786	0.02180	0.02786	0.01938	0.02907	0.01453	0.01090	0.01090	0.00363	0.01453	0.00969	0.00484	0.01211
6	0.02027	0.01946	0.02618	0.02325	0.02415	0.02537	0.01890	0.02269	0.01898	0.02713	0.04084	0.10306	0.14034	0.02258	0.02833	0.00449	0.40162	0.01482	0.00654	0.01099
7	0.02294	0.02177	0.03694	0.39864	0.24874	0.02484	0.03145	0.02991	0.02291	0.03070	0.01979	0.02831	0.01554	0.01047	0.01086	0.00349	0.01396	0.00970	0.00505	0.01400
8	0.01586	0.01057	0.01189	0.01189	0.01189	0.01057	0.00661	0.01586	0.01586	0.02114	0.03436	0.07135	0.03964	0.61681	0.05550	0.01057	0.01057	0.01586	0.00661	0.00661
9	0.02185	0.01337	0.01863	0.01999	0.02331	0.01303	0.01736	0.02676	0.02593	0.10418	0.05572	0.11126	0.05787	0.02785	0.01450	0.00480	0.00994	0.41195	0.01051	0.01120
10	0.01450	0.01006	0.01242	0.01372	0.01534	0.00931	0.00957	0.01747	0.02332	0.03234	0.14303	0.37954	0.13590	0.02851	0.01278	0.00392	0.00586	0.02533	0.09778	0.00931
11	0.02358	0.02557	0.05405	0.04003	0.04909	0.02405	0.40568	0.03157	0.02516	0.03394	0.02976	0.10012	0.02718	0.01399	0.01321	0.00390	0.01625	0.06281	0.00647	0.01361
12	0.02915	0.62337	0.05714	0.01866	0.02799	0.04314	0.01866	0.03265	0.02215	0.02565	0.01516	0.01749	0.01399	0.00933	0.00700	0.00233	0.01166	0.00583	0.00466	0.01399
13	0.01511	0.01117	0.01424	0.01441	0.01696	0.01031	0.01106	0.01949	0.02790	0.03791	0.34350	0.14741	0.16816	0.02566	0.01332	0.00382	0.00609	0.09238	0.01118	0.00992
14	0.01538	0.01273	0.01849	0.01752	0.02076	0.01164	0.06243	0.01924	0.02477	0.03222	0.14685	0.24104	0.21863	0.02710	0.01348	0.00404	0.00765	0.08614	0.00993	0.00996
15	0.02526	0.32007	0.32631	0.02530	0.03826	0.03361	0.03023	0.03366	0.02262	0.03040	0.01752	0.02045	0.01390	0.00988	0.00880	0.00293	0.01404	0.00702	0.00463	0.01513
16	0.01771	0.01525	0.02527	0.02306	0.02663	0.01480	0.11635	0.02383	0.05953	0.03153	0.05055	0.35377	0.05589	0.02676	0.01371	0.00433	0.00973	0.11117	0.00921	0.01091
17	0.02059	0.01938	0.03270	0.59060	0.07510	0.02422	0.03028	0.02786	0.02180	0.02786	0.01938	0.02907	0.01453	0.01090	0.01090	0.00363	0.01453	0.00969	0.00484	0.01211
18	0.03535	0.07659	0.03664	0.17283	0.04514	0.02518	0.08768	0.12001	0.03060	0.21758	0.02866	0.03036	0.01973	0.01179	0.01084	0.00337	0.01256	0.01024	0.00893	0.01594
19	0.03210	0.03013	0.03394	0.14615	0.18114	0.16751	0.02553	0.03865	0.05688	0.10284	0.02341	0.02747	0.01799	0.01186	0.01246	0.00336	0.05763	0.00933	0.00676	0.01484
20	0.31976	0.02504	0.02967	0.09601	0.22932	0.06575	0.02271	0.03300	0.02221	0.03997	0.01778	0.02259	0.01435	0.01013	0.00896	0.00331	0.01164	0.00784	0.00595	0.01399
21	0.01894	0.00947	0.01420	0.01420	0.01420	0.00947	0.00947	0.01420	0.01420	0.01894	0.01894	0.03314	0.01894	0.03788	0.04261	0.68277	0.00947	0.00947	0.00473	0.00473
22	0.02255	0.01764	0.02894	0.23412	0.08027	0.01868	0.06471	0.02884	0.02667	0.08974	0.21411	0.04899	0.04859	0.01511	0.01179	0.00351	0.01078	0.01379	0.00847	0.01271
23	0.02591	0.03211	0.20280	0.02308	0.03292	0.02131	0.02339	0.09925	0.07964	0.07828	0.03106	0.11756	0.02699	0.01468	0.01066	0.00324	0.01118	0.01222	0.00802	0.14569
24	0.02059	0.01938	0.03270	0.59060	0.07510	0.02422	0.03028	0.02786	0.02180	0.02786	0.01938	0.02907	0.01453	0.01090	0.01090	0.00363	0.01453	0.00969	0.00484	0.01211
25	0.02173	0.02097	0.03676	0.48665	0.12325	0.02470	0.07363	0.02908	0.02247	0.02931	0.01974	0.02888	0.01500	0.01062	0.01107	0.00360	0.01471	0.00998	0.00496	0.01289
26	0.02799	0.02860	0.09716	0.05982	0.45949	0.02515	0.03296	0.03496	0.02509	0.07207	0.02199	0.02728	0.01759	0.01005	0.01076	0.00327	0.01303	0.00963	0.00588	0.01724
27	0.02951	0.02051	0.06740	0.02314	0.03035	0.01669	0.11023	0.03566	0.02943	0.21950	0.23134	0.05182	0.05348	0.01585	0.01202	0.00346	0.00992	0.01452	0.01074	0.01443
28	0.02047	0.04934	0.47483	0.02796	0.04214	0.02281	0.03530	0.03159	0.02331	0.03374	0.03371	0.03577	0.09639	0.01304	0.01075	0.00349	0.01447	0.01038	0.00546	0.01504
29	0.69383	0.02109	0.01603	0.01434	0.02109	0.02446	0.01181	0.03205	0.01856	0.04892	0.01518	0.01771	0.01181	0.01012	0.00675	0.00337	0.00843	0.00590	0.00675	0.01181
30	0.02670	0.01925	0.02303	0.01666	0.02615	0.01477	0.01340	0.03145	0.02395	0.11659	0.02306	0.02487	0.01784	0.00892	0.00852	0.00189	0.00826	0.00716	0.00755	0.57998
31	0.02428	0.02213	0.03645	0.05349	0.41058	0.02213	0.02763	0.02959	0.02346	0.03306	0.02653	0.04386	0.02548	0.10632	0.01819	0.00456	0.01228	0.05904	0.00607	0.01486
32	0.02399	0.02220	0.03570	0.12572	0.34643	0.02315	0.02769	0.03242	0.07679	0.03440	0.02902	0.11940	0.02712	0.01422	0.01133	0.00353	0.01168	0.01330	0.00666	0.01526
33	0.01409	0.01234	0.01442	0.10125	0.02412	0.01154	0.01171	0.01755	0.02438	0.02921	0.09628	0.09313	0.46191	0.02501	0.01258	0.00367	0.00693	0.02094	0.00930	0.00966
34	0.02708	0.12355	0.32863	0.02676	0.03927	0.02821	0.03053	0.08198	0.10470	0.06998	0.02486	0.02616	0.01810	0.01135	0.01010	0.00332	0.01356	0.00876	0.00673	0.01637
35	0.02355	0.28400	0.26661	0.02346	0.03435	0.03014	0.02663	0.03074	0.02233	0.02981	0.02405	0.11204	0.02296	0.01364	0.00952	0.00314	0.01275	0.01070	0.00549	0.01411
36	0.01862	0.01397	0.01632	0.01497	0.01858	0.01353	0.01139	0.09534	0.03150	0.04240	0.30446	0.13357	0.19676	0.02342	0.01267	0.00357	0.00643	0.02017	0.01117	0.01115
37	0.02434	0.02417	0.03509	0.03459	0.10958	0.03223	0.02535	0.02736	0.01796	0.02770	0.01528	0.02434	0.01477	0.01763	0.03189	0.00453	0.50598	0.00957	0.00487	0.01276
38	0.02117	0.02032	0.03455	0.34402	0.16129	0.02253	0.07052	0.02774	0.02325	0.03033	0.03403	0.04048	0.09774	0.01311	0.01136	0.00356	0.01315	0.01205	0.00584	0.01295
39	0.02831	0.33526	0.25377	0.02367	0.03560	0.03325	0.02698	0.03552	0.02344	0.08430	0.01980	0.02173	0.01527	0.01017	0.00874	0.00289	0.01318	0.00725	0.00556	0.01531
