[name]
unknown

[dist]
# distance from previous block
# <min> <max>
0	132

[block]
# block no. 0 follows, 13 sequences, length 36
# corresponding to MSA columns:
# 188-223
name=unknown_A
#
# <colnr> <probs for GDERKNQSTAVLIFYWHMCP>
#	G	D	E	R	K	N	Q	S	T	A	V	L	I	F	Y	W	H	M	C	P
0	0.02591	0.09361	0.29583	0.03439	0.09497	0.02779	0.12655	0.10829	0.02709	0.03795	0.02013	0.02389	0.01494	0.01008	0.01035	0.00325	0.01476	0.00894	0.00564	0.01565
1	0.03815	0.01848	0.02360	0.01804	0.02603	0.01610	0.01472	0.08093	0.02986	0.36042	0.08012	0.03566	0.02953	0.01259	0.01014	0.00288	0.00859	0.01028	0.01119	0.17269
2	0.08253	0.01987	0.03036	0.35924	0.05492	0.02225	0.06062	0.03148	0.05732	0.06847	0.02184	0.02779	0.01626	0.01048	0.01004	0.00325	0.01235	0.00918	0.00608	0.09564
3	0.01288	0.00920	0.01227	0.01472	0.01534	0.00859	0.00981	0.01472	0.02024	0.02699	0.05828	0.62152	0.06993	0.03312	0.01350	0.00429	0.00613	0.03006	0.00981	0.00859
4	0.08260	0.42829	0.04466	0.01884	0.02708	0.03685	0.01745	0.07191	0.12031	0.03329	0.02074	0.02177	0.01720	0.01036	0.00778	0.00265	0.01053	0.00711	0.00628	0.01431
5	0.02104	0.02088	0.09119	0.02880	0.15905	0.01603	0.01955	0.02632	0.02448	0.07607	0.11870	0.12794	0.13266	0.01770	0.01126	0.00330	0.00901	0.01553	0.00821	0.07230
6	0.03046	0.21146	0.19395	0.02617	0.03641	0.14067	0.06867	0.07529	0.02655	0.06886	0.01952	0.02188	0.01496	0.01025	0.00931	0.00292	0.01450	0.00774	0.00583	0.01461
7	0.02802	0.02357	0.02487	0.02186	0.02815	0.02710	0.01715	0.11438	0.48237	0.04700	0.04085	0.03771	0.03051	0.01414	0.01074	0.00354	0.00877	0.01165	0.01074	0.01689
8	0.04164	0.01671	0.02268	0.01783	0.02499	0.01455	0.01455	0.04589	0.03020	0.47567	0.13365	0.04366	0.03931	0.01461	0.01096	0.00328	0.00828	0.01215	0.01283	0.01656
9	0.02486	0.08756	0.10697	0.10545	0.15524	0.02473	0.09068	0.06636	0.02471	0.03473	0.01947	0.02430	0.01543	0.00941	0.00973	0.00282	0.01255	0.00853	0.00564	0.17084
10	0.01285	0.00932	0.01214	0.01440	0.01525	0.00861	0.00967	0.01476	0.02055	0.02712	0.06217	0.58005	0.10888	0.03262	0.01342	0.00424	0.00607	0.02944	0.00982	0.00861
11	0.04744	0.01799	0.02454	0.01881	0.02699	0.01554	0.01554	0.05153	0.03026	0.56979	0.04171	0.03599	0.02617	0.01309	0.01063	0.00327	0.00900	0.01063	0.01309	0.01799
12	0.03416	0.06589	0.03418	0.09860	0.07019	0.06095	0.05744	0.11567	0.02855	0.19011	0.02547	0.02773	0.01840	0.01265	0.01433	0.00342	0.10939	0.00956	0.00815	0.01516
13	0.61972	0.09635	0.02047	0.01442	0.02127	0.02596	0.01227	0.03115	0.01842	0.04465	0.01472	0.01715	0.01171	0.00972	0.00657	0.00315	0.00857	0.00572	0.00629	0.01171
14	0.01976	0.01525	0.01960	0.01785	0.01925	0.01842	0.01365	0.05531	0.01936	0.02883	0.02650	0.04259	0.02580	0.19609	0.16710	0.00870	0.17546	0.01151	0.10912	0.00984
15	0.02949	0.41087	0.04743	0.02197	0.03014	0.12318	0.05577	0.03699	0.09810	0.02848	0.01953	0.02138	0.01645	0.01009	0.00821	0.00262	0.01258	0.00725	0.00562	0.01387
16	0.03868	0.01605	0.02173	0.01733	0.02397	0.01404	0.01404	0.04301	0.03017	0.42750	0.18070	0.04759	0.04603	0.01539	0.01113	0.00329	0.00792	0.01292	0.01270	0.01583
17	0.02187	0.01332	0.01670	0.01526	0.01929	0.01250	0.01201	0.02850	0.07338	0.13835	0.29667	0.07494	0.14678	0.02092	0.01219	0.00353	0.00656	0.06399	0.01137	0.01189
18	0.01792	0.01014	0.01077	0.01061	0.01322	0.00976	0.00796	0.02258	0.02388	0.03864	0.14254	0.05462	0.10650	0.01587	0.00899	0.00276	0.00499	0.01315	0.47531	0.00976
19	0.01952	0.01111	0.01383	0.01371	0.01649	0.01014	0.01005	0.02294	0.02441	0.11240	0.15444	0.26512	0.12218	0.02356	0.01170	0.00355	0.00603	0.02062	0.12770	0.01051
20	0.01538	0.01025	0.01153	0.01153	0.01153	0.01025	0.00641	0.01538	0.01538	0.02050	0.03331	0.06919	0.03844	0.62842	0.05382	0.01025	0.01025	0.01538	0.00641	0.00641
21	0.01496	0.01081	0.01413	0.01330	0.01580	0.00998	0.00998	0.01995	0.02993	0.04240	0.55689	0.07898	0.09976	0.02162	0.01247	0.00333	0.00499	0.01912	0.01164	0.00998
22	0.03779	0.13908	0.03382	0.02585	0.03184	0.50339	0.02007	0.04062	0.02868	0.02572	0.01609	0.01875	0.01361	0.01061	0.00912	0.00265	0.01789	0.00663	0.00531	0.01246
23	0.02827	0.63478	0.05540	0.01809	0.02714	0.04184	0.01809	0.03166	0.02148	0.02488	0.01470	0.01696	0.01357	0.00905	0.00678	0.00226	0.01131	0.00565	0.00452	0.01357
24	0.02361	0.33468	0.03767	0.06818	0.02729	0.02908	0.01623	0.05699	0.02199	0.02741	0.02521	0.11361	0.02595	0.09540	0.05114	0.00467	0.01178	0.01132	0.00599	0.01180
25	0.07179	0.01303	0.01597	0.01444	0.01848	0.01222	0.01109	0.02971	0.02593	0.18871	0.17999	0.14818	0.05274	0.01846	0.01067	0.00330	0.00653	0.01578	0.15090	0.01208
26	0.13142	0.20697	0.03504	0.06267	0.03148	0.10093	0.01850	0.15022	0.09715	0.04068	0.02140	0.02297	0.01678	0.01104	0.00876	0.00294	0.01169	0.00780	0.00717	0.01440
27	0.13052	0.01875	0.02378	0.02139	0.06496	0.01798	0.01591	0.04527	0.07874	0.36507	0.07758	0.03646	0.02993	0.01317	0.01022	0.00330	0.00877	0.01068	0.01127	0.01625
28	0.02471	0.18935	0.34915	0.03116	0.10430	0.02931	0.03200	0.06384	0.02405	0.03362	0.01846	0.02170	0.01414	0.00989	0.00934	0.00305	0.01396	0.00760	0.00496	0.01542
29	0.02087	0.01368	0.01705	0.01535	0.01913	0.01339	0.01179	0.02990	0.11570	0.10787	0.40743	0.06707	0.07940	0.01935	0.01196	0.00336	0.00605	0.01688	0.01167	0.01210
30	0.01385	0.01058	0.01272	0.01258	0.01522	0.00944	0.00929	0.01766	0.02672	0.03572	0.33991	0.15388	0.25442	0.02482	0.01261	0.00353	0.00526	0.02158	0.01078	0.00944
31	0.02814	0.26424	0.23235	0.02711	0.06608	0.15568	0.02687	0.03470	0.02382	0.02871	0.01688	0.01986	0.01370	0.00983	0.00876	0.00280	0.01463	0.00689	0.00475	0.01419
32	0.02958	0.01636	0.02388	0.08076	0.10134	0.01556	0.01715	0.03460	0.02838	0.24400	0.23007	0.05002	0.05134	0.01554	0.01129	0.00330	0.00849	0.01353	0.01063	0.01419
33	0.01288	0.00920	0.01227	0.01472	0.01534	0.00859	0.00981	0.01472	0.02024	0.02699	0.05828	0.62152	0.06993	0.03312	0.01350	0.00429	0.00613	0.03006	0.00981	0.00859
34	0.04672	0.01914	0.02525	0.01936	0.02756	0.01724	0.01599	0.09846	0.03218	0.52014	0.04010	0.03494	0.02536	0.01305	0.01063	0.00326	0.00926	0.01052	0.01284	0.01799
35	0.02527	0.18117	0.28310	0.07064	0.10558	0.02819	0.06229	0.03364	0.02292	0.06477	0.01965	0.02318	0.01486	0.00989	0.00956	0.00309	0.01386	0.00808	0.00518	0.01508

[dist]
# distance from previous block
# <min> <max>
0	1

[block]
# block no. 1 follows, 13 sequences, length 44
# corresponding to MSA columns:
# 225-268
name=unknown_B
#
# <colnr> <probs for GDERKNQSTAVLIFYWHMCP>
#	G	D	E	R	K	N	Q	S	T	A	V	L	I	F	Y	W	H	M	C	P
0	0.30490	0.01733	0.02007	0.06658	0.02615	0.01857	0.04965	0.03034	0.02192	0.10300	0.06311	0.07009	0.02659	0.01303	0.00883	0.00325	0.00856	0.01040	0.12575	0.01188
1	0.64992	0.02285	0.01670	0.01497	0.02143	0.06878	0.01217	0.03197	0.01895	0.04571	0.01485	0.01733	0.01162	0.00990	0.00678	0.00323	0.00905	0.00581	0.00646	0.01152
2	0.01878	0.01165	0.01536	0.01395	0.01711	0.01063	0.01063	0.02367	0.02997	0.10442	0.49631	0.07392	0.09111	0.02061	0.01225	0.00332	0.00546	0.01812	0.01181	0.01092
3	0.02375	0.02266	0.03856	0.27432	0.37190	0.02449	0.03125	0.03033	0.02293	0.03161	0.01946	0.02695	0.01572	0.00987	0.01051	0.00329	0.01316	0.00941	0.00503	0.01480
4	0.01555	0.01118	0.01379	0.01483	0.01605	0.01119	0.01033	0.01967	0.06174	0.02783	0.07863	0.28026	0.05677	0.23038	0.02693	0.00627	0.00817	0.09282	0.00884	0.00877
5	0.01337	0.01075	0.01192	0.01162	0.01481	0.00930	0.00872	0.01686	0.02615	0.03344	0.26554	0.09373	0.39670	0.02496	0.01249	0.00348	0.00523	0.02119	0.01046	0.00930
6	0.04041	0.01621	0.02204	0.01798	0.02462	0.01413	0.01438	0.04404	0.02822	0.45937	0.04508	0.15510	0.03507	0.01716	0.01121	0.00348	0.00841	0.01458	0.01242	0.01608
7	0.01502	0.01073	0.01472	0.01717	0.01872	0.01043	0.01353	0.01842	0.02235	0.02938	0.05710	0.36314	0.06526	0.03111	0.01407	0.00459	0.00799	0.26733	0.00977	0.00918
8	0.01997	0.01879	0.03171	0.60301	0.07282	0.02349	0.02936	0.02701	0.02114	0.02701	0.01879	0.02819	0.01409	0.01057	0.01057	0.00352	0.01409	0.00940	0.00470	0.01175
9	0.01971	0.00985	0.00985	0.00985	0.01232	0.00985	0.00739	0.02464	0.02217	0.03942	0.03449	0.03942	0.02710	0.01232	0.00739	0.00246	0.00493	0.00985	0.68712	0.00985
10	0.04744	0.01799	0.02454	0.01881	0.02699	0.01554	0.01554	0.05153	0.03026	0.56979	0.04171	0.03599	0.02617	0.01309	0.01063	0.00327	0.00900	0.01063	0.01309	0.01799
11	0.70310	0.02045	0.01554	0.01390	0.02045	0.02372	0.01145	0.03108	0.01799	0.04744	0.01472	0.01718	0.01145	0.00981	0.00654	0.00327	0.00818	0.00573	0.00654	0.01145
12	0.01528	0.01052	0.01286	0.01277	0.01341	0.01078	0.00811	0.01657	0.01739	0.02384	0.09394	0.06515	0.04340	0.45392	0.14901	0.01070	0.01303	0.01506	0.00688	0.00740
13	0.02827	0.63478	0.05540	0.01809	0.02714	0.04184	0.01809	0.03166	0.02148	0.02488	0.01470	0.01696	0.01357	0.00905	0.00678	0.00226	0.01131	0.00565	0.00452	0.01357
14	0.02452	0.02581	0.03240	0.43562	0.11039	0.13807	0.02783	0.03062	0.02321	0.02749	0.01840	0.02614	0.01425	0.01053	0.01035	0.00333	0.01496	0.00887	0.00490	0.01232
15	0.01479	0.01080	0.01389	0.01311	0.01569	0.00990	0.00984	0.01961	0.02951	0.04140	0.52433	0.08063	0.13294	0.02199	0.01247	0.00334	0.00501	0.01935	0.01151	0.00990
16	0.03052	0.56225	0.05178	0.01818	0.02712	0.03874	0.01779	0.03400	0.02252	0.08895	0.01788	0.01920	0.01505	0.00952	0.00724	0.00238	0.01104	0.00624	0.00553	0.01409
17	0.01417	0.00980	0.01269	0.01383	0.01523	0.00916	0.00966	0.01733	0.02366	0.03323	0.22349	0.38956	0.07626	0.02748	0.01263	0.00381	0.00565	0.02465	0.06856	0.00916
18	0.03510	0.18577	0.13339	0.02481	0.06891	0.02748	0.02236	0.12144	0.02940	0.21169	0.02642	0.02618	0.01861	0.01118	0.00952	0.00300	0.01147	0.00857	0.00837	0.01634
19	0.03789	0.02155	0.06097	0.17437	0.04080	0.01981	0.02107	0.08837	0.02918	0.34632	0.03273	0.03209	0.02143	0.01220	0.01057	0.00333	0.01100	0.01003	0.01010	0.01620
20	0.02938	0.01269	0.01498	0.01298	0.01744	0.01184	0.01023	0.03402	0.02500	0.22449	0.03701	0.03822	0.02678	0.01259	0.00852	0.00275	0.00635	0.01013	0.45192	0.01269
21	0.03291	0.02685	0.10217	0.14922	0.13373	0.05795	0.05553	0.03924	0.02597	0.22966	0.02746	0.02939	0.01901	0.01115	0.01056	0.00329	0.01270	0.00967	0.00794	0.01560
22	0.02587	0.02828	0.14554	0.21725	0.16134	0.02373	0.06440	0.03325	0.02323	0.10508	0.02210	0.02736	0.01630	0.01093	0.01205	0.00344	0.04979	0.00946	0.00596	0.01463
23	0.02379	0.01863	0.02753	0.22142	0.04061	0.02308	0.02161	0.02772	0.02005	0.09940	0.02471	0.07887	0.02240	0.07318	0.02324	0.00456	0.21931	0.01173	0.00638	0.01178
24	0.70310	0.02045	0.01554	0.01390	0.02045	0.02372	0.01145	0.03108	0.01799	0.04744	0.01472	0.01718	0.01145	0.00981	0.00654	0.00327	0.00818	0.00573	0.00654	0.01145
25	0.01294	0.01055	0.01144	0.01160	0.01465	0.00905	0.00856	0.01589	0.02458	0.03060	0.17370	0.15921	0.42704	0.02669	0.01261	0.00362	0.00539	0.02271	0.01011	0.00905
26	0.02995	0.02071	0.02978	0.24135	0.11008	0.02252	0.02313	0.13343	0.02915	0.14994	0.02877	0.08442	0.02296	0.01350	0.01085	0.00342	0.01159	0.01161	0.00820	0.01465
27	0.01496	0.01081	0.01413	0.01330	0.01580	0.00998	0.00998	0.01995	0.02993	0.04240	0.55689	0.07898	0.09976	0.02162	0.01247	0.00333	0.00499	0.01912	0.01164	0.00998
28	0.02658	0.01531	0.02230	0.01924	0.02415	0.01457	0.05446	0.03289	0.06155	0.19950	0.17009	0.10688	0.05192	0.02476	0.06574	0.00489	0.01031	0.07123	0.01058	0.01304
29	0.01997	0.01879	0.03171	0.60301	0.07282	0.02349	0.02936	0.02701	0.02114	0.02701	0.01879	0.02819	0.01409	0.01057	0.01057	0.00352	0.01409	0.00940	0.00470	0.01175
30	0.01496	0.01081	0.01413	0.01330	0.01580	0.00998	0.00998	0.01995	0.02993	0.04240	0.55689	0.07898	0.09976	0.02162	0.01247	0.00333	0.00499	0.01912	0.01164	0.00998
31	0.02192	0.01879	0.02192	0.01566	0.02506	0.01409	0.01253	0.02662	0.02192	0.03445	0.01879	0.02192	0.01566	0.00783	0.00783	0.00157	0.00783	0.00626	0.00626	0.69305
32	0.03723	0.02051	0.02467	0.02047	0.02749	0.02090	0.01668	0.11762	0.18641	0.29049	0.04113	0.04330	0.03008	0.01491	0.01103	0.00350	0.00925	0.05576	0.01172	0.01684
33	0.01510	0.01133	0.01699	0.01699	0.01888	0.01322	0.01322	0.01888	0.01699	0.02454	0.02832	0.04154	0.02643	0.07930	0.58652	0.01699	0.02832	0.01133	0.00566	0.00944
34	0.03665	0.20924	0.03876	0.02248	0.03111	0.03547	0.01950	0.38012	0.04133	0.05424	0.02221	0.02288	0.01667	0.01161	0.00945	0.00290	0.01154	0.00837	0.00878	0.01667
35	0.02192	0.01879	0.02192	0.01566	0.02506	0.01409	0.01253	0.02662	0.02192	0.03445	0.01879	0.02192	0.01566	0.00783	0.00783	0.00157	0.00783	0.00626	0.00626	0.69305
36	0.01980	0.02322	0.14545	0.13791	0.03592	0.01750	0.02170	0.02732	0.05534	0.06731	0.03508	0.20612	0.03427	0.02718	0.09185	0.00558	0.01333	0.01569	0.00728	0.01213
37	0.03888	0.02684	0.02942	0.02309	0.03109	0.02929	0.01890	0.38190	0.12959	0.13322	0.03062	0.02922	0.02152	0.01302	0.01062	0.00326	0.01072	0.01008	0.01096	0.01777
38	0.01675	0.01278	0.01476	0.01353	0.01705	0.01202	0.01035	0.07227	0.02991	0.03994	0.33642	0.08156	0.25802	0.02254	0.01228	0.00340	0.00583	0.01926	0.01086	0.01045
39	0.04325	0.02044	0.02572	0.01960	0.02796	0.01889	0.01615	0.14564	0.03333	0.41039	0.03595	0.03233	0.02339	0.01245	0.01032	0.00307	0.00941	0.00994	0.01185	0.08993
40	0.02400	0.05078	0.51512	0.02893	0.04376	0.02359	0.03656	0.03541	0.02317	0.09063	0.02140	0.02378	0.01476	0.01037	0.01011	0.00334	0.01492	0.00811	0.00538	0.01588
41	0.02204	0.02165	0.03024	0.02637	0.02643	0.02985	0.02171	0.02430	0.01662	0.02561	0.01861	0.08690	0.01985	0.02006	0.03244	0.00459	0.54482	0.01147	0.00518	0.01125
42	0.04472	0.01808	0.02426	0.01848	0.02678	0.01539	0.01522	0.04887	0.02937	0.51274	0.03927	0.03449	0.02505	0.01253	0.01033	0.00309	0.00887	0.01017	0.01236	0.08993
43	0.01958	0.01346	0.01983	0.01739	0.02112	0.01240	0.06535	0.02369	0.02556	0.09667	0.22598	0.11778	0.13279	0.09537	0.01757	0.00444	0.00805	0.06238	0.00992	0.01066

[dist]
# distance from previous block
# <min> <max>
0	6

[block]
# block no. 2 follows, 13 sequences, length 34
# corresponding to MSA columns:
# 275-308
name=unknown_C
#
# <colnr> <probs for GDERKNQSTAVLIFYWHMCP>
#	G	D	E	R	K	N	Q	S	T	A	V	L	I	F	Y	W	H	M	C	P
0	0.04460	0.01983	0.02534	0.01973	0.02773	0.01861	0.01620	0.10919	0.08024	0.46047	0.03987	0.03503	0.02575	0.01316	0.01064	0.00329	0.00926	0.01062	0.01257	0.01788
1	0.01470	0.01092	0.01541	0.07067	0.02251	0.01098	0.01365	0.01788	0.02147	0.02830	0.05397	0.42570	0.06220	0.02993	0.01353	0.00438	0.00788	0.15738	0.00932	0.00920
2	0.02102	0.01302	0.01641	0.01656	0.01999	0.01243	0.01301	0.02680	0.07231	0.12217	0.06254	0.23796	0.14754	0.02576	0.01286	0.00407	0.00764	0.14616	0.01044	0.01131
3	0.01814	0.01120	0.01439	0.01514	0.01670	0.01081	0.01095	0.02028	0.02040	0.07614	0.04661	0.22396	0.05146	0.25723	0.02890	0.00662	0.00892	0.14442	0.00880	0.00893
4	0.09519	0.01934	0.02352	0.01826	0.02604	0.01813	0.01498	0.11393	0.03069	0.36647	0.03452	0.03188	0.02289	0.01222	0.00979	0.00304	0.00890	0.00961	0.06105	0.07953
5	0.01394	0.01042	0.01325	0.01427	0.01620	0.00930	0.00992	0.01650	0.02192	0.02968	0.11909	0.45278	0.11339	0.02881	0.01275	0.00386	0.00608	0.02582	0.00970	0.07233
6	0.03765	0.09242	0.02988	0.02316	0.02926	0.31919	0.01804	0.09868	0.03026	0.12242	0.02316	0.02716	0.01857	0.06864	0.01370	0.00353	0.01493	0.00847	0.00736	0.01350
7	0.01997	0.01879	0.03171	0.60301	0.07282	0.02349	0.02936	0.02701	0.02114	0.02701	0.01879	0.02819	0.01409	0.01057	0.01057	0.00352	0.01409	0.00940	0.00470	0.01175
8	0.02634	0.03170	0.08410	0.07167	0.07229	0.13715	0.08615	0.03101	0.02133	0.02798	0.01646	0.02348	0.01426	0.01397	0.02167	0.00384	0.28989	0.00907	0.00490	0.01274
9	0.01285	0.00934	0.01213	0.01435	0.01524	0.00862	0.00965	0.01476	0.02060	0.02714	0.06277	0.57371	0.11484	0.03254	0.01340	0.00423	0.00606	0.02935	0.00982	0.00862
10	0.02220	0.01968	0.02945	0.07954	0.09493	0.02264	0.06123	0.06217	0.02395	0.03390	0.07883	0.04792	0.06167	0.01723	0.01820	0.00385	0.18165	0.07376	0.05498	0.01223
11	0.08729	0.06894	0.14519	0.02604	0.09371	0.02252	0.02168	0.07656	0.08754	0.07505	0.03540	0.12314	0.06218	0.01553	0.01042	0.00341	0.01043	0.01292	0.00784	0.01421
12	0.08305	0.02306	0.03232	0.02435	0.03293	0.02260	0.10274	0.17521	0.03382	0.31059	0.03217	0.03068	0.02132	0.01207	0.01067	0.00329	0.01115	0.01034	0.01069	0.01694
13	0.02195	0.02178	0.03048	0.10837	0.03499	0.05718	0.08043	0.02855	0.06729	0.02997	0.07183	0.03873	0.07367	0.02056	0.05880	0.00478	0.22041	0.01190	0.00643	0.01190
14	0.02610	0.10929	0.03202	0.02249	0.02868	0.07286	0.10117	0.06256	0.02583	0.09686	0.04205	0.07716	0.11404	0.02394	0.08030	0.00498	0.01355	0.04566	0.00784	0.01261
15	0.02071	0.01955	0.03306	0.53827	0.13173	0.02369	0.02973	0.02767	0.02149	0.02792	0.01892	0.02795	0.01441	0.01043	0.01056	0.00348	0.01391	0.00940	0.00476	0.01235
16	0.01748	0.01337	0.01651	0.01645	0.01940	0.01367	0.01276	0.02728	0.13661	0.03849	0.27896	0.15633	0.07359	0.02319	0.01267	0.00382	0.00679	0.11064	0.01082	0.01117
17	0.02155	0.01812	0.02674	0.23304	0.11917	0.02024	0.02163	0.07112	0.07199	0.03354	0.06277	0.13846	0.03222	0.01759	0.01347	0.05414	0.01076	0.01395	0.00720	0.01229
18	0.02767	0.01965	0.03035	0.02529	0.03142	0.01942	0.12530	0.12312	0.02987	0.12542	0.04072	0.10555	0.03831	0.01946	0.01267	0.00397	0.01144	0.18736	0.00950	0.01350
19	0.70310	0.02045	0.01554	0.01390	0.02045	0.02372	0.01145	0.03108	0.01799	0.04744	0.01472	0.01718	0.01145	0.00981	0.00654	0.00327	0.00818	0.00573	0.00654	0.01145
20	0.03732	0.16360	0.03489	0.02547	0.03161	0.48056	0.01998	0.04017	0.02832	0.02568	0.01602	0.01866	0.01361	0.01054	0.00900	0.00263	0.01756	0.00659	0.00527	0.01251
21	0.01516	0.01110	0.01584	0.01584	0.01734	0.01259	0.01179	0.01814	0.01665	0.02369	0.02937	0.04735	0.02896	0.19471	0.47456	0.01558	0.02452	0.01218	0.00582	0.00880
22	0.03374	0.02537	0.02733	0.02254	0.02974	0.02836	0.01810	0.25904	0.29539	0.08979	0.03533	0.03315	0.02569	0.01355	0.01067	0.00339	0.00982	0.01081	0.01084	0.01736
23	0.01288	0.00920	0.01227	0.01472	0.01534	0.00859	0.00981	0.01472	0.02024	0.02699	0.05828	0.62152	0.06993	0.03312	0.01350	0.00429	0.00613	0.03006	0.00981	0.00859
24	0.03845	0.11577	0.03470	0.02392	0.03200	0.11935	0.01987	0.38448	0.04280	0.05462	0.02253	0.02326	0.01670	0.01192	0.00990	0.00298	0.01274	0.00857	0.00896	0.01649
25	0.70310	0.02045	0.01554	0.01390	0.02045	0.02372	0.01145	0.03108	0.01799	0.04744	0.01472	0.01718	0.01145	0.00981	0.00654	0.00327	0.00818	0.00573	0.00654	0.01145
26	0.01285	0.00933	0.01213	0.01437	0.01524	0.00862	0.00966	0.01476	0.02058	0.02713	0.06259	0.57555	0.11311	0.03256	0.01341	0.00423	0.00607	0.02937	0.00982	0.00862
27	0.01476	0.01080	0.01386	0.01309	0.01567	0.00989	0.00982	0.01956	0.02946	0.04128	0.52039	0.08083	0.13696	0.02203	0.01247	0.00335	0.00502	0.01938	0.01149	0.00989
28	0.70310	0.02045	0.01554	0.01390	0.02045	0.02372	0.01145	0.03108	0.01799	0.04744	0.01472	0.01718	0.01145	0.00981	0.00654	0.00327	0.00818	0.00573	0.00654	0.01145
29	0.01854	0.01371	0.01703	0.06911	0.02219	0.01449	0.01252	0.05736	0.06083	0.03160	0.12562	0.06968	0.04835	0.28509	0.03039	0.00661	0.00958	0.08940	0.00828	0.00960
30	0.02685	0.11461	0.28802	0.03051	0.04278	0.02886	0.13548	0.13711	0.02854	0.03948	0.02031	0.02363	0.01494	0.01024	0.01028	0.00322	0.01473	0.00890	0.00594	0.01558
31	0.01518	0.01086	0.01485	0.01689	0.01863	0.01052	0.01340	0.01889	0.02343	0.03114	0.11713	0.30851	0.06904	0.02981	0.01392	0.00446	0.00777	0.25625	0.01000	0.00932
32	0.15367	0.02399	0.03098	0.15228	0.14063	0.02763	0.02320	0.17362	0.02880	0.04354	0.01956	0.02433	0.01522	0.01179	0.01275	0.00344	0.08455	0.00874	0.00684	0.01444
33	0.36657	0.02019	0.02184	0.14137	0.03258	0.02419	0.01685	0.06457	0.02054	0.03948	0.01791	0.02544	0.01517	0.06594	0.01526	0.00410	0.08216	0.00806	0.00620	0.01156

[dist]
# distance from previous block
# <min> <max>
0	20

[block]
# block no. 3 follows, 13 sequences, length 17
# corresponding to MSA columns:
# 329-345
name=unknown_D
#
# <colnr> <probs for GDERKNQSTAVLIFYWHMCP>
#	G	D	E	R	K	N	Q	S	T	A	V	L	I	F	Y	W	H	M	C	P
0	0.02517	0.08343	0.03494	0.17850	0.23044	0.11534	0.02515	0.03022	0.02377	0.02943	0.02670	0.07636	0.05115	0.01280	0.01035	0.00320	0.01294	0.01103	0.00570	0.01339
1	0.58918	0.01868	0.01459	0.01323	0.01909	0.02141	0.01077	0.03001	0.01869	0.04610	0.01802	0.02088	0.01406	0.01023	0.00668	0.00314	0.00764	0.00641	0.12000	0.01118
2	0.01437	0.01047	0.01218	0.01292	0.01438	0.00986	0.00891	0.01611	0.01992	0.02542	0.06168	0.17747	0.19526	0.27467	0.02988	0.00661	0.00809	0.08543	0.00841	0.00795
3	0.42460	0.12679	0.07184	0.02102	0.02936	0.02731	0.10159	0.03183	0.02008	0.04033	0.01617	0.01945	0.01273	0.00955	0.00785	0.00316	0.01089	0.00701	0.00585	0.01259
4	0.18543	0.01468	0.01522	0.01504	0.01894	0.01572	0.01245	0.06419	0.02399	0.04096	0.03591	0.05858	0.03344	0.01716	0.00975	0.00348	0.00777	0.16329	0.25316	0.01083
5	0.02524	0.02657	0.07739	0.27596	0.20396	0.05826	0.02881	0.07604	0.06125	0.03433	0.02124	0.02713	0.01638	0.01066	0.01045	0.00332	0.01345	0.00931	0.00582	0.01443
6	0.01496	0.01081	0.01413	0.01330	0.01580	0.00998	0.00998	0.01995	0.02993	0.04240	0.55689	0.07898	0.09976	0.02162	0.01247	0.00333	0.00499	0.01912	0.01164	0.00998
7	0.01285	0.00934	0.01212	0.01434	0.01524	0.00862	0.00965	0.01476	0.02061	0.02714	0.06288	0.57250	0.11598	0.03253	0.01340	0.00423	0.00606	0.02933	0.00982	0.00862
8	0.21377	0.01786	0.02084	0.01671	0.02393	0.01711	0.01372	0.04374	0.02634	0.38544	0.03408	0.03146	0.02247	0.01217	0.00927	0.00320	0.00840	0.00930	0.07464	0.01554
9	0.01651	0.01325	0.01912	0.01832	0.01971	0.01623	0.01427	0.01967	0.01670	0.02432	0.02632	0.04100	0.02542	0.12096	0.44126	0.01423	0.12629	0.01136	0.00556	0.00952
10	0.02827	0.63478	0.05540	0.01809	0.02714	0.04184	0.01809	0.03166	0.02148	0.02488	0.01470	0.01696	0.01357	0.00905	0.00678	0.00226	0.01131	0.00565	0.00452	0.01357
11	0.01722	0.01420	0.01942	0.02240	0.10977	0.01278	0.01391	0.02136	0.02464	0.03439	0.20261	0.18369	0.12948	0.02052	0.01159	0.00325	0.00705	0.01820	0.00900	0.12454
12	0.01720	0.01389	0.02110	0.14673	0.07656	0.01575	0.01671	0.02096	0.01811	0.02495	0.02676	0.04418	0.02590	0.19507	0.27842	0.01118	0.01935	0.01175	0.00560	0.00983
13	0.02269	0.02711	0.11719	0.02628	0.03632	0.02027	0.15149	0.02949	0.02238	0.03353	0.01916	0.02380	0.01529	0.00919	0.01124	0.00257	0.05323	0.00834	0.00564	0.36479
14	0.03534	0.03388	0.03352	0.03540	0.16883	0.18836	0.02312	0.22598	0.07435	0.04505	0.02270	0.02483	0.01749	0.01146	0.01026	0.00307	0.01375	0.00890	0.00775	0.01593
15	0.02435	0.25686	0.13147	0.07464	0.07629	0.02801	0.02222	0.03019	0.02193	0.03004	0.01737	0.02102	0.01444	0.00903	0.00827	0.00243	0.01140	0.00683	0.00508	0.20813
16	0.02555	0.14177	0.29148	0.03362	0.14454	0.02720	0.03057	0.03625	0.07218	0.06714	0.02214	0.02467	0.01669	0.01035	0.00968	0.00314	0.01317	0.00834	0.00577	0.01576

[dist]
# distance from previous block
# <min> <max>
0	3

[block]
# block no. 4 follows, 13 sequences, length 7
# corresponding to MSA columns:
# 349-355
name=unknown_E
#
# <colnr> <probs for GDERKNQSTAVLIFYWHMCP>
#	G	D	E	R	K	N	Q	S	T	A	V	L	I	F	Y	W	H	M	C	P
0	0.01506	0.01050	0.01351	0.01509	0.01606	0.01030	0.01088	0.01721	0.01981	0.02617	0.04877	0.26941	0.05599	0.24150	0.02804	0.00657	0.00871	0.16965	0.00859	0.00818
1	0.46225	0.01855	0.01893	0.01613	0.02199	0.02038	0.05715	0.02895	0.02087	0.04455	0.09796	0.02989	0.02674	0.01177	0.00806	0.00321	0.00821	0.00879	0.08432	0.01131
2	0.26052	0.01505	0.01494	0.01346	0.01837	0.01520	0.01063	0.02638	0.02413	0.10454	0.17695	0.05837	0.18840	0.01787	0.01017	0.00337	0.00670	0.01427	0.00951	0.01118
3	0.02339	0.10251	0.21042	0.03047	0.08006	0.02408	0.13146	0.03135	0.02281	0.03294	0.01902	0.02322	0.01487	0.00902	0.00960	0.00275	0.01318	0.00825	0.00522	0.20538
4	0.01510	0.01133	0.01699	0.01699	0.01888	0.01322	0.01322	0.01888	0.01699	0.02454	0.02832	0.04154	0.02643	0.07930	0.58652	0.01699	0.02832	0.01133	0.00566	0.00944
5	0.01546	0.01051	0.01331	0.01293	0.01523	0.00982	0.00958	0.02013	0.02781	0.04042	0.42972	0.12719	0.08601	0.02138	0.01182	0.00329	0.00509	0.01884	0.11162	0.00982
6	0.03158	0.19670	0.03553	0.02038	0.02902	0.03057	0.01754	0.23647	0.07506	0.04579	0.02230	0.02336	0.01736	0.01070	0.00890	0.00259	0.01042	0.00789	0.00791	0.16995

[dist]
# distance from previous block
# <min> <max>
0	1

[block]
# block no. 5 follows, 13 sequences, length 74
# corresponding to MSA columns:
# 357-430
name=unknown_F
#
# <colnr> <probs for GDERKNQSTAVLIFYWHMCP>
#	G	D	E	R	K	N	Q	S	T	A	V	L	I	F	Y	W	H	M	C	P
0	0.01492	0.01095	0.01512	0.01795	0.05507	0.01033	0.01171	0.01736	0.02231	0.03004	0.14807	0.35313	0.10718	0.02884	0.01550	0.06408	0.00681	0.05207	0.00936	0.00918
1	0.02345	0.21021	0.38893	0.02810	0.04151	0.02944	0.07488	0.03302	0.02232	0.03118	0.01802	0.02140	0.01367	0.00968	0.00937	0.00307	0.01464	0.00763	0.00456	0.01495
2	0.02253	0.09123	0.43985	0.02959	0.04338	0.02615	0.07507	0.03563	0.07414	0.03396	0.02125	0.02414	0.01550	0.01031	0.01008	0.00331	0.01477	0.00845	0.00517	0.01548
3	0.01357	0.00986	0.01291	0.01482	0.01610	0.00920	0.01057	0.01617	0.02205	0.02923	0.11169	0.46021	0.11439	0.03094	0.01344	0.00421	0.00640	0.08536	0.00999	0.00890
4	0.01304	0.00936	0.01261	0.01489	0.01560	0.00893	0.01006	0.01503	0.02000	0.02681	0.05608	0.57903	0.06674	0.03651	0.05547	0.00522	0.00776	0.02869	0.00951	0.00865
5	0.02637	0.02056	0.03067	0.11789	0.13494	0.01873	0.05647	0.03194	0.02365	0.11171	0.02254	0.02622	0.01719	0.00940	0.00949	0.00256	0.01057	0.00843	0.00676	0.31392
6	0.02279	0.02914	0.12176	0.17449	0.07957	0.07814	0.16861	0.02989	0.02332	0.03030	0.02552	0.11854	0.02333	0.01348	0.01138	0.00353	0.01456	0.01299	0.00575	0.01292
7	0.03411	0.02078	0.02286	0.01834	0.02463	0.02194	0.01488	0.27383	0.03688	0.13725	0.03121	0.03203	0.02251	0.01262	0.00946	0.00294	0.00884	0.00982	0.24995	0.01511
8	0.02756	0.53198	0.05409	0.02116	0.02960	0.03976	0.06183	0.03133	0.02134	0.02569	0.01520	0.01846	0.01381	0.00982	0.00959	0.00257	0.06161	0.00654	0.00460	0.01346
9	0.01372	0.01047	0.01229	0.01236	0.01477	0.00938	0.00889	0.01689	0.02491	0.03275	0.25988	0.17086	0.26750	0.07819	0.01624	0.00417	0.00577	0.02172	0.01020	0.00904
10	0.01330	0.01074	0.01182	0.01155	0.01477	0.00927	0.00866	0.01672	0.02599	0.03305	0.25284	0.09437	0.40964	0.02510	0.01249	0.00349	0.00524	0.02128	0.01041	0.00927
11	0.03636	0.02771	0.02958	0.02355	0.03133	0.03100	0.01917	0.39741	0.18575	0.06046	0.03025	0.02926	0.02192	0.01315	0.01063	0.00329	0.01073	0.01019	0.01063	0.01764
12	0.01288	0.00920	0.01227	0.01472	0.01534	0.00859	0.00981	0.01472	0.02024	0.02699	0.05828	0.62152	0.06993	0.03312	0.01350	0.00429	0.00613	0.03006	0.00981	0.00859
13	0.02313	0.02313	0.03238	0.02776	0.02776	0.03238	0.02313	0.02545	0.01619	0.02545	0.01388	0.02313	0.01388	0.01851	0.03470	0.00463	0.60907	0.00925	0.00463	0.01157
14	0.02021	0.01060	0.01235	0.01267	0.01517	0.01024	0.00954	0.02430	0.02259	0.08183	0.04284	0.18909	0.04049	0.01897	0.00980	0.00319	0.00600	0.05692	0.40295	0.01024
15	0.02192	0.01879	0.02192	0.01566	0.02506	0.01409	0.01253	0.02662	0.02192	0.03445	0.01879	0.02192	0.01566	0.00783	0.00783	0.00157	0.00783	0.00626	0.00626	0.69305
16	0.01288	0.00920	0.01227	0.01472	0.01534	0.00859	0.00981	0.01472	0.02024	0.02699	0.05828	0.62152	0.06993	0.03312	0.01350	0.00429	0.00613	0.03006	0.00981	0.00859
17	0.02240	0.02119	0.01910	0.01868	0.02179	0.11979	0.01343	0.03307	0.18821	0.03129	0.04190	0.24048	0.04277	0.11514	0.01813	0.00470	0.00984	0.01777	0.00879	0.01152
18	0.02305	0.13532	0.17646	0.02201	0.03308	0.02257	0.05770	0.02983	0.02217	0.03250	0.01832	0.02165	0.01473	0.00870	0.00857	0.00230	0.01122	0.00702	0.00542	0.34736
19	0.03332	0.08628	0.15262	0.02541	0.03465	0.03172	0.02438	0.32680	0.03797	0.05171	0.02192	0.02377	0.01619	0.01238	0.01253	0.00328	0.07172	0.00879	0.00813	0.01645
20	0.02738	0.02498	0.02440	0.02199	0.02792	0.07215	0.01704	0.05504	0.50130	0.04273	0.04085	0.03778	0.03075	0.01406	0.01066	0.00352	0.00924	0.01153	0.01032	0.01637
21	0.01938	0.01654	0.02504	0.19087	0.12705	0.01864	0.01994	0.02588	0.06285	0.02774	0.02646	0.04088	0.02433	0.16057	0.16103	0.00821	0.01601	0.01137	0.00590	0.01131
22	0.12223	0.02197	0.02892	0.02503	0.02611	0.02987	0.02078	0.02585	0.01651	0.02861	0.01494	0.02345	0.01434	0.02117	0.06631	0.00523	0.48342	0.00887	0.00497	0.01141
23	0.01360	0.00982	0.01227	0.01393	0.01496	0.00921	0.00946	0.01543	0.02016	0.02634	0.06014	0.41058	0.13024	0.14297	0.02096	0.00535	0.00706	0.06005	0.00917	0.00831
24	0.01397	0.01118	0.01276	0.01354	0.01675	0.00998	0.01095	0.01735	0.02418	0.02956	0.09057	0.10742	0.39730	0.02756	0.01318	0.00399	0.00677	0.17402	0.00979	0.00919
25	0.08390	0.18992	0.03358	0.02157	0.02833	0.25914	0.01771	0.08054	0.02810	0.08564	0.02044	0.02211	0.01606	0.01082	0.00866	0.00272	0.01361	0.00727	0.05643	0.01343
26	0.02703	0.08647	0.22150	0.06578	0.11023	0.02576	0.06884	0.10808	0.02792	0.07692	0.06094	0.02883	0.02206	0.01128	0.01035	0.00322	0.01307	0.00961	0.00673	0.01537
27	0.02736	0.07289	0.26447	0.08414	0.17767	0.02410	0.03120	0.03569	0.02400	0.12544	0.02287	0.02585	0.01654	0.01039	0.01010	0.00323	0.01329	0.00872	0.00618	0.01588
28	0.02823	0.02713	0.08416	0.16527	0.08830	0.02720	0.02428	0.17898	0.18165	0.04460	0.02784	0.02991	0.02065	0.01212	0.01057	0.00339	0.01175	0.01002	0.00816	0.01579
29	0.01341	0.01027	0.01173	0.01223	0.01433	0.00920	0.00851	0.01579	0.02260	0.02891	0.14889	0.22433	0.28573	0.12288	0.01929	0.00477	0.00627	0.02270	0.00954	0.00860
30	0.09365	0.08633	0.07138	0.11822	0.03791	0.07145	0.05013	0.07138	0.02716	0.23064	0.02681	0.02760	0.01851	0.01130	0.00985	0.00318	0.01204	0.00901	0.00838	0.01507
31	0.02067	0.01719	0.02382	0.09854	0.10707	0.01860	0.01895	0.07455	0.06237	0.03411	0.04458	0.19326	0.08490	0.02136	0.01355	0.00392	0.04487	0.09726	0.00833	0.01210
32	0.01625	0.01162	0.01609	0.01824	0.02042	0.01146	0.01537	0.02069	0.02423	0.03190	0.09990	0.18907	0.06556	0.02912	0.01426	0.00465	0.00880	0.38289	0.00991	0.00959
33	0.02512	0.02405	0.04102	0.15575	0.47980	0.02485	0.03193	0.03153	0.02358	0.03327	0.01970	0.02651	0.01630	0.00961	0.01048	0.00320	0.01282	0.00942	0.00514	0.01590
34	0.02193	0.02498	0.10835	0.17670	0.11905	0.01967	0.02368	0.02858	0.02210	0.03240	0.01898	0.02422	0.01508	0.00910	0.00925	0.00256	0.01128	0.00776	0.00545	0.31887
35	0.59940	0.02281	0.01727	0.01550	0.02191	0.06482	0.01254	0.03395	0.06191	0.04561	0.01716	0.01914	0.01331	0.01026	0.00711	0.00326	0.00899	0.00631	0.00681	0.01194
36	0.03325	0.01954	0.02327	0.01901	0.02532	0.01984	0.01527	0.16246	0.10994	0.21606	0.18515	0.04613	0.04606	0.01561	0.01116	0.00331	0.00842	0.01297	0.01170	0.01551
37	0.01477	0.01138	0.01387	0.01490	0.01786	0.01049	0.01228	0.01864	0.02472	0.03116	0.12325	0.10769	0.29317	0.02743	0.01345	0.00414	0.00731	0.23420	0.00994	0.00938
38	0.01299	0.00941	0.01228	0.01434	0.01529	0.00870	0.00970	0.01509	0.02115	0.02810	0.09409	0.54888	0.10709	0.03192	0.01336	0.00418	0.00600	0.02879	0.00993	0.00870
39	0.01330	0.01061	0.01192	0.01187	0.01485	0.00923	0.00880	0.01663	0.02559	0.03277	0.24394	0.13999	0.37174	0.02571	0.01258	0.00356	0.00531	0.02199	0.01039	0.00923
40	0.03950	0.05039	0.02996	0.02724	0.03269	0.58597	0.02043	0.04222	0.02996	0.02588	0.01634	0.01907	0.01362	0.01090	0.00953	0.00272	0.01907	0.00681	0.00545	0.01226
41	0.02249	0.01637	0.01909	0.01719	0.02162	0.01723	0.01326	0.03772	0.24277	0.08904	0.29908	0.05885	0.06539	0.01786	0.01160	0.00343	0.00674	0.01541	0.01140	0.01348
42	0.04019	0.02962	0.03173	0.02433	0.03279	0.03279	0.02010	0.52721	0.04971	0.06663	0.02538	0.02538	0.01798	0.01269	0.01058	0.00317	0.01163	0.00952	0.01058	0.01798
43	0.01997	0.01879	0.03171	0.60301	0.07282	0.02349	0.02936	0.02701	0.02114	0.02701	0.01879	0.02819	0.01409	0.01057	0.01057	0.00352	0.01409	0.00940	0.00470	0.01175
44	0.70310	0.02045	0.01554	0.01390	0.02045	0.02372	0.01145	0.03108	0.01799	0.04744	0.01472	0.01718	0.01145	0.00981	0.00654	0.00327	0.00818	0.00573	0.00654	0.01145
45	0.54995	0.01924	0.01671	0.01473	0.02110	0.02133	0.01197	0.03308	0.02008	0.12767	0.02214	0.06439	0.01804	0.01203	0.00769	0.00335	0.00816	0.00828	0.00781	0.01226
46	0.01288	0.00920	0.01227	0.01472	0.01534	0.00859	0.00981	0.01472	0.02024	0.02699	0.05828	0.62152	0.06993	0.03312	0.01350	0.00429	0.00613	0.03006	0.00981	0.00859
47	0.01427	0.01074	0.01327	0.01328	0.01587	0.00974	0.01005	0.01831	0.02690	0.03618	0.34166	0.14247	0.21797	0.02482	0.01276	0.00362	0.00561	0.06215	0.01080	0.00953
48	0.02802	0.46494	0.15284	0.02132	0.03128	0.09245	0.02237	0.03306	0.02249	0.02664	0.01569	0.01820	0.01354	0.00942	0.00769	0.00252	0.01291	0.00618	0.00460	0.01384
49	0.03175	0.02268	0.02479	0.02080	0.02753	0.02474	0.01660	0.17749	0.28460	0.12567	0.04447	0.04136	0.07970	0.01495	0.01086	0.00343	0.00904	0.01214	0.01096	0.01648
50	0.03066	0.14856	0.06809	0.11453	0.13523	0.11231	0.02310	0.03578	0.02480	0.12048	0.02169	0.02461	0.01655	0.01026	0.00938	0.00286	0.01271	0.00810	0.00642	0.07388
51	0.04510	0.07985	0.02803	0.01907	0.02736	0.01919	0.01607	0.07842	0.03057	0.48522	0.03804	0.03346	0.02443	0.01266	0.01025	0.00317	0.00939	0.01007	0.01208	0.01755
52	0.02083	0.01142	0.01530	0.01535	0.01797	0.01037	0.01110	0.02374	0.02424	0.14855	0.14747	0.39249	0.06592	0.02660	0.01268	0.00389	0.00655	0.02377	0.01087	0.01090
53	0.01996	0.01259	0.01428	0.01336	0.01697	0.01151	0.00978	0.02427	0.06066	0.11944	0.07359	0.12537	0.29209	0.13506	0.01976	0.00482	0.00716	0.01899	0.00981	0.01053
54	0.02354	0.26882	0.08388	0.07206	0.07412	0.02796	0.01983	0.03050	0.06006	0.03087	0.06549	0.03024	0.02475	0.01717	0.05913	0.00403	0.01215	0.00895	0.07341	0.01306
55	0.26575	0.01881	0.02154	0.01718	0.02481	0.01826	0.01418	0.04472	0.02618	0.39586	0.03273	0.02972	0.02127	0.01200	0.00927	0.00327	0.00872	0.00900	0.01091	0.01582
56	0.01306	0.00934	0.01243	0.01460	0.01538	0.00871	0.00983	0.01518	0.02109	0.02834	0.10181	0.57415	0.07253	0.03212	0.01341	0.00421	0.00603	0.02910	0.00997	0.00871
57	0.02170	0.13697	0.25716	0.13575	0.08845	0.02542	0.02911	0.02982	0.02228	0.03091	0.05839	0.02840	0.02113	0.01584	0.05204	0.00418	0.01450	0.00897	0.00520	0.01379
58	0.03323	0.07403	0.12520	0.02474	0.03382	0.02656	0.06277	0.24437	0.03512	0.12700	0.02891	0.08521	0.02310	0.01375	0.01066	0.00329	0.01186	0.01139	0.00897	0.01602
59	0.53383	0.02345	0.02208	0.06664	0.02879	0.07002	0.05756	0.03189	0.01983	0.04281	0.01576	0.01922	0.01224	0.00989	0.00763	0.00327	0.01039	0.00670	0.00620	0.01178
60	0.02376	0.02350	0.04140	0.12743	0.22460	0.02477	0.15415	0.03231	0.06622	0.03392	0.06617	0.03229	0.02411	0.01167	0.01330	0.00349	0.06524	0.01120	0.00612	0.01436
61	0.01262	0.01021	0.01123	0.01204	0.01463	0.00881	0.00862	0.01502	0.02282	0.02804	0.09094	0.27381	0.39655	0.02888	0.01283	0.00381	0.00561	0.02488	0.00982	0.00881
62	0.54438	0.01985	0.01772	0.01509	0.02203	0.02174	0.01244	0.03603	0.02096	0.17389	0.02126	0.02173	0.01501	0.01061	0.00753	0.00327	0.00838	0.00691	0.00813	0.01303
63	0.25084	0.01931	0.02037	0.01664	0.02338	0.02002	0.01361	0.11843	0.02817	0.23105	0.02920	0.02882	0.02029	0.01185	0.00877	0.00312	0.00848	0.00875	0.12438	0.01453
64	0.01675	0.01063	0.01410	0.01450	0.01654	0.00976	0.01038	0.02008	0.02509	0.08070	0.26150	0.34770	0.07836	0.02665	0.01282	0.00381	0.00591	0.02387	0.01085	0.00998
65	0.55198	0.01988	0.01761	0.01504	0.02196	0.02183	0.01239	0.03579	0.02082	0.16783	0.02094	0.02151	0.01484	0.01057	0.00749	0.00327	0.00837	0.00686	0.00805	0.01296
66	0.01656	0.01209	0.01535	0.01670	0.01887	0.01189	0.01287	0.06168	0.02451	0.03210	0.05951	0.35565	0.11088	0.02945	0.01350	0.00431	0.00770	0.17670	0.00986	0.00981
67	0.02827	0.63478	0.05540	0.01809	0.02714	0.04184	0.01809	0.03166	0.02148	0.02488	0.01470	0.01696	0.01357	0.00905	0.00678	0.00226	0.01131	0.00565	0.00452	0.01357
68	0.01496	0.01081	0.01413	0.01330	0.01580	0.00998	0.00998	0.01995	0.02993	0.04240	0.55689	0.07898	0.09976	0.02162	0.01247	0.00333	0.00499	0.01912	0.01164	0.00998
69	0.01510	0.01133	0.01699	0.01699	0.01888	0.01322	0.01322	0.01888	0.01699	0.02454	0.02832	0.04154	0.02643	0.07930	0.58652	0.01699	0.02832	0.01133	0.00566	0.00944
70	0.02121	0.05469	0.57364	0.03014	0.04576	0.02455	0.03906	0.03348	0.02232	0.03348	0.01897	0.02232	0.01339	0.01005	0.01005	0.00335	0.01563	0.00781	0.00446	0.01563
71	0.09153	0.08500	0.03356	0.03154	0.12074	0.25465	0.02190	0.08416	0.02701	0.03312	0.01718	0.02121	0.01443	0.01178	0.01328	0.00315	0.10872	0.00772	0.00581	0.01352
72	0.02121	0.05469	0.57364	0.03014	0.04576	0.02455	0.03906	0.03348	0.02232	0.03348	0.01897	0.02232	0.01339	0.01005	0.01005	0.00335	0.01563	0.00781	0.00446	0.01563
73	0.27023	0.07133	0.12697	0.02083	0.02950	0.10678	0.01974	0.07730	0.02545	0.12998	0.02118	0.02225	0.01529	0.01075	0.00867	0.00313	0.01178	0.00741	0.00730	0.01412

[dist]
# distance from previous block
# <min> <max>
0	9

[block]
# block no. 6 follows, 13 sequences, length 6
# corresponding to MSA columns:
# 440-445
name=unknown_G
#
# <colnr> <probs for GDERKNQSTAVLIFYWHMCP>
#	G	D	E	R	K	N	Q	S	T	A	V	L	I	F	Y	W	H	M	C	P
0	0.30684	0.02554	0.02604	0.09409	0.10371	0.08486	0.01911	0.12013	0.02672	0.07383	0.01947	0.02240	0.01469	0.01066	0.00881	0.00321	0.01128	0.00772	0.00711	0.01380
1	0.01341	0.00977	0.01263	0.01397	0.01536	0.00899	0.00969	0.01618	0.02321	0.03129	0.19733	0.42702	0.12317	0.02943	0.01313	0.00397	0.00575	0.02639	0.01031	0.00899
2	0.02217	0.01189	0.01429	0.01308	0.01481	0.01137	0.00834	0.02304	0.01853	0.13695	0.03509	0.06215	0.03584	0.49797	0.04466	0.00877	0.00998	0.01437	0.00782	0.00886
3	0.01720	0.12389	0.01969	0.01340	0.01518	0.01566	0.00926	0.01821	0.01752	0.02267	0.03521	0.17676	0.04058	0.38929	0.03669	0.00753	0.00957	0.01672	0.00679	0.00817
4	0.02451	0.02409	0.09851	0.16059	0.24067	0.02098	0.02679	0.03122	0.02494	0.09119	0.11779	0.03660	0.03161	0.01231	0.01081	0.00329	0.01153	0.01108	0.00701	0.01447
5	0.02804	0.52591	0.04937	0.01846	0.02659	0.08703	0.01755	0.03152	0.02301	0.02657	0.06455	0.02283	0.02147	0.01036	0.00755	0.00240	0.01141	0.00699	0.00526	0.01312

[dist]
# distance from previous block
# <min> <max>
0	12

[block]
# block no. 7 follows, 13 sequences, length 50
# corresponding to MSA columns:
# 458-507
name=unknown_H
#
# <colnr> <probs for GDERKNQSTAVLIFYWHMCP>
#	G	D	E	R	K	N	Q	S	T	A	V	L	I	F	Y	W	H	M	C	P
0	0.01951	0.01791	0.02967	0.46428	0.10414	0.02135	0.02650	0.02591	0.02200	0.02885	0.06445	0.08025	0.02560	0.01318	0.01095	0.00354	0.01260	0.01184	0.00570	0.01176
1	0.07246	0.01385	0.01731	0.01844	0.02135	0.01432	0.01545	0.06262	0.02489	0.03450	0.04870	0.14049	0.05250	0.07243	0.01655	0.00497	0.00952	0.34016	0.00931	0.01019
2	0.07855	0.01883	0.02724	0.07204	0.11952	0.01959	0.05001	0.05678	0.02409	0.07704	0.06892	0.16462	0.03467	0.01695	0.01312	0.00350	0.06413	0.01453	0.00778	0.06811
3	0.07911	0.11614	0.02876	0.02673	0.13623	0.02159	0.01731	0.06500	0.02412	0.07077	0.06911	0.13414	0.03422	0.06595	0.06104	0.00490	0.01116	0.01344	0.00756	0.01273
4	0.01789	0.00931	0.01353	0.01353	0.01382	0.00916	0.00909	0.01389	0.01461	0.01919	0.02556	0.03778	0.06213	0.03592	0.03899	0.63654	0.00887	0.01025	0.00502	0.00494
5	0.02982	0.58478	0.05290	0.01815	0.02713	0.03970	0.01788	0.03327	0.02220	0.06905	0.01689	0.01850	0.01459	0.00937	0.00710	0.00234	0.01112	0.00606	0.00522	0.01393
6	0.02038	0.07370	0.10869	0.25232	0.12172	0.02205	0.02531	0.02663	0.02195	0.02959	0.06661	0.08170	0.02773	0.06157	0.01396	0.00391	0.01218	0.01180	0.00584	0.01236
7	0.07926	0.02401	0.07201	0.16491	0.14451	0.02426	0.02403	0.07537	0.14180	0.03754	0.02569	0.03012	0.02004	0.01827	0.06894	0.00477	0.01338	0.00977	0.00689	0.01442
8	0.01524	0.01026	0.01321	0.01454	0.01528	0.01007	0.01014	0.01650	0.01879	0.02487	0.04494	0.25078	0.05159	0.25176	0.03112	0.06914	0.00874	0.12727	0.00807	0.00768
9	0.08733	0.01878	0.02646	0.02508	0.09122	0.01809	0.05488	0.07994	0.02706	0.23574	0.03841	0.09592	0.06510	0.01698	0.01333	0.05926	0.00974	0.01284	0.00952	0.01431
10	0.02375	0.02636	0.12165	0.02311	0.03057	0.02249	0.06131	0.11390	0.17188	0.03969	0.04109	0.04259	0.10010	0.02499	0.10246	0.00560	0.01368	0.01227	0.00823	0.01425
11	0.01314	0.00931	0.01219	0.01440	0.01495	0.00876	0.00947	0.01479	0.01975	0.02633	0.05573	0.56521	0.06672	0.09381	0.01761	0.00490	0.00655	0.02856	0.00947	0.00837
12	0.12446	0.01939	0.02653	0.03268	0.20379	0.01948	0.01932	0.07134	0.02553	0.12273	0.03727	0.15275	0.06805	0.01642	0.01070	0.00345	0.00945	0.01422	0.00839	0.01406
13	0.04072	0.02876	0.03120	0.02392	0.03236	0.03153	0.01976	0.49237	0.04829	0.10349	0.02658	0.02616	0.01858	0.01272	0.01058	0.00318	0.01144	0.00960	0.01076	0.01798
14	0.01588	0.01216	0.01781	0.11037	0.02679	0.01330	0.01536	0.01968	0.02004	0.02686	0.04076	0.19088	0.04375	0.09554	0.17704	0.00840	0.01487	0.13359	0.00751	0.00942
