[name]
unknown

[dist]
# distance from previous block
# <min> <max>
52	389

[block]
# block no. 0 follows, 12 sequences, length 81
# corresponding to MSA columns:
# 547-627
name=unknown_A
#
# <colnr> <probs for GDERKNQSTAVLIFYWHMCP>
#	G	D	E	R	K	N	Q	S	T	A	V	L	I	F	Y	W	H	M	C	P
0	0.16823	0.06897	0.01841	0.01412	0.01850	0.01648	0.01107	0.02466	0.02422	0.07259	0.18010	0.10329	0.15067	0.06676	0.01430	0.00401	0.00734	0.01604	0.00933	0.01091
1	0.03312	0.02664	0.09986	0.11288	0.08184	0.02299	0.07953	0.11618	0.03091	0.19195	0.06828	0.03410	0.02600	0.01254	0.01122	0.00343	0.01238	0.01102	0.00900	0.01611
2	0.02462	0.01346	0.01736	0.01553	0.01997	0.01177	0.01183	0.02847	0.02738	0.18225	0.20328	0.18744	0.11870	0.02206	0.01221	0.00353	0.00684	0.01920	0.01136	0.06273
3	0.02514	0.03321	0.19163	0.20789	0.11448	0.02629	0.03067	0.09067	0.10073	0.03815	0.02404	0.02837	0.01789	0.01141	0.01075	0.00350	0.01365	0.00961	0.00646	0.01546
4	0.03742	0.03158	0.20909	0.06847	0.03819	0.01986	0.02546	0.04477	0.02766	0.33596	0.03312	0.03165	0.02150	0.01222	0.01075	0.00342	0.01203	0.00987	0.00977	0.01721
5	0.40824	0.10951	0.02281	0.01576	0.02242	0.02572	0.01321	0.03403	0.09769	0.04252	0.03158	0.03212	0.08219	0.01291	0.00822	0.00331	0.00858	0.00902	0.00752	0.01264
6	0.30326	0.01455	0.01397	0.01452	0.01798	0.01553	0.01071	0.02240	0.02018	0.03694	0.04466	0.32029	0.08116	0.02343	0.01079	0.00392	0.00717	0.01972	0.00868	0.01014
7	0.03545	0.02472	0.02765	0.02159	0.02998	0.02533	0.01752	0.23973	0.13745	0.13214	0.03089	0.02997	0.02226	0.01235	0.01031	0.00300	0.01001	0.00973	0.01033	0.16959
8	0.08310	0.16555	0.09938	0.02131	0.02979	0.02806	0.01985	0.16665	0.03127	0.12167	0.02918	0.10486	0.02502	0.01460	0.01004	0.00326	0.01097	0.01146	0.00864	0.01535
9	0.02878	0.12962	0.27911	0.03250	0.09916	0.02775	0.06687	0.07422	0.02656	0.10148	0.02266	0.02514	0.01647	0.01065	0.01021	0.00325	0.01407	0.00878	0.00639	0.01632
10	0.02339	0.01525	0.01735	0.01589	0.02038	0.01526	0.01220	0.03445	0.16095	0.11537	0.13535	0.10591	0.16166	0.01993	0.01154	0.00352	0.00686	0.01689	0.09484	0.01300
11	0.03553	0.02461	0.03468	0.18335	0.04660	0.02642	0.07843	0.21930	0.03562	0.16350	0.02761	0.02982	0.01911	0.01212	0.01114	0.00344	0.01282	0.01039	0.00919	0.01632
12	0.02385	0.01929	0.03185	0.52499	0.06967	0.02328	0.02864	0.03076	0.02288	0.08856	0.02209	0.02999	0.01597	0.01120	0.01091	0.00360	0.01393	0.00984	0.00584	0.01285
13	0.02848	0.01892	0.01993	0.01841	0.02270	0.08352	0.01385	0.03426	0.07252	0.18262	0.12198	0.24029	0.05313	0.02183	0.01215	0.00371	0.00887	0.01887	0.01089	0.01308
14	0.01472	0.01108	0.01482	0.01584	0.01696	0.01119	0.01125	0.01755	0.02332	0.03212	0.19066	0.41671	0.07610	0.02967	0.01535	0.00418	0.05259	0.02617	0.01022	0.00950
15	0.02503	0.02391	0.04072	0.22744	0.40359	0.02539	0.03249	0.03175	0.02390	0.03324	0.02016	0.02762	0.01643	0.01008	0.01083	0.00336	0.01344	0.00971	0.00523	0.01569
16	0.02197	0.02079	0.03520	0.47762	0.17730	0.02459	0.03097	0.02907	0.02245	0.02953	0.01962	0.02862	0.01513	0.01065	0.01088	0.00355	0.01419	0.00970	0.00496	0.01323
17	0.02059	0.01938	0.03270	0.59060	0.07510	0.02422	0.03028	0.02786	0.02180	0.02786	0.01938	0.02907	0.01453	0.01090	0.01090	0.00363	0.01453	0.00969	0.00484	0.01211
18	0.02635	0.02883	0.02701	0.19375	0.04144	0.22281	0.02138	0.03086	0.02374	0.02658	0.02170	0.03016	0.01857	0.03449	0.19678	0.00793	0.02128	0.00937	0.00546	0.01152
19	0.01676	0.01263	0.01660	0.01600	0.01670	0.01453	0.01128	0.01845	0.01656	0.02327	0.03000	0.05520	0.03204	0.35051	0.23831	0.01233	0.09076	0.01357	0.00610	0.00839
20	0.01961	0.01293	0.01625	0.01662	0.01899	0.01263	0.01190	0.08076	0.02623	0.07310	0.09269	0.45271	0.06450	0.02906	0.01324	0.00413	0.00716	0.02598	0.01062	0.01090
21	0.01412	0.01109	0.01275	0.01234	0.01548	0.00973	0.00925	0.01803	0.02776	0.03635	0.31962	0.09358	0.33090	0.02504	0.01287	0.00356	0.00534	0.02142	0.01103	0.00973
22	0.02588	0.05079	0.48096	0.02935	0.04432	0.02394	0.03669	0.03729	0.02423	0.11192	0.02304	0.02511	0.01577	0.01082	0.01045	0.00344	0.01510	0.00849	0.00592	0.01648
23	0.02521	0.02409	0.04105	0.21241	0.41719	0.02544	0.03258	0.03191	0.02399	0.03346	0.02020	0.02757	0.01651	0.01004	0.01082	0.00335	0.01339	0.00971	0.00524	0.01584
24	0.04892	0.01856	0.02530	0.01940	0.02783	0.01603	0.01603	0.05314	0.03121	0.55634	0.04302	0.03711	0.02699	0.01350	0.01096	0.00337	0.00928	0.01096	0.01350	0.01856
25	0.02365	0.02251	0.03824	0.33980	0.30197	0.02503	0.03180	0.03054	0.02325	0.03158	0.01992	0.02807	0.01585	0.01033	0.01085	0.00344	0.01378	0.00970	0.00511	0.01458
26	0.03169	0.15407	0.23412	0.02741	0.03889	0.07637	0.08260	0.03933	0.02577	0.15291	0.02418	0.02564	0.01723	0.01083	0.01009	0.00318	0.01425	0.00876	0.00687	0.01579
27	0.04798	0.02006	0.02623	0.02011	0.02858	0.01826	0.01661	0.11074	0.03372	0.49519	0.04090	0.03574	0.02593	0.01344	0.01096	0.00336	0.00962	0.01082	0.01317	0.01855
28	0.03681	0.03940	0.03268	0.11539	0.07981	0.30616	0.02333	0.16350	0.03440	0.03859	0.01997	0.02336	0.01555	0.01155	0.01035	0.00309	0.01636	0.00837	0.00687	0.01447
29	0.01529	0.01250	0.01367	0.01313	0.01676	0.01159	0.00992	0.02199	0.08458	0.03560	0.23296	0.09049	0.35289	0.02454	0.01267	0.00361	0.00577	0.02079	0.01080	0.01046
30	0.01500	0.01113	0.01398	0.01327	0.01602	0.01010	0.00995	0.01974	0.02985	0.04131	0.46980	0.08542	0.17763	0.02319	0.01286	0.00347	0.00521	0.02028	0.01168	0.01010
31	0.69383	0.02109	0.01603	0.01434	0.02109	0.02446	0.01181	0.03205	0.01856	0.04892	0.01518	0.01771	0.01181	0.01012	0.00675	0.00337	0.00843	0.00590	0.00675	0.01181
32	0.01295	0.01080	0.01130	0.01170	0.01490	0.00915	0.00857	0.01557	0.02422	0.02920	0.10251	0.18462	0.46981	0.02865	0.01305	0.00380	0.00565	0.02427	0.01012	0.00915
33	0.01420	0.01034	0.01338	0.01422	0.01594	0.00951	0.01005	0.01759	0.02558	0.03495	0.27659	0.33865	0.12162	0.02844	0.01337	0.00393	0.00574	0.02542	0.01095	0.00951
34	0.02550	0.01337	0.01780	0.01543	0.01976	0.01201	0.01201	0.03037	0.03097	0.19788	0.39267	0.06811	0.08006	0.01965	0.01229	0.00341	0.00639	0.01709	0.01245	0.01277
35	0.69383	0.02109	0.01603	0.01434	0.02109	0.02446	0.01181	0.03205	0.01856	0.04892	0.01518	0.01771	0.01181	0.01012	0.00675	0.00337	0.00843	0.00590	0.00675	0.01181
36	0.02712	0.02342	0.02465	0.02219	0.02835	0.02712	0.01726	0.05794	0.52909	0.04561	0.04438	0.04068	0.03328	0.01479	0.01109	0.00370	0.00863	0.01233	0.01109	0.01726
37	0.01328	0.00949	0.01265	0.01518	0.01581	0.00886	0.01012	0.01518	0.02088	0.02783	0.06010	0.60969	0.07212	0.03416	0.01392	0.00443	0.00633	0.03100	0.01012	0.00886
38	0.61975	0.02080	0.01709	0.01492	0.02186	0.02349	0.01229	0.03447	0.02001	0.10721	0.01838	0.01994	0.01355	0.01051	0.00723	0.00337	0.00853	0.00649	0.00752	0.01258
39	0.02720	0.01559	0.01915	0.01627	0.02105	0.01510	0.01281	0.10317	0.03313	0.15800	0.29785	0.05875	0.06501	0.01789	0.01155	0.00329	0.00708	0.01522	0.08858	0.01332
40	0.04798	0.02006	0.02623	0.02011	0.02858	0.01826	0.01661	0.11074	0.03372	0.49519	0.04090	0.03574	0.02593	0.01344	0.01096	0.00336	0.00962	0.01082	0.01317	0.01855
41	0.69383	0.02109	0.01603	0.01434	0.02109	0.02446	0.01181	0.03205	0.01856	0.04892	0.01518	0.01771	0.01181	0.01012	0.00675	0.00337	0.00843	0.00590	0.00675	0.01181
42	0.01565	0.01139	0.01602	0.01602	0.01744	0.01281	0.01175	0.01850	0.01708	0.02420	0.03058	0.05046	0.03057	0.22481	0.43509	0.01566	0.02422	0.01280	0.00605	0.00890
43	0.02078	0.01832	0.08175	0.14526	0.03422	0.01514	0.01887	0.02543	0.02275	0.10113	0.04406	0.33491	0.04645	0.02343	0.01243	0.00400	0.00968	0.02089	0.00878	0.01174
44	0.02948	0.20940	0.20614	0.02469	0.03554	0.03280	0.02581	0.15238	0.10669	0.04186	0.02366	0.02487	0.01797	0.01139	0.00963	0.00312	0.01269	0.00849	0.00713	0.01626
45	0.03496	0.01561	0.02118	0.01792	0.02385	0.01392	0.01466	0.03956	0.03021	0.33622	0.18415	0.06217	0.05338	0.01841	0.01210	0.00363	0.00824	0.08228	0.01257	0.01500
46	0.01684	0.01163	0.01339	0.01283	0.01641	0.01008	0.00965	0.02029	0.02669	0.08068	0.21399	0.13250	0.34439	0.02546	0.01279	0.00365	0.00583	0.02169	0.01092	0.01031
47	0.03495	0.03600	0.16409	0.02829	0.03852	0.08837	0.09128	0.13918	0.07100	0.15677	0.02804	0.02863	0.01960	0.01189	0.01095	0.00337	0.01390	0.00993	0.00860	0.01665
48	0.03466	0.02643	0.02963	0.14991	0.10401	0.14307	0.02257	0.03959	0.02762	0.19918	0.03097	0.04008	0.02432	0.01387	0.01115	0.00348	0.01327	0.06300	0.00847	0.01471
49	0.01350	0.00982	0.01273	0.01464	0.01577	0.00905	0.00997	0.01584	0.02238	0.02981	0.12012	0.50341	0.11832	0.03221	0.01370	0.00425	0.00612	0.02898	0.01034	0.00905
50	0.02117	0.01997	0.03375	0.54329	0.11789	0.02438	0.03057	0.02836	0.02208	0.02856	0.01948	0.02888	0.01478	0.01079	0.01089	0.00360	0.01439	0.00969	0.00489	0.01258
51	0.02521	0.02653	0.10290	0.27551	0.25439	0.02446	0.03181	0.03263	0.02379	0.06806	0.02147	0.02805	0.01637	0.01055	0.01080	0.00344	0.01375	0.00958	0.00563	0.01508
52	0.02093	0.01398	0.02181	0.02051	0.02407	0.01310	0.07029	0.02508	0.02477	0.10369	0.09007	0.29167	0.05938	0.02644	0.01362	0.00428	0.00903	0.14579	0.01018	0.01129
53	0.03357	0.01536	0.01923	0.01584	0.02225	0.01312	0.01273	0.03716	0.02850	0.33182	0.07175	0.06601	0.24746	0.01951	0.01178	0.00351	0.00768	0.01610	0.01206	0.01457
54	0.09184	0.02533	0.09737	0.02832	0.09220	0.02004	0.06529	0.04523	0.02795	0.34391	0.03340	0.03195	0.02208	0.01201	0.01071	0.00340	0.01131	0.01023	0.01020	0.01722
55	0.03920	0.02538	0.03012	0.02658	0.06951	0.10170	0.05694	0.10204	0.03158	0.27564	0.03564	0.09755	0.02764	0.01486	0.01127	0.00341	0.01182	0.01259	0.01038	0.01616
56	0.04574	0.02366	0.02847	0.02182	0.03038	0.02361	0.01803	0.24886	0.03976	0.34855	0.03584	0.03245	0.02339	0.01332	0.01094	0.00333	0.01044	0.01048	0.01239	0.01855
57	0.69383	0.02109	0.01603	0.01434	0.02109	0.02446	0.01181	0.03205	0.01856	0.04892	0.01518	0.01771	0.01181	0.01012	0.00675	0.00337	0.00843	0.00590	0.00675	0.01181
58	0.02426	0.02313	0.03933	0.29008	0.34693	0.02519	0.03211	0.03107	0.02354	0.03231	0.02003	0.02787	0.01611	0.01022	0.01084	0.00341	0.01363	0.00970	0.00516	0.01507
59	0.02700	0.02560	0.04180	0.06132	0.48352	0.02606	0.03143	0.03653	0.08807	0.03687	0.02350	0.02870	0.01928	0.01035	0.01083	0.00330	0.01241	0.01004	0.00611	0.01727
60	0.03163	0.02442	0.02586	0.02177	0.02843	0.02750	0.01735	0.22398	0.28676	0.05364	0.03646	0.03525	0.02710	0.01389	0.01059	0.00339	0.00945	0.01112	0.09458	0.01685
61	0.01558	0.01168	0.01752	0.01752	0.01947	0.01363	0.01363	0.01947	0.01752	0.02531	0.02921	0.04283	0.02726	0.08178	0.57360	0.01752	0.02921	0.01168	0.00584	0.00974
62	0.02712	0.02342	0.02465	0.02219	0.02835	0.02712	0.01726	0.05794	0.52909	0.04561	0.04438	0.04068	0.03328	0.01479	0.01109	0.00370	0.00863	0.01233	0.01109	0.01726
63	0.01470	0.01048	0.01301	0.01349	0.01486	0.00985	0.00911	0.01731	0.02336	0.03179	0.22779	0.24236	0.10841	0.18525	0.02458	0.00566	0.00698	0.02238	0.00985	0.00879
64	0.01865	0.01131	0.01504	0.01510	0.01752	0.01035	0.01093	0.02218	0.02632	0.10072	0.25866	0.31835	0.07924	0.02664	0.01311	0.00388	0.00620	0.02380	0.01133	0.01067
65	0.02720	0.01396	0.01876	0.01820	0.02250	0.01314	0.01536	0.03199	0.02705	0.19189	0.08377	0.08399	0.05038	0.02240	0.01275	0.00411	0.00885	0.24618	0.09490	0.01263
66	0.69383	0.02109	0.01603	0.01434	0.02109	0.02446	0.01181	0.03205	0.01856	0.04892	0.01518	0.01771	0.01181	0.01012	0.00675	0.00337	0.00843	0.00590	0.00675	0.01181
67	0.02699	0.02591	0.04426	0.06693	0.54879	0.02591	0.03346	0.03346	0.02483	0.03562	0.02051	0.02699	0.01727	0.00972	0.01079	0.00324	0.01295	0.00972	0.00540	0.01727
68	0.02261	0.01938	0.02261	0.01615	0.02584	0.01453	0.01292	0.02745	0.02261	0.03553	0.01938	0.02261	0.01615	0.00807	0.00807	0.00161	0.00807	0.00646	0.00646	0.68346
69	0.04095	0.04540	0.03146	0.02717	0.03374	0.40775	0.02096	0.18727	0.03714	0.03957	0.01971	0.02166	0.01542	0.01180	0.01016	0.00295	0.01731	0.00788	0.00724	0.01445
70	0.02261	0.01938	0.02261	0.01615	0.02584	0.01453	0.01292	0.02745	0.02261	0.03553	0.01938	0.02261	0.01615	0.00807	0.00807	0.00161	0.00807	0.00646	0.00646	0.68346
71	0.03790	0.02534	0.03677	0.02796	0.03629	0.08883	0.16445	0.04352	0.02949	0.28680	0.07861	0.03661	0.02908	0.01271	0.01157	0.00340	0.01294	0.01183	0.00997	0.01591
72	0.02699	0.02591	0.04426	0.06693	0.54879	0.02591	0.03346	0.03346	0.02483	0.03562	0.02051	0.02699	0.01727	0.00972	0.01079	0.00324	0.01295	0.00972	0.00540	0.01727
73	0.01328	0.00949	0.01265	0.01518	0.01581	0.00886	0.01012	0.01518	0.02088	0.02783	0.06010	0.60969	0.07212	0.03416	0.01392	0.00443	0.00633	0.03100	0.01012	0.00886
74	0.22133	0.01923	0.02282	0.01805	0.02603	0.01828	0.01490	0.04750	0.02783	0.42069	0.03557	0.03193	0.02293	0.01259	0.00984	0.00337	0.00905	0.00961	0.01169	0.01675
75	0.04073	0.05197	0.03090	0.02809	0.03371	0.57303	0.02107	0.04354	0.03090	0.02669	0.01685	0.01966	0.01404	0.01124	0.00983	0.00281	0.01966	0.00702	0.00562	0.01264
76	0.01586	0.01057	0.01189	0.01189	0.01189	0.01057	0.00661	0.01586	0.01586	0.02114	0.03436	0.07135	0.03964	0.61681	0.05550	0.01057	0.01057	0.01586	0.00661	0.00661
77	0.02297	0.02053	0.02740	0.01957	0.02942	0.01603	0.06993	0.02831	0.02297	0.03546	0.01969	0.02339	0.01620	0.00820	0.00863	0.00185	0.00926	0.00720	0.00635	0.60664
78	0.02187	0.05640	0.56031	0.03108	0.04719	0.02532	0.04029	0.03453	0.02302	0.03453	0.01957	0.02302	0.01381	0.01036	0.01036	0.00345	0.01611	0.00806	0.00460	0.01611
79	0.01380	0.01108	0.01231	0.01200	0.01529	0.00959	0.00900	0.01741	0.02700	0.03456	0.26519	0.09653	0.38645	0.02571	0.01288	0.00359	0.00539	0.02183	0.01080	0.00959
80	0.02447	0.25920	0.38033	0.02663	0.04032	0.03170	0.03255	0.03386	0.02271	0.03136	0.01799	0.02104	0.01388	0.00999	0.00916	0.00305	0.01452	0.00726	0.00463	0.01536

[dist]
# distance from previous block
# <min> <max>
0	4

[block]
# block no. 1 follows, 12 sequences, length 34
# corresponding to MSA columns:
# 632-665
name=unknown_B
#
# <colnr> <probs for GDERKNQSTAVLIFYWHMCP>
#	G	D	E	R	K	N	Q	S	T	A	V	L	I	F	Y	W	H	M	C	P
0	0.01968	0.01288	0.01607	0.01472	0.01812	0.01241	0.01122	0.02730	0.07991	0.08458	0.41133	0.07046	0.08367	0.02005	0.01210	0.00338	0.00582	0.01749	0.06717	0.01163
1	0.01581	0.01077	0.01291	0.01291	0.01326	0.01112	0.00788	0.01651	0.01616	0.02190	0.03342	0.06620	0.03740	0.52007	0.14917	0.01183	0.01394	0.01510	0.00647	0.00717
2	0.01497	0.01113	0.01394	0.01324	0.01601	0.01009	0.00993	0.01969	0.02978	0.04115	0.46500	0.08568	0.18252	0.02325	0.01286	0.00347	0.00521	0.02031	0.01166	0.01009
3	0.01512	0.01080	0.01476	0.01728	0.01872	0.01044	0.01331	0.01836	0.02269	0.02989	0.05908	0.40114	0.06810	0.03243	0.01441	0.00468	0.00792	0.22142	0.01009	0.00936
4	0.01516	0.01113	0.01420	0.01343	0.01612	0.01017	0.01007	0.02005	0.03022	0.04220	0.49688	0.08395	0.14999	0.02286	0.01286	0.00346	0.00518	0.02007	0.01180	0.01017
5	0.04695	0.02171	0.02726	0.02090	0.02941	0.02071	0.01726	0.17406	0.03649	0.42797	0.03858	0.03423	0.02477	0.01339	0.01095	0.00335	0.00999	0.01066	0.01281	0.01855
6	0.02468	0.30807	0.07517	0.01585	0.02270	0.02716	0.01544	0.02959	0.02254	0.03298	0.02454	0.02817	0.02016	0.01090	0.00753	0.00251	0.00909	0.00792	0.30254	0.01246
7	0.02971	0.08255	0.21972	0.02257	0.03422	0.02118	0.02405	0.03710	0.02495	0.16947	0.02523	0.02610	0.01794	0.01041	0.00956	0.00279	0.01158	0.00815	0.00747	0.21526
8	0.02110	0.02200	0.04511	0.03451	0.04167	0.02061	0.32349	0.02758	0.02393	0.03229	0.03621	0.24533	0.03722	0.01848	0.01326	0.00396	0.01390	0.01961	0.00723	0.01253
9	0.39965	0.02041	0.01845	0.01639	0.02270	0.02306	0.01316	0.03989	0.15440	0.08774	0.02712	0.02760	0.02028	0.01188	0.00832	0.00338	0.00822	0.00842	0.07530	0.01362
10	0.03223	0.01829	0.03035	0.02399	0.03046	0.01659	0.12984	0.03670	0.02613	0.26293	0.04122	0.17009	0.03607	0.07272	0.01619	0.00435	0.01086	0.01647	0.01021	0.01432
11	0.01310	0.01021	0.01190	0.01326	0.01531	0.00902	0.00927	0.01540	0.02273	0.02859	0.08352	0.37488	0.29180	0.03111	0.01344	0.00408	0.00595	0.02728	0.01012	0.00902
12	0.01421	0.01046	0.01347	0.01525	0.01691	0.00972	0.01118	0.01713	0.02328	0.03055	0.11602	0.38709	0.15034	0.03118	0.01385	0.00431	0.00675	0.10874	0.01030	0.00927
13	0.02770	0.51072	0.15711	0.02112	0.03180	0.03960	0.02295	0.03302	0.02233	0.02742	0.01603	0.01859	0.01396	0.00953	0.00766	0.00255	0.01255	0.00627	0.00465	0.01441
14	0.27298	0.02625	0.02623	0.02083	0.02884	0.02910	0.01720	0.30612	0.03810	0.10021	0.02361	0.02404	0.01683	0.01207	0.00944	0.00332	0.01052	0.00852	0.00964	0.01616
15	0.02382	0.02267	0.03853	0.32658	0.31392	0.02507	0.03189	0.03068	0.02333	0.03177	0.01995	0.02802	0.01591	0.01030	0.01085	0.00343	0.01374	0.00970	0.00512	0.01471
16	0.02496	0.29671	0.34704	0.02581	0.03905	0.03288	0.03112	0.03373	0.02265	0.03077	0.01770	0.02068	0.01389	0.00992	0.00893	0.00298	0.01423	0.00711	0.00463	0.01521
17	0.01565	0.01140	0.01611	0.01611	0.01757	0.01286	0.01186	0.01856	0.01710	0.02426	0.03050	0.05000	0.03037	0.21622	0.44341	0.01578	0.02452	0.01273	0.00603	0.00895
18	0.01392	0.01000	0.01362	0.01588	0.01683	0.00970	0.01118	0.01632	0.02090	0.02800	0.05658	0.50464	0.06647	0.03887	0.07374	0.00588	0.00911	0.06963	0.00966	0.00906
19	0.03786	0.02464	0.04338	0.03177	0.04138	0.02304	0.23491	0.09408	0.03092	0.27341	0.03194	0.03254	0.02146	0.01155	0.01180	0.00350	0.01360	0.01168	0.00969	0.01685
20	0.02523	0.01930	0.02288	0.01647	0.02604	0.01468	0.01323	0.03002	0.02347	0.08747	0.02174	0.02406	0.01723	0.00862	0.00836	0.00179	0.00819	0.00691	0.00716	0.61716
21	0.01400	0.01091	0.01278	0.01321	0.01595	0.00969	0.00987	0.01741	0.02573	0.03316	0.21073	0.19130	0.30524	0.02760	0.01324	0.00386	0.00593	0.05931	0.01061	0.00949
22	0.01331	0.01092	0.01173	0.01183	0.01507	0.00934	0.00876	0.01636	0.02541	0.03149	0.17189	0.14777	0.43350	0.02740	0.01298	0.00371	0.00554	0.02324	0.01041	0.00934
23	0.02712	0.02342	0.02465	0.02219	0.02835	0.02712	0.01726	0.05794	0.52909	0.04561	0.04438	0.04068	0.03328	0.01479	0.01109	0.00370	0.00863	0.01233	0.01109	0.01726
24	0.02261	0.01938	0.02261	0.01615	0.02584	0.01453	0.01292	0.02745	0.02261	0.03553	0.01938	0.02261	0.01615	0.00807	0.00807	0.00161	0.00807	0.00646	0.00646	0.68346
25	0.01910	0.01461	0.02120	0.01978	0.02054	0.01820	0.01536	0.01982	0.01623	0.02358	0.02153	0.03413	0.02078	0.04926	0.24597	0.22358	0.19199	0.01035	0.00517	0.00881
26	0.02187	0.05640	0.56031	0.03108	0.04719	0.02532	0.04029	0.03453	0.02302	0.03453	0.01957	0.02302	0.01381	0.01036	0.01036	0.00345	0.01611	0.00806	0.00460	0.01611
27	0.04892	0.01856	0.02530	0.01940	0.02783	0.01603	0.01603	0.05314	0.03121	0.55634	0.04302	0.03711	0.02699	0.01350	0.01096	0.00337	0.00928	0.01096	0.01350	0.01856
28	0.02993	0.02618	0.11697	0.02597	0.03424	0.02072	0.10259	0.07999	0.07427	0.16924	0.03813	0.12356	0.03273	0.01686	0.01200	0.00376	0.01174	0.05645	0.00945	0.01521
29	0.01372	0.01016	0.01282	0.01409	0.01573	0.00926	0.00983	0.01654	0.02396	0.03188	0.18339	0.39371	0.16458	0.03017	0.01348	0.00406	0.00590	0.02689	0.01057	0.00926
30	0.04892	0.01856	0.02530	0.01940	0.02783	0.01603	0.01603	0.05314	0.03121	0.55634	0.04302	0.03711	0.02699	0.01350	0.01096	0.00337	0.00928	0.01096	0.01350	0.01856
31	0.01547	0.01041	0.01201	0.01239	0.01248	0.01031	0.00714	0.01575	0.01661	0.02215	0.03824	0.15262	0.04454	0.52885	0.04922	0.00964	0.00993	0.01814	0.00714	0.00695
32	0.14156	0.06529	0.02817	0.02134	0.02889	0.02878	0.01748	0.20044	0.20312	0.10686	0.03160	0.03029	0.02303	0.01298	0.01004	0.00338	0.00998	0.00989	0.01016	0.01672
33	0.18460	0.08019	0.02810	0.02040	0.02715	0.08012	0.01688	0.07678	0.02515	0.10522	0.02059	0.02310	0.01605	0.01191	0.01298	0.00309	0.10595	0.00771	0.00730	0.14674

[dist]
# distance from previous block
# <min> <max>
1	6

[block]
# block no. 2 follows, 12 sequences, length 20
# corresponding to MSA columns:
# 672-691
name=unknown_C
#
# <colnr> <probs for GDERKNQSTAVLIFYWHMCP>
#	G	D	E	R	K	N	Q	S	T	A	V	L	I	F	Y	W	H	M	C	P
0	0.01789	0.07957	0.01972	0.01565	0.01885	0.01410	0.01215	0.01998	0.02213	0.02954	0.10614	0.20338	0.09157	0.02675	0.01766	0.12643	0.00798	0.08137	0.00837	0.08077
1	0.02268	0.13423	0.11614	0.01938	0.02463	0.07612	0.01769	0.02456	0.02072	0.02624	0.05758	0.09452	0.02816	0.02381	0.02210	0.25280	0.01140	0.01139	0.00587	0.01000
2	0.02602	0.09161	0.02518	0.01859	0.02441	0.02057	0.01523	0.10029	0.08420	0.09132	0.04696	0.14814	0.09136	0.01981	0.01146	0.00352	0.00897	0.07902	0.00963	0.08370
3	0.33452	0.07593	0.08073	0.06351	0.03090	0.06076	0.01832	0.03731	0.02310	0.15085	0.02203	0.02342	0.01581	0.01094	0.00858	0.00328	0.01091	0.00758	0.00757	0.01396
4	0.02570	0.18798	0.23388	0.13707	0.09790	0.03044	0.03050	0.07415	0.02521	0.03409	0.01908	0.02344	0.01476	0.01037	0.00970	0.00316	0.01400	0.00812	0.00529	0.01515
5	0.01528	0.01136	0.01549	0.01526	0.01736	0.01197	0.01147	0.01898	0.02161	0.03013	0.17247	0.06244	0.10324	0.11538	0.31449	0.01166	0.01850	0.01541	0.00798	0.00950
6	0.02238	0.02098	0.03441	0.39832	0.18576	0.02356	0.02913	0.02919	0.02263	0.03062	0.01966	0.02784	0.01539	0.01030	0.01056	0.00331	0.01343	0.00934	0.00516	0.08804
7	0.01373	0.00981	0.01317	0.01570	0.01652	0.00924	0.01090	0.01596	0.02132	0.02834	0.05985	0.55870	0.07113	0.03374	0.01404	0.00449	0.00672	0.07756	0.01011	0.00898
8	0.09597	0.45533	0.14722	0.02054	0.03088	0.03789	0.02201	0.03294	0.02195	0.02970	0.01599	0.01855	0.01373	0.00960	0.00760	0.00265	0.01216	0.00626	0.00487	0.01417
9	0.01535	0.01046	0.01252	0.01300	0.01328	0.01051	0.00787	0.01604	0.01694	0.02276	0.03873	0.16977	0.04465	0.46119	0.09266	0.01002	0.01139	0.01833	0.00720	0.00730
10	0.08541	0.13338	0.16367	0.02648	0.06357	0.02561	0.06329	0.03685	0.07674	0.10722	0.02905	0.09142	0.02445	0.01357	0.01025	0.00338	0.01186	0.01138	0.00745	0.01498
11	0.08501	0.15525	0.13991	0.02368	0.03273	0.03063	0.02315	0.15288	0.02987	0.11901	0.02279	0.02444	0.01688	0.01233	0.01271	0.00332	0.08348	0.00847	0.00768	0.01579
12	0.01489	0.01063	0.01376	0.01393	0.01569	0.00992	0.00985	0.01859	0.02652	0.03695	0.35595	0.22586	0.08768	0.08876	0.01768	0.00446	0.00605	0.02241	0.01091	0.00950
13	0.01545	0.01602	0.07208	0.01655	0.02042	0.01143	0.01351	0.01900	0.02179	0.02979	0.05573	0.40966	0.11067	0.02728	0.01261	0.00385	0.00752	0.02426	0.00903	0.10335
14	0.07358	0.03457	0.17818	0.03215	0.07666	0.02689	0.11809	0.15065	0.06512	0.09909	0.02552	0.02759	0.01826	0.01135	0.01088	0.00344	0.01364	0.00996	0.00783	0.01656
15	0.06930	0.02304	0.08116	0.02055	0.02753	0.01935	0.05450	0.11379	0.02691	0.09113	0.03304	0.04112	0.06513	0.11913	0.02098	0.06338	0.01092	0.01140	0.00790	0.09974
16	0.06692	0.07881	0.22283	0.02722	0.03748	0.02808	0.06462	0.09194	0.11349	0.07301	0.02525	0.02719	0.01870	0.01221	0.01254	0.00352	0.06373	0.00940	0.00721	0.01586
17	0.09943	0.06532	0.03447	0.16979	0.09759	0.06429	0.06044	0.08851	0.02750	0.11502	0.02309	0.02672	0.01704	0.01093	0.01011	0.00321	0.01274	0.00910	0.00726	0.05744
18	0.12279	0.09390	0.19608	0.08500	0.03626	0.02287	0.02399	0.03308	0.02368	0.11285	0.06150	0.08858	0.02759	0.01399	0.01016	0.00343	0.01158	0.01127	0.00734	0.01404
19	0.13208	0.06513	0.02615	0.01941	0.02513	0.01978	0.06489	0.06232	0.02472	0.08231	0.09536	0.07786	0.03528	0.08596	0.07768	0.00559	0.01199	0.01258	0.00811	0.06767

[dist]
# distance from previous block
# <min> <max>
20	75

[block]
# block no. 3 follows, 12 sequences, length 8
# corresponding to MSA columns:
# 780-787
name=unknown_D
#
# <colnr> <probs for GDERKNQSTAVLIFYWHMCP>
#	G	D	E	R	K	N	Q	S	T	A	V	L	I	F	Y	W	H	M	C	P
0	0.10286	0.06879	0.07318	0.20433	0.04644	0.06549	0.10118	0.02929	0.02270	0.03176	0.02610	0.12946	0.02469	0.01456	0.01085	0.00358	0.01326	0.01295	0.00615	0.01239
1	0.18811	0.02497	0.02496	0.02060	0.02735	0.10828	0.01669	0.04418	0.02687	0.30528	0.02974	0.02868	0.02027	0.01296	0.01239	0.00343	0.07087	0.00907	0.00985	0.01544
2	0.01498	0.01123	0.01443	0.01519	0.01746	0.00990	0.01058	0.01767	0.02215	0.03065	0.10191	0.46348	0.06629	0.02882	0.01288	0.00388	0.00649	0.02597	0.00973	0.11631
3	0.10009	0.02608	0.03551	0.02784	0.03495	0.02897	0.11876	0.17051	0.12478	0.08436	0.02695	0.02910	0.02014	0.01329	0.01488	0.00369	0.10514	0.01055	0.00863	0.01578
4	0.02343	0.01406	0.01745	0.01581	0.01953	0.01337	0.01187	0.07482	0.02931	0.13061	0.23069	0.17237	0.10272	0.07384	0.01621	0.00423	0.00730	0.01929	0.01118	0.01191
5	0.07613	0.01866	0.02585	0.23840	0.04398	0.02049	0.02063	0.06240	0.06381	0.16677	0.03382	0.12337	0.02830	0.01562	0.01112	0.00366	0.01087	0.01334	0.00883	0.01396
6	0.03688	0.06788	0.03018	0.02253	0.02859	0.02566	0.01872	0.08085	0.11534	0.25937	0.03280	0.03215	0.02334	0.01474	0.01677	0.00369	0.15374	0.01037	0.01006	0.01635
7	0.03245	0.02430	0.07894	0.11186	0.04151	0.02165	0.10546	0.09554	0.02961	0.19989	0.03414	0.04570	0.02685	0.01469	0.01187	0.00372	0.01267	0.08459	0.00919	0.01536

[dist]
# distance from previous block
# <min> <max>
3	7

[block]
# block no. 4 follows, 12 sequences, length 24
# corresponding to MSA columns:
# 795-818
name=unknown_E
#
# <colnr> <probs for GDERKNQSTAVLIFYWHMCP>
#	G	D	E	R	K	N	Q	S	T	A	V	L	I	F	Y	W	H	M	C	P
0	0.02088	0.06340	0.09893	0.02105	0.02666	0.01766	0.05730	0.02846	0.07516	0.07139	0.09769	0.28088	0.05136	0.02225	0.01223	0.00382	0.00939	0.01993	0.00913	0.01244
1	0.03070	0.01681	0.02111	0.01748	0.02299	0.01611	0.01391	0.11380	0.03440	0.21467	0.29356	0.05774	0.06403	0.01788	0.01192	0.00338	0.00764	0.01521	0.01230	0.01436
2	0.02586	0.06791	0.16766	0.02335	0.03220	0.02070	0.06830	0.03553	0.07800	0.12780	0.15131	0.04674	0.07735	0.01514	0.01131	0.00342	0.01083	0.01305	0.00899	0.01455
3	0.03060	0.01582	0.02057	0.01653	0.02292	0.01348	0.01316	0.03530	0.02937	0.25249	0.23417	0.05160	0.05457	0.01587	0.01114	0.00305	0.00742	0.01350	0.01152	0.14693
4	0.02407	0.02398	0.03142	0.38714	0.05887	0.08520	0.02671	0.03372	0.09525	0.03011	0.02216	0.02916	0.01716	0.01238	0.01350	0.00368	0.07703	0.00976	0.00582	0.01289
5	0.03976	0.03365	0.03152	0.02532	0.03320	0.13068	0.02041	0.37823	0.09945	0.05860	0.02647	0.02657	0.01933	0.01294	0.01073	0.00323	0.01302	0.00958	0.00997	0.01734
6	0.32008	0.01962	0.02140	0.01727	0.02500	0.01957	0.01425	0.04427	0.02589	0.34299	0.03131	0.02896	0.02061	0.01208	0.00919	0.00337	0.00892	0.00884	0.01066	0.01572
7	0.04892	0.01856	0.02530	0.01940	0.02783	0.01603	0.01603	0.05314	0.03121	0.55634	0.04302	0.03711	0.02699	0.01350	0.01096	0.00337	0.00928	0.01096	0.01350	0.01856
8	0.02316	0.15656	0.47142	0.02888	0.04380	0.02847	0.03646	0.03420	0.02287	0.03296	0.01879	0.02204	0.01384	0.01018	0.00977	0.00326	0.01533	0.00766	0.00461	0.01574
9	0.01558	0.01168	0.01752	0.01752	0.01947	0.01363	0.01363	0.01947	0.01752	0.02531	0.02921	0.04283	0.02726	0.08178	0.57360	0.01752	0.02921	0.01168	0.00584	0.00974
10	0.01442	0.01104	0.01489	0.01663	0.01720	0.01150	0.01160	0.01637	0.02043	0.02766	0.05516	0.54652	0.06588	0.03253	0.01627	0.00447	0.07000	0.02868	0.00954	0.00919
11	0.01980	0.01253	0.01562	0.01586	0.01886	0.01180	0.01176	0.02503	0.06601	0.10493	0.10040	0.31853	0.14851	0.02735	0.01309	0.00406	0.00697	0.05691	0.01080	0.01116
12	0.09845	0.02167	0.02543	0.02460	0.06849	0.02476	0.01793	0.13254	0.11569	0.04236	0.03942	0.11745	0.08371	0.01835	0.01551	0.00383	0.11294	0.01415	0.00876	0.01395
13	0.02674	0.02321	0.03899	0.23103	0.35381	0.02455	0.03100	0.03329	0.02438	0.07610	0.02200	0.02849	0.01720	0.01041	0.01084	0.00338	0.01316	0.00981	0.00589	0.01572
14	0.02059	0.01938	0.03270	0.59060	0.07510	0.02422	0.03028	0.02786	0.02180	0.02786	0.01938	0.02907	0.01453	0.01090	0.01090	0.00363	0.01453	0.00969	0.00484	0.01211
15	0.10250	0.02490	0.02569	0.02205	0.02890	0.02846	0.01751	0.16568	0.35784	0.05159	0.03680	0.03468	0.02738	0.01387	0.01058	0.00356	0.00943	0.01102	0.01058	0.01698
16	0.01626	0.01092	0.01508	0.01508	0.01604	0.01188	0.01058	0.01735	0.01639	0.02281	0.02909	0.05054	0.02988	0.25066	0.30874	0.13275	0.01957	0.01267	0.00590	0.00782
17	0.02264	0.02130	0.03627	0.03646	0.16038	0.02105	0.14634	0.03285	0.09959	0.03971	0.20706	0.04863	0.04932	0.01471	0.01210	0.00348	0.01101	0.01441	0.00856	0.01416
18	0.69383	0.02109	0.01603	0.01434	0.02109	0.02446	0.01181	0.03205	0.01856	0.04892	0.01518	0.01771	0.01181	0.01012	0.00675	0.00337	0.00843	0.00590	0.00675	0.01181
19	0.01366	0.00978	0.01299	0.01492	0.01590	0.00911	0.01015	0.01614	0.02264	0.03064	0.14542	0.51637	0.07755	0.03206	0.01373	0.00425	0.00612	0.02900	0.01045	0.00911
20	0.02191	0.10911	0.44993	0.02793	0.04189	0.02550	0.03483	0.03282	0.02378	0.03463	0.07594	0.02880	0.02350	0.01155	0.01029	0.00334	0.01447	0.00910	0.00541	0.01527
21	0.02599	0.01974	0.02287	0.01909	0.02644	0.01872	0.01536	0.03972	0.19778	0.08875	0.03560	0.04424	0.02959	0.01398	0.01037	0.00298	0.00866	0.07442	0.00923	0.29649
22	0.16468	0.02084	0.02365	0.02159	0.07827	0.01914	0.01525	0.03234	0.07696	0.03945	0.02133	0.02399	0.01721	0.00940	0.00840	0.00238	0.00871	0.00731	0.00692	0.40220
23	0.02576	0.01640	0.02180	0.02145	0.07557	0.01412	0.01444	0.02944	0.02376	0.14804	0.03742	0.19685	0.03631	0.06119	0.01411	0.00362	0.00852	0.01546	0.00897	0.22678

[dist]
# distance from previous block
# <min> <max>
0	9

[block]
# block no. 5 follows, 12 sequences, length 26
# corresponding to MSA columns:
# 828-853
name=unknown_F
#
# <colnr> <probs for GDERKNQSTAVLIFYWHMCP>
#	G	D	E	R	K	N	Q	S	T	A	V	L	I	F	Y	W	H	M	C	P
0	0.02593	0.11669	0.10382	0.02236	0.03015	0.02817	0.02024	0.04847	0.35040	0.04096	0.06885	0.03739	0.03219	0.01384	0.01050	0.00344	0.00990	0.01124	0.00929	0.01616
1	0.59977	0.02603	0.09221	0.01668	0.02474	0.02458	0.01579	0.03240	0.01918	0.04691	0.01580	0.01846	0.01209	0.01015	0.00725	0.00338	0.00951	0.00621	0.00645	0.01241
2	0.13730	0.02156	0.06141	0.01951	0.02824	0.01786	0.01713	0.04889	0.02886	0.44883	0.03748	0.03341	0.02394	0.01280	0.01033	0.00338	0.00964	0.01005	0.01193	0.01744
3	0.21310	0.14190	0.02754	0.01774	0.02441	0.06746	0.01483	0.07278	0.02638	0.12039	0.06761	0.07343	0.06254	0.01456	0.00940	0.00321	0.00980	0.01100	0.00848	0.01343
4	0.12394	0.02238	0.06623	0.02365	0.08877	0.01813	0.01789	0.03593	0.02503	0.18924	0.03320	0.03336	0.06123	0.01190	0.00963	0.00288	0.00948	0.00955	0.00858	0.20901
5	0.02687	0.19951	0.11505	0.03839	0.22725	0.02803	0.02611	0.03264	0.02380	0.06978	0.02520	0.09379	0.02308	0.01288	0.01003	0.00316	0.01197	0.01099	0.00623	0.01526
6	0.03853	0.02347	0.06396	0.02167	0.02969	0.02098	0.01888	0.09873	0.02965	0.30646	0.03167	0.03071	0.02160	0.01316	0.01394	0.00329	0.09213	0.00972	0.01025	0.12151
7	0.02264	0.01692	0.02049	0.01571	0.02323	0.01342	0.01241	0.02753	0.02570	0.07988	0.17342	0.04087	0.04222	0.01264	0.00970	0.00228	0.00732	0.01068	0.00864	0.43430
8	0.01598	0.02074	0.13799	0.01830	0.02312	0.01310	0.01705	0.02145	0.02481	0.03484	0.21737	0.29401	0.06945	0.02465	0.01274	0.00386	0.00815	0.02189	0.00951	0.01100
9	0.02387	0.03042	0.20394	0.02928	0.07786	0.01932	0.09250	0.03109	0.02433	0.10471	0.03976	0.16880	0.07139	0.01745	0.01185	0.00370	0.01212	0.01577	0.00774	0.01412
10	0.04468	0.01748	0.02380	0.01890	0.02640	0.01517	0.01532	0.04862	0.02998	0.49344	0.04505	0.10525	0.03236	0.01595	0.01132	0.00350	0.00893	0.01335	0.01309	0.01740
11	0.03224	0.01539	0.02099	0.06393	0.02674	0.01410	0.01463	0.03664	0.02898	0.29664	0.17460	0.09947	0.09191	0.01835	0.01184	0.00352	0.00811	0.01569	0.01185	0.01437
12	0.02195	0.03940	0.30430	0.10875	0.04862	0.02348	0.12319	0.03195	0.02399	0.03453	0.06361	0.02991	0.02204	0.01102	0.01093	0.00337	0.01476	0.01004	0.00558	0.06859
13	0.69383	0.02109	0.01603	0.01434	0.02109	0.02446	0.01181	0.03205	0.01856	0.04892	0.01518	0.01771	0.01181	0.01012	0.00675	0.00337	0.00843	0.00590	0.00675	0.01181
14	0.01865	0.01650	0.02666	0.31544	0.10954	0.01874	0.02320	0.02384	0.02182	0.02877	0.03457	0.24359	0.03616	0.01936	0.01200	0.00388	0.01131	0.01757	0.00686	0.01152
15	0.03338	0.07299	0.03291	0.10757	0.11243	0.02676	0.02144	0.20919	0.03373	0.11831	0.02685	0.03292	0.02113	0.08388	0.01588	0.00412	0.01191	0.01034	0.00858	0.01566
16	0.69383	0.02109	0.01603	0.01434	0.02109	0.02446	0.01181	0.03205	0.01856	0.04892	0.01518	0.01771	0.01181	0.01012	0.00675	0.00337	0.00843	0.00590	0.00675	0.01181
17	0.02059	0.01938	0.03270	0.59060	0.07510	0.02422	0.03028	0.02786	0.02180	0.02786	0.01938	0.02907	0.01453	0.01090	0.01090	0.00363	0.01453	0.00969	0.00484	0.01211
18	0.04892	0.01856	0.02530	0.01940	0.02783	0.01603	0.01603	0.05314	0.03121	0.55634	0.04302	0.03711	0.02699	0.01350	0.01096	0.00337	0.00928	0.01096	0.01350	0.01856
19	0.09675	0.02006	0.02705	0.02362	0.06313	0.01999	0.01804	0.04604	0.02757	0.39983	0.03490	0.03284	0.02318	0.01379	0.01431	0.00357	0.09706	0.01025	0.01108	0.01692
20	0.30593	0.02317	0.06550	0.01996	0.02765	0.02155	0.05672	0.06802	0.02620	0.15109	0.10255	0.03332	0.02973	0.01280	0.00962	0.00341	0.00978	0.01005	0.00894	0.01400
21	0.01558	0.01168	0.01752	0.01752	0.01947	0.01363	0.01363	0.01947	0.01752	0.02531	0.02921	0.04283	0.02726	0.08178	0.57360	0.01752	0.02921	0.01168	0.00584	0.00974
22	0.03031	0.10600	0.07524	0.06796	0.03265	0.02175	0.05251	0.06861	0.02941	0.18506	0.16898	0.04333	0.04243	0.01451	0.01100	0.00329	0.01031	0.01234	0.00967	0.01466
23	0.03196	0.36509	0.08683	0.02391	0.03318	0.12453	0.05564	0.10186	0.02795	0.03315	0.01778	0.02030	0.01481	0.01023	0.00866	0.00272	0.01379	0.00724	0.00575	0.01462
24	0.02419	0.04556	0.42025	0.02726	0.04056	0.02211	0.03320	0.03479	0.02509	0.09792	0.09563	0.03288	0.02785	0.01240	0.01078	0.00344	0.01377	0.01004	0.00670	0.01559
25	0.07454	0.10566	0.03280	0.15231	0.03949	0.02563	0.05315	0.09844	0.06945	0.03976	0.08402	0.03250	0.02727	0.01208	0.01003	0.00307	0.01105	0.01005	0.00746	0.11123

[dist]
# distance from previous block
# <min> <max>
0	20

# created by:
# /st0/software/busco_prod/Augustus/scripts/msa2prfl.pl ./align_prep/6357.fa
