[name]
unknown

[dist]
# distance from previous block
# <min> <max>
0	1222

[block]
# block no. 0 follows, 11 sequences, length 78
# corresponding to MSA columns:
# 1328-1335,1337-1406
name=unknown_A
#
# <colnr> <probs for GDERKNQSTAVLIFYWHMCP>
#	G	D	E	R	K	N	Q	S	T	A	V	L	I	F	Y	W	H	M	C	P
0	0.01626	0.01175	0.01413	0.01504	0.01686	0.01130	0.01122	0.01876	0.02194	0.02804	0.06264	0.10067	0.16556	0.26555	0.03213	0.00720	0.00948	0.17382	0.00893	0.00871
1	0.02257	0.05822	0.54613	0.03208	0.04871	0.02614	0.04158	0.03564	0.02376	0.03564	0.02020	0.02376	0.01426	0.01069	0.01069	0.00356	0.01663	0.00832	0.00475	0.01663
2	0.01395	0.01118	0.01246	0.01267	0.01573	0.00970	0.00930	0.01721	0.02641	0.03343	0.19823	0.17733	0.36621	0.02831	0.01346	0.00386	0.00574	0.02425	0.01088	0.00970
3	0.02835	0.11679	0.11672	0.07943	0.03594	0.02856	0.02445	0.03354	0.02296	0.11815	0.02964	0.03331	0.05949	0.01562	0.01927	0.00386	0.20227	0.01044	0.00691	0.01430
4	0.08316	0.13351	0.04169	0.15320	0.26241	0.02872	0.02764	0.03484	0.02451	0.07764	0.02144	0.02656	0.01702	0.01057	0.01010	0.00327	0.01274	0.00906	0.00615	0.01577
5	0.05050	0.01915	0.02612	0.02003	0.02873	0.01654	0.01654	0.05485	0.03221	0.54203	0.04440	0.03831	0.02786	0.01393	0.01132	0.00348	0.00958	0.01132	0.01393	0.01915
6	0.02188	0.02173	0.02114	0.06332	0.02690	0.12825	0.01648	0.02527	0.02517	0.03050	0.08921	0.23990	0.09121	0.02496	0.01519	0.00411	0.06111	0.07414	0.00872	0.01080
7	0.04102	0.07926	0.10848	0.02289	0.03235	0.06667	0.02117	0.04991	0.08956	0.31719	0.03620	0.03333	0.02434	0.01304	0.01079	0.00340	0.01167	0.01025	0.01078	0.01770
8	0.03836	0.02822	0.03062	0.02434	0.03208	0.03098	0.01973	0.42349	0.04814	0.06451	0.03235	0.11380	0.02756	0.01682	0.01173	0.00356	0.01149	0.01346	0.01114	0.01762
9	0.44895	0.03020	0.12598	0.02358	0.07050	0.02628	0.02060	0.06897	0.02318	0.04795	0.01789	0.02083	0.01360	0.01070	0.00838	0.00348	0.01095	0.00717	0.00673	0.01407
10	0.03018	0.48308	0.05319	0.08912	0.03548	0.09304	0.02099	0.03420	0.02372	0.02687	0.01636	0.01975	0.01452	0.01002	0.00801	0.00262	0.01322	0.00663	0.00494	0.01407
11	0.02334	0.02001	0.02334	0.01667	0.02667	0.01500	0.01334	0.02834	0.02334	0.03668	0.02001	0.02334	0.01667	0.00834	0.00834	0.00167	0.00834	0.00667	0.00667	0.67325
12	0.04152	0.02481	0.09000	0.02169	0.03112	0.01935	0.01958	0.05118	0.10380	0.36504	0.03974	0.03591	0.02630	0.01330	0.01103	0.00340	0.01025	0.01080	0.01186	0.06930
13	0.03345	0.02966	0.10162	0.14779	0.08934	0.02686	0.09802	0.15570	0.03304	0.13271	0.02665	0.02981	0.01879	0.01186	0.01150	0.00356	0.01405	0.01056	0.00830	0.01673
14	0.01621	0.01154	0.01548	0.01548	0.01658	0.01265	0.01081	0.01842	0.01731	0.02419	0.03254	0.05745	0.03388	0.31823	0.33388	0.01486	0.02150	0.01400	0.00638	0.00860
15	0.02163	0.01613	0.02375	0.02135	0.02520	0.01623	0.05477	0.02621	0.02569	0.07838	0.14467	0.16299	0.05762	0.02347	0.01632	0.00413	0.07990	0.12199	0.00973	0.06986
16	0.03474	0.02376	0.02518	0.02021	0.02686	0.02589	0.01640	0.32302	0.04210	0.06024	0.03060	0.03254	0.02272	0.01336	0.01001	0.00310	0.00975	0.01027	0.25331	0.01595
17	0.03128	0.03125	0.03347	0.22034	0.04867	0.15450	0.02560	0.12868	0.02988	0.03682	0.01975	0.02599	0.01569	0.01357	0.01637	0.00372	0.13465	0.00935	0.00646	0.01396
18	0.01418	0.01015	0.01348	0.01536	0.01643	0.00945	0.01048	0.01684	0.02370	0.03216	0.15953	0.48983	0.08108	0.03270	0.01414	0.00436	0.00627	0.02956	0.01085	0.00945
19	0.02334	0.02001	0.02334	0.01667	0.02667	0.01500	0.01334	0.02834	0.02334	0.03668	0.02001	0.02334	0.01667	0.00834	0.00834	0.00167	0.00834	0.00667	0.00667	0.67325
20	0.01699	0.01262	0.01596	0.01493	0.01791	0.01215	0.01125	0.02463	0.07423	0.04531	0.48589	0.08038	0.09989	0.02233	0.01311	0.00356	0.00563	0.01968	0.01231	0.01125
21	0.02482	0.02519	0.03763	0.03132	0.03245	0.03388	0.07099	0.02797	0.01816	0.02797	0.01557	0.02519	0.01500	0.01869	0.03460	0.00481	0.52797	0.01019	0.00500	0.01260
22	0.02382	0.02552	0.05274	0.03932	0.04845	0.02394	0.36433	0.03191	0.02636	0.03509	0.03808	0.05455	0.07592	0.01505	0.01367	0.00403	0.01619	0.09027	0.00696	0.01380
23	0.03009	0.61122	0.05898	0.01926	0.02889	0.04454	0.01926	0.03370	0.02287	0.02648	0.01565	0.01805	0.01444	0.00963	0.00722	0.00241	0.01204	0.00602	0.00481	0.01444
24	0.68395	0.02177	0.01654	0.01480	0.02177	0.02525	0.01219	0.03309	0.01915	0.05050	0.01567	0.01828	0.01219	0.01045	0.00697	0.00348	0.00871	0.00609	0.00697	0.01219
25	0.04279	0.03153	0.03378	0.02590	0.03490	0.03490	0.02139	0.49671	0.05292	0.07093	0.02702	0.02702	0.01914	0.01351	0.01126	0.00338	0.01239	0.01013	0.01126	0.01914
26	0.02098	0.01049	0.01049	0.01049	0.01311	0.01049	0.00787	0.02623	0.02360	0.04196	0.03672	0.04196	0.02885	0.01311	0.00787	0.00262	0.00525	0.01049	0.66693	0.01049
27	0.04204	0.05364	0.03190	0.02900	0.03480	0.55926	0.02175	0.04494	0.03190	0.02755	0.01740	0.02030	0.01450	0.01160	0.01015	0.00290	0.02030	0.00725	0.00580	0.01305
28	0.68395	0.02177	0.01654	0.01480	0.02177	0.02525	0.01219	0.03309	0.01915	0.05050	0.01567	0.01828	0.01219	0.01045	0.00697	0.00348	0.00871	0.00609	0.00697	0.01219
29	0.01371	0.00979	0.01306	0.01567	0.01632	0.00914	0.01045	0.01567	0.02155	0.02873	0.06203	0.59710	0.07444	0.03526	0.01437	0.00457	0.00653	0.03200	0.01045	0.00914
30	0.02657	0.03036	0.06641	0.04744	0.05882	0.02846	0.49336	0.03605	0.02657	0.03605	0.02277	0.03036	0.01708	0.00949	0.01328	0.00380	0.01898	0.01328	0.00569	0.01518
31	0.02462	0.02462	0.03447	0.02955	0.02955	0.03447	0.02462	0.02709	0.01724	0.02709	0.01477	0.02462	0.01477	0.01970	0.03694	0.00492	0.58385	0.00985	0.00492	0.01231
32	0.01608	0.01206	0.01809	0.01809	0.02010	0.01407	0.01407	0.02010	0.01809	0.02613	0.03015	0.04422	0.02814	0.08441	0.55984	0.01809	0.03015	0.01206	0.00603	0.01005
33	0.05050	0.01915	0.02612	0.02003	0.02873	0.01654	0.01654	0.05485	0.03221	0.54203	0.04440	0.03831	0.02786	0.01393	0.01132	0.00348	0.00958	0.01132	0.01393	0.01915
34	0.05050	0.01915	0.02612	0.02003	0.02873	0.01654	0.01654	0.05485	0.03221	0.54203	0.04440	0.03831	0.02786	0.01393	0.01132	0.00348	0.00958	0.01132	0.01393	0.01915
35	0.01371	0.00979	0.01306	0.01567	0.01632	0.00914	0.01045	0.01567	0.02155	0.02873	0.06203	0.59710	0.07444	0.03526	0.01437	0.00457	0.00653	0.03200	0.01045	0.00914
36	0.60575	0.02144	0.01772	0.01545	0.02263	0.02417	0.01273	0.03577	0.02077	0.11118	0.01922	0.02076	0.01412	0.01088	0.00750	0.00348	0.00881	0.00674	0.00783	0.01305
37	0.02126	0.02001	0.03376	0.57739	0.07752	0.02501	0.03126	0.02876	0.02251	0.02876	0.02001	0.03001	0.01500	0.01125	0.01125	0.00375	0.01500	0.01000	0.00500	0.01250
38	0.03009	0.61122	0.05898	0.01926	0.02889	0.04454	0.01926	0.03370	0.02287	0.02648	0.01565	0.01805	0.01444	0.00963	0.00722	0.00241	0.01204	0.00602	0.00481	0.01444
39	0.02048	0.01768	0.06097	0.09088	0.07777	0.01521	0.01743	0.02433	0.02245	0.07388	0.04690	0.22579	0.08471	0.14466	0.02201	0.00544	0.01015	0.01948	0.00840	0.01142
40	0.09733	0.02322	0.02812	0.02249	0.02960	0.02481	0.01852	0.14175	0.07280	0.28213	0.03391	0.03245	0.02324	0.01453	0.01484	0.00371	0.09745	0.01052	0.01120	0.01740
41	0.60211	0.02037	0.01580	0.01427	0.02070	0.02343	0.01166	0.03224	0.01970	0.04944	0.01827	0.02121	0.01425	0.01078	0.00708	0.00338	0.00828	0.00664	0.08844	0.01198
42	0.60575	0.02144	0.01772	0.01545	0.02263	0.02417	0.01273	0.03577	0.02077	0.11118	0.01922	0.02076	0.01412	0.01088	0.00750	0.00348	0.00881	0.00674	0.00783	0.01305
43	0.02788	0.03393	0.19603	0.12003	0.04575	0.02590	0.07008	0.08016	0.02643	0.09868	0.02419	0.02929	0.01800	0.01857	0.05967	0.00495	0.08831	0.01008	0.00678	0.01529
44	0.04564	0.02251	0.03364	0.02522	0.03440	0.02075	0.09489	0.10633	0.03385	0.40137	0.03873	0.03562	0.02503	0.01315	0.01163	0.00352	0.01146	0.01149	0.01226	0.01850
45	0.01593	0.01150	0.01504	0.01416	0.01681	0.01062	0.01062	0.02124	0.03186	0.04513	0.52830	0.08407	0.10620	0.02301	0.01327	0.00354	0.00531	0.02035	0.01239	0.01062
46	0.04204	0.05364	0.03190	0.02900	0.03480	0.55926	0.02175	0.04494	0.03190	0.02755	0.01740	0.02030	0.01450	0.01160	0.01015	0.00290	0.02030	0.00725	0.00580	0.01305
47	0.01426	0.01019	0.01369	0.01630	0.01719	0.00961	0.01140	0.01662	0.02209	0.02934	0.06173	0.53906	0.07325	0.03475	0.01451	0.00465	0.00700	0.08465	0.01044	0.00929
48	0.01891	0.01387	0.01847	0.12006	0.02889	0.01477	0.01508	0.02646	0.06793	0.03867	0.19538	0.12822	0.05971	0.02022	0.01192	0.00367	0.00796	0.05107	0.14740	0.01136
49	0.02334	0.02001	0.02334	0.01667	0.02667	0.01500	0.01334	0.02834	0.02334	0.03668	0.02001	0.02334	0.01667	0.00834	0.00834	0.00167	0.00834	0.00667	0.00667	0.67325
50	0.09464	0.02116	0.02712	0.11133	0.03669	0.02161	0.01914	0.08579	0.09233	0.31615	0.03680	0.03484	0.02457	0.01334	0.01096	0.00356	0.01054	0.01075	0.01136	0.01732
51	0.03060	0.45496	0.09286	0.02013	0.03029	0.03763	0.02028	0.03519	0.02381	0.07356	0.01898	0.02083	0.01583	0.00997	0.00798	0.00252	0.01183	0.00674	0.00579	0.08021
52	0.08135	0.02161	0.03256	0.38667	0.10202	0.02518	0.02765	0.07224	0.02605	0.08560	0.02276	0.02943	0.01663	0.01154	0.01090	0.00364	0.01359	0.00982	0.00663	0.01414
53	0.17849	0.02042	0.02174	0.01623	0.02552	0.01741	0.01307	0.02945	0.02236	0.03992	0.01899	0.02215	0.01562	0.00883	0.00801	0.00209	0.00842	0.00653	0.00674	0.51800
54	0.13938	0.02633	0.04882	0.03568	0.04571	0.02514	0.30291	0.03998	0.02668	0.15724	0.02669	0.03026	0.01881	0.01069	0.01179	0.00367	0.01509	0.01165	0.00783	0.01563
55	0.03268	0.53614	0.05481	0.01936	0.02887	0.04099	0.01891	0.03638	0.02405	0.09185	0.01929	0.02062	0.01615	0.01017	0.00774	0.00254	0.01172	0.00669	0.00597	0.01504
56	0.10064	0.01281	0.01523	0.01424	0.01744	0.01247	0.01082	0.02274	0.03025	0.04581	0.46330	0.07573	0.09428	0.02142	0.01247	0.00353	0.00574	0.01855	0.01170	0.01082
57	0.10077	0.01329	0.01789	0.01767	0.02031	0.01549	0.01383	0.02175	0.01822	0.02922	0.02831	0.04093	0.02612	0.07503	0.48974	0.01624	0.02743	0.01130	0.00615	0.01032
58	0.18041	0.02579	0.02589	0.02196	0.02923	0.02941	0.01760	0.18225	0.26667	0.05487	0.03348	0.03224	0.02488	0.01366	0.01038	0.00361	0.00988	0.01047	0.01038	0.01694
59	0.34474	0.02911	0.11943	0.02247	0.03173	0.02493	0.06107	0.03987	0.08337	0.10844	0.02448	0.02581	0.01772	0.01144	0.00930	0.00357	0.01118	0.00861	0.00789	0.01484
60	0.01508	0.01252	0.01530	0.08397	0.02357	0.01179	0.01203	0.01923	0.02706	0.03449	0.22281	0.09132	0.34102	0.02472	0.01303	0.00372	0.00677	0.02102	0.01033	0.01021
61	0.04520	0.01940	0.02731	0.02546	0.09154	0.01734	0.01811	0.04992	0.03067	0.43681	0.04083	0.03728	0.02667	0.01337	0.01101	0.00339	0.00970	0.01109	0.06661	0.01827
62	0.03506	0.03324	0.03002	0.07475	0.09614	0.23368	0.02106	0.03956	0.02931	0.11924	0.07354	0.03179	0.02657	0.01249	0.01064	0.00303	0.01418	0.00974	0.00785	0.09811
63	0.02002	0.01924	0.07176	0.08918	0.02978	0.01660	0.01759	0.08091	0.02986	0.04116	0.23378	0.19396	0.06676	0.02223	0.01279	0.00381	0.00884	0.01953	0.01007	0.01213
64	0.01658	0.01243	0.01557	0.01587	0.01820	0.01224	0.01146	0.02391	0.08888	0.03885	0.28158	0.28288	0.08445	0.02690	0.01348	0.00399	0.00625	0.02402	0.01150	0.01094
65	0.02824	0.03010	0.09863	0.17837	0.20325	0.07657	0.02914	0.03514	0.02548	0.07547	0.02216	0.02744	0.01703	0.01068	0.01068	0.00323	0.01392	0.00922	0.00618	0.09908
66	0.03048	0.14487	0.03959	0.25059	0.13979	0.02762	0.02623	0.03636	0.02520	0.13821	0.02446	0.02887	0.01812	0.01126	0.01040	0.00334	0.01294	0.00945	0.00695	0.01528
67	0.01820	0.01602	0.02389	0.29791	0.04806	0.01794	0.02175	0.02382	0.02412	0.03018	0.05667	0.07236	0.18492	0.02030	0.01269	0.00403	0.01124	0.09706	0.00769	0.01117
68	0.02031	0.01247	0.01645	0.01490	0.01833	0.01137	0.01137	0.02550	0.03190	0.10814	0.46694	0.07827	0.09627	0.02186	0.01303	0.00353	0.00585	0.01921	0.01259	0.01170
69	0.03789	0.07517	0.07557	0.02806	0.09330	0.02127	0.05937	0.04372	0.02833	0.28744	0.03425	0.03385	0.02356	0.01233	0.01061	0.00329	0.01107	0.01050	0.09346	0.01694
70	0.03311	0.07331	0.15338	0.07480	0.07787	0.02166	0.02450	0.03977	0.02725	0.22994	0.04119	0.04057	0.08526	0.01412	0.01109	0.00347	0.01175	0.01155	0.00912	0.01627
71	0.02940	0.53684	0.05587	0.02056	0.02897	0.04326	0.01994	0.03286	0.02216	0.02656	0.01554	0.01889	0.01449	0.01091	0.01099	0.00273	0.08454	0.00650	0.00483	0.01417
72	0.04176	0.01733	0.02266	0.01800	0.02555	0.01489	0.01467	0.04576	0.03067	0.42187	0.06075	0.05475	0.14572	0.01735	0.01178	0.00356	0.00867	0.01424	0.01311	0.01689
73	0.03517	0.03540	0.19083	0.03620	0.15221	0.02566	0.02933	0.13690	0.03246	0.17284	0.02804	0.02911	0.01958	0.01196	0.01108	0.00345	0.01319	0.00986	0.00865	0.01808
74	0.03148	0.07818	0.02935	0.07176	0.08097	0.17435	0.01935	0.03529	0.02744	0.11656	0.04116	0.12338	0.08986	0.01733	0.01132	0.00344	0.01275	0.01414	0.00829	0.01360
75	0.33832	0.01999	0.02293	0.01866	0.02573	0.02050	0.07275	0.03181	0.02289	0.08592	0.03608	0.03758	0.09464	0.01343	0.00928	0.00336	0.00931	0.01055	0.06245	0.06381
76	0.02589	0.16147	0.07301	0.08857	0.03391	0.02621	0.01975	0.10715	0.03043	0.04127	0.15697	0.03992	0.04026	0.01400	0.01044	0.00304	0.01054	0.01132	0.00819	0.09767
77	0.03656	0.12062	0.03356	0.02202	0.03037	0.02915	0.01853	0.22417	0.07931	0.13224	0.02925	0.02980	0.02165	0.01845	0.05568	0.00432	0.01263	0.00970	0.00978	0.08221

[dist]
# distance from previous block
# <min> <max>
5	15

[block]
# block no. 1 follows, 11 sequences, length 41
# corresponding to MSA columns:
# 1422-1462
name=unknown_B
#
# <colnr> <probs for GDERKNQSTAVLIFYWHMCP>
#	G	D	E	R	K	N	Q	S	T	A	V	L	I	F	Y	W	H	M	C	P
0	0.10582	0.01826	0.02520	0.01994	0.02710	0.01684	0.06311	0.04069	0.02867	0.29056	0.08823	0.04743	0.08758	0.01543	0.01112	0.00347	0.00925	0.01305	0.07285	0.01538
1	0.16700	0.08811	0.03117	0.02211	0.02965	0.02666	0.05584	0.04095	0.14787	0.08746	0.02724	0.02853	0.02090	0.01228	0.01186	0.00330	0.05941	0.00927	0.00819	0.12218
2	0.15921	0.02381	0.03200	0.02611	0.03089	0.02826	0.07184	0.03450	0.06365	0.07730	0.02141	0.02651	0.01745	0.01488	0.02155	0.00402	0.25969	0.00957	0.00687	0.07048
3	0.01429	0.01129	0.01287	0.01280	0.01589	0.00987	0.00948	0.01795	0.02751	0.03557	0.25895	0.14524	0.33401	0.02715	0.01339	0.00378	0.00564	0.02330	0.01115	0.00987
4	0.03133	0.55364	0.05618	0.02026	0.02950	0.09769	0.01952	0.03486	0.02380	0.02659	0.01583	0.01829	0.01445	0.00983	0.00752	0.00246	0.01289	0.00615	0.00492	0.01430
5	0.02126	0.02001	0.03376	0.57739	0.07752	0.02501	0.03126	0.02876	0.02251	0.02876	0.02001	0.03001	0.01500	0.01125	0.01125	0.00375	0.01500	0.01000	0.00500	0.01250
6	0.02786	0.02674	0.04568	0.06908	0.53424	0.02674	0.03454	0.03454	0.02563	0.03677	0.02117	0.02786	0.01783	0.01003	0.01114	0.00334	0.01337	0.01003	0.00557	0.01783
7	0.01371	0.00979	0.01306	0.01567	0.01632	0.00914	0.01045	0.01567	0.02155	0.02873	0.06203	0.59710	0.07444	0.03526	0.01437	0.00457	0.00653	0.03200	0.01045	0.00914
8	0.01593	0.01150	0.01504	0.01416	0.01681	0.01062	0.01062	0.02124	0.03186	0.04513	0.52830	0.08407	0.10620	0.02301	0.01327	0.00354	0.00531	0.02035	0.01239	0.01062
9	0.02786	0.02674	0.04568	0.06908	0.53424	0.02674	0.03454	0.03454	0.02563	0.03677	0.02117	0.02786	0.01783	0.01003	0.01114	0.00334	0.01337	0.01003	0.00557	0.01783
10	0.02657	0.03036	0.06641	0.04744	0.05882	0.02846	0.49336	0.03605	0.02657	0.03605	0.02277	0.03036	0.01708	0.00949	0.01328	0.00380	0.01898	0.01328	0.00569	0.01518
11	0.02800	0.02418	0.02545	0.02291	0.02927	0.02800	0.01782	0.05981	0.51390	0.04708	0.04581	0.04199	0.03436	0.01527	0.01145	0.00382	0.00891	0.01273	0.01145	0.01782
12	0.01593	0.01150	0.01504	0.01416	0.01681	0.01062	0.01062	0.02124	0.03186	0.04513	0.52830	0.08407	0.10620	0.02301	0.01327	0.00354	0.00531	0.02035	0.01239	0.01062
13	0.01814	0.01296	0.01814	0.02073	0.02332	0.01296	0.01814	0.02332	0.02591	0.03368	0.05959	0.12696	0.06478	0.03109	0.01555	0.00518	0.01036	0.45848	0.01036	0.01036
14	0.02800	0.02418	0.02545	0.02291	0.02927	0.02800	0.01782	0.05981	0.51390	0.04708	0.04581	0.04199	0.03436	0.01527	0.01145	0.00382	0.00891	0.01273	0.01145	0.01782
15	0.04279	0.03153	0.03378	0.02590	0.03490	0.03490	0.02139	0.49671	0.05292	0.07093	0.02702	0.02702	0.01914	0.01351	0.01126	0.00338	0.01239	0.01013	0.01126	0.01914
16	0.01593	0.01150	0.01504	0.01416	0.01681	0.01062	0.01062	0.02124	0.03186	0.04513	0.52830	0.08407	0.10620	0.02301	0.01327	0.00354	0.00531	0.02035	0.01239	0.01062
17	0.01608	0.01206	0.01809	0.01809	0.02010	0.01407	0.01407	0.02010	0.01809	0.02613	0.03015	0.04422	0.02814	0.08441	0.55984	0.01809	0.03015	0.01206	0.00603	0.01005
18	0.68395	0.02177	0.01654	0.01480	0.02177	0.02525	0.01219	0.03309	0.01915	0.05050	0.01567	0.01828	0.01219	0.01045	0.00697	0.00348	0.00871	0.00609	0.00697	0.01219
19	0.01593	0.01150	0.01504	0.01416	0.01681	0.01062	0.01062	0.02124	0.03186	0.04513	0.52830	0.08407	0.10620	0.02301	0.01327	0.00354	0.00531	0.02035	0.01239	0.01062
20	0.02800	0.02418	0.02545	0.02291	0.02927	0.02800	0.01782	0.05981	0.51390	0.04708	0.04581	0.04199	0.03436	0.01527	0.01145	0.00382	0.00891	0.01273	0.01145	0.01782
21	0.01765	0.01338	0.01710	0.01630	0.01673	0.01540	0.01124	0.01889	0.01687	0.02358	0.03099	0.05950	0.03399	0.40017	0.15958	0.01145	0.10804	0.01440	0.00635	0.00839
22	0.01551	0.01163	0.01446	0.01417	0.01711	0.01059	0.01090	0.02019	0.02967	0.04022	0.37433	0.09474	0.20796	0.02525	0.01352	0.00378	0.00595	0.06802	0.01169	0.01031
23	0.68395	0.02177	0.01654	0.01480	0.02177	0.02525	0.01219	0.03309	0.01915	0.05050	0.01567	0.01828	0.01219	0.01045	0.00697	0.00348	0.00871	0.00609	0.00697	0.01219
24	0.05050	0.01915	0.02612	0.02003	0.02873	0.01654	0.01654	0.05485	0.03221	0.54203	0.04440	0.03831	0.02786	0.01393	0.01132	0.00348	0.00958	0.01132	0.01393	0.01915
25	0.02126	0.02001	0.03376	0.57739	0.07752	0.02501	0.03126	0.02876	0.02251	0.02876	0.02001	0.03001	0.01500	0.01125	0.01125	0.00375	0.01500	0.01000	0.00500	0.01250
26	0.08878	0.02403	0.07593	0.02700	0.03571	0.02009	0.14424	0.03879	0.02750	0.21305	0.04333	0.05059	0.08025	0.01565	0.01210	0.00379	0.01225	0.06201	0.00963	0.01529
27	0.02657	0.03036	0.06641	0.04744	0.05882	0.02846	0.49336	0.03605	0.02657	0.03605	0.02277	0.03036	0.01708	0.00949	0.01328	0.00380	0.01898	0.01328	0.00569	0.01518
28	0.01378	0.01142	0.01206	0.01190	0.01549	0.00970	0.00892	0.01707	0.02677	0.03306	0.18882	0.10394	0.45321	0.02751	0.01330	0.00375	0.00563	0.02314	0.01080	0.00970
29	0.26923	0.02370	0.03273	0.02595	0.03343	0.02552	0.14187	0.08534	0.06723	0.04452	0.02385	0.02887	0.01885	0.02342	0.10270	0.00604	0.01547	0.01003	0.00733	0.01388
30	0.04329	0.04061	0.03204	0.02671	0.03417	0.28083	0.02102	0.23413	0.04068	0.10261	0.02440	0.02509	0.01791	0.01265	0.01074	0.00316	0.01582	0.00890	0.00897	0.01626
31	0.02126	0.02001	0.03376	0.57739	0.07752	0.02501	0.03126	0.02876	0.02251	0.02876	0.02001	0.03001	0.01500	0.01125	0.01125	0.00375	0.01500	0.01000	0.00500	0.01250
32	0.01371	0.00979	0.01306	0.01567	0.01632	0.00914	0.01045	0.01567	0.02155	0.02873	0.06203	0.59710	0.07444	0.03526	0.01437	0.00457	0.00653	0.03200	0.01045	0.00914
33	0.02581	0.02328	0.03710	0.22687	0.27652	0.02522	0.02956	0.08007	0.02709	0.03694	0.02563	0.08727	0.02288	0.01341	0.01152	0.00361	0.01310	0.01230	0.00649	0.01531
34	0.02257	0.05822	0.54613	0.03208	0.04871	0.02614	0.04158	0.03564	0.02376	0.03564	0.02020	0.02376	0.01426	0.01069	0.01069	0.00356	0.01663	0.00832	0.00475	0.01663
35	0.02126	0.02001	0.03376	0.57739	0.07752	0.02501	0.03126	0.02876	0.02251	0.02876	0.02001	0.03001	0.01500	0.01125	0.01125	0.00375	0.01500	0.01000	0.00500	0.01250
36	0.49846	0.02677	0.10565	0.01764	0.02576	0.02378	0.01697	0.03220	0.02134	0.04740	0.07323	0.02650	0.02295	0.01188	0.00829	0.00350	0.00967	0.00805	0.00719	0.01276
37	0.09932	0.01395	0.01688	0.01512	0.01825	0.01362	0.01075	0.02771	0.02153	0.15404	0.07446	0.05146	0.03565	0.22515	0.03387	0.14666	0.00962	0.01295	0.00865	0.01036
38	0.02318	0.02669	0.12251	0.02579	0.03327	0.02111	0.09963	0.07895	0.07998	0.03908	0.08170	0.06182	0.07778	0.08293	0.01767	0.00471	0.01226	0.08881	0.00856	0.01356
39	0.02928	0.24973	0.26852	0.02697	0.03889	0.14457	0.02965	0.03692	0.02516	0.03075	0.01803	0.02105	0.01437	0.01051	0.00937	0.00302	0.01580	0.00729	0.00499	0.01512
40	0.03518	0.27980	0.09839	0.02470	0.03387	0.18677	0.02277	0.12821	0.03144	0.03651	0.01887	0.02107	0.01536	0.01107	0.00922	0.00286	0.01494	0.00742	0.00636	0.01521

[dist]
# distance from previous block
# <min> <max>
0	2

[block]
# block no. 2 follows, 11 sequences, length 65
# corresponding to MSA columns:
# 1465-1529
name=unknown_C
#
# <colnr> <probs for GDERKNQSTAVLIFYWHMCP>
#	G	D	E	R	K	N	Q	S	T	A	V	L	I	F	Y	W	H	M	C	P
0	0.03470	0.08950	0.03637	0.07166	0.03714	0.06787	0.09012	0.12291	0.03177	0.16251	0.03318	0.11304	0.02788	0.01545	0.01150	0.00353	0.01264	0.01343	0.00929	0.01552
1	0.01762	0.02032	0.10259	0.02214	0.02689	0.01479	0.06923	0.02280	0.02368	0.03236	0.09030	0.28401	0.05753	0.06974	0.01701	0.00482	0.01031	0.09382	0.00893	0.01112
2	0.01747	0.01476	0.02216	0.24776	0.04253	0.01635	0.01997	0.02236	0.02327	0.02979	0.05236	0.21248	0.11902	0.02364	0.01310	0.00421	0.01051	0.08930	0.00819	0.01078
3	0.01612	0.01188	0.01719	0.01719	0.01888	0.01358	0.01294	0.01952	0.01782	0.02546	0.03097	0.04879	0.03012	0.16512	0.48185	0.01697	0.02716	0.01273	0.00615	0.00955
4	0.02343	0.02162	0.03613	0.28651	0.25284	0.02383	0.03054	0.03024	0.02429	0.03275	0.02662	0.04419	0.02386	0.01384	0.01187	0.00381	0.01363	0.07962	0.00606	0.01431
5	0.01782	0.01273	0.01580	0.01513	0.01813	0.01247	0.01161	0.02568	0.07701	0.04406	0.39031	0.07883	0.08747	0.02182	0.01269	0.00360	0.00605	0.05361	0.08390	0.01128
6	0.04568	0.02689	0.03091	0.02369	0.03259	0.02802	0.01957	0.33095	0.04515	0.24766	0.03354	0.03126	0.02241	0.01367	0.01128	0.00342	0.01133	0.01058	0.01226	0.01915
7	0.03266	0.02847	0.02957	0.02431	0.03060	0.15529	0.08968	0.08903	0.06612	0.08546	0.03000	0.03277	0.02268	0.01245	0.01022	0.00312	0.01258	0.01031	0.22056	0.01412
8	0.01608	0.01206	0.01809	0.01809	0.02010	0.01407	0.01407	0.02010	0.01809	0.02613	0.03015	0.04422	0.02814	0.08441	0.55984	0.01809	0.03015	0.01206	0.00603	0.01005
9	0.03967	0.01853	0.02358	0.01941	0.02635	0.01726	0.01550	0.08306	0.06809	0.34751	0.05101	0.12961	0.07243	0.01840	0.01195	0.00369	0.00900	0.01547	0.01272	0.01678
10	0.04975	0.02035	0.02686	0.02059	0.02933	0.01831	0.01701	0.09750	0.03421	0.49656	0.04273	0.03722	0.02702	0.01389	0.01131	0.00347	0.00985	0.01120	0.01367	0.01915
11	0.12731	0.02355	0.03687	0.24346	0.29045	0.02589	0.02989	0.03224	0.02350	0.03602	0.01990	0.02714	0.01594	0.01053	0.01053	0.00351	0.01323	0.00941	0.00558	0.01504
12	0.02264	0.01630	0.02361	0.24750	0.04324	0.01820	0.01976	0.03038	0.06171	0.08030	0.11195	0.10425	0.04073	0.01658	0.01141	0.00361	0.01008	0.01445	0.11078	0.01251
13	0.02800	0.02418	0.02545	0.02291	0.02927	0.02800	0.01782	0.05981	0.51390	0.04708	0.04581	0.04199	0.03436	0.01527	0.01145	0.00382	0.00891	0.01273	0.01145	0.01782
14	0.01412	0.00997	0.01294	0.01514	0.01570	0.00942	0.00988	0.01578	0.02074	0.02766	0.05791	0.51586	0.06924	0.12360	0.02103	0.00556	0.00721	0.02957	0.00988	0.00878
15	0.02740	0.32824	0.17472	0.02972	0.04145	0.03598	0.15003	0.03478	0.02406	0.03116	0.01860	0.02265	0.01510	0.00984	0.00964	0.00305	0.01495	0.00848	0.00503	0.01515
16	0.21068	0.01892	0.02061	0.01694	0.02379	0.01906	0.01379	0.08159	0.02858	0.25328	0.03346	0.03286	0.02317	0.01278	0.00935	0.00327	0.00858	0.00964	0.16435	0.01529
17	0.01440	0.01029	0.01385	0.01646	0.01741	0.00973	0.01164	0.01686	0.02223	0.02950	0.06166	0.52414	0.07294	0.03461	0.01455	0.00467	0.00713	0.09819	0.01043	0.00933
18	0.13413	0.03398	0.08508	0.02556	0.03161	0.15297	0.02237	0.08042	0.02708	0.07777	0.02342	0.03238	0.01989	0.01525	0.01677	0.00383	0.15030	0.04600	0.00721	0.01399
19	0.02955	0.10592	0.33620	0.02994	0.04244	0.20050	0.03317	0.03848	0.02632	0.03221	0.01889	0.02213	0.01435	0.01089	0.01021	0.00325	0.01741	0.00777	0.00510	0.01528
20	0.01808	0.01368	0.01978	0.02412	0.07709	0.01343	0.01741	0.02288	0.02603	0.03492	0.12855	0.19245	0.06776	0.02826	0.01450	0.00462	0.00923	0.26601	0.01017	0.01101
21	0.01637	0.01091	0.01228	0.01228	0.01228	0.01091	0.00682	0.01637	0.01637	0.02182	0.03546	0.07365	0.04092	0.60445	0.05729	0.01091	0.01091	0.01637	0.00682	0.00682
22	0.03277	0.09127	0.04104	0.02825	0.03677	0.03013	0.13214	0.25181	0.03960	0.05316	0.11327	0.03691	0.03350	0.01380	0.01166	0.00340	0.01267	0.01224	0.00942	0.01617
23	0.03886	0.04347	0.03193	0.03134	0.08776	0.36914	0.02194	0.11636	0.03397	0.03688	0.02100	0.02403	0.01682	0.01187	0.01025	0.00300	0.01699	0.00830	0.06175	0.01436
24	0.05050	0.01915	0.02612	0.02003	0.02873	0.01654	0.01654	0.05485	0.03221	0.54203	0.04440	0.03831	0.02786	0.01393	0.01132	0.00348	0.00958	0.01132	0.01393	0.01915
25	0.02603	0.02646	0.03526	0.26673	0.21141	0.10690	0.02858	0.03231	0.02599	0.03295	0.07570	0.03374	0.02583	0.01220	0.01127	0.00346	0.01424	0.01072	0.00612	0.01410
26	0.10225	0.21199	0.13372	0.02373	0.03192	0.03226	0.02348	0.03570	0.02273	0.11097	0.02075	0.02385	0.01632	0.01299	0.01557	0.00351	0.14877	0.00819	0.00648	0.01482
27	0.01659	0.01336	0.01502	0.01427	0.01798	0.01274	0.01080	0.02481	0.10157	0.03899	0.27484	0.08834	0.28039	0.02425	0.01301	0.00370	0.00602	0.02069	0.01140	0.01121
28	0.01965	0.01509	0.02241	0.02823	0.10261	0.01509	0.02068	0.02506	0.02587	0.03416	0.05363	0.11158	0.05749	0.02782	0.01486	0.00490	0.01083	0.38888	0.00962	0.01152
29	0.18586	0.02642	0.03095	0.09110	0.11218	0.07238	0.02275	0.07889	0.02543	0.07980	0.02033	0.02518	0.01611	0.01335	0.01627	0.00378	0.14893	0.00894	0.00692	0.01443
30	0.01955	0.00978	0.01466	0.01466	0.01466	0.00978	0.00978	0.01466	0.01466	0.01955	0.01955	0.03421	0.01955	0.03910	0.04399	0.67253	0.00978	0.00978	0.00489	0.00489
31	0.01371	0.00979	0.01306	0.01567	0.01632	0.00914	0.01045	0.01567	0.02155	0.02873	0.06203	0.59710	0.07444	0.03526	0.01437	0.00457	0.00653	0.03200	0.01045	0.00914
32	0.17273	0.02576	0.02701	0.02194	0.02986	0.02828	0.01786	0.22569	0.15153	0.13804	0.03196	0.03060	0.02273	0.01336	0.01043	0.00352	0.01035	0.01011	0.01086	0.01740
33	0.02598	0.22513	0.25493	0.02879	0.04039	0.03311	0.08076	0.03610	0.05948	0.03287	0.02045	0.02410	0.01616	0.01136	0.01227	0.00336	0.06530	0.00859	0.00539	0.01548
34	0.02098	0.01049	0.01049	0.01049	0.01311	0.01049	0.00787	0.02623	0.02360	0.04196	0.03672	0.04196	0.02885	0.01311	0.00787	0.00262	0.00525	0.01049	0.66693	0.01049
35	0.05050	0.01915	0.02612	0.02003	0.02873	0.01654	0.01654	0.05485	0.03221	0.54203	0.04440	0.03831	0.02786	0.01393	0.01132	0.00348	0.00958	0.01132	0.01393	0.01915
36	0.02975	0.02415	0.03543	0.26470	0.17083	0.02699	0.02801	0.12727	0.06637	0.07808	0.02538	0.03040	0.01888	0.01190	0.01125	0.00356	0.01324	0.01033	0.00751	0.01597
37	0.01433	0.01106	0.01308	0.01338	0.01604	0.00981	0.00973	0.01784	0.02689	0.03523	0.24862	0.21388	0.27336	0.02814	0.01354	0.00389	0.00576	0.02448	0.01114	0.00981
38	0.02022	0.01260	0.01556	0.01418	0.01808	0.01115	0.01086	0.02464	0.03002	0.11389	0.33043	0.08473	0.22400	0.02335	0.01299	0.00361	0.00606	0.02006	0.01203	0.01154
39	0.03671	0.01966	0.02373	0.01960	0.02635	0.01962	0.01570	0.09117	0.14731	0.26243	0.11754	0.04549	0.04079	0.01555	0.01137	0.00349	0.00868	0.01287	0.06512	0.01682
40	0.08650	0.02539	0.03577	0.17355	0.21138	0.02760	0.02709	0.15637	0.03201	0.08206	0.02368	0.02813	0.01775	0.01157	0.01087	0.00347	0.01284	0.00982	0.00766	0.01650
41	0.09279	0.02869	0.11291	0.03408	0.11425	0.02394	0.11280	0.04093	0.10305	0.12235	0.07354	0.03571	0.02869	0.01268	0.01134	0.00359	0.01244	0.01156	0.00849	0.01617
42	0.62686	0.02460	0.01791	0.01606	0.02293	0.07274	0.01304	0.03414	0.02029	0.04846	0.01583	0.01846	0.01239	0.01055	0.00725	0.00343	0.00974	0.00620	0.00686	0.01227
43	0.03038	0.03144	0.11192	0.16250	0.09541	0.08419	0.06951	0.03700	0.02526	0.11922	0.02352	0.02847	0.01748	0.01266	0.01509	0.00372	0.10055	0.00995	0.00669	0.01504
44	0.08154	0.02221	0.02525	0.01920	0.02826	0.02041	0.01555	0.11318	0.07043	0.14006	0.02761	0.02796	0.02034	0.01098	0.00954	0.00261	0.00931	0.00858	0.00922	0.33777
45	0.01593	0.01150	0.01504	0.01416	0.01681	0.01062	0.01062	0.02124	0.03186	0.04513	0.52830	0.08407	0.10620	0.02301	0.01327	0.00354	0.00531	0.02035	0.01239	0.01062
46	0.02668	0.02431	0.07703	0.10995	0.04279	0.02198	0.14803	0.07289	0.02702	0.09095	0.03241	0.05159	0.02878	0.10627	0.01955	0.00501	0.01404	0.07927	0.00779	0.01367
47	0.01955	0.00978	0.01466	0.01466	0.01466	0.00978	0.00978	0.01466	0.01466	0.01955	0.01955	0.03421	0.01955	0.03910	0.04399	0.67253	0.00978	0.00978	0.00489	0.00489
48	0.02605	0.02317	0.02687	0.02386	0.02824	0.02814	0.01895	0.04788	0.34208	0.04171	0.08054	0.04121	0.03564	0.01711	0.01824	0.00408	0.15800	0.01265	0.00984	0.01575
49	0.03018	0.02875	0.02645	0.02385	0.03013	0.11045	0.01843	0.05750	0.43910	0.04405	0.04140	0.03863	0.03128	0.01470	0.01125	0.00368	0.01068	0.01188	0.01058	0.01708
50	0.02334	0.02001	0.02334	0.01667	0.02667	0.01500	0.01334	0.02834	0.02334	0.03668	0.02001	0.02334	0.01667	0.00834	0.00834	0.00167	0.00834	0.00667	0.00667	0.67325
51	0.01448	0.01037	0.01386	0.01593	0.01708	0.00974	0.01122	0.01727	0.02357	0.03176	0.13416	0.47210	0.07844	0.03296	0.01431	0.00447	0.00671	0.07136	0.01074	0.00949
52	0.68395	0.02177	0.01654	0.01480	0.02177	0.02525	0.01219	0.03309	0.01915	0.05050	0.01567	0.01828	0.01219	0.01045	0.00697	0.00348	0.00871	0.00609	0.00697	0.01219
53	0.01412	0.00997	0.01294	0.01514	0.01570	0.00942	0.00988	0.01578	0.02074	0.02766	0.05791	0.51586	0.06924	0.12360	0.02103	0.00556	0.00721	0.02957	0.00988	0.00878
54	0.02334	0.02001	0.02334	0.01667	0.02667	0.01500	0.01334	0.02834	0.02334	0.03668	0.02001	0.02334	0.01667	0.00834	0.00834	0.00167	0.00834	0.00667	0.00667	0.67325
55	0.01570	0.01150	0.01472	0.01392	0.01667	0.01052	0.01044	0.02079	0.03131	0.04383	0.49155	0.08622	0.14376	0.02350	0.01328	0.00356	0.00534	0.02066	0.01222	0.01052
56	0.01549	0.01117	0.01465	0.01446	0.01672	0.01033	0.01059	0.02013	0.02981	0.04188	0.43571	0.18595	0.09989	0.02544	0.01349	0.00374	0.00555	0.02267	0.01200	0.01033
57	0.02657	0.03036	0.06641	0.04744	0.05882	0.02846	0.49336	0.03605	0.02657	0.03605	0.02277	0.03036	0.01708	0.00949	0.01328	0.00380	0.01898	0.01328	0.00569	0.01518
58	0.02334	0.02001	0.02334	0.01667	0.02667	0.01500	0.01334	0.02834	0.02334	0.03668	0.02001	0.02334	0.01667	0.00834	0.00834	0.00167	0.00834	0.00667	0.00667	0.67325
59	0.01608	0.01206	0.01809	0.01809	0.02010	0.01407	0.01407	0.02010	0.01809	0.02613	0.03015	0.04422	0.02814	0.08441	0.55984	0.01809	0.03015	0.01206	0.00603	0.01005
60	0.02239	0.02134	0.03502	0.44757	0.11453	0.02657	0.03060	0.02907	0.02203	0.02928	0.01935	0.02901	0.01524	0.01238	0.01503	0.00388	0.09870	0.00998	0.00505	0.01299
61	0.02665	0.02629	0.08538	0.19687	0.08885	0.06910	0.02480	0.06598	0.02754	0.08409	0.06998	0.12119	0.03320	0.01621	0.01174	0.00368	0.01270	0.01395	0.00786	0.01394
62	0.02672	0.02461	0.03988	0.04491	0.24163	0.02475	0.10152	0.07504	0.06749	0.03888	0.02528	0.03147	0.02069	0.02207	0.09641	0.00559	0.01594	0.01078	0.00676	0.07957
63	0.02934	0.16399	0.03664	0.14934	0.04064	0.03146	0.02172	0.15132	0.11435	0.04163	0.02627	0.03003	0.02068	0.02014	0.07047	0.00492	0.01425	0.00978	0.00775	0.01527
64	0.02478	0.02371	0.03880	0.21826	0.14994	0.02482	0.10523	0.03565	0.09638	0.03551	0.02451	0.03037	0.01903	0.01085	0.01115	0.00336	0.01342	0.01045	0.00644	0.11734

[dist]
# distance from previous block
# <min> <max>
0	1

[block]
# block no. 3 follows, 11 sequences, length 13
# corresponding to MSA columns:
# 1531-1543
name=unknown_D
#
# <colnr> <probs for GDERKNQSTAVLIFYWHMCP>
#	G	D	E	R	K	N	Q	S	T	A	V	L	I	F	Y	W	H	M	C	P
0	0.02356	0.02299	0.03955	0.10670	0.19830	0.02512	0.10805	0.02909	0.02296	0.03224	0.02766	0.13441	0.02734	0.01676	0.01736	0.00402	0.12892	0.01467	0.00631	0.01400
1	0.02656	0.02178	0.02831	0.10739	0.03496	0.02578	0.02113	0.15443	0.03181	0.04381	0.12882	0.05018	0.04048	0.01873	0.01868	0.00407	0.15607	0.06453	0.00883	0.01364
2	0.01544	0.01149	0.01437	0.01365	0.01652	0.01041	0.01024	0.02030	0.03071	0.04241	0.45154	0.08857	0.18466	0.02403	0.01328	0.00359	0.00538	0.02098	0.01203	0.01041
3	0.02581	0.02759	0.03747	0.40890	0.06720	0.12541	0.08692	0.03269	0.02477	0.02944	0.01986	0.02823	0.01517	0.01110	0.01130	0.00360	0.01649	0.00989	0.00524	0.01294
4	0.03076	0.02555	0.02701	0.02346	0.03032	0.02929	0.01848	0.14156	0.42764	0.05155	0.04229	0.03919	0.03151	0.01494	0.01142	0.00374	0.00956	0.01224	0.01142	0.01806
5	0.01933	0.01445	0.01680	0.01641	0.01960	0.01423	0.01208	0.10649	0.02965	0.03905	0.12545	0.31374	0.17321	0.02811	0.01340	0.00404	0.00728	0.02455	0.01084	0.01128
6	0.01415	0.01013	0.01345	0.01537	0.01642	0.00943	0.01048	0.01677	0.02357	0.03195	0.15361	0.49635	0.08068	0.03286	0.01415	0.00437	0.00629	0.02971	0.01083	0.00943
7	0.02657	0.03036	0.06641	0.04744	0.05882	0.02846	0.49336	0.03605	0.02657	0.03605	0.02277	0.03036	0.01708	0.00949	0.01328	0.00380	0.01898	0.01328	0.00569	0.01518
8	0.02933	0.02438	0.03304	0.33729	0.05850	0.02871	0.02666	0.19426	0.07583	0.04503	0.02469	0.03001	0.01813	0.01239	0.01127	0.00363	0.01356	0.01028	0.00774	0.01527
9	0.01479	0.01058	0.01241	0.01340	0.01435	0.00998	0.00852	0.01606	0.02006	0.02604	0.06021	0.27800	0.14505	0.28153	0.03283	0.00718	0.00828	0.02366	0.00887	0.00820
10	0.02492	0.01916	0.02148	0.01857	0.02374	0.02018	0.01456	0.15093	0.13171	0.05035	0.25216	0.06405	0.12218	0.01971	0.01240	0.00359	0.00789	0.01663	0.01167	0.01410
11	0.01378	0.01036	0.01277	0.01441	0.01606	0.00935	0.00995	0.01624	0.02346	0.03047	0.11252	0.42602	0.19879	0.03249	0.01400	0.00428	0.00621	0.02888	0.01060	0.00935
12	0.02181	0.02718	0.13117	0.08218	0.11552	0.02101	0.11758	0.02977	0.02681	0.03746	0.15463	0.05435	0.04502	0.01606	0.01258	0.00379	0.01281	0.06871	0.00772	0.01387

[dist]
# distance from previous block
# <min> <max>
0	18

[block]
# block no. 4 follows, 11 sequences, length 91
# corresponding to MSA columns:
# 1562-1652
name=unknown_E
#
# <colnr> <probs for GDERKNQSTAVLIFYWHMCP>
#	G	D	E	R	K	N	Q	S	T	A	V	L	I	F	Y	W	H	M	C	P
0	0.02391	0.03395	0.20433	0.02957	0.03937	0.02367	0.13180	0.07384	0.06499	0.03837	0.06933	0.03865	0.02857	0.07200	0.07212	0.00576	0.01609	0.01208	0.00704	0.01456
1	0.03438	0.26058	0.08804	0.02526	0.03335	0.21063	0.02276	0.09106	0.02895	0.03288	0.01788	0.02091	0.01502	0.01169	0.01151	0.00300	0.06423	0.00744	0.00590	0.01454
2	0.03516	0.18545	0.04075	0.09121	0.09631	0.25440	0.02362	0.08551	0.03001	0.03294	0.01867	0.02237	0.01541	0.01108	0.00976	0.00297	0.01601	0.00786	0.00600	0.01452
3	0.02640	0.32833	0.24323	0.02392	0.03630	0.03397	0.02720	0.03383	0.02327	0.03121	0.01792	0.02088	0.01463	0.00989	0.00869	0.00277	0.01338	0.00698	0.00501	0.09219
4	0.16891	0.11771	0.12736	0.03714	0.17672	0.02813	0.06631	0.03640	0.02424	0.08694	0.02140	0.02489	0.01642	0.01050	0.00979	0.00332	0.01285	0.00870	0.00644	0.01582
5	0.02584	0.02363	0.03275	0.02712	0.03277	0.06817	0.13590	0.12896	0.03061	0.03974	0.04049	0.27792	0.04252	0.02189	0.01304	0.00397	0.01217	0.02029	0.00901	0.01321
6	0.02824	0.02153	0.02652	0.02246	0.07245	0.01795	0.01625	0.07290	0.02706	0.09161	0.02323	0.02560	0.01814	0.00952	0.00915	0.00215	0.00926	0.00775	0.00772	0.49051
7	0.01496	0.01147	0.01370	0.01314	0.01622	0.01021	0.00986	0.01937	0.02957	0.03971	0.37569	0.09301	0.26219	0.02503	0.01329	0.00364	0.00545	0.02161	0.01168	0.01021
8	0.02584	0.02298	0.02557	0.02406	0.02835	0.12610	0.06596	0.03026	0.02686	0.07645	0.04632	0.18468	0.04831	0.02423	0.01359	0.00430	0.01242	0.19252	0.00928	0.01193
9	0.02713	0.02600	0.04437	0.12499	0.48401	0.02655	0.03418	0.03391	0.02528	0.03589	0.02104	0.02809	0.01752	0.01016	0.01115	0.00339	0.01355	0.01003	0.00551	0.01724
10	0.02646	0.02182	0.03602	0.15314	0.04547	0.02272	0.13958	0.07507	0.07008	0.08427	0.11304	0.04987	0.03847	0.01544	0.01254	0.00382	0.01274	0.05641	0.00879	0.01428
11	0.02760	0.02289	0.03816	0.28685	0.27443	0.02479	0.03100	0.03437	0.02502	0.09222	0.02337	0.03002	0.01776	0.01102	0.01121	0.00354	0.01365	0.01017	0.00630	0.01564
12	0.02657	0.03036	0.06641	0.04744	0.05882	0.02846	0.49336	0.03605	0.02657	0.03605	0.02277	0.03036	0.01708	0.00949	0.01328	0.00380	0.01898	0.01328	0.00569	0.01518
13	0.02345	0.02193	0.03533	0.40456	0.16903	0.02572	0.03039	0.03361	0.08053	0.03260	0.02327	0.03095	0.01786	0.01146	0.01125	0.00367	0.01394	0.01033	0.00588	0.01426
14	0.03618	0.02825	0.03006	0.02456	0.03239	0.03182	0.01980	0.30167	0.25871	0.06029	0.03541	0.03371	0.02593	0.01430	0.01135	0.00357	0.01083	0.01129	0.01135	0.01855
15	0.05050	0.01915	0.02612	0.02003	0.02873	0.01654	0.01654	0.05485	0.03221	0.54203	0.04440	0.03831	0.02786	0.01393	0.01132	0.00348	0.00958	0.01132	0.01393	0.01915
16	0.01637	0.01091	0.01228	0.01228	0.01228	0.01091	0.00682	0.01637	0.01637	0.02182	0.03546	0.07365	0.04092	0.60445	0.05729	0.01091	0.01091	0.01637	0.00682	0.00682
17	0.02561	0.02135	0.02456	0.01775	0.02763	0.01733	0.01428	0.08301	0.02679	0.04067	0.02082	0.02377	0.01696	0.00894	0.00868	0.00187	0.00881	0.00707	0.00720	0.59690
18	0.02334	0.02001	0.02334	0.01667	0.02667	0.01500	0.01334	0.02834	0.02334	0.03668	0.02001	0.02334	0.01667	0.00834	0.00834	0.00167	0.00834	0.00667	0.00667	0.67325
19	0.04204	0.05364	0.03190	0.02900	0.03480	0.55926	0.02175	0.04494	0.03190	0.02755	0.01740	0.02030	0.01450	0.01160	0.01015	0.00290	0.02030	0.00725	0.00580	0.01305
20	0.01616	0.01174	0.01649	0.01649	0.01795	0.01320	0.01208	0.01907	0.01762	0.02495	0.03161	0.05230	0.03165	0.22721	0.42185	0.01612	0.02487	0.01324	0.00625	0.00916
21	0.01359	0.01141	0.01180	0.01171	0.01538	0.00962	0.00878	0.01671	0.02634	0.03203	0.15958	0.10565	0.48310	0.02790	0.01330	0.00377	0.00566	0.02338	0.01066	0.00962
22	0.02462	0.02462	0.03447	0.02955	0.02955	0.03447	0.02462	0.02709	0.01724	0.02709	0.01477	0.02462	0.01477	0.01970	0.03694	0.00492	0.58385	0.00985	0.00492	0.01231
23	0.04279	0.03153	0.03378	0.02590	0.03490	0.03490	0.02139	0.49671	0.05292	0.07093	0.02702	0.02702	0.01914	0.01351	0.01126	0.00338	0.01239	0.01013	0.01126	0.01914
24	0.01384	0.01124	0.01226	0.01239	0.01563	0.00967	0.00915	0.01705	0.02636	0.03297	0.18554	0.15755	0.40065	0.02822	0.01341	0.00384	0.00572	0.02403	0.01081	0.00967
25	0.03009	0.61122	0.05898	0.01926	0.02889	0.04454	0.01926	0.03370	0.02287	0.02648	0.01565	0.01805	0.01444	0.00963	0.00722	0.00241	0.01204	0.00602	0.00481	0.01444
26	0.04279	0.03153	0.03378	0.02590	0.03490	0.03490	0.02139	0.49671	0.05292	0.07093	0.02702	0.02702	0.01914	0.01351	0.01126	0.00338	0.01239	0.01013	0.01126	0.01914
27	0.03989	0.02699	0.02986	0.02389	0.03206	0.02936	0.01941	0.28333	0.18512	0.15380	0.03589	0.03360	0.02530	0.01411	0.01133	0.00353	0.01082	0.01113	0.01183	0.01875
28	0.02462	0.02462	0.03447	0.02955	0.02955	0.03447	0.02462	0.02709	0.01724	0.02709	0.01477	0.02462	0.01477	0.01970	0.03694	0.00492	0.58385	0.00985	0.00492	0.01231
29	0.01814	0.01296	0.01814	0.02073	0.02332	0.01296	0.01814	0.02332	0.02591	0.03368	0.05959	0.12696	0.06478	0.03109	0.01555	0.00518	0.01036	0.45848	0.01036	0.01036
30	0.01814	0.01296	0.01814	0.02073	0.02332	0.01296	0.01814	0.02332	0.02591	0.03368	0.05959	0.12696	0.06478	0.03109	0.01555	0.00518	0.01036	0.45848	0.01036	0.01036
31	0.01985	0.01644	0.02555	0.08014	0.16382	0.01669	0.02164	0.02478	0.02438	0.03278	0.04649	0.21683	0.05042	0.02482	0.01368	0.00440	0.01055	0.18586	0.00863	0.01223
32	0.02800	0.02418	0.02545	0.02291	0.02927	0.02800	0.01782	0.05981	0.51390	0.04708	0.04581	0.04199	0.03436	0.01527	0.01145	0.00382	0.00891	0.01273	0.01145	0.01782
33	0.05050	0.01915	0.02612	0.02003	0.02873	0.01654	0.01654	0.05485	0.03221	0.54203	0.04440	0.03831	0.02786	0.01393	0.01132	0.00348	0.00958	0.01132	0.01393	0.01915
34	0.01514	0.01184	0.01389	0.01490	0.01726	0.01120	0.01057	0.02055	0.07145	0.03234	0.11369	0.34725	0.21799	0.03021	0.01366	0.00417	0.00640	0.02659	0.01070	0.01021
35	0.04193	0.02725	0.13349	0.07659	0.03756	0.01933	0.02311	0.04838	0.02954	0.38838	0.03707	0.03452	0.02382	0.01301	0.01118	0.00353	0.01155	0.01058	0.01118	0.01799
36	0.02098	0.01049	0.01049	0.01049	0.01311	0.01049	0.00787	0.02623	0.02360	0.04196	0.03672	0.04196	0.02885	0.01311	0.00787	0.00262	0.00525	0.01049	0.66693	0.01049
37	0.02709	0.02253	0.03713	0.18343	0.10171	0.02434	0.10762	0.07318	0.02827	0.08702	0.10672	0.03879	0.03227	0.01394	0.01421	0.00372	0.06332	0.01242	0.00781	0.01447
38	0.02497	0.16700	0.09415	0.24685	0.05813	0.03073	0.15979	0.03260	0.02385	0.03088	0.01977	0.02671	0.01539	0.01032	0.01082	0.00343	0.01556	0.00983	0.00513	0.01409
39	0.03783	0.03016	0.15951	0.08344	0.04217	0.02116	0.07987	0.04525	0.02848	0.30570	0.03342	0.03295	0.02194	0.01234	0.01139	0.00357	0.01297	0.01067	0.00979	0.01739
