[name]
unknown

[dist]
# distance from previous block
# <min> <max>
0	96

[block]
# block no. 0 follows, 12 sequences, length 15
# corresponding to MSA columns:
# 111-125
name=unknown_A
#
# <colnr> <probs for GDERKNQSTAVLIFYWHMCP>
#	G	D	E	R	K	N	Q	S	T	A	V	L	I	F	Y	W	H	M	C	P
0	0.02472	0.02284	0.06749	0.12011	0.07090	0.06302	0.04624	0.02996	0.02403	0.08906	0.03506	0.09578	0.03378	0.06753	0.01714	0.00452	0.04509	0.12257	0.00769	0.01247
1	0.04285	0.07063	0.03225	0.02270	0.03094	0.02405	0.04536	0.15832	0.03413	0.33873	0.03399	0.03176	0.02264	0.01314	0.01214	0.00336	0.04385	0.01031	0.01123	0.01760
2	0.01983	0.01183	0.01464	0.01442	0.01768	0.01043	0.01061	0.02282	0.02524	0.12542	0.13225	0.27855	0.22087	0.02687	0.01292	0.00387	0.00645	0.02343	0.01096	0.01089
3	0.47740	0.01752	0.01482	0.01428	0.01932	0.01953	0.01113	0.02672	0.01961	0.04234	0.03349	0.16563	0.06871	0.01724	0.00895	0.00365	0.00770	0.01325	0.00782	0.01090
4	0.01854	0.01363	0.01493	0.01434	0.01581	0.01451	0.00914	0.02588	0.13806	0.02697	0.03674	0.06405	0.03813	0.47347	0.04492	0.00893	0.01011	0.01502	0.00768	0.00914
5	0.02705	0.02586	0.04072	0.04433	0.22809	0.02868	0.10078	0.06839	0.10857	0.03718	0.02362	0.02883	0.01920	0.01294	0.01712	0.00375	0.15203	0.01060	0.00658	0.01569
6	0.02372	0.02200	0.03673	0.05461	0.42189	0.02185	0.02791	0.02911	0.02389	0.03377	0.02993	0.16573	0.03033	0.01554	0.01154	0.00352	0.01138	0.01478	0.00652	0.01527
7	0.02241	0.04504	0.38544	0.02893	0.04303	0.02297	0.07806	0.03288	0.02318	0.03481	0.01976	0.02353	0.01463	0.00970	0.01005	0.00304	0.01441	0.00813	0.00513	0.17487
8	0.01328	0.00949	0.01265	0.01518	0.01581	0.00886	0.01012	0.01518	0.02088	0.02783	0.06010	0.60969	0.07212	0.03416	0.01392	0.00443	0.00633	0.03100	0.01012	0.00886
9	0.02669	0.02674	0.04904	0.06193	0.43169	0.02630	0.14673	0.03381	0.02504	0.03546	0.02088	0.02756	0.01710	0.00959	0.01129	0.00334	0.01425	0.01047	0.00543	0.01666
10	0.02633	0.02620	0.04726	0.05776	0.38869	0.02537	0.14504	0.03332	0.02486	0.03545	0.02079	0.02720	0.01701	0.00946	0.01106	0.00321	0.01384	0.01020	0.00551	0.07144
11	0.18568	0.02222	0.03347	0.21669	0.18650	0.02421	0.05971	0.03329	0.02303	0.08542	0.02111	0.02658	0.01596	0.01051	0.01003	0.00344	0.01243	0.00914	0.00631	0.01425
12	0.07452	0.02716	0.07569	0.08532	0.19756	0.02660	0.07137	0.06745	0.18174	0.04073	0.02782	0.03062	0.02135	0.01160	0.01078	0.00348	0.01212	0.01043	0.00747	0.01619
13	0.02826	0.01603	0.01936	0.01605	0.02219	0.01410	0.01269	0.06754	0.02887	0.20332	0.10686	0.09731	0.18944	0.01913	0.01150	0.00328	0.00760	0.01601	0.01092	0.10954
14	0.03093	0.02568	0.02667	0.02042	0.02891	0.06431	0.01644	0.22011	0.03517	0.04858	0.05935	0.02801	0.02314	0.01132	0.00967	0.00249	0.01030	0.00878	0.00855	0.32117

[dist]
# distance from previous block
# <min> <max>
5	18

[block]
# block no. 1 follows, 12 sequences, length 11
# corresponding to MSA columns:
# 144-154
name=unknown_B
#
# <colnr> <probs for GDERKNQSTAVLIFYWHMCP>
#	G	D	E	R	K	N	Q	S	T	A	V	L	I	F	Y	W	H	M	C	P
0	0.02804	0.06882	0.17110	0.07591	0.03734	0.02788	0.02693	0.03395	0.02184	0.12696	0.02151	0.02615	0.01654	0.01444	0.02054	0.00391	0.24821	0.00920	0.00635	0.01440
1	0.08180	0.14522	0.07725	0.02092	0.02883	0.16035	0.01846	0.03606	0.02647	0.10382	0.08405	0.02963	0.02662	0.01191	0.00937	0.00280	0.01218	0.00879	0.00739	0.10807
2	0.55294	0.06264	0.02123	0.09575	0.02917	0.02572	0.01488	0.03150	0.01926	0.04434	0.01577	0.01930	0.01234	0.01018	0.00735	0.00334	0.00952	0.00643	0.00634	0.01200
3	0.01434	0.01030	0.01359	0.01446	0.01605	0.00956	0.01020	0.01782	0.02577	0.03562	0.29660	0.35100	0.08718	0.02835	0.01340	0.00394	0.00575	0.02547	0.01104	0.00956
4	0.02331	0.02256	0.03899	0.30160	0.19874	0.02398	0.09387	0.03033	0.02328	0.03190	0.02006	0.02776	0.01576	0.01000	0.01080	0.00329	0.01383	0.00974	0.00528	0.09494
5	0.01530	0.01130	0.01514	0.01504	0.01684	0.01202	0.01103	0.01833	0.01959	0.02702	0.09993	0.06118	0.10123	0.18756	0.32523	0.01266	0.01940	0.01491	0.00725	0.00904
6	0.10990	0.01322	0.01657	0.01582	0.01859	0.01440	0.01193	0.02312	0.01954	0.06950	0.07413	0.04783	0.03411	0.16423	0.30619	0.01198	0.01922	0.01235	0.00723	0.01013
7	0.02769	0.50988	0.15786	0.02114	0.03183	0.03958	0.02299	0.03303	0.02233	0.02743	0.01604	0.01860	0.01396	0.00953	0.00767	0.00256	0.01255	0.00628	0.00465	0.01442
8	0.01935	0.01440	0.01742	0.01721	0.02012	0.01473	0.01283	0.08874	0.08063	0.03951	0.17465	0.30729	0.06792	0.02606	0.01303	0.00398	0.00728	0.05258	0.01079	0.01148
9	0.02562	0.10109	0.16623	0.15135	0.04435	0.02371	0.07592	0.03320	0.02536	0.10695	0.10780	0.03586	0.03064	0.01262	0.01083	0.00337	0.01271	0.01096	0.00722	0.01421
10	0.02515	0.04072	0.34994	0.02542	0.03787	0.02077	0.02973	0.03471	0.02527	0.11450	0.09390	0.03301	0.02809	0.01221	0.01055	0.00325	0.01276	0.00991	0.00714	0.08511

[dist]
# distance from previous block
# <min> <max>
0	1

[block]
# block no. 2 follows, 12 sequences, length 57
# corresponding to MSA columns:
# 156-212
name=unknown_C
#
# <colnr> <probs for GDERKNQSTAVLIFYWHMCP>
#	G	D	E	R	K	N	Q	S	T	A	V	L	I	F	Y	W	H	M	C	P
0	0.69383	0.02109	0.01603	0.01434	0.02109	0.02446	0.01181	0.03205	0.01856	0.04892	0.01518	0.01771	0.01181	0.01012	0.00675	0.00337	0.00843	0.00590	0.00675	0.01181
1	0.03779	0.08818	0.03708	0.03153	0.12037	0.03340	0.02268	0.38412	0.04392	0.05887	0.02413	0.02546	0.01788	0.01215	0.01050	0.00317	0.01213	0.00941	0.00936	0.01788
2	0.69383	0.02109	0.01603	0.01434	0.02109	0.02446	0.01181	0.03205	0.01856	0.04892	0.01518	0.01771	0.01181	0.01012	0.00675	0.00337	0.00843	0.00590	0.00675	0.01181
3	0.13597	0.02406	0.02828	0.03149	0.16579	0.07963	0.01971	0.03702	0.02547	0.16420	0.02728	0.06543	0.02195	0.01225	0.00989	0.00307	0.01087	0.01005	0.00810	0.11949
4	0.02038	0.03167	0.23104	0.02629	0.07760	0.01921	0.02484	0.03048	0.06887	0.03749	0.16318	0.09254	0.04464	0.01576	0.01125	0.00338	0.01076	0.01356	0.00783	0.06922
5	0.01356	0.01076	0.01219	0.01249	0.01531	0.00939	0.00912	0.01672	0.02548	0.03249	0.20225	0.19912	0.34724	0.02766	0.01308	0.00377	0.00559	0.02381	0.01057	0.00939
6	0.02613	0.09644	0.13655	0.05189	0.31979	0.02797	0.11784	0.03382	0.02439	0.03423	0.02005	0.02572	0.01620	0.00969	0.01068	0.00325	0.01432	0.00958	0.00520	0.01626
7	0.03214	0.07429	0.07688	0.02702	0.10760	0.02108	0.02019	0.08333	0.02917	0.19889	0.08756	0.08644	0.03390	0.01467	0.01081	0.00324	0.01013	0.01239	0.00952	0.06076
8	0.62180	0.08635	0.02048	0.01481	0.02183	0.02648	0.01255	0.03212	0.01895	0.04640	0.01518	0.01769	0.01205	0.01004	0.00677	0.00326	0.00878	0.00590	0.00652	0.01205
9	0.03563	0.24204	0.03846	0.02153	0.02948	0.07995	0.01887	0.16699	0.03273	0.12805	0.02765	0.03481	0.02272	0.01348	0.00986	0.00310	0.01189	0.05878	0.00853	0.01546
10	0.01926	0.01701	0.02682	0.16895	0.18622	0.01775	0.02169	0.02423	0.02369	0.03199	0.09548	0.19636	0.08757	0.01951	0.01207	0.00371	0.01005	0.01768	0.00767	0.01229
11	0.02869	0.01497	0.01879	0.01604	0.02138	0.01365	0.01265	0.03511	0.07089	0.23716	0.22181	0.06593	0.15861	0.01940	0.01199	0.00348	0.00709	0.01643	0.01211	0.01381
12	0.02105	0.01627	0.01915	0.01756	0.02163	0.01708	0.01373	0.07429	0.16555	0.04545	0.32052	0.06934	0.07321	0.02017	0.01241	0.00363	0.00712	0.05748	0.01149	0.01286
13	0.01459	0.01068	0.01369	0.01386	0.01600	0.00978	0.01004	0.01859	0.02750	0.03791	0.36636	0.23038	0.13785	0.02611	0.01316	0.00373	0.00551	0.02317	0.01130	0.00978
14	0.02385	0.02385	0.03340	0.02863	0.02863	0.03340	0.02385	0.02624	0.01670	0.02624	0.01431	0.02385	0.01431	0.01908	0.03578	0.00477	0.59685	0.00954	0.00477	0.01193
15	0.01575	0.01099	0.01403	0.01403	0.01477	0.01173	0.00928	0.01723	0.01649	0.02273	0.03240	0.06051	0.03493	0.41344	0.25243	0.01321	0.01765	0.01427	0.00632	0.00780
16	0.02723	0.35824	0.13647	0.02379	0.03378	0.03563	0.06390	0.03816	0.12275	0.03189	0.02227	0.02402	0.01799	0.01057	0.00888	0.00291	0.01239	0.00809	0.00600	0.01506
17	0.01941	0.01035	0.01099	0.01083	0.01337	0.01019	0.00812	0.02450	0.02436	0.04123	0.13049	0.04828	0.04196	0.01450	0.00860	0.00271	0.00509	0.01195	0.55288	0.01019
18	0.02136	0.01928	0.03162	0.10504	0.30545	0.01958	0.02471	0.02627	0.02308	0.03197	0.03465	0.23713	0.03673	0.01865	0.01193	0.00371	0.01074	0.01738	0.00704	0.01368
19	0.01535	0.01147	0.01704	0.01729	0.01911	0.01316	0.01328	0.01905	0.01785	0.02556	0.03225	0.09870	0.03168	0.07708	0.51844	0.01623	0.02695	0.01359	0.00626	0.00965
20	0.02059	0.01938	0.03270	0.59060	0.07510	0.02422	0.03028	0.02786	0.02180	0.02786	0.01938	0.02907	0.01453	0.01090	0.01090	0.00363	0.01453	0.00969	0.00484	0.01211
21	0.69383	0.02109	0.01603	0.01434	0.02109	0.02446	0.01181	0.03205	0.01856	0.04892	0.01518	0.01771	0.01181	0.01012	0.00675	0.00337	0.00843	0.00590	0.00675	0.01181
22	0.01322	0.00973	0.01240	0.01454	0.01565	0.00891	0.00984	0.01525	0.02149	0.02809	0.06791	0.53135	0.14542	0.03314	0.01376	0.00431	0.00620	0.02976	0.01012	0.00891
23	0.02913	0.24019	0.03708	0.02118	0.02871	0.03349	0.01807	0.08934	0.30388	0.04048	0.03223	0.03103	0.02502	0.01267	0.00960	0.00317	0.01002	0.00976	0.00876	0.01620
24	0.02205	0.01261	0.01669	0.01484	0.01857	0.01142	0.01142	0.02701	0.03093	0.14499	0.44426	0.07269	0.08789	0.02055	0.01249	0.00342	0.00596	0.01799	0.01230	0.01192
25	0.01943	0.01412	0.01728	0.01592	0.01917	0.01400	0.01202	0.10278	0.03244	0.04497	0.36493	0.17126	0.08284	0.02296	0.01273	0.00359	0.00653	0.02016	0.01146	0.01142
26	0.04021	0.02992	0.03202	0.02484	0.03334	0.03323	0.02042	0.47305	0.09267	0.06672	0.02776	0.02743	0.01982	0.01324	0.01092	0.00331	0.01171	0.01003	0.01092	0.01843
27	0.03506	0.02737	0.02912	0.02379	0.03138	0.03083	0.01918	0.30970	0.26440	0.05841	0.03430	0.03265	0.02512	0.01385	0.01099	0.00346	0.01050	0.01094	0.01099	0.01797
28	0.01997	0.01854	0.03099	0.54150	0.07004	0.02291	0.02856	0.02678	0.02172	0.02786	0.02285	0.07861	0.01945	0.01289	0.01116	0.00370	0.01383	0.01151	0.00530	0.01183
29	0.03069	0.03778	0.22699	0.02820	0.03934	0.02769	0.07017	0.17868	0.12698	0.08168	0.02794	0.02876	0.01997	0.01209	0.01092	0.00346	0.01326	0.00999	0.00833	0.01707
30	0.04892	0.01856	0.02530	0.01940	0.02783	0.01603	0.01603	0.05314	0.03121	0.55634	0.04302	0.03711	0.02699	0.01350	0.01096	0.00337	0.00928	0.01096	0.01350	0.01856
31	0.02059	0.01938	0.03270	0.59060	0.07510	0.02422	0.03028	0.02786	0.02180	0.02786	0.01938	0.02907	0.01453	0.01090	0.01090	0.00363	0.01453	0.00969	0.00484	0.01211
32	0.02010	0.01626	0.01857	0.01819	0.02173	0.01760	0.01347	0.03602	0.25908	0.03888	0.13704	0.25278	0.05942	0.02308	0.01242	0.00391	0.00719	0.02034	0.01090	0.01302
33	0.01328	0.00949	0.01265	0.01518	0.01581	0.00886	0.01012	0.01518	0.02088	0.02783	0.06010	0.60969	0.07212	0.03416	0.01392	0.00443	0.00633	0.03100	0.01012	0.00886
34	0.69383	0.02109	0.01603	0.01434	0.02109	0.02446	0.01181	0.03205	0.01856	0.04892	0.01518	0.01771	0.01181	0.01012	0.00675	0.00337	0.00843	0.00590	0.00675	0.01181
35	0.69383	0.02109	0.01603	0.01434	0.02109	0.02446	0.01181	0.03205	0.01856	0.04892	0.01518	0.01771	0.01181	0.01012	0.00675	0.00337	0.00843	0.00590	0.00675	0.01181
36	0.04073	0.05197	0.03090	0.02809	0.03371	0.57303	0.02107	0.04354	0.03090	0.02669	0.01685	0.01966	0.01404	0.01124	0.00983	0.00281	0.01966	0.00702	0.00562	0.01264
37	0.02059	0.01938	0.03270	0.59060	0.07510	0.02422	0.03028	0.02786	0.02180	0.02786	0.01938	0.02907	0.01453	0.01090	0.01090	0.00363	0.01453	0.00969	0.00484	0.01211
38	0.02839	0.02405	0.02537	0.02245	0.02884	0.02771	0.01757	0.09817	0.48680	0.04766	0.04277	0.03940	0.03198	0.01464	0.01108	0.00366	0.00893	0.01211	0.01108	0.01737
39	0.01381	0.01108	0.01232	0.01201	0.01529	0.00960	0.00901	0.01743	0.02703	0.03462	0.26713	0.09643	0.38446	0.02569	0.01288	0.00359	0.00539	0.02182	0.01081	0.00960
40	0.04692	0.02176	0.02729	0.02092	0.02943	0.02079	0.01728	0.17611	0.03658	0.42579	0.03851	0.03418	0.02473	0.01339	0.01095	0.00335	0.01001	0.01066	0.01280	0.01855
41	0.02187	0.05640	0.56031	0.03108	0.04719	0.02532	0.04029	0.03453	0.02302	0.03453	0.01957	0.02302	0.01381	0.01036	0.01036	0.00345	0.01611	0.00806	0.00460	0.01611
42	0.02261	0.01938	0.02261	0.01615	0.02584	0.01453	0.01292	0.02745	0.02261	0.03553	0.01938	0.02261	0.01615	0.00807	0.00807	0.00161	0.00807	0.00646	0.00646	0.68346
43	0.01582	0.01113	0.01457	0.01532	0.01638	0.01159	0.01095	0.01803	0.01859	0.02516	0.04013	0.13164	0.04413	0.29814	0.18419	0.01075	0.01507	0.10263	0.00742	0.00835
44	0.02244	0.04442	0.36871	0.03387	0.04715	0.02454	0.16337	0.03334	0.02397	0.03443	0.02437	0.03557	0.01985	0.01219	0.01154	0.00368	0.01606	0.05999	0.00544	0.01508
45	0.01584	0.01065	0.01229	0.01229	0.01243	0.01079	0.00711	0.01611	0.01598	0.02144	0.03399	0.06932	0.03876	0.57862	0.09248	0.01107	0.01190	0.01556	0.00655	0.00683
46	0.02270	0.01938	0.02491	0.08774	0.11701	0.02055	0.01859	0.07981	0.14939	0.04006	0.12088	0.05705	0.16191	0.01752	0.01169	0.00353	0.00909	0.01499	0.00932	0.01389
47	0.02134	0.01269	0.01782	0.01648	0.01978	0.01284	0.01284	0.02574	0.02472	0.12459	0.21672	0.05575	0.05445	0.04843	0.27343	0.00998	0.01706	0.01445	0.00940	0.01147
48	0.69383	0.02109	0.01603	0.01434	0.02109	0.02446	0.01181	0.03205	0.01856	0.04892	0.01518	0.01771	0.01181	0.01012	0.00675	0.00337	0.00843	0.00590	0.00675	0.01181
49	0.02469	0.07118	0.15681	0.03343	0.08977	0.02627	0.14439	0.03965	0.16497	0.03804	0.07355	0.03473	0.02818	0.01223	0.01122	0.00348	0.01301	0.01148	0.00737	0.01554
50	0.01846	0.01493	0.01815	0.01557	0.02122	0.01202	0.01163	0.02223	0.02269	0.03337	0.08139	0.24866	0.04493	0.01915	0.01070	0.00283	0.00716	0.01687	0.00833	0.36971
51	0.01858	0.01483	0.01814	0.01498	0.02069	0.01214	0.01150	0.02330	0.02613	0.03850	0.25634	0.10116	0.05978	0.01673	0.01073	0.00267	0.00661	0.01456	0.00926	0.32338
52	0.03331	0.03031	0.02726	0.02330	0.02928	0.15540	0.01820	0.21519	0.12911	0.04527	0.02838	0.03281	0.02292	0.06524	0.08908	0.00567	0.01537	0.01031	0.00871	0.01488
53	0.14646	0.03995	0.31997	0.02498	0.03738	0.02265	0.02872	0.03915	0.02447	0.17884	0.02517	0.02592	0.01704	0.01117	0.00989	0.00342	0.01292	0.00847	0.00739	0.01603
54	0.02677	0.01948	0.07114	0.02019	0.02612	0.01584	0.05864	0.03108	0.02246	0.17108	0.03196	0.04397	0.02729	0.18238	0.13876	0.00804	0.01505	0.01190	0.00803	0.06982
55	0.10869	0.02630	0.02802	0.02216	0.03029	0.02844	0.01808	0.30136	0.12432	0.10133	0.02890	0.02833	0.02082	0.01265	0.01024	0.00322	0.01046	0.00962	0.01032	0.07645
56	0.02842	0.01816	0.02757	0.03444	0.20941	0.01712	0.02002	0.03295	0.02636	0.18161	0.08722	0.15954	0.07382	0.01811	0.01181	0.00357	0.00937	0.01621	0.00956	0.01475

[dist]
# distance from previous block
# <min> <max>
1	112

[block]
# block no. 3 follows, 12 sequences, length 11
# corresponding to MSA columns:
# 325-335
name=unknown_D
#
# <colnr> <probs for GDERKNQSTAVLIFYWHMCP>
#	G	D	E	R	K	N	Q	S	T	A	V	L	I	F	Y	W	H	M	C	P
0	0.02676	0.17627	0.09194	0.02512	0.03285	0.10825	0.08880	0.06943	0.02616	0.03223	0.02945	0.03854	0.05612	0.02279	0.08731	0.00516	0.01613	0.04708	0.00638	0.01325
1	0.02545	0.01755	0.02064	0.01818	0.02281	0.01813	0.01406	0.13824	0.10180	0.09180	0.23191	0.15030	0.06247	0.02047	0.01220	0.00360	0.00773	0.01765	0.01144	0.01358
2	0.02545	0.18537	0.39146	0.02794	0.04143	0.08525	0.03339	0.03502	0.02363	0.03170	0.01828	0.02142	0.01388	0.01021	0.00954	0.00313	0.01546	0.00744	0.00472	0.01528
3	0.24851	0.02604	0.02569	0.02103	0.02859	0.02943	0.01714	0.26443	0.13889	0.05760	0.02638	0.02643	0.01940	0.01248	0.00961	0.00339	0.01016	0.00907	0.00961	0.01611
4	0.30094	0.01954	0.02168	0.01742	0.02520	0.01932	0.01438	0.04490	0.02626	0.35805	0.03214	0.02953	0.02106	0.01218	0.00932	0.00337	0.00895	0.00899	0.01086	0.01592
5	0.44447	0.03288	0.02170	0.01959	0.02591	0.23391	0.01534	0.03644	0.02327	0.04043	0.01582	0.01846	0.01266	0.01055	0.00793	0.00316	0.01272	0.00633	0.00632	0.01213
6	0.52920	0.02067	0.01764	0.01478	0.02225	0.02203	0.01208	0.03092	0.01955	0.04564	0.01621	0.01891	0.01287	0.00962	0.00707	0.00294	0.00835	0.00604	0.00668	0.17654
7	0.01387	0.00991	0.01332	0.01585	0.01674	0.00936	0.01114	0.01619	0.02145	0.02849	0.05977	0.54324	0.07084	0.03361	0.01407	0.00451	0.00683	0.09168	0.01011	0.00902
8	0.01581	0.01075	0.01279	0.01279	0.01311	0.01106	0.00773	0.01643	0.01612	0.02181	0.03353	0.06679	0.03766	0.53115	0.13844	0.01168	0.01355	0.01519	0.00648	0.00711
9	0.04101	0.02599	0.02787	0.02247	0.03025	0.06827	0.01814	0.19394	0.15088	0.24861	0.03610	0.03319	0.02481	0.01349	0.01089	0.00337	0.01079	0.01061	0.01153	0.01779
10	0.69383	0.02109	0.01603	0.01434	0.02109	0.02446	0.01181	0.03205	0.01856	0.04892	0.01518	0.01771	0.01181	0.01012	0.00675	0.00337	0.00843	0.00590	0.00675	0.01181

[dist]
# distance from previous block
# <min> <max>
0	1

[block]
# block no. 4 follows, 12 sequences, length 9
# corresponding to MSA columns:
# 337-345
name=unknown_E
#
# <colnr> <probs for GDERKNQSTAVLIFYWHMCP>
#	G	D	E	R	K	N	Q	S	T	A	V	L	I	F	Y	W	H	M	C	P
0	0.29057	0.02551	0.02471	0.02037	0.02784	0.02890	0.01661	0.23859	0.13153	0.05658	0.02547	0.02573	0.01881	0.01227	0.00934	0.00339	0.00997	0.00879	0.00934	0.01569
1	0.59508	0.02143	0.01730	0.01550	0.02216	0.02485	0.01262	0.03589	0.09417	0.04843	0.01951	0.02111	0.01499	0.01081	0.00739	0.00342	0.00846	0.00686	0.00739	0.01262
2	0.02187	0.01854	0.02179	0.01590	0.02486	0.01410	0.01265	0.02675	0.02346	0.03637	0.07302	0.02864	0.02503	0.00953	0.00857	0.00180	0.00777	0.00782	0.00703	0.61451
3	0.03125	0.02448	0.04057	0.05769	0.44751	0.02399	0.03007	0.03729	0.02607	0.13685	0.02488	0.02895	0.01916	0.01045	0.01083	0.00326	0.01224	0.00996	0.00697	0.01752
4	0.01966	0.01654	0.01917	0.01480	0.02227	0.01287	0.01163	0.02414	0.02427	0.03556	0.11464	0.04733	0.13168	0.01398	0.00972	0.00229	0.00714	0.01164	0.00799	0.45268
5	0.02261	0.01938	0.02261	0.01615	0.02584	0.01453	0.01292	0.02745	0.02261	0.03553	0.01938	0.02261	0.01615	0.00807	0.00807	0.00161	0.00807	0.00646	0.00646	0.68346
6	0.02248	0.02064	0.03044	0.02226	0.03147	0.01677	0.11576	0.02798	0.02311	0.03476	0.02334	0.07314	0.02091	0.01049	0.00956	0.00228	0.01007	0.00984	0.00657	0.48812
7	0.02948	0.01428	0.01822	0.01564	0.02097	0.01243	0.01228	0.03328	0.02852	0.26694	0.16021	0.11304	0.18780	0.02084	0.01211	0.00356	0.00719	0.01768	0.01199	0.01355
8	0.01409	0.01039	0.01318	0.01397	0.01584	0.00949	0.00991	0.01743	0.02550	0.03448	0.26226	0.32045	0.15604	0.02839	0.01334	0.00391	0.00573	0.02524	0.01088	0.00949

[dist]
# distance from previous block
# <min> <max>
0	2

[block]
# block no. 5 follows, 12 sequences, length 17
# corresponding to MSA columns:
# 348-364
name=unknown_F
#
# <colnr> <probs for GDERKNQSTAVLIFYWHMCP>
#	G	D	E	R	K	N	Q	S	T	A	V	L	I	F	Y	W	H	M	C	P
0	0.03238	0.02517	0.02785	0.02078	0.02997	0.02453	0.01697	0.27894	0.03747	0.05274	0.02290	0.02446	0.01739	0.01067	0.00954	0.00247	0.01011	0.00820	0.00877	0.33867
1	0.10770	0.02967	0.20726	0.02167	0.02992	0.01892	0.02232	0.02924	0.06218	0.03542	0.03498	0.19082	0.03502	0.01851	0.01108	0.00369	0.01067	0.05144	0.00749	0.07200
2	0.04733	0.02111	0.02688	0.02061	0.02911	0.01982	0.01703	0.15100	0.03548	0.45244	0.03943	0.03478	0.02519	0.01341	0.01095	0.00335	0.00986	0.01072	0.01294	0.01855
3	0.01440	0.01035	0.01365	0.01442	0.01606	0.00960	0.01021	0.01798	0.02606	0.03607	0.31052	0.33577	0.08807	0.02801	0.01337	0.00391	0.00571	0.02515	0.01110	0.00960
4	0.02747	0.01941	0.08922	0.01797	0.02417	0.01396	0.01603	0.03258	0.02794	0.21855	0.18904	0.13916	0.09893	0.01989	0.01203	0.00358	0.00824	0.01710	0.01111	0.01364
5	0.69383	0.02109	0.01603	0.01434	0.02109	0.02446	0.01181	0.03205	0.01856	0.04892	0.01518	0.01771	0.01181	0.01012	0.00675	0.00337	0.00843	0.00590	0.00675	0.01181
6	0.01709	0.01221	0.01702	0.01953	0.02183	0.01213	0.01673	0.02176	0.02462	0.03209	0.05800	0.17785	0.06381	0.03058	0.01493	0.00495	0.00962	0.42531	0.01005	0.00991
7	0.02411	0.02372	0.04257	0.28327	0.27286	0.02546	0.10686	0.03134	0.02370	0.03226	0.02028	0.02824	0.01601	0.01013	0.01116	0.00347	0.01447	0.01020	0.00518	0.01470
8	0.02287	0.01745	0.02583	0.07516	0.16742	0.01750	0.01923	0.03053	0.06873	0.08559	0.27539	0.05532	0.06033	0.01659	0.01183	0.00341	0.00865	0.01484	0.00970	0.01362
9	0.69383	0.02109	0.01603	0.01434	0.02109	0.02446	0.01181	0.03205	0.01856	0.04892	0.01518	0.01771	0.01181	0.01012	0.00675	0.00337	0.00843	0.00590	0.00675	0.01181
10	0.69383	0.02109	0.01603	0.01434	0.02109	0.02446	0.01181	0.03205	0.01856	0.04892	0.01518	0.01771	0.01181	0.01012	0.00675	0.00337	0.00843	0.00590	0.00675	0.01181
11	0.02449	0.02389	0.04226	0.25767	0.31869	0.02547	0.08591	0.03156	0.02381	0.03268	0.02027	0.02803	0.01618	0.01009	0.01107	0.00343	0.01415	0.01006	0.00521	0.01508
12	0.02059	0.01938	0.03270	0.59060	0.07510	0.02422	0.03028	0.02786	0.02180	0.02786	0.01938	0.02907	0.01453	0.01090	0.01090	0.00363	0.01453	0.00969	0.00484	0.01211
13	0.03217	0.02757	0.02941	0.02902	0.11037	0.08772	0.02003	0.24518	0.07590	0.04987	0.07835	0.04144	0.09463	0.01512	0.01120	0.00331	0.01136	0.01220	0.00945	0.01569
14	0.01376	0.01090	0.01206	0.01207	0.01494	0.00954	0.00875	0.01677	0.02516	0.03192	0.20009	0.13687	0.36175	0.07690	0.01658	0.00427	0.00593	0.02228	0.01026	0.00921
15	0.01486	0.01250	0.01591	0.01968	0.08503	0.01128	0.01216	0.01783	0.02359	0.02975	0.08271	0.25475	0.32560	0.02734	0.01294	0.00386	0.00675	0.02380	0.00950	0.01015
16	0.01696	0.01275	0.01590	0.01483	0.01787	0.01249	0.01120	0.02547	0.09612	0.04397	0.47772	0.07611	0.09376	0.02131	0.01263	0.00346	0.00560	0.01875	0.01188	0.01120

[dist]
# distance from previous block
# <min> <max>
0	1

[block]
# block no. 6 follows, 12 sequences, length 7
# corresponding to MSA columns:
# 366-372
name=unknown_G
#
# <colnr> <probs for GDERKNQSTAVLIFYWHMCP>
#	G	D	E	R	K	N	Q	S	T	A	V	L	I	F	Y	W	H	M	C	P
0	0.02575	0.09301	0.03009	0.02552	0.10709	0.09657	0.01750	0.03024	0.02423	0.03269	0.02619	0.02905	0.05910	0.01051	0.00901	0.00228	0.01064	0.00833	0.00627	0.35592
1	0.03516	0.02153	0.02551	0.01949	0.02819	0.01985	0.01582	0.12478	0.08818	0.21509	0.03126	0.03010	0.02211	0.01152	0.00987	0.00273	0.00923	0.00921	0.01010	0.27027
2	0.02645	0.35381	0.22104	0.02944	0.10654	0.03488	0.02783	0.03338	0.02281	0.02996	0.01735	0.02063	0.01439	0.00972	0.00863	0.00283	0.01331	0.00710	0.00475	0.01515
3	0.01395	0.01001	0.01325	0.01473	0.01596	0.00930	0.01017	0.01686	0.02399	0.03279	0.21067	0.44499	0.08171	0.03046	0.01359	0.00412	0.00596	0.02748	0.01071	0.00930
4	0.69383	0.02109	0.01603	0.01434	0.02109	0.02446	0.01181	0.03205	0.01856	0.04892	0.01518	0.01771	0.01181	0.01012	0.00675	0.00337	0.00843	0.00590	0.00675	0.01181
5	0.01567	0.01133	0.01573	0.01573	0.01706	0.01266	0.01139	0.01832	0.01699	0.02398	0.03084	0.05191	0.03120	0.25202	0.40874	0.01531	0.02328	0.01301	0.00608	0.00874
6	0.19510	0.02889	0.15405	0.01965	0.03007	0.01985	0.01966	0.03249	0.02239	0.08166	0.02031	0.02266	0.01536	0.00961	0.00854	0.00266	0.01025	0.00709	0.00665	0.29306

[dist]
# distance from previous block
# <min> <max>
0	1

[block]
# block no. 7 follows, 12 sequences, length 10
# corresponding to MSA columns:
# 374-383
name=unknown_H
#
# <colnr> <probs for GDERKNQSTAVLIFYWHMCP>
#	G	D	E	R	K	N	Q	S	T	A	V	L	I	F	Y	W	H	M	C	P
0	0.02743	0.03197	0.07953	0.04110	0.17546	0.12931	0.15369	0.03598	0.06381	0.03543	0.08972	0.03401	0.02849	0.01192	0.01142	0.00335	0.01458	0.01140	0.00669	0.01471
1	0.69383	0.02109	0.01603	0.01434	0.02109	0.02446	0.01181	0.03205	0.01856	0.04892	0.01518	0.01771	0.01181	0.01012	0.00675	0.00337	0.00843	0.00590	0.00675	0.01181
2	0.01827	0.03445	0.29519	0.02216	0.03192	0.01783	0.02537	0.02684	0.02569	0.03630	0.19194	0.05575	0.13994	0.01714	0.01158	0.00349	0.01087	0.01433	0.00784	0.01309
3	0.33635	0.03216	0.03245	0.02626	0.03375	0.18501	0.13903	0.03612	0.02395	0.03894	0.01739	0.02121	0.01365	0.01021	0.00918	0.00329	0.01420	0.00797	0.00611	0.01278
4	0.02187	0.05640	0.56031	0.03108	0.04719	0.02532	0.04029	0.03453	0.02302	0.03453	0.01957	0.02302	0.01381	0.01036	0.01036	0.00345	0.01611	0.00806	0.00460	0.01611
5	0.01304	0.01045	0.01166	0.01264	0.01515	0.00907	0.00899	0.01547	0.02332	0.02883	0.09109	0.29906	0.36275	0.03013	0.01328	0.00397	0.00583	0.02608	0.01012	0.00907
6	0.02261	0.01938	0.02261	0.01615	0.02584	0.01453	0.01292	0.02745	0.02261	0.03553	0.01938	0.02261	0.01615	0.00807	0.00807	0.00161	0.00807	0.00646	0.00646	0.68346
7	0.02800	0.01921	0.02316	0.01682	0.02625	0.01484	0.01356	0.03272	0.02437	0.14222	0.02422	0.02558	0.01837	0.00919	0.00867	0.00198	0.00832	0.00738	0.00790	0.54725
8	0.27329	0.18431	0.03140	0.01907	0.02659	0.13384	0.01618	0.03836	0.02424	0.13311	0.02069	0.02165	0.01564	0.01076	0.00820	0.00299	0.01161	0.00704	0.00724	0.01380
9	0.03529	0.02013	0.02328	0.01951	0.02615	0.02091	0.01557	0.08838	0.22634	0.23550	0.04100	0.03817	0.02891	0.01385	0.01049	0.00336	0.00859	0.01128	0.11658	0.01673

[dist]
# distance from previous block
# <min> <max>
0	1

[block]
# block no. 8 follows, 12 sequences, length 12
# corresponding to MSA columns:
# 385-396
name=unknown_I
#
# <colnr> <probs for GDERKNQSTAVLIFYWHMCP>
#	G	D	E	R	K	N	Q	S	T	A	V	L	I	F	Y	W	H	M	C	P
0	0.02768	0.03319	0.16533	0.02657	0.03636	0.02689	0.06650	0.12204	0.24206	0.04491	0.03135	0.03154	0.02323	0.01242	0.01082	0.00342	0.01190	0.01046	0.00859	0.06472
1	0.01542	0.01064	0.01177	0.01177	0.01231	0.01037	0.00686	0.01583	0.01719	0.02238	0.04565	0.07634	0.11455	0.52936	0.04917	0.00955	0.00982	0.01692	0.00713	0.00699
2	0.02079	0.08197	0.33800	0.02953	0.09104	0.02271	0.03049	0.02968	0.02322	0.03264	0.03662	0.08978	0.09835	0.01499	0.01087	0.00348	0.01298	0.01243	0.00602	0.01439
3	0.01360	0.00973	0.01294	0.01496	0.01589	0.00907	0.01015	0.01598	0.02236	0.03019	0.13177	0.53129	0.07668	0.03240	0.01376	0.00428	0.00615	0.02932	0.01040	0.00907
4	0.02199	0.03319	0.21833	0.11823	0.17213	0.02303	0.07332	0.03033	0.02290	0.03253	0.02461	0.08278	0.02162	0.01804	0.05528	0.00464	0.01540	0.01159	0.00554	0.01452
5	0.01497	0.01113	0.01393	0.01323	0.01600	0.01009	0.00992	0.01968	0.02977	0.04112	0.46396	0.08574	0.18359	0.02326	0.01286	0.00348	0.00521	0.02032	0.01166	0.01009
6	0.02313	0.15480	0.47299	0.02892	0.04386	0.02842	0.03653	0.03420	0.02287	0.03299	0.01880	0.02206	0.01384	0.01018	0.00978	0.00326	0.01534	0.00767	0.00461	0.01575
7	0.01376	0.01001	0.01298	0.01449	0.01584	0.00923	0.01001	0.01651	0.02359	0.03176	0.17941	0.44184	0.11867	0.03079	0.01358	0.00413	0.00598	0.02765	0.01057	0.00923
8	0.01328	0.00949	0.01265	0.01518	0.01581	0.00886	0.01012	0.01518	0.02088	0.02783	0.06010	0.60969	0.07212	0.03416	0.01392	0.00443	0.00633	0.03100	0.01012	0.00886
9	0.03301	0.28110	0.09765	0.02315	0.03234	0.09683	0.02168	0.17247	0.07359	0.04060	0.02137	0.02271	0.01687	0.01117	0.00912	0.00288	0.01287	0.00787	0.00707	0.01563
10	0.01978	0.01313	0.01664	0.01514	0.01864	0.01260	0.01156	0.02755	0.08347	0.09161	0.44390	0.07302	0.08848	0.02068	0.01250	0.00345	0.00590	0.01812	0.01205	0.01179
11	0.02468	0.02137	0.07171	0.14180	0.11517	0.01941	0.06851	0.03046	0.02346	0.11313	0.03462	0.07318	0.06151	0.05611	0.09082	0.00585	0.01463	0.01288	0.00726	0.01343

[dist]
# distance from previous block
# <min> <max>
0	5

# created by:
# /st0/software/busco_prod/Augustus/scripts/msa2prfl.pl ./align_prep/6375.fa
