[name]
unknown

[dist]
# distance from previous block
# <min> <max>
0	737

[block]
# block no. 0 follows, 13 sequences, length 20
# corresponding to MSA columns:
# 742-761
name=unknown_A
#
# <colnr> <probs for GDERKNQSTAVLIFYWHMCP>
#	G	D	E	R	K	N	Q	S	T	A	V	L	I	F	Y	W	H	M	C	P
0	0.02382	0.01908	0.03099	0.19181	0.23023	0.02029	0.02536	0.02960	0.02323	0.08220	0.02893	0.04570	0.02573	0.02052	0.06837	0.00494	0.01369	0.09527	0.00668	0.01356
1	0.08721	0.02122	0.03060	0.13776	0.22600	0.02063	0.02257	0.02920	0.02219	0.03438	0.01880	0.02412	0.01538	0.00908	0.00914	0.00264	0.01068	0.00790	0.00564	0.26486
2	0.01556	0.01242	0.01782	0.07578	0.07314	0.01203	0.01404	0.01856	0.02083	0.02833	0.04759	0.45873	0.05506	0.02663	0.01246	0.00388	0.00764	0.02415	0.00860	0.06675
3	0.01913	0.01929	0.10247	0.07648	0.02795	0.01498	0.01744	0.02627	0.07736	0.07440	0.04535	0.36061	0.04811	0.02370	0.01215	0.00391	0.00885	0.02107	0.00886	0.01162
4	0.02774	0.13680	0.17666	0.02502	0.03533	0.12056	0.06507	0.08034	0.02622	0.03421	0.01860	0.02161	0.01464	0.00968	0.00917	0.00266	0.01352	0.00749	0.00571	0.16899
5	0.01537	0.01178	0.01389	0.01345	0.01615	0.01126	0.00983	0.02154	0.07728	0.03595	0.30818	0.12413	0.19445	0.08019	0.01628	0.00414	0.00600	0.01972	0.01047	0.00995
6	0.02217	0.02084	0.03363	0.09141	0.19346	0.02132	0.10280	0.03257	0.11734	0.03604	0.11817	0.04551	0.09008	0.01410	0.01139	0.00340	0.01085	0.01327	0.00768	0.01396
7	0.02919	0.14078	0.03747	0.02727	0.07080	0.03047	0.07191	0.16379	0.15249	0.04284	0.05542	0.03029	0.02445	0.01274	0.01221	0.00327	0.06098	0.01017	0.00809	0.01539
8	0.02192	0.01879	0.02192	0.01566	0.02506	0.01409	0.01253	0.02662	0.02192	0.03445	0.01879	0.02192	0.01566	0.00783	0.00783	0.00157	0.00783	0.00626	0.00626	0.69305
9	0.01858	0.01461	0.01726	0.01593	0.01953	0.01519	0.01214	0.03153	0.19394	0.04298	0.39275	0.06635	0.07821	0.01929	0.01192	0.00341	0.00607	0.01683	0.01136	0.01214
10	0.02192	0.01879	0.02192	0.01566	0.02506	0.01409	0.01253	0.02662	0.02192	0.03445	0.01879	0.02192	0.01566	0.00783	0.00783	0.00157	0.00783	0.00626	0.00626	0.69305
11	0.04096	0.02803	0.06643	0.02316	0.03203	0.02735	0.02009	0.35909	0.04235	0.20681	0.02957	0.02818	0.01999	0.01262	0.01056	0.00321	0.01116	0.00972	0.01087	0.01782
12	0.02827	0.63478	0.05540	0.01809	0.02714	0.04184	0.01809	0.03166	0.02148	0.02488	0.01470	0.01696	0.01357	0.00905	0.00678	0.00226	0.01131	0.00565	0.00452	0.01357
13	0.01250	0.01071	0.01071	0.01071	0.01428	0.00893	0.00803	0.01517	0.02410	0.02856	0.10711	0.10175	0.55817	0.02678	0.01250	0.00357	0.00536	0.02231	0.00982	0.00893
14	0.02506	0.37106	0.29100	0.02357	0.03560	0.03398	0.02763	0.03249	0.02186	0.02879	0.01664	0.01940	0.01349	0.00950	0.00827	0.00276	0.01327	0.00664	0.00450	0.01450
15	0.01315	0.01074	0.01161	0.01139	0.01468	0.00920	0.00854	0.01643	0.02563	0.03221	0.22552	0.09576	0.43749	0.02542	0.01249	0.00351	0.00526	0.02147	0.01030	0.00920
16	0.04744	0.01799	0.02454	0.01881	0.02699	0.01554	0.01554	0.05153	0.03026	0.56979	0.04171	0.03599	0.02617	0.01309	0.01063	0.00327	0.00900	0.01063	0.01309	0.01799
17	0.02767	0.02872	0.05693	0.04096	0.05126	0.02782	0.43432	0.12172	0.02936	0.03970	0.02210	0.02796	0.01639	0.00959	0.01214	0.00350	0.01672	0.01195	0.00628	0.01492
18	0.04106	0.02360	0.02872	0.08384	0.03464	0.02459	0.01918	0.27498	0.03853	0.27268	0.03150	0.03012	0.02099	0.01263	0.01060	0.00325	0.01080	0.00997	0.01100	0.01732
19	0.02887	0.01451	0.02018	0.07874	0.02652	0.01361	0.01436	0.03340	0.02820	0.25969	0.23642	0.10747	0.05700	0.01797	0.01160	0.00342	0.00775	0.01558	0.01133	0.01338

[dist]
# distance from previous block
# <min> <max>
4	11

[block]
# block no. 1 follows, 13 sequences, length 28
# corresponding to MSA columns:
# 773-800
name=unknown_B
#
# <colnr> <probs for GDERKNQSTAVLIFYWHMCP>
#	G	D	E	R	K	N	Q	S	T	A	V	L	I	F	Y	W	H	M	C	P
0	0.03296	0.02198	0.03516	0.07130	0.07688	0.02164	0.13593	0.11544	0.03012	0.20616	0.03330	0.04383	0.02619	0.01404	0.01163	0.00357	0.01220	0.08312	0.00921	0.01534
1	0.01561	0.00972	0.01177	0.01279	0.01438	0.00927	0.00901	0.01908	0.02265	0.03405	0.14006	0.32334	0.06058	0.02389	0.01121	0.00349	0.00551	0.02113	0.24318	0.00927
2	0.54843	0.02403	0.02057	0.02193	0.09288	0.07959	0.01510	0.03236	0.01998	0.04361	0.01556	0.01854	0.01236	0.00987	0.00735	0.00320	0.00983	0.00632	0.00626	0.01223
3	0.01312	0.00956	0.01236	0.01414	0.01529	0.00880	0.00966	0.01545	0.02190	0.02917	0.12863	0.49875	0.12221	0.03098	0.01326	0.00410	0.00591	0.02785	0.01005	0.00880
4	0.03138	0.08568	0.06787	0.02178	0.02886	0.06100	0.01863	0.22045	0.10366	0.08649	0.03291	0.13424	0.02889	0.01598	0.01066	0.00334	0.01072	0.01297	0.00931	0.01517
5	0.02210	0.13429	0.21773	0.02158	0.03215	0.02214	0.02324	0.02923	0.02231	0.03213	0.02305	0.03402	0.02046	0.01161	0.00931	0.00273	0.01136	0.07043	0.00580	0.25432
6	0.03113	0.34214	0.14506	0.02079	0.03068	0.03151	0.02142	0.03820	0.05975	0.15124	0.02359	0.02385	0.01768	0.01052	0.00855	0.00279	0.01140	0.00763	0.00688	0.01518
7	0.02510	0.37447	0.28796	0.02350	0.03549	0.03408	0.02750	0.03248	0.02186	0.02874	0.01662	0.01937	0.01349	0.00949	0.00825	0.00275	0.01325	0.00662	0.00450	0.01449
8	0.01517	0.01105	0.01560	0.01560	0.01701	0.01246	0.01148	0.01799	0.01658	0.02351	0.02959	0.04859	0.02949	0.21930	0.45070	0.01527	0.02371	0.01236	0.00585	0.00867
9	0.02208	0.19129	0.39341	0.02533	0.03820	0.02724	0.03097	0.03127	0.02229	0.03092	0.02645	0.02870	0.06608	0.01142	0.00949	0.00311	0.01358	0.00869	0.00500	0.01448
10	0.02026	0.01599	0.01895	0.01703	0.02203	0.01483	0.01299	0.07406	0.07460	0.03546	0.04008	0.26445	0.04217	0.02047	0.01113	0.00324	0.00775	0.05512	0.00878	0.24060
11	0.01663	0.01378	0.02190	0.02011	0.02247	0.01612	0.05227	0.02065	0.01751	0.02533	0.02637	0.03874	0.02441	0.06803	0.48908	0.01477	0.08506	0.01121	0.00554	0.01001
12	0.70310	0.02045	0.01554	0.01390	0.02045	0.02372	0.01145	0.03108	0.01799	0.04744	0.01472	0.01718	0.01145	0.00981	0.00654	0.00327	0.00818	0.00573	0.00654	0.01145
13	0.06455	0.02028	0.02611	0.15360	0.03613	0.02378	0.01962	0.03211	0.12981	0.03288	0.02848	0.03258	0.05562	0.01402	0.01627	0.00347	0.16482	0.01003	0.00669	0.12915
14	0.02045	0.01690	0.02188	0.02020	0.02295	0.02036	0.01596	0.06495	0.12252	0.03187	0.03054	0.07844	0.02782	0.04732	0.29003	0.01019	0.12636	0.01229	0.00714	0.01183
15	0.02617	0.02512	0.04292	0.06490	0.56246	0.02512	0.03245	0.03245	0.02407	0.03454	0.01989	0.02617	0.01675	0.00942	0.01047	0.00314	0.01256	0.00942	0.00523	0.01675
16	0.04744	0.01799	0.02454	0.01881	0.02699	0.01554	0.01554	0.05153	0.03026	0.56979	0.04171	0.03599	0.02617	0.01309	0.01063	0.00327	0.00900	0.01063	0.01309	0.01799
17	0.02617	0.02512	0.04292	0.06490	0.56246	0.02512	0.03245	0.03245	0.02407	0.03454	0.01989	0.02617	0.01675	0.00942	0.01047	0.00314	0.01256	0.00942	0.00523	0.01675
18	0.01433	0.01055	0.01340	0.01318	0.01553	0.00963	0.00970	0.01854	0.02770	0.03826	0.42266	0.16371	0.15550	0.02403	0.01263	0.00350	0.00521	0.02119	0.01112	0.00963
19	0.03108	0.02606	0.03663	0.12699	0.27091	0.02806	0.02687	0.23690	0.03428	0.04675	0.02201	0.02614	0.01687	0.01095	0.01053	0.00321	0.01240	0.00946	0.00737	0.01653
20	0.01726	0.10430	0.17705	0.01953	0.02551	0.01748	0.01919	0.02227	0.02100	0.02855	0.04141	0.37224	0.04650	0.02342	0.01164	0.00376	0.00950	0.02055	0.00760	0.01124
21	0.02977	0.03250	0.12635	0.08388	0.21641	0.06597	0.02800	0.17527	0.06365	0.04292	0.02241	0.02579	0.01708	0.01096	0.01039	0.00321	0.01312	0.00915	0.00694	0.01621
22	0.01433	0.01055	0.01340	0.01318	0.01553	0.00963	0.00970	0.01854	0.02770	0.03826	0.42266	0.16371	0.15550	0.02403	0.01263	0.00350	0.00521	0.02119	0.01112	0.00963
23	0.02700	0.01979	0.02591	0.20356	0.04023	0.02198	0.01988	0.19432	0.03124	0.08245	0.03346	0.18817	0.03143	0.01758	0.01137	0.00359	0.01072	0.01512	0.00871	0.01348
24	0.02751	0.28709	0.16190	0.02798	0.10212	0.03230	0.02486	0.10949	0.02666	0.03510	0.02093	0.02792	0.01799	0.01132	0.00914	0.00295	0.01237	0.04161	0.00593	0.01486
25	0.02611	0.02319	0.03507	0.26703	0.23643	0.02587	0.02788	0.11622	0.06876	0.03779	0.02224	0.02789	0.01715	0.01082	0.01055	0.00333	0.01267	0.00963	0.00637	0.01498
26	0.01545	0.01217	0.01722	0.02050	0.05982	0.01264	0.01381	0.01808	0.02069	0.02804	0.05071	0.45154	0.05920	0.02936	0.01545	0.00431	0.06537	0.08706	0.00895	0.00966
27	0.13296	0.02150	0.02910	0.08851	0.18647	0.02258	0.02143	0.04150	0.13293	0.17297	0.02935	0.03026	0.02132	0.01155	0.00999	0.00332	0.01027	0.00970	0.00852	0.01578

[dist]
# distance from previous block
# <min> <max>
0	14

[block]
# block no. 2 follows, 13 sequences, length 44
# corresponding to MSA columns:
# 815-858
name=unknown_C
#
# <colnr> <probs for GDERKNQSTAVLIFYWHMCP>
#	G	D	E	R	K	N	Q	S	T	A	V	L	I	F	Y	W	H	M	C	P
0	0.27097	0.17601	0.15312	0.01989	0.02900	0.02870	0.02021	0.03605	0.10950	0.03831	0.02051	0.02209	0.01595	0.01046	0.00811	0.00310	0.01065	0.00724	0.00631	0.01381
1	0.09468	0.07034	0.07133	0.07131	0.06478	0.02073	0.01914	0.04110	0.06625	0.27204	0.07511	0.03426	0.02782	0.01259	0.01006	0.00324	0.00991	0.01020	0.00962	0.01549
2	0.19931	0.02169	0.02205	0.06917	0.02895	0.06366	0.01467	0.03124	0.02223	0.08336	0.01957	0.02228	0.01520	0.00929	0.00813	0.00242	0.00949	0.00684	0.00673	0.34372
3	0.08952	0.14433	0.07983	0.02658	0.07237	0.15114	0.02154	0.07332	0.02436	0.03218	0.01779	0.02255	0.01518	0.01771	0.06386	0.00439	0.11675	0.00783	0.00558	0.01319
4	0.70310	0.02045	0.01554	0.01390	0.02045	0.02372	0.01145	0.03108	0.01799	0.04744	0.01472	0.01718	0.01145	0.00981	0.00654	0.00327	0.00818	0.00573	0.00654	0.01145
5	0.02419	0.02415	0.03109	0.03948	0.24884	0.10935	0.02318	0.02873	0.02192	0.02900	0.02176	0.03012	0.01937	0.03450	0.21108	0.00798	0.06714	0.00966	0.00537	0.01311
6	0.01510	0.01133	0.01699	0.01699	0.01888	0.01322	0.01322	0.01888	0.01699	0.02454	0.02832	0.04154	0.02643	0.07930	0.58652	0.01699	0.02832	0.01133	0.00566	0.00944
7	0.01476	0.01080	0.01385	0.01309	0.01567	0.00989	0.00981	0.01955	0.02944	0.04124	0.51933	0.08088	0.13804	0.02205	0.01247	0.00335	0.00502	0.01939	0.01149	0.00989
8	0.01477	0.01080	0.01387	0.01310	0.01568	0.00990	0.00983	0.01958	0.02948	0.04133	0.52216	0.08074	0.13516	0.02201	0.01247	0.00334	0.00502	0.01937	0.01150	0.00990
9	0.01690	0.01284	0.01580	0.01470	0.01779	0.01276	0.01113	0.02614	0.11758	0.04271	0.46917	0.07223	0.08824	0.02037	0.01218	0.00337	0.00557	0.01790	0.01149	0.01113
10	0.04744	0.01799	0.02454	0.01881	0.02699	0.01554	0.01554	0.05153	0.03026	0.56979	0.04171	0.03599	0.02617	0.01309	0.01063	0.00327	0.00900	0.01063	0.01309	0.01799
11	0.70310	0.02045	0.01554	0.01390	0.02045	0.02372	0.01145	0.03108	0.01799	0.04744	0.01472	0.01718	0.01145	0.00981	0.00654	0.00327	0.00818	0.00573	0.00654	0.01145
12	0.01250	0.01071	0.01071	0.01071	0.01428	0.00893	0.00803	0.01517	0.02410	0.02856	0.10711	0.10175	0.55817	0.02678	0.01250	0.00357	0.00536	0.02231	0.00982	0.00893
13	0.02982	0.02815	0.02565	0.02276	0.02886	0.12448	0.01767	0.09506	0.41053	0.04299	0.03683	0.03466	0.02777	0.01360	0.01053	0.00340	0.01052	0.01084	0.00982	0.01606
14	0.02192	0.01879	0.02192	0.01566	0.02506	0.01409	0.01253	0.02662	0.02192	0.03445	0.01879	0.02192	0.01566	0.00783	0.00783	0.00157	0.00783	0.00626	0.00626	0.69305
15	0.02630	0.02271	0.02391	0.02152	0.02749	0.02630	0.01674	0.05618	0.54336	0.04423	0.04303	0.03945	0.03228	0.01434	0.01076	0.00359	0.00837	0.01195	0.01076	0.01674
16	0.02192	0.01879	0.02192	0.01566	0.02506	0.01409	0.01253	0.02662	0.02192	0.03445	0.01879	0.02192	0.01566	0.00783	0.00783	0.00157	0.00783	0.00626	0.00626	0.69305
17	0.01288	0.00920	0.01227	0.01472	0.01534	0.00859	0.00981	0.01472	0.02024	0.02699	0.05828	0.62152	0.06993	0.03312	0.01350	0.00429	0.00613	0.03006	0.00981	0.00859
18	0.70310	0.02045	0.01554	0.01390	0.02045	0.02372	0.01145	0.03108	0.01799	0.04744	0.01472	0.01718	0.01145	0.00981	0.00654	0.00327	0.00818	0.00573	0.00654	0.01145
19	0.02121	0.05469	0.57364	0.03014	0.04576	0.02455	0.03906	0.03348	0.02232	0.03348	0.01897	0.02232	0.01339	0.01005	0.01005	0.00335	0.01563	0.00781	0.00446	0.01563
20	0.70310	0.02045	0.01554	0.01390	0.02045	0.02372	0.01145	0.03108	0.01799	0.04744	0.01472	0.01718	0.01145	0.00981	0.00654	0.00327	0.00818	0.00573	0.00654	0.01145
21	0.02617	0.02512	0.04292	0.06490	0.56246	0.02512	0.03245	0.03245	0.02407	0.03454	0.01989	0.02617	0.01675	0.00942	0.01047	0.00314	0.01256	0.00942	0.00523	0.01675
22	0.04019	0.02962	0.03173	0.02433	0.03279	0.03279	0.02010	0.52721	0.04971	0.06663	0.02538	0.02538	0.01798	0.01269	0.01058	0.00317	0.01163	0.00952	0.01058	0.01798
23	0.02630	0.02271	0.02391	0.02152	0.02749	0.02630	0.01674	0.05618	0.54336	0.04423	0.04303	0.03945	0.03228	0.01434	0.01076	0.00359	0.00837	0.01195	0.01076	0.01674
24	0.02630	0.02271	0.02391	0.02152	0.02749	0.02630	0.01674	0.05618	0.54336	0.04423	0.04303	0.03945	0.03228	0.01434	0.01076	0.00359	0.00837	0.01195	0.01076	0.01674
25	0.02630	0.02271	0.02391	0.02152	0.02749	0.02630	0.01674	0.05618	0.54336	0.04423	0.04303	0.03945	0.03228	0.01434	0.01076	0.00359	0.00837	0.01195	0.01076	0.01674
26	0.01346	0.01075	0.01204	0.01172	0.01487	0.00933	0.00879	0.01703	0.02637	0.03395	0.28216	0.09289	0.37976	0.02477	0.01249	0.00348	0.00521	0.02107	0.01053	0.00933
27	0.70310	0.02045	0.01554	0.01390	0.02045	0.02372	0.01145	0.03108	0.01799	0.04744	0.01472	0.01718	0.01145	0.00981	0.00654	0.00327	0.00818	0.00573	0.00654	0.01145
28	0.01305	0.00933	0.01242	0.01461	0.01537	0.00870	0.00983	0.01514	0.02101	0.02821	0.09779	0.57852	0.07229	0.03221	0.01341	0.00422	0.00604	0.02919	0.00996	0.00870
29	0.02335	0.01151	0.01349	0.01228	0.01575	0.01088	0.00946	0.02815	0.02553	0.13267	0.16708	0.04877	0.04521	0.01479	0.00923	0.00282	0.00565	0.01232	0.39975	0.01130
30	0.02496	0.02852	0.06239	0.04456	0.05526	0.02674	0.52406	0.03387	0.02496	0.03387	0.02139	0.02852	0.01604	0.00891	0.01248	0.00357	0.01783	0.01248	0.00535	0.01426
31	0.04680	0.01901	0.02517	0.01930	0.02750	0.01705	0.01594	0.09325	0.03197	0.52566	0.04028	0.03506	0.02545	0.01305	0.01063	0.00326	0.00923	0.01053	0.01287	0.01799
32	0.01397	0.00998	0.01351	0.01596	0.01705	0.00952	0.01170	0.01660	0.02131	0.02820	0.05768	0.49039	0.06756	0.03210	0.01378	0.00444	0.00707	0.15048	0.00979	0.00889
33	0.58734	0.02183	0.02354	0.01914	0.02639	0.02423	0.09896	0.03156	0.01918	0.04512	0.01586	0.01911	0.01223	0.00966	0.00756	0.00332	0.00983	0.00688	0.00634	0.01193
34	0.04744	0.01799	0.02454	0.01881	0.02699	0.01554	0.01554	0.05153	0.03026	0.56979	0.04171	0.03599	0.02617	0.01309	0.01063	0.00327	0.00900	0.01063	0.01309	0.01799
35	0.01919	0.01734	0.02483	0.02248	0.02340	0.02298	0.01827	0.02222	0.01658	0.02500	0.02097	0.03216	0.02004	0.04834	0.30548	0.01069	0.32409	0.01027	0.00514	0.01052
36	0.01517	0.01151	0.01426	0.01588	0.01741	0.01161	0.01100	0.02180	0.10955	0.02993	0.05567	0.52215	0.06350	0.02992	0.01303	0.00417	0.00652	0.02697	0.00998	0.00998
37	0.19632	0.08569	0.16948	0.03091	0.13055	0.15621	0.02499	0.03458	0.02328	0.03470	0.01714	0.02057	0.01360	0.00999	0.00888	0.00306	0.01367	0.00719	0.00536	0.01385
38	0.02870	0.02278	0.03779	0.15255	0.38413	0.02320	0.02901	0.03474	0.02461	0.12458	0.02342	0.02820	0.01789	0.01025	0.01051	0.00323	0.01222	0.00962	0.00648	0.01607
39	0.02399	0.02339	0.03369	0.23132	0.26266	0.06984	0.02652	0.02957	0.02271	0.03017	0.02021	0.02933	0.01726	0.05972	0.01368	0.00366	0.01301	0.00939	0.00526	0.07462
40	0.02705	0.01416	0.01807	0.01556	0.02023	0.01326	0.01219	0.03398	0.07550	0.21561	0.29726	0.05796	0.06337	0.01737	0.01128	0.00326	0.00660	0.01490	0.06918	0.01321
41	0.01419	0.01036	0.01334	0.01347	0.01554	0.00951	0.00977	0.01813	0.02680	0.03704	0.38336	0.22883	0.12990	0.02519	0.01275	0.00361	0.00533	0.02237	0.01099	0.00951
42	0.03530	0.02070	0.02418	0.02037	0.02728	0.02172	0.01623	0.05420	0.32489	0.26801	0.04247	0.03797	0.02968	0.01381	0.01070	0.00345	0.00864	0.01139	0.01175	0.01727
43	0.01971	0.00985	0.00985	0.00985	0.01232	0.00985	0.00739	0.02464	0.02217	0.03942	0.03449	0.03942	0.02710	0.01232	0.00739	0.00246	0.00493	0.00985	0.68712	0.00985

[dist]
# distance from previous block
# <min> <max>
0	28

[block]
# block no. 3 follows, 13 sequences, length 22
# corresponding to MSA columns:
# 887-908
name=unknown_D
#
# <colnr> <probs for GDERKNQSTAVLIFYWHMCP>
#	G	D	E	R	K	N	Q	S	T	A	V	L	I	F	Y	W	H	M	C	P
0	0.03040	0.04182	0.38110	0.02616	0.03918	0.02139	0.03082	0.03981	0.02511	0.22153	0.02695	0.02711	0.01787	0.01111	0.01025	0.00332	0.01330	0.00880	0.00749	0.01646
1	0.01870	0.01559	0.02144	0.02111	0.02227	0.01879	0.01742	0.02188	0.02013	0.02782	0.03865	0.11303	0.04229	0.09765	0.02628	0.00539	0.21971	0.23439	0.00755	0.00990
2	0.03265	0.03931	0.03058	0.22913	0.04676	0.38874	0.02356	0.03689	0.02687	0.02628	0.01720	0.02227	0.01379	0.01078	0.00990	0.00300	0.01732	0.00772	0.00518	0.01208
3	0.01395	0.01001	0.01331	0.01461	0.01603	0.00937	0.01046	0.01714	0.02397	0.03277	0.23292	0.39058	0.07965	0.02877	0.01323	0.00400	0.00602	0.06360	0.01045	0.00917
4	0.26156	0.02219	0.02648	0.02290	0.02519	0.02935	0.01904	0.02742	0.01682	0.03316	0.01417	0.02104	0.01303	0.01546	0.02483	0.00415	0.39837	0.00802	0.00530	0.01153
5	0.02248	0.02383	0.01877	0.01941	0.02183	0.21127	0.01399	0.02482	0.02391	0.02689	0.04343	0.37870	0.04961	0.02508	0.01218	0.00378	0.01090	0.05091	0.00828	0.00995
6	0.02247	0.01834	0.01957	0.01802	0.02190	0.02067	0.01311	0.04187	0.35823	0.03591	0.03963	0.04988	0.03444	0.22966	0.02586	0.00592	0.00903	0.01315	0.00923	0.01311
7	0.70310	0.02045	0.01554	0.01390	0.02045	0.02372	0.01145	0.03108	0.01799	0.04744	0.01472	0.01718	0.01145	0.00981	0.00654	0.00327	0.00818	0.00573	0.00654	0.01145
8	0.02827	0.63478	0.05540	0.01809	0.02714	0.04184	0.01809	0.03166	0.02148	0.02488	0.01470	0.01696	0.01357	0.00905	0.00678	0.00226	0.01131	0.00565	0.00452	0.01357
9	0.01336	0.01074	0.01191	0.01162	0.01481	0.00929	0.00871	0.01685	0.02614	0.03341	0.26482	0.09377	0.39744	0.02497	0.01249	0.00348	0.00523	0.02119	0.01046	0.00929
10	0.02493	0.23760	0.04046	0.02437	0.02754	0.03570	0.02136	0.02762	0.01805	0.02525	0.01417	0.02097	0.01377	0.01519	0.02491	0.00380	0.39947	0.00799	0.00459	0.01227
11	0.03781	0.01827	0.02705	0.22365	0.04306	0.01833	0.02039	0.04293	0.02706	0.37947	0.03368	0.03325	0.02194	0.01220	0.01061	0.00336	0.01078	0.01020	0.01015	0.01580
12	0.01263	0.01018	0.01126	0.01212	0.01465	0.00881	0.00866	0.01502	0.02275	0.02801	0.08999	0.28400	0.38698	0.02900	0.01285	0.00382	0.00563	0.02503	0.00982	0.00881
13	0.21890	0.03179	0.02371	0.02141	0.02736	0.22183	0.01656	0.04432	0.21743	0.03869	0.02581	0.02612	0.01995	0.01188	0.00916	0.00320	0.01207	0.00842	0.00773	0.01370
14	0.04105	0.01662	0.02228	0.01755	0.02474	0.01440	0.01432	0.04513	0.02973	0.46823	0.10337	0.04602	0.07733	0.01513	0.01098	0.00330	0.00826	0.01251	0.01266	0.01638
15	0.03532	0.01491	0.02024	0.01738	0.02290	0.01310	0.01353	0.03862	0.02675	0.37946	0.04752	0.24130	0.04152	0.02011	0.01164	0.00363	0.00799	0.01744	0.01194	0.01470
16	0.03630	0.03589	0.02900	0.02473	0.03137	0.24606	0.01935	0.21592	0.17077	0.04495	0.02647	0.02660	0.02001	0.01242	0.01022	0.00311	0.01367	0.00910	0.00863	0.01543
17	0.03556	0.25530	0.03888	0.02403	0.03074	0.39518	0.01961	0.03852	0.02699	0.02553	0.01577	0.01833	0.01360	0.01025	0.00857	0.00256	0.01635	0.00640	0.00512	0.01272
18	0.01288	0.00920	0.01227	0.01472	0.01534	0.00859	0.00981	0.01472	0.02024	0.02699	0.05828	0.62152	0.06993	0.03312	0.01350	0.00429	0.00613	0.03006	0.00981	0.00859
19	0.02254	0.02403	0.01873	0.01897	0.02174	0.21136	0.01381	0.02512	0.02478	0.02791	0.07716	0.30705	0.09101	0.02390	0.01203	0.00366	0.01074	0.04700	0.00839	0.01005
20	0.27693	0.01951	0.02179	0.01740	0.02502	0.01938	0.01436	0.07126	0.02706	0.35817	0.03133	0.02879	0.02055	0.01192	0.00920	0.00327	0.00886	0.00885	0.01065	0.01570
21	0.04417	0.03013	0.02692	0.02213	0.02937	0.21671	0.01756	0.07997	0.03145	0.34553	0.03173	0.02935	0.02122	0.01229	0.01024	0.00307	0.01270	0.00922	0.01024	0.01598

[dist]
# distance from previous block
# <min> <max>
0	3

[block]
# block no. 4 follows, 13 sequences, length 26
# corresponding to MSA columns:
# 912-937
name=unknown_E
#
# <colnr> <probs for GDERKNQSTAVLIFYWHMCP>
#	G	D	E	R	K	N	Q	S	T	A	V	L	I	F	Y	W	H	M	C	P
0	0.03320	0.01623	0.01993	0.01671	0.02250	0.01568	0.01331	0.04256	0.12748	0.28642	0.10852	0.04306	0.03727	0.01429	0.01021	0.00317	0.00748	0.01184	0.15515	0.01497
1	0.01997	0.01879	0.03171	0.60301	0.07282	0.02349	0.02936	0.02701	0.02114	0.02701	0.01879	0.02819	0.01409	0.01057	0.01057	0.00352	0.01409	0.00940	0.00470	0.01175
2	0.01835	0.01196	0.01621	0.01646	0.01935	0.01137	0.01353	0.02321	0.02748	0.07765	0.29574	0.09357	0.07693	0.02433	0.01328	0.00401	0.00740	0.22779	0.01091	0.01048
3	0.02216	0.01189	0.01429	0.01307	0.01480	0.01137	0.00834	0.02303	0.01853	0.13680	0.03509	0.06216	0.03584	0.49814	0.04467	0.00877	0.00999	0.01437	0.00782	0.00886
4	0.02828	0.02204	0.03072	0.02586	0.02760	0.02882	0.02152	0.03097	0.01917	0.14070	0.01977	0.02585	0.01648	0.01736	0.02960	0.00434	0.48202	0.00954	0.00642	0.01293
5	0.02523	0.04938	0.45890	0.02891	0.04301	0.02630	0.03505	0.13802	0.02812	0.04050	0.02033	0.02297	0.01436	0.01061	0.01016	0.00331	0.01478	0.00817	0.00576	0.01612
6	0.02967	0.02595	0.06504	0.09768	0.03550	0.09274	0.05174	0.06892	0.02533	0.14273	0.02803	0.10500	0.02418	0.01579	0.01603	0.00367	0.13873	0.01211	0.00764	0.01351
7	0.02956	0.02258	0.02445	0.02137	0.02775	0.02545	0.01680	0.08384	0.45475	0.10607	0.04183	0.03821	0.03072	0.01410	0.01073	0.00353	0.00864	0.01166	0.01102	0.01695
8	0.02496	0.02852	0.06239	0.04456	0.05526	0.02674	0.52406	0.03387	0.02496	0.03387	0.02139	0.02852	0.01604	0.00891	0.01248	0.00357	0.01783	0.01248	0.00535	0.01426
9	0.03735	0.02853	0.03264	0.02946	0.10201	0.03131	0.02148	0.42814	0.08204	0.06080	0.02594	0.02650	0.01885	0.01238	0.01058	0.00320	0.01152	0.00968	0.00989	0.01773
10	0.02545	0.50267	0.04667	0.01708	0.02474	0.03509	0.01637	0.02918	0.02327	0.02859	0.12949	0.03009	0.03182	0.01171	0.00799	0.00249	0.00997	0.00851	0.00603	0.01281
11	0.02494	0.08369	0.34884	0.14906	0.04766	0.02437	0.03238	0.03438	0.02307	0.10280	0.02165	0.02500	0.01525	0.01049	0.01000	0.00330	0.01411	0.00837	0.00566	0.01497
12	0.03850	0.01689	0.02468	0.01981	0.02657	0.01488	0.05110	0.04246	0.02776	0.41611	0.04375	0.15942	0.03470	0.01703	0.01137	0.00351	0.00903	0.01488	0.01183	0.01573
13	0.01288	0.00920	0.01227	0.01472	0.01534	0.00859	0.00981	0.01472	0.02024	0.02699	0.05828	0.62152	0.06993	0.03312	0.01350	0.00429	0.00613	0.03006	0.00981	0.00859
14	0.01577	0.01019	0.01225	0.01225	0.01240	0.01033	0.00731	0.01542	0.01528	0.02051	0.03088	0.06199	0.03477	0.50533	0.09248	0.10468	0.01147	0.01422	0.00610	0.00639
15	0.07920	0.10946	0.03192	0.03240	0.16845	0.20018	0.02039	0.03156	0.02431	0.02993	0.02583	0.14809	0.02620	0.01488	0.01003	0.00315	0.01275	0.01219	0.00628	0.01279
16	0.01891	0.01710	0.02799	0.47815	0.06075	0.02063	0.02526	0.02552	0.02300	0.03027	0.13272	0.03894	0.03223	0.01291	0.01097	0.00348	0.01217	0.01146	0.00617	0.01137
17	0.01288	0.00920	0.01227	0.01472	0.01534	0.00859	0.00981	0.01472	0.02024	0.02699	0.05828	0.62152	0.06993	0.03312	0.01350	0.00429	0.00613	0.03006	0.00981	0.00859
18	0.01775	0.01031	0.01145	0.01145	0.01382	0.01001	0.00861	0.02220	0.02364	0.03750	0.15133	0.05965	0.08054	0.05802	0.01245	0.00342	0.00567	0.04769	0.40492	0.00958
19	0.02564	0.02548	0.02363	0.01811	0.02667	0.13518	0.01420	0.02993	0.02363	0.03264	0.01827	0.02132	0.01523	0.00848	0.00819	0.00181	0.01021	0.00638	0.00609	0.54891
20	0.03184	0.02108	0.02950	0.07084	0.09729	0.02085	0.05518	0.04389	0.16732	0.20731	0.03304	0.03266	0.02359	0.01176	0.01039	0.00314	0.01012	0.01028	0.00936	0.11057
21	0.15559	0.21844	0.03717	0.14843	0.11163	0.06699	0.02123	0.03282	0.02232	0.07028	0.01836	0.02219	0.01464	0.00998	0.00852	0.00295	0.01184	0.00743	0.00572	0.01346
22	0.02564	0.02437	0.03943	0.09510	0.37577	0.02536	0.06404	0.03716	0.13386	0.03597	0.02481	0.02930	0.01978	0.01051	0.01068	0.00329	0.01217	0.01017	0.00637	0.01619
23	0.06677	0.23951	0.05073	0.03413	0.10600	0.10171	0.19385	0.03381	0.02388	0.03062	0.01788	0.02240	0.01471	0.00932	0.00955	0.00294	0.01450	0.00863	0.00513	0.01393
24	0.70310	0.02045	0.01554	0.01390	0.02045	0.02372	0.01145	0.03108	0.01799	0.04744	0.01472	0.01718	0.01145	0.00981	0.00654	0.00327	0.00818	0.00573	0.00654	0.01145
25	0.07983	0.02782	0.07054	0.04160	0.27176	0.05918	0.02552	0.10547	0.06760	0.11117	0.02465	0.02704	0.01855	0.01089	0.01016	0.00319	0.01193	0.00925	0.00749	0.01635

[dist]
# distance from previous block
# <min> <max>
1	2

[block]
# block no. 5 follows, 13 sequences, length 16
# corresponding to MSA columns:
# 942-957
name=unknown_F
#
# <colnr> <probs for GDERKNQSTAVLIFYWHMCP>
#	G	D	E	R	K	N	Q	S	T	A	V	L	I	F	Y	W	H	M	C	P
0	0.03077	0.02092	0.03136	0.14779	0.20519	0.02155	0.02353	0.07132	0.06071	0.18167	0.07202	0.03440	0.02675	0.01219	0.01072	0.00330	0.01093	0.01072	0.00851	0.01563
1	0.01502	0.01031	0.01143	0.01143	0.01187	0.01009	0.00661	0.01535	0.01646	0.02150	0.04245	0.07322	0.10279	0.55393	0.04870	0.00942	0.00964	0.01623	0.00683	0.00672
2	0.04630	0.01982	0.02567	0.01968	0.02790	0.01825	0.01626	0.12630	0.03332	0.49069	0.03915	0.03432	0.02488	0.01302	0.01062	0.00326	0.00941	0.01046	0.01269	0.01799
3	0.03176	0.01986	0.02709	0.09676	0.10313	0.01880	0.01885	0.03998	0.09216	0.22255	0.03010	0.03045	0.02144	0.01106	0.00988	0.00288	0.00971	0.00933	0.00891	0.19531
4	0.02286	0.01974	0.01909	0.01680	0.02120	0.08596	0.01300	0.13087	0.03284	0.04236	0.27104	0.06530	0.17791	0.01956	0.01170	0.00327	0.00825	0.01627	0.01022	0.01174
5	0.01704	0.01217	0.01704	0.01947	0.02191	0.01217	0.01704	0.02191	0.02434	0.03164	0.05598	0.11926	0.06085	0.02921	0.01460	0.00487	0.00974	0.49130	0.00974	0.00974
6	0.01793	0.01495	0.02026	0.13861	0.02958	0.01741	0.01575	0.02398	0.08358	0.02749	0.03676	0.22438	0.03925	0.15589	0.02430	0.00541	0.08937	0.01751	0.00742	0.01017
7	0.11236	0.02097	0.03304	0.35847	0.21741	0.02403	0.02795	0.02923	0.02163	0.03205	0.01859	0.02611	0.01457	0.01011	0.01001	0.00337	0.01284	0.00892	0.00511	0.01325
8	0.01997	0.01879	0.03171	0.60301	0.07282	0.02349	0.02936	0.02701	0.02114	0.02701	0.01879	0.02819	0.01409	0.01057	0.01057	0.00352	0.01409	0.00940	0.00470	0.01175
9	0.01288	0.00920	0.01227	0.01472	0.01534	0.00859	0.00981	0.01472	0.02024	0.02699	0.05828	0.62152	0.06993	0.03312	0.01350	0.00429	0.00613	0.03006	0.00981	0.00859
10	0.03304	0.02582	0.10532	0.08751	0.25083	0.02129	0.02667	0.03935	0.02594	0.23626	0.02793	0.02954	0.01965	0.01099	0.01048	0.00325	0.01175	0.00966	0.00806	0.01666
11	0.02407	0.02298	0.03912	0.24728	0.39651	0.02457	0.03140	0.03061	0.02308	0.03199	0.01952	0.02685	0.01585	0.00981	0.01050	0.00327	0.01308	0.00941	0.00505	0.01505
12	0.01288	0.00920	0.01227	0.01472	0.01534	0.00859	0.00981	0.01472	0.02024	0.02699	0.05828	0.62152	0.06993	0.03312	0.01350	0.00429	0.00613	0.03006	0.00981	0.00859
13	0.70310	0.02045	0.01554	0.01390	0.02045	0.02372	0.01145	0.03108	0.01799	0.04744	0.01472	0.01718	0.01145	0.00981	0.00654	0.00327	0.00818	0.00573	0.00654	0.01145
14	0.01258	0.01040	0.01103	0.01154	0.01450	0.00886	0.00840	0.01508	0.02330	0.02824	0.09698	0.20956	0.45691	0.02809	0.01270	0.00372	0.00552	0.02392	0.00982	0.00886
15	0.11764	0.18019	0.17175	0.02259	0.03210	0.06622	0.02269	0.09711	0.12294	0.03878	0.02249	0.02372	0.01728	0.01095	0.00896	0.00306	0.01198	0.00793	0.00673	0.01485

[dist]
# distance from previous block
# <min> <max>
0	2

[block]
# block no. 6 follows, 13 sequences, length 122
# corresponding to MSA columns:
# 961-1082
name=unknown_G
#
# <colnr> <probs for GDERKNQSTAVLIFYWHMCP>
#	G	D	E	R	K	N	Q	S	T	A	V	L	I	F	Y	W	H	M	C	P
0	0.02919	0.02551	0.07831	0.09797	0.38553	0.02319	0.02959	0.03558	0.02484	0.13196	0.02373	0.02785	0.01801	0.01023	0.01047	0.00321	0.01226	0.00952	0.00657	0.01648
1	0.02866	0.07241	0.02656	0.02095	0.02741	0.02645	0.01672	0.05369	0.44706	0.09745	0.04057	0.03724	0.03011	0.01378	0.01042	0.00344	0.00867	0.01130	0.01049	0.01661
2	0.03188	0.44663	0.04721	0.02104	0.02892	0.21703	0.01884	0.03506	0.02421	0.02520	0.01523	0.01764	0.01358	0.00964	0.00767	0.00241	0.01381	0.00603	0.00482	0.01315
3	0.02402	0.01873	0.02214	0.01592	0.02522	0.01421	0.01278	0.02866	0.02261	0.07835	0.02067	0.02308	0.01652	0.00826	0.00806	0.00171	0.00793	0.00662	0.00682	0.63770
4	0.03080	0.42079	0.08132	0.02191	0.03108	0.08006	0.05520	0.06909	0.02511	0.07084	0.01838	0.02032	0.01501	0.00981	0.00816	0.00260	0.01249	0.00701	0.00573	0.01429
5	0.02826	0.11798	0.24666	0.03225	0.08052	0.02574	0.14058	0.03661	0.02441	0.13239	0.02325	0.02583	0.01665	0.01018	0.01029	0.00322	0.01407	0.00922	0.00633	0.01557
6	0.01352	0.00920	0.01244	0.01461	0.01515	0.00866	0.00974	0.01461	0.01949	0.02598	0.05361	0.55263	0.06390	0.03355	0.01675	0.08472	0.00649	0.02762	0.00920	0.00812
7	0.03041	0.02476	0.02622	0.02235	0.02906	0.02822	0.01773	0.19558	0.39727	0.05086	0.03781	0.03529	0.02805	0.01386	0.01070	0.00346	0.00933	0.01123	0.01070	0.01710
8	0.02413	0.03213	0.21884	0.02195	0.03294	0.01983	0.02284	0.03543	0.10439	0.07283	0.02425	0.02579	0.01819	0.01001	0.00927	0.00264	0.01077	0.00801	0.00680	0.29895
9	0.02179	0.05123	0.51160	0.03420	0.10616	0.02462	0.03829	0.03336	0.02253	0.03361	0.01908	0.02277	0.01379	0.00997	0.01009	0.00332	0.01527	0.00800	0.00455	0.01576
10	0.02194	0.11519	0.51959	0.02888	0.04382	0.02636	0.03688	0.03329	0.02224	0.03259	0.01853	0.02176	0.01341	0.00994	0.00971	0.00324	0.01518	0.00759	0.00447	0.01541
11	0.02002	0.01862	0.03115	0.51998	0.10283	0.02257	0.02809	0.02685	0.02202	0.02872	0.06015	0.03194	0.02085	0.01134	0.01071	0.00348	0.01329	0.01014	0.00527	0.01196
12	0.08181	0.02544	0.02938	0.19430	0.04289	0.06493	0.02157	0.23877	0.03472	0.12696	0.02453	0.02681	0.01731	0.01180	0.01023	0.00327	0.01223	0.00920	0.00858	0.01528
13	0.02928	0.10516	0.07114	0.14061	0.25534	0.02620	0.02698	0.07334	0.02605	0.11268	0.02259	0.02645	0.01714	0.01040	0.01001	0.00313	0.01226	0.00901	0.00657	0.01567
14	0.01538	0.01025	0.01153	0.01153	0.01153	0.01025	0.00641	0.01538	0.01538	0.02050	0.03331	0.06919	0.03844	0.62842	0.05382	0.01025	0.01025	0.01538	0.00641	0.00641
15	0.03421	0.01507	0.02030	0.01657	0.02243	0.01327	0.01327	0.03866	0.03013	0.35490	0.25162	0.05350	0.05616	0.01656	0.01138	0.00329	0.00736	0.01409	0.01250	0.01473
16	0.01997	0.01879	0.03171	0.60301	0.07282	0.02349	0.02936	0.02701	0.02114	0.02701	0.01879	0.02819	0.01409	0.01057	0.01057	0.00352	0.01409	0.00940	0.00470	0.01175
17	0.01288	0.00920	0.01227	0.01472	0.01534	0.00859	0.00981	0.01472	0.02024	0.02699	0.05828	0.62152	0.06993	0.03312	0.01350	0.00429	0.00613	0.03006	0.00981	0.00859
18	0.02827	0.63478	0.05540	0.01809	0.02714	0.04184	0.01809	0.03166	0.02148	0.02488	0.01470	0.01696	0.01357	0.00905	0.00678	0.00226	0.01131	0.00565	0.00452	0.01357
19	0.01254	0.01053	0.01089	0.01118	0.01440	0.00889	0.00824	0.01512	0.02365	0.02838	0.10140	0.16251	0.50110	0.02752	0.01261	0.00365	0.00545	0.02322	0.00982	0.00889
20	0.02827	0.63478	0.05540	0.01809	0.02714	0.04184	0.01809	0.03166	0.02148	0.02488	0.01470	0.01696	0.01357	0.00905	0.00678	0.00226	0.01131	0.00565	0.00452	0.01357
21	0.02448	0.01870	0.02436	0.14370	0.03566	0.01631	0.01654	0.02962	0.02273	0.09541	0.02147	0.02493	0.01655	0.00904	0.00875	0.00219	0.00933	0.00746	0.00672	0.46606
22	0.03241	0.15323	0.26735	0.02356	0.03512	0.02452	0.02618	0.03990	0.02514	0.23298	0.02668	0.02641	0.01822	0.01099	0.00963	0.00311	0.01230	0.00845	0.00771	0.01612
23	0.02961	0.02465	0.03179	0.15665	0.13882	0.02767	0.02354	0.20499	0.16613	0.04628	0.02749	0.02977	0.02060	0.01205	0.01060	0.00335	0.01150	0.01010	0.00835	0.01608
24	0.01278	0.01072	0.01111	0.01101	0.01446	0.00905	0.00826	0.01573	0.02478	0.03018	0.15968	0.09909	0.50459	0.02617	0.01249	0.00354	0.00531	0.02194	0.01003	0.00905
25	0.02840	0.02376	0.02509	0.02194	0.02830	0.02728	0.01724	0.12753	0.46859	0.04762	0.04036	0.03732	0.03011	0.01409	0.01073	0.00352	0.00886	0.01159	0.01073	0.01692
26	0.01837	0.00918	0.01377	0.01377	0.01377	0.00918	0.00918	0.01377	0.01377	0.01837	0.01837	0.03214	0.01837	0.03673	0.04132	0.69238	0.00918	0.00918	0.00459	0.00459
27	0.01997	0.01879	0.03171	0.60301	0.07282	0.02349	0.02936	0.02701	0.02114	0.02701	0.01879	0.02819	0.01409	0.01057	0.01057	0.00352	0.01409	0.00940	0.00470	0.01175
28	0.01997	0.01879	0.03171	0.60301	0.07282	0.02349	0.02936	0.02701	0.02114	0.02701	0.01879	0.02819	0.01409	0.01057	0.01057	0.00352	0.01409	0.00940	0.00470	0.01175
29	0.01496	0.01081	0.01413	0.01330	0.01580	0.00998	0.00998	0.01995	0.02993	0.04240	0.55689	0.07898	0.09976	0.02162	0.01247	0.00333	0.00499	0.01912	0.01164	0.00998
30	0.01458	0.01068	0.01387	0.01470	0.01682	0.00997	0.01124	0.01845	0.02551	0.03441	0.26474	0.23051	0.13917	0.02686	0.01320	0.00394	0.00636	0.12503	0.01053	0.00944
31	0.02827	0.63478	0.05540	0.01809	0.02714	0.04184	0.01809	0.03166	0.02148	0.02488	0.01470	0.01696	0.01357	0.00905	0.00678	0.00226	0.01131	0.00565	0.00452	0.01357
32	0.02090	0.01671	0.01970	0.01949	0.02352	0.01820	0.01586	0.03704	0.25865	0.03888	0.12376	0.07744	0.05371	0.02141	0.01256	0.00406	0.00842	0.20628	0.01048	0.01292
33	0.03950	0.05039	0.02996	0.02724	0.03269	0.58597	0.02043	0.04222	0.02996	0.02588	0.01634	0.01907	0.01362	0.01090	0.00953	0.00272	0.01907	0.00681	0.00545	0.01226
34	0.02827	0.63478	0.05540	0.01809	0.02714	0.04184	0.01809	0.03166	0.02148	0.02488	0.01470	0.01696	0.01357	0.00905	0.00678	0.00226	0.01131	0.00565	0.00452	0.01357
35	0.01997	0.01879	0.03171	0.60301	0.07282	0.02349	0.02936	0.02701	0.02114	0.02701	0.01879	0.02819	0.01409	0.01057	0.01057	0.00352	0.01409	0.00940	0.00470	0.01175
36	0.01538	0.01025	0.01153	0.01153	0.01153	0.01025	0.00641	0.01538	0.01538	0.02050	0.03331	0.06919	0.03844	0.62842	0.05382	0.01025	0.01025	0.01538	0.00641	0.00641
37	0.01288	0.00920	0.01227	0.01472	0.01534	0.00859	0.00981	0.01472	0.02024	0.02699	0.05828	0.62152	0.06993	0.03312	0.01350	0.00429	0.00613	0.03006	0.00981	0.00859
38	0.01997	0.01879	0.03171	0.60301	0.07282	0.02349	0.02936	0.02701	0.02114	0.02701	0.01879	0.02819	0.01409	0.01057	0.01057	0.00352	0.01409	0.00940	0.00470	0.01175
39	0.15336	0.07007	0.10672	0.02993	0.11315	0.02469	0.08052	0.06817	0.06434	0.15120	0.02529	0.02666	0.01825	0.01083	0.00974	0.00324	0.01159	0.00908	0.00772	0.01546
40	0.01275	0.01072	0.01107	0.01098	0.01444	0.00904	0.00824	0.01567	0.02471	0.03001	0.15402	0.09938	0.51037	0.02624	0.01249	0.00354	0.00532	0.02198	0.01001	0.00904
41	0.02630	0.02271	0.02391	0.02152	0.02749	0.02630	0.01674	0.05618	0.54336	0.04423	0.04303	0.03945	0.03228	0.01434	0.01076	0.00359	0.00837	0.01195	0.01076	0.01674
42	0.01389	0.01061	0.01275	0.01255	0.01522	0.00947	0.00928	0.01774	0.02689	0.03598	0.34831	0.14349	0.25623	0.02461	0.01259	0.00351	0.00524	0.02137	0.01081	0.00947
43	0.70310	0.02045	0.01554	0.01390	0.02045	0.02372	0.01145	0.03108	0.01799	0.04744	0.01472	0.01718	0.01145	0.00981	0.00654	0.00327	0.00818	0.00573	0.00654	0.01145
44	0.02323	0.03317	0.18436	0.13982	0.09173	0.02551	0.28094	0.03248	0.02356	0.03262	0.02022	0.02674	0.01509	0.00952	0.01139	0.00347	0.01625	0.01055	0.00500	0.01434
45	0.38674	0.02540	0.02262	0.01868	0.02591	0.06520	0.01527	0.19896	0.03033	0.09140	0.02041	0.02145	0.01488	0.01109	0.00840	0.00320	0.01015	0.00743	0.00830	0.01418
46	0.07359	0.07058	0.02628	0.02059	0.06327	0.02035	0.01537	0.03547	0.12559	0.07655	0.02476	0.02600	0.01934	0.00986	0.00863	0.00238	0.00867	0.00785	0.00747	0.35741
47	0.02623	0.03342	0.21215	0.02875	0.08943	0.02474	0.02584	0.04565	0.27218	0.08110	0.03237	0.03199	0.02378	0.01228	0.01048	0.00343	0.01131	0.01018	0.00823	0.01646
48	0.02121	0.05469	0.57364	0.03014	0.04576	0.02455	0.03906	0.03348	0.02232	0.03348	0.01897	0.02232	0.01339	0.01005	0.01005	0.00335	0.01563	0.00781	0.00446	0.01563
49	0.02704	0.02300	0.03856	0.17713	0.40012	0.02377	0.03001	0.03326	0.02408	0.08872	0.02193	0.02763	0.01715	0.01005	0.01051	0.00324	0.01252	0.00954	0.00594	0.01579
50	0.70310	0.02045	0.01554	0.01390	0.02045	0.02372	0.01145	0.03108	0.01799	0.04744	0.01472	0.01718	0.01145	0.00981	0.00654	0.00327	0.00818	0.00573	0.00654	0.01145
51	0.02360	0.02166	0.04005	0.03551	0.10784	0.02190	0.21886	0.02947	0.02281	0.06342	0.02841	0.04629	0.02597	0.06904	0.05801	0.00528	0.07710	0.08541	0.00651	0.01287
52	0.02502	0.03075	0.16201	0.02368	0.03208	0.02586	0.02235	0.05048	0.41247	0.04153	0.03699	0.03515	0.02753	0.01326	0.01058	0.00353	0.01019	0.01091	0.00918	0.01646
53	0.01997	0.01879	0.03171	0.60301	0.07282	0.02349	0.02936	0.02701	0.02114	0.02701	0.01879	0.02819	0.01409	0.01057	0.01057	0.00352	0.01409	0.00940	0.00470	0.01175
54	0.07450	0.07571	0.17821	0.03664	0.15055	0.02634	0.12501	0.06571	0.06394	0.06953	0.02261	0.02591	0.01696	0.01027	0.01026	0.00327	0.01339	0.00935	0.00631	0.01553
55	0.02775	0.02343	0.02472	0.02181	0.02805	0.02698	0.01709	0.10531	0.49188	0.04657	0.04119	0.03798	0.03078	0.01417	0.01074	0.00354	0.00871	0.01170	0.01074	0.01687
56	0.70310	0.02045	0.01554	0.01390	0.02045	0.02372	0.01145	0.03108	0.01799	0.04744	0.01472	0.01718	0.01145	0.00981	0.00654	0.00327	0.00818	0.00573	0.00654	0.01145
57	0.01538	0.01025	0.01153	0.01153	0.01153	0.01025	0.00641	0.01538	0.01538	0.02050	0.03331	0.06919	0.03844	0.62842	0.05382	0.01025	0.01025	0.01538	0.00641	0.00641
58	0.02827	0.63478	0.05540	0.01809	0.02714	0.04184	0.01809	0.03166	0.02148	0.02488	0.01470	0.01696	0.01357	0.00905	0.00678	0.00226	0.01131	0.00565	0.00452	0.01357
59	0.01250	0.01071	0.01071	0.01071	0.01428	0.00893	0.00803	0.01517	0.02410	0.02856	0.10711	0.10175	0.55817	0.02678	0.01250	0.00357	0.00536	0.02231	0.00982	0.00893
60	0.03272	0.02205	0.02467	0.02105	0.02777	0.02407	0.01669	0.09113	0.37541	0.17919	0.04135	0.03749	0.02963	0.01390	0.01071	0.00347	0.00878	0.01143	0.01133	0.01715
61	0.01496	0.01081	0.01413	0.01330	0.01580	0.00998	0.00998	0.01995	0.02993	0.04240	0.55689	0.07898	0.09976	0.02162	0.01247	0.00333	0.00499	0.01912	0.01164	0.00998
62	0.04500	0.02191	0.02696	0.02067	0.02894	0.02135	0.01707	0.21173	0.03681	0.40033	0.03621	0.03242	0.02341	0.01295	0.01061	0.00324	0.00989	0.01026	0.01224	0.01799
63	0.04019	0.02962	0.03173	0.02433	0.03279	0.03279	0.02010	0.52721	0.04971	0.06663	0.02538	0.02538	0.01798	0.01269	0.01058	0.00317	0.01163	0.00952	0.01058	0.01798
64	0.02121	0.05469	0.57364	0.03014	0.04576	0.02455	0.03906	0.03348	0.02232	0.03348	0.01897	0.02232	0.01339	0.01005	0.01005	0.00335	0.01563	0.00781	0.00446	0.01563
65	0.01298	0.01073	0.01138	0.01122	0.01458	0.00913	0.00841	0.01611	0.02524	0.03127	0.19522	0.09729	0.46837	0.02577	0.01249	0.00352	0.00528	0.02169	0.01018	0.00913
66	0.01704	0.01217	0.01704	0.01947	0.02191	0.01217	0.01704	0.02191	0.02434	0.03164	0.05598	0.11926	0.06085	0.02921	0.01460	0.00487	0.00974	0.49130	0.00974	0.00974
67	0.04744	0.01799	0.02454	0.01881	0.02699	0.01554	0.01554	0.05153	0.03026	0.56979	0.04171	0.03599	0.02617	0.01309	0.01063	0.00327	0.00900	0.01063	0.01309	0.01799
68	0.01477	0.01080	0.01386	0.01310	0.01568	0.00989	0.00982	0.01958	0.02947	0.04131	0.52135	0.08078	0.13598	0.02202	0.01247	0.00334	0.00502	0.01937	0.01150	0.00989
69	0.01288	0.00920	0.01227	0.01472	0.01534	0.00859	0.00981	0.01472	0.02024	0.02699	0.05828	0.62152	0.06993	0.03312	0.01350	0.00429	0.00613	0.03006	0.00981	0.00859
70	0.04744	0.01799	0.02454	0.01881	0.02699	0.01554	0.01554	0.05153	0.03026	0.56979	0.04171	0.03599	0.02617	0.01309	0.01063	0.00327	0.00900	0.01063	0.01309	0.01799
71	0.01472	0.01053	0.01434	0.01653	0.01802	0.01014	0.01274	0.01803	0.02266	0.03008	0.09675	0.37614	0.06863	0.03064	0.01386	0.00445	0.00750	0.21517	0.00993	0.00916
72	0.03434	0.02001	0.02310	0.01938	0.02594	0.02093	0.01546	0.08692	0.25662	0.23790	0.04020	0.03710	0.02834	0.01352	0.01030	0.00331	0.00845	0.01104	0.09065	0.01649
73	0.09892	0.02349	0.02418	0.02114	0.02754	0.02698	0.01668	0.12278	0.41604	0.04786	0.03749	0.03506	0.02800	0.01363	0.01029	0.00349	0.00883	0.01095	0.01029	0.01637
74	0.03701	0.18978	0.03780	0.02292	0.03130	0.07759	0.01960	0.36016	0.04080	0.05257	0.02189	0.02269	0.01649	0.01160	0.00950	0.00290	0.01212	0.00830	0.00860	0.01639
75	0.01322	0.00944	0.01266	0.01511	0.01587	0.00888	0.01041	0.01531	0.02058	0.02737	0.05809	0.58034	0.06919	0.03280	0.01359	0.00434	0.00643	0.06788	0.00981	0.00868
76	0.03608	0.02796	0.13484	0.02170	0.03164	0.02083	0.02067	0.14694	0.03142	0.25783	0.02954	0.02845	0.01997	0.01145	0.01000	0.00296	0.01068	0.00905	0.00960	0.13839
77	0.02827	0.63478	0.05540	0.01809	0.02714	0.04184	0.01809	0.03166	0.02148	0.02488	0.01470	0.01696	0.01357	0.00905	0.00678	0.00226	0.01131	0.00565	0.00452	0.01357
