[name]
unknown

[dist]
# distance from previous block
# <min> <max>
0	245

[block]
# block no. 0 follows, 13 sequences, length 18
# corresponding to MSA columns:
# 261-278
name=unknown_A
#
# <colnr> <probs for GDERKNQSTAVLIFYWHMCP>
#	G	D	E	R	K	N	Q	S	T	A	V	L	I	F	Y	W	H	M	C	P
0	0.02370	0.01990	0.02179	0.02012	0.02523	0.02248	0.01579	0.04740	0.41544	0.04266	0.11846	0.05344	0.04497	0.01694	0.01140	0.00368	0.00802	0.06276	0.01078	0.01503
1	0.03024	0.01417	0.01843	0.01564	0.02096	0.01238	0.01232	0.03408	0.02815	0.29700	0.17611	0.10939	0.14756	0.01941	0.01166	0.00343	0.00712	0.01651	0.01185	0.01359
2	0.02168	0.02166	0.04056	0.15968	0.04778	0.02222	0.24375	0.03114	0.07913	0.03238	0.03128	0.11221	0.02866	0.01496	0.01222	0.00378	0.01370	0.06363	0.00679	0.01280
3	0.01602	0.01240	0.01763	0.01714	0.01847	0.01473	0.01302	0.01894	0.01661	0.02389	0.02769	0.04468	0.02731	0.17444	0.42862	0.01442	0.08734	0.01185	0.00569	0.00911
4	0.01855	0.01171	0.01447	0.01515	0.01751	0.01131	0.01081	0.02387	0.07609	0.08827	0.05638	0.40995	0.09292	0.02675	0.01230	0.00390	0.00651	0.02377	0.06918	0.01058
5	0.01288	0.00920	0.01227	0.01472	0.01534	0.00859	0.00981	0.01472	0.02024	0.02699	0.05828	0.62152	0.06993	0.03312	0.01350	0.00429	0.00613	0.03006	0.00981	0.00859
6	0.01668	0.01046	0.01258	0.01205	0.01454	0.00993	0.00904	0.02165	0.02712	0.04132	0.36775	0.06466	0.07345	0.01825	0.01063	0.00301	0.00497	0.01577	0.25620	0.00993
7	0.01473	0.01060	0.01406	0.01439	0.01644	0.00992	0.01081	0.01897	0.02698	0.03747	0.37863	0.21067	0.08799	0.02524	0.01297	0.00374	0.00584	0.07994	0.01098	0.00962
8	0.02827	0.63478	0.05540	0.01809	0.02714	0.04184	0.01809	0.03166	0.02148	0.02488	0.01470	0.01696	0.01357	0.00905	0.00678	0.00226	0.01131	0.00565	0.00452	0.01357
9	0.04744	0.01799	0.02454	0.01881	0.02699	0.01554	0.01554	0.05153	0.03026	0.56979	0.04171	0.03599	0.02617	0.01309	0.01063	0.00327	0.00900	0.01063	0.01309	0.01799
10	0.01316	0.01017	0.01212	0.01352	0.01559	0.00912	0.00983	0.01569	0.02233	0.02816	0.07890	0.34548	0.27759	0.02999	0.01319	0.00405	0.00619	0.07628	0.00981	0.00886
11	0.03950	0.05039	0.02996	0.02724	0.03269	0.58597	0.02043	0.04222	0.02996	0.02588	0.01634	0.01907	0.01362	0.01090	0.00953	0.00272	0.01907	0.00681	0.00545	0.01226
12	0.01591	0.01020	0.01132	0.01132	0.01163	0.01020	0.00653	0.01652	0.01621	0.02284	0.03346	0.06552	0.03704	0.55240	0.04809	0.00929	0.00959	0.01469	0.09040	0.00683
13	0.01971	0.00985	0.00985	0.00985	0.01232	0.00985	0.00739	0.02464	0.02217	0.03942	0.03449	0.03942	0.02710	0.01232	0.00739	0.00246	0.00493	0.00985	0.68712	0.00985
14	0.01538	0.01025	0.01153	0.01153	0.01153	0.01025	0.00641	0.01538	0.01538	0.02050	0.03331	0.06919	0.03844	0.62842	0.05382	0.01025	0.01025	0.01538	0.00641	0.00641
15	0.01837	0.00918	0.01377	0.01377	0.01377	0.00918	0.00918	0.01377	0.01377	0.01837	0.01837	0.03214	0.01837	0.03673	0.04132	0.69238	0.00918	0.00918	0.00459	0.00459
16	0.02192	0.01879	0.02192	0.01566	0.02506	0.01409	0.01253	0.02662	0.02192	0.03445	0.01879	0.02192	0.01566	0.00783	0.00783	0.00157	0.00783	0.00626	0.00626	0.69305
17	0.02612	0.39007	0.16458	0.02601	0.03677	0.03515	0.12603	0.03249	0.02237	0.02851	0.01696	0.02044	0.01404	0.00923	0.00863	0.00275	0.01354	0.00750	0.00468	0.01414

[dist]
# distance from previous block
# <min> <max>
1	50

[block]
# block no. 1 follows, 13 sequences, length 19
# corresponding to MSA columns:
# 329-347
name=unknown_B
#
# <colnr> <probs for GDERKNQSTAVLIFYWHMCP>
#	G	D	E	R	K	N	Q	S	T	A	V	L	I	F	Y	W	H	M	C	P
0	0.33001	0.07330	0.16135	0.08872	0.09826	0.02537	0.02324	0.03144	0.02039	0.03859	0.01684	0.02072	0.01301	0.00985	0.00834	0.00323	0.01142	0.00708	0.00553	0.01330
1	0.01315	0.00946	0.01284	0.01500	0.01576	0.00915	0.01022	0.01522	0.01985	0.02670	0.05466	0.55158	0.06468	0.03869	0.08259	0.00583	0.00881	0.02780	0.00931	0.00869
2	0.02129	0.05036	0.50711	0.02839	0.04326	0.02329	0.03586	0.03266	0.02227	0.03360	0.01895	0.02227	0.01367	0.00978	0.00978	0.00313	0.01469	0.00763	0.00468	0.09732
3	0.01510	0.01133	0.01699	0.01699	0.01888	0.01322	0.01322	0.01888	0.01699	0.02454	0.02832	0.04154	0.02643	0.07930	0.58652	0.01699	0.02832	0.01133	0.00566	0.00944
4	0.02121	0.05469	0.57364	0.03014	0.04576	0.02455	0.03906	0.03348	0.02232	0.03348	0.01897	0.02232	0.01339	0.01005	0.01005	0.00335	0.01563	0.00781	0.00446	0.01563
5	0.02300	0.02239	0.03385	0.02800	0.02967	0.02918	0.08696	0.02646	0.01799	0.02807	0.01711	0.02562	0.01561	0.01657	0.02881	0.00425	0.46570	0.00974	0.07928	0.01173
6	0.01365	0.00979	0.01296	0.01420	0.01551	0.00910	0.00987	0.01665	0.02381	0.03267	0.24205	0.42156	0.08093	0.02888	0.01312	0.00394	0.00571	0.02603	0.01049	0.00910
7	0.04229	0.02281	0.02710	0.02115	0.02917	0.02313	0.01735	0.22638	0.09797	0.32337	0.03589	0.03251	0.02389	0.01309	0.01063	0.00327	0.00989	0.01038	0.01189	0.01784
8	0.28269	0.01921	0.02322	0.12968	0.10112	0.02123	0.01808	0.03244	0.05809	0.09626	0.02662	0.10080	0.02314	0.01354	0.00942	0.00345	0.00968	0.01095	0.00746	0.01292
9	0.70310	0.02045	0.01554	0.01390	0.02045	0.02372	0.01145	0.03108	0.01799	0.04744	0.01472	0.01718	0.01145	0.00981	0.00654	0.00327	0.00818	0.00573	0.00654	0.01145
10	0.01466	0.00961	0.01309	0.01414	0.01510	0.00908	0.00971	0.01585	0.02126	0.02899	0.17743	0.34802	0.06588	0.03098	0.01956	0.16046	0.00653	0.02250	0.00910	0.00804
11	0.02326	0.02216	0.03767	0.31687	0.33318	0.02436	0.03100	0.02990	0.02270	0.03102	0.01938	0.02711	0.01551	0.00996	0.01052	0.00332	0.01328	0.00941	0.00498	0.01441
12	0.03372	0.09366	0.07098	0.10882	0.13682	0.08986	0.05285	0.03919	0.02606	0.20680	0.02594	0.02770	0.01851	0.01092	0.01011	0.00313	0.01274	0.00917	0.00764	0.01539
13	0.04406	0.01969	0.02491	0.01926	0.02709	0.01852	0.01586	0.14277	0.03350	0.43382	0.03801	0.03415	0.02463	0.01295	0.01039	0.00320	0.00923	0.01036	0.06020	0.01742
14	0.01840	0.01222	0.01646	0.01635	0.01819	0.01251	0.01205	0.02134	0.02333	0.09004	0.17851	0.34840	0.06615	0.02627	0.01542	0.00397	0.07734	0.02269	0.01003	0.01032
15	0.02253	0.03634	0.32464	0.02421	0.03440	0.01951	0.02715	0.03243	0.06042	0.09591	0.03351	0.17930	0.03081	0.01665	0.01105	0.00360	0.01188	0.01417	0.00731	0.01418
16	0.11189	0.02264	0.06513	0.23645	0.04528	0.02232	0.02241	0.10065	0.02741	0.20414	0.02632	0.02855	0.01800	0.01150	0.01008	0.00336	0.01159	0.00925	0.00828	0.01474
17	0.02827	0.63478	0.05540	0.01809	0.02714	0.04184	0.01809	0.03166	0.02148	0.02488	0.01470	0.01696	0.01357	0.00905	0.00678	0.00226	0.01131	0.00565	0.00452	0.01357
18	0.06722	0.06275	0.02551	0.08953	0.06438	0.01801	0.01579	0.02619	0.02072	0.03183	0.01825	0.02349	0.01543	0.01190	0.01213	0.08363	0.00933	0.00711	0.00570	0.39111

[dist]
# distance from previous block
# <min> <max>
0	1

[block]
# block no. 2 follows, 13 sequences, length 18
# corresponding to MSA columns:
# 349-366
name=unknown_C
#
# <colnr> <probs for GDERKNQSTAVLIFYWHMCP>
#	G	D	E	R	K	N	Q	S	T	A	V	L	I	F	Y	W	H	M	C	P
0	0.07415	0.07202	0.07551	0.06535	0.07161	0.02756	0.10028	0.08767	0.23311	0.04091	0.02899	0.03030	0.02192	0.01173	0.01034	0.00337	0.01156	0.01026	0.00790	0.01545
1	0.02899	0.01358	0.01736	0.01474	0.01964	0.01216	0.01164	0.03342	0.02821	0.25741	0.21576	0.05578	0.09065	0.01680	0.01079	0.00316	0.00665	0.01418	0.13592	0.01317
2	0.01283	0.00939	0.01208	0.01423	0.01521	0.00863	0.00960	0.01478	0.02071	0.02718	0.06422	0.55821	0.12940	0.03235	0.01337	0.00421	0.00604	0.02911	0.00982	0.00863
3	0.03349	0.35028	0.04309	0.02029	0.02885	0.03553	0.01836	0.18441	0.06929	0.08947	0.02251	0.02292	0.01745	0.01091	0.00858	0.00273	0.01097	0.00774	0.00760	0.01554
4	0.03861	0.08105	0.02565	0.01737	0.02491	0.01731	0.01451	0.04281	0.02795	0.38502	0.07462	0.03616	0.02944	0.01276	0.00987	0.00295	0.00853	0.01028	0.06117	0.07902
5	0.11188	0.15027	0.34379	0.02908	0.07585	0.02769	0.05730	0.03279	0.02187	0.03386	0.01785	0.02130	0.01355	0.00973	0.00917	0.00314	0.01379	0.00752	0.00485	0.01472
6	0.02657	0.02611	0.03224	0.32514	0.12473	0.11339	0.02624	0.08485	0.07439	0.03358	0.02149	0.02723	0.01647	0.01104	0.01041	0.00332	0.01388	0.00924	0.00606	0.01362
7	0.01288	0.00920	0.01227	0.01472	0.01534	0.00859	0.00981	0.01472	0.02024	0.02699	0.05828	0.62152	0.06993	0.03312	0.01350	0.00429	0.00613	0.03006	0.00981	0.00859
8	0.08208	0.01994	0.02770	0.07873	0.07203	0.02038	0.05578	0.09678	0.06450	0.19261	0.03559	0.07939	0.02956	0.01559	0.01119	0.00361	0.01053	0.07981	0.00951	0.01471
9	0.14341	0.01716	0.02106	0.07422	0.06604	0.01850	0.01542	0.03367	0.12324	0.10412	0.06122	0.03412	0.02615	0.01757	0.01609	0.14383	0.00898	0.01003	0.05302	0.01215
10	0.01967	0.01312	0.01606	0.01614	0.01985	0.01235	0.01326	0.05310	0.02616	0.08829	0.07179	0.13045	0.24030	0.02586	0.01309	0.00408	0.00791	0.20763	0.01017	0.01073
11	0.03038	0.18965	0.03441	0.02131	0.02875	0.03215	0.01796	0.17009	0.27622	0.04474	0.03087	0.02978	0.02357	0.01249	0.00964	0.00312	0.01000	0.00963	0.00903	0.01620
12	0.54923	0.02445	0.08418	0.01606	0.02401	0.02282	0.01493	0.03091	0.01893	0.04439	0.01566	0.01830	0.01212	0.00964	0.00710	0.00310	0.00905	0.00604	0.00626	0.08281
13	0.02977	0.06359	0.11793	0.07788	0.03769	0.02231	0.08241	0.07006	0.06486	0.15864	0.02639	0.02783	0.01888	0.01065	0.00998	0.00296	0.01163	0.00916	0.00781	0.14956
14	0.19862	0.14498	0.06708	0.12432	0.11322	0.02654	0.05508	0.03009	0.02148	0.03427	0.02114	0.03196	0.01864	0.01170	0.00928	0.00328	0.01168	0.05791	0.00577	0.01295
15	0.01669	0.01067	0.01414	0.01440	0.01651	0.00980	0.01036	0.02018	0.02557	0.07874	0.28888	0.32103	0.08022	0.02612	0.01278	0.00376	0.00584	0.02337	0.01093	0.01001
16	0.10658	0.02117	0.03623	0.35449	0.05863	0.02361	0.14013	0.03110	0.02239	0.07566	0.02078	0.02756	0.01521	0.01030	0.01053	0.00348	0.01382	0.00976	0.00576	0.01280
17	0.02590	0.10600	0.20407	0.19321	0.09174	0.02535	0.06405	0.03379	0.02328	0.10262	0.02169	0.02591	0.01579	0.01035	0.01008	0.00325	0.01368	0.00884	0.00582	0.01459

[dist]
# distance from previous block
# <min> <max>
12	27

[block]
# block no. 3 follows, 13 sequences, length 6
# corresponding to MSA columns:
# 394-399
name=unknown_D
#
# <colnr> <probs for GDERKNQSTAVLIFYWHMCP>
#	G	D	E	R	K	N	Q	S	T	A	V	L	I	F	Y	W	H	M	C	P
0	0.14282	0.03544	0.27780	0.02294	0.03299	0.02254	0.02520	0.03558	0.12804	0.03950	0.10503	0.03350	0.03002	0.01264	0.00993	0.00338	0.01121	0.01000	0.00720	0.01425
1	0.01997	0.01879	0.03171	0.60301	0.07282	0.02349	0.02936	0.02701	0.02114	0.02701	0.01879	0.02819	0.01409	0.01057	0.01057	0.00352	0.01409	0.00940	0.00470	0.01175
2	0.04402	0.12792	0.03004	0.01868	0.02702	0.02023	0.01599	0.04799	0.02870	0.47267	0.03690	0.03260	0.02393	0.01237	0.00995	0.00309	0.00941	0.00975	0.01156	0.01721
3	0.09557	0.01994	0.03165	0.45665	0.14169	0.02376	0.02788	0.02829	0.02124	0.03039	0.01851	0.02668	0.01421	0.01031	0.01011	0.00344	0.01321	0.00900	0.00498	0.01248
4	0.01545	0.01247	0.01863	0.20889	0.03399	0.01367	0.01596	0.01885	0.02009	0.02640	0.04291	0.37425	0.04856	0.08078	0.01626	0.00459	0.00915	0.02187	0.00781	0.00943
5	0.01282	0.00946	0.01200	0.01404	0.01516	0.00865	0.00951	0.01480	0.02090	0.02726	0.06655	0.53340	0.15271	0.03205	0.01333	0.00417	0.00600	0.02874	0.00982	0.00865

[dist]
# distance from previous block
# <min> <max>
9	13

[block]
# block no. 4 follows, 13 sequences, length 25
# corresponding to MSA columns:
# 413-437
name=unknown_E
#
# <colnr> <probs for GDERKNQSTAVLIFYWHMCP>
#	G	D	E	R	K	N	Q	S	T	A	V	L	I	F	Y	W	H	M	C	P
0	0.02765	0.02683	0.07603	0.07282	0.04167	0.02551	0.19720	0.20095	0.03230	0.04356	0.02839	0.12299	0.02511	0.01434	0.01168	0.00353	0.01337	0.01376	0.00777	0.01454
1	0.03523	0.01768	0.02228	0.01808	0.02469	0.01688	0.01459	0.07921	0.08387	0.30562	0.07075	0.03815	0.03034	0.02016	0.06992	0.00454	0.01048	0.01094	0.06110	0.06549
2	0.03748	0.02062	0.06302	0.01883	0.02663	0.01708	0.01639	0.08062	0.06371	0.36297	0.05028	0.04587	0.11777	0.01530	0.01092	0.00334	0.00901	0.01246	0.01154	0.01615
3	0.07425	0.03384	0.10746	0.18965	0.10718	0.18651	0.02586	0.03588	0.02499	0.08772	0.02041	0.02458	0.01529	0.01067	0.00993	0.00318	0.01464	0.00831	0.00596	0.01369
4	0.01484	0.01094	0.01504	0.07592	0.02183	0.01110	0.01258	0.01746	0.02023	0.02669	0.04925	0.36621	0.05676	0.13754	0.02068	0.00540	0.00838	0.11176	0.00866	0.00874
5	0.01462	0.01159	0.01346	0.01242	0.01610	0.00995	0.00940	0.01858	0.02658	0.03559	0.30660	0.08293	0.28939	0.02242	0.01200	0.00325	0.00544	0.01917	0.01030	0.08021
6	0.02846	0.02793	0.11726	0.29173	0.08778	0.07810	0.02725	0.03522	0.02438	0.14552	0.02360	0.02789	0.01672	0.01098	0.01039	0.00334	0.01363	0.00915	0.00658	0.01410
7	0.11132	0.02098	0.02976	0.02255	0.03095	0.01982	0.08793	0.09763	0.03031	0.38584	0.03429	0.03185	0.02233	0.01211	0.01047	0.00330	0.01045	0.01027	0.01104	0.01678
8	0.04744	0.01799	0.02454	0.01881	0.02699	0.01554	0.01554	0.05153	0.03026	0.56979	0.04171	0.03599	0.02617	0.01309	0.01063	0.00327	0.00900	0.01063	0.01309	0.01799
9	0.22092	0.03014	0.07979	0.12901	0.11673	0.12195	0.09276	0.03312	0.02283	0.03528	0.01774	0.02269	0.01385	0.00997	0.00944	0.00325	0.01369	0.00819	0.00550	0.01316
10	0.43699	0.02303	0.03054	0.02949	0.12256	0.02462	0.12704	0.03193	0.02057	0.04223	0.01708	0.02122	0.01338	0.00955	0.00852	0.00331	0.01105	0.00784	0.00605	0.01299
11	0.03818	0.02854	0.03173	0.08199	0.03678	0.03186	0.02102	0.47737	0.04687	0.06269	0.02473	0.02566	0.01759	0.01248	0.01058	0.00321	0.01188	0.00951	0.00999	0.01736
12	0.04461	0.01737	0.02363	0.01833	0.02602	0.01506	0.01506	0.04878	0.03023	0.52391	0.08653	0.03973	0.03257	0.01383	0.01079	0.00328	0.00865	0.01137	0.01296	0.01730
13	0.02299	0.07463	0.02049	0.01539	0.01975	0.01426	0.01207	0.02691	0.02645	0.14572	0.24863	0.18231	0.06370	0.02028	0.01145	0.00331	0.00689	0.01764	0.01046	0.05665
14	0.06284	0.02307	0.08628	0.19721	0.11830	0.02121	0.02389	0.03592	0.07827	0.14177	0.07946	0.03447	0.02710	0.01230	0.01051	0.00337	0.01120	0.01052	0.00785	0.01446
15	0.01288	0.00920	0.01227	0.01472	0.01534	0.00859	0.00981	0.01472	0.02024	0.02699	0.05828	0.62152	0.06993	0.03312	0.01350	0.00429	0.00613	0.03006	0.00981	0.00859
16	0.01518	0.01095	0.01443	0.01394	0.01643	0.01020	0.01071	0.02015	0.02935	0.04129	0.50505	0.08315	0.09574	0.02240	0.01269	0.00349	0.00548	0.06799	0.01144	0.00995
17	0.02641	0.25464	0.08984	0.12405	0.04503	0.03219	0.17438	0.07480	0.02499	0.03221	0.01864	0.02343	0.01477	0.00965	0.00970	0.00302	0.01408	0.00883	0.00532	0.01401
18	0.01425	0.01111	0.01532	0.01951	0.07354	0.01040	0.01198	0.01668	0.02119	0.02802	0.06099	0.48558	0.13231	0.02971	0.01303	0.00407	0.00671	0.02678	0.00933	0.00951
19	0.01533	0.01127	0.01444	0.01398	0.01641	0.01073	0.01035	0.02132	0.05853	0.04031	0.45578	0.15403	0.09157	0.02283	0.01252	0.00348	0.00535	0.02026	0.01133	0.01017
20	0.02812	0.01620	0.01946	0.01707	0.02211	0.01630	0.01331	0.03996	0.18023	0.19495	0.16253	0.09066	0.04845	0.01684	0.01096	0.00337	0.00723	0.01435	0.08371	0.01419
21	0.02853	0.09611	0.15834	0.09035	0.07955	0.02629	0.17260	0.07315	0.02625	0.11261	0.02306	0.02662	0.01669	0.01026	0.01062	0.00328	0.01419	0.00975	0.00653	0.01522
22	0.02474	0.01633	0.02116	0.08038	0.02756	0.01755	0.01562	0.03390	0.13129	0.14595	0.08095	0.13648	0.09017	0.02364	0.05732	0.00471	0.05416	0.01551	0.00958	0.01301
23	0.01548	0.01014	0.01147	0.01166	0.01188	0.01010	0.00674	0.01596	0.01622	0.02230	0.03531	0.10947	0.04007	0.54048	0.04754	0.00926	0.00957	0.01612	0.05342	0.00681
24	0.09139	0.01990	0.02214	0.01624	0.02527	0.01668	0.01308	0.07061	0.02395	0.03855	0.01896	0.02175	0.01544	0.00845	0.00794	0.00188	0.00820	0.00649	0.00667	0.56642

[dist]
# distance from previous block
# <min> <max>
0	1

[block]
# block no. 5 follows, 13 sequences, length 9
# corresponding to MSA columns:
# 439-447
name=unknown_F
#
# <colnr> <probs for GDERKNQSTAVLIFYWHMCP>
#	G	D	E	R	K	N	Q	S	T	A	V	L	I	F	Y	W	H	M	C	P
0	0.59260	0.02003	0.01706	0.01473	0.02155	0.02234	0.01214	0.03453	0.02006	0.13547	0.01927	0.02035	0.01393	0.01037	0.00723	0.00327	0.00832	0.00655	0.00765	0.01255
1	0.01538	0.01025	0.01153	0.01153	0.01153	0.01025	0.00641	0.01538	0.01538	0.02050	0.03331	0.06919	0.03844	0.62842	0.05382	0.01025	0.01025	0.01538	0.00641	0.00641
2	0.02111	0.02542	0.12189	0.42052	0.06156	0.02409	0.02913	0.03242	0.09852	0.03065	0.02241	0.02886	0.01666	0.01104	0.01051	0.00350	0.01351	0.00951	0.00555	0.01314
3	0.02827	0.63478	0.05540	0.01809	0.02714	0.04184	0.01809	0.03166	0.02148	0.02488	0.01470	0.01696	0.01357	0.00905	0.00678	0.00226	0.01131	0.00565	0.00452	0.01357
4	0.01948	0.02102	0.08794	0.02330	0.02723	0.02017	0.06442	0.02469	0.02129	0.03115	0.09891	0.04954	0.03565	0.02850	0.11502	0.00618	0.17807	0.08235	0.05380	0.01131
5	0.03273	0.01823	0.02355	0.11641	0.03230	0.01875	0.01686	0.11069	0.06596	0.23406	0.09332	0.03873	0.03187	0.01356	0.01038	0.00322	0.00918	0.01121	0.10417	0.01481
6	0.01806	0.01526	0.01987	0.10327	0.02733	0.01703	0.01522	0.02669	0.11206	0.03546	0.23033	0.10571	0.12231	0.02001	0.01452	0.00366	0.07598	0.01665	0.00928	0.01131
7	0.02107	0.06427	0.02279	0.01843	0.02119	0.01839	0.01479	0.02433	0.01862	0.08659	0.02702	0.03845	0.02449	0.10195	0.34873	0.01185	0.10908	0.01081	0.00633	0.01082
8	0.06466	0.02454	0.03160	0.22353	0.13061	0.08733	0.04854	0.03582	0.10037	0.06242	0.02343	0.02780	0.01789	0.01077	0.01011	0.00319	0.01263	0.00924	0.00649	0.06902

[dist]
# distance from previous block
# <min> <max>
0	9

[block]
# block no. 6 follows, 13 sequences, length 30
# corresponding to MSA columns:
# 457-486
name=unknown_G
#
# <colnr> <probs for GDERKNQSTAVLIFYWHMCP>
#	G	D	E	R	K	N	Q	S	T	A	V	L	I	F	Y	W	H	M	C	P
0	0.60873	0.02009	0.01684	0.01461	0.02139	0.02254	0.01204	0.03402	0.01976	0.12262	0.01861	0.01988	0.01357	0.01029	0.00713	0.00327	0.00830	0.00643	0.00748	0.01239
1	0.02558	0.07474	0.08548	0.24030	0.08114	0.10657	0.05608	0.06519	0.02489	0.03117	0.02125	0.03150	0.01785	0.01224	0.01186	0.00341	0.04833	0.04375	0.00561	0.01306
2	0.02453	0.07941	0.16806	0.03731	0.04849	0.02737	0.33417	0.03571	0.07266	0.03408	0.02239	0.02734	0.01681	0.00967	0.01136	0.00342	0.01598	0.01091	0.00560	0.01473
3	0.01459	0.01044	0.01301	0.01293	0.01525	0.00957	0.00948	0.01869	0.02684	0.03751	0.36733	0.17395	0.15527	0.02369	0.01228	0.00347	0.00524	0.02081	0.06008	0.00957
4	0.01602	0.01002	0.01201	0.01201	0.01201	0.01002	0.00700	0.01503	0.01503	0.02004	0.03010	0.06123	0.03413	0.50134	0.05113	0.15676	0.01002	0.01405	0.00602	0.00602
5	0.01457	0.01002	0.01227	0.01305	0.01342	0.01001	0.00812	0.01550	0.01706	0.02292	0.04070	0.24036	0.04722	0.38975	0.09100	0.00901	0.01065	0.01962	0.00741	0.00738
6	0.01499	0.01076	0.01542	0.01595	0.01761	0.01196	0.01203	0.01844	0.01809	0.02623	0.03523	0.16594	0.03583	0.06417	0.41835	0.01313	0.02173	0.01524	0.05961	0.00929
7	0.02617	0.02512	0.04292	0.06490	0.56246	0.02512	0.03245	0.03245	0.02407	0.03454	0.01989	0.02617	0.01675	0.00942	0.01047	0.00314	0.01256	0.00942	0.00523	0.01675
8	0.01997	0.01879	0.03171	0.60301	0.07282	0.02349	0.02936	0.02701	0.02114	0.02701	0.01879	0.02819	0.01409	0.01057	0.01057	0.00352	0.01409	0.00940	0.00470	0.01175
9	0.04744	0.01799	0.02454	0.01881	0.02699	0.01554	0.01554	0.05153	0.03026	0.56979	0.04171	0.03599	0.02617	0.01309	0.01063	0.00327	0.00900	0.01063	0.01309	0.01799
10	0.02496	0.02852	0.06239	0.04456	0.05526	0.02674	0.52406	0.03387	0.02496	0.03387	0.02139	0.02852	0.01604	0.00891	0.01248	0.00357	0.01783	0.01248	0.00535	0.01426
11	0.01250	0.01071	0.01071	0.01071	0.01428	0.00893	0.00803	0.01517	0.02410	0.02856	0.10711	0.10175	0.55817	0.02678	0.01250	0.00357	0.00536	0.02231	0.00982	0.00893
12	0.01566	0.01015	0.01175	0.01175	0.01175	0.01015	0.00667	0.01522	0.01522	0.02030	0.03187	0.06562	0.03650	0.57136	0.05261	0.07603	0.01015	0.01478	0.00623	0.00623
13	0.01810	0.01150	0.01514	0.01383	0.01688	0.01051	0.01051	0.02300	0.02996	0.09326	0.50720	0.07483	0.09267	0.02079	0.01229	0.00332	0.00537	0.01830	0.01178	0.01075
14	0.50439	0.01970	0.01827	0.01539	0.02243	0.02124	0.01269	0.03728	0.02171	0.20575	0.02290	0.02288	0.01591	0.01081	0.00778	0.00327	0.00843	0.00721	0.00853	0.01343
15	0.02827	0.63478	0.05540	0.01809	0.02714	0.04184	0.01809	0.03166	0.02148	0.02488	0.01470	0.01696	0.01357	0.00905	0.00678	0.00226	0.01131	0.00565	0.00452	0.01357
16	0.01423	0.01041	0.01336	0.01340	0.01554	0.00954	0.00976	0.01824	0.02704	0.03738	0.39438	0.21212	0.13547	0.02488	0.01272	0.00358	0.00530	0.02206	0.01103	0.00954
17	0.01682	0.01020	0.01530	0.01530	0.01620	0.01110	0.01110	0.01620	0.01530	0.02130	0.02309	0.03660	0.02219	0.05693	0.30005	0.37187	0.01826	0.01020	0.00510	0.00689
18	0.70310	0.02045	0.01554	0.01390	0.02045	0.02372	0.01145	0.03108	0.01799	0.04744	0.01472	0.01718	0.01145	0.00981	0.00654	0.00327	0.00818	0.00573	0.00654	0.01145
19	0.09041	0.01751	0.02346	0.10055	0.03159	0.01674	0.01641	0.04391	0.02726	0.40207	0.03572	0.03379	0.02343	0.01241	0.01000	0.00323	0.00927	0.01001	0.07640	0.01583
20	0.01502	0.01010	0.01164	0.01199	0.01208	0.01001	0.00690	0.01528	0.01608	0.02144	0.03691	0.14869	0.04297	0.54273	0.04801	0.00939	0.00966	0.01749	0.00690	0.00672
21	0.25834	0.02409	0.03175	0.16395	0.11664	0.06400	0.08807	0.03104	0.02121	0.03584	0.01734	0.02312	0.01377	0.01057	0.01123	0.00342	0.05900	0.00835	0.00554	0.01272
22	0.60758	0.02476	0.01762	0.01582	0.02221	0.10465	0.01274	0.03268	0.01972	0.04433	0.01496	0.01745	0.01176	0.00997	0.00697	0.00319	0.00975	0.00588	0.00639	0.01157
23	0.07216	0.02808	0.10053	0.12667	0.07858	0.02569	0.17594	0.10647	0.06784	0.07805	0.02390	0.02782	0.01745	0.01067	0.01084	0.00341	0.01374	0.01022	0.00695	0.01497
24	0.70310	0.02045	0.01554	0.01390	0.02045	0.02372	0.01145	0.03108	0.01799	0.04744	0.01472	0.01718	0.01145	0.00981	0.00654	0.00327	0.00818	0.00573	0.00654	0.01145
25	0.01864	0.01125	0.01484	0.01524	0.01769	0.01008	0.01083	0.02129	0.02270	0.10705	0.09998	0.44716	0.06287	0.02751	0.01262	0.00388	0.00655	0.02468	0.01022	0.05492
26	0.70310	0.02045	0.01554	0.01390	0.02045	0.02372	0.01145	0.03108	0.01799	0.04744	0.01472	0.01718	0.01145	0.00981	0.00654	0.00327	0.00818	0.00573	0.00654	0.01145
27	0.02994	0.07357	0.18850	0.10382	0.03795	0.02188	0.02439	0.07341	0.02649	0.18452	0.02890	0.03394	0.02133	0.01242	0.01015	0.00328	0.01176	0.03793	0.06084	0.01497
28	0.01538	0.01025	0.01153	0.01153	0.01153	0.01025	0.00641	0.01538	0.01538	0.02050	0.03331	0.06919	0.03844	0.62842	0.05382	0.01025	0.01025	0.01538	0.00641	0.00641
29	0.02808	0.06590	0.06539	0.02124	0.02642	0.05749	0.01821	0.03499	0.09660	0.12135	0.02540	0.02878	0.01993	0.01622	0.01911	0.08398	0.15070	0.00916	0.04501	0.06602

[dist]
# distance from previous block
# <min> <max>
0	5

[block]
# block no. 7 follows, 13 sequences, length 6
# corresponding to MSA columns:
# 492-497
name=unknown_H
#
# <colnr> <probs for GDERKNQSTAVLIFYWHMCP>
#	G	D	E	R	K	N	Q	S	T	A	V	L	I	F	Y	W	H	M	C	P
0	0.01288	0.00920	0.01227	0.01472	0.01534	0.00859	0.00981	0.01472	0.02024	0.02699	0.05828	0.62152	0.06993	0.03312	0.01350	0.00429	0.00613	0.03006	0.00981	0.00859
1	0.02630	0.02271	0.02391	0.02152	0.02749	0.02630	0.01674	0.05618	0.54336	0.04423	0.04303	0.03945	0.03228	0.01434	0.01076	0.00359	0.00837	0.01195	0.01076	0.01674
2	0.01829	0.01360	0.01797	0.01975	0.02266	0.01409	0.01700	0.02656	0.09476	0.03335	0.05422	0.10844	0.05697	0.02719	0.01408	0.00469	0.00955	0.42626	0.00987	0.01069
3	0.01538	0.01025	0.01153	0.01153	0.01153	0.01025	0.00641	0.01538	0.01538	0.02050	0.03331	0.06919	0.03844	0.62842	0.05382	0.01025	0.01025	0.01538	0.00641	0.00641
4	0.04398	0.01810	0.02418	0.01838	0.02673	0.01534	0.01513	0.04815	0.02913	0.49715	0.03860	0.03408	0.02475	0.01237	0.01025	0.00304	0.00884	0.01004	0.01216	0.10959
5	0.11983	0.55143	0.05000	0.01752	0.02623	0.03938	0.01719	0.03158	0.02101	0.02794	0.01470	0.01699	0.01328	0.00915	0.00675	0.00240	0.01088	0.00566	0.00480	0.01328

[dist]
# distance from previous block
# <min> <max>
0	7

[block]
# block no. 8 follows, 13 sequences, length 22
# corresponding to MSA columns:
# 505-515,518-528
name=unknown_I
#
# <colnr> <probs for GDERKNQSTAVLIFYWHMCP>
#	G	D	E	R	K	N	Q	S	T	A	V	L	I	F	Y	W	H	M	C	P
0	0.01510	0.01133	0.01699	0.01699	0.01888	0.01322	0.01322	0.01888	0.01699	0.02454	0.02832	0.04154	0.02643	0.07930	0.58652	0.01699	0.02832	0.01133	0.00566	0.00944
1	0.01997	0.01879	0.03171	0.60301	0.07282	0.02349	0.02936	0.02701	0.02114	0.02701	0.01879	0.02819	0.01409	0.01057	0.01057	0.00352	0.01409	0.00940	0.00470	0.01175
2	0.01496	0.01081	0.01413	0.01330	0.01580	0.00998	0.00998	0.01995	0.02993	0.04240	0.55689	0.07898	0.09976	0.02162	0.01247	0.00333	0.00499	0.01912	0.01164	0.00998
3	0.02192	0.01879	0.02192	0.01566	0.02506	0.01409	0.01253	0.02662	0.02192	0.03445	0.01879	0.02192	0.01566	0.00783	0.00783	0.00157	0.00783	0.00626	0.00626	0.69305
4	0.01842	0.01157	0.01524	0.01389	0.01699	0.01057	0.01057	0.02331	0.02996	0.09851	0.50207	0.07440	0.09193	0.02071	0.01227	0.00332	0.00541	0.01822	0.01179	0.01083
5	0.01768	0.01443	0.02069	0.01783	0.02170	0.01414	0.06566	0.02672	0.10435	0.04176	0.42489	0.06784	0.08100	0.01920	0.01222	0.00339	0.00685	0.01737	0.01084	0.01142
6	0.01288	0.00920	0.01227	0.01472	0.01534	0.00859	0.00981	0.01472	0.02024	0.02699	0.05828	0.62152	0.06993	0.03312	0.01350	0.00429	0.00613	0.03006	0.00981	0.00859
7	0.01954	0.01813	0.03041	0.55118	0.06805	0.02258	0.02794	0.02629	0.02077	0.02680	0.01964	0.02937	0.01519	0.01665	0.06151	0.00471	0.01535	0.00957	0.00478	0.01154
8	0.02573	0.04081	0.25451	0.02707	0.03696	0.13567	0.06079	0.03927	0.14449	0.03525	0.07172	0.03105	0.02560	0.01215	0.01049	0.00329	0.01385	0.00988	0.00680	0.01462
9	0.01985	0.01550	0.02262	0.06846	0.02865	0.01600	0.05701	0.08305	0.02636	0.03473	0.04699	0.19662	0.05018	0.02489	0.01339	0.00433	0.01022	0.26103	0.00910	0.01102
10	0.62265	0.02408	0.01729	0.01552	0.02193	0.09188	0.01254	0.03243	0.01944	0.04482	0.01492	0.01741	0.01171	0.00995	0.00691	0.00321	0.00950	0.00586	0.00641	0.01155
11	0.01353	0.01075	0.01214	0.01179	0.01491	0.00936	0.00884	0.01717	0.02653	0.03434	0.29496	0.09224	0.36672	0.02462	0.01249	0.00347	0.00520	0.02098	0.01058	0.00936
12	0.01288	0.00920	0.01227	0.01472	0.01534	0.00859	0.00981	0.01472	0.02024	0.02699	0.05828	0.62152	0.06993	0.03312	0.01350	0.00429	0.00613	0.03006	0.00981	0.00859
13	0.02323	0.09500	0.03441	0.18344	0.15656	0.02615	0.02406	0.05687	0.02315	0.03155	0.05800	0.07693	0.02520	0.01432	0.01493	0.00352	0.12234	0.01127	0.00602	0.01304
14	0.01510	0.01133	0.01699	0.01699	0.01888	0.01322	0.01322	0.01888	0.01699	0.02454	0.02832	0.04154	0.02643	0.07930	0.58652	0.01699	0.02832	0.01133	0.00566	0.00944
15	0.03688	0.11964	0.06958	0.02278	0.03071	0.02920	0.02027	0.23771	0.03461	0.18051	0.02607	0.02631	0.01858	0.01277	0.01290	0.00325	0.08361	0.00907	0.00916	0.01638
16	0.02772	0.11667	0.10447	0.02181	0.03149	0.02410	0.05279	0.09462	0.08164	0.08129	0.02363	0.02511	0.01798	0.01009	0.00915	0.00259	0.01066	0.00815	0.00726	0.24878
17	0.03077	0.03720	0.21082	0.03035	0.07379	0.10125	0.09393	0.06988	0.02710	0.13426	0.02362	0.02567	0.01686	0.01053	0.01030	0.00311	0.01407	0.00892	0.00692	0.07066
18	0.01315	0.00946	0.01284	0.01500	0.01577	0.00915	0.01023	0.01523	0.01985	0.02669	0.05464	0.55121	0.06466	0.03872	0.08297	0.00583	0.00882	0.02779	0.00931	0.00869
19	0.03274	0.07557	0.09234	0.01946	0.02663	0.01838	0.01747	0.07249	0.02725	0.27352	0.03975	0.18831	0.03457	0.01768	0.01098	0.00346	0.00945	0.01495	0.01021	0.01480
20	0.02812	0.06637	0.09420	0.06573	0.03740	0.02480	0.12798	0.03602	0.06497	0.14331	0.06415	0.03214	0.02455	0.01319	0.01541	0.00358	0.12548	0.01077	0.00750	0.01433
21	0.03155	0.02332	0.03826	0.05323	0.42685	0.02270	0.02817	0.03728	0.02564	0.17009	0.02542	0.02866	0.01913	0.01035	0.01051	0.00317	0.01166	0.00973	0.00722	0.01706

[dist]
# distance from previous block
# <min> <max>
1	6

[block]
# block no. 9 follows, 13 sequences, length 34
# corresponding to MSA columns:
# 535-568
name=unknown_J
#
# <colnr> <probs for GDERKNQSTAVLIFYWHMCP>
#	G	D	E	R	K	N	Q	S	T	A	V	L	I	F	Y	W	H	M	C	P
0	0.02318	0.22647	0.10614	0.06765	0.03179	0.02638	0.04765	0.07394	0.02541	0.03344	0.10088	0.12919	0.03569	0.01541	0.01011	0.00315	0.01074	0.01294	0.00703	0.01281
1	0.17468	0.02578	0.02745	0.12272	0.09605	0.10329	0.02023	0.09284	0.07598	0.12541	0.02442	0.02635	0.01786	0.01132	0.00959	0.00324	0.01174	0.00871	0.00783	0.01450
2	0.21116	0.01869	0.02516	0.16851	0.13762	0.02038	0.01998	0.02957	0.02231	0.08656	0.06781	0.09542	0.02812	0.01377	0.00992	0.00343	0.01007	0.01158	0.00723	0.01273
3	0.07651	0.08812	0.20241	0.14873	0.04118	0.02436	0.02553	0.03351	0.11191	0.03352	0.02687	0.09423	0.02316	0.01343	0.01009	0.00343	0.01194	0.01105	0.00639	0.01364
4	0.02218	0.03528	0.23113	0.02692	0.03614	0.08514	0.10802	0.03168	0.06599	0.03281	0.06414	0.10568	0.07830	0.01525	0.01122	0.00346	0.01312	0.01344	0.00677	0.01332
5	0.01289	0.01011	0.01167	0.01258	0.01485	0.00889	0.00894	0.01544	0.02309	0.02923	0.12974	0.31040	0.31690	0.02886	0.01290	0.00384	0.00564	0.02515	0.00999	0.00889
6	0.02994	0.01887	0.02282	0.01719	0.02537	0.01608	0.01388	0.08802	0.02814	0.18128	0.08721	0.03258	0.02834	0.01135	0.00941	0.00240	0.00824	0.00926	0.00917	0.36047
7	0.04000	0.01952	0.05723	0.01837	0.02658	0.01525	0.01595	0.04449	0.02847	0.43662	0.04616	0.04167	0.08552	0.01409	0.01061	0.00319	0.00891	0.01149	0.01169	0.06419
8	0.65090	0.02280	0.01667	0.01495	0.02141	0.06795	0.01216	0.03196	0.01894	0.04574	0.01485	0.01732	0.01162	0.00990	0.00678	0.00323	0.00904	0.00581	0.00646	0.01151
9	0.13516	0.02601	0.02685	0.02114	0.02863	0.02883	0.01737	0.39686	0.04190	0.06070	0.02486	0.02579	0.01807	0.01223	0.00962	0.00311	0.01036	0.00900	0.08742	0.01609
10	0.02654	0.08540	0.29106	0.06783	0.07783	0.02279	0.02854	0.03496	0.02364	0.12566	0.02364	0.02607	0.01695	0.01051	0.00965	0.00309	0.01265	0.00841	0.05149	0.05330
11	0.02236	0.04654	0.46526	0.02746	0.04077	0.02200	0.03383	0.03279	0.02272	0.07584	0.02530	0.09200	0.02089	0.01293	0.01049	0.00345	0.01401	0.01059	0.00577	0.01501
12	0.02121	0.05469	0.57364	0.03014	0.04576	0.02455	0.03906	0.03348	0.02232	0.03348	0.01897	0.02232	0.01339	0.01005	0.01005	0.00335	0.01563	0.00781	0.00446	0.01563
13	0.01549	0.01070	0.01366	0.01292	0.01541	0.00996	0.00969	0.02047	0.02907	0.04207	0.49892	0.07459	0.09170	0.02058	0.01191	0.00323	0.00498	0.01809	0.08659	0.00996
14	0.02187	0.10943	0.52474	0.02900	0.04400	0.02619	0.03709	0.03331	0.02224	0.03267	0.01857	0.02182	0.01341	0.00995	0.00974	0.00325	0.01522	0.00761	0.00447	0.01543
15	0.01287	0.01073	0.01122	0.01110	0.01451	0.00908	0.00832	0.01589	0.02497	0.03063	0.17435	0.09835	0.48964	0.02601	0.01249	0.00353	0.00530	0.02184	0.01009	0.00908
16	0.01997	0.01879	0.03171	0.60301	0.07282	0.02349	0.02936	0.02701	0.02114	0.02701	0.01879	0.02819	0.01409	0.01057	0.01057	0.00352	0.01409	0.00940	0.00470	0.01175
17	0.08782	0.01723	0.02226	0.01746	0.02488	0.01543	0.01434	0.04709	0.02852	0.47438	0.03909	0.03513	0.02530	0.01278	0.00999	0.00318	0.00848	0.01022	0.08980	0.01663
18	0.03013	0.01291	0.01537	0.01322	0.01783	0.01199	0.01045	0.03475	0.02521	0.23881	0.03721	0.03813	0.02675	0.01261	0.00861	0.00277	0.00646	0.01015	0.43371	0.01291
19	0.02896	0.02403	0.02541	0.02206	0.02851	0.02754	0.01738	0.14642	0.44879	0.04852	0.03965	0.03675	0.02954	0.01403	0.01072	0.00351	0.00899	0.01149	0.01072	0.01697
20	0.01433	0.01078	0.01326	0.01264	0.01541	0.00971	0.00948	0.01873	0.02844	0.03887	0.44218	0.08479	0.21667	0.02293	0.01248	0.00339	0.00508	0.01994	0.01117	0.00971
21	0.02742	0.02736	0.15245	0.02786	0.03698	0.01955	0.16702	0.03490	0.02648	0.16787	0.11794	0.04458	0.03547	0.01391	0.01166	0.00351	0.01238	0.04978	0.00847	0.01441
22	0.04744	0.01799	0.02454	0.01881	0.02699	0.01554	0.01554	0.05153	0.03026	0.56979	0.04171	0.03599	0.02617	0.01309	0.01063	0.00327	0.00900	0.01063	0.01309	0.01799
23	0.01496	0.01081	0.01413	0.01330	0.01580	0.00998	0.00998	0.01995	0.02993	0.04240	0.55689	0.07898	0.09976	0.02162	0.01247	0.00333	0.00499	0.01912	0.01164	0.00998
24	0.02162	0.05179	0.51691	0.03174	0.04682	0.02480	0.09288	0.03353	0.02261	0.03353	0.01924	0.02301	0.01369	0.00992	0.01032	0.00337	0.01587	0.00833	0.00456	0.01547
25	0.02553	0.02238	0.09050	0.33951	0.05469	0.02094	0.05362	0.03222	0.02331	0.14098	0.02690	0.07686	0.02112	0.01276	0.01087	0.00352	0.01277	0.01131	0.00686	0.01336
26	0.01376	0.01032	0.01297	0.01475	0.01661	0.00953	0.01104	0.01655	0.02227	0.02853	0.07110	0.35997	0.20143	0.03046	0.01349	0.00423	0.00678	0.13746	0.00980	0.00895
27	0.02043	0.01926	0.03254	0.56312	0.10912	0.02361	0.02959	0.02742	0.02136	0.02757	0.01887	0.02804	0.01429	0.01049	0.01056	0.00350	0.01398	0.00940	0.00474	0.01212
28	0.08226	0.14125	0.16854	0.12535	0.09901	0.02787	0.02627	0.09884	0.02610	0.07972	0.02062	0.02386	0.01540	0.01046	0.00943	0.00312	0.01258	0.00815	0.00627	0.01489
29	0.03981	0.02159	0.06476	0.02499	0.08911	0.01807	0.01902	0.08253	0.02972	0.38754	0.03767	0.08028	0.02708	0.01404	0.01080	0.00334	0.00985	0.01177	0.01112	0.01693
30	0.01313	0.00977	0.01173	0.01316	0.01450	0.00892	0.00884	0.01494	0.02063	0.02651	0.06832	0.39890	0.20123	0.11554	0.01892	0.00494	0.00650	0.02583	0.00933	0.00837
31	0.03782	0.03250	0.15930	0.02499	0.03484	0.08572	0.05990	0.09764	0.03011	0.28448	0.03009	0.02907	0.02004	0.01176	0.01050	0.00324	0.01267	0.00954	0.00931	0.01650
32	0.02651	0.03006	0.18481	0.17209	0.12866	0.02238	0.02844	0.03394	0.02335	0.12685	0.02281	0.02680	0.01658	0.01091	0.01155	0.00327	0.04625	0.00891	0.00633	0.06949
33	0.02418	0.02262	0.03790	0.32348	0.24474	0.02505	0.06445	0.06965	0.02476	0.03339	0.01990	0.02726	0.01550	0.01021	0.01067	0.00336	0.01361	0.00963	0.00541	0.01422

[dist]
# distance from previous block
# <min> <max>
3	19

[block]
# block no. 10 follows, 13 sequences, length 13
# corresponding to MSA columns:
# 674-686
name=unknown_K
#
# <colnr> <probs for GDERKNQSTAVLIFYWHMCP>
#	G	D	E	R	K	N	Q	S	T	A	V	L	I	F	Y	W	H	M	C	P
0	0.01757	0.01356	0.01624	0.01405	0.01897	0.01125	0.01060	0.02165	0.02369	0.03493	0.16498	0.16517	0.08320	0.01799	0.01038	0.00276	0.00637	0.01562	0.07004	0.28099
1	0.02496	0.02108	0.02519	0.02229	0.02580	0.02579	0.01807	0.08190	0.22018	0.03843	0.03185	0.03934	0.02664	0.01655	0.01858	0.00387	0.20702	0.04999	0.08872	0.01375
2	0.04332	0.02460	0.02863	0.02195	0.03029	0.02535	0.01813	0.32203	0.04132	0.28367	0.03243	0.02996	0.02151	0.01286	0.01060	0.00322	0.01050	0.01000	0.01166	0.01799
3	0.01406	0.01077	0.01289	0.01236	0.01524	0.00959	0.00927	0.01821	0.02780	0.03736	0.39294	0.08728	0.26686	0.02350	0.01248	0.00341	0.00512	0.02029	0.01098	0.00959
4	0.02713	0.02238	0.03883	0.03162	0.07085	0.02189	0.21795	0.03882	0.13483	0.12185	0.12126	0.04052	0.03549	0.01292	0.01170	0.00345	0.01191	0.01303	0.00877	0.01479
5	0.01300	0.00961	0.01216	0.01389	0.01519	0.00877	0.00952	0.01527	0.02180	0.02866	0.11192	0.48092	0.15865	0.03097	0.01323	0.00408	0.00589	0.02771	0.00998	0.00877
6	0.02827	0.63478	0.05540	0.01809	0.02714	0.04184	0.01809	0.03166	0.02148	0.02488	0.01470	0.01696	0.01357	0.00905	0.00678	0.00226	0.01131	0.00565	0.00452	0.01357
7	0.01837	0.00918	0.01377	0.01377	0.01377	0.00918	0.00918	0.01377	0.01377	0.01837	0.01837	0.03214	0.01837	0.03673	0.04132	0.69238	0.00918	0.00918	0.00459	0.00459
8	0.01752	0.01120	0.01521	0.01443	0.01628	0.01075	0.01011	0.01697	0.01635	0.02295	0.02537	0.08536	0.02616	0.11484	0.13145	0.32183	0.01223	0.01161	0.00570	0.11368
9	0.01704	0.01564	0.01504	0.01668	0.01805	0.09889	0.01147	0.01902	0.02176	0.02682	0.05172	0.52730	0.06112	0.02965	0.01288	0.00405	0.00816	0.02642	0.00913	0.00916
10	0.02291	0.01056	0.01546	0.01456	0.01584	0.01018	0.01018	0.01968	0.01635	0.10460	0.02202	0.03274	0.01959	0.03303	0.03652	0.58461	0.00915	0.00941	0.00592	0.00669
11	0.08018	0.04035	0.36223	0.02479	0.03585	0.02283	0.02908	0.03297	0.05861	0.03584	0.02241	0.02583	0.01675	0.01125	0.01102	0.00331	0.05231	0.00834	0.11186	0.01417
12	0.12828	0.02479	0.12877	0.07712	0.07644	0.01989	0.05445	0.03023	0.05185	0.06961	0.07603	0.07128	0.05959	0.01997	0.06246	0.00466	0.01245	0.01195	0.00720	0.01298

[dist]
# distance from previous block
# <min> <max>
3	9

[block]
# block no. 11 follows, 13 sequences, length 12
# corresponding to MSA columns:
# 696-707
name=unknown_L
#
# <colnr> <probs for GDERKNQSTAVLIFYWHMCP>
#	G	D	E	R	K	N	Q	S	T	A	V	L	I	F	Y	W	H	M	C	P
0	0.22237	0.02336	0.07710	0.02243	0.02815	0.02323	0.06578	0.03137	0.02090	0.11432	0.05385	0.02784	0.02084	0.01487	0.01765	0.04807	0.15917	0.00922	0.00692	0.01256
1	0.24096	0.02618	0.10842	0.08478	0.03305	0.02266	0.01952	0.07645	0.02295	0.04015	0.01786	0.02157	0.01391	0.01018	0.00986	0.00293	0.04444	0.00716	0.00621	0.19075
2	0.02230	0.01935	0.02377	0.01999	0.07231	0.01506	0.01428	0.02714	0.02211	0.03446	0.01889	0.02230	0.01576	0.00797	0.00806	0.00170	0.00825	0.00654	0.00617	0.63358
3	0.02876	0.02194	0.03057	0.02569	0.02758	0.02849	0.02137	0.03148	0.01945	0.15144	0.02032	0.02611	0.01672	0.01725	0.02913	0.00431	0.47017	0.00957	0.00658	0.01305
4	0.02383	0.02359	0.03482	0.03636	0.15153	0.03070	0.02529	0.02707	0.01802	0.02755	0.01527	0.02383	0.01454	0.01640	0.02909	0.00428	0.47099	0.00929	0.00477	0.01277
5	0.01881	0.01694	0.02764	0.46651	0.05962	0.02036	0.02488	0.02538	0.02318	0.03058	0.14334	0.03995	0.03392	0.01313	0.01101	0.00348	0.01199	0.01165	0.00630	0.01134
6	0.02630	0.02271	0.02391	0.02152	0.02749	0.02630	0.01674	0.05618	0.54336	0.04423	0.04303	0.03945	0.03228	0.01434	0.01076	0.00359	0.00837	0.01195	0.01076	0.01674
7	0.01523	0.01232	0.01901	0.09198	0.02617	0.01286	0.04410	0.01882	0.02034	0.02719	0.04679	0.31824	0.07709	0.03891	0.14570	0.00708	0.01314	0.04749	0.00793	0.00961
8	0.02260	0.01883	0.02072	0.01884	0.02368	0.02098	0.01453	0.04437	0.37594	0.04363	0.21059	0.05234	0.05428	0.01672	0.01132	0.00350	0.00727	0.01429	0.01105	0.01453
9	0.01782	0.01452	0.01779	0.06940	0.02392	0.01451	0.01298	0.02726	0.12347	0.03839	0.28917	0.06505	0.14333	0.01874	0.01154	0.00326	0.00679	0.01616	0.01004	0.07586
10	0.01753	0.01431	0.01492	0.01467	0.01575	0.06461	0.00980	0.01895	0.01723	0.02224	0.03020	0.05604	0.03244	0.40232	0.21343	0.01162	0.01662	0.01334	0.00609	0.00788
11	0.17436	0.01344	0.01666	0.01628	0.01924	0.01565	0.01281	0.02170	0.01722	0.02984	0.02517	0.03590	0.02296	0.06321	0.45227	0.01382	0.02366	0.01003	0.00587	0.00991

[dist]
# distance from previous block
# <min> <max>
0	160

# created by:
# /st0/software/busco_prod/Augustus/scripts/msa2prfl.pl ./align_prep/6403.fa
