[name]
unknown

[dist]
# distance from previous block
# <min> <max>
0	130

[block]
# block no. 0 follows, 13 sequences, length 8
# corresponding to MSA columns:
# 130-137
name=unknown_A
#
# <colnr> <probs for GDERKNQSTAVLIFYWHMCP>
#	G	D	E	R	K	N	Q	S	T	A	V	L	I	F	Y	W	H	M	C	P
0	0.70310	0.02045	0.01554	0.01390	0.02045	0.02372	0.01145	0.03108	0.01799	0.04744	0.01472	0.01718	0.01145	0.00981	0.00654	0.00327	0.00818	0.00573	0.00654	0.01145
1	0.01712	0.01327	0.01809	0.02228	0.12053	0.01269	0.01305	0.02079	0.02359	0.03296	0.19013	0.10175	0.14315	0.13660	0.01960	0.00464	0.00760	0.01687	0.07497	0.01032
2	0.01301	0.01041	0.01164	0.01201	0.01477	0.00904	0.00875	0.01591	0.02431	0.03065	0.17539	0.20717	0.37534	0.02721	0.01270	0.00368	0.00546	0.02339	0.01014	0.00904
3	0.01442	0.01025	0.01267	0.01298	0.01511	0.00940	0.00939	0.01815	0.02554	0.03557	0.29627	0.23366	0.15615	0.02485	0.01230	0.00356	0.00537	0.02189	0.07308	0.00940
4	0.02894	0.45557	0.04627	0.01902	0.02692	0.09304	0.01760	0.07298	0.02565	0.03041	0.07564	0.02473	0.02346	0.01093	0.00801	0.00250	0.01143	0.00758	0.00591	0.01341
5	0.02796	0.02713	0.10822	0.02088	0.02897	0.05655	0.01879	0.12543	0.07989	0.09504	0.06767	0.08972	0.02985	0.01398	0.01027	0.00299	0.01026	0.01146	0.00862	0.16635
6	0.09657	0.23707	0.15530	0.02348	0.03364	0.03010	0.06837	0.08987	0.02606	0.11517	0.02141	0.02294	0.01591	0.01032	0.00897	0.00296	0.01222	0.00791	0.00672	0.01501
7	0.10052	0.02731	0.08615	0.08124	0.03653	0.02684	0.05296	0.19999	0.03159	0.13329	0.02390	0.02617	0.01716	0.01256	0.01356	0.00348	0.09385	0.00929	0.00825	0.01537

[dist]
# distance from previous block
# <min> <max>
2	7

[block]
# block no. 1 follows, 13 sequences, length 40
# corresponding to MSA columns:
# 145-165,167-185
name=unknown_B
#
# <colnr> <probs for GDERKNQSTAVLIFYWHMCP>
#	G	D	E	R	K	N	Q	S	T	A	V	L	I	F	Y	W	H	M	C	P
0	0.03388	0.06602	0.03566	0.06937	0.08642	0.02866	0.06760	0.23288	0.07781	0.11505	0.02614	0.02778	0.01910	0.01221	0.01210	0.00331	0.05116	0.00985	0.00872	0.01627
1	0.03229	0.19057	0.03472	0.02118	0.02886	0.03157	0.01797	0.18233	0.22493	0.08336	0.03025	0.02911	0.02271	0.01235	0.00962	0.00309	0.01014	0.00946	0.00918	0.01632
2	0.02577	0.07737	0.02511	0.01659	0.02508	0.01759	0.01361	0.03218	0.06277	0.10559	0.05884	0.02840	0.02366	0.01004	0.00863	0.00213	0.00817	0.00806	0.00769	0.44271
3	0.07621	0.11568	0.25222	0.06551	0.08212	0.02558	0.02754	0.03733	0.07136	0.11354	0.02376	0.02556	0.01725	0.01073	0.00958	0.00320	0.01250	0.00842	0.00656	0.01534
4	0.03128	0.03305	0.23494	0.02356	0.03387	0.02140	0.02466	0.06998	0.11423	0.21295	0.06619	0.03356	0.02667	0.01267	0.01055	0.00335	0.01132	0.01027	0.00915	0.01635
5	0.01513	0.01015	0.01160	0.01184	0.01190	0.01009	0.00674	0.01531	0.01585	0.02114	0.03576	0.12327	0.04152	0.57013	0.04987	0.00967	0.00985	0.01681	0.00674	0.00662
6	0.08022	0.10909	0.02827	0.07316	0.03025	0.02418	0.01702	0.08238	0.15822	0.17381	0.03430	0.08846	0.02731	0.01428	0.01008	0.00332	0.00953	0.01158	0.00947	0.01506
7	0.03473	0.02430	0.11972	0.02063	0.02880	0.01819	0.01914	0.07428	0.07664	0.30350	0.07564	0.09232	0.03346	0.01518	0.01094	0.00341	0.00972	0.01266	0.01077	0.01598
8	0.03960	0.01963	0.02667	0.13975	0.03702	0.01962	0.01891	0.09339	0.06614	0.37211	0.03549	0.03359	0.02331	0.01262	0.01062	0.00334	0.01026	0.01036	0.01095	0.01662
9	0.01316	0.00940	0.01258	0.01504	0.01577	0.00882	0.01029	0.01520	0.02051	0.02730	0.05812	0.58831	0.06933	0.03287	0.01357	0.00433	0.00637	0.06055	0.00981	0.00866
10	0.12497	0.21680	0.04055	0.15059	0.04068	0.02960	0.09928	0.03449	0.07033	0.06802	0.02108	0.02463	0.01634	0.01023	0.00910	0.00308	0.01207	0.00848	0.00613	0.01356
11	0.07350	0.02790	0.16633	0.13793	0.04088	0.02115	0.05704	0.06545	0.02539	0.12682	0.07349	0.03289	0.02511	0.01763	0.05878	0.00451	0.01364	0.01022	0.00735	0.01400
12	0.03769	0.02557	0.02846	0.02228	0.02949	0.02777	0.01809	0.40866	0.04270	0.10619	0.02588	0.02735	0.01879	0.01622	0.01505	0.10323	0.01103	0.00957	0.00994	0.01604
13	0.01514	0.01539	0.06832	0.01618	0.01963	0.01198	0.01348	0.02079	0.06171	0.03072	0.09689	0.32001	0.17257	0.02690	0.01276	0.00397	0.00731	0.06659	0.00948	0.01016
14	0.03458	0.02659	0.12051	0.02858	0.07933	0.02029	0.10118	0.04292	0.06570	0.27846	0.03158	0.03111	0.02148	0.01137	0.01064	0.00323	0.01164	0.01018	0.00918	0.06146
15	0.03294	0.02248	0.07571	0.10278	0.03429	0.02009	0.01955	0.11813	0.06717	0.23548	0.12156	0.03947	0.03492	0.01393	0.01088	0.00333	0.01003	0.01155	0.01029	0.01543
16	0.01837	0.00918	0.01377	0.01377	0.01377	0.00918	0.00918	0.01377	0.01377	0.01837	0.01837	0.03214	0.01837	0.03673	0.04132	0.69238	0.00918	0.00918	0.00459	0.00459
17	0.06364	0.02386	0.03872	0.22858	0.13586	0.02597	0.13650	0.09820	0.07437	0.03771	0.02243	0.02799	0.01700	0.01060	0.01077	0.00342	0.01349	0.01013	0.00637	0.01438
18	0.09590	0.11271	0.13684	0.02232	0.03173	0.02330	0.05682	0.07133	0.02724	0.23491	0.06240	0.03054	0.02415	0.01186	0.00985	0.00316	0.01108	0.00956	0.00879	0.01551
19	0.03046	0.02469	0.07411	0.08536	0.07586	0.02341	0.09684	0.11765	0.06296	0.15287	0.03021	0.08417	0.02411	0.01395	0.01270	0.00353	0.05138	0.01210	0.00846	0.01517
20	0.51882	0.07461	0.02114	0.01601	0.02282	0.07821	0.01327	0.03420	0.02063	0.09463	0.01752	0.01918	0.01328	0.01017	0.00725	0.00313	0.00956	0.00630	0.00691	0.01235
21	0.02424	0.01609	0.02325	0.07322	0.11076	0.01637	0.01731	0.03055	0.05850	0.14057	0.12122	0.04843	0.08668	0.03069	0.14724	0.00657	0.01353	0.01305	0.00869	0.01303
22	0.02054	0.01938	0.03275	0.55339	0.11797	0.02364	0.02965	0.02752	0.02141	0.02771	0.01889	0.02800	0.01434	0.01046	0.01056	0.00349	0.01395	0.00940	0.00475	0.01221
23	0.70310	0.02045	0.01554	0.01390	0.02045	0.02372	0.01145	0.03108	0.01799	0.04744	0.01472	0.01718	0.01145	0.00981	0.00654	0.00327	0.00818	0.00573	0.00654	0.01145
24	0.01426	0.01057	0.01219	0.01200	0.01481	0.00944	0.00892	0.01808	0.02614	0.03539	0.28840	0.12032	0.28011	0.02362	0.01206	0.00341	0.00521	0.02027	0.07537	0.00944
25	0.01837	0.00918	0.01377	0.01377	0.01377	0.00918	0.00918	0.01377	0.01377	0.01837	0.01837	0.03214	0.01837	0.03673	0.04132	0.69238	0.00918	0.00918	0.00459	0.00459
26	0.01346	0.00963	0.01289	0.01502	0.01599	0.00905	0.01050	0.01588	0.02155	0.02889	0.10575	0.52332	0.07195	0.03166	0.01350	0.00425	0.00636	0.07154	0.00998	0.00883
27	0.02452	0.02344	0.03994	0.20772	0.43250	0.02469	0.03163	0.03101	0.02330	0.03254	0.01960	0.02670	0.01604	0.00973	0.01049	0.00324	0.01297	0.00941	0.00509	0.01542
28	0.01382	0.01003	0.01311	0.01434	0.01589	0.00931	0.01027	0.01695	0.02390	0.03237	0.22124	0.37667	0.11126	0.02873	0.01318	0.00398	0.00598	0.05943	0.01039	0.00914
29	0.15718	0.01818	0.01995	0.01545	0.02338	0.01558	0.01228	0.02814	0.02158	0.07373	0.02324	0.07745	0.02059	0.01093	0.00830	0.00227	0.00782	0.00866	0.00712	0.44816
30	0.02097	0.01461	0.02042	0.02421	0.12186	0.01327	0.01485	0.02439	0.02321	0.10474	0.05379	0.27825	0.13638	0.02236	0.01182	0.00355	0.00777	0.01985	0.00907	0.07462
31	0.03426	0.12519	0.07478	0.08161	0.07015	0.02775	0.02160	0.17768	0.07973	0.16204	0.02744	0.02779	0.01961	0.01172	0.00994	0.00313	0.01129	0.00922	0.00878	0.01628
32	0.02493	0.06828	0.04127	0.11664	0.19787	0.07911	0.13222	0.03053	0.02315	0.03032	0.02257	0.08363	0.02067	0.01274	0.01310	0.00343	0.06880	0.01157	0.00555	0.01362
33	0.04329	0.01968	0.02508	0.01944	0.02719	0.01847	0.01597	0.14267	0.03407	0.42634	0.08171	0.03750	0.03073	0.01372	0.01078	0.00326	0.00918	0.01113	0.01247	0.01732
34	0.13203	0.02710	0.10470	0.06373	0.03283	0.02628	0.02192	0.11087	0.02481	0.08323	0.01972	0.02378	0.01531	0.01303	0.01678	0.00353	0.18845	0.00840	0.00673	0.07677
35	0.01671	0.01165	0.01449	0.01512	0.01689	0.01173	0.01071	0.06664	0.02337	0.03247	0.08445	0.37820	0.05681	0.07215	0.07004	0.00555	0.00887	0.02263	0.07186	0.00966
36	0.01514	0.01194	0.01379	0.01312	0.01637	0.01118	0.00990	0.02169	0.07799	0.03733	0.33609	0.08374	0.26691	0.02286	0.01231	0.00344	0.00546	0.01963	0.01086	0.01024
37	0.33719	0.02338	0.06600	0.01672	0.02525	0.02082	0.01483	0.06694	0.02224	0.04278	0.01743	0.02003	0.01370	0.00930	0.00763	0.00262	0.00893	0.00639	0.00657	0.27125
38	0.02138	0.02157	0.10358	0.02018	0.02517	0.01825	0.01855	0.02650	0.02405	0.08595	0.17583	0.05555	0.09452	0.01862	0.01695	0.00367	0.14702	0.05747	0.00838	0.05682
39	0.04238	0.01774	0.02348	0.01853	0.02597	0.01600	0.01512	0.04894	0.07771	0.47071	0.09111	0.04042	0.03378	0.01402	0.01082	0.00331	0.00856	0.01157	0.01273	0.01711

[dist]
# distance from previous block
# <min> <max>
0	3

[block]
# block no. 2 follows, 13 sequences, length 23
# corresponding to MSA columns:
# 189-211
name=unknown_C
#
# <colnr> <probs for GDERKNQSTAVLIFYWHMCP>
#	G	D	E	R	K	N	Q	S	T	A	V	L	I	F	Y	W	H	M	C	P
0	0.02098	0.01545	0.02103	0.05914	0.06099	0.01614	0.01518	0.06696	0.02947	0.07478	0.35917	0.05984	0.06928	0.01846	0.01381	0.00342	0.05828	0.01560	0.01013	0.01189
1	0.02528	0.24154	0.25621	0.08478	0.03982	0.03101	0.02771	0.07025	0.06829	0.03325	0.02003	0.02281	0.01547	0.01032	0.00910	0.00301	0.01310	0.00773	0.00549	0.01480
2	0.14084	0.02001	0.03243	0.21562	0.04595	0.02125	0.13293	0.03170	0.02281	0.11826	0.02695	0.09716	0.02254	0.01311	0.01067	0.00354	0.01218	0.01208	0.00709	0.01288
3	0.70310	0.02045	0.01554	0.01390	0.02045	0.02372	0.01145	0.03108	0.01799	0.04744	0.01472	0.01718	0.01145	0.00981	0.00654	0.00327	0.00818	0.00573	0.00654	0.01145
4	0.01538	0.01025	0.01153	0.01153	0.01153	0.01025	0.00641	0.01538	0.01538	0.02050	0.03331	0.06919	0.03844	0.62842	0.05382	0.01025	0.01025	0.01538	0.00641	0.00641
5	0.02158	0.11353	0.37096	0.02775	0.03978	0.02571	0.07350	0.03080	0.02219	0.03141	0.02751	0.03058	0.07060	0.01220	0.01193	0.00336	0.05766	0.00958	0.00512	0.01427
6	0.01538	0.01025	0.01153	0.01153	0.01153	0.01025	0.00641	0.01538	0.01538	0.02050	0.03331	0.06919	0.03844	0.62842	0.05382	0.01025	0.01025	0.01538	0.00641	0.00641
7	0.02313	0.02313	0.03238	0.02776	0.02776	0.03238	0.02313	0.02545	0.01619	0.02545	0.01388	0.02313	0.01388	0.01851	0.03470	0.00463	0.60907	0.00925	0.00463	0.01157
8	0.02313	0.02313	0.03238	0.02776	0.02776	0.03238	0.02313	0.02545	0.01619	0.02545	0.01388	0.02313	0.01388	0.01851	0.03470	0.00463	0.60907	0.00925	0.00463	0.01157
9	0.04744	0.01799	0.02454	0.01881	0.02699	0.01554	0.01554	0.05153	0.03026	0.56979	0.04171	0.03599	0.02617	0.01309	0.01063	0.00327	0.00900	0.01063	0.01309	0.01799
10	0.02203	0.12267	0.51291	0.02872	0.04358	0.02658	0.03661	0.03327	0.02222	0.03248	0.01847	0.02169	0.01341	0.00993	0.00966	0.00322	0.01512	0.00756	0.00447	0.01538
11	0.02587	0.02175	0.03332	0.14942	0.26961	0.02163	0.02498	0.03331	0.05767	0.07930	0.02282	0.02732	0.01783	0.00992	0.00994	0.00290	0.01122	0.00899	0.00639	0.16582
12	0.10490	0.26134	0.19155	0.02180	0.03174	0.03133	0.02299	0.03756	0.13726	0.03427	0.02222	0.02351	0.01743	0.01060	0.00857	0.00298	0.01152	0.00768	0.00613	0.01461
13	0.01673	0.01371	0.02010	0.01917	0.02068	0.01709	0.01522	0.02021	0.01683	0.02473	0.02540	0.03782	0.02389	0.06701	0.47497	0.01449	0.14572	0.01091	0.00545	0.00987
14	0.01739	0.01116	0.01472	0.01400	0.01667	0.01023	0.01042	0.02180	0.02841	0.08476	0.43367	0.16177	0.08876	0.02272	0.01248	0.00348	0.00551	0.02014	0.01147	0.01044
15	0.01787	0.01388	0.02178	0.02209	0.02539	0.01369	0.07001	0.02316	0.02440	0.03187	0.05237	0.10978	0.05617	0.02709	0.01438	0.00473	0.01058	0.44127	0.00928	0.01021
16	0.01431	0.01022	0.01390	0.01635	0.01759	0.00981	0.01229	0.01718	0.02165	0.02858	0.05749	0.44952	0.06682	0.03178	0.01387	0.00449	0.00737	0.18801	0.00979	0.00898
17	0.02630	0.02271	0.02391	0.02152	0.02749	0.02630	0.01674	0.05618	0.54336	0.04423	0.04303	0.03945	0.03228	0.01434	0.01076	0.00359	0.00837	0.01195	0.01076	0.01674
18	0.02187	0.01777	0.02780	0.37603	0.09171	0.02063	0.02405	0.02950	0.05841	0.06614	0.02776	0.09961	0.02376	0.01368	0.01072	0.00350	0.01171	0.01211	0.05084	0.01239
19	0.01837	0.00918	0.01377	0.01377	0.01377	0.00918	0.00918	0.01377	0.01377	0.01837	0.01837	0.03214	0.01837	0.03673	0.04132	0.69238	0.00918	0.00918	0.00459	0.00459
20	0.01327	0.00948	0.01272	0.01517	0.01595	0.00892	0.01049	0.01539	0.02063	0.02743	0.05806	0.57448	0.06908	0.03276	0.01360	0.00435	0.00647	0.07325	0.00981	0.00870
21	0.02318	0.01918	0.02222	0.01635	0.02500	0.01566	0.01308	0.07830	0.02558	0.03856	0.06988	0.02763	0.02378	0.00963	0.00855	0.00190	0.00796	0.00781	0.00722	0.55855
22	0.02878	0.12095	0.15782	0.05990	0.03387	0.02520	0.02242	0.09822	0.10487	0.12502	0.08937	0.03366	0.02901	0.01274	0.01014	0.00319	0.01099	0.01019	0.00841	0.01524

[dist]
# distance from previous block
# <min> <max>
0	1

[block]
# block no. 3 follows, 13 sequences, length 12
# corresponding to MSA columns:
# 213-224
name=unknown_D
#
# <colnr> <probs for GDERKNQSTAVLIFYWHMCP>
#	G	D	E	R	K	N	Q	S	T	A	V	L	I	F	Y	W	H	M	C	P
0	0.02709	0.03709	0.26090	0.02634	0.03669	0.05718	0.06498	0.09877	0.06018	0.09395	0.06423	0.07155	0.02675	0.01337	0.01079	0.00338	0.01294	0.01124	0.00755	0.01504
1	0.02787	0.08118	0.18683	0.02123	0.03214	0.02102	0.02178	0.06844	0.02537	0.12667	0.02287	0.02426	0.01678	0.00981	0.00906	0.00255	0.01086	0.00764	0.00706	0.27659
2	0.03656	0.13245	0.03335	0.02329	0.03037	0.22326	0.01897	0.24436	0.03639	0.04393	0.02121	0.02287	0.01643	0.01146	0.00938	0.00282	0.01366	0.00799	0.05653	0.01472
3	0.02646	0.02180	0.02956	0.03564	0.21512	0.02272	0.02132	0.04192	0.24026	0.07925	0.03433	0.08173	0.02829	0.01362	0.01067	0.00332	0.00967	0.01207	0.00859	0.06366
4	0.01282	0.00946	0.01200	0.01404	0.01516	0.00865	0.00951	0.01480	0.02090	0.02726	0.06658	0.53313	0.15296	0.03205	0.01333	0.00417	0.00600	0.02874	0.00982	0.00865
5	0.02192	0.01879	0.02192	0.01566	0.02506	0.01409	0.01253	0.02662	0.02192	0.03445	0.01879	0.02192	0.01566	0.00783	0.00783	0.00157	0.00783	0.00626	0.00626	0.69305
6	0.03330	0.02150	0.02369	0.01796	0.02652	0.06923	0.01443	0.03758	0.02586	0.23722	0.02728	0.02700	0.01946	0.01012	0.00906	0.00233	0.00935	0.00798	0.00878	0.37135
7	0.04087	0.04480	0.02903	0.02579	0.03170	0.48757	0.01959	0.04383	0.03001	0.11970	0.02072	0.02199	0.01578	0.01127	0.00972	0.00282	0.01733	0.00747	0.00677	0.01325
8	0.04744	0.01799	0.02454	0.01881	0.02699	0.01554	0.01554	0.05153	0.03026	0.56979	0.04171	0.03599	0.02617	0.01309	0.01063	0.00327	0.00900	0.01063	0.01309	0.01799
9	0.03780	0.02842	0.03038	0.02384	0.03188	0.03167	0.01952	0.44596	0.13487	0.06277	0.02843	0.02781	0.02045	0.01298	0.01061	0.00324	0.01107	0.00994	0.01061	0.01777
10	0.02313	0.02313	0.03238	0.02776	0.02776	0.03238	0.02313	0.02545	0.01619	0.02545	0.01388	0.02313	0.01388	0.01851	0.03470	0.00463	0.60907	0.00925	0.00463	0.01157
11	0.02464	0.02759	0.05721	0.04166	0.05051	0.02771	0.43765	0.03242	0.02344	0.03242	0.02009	0.02759	0.01567	0.01057	0.01631	0.00375	0.11981	0.01192	0.00522	0.01380

[dist]
# distance from previous block
# <min> <max>
0	10

[block]
# block no. 4 follows, 13 sequences, length 8
# corresponding to MSA columns:
# 235-242
name=unknown_E
#
# <colnr> <probs for GDERKNQSTAVLIFYWHMCP>
#	G	D	E	R	K	N	Q	S	T	A	V	L	I	F	Y	W	H	M	C	P
0	0.01496	0.01081	0.01413	0.01330	0.01580	0.00998	0.00998	0.01995	0.02993	0.04240	0.55689	0.07898	0.09976	0.02162	0.01247	0.00333	0.00499	0.01912	0.01164	0.00998
1	0.70310	0.02045	0.01554	0.01390	0.02045	0.02372	0.01145	0.03108	0.01799	0.04744	0.01472	0.01718	0.01145	0.00981	0.00654	0.00327	0.00818	0.00573	0.00654	0.01145
2	0.01473	0.01094	0.01381	0.01349	0.01618	0.01002	0.01039	0.01927	0.02822	0.03861	0.41709	0.08770	0.18183	0.02342	0.01271	0.00354	0.00558	0.07164	0.01109	0.00975
3	0.70310	0.02045	0.01554	0.01390	0.02045	0.02372	0.01145	0.03108	0.01799	0.04744	0.01472	0.01718	0.01145	0.00981	0.00654	0.00327	0.00818	0.00573	0.00654	0.01145
4	0.04432	0.01708	0.02289	0.01780	0.02534	0.01490	0.01462	0.04851	0.02935	0.51018	0.04090	0.03637	0.02628	0.01300	0.01027	0.00318	0.00854	0.01055	0.08884	0.01708
5	0.01560	0.01010	0.01142	0.01167	0.01200	0.01004	0.00686	0.01633	0.01661	0.02322	0.03594	0.12112	0.04034	0.50139	0.04470	0.00880	0.00926	0.01624	0.08138	0.00700
6	0.01496	0.01081	0.01413	0.01330	0.01580	0.00998	0.00998	0.01995	0.02993	0.04240	0.55689	0.07898	0.09976	0.02162	0.01247	0.00333	0.00499	0.01912	0.01164	0.00998
7	0.01671	0.01229	0.01571	0.01567	0.01812	0.01247	0.01186	0.02389	0.09790	0.03594	0.27141	0.15961	0.06994	0.02857	0.05631	0.05461	0.00817	0.07052	0.01007	0.01025

[dist]
# distance from previous block
# <min> <max>
2	8

[block]
# block no. 5 follows, 13 sequences, length 14
# corresponding to MSA columns:
# 251-264
name=unknown_F
#
# <colnr> <probs for GDERKNQSTAVLIFYWHMCP>
#	G	D	E	R	K	N	Q	S	T	A	V	L	I	F	Y	W	H	M	C	P
0	0.02704	0.02320	0.03382	0.20552	0.15983	0.06827	0.05381	0.03240	0.02300	0.10358	0.02218	0.02840	0.01729	0.01668	0.05584	0.00447	0.09516	0.00966	0.00613	0.01370
1	0.36993	0.02383	0.06768	0.16887	0.08317	0.02451	0.02061	0.06654	0.02197	0.04147	0.01731	0.02173	0.01320	0.01020	0.00847	0.00332	0.01089	0.00741	0.00609	0.01279
2	0.02375	0.12556	0.26189	0.08725	0.15789	0.02742	0.10570	0.03250	0.02287	0.03196	0.01889	0.02379	0.01459	0.00964	0.01007	0.00319	0.01453	0.00867	0.00479	0.01503
3	0.01479	0.01090	0.01390	0.01343	0.01607	0.01000	0.01026	0.01946	0.02871	0.03969	0.45710	0.08519	0.15873	0.02290	0.01264	0.00348	0.00541	0.05628	0.01124	0.00982
4	0.01288	0.00920	0.01227	0.01472	0.01534	0.00859	0.00981	0.01472	0.02024	0.02699	0.05828	0.62152	0.06993	0.03312	0.01350	0.00429	0.00613	0.03006	0.00981	0.00859
5	0.01889	0.01140	0.01521	0.01499	0.01767	0.01049	0.01126	0.02279	0.02657	0.10815	0.29441	0.24139	0.07754	0.02459	0.01271	0.00374	0.00627	0.06019	0.01112	0.01062
6	0.01496	0.01081	0.01413	0.01330	0.01580	0.00998	0.00998	0.01995	0.02993	0.04240	0.55689	0.07898	0.09976	0.02162	0.01247	0.00333	0.00499	0.01912	0.01164	0.00998
7	0.02354	0.02567	0.05399	0.11773	0.05451	0.02493	0.40962	0.03182	0.02438	0.03273	0.02428	0.03699	0.01998	0.01104	0.01242	0.00368	0.01656	0.05696	0.00567	0.01350
8	0.02121	0.05469	0.57364	0.03014	0.04576	0.02455	0.03906	0.03348	0.02232	0.03348	0.01897	0.02232	0.01339	0.01005	0.01005	0.00335	0.01563	0.00781	0.00446	0.01563
9	0.02121	0.01769	0.02886	0.34936	0.13755	0.02000	0.02473	0.02680	0.02201	0.06310	0.02903	0.15746	0.02745	0.01545	0.01119	0.00361	0.01178	0.01398	0.00644	0.01228
10	0.02710	0.02761	0.02815	0.20379	0.04181	0.17644	0.02181	0.09329	0.02613	0.03130	0.02215	0.06202	0.01944	0.02231	0.09061	0.00523	0.07238	0.01019	0.00608	0.01217
11	0.70310	0.02045	0.01554	0.01390	0.02045	0.02372	0.01145	0.03108	0.01799	0.04744	0.01472	0.01718	0.01145	0.00981	0.00654	0.00327	0.00818	0.00573	0.00654	0.01145
12	0.02075	0.01744	0.02061	0.01526	0.02349	0.01340	0.01210	0.02549	0.02328	0.03580	0.10983	0.03158	0.02989	0.01016	0.00862	0.00186	0.00735	0.00844	0.00717	0.57749
13	0.02363	0.01193	0.01608	0.01599	0.01896	0.01075	0.01159	0.02616	0.02336	0.19575	0.05313	0.43948	0.05633	0.02689	0.01261	0.00398	0.00702	0.02402	0.01083	0.01151

[dist]
# distance from previous block
# <min> <max>
0	3

[block]
# block no. 6 follows, 13 sequences, length 66
# corresponding to MSA columns:
# 268-333
name=unknown_G
#
# <colnr> <probs for GDERKNQSTAVLIFYWHMCP>
#	G	D	E	R	K	N	Q	S	T	A	V	L	I	F	Y	W	H	M	C	P
0	0.02941	0.02297	0.03372	0.26519	0.17817	0.02539	0.02636	0.15624	0.02997	0.09525	0.02310	0.02780	0.01698	0.01108	0.01055	0.00332	0.01257	0.00956	0.00718	0.01519
1	0.57735	0.02299	0.01840	0.07185	0.02660	0.07449	0.01399	0.03169	0.01938	0.04352	0.01526	0.01841	0.01190	0.00999	0.00720	0.00325	0.00973	0.00618	0.00627	0.01155
2	0.02266	0.02143	0.03511	0.31917	0.19826	0.02345	0.05773	0.03116	0.06293	0.03156	0.02114	0.02793	0.01651	0.01018	0.01041	0.00324	0.01285	0.00949	0.00551	0.07929
3	0.34798	0.18538	0.03246	0.02005	0.02738	0.13361	0.05790	0.03354	0.02171	0.03645	0.01558	0.01843	0.01279	0.00974	0.00766	0.00293	0.01183	0.00648	0.00572	0.01238
4	0.01447	0.01034	0.01340	0.01350	0.01527	0.00964	0.00959	0.01816	0.02603	0.03631	0.37767	0.21816	0.08615	0.08304	0.01672	0.00424	0.00579	0.02159	0.01066	0.00927
5	0.01837	0.00918	0.01377	0.01377	0.01377	0.00918	0.00918	0.01377	0.01377	0.01837	0.01837	0.03214	0.01837	0.03673	0.04132	0.69238	0.00918	0.00918	0.00459	0.00459
6	0.02617	0.02512	0.04292	0.06490	0.56246	0.02512	0.03245	0.03245	0.02407	0.03454	0.01989	0.02617	0.01675	0.00942	0.01047	0.00314	0.01256	0.00942	0.00523	0.01675
7	0.01532	0.01094	0.01506	0.01750	0.01918	0.01069	0.01405	0.01893	0.02264	0.02971	0.05693	0.32736	0.06461	0.03083	0.01414	0.00463	0.00824	0.30019	0.00977	0.00926
8	0.02143	0.01823	0.02137	0.01549	0.02440	0.01380	0.01235	0.02615	0.02249	0.03502	0.05702	0.02598	0.02164	0.00881	0.00816	0.00169	0.00763	0.00718	0.00665	0.64452
9	0.02630	0.02271	0.02391	0.02152	0.02749	0.02630	0.01674	0.05618	0.54336	0.04423	0.04303	0.03945	0.03228	0.01434	0.01076	0.00359	0.00837	0.01195	0.01076	0.01674
10	0.70310	0.02045	0.01554	0.01390	0.02045	0.02372	0.01145	0.03108	0.01799	0.04744	0.01472	0.01718	0.01145	0.00981	0.00654	0.00327	0.00818	0.00573	0.00654	0.01145
11	0.01288	0.00920	0.01227	0.01472	0.01534	0.00859	0.00981	0.01472	0.02024	0.02699	0.05828	0.62152	0.06993	0.03312	0.01350	0.00429	0.00613	0.03006	0.00981	0.00859
12	0.01458	0.01051	0.01379	0.01356	0.01571	0.00972	0.00995	0.01899	0.02815	0.03957	0.46547	0.17845	0.09429	0.02373	0.01266	0.00350	0.00520	0.02113	0.01130	0.00972
13	0.02679	0.23530	0.08242	0.02299	0.03005	0.02833	0.07739	0.03126	0.02239	0.10412	0.02945	0.08255	0.05619	0.01454	0.01374	0.00329	0.10799	0.01119	0.00666	0.01336
14	0.03560	0.01743	0.02671	0.02068	0.02764	0.01560	0.08742	0.04063	0.02865	0.34511	0.13179	0.04306	0.03818	0.01396	0.01092	0.00325	0.00915	0.01237	0.07663	0.01521
15	0.70310	0.02045	0.01554	0.01390	0.02045	0.02372	0.01145	0.03108	0.01799	0.04744	0.01472	0.01718	0.01145	0.00981	0.00654	0.00327	0.00818	0.00573	0.00654	0.01145
16	0.02121	0.05469	0.57364	0.03014	0.04576	0.02455	0.03906	0.03348	0.02232	0.03348	0.01897	0.02232	0.01339	0.01005	0.01005	0.00335	0.01563	0.00781	0.00446	0.01563
17	0.02928	0.58198	0.05311	0.01892	0.02764	0.09100	0.01830	0.03261	0.02225	0.02497	0.01485	0.01715	0.01357	0.00921	0.00703	0.00230	0.01201	0.00576	0.00461	0.01345
18	0.01321	0.01045	0.01163	0.01188	0.01452	0.00915	0.00855	0.01597	0.02390	0.03021	0.17450	0.17849	0.36078	0.06999	0.01561	0.00412	0.00577	0.02248	0.00990	0.00888
19	0.02639	0.02161	0.02385	0.01928	0.02664	0.02181	0.01530	0.13066	0.22311	0.04479	0.07430	0.03393	0.02938	0.01234	0.00983	0.00277	0.00850	0.01008	0.00920	0.25622
20	0.02519	0.22659	0.23574	0.02492	0.03549	0.02972	0.06137	0.08053	0.06173	0.03422	0.02343	0.07292	0.02017	0.01215	0.00959	0.00310	0.01273	0.00980	0.00603	0.01460
21	0.04579	0.01836	0.02449	0.01902	0.02703	0.01638	0.01563	0.05189	0.07023	0.52885	0.04182	0.03626	0.02665	0.01318	0.01064	0.00330	0.00895	0.01074	0.01291	0.01790
22	0.04450	0.01734	0.02360	0.01831	0.02598	0.01504	0.01504	0.04867	0.03023	0.52214	0.08826	0.03987	0.03282	0.01386	0.01080	0.00328	0.00863	0.01140	0.01296	0.01727
23	0.01922	0.04241	0.41684	0.02518	0.03724	0.02038	0.03074	0.02924	0.02389	0.03464	0.12608	0.04036	0.08170	0.01378	0.01073	0.00337	0.01269	0.01128	0.00630	0.01394
24	0.01997	0.01879	0.03171	0.60301	0.07282	0.02349	0.02936	0.02701	0.02114	0.02701	0.01879	0.02819	0.01409	0.01057	0.01057	0.00352	0.01409	0.00940	0.00470	0.01175
25	0.02121	0.05469	0.57364	0.03014	0.04576	0.02455	0.03906	0.03348	0.02232	0.03348	0.01897	0.02232	0.01339	0.01005	0.01005	0.00335	0.01563	0.00781	0.00446	0.01563
26	0.01448	0.01044	0.01370	0.01363	0.01569	0.00965	0.00994	0.01874	0.02769	0.03883	0.44138	0.20466	0.09285	0.02428	0.01271	0.00355	0.00525	0.02165	0.01122	0.00965
27	0.05861	0.01053	0.01344	0.01562	0.01698	0.01029	0.01137	0.01723	0.02092	0.02925	0.05498	0.48158	0.06431	0.03082	0.01327	0.00434	0.00699	0.12088	0.00959	0.00900
28	0.02121	0.05469	0.57364	0.03014	0.04576	0.02455	0.03906	0.03348	0.02232	0.03348	0.01897	0.02232	0.01339	0.01005	0.01005	0.00335	0.01563	0.00781	0.00446	0.01563
29	0.02121	0.05469	0.57364	0.03014	0.04576	0.02455	0.03906	0.03348	0.02232	0.03348	0.01897	0.02232	0.01339	0.01005	0.01005	0.00335	0.01563	0.00781	0.00446	0.01563
30	0.02807	0.02232	0.02396	0.02129	0.02745	0.02539	0.01663	0.05579	0.50027	0.08837	0.04292	0.03916	0.03176	0.01424	0.01075	0.00356	0.00842	0.01184	0.01095	0.01684
31	0.70310	0.02045	0.01554	0.01390	0.02045	0.02372	0.01145	0.03108	0.01799	0.04744	0.01472	0.01718	0.01145	0.00981	0.00654	0.00327	0.00818	0.00573	0.00654	0.01145
32	0.01367	0.01076	0.01234	0.01194	0.01500	0.00943	0.00896	0.01745	0.02687	0.03515	0.32113	0.09092	0.34005	0.02432	0.01248	0.00345	0.00518	0.02080	0.01068	0.00943
33	0.02568	0.02420	0.11206	0.18197	0.13030	0.02049	0.02442	0.03357	0.06058	0.12791	0.03234	0.03798	0.05800	0.06797	0.01454	0.00400	0.01179	0.01100	0.00721	0.01400
34	0.04105	0.01803	0.02344	0.01870	0.02599	0.01666	0.01519	0.04920	0.10938	0.43792	0.09154	0.04066	0.03420	0.01410	0.01083	0.00333	0.00851	0.01165	0.01259	0.01703
35	0.02260	0.02802	0.14162	0.27669	0.17128	0.02451	0.03006	0.03404	0.10260	0.03267	0.02282	0.02829	0.01736	0.01079	0.01047	0.00341	0.01317	0.00948	0.00571	0.01443
36	0.01607	0.01120	0.01280	0.01250	0.01331	0.01133	0.00768	0.01893	0.05440	0.02556	0.11549	0.06864	0.04756	0.49120	0.04438	0.00871	0.00930	0.01572	0.00752	0.00768
37	0.02579	0.19639	0.29935	0.02396	0.03542	0.02742	0.02740	0.06809	0.02546	0.07630	0.07604	0.02810	0.02374	0.01141	0.00953	0.00304	0.01260	0.00877	0.00633	0.01485
38	0.09359	0.01941	0.02338	0.01837	0.02575	0.01881	0.01508	0.13899	0.03206	0.36419	0.03552	0.03290	0.02355	0.01266	0.00989	0.00315	0.00893	0.00994	0.09739	0.01645
39	0.01447	0.01079	0.01345	0.01278	0.01549	0.00977	0.00959	0.01900	0.02876	0.03963	0.46678	0.08354	0.19160	0.02265	0.01248	0.00337	0.00506	0.01976	0.01127	0.00977
40	0.01320	0.00945	0.01256	0.01450	0.01541	0.00880	0.00984	0.01553	0.02174	0.02937	0.13519	0.53783	0.07453	0.03135	0.01334	0.00414	0.00596	0.02837	0.01010	0.00880
41	0.25679	0.01868	0.02016	0.01652	0.02320	0.01904	0.01348	0.08918	0.02755	0.25368	0.07709	0.03288	0.02721	0.01268	0.00918	0.00320	0.00830	0.00961	0.06716	0.01444
42	0.01810	0.01158	0.01410	0.01393	0.01724	0.01048	0.01095	0.02195	0.02565	0.08925	0.18189	0.12500	0.23412	0.02395	0.01234	0.00368	0.00647	0.10475	0.06427	0.01030
43	0.01997	0.01879	0.03171	0.60301	0.07282	0.02349	0.02936	0.02701	0.02114	0.02701	0.01879	0.02819	0.01409	0.01057	0.01057	0.00352	0.01409	0.00940	0.00470	0.01175
44	0.02431	0.02661	0.05175	0.03860	0.04551	0.02874	0.34643	0.03088	0.02185	0.03088	0.01873	0.02661	0.01528	0.01231	0.02036	0.00394	0.22748	0.01133	0.00509	0.01330
45	0.21098	0.01982	0.02303	0.01816	0.02595	0.01938	0.01499	0.09588	0.02921	0.38656	0.03325	0.03017	0.02163	0.01223	0.00960	0.00326	0.00907	0.00929	0.01119	0.01635
46	0.02313	0.02313	0.03238	0.02776	0.02776	0.03238	0.02313	0.02545	0.01619	0.02545	0.01388	0.02313	0.01388	0.01851	0.03470	0.00463	0.60907	0.00925	0.00463	0.01157
47	0.48033	0.08038	0.01988	0.01498	0.02067	0.06718	0.01201	0.02958	0.01886	0.03943	0.01771	0.02533	0.01599	0.10525	0.01409	0.00421	0.00965	0.00729	0.00624	0.01094
48	0.12250	0.01325	0.01406	0.01336	0.01559	0.01393	0.00911	0.02314	0.07418	0.03236	0.15673	0.06042	0.04831	0.32394	0.03215	0.00682	0.00848	0.01443	0.00813	0.00911
49	0.09465	0.01738	0.02271	0.01870	0.02472	0.01691	0.01510	0.04142	0.02622	0.38556	0.03911	0.12339	0.03041	0.01647	0.01323	0.00357	0.07091	0.01307	0.01115	0.01532
50	0.01538	0.01025	0.01153	0.01153	0.01153	0.01025	0.00641	0.01538	0.01538	0.02050	0.03331	0.06919	0.03844	0.62842	0.05382	0.01025	0.01025	0.01538	0.00641	0.00641
51	0.70310	0.02045	0.01554	0.01390	0.02045	0.02372	0.01145	0.03108	0.01799	0.04744	0.01472	0.01718	0.01145	0.00981	0.00654	0.00327	0.00818	0.00573	0.00654	0.01145
52	0.02552	0.02446	0.04175	0.12087	0.51153	0.02495	0.03213	0.03188	0.02377	0.03376	0.01977	0.02638	0.01647	0.00954	0.01048	0.00318	0.01272	0.00942	0.00518	0.01623
53	0.04019	0.02962	0.03173	0.02433	0.03279	0.03279	0.02010	0.52721	0.04971	0.06663	0.02538	0.02538	0.01798	0.01269	0.01058	0.00317	0.01163	0.00952	0.01058	0.01798
54	0.02827	0.63478	0.05540	0.01809	0.02714	0.04184	0.01809	0.03166	0.02148	0.02488	0.01470	0.01696	0.01357	0.00905	0.00678	0.00226	0.01131	0.00565	0.00452	0.01357
55	0.01457	0.01035	0.01395	0.01622	0.01745	0.01001	0.01219	0.01737	0.02138	0.02822	0.05567	0.40009	0.06440	0.07400	0.01676	0.00493	0.00773	0.19632	0.00954	0.00885
56	0.01538	0.01025	0.01153	0.01153	0.01153	0.01025	0.00641	0.01538	0.01538	0.02050	0.03331	0.06919	0.03844	0.62842	0.05382	0.01025	0.01025	0.01538	0.00641	0.00641
57	0.01507	0.01042	0.01211	0.01190	0.01277	0.01009	0.00739	0.01648	0.01955	0.02642	0.16633	0.07391	0.09065	0.43726	0.04077	0.00808	0.00862	0.01679	0.00793	0.00746
58	0.01567	0.01000	0.01226	0.01276	0.01462	0.00948	0.00917	0.01960	0.02446	0.03645	0.23942	0.24621	0.06863	0.02268	0.01132	0.00339	0.00535	0.02001	0.20904	0.00948
59	0.01553	0.01081	0.01394	0.01339	0.01588	0.01011	0.01020	0.02050	0.02886	0.04143	0.47711	0.07803	0.09067	0.02127	0.01215	0.00335	0.00529	0.04900	0.07254	0.00995
60	0.24472	0.01820	0.02102	0.01690	0.02416	0.01761	0.01388	0.04293	0.02650	0.37115	0.07210	0.03348	0.02720	0.01273	0.00952	0.00328	0.00845	0.00977	0.01098	0.01540
61	0.01347	0.00962	0.01294	0.01539	0.01626	0.00909	0.01084	0.01574	0.02082	0.02765	0.05795	0.55055	0.06865	0.03257	0.01365	0.00438	0.00664	0.09523	0.00980	0.00875
62	0.02318	0.02187	0.03602	0.32173	0.28402	0.02442	0.02973	0.03167	0.06310	0.03166	0.02116	0.02818	0.01667	0.01036	0.01054	0.00336	0.01298	0.00961	0.00541	0.01433
63	0.02317	0.01469	0.01858	0.01589	0.02145	0.01228	0.01232	0.02711	0.02447	0.13435	0.11791	0.18413	0.04647	0.01836	0.01085	0.00302	0.00732	0.04435	0.00944	0.25382
64	0.02508	0.03612	0.24988	0.03295	0.11838	0.06868	0.07319	0.03286	0.02365	0.08340	0.02604	0.08819	0.02219	0.01743	0.05084	0.00432	0.01490	0.01123	0.00622	0.01446
65	0.07386	0.13119	0.07488	0.01827	0.02776	0.02255	0.01663	0.08198	0.02501	0.06954	0.01989	0.02197	0.01569	0.00919	0.00820	0.00223	0.00959	0.00685	0.00669	0.35802

[dist]
# distance from previous block
# <min> <max>
1	5

[block]
# block no. 7 follows, 13 sequences, length 26
# corresponding to MSA columns:
# 339-364
name=unknown_H
#
# <colnr> <probs for GDERKNQSTAVLIFYWHMCP>
#	G	D	E	R	K	N	Q	S	T	A	V	L	I	F	Y	W	H	M	C	P
0	0.02495	0.10019	0.38304	0.03255	0.09158	0.02561	0.07706	0.03483	0.02333	0.07968	0.02086	0.02392	0.01507	0.01006	0.01005	0.00324	0.01455	0.00842	0.00537	0.01563
1	0.07830	0.01216	0.01380	0.01371	0.01704	0.01101	0.00996	0.01859	0.02209	0.03179	0.10650	0.30493	0.17345	0.02468	0.01169	0.00354	0.00628	0.02147	0.00916	0.10985
2	0.02139	0.01779	0.02422	0.19191	0.08056	0.01900	0.01890	0.07408	0.07169	0.03721	0.12607	0.04587	0.09228	0.01458	0.01066	0.00318	0.00950	0.01249	0.05303	0.07559
3	0.01762	0.01442	0.01790	0.07978	0.02524	0.01360	0.01355	0.02333	0.05635	0.03179	0.09920	0.06948	0.16431	0.07615	0.01535	0.00394	0.00826	0.09709	0.00835	0.16428
4	0.02392	0.02482	0.05197	0.03768	0.04674	0.02339	0.42160	0.03204	0.02440	0.03497	0.02399	0.03068	0.01824	0.00959	0.01147	0.00335	0.01527	0.01196	0.14056	0.01339
5	0.02309	0.04371	0.41717	0.02627	0.03933	0.02130	0.03163	0.03294	0.02286	0.08326	0.02417	0.07068	0.01929	0.01190	0.01013	0.00322	0.01340	0.00966	0.00589	0.09012
6	0.03150	0.13209	0.07908	0.02791	0.09048	0.02716	0.06478	0.14849	0.07356	0.12336	0.07272	0.03153	0.02616	0.01214	0.01022	0.00312	0.01128	0.01018	0.00849	0.01576
7	0.02121	0.05469	0.57364	0.03014	0.04576	0.02455	0.03906	0.03348	0.02232	0.03348	0.01897	0.02232	0.01339	0.01005	0.01005	0.00335	0.01563	0.00781	0.00446	0.01563
8	0.01294	0.00984	0.01192	0.01329	0.01503	0.00882	0.00925	0.01533	0.02235	0.02886	0.11804	0.40399	0.23211	0.03004	0.01308	0.00397	0.00578	0.02657	0.00998	0.00882
9	0.02178	0.03941	0.37168	0.02451	0.03587	0.01976	0.02900	0.03134	0.02511	0.08280	0.16899	0.03911	0.03828	0.01350	0.01076	0.00334	0.01212	0.01117	0.00719	0.01428
10	0.17074	0.07575	0.02683	0.07006	0.08723	0.02081	0.01719	0.03892	0.02478	0.26049	0.02879	0.02902	0.02009	0.01137	0.00912	0.00311	0.00948	0.00887	0.07248	0.01485
11	0.03821	0.01595	0.02158	0.01725	0.02381	0.01396	0.01396	0.04256	0.03017	0.41995	0.18808	0.04820	0.04708	0.01551	0.01115	0.00329	0.00786	0.01304	0.01268	0.01572
12	0.02733	0.02217	0.08830	0.23758	0.12191	0.01998	0.02442	0.03385	0.02397	0.15632	0.02661	0.03072	0.01913	0.01119	0.01004	0.00323	0.01150	0.00958	0.10810	0.01407
13	0.01837	0.00918	0.01377	0.01377	0.01377	0.00918	0.00918	0.01377	0.01377	0.01837	0.01837	0.03214	0.01837	0.03673	0.04132	0.69238	0.00918	0.00918	0.00459	0.00459
14	0.02468	0.01580	0.02311	0.02751	0.12919	0.01513	0.01894	0.02946	0.02548	0.14267	0.05064	0.08209	0.09109	0.02175	0.01277	0.00408	0.00974	0.25358	0.00954	0.01275
15	0.07101	0.13697	0.02927	0.01727	0.02628	0.02272	0.01462	0.10115	0.02565	0.03821	0.01871	0.02118	0.01533	0.00890	0.00795	0.00205	0.00907	0.00659	0.00658	0.42051
16	0.01415	0.01036	0.01362	0.01512	0.01675	0.00947	0.01071	0.01675	0.02155	0.02928	0.09597	0.48318	0.06727	0.02983	0.01307	0.00405	0.00651	0.07004	0.00968	0.06263
17	0.02918	0.21969	0.18116	0.12712	0.04060	0.02853	0.02532	0.06443	0.02495	0.13133	0.02223	0.02444	0.01622	0.01055	0.00927	0.00302	0.01254	0.00805	0.00649	0.01487
18	0.02194	0.13943	0.39406	0.02719	0.03971	0.02585	0.06608	0.03122	0.02161	0.03072	0.02005	0.02709	0.01637	0.07811	0.01454	0.00395	0.01450	0.00863	0.00475	0.01419
19	0.01517	0.01096	0.01522	0.01563	0.01698	0.01200	0.01153	0.01792	0.01747	0.02432	0.03438	0.10104	0.03594	0.21233	0.35466	0.01320	0.02031	0.05578	0.00654	0.00862
20	0.02644	0.01651	0.02056	0.05892	0.02617	0.01712	0.01482	0.03842	0.19011	0.16900	0.09320	0.19837	0.04595	0.01951	0.01161	0.00367	0.00801	0.01700	0.01074	0.01387
21	0.03471	0.10891	0.12744	0.02535	0.03388	0.13404	0.05747	0.08247	0.02787	0.17651	0.02430	0.02546	0.01750	0.01179	0.01207	0.00318	0.06565	0.00871	0.00758	0.01511
22	0.02840	0.03133	0.03542	0.02877	0.03515	0.21522	0.16927	0.07571	0.02866	0.03351	0.06561	0.09257	0.05901	0.01508	0.01150	0.00336	0.01465	0.03711	0.00715	0.01255
23	0.02599	0.05695	0.05844	0.01862	0.02736	0.01934	0.01616	0.06454	0.02414	0.08494	0.02073	0.02332	0.01639	0.00980	0.01072	0.00225	0.06169	0.00722	0.00685	0.44458
24	0.02212	0.02020	0.02334	0.02409	0.08047	0.06697	0.01598	0.02846	0.10406	0.02751	0.02755	0.04485	0.02734	0.26846	0.03394	0.00646	0.14874	0.01204	0.00650	0.01091
25	0.01803	0.01572	0.02284	0.01938	0.02229	0.01665	0.08215	0.02292	0.05589	0.02986	0.13332	0.06190	0.13012	0.20224	0.02813	0.00570	0.09944	0.01566	0.00777	0.01001

[dist]
# distance from previous block
# <min> <max>
0	2

[block]
# block no. 8 follows, 13 sequences, length 9
# corresponding to MSA columns:
# 367-375
name=unknown_I
#
# <colnr> <probs for GDERKNQSTAVLIFYWHMCP>
#	G	D	E	R	K	N	Q	S	T	A	V	L	I	F	Y	W	H	M	C	P
0	0.20502	0.02148	0.02275	0.19015	0.03753	0.08248	0.01862	0.03156	0.07936	0.03660	0.09089	0.04043	0.03045	0.01396	0.01002	0.00348	0.01088	0.05522	0.00728	0.01185
1	0.02636	0.02129	0.02392	0.01850	0.02659	0.01991	0.01475	0.15338	0.09644	0.04315	0.02639	0.06791	0.02227	0.01169	0.00929	0.00242	0.00872	0.00951	0.00817	0.38934
2	0.01987	0.01393	0.01869	0.01809	0.01982	0.01541	0.01368	0.02220	0.02092	0.09730	0.04986	0.34726	0.09756	0.02629	0.01827	0.00417	0.15550	0.02164	0.00896	0.01058
3	0.02285	0.01619	0.01812	0.01781	0.02058	0.07436	0.01377	0.02541	0.02175	0.10082	0.03751	0.10580	0.03736	0.10755	0.14625	0.07409	0.01445	0.12727	0.00796	0.01010
4	0.02277	0.09268	0.12583	0.07542	0.08633	0.02444	0.08219	0.05239	0.02184	0.03010	0.02268	0.08991	0.02119	0.01706	0.01793	0.09307	0.09489	0.01129	0.00560	0.01240
5	0.02968	0.02573	0.07714	0.09915	0.15564	0.02467	0.11357	0.06887	0.05365	0.13983	0.02518	0.02877	0.01853	0.01169	0.01350	0.00349	0.07799	0.01020	0.00726	0.01544
6	0.01443	0.01072	0.01379	0.01568	0.01769	0.01008	0.01226	0.01766	0.02274	0.02918	0.06855	0.30443	0.17813	0.03013	0.01370	0.00435	0.00738	0.21020	0.00978	0.00912
7	0.02030	0.01958	0.02376	0.02175	0.02433	0.09073	0.05618	0.02398	0.02283	0.02993	0.12171	0.17281	0.04691	0.02819	0.07941	0.00538	0.12605	0.06787	0.00775	0.01054
8	0.10454	0.16002	0.13760	0.06549	0.10308	0.08740	0.02373	0.03658	0.02413	0.13179	0.02166	0.02370	0.01610	0.01042	0.00912	0.00301	0.01254	0.00786	0.00653	0.01470

[dist]
# distance from previous block
# <min> <max>
0	263

# created by:
# /st0/software/busco_prod/Augustus/scripts/msa2prfl.pl ./align_prep/6422.fa
