[name]
unknown

[dist]
# distance from previous block
# <min> <max>
0	466

[block]
# block no. 0 follows, 14 sequences, length 7
# corresponding to MSA columns:
# 494-500
name=unknown_A
#
# <colnr> <probs for GDERKNQSTAVLIFYWHMCP>
#	G	D	E	R	K	N	Q	S	T	A	V	L	I	F	Y	W	H	M	C	P
0	0.02494	0.03081	0.18786	0.02906	0.07913	0.06041	0.08325	0.03181	0.02336	0.09365	0.02752	0.04190	0.02395	0.01401	0.01267	0.00347	0.06093	0.10346	0.00662	0.06120
1	0.01881	0.01205	0.01551	0.01475	0.01821	0.01044	0.01077	0.02190	0.02273	0.10142	0.13014	0.34962	0.05707	0.02317	0.01153	0.00338	0.00644	0.02064	0.00956	0.14187
2	0.11610	0.02822	0.13616	0.02340	0.03290	0.02244	0.08524	0.11220	0.07827	0.10278	0.02387	0.02528	0.01736	0.01030	0.00941	0.00293	0.01106	0.00856	0.00748	0.14603
3	0.01799	0.01353	0.01717	0.01696	0.01951	0.01472	0.01271	0.08737	0.07431	0.03186	0.04001	0.27232	0.04185	0.04482	0.23444	0.00863	0.01501	0.01802	0.00818	0.01059
4	0.02058	0.05308	0.58618	0.02925	0.04442	0.02383	0.03792	0.03250	0.02167	0.03250	0.01842	0.02167	0.01300	0.00975	0.00975	0.00325	0.01517	0.00758	0.00433	0.01517
5	0.02108	0.01835	0.02066	0.13023	0.03033	0.05879	0.01577	0.09581	0.09383	0.03562	0.11353	0.15050	0.13631	0.01895	0.01127	0.00344	0.00904	0.01615	0.00872	0.01163
6	0.02744	0.64552	0.05378	0.01756	0.02634	0.04061	0.01756	0.03073	0.02085	0.02414	0.01427	0.01646	0.01317	0.00878	0.00658	0.00219	0.01097	0.00549	0.00439	0.01317

[dist]
# distance from previous block
# <min> <max>
0	1

[block]
# block no. 1 follows, 14 sequences, length 20
# corresponding to MSA columns:
# 502-521
name=unknown_B
#
# <colnr> <probs for GDERKNQSTAVLIFYWHMCP>
#	G	D	E	R	K	N	Q	S	T	A	V	L	I	F	Y	W	H	M	C	P
0	0.12016	0.13003	0.03136	0.14674	0.08022	0.02406	0.01946	0.06907	0.02521	0.22028	0.02508	0.02630	0.01769	0.01077	0.00912	0.00304	0.01051	0.00844	0.00793	0.01452
1	0.03092	0.03449	0.06847	0.06167	0.13053	0.26095	0.02274	0.03693	0.06042	0.07405	0.02110	0.02477	0.01679	0.01544	0.04926	0.00392	0.05975	0.00835	0.00605	0.01340
2	0.65993	0.02053	0.01630	0.01428	0.02077	0.02370	0.01176	0.06958	0.01984	0.04748	0.01509	0.01729	0.01160	0.00974	0.00665	0.00317	0.00820	0.00584	0.00665	0.01160
3	0.01417	0.01114	0.01497	0.09813	0.02276	0.01097	0.01193	0.01801	0.02411	0.03221	0.25652	0.22775	0.17200	0.02355	0.01212	0.00356	0.00647	0.02077	0.00950	0.00935
4	0.02155	0.04092	0.35890	0.07004	0.04687	0.02345	0.17001	0.03161	0.02225	0.03227	0.01902	0.02363	0.01393	0.00930	0.01023	0.00317	0.01499	0.00877	0.00473	0.07436
5	0.01938	0.01824	0.03078	0.61468	0.07068	0.02280	0.02850	0.02622	0.02052	0.02622	0.01824	0.02736	0.01368	0.01026	0.01026	0.00342	0.01368	0.00912	0.00456	0.01140
6	0.01321	0.00984	0.01229	0.01294	0.01484	0.00893	0.00922	0.01635	0.02407	0.03230	0.26515	0.30545	0.18472	0.02653	0.01251	0.00366	0.00536	0.02349	0.01021	0.00893
7	0.03164	0.02182	0.03529	0.04315	0.31754	0.02054	0.05596	0.03707	0.02518	0.21084	0.02615	0.02826	0.01908	0.01013	0.01011	0.00298	0.01099	0.00944	0.00764	0.07620
8	0.01328	0.00967	0.01355	0.01508	0.01612	0.00995	0.01071	0.01574	0.01852	0.02535	0.04614	0.42028	0.05274	0.04822	0.22304	0.00859	0.01367	0.02266	0.00808	0.00863
9	0.02040	0.02689	0.15151	0.23012	0.05031	0.02203	0.14960	0.02976	0.05794	0.03147	0.06802	0.06660	0.02518	0.01218	0.01093	0.00343	0.01331	0.01164	0.00590	0.01278
10	0.02275	0.02481	0.12712	0.07606	0.09665	0.01799	0.02081	0.03022	0.05322	0.06971	0.02406	0.06873	0.02025	0.01090	0.00927	0.00260	0.01004	0.00927	0.00646	0.29908
11	0.07683	0.25817	0.14251	0.02194	0.03104	0.09932	0.02153	0.13266	0.06320	0.03647	0.01911	0.02076	0.01505	0.01026	0.00846	0.00277	0.01232	0.00716	0.00617	0.01429
12	0.71184	0.01985	0.01508	0.01350	0.01985	0.02302	0.01111	0.03017	0.01746	0.04604	0.01429	0.01667	0.01111	0.00953	0.00635	0.00318	0.00794	0.00556	0.00635	0.01111
13	0.01783	0.00891	0.01337	0.01337	0.01337	0.00891	0.00891	0.01337	0.01337	0.01783	0.01783	0.03119	0.01783	0.03565	0.04011	0.70143	0.00891	0.00891	0.00446	0.00446
14	0.02935	0.07986	0.09821	0.06844	0.06896	0.21910	0.05659	0.10436	0.02736	0.03242	0.01953	0.02414	0.01581	0.01917	0.08783	0.00472	0.01694	0.00829	0.00577	0.01316
15	0.02111	0.01631	0.01880	0.01720	0.02052	0.01828	0.01280	0.09287	0.18799	0.03365	0.03298	0.04553	0.02979	0.21231	0.18510	0.00890	0.01439	0.01211	0.00783	0.01153
16	0.01745	0.00916	0.01374	0.01374	0.01395	0.00937	0.00937	0.01395	0.01374	0.01853	0.01897	0.03227	0.01875	0.04053	0.10605	0.62056	0.01111	0.00916	0.00458	0.00501
17	0.07178	0.15883	0.06784	0.10099	0.13831	0.10755	0.02261	0.07697	0.09716	0.03409	0.02075	0.02371	0.01650	0.01037	0.00907	0.00294	0.01226	0.00804	0.00609	0.01412
18	0.01720	0.00925	0.01355	0.01355	0.01376	0.00947	0.00914	0.01409	0.01387	0.01871	0.02023	0.03540	0.02045	0.09308	0.10711	0.56037	0.01120	0.00968	0.00473	0.00517
19	0.02218	0.03244	0.19999	0.28528	0.09950	0.06544	0.09107	0.03038	0.02215	0.02939	0.01850	0.02490	0.01388	0.00985	0.01025	0.00329	0.01478	0.00884	0.00466	0.01324

[dist]
# distance from previous block
# <min> <max>
1	5

[block]
# block no. 2 follows, 14 sequences, length 14
# corresponding to MSA columns:
# 527-540
name=unknown_C
#
# <colnr> <probs for GDERKNQSTAVLIFYWHMCP>
#	G	D	E	R	K	N	Q	S	T	A	V	L	I	F	Y	W	H	M	C	P
0	0.02145	0.02133	0.02926	0.18023	0.03872	0.07859	0.06721	0.02569	0.01971	0.02589	0.02189	0.03677	0.02054	0.06999	0.08348	0.00566	0.18754	0.04995	0.00529	0.01082
1	0.03030	0.07592	0.03547	0.14258	0.23517	0.13144	0.02490	0.07926	0.02656	0.09138	0.02082	0.02472	0.01608	0.01024	0.00976	0.00299	0.01308	0.00852	0.00625	0.01458
2	0.01547	0.01021	0.01203	0.01157	0.01415	0.00949	0.00868	0.01995	0.02604	0.03827	0.34600	0.06912	0.14936	0.01918	0.01070	0.00303	0.00488	0.01647	0.20590	0.00949
3	0.03053	0.03591	0.03024	0.02669	0.02937	0.31961	0.02112	0.03298	0.02251	0.02491	0.01469	0.02045	0.01334	0.01421	0.02126	0.00355	0.31442	0.00777	0.00490	0.01157
4	0.01527	0.01053	0.01554	0.01554	0.01690	0.01190	0.01163	0.01716	0.01580	0.02243	0.02604	0.04053	0.02503	0.10925	0.45627	0.14305	0.02280	0.01089	0.00536	0.00808
5	0.01497	0.01057	0.01189	0.01210	0.01514	0.00909	0.00886	0.01746	0.02285	0.07216	0.08585	0.23978	0.38924	0.02660	0.01225	0.00363	0.00569	0.02280	0.00979	0.00929
6	0.03308	0.02857	0.08097	0.03433	0.13678	0.02717	0.11516	0.26924	0.03547	0.10036	0.02399	0.02608	0.01731	0.01091	0.01054	0.00316	0.01259	0.00971	0.00817	0.01641
7	0.04536	0.01856	0.02449	0.01878	0.02674	0.01671	0.01551	0.09782	0.03121	0.53203	0.03894	0.03393	0.02463	0.01266	0.01031	0.00317	0.00898	0.01021	0.01246	0.01746
8	0.71184	0.01985	0.01508	0.01350	0.01985	0.02302	0.01111	0.03017	0.01746	0.04604	0.01429	0.01667	0.01111	0.00953	0.00635	0.00318	0.00794	0.00556	0.00635	0.01111
9	0.02514	0.14350	0.15055	0.14604	0.08363	0.02654	0.05829	0.03632	0.12156	0.07483	0.02390	0.02665	0.01796	0.01056	0.00962	0.00312	0.01218	0.00888	0.00629	0.01442
10	0.02894	0.09700	0.13064	0.03350	0.13184	0.07306	0.09457	0.15688	0.08225	0.04002	0.02207	0.02471	0.01684	0.01049	0.00997	0.00307	0.01313	0.00897	0.00669	0.01537
11	0.46745	0.03039	0.02016	0.01819	0.02416	0.23171	0.01428	0.03409	0.02168	0.03845	0.01486	0.01734	0.01188	0.00991	0.00740	0.00298	0.01177	0.00594	0.00596	0.01140
12	0.02527	0.31558	0.03712	0.01776	0.02587	0.02941	0.01575	0.03543	0.15695	0.03146	0.02233	0.02332	0.01833	0.00976	0.00784	0.00234	0.00933	0.00720	0.00639	0.20257
13	0.27384	0.01842	0.01876	0.01519	0.02228	0.01797	0.01221	0.03172	0.07265	0.08811	0.07045	0.02740	0.02348	0.01055	0.00806	0.00261	0.00763	0.00791	0.00765	0.26310

[dist]
# distance from previous block
# <min> <max>
0	2

[block]
# block no. 3 follows, 14 sequences, length 9
# corresponding to MSA columns:
# 543-551
name=unknown_D
#
# <colnr> <probs for GDERKNQSTAVLIFYWHMCP>
#	G	D	E	R	K	N	Q	S	T	A	V	L	I	F	Y	W	H	M	C	P
0	0.01452	0.01049	0.01372	0.01291	0.01533	0.00968	0.00968	0.01937	0.02905	0.04115	0.56992	0.07666	0.09683	0.02098	0.01210	0.00323	0.00484	0.01856	0.01130	0.00968
1	0.01526	0.01150	0.01433	0.01465	0.01679	0.01141	0.01057	0.02231	0.10145	0.03510	0.27702	0.30556	0.07514	0.02467	0.01228	0.00366	0.00579	0.02203	0.01043	0.01006
2	0.01286	0.00908	0.01180	0.01384	0.01435	0.00857	0.00904	0.01438	0.01896	0.02528	0.05303	0.55017	0.06342	0.12071	0.01881	0.00501	0.00654	0.02710	0.00904	0.00803
3	0.01372	0.01024	0.01274	0.01257	0.01495	0.00927	0.00926	0.01763	0.02646	0.03609	0.39506	0.16249	0.19439	0.02368	0.01225	0.00342	0.00508	0.02077	0.01066	0.00927
4	0.02245	0.02245	0.03143	0.02694	0.02694	0.03143	0.02245	0.02470	0.01572	0.02470	0.01347	0.02245	0.01347	0.01796	0.03368	0.00449	0.62057	0.00898	0.00449	0.01123
5	0.71184	0.01985	0.01508	0.01350	0.01985	0.02302	0.01111	0.03017	0.01746	0.04604	0.01429	0.01667	0.01111	0.00953	0.00635	0.00318	0.00794	0.00556	0.00635	0.01111
6	0.01484	0.01030	0.01295	0.01295	0.01355	0.01090	0.00841	0.01605	0.01544	0.02120	0.03073	0.05827	0.03345	0.45316	0.23314	0.01212	0.01576	0.01362	0.00598	0.00719
7	0.71184	0.01985	0.01508	0.01350	0.01985	0.02302	0.01111	0.03017	0.01746	0.04604	0.01429	0.01667	0.01111	0.00953	0.00635	0.00318	0.00794	0.00556	0.00635	0.01111
8	0.04604	0.01746	0.02382	0.01826	0.02620	0.01508	0.01508	0.05001	0.02937	0.58244	0.04049	0.03493	0.02540	0.01270	0.01032	0.00318	0.00873	0.01032	0.01270	0.01746

[dist]
# distance from previous block
# <min> <max>
0	24

[block]
# block no. 4 follows, 14 sequences, length 14
# corresponding to MSA columns:
# 576-589
name=unknown_E
#
# <colnr> <probs for GDERKNQSTAVLIFYWHMCP>
#	G	D	E	R	K	N	Q	S	T	A	V	L	I	F	Y	W	H	M	C	P
0	0.03398	0.02683	0.03099	0.02462	0.03034	0.03171	0.02040	0.38438	0.03838	0.05254	0.02125	0.02397	0.01624	0.01403	0.01737	0.00351	0.19621	0.00916	0.00851	0.01556
1	0.03352	0.02077	0.02412	0.01953	0.02581	0.02150	0.01569	0.27871	0.03718	0.17761	0.11336	0.11538	0.03776	0.01632	0.01093	0.00327	0.00903	0.01352	0.01089	0.01510
2	0.01466	0.01100	0.01649	0.01649	0.01833	0.01283	0.01283	0.01833	0.01649	0.02382	0.02749	0.04032	0.02566	0.07697	0.59868	0.01649	0.02749	0.01100	0.00550	0.00916
3	0.02245	0.02245	0.03143	0.02694	0.02694	0.03143	0.02245	0.02470	0.01572	0.02470	0.01347	0.02245	0.01347	0.01796	0.03368	0.00449	0.62057	0.00898	0.00449	0.01123
4	0.01783	0.00891	0.01337	0.01337	0.01337	0.00891	0.00891	0.01337	0.01337	0.01783	0.01783	0.03119	0.01783	0.03565	0.04011	0.70143	0.00891	0.00891	0.00446	0.00446
5	0.01938	0.01824	0.03078	0.61468	0.07068	0.02280	0.02850	0.02622	0.02052	0.02622	0.01824	0.02736	0.01368	0.01026	0.01026	0.00342	0.01368	0.00912	0.00456	0.01140
6	0.01466	0.01100	0.01649	0.01649	0.01833	0.01283	0.01283	0.01833	0.01649	0.02382	0.02749	0.04032	0.02566	0.07697	0.59868	0.01649	0.02749	0.01100	0.00550	0.00916
7	0.02943	0.03357	0.03578	0.02906	0.03574	0.25374	0.17018	0.04006	0.14893	0.03271	0.06565	0.03019	0.02447	0.01158	0.01058	0.00312	0.01472	0.01028	0.00690	0.01330
8	0.01361	0.01038	0.01204	0.01167	0.01419	0.00931	0.00846	0.01690	0.02489	0.03290	0.31008	0.08434	0.28088	0.10500	0.01743	0.00422	0.00566	0.01933	0.00991	0.00881
9	0.02183	0.01905	0.02398	0.02154	0.09738	0.01510	0.01472	0.02659	0.02156	0.03345	0.01838	0.02183	0.01534	0.00780	0.00794	0.00172	0.00821	0.00649	0.00595	0.61114
10	0.03630	0.02076	0.07162	0.02227	0.03029	0.01681	0.09319	0.04161	0.02704	0.37922	0.07264	0.03620	0.02810	0.01720	0.05402	0.00421	0.01160	0.01101	0.01032	0.01559
11	0.01250	0.00893	0.01191	0.01429	0.01488	0.00834	0.00953	0.01429	0.01965	0.02620	0.05656	0.63265	0.06787	0.03215	0.01310	0.00417	0.00595	0.02917	0.00953	0.00834
12	0.03957	0.02322	0.07393	0.02033	0.02857	0.02015	0.01792	0.18413	0.03398	0.35003	0.07252	0.03391	0.02727	0.01294	0.01038	0.00316	0.00973	0.01038	0.01119	0.01670
13	0.02490	0.15447	0.13716	0.21272	0.16493	0.02632	0.02745	0.03151	0.02220	0.07690	0.01963	0.02432	0.01504	0.00983	0.00940	0.00303	0.01263	0.00821	0.00531	0.01404

[dist]
# distance from previous block
# <min> <max>
0	1

[block]
# block no. 5 follows, 14 sequences, length 19
# corresponding to MSA columns:
# 591-609
name=unknown_F
#
# <colnr> <probs for GDERKNQSTAVLIFYWHMCP>
#	G	D	E	R	K	N	Q	S	T	A	V	L	I	F	Y	W	H	M	C	P
0	0.47928	0.02417	0.02036	0.01777	0.02320	0.08853	0.01446	0.07209	0.02099	0.04204	0.01518	0.01839	0.01222	0.01113	0.01109	0.00331	0.10130	0.00649	0.00627	0.01173
1	0.01714	0.01247	0.01636	0.01556	0.01679	0.01474	0.01175	0.01999	0.01717	0.02644	0.02746	0.04267	0.02624	0.17732	0.23890	0.00963	0.12389	0.01118	0.16532	0.00896
2	0.02079	0.02098	0.03942	0.44884	0.06573	0.02371	0.17639	0.02815	0.02159	0.02815	0.01897	0.02745	0.01423	0.00979	0.01080	0.00343	0.01473	0.00999	0.00474	0.01211
3	0.01452	0.01049	0.01372	0.01291	0.01533	0.00968	0.00968	0.01937	0.02905	0.04115	0.56992	0.07666	0.09683	0.02098	0.01210	0.00323	0.00484	0.01856	0.01130	0.00968
4	0.01475	0.01062	0.01458	0.01458	0.01576	0.01179	0.01045	0.01710	0.01593	0.02241	0.02923	0.04998	0.02985	0.27940	0.40198	0.01414	0.02117	0.01241	0.00576	0.00810
5	0.04604	0.01746	0.02382	0.01826	0.02620	0.01508	0.01508	0.05001	0.02937	0.58244	0.04049	0.03493	0.02540	0.01270	0.01032	0.00318	0.00873	0.01032	0.01270	0.01746
6	0.01340	0.00987	0.01264	0.01384	0.01554	0.00911	0.01007	0.01642	0.02306	0.03074	0.19442	0.35061	0.15288	0.02792	0.01281	0.00388	0.00594	0.07800	0.00997	0.00885
7	0.02438	0.41153	0.03751	0.01462	0.02105	0.02918	0.01374	0.02822	0.02110	0.02934	0.02133	0.02448	0.01800	0.00995	0.00680	0.00227	0.00870	0.00699	0.25897	0.01184
8	0.01471	0.00989	0.01295	0.01496	0.01636	0.00956	0.01128	0.01783	0.02112	0.02936	0.05243	0.38821	0.05899	0.02798	0.01253	0.00407	0.00683	0.16953	0.11256	0.00885
9	0.01246	0.00908	0.01175	0.01389	0.01478	0.00837	0.00935	0.01433	0.02003	0.02635	0.06145	0.57755	0.11982	0.03151	0.01300	0.00410	0.00588	0.02840	0.00953	0.00837
10	0.71184	0.01985	0.01508	0.01350	0.01985	0.02302	0.01111	0.03017	0.01746	0.04604	0.01429	0.01667	0.01111	0.00953	0.00635	0.00318	0.00794	0.00556	0.00635	0.01111
11	0.01502	0.01047	0.01337	0.01364	0.01445	0.01102	0.00934	0.01665	0.01636	0.02227	0.03331	0.06446	0.03621	0.40294	0.21216	0.01134	0.01516	0.06802	0.00636	0.00746
12	0.71184	0.01985	0.01508	0.01350	0.01985	0.02302	0.01111	0.03017	0.01746	0.04604	0.01429	0.01667	0.01111	0.00953	0.00635	0.00318	0.00794	0.00556	0.00635	0.01111
13	0.01647	0.00944	0.01401	0.01426	0.01479	0.00985	0.00997	0.01473	0.01481	0.02022	0.02428	0.09559	0.02498	0.04581	0.17953	0.45508	0.01334	0.01153	0.00524	0.00605
14	0.03901	0.02874	0.03080	0.02361	0.03182	0.03182	0.01951	0.54111	0.04825	0.06468	0.02464	0.02464	0.01745	0.01232	0.01027	0.00308	0.01129	0.00924	0.01027	0.01745
15	0.02600	0.15325	0.23167	0.02247	0.03350	0.02635	0.02398	0.13915	0.02709	0.03799	0.01891	0.02121	0.01450	0.00960	0.00874	0.00260	0.01174	0.00718	0.00602	0.17803
16	0.02540	0.02438	0.04165	0.06299	0.57533	0.02438	0.03149	0.03149	0.02337	0.03353	0.01930	0.02540	0.01626	0.00914	0.01016	0.00305	0.01219	0.00914	0.00508	0.01626
17	0.03011	0.01608	0.02056	0.01595	0.02298	0.01332	0.01280	0.03449	0.02653	0.26652	0.15833	0.04015	0.03884	0.01292	0.00981	0.00262	0.00742	0.01082	0.01011	0.24965
18	0.01895	0.02405	0.15399	0.13108	0.03466	0.01822	0.02107	0.05910	0.08239	0.03321	0.07850	0.19259	0.07369	0.01822	0.01116	0.00355	0.01002	0.01580	0.00765	0.01210

[dist]
# distance from previous block
# <min> <max>
6	7

[block]
# block no. 6 follows, 14 sequences, length 16
# corresponding to MSA columns:
# 618-633
name=unknown_G
#
# <colnr> <probs for GDERKNQSTAVLIFYWHMCP>
#	G	D	E	R	K	N	Q	S	T	A	V	L	I	F	Y	W	H	M	C	P
0	0.01731	0.01158	0.01503	0.01433	0.01702	0.01083	0.01036	0.02023	0.02105	0.07063	0.13877	0.20849	0.05109	0.13192	0.12188	0.00670	0.01062	0.01730	0.00842	0.09646
1	0.01783	0.00891	0.01337	0.01337	0.01337	0.00891	0.00891	0.01337	0.01337	0.01783	0.01783	0.03119	0.01783	0.03565	0.04011	0.70143	0.00891	0.00891	0.00446	0.00446
2	0.26147	0.01953	0.01969	0.01653	0.02310	0.02064	0.01334	0.09408	0.12015	0.14034	0.03659	0.03533	0.08879	0.01314	0.00904	0.00315	0.00813	0.00997	0.00904	0.05794
3	0.02643	0.25089	0.16229	0.06364	0.03828	0.03128	0.10728	0.10431	0.06030	0.03439	0.01971	0.02267	0.01534	0.00989	0.00916	0.00291	0.01293	0.00817	0.00574	0.01439
4	0.02376	0.03088	0.12675	0.04149	0.05247	0.02568	0.47507	0.03283	0.02390	0.03283	0.02047	0.02692	0.01525	0.00879	0.01181	0.00343	0.01703	0.01154	0.00508	0.01401
5	0.01397	0.01023	0.01224	0.01206	0.01460	0.00924	0.00892	0.01783	0.02586	0.03547	0.34013	0.13735	0.22725	0.02291	0.01184	0.00333	0.00506	0.01987	0.06261	0.00924
6	0.03145	0.01879	0.02315	0.07951	0.02931	0.01909	0.01631	0.18044	0.03248	0.20753	0.07535	0.05055	0.12180	0.01626	0.01100	0.00334	0.00922	0.04985	0.01029	0.01429
7	0.03362	0.40824	0.04327	0.01850	0.02699	0.03301	0.01718	0.09991	0.02647	0.17112	0.02224	0.02218	0.01682	0.01022	0.00800	0.00256	0.01044	0.00719	0.00724	0.01480
8	0.01492	0.00995	0.01119	0.01119	0.01119	0.00995	0.00622	0.01492	0.01492	0.01990	0.03233	0.06716	0.03731	0.63935	0.05223	0.00995	0.00995	0.01492	0.00622	0.00622
9	0.01754	0.01301	0.01425	0.01334	0.01727	0.01225	0.01016	0.05056	0.08289	0.06889	0.13722	0.12211	0.35609	0.02299	0.01180	0.00345	0.00609	0.01938	0.01007	0.01062
10	0.02234	0.02192	0.03845	0.31451	0.17596	0.02407	0.13078	0.03166	0.07702	0.03092	0.02141	0.02811	0.01645	0.01006	0.01063	0.00335	0.01351	0.00998	0.00541	0.01348
11	0.02199	0.14696	0.38989	0.02555	0.03762	0.02596	0.03042	0.03381	0.08142	0.03211	0.02304	0.02977	0.01856	0.01146	0.00963	0.00321	0.01324	0.04544	0.00541	0.01451
12	0.01426	0.01048	0.01335	0.01263	0.01517	0.00957	0.00947	0.01885	0.02842	0.03965	0.51789	0.07912	0.14979	0.02154	0.01211	0.00325	0.00488	0.01890	0.01110	0.00957
13	0.02466	0.01283	0.01638	0.01415	0.01868	0.01128	0.01108	0.02870	0.02787	0.22161	0.28403	0.06756	0.18091	0.01932	0.01150	0.00326	0.00624	0.01647	0.01137	0.01209
14	0.52335	0.02068	0.01996	0.02016	0.08329	0.02293	0.01434	0.06533	0.02133	0.10097	0.01821	0.02004	0.01357	0.00999	0.00744	0.00315	0.00871	0.00668	0.00711	0.01275
15	0.19771	0.09737	0.02571	0.07773	0.02889	0.02075	0.01526	0.03574	0.02297	0.22073	0.02432	0.02481	0.01726	0.01022	0.00836	0.00276	0.00912	0.00763	0.00802	0.14466

[dist]
# distance from previous block
# <min> <max>
0	20

[block]
# block no. 7 follows, 14 sequences, length 20
# corresponding to MSA columns:
# 654-673
name=unknown_H
#
# <colnr> <probs for GDERKNQSTAVLIFYWHMCP>
#	G	D	E	R	K	N	Q	S	T	A	V	L	I	F	Y	W	H	M	C	P
0	0.02436	0.02033	0.02924	0.07335	0.22028	0.01815	0.02025	0.02957	0.02254	0.07223	0.02020	0.02411	0.01619	0.00869	0.00887	0.00230	0.00970	0.00766	0.00610	0.36587
1	0.02415	0.01378	0.01726	0.01513	0.01938	0.01325	0.01177	0.03220	0.10337	0.17439	0.32808	0.05832	0.06514	0.01732	0.01109	0.00319	0.00626	0.01493	0.05847	0.01252
2	0.01513	0.01124	0.01391	0.01313	0.01568	0.01073	0.00971	0.02109	0.06426	0.03851	0.45319	0.07499	0.12534	0.07008	0.01518	0.00380	0.00550	0.01803	0.01069	0.00978
3	0.01290	0.00962	0.01200	0.01310	0.01476	0.00872	0.00918	0.01558	0.02269	0.03005	0.18769	0.38388	0.18601	0.02816	0.01265	0.00379	0.00553	0.02502	0.00994	0.00872
4	0.03071	0.01407	0.01890	0.01566	0.02091	0.01246	0.01246	0.03511	0.02921	0.31915	0.29801	0.05523	0.06014	0.01673	0.01119	0.00320	0.00684	0.01433	0.01202	0.01368
5	0.71184	0.01985	0.01508	0.01350	0.01985	0.02302	0.01111	0.03017	0.01746	0.04604	0.01429	0.01667	0.01111	0.00953	0.00635	0.00318	0.00794	0.00556	0.00635	0.01111
6	0.03833	0.04891	0.02908	0.02644	0.03173	0.59815	0.01983	0.04098	0.02908	0.02512	0.01586	0.01851	0.01322	0.01058	0.00925	0.00264	0.01851	0.00661	0.00529	0.01190
7	0.03901	0.02874	0.03080	0.02361	0.03182	0.03182	0.01951	0.54111	0.04825	0.06468	0.02464	0.02464	0.01745	0.01232	0.01027	0.00308	0.01129	0.00924	0.01027	0.01745
8	0.01280	0.00975	0.01187	0.01342	0.01521	0.00882	0.00967	0.01519	0.02138	0.02721	0.07289	0.39089	0.24289	0.02959	0.01287	0.00398	0.00606	0.07742	0.00952	0.00857
9	0.71184	0.01985	0.01508	0.01350	0.01985	0.02302	0.01111	0.03017	0.01746	0.04604	0.01429	0.01667	0.01111	0.00953	0.00635	0.00318	0.00794	0.00556	0.00635	0.01111
10	0.43266	0.01885	0.01874	0.01549	0.02251	0.01969	0.01278	0.03849	0.02246	0.27096	0.02527	0.02433	0.01711	0.01086	0.00802	0.00318	0.00827	0.00755	0.00901	0.01378
11	0.01393	0.01016	0.01432	0.01516	0.01636	0.01095	0.01097	0.01655	0.01743	0.02423	0.03817	0.25026	0.04166	0.12126	0.33569	0.01149	0.01809	0.01777	0.00698	0.00856
12	0.03802	0.02686	0.02385	0.02009	0.02619	0.21064	0.01575	0.04169	0.02922	0.30142	0.12335	0.03658	0.03360	0.01341	0.01027	0.00301	0.01136	0.01049	0.00996	0.01425
13	0.04218	0.01808	0.02317	0.01801	0.02538	0.01667	0.01480	0.11133	0.03098	0.45532	0.03765	0.03395	0.02446	0.01257	0.00997	0.00308	0.00864	0.01010	0.08709	0.01660
14	0.01250	0.00893	0.01191	0.01429	0.01488	0.00834	0.00953	0.01429	0.01965	0.02620	0.05656	0.63265	0.06787	0.03215	0.01310	0.00417	0.00595	0.02917	0.00953	0.00834
15	0.02801	0.02118	0.06129	0.02335	0.08395	0.07747	0.01725	0.03228	0.02350	0.19091	0.06773	0.03823	0.02838	0.07977	0.17241	0.00725	0.01548	0.01075	0.00794	0.01289
16	0.03688	0.01820	0.02286	0.01910	0.02581	0.01780	0.01558	0.04827	0.18345	0.36538	0.04234	0.04453	0.03073	0.01473	0.01077	0.00343	0.00863	0.06358	0.01169	0.01625
17	0.11880	0.01772	0.02286	0.01774	0.02550	0.01595	0.01465	0.04784	0.02807	0.52382	0.03762	0.03293	0.02384	0.01235	0.00989	0.00318	0.00865	0.00980	0.01201	0.01677
18	0.04014	0.02065	0.02515	0.01955	0.02698	0.02035	0.01604	0.21835	0.03594	0.34228	0.09280	0.03589	0.03043	0.01347	0.01050	0.00315	0.00920	0.01084	0.01170	0.01661
19	0.02461	0.02085	0.02977	0.24378	0.08812	0.02373	0.05355	0.04066	0.24806	0.07303	0.02996	0.03237	0.02227	0.01179	0.01045	0.00340	0.01109	0.01044	0.00769	0.01440

[dist]
# distance from previous block
# <min> <max>
0	12

[block]
# block no. 8 follows, 14 sequences, length 16
# corresponding to MSA columns:
# 686-701
name=unknown_I
#
# <colnr> <probs for GDERKNQSTAVLIFYWHMCP>
#	G	D	E	R	K	N	Q	S	T	A	V	L	I	F	Y	W	H	M	C	P
0	0.12059	0.02260	0.02864	0.02250	0.02951	0.05362	0.10163	0.09105	0.07405	0.13329	0.03282	0.03354	0.07265	0.01263	0.01138	0.00314	0.04877	0.01034	0.00817	0.08909
1	0.02160	0.01927	0.02557	0.01826	0.02752	0.01502	0.06958	0.02661	0.02160	0.03338	0.01852	0.02198	0.01524	0.00771	0.00809	0.00173	0.00866	0.00674	0.00598	0.62693
2	0.02366	0.26880	0.26342	0.02495	0.03651	0.02927	0.08564	0.03115	0.02162	0.02951	0.01711	0.02037	0.01360	0.00902	0.00860	0.00269	0.01301	0.00716	0.00464	0.08927
3	0.02147	0.01604	0.02632	0.06110	0.02948	0.01560	0.12171	0.05721	0.02491	0.09668	0.09865	0.25973	0.04788	0.02084	0.01218	0.00373	0.00961	0.05640	0.00891	0.01154
4	0.01669	0.01167	0.01358	0.01285	0.01578	0.01148	0.00971	0.02423	0.09075	0.03938	0.33569	0.06528	0.11918	0.01852	0.01076	0.00309	0.00526	0.01594	0.16982	0.01035
5	0.02295	0.02103	0.03405	0.39553	0.21908	0.02409	0.02859	0.07406	0.02387	0.03187	0.01913	0.02653	0.01479	0.01011	0.01023	0.00328	0.01302	0.00914	0.00523	0.01340
6	0.55040	0.01927	0.01720	0.01465	0.02139	0.02110	0.01208	0.03498	0.02035	0.17610	0.02064	0.02110	0.01458	0.01030	0.00731	0.00318	0.00813	0.00671	0.00789	0.01265
7	0.01345	0.00983	0.01264	0.01324	0.01500	0.00902	0.00943	0.01680	0.02458	0.03361	0.31060	0.31006	0.13144	0.02612	0.01252	0.00364	0.00534	0.02328	0.01039	0.00902
8	0.02702	0.01262	0.01587	0.01393	0.01821	0.01162	0.01107	0.03153	0.02616	0.22395	0.16770	0.05133	0.04521	0.01543	0.00988	0.00301	0.00644	0.04320	0.25354	0.01228
9	0.01321	0.00944	0.01272	0.01510	0.01600	0.00894	0.01075	0.01551	0.02034	0.02699	0.05617	0.54208	0.06633	0.03148	0.01329	0.00427	0.00657	0.11277	0.00951	0.00853
10	0.01358	0.00974	0.01296	0.01422	0.01562	0.00912	0.01021	0.01671	0.02332	0.03188	0.23762	0.38990	0.07731	0.02786	0.01284	0.00389	0.00588	0.06828	0.01014	0.00891
11	0.03833	0.04891	0.02908	0.02644	0.03173	0.59815	0.01983	0.04098	0.02908	0.02512	0.01586	0.01851	0.01322	0.01058	0.00925	0.00264	0.01851	0.00661	0.00529	0.01190
12	0.27016	0.02276	0.02362	0.01876	0.02627	0.02445	0.01549	0.23862	0.03282	0.19365	0.02525	0.02461	0.01737	0.01147	0.00895	0.00314	0.00948	0.00827	0.00957	0.01530
13	0.04604	0.01746	0.02382	0.01826	0.02620	0.01508	0.01508	0.05001	0.02937	0.58244	0.04049	0.03493	0.02540	0.01270	0.01032	0.00318	0.00873	0.01032	0.01270	0.01746
14	0.63438	0.01957	0.01610	0.01405	0.02058	0.02210	0.01158	0.03247	0.01885	0.10844	0.01734	0.01879	0.01278	0.00990	0.00681	0.00318	0.00803	0.00611	0.00709	0.01185
15	0.02520	0.02660	0.03001	0.16698	0.04076	0.15571	0.07913	0.03033	0.02328	0.02965	0.01797	0.02285	0.01440	0.00907	0.00916	0.00247	0.01279	0.00765	0.00542	0.29056

[dist]
# distance from previous block
# <min> <max>
23	50

[block]
# block no. 9 follows, 14 sequences, length 11
# corresponding to MSA columns:
# 752-762
name=unknown_J
#
# <colnr> <probs for GDERKNQSTAVLIFYWHMCP>
#	G	D	E	R	K	N	Q	S	T	A	V	L	I	F	Y	W	H	M	C	P
0	0.02724	0.02588	0.10052	0.18975	0.08902	0.05023	0.02358	0.09179	0.11304	0.10071	0.02642	0.02913	0.01931	0.01133	0.00997	0.00320	0.01163	0.00939	0.05346	0.01438
1	0.02671	0.01540	0.01902	0.01679	0.02101	0.01516	0.01304	0.12191	0.02871	0.17104	0.13400	0.13824	0.04799	0.10896	0.01749	0.00445	0.00838	0.06915	0.01026	0.01230
2	0.11123	0.01283	0.01559	0.01427	0.01799	0.01226	0.01091	0.02598	0.02606	0.14596	0.30893	0.15195	0.06684	0.01969	0.01117	0.00336	0.00619	0.01699	0.01064	0.01118
3	0.02991	0.02071	0.03329	0.04484	0.35664	0.01996	0.02439	0.03492	0.02468	0.19005	0.02945	0.09455	0.02452	0.01268	0.01053	0.00321	0.01052	0.01167	0.00775	0.01574
4	0.02019	0.01836	0.02802	0.44411	0.05734	0.02247	0.02469	0.03116	0.12688	0.02933	0.02373	0.03067	0.01824	0.01683	0.06185	0.00458	0.01378	0.00978	0.00581	0.01217
5	0.33049	0.01887	0.02042	0.07420	0.02733	0.02011	0.01456	0.07303	0.02470	0.21398	0.06713	0.02874	0.02303	0.01170	0.00872	0.00320	0.00875	0.00869	0.00885	0.01350
6	0.02358	0.01503	0.01762	0.01507	0.01978	0.01443	0.01187	0.12090	0.03108	0.13011	0.24764	0.06642	0.20623	0.01944	0.01147	0.00326	0.00679	0.01635	0.01083	0.01212
7	0.01436	0.01042	0.01274	0.01349	0.01518	0.00988	0.00990	0.01692	0.02132	0.02787	0.13079	0.16017	0.16511	0.20245	0.02423	0.00568	0.00761	0.13482	0.00881	0.00825
8	0.01513	0.01051	0.01499	0.01499	0.01620	0.01172	0.01095	0.01698	0.01576	0.02223	0.02723	0.04468	0.02705	0.18801	0.41280	0.10436	0.02144	0.01154	0.00551	0.00794
9	0.02493	0.01377	0.01680	0.01479	0.01800	0.01334	0.01060	0.07948	0.02433	0.16831	0.10594	0.11091	0.04298	0.27752	0.02833	0.00610	0.00873	0.01504	0.00924	0.01086
10	0.08978	0.02287	0.02538	0.02049	0.02779	0.02450	0.01664	0.22004	0.18615	0.20633	0.03331	0.03090	0.02323	0.01267	0.01003	0.00323	0.00938	0.00994	0.01071	0.01661

[dist]
# distance from previous block
# <min> <max>
0	6

[block]
# block no. 10 follows, 14 sequences, length 14
# corresponding to MSA columns:
# 769-775,780-786
name=unknown_K
#
# <colnr> <probs for GDERKNQSTAVLIFYWHMCP>
#	G	D	E	R	K	N	Q	S	T	A	V	L	I	F	Y	W	H	M	C	P
0	0.02265	0.02029	0.02807	0.03114	0.20807	0.01725	0.01861	0.02773	0.02198	0.03347	0.01859	0.02265	0.01555	0.00811	0.00845	0.00203	0.00913	0.00710	0.00575	0.47338
1	0.02258	0.02258	0.13610	0.07572	0.09879	0.01633	0.02020	0.02807	0.02330	0.12373	0.11025	0.09255	0.07829	0.08780	0.01565	0.00409	0.01001	0.01358	0.00787	0.01251
2	0.01938	0.01824	0.03078	0.61468	0.07068	0.02280	0.02850	0.02622	0.02052	0.02622	0.01824	0.02736	0.01368	0.01026	0.01026	0.00342	0.01368	0.00912	0.00456	0.01140
3	0.01213	0.01040	0.01040	0.01040	0.01386	0.00866	0.00780	0.01473	0.02339	0.02772	0.10396	0.09876	0.57117	0.02599	0.01213	0.00347	0.00520	0.02166	0.00953	0.00866
4	0.02202	0.02093	0.03554	0.37296	0.29180	0.02349	0.02981	0.02853	0.02177	0.02942	0.01871	0.02650	0.01481	0.00977	0.01022	0.00326	0.01303	0.00913	0.00479	0.01353
5	0.02484	0.03320	0.18740	0.03301	0.04346	0.02582	0.24840	0.08181	0.14153	0.03774	0.02506	0.02815	0.01849	0.01041	0.01097	0.00338	0.01422	0.01056	0.00655	0.01503
6	0.01775	0.01135	0.01390	0.01275	0.01623	0.01003	0.00974	0.02173	0.02720	0.10581	0.34692	0.07870	0.24588	0.02159	0.01188	0.00330	0.00546	0.01854	0.01089	0.01034
7	0.01589	0.01146	0.01432	0.01548	0.01705	0.01134	0.01080	0.08157	0.02330	0.03111	0.05248	0.55500	0.06143	0.02962	0.01274	0.00403	0.00664	0.02663	0.00962	0.00950
8	0.06861	0.08033	0.07917	0.02977	0.08113	0.16632	0.14288	0.03353	0.02373	0.07455	0.02144	0.02883	0.01798	0.09020	0.01525	0.00389	0.01430	0.00943	0.00589	0.01278
9	0.02080	0.02170	0.04461	0.03403	0.04133	0.02044	0.35862	0.02754	0.02324	0.03125	0.03266	0.15945	0.03215	0.01612	0.01260	0.00378	0.01393	0.08696	0.00666	0.01212
10	0.01452	0.01049	0.01372	0.01291	0.01533	0.00968	0.00968	0.01937	0.02905	0.04115	0.56992	0.07666	0.09683	0.02098	0.01210	0.00323	0.00484	0.01856	0.01130	0.00968
11	0.01466	0.01100	0.01649	0.01649	0.01833	0.01283	0.01283	0.01833	0.01649	0.02382	0.02749	0.04032	0.02566	0.07697	0.59868	0.01649	0.02749	0.01100	0.00550	0.00916
12	0.02162	0.07552	0.19416	0.01927	0.02715	0.01857	0.01995	0.06901	0.02702	0.08052	0.21063	0.05029	0.11291	0.01585	0.01066	0.00317	0.00937	0.01314	0.00842	0.01277
13	0.08742	0.13574	0.02713	0.01835	0.02343	0.11661	0.01454	0.14872	0.02654	0.03474	0.02266	0.03364	0.02119	0.17746	0.06537	0.00566	0.01301	0.00942	0.00666	0.01171

[dist]
# distance from previous block
# <min> <max>
0	2

[block]
# block no. 11 follows, 14 sequences, length 29
# corresponding to MSA columns:
# 789-808,833-841
name=unknown_L
#
# <colnr> <probs for GDERKNQSTAVLIFYWHMCP>
#	G	D	E	R	K	N	Q	S	T	A	V	L	I	F	Y	W	H	M	C	P
0	0.03121	0.11823	0.06903	0.06489	0.03560	0.12859	0.06840	0.20223	0.03141	0.03988	0.01929	0.02235	0.01499	0.01104	0.01131	0.00296	0.05895	0.00821	0.00670	0.05474
1	0.01386	0.01037	0.01286	0.01243	0.01497	0.00937	0.00925	0.01800	0.02719	0.03719	0.43286	0.11620	0.20207	0.02280	0.01217	0.00334	0.00499	0.01992	0.01079	0.00937
2	0.02744	0.64552	0.05378	0.01756	0.02634	0.04061	0.01756	0.03073	0.02085	0.02414	0.01427	0.01646	0.01317	0.00878	0.00658	0.00219	0.01097	0.00549	0.00439	0.01317
3	0.02590	0.34357	0.28026	0.02263	0.03409	0.03147	0.02612	0.03295	0.02184	0.06988	0.01803	0.02009	0.01402	0.00949	0.00823	0.00272	0.01261	0.00675	0.00499	0.01435
4	0.02635	0.55129	0.13846	0.01942	0.02921	0.03794	0.02080	0.03101	0.02098	0.02547	0.01493	0.01729	0.01314	0.00893	0.00709	0.00236	0.01164	0.00582	0.00438	0.01349
5	0.01250	0.00893	0.01191	0.01429	0.01488	0.00834	0.00953	0.01429	0.01965	0.02620	0.05656	0.63265	0.06787	0.03215	0.01310	0.00417	0.00595	0.02917	0.00953	0.00834
6	0.01452	0.01049	0.01372	0.01291	0.01533	0.00968	0.00968	0.01937	0.02905	0.04115	0.56992	0.07666	0.09683	0.02098	0.01210	0.00323	0.00484	0.01856	0.01130	0.00968
7	0.02359	0.02630	0.07632	0.29908	0.05152	0.08792	0.07198	0.03615	0.15765	0.03144	0.02418	0.02871	0.01821	0.01103	0.01032	0.00334	0.01326	0.00962	0.00617	0.01321
8	0.03901	0.02874	0.03080	0.02361	0.03182	0.03182	0.01951	0.54111	0.04825	0.06468	0.02464	0.02464	0.01745	0.01232	0.01027	0.00308	0.01129	0.00924	0.01027	0.01745
9	0.01213	0.01040	0.01040	0.01040	0.01386	0.00866	0.00780	0.01473	0.02339	0.02772	0.10396	0.09876	0.57117	0.02599	0.01213	0.00347	0.00520	0.02166	0.00953	0.00866
10	0.02824	0.10226	0.15983	0.06865	0.03268	0.02207	0.02137	0.10276	0.02833	0.15875	0.13568	0.03601	0.03346	0.01296	0.01008	0.00309	0.01049	0.01052	0.00844	0.01433
11	0.01858	0.01595	0.01631	0.01664	0.01888	0.08156	0.01216	0.02418	0.09390	0.03031	0.13389	0.27634	0.05520	0.02530	0.01520	0.08141	0.00815	0.05744	0.00888	0.00971
12	0.02934	0.01799	0.02211	0.01620	0.02493	0.01414	0.01311	0.03371	0.02392	0.21222	0.02548	0.02572	0.01852	0.00926	0.00849	0.00206	0.00797	0.00746	0.00824	0.47914
13	0.04604	0.01746	0.02382	0.01826	0.02620	0.01508	0.01508	0.05001	0.02937	0.58244	0.04049	0.03493	0.02540	0.01270	0.01032	0.00318	0.00873	0.01032	0.01270	0.01746
14	0.02261	0.03339	0.21717	0.03714	0.10780	0.02376	0.22966	0.03328	0.06632	0.03345	0.02463	0.03446	0.02011	0.01129	0.01119	0.00346	0.01455	0.05566	0.00572	0.01434
15	0.02955	0.53182	0.04935	0.01890	0.02736	0.08172	0.01795	0.08833	0.02452	0.02873	0.01554	0.01753	0.01365	0.00931	0.00720	0.00233	0.01158	0.00599	0.00511	0.01355
16	0.02404	0.01815	0.02156	0.01554	0.02453	0.01384	0.01249	0.02853	0.02218	0.09456	0.02072	0.02280	0.01634	0.00817	0.00790	0.00170	0.00773	0.00655	0.00682	0.62586
17	0.20555	0.03358	0.06788	0.02125	0.02829	0.25381	0.01781	0.04007	0.02571	0.18105	0.02231	0.02273	0.01596	0.01082	0.00886	0.00297	0.01300	0.00743	0.00747	0.01346
18	0.09601	0.01764	0.02316	0.01790	0.02572	0.01568	0.01479	0.04852	0.02848	0.54218	0.03852	0.03356	0.02433	0.01246	0.01002	0.00318	0.00867	0.00996	0.01222	0.01699
19	0.03181	0.01888	0.02273	0.06428	0.02801	0.01851	0.01531	0.16994	0.03168	0.22096	0.04850	0.04632	0.15652	0.01531	0.01054	0.00312	0.00885	0.01242	0.01013	0.06619
20	0.10877	0.11875	0.41627	0.02793	0.07191	0.02579	0.03168	0.03193	0.02114	0.03326	0.01745	0.02064	0.01298	0.00957	0.00896	0.00310	0.01357	0.00717	0.00464	0.01448
21	0.02083	0.01628	0.01871	0.01670	0.02086	0.01731	0.01291	0.08891	0.20305	0.04435	0.33722	0.05837	0.06666	0.01772	0.01136	0.00329	0.00663	0.01526	0.01090	0.01268
22	0.01492	0.00995	0.01119	0.01119	0.01119	0.00995	0.00622	0.01492	0.01492	0.01990	0.03233	0.06716	0.03731	0.63935	0.05223	0.00995	0.00995	0.01492	0.00622	0.00622
23	0.01473	0.01071	0.01506	0.01506	0.01640	0.01205	0.01105	0.01741	0.01607	0.02277	0.02879	0.04755	0.02880	0.22851	0.45143	0.01473	0.02276	0.01205	0.00569	0.00837
24	0.02145	0.01886	0.03424	0.31999	0.05307	0.02040	0.15007	0.02761	0.02197	0.07147	0.02741	0.13555	0.02469	0.01394	0.01123	0.00354	0.01281	0.01352	0.00624	0.01193
25	0.01338	0.01008	0.01237	0.01257	0.01482	0.00907	0.00913	0.01686	0.02519	0.03382	0.31690	0.22011	0.21802	0.02510	0.01236	0.00352	0.00521	0.02202	0.01038	0.00907
26	0.03025	0.02443	0.02405	0.01956	0.02600	0.07011	0.01574	0.33011	0.03864	0.04950	0.04963	0.04816	0.19653	0.01661	0.01079	0.00317	0.00990	0.01305	0.00962	0.01416
27	0.02351	0.07639	0.02525	0.02003	0.02384	0.02357	0.01591	0.12746	0.13880	0.03670	0.03574	0.22440	0.03572	0.01980	0.01505	0.00369	0.11708	0.01584	0.00850	0.01273
28	0.11564	0.02013	0.02398	0.01917	0.02649	0.01999	0.01592	0.17211	0.03240	0.33822	0.03474	0.03766	0.02485	0.01369	0.01022	0.00329	0.00937	0.05505	0.01107	0.01602

[dist]
# distance from previous block
# <min> <max>
2	6

[block]
# block no. 12 follows, 14 sequences, length 10
# corresponding to MSA columns:
# 857-866
name=unknown_M
#
# <colnr> <probs for GDERKNQSTAVLIFYWHMCP>
#	G	D	E	R	K	N	Q	S	T	A	V	L	I	F	Y	W	H	M	C	P
0	0.01856	0.02054	0.09794	0.11909	0.03301	0.01667	0.05007	0.02700	0.07159	0.03616	0.25400	0.04768	0.05064	0.01462	0.01077	0.00309	0.00911	0.01293	0.00813	0.09839
1	0.02906	0.02001	0.02669	0.02763	0.13268	0.02054	0.01849	0.13816	0.07182	0.13981	0.02807	0.03134	0.02163	0.02722	0.15321	0.00625	0.01435	0.00977	0.00819	0.07509
2	0.02371	0.01324	0.01756	0.01567	0.02011	0.01186	0.01265	0.02827	0.02739	0.17916	0.28285	0.06858	0.06368	0.01909	0.01165	0.00336	0.00700	0.11071	0.01084	0.07263
3	0.20912	0.18382	0.03160	0.07271	0.03076	0.26230	0.01777	0.03437	0.02330	0.03042	0.01527	0.01831	0.01270	0.00984	0.00794	0.00274	0.01350	0.00628	0.00528	0.01196
4	0.10280	0.23015	0.11897	0.08768	0.03294	0.02745	0.02037	0.07302	0.02456	0.10285	0.06817	0.02678	0.02219	0.01103	0.00871	0.00289	0.01080	0.00829	0.00674	0.01362
5	0.01250	0.00893	0.01191	0.01429	0.01488	0.00834	0.00953	0.01429	0.01965	0.02620	0.05656	0.63265	0.06787	0.03215	0.01310	0.00417	0.00595	0.02917	0.00953	0.00834
6	0.01301	0.00929	0.01249	0.01487	0.01568	0.00877	0.01041	0.01516	0.02015	0.02676	0.05628	0.56781	0.06677	0.03167	0.01323	0.00424	0.00639	0.08902	0.00952	0.00848
7	0.08728	0.07146	0.15773	0.09721	0.03768	0.02264	0.05553	0.08201	0.02627	0.22415	0.02605	0.02682	0.01776	0.01090	0.00971	0.00316	0.01169	0.00884	0.00798	0.01513
8	0.02828	0.09379	0.03916	0.12745	0.28594	0.11593	0.05596	0.03362	0.02409	0.07141	0.01974	0.02448	0.01572	0.00973	0.00977	0.00298	0.01331	0.00861	0.00554	0.01448
9	0.01306	0.00949	0.01255	0.01413	0.01511	0.00929	0.00971	0.01509	0.01898	0.02537	0.05297	0.44069	0.09574	0.08980	0.12012	0.00678	0.01005	0.02421	0.00854	0.00833

[dist]
# distance from previous block
# <min> <max>
1	4

[block]
# block no. 13 follows, 14 sequences, length 10
# corresponding to MSA columns:
# 871-880
name=unknown_N
#
# <colnr> <probs for GDERKNQSTAVLIFYWHMCP>
#	G	D	E	R	K	N	Q	S	T	A	V	L	I	F	Y	W	H	M	C	P
0	0.19238	0.01620	0.01927	0.02120	0.08395	0.01697	0.01464	0.02933	0.08179	0.08251	0.11518	0.14075	0.04341	0.01808	0.01056	0.00357	0.00795	0.08149	0.00884	0.01192
1	0.02322	0.06186	0.02477	0.08199	0.02973	0.01666	0.01455	0.02791	0.02173	0.07021	0.01951	0.02257	0.01560	0.00833	0.00801	0.00189	0.00859	0.00667	0.00625	0.52994
2	0.01448	0.01070	0.01377	0.01512	0.01673	0.01048	0.01095	0.01955	0.06831	0.03105	0.15421	0.41428	0.06929	0.02798	0.01280	0.00399	0.00633	0.08065	0.00994	0.00941
3	0.01416	0.01010	0.01371	0.01575	0.01697	0.00991	0.01184	0.01692	0.02041	0.02708	0.05207	0.38036	0.05983	0.07684	0.05747	0.00563	0.00891	0.18445	0.00898	0.00861
4	0.01250	0.00893	0.01191	0.01429	0.01488	0.00834	0.00953	0.01429	0.01965	0.02620	0.05656	0.63265	0.06787	0.03215	0.01310	0.00417	0.00595	0.02917	0.00953	0.00834
5	0.01250	0.00893	0.01191	0.01429	0.01488	0.00834	0.00953	0.01429	0.01965	0.02620	0.05656	0.63265	0.06787	0.03215	0.01310	0.00417	0.00595	0.02917	0.00953	0.00834
6	0.01783	0.00891	0.01337	0.01337	0.01337	0.00891	0.00891	0.01337	0.01337	0.01783	0.01783	0.03119	0.01783	0.03565	0.04011	0.70143	0.00891	0.00891	0.00446	0.00446
7	0.71184	0.01985	0.01508	0.01350	0.01985	0.02302	0.01111	0.03017	0.01746	0.04604	0.01429	0.01667	0.01111	0.00953	0.00635	0.00318	0.00794	0.00556	0.00635	0.01111
8	0.02704	0.17443	0.34461	0.02483	0.03701	0.02734	0.02884	0.09048	0.02532	0.09770	0.02075	0.02240	0.01496	0.01017	0.00919	0.00299	0.01309	0.00763	0.00597	0.01525
9	0.02752	0.09850	0.04178	0.04780	0.35189	0.07425	0.07092	0.06786	0.05820	0.03436	0.02031	0.02474	0.01660	0.00968	0.00987	0.00298	0.01270	0.00893	0.00571	0.01541

[dist]
# distance from previous block
# <min> <max>
3	14

[block]
# block no. 14 follows, 14 sequences, length 9
# corresponding to MSA columns:
# 895-903
name=unknown_O
#
# <colnr> <probs for GDERKNQSTAVLIFYWHMCP>
#	G	D	E	R	K	N	Q	S	T	A	V	L	I	F	Y	W	H	M	C	P
0	0.01422	0.01108	0.01383	0.01413	0.01691	0.01008	0.01049	0.01710	0.02064	0.02754	0.05883	0.28608	0.18072	0.03384	0.10109	0.00555	0.00953	0.05904	0.00845	0.10086
1	0.02239	0.01629	0.02579	0.03212	0.20375	0.01695	0.01931	0.02690	0.02048	0.10130	0.02651	0.03466	0.02251	0.04597	0.32565	0.01027	0.01993	0.01029	0.00632	0.01261
2	0.02128	0.01824	0.02128	0.01520	0.02432	0.01368	0.01216	0.02584	0.02128	0.03344	0.01824	0.02128	0.01520	0.00760	0.00760	0.00152	0.00760	0.00608	0.00608	0.70208
3	0.03364	0.08032	0.10751	0.07098	0.03740	0.09529	0.07455	0.20826	0.03285	0.12491	0.02347	0.02495	0.01675	0.01102	0.00998	0.00306	0.01305	0.00886	0.00784	0.01532
4	0.04604	0.01746	0.02382	0.01826	0.02620	0.01508	0.01508	0.05001	0.02937	0.58244	0.04049	0.03493	0.02540	0.01270	0.01032	0.00318	0.00873	0.01032	0.01270	0.01746
5	0.02098	0.16627	0.06835	0.02284	0.06900	0.02263	0.05700	0.02943	0.09821	0.03348	0.17408	0.07960	0.04327	0.01888	0.04863	0.00395	0.01052	0.01275	0.00764	0.01250
6	0.01821	0.01498	0.02417	0.15642	0.14917	0.01652	0.01943	0.02183	0.01876	0.02589	0.02537	0.09326	0.02426	0.03770	0.20927	0.10053	0.01651	0.01176	0.00547	0.01047
7	0.02790	0.01776	0.02408	0.10134	0.08531	0.01824	0.01748	0.07013	0.10882	0.18290	0.18412	0.04456	0.04346	0.01451	0.01081	0.00325	0.00872	0.01249	0.00994	0.01415
8	0.20890	0.15388	0.02501	0.01509	0.02186	0.02114	0.01258	0.02602	0.01986	0.03354	0.02315	0.12827	0.02306	0.01277	0.00802	0.00259	0.00813	0.00994	0.00640	0.23979

[dist]
# distance from previous block
# <min> <max>
0	28

[block]
# block no. 15 follows, 14 sequences, length 10
# corresponding to MSA columns:
# 932-941
name=unknown_P
#
# <colnr> <probs for GDERKNQSTAVLIFYWHMCP>
#	G	D	E	R	K	N	Q	S	T	A	V	L	I	F	Y	W	H	M	C	P
0	0.02804	0.02224	0.03477	0.02782	0.03140	0.02682	0.11018	0.03178	0.02025	0.15105	0.02079	0.02615	0.01651	0.01517	0.02471	0.00402	0.37894	0.00982	0.00645	0.01308
1	0.02590	0.51282	0.17303	0.02018	0.03039	0.03685	0.02212	0.03113	0.02103	0.02602	0.01520	0.01763	0.01313	0.00900	0.00729	0.00243	0.01191	0.00596	0.00438	0.01362
