[name]
unknown

[dist]
# distance from previous block
# <min> <max>
8	290

[block]
# block no. 0 follows, 12 sequences, length 33
# corresponding to MSA columns:
# 385-417
name=unknown_A
#
# <colnr> <probs for GDERKNQSTAVLIFYWHMCP>
#	G	D	E	R	K	N	Q	S	T	A	V	L	I	F	Y	W	H	M	C	P
0	0.03476	0.01589	0.02141	0.01781	0.02397	0.01407	0.01412	0.03871	0.02730	0.32933	0.08107	0.12799	0.03892	0.02447	0.07385	0.00496	0.01061	0.01441	0.01138	0.07497
1	0.02906	0.07255	0.04191	0.03199	0.07425	0.02633	0.18459	0.13852	0.06346	0.07390	0.07911	0.03938	0.06759	0.01333	0.01160	0.00341	0.01270	0.01268	0.00839	0.01523
2	0.01571	0.01164	0.01463	0.06427	0.01958	0.01150	0.01033	0.01866	0.02321	0.03128	0.23250	0.07596	0.13064	0.26027	0.02978	0.00634	0.00821	0.01773	0.00894	0.00883
3	0.03341	0.02395	0.03082	0.08030	0.11037	0.02643	0.02187	0.13993	0.16810	0.14586	0.03194	0.03245	0.02330	0.01348	0.01321	0.00357	0.06394	0.01068	0.00955	0.01683
4	0.01345	0.00977	0.01269	0.01470	0.01576	0.00902	0.00998	0.01571	0.02212	0.02941	0.10818	0.51869	0.11524	0.03252	0.01373	0.00427	0.00615	0.02929	0.01029	0.00902
5	0.01451	0.01106	0.01301	0.01255	0.01531	0.00991	0.00920	0.01830	0.02726	0.03633	0.33466	0.08938	0.26341	0.07752	0.01669	0.00416	0.00577	0.02061	0.01081	0.00955
6	0.02630	0.01861	0.01944	0.01728	0.02222	0.02060	0.01350	0.11336	0.23012	0.04696	0.03766	0.03844	0.02864	0.01360	0.00952	0.00312	0.00757	0.01098	0.30782	0.01430
7	0.02397	0.02143	0.03361	0.47151	0.10642	0.02568	0.02921	0.09527	0.02611	0.03411	0.02041	0.02851	0.01530	0.01111	0.01089	0.00355	0.01406	0.00971	0.00573	0.01340
8	0.54216	0.02149	0.01820	0.01577	0.02241	0.02447	0.01290	0.09740	0.02419	0.05119	0.06456	0.02466	0.02100	0.01163	0.00788	0.00336	0.00863	0.00770	0.00780	0.01260
9	0.06566	0.02579	0.09295	0.03413	0.14622	0.02143	0.10379	0.03435	0.06147	0.07944	0.09589	0.03504	0.03002	0.01187	0.01075	0.00316	0.01151	0.01100	0.00754	0.11799
10	0.01346	0.00991	0.01262	0.01438	0.01570	0.00907	0.00986	0.01585	0.02260	0.02985	0.12152	0.47334	0.14817	0.03183	0.01364	0.00420	0.00607	0.02852	0.01033	0.00907
11	0.01434	0.01026	0.01382	0.01606	0.01724	0.00973	0.01166	0.01716	0.02259	0.03017	0.10086	0.46519	0.07283	0.03232	0.01406	0.00446	0.00698	0.12079	0.01027	0.00922
12	0.02785	0.02408	0.03323	0.02805	0.09019	0.02205	0.08712	0.14017	0.02986	0.04305	0.02144	0.02487	0.01688	0.00956	0.00970	0.00247	0.01097	0.00850	0.00723	0.36273
13	0.30060	0.02489	0.02647	0.02166	0.02914	0.02791	0.05445	0.16975	0.15279	0.05242	0.02586	0.02655	0.01926	0.01200	0.00942	0.00345	0.01023	0.00909	0.00885	0.01521
14	0.02466	0.02257	0.03011	0.02607	0.02737	0.02968	0.02131	0.09173	0.02212	0.03236	0.02299	0.11429	0.02379	0.02057	0.02898	0.00451	0.42519	0.01288	0.00644	0.01237
15	0.10774	0.02342	0.02398	0.01966	0.02730	0.07022	0.01565	0.04538	0.16697	0.18987	0.03252	0.03105	0.02341	0.01204	0.00977	0.00301	0.00967	0.00939	0.00975	0.16920
16	0.03017	0.02392	0.03232	0.03037	0.12583	0.02276	0.05769	0.13444	0.07025	0.08767	0.02522	0.02736	0.01917	0.01050	0.01002	0.00273	0.01073	0.00910	0.00808	0.26164
17	0.02563	0.02371	0.03214	0.10253	0.03724	0.07116	0.08771	0.11475	0.02635	0.03507	0.02321	0.03149	0.01955	0.03502	0.19546	0.00813	0.10101	0.01054	0.00641	0.01289
18	0.03537	0.01642	0.02132	0.01750	0.02380	0.01493	0.01402	0.04201	0.07319	0.33553	0.18498	0.05429	0.08426	0.01700	0.01163	0.00344	0.00783	0.01432	0.01265	0.01553
19	0.02130	0.02077	0.03708	0.51533	0.07259	0.02469	0.09647	0.02884	0.02235	0.02884	0.01975	0.02912	0.01481	0.01066	0.01117	0.00364	0.01507	0.01013	0.00494	0.01247
20	0.02711	0.03237	0.09146	0.24844	0.12291	0.14948	0.02795	0.03710	0.09454	0.03188	0.02244	0.02757	0.01732	0.01129	0.01061	0.00338	0.01483	0.00927	0.00594	0.01412
21	0.02618	0.01684	0.02121	0.02214	0.08021	0.01633	0.01506	0.03532	0.12882	0.16143	0.06353	0.13707	0.18962	0.02048	0.01196	0.00367	0.00801	0.01753	0.01062	0.01397
22	0.01524	0.01061	0.01224	0.01235	0.01317	0.01023	0.00762	0.01643	0.01940	0.02582	0.11609	0.12469	0.10747	0.41621	0.04109	0.00826	0.00887	0.01855	0.00807	0.00761
23	0.10924	0.01247	0.01589	0.09459	0.02474	0.01316	0.01314	0.01929	0.02068	0.03078	0.04820	0.44686	0.05574	0.02759	0.01250	0.00417	0.00775	0.02455	0.00892	0.00972
24	0.02688	0.07709	0.07632	0.23167	0.04869	0.06363	0.05503	0.03300	0.02364	0.08838	0.02130	0.02649	0.01614	0.01106	0.01187	0.00319	0.05387	0.00888	0.00611	0.11676
25	0.01867	0.01268	0.01838	0.01718	0.02038	0.01152	0.05027	0.02226	0.02524	0.09098	0.17182	0.30890	0.13621	0.02626	0.01312	0.00392	0.00723	0.02364	0.01056	0.01077
26	0.01934	0.01133	0.01462	0.01525	0.01695	0.01067	0.01059	0.02129	0.02123	0.09937	0.05007	0.33107	0.05564	0.19969	0.02565	0.00611	0.00830	0.06363	0.00956	0.00965
27	0.03381	0.06157	0.03547	0.13605	0.16912	0.02644	0.02464	0.13146	0.03030	0.16265	0.02598	0.02878	0.01892	0.01212	0.01237	0.00340	0.05263	0.00977	0.00821	0.01632
28	0.02953	0.11806	0.29719	0.02482	0.03672	0.02528	0.02819	0.07783	0.02687	0.13635	0.02545	0.02682	0.01802	0.01126	0.00983	0.00319	0.01288	0.00866	0.06708	0.01597
29	0.02641	0.02005	0.03157	0.46287	0.06492	0.02366	0.02742	0.06638	0.02535	0.11154	0.02348	0.03009	0.01672	0.01145	0.01091	0.00357	0.01355	0.00989	0.00660	0.01356
30	0.47580	0.10762	0.02469	0.06232	0.02774	0.08800	0.01525	0.03308	0.02068	0.04156	0.01570	0.01880	0.01258	0.01020	0.00746	0.00319	0.01061	0.00632	0.00618	0.01223
31	0.01851	0.01374	0.01600	0.01449	0.01787	0.01333	0.01087	0.08693	0.03067	0.04148	0.31850	0.07793	0.18275	0.08829	0.01734	0.00426	0.00678	0.01866	0.01083	0.01078
32	0.02859	0.07098	0.16919	0.06893	0.06669	0.02148	0.02374	0.03547	0.02519	0.16150	0.06856	0.03391	0.02638	0.01285	0.01168	0.00331	0.04622	0.01015	0.10041	0.01478

[dist]
# distance from previous block
# <min> <max>
5	8

[block]
# block no. 1 follows, 12 sequences, length 18
# corresponding to MSA columns:
# 426-443
name=unknown_B
#
# <colnr> <probs for GDERKNQSTAVLIFYWHMCP>
#	G	D	E	R	K	N	Q	S	T	A	V	L	I	F	Y	W	H	M	C	P
0	0.49374	0.02625	0.11347	0.01727	0.02521	0.02295	0.01674	0.03115	0.02080	0.04573	0.07789	0.02614	0.02285	0.01159	0.00811	0.00339	0.00943	0.00791	0.00698	0.01240
1	0.01866	0.01186	0.01561	0.01427	0.01740	0.01084	0.01084	0.02372	0.03090	0.09320	0.49478	0.07717	0.09556	0.02144	0.01268	0.00342	0.00554	0.01887	0.01215	0.01109
2	0.02442	0.02511	0.10763	0.03440	0.15969	0.02026	0.07995	0.03349	0.06894	0.08585	0.19088	0.04609	0.04614	0.01451	0.01167	0.00343	0.01087	0.01336	0.00860	0.01470
3	0.03176	0.08268	0.18827	0.02379	0.03380	0.02566	0.02408	0.15707	0.07054	0.13596	0.08825	0.03401	0.02924	0.01324	0.01067	0.00332	0.01166	0.01051	0.00910	0.01638
4	0.02040	0.01211	0.01602	0.01477	0.01803	0.01101	0.01116	0.02502	0.02975	0.12173	0.40848	0.13650	0.08745	0.02231	0.01269	0.00354	0.00593	0.01968	0.01201	0.01141
5	0.13680	0.02564	0.11653	0.07045	0.03589	0.02009	0.09097	0.03299	0.02441	0.11833	0.07619	0.07259	0.02896	0.01324	0.01049	0.00333	0.01128	0.01154	0.00782	0.09245
6	0.02655	0.09758	0.11570	0.02907	0.11216	0.02241	0.05865	0.03295	0.02397	0.08126	0.02143	0.02457	0.01672	0.00940	0.00934	0.00254	0.01136	0.00802	0.00637	0.28995
7	0.41774	0.07212	0.02446	0.08419	0.03030	0.02661	0.01612	0.09991	0.02478	0.08764	0.01941	0.02174	0.01445	0.01083	0.00817	0.00330	0.00998	0.00729	0.00746	0.01350
8	0.03010	0.03186	0.16635	0.08151	0.12185	0.02460	0.07077	0.12585	0.02943	0.11553	0.02578	0.03128	0.01956	0.05992	0.01452	0.00398	0.01346	0.01028	0.00749	0.01588
9	0.01379	0.00988	0.01310	0.01484	0.01593	0.00919	0.01016	0.01644	0.02321	0.03155	0.17304	0.48615	0.07931	0.03138	0.01367	0.00419	0.00605	0.02836	0.01056	0.00919
10	0.01960	0.01861	0.06511	0.06572	0.02686	0.01671	0.01632	0.06265	0.10611	0.03983	0.22100	0.19130	0.06340	0.02140	0.01233	0.00372	0.00819	0.01878	0.01009	0.01227
11	0.01328	0.00949	0.01265	0.01518	0.01581	0.00886	0.01012	0.01518	0.02088	0.02783	0.06010	0.60969	0.07212	0.03416	0.01392	0.00443	0.00633	0.03100	0.01012	0.00886
12	0.08467	0.08412	0.15739	0.12663	0.04307	0.02497	0.06412	0.07154	0.02675	0.17516	0.02570	0.02767	0.01786	0.01128	0.01027	0.00336	0.01289	0.00926	0.00771	0.01557
13	0.03750	0.22103	0.04057	0.02302	0.03194	0.03681	0.02006	0.35827	0.04191	0.05488	0.02264	0.02339	0.01708	0.01188	0.00965	0.00297	0.01189	0.00854	0.00890	0.01708
14	0.69383	0.02109	0.01603	0.01434	0.02109	0.02446	0.01181	0.03205	0.01856	0.04892	0.01518	0.01771	0.01181	0.01012	0.00675	0.00337	0.00843	0.00590	0.00675	0.01181
15	0.02864	0.08150	0.03990	0.27133	0.09119	0.02767	0.09623	0.11703	0.02859	0.08020	0.02260	0.02801	0.01671	0.01101	0.01081	0.00340	0.01382	0.00991	0.00675	0.01471
16	0.02582	0.02036	0.03007	0.12625	0.19634	0.02128	0.02273	0.07348	0.06892	0.08335	0.16877	0.04421	0.04264	0.01438	0.01143	0.00341	0.01033	0.01279	0.00873	0.01472
17	0.01471	0.01442	0.06228	0.01540	0.01826	0.01086	0.01232	0.01827	0.02347	0.03168	0.17041	0.31782	0.14011	0.07813	0.01676	0.00453	0.00719	0.02392	0.00975	0.00969

[dist]
# distance from previous block
# <min> <max>
0	1

[block]
# block no. 2 follows, 12 sequences, length 21
# corresponding to MSA columns:
# 445-465
name=unknown_C
#
# <colnr> <probs for GDERKNQSTAVLIFYWHMCP>
#	G	D	E	R	K	N	Q	S	T	A	V	L	I	F	Y	W	H	M	C	P
0	0.11479	0.06246	0.07801	0.02027	0.02956	0.02405	0.01811	0.14164	0.07267	0.08748	0.02421	0.02525	0.01814	0.01077	0.00919	0.00275	0.01013	0.00812	0.00817	0.23422
1	0.02754	0.01483	0.02109	0.01765	0.02151	0.01403	0.05099	0.03004	0.02188	0.19922	0.03573	0.05398	0.03243	0.31824	0.08619	0.00829	0.01253	0.01361	0.00872	0.01150
2	0.03173	0.49618	0.05130	0.02076	0.02926	0.16110	0.01919	0.03507	0.02410	0.02588	0.01554	0.01797	0.01400	0.00975	0.00763	0.00244	0.01344	0.00610	0.00488	0.01369
3	0.02187	0.05640	0.56031	0.03108	0.04719	0.02532	0.04029	0.03453	0.02302	0.03453	0.01957	0.02302	0.01381	0.01036	0.01036	0.00345	0.01611	0.00806	0.00460	0.01611
4	0.02192	0.01106	0.01224	0.01158	0.01464	0.01069	0.00881	0.02693	0.02499	0.08547	0.12582	0.04755	0.04110	0.01446	0.00883	0.00277	0.00545	0.01192	0.50285	0.01091
5	0.01343	0.01021	0.01237	0.01363	0.01552	0.00915	0.00954	0.01602	0.02345	0.03038	0.13796	0.37617	0.23182	0.03050	0.01344	0.00406	0.00591	0.02693	0.01036	0.00915
6	0.01894	0.00947	0.01420	0.01420	0.01420	0.00947	0.00947	0.01420	0.01420	0.01894	0.01894	0.03314	0.01894	0.03788	0.04261	0.68277	0.00947	0.00947	0.00473	0.00473
7	0.02242	0.01266	0.01291	0.01215	0.01542	0.01317	0.00931	0.06502	0.06073	0.04315	0.03547	0.03954	0.02760	0.01288	0.00812	0.00268	0.00586	0.01029	0.57930	0.01130
8	0.02712	0.02342	0.02465	0.02219	0.02835	0.02712	0.01726	0.05794	0.52909	0.04561	0.04438	0.04068	0.03328	0.01479	0.01109	0.00370	0.00863	0.01233	0.01109	0.01726
9	0.02806	0.10573	0.09680	0.03888	0.04983	0.02829	0.36547	0.03632	0.02559	0.08286	0.02297	0.02815	0.01700	0.00970	0.01176	0.00346	0.01650	0.01144	0.00609	0.01508
10	0.04892	0.01856	0.02530	0.01940	0.02783	0.01603	0.01603	0.05314	0.03121	0.55634	0.04302	0.03711	0.02699	0.01350	0.01096	0.00337	0.00928	0.01096	0.01350	0.01856
11	0.19825	0.02322	0.02705	0.02573	0.09365	0.02431	0.01838	0.14789	0.07871	0.21140	0.02983	0.02905	0.02081	0.01223	0.00992	0.00336	0.01008	0.00946	0.01004	0.01664
12	0.04003	0.01883	0.02439	0.01830	0.02716	0.01552	0.01498	0.04446	0.02830	0.38027	0.03503	0.03221	0.02333	0.01166	0.00999	0.00278	0.00887	0.00944	0.01112	0.24334
13	0.03783	0.02190	0.03642	0.02674	0.03614	0.01920	0.16147	0.04362	0.02821	0.31841	0.03302	0.03250	0.02216	0.01135	0.01106	0.00318	0.01178	0.01080	0.01000	0.12418
14	0.08526	0.02329	0.03078	0.03336	0.17786	0.02306	0.02113	0.11504	0.07310	0.17337	0.02853	0.02925	0.02071	0.01143	0.01019	0.00310	0.01047	0.00952	0.00904	0.11153
15	0.01894	0.00947	0.01420	0.01420	0.01420	0.00947	0.00947	0.01420	0.01420	0.01894	0.01894	0.03314	0.01894	0.03788	0.04261	0.68277	0.00947	0.00947	0.00473	0.00473
16	0.01486	0.01116	0.01434	0.01535	0.01751	0.00982	0.01059	0.01726	0.02117	0.02914	0.05321	0.51041	0.06265	0.02975	0.01293	0.00395	0.00662	0.02685	0.00950	0.12294
17	0.14566	0.01999	0.02822	0.22919	0.09364	0.02136	0.02213	0.03857	0.02506	0.22998	0.02763	0.02996	0.01900	0.01163	0.01021	0.00345	0.01138	0.00953	0.00846	0.01497
18	0.07860	0.19230	0.26873	0.07812	0.04036	0.02998	0.02854	0.03618	0.08650	0.03418	0.02120	0.02397	0.01623	0.01069	0.00934	0.00321	0.01325	0.00800	0.00564	0.01499
19	0.03557	0.02902	0.02822	0.02367	0.03083	0.09764	0.01880	0.20887	0.26149	0.09550	0.03464	0.03282	0.02533	0.01365	0.01086	0.00341	0.01122	0.01069	0.01055	0.01722
20	0.50206	0.02176	0.01851	0.01660	0.02318	0.02523	0.01338	0.03950	0.16540	0.04797	0.02358	0.02432	0.01799	0.01147	0.00800	0.00347	0.00849	0.00775	0.00800	0.01338

[dist]
# distance from previous block
# <min> <max>
1	3

[block]
# block no. 3 follows, 12 sequences, length 16
# corresponding to MSA columns:
# 469-484
name=unknown_D
#
# <colnr> <probs for GDERKNQSTAVLIFYWHMCP>
#	G	D	E	R	K	N	Q	S	T	A	V	L	I	F	Y	W	H	M	C	P
0	0.01893	0.02141	0.10639	0.01968	0.02466	0.01701	0.01717	0.03131	0.16972	0.03568	0.09706	0.29536	0.05433	0.02344	0.01241	0.00396	0.00849	0.02068	0.00968	0.01263
1	0.09648	0.39870	0.04467	0.01989	0.02802	0.09976	0.01802	0.03800	0.10617	0.03138	0.02016	0.02158	0.01695	0.01053	0.00797	0.00272	0.01176	0.00704	0.00604	0.01416
2	0.03041	0.13981	0.21025	0.08696	0.09188	0.02821	0.02832	0.10468	0.02821	0.11601	0.02335	0.02564	0.01693	0.01103	0.01004	0.00322	0.01323	0.00869	0.00696	0.01616
3	0.07936	0.22744	0.03868	0.06901	0.09201	0.15701	0.02096	0.03625	0.02536	0.08353	0.02241	0.02960	0.01912	0.01192	0.00936	0.00302	0.01330	0.04132	0.00642	0.01394
4	0.69383	0.02109	0.01603	0.01434	0.02109	0.02446	0.01181	0.03205	0.01856	0.04892	0.01518	0.01771	0.01181	0.01012	0.00675	0.00337	0.00843	0.00590	0.00675	0.01181
5	0.01586	0.01057	0.01189	0.01189	0.01189	0.01057	0.00661	0.01586	0.01586	0.02114	0.03436	0.07135	0.03964	0.61681	0.05550	0.01057	0.01057	0.01586	0.00661	0.00661
6	0.01337	0.01032	0.01222	0.01332	0.01542	0.00916	0.00939	0.01599	0.02366	0.03033	0.13641	0.34216	0.26896	0.03011	0.01337	0.00401	0.00586	0.02643	0.01034	0.00916
7	0.03348	0.02608	0.06878	0.06794	0.07921	0.08379	0.02069	0.08758	0.06151	0.19456	0.03568	0.13009	0.02997	0.01605	0.01128	0.00351	0.01146	0.01349	0.00952	0.01534
8	0.01429	0.01110	0.01299	0.01252	0.01559	0.00980	0.00939	0.01837	0.02817	0.03733	0.34905	0.09198	0.30087	0.02468	0.01287	0.00354	0.00531	0.02120	0.01116	0.00980
9	0.03537	0.23668	0.04131	0.02917	0.09122	0.28530	0.02167	0.08115	0.02914	0.03117	0.01756	0.02038	0.01481	0.01059	0.00910	0.00274	0.01554	0.00719	0.00575	0.01416
10	0.03249	0.13800	0.24746	0.02375	0.03555	0.02434	0.02607	0.04005	0.02566	0.21260	0.02686	0.02688	0.01856	0.01108	0.00981	0.00309	0.01236	0.00855	0.00782	0.06902
11	0.02222	0.01749	0.02166	0.01925	0.02347	0.01919	0.04985	0.03751	0.23513	0.03705	0.03718	0.04497	0.03109	0.11841	0.09814	0.00653	0.01190	0.01239	0.14370	0.01288
12	0.01328	0.00949	0.01265	0.01518	0.01581	0.00886	0.01012	0.01518	0.02088	0.02783	0.06010	0.60969	0.07212	0.03416	0.01392	0.00443	0.00633	0.03100	0.01012	0.00886
13	0.02292	0.03851	0.26666	0.16486	0.05701	0.02585	0.20096	0.03313	0.02368	0.03313	0.02039	0.02663	0.01493	0.01008	0.01136	0.00357	0.01654	0.01010	0.00498	0.01470
14	0.04041	0.02758	0.03004	0.02323	0.03140	0.02998	0.01913	0.42399	0.04679	0.11609	0.02870	0.02853	0.02021	0.01310	0.01063	0.00322	0.01113	0.00996	0.06805	0.01783
15	0.02829	0.36984	0.04341	0.02015	0.02814	0.03637	0.01807	0.04334	0.23638	0.03409	0.02751	0.02729	0.02214	0.01164	0.00873	0.00291	0.01038	0.00858	0.00738	0.01537

[dist]
# distance from previous block
# <min> <max>
4	29

[block]
# block no. 4 follows, 12 sequences, length 33
# corresponding to MSA columns:
# 514-546
name=unknown_E
#
# <colnr> <probs for GDERKNQSTAVLIFYWHMCP>
#	G	D	E	R	K	N	Q	S	T	A	V	L	I	F	Y	W	H	M	C	P
0	0.02737	0.03262	0.14516	0.03852	0.04974	0.02604	0.33190	0.03878	0.07408	0.08514	0.02574	0.03008	0.01865	0.01034	0.01207	0.00361	0.01618	0.01178	0.00664	0.01557
1	0.69383	0.02109	0.01603	0.01434	0.02109	0.02446	0.01181	0.03205	0.01856	0.04892	0.01518	0.01771	0.01181	0.01012	0.00675	0.00337	0.00843	0.00590	0.00675	0.01181
2	0.02261	0.01938	0.02261	0.01615	0.02584	0.01453	0.01292	0.02745	0.02261	0.03553	0.01938	0.02261	0.01615	0.00807	0.00807	0.00161	0.00807	0.00646	0.00646	0.68346
3	0.02261	0.01938	0.02261	0.01615	0.02584	0.01453	0.01292	0.02745	0.02261	0.03553	0.01938	0.02261	0.01615	0.00807	0.00807	0.00161	0.00807	0.00646	0.00646	0.68346
4	0.01328	0.00949	0.01265	0.01518	0.01581	0.00886	0.01012	0.01518	0.02088	0.02783	0.06010	0.60969	0.07212	0.03416	0.01392	0.00443	0.00633	0.03100	0.01012	0.00886
5	0.04372	0.10031	0.03073	0.02046	0.02835	0.02231	0.01735	0.08106	0.03026	0.40791	0.03578	0.03265	0.02363	0.01337	0.01245	0.00334	0.05743	0.01008	0.01143	0.01741
6	0.02804	0.18490	0.22626	0.03002	0.10389	0.02874	0.02784	0.07464	0.02574	0.08357	0.02214	0.02539	0.01706	0.01643	0.05612	0.00428	0.01467	0.00844	0.00619	0.01564
7	0.04073	0.05197	0.03090	0.02809	0.03371	0.57303	0.02107	0.04354	0.03090	0.02669	0.01685	0.01966	0.01404	0.01124	0.00983	0.00281	0.01966	0.00702	0.00562	0.01264
8	0.01328	0.00949	0.01265	0.01518	0.01581	0.00886	0.01012	0.01518	0.02088	0.02783	0.06010	0.60969	0.07212	0.03416	0.01392	0.00443	0.00633	0.03100	0.01012	0.00886
9	0.02108	0.02034	0.03574	0.53833	0.07336	0.02455	0.07624	0.02854	0.02218	0.02854	0.01964	0.02910	0.01473	0.01074	0.01109	0.00364	0.01490	0.00999	0.00491	0.01236
10	0.02828	0.01959	0.03084	0.38871	0.05839	0.02296	0.02596	0.03429	0.02377	0.16538	0.02506	0.03067	0.01776	0.01235	0.01327	0.00367	0.06817	0.01001	0.00709	0.01377
11	0.02593	0.01572	0.02165	0.12752	0.03130	0.01653	0.01613	0.06803	0.02451	0.14987	0.03630	0.13750	0.03375	0.13423	0.10489	0.00702	0.01328	0.01496	0.00866	0.01222
12	0.01416	0.00972	0.01261	0.01457	0.01557	0.00912	0.00990	0.01668	0.02205	0.03060	0.10532	0.50415	0.07099	0.03097	0.01322	0.00415	0.00609	0.02793	0.07311	0.00912
13	0.02112	0.02008	0.06578	0.07314	0.02897	0.01884	0.01740	0.07813	0.15207	0.03836	0.09105	0.25646	0.04972	0.02194	0.01223	0.00388	0.00894	0.01925	0.00966	0.01296
14	0.56906	0.02178	0.01854	0.01587	0.02297	0.02459	0.01308	0.08131	0.02296	0.09852	0.01888	0.02037	0.01390	0.01073	0.00755	0.00336	0.00886	0.00676	0.00779	0.01310
15	0.02144	0.04064	0.32908	0.13277	0.05076	0.02388	0.11332	0.03149	0.02304	0.03274	0.02394	0.08291	0.02013	0.01261	0.01122	0.00362	0.01524	0.01141	0.00534	0.01445
16	0.03057	0.02573	0.03118	0.02611	0.07355	0.07263	0.06577	0.11265	0.02942	0.08932	0.02285	0.02532	0.01750	0.00995	0.00967	0.00250	0.01134	0.00839	0.00760	0.32796
17	0.01349	0.00964	0.01283	0.01504	0.01586	0.00899	0.01014	0.01569	0.02182	0.02933	0.10555	0.55997	0.07501	0.03304	0.01382	0.00433	0.00621	0.02994	0.01030	0.00899
18	0.02040	0.01971	0.03671	0.18451	0.04657	0.02009	0.18744	0.02753	0.02659	0.03631	0.21885	0.04905	0.04872	0.01463	0.01232	0.00357	0.01230	0.01459	0.00779	0.01231
19	0.02396	0.15133	0.06814	0.01775	0.02781	0.02143	0.01609	0.02907	0.02254	0.03334	0.01849	0.02154	0.01552	0.00851	0.00801	0.00190	0.00941	0.00644	0.00594	0.49279
20	0.01644	0.01036	0.01233	0.01233	0.01233	0.01036	0.00715	0.01554	0.01554	0.02072	0.03142	0.06408	0.03570	0.50656	0.05304	0.13858	0.01036	0.01464	0.00625	0.00625
21	0.02170	0.01754	0.01939	0.01751	0.02219	0.01864	0.01353	0.07431	0.22778	0.04397	0.22810	0.06506	0.14672	0.01953	0.01201	0.00357	0.00714	0.01659	0.01122	0.01351
22	0.02261	0.01938	0.02261	0.01615	0.02584	0.01453	0.01292	0.02745	0.02261	0.03553	0.01938	0.02261	0.01615	0.00807	0.00807	0.00161	0.00807	0.00646	0.00646	0.68346
23	0.02574	0.02941	0.06434	0.04596	0.05699	0.02757	0.50919	0.03493	0.02574	0.03493	0.02206	0.02941	0.01654	0.00919	0.01287	0.00368	0.01838	0.01287	0.00551	0.01471
24	0.03064	0.02500	0.03688	0.09870	0.28024	0.02689	0.02721	0.11755	0.07052	0.08943	0.02492	0.02887	0.01921	0.01196	0.01297	0.00346	0.06138	0.01005	0.00746	0.01666
25	0.02568	0.02142	0.02439	0.02402	0.06313	0.02387	0.01722	0.09042	0.34018	0.04457	0.08349	0.11735	0.04157	0.01746	0.01157	0.00370	0.00867	0.01499	0.01062	0.01570
26	0.02500	0.01667	0.01780	0.01605	0.01825	0.06013	0.01127	0.02670	0.02057	0.11924	0.03260	0.05343	0.03168	0.34377	0.03736	0.00732	0.06827	0.01310	0.07070	0.01009
27	0.01328	0.00949	0.01265	0.01518	0.01581	0.00886	0.01012	0.01518	0.02088	0.02783	0.06010	0.60969	0.07212	0.03416	0.01392	0.00443	0.00633	0.03100	0.01012	0.00886
28	0.29364	0.02365	0.02430	0.01942	0.02731	0.02539	0.01603	0.20322	0.03326	0.19385	0.02654	0.02591	0.01826	0.01206	0.00933	0.00334	0.00989	0.00863	0.01002	0.01596
29	0.01328	0.00949	0.01265	0.01518	0.01581	0.00886	0.01012	0.01518	0.02088	0.02783	0.06010	0.60969	0.07212	0.03416	0.01392	0.00443	0.00633	0.03100	0.01012	0.00886
30	0.01298	0.01066	0.01144	0.01206	0.01499	0.00912	0.00874	0.01553	0.02388	0.02906	0.09810	0.22880	0.42847	0.02922	0.01314	0.00387	0.00572	0.02497	0.01012	0.00912
31	0.03422	0.02695	0.02865	0.02363	0.03106	0.03044	0.01898	0.28321	0.29226	0.05706	0.03536	0.03349	0.02598	0.01395	0.01100	0.00349	0.01030	0.01108	0.01100	0.01789
32	0.03037	0.01967	0.02269	0.02021	0.02598	0.02096	0.01566	0.04907	0.30820	0.17621	0.04682	0.14107	0.03855	0.01790	0.01156	0.00374	0.00839	0.01529	0.01155	0.01610

[dist]
# distance from previous block
# <min> <max>
0	10

[block]
# block no. 5 follows, 12 sequences, length 10
# corresponding to MSA columns:
# 557-566
name=unknown_F
#
# <colnr> <probs for GDERKNQSTAVLIFYWHMCP>
#	G	D	E	R	K	N	Q	S	T	A	V	L	I	F	Y	W	H	M	C	P
0	0.69383	0.02109	0.01603	0.01434	0.02109	0.02446	0.01181	0.03205	0.01856	0.04892	0.01518	0.01771	0.01181	0.01012	0.00675	0.00337	0.00843	0.00590	0.00675	0.01181
1	0.19009	0.33348	0.09763	0.01986	0.02921	0.03541	0.01962	0.10089	0.02552	0.03832	0.01720	0.01937	0.01409	0.01016	0.00785	0.00284	0.01141	0.00665	0.00605	0.01434
2	0.08791	0.02344	0.03803	0.22363	0.35278	0.02525	0.03044	0.03160	0.02330	0.03448	0.01966	0.02675	0.01591	0.01012	0.01045	0.00337	0.01302	0.00935	0.00535	0.01516
3	0.02116	0.01796	0.02435	0.02181	0.02338	0.02272	0.01736	0.06636	0.02006	0.02910	0.02381	0.03748	0.02298	0.11682	0.25132	0.01045	0.24470	0.01120	0.00598	0.01100
4	0.03959	0.01582	0.02036	0.01639	0.02290	0.01411	0.01328	0.04409	0.02849	0.38806	0.04059	0.03827	0.02730	0.01324	0.00987	0.00310	0.00791	0.01070	0.23012	0.01582
5	0.01468	0.01112	0.01353	0.01293	0.01583	0.00997	0.00969	0.01912	0.02908	0.03949	0.41479	0.08841	0.23377	0.02387	0.01287	0.00350	0.00526	0.02070	0.01145	0.00997
6	0.16331	0.01756	0.02153	0.01778	0.02464	0.01644	0.01429	0.04308	0.02718	0.37650	0.04059	0.12592	0.03145	0.01620	0.01066	0.00354	0.00864	0.01326	0.01169	0.01573
7	0.03596	0.02782	0.02963	0.02398	0.03172	0.03125	0.01940	0.33842	0.23421	0.05987	0.03315	0.03173	0.02419	0.01374	0.01098	0.00344	0.01071	0.01078	0.01098	0.01805
8	0.02194	0.02040	0.03536	0.15504	0.23701	0.02182	0.07259	0.02802	0.02198	0.03071	0.02320	0.03268	0.01982	0.03283	0.19005	0.00790	0.01897	0.01064	0.00544	0.01358
9	0.49199	0.02240	0.01934	0.01698	0.02377	0.02584	0.01376	0.07869	0.13330	0.04988	0.02252	0.02347	0.01709	0.01140	0.00806	0.00344	0.00878	0.00765	0.00806	0.01358

[dist]
# distance from previous block
# <min> <max>
5	51

[block]
# block no. 6 follows, 12 sequences, length 17
# corresponding to MSA columns:
# 622-638
name=unknown_G
#
# <colnr> <probs for GDERKNQSTAVLIFYWHMCP>
#	G	D	E	R	K	N	Q	S	T	A	V	L	I	F	Y	W	H	M	C	P
0	0.63212	0.02084	0.01691	0.01482	0.02173	0.02365	0.01221	0.03407	0.01977	0.09747	0.01785	0.01957	0.01326	0.01044	0.00715	0.00337	0.00852	0.00639	0.00739	0.01245
1	0.16519	0.02896	0.13995	0.07213	0.09065	0.02268	0.02345	0.07450	0.02631	0.16184	0.02476	0.02638	0.01750	0.01103	0.00971	0.00324	0.01149	0.00861	0.00787	0.07376
2	0.01815	0.01200	0.01834	0.13749	0.02855	0.01292	0.01511	0.01842	0.01844	0.02421	0.03128	0.14120	0.03296	0.03046	0.02727	0.33141	0.01010	0.07754	0.00639	0.00772
3	0.01778	0.01063	0.01425	0.01571	0.01733	0.00976	0.01087	0.01998	0.02218	0.09458	0.05794	0.53738	0.06642	0.03155	0.01354	0.00429	0.00670	0.02847	0.01055	0.01008
4	0.01894	0.00947	0.01420	0.01420	0.01420	0.00947	0.00947	0.01420	0.01420	0.01894	0.01894	0.03314	0.01894	0.03788	0.04261	0.68277	0.00947	0.00947	0.00473	0.00473
5	0.02698	0.02253	0.03461	0.19726	0.11707	0.02447	0.08510	0.08760	0.11472	0.07670	0.03025	0.08155	0.02479	0.01365	0.01144	0.00361	0.01240	0.01251	0.00785	0.01494
6	0.01786	0.00971	0.01436	0.01468	0.01497	0.00984	0.01000	0.01489	0.01540	0.02075	0.02524	0.10699	0.02655	0.04212	0.09603	0.52564	0.01119	0.01243	0.00553	0.00579
7	0.02699	0.02591	0.04426	0.06693	0.54879	0.02591	0.03346	0.03346	0.02483	0.03562	0.02051	0.02699	0.01727	0.00972	0.01079	0.00324	0.01295	0.00972	0.00540	0.01727
8	0.02915	0.62337	0.05714	0.01866	0.02799	0.04314	0.01866	0.03265	0.02215	0.02565	0.01516	0.01749	0.01399	0.00933	0.00700	0.00233	0.01166	0.00583	0.00466	0.01399
9	0.02582	0.02059	0.03295	0.08971	0.17738	0.02208	0.06185	0.06700	0.02415	0.07830	0.02439	0.03213	0.02014	0.02999	0.14670	0.05743	0.05866	0.01051	0.00650	0.01370
10	0.01289	0.01105	0.01105	0.01105	0.01473	0.00920	0.00828	0.01565	0.02485	0.02946	0.11046	0.10493	0.54437	0.02761	0.01289	0.00368	0.00552	0.02301	0.01013	0.00920
11	0.02915	0.62337	0.05714	0.01866	0.02799	0.04314	0.01866	0.03265	0.02215	0.02565	0.01516	0.01749	0.01399	0.00933	0.00700	0.00233	0.01166	0.00583	0.00466	0.01399
12	0.02116	0.01996	0.03373	0.54422	0.11705	0.02437	0.03056	0.02835	0.02207	0.02855	0.01948	0.02889	0.01478	0.01080	0.01089	0.00360	0.01439	0.00969	0.00489	0.01257
13	0.03624	0.02355	0.03276	0.03729	0.21126	0.02379	0.02296	0.10514	0.12394	0.21745	0.03326	0.03285	0.02369	0.01236	0.01092	0.00337	0.01079	0.01063	0.00988	0.01786
14	0.01723	0.01008	0.01292	0.01292	0.01292	0.01008	0.00788	0.01512	0.01512	0.02016	0.02748	0.05431	0.03040	0.35852	0.04975	0.31047	0.01008	0.01301	0.00577	0.00577
15	0.01757	0.01255	0.01757	0.02008	0.02259	0.01255	0.01757	0.02259	0.02510	0.03263	0.05773	0.12299	0.06275	0.03012	0.01506	0.00502	0.01004	0.47540	0.01004	0.01004
16	0.03380	0.02184	0.03405	0.13265	0.21840	0.02273	0.02536	0.03912	0.02584	0.22845	0.02809	0.03079	0.02014	0.01234	0.01356	0.00352	0.07457	0.01016	0.00827	0.01632

[dist]
# distance from previous block
# <min> <max>
0	951

# created by:
# /st0/software/busco_prod/Augustus/scripts/msa2prfl.pl ./align_prep/643.fa
