[name]
unknown

[dist]
# distance from previous block
# <min> <max>
0	51

[block]
# block no. 0 follows, 13 sequences, length 26
# corresponding to MSA columns:
# 252-277
name=unknown_A
#
# <colnr> <probs for GDERKNQSTAVLIFYWHMCP>
#	G	D	E	R	K	N	Q	S	T	A	V	L	I	F	Y	W	H	M	C	P
0	0.02185	0.03476	0.25076	0.03556	0.10079	0.02244	0.16531	0.03088	0.02369	0.03329	0.02801	0.04612	0.02510	0.01395	0.01177	0.00372	0.01456	0.11738	0.00597	0.01406
1	0.02142	0.01999	0.03218	0.47357	0.12636	0.02400	0.02832	0.03093	0.07989	0.02984	0.02163	0.02921	0.01645	0.01086	0.01058	0.00348	0.01327	0.00969	0.00544	0.01290
2	0.55648	0.01990	0.01755	0.01500	0.02191	0.02189	0.01237	0.03565	0.02074	0.16425	0.02076	0.02138	0.01474	0.01055	0.00746	0.00327	0.00836	0.00682	0.00801	0.01291
3	0.55648	0.01990	0.01755	0.01500	0.02191	0.02189	0.01237	0.03565	0.02074	0.16425	0.02076	0.02138	0.01474	0.01055	0.00746	0.00327	0.00836	0.00682	0.00801	0.01291
4	0.02630	0.02271	0.02391	0.02152	0.02749	0.02630	0.01674	0.05618	0.54336	0.04423	0.04303	0.03945	0.03228	0.01434	0.01076	0.00359	0.00837	0.01195	0.01076	0.01674
5	0.01747	0.01413	0.01854	0.02225	0.08354	0.01453	0.01407	0.02612	0.13769	0.03175	0.05027	0.42009	0.05514	0.02609	0.01252	0.00400	0.00740	0.02354	0.00948	0.01139
6	0.03585	0.03142	0.16271	0.02689	0.03730	0.02399	0.09964	0.17157	0.03276	0.22652	0.02886	0.02877	0.01941	0.01162	0.01076	0.00331	0.01262	0.00995	0.00919	0.01686
7	0.55648	0.01990	0.01755	0.01500	0.02191	0.02189	0.01237	0.03565	0.02074	0.16425	0.02076	0.02138	0.01474	0.01055	0.00746	0.00327	0.00836	0.00682	0.00801	0.01291
8	0.03729	0.08856	0.18446	0.02262	0.03304	0.02267	0.02302	0.10144	0.02950	0.30518	0.03072	0.02902	0.02036	0.01179	0.01009	0.00319	0.01142	0.00922	0.00952	0.01690
9	0.02839	0.07088	0.15471	0.03282	0.15943	0.02187	0.04974	0.03516	0.02429	0.13915	0.02346	0.02578	0.01736	0.00988	0.00966	0.00282	0.01166	0.00849	0.00680	0.16764
10	0.04241	0.02035	0.03300	0.02457	0.03331	0.01804	0.12926	0.04758	0.02908	0.44994	0.03717	0.03432	0.02391	0.01215	0.01105	0.00334	0.01097	0.01105	0.01136	0.01716
11	0.04001	0.01620	0.02153	0.01713	0.02341	0.01432	0.01343	0.04316	0.02682	0.44261	0.03977	0.04367	0.02901	0.15555	0.02063	0.00489	0.00929	0.01173	0.01154	0.01531
12	0.55172	0.02149	0.02166	0.02531	0.14166	0.02403	0.01615	0.03139	0.01935	0.04455	0.01588	0.01919	0.01264	0.00973	0.00742	0.00324	0.00916	0.00655	0.00625	0.01264
13	0.03092	0.02353	0.03881	0.05459	0.44272	0.02298	0.02867	0.03672	0.02546	0.15424	0.02477	0.02836	0.01886	0.01024	0.01050	0.00317	0.01176	0.00969	0.00699	0.01703
14	0.02899	0.42805	0.04447	0.01763	0.02666	0.03269	0.01656	0.03276	0.02256	0.08795	0.01864	0.02020	0.01545	0.00923	0.00745	0.00222	0.01027	0.00635	0.00587	0.16602
15	0.04744	0.01799	0.02454	0.01881	0.02699	0.01554	0.01554	0.05153	0.03026	0.56979	0.04171	0.03599	0.02617	0.01309	0.01063	0.00327	0.00900	0.01063	0.01309	0.01799
16	0.37251	0.02205	0.02095	0.01778	0.02468	0.02470	0.01444	0.11455	0.14177	0.11216	0.02590	0.02566	0.01886	0.01166	0.00859	0.00333	0.00884	0.00828	0.00888	0.01441
17	0.03603	0.17546	0.12656	0.02023	0.02954	0.02320	0.01987	0.04142	0.02671	0.30798	0.06530	0.03180	0.02574	0.01213	0.00971	0.00304	0.01045	0.00948	0.00939	0.01596
18	0.03557	0.02111	0.03139	0.07536	0.21783	0.02073	0.02256	0.04372	0.08888	0.28209	0.03265	0.03243	0.02277	0.01178	0.01059	0.00328	0.01052	0.01028	0.00948	0.01698
19	0.03841	0.01998	0.02409	0.01926	0.02600	0.01988	0.01531	0.15297	0.09376	0.31087	0.03694	0.03908	0.02694	0.10668	0.01720	0.00435	0.00970	0.01126	0.01123	0.01608
20	0.02655	0.02305	0.03470	0.16013	0.28281	0.02465	0.02653	0.14000	0.02878	0.03934	0.02519	0.09298	0.02243	0.01304	0.01085	0.00335	0.01195	0.01175	0.00683	0.01509
21	0.04137	0.02078	0.02778	0.02164	0.02963	0.02004	0.05112	0.10125	0.12336	0.38639	0.03883	0.03497	0.02570	0.01298	0.01078	0.00334	0.00977	0.01088	0.01188	0.01751
22	0.22481	0.01563	0.01807	0.01861	0.04744	0.01614	0.01439	0.02808	0.02436	0.09980	0.15231	0.06581	0.04873	0.01893	0.01107	0.00378	0.00827	0.16282	0.00937	0.01158
23	0.03125	0.01751	0.02564	0.02025	0.02737	0.01511	0.07085	0.03585	0.02618	0.25994	0.06493	0.11011	0.03426	0.01541	0.01093	0.00316	0.00922	0.04562	0.01000	0.16642
24	0.03134	0.01822	0.05091	0.01844	0.02470	0.01570	0.01567	0.03946	0.10237	0.27454	0.07842	0.09420	0.09685	0.01835	0.01159	0.00362	0.00855	0.07125	0.01121	0.01462
25	0.54114	0.01918	0.01579	0.01410	0.01959	0.02186	0.01107	0.05781	0.01941	0.04378	0.01867	0.02693	0.01665	0.12019	0.01520	0.00451	0.00875	0.00767	0.00676	0.01094

[dist]
# distance from previous block
# <min> <max>
0	10

[block]
# block no. 1 follows, 13 sequences, length 22
# corresponding to MSA columns:
# 288-309
name=unknown_B
#
# <colnr> <probs for GDERKNQSTAVLIFYWHMCP>
#	G	D	E	R	K	N	Q	S	T	A	V	L	I	F	Y	W	H	M	C	P
0	0.07659	0.01649	0.01760	0.01893	0.06692	0.05675	0.01303	0.02429	0.02506	0.07992	0.12805	0.10954	0.25488	0.02135	0.01163	0.00352	0.00789	0.04721	0.00931	0.01104
1	0.07198	0.07251	0.06705	0.06795	0.02608	0.01820	0.01570	0.06849	0.02827	0.04045	0.30027	0.05626	0.09195	0.01720	0.01098	0.00325	0.00809	0.01446	0.00921	0.01168
2	0.02829	0.39172	0.08060	0.02057	0.02898	0.08472	0.01939	0.03881	0.15199	0.03036	0.02218	0.02310	0.01821	0.01059	0.00824	0.00271	0.01155	0.00747	0.00615	0.01438
3	0.47692	0.02176	0.02479	0.02005	0.02738	0.02371	0.09726	0.03542	0.06367	0.09093	0.02055	0.02256	0.01523	0.01033	0.00824	0.00335	0.00987	0.00779	0.00727	0.01293
4	0.02259	0.02394	0.07682	0.23231	0.28353	0.02362	0.02944	0.02925	0.02305	0.03216	0.06641	0.03102	0.02277	0.01144	0.01202	0.00338	0.04648	0.01013	0.00553	0.01413
5	0.01634	0.01006	0.01313	0.01313	0.01342	0.01035	0.00839	0.01538	0.01509	0.02041	0.02751	0.05244	0.02983	0.34437	0.13195	0.24091	0.01268	0.01267	0.00568	0.00626
6	0.02875	0.02845	0.11160	0.15603	0.04175	0.02660	0.02379	0.23498	0.09832	0.04764	0.07192	0.03202	0.02537	0.01280	0.01068	0.00334	0.01181	0.01038	0.00842	0.01534
7	0.02739	0.56305	0.11949	0.01958	0.02944	0.03970	0.02068	0.03189	0.02159	0.02594	0.01523	0.01762	0.01355	0.00917	0.00719	0.00240	0.01184	0.00592	0.00452	0.01382
8	0.02404	0.21303	0.03229	0.01750	0.02503	0.02434	0.01512	0.07111	0.02316	0.03208	0.02021	0.02504	0.01761	0.02460	0.13695	0.00537	0.01384	0.00749	0.00596	0.26522
9	0.01997	0.01879	0.03171	0.60301	0.07282	0.02349	0.02936	0.02701	0.02114	0.02701	0.01879	0.02819	0.01409	0.01057	0.01057	0.00352	0.01409	0.00940	0.00470	0.01175
10	0.01837	0.00918	0.01377	0.01377	0.01377	0.00918	0.00918	0.01377	0.01377	0.01837	0.01837	0.03214	0.01837	0.03673	0.04132	0.69238	0.00918	0.00918	0.00459	0.00459
11	0.01787	0.01830	0.07008	0.02740	0.15732	0.01491	0.01787	0.02336	0.02659	0.03682	0.28206	0.06513	0.16346	0.01853	0.01175	0.00333	0.00793	0.01630	0.00901	0.01199
12	0.20854	0.07705	0.09493	0.02361	0.03081	0.33930	0.02027	0.03764	0.02542	0.03235	0.01615	0.01886	0.01303	0.01040	0.00866	0.00292	0.01537	0.00659	0.00556	0.01254
13	0.70310	0.02045	0.01554	0.01390	0.02045	0.02372	0.01145	0.03108	0.01799	0.04744	0.01472	0.01718	0.01145	0.00981	0.00654	0.00327	0.00818	0.00573	0.00654	0.01145
14	0.02506	0.02340	0.02959	0.35432	0.05430	0.07158	0.02456	0.08185	0.15711	0.03495	0.02535	0.03003	0.01903	0.01175	0.01053	0.00344	0.01282	0.00984	0.00684	0.01363
15	0.01837	0.00918	0.01377	0.01377	0.01377	0.00918	0.00918	0.01377	0.01377	0.01837	0.01837	0.03214	0.01837	0.03673	0.04132	0.69238	0.00918	0.00918	0.00459	0.00459
16	0.02761	0.50612	0.04806	0.01831	0.02622	0.08585	0.01729	0.03114	0.02328	0.02713	0.08189	0.02482	0.02423	0.01076	0.00773	0.00243	0.01121	0.00742	0.00548	0.01301
17	0.01288	0.00920	0.01227	0.01472	0.01534	0.00859	0.00981	0.01472	0.02024	0.02699	0.05828	0.62152	0.06993	0.03312	0.01350	0.00429	0.00613	0.03006	0.00981	0.00859
18	0.03504	0.03991	0.19261	0.02611	0.03613	0.13102	0.02542	0.24772	0.03615	0.09405	0.02325	0.02425	0.01653	0.01160	0.01023	0.00315	0.01397	0.00861	0.00803	0.01622
19	0.02685	0.02572	0.04628	0.03934	0.12145	0.02542	0.27395	0.13769	0.02955	0.04015	0.02686	0.10515	0.02362	0.01298	0.01190	0.00351	0.01417	0.01368	0.00704	0.01470
20	0.01767	0.01204	0.01340	0.01271	0.01349	0.01233	0.00767	0.06263	0.01855	0.02476	0.03258	0.06515	0.03655	0.57158	0.04982	0.00960	0.01038	0.01484	0.00679	0.00748
21	0.03380	0.02153	0.03428	0.11325	0.29055	0.02114	0.02539	0.03931	0.02615	0.24489	0.02837	0.03029	0.02014	0.01101	0.01055	0.00324	0.01134	0.00990	0.00827	0.01662

[dist]
# distance from previous block
# <min> <max>
1	3

[block]
# block no. 2 follows, 13 sequences, length 26
# corresponding to MSA columns:
# 313-338
name=unknown_C
#
# <colnr> <probs for GDERKNQSTAVLIFYWHMCP>
#	G	D	E	R	K	N	Q	S	T	A	V	L	I	F	Y	W	H	M	C	P
0	0.03635	0.02449	0.03402	0.03271	0.14829	0.02437	0.06370	0.20657	0.03444	0.19202	0.02778	0.02845	0.01960	0.01137	0.01051	0.00310	0.01133	0.00979	0.00930	0.07181
1	0.03288	0.21265	0.03733	0.02704	0.09645	0.16686	0.01989	0.04178	0.12782	0.10148	0.02488	0.02556	0.01932	0.01112	0.00921	0.00288	0.01249	0.00831	0.00719	0.01485
2	0.70310	0.02045	0.01554	0.01390	0.02045	0.02372	0.01145	0.03108	0.01799	0.04744	0.01472	0.01718	0.01145	0.00981	0.00654	0.00327	0.00818	0.00573	0.00654	0.01145
3	0.02438	0.04894	0.41322	0.03199	0.08640	0.09596	0.03425	0.03642	0.06744	0.03352	0.02075	0.02368	0.01530	0.01046	0.01008	0.00327	0.01519	0.00817	0.00519	0.01539
4	0.02103	0.01707	0.01950	0.01829	0.02256	0.01861	0.01433	0.03874	0.29189	0.04197	0.23046	0.06386	0.06030	0.01886	0.01187	0.00365	0.00732	0.07535	0.01095	0.01340
5	0.03109	0.48893	0.04926	0.02012	0.02851	0.13351	0.01864	0.07164	0.02510	0.02826	0.01580	0.01797	0.01392	0.00964	0.00754	0.00241	0.01265	0.00615	0.00515	0.01369
6	0.01837	0.00918	0.01377	0.01377	0.01377	0.00918	0.00918	0.01377	0.01377	0.01837	0.01837	0.03214	0.01837	0.03673	0.04132	0.69238	0.00918	0.00918	0.00459	0.00459
7	0.03095	0.49498	0.04932	0.02028	0.02846	0.17201	0.01865	0.03419	0.02351	0.02512	0.01509	0.01746	0.01358	0.00949	0.00744	0.00237	0.01316	0.00593	0.00474	0.01325
8	0.03490	0.06626	0.03031	0.03117	0.17651	0.01926	0.01967	0.03922	0.02637	0.29722	0.03589	0.11742	0.02894	0.01467	0.01071	0.00331	0.00976	0.01275	0.00973	0.01592
9	0.01496	0.01081	0.01413	0.01330	0.01580	0.00998	0.00998	0.01995	0.02993	0.04240	0.55689	0.07898	0.09976	0.02162	0.01247	0.00333	0.00499	0.01912	0.01164	0.00998
10	0.01250	0.01071	0.01071	0.01071	0.01428	0.00893	0.00803	0.01517	0.02410	0.02856	0.10711	0.10175	0.55817	0.02678	0.01250	0.00357	0.00536	0.02231	0.00982	0.00893
11	0.02802	0.55715	0.05141	0.01853	0.02718	0.03987	0.01792	0.03477	0.08768	0.02733	0.01829	0.01981	0.01594	0.00972	0.00729	0.00243	0.01093	0.00645	0.00531	0.01397
12	0.04468	0.01738	0.02365	0.01834	0.02604	0.01507	0.01507	0.04885	0.03023	0.52501	0.08545	0.03964	0.03242	0.01381	0.01079	0.00328	0.00866	0.01135	0.01296	0.01731
13	0.02121	0.05469	0.57364	0.03014	0.04576	0.02455	0.03906	0.03348	0.02232	0.03348	0.01897	0.02232	0.01339	0.01005	0.01005	0.00335	0.01563	0.00781	0.00446	0.01563
14	0.01522	0.01134	0.01450	0.01518	0.01791	0.01061	0.01237	0.01961	0.02629	0.03478	0.24818	0.10064	0.19245	0.02590	0.01334	0.00401	0.00699	0.21062	0.01044	0.00963
15	0.03465	0.01636	0.02122	0.01744	0.02357	0.01517	0.01396	0.04229	0.09524	0.33903	0.20218	0.04980	0.04984	0.01590	0.01122	0.00333	0.00767	0.01344	0.01234	0.01534
16	0.02095	0.02014	0.03192	0.42402	0.05880	0.02626	0.02742	0.02653	0.01960	0.02653	0.01726	0.02662	0.01403	0.01304	0.01808	0.00387	0.19922	0.00935	0.00468	0.01169
17	0.01997	0.01879	0.03171	0.60301	0.07282	0.02349	0.02936	0.02701	0.02114	0.02701	0.01879	0.02819	0.01409	0.01057	0.01057	0.00352	0.01409	0.00940	0.00470	0.01175
18	0.02598	0.02414	0.03965	0.17556	0.41637	0.02539	0.03081	0.07094	0.02551	0.03552	0.02010	0.02653	0.01628	0.00993	0.01050	0.00322	0.01281	0.00942	0.00555	0.01579
19	0.01941	0.01140	0.01552	0.01670	0.01900	0.01068	0.01275	0.02245	0.02295	0.11232	0.05506	0.38865	0.06059	0.02891	0.01337	0.00430	0.00760	0.15768	0.01030	0.01037
20	0.01288	0.00920	0.01227	0.01472	0.01534	0.00859	0.00981	0.01472	0.02024	0.02699	0.05828	0.62152	0.06993	0.03312	0.01350	0.00429	0.00613	0.03006	0.00981	0.00859
21	0.02121	0.05469	0.57364	0.03014	0.04576	0.02455	0.03906	0.03348	0.02232	0.03348	0.01897	0.02232	0.01339	0.01005	0.01005	0.00335	0.01563	0.00781	0.00446	0.01563
22	0.11357	0.41180	0.13607	0.02033	0.02989	0.08020	0.02099	0.03274	0.02186	0.02928	0.01556	0.01806	0.01327	0.00946	0.00753	0.00261	0.01226	0.00612	0.00484	0.01354
23	0.03526	0.03378	0.02604	0.02226	0.02811	0.25775	0.01735	0.21149	0.03525	0.04351	0.02369	0.02594	0.01823	0.01186	0.00942	0.00283	0.01321	0.00847	0.16182	0.01376
24	0.02192	0.01879	0.02192	0.01566	0.02506	0.01409	0.01253	0.02662	0.02192	0.03445	0.01879	0.02192	0.01566	0.00783	0.00783	0.00157	0.00783	0.00626	0.00626	0.69305
25	0.02337	0.01298	0.01501	0.01323	0.01824	0.01098	0.01037	0.02649	0.02602	0.19696	0.08676	0.08129	0.39264	0.02252	0.01192	0.00348	0.00649	0.01868	0.01084	0.01175

[dist]
# distance from previous block
# <min> <max>
0	2

[block]
# block no. 3 follows, 13 sequences, length 111
# corresponding to MSA columns:
# 341-397,404-457
name=unknown_D
#
# <colnr> <probs for GDERKNQSTAVLIFYWHMCP>
#	G	D	E	R	K	N	Q	S	T	A	V	L	I	F	Y	W	H	M	C	P
0	0.01877	0.01527	0.01717	0.01591	0.01991	0.01592	0.01216	0.03269	0.22204	0.04050	0.27946	0.06836	0.16005	0.01984	0.01183	0.00347	0.00633	0.01702	0.01097	0.01232
1	0.03078	0.03643	0.02533	0.02358	0.02775	0.38129	0.01785	0.03388	0.02533	0.02540	0.02062	0.02710	0.01820	0.03534	0.21573	0.00782	0.02237	0.00842	0.00553	0.01125
2	0.02373	0.26200	0.38844	0.02583	0.03911	0.03073	0.03157	0.03283	0.02202	0.03041	0.01745	0.02041	0.01346	0.00969	0.00888	0.00296	0.01408	0.00704	0.00449	0.01489
3	0.02443	0.31973	0.33686	0.02463	0.03725	0.03245	0.02948	0.03265	0.02194	0.02955	0.01702	0.01987	0.01347	0.00959	0.00856	0.00285	0.01365	0.00683	0.00449	0.01469
4	0.02637	0.23959	0.03711	0.01893	0.02820	0.02506	0.05294	0.03087	0.02263	0.07195	0.01928	0.02172	0.01575	0.00875	0.00802	0.00209	0.00991	0.00684	0.00610	0.34789
5	0.26088	0.01425	0.01464	0.01352	0.01746	0.01489	0.01050	0.02393	0.02566	0.04420	0.36313	0.05689	0.06820	0.01740	0.01035	0.00331	0.00613	0.01433	0.00982	0.01050
6	0.02003	0.01929	0.01815	0.06389	0.02398	0.11973	0.01362	0.02528	0.07677	0.02811	0.04713	0.30985	0.08546	0.07991	0.01590	0.00436	0.00974	0.02022	0.00838	0.01020
7	0.01538	0.01025	0.01153	0.01153	0.01153	0.01025	0.00641	0.01538	0.01538	0.02050	0.03331	0.06919	0.03844	0.62842	0.05382	0.01025	0.01025	0.01538	0.00641	0.00641
8	0.02827	0.63478	0.05540	0.01809	0.02714	0.04184	0.01809	0.03166	0.02148	0.02488	0.01470	0.01696	0.01357	0.00905	0.00678	0.00226	0.01131	0.00565	0.00452	0.01357
9	0.02489	0.02130	0.02269	0.02081	0.02622	0.02444	0.01601	0.05184	0.48857	0.04242	0.04463	0.10041	0.03622	0.01631	0.01105	0.00366	0.00813	0.01385	0.01066	0.01588
10	0.11181	0.02515	0.02787	0.02157	0.02975	0.02664	0.01782	0.33177	0.04052	0.21639	0.02919	0.02772	0.01977	0.01251	0.01017	0.00321	0.01048	0.00946	0.01091	0.01730
11	0.01975	0.03841	0.33048	0.02808	0.03968	0.02104	0.12699	0.02893	0.02329	0.03232	0.04172	0.04361	0.15154	0.01405	0.01114	0.00345	0.01347	0.01240	0.00599	0.01366
12	0.01312	0.01074	0.01158	0.01137	0.01466	0.00919	0.00852	0.01638	0.02557	0.03206	0.22074	0.09600	0.44237	0.02547	0.01249	0.00351	0.00526	0.02151	0.01028	0.00919
13	0.02192	0.01879	0.02192	0.01566	0.02506	0.01409	0.01253	0.02662	0.02192	0.03445	0.01879	0.02192	0.01566	0.00783	0.00783	0.00157	0.00783	0.00626	0.00626	0.69305
14	0.01837	0.00918	0.01377	0.01377	0.01377	0.00918	0.00918	0.01377	0.01377	0.01837	0.01837	0.03214	0.01837	0.03673	0.04132	0.69238	0.00918	0.00918	0.00459	0.00459
15	0.01951	0.01254	0.02064	0.01833	0.01945	0.01323	0.06444	0.01699	0.01518	0.02066	0.01825	0.03090	0.01769	0.03208	0.03767	0.55472	0.06723	0.00953	0.00467	0.00627
16	0.03583	0.01543	0.02082	0.01684	0.02299	0.01355	0.01355	0.04024	0.03014	0.38132	0.22582	0.05135	0.05247	0.01613	0.01129	0.00329	0.00756	0.01367	0.01257	0.01513
17	0.01837	0.00918	0.01377	0.01377	0.01377	0.00918	0.00918	0.01377	0.01377	0.01837	0.01837	0.03214	0.01837	0.03673	0.04132	0.69238	0.00918	0.00918	0.00459	0.00459
18	0.01538	0.01108	0.01471	0.01454	0.01702	0.01042	0.01139	0.02034	0.02881	0.04025	0.45670	0.08704	0.09198	0.02313	0.01290	0.00363	0.00594	0.11356	0.01126	0.00993
19	0.02245	0.02094	0.03521	0.30014	0.28747	0.02304	0.02946	0.02892	0.02279	0.03088	0.02318	0.03682	0.02018	0.01201	0.01095	0.00349	0.01295	0.05988	0.00547	0.01378
20	0.01997	0.01879	0.03171	0.60301	0.07282	0.02349	0.02936	0.02701	0.02114	0.02701	0.01879	0.02819	0.01409	0.01057	0.01057	0.00352	0.01409	0.00940	0.00470	0.01175
21	0.01538	0.01025	0.01153	0.01153	0.01153	0.01025	0.00641	0.01538	0.01538	0.02050	0.03331	0.06919	0.03844	0.62842	0.05382	0.01025	0.01025	0.01538	0.00641	0.00641
22	0.02313	0.02313	0.03238	0.02776	0.02776	0.03238	0.02313	0.02545	0.01619	0.02545	0.01388	0.02313	0.01388	0.01851	0.03470	0.00463	0.60907	0.00925	0.00463	0.01157
23	0.01288	0.00920	0.01227	0.01472	0.01534	0.00859	0.00981	0.01472	0.02024	0.02699	0.05828	0.62152	0.06993	0.03312	0.01350	0.00429	0.00613	0.03006	0.00981	0.00859
24	0.02192	0.01879	0.02192	0.01566	0.02506	0.01409	0.01253	0.02662	0.02192	0.03445	0.01879	0.02192	0.01566	0.00783	0.00783	0.00157	0.00783	0.00626	0.00626	0.69305
25	0.02121	0.05469	0.57364	0.03014	0.04576	0.02455	0.03906	0.03348	0.02232	0.03348	0.01897	0.02232	0.01339	0.01005	0.01005	0.00335	0.01563	0.00781	0.00446	0.01563
26	0.04744	0.01799	0.02454	0.01881	0.02699	0.01554	0.01554	0.05153	0.03026	0.56979	0.04171	0.03599	0.02617	0.01309	0.01063	0.00327	0.00900	0.01063	0.01309	0.01799
27	0.02121	0.05469	0.57364	0.03014	0.04576	0.02455	0.03906	0.03348	0.02232	0.03348	0.01897	0.02232	0.01339	0.01005	0.01005	0.00335	0.01563	0.00781	0.00446	0.01563
28	0.02617	0.02512	0.04292	0.06490	0.56246	0.02512	0.03245	0.03245	0.02407	0.03454	0.01989	0.02617	0.01675	0.00942	0.01047	0.00314	0.01256	0.00942	0.00523	0.01675
29	0.02294	0.01201	0.01561	0.01529	0.01858	0.01068	0.01121	0.02557	0.02378	0.18612	0.06111	0.36834	0.13396	0.02626	0.01250	0.00388	0.00685	0.02315	0.01077	0.01139
30	0.03950	0.05039	0.02996	0.02724	0.03269	0.58597	0.02043	0.04222	0.02996	0.02588	0.01634	0.01907	0.01362	0.01090	0.00953	0.00272	0.01907	0.00681	0.00545	0.01226
31	0.70310	0.02045	0.01554	0.01390	0.02045	0.02372	0.01145	0.03108	0.01799	0.04744	0.01472	0.01718	0.01145	0.00981	0.00654	0.00327	0.00818	0.00573	0.00654	0.01145
32	0.01997	0.01879	0.03171	0.60301	0.07282	0.02349	0.02936	0.02701	0.02114	0.02701	0.01879	0.02819	0.01409	0.01057	0.01057	0.00352	0.01409	0.00940	0.00470	0.01175
33	0.04744	0.01799	0.02454	0.01881	0.02699	0.01554	0.01554	0.05153	0.03026	0.56979	0.04171	0.03599	0.02617	0.01309	0.01063	0.00327	0.00900	0.01063	0.01309	0.01799
34	0.04744	0.01799	0.02454	0.01881	0.02699	0.01554	0.01554	0.05153	0.03026	0.56979	0.04171	0.03599	0.02617	0.01309	0.01063	0.00327	0.00900	0.01063	0.01309	0.01799
35	0.01704	0.01217	0.01704	0.01947	0.02191	0.01217	0.01704	0.02191	0.02434	0.03164	0.05598	0.11926	0.06085	0.02921	0.01460	0.00487	0.00974	0.49130	0.00974	0.00974
36	0.01510	0.01102	0.01441	0.01476	0.01719	0.01033	0.01160	0.01959	0.02716	0.03708	0.34516	0.13464	0.13102	0.02498	0.01310	0.00382	0.00634	0.14216	0.01083	0.00970
37	0.70310	0.02045	0.01554	0.01390	0.02045	0.02372	0.01145	0.03108	0.01799	0.04744	0.01472	0.01718	0.01145	0.00981	0.00654	0.00327	0.00818	0.00573	0.00654	0.01145
38	0.01510	0.01133	0.01699	0.01699	0.01888	0.01322	0.01322	0.01888	0.01699	0.02454	0.02832	0.04154	0.02643	0.07930	0.58652	0.01699	0.02832	0.01133	0.00566	0.00944
39	0.02290	0.01220	0.01578	0.01451	0.01748	0.01120	0.01047	0.02585	0.02466	0.16742	0.20710	0.16302	0.06057	0.17240	0.02247	0.00521	0.00751	0.01801	0.01038	0.01087
40	0.01642	0.01025	0.01294	0.01389	0.01487	0.00971	0.00903	0.01777	0.01927	0.06620	0.04809	0.37933	0.05533	0.24433	0.02769	0.00634	0.00782	0.02332	0.00885	0.00853
41	0.04744	0.01799	0.02454	0.01881	0.02699	0.01554	0.01554	0.05153	0.03026	0.56979	0.04171	0.03599	0.02617	0.01309	0.01063	0.00327	0.00900	0.01063	0.01309	0.01799
42	0.06542	0.01100	0.01464	0.01568	0.01731	0.01180	0.01147	0.01782	0.01861	0.02742	0.04154	0.31536	0.04599	0.05217	0.27088	0.00993	0.01627	0.01981	0.00770	0.00919
43	0.07137	0.01120	0.01316	0.01366	0.01507	0.01101	0.00898	0.01911	0.01883	0.06747	0.04326	0.30115	0.04896	0.27501	0.02934	0.00659	0.00821	0.02059	0.00840	0.00864
44	0.01408	0.01077	0.01291	0.01238	0.01525	0.00960	0.00928	0.01824	0.02785	0.03745	0.39615	0.08712	0.26358	0.02346	0.01248	0.00341	0.00512	0.02026	0.01099	0.00960
45	0.02827	0.63478	0.05540	0.01809	0.02714	0.04184	0.01809	0.03166	0.02148	0.02488	0.01470	0.01696	0.01357	0.00905	0.00678	0.00226	0.01131	0.00565	0.00452	0.01357
46	0.03688	0.02265	0.03457	0.02876	0.07583	0.02190	0.12369	0.14788	0.03218	0.26445	0.03339	0.07505	0.02478	0.01333	0.01121	0.00338	0.01149	0.01213	0.01005	0.01641
47	0.02832	0.01300	0.01771	0.01640	0.02023	0.01165	0.01223	0.03054	0.02397	0.26070	0.04742	0.31391	0.04624	0.02480	0.01484	0.06764	0.00765	0.01973	0.01074	0.01228
48	0.19921	0.02310	0.02288	0.01998	0.02645	0.02655	0.01587	0.11524	0.34210	0.04815	0.03343	0.03187	0.02503	0.01297	0.00967	0.00345	0.00877	0.01004	0.00967	0.01557
49	0.63188	0.02073	0.01730	0.01536	0.02121	0.02463	0.01267	0.03049	0.01781	0.04513	0.01463	0.01780	0.01170	0.01073	0.00949	0.00341	0.07112	0.00609	0.00634	0.01146
50	0.03780	0.01783	0.02280	0.01834	0.02510	0.01678	0.01483	0.08085	0.08539	0.36545	0.14976	0.04466	0.04179	0.01500	0.01103	0.00331	0.00828	0.01249	0.01235	0.01616
51	0.70310	0.02045	0.01554	0.01390	0.02045	0.02372	0.01145	0.03108	0.01799	0.04744	0.01472	0.01718	0.01145	0.00981	0.00654	0.00327	0.00818	0.00573	0.00654	0.01145
52	0.01288	0.00920	0.01227	0.01472	0.01534	0.00859	0.00981	0.01472	0.02024	0.02699	0.05828	0.62152	0.06993	0.03312	0.01350	0.00429	0.00613	0.03006	0.00981	0.00859
53	0.01396	0.01019	0.01341	0.01406	0.01580	0.00964	0.01009	0.01740	0.02437	0.03352	0.27405	0.29999	0.11012	0.03203	0.06611	0.00501	0.00765	0.02310	0.01022	0.00929
54	0.02621	0.46559	0.20655	0.02160	0.03257	0.03680	0.02421	0.03219	0.02173	0.02739	0.01595	0.01852	0.01352	0.00934	0.00774	0.00258	0.01257	0.00628	0.00451	0.01417
55	0.02064	0.02162	0.04448	0.03390	0.04099	0.02025	0.34029	0.02703	0.02327	0.03141	0.03457	0.24044	0.03530	0.01757	0.01284	0.00383	0.01365	0.01876	0.00694	0.01223
56	0.02430	0.02659	0.05167	0.03856	0.04543	0.02876	0.34505	0.03086	0.02182	0.03086	0.01871	0.02659	0.01527	0.01234	0.02042	0.00394	0.22912	0.01133	0.00509	0.01330
57	0.02979	0.10963	0.22313	0.02999	0.04012	0.24952	0.10579	0.03682	0.02568	0.02962	0.01786	0.02144	0.01392	0.01010	0.00988	0.00302	0.01689	0.00792	0.00500	0.01386
58	0.04019	0.02962	0.03173	0.02433	0.03279	0.03279	0.02010	0.52721	0.04971	0.06663	0.02538	0.02538	0.01798	0.01269	0.01058	0.00317	0.01163	0.00952	0.01058	0.01798
59	0.01538	0.01025	0.01153	0.01153	0.01153	0.01025	0.00641	0.01538	0.01538	0.02050	0.03331	0.06919	0.03844	0.62842	0.05382	0.01025	0.01025	0.01538	0.00641	0.00641
60	0.01306	0.00928	0.01222	0.01450	0.01506	0.00871	0.00957	0.01477	0.01990	0.02653	0.05650	0.58221	0.06769	0.07549	0.01637	0.00472	0.00643	0.02901	0.00957	0.00843
61	0.70310	0.02045	0.01554	0.01390	0.02045	0.02372	0.01145	0.03108	0.01799	0.04744	0.01472	0.01718	0.01145	0.00981	0.00654	0.00327	0.00818	0.00573	0.00654	0.01145
62	0.02617	0.02512	0.04292	0.06490	0.56246	0.02512	0.03245	0.03245	0.02407	0.03454	0.01989	0.02617	0.01675	0.00942	0.01047	0.00314	0.01256	0.00942	0.00523	0.01675
63	0.01843	0.01461	0.01710	0.01663	0.01985	0.01542	0.01235	0.03144	0.21071	0.03874	0.23383	0.21656	0.06730	0.02224	0.01215	0.00369	0.00652	0.01962	0.01081	0.01200
64	0.03764	0.01559	0.02115	0.01752	0.02367	0.01365	0.01390	0.04133	0.02814	0.41450	0.08609	0.16173	0.04116	0.01795	0.01138	0.00349	0.00808	0.01537	0.01229	0.01539
65	0.01274	0.00974	0.01171	0.01329	0.01496	0.00871	0.00918	0.01488	0.02162	0.02755	0.07573	0.43577	0.24441	0.03086	0.01314	0.00404	0.00586	0.02729	0.00982	0.00871
66	0.02012	0.01843	0.02500	0.02226	0.02232	0.02432	0.01748	0.02178	0.01636	0.02430	0.02320	0.09221	0.02566	0.17976	0.03769	0.00607	0.39468	0.01284	0.00559	0.00993
67	0.01752	0.01126	0.01422	0.01361	0.01659	0.01011	0.01015	0.02141	0.02713	0.09223	0.32762	0.17270	0.17780	0.02373	0.01246	0.00354	0.00568	0.02075	0.01111	0.01037
68	0.02972	0.01691	0.01956	0.01696	0.02235	0.01740	0.01335	0.04332	0.21151	0.19620	0.08808	0.04210	0.03542	0.01413	0.01001	0.00318	0.00735	0.01169	0.18608	0.01470
69	0.01473	0.01080	0.01381	0.01305	0.01565	0.00988	0.00979	0.01950	0.02937	0.04108	0.51404	0.08115	0.14343	0.02211	0.01247	0.00335	0.00502	0.01943	0.01147	0.00988
70	0.02036	0.01157	0.01423	0.01381	0.01541	0.01113	0.00928	0.02169	0.01912	0.10873	0.03939	0.12183	0.04186	0.41212	0.03907	0.00802	0.00961	0.06588	0.00813	0.00879
71	0.37907	0.01724	0.01646	0.01436	0.01955	0.01840	0.01103	0.03145	0.02000	0.15492	0.02551	0.03493	0.02175	0.17267	0.01983	0.00510	0.00890	0.00933	0.00794	0.01156
72	0.01451	0.01061	0.01179	0.01149	0.01451	0.00944	0.00862	0.01836	0.02586	0.03517	0.25495	0.08388	0.31228	0.02267	0.01168	0.00331	0.00516	0.01922	0.11705	0.00944
73	0.01488	0.01056	0.01312	0.01486	0.01618	0.01041	0.01022	0.01971	0.07028	0.02993	0.05433	0.50510	0.06186	0.02916	0.01260	0.00403	0.00622	0.02622	0.08085	0.00950
74	0.01487	0.01118	0.01310	0.01398	0.01576	0.01083	0.00980	0.01899	0.06223	0.02761	0.06250	0.26776	0.17576	0.17457	0.02295	0.00557	0.00747	0.06711	0.00905	0.00890
75	0.01431	0.01064	0.01245	0.01207	0.01429	0.00972	0.00851	0.01737	0.02459	0.03281	0.29111	0.08360	0.22588	0.17084	0.02254	0.00509	0.00638	0.01919	0.00981	0.00878
76	0.01997	0.01879	0.03171	0.60301	0.07282	0.02349	0.02936	0.02701	0.02114	0.02701	0.01879	0.02819	0.01409	0.01057	0.01057	0.00352	0.01409	0.00940	0.00470	0.01175
77	0.03048	0.02692	0.03206	0.11674	0.03957	0.06972	0.07318	0.19498	0.21473	0.04605	0.02946	0.03063	0.02187	0.01241	0.01076	0.00338	0.01208	0.01046	0.00878	0.01574
78	0.02634	0.02029	0.02247	0.02007	0.02499	0.02223	0.01543	0.20521	0.18470	0.04586	0.04234	0.24257	0.04076	0.02048	0.01167	0.00370	0.00871	0.01758	0.01036	0.01426
79	0.08752	0.13221	0.07794	0.02624	0.08164	0.03073	0.02126	0.25698	0.06823	0.08226	0.02384	0.02469	0.01766	0.01145	0.00957	0.00307	0.01134	0.00864	0.00840	0.01633
80	0.02937	0.57868	0.05321	0.01867	0.02766	0.04100	0.01828	0.07760	0.02410	0.02875	0.01569	0.01774	0.01398	0.00938	0.00714	0.00235	0.01134	0.00601	0.00508	0.01398
81	0.01338	0.00952	0.01248	0.01426	0.01510	0.00892	0.00957	0.01554	0.02127	0.02872	0.12901	0.49852	0.07178	0.07873	0.01655	0.00463	0.00629	0.02730	0.00981	0.00862
82	0.08164	0.40738	0.11609	0.02016	0.02952	0.07894	0.02031	0.03454	0.02281	0.07834	0.01790	0.01962	0.01456	0.00976	0.00777	0.00261	0.01204	0.00650	0.00554	0.01398
83	0.02757	0.02612	0.03427	0.08434	0.28734	0.08341	0.02588	0.08168	0.10860	0.03732	0.02703	0.03645	0.02299	0.01262	0.01083	0.00336	0.01234	0.05546	0.00701	0.01537
84	0.01414	0.01022	0.01412	0.01523	0.01629	0.01073	0.01076	0.01653	0.01824	0.02510	0.04248	0.30633	0.04764	0.13314	0.25622	0.01036	0.01588	0.02031	0.00763	0.00864
85	0.07960	0.02678	0.03976	0.05794	0.47815	0.06989	0.02986	0.03312	0.02408	0.03485	0.01920	0.02490	0.01609	0.00957	0.01009	0.00312	0.01274	0.00893	0.00535	0.01598
86	0.29345	0.08389	0.02255	0.01746	0.02291	0.16164	0.01393	0.03099	0.02443	0.03861	0.15723	0.03382	0.03534	0.01310	0.00886	0.00305	0.01035	0.00950	0.00741	0.01147
87	0.01288	0.00920	0.01227	0.01472	0.01534	0.00859	0.00981	0.01472	0.02024	0.02699	0.05828	0.62152	0.06993	0.03312	0.01350	0.00429	0.00613	0.03006	0.00981	0.00859
88	0.02527	0.01304	0.01596	0.01429	0.01877	0.01134	0.01086	0.02811	0.02501	0.22110	0.07030	0.15628	0.25104	0.07065	0.01527	0.00411	0.00717	0.01879	0.01071	0.01191
89	0.02760	0.57952	0.10477	0.01924	0.02891	0.04019	0.02009	0.03183	0.02156	0.02570	0.01511	0.01747	0.01355	0.00914	0.00709	0.00236	0.01172	0.00586	0.00452	0.01376
90	0.02121	0.05469	0.57364	0.03014	0.04576	0.02455	0.03906	0.03348	0.02232	0.03348	0.01897	0.02232	0.01339	0.01005	0.01005	0.00335	0.01563	0.00781	0.00446	0.01563
91	0.04744	0.01799	0.02454	0.01881	0.02699	0.01554	0.01554	0.05153	0.03026	0.56979	0.04171	0.03599	0.02617	0.01309	0.01063	0.00327	0.00900	0.01063	0.01309	0.01799
92	0.02630	0.02271	0.02391	0.02152	0.02749	0.02630	0.01674	0.05618	0.54336	0.04423	0.04303	0.03945	0.03228	0.01434	0.01076	0.00359	0.00837	0.01195	0.01076	0.01674
93	0.01538	0.01025	0.01153	0.01153	0.01153	0.01025	0.00641	0.01538	0.01538	0.02050	0.03331	0.06919	0.03844	0.62842	0.05382	0.01025	0.01025	0.01538	0.00641	0.00641
94	0.01510	0.01133	0.01699	0.01699	0.01888	0.01322	0.01322	0.01888	0.01699	0.02454	0.02832	0.04154	0.02643	0.07930	0.58652	0.01699	0.02832	0.01133	0.00566	0.00944
95	0.02827	0.63478	0.05540	0.01809	0.02714	0.04184	0.01809	0.03166	0.02148	0.02488	0.01470	0.01696	0.01357	0.00905	0.00678	0.00226	0.01131	0.00565	0.00452	0.01357
96	0.02643	0.02463	0.04059	0.13256	0.45754	0.02549	0.03110	0.06959	0.02565	0.03601	0.02016	0.02637	0.01649	0.00982	0.01049	0.00319	0.01269	0.00942	0.00557	0.01618
97	0.02496	0.02852	0.06239	0.04456	0.05526	0.02674	0.52406	0.03387	0.02496	0.03387	0.02139	0.02852	0.01604	0.00891	0.01248	0.00357	0.01783	0.01248	0.00535	0.01426
98	0.01837	0.00918	0.01377	0.01377	0.01377	0.00918	0.00918	0.01377	0.01377	0.01837	0.01837	0.03214	0.01837	0.03673	0.04132	0.69238	0.00918	0.00918	0.00459	0.00459
99	0.03562	0.04259	0.03752	0.03344	0.07923	0.39163	0.12080	0.07431	0.02991	0.03104	0.01826	0.02195	0.01466	0.01051	0.01026	0.00296	0.01778	0.00833	0.00578	0.01342
100	0.04454	0.01996	0.02904	0.02192	0.03038	0.01800	0.06914	0.08520	0.03116	0.47608	0.03836	0.03441	0.02450	0.01262	0.01082	0.00329	0.01012	0.01074	0.01209	0.01760
101	0.03302	0.02685	0.02670	0.02263	0.02942	0.07917	0.01793	0.18615	0.31857	0.08900	0.03553	0.03336	0.02608	0.01347	0.01058	0.00337	0.01032	0.01070	0.01039	0.01676
102	0.01837	0.00918	0.01377	0.01377	0.01377	0.00918	0.00918	0.01377	0.01377	0.01837	0.01837	0.03214	0.01837	0.03673	0.04132	0.69238	0.00918	0.00918	0.00459	0.00459
103	0.02128	0.15554	0.38192	0.02517	0.03717	0.02519	0.03021	0.03037	0.02256	0.03196	0.06298	0.08120	0.02528	0.01288	0.00994	0.00323	0.01312	0.01034	0.00552	0.01416
104	0.64158	0.02322	0.01688	0.01514	0.02158	0.07584	0.01228	0.03211	0.01910	0.04544	0.01487	0.01735	0.01165	0.00991	0.00682	0.00322	0.00919	0.00583	0.00644	0.01153
105	0.01989	0.01792	0.02979	0.02880	0.11127	0.01742	0.12304	0.02823	0.07555	0.03953	0.31131	0.05632	0.06271	0.01633	0.01200	0.00337	0.00921	0.01552	0.00922	0.01258
106	0.02143	0.04059	0.34970	0.11371	0.11128	0.02349	0.07171	0.03141	0.02318	0.03345	0.06197	0.02858	0.02097	0.01087	0.01055	0.00336	0.01436	0.00949	0.00523	0.01467
107	0.01997	0.01879	0.03171	0.60301	0.07282	0.02349	0.02936	0.02701	0.02114	0.02701	0.01879	0.02819	0.01409	0.01057	0.01057	0.00352	0.01409	0.00940	0.00470	0.01175
108	0.02192	0.01879	0.02192	0.01566	0.02506	0.01409	0.01253	0.02662	0.02192	0.03445	0.01879	0.02192	0.01566	0.00783	0.00783	0.00157	0.00783	0.00626	0.00626	0.69305
109	0.03889	0.02920	0.03277	0.02809	0.08189	0.03208	0.02124	0.48134	0.04734	0.06366	0.02488	0.02546	0.01787	0.01239	0.01057	0.00317	0.01172	0.00951	0.01008	0.01787
110	0.02282	0.18727	0.45520	0.02738	0.04151	0.02850	0.03427	0.03307	0.02213	0.03152	0.01800	0.02110	0.01343	0.00982	0.00930	0.00310	0.01464	0.00732	0.00448	0.01516

[dist]
# distance from previous block
# <min> <max>
0	6

# created by:
# /st0/software/busco_prod/Augustus/scripts/msa2prfl.pl ./align_prep/6445.fa
