[name]
unknown

[dist]
# distance from previous block
# <min> <max>
0	239

[block]
# block no. 0 follows, 13 sequences, length 35
# corresponding to MSA columns:
# 280-314
name=unknown_A
#
# <colnr> <probs for GDERKNQSTAVLIFYWHMCP>
#	G	D	E	R	K	N	Q	S	T	A	V	L	I	F	Y	W	H	M	C	P
0	0.02664	0.01356	0.01752	0.01515	0.02000	0.01219	0.01196	0.03054	0.02703	0.23637	0.18361	0.06420	0.18184	0.02648	0.07908	0.00497	0.00934	0.01582	0.01102	0.01268
1	0.03487	0.02623	0.02833	0.02256	0.02989	0.02901	0.01834	0.38746	0.13153	0.05997	0.09070	0.03406	0.03000	0.01402	0.01083	0.00326	0.01030	0.01106	0.01073	0.01683
2	0.01914	0.01767	0.02943	0.53404	0.06608	0.02174	0.02707	0.02557	0.02104	0.02701	0.02342	0.09774	0.02064	0.01321	0.01091	0.00361	0.01316	0.01182	0.00530	0.01138
3	0.16148	0.02119	0.02516	0.02000	0.02697	0.02218	0.01654	0.13275	0.03000	0.31874	0.03056	0.02913	0.02056	0.01306	0.01271	0.00341	0.07968	0.00938	0.01045	0.01606
4	0.02759	0.02056	0.03254	0.25323	0.20721	0.02129	0.02556	0.03353	0.02395	0.13888	0.02372	0.02840	0.01751	0.01040	0.01023	0.00313	0.01187	0.00928	0.00672	0.09439
5	0.01684	0.01113	0.01387	0.01340	0.01632	0.00996	0.00996	0.02061	0.02677	0.08268	0.31033	0.17853	0.20141	0.02421	0.01250	0.00356	0.00564	0.02113	0.01099	0.01017
6	0.02909	0.02249	0.04205	0.03133	0.03903	0.02178	0.26192	0.03548	0.02624	0.17419	0.10900	0.03776	0.03146	0.01292	0.01420	0.00356	0.07222	0.01271	0.00827	0.01430
7	0.03789	0.02452	0.12127	0.12688	0.03858	0.01855	0.02214	0.04394	0.02723	0.37801	0.03360	0.03220	0.02176	0.01210	0.01052	0.00333	0.01107	0.00992	0.01006	0.01645
8	0.04284	0.02537	0.02910	0.02231	0.03067	0.02649	0.01843	0.35345	0.04261	0.25043	0.03135	0.02926	0.02097	0.01284	0.01060	0.00321	0.01067	0.00993	0.01149	0.01799
9	0.01271	0.01072	0.01101	0.01094	0.01441	0.00902	0.00820	0.01559	0.02461	0.02978	0.14675	0.09975	0.51777	0.02632	0.01249	0.00355	0.00532	0.02203	0.00998	0.00902
10	0.03052	0.02250	0.03811	0.14434	0.28729	0.02250	0.07630	0.03663	0.02527	0.17287	0.02554	0.02932	0.01868	0.01053	0.01073	0.00328	0.01242	0.01004	0.00720	0.01596
11	0.03671	0.09644	0.06388	0.07881	0.03336	0.07878	0.01971	0.08283	0.02894	0.27286	0.03214	0.03685	0.02378	0.01334	0.01037	0.00326	0.01150	0.05163	0.00943	0.01540
12	0.59549	0.02106	0.01813	0.06147	0.02560	0.02443	0.01357	0.07075	0.02080	0.04737	0.01590	0.01871	0.01219	0.01011	0.00719	0.00328	0.00893	0.00632	0.00672	0.01200
13	0.01860	0.07646	0.01959	0.01700	0.01948	0.07141	0.01311	0.02149	0.02262	0.02838	0.08893	0.26485	0.05526	0.09632	0.01734	0.00469	0.00923	0.13704	0.00859	0.00960
14	0.01496	0.01081	0.01413	0.01330	0.01580	0.00998	0.00998	0.01995	0.02993	0.04240	0.55689	0.07898	0.09976	0.02162	0.01247	0.00333	0.00499	0.01912	0.01164	0.00998
15	0.02267	0.06075	0.02926	0.14976	0.07849	0.02058	0.06289	0.05677	0.06590	0.06292	0.10791	0.10268	0.03783	0.07721	0.01544	0.00411	0.01065	0.01391	0.00780	0.01245
16	0.01480	0.01068	0.01399	0.01341	0.01576	0.00987	0.00996	0.01954	0.02916	0.04118	0.51734	0.12201	0.09740	0.02253	0.01255	0.00340	0.00508	0.01999	0.01149	0.00987
17	0.03950	0.05039	0.02996	0.02724	0.03269	0.58597	0.02043	0.04222	0.02996	0.02588	0.01634	0.01907	0.01362	0.01090	0.00953	0.00272	0.01907	0.00681	0.00545	0.01226
18	0.55736	0.02537	0.08257	0.01684	0.02464	0.02472	0.01555	0.08061	0.02165	0.04771	0.01628	0.01859	0.01233	0.01013	0.00735	0.00327	0.00939	0.00635	0.00670	0.01259
19	0.10722	0.02206	0.02786	0.12612	0.11945	0.06897	0.04623	0.03579	0.07698	0.11342	0.06310	0.03272	0.02509	0.01192	0.00994	0.00322	0.01092	0.01007	0.07515	0.01378
20	0.02103	0.01826	0.02586	0.02685	0.12555	0.01740	0.04817	0.03043	0.10888	0.03895	0.22299	0.04715	0.04980	0.01436	0.01081	0.00297	0.00838	0.01294	0.00873	0.16049
21	0.03234	0.02156	0.06927	0.02069	0.02855	0.01802	0.04847	0.04241	0.12404	0.25676	0.10968	0.03955	0.03491	0.01341	0.01066	0.00316	0.00926	0.01147	0.01046	0.09533
22	0.03119	0.02439	0.08020	0.10878	0.03573	0.02295	0.02087	0.18566	0.07666	0.13608	0.03197	0.03925	0.02471	0.01396	0.01067	0.00340	0.01088	0.05842	0.06908	0.01516
23	0.02555	0.02449	0.04180	0.11831	0.51386	0.02496	0.03214	0.03191	0.02378	0.03380	0.01978	0.02637	0.01648	0.00953	0.01048	0.00318	0.01271	0.00942	0.00518	0.01625
24	0.03234	0.01912	0.02507	0.02187	0.08009	0.01577	0.01572	0.03696	0.02541	0.24407	0.02788	0.02786	0.01989	0.01005	0.00919	0.00239	0.00876	0.00829	0.00883	0.36043
25	0.21168	0.02560	0.02615	0.02089	0.02858	0.02839	0.01714	0.31233	0.08976	0.09994	0.02571	0.02553	0.01839	0.01214	0.00955	0.00325	0.01019	0.00887	0.00975	0.01616
26	0.02283	0.01973	0.06593	0.17355	0.03996	0.01931	0.07457	0.02819	0.02170	0.10616	0.03025	0.13158	0.02750	0.02650	0.10768	0.00591	0.06581	0.01361	0.00699	0.01226
27	0.12673	0.02332	0.03836	0.07839	0.18939	0.02339	0.14699	0.03732	0.05378	0.14145	0.02504	0.02828	0.01836	0.01043	0.01046	0.00334	0.01241	0.01003	0.00727	0.01527
28	0.01386	0.00996	0.01314	0.01406	0.01555	0.00924	0.00989	0.01718	0.02479	0.03423	0.29246	0.36670	0.08394	0.02772	0.01301	0.00384	0.00560	0.02492	0.01067	0.00924
29	0.02546	0.07622	0.04203	0.20728	0.29096	0.02679	0.07915	0.06535	0.02490	0.03376	0.01967	0.02613	0.01574	0.00989	0.01039	0.00322	0.01335	0.00941	0.00540	0.01490
30	0.02977	0.01782	0.02339	0.10668	0.03216	0.01560	0.01579	0.03445	0.02492	0.22076	0.03441	0.03466	0.06558	0.01172	0.00964	0.00264	0.00899	0.00965	0.00872	0.29265
31	0.70310	0.02045	0.01554	0.01390	0.02045	0.02372	0.01145	0.03108	0.01799	0.04744	0.01472	0.01718	0.01145	0.00981	0.00654	0.00327	0.00818	0.00573	0.00654	0.01145
32	0.02827	0.63478	0.05540	0.01809	0.02714	0.04184	0.01809	0.03166	0.02148	0.02488	0.01470	0.01696	0.01357	0.00905	0.00678	0.00226	0.01131	0.00565	0.00452	0.01357
33	0.01781	0.02040	0.10698	0.06933	0.02914	0.01561	0.06154	0.02545	0.05418	0.03695	0.26169	0.08760	0.09946	0.01789	0.01163	0.00341	0.00883	0.01590	0.04463	0.01159
34	0.01395	0.01077	0.01272	0.01223	0.01517	0.00954	0.00918	0.01798	0.02753	0.03670	0.37164	0.08836	0.28857	0.02374	0.01248	0.00343	0.00514	0.02044	0.01089	0.00954

[dist]
# distance from previous block
# <min> <max>
6	7

[block]
# block no. 1 follows, 13 sequences, length 9
# corresponding to MSA columns:
# 322-330
name=unknown_B
#
# <colnr> <probs for GDERKNQSTAVLIFYWHMCP>
#	G	D	E	R	K	N	Q	S	T	A	V	L	I	F	Y	W	H	M	C	P
0	0.02971	0.02536	0.11974	0.02013	0.02928	0.01837	0.01872	0.08031	0.06147	0.17787	0.03020	0.07487	0.02366	0.01248	0.00985	0.00282	0.00975	0.01025	0.00871	0.23643
1	0.02189	0.02267	0.07643	0.12452	0.08308	0.01769	0.01970	0.02784	0.02201	0.03307	0.01891	0.02344	0.01527	0.00866	0.00875	0.00221	0.01007	0.00724	0.00573	0.45082
2	0.03003	0.02114	0.02779	0.07255	0.03313	0.01925	0.05155	0.11632	0.02838	0.14394	0.02457	0.02628	0.01799	0.01000	0.00941	0.00249	0.00996	0.00838	0.00812	0.33874
3	0.02215	0.01655	0.01921	0.01798	0.02228	0.01698	0.01408	0.11474	0.10849	0.03946	0.04316	0.21563	0.04335	0.02119	0.01157	0.00362	0.00817	0.10207	0.07220	0.08713
4	0.02362	0.03885	0.28606	0.03123	0.04281	0.02561	0.15357	0.04019	0.17465	0.03671	0.02658	0.02885	0.01955	0.01101	0.01086	0.00347	0.01406	0.01018	0.00652	0.01561
5	0.04095	0.01656	0.02246	0.01771	0.02475	0.01443	0.01443	0.04522	0.03020	0.46446	0.14460	0.04457	0.04087	0.01479	0.01100	0.00328	0.00820	0.01233	0.01280	0.01639
6	0.02711	0.09453	0.16437	0.02419	0.07481	0.02115	0.02174	0.07150	0.02680	0.14426	0.07325	0.07699	0.10432	0.01529	0.01061	0.00327	0.01047	0.01261	0.00834	0.01441
7	0.02192	0.01879	0.02192	0.01566	0.02506	0.01409	0.01253	0.02662	0.02192	0.03445	0.01879	0.02192	0.01566	0.00783	0.00783	0.00157	0.00783	0.00626	0.00626	0.69305
8	0.02121	0.05469	0.57364	0.03014	0.04576	0.02455	0.03906	0.03348	0.02232	0.03348	0.01897	0.02232	0.01339	0.01005	0.01005	0.00335	0.01563	0.00781	0.00446	0.01563

[dist]
# distance from previous block
# <min> <max>
0	1

[block]
# block no. 2 follows, 13 sequences, length 36
# corresponding to MSA columns:
# 332-367
name=unknown_C
#
# <colnr> <probs for GDERKNQSTAVLIFYWHMCP>
#	G	D	E	R	K	N	Q	S	T	A	V	L	I	F	Y	W	H	M	C	P
0	0.03050	0.28585	0.03773	0.01946	0.02666	0.07526	0.01687	0.13678	0.02809	0.06767	0.02299	0.07296	0.02057	0.01429	0.01128	0.05459	0.01107	0.00926	0.00697	0.05116
1	0.01271	0.01059	0.01110	0.01125	0.01448	0.00898	0.00833	0.01549	0.02421	0.02947	0.13678	0.14426	0.48216	0.02693	0.01258	0.00361	0.00539	0.02273	0.00995	0.00898
2	0.02244	0.02241	0.06715	0.02342	0.09924	0.01639	0.01726	0.02794	0.02225	0.03439	0.01895	0.02253	0.01563	0.00822	0.00836	0.00192	0.00907	0.00681	0.00599	0.54965
3	0.01288	0.00920	0.01227	0.01472	0.01534	0.00859	0.00981	0.01472	0.02024	0.02699	0.05828	0.62152	0.06993	0.03312	0.01350	0.00429	0.00613	0.03006	0.00981	0.00859
4	0.02767	0.58542	0.09950	0.01912	0.02872	0.04037	0.01988	0.03182	0.02155	0.02561	0.01506	0.01742	0.01355	0.00913	0.00706	0.00235	0.01167	0.00584	0.00452	0.01374
5	0.01391	0.01077	0.01267	0.01220	0.01515	0.00953	0.00915	0.01792	0.02744	0.03650	0.36516	0.08869	0.29517	0.02382	0.01248	0.00343	0.00514	0.02048	0.01086	0.00953
6	0.01843	0.01549	0.02346	0.03057	0.19921	0.01490	0.01739	0.02348	0.02691	0.03782	0.31362	0.10183	0.09718	0.01866	0.01187	0.00335	0.00764	0.01685	0.00925	0.01209
7	0.01633	0.01289	0.01834	0.01766	0.01895	0.01554	0.01353	0.01926	0.01660	0.02399	0.02704	0.04350	0.02661	0.16329	0.41496	0.01403	0.11091	0.01171	0.00564	0.00924
8	0.02121	0.05469	0.57364	0.03014	0.04576	0.02455	0.03906	0.03348	0.02232	0.03348	0.01897	0.02232	0.01339	0.01005	0.01005	0.00335	0.01563	0.00781	0.00446	0.01563
9	0.02827	0.63478	0.05540	0.01809	0.02714	0.04184	0.01809	0.03166	0.02148	0.02488	0.01470	0.01696	0.01357	0.00905	0.00678	0.00226	0.01131	0.00565	0.00452	0.01357
10	0.02370	0.26341	0.34986	0.06300	0.04074	0.03077	0.03080	0.03240	0.02194	0.02993	0.01741	0.02075	0.01350	0.00972	0.00889	0.00296	0.01396	0.00713	0.00450	0.01463
11	0.02686	0.15926	0.03737	0.02510	0.02839	0.03453	0.02156	0.10310	0.02246	0.03158	0.01581	0.02211	0.01443	0.01553	0.02486	0.00388	0.38616	0.00850	0.00551	0.01298
12	0.01373	0.00986	0.01303	0.01414	0.01552	0.00916	0.00988	0.01686	0.02420	0.03329	0.26212	0.39971	0.08213	0.02842	0.01308	0.00390	0.00567	0.02559	0.01056	0.00916
13	0.01399	0.01034	0.01329	0.01502	0.01678	0.00964	0.01126	0.01698	0.02274	0.02966	0.10695	0.35809	0.16115	0.03006	0.01350	0.00422	0.00678	0.14055	0.00994	0.00904
14	0.01496	0.01081	0.01413	0.01330	0.01580	0.00998	0.00998	0.01995	0.02993	0.04240	0.55689	0.07898	0.09976	0.02162	0.01247	0.00333	0.00499	0.01912	0.01164	0.00998
15	0.01414	0.01064	0.01307	0.01275	0.01536	0.00958	0.00945	0.01824	0.02755	0.03742	0.39524	0.13310	0.21674	0.02398	0.01257	0.00348	0.00519	0.02093	0.01100	0.00958
16	0.03798	0.04728	0.02842	0.02590	0.03112	0.54171	0.01943	0.04087	0.02936	0.02692	0.01774	0.02063	0.01466	0.01100	0.00937	0.00270	0.01798	0.00704	0.05782	0.01207
17	0.02617	0.02512	0.04292	0.06490	0.56246	0.02512	0.03245	0.03245	0.02407	0.03454	0.01989	0.02617	0.01675	0.00942	0.01047	0.00314	0.01256	0.00942	0.00523	0.01675
18	0.02829	0.01805	0.02492	0.01872	0.02670	0.01492	0.05837	0.03324	0.02596	0.18887	0.11830	0.03636	0.03319	0.01180	0.00984	0.00253	0.00856	0.01028	0.00906	0.32202
19	0.03855	0.01896	0.02584	0.11936	0.03496	0.01776	0.01776	0.07297	0.02867	0.36739	0.03342	0.03194	0.02206	0.01186	0.01021	0.00306	0.00987	0.00972	0.01049	0.11514
20	0.52852	0.07318	0.02183	0.01665	0.02228	0.02675	0.01403	0.03016	0.01798	0.04173	0.01457	0.01818	0.01205	0.01125	0.01142	0.00342	0.11199	0.00633	0.00604	0.01165
21	0.13489	0.01333	0.01636	0.01809	0.02107	0.01384	0.01543	0.02285	0.02288	0.03395	0.04908	0.14627	0.05314	0.02621	0.01312	0.00454	0.00915	0.36667	0.00919	0.00993
22	0.13354	0.01247	0.01438	0.01341	0.01660	0.01234	0.01023	0.02187	0.02787	0.04327	0.46346	0.06833	0.08455	0.01958	0.01145	0.00332	0.00554	0.01681	0.01076	0.01023
23	0.01844	0.01578	0.02397	0.02031	0.02480	0.01547	0.10007	0.02773	0.10630	0.03945	0.31657	0.06908	0.09959	0.01928	0.01239	0.00355	0.00814	0.05726	0.01015	0.01166
24	0.02732	0.02225	0.03103	0.02622	0.02763	0.02948	0.02182	0.02994	0.01862	0.11924	0.01868	0.02535	0.01600	0.01757	0.03055	0.00439	0.50567	0.00949	0.00608	0.01267
25	0.02060	0.01733	0.01992	0.01598	0.02298	0.01498	0.01245	0.02934	0.11276	0.03616	0.09481	0.07636	0.07109	0.01358	0.00958	0.00244	0.00730	0.01145	0.00815	0.40274
26	0.03753	0.02384	0.02899	0.12223	0.03757	0.02571	0.02010	0.26410	0.08310	0.20071	0.03045	0.03013	0.02091	0.01259	0.01061	0.00330	0.01102	0.01003	0.01029	0.01680
27	0.14532	0.01921	0.02219	0.01697	0.02491	0.01741	0.01381	0.03310	0.02277	0.16052	0.02307	0.02446	0.01725	0.01017	0.01020	0.00248	0.05162	0.00740	0.00778	0.36938
28	0.70310	0.02045	0.01554	0.01390	0.02045	0.02372	0.01145	0.03108	0.01799	0.04744	0.01472	0.01718	0.01145	0.00981	0.00654	0.00327	0.00818	0.00573	0.00654	0.01145
29	0.02858	0.02408	0.03182	0.02948	0.07540	0.06243	0.02249	0.03158	0.02015	0.12008	0.01936	0.02537	0.01624	0.01630	0.02687	0.00415	0.41689	0.00936	0.00619	0.01318
30	0.02675	0.02134	0.06642	0.12128	0.03424	0.02154	0.02004	0.11412	0.02557	0.11839	0.02634	0.03445	0.02144	0.08207	0.14279	0.00707	0.08528	0.01043	0.00736	0.01309
31	0.08385	0.02456	0.02972	0.10630	0.03532	0.02986	0.02125	0.20807	0.09010	0.04426	0.02212	0.02606	0.01731	0.01413	0.01766	0.00372	0.19424	0.00940	0.00762	0.01446
32	0.58888	0.02203	0.01833	0.01570	0.02257	0.02528	0.01294	0.11657	0.02346	0.05075	0.01656	0.01859	0.01258	0.01031	0.00724	0.00325	0.00877	0.00638	0.00724	0.01258
33	0.02742	0.02327	0.02454	0.02174	0.02792	0.02682	0.01701	0.09410	0.50363	0.04603	0.04161	0.03832	0.03112	0.01421	0.01074	0.00355	0.00863	0.01176	0.01074	0.01684
34	0.01884	0.01072	0.01438	0.01543	0.01734	0.00979	0.01080	0.02106	0.02197	0.12052	0.05542	0.52062	0.06239	0.02967	0.01300	0.00412	0.00663	0.02671	0.01038	0.01021
35	0.13354	0.01247	0.01438	0.01341	0.01660	0.01234	0.01023	0.02187	0.02787	0.04327	0.46346	0.06833	0.08455	0.01958	0.01145	0.00332	0.00554	0.01681	0.01076	0.01023

[dist]
# distance from previous block
# <min> <max>
1	13

[block]
# block no. 3 follows, 13 sequences, length 16
# corresponding to MSA columns:
# 381-396
name=unknown_D
#
# <colnr> <probs for GDERKNQSTAVLIFYWHMCP>
#	G	D	E	R	K	N	Q	S	T	A	V	L	I	F	Y	W	H	M	C	P
0	0.04279	0.01813	0.02575	0.11766	0.03475	0.01689	0.01788	0.04738	0.02872	0.47795	0.03783	0.03467	0.02413	0.01266	0.01062	0.00331	0.00986	0.01042	0.01167	0.01694
1	0.01358	0.00974	0.01289	0.01425	0.01549	0.00905	0.00987	0.01647	0.02348	0.03214	0.22486	0.44026	0.07990	0.02928	0.01315	0.00397	0.00575	0.02640	0.01042	0.00905
2	0.01408	0.01082	0.01556	0.11426	0.02506	0.01111	0.01312	0.01680	0.02039	0.02699	0.05159	0.52112	0.06048	0.02931	0.01300	0.00416	0.00748	0.02656	0.00895	0.00912
3	0.13014	0.01787	0.02348	0.11831	0.02994	0.02262	0.01779	0.02382	0.01729	0.02825	0.02051	0.03408	0.01983	0.13487	0.11206	0.00708	0.21615	0.01012	0.00543	0.01033
4	0.02214	0.02177	0.03217	0.20807	0.04188	0.02960	0.02509	0.02594	0.01774	0.02594	0.01542	0.02472	0.01395	0.01602	0.02714	0.00428	0.42257	0.00930	0.00465	0.01162
5	0.02224	0.01318	0.01390	0.01285	0.01597	0.01366	0.00966	0.10808	0.02611	0.04141	0.03485	0.08839	0.03009	0.06510	0.01228	0.00338	0.00660	0.01195	0.45944	0.01084
6	0.26825	0.19224	0.03379	0.06886	0.03134	0.09579	0.04812	0.06300	0.02358	0.06391	0.01767	0.02041	0.01393	0.01008	0.00812	0.00296	0.01166	0.00703	0.00621	0.01304
7	0.01650	0.01712	0.08363	0.16490	0.03314	0.01441	0.01794	0.02128	0.02095	0.02929	0.04069	0.32872	0.04382	0.02212	0.01160	0.00376	0.00913	0.01971	0.09090	0.01038
8	0.02331	0.01975	0.02396	0.08625	0.03142	0.01687	0.01520	0.07100	0.02429	0.03642	0.01938	0.02298	0.01568	0.00859	0.00840	0.00194	0.00891	0.00692	0.00646	0.55228
9	0.09984	0.02439	0.08180	0.02047	0.02941	0.02059	0.01835	0.14229	0.03179	0.33527	0.03234	0.02995	0.02128	0.01209	0.01003	0.00316	0.01007	0.00943	0.01071	0.05673
10	0.13373	0.01680	0.01582	0.01648	0.01941	0.08058	0.01253	0.02253	0.02289	0.03257	0.09086	0.26784	0.09516	0.02434	0.01188	0.00390	0.00851	0.10543	0.00888	0.00986
11	0.13882	0.13935	0.03213	0.17289	0.03841	0.02606	0.04986	0.07387	0.05549	0.03752	0.10795	0.03292	0.02916	0.01227	0.00959	0.00318	0.01073	0.01000	0.00703	0.01276
12	0.09564	0.01139	0.01309	0.01342	0.01594	0.01096	0.00977	0.01869	0.02424	0.03544	0.24740	0.25930	0.15672	0.02499	0.01212	0.00369	0.00582	0.02177	0.01011	0.00950
13	0.13309	0.12588	0.03123	0.01959	0.02820	0.02440	0.04634	0.11652	0.02758	0.13632	0.02286	0.02388	0.01697	0.01016	0.00870	0.00264	0.00993	0.00779	0.00790	0.20004
14	0.03561	0.15114	0.06660	0.02323	0.06207	0.02611	0.01927	0.12549	0.08345	0.21876	0.02935	0.02831	0.02080	0.01159	0.00962	0.00297	0.01042	0.00904	0.00922	0.05695
15	0.26474	0.07139	0.02337	0.01719	0.02382	0.02401	0.01423	0.14274	0.05944	0.11058	0.07164	0.02987	0.02519	0.01230	0.00878	0.00312	0.00875	0.00904	0.06590	0.01389

[dist]
# distance from previous block
# <min> <max>
0	89

[block]
# block no. 4 follows, 13 sequences, length 81
# corresponding to MSA columns:
# 494-574
name=unknown_E
#
# <colnr> <probs for GDERKNQSTAVLIFYWHMCP>
#	G	D	E	R	K	N	Q	S	T	A	V	L	I	F	Y	W	H	M	C	P
0	0.17621	0.06969	0.07075	0.01996	0.02682	0.06203	0.01731	0.18046	0.02941	0.07859	0.02339	0.06102	0.01941	0.01594	0.01356	0.09408	0.01086	0.00941	0.00776	0.01333
1	0.07130	0.07420	0.08115	0.02989	0.08332	0.10022	0.10488	0.10178	0.09817	0.07314	0.02408	0.02615	0.01819	0.01080	0.01003	0.00309	0.01297	0.00918	0.00726	0.06021
2	0.11490	0.06820	0.07659	0.06041	0.03448	0.02316	0.08545	0.10437	0.02714	0.11165	0.02580	0.03358	0.02063	0.01204	0.00996	0.00314	0.01137	0.05275	0.00767	0.11669
3	0.12764	0.19365	0.03125	0.01740	0.02539	0.02554	0.01512	0.09726	0.02672	0.14612	0.03065	0.03046	0.06656	0.01189	0.00870	0.00274	0.00936	0.00879	0.00808	0.11667
4	0.35632	0.12755	0.02644	0.05588	0.02732	0.02655	0.01532	0.06655	0.06601	0.11197	0.02156	0.02271	0.01607	0.01072	0.00799	0.00313	0.00946	0.00736	0.00753	0.01355
5	0.02283	0.01492	0.01765	0.01585	0.02021	0.01479	0.01246	0.06560	0.10747	0.11100	0.24041	0.06705	0.13619	0.01944	0.01166	0.00343	0.00686	0.04649	0.05325	0.01245
6	0.01653	0.01145	0.01416	0.01380	0.01691	0.01002	0.01010	0.01985	0.02465	0.06868	0.20552	0.26035	0.17700	0.02482	0.01228	0.00354	0.00599	0.02179	0.01023	0.07233
7	0.01997	0.01879	0.03171	0.60301	0.07282	0.02349	0.02936	0.02701	0.02114	0.02701	0.01879	0.02819	0.01409	0.01057	0.01057	0.00352	0.01409	0.00940	0.00470	0.01175
8	0.02110	0.01791	0.02104	0.01557	0.02417	0.01359	0.01228	0.02553	0.02177	0.03377	0.02241	0.07680	0.02063	0.01015	0.00835	0.00182	0.00768	0.00844	0.00659	0.63041
9	0.70310	0.02045	0.01554	0.01390	0.02045	0.02372	0.01145	0.03108	0.01799	0.04744	0.01472	0.01718	0.01145	0.00981	0.00654	0.00327	0.00818	0.00573	0.00654	0.01145
10	0.01272	0.01072	0.01102	0.01095	0.01442	0.00902	0.00821	0.01561	0.02463	0.02983	0.14827	0.09967	0.51622	0.02630	0.01249	0.00355	0.00532	0.02202	0.00998	0.00902
11	0.01496	0.01081	0.01413	0.01330	0.01580	0.00998	0.00998	0.01995	0.02993	0.04240	0.55689	0.07898	0.09976	0.02162	0.01247	0.00333	0.00499	0.01912	0.01164	0.00998
12	0.02313	0.02313	0.03238	0.02776	0.02776	0.03238	0.02313	0.02545	0.01619	0.02545	0.01388	0.02313	0.01388	0.01851	0.03470	0.00463	0.60907	0.00925	0.00463	0.01157
13	0.01997	0.01879	0.03171	0.60301	0.07282	0.02349	0.02936	0.02701	0.02114	0.02701	0.01879	0.02819	0.01409	0.01057	0.01057	0.00352	0.01409	0.00940	0.00470	0.01175
14	0.01282	0.00944	0.01202	0.01409	0.01517	0.00864	0.00953	0.01479	0.02085	0.02724	0.06600	0.53925	0.14721	0.03212	0.01334	0.00418	0.00601	0.02883	0.00982	0.00864
15	0.02827	0.63478	0.05540	0.01809	0.02714	0.04184	0.01809	0.03166	0.02148	0.02488	0.01470	0.01696	0.01357	0.00905	0.00678	0.00226	0.01131	0.00565	0.00452	0.01357
16	0.02535	0.02429	0.04144	0.13594	0.49782	0.02491	0.03204	0.03173	0.02369	0.03355	0.01974	0.02644	0.01640	0.00957	0.01048	0.00319	0.01276	0.00942	0.00516	0.01609
17	0.70310	0.02045	0.01554	0.01390	0.02045	0.02372	0.01145	0.03108	0.01799	0.04744	0.01472	0.01718	0.01145	0.00981	0.00654	0.00327	0.00818	0.00573	0.00654	0.01145
18	0.02630	0.02271	0.02391	0.02152	0.02749	0.02630	0.01674	0.05618	0.54336	0.04423	0.04303	0.03945	0.03228	0.01434	0.01076	0.00359	0.00837	0.01195	0.01076	0.01674
19	0.03626	0.02766	0.02952	0.02353	0.03129	0.03095	0.01915	0.39406	0.18926	0.06030	0.03037	0.02936	0.02202	0.01316	0.01063	0.00329	0.01071	0.01021	0.01063	0.01763
20	0.70310	0.02045	0.01554	0.01390	0.02045	0.02372	0.01145	0.03108	0.01799	0.04744	0.01472	0.01718	0.01145	0.00981	0.00654	0.00327	0.00818	0.00573	0.00654	0.01145
21	0.01316	0.00942	0.01252	0.01453	0.01540	0.00878	0.00984	0.01543	0.02156	0.02908	0.12601	0.54781	0.07398	0.03156	0.01336	0.00416	0.00598	0.02857	0.01006	0.00878
22	0.01456	0.01064	0.01405	0.01616	0.01793	0.01012	0.01258	0.01777	0.02246	0.02914	0.06385	0.34295	0.13139	0.03065	0.01382	0.00444	0.00753	0.22107	0.00978	0.00911
23	0.01496	0.01081	0.01413	0.01330	0.01580	0.00998	0.00998	0.01995	0.02993	0.04240	0.55689	0.07898	0.09976	0.02162	0.01247	0.00333	0.00499	0.01912	0.01164	0.00998
24	0.01822	0.01144	0.01490	0.01403	0.01699	0.01062	0.01087	0.02312	0.02880	0.08456	0.42529	0.07584	0.08411	0.02084	0.01209	0.00339	0.00575	0.06087	0.06765	0.01060
25	0.04744	0.01799	0.02454	0.01881	0.02699	0.01554	0.01554	0.05153	0.03026	0.56979	0.04171	0.03599	0.02617	0.01309	0.01063	0.00327	0.00900	0.01063	0.01309	0.01799
26	0.02617	0.02512	0.04292	0.06490	0.56246	0.02512	0.03245	0.03245	0.02407	0.03454	0.01989	0.02617	0.01675	0.00942	0.01047	0.00314	0.01256	0.00942	0.00523	0.01675
27	0.03032	0.25758	0.03835	0.07047	0.03266	0.11664	0.01931	0.10453	0.16107	0.03571	0.02401	0.02513	0.01903	0.01130	0.00904	0.00290	0.01199	0.00828	0.00708	0.01462
28	0.08482	0.11701	0.25980	0.02268	0.03415	0.02339	0.02510	0.03624	0.02360	0.15555	0.02319	0.02423	0.01646	0.01029	0.00916	0.00294	0.01189	0.00779	0.00684	0.10488
29	0.03264	0.02212	0.07183	0.14519	0.03774	0.02026	0.02046	0.10528	0.06385	0.23608	0.06591	0.07348	0.02928	0.01418	0.01087	0.00341	0.01052	0.01188	0.00976	0.01525
30	0.04570	0.01838	0.02449	0.01903	0.02703	0.01643	0.01564	0.05191	0.07248	0.52654	0.04182	0.03627	0.02667	0.01319	0.01064	0.00330	0.00895	0.01074	0.01289	0.01789
31	0.01949	0.01814	0.02692	0.02361	0.02476	0.02248	0.06315	0.02197	0.01799	0.02598	0.02919	0.19229	0.03255	0.10203	0.02942	0.00518	0.31216	0.01601	0.00634	0.01032
32	0.02920	0.02917	0.10038	0.07346	0.03582	0.09898	0.06270	0.04340	0.20074	0.12007	0.03323	0.07190	0.02598	0.01363	0.01079	0.00343	0.01199	0.01157	0.00855	0.01500
33	0.14764	0.02434	0.02991	0.17423	0.08511	0.02815	0.02226	0.22969	0.03195	0.04704	0.02043	0.02455	0.01541	0.01186	0.01187	0.00340	0.06133	0.00880	0.00743	0.01461
34	0.01288	0.00920	0.01227	0.01472	0.01534	0.00859	0.00981	0.01472	0.02024	0.02699	0.05828	0.62152	0.06993	0.03312	0.01350	0.00429	0.00613	0.03006	0.00981	0.00859
35	0.02622	0.01834	0.03119	0.02822	0.09915	0.01747	0.15708	0.03232	0.02443	0.11720	0.02997	0.03409	0.02249	0.01110	0.00971	0.00298	0.01017	0.01065	0.30400	0.01323
36	0.03155	0.13674	0.21349	0.02504	0.03559	0.06548	0.05902	0.04081	0.07275	0.17823	0.02662	0.02690	0.01882	0.01108	0.00985	0.00314	0.01283	0.00884	0.00752	0.01569
37	0.02496	0.02852	0.06239	0.04456	0.05526	0.02674	0.52406	0.03387	0.02496	0.03387	0.02139	0.02852	0.01604	0.00891	0.01248	0.00357	0.01783	0.01248	0.00535	0.01426
38	0.01538	0.01025	0.01153	0.01153	0.01153	0.01025	0.00641	0.01538	0.01538	0.02050	0.03331	0.06919	0.03844	0.62842	0.05382	0.01025	0.01025	0.01538	0.00641	0.00641
39	0.03277	0.02047	0.03184	0.04047	0.28780	0.01955	0.02264	0.03739	0.02526	0.23461	0.02989	0.03555	0.02316	0.09244	0.01625	0.00413	0.01091	0.01066	0.00835	0.01585
40	0.03984	0.06447	0.02857	0.09715	0.03401	0.07255	0.01839	0.08043	0.06413	0.33994	0.03344	0.03158	0.02239	0.01233	0.01026	0.00320	0.01090	0.00979	0.01036	0.01626
41	0.02105	0.01998	0.03325	0.48471	0.13369	0.02444	0.02926	0.02760	0.02112	0.02788	0.01853	0.02751	0.01443	0.01107	0.01254	0.00356	0.06285	0.00939	0.00476	0.01239
42	0.02724	0.02236	0.02399	0.02093	0.02688	0.02529	0.01644	0.13364	0.38987	0.04790	0.10735	0.04218	0.03863	0.01501	0.01095	0.00348	0.00849	0.01247	0.01084	0.01607
43	0.01925	0.01176	0.01551	0.01403	0.01727	0.01071	0.01071	0.02412	0.02997	0.11195	0.48894	0.07331	0.09006	0.02049	0.01223	0.00332	0.00552	0.01800	0.01183	0.01103
44	0.02478	0.14076	0.08441	0.31992	0.05504	0.02858	0.06750	0.09647	0.02547	0.03306	0.01914	0.02522	0.01462	0.01039	0.00997	0.00323	0.01367	0.00882	0.00549	0.01347
45	0.01997	0.01879	0.03171	0.60301	0.07282	0.02349	0.02936	0.02701	0.02114	0.02701	0.01879	0.02819	0.01409	0.01057	0.01057	0.00352	0.01409	0.00940	0.00470	0.01175
46	0.01918	0.02389	0.14144	0.15683	0.07147	0.01832	0.02269	0.05832	0.02422	0.03297	0.08025	0.19730	0.07274	0.01866	0.01153	0.00363	0.01066	0.01635	0.00739	0.01214
47	0.01510	0.01133	0.01699	0.01699	0.01888	0.01322	0.01322	0.01888	0.01699	0.02454	0.02832	0.04154	0.02643	0.07930	0.58652	0.01699	0.02832	0.01133	0.00566	0.00944
48	0.01618	0.05123	0.02045	0.01715	0.01981	0.01433	0.04545	0.01979	0.02399	0.03268	0.22702	0.26279	0.10977	0.02428	0.01431	0.00375	0.05638	0.02120	0.00940	0.01003
49	0.04402	0.02348	0.02793	0.02141	0.02973	0.02368	0.01769	0.27602	0.03944	0.33233	0.03401	0.03098	0.02231	0.01290	0.01061	0.00323	0.01024	0.01011	0.01190	0.01799
50	0.01320	0.01050	0.01190	0.01249	0.01521	0.00920	0.00926	0.01613	0.02403	0.03018	0.15024	0.21173	0.36193	0.02765	0.01285	0.00378	0.00577	0.05488	0.01004	0.00904
51	0.01999	0.01582	0.01790	0.01713	0.02080	0.01711	0.01285	0.03564	0.26149	0.03964	0.17778	0.17774	0.05755	0.02021	0.01158	0.00360	0.00678	0.01764	0.05600	0.01275
52	0.01699	0.01228	0.01527	0.01576	0.01779	0.01214	0.01124	0.08534	0.02608	0.03530	0.14826	0.43776	0.06852	0.02817	0.01290	0.00396	0.00666	0.02520	0.01026	0.01013
53	0.70310	0.02045	0.01554	0.01390	0.02045	0.02372	0.01145	0.03108	0.01799	0.04744	0.01472	0.01718	0.01145	0.00981	0.00654	0.00327	0.00818	0.00573	0.00654	0.01145
54	0.02314	0.01545	0.01806	0.01636	0.02003	0.01671	0.01296	0.06443	0.11753	0.07623	0.14958	0.05101	0.04440	0.01645	0.01228	0.00329	0.05674	0.04521	0.22783	0.01231
55	0.02192	0.01879	0.02192	0.01566	0.02506	0.01409	0.01253	0.02662	0.02192	0.03445	0.01879	0.02192	0.01566	0.00783	0.00783	0.00157	0.00783	0.00626	0.00626	0.69305
56	0.03385	0.07966	0.06935	0.06880	0.11546	0.07306	0.02244	0.19792	0.03377	0.12483	0.05755	0.02920	0.02282	0.01203	0.01024	0.00311	0.01199	0.00960	0.00845	0.01586
57	0.02917	0.02464	0.07664	0.08048	0.08155	0.02159	0.08562	0.07093	0.09783	0.14009	0.02743	0.02909	0.01994	0.01077	0.01021	0.00300	0.01129	0.00959	0.00799	0.16216
58	0.13526	0.02518	0.07541	0.05902	0.03202	0.02267	0.01868	0.17311	0.03086	0.15947	0.02494	0.02564	0.01761	0.01100	0.00939	0.00293	0.01033	0.00838	0.00870	0.14941
59	0.03072	0.03893	0.22191	0.03207	0.10836	0.09852	0.02833	0.14328	0.02968	0.08374	0.02162	0.02430	0.01598	0.01161	0.01228	0.00330	0.06425	0.00863	0.00676	0.01571
60	0.64622	0.07223	0.01890	0.01426	0.02101	0.02525	0.01201	0.03113	0.01829	0.04554	0.01472	0.01716	0.01163	0.00975	0.00656	0.00319	0.00844	0.00572	0.00637	0.01163
61	0.01928	0.01713	0.02782	0.38322	0.09795	0.01990	0.02479	0.02563	0.02326	0.03080	0.11273	0.04842	0.03464	0.01476	0.01141	0.00364	0.01189	0.07456	0.00655	0.01161
62	0.01393	0.01057	0.01283	0.01269	0.01527	0.00947	0.00935	0.01778	0.02685	0.03608	0.35185	0.15758	0.23778	0.02473	0.01261	0.00353	0.00525	0.02155	0.01083	0.00947
63	0.02746	0.13951	0.37182	0.02621	0.03919	0.02677	0.03097	0.07724	0.02557	0.10725	0.02190	0.02357	0.01553	0.01052	0.00965	0.00315	0.01371	0.00800	0.00615	0.01582
64	0.03521	0.02460	0.07079	0.02164	0.02953	0.02319	0.01861	0.11477	0.25301	0.23271	0.03824	0.03494	0.02666	0.01332	0.01063	0.00340	0.00962	0.01082	0.01104	0.01725
65	0.03029	0.03430	0.02716	0.09880	0.03510	0.29605	0.01863	0.03433	0.02577	0.02926	0.01759	0.02135	0.01445	0.00970	0.00903	0.00239	0.01417	0.00695	0.00566	0.26902
66	0.01282	0.01072	0.01116	0.01105	0.01448	0.00906	0.00829	0.01580	0.02487	0.03039	0.16649	0.09875	0.49765	0.02610	0.01249	0.00354	0.00531	0.02189	0.01006	0.00906
67	0.38788	0.07111	0.02133	0.01564	0.02235	0.02254	0.01306	0.06723	0.02382	0.14956	0.05479	0.02656	0.02130	0.01146	0.00805	0.00313	0.00844	0.00801	0.05059	0.01317
68	0.01997	0.01879	0.03171	0.60301	0.07282	0.02349	0.02936	0.02701	0.02114	0.02701	0.01879	0.02819	0.01409	0.01057	0.01057	0.00352	0.01409	0.00940	0.00470	0.01175
69	0.03080	0.55344	0.05133	0.01819	0.02712	0.03837	0.01775	0.03428	0.02264	0.09674	0.01826	0.01947	0.01523	0.00958	0.00729	0.00239	0.01100	0.00631	0.00565	0.01415
70	0.02063	0.01784	0.02122	0.01621	0.02373	0.01483	0.01287	0.02477	0.02151	0.03270	0.02835	0.06968	0.06387	0.01202	0.01087	0.00218	0.05819	0.00947	0.00666	0.53242
71	0.16078	0.02269	0.02943	0.30082	0.13053	0.07047	0.02426	0.03219	0.02255	0.08181	0.02004	0.02563	0.01504	0.01050	0.00967	0.00332	0.01263	0.00857	0.00598	0.01308
72	0.03173	0.50493	0.04922	0.01895	0.02758	0.08354	0.01795	0.03516	0.02335	0.09682	0.01840	0.01964	0.01523	0.00973	0.00752	0.00243	0.01165	0.00641	0.00573	0.01404
73	0.02080	0.01931	0.03068	0.52632	0.06684	0.02386	0.02770	0.03086	0.09001	0.02928	0.02199	0.02967	0.01649	0.01107	0.01060	0.00353	0.01334	0.00973	0.00550	0.01240
74	0.02029	0.01774	0.02681	0.03692	0.24921	0.01794	0.02034	0.02772	0.09086	0.03247	0.03997	0.29202	0.04239	0.02059	0.01185	0.00371	0.00916	0.01891	0.00799	0.01313
75	0.02150	0.01988	0.03324	0.35967	0.21750	0.02250	0.02869	0.02802	0.02247	0.02995	0.02404	0.03958	0.02108	0.01267	0.01107	0.00358	0.01305	0.07296	0.00553	0.01303
76	0.01808	0.01433	0.02302	0.02278	0.02630	0.01409	0.08390	0.02348	0.02442	0.03194	0.05142	0.10730	0.05494	0.02653	0.01432	0.00470	0.01080	0.42815	0.00916	0.01033
77	0.09483	0.01831	0.02273	0.01851	0.02543	0.01744	0.01491	0.08479	0.06359	0.37859	0.04041	0.11101	0.03046	0.01551	0.01068	0.00342	0.00873	0.01279	0.01175	0.01613
78	0.02780	0.01373	0.01779	0.01510	0.02011	0.01207	0.01191	0.03202	0.02905	0.25547	0.26789	0.06539	0.14970	0.01903	0.01172	0.00335	0.00669	0.01621	0.01191	0.01307
79	0.02618	0.01568	0.02003	0.01777	0.02130	0.01650	0.01358	0.03272	0.09431	0.17847	0.12105	0.13478	0.04548	0.11114	0.02106	0.00471	0.08717	0.01562	0.00992	0.01254
80	0.07086	0.02021	0.02643	0.11177	0.03445	0.01968	0.04913	0.11102	0.02795	0.07715	0.09231	0.03209	0.02735	0.01145	0.00974	0.00273	0.00982	0.00966	0.00786	0.24835

[dist]
# distance from previous block
# <min> <max>
2	5

[block]
# block no. 5 follows, 13 sequences, length 16
# corresponding to MSA columns:
# 580-595
name=unknown_F
#
# <colnr> <probs for GDERKNQSTAVLIFYWHMCP>
#	G	D	E	R	K	N	Q	S	T	A	V	L	I	F	Y	W	H	M	C	P
0	0.70310	0.02045	0.01554	0.01390	0.02045	0.02372	0.01145	0.03108	0.01799	0.04744	0.01472	0.01718	0.01145	0.00981	0.00654	0.00327	0.00818	0.00573	0.00654	0.01145
1	0.02065	0.01949	0.03294	0.54383	0.12667	0.02367	0.02970	0.02761	0.02146	0.02784	0.01891	0.02797	0.01439	0.01044	0.01056	0.00348	0.01393	0.00940	0.00476	0.01230
2	0.01981	0.01700	0.02399	0.05942	0.02766	0.01868	0.06994	0.03035	0.15944	0.03141	0.03857	0.15411	0.03808	0.12414	0.05499	0.00579	0.05025	0.05670	0.00808	0.01157
3	0.04744	0.01799	0.02454	0.01881	0.02699	0.01554	0.01554	0.05153	0.03026	0.56979	0.04171	0.03599	0.02617	0.01309	0.01063	0.00327	0.00900	0.01063	0.01309	0.01799
4	0.07597	0.01655	0.02235	0.14499	0.03361	0.01627	0.01659	0.03618	0.02632	0.28426	0.08037	0.04771	0.12329	0.01535	0.01081	0.00338	0.00914	0.01270	0.01013	0.01403
5	0.04019	0.02962	0.03173	0.02433	0.03279	0.03279	0.02010	0.52721	0.04971	0.06663	0.02538	0.02538	0.01798	0.01269	0.01058	0.00317	0.01163	0.00952	0.01058	0.01798
6	0.13764	0.04006	0.02611	0.02356	0.02876	0.40374	0.01781	0.06696	0.02757	0.03080	0.01687	0.02060	0.01408	0.01368	0.01264	0.07868	0.01588	0.00707	0.00583	0.01164
7	0.01513	0.01121	0.01640	0.01640	0.01808	0.01289	0.01248	0.01850	0.01682	0.02411	0.02886	0.04454	0.02774	0.13895	0.52865	0.01626	0.02636	0.01177	0.00574	0.00911
8	0.09771	0.02302	0.09118	0.20756	0.07789	0.02114	0.05323	0.03215	0.05695	0.09258	0.07002	0.03510	0.02565	0.05602	0.01346	0.00389	0.01176	0.01057	0.00699	0.01313
9	0.01592	0.01189	0.01494	0.01440	0.01701	0.01157	0.01069	0.02319	0.08488	0.04044	0.43060	0.15074	0.08818	0.02243	0.01243	0.00349	0.00552	0.01987	0.01129	0.01052
10	0.01687	0.02127	0.12198	0.12236	0.03457	0.01595	0.06291	0.02248	0.02215	0.02936	0.04978	0.23091	0.13324	0.02151	0.01216	0.00383	0.01035	0.04974	0.00756	0.01104
11	0.03062	0.03219	0.22570	0.14196	0.04531	0.02132	0.07045	0.03865	0.02514	0.22322	0.02724	0.02890	0.01831	0.01114	0.01057	0.00337	0.01315	0.00954	0.00766	0.01558
12	0.02597	0.02282	0.07213	0.13569	0.03694	0.02071	0.01975	0.06922	0.14282	0.09667	0.06581	0.03302	0.02624	0.01192	0.01005	0.00298	0.01004	0.00992	0.00823	0.17906
13	0.01334	0.00946	0.01236	0.01424	0.01496	0.00890	0.00946	0.01527	0.02058	0.02767	0.10046	0.51207	0.06916	0.09738	0.01782	0.00486	0.00648	0.02746	0.00961	0.00847
14	0.10018	0.01752	0.02231	0.01743	0.02497	0.01551	0.01424	0.04352	0.02821	0.40673	0.09273	0.03742	0.03169	0.01314	0.01016	0.00309	0.00836	0.01063	0.01159	0.09057
15	0.38568	0.02246	0.02171	0.11929	0.03226	0.05544	0.01647	0.06497	0.07961	0.08091	0.02120	0.02349	0.01576	0.01091	0.00841	0.00331	0.01011	0.00769	0.00733	0.01299

[dist]
# distance from previous block
# <min> <max>
0	5

[block]
# block no. 6 follows, 13 sequences, length 24
# corresponding to MSA columns:
# 601-624
name=unknown_G
#
# <colnr> <probs for GDERKNQSTAVLIFYWHMCP>
#	G	D	E	R	K	N	Q	S	T	A	V	L	I	F	Y	W	H	M	C	P
0	0.53721	0.11743	0.02256	0.01523	0.02212	0.02680	0.01296	0.03338	0.06479	0.04360	0.01721	0.01910	0.01362	0.01009	0.00695	0.00314	0.00869	0.00626	0.00660	0.01225
1	0.28598	0.03026	0.02440	0.02056	0.02749	0.17258	0.01643	0.15834	0.03042	0.11029	0.02106	0.02199	0.01542	0.01120	0.00882	0.00310	0.01199	0.00754	0.00805	0.01407
2	0.04526	0.01735	0.02338	0.01811	0.02584	0.01509	0.01490	0.04941	0.02963	0.52804	0.04114	0.03626	0.02625	0.01303	0.01038	0.00321	0.00868	0.01057	0.06614	0.01735
3	0.04490	0.02207	0.02706	0.02075	0.02902	0.02159	0.01714	0.21831	0.03708	0.39338	0.03599	0.03227	0.02330	0.01295	0.01061	0.00324	0.00992	0.01024	0.01221	0.01799
4	0.01656	0.01053	0.01444	0.01580	0.01741	0.01019	0.01140	0.01913	0.02091	0.07433	0.05194	0.44114	0.05857	0.03835	0.10360	0.00625	0.01015	0.06023	0.00944	0.00963
5	0.01675	0.01268	0.01567	0.01460	0.01764	0.01255	0.01104	0.02566	0.11081	0.04269	0.47594	0.07275	0.08913	0.02047	0.01220	0.00337	0.00552	0.01799	0.01150	0.01104
6	0.02820	0.03529	0.25873	0.11281	0.04697	0.02263	0.12903	0.03705	0.02462	0.16392	0.02500	0.02775	0.01715	0.01064	0.01075	0.00340	0.01422	0.00967	0.00679	0.01537
7	0.01837	0.00918	0.01377	0.01377	0.01377	0.00918	0.00918	0.01377	0.01377	0.01837	0.01837	0.03214	0.01837	0.03673	0.04132	0.69238	0.00918	0.00918	0.00459	0.00459
8	0.02303	0.02228	0.03893	0.32775	0.28233	0.02445	0.06924	0.02989	0.02270	0.03079	0.01947	0.02734	0.01539	0.00995	0.01067	0.00336	0.01372	0.00965	0.00498	0.01410
9	0.01288	0.00920	0.01227	0.01472	0.01534	0.00859	0.00981	0.01472	0.02024	0.02699	0.05828	0.62152	0.06993	0.03312	0.01350	0.00429	0.00613	0.03006	0.00981	0.00859
10	0.02450	0.27231	0.29500	0.02780	0.04014	0.03150	0.10745	0.03285	0.02242	0.03025	0.01772	0.02125	0.01388	0.00948	0.00918	0.00297	0.01432	0.00772	0.00463	0.01462
11	0.02630	0.02271	0.02391	0.02152	0.02749	0.02630	0.01674	0.05618	0.54336	0.04423	0.04303	0.03945	0.03228	0.01434	0.01076	0.00359	0.00837	0.01195	0.01076	0.01674
12	0.70310	0.02045	0.01554	0.01390	0.02045	0.02372	0.01145	0.03108	0.01799	0.04744	0.01472	0.01718	0.01145	0.00981	0.00654	0.00327	0.00818	0.00573	0.00654	0.01145
13	0.01997	0.01879	0.03171	0.60301	0.07282	0.02349	0.02936	0.02701	0.02114	0.02701	0.01879	0.02819	0.01409	0.01057	0.01057	0.00352	0.01409	0.00940	0.00470	0.01175
14	0.02630	0.02271	0.02391	0.02152	0.02749	0.02630	0.01674	0.05618	0.54336	0.04423	0.04303	0.03945	0.03228	0.01434	0.01076	0.00359	0.00837	0.01195	0.01076	0.01674
15	0.02313	0.02313	0.03238	0.02776	0.02776	0.03238	0.02313	0.02545	0.01619	0.02545	0.01388	0.02313	0.01388	0.01851	0.03470	0.00463	0.60907	0.00925	0.00463	0.01157
16	0.02496	0.02852	0.06239	0.04456	0.05526	0.02674	0.52406	0.03387	0.02496	0.03387	0.02139	0.02852	0.01604	0.00891	0.01248	0.00357	0.01783	0.01248	0.00535	0.01426
17	0.01250	0.01071	0.01071	0.01071	0.01428	0.00893	0.00803	0.01517	0.02410	0.02856	0.10711	0.10175	0.55817	0.02678	0.01250	0.00357	0.00536	0.02231	0.00982	0.00893
18	0.01997	0.01879	0.03171	0.60301	0.07282	0.02349	0.02936	0.02701	0.02114	0.02701	0.01879	0.02819	0.01409	0.01057	0.01057	0.00352	0.01409	0.00940	0.00470	0.01175
19	0.01496	0.01081	0.01413	0.01330	0.01580	0.00998	0.00998	0.01995	0.02993	0.04240	0.55689	0.07898	0.09976	0.02162	0.01247	0.00333	0.00499	0.01912	0.01164	0.00998
20	0.02363	0.02307	0.03105	0.02678	0.02772	0.03143	0.02212	0.03029	0.09924	0.02840	0.01847	0.02570	0.01678	0.01785	0.03093	0.00446	0.51444	0.00968	0.00559	0.01238
21	0.04500	0.02500	0.02657	0.02104	0.02884	0.10822	0.01706	0.12784	0.03340	0.40183	0.03505	0.03159	0.02286	0.01268	0.01045	0.00317	0.01101	0.00985	0.01147	0.01709
22	0.02683	0.12064	0.04229	0.13161	0.36127	0.02819	0.02866	0.07472	0.02548	0.03473	0.01939	0.02494	0.01597	0.00981	0.00991	0.00306	0.01250	0.00883	0.00551	0.01563
23	0.02134	0.02536	0.10751	0.07614	0.03225	0.02721	0.02382	0.02540	0.01749	0.02624	0.01775	0.02877	0.01685	0.07446	0.06859	0.00569	0.37896	0.00974	0.00484	0.01157

[dist]
# distance from previous block
# <min> <max>
0	5

[block]
# block no. 7 follows, 13 sequences, length 20
# corresponding to MSA columns:
# 630-649
name=unknown_H
#
# <colnr> <probs for GDERKNQSTAVLIFYWHMCP>
#	G	D	E	R	K	N	Q	S	T	A	V	L	I	F	Y	W	H	M	C	P
0	0.01429	0.01422	0.05775	0.01514	0.01875	0.01082	0.01294	0.01804	0.02312	0.02928	0.07745	0.21886	0.29173	0.02743	0.01300	0.00401	0.00733	0.12691	0.00937	0.00957
1	0.59431	0.02140	0.01822	0.01587	0.02204	0.02516	0.01310	0.07053	0.02040	0.04719	0.01551	0.01832	0.01217	0.01076	0.00916	0.00337	0.05747	0.00632	0.00671	0.01199
2	0.02304	0.02168	0.02517	0.02217	0.02356	0.07871	0.01799	0.02603	0.01956	0.02896	0.02661	0.03302	0.06212	0.01703	0.02414	0.00386	0.36290	0.01024	0.16220	0.01102
3	0.12312	0.01904	0.02098	0.01540	0.02437	0.01552	0.01237	0.02728	0.02134	0.03638	0.01819	0.02122	0.01504	0.00813	0.00764	0.00182	0.00788	0.00618	0.00631	0.59180
4	0.01272	0.00982	0.01163	0.01307	0.01490	0.00873	0.00908	0.01491	0.02183	0.02764	0.07838	0.40753	0.27094	0.03051	0.01308	0.00400	0.00581	0.02687	0.00982	0.00873
5	0.01353	0.00960	0.01250	0.01411	0.01497	0.00902	0.00944	0.01569	0.02132	0.02885	0.14018	0.46451	0.07132	0.10091	0.01804	0.00483	0.00642	0.02648	0.00973	0.00857
6	0.49535	0.01967	0.01839	0.01546	0.02252	0.02113	0.01275	0.03756	0.02188	0.21295	0.02327	0.02314	0.01612	0.01085	0.00784	0.00327	0.00844	0.00728	0.00862	0.01352
7	0.02827	0.63478	0.05540	0.01809	0.02714	0.04184	0.01809	0.03166	0.02148	0.02488	0.01470	0.01696	0.01357	0.00905	0.00678	0.00226	0.01131	0.00565	0.00452	0.01357
8	0.02567	0.42167	0.24579	0.02252	0.03398	0.03549	0.02580	0.03233	0.02179	0.02804	0.01627	0.01893	0.01350	0.00941	0.00798	0.00266	0.01289	0.00645	0.00450	0.01432
9	0.02828	0.02219	0.02398	0.02104	0.02716	0.02502	0.01650	0.09201	0.43343	0.08460	0.07345	0.04050	0.03486	0.01457	0.01084	0.00351	0.00847	0.01210	0.01097	0.01651
10	0.01510	0.01133	0.01699	0.01699	0.01888	0.01322	0.01322	0.01888	0.01699	0.02454	0.02832	0.04154	0.02643	0.07930	0.58652	0.01699	0.02832	0.01133	0.00566	0.00944
11	0.46117	0.11367	0.02492	0.01675	0.02408	0.02835	0.01428	0.13720	0.02529	0.04819	0.01700	0.01890	0.01316	0.01032	0.00744	0.00310	0.00938	0.00653	0.00711	0.01316
12	0.55966	0.02136	0.01805	0.01529	0.02234	0.02385	0.01257	0.08877	0.02209	0.04843	0.01636	0.01860	0.01262	0.00996	0.00714	0.00310	0.00855	0.00622	0.00699	0.07804
13	0.34531	0.02318	0.01970	0.01746	0.02346	0.10386	0.01376	0.03660	0.05166	0.15400	0.02743	0.09353	0.02294	0.01366	0.00891	0.00333	0.00974	0.01014	0.00840	0.01293
14	0.33465	0.02289	0.02321	0.02398	0.10356	0.07541	0.01640	0.03695	0.02382	0.17579	0.05191	0.02682	0.02098	0.01133	0.00877	0.00320	0.00992	0.00835	0.00818	0.01390
15	0.16111	0.02778	0.10510	0.02049	0.02928	0.06747	0.01875	0.07682	0.05376	0.22602	0.02760	0.02693	0.01907	0.01132	0.00939	0.00306	0.01070	0.00850	0.00891	0.08794
