[name]
unknown

[dist]
# distance from previous block
# <min> <max>
0	75

[block]
# block no. 0 follows, 14 sequences, length 97
# corresponding to MSA columns:
# 75-171
name=unknown_A
#
# <colnr> <probs for GDERKNQSTAVLIFYWHMCP>
#	G	D	E	R	K	N	Q	S	T	A	V	L	I	F	Y	W	H	M	C	P
0	0.02340	0.18937	0.06799	0.01955	0.02536	0.02218	0.01842	0.06406	0.02489	0.06855	0.03781	0.07007	0.03805	0.01950	0.01125	0.00371	0.01035	0.26553	0.00799	0.01198
1	0.03457	0.16057	0.11068	0.02274	0.03200	0.03142	0.02129	0.33086	0.03758	0.08772	0.02272	0.02323	0.01650	0.01125	0.00943	0.00292	0.01158	0.00830	0.00840	0.01624
2	0.02476	0.40039	0.23251	0.02219	0.03250	0.03427	0.02480	0.03090	0.02076	0.02701	0.01562	0.01865	0.01313	0.00976	0.00959	0.00272	0.05591	0.00645	0.00438	0.01371
3	0.07065	0.06910	0.10695	0.02424	0.02749	0.02787	0.02202	0.02545	0.01747	0.02743	0.01904	0.08898	0.01923	0.01714	0.02420	0.00403	0.38145	0.01053	0.00515	0.01158
4	0.02253	0.16848	0.32260	0.02617	0.03584	0.02942	0.02942	0.02999	0.01986	0.02861	0.01619	0.02079	0.01316	0.01180	0.01566	0.00337	0.18051	0.00753	0.00439	0.01367
5	0.02037	0.14725	0.02491	0.01631	0.02021	0.08263	0.01330	0.02447	0.02646	0.03475	0.35604	0.05410	0.06463	0.01710	0.01209	0.00303	0.04898	0.01388	0.00874	0.01075
6	0.01933	0.04425	0.46745	0.02586	0.03838	0.02090	0.03206	0.02978	0.02320	0.03429	0.13280	0.03307	0.03039	0.01208	0.01024	0.00325	0.01302	0.00986	0.00578	0.01403
7	0.02470	0.02293	0.03025	0.02534	0.03059	0.02681	0.09207	0.04525	0.36850	0.03771	0.03290	0.03349	0.02537	0.01401	0.01550	0.00369	0.13646	0.01113	0.00846	0.01486
8	0.01492	0.00995	0.01119	0.01119	0.01119	0.00995	0.00622	0.01492	0.01492	0.01990	0.03233	0.06716	0.03731	0.63935	0.05223	0.00995	0.00995	0.01492	0.00622	0.00622
9	0.02111	0.09864	0.54524	0.02835	0.04303	0.02512	0.03635	0.03236	0.02160	0.03186	0.01810	0.02127	0.01301	0.00968	0.00951	0.00317	0.01484	0.00742	0.00434	0.01501
10	0.03831	0.02709	0.02834	0.02244	0.03007	0.06541	0.01826	0.34991	0.11622	0.15234	0.02936	0.02804	0.02059	0.01250	0.01023	0.00313	0.01086	0.00960	0.01040	0.01691
11	0.11640	0.01846	0.02275	0.01815	0.02557	0.01762	0.01483	0.04854	0.11181	0.43746	0.03779	0.03344	0.02476	0.01254	0.00990	0.00322	0.00855	0.01000	0.01164	0.01657
12	0.02864	0.57955	0.05104	0.01854	0.02693	0.10226	0.01781	0.03186	0.02176	0.02425	0.01444	0.01669	0.01317	0.00898	0.00688	0.00224	0.01181	0.00561	0.00449	0.01303
13	0.04504	0.01908	0.02481	0.01902	0.02700	0.01747	0.01571	0.12016	0.03207	0.50848	0.03822	0.03346	0.02427	0.01265	0.01031	0.00316	0.00910	0.01017	0.01235	0.01746
14	0.71184	0.01985	0.01508	0.01350	0.01985	0.02302	0.01111	0.03017	0.01746	0.04604	0.01429	0.01667	0.01111	0.00953	0.00635	0.00318	0.00794	0.00556	0.00635	0.01111
15	0.04604	0.01746	0.02382	0.01826	0.02620	0.01508	0.01508	0.05001	0.02937	0.58244	0.04049	0.03493	0.02540	0.01270	0.01032	0.00318	0.00873	0.01032	0.01270	0.01746
16	0.03979	0.02750	0.03003	0.02302	0.03120	0.02997	0.01902	0.48681	0.04616	0.12193	0.02639	0.02578	0.01833	0.01236	0.01027	0.00309	0.01101	0.00936	0.01054	0.01745
17	0.01865	0.01615	0.02294	0.02803	0.14580	0.01757	0.01724	0.02536	0.09669	0.03005	0.04013	0.32681	0.04353	0.02239	0.01484	0.00386	0.09098	0.01937	0.00796	0.01166
18	0.02553	0.02204	0.02320	0.02088	0.02669	0.02553	0.01624	0.05453	0.55679	0.04293	0.04177	0.03829	0.03133	0.01392	0.01044	0.00348	0.00812	0.01160	0.01044	0.01624
19	0.01449	0.01065	0.01447	0.01428	0.01604	0.01129	0.01056	0.01769	0.01956	0.02733	0.15709	0.05763	0.08327	0.16201	0.32457	0.01136	0.01757	0.01419	0.00724	0.00871
20	0.02128	0.01824	0.02128	0.01520	0.02432	0.01368	0.01216	0.02584	0.02128	0.03344	0.01824	0.02128	0.01520	0.00760	0.00760	0.00152	0.00760	0.00608	0.00608	0.70208
21	0.02138	0.02181	0.04427	0.03424	0.04166	0.02072	0.34510	0.02858	0.02400	0.03207	0.03318	0.06027	0.03166	0.01594	0.01287	0.00393	0.01440	0.19494	0.00677	0.01222
22	0.02422	0.02768	0.06055	0.04325	0.05363	0.02595	0.53806	0.03287	0.02422	0.03287	0.02076	0.02768	0.01557	0.00865	0.01211	0.00346	0.01730	0.01211	0.00519	0.01384
23	0.04604	0.01746	0.02382	0.01826	0.02620	0.01508	0.01508	0.05001	0.02937	0.58244	0.04049	0.03493	0.02540	0.01270	0.01032	0.00318	0.00873	0.01032	0.01270	0.01746
24	0.71184	0.01985	0.01508	0.01350	0.01985	0.02302	0.01111	0.03017	0.01746	0.04604	0.01429	0.01667	0.01111	0.00953	0.00635	0.00318	0.00794	0.00556	0.00635	0.01111
25	0.03132	0.02785	0.02628	0.02248	0.02892	0.10917	0.01772	0.19580	0.33174	0.04678	0.03303	0.03144	0.02466	0.01297	0.01022	0.00324	0.01054	0.01019	0.00965	0.01598
26	0.01377	0.01046	0.01268	0.01212	0.01487	0.00936	0.00909	0.01791	0.02727	0.03694	0.42372	0.08359	0.24566	0.02255	0.01211	0.00330	0.00495	0.01953	0.01074	0.00936
27	0.01938	0.01824	0.03078	0.61468	0.07068	0.02280	0.02850	0.02622	0.02052	0.02622	0.01824	0.02736	0.01368	0.01026	0.01026	0.00342	0.01368	0.00912	0.00456	0.01140
28	0.02540	0.02438	0.04165	0.06299	0.57533	0.02438	0.03149	0.03149	0.02337	0.03353	0.01930	0.02540	0.01626	0.00914	0.01016	0.00305	0.01219	0.00914	0.00508	0.01626
29	0.28753	0.03816	0.02390	0.02165	0.02733	0.38535	0.01660	0.03698	0.02478	0.03286	0.01528	0.01783	0.01244	0.01019	0.00818	0.00284	0.01460	0.00622	0.00568	0.01161
30	0.54422	0.01925	0.01728	0.01469	0.02144	0.02102	0.01211	0.03516	0.02046	0.18109	0.02088	0.02127	0.01471	0.01033	0.00735	0.00318	0.00814	0.00676	0.00795	0.01271
31	0.01535	0.01151	0.01581	0.01546	0.01652	0.01326	0.01128	0.01764	0.01589	0.02253	0.02808	0.04822	0.02874	0.26674	0.36643	0.01331	0.06703	0.01220	0.00567	0.00830
32	0.01431	0.01085	0.01354	0.01471	0.01728	0.01008	0.01191	0.01796	0.02370	0.03031	0.12918	0.16261	0.24568	0.02712	0.01310	0.00405	0.00705	0.22782	0.00969	0.00907
33	0.01503	0.01039	0.01326	0.01254	0.01496	0.00967	0.00941	0.01987	0.02822	0.04083	0.51060	0.07241	0.08903	0.01998	0.01156	0.00314	0.00483	0.01756	0.08704	0.00967
34	0.01461	0.01072	0.01169	0.01153	0.01490	0.00913	0.00861	0.01737	0.02377	0.06574	0.12678	0.15197	0.44595	0.02543	0.01211	0.00351	0.00549	0.02151	0.00986	0.00929
35	0.02821	0.02725	0.03841	0.12586	0.31517	0.08898	0.06673	0.11754	0.02786	0.03678	0.01979	0.02495	0.01572	0.00995	0.01024	0.00309	0.01333	0.00910	0.00591	0.01513
36	0.63737	0.02306	0.01663	0.01493	0.02116	0.08661	0.01208	0.03136	0.01875	0.04373	0.01446	0.01687	0.01135	0.00964	0.00667	0.00312	0.00911	0.00567	0.00623	0.01120
37	0.02034	0.01936	0.03186	0.48601	0.11111	0.02409	0.02797	0.02650	0.02014	0.02669	0.01770	0.02653	0.01389	0.01118	0.01336	0.00353	0.09421	0.00910	0.00460	0.01182
38	0.02355	0.01817	0.02151	0.01548	0.02449	0.01381	0.01243	0.02805	0.02202	0.08375	0.02028	0.02253	0.01613	0.00807	0.00785	0.00167	0.00770	0.00647	0.00669	0.63935
39	0.02091	0.01304	0.01336	0.01272	0.01606	0.01401	0.00970	0.03244	0.17052	0.03956	0.03578	0.03827	0.02770	0.01250	0.00808	0.00269	0.00571	0.01013	0.50540	0.01142
40	0.02540	0.02438	0.04165	0.06299	0.57533	0.02438	0.03149	0.03149	0.02337	0.03353	0.01930	0.02540	0.01626	0.00914	0.01016	0.00305	0.01219	0.00914	0.00508	0.01626
41	0.01452	0.01049	0.01372	0.01291	0.01533	0.00968	0.00968	0.01937	0.02905	0.04115	0.56992	0.07666	0.09683	0.02098	0.01210	0.00323	0.00484	0.01856	0.01130	0.00968
42	0.02144	0.01207	0.01508	0.01357	0.01754	0.01061	0.01044	0.02518	0.02678	0.16956	0.26367	0.11159	0.21980	0.02122	0.01174	0.00335	0.00599	0.01820	0.01099	0.01120
43	0.02698	0.60634	0.08899	0.01833	0.02753	0.03950	0.01891	0.03085	0.02091	0.02470	0.01454	0.01681	0.01316	0.00884	0.00679	0.00226	0.01125	0.00563	0.00439	0.01330
44	0.01452	0.01049	0.01372	0.01291	0.01533	0.00968	0.00968	0.01937	0.02905	0.04115	0.56992	0.07666	0.09683	0.02098	0.01210	0.00323	0.00484	0.01856	0.01130	0.00968
45	0.03576	0.02607	0.02819	0.02247	0.02999	0.02888	0.01828	0.37061	0.18846	0.09558	0.03054	0.02917	0.02188	0.01279	0.01032	0.00320	0.01023	0.00997	0.01049	0.01712
46	0.02553	0.02204	0.02320	0.02088	0.02669	0.02553	0.01624	0.05453	0.55679	0.04293	0.04177	0.03829	0.03133	0.01392	0.01044	0.00348	0.00812	0.01160	0.01044	0.01624
47	0.03901	0.02874	0.03080	0.02361	0.03182	0.03182	0.01951	0.54111	0.04825	0.06468	0.02464	0.02464	0.01745	0.01232	0.01027	0.00308	0.01129	0.00924	0.01027	0.01745
48	0.02540	0.02438	0.04165	0.06299	0.57533	0.02438	0.03149	0.03149	0.02337	0.03353	0.01930	0.02540	0.01626	0.00914	0.01016	0.00305	0.01219	0.00914	0.00508	0.01626
49	0.02553	0.02204	0.02320	0.02088	0.02669	0.02553	0.01624	0.05453	0.55679	0.04293	0.04177	0.03829	0.03133	0.01392	0.01044	0.00348	0.00812	0.01160	0.01044	0.01624
50	0.71184	0.01985	0.01508	0.01350	0.01985	0.02302	0.01111	0.03017	0.01746	0.04604	0.01429	0.01667	0.01111	0.00953	0.00635	0.00318	0.00794	0.00556	0.00635	0.01111
51	0.02540	0.02438	0.04165	0.06299	0.57533	0.02438	0.03149	0.03149	0.02337	0.03353	0.01930	0.02540	0.01626	0.00914	0.01016	0.00305	0.01219	0.00914	0.00508	0.01626
52	0.02245	0.02245	0.03143	0.02694	0.02694	0.03143	0.02245	0.02470	0.01572	0.02470	0.01347	0.02245	0.01347	0.01796	0.03368	0.00449	0.62057	0.00898	0.00449	0.01123
53	0.71184	0.01985	0.01508	0.01350	0.01985	0.02302	0.01111	0.03017	0.01746	0.04604	0.01429	0.01667	0.01111	0.00953	0.00635	0.00318	0.00794	0.00556	0.00635	0.01111
54	0.02428	0.02315	0.03136	0.02657	0.02748	0.03148	0.02213	0.08180	0.01931	0.02912	0.01471	0.02269	0.01391	0.01734	0.03109	0.00433	0.55320	0.00901	0.00513	0.01191
55	0.04604	0.01746	0.02382	0.01826	0.02620	0.01508	0.01508	0.05001	0.02937	0.58244	0.04049	0.03493	0.02540	0.01270	0.01032	0.00318	0.00873	0.01032	0.01270	0.01746
56	0.02540	0.02438	0.04165	0.06299	0.57533	0.02438	0.03149	0.03149	0.02337	0.03353	0.01930	0.02540	0.01626	0.00914	0.01016	0.00305	0.01219	0.00914	0.00508	0.01626
57	0.01913	0.00956	0.00956	0.00956	0.01196	0.00956	0.00717	0.02391	0.02152	0.03826	0.03348	0.03826	0.02630	0.01196	0.00717	0.00239	0.00478	0.00956	0.69632	0.00956
58	0.02801	0.02872	0.02775	0.02426	0.02680	0.20414	0.01937	0.03086	0.02267	0.06688	0.09184	0.02948	0.02558	0.01569	0.02145	0.00365	0.30528	0.00964	0.00625	0.01167
59	0.01492	0.00995	0.01119	0.01119	0.01119	0.00995	0.00622	0.01492	0.01492	0.01990	0.03233	0.06716	0.03731	0.63935	0.05223	0.00995	0.00995	0.01492	0.00622	0.00622
60	0.01770	0.01376	0.01625	0.01507	0.01829	0.01423	0.01132	0.02911	0.17893	0.04019	0.38164	0.06503	0.07397	0.06187	0.01441	0.00377	0.00613	0.01632	0.01070	0.01132
61	0.17296	0.01739	0.02117	0.01675	0.02401	0.01625	0.01378	0.04442	0.02654	0.44218	0.03495	0.03162	0.02270	0.01204	0.00934	0.00312	0.00831	0.00935	0.05738	0.01571
62	0.01538	0.01579	0.06591	0.01469	0.01895	0.01264	0.01240	0.02298	0.10014	0.03302	0.18120	0.15065	0.27252	0.02253	0.01180	0.00349	0.00655	0.01928	0.00956	0.01052
63	0.02744	0.64552	0.05378	0.01756	0.02634	0.04061	0.01756	0.03073	0.02085	0.02414	0.01427	0.01646	0.01317	0.00878	0.00658	0.00219	0.01097	0.00549	0.00439	0.01317
64	0.01213	0.01040	0.01040	0.01040	0.01386	0.00866	0.00780	0.01473	0.02339	0.02772	0.10396	0.09876	0.57117	0.02599	0.01213	0.00347	0.00520	0.02166	0.00953	0.00866
65	0.01492	0.00995	0.01119	0.01119	0.01119	0.00995	0.00622	0.01492	0.01492	0.01990	0.03233	0.06716	0.03731	0.63935	0.05223	0.00995	0.00995	0.01492	0.00622	0.00622
66	0.02694	0.02501	0.02385	0.02150	0.02724	0.08884	0.01664	0.05303	0.49844	0.04096	0.03890	0.03610	0.02932	0.01355	0.01031	0.00339	0.00927	0.01105	0.00987	0.01576
67	0.53022	0.02613	0.01899	0.01677	0.02306	0.13461	0.01344	0.07154	0.02207	0.04344	0.01539	0.01764	0.01201	0.00994	0.00721	0.00307	0.01023	0.00604	0.00645	0.01175
68	0.02540	0.02438	0.04165	0.06299	0.57533	0.02438	0.03149	0.03149	0.02337	0.03353	0.01930	0.02540	0.01626	0.00914	0.01016	0.00305	0.01219	0.00914	0.00508	0.01626
69	0.02485	0.02382	0.04066	0.11354	0.52909	0.02424	0.03122	0.03101	0.02311	0.03286	0.01921	0.02558	0.01602	0.00925	0.01017	0.00308	0.01233	0.00914	0.00503	0.01581
70	0.01557	0.01099	0.01530	0.01579	0.01794	0.01160	0.01270	0.01987	0.02154	0.03065	0.14741	0.06871	0.04973	0.04587	0.26012	0.00918	0.01569	0.15086	0.07110	0.00939
71	0.02121	0.10737	0.53739	0.02818	0.04276	0.02537	0.03605	0.03234	0.02159	0.03173	0.01804	0.02119	0.01302	0.00966	0.00946	0.00315	0.01478	0.00739	0.00434	0.01498
72	0.02253	0.22151	0.43482	0.02593	0.03928	0.02860	0.03213	0.03200	0.02143	0.03012	0.01724	0.02019	0.01305	0.00947	0.00885	0.00295	0.01397	0.00699	0.00435	0.01460
73	0.01342	0.00972	0.01288	0.01507	0.01631	0.00918	0.01104	0.01596	0.02087	0.02738	0.05968	0.47006	0.10450	0.03078	0.01328	0.00424	0.00672	0.14078	0.00951	0.00862
74	0.02459	0.01777	0.02006	0.01741	0.02226	0.01898	0.01365	0.12744	0.19761	0.07679	0.23335	0.04981	0.05231	0.01602	0.01077	0.00321	0.00726	0.01352	0.06359	0.01359
75	0.02128	0.01824	0.02128	0.01520	0.02432	0.01368	0.01216	0.02584	0.02128	0.03344	0.01824	0.02128	0.01520	0.00760	0.00760	0.00152	0.00760	0.00608	0.00608	0.70208
76	0.03965	0.02771	0.03016	0.02312	0.03131	0.03029	0.01910	0.49611	0.04652	0.11212	0.02609	0.02558	0.01818	0.01235	0.01027	0.00309	0.01106	0.00934	0.01049	0.01745
77	0.09917	0.02719	0.02852	0.02238	0.03016	0.03032	0.01838	0.44049	0.10166	0.06056	0.02558	0.02542	0.01841	0.01224	0.00993	0.00313	0.01063	0.00916	0.00993	0.01674
78	0.02506	0.02190	0.03059	0.02598	0.02686	0.02962	0.02164	0.02750	0.01723	0.08637	0.01646	0.02383	0.01479	0.01738	0.03109	0.00434	0.55291	0.00913	0.00540	0.01192
79	0.03833	0.04891	0.02908	0.02644	0.03173	0.59815	0.01983	0.04098	0.02908	0.02512	0.01586	0.01851	0.01322	0.01058	0.00925	0.00264	0.01851	0.00661	0.00529	0.01190
80	0.01476	0.01002	0.01298	0.01403	0.01576	0.00955	0.01050	0.01844	0.02358	0.03337	0.21537	0.28410	0.06981	0.02520	0.01217	0.00373	0.00606	0.10794	0.10349	0.00913
81	0.02451	0.39236	0.28128	0.02255	0.03406	0.03344	0.02626	0.03149	0.02120	0.02771	0.01604	0.01869	0.01310	0.00919	0.00794	0.00265	0.01277	0.00638	0.00437	0.01402
82	0.01452	0.01049	0.01372	0.01291	0.01533	0.00968	0.00968	0.01937	0.02905	0.04115	0.56992	0.07666	0.09683	0.02098	0.01210	0.00323	0.00484	0.01856	0.01130	0.00968
83	0.02128	0.01824	0.02128	0.01520	0.02432	0.01368	0.01216	0.02584	0.02128	0.03344	0.01824	0.02128	0.01520	0.00760	0.00760	0.00152	0.00760	0.00608	0.00608	0.70208
84	0.02559	0.02908	0.02307	0.02111	0.02433	0.26257	0.01622	0.02828	0.02446	0.02712	0.08731	0.08475	0.14065	0.01779	0.01545	0.00336	0.13847	0.01292	0.00685	0.01063
85	0.01394	0.01047	0.01290	0.01229	0.01497	0.00943	0.00922	0.01823	0.02766	0.03786	0.45582	0.08207	0.21298	0.02221	0.01211	0.00329	0.00493	0.01932	0.01086	0.00943
86	0.03437	0.02991	0.02724	0.02245	0.02882	0.14535	0.01766	0.31360	0.10979	0.04861	0.02601	0.02993	0.02066	0.08151	0.01472	0.00380	0.01220	0.00965	0.00882	0.01490
87	0.01993	0.01880	0.03178	0.56413	0.11692	0.02294	0.02877	0.02670	0.02078	0.02689	0.01834	0.02718	0.01392	0.01016	0.01025	0.00339	0.01354	0.00912	0.00461	0.01184
88	0.02845	0.06978	0.07117	0.03347	0.19756	0.08563	0.02197	0.03711	0.10073	0.12138	0.09966	0.03401	0.02997	0.01216	0.01011	0.00306	0.01090	0.01030	0.00781	0.01478
89	0.02298	0.26058	0.39970	0.02515	0.03808	0.02971	0.03079	0.03188	0.02138	0.02957	0.01696	0.01984	0.01306	0.00941	0.00864	0.00288	0.01370	0.00685	0.00435	0.01447
90	0.01466	0.01100	0.01649	0.01649	0.01833	0.01283	0.01283	0.01833	0.01649	0.02382	0.02749	0.04032	0.02566	0.07697	0.59868	0.01649	0.02749	0.01100	0.00550	0.00916
91	0.02553	0.02204	0.02320	0.02088	0.02669	0.02553	0.01624	0.05453	0.55679	0.04293	0.04177	0.03829	0.03133	0.01392	0.01044	0.00348	0.00812	0.01160	0.01044	0.01624
92	0.01335	0.00924	0.01203	0.01369	0.01473	0.00866	0.00937	0.01588	0.02137	0.02964	0.14102	0.49355	0.06954	0.02872	0.01248	0.00387	0.00568	0.02588	0.06263	0.00866
93	0.01279	0.00978	0.01175	0.01262	0.01461	0.00873	0.00894	0.01551	0.02294	0.02987	0.18073	0.32665	0.25282	0.02763	0.01255	0.00372	0.00545	0.02428	0.00990	0.00873
94	0.02744	0.64552	0.05378	0.01756	0.02634	0.04061	0.01756	0.03073	0.02085	0.02414	0.01427	0.01646	0.01317	0.00878	0.00658	0.00219	0.01097	0.00549	0.00439	0.01317
95	0.01253	0.01020	0.01110	0.01132	0.01422	0.00877	0.00832	0.01535	0.02369	0.02947	0.16554	0.17178	0.42969	0.02613	0.01226	0.00353	0.00525	0.02228	0.00979	0.00877
96	0.07918	0.21341	0.03348	0.02116	0.02771	0.21334	0.01741	0.04146	0.19189	0.03193	0.02343	0.02400	0.01875	0.01103	0.00864	0.00281	0.01227	0.00778	0.00672	0.01358

[dist]
# distance from previous block
# <min> <max>
0	1

[block]
# block no. 1 follows, 14 sequences, length 24
# corresponding to MSA columns:
# 173-196
name=unknown_B
#
# <colnr> <probs for GDERKNQSTAVLIFYWHMCP>
#	G	D	E	R	K	N	Q	S	T	A	V	L	I	F	Y	W	H	M	C	P
0	0.02371	0.32355	0.34312	0.02391	0.03616	0.03149	0.02862	0.03169	0.02129	0.02868	0.01652	0.01929	0.01308	0.00931	0.00830	0.00277	0.01325	0.00663	0.00436	0.01425
1	0.49083	0.17589	0.02569	0.01551	0.02237	0.07244	0.01338	0.03115	0.01921	0.03902	0.01441	0.01676	0.01178	0.00942	0.00664	0.00289	0.00951	0.00562	0.00579	0.01168
2	0.01619	0.01315	0.01621	0.01504	0.01591	0.01495	0.01079	0.01763	0.01790	0.02428	0.08378	0.06317	0.14179	0.31699	0.03660	0.00680	0.15868	0.01508	0.00685	0.00820
3	0.01524	0.01048	0.01341	0.01396	0.01619	0.00995	0.01090	0.01951	0.02512	0.03544	0.27541	0.15555	0.10197	0.02333	0.01208	0.00362	0.00613	0.13877	0.10358	0.00937
4	0.12657	0.02706	0.02815	0.02207	0.02985	0.03018	0.01815	0.43667	0.08304	0.06056	0.02458	0.02463	0.01768	0.01207	0.00976	0.00312	0.01061	0.00893	0.00976	0.01653
5	0.01287	0.00919	0.01232	0.01470	0.01546	0.00865	0.01016	0.01492	0.02001	0.02660	0.05636	0.58605	0.06708	0.03181	0.01320	0.00422	0.00627	0.07219	0.00952	0.00844
6	0.01654	0.01181	0.01654	0.01890	0.02126	0.01181	0.01654	0.02126	0.02362	0.03071	0.05433	0.11576	0.05906	0.02835	0.01417	0.00472	0.00945	0.50626	0.00945	0.00945
7	0.02715	0.34668	0.12884	0.02125	0.03023	0.03047	0.05677	0.03367	0.05404	0.09540	0.02344	0.06869	0.02006	0.01149	0.00865	0.00280	0.01125	0.00905	0.00620	0.01387
8	0.02202	0.17740	0.47446	0.02680	0.04062	0.02735	0.03364	0.03213	0.02150	0.03075	0.01755	0.02057	0.01304	0.00955	0.00909	0.00303	0.01429	0.00714	0.00435	0.01475
9	0.03630	0.03371	0.03232	0.03171	0.13240	0.19248	0.02182	0.30369	0.03816	0.04759	0.02114	0.02302	0.01602	0.01123	0.00996	0.00295	0.01352	0.00847	0.00788	0.01564
10	0.71184	0.01985	0.01508	0.01350	0.01985	0.02302	0.01111	0.03017	0.01746	0.04604	0.01429	0.01667	0.01111	0.00953	0.00635	0.00318	0.00794	0.00556	0.00635	0.01111
11	0.03088	0.40024	0.04325	0.02075	0.02814	0.22323	0.01820	0.03596	0.06534	0.02593	0.01694	0.01884	0.01460	0.00977	0.00777	0.00244	0.01324	0.00633	0.00516	0.01299
12	0.02159	0.01789	0.01989	0.01859	0.02304	0.01991	0.01441	0.04169	0.36616	0.04041	0.15451	0.09468	0.04983	0.01783	0.01127	0.00357	0.00738	0.05310	0.01048	0.01377
13	0.02065	0.01953	0.03307	0.49840	0.17704	0.02313	0.02913	0.02733	0.02112	0.02776	0.01846	0.02695	0.01422	0.01002	0.01024	0.00334	0.01337	0.00912	0.00467	0.01242
14	0.02433	0.37667	0.29538	0.02286	0.03454	0.03299	0.02680	0.03153	0.02122	0.02794	0.01615	0.01882	0.01309	0.00922	0.00802	0.00267	0.01288	0.00644	0.00436	0.01408
15	0.02744	0.64552	0.05378	0.01756	0.02634	0.04061	0.01756	0.03073	0.02085	0.02414	0.01427	0.01646	0.01317	0.00878	0.00658	0.00219	0.01097	0.00549	0.00439	0.01317
16	0.01287	0.00919	0.01232	0.01470	0.01546	0.00865	0.01016	0.01492	0.02001	0.02660	0.05636	0.58605	0.06708	0.03181	0.01320	0.00422	0.00627	0.07219	0.00952	0.00844
17	0.02125	0.01854	0.02823	0.03520	0.23040	0.01896	0.05123	0.02906	0.10089	0.03075	0.03111	0.05126	0.03009	0.18634	0.02248	0.00527	0.01090	0.07883	0.00680	0.01241
18	0.01250	0.00893	0.01191	0.01429	0.01488	0.00834	0.00953	0.01429	0.01965	0.02620	0.05656	0.63265	0.06787	0.03215	0.01310	0.00417	0.00595	0.02917	0.00953	0.00834
19	0.02128	0.01824	0.02128	0.01520	0.02432	0.01368	0.01216	0.02584	0.02128	0.03344	0.01824	0.02128	0.01520	0.00760	0.00760	0.00152	0.00760	0.00608	0.00608	0.70208
20	0.12357	0.09093	0.03379	0.03507	0.22071	0.02799	0.02189	0.16388	0.10797	0.04354	0.02277	0.02497	0.01776	0.01067	0.00932	0.00305	0.01064	0.00865	0.00729	0.01552
21	0.63865	0.08675	0.01922	0.01393	0.02054	0.02490	0.01180	0.03023	0.01783	0.04370	0.01429	0.01665	0.01133	0.00945	0.00638	0.00307	0.00826	0.00555	0.00614	0.01133
22	0.02404	0.02175	0.02624	0.08602	0.03146	0.02683	0.01923	0.04343	0.35309	0.03621	0.03160	0.03284	0.02461	0.01462	0.01671	0.00375	0.17438	0.01063	0.00820	0.01437
23	0.02907	0.43905	0.13114	0.02007	0.02970	0.03508	0.02072	0.08708	0.02457	0.07341	0.01807	0.01958	0.01456	0.00961	0.00776	0.00253	0.01148	0.00659	0.00566	0.01427

[dist]
# distance from previous block
# <min> <max>
0	2

[block]
# block no. 2 follows, 14 sequences, length 24
# corresponding to MSA columns:
# 199-222
name=unknown_C
#
# <colnr> <probs for GDERKNQSTAVLIFYWHMCP>
#	G	D	E	R	K	N	Q	S	T	A	V	L	I	F	Y	W	H	M	C	P
0	0.02478	0.22462	0.36373	0.02514	0.03760	0.02972	0.02974	0.09215	0.02457	0.03385	0.01793	0.02049	0.01358	0.00977	0.00888	0.00292	0.01347	0.00716	0.00505	0.01485
1	0.04279	0.01867	0.02432	0.01892	0.02647	0.01738	0.01557	0.11995	0.03124	0.46692	0.03724	0.03380	0.02425	0.01718	0.05184	0.00410	0.01043	0.01021	0.01184	0.01688
2	0.02286	0.30250	0.28942	0.02209	0.03272	0.02940	0.02542	0.02966	0.02052	0.02742	0.01828	0.02481	0.01595	0.08382	0.01342	0.00359	0.01275	0.00755	0.00458	0.01325
3	0.03031	0.02274	0.03741	0.05236	0.44481	0.02217	0.02759	0.03590	0.02479	0.16400	0.02434	0.02766	0.01843	0.00999	0.01020	0.00308	0.01137	0.00942	0.00689	0.01654
4	0.01250	0.00893	0.01191	0.01429	0.01488	0.00834	0.00953	0.01429	0.01965	0.02620	0.05656	0.63265	0.06787	0.03215	0.01310	0.00417	0.00595	0.02917	0.00953	0.00834
5	0.04529	0.01867	0.02456	0.01883	0.02680	0.01687	0.01556	0.10256	0.03139	0.52704	0.03879	0.03383	0.02455	0.01266	0.01031	0.00317	0.00901	0.01020	0.01244	0.01746
6	0.02113	0.07644	0.28756	0.10121	0.08194	0.02353	0.11766	0.03006	0.02292	0.03237	0.08449	0.02987	0.02378	0.01086	0.01032	0.00322	0.01364	0.00983	0.00540	0.01378
7	0.02123	0.06724	0.10452	0.02884	0.03698	0.02230	0.23578	0.03129	0.10094	0.03226	0.03872	0.10255	0.10162	0.01453	0.01132	0.00343	0.01235	0.01423	0.00688	0.01298
8	0.01310	0.01030	0.01195	0.01266	0.01527	0.00915	0.00958	0.01609	0.02333	0.02941	0.14255	0.20747	0.34151	0.02698	0.01261	0.00375	0.00590	0.08983	0.00973	0.00883
9	0.02251	0.02226	0.04074	0.16573	0.28832	0.02272	0.14894	0.02890	0.02259	0.03109	0.02342	0.09132	0.02109	0.01172	0.01096	0.00334	0.01304	0.01199	0.00548	0.01384
10	0.02940	0.07506	0.15421	0.02893	0.09787	0.02325	0.07825	0.06896	0.09733	0.16389	0.05804	0.03093	0.02398	0.01152	0.01020	0.00317	0.01148	0.00998	0.00803	0.01551
11	0.02623	0.17356	0.04087	0.02975	0.09562	0.02724	0.12302	0.03063	0.02168	0.09646	0.02377	0.08922	0.02144	0.01369	0.01489	0.00336	0.13795	0.01110	0.00623	0.01328
12	0.01601	0.00956	0.01201	0.01201	0.01201	0.00956	0.00723	0.01434	0.01434	0.01912	0.02691	0.05371	0.03002	0.41359	0.04770	0.26853	0.00956	0.01268	0.00556	0.00556
13	0.03055	0.25526	0.19498	0.02296	0.03341	0.02758	0.06155	0.03685	0.02375	0.18534	0.02335	0.02399	0.01677	0.01015	0.00894	0.00286	0.01199	0.00794	0.00679	0.01500
14	0.02990	0.12348	0.29421	0.02493	0.03604	0.10646	0.02720	0.07737	0.02608	0.12818	0.02182	0.02306	0.01556	0.01045	0.00940	0.00300	0.01365	0.00777	0.00640	0.01502
15	0.49615	0.10973	0.02842	0.01921	0.02660	0.02602	0.10310	0.03071	0.01911	0.04067	0.01540	0.01854	0.01217	0.00927	0.00738	0.00309	0.00999	0.00668	0.00587	0.01188
16	0.02732	0.02339	0.04028	0.09565	0.43227	0.02330	0.07005	0.03342	0.02394	0.09789	0.02185	0.02685	0.01710	0.00960	0.01034	0.00312	0.01230	0.00952	0.00595	0.01586
17	0.02058	0.05308	0.58618	0.02925	0.04442	0.02383	0.03792	0.03250	0.02167	0.03250	0.01842	0.02167	0.01300	0.00975	0.00975	0.00325	0.01517	0.00758	0.00433	0.01517
18	0.01423	0.01032	0.01369	0.01513	0.01692	0.00978	0.01165	0.01774	0.02344	0.03134	0.18350	0.29787	0.10764	0.02782	0.01313	0.00407	0.00673	0.17604	0.00993	0.00903
19	0.02904	0.01682	0.02233	0.01811	0.02400	0.01598	0.04853	0.08842	0.06780	0.22717	0.17936	0.05424	0.13009	0.01667	0.01118	0.00327	0.00801	0.01429	0.01091	0.01378
20	0.01390	0.01029	0.01297	0.01267	0.01504	0.00936	0.00936	0.01801	0.02702	0.03721	0.43374	0.14659	0.16961	0.02312	0.01223	0.00338	0.00503	0.02032	0.01080	0.00936
21	0.08301	0.02303	0.02387	0.02076	0.02703	0.02641	0.01640	0.13686	0.42536	0.04695	0.03659	0.03419	0.02730	0.01329	0.01008	0.00339	0.00866	0.01071	0.01008	0.01604
22	0.01394	0.01047	0.01291	0.01230	0.01498	0.00944	0.00923	0.01824	0.02768	0.03790	0.45710	0.08201	0.21168	0.02219	0.01211	0.00329	0.00493	0.01931	0.01087	0.00944
23	0.01373	0.00996	0.01311	0.01454	0.01613	0.00934	0.01077	0.01686	0.02293	0.03075	0.18260	0.36134	0.11083	0.02829	0.01299	0.00400	0.00629	0.11671	0.00994	0.00889

[dist]
# distance from previous block
# <min> <max>
0	11

[block]
# block no. 3 follows, 14 sequences, length 16
# corresponding to MSA columns:
# 234-249
name=unknown_D
#
# <colnr> <probs for GDERKNQSTAVLIFYWHMCP>
#	G	D	E	R	K	N	Q	S	T	A	V	L	I	F	Y	W	H	M	C	P
0	0.02702	0.02531	0.07438	0.04488	0.34491	0.02384	0.02607	0.13698	0.02819	0.04062	0.02233	0.02676	0.01767	0.01024	0.00974	0.00298	0.01119	0.00911	0.10230	0.01550
1	0.04420	0.02042	0.02565	0.01966	0.02767	0.01947	0.01624	0.17875	0.03432	0.44671	0.03633	0.03223	0.02332	0.01260	0.01031	0.00315	0.00940	0.01004	0.01206	0.01746
2	0.01654	0.01181	0.01654	0.01890	0.02126	0.01181	0.01654	0.02126	0.02362	0.03071	0.05433	0.11576	0.05906	0.02835	0.01417	0.00472	0.00945	0.50626	0.00945	0.00945
3	0.64208	0.08361	0.01903	0.01391	0.02051	0.02481	0.01177	0.03022	0.01781	0.04381	0.01429	0.01665	0.01132	0.00945	0.00637	0.00308	0.00825	0.00555	0.00615	0.01132
4	0.01756	0.07326	0.26946	0.02099	0.03035	0.01846	0.05097	0.02464	0.02251	0.02987	0.05564	0.05533	0.25702	0.01672	0.01070	0.00328	0.01064	0.01384	0.00665	0.01212
5	0.02146	0.12911	0.51785	0.02775	0.04210	0.02599	0.03530	0.03227	0.02156	0.03143	0.01788	0.02100	0.01302	0.00963	0.00934	0.00311	0.01463	0.00731	0.00434	0.01491
6	0.02455	0.02133	0.03873	0.03048	0.03758	0.02075	0.25611	0.06836	0.05464	0.07928	0.03498	0.05805	0.03188	0.01611	0.01243	0.00383	0.01306	0.17691	0.00787	0.01306
7	0.01735	0.01121	0.01309	0.01247	0.01599	0.00971	0.00939	0.02047	0.02482	0.10729	0.17799	0.15417	0.34008	0.02397	0.01200	0.00347	0.00572	0.02045	0.01031	0.01004
8	0.03224	0.02657	0.02432	0.02067	0.02595	0.14893	0.01655	0.21126	0.03285	0.08014	0.02696	0.03300	0.02155	0.01336	0.01129	0.00305	0.05444	0.04233	0.16103	0.01350
9	0.12876	0.02214	0.02540	0.01972	0.02756	0.02259	0.01629	0.23788	0.03516	0.31285	0.03098	0.02860	0.02049	0.01215	0.00979	0.00314	0.00962	0.00929	0.01094	0.01664
10	0.01833	0.01324	0.01595	0.01518	0.01810	0.01328	0.01147	0.08819	0.06044	0.03625	0.20636	0.16147	0.13090	0.02437	0.01566	0.09312	0.00697	0.05109	0.00956	0.01007
11	0.02540	0.02438	0.04165	0.06299	0.57533	0.02438	0.03149	0.03149	0.02337	0.03353	0.01930	0.02540	0.01626	0.00914	0.01016	0.00305	0.01219	0.00914	0.00508	0.01626
12	0.01753	0.02804	0.23768	0.01968	0.02745	0.01638	0.02104	0.02686	0.06812	0.03655	0.26452	0.05434	0.10716	0.01654	0.01105	0.00328	0.00917	0.01403	0.00833	0.01225
13	0.02650	0.01581	0.01889	0.01596	0.02109	0.01532	0.01264	0.10846	0.06727	0.17837	0.22882	0.05976	0.15209	0.01804	0.01126	0.00325	0.00710	0.01517	0.01110	0.01309
14	0.08122	0.03513	0.02929	0.02446	0.03118	0.31495	0.07025	0.03962	0.06248	0.10109	0.02145	0.02310	0.01634	0.01044	0.00936	0.00275	0.01436	0.00785	0.00675	0.09793
15	0.03129	0.13901	0.07252	0.02763	0.09782	0.13904	0.05577	0.03807	0.06787	0.13092	0.02333	0.02471	0.01761	0.01025	0.00925	0.00276	0.01236	0.00819	0.00688	0.08472

[dist]
# distance from previous block
# <min> <max>
0	3

# created by:
# /st0/software/busco_prod/Augustus/scripts/msa2prfl.pl ./align_prep/6455.fa
