[name]
unknown

[dist]
# distance from previous block
# <min> <max>
0	119

[block]
# block no. 0 follows, 14 sequences, length 26
# corresponding to MSA columns:
# 125-150
name=unknown_A
#
# <colnr> <probs for GDERKNQSTAVLIFYWHMCP>
#	G	D	E	R	K	N	Q	S	T	A	V	L	I	F	Y	W	H	M	C	P
0	0.07673	0.02888	0.03368	0.02938	0.08052	0.13938	0.11843	0.13931	0.07161	0.06556	0.02434	0.03003	0.01939	0.01154	0.01021	0.00309	0.01302	0.03718	0.00739	0.06032
1	0.18802	0.01968	0.02337	0.20348	0.03769	0.02239	0.01820	0.15362	0.02797	0.04246	0.09320	0.03574	0.06765	0.01314	0.00970	0.00326	0.00997	0.01044	0.00762	0.01241
2	0.03243	0.02168	0.02503	0.10749	0.06709	0.09453	0.01736	0.03650	0.02484	0.23982	0.02783	0.03162	0.02078	0.07035	0.01365	0.00348	0.01090	0.00925	0.00823	0.13712
3	0.07335	0.09603	0.10902	0.14056	0.06642	0.02101	0.02087	0.02803	0.02093	0.06687	0.02323	0.07754	0.02030	0.01768	0.06351	0.00416	0.01237	0.00971	0.00597	0.12245
4	0.08960	0.02511	0.02382	0.01969	0.02600	0.13526	0.01568	0.14800	0.03243	0.21423	0.12903	0.03575	0.03346	0.01349	0.01011	0.00306	0.01046	0.01051	0.00992	0.01439
5	0.08204	0.07497	0.03083	0.02726	0.10899	0.02317	0.06580	0.09717	0.11354	0.10893	0.09265	0.03941	0.03159	0.01338	0.01030	0.00325	0.00997	0.04370	0.00861	0.01443
6	0.08111	0.07444	0.03089	0.02551	0.09240	0.02120	0.06632	0.09514	0.02726	0.22458	0.02988	0.08304	0.02351	0.01268	0.00990	0.00305	0.01004	0.01087	0.00882	0.06933
7	0.02836	0.02352	0.04223	0.14031	0.19199	0.02353	0.19204	0.06708	0.02578	0.12693	0.02352	0.02804	0.01722	0.00998	0.01084	0.00327	0.01346	0.01031	0.00665	0.01493
8	0.02070	0.02073	0.03915	0.37873	0.06090	0.02286	0.19182	0.02794	0.02198	0.02875	0.02218	0.03513	0.01822	0.01131	0.01120	0.00355	0.01448	0.05318	0.00519	0.01202
9	0.01870	0.02428	0.16989	0.02183	0.02895	0.01564	0.09561	0.02473	0.02312	0.06763	0.09475	0.18138	0.15234	0.01922	0.01160	0.00353	0.00998	0.01721	0.00789	0.01174
10	0.02902	0.02534	0.07355	0.09298	0.18511	0.05468	0.11210	0.03502	0.02432	0.15459	0.02539	0.03197	0.01960	0.01165	0.01219	0.00335	0.05212	0.03546	0.00691	0.01466
11	0.03095	0.02098	0.02321	0.01987	0.02514	0.06093	0.01569	0.10593	0.15378	0.18715	0.08694	0.10646	0.03572	0.01628	0.01261	0.00342	0.05720	0.01311	0.01017	0.01448
12	0.02303	0.01049	0.01530	0.01427	0.01574	0.01005	0.01005	0.02013	0.01632	0.12203	0.02201	0.03188	0.01922	0.03142	0.03461	0.57255	0.00888	0.00917	0.00598	0.00686
13	0.02950	0.02219	0.03452	0.15550	0.16748	0.02312	0.08414	0.13187	0.02876	0.13167	0.02665	0.03460	0.02078	0.01204	0.01077	0.00333	0.01212	0.04845	0.00764	0.01488
14	0.03046	0.02222	0.03311	0.03705	0.22271	0.02257	0.06657	0.04339	0.19137	0.17257	0.03169	0.03198	0.02317	0.01147	0.01046	0.00325	0.01051	0.01046	0.00865	0.01634
15	0.02553	0.02204	0.02320	0.02088	0.02669	0.02553	0.01624	0.05453	0.55679	0.04293	0.04177	0.03829	0.03133	0.01392	0.01044	0.00348	0.00812	0.01160	0.01044	0.01624
16	0.71184	0.01985	0.01508	0.01350	0.01985	0.02302	0.01111	0.03017	0.01746	0.04604	0.01429	0.01667	0.01111	0.00953	0.00635	0.00318	0.00794	0.00556	0.00635	0.01111
17	0.01357	0.01115	0.01207	0.01205	0.01520	0.01009	0.00894	0.01847	0.06537	0.03074	0.16323	0.15352	0.39897	0.02502	0.01211	0.00351	0.00546	0.02129	0.00986	0.00937
18	0.01999	0.01150	0.01463	0.01320	0.01659	0.01047	0.01013	0.02453	0.02782	0.12737	0.38832	0.06696	0.11051	0.01893	0.01124	0.00314	0.00549	0.01639	0.09195	0.01085
19	0.23181	0.02533	0.02360	0.01957	0.02651	0.09162	0.01578	0.16749	0.10518	0.15621	0.02625	0.02564	0.01870	0.01162	0.00906	0.00313	0.01021	0.00842	0.00907	0.01481
20	0.01320	0.01201	0.05051	0.01518	0.01690	0.00948	0.01144	0.01590	0.02052	0.02778	0.09402	0.54840	0.06645	0.02978	0.01280	0.00403	0.00648	0.02690	0.00932	0.00890
21	0.08534	0.02249	0.09389	0.44427	0.05932	0.02226	0.02674	0.02730	0.02042	0.02937	0.01789	0.02522	0.01347	0.00993	0.00963	0.00324	0.01286	0.00838	0.00482	0.06314
22	0.08123	0.37188	0.04114	0.12954	0.03401	0.03144	0.01847	0.03130	0.02136	0.07991	0.01780	0.02064	0.01441	0.00940	0.00769	0.00255	0.01078	0.00668	0.00549	0.06427
23	0.14745	0.02501	0.03170	0.07602	0.03561	0.09015	0.12804	0.11451	0.02777	0.14232	0.02561	0.06603	0.02003	0.01208	0.01008	0.00325	0.01222	0.01045	0.00785	0.01382
24	0.28776	0.02215	0.02314	0.05443	0.10524	0.05901	0.01666	0.10265	0.02431	0.04102	0.02217	0.09263	0.02011	0.01246	0.00877	0.00308	0.00976	0.00969	0.00692	0.07805
25	0.08563	0.01671	0.01745	0.01923	0.05986	0.08094	0.01287	0.02350	0.02262	0.07377	0.09091	0.33129	0.07989	0.02291	0.01143	0.00361	0.00816	0.01996	0.00880	0.01046

[dist]
# distance from previous block
# <min> <max>
1	5

[block]
# block no. 1 follows, 14 sequences, length 8
# corresponding to MSA columns:
# 156-163
name=unknown_B
#
# <colnr> <probs for GDERKNQSTAVLIFYWHMCP>
#	G	D	E	R	K	N	Q	S	T	A	V	L	I	F	Y	W	H	M	C	P
0	0.09289	0.09911	0.20250	0.07048	0.03490	0.02273	0.04809	0.06106	0.02491	0.11254	0.10478	0.03172	0.02772	0.01187	0.00969	0.00313	0.01128	0.00964	0.00716	0.01379
1	0.01497	0.01073	0.01316	0.01320	0.01510	0.00966	0.00884	0.01616	0.01832	0.02492	0.04430	0.28704	0.08733	0.19031	0.02528	0.07361	0.00750	0.01928	0.00762	0.11268
2	0.02504	0.01812	0.02166	0.01566	0.02460	0.01389	0.01260	0.02951	0.02251	0.11674	0.02162	0.02335	0.01675	0.00837	0.00801	0.00177	0.00777	0.00672	0.00708	0.59820
3	0.03690	0.11591	0.03010	0.02141	0.05793	0.02127	0.01695	0.04075	0.02538	0.34790	0.02999	0.02878	0.02064	0.01197	0.01207	0.00300	0.07754	0.00894	0.00940	0.08315
4	0.02536	0.02152	0.08136	0.02438	0.08787	0.01962	0.01867	0.10680	0.02717	0.11163	0.15247	0.04223	0.03820	0.06982	0.05577	0.00475	0.07899	0.01193	0.00834	0.01311
5	0.01414	0.01076	0.01419	0.08000	0.02054	0.01061	0.01095	0.01717	0.02212	0.02955	0.19579	0.25290	0.13487	0.11792	0.01831	0.00461	0.00701	0.02082	0.00895	0.00877
6	0.02347	0.02270	0.14899	0.01830	0.02452	0.01516	0.01707	0.05217	0.02238	0.13835	0.03448	0.16374	0.03329	0.16944	0.02087	0.00495	0.00999	0.01443	0.00794	0.05774
7	0.02711	0.17808	0.22135	0.02520	0.03513	0.03039	0.05286	0.15017	0.06662	0.03814	0.02034	0.02276	0.01559	0.01103	0.01124	0.00310	0.06164	0.00813	0.00622	0.01492

[dist]
# distance from previous block
# <min> <max>
0	5

[block]
# block no. 2 follows, 14 sequences, length 15
# corresponding to MSA columns:
# 169-183
name=unknown_C
#
# <colnr> <probs for GDERKNQSTAVLIFYWHMCP>
#	G	D	E	R	K	N	Q	S	T	A	V	L	I	F	Y	W	H	M	C	P
0	0.17246	0.01695	0.02036	0.01627	0.02315	0.01575	0.01325	0.03958	0.02632	0.35168	0.11296	0.03649	0.03247	0.01292	0.00958	0.00306	0.00790	0.01028	0.01071	0.06786
1	0.03381	0.09511	0.07084	0.01921	0.02795	0.06599	0.01700	0.07534	0.02689	0.23820	0.02636	0.02587	0.01860	0.01038	0.00899	0.00255	0.01013	0.00798	0.00846	0.21032
2	0.13256	0.05727	0.02708	0.10185	0.10820	0.02208	0.01860	0.07206	0.09364	0.15527	0.08384	0.03282	0.02740	0.01216	0.00967	0.00317	0.00958	0.00994	0.00849	0.01431
3	0.02244	0.01287	0.01593	0.01449	0.01825	0.01203	0.01088	0.02812	0.06684	0.14434	0.17437	0.16777	0.05253	0.05225	0.01297	0.00355	0.00657	0.01615	0.10760	0.06004
4	0.02203	0.02095	0.03557	0.37142	0.29320	0.02350	0.02982	0.02855	0.02178	0.02944	0.01871	0.02650	0.01482	0.00977	0.01022	0.00326	0.01302	0.00913	0.00479	0.01354
5	0.01865	0.01669	0.01656	0.01538	0.01846	0.09276	0.01158	0.02498	0.06821	0.03905	0.45362	0.06572	0.08033	0.01901	0.01158	0.00317	0.00699	0.01638	0.01040	0.01048
6	0.01302	0.00960	0.01219	0.01330	0.01485	0.00877	0.00931	0.01580	0.02290	0.03069	0.20987	0.39264	0.15326	0.02803	0.01267	0.00379	0.00552	0.02500	0.01003	0.00877
7	0.02918	0.55245	0.05031	0.01847	0.02717	0.03928	0.01785	0.10775	0.02499	0.03026	0.01583	0.01770	0.01382	0.00931	0.00714	0.00233	0.01102	0.00605	0.00528	0.01382
8	0.03374	0.01430	0.01861	0.01524	0.02084	0.01277	0.01223	0.03806	0.02754	0.35267	0.14411	0.04397	0.03980	0.01418	0.00997	0.00301	0.00707	0.01179	0.16595	0.01414
9	0.11915	0.02525	0.02729	0.02225	0.02848	0.02931	0.01819	0.29539	0.14695	0.05168	0.02526	0.02618	0.01898	0.01315	0.01334	0.00339	0.10214	0.00923	0.00893	0.01545
10	0.22028	0.08099	0.07026	0.02102	0.02695	0.20867	0.01791	0.03348	0.02255	0.06803	0.01973	0.06282	0.01729	0.01251	0.01119	0.00314	0.07657	0.00839	0.00614	0.01208
11	0.03854	0.03872	0.02635	0.02326	0.02891	0.42035	0.01776	0.04165	0.02854	0.15133	0.02279	0.02377	0.01700	0.01116	0.00933	0.00274	0.01522	0.00768	0.06196	0.01296
12	0.02460	0.01819	0.03029	0.29628	0.11393	0.01957	0.06404	0.03018	0.02274	0.13480	0.02864	0.11994	0.02458	0.01377	0.01084	0.00344	0.01167	0.01262	0.00699	0.01289
13	0.01639	0.01237	0.01430	0.01450	0.01713	0.01198	0.01050	0.09392	0.02511	0.03247	0.06625	0.37750	0.21430	0.02727	0.01237	0.00379	0.00653	0.02387	0.00964	0.00981
14	0.02927	0.02646	0.11115	0.02276	0.03146	0.02232	0.05748	0.09861	0.20400	0.13963	0.03103	0.03032	0.02236	0.01155	0.00999	0.00305	0.01024	0.00971	0.00887	0.11976

[dist]
# distance from previous block
# <min> <max>
7	12

[block]
# block no. 3 follows, 14 sequences, length 21
# corresponding to MSA columns:
# 197-217
name=unknown_D
#
# <colnr> <probs for GDERKNQSTAVLIFYWHMCP>
#	G	D	E	R	K	N	Q	S	T	A	V	L	I	F	Y	W	H	M	C	P
0	0.02636	0.02029	0.02410	0.02001	0.02540	0.06291	0.06966	0.09457	0.13739	0.09379	0.15110	0.04222	0.03970	0.01401	0.01029	0.00309	0.00902	0.01206	0.13076	0.01328
1	0.12517	0.02676	0.02861	0.02927	0.14023	0.12089	0.01961	0.13762	0.03022	0.20443	0.02546	0.02580	0.01805	0.01112	0.00958	0.00304	0.01151	0.00862	0.00857	0.01544
2	0.01648	0.00995	0.01271	0.01386	0.01560	0.00916	0.00968	0.01887	0.02110	0.08227	0.05631	0.46740	0.09960	0.02758	0.01211	0.00382	0.00604	0.02462	0.08345	0.00939
3	0.02426	0.02537	0.04617	0.03483	0.04230	0.02676	0.31890	0.03702	0.15840	0.03406	0.02489	0.02951	0.01923	0.01155	0.01530	0.00364	0.11594	0.01146	0.00641	0.01401
4	0.02062	0.01950	0.03301	0.50134	0.17436	0.02313	0.02912	0.02730	0.02110	0.02772	0.01846	0.02696	0.01421	0.01003	0.01024	0.00334	0.01337	0.00912	0.00467	0.01240
5	0.01250	0.00893	0.01191	0.01429	0.01488	0.00834	0.00953	0.01429	0.01965	0.02620	0.05656	0.63265	0.06787	0.03215	0.01310	0.00417	0.00595	0.02917	0.00953	0.00834
6	0.02415	0.01955	0.02051	0.06501	0.02576	0.07405	0.01453	0.11314	0.08526	0.07658	0.21175	0.05537	0.13777	0.01723	0.01108	0.00322	0.00862	0.01434	0.00970	0.01235
7	0.01827	0.01051	0.01407	0.01480	0.01680	0.00960	0.01046	0.02075	0.02226	0.11987	0.10892	0.47412	0.06395	0.02773	0.01253	0.00390	0.00629	0.02492	0.01024	0.00999
8	0.03874	0.02225	0.02605	0.02037	0.02816	0.02257	0.01664	0.22470	0.11595	0.27814	0.03352	0.03084	0.02278	0.01241	0.01014	0.00308	0.00948	0.00984	0.01104	0.06332
9	0.20137	0.02680	0.02211	0.01888	0.02470	0.16158	0.01474	0.14079	0.02846	0.10463	0.02894	0.03252	0.06214	0.07396	0.01333	0.00371	0.01130	0.00937	0.00792	0.01273
10	0.03649	0.04513	0.02721	0.02482	0.02983	0.54160	0.01861	0.03934	0.02835	0.02638	0.01755	0.02040	0.01448	0.01071	0.00905	0.00262	0.01719	0.00689	0.07168	0.01167
11	0.08887	0.02077	0.07439	0.14741	0.03958	0.01892	0.12835	0.02889	0.02239	0.10026	0.03169	0.14112	0.02949	0.01584	0.01115	0.00363	0.01160	0.06618	0.00725	0.01221
12	0.01242	0.00926	0.01157	0.01341	0.01465	0.00841	0.00914	0.01439	0.02049	0.02654	0.06727	0.51198	0.18163	0.03076	0.01288	0.00401	0.00578	0.02747	0.00953	0.00841
13	0.07977	0.06589	0.07253	0.07957	0.03273	0.02282	0.05793	0.06785	0.16950	0.06766	0.03005	0.09285	0.02520	0.01329	0.00990	0.00318	0.01007	0.01130	0.00782	0.08006
14	0.03012	0.12316	0.06219	0.08496	0.03362	0.02892	0.01984	0.26995	0.09814	0.04759	0.07655	0.03012	0.02543	0.01243	0.00986	0.00305	0.01071	0.00973	0.00853	0.01511
15	0.02001	0.01429	0.06046	0.01618	0.01955	0.01103	0.01292	0.02327	0.02247	0.13897	0.08968	0.42160	0.05721	0.02561	0.01220	0.00382	0.00716	0.02286	0.00988	0.01081
16	0.07906	0.01685	0.01975	0.01539	0.02282	0.01383	0.01212	0.02810	0.02195	0.11640	0.02707	0.11527	0.02437	0.01223	0.00874	0.00230	0.00755	0.01017	0.00762	0.43841
17	0.16945	0.12384	0.07027	0.01734	0.02474	0.02271	0.01548	0.07919	0.06042	0.03803	0.05723	0.08326	0.02533	0.01247	0.00861	0.00277	0.00890	0.00968	0.00709	0.16318
18	0.02800	0.08743	0.09893	0.02200	0.03066	0.06314	0.05116	0.13746	0.07084	0.06859	0.02440	0.05760	0.01984	0.01136	0.00939	0.00271	0.01099	0.00922	0.00735	0.18892
19	0.11953	0.01344	0.04415	0.01391	0.01682	0.01168	0.01087	0.01801	0.01983	0.02953	0.09059	0.24515	0.15539	0.02596	0.01638	0.12664	0.00704	0.01845	0.00800	0.00862
20	0.12836	0.01856	0.02624	0.07786	0.03038	0.01985	0.08582	0.06277	0.02327	0.14832	0.02791	0.07697	0.02323	0.05672	0.01527	0.00384	0.07547	0.01122	0.07542	0.01253

[dist]
# distance from previous block
# <min> <max>
0	19

[block]
# block no. 4 follows, 14 sequences, length 19
# corresponding to MSA columns:
# 237-255
name=unknown_E
#
# <colnr> <probs for GDERKNQSTAVLIFYWHMCP>
#	G	D	E	R	K	N	Q	S	T	A	V	L	I	F	Y	W	H	M	C	P
0	0.01719	0.01049	0.01395	0.01539	0.01726	0.00993	0.01158	0.02017	0.02170	0.07964	0.05248	0.39579	0.05807	0.02762	0.01259	0.00406	0.00698	0.14482	0.07074	0.00956
1	0.08260	0.02193	0.02512	0.14102	0.08421	0.06467	0.01894	0.03795	0.22014	0.03667	0.07546	0.03346	0.02770	0.01218	0.00983	0.00314	0.01001	0.01011	0.00773	0.07713
2	0.03575	0.02693	0.03292	0.06724	0.03618	0.10453	0.10556	0.16913	0.08122	0.19190	0.02825	0.02858	0.01975	0.01157	0.01046	0.00317	0.01248	0.00986	0.00900	0.01553
3	0.01296	0.00893	0.01203	0.01421	0.01475	0.00838	0.00947	0.01421	0.01911	0.02548	0.05325	0.58119	0.06359	0.03245	0.01541	0.06383	0.00621	0.02744	0.00909	0.00800
4	0.02366	0.02034	0.03454	0.19013	0.27474	0.02113	0.06405	0.02976	0.02364	0.07265	0.06886	0.03871	0.02650	0.01227	0.01084	0.00334	0.01185	0.05275	0.00640	0.01381
5	0.01779	0.01456	0.01768	0.01842	0.05960	0.01483	0.01274	0.02873	0.17080	0.03785	0.27372	0.09755	0.15569	0.01970	0.01157	0.00338	0.00640	0.01711	0.01019	0.01170
6	0.01250	0.00893	0.01191	0.01429	0.01488	0.00834	0.00953	0.01429	0.01965	0.02620	0.05656	0.63265	0.06787	0.03215	0.01310	0.00417	0.00595	0.02917	0.00953	0.00834
7	0.02341	0.06524	0.02433	0.06161	0.02657	0.07073	0.04316	0.06634	0.06505	0.08106	0.21510	0.10299	0.07816	0.01714	0.01099	0.00323	0.00902	0.01474	0.00913	0.01200
8	0.01525	0.00963	0.01288	0.01461	0.01581	0.00889	0.00998	0.01722	0.02044	0.07181	0.05524	0.58364	0.06439	0.03056	0.01287	0.00409	0.00618	0.02763	0.00979	0.00908
9	0.02680	0.45306	0.08688	0.10749	0.03473	0.03594	0.02084	0.07692	0.02337	0.02877	0.01611	0.01920	0.01362	0.00939	0.00770	0.00253	0.01171	0.00652	0.00495	0.01344
10	0.24862	0.19517	0.03188	0.16936	0.03631	0.08128	0.01857	0.05776	0.02190	0.03403	0.01599	0.01993	0.01287	0.00975	0.00789	0.00291	0.01139	0.00674	0.00547	0.01217
11	0.03833	0.04891	0.02908	0.02644	0.03173	0.59815	0.01983	0.04098	0.02908	0.02512	0.01586	0.01851	0.01322	0.01058	0.00925	0.00264	0.01851	0.00661	0.00529	0.01190
12	0.07659	0.02092	0.03689	0.23660	0.08844	0.02183	0.17145	0.03207	0.02296	0.12068	0.02437	0.05930	0.01896	0.01120	0.01065	0.00339	0.01298	0.01096	0.00650	0.01326
13	0.01240	0.00935	0.01147	0.01317	0.01459	0.00843	0.00903	0.01442	0.02072	0.02664	0.07019	0.47911	0.21261	0.03038	0.01282	0.00397	0.00574	0.02701	0.00953	0.00843
14	0.06317	0.02364	0.07825	0.24837	0.04476	0.02395	0.02270	0.14816	0.09941	0.04054	0.08104	0.03229	0.02550	0.01227	0.01021	0.00330	0.01127	0.01014	0.00745	0.01358
15	0.02673	0.09897	0.18893	0.08274	0.13569	0.02411	0.02619	0.06024	0.02466	0.11898	0.06256	0.02863	0.02210	0.01143	0.01105	0.00315	0.04334	0.00918	0.00665	0.01468
16	0.01285	0.00914	0.01202	0.01395	0.01466	0.00857	0.00931	0.01478	0.02015	0.02708	0.10040	0.54346	0.06829	0.07396	0.01577	0.00449	0.00614	0.02723	0.00945	0.00831
17	0.02108	0.01745	0.02021	0.01468	0.02319	0.01330	0.01170	0.02566	0.02130	0.03388	0.01964	0.02283	0.01622	0.00800	0.00756	0.00160	0.00734	0.00640	0.06928	0.63867
18	0.02883	0.26995	0.12646	0.06260	0.03167	0.02777	0.02029	0.06924	0.02444	0.12697	0.02215	0.02376	0.01669	0.01014	0.00837	0.00266	0.01084	0.00753	0.05757	0.05206

[dist]
# distance from previous block
# <min> <max>
0	4

[block]
# block no. 5 follows, 14 sequences, length 21
# corresponding to MSA columns:
# 260-280
name=unknown_F
#
# <colnr> <probs for GDERKNQSTAVLIFYWHMCP>
#	G	D	E	R	K	N	Q	S	T	A	V	L	I	F	Y	W	H	M	C	P
0	0.45929	0.01964	0.02085	0.01738	0.02389	0.02123	0.05875	0.05622	0.02146	0.12178	0.02295	0.07600	0.01898	0.01207	0.00823	0.00329	0.00887	0.00913	0.00764	0.01233
1	0.17432	0.18257	0.08911	0.04685	0.03108	0.02813	0.04340	0.13191	0.02696	0.12431	0.02123	0.02247	0.01558	0.01038	0.00856	0.00294	0.01089	0.00766	0.00726	0.01438
2	0.01291	0.00922	0.01237	0.01475	0.01552	0.00868	0.01023	0.01499	0.02004	0.02665	0.05634	0.58102	0.06699	0.03177	0.01321	0.00422	0.00630	0.07682	0.00952	0.00845
3	0.02765	0.01910	0.02434	0.14871	0.03470	0.02046	0.01773	0.13003	0.11893	0.12015	0.02992	0.07852	0.02412	0.01568	0.01323	0.07196	0.00988	0.01108	0.00841	0.07540
4	0.02867	0.02334	0.03223	0.27402	0.18321	0.07442	0.02550	0.07847	0.02590	0.12166	0.02247	0.02706	0.01652	0.01059	0.01015	0.00319	0.01272	0.00911	0.00658	0.01419
5	0.01250	0.00893	0.01191	0.01429	0.01488	0.00834	0.00953	0.01429	0.01965	0.02620	0.05656	0.63265	0.06787	0.03215	0.01310	0.00417	0.00595	0.02917	0.00953	0.00834
6	0.02026	0.03375	0.27343	0.12704	0.04382	0.02167	0.10232	0.03097	0.06513	0.03379	0.11514	0.03424	0.02930	0.01193	0.01064	0.00332	0.01290	0.01070	0.00617	0.01348
7	0.02311	0.02945	0.16797	0.14263	0.13318	0.02439	0.02657	0.03975	0.23083	0.03556	0.02766	0.02988	0.02085	0.01137	0.01019	0.00334	0.01162	0.00971	0.00689	0.01506
8	0.01250	0.00893	0.01191	0.01429	0.01488	0.00834	0.00953	0.01429	0.01965	0.02620	0.05656	0.63265	0.06787	0.03215	0.01310	0.00417	0.00595	0.02917	0.00953	0.00834
9	0.03368	0.07720	0.02932	0.02135	0.02846	0.07902	0.01755	0.36728	0.04060	0.05273	0.07297	0.03418	0.07270	0.01379	0.01019	0.00302	0.01085	0.01055	0.00936	0.01521
10	0.01936	0.01118	0.01457	0.01418	0.01703	0.01007	0.01044	0.02266	0.02497	0.13451	0.23010	0.28242	0.11995	0.02419	0.01215	0.00360	0.00602	0.02137	0.01071	0.01051
11	0.10442	0.07771	0.02843	0.02310	0.08027	0.02392	0.01727	0.19735	0.03214	0.21680	0.02785	0.02753	0.01954	0.01150	0.00930	0.00298	0.00968	0.00889	0.06564	0.01568
12	0.17042	0.18983	0.03317	0.02082	0.02719	0.15832	0.04580	0.08233	0.02459	0.03452	0.01751	0.02060	0.01440	0.01060	0.00983	0.00284	0.05624	0.00708	0.06143	0.01249
13	0.03677	0.04570	0.02749	0.02506	0.03011	0.55007	0.01879	0.03958	0.02846	0.02619	0.01730	0.02012	0.01429	0.01069	0.00908	0.00262	0.01739	0.00685	0.06173	0.01171
14	0.02461	0.02775	0.17094	0.19625	0.13292	0.02117	0.06459	0.03188	0.02285	0.11636	0.02520	0.07564	0.02026	0.01198	0.01049	0.00334	0.01268	0.01076	0.00631	0.01400
15	0.01244	0.00918	0.01165	0.01362	0.01471	0.00839	0.00923	0.01436	0.02029	0.02646	0.06473	0.54068	0.15457	0.03109	0.01293	0.00405	0.00582	0.02788	0.00953	0.00839
16	0.02662	0.02540	0.11675	0.18160	0.04113	0.02267	0.02274	0.08834	0.16872	0.11627	0.03327	0.03422	0.05180	0.01260	0.01034	0.00334	0.01100	0.01043	0.00812	0.01463
17	0.02885	0.02716	0.13209	0.06925	0.03348	0.02364	0.02182	0.14276	0.11882	0.12976	0.03022	0.08210	0.02407	0.01432	0.01276	0.00346	0.07078	0.01124	0.00849	0.01492
18	0.01292	0.00939	0.01225	0.01417	0.01529	0.00872	0.00989	0.01523	0.02101	0.02783	0.10092	0.50401	0.11421	0.03045	0.01301	0.00407	0.00605	0.06234	0.00966	0.00855
19	0.02296	0.02126	0.02205	0.01631	0.02505	0.07124	0.01292	0.02733	0.02205	0.03262	0.01801	0.02101	0.01500	0.00789	0.00776	0.00163	0.00867	0.00613	0.00600	0.63411
20	0.08911	0.09474	0.07782	0.01968	0.02812	0.02332	0.01767	0.12216	0.09709	0.21900	0.02883	0.02759	0.02022	0.01133	0.00926	0.00293	0.00972	0.00871	0.00916	0.08352

[dist]
# distance from previous block
# <min> <max>
0	2

[block]
# block no. 6 follows, 14 sequences, length 17
# corresponding to MSA columns:
# 283-299
name=unknown_G
#
# <colnr> <probs for GDERKNQSTAVLIFYWHMCP>
#	G	D	E	R	K	N	Q	S	T	A	V	L	I	F	Y	W	H	M	C	P
0	0.01384	0.01017	0.01245	0.01293	0.01477	0.00942	0.00930	0.01670	0.02289	0.03043	0.21864	0.20058	0.18072	0.13115	0.01940	0.00477	0.00647	0.06733	0.00949	0.00856
1	0.42849	0.02099	0.02059	0.06333	0.02705	0.02339	0.01466	0.12758	0.02527	0.13202	0.02062	0.02185	0.01473	0.01060	0.00800	0.00318	0.00913	0.00727	0.00793	0.01331
2	0.09471	0.02231	0.02608	0.08359	0.06485	0.06244	0.04381	0.11064	0.12746	0.11727	0.06226	0.03235	0.02544	0.01220	0.00980	0.00315	0.01018	0.01004	0.06724	0.01420
3	0.01454	0.00935	0.01217	0.01393	0.01495	0.00897	0.00984	0.01654	0.01979	0.02787	0.04884	0.42166	0.05533	0.02876	0.01482	0.07039	0.00642	0.07588	0.12168	0.00829
4	0.07284	0.02551	0.10410	0.06634	0.09532	0.02184	0.10850	0.04093	0.11726	0.19772	0.02923	0.02995	0.02057	0.01112	0.01030	0.00329	0.01153	0.00999	0.00824	0.01544
5	0.03416	0.02100	0.03154	0.11760	0.12911	0.02112	0.06489	0.08300	0.07842	0.26499	0.03069	0.03103	0.02117	0.01147	0.01044	0.00324	0.01094	0.01013	0.00913	0.01593
6	0.01250	0.00893	0.01191	0.01429	0.01488	0.00834	0.00953	0.01429	0.01965	0.02620	0.05656	0.63265	0.06787	0.03215	0.01310	0.00417	0.00595	0.02917	0.00953	0.00834
7	0.02302	0.02792	0.13010	0.15718	0.04610	0.02475	0.15475	0.03914	0.21418	0.03497	0.02736	0.03040	0.02038	0.01108	0.01071	0.00342	0.01285	0.01051	0.00679	0.01440
8	0.02481	0.01862	0.02479	0.06880	0.06208	0.01942	0.05260	0.10935	0.12717	0.09352	0.08570	0.10165	0.09315	0.05486	0.01364	0.00380	0.00932	0.01435	0.00911	0.01326
9	0.01297	0.00920	0.01201	0.01381	0.01453	0.00865	0.00918	0.01488	0.02010	0.02704	0.10643	0.51434	0.06751	0.09700	0.01725	0.00470	0.00627	0.02654	0.00935	0.00824
10	0.12692	0.13032	0.02927	0.08276	0.07450	0.06117	0.01770	0.11658	0.05978	0.03881	0.09316	0.07242	0.02965	0.01332	0.00942	0.00307	0.01011	0.01061	0.00743	0.01299
11	0.01444	0.00984	0.01211	0.01251	0.01447	0.00914	0.00901	0.01810	0.02428	0.03466	0.27194	0.24438	0.12435	0.02341	0.01157	0.00340	0.00521	0.02063	0.12743	0.00914
12	0.03808	0.02307	0.02717	0.07132	0.03202	0.02439	0.01806	0.31141	0.03826	0.21703	0.02954	0.02896	0.02017	0.01223	0.01006	0.00309	0.01026	0.00958	0.05891	0.01638
13	0.12475	0.02661	0.09158	0.21089	0.08905	0.06089	0.05659	0.06131	0.02214	0.03292	0.01739	0.02350	0.01373	0.01133	0.01356	0.00345	0.11389	0.00845	0.00527	0.01270
14	0.03833	0.04891	0.02908	0.02644	0.03173	0.59815	0.01983	0.04098	0.02908	0.02512	0.01586	0.01851	0.01322	0.01058	0.00925	0.00264	0.01851	0.00661	0.00529	0.01190
15	0.02862	0.02290	0.03445	0.18758	0.21423	0.06656	0.07354	0.03438	0.02429	0.14217	0.02390	0.02816	0.01765	0.01036	0.01018	0.00314	0.01248	0.00948	0.04159	0.01435
16	0.08490	0.01120	0.01269	0.01330	0.01570	0.01049	0.00931	0.01703	0.01987	0.02861	0.05584	0.37076	0.14927	0.07693	0.01500	0.00419	0.00649	0.02220	0.00863	0.06758

[dist]
# distance from previous block
# <min> <max>
0	46

[block]
# block no. 7 follows, 14 sequences, length 20
# corresponding to MSA columns:
# 346-365
name=unknown_H
#
# <colnr> <probs for GDERKNQSTAVLIFYWHMCP>
#	G	D	E	R	K	N	Q	S	T	A	V	L	I	F	Y	W	H	M	C	P
0	0.06293	0.02184	0.02883	0.18246	0.04047	0.02380	0.04958	0.21785	0.03237	0.14511	0.02584	0.02816	0.01820	0.01147	0.00996	0.00316	0.01115	0.00943	0.06269	0.01470
1	0.08000	0.10685	0.01962	0.01487	0.01814	0.01521	0.01133	0.02183	0.02086	0.08430	0.04780	0.39081	0.08202	0.02426	0.01118	0.00364	0.00712	0.02112	0.00879	0.01026
2	0.01859	0.01530	0.01836	0.01468	0.02117	0.01206	0.01129	0.02267	0.02214	0.03323	0.10871	0.14588	0.03752	0.01429	0.00932	0.00228	0.00687	0.01235	0.00752	0.46576
3	0.08226	0.22314	0.06521	0.07104	0.03055	0.02651	0.01785	0.03662	0.10293	0.12573	0.02400	0.02481	0.01813	0.01031	0.00842	0.00271	0.00996	0.00776	0.00711	0.10494
4	0.06388	0.03205	0.23467	0.02342	0.03259	0.02200	0.04809	0.09712	0.02560	0.12602	0.02448	0.02676	0.01763	0.01154	0.01156	0.00320	0.06534	0.00876	0.11093	0.01435
5	0.01319	0.00946	0.01252	0.01382	0.01504	0.00879	0.00958	0.01601	0.02284	0.03128	0.23102	0.44371	0.07771	0.02835	0.01276	0.00385	0.00558	0.02557	0.01013	0.00879
6	0.42716	0.02130	0.02032	0.01669	0.02378	0.02331	0.01377	0.14612	0.02666	0.16080	0.02196	0.02218	0.01545	0.01079	0.00803	0.00315	0.00884	0.00735	0.00852	0.01381
7	0.22182	0.05893	0.08062	0.05242	0.06473	0.05331	0.01772	0.03388	0.02380	0.16304	0.10516	0.03168	0.02824	0.01204	0.00912	0.00311	0.00976	0.00931	0.00800	0.01330
8	0.02057	0.01095	0.01110	0.01058	0.01339	0.01118	0.00807	0.06137	0.02346	0.04017	0.03284	0.03727	0.02566	0.01198	0.00740	0.00244	0.00525	0.00954	0.64663	0.01014
9	0.07293	0.02351	0.08261	0.02097	0.02877	0.02048	0.04726	0.16971	0.03252	0.23028	0.12713	0.03695	0.03358	0.01338	0.01044	0.00318	0.00980	0.01108	0.01016	0.01525
10	0.03429	0.02083	0.02854	0.13704	0.03752	0.02166	0.05015	0.18197	0.03212	0.23246	0.03199	0.03903	0.02399	0.01361	0.01083	0.00338	0.01101	0.06476	0.00962	0.01518
11	0.01250	0.00893	0.01191	0.01429	0.01488	0.00834	0.00953	0.01429	0.01965	0.02620	0.05656	0.63265	0.06787	0.03215	0.01310	0.00417	0.00595	0.02917	0.00953	0.00834
12	0.02068	0.04038	0.38086	0.02653	0.03807	0.02214	0.06455	0.03391	0.10362	0.03538	0.10361	0.03271	0.02833	0.01196	0.01036	0.00330	0.01272	0.01012	0.00634	0.01443
13	0.02368	0.13610	0.38302	0.02585	0.03817	0.02719	0.03033	0.07230	0.10204	0.03510	0.02167	0.02354	0.01604	0.01040	0.00941	0.00311	0.01322	0.00798	0.00567	0.01519
14	0.01748	0.01054	0.01337	0.01402	0.01636	0.00943	0.00998	0.01977	0.02194	0.11041	0.06466	0.42404	0.17316	0.02785	0.01246	0.00386	0.00621	0.02466	0.01001	0.00978
15	0.02433	0.44536	0.04498	0.16016	0.03605	0.03381	0.01954	0.02836	0.02068	0.02480	0.01855	0.06756	0.01760	0.01097	0.00798	0.00264	0.01123	0.00822	0.00483	0.01237
16	0.02895	0.01325	0.01722	0.01478	0.01931	0.01194	0.01145	0.03282	0.02633	0.27649	0.17651	0.10107	0.04842	0.05595	0.01319	0.00359	0.00697	0.01428	0.11473	0.01276
17	0.16589	0.08334	0.11748	0.05978	0.03578	0.02714	0.09852	0.14985	0.02736	0.07582	0.02011	0.02301	0.01490	0.01074	0.01070	0.00321	0.04697	0.00840	0.00679	0.01420
18	0.22628	0.13299	0.02952	0.10865	0.03243	0.07232	0.01786	0.10875	0.02516	0.09368	0.01917	0.02177	0.01456	0.01081	0.00977	0.00306	0.04586	0.00740	0.00678	0.01318
19	0.03638	0.04491	0.02710	0.02472	0.02971	0.53829	0.01854	0.03924	0.02831	0.02645	0.01765	0.02051	0.01455	0.01072	0.00904	0.00262	0.01711	0.00691	0.07556	0.01166

[dist]
# distance from previous block
# <min> <max>
0	1

[block]
# block no. 8 follows, 14 sequences, length 23
# corresponding to MSA columns:
# 367-389
name=unknown_I
#
# <colnr> <probs for GDERKNQSTAVLIFYWHMCP>
#	G	D	E	R	K	N	Q	S	T	A	V	L	I	F	Y	W	H	M	C	P
0	0.12237	0.09325	0.06017	0.07119	0.03384	0.02167	0.10713	0.03263	0.02238	0.13541	0.02242	0.02547	0.01679	0.01381	0.04594	0.00366	0.01206	0.00841	0.00676	0.14464
1	0.01285	0.00940	0.01208	0.01357	0.01485	0.00863	0.00936	0.01532	0.02190	0.02927	0.16155	0.46317	0.13165	0.02927	0.01279	0.00390	0.00565	0.02625	0.00987	0.00863
2	0.06930	0.09266	0.12453	0.09428	0.03816	0.02365	0.09709	0.03925	0.09807	0.18068	0.02722	0.02824	0.01924	0.01091	0.00987	0.00320	0.01173	0.00938	0.00770	0.01485
3	0.02505	0.02608	0.17119	0.06699	0.09452	0.01817	0.02248	0.05672	0.02688	0.14305	0.19277	0.04214	0.04184	0.01387	0.01069	0.00321	0.01010	0.01186	0.00850	0.01390
4	0.01359	0.01079	0.01234	0.01310	0.01549	0.01005	0.00937	0.01827	0.06859	0.02914	0.10425	0.31893	0.28416	0.02728	0.01239	0.00375	0.00575	0.02380	0.00971	0.00924
5	0.02223	0.08543	0.02488	0.01584	0.02470	0.01736	0.01301	0.02832	0.05781	0.03310	0.01942	0.02193	0.01608	0.00816	0.00769	0.00173	0.00800	0.00639	0.00620	0.58173
6	0.02999	0.09445	0.10134	0.07048	0.03119	0.01910	0.01847	0.03540	0.02475	0.22792	0.07188	0.03080	0.02500	0.01119	0.00935	0.00273	0.00970	0.00903	0.00832	0.16893
7	0.03501	0.03184	0.16710	0.02531	0.03533	0.02529	0.06593	0.25474	0.03515	0.18079	0.02667	0.02668	0.01815	0.01148	0.01031	0.00318	0.01211	0.00934	0.00899	0.01660
8	0.01316	0.00927	0.01191	0.01355	0.01417	0.00877	0.00887	0.01484	0.01947	0.02616	0.09423	0.47190	0.06408	0.15431	0.02095	0.00526	0.00667	0.02540	0.00900	0.00802
9	0.52280	0.02105	0.01871	0.01573	0.02258	0.02357	0.01297	0.11758	0.02397	0.11114	0.01904	0.02011	0.01382	0.01036	0.00746	0.00316	0.00859	0.00672	0.00774	0.01290
10	0.06626	0.02016	0.03270	0.17915	0.07893	0.02078	0.12379	0.06477	0.02450	0.16413	0.02596	0.03294	0.01987	0.08324	0.01527	0.00406	0.01222	0.01049	0.00732	0.01344
11	0.01250	0.00893	0.01191	0.01429	0.01488	0.00834	0.00953	0.01429	0.01965	0.02620	0.05656	0.63265	0.06787	0.03215	0.01310	0.00417	0.00595	0.02917	0.00953	0.00834
12	0.07429	0.02384	0.03783	0.15733	0.19448	0.02545	0.12699	0.10523	0.08299	0.03821	0.02218	0.02690	0.01701	0.01026	0.01035	0.00327	0.01265	0.00975	0.00639	0.01460
13	0.02496	0.02170	0.03047	0.32800	0.14945	0.06986	0.02506	0.05936	0.02407	0.07817	0.02372	0.07697	0.01985	0.01223	0.01040	0.00331	0.01260	0.01069	0.00617	0.01296
14	0.01250	0.00893	0.01191	0.01429	0.01488	0.00834	0.00953	0.01429	0.01965	0.02620	0.05656	0.63265	0.06787	0.03215	0.01310	0.00417	0.00595	0.02917	0.00953	0.00834
15	0.02365	0.02297	0.04025	0.21263	0.39331	0.02408	0.07304	0.03016	0.02266	0.03147	0.01913	0.02613	0.01549	0.00941	0.01035	0.00318	0.01303	0.00939	0.00495	0.01472
16	0.02473	0.01824	0.02188	0.08737	0.02891	0.02003	0.01594	0.07487	0.25611	0.09840	0.12870	0.10510	0.04263	0.01638	0.01096	0.00344	0.00827	0.01405	0.01004	0.01395
17	0.01274	0.00910	0.01218	0.01456	0.01526	0.00854	0.00994	0.01470	0.01988	0.02646	0.05643	0.60197	0.06735	0.03192	0.01316	0.00420	0.00616	0.05749	0.00952	0.00840
18	0.08641	0.02732	0.03121	0.09360	0.03621	0.16064	0.12790	0.09646	0.02687	0.03425	0.03079	0.10775	0.06783	0.01433	0.01059	0.00327	0.01310	0.01248	0.00683	0.01218
19	0.01811	0.01089	0.01474	0.01568	0.01786	0.01017	0.01184	0.02121	0.02296	0.10305	0.11565	0.37133	0.06374	0.02737	0.01285	0.00405	0.00697	0.13143	0.01014	0.00996
20	0.02671	0.58231	0.11059	0.01881	0.02827	0.03882	0.01973	0.03092	0.02094	0.02504	0.01471	0.01702	0.01315	0.00888	0.00692	0.00231	0.01142	0.00571	0.00438	0.01338
21	0.15606	0.11289	0.03059	0.13637	0.03607	0.19224	0.05097	0.05673	0.02413	0.03256	0.01800	0.02211	0.01435	0.01015	0.00860	0.00288	0.01302	0.00746	0.06278	0.01202
22	0.03388	0.03956	0.02704	0.02450	0.02997	0.39888	0.01858	0.04569	0.21272	0.03131	0.02488	0.02539	0.01952	0.01174	0.00967	0.00294	0.01489	0.00835	0.00708	0.01341

[dist]
# distance from previous block
# <min> <max>
0	1

[block]
# block no. 9 follows, 14 sequences, length 25
# corresponding to MSA columns:
# 391-415
name=unknown_J
#
# <colnr> <probs for GDERKNQSTAVLIFYWHMCP>
#	G	D	E	R	K	N	Q	S	T	A	V	L	I	F	Y	W	H	M	C	P
0	0.25765	0.02376	0.02753	0.22363	0.04264	0.08690	0.06672	0.06522	0.02272	0.03642	0.01731	0.02230	0.01327	0.00991	0.00886	0.00314	0.01213	0.00777	0.00577	0.04635
1	0.01307	0.01015	0.01189	0.01204	0.01459	0.00897	0.00881	0.01633	0.02473	0.03230	0.26390	0.19156	0.30421	0.02534	0.01230	0.00351	0.00521	0.02195	0.01017	0.00897
2	0.02704	0.02058	0.02984	0.11890	0.03599	0.02257	0.09119	0.11177	0.09783	0.11196	0.02937	0.07456	0.02456	0.07486	0.01726	0.00415	0.07417	0.01199	0.00795	0.01344
3	0.03797	0.02233	0.06128	0.02169	0.02980	0.02008	0.05312	0.09224	0.14297	0.34971	0.03665	0.03342	0.02453	0.01247	0.01043	0.00326	0.00981	0.01045	0.01097	0.01681
4	0.01379	0.01020	0.01288	0.01277	0.01503	0.00928	0.00937	0.01774	0.02649	0.03641	0.40645	0.18002	0.16405	0.02375	0.01229	0.00343	0.00510	0.02094	0.01071	0.00928
5	0.02112	0.01824	0.02209	0.06628	0.02827	0.01446	0.01355	0.02587	0.02122	0.03282	0.01824	0.02180	0.01507	0.00783	0.00783	0.00168	0.00812	0.00634	0.00595	0.64323
6	0.03069	0.02911	0.12389	0.02196	0.03137	0.02441	0.02035	0.25263	0.08230	0.08120	0.02453	0.02518	0.01788	0.01089	0.00955	0.00277	0.01062	0.00846	0.00838	0.18384
7	0.02813	0.26932	0.22378	0.02140	0.03219	0.02764	0.02343	0.03456	0.02279	0.13457	0.02104	0.02218	0.01564	0.00975	0.00845	0.00267	0.01164	0.00717	0.00611	0.07752
8	0.01374	0.01009	0.01288	0.01296	0.01505	0.00923	0.00942	0.01756	0.02605	0.03586	0.38758	0.21768	0.14511	0.02435	0.01235	0.00349	0.00516	0.02156	0.01065	0.00923
9	0.01353	0.00936	0.01160	0.01298	0.01332	0.00902	0.00812	0.01456	0.01765	0.02353	0.04629	0.39300	0.05492	0.28948	0.02968	0.00662	0.00765	0.02313	0.00812	0.00744
10	0.01919	0.01671	0.02600	0.11770	0.22224	0.01743	0.02022	0.02471	0.04817	0.02982	0.06474	0.18168	0.03665	0.08160	0.04353	0.00474	0.01075	0.01536	0.00687	0.01190
11	0.42168	0.11276	0.02502	0.01750	0.02362	0.06697	0.01476	0.08316	0.02174	0.04103	0.01537	0.01823	0.01247	0.01071	0.01001	0.00313	0.07714	0.00638	0.00620	0.01213
12	0.01890	0.00976	0.01018	0.01039	0.01278	0.00976	0.00800	0.02368	0.02171	0.03759	0.03532	0.04513	0.02921	0.01341	0.00779	0.00260	0.00520	0.05357	0.63546	0.00955
13	0.09990	0.02717	0.14298	0.02100	0.02941	0.02183	0.01994	0.08837	0.17372	0.18007	0.06553	0.03287	0.02673	0.01257	0.00994	0.00327	0.00985	0.01003	0.00933	0.01550
14	0.11624	0.02314	0.02620	0.02030	0.02819	0.02399	0.01676	0.28331	0.03711	0.27490	0.02999	0.02798	0.02001	0.01217	0.00986	0.00313	0.00987	0.00928	0.01083	0.01676
15	0.01250	0.00893	0.01191	0.01429	0.01488	0.00834	0.00953	0.01429	0.01965	0.02620	0.05656	0.63265	0.06787	0.03215	0.01310	0.00417	0.00595	0.02917	0.00953	0.00834
16	0.02648	0.02687	0.09838	0.11194	0.04259	0.02523	0.16575	0.13198	0.07338	0.06657	0.05788	0.03034	0.02221	0.01187	0.01268	0.00341	0.06036	0.01066	0.00715	0.01427
17	0.02497	0.02572	0.08732	0.02616	0.08531	0.02522	0.02021	0.04972	0.44257	0.04080	0.03687	0.03512	0.02774	0.01297	0.01034	0.00341	0.00932	0.01090	0.00921	0.01613
18	0.01272	0.00925	0.01206	0.01423	0.01519	0.00859	0.00981	0.01477	0.02024	0.02662	0.06074	0.55122	0.11324	0.03135	0.01308	0.00414	0.00611	0.05869	0.00952	0.00844
19	0.03796	0.02822	0.03021	0.02340	0.03142	0.03133	0.01925	0.50323	0.08785	0.06298	0.02597	0.02570	0.01853	0.01244	0.01028	0.00311	0.01105	0.00942	0.01028	0.01736
20	0.01597	0.00981	0.01314	0.01470	0.01605	0.00903	0.01010	0.01798	0.02065	0.08365	0.05490	0.57091	0.06349	0.03014	0.01281	0.00407	0.00624	0.02723	0.00985	0.00928
21	0.02252	0.02231	0.03251	0.08101	0.09126	0.02992	0.02397	0.02558	0.01697	0.02580	0.01452	0.02320	0.01380	0.01633	0.02908	0.00424	0.50163	0.00901	0.00456	0.01180
22	0.48427	0.18127	0.06938	0.01575	0.02341	0.02755	0.01484	0.03049	0.01865	0.03943	0.01460	0.01701	0.01178	0.00935	0.00667	0.00293	0.00927	0.00570	0.00570	0.01195
23	0.02760	0.02674	0.02034	0.01873	0.02314	0.21484	0.01423	0.03898	0.18595	0.03519	0.02999	0.03154	0.02337	0.01208	0.00887	0.00281	0.01047	0.00917	0.25358	0.01238
24	0.08417	0.01949	0.02332	0.02100	0.08482	0.01722	0.01475	0.07952	0.02462	0.03845	0.06568	0.02639	0.02214	0.00957	0.00843	0.00214	0.00828	0.00776	0.00687	0.43537

[dist]
# distance from previous block
# <min> <max>
2	5

[block]
# block no. 10 follows, 14 sequences, length 28
# corresponding to MSA columns:
# 421-441,451-457
name=unknown_K
#
# <colnr> <probs for GDERKNQSTAVLIFYWHMCP>
#	G	D	E	R	K	N	Q	S	T	A	V	L	I	F	Y	W	H	M	C	P
0	0.02644	0.13383	0.14225	0.11926	0.03884	0.10111	0.06101	0.05732	0.02516	0.07621	0.06442	0.03300	0.02390	0.01208	0.00994	0.00311	0.01296	0.03954	0.00640	0.01322
1	0.01303	0.00955	0.01231	0.01395	0.01530	0.00883	0.00986	0.01556	0.02170	0.02874	0.13112	0.44845	0.13715	0.02956	0.01292	0.00399	0.00598	0.06360	0.00976	0.00864
2	0.02310	0.03322	0.24057	0.21450	0.05342	0.02333	0.15484	0.03201	0.02254	0.07406	0.02067	0.02595	0.01482	0.00987	0.01053	0.00335	0.01471	0.00938	0.00527	0.01385
3	0.02757	0.03836	0.30499	0.02489	0.03545	0.06593	0.02716	0.10537	0.02644	0.11809	0.02363	0.02633	0.01720	0.01959	0.08846	0.00494	0.01555	0.00861	0.00665	0.01478
4	0.02154	0.01806	0.01976	0.01857	0.02328	0.02000	0.01465	0.04152	0.36499	0.03894	0.09325	0.06089	0.11262	0.01823	0.01135	0.00364	0.00767	0.08710	0.01024	0.01371
5	0.02411	0.19706	0.19613	0.02087	0.03135	0.07186	0.02177	0.03033	0.02192	0.03002	0.01704	0.01989	0.01385	0.00879	0.00810	0.00230	0.01161	0.00641	0.00506	0.26154
6	0.71184	0.01985	0.01508	0.01350	0.01985	0.02302	0.01111	0.03017	0.01746	0.04604	0.01429	0.01667	0.01111	0.00953	0.00635	0.00318	0.00794	0.00556	0.00635	0.01111
7	0.01571	0.01008	0.01418	0.01418	0.01497	0.01088	0.00993	0.01592	0.01512	0.02096	0.02570	0.04425	0.02616	0.20626	0.28619	0.22861	0.01726	0.01134	0.00535	0.00695
8	0.02896	0.21094	0.16601	0.07371	0.13357	0.02685	0.02507	0.03517	0.02334	0.15043	0.02219	0.02416	0.01641	0.01004	0.00906	0.00290	0.01187	0.00797	0.00634	0.01500
9	0.02980	0.07784	0.17674	0.02468	0.03423	0.02166	0.10298	0.07558	0.02733	0.19690	0.09902	0.03366	0.02859	0.01207	0.01039	0.00316	0.01160	0.01053	0.00832	0.01492
10	0.01521	0.01122	0.01478	0.01462	0.01536	0.01254	0.01019	0.01690	0.01594	0.02222	0.03095	0.09732	0.03347	0.33391	0.25304	0.01154	0.06275	0.01410	0.00607	0.00787
11	0.02380	0.21255	0.31282	0.02285	0.03392	0.02599	0.02651	0.03167	0.02305	0.07620	0.09264	0.02861	0.02525	0.01121	0.00921	0.00294	0.01207	0.00868	0.00596	0.01406
12	0.02928	0.02778	0.18653	0.11654	0.03773	0.01960	0.02353	0.03892	0.08985	0.22486	0.03197	0.07705	0.02400	0.01313	0.01038	0.00335	0.01109	0.01097	0.00846	0.01497
13	0.01938	0.01824	0.03078	0.61468	0.07068	0.02280	0.02850	0.02622	0.02052	0.02622	0.01824	0.02736	0.01368	0.01026	0.01026	0.00342	0.01368	0.00912	0.00456	0.01140
14	0.02254	0.01750	0.02846	0.48594	0.06022	0.02070	0.02517	0.02884	0.02240	0.10167	0.06626	0.03240	0.02204	0.01146	0.01042	0.00337	0.01230	0.01005	0.00620	0.01207
15	0.02385	0.02113	0.03726	0.33928	0.19862	0.02303	0.09942	0.03051	0.02252	0.07484	0.02070	0.02751	0.01559	0.00994	0.01050	0.00331	0.01338	0.00964	0.00546	0.01353
16	0.08118	0.08561	0.19995	0.03072	0.08002	0.05542	0.11308	0.12804	0.02684	0.03826	0.01896	0.02261	0.01443	0.01045	0.01120	0.00319	0.05109	0.00849	0.00588	0.01457
17	0.08106	0.02319	0.03802	0.13254	0.46230	0.02406	0.02942	0.03068	0.02250	0.03358	0.01875	0.02494	0.01549	0.00932	0.00986	0.00311	0.01204	0.00885	0.00511	0.01518
18	0.01801	0.01840	0.06758	0.02002	0.02208	0.01963	0.01693	0.02143	0.01815	0.02666	0.09821	0.04154	0.03194	0.12991	0.17688	0.00815	0.23685	0.01165	0.00596	0.01002
19	0.17566	0.22084	0.07626	0.01952	0.02737	0.05816	0.01782	0.09933	0.14336	0.03873	0.02208	0.02288	0.01729	0.01068	0.00822	0.00291	0.01042	0.00754	0.00692	0.01403
20	0.02460	0.02356	0.04020	0.13661	0.50799	0.02417	0.03109	0.03079	0.02299	0.03255	0.01916	0.02566	0.01591	0.00929	0.01017	0.00310	0.01239	0.00914	0.00501	0.01561
21	0.06553	0.01881	0.03141	0.07819	0.12007	0.01835	0.13667	0.02892	0.02448	0.10108	0.10862	0.05041	0.10477	0.01491	0.01124	0.00341	0.01068	0.05191	0.00784	0.01272
22	0.01238	0.01014	0.01092	0.01129	0.01416	0.00868	0.00825	0.01500	0.02314	0.02846	0.13052	0.19393	0.44410	0.02673	0.01230	0.00357	0.00531	0.02279	0.00966	0.00868
23	0.08558	0.11617	0.06818	0.01853	0.02557	0.02081	0.01666	0.03778	0.02543	0.29204	0.10678	0.03471	0.03082	0.01326	0.01157	0.00315	0.05890	0.01009	0.00945	0.01452
24	0.50457	0.02028	0.01822	0.01623	0.02191	0.02366	0.01339	0.06990	0.06178	0.04450	0.02016	0.02685	0.01695	0.01212	0.00956	0.00341	0.05327	0.04433	0.00706	0.01188
25	0.36196	0.03088	0.06580	0.06852	0.07094	0.18710	0.01852	0.03322	0.02178	0.03657	0.01574	0.01906	0.01244	0.00987	0.00803	0.00304	0.01227	0.00656	0.00566	0.01206
26	0.02434	0.01441	0.01789	0.01528	0.01974	0.01371	0.01200	0.09518	0.03123	0.15891	0.34720	0.06254	0.10843	0.01845	0.01148	0.00322	0.00656	0.01580	0.01132	0.01230
27	0.01664	0.01079	0.01448	0.01605	0.01810	0.01020	0.01247	0.01976	0.02218	0.07193	0.05793	0.35214	0.09813	0.02873	0.01321	0.00425	0.00743	0.20632	0.00975	0.00950

[dist]
# distance from previous block
# <min> <max>
0	4

[block]
# block no. 11 follows, 14 sequences, length 11
# corresponding to MSA columns:
# 462-472
name=unknown_L
#
# <colnr> <probs for GDERKNQSTAVLIFYWHMCP>
#	G	D	E	R	K	N	Q	S	T	A	V	L	I	F	Y	W	H	M	C	P
0	0.09329	0.02283	0.02510	0.13529	0.03487	0.06561	0.01779	0.17154	0.02912	0.06521	0.02377	0.07616	0.02000	0.01220	0.00947	0.00287	0.01059	0.00973	0.00751	0.16706
1	0.09668	0.08756	0.03387	0.20823	0.21209	0.07397	0.02419	0.03000	0.02194	0.03098	0.01755	0.02315	0.01427	0.00945	0.00910	0.00290	0.01217	0.00787	0.00510	0.07892
2	0.59217	0.02501	0.01757	0.01579	0.02196	0.12521	0.01266	0.03209	0.01953	0.04232	0.01457	0.01700	0.01149	0.00971	0.00687	0.00308	0.00982	0.00574	0.00616	0.01125
