[name]
unknown

[dist]
# distance from previous block
# <min> <max>
0	104

[block]
# block no. 0 follows, 14 sequences, length 16
# corresponding to MSA columns:
# 113-128
name=unknown_A
#
# <colnr> <probs for GDERKNQSTAVLIFYWHMCP>
#	G	D	E	R	K	N	Q	S	T	A	V	L	I	F	Y	W	H	M	C	P
0	0.09047	0.04120	0.34921	0.03165	0.09064	0.02510	0.08729	0.09966	0.02522	0.03821	0.01918	0.02259	0.01399	0.00989	0.00979	0.00322	0.01392	0.00825	0.00548	0.01503
1	0.09235	0.19759	0.10122	0.08030	0.03742	0.10573	0.10630	0.06633	0.02373	0.03168	0.01702	0.02114	0.01371	0.01018	0.01063	0.00300	0.05549	0.00779	0.00524	0.01313
2	0.02693	0.02522	0.08466	0.02552	0.03050	0.02625	0.05641	0.07739	0.02230	0.10462	0.01958	0.02446	0.01571	0.01418	0.02178	0.00367	0.31642	0.00894	0.00632	0.08915
3	0.15768	0.07747	0.02801	0.16338	0.09066	0.02225	0.01909	0.03403	0.05819	0.13198	0.02279	0.02541	0.01689	0.01020	0.00884	0.00293	0.01012	0.00809	0.00699	0.10499
4	0.02547	0.09599	0.13668	0.06959	0.06879	0.02503	0.13487	0.03549	0.09566	0.08556	0.02451	0.02773	0.01844	0.01097	0.01156	0.00323	0.05353	0.00957	0.05313	0.01418
5	0.02948	0.02691	0.02664	0.02144	0.02768	0.13799	0.01720	0.11292	0.02658	0.07217	0.01931	0.02243	0.01550	0.01144	0.01392	0.00272	0.13692	0.00758	0.00671	0.26445
6	0.01745	0.01092	0.01362	0.01335	0.01624	0.00972	0.00984	0.02066	0.02476	0.10483	0.22078	0.24268	0.20707	0.02456	0.01217	0.00356	0.00579	0.02147	0.01048	0.01004
7	0.01473	0.01070	0.01499	0.01499	0.01630	0.01201	0.01095	0.01736	0.01605	0.02271	0.02886	0.04793	0.02896	0.23648	0.44369	0.01464	0.02251	0.01211	0.00570	0.00833
8	0.11418	0.01402	0.01372	0.01235	0.01621	0.01494	0.00969	0.10825	0.02530	0.04356	0.02951	0.03320	0.02286	0.01169	0.00756	0.00261	0.00625	0.00898	0.49407	0.01104
9	0.09040	0.01334	0.01599	0.01388	0.01844	0.01242	0.01092	0.02944	0.02651	0.20087	0.24240	0.05705	0.11870	0.01706	0.01049	0.00314	0.00633	0.01427	0.08635	0.01200
10	0.03177	0.02002	0.02836	0.12151	0.07294	0.02067	0.05453	0.10041	0.10611	0.22206	0.03379	0.08723	0.02602	0.01372	0.01069	0.00335	0.01033	0.01197	0.00940	0.01511
11	0.01466	0.00984	0.01127	0.01153	0.01160	0.00977	0.00658	0.01485	0.01544	0.02059	0.03500	0.12934	0.04067	0.57258	0.04793	0.00931	0.00951	0.01649	0.00658	0.00645
12	0.03394	0.03990	0.02461	0.02257	0.02720	0.46340	0.01693	0.03707	0.02735	0.02812	0.01990	0.02303	0.01621	0.01089	0.00878	0.00259	0.01536	0.00729	0.16349	0.01136
13	0.02983	0.06514	0.02856	0.02180	0.02723	0.05130	0.04619	0.10574	0.15757	0.12715	0.02933	0.03187	0.02260	0.04649	0.01595	0.00368	0.10932	0.01007	0.05594	0.01425
14	0.01407	0.00987	0.01238	0.01288	0.01454	0.00940	0.00910	0.01662	0.02155	0.02957	0.17660	0.23385	0.14503	0.08731	0.07413	0.04013	0.00809	0.02001	0.05636	0.00848
15	0.02515	0.20192	0.08921	0.05348	0.03088	0.03012	0.02080	0.07853	0.05900	0.03158	0.01806	0.02208	0.01519	0.01197	0.01516	0.00307	0.17580	0.00768	0.00562	0.10470

[dist]
# distance from previous block
# <min> <max>
0	3

[block]
# block no. 1 follows, 14 sequences, length 13
# corresponding to MSA columns:
# 132-144
name=unknown_B
#
# <colnr> <probs for GDERKNQSTAVLIFYWHMCP>
#	G	D	E	R	K	N	Q	S	T	A	V	L	I	F	Y	W	H	M	C	P
0	0.08751	0.01950	0.05675	0.01781	0.02434	0.01675	0.01516	0.05848	0.02315	0.10893	0.02963	0.12960	0.02764	0.01505	0.01138	0.00296	0.05274	0.04418	0.00782	0.25062
1	0.11050	0.02383	0.08504	0.11505	0.08636	0.02212	0.05885	0.09385	0.02574	0.15811	0.02621	0.06931	0.02055	0.01266	0.01137	0.00336	0.04476	0.01045	0.00767	0.01420
2	0.01706	0.01314	0.01765	0.01715	0.01775	0.01566	0.01283	0.01865	0.01748	0.02563	0.03350	0.23804	0.03685	0.08444	0.05871	0.07536	0.18623	0.01658	0.08851	0.00878
3	0.07748	0.02251	0.06217	0.10504	0.03791	0.02167	0.13000	0.12092	0.02702	0.12830	0.02736	0.07761	0.02208	0.01908	0.06971	0.00468	0.01364	0.01146	0.00766	0.01370
4	0.02810	0.29731	0.04126	0.11492	0.07900	0.16642	0.02138	0.03190	0.02242	0.02550	0.01557	0.01992	0.01354	0.01038	0.01078	0.00279	0.07450	0.00695	0.00469	0.01266
5	0.01692	0.01339	0.01753	0.01943	0.07052	0.01346	0.01285	0.02524	0.11739	0.03669	0.28730	0.21532	0.06999	0.02165	0.01190	0.00351	0.00641	0.01932	0.01008	0.01108
6	0.01418	0.00969	0.01158	0.01223	0.01257	0.00945	0.00744	0.01505	0.01732	0.02326	0.07754	0.23441	0.05053	0.41670	0.03786	0.00777	0.00841	0.01938	0.00755	0.00709
7	0.04604	0.01746	0.02382	0.01826	0.02620	0.01508	0.01508	0.05001	0.02937	0.58244	0.04049	0.03493	0.02540	0.01270	0.01032	0.00318	0.00873	0.01032	0.01270	0.01746
8	0.02859	0.02171	0.02363	0.02047	0.02658	0.02429	0.01613	0.11226	0.40866	0.09973	0.07163	0.03859	0.03299	0.01403	0.01051	0.00338	0.00838	0.01160	0.01070	0.01612
9	0.01713	0.01128	0.01322	0.01254	0.01527	0.01115	0.00946	0.02425	0.07677	0.04034	0.33836	0.06003	0.06676	0.01726	0.01028	0.00297	0.00513	0.01486	0.24266	0.01027
10	0.46618	0.01897	0.01830	0.01525	0.02219	0.02009	0.01258	0.03749	0.02186	0.24395	0.02395	0.02341	0.01639	0.01070	0.00782	0.00318	0.00823	0.00731	0.00869	0.01346
11	0.26591	0.02203	0.02724	0.06569	0.09531	0.02341	0.05228	0.13392	0.02732	0.15861	0.02311	0.02456	0.01643	0.01068	0.00905	0.00318	0.01028	0.00838	0.00810	0.01449
12	0.03049	0.03207	0.02475	0.02162	0.02698	0.28960	0.01666	0.03617	0.07396	0.05974	0.02194	0.02491	0.01772	0.01563	0.05116	0.00361	0.05478	0.00785	0.05632	0.13402

[dist]
# distance from previous block
# <min> <max>
0	72

[block]
# block no. 2 follows, 14 sequences, length 16
# corresponding to MSA columns:
# 228-243
name=unknown_C
#
# <colnr> <probs for GDERKNQSTAVLIFYWHMCP>
#	G	D	E	R	K	N	Q	S	T	A	V	L	I	F	Y	W	H	M	C	P
0	0.02805	0.43985	0.08380	0.02004	0.02838	0.03671	0.01949	0.10055	0.05679	0.03135	0.01756	0.01967	0.01486	0.01029	0.00945	0.00263	0.05429	0.00675	0.00555	0.01393
1	0.06806	0.07704	0.10819	0.01907	0.02748	0.02094	0.01781	0.10256	0.06384	0.15812	0.06266	0.03435	0.06555	0.01248	0.00951	0.00288	0.00947	0.00985	0.00856	0.12158
2	0.13185	0.17500	0.08180	0.02326	0.03110	0.21383	0.04865	0.11896	0.02781	0.03558	0.01722	0.01958	0.01372	0.01013	0.00860	0.00279	0.01372	0.00703	0.00598	0.01338
3	0.02058	0.05308	0.58618	0.02925	0.04442	0.02383	0.03792	0.03250	0.02167	0.03250	0.01842	0.02167	0.01300	0.00975	0.00975	0.00325	0.01517	0.00758	0.00433	0.01517
4	0.02894	0.15504	0.22886	0.02645	0.07579	0.02727	0.02558	0.11070	0.07722	0.11220	0.02383	0.02477	0.01737	0.01069	0.00938	0.00302	0.01200	0.00829	0.00699	0.01561
5	0.01458	0.01015	0.01285	0.01312	0.01373	0.01063	0.00856	0.01587	0.01591	0.02176	0.03356	0.12159	0.03721	0.40445	0.21101	0.01126	0.01474	0.01532	0.00637	0.00733
6	0.01476	0.01060	0.01449	0.01449	0.01563	0.01174	0.01033	0.01704	0.01590	0.02234	0.02932	0.05044	0.03005	0.28910	0.39256	0.01402	0.02087	0.01248	0.00577	0.00805
7	0.02865	0.01433	0.01837	0.01557	0.02053	0.01335	0.01229	0.03542	0.07855	0.25968	0.26480	0.05322	0.05635	0.01627	0.01085	0.00317	0.00672	0.01388	0.06458	0.01344
8	0.02210	0.01044	0.01114	0.01052	0.01353	0.01017	0.00805	0.02679	0.02239	0.09835	0.03425	0.03789	0.02620	0.01204	0.00752	0.00248	0.00522	0.00965	0.62083	0.01044
9	0.02862	0.06381	0.10132	0.03098	0.17907	0.08345	0.02145	0.03422	0.02429	0.13344	0.02572	0.02839	0.01935	0.01067	0.00911	0.00285	0.01082	0.00875	0.16959	0.01409
10	0.01783	0.00891	0.01337	0.01337	0.01337	0.00891	0.00891	0.01337	0.01337	0.01783	0.01783	0.03119	0.01783	0.03565	0.04011	0.70143	0.00891	0.00891	0.00446	0.00446
11	0.03054	0.02106	0.02228	0.01815	0.02400	0.02302	0.01465	0.31033	0.07746	0.05313	0.02926	0.03078	0.02183	0.01231	0.00912	0.00285	0.00862	0.00954	0.26665	0.01441
12	0.02701	0.01689	0.02475	0.06322	0.07012	0.01647	0.05294	0.07901	0.02863	0.18147	0.19105	0.08461	0.04831	0.01667	0.01140	0.00338	0.00895	0.05188	0.00995	0.01329
13	0.02747	0.25223	0.03727	0.08887	0.08264	0.07298	0.01944	0.07348	0.02460	0.07252	0.02864	0.03084	0.08007	0.01238	0.01070	0.00291	0.05431	0.00915	0.00629	0.01320
14	0.02560	0.09915	0.13696	0.02332	0.08064	0.02110	0.02015	0.07014	0.02429	0.08133	0.02116	0.02356	0.01630	0.00935	0.00855	0.00239	0.01012	0.00739	0.04560	0.27287
15	0.16188	0.14317	0.07128	0.01872	0.02637	0.07783	0.01682	0.06722	0.02599	0.20350	0.07039	0.02832	0.02385	0.01161	0.00887	0.00294	0.01025	0.00858	0.00832	0.01409

[dist]
# distance from previous block
# <min> <max>
1	16

[block]
# block no. 3 follows, 14 sequences, length 64
# corresponding to MSA columns:
# 260-323
name=unknown_D
#
# <colnr> <probs for GDERKNQSTAVLIFYWHMCP>
#	G	D	E	R	K	N	Q	S	T	A	V	L	I	F	Y	W	H	M	C	P
0	0.24202	0.01939	0.02372	0.19727	0.07940	0.02213	0.01890	0.10462	0.02387	0.03896	0.02397	0.11703	0.02202	0.01364	0.00945	0.00338	0.01018	0.01111	0.00681	0.01214
1	0.08465	0.11267	0.07122	0.05600	0.02924	0.02203	0.01744	0.07395	0.06873	0.20629	0.07725	0.03154	0.02642	0.01191	0.00937	0.00294	0.00950	0.00939	0.00880	0.07065
2	0.02771	0.01750	0.02159	0.01634	0.02459	0.01391	0.01332	0.03212	0.02370	0.18441	0.02730	0.03272	0.02158	0.01069	0.00888	0.00224	0.00806	0.04793	0.00818	0.45722
3	0.01403	0.00932	0.01199	0.01344	0.01458	0.00899	0.00931	0.01599	0.01943	0.02716	0.05128	0.40479	0.09350	0.03318	0.06806	0.05950	0.00794	0.02254	0.10666	0.00831
4	0.01520	0.00976	0.01274	0.01425	0.01571	0.00891	0.00982	0.01723	0.02078	0.07157	0.05961	0.53502	0.11063	0.03000	0.01278	0.00402	0.00611	0.02695	0.00978	0.00911
5	0.02302	0.01169	0.01573	0.01540	0.01841	0.01053	0.01125	0.02573	0.02342	0.19919	0.09335	0.40285	0.05711	0.02524	0.01216	0.00378	0.00672	0.02249	0.01065	0.01126
6	0.01616	0.01031	0.01269	0.01305	0.01540	0.00934	0.00942	0.01918	0.02329	0.07584	0.16542	0.30251	0.17622	0.02515	0.01192	0.00358	0.00569	0.02209	0.07320	0.00953
7	0.15323	0.01785	0.02241	0.01749	0.02517	0.01636	0.01444	0.04682	0.02746	0.49609	0.03627	0.03199	0.02310	0.01219	0.00968	0.00318	0.00860	0.00955	0.01168	0.01644
8	0.71184	0.01985	0.01508	0.01350	0.01985	0.02302	0.01111	0.03017	0.01746	0.04604	0.01429	0.01667	0.01111	0.00953	0.00635	0.00318	0.00794	0.00556	0.00635	0.01111
9	0.02349	0.02565	0.13428	0.08029	0.18310	0.02055	0.06192	0.03217	0.06616	0.08413	0.09925	0.03519	0.02928	0.01716	0.05840	0.00431	0.01282	0.01082	0.00692	0.01413
10	0.12502	0.07273	0.03654	0.04422	0.33659	0.02702	0.02517	0.09989	0.02511	0.03812	0.01846	0.02312	0.01523	0.01029	0.01119	0.00312	0.05892	0.00835	0.00586	0.01505
11	0.44063	0.01978	0.01919	0.01586	0.02288	0.02113	0.01308	0.07735	0.02381	0.22284	0.02368	0.02327	0.01629	0.01079	0.00796	0.00317	0.00847	0.00741	0.00874	0.01369
12	0.01427	0.01113	0.01567	0.01478	0.01736	0.01019	0.04177	0.01825	0.02556	0.03496	0.34040	0.21944	0.14962	0.02378	0.01236	0.00352	0.00594	0.02131	0.01022	0.00945
13	0.01396	0.01004	0.01327	0.01372	0.01552	0.00935	0.01002	0.01777	0.02557	0.03552	0.36761	0.26597	0.08492	0.02516	0.01256	0.00363	0.00548	0.05012	0.01059	0.00922
14	0.02056	0.02002	0.02920	0.45485	0.09677	0.06618	0.02569	0.02658	0.02186	0.02757	0.05435	0.06744	0.02232	0.01223	0.01046	0.00337	0.01293	0.01076	0.00538	0.01149
15	0.01618	0.01081	0.01398	0.01317	0.01587	0.00985	0.00987	0.02059	0.02798	0.07299	0.46632	0.11591	0.12411	0.02163	0.01207	0.00331	0.00519	0.01903	0.01113	0.01000
16	0.01308	0.01001	0.01201	0.01240	0.01467	0.00893	0.00896	0.01625	0.02433	0.03205	0.25558	0.24360	0.25910	0.02598	0.01240	0.00358	0.00529	0.02271	0.01015	0.00893
17	0.03223	0.38319	0.04292	0.02146	0.02871	0.28576	0.01856	0.03524	0.02447	0.02457	0.01497	0.01736	0.01319	0.00957	0.00776	0.00239	0.01429	0.00598	0.00478	0.01261
18	0.02206	0.01170	0.01322	0.01219	0.01554	0.01152	0.00936	0.02864	0.06582	0.10662	0.14079	0.04542	0.04049	0.01398	0.00879	0.00274	0.00554	0.01159	0.42291	0.01109
19	0.07342	0.01698	0.02084	0.02126	0.07214	0.01757	0.01499	0.12213	0.06824	0.08010	0.15665	0.16750	0.04969	0.01917	0.01128	0.00350	0.00805	0.05418	0.00971	0.01259
20	0.02855	0.02363	0.02866	0.13592	0.08683	0.02687	0.02093	0.19806	0.25046	0.04570	0.03002	0.03084	0.02236	0.01231	0.01033	0.00331	0.01051	0.01018	0.00880	0.01572
21	0.39853	0.02607	0.10881	0.07325	0.08313	0.02364	0.08915	0.03067	0.01978	0.03952	0.01655	0.02056	0.01267	0.00947	0.00829	0.00323	0.01112	0.00735	0.00564	0.01257
22	0.07566	0.07772	0.02976	0.10821	0.07206	0.02411	0.05877	0.10210	0.13342	0.03888	0.06982	0.03277	0.02612	0.01621	0.04826	0.00401	0.01141	0.01019	0.04703	0.01349
23	0.01408	0.01031	0.01302	0.01432	0.01556	0.01006	0.00978	0.01834	0.06347	0.02928	0.13313	0.44677	0.06667	0.08471	0.01633	0.00450	0.00632	0.02481	0.00957	0.00898
24	0.01913	0.06096	0.14186	0.02257	0.06888	0.01870	0.01945	0.02417	0.02202	0.03214	0.16428	0.08595	0.04086	0.01759	0.01589	0.05531	0.09616	0.01258	0.07017	0.01131
25	0.08810	0.01602	0.02078	0.02032	0.06186	0.01711	0.01485	0.03027	0.05609	0.14358	0.15009	0.04546	0.03977	0.01736	0.01569	0.05325	0.09210	0.04263	0.06261	0.01206
26	0.03350	0.12231	0.03203	0.02205	0.02919	0.10915	0.04960	0.15167	0.13433	0.12936	0.02800	0.02786	0.02061	0.01165	0.00952	0.00296	0.01122	0.00912	0.05081	0.01505
27	0.01520	0.00979	0.01255	0.01386	0.01511	0.00906	0.00934	0.01696	0.01997	0.06514	0.05560	0.47229	0.09810	0.11401	0.01822	0.00484	0.00665	0.02530	0.00930	0.00872
28	0.07524	0.02276	0.13086	0.14895	0.03530	0.01813	0.02064	0.05671	0.02498	0.07234	0.15289	0.04456	0.03809	0.01434	0.01033	0.00330	0.00999	0.04690	0.06152	0.01217
29	0.71184	0.01985	0.01508	0.01350	0.01985	0.02302	0.01111	0.03017	0.01746	0.04604	0.01429	0.01667	0.01111	0.00953	0.00635	0.00318	0.00794	0.00556	0.00635	0.01111
30	0.02245	0.02245	0.03143	0.02694	0.02694	0.03143	0.02245	0.02470	0.01572	0.02470	0.01347	0.02245	0.01347	0.01796	0.03368	0.00449	0.62057	0.00898	0.00449	0.01123
31	0.71184	0.01985	0.01508	0.01350	0.01985	0.02302	0.01111	0.03017	0.01746	0.04604	0.01429	0.01667	0.01111	0.00953	0.00635	0.00318	0.00794	0.00556	0.00635	0.01111
32	0.24680	0.07202	0.03157	0.02925	0.13032	0.11103	0.05952	0.13550	0.02726	0.04182	0.01805	0.02102	0.01415	0.01005	0.00874	0.00301	0.01191	0.00763	0.00652	0.01382
33	0.12606	0.06396	0.07707	0.01980	0.02773	0.02416	0.01757	0.17418	0.10611	0.12693	0.06194	0.02937	0.02408	0.01196	0.00939	0.00301	0.00962	0.00920	0.00894	0.06893
34	0.01303	0.01043	0.01165	0.01134	0.01441	0.00905	0.00851	0.01647	0.02552	0.03278	0.27938	0.09044	0.39259	0.02410	0.01212	0.00338	0.00506	0.02049	0.01019	0.00905
35	0.03733	0.04724	0.02923	0.02647	0.03142	0.56244	0.01999	0.03995	0.02824	0.02509	0.01571	0.01875	0.01323	0.01104	0.01079	0.00276	0.05645	0.00676	0.00524	0.01185
36	0.02801	0.55707	0.04990	0.01820	0.02671	0.03885	0.01758	0.06472	0.06527	0.02819	0.01711	0.01871	0.01489	0.00941	0.00712	0.00235	0.01077	0.00621	0.00524	0.01368
37	0.01283	0.01029	0.01146	0.01146	0.01437	0.00892	0.00848	0.01599	0.02463	0.03134	0.23006	0.14159	0.39216	0.02515	0.01221	0.00346	0.00517	0.02148	0.01002	0.00892
38	0.03692	0.01869	0.02521	0.07645	0.07401	0.01821	0.01736	0.11309	0.03018	0.33770	0.06721	0.03485	0.02700	0.01260	0.01017	0.00312	0.00930	0.01042	0.06179	0.01573
39	0.02651	0.01471	0.01843	0.01569	0.02052	0.01393	0.01236	0.06411	0.07199	0.20902	0.29676	0.05902	0.09841	0.01767	0.01131	0.00324	0.00674	0.01509	0.01147	0.01302
40	0.02173	0.02147	0.03002	0.02603	0.02607	0.02976	0.02152	0.02394	0.01600	0.02481	0.01659	0.06667	0.01741	0.01899	0.03219	0.00447	0.57603	0.01044	0.00486	0.01102
41	0.02128	0.01824	0.02128	0.01520	0.02432	0.01368	0.01216	0.02584	0.02128	0.03344	0.01824	0.02128	0.01520	0.00760	0.00760	0.00152	0.00760	0.00608	0.00608	0.70208
42	0.02643	0.05810	0.02585	0.02018	0.02553	0.02100	0.05252	0.15757	0.10443	0.09055	0.07789	0.13582	0.03831	0.06602	0.01434	0.00395	0.00945	0.04939	0.00937	0.01328
43	0.02291	0.02564	0.11653	0.33461	0.05244	0.06375	0.02679	0.02948	0.02189	0.06883	0.02269	0.03412	0.01856	0.01265	0.01230	0.00352	0.06095	0.05442	0.00563	0.01229
44	0.02098	0.01786	0.02075	0.01558	0.02382	0.01422	0.01229	0.02725	0.06302	0.03366	0.02286	0.06691	0.02028	0.00987	0.00822	0.00187	0.00752	0.00819	0.00667	0.59820
45	0.02728	0.07149	0.03228	0.06363	0.03171	0.11653	0.05175	0.09907	0.06627	0.03160	0.01875	0.02429	0.01585	0.01538	0.02060	0.05811	0.22837	0.00880	0.00590	0.01235
46	0.01303	0.00959	0.01201	0.01313	0.01458	0.00879	0.00906	0.01552	0.02207	0.02937	0.17643	0.38452	0.15795	0.06586	0.01511	0.00420	0.00582	0.02468	0.00971	0.00856
47	0.01632	0.01070	0.01331	0.01288	0.01529	0.00976	0.00928	0.01956	0.02469	0.07590	0.29456	0.16249	0.15987	0.10818	0.01766	0.00434	0.00608	0.01960	0.01013	0.00943
48	0.02776	0.01299	0.01729	0.01571	0.01995	0.01149	0.01192	0.03079	0.02491	0.27866	0.08496	0.28793	0.08796	0.02220	0.01171	0.00361	0.00708	0.01943	0.01107	0.01257
49	0.02865	0.02360	0.02496	0.02152	0.02788	0.02698	0.01700	0.16725	0.43899	0.04797	0.03780	0.03513	0.02811	0.01355	0.01040	0.00339	0.00886	0.01105	0.01040	0.01652
50	0.13729	0.01779	0.02262	0.01761	0.02533	0.01617	0.01454	0.04729	0.02774	0.50893	0.03690	0.03243	0.02344	0.01227	0.00978	0.00318	0.00862	0.00967	0.01183	0.01659
51	0.03947	0.02801	0.03034	0.02326	0.03146	0.03073	0.01922	0.50900	0.04702	0.09853	0.02567	0.02531	0.01797	0.01234	0.01027	0.00309	0.01113	0.00931	0.01043	0.01745
52	0.02403	0.06071	0.07583	0.16590	0.41057	0.02497	0.03053	0.03049	0.02256	0.03149	0.01875	0.02502	0.01536	0.00938	0.00995	0.00308	0.01261	0.00883	0.00489	0.01506
53	0.02744	0.64552	0.05378	0.01756	0.02634	0.04061	0.01756	0.03073	0.02085	0.02414	0.01427	0.01646	0.01317	0.00878	0.00658	0.00219	0.01097	0.00549	0.00439	0.01317
54	0.02064	0.03274	0.25832	0.02572	0.03337	0.02256	0.05789	0.06286	0.02196	0.03164	0.02687	0.16562	0.02644	0.01690	0.01593	0.00374	0.14462	0.01335	0.00606	0.01279
55	0.03796	0.02822	0.03020	0.02340	0.03142	0.03133	0.01925	0.50308	0.08800	0.06298	0.02598	0.02571	0.01854	0.01244	0.01028	0.00311	0.01104	0.00942	0.01028	0.01736
56	0.01397	0.01009	0.01229	0.01235	0.01464	0.00918	0.00903	0.01772	0.02535	0.03502	0.32274	0.18700	0.19061	0.02354	0.01190	0.00340	0.00513	0.02059	0.06627	0.00918
57	0.01938	0.01824	0.03078	0.61468	0.07068	0.02280	0.02850	0.02622	0.02052	0.02622	0.01824	0.02736	0.01368	0.01026	0.01026	0.00342	0.01368	0.00912	0.00456	0.01140
58	0.01288	0.00935	0.01222	0.01417	0.01524	0.00868	0.00984	0.01516	0.02092	0.02777	0.10026	0.51510	0.10892	0.03056	0.01301	0.00407	0.00603	0.05762	0.00966	0.00854
59	0.01783	0.00891	0.01337	0.01337	0.01337	0.00891	0.00891	0.01337	0.01337	0.01783	0.01783	0.03119	0.01783	0.03565	0.04011	0.70143	0.00891	0.00891	0.00446	0.00446
60	0.03611	0.04387	0.02952	0.02633	0.03105	0.48168	0.02018	0.07017	0.02838	0.02755	0.01607	0.01946	0.01352	0.01174	0.01280	0.00293	0.10387	0.00711	0.00549	0.01215
61	0.01632	0.01118	0.01353	0.01381	0.01642	0.01040	0.01001	0.02091	0.06122	0.07443	0.14642	0.31262	0.20210	0.02591	0.01227	0.00370	0.00595	0.02275	0.01012	0.00992
62	0.02921	0.07852	0.03431	0.17820	0.16086	0.15046	0.02425	0.07962	0.02577	0.06590	0.01925	0.02396	0.01518	0.01091	0.01156	0.00311	0.06109	0.00836	0.00585	0.01365
63	0.07260	0.02411	0.02365	0.02051	0.02655	0.07685	0.01613	0.12006	0.31922	0.08471	0.07633	0.03586	0.03103	0.01356	0.01017	0.00328	0.00932	0.01086	0.00992	0.01528

[dist]
# distance from previous block
# <min> <max>
0	4

[block]
# block no. 4 follows, 14 sequences, length 20
# corresponding to MSA columns:
# 328-347
name=unknown_E
#
# <colnr> <probs for GDERKNQSTAVLIFYWHMCP>
#	G	D	E	R	K	N	Q	S	T	A	V	L	I	F	Y	W	H	M	C	P
0	0.42183	0.01996	0.02244	0.11146	0.10930	0.02216	0.01721	0.03233	0.02032	0.11060	0.01900	0.02191	0.01410	0.00999	0.00801	0.00319	0.00952	0.00723	0.00672	0.01273
1	0.02025	0.01346	0.01650	0.08176	0.02308	0.01419	0.01244	0.02945	0.11744	0.06887	0.21048	0.04950	0.04895	0.01512	0.00989	0.00302	0.00661	0.01288	0.23470	0.01141
2	0.02037	0.01250	0.01303	0.01198	0.01566	0.01253	0.00916	0.02892	0.10530	0.03844	0.03305	0.03634	0.02583	0.01177	0.00773	0.00246	0.00562	0.00949	0.51064	0.08916
3	0.01484	0.01070	0.01416	0.01385	0.01626	0.01002	0.01076	0.01966	0.02820	0.03952	0.48919	0.08278	0.09092	0.02213	0.01243	0.00346	0.00556	0.09492	0.01101	0.00965
4	0.03107	0.01382	0.01879	0.01686	0.02160	0.01231	0.01318	0.03431	0.02529	0.32847	0.04764	0.26144	0.04403	0.02125	0.01169	0.00368	0.00778	0.06217	0.01124	0.01339
5	0.01393	0.01191	0.01598	0.01432	0.01795	0.01050	0.05649	0.01768	0.02488	0.03196	0.22750	0.11646	0.35590	0.02333	0.01218	0.00344	0.00624	0.02033	0.00964	0.00941
6	0.01522	0.01000	0.01191	0.01266	0.01338	0.00990	0.00840	0.01676	0.01775	0.02464	0.03982	0.16771	0.04446	0.37521	0.03488	0.00734	0.00861	0.08841	0.08553	0.00743
7	0.03514	0.02521	0.03882	0.03308	0.10684	0.06345	0.18100	0.10343	0.02935	0.23531	0.02785	0.02897	0.01929	0.01078	0.01077	0.00320	0.01287	0.01032	0.00854	0.01578
8	0.71184	0.01985	0.01508	0.01350	0.01985	0.02302	0.01111	0.03017	0.01746	0.04604	0.01429	0.01667	0.01111	0.00953	0.00635	0.00318	0.00794	0.00556	0.00635	0.01111
9	0.07866	0.21009	0.19002	0.02006	0.02910	0.02462	0.02109	0.03237	0.02288	0.13134	0.06538	0.08163	0.02637	0.01285	0.00915	0.00300	0.01062	0.01009	0.00702	0.01367
10	0.38327	0.01963	0.01841	0.09310	0.02673	0.06246	0.01388	0.02933	0.01962	0.08608	0.02170	0.07030	0.01902	0.04804	0.01225	0.03990	0.00955	0.00902	0.00675	0.01096
11	0.54944	0.02055	0.01799	0.01526	0.02203	0.02299	0.01258	0.09069	0.02250	0.11751	0.01885	0.01993	0.01368	0.01025	0.00731	0.00316	0.00842	0.00659	0.00762	0.01265
12	0.02245	0.02245	0.03143	0.02694	0.02694	0.03143	0.02245	0.02470	0.01572	0.02470	0.01347	0.02245	0.01347	0.01796	0.03368	0.00449	0.62057	0.00898	0.00449	0.01123
13	0.02185	0.01926	0.02868	0.37507	0.09272	0.02260	0.02419	0.07615	0.09355	0.03410	0.08452	0.03397	0.02593	0.01205	0.01049	0.00335	0.01163	0.01052	0.00664	0.01274
14	0.03628	0.04549	0.02939	0.02650	0.03111	0.52488	0.02017	0.03887	0.02735	0.02506	0.01555	0.01902	0.01325	0.01153	0.01241	0.00288	0.09635	0.00692	0.00518	0.01181
15	0.02193	0.12479	0.46494	0.03114	0.09501	0.02600	0.03471	0.03218	0.02173	0.03155	0.01798	0.02138	0.01335	0.00957	0.00939	0.00310	0.01434	0.00747	0.00441	0.01502
16	0.01409	0.01035	0.01320	0.01274	0.01513	0.00946	0.00946	0.01843	0.02765	0.03843	0.47576	0.12390	0.14830	0.02245	0.01219	0.00333	0.00497	0.01976	0.01095	0.00946
17	0.01245	0.00912	0.01171	0.01379	0.01475	0.00838	0.00930	0.01435	0.02013	0.02639	0.06269	0.56362	0.13294	0.03135	0.01297	0.00408	0.00586	0.02820	0.00953	0.00838
18	0.03686	0.02768	0.02959	0.02318	0.03101	0.03082	0.01899	0.46355	0.12931	0.06121	0.02737	0.02681	0.01966	0.01257	0.01029	0.00314	0.01079	0.00962	0.01029	0.01726
19	0.01301	0.00944	0.01227	0.01365	0.01493	0.00871	0.00944	0.01565	0.02238	0.03022	0.19437	0.44891	0.11143	0.02879	0.01277	0.00387	0.00561	0.02586	0.00999	0.00871

[dist]
# distance from previous block
# <min> <max>
0	13

[block]
# block no. 5 follows, 14 sequences, length 6
# corresponding to MSA columns:
# 361-366
name=unknown_F
#
# <colnr> <probs for GDERKNQSTAVLIFYWHMCP>
#	G	D	E	R	K	N	Q	S	T	A	V	L	I	F	Y	W	H	M	C	P
0	0.02928	0.45660	0.04683	0.01975	0.02752	0.03789	0.01845	0.13386	0.02590	0.03244	0.01629	0.01873	0.01407	0.01044	0.01010	0.00261	0.07321	0.00661	0.00559	0.01384
1	0.01586	0.00956	0.01203	0.01203	0.01238	0.00938	0.00752	0.01425	0.01514	0.01983	0.03358	0.05526	0.08397	0.32206	0.04300	0.30050	0.00902	0.01308	0.00582	0.00573
2	0.02419	0.02440	0.03489	0.13577	0.23505	0.06871	0.02655	0.02862	0.02027	0.02821	0.01656	0.02404	0.01451	0.01294	0.01948	0.00365	0.25536	0.00889	0.00478	0.01314
3	0.02369	0.01789	0.02278	0.12602	0.03253	0.01736	0.01630	0.03337	0.12668	0.09556	0.07315	0.03707	0.02841	0.01215	0.00968	0.00275	0.00881	0.03707	0.00801	0.27073
4	0.14135	0.02078	0.07022	0.01780	0.02286	0.04908	0.01519	0.03196	0.13129	0.07181	0.11257	0.04265	0.03485	0.01856	0.01534	0.12524	0.00908	0.04985	0.00805	0.01148
5	0.19943	0.20092	0.02745	0.01585	0.02140	0.02370	0.01352	0.02806	0.02113	0.09349	0.06345	0.12503	0.06485	0.01548	0.01016	0.00314	0.04199	0.01183	0.00739	0.01174

[dist]
# distance from previous block
# <min> <max>
0	37

[block]
# block no. 6 follows, 14 sequences, length 25
# corresponding to MSA columns:
# 404-428
name=unknown_G
#
# <colnr> <probs for GDERKNQSTAVLIFYWHMCP>
#	G	D	E	R	K	N	Q	S	T	A	V	L	I	F	Y	W	H	M	C	P
0	0.21830	0.19417	0.07168	0.06476	0.02959	0.02552	0.05543	0.02982	0.02134	0.07220	0.06375	0.06740	0.02402	0.01202	0.00859	0.00302	0.01011	0.00944	0.00649	0.01234
1	0.06956	0.02045	0.04872	0.01964	0.02284	0.06569	0.01643	0.06517	0.02306	0.03225	0.10475	0.04972	0.06870	0.02095	0.02030	0.10321	0.14496	0.08606	0.00716	0.01036
2	0.01934	0.01705	0.02645	0.14570	0.11646	0.01807	0.06092	0.02805	0.09951	0.03359	0.14243	0.13621	0.04498	0.01722	0.01150	0.00354	0.00970	0.04921	0.00799	0.01208
3	0.01360	0.00964	0.01133	0.01221	0.01297	0.00916	0.00768	0.01466	0.01798	0.02343	0.05240	0.27995	0.13171	0.32060	0.03160	0.00681	0.00774	0.02121	0.00795	0.00738
4	0.02037	0.01131	0.01509	0.01464	0.01745	0.01025	0.01077	0.02371	0.02508	0.14999	0.23699	0.30626	0.06920	0.02401	0.01215	0.00362	0.00615	0.02136	0.01084	0.01076
5	0.03695	0.02772	0.02964	0.02319	0.03104	0.03086	0.01901	0.46671	0.12601	0.06135	0.02726	0.02673	0.01957	0.01256	0.01029	0.00314	0.01081	0.00960	0.01029	0.01727
6	0.27917	0.01938	0.02062	0.01668	0.02364	0.02000	0.01371	0.11540	0.02737	0.26938	0.02821	0.02715	0.01920	0.01146	0.00865	0.00310	0.00852	0.00840	0.06540	0.01457
7	0.52774	0.01919	0.01750	0.01481	0.02160	0.02083	0.01221	0.03565	0.02076	0.19436	0.02153	0.02172	0.01506	0.01040	0.00745	0.00318	0.00816	0.00687	0.00811	0.01287
8	0.01654	0.01181	0.01654	0.01890	0.02126	0.01181	0.01654	0.02126	0.02362	0.03071	0.05433	0.11576	0.05906	0.02835	0.01417	0.00472	0.00945	0.50626	0.00945	0.00945
9	0.02744	0.64552	0.05378	0.01756	0.02634	0.04061	0.01756	0.03073	0.02085	0.02414	0.01427	0.01646	0.01317	0.00878	0.00658	0.00219	0.01097	0.00549	0.00439	0.01317
10	0.03707	0.04174	0.02802	0.02460	0.03030	0.43476	0.01883	0.14595	0.03260	0.03448	0.01902	0.02126	0.01508	0.01105	0.00932	0.00272	0.01597	0.00738	0.05696	0.01291
11	0.02899	0.01930	0.02625	0.02109	0.02680	0.02026	0.08223	0.10768	0.11258	0.15048	0.06633	0.03550	0.02780	0.01311	0.01187	0.00318	0.05863	0.01086	0.16305	0.01402
12	0.01478	0.01140	0.01360	0.01288	0.01586	0.01070	0.00971	0.02098	0.07037	0.03770	0.40238	0.07946	0.21843	0.02175	0.01198	0.00331	0.00520	0.01882	0.01075	0.00994
13	0.02470	0.02340	0.03968	0.05953	0.53181	0.02340	0.03032	0.03069	0.02339	0.03331	0.02205	0.03250	0.01962	0.01065	0.01047	0.00318	0.01198	0.04819	0.00542	0.01572
14	0.01393	0.01125	0.01248	0.01203	0.01529	0.01022	0.00906	0.01919	0.06313	0.03357	0.26498	0.08664	0.36459	0.02336	0.01200	0.00338	0.00528	0.01985	0.01022	0.00956
15	0.01783	0.00891	0.01337	0.01337	0.01337	0.00891	0.00891	0.01337	0.01337	0.01783	0.01783	0.03119	0.01783	0.03565	0.04011	0.70143	0.00891	0.00891	0.00446	0.00446
16	0.08512	0.11597	0.03178	0.02146	0.02935	0.07575	0.01800	0.31790	0.03779	0.13293	0.02413	0.02398	0.01726	0.01154	0.00940	0.00294	0.01121	0.00840	0.00912	0.01595
17	0.01656	0.01312	0.01507	0.01536	0.01794	0.01359	0.01102	0.02645	0.17651	0.03190	0.09450	0.30692	0.12483	0.06882	0.01493	0.00422	0.00669	0.02126	0.00968	0.01062
18	0.02918	0.02812	0.15947	0.10696	0.04051	0.02067	0.09494	0.07190	0.02578	0.18164	0.02506	0.02701	0.01743	0.01032	0.01001	0.00301	0.01211	0.00905	0.00742	0.11943
19	0.26918	0.02307	0.06756	0.01885	0.02741	0.02029	0.05728	0.07005	0.02287	0.08041	0.01918	0.02146	0.01453	0.00927	0.00810	0.00264	0.00947	0.00706	0.00677	0.24455
20	0.01906	0.01772	0.02237	0.07038	0.06778	0.06337	0.01680	0.02224	0.01973	0.02653	0.06837	0.12733	0.05921	0.07825	0.13364	0.00671	0.14992	0.01394	0.00640	0.01024
21	0.02627	0.02433	0.13286	0.07642	0.11824	0.01824	0.06400	0.03136	0.02243	0.15204	0.02629	0.07134	0.02128	0.01538	0.01455	0.10134	0.01133	0.01057	0.00689	0.05484
22	0.06398	0.10831	0.06857	0.13872	0.03504	0.02416	0.02022	0.06675	0.02295	0.03292	0.06348	0.03401	0.02409	0.01322	0.01309	0.00318	0.10240	0.04882	0.00621	0.10989
23	0.02249	0.01697	0.02022	0.05945	0.02503	0.01817	0.01450	0.18171	0.07339	0.04144	0.11165	0.27990	0.04944	0.02152	0.01168	0.00360	0.00817	0.01877	0.00972	0.01219
24	0.01539	0.01276	0.01849	0.01918	0.06331	0.01185	0.05263	0.01917	0.02374	0.03153	0.19724	0.16132	0.20155	0.07045	0.01536	0.00407	0.00742	0.05575	0.00903	0.00977

[dist]
# distance from previous block
# <min> <max>
0	2

[block]
# block no. 7 follows, 14 sequences, length 8
# corresponding to MSA columns:
# 431-438
name=unknown_H
#
# <colnr> <probs for GDERKNQSTAVLIFYWHMCP>
#	G	D	E	R	K	N	Q	S	T	A	V	L	I	F	Y	W	H	M	C	P
0	0.02672	0.12309	0.25118	0.11692	0.04210	0.02467	0.06138	0.03579	0.05164	0.13521	0.02338	0.02561	0.01663	0.01040	0.00967	0.00314	0.01288	0.00856	0.00635	0.01470
1	0.02677	0.18626	0.08733	0.07747	0.16594	0.02648	0.09529	0.03265	0.02325	0.09837	0.02351	0.03172	0.01949	0.01111	0.00982	0.00308	0.01229	0.04879	0.00612	0.01427
2	0.04049	0.02637	0.02933	0.02249	0.03064	0.02830	0.01857	0.43780	0.04428	0.17360	0.02797	0.02680	0.01912	0.01240	0.01028	0.00310	0.01075	0.00947	0.01078	0.01745
3	0.02506	0.19975	0.20205	0.02002	0.02864	0.02354	0.02130	0.03098	0.02195	0.10814	0.02612	0.03617	0.02234	0.08101	0.01379	0.00374	0.01120	0.04906	0.06209	0.01304
4	0.07733	0.12659	0.09780	0.02080	0.02766	0.02580	0.01906	0.07842	0.16678	0.08183	0.03024	0.06932	0.02551	0.01437	0.01168	0.00336	0.05920	0.04219	0.00796	0.01410
5	0.02163	0.01040	0.01525	0.01443	0.01580	0.01025	0.01025	0.01931	0.01607	0.10161	0.02223	0.03275	0.01980	0.03683	0.09730	0.52311	0.01093	0.00935	0.00579	0.00689
6	0.02265	0.07312	0.05870	0.10020	0.03109	0.06877	0.01787	0.03692	0.22403	0.03657	0.17383	0.04266	0.04236	0.01437	0.01041	0.00322	0.00951	0.01198	0.00859	0.01316
7	0.10211	0.27781	0.04119	0.02852	0.14686	0.02990	0.04905	0.06216	0.02299	0.03296	0.01695	0.02027	0.01431	0.00899	0.00803	0.00252	0.01081	0.00699	0.00541	0.11216

[dist]
# distance from previous block
# <min> <max>
1	64

[block]
# block no. 8 follows, 14 sequences, length 16
# corresponding to MSA columns:
# 503-518
name=unknown_I
#
# <colnr> <probs for GDERKNQSTAVLIFYWHMCP>
#	G	D	E	R	K	N	Q	S	T	A	V	L	I	F	Y	W	H	M	C	P
0	0.18521	0.06703	0.09121	0.06715	0.02789	0.04858	0.01676	0.02838	0.06075	0.03449	0.06047	0.10475	0.06609	0.01432	0.00926	0.00310	0.00942	0.01143	0.00693	0.08678
1	0.02561	0.01586	0.02331	0.26854	0.04173	0.01666	0.01889	0.03058	0.02439	0.19564	0.08232	0.04767	0.13610	0.01496	0.01079	0.00334	0.00983	0.01271	0.00851	0.01255
2	0.03786	0.02769	0.13557	0.02137	0.03029	0.05814	0.02018	0.10707	0.03023	0.34015	0.06151	0.03217	0.02503	0.01238	0.01023	0.00314	0.01078	0.00984	0.01016	0.01620
3	0.01489	0.01008	0.01185	0.01185	0.01208	0.01031	0.00704	0.01535	0.01512	0.02039	0.03173	0.06382	0.03586	0.56952	0.12008	0.01076	0.01213	0.01444	0.00613	0.00658
4	0.02256	0.11473	0.02954	0.07286	0.09577	0.01988	0.01674	0.02731	0.02140	0.03141	0.01776	0.02157	0.01489	0.00820	0.00799	0.00197	0.00920	0.00662	0.00557	0.45404
5	0.02528	0.01949	0.02161	0.01953	0.02485	0.02169	0.01535	0.04742	0.40824	0.08817	0.10813	0.04825	0.04091	0.01572	0.01090	0.00351	0.00786	0.04737	0.01067	0.01505
6	0.06468	0.02010	0.02867	0.19401	0.16200	0.02134	0.02206	0.10295	0.02683	0.13375	0.03358	0.03601	0.08469	0.01261	0.01027	0.00324	0.01078	0.01069	0.00764	0.01409
7	0.01658	0.01333	0.01960	0.08239	0.02414	0.01435	0.05041	0.01991	0.02066	0.02902	0.14354	0.17391	0.04850	0.16046	0.02312	0.00506	0.07257	0.01682	0.05637	0.00926
8	0.01568	0.01308	0.01417	0.01381	0.01629	0.05292	0.01018	0.01962	0.02692	0.03602	0.39288	0.15995	0.14492	0.02253	0.01205	0.00336	0.00607	0.01968	0.01036	0.00951
9	0.02834	0.10102	0.08408	0.11033	0.03988	0.02578	0.11888	0.07692	0.14969	0.11940	0.02760	0.02910	0.02010	0.01111	0.01017	0.00322	0.01194	0.00988	0.00767	0.01490
10	0.02321	0.01606	0.02167	0.02139	0.06254	0.01716	0.03642	0.03133	0.11414	0.10165	0.03517	0.07207	0.03139	0.09769	0.05932	0.00522	0.06261	0.06566	0.11327	0.01203
11	0.02128	0.01824	0.02128	0.01520	0.02432	0.01368	0.01216	0.02584	0.02128	0.03344	0.01824	0.02128	0.01520	0.00760	0.00760	0.00152	0.00760	0.00608	0.00608	0.70208
12	0.01757	0.01696	0.05966	0.02280	0.10439	0.01467	0.01605	0.02502	0.08747	0.03269	0.10078	0.14535	0.17756	0.02071	0.01156	0.00356	0.00791	0.07667	0.04721	0.01140
13	0.01967	0.01110	0.01312	0.01227	0.01348	0.01073	0.00757	0.02028	0.01713	0.10576	0.03358	0.06224	0.03549	0.54370	0.04584	0.00892	0.00976	0.01422	0.00721	0.00793
14	0.03481	0.02695	0.02995	0.02378	0.03044	0.03098	0.01955	0.40187	0.10643	0.05587	0.02506	0.02600	0.01857	0.01338	0.01386	0.00334	0.10389	0.00949	0.00941	0.01635
15	0.03258	0.02278	0.02531	0.02059	0.02725	0.02470	0.01659	0.27165	0.17764	0.11962	0.11437	0.03747	0.03423	0.01411	0.01060	0.00322	0.00915	0.01142	0.01077	0.01595

[dist]
# distance from previous block
# <min> <max>
0	1

[block]
# block no. 9 follows, 14 sequences, length 36
# corresponding to MSA columns:
# 520-555
name=unknown_J
#
# <colnr> <probs for GDERKNQSTAVLIFYWHMCP>
#	G	D	E	R	K	N	Q	S	T	A	V	L	I	F	Y	W	H	M	C	P
0	0.02123	0.02615	0.13568	0.02138	0.02694	0.07107	0.05097	0.06095	0.05781	0.03257	0.11285	0.11062	0.03838	0.12461	0.01969	0.00456	0.05198	0.01374	0.00729	0.01153
1	0.02287	0.02233	0.03738	0.26565	0.08658	0.02651	0.12375	0.06183	0.02194	0.03013	0.01790	0.02574	0.01441	0.01216	0.01711	0.00368	0.18275	0.00966	0.00508	0.01255
2	0.07836	0.01253	0.01471	0.01315	0.01716	0.01146	0.01015	0.02303	0.02638	0.09623	0.33086	0.06805	0.17651	0.01929	0.01113	0.00316	0.00578	0.01639	0.01031	0.05537
3	0.08229	0.02223	0.03001	0.02577	0.02633	0.03070	0.02147	0.02517	0.01587	0.02655	0.01354	0.02195	0.01327	0.01723	0.03131	0.00438	0.56739	0.00868	0.00465	0.01122
4	0.11602	0.06868	0.07552	0.02259	0.06197	0.14892	0.01770	0.03206	0.06674	0.06526	0.02433	0.07790	0.02157	0.01998	0.05377	0.08607	0.01281	0.00984	0.00646	0.01182
5	0.03248	0.20621	0.03898	0.02528	0.03165	0.28728	0.06444	0.07770	0.02658	0.02880	0.01633	0.01968	0.01379	0.01085	0.01147	0.00283	0.08023	0.00725	0.00537	0.01281
6	0.01469	0.01088	0.01592	0.01592	0.01756	0.01252	0.01212	0.01796	0.01632	0.02340	0.02801	0.04319	0.02690	0.13721	0.54014	0.01579	0.02561	0.01142	0.00557	0.00885
7	0.01452	0.01049	0.01372	0.01291	0.01533	0.00968	0.00968	0.01937	0.02905	0.04115	0.56992	0.07666	0.09683	0.02098	0.01210	0.00323	0.00484	0.01856	0.01130	0.00968
8	0.02744	0.64552	0.05378	0.01756	0.02634	0.04061	0.01756	0.03073	0.02085	0.02414	0.01427	0.01646	0.01317	0.00878	0.00658	0.00219	0.01097	0.00549	0.00439	0.01317
9	0.01913	0.00956	0.00956	0.00956	0.01196	0.00956	0.00717	0.02391	0.02152	0.03826	0.03348	0.03826	0.02630	0.01196	0.00717	0.00239	0.00478	0.00956	0.69632	0.00956
10	0.01452	0.01049	0.01372	0.01291	0.01533	0.00968	0.00968	0.01937	0.02905	0.04115	0.56992	0.07666	0.09683	0.02098	0.01210	0.00323	0.00484	0.01856	0.01130	0.00968
11	0.06809	0.01828	0.02910	0.52011	0.06323	0.02211	0.02611	0.02865	0.02112	0.07827	0.02000	0.02734	0.01458	0.01043	0.01000	0.00338	0.01284	0.00899	0.00542	0.01193
12	0.01729	0.00921	0.01355	0.01355	0.01375	0.00940	0.00915	0.01401	0.01381	0.01861	0.01987	0.03466	0.02001	0.08191	0.10079	0.58014	0.01097	0.00955	0.00469	0.00508
13	0.01428	0.00972	0.01178	0.01273	0.01376	0.00931	0.00854	0.01625	0.01959	0.02692	0.09430	0.27915	0.09102	0.22607	0.02519	0.00579	0.00720	0.04920	0.07124	0.00796
14	0.71184	0.01985	0.01508	0.01350	0.01985	0.02302	0.01111	0.03017	0.01746	0.04604	0.01429	0.01667	0.01111	0.00953	0.00635	0.00318	0.00794	0.00556	0.00635	0.01111
15	0.02672	0.49128	0.10730	0.06950	0.03234	0.07293	0.02080	0.03119	0.02144	0.02528	0.01515	0.01806	0.01320	0.00912	0.00740	0.00244	0.01213	0.00609	0.00446	0.01315
16	0.01830	0.01057	0.01390	0.01440	0.01629	0.00974	0.01003	0.02055	0.02164	0.11497	0.10617	0.41218	0.06067	0.09922	0.01715	0.00459	0.00674	0.02338	0.00983	0.00967
17	0.01652	0.01087	0.01356	0.01299	0.01590	0.00973	0.00969	0.02029	0.02632	0.08505	0.33280	0.16000	0.20142	0.02309	0.01209	0.00342	0.00545	0.02012	0.01073	0.00995
18	0.01320	0.00936	0.01229	0.01415	0.01495	0.00885	0.00965	0.01525	0.02020	0.02708	0.09691	0.49087	0.06644	0.09601	0.01728	0.00475	0.00652	0.05863	0.00932	0.00830
19	0.03901	0.02874	0.03080	0.02361	0.03182	0.03182	0.01951	0.54111	0.04825	0.06468	0.02464	0.02464	0.01745	0.01232	0.01027	0.00308	0.01129	0.00924	0.01027	0.01745
20	0.02485	0.02382	0.04066	0.11331	0.52931	0.02424	0.03122	0.03101	0.02311	0.03286	0.01921	0.02558	0.01602	0.00925	0.01017	0.00308	0.01233	0.00914	0.00503	0.01581
21	0.03901	0.02874	0.03080	0.02361	0.03182	0.03182	0.01951	0.54111	0.04825	0.06468	0.02464	0.02464	0.01745	0.01232	0.01027	0.00308	0.01129	0.00924	0.01027	0.01745
22	0.01452	0.01049	0.01372	0.01291	0.01533	0.00968	0.00968	0.01937	0.02905	0.04115	0.56992	0.07666	0.09683	0.02098	0.01210	0.00323	0.00484	0.01856	0.01130	0.00968
23	0.02520	0.43022	0.17955	0.02147	0.03077	0.03549	0.02304	0.03045	0.02045	0.02622	0.01517	0.01841	0.01316	0.01008	0.01050	0.00272	0.08287	0.00640	0.00439	0.01342
24	0.18236	0.10824	0.06842	0.02289	0.02950	0.29051	0.05264	0.03460	0.02381	0.03033	0.01689	0.02180	0.01443	0.05012	0.01127	0.00327	0.01443	0.00721	0.00541	0.01187
25	0.01983	0.01818	0.05824	0.06643	0.13087	0.01703	0.01800	0.05820	0.02531	0.03636	0.18041	0.08521	0.07971	0.01628	0.01208	0.00324	0.04693	0.01382	0.10197	0.01187
26	0.01713	0.01201	0.01395	0.01314	0.01666	0.01108	0.00995	0.02296	0.07422	0.08169	0.24689	0.11490	0.28187	0.02245	0.01187	0.00341	0.00570	0.01920	0.01048	0.01044
27	0.01821	0.01500	0.01999	0.02361	0.10671	0.01566	0.01493	0.02801	0.15566	0.03330	0.11107	0.27528	0.05137	0.02562	0.05241	0.00455	0.00883	0.01898	0.00900	0.01180
28	0.05384	0.01085	0.01377	0.01467	0.01679	0.01034	0.01070	0.02064	0.02185	0.08928	0.09401	0.40383	0.05927	0.02628	0.01208	0.00387	0.00651	0.06726	0.05442	0.00975
29	0.01812	0.00981	0.01384	0.01370	0.01406	0.01003	0.00919	0.01607	0.04779	0.01955	0.02031	0.03406	0.01999	0.07484	0.03905	0.61090	0.00893	0.00949	0.00495	0.00532
30	0.02101	0.01986	0.03286	0.25966	0.12665	0.02225	0.09156	0.02973	0.07991	0.03223	0.10812	0.03575	0.02933	0.01248	0.01236	0.00342	0.05249	0.01127	0.00641	0.01268
31	0.02269	0.01739	0.02071	0.01539	0.02369	0.01335	0.01219	0.02697	0.02185	0.08049	0.02339	0.07378	0.02051	0.01010	0.00830	0.00189	0.00756	0.00839	0.00694	0.58442
32	0.06481	0.36167	0.11429	0.06039	0.03141	0.03382	0.02107	0.03189	0.06510	0.02829	0.01729	0.02045	0.01462	0.01060	0.01085	0.00286	0.08541	0.00695	0.00503	0.01321
33	0.05749	0.02285	0.15355	0.04933	0.02584	0.01666	0.01780	0.02424	0.05448	0.02970	0.04015	0.13613	0.10349	0.12401	0.01909	0.00461	0.04816	0.01451	0.04715	0.01076
34	0.12992	0.02004	0.02431	0.01909	0.02616	0.01992	0.04486	0.09879	0.05252	0.08612	0.02253	0.02559	0.01766	0.01739	0.07325	0.00412	0.04642	0.00813	0.00728	0.25587
35	0.06938	0.06041	0.05822	0.02277	0.06235	0.02157	0.04702	0.10798	0.13421	0.04018	0.11760	0.14188	0.04054	0.01652	0.01067	0.00336	0.00908	0.01429	0.00871	0.01325

[dist]
# distance from previous block
# <min> <max>
4	66

[block]
# block no. 10 follows, 14 sequences, length 11
# corresponding to MSA columns:
# 640-650
name=unknown_K
#
# <colnr> <probs for GDERKNQSTAVLIFYWHMCP>
#	G	D	E	R	K	N	Q	S	T	A	V	L	I	F	Y	W	H	M	C	P
0	0.08071	0.01383	0.01593	0.01420	0.01713	0.01407	0.01013	0.07350	0.02262	0.10888	0.11056	0.05383	0.03953	0.30800	0.06829	0.00718	0.01013	0.01321	0.00824	0.01002
1	0.02347	0.02132	0.03145	0.23472	0.07910	0.02495	0.06647	0.08269	0.13416	0.03518	0.05788	0.03168	0.02318	0.01271	0.01370	0.00351	0.09317	0.01047	0.00683	0.01337
2	0.02220	0.01763	0.02562	0.03238	0.22142	0.01693	0.01846	0.06013	0.02429	0.06762	0.06926	0.15854	0.08034	0.05618	0.01347	0.00362	0.00905	0.01491	0.00772	0.08025
3	0.01472	0.01125	0.01480	0.01482	0.01668	0.01133	0.01125	0.01842	0.02469	0.03410	0.31277	0.21106	0.11602	0.02452	0.01438	0.00373	0.05784	0.06824	0.00998	0.00939
4	0.07171	0.02347	0.04186	0.07366	0.07443	0.02356	0.26276	0.06897	0.06644	0.09323	0.02462	0.02925	0.01843	0.01573	0.06082	0.00447	0.01497	0.01078	0.00679	0.01406
5	0.03103	0.17845	0.15345	0.02445	0.05833	0.08389	0.02253	0.10360	0.09236	0.11926	0.02426	0.02476	0.01793	0.01086	0.00921	0.00293	0.01202	0.00819	0.00726	0.01521
6	0.01462	0.01049	0.01360	0.06371	0.01798	0.01090	0.00970	0.01607	0.01684	0.02255	0.03719	0.21407	0.04236	0.36258	0.09549	0.00852	0.01103	0.01788	0.00690	0.00754
7	0.08642	0.07033	0.11662	0.02863	0.11720	0.05657	0.06156	0.03578	0.05738	0.12582	0.02310	0.02497	0.01719	0.00993	0.00924	0.00283	0.01137	0.00827	0.00683	0.12994
