[name]
unknown

[dist]
# distance from previous block
# <min> <max>
0	1

[block]
# block no. 0 follows, 15 sequences, length 18
# corresponding to MSA columns:
# 1-18
name=unknown_A
#
# <colnr> <probs for GDERKNQSTAVLIFYWHMCP>
#	G	D	E	R	K	N	Q	S	T	A	V	L	I	F	Y	W	H	M	C	P
0	0.01573	0.01168	0.01535	0.01507	0.01826	0.01071	0.01228	0.02035	0.02520	0.03509	0.30432	0.08193	0.06949	0.02141	0.01195	0.00347	0.00678	0.20922	0.00961	0.10210
1	0.02436	0.01927	0.02944	0.22540	0.19401	0.01920	0.02250	0.02984	0.02203	0.10459	0.02086	0.02544	0.01588	0.00929	0.00925	0.00270	0.01067	0.00823	0.00601	0.20103
2	0.10641	0.02842	0.02809	0.02454	0.02663	0.18513	0.01986	0.02885	0.01895	0.02649	0.01380	0.02013	0.01276	0.01458	0.02328	0.00373	0.39479	0.00772	0.00478	0.01107
3	0.03724	0.04751	0.02825	0.02568	0.03082	0.60963	0.01926	0.03981	0.02825	0.02440	0.01541	0.01798	0.01284	0.01027	0.00899	0.00257	0.01798	0.00642	0.00514	0.01156
4	0.03356	0.04197	0.03646	0.03007	0.03653	0.45267	0.16214	0.03769	0.02698	0.02642	0.01669	0.02037	0.01345	0.00977	0.00973	0.00278	0.01766	0.00786	0.00511	0.01206
5	0.01626	0.01739	0.06735	0.02037	0.02583	0.01408	0.14509	0.02180	0.02505	0.03385	0.27173	0.06447	0.19988	0.01791	0.01160	0.00325	0.00854	0.01649	0.00854	0.01054
6	0.02039	0.01319	0.01562	0.01415	0.01797	0.01248	0.01083	0.09253	0.02757	0.11115	0.20174	0.16712	0.21310	0.02148	0.01146	0.00334	0.00634	0.01841	0.01022	0.01092
7	0.02708	0.02040	0.02334	0.01718	0.02572	0.01812	0.01394	0.16895	0.02829	0.08232	0.02099	0.02253	0.01609	0.00898	0.00827	0.00200	0.00843	0.00704	0.00748	0.47284
8	0.02925	0.03555	0.02355	0.02153	0.02581	0.40495	0.01631	0.03178	0.02580	0.02505	0.03822	0.03920	0.16610	0.01483	0.01151	0.00292	0.06028	0.01052	0.00619	0.01066
9	0.03103	0.02481	0.03507	0.18864	0.04486	0.11801	0.15825	0.03660	0.02488	0.20107	0.02459	0.02748	0.01718	0.01034	0.01029	0.00313	0.01351	0.00957	0.00713	0.01357
10	0.02258	0.02231	0.03320	0.03558	0.17692	0.02870	0.02417	0.02576	0.01726	0.02629	0.01461	0.02258	0.01381	0.01515	0.02658	0.00399	0.46501	0.00877	0.00452	0.01222
11	0.01443	0.00994	0.01226	0.01226	0.01273	0.01042	0.00776	0.01538	0.01491	0.02035	0.03015	0.05823	0.03320	0.49525	0.20098	0.01137	0.01424	0.01347	0.00585	0.00681
12	0.02260	0.02163	0.03644	0.24321	0.38546	0.02359	0.02913	0.02854	0.02136	0.02975	0.01808	0.02513	0.01482	0.00974	0.01124	0.00316	0.04856	0.00887	0.00474	0.01397
13	0.02467	0.02369	0.04046	0.06119	0.58747	0.02369	0.03059	0.03059	0.02270	0.03257	0.01875	0.02467	0.01579	0.00888	0.00987	0.00296	0.01184	0.00888	0.00493	0.01579
14	0.02506	0.22712	0.04340	0.04396	0.35812	0.02935	0.02548	0.02979	0.02127	0.02889	0.01669	0.02163	0.01459	0.00951	0.01072	0.00281	0.06481	0.00772	0.00467	0.01440
15	0.01732	0.00866	0.01299	0.01299	0.01299	0.00866	0.00866	0.01299	0.01299	0.01732	0.01732	0.03030	0.01732	0.03463	0.03896	0.70996	0.00866	0.00866	0.00433	0.00433
16	0.02338	0.02645	0.05639	0.04065	0.04987	0.02567	0.50567	0.03125	0.02282	0.03125	0.01956	0.02645	0.01495	0.00918	0.01357	0.00345	0.06972	0.01150	0.00498	0.01323
17	0.30641	0.18776	0.02420	0.01399	0.01912	0.02372	0.01150	0.02688	0.04896	0.03209	0.02007	0.03038	0.01922	0.17944	0.01830	0.00459	0.00903	0.00813	0.00585	0.01036

[dist]
# distance from previous block
# <min> <max>
0	53

[block]
# block no. 1 follows, 15 sequences, length 133
# corresponding to MSA columns:
# 72-133,164-234
name=unknown_B
#
# <colnr> <probs for GDERKNQSTAVLIFYWHMCP>
#	G	D	E	R	K	N	Q	S	T	A	V	L	I	F	Y	W	H	M	C	P
0	0.01994	0.01919	0.02373	0.17487	0.09880	0.10192	0.01888	0.02414	0.01943	0.02472	0.02226	0.03328	0.02007	0.08589	0.25977	0.00888	0.01903	0.00970	0.00509	0.01042
1	0.01411	0.01019	0.01333	0.01254	0.01489	0.00941	0.00941	0.01881	0.02822	0.03998	0.58221	0.07447	0.09406	0.02038	0.01176	0.00314	0.00470	0.01803	0.01097	0.00941
2	0.01987	0.01846	0.03083	0.39976	0.20378	0.02107	0.02633	0.02609	0.02166	0.02911	0.08432	0.03169	0.02346	0.01089	0.01015	0.00320	0.01189	0.00994	0.00534	0.01216
3	0.02480	0.02141	0.02254	0.02029	0.02592	0.02480	0.01578	0.05297	0.56946	0.04170	0.04057	0.03719	0.03043	0.01352	0.01014	0.00338	0.00789	0.01127	0.01014	0.01578
4	0.01732	0.00866	0.01299	0.01299	0.01299	0.00866	0.00866	0.01299	0.01299	0.01732	0.01732	0.03030	0.01732	0.03463	0.03896	0.70996	0.00866	0.00866	0.00433	0.00433
5	0.01420	0.00954	0.01096	0.01126	0.01133	0.00946	0.00645	0.01442	0.01508	0.02011	0.03441	0.13895	0.04003	0.57077	0.04589	0.00895	0.00917	0.01626	0.00645	0.00630
6	0.03724	0.04751	0.02825	0.02568	0.03082	0.60963	0.01926	0.03981	0.02825	0.02440	0.01541	0.01798	0.01284	0.01027	0.00899	0.00257	0.01798	0.00642	0.00514	0.01156
7	0.02353	0.02689	0.05882	0.04202	0.05210	0.02521	0.55126	0.03193	0.02353	0.03193	0.02017	0.02689	0.01513	0.00840	0.01176	0.00336	0.01681	0.01176	0.00504	0.01345
8	0.03163	0.01738	0.02179	0.01612	0.02446	0.01391	0.01311	0.03580	0.02425	0.28845	0.02756	0.02671	0.01928	0.00964	0.00859	0.00221	0.00788	0.00778	0.00884	0.39461
9	0.26582	0.01772	0.02036	0.01622	0.02343	0.01718	0.01339	0.04227	0.02475	0.41443	0.03100	0.02812	0.02013	0.01133	0.00876	0.00308	0.00823	0.00851	0.01032	0.01495
10	0.01883	0.01772	0.02990	0.62569	0.06866	0.02215	0.02769	0.02547	0.01993	0.02547	0.01772	0.02658	0.01329	0.00997	0.00997	0.00332	0.01329	0.00886	0.00443	0.01107
11	0.02467	0.02369	0.04046	0.06119	0.58747	0.02369	0.03059	0.03059	0.02270	0.03257	0.01875	0.02467	0.01579	0.00888	0.00987	0.00296	0.01184	0.00888	0.00493	0.01579
12	0.01903	0.02519	0.16641	0.03373	0.20998	0.01864	0.02394	0.02481	0.02116	0.03028	0.07097	0.19939	0.03471	0.01674	0.01238	0.00343	0.05570	0.01461	0.00637	0.01255
13	0.02507	0.02106	0.02991	0.42836	0.05630	0.02502	0.02482	0.19858	0.02875	0.03770	0.01975	0.02571	0.01449	0.01062	0.00997	0.00321	0.01253	0.00890	0.00624	0.01300
14	0.01883	0.01772	0.02990	0.62569	0.06866	0.02215	0.02769	0.02547	0.01993	0.02547	0.01772	0.02658	0.01329	0.00997	0.00997	0.00332	0.01329	0.00886	0.00443	0.01107
15	0.02118	0.01813	0.03023	0.53716	0.10594	0.02172	0.02696	0.02756	0.02078	0.06769	0.01938	0.02697	0.01432	0.01006	0.00996	0.00328	0.01282	0.00895	0.00505	0.01187
16	0.03146	0.02578	0.02462	0.02064	0.02668	0.17605	0.05030	0.07214	0.10487	0.17787	0.04314	0.04139	0.13283	0.01425	0.01023	0.00306	0.01097	0.01148	0.00885	0.01341
17	0.04473	0.01697	0.02313	0.01774	0.02545	0.01465	0.01465	0.04858	0.02853	0.59437	0.03933	0.03393	0.02468	0.01234	0.01003	0.00308	0.00848	0.01003	0.01234	0.01697
18	0.01883	0.01772	0.02990	0.62569	0.06866	0.02215	0.02769	0.02547	0.01993	0.02547	0.01772	0.02658	0.01329	0.00997	0.00997	0.00332	0.01329	0.00886	0.00443	0.01107
19	0.03183	0.02726	0.20962	0.02027	0.02954	0.01657	0.02099	0.03818	0.02563	0.32534	0.07915	0.03741	0.06706	0.01297	0.01011	0.00313	0.00998	0.01059	0.00935	0.01502
20	0.02555	0.07158	0.22603	0.03240	0.17919	0.02077	0.02598	0.03230	0.02266	0.14158	0.02681	0.10357	0.02265	0.01259	0.00990	0.00314	0.01132	0.01083	0.00665	0.01448
21	0.02467	0.02369	0.04046	0.06119	0.58747	0.02369	0.03059	0.03059	0.02270	0.03257	0.01875	0.02467	0.01579	0.00888	0.00987	0.00296	0.01184	0.00888	0.00493	0.01579
22	0.04473	0.01697	0.02313	0.01774	0.02545	0.01465	0.01465	0.04858	0.02853	0.59437	0.03933	0.03393	0.02468	0.01234	0.01003	0.00308	0.00848	0.01003	0.01234	0.01697
23	0.02446	0.02363	0.07227	0.09517	0.40971	0.02215	0.02767	0.03179	0.05565	0.06718	0.02328	0.06113	0.01969	0.01077	0.01004	0.00310	0.01135	0.01011	0.00587	0.01499
24	0.03265	0.02184	0.03272	0.07182	0.22126	0.02192	0.05682	0.11436	0.06406	0.21810	0.02761	0.02863	0.01959	0.01079	0.01008	0.00308	0.01079	0.00961	0.00838	0.01590
25	0.01947	0.01489	0.01915	0.01670	0.02096	0.01501	0.04674	0.03073	0.18026	0.07477	0.29765	0.06079	0.12638	0.01773	0.01119	0.00324	0.00669	0.01555	0.01023	0.01185
26	0.01805	0.01052	0.01231	0.01168	0.01259	0.01025	0.00705	0.01850	0.01615	0.08689	0.03234	0.06156	0.03488	0.57477	0.04596	0.00889	0.00953	0.01397	0.00678	0.00732
27	0.02067	0.01772	0.02067	0.01477	0.02362	0.01329	0.01181	0.02510	0.02067	0.03248	0.01772	0.02067	0.01477	0.00738	0.00738	0.00148	0.00738	0.00591	0.00591	0.71059
28	0.01883	0.01772	0.02990	0.62569	0.06866	0.02215	0.02769	0.02547	0.01993	0.02547	0.01772	0.02658	0.01329	0.00997	0.00997	0.00332	0.01329	0.00886	0.00443	0.01107
29	0.02067	0.01772	0.02067	0.01477	0.02362	0.01329	0.01181	0.02510	0.02067	0.03248	0.01772	0.02067	0.01477	0.00738	0.00738	0.00148	0.00738	0.00591	0.00591	0.71059
30	0.02498	0.01716	0.01990	0.01719	0.02211	0.01805	0.01349	0.10301	0.21202	0.12032	0.25390	0.04988	0.05324	0.01589	0.01075	0.00319	0.00710	0.01349	0.01076	0.01356
31	0.04420	0.01781	0.02366	0.01814	0.02587	0.01591	0.01498	0.08760	0.02995	0.55336	0.03814	0.03316	0.02408	0.01231	0.01002	0.00308	0.00867	0.00994	0.01216	0.01696
32	0.72007	0.01928	0.01465	0.01311	0.01928	0.02236	0.01080	0.02930	0.01697	0.04473	0.01388	0.01619	0.01080	0.00925	0.00617	0.00308	0.00771	0.00540	0.00617	0.01080
33	0.02618	0.01552	0.01916	0.01636	0.02165	0.01415	0.01259	0.10126	0.02581	0.18184	0.03840	0.26089	0.03710	0.01838	0.01047	0.00309	0.00757	0.01594	0.00944	0.16421
34	0.01215	0.00868	0.01157	0.01388	0.01446	0.00810	0.00925	0.01388	0.01909	0.02545	0.05495	0.64315	0.06593	0.03123	0.01272	0.00405	0.00578	0.02834	0.00925	0.00810
35	0.01927	0.01817	0.03070	0.58284	0.10804	0.02227	0.02791	0.02586	0.02014	0.02601	0.01780	0.02643	0.01348	0.00988	0.00996	0.00329	0.01318	0.00886	0.00447	0.01143
36	0.02067	0.01772	0.02067	0.01477	0.02362	0.01329	0.01181	0.02510	0.02067	0.03248	0.01772	0.02067	0.01477	0.00738	0.00738	0.00148	0.00738	0.00591	0.00591	0.71059
37	0.01558	0.01059	0.01290	0.01222	0.01521	0.00940	0.00920	0.01930	0.02584	0.07751	0.34733	0.11506	0.24862	0.02207	0.01169	0.00327	0.00518	0.01907	0.01040	0.00958
38	0.01411	0.01019	0.01333	0.01254	0.01489	0.00941	0.00941	0.01881	0.02822	0.03998	0.58221	0.07447	0.09406	0.02038	0.01176	0.00314	0.00470	0.01803	0.01097	0.00941
39	0.02154	0.02069	0.03239	0.30337	0.04803	0.02628	0.06520	0.05740	0.01997	0.02764	0.01642	0.02453	0.01357	0.01297	0.01924	0.00372	0.26166	0.00904	0.00479	0.01155
40	0.39127	0.01791	0.01633	0.01358	0.01994	0.01863	0.01099	0.06192	0.02048	0.04168	0.01840	0.02108	0.01448	0.00933	0.00685	0.00256	0.00737	0.00637	0.11476	0.18607
41	0.02237	0.02317	0.04336	0.03097	0.04056	0.02038	0.33260	0.02916	0.02237	0.03216	0.01918	0.02437	0.01498	0.00799	0.00999	0.00260	0.01299	0.00939	0.00539	0.29603
42	0.02480	0.02141	0.02254	0.02029	0.02592	0.02480	0.01578	0.05297	0.56946	0.04170	0.04057	0.03719	0.03043	0.01352	0.01014	0.00338	0.00789	0.01127	0.01014	0.01578
43	0.01633	0.01525	0.02728	0.02218	0.02675	0.01409	0.18649	0.02114	0.02347	0.03159	0.18825	0.21114	0.13383	0.02003	0.01202	0.00348	0.00900	0.01913	0.00833	0.01024
44	0.02276	0.02173	0.03701	0.24600	0.41762	0.02318	0.02964	0.02892	0.02179	0.03024	0.01841	0.02530	0.01497	0.00924	0.00990	0.00308	0.01232	0.00887	0.00477	0.01425
45	0.01424	0.01068	0.01602	0.01602	0.01780	0.01246	0.01246	0.01780	0.01602	0.02314	0.02670	0.03916	0.02492	0.07477	0.61015	0.01602	0.02670	0.01068	0.00534	0.00890
46	0.03724	0.04751	0.02825	0.02568	0.03082	0.60963	0.01926	0.03981	0.02825	0.02440	0.01541	0.01798	0.01284	0.01027	0.00899	0.00257	0.01798	0.00642	0.00514	0.01156
47	0.02047	0.01615	0.02006	0.14388	0.02947	0.01811	0.01504	0.09557	0.13271	0.03188	0.03235	0.09107	0.03111	0.22293	0.02377	0.00549	0.00993	0.04175	0.00746	0.01082
48	0.02422	0.02322	0.03964	0.10520	0.54702	0.02357	0.03037	0.03020	0.02248	0.03202	0.01867	0.02482	0.01560	0.00897	0.00988	0.00299	0.01196	0.00888	0.00490	0.01542
49	0.02450	0.02347	0.03929	0.03775	0.17845	0.02392	0.20098	0.07548	0.16206	0.03751	0.06901	0.03238	0.02542	0.01101	0.01074	0.00322	0.01191	0.01118	0.00713	0.01458
50	0.01883	0.01772	0.02990	0.62569	0.06866	0.02215	0.02769	0.02547	0.01993	0.02547	0.01772	0.02658	0.01329	0.00997	0.00997	0.00332	0.01329	0.00886	0.00443	0.01107
51	0.01932	0.01123	0.01446	0.01481	0.01730	0.01050	0.01063	0.02327	0.05746	0.13781	0.05395	0.44835	0.08935	0.02598	0.01196	0.00377	0.00640	0.02316	0.00992	0.01036
52	0.72007	0.01928	0.01465	0.01311	0.01928	0.02236	0.01080	0.02930	0.01697	0.04473	0.01388	0.01619	0.01080	0.00925	0.00617	0.00308	0.00771	0.00540	0.00617	0.01080
53	0.02081	0.01975	0.03349	0.43374	0.24508	0.02267	0.02867	0.02721	0.02087	0.02788	0.01807	0.02593	0.01414	0.00960	0.00993	0.00320	0.01280	0.00887	0.00460	0.01268
54	0.72007	0.01928	0.01465	0.01311	0.01928	0.02236	0.01080	0.02930	0.01697	0.04473	0.01388	0.01619	0.01080	0.00925	0.00617	0.00308	0.00771	0.00540	0.00617	0.01080
55	0.01450	0.00966	0.01087	0.01087	0.01087	0.00966	0.00604	0.01450	0.01450	0.01933	0.03141	0.06524	0.03624	0.64965	0.05074	0.00966	0.00966	0.01450	0.00604	0.00604
56	0.02582	0.02192	0.02312	0.02049	0.02631	0.02527	0.01603	0.09205	0.52871	0.04335	0.03928	0.03616	0.02938	0.01340	0.01013	0.00335	0.00813	0.01109	0.01013	0.01587
57	0.01215	0.00868	0.01157	0.01388	0.01446	0.00810	0.00925	0.01388	0.01909	0.02545	0.05495	0.64315	0.06593	0.03123	0.01272	0.00405	0.00578	0.02834	0.00925	0.00810
58	0.02367	0.20719	0.41015	0.02460	0.03716	0.02676	0.02992	0.03245	0.02142	0.07332	0.01851	0.02073	0.01361	0.00945	0.00871	0.00288	0.01318	0.00704	0.00486	0.01440
59	0.01999	0.05157	0.59800	0.02841	0.04315	0.02315	0.03683	0.03157	0.02105	0.03157	0.01789	0.02105	0.01263	0.00947	0.00947	0.00316	0.01473	0.00737	0.00421	0.01473
60	0.01215	0.00868	0.01157	0.01388	0.01446	0.00810	0.00925	0.01388	0.01909	0.02545	0.05495	0.64315	0.06593	0.03123	0.01272	0.00405	0.00578	0.02834	0.00925	0.00810
61	0.02467	0.02369	0.04046	0.06119	0.58747	0.02369	0.03059	0.03059	0.02270	0.03257	0.01875	0.02467	0.01579	0.00888	0.00987	0.00296	0.01184	0.00888	0.00493	0.01579
62	0.02663	0.08122	0.37177	0.02381	0.03549	0.02116	0.02789	0.03515	0.02342	0.18045	0.05872	0.02746	0.02094	0.01085	0.00955	0.00307	0.01217	0.00860	0.00679	0.01486
63	0.04473	0.01697	0.02313	0.01774	0.02545	0.01465	0.01465	0.04858	0.02853	0.59437	0.03933	0.03393	0.02468	0.01234	0.01003	0.00308	0.00848	0.01003	0.01234	0.01697
64	0.72007	0.01928	0.01465	0.01311	0.01928	0.02236	0.01080	0.02930	0.01697	0.04473	0.01388	0.01619	0.01080	0.00925	0.00617	0.00308	0.00771	0.00540	0.00617	0.01080
65	0.01178	0.01010	0.01010	0.01010	0.01347	0.00842	0.00757	0.01431	0.02272	0.02693	0.10099	0.09594	0.58342	0.02525	0.01178	0.00337	0.00505	0.02104	0.00926	0.00842
66	0.02914	0.02085	0.02290	0.01718	0.02544	0.05507	0.01384	0.10005	0.02626	0.15595	0.02299	0.02375	0.01704	0.00923	0.00839	0.00209	0.00878	0.00722	0.00776	0.42605
67	0.02557	0.01638	0.02477	0.02983	0.20510	0.01545	0.01771	0.03045	0.02649	0.18246	0.25584	0.04757	0.05030	0.01451	0.01069	0.00306	0.00803	0.01294	0.00935	0.01347
68	0.06923	0.02222	0.03669	0.16888	0.44825	0.02330	0.02872	0.02950	0.02178	0.03197	0.01823	0.02449	0.01497	0.00912	0.00965	0.00304	0.01186	0.00865	0.00492	0.01454
69	0.01360	0.00966	0.01298	0.01511	0.01621	0.00932	0.01123	0.01614	0.02000	0.02642	0.05245	0.42601	0.06088	0.07697	0.01595	0.00465	0.00719	0.18793	0.00899	0.00829
70	0.04473	0.01697	0.02313	0.01774	0.02545	0.01465	0.01465	0.04858	0.02853	0.59437	0.03933	0.03393	0.02468	0.01234	0.01003	0.00308	0.00848	0.01003	0.01234	0.01697
71	0.02655	0.01821	0.02174	0.01587	0.02444	0.01466	0.01282	0.06283	0.02388	0.14655	0.02242	0.02352	0.01688	0.00866	0.00807	0.00189	0.00783	0.00692	0.00744	0.52880
72	0.02737	0.02269	0.02399	0.02081	0.02690	0.02600	0.01640	0.15140	0.46684	0.04585	0.03731	0.03459	0.02778	0.01322	0.01011	0.00330	0.00849	0.01082	0.01011	0.01601
73	0.01201	0.00983	0.01060	0.01100	0.01375	0.00842	0.00802	0.01452	0.02237	0.02750	0.12368	0.20197	0.44954	0.02610	0.01197	0.00349	0.00517	0.02227	0.00937	0.00842
74	0.72007	0.01928	0.01465	0.01311	0.01928	0.02236	0.01080	0.02930	0.01697	0.04473	0.01388	0.01619	0.01080	0.00925	0.00617	0.00308	0.00771	0.00540	0.00617	0.01080
75	0.01178	0.01010	0.01010	0.01010	0.01347	0.00842	0.00757	0.01431	0.02272	0.02693	0.10099	0.09594	0.58342	0.02525	0.01178	0.00337	0.00505	0.02104	0.00926	0.00842
76	0.03891	0.01615	0.02077	0.01636	0.02299	0.01467	0.01337	0.07805	0.02823	0.44386	0.03688	0.03391	0.02433	0.01216	0.00940	0.00292	0.00787	0.00980	0.15398	0.01539
77	0.01396	0.01018	0.01311	0.01238	0.01480	0.00934	0.00929	0.01852	0.02786	0.03912	0.55075	0.07587	0.12605	0.02070	0.01176	0.00315	0.00473	0.01823	0.01086	0.00934
78	0.02665	0.65565	0.05224	0.01706	0.02559	0.03945	0.01706	0.02985	0.02026	0.02345	0.01386	0.01599	0.01279	0.00853	0.00640	0.00213	0.01066	0.00533	0.00426	0.01279
79	0.02181	0.02181	0.03053	0.02617	0.02617	0.03053	0.02181	0.02399	0.01527	0.02399	0.01309	0.02181	0.01309	0.01745	0.03272	0.00436	0.63141	0.00872	0.00436	0.01091
80	0.01883	0.01772	0.02990	0.62569	0.06866	0.02215	0.02769	0.02547	0.01993	0.02547	0.01772	0.02658	0.01329	0.00997	0.00997	0.00332	0.01329	0.00886	0.00443	0.01107
81	0.01883	0.01772	0.02990	0.62569	0.06866	0.02215	0.02769	0.02547	0.01993	0.02547	0.01772	0.02658	0.01329	0.00997	0.00997	0.00332	0.01329	0.00886	0.00443	0.01107
82	0.02030	0.01916	0.03112	0.45871	0.14237	0.02316	0.02698	0.02781	0.05330	0.02743	0.01892	0.02658	0.01470	0.01056	0.01163	0.00335	0.05801	0.00900	0.00485	0.01207
83	0.03724	0.04751	0.02825	0.02568	0.03082	0.60963	0.01926	0.03981	0.02825	0.02440	0.01541	0.01798	0.01284	0.01027	0.00899	0.00257	0.01798	0.00642	0.00514	0.01156
84	0.02081	0.01975	0.03349	0.43374	0.24508	0.02267	0.02867	0.02721	0.02087	0.02788	0.01807	0.02593	0.01414	0.00960	0.00993	0.00320	0.01280	0.00887	0.00460	0.01268
85	0.03790	0.02792	0.02992	0.02294	0.03091	0.03091	0.01895	0.55423	0.04687	0.06283	0.02393	0.02393	0.01695	0.01197	0.00997	0.00299	0.01097	0.00898	0.00997	0.01695
86	0.01472	0.02272	0.20356	0.01864	0.02385	0.01303	0.01828	0.01967	0.01973	0.02745	0.04281	0.43948	0.04848	0.02411	0.01166	0.00376	0.00871	0.02147	0.00760	0.01027
87	0.01999	0.05157	0.59800	0.02841	0.04315	0.02315	0.03683	0.03157	0.02105	0.03157	0.01789	0.02105	0.01263	0.00947	0.00947	0.00316	0.01473	0.00737	0.00421	0.01473
88	0.18784	0.02602	0.02656	0.02078	0.02836	0.02904	0.01716	0.43885	0.04030	0.05885	0.02172	0.02223	0.01560	0.01137	0.00914	0.00301	0.01025	0.00819	0.00914	0.01560
89	0.01215	0.00868	0.01157	0.01388	0.01446	0.00810	0.00925	0.01388	0.01909	0.02545	0.05495	0.64315	0.06593	0.03123	0.01272	0.00405	0.00578	0.02834	0.00925	0.00810
90	0.02893	0.02398	0.04709	0.03426	0.04341	0.02254	0.37567	0.03772	0.06691	0.17342	0.02654	0.02945	0.01870	0.00978	0.01120	0.00329	0.01404	0.01129	0.00726	0.01451
91	0.02221	0.03318	0.31840	0.02251	0.03192	0.01820	0.02489	0.03141	0.06402	0.11742	0.03221	0.17994	0.02919	0.01567	0.01042	0.00339	0.01100	0.01332	0.00718	0.01350
92	0.03724	0.04751	0.02825	0.02568	0.03082	0.60963	0.01926	0.03981	0.02825	0.02440	0.01541	0.01798	0.01284	0.01027	0.00899	0.00257	0.01798	0.00642	0.00514	0.01156
93	0.02622	0.01582	0.02133	0.02135	0.09260	0.01521	0.01462	0.09362	0.02988	0.18381	0.30283	0.05154	0.05685	0.01582	0.01085	0.00308	0.00735	0.01370	0.01043	0.01308
94	0.03013	0.03067	0.08297	0.03792	0.17609	0.13662	0.16723	0.07121	0.02634	0.11100	0.02164	0.02494	0.01611	0.00976	0.01021	0.00303	0.01407	0.00924	0.00632	0.01450
95	0.01883	0.01772	0.02990	0.62569	0.06866	0.02215	0.02769	0.02547	0.01993	0.02547	0.01772	0.02658	0.01329	0.00997	0.00997	0.00332	0.01329	0.00886	0.00443	0.01107
96	0.01215	0.00868	0.01157	0.01388	0.01446	0.00810	0.00925	0.01388	0.01909	0.02545	0.05495	0.64315	0.06593	0.03123	0.01272	0.00405	0.00578	0.02834	0.00925	0.00810
97	0.02408	0.02724	0.11158	0.05701	0.51803	0.02362	0.03139	0.03072	0.02249	0.03244	0.01864	0.02421	0.01539	0.00896	0.00982	0.00299	0.01221	0.00869	0.00484	0.01566
98	0.03962	0.02420	0.13134	0.02009	0.02914	0.01736	0.01910	0.08006	0.02839	0.45245	0.03426	0.03083	0.02189	0.01178	0.00992	0.00309	0.00982	0.00945	0.01065	0.01655
99	0.01424	0.01068	0.01602	0.01602	0.01780	0.01246	0.01246	0.01780	0.01602	0.02314	0.02670	0.03916	0.02492	0.07477	0.61015	0.01602	0.02670	0.01068	0.00534	0.00890
100	0.02242	0.02112	0.03570	0.21158	0.40247	0.02233	0.02868	0.02843	0.02197	0.03042	0.02110	0.03196	0.01832	0.01062	0.01020	0.00318	0.01203	0.04834	0.00512	0.01400
101	0.04189	0.02151	0.02595	0.01990	0.02772	0.02140	0.01644	0.25850	0.03615	0.37370	0.03294	0.02978	0.02147	0.01218	0.01000	0.00305	0.00952	0.00959	0.01136	0.01696
102	0.03373	0.03872	0.03329	0.03375	0.14426	0.37543	0.06297	0.10044	0.02905	0.03134	0.01750	0.02075	0.01412	0.01006	0.00950	0.00276	0.01579	0.00764	0.00568	0.01322
103	0.01212	0.00878	0.01146	0.01359	0.01438	0.00812	0.00913	0.01391	0.01936	0.02556	0.05844	0.60161	0.10522	0.03078	0.01265	0.00400	0.00573	0.02779	0.00925	0.00812
104	0.01335	0.01016	0.01227	0.01174	0.01443	0.00908	0.00881	0.01734	0.02642	0.03571	0.42466	0.08150	0.25427	0.02197	0.01177	0.00321	0.00482	0.01901	0.01041	0.00908
105	0.01284	0.00946	0.01202	0.01281	0.01448	0.00864	0.00906	0.01582	0.02310	0.03118	0.26195	0.34567	0.15379	0.02622	0.01222	0.00360	0.00526	0.02334	0.00991	0.00864
106	0.01432	0.00959	0.01093	0.01110	0.01115	0.00955	0.00628	0.01445	0.01485	0.01979	0.03320	0.10911	0.03850	0.60271	0.04785	0.00924	0.00937	0.01555	0.00628	0.00620
107	0.02067	0.01772	0.02067	0.01477	0.02362	0.01329	0.01181	0.02510	0.02067	0.03248	0.01772	0.02067	0.01477	0.00738	0.00738	0.00148	0.00738	0.00591	0.00591	0.71059
108	0.01926	0.01799	0.02936	0.58135	0.06553	0.02234	0.02681	0.02748	0.06018	0.02666	0.01939	0.02736	0.01454	0.01023	0.00998	0.00333	0.01289	0.00904	0.00485	0.01142
109	0.02670	0.02948	0.03233	0.26332	0.20253	0.22115	0.02566	0.03176	0.02353	0.02711	0.01723	0.02313	0.01384	0.00976	0.00961	0.00297	0.01446	0.00804	0.00481	0.01257
110	0.03222	0.02279	0.02204	0.01870	0.02424	0.13752	0.01467	0.07655	0.09609	0.22567	0.17574	0.04096	0.04058	0.01414	0.01028	0.00302	0.00955	0.01146	0.01006	0.01373
111	0.15831	0.02467	0.03055	0.03661	0.25960	0.06673	0.02179	0.14044	0.02772	0.10931	0.02120	0.02361	0.01599	0.01011	0.00917	0.00298	0.01094	0.00822	0.00712	0.01495
112	0.02507	0.02312	0.03785	0.05507	0.50257	0.02336	0.02862	0.07069	0.02460	0.03473	0.02165	0.03104	0.01893	0.01049	0.01016	0.00308	0.01158	0.04635	0.00564	0.01540
113	0.02067	0.01772	0.02067	0.01477	0.02362	0.01329	0.01181	0.02510	0.02067	0.03248	0.01772	0.02067	0.01477	0.00738	0.00738	0.00148	0.00738	0.00591	0.00591	0.71059
114	0.02429	0.02329	0.03977	0.09841	0.55326	0.02358	0.03040	0.03026	0.02252	0.03210	0.01868	0.02480	0.01563	0.00895	0.00988	0.00298	0.01194	0.00888	0.00490	0.01548
115	0.03755	0.02120	0.02678	0.02364	0.06900	0.05735	0.01793	0.07867	0.02670	0.36024	0.02977	0.02901	0.02032	0.01296	0.01458	0.00330	0.13682	0.00937	0.00952	0.01530
116	0.48159	0.01603	0.01337	0.01235	0.01644	0.01807	0.00919	0.02430	0.01613	0.03614	0.01981	0.03277	0.01940	0.22571	0.02123	0.00531	0.00837	0.00847	0.00613	0.00919
117	0.02396	0.41164	0.27269	0.02164	0.03268	0.03286	0.02505	0.03055	0.02058	0.02673	0.01549	0.01803	0.01273	0.00891	0.00764	0.00255	0.01231	0.00615	0.00424	0.01358
118	0.03497	0.02116	0.02443	0.01969	0.02654	0.02217	0.01594	0.21103	0.17621	0.23551	0.07589	0.03463	0.02895	0.01314	0.01017	0.00314	0.00884	0.01062	0.01089	0.01608
119	0.02756	0.11097	0.06451	0.01910	0.02775	0.02428	0.01680	0.20667	0.06967	0.04210	0.02097	0.02236	0.01625	0.00967	0.00845	0.00232	0.00954	0.00735	0.00726	0.28643
120	0.03464	0.01531	0.02144	0.02008	0.06593	0.01363	0.01447	0.03810	0.02561	0.40192	0.04183	0.19288	0.03480	0.01702	0.01072	0.00333	0.00803	0.01474	0.01096	0.01455
121	0.11891	0.02936	0.22328	0.02091	0.03089	0.01857	0.02194	0.04026	0.02449	0.32999	0.02870	0.02725	0.01876	0.01096	0.00936	0.00311	0.01058	0.00853	0.00874	0.01543
122	0.02121	0.12629	0.48398	0.02634	0.03958	0.02536	0.03269	0.03300	0.06326	0.03132	0.01913	0.02165	0.01402	0.00966	0.00913	0.00304	0.01369	0.00741	0.00467	0.01457
123	0.02328	0.01171	0.01550	0.01479	0.01813	0.01044	0.01096	0.02603	0.02327	0.21899	0.09433	0.35068	0.09411	0.02354	0.01166	0.00360	0.00656	0.02078	0.01043	0.01122
124	0.07825	0.02336	0.02784	0.06800	0.14790	0.09822	0.01954	0.07267	0.02715	0.29511	0.02784	0.02765	0.01914	0.01096	0.00961	0.00300	0.01089	0.00888	0.00877	0.01523
125	0.02991	0.01607	0.02014	0.01742	0.02286	0.01582	0.01406	0.04029	0.16724	0.27098	0.15064	0.05257	0.04415	0.01613	0.01086	0.00336	0.00765	0.07456	0.01111	0.01418
126	0.03062	0.01384	0.01861	0.01534	0.02058	0.01223	0.01223	0.03486	0.02839	0.33888	0.28952	0.05261	0.05665	0.01604	0.01082	0.00311	0.00674	0.01371	0.01171	0.01348
127	0.07495	0.02197	0.03170	0.02832	0.09950	0.02230	0.11917	0.08009	0.17991	0.15039	0.02931	0.02962	0.02127	0.01096	0.00995	0.00310	0.01038	0.00993	0.00843	0.05873
128	0.02353	0.02689	0.05882	0.04202	0.05210	0.02521	0.55126	0.03193	0.02353	0.03193	0.02017	0.02689	0.01513	0.00840	0.01176	0.00336	0.01681	0.01176	0.00504	0.01345
129	0.02112	0.01581	0.02219	0.02198	0.06338	0.01838	0.01586	0.02389	0.02016	0.09997	0.10449	0.18622	0.04002	0.05778	0.02142	0.00417	0.22935	0.01532	0.00762	0.01087
130	0.02470	0.02325	0.03699	0.05325	0.47847	0.02390	0.02772	0.03494	0.12883	0.03434	0.02299	0.02710	0.01863	0.00978	0.00992	0.00304	0.01108	0.00935	0.00595	0.01579
131	0.67241	0.01943	0.01519	0.01360	0.01973	0.02253	0.01114	0.03093	0.05484	0.04452	0.01571	0.01763	0.01214	0.00955	0.00644	0.00310	0.00772	0.00580	0.00644	0.01114
132	0.03391	0.02019	0.02791	0.02496	0.09465	0.01927	0.05074	0.14017	0.02909	0.26326	0.02860	0.02895	0.02012	0.01578	0.05652	0.00385	0.01117	0.00927	0.00908	0.11250

[dist]
# distance from previous block
# <min> <max>
0	1

[block]
# block no. 2 follows, 15 sequences, length 7
# corresponding to MSA columns:
# 236-242
name=unknown_C
#
# <colnr> <probs for GDERKNQSTAVLIFYWHMCP>
#	G	D	E	R	K	N	Q	S	T	A	V	L	I	F	Y	W	H	M	C	P
0	0.01285	0.00954	0.01198	0.01264	0.01444	0.00867	0.00900	0.01590	0.02336	0.03143	0.27064	0.31675	0.17449	0.02584	0.01217	0.00356	0.00522	0.02292	0.00993	0.00867
1	0.01437	0.01027	0.01413	0.01643	0.01798	0.01002	0.01313	0.01773	0.02128	0.02794	0.05371	0.34124	0.06106	0.02913	0.01332	0.00436	0.00772	0.30824	0.00921	0.00871
2	0.02067	0.01772	0.02067	0.01477	0.02362	0.01329	0.01181	0.02510	0.02067	0.03248	0.01772	0.02067	0.01477	0.00738	0.00738	0.00148	0.00738	0.00591	0.00591	0.71059
3	0.01543	0.01011	0.01209	0.01257	0.01480	0.00901	0.00884	0.01748	0.02087	0.08083	0.06789	0.32469	0.24837	0.09002	0.01598	0.00428	0.00617	0.02248	0.00923	0.00887
4	0.02300	0.02344	0.12991	0.02265	0.07447	0.01853	0.01895	0.06644	0.14823	0.09362	0.21813	0.04463	0.04612	0.01448	0.01052	0.00317	0.00869	0.01237	0.00906	0.01360
5	0.02489	0.02181	0.03385	0.08420	0.34266	0.02282	0.02510	0.03206	0.06934	0.06951	0.02119	0.02577	0.01707	0.01044	0.01234	0.00304	0.08362	0.00884	0.00588	0.08556
6	0.02801	0.02347	0.11630	0.02252	0.06760	0.01905	0.01891	0.07330	0.15231	0.18708	0.14354	0.03945	0.03693	0.01350	0.01030	0.00316	0.00901	0.01135	0.00954	0.01471

[dist]
# distance from previous block
# <min> <max>
0	1

[block]
# block no. 3 follows, 15 sequences, length 15
# corresponding to MSA columns:
# 244-258
name=unknown_D
#
# <colnr> <probs for GDERKNQSTAVLIFYWHMCP>
#	G	D	E	R	K	N	Q	S	T	A	V	L	I	F	Y	W	H	M	C	P
0	0.03194	0.07613	0.09117	0.02853	0.11990	0.02325	0.04714	0.07609	0.06022	0.22967	0.02663	0.02734	0.01899	0.01163	0.01239	0.00317	0.08344	0.00911	0.00803	0.01524
1	0.07584	0.01962	0.02638	0.02764	0.16460	0.01832	0.01769	0.02932	0.02128	0.09573	0.01969	0.02294	0.01569	0.00940	0.01059	0.00242	0.06718	0.00734	0.00626	0.34210
2	0.03239	0.02181	0.09251	0.02591	0.12670	0.01666	0.01928	0.03767	0.02544	0.30360	0.07176	0.03195	0.02557	0.01128	0.00968	0.00284	0.00936	0.00952	0.00902	0.11704
3	0.01285	0.00922	0.01220	0.01340	0.01461	0.00856	0.00931	0.01564	0.02235	0.03064	0.24325	0.44005	0.07598	0.02736	0.01238	0.00372	0.00540	0.02466	0.00987	0.00856
4	0.01999	0.05157	0.59800	0.02841	0.04315	0.02315	0.03683	0.03157	0.02105	0.03157	0.01789	0.02105	0.01263	0.00947	0.00947	0.00316	0.01473	0.00737	0.00421	0.01473
5	0.02027	0.01596	0.02076	0.02314	0.08533	0.01678	0.01682	0.07730	0.13011	0.03592	0.08483	0.12182	0.04729	0.02106	0.01204	0.00387	0.00877	0.23699	0.00911	0.01184
6	0.01411	0.01019	0.01333	0.01254	0.01489	0.00941	0.00941	0.01881	0.02822	0.03998	0.58221	0.07447	0.09406	0.02038	0.01176	0.00314	0.00470	0.01803	0.01097	0.00941
7	0.03156	0.02180	0.03231	0.04029	0.30794	0.02182	0.02315	0.08156	0.09631	0.19823	0.02790	0.02888	0.02032	0.01073	0.00996	0.00305	0.01030	0.00953	0.00815	0.01622
8	0.01349	0.00991	0.01263	0.01249	0.01465	0.00906	0.00916	0.01740	0.02595	0.03586	0.43173	0.17843	0.14642	0.02289	0.01193	0.00333	0.00494	0.02022	0.01047	0.00906
9	0.02480	0.02141	0.02254	0.02029	0.02592	0.02480	0.01578	0.05297	0.56946	0.04170	0.04057	0.03719	0.03043	0.01352	0.01014	0.00338	0.00789	0.01127	0.01014	0.01578
10	0.07641	0.19547	0.08158	0.02704	0.13617	0.02579	0.02036	0.08322	0.02547	0.20103	0.02365	0.02417	0.01715	0.01017	0.00871	0.00280	0.01041	0.00792	0.00744	0.01503
11	0.02247	0.13360	0.48588	0.02616	0.03959	0.02489	0.03269	0.03240	0.02141	0.06573	0.01867	0.02115	0.01341	0.00952	0.00908	0.00301	0.01377	0.00725	0.00473	0.01460
12	0.01633	0.01252	0.01926	0.01994	0.02273	0.01232	0.06070	0.02097	0.02264	0.02960	0.05023	0.15499	0.05460	0.02627	0.01350	0.00444	0.00951	0.43119	0.00884	0.00944
13	0.02454	0.02406	0.04262	0.05894	0.52470	0.02386	0.09164	0.03075	0.02280	0.03249	0.01892	0.02493	0.01571	0.00883	0.01009	0.00301	0.01243	0.00922	0.00495	0.01552
14	0.08954	0.11804	0.13296	0.02527	0.09224	0.08439	0.02125	0.07550	0.02573	0.20626	0.02387	0.02420	0.01690	0.01040	0.00897	0.00289	0.01140	0.00793	0.00748	0.01478

[dist]
# distance from previous block
# <min> <max>
0	10

[block]
# block no. 4 follows, 15 sequences, length 32
# corresponding to MSA columns:
# 269-300
name=unknown_E
#
# <colnr> <probs for GDERKNQSTAVLIFYWHMCP>
#	G	D	E	R	K	N	Q	S	T	A	V	L	I	F	Y	W	H	M	C	P
0	0.07529	0.02110	0.12547	0.01709	0.02340	0.01507	0.01561	0.03259	0.02161	0.25815	0.03095	0.04093	0.02541	0.22713	0.02343	0.00532	0.00999	0.01073	0.00828	0.01244
1	0.13697	0.02387	0.02628	0.02744	0.13044	0.06029	0.01849	0.16042	0.18537	0.04311	0.02588	0.02740	0.01998	0.01574	0.05163	0.00401	0.01127	0.00903	0.00787	0.01454
2	0.04339	0.01726	0.02309	0.01791	0.02548	0.01533	0.01473	0.04888	0.06489	0.55722	0.03941	0.03415	0.02506	0.01242	0.01003	0.00310	0.00844	0.01011	0.01219	0.01689
3	0.01424	0.01068	0.01602	0.01602	0.01780	0.01246	0.01246	0.01780	0.01602	0.02314	0.02670	0.03916	0.02492	0.07477	0.61015	0.01602	0.02670	0.01068	0.00534	0.00890
4	0.20959	0.01953	0.02884	0.07193	0.07567	0.01971	0.11307	0.03534	0.02268	0.22425	0.02515	0.02712	0.01779	0.01448	0.04880	0.00399	0.01163	0.00901	0.00776	0.01365
5	0.02396	0.02225	0.03468	0.04892	0.42570	0.02293	0.02590	0.03461	0.14150	0.03507	0.06299	0.03088	0.02445	0.01069	0.01006	0.00306	0.01049	0.01004	0.00649	0.01534
6	0.01212	0.00879	0.01145	0.01357	0.01438	0.00812	0.00912	0.01392	0.01939	0.02557	0.05875	0.59791	0.10872	0.03074	0.01265	0.00399	0.00572	0.02774	0.00925	0.00812
7	0.01883	0.01772	0.02990	0.62569	0.06866	0.02215	0.02769	0.02547	0.01993	0.02547	0.01772	0.02658	0.01329	0.00997	0.00997	0.00332	0.01329	0.00886	0.00443	0.01107
8	0.01634	0.01319	0.01723	0.01995	0.08314	0.01327	0.01283	0.02412	0.12173	0.03281	0.17770	0.28665	0.09687	0.02240	0.01163	0.00353	0.00656	0.02000	0.00933	0.01072
9	0.02287	0.04755	0.53122	0.02717	0.04109	0.02216	0.03426	0.03355	0.02192	0.09695	0.02038	0.02254	0.01403	0.00980	0.00954	0.00315	0.01401	0.00768	0.00515	0.01499
10	0.01863	0.01727	0.02891	0.58212	0.06522	0.02138	0.02685	0.02513	0.02015	0.02578	0.02023	0.03274	0.01645	0.01123	0.01024	0.00341	0.01299	0.04556	0.00477	0.01094
11	0.02160	0.01489	0.01890	0.01906	0.02278	0.01545	0.01627	0.08824	0.08750	0.07478	0.04711	0.08818	0.04735	0.02308	0.01266	0.00416	0.00919	0.36782	0.00960	0.01137
12	0.03601	0.11816	0.03104	0.02468	0.03021	0.54339	0.01901	0.03865	0.02732	0.02429	0.01523	0.01775	0.01284	0.01007	0.00869	0.00252	0.01713	0.00629	0.00504	0.01170
13	0.02412	0.01319	0.01820	0.01753	0.05824	0.01200	0.01248	0.02865	0.02793	0.20729	0.37835	0.05870	0.06757	0.01714	0.01110	0.00311	0.00635	0.01496	0.01096	0.01214
14	0.01910	0.01746	0.02938	0.54460	0.09879	0.02128	0.02651	0.02491	0.01962	0.02535	0.01776	0.02672	0.01374	0.01166	0.01204	0.05399	0.01286	0.00885	0.00446	0.01090
15	0.01884	0.01879	0.03734	0.02954	0.03544	0.01773	0.29718	0.02460	0.02210	0.02963	0.03617	0.22583	0.03758	0.01852	0.01240	0.00378	0.01220	0.10420	0.00701	0.01111
16	0.02120	0.01179	0.01539	0.01358	0.01729	0.01057	0.01050	0.02552	0.02784	0.17076	0.41330	0.06660	0.11802	0.01887	0.01135	0.00314	0.00563	0.01637	0.01116	0.01112
17	0.72007	0.01928	0.01465	0.01311	0.01928	0.02236	0.01080	0.02930	0.01697	0.04473	0.01388	0.01619	0.01080	0.00925	0.00617	0.00308	0.00771	0.00540	0.00617	0.01080
18	0.02367	0.01594	0.02096	0.01988	0.08670	0.01350	0.01368	0.02810	0.02439	0.14425	0.16217	0.04184	0.07575	0.01288	0.00954	0.00249	0.00732	0.01101	0.00850	0.27744
19	0.01883	0.01772	0.02990	0.62569	0.06866	0.02215	0.02769	0.02547	0.01993	0.02547	0.01772	0.02658	0.01329	0.00997	0.00997	0.00332	0.01329	0.00886	0.00443	0.01107
20	0.03279	0.01592	0.01951	0.01576	0.02203	0.01443	0.01276	0.09573	0.02870	0.34072	0.05839	0.05374	0.21274	0.01666	0.01061	0.00317	0.00761	0.01363	0.01102	0.01407
21	0.02286	0.02145	0.03607	0.05366	0.49760	0.02134	0.02726	0.02836	0.02285	0.03259	0.06579	0.07710	0.02586	0.01154	0.01024	0.00306	0.01081	0.01113	0.00575	0.01469
22	0.02561	0.02149	0.03594	0.19036	0.39882	0.02227	0.02805	0.03147	0.02272	0.09615	0.02090	0.02620	0.01623	0.00954	0.00991	0.00306	0.01180	0.00901	0.00567	0.01481
23	0.04473	0.01697	0.02313	0.01774	0.02545	0.01465	0.01465	0.04858	0.02853	0.59437	0.03933	0.03393	0.02468	0.01234	0.01003	0.00308	0.00848	0.01003	0.01234	0.01697
24	0.02850	0.02220	0.10193	0.03096	0.19835	0.01728	0.02104	0.03374	0.02455	0.23013	0.04284	0.04213	0.13530	0.01355	0.01027	0.00311	0.00964	0.01159	0.00835	0.01455
25	0.02064	0.04744	0.51196	0.03205	0.08655	0.02336	0.07670	0.03152	0.02137	0.03168	0.01814	0.02179	0.01307	0.00934	0.00968	0.00316	0.01467	0.00783	0.00433	0.01471
26	0.04266	0.01997	0.05859	0.01881	0.02697	0.01651	0.01635	0.08935	0.02959	0.51626	0.03675	0.03232	0.02331	0.01213	0.00999	0.00308	0.00907	0.00978	0.01165	0.01683
27	0.04085	0.02239	0.11333	0.01941	0.02823	0.01599	0.01813	0.04591	0.02736	0.50607	0.03597	0.03191	0.02279	0.01189	0.00994	0.00310	0.00946	0.00961	0.01106	0.01662
28	0.03318	0.02083	0.03311	0.04275	0.34894	0.01985	0.02383	0.03823	0.02518	0.27100	0.02748	0.02860	0.01956	0.01035	0.00994	0.00301	0.01042	0.00937	0.00808	0.01629
29	0.02934	0.12936	0.20635	0.03181	0.17232	0.02339	0.02577	0.03596	0.02350	0.19273	0.02365	0.02488	0.01692	0.01000	0.00925	0.00293	0.01157	0.00819	0.00674	0.01534
30	0.02928	0.12303	0.32845	0.02324	0.03474	0.02252	0.02661	0.03709	0.02347	0.22079	0.02459	0.02471	0.01673	0.01031	0.00924	0.00299	0.01206	0.00799	0.00697	0.01522
31	0.08568	0.03289	0.26147	0.03205	0.16580	0.02091	0.02719	0.03576	0.02313	0.18536	0.02357	0.02500	0.01649	0.01009	0.00944	0.00308	0.01177	0.00828	0.00675	0.01526

[dist]
# distance from previous block
# <min> <max>
0	276

# created by:
# /st0/software/busco_prod/Augustus/scripts/msa2prfl.pl ./align_prep/6490.fa
