[name]
unknown

[dist]
# distance from previous block
# <min> <max>
0	153

[block]
# block no. 0 follows, 13 sequences, length 62
# corresponding to MSA columns:
# 185-246
name=unknown_A
#
# <colnr> <probs for GDERKNQSTAVLIFYWHMCP>
#	G	D	E	R	K	N	Q	S	T	A	V	L	I	F	Y	W	H	M	C	P
0	0.18783	0.14226	0.11351	0.05651	0.03087	0.02720	0.01945	0.10750	0.05847	0.03960	0.02079	0.02566	0.01702	0.05848	0.01203	0.00356	0.01098	0.00803	0.00659	0.05368
1	0.09074	0.14051	0.07445	0.02101	0.02925	0.02845	0.01891	0.16623	0.07341	0.07762	0.02264	0.02403	0.01731	0.01140	0.01087	0.00293	0.05518	0.00809	0.00768	0.11929
2	0.07225	0.01850	0.02311	0.01965	0.02421	0.01929	0.05845	0.18189	0.02921	0.04050	0.03935	0.18722	0.07502	0.09044	0.01858	0.05583	0.00972	0.01635	0.00865	0.01179
3	0.02020	0.01847	0.02983	0.41240	0.11697	0.02108	0.02569	0.02668	0.02269	0.03054	0.08911	0.03403	0.02571	0.01164	0.01056	0.00328	0.01217	0.01039	0.00580	0.07277
4	0.02751	0.01946	0.02646	0.23943	0.04329	0.02165	0.02065	0.11013	0.09855	0.12642	0.11990	0.03933	0.03392	0.01372	0.01094	0.00340	0.01054	0.01164	0.00898	0.01408
5	0.01635	0.01052	0.01376	0.01437	0.01637	0.00961	0.01022	0.01941	0.02431	0.07664	0.21431	0.37240	0.10646	0.02751	0.01288	0.00386	0.00597	0.02458	0.01065	0.00981
6	0.02338	0.02219	0.03603	0.28930	0.19855	0.02479	0.07180	0.03487	0.12494	0.03310	0.02409	0.02987	0.01858	0.01084	0.01075	0.00343	0.01287	0.01018	0.00610	0.01434
7	0.01531	0.01102	0.01403	0.01539	0.01681	0.01070	0.01068	0.05744	0.02350	0.03157	0.09797	0.52619	0.06818	0.03046	0.01317	0.00412	0.00649	0.02743	0.01003	0.00948
8	0.01538	0.01025	0.01153	0.01153	0.01153	0.01025	0.00641	0.01538	0.01538	0.02050	0.03331	0.06919	0.03844	0.62842	0.05382	0.01025	0.01025	0.01538	0.00641	0.00641
9	0.09924	0.02880	0.03029	0.02340	0.03169	0.03198	0.01933	0.48302	0.04689	0.06493	0.02444	0.02465	0.01740	0.01244	0.01022	0.00318	0.01133	0.00918	0.01022	0.01740
10	0.08210	0.01828	0.02019	0.01851	0.02276	0.01964	0.01405	0.19689	0.07094	0.04381	0.04199	0.31832	0.04403	0.02260	0.01168	0.00376	0.00839	0.01946	0.00987	0.01272
11	0.03950	0.05039	0.02996	0.02724	0.03269	0.58597	0.02043	0.04222	0.02996	0.02588	0.01634	0.01907	0.01362	0.01090	0.00953	0.00272	0.01907	0.00681	0.00545	0.01226
12	0.02827	0.63478	0.05540	0.01809	0.02714	0.04184	0.01809	0.03166	0.02148	0.02488	0.01470	0.01696	0.01357	0.00905	0.00678	0.00226	0.01131	0.00565	0.00452	0.01357
13	0.01510	0.01133	0.01699	0.01699	0.01888	0.01322	0.01322	0.01888	0.01699	0.02454	0.02832	0.04154	0.02643	0.07930	0.58652	0.01699	0.02832	0.01133	0.00566	0.00944
14	0.01288	0.00920	0.01227	0.01472	0.01534	0.00859	0.00981	0.01472	0.02024	0.02699	0.05828	0.62152	0.06993	0.03312	0.01350	0.00429	0.00613	0.03006	0.00981	0.00859
15	0.70310	0.02045	0.01554	0.01390	0.02045	0.02372	0.01145	0.03108	0.01799	0.04744	0.01472	0.01718	0.01145	0.00981	0.00654	0.00327	0.00818	0.00573	0.00654	0.01145
16	0.01319	0.00942	0.01263	0.01508	0.01583	0.00886	0.01036	0.01526	0.02055	0.02734	0.05810	0.58375	0.06925	0.03283	0.01358	0.00434	0.00641	0.06475	0.00981	0.00867
17	0.15277	0.02566	0.02752	0.02143	0.02951	0.02767	0.01770	0.34489	0.04034	0.16834	0.02700	0.02622	0.01859	0.01229	0.00991	0.00321	0.01051	0.00912	0.01042	0.01689
18	0.03221	0.02685	0.07295	0.02274	0.03049	0.02676	0.01945	0.18714	0.30070	0.10960	0.03584	0.03361	0.02592	0.01337	0.01063	0.00341	0.00998	0.01076	0.01044	0.01714
19	0.02500	0.02624	0.03211	0.02770	0.02832	0.09552	0.02282	0.02736	0.01776	0.02549	0.01416	0.02267	0.01385	0.01764	0.03183	0.00441	0.54178	0.00897	0.00472	0.01164
20	0.02842	0.01795	0.02279	0.06054	0.02847	0.01489	0.01444	0.03315	0.02484	0.18526	0.06709	0.03079	0.02504	0.01059	0.00919	0.00233	0.00841	0.00873	0.00849	0.39860
21	0.02949	0.12794	0.14882	0.18739	0.04584	0.02477	0.06077	0.03635	0.02422	0.17764	0.02464	0.02729	0.01732	0.01078	0.00999	0.00321	0.01282	0.00901	0.00697	0.01475
22	0.01670	0.01268	0.01563	0.01479	0.01772	0.01260	0.01110	0.02562	0.11520	0.04151	0.43202	0.11455	0.08614	0.02129	0.01226	0.00344	0.00564	0.01877	0.01135	0.01100
23	0.02349	0.01656	0.02558	0.38565	0.05245	0.01921	0.02233	0.02965	0.02258	0.10077	0.02552	0.03188	0.01876	0.01131	0.00982	0.00324	0.01125	0.00967	0.16819	0.01211
24	0.02881	0.02200	0.06848	0.23967	0.08943	0.02074	0.08524	0.03535	0.02525	0.18896	0.06639	0.03379	0.02447	0.01181	0.01092	0.00340	0.01235	0.01076	0.00778	0.01439
25	0.04744	0.01799	0.02454	0.01881	0.02699	0.01554	0.01554	0.05153	0.03026	0.56979	0.04171	0.03599	0.02617	0.01309	0.01063	0.00327	0.00900	0.01063	0.01309	0.01799
26	0.04378	0.01711	0.02305	0.01798	0.02523	0.01494	0.01450	0.04740	0.02856	0.50714	0.04075	0.03977	0.02757	0.08327	0.01556	0.00407	0.00914	0.01117	0.01232	0.01667
27	0.04630	0.01982	0.02567	0.01968	0.02790	0.01825	0.01626	0.12630	0.03332	0.49069	0.03915	0.03432	0.02488	0.01302	0.01062	0.00326	0.00941	0.01046	0.01269	0.01799
28	0.02555	0.19751	0.12866	0.25657	0.04950	0.07721	0.02647	0.06608	0.02421	0.03022	0.01796	0.02315	0.01407	0.01024	0.00935	0.00305	0.01383	0.00789	0.00509	0.01338
29	0.04744	0.01799	0.02454	0.01881	0.02699	0.01554	0.01554	0.05153	0.03026	0.56979	0.04171	0.03599	0.02617	0.01309	0.01063	0.00327	0.00900	0.01063	0.01309	0.01799
30	0.04690	0.01886	0.02507	0.01922	0.02742	0.01683	0.01588	0.08706	0.03172	0.53220	0.04049	0.03520	0.02556	0.01306	0.01063	0.00326	0.00919	0.01055	0.01290	0.01799
31	0.02164	0.01327	0.01797	0.01969	0.05483	0.01268	0.01349	0.05583	0.02440	0.12136	0.05067	0.40664	0.05503	0.02658	0.01271	0.00402	0.00767	0.05999	0.01011	0.01140
32	0.03018	0.02446	0.09584	0.12023	0.08259	0.02083	0.11692	0.03825	0.05892	0.20450	0.03137	0.07679	0.02398	0.01291	0.01112	0.00346	0.01223	0.01197	0.00831	0.01513
33	0.01772	0.01345	0.01703	0.01614	0.01783	0.01525	0.01205	0.02309	0.06693	0.03124	0.13792	0.09660	0.04567	0.14892	0.11670	0.00710	0.10076	0.01472	0.09098	0.00990
34	0.70310	0.02045	0.01554	0.01390	0.02045	0.02372	0.01145	0.03108	0.01799	0.04744	0.01472	0.01718	0.01145	0.00981	0.00654	0.00327	0.00818	0.00573	0.00654	0.01145
35	0.02669	0.01907	0.01920	0.01805	0.02213	0.08468	0.01436	0.10119	0.02830	0.09864	0.04016	0.13608	0.03798	0.01918	0.01104	0.00351	0.00939	0.12447	0.17383	0.01206
36	0.70310	0.02045	0.01554	0.01390	0.02045	0.02372	0.01145	0.03108	0.01799	0.04744	0.01472	0.01718	0.01145	0.00981	0.00654	0.00327	0.00818	0.00573	0.00654	0.01145
37	0.02115	0.01794	0.02136	0.01581	0.02435	0.01399	0.01261	0.02574	0.02136	0.03332	0.01988	0.02416	0.01689	0.01598	0.07383	0.00333	0.01017	0.00684	0.00620	0.61509
38	0.01997	0.01879	0.03171	0.60301	0.07282	0.02349	0.02936	0.02701	0.02114	0.02701	0.01879	0.02819	0.01409	0.01057	0.01057	0.00352	0.01409	0.00940	0.00470	0.01175
39	0.04102	0.02829	0.03091	0.02370	0.03213	0.03082	0.01958	0.47296	0.04749	0.12402	0.02725	0.02659	0.01892	0.01274	0.01058	0.00318	0.01133	0.00965	0.01086	0.01798
40	0.04019	0.02962	0.03173	0.02433	0.03279	0.03279	0.02010	0.52721	0.04971	0.06663	0.02538	0.02538	0.01798	0.01269	0.01058	0.00317	0.01163	0.00952	0.01058	0.01798
41	0.04297	0.01925	0.02866	0.02151	0.03007	0.01671	0.07331	0.04765	0.02903	0.46867	0.03768	0.03409	0.02423	0.01222	0.01063	0.00318	0.00992	0.01052	0.01169	0.06800
42	0.01285	0.00932	0.01215	0.01441	0.01525	0.00861	0.00968	0.01476	0.02054	0.02711	0.06209	0.58093	0.10806	0.03263	0.01342	0.00424	0.00607	0.02945	0.00982	0.00861
43	0.01448	0.01079	0.01346	0.01279	0.01550	0.00977	0.00959	0.01901	0.02878	0.03968	0.46849	0.08346	0.18986	0.02263	0.01248	0.00337	0.00506	0.01975	0.01128	0.00977
44	0.26705	0.01615	0.01653	0.01413	0.01984	0.01651	0.01141	0.03547	0.02330	0.21151	0.02990	0.03056	0.02134	0.01169	0.00813	0.00300	0.00736	0.00866	0.23446	0.01301
45	0.70310	0.02045	0.01554	0.01390	0.02045	0.02372	0.01145	0.03108	0.01799	0.04744	0.01472	0.01718	0.01145	0.00981	0.00654	0.00327	0.00818	0.00573	0.00654	0.01145
46	0.01627	0.01203	0.01725	0.01706	0.01910	0.01388	0.01313	0.02134	0.05781	0.02553	0.02858	0.04054	0.02617	0.07043	0.49300	0.07610	0.02506	0.01119	0.00597	0.00958
47	0.02630	0.02271	0.02391	0.02152	0.02749	0.02630	0.01674	0.05618	0.54336	0.04423	0.04303	0.03945	0.03228	0.01434	0.01076	0.00359	0.00837	0.01195	0.01076	0.01674
48	0.07928	0.07930	0.07426	0.11742	0.03599	0.08994	0.02116	0.09205	0.06184	0.03525	0.02281	0.07031	0.01993	0.01349	0.01296	0.00331	0.08990	0.00991	0.00655	0.06434
49	0.02319	0.02168	0.11072	0.02057	0.02551	0.01780	0.01876	0.08962	0.02387	0.07265	0.03120	0.09042	0.02963	0.02950	0.08507	0.14640	0.05506	0.08964	0.00736	0.01135
50	0.02313	0.02313	0.03238	0.02776	0.02776	0.03238	0.02313	0.02545	0.01619	0.02545	0.01388	0.02313	0.01388	0.01851	0.03470	0.00463	0.60907	0.00925	0.00463	0.01157
51	0.02350	0.02032	0.03368	0.48159	0.06574	0.02397	0.06632	0.06661	0.02412	0.06255	0.02084	0.02846	0.01525	0.01075	0.01072	0.00349	0.01390	0.00972	0.00569	0.01278
52	0.02810	0.07188	0.22935	0.07023	0.04034	0.02332	0.09142	0.07558	0.02618	0.14144	0.02756	0.07957	0.02176	0.01275	0.01066	0.00338	0.01303	0.01109	0.00730	0.01506
53	0.01288	0.00920	0.01227	0.01472	0.01534	0.00859	0.00981	0.01472	0.02024	0.02699	0.05828	0.62152	0.06993	0.03312	0.01350	0.00429	0.00613	0.03006	0.00981	0.00859
54	0.02121	0.05469	0.57364	0.03014	0.04576	0.02455	0.03906	0.03348	0.02232	0.03348	0.01897	0.02232	0.01339	0.01005	0.01005	0.00335	0.01563	0.00781	0.00446	0.01563
55	0.02297	0.02987	0.20231	0.19576	0.04515	0.02176	0.02668	0.06657	0.06378	0.06882	0.07048	0.08447	0.02831	0.01391	0.01084	0.00348	0.01220	0.01181	0.00705	0.01378
56	0.15845	0.07330	0.16912	0.07184	0.09565	0.02427	0.02433	0.07331	0.02533	0.15353	0.02335	0.02505	0.01658	0.01076	0.00941	0.00322	0.01171	0.00831	0.00729	0.01520
57	0.01285	0.00934	0.01213	0.01436	0.01524	0.00862	0.00966	0.01476	0.02059	0.02713	0.06262	0.57523	0.11342	0.03256	0.01341	0.00423	0.00606	0.02937	0.00982	0.00862
58	0.04744	0.01799	0.02454	0.01881	0.02699	0.01554	0.01554	0.05153	0.03026	0.56979	0.04171	0.03599	0.02617	0.01309	0.01063	0.00327	0.00900	0.01063	0.01309	0.01799
59	0.07538	0.06696	0.06624	0.17046	0.08454	0.13147	0.02285	0.03862	0.06188	0.14503	0.02446	0.02691	0.01781	0.01116	0.00985	0.00318	0.01298	0.00877	0.00718	0.01428
60	0.01285	0.00933	0.01214	0.01438	0.01525	0.00862	0.00966	0.01476	0.02057	0.02712	0.06243	0.57731	0.11146	0.03258	0.01341	0.00423	0.00607	0.02940	0.00982	0.00862
61	0.02603	0.02543	0.09660	0.04845	0.37344	0.02182	0.02781	0.03261	0.02399	0.07314	0.02378	0.02865	0.01877	0.01024	0.00992	0.00306	0.01138	0.00940	0.11995	0.01555

[dist]
# distance from previous block
# <min> <max>
0	2

[block]
# block no. 1 follows, 13 sequences, length 22
# corresponding to MSA columns:
# 249-270
name=unknown_B
#
# <colnr> <probs for GDERKNQSTAVLIFYWHMCP>
#	G	D	E	R	K	N	Q	S	T	A	V	L	I	F	Y	W	H	M	C	P
0	0.43866	0.02663	0.11728	0.09471	0.07978	0.02396	0.02037	0.03111	0.01968	0.04131	0.01643	0.02025	0.01259	0.00991	0.00801	0.00330	0.01061	0.00688	0.00583	0.01269
1	0.02628	0.02301	0.02628	0.02692	0.09417	0.02615	0.01869	0.05322	0.47864	0.04302	0.04015	0.03779	0.03034	0.01373	0.01072	0.00353	0.00889	0.01164	0.01007	0.01674
2	0.02453	0.04490	0.37585	0.03309	0.04656	0.02614	0.16026	0.09512	0.02641	0.03771	0.02039	0.02428	0.01464	0.01009	0.01073	0.00338	0.01569	0.00921	0.00545	0.01557
3	0.02620	0.26740	0.31328	0.02493	0.03721	0.03201	0.02890	0.09434	0.02542	0.03441	0.01818	0.02071	0.01403	0.01000	0.00890	0.00292	0.01352	0.00722	0.00525	0.01515
4	0.01971	0.00985	0.00985	0.00985	0.01232	0.00985	0.00739	0.02464	0.02217	0.03942	0.03449	0.03942	0.02710	0.01232	0.00739	0.00246	0.00493	0.00985	0.68712	0.00985
5	0.01662	0.01049	0.01395	0.01464	0.01652	0.00964	0.01038	0.01964	0.02417	0.08027	0.21273	0.39957	0.07535	0.02774	0.01292	0.00390	0.00603	0.02490	0.01068	0.00986
6	0.01288	0.00920	0.01227	0.01472	0.01534	0.00859	0.00981	0.01472	0.02024	0.02699	0.05828	0.62152	0.06993	0.03312	0.01350	0.00429	0.00613	0.03006	0.00981	0.00859
7	0.01538	0.01025	0.01153	0.01153	0.01153	0.01025	0.00641	0.01538	0.01538	0.02050	0.03331	0.06919	0.03844	0.62842	0.05382	0.01025	0.01025	0.01538	0.00641	0.00641
8	0.02360	0.01979	0.02282	0.01646	0.02577	0.01581	0.01322	0.07255	0.02447	0.03741	0.01940	0.02224	0.01587	0.00828	0.00808	0.00171	0.00818	0.00656	0.00666	0.63112
9	0.03127	0.02518	0.02671	0.02252	0.02939	0.02862	0.01794	0.22472	0.36673	0.05225	0.03672	0.03442	0.02716	0.01375	0.01069	0.00344	0.00954	0.01108	0.01069	0.01718
10	0.70310	0.02045	0.01554	0.01390	0.02045	0.02372	0.01145	0.03108	0.01799	0.04744	0.01472	0.01718	0.01145	0.00981	0.00654	0.00327	0.00818	0.00573	0.00654	0.01145
11	0.01529	0.01061	0.01333	0.01333	0.01395	0.01123	0.00865	0.01653	0.01591	0.02183	0.03167	0.06008	0.03448	0.44752	0.22930	0.01247	0.01620	0.01404	0.00616	0.00741
12	0.04744	0.01799	0.02454	0.01881	0.02699	0.01554	0.01554	0.05153	0.03026	0.56979	0.04171	0.03599	0.02617	0.01309	0.01063	0.00327	0.00900	0.01063	0.01309	0.01799
13	0.04744	0.01799	0.02454	0.01881	0.02699	0.01554	0.01554	0.05153	0.03026	0.56979	0.04171	0.03599	0.02617	0.01309	0.01063	0.00327	0.00900	0.01063	0.01309	0.01799
14	0.03950	0.05039	0.02996	0.02724	0.03269	0.58597	0.02043	0.04222	0.02996	0.02588	0.01634	0.01907	0.01362	0.01090	0.00953	0.00272	0.01907	0.00681	0.00545	0.01226
15	0.02065	0.01241	0.01480	0.01475	0.01781	0.01201	0.01131	0.06186	0.02506	0.08647	0.05367	0.23203	0.11006	0.02283	0.01143	0.00362	0.00693	0.08428	0.18727	0.01076
16	0.16096	0.02164	0.02427	0.01953	0.02708	0.02243	0.01594	0.14619	0.12146	0.28044	0.03371	0.03101	0.02289	0.01263	0.00990	0.00331	0.00928	0.00975	0.01098	0.01659
17	0.02000	0.01368	0.01675	0.01504	0.01875	0.01334	0.01156	0.05724	0.08027	0.08426	0.40367	0.07001	0.11337	0.02004	0.01205	0.00335	0.00607	0.01739	0.01148	0.01168
18	0.01769	0.01116	0.01452	0.01544	0.01788	0.01027	0.01170	0.02077	0.02349	0.08989	0.09742	0.33078	0.14323	0.02827	0.01318	0.00412	0.00701	0.12287	0.01029	0.01003
19	0.02864	0.02381	0.03575	0.02729	0.03567	0.02347	0.16455	0.12581	0.12885	0.08480	0.02977	0.03561	0.02331	0.01215	0.01093	0.00319	0.01176	0.04317	0.00842	0.14307
20	0.03838	0.02027	0.02455	0.01987	0.02708	0.02032	0.01606	0.11124	0.17451	0.32324	0.07629	0.03862	0.03200	0.01398	0.01079	0.00335	0.00888	0.01145	0.01202	0.01708
21	0.01638	0.01018	0.01360	0.01500	0.01650	0.00937	0.01038	0.01869	0.02199	0.08053	0.09678	0.52146	0.06811	0.03027	0.01314	0.00412	0.00632	0.02731	0.01028	0.00961

[dist]
# distance from previous block
# <min> <max>
1	35

[block]
# block no. 2 follows, 13 sequences, length 26
# corresponding to MSA columns:
# 306-331
name=unknown_C
#
# <colnr> <probs for GDERKNQSTAVLIFYWHMCP>
#	G	D	E	R	K	N	Q	S	T	A	V	L	I	F	Y	W	H	M	C	P
0	0.23636	0.16327	0.03426	0.07693	0.03313	0.03022	0.06074	0.13987	0.06222	0.04309	0.01990	0.02244	0.01541	0.01056	0.00865	0.00309	0.01105	0.00788	0.00696	0.01397
1	0.27635	0.13518	0.06846	0.01964	0.02784	0.03003	0.01771	0.18827	0.06808	0.04818	0.02047	0.02174	0.01556	0.01093	0.00841	0.00309	0.01036	0.00751	0.00761	0.01456
2	0.24202	0.02420	0.09615	0.07233	0.03095	0.02066	0.01814	0.07011	0.02383	0.11410	0.02417	0.06805	0.01957	0.01201	0.00900	0.00309	0.00991	0.00923	0.00751	0.12496
3	0.19392	0.16140	0.20056	0.02280	0.03263	0.12109	0.02352	0.07197	0.02446	0.03645	0.01713	0.01967	0.01334	0.01013	0.00848	0.00299	0.01319	0.00683	0.00562	0.01381
4	0.01791	0.01100	0.01351	0.01311	0.01592	0.01024	0.01000	0.02235	0.02644	0.07233	0.28546	0.11353	0.11711	0.02076	0.01138	0.00332	0.00567	0.04908	0.17062	0.01024
5	0.02771	0.06798	0.16737	0.01990	0.02813	0.01864	0.02001	0.03592	0.06134	0.18640	0.16205	0.04230	0.04079	0.01417	0.01045	0.00320	0.00956	0.01170	0.05799	0.01440
6	0.01298	0.01058	0.01148	0.01157	0.01466	0.00908	0.00856	0.01600	0.02479	0.03092	0.18403	0.14763	0.42801	0.02645	0.01259	0.00360	0.00536	0.02248	0.01015	0.00908
7	0.01492	0.01006	0.01167	0.01211	0.01222	0.00995	0.00703	0.01526	0.01626	0.02168	0.03785	0.16955	0.04416	0.52025	0.04649	0.00917	0.00950	0.01804	0.00703	0.00680
8	0.04019	0.02962	0.03173	0.02433	0.03279	0.03279	0.02010	0.52721	0.04971	0.06663	0.02538	0.02538	0.01798	0.01269	0.01058	0.00317	0.01163	0.00952	0.01058	0.01798
9	0.02827	0.63478	0.05540	0.01809	0.02714	0.04184	0.01809	0.03166	0.02148	0.02488	0.01470	0.01696	0.01357	0.00905	0.00678	0.00226	0.01131	0.00565	0.00452	0.01357
10	0.02869	0.04422	0.41695	0.02690	0.04041	0.02198	0.03235	0.03863	0.02459	0.18652	0.02546	0.02622	0.01704	0.01091	0.01021	0.00333	0.01373	0.00862	0.00692	0.01630
11	0.01288	0.00920	0.01227	0.01472	0.01534	0.00859	0.00981	0.01472	0.02024	0.02699	0.05828	0.62152	0.06993	0.03312	0.01350	0.00429	0.00613	0.03006	0.00981	0.00859
12	0.03950	0.05039	0.02996	0.02724	0.03269	0.58597	0.02043	0.04222	0.02996	0.02588	0.01634	0.01907	0.01362	0.01090	0.00953	0.00272	0.01907	0.00681	0.00545	0.01226
13	0.02313	0.02313	0.03238	0.02776	0.02776	0.03238	0.02313	0.02545	0.01619	0.02545	0.01388	0.02313	0.01388	0.01851	0.03470	0.00463	0.60907	0.00925	0.00463	0.01157
14	0.04744	0.01799	0.02454	0.01881	0.02699	0.01554	0.01554	0.05153	0.03026	0.56979	0.04171	0.03599	0.02617	0.01309	0.01063	0.00327	0.00900	0.01063	0.01309	0.01799
15	0.04019	0.02962	0.03173	0.02433	0.03279	0.03279	0.02010	0.52721	0.04971	0.06663	0.02538	0.02538	0.01798	0.01269	0.01058	0.00317	0.01163	0.00952	0.01058	0.01798
16	0.01253	0.01057	0.01086	0.01110	0.01438	0.00889	0.00820	0.01513	0.02373	0.02841	0.10242	0.15164	0.51131	0.02739	0.01259	0.00364	0.00543	0.02306	0.00982	0.00889
17	0.01444	0.01079	0.01341	0.01275	0.01548	0.00975	0.00956	0.01894	0.02869	0.03947	0.46167	0.08380	0.19681	0.02271	0.01248	0.00338	0.00507	0.01980	0.01125	0.00975
18	0.02827	0.63478	0.05540	0.01809	0.02714	0.04184	0.01809	0.03166	0.02148	0.02488	0.01470	0.01696	0.01357	0.00905	0.00678	0.00226	0.01131	0.00565	0.00452	0.01357
19	0.70310	0.02045	0.01554	0.01390	0.02045	0.02372	0.01145	0.03108	0.01799	0.04744	0.01472	0.01718	0.01145	0.00981	0.00654	0.00327	0.00818	0.00573	0.00654	0.01145
20	0.03365	0.01408	0.01781	0.01504	0.02033	0.01273	0.01191	0.03784	0.02625	0.31739	0.04058	0.09348	0.03072	0.01472	0.00968	0.00306	0.00719	0.01220	0.26733	0.01402
21	0.02183	0.01979	0.03171	0.54959	0.06913	0.02435	0.02851	0.07319	0.02378	0.03067	0.01940	0.02793	0.01445	0.01077	0.01057	0.00349	0.01387	0.00941	0.00524	0.01232
22	0.01288	0.00920	0.01227	0.01472	0.01534	0.00859	0.00981	0.01472	0.02024	0.02699	0.05828	0.62152	0.06993	0.03312	0.01350	0.00429	0.00613	0.03006	0.00981	0.00859
23	0.16657	0.01844	0.02290	0.01792	0.02580	0.01703	0.01480	0.04781	0.02803	0.47487	0.03681	0.03257	0.02350	0.01249	0.00989	0.00327	0.00885	0.00974	0.01190	0.01680
24	0.03158	0.02185	0.03160	0.17875	0.16895	0.02309	0.02371	0.13760	0.03048	0.16138	0.06262	0.03238	0.02418	0.01206	0.01069	0.00329	0.01143	0.01038	0.00843	0.01555
25	0.02594	0.02064	0.03593	0.37346	0.10768	0.02275	0.09831	0.03268	0.02352	0.12133	0.02318	0.02938	0.01668	0.01066	0.01085	0.00345	0.01362	0.01005	0.00627	0.01363

[dist]
# distance from previous block
# <min> <max>
0	30

[block]
# block no. 3 follows, 13 sequences, length 15
# corresponding to MSA columns:
# 362-376
name=unknown_D
#
# <colnr> <probs for GDERKNQSTAVLIFYWHMCP>
#	G	D	E	R	K	N	Q	S	T	A	V	L	I	F	Y	W	H	M	C	P
0	0.02490	0.02321	0.03799	0.27441	0.19141	0.02555	0.09339	0.08282	0.07396	0.03553	0.02235	0.02846	0.01714	0.01062	0.01081	0.00340	0.01340	0.01006	0.00609	0.01449
1	0.01408	0.01012	0.01334	0.01391	0.01560	0.00938	0.00991	0.01772	0.02579	0.03582	0.34399	0.31064	0.08702	0.02653	0.01291	0.00374	0.00548	0.02379	0.01086	0.00938
2	0.02266	0.02247	0.06503	0.07807	0.03247	0.02412	0.05309	0.08235	0.08482	0.03494	0.07348	0.09888	0.03122	0.02129	0.05527	0.00474	0.18206	0.01305	0.00729	0.01272
3	0.01774	0.01415	0.01630	0.01517	0.01884	0.01441	0.01155	0.02936	0.17399	0.04052	0.33382	0.07175	0.16006	0.02045	0.01199	0.00344	0.00601	0.01765	0.01107	0.01170
4	0.01520	0.01094	0.01502	0.01502	0.01623	0.01215	0.01076	0.01761	0.01641	0.02308	0.03012	0.05152	0.03077	0.27760	0.39414	0.01456	0.02179	0.01279	0.00593	0.00834
5	0.02766	0.02043	0.03162	0.38041	0.11332	0.02317	0.02625	0.08279	0.02601	0.13014	0.02373	0.02910	0.01696	0.01112	0.01057	0.00340	0.01276	0.00964	0.00687	0.01405
6	0.02313	0.02313	0.03238	0.02776	0.02776	0.03238	0.02313	0.02545	0.01619	0.02545	0.01388	0.02313	0.01388	0.01851	0.03470	0.00463	0.60907	0.00925	0.00463	0.01157
7	0.02947	0.03176	0.02809	0.14915	0.09123	0.26022	0.02121	0.06636	0.02711	0.03107	0.02395	0.08896	0.02160	0.01332	0.01016	0.00311	0.01422	0.01058	0.06604	0.01239
8	0.02827	0.63478	0.05540	0.01809	0.02714	0.04184	0.01809	0.03166	0.02148	0.02488	0.01470	0.01696	0.01357	0.00905	0.00678	0.00226	0.01131	0.00565	0.00452	0.01357
9	0.01473	0.01071	0.01494	0.01598	0.01769	0.01092	0.01218	0.01835	0.02199	0.03025	0.15115	0.24382	0.06125	0.04402	0.18686	0.00804	0.01326	0.10558	0.00892	0.00934
10	0.07751	0.26177	0.03973	0.05896	0.03221	0.03104	0.05075	0.10028	0.08772	0.12655	0.02463	0.02536	0.01850	0.01095	0.00898	0.00294	0.01101	0.00841	0.00766	0.01503
11	0.02398	0.14973	0.14574	0.02830	0.03437	0.03205	0.08401	0.02922	0.01945	0.02789	0.01591	0.02240	0.01398	0.01388	0.02183	0.00379	0.30712	0.00865	0.00466	0.01306
12	0.01288	0.00920	0.01227	0.01472	0.01534	0.00859	0.00981	0.01472	0.02024	0.02699	0.05828	0.62152	0.06993	0.03312	0.01350	0.00429	0.00613	0.03006	0.00981	0.00859
13	0.02428	0.05039	0.50922	0.02881	0.04356	0.02350	0.03630	0.03560	0.02325	0.09640	0.02164	0.02393	0.01489	0.01040	0.01011	0.00334	0.01485	0.00814	0.00548	0.01590
14	0.02481	0.02862	0.16293	0.25822	0.05284	0.02297	0.08796	0.06417	0.02532	0.09160	0.05833	0.03091	0.02149	0.01140	0.01081	0.00342	0.01359	0.01019	0.00648	0.01394

[dist]
# distance from previous block
# <min> <max>
0	97

[block]
# block no. 4 follows, 13 sequences, length 21
# corresponding to MSA columns:
# 474-494
name=unknown_E
#
# <colnr> <probs for GDERKNQSTAVLIFYWHMCP>
#	G	D	E	R	K	N	Q	S	T	A	V	L	I	F	Y	W	H	M	C	P
0	0.08398	0.58406	0.05211	0.01775	0.02658	0.04034	0.01754	0.03161	0.02120	0.02674	0.01470	0.01698	0.01339	0.00911	0.00676	0.00234	0.01105	0.00566	0.00469	0.01339
1	0.08073	0.02517	0.02724	0.02145	0.02906	0.02729	0.01757	0.34842	0.08033	0.13514	0.02920	0.02865	0.02061	0.01266	0.01008	0.00317	0.01022	0.00965	0.06655	0.01680
2	0.01279	0.00955	0.01190	0.01378	0.01509	0.00867	0.00940	0.01483	0.02115	0.02736	0.06970	0.49991	0.18416	0.03164	0.01326	0.00412	0.00595	0.02825	0.00982	0.00867
3	0.01538	0.01025	0.01153	0.01153	0.01153	0.01025	0.00641	0.01538	0.01538	0.02050	0.03331	0.06919	0.03844	0.62842	0.05382	0.01025	0.01025	0.01538	0.00641	0.00641
4	0.04019	0.02962	0.03173	0.02433	0.03279	0.03279	0.02010	0.52721	0.04971	0.06663	0.02538	0.02538	0.01798	0.01269	0.01058	0.00317	0.01163	0.00952	0.01058	0.01798
5	0.01637	0.01196	0.01611	0.01819	0.02079	0.01169	0.01572	0.02092	0.02430	0.03119	0.06347	0.11670	0.13369	0.02885	0.01430	0.00468	0.00909	0.42261	0.00975	0.00962
6	0.02827	0.63478	0.05540	0.01809	0.02714	0.04184	0.01809	0.03166	0.02148	0.02488	0.01470	0.01696	0.01357	0.00905	0.00678	0.00226	0.01131	0.00565	0.00452	0.01357
7	0.70310	0.02045	0.01554	0.01390	0.02045	0.02372	0.01145	0.03108	0.01799	0.04744	0.01472	0.01718	0.01145	0.00981	0.00654	0.00327	0.00818	0.00573	0.00654	0.01145
8	0.02827	0.63478	0.05540	0.01809	0.02714	0.04184	0.01809	0.03166	0.02148	0.02488	0.01470	0.01696	0.01357	0.00905	0.00678	0.00226	0.01131	0.00565	0.00452	0.01357
9	0.01526	0.01057	0.01310	0.01298	0.01375	0.01085	0.00841	0.01681	0.01786	0.02459	0.10891	0.06463	0.04482	0.42043	0.16331	0.01070	0.01340	0.01505	0.00701	0.00759
10	0.04744	0.01799	0.02454	0.01881	0.02699	0.01554	0.01554	0.05153	0.03026	0.56979	0.04171	0.03599	0.02617	0.01309	0.01063	0.00327	0.00900	0.01063	0.01309	0.01799
11	0.02907	0.36386	0.04200	0.01941	0.02779	0.14841	0.01723	0.03264	0.02336	0.02740	0.01603	0.01860	0.01409	0.00914	0.00761	0.00219	0.01208	0.00604	0.00514	0.17792
12	0.01328	0.00986	0.01211	0.01333	0.01485	0.00899	0.00915	0.01561	0.02212	0.02900	0.13772	0.37952	0.18583	0.07767	0.01634	0.00447	0.00612	0.02554	0.00980	0.00869
13	0.02406	0.06705	0.07422	0.35350	0.13449	0.02477	0.06821	0.03101	0.02268	0.07048	0.02063	0.02731	0.01548	0.01032	0.01041	0.00335	0.01368	0.00936	0.00544	0.01355
14	0.30077	0.06756	0.02593	0.22905	0.04101	0.02379	0.01911	0.03281	0.02131	0.11893	0.02037	0.02407	0.01485	0.01053	0.00866	0.00328	0.01070	0.00781	0.00673	0.01273
15	0.01283	0.00941	0.01205	0.01416	0.01519	0.00864	0.00956	0.01479	0.02079	0.02721	0.06515	0.54831	0.13870	0.03223	0.01335	0.00419	0.00602	0.02897	0.00982	0.00864
16	0.13406	0.01702	0.02070	0.01700	0.02341	0.01628	0.01372	0.04141	0.06946	0.32599	0.16019	0.04372	0.04198	0.01473	0.01048	0.00331	0.00787	0.01204	0.01160	0.01503
17	0.03608	0.02969	0.13864	0.09639	0.03862	0.02460	0.02366	0.21711	0.03456	0.21142	0.02834	0.02842	0.01912	0.01202	0.01049	0.00328	0.01193	0.00951	0.00939	0.01673
18	0.01288	0.00920	0.01227	0.01472	0.01534	0.00859	0.00981	0.01472	0.02024	0.02699	0.05828	0.62152	0.06993	0.03312	0.01350	0.00429	0.00613	0.03006	0.00981	0.00859
19	0.02310	0.02199	0.03737	0.33108	0.32025	0.02431	0.03092	0.02976	0.02262	0.03082	0.01935	0.02717	0.01544	0.00999	0.01052	0.00333	0.01332	0.00941	0.00497	0.01427
20	0.02176	0.02071	0.03472	0.43593	0.13939	0.02419	0.06183	0.03082	0.06752	0.03008	0.02125	0.02890	0.01620	0.01062	0.01070	0.00348	0.01362	0.00983	0.00535	0.01308

[dist]
# distance from previous block
# <min> <max>
0	7

[block]
# block no. 5 follows, 13 sequences, length 19
# corresponding to MSA columns:
# 502-520
name=unknown_F
#
# <colnr> <probs for GDERKNQSTAVLIFYWHMCP>
#	G	D	E	R	K	N	Q	S	T	A	V	L	I	F	Y	W	H	M	C	P
0	0.02542	0.02675	0.07499	0.29523	0.12692	0.08522	0.05957	0.03176	0.02295	0.06339	0.01986	0.02652	0.01524	0.01121	0.01281	0.00346	0.07068	0.00926	0.00541	0.01333
1	0.02255	0.01760	0.02459	0.02148	0.02398	0.02141	0.01747	0.02585	0.01857	0.08503	0.02295	0.03153	0.02024	0.04043	0.24305	0.00897	0.26241	0.00992	0.00610	0.07586
2	0.41372	0.01968	0.01952	0.07863	0.02774	0.02073	0.01395	0.03099	0.02018	0.07915	0.01809	0.02088	0.01383	0.00964	0.00759	0.00288	0.00879	0.00661	0.00674	0.18066
3	0.01636	0.01149	0.01298	0.01267	0.01350	0.01174	0.00777	0.01973	0.06686	0.02512	0.09106	0.06744	0.04451	0.50451	0.04526	0.00887	0.00950	0.01546	0.00739	0.00777
4	0.01288	0.00920	0.01227	0.01472	0.01534	0.00859	0.00981	0.01472	0.02024	0.02699	0.05828	0.62152	0.06993	0.03312	0.01350	0.00429	0.00613	0.03006	0.00981	0.00859
5	0.01288	0.00920	0.01227	0.01472	0.01534	0.00859	0.00981	0.01472	0.02024	0.02699	0.05828	0.62152	0.06993	0.03312	0.01350	0.00429	0.00613	0.03006	0.00981	0.00859
6	0.02361	0.01263	0.01555	0.01371	0.01804	0.01118	0.01067	0.02771	0.02757	0.18129	0.23670	0.06929	0.19806	0.01971	0.01143	0.00328	0.00617	0.01669	0.08485	0.01185
7	0.01466	0.01057	0.01386	0.01351	0.01573	0.00977	0.00995	0.01918	0.02851	0.04014	0.48366	0.15865	0.09538	0.02331	0.01262	0.00347	0.00516	0.02073	0.01137	0.00977
8	0.02827	0.63478	0.05540	0.01809	0.02714	0.04184	0.01809	0.03166	0.02148	0.02488	0.01470	0.01696	0.01357	0.00905	0.00678	0.00226	0.01131	0.00565	0.00452	0.01357
9	0.02217	0.13352	0.50322	0.02850	0.04323	0.02690	0.03621	0.03324	0.02221	0.03231	0.01839	0.02159	0.01342	0.00991	0.00960	0.00320	0.01504	0.00752	0.00447	0.01535
10	0.04744	0.01799	0.02454	0.01881	0.02699	0.01554	0.01554	0.05153	0.03026	0.56979	0.04171	0.03599	0.02617	0.01309	0.01063	0.00327	0.00900	0.01063	0.01309	0.01799
11	0.02313	0.02313	0.03238	0.02776	0.02776	0.03238	0.02313	0.02545	0.01619	0.02545	0.01388	0.02313	0.01388	0.01851	0.03470	0.00463	0.60907	0.00925	0.00463	0.01157
12	0.09669	0.01944	0.02463	0.01903	0.02712	0.01803	0.01572	0.10145	0.03143	0.47547	0.03789	0.03340	0.02416	0.01279	0.01031	0.00326	0.00922	0.01014	0.01232	0.01749
13	0.02630	0.02271	0.02391	0.02152	0.02749	0.02630	0.01674	0.05618	0.54336	0.04423	0.04303	0.03945	0.03228	0.01434	0.01076	0.00359	0.00837	0.01195	0.01076	0.01674
14	0.01288	0.00920	0.01227	0.01472	0.01534	0.00859	0.00981	0.01472	0.02024	0.02699	0.05828	0.62152	0.06993	0.03312	0.01350	0.00429	0.00613	0.03006	0.00981	0.00859
15	0.01496	0.01081	0.01413	0.01330	0.01580	0.00998	0.00998	0.01995	0.02993	0.04240	0.55689	0.07898	0.09976	0.02162	0.01247	0.00333	0.00499	0.01912	0.01164	0.00998
16	0.01921	0.01001	0.01063	0.01063	0.01303	0.01022	0.00802	0.02401	0.02161	0.03781	0.03382	0.03965	0.02703	0.01957	0.07007	0.00404	0.00746	0.01001	0.61336	0.00981
17	0.70310	0.02045	0.01554	0.01390	0.02045	0.02372	0.01145	0.03108	0.01799	0.04744	0.01472	0.01718	0.01145	0.00981	0.00654	0.00327	0.00818	0.00573	0.00654	0.01145
18	0.02908	0.19794	0.21322	0.02421	0.03366	0.02963	0.02549	0.06818	0.02422	0.12086	0.02115	0.02349	0.01595	0.01191	0.01353	0.00325	0.11489	0.00806	0.00635	0.01493

[dist]
# distance from previous block
# <min> <max>
1	38

[block]
# block no. 6 follows, 13 sequences, length 57
# corresponding to MSA columns:
# 559-615
name=unknown_G
#
# <colnr> <probs for GDERKNQSTAVLIFYWHMCP>
#	G	D	E	R	K	N	Q	S	T	A	V	L	I	F	Y	W	H	M	C	P
0	0.01496	0.01081	0.01413	0.01330	0.01580	0.00998	0.00998	0.01995	0.02993	0.04240	0.55689	0.07898	0.09976	0.02162	0.01247	0.00333	0.00499	0.01912	0.01164	0.00998
1	0.02827	0.63478	0.05540	0.01809	0.02714	0.04184	0.01809	0.03166	0.02148	0.02488	0.01470	0.01696	0.01357	0.00905	0.00678	0.00226	0.01131	0.00565	0.00452	0.01357
2	0.01408	0.01031	0.01322	0.01347	0.01550	0.00945	0.00973	0.01788	0.02639	0.03631	0.35967	0.24626	0.13716	0.02564	0.01278	0.00364	0.00537	0.02277	0.01090	0.00945
3	0.02714	0.02320	0.03153	0.02654	0.02814	0.03071	0.02209	0.07345	0.02065	0.08435	0.01774	0.02464	0.01550	0.01743	0.03008	0.00436	0.49423	0.00942	0.00602	0.01280
4	0.01401	0.01063	0.01291	0.01264	0.01529	0.00952	0.00936	0.01800	0.02723	0.03671	0.37212	0.13681	0.23766	0.02428	0.01257	0.00349	0.00521	0.02113	0.01091	0.00952
5	0.70310	0.02045	0.01554	0.01390	0.02045	0.02372	0.01145	0.03108	0.01799	0.04744	0.01472	0.01718	0.01145	0.00981	0.00654	0.00327	0.00818	0.00573	0.00654	0.01145
6	0.02630	0.02271	0.02391	0.02152	0.02749	0.02630	0.01674	0.05618	0.54336	0.04423	0.04303	0.03945	0.03228	0.01434	0.01076	0.00359	0.00837	0.01195	0.01076	0.01674
7	0.01288	0.00920	0.01227	0.01472	0.01534	0.00859	0.00981	0.01472	0.02024	0.02699	0.05828	0.62152	0.06993	0.03312	0.01350	0.00429	0.00613	0.03006	0.00981	0.00859
8	0.04019	0.02962	0.03173	0.02433	0.03279	0.03279	0.02010	0.52721	0.04971	0.06663	0.02538	0.02538	0.01798	0.01269	0.01058	0.00317	0.01163	0.00952	0.01058	0.01798
9	0.02617	0.02512	0.04292	0.06490	0.56246	0.02512	0.03245	0.03245	0.02407	0.03454	0.01989	0.02617	0.01675	0.00942	0.01047	0.00314	0.01256	0.00942	0.00523	0.01675
10	0.04744	0.01799	0.02454	0.01881	0.02699	0.01554	0.01554	0.05153	0.03026	0.56979	0.04171	0.03599	0.02617	0.01309	0.01063	0.00327	0.00900	0.01063	0.01309	0.01799
11	0.01511	0.01064	0.01275	0.01271	0.01406	0.01021	0.00863	0.01735	0.02154	0.02905	0.20366	0.08003	0.11199	0.32687	0.03338	0.00696	0.00809	0.06025	0.00866	0.00806
12	0.70310	0.02045	0.01554	0.01390	0.02045	0.02372	0.01145	0.03108	0.01799	0.04744	0.01472	0.01718	0.01145	0.00981	0.00654	0.00327	0.00818	0.00573	0.00654	0.01145
13	0.03717	0.01808	0.02159	0.01727	0.02373	0.01766	0.01403	0.15048	0.03213	0.29122	0.03578	0.03466	0.02461	0.01276	0.00961	0.00300	0.00833	0.01014	0.22227	0.01546
14	0.02032	0.01774	0.02366	0.02183	0.02288	0.02218	0.01712	0.06785	0.02108	0.02997	0.03407	0.28092	0.03839	0.02425	0.02331	0.00435	0.29355	0.01823	0.00742	0.01089
15	0.70310	0.02045	0.01554	0.01390	0.02045	0.02372	0.01145	0.03108	0.01799	0.04744	0.01472	0.01718	0.01145	0.00981	0.00654	0.00327	0.00818	0.00573	0.00654	0.01145
16	0.70310	0.02045	0.01554	0.01390	0.02045	0.02372	0.01145	0.03108	0.01799	0.04744	0.01472	0.01718	0.01145	0.00981	0.00654	0.00327	0.00818	0.00573	0.00654	0.01145
17	0.01538	0.01025	0.01153	0.01153	0.01153	0.01025	0.00641	0.01538	0.01538	0.02050	0.03331	0.06919	0.03844	0.62842	0.05382	0.01025	0.01025	0.01538	0.00641	0.00641
18	0.02311	0.01250	0.01663	0.01485	0.01863	0.01128	0.01139	0.02757	0.02911	0.17642	0.37784	0.11877	0.07807	0.02050	0.01209	0.00340	0.00613	0.01797	0.01184	0.01191
19	0.04272	0.01760	0.02299	0.01815	0.02555	0.01594	0.01482	0.04922	0.07583	0.46851	0.04110	0.03665	0.02682	0.01312	0.01032	0.00322	0.00853	0.01067	0.08121	0.01705
20	0.01971	0.00985	0.00985	0.00985	0.01232	0.00985	0.00739	0.02464	0.02217	0.03942	0.03449	0.03942	0.02710	0.01232	0.00739	0.00246	0.00493	0.00985	0.68712	0.00985
21	0.03731	0.02807	0.03173	0.10682	0.03850	0.03146	0.02142	0.45591	0.04564	0.06099	0.02445	0.02578	0.01743	0.01239	0.01058	0.00322	0.01199	0.00950	0.00974	0.01709
22	0.07491	0.02468	0.08672	0.28539	0.05205	0.02388	0.06333	0.10283	0.02684	0.12329	0.02338	0.02773	0.01650	0.01105	0.01040	0.00340	0.01295	0.00944	0.00704	0.01420
23	0.07384	0.12114	0.16715	0.06899	0.03847	0.02428	0.09387	0.03678	0.02421	0.17053	0.02421	0.02599	0.01716	0.01039	0.00971	0.00308	0.01245	0.00875	0.00709	0.06190
24	0.01599	0.01050	0.01467	0.01631	0.01764	0.01027	0.01258	0.01776	0.02105	0.02792	0.08318	0.24261	0.05626	0.03158	0.02041	0.16622	0.00822	0.20993	0.00868	0.00821
25	0.02570	0.02464	0.04206	0.10585	0.52520	0.02500	0.03221	0.03204	0.02385	0.03397	0.01980	0.02632	0.01655	0.00951	0.01048	0.00317	0.01268	0.00942	0.00519	0.01637
26	0.03007	0.10859	0.03597	0.15722	0.04155	0.02597	0.08751	0.12436	0.06592	0.12819	0.02826	0.07150	0.02241	0.01286	0.01053	0.00331	0.01190	0.01120	0.00806	0.01466
27	0.01374	0.00980	0.01207	0.01328	0.01419	0.00922	0.00868	0.01543	0.02013	0.02671	0.10124	0.36353	0.11322	0.19985	0.02471	0.00582	0.00712	0.02413	0.00902	0.00813
28	0.01308	0.00928	0.01221	0.01447	0.01503	0.00872	0.00954	0.01477	0.01986	0.02648	0.05629	0.57768	0.06743	0.08038	0.01670	0.00477	0.00646	0.02889	0.00954	0.00841
29	0.01414	0.01016	0.01348	0.01446	0.01606	0.00949	0.01046	0.01763	0.02490	0.03425	0.28108	0.33902	0.08255	0.02767	0.01312	0.00391	0.00591	0.06178	0.01062	0.00930
30	0.04052	0.03896	0.03017	0.02527	0.03219	0.30909	0.01984	0.23898	0.03797	0.09330	0.02237	0.02320	0.01656	0.01183	0.01006	0.00296	0.01512	0.00826	0.00824	0.01511
31	0.02103	0.01942	0.03138	0.41617	0.14531	0.02275	0.02716	0.02950	0.06229	0.03097	0.06947	0.03331	0.02367	0.01167	0.01074	0.00345	0.01258	0.01047	0.00588	0.01280
32	0.44331	0.01948	0.01910	0.01585	0.02304	0.02048	0.01307	0.03918	0.02285	0.25441	0.02542	0.02463	0.01728	0.01111	0.00816	0.00327	0.00850	0.00767	0.00914	0.01404
33	0.01997	0.01879	0.03171	0.60301	0.07282	0.02349	0.02936	0.02701	0.02114	0.02701	0.01879	0.02819	0.01409	0.01057	0.01057	0.00352	0.01409	0.00940	0.00470	0.01175
34	0.25897	0.02323	0.02390	0.01930	0.02639	0.02547	0.01581	0.18490	0.06904	0.08565	0.02249	0.02378	0.01681	0.01166	0.01070	0.00314	0.05498	0.00804	0.00836	0.10738
35	0.02333	0.02081	0.03957	0.03012	0.03647	0.02059	0.25812	0.02909	0.02273	0.07919	0.06610	0.04007	0.02775	0.10433	0.10622	0.00652	0.05722	0.01281	0.00667	0.01231
36	0.01481	0.01110	0.01393	0.01407	0.01682	0.01022	0.01111	0.01918	0.02714	0.03635	0.32519	0.09417	0.20848	0.02470	0.01297	0.00375	0.00618	0.12945	0.01073	0.00965
37	0.01527	0.01067	0.01363	0.01363	0.01436	0.01139	0.00903	0.01672	0.01600	0.02206	0.03139	0.05855	0.03382	0.41703	0.25889	0.01285	0.01721	0.01382	0.00612	0.00757
38	0.04019	0.02962	0.03173	0.02433	0.03279	0.03279	0.02010	0.52721	0.04971	0.06663	0.02538	0.02538	0.01798	0.01269	0.01058	0.00317	0.01163	0.00952	0.01058	0.01798
39	0.02630	0.02271	0.02391	0.02152	0.02749	0.02630	0.01674	0.05618	0.54336	0.04423	0.04303	0.03945	0.03228	0.01434	0.01076	0.00359	0.00837	0.01195	0.01076	0.01674
40	0.04453	0.02266	0.02743	0.02103	0.02932	0.02246	0.01737	0.24250	0.03807	0.36778	0.03516	0.03173	0.02288	0.01293	0.01061	0.00323	0.01006	0.01019	0.01208	0.01799
41	0.01327	0.00948	0.01272	0.01517	0.01595	0.00892	0.01049	0.01540	0.02063	0.02743	0.05806	0.57446	0.06908	0.03276	0.01360	0.00435	0.00647	0.07328	0.00981	0.00870
42	0.02192	0.01879	0.02192	0.01566	0.02506	0.01409	0.01253	0.02662	0.02192	0.03445	0.01879	0.02192	0.01566	0.00783	0.00783	0.00157	0.00783	0.00626	0.00626	0.69305
43	0.03025	0.01410	0.01894	0.01604	0.02109	0.01251	0.01261	0.03456	0.02932	0.29213	0.27217	0.10159	0.06238	0.01847	0.01168	0.00338	0.00699	0.01595	0.01218	0.01368
44	0.02192	0.01879	0.02192	0.01566	0.02506	0.01409	0.01253	0.02662	0.02192	0.03445	0.01879	0.02192	0.01566	0.00783	0.00783	0.00157	0.00783	0.00626	0.00626	0.69305
45	0.01722	0.01137	0.01397	0.01336	0.01654	0.01030	0.01035	0.02152	0.02736	0.07599	0.31824	0.08277	0.20516	0.02240	0.01218	0.00347	0.00582	0.06292	0.05879	0.01026
46	0.02014	0.01202	0.01542	0.01387	0.01749	0.01077	0.01065	0.02465	0.02916	0.13012	0.40563	0.07489	0.15212	0.02090	0.01216	0.00335	0.00572	0.01813	0.01163	0.01119
47	0.04064	0.02217	0.09684	0.01977	0.02836	0.01618	0.01812	0.04592	0.02917	0.44467	0.09090	0.03852	0.03193	0.01354	0.01074	0.00329	0.00948	0.01112	0.01179	0.01686
48	0.04744	0.01799	0.02454	0.01881	0.02699	0.01554	0.01554	0.05153	0.03026	0.56979	0.04171	0.03599	0.02617	0.01309	0.01063	0.00327	0.00900	0.01063	0.01309	0.01799
49	0.04744	0.01799	0.02454	0.01881	0.02699	0.01554	0.01554	0.05153	0.03026	0.56979	0.04171	0.03599	0.02617	0.01309	0.01063	0.00327	0.00900	0.01063	0.01309	0.01799
50	0.02364	0.01605	0.01925	0.06124	0.02497	0.01631	0.01394	0.10864	0.07473	0.10797	0.05830	0.21962	0.16809	0.02211	0.01192	0.00367	0.00804	0.01897	0.01007	0.01245
51	0.04107	0.02691	0.15791	0.02156	0.03155	0.01773	0.02125	0.04714	0.02833	0.43952	0.03619	0.03267	0.02307	0.01235	0.01049	0.00329	0.01061	0.00995	0.01099	0.01742
52	0.04641	0.01964	0.02555	0.01959	0.02781	0.01798	0.01618	0.11884	0.03301	0.49858	0.03940	0.03449	0.02501	0.01303	0.01062	0.00326	0.00937	0.01048	0.01273	0.01799
53	0.01304	0.00932	0.01241	0.01461	0.01537	0.00869	0.00983	0.01512	0.02098	0.02817	0.09634	0.58010	0.07221	0.03225	0.01342	0.00422	0.00605	0.02922	0.00995	0.00869
54	0.02211	0.08290	0.03803	0.42162	0.14146	0.02583	0.06428	0.02881	0.02190	0.02844	0.01873	0.02677	0.01459	0.01012	0.01031	0.00334	0.01385	0.00924	0.00481	0.01287
55	0.01798	0.01197	0.01587	0.05189	0.02036	0.01125	0.01154	0.02278	0.02880	0.08767	0.42972	0.07410	0.13401	0.02065	0.01218	0.00336	0.00598	0.01805	0.01113	0.01071
56	0.08538	0.02426	0.05970	0.01995	0.02721	0.06067	0.01681	0.14443	0.03089	0.27400	0.03184	0.03499	0.02339	0.09949	0.01633	0.00420	0.01083	0.01026	0.01003	0.01532

[dist]
# distance from previous block
# <min> <max>
9	74

[block]
# block no. 7 follows, 13 sequences, length 33
# corresponding to MSA columns:
# 694-726
name=unknown_H
#
# <colnr> <probs for GDERKNQSTAVLIFYWHMCP>
#	G	D	E	R	K	N	Q	S	T	A	V	L	I	F	Y	W	H	M	C	P
0	0.02493	0.02457	0.12000	0.23952	0.04952	0.02063	0.09896	0.03184	0.02344	0.12801	0.02886	0.11097	0.02421	0.01383	0.01118	0.00356	0.01286	0.01269	0.00699	0.01345
1	0.08231	0.02420	0.03969	0.15199	0.09129	0.05356	0.18761	0.03693	0.02514	0.16536	0.02495	0.02871	0.01772	0.01051	0.01084	0.00338	0.01376	0.01030	0.00721	0.01455
2	0.65024	0.01959	0.01529	0.01397	0.02006	0.02256	0.01133	0.02983	0.01817	0.04587	0.01806	0.06346	0.01593	0.01160	0.00708	0.00335	0.00802	0.00759	0.00679	0.01123
3	0.01510	0.01038	0.01192	0.01225	0.01279	0.01018	0.00756	0.01582	0.01711	0.02244	0.04302	0.10755	0.08804	0.49509	0.04484	0.00890	0.00954	0.05328	0.00716	0.00701
4	0.02245	0.02212	0.03107	0.02684	0.02700	0.03075	0.02229	0.02489	0.01626	0.02537	0.01511	0.02470	0.01495	0.02369	0.08178	0.00568	0.55952	0.00943	0.00471	0.01138
5	0.02235	0.01244	0.01650	0.01455	0.01834	0.01124	0.01124	0.02713	0.03000	0.16228	0.43979	0.06921	0.08304	0.01968	0.01205	0.00331	0.00590	0.01719	0.01197	0.01180
6	0.06977	0.01891	0.02148	0.01554	0.02473	0.01477	0.01245	0.02694	0.02165	0.03537	0.01851	0.02159	0.01536	0.00797	0.00774	0.00169	0.00785	0.00623	0.00628	0.64518
7	0.04744	0.01799	0.02454	0.01881	0.02699	0.01554	0.01554	0.05153	0.03026	0.56979	0.04171	0.03599	0.02617	0.01309	0.01063	0.00327	0.00900	0.01063	0.01309	0.01799
8	0.01250	0.01071	0.01071	0.01071	0.01428	0.00893	0.00803	0.01517	0.02410	0.02856	0.10711	0.10175	0.55817	0.02678	0.01250	0.00357	0.00536	0.02231	0.00982	0.00893
9	0.01997	0.01879	0.03171	0.60301	0.07282	0.02349	0.02936	0.02701	0.02114	0.02701	0.01879	0.02819	0.01409	0.01057	0.01057	0.00352	0.01409	0.00940	0.00470	0.01175
10	0.02192	0.01879	0.02192	0.01566	0.02506	0.01409	0.01253	0.02662	0.02192	0.03445	0.01879	0.02192	0.01566	0.00783	0.00783	0.00157	0.00783	0.00626	0.00626	0.69305
