[name]
unknown

[dist]
# distance from previous block
# <min> <max>
0	0

[block]
# block no. 0 follows, 12 sequences, length 55
# corresponding to MSA columns:
# 0-54
name=unknown_A
#
# <colnr> <probs for GDERKNQSTAVLIFYWHMCP>
#	G	D	E	R	K	N	Q	S	T	A	V	L	I	F	Y	W	H	M	C	P
0	0.01757	0.01255	0.01757	0.02008	0.02259	0.01255	0.01757	0.02259	0.02510	0.03263	0.05773	0.12299	0.06275	0.03012	0.01506	0.00502	0.01004	0.47540	0.01004	0.01004
1	0.01586	0.01057	0.01189	0.01189	0.01189	0.01057	0.00661	0.01586	0.01586	0.02114	0.03436	0.07135	0.03964	0.61681	0.05550	0.01057	0.01057	0.01586	0.00661	0.00661
2	0.02187	0.05640	0.56031	0.03108	0.04719	0.02532	0.04029	0.03453	0.02302	0.03453	0.01957	0.02302	0.01381	0.01036	0.01036	0.00345	0.01611	0.00806	0.00460	0.01611
3	0.23833	0.02221	0.02389	0.01931	0.02704	0.02330	0.01582	0.13689	0.08858	0.25042	0.03155	0.02957	0.02152	0.01255	0.00970	0.00339	0.00948	0.00938	0.01069	0.01638
4	0.02343	0.02508	0.05198	0.04170	0.09568	0.02388	0.35946	0.03100	0.02436	0.03330	0.02740	0.10517	0.02465	0.01830	0.05786	0.00484	0.01718	0.01481	0.00612	0.01380
5	0.01416	0.01031	0.01334	0.01424	0.01593	0.00949	0.01005	0.01750	0.02542	0.03469	0.26846	0.34656	0.12214	0.02862	0.01339	0.00395	0.00576	0.02560	0.01092	0.00949
6	0.04414	0.01962	0.02516	0.02001	0.02795	0.01846	0.01630	0.05419	0.14050	0.44424	0.04332	0.03790	0.02837	0.01378	0.01099	0.00345	0.00914	0.01126	0.01297	0.01827
7	0.02554	0.16349	0.02879	0.01793	0.02285	0.02261	0.01481	0.07347	0.02333	0.09472	0.02795	0.03851	0.02496	0.12710	0.23622	0.00969	0.01809	0.01060	0.00710	0.01225
8	0.01959	0.01220	0.01732	0.01666	0.01943	0.01266	0.01280	0.02357	0.02260	0.09820	0.14733	0.11576	0.04898	0.05443	0.31352	0.01110	0.01872	0.01557	0.00867	0.01089
9	0.01328	0.00949	0.01265	0.01518	0.01581	0.00886	0.01012	0.01518	0.02088	0.02783	0.06010	0.60969	0.07212	0.03416	0.01392	0.00443	0.00633	0.03100	0.01012	0.00886
10	0.03824	0.08698	0.03647	0.02952	0.03601	0.47543	0.07705	0.04183	0.02973	0.02757	0.01734	0.02064	0.01433	0.01088	0.00999	0.00288	0.01899	0.00762	0.00554	0.01297
11	0.02609	0.02130	0.03609	0.28103	0.21077	0.02290	0.05948	0.03249	0.02415	0.09895	0.02563	0.06763	0.02091	0.01228	0.01120	0.00353	0.01308	0.01147	0.00652	0.01450
12	0.02493	0.01460	0.01984	0.01834	0.02226	0.01543	0.01433	0.03204	0.08456	0.15769	0.03741	0.09537	0.03223	0.05226	0.31306	0.01110	0.01960	0.01343	0.00877	0.01274
13	0.01736	0.01064	0.01400	0.01538	0.01712	0.00970	0.01067	0.01958	0.02234	0.08873	0.06163	0.50879	0.09972	0.03133	0.01351	0.00426	0.00661	0.02814	0.01051	0.01000
14	0.69383	0.02109	0.01603	0.01434	0.02109	0.02446	0.01181	0.03205	0.01856	0.04892	0.01518	0.01771	0.01181	0.01012	0.00675	0.00337	0.00843	0.00590	0.00675	0.01181
15	0.02859	0.03035	0.15067	0.14319	0.08288	0.02407	0.15209	0.03870	0.06483	0.13516	0.02671	0.03021	0.01896	0.01108	0.01131	0.00354	0.01427	0.01062	0.00716	0.01561
16	0.01558	0.01168	0.01752	0.01752	0.01947	0.01363	0.01363	0.01947	0.01752	0.02531	0.02921	0.04283	0.02726	0.08178	0.57360	0.01752	0.02921	0.01168	0.00584	0.00974
17	0.01508	0.01048	0.01298	0.01342	0.01549	0.00969	0.00966	0.01890	0.02593	0.03658	0.27271	0.24850	0.13410	0.02548	0.01253	0.00366	0.00556	0.02249	0.09707	0.00969
18	0.02414	0.02936	0.11885	0.09385	0.04052	0.06127	0.11208	0.06113	0.02500	0.03432	0.08731	0.03388	0.02721	0.01859	0.05378	0.00467	0.14322	0.01123	0.00635	0.01324
19	0.69383	0.02109	0.01603	0.01434	0.02109	0.02446	0.01181	0.03205	0.01856	0.04892	0.01518	0.01771	0.01181	0.01012	0.00675	0.00337	0.00843	0.00590	0.00675	0.01181
20	0.01304	0.01046	0.01165	0.01261	0.01514	0.00907	0.00898	0.01547	0.02335	0.02884	0.09144	0.29558	0.36599	0.03009	0.01328	0.00396	0.00583	0.02603	0.01012	0.00907
21	0.03185	0.49324	0.05178	0.02007	0.02926	0.04110	0.01911	0.13796	0.02854	0.03511	0.01758	0.01940	0.01499	0.01015	0.00785	0.00254	0.01173	0.00671	0.00603	0.01499
22	0.04003	0.02216	0.03128	0.02764	0.09071	0.02095	0.05808	0.10463	0.06642	0.31788	0.03490	0.03309	0.02357	0.01233	0.01087	0.00325	0.01063	0.01057	0.01088	0.07010
23	0.02899	0.09921	0.17643	0.03877	0.19118	0.02650	0.06225	0.03940	0.08304	0.11040	0.02577	0.02810	0.01920	0.01093	0.01046	0.00330	0.01298	0.00955	0.00694	0.01661
24	0.03615	0.15697	0.03928	0.09733	0.03864	0.03091	0.05990	0.22315	0.03539	0.13945	0.02560	0.02688	0.01839	0.01174	0.01022	0.00316	0.01227	0.00938	0.00879	0.01641
25	0.01377	0.00979	0.01284	0.01473	0.01556	0.00918	0.00986	0.01593	0.02176	0.02935	0.12037	0.49825	0.07348	0.07944	0.01712	0.00479	0.00651	0.02832	0.01008	0.00886
26	0.02769	0.02440	0.03726	0.26014	0.25267	0.02699	0.02944	0.13643	0.02946	0.03989	0.02132	0.02761	0.01649	0.01091	0.01086	0.00340	0.01335	0.00973	0.00639	0.01556
27	0.01398	0.01109	0.01256	0.01219	0.01540	0.00967	0.00914	0.01776	0.02743	0.03558	0.29601	0.09486	0.35500	0.02533	0.01288	0.00357	0.00536	0.02160	0.01093	0.00967
28	0.04309	0.02791	0.03109	0.02384	0.03250	0.02991	0.01969	0.41162	0.04686	0.17575	0.02987	0.02858	0.02040	0.01318	0.01092	0.00329	0.01140	0.01007	0.01148	0.01855
29	0.01935	0.01209	0.01540	0.01403	0.01753	0.01086	0.01071	0.02400	0.02995	0.10763	0.40984	0.07945	0.16314	0.02200	0.01262	0.00346	0.00574	0.01911	0.01190	0.01118
30	0.01655	0.01001	0.01398	0.01458	0.01504	0.01017	0.00981	0.01555	0.01660	0.02244	0.03295	0.17872	0.03638	0.13951	0.12215	0.30419	0.01203	0.01602	0.00651	0.00682
31	0.03162	0.02476	0.03782	0.17628	0.20499	0.02624	0.06467	0.14918	0.03130	0.10881	0.02462	0.02880	0.01811	0.01126	0.01103	0.00339	0.01306	0.01014	0.00763	0.01629
32	0.69383	0.02109	0.01603	0.01434	0.02109	0.02446	0.01181	0.03205	0.01856	0.04892	0.01518	0.01771	0.01181	0.01012	0.00675	0.00337	0.00843	0.00590	0.00675	0.01181
33	0.03059	0.55258	0.05389	0.01983	0.02869	0.10879	0.01896	0.03400	0.02324	0.02578	0.01537	0.01776	0.01400	0.00956	0.00735	0.00239	0.01265	0.00598	0.00478	0.01383
34	0.01512	0.01113	0.01414	0.01339	0.01610	0.01015	0.01004	0.01997	0.03012	0.04196	0.48945	0.08436	0.15757	0.02295	0.01286	0.00346	0.00519	0.02013	0.01177	0.01015
35	0.01795	0.03093	0.25285	0.02100	0.02963	0.01674	0.02318	0.02611	0.02674	0.03806	0.26435	0.05859	0.11470	0.01768	0.01177	0.00347	0.00999	0.01500	0.00855	0.01271
36	0.01328	0.00949	0.01265	0.01518	0.01581	0.00886	0.01012	0.01518	0.02088	0.02783	0.06010	0.60969	0.07212	0.03416	0.01392	0.00443	0.00633	0.03100	0.01012	0.00886
37	0.02633	0.02568	0.03685	0.24526	0.23527	0.07075	0.02924	0.06284	0.02491	0.03307	0.01938	0.02669	0.01573	0.01170	0.01399	0.00355	0.08938	0.00947	0.00550	0.01443
38	0.03692	0.12198	0.03449	0.09156	0.03773	0.44151	0.02182	0.04033	0.02872	0.02669	0.01693	0.02046	0.01409	0.01095	0.00959	0.00284	0.01804	0.00718	0.00541	0.01275
39	0.01356	0.00970	0.01290	0.01499	0.01588	0.00904	0.01014	0.01588	0.02216	0.02989	0.12244	0.54150	0.07609	0.03263	0.01378	0.00430	0.00617	0.02954	0.01036	0.00904
40	0.02688	0.02434	0.03992	0.24631	0.08966	0.02648	0.14376	0.14677	0.03006	0.04004	0.02443	0.06634	0.01996	0.01246	0.01157	0.00358	0.01421	0.01189	0.00686	0.01445
41	0.01382	0.00987	0.01326	0.01579	0.01665	0.00931	0.01104	0.01610	0.02140	0.02843	0.05980	0.54940	0.07096	0.03366	0.01406	0.00450	0.00679	0.08605	0.01011	0.00900
42	0.02585	0.02475	0.04221	0.15958	0.46498	0.02561	0.03290	0.03247	0.02429	0.03425	0.02031	0.02735	0.01679	0.00992	0.01081	0.00331	0.01323	0.00971	0.00530	0.01636
43	0.03176	0.01949	0.02370	0.01780	0.02674	0.01623	0.01436	0.03888	0.07389	0.20905	0.02960	0.02914	0.02138	0.01051	0.00932	0.00240	0.00853	0.00851	0.00923	0.39946
44	0.02645	0.21328	0.35002	0.02679	0.04004	0.03145	0.03165	0.09569	0.02642	0.03644	0.01917	0.02187	0.01447	0.01042	0.00948	0.00311	0.01432	0.00765	0.00543	0.01583
45	0.04892	0.01856	0.02530	0.01940	0.02783	0.01603	0.01603	0.05314	0.03121	0.55634	0.04302	0.03711	0.02699	0.01350	0.01096	0.00337	0.00928	0.01096	0.01350	0.01856
46	0.01358	0.00961	0.01256	0.01480	0.01536	0.00905	0.00972	0.01526	0.02030	0.02706	0.05714	0.54778	0.06838	0.10117	0.01870	0.00513	0.00681	0.02926	0.00972	0.00860
47	0.03583	0.03799	0.16461	0.02930	0.03947	0.14400	0.11068	0.07925	0.02974	0.18224	0.02652	0.02762	0.01842	0.01144	0.01090	0.00331	0.01505	0.00964	0.00798	0.01598
48	0.07502	0.20943	0.07577	0.08490	0.03284	0.02579	0.01935	0.03610	0.02450	0.18753	0.03015	0.10160	0.02530	0.01410	0.00978	0.00322	0.01073	0.01124	0.00817	0.01450
49	0.01328	0.00949	0.01265	0.01518	0.01581	0.00886	0.01012	0.01518	0.02088	0.02783	0.06010	0.60969	0.07212	0.03416	0.01392	0.00443	0.00633	0.03100	0.01012	0.00886
50	0.19972	0.29093	0.07323	0.02074	0.02893	0.16970	0.01895	0.03534	0.02349	0.03238	0.01588	0.01845	0.01344	0.01007	0.00786	0.00279	0.01314	0.00629	0.00543	0.01324
51	0.01842	0.01104	0.01489	0.01633	0.01821	0.01024	0.01181	0.02100	0.02273	0.09665	0.05760	0.47548	0.06513	0.03099	0.01368	0.00437	0.00717	0.08347	0.01055	0.01026
52	0.02261	0.01938	0.02261	0.01615	0.02584	0.01453	0.01292	0.02745	0.02261	0.03553	0.01938	0.02261	0.01615	0.00807	0.00807	0.00161	0.00807	0.00646	0.00646	0.68346
53	0.01456	0.01098	0.01265	0.01230	0.01473	0.00994	0.00872	0.01767	0.02529	0.03336	0.26741	0.08813	0.25634	0.15481	0.02223	0.00509	0.00648	0.02012	0.01011	0.00907
54	0.02498	0.16399	0.03015	0.01944	0.02555	0.02717	0.01603	0.04350	0.29603	0.04042	0.14945	0.04430	0.04431	0.01517	0.01051	0.00331	0.00857	0.01244	0.00976	0.01491

[dist]
# distance from previous block
# <min> <max>
0	12

[block]
# block no. 1 follows, 12 sequences, length 28
# corresponding to MSA columns:
# 72-99
name=unknown_B
#
# <colnr> <probs for GDERKNQSTAVLIFYWHMCP>
#	G	D	E	R	K	N	Q	S	T	A	V	L	I	F	Y	W	H	M	C	P
0	0.01487	0.01112	0.01379	0.01312	0.01594	0.01005	0.00984	0.01948	0.02953	0.04055	0.44679	0.08667	0.20111	0.02348	0.01287	0.00349	0.00523	0.02045	0.01158	0.01005
1	0.02261	0.01938	0.02261	0.01615	0.02584	0.01453	0.01292	0.02745	0.02261	0.03553	0.01938	0.02261	0.01615	0.00807	0.00807	0.00161	0.00807	0.00646	0.00646	0.68346
2	0.01894	0.00947	0.01420	0.01420	0.01420	0.00947	0.00947	0.01420	0.01420	0.01894	0.01894	0.03314	0.01894	0.03788	0.04261	0.68277	0.00947	0.00947	0.00473	0.00473
3	0.03517	0.02518	0.03049	0.13550	0.09692	0.06732	0.02215	0.12896	0.12179	0.17651	0.03117	0.03176	0.02213	0.01256	0.01086	0.00340	0.01187	0.01031	0.00943	0.01649
4	0.04038	0.02763	0.03114	0.07492	0.12925	0.12976	0.02177	0.08700	0.03104	0.27096	0.03036	0.03020	0.02092	0.01211	0.01070	0.00325	0.01266	0.00976	0.00954	0.01665
5	0.01328	0.00949	0.01265	0.01518	0.01581	0.00886	0.01012	0.01518	0.02088	0.02783	0.06010	0.60969	0.07212	0.03416	0.01392	0.00443	0.00633	0.03100	0.01012	0.00886
6	0.69383	0.02109	0.01603	0.01434	0.02109	0.02446	0.01181	0.03205	0.01856	0.04892	0.01518	0.01771	0.01181	0.01012	0.00675	0.00337	0.00843	0.00590	0.00675	0.01181
7	0.02424	0.02367	0.04127	0.26781	0.23074	0.02563	0.11068	0.03368	0.06918	0.03331	0.02247	0.02946	0.01750	0.01056	0.01121	0.00351	0.01411	0.01047	0.00571	0.01479
8	0.02805	0.03888	0.28717	0.02993	0.04201	0.02348	0.12115	0.07256	0.02775	0.12571	0.07161	0.03210	0.02492	0.01194	0.01120	0.00347	0.01410	0.01064	0.00741	0.01592
9	0.02580	0.01928	0.02294	0.01654	0.02608	0.01472	0.01330	0.03057	0.02365	0.09875	0.02225	0.02437	0.01747	0.00873	0.00843	0.00183	0.00822	0.00701	0.00731	0.60275
10	0.01543	0.01115	0.01457	0.01372	0.01629	0.01029	0.01029	0.02058	0.03086	0.04372	0.54304	0.08145	0.10288	0.02229	0.01286	0.00343	0.00514	0.01972	0.01200	0.01029
11	0.01679	0.02028	0.11448	0.08642	0.02873	0.01451	0.01778	0.02315	0.02734	0.03775	0.31271	0.06850	0.15009	0.01965	0.01218	0.00350	0.00832	0.01695	0.00949	0.01138
12	0.02723	0.01379	0.01815	0.01555	0.02031	0.01226	0.01219	0.03186	0.03053	0.22620	0.33134	0.06735	0.10904	0.01954	0.01218	0.00343	0.00665	0.01683	0.01240	0.01317
13	0.02426	0.03746	0.25739	0.08124	0.08752	0.02598	0.02979	0.04296	0.22047	0.03835	0.02931	0.03081	0.02178	0.01208	0.01073	0.00355	0.01277	0.01002	0.00723	0.01630
14	0.01426	0.01089	0.01204	0.01250	0.01466	0.00990	0.00877	0.01629	0.02173	0.02703	0.07760	0.14267	0.30183	0.21017	0.02632	0.00600	0.00756	0.06229	0.00903	0.00845
15	0.02997	0.49400	0.10341	0.02067	0.03059	0.04024	0.02103	0.09257	0.02586	0.03188	0.01696	0.01911	0.01454	0.00990	0.00781	0.00256	0.01214	0.00654	0.00544	0.01477
16	0.10259	0.02760	0.14494	0.39948	0.06250	0.02449	0.03021	0.02981	0.02167	0.03186	0.01891	0.02638	0.01405	0.01069	0.01028	0.00356	0.01414	0.00888	0.00502	0.01294
17	0.01401	0.01005	0.01330	0.01469	0.01598	0.00934	0.01018	0.01701	0.02425	0.03320	0.22330	0.43117	0.08251	0.03015	0.01356	0.00409	0.00593	0.02719	0.01076	0.00934
18	0.01621	0.01126	0.01542	0.01542	0.01702	0.01255	0.01139	0.01942	0.01781	0.02628	0.03108	0.04869	0.03000	0.18820	0.39372	0.01421	0.02228	0.01239	0.08752	0.00912
19	0.02230	0.01263	0.01551	0.01435	0.01844	0.01103	0.01090	0.02572	0.02684	0.16143	0.16702	0.17471	0.24819	0.02431	0.01259	0.00369	0.00652	0.02086	0.01131	0.01165
20	0.01737	0.01255	0.01567	0.01602	0.01818	0.01235	0.01149	0.07854	0.02734	0.03718	0.18532	0.39546	0.07369	0.02836	0.01326	0.00402	0.00672	0.02534	0.01072	0.01045
21	0.04892	0.01856	0.02530	0.01940	0.02783	0.01603	0.01603	0.05314	0.03121	0.55634	0.04302	0.03711	0.02699	0.01350	0.01096	0.00337	0.00928	0.01096	0.01350	0.01856
22	0.28360	0.02184	0.02422	0.09301	0.07759	0.02422	0.01779	0.13409	0.02793	0.08789	0.02304	0.02593	0.01712	0.01137	0.00894	0.00328	0.01003	0.00843	0.08558	0.01410
23	0.02083	0.01771	0.02305	0.15659	0.03530	0.01616	0.01599	0.02535	0.02113	0.03091	0.02223	0.03346	0.02022	0.12446	0.01778	0.00381	0.01014	0.00904	0.00609	0.38975
24	0.02760	0.02058	0.03338	0.20302	0.24632	0.02142	0.02632	0.03330	0.02467	0.13137	0.02939	0.10206	0.02515	0.01382	0.01125	0.00353	0.01189	0.01260	0.00736	0.01497
25	0.06986	0.25178	0.13973	0.02274	0.03255	0.03396	0.02258	0.14106	0.11233	0.04136	0.02322	0.02428	0.01801	0.01129	0.00915	0.00304	0.01189	0.00820	0.00719	0.01579
26	0.14702	0.09539	0.24525	0.02846	0.04023	0.02622	0.12621	0.03630	0.02371	0.10129	0.02178	0.02459	0.01567	0.01037	0.00997	0.00336	0.01392	0.00880	0.00629	0.01515
27	0.02700	0.12249	0.19030	0.09514	0.04197	0.02545	0.09010	0.03623	0.05462	0.11104	0.07542	0.03260	0.02610	0.01200	0.01062	0.00333	0.01303	0.01038	0.00718	0.01498

[dist]
# distance from previous block
# <min> <max>
8	28

[block]
# block no. 2 follows, 12 sequences, length 24
# corresponding to MSA columns:
# 128-151
name=unknown_C
#
# <colnr> <probs for GDERKNQSTAVLIFYWHMCP>
#	G	D	E	R	K	N	Q	S	T	A	V	L	I	F	Y	W	H	M	C	P
0	0.02509	0.23142	0.19471	0.11823	0.04387	0.03148	0.07125	0.03583	0.08707	0.03195	0.02146	0.02500	0.01671	0.01056	0.00966	0.00316	0.01364	0.00857	0.00557	0.01478
1	0.02116	0.08409	0.02263	0.08842	0.02612	0.01678	0.01428	0.02538	0.04781	0.07570	0.18012	0.10604	0.09493	0.02239	0.01663	0.11399	0.00845	0.01545	0.00879	0.01083
2	0.10651	0.08690	0.17403	0.02475	0.03415	0.06193	0.06750	0.03604	0.02538	0.13219	0.05236	0.04029	0.02669	0.01384	0.01065	0.00350	0.01271	0.06842	0.00770	0.01445
3	0.03227	0.02478	0.07670	0.08768	0.20803	0.02173	0.02500	0.04073	0.07248	0.19450	0.02928	0.03077	0.02106	0.01134	0.01059	0.00322	0.01138	0.00989	0.00837	0.08020
4	0.06736	0.09360	0.02688	0.02287	0.08407	0.01909	0.01648	0.03559	0.02639	0.21402	0.08291	0.09233	0.03737	0.01629	0.01068	0.00339	0.00901	0.05412	0.07321	0.01434
5	0.02025	0.03287	0.24455	0.09484	0.08653	0.02056	0.06170	0.02774	0.02163	0.03053	0.02772	0.10808	0.02663	0.12648	0.01952	0.00492	0.01352	0.01311	0.00584	0.01296
6	0.03066	0.02902	0.10352	0.07636	0.04127	0.08479	0.15649	0.03709	0.02636	0.16461	0.03166	0.11226	0.02633	0.01438	0.01170	0.00357	0.01389	0.01342	0.00804	0.01457
7	0.03104	0.10799	0.23650	0.02507	0.03551	0.09449	0.02624	0.08094	0.02781	0.13033	0.02744	0.08038	0.02223	0.01343	0.01040	0.00330	0.01349	0.01053	0.00747	0.01541
8	0.03586	0.02739	0.15406	0.02208	0.03114	0.01876	0.02140	0.08465	0.02938	0.29861	0.03854	0.12585	0.03035	0.01606	0.01129	0.00356	0.01071	0.01341	0.01055	0.01638
9	0.02501	0.02389	0.04068	0.22910	0.40209	0.02539	0.03248	0.03173	0.02389	0.03322	0.02016	0.02763	0.01642	0.01008	0.01083	0.00336	0.01344	0.00971	0.00523	0.01567
10	0.10598	0.01955	0.03136	0.40079	0.05975	0.02294	0.06920	0.02819	0.02280	0.03302	0.07994	0.03375	0.02464	0.01197	0.01078	0.00358	0.01302	0.01066	0.00598	0.01210
11	0.02353	0.02762	0.10415	0.26917	0.18715	0.02554	0.14160	0.03166	0.02360	0.03221	0.02030	0.02792	0.01560	0.01015	0.01126	0.00352	0.01520	0.01023	0.00511	0.01447
12	0.02097	0.02301	0.08099	0.43162	0.12842	0.02347	0.03004	0.02831	0.02251	0.02957	0.02601	0.03364	0.05246	0.01189	0.01098	0.00357	0.01384	0.01049	0.00527	0.01293
13	0.01512	0.01064	0.01339	0.01351	0.01571	0.00983	0.00982	0.01925	0.02716	0.03827	0.34022	0.20841	0.12911	0.02480	0.01265	0.00362	0.00546	0.02190	0.07129	0.00983
14	0.02472	0.23612	0.03754	0.09303	0.03305	0.02584	0.06261	0.02894	0.02311	0.07802	0.03339	0.18727	0.03384	0.01773	0.01071	0.00343	0.01089	0.03976	0.00736	0.01265
15	0.03190	0.08982	0.21288	0.02519	0.03478	0.08753	0.02599	0.03872	0.02577	0.17502	0.02835	0.03525	0.02201	0.01377	0.01272	0.00351	0.06221	0.05161	0.00768	0.01528
16	0.23127	0.02080	0.02706	0.02130	0.02871	0.02116	0.06223	0.04283	0.02569	0.31122	0.03033	0.02954	0.02044	0.01262	0.01220	0.00353	0.06390	0.00955	0.00998	0.01563
17	0.02187	0.05640	0.56031	0.03108	0.04719	0.02532	0.04029	0.03453	0.02302	0.03453	0.01957	0.02302	0.01381	0.01036	0.01036	0.00345	0.01611	0.00806	0.00460	0.01611
18	0.02837	0.02649	0.07504	0.08807	0.03365	0.09382	0.01987	0.08101	0.12457	0.10263	0.03747	0.17230	0.03405	0.01787	0.01149	0.00365	0.01132	0.01508	0.00908	0.01417
19	0.02734	0.10058	0.08531	0.13473	0.08825	0.02452	0.09434	0.03569	0.06658	0.11570	0.02994	0.09664	0.02519	0.01374	0.01101	0.00348	0.01245	0.01242	0.00746	0.01464
20	0.02093	0.01023	0.01499	0.01473	0.01549	0.00996	0.01008	0.01755	0.01623	0.06464	0.02466	0.08540	0.02440	0.03551	0.03738	0.56491	0.00917	0.01153	0.00595	0.00626
21	0.01342	0.00993	0.01254	0.01429	0.01566	0.00905	0.00980	0.01578	0.02254	0.02963	0.11496	0.46826	0.16054	0.03185	0.01363	0.00420	0.00607	0.02848	0.01030	0.00905
22	0.02962	0.02537	0.08811	0.10509	0.09091	0.02181	0.17703	0.03688	0.02691	0.16943	0.08729	0.03659	0.02883	0.01219	0.01171	0.00350	0.01331	0.01204	0.00815	0.01522
23	0.03025	0.08541	0.22902	0.03165	0.09779	0.02522	0.07193	0.08076	0.02723	0.13972	0.02559	0.02931	0.01893	0.04393	0.01298	0.00371	0.01355	0.00966	0.00723	0.01613

[dist]
# distance from previous block
# <min> <max>
10	88

[block]
# block no. 3 follows, 12 sequences, length 27
# corresponding to MSA columns:
# 241-267
name=unknown_D
#
# <colnr> <probs for GDERKNQSTAVLIFYWHMCP>
#	G	D	E	R	K	N	Q	S	T	A	V	L	I	F	Y	W	H	M	C	P
0	0.36413	0.01791	0.01687	0.01607	0.02080	0.01983	0.01264	0.07412	0.02286	0.04277	0.03187	0.16067	0.03286	0.05696	0.01277	0.00424	0.00865	0.06444	0.00824	0.01131
1	0.08570	0.02209	0.02098	0.05721	0.02558	0.12171	0.01522	0.07887	0.02398	0.03125	0.02590	0.04436	0.02518	0.09453	0.02554	0.20362	0.01213	0.06965	0.00669	0.00980
2	0.01423	0.01010	0.01323	0.01465	0.01553	0.00981	0.00986	0.01638	0.02085	0.02830	0.11059	0.39312	0.06554	0.14196	0.07692	0.00671	0.00922	0.02500	0.00929	0.00871
3	0.02942	0.02336	0.04255	0.08917	0.14341	0.02288	0.19707	0.03690	0.05634	0.13457	0.02665	0.03147	0.01981	0.01348	0.01476	0.07108	0.01372	0.01122	0.00725	0.01489
4	0.26903	0.02399	0.02626	0.08138	0.09398	0.06035	0.01892	0.09118	0.02726	0.17280	0.02453	0.02588	0.01743	0.01140	0.00937	0.00333	0.01095	0.00851	0.00847	0.01499
5	0.01652	0.01228	0.01618	0.01747	0.01963	0.01256	0.01355	0.02290	0.07359	0.03279	0.11583	0.26890	0.06393	0.03522	0.08128	0.00599	0.01029	0.16084	0.00992	0.01034
6	0.01811	0.01169	0.01431	0.01460	0.01773	0.01042	0.01107	0.02125	0.02489	0.09383	0.11041	0.24550	0.25207	0.02779	0.01323	0.00402	0.00676	0.08125	0.01065	0.01041
7	0.02845	0.31496	0.10321	0.02751	0.09297	0.03456	0.02320	0.03595	0.07287	0.06318	0.02084	0.02359	0.01714	0.01153	0.01213	0.00308	0.08594	0.00798	0.00595	0.01497
8	0.02490	0.02148	0.02279	0.02018	0.02643	0.02356	0.01570	0.04946	0.41212	0.04255	0.04956	0.04642	0.09295	0.01559	0.01098	0.00346	0.00819	0.01296	0.01046	0.09024
9	0.01404	0.01109	0.01265	0.01226	0.01544	0.00970	0.00920	0.01789	0.02759	0.03594	0.30720	0.09425	0.34357	0.02519	0.01287	0.00357	0.00535	0.02151	0.01098	0.00970
10	0.01317	0.00993	0.01219	0.01400	0.01550	0.00896	0.00960	0.01532	0.02201	0.02830	0.07450	0.46537	0.20715	0.03229	0.01362	0.00421	0.00610	0.02871	0.01012	0.00896
11	0.55825	0.02055	0.01798	0.01540	0.02250	0.02269	0.01269	0.03648	0.02122	0.15559	0.02103	0.02179	0.01500	0.01083	0.00763	0.00337	0.00861	0.00697	0.00817	0.01323
12	0.04073	0.05197	0.03090	0.02809	0.03371	0.57303	0.02107	0.04354	0.03090	0.02669	0.01685	0.01966	0.01404	0.01124	0.00983	0.00281	0.01966	0.00702	0.00562	0.01264
13	0.01324	0.00966	0.01247	0.01472	0.01569	0.00889	0.00992	0.01523	0.02132	0.02801	0.06569	0.55366	0.12454	0.03343	0.01380	0.00435	0.00624	0.03011	0.01012	0.00889
14	0.02464	0.03706	0.20499	0.04174	0.05421	0.02694	0.37622	0.03481	0.02497	0.03481	0.02135	0.02760	0.01577	0.00952	0.01216	0.00361	0.01774	0.01150	0.00526	0.01511
15	0.01361	0.01015	0.01267	0.01399	0.01567	0.00921	0.00975	0.01633	0.02369	0.03127	0.16478	0.39628	0.18195	0.03042	0.01349	0.00407	0.00592	0.02705	0.01049	0.00921
16	0.03063	0.02541	0.03514	0.24462	0.15759	0.02858	0.02697	0.23105	0.03472	0.04653	0.02245	0.02743	0.01678	0.01156	0.01088	0.00340	0.01314	0.00975	0.00749	0.01588
17	0.01373	0.01061	0.01253	0.01304	0.01550	0.00941	0.00940	0.01690	0.02536	0.03300	0.21767	0.24987	0.27769	0.02807	0.01319	0.00383	0.00566	0.02448	0.01066	0.00941
18	0.03136	0.02982	0.09193	0.02425	0.03248	0.02918	0.02121	0.20979	0.30551	0.05214	0.03520	0.03362	0.02592	0.01368	0.01094	0.00352	0.01068	0.01096	0.01025	0.01756
19	0.03747	0.04630	0.03241	0.08463	0.08921	0.46683	0.02317	0.04106	0.02944	0.02769	0.01746	0.02128	0.01441	0.01105	0.01003	0.00293	0.01851	0.00754	0.00552	0.01306
20	0.01406	0.01109	0.01267	0.01228	0.01545	0.00970	0.00921	0.01792	0.02762	0.03603	0.30967	0.09412	0.34106	0.02516	0.01287	0.00357	0.00535	0.02150	0.01099	0.00970
21	0.02385	0.02385	0.03340	0.02863	0.02863	0.03340	0.02385	0.02624	0.01670	0.02624	0.01431	0.02385	0.01431	0.01908	0.03578	0.00477	0.59685	0.00954	0.00477	0.01193
22	0.01401	0.01094	0.01270	0.01257	0.01549	0.00963	0.00931	0.01770	0.02703	0.03537	0.28954	0.14220	0.31258	0.02596	0.01297	0.00364	0.00544	0.02236	0.01092	0.00963
23	0.02059	0.01938	0.03270	0.59060	0.07510	0.02422	0.03028	0.02786	0.02180	0.02786	0.01938	0.02907	0.01453	0.01090	0.01090	0.00363	0.01453	0.00969	0.00484	0.01211
24	0.01516	0.01116	0.01607	0.01656	0.01808	0.01243	0.01232	0.01831	0.01802	0.02543	0.03566	0.15527	0.03706	0.12056	0.41862	0.01436	0.02310	0.01580	0.00674	0.00928
25	0.02187	0.05640	0.56031	0.03108	0.04719	0.02532	0.04029	0.03453	0.02302	0.03453	0.01957	0.02302	0.01381	0.01036	0.01036	0.00345	0.01611	0.00806	0.00460	0.01611
26	0.09577	0.56300	0.05302	0.01822	0.02729	0.04127	0.01797	0.03259	0.02179	0.02799	0.01516	0.01751	0.01377	0.00941	0.00697	0.00244	0.01134	0.00584	0.00487	0.01377

[dist]
# distance from previous block
# <min> <max>
6	32

[block]
# block no. 4 follows, 12 sequences, length 37
# corresponding to MSA columns:
# 300-336
name=unknown_E
#
# <colnr> <probs for GDERKNQSTAVLIFYWHMCP>
#	G	D	E	R	K	N	Q	S	T	A	V	L	I	F	Y	W	H	M	C	P
0	0.02524	0.02926	0.08521	0.12102	0.04185	0.07648	0.08650	0.03376	0.08339	0.03079	0.02051	0.02702	0.01689	0.01449	0.02121	0.00402	0.25324	0.00997	0.00571	0.01342
1	0.08068	0.01944	0.02376	0.11070	0.03350	0.01859	0.01649	0.03464	0.09563	0.09878	0.02776	0.06091	0.02246	0.01180	0.00954	0.00276	0.00928	0.00971	0.00794	0.30566
2	0.01514	0.01041	0.01196	0.01243	0.01285	0.01014	0.00739	0.01571	0.01752	0.02306	0.04537	0.17368	0.08710	0.46066	0.04431	0.00887	0.00937	0.01924	0.00755	0.00724
3	0.04816	0.01978	0.02606	0.01998	0.02845	0.01785	0.01651	0.10016	0.03326	0.50642	0.04129	0.03599	0.02613	0.01345	0.01096	0.00336	0.00956	0.01085	0.01323	0.01855
4	0.07750	0.01462	0.01758	0.01488	0.02026	0.01353	0.01185	0.03592	0.02736	0.25527	0.11724	0.04865	0.07841	0.01544	0.01013	0.00317	0.00710	0.01262	0.20474	0.01371
5	0.69383	0.02109	0.01603	0.01434	0.02109	0.02446	0.01181	0.03205	0.01856	0.04892	0.01518	0.01771	0.01181	0.01012	0.00675	0.00337	0.00843	0.00590	0.00675	0.01181
6	0.01775	0.01166	0.01464	0.01451	0.01755	0.01052	0.01105	0.02159	0.02693	0.08400	0.24690	0.18457	0.19794	0.02582	0.01311	0.00384	0.00636	0.06964	0.01111	0.01050
7	0.02280	0.01874	0.02123	0.02073	0.02521	0.02089	0.01643	0.04303	0.32959	0.03987	0.04995	0.13556	0.04612	0.02136	0.01251	0.00414	0.00871	0.13817	0.01069	0.01426
8	0.01346	0.00985	0.01266	0.01453	0.01573	0.00905	0.00992	0.01580	0.02240	0.02970	0.11682	0.49378	0.13191	0.03213	0.01368	0.00423	0.00611	0.02886	0.01032	0.00905
9	0.14367	0.17974	0.19450	0.09119	0.03915	0.03075	0.02570	0.11008	0.02645	0.03960	0.01878	0.02198	0.01436	0.01057	0.00906	0.00316	0.01284	0.00762	0.00604	0.01476
10	0.07772	0.03395	0.11779	0.14190	0.09598	0.09368	0.02651	0.20084	0.03346	0.04531	0.02131	0.02496	0.01585	0.01144	0.01039	0.00332	0.01393	0.00889	0.00720	0.01557
11	0.01405	0.01038	0.01314	0.01395	0.01582	0.00947	0.00989	0.01734	0.02538	0.03424	0.25507	0.32373	0.16036	0.02851	0.01334	0.00392	0.00574	0.02534	0.01085	0.00947
12	0.03845	0.02679	0.03026	0.05950	0.03419	0.02918	0.01988	0.38848	0.04542	0.11370	0.07584	0.03265	0.02705	0.01385	0.01110	0.00332	0.01124	0.01085	0.01089	0.01736
13	0.09564	0.01742	0.02228	0.01771	0.02505	0.01558	0.01446	0.04507	0.02954	0.42085	0.09043	0.04571	0.08075	0.01530	0.01096	0.00341	0.00850	0.01244	0.01250	0.01641
14	0.02770	0.02418	0.02863	0.02457	0.02726	0.07799	0.02005	0.07113	0.02344	0.08450	0.02983	0.03509	0.07265	0.02330	0.07045	0.00525	0.32321	0.01107	0.00693	0.01278
15	0.02712	0.02342	0.02465	0.02219	0.02835	0.02712	0.01726	0.05794	0.52909	0.04561	0.04438	0.04068	0.03328	0.01479	0.01109	0.00370	0.00863	0.01233	0.01109	0.01726
16	0.01522	0.01114	0.01428	0.01350	0.01616	0.01020	0.01012	0.02017	0.03037	0.04255	0.50749	0.08338	0.13916	0.02273	0.01286	0.00345	0.00518	0.01999	0.01185	0.01020
17	0.03034	0.56487	0.05445	0.01962	0.02857	0.09740	0.01890	0.03376	0.02305	0.02576	0.01533	0.01771	0.01400	0.00952	0.00729	0.00238	0.01248	0.00595	0.00476	0.01385
18	0.02919	0.16126	0.25693	0.03191	0.10061	0.02760	0.06912	0.03740	0.02476	0.12697	0.02320	0.02542	0.01687	0.01054	0.01003	0.00320	0.01377	0.00871	0.00639	0.01614
19	0.03233	0.17899	0.09206	0.02709	0.08393	0.09445	0.02195	0.11241	0.06416	0.09750	0.02705	0.07321	0.02265	0.01320	0.01000	0.00313	0.01235	0.01034	0.00775	0.01544
20	0.69383	0.02109	0.01603	0.01434	0.02109	0.02446	0.01181	0.03205	0.01856	0.04892	0.01518	0.01771	0.01181	0.01012	0.00675	0.00337	0.00843	0.00590	0.00675	0.01181
21	0.03129	0.03130	0.08667	0.22747	0.12352	0.14645	0.02713	0.03744	0.02611	0.12473	0.02326	0.02748	0.01700	0.01122	0.01060	0.00333	0.01467	0.00916	0.00663	0.01456
22	0.02436	0.03855	0.30412	0.11706	0.04509	0.02185	0.03025	0.03360	0.02350	0.08251	0.02169	0.02522	0.01569	0.01023	0.00999	0.00306	0.01341	0.00823	0.00589	0.16568
23	0.04238	0.09283	0.02966	0.02026	0.02845	0.02261	0.01695	0.09131	0.11239	0.36786	0.03844	0.03439	0.02572	0.01317	0.01051	0.00329	0.00969	0.01047	0.01182	0.01780
24	0.01586	0.01057	0.01189	0.01189	0.01189	0.01057	0.00661	0.01586	0.01586	0.02114	0.03436	0.07135	0.03964	0.61681	0.05550	0.01057	0.01057	0.01586	0.00661	0.00661
25	0.01963	0.01525	0.01762	0.01598	0.01997	0.01551	0.01227	0.06993	0.13065	0.04411	0.33370	0.07211	0.14857	0.02081	0.01234	0.00351	0.00649	0.01789	0.01144	0.01222
26	0.02500	0.02151	0.02518	0.02602	0.08852	0.02394	0.01794	0.04827	0.37883	0.04407	0.13146	0.04639	0.04392	0.01554	0.01138	0.00359	0.00852	0.01335	0.01058	0.01600
27	0.16624	0.03161	0.03334	0.02969	0.07842	0.15310	0.09077	0.12395	0.08179	0.07369	0.02361	0.02567	0.01777	0.01141	0.01013	0.00329	0.01357	0.00916	0.00777	0.01504
28	0.26048	0.12129	0.07055	0.02055	0.02834	0.13905	0.01807	0.03987	0.07577	0.10014	0.02219	0.02318	0.01677	0.01113	0.00865	0.00314	0.01196	0.00756	0.00728	0.01402
29	0.02428	0.01744	0.02348	0.01911	0.02512	0.01588	0.05242	0.08479	0.02909	0.09493	0.17009	0.14670	0.05086	0.01783	0.01143	0.00315	0.00839	0.01581	0.00980	0.17940
30	0.02055	0.01163	0.01545	0.01615	0.01834	0.01081	0.01168	0.02302	0.02266	0.12294	0.05364	0.38218	0.05894	0.09973	0.01851	0.00505	0.00782	0.08013	0.01030	0.01048
31	0.03071	0.03751	0.18821	0.08045	0.11853	0.09560	0.09627	0.08621	0.02845	0.09922	0.02317	0.02655	0.01685	0.01091	0.01088	0.00336	0.01506	0.00949	0.00671	0.01587
32	0.01843	0.01934	0.08513	0.18182	0.03779	0.01708	0.02046	0.02596	0.06230	0.03150	0.04017	0.24179	0.04122	0.02104	0.01198	0.00392	0.01023	0.05550	0.06283	0.01153
33	0.01466	0.01058	0.01367	0.01563	0.01699	0.01006	0.01144	0.01724	0.02179	0.02845	0.06168	0.36576	0.11536	0.10222	0.01909	0.00524	0.00772	0.14382	0.00968	0.00893
34	0.02278	0.02055	0.03271	0.53124	0.07076	0.02523	0.02928	0.07872	0.02489	0.03215	0.02009	0.02877	0.01496	0.01113	0.01090	0.00360	0.01427	0.00970	0.00548	0.01279
35	0.02699	0.02591	0.04426	0.06693	0.54879	0.02591	0.03346	0.03346	0.02483	0.03562	0.02051	0.02699	0.01727	0.00972	0.01079	0.00324	0.01295	0.00972	0.00540	0.01727
36	0.03752	0.02150	0.02878	0.08585	0.09540	0.02173	0.02010	0.12877	0.07394	0.26785	0.07466	0.03690	0.02954	0.01350	0.01109	0.00340	0.01038	0.01128	0.01083	0.01696

[dist]
# distance from previous block
# <min> <max>
0	33

[block]
# block no. 5 follows, 12 sequences, length 21
# corresponding to MSA columns:
# 370-390
name=unknown_F
#
# <colnr> <probs for GDERKNQSTAVLIFYWHMCP>
#	G	D	E	R	K	N	Q	S	T	A	V	L	I	F	Y	W	H	M	C	P
0	0.02605	0.01426	0.01842	0.01661	0.02072	0.01335	0.01265	0.06783	0.02973	0.18086	0.22537	0.21739	0.06647	0.02257	0.01249	0.00369	0.00717	0.01979	0.01178	0.01280
1	0.02627	0.07580	0.07103	0.02664	0.10398	0.02186	0.01952	0.03843	0.15938	0.10762	0.13195	0.09525	0.04355	0.01623	0.01120	0.00346	0.00937	0.01396	0.00955	0.01495
2	0.01328	0.00949	0.01265	0.01518	0.01581	0.00886	0.01012	0.01518	0.02088	0.02783	0.06010	0.60969	0.07212	0.03416	0.01392	0.00443	0.00633	0.03100	0.01012	0.00886
3	0.02789	0.10478	0.14258	0.16784	0.04847	0.02963	0.08839	0.14582	0.06700	0.04063	0.02267	0.02669	0.01690	0.01118	0.01058	0.00336	0.01395	0.00953	0.00674	0.01534
4	0.15533	0.10847	0.13460	0.20697	0.13254	0.02729	0.02753	0.03153	0.02195	0.03427	0.01822	0.02380	0.01425	0.01024	0.00944	0.00331	0.01299	0.00813	0.00524	0.01393
5	0.01749	0.01098	0.01392	0.01485	0.01643	0.01031	0.01030	0.01947	0.02121	0.07391	0.05563	0.33669	0.09522	0.18058	0.02432	0.00590	0.00796	0.06601	0.00952	0.00928
6	0.16439	0.02069	0.02290	0.01834	0.02554	0.02119	0.01502	0.16205	0.03254	0.24869	0.03218	0.03123	0.02211	0.01262	0.00959	0.00321	0.00911	0.00958	0.12315	0.01586
7	0.01715	0.01108	0.01421	0.01389	0.01636	0.01009	0.01013	0.01992	0.02583	0.06712	0.27832	0.16671	0.16444	0.02684	0.01690	0.09434	0.00625	0.02034	0.01045	0.00962
8	0.01558	0.01168	0.01752	0.01752	0.01947	0.01363	0.01363	0.01947	0.01752	0.02531	0.02921	0.04283	0.02726	0.08178	0.57360	0.01752	0.02921	0.01168	0.00584	0.00974
9	0.01551	0.01043	0.01199	0.01233	0.01242	0.01034	0.00708	0.01577	0.01653	0.02204	0.03779	0.14323	0.04398	0.53902	0.04995	0.00975	0.01000	0.01788	0.00708	0.00691
10	0.02915	0.62337	0.05714	0.01866	0.02799	0.04314	0.01866	0.03265	0.02215	0.02565	0.01516	0.01749	0.01399	0.00933	0.00700	0.00233	0.01166	0.00583	0.00466	0.01399
11	0.02605	0.01756	0.02085	0.01832	0.02329	0.01814	0.01448	0.09431	0.15333	0.11497	0.26166	0.06156	0.06306	0.01868	0.01208	0.00357	0.00769	0.04459	0.01172	0.01407
12	0.45106	0.17082	0.09261	0.01743	0.02595	0.02908	0.01695	0.03250	0.01997	0.04154	0.01571	0.01831	0.01258	0.00996	0.00725	0.00313	0.01015	0.00615	0.00598	0.01286
13	0.03221	0.02452	0.08952	0.05670	0.03157	0.02141	0.01935	0.10896	0.13799	0.18584	0.04191	0.04049	0.07107	0.01436	0.01077	0.00341	0.00997	0.01166	0.07236	0.01595
14	0.02542	0.13045	0.20962	0.02880	0.10859	0.02421	0.02562	0.03239	0.02302	0.07142	0.02209	0.02817	0.01818	0.06625	0.01368	0.00355	0.01237	0.00858	0.00594	0.14168
15	0.02394	0.02032	0.08537	0.06143	0.02710	0.01697	0.01681	0.06408	0.05647	0.10147	0.03688	0.10085	0.03571	0.23081	0.02735	0.00622	0.01096	0.05704	0.00836	0.01186
16	0.01819	0.01369	0.02113	0.02819	0.15185	0.01337	0.01594	0.01962	0.02024	0.02763	0.03978	0.31787	0.04492	0.02882	0.02022	0.17197	0.00880	0.02022	0.00758	0.00999
17	0.02790	0.06870	0.14879	0.11334	0.04140	0.08950	0.07002	0.03486	0.02600	0.11110	0.06086	0.04295	0.02837	0.01424	0.01128	0.00355	0.01370	0.07206	0.00739	0.01400
18	0.02582	0.01845	0.02302	0.07042	0.02942	0.01649	0.01500	0.03272	0.08453	0.09992	0.02538	0.02867	0.01985	0.01383	0.01369	0.09322	0.00908	0.00845	0.00754	0.36451
19	0.07670	0.06949	0.07493	0.03213	0.16143	0.02397	0.02212	0.06586	0.02438	0.03694	0.02175	0.06154	0.01941	0.01199	0.01184	0.00296	0.06305	0.00946	0.00635	0.20371
20	0.12222	0.03279	0.14226	0.18428	0.04568	0.09215	0.02580	0.07926	0.06363	0.07771	0.02280	0.02625	0.01664	0.01140	0.01009	0.00341	0.01358	0.00879	0.00682	0.01444

[dist]
# distance from previous block
# <min> <max>
5	27

[block]
# block no. 6 follows, 12 sequences, length 17
# corresponding to MSA columns:
# 421-437
name=unknown_G
#
# <colnr> <probs for GDERKNQSTAVLIFYWHMCP>
#	G	D	E	R	K	N	Q	S	T	A	V	L	I	F	Y	W	H	M	C	P
0	0.09588	0.15368	0.06903	0.02071	0.02885	0.02756	0.01879	0.17049	0.03274	0.13749	0.07518	0.03693	0.02890	0.01389	0.01011	0.00324	0.01063	0.04121	0.00924	0.01543
1	0.02802	0.01879	0.02342	0.07219	0.02996	0.01805	0.01645	0.11931	0.02990	0.12671	0.06141	0.10204	0.05754	0.01685	0.01118	0.00326	0.00941	0.06645	0.00951	0.17957
2	0.02705	0.15400	0.13978	0.06406	0.03733	0.02790	0.07998	0.08549	0.02645	0.07416	0.05831	0.03036	0.02319	0.01859	0.06396	0.00462	0.05370	0.00992	0.00674	0.01441
3	0.09467	0.07260	0.19375	0.02583	0.03655	0.02404	0.08067	0.04255	0.08180	0.19699	0.02913	0.02920	0.02018	0.01159	0.01036	0.00340	0.01242	0.00964	0.00837	0.01628
4	0.01768	0.00947	0.01386	0.01442	0.01456	0.00933	0.00961	0.01442	0.01569	0.02092	0.02809	0.16130	0.03076	0.03705	0.03623	0.53198	0.00877	0.01425	0.00593	0.00565
5	0.02715	0.35718	0.04129	0.07418	0.02990	0.03063	0.01759	0.03109	0.02395	0.08730	0.08239	0.09677	0.03210	0.01427	0.00928	0.00294	0.01034	0.01125	0.00711	0.01331
6	0.03902	0.16664	0.06975	0.02076	0.02908	0.08733	0.01851	0.04333	0.02777	0.29785	0.03296	0.06838	0.02458	0.01344	0.01006	0.00314	0.01132	0.01046	0.00966	0.01597
7	0.01889	0.01115	0.01516	0.01564	0.01767	0.01041	0.01142	0.02118	0.02378	0.08924	0.16237	0.30168	0.06599	0.02930	0.01737	0.09668	0.00716	0.06491	0.01018	0.00981
8	0.01600	0.01091	0.01323	0.01402	0.01464	0.01085	0.00937	0.01729	0.01838	0.02432	0.04196	0.13327	0.04782	0.43181	0.04261	0.00876	0.01006	0.11942	0.00770	0.00758
9	0.08542	0.02382	0.13862	0.07629	0.03113	0.01769	0.02056	0.05703	0.02377	0.03474	0.04009	0.26776	0.04284	0.02232	0.01205	0.00402	0.01033	0.07157	0.00809	0.01188
10	0.02423	0.01848	0.02173	0.01597	0.02494	0.01416	0.01277	0.02881	0.02367	0.08599	0.03068	0.03215	0.06929	0.01053	0.00883	0.00199	0.00794	0.00853	0.00751	0.55179
11	0.40506	0.02278	0.05997	0.01746	0.02553	0.02140	0.01549	0.04004	0.02357	0.23570	0.02581	0.02529	0.01758	0.01139	0.00858	0.00338	0.00932	0.00794	0.00909	0.01463
12	0.02088	0.01908	0.02262	0.11350	0.08076	0.06884	0.01719	0.02822	0.08104	0.03360	0.16290	0.05561	0.09450	0.09143	0.05856	0.00532	0.01163	0.01439	0.00823	0.01169
13	0.02950	0.02293	0.02930	0.08987	0.03377	0.02747	0.02086	0.14624	0.08554	0.09248	0.08243	0.03456	0.02850	0.01605	0.01932	0.00388	0.20294	0.01120	0.00858	0.01457
14	0.03459	0.09483	0.08426	0.02251	0.03153	0.02339	0.05533	0.12456	0.03169	0.20827	0.08593	0.03438	0.02922	0.01275	0.01050	0.00310	0.01082	0.01054	0.00968	0.08214
15	0.07552	0.19865	0.08784	0.08379	0.03495	0.02798	0.02051	0.08792	0.02673	0.12128	0.02251	0.02433	0.01686	0.01055	0.00900	0.00282	0.01128	0.00787	0.00724	0.12237
16	0.20219	0.02749	0.08652	0.09805	0.03527	0.08193	0.01997	0.03859	0.02488	0.18497	0.02478	0.02610	0.01741	0.01114	0.00941	0.00318	0.01161	0.00829	0.00801	0.08022

[dist]
# distance from previous block
# <min> <max>
0	83

[block]
# block no. 7 follows, 12 sequences, length 29
# corresponding to MSA columns:
# 521-549
name=unknown_H
#
# <colnr> <probs for GDERKNQSTAVLIFYWHMCP>
#	G	D	E	R	K	N	Q	S	T	A	V	L	I	F	Y	W	H	M	C	P
0	0.02900	0.06528	0.03315	0.02689	0.07417	0.02344	0.08588	0.10777	0.10841	0.10580	0.14056	0.04135	0.03922	0.01397	0.01117	0.00326	0.01036	0.01240	0.00953	0.05839
1	0.13255	0.01876	0.02608	0.08888	0.03237	0.01907	0.05772	0.03482	0.02608	0.19074	0.13870	0.04025	0.03712	0.01420	0.01228	0.00342	0.04740	0.01169	0.00938	0.05850
2	0.02612	0.02595	0.09082	0.11092	0.03604	0.06122	0.02223	0.10205	0.02622	0.07228	0.02813	0.10692	0.02550	0.02625	0.09853	0.00582	0.10194	0.01255	0.00726	0.01326
3	0.02227	0.01957	0.02730	0.25361	0.04575	0.02160	0.02148	0.05902	0.05711	0.03341	0.02593	0.09759	0.02336	0.01414	0.01283	0.00331	0.06404	0.01163	0.00668	0.17937
4	0.07655	0.02014	0.02955	0.25875	0.04603	0.02621	0.02415	0.02648	0.01908	0.02865	0.01848	0.02805	0.01593	0.02336	0.09517	0.00589	0.23111	0.00959	0.00511	0.01170
5	0.02967	0.08393	0.09270	0.03305	0.04097	0.10398	0.18239	0.10658	0.02784	0.03629	0.01953	0.02485	0.01558	0.01228	0.01632	0.00360	0.14002	0.00988	0.00604	0.01449
6	0.01635	0.01230	0.01745	0.09223	0.02409	0.01390	0.01323	0.01924	0.01747	0.02409	0.02982	0.05168	0.03019	0.27275	0.30405	0.01306	0.02026	0.01298	0.00599	0.00888
7	0.01426	0.01046	0.01348	0.01487	0.01660	0.00969	0.01081	0.01741	0.02428	0.03239	0.18082	0.35838	0.14156	0.02999	0.01367	0.00416	0.00639	0.08084	0.01056	0.00938
8	0.01343	0.00976	0.01267	0.01471	0.01576	0.00900	0.00998	0.01566	0.02203	0.02927	0.10394	0.52383	0.11445	0.03263	0.01374	0.00428	0.00616	0.02940	0.01028	0.00900
9	0.02464	0.02390	0.07519	0.03300	0.07895	0.02202	0.19357	0.03123	0.02395	0.07048	0.02977	0.07542	0.02602	0.01468	0.01458	0.00372	0.08335	0.05041	0.11165	0.01348
10	0.02261	0.01938	0.02261	0.01615	0.02584	0.01453	0.01292	0.02745	0.02261	0.03553	0.01938	0.02261	0.01615	0.00807	0.00807	0.00161	0.00807	0.00646	0.00646	0.68346
11	0.02109	0.01253	0.01563	0.01405	0.01805	0.01108	0.01082	0.02539	0.02924	0.13724	0.32662	0.07960	0.21223	0.02211	0.01251	0.00349	0.00604	0.01898	0.01176	0.01156
12	0.09485	0.15764	0.03491	0.02212	0.03028	0.03365	0.01876	0.27221	0.13874	0.05285	0.02647	0.02645	0.01993	0.01234	0.00972	0.00316	0.01092	0.00910	0.00921	0.01668
13	0.52182	0.01952	0.01672	0.01465	0.02126	0.02144	0.01197	0.03301	0.02108	0.11731	0.03055	0.03093	0.07814	0.01270	0.00808	0.00341	0.00820	0.00867	0.00810	0.01244
14	0.02698	0.03218	0.14251	0.16526	0.04766	0.06235	0.08858	0.13105	0.06567	0.03966	0.02612	0.07510	0.02150	0.01323	0.01123	0.00354	0.01408	0.01155	0.00705	0.01471
15	0.02568	0.01343	0.01808	0.01779	0.02132	0.01256	0.01414	0.02916	0.02480	0.18391	0.05076	0.18961	0.05105	0.10470	0.01905	0.00516	0.00913	0.18725	0.01061	0.01184
16	0.06607	0.02064	0.02277	0.13930	0.07610	0.09796	0.01814	0.02566	0.02275	0.02936	0.04036	0.10322	0.09862	0.09472	0.05596	0.00546	0.01297	0.05199	0.00703	0.01092
17	0.01558	0.01168	0.01752	0.01752	0.01947	0.01363	0.01363	0.01947	0.01752	0.02531	0.02921	0.04283	0.02726	0.08178	0.57360	0.01752	0.02921	0.01168	0.00584	0.00974
18	0.02237	0.02431	0.09725	0.02182	0.02741	0.02254	0.01919	0.03938	0.24880	0.03987	0.14480	0.09172	0.04630	0.01788	0.01458	0.00380	0.07966	0.01451	0.00954	0.01428
19	0.02145	0.02025	0.03425	0.52041	0.13859	0.02445	0.03071	0.02861	0.02221	0.02890	0.01953	0.02879	0.01490	0.01074	0.01089	0.00358	0.01432	0.00969	0.00492	0.01280
20	0.02090	0.01942	0.03246	0.47530	0.12689	0.02317	0.02886	0.02788	0.02299	0.03023	0.06687	0.03355	0.02285	0.01179	0.01107	0.00357	0.01350	0.01060	0.00556	0.01257
21	0.28640	0.02282	0.02329	0.01914	0.02665	0.02472	0.01563	0.14379	0.10860	0.18181	0.02918	0.02805	0.02047	0.01234	0.00939	0.00340	0.00944	0.00903	0.01003	0.01581
22	0.03514	0.10405	0.03792	0.08383	0.21518	0.02644	0.02436	0.10968	0.02997	0.18677	0.02695	0.02865	0.01956	0.01134	0.01036	0.00319	0.01172	0.00956	0.00838	0.01696
23	0.06655	0.03075	0.18933	0.14090	0.15179	0.02223	0.02908	0.03182	0.02379	0.07151	0.03093	0.04044	0.05690	0.01352	0.01097	0.00359	0.01287	0.05209	0.00647	0.01447
