[name]
unknown

[dist]
# distance from previous block
# <min> <max>
0	44

[block]
# block no. 0 follows, 12 sequences, length 35
# corresponding to MSA columns:
# 44-78
name=unknown_A
#
# <colnr> <probs for GDERKNQSTAVLIFYWHMCP>
#	G	D	E	R	K	N	Q	S	T	A	V	L	I	F	Y	W	H	M	C	P
0	0.02854	0.05926	0.02700	0.10136	0.07734	0.01831	0.01879	0.03367	0.02669	0.17888	0.10974	0.05337	0.03965	0.01606	0.01133	0.00342	0.00988	0.09030	0.00940	0.08700
1	0.02702	0.07303	0.03379	0.02404	0.03144	0.02083	0.12704	0.03596	0.09420	0.12411	0.11919	0.08142	0.03904	0.01458	0.01121	0.00324	0.01039	0.01346	0.00910	0.10692
2	0.01523	0.01090	0.01368	0.01449	0.01590	0.01018	0.00982	0.01729	0.02070	0.02816	0.09255	0.32380	0.06042	0.20504	0.02591	0.00601	0.00788	0.05548	0.00897	0.05759
3	0.02957	0.36936	0.04407	0.02042	0.02863	0.03694	0.01837	0.08412	0.19450	0.03620	0.02593	0.02603	0.02086	0.01150	0.00872	0.00287	0.01068	0.00836	0.00738	0.01549
4	0.02730	0.28047	0.16405	0.02098	0.03193	0.02916	0.02202	0.03337	0.02321	0.07327	0.01957	0.02174	0.01557	0.00958	0.00840	0.00249	0.01157	0.00694	0.00584	0.19255
5	0.03034	0.07748	0.21456	0.03061	0.07781	0.02726	0.07087	0.11621	0.10110	0.10581	0.02706	0.02828	0.01950	0.01159	0.01065	0.00338	0.01319	0.00971	0.00779	0.01678
6	0.02869	0.11781	0.08641	0.02081	0.02808	0.02440	0.01856	0.07464	0.17459	0.12325	0.06874	0.11898	0.03603	0.01641	0.01086	0.00346	0.00971	0.01362	0.00967	0.01527
7	0.13037	0.03080	0.13547	0.05205	0.37327	0.02557	0.03134	0.03344	0.02351	0.03750	0.01950	0.02480	0.01578	0.00990	0.01008	0.00330	0.01283	0.00881	0.00546	0.01620
8	0.08138	0.07503	0.08045	0.07028	0.07332	0.02605	0.05739	0.13524	0.06376	0.18657	0.02857	0.02910	0.02005	0.01187	0.01042	0.00333	0.01184	0.00976	0.00904	0.01655
9	0.02590	0.02479	0.04229	0.15620	0.46804	0.02562	0.03292	0.03251	0.02431	0.03430	0.02032	0.02734	0.01680	0.00992	0.01081	0.00331	0.01322	0.00971	0.00530	0.01639
10	0.01730	0.01143	0.01419	0.01383	0.01681	0.01021	0.01023	0.02104	0.02717	0.08249	0.28047	0.19631	0.20670	0.02545	0.01292	0.00370	0.00587	0.02221	0.01124	0.01044
11	0.01754	0.01332	0.01932	0.06910	0.10683	0.01330	0.01518	0.02163	0.02348	0.03361	0.12249	0.29591	0.05647	0.02308	0.01201	0.00372	0.00769	0.02078	0.11362	0.01092
12	0.02411	0.02727	0.07912	0.31678	0.15101	0.06104	0.12187	0.03170	0.02377	0.03099	0.01994	0.02771	0.01532	0.01035	0.01115	0.00350	0.01543	0.01000	0.00510	0.01385
13	0.02574	0.02941	0.06434	0.04596	0.05699	0.02757	0.50919	0.03493	0.02574	0.03493	0.02206	0.02941	0.01654	0.00919	0.01287	0.00368	0.01838	0.01287	0.00551	0.01471
14	0.01409	0.01097	0.01279	0.01259	0.01553	0.00968	0.00934	0.01787	0.02731	0.03588	0.30520	0.13269	0.30563	0.02567	0.01295	0.00362	0.00541	0.02211	0.01099	0.00968
15	0.02493	0.05235	0.47777	0.03014	0.04510	0.02665	0.03722	0.10930	0.02744	0.03988	0.02060	0.02351	0.01455	0.01079	0.01044	0.00342	0.01547	0.00833	0.00559	0.01649
16	0.01586	0.01057	0.01189	0.01189	0.01189	0.01057	0.00661	0.01586	0.01586	0.02114	0.03436	0.07135	0.03964	0.61681	0.05550	0.01057	0.01057	0.01586	0.00661	0.00661
17	0.01558	0.01168	0.01752	0.01752	0.01947	0.01363	0.01363	0.01947	0.01752	0.02531	0.02921	0.04283	0.02726	0.08178	0.57360	0.01752	0.02921	0.01168	0.00584	0.00974
18	0.01586	0.01057	0.01189	0.01189	0.01189	0.01057	0.00661	0.01586	0.01586	0.02114	0.03436	0.07135	0.03964	0.61681	0.05550	0.01057	0.01057	0.01586	0.00661	0.00661
19	0.03959	0.02875	0.03074	0.02378	0.03196	0.03173	0.01957	0.46963	0.04877	0.06625	0.02700	0.02745	0.01937	0.01306	0.01062	0.00321	0.01139	0.00985	0.06947	0.01781
20	0.02915	0.62337	0.05714	0.01866	0.02799	0.04314	0.01866	0.03265	0.02215	0.02565	0.01516	0.01749	0.01399	0.00933	0.00700	0.00233	0.01166	0.00583	0.00466	0.01399
21	0.04145	0.03054	0.03272	0.02509	0.03381	0.03381	0.02072	0.51243	0.05127	0.06872	0.02618	0.02618	0.01854	0.01309	0.01091	0.00327	0.01200	0.00982	0.01091	0.01854
22	0.04073	0.05197	0.03090	0.02809	0.03371	0.57303	0.02107	0.04354	0.03090	0.02669	0.01685	0.01966	0.01404	0.01124	0.00983	0.00281	0.01966	0.00702	0.00562	0.01264
23	0.01322	0.00973	0.01240	0.01453	0.01564	0.00891	0.00983	0.01526	0.02150	0.02809	0.06798	0.53072	0.14600	0.03314	0.01376	0.00431	0.00620	0.02975	0.01012	0.00891
24	0.12763	0.01965	0.02158	0.01587	0.02510	0.01609	0.01275	0.02817	0.02198	0.03762	0.01872	0.02184	0.01547	0.00840	0.00787	0.00189	0.00813	0.00637	0.00650	0.57838
25	0.02226	0.02109	0.03573	0.45354	0.19907	0.02467	0.03111	0.02933	0.02259	0.02989	0.01968	0.02852	0.01525	0.01059	0.01087	0.00353	0.01412	0.00970	0.00499	0.01346
26	0.02915	0.62337	0.05714	0.01866	0.02799	0.04314	0.01866	0.03265	0.02215	0.02565	0.01516	0.01749	0.01399	0.00933	0.00700	0.00233	0.01166	0.00583	0.00466	0.01399
27	0.03099	0.11899	0.04319	0.05052	0.36529	0.02822	0.02813	0.07757	0.02743	0.09370	0.02262	0.02653	0.01793	0.01036	0.01023	0.00311	0.01227	0.00925	0.00665	0.01701
28	0.01581	0.01074	0.01277	0.01277	0.01308	0.01105	0.00771	0.01642	0.01612	0.02179	0.03355	0.06689	0.03770	0.53310	0.13656	0.01166	0.01349	0.01520	0.00649	0.00710
29	0.01375	0.00982	0.01319	0.01572	0.01655	0.00926	0.01093	0.01599	0.02134	0.02836	0.05984	0.55666	0.07110	0.03372	0.01404	0.00449	0.00673	0.07942	0.01011	0.00899
30	0.02137	0.01850	0.02864	0.20453	0.17479	0.02001	0.02322	0.06402	0.02465	0.03318	0.03461	0.23342	0.03592	0.01898	0.01194	0.00378	0.01102	0.01723	0.00734	0.01283
31	0.02167	0.05061	0.47776	0.11862	0.05156	0.02515	0.03872	0.03349	0.02283	0.03349	0.01954	0.02397	0.01393	0.01044	0.01044	0.00348	0.01587	0.00831	0.00464	0.01549
32	0.02390	0.03144	0.16520	0.18820	0.13264	0.02575	0.08262	0.03761	0.13184	0.03532	0.02526	0.02978	0.01904	0.01123	0.01101	0.00354	0.01382	0.01021	0.00629	0.01531
33	0.01794	0.01341	0.01610	0.01511	0.01860	0.01287	0.01184	0.07327	0.03100	0.04182	0.32837	0.08586	0.19066	0.02346	0.01292	0.00366	0.00657	0.07442	0.01121	0.01091
34	0.03549	0.02632	0.14046	0.02619	0.08694	0.01820	0.02223	0.04191	0.02870	0.30747	0.11377	0.03992	0.03498	0.01379	0.01111	0.00338	0.01050	0.01157	0.01047	0.01660

[dist]
# distance from previous block
# <min> <max>
0	4

[block]
# block no. 1 follows, 12 sequences, length 29
# corresponding to MSA columns:
# 83-111
name=unknown_B
#
# <colnr> <probs for GDERKNQSTAVLIFYWHMCP>
#	G	D	E	R	K	N	Q	S	T	A	V	L	I	F	Y	W	H	M	C	P
0	0.03343	0.08388	0.24096	0.07643	0.04026	0.06634	0.02754	0.04110	0.02637	0.21823	0.02733	0.02788	0.01860	0.01151	0.01032	0.00330	0.01347	0.00898	0.00787	0.01618
1	0.14499	0.41579	0.09357	0.01986	0.02857	0.03742	0.01985	0.03218	0.02114	0.03060	0.01549	0.01856	0.01362	0.01038	0.00967	0.00282	0.06047	0.00636	0.00503	0.01363
2	0.02529	0.02009	0.02476	0.01865	0.02652	0.01799	0.01513	0.02964	0.02237	0.08261	0.02070	0.02419	0.01684	0.01052	0.01322	0.00233	0.11177	0.00742	0.00682	0.50313
3	0.08164	0.20073	0.26525	0.02502	0.03651	0.10285	0.02757	0.03668	0.02422	0.07804	0.01974	0.02191	0.01489	0.01046	0.00916	0.00305	0.01420	0.00741	0.00571	0.01496
4	0.63537	0.02086	0.01687	0.01480	0.02170	0.02370	0.01219	0.03396	0.01970	0.09492	0.01771	0.01947	0.01318	0.01043	0.00713	0.00337	0.00851	0.00636	0.00736	0.01242
5	0.02185	0.01240	0.01722	0.01619	0.01862	0.01291	0.01197	0.02400	0.01920	0.11710	0.03181	0.04758	0.02929	0.19164	0.29824	0.08108	0.01929	0.01232	0.00726	0.01004
6	0.01543	0.01115	0.01457	0.01372	0.01629	0.01029	0.01029	0.02058	0.03086	0.04372	0.54304	0.08145	0.10288	0.02229	0.01286	0.00343	0.00514	0.01972	0.01200	0.01029
7	0.02832	0.34116	0.09633	0.02639	0.09442	0.08869	0.02193	0.03322	0.02353	0.02941	0.01709	0.02023	0.01473	0.00947	0.00825	0.00249	0.01250	0.00675	0.00513	0.11997
8	0.01318	0.00989	0.01224	0.01412	0.01554	0.00895	0.00965	0.01530	0.02190	0.02825	0.07304	0.47995	0.19350	0.03248	0.01365	0.00424	0.00612	0.02894	0.01012	0.00895
9	0.03884	0.03191	0.08453	0.07545	0.08322	0.13174	0.02311	0.12872	0.03258	0.21886	0.02839	0.02866	0.01964	0.01210	0.01065	0.00326	0.01329	0.00946	0.00911	0.01648
10	0.01504	0.01145	0.01399	0.01490	0.01697	0.01100	0.01057	0.02060	0.07308	0.03332	0.17282	0.36012	0.14792	0.02865	0.01325	0.00402	0.00617	0.02547	0.01063	0.01004
11	0.01327	0.01050	0.01195	0.01278	0.01526	0.00918	0.00913	0.01594	0.02399	0.03021	0.13285	0.28384	0.33363	0.02946	0.01325	0.00393	0.00578	0.02557	0.01030	0.00918
12	0.02494	0.01368	0.01605	0.01475	0.01881	0.01316	0.01159	0.06829	0.02760	0.13072	0.08937	0.10877	0.10372	0.01894	0.01077	0.00335	0.00701	0.05533	0.25106	0.01210
13	0.08287	0.01937	0.02448	0.07846	0.07706	0.02014	0.01779	0.04195	0.16074	0.18888	0.04440	0.08891	0.07611	0.01599	0.01107	0.00359	0.00929	0.01346	0.01016	0.01527
14	0.01586	0.01057	0.01189	0.01189	0.01189	0.01057	0.00661	0.01586	0.01586	0.02114	0.03436	0.07135	0.03964	0.61681	0.05550	0.01057	0.01057	0.01586	0.00661	0.00661
15	0.03321	0.02816	0.04626	0.03419	0.04373	0.02850	0.25242	0.19596	0.08586	0.09589	0.02764	0.03022	0.01988	0.01145	0.01186	0.00352	0.01444	0.01163	0.00860	0.01659
16	0.02121	0.02001	0.03383	0.53971	0.12113	0.02439	0.03059	0.02840	0.02210	0.02861	0.01949	0.02887	0.01480	0.01079	0.01089	0.00360	0.01438	0.00969	0.00490	0.01261
17	0.01683	0.01204	0.01663	0.01857	0.02093	0.01184	0.01568	0.02160	0.02571	0.03409	0.14009	0.15868	0.07037	0.02915	0.01459	0.00470	0.00889	0.35926	0.01038	0.00998
18	0.02496	0.02087	0.03326	0.38814	0.15000	0.02407	0.02823	0.03421	0.07481	0.07899	0.02427	0.03061	0.01806	0.01132	0.01091	0.00355	0.01318	0.01008	0.00636	0.01413
19	0.03011	0.30628	0.14686	0.02231	0.03231	0.03366	0.02264	0.07691	0.11235	0.08237	0.02444	0.02503	0.01880	0.01114	0.00904	0.00296	0.01184	0.00817	0.00705	0.01575
20	0.01708	0.01101	0.01383	0.01483	0.01718	0.00991	0.01071	0.01963	0.02324	0.08234	0.07145	0.38810	0.19110	0.03008	0.01342	0.00416	0.00665	0.05482	0.01046	0.01001
21	0.01326	0.00960	0.01253	0.01488	0.01573	0.00888	0.00999	0.01522	0.02117	0.02795	0.06382	0.57239	0.10701	0.03368	0.01384	0.00437	0.00627	0.03041	0.01012	0.00888
22	0.20344	0.02533	0.03214	0.03619	0.19965	0.07263	0.05216	0.03930	0.02552	0.17546	0.02486	0.02679	0.01811	0.01092	0.00985	0.00330	0.01179	0.00903	0.00790	0.01564
23	0.02216	0.07179	0.02381	0.06714	0.02691	0.01885	0.01480	0.10532	0.02890	0.03921	0.14000	0.14735	0.09700	0.01870	0.01117	0.00320	0.00848	0.01590	0.00902	0.13025
24	0.08950	0.07090	0.02746	0.02304	0.06415	0.02389	0.01731	0.15418	0.06061	0.09184	0.07265	0.03573	0.02876	0.03068	0.15358	0.00688	0.01504	0.01072	0.00866	0.01441
25	0.25956	0.02356	0.02736	0.08530	0.12330	0.02607	0.01993	0.16783	0.03044	0.04959	0.06758	0.02871	0.02324	0.01208	0.00963	0.00335	0.01057	0.00933	0.00798	0.01459
26	0.20908	0.08115	0.03281	0.12258	0.09009	0.07402	0.05651	0.06497	0.02553	0.11443	0.02183	0.02495	0.01621	0.01084	0.00948	0.00327	0.01229	0.00852	0.00714	0.01430
27	0.09726	0.11608	0.06294	0.02419	0.06839	0.02700	0.01941	0.11348	0.07423	0.08614	0.02585	0.02882	0.02019	0.01909	0.06623	0.00464	0.05839	0.00922	0.06375	0.01472
28	0.02838	0.08513	0.07348	0.02955	0.12505	0.07352	0.02141	0.03600	0.07142	0.08149	0.02427	0.02722	0.01912	0.01142	0.01175	0.00294	0.06261	0.00870	0.05949	0.14704

[dist]
# distance from previous block
# <min> <max>
2	8

[block]
# block no. 2 follows, 12 sequences, length 12
# corresponding to MSA columns:
# 120-131
name=unknown_C
#
# <colnr> <probs for GDERKNQSTAVLIFYWHMCP>
#	G	D	E	R	K	N	Q	S	T	A	V	L	I	F	Y	W	H	M	C	P
0	0.02988	0.14909	0.23972	0.02750	0.07881	0.02510	0.02696	0.03725	0.02492	0.16499	0.02803	0.07321	0.02219	0.01282	0.01019	0.00328	0.01246	0.01036	0.00739	0.01584
1	0.02647	0.01898	0.02146	0.02161	0.05758	0.06305	0.01550	0.07200	0.05699	0.12547	0.11780	0.18089	0.09053	0.02161	0.01232	0.00375	0.00915	0.06144	0.01037	0.01303
2	0.01814	0.01188	0.01541	0.01561	0.01856	0.01097	0.01229	0.02231	0.02700	0.08045	0.23614	0.16958	0.15258	0.02612	0.01342	0.00402	0.00698	0.13695	0.01105	0.01055
3	0.03138	0.12541	0.15940	0.02382	0.03404	0.02521	0.05474	0.10484	0.02950	0.15037	0.07008	0.03102	0.02541	0.01199	0.01020	0.00307	0.01180	0.00975	0.00829	0.07969
4	0.02946	0.10621	0.03672	0.11149	0.08701	0.02366	0.09182	0.03713	0.06464	0.15650	0.10982	0.03834	0.03336	0.01302	0.01096	0.00333	0.01138	0.01170	0.00860	0.01486
5	0.01592	0.01228	0.01467	0.01387	0.01705	0.01162	0.01046	0.02291	0.07655	0.04042	0.39029	0.08332	0.20402	0.02288	0.01270	0.00352	0.00557	0.01982	0.01146	0.01068
6	0.04360	0.01738	0.02360	0.01850	0.02600	0.01511	0.01511	0.04797	0.03115	0.47496	0.12240	0.04415	0.03904	0.01489	0.01127	0.00338	0.00862	0.01235	0.01326	0.01724
7	0.17665	0.10709	0.24911	0.02661	0.07387	0.02570	0.02673	0.03687	0.02347	0.12619	0.02216	0.02390	0.01591	0.01067	0.00930	0.00327	0.01247	0.00794	0.00667	0.01541
8	0.02944	0.01416	0.01823	0.01587	0.02100	0.01236	0.01235	0.03308	0.02799	0.26667	0.14022	0.15275	0.16743	0.02153	0.01219	0.00363	0.00727	0.01841	0.01192	0.01349
9	0.01383	0.00991	0.01314	0.01481	0.01594	0.00922	0.01016	0.01655	0.02341	0.03186	0.18248	0.47583	0.07991	0.03115	0.01365	0.00418	0.00603	0.02814	0.01060	0.00922
10	0.03172	0.06960	0.15912	0.04034	0.20671	0.02573	0.06769	0.08347	0.02815	0.14426	0.02522	0.02768	0.01833	0.01089	0.01067	0.00330	0.01319	0.00961	0.00736	0.01698
11	0.26052	0.02719	0.06780	0.11306	0.03779	0.06684	0.06636	0.03902	0.14541	0.04067	0.02408	0.02678	0.01825	0.01140	0.00956	0.00349	0.01183	0.00898	0.00714	0.01385

[dist]
# distance from previous block
# <min> <max>
3	8

[block]
# block no. 3 follows, 12 sequences, length 17
# corresponding to MSA columns:
# 141-157
name=unknown_D
#
# <colnr> <probs for GDERKNQSTAVLIFYWHMCP>
#	G	D	E	R	K	N	Q	S	T	A	V	L	I	F	Y	W	H	M	C	P
0	0.02984	0.02948	0.16125	0.02479	0.03401	0.02168	0.06887	0.07246	0.12065	0.16454	0.11844	0.04024	0.03606	0.01399	0.01133	0.00348	0.01122	0.01207	0.00965	0.01595
1	0.01893	0.01982	0.11833	0.01802	0.02302	0.01317	0.01643	0.02431	0.02599	0.08272	0.23366	0.24698	0.06864	0.02329	0.01258	0.00377	0.00800	0.02058	0.01009	0.01165
2	0.03581	0.16898	0.03466	0.02189	0.02945	0.11303	0.01834	0.19881	0.08432	0.09161	0.02636	0.02689	0.01987	0.01210	0.00956	0.00297	0.01187	0.00884	0.06893	0.01570
3	0.02452	0.04466	0.37591	0.02730	0.03994	0.02517	0.03191	0.08483	0.10680	0.04021	0.02554	0.02765	0.01859	0.01154	0.01030	0.00340	0.01358	0.00909	0.06304	0.01604
4	0.03057	0.33514	0.07808	0.02131	0.03040	0.08404	0.01989	0.10209	0.07561	0.03518	0.02034	0.02198	0.01668	0.01049	0.00851	0.00264	0.01208	0.00732	0.00640	0.08125
5	0.25825	0.08224	0.03323	0.08366	0.23165	0.02614	0.02279	0.03410	0.02269	0.08283	0.01996	0.02389	0.01566	0.01024	0.00905	0.00324	0.01109	0.00812	0.00643	0.01474
6	0.02544	0.02328	0.03256	0.12652	0.12886	0.02522	0.06334	0.04369	0.26385	0.03900	0.03168	0.03361	0.02425	0.01212	0.01086	0.00340	0.01114	0.01090	0.00813	0.08216
7	0.02654	0.02193	0.03478	0.36406	0.17797	0.02486	0.02888	0.07875	0.02619	0.07860	0.02232	0.02898	0.01663	0.01106	0.01088	0.00348	0.01347	0.00982	0.00630	0.01450
8	0.01502	0.01101	0.01409	0.01358	0.01610	0.01007	0.01008	0.01968	0.02951	0.04112	0.46407	0.12477	0.14275	0.02372	0.01294	0.00353	0.00527	0.02091	0.01168	0.01007
9	0.02421	0.02307	0.03924	0.29430	0.34312	0.02518	0.03208	0.03103	0.02351	0.03225	0.02002	0.02789	0.01608	0.01023	0.01084	0.00341	0.01364	0.00970	0.00516	0.01503
10	0.02059	0.01938	0.03270	0.59060	0.07510	0.02422	0.03028	0.02786	0.02180	0.02786	0.01938	0.02907	0.01453	0.01090	0.01090	0.00363	0.01453	0.00969	0.00484	0.01211
11	0.02804	0.02472	0.03292	0.04262	0.27873	0.06900	0.02411	0.03836	0.12402	0.08049	0.07737	0.03991	0.06483	0.01346	0.01111	0.00335	0.01120	0.01187	0.00808	0.01583
12	0.03007	0.03741	0.21029	0.03194	0.08913	0.02867	0.05754	0.19837	0.12061	0.04802	0.02633	0.02792	0.01928	0.01191	0.01087	0.00343	0.01327	0.00984	0.00797	0.01715
13	0.02519	0.13049	0.06397	0.01753	0.02527	0.01930	0.01545	0.02953	0.02372	0.10955	0.03719	0.13683	0.07189	0.01563	0.00993	0.00282	0.00894	0.01296	0.00802	0.23579
14	0.01574	0.01216	0.01466	0.01604	0.01797	0.01219	0.01123	0.02295	0.11305	0.03120	0.06219	0.45753	0.11132	0.03002	0.01331	0.00422	0.00666	0.02684	0.01030	0.01041
15	0.02479	0.02480	0.12073	0.20605	0.08736	0.01984	0.02481	0.03166	0.02490	0.11458	0.07881	0.04012	0.07244	0.01341	0.01092	0.00334	0.01165	0.01144	0.00746	0.07089
16	0.09148	0.12579	0.03048	0.01929	0.02800	0.07699	0.01610	0.11191	0.02837	0.08311	0.02113	0.02282	0.01649	0.01005	0.00865	0.00243	0.01056	0.00728	0.00742	0.28166

[dist]
# distance from previous block
# <min> <max>
0	15

[block]
# block no. 4 follows, 12 sequences, length 34
# corresponding to MSA columns:
# 173-197,213-221
name=unknown_E
#
# <colnr> <probs for GDERKNQSTAVLIFYWHMCP>
#	G	D	E	R	K	N	Q	S	T	A	V	L	I	F	Y	W	H	M	C	P
0	0.02025	0.02585	0.14133	0.24452	0.09711	0.02055	0.02677	0.02768	0.02381	0.03314	0.10743	0.07827	0.03331	0.01403	0.01111	0.00344	0.01214	0.01231	0.00651	0.06048
1	0.03110	0.12066	0.21478	0.03277	0.10626	0.02698	0.08124	0.07640	0.02737	0.14262	0.02465	0.02658	0.01766	0.01086	0.01038	0.00326	0.01359	0.00922	0.00714	0.01650
2	0.02465	0.03686	0.31299	0.02437	0.03510	0.01930	0.02760	0.03329	0.02535	0.12844	0.10554	0.11099	0.03683	0.01578	0.01130	0.00356	0.01200	0.01329	0.00800	0.01475
3	0.01498	0.01130	0.01405	0.01458	0.01729	0.01037	0.01142	0.01907	0.02673	0.03527	0.25064	0.14753	0.22380	0.02689	0.01350	0.00398	0.00655	0.13151	0.01079	0.00977
4	0.03462	0.16441	0.03239	0.01988	0.02717	0.02552	0.01717	0.14762	0.03300	0.19111	0.09960	0.04511	0.03579	0.01538	0.01070	0.00329	0.01002	0.06158	0.01020	0.01544
5	0.02662	0.02563	0.10310	0.17818	0.23350	0.02229	0.02853	0.03364	0.02543	0.10919	0.08068	0.03441	0.02694	0.01201	0.01101	0.00340	0.01237	0.01077	0.00704	0.01527
6	0.02977	0.17410	0.28411	0.02909	0.08521	0.02743	0.02957	0.03798	0.02474	0.14403	0.02366	0.02514	0.01699	0.01074	0.00977	0.00316	0.01335	0.00833	0.00659	0.01626
7	0.01582	0.01188	0.01480	0.01467	0.01719	0.01143	0.01076	0.02240	0.07423	0.03908	0.35050	0.20652	0.11963	0.02482	0.01295	0.00371	0.00578	0.02198	0.01134	0.01051
8	0.02741	0.48773	0.17751	0.02163	0.03258	0.03888	0.02383	0.03310	0.02236	0.02778	0.01621	0.01881	0.01395	0.00957	0.00780	0.00260	0.01273	0.00636	0.00465	0.01450
9	0.03467	0.02776	0.08791	0.04108	0.20998	0.02434	0.09557	0.10592	0.03030	0.19021	0.02792	0.02978	0.01983	0.01126	0.01112	0.00336	0.01283	0.01039	0.00844	0.01734
10	0.02107	0.02031	0.03564	0.54011	0.07342	0.02454	0.07468	0.02851	0.02217	0.02851	0.01963	0.02910	0.01472	0.01074	0.01108	0.00364	0.01489	0.00998	0.00491	0.01235
11	0.03525	0.02585	0.02832	0.02253	0.02937	0.02855	0.01809	0.39324	0.04292	0.05772	0.02758	0.03393	0.02227	0.09977	0.07850	0.00579	0.01370	0.01081	0.00979	0.01601
12	0.01393	0.01013	0.01313	0.01439	0.01588	0.00933	0.01003	0.01691	0.02433	0.03295	0.21552	0.40351	0.11975	0.02991	0.01350	0.00406	0.00589	0.02682	0.01071	0.00933
13	0.01563	0.01148	0.01651	0.01651	0.01810	0.01308	0.01236	0.01882	0.01722	0.02456	0.03014	0.04798	0.02949	0.17839	0.48004	0.01627	0.02584	0.01244	0.00598	0.00917
14	0.04176	0.01697	0.02301	0.01819	0.02537	0.01480	0.01480	0.04618	0.03113	0.44680	0.14987	0.04659	0.04321	0.01537	0.01137	0.00339	0.00839	0.01284	0.01318	0.01679
15	0.03637	0.02782	0.03157	0.18691	0.04487	0.08035	0.02288	0.26828	0.03823	0.11690	0.02554	0.02782	0.01807	0.01234	0.01081	0.00334	0.01310	0.00966	0.00900	0.01613
16	0.02261	0.01938	0.02261	0.01615	0.02584	0.01453	0.01292	0.02745	0.02261	0.03553	0.01938	0.02261	0.01615	0.00807	0.00807	0.00161	0.00807	0.00646	0.00646	0.68346
17	0.01586	0.01057	0.01189	0.01189	0.01189	0.01057	0.00661	0.01586	0.01586	0.02114	0.03436	0.07135	0.03964	0.61681	0.05550	0.01057	0.01057	0.01586	0.00661	0.00661
18	0.02715	0.02207	0.02505	0.01830	0.02776	0.01918	0.01480	0.14426	0.02951	0.04352	0.02102	0.02347	0.01673	0.00928	0.00876	0.00201	0.00902	0.00727	0.00753	0.52332
19	0.01735	0.01359	0.01956	0.15481	0.03221	0.01469	0.01732	0.02185	0.02265	0.02961	0.08058	0.08199	0.08640	0.12353	0.05985	0.00625	0.01186	0.18789	0.00808	0.00991
20	0.02742	0.42582	0.11739	0.02172	0.03061	0.03820	0.02193	0.03461	0.07020	0.02879	0.01844	0.02113	0.01585	0.01106	0.01099	0.00288	0.07617	0.00715	0.00528	0.01436
21	0.03568	0.01937	0.02351	0.01966	0.02638	0.01949	0.01568	0.05032	0.22373	0.28524	0.11530	0.04485	0.04032	0.01526	0.01129	0.00351	0.00843	0.01275	0.01235	0.01687
22	0.03219	0.02769	0.02739	0.02347	0.03030	0.07289	0.01853	0.18275	0.35658	0.05049	0.03712	0.03497	0.02765	0.01403	0.01094	0.00351	0.01045	0.01120	0.01060	0.01724
23	0.01465	0.01107	0.01374	0.01476	0.01721	0.01016	0.01138	0.01826	0.02527	0.03289	0.17838	0.22186	0.22410	0.02861	0.01364	0.00412	0.00672	0.13312	0.01050	0.00956
24	0.02845	0.56909	0.10530	0.01985	0.02982	0.04144	0.02073	0.03283	0.02224	0.02650	0.01558	0.01802	0.01398	0.00943	0.00732	0.00244	0.01209	0.00604	0.00466	0.01420
25	0.03757	0.07010	0.03850	0.02968	0.07215	0.02874	0.10144	0.23906	0.06928	0.15837	0.02898	0.02936	0.02050	0.01212	0.01097	0.00332	0.01232	0.01043	0.00972	0.01741
26	0.01384	0.01063	0.01280	0.01408	0.01631	0.00958	0.01038	0.01672	0.02371	0.03023	0.11397	0.30823	0.26041	0.03019	0.01358	0.00414	0.00641	0.08529	0.01025	0.00925
27	0.02568	0.02176	0.02574	0.12479	0.03642	0.02515	0.01989	0.07943	0.33821	0.04231	0.04035	0.04837	0.03274	0.01598	0.01157	0.00383	0.01011	0.07238	0.00981	0.01547
28	0.02930	0.18418	0.26331	0.02787	0.07402	0.02820	0.02841	0.03907	0.06159	0.12747	0.02461	0.02579	0.01792	0.01095	0.00973	0.00317	0.01301	0.00847	0.00676	0.01620
29	0.01566	0.01065	0.01268	0.01284	0.01314	0.01086	0.00775	0.01629	0.01639	0.02211	0.03532	0.10192	0.04009	0.50954	0.12077	0.01109	0.01274	0.01627	0.00673	0.00716
30	0.01586	0.01057	0.01189	0.01189	0.01189	0.01057	0.00661	0.01586	0.01586	0.02114	0.03436	0.07135	0.03964	0.61681	0.05550	0.01057	0.01057	0.01586	0.00661	0.00661
31	0.03538	0.10390	0.08465	0.06499	0.03685	0.21345	0.02287	0.18675	0.07494	0.04194	0.02220	0.02411	0.01699	0.01178	0.01008	0.00309	0.01483	0.00847	0.00744	0.01528
32	0.18803	0.02354	0.03156	0.08622	0.16240	0.02638	0.05580	0.03893	0.16138	0.04017	0.02535	0.02865	0.01984	0.01195	0.01182	0.00357	0.05258	0.00971	0.00721	0.01491
33	0.02040	0.02224	0.07850	0.02410	0.02750	0.02285	0.05559	0.02538	0.02370	0.03474	0.22919	0.04747	0.05024	0.01882	0.02240	0.00402	0.25949	0.01376	0.00773	0.01187

[dist]
# distance from previous block
# <min> <max>
0	2

[block]
# block no. 5 follows, 12 sequences, length 38
# corresponding to MSA columns:
# 224-261
name=unknown_F
#
# <colnr> <probs for GDERKNQSTAVLIFYWHMCP>
#	G	D	E	R	K	N	Q	S	T	A	V	L	I	F	Y	W	H	M	C	P
0	0.28227	0.02199	0.05862	0.01807	0.02552	0.02057	0.01571	0.04104	0.08566	0.21357	0.08413	0.03398	0.02918	0.01310	0.00956	0.00342	0.00893	0.00996	0.00989	0.01482
1	0.02546	0.03494	0.22406	0.07518	0.14101	0.02328	0.06868	0.03560	0.05703	0.07221	0.02319	0.02682	0.01733	0.01033	0.01041	0.00316	0.01332	0.00911	0.00620	0.12268
2	0.01493	0.01098	0.01398	0.01353	0.01606	0.01003	0.01003	0.01950	0.02924	0.04057	0.44744	0.13199	0.15314	0.02400	0.01296	0.00355	0.00530	0.02113	0.01161	0.01003
3	0.02724	0.03053	0.02929	0.11574	0.07826	0.23605	0.05606	0.03124	0.02564	0.02854	0.03078	0.19781	0.03183	0.01772	0.01151	0.00352	0.01427	0.01521	0.00681	0.01196
4	0.09767	0.02228	0.02296	0.01866	0.02497	0.02438	0.01513	0.29004	0.03784	0.05667	0.02848	0.03056	0.02127	0.01266	0.00932	0.00302	0.00916	0.00956	0.25051	0.01487
5	0.01446	0.01111	0.01323	0.01270	0.01569	0.00988	0.00953	0.01870	0.02858	0.03829	0.37838	0.09039	0.27093	0.02432	0.01287	0.00353	0.00529	0.02097	0.01129	0.00988
6	0.02059	0.01938	0.03270	0.59060	0.07510	0.02422	0.03028	0.02786	0.02180	0.02786	0.01938	0.02907	0.01453	0.01090	0.01090	0.00363	0.01453	0.00969	0.00484	0.01211
7	0.01522	0.01087	0.01487	0.01739	0.01887	0.01052	0.01348	0.01852	0.02278	0.02999	0.05903	0.39044	0.06790	0.03234	0.01443	0.00469	0.00800	0.23119	0.01008	0.00939
8	0.02059	0.01938	0.03270	0.59060	0.07510	0.02422	0.03028	0.02786	0.02180	0.02786	0.01938	0.02907	0.01453	0.01090	0.01090	0.00363	0.01453	0.00969	0.00484	0.01211
9	0.02059	0.01938	0.03270	0.59060	0.07510	0.02422	0.03028	0.02786	0.02180	0.02786	0.01938	0.02907	0.01453	0.01090	0.01090	0.00363	0.01453	0.00969	0.00484	0.01211
10	0.02313	0.02265	0.03145	0.02711	0.02711	0.03133	0.02230	0.02530	0.01662	0.02578	0.01612	0.02815	0.01660	0.07309	0.03756	0.00529	0.54388	0.01011	0.00494	0.01145
11	0.02253	0.01396	0.01759	0.01629	0.02049	0.01283	0.01247	0.02857	0.06719	0.12931	0.17645	0.20034	0.09600	0.02260	0.01233	0.00364	0.00712	0.05162	0.01091	0.07775
12	0.03578	0.02477	0.03128	0.10114	0.07371	0.07403	0.05618	0.14228	0.03237	0.19988	0.03247	0.09149	0.02563	0.01446	0.01128	0.00346	0.01215	0.01235	0.00954	0.01575
13	0.04145	0.03054	0.03272	0.02509	0.03381	0.03381	0.02072	0.51243	0.05127	0.06872	0.02618	0.02618	0.01854	0.01309	0.01091	0.00327	0.01200	0.00982	0.01091	0.01854
14	0.02834	0.02634	0.04318	0.06300	0.50047	0.02665	0.03227	0.07840	0.02731	0.03873	0.02104	0.02691	0.01739	0.01003	0.01081	0.00324	0.01286	0.00972	0.00591	0.01739
15	0.02867	0.44172	0.04648	0.01925	0.02728	0.03563	0.01820	0.03510	0.07275	0.06345	0.02565	0.03542	0.02338	0.01297	0.00876	0.00290	0.01099	0.07076	0.00661	0.01407
16	0.01586	0.01057	0.01189	0.01189	0.01189	0.01057	0.00661	0.01586	0.01586	0.02114	0.03436	0.07135	0.03964	0.61681	0.05550	0.01057	0.01057	0.01586	0.00661	0.00661
17	0.02482	0.02370	0.04035	0.24425	0.38839	0.02534	0.03239	0.03157	0.02380	0.03299	0.02013	0.02769	0.01634	0.01012	0.01083	0.00337	0.01349	0.00971	0.00521	0.01552
18	0.69383	0.02109	0.01603	0.01434	0.02109	0.02446	0.01181	0.03205	0.01856	0.04892	0.01518	0.01771	0.01181	0.01012	0.00675	0.00337	0.00843	0.00590	0.00675	0.01181
19	0.04145	0.03054	0.03272	0.02509	0.03381	0.03381	0.02072	0.51243	0.05127	0.06872	0.02618	0.02618	0.01854	0.01309	0.01091	0.00327	0.01200	0.00982	0.01091	0.01854
20	0.01777	0.01183	0.01432	0.01328	0.01684	0.01045	0.01011	0.02194	0.02867	0.08859	0.33380	0.08581	0.25907	0.02340	0.01268	0.00352	0.00569	0.02008	0.01145	0.01070
21	0.01586	0.01057	0.01189	0.01189	0.01189	0.01057	0.00661	0.01586	0.01586	0.02114	0.03436	0.07135	0.03964	0.61681	0.05550	0.01057	0.01057	0.01586	0.00661	0.00661
22	0.01471	0.01079	0.01380	0.01374	0.01602	0.00987	0.01004	0.01892	0.02812	0.03887	0.39551	0.19512	0.14323	0.02535	0.01309	0.00367	0.00543	0.02244	0.01141	0.00987
23	0.02187	0.05640	0.56031	0.03108	0.04719	0.02532	0.04029	0.03453	0.02302	0.03453	0.01957	0.02302	0.01381	0.01036	0.01036	0.00345	0.01611	0.00806	0.00460	0.01611
24	0.01511	0.01026	0.01211	0.01285	0.01303	0.01007	0.00763	0.01566	0.01731	0.02309	0.04183	0.22778	0.04908	0.44751	0.04342	0.00879	0.00934	0.02026	0.00763	0.00726
25	0.03800	0.02997	0.13630	0.02310	0.03334	0.02308	0.02201	0.18404	0.03452	0.24110	0.03034	0.02922	0.02047	0.01208	0.01048	0.00315	0.01134	0.00949	0.01006	0.09793
26	0.03683	0.09927	0.03288	0.02268	0.03069	0.03217	0.01897	0.37225	0.08384	0.05904	0.02721	0.02767	0.02007	0.01274	0.01014	0.00313	0.01104	0.00957	0.07270	0.01711
27	0.02538	0.03250	0.23150	0.02260	0.03246	0.01972	0.02403	0.08273	0.02926	0.10363	0.17654	0.04214	0.04222	0.01432	0.01102	0.00325	0.01091	0.01187	0.00868	0.07525
28	0.02568	0.04836	0.43923	0.02873	0.04287	0.02440	0.03493	0.03925	0.07768	0.09839	0.02502	0.02659	0.01746	0.01121	0.01051	0.00347	0.01450	0.00886	0.00636	0.01653
29	0.03057	0.07642	0.23267	0.02761	0.03875	0.02715	0.07253	0.17694	0.03226	0.09472	0.02665	0.06721	0.02091	0.01299	0.01085	0.00341	0.01345	0.01080	0.00783	0.01629
30	0.03938	0.01607	0.02112	0.01738	0.02390	0.01436	0.01428	0.04388	0.02872	0.38846	0.04277	0.04631	0.03071	0.01494	0.01061	0.00335	0.00840	0.05622	0.16332	0.01582
31	0.03242	0.10457	0.10856	0.11535	0.07770	0.02496	0.07148	0.04130	0.07319	0.19868	0.02903	0.03026	0.02046	0.01156	0.01054	0.00334	0.01242	0.00993	0.00822	0.01604
32	0.02624	0.02448	0.08315	0.09251	0.25863	0.02232	0.02678	0.03252	0.02558	0.09806	0.11628	0.03754	0.03299	0.01335	0.01318	0.00347	0.05889	0.01149	0.00738	0.01516
33	0.01495	0.01077	0.01414	0.01405	0.01618	0.00996	0.01025	0.01936	0.02860	0.04013	0.43380	0.20093	0.09592	0.02498	0.01310	0.00366	0.00541	0.02227	0.01158	0.00996
34	0.02832	0.01520	0.01997	0.05433	0.02553	0.01446	0.01467	0.06508	0.02751	0.21247	0.05504	0.22838	0.10499	0.02292	0.01248	0.00390	0.00852	0.06200	0.01099	0.01323
35	0.23372	0.02050	0.02585	0.02073	0.02803	0.02057	0.06681	0.08346	0.02750	0.24054	0.03297	0.09827	0.02598	0.01448	0.01026	0.00352	0.00989	0.01196	0.00999	0.01497
36	0.02528	0.02412	0.03376	0.12450	0.18226	0.08016	0.06850	0.06406	0.02677	0.03456	0.03177	0.08673	0.03073	0.01661	0.01211	0.00379	0.01322	0.12035	0.00713	0.01360
37	0.03846	0.07222	0.03450	0.02810	0.08294	0.03202	0.02123	0.36356	0.08398	0.09226	0.02739	0.02751	0.01983	0.01265	0.01063	0.00324	0.01162	0.00979	0.01009	0.01798

[dist]
# distance from previous block
# <min> <max>
0	2

[block]
# block no. 6 follows, 12 sequences, length 25
# corresponding to MSA columns:
# 265-289
name=unknown_G
#
# <colnr> <probs for GDERKNQSTAVLIFYWHMCP>
#	G	D	E	R	K	N	Q	S	T	A	V	L	I	F	Y	W	H	M	C	P
0	0.01346	0.00963	0.01281	0.01506	0.01585	0.00897	0.01014	0.01563	0.02170	0.02915	0.09996	0.56609	0.07465	0.03318	0.01383	0.00435	0.00623	0.03007	0.01028	0.00897
1	0.01905	0.03657	0.32116	0.02347	0.03365	0.01873	0.02714	0.02842	0.02646	0.03856	0.24896	0.04862	0.05284	0.01559	0.01146	0.00344	0.01131	0.01317	0.00785	0.01356
2	0.01660	0.01229	0.01588	0.01539	0.01600	0.01389	0.01059	0.01806	0.01647	0.02298	0.03067	0.05750	0.03314	0.38721	0.21589	0.01215	0.07709	0.01389	0.00618	0.00814
3	0.02815	0.18598	0.30251	0.02792	0.04067	0.02851	0.08289	0.03692	0.02434	0.11103	0.02230	0.02450	0.01614	0.01045	0.00991	0.00319	0.01425	0.00848	0.00606	0.01581
4	0.69383	0.02109	0.01603	0.01434	0.02109	0.02446	0.01181	0.03205	0.01856	0.04892	0.01518	0.01771	0.01181	0.01012	0.00675	0.00337	0.00843	0.00590	0.00675	0.01181
5	0.04892	0.01856	0.02530	0.01940	0.02783	0.01603	0.01603	0.05314	0.03121	0.55634	0.04302	0.03711	0.02699	0.01350	0.01096	0.00337	0.00928	0.01096	0.01350	0.01856
6	0.02543	0.02915	0.10157	0.02926	0.12669	0.07284	0.02163	0.03360	0.06568	0.03539	0.02144	0.02469	0.01725	0.00955	0.00931	0.00246	0.01124	0.00782	0.00631	0.34868
7	0.01324	0.00965	0.01249	0.01475	0.01570	0.00889	0.00993	0.01523	0.02129	0.02800	0.06531	0.55745	0.12099	0.03348	0.01381	0.00435	0.00624	0.03017	0.01012	0.00889
8	0.02549	0.02917	0.08957	0.20162	0.08739	0.07765	0.07968	0.03846	0.14706	0.03403	0.02529	0.02991	0.01941	0.01213	0.01277	0.00361	0.05549	0.01026	0.00653	0.01450
9	0.01524	0.01123	0.01453	0.01632	0.01786	0.01102	0.01179	0.02027	0.06406	0.03151	0.10488	0.44237	0.07055	0.03085	0.01375	0.00436	0.00693	0.09226	0.01037	0.00985
10	0.02453	0.03300	0.21642	0.03093	0.04124	0.02155	0.17229	0.03333	0.02576	0.08920	0.07802	0.04813	0.03230	0.01466	0.01217	0.00376	0.01407	0.08685	0.00738	0.01441
11	0.02268	0.02055	0.03235	0.08328	0.19427	0.02071	0.05751	0.02806	0.02302	0.03258	0.02816	0.04837	0.02711	0.05463	0.01631	0.00397	0.05964	0.10268	0.00651	0.13761
12	0.02699	0.02591	0.04426	0.06693	0.54879	0.02591	0.03346	0.03346	0.02483	0.03562	0.02051	0.02699	0.01727	0.00972	0.01079	0.00324	0.01295	0.00972	0.00540	0.01727
13	0.02882	0.02334	0.02848	0.02559	0.06318	0.06635	0.06296	0.16446	0.03263	0.07830	0.07675	0.17906	0.03888	0.01812	0.01172	0.00346	0.01082	0.01590	0.00935	0.06180
14	0.02754	0.28579	0.15347	0.08707	0.03993	0.03255	0.07122	0.03650	0.07078	0.06664	0.02183	0.02456	0.01695	0.01050	0.00934	0.00303	0.01309	0.00835	0.00596	0.01491
15	0.01562	0.01151	0.01667	0.01667	0.01833	0.01317	0.01257	0.01892	0.01727	0.02468	0.02998	0.04714	0.02913	0.16260	0.49533	0.01647	0.02639	0.01231	0.00596	0.00926
16	0.08872	0.01138	0.01359	0.01496	0.01694	0.01112	0.01080	0.01849	0.02278	0.03307	0.13173	0.38685	0.10505	0.02890	0.01299	0.00415	0.00662	0.06233	0.01003	0.00952
17	0.03326	0.07998	0.25302	0.02906	0.07631	0.07033	0.02849	0.08477	0.02855	0.17378	0.02590	0.02667	0.01801	0.01139	0.01033	0.00327	0.01368	0.00887	0.00768	0.01664
18	0.12828	0.02445	0.03497	0.16583	0.17966	0.02685	0.06458	0.11231	0.08296	0.04224	0.02311	0.02764	0.01773	0.01111	0.01043	0.00344	0.01245	0.00970	0.00700	0.01526
19	0.02858	0.02642	0.04299	0.06233	0.49220	0.02678	0.03206	0.08610	0.02773	0.03926	0.02113	0.02690	0.01741	0.01009	0.01081	0.00324	0.01285	0.00973	0.00600	0.01741
20	0.09838	0.02654	0.07928	0.17131	0.30848	0.02547	0.07033	0.03228	0.02341	0.03524	0.01973	0.02632	0.01575	0.01002	0.01051	0.00339	0.01349	0.00943	0.00537	0.01524
21	0.09100	0.02993	0.18203	0.02919	0.11620	0.02081	0.02451	0.03614	0.06191	0.12834	0.13170	0.03874	0.03598	0.01351	0.01075	0.00341	0.01092	0.01130	0.00844	0.01520
22	0.03163	0.03826	0.28645	0.02778	0.03994	0.02265	0.07406	0.04293	0.07460	0.20718	0.02989	0.02995	0.02027	0.01171	0.01086	0.00347	0.01336	0.00987	0.00824	0.01689
23	0.02334	0.02429	0.08343	0.34656	0.13288	0.02427	0.02885	0.07880	0.02627	0.03537	0.06936	0.03279	0.02357	0.01197	0.01102	0.00350	0.01331	0.01049	0.00620	0.01376
24	0.02769	0.02083	0.03193	0.08773	0.18502	0.02051	0.05604	0.07125	0.02614	0.11241	0.02983	0.09355	0.02654	0.07972	0.01596	0.00410	0.01145	0.01270	0.00774	0.07888

[dist]
# distance from previous block
# <min> <max>
0	246

# created by:
# /st0/software/busco_prod/Augustus/scripts/msa2prfl.pl ./align_prep/6504.fa
