[name]
unknown

[dist]
# distance from previous block
# <min> <max>
0	33

[block]
# block no. 0 follows, 13 sequences, length 55
# corresponding to MSA columns:
# 41-95
name=unknown_A
#
# <colnr> <probs for GDERKNQSTAVLIFYWHMCP>
#	G	D	E	R	K	N	Q	S	T	A	V	L	I	F	Y	W	H	M	C	P
0	0.03137	0.09139	0.08458	0.03562	0.14479	0.14377	0.11347	0.03715	0.02608	0.11615	0.02454	0.03126	0.01963	0.01148	0.01052	0.00319	0.01428	0.03936	0.00669	0.01470
1	0.06228	0.01550	0.02499	0.07956	0.02971	0.01526	0.10565	0.02472	0.02464	0.07395	0.19082	0.21274	0.05642	0.02012	0.01207	0.00366	0.00906	0.01859	0.00906	0.01122
2	0.01935	0.01154	0.01410	0.01405	0.01728	0.01035	0.01068	0.02258	0.02427	0.11596	0.10067	0.22579	0.21962	0.02503	0.01226	0.00374	0.00653	0.06881	0.06690	0.01050
3	0.02997	0.02979	0.04320	0.04937	0.30760	0.09921	0.12484	0.11558	0.02924	0.03858	0.02063	0.02558	0.01641	0.01005	0.01076	0.00317	0.01428	0.00970	0.00616	0.01588
4	0.42035	0.02402	0.03038	0.02359	0.03153	0.02595	0.14718	0.11040	0.02484	0.04692	0.01816	0.02145	0.01369	0.01003	0.00874	0.00333	0.01125	0.00810	0.00687	0.01322
5	0.01449	0.00988	0.01179	0.01266	0.01288	0.00966	0.00761	0.01514	0.01710	0.02280	0.04216	0.26502	0.04960	0.41735	0.03952	0.00814	0.00879	0.02058	0.00761	0.00718
6	0.01403	0.00931	0.01186	0.01391	0.01483	0.00880	0.00941	0.01638	0.02057	0.02907	0.05429	0.52401	0.06276	0.02964	0.01247	0.00399	0.00593	0.02667	0.12327	0.00880
7	0.03644	0.25007	0.03790	0.07669	0.03246	0.02886	0.01857	0.11706	0.02917	0.23354	0.02680	0.02644	0.01899	0.01127	0.00918	0.00290	0.01078	0.00848	0.00867	0.01573
8	0.02840	0.02560	0.03928	0.05422	0.42611	0.02645	0.02895	0.11315	0.07905	0.04058	0.02303	0.02735	0.01847	0.01042	0.01051	0.00319	0.01200	0.00968	0.00662	0.01694
9	0.03618	0.02253	0.02621	0.02092	0.02766	0.02391	0.01692	0.29528	0.03737	0.17790	0.03035	0.03365	0.02276	0.06759	0.10493	0.00589	0.01354	0.01049	0.01010	0.01580
10	0.07784	0.58965	0.05248	0.01778	0.02665	0.04051	0.01760	0.03162	0.02123	0.02653	0.01470	0.01698	0.01341	0.00910	0.00677	0.00234	0.01108	0.00566	0.00467	0.01341
11	0.59924	0.02006	0.01697	0.01468	0.02148	0.02242	0.01210	0.03432	0.01994	0.13018	0.01900	0.02016	0.01378	0.01033	0.00719	0.00327	0.00831	0.00650	0.00758	0.01249
12	0.02356	0.02246	0.03820	0.29118	0.35656	0.02444	0.03115	0.03016	0.02284	0.03138	0.01943	0.02702	0.01563	0.00990	0.01051	0.00330	0.01321	0.00941	0.00501	0.01464
13	0.02827	0.63478	0.05540	0.01809	0.02714	0.04184	0.01809	0.03166	0.02148	0.02488	0.01470	0.01696	0.01357	0.00905	0.00678	0.00226	0.01131	0.00565	0.00452	0.01357
14	0.02617	0.02512	0.04292	0.06490	0.56246	0.02512	0.03245	0.03245	0.02407	0.03454	0.01989	0.02617	0.01675	0.00942	0.01047	0.00314	0.01256	0.00942	0.00523	0.01675
15	0.02087	0.01470	0.01746	0.01745	0.02065	0.01535	0.01275	0.03255	0.20069	0.08612	0.05142	0.36443	0.05272	0.02472	0.01228	0.00395	0.00718	0.02194	0.01046	0.01231
16	0.01679	0.01349	0.01544	0.01601	0.01875	0.01391	0.01155	0.02711	0.17620	0.03239	0.06261	0.35448	0.14732	0.02640	0.01250	0.00395	0.00666	0.02328	0.01010	0.01107
17	0.04744	0.01799	0.02454	0.01881	0.02699	0.01554	0.01554	0.05153	0.03026	0.56979	0.04171	0.03599	0.02617	0.01309	0.01063	0.00327	0.00900	0.01063	0.01309	0.01799
18	0.01949	0.01231	0.01528	0.01565	0.01786	0.01212	0.01094	0.02510	0.09119	0.09747	0.05016	0.38102	0.05429	0.12234	0.01915	0.00501	0.00745	0.02282	0.00982	0.01054
19	0.01893	0.01147	0.01443	0.01395	0.01707	0.01021	0.01034	0.02233	0.02584	0.11826	0.22623	0.23102	0.18984	0.02476	0.01248	0.00365	0.00604	0.02164	0.01092	0.01060
20	0.02496	0.02852	0.06239	0.04456	0.05526	0.02674	0.52406	0.03387	0.02496	0.03387	0.02139	0.02852	0.01604	0.00891	0.01248	0.00357	0.01783	0.01248	0.00535	0.01426
21	0.01510	0.01133	0.01699	0.01699	0.01888	0.01322	0.01322	0.01888	0.01699	0.02454	0.02832	0.04154	0.02643	0.07930	0.58652	0.01699	0.02832	0.01133	0.00566	0.00944
22	0.03716	0.01629	0.02157	0.01771	0.02405	0.01473	0.01415	0.04306	0.06689	0.39138	0.12634	0.10247	0.04289	0.01658	0.01123	0.00341	0.00802	0.01406	0.01235	0.01566
23	0.03586	0.01633	0.02008	0.01658	0.02272	0.01556	0.01331	0.04428	0.10914	0.32913	0.03978	0.03755	0.02741	0.01306	0.00969	0.00308	0.00769	0.01061	0.21276	0.01538
24	0.01591	0.01137	0.01575	0.01818	0.02012	0.01120	0.01508	0.01996	0.02323	0.03038	0.05660	0.25541	0.06331	0.03027	0.01430	0.00471	0.00876	0.36627	0.00976	0.00942
25	0.01588	0.01011	0.01132	0.01150	0.01193	0.01007	0.00681	0.01680	0.01680	0.02396	0.03529	0.10417	0.03891	0.48805	0.04356	0.00859	0.00911	0.01556	0.11448	0.00711
26	0.02808	0.01474	0.01805	0.01557	0.02091	0.01342	0.01224	0.03432	0.07967	0.24629	0.12931	0.09549	0.20840	0.01979	0.01163	0.00346	0.00710	0.01666	0.01144	0.01343
27	0.04112	0.02813	0.03081	0.02362	0.03205	0.03059	0.01952	0.46658	0.04723	0.13077	0.02747	0.02674	0.01902	0.01274	0.01058	0.00319	0.01130	0.00966	0.01090	0.01798
28	0.16431	0.02685	0.02431	0.02011	0.02728	0.16517	0.01607	0.04540	0.02796	0.33378	0.03023	0.02818	0.02024	0.01192	0.00961	0.00313	0.01146	0.00875	0.00992	0.01532
29	0.70310	0.02045	0.01554	0.01390	0.02045	0.02372	0.01145	0.03108	0.01799	0.04744	0.01472	0.01718	0.01145	0.00981	0.00654	0.00327	0.00818	0.00573	0.00654	0.01145
30	0.02659	0.04066	0.33371	0.03021	0.04274	0.02372	0.12535	0.03871	0.07686	0.11960	0.02547	0.02740	0.01783	0.01075	0.01067	0.00340	0.01426	0.00957	0.00664	0.01585
31	0.02626	0.01866	0.02237	0.01620	0.02539	0.01434	0.01304	0.03085	0.02334	0.12541	0.02269	0.02431	0.01745	0.00872	0.00831	0.00186	0.00803	0.00701	0.00742	0.57836
32	0.70310	0.02045	0.01554	0.01390	0.02045	0.02372	0.01145	0.03108	0.01799	0.04744	0.01472	0.01718	0.01145	0.00981	0.00654	0.00327	0.00818	0.00573	0.00654	0.01145
33	0.03205	0.19454	0.03758	0.02977	0.11421	0.25299	0.02105	0.04044	0.11994	0.03032	0.02132	0.02334	0.01749	0.01080	0.00918	0.00283	0.01406	0.00785	0.00613	0.01412
34	0.02814	0.01353	0.01781	0.01568	0.02032	0.01194	0.01211	0.03181	0.02734	0.26329	0.17930	0.17968	0.11276	0.02101	0.01191	0.00354	0.00699	0.01819	0.01166	0.01299
35	0.02243	0.02024	0.03124	0.04384	0.32305	0.02063	0.02356	0.03120	0.10525	0.03394	0.03441	0.19657	0.03424	0.01690	0.01137	0.00354	0.01008	0.01566	0.00740	0.01444
36	0.03360	0.02710	0.03650	0.04630	0.32776	0.08141	0.02621	0.11527	0.02985	0.13584	0.02436	0.02711	0.01834	0.01075	0.01042	0.00313	0.01243	0.00939	0.00753	0.01671
37	0.01890	0.01174	0.01421	0.01327	0.01691	0.01029	0.01005	0.02249	0.02664	0.11877	0.24251	0.13636	0.27085	0.02352	0.01229	0.00351	0.00589	0.02018	0.01095	0.01068
38	0.02737	0.02869	0.05753	0.04136	0.05170	0.02770	0.44423	0.11201	0.02888	0.03906	0.02202	0.02802	0.01635	0.00951	0.01218	0.00350	0.01684	0.01201	0.00618	0.01485
39	0.04143	0.02001	0.02973	0.03184	0.17837	0.01825	0.02032	0.04613	0.02851	0.41848	0.03554	0.03321	0.02351	0.01205	0.01059	0.00323	0.01000	0.01029	0.01087	0.01764
40	0.04019	0.02962	0.03173	0.02433	0.03279	0.03279	0.02010	0.52721	0.04971	0.06663	0.02538	0.02538	0.01798	0.01269	0.01058	0.00317	0.01163	0.00952	0.01058	0.01798
41	0.01424	0.01044	0.01299	0.01297	0.01504	0.00959	0.00928	0.01778	0.02577	0.03519	0.34216	0.18001	0.16075	0.08599	0.01685	0.00424	0.00579	0.02123	0.01049	0.00920
42	0.27728	0.01993	0.02118	0.01766	0.02476	0.02087	0.01434	0.04525	0.14046	0.26555	0.03235	0.03003	0.02227	0.01220	0.00920	0.00334	0.00856	0.00917	0.01023	0.01537
43	0.03767	0.01919	0.02395	0.02001	0.02687	0.01890	0.01648	0.09595	0.13357	0.32882	0.04258	0.04879	0.03205	0.01585	0.01128	0.00358	0.00926	0.08692	0.01184	0.01643
44	0.04629	0.01983	0.02568	0.01969	0.02791	0.01827	0.01626	0.12688	0.03334	0.49009	0.03913	0.03431	0.02488	0.01302	0.01062	0.00326	0.00941	0.01046	0.01269	0.01799
45	0.01997	0.01879	0.03171	0.60301	0.07282	0.02349	0.02936	0.02701	0.02114	0.02701	0.01879	0.02819	0.01409	0.01057	0.01057	0.00352	0.01409	0.00940	0.00470	0.01175
46	0.02617	0.02512	0.04292	0.06490	0.56246	0.02512	0.03245	0.03245	0.02407	0.03454	0.01989	0.02617	0.01675	0.00942	0.01047	0.00314	0.01256	0.00942	0.00523	0.01675
47	0.01803	0.01433	0.01757	0.01434	0.01988	0.01179	0.01110	0.02289	0.02640	0.03889	0.31953	0.05381	0.06267	0.01553	0.01042	0.00255	0.00624	0.01345	0.00927	0.31128
48	0.01538	0.01025	0.01153	0.01153	0.01153	0.01025	0.00641	0.01538	0.01538	0.02050	0.03331	0.06919	0.03844	0.62842	0.05382	0.01025	0.01025	0.01538	0.00641	0.00641
49	0.01997	0.01879	0.03171	0.60301	0.07282	0.02349	0.02936	0.02701	0.02114	0.02701	0.01879	0.02819	0.01409	0.01057	0.01057	0.00352	0.01409	0.00940	0.00470	0.01175
50	0.01322	0.01061	0.01181	0.01178	0.01480	0.00919	0.00873	0.01648	0.02542	0.03234	0.22995	0.13865	0.38813	0.02585	0.01257	0.00356	0.00532	0.02206	0.01033	0.00919
51	0.01580	0.01115	0.01473	0.01578	0.01738	0.01113	0.01218	0.01905	0.02187	0.02938	0.12700	0.12884	0.05868	0.19593	0.07256	0.00706	0.01041	0.21352	0.00880	0.00876
52	0.07289	0.02171	0.03547	0.32237	0.28495	0.02423	0.02941	0.02971	0.02220	0.03184	0.01898	0.02649	0.01507	0.01001	0.01023	0.00334	0.01298	0.00914	0.00507	0.01393
53	0.02356	0.02238	0.07799	0.01734	0.02728	0.01525	0.01542	0.02898	0.02252	0.07015	0.02034	0.02291	0.01613	0.00841	0.00824	0.00186	0.00870	0.00671	0.00654	0.57929
54	0.01323	0.00965	0.01246	0.01407	0.01532	0.00888	0.00967	0.01573	0.02241	0.02999	0.15513	0.47038	0.12331	0.03038	0.01321	0.00404	0.00585	0.02728	0.01015	0.00888

[dist]
# distance from previous block
# <min> <max>
0	3

[block]
# block no. 1 follows, 13 sequences, length 9
# corresponding to MSA columns:
# 99-107
name=unknown_B
#
# <colnr> <probs for GDERKNQSTAVLIFYWHMCP>
#	G	D	E	R	K	N	Q	S	T	A	V	L	I	F	Y	W	H	M	C	P
0	0.02988	0.02278	0.02191	0.01990	0.02487	0.12807	0.01556	0.03910	0.13542	0.16164	0.11782	0.10304	0.04410	0.01791	0.01144	0.00352	0.01007	0.06920	0.01019	0.01357
1	0.02296	0.01972	0.02239	0.01705	0.02563	0.01698	0.01352	0.03362	0.14528	0.03677	0.02453	0.02607	0.01959	0.00937	0.00852	0.00204	0.00796	0.00761	0.00733	0.53305
2	0.02164	0.01194	0.01523	0.01448	0.01768	0.01072	0.01061	0.02461	0.02474	0.15817	0.16031	0.24197	0.13980	0.07860	0.01608	0.00428	0.00683	0.02072	0.01065	0.01095
3	0.02095	0.01168	0.01476	0.01462	0.01781	0.01032	0.01069	0.02355	0.02364	0.15582	0.06739	0.34425	0.18991	0.02669	0.01255	0.00386	0.00660	0.02340	0.01059	0.01090
4	0.02161	0.02459	0.08216	0.21521	0.04715	0.05575	0.12129	0.03108	0.08410	0.03198	0.06542	0.07493	0.07062	0.01411	0.01132	0.00351	0.01281	0.01297	0.00674	0.01266
5	0.11018	0.07033	0.03953	0.03703	0.16068	0.16967	0.12076	0.10166	0.02833	0.03743	0.01910	0.02310	0.01517	0.01016	0.00995	0.00308	0.01453	0.00870	0.00614	0.01447
6	0.02443	0.01870	0.02454	0.15498	0.03658	0.01649	0.01686	0.02962	0.02271	0.09505	0.02146	0.02504	0.01651	0.00909	0.00881	0.00223	0.00945	0.00751	0.00669	0.45324
7	0.23540	0.02024	0.02209	0.01819	0.02483	0.02143	0.01479	0.03872	0.11004	0.16569	0.02653	0.02690	0.01948	0.01195	0.01156	0.00316	0.07456	0.00842	0.00854	0.13746
8	0.02172	0.07066	0.02085	0.01646	0.01970	0.01780	0.01227	0.13805	0.02687	0.03580	0.08488	0.23188	0.04611	0.14815	0.02188	0.04078	0.00880	0.01789	0.00871	0.01073

[dist]
# distance from previous block
# <min> <max>
1	9

[block]
# block no. 2 follows, 13 sequences, length 34
# corresponding to MSA columns:
# 118-151
name=unknown_C
#
# <colnr> <probs for GDERKNQSTAVLIFYWHMCP>
#	G	D	E	R	K	N	Q	S	T	A	V	L	I	F	Y	W	H	M	C	P
0	0.02415	0.06829	0.02546	0.01967	0.02437	0.01576	0.07503	0.02769	0.02410	0.14678	0.08355	0.20400	0.07555	0.02229	0.01394	0.04773	0.00910	0.07147	0.00932	0.01175
1	0.02493	0.01441	0.02051	0.01744	0.02225	0.01281	0.04455	0.02783	0.02348	0.17164	0.08292	0.15922	0.07736	0.02464	0.04887	0.08938	0.00940	0.01546	0.00917	0.10373
2	0.02186	0.01749	0.02034	0.02263	0.08600	0.06120	0.01480	0.02894	0.09518	0.08021	0.14240	0.23857	0.08420	0.02162	0.01193	0.00362	0.00827	0.01901	0.00965	0.01208
3	0.02506	0.03984	0.34022	0.07608	0.04117	0.02306	0.03019	0.09955	0.02750	0.08245	0.08713	0.03126	0.02563	0.01211	0.01051	0.00333	0.01312	0.00979	0.00689	0.01511
4	0.03406	0.01467	0.01987	0.01711	0.02246	0.01292	0.01331	0.03749	0.02703	0.35835	0.08381	0.22651	0.04544	0.02011	0.01168	0.00360	0.00779	0.01746	0.01194	0.01441
5	0.01819	0.01111	0.01435	0.01430	0.01693	0.01003	0.01042	0.02148	0.02528	0.10570	0.22640	0.29795	0.13554	0.02582	0.01264	0.00375	0.00605	0.02285	0.01086	0.01036
6	0.08306	0.03262	0.14588	0.02411	0.03285	0.11816	0.05380	0.08061	0.02818	0.17591	0.03211	0.03669	0.04910	0.01337	0.01051	0.00333	0.01277	0.04395	0.00829	0.01470
7	0.02278	0.02061	0.03241	0.04492	0.33192	0.02142	0.02444	0.03136	0.09256	0.03316	0.02807	0.08276	0.02544	0.02637	0.12807	0.00612	0.01464	0.01194	0.00647	0.01455
8	0.01935	0.01313	0.01560	0.01486	0.01822	0.01247	0.01109	0.08126	0.02763	0.07981	0.16609	0.25205	0.19764	0.02498	0.01243	0.00368	0.00660	0.02169	0.01054	0.01087
9	0.02533	0.02427	0.04140	0.13770	0.49622	0.02490	0.03203	0.03171	0.02368	0.03352	0.01974	0.02644	0.01639	0.00958	0.01048	0.00319	0.01277	0.00942	0.00516	0.01607
10	0.07483	0.06114	0.02570	0.01901	0.02651	0.06606	0.01542	0.07977	0.07287	0.24169	0.03196	0.06573	0.02415	0.01282	0.00973	0.00293	0.00968	0.01015	0.00967	0.14017
11	0.01528	0.01066	0.01276	0.01310	0.01573	0.00942	0.00949	0.01820	0.02426	0.06446	0.17153	0.27307	0.26906	0.02714	0.01272	0.00376	0.00578	0.02366	0.01037	0.00957
12	0.30670	0.01399	0.01366	0.01437	0.01751	0.01503	0.01051	0.02169	0.01929	0.03569	0.03973	0.36425	0.04504	0.02320	0.01054	0.00386	0.00700	0.01970	0.00842	0.00981
13	0.01704	0.01217	0.01704	0.01947	0.02191	0.01217	0.01704	0.02191	0.02434	0.03164	0.05598	0.11926	0.06085	0.02921	0.01460	0.00487	0.00974	0.49130	0.00974	0.00974
14	0.04097	0.02189	0.02616	0.02077	0.02853	0.02216	0.01692	0.16931	0.14898	0.32959	0.03800	0.03415	0.02552	0.01327	0.01065	0.00332	0.00950	0.01065	0.01195	0.01771
15	0.01846	0.01126	0.01317	0.01265	0.01573	0.01011	0.00930	0.02168	0.02435	0.09743	0.15629	0.14826	0.22946	0.07530	0.01529	0.00402	0.00620	0.01908	0.10188	0.01008
16	0.01510	0.01133	0.01699	0.01699	0.01888	0.01322	0.01322	0.01888	0.01699	0.02454	0.02832	0.04154	0.02643	0.07930	0.58652	0.01699	0.02832	0.01133	0.00566	0.00944
17	0.01558	0.01048	0.01220	0.01250	0.01279	0.01048	0.00770	0.01617	0.01647	0.02186	0.03607	0.07528	0.04117	0.55552	0.04904	0.00960	0.01019	0.07328	0.00681	0.00681
18	0.39653	0.01930	0.01975	0.01620	0.02351	0.01989	0.01336	0.04064	0.02373	0.29168	0.02734	0.02597	0.01833	0.01134	0.00846	0.00327	0.00856	0.00802	0.00960	0.01451
19	0.17730	0.01586	0.01807	0.01516	0.02041	0.01547	0.01165	0.03566	0.02315	0.27334	0.03318	0.04077	0.02625	0.17044	0.02059	0.00500	0.00881	0.01074	0.06521	0.01295
20	0.02827	0.63478	0.05540	0.01809	0.02714	0.04184	0.01809	0.03166	0.02148	0.02488	0.01470	0.01696	0.01357	0.00905	0.00678	0.00226	0.01131	0.00565	0.00452	0.01357
21	0.02444	0.02531	0.03219	0.02772	0.02815	0.07655	0.02292	0.02678	0.01729	0.02548	0.01408	0.02281	0.01386	0.01790	0.03269	0.00447	0.56200	0.00906	0.00469	0.01162
22	0.01404	0.01052	0.01275	0.01266	0.01500	0.00952	0.00916	0.01760	0.02595	0.03491	0.32776	0.15787	0.21625	0.06971	0.01569	0.00404	0.00563	0.02119	0.01051	0.00924
23	0.01496	0.01081	0.01413	0.01330	0.01580	0.00998	0.00998	0.01995	0.02993	0.04240	0.55689	0.07898	0.09976	0.02162	0.01247	0.00333	0.00499	0.01912	0.01164	0.00998
24	0.01800	0.00931	0.01350	0.01350	0.01350	0.00931	0.00884	0.01397	0.01397	0.01863	0.02018	0.03665	0.02081	0.10872	0.04284	0.60939	0.00931	0.00994	0.00481	0.00481
25	0.04077	0.01630	0.02217	0.01802	0.02474	0.01420	0.01443	0.04442	0.02833	0.46498	0.04491	0.14904	0.03462	0.01696	0.01119	0.00347	0.00844	0.01438	0.01245	0.01618
26	0.20554	0.02137	0.02931	0.02376	0.02860	0.02479	0.10903	0.06800	0.02182	0.03799	0.02011	0.02609	0.01655	0.01701	0.05274	0.00445	0.17339	0.00914	0.09815	0.01217
27	0.03453	0.02404	0.04628	0.03360	0.04323	0.02197	0.30759	0.04139	0.02721	0.26200	0.03004	0.03170	0.02035	0.01069	0.01169	0.00344	0.01407	0.01169	0.00864	0.01585
28	0.03508	0.01830	0.02195	0.01785	0.02463	0.01752	0.01441	0.10729	0.09377	0.30135	0.05615	0.05155	0.15991	0.01664	0.01111	0.00337	0.00836	0.01359	0.01164	0.01555
29	0.70310	0.02045	0.01554	0.01390	0.02045	0.02372	0.01145	0.03108	0.01799	0.04744	0.01472	0.01718	0.01145	0.00981	0.00654	0.00327	0.00818	0.00573	0.00654	0.01145
30	0.01785	0.01089	0.01400	0.01442	0.01683	0.00981	0.01034	0.02065	0.02383	0.10327	0.14769	0.37063	0.14431	0.02749	0.01278	0.00388	0.00621	0.02439	0.01057	0.01015
31	0.01536	0.01065	0.01339	0.01391	0.01620	0.01001	0.01068	0.01953	0.02558	0.03588	0.25996	0.17398	0.12998	0.02426	0.01235	0.00368	0.00608	0.10679	0.10217	0.00956
32	0.12398	0.02663	0.03018	0.02657	0.07442	0.06634	0.05871	0.19306	0.12760	0.07952	0.02627	0.02711	0.01948	0.01157	0.00993	0.00315	0.01123	0.00931	0.00867	0.06627
33	0.03324	0.24479	0.03766	0.05718	0.03204	0.24561	0.01929	0.04023	0.09598	0.06853	0.02142	0.02290	0.01709	0.01086	0.00889	0.00277	0.01388	0.00754	0.00637	0.01371

[dist]
# distance from previous block
# <min> <max>
2	4

[block]
# block no. 3 follows, 13 sequences, length 32
# corresponding to MSA columns:
# 157-188
name=unknown_D
#
# <colnr> <probs for GDERKNQSTAVLIFYWHMCP>
#	G	D	E	R	K	N	Q	S	T	A	V	L	I	F	Y	W	H	M	C	P
0	0.01888	0.01223	0.01533	0.01512	0.01786	0.01157	0.01105	0.06031	0.02644	0.08662	0.18891	0.32611	0.11646	0.02596	0.01262	0.00378	0.00647	0.02296	0.01067	0.01063
1	0.16176	0.01845	0.02157	0.07391	0.02858	0.01925	0.01543	0.04119	0.13562	0.22994	0.04024	0.07695	0.06326	0.01480	0.01019	0.00345	0.00875	0.01199	0.01007	0.01459
2	0.09056	0.10765	0.27127	0.02955	0.08725	0.02476	0.07113	0.03345	0.02284	0.08616	0.02331	0.06488	0.01894	0.01164	0.00987	0.00327	0.01299	0.00973	0.00604	0.01472
3	0.02175	0.02150	0.03077	0.43858	0.11153	0.07581	0.02693	0.02781	0.02218	0.02764	0.02247	0.08434	0.01969	0.01266	0.01074	0.00348	0.01365	0.01114	0.00532	0.01198
4	0.02807	0.01333	0.01761	0.01572	0.01947	0.01266	0.01201	0.03065	0.02250	0.22788	0.03688	0.05224	0.03178	0.16539	0.09738	0.06134	0.01147	0.05742	0.07461	0.01161
5	0.02447	0.02757	0.05938	0.09939	0.05698	0.02642	0.47549	0.03320	0.02458	0.03320	0.02114	0.02849	0.01585	0.00908	0.01229	0.00356	0.01746	0.01218	0.00528	0.01401
6	0.02557	0.02451	0.04184	0.11676	0.51527	0.02496	0.03215	0.03193	0.02379	0.03382	0.01978	0.02636	0.01649	0.00953	0.01048	0.00318	0.01271	0.00942	0.00518	0.01627
7	0.02275	0.01312	0.01657	0.01604	0.01947	0.01245	0.01185	0.02876	0.08516	0.15844	0.09978	0.32680	0.09649	0.02469	0.01233	0.00383	0.00691	0.02179	0.01086	0.01191
8	0.04019	0.02962	0.03173	0.02433	0.03279	0.03279	0.02010	0.52721	0.04971	0.06663	0.02538	0.02538	0.01798	0.01269	0.01058	0.00317	0.01163	0.00952	0.01058	0.01798
9	0.01350	0.00980	0.01359	0.01536	0.01633	0.00988	0.01077	0.01589	0.01933	0.02631	0.04990	0.45929	0.05776	0.04604	0.17378	0.00785	0.01234	0.02482	0.00865	0.00883
10	0.01696	0.01011	0.01516	0.01516	0.01597	0.01092	0.01092	0.01597	0.01516	0.02103	0.02265	0.03619	0.02184	0.05506	0.27612	0.40152	0.01742	0.01011	0.00505	0.00668
11	0.50731	0.02316	0.02032	0.01698	0.02409	0.02640	0.01400	0.17761	0.02736	0.05311	0.01787	0.01960	0.01338	0.01066	0.00773	0.00324	0.00920	0.00685	0.00773	0.01338
12	0.01837	0.00918	0.01377	0.01377	0.01377	0.00918	0.00918	0.01377	0.01377	0.01837	0.01837	0.03214	0.01837	0.03673	0.04132	0.69238	0.00918	0.00918	0.00459	0.00459
13	0.02888	0.01339	0.01671	0.01437	0.01793	0.01238	0.01023	0.03098	0.02206	0.24703	0.03685	0.05301	0.03243	0.32295	0.03210	0.00672	0.00927	0.01295	0.06830	0.01145
14	0.25703	0.01357	0.01338	0.01361	0.01672	0.01426	0.00991	0.02111	0.02028	0.03522	0.09322	0.25302	0.09564	0.08056	0.01473	0.00434	0.00707	0.01826	0.00851	0.00955
15	0.58365	0.02000	0.01718	0.01480	0.02164	0.02223	0.01220	0.03481	0.02023	0.14261	0.01964	0.02060	0.01413	0.01041	0.00729	0.00327	0.00833	0.00662	0.00774	0.01264
16	0.04019	0.02962	0.03173	0.02433	0.03279	0.03279	0.02010	0.52721	0.04971	0.06663	0.02538	0.02538	0.01798	0.01269	0.01058	0.00317	0.01163	0.00952	0.01058	0.01798
17	0.02040	0.01166	0.01537	0.01526	0.01815	0.01085	0.01175	0.02438	0.02573	0.12049	0.20850	0.21960	0.06665	0.02370	0.01232	0.00375	0.00672	0.09845	0.07543	0.01084
18	0.03283	0.01604	0.01883	0.01553	0.02115	0.01548	0.01247	0.11182	0.02961	0.24272	0.04083	0.04027	0.06207	0.01367	0.00946	0.00295	0.00753	0.01096	0.28169	0.01411
19	0.39336	0.02148	0.01937	0.01739	0.02367	0.02490	0.01387	0.04257	0.25843	0.04597	0.02768	0.02737	0.02098	0.01189	0.00847	0.00342	0.00827	0.00858	0.00847	0.01387
20	0.01356	0.01003	0.01274	0.01409	0.01576	0.00921	0.01010	0.01642	0.02320	0.03072	0.16649	0.37939	0.16344	0.02937	0.01320	0.00402	0.00605	0.06304	0.01017	0.00902
21	0.02162	0.01226	0.01589	0.01462	0.01782	0.01162	0.01090	0.02480	0.02360	0.14629	0.16135	0.09552	0.12035	0.13880	0.12945	0.00724	0.01137	0.01621	0.00953	0.01075
22	0.09318	0.01947	0.02726	0.02269	0.02859	0.01991	0.10347	0.06977	0.13863	0.12480	0.03925	0.19516	0.03585	0.01783	0.01137	0.00367	0.00972	0.01607	0.00950	0.01381
23	0.02635	0.10250	0.37500	0.02881	0.04199	0.02644	0.07938	0.08252	0.02582	0.08249	0.02139	0.02388	0.01522	0.01036	0.01007	0.00324	0.01446	0.00846	0.00589	0.01573
24	0.07325	0.01902	0.02134	0.01887	0.02422	0.02035	0.01467	0.10395	0.21369	0.12798	0.09191	0.14803	0.04169	0.01784	0.01111	0.00357	0.00813	0.01509	0.01073	0.01456
25	0.09019	0.02137	0.02158	0.06961	0.02652	0.12605	0.01570	0.02791	0.02134	0.08063	0.05563	0.03231	0.02353	0.03022	0.12446	0.15039	0.05615	0.00959	0.00643	0.01038
26	0.02535	0.10226	0.38081	0.02992	0.04327	0.02649	0.10288	0.06761	0.02495	0.06894	0.02078	0.02376	0.01490	0.01016	0.01015	0.00326	0.01484	0.00856	0.00555	0.01554
27	0.01298	0.00977	0.01203	0.01349	0.01509	0.00882	0.00935	0.01536	0.02224	0.02893	0.12051	0.42695	0.20559	0.03027	0.01312	0.00400	0.00581	0.02688	0.00999	0.00882
28	0.09632	0.02330	0.02903	0.02373	0.03053	0.07514	0.10067	0.04231	0.15309	0.17029	0.07540	0.04124	0.03154	0.01395	0.01089	0.00346	0.01095	0.04397	0.00951	0.01468
29	0.17185	0.13648	0.10314	0.08096	0.08427	0.02492	0.02124	0.03704	0.02358	0.18648	0.02384	0.02510	0.01704	0.01067	0.00898	0.00311	0.01097	0.00810	0.00745	0.01478
30	0.06537	0.01465	0.01981	0.01781	0.02197	0.01403	0.04620	0.05881	0.02490	0.16563	0.04482	0.30903	0.04475	0.02193	0.01154	0.00369	0.00797	0.01944	0.07548	0.01215
31	0.02504	0.01845	0.02054	0.05299	0.02544	0.05570	0.01476	0.09467	0.10457	0.10211	0.09263	0.25826	0.04803	0.02130	0.01182	0.00367	0.00877	0.01849	0.01003	0.01273

[dist]
# distance from previous block
# <min> <max>
0	1

[block]
# block no. 4 follows, 13 sequences, length 11
# corresponding to MSA columns:
# 190-200
name=unknown_E
#
# <colnr> <probs for GDERKNQSTAVLIFYWHMCP>
#	G	D	E	R	K	N	Q	S	T	A	V	L	I	F	Y	W	H	M	C	P
0	0.12782	0.13917	0.02593	0.01593	0.02265	0.02020	0.01349	0.03353	0.02544	0.19890	0.12796	0.04281	0.08871	0.01435	0.00959	0.00299	0.00818	0.01132	0.00935	0.06168
1	0.11856	0.01695	0.02446	0.23212	0.09523	0.01902	0.02151	0.02596	0.02282	0.03369	0.08462	0.05796	0.03635	0.01687	0.01134	0.00382	0.01088	0.14920	0.00719	0.01146
2	0.02481	0.02047	0.03174	0.35574	0.09636	0.02352	0.04936	0.03622	0.12850	0.08746	0.02629	0.03114	0.01933	0.01143	0.01070	0.00348	0.01246	0.01019	0.00687	0.01392
3	0.02727	0.13171	0.20281	0.02593	0.08607	0.02265	0.02403	0.03423	0.02559	0.14879	0.13086	0.03609	0.03379	0.01278	0.01016	0.00312	0.01104	0.01049	0.00784	0.01478
4	0.23446	0.08380	0.02539	0.02102	0.06960	0.05517	0.01541	0.03568	0.02275	0.19842	0.02406	0.02598	0.01777	0.01468	0.01340	0.10331	0.00994	0.00811	0.00788	0.01318
5	0.08279	0.10257	0.28226	0.10958	0.04238	0.08009	0.02893	0.03542	0.07827	0.03328	0.02047	0.02370	0.01539	0.01054	0.00951	0.00322	0.01387	0.00799	0.00545	0.01429
6	0.07368	0.08444	0.02948	0.08125	0.11184	0.02416	0.01874	0.10382	0.10162	0.03900	0.05342	0.03257	0.02448	0.06447	0.01334	0.00356	0.01022	0.00973	0.00738	0.11280
7	0.18276	0.16929	0.23999	0.02676	0.09004	0.02769	0.02591	0.03351	0.02180	0.06743	0.01852	0.02119	0.01412	0.00989	0.00860	0.00306	0.01222	0.00720	0.00556	0.01447
8	0.12418	0.10758	0.37256	0.02516	0.03788	0.02523	0.03004	0.03506	0.02253	0.09749	0.02056	0.02260	0.01463	0.01026	0.00926	0.00321	0.01330	0.00761	0.00578	0.01508
9	0.02760	0.23689	0.18042	0.10670	0.03858	0.02930	0.02473	0.08036	0.02573	0.08876	0.04990	0.02617	0.02004	0.01098	0.00926	0.00298	0.01229	0.00839	0.00639	0.01453
10	0.07741	0.08341	0.07486	0.07751	0.02671	0.01816	0.01656	0.02281	0.01982	0.02918	0.09892	0.03739	0.03049	0.03625	0.18124	0.12728	0.01535	0.01046	0.00608	0.01012

[dist]
# distance from previous block
# <min> <max>
9	41

[block]
# block no. 5 follows, 13 sequences, length 51
# corresponding to MSA columns:
# 242-292
name=unknown_F
#
# <colnr> <probs for GDERKNQSTAVLIFYWHMCP>
#	G	D	E	R	K	N	Q	S	T	A	V	L	I	F	Y	W	H	M	C	P
0	0.14765	0.02372	0.03561	0.14841	0.15083	0.02498	0.11056	0.10523	0.02622	0.04006	0.01974	0.02487	0.01524	0.00998	0.00991	0.00318	0.01243	0.00902	0.00628	0.07609
1	0.01872	0.01638	0.02405	0.24767	0.04067	0.01942	0.01985	0.02589	0.06530	0.03283	0.18594	0.09929	0.04658	0.01736	0.01460	0.00369	0.08826	0.01445	0.00775	0.01130
2	0.01829	0.01305	0.01596	0.01643	0.01845	0.01325	0.01205	0.09328	0.02447	0.03252	0.04782	0.32335	0.05398	0.15031	0.02147	0.00545	0.00849	0.11239	0.00922	0.00978
3	0.02187	0.01368	0.01698	0.01639	0.01984	0.01354	0.01220	0.02982	0.11979	0.12900	0.11024	0.27886	0.09050	0.02694	0.04472	0.00454	0.00813	0.02041	0.01054	0.01200
4	0.16671	0.01549	0.01727	0.01509	0.02023	0.01515	0.01182	0.03040	0.05973	0.13839	0.20822	0.08595	0.08634	0.01703	0.01046	0.00326	0.00695	0.01412	0.01010	0.06731
5	0.01599	0.01055	0.01328	0.01392	0.01614	0.00949	0.00992	0.01880	0.02374	0.07419	0.16303	0.35809	0.17738	0.02793	0.01285	0.00387	0.00598	0.02472	0.01043	0.00969
6	0.01519	0.01144	0.01365	0.01365	0.01586	0.01103	0.00969	0.02062	0.07138	0.03360	0.24765	0.19500	0.15537	0.11562	0.01876	0.00464	0.00640	0.02081	0.01007	0.00958
7	0.02609	0.02145	0.02727	0.02359	0.02636	0.02715	0.01922	0.03708	0.17684	0.08320	0.02694	0.03057	0.02164	0.01624	0.02302	0.00401	0.32301	0.01024	0.06248	0.01359
8	0.08733	0.03174	0.02629	0.02189	0.02899	0.24235	0.01722	0.07383	0.02982	0.24427	0.02695	0.02621	0.01884	0.01154	0.00968	0.00291	0.01299	0.00836	0.00891	0.06988
9	0.09224	0.01549	0.01749	0.01607	0.02033	0.01587	0.01227	0.08607	0.07306	0.13225	0.04125	0.22305	0.03868	0.01915	0.01051	0.00346	0.00741	0.01626	0.14652	0.01256
10	0.02388	0.01454	0.01792	0.01600	0.02022	0.01389	0.01201	0.03157	0.10815	0.14806	0.18448	0.14558	0.05510	0.08654	0.01617	0.00414	0.00737	0.01650	0.01049	0.06738
11	0.02496	0.02852	0.06239	0.04456	0.05526	0.02674	0.52406	0.03387	0.02496	0.03387	0.02139	0.02852	0.01604	0.00891	0.01248	0.00357	0.01783	0.01248	0.00535	0.01426
12	0.04744	0.01799	0.02454	0.01881	0.02699	0.01554	0.01554	0.05153	0.03026	0.56979	0.04171	0.03599	0.02617	0.01309	0.01063	0.00327	0.00900	0.01063	0.01309	0.01799
13	0.08598	0.01561	0.01912	0.01673	0.02216	0.01472	0.01304	0.03699	0.07410	0.28132	0.05115	0.18906	0.09627	0.01950	0.01124	0.00359	0.00774	0.01654	0.01115	0.01397
14	0.01397	0.01030	0.01321	0.01527	0.01632	0.01002	0.01038	0.01808	0.06262	0.02839	0.05704	0.57436	0.06688	0.03160	0.01327	0.00424	0.00632	0.02859	0.00989	0.00925
15	0.04744	0.01799	0.02454	0.01881	0.02699	0.01554	0.01554	0.05153	0.03026	0.56979	0.04171	0.03599	0.02617	0.01309	0.01063	0.00327	0.00900	0.01063	0.01309	0.01799
16	0.02204	0.01246	0.01623	0.01614	0.01924	0.01180	0.01230	0.02698	0.05390	0.14250	0.11818	0.28558	0.05870	0.02452	0.01239	0.00388	0.00715	0.09007	0.05453	0.01141
17	0.44415	0.01948	0.01909	0.01584	0.02303	0.02049	0.01307	0.03916	0.02284	0.25374	0.02538	0.02461	0.01726	0.01111	0.00816	0.00327	0.00850	0.00766	0.00913	0.01403
18	0.01288	0.00920	0.01227	0.01472	0.01534	0.00859	0.00981	0.01472	0.02024	0.02699	0.05828	0.62152	0.06993	0.03312	0.01350	0.00429	0.00613	0.03006	0.00981	0.00859
19	0.01288	0.00920	0.01227	0.01472	0.01534	0.00859	0.00981	0.01472	0.02024	0.02699	0.05828	0.62152	0.06993	0.03312	0.01350	0.00429	0.00613	0.03006	0.00981	0.00859
20	0.11766	0.04319	0.36447	0.03156	0.04465	0.02500	0.15948	0.03325	0.02239	0.03554	0.01900	0.02319	0.01380	0.00972	0.01018	0.00339	0.01515	0.00872	0.00498	0.01469
21	0.01843	0.01572	0.02464	0.03433	0.23149	0.01532	0.01878	0.02248	0.02317	0.03222	0.11572	0.30738	0.05327	0.02209	0.01215	0.00370	0.00851	0.02031	0.00827	0.01201
22	0.01648	0.01352	0.01902	0.17867	0.03230	0.01449	0.01565	0.02290	0.06055	0.03370	0.22411	0.17929	0.10652	0.02094	0.01204	0.00363	0.00804	0.01852	0.00909	0.01055
23	0.02917	0.02421	0.02689	0.02398	0.08757	0.07213	0.01702	0.11460	0.02825	0.08242	0.02165	0.02385	0.01683	0.00954	0.00897	0.00226	0.01015	0.00757	0.00735	0.38561
24	0.01654	0.01040	0.01457	0.01600	0.01706	0.01027	0.01214	0.01718	0.01924	0.02534	0.04186	0.18823	0.04644	0.07135	0.02623	0.24490	0.00884	0.19817	0.00774	0.00749
25	0.03085	0.02627	0.03787	0.09348	0.32683	0.02783	0.02763	0.21506	0.03332	0.04581	0.02183	0.02604	0.01699	0.01072	0.01052	0.00318	0.01234	0.00946	0.00717	0.01680
26	0.02360	0.02129	0.03022	0.03511	0.23730	0.01845	0.02040	0.02892	0.02277	0.03449	0.01923	0.02360	0.01609	0.00846	0.00887	0.00219	0.00970	0.00751	0.00586	0.42595
27	0.02058	0.01941	0.03281	0.55025	0.12082	0.02365	0.02967	0.02755	0.02143	0.02775	0.01890	0.02799	0.01435	0.01046	0.01056	0.00349	0.01394	0.00940	0.00475	0.01224
28	0.02647	0.02575	0.03311	0.03063	0.09226	0.07606	0.11535	0.04514	0.30231	0.03784	0.03318	0.03607	0.02615	0.05509	0.01393	0.00392	0.01176	0.01154	0.00832	0.01514
29	0.01562	0.01196	0.01447	0.01363	0.01667	0.01138	0.01028	0.02263	0.07920	0.04005	0.42425	0.07927	0.17698	0.02185	0.01231	0.00340	0.00539	0.01900	0.01122	0.01045
30	0.70310	0.02045	0.01554	0.01390	0.02045	0.02372	0.01145	0.03108	0.01799	0.04744	0.01472	0.01718	0.01145	0.00981	0.00654	0.00327	0.00818	0.00573	0.00654	0.01145
31	0.09835	0.01579	0.02004	0.01685	0.02257	0.01457	0.01333	0.03854	0.02604	0.34589	0.06820	0.09332	0.03601	0.09341	0.01627	0.00434	0.00868	0.04253	0.01108	0.01421
32	0.01283	0.00941	0.01206	0.01417	0.01519	0.00863	0.00957	0.01478	0.02077	0.02721	0.06495	0.55051	0.13663	0.03226	0.01336	0.00420	0.00603	0.02900	0.00982	0.00863
33	0.70310	0.02045	0.01554	0.01390	0.02045	0.02372	0.01145	0.03108	0.01799	0.04744	0.01472	0.01718	0.01145	0.00981	0.00654	0.00327	0.00818	0.00573	0.00654	0.01145
34	0.01660	0.01275	0.01551	0.01491	0.01806	0.01256	0.01155	0.02506	0.10640	0.03972	0.36586	0.08039	0.14313	0.02202	0.01245	0.00357	0.00608	0.07146	0.01106	0.01084
35	0.01458	0.01062	0.01263	0.01223	0.01419	0.00984	0.00849	0.01757	0.02430	0.03287	0.30448	0.08073	0.17617	0.20713	0.02504	0.00548	0.00666	0.01864	0.00967	0.00867
36	0.03090	0.01517	0.01961	0.01757	0.02246	0.01426	0.01344	0.03763	0.09640	0.28362	0.04843	0.26771	0.04429	0.02117	0.01178	0.00372	0.00778	0.01848	0.01148	0.01411
37	0.04019	0.02962	0.03173	0.02433	0.03279	0.03279	0.02010	0.52721	0.04971	0.06663	0.02538	0.02538	0.01798	0.01269	0.01058	0.00317	0.01163	0.00952	0.01058	0.01798
38	0.03633	0.01547	0.02078	0.01756	0.02364	0.01359	0.01415	0.04002	0.02763	0.39038	0.05095	0.14237	0.07935	0.01886	0.01160	0.00360	0.00831	0.05841	0.01199	0.01501
39	0.01456	0.01078	0.01391	0.01548	0.01758	0.01012	0.01211	0.01803	0.02362	0.03075	0.12342	0.27039	0.16981	0.02910	0.01358	0.00425	0.00716	0.19613	0.00999	0.00923
40	0.03950	0.05039	0.02996	0.02724	0.03269	0.58597	0.02043	0.04222	0.02996	0.02588	0.01634	0.01907	0.01362	0.01090	0.00953	0.00272	0.01907	0.00681	0.00545	0.01226
41	0.01800	0.01013	0.01076	0.01060	0.01320	0.00977	0.00795	0.02269	0.02386	0.03876	0.14139	0.05390	0.10047	0.01570	0.00892	0.00275	0.00499	0.01301	0.48338	0.00977
42	0.01874	0.01208	0.01784	0.01720	0.01979	0.01348	0.01348	0.02255	0.01848	0.08577	0.02982	0.04091	0.02640	0.07186	0.52185	0.01545	0.02615	0.01125	0.00650	0.01040
43	0.02326	0.01769	0.02240	0.02395	0.07612	0.01867	0.01759	0.12792	0.07676	0.03860	0.04171	0.07629	0.04187	0.10978	0.01873	0.00502	0.01035	0.23194	0.00908	0.01227
44	0.01412	0.01008	0.01368	0.01613	0.01729	0.00965	0.01196	0.01686	0.02146	0.02837	0.05759	0.47239	0.06723	0.03196	0.01382	0.00446	0.00720	0.16700	0.00979	0.00893
45	0.01847	0.01204	0.01542	0.01556	0.01754	0.01235	0.01101	0.02328	0.07067	0.07753	0.04317	0.26072	0.04568	0.17177	0.14656	0.00821	0.01236	0.01913	0.00855	0.00997
46	0.02192	0.01879	0.02192	0.01566	0.02506	0.01409	0.01253	0.02662	0.02192	0.03445	0.01879	0.02192	0.01566	0.00783	0.00783	0.00157	0.00783	0.00626	0.00626	0.69305
47	0.04156	0.01984	0.02509	0.01902	0.02747	0.01778	0.01563	0.11604	0.03152	0.39539	0.03500	0.03179	0.02299	0.01204	0.01009	0.00293	0.00916	0.00964	0.01143	0.14559
48	0.01599	0.01216	0.01604	0.01607	0.01914	0.01125	0.01227	0.01950	0.02139	0.02993	0.07751	0.27225	0.05162	0.03461	0.11289	0.00600	0.01094	0.10380	0.00847	0.14817
49	0.02590	0.02036	0.02772	0.02893	0.16621	0.01715	0.01809	0.03095	0.02342	0.09459	0.02165	0.02462	0.01713	0.00884	0.00884	0.00217	0.00920	0.00758	0.00676	0.43989
50	0.07570	0.02152	0.03157	0.14557	0.20999	0.02181	0.02347	0.07058	0.02630	0.17271	0.02519	0.02802	0.01828	0.01069	0.01004	0.00311	0.01116	0.00920	0.00769	0.07738

[dist]
# distance from previous block
# <min> <max>
3	236

# created by:
# /st0/software/busco_prod/Augustus/scripts/msa2prfl.pl ./align_prep/6505.fa
