[name]
unknown

[dist]
# distance from previous block
# <min> <max>
5	93

[block]
# block no. 0 follows, 14 sequences, length 16
# corresponding to MSA columns:
# 95-110
name=unknown_A
#
# <colnr> <probs for GDERKNQSTAVLIFYWHMCP>
#	G	D	E	R	K	N	Q	S	T	A	V	L	I	F	Y	W	H	M	C	P
0	0.06677	0.10888	0.02321	0.01534	0.02079	0.01821	0.01248	0.06723	0.02594	0.16692	0.14996	0.04288	0.03905	0.08400	0.01422	0.00363	0.00806	0.01131	0.06894	0.05219
1	0.02834	0.17778	0.07991	0.01873	0.02747	0.02442	0.01723	0.12484	0.02771	0.10066	0.06366	0.02659	0.02241	0.01057	0.00869	0.00245	0.00969	0.00810	0.00745	0.21329
2	0.04064	0.02039	0.02642	0.02075	0.02735	0.02100	0.01718	0.13521	0.03043	0.39047	0.03287	0.03087	0.02187	0.01355	0.01439	0.00339	0.11613	0.00989	0.01082	0.01637
3	0.02458	0.01771	0.02061	0.06593	0.06482	0.05674	0.01501	0.08407	0.02648	0.12857	0.05290	0.19713	0.16323	0.02013	0.01135	0.00346	0.00881	0.01721	0.00915	0.01210
4	0.04171	0.01760	0.02337	0.01772	0.02587	0.01484	0.01457	0.04579	0.02796	0.48649	0.03660	0.03254	0.02362	0.01181	0.00984	0.00289	0.00853	0.00958	0.01154	0.13712
5	0.26518	0.02725	0.02451	0.02000	0.02716	0.10439	0.01624	0.24621	0.03319	0.11135	0.02176	0.02229	0.01565	0.01119	0.00882	0.00306	0.01087	0.00777	0.00855	0.01457
6	0.02058	0.05308	0.58618	0.02925	0.04442	0.02383	0.03792	0.03250	0.02167	0.03250	0.01842	0.02167	0.01300	0.00975	0.00975	0.00325	0.01517	0.00758	0.00433	0.01517
7	0.01950	0.01113	0.01342	0.01290	0.01490	0.01035	0.00862	0.02091	0.01957	0.12054	0.04870	0.17351	0.11809	0.32596	0.03169	0.00673	0.00829	0.01780	0.00846	0.00894
8	0.02515	0.44748	0.23175	0.02147	0.03238	0.03500	0.02436	0.03132	0.02112	0.02694	0.01565	0.01820	0.01311	0.00910	0.00764	0.00255	0.01238	0.00619	0.00437	0.01384
9	0.01252	0.00998	0.01122	0.01182	0.01433	0.00869	0.00852	0.01514	0.02297	0.02885	0.14462	0.25100	0.36984	0.02719	0.01241	0.00364	0.00538	0.02348	0.00973	0.00869
10	0.01286	0.00920	0.01222	0.01405	0.01496	0.00857	0.00955	0.01518	0.02129	0.02881	0.14628	0.53548	0.07293	0.03020	0.01292	0.00400	0.00576	0.02732	0.00984	0.00857
11	0.18577	0.02339	0.03197	0.02446	0.03246	0.07037	0.15140	0.04039	0.02539	0.27253	0.02744	0.02760	0.01864	0.01076	0.00982	0.00320	0.01165	0.00942	0.00870	0.01464
12	0.02343	0.14625	0.30493	0.02441	0.03533	0.02733	0.02711	0.03955	0.20041	0.03453	0.02550	0.02631	0.01916	0.01098	0.00943	0.00314	0.01208	0.00856	0.00639	0.01518
13	0.22487	0.02078	0.02025	0.01576	0.02370	0.05733	0.01265	0.03025	0.02142	0.08425	0.01886	0.02094	0.01476	0.00881	0.00759	0.00222	0.00856	0.00633	0.00668	0.39397
14	0.03061	0.02037	0.02315	0.01953	0.02629	0.02136	0.01547	0.05007	0.35335	0.18825	0.03877	0.03546	0.02790	0.01288	0.01009	0.00318	0.00823	0.01063	0.01056	0.09384
15	0.02128	0.01824	0.02128	0.01520	0.02432	0.01368	0.01216	0.02584	0.02128	0.03344	0.01824	0.02128	0.01520	0.00760	0.00760	0.00152	0.00760	0.00608	0.00608	0.70208

[dist]
# distance from previous block
# <min> <max>
1	4

[block]
# block no. 1 follows, 14 sequences, length 53
# corresponding to MSA columns:
# 115-167
name=unknown_B
#
# <colnr> <probs for GDERKNQSTAVLIFYWHMCP>
#	G	D	E	R	K	N	Q	S	T	A	V	L	I	F	Y	W	H	M	C	P
0	0.24853	0.03166	0.07364	0.02128	0.02755	0.19110	0.01810	0.03773	0.09492	0.07465	0.02063	0.02243	0.01587	0.01147	0.01090	0.00319	0.06928	0.00753	0.00669	0.01286
1	0.01468	0.01090	0.01599	0.01599	0.01766	0.01256	0.01221	0.01801	0.01635	0.02345	0.02794	0.04284	0.02675	0.12978	0.54736	0.01588	0.02584	0.01136	0.00557	0.00889
2	0.01350	0.01037	0.01184	0.01173	0.01395	0.00967	0.00830	0.01588	0.02111	0.02707	0.14017	0.08008	0.29838	0.18938	0.09777	0.00677	0.00923	0.01813	0.00841	0.00824
3	0.01359	0.01025	0.01256	0.01241	0.01487	0.00922	0.00914	0.01740	0.02622	0.03544	0.37246	0.15799	0.22318	0.02387	0.01225	0.00342	0.00509	0.02085	0.01057	0.00922
4	0.02744	0.64552	0.05378	0.01756	0.02634	0.04061	0.01756	0.03073	0.02085	0.02414	0.01427	0.01646	0.01317	0.00878	0.00658	0.00219	0.01097	0.00549	0.00439	0.01317
5	0.02744	0.64552	0.05378	0.01756	0.02634	0.04061	0.01756	0.03073	0.02085	0.02414	0.01427	0.01646	0.01317	0.00878	0.00658	0.00219	0.01097	0.00549	0.00439	0.01317
6	0.11229	0.01770	0.02295	0.01778	0.02556	0.01587	0.01469	0.04804	0.02819	0.52907	0.03788	0.03311	0.02398	0.01239	0.00992	0.00318	0.00865	0.00985	0.01207	0.01683
7	0.29866	0.02773	0.02380	0.02284	0.07474	0.16983	0.01649	0.06624	0.02524	0.15363	0.02125	0.02222	0.01549	0.01059	0.00850	0.00302	0.01139	0.00736	0.00752	0.01347
8	0.01383	0.01021	0.01292	0.01277	0.01504	0.00930	0.00938	0.01781	0.02661	0.03662	0.41347	0.17465	0.16212	0.02362	0.01228	0.00342	0.00508	0.02083	0.01073	0.00930
9	0.01339	0.00956	0.01292	0.01530	0.01628	0.00910	0.01106	0.01582	0.02052	0.02719	0.05607	0.51949	0.06594	0.03132	0.01333	0.00429	0.00672	0.13362	0.00951	0.00858
10	0.03881	0.03472	0.03029	0.02445	0.03179	0.19961	0.01960	0.39294	0.04257	0.05295	0.02204	0.02282	0.01620	0.01180	0.00997	0.00295	0.01343	0.00846	0.00879	0.01581
11	0.02340	0.02234	0.03804	0.24657	0.40741	0.02386	0.03050	0.02974	0.02242	0.03110	0.01895	0.02605	0.01540	0.00952	0.01019	0.00317	0.01269	0.00914	0.00491	0.01464
12	0.03703	0.02353	0.02655	0.02127	0.02869	0.02517	0.01727	0.25654	0.19352	0.20627	0.03424	0.03162	0.02384	0.01290	0.01033	0.00323	0.00962	0.01025	0.01101	0.01710
13	0.02956	0.02258	0.02439	0.02103	0.02740	0.02542	0.01661	0.12612	0.42902	0.09983	0.03910	0.03593	0.02868	0.01356	0.01040	0.00339	0.00865	0.01112	0.01064	0.01654
14	0.02720	0.02159	0.03505	0.27377	0.19947	0.02327	0.06491	0.08284	0.02562	0.11243	0.02256	0.02765	0.01660	0.01038	0.01038	0.00325	0.01259	0.00954	0.00649	0.01441
15	0.24805	0.02400	0.03097	0.03075	0.14249	0.02589	0.08738	0.14281	0.09509	0.04529	0.02190	0.02439	0.01670	0.01049	0.00926	0.00321	0.01079	0.00872	0.00729	0.01454
16	0.02910	0.16822	0.17523	0.02270	0.03222	0.02905	0.02269	0.15006	0.15355	0.07914	0.02592	0.02602	0.01920	0.01129	0.00937	0.00303	0.01128	0.00862	0.00767	0.01564
17	0.01342	0.01023	0.01234	0.01227	0.01477	0.00914	0.00903	0.01707	0.02577	0.03446	0.33847	0.16561	0.25155	0.02430	0.01226	0.00345	0.00512	0.02115	0.01044	0.00914
18	0.19367	0.09681	0.02827	0.02241	0.02847	0.37362	0.01757	0.07167	0.02692	0.03258	0.01595	0.01831	0.01301	0.01028	0.00840	0.00275	0.01485	0.00644	0.00579	0.01221
19	0.02828	0.15384	0.04388	0.04430	0.31010	0.02929	0.07392	0.12788	0.02763	0.03742	0.01941	0.02362	0.01578	0.00962	0.00962	0.00292	0.01225	0.00868	0.00593	0.01562
20	0.02263	0.02402	0.07481	0.25893	0.15448	0.02420	0.09604	0.03479	0.13906	0.03264	0.02395	0.02901	0.01825	0.01059	0.01049	0.00335	0.01277	0.00996	0.00602	0.01400
21	0.01250	0.00893	0.01191	0.01429	0.01488	0.00834	0.00953	0.01429	0.01965	0.02620	0.05656	0.63265	0.06787	0.03215	0.01310	0.00417	0.00595	0.02917	0.00953	0.00834
22	0.02955	0.02304	0.03698	0.09180	0.40453	0.02317	0.02756	0.07065	0.02599	0.13121	0.02331	0.02715	0.01776	0.01007	0.01020	0.00310	0.01163	0.00935	0.00674	0.01620
23	0.02502	0.02304	0.14346	0.06210	0.02950	0.01645	0.01929	0.07476	0.02500	0.16167	0.03884	0.26087	0.03750	0.01934	0.01126	0.00358	0.00965	0.01680	0.00885	0.01301
24	0.01250	0.00893	0.01191	0.01429	0.01488	0.00834	0.00953	0.01429	0.01965	0.02620	0.05656	0.63265	0.06787	0.03215	0.01310	0.00417	0.00595	0.02917	0.00953	0.00834
25	0.02058	0.05308	0.58618	0.02925	0.04442	0.02383	0.03792	0.03250	0.02167	0.03250	0.01842	0.02167	0.01300	0.00975	0.00975	0.00325	0.01517	0.00758	0.00433	0.01517
26	0.02047	0.15455	0.11698	0.06715	0.08330	0.02282	0.01974	0.02912	0.09848	0.03036	0.04779	0.04794	0.19119	0.01522	0.01001	0.00312	0.00974	0.01240	0.00694	0.01268
27	0.03025	0.03032	0.18226	0.07255	0.04125	0.02223	0.14713	0.06645	0.06416	0.19734	0.02750	0.02880	0.01889	0.01084	0.01060	0.00330	0.01295	0.00997	0.00779	0.01545
28	0.02553	0.02204	0.02320	0.02088	0.02669	0.02553	0.01624	0.05453	0.55679	0.04293	0.04177	0.03829	0.03133	0.01392	0.01044	0.00348	0.00812	0.01160	0.01044	0.01624
29	0.71184	0.01985	0.01508	0.01350	0.01985	0.02302	0.01111	0.03017	0.01746	0.04604	0.01429	0.01667	0.01111	0.00953	0.00635	0.00318	0.00794	0.00556	0.00635	0.01111
30	0.01470	0.01082	0.01559	0.01559	0.01711	0.01234	0.01170	0.01775	0.01623	0.02315	0.02831	0.04489	0.02764	0.17278	0.50558	0.01538	0.02450	0.01166	0.00562	0.00866
31	0.02056	0.01986	0.03103	0.38812	0.05382	0.02613	0.02617	0.02563	0.01867	0.02563	0.01640	0.02547	0.01360	0.01323	0.01929	0.00383	0.24762	0.00907	0.00453	0.01133
32	0.01335	0.00975	0.01256	0.01332	0.01498	0.00896	0.00943	0.01655	0.02411	0.03288	0.28566	0.33920	0.12781	0.02668	0.01257	0.00369	0.00540	0.02382	0.01030	0.00896
33	0.02705	0.04662	0.31567	0.02697	0.03744	0.20699	0.02857	0.03884	0.11253	0.03187	0.02147	0.02341	0.01610	0.01070	0.00971	0.00310	0.01506	0.00794	0.00565	0.01430
34	0.02198	0.01214	0.01611	0.01418	0.01790	0.01096	0.01096	0.02662	0.02913	0.16923	0.44465	0.06678	0.07993	0.01902	0.01168	0.00322	0.00576	0.01661	0.01163	0.01152
35	0.02072	0.01202	0.01475	0.01318	0.01723	0.01052	0.01020	0.02453	0.02701	0.15796	0.27713	0.07550	0.25752	0.02098	0.01171	0.00330	0.00585	0.01786	0.01095	0.01105
36	0.02553	0.02204	0.02320	0.02088	0.02669	0.02553	0.01624	0.05453	0.55679	0.04293	0.04177	0.03829	0.03133	0.01392	0.01044	0.00348	0.00812	0.01160	0.01044	0.01624
37	0.01429	0.01048	0.01339	0.01266	0.01518	0.00958	0.00950	0.01890	0.02849	0.03982	0.52355	0.07886	0.14403	0.02148	0.01211	0.00325	0.00488	0.01887	0.01112	0.00958
38	0.01938	0.01824	0.03078	0.61468	0.07068	0.02280	0.02850	0.02622	0.02052	0.02622	0.01824	0.02736	0.01368	0.01026	0.01026	0.00342	0.01368	0.00912	0.00456	0.01140
39	0.02326	0.02220	0.03779	0.25899	0.39604	0.02382	0.03043	0.02962	0.02236	0.03093	0.01893	0.02610	0.01534	0.00954	0.01020	0.00318	0.01272	0.00914	0.00490	0.01453
40	0.01250	0.00893	0.01191	0.01429	0.01488	0.00834	0.00953	0.01429	0.01965	0.02620	0.05656	0.63265	0.06787	0.03215	0.01310	0.00417	0.00595	0.02917	0.00953	0.00834
41	0.01865	0.03952	0.40389	0.02405	0.03515	0.01933	0.02893	0.02832	0.02402	0.03525	0.19403	0.03918	0.03969	0.01333	0.01050	0.00324	0.01188	0.01108	0.00655	0.01342
42	0.01489	0.01000	0.01142	0.01135	0.01156	0.00993	0.00653	0.01532	0.01619	0.02180	0.08055	0.06801	0.04265	0.58389	0.04863	0.00935	0.00949	0.01525	0.00667	0.00653
43	0.02058	0.05308	0.58618	0.02925	0.04442	0.02383	0.03792	0.03250	0.02167	0.03250	0.01842	0.02167	0.01300	0.00975	0.00975	0.00325	0.01517	0.00758	0.00433	0.01517
44	0.02717	0.02787	0.03050	0.02484	0.03193	0.14172	0.10609	0.04273	0.25775	0.03577	0.02848	0.02925	0.02191	0.01116	0.00996	0.00294	0.01175	0.00964	0.00767	0.14085
45	0.02744	0.64552	0.05378	0.01756	0.02634	0.04061	0.01756	0.03073	0.02085	0.02414	0.01427	0.01646	0.01317	0.00878	0.00658	0.00219	0.01097	0.00549	0.00439	0.01317
46	0.03345	0.01876	0.02287	0.01789	0.02571	0.01703	0.01442	0.04335	0.14772	0.28393	0.03370	0.03135	0.02351	0.01136	0.00948	0.00272	0.00823	0.00926	0.01007	0.23518
47	0.01489	0.01010	0.01196	0.01196	0.01222	0.01036	0.00717	0.01541	0.01515	0.02046	0.03164	0.06329	0.03563	0.55827	0.13102	0.01089	0.01248	0.01436	0.00611	0.00664
48	0.04308	0.01681	0.02287	0.01776	0.02518	0.01458	0.01458	0.04713	0.02934	0.53161	0.09020	0.03885	0.03211	0.01348	0.01049	0.00318	0.00837	0.01109	0.01257	0.01673
49	0.01471	0.00986	0.01126	0.01147	0.01152	0.00980	0.00651	0.01487	0.01535	0.02046	0.03451	0.11787	0.04005	0.58489	0.04872	0.00943	0.00959	0.01620	0.00651	0.00641
50	0.45531	0.01893	0.01845	0.01533	0.02229	0.01996	0.01264	0.03781	0.02205	0.25272	0.02438	0.02371	0.01662	0.01075	0.00788	0.00318	0.00824	0.00739	0.00880	0.01356
51	0.02744	0.64552	0.05378	0.01756	0.02634	0.04061	0.01756	0.03073	0.02085	0.02414	0.01427	0.01646	0.01317	0.00878	0.00658	0.00219	0.01097	0.00549	0.00439	0.01317
52	0.02540	0.02438	0.04165	0.06299	0.57533	0.02438	0.03149	0.03149	0.02337	0.03353	0.01930	0.02540	0.01626	0.00914	0.01016	0.00305	0.01219	0.00914	0.00508	0.01626

[dist]
# distance from previous block
# <min> <max>
2	12

[block]
# block no. 2 follows, 14 sequences, length 108
# corresponding to MSA columns:
# 180-287
name=unknown_C
#
# <colnr> <probs for GDERKNQSTAVLIFYWHMCP>
#	G	D	E	R	K	N	Q	S	T	A	V	L	I	F	Y	W	H	M	C	P
0	0.08783	0.25739	0.03976	0.03052	0.15352	0.21593	0.02095	0.03418	0.02381	0.02845	0.01594	0.01919	0.01372	0.00951	0.00825	0.00262	0.01344	0.00670	0.00500	0.01329
1	0.03041	0.21799	0.04116	0.03688	0.22742	0.19040	0.02336	0.06280	0.02562	0.03012	0.01713	0.02074	0.01455	0.00962	0.00884	0.00268	0.01354	0.00734	0.00522	0.01418
2	0.02801	0.02372	0.04067	0.05575	0.46661	0.02328	0.06543	0.03401	0.02421	0.10502	0.02217	0.02680	0.01740	0.00957	0.01032	0.00309	0.01210	0.00951	0.00608	0.01624
3	0.71184	0.01985	0.01508	0.01350	0.01985	0.02302	0.01111	0.03017	0.01746	0.04604	0.01429	0.01667	0.01111	0.00953	0.00635	0.00318	0.00794	0.00556	0.00635	0.01111
4	0.02347	0.02317	0.01840	0.01723	0.02095	0.20019	0.01288	0.02672	0.02682	0.06532	0.19967	0.12124	0.16505	0.01941	0.01118	0.00319	0.00971	0.01602	0.00886	0.01052
5	0.01293	0.00934	0.01196	0.01353	0.01456	0.00867	0.00914	0.01504	0.02082	0.02779	0.12610	0.46968	0.11142	0.07861	0.01601	0.00445	0.00606	0.02601	0.00950	0.00837
6	0.01265	0.00916	0.01196	0.01391	0.01485	0.00847	0.00942	0.01474	0.02069	0.02755	0.10280	0.54962	0.10466	0.03079	0.01295	0.00404	0.00581	0.02777	0.00967	0.00847
7	0.01369	0.00995	0.01296	0.01376	0.01550	0.00923	0.01002	0.01711	0.02439	0.03329	0.28750	0.30787	0.11588	0.02646	0.01267	0.00374	0.00568	0.06095	0.01031	0.00904
8	0.01432	0.01048	0.01344	0.01270	0.01521	0.00960	0.00952	0.01898	0.02857	0.04003	0.53087	0.07851	0.13658	0.02140	0.01211	0.00325	0.00487	0.01882	0.01115	0.00960
9	0.02724	0.02367	0.03017	0.03487	0.20500	0.02598	0.02161	0.11049	0.31780	0.04272	0.03226	0.03234	0.02464	0.01217	0.01033	0.00329	0.00985	0.01050	0.00868	0.01640
10	0.03786	0.02332	0.02519	0.02062	0.02771	0.06939	0.01655	0.12978	0.19715	0.28429	0.03629	0.03296	0.02496	0.01285	0.01026	0.00321	0.00976	0.01024	0.01099	0.01662
11	0.29622	0.02334	0.02297	0.01885	0.02594	0.02609	0.01540	0.22700	0.11681	0.09532	0.02468	0.02459	0.01788	0.01153	0.00879	0.00319	0.00929	0.00829	0.00898	0.01482
12	0.02540	0.02438	0.04165	0.06299	0.57533	0.02438	0.03149	0.03149	0.02337	0.03353	0.01930	0.02540	0.01626	0.00914	0.01016	0.00305	0.01219	0.00914	0.00508	0.01626
13	0.02364	0.31755	0.34851	0.02403	0.03635	0.03132	0.02883	0.03171	0.02130	0.02877	0.01656	0.01934	0.01308	0.00932	0.00834	0.00278	0.01330	0.00665	0.00436	0.01427
14	0.65871	0.01966	0.01578	0.01388	0.02035	0.02239	0.01143	0.03175	0.01841	0.08884	0.01638	0.01813	0.01225	0.00978	0.00667	0.00318	0.00800	0.00594	0.00686	0.01162
15	0.04604	0.01746	0.02382	0.01826	0.02620	0.01508	0.01508	0.05001	0.02937	0.58244	0.04049	0.03493	0.02540	0.01270	0.01032	0.00318	0.00873	0.01032	0.01270	0.01746
16	0.01338	0.00990	0.01250	0.01300	0.01492	0.00902	0.00931	0.01673	0.02466	0.03343	0.30393	0.28428	0.16529	0.02591	0.01247	0.00361	0.00531	0.02297	0.01035	0.00902
17	0.02368	0.01792	0.02018	0.01808	0.02297	0.01952	0.01402	0.04277	0.34172	0.08757	0.21267	0.05043	0.05204	0.01611	0.01097	0.00337	0.00711	0.01375	0.01091	0.01422
18	0.71184	0.01985	0.01508	0.01350	0.01985	0.02302	0.01111	0.03017	0.01746	0.04604	0.01429	0.01667	0.01111	0.00953	0.00635	0.00318	0.00794	0.00556	0.00635	0.01111
19	0.71184	0.01985	0.01508	0.01350	0.01985	0.02302	0.01111	0.03017	0.01746	0.04604	0.01429	0.01667	0.01111	0.00953	0.00635	0.00318	0.00794	0.00556	0.00635	0.01111
20	0.02716	0.10123	0.03174	0.02019	0.02923	0.01925	0.09045	0.03204	0.02317	0.13521	0.02227	0.02415	0.01691	0.00887	0.00864	0.00220	0.00967	0.00768	0.00697	0.38296
21	0.21137	0.02062	0.02641	0.02823	0.15727	0.02066	0.01836	0.07857	0.02634	0.27240	0.02743	0.02715	0.01892	0.01100	0.00926	0.00314	0.00956	0.00873	0.00905	0.01554
22	0.01492	0.00995	0.01119	0.01119	0.01119	0.00995	0.00622	0.01492	0.01492	0.01990	0.03233	0.06716	0.03731	0.63935	0.05223	0.00995	0.00995	0.01492	0.00622	0.00622
23	0.01995	0.01573	0.01710	0.01754	0.02037	0.06188	0.01337	0.02733	0.11216	0.06579	0.08576	0.29431	0.05471	0.02447	0.01232	0.00392	0.00821	0.12458	0.00963	0.01086
24	0.06576	0.11530	0.10158	0.04289	0.29335	0.02775	0.05872	0.10901	0.02633	0.03750	0.01912	0.02327	0.01531	0.00963	0.00954	0.00299	0.01229	0.00846	0.00577	0.01544
25	0.09947	0.01849	0.02608	0.01990	0.02791	0.01663	0.05736	0.04697	0.02797	0.49319	0.03671	0.03282	0.02342	0.01211	0.01014	0.00320	0.00936	0.01007	0.01156	0.01664
26	0.01439	0.01038	0.01359	0.01300	0.01530	0.00959	0.00967	0.01902	0.02841	0.04013	0.53487	0.11462	0.09485	0.02174	0.01217	0.00329	0.00492	0.01928	0.01118	0.00959
27	0.71184	0.01985	0.01508	0.01350	0.01985	0.02302	0.01111	0.03017	0.01746	0.04604	0.01429	0.01667	0.01111	0.00953	0.00635	0.00318	0.00794	0.00556	0.00635	0.01111
28	0.02599	0.52022	0.16638	0.02003	0.03016	0.03706	0.02186	0.03110	0.02102	0.02591	0.01514	0.01756	0.01313	0.00898	0.00725	0.00242	0.01186	0.00593	0.00438	0.01359
29	0.02522	0.44581	0.18467	0.02030	0.03071	0.03420	0.02223	0.03077	0.02109	0.02700	0.01563	0.01816	0.01329	0.00893	0.00746	0.00240	0.01175	0.00606	0.00451	0.06979
30	0.01263	0.00918	0.01193	0.01386	0.01484	0.00847	0.00940	0.01473	0.02071	0.02752	0.10145	0.54402	0.11192	0.03075	0.01294	0.00403	0.00580	0.02770	0.00967	0.00847
31	0.01257	0.00993	0.01133	0.01199	0.01439	0.00869	0.00861	0.01521	0.02294	0.02903	0.15099	0.26885	0.34453	0.02732	0.01244	0.00366	0.00540	0.02368	0.00977	0.00869
32	0.02646	0.56112	0.12962	0.01922	0.02891	0.03822	0.02046	0.03098	0.02097	0.02533	0.01486	0.01720	0.01315	0.00892	0.00704	0.00235	0.01157	0.00579	0.00438	0.01345
33	0.03901	0.02874	0.03080	0.02361	0.03182	0.03182	0.01951	0.54111	0.04825	0.06468	0.02464	0.02464	0.01745	0.01232	0.01027	0.00308	0.01129	0.00924	0.01027	0.01745
34	0.01344	0.01045	0.01222	0.01177	0.01467	0.00922	0.00883	0.01727	0.02649	0.03508	0.35927	0.08665	0.31126	0.02324	0.01211	0.00334	0.00500	0.01996	0.01050	0.00922
35	0.01669	0.01147	0.01395	0.01386	0.01664	0.01076	0.01017	0.02198	0.06896	0.07538	0.21143	0.25530	0.18527	0.02451	0.01215	0.00360	0.00586	0.02148	0.01036	0.01017
36	0.16955	0.02392	0.02450	0.02007	0.02688	0.02678	0.01626	0.28553	0.15422	0.05408	0.07208	0.03045	0.02593	0.01284	0.00967	0.00320	0.00937	0.00981	0.00960	0.01525
37	0.02647	0.12379	0.20127	0.03021	0.12207	0.02804	0.02596	0.11906	0.14890	0.03902	0.02432	0.02581	0.01848	0.01088	0.00960	0.00309	0.01183	0.00872	0.00682	0.01567
38	0.03839	0.04722	0.02923	0.02620	0.03173	0.55070	0.01980	0.08288	0.03069	0.02843	0.01660	0.01902	0.01357	0.01072	0.00934	0.00268	0.01790	0.00683	0.00570	0.01236
39	0.01273	0.01050	0.01164	0.01158	0.01470	0.00942	0.00876	0.01568	0.02273	0.02817	0.12882	0.08758	0.44545	0.03380	0.10661	0.00554	0.00876	0.01969	0.00902	0.00883
40	0.13251	0.01850	0.02028	0.01493	0.02360	0.01518	0.01199	0.02654	0.02067	0.03547	0.01760	0.02054	0.01454	0.00791	0.00740	0.00179	0.00765	0.00600	0.00612	0.59078
41	0.01252	0.01045	0.01116	0.01110	0.01435	0.00909	0.00836	0.01539	0.02326	0.02844	0.13378	0.09220	0.48912	0.02983	0.06077	0.00453	0.00702	0.02053	0.00933	0.00878
42	0.02179	0.02236	0.01763	0.01746	0.01949	0.20018	0.01212	0.02346	0.02099	0.02371	0.03351	0.21051	0.03725	0.21538	0.07295	0.00648	0.01305	0.01597	0.00680	0.00891
43	0.02290	0.01744	0.01959	0.01854	0.02283	0.01915	0.01398	0.04115	0.34194	0.07938	0.04646	0.23047	0.04270	0.01973	0.01129	0.00368	0.00747	0.01719	0.01032	0.01378
44	0.11068	0.04875	0.51174	0.02720	0.04121	0.02373	0.03442	0.03220	0.02112	0.03426	0.01788	0.02102	0.01275	0.00972	0.00931	0.00324	0.01422	0.00732	0.00460	0.01464
45	0.02183	0.09082	0.33043	0.03169	0.04375	0.02502	0.19232	0.03134	0.02199	0.03123	0.01954	0.02462	0.01484	0.01468	0.05722	0.00429	0.01648	0.00911	0.00470	0.01410
46	0.02058	0.05308	0.58618	0.02925	0.04442	0.02383	0.03792	0.03250	0.02167	0.03250	0.01842	0.02167	0.01300	0.00975	0.00975	0.00325	0.01517	0.00758	0.00433	0.01517
47	0.02540	0.02438	0.04165	0.06299	0.57533	0.02438	0.03149	0.03149	0.02337	0.03353	0.01930	0.02540	0.01626	0.00914	0.01016	0.00305	0.01219	0.00914	0.00508	0.01626
48	0.01475	0.01066	0.01477	0.01477	0.01601	0.01189	0.01069	0.01722	0.01598	0.02255	0.02906	0.04901	0.02943	0.25923	0.42158	0.01437	0.02180	0.01227	0.00573	0.00821
49	0.09418	0.04650	0.02792	0.02536	0.03074	0.55046	0.01911	0.04008	0.02812	0.02685	0.01573	0.01835	0.01304	0.01049	0.00901	0.00269	0.01763	0.00652	0.00538	0.01183
50	0.02551	0.03982	0.33782	0.03200	0.04459	0.02319	0.19120	0.03522	0.02361	0.11446	0.02244	0.02552	0.01565	0.00984	0.01057	0.00330	0.01488	0.00941	0.00585	0.01509
51	0.03578	0.01919	0.02283	0.01883	0.02553	0.01951	0.01512	0.07997	0.22449	0.30564	0.03939	0.03581	0.02717	0.01307	0.01010	0.00322	0.00833	0.01066	0.06901	0.01635
52	0.01368	0.00998	0.01287	0.01316	0.01507	0.00917	0.00949	0.01736	0.02557	0.03527	0.36754	0.25839	0.12426	0.02499	0.01243	0.00355	0.00523	0.02224	0.01059	0.00917
53	0.02219	0.01810	0.01992	0.01804	0.02268	0.01987	0.01390	0.08130	0.31250	0.04225	0.17822	0.09259	0.07990	0.01755	0.01113	0.00343	0.00724	0.01498	0.01053	0.01370
54	0.03901	0.02874	0.03080	0.02361	0.03182	0.03182	0.01951	0.54111	0.04825	0.06468	0.02464	0.02464	0.01745	0.01232	0.01027	0.00308	0.01129	0.00924	0.01027	0.01745
55	0.03510	0.02504	0.02726	0.02131	0.02862	0.02709	0.01745	0.42567	0.04350	0.08873	0.07787	0.03579	0.07094	0.01421	0.01058	0.00313	0.01010	0.01112	0.01043	0.01607
56	0.01437	0.01037	0.01358	0.01302	0.01530	0.00958	0.00967	0.01897	0.02832	0.03999	0.53008	0.11980	0.09458	0.02185	0.01218	0.00330	0.00493	0.01938	0.01116	0.00958
57	0.02574	0.22199	0.21813	0.07945	0.12501	0.02996	0.02752	0.09757	0.02506	0.03380	0.01810	0.02155	0.01421	0.00974	0.00897	0.00289	0.01279	0.00754	0.00526	0.01472
58	0.01938	0.01824	0.03078	0.61468	0.07068	0.02280	0.02850	0.02622	0.02052	0.02622	0.01824	0.02736	0.01368	0.01026	0.01026	0.00342	0.01368	0.00912	0.00456	0.01140
59	0.01294	0.00996	0.01184	0.01235	0.01461	0.00886	0.00889	0.01594	0.02387	0.03116	0.22504	0.25957	0.27512	0.02646	0.01243	0.00362	0.00533	0.02311	0.01004	0.00886
60	0.02990	0.07587	0.20015	0.02051	0.02960	0.01865	0.02128	0.03649	0.02623	0.25141	0.14444	0.03824	0.03580	0.01324	0.01023	0.00313	0.01009	0.01084	0.00914	0.01475
61	0.04604	0.01746	0.02382	0.01826	0.02620	0.01508	0.01508	0.05001	0.02937	0.58244	0.04049	0.03493	0.02540	0.01270	0.01032	0.00318	0.00873	0.01032	0.01270	0.01746
62	0.02355	0.01988	0.03351	0.12252	0.28080	0.01998	0.06692	0.02949	0.02491	0.07981	0.15366	0.03900	0.03600	0.01240	0.01082	0.00319	0.01077	0.01175	0.00715	0.01389
63	0.01250	0.00893	0.01191	0.01429	0.01488	0.00834	0.00953	0.01429	0.01965	0.02620	0.05656	0.63265	0.06787	0.03215	0.01310	0.00417	0.00595	0.02917	0.00953	0.00834
64	0.02223	0.03464	0.24775	0.02828	0.07955	0.06625	0.05477	0.03466	0.13676	0.03318	0.03002	0.13121	0.02684	0.01447	0.01061	0.00341	0.01220	0.01249	0.00672	0.01398
65	0.71184	0.01985	0.01508	0.01350	0.01985	0.02302	0.01111	0.03017	0.01746	0.04604	0.01429	0.01667	0.01111	0.00953	0.00635	0.00318	0.00794	0.00556	0.00635	0.01111
66	0.02916	0.08625	0.08216	0.04527	0.32013	0.20189	0.02726	0.03442	0.02478	0.03008	0.01775	0.02224	0.01481	0.00960	0.00955	0.00287	0.01427	0.00793	0.00503	0.01457
67	0.02450	0.08019	0.18642	0.02354	0.06527	0.02146	0.02203	0.03504	0.10855	0.07766	0.02360	0.02509	0.01789	0.00983	0.00896	0.00261	0.01049	0.00788	0.00661	0.24238
68	0.02147	0.35207	0.03526	0.01541	0.02125	0.02632	0.01392	0.02548	0.02464	0.03200	0.27104	0.04428	0.05183	0.01442	0.00914	0.00267	0.00814	0.01153	0.00758	0.01156
69	0.02128	0.01824	0.02128	0.01520	0.02432	0.01368	0.01216	0.02584	0.02128	0.03344	0.01824	0.02128	0.01520	0.00760	0.00760	0.00152	0.00760	0.00608	0.00608	0.70208
70	0.39422	0.03267	0.23894	0.01999	0.02990	0.02277	0.02187	0.03249	0.01995	0.07895	0.01777	0.01992	0.01287	0.00984	0.00796	0.00320	0.01082	0.00669	0.00601	0.01315
71	0.03633	0.01777	0.02282	0.01706	0.02546	0.01453	0.01394	0.04054	0.02620	0.36720	0.03176	0.02958	0.02140	0.01070	0.00925	0.00253	0.00829	0.00866	0.01011	0.28587
72	0.02128	0.01824	0.02128	0.01520	0.02432	0.01368	0.01216	0.02584	0.02128	0.03344	0.01824	0.02128	0.01520	0.00760	0.00760	0.00152	0.00760	0.00608	0.00608	0.70208
73	0.02479	0.01899	0.03098	0.07615	0.07528	0.01895	0.13829	0.03353	0.10181	0.12214	0.11978	0.04350	0.03573	0.09450	0.01650	0.00419	0.01085	0.01271	0.00826	0.01307
74	0.02167	0.02058	0.03492	0.40479	0.26268	0.02340	0.02964	0.02823	0.02160	0.02900	0.01864	0.02661	0.01466	0.00984	0.01022	0.00328	0.01311	0.00913	0.00476	0.01325
75	0.02927	0.02701	0.07109	0.02123	0.02673	0.16332	0.05162	0.03424	0.05217	0.14682	0.02810	0.03764	0.02385	0.16983	0.06720	0.00580	0.01409	0.01052	0.00733	0.01214
76	0.02205	0.23699	0.36998	0.02399	0.03616	0.02788	0.02898	0.03047	0.02155	0.02946	0.02420	0.02641	0.05934	0.01079	0.00895	0.00293	0.01301	0.00809	0.00478	0.01400
77	0.14222	0.01839	0.02503	0.02512	0.11354	0.01814	0.04524	0.03641	0.06269	0.22171	0.10556	0.03829	0.03230	0.05541	0.01287	0.00366	0.00914	0.01101	0.00920	0.01408
78	0.02384	0.12746	0.07082	0.09907	0.03393	0.12165	0.06082	0.03094	0.06880	0.03079	0.10063	0.03672	0.07311	0.01276	0.00981	0.00291	0.01162	0.01051	0.00663	0.06717
79	0.02403	0.02214	0.03286	0.39576	0.18792	0.06861	0.02770	0.03018	0.02245	0.06278	0.01970	0.02665	0.01501	0.01017	0.01016	0.00325	0.01339	0.00900	0.00526	0.01300
80	0.13606	0.03321	0.20119	0.07344	0.08682	0.02545	0.14116	0.11443	0.02595	0.03964	0.01935	0.02341	0.01432	0.00987	0.00988	0.00325	0.01349	0.00878	0.00589	0.01441
81	0.02304	0.02044	0.03168	0.47373	0.10627	0.02438	0.02730	0.10959	0.02522	0.03302	0.01936	0.02676	0.01450	0.01050	0.01025	0.00333	0.01317	0.00914	0.00552	0.01278
82	0.02657	0.02423	0.02368	0.02134	0.02710	0.07218	0.01654	0.05343	0.51380	0.04148	0.03966	0.03668	0.02985	0.01365	0.01035	0.00341	0.00897	0.01120	0.01002	0.01589
83	0.01472	0.01074	0.01522	0.01522	0.01661	0.01213	0.01124	0.01751	0.01611	0.02288	0.02866	0.04678	0.02846	0.21242	0.46706	0.01492	0.02326	0.01194	0.00567	0.00845
84	0.02439	0.02336	0.03984	0.15501	0.49116	0.02412	0.03099	0.03061	0.02289	0.03231	0.01913	0.02573	0.01583	0.00933	0.01018	0.00311	0.01244	0.00914	0.00499	0.01545
85	0.02660	0.02258	0.02381	0.02110	0.02709	0.02603	0.01650	0.09327	0.51631	0.04466	0.04040	0.03720	0.03022	0.01380	0.01043	0.00345	0.00837	0.01141	0.01043	0.01634
86	0.02492	0.02389	0.04079	0.10691	0.53516	0.02426	0.03126	0.03107	0.02314	0.03294	0.01922	0.02555	0.01605	0.00923	0.01017	0.00308	0.01231	0.00914	0.00504	0.01587
87	0.03132	0.03817	0.33683	0.02480	0.03678	0.02131	0.02813	0.08029	0.02663	0.23471	0.02693	0.02672	0.01786	0.01103	0.01000	0.00321	0.01252	0.00871	0.00785	0.01619
88	0.02058	0.05308	0.58618	0.02925	0.04442	0.02383	0.03792	0.03250	0.02167	0.03250	0.01842	0.02167	0.01300	0.00975	0.00975	0.00325	0.01517	0.00758	0.00433	0.01517
89	0.02368	0.02011	0.02161	0.01955	0.02478	0.02287	0.01514	0.04864	0.46835	0.04263	0.13028	0.04472	0.04230	0.01511	0.01072	0.00344	0.00757	0.01277	0.01059	0.01514
90	0.08070	0.09740	0.36022	0.02610	0.03785	0.11917	0.02963	0.07498	0.02463	0.03430	0.01783	0.02056	0.01326	0.00999	0.00917	0.00304	0.01447	0.00722	0.00514	0.01433
91	0.02848	0.03017	0.17211	0.04395	0.29325	0.02241	0.06569	0.03573	0.02427	0.14857	0.02364	0.02665	0.01733	0.01000	0.01023	0.00315	0.01255	0.00922	0.00651	0.01607
92	0.03073	0.02589	0.03586	0.04407	0.31692	0.02739	0.02553	0.23263	0.07778	0.04649	0.02327	0.02618	0.01799	0.01079	0.01022	0.00310	0.01150	0.00939	0.00756	0.01672
93	0.02261	0.02153	0.03661	0.31887	0.34127	0.02365	0.03011	0.02905	0.02205	0.03014	0.01881	0.02631	0.01506	0.00966	0.01021	0.00322	0.01288	0.00913	0.00484	0.01400
94	0.02819	0.13517	0.12118	0.02230	0.03062	0.20467	0.02028	0.03708	0.11015	0.03071	0.02068	0.02244	0.01650	0.01009	0.00876	0.00258	0.01288	0.00729	0.00598	0.15244
95	0.01432	0.01048	0.01344	0.01270	0.01521	0.00960	0.00952	0.01898	0.02857	0.04003	0.53088	0.07851	0.13657	0.02140	0.01211	0.00325	0.00487	0.01882	0.01115	0.00960
96	0.02209	0.01813	0.01932	0.01775	0.02167	0.02048	0.01300	0.04171	0.38134	0.03547	0.03871	0.04763	0.03326	0.21643	0.02397	0.00558	0.00871	0.01268	0.00907	0.01300
97	0.03949	0.02560	0.02856	0.02216	0.03010	0.02746	0.01822	0.38770	0.08654	0.18160	0.02971	0.02814	0.02044	0.01254	0.01029	0.00314	0.01044	0.00969	0.01084	0.01735
98	0.02967	0.03074	0.02511	0.02268	0.02832	0.21093	0.01740	0.05014	0.38593	0.03716	0.03338	0.03188	0.02546	0.01284	0.01006	0.00321	0.01148	0.00999	0.00877	0.01484
99	0.01384	0.01046	0.01277	0.01219	0.01491	0.00939	0.00914	0.01804	0.02743	0.03732	0.43697	0.08296	0.23217	0.02241	0.01211	0.00330	0.00494	0.01944	0.01079	0.00939
100	0.01452	0.01049	0.01372	0.01291	0.01533	0.00968	0.00968	0.01937	0.02905	0.04115	0.56992	0.07666	0.09683	0.02098	0.01210	0.00323	0.00484	0.01856	0.01130	0.00968
101	0.12966	0.01157	0.01260	0.01280	0.01559	0.01126	0.00942	0.01854	0.02297	0.03428	0.21228	0.23587	0.18974	0.02358	0.01144	0.00355	0.00577	0.02027	0.00952	0.00928
102	0.24682	0.02036	0.01978	0.01782	0.02352	0.02339	0.01403	0.04370	0.33795	0.04379	0.07712	0.03450	0.03027	0.01309	0.00926	0.00336	0.00779	0.01023	0.00919	0.01403
103	0.01250	0.00893	0.01191	0.01429	0.01488	0.00834	0.00953	0.01429	0.01965	0.02620	0.05656	0.63265	0.06787	0.03215	0.01310	0.00417	0.00595	0.02917	0.00953	0.00834
104	0.01250	0.00893	0.01191	0.01429	0.01488	0.00834	0.00953	0.01429	0.01965	0.02620	0.05656	0.63265	0.06787	0.03215	0.01310	0.00417	0.00595	0.02917	0.00953	0.00834
105	0.07483	0.01155	0.01398	0.01323	0.01608	0.01099	0.00984	0.02131	0.02581	0.07626	0.36513	0.13224	0.10733	0.05938	0.01410	0.00376	0.00584	0.01805	0.01036	0.00993
106	0.01213	0.01040	0.01040	0.01040	0.01386	0.00866	0.00780	0.01473	0.02339	0.02772	0.10396	0.09876	0.57117	0.02599	0.01213	0.00347	0.00520	0.02166	0.00953	0.00866
107	0.04176	0.02434	0.02807	0.02152	0.02962	0.02528	0.01778	0.34915	0.04087	0.26706	0.03083	0.02866	0.02056	0.01247	0.01029	0.00312	0.01029	0.00966	0.01122	0.01746

[dist]
# distance from previous block
# <min> <max>
0	16

[block]
# block no. 3 follows, 14 sequences, length 15
# corresponding to MSA columns:
# 304-318
name=unknown_D
#
# <colnr> <probs for GDERKNQSTAVLIFYWHMCP>
#	G	D	E	R	K	N	Q	S	T	A	V	L	I	F	Y	W	H	M	C	P
0	0.01525	0.01003	0.01198	0.01183	0.01320	0.00967	0.00796	0.01802	0.02183	0.03154	0.24534	0.10656	0.06114	0.25596	0.02670	0.00573	0.00686	0.01653	0.11562	0.00825
1	0.01431	0.01048	0.01342	0.01268	0.01520	0.00959	0.00951	0.01894	0.02853	0.03993	0.52755	0.07867	0.13996	0.02144	0.01211	0.00325	0.00487	0.01884	0.01114	0.00959
2	0.01452	0.01049	0.01372	0.01291	0.01533	0.00968	0.00968	0.01937	0.02905	0.04115	0.56992	0.07666	0.09683	0.02098	0.01210	0.00323	0.00484	0.01856	0.01130	0.00968
3	0.02128	0.01824	0.02128	0.01520	0.02432	0.01368	0.01216	0.02584	0.02128	0.03344	0.01824	0.02128	0.01520	0.00760	0.00760	0.00152	0.00760	0.00608	0.00608	0.70208
4	0.01654	0.01181	0.01654	0.01890	0.02126	0.01181	0.01654	0.02126	0.02362	0.03071	0.05433	0.11576	0.05906	0.02835	0.01417	0.00472	0.00945	0.50626	0.00945	0.00945
5	0.01270	0.00908	0.01208	0.01416	0.01493	0.00847	0.00954	0.01478	0.02055	0.02764	0.10609	0.57901	0.07067	0.03107	0.01300	0.00408	0.00585	0.02815	0.00970	0.00847
6	0.02422	0.02768	0.06055	0.04325	0.05363	0.02595	0.53806	0.03287	0.02422	0.03287	0.02076	0.02768	0.01557	0.00865	0.01211	0.00346	0.01730	0.01211	0.00519	0.01384
7	0.01466	0.01100	0.01649	0.01649	0.01833	0.01283	0.01283	0.01833	0.01649	0.02382	0.02749	0.04032	0.02566	0.07697	0.59868	0.01649	0.02749	0.01100	0.00550	0.00916
8	0.01984	0.01135	0.01580	0.01499	0.01698	0.01183	0.01096	0.02135	0.01749	0.10374	0.02893	0.04431	0.02705	0.19257	0.29172	0.12659	0.01755	0.01147	0.00655	0.00891
9	0.71184	0.01985	0.01508	0.01350	0.01985	0.02302	0.01111	0.03017	0.01746	0.04604	0.01429	0.01667	0.01111	0.00953	0.00635	0.00318	0.00794	0.00556	0.00635	0.01111
10	0.01466	0.01100	0.01649	0.01649	0.01833	0.01283	0.01283	0.01833	0.01649	0.02382	0.02749	0.04032	0.02566	0.07697	0.59868	0.01649	0.02749	0.01100	0.00550	0.00916
11	0.02200	0.01835	0.02017	0.01833	0.02305	0.02045	0.01414	0.04327	0.38786	0.04236	0.21083	0.05057	0.05229	0.01618	0.01097	0.00340	0.00707	0.01383	0.01072	0.01414
12	0.03762	0.02409	0.02403	0.01982	0.02630	0.13050	0.01576	0.09457	0.07189	0.29966	0.11171	0.03704	0.03313	0.01355	0.01038	0.00309	0.01028	0.01079	0.01063	0.01514
13	0.24404	0.02181	0.03117	0.14758	0.30565	0.02366	0.02443	0.03011	0.02096	0.03620	0.01750	0.02296	0.01414	0.00947	0.00896	0.00316	0.01110	0.00799	0.00539	0.01373
14	0.02673	0.58465	0.10848	0.01876	0.02820	0.03888	0.01965	0.03091	0.02094	0.02500	0.01469	0.01700	0.01315	0.00888	0.00691	0.00230	0.01141	0.00570	0.00438	0.01337

[dist]
# distance from previous block
# <min> <max>
0	6

# created by:
# /st0/software/busco_prod/Augustus/scripts/msa2prfl.pl ./align_prep/6506.fa
