[name]
unknown

[dist]
# distance from previous block
# <min> <max>
0	72

[block]
# block no. 0 follows, 10 sequences, length 16
# corresponding to MSA columns:
# 72-87
name=unknown_A
#
# <colnr> <probs for GDERKNQSTAVLIFYWHMCP>
#	G	D	E	R	K	N	Q	S	T	A	V	L	I	F	Y	W	H	M	C	P
0	0.56948	0.02416	0.02004	0.01719	0.02473	0.02774	0.01417	0.10782	0.02556	0.05567	0.01813	0.02039	0.01378	0.01132	0.00793	0.00358	0.00962	0.00699	0.00793	0.01378
1	0.04345	0.05543	0.03296	0.02996	0.03596	0.54457	0.02247	0.04644	0.03296	0.02846	0.01798	0.02097	0.01498	0.01199	0.01049	0.00300	0.02097	0.00749	0.00599	0.01348
2	0.03886	0.02769	0.08853	0.04172	0.19537	0.02292	0.07752	0.04564	0.02953	0.26275	0.03301	0.03363	0.02274	0.01222	0.01180	0.00360	0.01300	0.01118	0.00966	0.01862
3	0.03205	0.03482	0.04090	0.14023	0.30156	0.18228	0.03117	0.03793	0.02789	0.03377	0.02051	0.02681	0.01691	0.01106	0.01123	0.00339	0.01624	0.00950	0.00573	0.01603
4	0.02879	0.02763	0.04721	0.07139	0.51871	0.02763	0.03569	0.03569	0.02648	0.03800	0.02188	0.02879	0.01842	0.01036	0.01151	0.00345	0.01382	0.01036	0.00576	0.01842
5	0.01417	0.01012	0.01350	0.01619	0.01687	0.00945	0.01080	0.01619	0.02227	0.02969	0.06410	0.58367	0.07692	0.03644	0.01484	0.00472	0.00675	0.03306	0.01080	0.00945
6	0.02913	0.04313	0.30165	0.08555	0.14898	0.02540	0.03622	0.03925	0.02629	0.11739	0.02520	0.02850	0.01791	0.01151	0.01131	0.00364	0.01512	0.00963	0.00668	0.01751
7	0.02333	0.06016	0.53100	0.03315	0.05034	0.02701	0.04297	0.03683	0.02455	0.03683	0.02087	0.02455	0.01473	0.01105	0.01105	0.00368	0.01719	0.00859	0.00491	0.01719
8	0.02236	0.01319	0.01744	0.01563	0.01941	0.01198	0.01198	0.02769	0.03298	0.12595	0.43548	0.07906	0.09637	0.02223	0.01338	0.00365	0.00622	0.01949	0.01307	0.01243
9	0.02415	0.02302	0.03110	0.26959	0.11778	0.06832	0.02562	0.03317	0.07085	0.03648	0.13841	0.04407	0.03981	0.01472	0.01202	0.00370	0.01282	0.01286	0.00773	0.01379
10	0.05108	0.02157	0.02809	0.02153	0.03057	0.01973	0.01779	0.11543	0.03626	0.46382	0.04339	0.03797	0.02754	0.01433	0.01169	0.00358	0.01030	0.01153	0.01401	0.01979
11	0.01375	0.01178	0.01178	0.01178	0.01571	0.00982	0.00884	0.01669	0.02651	0.03142	0.11782	0.11193	0.51399	0.02946	0.01375	0.00393	0.00589	0.02455	0.01080	0.00982
12	0.01417	0.01012	0.01350	0.01619	0.01687	0.00945	0.01080	0.01619	0.02227	0.02969	0.06410	0.58367	0.07692	0.03644	0.01484	0.00472	0.00675	0.03306	0.01080	0.00945
13	0.31716	0.03263	0.14741	0.03087	0.10208	0.02604	0.06636	0.03727	0.02373	0.08680	0.02136	0.02456	0.01579	0.01102	0.00970	0.00363	0.01265	0.00856	0.00697	0.01540
14	0.04231	0.02516	0.08324	0.02250	0.03131	0.02035	0.01998	0.12032	0.03439	0.32597	0.04256	0.11144	0.03236	0.01700	0.01205	0.00375	0.01077	0.01411	0.01236	0.01806
15	0.34347	0.08415	0.08226	0.01990	0.02864	0.02740	0.01833	0.04223	0.10153	0.11327	0.02598	0.02643	0.01910	0.01206	0.00905	0.00355	0.01042	0.00843	0.00848	0.01530

[dist]
# distance from previous block
# <min> <max>
0	18

[block]
# block no. 1 follows, 10 sequences, length 34
# corresponding to MSA columns:
# 106-139
name=unknown_B
#
# <colnr> <probs for GDERKNQSTAVLIFYWHMCP>
#	G	D	E	R	K	N	Q	S	T	A	V	L	I	F	Y	W	H	M	C	P
0	0.02407	0.07189	0.02454	0.01964	0.02446	0.01991	0.01549	0.12175	0.03027	0.04061	0.04630	0.28547	0.05035	0.02523	0.01288	0.00397	0.00933	0.07509	0.00996	0.08875
1	0.02949	0.02306	0.03008	0.03111	0.13784	0.02132	0.02006	0.04102	0.12913	0.09745	0.02971	0.03118	0.02284	0.01124	0.01032	0.00281	0.01005	0.00959	0.00860	0.30309
2	0.01578	0.01127	0.01255	0.01286	0.01395	0.01069	0.00794	0.01677	0.01999	0.02566	0.06063	0.14464	0.16703	0.38262	0.04238	0.00863	0.00937	0.02076	0.00845	0.00804
3	0.03380	0.03445	0.12962	0.07258	0.03885	0.09200	0.02465	0.09482	0.13091	0.12824	0.07264	0.03689	0.03024	0.01420	0.01160	0.00363	0.01309	0.01137	0.00961	0.01682
4	0.01566	0.01125	0.01493	0.01588	0.01772	0.01052	0.01155	0.01965	0.02781	0.03833	0.28118	0.30486	0.09198	0.02994	0.01440	0.00426	0.00647	0.06154	0.01176	0.01029
5	0.02557	0.02978	0.12156	0.07961	0.08025	0.02508	0.07560	0.07721	0.14381	0.04242	0.07733	0.04705	0.09239	0.01563	0.01223	0.00379	0.01237	0.01373	0.00874	0.01584
6	0.04463	0.02694	0.03103	0.02365	0.03297	0.02738	0.01949	0.28707	0.04406	0.22159	0.03314	0.03141	0.02252	0.01351	0.01132	0.00333	0.01135	0.01048	0.01203	0.09213
7	0.03352	0.01979	0.03152	0.20663	0.04755	0.02014	0.06323	0.03978	0.02928	0.23073	0.11533	0.04403	0.03714	0.01464	0.01221	0.00373	0.01193	0.01302	0.01021	0.01557
8	0.03933	0.02942	0.03823	0.04488	0.24269	0.07050	0.02684	0.15507	0.03580	0.15843	0.02861	0.03039	0.02086	0.01234	0.01150	0.00346	0.01325	0.01046	0.00926	0.01867
9	0.01505	0.01103	0.01425	0.01592	0.01763	0.01022	0.01147	0.01821	0.02530	0.03363	0.15386	0.37982	0.13825	0.03271	0.01463	0.00449	0.00685	0.07560	0.01116	0.00992
10	0.03022	0.53768	0.11386	0.02139	0.03216	0.04388	0.02250	0.03505	0.02374	0.02843	0.01670	0.01932	0.01490	0.01007	0.00787	0.00262	0.01297	0.00649	0.00497	0.01518
11	0.01417	0.01012	0.01350	0.01619	0.01687	0.00945	0.01080	0.01619	0.02227	0.02969	0.06410	0.58367	0.07692	0.03644	0.01484	0.00472	0.00675	0.03306	0.01080	0.00945
12	0.02315	0.01956	0.02303	0.01690	0.02627	0.01493	0.01342	0.02835	0.02523	0.03901	0.08309	0.03208	0.02897	0.01054	0.00926	0.00197	0.00822	0.00869	0.00764	0.57970
13	0.02333	0.06016	0.53100	0.03315	0.05034	0.02701	0.04297	0.03683	0.02455	0.03683	0.02087	0.02455	0.01473	0.01105	0.01105	0.00368	0.01719	0.00859	0.00491	0.01719
14	0.01604	0.01201	0.01512	0.01714	0.01857	0.01192	0.01176	0.02198	0.08260	0.03210	0.06198	0.51511	0.07167	0.03382	0.01446	0.00462	0.00706	0.03054	0.01093	0.01058
15	0.02745	0.03137	0.06863	0.04902	0.06078	0.02941	0.47647	0.03725	0.02745	0.03725	0.02353	0.03137	0.01765	0.00980	0.01373	0.00392	0.01961	0.01373	0.00588	0.01569
16	0.67341	0.02249	0.01709	0.01529	0.02249	0.02609	0.01260	0.03419	0.01979	0.05218	0.01619	0.01889	0.01260	0.01080	0.00720	0.00360	0.00900	0.00630	0.00720	0.01260
17	0.02433	0.12956	0.47038	0.03144	0.04770	0.02946	0.04000	0.03657	0.02444	0.03561	0.02027	0.02379	0.01476	0.01091	0.01059	0.00353	0.01658	0.00829	0.00492	0.01690
18	0.02412	0.02067	0.02412	0.01723	0.02756	0.01550	0.01378	0.02929	0.02412	0.03790	0.02067	0.02412	0.01723	0.00861	0.00861	0.00172	0.00861	0.00689	0.00689	0.66236
19	0.02256	0.05099	0.42193	0.02960	0.04420	0.02495	0.03652	0.03632	0.06428	0.03712	0.03558	0.03740	0.08085	0.01382	0.01146	0.00374	0.01507	0.01103	0.00625	0.01634
20	0.02766	0.36051	0.26863	0.02575	0.03890	0.03762	0.03009	0.03571	0.02404	0.03155	0.01825	0.02126	0.01484	0.01044	0.00905	0.00302	0.01454	0.00727	0.00495	0.01593
21	0.01441	0.01181	0.01270	0.01248	0.01612	0.01010	0.00936	0.01797	0.02807	0.03513	0.21409	0.10582	0.41541	0.02807	0.01374	0.00386	0.00579	0.02369	0.01129	0.01010
22	0.04889	0.02227	0.02818	0.02191	0.03075	0.02113	0.01800	0.12421	0.07723	0.41314	0.04316	0.03807	0.02795	0.01445	0.01170	0.00361	0.01030	0.01163	0.01373	0.01967
23	0.03190	0.02434	0.04008	0.18101	0.31197	0.02505	0.03107	0.03852	0.02708	0.13571	0.02648	0.03153	0.01983	0.01149	0.01158	0.00359	0.01343	0.01063	0.00738	0.01736
24	0.03036	0.05032	0.40809	0.03011	0.04530	0.02459	0.03666	0.04167	0.02668	0.15631	0.02697	0.02822	0.01816	0.01187	0.01121	0.00366	0.01541	0.00935	0.00722	0.01782
25	0.02879	0.02763	0.04721	0.07139	0.51871	0.02763	0.03569	0.03569	0.02648	0.03800	0.02188	0.02879	0.01842	0.01036	0.01151	0.00345	0.01382	0.01036	0.00576	0.01842
26	0.03142	0.01394	0.01670	0.01450	0.01932	0.01295	0.01140	0.03654	0.02817	0.20577	0.08516	0.04618	0.03697	0.01479	0.00985	0.00310	0.00693	0.01208	0.38037	0.01385
27	0.02128	0.01926	0.03174	0.39689	0.10681	0.02272	0.02856	0.02799	0.02375	0.03095	0.03022	0.11148	0.02852	0.01664	0.01245	0.00409	0.01377	0.05364	0.00647	0.01277
28	0.01713	0.08640	0.02160	0.07958	0.02563	0.01610	0.01399	0.02026	0.02360	0.02982	0.06614	0.33137	0.16931	0.02846	0.01326	0.00414	0.00828	0.02490	0.00940	0.01064
29	0.05218	0.01979	0.02699	0.02069	0.02969	0.01709	0.01709	0.05668	0.03329	0.52677	0.04588	0.03959	0.02879	0.01439	0.01170	0.00360	0.00990	0.01170	0.01439	0.01979
30	0.05046	0.02256	0.02870	0.02200	0.03107	0.02120	0.01818	0.14823	0.03792	0.42868	0.04200	0.03706	0.02684	0.01430	0.01168	0.00358	0.01052	0.01143	0.01380	0.01979
31	0.02761	0.09002	0.04554	0.27359	0.13551	0.03020	0.10610	0.08519	0.02820	0.03715	0.02169	0.02897	0.01677	0.01120	0.01150	0.00362	0.01528	0.01047	0.00612	0.01529
32	0.02908	0.02649	0.10181	0.03408	0.09216	0.02089	0.14238	0.03614	0.02806	0.14407	0.09152	0.12602	0.03996	0.01689	0.01286	0.00386	0.01283	0.01616	0.00919	0.01554
33	0.01531	0.01144	0.01422	0.01437	0.01688	0.01035	0.01046	0.01940	0.02894	0.03919	0.31721	0.21143	0.19196	0.02807	0.01399	0.00397	0.00588	0.02470	0.01188	0.01035

[dist]
# distance from previous block
# <min> <max>
0	1

[block]
# block no. 2 follows, 10 sequences, length 34
# corresponding to MSA columns:
# 141-174
name=unknown_C
#
# <colnr> <probs for GDERKNQSTAVLIFYWHMCP>
#	G	D	E	R	K	N	Q	S	T	A	V	L	I	F	Y	W	H	M	C	P
0	0.39502	0.08469	0.07502	0.01990	0.02843	0.08762	0.01802	0.03881	0.02389	0.10610	0.02065	0.02231	0.01537	0.01134	0.00856	0.00343	0.01165	0.00735	0.00754	0.01429
1	0.59411	0.02215	0.01836	0.01598	0.02341	0.02494	0.01317	0.03706	0.02152	0.11276	0.01998	0.02153	0.01466	0.01126	0.00777	0.00360	0.00911	0.00699	0.00812	0.01351
2	0.03783	0.02024	0.02552	0.01892	0.02860	0.01628	0.01540	0.04267	0.02860	0.27671	0.03299	0.03167	0.02288	0.01144	0.01012	0.00264	0.00924	0.00924	0.01056	0.34847
3	0.02801	0.01743	0.02120	0.01859	0.02383	0.01753	0.01448	0.04119	0.16743	0.15394	0.27428	0.06379	0.07027	0.01938	0.01272	0.00373	0.00754	0.01668	0.01288	0.01508
4	0.01640	0.01172	0.01606	0.01875	0.02040	0.01137	0.01468	0.02005	0.02447	0.03219	0.06287	0.36264	0.07204	0.03433	0.01544	0.00503	0.00868	0.23206	0.01075	0.01006
5	0.01696	0.01179	0.01510	0.01427	0.01701	0.01096	0.01070	0.02244	0.03211	0.04633	0.46750	0.08274	0.10215	0.02281	0.01319	0.00357	0.00548	0.02007	0.07387	0.01096
6	0.02333	0.06016	0.53100	0.03315	0.05034	0.02701	0.04297	0.03683	0.02455	0.03683	0.02087	0.02455	0.01473	0.01105	0.01105	0.00368	0.01719	0.00859	0.00491	0.01719
7	0.03109	0.59826	0.06095	0.01990	0.02985	0.04602	0.01990	0.03483	0.02363	0.02736	0.01617	0.01866	0.01493	0.00995	0.00746	0.00249	0.01244	0.00622	0.00498	0.01493
8	0.02893	0.02498	0.02630	0.02367	0.03024	0.02893	0.01841	0.06180	0.49770	0.04865	0.04734	0.04339	0.03550	0.01578	0.01183	0.00394	0.00920	0.01315	0.01183	0.01841
9	0.04134	0.02980	0.03183	0.02473	0.03319	0.03285	0.02032	0.42213	0.05082	0.06948	0.02920	0.02989	0.02106	0.01391	0.01119	0.00339	0.01186	0.01052	0.09387	0.01864
10	0.01417	0.01012	0.01350	0.01619	0.01687	0.00945	0.01080	0.01619	0.02227	0.02969	0.06410	0.58367	0.07692	0.03644	0.01484	0.00472	0.00675	0.03306	0.01080	0.00945
11	0.02168	0.01084	0.01084	0.01084	0.01355	0.01084	0.00813	0.02710	0.02439	0.04336	0.03794	0.04336	0.02981	0.01355	0.00813	0.00271	0.00542	0.01084	0.65583	0.01084
12	0.01682	0.01164	0.01453	0.01453	0.01517	0.01228	0.00935	0.01810	0.01746	0.02392	0.03496	0.06675	0.03822	0.43614	0.20876	0.01356	0.01739	0.01554	0.00680	0.00807
13	0.03943	0.11481	0.03458	0.02732	0.03347	0.43540	0.02108	0.04275	0.03186	0.03007	0.06487	0.02698	0.02400	0.01287	0.01044	0.00300	0.01850	0.00863	0.00652	0.01341
14	0.05218	0.01979	0.02699	0.02069	0.02969	0.01709	0.01709	0.05668	0.03329	0.52677	0.04588	0.03959	0.02879	0.01439	0.01170	0.00360	0.00990	0.01170	0.01439	0.01979
15	0.01502	0.01073	0.01447	0.01716	0.01821	0.01018	0.01227	0.01766	0.02310	0.03064	0.06364	0.49998	0.07508	0.03564	0.01507	0.00484	0.00748	0.10841	0.01078	0.00968
16	0.23589	0.03235	0.03549	0.03856	0.16616	0.14312	0.06659	0.03706	0.02511	0.03939	0.01877	0.02386	0.01545	0.01171	0.01254	0.00359	0.06469	0.00874	0.00622	0.01470
17	0.67341	0.02249	0.01709	0.01529	0.02249	0.02609	0.01260	0.03419	0.01979	0.05218	0.01619	0.01889	0.01260	0.01080	0.00720	0.00360	0.00900	0.00630	0.00720	0.01260
18	0.01417	0.01012	0.01350	0.01619	0.01687	0.00945	0.01080	0.01619	0.02227	0.02969	0.06410	0.58367	0.07692	0.03644	0.01484	0.00472	0.00675	0.03306	0.01080	0.00945
19	0.02412	0.02067	0.02412	0.01723	0.02756	0.01550	0.01378	0.02929	0.02412	0.03790	0.02067	0.02412	0.01723	0.00861	0.00861	0.00172	0.00861	0.00689	0.00689	0.66236
20	0.67341	0.02249	0.01709	0.01529	0.02249	0.02609	0.01260	0.03419	0.01979	0.05218	0.01619	0.01889	0.01260	0.01080	0.00720	0.00360	0.00900	0.00630	0.00720	0.01260
21	0.02242	0.01872	0.02221	0.01665	0.02530	0.01450	0.01316	0.02765	0.02607	0.03984	0.13001	0.03807	0.03779	0.01198	0.00975	0.00215	0.00792	0.01003	0.00820	0.51757
22	0.01661	0.01246	0.01869	0.01869	0.02077	0.01454	0.01454	0.02077	0.01869	0.02700	0.03115	0.04569	0.02908	0.08723	0.54517	0.01869	0.03115	0.01246	0.00623	0.01038
23	0.01513	0.01184	0.01371	0.01324	0.01656	0.01041	0.00993	0.01938	0.02979	0.03920	0.31974	0.09911	0.30721	0.02655	0.01373	0.00379	0.00568	0.02275	0.01182	0.01041
24	0.02879	0.02763	0.04721	0.07139	0.51871	0.02763	0.03569	0.03569	0.02648	0.03800	0.02188	0.02879	0.01842	0.01036	0.01151	0.00345	0.01382	0.01036	0.00576	0.01842
25	0.02070	0.01145	0.01630	0.01542	0.01674	0.01079	0.01057	0.01696	0.01630	0.02246	0.02026	0.03392	0.01982	0.03635	0.04075	0.57738	0.00991	0.00969	0.00529	0.08896
26	0.01688	0.01140	0.01332	0.01332	0.01354	0.01162	0.00784	0.01732	0.01710	0.02302	0.03607	0.07291	0.04089	0.53821	0.11034	0.01206	0.01337	0.01644	0.00696	0.00740
27	0.01417	0.01012	0.01350	0.01619	0.01687	0.00945	0.01080	0.01619	0.02227	0.02969	0.06410	0.58367	0.07692	0.03644	0.01484	0.00472	0.00675	0.03306	0.01080	0.00945
28	0.02619	0.22875	0.33761	0.03043	0.04480	0.03329	0.07664	0.03623	0.02454	0.03386	0.01963	0.02332	0.01507	0.01058	0.01016	0.00333	0.01590	0.00832	0.00502	0.01633
29	0.02879	0.02763	0.04721	0.07139	0.51871	0.02763	0.03569	0.03569	0.02648	0.03800	0.02188	0.02879	0.01842	0.01036	0.01151	0.00345	0.01382	0.01036	0.00576	0.01842
30	0.01890	0.01489	0.01760	0.01859	0.02116	0.01570	0.01324	0.03082	0.17478	0.03577	0.05872	0.41036	0.06364	0.02981	0.01388	0.00447	0.00754	0.02668	0.01113	0.01232
31	0.67341	0.02249	0.01709	0.01529	0.02249	0.02609	0.01260	0.03419	0.01979	0.05218	0.01619	0.01889	0.01260	0.01080	0.00720	0.00360	0.00900	0.00630	0.00720	0.01260
32	0.02418	0.02338	0.03210	0.02756	0.02884	0.03069	0.02264	0.02698	0.01899	0.02932	0.02071	0.08028	0.02157	0.02057	0.03241	0.00466	0.44879	0.01205	0.00586	0.08843
33	0.02715	0.32512	0.29955	0.02663	0.04025	0.03637	0.03161	0.03584	0.02410	0.03217	0.01856	0.02165	0.01483	0.01051	0.00928	0.00309	0.01485	0.00742	0.00494	0.01607

[dist]
# distance from previous block
# <min> <max>
0	5

[block]
# block no. 3 follows, 10 sequences, length 25
# corresponding to MSA columns:
# 180-204
name=unknown_D
#
# <colnr> <probs for GDERKNQSTAVLIFYWHMCP>
#	G	D	E	R	K	N	Q	S	T	A	V	L	I	F	Y	W	H	M	C	P
0	0.67341	0.02249	0.01709	0.01529	0.02249	0.02609	0.01260	0.03419	0.01979	0.05218	0.01619	0.01889	0.01260	0.01080	0.00720	0.00360	0.00900	0.00630	0.00720	0.01260
1	0.01417	0.01012	0.01350	0.01619	0.01687	0.00945	0.01080	0.01619	0.02227	0.02969	0.06410	0.58367	0.07692	0.03644	0.01484	0.00472	0.00675	0.03306	0.01080	0.00945
2	0.03745	0.04482	0.02829	0.02588	0.03109	0.41577	0.01941	0.04104	0.03210	0.03252	0.09009	0.03255	0.02989	0.01381	0.01071	0.00306	0.01723	0.00974	0.07167	0.01286
3	0.02980	0.11164	0.04276	0.20517	0.22625	0.12654	0.02995	0.03578	0.02632	0.03220	0.01997	0.02656	0.01640	0.01099	0.01078	0.00336	0.01547	0.00923	0.00551	0.01534
4	0.02549	0.01409	0.01939	0.01997	0.02364	0.01329	0.01640	0.02982	0.02720	0.14927	0.05851	0.22070	0.06041	0.02901	0.01474	0.00479	0.00955	0.23960	0.01160	0.01254
5	0.01417	0.01012	0.01350	0.01619	0.01687	0.00945	0.01080	0.01619	0.02227	0.02969	0.06410	0.58367	0.07692	0.03644	0.01484	0.00472	0.00675	0.03306	0.01080	0.00945
6	0.04611	0.01941	0.02653	0.02119	0.02856	0.01811	0.01728	0.05020	0.03081	0.43349	0.04473	0.08935	0.03205	0.01702	0.01447	0.00384	0.06194	0.01356	0.01319	0.01816
7	0.46896	0.02160	0.02035	0.01707	0.02486	0.02313	0.01408	0.04159	0.02423	0.20837	0.02597	0.02570	0.01793	0.01198	0.00868	0.00360	0.00929	0.00807	0.00957	0.01496
8	0.01676	0.01188	0.01576	0.01576	0.01683	0.01295	0.01089	0.01889	0.01782	0.02483	0.03383	0.06052	0.03551	0.33289	0.30831	0.01508	0.02146	0.01463	0.00663	0.00876
9	0.02579	0.21681	0.31519	0.02683	0.04083	0.03107	0.03175	0.03513	0.02421	0.03413	0.01942	0.02271	0.01515	0.01036	0.00961	0.00304	0.01450	0.00763	0.00522	0.11061
10	0.03109	0.59826	0.06095	0.01990	0.02985	0.04602	0.01990	0.03483	0.02363	0.02736	0.01617	0.01866	0.01493	0.00995	0.00746	0.00249	0.01244	0.00622	0.00498	0.01493
11	0.02879	0.02763	0.04721	0.07139	0.51871	0.02763	0.03569	0.03569	0.02648	0.03800	0.02188	0.02879	0.01842	0.01036	0.01151	0.00345	0.01382	0.01036	0.00576	0.01842
12	0.03774	0.02928	0.03250	0.07933	0.03883	0.03306	0.02209	0.31856	0.17503	0.06209	0.03261	0.03254	0.02374	0.01424	0.01169	0.00366	0.01207	0.01120	0.01105	0.01871
13	0.11970	0.02009	0.02591	0.02011	0.02891	0.01807	0.01661	0.05424	0.03182	0.47518	0.04266	0.03734	0.02703	0.01400	0.01121	0.00360	0.00980	0.01111	0.01361	0.01901
14	0.02159	0.02216	0.09369	0.02192	0.02719	0.01945	0.01967	0.09002	0.02477	0.03515	0.02922	0.04010	0.02569	0.06574	0.39162	0.01435	0.02650	0.01162	0.00683	0.01272
15	0.05218	0.01979	0.02699	0.02069	0.02969	0.01709	0.01709	0.05668	0.03329	0.52677	0.04588	0.03959	0.02879	0.01439	0.01170	0.00360	0.00990	0.01170	0.01439	0.01979
16	0.02430	0.02574	0.05353	0.04034	0.04921	0.02424	0.34369	0.03235	0.02662	0.03583	0.03483	0.12424	0.03324	0.01684	0.01423	0.00424	0.01649	0.07870	0.00728	0.01408
17	0.02168	0.01084	0.01084	0.01084	0.01355	0.01084	0.00813	0.02710	0.02439	0.04336	0.03794	0.04336	0.02981	0.01355	0.00813	0.00271	0.00542	0.01084	0.65583	0.01084
18	0.01958	0.01487	0.01708	0.01543	0.01953	0.01424	0.01187	0.08695	0.03391	0.04533	0.30706	0.08683	0.23469	0.02428	0.01342	0.00373	0.00669	0.02069	0.01195	0.01186
19	0.01652	0.01111	0.01280	0.01318	0.01328	0.01102	0.00758	0.01681	0.01767	0.02356	0.04054	0.14807	0.04719	0.51260	0.05291	0.01035	0.01063	0.01920	0.00758	0.00739
20	0.05218	0.01979	0.02699	0.02069	0.02969	0.01709	0.01709	0.05668	0.03329	0.52677	0.04588	0.03959	0.02879	0.01439	0.01170	0.00360	0.00990	0.01170	0.01439	0.01979
21	0.01666	0.01229	0.01782	0.01782	0.01959	0.01406	0.01345	0.02021	0.01843	0.02635	0.03195	0.05013	0.03100	0.16074	0.47429	0.01761	0.02825	0.01311	0.00635	0.00990
22	0.03559	0.01958	0.02286	0.01917	0.02561	0.01990	0.01528	0.09387	0.14159	0.20997	0.08153	0.04408	0.03641	0.01525	0.01104	0.00346	0.00861	0.01248	0.16715	0.01658
23	0.02573	0.07812	0.12752	0.10219	0.04066	0.02598	0.02408	0.04140	0.17149	0.03896	0.02864	0.03075	0.02199	0.01187	0.01043	0.00317	0.01178	0.00962	0.00763	0.18799
24	0.55292	0.02305	0.01967	0.01685	0.02442	0.02595	0.01389	0.07416	0.02420	0.10554	0.02041	0.02190	0.01496	0.01145	0.00806	0.00359	0.00941	0.00724	0.00835	0.01398

[dist]
# distance from previous block
# <min> <max>
3	6

[block]
# block no. 4 follows, 10 sequences, length 33
# corresponding to MSA columns:
# 211-243
name=unknown_E
#
# <colnr> <probs for GDERKNQSTAVLIFYWHMCP>
#	G	D	E	R	K	N	Q	S	T	A	V	L	I	F	Y	W	H	M	C	P
0	0.02687	0.05107	0.41715	0.08460	0.05068	0.02563	0.03861	0.03865	0.02554	0.09855	0.02404	0.02712	0.01660	0.01153	0.01119	0.00369	0.01609	0.00916	0.00615	0.01709
1	0.02312	0.01953	0.02300	0.01689	0.02624	0.01492	0.01342	0.02833	0.02526	0.03903	0.08456	0.03227	0.02924	0.01058	0.00928	0.00197	0.00821	0.00873	0.00766	0.57775
2	0.02132	0.02474	0.09685	0.15446	0.12617	0.02090	0.06911	0.02859	0.02688	0.03647	0.13616	0.05503	0.12158	0.01668	0.01252	0.00375	0.01216	0.01505	0.00781	0.01376
3	0.01781	0.01337	0.01670	0.01594	0.01896	0.01310	0.01190	0.02643	0.09104	0.04514	0.40694	0.13268	0.09689	0.02407	0.01359	0.00380	0.00609	0.02127	0.01247	0.01176
4	0.01691	0.01128	0.01268	0.01268	0.01268	0.01128	0.00705	0.01691	0.01691	0.02255	0.03665	0.07611	0.04228	0.59126	0.05920	0.01128	0.01128	0.01691	0.00705	0.00705
5	0.01646	0.01189	0.01555	0.01463	0.01738	0.01097	0.01097	0.02195	0.03292	0.04664	0.51257	0.08688	0.10974	0.02378	0.01372	0.00366	0.00549	0.02103	0.01280	0.01097
6	0.67341	0.02249	0.01709	0.01529	0.02249	0.02609	0.01260	0.03419	0.01979	0.05218	0.01619	0.01889	0.01260	0.01080	0.00720	0.00360	0.00900	0.00630	0.00720	0.01260
7	0.02261	0.02107	0.03409	0.51318	0.07547	0.02613	0.03101	0.03270	0.06733	0.03147	0.02315	0.03216	0.01736	0.01201	0.01165	0.00388	0.01492	0.01060	0.00579	0.01343
8	0.02893	0.02498	0.02630	0.02367	0.03024	0.02893	0.01841	0.06180	0.49770	0.04865	0.04734	0.04339	0.03550	0.01578	0.01183	0.00394	0.00920	0.01315	0.01183	0.01841
9	0.09367	0.14432	0.12721	0.09313	0.03993	0.09633	0.02495	0.03723	0.02517	0.08453	0.02123	0.02481	0.01640	0.01188	0.01199	0.00331	0.05809	0.00829	0.00648	0.07104
10	0.67341	0.02249	0.01709	0.01529	0.02249	0.02609	0.01260	0.03419	0.01979	0.05218	0.01619	0.01889	0.01260	0.01080	0.00720	0.00360	0.00900	0.00630	0.00720	0.01260
11	0.02398	0.02273	0.03854	0.41756	0.21005	0.02637	0.03331	0.03149	0.02421	0.03217	0.02103	0.03035	0.01637	0.01125	0.01159	0.00375	0.01500	0.01034	0.00534	0.01455
12	0.01375	0.01178	0.01178	0.01178	0.01571	0.00982	0.00884	0.01669	0.02651	0.03142	0.11782	0.11193	0.51399	0.02946	0.01375	0.00393	0.00589	0.02455	0.01080	0.00982
13	0.01646	0.01189	0.01555	0.01463	0.01738	0.01097	0.01097	0.02195	0.03292	0.04664	0.51257	0.08688	0.10974	0.02378	0.01372	0.00366	0.00549	0.02103	0.01280	0.01097
14	0.02787	0.08021	0.03631	0.09719	0.10137	0.02280	0.06028	0.03379	0.02535	0.07807	0.02281	0.02703	0.01797	0.00996	0.00997	0.00265	0.01162	0.00873	0.00689	0.31912
15	0.04861	0.01991	0.02662	0.02025	0.02942	0.01689	0.01667	0.05319	0.03212	0.46447	0.04267	0.03762	0.02732	0.01366	0.01130	0.00336	0.00973	0.01108	0.01344	0.10167
16	0.02196	0.02067	0.03488	0.56331	0.08010	0.02584	0.03230	0.02972	0.02326	0.02972	0.02067	0.03101	0.01550	0.01163	0.01163	0.00388	0.01550	0.01034	0.00517	0.01292
17	0.67341	0.02249	0.01709	0.01529	0.02249	0.02609	0.01260	0.03419	0.01979	0.05218	0.01619	0.01889	0.01260	0.01080	0.00720	0.00360	0.00900	0.00630	0.00720	0.01260
18	0.02973	0.02735	0.03162	0.03199	0.14048	0.07555	0.02069	0.08993	0.02946	0.04146	0.02159	0.02533	0.01759	0.01004	0.00985	0.00247	0.01160	0.00819	0.00715	0.36793
19	0.03235	0.02738	0.03151	0.13991	0.08835	0.07986	0.02320	0.08959	0.17588	0.08964	0.03195	0.03353	0.02380	0.01307	0.01131	0.00351	0.01254	0.01076	0.00907	0.07278
20	0.03061	0.42170	0.16462	0.02356	0.03508	0.04076	0.02533	0.07855	0.02686	0.03397	0.01837	0.02089	0.01535	0.01059	0.00868	0.00286	0.01355	0.00717	0.00561	0.01591
21	0.01691	0.01128	0.01268	0.01268	0.01268	0.01128	0.00705	0.01691	0.01691	0.02255	0.03665	0.07611	0.04228	0.59126	0.05920	0.01128	0.01128	0.01691	0.00705	0.00705
22	0.67341	0.02249	0.01709	0.01529	0.02249	0.02609	0.01260	0.03419	0.01979	0.05218	0.01619	0.01889	0.01260	0.01080	0.00720	0.00360	0.00900	0.00630	0.00720	0.01260
23	0.02020	0.01010	0.01515	0.01515	0.01515	0.01010	0.01010	0.01515	0.01515	0.02020	0.02020	0.03535	0.02020	0.04040	0.04545	0.66162	0.01010	0.01010	0.00505	0.00505
24	0.03109	0.59826	0.06095	0.01990	0.02985	0.04602	0.01990	0.03483	0.02363	0.02736	0.01617	0.01866	0.01493	0.00995	0.00746	0.00249	0.01244	0.00622	0.00498	0.01493
25	0.02722	0.01836	0.02152	0.01625	0.02471	0.01467	0.01295	0.03236	0.02537	0.10262	0.02781	0.03043	0.02154	0.01047	0.00891	0.00219	0.00807	0.00840	0.15288	0.43330
26	0.01570	0.01186	0.01449	0.01383	0.01691	0.01065	0.01038	0.02048	0.03113	0.04238	0.40212	0.09389	0.22285	0.02537	0.01373	0.00373	0.00560	0.02202	0.01224	0.01065
27	0.01691	0.01128	0.01268	0.01268	0.01268	0.01128	0.00705	0.01691	0.01691	0.02255	0.03665	0.07611	0.04228	0.59126	0.05920	0.01128	0.01128	0.01691	0.00705	0.00705
28	0.02372	0.04744	0.35167	0.03627	0.05045	0.02617	0.16593	0.03515	0.02520	0.03633	0.02542	0.07535	0.02101	0.01290	0.01216	0.00384	0.01698	0.01222	0.00571	0.01608
29	0.02259	0.01892	0.02241	0.01671	0.02553	0.01460	0.01322	0.02782	0.02587	0.03964	0.11876	0.03663	0.03567	0.01164	0.00963	0.00211	0.00799	0.00971	0.00807	0.53247
30	0.02711	0.32199	0.30228	0.02670	0.04037	0.03626	0.03175	0.03586	0.02411	0.03222	0.01858	0.02168	0.01483	0.01051	0.00930	0.00310	0.01488	0.00744	0.00494	0.01609
31	0.58898	0.02738	0.08384	0.01761	0.02611	0.02621	0.01654	0.03453	0.02041	0.05019	0.01680	0.01963	0.01287	0.01083	0.00770	0.00361	0.01006	0.00660	0.00690	0.01319
32	0.01973	0.01671	0.02613	0.09041	0.03074	0.01850	0.07440	0.02298	0.01949	0.02670	0.02980	0.05411	0.03064	0.29581	0.13090	0.01007	0.07229	0.01420	0.00632	0.01007

[dist]
# distance from previous block
# <min> <max>
0	5

[block]
# block no. 5 follows, 10 sequences, length 31
# corresponding to MSA columns:
# 249-279
name=unknown_F
#
# <colnr> <probs for GDERKNQSTAVLIFYWHMCP>
#	G	D	E	R	K	N	Q	S	T	A	V	L	I	F	Y	W	H	M	C	P
0	0.15435	0.08872	0.21587	0.03131	0.10226	0.02764	0.02863	0.04072	0.07007	0.09827	0.02517	0.02709	0.01849	0.01166	0.01020	0.00354	0.01309	0.00898	0.00726	0.01669
1	0.02480	0.09581	0.27376	0.03575	0.10728	0.02750	0.07262	0.03693	0.07314	0.03659	0.02800	0.08524	0.02410	0.01386	0.01148	0.00369	0.01459	0.01208	0.00644	0.01633
2	0.02893	0.02498	0.02630	0.02367	0.03024	0.02893	0.01841	0.06180	0.49770	0.04865	0.04734	0.04339	0.03550	0.01578	0.01183	0.00394	0.00920	0.01315	0.01183	0.01841
3	0.01665	0.01234	0.01807	0.01807	0.01993	0.01420	0.01376	0.02037	0.01851	0.02654	0.03172	0.04885	0.03045	0.13964	0.49464	0.01792	0.02909	0.01292	0.00632	0.01004
4	0.13642	0.02016	0.02565	0.01996	0.02871	0.01831	0.01648	0.05363	0.03146	0.46242	0.04186	0.03678	0.02659	0.01391	0.01109	0.00360	0.00977	0.01096	0.01342	0.01882
5	0.02375	0.05718	0.48318	0.03479	0.05142	0.02726	0.08781	0.03688	0.02485	0.03688	0.02115	0.02526	0.01503	0.01092	0.01133	0.00371	0.01744	0.00912	0.00501	0.01703
6	0.01827	0.01305	0.01820	0.02088	0.02335	0.01298	0.01792	0.02328	0.02631	0.03428	0.06184	0.17799	0.06797	0.03257	0.01594	0.00529	0.01030	0.39830	0.01072	0.01058
7	0.02923	0.46934	0.17356	0.02307	0.03476	0.04147	0.02543	0.03531	0.02385	0.02963	0.01730	0.02007	0.01488	0.01021	0.00832	0.00277	0.01358	0.00679	0.00496	0.01547
8	0.03156	0.02671	0.04481	0.06538	0.46078	0.02639	0.03349	0.03818	0.02729	0.09590	0.02472	0.03006	0.01965	0.01084	0.01154	0.00347	0.01335	0.01052	0.00678	0.01858
9	0.03902	0.14168	0.15338	0.02379	0.03469	0.02617	0.02392	0.04822	0.07373	0.26801	0.03433	0.03233	0.02341	0.01287	0.01074	0.00344	0.01206	0.01004	0.01007	0.01810
10	0.02225	0.02360	0.08962	0.02095	0.02703	0.02031	0.01832	0.03964	0.21966	0.04461	0.21686	0.10511	0.06377	0.01993	0.01269	0.00387	0.00870	0.01722	0.01116	0.01470
11	0.02879	0.02763	0.04721	0.07139	0.51871	0.02763	0.03569	0.03569	0.02648	0.03800	0.02188	0.02879	0.01842	0.01036	0.01151	0.00345	0.01382	0.01036	0.00576	0.01842
12	0.04345	0.05543	0.03296	0.02996	0.03596	0.54457	0.02247	0.04644	0.03296	0.02846	0.01798	0.02097	0.01498	0.01199	0.01049	0.00300	0.02097	0.00749	0.00599	0.01348
13	0.09392	0.02684	0.03118	0.02838	0.08170	0.02867	0.02084	0.21861	0.13222	0.16529	0.03424	0.03297	0.02420	0.01379	0.01131	0.00361	0.01122	0.01092	0.01133	0.01877
14	0.01375	0.01178	0.01178	0.01178	0.01571	0.00982	0.00884	0.01669	0.02651	0.03142	0.11782	0.11193	0.51399	0.02946	0.01375	0.00393	0.00589	0.02455	0.01080	0.00982
15	0.04421	0.03258	0.03490	0.02676	0.03607	0.03607	0.02211	0.47993	0.05468	0.07330	0.02792	0.02792	0.01978	0.01396	0.01163	0.00349	0.01280	0.01047	0.01163	0.01978
16	0.02545	0.02545	0.03562	0.03053	0.03053	0.03562	0.02545	0.02799	0.01781	0.02799	0.01527	0.02545	0.01527	0.02036	0.03817	0.00509	0.56997	0.01018	0.00509	0.01272
17	0.02196	0.02067	0.03488	0.56331	0.08010	0.02584	0.03230	0.02972	0.02326	0.02972	0.02067	0.03101	0.01550	0.01163	0.01163	0.00388	0.01550	0.01034	0.00517	0.01292
18	0.01668	0.01219	0.01734	0.01734	0.01895	0.01380	0.01285	0.01990	0.01829	0.02600	0.03239	0.05255	0.03205	0.20090	0.43557	0.01702	0.02667	0.01347	0.00641	0.00963
19	0.02196	0.02067	0.03488	0.56331	0.08010	0.02584	0.03230	0.02972	0.02326	0.02972	0.02067	0.03101	0.01550	0.01163	0.01163	0.00388	0.01550	0.01034	0.00517	0.01292
20	0.05060	0.02232	0.02856	0.02189	0.03095	0.02085	0.01809	0.14043	0.03752	0.43704	0.04233	0.03728	0.02701	0.01431	0.01168	0.00358	0.01047	0.01145	0.01385	0.01979
21	0.01450	0.01026	0.01340	0.01578	0.01637	0.00966	0.01035	0.01628	0.02163	0.02884	0.06085	0.52355	0.07282	0.10216	0.02010	0.00550	0.00728	0.03115	0.01035	0.00916
22	0.02782	0.37120	0.25929	0.02549	0.03850	0.03800	0.02964	0.03567	0.02402	0.03136	0.01815	0.02115	0.01484	0.01041	0.00898	0.00299	0.01444	0.00722	0.00495	0.01588
23	0.02404	0.02195	0.03626	0.05346	0.35575	0.02173	0.02761	0.02936	0.02511	0.03530	0.03559	0.20897	0.03742	0.01883	0.01260	0.00387	0.01152	0.01773	0.00739	0.01551
24	0.01518	0.01055	0.01320	0.01490	0.01532	0.01012	0.00941	0.01646	0.02029	0.02705	0.05395	0.39594	0.06411	0.24164	0.03125	0.00715	0.00842	0.02709	0.00941	0.00856
25	0.02196	0.02067	0.03488	0.56331	0.08010	0.02584	0.03230	0.02972	0.02326	0.02972	0.02067	0.03101	0.01550	0.01163	0.01163	0.00388	0.01550	0.01034	0.00517	0.01292
26	0.03721	0.08955	0.14031	0.02345	0.03369	0.02468	0.02295	0.09028	0.07635	0.23148	0.04205	0.03976	0.06731	0.01463	0.01131	0.00355	0.01163	0.01161	0.01049	0.01769
27	0.02343	0.01613	0.02258	0.02061	0.02283	0.01901	0.01608	0.02661	0.02019	0.09426	0.03053	0.04531	0.02812	0.14397	0.28245	0.01245	0.14400	0.01257	0.00722	0.01164
28	0.01656	0.01313	0.01822	0.02264	0.08483	0.01229	0.01389	0.02012	0.02574	0.03463	0.16051	0.32873	0.14640	0.02914	0.01398	0.00420	0.00731	0.02610	0.01053	0.01104
29	0.02345	0.01799	0.02275	0.02056	0.02412	0.06105	0.05975	0.02701	0.02628	0.09135	0.13153	0.25290	0.06086	0.10183	0.01977	0.00505	0.01010	0.02188	0.01014	0.01163
30	0.03357	0.08649	0.12099	0.10487	0.09296	0.09178	0.02817	0.12564	0.03153	0.08141	0.02310	0.02694	0.01750	0.01288	0.01373	0.00360	0.07169	0.00947	0.00732	0.01637

[dist]
# distance from previous block
# <min> <max>
0	15

# created by:
# /st0/software/busco_prod/Augustus/scripts/msa2prfl.pl ./align_prep/6516.fa
