[name]
unknown

[dist]
# distance from previous block
# <min> <max>
27	68

[block]
# block no. 0 follows, 11 sequences, length 11
# corresponding to MSA columns:
# 77-87
name=unknown_A
#
# <colnr> <probs for GDERKNQSTAVLIFYWHMCP>
#	G	D	E	R	K	N	Q	S	T	A	V	L	I	F	Y	W	H	M	C	P
0	0.03451	0.11491	0.04239	0.04624	0.29208	0.02878	0.02701	0.10584	0.03041	0.13233	0.02542	0.02815	0.01934	0.01119	0.01060	0.00323	0.01233	0.00967	0.00781	0.01775
1	0.02126	0.10546	0.03839	0.02624	0.03256	0.02135	0.17326	0.02726	0.02737	0.03714	0.22089	0.12605	0.05865	0.01819	0.01254	0.00360	0.01103	0.01747	0.00878	0.01250
2	0.02114	0.12330	0.02863	0.02494	0.09884	0.02103	0.01722	0.02567	0.02091	0.03013	0.02710	0.03663	0.02418	0.04902	0.29479	0.01072	0.02065	0.01042	0.10258	0.01210
3	0.01774	0.01168	0.01294	0.01257	0.01610	0.01032	0.00944	0.02144	0.02639	0.07047	0.15429	0.12279	0.30609	0.02433	0.01224	0.00358	0.00589	0.02054	0.13068	0.01050
4	0.03680	0.41651	0.04817	0.01951	0.02884	0.03533	0.01837	0.04066	0.02594	0.19602	0.02510	0.02472	0.01886	0.01104	0.00857	0.00276	0.01123	0.00776	0.00781	0.01599
5	0.01871	0.01510	0.01840	0.01619	0.02170	0.01218	0.01195	0.02225	0.02248	0.03286	0.04022	0.29925	0.04445	0.02128	0.01124	0.00306	0.00747	0.01885	0.00849	0.35389
6	0.02494	0.03260	0.11690	0.02186	0.02800	0.17725	0.01959	0.03094	0.03039	0.03815	0.28313	0.05404	0.06206	0.01736	0.01187	0.00335	0.01185	0.01425	0.00903	0.01244
7	0.02334	0.03367	0.18277	0.19854	0.11820	0.06108	0.06443	0.03141	0.02411	0.03226	0.02594	0.10420	0.02335	0.01408	0.01157	0.00370	0.01476	0.01255	0.00585	0.01419
8	0.25073	0.03289	0.03627	0.03617	0.13951	0.16754	0.11167	0.03710	0.02530	0.03878	0.01864	0.02314	0.01492	0.01048	0.00989	0.00336	0.01472	0.00860	0.00612	0.01417
9	0.02312	0.05444	0.48104	0.03416	0.05009	0.02645	0.10288	0.03570	0.02414	0.03570	0.02055	0.02466	0.01464	0.01053	0.01104	0.00360	0.01695	0.00899	0.00488	0.01644
10	0.02818	0.01847	0.02491	0.12586	0.10870	0.01956	0.01895	0.09483	0.02861	0.09596	0.03081	0.03522	0.02323	0.01245	0.00981	0.00313	0.00969	0.01037	0.28719	0.01407

[dist]
# distance from previous block
# <min> <max>
0	1

[block]
# block no. 1 follows, 11 sequences, length 22
# corresponding to MSA columns:
# 89-110
name=unknown_B
#
# <colnr> <probs for GDERKNQSTAVLIFYWHMCP>
#	G	D	E	R	K	N	Q	S	T	A	V	L	I	F	Y	W	H	M	C	P
0	0.03614	0.02274	0.02575	0.02124	0.02858	0.02381	0.01706	0.15458	0.20035	0.19618	0.04997	0.04613	0.09396	0.01620	0.01161	0.00361	0.00950	0.01315	0.01201	0.01743
1	0.03659	0.01614	0.02130	0.01736	0.02385	0.01407	0.01395	0.04100	0.03126	0.34520	0.17977	0.05944	0.11422	0.01821	0.01209	0.00354	0.00795	0.01531	0.01307	0.01566
2	0.02479	0.01803	0.01962	0.01723	0.02041	0.01941	0.01207	0.14737	0.09126	0.03795	0.03462	0.05733	0.03438	0.37290	0.03926	0.00801	0.01103	0.01426	0.00859	0.01148
3	0.03694	0.01615	0.02178	0.01772	0.02406	0.01422	0.01422	0.04167	0.03208	0.34714	0.23420	0.05626	0.05859	0.01749	0.01209	0.00351	0.00790	0.01486	0.01333	0.01581
4	0.02334	0.02001	0.02334	0.01667	0.02667	0.01500	0.01334	0.02834	0.02334	0.03668	0.02001	0.02334	0.01667	0.00834	0.00834	0.00167	0.00834	0.00667	0.00667	0.67325
5	0.05050	0.01915	0.02612	0.02003	0.02873	0.01654	0.01654	0.05485	0.03221	0.54203	0.04440	0.03831	0.02786	0.01393	0.01132	0.00348	0.00958	0.01132	0.01393	0.01915
6	0.02800	0.02418	0.02545	0.02291	0.02927	0.02800	0.01782	0.05981	0.51390	0.04708	0.04581	0.04199	0.03436	0.01527	0.01145	0.00382	0.00891	0.01273	0.01145	0.01782
7	0.02433	0.01840	0.02101	0.01814	0.02304	0.01916	0.01421	0.15073	0.09928	0.05092	0.29920	0.06568	0.10972	0.01998	0.01251	0.00356	0.00767	0.01697	0.01181	0.01370
8	0.05050	0.01915	0.02612	0.02003	0.02873	0.01654	0.01654	0.05485	0.03221	0.54203	0.04440	0.03831	0.02786	0.01393	0.01132	0.00348	0.00958	0.01132	0.01393	0.01915
9	0.04204	0.05364	0.03190	0.02900	0.03480	0.55926	0.02175	0.04494	0.03190	0.02755	0.01740	0.02030	0.01450	0.01160	0.01015	0.00290	0.02030	0.00725	0.00580	0.01305
10	0.01482	0.01083	0.01418	0.01645	0.01802	0.01019	0.01222	0.01774	0.02323	0.03025	0.06812	0.41029	0.13084	0.03329	0.01454	0.00463	0.00743	0.14298	0.01043	0.00951
11	0.68395	0.02177	0.01654	0.01480	0.02177	0.02525	0.01219	0.03309	0.01915	0.05050	0.01567	0.01828	0.01219	0.01045	0.00697	0.00348	0.00871	0.00609	0.00697	0.01219
12	0.02334	0.02001	0.02334	0.01667	0.02667	0.01500	0.01334	0.02834	0.02334	0.03668	0.02001	0.02334	0.01667	0.00834	0.00834	0.00167	0.00834	0.00667	0.00667	0.67325
13	0.68395	0.02177	0.01654	0.01480	0.02177	0.02525	0.01219	0.03309	0.01915	0.05050	0.01567	0.01828	0.01219	0.01045	0.00697	0.00348	0.00871	0.00609	0.00697	0.01219
14	0.01637	0.01091	0.01228	0.01228	0.01228	0.01091	0.00682	0.01637	0.01637	0.02182	0.03546	0.07365	0.04092	0.60445	0.05729	0.01091	0.01091	0.01637	0.00682	0.00682
15	0.03009	0.61122	0.05898	0.01926	0.02889	0.04454	0.01926	0.03370	0.02287	0.02648	0.01565	0.01805	0.01444	0.00963	0.00722	0.00241	0.01204	0.00602	0.00481	0.01444
16	0.02580	0.01554	0.01910	0.01704	0.01974	0.01642	0.01256	0.14192	0.02582	0.03590	0.02375	0.03336	0.02067	0.02901	0.03071	0.40998	0.00986	0.00996	0.09352	0.00934
17	0.01675	0.01176	0.01553	0.01745	0.01895	0.01162	0.01355	0.01989	0.02249	0.02953	0.05376	0.21142	0.06053	0.18261	0.02627	0.00656	0.00970	0.25300	0.00945	0.00918
18	0.68395	0.02177	0.01654	0.01480	0.02177	0.02525	0.01219	0.03309	0.01915	0.05050	0.01567	0.01828	0.01219	0.01045	0.00697	0.00348	0.00871	0.00609	0.00697	0.01219
19	0.01917	0.01066	0.01119	0.01119	0.01278	0.01066	0.00746	0.02236	0.02077	0.03406	0.03623	0.05439	0.03358	0.24504	0.02725	0.00587	0.00747	0.01280	0.40802	0.00905
20	0.05050	0.01915	0.02612	0.02003	0.02873	0.01654	0.01654	0.05485	0.03221	0.54203	0.04440	0.03831	0.02786	0.01393	0.01132	0.00348	0.00958	0.01132	0.01393	0.01915
21	0.01593	0.01150	0.01504	0.01416	0.01681	0.01062	0.01062	0.02124	0.03186	0.04513	0.52830	0.08407	0.10620	0.02301	0.01327	0.00354	0.00531	0.02035	0.01239	0.01062

[dist]
# distance from previous block
# <min> <max>
11	18

[block]
# block no. 2 follows, 11 sequences, length 34
# corresponding to MSA columns:
# 137-170
name=unknown_C
#
# <colnr> <probs for GDERKNQSTAVLIFYWHMCP>
#	G	D	E	R	K	N	Q	S	T	A	V	L	I	F	Y	W	H	M	C	P
0	0.02781	0.01805	0.02156	0.01844	0.02370	0.01835	0.01450	0.10960	0.11484	0.12953	0.29011	0.06058	0.06772	0.01874	0.01233	0.00355	0.00773	0.01600	0.01230	0.01455
1	0.01624	0.01439	0.04946	0.01409	0.01656	0.01167	0.01060	0.01916	0.02292	0.03113	0.19722	0.07819	0.12581	0.30603	0.03453	0.00717	0.00886	0.01805	0.00889	0.00903
2	0.12367	0.01554	0.01774	0.02123	0.09974	0.01481	0.01332	0.02184	0.02460	0.03467	0.08324	0.08087	0.36399	0.02262	0.01193	0.00368	0.00742	0.01870	0.00911	0.01127
3	0.02102	0.07432	0.21428	0.02137	0.02998	0.01889	0.02275	0.02806	0.02551	0.06906	0.12525	0.14224	0.12294	0.01974	0.01191	0.00367	0.01056	0.01668	0.00847	0.01329
4	0.07447	0.21932	0.12487	0.02629	0.07107	0.03198	0.02358	0.12731	0.03052	0.13361	0.02430	0.02521	0.01791	0.01142	0.00961	0.00312	0.01231	0.00847	0.00791	0.01670
5	0.01337	0.01114	0.01168	0.01211	0.01539	0.00944	0.00886	0.01607	0.02498	0.03013	0.10544	0.18896	0.45456	0.02962	0.01348	0.00393	0.00584	0.02511	0.01045	0.00944
6	0.02276	0.04017	0.28829	0.03896	0.15347	0.02389	0.09082	0.03231	0.02483	0.03511	0.03583	0.03910	0.09831	0.01326	0.01154	0.00358	0.01443	0.01180	0.00597	0.01557
7	0.68395	0.02177	0.01654	0.01480	0.02177	0.02525	0.01219	0.03309	0.01915	0.05050	0.01567	0.01828	0.01219	0.01045	0.00697	0.00348	0.00871	0.00609	0.00697	0.01219
8	0.02643	0.34195	0.29618	0.02550	0.03854	0.03558	0.03013	0.03465	0.02330	0.03094	0.01786	0.02083	0.01435	0.01015	0.00891	0.00297	0.01428	0.00714	0.00478	0.01551
9	0.59183	0.02634	0.01875	0.01684	0.02364	0.10188	0.01356	0.03479	0.02098	0.04720	0.01592	0.01857	0.01252	0.01061	0.00742	0.00340	0.01037	0.00626	0.00680	0.01231
10	0.36250	0.02657	0.10542	0.02561	0.10722	0.02320	0.01981	0.03260	0.02167	0.04449	0.02076	0.02461	0.01618	0.01086	0.00839	0.00333	0.01016	0.00781	0.11527	0.01353
11	0.02522	0.21346	0.04065	0.30621	0.05390	0.03186	0.02518	0.03536	0.10166	0.03096	0.02273	0.02804	0.01793	0.01137	0.00997	0.00332	0.01306	0.00914	0.00598	0.01399
12	0.02025	0.02127	0.10213	0.01940	0.02386	0.01632	0.01663	0.09637	0.02610	0.03549	0.04528	0.32669	0.05032	0.12172	0.02036	0.00526	0.00982	0.02209	0.00906	0.01157
13	0.02863	0.02094	0.02369	0.02092	0.02586	0.02236	0.01606	0.26248	0.03764	0.05039	0.04407	0.30460	0.04607	0.02410	0.01277	0.00396	0.00953	0.02078	0.01086	0.01427
14	0.01840	0.01477	0.01807	0.01616	0.02136	0.01200	0.01185	0.02184	0.02242	0.03260	0.04157	0.31773	0.04631	0.02215	0.01143	0.00316	0.00741	0.01966	0.00861	0.33251
15	0.02530	0.17850	0.13510	0.29414	0.05670	0.07053	0.02943	0.03251	0.02354	0.02937	0.01875	0.02510	0.01469	0.01077	0.01005	0.00331	0.01496	0.00848	0.00497	0.01380
16	0.03372	0.30766	0.04142	0.01881	0.02829	0.02979	0.01706	0.03788	0.02543	0.16376	0.02426	0.02468	0.01851	0.01043	0.00857	0.00250	0.01046	0.00757	0.00766	0.18155
17	0.03103	0.03998	0.27861	0.02574	0.03767	0.05742	0.02825	0.03897	0.02584	0.16553	0.02622	0.02797	0.01845	0.01326	0.01282	0.04897	0.01361	0.00893	0.00744	0.09331
18	0.03144	0.07271	0.03724	0.04057	0.21694	0.06618	0.02494	0.11776	0.18945	0.04422	0.02947	0.03107	0.02295	0.01237	0.01090	0.00340	0.01213	0.01043	0.00836	0.01745
19	0.04204	0.05364	0.03190	0.02900	0.03480	0.55926	0.02175	0.04494	0.03190	0.02755	0.01740	0.02030	0.01450	0.01160	0.01015	0.00290	0.02030	0.00725	0.00580	0.01305
20	0.03535	0.01471	0.01810	0.01513	0.02072	0.01344	0.01209	0.04016	0.02780	0.28545	0.04046	0.04018	0.02837	0.01351	0.00955	0.00304	0.00735	0.01089	0.34897	0.01471
21	0.01407	0.01143	0.01247	0.01221	0.01568	0.00983	0.00916	0.01765	0.02748	0.03473	0.23575	0.10119	0.40524	0.02689	0.01329	0.00372	0.00559	0.02276	0.01102	0.00983
22	0.35785	0.01683	0.01512	0.01422	0.01936	0.01832	0.01131	0.02548	0.02110	0.04003	0.05005	0.05180	0.18337	0.02825	0.09809	0.00594	0.01118	0.01281	0.00795	0.01097
23	0.02002	0.02367	0.10808	0.02645	0.10678	0.01820	0.02005	0.03029	0.10513	0.03769	0.14880	0.06628	0.20464	0.01945	0.01222	0.00364	0.00918	0.01660	0.00924	0.01356
24	0.05050	0.01915	0.02612	0.02003	0.02873	0.01654	0.01654	0.05485	0.03221	0.54203	0.04440	0.03831	0.02786	0.01393	0.01132	0.00348	0.00958	0.01132	0.01393	0.01915
25	0.03367	0.01543	0.02073	0.01717	0.02293	0.01366	0.01366	0.03849	0.03204	0.30008	0.28002	0.06059	0.06601	0.01835	0.01227	0.00351	0.00750	0.01572	0.01318	0.01500
26	0.02402	0.02144	0.03140	0.04236	0.27100	0.02166	0.02338	0.05897	0.08754	0.03776	0.04807	0.12263	0.12646	0.01789	0.01204	0.00366	0.01034	0.01601	0.00825	0.01511
27	0.02358	0.13445	0.29966	0.03324	0.12049	0.02670	0.03184	0.03283	0.02523	0.03589	0.10147	0.03324	0.02969	0.01240	0.01062	0.00334	0.01353	0.01017	0.00613	0.01551
28	0.34739	0.02300	0.02111	0.01896	0.02562	0.02666	0.01508	0.04680	0.27300	0.04875	0.03114	0.03045	0.02356	0.01292	0.00927	0.00365	0.00881	0.00950	0.00927	0.01508
29	0.01491	0.01071	0.01457	0.01591	0.01690	0.01103	0.01104	0.01723	0.01959	0.02677	0.04736	0.33263	0.05395	0.14296	0.19901	0.01000	0.01493	0.02298	0.00842	0.00906
30	0.02918	0.02910	0.12051	0.16799	0.27341	0.02462	0.03205	0.03670	0.02569	0.11608	0.02449	0.02936	0.01824	0.01103	0.01112	0.00349	0.01365	0.00995	0.00666	0.01667
31	0.02599	0.01299	0.01713	0.01651	0.01965	0.01182	0.01181	0.02840	0.02413	0.19284	0.05197	0.33085	0.05392	0.12231	0.02047	0.00527	0.00823	0.02276	0.01097	0.01198
32	0.02176	0.01539	0.02350	0.01997	0.02496	0.01375	0.09043	0.02590	0.02628	0.11435	0.10330	0.20226	0.22384	0.02430	0.01324	0.00392	0.00869	0.02181	0.01036	0.01198
33	0.36399	0.02153	0.02241	0.10779	0.03265	0.02500	0.01708	0.10679	0.02509	0.04645	0.02057	0.02579	0.01635	0.02298	0.09729	0.00586	0.01378	0.00835	0.00721	0.01304

[dist]
# distance from previous block
# <min> <max>
4	9

[block]
# block no. 3 follows, 11 sequences, length 43
# corresponding to MSA columns:
# 180-222
name=unknown_D
#
# <colnr> <probs for GDERKNQSTAVLIFYWHMCP>
#	G	D	E	R	K	N	Q	S	T	A	V	L	I	F	Y	W	H	M	C	P
0	0.40492	0.18672	0.02989	0.01684	0.02482	0.02935	0.01483	0.03654	0.02217	0.11795	0.02000	0.02124	0.01519	0.01074	0.00769	0.00318	0.00977	0.00686	0.00741	0.01387
1	0.01450	0.01095	0.01339	0.01384	0.01620	0.00985	0.00998	0.01807	0.02691	0.03588	0.26650	0.24902	0.21721	0.02835	0.01362	0.00393	0.00580	0.02491	0.01124	0.00985
2	0.08566	0.02492	0.03404	0.12224	0.17623	0.02630	0.02478	0.16320	0.03350	0.15790	0.02731	0.02956	0.01954	0.01206	0.01091	0.00346	0.01217	0.01004	0.00898	0.01721
3	0.01486	0.01028	0.01272	0.01421	0.01458	0.00991	0.00888	0.01597	0.01931	0.02575	0.05057	0.37126	0.05998	0.28083	0.03288	0.00731	0.00842	0.02525	0.00888	0.00814
4	0.02695	0.02353	0.02674	0.10884	0.03675	0.02753	0.01990	0.05500	0.43774	0.04424	0.04181	0.04014	0.03136	0.01465	0.01142	0.00381	0.00985	0.01230	0.01045	0.01699
5	0.02626	0.01917	0.02200	0.02008	0.02434	0.02026	0.01517	0.22321	0.03508	0.04694	0.04693	0.35114	0.05058	0.02588	0.01303	0.00406	0.00906	0.02256	0.01080	0.01346
6	0.02420	0.07141	0.03199	0.06545	0.03211	0.06100	0.05662	0.03294	0.09886	0.03598	0.16477	0.04395	0.04353	0.01716	0.01845	0.00385	0.16345	0.01303	0.00812	0.01313
7	0.03398	0.03835	0.03974	0.05179	0.31875	0.25650	0.02902	0.03903	0.02833	0.03279	0.01954	0.02460	0.01639	0.01071	0.01071	0.00315	0.01636	0.00883	0.00567	0.01577
8	0.39803	0.02101	0.02397	0.25753	0.04582	0.02514	0.02042	0.03122	0.02060	0.04112	0.01754	0.02334	0.01340	0.01080	0.00882	0.00360	0.01142	0.00778	0.00612	0.01232
9	0.01354	0.01049	0.01234	0.01383	0.01584	0.00930	0.00963	0.01588	0.02332	0.02945	0.08446	0.38622	0.27085	0.03235	0.01391	0.00424	0.00617	0.02844	0.01045	0.00930
10	0.02334	0.02001	0.02334	0.01667	0.02667	0.01500	0.01334	0.02834	0.02334	0.03668	0.02001	0.02334	0.01667	0.00834	0.00834	0.00167	0.00834	0.00667	0.00667	0.67325
11	0.01787	0.01420	0.01749	0.01610	0.02079	0.01167	0.01169	0.02114	0.02232	0.03216	0.04390	0.34955	0.04952	0.02364	0.01176	0.00332	0.00731	0.02107	0.00882	0.29567
12	0.41065	0.02064	0.02067	0.01706	0.02477	0.02149	0.01407	0.04248	0.02479	0.26257	0.02807	0.02692	0.01895	0.01195	0.00884	0.00348	0.00908	0.00835	0.00997	0.01519
13	0.03350	0.02656	0.03377	0.26384	0.05329	0.03063	0.02565	0.29481	0.03980	0.05274	0.02399	0.02831	0.01736	0.01254	0.01126	0.00354	0.01352	0.01008	0.00856	0.01628
14	0.68395	0.02177	0.01654	0.01480	0.02177	0.02525	0.01219	0.03309	0.01915	0.05050	0.01567	0.01828	0.01219	0.01045	0.00697	0.00348	0.00871	0.00609	0.00697	0.01219
15	0.01586	0.01133	0.01553	0.01813	0.01972	0.01099	0.01418	0.01939	0.02367	0.03114	0.06085	0.36868	0.06975	0.03324	0.01494	0.00487	0.00839	0.23920	0.01041	0.00974
16	0.68395	0.02177	0.01654	0.01480	0.02177	0.02525	0.01219	0.03309	0.01915	0.05050	0.01567	0.01828	0.01219	0.01045	0.00697	0.00348	0.00871	0.00609	0.00697	0.01219
17	0.04279	0.03153	0.03378	0.02590	0.03490	0.03490	0.02139	0.49671	0.05292	0.07093	0.02702	0.02702	0.01914	0.01351	0.01126	0.00338	0.01239	0.01013	0.01126	0.01914
18	0.04279	0.03153	0.03378	0.02590	0.03490	0.03490	0.02139	0.49671	0.05292	0.07093	0.02702	0.02702	0.01914	0.01351	0.01126	0.00338	0.01239	0.01013	0.01126	0.01914
19	0.04717	0.02449	0.02942	0.02256	0.03139	0.02446	0.01864	0.24549	0.04115	0.33878	0.03690	0.03344	0.02410	0.01375	0.01129	0.00344	0.01079	0.01081	0.01278	0.01915
20	0.05050	0.01915	0.02612	0.02003	0.02873	0.01654	0.01654	0.05485	0.03221	0.54203	0.04440	0.03831	0.02786	0.01393	0.01132	0.00348	0.00958	0.01132	0.01393	0.01915
21	0.04611	0.02619	0.03047	0.02336	0.03224	0.02698	0.01930	0.30607	0.04399	0.27419	0.03452	0.03189	0.02290	0.01369	0.01128	0.00342	0.01117	0.01064	0.01241	0.01915
22	0.03463	0.01512	0.02049	0.01815	0.02338	0.01335	0.01391	0.03795	0.02761	0.32057	0.05201	0.27940	0.04796	0.02313	0.01263	0.00395	0.00826	0.02024	0.01243	0.01483
23	0.03558	0.01585	0.02134	0.01749	0.02359	0.01399	0.01399	0.04035	0.03206	0.32765	0.25318	0.05805	0.06166	0.01785	0.01216	0.00351	0.00774	0.01522	0.01327	0.01547
24	0.04483	0.01979	0.02496	0.01951	0.02734	0.01851	0.01600	0.11994	0.03417	0.39255	0.04051	0.03709	0.02664	0.01374	0.01079	0.00334	0.00936	0.01101	0.11207	0.01784
25	0.37335	0.02141	0.02180	0.01779	0.02563	0.02235	0.01468	0.07656	0.02708	0.25607	0.02844	0.02725	0.01921	0.01212	0.00909	0.00347	0.00934	0.00856	0.01018	0.01560
26	0.03463	0.01512	0.02049	0.01815	0.02338	0.01335	0.01391	0.03795	0.02761	0.32057	0.05201	0.27940	0.04796	0.02313	0.01263	0.00395	0.00826	0.02024	0.01243	0.01483
27	0.03290	0.01382	0.01961	0.01698	0.02073	0.01269	0.01269	0.03200	0.02224	0.24497	0.03027	0.03598	0.02314	0.02824	0.02989	0.38387	0.00969	0.01044	0.00879	0.01104
28	0.04586	0.01779	0.02366	0.01853	0.02628	0.01559	0.01518	0.05035	0.03086	0.46347	0.04320	0.03888	0.02802	0.01380	0.01078	0.00335	0.00890	0.01119	0.11651	0.01779
29	0.30414	0.01593	0.01569	0.01444	0.01895	0.01693	0.01130	0.02635	0.02638	0.04745	0.30713	0.05569	0.06564	0.01759	0.01055	0.00352	0.00678	0.01420	0.01005	0.01130
30	0.03049	0.03520	0.02454	0.02401	0.02788	0.32249	0.01803	0.03347	0.02809	0.02881	0.03629	0.19820	0.03890	0.02118	0.01215	0.00371	0.01494	0.08230	0.00779	0.01155
31	0.25976	0.02211	0.02330	0.01935	0.02696	0.02347	0.01572	0.08210	0.13784	0.22805	0.03365	0.03149	0.02335	0.01302	0.00987	0.00355	0.00934	0.00977	0.01081	0.01649
32	0.01368	0.00993	0.01292	0.01532	0.01623	0.00917	0.01029	0.01571	0.02189	0.02887	0.06633	0.55668	0.11209	0.03470	0.01428	0.00451	0.00646	0.03132	0.01045	0.00917
33	0.13060	0.01488	0.01674	0.01480	0.01828	0.01471	0.01033	0.02955	0.02115	0.16905	0.03481	0.05526	0.03282	0.34912	0.03677	0.00771	0.01020	0.01337	0.00879	0.01105
34	0.68395	0.02177	0.01654	0.01480	0.02177	0.02525	0.01219	0.03309	0.01915	0.05050	0.01567	0.01828	0.01219	0.01045	0.00697	0.00348	0.00871	0.00609	0.00697	0.01219
35	0.08585	0.02216	0.02902	0.02343	0.03054	0.02271	0.07544	0.17346	0.03438	0.14512	0.03550	0.04685	0.02863	0.01555	0.01134	0.00363	0.01098	0.08092	0.10905	0.01543
36	0.02625	0.27508	0.03872	0.01779	0.02763	0.02775	0.01589	0.03065	0.02314	0.03228	0.01813	0.02106	0.01571	0.00889	0.00786	0.00199	0.00993	0.00639	0.00587	0.38901
37	0.01499	0.01078	0.01420	0.01480	0.01661	0.00999	0.01055	0.01888	0.02750	0.03819	0.33096	0.30121	0.09276	0.02820	0.01374	0.00398	0.00583	0.02528	0.01157	0.00999
38	0.03591	0.03058	0.11001	0.02398	0.03384	0.02615	0.02194	0.20453	0.11487	0.14483	0.03125	0.03052	0.02212	0.01270	0.01080	0.00326	0.01139	0.01000	0.01012	0.11121
39	0.03143	0.02516	0.03956	0.05441	0.37861	0.02533	0.02919	0.04155	0.10036	0.11770	0.02854	0.03163	0.02190	0.01143	0.01122	0.00344	0.01210	0.01064	0.00777	0.01803
40	0.03173	0.26431	0.08049	0.02021	0.03031	0.02977	0.01913	0.07383	0.02697	0.11156	0.02251	0.02379	0.01747	0.01032	0.00876	0.00253	0.01102	0.00752	0.00724	0.20052
41	0.02463	0.02688	0.07673	0.24934	0.12290	0.02670	0.16233	0.03627	0.09120	0.03482	0.02448	0.03106	0.01855	0.01110	0.01181	0.00371	0.01520	0.01120	0.00614	0.01495
42	0.02327	0.01524	0.01851	0.01836	0.02183	0.01555	0.01343	0.03397	0.16127	0.11136	0.05482	0.35705	0.05617	0.02643	0.01309	0.00420	0.00766	0.02347	0.01126	0.01309

[dist]
# distance from previous block
# <min> <max>
7	8

[block]
# block no. 4 follows, 11 sequences, length 26
# corresponding to MSA columns:
# 233-258
name=unknown_E
#
# <colnr> <probs for GDERKNQSTAVLIFYWHMCP>
#	G	D	E	R	K	N	Q	S	T	A	V	L	I	F	Y	W	H	M	C	P
0	0.05050	0.01915	0.02612	0.02003	0.02873	0.01654	0.01654	0.05485	0.03221	0.54203	0.04440	0.03831	0.02786	0.01393	0.01132	0.00348	0.00958	0.01132	0.01393	0.01915
1	0.03993	0.02006	0.02432	0.01949	0.02666	0.01968	0.01581	0.13551	0.07300	0.29390	0.07905	0.04062	0.03314	0.01456	0.01095	0.00336	0.00908	0.01180	0.11203	0.01704
2	0.02079	0.18162	0.10746	0.01826	0.02493	0.02219	0.01766	0.02681	0.02819	0.03863	0.31194	0.05699	0.06732	0.01751	0.01124	0.00324	0.00885	0.01463	0.00917	0.01257
3	0.03602	0.02413	0.02696	0.02141	0.02874	0.02533	0.01741	0.29955	0.04325	0.12916	0.11668	0.04776	0.09938	0.01694	0.01184	0.00347	0.01005	0.01361	0.01171	0.01661
4	0.40393	0.03720	0.24077	0.02212	0.03318	0.02563	0.02464	0.03417	0.02111	0.04421	0.01759	0.02060	0.01307	0.01055	0.00854	0.00352	0.01206	0.00704	0.00603	0.01407
5	0.29885	0.01617	0.01743	0.01670	0.02080	0.01880	0.01327	0.02560	0.01854	0.03645	0.02402	0.03324	0.02139	0.05310	0.32576	0.01190	0.02107	0.00953	0.00643	0.01096
6	0.02462	0.02462	0.03447	0.02955	0.02955	0.03447	0.02462	0.02709	0.01724	0.02709	0.01477	0.02462	0.01477	0.01970	0.03694	0.00492	0.58385	0.00985	0.00492	0.01231
7	0.03900	0.01951	0.02494	0.01861	0.02786	0.01589	0.01519	0.04363	0.02846	0.32807	0.03407	0.03197	0.02312	0.01156	0.01006	0.00271	0.00905	0.00935	0.01086	0.29609
8	0.03009	0.61122	0.05898	0.01926	0.02889	0.04454	0.01926	0.03370	0.02287	0.02648	0.01565	0.01805	0.01444	0.00963	0.00722	0.00241	0.01204	0.00602	0.00481	0.01444
9	0.04204	0.05364	0.03190	0.02900	0.03480	0.55926	0.02175	0.04494	0.03190	0.02755	0.01740	0.02030	0.01450	0.01160	0.01015	0.00290	0.02030	0.00725	0.00580	0.01305
10	0.01531	0.01148	0.01419	0.01351	0.01644	0.01036	0.01014	0.02005	0.03041	0.04168	0.43124	0.08975	0.20541	0.02430	0.01328	0.00360	0.00540	0.02115	0.01194	0.01036
11	0.26735	0.02005	0.02284	0.01824	0.02635	0.01952	0.01505	0.04740	0.02774	0.37376	0.03457	0.03145	0.02250	0.01274	0.00983	0.00348	0.00928	0.00953	0.01155	0.01677
12	0.02334	0.02001	0.02334	0.01667	0.02667	0.01500	0.01334	0.02834	0.02334	0.03668	0.02001	0.02334	0.01667	0.00834	0.00834	0.00167	0.00834	0.00667	0.00667	0.67325
13	0.04786	0.02339	0.02874	0.02204	0.03084	0.02283	0.01820	0.20611	0.03930	0.38076	0.03845	0.03445	0.02488	0.01379	0.01130	0.00345	0.01054	0.01091	0.01302	0.01915
14	0.01354	0.01048	0.01236	0.01386	0.01585	0.00929	0.00965	0.01588	0.02329	0.02944	0.08404	0.39015	0.26718	0.03240	0.01392	0.00424	0.00618	0.02851	0.01045	0.00929
15	0.01545	0.01107	0.01510	0.01660	0.01782	0.01134	0.01208	0.01817	0.02050	0.02775	0.04896	0.29445	0.05527	0.13423	0.16935	0.00930	0.01421	0.09045	0.00868	0.00923
16	0.68395	0.02177	0.01654	0.01480	0.02177	0.02525	0.01219	0.03309	0.01915	0.05050	0.01567	0.01828	0.01219	0.01045	0.00697	0.00348	0.00871	0.00609	0.00697	0.01219
17	0.68395	0.02177	0.01654	0.01480	0.02177	0.02525	0.01219	0.03309	0.01915	0.05050	0.01567	0.01828	0.01219	0.01045	0.00697	0.00348	0.00871	0.00609	0.00697	0.01219
18	0.01637	0.01091	0.01228	0.01228	0.01228	0.01091	0.00682	0.01637	0.01637	0.02182	0.03546	0.07365	0.04092	0.60445	0.05729	0.01091	0.01091	0.01637	0.00682	0.00682
19	0.01982	0.01946	0.03594	0.02760	0.03422	0.01791	0.21452	0.02632	0.02816	0.03784	0.21721	0.06701	0.16767	0.01857	0.01328	0.00371	0.01119	0.01816	0.00910	0.01229
20	0.01391	0.01049	0.01288	0.01426	0.01608	0.00945	0.00994	0.01660	0.02417	0.03155	0.14328	0.38669	0.20663	0.03162	0.01391	0.00421	0.00612	0.02802	0.01073	0.00945
21	0.02715	0.01806	0.01999	0.01686	0.02273	0.01756	0.01341	0.15304	0.03453	0.12006	0.11092	0.07379	0.28305	0.02181	0.01244	0.00362	0.00808	0.01791	0.01134	0.01367
22	0.01795	0.01612	0.02454	0.33840	0.05130	0.01839	0.02193	0.02335	0.02322	0.02920	0.05193	0.13723	0.16393	0.01958	0.01228	0.00389	0.01119	0.01707	0.00731	0.01118
23	0.04258	0.03754	0.03327	0.02674	0.03487	0.17746	0.02149	0.37389	0.04720	0.05914	0.02441	0.02519	0.01788	0.01299	0.01096	0.00325	0.01454	0.00935	0.00977	0.01748
24	0.02454	0.18090	0.02623	0.01472	0.01985	0.02254	0.01248	0.03312	0.09350	0.03835	0.03211	0.03526	0.02560	0.01244	0.00820	0.00273	0.00767	0.00956	0.38754	0.01265
25	0.12433	0.17105	0.11755	0.03591	0.16717	0.14121	0.02623	0.03647	0.02509	0.03428	0.01818	0.02204	0.01501	0.01042	0.00937	0.00309	0.01433	0.00771	0.00552	0.01507

[dist]
# distance from previous block
# <min> <max>
2	5

[block]
# block no. 5 follows, 11 sequences, length 8
# corresponding to MSA columns:
# 264-271
name=unknown_F
#
# <colnr> <probs for GDERKNQSTAVLIFYWHMCP>
#	G	D	E	R	K	N	Q	S	T	A	V	L	I	F	Y	W	H	M	C	P
0	0.02092	0.15205	0.16644	0.02215	0.03098	0.02312	0.06263	0.02764	0.02580	0.03416	0.13723	0.05583	0.16289	0.01718	0.01133	0.00340	0.01099	0.01443	0.00771	0.01311
1	0.01995	0.01629	0.01833	0.01840	0.02189	0.01747	0.01348	0.03512	0.23842	0.03698	0.06044	0.30101	0.10532	0.02575	0.01297	0.00416	0.00749	0.02265	0.01089	0.01299
2	0.02488	0.02352	0.04272	0.03275	0.04018	0.02288	0.24891	0.10348	0.02996	0.04054	0.07810	0.18263	0.04022	0.01806	0.01324	0.00391	0.01346	0.01829	0.00842	0.01384
3	0.03122	0.02384	0.03910	0.27627	0.05779	0.02575	0.12243	0.11031	0.03003	0.13186	0.02621	0.03113	0.01847	0.01175	0.01169	0.00365	0.01440	0.01094	0.00780	0.01535
4	0.01420	0.01053	0.01326	0.01450	0.01624	0.00959	0.01014	0.01718	0.02494	0.03322	0.19047	0.37606	0.16663	0.03089	0.01389	0.00417	0.00607	0.02751	0.01094	0.00959
5	0.15303	0.02881	0.02456	0.01982	0.02806	0.15577	0.01561	0.03627	0.02569	0.09075	0.02114	0.02323	0.01648	0.01015	0.00886	0.00251	0.01158	0.00721	0.00728	0.31319
6	0.01607	0.01072	0.01201	0.01250	0.01362	0.01030	0.00792	0.01767	0.01989	0.02748	0.05319	0.17120	0.12389	0.31873	0.03493	0.00736	0.00842	0.01957	0.10629	0.00823
7	0.08623	0.02138	0.02410	0.01811	0.02737	0.01873	0.01459	0.07509	0.06064	0.09458	0.02460	0.02609	0.01890	0.01005	0.00900	0.00232	0.00890	0.00783	0.00819	0.44332

[dist]
# distance from previous block
# <min> <max>
0	2

[block]
# block no. 6 follows, 11 sequences, length 57
# corresponding to MSA columns:
# 274-330
name=unknown_G
#
# <colnr> <probs for GDERKNQSTAVLIFYWHMCP>
#	G	D	E	R	K	N	Q	S	T	A	V	L	I	F	Y	W	H	M	C	P
0	0.16388	0.12442	0.22590	0.03052	0.10527	0.02902	0.02806	0.03776	0.08565	0.03901	0.02198	0.02466	0.01692	0.01098	0.00955	0.00338	0.01284	0.00831	0.00620	0.01569
1	0.23282	0.26035	0.07188	0.05979	0.03314	0.03233	0.05028	0.03297	0.02202	0.03625	0.01710	0.02061	0.01413	0.00995	0.00814	0.00294	0.01163	0.00701	0.00572	0.07093
2	0.01538	0.01100	0.01490	0.01706	0.01858	0.01052	0.01288	0.01878	0.02423	0.03238	0.12094	0.38430	0.07548	0.03239	0.01460	0.00463	0.00757	0.16399	0.01067	0.00971
3	0.02063	0.01877	0.03296	0.02736	0.03097	0.02058	0.14311	0.02428	0.02034	0.02857	0.02925	0.13129	0.02943	0.03699	0.14707	0.09483	0.13108	0.01511	0.00634	0.01104
4	0.02531	0.01463	0.01665	0.01479	0.01761	0.01469	0.01022	0.08491	0.02451	0.10409	0.03585	0.05726	0.03422	0.34386	0.03641	0.00747	0.00993	0.01385	0.12300	0.01075
5	0.02059	0.01498	0.01830	0.01620	0.01996	0.01484	0.01249	0.10380	0.03552	0.04961	0.44126	0.07417	0.09108	0.02136	0.01292	0.00351	0.00654	0.01858	0.01219	0.01210
6	0.01371	0.00979	0.01306	0.01567	0.01632	0.00914	0.01045	0.01567	0.02155	0.02873	0.06203	0.59710	0.07444	0.03526	0.01437	0.00457	0.00653	0.03200	0.01045	0.00914
7	0.01612	0.01124	0.01382	0.01333	0.01481	0.01075	0.00894	0.01909	0.02503	0.03486	0.31098	0.07948	0.07741	0.27939	0.03268	0.00679	0.00778	0.01860	0.00993	0.00894
8	0.02971	0.03503	0.02333	0.02159	0.02636	0.31699	0.01619	0.03290	0.02994	0.03069	0.11302	0.05601	0.18747	0.01835	0.01154	0.00326	0.01381	0.01409	0.00810	0.01163
9	0.02334	0.02001	0.02334	0.01667	0.02667	0.01500	0.01334	0.02834	0.02334	0.03668	0.02001	0.02334	0.01667	0.00834	0.00834	0.00167	0.00834	0.00667	0.00667	0.67325
10	0.02272	0.12649	0.10579	0.13740	0.13758	0.02443	0.02497	0.02901	0.02403	0.03308	0.06709	0.11641	0.03237	0.01529	0.01085	0.00344	0.01171	0.01322	0.05042	0.01369
11	0.01637	0.01091	0.01228	0.01228	0.01228	0.01091	0.00682	0.01637	0.01637	0.02182	0.03546	0.07365	0.04092	0.60445	0.05729	0.01091	0.01091	0.01637	0.00682	0.00682
12	0.02344	0.04882	0.39590	0.03361	0.04668	0.02788	0.09645	0.03421	0.02299	0.03421	0.01959	0.02476	0.01471	0.01210	0.01558	0.00383	0.11542	0.00922	0.00490	0.01570
13	0.04710	0.02461	0.02950	0.02261	0.03145	0.02464	0.01868	0.24969	0.04134	0.33430	0.03674	0.03333	0.02402	0.01375	0.01129	0.00344	0.01082	0.01080	0.01275	0.01915
14	0.01909	0.01550	0.01881	0.01623	0.02211	0.01242	0.01206	0.02275	0.02255	0.03317	0.03854	0.27634	0.04214	0.02021	0.01099	0.00295	0.00754	0.01784	0.00833	0.38041
15	0.02800	0.02418	0.02545	0.02291	0.02927	0.02800	0.01782	0.05981	0.51390	0.04708	0.04581	0.04199	0.03436	0.01527	0.01145	0.00382	0.00891	0.01273	0.01145	0.01782
16	0.04462	0.02609	0.03171	0.02726	0.07571	0.02675	0.02057	0.27744	0.04216	0.25900	0.03356	0.03167	0.02256	0.01338	0.01127	0.00342	0.01133	0.01060	0.01185	0.01903
17	0.02347	0.05198	0.43872	0.03552	0.05098	0.02666	0.14273	0.03574	0.02439	0.03574	0.02077	0.02524	0.01489	0.01042	0.01127	0.00362	0.01716	0.00943	0.00496	0.01631
18	0.02248	0.01790	0.02136	0.02169	0.02594	0.01959	0.01800	0.03941	0.24109	0.03959	0.05352	0.08949	0.05136	0.02412	0.01374	0.00458	0.00972	0.26192	0.01084	0.01365
19	0.02126	0.02001	0.03376	0.57739	0.07752	0.02501	0.03126	0.02876	0.02251	0.02876	0.02001	0.03001	0.01500	0.01125	0.01125	0.00375	0.01500	0.01000	0.00500	0.01250
20	0.05050	0.01915	0.02612	0.02003	0.02873	0.01654	0.01654	0.05485	0.03221	0.54203	0.04440	0.03831	0.02786	0.01393	0.01132	0.00348	0.00958	0.01132	0.01393	0.01915
21	0.02811	0.01631	0.02508	0.02025	0.02592	0.01476	0.07425	0.03366	0.03129	0.19949	0.31216	0.06288	0.07028	0.01844	0.01266	0.00355	0.00839	0.01662	0.01202	0.01387
22	0.01371	0.00979	0.01306	0.01567	0.01632	0.00914	0.01045	0.01567	0.02155	0.02873	0.06203	0.59710	0.07444	0.03526	0.01437	0.00457	0.00653	0.03200	0.01045	0.00914
23	0.02672	0.02201	0.02515	0.01827	0.02810	0.01846	0.01474	0.10966	0.02848	0.04262	0.02122	0.02398	0.01710	0.00923	0.00884	0.00196	0.00904	0.00727	0.00747	0.55968
24	0.07266	0.13033	0.04251	0.12768	0.28026	0.09762	0.02828	0.03477	0.02505	0.03352	0.01919	0.02487	0.01602	0.01037	0.01007	0.00319	0.01396	0.00871	0.00548	0.01546
25	0.02446	0.09852	0.37904	0.03861	0.13210	0.02802	0.07416	0.03532	0.02423	0.03508	0.02018	0.02450	0.01512	0.01039	0.01067	0.00344	0.01585	0.00881	0.00497	0.01654
26	0.01540	0.01186	0.01420	0.01449	0.01711	0.01110	0.01052	0.02091	0.06116	0.03635	0.24167	0.24238	0.20590	0.02764	0.01348	0.00394	0.00604	0.02424	0.01121	0.01038
27	0.02630	0.02066	0.02393	0.01802	0.02729	0.01738	0.01437	0.03590	0.10922	0.07845	0.02642	0.02776	0.02063	0.00998	0.00911	0.00218	0.00853	0.00809	0.00807	0.50771
28	0.01914	0.01560	0.02558	0.02372	0.02762	0.01515	0.09862	0.02464	0.02603	0.03466	0.11642	0.09959	0.06020	0.07595	0.01846	0.00521	0.01120	0.28178	0.00953	0.01093
29	0.03686	0.02478	0.03644	0.04455	0.27219	0.02469	0.02590	0.10204	0.06980	0.20010	0.03114	0.03214	0.02244	0.01211	0.01124	0.00343	0.01170	0.01066	0.00938	0.01841
30	0.03349	0.11585	0.12945	0.02848	0.03887	0.03300	0.08583	0.23601	0.09922	0.05100	0.02610	0.02756	0.01932	0.01218	0.01089	0.00339	0.01349	0.00999	0.00853	0.01736
31	0.03468	0.01599	0.02188	0.01950	0.02528	0.01452	0.01633	0.03945	0.02997	0.29954	0.11296	0.07525	0.05099	0.02111	0.01305	0.00408	0.00929	0.16867	0.01248	0.01497
32	0.01464	0.01145	0.01325	0.01280	0.01602	0.01007	0.00960	0.01874	0.02881	0.03788	0.32437	0.09601	0.31465	0.02571	0.01329	0.00367	0.00550	0.02203	0.01144	0.01007
33	0.02889	0.03174	0.02651	0.02393	0.02621	0.23346	0.01792	0.03075	0.02273	0.02562	0.02228	0.03827	0.02285	0.19953	0.03277	0.00600	0.18293	0.01087	0.00586	0.01088
34	0.04204	0.05364	0.03190	0.02900	0.03480	0.55926	0.02175	0.04494	0.03190	0.02755	0.01740	0.02030	0.01450	0.01160	0.01015	0.00290	0.02030	0.00725	0.00580	0.01305
35	0.02093	0.01411	0.01446	0.01325	0.01737	0.01379	0.01024	0.09385	0.02900	0.04130	0.06932	0.06893	0.24820	0.01996	0.01078	0.00326	0.00654	0.01628	0.27702	0.01138
36	0.14971	0.01949	0.02136	0.01768	0.02433	0.02002	0.01430	0.10556	0.07235	0.21683	0.03510	0.03454	0.02475	0.01317	0.00966	0.00327	0.00862	0.01015	0.18355	0.01555
37	0.02246	0.02214	0.04189	0.27552	0.05962	0.02369	0.18989	0.03016	0.02464	0.03234	0.02928	0.05047	0.02617	0.01480	0.01286	0.00407	0.01542	0.10524	0.00637	0.01299
38	0.40072	0.02149	0.02065	0.01760	0.02493	0.02340	0.01433	0.04354	0.10855	0.18130	0.02859	0.02775	0.02023	0.01222	0.00891	0.00354	0.00897	0.00864	0.00961	0.01503
39	0.48569	0.02095	0.01954	0.01644	0.02395	0.02252	0.01355	0.03990	0.02324	0.20434	0.02466	0.02455	0.01709	0.01154	0.00833	0.00348	0.00898	0.00773	0.00915	0.01437
40	0.03527	0.02134	0.02531	0.02167	0.02816	0.02209	0.01753	0.16667	0.11925	0.19123	0.04429	0.11974	0.03772	0.01917	0.01230	0.00389	0.00995	0.07620	0.01183	0.01641
41	0.01371	0.00979	0.01306	0.01567	0.01632	0.00914	0.01045	0.01567	0.02155	0.02873	0.06203	0.59710	0.07444	0.03526	0.01437	0.00457	0.00653	0.03200	0.01045	0.00914
42	0.01511	0.01147	0.01390	0.01330	0.01631	0.01027	0.00997	0.01965	0.02992	0.04052	0.39864	0.09166	0.23874	0.02473	0.01328	0.00362	0.00543	0.02142	0.01178	0.01027
43	0.04536	0.03468	0.02862	0.02416	0.03144	0.25657	0.01892	0.05079	0.06224	0.28418	0.03258	0.03060	0.02238	0.01299	0.01081	0.00325	0.01426	0.00961	0.01019	0.01638
44	0.34861	0.02211	0.02266	0.01838	0.02630	0.02321	0.01516	0.10614	0.02893	0.24423	0.02841	0.02728	0.01924	0.01223	0.00925	0.00347	0.00956	0.00869	0.01027	0.01586
45	0.01465	0.01119	0.01179	0.01179	0.01391	0.01012	0.00779	0.01625	0.02156	0.02662	0.07938	0.09303	0.31415	0.28247	0.03270	0.00694	0.00800	0.02050	0.00885	0.00832
46	0.02847	0.01991	0.01982	0.01915	0.02285	0.10664	0.01404	0.03123	0.02620	0.16574	0.04957	0.34757	0.05158	0.02545	0.01282	0.00399	0.00974	0.02217	0.01057	0.01250
47	0.06989	0.02423	0.03506	0.06297	0.03847	0.02625	0.14152	0.04640	0.28419	0.04184	0.03746	0.08053	0.03033	0.01477	0.01185	0.00384	0.01171	0.01378	0.00917	0.01573
48	0.48151	0.10560	0.02545	0.01735	0.02504	0.02961	0.01477	0.11367	0.02553	0.05070	0.01764	0.01977	0.01371	0.01087	0.00775	0.00331	0.00981	0.00679	0.00741	0.01371
49	0.03432	0.41380	0.04939	0.02271	0.03098	0.22678	0.02014	0.03768	0.02607	0.02686	0.01627	0.01885	0.01446	0.01033	0.00826	0.00258	0.01496	0.00645	0.00516	0.01395
50	0.02833	0.01388	0.01794	0.01589	0.01966	0.01267	0.01156	0.03120	0.02582	0.21610	0.13874	0.12985	0.05327	0.20326	0.02648	0.00596	0.00877	0.01732	0.01096	0.01234
51	0.02600	0.03361	0.21109	0.27970	0.09346	0.02442	0.03314	0.03496	0.02443	0.09880	0.02334	0.02878	0.01663	0.01132	0.01106	0.00362	0.01474	0.00959	0.00612	0.01518
52	0.01884	0.01110	0.01488	0.01628	0.01805	0.01017	0.01130	0.02113	0.02304	0.10026	0.05958	0.51924	0.06795	0.03229	0.01394	0.00442	0.00695	0.02912	0.01093	0.01054
53	0.01564	0.01212	0.01453	0.01564	0.01824	0.01152	0.01177	0.02104	0.06330	0.03274	0.11007	0.27765	0.21865	0.02991	0.01392	0.00430	0.00703	0.10104	0.01065	0.01026
54	0.39315	0.02216	0.02487	0.10286	0.11915	0.02416	0.01887	0.03213	0.02128	0.04332	0.01779	0.02223	0.01413	0.01022	0.00846	0.00326	0.01035	0.00740	0.00641	0.09781
55	0.02113	0.02785	0.16095	0.10613	0.06928	0.02066	0.02479	0.06702	0.02504	0.03432	0.03977	0.04537	0.10822	0.03378	0.15810	0.00748	0.01753	0.01251	0.00674	0.01333
56	0.15846	0.02286	0.02647	0.02066	0.02914	0.02287	0.01706	0.16706	0.03538	0.33302	0.03485	0.03187	0.02285	0.01322	0.01055	0.00346	0.01016	0.01010	0.01202	0.01794

[dist]
# distance from previous block
# <min> <max>
0	1

[block]
# block no. 7 follows, 11 sequences, length 11
# corresponding to MSA columns:
# 332-342
name=unknown_H
#
# <colnr> <probs for GDERKNQSTAVLIFYWHMCP>
#	G	D	E	R	K	N	Q	S	T	A	V	L	I	F	Y	W	H	M	C	P
0	0.02829	0.34615	0.04210	0.01937	0.02708	0.03497	0.01739	0.04130	0.18303	0.03510	0.02807	0.02879	0.02270	0.01190	0.00868	0.00289	0.01018	0.00875	0.08821	0.01506
1	0.03097	0.02858	0.04842	0.15168	0.05461	0.02993	0.23523	0.19149	0.03469	0.04640	0.02364	0.02915	0.01734	0.01123	0.01217	0.00364	0.01589	0.01152	0.00744	0.01597
2	0.03009	0.61122	0.05898	0.01926	0.02889	0.04454	0.01926	0.03370	0.02287	0.02648	0.01565	0.01805	0.01444	0.00963	0.00722	0.00241	0.01204	0.00602	0.00481	0.01444
3	0.02096	0.01252	0.01546	0.01462	0.01829	0.01144	0.01148	0.02562	0.02868	0.10556	0.24972	0.08196	0.16566	0.02245	0.01249	0.00365	0.00656	0.07188	0.10954	0.01146
4	0.01429	0.01172	0.01278	0.01330	0.01686	0.01021	0.01051	0.01761	0.02571	0.03107	0.10292	0.11212	0.43488	0.02903	0.01376	0.00408	0.00665	0.11240	0.01043	0.00968
5	0.01912	0.01736	0.02278	0.02032	0.02209	0.02102	0.01634	0.02249	0.02362	0.03305	0.18570	0.06397	0.17986	0.02301	0.02390	0.00423	0.26499	0.01656	0.00852	0.01108
6	0.02437	0.04572	0.33089	0.03897	0.05325	0.02718	0.24429	0.03583	0.02502	0.03583	0.02135	0.02672	0.01552	0.01015	0.01186	0.00367	0.01768	0.01055	0.00517	0.01598
7	0.02360	0.02095	0.02561	0.01930	0.02726	0.01897	0.01564	0.02808	0.02209	0.03472	0.01894	0.02360	0.01628	0.01065	0.01417	0.00233	0.12568	0.00732	0.00631	0.53848
8	0.01780	0.01541	0.02545	0.02109	0.02559	0.01454	0.10922	0.02350	0.02833	0.03915	0.31352	0.07119	0.13015	0.02846	0.08034	0.00541	0.01119	0.01831	0.01001	0.01134
9	0.02126	0.02001	0.03376	0.57739	0.07752	0.02501	0.03126	0.02876	0.02251	0.02876	0.02001	0.03001	0.01500	0.01125	0.01125	0.00375	0.01500	0.01000	0.00500	0.01250
10	0.57920	0.02133	0.01813	0.01567	0.02292	0.02381	0.01291	0.03668	0.02131	0.13178	0.02042	0.02160	0.01478	0.01102	0.00769	0.00348	0.00885	0.00696	0.00812	0.01334

[dist]
# distance from previous block
# <min> <max>
0	1

[block]
# block no. 8 follows, 11 sequences, length 14
# corresponding to MSA columns:
# 344-357
name=unknown_I
#
# <colnr> <probs for GDERKNQSTAVLIFYWHMCP>
#	G	D	E	R	K	N	Q	S	T	A	V	L	I	F	Y	W	H	M	C	P
0	0.02471	0.01655	0.02515	0.03232	0.17223	0.01573	0.01872	0.02851	0.02473	0.12598	0.04666	0.32499	0.04904	0.02384	0.01285	0.00401	0.00912	0.02166	0.00965	0.01357
1	0.02365	0.01699	0.02432	0.01932	0.02608	0.01452	0.08568	0.02811	0.02668	0.12672	0.07370	0.07126	0.28483	0.02001	0.01223	0.00344	0.00884	0.01741	0.00982	0.10639
2	0.01998	0.01563	0.01801	0.01455	0.01974	0.01303	0.01020	0.02258	0.01998	0.02953	0.02745	0.04756	0.02834	0.29532	0.03190	0.00612	0.00958	0.01134	0.00674	0.35242
3	0.56186	0.02144	0.01780	0.01515	0.02267	0.02336	0.01240	0.03221	0.01993	0.04794	0.01647	0.01922	0.01302	0.01006	0.00722	0.00315	0.00864	0.00620	0.00691	0.13436
4	0.01646	0.01160	0.01544	0.01751	0.01900	0.01141	0.01355	0.01964	0.02267	0.02980	0.05540	0.25555	0.06279	0.14907	0.02369	0.00617	0.00934	0.24197	0.00967	0.00928
5	0.02770	0.19525	0.04244	0.02573	0.03342	0.02614	0.13415	0.03297	0.02577	0.10371	0.03970	0.08675	0.06948	0.01703	0.01167	0.00363	0.01227	0.09025	0.00808	0.01386
6	0.04281	0.02173	0.03276	0.03668	0.20033	0.02001	0.02265	0.04796	0.02998	0.37051	0.03652	0.03476	0.02446	0.01261	0.01126	0.00344	0.01087	0.01088	0.01109	0.01870
7	0.01562	0.01151	0.01477	0.01516	0.01770	0.01067	0.01166	0.02005	0.02834	0.03841	0.31142	0.16858	0.15953	0.02709	0.01385	0.00403	0.00648	0.10350	0.01144	0.01019
8	0.02085	0.01936	0.02918	0.04131	0.28436	0.01844	0.02203	0.02569	0.02564	0.03371	0.06587	0.06659	0.26424	0.01892	0.01218	0.00356	0.00968	0.01664	0.00792	0.01382
9	0.03358	0.22518	0.19530	0.02557	0.03716	0.02951	0.06317	0.04070	0.02619	0.18182	0.02605	0.02671	0.01855	0.01120	0.00995	0.00318	0.01324	0.00885	0.00755	0.01654
10	0.05050	0.01915	0.02612	0.02003	0.02873	0.01654	0.01654	0.05485	0.03221	0.54203	0.04440	0.03831	0.02786	0.01393	0.01132	0.00348	0.00958	0.01132	0.01393	0.01915
11	0.05050	0.01915	0.02612	0.02003	0.02873	0.01654	0.01654	0.05485	0.03221	0.54203	0.04440	0.03831	0.02786	0.01393	0.01132	0.00348	0.00958	0.01132	0.01393	0.01915
12	0.01922	0.01703	0.02653	0.17856	0.16266	0.01786	0.02177	0.02399	0.02346	0.03102	0.04857	0.22689	0.11473	0.02146	0.01256	0.00392	0.01039	0.01932	0.00777	0.01228
13	0.25725	0.10860	0.07062	0.02604	0.09970	0.02568	0.01995	0.04007	0.02486	0.19068	0.02538	0.02601	0.01815	0.01133	0.00918	0.00332	0.01072	0.00837	0.00837	0.01573

[dist]
# distance from previous block
# <min> <max>
0	5

[block]
# block no. 9 follows, 11 sequences, length 23
# corresponding to MSA columns:
# 363-385
name=unknown_J
#
# <colnr> <probs for GDERKNQSTAVLIFYWHMCP>
#	G	D	E	R	K	N	Q	S	T	A	V	L	I	F	Y	W	H	M	C	P
0	0.04567	0.01823	0.02493	0.02013	0.02792	0.01601	0.01678	0.05014	0.03127	0.46611	0.04667	0.05155	0.03337	0.01649	0.01195	0.00374	0.00969	0.07810	0.01340	0.01784
1	0.68395	0.02177	0.01654	0.01480	0.02177	0.02525	0.01219	0.03309	0.01915	0.05050	0.01567	0.01828	0.01219	0.01045	0.00697	0.00348	0.00871	0.00609	0.00697	0.01219
2	0.05050	0.01915	0.02612	0.02003	0.02873	0.01654	0.01654	0.05485	0.03221	0.54203	0.04440	0.03831	0.02786	0.01393	0.01132	0.00348	0.00958	0.01132	0.01393	0.01915
3	0.01973	0.01739	0.02674	0.02324	0.02525	0.02073	0.06822	0.02298	0.01838	0.02650	0.02619	0.04390	0.02606	0.17770	0.23489	0.01111	0.18204	0.01256	0.00586	0.01051
