[name]
unknown

[dist]
# distance from previous block
# <min> <max>
0	336

[block]
# block no. 0 follows, 12 sequences, length 74
# corresponding to MSA columns:
# 336-409
name=unknown_A
#
# <colnr> <probs for GDERKNQSTAVLIFYWHMCP>
#	G	D	E	R	K	N	Q	S	T	A	V	L	I	F	Y	W	H	M	C	P
0	0.01673	0.01108	0.01252	0.01298	0.01590	0.01037	0.01028	0.02103	0.02482	0.03544	0.11632	0.08432	0.21675	0.02248	0.01154	0.00355	0.00632	0.11696	0.24077	0.00983
1	0.02093	0.03115	0.21049	0.07976	0.12759	0.02080	0.02692	0.03106	0.06801	0.03665	0.14396	0.04562	0.08173	0.01477	0.01131	0.00347	0.01147	0.01270	0.00741	0.01420
2	0.01586	0.01057	0.01189	0.01189	0.01189	0.01057	0.00661	0.01586	0.01586	0.02114	0.03436	0.07135	0.03964	0.61681	0.05550	0.01057	0.01057	0.01586	0.00661	0.00661
3	0.02484	0.11850	0.10472	0.01935	0.02637	0.02188	0.01809	0.07279	0.07989	0.08634	0.24548	0.05013	0.05503	0.01619	0.01106	0.00327	0.00907	0.01347	0.00970	0.01384
4	0.01328	0.00949	0.01265	0.01518	0.01581	0.00886	0.01012	0.01518	0.02088	0.02783	0.06010	0.60969	0.07212	0.03416	0.01392	0.00443	0.00633	0.03100	0.01012	0.00886
5	0.03006	0.02479	0.03355	0.04010	0.23745	0.02616	0.02389	0.20576	0.07298	0.04714	0.03070	0.12020	0.02768	0.01521	0.01135	0.00348	0.01122	0.01333	0.00858	0.01640
6	0.20047	0.12892	0.03140	0.02327	0.02924	0.30850	0.01863	0.03751	0.02525	0.03204	0.01596	0.01921	0.01350	0.01135	0.01088	0.00305	0.06578	0.00678	0.00568	0.01258
7	0.02397	0.02012	0.02194	0.01991	0.02511	0.02259	0.01538	0.04788	0.39502	0.04510	0.17857	0.05165	0.05201	0.01681	0.01157	0.00363	0.00769	0.01432	0.01134	0.01538
8	0.02940	0.50646	0.04989	0.01873	0.02701	0.09142	0.01779	0.03299	0.02308	0.02725	0.01736	0.02002	0.01539	0.00985	0.00733	0.00240	0.01178	0.00638	0.07200	0.01348
9	0.02152	0.01501	0.01834	0.01619	0.02084	0.01414	0.01239	0.03043	0.11063	0.09106	0.28220	0.11403	0.06741	0.01917	0.01174	0.00328	0.00670	0.01671	0.01094	0.11726
10	0.04145	0.03054	0.03272	0.02509	0.03381	0.03381	0.02072	0.51243	0.05127	0.06872	0.02618	0.02618	0.01854	0.01309	0.01091	0.00327	0.01200	0.00982	0.01091	0.01854
11	0.02047	0.01519	0.01784	0.01651	0.02029	0.01517	0.01279	0.12628	0.03207	0.04302	0.23099	0.16771	0.15314	0.02391	0.01280	0.00374	0.00732	0.05816	0.01095	0.01163
12	0.04892	0.01856	0.02530	0.01940	0.02783	0.01603	0.01603	0.05314	0.03121	0.55634	0.04302	0.03711	0.02699	0.01350	0.01096	0.00337	0.00928	0.01096	0.01350	0.01856
13	0.04073	0.05197	0.03090	0.02809	0.03371	0.57303	0.02107	0.04354	0.03090	0.02669	0.01685	0.01966	0.01404	0.01124	0.00983	0.00281	0.01966	0.00702	0.00562	0.01264
14	0.04892	0.01856	0.02530	0.01940	0.02783	0.01603	0.01603	0.05314	0.03121	0.55634	0.04302	0.03711	0.02699	0.01350	0.01096	0.00337	0.00928	0.01096	0.01350	0.01856
15	0.01347	0.00979	0.01271	0.01469	0.01577	0.00903	0.00998	0.01576	0.02221	0.02956	0.11259	0.51456	0.11479	0.03242	0.01372	0.00427	0.00614	0.02920	0.01031	0.00903
16	0.02059	0.01938	0.03270	0.59060	0.07510	0.02422	0.03028	0.02786	0.02180	0.02786	0.01938	0.02907	0.01453	0.01090	0.01090	0.00363	0.01453	0.00969	0.00484	0.01211
17	0.02059	0.01938	0.03270	0.59060	0.07510	0.02422	0.03028	0.02786	0.02180	0.02786	0.01938	0.02907	0.01453	0.01090	0.01090	0.00363	0.01453	0.00969	0.00484	0.01211
18	0.01736	0.01154	0.01464	0.01384	0.01686	0.01042	0.01038	0.02176	0.02903	0.07874	0.39219	0.12791	0.16698	0.02353	0.01281	0.00355	0.00562	0.02058	0.01164	0.01061
19	0.01909	0.01263	0.01609	0.01689	0.02040	0.01174	0.01421	0.02324	0.02563	0.08388	0.07448	0.10817	0.22560	0.02759	0.01390	0.00439	0.00840	0.27265	0.01041	0.01060
20	0.01318	0.01065	0.01173	0.01233	0.01513	0.00920	0.00892	0.01590	0.02427	0.03011	0.12998	0.23519	0.38747	0.02892	0.01315	0.00386	0.00570	0.02485	0.01027	0.00920
21	0.04342	0.01734	0.02354	0.01847	0.02594	0.01508	0.01508	0.04779	0.03115	0.47215	0.12514	0.04439	0.03945	0.01494	0.01128	0.00338	0.00860	0.01240	0.01325	0.01720
22	0.02312	0.15379	0.47388	0.02894	0.04389	0.02838	0.03657	0.03421	0.02287	0.03301	0.01881	0.02207	0.01384	0.01018	0.00978	0.00326	0.01535	0.00767	0.00461	0.01575
23	0.01543	0.01115	0.01457	0.01372	0.01629	0.01029	0.01029	0.02058	0.03086	0.04372	0.54304	0.08145	0.10288	0.02229	0.01286	0.00343	0.00514	0.01972	0.01200	0.01029
24	0.02482	0.01931	0.02284	0.01642	0.02601	0.01466	0.01318	0.02961	0.02333	0.07921	0.02136	0.02383	0.01706	0.00853	0.00832	0.00176	0.00818	0.00684	0.00705	0.62770
25	0.02712	0.02342	0.02465	0.02219	0.02835	0.02712	0.01726	0.05794	0.52909	0.04561	0.04438	0.04068	0.03328	0.01479	0.01109	0.00370	0.00863	0.01233	0.01109	0.01726
26	0.01343	0.01080	0.01198	0.01226	0.01521	0.00935	0.00897	0.01649	0.02529	0.03184	0.18269	0.18718	0.38077	0.02774	0.01306	0.00376	0.00559	0.02377	0.01048	0.00935
27	0.04827	0.01960	0.02595	0.01989	0.02835	0.01757	0.01643	0.09310	0.03295	0.51392	0.04155	0.03616	0.02626	0.01346	0.01096	0.00336	0.00951	0.01087	0.01327	0.01855
28	0.01289	0.01105	0.01105	0.01105	0.01473	0.00920	0.00828	0.01565	0.02485	0.02946	0.11046	0.10493	0.54437	0.02761	0.01289	0.00368	0.00552	0.02301	0.01013	0.00920
29	0.02783	0.52079	0.14817	0.02090	0.03146	0.03992	0.02257	0.03299	0.02231	0.02726	0.01596	0.01849	0.01396	0.00951	0.00760	0.00253	0.01247	0.00623	0.00465	0.01438
30	0.01328	0.00949	0.01265	0.01518	0.01581	0.00886	0.01012	0.01518	0.02088	0.02783	0.06010	0.60969	0.07212	0.03416	0.01392	0.00443	0.00633	0.03100	0.01012	0.00886
31	0.01543	0.01115	0.01457	0.01372	0.01629	0.01029	0.01029	0.02058	0.03086	0.04372	0.54304	0.08145	0.10288	0.02229	0.01286	0.00343	0.00514	0.01972	0.01200	0.01029
32	0.02250	0.10565	0.51661	0.03000	0.04552	0.02687	0.03841	0.03437	0.02295	0.03376	0.01918	0.02254	0.01383	0.01027	0.01007	0.00336	0.01573	0.00786	0.00461	0.01593
33	0.01501	0.01137	0.01373	0.01399	0.01673	0.01041	0.01084	0.01884	0.02618	0.03425	0.23811	0.09817	0.24857	0.07562	0.01691	0.00446	0.00680	0.12002	0.01044	0.00953
34	0.01842	0.03663	0.32129	0.02283	0.03331	0.01849	0.02669	0.02720	0.02493	0.03495	0.13914	0.05442	0.16377	0.01691	0.01146	0.00351	0.01142	0.01397	0.00736	0.01330
35	0.03173	0.04938	0.30432	0.02862	0.04020	0.19082	0.03055	0.08532	0.02883	0.07911	0.02135	0.02349	0.01544	0.01115	0.01030	0.00323	0.01621	0.00816	0.00627	0.01551
36	0.04073	0.05197	0.03090	0.02809	0.03371	0.57303	0.02107	0.04354	0.03090	0.02669	0.01685	0.01966	0.01404	0.01124	0.00983	0.00281	0.01966	0.00702	0.00562	0.01264
37	0.03213	0.02591	0.02747	0.02320	0.03026	0.02946	0.01847	0.21678	0.36210	0.05369	0.03802	0.03561	0.02813	0.01420	0.01103	0.00355	0.00981	0.01145	0.01103	0.01771
38	0.03337	0.02653	0.02818	0.02345	0.03074	0.03004	0.01877	0.25626	0.32059	0.05569	0.03644	0.03435	0.02685	0.01405	0.01101	0.00351	0.01010	0.01123	0.01101	0.01782
39	0.01624	0.01098	0.01385	0.01313	0.01570	0.01027	0.00985	0.02137	0.02955	0.04322	0.45950	0.07473	0.09054	0.02071	0.01200	0.00328	0.00513	0.01815	0.12153	0.01027
40	0.01346	0.00963	0.01281	0.01506	0.01585	0.00898	0.01014	0.01563	0.02171	0.02917	0.10060	0.56539	0.07470	0.03316	0.01383	0.00434	0.00623	0.03005	0.01028	0.00898
41	0.03183	0.03373	0.02185	0.02027	0.02454	0.32742	0.01520	0.03563	0.02739	0.03278	0.02502	0.02882	0.02011	0.01188	0.00887	0.00269	0.01330	0.00839	0.29872	0.01156
42	0.02915	0.62337	0.05714	0.01866	0.02799	0.04314	0.01866	0.03265	0.02215	0.02565	0.01516	0.01749	0.01399	0.00933	0.00700	0.00233	0.01166	0.00583	0.00466	0.01399
43	0.02187	0.05640	0.56031	0.03108	0.04719	0.02532	0.04029	0.03453	0.02302	0.03453	0.01957	0.02302	0.01381	0.01036	0.01036	0.00345	0.01611	0.00806	0.00460	0.01611
44	0.01583	0.01068	0.01244	0.01244	0.01263	0.01087	0.00729	0.01621	0.01602	0.02155	0.03385	0.06858	0.03844	0.56473	0.10593	0.01125	0.01238	0.01545	0.00653	0.00691
45	0.01311	0.01018	0.01194	0.01335	0.01533	0.00901	0.00931	0.01539	0.02264	0.02855	0.08238	0.38630	0.28112	0.03126	0.01346	0.00410	0.00597	0.02746	0.01012	0.00901
46	0.04892	0.01856	0.02530	0.01940	0.02783	0.01603	0.01603	0.05314	0.03121	0.55634	0.04302	0.03711	0.02699	0.01350	0.01096	0.00337	0.00928	0.01096	0.01350	0.01856
47	0.02385	0.02385	0.03340	0.02863	0.02863	0.03340	0.02385	0.02624	0.01670	0.02624	0.01431	0.02385	0.01431	0.01908	0.03578	0.00477	0.59685	0.00954	0.00477	0.01193
48	0.02059	0.01938	0.03270	0.59060	0.07510	0.02422	0.03028	0.02786	0.02180	0.02786	0.01938	0.02907	0.01453	0.01090	0.01090	0.00363	0.01453	0.00969	0.00484	0.01211
49	0.01328	0.00949	0.01265	0.01518	0.01581	0.00886	0.01012	0.01518	0.02088	0.02783	0.06010	0.60969	0.07212	0.03416	0.01392	0.00443	0.00633	0.03100	0.01012	0.00886
50	0.69383	0.02109	0.01603	0.01434	0.02109	0.02446	0.01181	0.03205	0.01856	0.04892	0.01518	0.01771	0.01181	0.01012	0.00675	0.00337	0.00843	0.00590	0.00675	0.01181
51	0.01328	0.00949	0.01265	0.01518	0.01581	0.00886	0.01012	0.01518	0.02088	0.02783	0.06010	0.60969	0.07212	0.03416	0.01392	0.00443	0.00633	0.03100	0.01012	0.00886
52	0.01366	0.01085	0.01227	0.01239	0.01532	0.00946	0.00911	0.01697	0.02597	0.03323	0.22478	0.17033	0.35300	0.02705	0.01303	0.00372	0.00553	0.02323	0.01065	0.00946
53	0.02261	0.01938	0.02261	0.01615	0.02584	0.01453	0.01292	0.02745	0.02261	0.03553	0.01938	0.02261	0.01615	0.00807	0.00807	0.00161	0.00807	0.00646	0.00646	0.68346
54	0.01353	0.00959	0.01258	0.01486	0.01543	0.00902	0.00978	0.01525	0.02039	0.02718	0.05759	0.55729	0.06895	0.09087	0.01796	0.00503	0.00674	0.02952	0.00978	0.00864
55	0.01847	0.06577	0.01949	0.01536	0.01871	0.01490	0.01187	0.06240	0.03013	0.04156	0.37098	0.16124	0.08275	0.02241	0.01236	0.00349	0.00649	0.01959	0.01095	0.01107
56	0.04145	0.03054	0.03272	0.02509	0.03381	0.03381	0.02072	0.51243	0.05127	0.06872	0.02618	0.02618	0.01854	0.01309	0.01091	0.00327	0.01200	0.00982	0.01091	0.01854
57	0.03027	0.13973	0.12004	0.07048	0.07987	0.03021	0.02455	0.12326	0.10803	0.08330	0.02547	0.02739	0.01925	0.01228	0.01206	0.00334	0.05758	0.00926	0.00760	0.01601
58	0.03026	0.02816	0.07216	0.14131	0.21417	0.06661	0.02755	0.12214	0.03000	0.08133	0.02549	0.03409	0.02057	0.01248	0.01105	0.00344	0.01329	0.04294	0.00726	0.01572
59	0.03732	0.01599	0.02159	0.01743	0.02384	0.01404	0.01404	0.04186	0.03109	0.37880	0.21620	0.05247	0.05327	0.01654	0.01162	0.00339	0.00785	0.01400	0.01298	0.01569
60	0.08251	0.02209	0.02896	0.07069	0.03242	0.02486	0.05364	0.16035	0.03175	0.08567	0.14417	0.03929	0.03709	0.01565	0.01567	0.00366	0.11639	0.01206	0.00902	0.01406
61	0.08077	0.24517	0.17309	0.02131	0.03105	0.02936	0.02241	0.06656	0.02470	0.07081	0.02812	0.03020	0.06050	0.01723	0.05172	0.00411	0.01322	0.00895	0.00644	0.01429
62	0.01693	0.01127	0.01599	0.01770	0.01928	0.01135	0.01413	0.01918	0.02124	0.02809	0.04682	0.17898	0.05125	0.03767	0.07671	0.15406	0.01119	0.25104	0.00848	0.00865
63	0.02325	0.02701	0.12122	0.04705	0.32178	0.02182	0.02870	0.02994	0.02432	0.03462	0.07071	0.04443	0.03059	0.06442	0.01512	0.00409	0.01230	0.05738	0.00641	0.01485
64	0.07685	0.01953	0.02713	0.19879	0.12778	0.02183	0.02136	0.06935	0.07283	0.03493	0.02877	0.09368	0.02683	0.11327	0.01821	0.00474	0.01151	0.01280	0.00703	0.01278
65	0.02027	0.01721	0.01987	0.01503	0.02306	0.01323	0.01187	0.02476	0.02368	0.03509	0.07809	0.04225	0.11871	0.01276	0.00933	0.00214	0.00738	0.01052	0.00757	0.50718
66	0.01827	0.01314	0.01689	0.01612	0.01800	0.01448	0.01165	0.06736	0.02026	0.02805	0.03087	0.05208	0.03113	0.27968	0.31907	0.01344	0.02035	0.01309	0.00664	0.00942
67	0.02307	0.14974	0.47748	0.02903	0.04403	0.02826	0.03672	0.03422	0.02288	0.03307	0.01884	0.02211	0.01384	0.01019	0.00981	0.00327	0.01538	0.00769	0.00461	0.01576
68	0.02264	0.11382	0.02799	0.01955	0.02368	0.01897	0.05534	0.02506	0.01958	0.07647	0.02540	0.03487	0.02234	0.04757	0.26289	0.15765	0.01917	0.01027	0.00612	0.01062
69	0.03597	0.02037	0.02449	0.02047	0.02725	0.02074	0.01660	0.11584	0.16712	0.25233	0.09214	0.04818	0.03806	0.01607	0.01153	0.00359	0.00915	0.05141	0.01203	0.01666
70	0.42275	0.12776	0.07819	0.01869	0.02622	0.06718	0.01725	0.03279	0.02033	0.04042	0.01566	0.01877	0.01271	0.01073	0.00944	0.00327	0.05276	0.00644	0.00597	0.01266
71	0.02722	0.47291	0.19067	0.02195	0.03308	0.03841	0.02440	0.03315	0.02238	0.02801	0.01633	0.01896	0.01394	0.00960	0.00789	0.00263	0.01284	0.00642	0.00465	0.01456
72	0.03399	0.44064	0.04813	0.02027	0.02887	0.12352	0.01864	0.03749	0.02492	0.10622	0.01965	0.02081	0.01597	0.01026	0.00805	0.00257	0.01258	0.00680	0.00615	0.01447
73	0.02722	0.47336	0.19027	0.02194	0.03307	0.03843	0.02438	0.03315	0.02238	0.02800	0.01633	0.01895	0.01394	0.00960	0.00789	0.00263	0.01284	0.00642	0.00465	0.01455

[dist]
# distance from previous block
# <min> <max>
0	1

[block]
# block no. 1 follows, 12 sequences, length 10
# corresponding to MSA columns:
# 411-420
name=unknown_B
#
# <colnr> <probs for GDERKNQSTAVLIFYWHMCP>
#	G	D	E	R	K	N	Q	S	T	A	V	L	I	F	Y	W	H	M	C	P
0	0.02065	0.01379	0.01876	0.02113	0.08386	0.01297	0.01385	0.02392	0.02473	0.08942	0.15441	0.07568	0.15109	0.11274	0.02116	0.05055	0.00847	0.08257	0.00938	0.01089
1	0.01868	0.01553	0.01691	0.01625	0.02027	0.01610	0.01223	0.03229	0.21672	0.03718	0.13300	0.15370	0.22237	0.02305	0.01236	0.00377	0.00678	0.01973	0.01073	0.01235
2	0.02902	0.42942	0.16264	0.02252	0.03285	0.10548	0.02363	0.03442	0.02343	0.02770	0.01632	0.01896	0.01396	0.00979	0.00808	0.00263	0.01362	0.00646	0.00477	0.01428
3	0.01763	0.01379	0.01630	0.01521	0.01870	0.01379	0.01154	0.02802	0.13781	0.04231	0.37996	0.07563	0.14424	0.02135	0.01248	0.00352	0.00595	0.01854	0.01157	0.01166
4	0.02775	0.02570	0.11059	0.02377	0.02949	0.02340	0.02183	0.03276	0.02327	0.14538	0.08944	0.03381	0.02849	0.01574	0.02053	0.00375	0.23998	0.01059	0.00774	0.08601
5	0.01509	0.01054	0.01249	0.01330	0.01407	0.01020	0.00859	0.01628	0.01883	0.02463	0.05066	0.20588	0.10359	0.36443	0.03755	0.00789	0.00898	0.06116	0.00812	0.00772
6	0.03133	0.03716	0.19526	0.09837	0.04160	0.09386	0.02693	0.10984	0.10826	0.10919	0.02718	0.02848	0.01943	0.01205	0.01064	0.00340	0.01368	0.00945	0.00788	0.01602
7	0.01328	0.00949	0.01265	0.01518	0.01581	0.00886	0.01012	0.01518	0.02088	0.02783	0.06010	0.60969	0.07212	0.03416	0.01392	0.00443	0.00633	0.03100	0.01012	0.00886
8	0.03489	0.27612	0.04104	0.08366	0.03510	0.22946	0.02045	0.03863	0.02641	0.09255	0.01971	0.02197	0.01569	0.01071	0.00894	0.00277	0.01457	0.00732	0.00613	0.01387
9	0.01655	0.01232	0.01554	0.01453	0.01744	0.01190	0.01095	0.02415	0.07847	0.04390	0.49539	0.07755	0.09623	0.02157	0.01269	0.00346	0.00548	0.01901	0.01192	0.01095

[dist]
# distance from previous block
# <min> <max>
0	1

[block]
# block no. 2 follows, 12 sequences, length 17
# corresponding to MSA columns:
# 422-438
name=unknown_C
#
# <colnr> <probs for GDERKNQSTAVLIFYWHMCP>
#	G	D	E	R	K	N	Q	S	T	A	V	L	I	F	Y	W	H	M	C	P
0	0.02269	0.02087	0.03263	0.23841	0.22723	0.02286	0.02680	0.03193	0.08470	0.03327	0.03423	0.04412	0.07053	0.01401	0.01140	0.00362	0.01208	0.04783	0.00669	0.01413
1	0.02033	0.01016	0.01016	0.01016	0.01270	0.01016	0.00762	0.02541	0.02287	0.04065	0.03557	0.04065	0.02795	0.01270	0.00762	0.00254	0.00508	0.01016	0.67734	0.01016
2	0.02763	0.02414	0.06827	0.02314	0.02998	0.02321	0.05296	0.09631	0.25444	0.09140	0.07769	0.11019	0.03834	0.01670	0.01161	0.00367	0.00980	0.01449	0.01034	0.01569
3	0.10285	0.02540	0.03024	0.06587	0.03456	0.02795	0.05716	0.27223	0.10044	0.05504	0.08888	0.03423	0.02939	0.01363	0.01088	0.00341	0.01106	0.01114	0.00975	0.01589
4	0.02905	0.41714	0.18760	0.02202	0.03306	0.03591	0.02415	0.03504	0.02322	0.07706	0.01890	0.02077	0.01515	0.00999	0.00825	0.00273	0.01262	0.00690	0.00546	0.01498
5	0.15857	0.11929	0.13290	0.03122	0.04077	0.02952	0.20568	0.03299	0.02232	0.03532	0.01840	0.02364	0.01452	0.01069	0.01290	0.00350	0.07914	0.00927	0.00540	0.01395
6	0.02750	0.02037	0.02273	0.02015	0.02588	0.02239	0.01572	0.04990	0.36799	0.10861	0.14361	0.04836	0.04638	0.01613	0.01143	0.00360	0.00801	0.01363	0.01157	0.01603
7	0.01676	0.01550	0.05728	0.05931	0.02572	0.01319	0.01740	0.02178	0.02448	0.03235	0.10192	0.18866	0.10200	0.02705	0.01383	0.00444	0.00932	0.24916	0.00947	0.01038
8	0.02845	0.39365	0.11212	0.02111	0.03005	0.07583	0.02085	0.07266	0.02526	0.03075	0.02154	0.08182	0.02052	0.01255	0.00870	0.00281	0.01228	0.00921	0.00584	0.01400
9	0.01516	0.01113	0.01420	0.01343	0.01612	0.01017	0.01008	0.02005	0.03023	0.04221	0.49721	0.08394	0.14965	0.02285	0.01286	0.00346	0.00518	0.02007	0.01180	0.01017
10	0.02712	0.02342	0.02465	0.02219	0.02835	0.02712	0.01726	0.05794	0.52909	0.04561	0.04438	0.04068	0.03328	0.01479	0.01109	0.00370	0.00863	0.01233	0.01109	0.01726
11	0.03834	0.02900	0.03097	0.02446	0.03263	0.03236	0.01997	0.41392	0.15484	0.06371	0.03012	0.02932	0.02174	0.01346	0.01095	0.00336	0.01127	0.01036	0.01095	0.01826
12	0.03431	0.19397	0.10433	0.02939	0.07776	0.32529	0.02390	0.03883	0.02721	0.02816	0.01708	0.02016	0.01428	0.01052	0.00927	0.00281	0.01664	0.00708	0.00523	0.01381
13	0.02856	0.55692	0.05451	0.01976	0.02806	0.04206	0.01923	0.03194	0.02155	0.02572	0.01506	0.01820	0.01403	0.01041	0.01019	0.00260	0.07652	0.00624	0.00468	0.01376
14	0.01382	0.00987	0.01326	0.01579	0.01666	0.00931	0.01105	0.01610	0.02140	0.02843	0.05980	0.54930	0.07095	0.03366	0.01406	0.00450	0.00679	0.08614	0.01011	0.00900
15	0.01617	0.01358	0.02099	0.01821	0.02194	0.01243	0.08353	0.02100	0.02753	0.03747	0.31565	0.15653	0.16594	0.02309	0.01302	0.00366	0.00734	0.02098	0.01042	0.01053
16	0.02274	0.01656	0.01867	0.01605	0.02136	0.01558	0.01231	0.11777	0.02799	0.04065	0.04109	0.18192	0.07244	0.01806	0.01037	0.00299	0.00760	0.01532	0.14489	0.19564

[dist]
# distance from previous block
# <min> <max>
2	7

[block]
# block no. 3 follows, 12 sequences, length 10
# corresponding to MSA columns:
# 446-455
name=unknown_D
#
# <colnr> <probs for GDERKNQSTAVLIFYWHMCP>
#	G	D	E	R	K	N	Q	S	T	A	V	L	I	F	Y	W	H	M	C	P
0	0.02805	0.08711	0.15210	0.02211	0.03172	0.02261	0.02183	0.03412	0.02344	0.12820	0.02265	0.02502	0.01713	0.01119	0.01274	0.00285	0.08947	0.00800	0.00691	0.25272
1	0.15938	0.20148	0.03723	0.18789	0.10081	0.03041	0.02221	0.03371	0.07094	0.03405	0.01984	0.02422	0.01597	0.01052	0.00891	0.00315	0.01169	0.00804	0.00584	0.01371
2	0.01525	0.01107	0.01394	0.01326	0.01563	0.01022	0.00968	0.01957	0.02856	0.03978	0.44407	0.08243	0.13606	0.09201	0.01783	0.00428	0.00581	0.01957	0.01120	0.00976
3	0.02250	0.01846	0.02859	0.10617	0.20014	0.01967	0.02206	0.02697	0.02281	0.06039	0.06511	0.11271	0.03593	0.09770	0.01995	0.00472	0.06473	0.05140	0.00725	0.01274
4	0.02261	0.01938	0.02261	0.01615	0.02584	0.01453	0.01292	0.02745	0.02261	0.03553	0.01938	0.02261	0.01615	0.00807	0.00807	0.00161	0.00807	0.00646	0.00646	0.68346
5	0.01509	0.01113	0.01410	0.01336	0.01608	0.01014	0.01002	0.01991	0.03005	0.04180	0.48479	0.08461	0.16232	0.02301	0.01286	0.00346	0.00520	0.02016	0.01175	0.01014
6	0.19071	0.03607	0.02698	0.02383	0.02954	0.26627	0.01862	0.08627	0.09566	0.03846	0.02082	0.02307	0.01657	0.01239	0.01190	0.00330	0.07093	0.00799	0.00705	0.01357
7	0.01567	0.01130	0.01557	0.01557	0.01684	0.01257	0.01119	0.01821	0.01694	0.02386	0.03099	0.05274	0.03156	0.26766	0.39360	0.01511	0.02273	0.01313	0.00611	0.00865
8	0.08837	0.07181	0.03926	0.12236	0.07694	0.02873	0.11931	0.02946	0.02139	0.03211	0.05011	0.02849	0.02024	0.01369	0.01891	0.00385	0.20622	0.01022	0.00561	0.01294
9	0.18340	0.06811	0.06947	0.02018	0.02892	0.10893	0.01758	0.09827	0.02689	0.04107	0.01869	0.02121	0.01482	0.00999	0.00854	0.00263	0.01138	0.00697	0.00674	0.23623

[dist]
# distance from previous block
# <min> <max>
1	26

[block]
# block no. 4 follows, 12 sequences, length 59
# corresponding to MSA columns:
# 543-601
name=unknown_E
#
# <colnr> <probs for GDERKNQSTAVLIFYWHMCP>
#	G	D	E	R	K	N	Q	S	T	A	V	L	I	F	Y	W	H	M	C	P
0	0.02651	0.22407	0.16569	0.03588	0.18090	0.03149	0.02770	0.03740	0.10486	0.03378	0.02242	0.02523	0.01800	0.01056	0.00952	0.00307	0.01258	0.00850	0.00590	0.01595
1	0.02564	0.07550	0.15570	0.02653	0.07629	0.06536	0.02341	0.07450	0.02581	0.03564	0.02717	0.03010	0.06153	0.01217	0.01191	0.00293	0.06113	0.00912	0.00632	0.19322
2	0.15940	0.02309	0.03287	0.08362	0.26795	0.02407	0.02434	0.03105	0.02224	0.03689	0.01862	0.02422	0.01551	0.01039	0.01163	0.00313	0.06114	0.00834	0.00577	0.13571
3	0.37973	0.02122	0.01997	0.01594	0.02399	0.02141	0.01299	0.07063	0.02287	0.04541	0.01773	0.02032	0.01405	0.00958	0.00761	0.00269	0.00860	0.00645	0.00699	0.27183
4	0.01356	0.01107	0.01198	0.01175	0.01514	0.00949	0.00881	0.01695	0.02644	0.03323	0.22497	0.09872	0.42750	0.02620	0.01288	0.00362	0.00542	0.02214	0.01062	0.00949
5	0.01412	0.01013	0.01340	0.01461	0.01600	0.00941	0.01019	0.01728	0.02475	0.03400	0.24756	0.40464	0.08406	0.02955	0.01351	0.00404	0.00587	0.02662	0.01085	0.00941
6	0.01300	0.01058	0.01152	0.01227	0.01505	0.00910	0.00883	0.01551	0.02367	0.02897	0.09554	0.25449	0.40444	0.02955	0.01319	0.00390	0.00576	0.02538	0.01012	0.00910
7	0.01947	0.01145	0.01435	0.01352	0.01646	0.01066	0.01017	0.02424	0.02815	0.08857	0.33589	0.11283	0.07557	0.02023	0.01154	0.00330	0.00561	0.01762	0.16949	0.01089
8	0.02699	0.02591	0.04426	0.06693	0.54879	0.02591	0.03346	0.03346	0.02483	0.03562	0.02051	0.02699	0.01727	0.00972	0.01079	0.00324	0.01295	0.00972	0.00540	0.01727
9	0.01452	0.01037	0.01407	0.01659	0.01776	0.00992	0.01227	0.01731	0.02209	0.02921	0.05942	0.46963	0.06942	0.03300	0.01425	0.00460	0.00739	0.15889	0.01010	0.00920
10	0.02059	0.01938	0.03270	0.59060	0.07510	0.02422	0.03028	0.02786	0.02180	0.02786	0.01938	0.02907	0.01453	0.01090	0.01090	0.00363	0.01453	0.00969	0.00484	0.01211
11	0.02595	0.02617	0.03822	0.27020	0.30476	0.08506	0.03085	0.03234	0.02429	0.03157	0.01966	0.02701	0.01583	0.01035	0.01073	0.00335	0.01431	0.00941	0.00520	0.01472
12	0.29804	0.03688	0.02647	0.02689	0.08502	0.29582	0.01875	0.03789	0.02534	0.03647	0.01659	0.01969	0.01351	0.01063	0.00871	0.00308	0.01448	0.00687	0.00604	0.01282
13	0.02574	0.02941	0.06434	0.04596	0.05699	0.02757	0.50919	0.03493	0.02574	0.03493	0.02206	0.02941	0.01654	0.00919	0.01287	0.00368	0.01838	0.01287	0.00551	0.01471
14	0.02373	0.04175	0.29727	0.03736	0.04984	0.02702	0.24376	0.03398	0.02365	0.03398	0.02019	0.02589	0.01505	0.01062	0.01369	0.00367	0.06813	0.01029	0.00502	0.01513
15	0.01322	0.00976	0.01237	0.01447	0.01563	0.00892	0.00980	0.01526	0.02156	0.02811	0.06879	0.52255	0.15365	0.03303	0.01374	0.00430	0.00619	0.02962	0.01012	0.00892
16	0.02762	0.02716	0.03379	0.08547	0.26877	0.11764	0.02520	0.07542	0.02820	0.03643	0.07347	0.09461	0.03062	0.01422	0.01118	0.00335	0.01269	0.01252	0.00703	0.01462
17	0.01423	0.01017	0.01368	0.01589	0.01703	0.00963	0.01142	0.01697	0.02254	0.03015	0.10482	0.47630	0.07337	0.03235	0.01402	0.00444	0.00686	0.10667	0.01028	0.00919
18	0.02174	0.01985	0.03269	0.26019	0.23651	0.02155	0.02673	0.02821	0.02507	0.03449	0.14377	0.04070	0.03646	0.01316	0.01133	0.00344	0.01173	0.01207	0.00674	0.01359
19	0.03557	0.01464	0.01823	0.01509	0.02077	0.01329	0.01210	0.04019	0.02731	0.31553	0.03954	0.03876	0.02744	0.01313	0.00940	0.00298	0.00732	0.01059	0.32349	0.01464
20	0.01555	0.01305	0.01733	0.14913	0.02953	0.01312	0.01415	0.02016	0.02611	0.03377	0.23119	0.07925	0.27371	0.02191	0.01241	0.00359	0.00753	0.01877	0.00949	0.01025
21	0.04892	0.01856	0.02530	0.01940	0.02783	0.01603	0.01603	0.05314	0.03121	0.55634	0.04302	0.03711	0.02699	0.01350	0.01096	0.00337	0.00928	0.01096	0.01350	0.01856
22	0.02059	0.01938	0.03270	0.59060	0.07510	0.02422	0.03028	0.02786	0.02180	0.02786	0.01938	0.02907	0.01453	0.01090	0.01090	0.00363	0.01453	0.00969	0.00484	0.01211
23	0.02699	0.02591	0.04426	0.06693	0.54879	0.02591	0.03346	0.03346	0.02483	0.03562	0.02051	0.02699	0.01727	0.00972	0.01079	0.00324	0.01295	0.00972	0.00540	0.01727
24	0.69383	0.02109	0.01603	0.01434	0.02109	0.02446	0.01181	0.03205	0.01856	0.04892	0.01518	0.01771	0.01181	0.01012	0.00675	0.00337	0.00843	0.00590	0.00675	0.01181
25	0.01721	0.01444	0.01537	0.01455	0.01872	0.01429	0.01108	0.02805	0.16363	0.03633	0.16709	0.08333	0.32854	0.02319	0.01239	0.00364	0.00631	0.01952	0.01071	0.01159
26	0.69383	0.02109	0.01603	0.01434	0.02109	0.02446	0.01181	0.03205	0.01856	0.04892	0.01518	0.01771	0.01181	0.01012	0.00675	0.00337	0.00843	0.00590	0.00675	0.01181
27	0.02588	0.02478	0.04226	0.15734	0.46701	0.02562	0.03291	0.03250	0.02431	0.03428	0.02031	0.02735	0.01680	0.00992	0.01081	0.00331	0.01323	0.00971	0.00530	0.01638
28	0.02915	0.62337	0.05714	0.01866	0.02799	0.04314	0.01866	0.03265	0.02215	0.02565	0.01516	0.01749	0.01399	0.00933	0.00700	0.00233	0.01166	0.00583	0.00466	0.01399
29	0.02385	0.02385	0.03340	0.02863	0.02863	0.03340	0.02385	0.02624	0.01670	0.02624	0.01431	0.02385	0.01431	0.01908	0.03578	0.00477	0.59685	0.00954	0.00477	0.01193
30	0.04892	0.01856	0.02530	0.01940	0.02783	0.01603	0.01603	0.05314	0.03121	0.55634	0.04302	0.03711	0.02699	0.01350	0.01096	0.00337	0.00928	0.01096	0.01350	0.01856
31	0.02699	0.02591	0.04426	0.06693	0.54879	0.02591	0.03346	0.03346	0.02483	0.03562	0.02051	0.02699	0.01727	0.00972	0.01079	0.00324	0.01295	0.00972	0.00540	0.01727
32	0.01821	0.00973	0.01366	0.01366	0.01366	0.00973	0.00879	0.01460	0.01460	0.01946	0.02259	0.04219	0.02384	0.17493	0.04566	0.52363	0.00973	0.01098	0.00518	0.00518
33	0.02385	0.02006	0.02710	0.02186	0.02821	0.01986	0.09910	0.16570	0.03280	0.04219	0.06658	0.07002	0.26366	0.02034	0.01246	0.00366	0.00998	0.05008	0.00955	0.01296
34	0.02261	0.01938	0.02261	0.01615	0.02584	0.01453	0.01292	0.02745	0.02261	0.03553	0.01938	0.02261	0.01615	0.00807	0.00807	0.00161	0.00807	0.00646	0.00646	0.68346
35	0.01825	0.01177	0.01548	0.01419	0.01726	0.01077	0.01077	0.02331	0.03089	0.08679	0.50103	0.07772	0.09651	0.02155	0.01270	0.00342	0.00549	0.01898	0.01213	0.01098
36	0.04892	0.01856	0.02530	0.01940	0.02783	0.01603	0.01603	0.05314	0.03121	0.55634	0.04302	0.03711	0.02699	0.01350	0.01096	0.00337	0.00928	0.01096	0.01350	0.01856
37	0.02712	0.02342	0.02465	0.02219	0.02835	0.02712	0.01726	0.05794	0.52909	0.04561	0.04438	0.04068	0.03328	0.01479	0.01109	0.00370	0.00863	0.01233	0.01109	0.01726
38	0.04150	0.01676	0.02249	0.01782	0.02490	0.01468	0.01450	0.04593	0.03055	0.43713	0.12240	0.04445	0.03919	0.01484	0.01103	0.00332	0.00831	0.01231	0.06124	0.01663
39	0.02061	0.01532	0.01835	0.01627	0.02014	0.01552	0.01256	0.10245	0.07760	0.04788	0.41691	0.06906	0.08333	0.02017	0.01239	0.00343	0.00654	0.01749	0.01175	0.01222
40	0.01576	0.01096	0.01386	0.01386	0.01455	0.01164	0.00907	0.01712	0.01644	0.02260	0.03255	0.06137	0.03531	0.42949	0.23688	0.01300	0.01709	0.01439	0.00634	0.00770
41	0.02522	0.02665	0.05297	0.14616	0.20486	0.02650	0.28649	0.03328	0.02479	0.03391	0.02114	0.02864	0.01641	0.00964	0.01192	0.00354	0.01612	0.01139	0.00536	0.01501
42	0.01700	0.01259	0.01713	0.01660	0.01789	0.01468	0.01238	0.01984	0.01750	0.02578	0.02949	0.04787	0.02909	0.20579	0.32893	0.01294	0.08423	0.01238	0.06867	0.00921
43	0.02272	0.09490	0.17287	0.03372	0.15426	0.02348	0.02684	0.03205	0.06994	0.03387	0.03309	0.09548	0.03172	0.01669	0.01146	0.00372	0.01208	0.10973	0.00701	0.01436
44	0.02492	0.01931	0.02285	0.01644	0.02602	0.01467	0.01319	0.02971	0.02337	0.08129	0.02146	0.02388	0.01710	0.00855	0.00833	0.00177	0.00818	0.00686	0.00708	0.62504
45	0.02059	0.03685	0.29421	0.07279	0.07873	0.02136	0.07226	0.02979	0.02446	0.03512	0.11438	0.08817	0.03515	0.01450	0.01141	0.00356	0.01316	0.01285	0.00655	0.01410
46	0.01320	0.01091	0.01158	0.01172	0.01500	0.00929	0.00868	0.01614	0.02514	0.03086	0.15305	0.14953	0.45197	0.02764	0.01298	0.00372	0.00556	0.02340	0.01033	0.00929
47	0.02499	0.07637	0.02716	0.02149	0.02661	0.02674	0.01724	0.04574	0.34124	0.03963	0.07465	0.04000	0.03414	0.02159	0.06611	0.00496	0.07488	0.01193	0.00939	0.01515
48	0.01330	0.01054	0.01196	0.01270	0.01526	0.00921	0.00911	0.01603	0.02420	0.03048	0.14113	0.26903	0.34017	0.02919	0.01322	0.00390	0.00575	0.02529	0.01033	0.00921
49	0.04090	0.04689	0.03133	0.02738	0.03373	0.44538	0.02099	0.15454	0.03572	0.03664	0.01906	0.02121	0.01511	0.01167	0.01009	0.00292	0.01785	0.00768	0.00687	0.01404
50	0.02720	0.03402	0.20944	0.07245	0.04125	0.02660	0.08157	0.03439	0.02250	0.11552	0.02191	0.02672	0.01645	0.01360	0.01899	0.00390	0.20291	0.00966	0.00621	0.01470
51	0.14161	0.13524	0.18611	0.02318	0.03378	0.02891	0.02393	0.14955	0.02998	0.11653	0.02295	0.02393	0.01648	0.01123	0.00941	0.00320	0.01217	0.00815	0.00770	0.01597
52	0.02172	0.01164	0.01565	0.01618	0.01866	0.01055	0.01152	0.02417	0.02332	0.15295	0.05605	0.47414	0.06143	0.02927	0.01322	0.00418	0.00702	0.02625	0.01092	0.01115
53	0.01760	0.01295	0.01724	0.01929	0.02177	0.01317	0.01604	0.02441	0.07135	0.03288	0.05696	0.21307	0.06188	0.02950	0.01446	0.00478	0.00916	0.34286	0.01016	0.01048
54	0.03915	0.20474	0.03784	0.02598	0.08592	0.12818	0.01964	0.04314	0.02777	0.24419	0.02746	0.02696	0.01968	0.01143	0.00956	0.00295	0.01231	0.00858	0.00854	0.01597
55	0.02748	0.08404	0.14420	0.02822	0.08147	0.02864	0.02412	0.09005	0.28587	0.04268	0.03263	0.03227	0.02459	0.01274	0.01053	0.00344	0.01120	0.01037	0.00860	0.01685
56	0.01457	0.01041	0.01413	0.01666	0.01785	0.00997	0.01236	0.01741	0.02215	0.02928	0.05938	0.46324	0.06930	0.03294	0.01426	0.00461	0.00744	0.16472	0.01010	0.00921
57	0.02993	0.02681	0.02611	0.02305	0.02944	0.07783	0.01799	0.10631	0.43124	0.04641	0.03987	0.03717	0.02991	0.01428	0.01096	0.00357	0.01001	0.01157	0.01057	0.01698
58	0.16086	0.36151	0.17390	0.02088	0.03137	0.03496	0.02266	0.03300	0.02165	0.03253	0.01626	0.01891	0.01351	0.00974	0.00778	0.00282	0.01212	0.00640	0.00507	0.01408

[dist]
# distance from previous block
# <min> <max>
0	17

[block]
# block no. 5 follows, 12 sequences, length 29
# corresponding to MSA columns:
# 619-629,634-651
name=unknown_F
#
# <colnr> <probs for GDERKNQSTAVLIFYWHMCP>
#	G	D	E	R	K	N	Q	S	T	A	V	L	I	F	Y	W	H	M	C	P
0	0.02677	0.09927	0.29006	0.10254	0.04415	0.02627	0.03026	0.08875	0.02657	0.07614	0.02161	0.02467	0.01567	0.01067	0.01000	0.00317	0.01375	0.00833	0.00620	0.07514
1	0.02398	0.11216	0.33866	0.03459	0.04824	0.02810	0.19309	0.03445	0.02382	0.03365	0.01989	0.02451	0.01474	0.00985	0.01081	0.00340	0.01636	0.00940	0.00491	0.01541
2	0.02699	0.02591	0.04426	0.06693	0.54879	0.02591	0.03346	0.03346	0.02483	0.03562	0.02051	0.02699	0.01727	0.00972	0.01079	0.00324	0.01295	0.00972	0.00540	0.01727
3	0.02311	0.02583	0.12631	0.09182	0.04026	0.02027	0.13551	0.03197	0.06252	0.07957	0.04079	0.12316	0.07476	0.01725	0.01224	0.00383	0.01251	0.05694	0.00784	0.01351
4	0.03533	0.08889	0.18442	0.02632	0.07719	0.02185	0.02439	0.04204	0.02706	0.28038	0.03520	0.03389	0.04890	0.01262	0.01049	0.00330	0.01160	0.01016	0.00918	0.01679
5	0.01568	0.01024	0.01241	0.01275	0.01358	0.00978	0.00815	0.01531	0.01794	0.02318	0.04939	0.14126	0.14125	0.27221	0.03797	0.17818	0.00869	0.01774	0.00732	0.00697
6	0.01657	0.01092	0.01355	0.01289	0.01545	0.01026	0.00967	0.02170	0.02900	0.04301	0.42461	0.07193	0.08539	0.02005	0.01164	0.00322	0.00513	0.01749	0.16728	0.01026
7	0.02885	0.03828	0.23122	0.03076	0.08612	0.09792	0.02838	0.03584	0.02442	0.11415	0.02524	0.06962	0.02074	0.01405	0.01462	0.00361	0.10405	0.01050	0.00666	0.01495
8	0.04336	0.02748	0.03083	0.02363	0.03228	0.02927	0.01952	0.39503	0.04614	0.19336	0.03048	0.02897	0.02070	0.01319	0.01092	0.00330	0.01130	0.01011	0.01157	0.01855
9	0.02993	0.37723	0.04330	0.01899	0.02698	0.03547	0.01739	0.11882	0.07695	0.03723	0.02272	0.02442	0.01857	0.01098	0.00817	0.00266	0.01053	0.00775	0.09729	0.01460
10	0.02261	0.01938	0.02261	0.01615	0.02584	0.01453	0.01292	0.02745	0.02261	0.03553	0.01938	0.02261	0.01615	0.00807	0.00807	0.00161	0.00807	0.00646	0.00646	0.68346
11	0.03170	0.02698	0.02819	0.11223	0.03678	0.08051	0.01997	0.24277	0.12538	0.04878	0.03879	0.03920	0.09112	0.01483	0.01110	0.00341	0.01168	0.01175	0.00936	0.01546
12	0.07782	0.02320	0.03580	0.04007	0.23891	0.02147	0.07798	0.03341	0.02433	0.08400	0.02198	0.02609	0.01731	0.00951	0.00988	0.00279	0.01134	0.00887	0.00659	0.22865
13	0.01986	0.01602	0.01844	0.01807	0.02199	0.01700	0.01418	0.03431	0.22110	0.03883	0.14873	0.12542	0.12461	0.02278	0.01272	0.00398	0.00765	0.11082	0.01083	0.01266
14	0.01551	0.01042	0.01199	0.01234	0.01242	0.01034	0.00708	0.01577	0.01653	0.02205	0.03783	0.14410	0.04403	0.53808	0.04988	0.00974	0.01000	0.01790	0.00708	0.00691
15	0.02387	0.02272	0.03862	0.32241	0.31769	0.02509	0.03191	0.03073	0.02335	0.03183	0.01996	0.02800	0.01594	0.01029	0.01085	0.00343	0.01372	0.00970	0.00513	0.01475
16	0.01517	0.01087	0.01474	0.01529	0.01635	0.01166	0.01071	0.01744	0.01773	0.02457	0.03742	0.17320	0.04070	0.23651	0.29383	0.01257	0.01855	0.01711	0.00700	0.00858
17	0.03732	0.22006	0.03862	0.02531	0.03202	0.41715	0.02036	0.04034	0.02833	0.02638	0.01636	0.01902	0.01403	0.01067	0.00900	0.00267	0.01731	0.00667	0.00534	0.01304
18	0.03146	0.08070	0.08973	0.03220	0.07965	0.07754	0.16246	0.03797	0.02624	0.13928	0.02445	0.02718	0.01795	0.01025	0.01055	0.00304	0.01386	0.00963	0.00713	0.11872
19	0.02211	0.13908	0.02952	0.01935	0.02426	0.02150	0.05620	0.02552	0.02324	0.07651	0.05663	0.14178	0.19974	0.02090	0.01477	0.00364	0.08824	0.01698	0.00821	0.01181
20	0.02667	0.02239	0.02392	0.02162	0.02735	0.02556	0.01672	0.08873	0.43360	0.04540	0.04474	0.10447	0.03656	0.01687	0.01140	0.00375	0.00863	0.01426	0.01097	0.01640
21	0.02458	0.14437	0.04132	0.26685	0.20935	0.02932	0.02840	0.03045	0.02241	0.02970	0.01847	0.02566	0.01526	0.01086	0.01205	0.00334	0.05966	0.00890	0.00497	0.01409
22	0.02754	0.02213	0.03224	0.16805	0.08685	0.02413	0.07036	0.10178	0.13065	0.08055	0.03350	0.04601	0.02773	0.01489	0.01177	0.00376	0.01213	0.08250	0.00853	0.01491
23	0.01450	0.01084	0.01313	0.01304	0.01542	0.00983	0.00940	0.01811	0.02657	0.03574	0.31648	0.15823	0.21158	0.07816	0.01680	0.00427	0.00589	0.02178	0.01077	0.00948
24	0.02398	0.04639	0.40273	0.02802	0.04117	0.02508	0.03327	0.08987	0.07194	0.04025	0.07026	0.03028	0.02421	0.01215	0.01072	0.00345	0.01398	0.00970	0.00657	0.01596
25	0.01405	0.01062	0.01298	0.01339	0.01570	0.00954	0.00966	0.01753	0.02612	0.03482	0.27271	0.24711	0.22129	0.02740	0.01319	0.00380	0.00561	0.02406	0.01089	0.00954
26	0.02527	0.17797	0.19979	0.02330	0.03274	0.07429	0.02406	0.03740	0.12745	0.03544	0.10594	0.03422	0.03189	0.01297	0.01005	0.00318	0.01210	0.01014	0.00719	0.01462
27	0.03401	0.18068	0.03647	0.09964	0.03640	0.15740	0.02088	0.13295	0.03114	0.08393	0.02453	0.03211	0.02035	0.01290	0.01003	0.00313	0.01363	0.04795	0.00744	0.01443
28	0.02476	0.02915	0.10613	0.02052	0.02955	0.09269	0.01848	0.03353	0.08239	0.03613	0.07312	0.03009	0.02594	0.01101	0.00948	0.00247	0.01066	0.00875	0.00713	0.34804

[dist]
# distance from previous block
# <min> <max>
0	3

[block]
# block no. 6 follows, 12 sequences, length 47
# corresponding to MSA columns:
# 655-701
name=unknown_G
#
# <colnr> <probs for GDERKNQSTAVLIFYWHMCP>
#	G	D	E	R	K	N	Q	S	T	A	V	L	I	F	Y	W	H	M	C	P
0	0.09472	0.11857	0.40339	0.06773	0.04406	0.02731	0.03390	0.03356	0.02235	0.03452	0.01855	0.02221	0.01367	0.01025	0.00960	0.00332	0.01464	0.00767	0.00486	0.01511
1	0.03565	0.02639	0.03297	0.02867	0.07815	0.02806	0.05791	0.33508	0.04150	0.09054	0.03108	0.10611	0.02609	0.01537	0.01146	0.00346	0.01163	0.01298	0.01007	0.01683
2	0.01657	0.01136	0.01598	0.01598	0.01805	0.01290	0.01237	0.02071	0.01864	0.02852	0.03054	0.04238	0.02740	0.06732	0.45514	0.01439	0.02416	0.01136	0.14638	0.00982
3	0.07295	0.01821	0.02298	0.11464	0.03350	0.02004	0.01898	0.03822	0.17293	0.10019	0.04264	0.06535	0.03815	0.01900	0.01212	0.00409	0.01016	0.17252	0.00967	0.01366
4	0.01563	0.01147	0.01642	0.01642	0.01799	0.01303	0.01226	0.01876	0.01720	0.02450	0.03021	0.04841	0.02968	0.18629	0.47239	0.01617	0.02557	0.01250	0.00599	0.00912
5	0.02915	0.62337	0.05714	0.01866	0.02799	0.04314	0.01866	0.03265	0.02215	0.02565	0.01516	0.01749	0.01399	0.00933	0.00700	0.00233	0.01166	0.00583	0.00466	0.01399
6	0.47024	0.10148	0.13696	0.01843	0.02748	0.02690	0.01870	0.03265	0.01994	0.04304	0.01611	0.01882	0.01250	0.01008	0.00755	0.00326	0.01046	0.00635	0.00604	0.01299
7	0.02187	0.05640	0.56031	0.03108	0.04719	0.02532	0.04029	0.03453	0.02302	0.03453	0.01957	0.02302	0.01381	0.01036	0.01036	0.00345	0.01611	0.00806	0.00460	0.01611
8	0.02058	0.01114	0.01248	0.01182	0.01494	0.01054	0.00898	0.02536	0.02562	0.08010	0.16456	0.05695	0.10103	0.01664	0.00969	0.00294	0.00547	0.01387	0.39656	0.01074
9	0.01467	0.01412	0.05548	0.01560	0.01874	0.01085	0.01278	0.01851	0.02425	0.03206	0.15491	0.29320	0.19181	0.02815	0.01331	0.00405	0.00705	0.07056	0.01002	0.00988
10	0.02798	0.01975	0.03112	0.04093	0.27763	0.01898	0.02276	0.03329	0.02712	0.14736	0.14011	0.09208	0.04241	0.01535	0.01155	0.00341	0.00992	0.01399	0.00894	0.01532
11	0.02631	0.02452	0.04172	0.06247	0.50359	0.02452	0.03143	0.03183	0.02393	0.03421	0.02038	0.02751	0.01741	0.01210	0.01349	0.06070	0.01266	0.00969	0.00534	0.01621
12	0.04191	0.01701	0.02306	0.01821	0.02542	0.01482	0.01482	0.04632	0.03114	0.44905	0.14767	0.04639	0.04287	0.01534	0.01136	0.00339	0.00841	0.01280	0.01318	0.01683
13	0.02767	0.04461	0.29504	0.14874	0.04879	0.13899	0.03222	0.03646	0.02505	0.07249	0.02080	0.02471	0.01505	0.01090	0.01041	0.00335	0.01598	0.00842	0.00557	0.01473
14	0.02249	0.10434	0.51776	0.03003	0.04557	0.02683	0.03846	0.03437	0.02295	0.03378	0.01919	0.02255	0.01383	0.01027	0.01007	0.00336	0.01574	0.00787	0.00461	0.01593
15	0.01537	0.01089	0.01460	0.01682	0.01815	0.01060	0.01279	0.01834	0.02202	0.02902	0.05600	0.34254	0.06430	0.10298	0.01942	0.00542	0.00838	0.21363	0.00966	0.00908
16	0.69383	0.02109	0.01603	0.01434	0.02109	0.02446	0.01181	0.03205	0.01856	0.04892	0.01518	0.01771	0.01181	0.01012	0.00675	0.00337	0.00843	0.00590	0.00675	0.01181
17	0.02535	0.02434	0.04084	0.17512	0.40204	0.02621	0.03194	0.03163	0.02347	0.03314	0.01972	0.02715	0.01643	0.01079	0.01302	0.00346	0.06474	0.00969	0.00522	0.01570
18	0.10396	0.02007	0.02297	0.01727	0.02556	0.01776	0.01396	0.02788	0.02149	0.03615	0.01833	0.02215	0.01543	0.00950	0.01089	0.00217	0.07126	0.00672	0.00631	0.53018
19	0.47153	0.14999	0.02820	0.02162	0.08641	0.02862	0.01589	0.03235	0.02008	0.04235	0.01582	0.01879	0.01293	0.00990	0.00729	0.00314	0.00967	0.00635	0.00614	0.01293
20	0.01320	0.00981	0.01232	0.01432	0.01559	0.00893	0.00974	0.01528	0.02171	0.02817	0.07063	0.50414	0.17087	0.03279	0.01370	0.00427	0.00616	0.02933	0.01012	0.00893
21	0.01470	0.01112	0.01356	0.01295	0.01584	0.00998	0.00971	0.01916	0.02913	0.03962	0.41849	0.08821	0.22999	0.02382	0.01287	0.00350	0.00525	0.02067	0.01146	0.00998
22	0.02757	0.34658	0.10675	0.02139	0.03044	0.03543	0.02079	0.04165	0.19817	0.03365	0.02583	0.02621	0.02067	0.01135	0.00883	0.00294	0.01115	0.00835	0.00689	0.01538
23	0.01315	0.01106	0.01141	0.01132	0.01489	0.00932	0.00849	0.01615	0.02547	0.03091	0.15460	0.10254	0.49931	0.02707	0.01288	0.00366	0.00548	0.02268	0.01032	0.00932
24	0.02268	0.02017	0.03113	0.27910	0.17908	0.02274	0.02568	0.03277	0.09621	0.03479	0.07067	0.03573	0.02676	0.01230	0.01082	0.00344	0.01171	0.01100	0.05939	0.01385
25	0.03120	0.02639	0.08319	0.03121	0.04163	0.02147	0.23244	0.03838	0.02639	0.17943	0.02711	0.02963	0.01914	0.01024	0.01114	0.00314	0.01353	0.01063	0.00785	0.15585
26	0.09151	0.02084	0.03324	0.12840	0.25314	0.02170	0.06094	0.02956	0.02373	0.03629	0.06058	0.07110	0.02704	0.01275	0.01057	0.00337	0.01132	0.01174	0.07829	0.01390
27	0.02233	0.03283	0.19080	0.03504	0.04524	0.02322	0.27449	0.03076	0.02343	0.03261	0.02657	0.09136	0.02394	0.07722	0.01685	0.00443	0.01569	0.01371	0.00585	0.01363
28	0.03003	0.57995	0.05514	0.01937	0.02842	0.08340	0.01884	0.03348	0.02282	0.02573	0.01529	0.01766	0.01400	0.00947	0.00721	0.00237	0.01227	0.00592	0.00474	0.01389
29	0.02762	0.02464	0.07260	0.02306	0.02858	0.02537	0.02002	0.09146	0.19786	0.07794	0.03387	0.04010	0.02723	0.01601	0.01621	0.00382	0.13477	0.04662	0.07724	0.01497
30	0.01586	0.01057	0.01189	0.01189	0.01189	0.01057	0.00661	0.01586	0.01586	0.02114	0.03436	0.07135	0.03964	0.61681	0.05550	0.01057	0.01057	0.01586	0.00661	0.00661
31	0.02005	0.01937	0.01803	0.01705	0.02096	0.08287	0.01298	0.02859	0.13020	0.03213	0.07418	0.11806	0.29545	0.02289	0.01386	0.00372	0.05017	0.01855	0.00940	0.01147
32	0.01586	0.01057	0.01189	0.01189	0.01189	0.01057	0.00661	0.01586	0.01586	0.02114	0.03436	0.07135	0.03964	0.61681	0.05550	0.01057	0.01057	0.01586	0.00661	0.00661
33	0.02060	0.01857	0.02679	0.31251	0.04901	0.02248	0.02245	0.02968	0.09997	0.02980	0.03384	0.04318	0.07455	0.08740	0.01920	0.00461	0.07466	0.01219	0.00656	0.01193
34	0.01517	0.01094	0.01434	0.01389	0.01623	0.01011	0.01027	0.01992	0.02966	0.04180	0.48460	0.14536	0.09916	0.02373	0.01299	0.00355	0.00529	0.02108	0.01178	0.01011
