[name]
unknown

[dist]
# distance from previous block
# <min> <max>
0	190

[block]
# block no. 0 follows, 12 sequences, length 25
# corresponding to MSA columns:
# 190-214
name=unknown_A
#
# <colnr> <probs for GDERKNQSTAVLIFYWHMCP>
#	G	D	E	R	K	N	Q	S	T	A	V	L	I	F	Y	W	H	M	C	P
0	0.02293	0.01506	0.01991	0.02057	0.02428	0.01520	0.01778	0.07920	0.02851	0.08229	0.05297	0.10484	0.05476	0.02679	0.01425	0.00468	0.01019	0.38361	0.01044	0.01172
1	0.09965	0.02763	0.02998	0.02316	0.03166	0.02991	0.01913	0.39073	0.04493	0.15172	0.02814	0.02734	0.01942	0.01290	0.01055	0.00330	0.01121	0.00967	0.01099	0.01796
2	0.04892	0.01856	0.02530	0.01940	0.02783	0.01603	0.01603	0.05314	0.03121	0.55634	0.04302	0.03711	0.02699	0.01350	0.01096	0.00337	0.00928	0.01096	0.01350	0.01856
3	0.01586	0.01057	0.01189	0.01189	0.01189	0.01057	0.00661	0.01586	0.01586	0.02114	0.03436	0.07135	0.03964	0.61681	0.05550	0.01057	0.01057	0.01586	0.00661	0.00661
4	0.02187	0.05640	0.56031	0.03108	0.04719	0.02532	0.04029	0.03453	0.02302	0.03453	0.01957	0.02302	0.01381	0.01036	0.01036	0.00345	0.01611	0.00806	0.00460	0.01611
5	0.02262	0.11481	0.50847	0.02980	0.04521	0.02716	0.03806	0.03434	0.02293	0.03362	0.01911	0.02245	0.01383	0.01025	0.01001	0.00334	0.01566	0.00783	0.00461	0.01590
6	0.01414	0.01003	0.01301	0.01439	0.01540	0.00943	0.00969	0.01656	0.02258	0.03072	0.17176	0.41161	0.07509	0.10944	0.01924	0.00501	0.00661	0.02628	0.01010	0.00890
7	0.69383	0.02109	0.01603	0.01434	0.02109	0.02446	0.01181	0.03205	0.01856	0.04892	0.01518	0.01771	0.01181	0.01012	0.00675	0.00337	0.00843	0.00590	0.00675	0.01181
8	0.01463	0.01078	0.01369	0.01367	0.01598	0.00984	0.00998	0.01877	0.02793	0.03842	0.38210	0.19720	0.15551	0.02553	0.01309	0.00368	0.00545	0.02256	0.01135	0.00984
9	0.02453	0.01449	0.01675	0.01597	0.01981	0.01482	0.01311	0.09971	0.02835	0.07580	0.04125	0.06281	0.03685	0.01801	0.01055	0.00344	0.00787	0.14897	0.33498	0.01193
10	0.02261	0.01938	0.02261	0.01615	0.02584	0.01453	0.01292	0.02745	0.02261	0.03553	0.01938	0.02261	0.01615	0.00807	0.00807	0.00161	0.00807	0.00646	0.00646	0.68346
11	0.02187	0.05640	0.56031	0.03108	0.04719	0.02532	0.04029	0.03453	0.02302	0.03453	0.01957	0.02302	0.01381	0.01036	0.01036	0.00345	0.01611	0.00806	0.00460	0.01611
12	0.01328	0.00949	0.01265	0.01518	0.01581	0.00886	0.01012	0.01518	0.02088	0.02783	0.06010	0.60969	0.07212	0.03416	0.01392	0.00443	0.00633	0.03100	0.01012	0.00886
13	0.01598	0.01145	0.01209	0.01166	0.01548	0.00979	0.00884	0.01918	0.02546	0.06471	0.12649	0.09357	0.43914	0.02509	0.01230	0.00355	0.00570	0.02092	0.06866	0.00995
14	0.02268	0.02053	0.03194	0.20187	0.22776	0.02225	0.02543	0.03237	0.09284	0.03643	0.13476	0.04104	0.03687	0.01342	0.01131	0.00346	0.01117	0.01219	0.00741	0.01428
15	0.10054	0.01979	0.02465	0.01928	0.02714	0.01868	0.01584	0.11032	0.03279	0.40679	0.07806	0.03750	0.03058	0.01385	0.01075	0.00336	0.00924	0.01107	0.01245	0.01732
16	0.02767	0.01362	0.01746	0.01501	0.01974	0.01220	0.01178	0.03227	0.02940	0.22271	0.26174	0.06237	0.10393	0.01836	0.01149	0.00331	0.00662	0.01564	0.10156	0.01309
17	0.02444	0.25617	0.38302	0.02670	0.04042	0.03160	0.03266	0.03387	0.02272	0.03140	0.01801	0.02107	0.01388	0.01000	0.00917	0.00306	0.01454	0.00727	0.00463	0.01537
18	0.07594	0.16416	0.29689	0.08697	0.04097	0.02733	0.02928	0.03177	0.02316	0.03402	0.07220	0.02812	0.02295	0.01141	0.00968	0.00323	0.01326	0.00880	0.00558	0.01428
19	0.02774	0.02164	0.06245	0.01975	0.02457	0.08807	0.01623	0.03152	0.02557	0.17289	0.04622	0.28600	0.04658	0.02321	0.01238	0.00390	0.01002	0.05858	0.00999	0.01269
20	0.54615	0.02885	0.13565	0.01802	0.02682	0.02465	0.01807	0.03260	0.01954	0.04576	0.01615	0.01888	0.01225	0.01017	0.00754	0.00339	0.01012	0.00638	0.00628	0.01275
21	0.01825	0.00983	0.01433	0.01433	0.01455	0.01004	0.00963	0.01495	0.01474	0.01987	0.02166	0.03815	0.02199	0.10236	0.10242	0.54025	0.01176	0.01037	0.00505	0.00548
22	0.02560	0.02058	0.02091	0.02051	0.02460	0.09095	0.01611	0.03610	0.15393	0.09174	0.04776	0.18819	0.04689	0.02276	0.01264	0.00407	0.01005	0.14360	0.01011	0.01290
23	0.01387	0.01056	0.01418	0.06469	0.02083	0.01024	0.01163	0.01635	0.02149	0.02805	0.06331	0.49151	0.13042	0.03126	0.01352	0.00426	0.00693	0.02807	0.00966	0.00919
24	0.02299	0.01995	0.02449	0.02057	0.07134	0.01552	0.01471	0.02798	0.02280	0.03554	0.01948	0.02299	0.01625	0.00822	0.00831	0.00176	0.00850	0.00674	0.00637	0.62550

[dist]
# distance from previous block
# <min> <max>
0	6

[block]
# block no. 1 follows, 12 sequences, length 47
# corresponding to MSA columns:
# 221-267
name=unknown_B
#
# <colnr> <probs for GDERKNQSTAVLIFYWHMCP>
#	G	D	E	R	K	N	Q	S	T	A	V	L	I	F	Y	W	H	M	C	P
0	0.04371	0.01800	0.02383	0.01832	0.02644	0.01540	0.01502	0.04807	0.02958	0.45716	0.03975	0.03573	0.02583	0.01282	0.01038	0.00311	0.00882	0.01039	0.06391	0.09373
1	0.01739	0.01345	0.01525	0.01437	0.01817	0.01268	0.01125	0.07450	0.02972	0.03859	0.22701	0.09064	0.30159	0.02459	0.01287	0.00369	0.00660	0.06617	0.01078	0.01068
2	0.02261	0.01938	0.02261	0.01615	0.02584	0.01453	0.01292	0.02745	0.02261	0.03553	0.01938	0.02261	0.01615	0.00807	0.00807	0.00161	0.00807	0.00646	0.00646	0.68346
3	0.01650	0.01189	0.01494	0.01631	0.01787	0.01170	0.01133	0.07189	0.02434	0.03250	0.05623	0.54315	0.06601	0.03176	0.01357	0.00430	0.00697	0.02858	0.01021	0.00996
4	0.01769	0.01173	0.01267	0.01199	0.01596	0.01010	0.00915	0.02105	0.02569	0.08660	0.12427	0.08864	0.39894	0.02401	0.01206	0.00350	0.00584	0.02001	0.08974	0.01037
5	0.01328	0.00949	0.01265	0.01518	0.01581	0.00886	0.01012	0.01518	0.02088	0.02783	0.06010	0.60969	0.07212	0.03416	0.01392	0.00443	0.00633	0.03100	0.01012	0.00886
6	0.47807	0.02184	0.01882	0.01688	0.02344	0.02532	0.01357	0.04043	0.18378	0.04785	0.02463	0.02515	0.01876	0.01163	0.00815	0.00348	0.00850	0.00798	0.00815	0.01357
7	0.69383	0.02109	0.01603	0.01434	0.02109	0.02446	0.01181	0.03205	0.01856	0.04892	0.01518	0.01771	0.01181	0.01012	0.00675	0.00337	0.00843	0.00590	0.00675	0.01181
8	0.69383	0.02109	0.01603	0.01434	0.02109	0.02446	0.01181	0.03205	0.01856	0.04892	0.01518	0.01771	0.01181	0.01012	0.00675	0.00337	0.00843	0.00590	0.00675	0.01181
9	0.02915	0.62337	0.05714	0.01866	0.02799	0.04314	0.01866	0.03265	0.02215	0.02565	0.01516	0.01749	0.01399	0.00933	0.00700	0.00233	0.01166	0.00583	0.00466	0.01399
10	0.01495	0.01113	0.01390	0.01321	0.01599	0.01008	0.00990	0.01963	0.02971	0.04100	0.46033	0.08594	0.18729	0.02331	0.01287	0.00348	0.00522	0.02035	0.01164	0.01008
11	0.01561	0.01115	0.01531	0.01783	0.01948	0.01086	0.01415	0.01919	0.02316	0.03043	0.05882	0.34617	0.06704	0.03197	0.01454	0.00475	0.00834	0.27162	0.01008	0.00950
12	0.04228	0.01709	0.02318	0.01827	0.02555	0.01489	0.01489	0.04668	0.03114	0.45471	0.14216	0.04590	0.04204	0.01524	0.01134	0.00338	0.00846	0.01270	0.01320	0.01692
13	0.04726	0.02122	0.02696	0.02067	0.02917	0.01999	0.01707	0.15542	0.03567	0.44776	0.03927	0.03468	0.02511	0.01340	0.01095	0.00335	0.00988	0.01071	0.01292	0.01855
14	0.04817	0.01977	0.02605	0.01997	0.02844	0.01782	0.01650	0.09950	0.03323	0.50712	0.04132	0.03601	0.02614	0.01345	0.01096	0.00336	0.00955	0.01085	0.01323	0.01855
15	0.02187	0.05640	0.56031	0.03108	0.04719	0.02532	0.04029	0.03453	0.02302	0.03453	0.01957	0.02302	0.01381	0.01036	0.01036	0.00345	0.01611	0.00806	0.00460	0.01611
16	0.02712	0.02342	0.02465	0.02219	0.02835	0.02712	0.01726	0.05794	0.52909	0.04561	0.04438	0.04068	0.03328	0.01479	0.01109	0.00370	0.00863	0.01233	0.01109	0.01726
17	0.69383	0.02109	0.01603	0.01434	0.02109	0.02446	0.01181	0.03205	0.01856	0.04892	0.01518	0.01771	0.01181	0.01012	0.00675	0.00337	0.00843	0.00590	0.00675	0.01181
18	0.04145	0.03054	0.03272	0.02509	0.03381	0.03381	0.02072	0.51243	0.05127	0.06872	0.02618	0.02618	0.01854	0.01309	0.01091	0.00327	0.01200	0.00982	0.01091	0.01854
19	0.69383	0.02109	0.01603	0.01434	0.02109	0.02446	0.01181	0.03205	0.01856	0.04892	0.01518	0.01771	0.01181	0.01012	0.00675	0.00337	0.00843	0.00590	0.00675	0.01181
20	0.02699	0.02591	0.04426	0.06693	0.54879	0.02591	0.03346	0.03346	0.02483	0.03562	0.02051	0.02699	0.01727	0.00972	0.01079	0.00324	0.01295	0.00972	0.00540	0.01727
21	0.02712	0.02342	0.02465	0.02219	0.02835	0.02712	0.01726	0.05794	0.52909	0.04561	0.04438	0.04068	0.03328	0.01479	0.01109	0.00370	0.00863	0.01233	0.01109	0.01726
22	0.54285	0.01874	0.01511	0.01379	0.01904	0.02137	0.01065	0.02844	0.01795	0.04273	0.01945	0.02966	0.01801	0.14522	0.01760	0.00498	0.00891	0.00812	0.00672	0.01065
23	0.04892	0.01856	0.02530	0.01940	0.02783	0.01603	0.01603	0.05314	0.03121	0.55634	0.04302	0.03711	0.02699	0.01350	0.01096	0.00337	0.00928	0.01096	0.01350	0.01856
24	0.01586	0.01057	0.01189	0.01189	0.01189	0.01057	0.00661	0.01586	0.01586	0.02114	0.03436	0.07135	0.03964	0.61681	0.05550	0.01057	0.01057	0.01586	0.00661	0.00661
25	0.34464	0.01972	0.02105	0.01708	0.02474	0.01989	0.01409	0.04347	0.02541	0.32367	0.03025	0.02822	0.02003	0.01195	0.00903	0.00337	0.00889	0.00864	0.01040	0.01546
26	0.02130	0.01217	0.01514	0.01464	0.01818	0.01071	0.01086	0.02431	0.02544	0.14760	0.11965	0.26693	0.21835	0.02628	0.01282	0.00385	0.00661	0.02285	0.01106	0.01127
27	0.02261	0.01938	0.02261	0.01615	0.02584	0.01453	0.01292	0.02745	0.02261	0.03553	0.01938	0.02261	0.01615	0.00807	0.00807	0.00161	0.00807	0.00646	0.00646	0.68346
28	0.01654	0.01251	0.01548	0.01477	0.01782	0.01209	0.01131	0.02412	0.08175	0.04179	0.41644	0.08228	0.13591	0.02255	0.01283	0.00359	0.00587	0.04987	0.01159	0.01089
29	0.01328	0.00949	0.01265	0.01518	0.01581	0.00886	0.01012	0.01518	0.02088	0.02783	0.06010	0.60969	0.07212	0.03416	0.01392	0.00443	0.00633	0.03100	0.01012	0.00886
30	0.02574	0.02941	0.06434	0.04596	0.05699	0.02757	0.50919	0.03493	0.02574	0.03493	0.02206	0.02941	0.01654	0.00919	0.01287	0.00368	0.01838	0.01287	0.00551	0.01471
31	0.01351	0.01072	0.01215	0.01253	0.01530	0.00936	0.00912	0.01659	0.02524	0.03211	0.19068	0.21237	0.34589	0.02795	0.01311	0.00379	0.00562	0.02409	0.01052	0.00936
32	0.01682	0.01260	0.01577	0.01472	0.01772	0.01228	0.01111	0.02501	0.08995	0.04395	0.48390	0.07661	0.09463	0.02140	0.01265	0.00346	0.00556	0.01884	0.01190	0.01111
33	0.02368	0.02396	0.03684	0.09725	0.03737	0.03165	0.07996	0.02742	0.01833	0.02742	0.01580	0.02511	0.01459	0.01699	0.03022	0.00451	0.46182	0.00994	0.00486	0.01227
34	0.02187	0.05640	0.56031	0.03108	0.04719	0.02532	0.04029	0.03453	0.02302	0.03453	0.01957	0.02302	0.01381	0.01036	0.01036	0.00345	0.01611	0.00806	0.00460	0.01611
35	0.03417	0.01865	0.02277	0.01914	0.02553	0.01863	0.01522	0.04780	0.20358	0.26924	0.15098	0.04788	0.04549	0.01584	0.01142	0.00350	0.00816	0.01332	0.01234	0.01633
36	0.01476	0.01142	0.01542	0.08049	0.02323	0.01125	0.01299	0.01812	0.02318	0.03025	0.11131	0.34286	0.15302	0.02869	0.01342	0.00418	0.00744	0.07873	0.00969	0.00957
37	0.02447	0.08090	0.02999	0.28471	0.04809	0.02275	0.02265	0.03281	0.07359	0.09179	0.08147	0.04634	0.03236	0.01484	0.01121	0.00362	0.01158	0.06594	0.00776	0.01311
38	0.10269	0.10622	0.08935	0.08411	0.03819	0.02551	0.11286	0.03682	0.09557	0.08779	0.08678	0.03429	0.02878	0.01237	0.01048	0.00338	0.01189	0.01086	0.00771	0.01436
39	0.02386	0.02638	0.14691	0.32331	0.05575	0.02161	0.02829	0.03131	0.02324	0.10065	0.02725	0.09502	0.02262	0.01378	0.01113	0.00365	0.01324	0.01193	0.00656	0.01350
40	0.02697	0.01987	0.03387	0.15288	0.04349	0.02018	0.13651	0.03491	0.05697	0.13942	0.06664	0.05489	0.03445	0.01609	0.01241	0.00388	0.01248	0.11160	0.00869	0.01379
41	0.02899	0.02584	0.09976	0.24739	0.10540	0.02310	0.10529	0.03639	0.02513	0.15688	0.02560	0.03012	0.01803	0.01106	0.01116	0.00352	0.01392	0.01031	0.00705	0.01506
42	0.03210	0.09518	0.08431	0.09184	0.03803	0.11970	0.02274	0.16836	0.15761	0.04341	0.02658	0.02785	0.02006	0.01229	0.01032	0.00326	0.01308	0.00938	0.00810	0.01578
43	0.23104	0.02786	0.14198	0.17770	0.04305	0.02289	0.02400	0.03569	0.02298	0.14217	0.02291	0.02591	0.01606	0.01107	0.00953	0.00346	0.01197	0.00844	0.00711	0.01420
44	0.09971	0.01988	0.02848	0.14796	0.03919	0.02018	0.05657	0.07161	0.02877	0.26455	0.08277	0.03658	0.02903	0.01312	0.01087	0.00345	0.01083	0.01114	0.00997	0.01533
45	0.11097	0.02184	0.02396	0.07833	0.03084	0.06217	0.01661	0.08384	0.06259	0.17266	0.11582	0.03767	0.03413	0.01357	0.01037	0.00318	0.00991	0.01088	0.00972	0.09096
46	0.20056	0.02175	0.02637	0.08162	0.08579	0.02297	0.01883	0.08856	0.08519	0.21721	0.02990	0.02978	0.02085	0.01211	0.00990	0.00341	0.01017	0.00949	0.00958	0.01595

[dist]
# distance from previous block
# <min> <max>
3	30

[block]
# block no. 2 follows, 12 sequences, length 22
# corresponding to MSA columns:
# 298-319
name=unknown_C
#
# <colnr> <probs for GDERKNQSTAVLIFYWHMCP>
#	G	D	E	R	K	N	Q	S	T	A	V	L	I	F	Y	W	H	M	C	P
0	0.03897	0.13194	0.14156	0.02243	0.03264	0.02499	0.02209	0.10747	0.03066	0.29252	0.03115	0.02938	0.02092	0.01208	0.01015	0.00320	0.01146	0.00933	0.00980	0.01727
1	0.15404	0.06528	0.03087	0.02305	0.03034	0.07662	0.05238	0.14176	0.08121	0.04405	0.02189	0.02439	0.01717	0.01183	0.01202	0.00315	0.07097	0.00849	0.00756	0.12292
2	0.15968	0.02155	0.02585	0.02072	0.02819	0.02172	0.05018	0.12060	0.08009	0.16152	0.03204	0.08889	0.02576	0.01403	0.01022	0.00328	0.00970	0.01155	0.00966	0.10476
3	0.10333	0.02024	0.02533	0.02287	0.07930	0.01835	0.01645	0.04101	0.06828	0.23867	0.03028	0.02966	0.02143	0.01111	0.00958	0.00282	0.00912	0.00896	0.00949	0.23375
4	0.03094	0.02017	0.02634	0.07497	0.08337	0.02009	0.01836	0.07518	0.12354	0.17733	0.10946	0.03993	0.03537	0.01368	0.01086	0.00321	0.00942	0.01160	0.01009	0.10611
5	0.02924	0.07761	0.09936	0.13041	0.03777	0.02182	0.02128	0.08257	0.02833	0.15933	0.07851	0.04052	0.07892	0.01400	0.01069	0.00326	0.01090	0.01144	0.00869	0.05537
6	0.02553	0.01382	0.01736	0.06525	0.02338	0.01309	0.01240	0.03062	0.02594	0.14518	0.12826	0.04464	0.03927	0.01402	0.00962	0.00288	0.00710	0.01168	0.28968	0.08028
7	0.08192	0.01621	0.02175	0.19182	0.03655	0.01781	0.01747	0.03026	0.07086	0.08232	0.21131	0.04931	0.04953	0.01559	0.01101	0.00344	0.00897	0.01331	0.05826	0.01229
8	0.01443	0.00991	0.01342	0.01535	0.01627	0.00937	0.01070	0.01625	0.02157	0.02896	0.10488	0.45689	0.06909	0.03299	0.01680	0.07282	0.00683	0.06501	0.00976	0.00869
9	0.04128	0.03559	0.03229	0.02580	0.03379	0.16100	0.02081	0.40184	0.04646	0.05880	0.02398	0.02464	0.01748	0.01265	0.01065	0.00316	0.01381	0.00916	0.00966	0.01715
10	0.03996	0.02220	0.02639	0.02098	0.02857	0.02255	0.01707	0.19138	0.11173	0.27834	0.08893	0.03880	0.03306	0.01446	0.01116	0.00340	0.00959	0.01171	0.01219	0.01752
11	0.02876	0.10226	0.25236	0.02547	0.03604	0.13094	0.02690	0.03874	0.07670	0.08546	0.03111	0.03190	0.06174	0.01264	0.01026	0.00325	0.01401	0.00961	0.00682	0.01501
12	0.03297	0.50641	0.05098	0.01880	0.02796	0.03790	0.01815	0.03661	0.02391	0.12828	0.02055	0.02129	0.01651	0.01013	0.00776	0.00253	0.01120	0.00682	0.00637	0.01488
13	0.02059	0.01938	0.03270	0.59060	0.07510	0.02422	0.03028	0.02786	0.02180	0.02786	0.01938	0.02907	0.01453	0.01090	0.01090	0.00363	0.01453	0.00969	0.00484	0.01211
14	0.03298	0.31440	0.11484	0.02318	0.03286	0.09167	0.02242	0.17560	0.03175	0.03966	0.01917	0.02102	0.01532	0.01077	0.00889	0.00281	0.01317	0.00743	0.00660	0.01548
15	0.03466	0.07798	0.02538	0.01813	0.02472	0.01789	0.01471	0.06831	0.02892	0.28609	0.08537	0.14874	0.03992	0.01747	0.01110	0.00335	0.00866	0.01473	0.01115	0.06272
16	0.02326	0.01743	0.02172	0.01984	0.02310	0.01974	0.01541	0.03423	0.16431	0.08935	0.15336	0.16171	0.05244	0.02111	0.01685	0.00396	0.12187	0.01710	0.01011	0.01308
17	0.01622	0.01043	0.01221	0.01245	0.01355	0.01016	0.00810	0.01853	0.02099	0.03047	0.13955	0.15417	0.05515	0.28827	0.03109	0.00661	0.00775	0.01796	0.13795	0.00839
18	0.04819	0.02154	0.02580	0.02017	0.02836	0.06571	0.01648	0.05228	0.03118	0.50910	0.04068	0.03556	0.02584	0.01329	0.01086	0.00332	0.01020	0.01061	0.01279	0.01803
19	0.01579	0.01239	0.01443	0.01370	0.01702	0.01167	0.01034	0.02280	0.08061	0.03911	0.34537	0.08513	0.24450	0.02331	0.01269	0.00354	0.00563	0.02006	0.01128	0.01065
20	0.03617	0.20729	0.04292	0.02560	0.03442	0.09079	0.06944	0.27517	0.03804	0.04834	0.02157	0.02328	0.01654	0.01140	0.00984	0.00299	0.01332	0.00867	0.00799	0.01621
21	0.02602	0.02887	0.12570	0.02125	0.03010	0.07451	0.01980	0.06000	0.02491	0.07273	0.02320	0.02758	0.01858	0.02378	0.11843	0.00539	0.01520	0.00836	0.00669	0.26890

[dist]
# distance from previous block
# <min> <max>
0	7

[block]
# block no. 3 follows, 12 sequences, length 8
# corresponding to MSA columns:
# 327-334
name=unknown_D
#
# <colnr> <probs for GDERKNQSTAVLIFYWHMCP>
#	G	D	E	R	K	N	Q	S	T	A	V	L	I	F	Y	W	H	M	C	P
0	0.11962	0.26862	0.03890	0.06432	0.03229	0.18710	0.01905	0.03763	0.02518	0.08933	0.01913	0.02124	0.01524	0.01057	0.00852	0.00282	0.01347	0.00706	0.00622	0.01370
1	0.46387	0.02040	0.01847	0.01620	0.02257	0.02262	0.01305	0.08662	0.02391	0.10220	0.02516	0.09694	0.02195	0.01391	0.00859	0.00350	0.00866	0.01011	0.00837	0.01291
2	0.09992	0.06332	0.02007	0.01718	0.02093	0.07420	0.01310	0.02741	0.02346	0.09912	0.04299	0.29630	0.04536	0.02277	0.01139	0.00374	0.00888	0.04331	0.05517	0.01138
3	0.02357	0.01916	0.02615	0.13889	0.10408	0.02069	0.01988	0.12065	0.06516	0.04238	0.17175	0.11818	0.04867	0.01756	0.01183	0.00356	0.00979	0.01540	0.00917	0.01348
4	0.03222	0.01664	0.01984	0.01693	0.02257	0.01649	0.01340	0.04321	0.14947	0.23630	0.09426	0.04365	0.03682	0.01452	0.01028	0.00323	0.00753	0.01200	0.19560	0.01505
5	0.02757	0.03323	0.12659	0.04082	0.05219	0.02820	0.37275	0.10635	0.02919	0.03993	0.02234	0.02806	0.01647	0.00993	0.01224	0.00359	0.01712	0.01176	0.00620	0.01547
6	0.04189	0.02251	0.02641	0.02057	0.02833	0.02279	0.01689	0.24443	0.03860	0.27963	0.03486	0.03295	0.02353	0.01322	0.01049	0.00322	0.00987	0.01037	0.10205	0.01742
7	0.02014	0.01836	0.03044	0.50521	0.06724	0.02248	0.02838	0.02707	0.02230	0.02857	0.02512	0.04313	0.02175	0.01378	0.01152	0.00384	0.01386	0.07940	0.00562	0.01180

[dist]
# distance from previous block
# <min> <max>
0	1

[block]
# block no. 4 follows, 12 sequences, length 14
# corresponding to MSA columns:
# 336-349
name=unknown_E
#
# <colnr> <probs for GDERKNQSTAVLIFYWHMCP>
#	G	D	E	R	K	N	Q	S	T	A	V	L	I	F	Y	W	H	M	C	P
0	0.02307	0.03816	0.28600	0.03173	0.10719	0.02323	0.03021	0.03636	0.10952	0.03646	0.02803	0.03734	0.02313	0.01293	0.01082	0.00345	0.01294	0.05942	0.00659	0.08343
1	0.02998	0.02408	0.04009	0.09018	0.17868	0.02534	0.12404	0.03872	0.07944	0.13495	0.02681	0.03068	0.02008	0.01226	0.01468	0.00365	0.09222	0.01086	0.00746	0.01581
2	0.10244	0.02463	0.03135	0.02388	0.03254	0.02501	0.06748	0.23130	0.03744	0.26407	0.03168	0.03023	0.02120	0.01259	0.01075	0.00336	0.01120	0.01024	0.01105	0.01755
3	0.01894	0.00947	0.01420	0.01420	0.01420	0.00947	0.00947	0.01420	0.01420	0.01894	0.01894	0.03314	0.01894	0.03788	0.04261	0.68277	0.00947	0.00947	0.00473	0.00473
4	0.36501	0.02089	0.02142	0.01743	0.02507	0.02179	0.01438	0.08475	0.02683	0.26254	0.02781	0.02658	0.01876	0.01180	0.00889	0.00336	0.00911	0.00837	0.00994	0.01524
5	0.69383	0.02109	0.01603	0.01434	0.02109	0.02446	0.01181	0.03205	0.01856	0.04892	0.01518	0.01771	0.01181	0.01012	0.00675	0.00337	0.00843	0.00590	0.00675	0.01181
6	0.14614	0.01463	0.01707	0.01493	0.01964	0.01420	0.01173	0.03070	0.02816	0.16592	0.29353	0.05656	0.06318	0.01733	0.01094	0.00334	0.00671	0.01448	0.05829	0.01251
7	0.02059	0.01938	0.03270	0.59060	0.07510	0.02422	0.03028	0.02786	0.02180	0.02786	0.01938	0.02907	0.01453	0.01090	0.01090	0.00363	0.01453	0.00969	0.00484	0.01211
8	0.28456	0.01836	0.01980	0.01627	0.02328	0.01836	0.01332	0.04155	0.02538	0.29794	0.03167	0.03039	0.02148	0.01213	0.00895	0.00326	0.00840	0.00898	0.10103	0.01491
9	0.02888	0.02415	0.02784	0.12913	0.03823	0.02797	0.02042	0.14684	0.33481	0.04710	0.03592	0.03549	0.02671	0.01371	0.01102	0.00360	0.01043	0.01131	0.00989	0.01656
10	0.01999	0.01342	0.01702	0.01617	0.01930	0.01348	0.01225	0.02769	0.09457	0.08382	0.26089	0.11783	0.06820	0.07538	0.07673	0.00574	0.00943	0.04599	0.01063	0.01148
11	0.69383	0.02109	0.01603	0.01434	0.02109	0.02446	0.01181	0.03205	0.01856	0.04892	0.01518	0.01771	0.01181	0.01012	0.00675	0.00337	0.00843	0.00590	0.00675	0.01181
12	0.02814	0.01408	0.01875	0.01614	0.02102	0.01284	0.01275	0.03250	0.02854	0.23810	0.23299	0.06159	0.11103	0.02753	0.08818	0.00535	0.01005	0.01560	0.01154	0.01330
13	0.02683	0.18492	0.02864	0.01642	0.02156	0.02372	0.01329	0.07377	0.07009	0.08576	0.03024	0.04189	0.02717	0.19578	0.02296	0.00518	0.00995	0.01094	0.09853	0.01239

[dist]
# distance from previous block
# <min> <max>
1	14

[block]
# block no. 5 follows, 12 sequences, length 27
# corresponding to MSA columns:
# 372-398
name=unknown_F
#
# <colnr> <probs for GDERKNQSTAVLIFYWHMCP>
#	G	D	E	R	K	N	Q	S	T	A	V	L	I	F	Y	W	H	M	C	P
0	0.55153	0.01958	0.01667	0.01498	0.02126	0.02189	0.01209	0.03254	0.02017	0.10169	0.02298	0.08277	0.01987	0.01304	0.00797	0.00349	0.00830	0.00912	0.00784	0.01223
1	0.02483	0.02349	0.03892	0.20017	0.36825	0.02426	0.03045	0.03135	0.02379	0.03356	0.02009	0.02708	0.01643	0.00986	0.01054	0.00317	0.01286	0.00937	0.00536	0.08618
2	0.01716	0.01399	0.01948	0.07731	0.02455	0.01554	0.01470	0.02165	0.02625	0.03710	0.33772	0.13108	0.07459	0.02200	0.01671	0.00380	0.10770	0.01830	0.00978	0.01059
3	0.09347	0.01422	0.01857	0.01768	0.02069	0.01616	0.01417	0.02532	0.02001	0.07811	0.03081	0.04459	0.02758	0.05105	0.31033	0.01103	0.06705	0.04984	0.07831	0.01101
4	0.01574	0.01103	0.01420	0.01420	0.01499	0.01182	0.00948	0.01734	0.01654	0.02285	0.03225	0.05968	0.03457	0.39789	0.26748	0.01342	0.01820	0.01415	0.00629	0.00789
5	0.02187	0.05640	0.56031	0.03108	0.04719	0.02532	0.04029	0.03453	0.02302	0.03453	0.01957	0.02302	0.01381	0.01036	0.01036	0.00345	0.01611	0.00806	0.00460	0.01611
6	0.02299	0.01244	0.01559	0.01395	0.01779	0.01134	0.01076	0.02774	0.02886	0.14587	0.30576	0.06626	0.10845	0.01904	0.01144	0.00326	0.00600	0.01631	0.14432	0.01185
7	0.02892	0.02887	0.12692	0.02314	0.03140	0.02481	0.02127	0.09887	0.28323	0.09971	0.08252	0.03904	0.03359	0.01430	0.01108	0.00355	0.01018	0.01176	0.01017	0.01669
8	0.01926	0.01211	0.01608	0.01510	0.01829	0.01118	0.01179	0.02429	0.03019	0.09687	0.43012	0.08185	0.08987	0.02232	0.01293	0.00362	0.00619	0.07488	0.01192	0.01114
9	0.02554	0.02152	0.02842	0.13454	0.03773	0.05776	0.07841	0.06430	0.12749	0.06786	0.07495	0.09952	0.03429	0.01541	0.01125	0.00351	0.01106	0.01369	0.07919	0.01355
10	0.03058	0.55303	0.05391	0.01982	0.02869	0.10838	0.01895	0.03399	0.02323	0.02578	0.01537	0.01776	0.01400	0.00956	0.00735	0.00239	0.01265	0.00598	0.00478	0.01383
11	0.02542	0.33276	0.31505	0.02502	0.03783	0.03401	0.02974	0.03361	0.02260	0.03020	0.01742	0.02032	0.01390	0.00986	0.00872	0.00291	0.01394	0.00697	0.00463	0.01508
12	0.69383	0.02109	0.01603	0.01434	0.02109	0.02446	0.01181	0.03205	0.01856	0.04892	0.01518	0.01771	0.01181	0.01012	0.00675	0.00337	0.00843	0.00590	0.00675	0.01181
13	0.01328	0.00949	0.01265	0.01518	0.01581	0.00886	0.01012	0.01518	0.02088	0.02783	0.06010	0.60969	0.07212	0.03416	0.01392	0.00443	0.00633	0.03100	0.01012	0.00886
14	0.02702	0.01456	0.01707	0.01476	0.01920	0.01424	0.01159	0.08950	0.03020	0.14339	0.17783	0.04960	0.04757	0.01558	0.01013	0.00304	0.00675	0.01295	0.28215	0.01283
15	0.02059	0.01938	0.03270	0.59060	0.07510	0.02422	0.03028	0.02786	0.02180	0.02786	0.01938	0.02907	0.01453	0.01090	0.01090	0.00363	0.01453	0.00969	0.00484	0.01211
16	0.01615	0.01073	0.01331	0.01306	0.01519	0.01013	0.00946	0.02050	0.02701	0.03952	0.35253	0.13022	0.08015	0.07201	0.01560	0.00397	0.00572	0.01882	0.13611	0.00980
17	0.69383	0.02109	0.01603	0.01434	0.02109	0.02446	0.01181	0.03205	0.01856	0.04892	0.01518	0.01771	0.01181	0.01012	0.00675	0.00337	0.00843	0.00590	0.00675	0.01181
18	0.01799	0.00992	0.01411	0.01411	0.01432	0.01012	0.00936	0.01508	0.01488	0.02004	0.02301	0.04155	0.02382	0.15423	0.10157	0.48234	0.01178	0.01094	0.00521	0.00563
19	0.04316	0.02780	0.03103	0.02379	0.03245	0.02975	0.01965	0.40744	0.04668	0.18018	0.03003	0.02868	0.02047	0.01318	0.01092	0.00330	0.01138	0.01008	0.01150	0.01855
20	0.09200	0.02187	0.02327	0.01947	0.02560	0.02388	0.01536	0.18913	0.16111	0.10376	0.03369	0.03700	0.02607	0.07871	0.01501	0.00410	0.00950	0.01093	0.09430	0.01526
21	0.02160	0.01901	0.02914	0.19994	0.04285	0.01922	0.07682	0.05899	0.02695	0.03756	0.16669	0.04214	0.04012	0.01341	0.01106	0.00311	0.01076	0.01217	0.00769	0.16078
22	0.03774	0.02154	0.02323	0.01942	0.02552	0.07740	0.01500	0.04586	0.11912	0.30355	0.03878	0.04241	0.02915	0.12863	0.01936	0.00475	0.01053	0.01172	0.01089	0.01540
23	0.28175	0.02074	0.02273	0.01817	0.02602	0.02096	0.01499	0.09395	0.02874	0.32109	0.03116	0.02893	0.02060	0.01223	0.00943	0.00336	0.00926	0.00901	0.01078	0.01611
24	0.04474	0.02527	0.02946	0.02259	0.03118	0.02599	0.01866	0.31041	0.04244	0.28321	0.03358	0.03099	0.02226	0.01327	0.01093	0.00332	0.01080	0.01032	0.01205	0.01855
25	0.01360	0.00962	0.01256	0.01478	0.01533	0.00907	0.00969	0.01527	0.02026	0.02701	0.05693	0.54342	0.06812	0.10589	0.01904	0.00518	0.00685	0.02913	0.00969	0.00858
26	0.08703	0.40596	0.19814	0.02184	0.03289	0.03633	0.02426	0.03314	0.02208	0.03031	0.01643	0.01910	0.01374	0.00970	0.00794	0.00275	0.01265	0.00648	0.00483	0.01441

[dist]
# distance from previous block
# <min> <max>
0	1

[block]
# block no. 6 follows, 12 sequences, length 43
# corresponding to MSA columns:
# 400-442
name=unknown_G
#
# <colnr> <probs for GDERKNQSTAVLIFYWHMCP>
#	G	D	E	R	K	N	Q	S	T	A	V	L	I	F	Y	W	H	M	C	P
0	0.01324	0.00967	0.01246	0.01469	0.01569	0.00890	0.00990	0.01524	0.02135	0.02803	0.06607	0.54986	0.12809	0.03338	0.01379	0.00434	0.00623	0.03005	0.01012	0.00890
1	0.69383	0.02109	0.01603	0.01434	0.02109	0.02446	0.01181	0.03205	0.01856	0.04892	0.01518	0.01771	0.01181	0.01012	0.00675	0.00337	0.00843	0.00590	0.00675	0.01181
2	0.02957	0.02222	0.02570	0.08915	0.03382	0.02514	0.01862	0.05366	0.39533	0.11905	0.04121	0.03878	0.03013	0.01414	0.01105	0.00364	0.00943	0.01181	0.01071	0.01684
3	0.02828	0.55540	0.11746	0.02015	0.03029	0.04101	0.02125	0.03287	0.02226	0.02672	0.01569	0.01815	0.01397	0.00945	0.00740	0.00247	0.01219	0.00610	0.00466	0.01425
4	0.03188	0.02286	0.03550	0.19334	0.24610	0.02389	0.02721	0.08404	0.02814	0.16015	0.02610	0.02987	0.01896	0.01127	0.01087	0.00338	0.01242	0.01001	0.00771	0.01630
5	0.10370	0.02154	0.03021	0.13785	0.03751	0.02663	0.05386	0.06952	0.02222	0.03387	0.02356	0.10867	0.02286	0.01734	0.02046	0.00412	0.23494	0.01246	0.00639	0.01228
6	0.18323	0.02849	0.02909	0.02275	0.03105	0.03178	0.01879	0.40804	0.04416	0.06441	0.02379	0.02434	0.01708	0.01244	0.01000	0.00329	0.01122	0.00897	0.01000	0.01708
7	0.01694	0.01033	0.01357	0.01357	0.01385	0.01062	0.00869	0.01579	0.01550	0.02096	0.02799	0.05324	0.03028	0.32719	0.12744	0.25599	0.01293	0.01292	0.00581	0.00639
8	0.69383	0.02109	0.01603	0.01434	0.02109	0.02446	0.01181	0.03205	0.01856	0.04892	0.01518	0.01771	0.01181	0.01012	0.00675	0.00337	0.00843	0.00590	0.00675	0.01181
9	0.01576	0.01097	0.01390	0.01390	0.01460	0.01166	0.00911	0.01715	0.01645	0.02263	0.03252	0.06118	0.03522	0.42592	0.24034	0.01305	0.01722	0.01437	0.00633	0.00772
10	0.69383	0.02109	0.01603	0.01434	0.02109	0.02446	0.01181	0.03205	0.01856	0.04892	0.01518	0.01771	0.01181	0.01012	0.00675	0.00337	0.00843	0.00590	0.00675	0.01181
11	0.61650	0.02221	0.01800	0.01561	0.02259	0.02557	0.01287	0.08899	0.02243	0.05127	0.01649	0.01872	0.01261	0.01047	0.00724	0.00336	0.00886	0.00637	0.00724	0.01261
12	0.02712	0.02342	0.02465	0.02219	0.02835	0.02712	0.01726	0.05794	0.52909	0.04561	0.04438	0.04068	0.03328	0.01479	0.01109	0.00370	0.00863	0.01233	0.01109	0.01726
13	0.69383	0.02109	0.01603	0.01434	0.02109	0.02446	0.01181	0.03205	0.01856	0.04892	0.01518	0.01771	0.01181	0.01012	0.00675	0.00337	0.00843	0.00590	0.00675	0.01181
14	0.02622	0.02512	0.04287	0.12971	0.49200	0.02571	0.03308	0.03279	0.02446	0.03469	0.02037	0.02724	0.01694	0.00986	0.01081	0.00329	0.01314	0.00971	0.00533	0.01665
15	0.02622	0.02512	0.04287	0.12971	0.49200	0.02571	0.03308	0.03279	0.02446	0.03469	0.02037	0.02724	0.01694	0.00986	0.01081	0.00329	0.01314	0.00971	0.00533	0.01665
16	0.04145	0.03054	0.03272	0.02509	0.03381	0.03381	0.02072	0.51243	0.05127	0.06872	0.02618	0.02618	0.01854	0.01309	0.01091	0.00327	0.01200	0.00982	0.01091	0.01854
17	0.02385	0.02385	0.03340	0.02863	0.02863	0.03340	0.02385	0.02624	0.01670	0.02624	0.01431	0.02385	0.01431	0.01908	0.03578	0.00477	0.59685	0.00954	0.00477	0.01193
18	0.24208	0.03200	0.02716	0.02279	0.02988	0.21803	0.05075	0.04199	0.02684	0.17575	0.02370	0.02441	0.01700	0.01136	0.00940	0.00319	0.01335	0.00814	0.00806	0.01411
19	0.30369	0.02164	0.02846	0.22552	0.16472	0.02472	0.02331	0.03094	0.02116	0.03851	0.01789	0.02383	0.01404	0.01029	0.00914	0.00343	0.01161	0.00811	0.00577	0.01321
20	0.03624	0.02537	0.03955	0.03269	0.08379	0.02521	0.15882	0.14261	0.09228	0.19959	0.03171	0.03216	0.02214	0.01201	0.01149	0.00347	0.01268	0.01132	0.00968	0.01719
21	0.01586	0.01057	0.01189	0.01189	0.01189	0.01057	0.00661	0.01586	0.01586	0.02114	0.03436	0.07135	0.03964	0.61681	0.05550	0.01057	0.01057	0.01586	0.00661	0.00661
22	0.02719	0.24496	0.28006	0.02480	0.03677	0.03093	0.02814	0.03816	0.08337	0.07495	0.02288	0.02435	0.01725	0.01078	0.00934	0.00309	0.01314	0.00803	0.00611	0.01572
23	0.03165	0.28795	0.07605	0.02090	0.03023	0.03303	0.01950	0.13406	0.07908	0.07749	0.02316	0.02400	0.01804	0.01086	0.00885	0.00273	0.01112	0.00789	0.00744	0.09598
24	0.01560	0.01157	0.01697	0.01697	0.01872	0.01333	0.01293	0.01911	0.01736	0.02490	0.02972	0.04566	0.02848	0.13476	0.52229	0.01683	0.02736	0.01210	0.00592	0.00943
25	0.69383	0.02109	0.01603	0.01434	0.02109	0.02446	0.01181	0.03205	0.01856	0.04892	0.01518	0.01771	0.01181	0.01012	0.00675	0.00337	0.00843	0.00590	0.00675	0.01181
26	0.02254	0.04162	0.33575	0.16723	0.10184	0.02528	0.03518	0.03492	0.06794	0.03403	0.02182	0.02643	0.01606	0.01082	0.01060	0.00350	0.01476	0.00899	0.00532	0.01538
27	0.02677	0.02083	0.02806	0.02856	0.14996	0.01741	0.01815	0.03192	0.02415	0.09728	0.02245	0.02537	0.01770	0.00911	0.00906	0.00221	0.00937	0.00777	0.00704	0.44684
28	0.01576	0.01094	0.01378	0.01378	0.01443	0.01160	0.00896	0.01707	0.01642	0.02254	0.03263	0.06179	0.03549	0.43732	0.22931	0.01290	0.01682	0.01446	0.00635	0.00766
29	0.59652	0.02126	0.01881	0.01863	0.06088	0.02394	0.01373	0.03371	0.01996	0.08542	0.01764	0.01984	0.01334	0.01034	0.00736	0.00336	0.00883	0.00656	0.00715	0.01271
30	0.02406	0.01949	0.03240	0.08614	0.25096	0.01930	0.05559	0.02905	0.02398	0.08396	0.03576	0.21977	0.03598	0.01818	0.01198	0.00370	0.01090	0.01704	0.00771	0.01405
31	0.55629	0.02545	0.01931	0.01725	0.02334	0.09897	0.01395	0.03317	0.02008	0.04425	0.01534	0.01843	0.01229	0.01094	0.00931	0.00340	0.05351	0.00632	0.00645	0.01193
32	0.02829	0.55617	0.11678	0.02013	0.03026	0.04103	0.02122	0.03287	0.02226	0.02671	0.01568	0.01815	0.01397	0.00945	0.00739	0.00246	0.01219	0.00609	0.00466	0.01424
33	0.01875	0.01418	0.01680	0.01560	0.01908	0.01454	0.01186	0.03040	0.15648	0.04398	0.37946	0.06812	0.07975	0.01969	0.01203	0.00343	0.00602	0.01714	0.06063	0.01204
34	0.01507	0.01113	0.01407	0.01333	0.01607	0.01013	0.01000	0.01987	0.03000	0.04168	0.48099	0.08482	0.16620	0.02305	0.01286	0.00347	0.00520	0.02019	0.01173	0.01013
35	0.58062	0.02148	0.01749	0.01567	0.02232	0.02491	0.01273	0.03645	0.10525	0.04836	0.02014	0.02161	0.01545	0.01091	0.00749	0.00343	0.00847	0.00699	0.00749	0.01273
36	0.02375	0.01117	0.01198	0.01127	0.01452	0.01087	0.00863	0.02873	0.02387	0.10247	0.03646	0.04023	0.02783	0.01280	0.00802	0.00264	0.00558	0.01026	0.59775	0.01117
37	0.02123	0.01323	0.01687	0.01718	0.01979	0.01291	0.01277	0.07020	0.02539	0.09546	0.05223	0.36268	0.05729	0.07604	0.01681	0.00478	0.00817	0.09566	0.01031	0.01098
38	0.01350	0.00965	0.01284	0.01504	0.01586	0.00900	0.01014	0.01572	0.02186	0.02941	0.10792	0.55738	0.07516	0.03298	0.01381	0.00433	0.00621	0.02988	0.01031	0.00900
39	0.03018	0.57252	0.05480	0.01950	0.02849	0.09030	0.01887	0.03362	0.02293	0.02574	0.01531	0.01768	0.01400	0.00950	0.00725	0.00237	0.01237	0.00594	0.00475	0.01387
40	0.01687	0.01020	0.01244	0.01361	0.01527	0.00984	0.00993	0.01950	0.02156	0.03188	0.05017	0.24906	0.08456	0.02624	0.01525	0.08511	0.00665	0.07331	0.23956	0.00898
41	0.07539	0.08481	0.21723	0.03056	0.04177	0.02818	0.15021	0.07062	0.12030	0.03934	0.02463	0.02734	0.01835	0.01098	0.01063	0.00345	0.01408	0.00986	0.00664	0.01564
42	0.25905	0.02517	0.06177	0.07584	0.03122	0.06318	0.01794	0.03964	0.12857	0.10386	0.06810	0.03162	0.02603	0.01266	0.00955	0.00344	0.01031	0.00958	0.00845	0.01403

[dist]
# distance from previous block
# <min> <max>
0	2

[block]
# block no. 7 follows, 12 sequences, length 12
# corresponding to MSA columns:
# 445-456
name=unknown_H
#
# <colnr> <probs for GDERKNQSTAVLIFYWHMCP>
#	G	D	E	R	K	N	Q	S	T	A	V	L	I	F	Y	W	H	M	C	P
0	0.47805	0.01956	0.01877	0.07580	0.02752	0.02213	0.01487	0.03217	0.02085	0.08820	0.02367	0.03456	0.02017	0.01315	0.00865	0.00362	0.00936	0.06915	0.00757	0.01219
1	0.07540	0.02692	0.10035	0.08371	0.03707	0.02427	0.07601	0.16119	0.06815	0.04712	0.14650	0.03987	0.03771	0.01413	0.01122	0.00345	0.01142	0.01214	0.00880	0.01459
2	0.01390	0.01067	0.01273	0.01309	0.01557	0.00950	0.00948	0.01728	0.02594	0.03411	0.25117	0.22965	0.26270	0.02744	0.01315	0.00379	0.00560	0.02394	0.01079	0.00950
3	0.04184	0.02993	0.03040	0.02404	0.03217	0.08941	0.01954	0.33259	0.08028	0.16239	0.02995	0.02877	0.02087	0.01309	0.01081	0.00327	0.01204	0.00993	0.01087	0.01780
4	0.01575	0.01099	0.01404	0.01404	0.01478	0.01174	0.00929	0.01723	0.01649	0.02273	0.03239	0.06048	0.03492	0.41276	0.25309	0.01322	0.01768	0.01426	0.00631	0.00780
5	0.03413	0.02295	0.02556	0.02130	0.02796	0.02488	0.01680	0.17157	0.24890	0.15312	0.03829	0.03936	0.02881	0.07704	0.01566	0.00424	0.00985	0.01176	0.01107	0.01675
6	0.02087	0.01870	0.02973	0.04245	0.30302	0.01825	0.02252	0.02569	0.02457	0.03400	0.09876	0.18016	0.09834	0.01892	0.01200	0.00359	0.00968	0.01737	0.00779	0.01359
7	0.04073	0.05197	0.03090	0.02809	0.03371	0.57303	0.02107	0.04354	0.03090	0.02669	0.01685	0.01966	0.01404	0.01124	0.00983	0.00281	0.01966	0.00702	0.00562	0.01264
8	0.69383	0.02109	0.01603	0.01434	0.02109	0.02446	0.01181	0.03205	0.01856	0.04892	0.01518	0.01771	0.01181	0.01012	0.00675	0.00337	0.00843	0.00590	0.00675	0.01181
9	0.02709	0.02294	0.03848	0.15604	0.19836	0.02376	0.11016	0.03709	0.09256	0.09450	0.06442	0.03478	0.02606	0.01189	0.01139	0.00349	0.01267	0.01148	0.00746	0.01539
10	0.02889	0.19895	0.10834	0.02319	0.03206	0.02899	0.05195	0.11050	0.02753	0.07526	0.02440	0.07388	0.02114	0.01299	0.01136	0.00305	0.04970	0.01010	0.00709	0.10062
11	0.01489	0.01005	0.01283	0.01474	0.01571	0.00965	0.01022	0.01724	0.02090	0.02890	0.05369	0.42024	0.06185	0.10878	0.01888	0.00510	0.00717	0.07675	0.08357	0.00884

[dist]
# distance from previous block
# <min> <max>
0	9

[block]
# block no. 8 follows, 12 sequences, length 9
# corresponding to MSA columns:
# 466-474
name=unknown_I
#
# <colnr> <probs for GDERKNQSTAVLIFYWHMCP>
#	G	D	E	R	K	N	Q	S	T	A	V	L	I	F	Y	W	H	M	C	P
0	0.59781	0.02071	0.01741	0.01509	0.02209	0.02320	0.01244	0.03519	0.02044	0.12447	0.01933	0.02060	0.01407	0.01062	0.00738	0.00337	0.00856	0.00666	0.00775	0.01281
1	0.02091	0.15164	0.16374	0.01951	0.02790	0.02156	0.02004	0.02759	0.02593	0.03650	0.22855	0.04524	0.04989	0.01462	0.01035	0.00296	0.00970	0.01205	0.00783	0.10349
2	0.04892	0.01856	0.02530	0.01940	0.02783	0.01603	0.01603	0.05314	0.03121	0.55634	0.04302	0.03711	0.02699	0.01350	0.01096	0.00337	0.00928	0.01096	0.01350	0.01856
3	0.01582	0.01071	0.01261	0.01261	0.01286	0.01096	0.00751	0.01632	0.01607	0.02168	0.03369	0.06769	0.03805	0.54816	0.12197	0.01146	0.01296	0.01532	0.00651	0.00701
4	0.02515	0.10512	0.10753	0.15661	0.18572	0.02808	0.09386	0.03577	0.09062	0.03382	0.02285	0.02785	0.01788	0.01059	0.01060	0.00335	0.01367	0.00978	0.00586	0.01528
5	0.01323	0.00970	0.01244	0.01463	0.01567	0.00890	0.00988	0.01524	0.02140	0.02805	0.06677	0.54276	0.13474	0.03329	0.01378	0.00433	0.00622	0.02994	0.01012	0.00890
6	0.02600	0.02198	0.02730	0.02501	0.10486	0.01903	0.01711	0.09891	0.02711	0.04037	0.02054	0.02378	0.01666	0.00905	0.00889	0.00210	0.00937	0.00743	0.00695	0.48754
7	0.03021	0.06628	0.11369	0.11537	0.10822	0.02301	0.09032	0.03710	0.02538	0.16411	0.02556	0.02841	0.01834	0.01063	0.01048	0.00316	0.01276	0.00954	0.00733	0.10007
8	0.03050	0.03214	0.07245	0.02961	0.03608	0.14363	0.11955	0.09751	0.02760	0.06745	0.02216	0.02772	0.01778	0.02214	0.09168	0.00548	0.12604	0.00998	0.00660	0.01392

[dist]
# distance from previous block
# <min> <max>
1	4

[block]
# block no. 9 follows, 12 sequences, length 21
# corresponding to MSA columns:
# 481-501
name=unknown_J
#
# <colnr> <probs for GDERKNQSTAVLIFYWHMCP>
#	G	D	E	R	K	N	Q	S	T	A	V	L	I	F	Y	W	H	M	C	P
0	0.24241	0.02505	0.02804	0.06783	0.03311	0.06609	0.07429	0.14361	0.02948	0.08545	0.02324	0.02599	0.01716	0.01137	0.00939	0.00328	0.01146	0.00884	0.07982	0.01410
1	0.02772	0.20322	0.05235	0.07718	0.04413	0.03156	0.22759	0.03595	0.06171	0.06341	0.02224	0.02680	0.01737	0.01068	0.01219	0.00333	0.05182	0.01016	0.00606	0.01453
2	0.14707	0.01658	0.01900	0.01559	0.02203	0.01512	0.01244	0.03227	0.02649	0.17886	0.16635	0.04845	0.09118	0.01538	0.01029	0.00306	0.00747	0.01252	0.01015	0.14970
3	0.01380	0.00985	0.01315	0.01514	0.01587	0.00958	0.01019	0.01575	0.02000	0.02689	0.05399	0.49122	0.06372	0.09594	0.08364	0.00656	0.00942	0.02727	0.00928	0.00874
4	0.01660	0.01264	0.01676	0.01636	0.01706	0.01452	0.01162	0.01840	0.01701	0.02387	0.03240	0.10733	0.03521	0.30149	0.22112	0.01150	0.09599	0.01507	0.00644	0.00859
5	0.02261	0.01938	0.02261	0.01615	0.02584	0.01453	0.01292	0.02745	0.02261	0.03553	0.01938	0.02261	0.01615	0.00807	0.00807	0.00161	0.00807	0.00646	0.00646	0.68346
6	0.04892	0.01856	0.02530	0.01940	0.02783	0.01603	0.01603	0.05314	0.03121	0.55634	0.04302	0.03711	0.02699	0.01350	0.01096	0.00337	0.00928	0.01096	0.01350	0.01856
7	0.01423	0.01110	0.01291	0.01245	0.01555	0.00978	0.00934	0.01825	0.02802	0.03698	0.33844	0.09256	0.31169	0.02481	0.01287	0.00355	0.00532	0.02128	0.01111	0.00978
8	0.02503	0.01323	0.01429	0.01316	0.01700	0.01346	0.01015	0.03386	0.09988	0.10784	0.03785	0.04020	0.02862	0.01312	0.00857	0.00282	0.00615	0.01059	0.49186	0.01231
9	0.01377	0.00986	0.01308	0.01485	0.01592	0.00918	0.01016	0.01639	0.02312	0.03141	0.16865	0.49095	0.07903	0.03149	0.01368	0.00420	0.00606	0.02846	0.01054	0.00918
10	0.02699	0.02591	0.04426	0.06693	0.54879	0.02591	0.03346	0.03346	0.02483	0.03562	0.02051	0.02699	0.01727	0.00972	0.01079	0.00324	0.01295	0.00972	0.00540	0.01727
11	0.12352	0.11507	0.03206	0.02521	0.03141	0.44014	0.01959	0.04078	0.02828	0.02943	0.01644	0.01916	0.01375	0.01087	0.00910	0.00283	0.01728	0.00674	0.00565	0.01269
12	0.04649	0.01802	0.02453	0.01899	0.02700	0.01561	0.01561	0.05078	0.03118	0.51919	0.07926	0.04033	0.03249	0.01413	0.01110	0.00338	0.00898	0.01160	0.01339	0.01796
13	0.02237	0.05292	0.49641	0.03299	0.04845	0.02561	0.10070	0.03458	0.02337	0.03458	0.01989	0.02384	0.01416	0.01021	0.01068	0.00348	0.01641	0.00868	0.00472	0.01593
14	0.02374	0.01225	0.01554	0.01442	0.01792	0.01127	0.01090	0.02802	0.02702	0.15532	0.21143	0.16614	0.06148	0.02033	0.01137	0.00340	0.00629	0.01766	0.17367	0.01184
15	0.08373	0.02198	0.08566	0.09285	0.03290	0.01853	0.01910	0.03855	0.07595	0.21233	0.15663	0.04398	0.04167	0.01478	0.01102	0.00346	0.00962	0.01231	0.01020	0.01476
16	0.02234	0.01269	0.01697	0.01573	0.01934	0.01161	0.01230	0.02703	0.02951	0.14557	0.34791	0.11708	0.08040	0.02231	0.01281	0.00368	0.00665	0.07229	0.01193	0.01183
17	0.03709	0.03953	0.03000	0.12721	0.03993	0.35909	0.02176	0.04313	0.06938	0.09666	0.02289	0.02529	0.01735	0.01175	0.01027	0.00310	0.01652	0.00843	0.00694	0.01368
18	0.01558	0.01045	0.01197	0.01225	0.01231	0.01039	0.00698	0.01578	0.01640	0.02186	0.03712	0.12916	0.04313	0.55425	0.05103	0.00991	0.01012	0.01748	0.00698	0.00685
19	0.57237	0.01931	0.01577	0.01423	0.02023	0.02192	0.01154	0.03000	0.02076	0.04799	0.10969	0.02912	0.02811	0.01230	0.00784	0.00338	0.00785	0.00838	0.00769	0.01154
20	0.17333	0.02689	0.11951	0.02114	0.02953	0.02210	0.01999	0.09446	0.02849	0.21611	0.07740	0.03267	0.02697	0.01339	0.01174	0.00347	0.04785	0.01000	0.00949	0.01548

[dist]
# distance from previous block
# <min> <max>
1	2

[block]
# block no. 10 follows, 12 sequences, length 6
# corresponding to MSA columns:
# 504-509
name=unknown_K
#
# <colnr> <probs for GDERKNQSTAVLIFYWHMCP>
#	G	D	E	R	K	N	Q	S	T	A	V	L	I	F	Y	W	H	M	C	P
