[name]
unknown

[dist]
# distance from previous block
# <min> <max>
0	29

[block]
# block no. 0 follows, 11 sequences, length 19
# corresponding to MSA columns:
# 29-47
name=unknown_A
#
# <colnr> <probs for GDERKNQSTAVLIFYWHMCP>
#	G	D	E	R	K	N	Q	S	T	A	V	L	I	F	Y	W	H	M	C	P
0	0.03090	0.09321	0.03706	0.12396	0.08167	0.02587	0.07106	0.03929	0.07801	0.15114	0.03167	0.04056	0.02524	0.01446	0.01360	0.00374	0.06095	0.05388	0.00837	0.01534
1	0.10056	0.19448	0.03405	0.01940	0.02738	0.02772	0.01663	0.08792	0.06834	0.15234	0.03072	0.08214	0.02539	0.01393	0.00969	0.00312	0.01005	0.01079	0.00904	0.07631
2	0.15200	0.11478	0.08394	0.02244	0.03073	0.14825	0.01998	0.08425	0.02963	0.13293	0.05874	0.02842	0.02338	0.01244	0.00977	0.00320	0.01292	0.00893	0.00825	0.01501
3	0.11708	0.02009	0.02501	0.12671	0.08779	0.02063	0.01845	0.07760	0.02595	0.04182	0.02389	0.02881	0.01877	0.01093	0.00919	0.00288	0.00992	0.00876	0.15070	0.17501
4	0.02196	0.01387	0.01681	0.01630	0.02028	0.01302	0.01259	0.02835	0.07646	0.11936	0.11610	0.19212	0.20411	0.02593	0.01327	0.00405	0.00738	0.07462	0.01131	0.01210
5	0.01604	0.01221	0.01521	0.01647	0.01954	0.01139	0.01369	0.02032	0.02636	0.03346	0.12414	0.11570	0.25067	0.02933	0.01446	0.00449	0.00807	0.24781	0.01059	0.01005
6	0.07712	0.02092	0.03423	0.39986	0.11601	0.02443	0.06028	0.03006	0.02292	0.03285	0.02114	0.02967	0.01619	0.01106	0.01079	0.00361	0.01389	0.00994	0.05193	0.01309
7	0.02140	0.04691	0.41135	0.02769	0.04127	0.02249	0.03388	0.03247	0.02523	0.03747	0.11420	0.03489	0.03144	0.01281	0.01101	0.00343	0.01396	0.01043	0.00630	0.06137
8	0.56056	0.02789	0.01949	0.01753	0.02427	0.12790	0.01403	0.03536	0.02160	0.04609	0.01600	0.01867	0.01263	0.01067	0.00758	0.00337	0.01093	0.00632	0.00674	0.01235
9	0.03140	0.55142	0.05638	0.01994	0.02951	0.04354	0.01948	0.08147	0.02597	0.03107	0.01682	0.01898	0.01493	0.01003	0.00764	0.00251	0.01207	0.00644	0.00548	0.01493
10	0.02559	0.02294	0.02541	0.07880	0.03097	0.07456	0.01834	0.08948	0.11574	0.04269	0.20960	0.04975	0.05204	0.01773	0.01550	0.00372	0.08996	0.01398	0.00965	0.01358
11	0.01838	0.01198	0.01502	0.01432	0.01754	0.01074	0.01071	0.02258	0.02906	0.08767	0.32346	0.15665	0.18917	0.02507	0.01324	0.00374	0.00598	0.02187	0.01183	0.01099
12	0.01411	0.01071	0.01300	0.01396	0.01609	0.00961	0.00989	0.01714	0.02529	0.03314	0.18870	0.32112	0.22605	0.03023	0.01377	0.00408	0.00598	0.02664	0.01091	0.00961
13	0.01453	0.01009	0.01294	0.01473	0.01557	0.00945	0.00975	0.01571	0.02071	0.02722	0.06022	0.43175	0.11190	0.10388	0.02219	0.06687	0.00728	0.02721	0.00950	0.00851
14	0.02748	0.39899	0.18794	0.02382	0.03431	0.03849	0.02586	0.03352	0.02251	0.02902	0.01678	0.02030	0.01443	0.01100	0.01134	0.00299	0.07455	0.00705	0.00481	0.01481
15	0.01697	0.01764	0.07972	0.01805	0.02260	0.01308	0.01655	0.02269	0.02759	0.03710	0.22263	0.09638	0.16513	0.02540	0.01375	0.00416	0.00850	0.17062	0.01038	0.01104
16	0.03953	0.04957	0.03212	0.09543	0.03997	0.49454	0.02290	0.04298	0.03076	0.02769	0.01771	0.02147	0.01456	0.01156	0.01028	0.00300	0.01966	0.00758	0.00570	0.01298
17	0.42969	0.08215	0.07748	0.01984	0.02779	0.13592	0.01775	0.03582	0.02254	0.04225	0.01649	0.01924	0.01306	0.01064	0.00802	0.00328	0.01217	0.00655	0.00632	0.01301
18	0.15273	0.19974	0.20688	0.02401	0.03533	0.03288	0.02575	0.12869	0.02860	0.04308	0.01948	0.02181	0.01492	0.01093	0.00914	0.00319	0.01300	0.00763	0.00651	0.01570

[dist]
# distance from previous block
# <min> <max>
5	6

[block]
# block no. 1 follows, 11 sequences, length 7
# corresponding to MSA columns:
# 55-61
name=unknown_B
#
# <colnr> <probs for GDERKNQSTAVLIFYWHMCP>
#	G	D	E	R	K	N	Q	S	T	A	V	L	I	F	Y	W	H	M	C	P
0	0.03245	0.02742	0.03089	0.03497	0.16592	0.11113	0.02196	0.04515	0.16789	0.12013	0.09109	0.03895	0.03403	0.01394	0.01135	0.00345	0.01168	0.01177	0.00943	0.01640
1	0.01465	0.01052	0.01390	0.01503	0.01653	0.00977	0.01052	0.01804	0.02593	0.03570	0.26014	0.37912	0.08794	0.03006	0.01390	0.00413	0.00601	0.02705	0.01127	0.00977
2	0.02745	0.11960	0.04644	0.11971	0.40061	0.02939	0.03172	0.03374	0.02483	0.03420	0.02015	0.02653	0.01696	0.01011	0.01053	0.00324	0.01335	0.00938	0.00538	0.01667
3	0.21520	0.02383	0.07327	0.10419	0.03579	0.02091	0.01943	0.03876	0.02488	0.19830	0.02650	0.02770	0.01847	0.01135	0.00956	0.00324	0.01063	0.00864	0.00860	0.12074
4	0.26811	0.06730	0.02965	0.17837	0.08325	0.06242	0.02152	0.06740	0.05544	0.04129	0.02016	0.02459	0.01566	0.01117	0.00932	0.00344	0.01212	0.00829	0.00666	0.01382
5	0.26401	0.02929	0.03099	0.03505	0.17708	0.09091	0.02206	0.14436	0.03053	0.04858	0.02017	0.02340	0.01576	0.01118	0.00958	0.00335	0.01231	0.00834	0.00743	0.01559
6	0.02631	0.02249	0.03181	0.12516	0.20041	0.02435	0.02417	0.08066	0.13666	0.04238	0.08673	0.03887	0.03224	0.01346	0.01122	0.00348	0.01097	0.01186	0.06110	0.01568

[dist]
# distance from previous block
# <min> <max>
5	84

[block]
# block no. 2 follows, 11 sequences, length 10
# corresponding to MSA columns:
# 146-155
name=unknown_C
#
# <colnr> <probs for GDERKNQSTAVLIFYWHMCP>
#	G	D	E	R	K	N	Q	S	T	A	V	L	I	F	Y	W	H	M	C	P
0	0.03096	0.01945	0.03145	0.08787	0.12429	0.01896	0.07110	0.03596	0.02584	0.20029	0.03607	0.11272	0.03076	0.06179	0.05583	0.00527	0.01304	0.01435	0.00907	0.01492
1	0.02899	0.06061	0.02866	0.09199	0.08670	0.12550	0.01981	0.03658	0.09097	0.08382	0.03314	0.08198	0.03032	0.10251	0.01812	0.00465	0.01280	0.04138	0.00799	0.01348
2	0.02048	0.01199	0.01524	0.01440	0.01731	0.01112	0.01064	0.02485	0.02826	0.09969	0.30366	0.14082	0.07703	0.06233	0.01545	0.00405	0.00636	0.01916	0.10599	0.01115
3	0.03380	0.02669	0.03134	0.02765	0.09160	0.02656	0.01998	0.26792	0.03870	0.05416	0.02372	0.02576	0.01807	0.01118	0.01016	0.00274	0.01100	0.00884	0.00888	0.26127
4	0.02671	0.01363	0.01816	0.01730	0.02134	0.01230	0.01337	0.03033	0.02711	0.20146	0.11030	0.25483	0.09694	0.02578	0.01331	0.00412	0.00786	0.08055	0.01180	0.01281
5	0.03272	0.16468	0.19356	0.02921	0.04100	0.02811	0.12603	0.04054	0.02647	0.17193	0.02634	0.02787	0.01861	0.01108	0.01064	0.00333	0.01418	0.00968	0.00747	0.01653
6	0.02949	0.01981	0.02397	0.01743	0.02714	0.01535	0.01406	0.03434	0.02535	0.15108	0.02553	0.02673	0.01920	0.00960	0.00901	0.00208	0.00862	0.00772	0.00831	0.52518
7	0.01438	0.01008	0.01286	0.01481	0.01530	0.00959	0.00953	0.01585	0.02024	0.02699	0.05532	0.46479	0.06597	0.17913	0.02521	0.00617	0.00764	0.02805	0.00953	0.00856
8	0.01402	0.01076	0.01285	0.01375	0.01600	0.00959	0.00977	0.01701	0.02524	0.03278	0.17887	0.30615	0.25236	0.03016	0.01374	0.00407	0.00596	0.02647	0.01085	0.00959
9	0.53987	0.08623	0.02275	0.01696	0.02406	0.09112	0.01406	0.03457	0.02106	0.04528	0.01588	0.01850	0.01270	0.01050	0.00737	0.00330	0.01044	0.00622	0.00660	0.01252

[dist]
# distance from previous block
# <min> <max>
0	1

[block]
# block no. 3 follows, 11 sequences, length 13
# corresponding to MSA columns:
# 157-169
name=unknown_D
#
# <colnr> <probs for GDERKNQSTAVLIFYWHMCP>
#	G	D	E	R	K	N	Q	S	T	A	V	L	I	F	Y	W	H	M	C	P
0	0.03550	0.02001	0.03308	0.02508	0.03301	0.01812	0.14463	0.04128	0.02857	0.27061	0.04311	0.04281	0.06824	0.01382	0.01141	0.00344	0.01104	0.01278	0.12777	0.01569
1	0.02228	0.01885	0.02258	0.01688	0.02572	0.01487	0.01344	0.02714	0.02258	0.03514	0.02148	0.02637	0.01834	0.01939	0.08850	0.00405	0.01151	0.00745	0.00658	0.57685
2	0.01624	0.01143	0.01491	0.01491	0.01582	0.01234	0.01011	0.01806	0.01715	0.02377	0.03305	0.06031	0.03513	0.36875	0.28506	0.01416	0.01963	0.01441	0.00646	0.00828
3	0.68395	0.02177	0.01654	0.01480	0.02177	0.02525	0.01219	0.03309	0.01915	0.05050	0.01567	0.01828	0.01219	0.01045	0.00697	0.00348	0.00871	0.00609	0.00697	0.01219
4	0.12158	0.02568	0.02728	0.02158	0.02952	0.02749	0.01769	0.30778	0.04184	0.12613	0.04057	0.03925	0.09364	0.01536	0.01101	0.00347	0.01056	0.01176	0.01095	0.01685
5	0.02439	0.01808	0.02792	0.08512	0.03454	0.01846	0.08675	0.03371	0.09980	0.09950	0.04636	0.17932	0.04509	0.02206	0.01333	0.00427	0.01098	0.12729	0.00973	0.01330
6	0.01625	0.01137	0.01460	0.01460	0.01540	0.01217	0.00972	0.01786	0.01706	0.02354	0.03334	0.06189	0.03581	0.39665	0.25810	0.01378	0.01860	0.01465	0.00650	0.00811
7	0.08829	0.04625	0.37691	0.02794	0.04165	0.02482	0.03319	0.04027	0.06658	0.11161	0.02549	0.02693	0.01777	0.01153	0.01050	0.00357	0.01421	0.00893	0.00687	0.01669
8	0.01864	0.01188	0.01531	0.01480	0.01774	0.01076	0.01095	0.02281	0.02883	0.09024	0.32569	0.20064	0.13757	0.02552	0.01333	0.00380	0.00607	0.02250	0.01188	0.01102
9	0.03408	0.18290	0.03571	0.07707	0.03340	0.02859	0.01901	0.10826	0.09411	0.16061	0.08502	0.03579	0.03108	0.01359	0.01042	0.00325	0.01066	0.01074	0.00964	0.01607
10	0.03533	0.02601	0.03909	0.02990	0.03740	0.06363	0.14884	0.04064	0.02665	0.20961	0.02795	0.03052	0.02011	0.01325	0.01692	0.00366	0.13451	0.01081	0.00849	0.07668
11	0.03504	0.36706	0.04789	0.02570	0.07357	0.14849	0.02075	0.03886	0.02622	0.09356	0.02017	0.02196	0.01646	0.01063	0.00870	0.00273	0.01359	0.00730	0.00625	0.01504
12	0.46016	0.02205	0.02063	0.08851	0.03049	0.02580	0.01582	0.03819	0.12442	0.04699	0.02261	0.02481	0.01725	0.01157	0.00846	0.00359	0.00955	0.00800	0.00766	0.01342

[dist]
# distance from previous block
# <min> <max>
18	29

[block]
# block no. 4 follows, 11 sequences, length 8
# corresponding to MSA columns:
# 201-208
name=unknown_E
#
# <colnr> <probs for GDERKNQSTAVLIFYWHMCP>
#	G	D	E	R	K	N	Q	S	T	A	V	L	I	F	Y	W	H	M	C	P
0	0.02645	0.17432	0.23833	0.02380	0.03423	0.02756	0.02579	0.03688	0.08489	0.07576	0.02676	0.03366	0.02212	0.10317	0.01723	0.00445	0.01309	0.00983	0.00671	0.01496
1	0.02835	0.25361	0.03734	0.02115	0.02779	0.11273	0.01820	0.03835	0.13191	0.03415	0.08691	0.04489	0.03565	0.01540	0.01033	0.00327	0.01165	0.06633	0.00797	0.01400
2	0.02563	0.16612	0.30256	0.02689	0.03927	0.03053	0.03045	0.04175	0.15576	0.03679	0.02614	0.02747	0.01972	0.01170	0.01016	0.00339	0.01358	0.00902	0.00657	0.01649
3	0.02334	0.02213	0.03752	0.41705	0.22159	0.02555	0.03229	0.03058	0.02349	0.03129	0.02037	0.02933	0.01589	0.01087	0.01122	0.00362	0.01449	0.01001	0.00518	0.01418
4	0.03724	0.12092	0.03465	0.02550	0.03269	0.24501	0.02040	0.14783	0.14781	0.04166	0.02593	0.02655	0.02016	0.01260	0.01029	0.00315	0.01470	0.00900	0.00820	0.01572
5	0.04204	0.05364	0.03190	0.02900	0.03480	0.55926	0.02175	0.04494	0.03190	0.02755	0.01740	0.02030	0.01450	0.01160	0.01015	0.00290	0.02030	0.00725	0.00580	0.01305
6	0.03875	0.11813	0.03908	0.03356	0.14461	0.03155	0.02321	0.24910	0.03876	0.13384	0.02681	0.02768	0.01955	0.01220	0.01062	0.00324	0.01209	0.00967	0.00943	0.01812
7	0.03202	0.13029	0.14700	0.03523	0.11554	0.11274	0.08111	0.03862	0.02616	0.10043	0.02232	0.02571	0.01707	0.01152	0.01244	0.00336	0.05716	0.00913	0.00641	0.01576

[dist]
# distance from previous block
# <min> <max>
2	4

[block]
# block no. 5 follows, 11 sequences, length 20
# corresponding to MSA columns:
# 213-232
name=unknown_F
#
# <colnr> <probs for GDERKNQSTAVLIFYWHMCP>
#	G	D	E	R	K	N	Q	S	T	A	V	L	I	F	Y	W	H	M	C	P
0	0.02549	0.02062	0.03345	0.30970	0.10216	0.02301	0.06182	0.03443	0.07130	0.09114	0.03022	0.09396	0.02527	0.01432	0.01177	0.00378	0.01302	0.01308	0.00735	0.01412
1	0.18202	0.15026	0.08317	0.02427	0.03155	0.23939	0.02128	0.03754	0.02512	0.03329	0.01669	0.02015	0.01397	0.01164	0.01145	0.00319	0.06884	0.00710	0.00569	0.01339
2	0.10220	0.21120	0.08582	0.02357	0.03124	0.13431	0.02128	0.04070	0.12493	0.03448	0.02255	0.02461	0.01833	0.01232	0.01180	0.00326	0.06792	0.00823	0.00661	0.01463
3	0.16177	0.06630	0.10388	0.02718	0.08671	0.02597	0.02234	0.12853	0.03115	0.19864	0.02781	0.02784	0.01933	0.01203	0.01011	0.00339	0.01152	0.00919	0.00930	0.01702
4	0.04424	0.03351	0.02935	0.02466	0.03124	0.23483	0.01952	0.04781	0.03042	0.27956	0.03034	0.02960	0.02108	0.01364	0.01371	0.00341	0.07789	0.00953	0.00969	0.01596
5	0.02657	0.03036	0.06641	0.04744	0.05882	0.02846	0.49336	0.03605	0.02657	0.03605	0.02277	0.03036	0.01708	0.00949	0.01328	0.00380	0.01898	0.01328	0.00569	0.01518
6	0.08313	0.02795	0.03820	0.15152	0.20165	0.08607	0.08070	0.03896	0.10967	0.03699	0.02450	0.02937	0.01919	0.01133	0.01100	0.00352	0.01395	0.01022	0.00663	0.01545
7	0.01418	0.01013	0.01360	0.01621	0.01707	0.00955	0.01127	0.01649	0.02201	0.02926	0.06178	0.54711	0.07341	0.03482	0.01449	0.00464	0.00694	0.07735	0.01044	0.00927
8	0.03315	0.08934	0.03406	0.02867	0.08743	0.03192	0.02103	0.20027	0.25313	0.05172	0.03357	0.03287	0.02531	0.01350	0.01090	0.00347	0.01090	0.01084	0.01003	0.01790
9	0.03055	0.20124	0.04558	0.02708	0.03484	0.03291	0.10482	0.08721	0.02655	0.07424	0.02075	0.02487	0.01681	0.01243	0.01567	0.00332	0.13690	0.00911	0.00665	0.08849
10	0.03432	0.11948	0.16872	0.02996	0.08986	0.02794	0.02669	0.08401	0.02833	0.18001	0.02655	0.02788	0.01904	0.01261	0.01325	0.00347	0.07351	0.00935	0.00809	0.01693
11	0.02569	0.27083	0.25894	0.09113	0.04493	0.03347	0.06452	0.03411	0.02347	0.03125	0.01856	0.02270	0.01462	0.01025	0.00957	0.00314	0.01480	0.00796	0.00487	0.01518
12	0.01330	0.01140	0.01140	0.01140	0.01520	0.00950	0.00855	0.01615	0.02565	0.03041	0.11402	0.10832	0.52967	0.02850	0.01330	0.00380	0.00570	0.02375	0.01045	0.00950
13	0.03460	0.03361	0.20097	0.06626	0.04196	0.02306	0.07853	0.04241	0.02692	0.24317	0.02999	0.03098	0.02027	0.01269	0.01348	0.00368	0.06154	0.01034	0.00867	0.01687
14	0.03541	0.09337	0.10609	0.18871	0.04621	0.02368	0.02483	0.04186	0.02702	0.25667	0.03033	0.03141	0.02052	0.01217	0.01074	0.00345	0.01249	0.00989	0.00890	0.01626
15	0.01503	0.01074	0.01457	0.01718	0.01841	0.01028	0.01274	0.01795	0.02285	0.03021	0.06131	0.45712	0.07156	0.03402	0.01472	0.00475	0.00767	0.15898	0.01042	0.00951
16	0.02559	0.02497	0.04412	0.23004	0.33550	0.02637	0.08366	0.03285	0.02473	0.03412	0.02097	0.02882	0.01684	0.01036	0.01141	0.00352	0.01451	0.01038	0.00540	0.01583
17	0.03012	0.02833	0.09732	0.19979	0.13074	0.02591	0.10976	0.08958	0.02877	0.11185	0.02506	0.02990	0.01808	0.01134	0.01154	0.00359	0.01452	0.01059	0.00721	0.01600
18	0.03643	0.03689	0.18799	0.02907	0.04056	0.02797	0.08097	0.22034	0.03718	0.14857	0.02791	0.02865	0.01916	0.01229	0.01134	0.00350	0.01386	0.01019	0.00921	0.01794
19	0.55696	0.01970	0.01573	0.01432	0.01996	0.02252	0.01117	0.02991	0.01862	0.04504	0.01944	0.02882	0.01765	0.12344	0.01654	0.00490	0.00913	0.00805	0.00694	0.01117

[dist]
# distance from previous block
# <min> <max>
0	1

[block]
# block no. 6 follows, 11 sequences, length 111
# corresponding to MSA columns:
# 234-290,292-345
name=unknown_G
#
# <colnr> <probs for GDERKNQSTAVLIFYWHMCP>
#	G	D	E	R	K	N	Q	S	T	A	V	L	I	F	Y	W	H	M	C	P
0	0.21425	0.02360	0.02567	0.02117	0.02816	0.02615	0.01730	0.12865	0.11650	0.18155	0.03064	0.03006	0.02183	0.01373	0.01275	0.00367	0.06801	0.00978	0.01019	0.01633
1	0.62912	0.02154	0.01737	0.01525	0.02237	0.02450	0.01257	0.03497	0.02029	0.09305	0.01816	0.02002	0.01355	0.01075	0.00734	0.00348	0.00878	0.00655	0.00757	0.01279
2	0.03471	0.03389	0.17506	0.08128	0.08319	0.02538	0.07215	0.12855	0.03195	0.17928	0.02838	0.02985	0.01950	0.01199	0.01130	0.00353	0.01372	0.01024	0.00867	0.01738
3	0.09046	0.09285	0.25762	0.02533	0.03748	0.02578	0.02786	0.08244	0.02837	0.18632	0.02703	0.02728	0.01849	0.01177	0.01028	0.00341	0.01309	0.00895	0.00820	0.01700
4	0.01423	0.01139	0.01289	0.01381	0.01684	0.01005	0.01059	0.01734	0.02497	0.03069	0.09516	0.19806	0.36663	0.03016	0.01389	0.00418	0.00668	0.10240	0.01044	0.00959
5	0.01524	0.01148	0.01409	0.01344	0.01639	0.01033	0.01008	0.01991	0.03023	0.04128	0.41976	0.09043	0.21715	0.02445	0.01328	0.00361	0.00541	0.02125	0.01188	0.01033
6	0.02926	0.14190	0.27732	0.07624	0.04500	0.02771	0.07353	0.03827	0.02530	0.12635	0.02406	0.02658	0.01711	0.01104	0.01049	0.00338	0.01461	0.00907	0.00655	0.01622
7	0.03666	0.02597	0.12308	0.02309	0.03263	0.01810	0.06103	0.04280	0.02900	0.31383	0.05042	0.04736	0.11351	0.01554	0.01173	0.00358	0.01101	0.01314	0.01090	0.01663
8	0.01364	0.01008	0.01277	0.01491	0.01613	0.00921	0.01011	0.01576	0.02228	0.02903	0.07126	0.51032	0.15527	0.03406	0.01418	0.00443	0.00638	0.03053	0.01045	0.00921
9	0.03347	0.01453	0.01839	0.01574	0.02099	0.01317	0.01238	0.03800	0.02817	0.27229	0.08915	0.09665	0.04001	0.01652	0.01059	0.00329	0.00738	0.01384	0.24107	0.01438
10	0.04599	0.02777	0.07297	0.02289	0.03207	0.06948	0.02001	0.12821	0.03501	0.37085	0.03689	0.03349	0.02398	0.01337	0.01115	0.00342	0.01164	0.01049	0.01194	0.01838
11	0.03799	0.04494	0.03108	0.02778	0.03294	0.40933	0.02131	0.08167	0.03106	0.03129	0.01915	0.02351	0.01618	0.01918	0.06273	0.00452	0.07765	0.00821	0.00622	0.01325
12	0.04279	0.03153	0.03378	0.02590	0.03490	0.03490	0.02139	0.49671	0.05292	0.07093	0.02702	0.02702	0.01914	0.01351	0.01126	0.00338	0.01239	0.01013	0.01126	0.01914
13	0.04318	0.02526	0.07933	0.03038	0.12090	0.02085	0.02252	0.08768	0.03204	0.36375	0.03649	0.03410	0.02404	0.01290	0.01122	0.00346	0.01116	0.01070	0.01135	0.01868
14	0.02800	0.02418	0.02545	0.02291	0.02927	0.02800	0.01782	0.05981	0.51390	0.04708	0.04581	0.04199	0.03436	0.01527	0.01145	0.00382	0.00891	0.01273	0.01145	0.01782
15	0.01634	0.01102	0.01282	0.01282	0.01301	0.01121	0.00750	0.01672	0.01653	0.02223	0.03496	0.07088	0.03971	0.55537	0.10472	0.01159	0.01273	0.01596	0.00675	0.00712
16	0.03189	0.14507	0.18374	0.02929	0.04008	0.02980	0.10702	0.08174	0.02782	0.12949	0.02440	0.02687	0.01778	0.01193	0.01292	0.00347	0.06357	0.00959	0.00724	0.01630
17	0.03723	0.03368	0.12591	0.03132	0.08250	0.07426	0.06918	0.12888	0.07206	0.18488	0.03040	0.03060	0.02121	0.01240	0.01127	0.00347	0.01351	0.01038	0.00933	0.01754
18	0.02786	0.02674	0.04568	0.06908	0.53424	0.02674	0.03454	0.03454	0.02563	0.03677	0.02117	0.02786	0.01783	0.01003	0.01114	0.00334	0.01337	0.01003	0.00557	0.01783
19	0.02800	0.02418	0.02545	0.02291	0.02927	0.02800	0.01782	0.05981	0.51390	0.04708	0.04581	0.04199	0.03436	0.01527	0.01145	0.00382	0.00891	0.01273	0.01145	0.01782
20	0.03549	0.03805	0.26739	0.02812	0.04070	0.02205	0.07298	0.04431	0.02782	0.26303	0.03131	0.03092	0.02063	0.01203	0.01122	0.00355	0.01369	0.01013	0.00896	0.01763
21	0.01634	0.01102	0.01280	0.01280	0.01298	0.01120	0.00747	0.01670	0.01652	0.02221	0.03498	0.07100	0.03977	0.55750	0.10266	0.01156	0.01265	0.01598	0.00675	0.00711
22	0.04698	0.02480	0.02962	0.02271	0.03155	0.02493	0.01876	0.25663	0.04167	0.32690	0.03647	0.03315	0.02388	0.01374	0.01129	0.00343	0.01086	0.01078	0.01271	0.01915
23	0.02657	0.03036	0.06641	0.04744	0.05882	0.02846	0.49336	0.03605	0.02657	0.03605	0.02277	0.03036	0.01708	0.00949	0.01328	0.00380	0.01898	0.01328	0.00569	0.01518
24	0.03001	0.19546	0.31666	0.02636	0.03961	0.02908	0.03083	0.03890	0.02518	0.13241	0.02375	0.02512	0.01697	0.01105	0.00991	0.00325	0.01405	0.00830	0.00657	0.01655
25	0.02786	0.02674	0.04568	0.06908	0.53424	0.02674	0.03454	0.03454	0.02563	0.03677	0.02117	0.02786	0.01783	0.01003	0.01114	0.00334	0.01337	0.01003	0.00557	0.01783
26	0.01608	0.01206	0.01809	0.01809	0.02010	0.01407	0.01407	0.02010	0.01809	0.02613	0.03015	0.04422	0.02814	0.08441	0.55984	0.01809	0.03015	0.01206	0.00603	0.01005
27	0.02491	0.02346	0.03955	0.20791	0.35834	0.02480	0.03145	0.03171	0.02531	0.03526	0.06662	0.03354	0.02501	0.01155	0.01137	0.00348	0.01311	0.01095	0.00603	0.01567
28	0.02983	0.02294	0.03757	0.14247	0.31830	0.02333	0.02924	0.03610	0.02629	0.12482	0.02873	0.03945	0.02357	0.01292	0.01161	0.00361	0.01269	0.05266	0.00741	0.01645
29	0.02493	0.02375	0.04039	0.29463	0.33158	0.02597	0.03308	0.03198	0.02424	0.03321	0.02065	0.02881	0.01657	0.01057	0.01119	0.00352	0.01410	0.01002	0.00532	0.01547
30	0.02786	0.02674	0.04568	0.06908	0.53424	0.02674	0.03454	0.03454	0.02563	0.03677	0.02117	0.02786	0.01783	0.01003	0.01114	0.00334	0.01337	0.01003	0.00557	0.01783
31	0.03479	0.01553	0.02118	0.01899	0.02443	0.01391	0.01520	0.03865	0.02822	0.31248	0.05188	0.20381	0.04702	0.02275	0.01290	0.00408	0.00891	0.09805	0.01235	0.01488
32	0.02943	0.08064	0.04417	0.10602	0.40155	0.02738	0.03125	0.03570	0.02566	0.07881	0.02256	0.02803	0.01812	0.01044	0.01080	0.00330	0.01306	0.00976	0.00617	0.01714
33	0.02786	0.02674	0.04568	0.06908	0.53424	0.02674	0.03454	0.03454	0.02563	0.03677	0.02117	0.02786	0.01783	0.01003	0.01114	0.00334	0.01337	0.01003	0.00557	0.01783
34	0.01992	0.01770	0.02545	0.02323	0.02434	0.02323	0.01881	0.02324	0.01771	0.02656	0.02325	0.03542	0.02214	0.05536	0.32508	0.01218	0.27874	0.01107	0.00553	0.01107
35	0.01550	0.01126	0.01495	0.01695	0.01880	0.01071	0.01307	0.01905	0.02456	0.03235	0.11330	0.32924	0.11659	0.03188	0.01458	0.00462	0.00772	0.18449	0.01061	0.00977
36	0.02608	0.02069	0.02570	0.02193	0.02815	0.02184	0.05959	0.04528	0.28593	0.08939	0.10016	0.05707	0.13355	0.01784	0.01213	0.00376	0.00897	0.01545	0.01104	0.01545
37	0.02234	0.02090	0.03349	0.17878	0.13540	0.02349	0.06845	0.03085	0.07238	0.03234	0.03313	0.04011	0.06789	0.02621	0.10820	0.00626	0.06750	0.01221	0.00650	0.01356
38	0.02546	0.01344	0.01666	0.01491	0.01944	0.01188	0.01150	0.02951	0.02858	0.18296	0.18866	0.12059	0.18890	0.02211	0.01233	0.00361	0.00676	0.01884	0.07122	0.01264
39	0.02165	0.01839	0.02234	0.11770	0.03291	0.02061	0.01728	0.03844	0.24450	0.03881	0.09953	0.14897	0.09218	0.02015	0.01229	0.00391	0.00890	0.01748	0.01013	0.01382
40	0.03154	0.01473	0.01981	0.01716	0.02225	0.01309	0.01333	0.03579	0.03012	0.27237	0.21800	0.15756	0.06404	0.02106	0.01257	0.00370	0.00751	0.01832	0.01275	0.01430
41	0.02075	0.01920	0.03199	0.52424	0.07179	0.02365	0.02931	0.02805	0.02339	0.03030	0.06798	0.03511	0.02361	0.01236	0.01144	0.00373	0.01409	0.01098	0.00570	0.01233
42	0.02105	0.02128	0.07520	0.23836	0.12958	0.02024	0.02428	0.02577	0.02079	0.02805	0.02426	0.04099	0.02269	0.17030	0.02644	0.06880	0.01330	0.01151	0.00555	0.01157
43	0.02609	0.01992	0.02362	0.01701	0.02688	0.01516	0.01366	0.03103	0.02424	0.08795	0.02248	0.02486	0.01781	0.00890	0.00864	0.00185	0.00846	0.00714	0.00741	0.60689
44	0.03266	0.02556	0.02707	0.02284	0.02981	0.02887	0.01819	0.21344	0.30369	0.05517	0.03824	0.03662	0.02840	0.01444	0.01106	0.00355	0.00982	0.01159	0.07136	0.01762
45	0.09969	0.01971	0.02422	0.01832	0.02734	0.01680	0.01498	0.04322	0.02778	0.31308	0.03288	0.03102	0.02235	0.01158	0.00983	0.00282	0.00905	0.00915	0.01065	0.25555
46	0.02695	0.01984	0.03227	0.46890	0.06802	0.02336	0.02839	0.03384	0.02440	0.12867	0.02475	0.03162	0.01751	0.01177	0.01127	0.00370	0.01395	0.01026	0.00674	0.01380
47	0.03282	0.01907	0.02600	0.02104	0.02776	0.01840	0.05647	0.08240	0.07607	0.22574	0.09543	0.05362	0.12003	0.02362	0.06389	0.00497	0.01149	0.01453	0.01125	0.01539
48	0.01500	0.01132	0.01385	0.01353	0.01632	0.01017	0.01003	0.01932	0.02919	0.03954	0.37037	0.13776	0.22111	0.02566	0.01338	0.00371	0.00553	0.02237	0.01167	0.01017
49	0.02951	0.01299	0.01501	0.01325	0.01763	0.01224	0.01038	0.03450	0.02609	0.18650	0.03894	0.04091	0.02856	0.01335	0.00887	0.00287	0.00650	0.01073	0.47819	0.01299
50	0.02293	0.05571	0.50286	0.03347	0.04963	0.02635	0.08234	0.03568	0.02402	0.03568	0.02043	0.02436	0.01451	0.01058	0.01093	0.00359	0.01685	0.00876	0.00484	0.01650
51	0.04625	0.02114	0.03327	0.02489	0.03407	0.01866	0.10120	0.05151	0.03121	0.45220	0.04056	0.03690	0.02595	0.01314	0.01167	0.00354	0.01125	0.01167	0.01247	0.01845
52	0.01610	0.01197	0.01762	0.01762	0.01947	0.01382	0.01349	0.01980	0.01795	0.02578	0.03057	0.04658	0.02916	0.12617	0.51949	0.01751	0.02860	0.01241	0.00609	0.00979
53	0.01629	0.01121	0.01380	0.01380	0.01433	0.01174	0.00872	0.01735	0.01682	0.02295	0.03407	0.06594	0.03757	0.46820	0.18896	0.01279	0.01595	0.01524	0.00661	0.00767
54	0.02674	0.17128	0.03128	0.01955	0.02449	0.02386	0.01648	0.03036	0.02227	0.12334	0.03087	0.09058	0.02799	0.04077	0.20961	0.00868	0.06913	0.01216	0.00754	0.01302
55	0.02933	0.03183	0.08745	0.10981	0.35394	0.07685	0.03251	0.07525	0.02810	0.03797	0.02112	0.02693	0.01702	0.01066	0.01103	0.00337	0.01439	0.00962	0.00596	0.01685
56	0.09538	0.03302	0.04289	0.03263	0.04171	0.12314	0.18943	0.16906	0.03480	0.09199	0.02436	0.02727	0.01775	0.01149	0.01141	0.00346	0.01556	0.01049	0.00815	0.01601
57	0.02334	0.02001	0.02334	0.01667	0.02667	0.01500	0.01334	0.02834	0.02334	0.03668	0.02001	0.02334	0.01667	0.00834	0.00834	0.00167	0.00834	0.00667	0.00667	0.67325
58	0.03533	0.02950	0.12670	0.03011	0.04037	0.02297	0.15417	0.08328	0.02983	0.22625	0.03139	0.03308	0.02175	0.01823	0.05949	0.00485	0.01546	0.01131	0.00912	0.01682
59	0.02808	0.02150	0.03465	0.23971	0.22976	0.02268	0.02771	0.03429	0.02566	0.12261	0.03364	0.03810	0.06698	0.01291	0.01142	0.00356	0.01257	0.01155	0.00730	0.01534
60	0.02068	0.01725	0.01876	0.01737	0.02203	0.01822	0.01331	0.03737	0.24972	0.04186	0.19149	0.07175	0.19306	0.02104	0.01245	0.00374	0.00706	0.01784	0.01142	0.01358
61	0.09935	0.03310	0.02951	0.02509	0.03077	0.21841	0.06221	0.11583	0.02978	0.03709	0.02241	0.03036	0.01937	0.07397	0.06759	0.05901	0.01680	0.00968	0.00692	0.01275
62	0.08865	0.02575	0.02634	0.02358	0.02687	0.12164	0.01882	0.07279	0.02376	0.03318	0.02204	0.03053	0.01971	0.04010	0.21535	0.00902	0.17348	0.00985	0.00627	0.01226
63	0.01470	0.01051	0.01414	0.01643	0.01761	0.00995	0.01183	0.01753	0.02325	0.03109	0.10369	0.46731	0.07559	0.03342	0.01448	0.00459	0.00710	0.10667	0.01061	0.00949
64	0.02126	0.02001	0.03376	0.57739	0.07752	0.02501	0.03126	0.02876	0.02251	0.02876	0.02001	0.03001	0.01500	0.01125	0.01125	0.00375	0.01500	0.01000	0.00500	0.01250
65	0.02387	0.01490	0.01979	0.01807	0.02012	0.01639	0.01335	0.02602	0.02032	0.12177	0.03534	0.10651	0.03512	0.24351	0.12969	0.00912	0.11205	0.01512	0.00806	0.01088
66	0.03009	0.61122	0.05898	0.01926	0.02889	0.04454	0.01926	0.03370	0.02287	0.02648	0.01565	0.01805	0.01444	0.00963	0.00722	0.00241	0.01204	0.00602	0.00481	0.01444
67	0.04144	0.02442	0.02809	0.02210	0.03026	0.02515	0.01807	0.24912	0.08574	0.23698	0.04335	0.04023	0.07203	0.01525	0.01149	0.00350	0.01040	0.01210	0.01218	0.01811
68	0.01371	0.00979	0.01306	0.01567	0.01632	0.00914	0.01045	0.01567	0.02155	0.02873	0.06203	0.59710	0.07444	0.03526	0.01437	0.00457	0.00653	0.03200	0.01045	0.00914
69	0.22106	0.02206	0.02488	0.01965	0.02794	0.02217	0.01622	0.12739	0.03235	0.32498	0.03352	0.03087	0.02206	0.01291	0.01013	0.00346	0.00984	0.00969	0.01157	0.01726
70	0.01877	0.01204	0.01609	0.01738	0.01988	0.01132	0.01359	0.02246	0.02533	0.07842	0.10642	0.29389	0.10627	0.03020	0.01432	0.00453	0.00799	0.17954	0.01091	0.01064
71	0.01529	0.01092	0.01487	0.01747	0.01882	0.01050	0.01319	0.01840	0.02310	0.03050	0.06116	0.42946	0.07099	0.03378	0.01479	0.00479	0.00790	0.18407	0.01042	0.00958
72	0.01494	0.01067	0.01446	0.01707	0.01826	0.01020	0.01257	0.01779	0.02276	0.03010	0.06136	0.46706	0.07177	0.03411	0.01469	0.00474	0.00759	0.14996	0.01042	0.00948
73	0.04190	0.03574	0.03180	0.02593	0.03379	0.17529	0.02072	0.29317	0.08829	0.09943	0.02772	0.02761	0.02008	0.01319	0.01098	0.00330	0.01396	0.00970	0.01003	0.01736
74	0.01731	0.01090	0.01466	0.01651	0.01804	0.01013	0.01167	0.01977	0.02287	0.07385	0.06028	0.50591	0.06951	0.03303	0.01421	0.00453	0.00714	0.06880	0.01074	0.01012
75	0.27755	0.02009	0.02269	0.01815	0.02624	0.01966	0.01498	0.04705	0.02753	0.36585	0.03411	0.03113	0.02224	0.01268	0.00976	0.00348	0.00927	0.00945	0.01143	0.01666
76	0.10717	0.05041	0.03034	0.02756	0.03347	0.50508	0.02078	0.04374	0.03060	0.02988	0.01722	0.02009	0.01426	0.01148	0.00983	0.00296	0.01912	0.00713	0.00592	0.01296
77	0.01522	0.01131	0.01417	0.01380	0.01647	0.01026	0.01022	0.01974	0.02967	0.04075	0.40452	0.14060	0.18114	0.02527	0.01339	0.00369	0.00551	0.02216	0.01184	0.01026
78	0.44710	0.02147	0.02009	0.01739	0.02444	0.02357	0.01443	0.08294	0.02546	0.13543	0.02591	0.03289	0.02056	0.01331	0.00896	0.00363	0.00939	0.05018	0.00892	0.01392
79	0.04977	0.02032	0.02684	0.02058	0.02931	0.01828	0.01700	0.09655	0.03417	0.49757	0.04276	0.03724	0.02704	0.01389	0.01131	0.00347	0.00984	0.01121	0.01368	0.01915
80	0.19930	0.08043	0.07784	0.02497	0.02968	0.08181	0.02216	0.03169	0.02020	0.03398	0.01582	0.02191	0.01400	0.01482	0.02161	0.00401	0.27916	0.00815	0.00552	0.01292
81	0.16425	0.02080	0.02511	0.01964	0.02806	0.01985	0.01621	0.09271	0.03181	0.40865	0.03757	0.03362	0.02420	0.01326	0.01053	0.00347	0.00969	0.01026	0.01242	0.01789
82	0.02692	0.02468	0.04527	0.24056	0.10396	0.02595	0.19654	0.03699	0.06943	0.07822	0.02555	0.03174	0.01887	0.01110	0.01200	0.00371	0.01527	0.01155	0.00666	0.01502
83	0.02395	0.01761	0.02098	0.01718	0.02378	0.01587	0.01344	0.03377	0.11430	0.08715	0.20946	0.04983	0.05299	0.01534	0.01093	0.00289	0.00746	0.01308	0.01023	0.25975
84	0.01371	0.00979	0.01306	0.01567	0.01632	0.00914	0.01045	0.01567	0.02155	0.02873	0.06203	0.59710	0.07444	0.03526	0.01437	0.00457	0.00653	0.03200	0.01045	0.00914
85	0.01544	0.01149	0.01437	0.01365	0.01652	0.01041	0.01024	0.02030	0.03071	0.04241	0.45172	0.08856	0.18448	0.02403	0.01328	0.00359	0.00538	0.02098	0.01203	0.01041
86	0.01799	0.01171	0.01483	0.01461	0.01747	0.01054	0.01073	0.02182	0.02787	0.08331	0.27746	0.22750	0.16833	0.02661	0.01341	0.00387	0.00611	0.02340	0.01163	0.01078
87	0.02467	0.21233	0.41037	0.02851	0.04319	0.03127	0.03536	0.03510	0.02351	0.03309	0.01893	0.02217	0.01431	0.01040	0.00973	0.00324	0.01535	0.00768	0.00477	0.01602
88	0.03272	0.08313	0.03452	0.02587	0.03293	0.07753	0.06257	0.09141	0.24768	0.09320	0.03390	0.03354	0.02545	0.01393	0.01312	0.00361	0.05771	0.01103	0.00950	0.01664
89	0.02098	0.01049	0.01049	0.01049	0.01311	0.01049	0.00787	0.02623	0.02360	0.04196	0.03672	0.04196	0.02885	0.01311	0.00787	0.00262	0.00525	0.01049	0.66693	0.01049
90	0.50951	0.01946	0.01696	0.01635	0.02217	0.02203	0.01375	0.03053	0.02092	0.04609	0.02718	0.04676	0.02597	0.01586	0.00921	0.00393	0.00914	0.12462	0.00786	0.01171
91	0.68395	0.02177	0.01654	0.01480	0.02177	0.02525	0.01219	0.03309	0.01915	0.05050	0.01567	0.01828	0.01219	0.01045	0.00697	0.00348	0.00871	0.00609	0.00697	0.01219
92	0.01447	0.01054	0.01362	0.01476	0.01640	0.00970	0.01034	0.01770	0.02558	0.03473	0.23282	0.37163	0.12538	0.03031	0.01388	0.00414	0.00602	0.02713	0.01114	0.00970
93	0.01524	0.01133	0.01419	0.01379	0.01647	0.01028	0.01022	0.01979	0.02977	0.04091	0.40905	0.13550	0.18157	0.02515	0.01338	0.00368	0.00549	0.02205	0.01185	0.01028
94	0.02083	0.01611	0.01883	0.01814	0.02163	0.01696	0.01348	0.07376	0.15832	0.04200	0.18100	0.25697	0.06724	0.02459	0.01300	0.00398	0.00738	0.02167	0.01132	0.01278
95	0.46125	0.02085	0.01991	0.01664	0.02422	0.02219	0.01372	0.04074	0.02375	0.22330	0.02577	0.02532	0.01770	0.01167	0.00850	0.00348	0.00901	0.00793	0.00941	0.01464
96	0.04980	0.02027	0.02681	0.02056	0.02929	0.01820	0.01698	0.09485	0.03409	0.49939	0.04283	0.03729	0.02707	0.01389	0.01131	0.00347	0.00983	0.01121	0.01369	0.01915
97	0.03462	0.01568	0.02078	0.01712	0.02319	0.01376	0.01368	0.03919	0.03149	0.31590	0.22582	0.06121	0.10163	0.01854	0.01221	0.00353	0.00768	0.01571	0.01306	0.01519
98	0.03332	0.01628	0.02150	0.01899	0.02460	0.01518	0.01536	0.04016	0.07194	0.27388	0.13205	0.11459	0.05290	0.02070	0.01271	0.00393	0.00864	0.09573	0.01248	0.01505
99	0.02410	0.09690	0.36387	0.02965	0.04176	0.02939	0.03439	0.03624	0.06888	0.03441	0.02126	0.02515	0.01627	0.01263	0.01512	0.00373	0.11621	0.00881	0.00542	0.01579
100	0.02126	0.02001	0.03376	0.57739	0.07752	0.02501	0.03126	0.02876	0.02251	0.02876	0.02001	0.03001	0.01500	0.01125	0.01125	0.00375	0.01500	0.01000	0.00500	0.01250
101	0.01743	0.01284	0.01695	0.01907	0.02130	0.01295	0.01528	0.02391	0.06979	0.03311	0.05921	0.29188	0.06549	0.03115	0.01473	0.00483	0.00882	0.26014	0.01050	0.01061
102	0.61968	0.02150	0.01751	0.01533	0.02247	0.02437	0.01263	0.03529	0.02048	0.10037	0.01859	0.02032	0.01378	0.01080	0.00741	0.00348	0.00879	0.00662	0.00767	0.01290
103	0.68395	0.02177	0.01654	0.01480	0.02177	0.02525	0.01219	0.03309	0.01915	0.05050	0.01567	0.01828	0.01219	0.01045	0.00697	0.00348	0.00871	0.00609	0.00697	0.01219
104	0.08368	0.01835	0.02449	0.12184	0.07946	0.02064	0.01887	0.06913	0.02478	0.03597	0.07620	0.09524	0.03780	0.13065	0.02281	0.00530	0.06257	0.05260	0.00775	0.01187
105	0.62169	0.02081	0.01640	0.01474	0.02131	0.02389	0.01204	0.03198	0.02034	0.05000	0.06345	0.02442	0.02095	0.01162	0.00755	0.00349	0.00839	0.00742	0.00747	0.01204
106	0.02704	0.01881	0.02587	0.21665	0.04313	0.02052	0.02048	0.07692	0.07794	0.12442	0.08799	0.09807	0.08022	0.01726	0.01195	0.00374	0.01065	0.01481	0.00948	0.01404
107	0.01923	0.01285	0.01605	0.01459	0.01853	0.01126	0.01105	0.02370	0.02910	0.08730	0.32125	0.12280	0.16288	0.02282	0.01273	0.00350	0.00617	0.01984	0.01149	0.07286
108	0.08255	0.01312	0.01341	0.01283	0.01624	0.01367	0.00979	0.02935	0.07446	0.04386	0.12645	0.04753	0.04214	0.01491	0.00915	0.00299	0.00595	0.01213	0.41805	0.01142
109	0.16902	0.03121	0.02725	0.02252	0.03017	0.16698	0.01801	0.13088	0.03349	0.22106	0.02837	0.02751	0.01962	0.01256	0.01015	0.00331	0.01281	0.00900	0.00991	0.01617
110	0.38905	0.01821	0.01749	0.01581	0.02156	0.01946	0.01250	0.03274	0.02316	0.13310	0.08073	0.12794	0.03519	0.01660	0.00965	0.00368	0.00814	0.01291	0.00935	0.01274

[dist]
# distance from previous block
# <min> <max>
4	12

[block]
# block no. 7 follows, 11 sequences, length 18
# corresponding to MSA columns:
# 358-375
name=unknown_H
#
# <colnr> <probs for GDERKNQSTAVLIFYWHMCP>
#	G	D	E	R	K	N	Q	S	T	A	V	L	I	F	Y	W	H	M	C	P
0	0.03103	0.02181	0.03132	0.02945	0.12348	0.01854	0.05337	0.03652	0.02616	0.15981	0.02637	0.02834	0.01964	0.01010	0.00995	0.00258	0.01035	0.00891	0.00816	0.34411
1	0.03149	0.02086	0.02478	0.01961	0.02774	0.01956	0.01572	0.07857	0.12767	0.15751	0.03246	0.03289	0.02416	0.01864	0.06187	0.00421	0.01113	0.00978	0.00964	0.27172
2	0.11139	0.02703	0.02893	0.02258	0.03121	0.02878	0.01848	0.29858	0.08770	0.10523	0.02822	0.02803	0.02030	0.01268	0.01041	0.00321	0.01083	0.00957	0.01042	0.10643
3	0.01722	0.01260	0.01786	0.10124	0.02787	0.01311	0.01627	0.02156	0.02356	0.03188	0.05242	0.27976	0.05754	0.02798	0.01374	0.00450	0.00915	0.19006	0.07146	0.01024
4	0.02684	0.37197	0.26974	0.02481	0.03747	0.03658	0.02892	0.03454	0.02326	0.03045	0.01762	0.02052	0.01436	0.01009	0.00872	0.00291	0.01403	0.00701	0.00479	0.01539
5	0.02588	0.01469	0.01783	0.01562	0.02069	0.01336	0.01220	0.03227	0.06944	0.18178	0.21239	0.07571	0.21969	0.02163	0.01258	0.00363	0.00695	0.01829	0.01210	0.01327
6	0.02071	0.01213	0.01564	0.01501	0.01810	0.01093	0.01107	0.02372	0.02680	0.11481	0.22084	0.20091	0.15311	0.02694	0.01596	0.06311	0.00674	0.02141	0.01116	0.01091
7	0.02670	0.02128	0.03647	0.29297	0.14298	0.02297	0.07956	0.03330	0.02488	0.10785	0.02806	0.08329	0.02315	0.01346	0.01176	0.00372	0.01357	0.01260	0.00702	0.01443
8	0.02924	0.02994	0.04814	0.03641	0.04504	0.08614	0.27785	0.11806	0.03119	0.04032	0.02915	0.11817	0.02623	0.01453	0.01273	0.00374	0.01595	0.01499	0.00747	0.01471
9	0.01709	0.01214	0.01557	0.01707	0.01893	0.01196	0.01352	0.02036	0.02277	0.02950	0.05697	0.10777	0.10184	0.21794	0.02895	0.00692	0.01009	0.27227	0.00922	0.00912
10	0.04025	0.13714	0.03595	0.02754	0.03391	0.48218	0.02137	0.04326	0.03054	0.02739	0.01714	0.01996	0.01449	0.01130	0.00971	0.00283	0.01906	0.00706	0.00565	0.01326
11	0.02024	0.01162	0.01472	0.01502	0.01663	0.01093	0.00997	0.02181	0.02116	0.10296	0.04922	0.31294	0.05463	0.25006	0.03035	0.00684	0.00866	0.02291	0.00958	0.00975
12	0.16829	0.13661	0.07895	0.02126	0.03002	0.03021	0.01923	0.10978	0.16064	0.04558	0.02639	0.02697	0.02028	0.01191	0.00935	0.00321	0.01063	0.00875	0.00820	0.07374
13	0.02942	0.22040	0.08976	0.10607	0.03968	0.02854	0.06354	0.03540	0.02534	0.11410	0.05389	0.02938	0.02278	0.01133	0.00985	0.00300	0.01230	0.00928	0.00706	0.08887
14	0.08219	0.02477	0.07244	0.02764	0.07897	0.02200	0.06191	0.08248	0.08525	0.20048	0.10729	0.04023	0.03538	0.01412	0.01141	0.00354	0.01082	0.01215	0.01040	0.01653
15	0.02881	0.03441	0.16486	0.03427	0.04327	0.02900	0.16803	0.07579	0.02617	0.08534	0.02240	0.02767	0.01699	0.01340	0.01888	0.00399	0.17405	0.01068	0.00654	0.01546
16	0.02403	0.02059	0.03107	0.33515	0.09884	0.02411	0.02588	0.09723	0.02627	0.03484	0.02372	0.03500	0.01974	0.07448	0.07705	0.00593	0.01579	0.01084	0.00627	0.01317
17	0.13438	0.15068	0.11595	0.02282	0.03280	0.03080	0.02191	0.18170	0.03345	0.13638	0.02499	0.02536	0.01791	0.01189	0.00971	0.00324	0.01194	0.00861	0.00874	0.01675

[dist]
# distance from previous block
# <min> <max>
2	195

[block]
# block no. 8 follows, 11 sequences, length 80
# corresponding to MSA columns:
# 588-667
name=unknown_I
#
# <colnr> <probs for GDERKNQSTAVLIFYWHMCP>
#	G	D	E	R	K	N	Q	S	T	A	V	L	I	F	Y	W	H	M	C	P
0	0.16081	0.02351	0.02788	0.11441	0.09622	0.07172	0.02081	0.03727	0.02510	0.16715	0.02876	0.07934	0.02343	0.01453	0.01270	0.00367	0.05851	0.01130	0.00833	0.01455
1	0.10049	0.13143	0.07847	0.01931	0.02845	0.02255	0.01768	0.03730	0.02532	0.18348	0.02914	0.07033	0.02328	0.01272	0.00955	0.00293	0.01006	0.00995	0.00859	0.17897
2	0.08923	0.20664	0.11583	0.02020	0.02949	0.02772	0.01989	0.07114	0.02718	0.09037	0.07515	0.03527	0.06415	0.01320	0.00962	0.00303	0.01080	0.01001	0.00777	0.07330
3	0.02571	0.12738	0.02808	0.06074	0.02705	0.02242	0.01601	0.07111	0.02821	0.09020	0.14025	0.09372	0.08786	0.01817	0.01296	0.00345	0.05125	0.01462	0.06777	0.01304
4	0.02654	0.02257	0.12317	0.02015	0.02651	0.01523	0.01871	0.03179	0.02579	0.17387	0.08809	0.18916	0.04836	0.07660	0.01685	0.00463	0.01004	0.05839	0.01011	0.01344
5	0.03087	0.02231	0.02826	0.06454	0.03303	0.06540	0.06068	0.11378	0.03050	0.13858	0.03792	0.13491	0.03442	0.02676	0.07913	0.00558	0.01429	0.05529	0.00951	0.01421
6	0.09742	0.07651	0.02964	0.02463	0.07161	0.07118	0.05862	0.03344	0.02453	0.11042	0.02979	0.08019	0.02642	0.08538	0.01582	0.00411	0.01132	0.01181	0.06811	0.06904
7	0.09173	0.01627	0.01937	0.06786	0.02547	0.01719	0.01391	0.06412	0.07008	0.08114	0.13403	0.14596	0.05070	0.12898	0.02034	0.00511	0.00903	0.01693	0.00974	0.01202
8	0.08351	0.07210	0.02579	0.13123	0.03438	0.02067	0.01720	0.03255	0.06861	0.08316	0.03206	0.11938	0.02866	0.01510	0.01019	0.00324	0.00967	0.01259	0.06736	0.13258
9	0.02797	0.08082	0.08511	0.23400	0.05553	0.02808	0.12701	0.07725	0.06325	0.07521	0.02462	0.02972	0.01812	0.01138	0.01129	0.00357	0.01462	0.01051	0.00683	0.01510
10	0.02946	0.03304	0.14993	0.07690	0.04569	0.02680	0.14876	0.10831	0.02911	0.08511	0.02357	0.02784	0.01734	0.01174	0.01374	0.00353	0.06730	0.01028	0.00708	0.08449
11	0.48106	0.02205	0.02136	0.02177	0.08515	0.02352	0.01513	0.03238	0.02072	0.04625	0.01715	0.02039	0.01371	0.01000	0.00773	0.00313	0.00921	0.00668	0.00674	0.13588
12	0.01637	0.01091	0.01228	0.01228	0.01228	0.01091	0.00682	0.01637	0.01637	0.02182	0.03546	0.07365	0.04092	0.60445	0.05729	0.01091	0.01091	0.01637	0.00682	0.00682
13	0.03510	0.18329	0.03782	0.02354	0.03168	0.07841	0.01982	0.21141	0.17709	0.04879	0.02870	0.02846	0.02194	0.01285	0.01017	0.00321	0.01193	0.00957	0.00918	0.01702
14	0.04145	0.02862	0.03105	0.02403	0.03244	0.03120	0.01978	0.41812	0.04858	0.10694	0.02932	0.02929	0.02073	0.01351	0.01096	0.00332	0.01151	0.01026	0.07052	0.01836
15	0.01752	0.01016	0.01172	0.01296	0.01464	0.00985	0.00910	0.02119	0.02262	0.03565	0.04879	0.30661	0.05058	0.02367	0.01097	0.00355	0.00586	0.02074	0.35397	0.00985
16	0.01361	0.01116	0.01200	0.01233	0.01553	0.00955	0.00904	0.01655	0.02558	0.03150	0.14403	0.18344	0.41854	0.02907	0.01347	0.00390	0.00580	0.02474	0.01063	0.00955
17	0.01438	0.01066	0.01342	0.01438	0.01628	0.00970	0.01016	0.01762	0.02575	0.03453	0.22753	0.33567	0.16874	0.02992	0.01381	0.00408	0.00597	0.02659	0.01110	0.00970
18	0.04977	0.02032	0.02684	0.02058	0.02931	0.01827	0.01700	0.09649	0.03417	0.49764	0.04277	0.03725	0.02704	0.01389	0.01131	0.00347	0.00984	0.01121	0.01368	0.01915
19	0.04030	0.02303	0.02901	0.02330	0.02970	0.02480	0.01911	0.16908	0.03409	0.26691	0.03476	0.07361	0.02618	0.01658	0.01681	0.00383	0.12861	0.01221	0.01107	0.01700
20	0.02154	0.01810	0.02142	0.01648	0.02474	0.01391	0.01280	0.02598	0.02301	0.03519	0.02784	0.13036	0.02745	0.01336	0.00946	0.00221	0.00800	0.01139	0.00737	0.54938
21	0.15518	0.02510	0.03720	0.12081	0.08557	0.02635	0.12161	0.12327	0.03031	0.12928	0.02530	0.02856	0.01809	0.01150	0.01089	0.00356	0.01313	0.01022	0.00823	0.01582
22	0.01521	0.01089	0.01347	0.01445	0.01658	0.01004	0.01058	0.01876	0.02557	0.03482	0.18944	0.28007	0.16815	0.02854	0.01343	0.00404	0.00629	0.06348	0.06635	0.00981
23	0.02989	0.25302	0.14160	0.02737	0.03654	0.08282	0.06741	0.08243	0.02641	0.03387	0.01834	0.02240	0.01519	0.01199	0.01380	0.00329	0.10478	0.00825	0.00566	0.01495
24	0.02334	0.02001	0.02334	0.01667	0.02667	0.01500	0.01334	0.02834	0.02334	0.03668	0.02001	0.02334	0.01667	0.00834	0.00834	0.00167	0.00834	0.00667	0.00667	0.67325
