[name]
unknown

[dist]
# distance from previous block
# <min> <max>
13	353

[block]
# block no. 0 follows, 11 sequences, length 12
# corresponding to MSA columns:
# 484-495
name=unknown_A
#
# <colnr> <probs for GDERKNQSTAVLIFYWHMCP>
#	G	D	E	R	K	N	Q	S	T	A	V	L	I	F	Y	W	H	M	C	P
0	0.15000	0.07259	0.13207	0.02410	0.03378	0.03075	0.02290	0.20648	0.12859	0.05267	0.02652	0.02712	0.01957	0.01249	0.01014	0.00345	0.01187	0.00928	0.00881	0.01683
1	0.02020	0.01260	0.01750	0.01667	0.01914	0.01332	0.01248	0.02358	0.02098	0.08852	0.08964	0.05412	0.03962	0.17615	0.32917	0.01322	0.02092	0.01380	0.00785	0.01053
2	0.26385	0.02122	0.02266	0.01889	0.02645	0.02221	0.01534	0.04849	0.13960	0.25745	0.03482	0.03226	0.02396	0.01304	0.00985	0.00356	0.00912	0.00984	0.01095	0.01644
3	0.01801	0.09150	0.02167	0.01629	0.01883	0.01693	0.01246	0.02102	0.01964	0.02692	0.07951	0.05265	0.03757	0.20832	0.29622	0.01261	0.02007	0.01324	0.00672	0.00982
4	0.17732	0.01963	0.02958	0.13781	0.03980	0.02076	0.10400	0.03069	0.02358	0.08573	0.03353	0.14158	0.03183	0.01738	0.01163	0.00396	0.01172	0.05873	0.00799	0.01274
5	0.08973	0.10248	0.03599	0.02674	0.02870	0.03491	0.02270	0.02855	0.01817	0.02929	0.01498	0.02313	0.01448	0.01745	0.03005	0.00445	0.45153	0.00897	0.00511	0.01258
6	0.02860	0.09232	0.03687	0.09560	0.21163	0.02388	0.02379	0.03423	0.02501	0.09218	0.02268	0.02672	0.01791	0.01003	0.00984	0.00277	0.01140	0.00866	0.00671	0.21914
7	0.03311	0.31976	0.04451	0.02190	0.03063	0.03817	0.01952	0.16686	0.14162	0.04334	0.02556	0.02591	0.02022	0.01197	0.00928	0.00299	0.01143	0.00866	0.00808	0.01649
8	0.03110	0.09505	0.02404	0.01637	0.02158	0.01937	0.01315	0.08901	0.02740	0.15519	0.03256	0.03845	0.02573	0.07485	0.01779	0.07510	0.00908	0.01056	0.21049	0.01312
9	0.10923	0.02425	0.02949	0.12177	0.09632	0.09200	0.05539	0.03464	0.02694	0.11734	0.08827	0.04307	0.08546	0.01457	0.01118	0.00350	0.01208	0.01229	0.00831	0.01390
10	0.02334	0.09880	0.08568	0.10961	0.03409	0.01993	0.02039	0.02877	0.02504	0.09236	0.08740	0.17782	0.04618	0.02085	0.01220	0.00390	0.01059	0.08154	0.00876	0.01275
11	0.02355	0.09137	0.13991	0.21041	0.08623	0.02464	0.02732	0.03102	0.02327	0.03275	0.01967	0.02542	0.01547	0.01005	0.00988	0.00295	0.01303	0.00830	0.00544	0.19931

[dist]
# distance from previous block
# <min> <max>
1	10

[block]
# block no. 1 follows, 11 sequences, length 14
# corresponding to MSA columns:
# 506-519
name=unknown_B
#
# <colnr> <probs for GDERKNQSTAVLIFYWHMCP>
#	G	D	E	R	K	N	Q	S	T	A	V	L	I	F	Y	W	H	M	C	P
0	0.20111	0.19174	0.21201	0.02379	0.03463	0.10138	0.02542	0.03570	0.02340	0.03610	0.01745	0.02038	0.01379	0.01047	0.00874	0.00315	0.01384	0.00699	0.00549	0.01442
1	0.03651	0.30014	0.09223	0.02295	0.03302	0.03144	0.05796	0.04172	0.02663	0.21476	0.02704	0.02689	0.01949	0.01127	0.00950	0.00301	0.01212	0.00872	0.00818	0.01641
2	0.02914	0.08062	0.02797	0.09242	0.03283	0.02133	0.01721	0.06924	0.07088	0.13515	0.08663	0.04231	0.07600	0.01423	0.01062	0.00306	0.00964	0.01165	0.00932	0.15973
3	0.01440	0.01095	0.01292	0.01339	0.01569	0.00983	0.00948	0.01743	0.02541	0.03321	0.20605	0.23121	0.24703	0.08011	0.01750	0.00457	0.00628	0.02440	0.01066	0.00947
4	0.10628	0.01446	0.01790	0.06013	0.02300	0.01591	0.01348	0.02306	0.02360	0.03661	0.18499	0.05535	0.09812	0.02761	0.07191	0.07434	0.05995	0.01424	0.06869	0.01035
5	0.02069	0.01243	0.01601	0.01530	0.01790	0.01217	0.01103	0.02336	0.02215	0.10445	0.08704	0.12046	0.10908	0.20265	0.16500	0.00946	0.01404	0.01742	0.00897	0.01038
6	0.02698	0.38231	0.26063	0.02457	0.03709	0.03692	0.02850	0.03451	0.02324	0.03027	0.01753	0.02042	0.01437	0.01007	0.00866	0.00289	0.01394	0.00697	0.00479	0.01535
7	0.01467	0.01129	0.01341	0.01323	0.01613	0.01003	0.00979	0.01867	0.02837	0.03767	0.31781	0.14627	0.26915	0.02642	0.01340	0.00375	0.00559	0.02288	0.01143	0.01003
8	0.02471	0.04240	0.29406	0.03278	0.04467	0.02774	0.12154	0.04027	0.13148	0.03748	0.02584	0.02911	0.01926	0.01227	0.01369	0.00379	0.06588	0.01038	0.00642	0.01623
9	0.01737	0.01273	0.01565	0.01584	0.01829	0.01230	0.01144	0.06725	0.02839	0.03833	0.20748	0.33071	0.12422	0.02855	0.01360	0.00405	0.00668	0.02531	0.01113	0.01067
10	0.01794	0.01905	0.08643	0.01815	0.02267	0.01474	0.01569	0.02716	0.09589	0.04000	0.27517	0.19997	0.07588	0.02339	0.01295	0.00384	0.00763	0.02063	0.01075	0.01205
11	0.03272	0.08496	0.07695	0.13204	0.04084	0.16188	0.02306	0.10128	0.03153	0.08848	0.08981	0.03350	0.02873	0.01329	0.01084	0.00329	0.01404	0.01032	0.00792	0.01453
12	0.02423	0.02091	0.09086	0.07719	0.02983	0.01792	0.01887	0.02907	0.07031	0.08228	0.06889	0.03725	0.02793	0.02465	0.02637	0.27152	0.05276	0.01099	0.00713	0.01105
13	0.01971	0.02002	0.08886	0.02020	0.02494	0.01678	0.01806	0.07168	0.02573	0.03606	0.11392	0.09772	0.04526	0.04814	0.24413	0.00993	0.01866	0.06009	0.00821	0.01192

[dist]
# distance from previous block
# <min> <max>
0	65

[block]
# block no. 2 follows, 11 sequences, length 27
# corresponding to MSA columns:
# 586-612
name=unknown_C
#
# <colnr> <probs for GDERKNQSTAVLIFYWHMCP>
#	G	D	E	R	K	N	Q	S	T	A	V	L	I	F	Y	W	H	M	C	P
0	0.07091	0.06644	0.09992	0.01897	0.02767	0.01887	0.01783	0.03752	0.02667	0.19712	0.07272	0.03518	0.02872	0.01257	0.00981	0.00297	0.00954	0.00999	0.10067	0.13590
1	0.11095	0.01673	0.02406	0.10039	0.03194	0.01724	0.05517	0.02970	0.02592	0.11749	0.16667	0.10884	0.04942	0.02459	0.06669	0.00515	0.01160	0.01542	0.00943	0.01261
2	0.31647	0.02360	0.06478	0.09930	0.03306	0.02285	0.01808	0.06932	0.02368	0.04344	0.02423	0.09796	0.02206	0.01388	0.00939	0.00346	0.01027	0.01067	0.00729	0.08622
3	0.12929	0.07088	0.02658	0.01883	0.02680	0.02169	0.01546	0.10391	0.02938	0.18934	0.03181	0.09079	0.02587	0.01413	0.01001	0.00309	0.00945	0.01120	0.00976	0.16171
4	0.03456	0.07402	0.03079	0.14230	0.03938	0.07645	0.02010	0.08876	0.02904	0.17241	0.02672	0.02928	0.01941	0.01371	0.01276	0.05128	0.01219	0.00927	0.00841	0.10918
5	0.12811	0.08832	0.09569	0.02092	0.02946	0.08370	0.01920	0.10090	0.02912	0.11524	0.02561	0.02718	0.01897	0.01167	0.00931	0.00303	0.01147	0.00851	0.10386	0.06971
6	0.10474	0.22950	0.03738	0.13283	0.03702	0.02870	0.01955	0.03678	0.02542	0.15774	0.06617	0.03098	0.02522	0.01222	0.00953	0.00316	0.01111	0.00933	0.00796	0.01464
7	0.01937	0.01426	0.01671	0.01590	0.01925	0.01467	0.01195	0.03077	0.14665	0.04351	0.29328	0.11913	0.07438	0.02092	0.01216	0.00358	0.00630	0.01824	0.10678	0.01220
8	0.01896	0.01488	0.01833	0.01772	0.01971	0.01676	0.01284	0.02714	0.12040	0.03078	0.06896	0.13363	0.04360	0.20684	0.14340	0.00910	0.06116	0.01669	0.00831	0.01078
9	0.02516	0.02364	0.03983	0.11813	0.41163	0.02411	0.03083	0.03128	0.02472	0.03477	0.02671	0.10709	0.02537	0.01367	0.01160	0.00356	0.01260	0.01307	0.00618	0.01603
10	0.02207	0.02021	0.03233	0.38356	0.13168	0.02361	0.02790	0.03118	0.06499	0.03360	0.08924	0.03781	0.02903	0.01296	0.01152	0.00367	0.01298	0.01160	0.00659	0.01347
11	0.02656	0.02059	0.02237	0.01956	0.02507	0.02252	0.01532	0.13074	0.23499	0.04981	0.15551	0.05264	0.07692	0.01727	0.01158	0.00355	0.00821	0.01440	0.07720	0.01520
12	0.01927	0.02072	0.08694	0.01927	0.02427	0.01706	0.01650	0.03186	0.16547	0.03748	0.12485	0.23830	0.10518	0.02381	0.01278	0.00399	0.00828	0.02081	0.01027	0.01288
13	0.02319	0.02131	0.03549	0.20804	0.10334	0.02297	0.11399	0.03400	0.09627	0.03722	0.09973	0.04045	0.03296	0.01323	0.01167	0.00360	0.01247	0.01258	0.06356	0.01394
14	0.02832	0.03781	0.25427	0.02500	0.03741	0.02248	0.02707	0.07105	0.06257	0.10599	0.02569	0.02712	0.01855	0.01099	0.01020	0.00302	0.01248	0.00870	0.00746	0.20382
15	0.56660	0.02128	0.01832	0.01577	0.02306	0.02364	0.01300	0.03712	0.02157	0.14156	0.02099	0.02199	0.01509	0.01109	0.00777	0.00348	0.00887	0.00706	0.00826	0.01348
16	0.07544	0.03706	0.22673	0.10209	0.04680	0.02613	0.09418	0.07282	0.08107	0.09041	0.02597	0.02883	0.01855	0.01162	0.01105	0.00362	0.01430	0.00999	0.00721	0.01613
17	0.31251	0.10101	0.02734	0.01911	0.02678	0.02886	0.01600	0.10800	0.12293	0.09885	0.02611	0.02618	0.01942	0.01208	0.00894	0.00339	0.00981	0.00850	0.00888	0.01530
18	0.01913	0.00992	0.01435	0.01435	0.01435	0.00992	0.00939	0.01489	0.01489	0.01985	0.02165	0.03941	0.02236	0.11354	0.04574	0.58541	0.00992	0.01064	0.00514	0.00514
19	0.02257	0.05822	0.54613	0.03208	0.04871	0.02614	0.04158	0.03564	0.02376	0.03564	0.02020	0.02376	0.01426	0.01069	0.01069	0.00356	0.01663	0.00832	0.00475	0.01663
20	0.03341	0.02936	0.02833	0.02436	0.03135	0.08881	0.01918	0.17190	0.34035	0.05112	0.03776	0.03569	0.02819	0.01440	0.01126	0.00360	0.01108	0.01144	0.01077	0.01763
21	0.02334	0.02001	0.02334	0.01667	0.02667	0.01500	0.01334	0.02834	0.02334	0.03668	0.02001	0.02334	0.01667	0.00834	0.00834	0.00167	0.00834	0.00667	0.00667	0.67325
22	0.02439	0.02168	0.03376	0.49721	0.07132	0.02645	0.02982	0.09679	0.02693	0.03489	0.02103	0.02957	0.01561	0.01158	0.01125	0.00370	0.01462	0.01002	0.00591	0.01347
23	0.02947	0.10499	0.02833	0.01770	0.02664	0.01918	0.01467	0.03389	0.02506	0.14414	0.02791	0.07010	0.02323	0.01181	0.00929	0.00239	0.00900	0.00954	0.00827	0.38440
24	0.02233	0.01868	0.02173	0.01603	0.02458	0.01441	0.01239	0.02660	0.02233	0.03452	0.02225	0.03065	0.02020	0.09501	0.01545	0.00301	0.00871	0.00808	0.00669	0.57636
25	0.02017	0.01406	0.01617	0.01502	0.01660	0.01482	0.00989	0.08670	0.02191	0.02953	0.03354	0.06300	0.03607	0.45005	0.11677	0.01076	0.01366	0.01489	0.00736	0.00904
26	0.02385	0.09676	0.44263	0.03596	0.11111	0.02764	0.03893	0.03535	0.02394	0.03509	0.01998	0.02386	0.01474	0.01052	0.01048	0.00345	0.01585	0.00836	0.00487	0.01662

[dist]
# distance from previous block
# <min> <max>
13	21

[block]
# block no. 3 follows, 11 sequences, length 6
# corresponding to MSA columns:
# 655-660
name=unknown_D
#
# <colnr> <probs for GDERKNQSTAVLIFYWHMCP>
#	G	D	E	R	K	N	Q	S	T	A	V	L	I	F	Y	W	H	M	C	P
0	0.29495	0.08774	0.08491	0.02005	0.02909	0.02654	0.01858	0.10391	0.02804	0.17123	0.02490	0.02507	0.01752	0.01168	0.00909	0.00337	0.01067	0.00820	0.00883	0.01562
1	0.02626	0.12375	0.17777	0.06181	0.04223	0.03026	0.11996	0.07789	0.02544	0.03505	0.02107	0.02895	0.01756	0.05887	0.01836	0.00421	0.10006	0.01009	0.00580	0.01460
2	0.02682	0.07656	0.08819	0.13605	0.04064	0.02693	0.02282	0.10722	0.16559	0.04294	0.08067	0.03636	0.03047	0.01353	0.01092	0.00342	0.01139	0.01111	0.00857	0.05981
3	0.01707	0.02058	0.11989	0.01887	0.02342	0.01466	0.01725	0.02228	0.02218	0.03154	0.13401	0.12195	0.04895	0.12888	0.19758	0.00951	0.01662	0.01615	0.00774	0.01087
4	0.01627	0.01114	0.01342	0.01329	0.01393	0.01126	0.00830	0.01756	0.01889	0.02584	0.10833	0.07152	0.04906	0.45252	0.11370	0.01071	0.01249	0.01642	0.00755	0.00779
5	0.02842	0.02256	0.06424	0.02125	0.02726	0.02079	0.01800	0.16946	0.06970	0.09632	0.09721	0.18808	0.04833	0.02152	0.01261	0.00391	0.00974	0.05511	0.01087	0.01462

[dist]
# distance from previous block
# <min> <max>
1	17

[block]
# block no. 4 follows, 11 sequences, length 27
# corresponding to MSA columns:
# 700-726
name=unknown_E
#
# <colnr> <probs for GDERKNQSTAVLIFYWHMCP>
#	G	D	E	R	K	N	Q	S	T	A	V	L	I	F	Y	W	H	M	C	P
0	0.02667	0.02078	0.02850	0.08625	0.03521	0.01910	0.06023	0.08662	0.02764	0.08204	0.02940	0.11099	0.02628	0.01386	0.01063	0.00290	0.01042	0.01221	0.00812	0.30213
1	0.26518	0.02423	0.07356	0.01872	0.02673	0.02148	0.01654	0.07892	0.02603	0.16994	0.02707	0.03157	0.02071	0.08083	0.01482	0.00419	0.01028	0.00925	0.00885	0.07109
2	0.01486	0.01056	0.01370	0.01470	0.01601	0.00991	0.01007	0.01782	0.02474	0.03396	0.23147	0.34328	0.08211	0.10013	0.01920	0.00496	0.00661	0.02578	0.01072	0.00941
3	0.02838	0.17882	0.27216	0.02596	0.03783	0.02879	0.02928	0.07520	0.02715	0.08688	0.02672	0.03619	0.02198	0.01339	0.01054	0.00345	0.01373	0.06081	0.00690	0.01585
4	0.04163	0.09620	0.08420	0.02163	0.03092	0.02272	0.01968	0.05104	0.10448	0.35007	0.03859	0.03489	0.02581	0.01328	0.01077	0.00341	0.01051	0.01058	0.01148	0.01811
5	0.04620	0.01806	0.02459	0.01952	0.02728	0.01568	0.01583	0.05028	0.03097	0.48207	0.04646	0.10358	0.03330	0.01642	0.01167	0.00361	0.00922	0.01373	0.01352	0.01798
6	0.01472	0.01076	0.01383	0.01453	0.01644	0.00988	0.01034	0.01835	0.02682	0.03664	0.28721	0.30619	0.13494	0.02881	0.01374	0.00401	0.00587	0.02568	0.01136	0.00988
7	0.02801	0.13227	0.03735	0.17007	0.04316	0.03002	0.05616	0.11704	0.06887	0.03948	0.02437	0.02923	0.01908	0.01257	0.01261	0.00341	0.06467	0.00980	0.08740	0.01444
8	0.03450	0.02434	0.02725	0.02286	0.02990	0.02688	0.01830	0.18454	0.25356	0.12589	0.03839	0.03723	0.02823	0.02175	0.06851	0.00512	0.01225	0.01168	0.01120	0.01760
9	0.01760	0.01257	0.01752	0.02011	0.02247	0.01249	0.01720	0.02239	0.02538	0.03308	0.05989	0.18429	0.06595	0.03160	0.01540	0.00511	0.00990	0.40647	0.01037	0.01022
10	0.02793	0.02222	0.03530	0.27515	0.05477	0.02445	0.09443	0.08367	0.06916	0.09986	0.07283	0.03671	0.02727	0.01296	0.01177	0.00367	0.01327	0.01184	0.00806	0.01467
11	0.02079	0.01838	0.02960	0.16904	0.20877	0.01927	0.02376	0.02633	0.02509	0.03454	0.12450	0.16996	0.04661	0.01855	0.01231	0.00376	0.01069	0.01700	0.00782	0.01321
12	0.20940	0.08771	0.03386	0.02901	0.08911	0.10679	0.08879	0.03245	0.02356	0.03618	0.02441	0.09408	0.02299	0.01910	0.05259	0.00457	0.01430	0.01142	0.00656	0.01312
13	0.02317	0.05406	0.47449	0.03437	0.05022	0.02649	0.10905	0.03571	0.02418	0.03571	0.02058	0.02475	0.01468	0.01051	0.01108	0.00360	0.01698	0.00906	0.00489	0.01642
14	0.02178	0.03458	0.23383	0.23784	0.05408	0.02415	0.03161	0.03375	0.08031	0.03363	0.02748	0.08801	0.02316	0.01400	0.01138	0.00377	0.01406	0.01194	0.00622	0.01441
15	0.04578	0.02207	0.02707	0.02096	0.02925	0.02144	0.01725	0.18245	0.03759	0.36188	0.03865	0.03529	0.02538	0.01374	0.01101	0.00338	0.01004	0.01090	0.06742	0.01843
16	0.02008	0.01567	0.01786	0.01664	0.02060	0.01592	0.01261	0.07603	0.12075	0.04262	0.22932	0.15104	0.16954	0.02356	0.01289	0.00378	0.00698	0.02031	0.01140	0.01239
17	0.02492	0.01354	0.01772	0.01570	0.01979	0.01247	0.01203	0.02915	0.02861	0.17199	0.26523	0.06930	0.11413	0.07587	0.07336	0.00568	0.00954	0.01709	0.01148	0.01240
18	0.02159	0.01454	0.01829	0.01693	0.01940	0.01544	0.01238	0.07982	0.06899	0.03438	0.12160	0.04949	0.04086	0.10359	0.10985	0.22936	0.01235	0.01318	0.00807	0.00988
19	0.02151	0.01333	0.01466	0.01364	0.01701	0.01359	0.01042	0.06019	0.06610	0.04535	0.18624	0.05373	0.05212	0.01632	0.01003	0.00305	0.00605	0.01364	0.37133	0.01170
20	0.02589	0.03523	0.16516	0.02263	0.03380	0.09815	0.02217	0.03275	0.02471	0.03505	0.01967	0.02301	0.01570	0.00945	0.00924	0.00236	0.01233	0.00720	0.00603	0.39949
21	0.03201	0.02041	0.02737	0.02615	0.08628	0.02044	0.01862	0.04063	0.09828	0.19209	0.03255	0.03447	0.02442	0.02354	0.09389	0.00546	0.06532	0.01049	0.00925	0.13833
22	0.14041	0.03234	0.13805	0.08430	0.09117	0.02742	0.02586	0.17616	0.03293	0.10992	0.02456	0.02668	0.01750	0.01189	0.01044	0.00348	0.01269	0.00922	0.00831	0.01669
23	0.19525	0.02735	0.08835	0.09738	0.10332	0.02469	0.13270	0.03756	0.02484	0.12862	0.02405	0.02773	0.01733	0.01091	0.01059	0.00358	0.01335	0.00985	0.00728	0.01529
24	0.09031	0.01407	0.01737	0.01677	0.02008	0.01394	0.01272	0.02778	0.02274	0.13940	0.04343	0.14620	0.04364	0.18197	0.07131	0.00718	0.01130	0.09904	0.00949	0.01128
25	0.17243	0.01670	0.02017	0.12581	0.03147	0.01868	0.01618	0.06663	0.02379	0.03742	0.03752	0.25879	0.03992	0.02666	0.05369	0.00509	0.01103	0.01822	0.00832	0.01148
26	0.23806	0.09306	0.07260	0.02516	0.10099	0.02402	0.01893	0.03133	0.02315	0.04074	0.06910	0.02786	0.02387	0.01109	0.00887	0.00294	0.01004	0.00841	0.00679	0.16299

[dist]
# distance from previous block
# <min> <max>
12	59

[block]
# block no. 5 follows, 11 sequences, length 29
# corresponding to MSA columns:
# 798-826
name=unknown_F
#
# <colnr> <probs for GDERKNQSTAVLIFYWHMCP>
#	G	D	E	R	K	N	Q	S	T	A	V	L	I	F	Y	W	H	M	C	P
0	0.10437	0.23763	0.03986	0.07815	0.03363	0.03305	0.02031	0.07197	0.02547	0.12358	0.02189	0.02468	0.01704	0.01265	0.01367	0.00335	0.10832	0.00834	0.00720	0.01483
1	0.25783	0.02012	0.02868	0.12531	0.03792	0.02255	0.09834	0.02907	0.02073	0.03703	0.02183	0.02995	0.01812	0.03164	0.16734	0.00777	0.01777	0.00975	0.00612	0.01214
2	0.02884	0.01436	0.01918	0.01635	0.02127	0.01283	0.01283	0.03379	0.03199	0.23073	0.34756	0.06698	0.07694	0.01962	0.01254	0.00352	0.00690	0.01698	0.01297	0.01381
3	0.03141	0.04316	0.33878	0.02757	0.04080	0.02348	0.03173	0.04381	0.07631	0.18697	0.02999	0.02994	0.02034	0.01212	0.01096	0.00357	0.01375	0.00966	0.00816	0.01750
4	0.01518	0.01126	0.01430	0.01455	0.01643	0.01117	0.01038	0.01809	0.02224	0.02990	0.14062	0.15513	0.15325	0.15524	0.17168	0.00916	0.01346	0.01980	0.00888	0.00927
5	0.02739	0.04344	0.32217	0.04312	0.20862	0.02529	0.03649	0.03738	0.02531	0.09142	0.02317	0.02672	0.01694	0.01083	0.01091	0.00348	0.01477	0.00922	0.00603	0.01731
6	0.01825	0.01172	0.01485	0.01473	0.01757	0.01054	0.01078	0.02193	0.02742	0.08782	0.25113	0.24885	0.16763	0.02705	0.01343	0.00391	0.00621	0.02381	0.01156	0.01081
7	0.02742	0.03506	0.18518	0.04314	0.17776	0.02756	0.10603	0.03528	0.02410	0.07678	0.02181	0.02733	0.01693	0.01242	0.01661	0.00381	0.13064	0.01014	0.00593	0.01606
8	0.01371	0.00979	0.01306	0.01567	0.01632	0.00914	0.01045	0.01567	0.02155	0.02873	0.06203	0.59710	0.07444	0.03526	0.01437	0.00457	0.00653	0.03200	0.01045	0.00914
9	0.01814	0.01522	0.05914	0.01663	0.02012	0.01155	0.01341	0.02198	0.02510	0.07900	0.14892	0.34336	0.12775	0.02818	0.01345	0.00410	0.00733	0.02497	0.01064	0.01099
10	0.03918	0.26078	0.04211	0.02242	0.03132	0.08338	0.01965	0.18667	0.03510	0.14009	0.02498	0.02503	0.01853	0.01188	0.00957	0.00297	0.01243	0.00847	0.00872	0.01672
11	0.01697	0.01139	0.01513	0.01670	0.01789	0.01126	0.01253	0.01887	0.02107	0.02774	0.04853	0.19215	0.05454	0.18851	0.03019	0.08982	0.00970	0.19980	0.00874	0.00848
12	0.02358	0.01876	0.02335	0.11481	0.03277	0.02059	0.01742	0.10730	0.13483	0.04567	0.22251	0.09535	0.05883	0.01874	0.01230	0.00369	0.00897	0.01618	0.01059	0.01373
13	0.02805	0.02892	0.05351	0.03981	0.04775	0.03093	0.30488	0.09101	0.02727	0.03792	0.02109	0.02836	0.01670	0.01281	0.01957	0.00406	0.17437	0.01194	0.00617	0.01488
14	0.02024	0.01246	0.01643	0.01489	0.01830	0.01136	0.01136	0.02543	0.03190	0.10709	0.46797	0.07837	0.09643	0.02188	0.01303	0.00353	0.00584	0.01923	0.01258	0.01168
15	0.02126	0.02001	0.03376	0.57739	0.07752	0.02501	0.03126	0.02876	0.02251	0.02876	0.02001	0.03001	0.01500	0.01125	0.01125	0.00375	0.01500	0.01000	0.00500	0.01250
16	0.03009	0.61122	0.05898	0.01926	0.02889	0.04454	0.01926	0.03370	0.02287	0.02648	0.01565	0.01805	0.01444	0.00963	0.00722	0.00241	0.01204	0.00602	0.00481	0.01444
17	0.01703	0.01164	0.01536	0.01667	0.01891	0.01127	0.01331	0.02163	0.02641	0.03690	0.18561	0.19550	0.07351	0.02744	0.01374	0.00429	0.00760	0.20016	0.09279	0.01021
18	0.02100	0.01672	0.01840	0.01731	0.02057	0.01837	0.01240	0.03521	0.22911	0.03380	0.04654	0.06036	0.08175	0.24770	0.08505	0.00797	0.01154	0.01506	0.00904	0.01207
19	0.57364	0.02724	0.01918	0.01724	0.02401	0.11702	0.01383	0.03512	0.02134	0.04655	0.01597	0.01863	0.01259	0.01065	0.00751	0.00338	0.01070	0.00629	0.00676	0.01234
20	0.03116	0.45733	0.05105	0.02055	0.02960	0.04093	0.01927	0.08838	0.10184	0.03452	0.02154	0.02273	0.01803	0.01092	0.00832	0.00273	0.01159	0.00750	0.00654	0.01548
21	0.68395	0.02177	0.01654	0.01480	0.02177	0.02525	0.01219	0.03309	0.01915	0.05050	0.01567	0.01828	0.01219	0.01045	0.00697	0.00348	0.00871	0.00609	0.00697	0.01219
22	0.08235	0.03119	0.16332	0.02882	0.09488	0.02363	0.02458	0.08065	0.11269	0.08364	0.12138	0.03960	0.03660	0.01418	0.01115	0.00355	0.01119	0.01174	0.00893	0.01592
23	0.01752	0.01349	0.01628	0.01557	0.01875	0.01334	0.01165	0.02679	0.11300	0.04232	0.35630	0.13519	0.12931	0.02353	0.01308	0.00372	0.00610	0.02063	0.01184	0.01159
24	0.01931	0.01600	0.02089	0.02419	0.10692	0.01585	0.01507	0.02796	0.10244	0.03885	0.23569	0.07230	0.16619	0.06958	0.01633	0.00422	0.00780	0.01781	0.01019	0.01241
25	0.02786	0.02674	0.04568	0.06908	0.53424	0.02674	0.03454	0.03454	0.02563	0.03677	0.02117	0.02786	0.01783	0.01003	0.01114	0.00334	0.01337	0.01003	0.00557	0.01783
26	0.02631	0.02319	0.03133	0.26615	0.09029	0.02718	0.02523	0.08100	0.22476	0.04036	0.03116	0.03445	0.02343	0.01298	0.01133	0.00371	0.01218	0.01112	0.00819	0.01563
27	0.01843	0.01661	0.02536	0.35356	0.05304	0.01900	0.02252	0.02440	0.02453	0.03125	0.10889	0.05800	0.16606	0.01740	0.01206	0.00374	0.01127	0.01503	0.00740	0.01145
28	0.02172	0.02267	0.11631	0.02065	0.02645	0.01681	0.01888	0.03195	0.10952	0.07922	0.12140	0.21796	0.05628	0.02313	0.01289	0.00407	0.00931	0.06741	0.01014	0.01323

[dist]
# distance from previous block
# <min> <max>
0	2

[block]
# block no. 6 follows, 11 sequences, length 28
# corresponding to MSA columns:
# 829-856
name=unknown_G
#
# <colnr> <probs for GDERKNQSTAVLIFYWHMCP>
#	G	D	E	R	K	N	Q	S	T	A	V	L	I	F	Y	W	H	M	C	P
0	0.02188	0.02112	0.03628	0.34262	0.14971	0.02343	0.07978	0.02877	0.02399	0.03127	0.03433	0.04116	0.09135	0.01337	0.01176	0.00369	0.01378	0.01239	0.00598	0.01333
1	0.02513	0.18977	0.20783	0.03306	0.10897	0.02908	0.08000	0.03286	0.02389	0.03298	0.02264	0.06784	0.01998	0.01188	0.01021	0.00317	0.01373	0.01019	0.00559	0.07118
2	0.56280	0.02144	0.01779	0.01514	0.02267	0.02337	0.01240	0.03222	0.01992	0.04796	0.01647	0.01921	0.01301	0.01006	0.00722	0.00315	0.00864	0.00620	0.00691	0.13342
3	0.02952	0.03438	0.19638	0.15617	0.04721	0.02579	0.02883	0.15441	0.03171	0.09219	0.02782	0.07570	0.02210	0.01394	0.01134	0.00364	0.01360	0.01147	0.00788	0.01593
4	0.56363	0.02268	0.02189	0.02476	0.11575	0.02552	0.01629	0.03335	0.02034	0.04798	0.01668	0.02004	0.01322	0.01037	0.00773	0.00346	0.00956	0.00682	0.00671	0.01322
5	0.02577	0.08892	0.26842	0.02749	0.03910	0.02644	0.06786	0.11689	0.03032	0.04200	0.08522	0.03795	0.06724	0.01382	0.01122	0.00347	0.01352	0.01145	0.00734	0.01554
6	0.01637	0.01091	0.01228	0.01228	0.01228	0.01091	0.00682	0.01637	0.01637	0.02182	0.03546	0.07365	0.04092	0.60445	0.05729	0.01091	0.01091	0.01637	0.00682	0.00682
7	0.02334	0.02001	0.02334	0.01667	0.02667	0.01500	0.01334	0.02834	0.02334	0.03668	0.02001	0.02334	0.01667	0.00834	0.00834	0.00167	0.00834	0.00667	0.00667	0.67325
8	0.03124	0.02389	0.02303	0.02023	0.02555	0.11628	0.01586	0.10944	0.03376	0.13380	0.16539	0.09719	0.08830	0.01957	0.01225	0.00359	0.01047	0.04550	0.01085	0.01382
9	0.03009	0.61122	0.05898	0.01926	0.02889	0.04454	0.01926	0.03370	0.02287	0.02648	0.01565	0.01805	0.01444	0.00963	0.00722	0.00241	0.01204	0.00602	0.00481	0.01444
10	0.02498	0.01435	0.01476	0.01332	0.01711	0.01497	0.01035	0.11251	0.02898	0.04727	0.03494	0.03922	0.02707	0.01319	0.00849	0.00276	0.00655	0.01042	0.54669	0.01208
11	0.02334	0.02001	0.02334	0.01667	0.02667	0.01500	0.01334	0.02834	0.02334	0.03668	0.02001	0.02334	0.01667	0.00834	0.00834	0.00167	0.00834	0.00667	0.00667	0.67325
12	0.01567	0.01126	0.01500	0.01567	0.01775	0.01059	0.01181	0.02002	0.02798	0.03864	0.32006	0.23526	0.09045	0.02778	0.01396	0.00410	0.00649	0.09584	0.01151	0.01016
13	0.02703	0.04388	0.24427	0.03375	0.04344	0.11654	0.11688	0.03509	0.02397	0.03222	0.01884	0.02462	0.01494	0.01289	0.01770	0.00384	0.16081	0.00944	0.00514	0.01469
14	0.03009	0.61122	0.05898	0.01926	0.02889	0.04454	0.01926	0.03370	0.02287	0.02648	0.01565	0.01805	0.01444	0.00963	0.00722	0.00241	0.01204	0.00602	0.00481	0.01444
15	0.02880	0.02032	0.02131	0.01848	0.02395	0.02244	0.01457	0.15613	0.19299	0.05097	0.03727	0.03820	0.02822	0.01393	0.00991	0.00321	0.00826	0.01114	0.28480	0.01509
16	0.02655	0.01870	0.02699	0.10750	0.12514	0.01938	0.02120	0.03577	0.09818	0.12107	0.08240	0.11624	0.04305	0.01900	0.01250	0.00395	0.01037	0.08787	0.00966	0.01449
17	0.01613	0.01139	0.01420	0.01349	0.01627	0.01048	0.01012	0.02116	0.03036	0.04319	0.43425	0.08264	0.14561	0.02265	0.01275	0.00348	0.00535	0.01977	0.07621	0.01048
18	0.02289	0.02061	0.03347	0.28273	0.05321	0.02429	0.07672	0.07304	0.02443	0.03290	0.02318	0.03295	0.01895	0.03042	0.15222	0.00743	0.06092	0.01089	0.00594	0.01281
19	0.01896	0.01209	0.01532	0.01452	0.01777	0.01086	0.01087	0.02324	0.02928	0.09520	0.33179	0.15700	0.17061	0.02477	0.01322	0.00373	0.00603	0.02165	0.01193	0.01115
20	0.02795	0.02589	0.03435	0.02888	0.03053	0.03455	0.02403	0.11321	0.02378	0.03513	0.01702	0.02506	0.01558	0.01856	0.03223	0.00464	0.47905	0.00990	0.00609	0.01356
21	0.02130	0.01913	0.01871	0.01818	0.02014	0.11274	0.01310	0.02307	0.01979	0.02453	0.02803	0.04645	0.02804	0.20263	0.26980	0.08602	0.02103	0.01206	0.00607	0.00918
22	0.02428	0.01872	0.02759	0.20926	0.11148	0.02012	0.02211	0.07349	0.02758	0.07899	0.07959	0.14507	0.07842	0.01833	0.01215	0.00377	0.01094	0.01616	0.00850	0.01344
23	0.02429	0.01450	0.02063	0.11901	0.03054	0.01434	0.01570	0.02923	0.02852	0.15080	0.24977	0.14846	0.06668	0.02084	0.01265	0.00374	0.00825	0.01835	0.01106	0.01263
24	0.03108	0.02250	0.03259	0.31115	0.08921	0.02541	0.02622	0.11323	0.06372	0.13166	0.02751	0.03173	0.01958	0.01231	0.01127	0.00362	0.01304	0.01046	0.00816	0.01555
25	0.03220	0.02107	0.02586	0.08204	0.03303	0.02142	0.01780	0.12389	0.11225	0.15849	0.08373	0.07710	0.03517	0.01533	0.01129	0.00336	0.00977	0.01283	0.01058	0.11281
26	0.03331	0.02136	0.06740	0.02398	0.03138	0.01752	0.10169	0.03884	0.02716	0.24611	0.03964	0.08498	0.03223	0.06572	0.01572	0.00430	0.01132	0.04779	0.07455	0.01499
27	0.28593	0.02255	0.02616	0.07019	0.12236	0.02422	0.01917	0.03880	0.10367	0.08608	0.02484	0.02705	0.01886	0.01132	0.00931	0.00336	0.01012	0.00871	0.00786	0.07944

[dist]
# distance from previous block
# <min> <max>
12	71

[block]
# block no. 7 follows, 11 sequences, length 17
# corresponding to MSA columns:
# 939-955
name=unknown_H
#
# <colnr> <probs for GDERKNQSTAVLIFYWHMCP>
#	G	D	E	R	K	N	Q	S	T	A	V	L	I	F	Y	W	H	M	C	P
0	0.02835	0.08241	0.09049	0.03114	0.07026	0.02288	0.16547	0.03480	0.02646	0.13490	0.04303	0.08717	0.10103	0.01549	0.01200	0.00361	0.01282	0.01457	0.00826	0.01488
1	0.26964	0.02593	0.08198	0.02231	0.03098	0.02331	0.07370	0.08278	0.02710	0.15638	0.02646	0.02786	0.01873	0.01168	0.00957	0.00343	0.01098	0.00915	0.07296	0.01506
2	0.03619	0.03073	0.15138	0.09723	0.12071	0.02319	0.02744	0.08720	0.03007	0.23704	0.03049	0.03118	0.02073	0.01220	0.01113	0.00350	0.01274	0.01015	0.00915	0.01757
3	0.02436	0.10960	0.02874	0.01706	0.02701	0.01948	0.01423	0.02915	0.02327	0.03513	0.01934	0.02254	0.01633	0.00853	0.00817	0.00178	0.00890	0.00657	0.00639	0.57341
4	0.01467	0.01041	0.01257	0.01388	0.01466	0.00985	0.00885	0.01599	0.02008	0.02632	0.05815	0.34154	0.11567	0.24944	0.03045	0.00687	0.00809	0.02512	0.00908	0.00831
5	0.02590	0.04243	0.29526	0.03297	0.04569	0.02638	0.14515	0.10409	0.02972	0.04210	0.07592	0.03228	0.02547	0.01214	0.01168	0.00359	0.01535	0.01108	0.00678	0.01602
6	0.02000	0.01179	0.01375	0.01310	0.01403	0.01151	0.00785	0.02046	0.01805	0.07717	0.03641	0.06989	0.03953	0.54162	0.05240	0.01012	0.01077	0.01583	0.00758	0.00813
7	0.02665	0.25856	0.07857	0.17998	0.04619	0.07551	0.06219	0.03254	0.02415	0.02928	0.02215	0.03352	0.01969	0.01239	0.01012	0.00328	0.01424	0.05185	0.00555	0.01359
8	0.02146	0.01759	0.01978	0.01959	0.02334	0.01936	0.01444	0.03960	0.28849	0.03868	0.05324	0.29613	0.05271	0.02442	0.01279	0.00416	0.00782	0.02155	0.01099	0.01384
9	0.58795	0.02137	0.01799	0.01559	0.02282	0.02393	0.01285	0.03638	0.02113	0.12499	0.02003	0.02132	0.01456	0.01098	0.00763	0.00348	0.00884	0.00689	0.00802	0.01324
10	0.02544	0.01655	0.01886	0.01778	0.02198	0.01739	0.01470	0.14217	0.03167	0.04636	0.04204	0.06699	0.03858	0.01929	0.01131	0.00368	0.00875	0.16189	0.28196	0.01260
11	0.55558	0.06959	0.02114	0.01578	0.02317	0.02579	0.01328	0.03571	0.02100	0.10672	0.01907	0.02064	0.01423	0.01079	0.00750	0.00339	0.00908	0.00671	0.00761	0.01320
12	0.02997	0.04263	0.32518	0.02753	0.04034	0.02434	0.03120	0.04478	0.12296	0.15243	0.03076	0.03067	0.02132	0.01233	0.01099	0.00360	0.01350	0.00987	0.00816	0.01744
13	0.01593	0.01142	0.01539	0.01671	0.01871	0.01089	0.01294	0.02014	0.02673	0.03634	0.23328	0.25956	0.08311	0.02943	0.01434	0.00438	0.00729	0.16221	0.01114	0.01007
14	0.02334	0.02001	0.02334	0.01667	0.02667	0.01500	0.01334	0.02834	0.02334	0.03668	0.02001	0.02334	0.01667	0.00834	0.00834	0.00167	0.00834	0.00667	0.00667	0.67325
15	0.02589	0.17107	0.31337	0.11166	0.04745	0.08198	0.03328	0.03509	0.02417	0.03184	0.01892	0.02314	0.01443	0.01064	0.00998	0.00328	0.01575	0.00797	0.00491	0.01519
16	0.17919	0.02058	0.02472	0.01938	0.02775	0.01964	0.01600	0.08219	0.03104	0.40786	0.03729	0.03341	0.02404	0.01319	0.01043	0.00348	0.00960	0.01017	0.01232	0.01773

[dist]
# distance from previous block
# <min> <max>
2	74

[block]
# block no. 8 follows, 11 sequences, length 50
# corresponding to MSA columns:
# 1032-1081
name=unknown_I
#
# <colnr> <probs for GDERKNQSTAVLIFYWHMCP>
#	G	D	E	R	K	N	Q	S	T	A	V	L	I	F	Y	W	H	M	C	P
0	0.02862	0.02492	0.08331	0.06534	0.03631	0.02211	0.08195	0.07665	0.12702	0.12378	0.08768	0.05160	0.07322	0.01637	0.01219	0.00377	0.01139	0.04851	0.00986	0.01540
1	0.01869	0.01200	0.01566	0.01531	0.01823	0.01099	0.01158	0.02306	0.02894	0.08608	0.32327	0.18358	0.12297	0.02560	0.01349	0.00389	0.00638	0.05743	0.01184	0.01102
2	0.02419	0.04742	0.36877	0.03439	0.04849	0.02691	0.14161	0.03889	0.08828	0.03723	0.02412	0.02764	0.01752	0.01101	0.01138	0.00365	0.01616	0.01002	0.00584	0.01646
3	0.01715	0.01063	0.01286	0.01286	0.01286	0.01063	0.00755	0.01595	0.01595	0.02126	0.03154	0.06393	0.03565	0.46501	0.05401	0.17409	0.01063	0.01474	0.00634	0.00634
4	0.02235	0.13604	0.37773	0.02672	0.03994	0.02620	0.03254	0.03237	0.02447	0.03453	0.07006	0.03557	0.06890	0.01317	0.01061	0.00340	0.01399	0.01036	0.00591	0.01515
5	0.01922	0.01183	0.01516	0.01432	0.01727	0.01094	0.01073	0.02409	0.02975	0.08411	0.37609	0.12776	0.08636	0.02223	0.01252	0.00352	0.00578	0.01952	0.09762	0.01116
6	0.02315	0.04054	0.29871	0.02885	0.04049	0.02438	0.07814	0.03880	0.13390	0.03970	0.10511	0.03786	0.03329	0.01350	0.01153	0.00364	0.01340	0.01168	0.00752	0.01581
7	0.01371	0.00979	0.01306	0.01567	0.01632	0.00914	0.01045	0.01567	0.02155	0.02873	0.06203	0.59710	0.07444	0.03526	0.01437	0.00457	0.00653	0.03200	0.01045	0.00914
8	0.01774	0.02014	0.09801	0.01784	0.02304	0.01488	0.01599	0.02677	0.09077	0.03885	0.24324	0.15254	0.15050	0.02292	0.01281	0.00378	0.00779	0.01987	0.01045	0.01207
9	0.11891	0.27851	0.04243	0.02200	0.03002	0.03774	0.01963	0.18617	0.03172	0.04439	0.01932	0.02177	0.01574	0.01212	0.01177	0.00314	0.07409	0.00781	0.00724	0.01547
10	0.01637	0.01091	0.01228	0.01228	0.01228	0.01091	0.00682	0.01637	0.01637	0.02182	0.03546	0.07365	0.04092	0.60445	0.05729	0.01091	0.01091	0.01637	0.00682	0.00682
11	0.02805	0.46116	0.19117	0.02274	0.03427	0.03954	0.02532	0.03423	0.02311	0.02897	0.01688	0.01960	0.01439	0.00992	0.00816	0.00272	0.01328	0.00664	0.00480	0.01504
12	0.03054	0.02191	0.03562	0.28012	0.20907	0.02346	0.02866	0.03701	0.02588	0.15787	0.02639	0.03138	0.01906	0.01153	0.01123	0.00356	0.01315	0.01034	0.00738	0.01582
13	0.02980	0.14540	0.11890	0.02295	0.03299	0.02380	0.06878	0.03587	0.02597	0.14892	0.03726	0.03756	0.08528	0.01300	0.01033	0.00304	0.01147	0.01078	0.00803	0.12987
14	0.13549	0.01753	0.02304	0.01855	0.02479	0.01624	0.06425	0.02675	0.02688	0.04291	0.25318	0.05114	0.05708	0.01557	0.01091	0.00308	0.00817	0.01358	0.00924	0.18161
15	0.03404	0.04057	0.02825	0.02575	0.03053	0.36317	0.01963	0.03932	0.06769	0.02928	0.03103	0.03400	0.07343	0.02042	0.05786	0.00450	0.07097	0.01013	0.00670	0.01273
16	0.02052	0.01608	0.05964	0.07996	0.02757	0.01414	0.05352	0.01946	0.01714	0.02306	0.01991	0.03268	0.01847	0.03160	0.03551	0.49681	0.01159	0.00998	0.00496	0.00741
17	0.02230	0.02570	0.09117	0.02967	0.03404	0.02669	0.10520	0.02759	0.01982	0.02931	0.02115	0.03113	0.01894	0.03543	0.17937	0.00834	0.26525	0.01091	0.00536	0.01264
18	0.03638	0.09085	0.03821	0.07817	0.12121	0.07061	0.05996	0.10274	0.07629	0.16938	0.02931	0.03044	0.02118	0.01211	0.01090	0.00336	0.01285	0.01022	0.00891	0.01693
19	0.02998	0.09315	0.02522	0.01888	0.02418	0.01864	0.01520	0.03653	0.07939	0.19999	0.04816	0.22854	0.04591	0.02229	0.01224	0.00391	0.00891	0.06372	0.01096	0.01420
20	0.03892	0.12074	0.08196	0.02391	0.03336	0.03112	0.02153	0.24526	0.09167	0.15391	0.03021	0.02926	0.02140	0.01293	0.01061	0.00331	0.01177	0.00985	0.01023	0.01804
21	0.12356	0.01514	0.01720	0.01623	0.01994	0.01552	0.01229	0.02963	0.07844	0.09102	0.17974	0.10925	0.05808	0.12145	0.01981	0.00507	0.00820	0.05739	0.01030	0.01172
22	0.03965	0.09178	0.12167	0.02344	0.03354	0.06539	0.02214	0.11811	0.03245	0.24821	0.03056	0.02939	0.02086	0.01227	0.01047	0.00319	0.01224	0.00941	0.00981	0.06540
23	0.10143	0.28025	0.12847	0.02046	0.02997	0.03045	0.02083	0.03564	0.02525	0.11330	0.08773	0.03083	0.02821	0.01232	0.00923	0.00304	0.01122	0.00912	0.00744	0.01481
24	0.02189	0.01817	0.02865	0.18961	0.16860	0.01959	0.02473	0.02812	0.02457	0.03416	0.03552	0.06294	0.03392	0.01771	0.01220	0.00397	0.01178	0.15776	0.09318	0.01290
25	0.01410	0.01029	0.01318	0.01500	0.01611	0.00975	0.01016	0.01616	0.02132	0.02810	0.06374	0.43972	0.12688	0.09129	0.06264	0.00616	0.00875	0.02785	0.00975	0.00905
26	0.02845	0.07954	0.15154	0.08390	0.14380	0.02606	0.02742	0.07498	0.08085	0.09041	0.03458	0.03634	0.06699	0.01323	0.01099	0.00346	0.01248	0.01102	0.00769	0.01626
27	0.02122	0.10731	0.20018	0.12140	0.04052	0.02435	0.02668	0.02843	0.02339	0.03238	0.08185	0.13075	0.03498	0.01701	0.01338	0.00373	0.05860	0.01388	0.00664	0.01331
28	0.13100	0.01995	0.02481	0.01961	0.02787	0.01872	0.01609	0.05247	0.07445	0.43282	0.04079	0.03604	0.02641	0.01360	0.01076	0.00351	0.00940	0.01077	0.01280	0.01812
29	0.07393	0.03534	0.23161	0.07145	0.03900	0.02438	0.02777	0.08274	0.02617	0.07898	0.02850	0.11461	0.02521	0.01604	0.01386	0.00384	0.07187	0.01257	0.00729	0.01484
30	0.02925	0.09784	0.03648	0.12691	0.21539	0.02409	0.02463	0.03455	0.02572	0.13125	0.03510	0.08012	0.06243	0.01434	0.01110	0.00345	0.01160	0.01254	0.00776	0.01546
31	0.07542	0.01113	0.01329	0.01482	0.01647	0.01074	0.01024	0.01722	0.02122	0.02998	0.06125	0.40694	0.13353	0.03237	0.01676	0.07721	0.00695	0.02593	0.00952	0.00901
32	0.02786	0.02674	0.04568	0.06908	0.53424	0.02674	0.03454	0.03454	0.02563	0.03677	0.02117	0.02786	0.01783	0.01003	0.01114	0.00334	0.01337	0.01003	0.00557	0.01783
33	0.03022	0.20823	0.19886	0.02885	0.08164	0.03168	0.02729	0.07746	0.09071	0.08448	0.02509	0.02645	0.01892	0.01145	0.00991	0.00321	0.01297	0.00880	0.00710	0.01669
34	0.02594	0.11461	0.21981	0.04248	0.13450	0.02949	0.20278	0.03535	0.02500	0.03480	0.02072	0.02615	0.01594	0.01000	0.01127	0.00346	0.01632	0.01013	0.00525	0.01602
35	0.50294	0.02102	0.01928	0.01629	0.02376	0.02276	0.01343	0.03931	0.02289	0.19095	0.02388	0.02401	0.01667	0.01144	0.00821	0.00348	0.00896	0.00759	0.00896	0.01418
36	0.04204	0.05364	0.03190	0.02900	0.03480	0.55926	0.02175	0.04494	0.03190	0.02755	0.01740	0.02030	0.01450	0.01160	0.01015	0.00290	0.02030	0.00725	0.00580	0.01305
37	0.03623	0.07978	0.11295	0.02228	0.03104	0.02087	0.02130	0.04411	0.06385	0.27842	0.04075	0.05114	0.03186	0.01636	0.01165	0.00374	0.01106	0.09535	0.01072	0.01654
38	0.01367	0.00996	0.01289	0.01523	0.01621	0.00918	0.01025	0.01572	0.02197	0.02890	0.06740	0.54664	0.12143	0.03456	0.01426	0.00449	0.00644	0.03115	0.01045	0.00918
39	0.01591	0.01072	0.01241	0.01287	0.01298	0.01060	0.00745	0.01625	0.01727	0.02302	0.04008	0.16468	0.04675	0.50547	0.04982	0.00981	0.01015	0.01909	0.00745	0.00722
40	0.02996	0.02355	0.03897	0.20167	0.31954	0.02449	0.03050	0.03647	0.02591	0.12241	0.02489	0.03027	0.01879	0.01105	0.01120	0.00348	0.01316	0.01025	0.00687	0.01658
41	0.08466	0.02741	0.03371	0.14293	0.11928	0.09519	0.06145	0.04316	0.15227	0.08467	0.02865	0.03134	0.02151	0.01219	0.01096	0.00355	0.01316	0.01042	0.00791	0.01558
42	0.49852	0.02909	0.11890	0.02310	0.07447	0.02556	0.01980	0.03370	0.02062	0.04643	0.01703	0.02020	0.01310	0.01046	0.00806	0.00349	0.01063	0.00688	0.00642	0.01355
43	0.02375	0.07461	0.03516	0.03737	0.19448	0.02240	0.06039	0.03130	0.06257	0.03593	0.07213	0.10723	0.03788	0.01670	0.01179	0.00355	0.01107	0.07145	0.00777	0.08247
44	0.02051	0.01363	0.01753	0.01759	0.02024	0.01419	0.01285	0.02767	0.09703	0.08335	0.04761	0.27402	0.04918	0.08590	0.15515	0.00825	0.01353	0.02065	0.00956	0.01156
45	0.08944	0.02774	0.11416	0.07703	0.17325	0.02254	0.07417	0.03545	0.02575	0.12424	0.03673	0.03905	0.08492	0.01329	0.01123	0.00355	0.01248	0.01174	0.00763	0.01560
46	0.01552	0.01673	0.08393	0.01848	0.02159	0.01273	0.01551	0.01950	0.02088	0.02891	0.04773	0.36889	0.05374	0.04571	0.16532	0.00819	0.01440	0.02338	0.00848	0.01037
47	0.04970	0.02043	0.02691	0.02063	0.02937	0.01844	0.01704	0.10046	0.03435	0.49340	0.04261	0.03714	0.02696	0.01389	0.01131	0.00347	0.00987	0.01120	0.01365	0.01915
48	0.02099	0.01941	0.03236	0.44874	0.11936	0.02313	0.02890	0.02768	0.02272	0.02963	0.02561	0.10368	0.02306	0.01425	0.01165	0.00381	0.01372	0.01287	0.00577	0.01265
49	0.04162	0.02625	0.09848	0.07514	0.03873	0.02105	0.06009	0.08498	0.03148	0.34937	0.03584	0.03408	0.02332	0.01287	0.01138	0.00353	0.01198	0.01087	0.01103	0.01790

[dist]
# distance from previous block
# <min> <max>
0	2

[block]
# block no. 9 follows, 11 sequences, length 7
# corresponding to MSA columns:
# 1084-1090
name=unknown_J
#
# <colnr> <probs for GDERKNQSTAVLIFYWHMCP>
#	G	D	E	R	K	N	Q	S	T	A	V	L	I	F	Y	W	H	M	C	P
0	0.02650	0.02536	0.04324	0.17328	0.44061	0.02639	0.03387	0.03336	0.02499	0.03513	0.02093	0.02830	0.01725	0.01028	0.01117	0.00343	0.01371	0.01002	0.00545	0.01674
1	0.01654	0.01175	0.01763	0.01763	0.01937	0.01349	0.01349	0.01937	0.01763	0.02525	0.02873	0.04288	0.02699	0.07834	0.49076	0.10574	0.02742	0.01175	0.00588	0.00936
2	0.07580	0.04396	0.35534	0.02876	0.04181	0.02343	0.06469	0.03626	0.02454	0.10400	0.02702	0.07706	0.02151	0.01322	0.01100	0.00365	0.01435	0.01102	0.00672	0.01586
3	0.02708	0.02408	0.03756	0.19986	0.28056	0.02590	0.02931	0.10100	0.02946	0.04047	0.07128	0.03383	0.02587	0.01216	0.01140	0.00348	0.01289	0.01105	0.00693	0.01583
4	0.03375	0.01698	0.02166	0.01877	0.02450	0.01618	0.01463	0.04266	0.11596	0.27386	0.12091	0.16038	0.05033	0.01991	0.01226	0.00377	0.00819	0.01716	0.01254	0.01558
5	0.02451	0.01703	0.02511	0.02206	0.02596	0.01731	0.06803	0.06841	0.02685	0.11142	0.08113	0.30523	0.05253	0.02480	0.01564	0.00417	0.06524	0.02182	0.01011	0.01264
6	0.02517	0.02498	0.04320	0.19896	0.23332	0.02809	0.10049	0.03165	0.02319	0.03247	0.01979	0.02817	0.01631	0.01226	0.01674	0.00385	0.13077	0.01047	0.00530	0.01483

[dist]
# distance from previous block
# <min> <max>
0	21

[block]
# block no. 10 follows, 11 sequences, length 41
# corresponding to MSA columns:
# 1112-1152
name=unknown_K
#
# <colnr> <probs for GDERKNQSTAVLIFYWHMCP>
#	G	D	E	R	K	N	Q	S	T	A	V	L	I	F	Y	W	H	M	C	P
0	0.02116	0.01949	0.07996	0.01905	0.02258	0.01687	0.01616	0.02518	0.02370	0.07873	0.17240	0.11381	0.05411	0.16147	0.02747	0.00565	0.10541	0.01663	0.00885	0.01131
1	0.03721	0.08167	0.17272	0.02343	0.03458	0.02306	0.02375	0.08473	0.02993	0.25712	0.03087	0.02981	0.02088	0.01198	0.01045	0.00319	0.01184	0.00939	0.00954	0.09384
2	0.03349	0.01965	0.03056	0.34419	0.05711	0.02147	0.02510	0.03967	0.02657	0.24351	0.03021	0.03348	0.02038	0.01237	0.01128	0.00364	0.01273	0.01055	0.00874	0.01529
3	0.02739	0.01424	0.01836	0.01624	0.02120	0.01264	0.01297	0.03183	0.03003	0.21047	0.22558	0.07808	0.16653	0.02192	0.01285	0.00375	0.00737	0.06298	0.01229	0.01327
4	0.03000	0.14747	0.12318	0.07310	0.03606	0.02834	0.02307	0.14885	0.03192	0.08366	0.08267	0.03392	0.02854	0.01926	0.05769	0.00454	0.01376	0.01042	0.00816	0.01539
5	0.16209	0.07108	0.02845	0.12105	0.03638	0.02315	0.01875	0.04455	0.06920	0.26716	0.03213	0.03156	0.02194	0.01253	0.01014	0.00347	0.01056	0.00975	0.00997	0.01609
6	0.01915	0.12871	0.02414	0.01763	0.02082	0.01865	0.01398	0.02402	0.05523	0.02943	0.04557	0.25649	0.05030	0.09153	0.07184	0.00620	0.01123	0.09566	0.00859	0.01083
7	0.02548	0.02395	0.04025	0.16647	0.39480	0.02496	0.03137	0.03173	0.02416	0.03380	0.02223	0.03244	0.01935	0.06415	0.01535	0.00411	0.01348	0.01060	0.00557	0.01576
8	0.02490	0.01866	0.02085	0.11071	0.03031	0.07720	0.01580	0.02959	0.02804	0.11010	0.18690	0.11209	0.09590	0.01928	0.01194	0.00354	0.00945	0.01642	0.06610	0.01221
9	0.04026	0.08832	0.03307	0.02669	0.07399	0.08829	0.02001	0.12546	0.11730	0.22021	0.03359	0.03194	0.02370	0.01304	0.01076	0.00333	0.01176	0.01023	0.01044	0.01761
10	0.01831	0.01195	0.01404	0.01392	0.01654	0.01181	0.01027	0.02529	0.06865	0.04139	0.23851	0.15464	0.06813	0.02108	0.01146	0.00343	0.00581	0.01834	0.23550	0.01094
