[name]
unknown

[dist]
# distance from previous block
# <min> <max>
0	33

[block]
# block no. 0 follows, 12 sequences, length 61
# corresponding to MSA columns:
# 43-103
name=unknown_A
#
# <colnr> <probs for GDERKNQSTAVLIFYWHMCP>
#	G	D	E	R	K	N	Q	S	T	A	V	L	I	F	Y	W	H	M	C	P
0	0.01644	0.01296	0.01919	0.01869	0.02043	0.01570	0.01470	0.02018	0.01744	0.02541	0.02765	0.04085	0.02590	0.07521	0.51727	0.01619	0.08865	0.01146	0.00573	0.00996
1	0.01468	0.01050	0.01268	0.01312	0.01444	0.00987	0.00871	0.01688	0.02228	0.02988	0.18377	0.21922	0.13186	0.23104	0.02784	0.00619	0.00737	0.02178	0.00940	0.00850
2	0.01319	0.01081	0.01164	0.01196	0.01505	0.00925	0.00877	0.01604	0.02479	0.03056	0.14370	0.18313	0.42700	0.02815	0.01305	0.00378	0.00561	0.02397	0.01030	0.00925
3	0.02564	0.01650	0.01988	0.01775	0.02232	0.01673	0.01366	0.07919	0.13461	0.13091	0.22627	0.14751	0.06254	0.02034	0.01216	0.00363	0.00741	0.01763	0.01165	0.01368
4	0.02266	0.02239	0.03397	0.02857	0.03006	0.02946	0.07296	0.02601	0.01778	0.02699	0.01763	0.02763	0.01673	0.02860	0.12389	0.00680	0.44074	0.01025	0.00503	0.01185
5	0.04088	0.04761	0.03127	0.02748	0.03373	0.46346	0.02100	0.13882	0.03504	0.03523	0.01875	0.02099	0.01496	0.01161	0.01005	0.00290	0.01811	0.00759	0.00669	0.01384
6	0.01598	0.01285	0.01867	0.01630	0.01985	0.01173	0.05684	0.02111	0.02939	0.04054	0.42248	0.08045	0.16785	0.02194	0.01287	0.00349	0.00645	0.01962	0.01108	0.01052
7	0.04350	0.02477	0.03219	0.02436	0.03316	0.02482	0.06440	0.25050	0.03939	0.29599	0.03375	0.03165	0.02235	0.01291	0.01112	0.00336	0.01131	0.01065	0.01162	0.01819
8	0.02835	0.02634	0.04317	0.06299	0.50040	0.02665	0.03227	0.07847	0.02731	0.03873	0.02104	0.02691	0.01739	0.01003	0.01081	0.00324	0.01286	0.00972	0.00592	0.01739
9	0.02491	0.02379	0.04051	0.23687	0.39506	0.02536	0.03243	0.03164	0.02385	0.03310	0.02014	0.02766	0.01638	0.01010	0.01083	0.00337	0.01347	0.00971	0.00522	0.01560
10	0.02385	0.02385	0.03340	0.02863	0.02863	0.03340	0.02385	0.02624	0.01670	0.02624	0.01431	0.02385	0.01431	0.01908	0.03578	0.00477	0.59685	0.00954	0.00477	0.01193
11	0.04073	0.05197	0.03090	0.02809	0.03371	0.57303	0.02107	0.04354	0.03090	0.02669	0.01685	0.01966	0.01404	0.01124	0.00983	0.00281	0.01966	0.00702	0.00562	0.01264
12	0.01380	0.01081	0.01249	0.01263	0.01543	0.00950	0.00926	0.01720	0.02617	0.03390	0.24496	0.18284	0.31822	0.02696	0.01305	0.00373	0.00553	0.02328	0.01075	0.00950
13	0.69383	0.02109	0.01603	0.01434	0.02109	0.02446	0.01181	0.03205	0.01856	0.04892	0.01518	0.01771	0.01181	0.01012	0.00675	0.00337	0.00843	0.00590	0.00675	0.01181
14	0.02621	0.02238	0.02398	0.02199	0.02780	0.02573	0.01729	0.05457	0.48101	0.04437	0.04565	0.04853	0.03610	0.01626	0.01147	0.00382	0.00876	0.05650	0.01099	0.01657
15	0.01379	0.01089	0.01257	0.01366	0.01635	0.00968	0.01034	0.01671	0.02385	0.02957	0.08833	0.23998	0.33908	0.02975	0.01353	0.00410	0.00650	0.10194	0.01011	0.00926
16	0.03464	0.01657	0.02126	0.01775	0.02370	0.01547	0.01444	0.08368	0.03158	0.28987	0.15526	0.05467	0.04688	0.01695	0.01143	0.00345	0.00823	0.05706	0.08210	0.01499
17	0.02059	0.01938	0.03270	0.59060	0.07510	0.02422	0.03028	0.02786	0.02180	0.02786	0.01938	0.02907	0.01453	0.01090	0.01090	0.00363	0.01453	0.00969	0.00484	0.01211
18	0.02926	0.02110	0.01959	0.01684	0.02170	0.07672	0.01325	0.18405	0.03285	0.04822	0.03059	0.03379	0.02346	0.01267	0.00891	0.00280	0.00883	0.00972	0.39251	0.01312
19	0.04107	0.01625	0.02115	0.01686	0.02368	0.01442	0.01372	0.04552	0.02892	0.41475	0.04097	0.03808	0.02725	0.01328	0.01005	0.00315	0.00813	0.01074	0.19577	0.01625
20	0.02915	0.02297	0.02472	0.02193	0.02830	0.02609	0.01714	0.05749	0.48270	0.09320	0.04425	0.04035	0.03270	0.01467	0.01108	0.00367	0.00869	0.01220	0.01132	0.01738
21	0.04892	0.01856	0.02530	0.01940	0.02783	0.01603	0.01603	0.05314	0.03121	0.55634	0.04302	0.03711	0.02699	0.01350	0.01096	0.00337	0.00928	0.01096	0.01350	0.01856
22	0.01586	0.01057	0.01189	0.01189	0.01189	0.01057	0.00661	0.01586	0.01586	0.02114	0.03436	0.07135	0.03964	0.61681	0.05550	0.01057	0.01057	0.01586	0.00661	0.00661
23	0.32792	0.15064	0.02973	0.01983	0.02698	0.17362	0.01645	0.07996	0.02558	0.04025	0.01664	0.01897	0.01346	0.01053	0.00800	0.00301	0.01237	0.00655	0.00642	0.01309
24	0.01543	0.01115	0.01457	0.01372	0.01629	0.01029	0.01029	0.02058	0.03086	0.04372	0.54304	0.08145	0.10288	0.02229	0.01286	0.00343	0.00514	0.01972	0.01200	0.01029
25	0.02548	0.02387	0.03779	0.18411	0.33712	0.02573	0.02965	0.03673	0.11910	0.03564	0.02474	0.03007	0.01963	0.01096	0.01088	0.00342	0.01252	0.01020	0.00634	0.01603
26	0.03246	0.03833	0.24272	0.02996	0.04191	0.02631	0.11035	0.16408	0.03238	0.13548	0.02586	0.02742	0.01784	0.01143	0.01104	0.00343	0.01421	0.00985	0.00799	0.01695
27	0.01504	0.01098	0.01429	0.01493	0.01713	0.01023	0.01133	0.01914	0.02685	0.03655	0.29916	0.21992	0.13039	0.02706	0.01351	0.00398	0.00632	0.10239	0.01102	0.00979
28	0.01905	0.01193	0.01408	0.01329	0.01557	0.01264	0.01022	0.02387	0.02490	0.04017	0.20354	0.05257	0.05165	0.01659	0.01233	0.00307	0.06708	0.01330	0.38376	0.01039
29	0.01328	0.00949	0.01265	0.01518	0.01581	0.00886	0.01012	0.01518	0.02088	0.02783	0.06010	0.60969	0.07212	0.03416	0.01392	0.00443	0.00633	0.03100	0.01012	0.00886
30	0.01478	0.01112	0.01368	0.01304	0.01589	0.01001	0.00978	0.01932	0.02933	0.04009	0.43284	0.08743	0.21535	0.02365	0.01287	0.00349	0.00524	0.02056	0.01152	0.01001
31	0.69383	0.02109	0.01603	0.01434	0.02109	0.02446	0.01181	0.03205	0.01856	0.04892	0.01518	0.01771	0.01181	0.01012	0.00675	0.00337	0.00843	0.00590	0.00675	0.01181
32	0.04338	0.02744	0.03080	0.02362	0.03227	0.02921	0.01951	0.39361	0.04608	0.19487	0.03053	0.02901	0.02073	0.01319	0.01092	0.00330	0.01129	0.01011	0.01158	0.01855
33	0.02653	0.02348	0.03367	0.39054	0.14462	0.07590	0.02844	0.03293	0.02415	0.08438	0.02180	0.02867	0.01625	0.01101	0.01079	0.00346	0.01421	0.00957	0.00592	0.01369
34	0.02837	0.02676	0.05034	0.09408	0.09834	0.02730	0.28615	0.07521	0.02694	0.07832	0.02288	0.02891	0.01720	0.01112	0.01456	0.00369	0.07680	0.01150	0.00646	0.01505
35	0.01578	0.01087	0.01341	0.01341	0.01394	0.01140	0.00850	0.01683	0.01631	0.02227	0.03296	0.06365	0.03629	0.47221	0.19552	0.01245	0.01561	0.01473	0.00640	0.00745
36	0.04073	0.05197	0.03090	0.02809	0.03371	0.57303	0.02107	0.04354	0.03090	0.02669	0.01685	0.01966	0.01404	0.01124	0.00983	0.00281	0.01966	0.00702	0.00562	0.01264
37	0.03005	0.02121	0.02372	0.02077	0.02699	0.02324	0.01629	0.05311	0.38201	0.14276	0.09634	0.04427	0.03937	0.01533	0.01125	0.00361	0.00839	0.01284	0.01165	0.01678
38	0.01586	0.01057	0.01189	0.01189	0.01189	0.01057	0.00661	0.01586	0.01586	0.02114	0.03436	0.07135	0.03964	0.61681	0.05550	0.01057	0.01057	0.01586	0.00661	0.00661
39	0.69383	0.02109	0.01603	0.01434	0.02109	0.02446	0.01181	0.03205	0.01856	0.04892	0.01518	0.01771	0.01181	0.01012	0.00675	0.00337	0.00843	0.00590	0.00675	0.01181
40	0.03921	0.02515	0.02774	0.02166	0.02931	0.02690	0.01776	0.35452	0.04319	0.14613	0.03057	0.03041	0.02152	0.01309	0.01037	0.00317	0.01040	0.01007	0.12166	0.01716
41	0.02475	0.02531	0.04139	0.03843	0.12041	0.03099	0.12257	0.02917	0.01985	0.02953	0.01689	0.02549	0.01525	0.01555	0.02706	0.00430	0.38443	0.01024	0.00502	0.01337
42	0.69383	0.02109	0.01603	0.01434	0.02109	0.02446	0.01181	0.03205	0.01856	0.04892	0.01518	0.01771	0.01181	0.01012	0.00675	0.00337	0.00843	0.00590	0.00675	0.01181
43	0.04332	0.02754	0.03086	0.02366	0.03232	0.02936	0.01955	0.39739	0.04624	0.19086	0.03040	0.02892	0.02066	0.01319	0.01092	0.00330	0.01132	0.01010	0.01156	0.01855
44	0.03510	0.36911	0.04602	0.02087	0.02992	0.03750	0.01910	0.19472	0.03272	0.08948	0.02143	0.02222	0.01672	0.01097	0.00867	0.00274	0.01155	0.00764	0.00757	0.01594
45	0.08918	0.08700	0.11854	0.02236	0.03158	0.11295	0.02087	0.04494	0.02799	0.29362	0.03007	0.02858	0.02029	0.01195	0.00999	0.00320	0.01231	0.00897	0.00937	0.01624
46	0.02114	0.01972	0.02761	0.02442	0.02488	0.02656	0.01981	0.02366	0.01682	0.02554	0.01973	0.03283	0.01977	0.09014	0.16535	0.00834	0.40696	0.01064	0.00520	0.01091
47	0.01543	0.01115	0.01457	0.01372	0.01629	0.01029	0.01029	0.02058	0.03086	0.04372	0.54304	0.08145	0.10288	0.02229	0.01286	0.00343	0.00514	0.01972	0.01200	0.01029
48	0.03344	0.27135	0.09158	0.02667	0.08488	0.08212	0.02225	0.03813	0.02499	0.14901	0.02260	0.02417	0.01732	0.01132	0.01102	0.00300	0.05598	0.00801	0.00685	0.01530
49	0.01531	0.01076	0.01227	0.01227	0.01309	0.01062	0.00755	0.01616	0.01758	0.02298	0.04717	0.07456	0.12666	0.46403	0.09633	0.01002	0.01143	0.01672	0.00715	0.00735
50	0.13305	0.02869	0.16999	0.15013	0.04022	0.02200	0.02407	0.07409	0.02514	0.03930	0.06832	0.07739	0.02740	0.01381	0.01023	0.00347	0.01156	0.01123	0.05668	0.01320
51	0.02339	0.02249	0.03157	0.02725	0.02725	0.03112	0.02249	0.02509	0.01646	0.02555	0.01475	0.02474	0.01475	0.02087	0.03643	0.06932	0.54093	0.00954	0.00477	0.01124
52	0.01730	0.01386	0.01938	0.01843	0.01953	0.01687	0.01403	0.01998	0.01697	0.02452	0.02743	0.04570	0.02756	0.19424	0.34503	0.01335	0.13835	0.01223	0.00581	0.00944
53	0.02760	0.11369	0.11972	0.02338	0.03283	0.06464	0.05482	0.03338	0.02371	0.08199	0.02059	0.02371	0.01620	0.01049	0.01164	0.00271	0.06691	0.00784	0.00629	0.25784
54	0.03296	0.02779	0.02785	0.02358	0.03059	0.06614	0.01871	0.21308	0.33146	0.05227	0.03628	0.03429	0.02693	0.01397	0.01095	0.00349	0.01053	0.01111	0.01066	0.01739
55	0.01325	0.00964	0.01250	0.01479	0.01571	0.00889	0.00995	0.01523	0.02125	0.02799	0.06489	0.56163	0.11708	0.03354	0.01382	0.00436	0.00625	0.03024	0.01012	0.00889
56	0.02652	0.08336	0.27042	0.08444	0.04609	0.02766	0.10837	0.07495	0.02570	0.06997	0.02131	0.02548	0.01564	0.01129	0.01270	0.00351	0.06202	0.00928	0.00591	0.01538
57	0.02724	0.09077	0.31779	0.03022	0.07372	0.02424	0.06316	0.03625	0.02454	0.12516	0.02638	0.06676	0.02064	0.01237	0.01063	0.00341	0.01379	0.01042	0.00667	0.01584
58	0.02992	0.01298	0.01524	0.01326	0.01778	0.01213	0.01044	0.03471	0.02566	0.21360	0.03807	0.03946	0.02763	0.01297	0.00874	0.00282	0.00649	0.01043	0.45470	0.01298
59	0.01899	0.01451	0.02139	0.26668	0.04123	0.01639	0.01839	0.02505	0.02477	0.03593	0.17925	0.04768	0.04431	0.01476	0.01062	0.00329	0.00926	0.01279	0.18365	0.01106
60	0.02459	0.03462	0.22601	0.03138	0.04171	0.02348	0.17367	0.03312	0.02482	0.08334	0.07284	0.03705	0.06060	0.01333	0.01393	0.00365	0.06860	0.01196	0.00675	0.01455

[dist]
# distance from previous block
# <min> <max>
4	28

[block]
# block no. 1 follows, 12 sequences, length 64
# corresponding to MSA columns:
# 134-158,161-173,177-202
name=unknown_B
#
# <colnr> <probs for GDERKNQSTAVLIFYWHMCP>
#	G	D	E	R	K	N	Q	S	T	A	V	L	I	F	Y	W	H	M	C	P
0	0.02597	0.07801	0.11305	0.10985	0.03683	0.10940	0.02322	0.03164	0.02421	0.07127	0.06347	0.03976	0.02761	0.02237	0.07742	0.00515	0.06946	0.05174	0.00670	0.01288
1	0.18888	0.03177	0.11366	0.09277	0.24149	0.08780	0.02754	0.03392	0.02344	0.03694	0.01855	0.02349	0.01480	0.01020	0.00965	0.00329	0.01325	0.00823	0.00558	0.01476
2	0.38940	0.01654	0.01502	0.01378	0.01865	0.01808	0.01091	0.02728	0.02345	0.04634	0.21204	0.04311	0.04678	0.01483	0.00908	0.00333	0.00695	0.01135	0.06197	0.01112
3	0.02467	0.02024	0.07992	0.07004	0.02754	0.01782	0.01652	0.03698	0.14627	0.08492	0.03503	0.03726	0.02630	0.01284	0.00937	0.00310	0.00844	0.01047	0.31880	0.01348
4	0.02388	0.02975	0.13668	0.21071	0.14612	0.02575	0.11046	0.03604	0.10323	0.03449	0.02401	0.02945	0.01819	0.01091	0.01114	0.00355	0.01425	0.01034	0.00600	0.01504
5	0.01386	0.01108	0.01240	0.01207	0.01533	0.00962	0.00905	0.01754	0.02716	0.03493	0.27628	0.09593	0.37513	0.02557	0.01288	0.00359	0.00538	0.02175	0.01084	0.00962
6	0.01471	0.01055	0.01412	0.01557	0.01715	0.00995	0.01147	0.01818	0.02477	0.03369	0.21236	0.35782	0.08021	0.02970	0.01378	0.00422	0.00660	0.10493	0.01070	0.00952
7	0.69383	0.02109	0.01603	0.01434	0.02109	0.02446	0.01181	0.03205	0.01856	0.04892	0.01518	0.01771	0.01181	0.01012	0.00675	0.00337	0.00843	0.00590	0.00675	0.01181
8	0.01523	0.01114	0.01430	0.01351	0.01617	0.01020	0.01013	0.02019	0.03039	0.04260	0.50903	0.08329	0.13759	0.02271	0.01286	0.00345	0.00517	0.01998	0.01186	0.01020
9	0.02187	0.05640	0.56031	0.03108	0.04719	0.02532	0.04029	0.03453	0.02302	0.03453	0.01957	0.02302	0.01381	0.01036	0.01036	0.00345	0.01611	0.00806	0.00460	0.01611
10	0.01289	0.01105	0.01105	0.01105	0.01473	0.00920	0.00828	0.01565	0.02485	0.02946	0.11046	0.10493	0.54437	0.02761	0.01289	0.00368	0.00552	0.02301	0.01013	0.00920
11	0.02105	0.01327	0.01604	0.01574	0.01926	0.01315	0.01265	0.02882	0.08389	0.08112	0.16221	0.07588	0.09419	0.02083	0.01181	0.00367	0.00717	0.13467	0.17301	0.01158
12	0.02653	0.28924	0.26065	0.02409	0.03621	0.03253	0.02728	0.07070	0.02484	0.03358	0.01822	0.02091	0.01446	0.00994	0.00879	0.00281	0.01322	0.00712	0.00529	0.07358
13	0.34396	0.17952	0.09129	0.01907	0.02786	0.03080	0.01823	0.10936	0.02521	0.04454	0.01744	0.01962	0.01367	0.01042	0.00789	0.00310	0.01070	0.00676	0.00664	0.01393
14	0.04807	0.01992	0.02615	0.02005	0.02852	0.01806	0.01656	0.10559	0.03350	0.50065	0.04109	0.03586	0.02603	0.01345	0.01096	0.00336	0.00959	0.01083	0.01320	0.01855
15	0.01811	0.01896	0.06710	0.06900	0.03281	0.01618	0.13348	0.02393	0.02524	0.03474	0.18823	0.22497	0.05912	0.02107	0.01285	0.00382	0.01023	0.01994	0.00876	0.01147
16	0.02788	0.08822	0.02702	0.01700	0.02643	0.01806	0.01411	0.03247	0.02404	0.12403	0.02297	0.02452	0.01777	0.00915	0.00845	0.00200	0.00869	0.00716	0.00747	0.49258
17	0.01437	0.01110	0.01310	0.01260	0.01564	0.00984	0.00945	0.01852	0.02836	0.03778	0.36270	0.09124	0.28693	0.02451	0.01287	0.00353	0.00530	0.02109	0.01122	0.00984
18	0.02687	0.08708	0.16474	0.02853	0.03508	0.02993	0.06245	0.03256	0.02106	0.08938	0.01952	0.02499	0.01578	0.01469	0.02242	0.00398	0.29182	0.00925	0.00577	0.01410
19	0.03270	0.03387	0.16218	0.07430	0.09812	0.02803	0.02702	0.22448	0.08048	0.09118	0.02640	0.02792	0.01895	0.01205	0.01078	0.00339	0.01279	0.00968	0.00849	0.01719
20	0.02065	0.01880	0.02625	0.07531	0.02779	0.02470	0.01906	0.02307	0.01706	0.02504	0.02139	0.03814	0.02201	0.17184	0.09973	0.00754	0.33453	0.01135	0.00535	0.01039
21	0.02261	0.01938	0.02261	0.01615	0.02584	0.01453	0.01292	0.02745	0.02261	0.03553	0.01938	0.02261	0.01615	0.00807	0.00807	0.00161	0.00807	0.00646	0.00646	0.68346
22	0.01621	0.01045	0.01216	0.01216	0.01216	0.01045	0.00693	0.01567	0.01567	0.02089	0.03259	0.06699	0.03728	0.55069	0.05403	0.08734	0.01045	0.01513	0.00639	0.00639
23	0.02969	0.02695	0.08070	0.12537	0.13987	0.02627	0.02511	0.11518	0.18264	0.08931	0.03042	0.03193	0.02246	0.01238	0.01090	0.00348	0.01171	0.01048	0.00854	0.01662
24	0.63359	0.02184	0.02038	0.01719	0.02432	0.02474	0.05666	0.03231	0.01920	0.04766	0.01580	0.01877	0.01224	0.01004	0.00730	0.00340	0.00933	0.00653	0.00664	0.01207
25	0.03502	0.03797	0.02853	0.02376	0.03119	0.30498	0.01839	0.11522	0.03157	0.03642	0.01919	0.02168	0.01546	0.01052	0.00944	0.00250	0.01468	0.00730	0.00676	0.22942
26	0.02887	0.02303	0.02471	0.02196	0.02831	0.02623	0.01716	0.05755	0.48904	0.08669	0.04427	0.04039	0.03278	0.01469	0.01108	0.00367	0.00868	0.01222	0.01129	0.01736
27	0.04892	0.01856	0.02530	0.01940	0.02783	0.01603	0.01603	0.05314	0.03121	0.55634	0.04302	0.03711	0.02699	0.01350	0.01096	0.00337	0.00928	0.01096	0.01350	0.01856
28	0.01586	0.01057	0.01189	0.01189	0.01189	0.01057	0.00661	0.01586	0.01586	0.02114	0.03436	0.07135	0.03964	0.61681	0.05550	0.01057	0.01057	0.01586	0.00661	0.00661
29	0.01529	0.01143	0.01455	0.01577	0.01831	0.01069	0.01263	0.01926	0.02547	0.03314	0.16271	0.18484	0.19799	0.02862	0.01390	0.00428	0.00737	0.20362	0.01044	0.00969
30	0.01755	0.01106	0.01500	0.01676	0.01856	0.01041	0.01248	0.02042	0.02284	0.07666	0.05798	0.43885	0.06575	0.03131	0.01393	0.00448	0.00750	0.13805	0.01041	0.01002
31	0.69383	0.02109	0.01603	0.01434	0.02109	0.02446	0.01181	0.03205	0.01856	0.04892	0.01518	0.01771	0.01181	0.01012	0.00675	0.00337	0.00843	0.00590	0.00675	0.01181
32	0.04073	0.05197	0.03090	0.02809	0.03371	0.57303	0.02107	0.04354	0.03090	0.02669	0.01685	0.01966	0.01404	0.01124	0.00983	0.00281	0.01966	0.00702	0.00562	0.01264
33	0.02187	0.05640	0.56031	0.03108	0.04719	0.02532	0.04029	0.03453	0.02302	0.03453	0.01957	0.02302	0.01381	0.01036	0.01036	0.00345	0.01611	0.00806	0.00460	0.01611
34	0.69383	0.02109	0.01603	0.01434	0.02109	0.02446	0.01181	0.03205	0.01856	0.04892	0.01518	0.01771	0.01181	0.01012	0.00675	0.00337	0.00843	0.00590	0.00675	0.01181
35	0.02901	0.13572	0.04905	0.03250	0.03989	0.03155	0.21056	0.07270	0.02520	0.07562	0.02076	0.02611	0.01649	0.01252	0.01759	0.00367	0.17008	0.01029	0.00624	0.01446
36	0.69383	0.02109	0.01603	0.01434	0.02109	0.02446	0.01181	0.03205	0.01856	0.04892	0.01518	0.01771	0.01181	0.01012	0.00675	0.00337	0.00843	0.00590	0.00675	0.01181
37	0.01443	0.01031	0.01397	0.01649	0.01763	0.00985	0.01212	0.01717	0.02201	0.02912	0.05946	0.47935	0.06961	0.03308	0.01422	0.00459	0.00732	0.15002	0.01010	0.00917
38	0.03383	0.03019	0.02821	0.02404	0.03094	0.11534	0.01896	0.20058	0.29818	0.04999	0.03424	0.03274	0.02555	0.01369	0.01084	0.00342	0.01144	0.01069	0.01017	0.01694
39	0.02374	0.13831	0.28616	0.02825	0.08351	0.02546	0.02875	0.03223	0.02293	0.03342	0.01887	0.02235	0.01478	0.00952	0.00923	0.00276	0.01294	0.00741	0.00518	0.19421
40	0.02928	0.02485	0.04634	0.13570	0.20617	0.02453	0.20074	0.03647	0.02576	0.12373	0.02476	0.02994	0.01824	0.01037	0.01159	0.00348	0.01453	0.01106	0.00674	0.01574
41	0.02574	0.02941	0.06434	0.04596	0.05699	0.02757	0.50919	0.03493	0.02574	0.03493	0.02206	0.02941	0.01654	0.00919	0.01287	0.00368	0.01838	0.01287	0.00551	0.01471
42	0.02024	0.01760	0.02762	0.03870	0.25627	0.01723	0.02160	0.02501	0.02446	0.03351	0.08582	0.18632	0.08972	0.02102	0.01251	0.00384	0.00970	0.08771	0.00814	0.01297
43	0.04205	0.02035	0.03130	0.07679	0.09383	0.01881	0.05958	0.04720	0.02921	0.40818	0.03667	0.03462	0.02394	0.01249	0.01110	0.00341	0.01090	0.01087	0.01116	0.01753
44	0.01550	0.01389	0.01352	0.01445	0.01689	0.05819	0.01025	0.01786	0.02354	0.02846	0.07896	0.33146	0.27925	0.02922	0.01310	0.00395	0.00713	0.02532	0.00973	0.00934
45	0.02033	0.01016	0.01016	0.01016	0.01270	0.01016	0.00762	0.02541	0.02287	0.04065	0.03557	0.04065	0.02795	0.01270	0.00762	0.00254	0.00508	0.01016	0.67734	0.01016
46	0.02915	0.62337	0.05714	0.01866	0.02799	0.04314	0.01866	0.03265	0.02215	0.02565	0.01516	0.01749	0.01399	0.00933	0.00700	0.00233	0.01166	0.00583	0.00466	0.01399
47	0.43402	0.02203	0.02141	0.05796	0.02808	0.02449	0.01524	0.11107	0.02608	0.13626	0.02192	0.02313	0.01563	0.01121	0.00841	0.00338	0.00957	0.00765	0.00841	0.01403
48	0.01586	0.01057	0.01189	0.01189	0.01189	0.01057	0.00661	0.01586	0.01586	0.02114	0.03436	0.07135	0.03964	0.61681	0.05550	0.01057	0.01057	0.01586	0.00661	0.00661
49	0.01484	0.01100	0.01383	0.01338	0.01599	0.01000	0.00994	0.01933	0.02908	0.04011	0.43323	0.12619	0.17450	0.02410	0.01295	0.00355	0.00530	0.02114	0.01154	0.01000
50	0.01558	0.01168	0.01752	0.01752	0.01947	0.01363	0.01363	0.01947	0.01752	0.02531	0.02921	0.04283	0.02726	0.08178	0.57360	0.01752	0.02921	0.01168	0.00584	0.00974
51	0.01289	0.01105	0.01105	0.01105	0.01473	0.00920	0.00828	0.01565	0.02485	0.02946	0.11046	0.10493	0.54437	0.02761	0.01289	0.00368	0.00552	0.02301	0.01013	0.00920
52	0.02259	0.02013	0.02766	0.16881	0.09816	0.01831	0.01970	0.02824	0.02266	0.03358	0.01951	0.02476	0.01587	0.00898	0.00911	0.00232	0.01028	0.00766	0.00593	0.43574
53	0.02574	0.02941	0.06434	0.04596	0.05699	0.02757	0.50919	0.03493	0.02574	0.03493	0.02206	0.02941	0.01654	0.00919	0.01287	0.00368	0.01838	0.01287	0.00551	0.01471
54	0.01894	0.01663	0.02398	0.02204	0.02320	0.02167	0.01779	0.02222	0.01719	0.02569	0.02315	0.03511	0.02199	0.05627	0.35479	0.01234	0.26015	0.01081	0.00541	0.01063
55	0.69383	0.02109	0.01603	0.01434	0.02109	0.02446	0.01181	0.03205	0.01856	0.04892	0.01518	0.01771	0.01181	0.01012	0.00675	0.00337	0.00843	0.00590	0.00675	0.01181
56	0.03485	0.01745	0.02253	0.01738	0.02512	0.01453	0.01404	0.03942	0.02855	0.30524	0.12727	0.04083	0.03759	0.01346	0.01044	0.00285	0.00816	0.01120	0.01110	0.21800
57	0.69383	0.02109	0.01603	0.01434	0.02109	0.02446	0.01181	0.03205	0.01856	0.04892	0.01518	0.01771	0.01181	0.01012	0.00675	0.00337	0.00843	0.00590	0.00675	0.01181
58	0.02712	0.02342	0.02465	0.02219	0.02835	0.02712	0.01726	0.05794	0.52909	0.04561	0.04438	0.04068	0.03328	0.01479	0.01109	0.00370	0.00863	0.01233	0.01109	0.01726
59	0.04892	0.01856	0.02530	0.01940	0.02783	0.01603	0.01603	0.05314	0.03121	0.55634	0.04302	0.03711	0.02699	0.01350	0.01096	0.00337	0.00928	0.01096	0.01350	0.01856
60	0.04145	0.03054	0.03272	0.02509	0.03381	0.03381	0.02072	0.51243	0.05127	0.06872	0.02618	0.02618	0.01854	0.01309	0.01091	0.00327	0.01200	0.00982	0.01091	0.01854
61	0.01328	0.00949	0.01265	0.01518	0.01581	0.00886	0.01012	0.01518	0.02088	0.02783	0.06010	0.60969	0.07212	0.03416	0.01392	0.00443	0.00633	0.03100	0.01012	0.00886
62	0.04073	0.05197	0.03090	0.02809	0.03371	0.57303	0.02107	0.04354	0.03090	0.02669	0.01685	0.01966	0.01404	0.01124	0.00983	0.00281	0.01966	0.00702	0.00562	0.01264
63	0.01543	0.01115	0.01457	0.01372	0.01629	0.01029	0.01029	0.02058	0.03086	0.04372	0.54304	0.08145	0.10288	0.02229	0.01286	0.00343	0.00514	0.01972	0.01200	0.01029

[dist]
# distance from previous block
# <min> <max>
0	2

[block]
# block no. 2 follows, 12 sequences, length 41
# corresponding to MSA columns:
# 205-245
name=unknown_C
#
# <colnr> <probs for GDERKNQSTAVLIFYWHMCP>
#	G	D	E	R	K	N	Q	S	T	A	V	L	I	F	Y	W	H	M	C	P
0	0.04499	0.02156	0.02676	0.02088	0.02912	0.02091	0.01713	0.14822	0.09005	0.39983	0.03970	0.03525	0.02594	0.01355	0.01097	0.00339	0.00977	0.01088	0.01270	0.01841
1	0.01543	0.01115	0.01457	0.01372	0.01629	0.01029	0.01029	0.02058	0.03086	0.04372	0.54304	0.08145	0.10288	0.02229	0.01286	0.00343	0.00514	0.01972	0.01200	0.01029
2	0.04892	0.01856	0.02530	0.01940	0.02783	0.01603	0.01603	0.05314	0.03121	0.55634	0.04302	0.03711	0.02699	0.01350	0.01096	0.00337	0.00928	0.01096	0.01350	0.01856
3	0.04489	0.02035	0.02556	0.01980	0.02779	0.01926	0.01629	0.14720	0.03470	0.40957	0.03884	0.03512	0.02530	0.01334	0.01067	0.00328	0.00949	0.01065	0.07007	0.01783
4	0.04217	0.02938	0.03200	0.02454	0.03323	0.03209	0.02027	0.46788	0.04932	0.11602	0.02781	0.02724	0.01936	0.01313	0.01091	0.00328	0.01173	0.00993	0.01116	0.01854
5	0.01293	0.01089	0.01120	0.01145	0.01483	0.00917	0.00846	0.01560	0.02447	0.02930	0.10557	0.15390	0.49856	0.02825	0.01299	0.00375	0.00560	0.02379	0.01012	0.00917
6	0.01524	0.01114	0.01431	0.01352	0.01617	0.01021	0.01014	0.02021	0.03042	0.04266	0.51089	0.08319	0.13569	0.02269	0.01286	0.00345	0.00517	0.01996	0.01186	0.01021
7	0.01507	0.01076	0.01470	0.01722	0.01863	0.01039	0.01322	0.01826	0.02263	0.02983	0.05911	0.40729	0.06822	0.03248	0.01439	0.00467	0.00787	0.21581	0.01009	0.00935
8	0.02406	0.02447	0.03680	0.03053	0.03174	0.03276	0.07719	0.02720	0.01769	0.02720	0.01516	0.02447	0.01456	0.01800	0.03326	0.00465	0.53328	0.00991	0.00485	0.01223
9	0.02377	0.02795	0.09525	0.03020	0.03284	0.03205	0.06200	0.02783	0.01809	0.02783	0.01549	0.02418	0.01442	0.01736	0.03120	0.00454	0.48798	0.00962	0.00481	0.01261
10	0.01586	0.01057	0.01189	0.01189	0.01189	0.01057	0.00661	0.01586	0.01586	0.02114	0.03436	0.07135	0.03964	0.61681	0.05550	0.01057	0.01057	0.01586	0.00661	0.00661
11	0.04892	0.01856	0.02530	0.01940	0.02783	0.01603	0.01603	0.05314	0.03121	0.55634	0.04302	0.03711	0.02699	0.01350	0.01096	0.00337	0.00928	0.01096	0.01350	0.01856
12	0.02137	0.01503	0.02028	0.02260	0.07937	0.01511	0.01489	0.05560	0.02472	0.08963	0.05486	0.33029	0.11673	0.02571	0.01452	0.00403	0.05156	0.02230	0.00961	0.01180
13	0.01897	0.01092	0.01618	0.01578	0.01600	0.01193	0.01114	0.01580	0.01479	0.02027	0.01971	0.03347	0.01949	0.04127	0.10204	0.55115	0.06060	0.00973	0.00486	0.00590
14	0.04609	0.01915	0.02622	0.02044	0.02792	0.01799	0.01691	0.05010	0.02957	0.49644	0.03977	0.03561	0.02556	0.01413	0.01377	0.00353	0.07567	0.01080	0.01251	0.01781
15	0.38554	0.02680	0.02309	0.02245	0.07020	0.12591	0.01625	0.03852	0.02393	0.14454	0.02149	0.02274	0.01572	0.01097	0.00851	0.00326	0.01110	0.00745	0.00776	0.01378
16	0.01560	0.01158	0.01698	0.01698	0.01874	0.01334	0.01296	0.01912	0.01736	0.02491	0.02970	0.04557	0.02845	0.13306	0.52394	0.01686	0.02742	0.01208	0.00591	0.00944
17	0.08406	0.07589	0.06657	0.07653	0.03529	0.02280	0.05517	0.08698	0.02660	0.09592	0.02225	0.02492	0.01678	0.01003	0.00929	0.00268	0.01092	0.00813	0.00725	0.26194
18	0.02187	0.05640	0.56031	0.03108	0.04719	0.02532	0.04029	0.03453	0.02302	0.03453	0.01957	0.02302	0.01381	0.01036	0.01036	0.00345	0.01611	0.00806	0.00460	0.01611
19	0.02059	0.01938	0.03270	0.59060	0.07510	0.02422	0.03028	0.02786	0.02180	0.02786	0.01938	0.02907	0.01453	0.01090	0.01090	0.00363	0.01453	0.00969	0.00484	0.01211
20	0.13730	0.03107	0.15743	0.02718	0.03786	0.02311	0.12940	0.06935	0.02647	0.14890	0.02476	0.02670	0.01743	0.01065	0.01025	0.00326	0.01279	0.00932	0.00764	0.08913
21	0.02059	0.01938	0.03270	0.59060	0.07510	0.02422	0.03028	0.02786	0.02180	0.02786	0.01938	0.02907	0.01453	0.01090	0.01090	0.00363	0.01453	0.00969	0.00484	0.01211
22	0.02387	0.04785	0.41886	0.03040	0.04425	0.02533	0.07624	0.08604	0.02694	0.03901	0.05965	0.02829	0.02123	0.01145	0.01082	0.00345	0.01504	0.00954	0.00593	0.01582
23	0.69383	0.02109	0.01603	0.01434	0.02109	0.02446	0.01181	0.03205	0.01856	0.04892	0.01518	0.01771	0.01181	0.01012	0.00675	0.00337	0.00843	0.00590	0.00675	0.01181
24	0.02446	0.03558	0.25610	0.03065	0.04153	0.02233	0.15194	0.03339	0.02342	0.08997	0.02488	0.03053	0.01889	0.02598	0.13387	0.00657	0.01880	0.01040	0.00608	0.01463
25	0.02699	0.02591	0.04426	0.06693	0.54879	0.02591	0.03346	0.03346	0.02483	0.03562	0.02051	0.02699	0.01727	0.00972	0.01079	0.00324	0.01295	0.00972	0.00540	0.01727
26	0.01578	0.01088	0.01347	0.01347	0.01401	0.01143	0.00857	0.01687	0.01632	0.02231	0.03292	0.06338	0.03618	0.46731	0.20026	0.01251	0.01578	0.01469	0.00639	0.00748
27	0.01721	0.07942	0.01912	0.01423	0.01815	0.01500	0.01124	0.02365	0.06973	0.03796	0.32421	0.07750	0.20908	0.02171	0.01208	0.00340	0.00625	0.01849	0.01060	0.01098
28	0.01525	0.01101	0.01441	0.01384	0.01625	0.01017	0.01027	0.02013	0.03003	0.04240	0.50283	0.12543	0.10032	0.02328	0.01295	0.00351	0.00524	0.02066	0.01185	0.01017
29	0.29153	0.01951	0.02181	0.01750	0.02530	0.01920	0.01444	0.04521	0.02645	0.36545	0.03255	0.02981	0.02128	0.01223	0.00938	0.00337	0.00896	0.00906	0.01096	0.01602
30	0.02253	0.09078	0.42603	0.02746	0.04192	0.02465	0.03374	0.03311	0.02288	0.03407	0.01921	0.02254	0.01425	0.00987	0.00970	0.00304	0.01433	0.00761	0.00495	0.13734
31	0.02218	0.02100	0.03557	0.46085	0.19246	0.02464	0.03107	0.02925	0.02255	0.02978	0.01966	0.02855	0.01521	0.01061	0.01087	0.00354	0.01414	0.00970	0.00498	0.01339
32	0.02317	0.02088	0.02895	0.06049	0.08241	0.01738	0.05872	0.02871	0.02304	0.03499	0.01972	0.02403	0.01619	0.00851	0.00893	0.00208	0.00985	0.00753	0.00617	0.51823
33	0.01986	0.01876	0.03442	0.02796	0.03391	0.01732	0.20276	0.02544	0.02370	0.03227	0.04063	0.23405	0.04299	0.02100	0.01308	0.00394	0.01181	0.10271	0.00794	0.08545
34	0.02495	0.02171	0.03271	0.47250	0.06648	0.02623	0.02829	0.12906	0.02796	0.03639	0.02080	0.02847	0.01537	0.01136	0.01090	0.00356	0.01401	0.00972	0.00611	0.01346
35	0.02847	0.02250	0.02563	0.08615	0.03359	0.02573	0.01861	0.05408	0.42405	0.09256	0.04142	0.03903	0.03056	0.01423	0.01106	0.00366	0.00936	0.01190	0.01062	0.01680
36	0.15100	0.02041	0.02694	0.26863	0.04746	0.02332	0.02212	0.08085	0.05728	0.11505	0.02709	0.03542	0.02092	0.01299	0.01046	0.00362	0.01170	0.04313	0.00782	0.01380
37	0.09697	0.02125	0.02943	0.03243	0.18443	0.01942	0.02006	0.03821	0.02574	0.20908	0.02714	0.02826	0.01966	0.01056	0.00973	0.00286	0.00998	0.00888	0.00849	0.19742
38	0.02193	0.02074	0.03512	0.48123	0.17402	0.02458	0.03095	0.02903	0.02243	0.02948	0.01962	0.02863	0.01511	0.01065	0.01088	0.00355	0.01420	0.00970	0.00496	0.01319
39	0.69383	0.02109	0.01603	0.01434	0.02109	0.02446	0.01181	0.03205	0.01856	0.04892	0.01518	0.01771	0.01181	0.01012	0.00675	0.00337	0.00843	0.00590	0.00675	0.01181
40	0.02087	0.01958	0.09385	0.01752	0.02277	0.01484	0.01558	0.02943	0.08342	0.09008	0.32832	0.06369	0.07064	0.06312	0.01530	0.00399	0.00788	0.01613	0.01060	0.01240

[dist]
# distance from previous block
# <min> <max>
0	3

[block]
# block no. 3 follows, 12 sequences, length 12
# corresponding to MSA columns:
# 249-260
name=unknown_D
#
# <colnr> <probs for GDERKNQSTAVLIFYWHMCP>
#	G	D	E	R	K	N	Q	S	T	A	V	L	I	F	Y	W	H	M	C	P
0	0.01930	0.01193	0.01494	0.01373	0.01666	0.01091	0.01003	0.02304	0.02726	0.10026	0.33059	0.07691	0.13481	0.13746	0.02092	0.00484	0.00675	0.01830	0.01091	0.01045
1	0.31197	0.13756	0.02811	0.10761	0.03208	0.02591	0.01633	0.03050	0.02065	0.03814	0.01676	0.02054	0.01361	0.00965	0.00775	0.00283	0.00996	0.00661	0.00598	0.15746
2	0.02061	0.14198	0.12888	0.02554	0.08981	0.02177	0.02093	0.02524	0.02081	0.02838	0.02939	0.15391	0.02991	0.03138	0.12270	0.06217	0.01473	0.01360	0.00616	0.01209
3	0.02937	0.09472	0.02836	0.02035	0.02711	0.02533	0.01644	0.17336	0.14390	0.07137	0.03553	0.14195	0.03184	0.01652	0.01072	0.00328	0.00948	0.01366	0.00963	0.09709
4	0.07406	0.13003	0.23166	0.02208	0.03393	0.02395	0.02414	0.03132	0.02239	0.03458	0.01846	0.02158	0.01459	0.00930	0.00867	0.00256	0.01173	0.00692	0.00549	0.27258
5	0.02528	0.32180	0.32477	0.02526	0.03820	0.03366	0.03016	0.03365	0.02262	0.03037	0.01750	0.02043	0.01390	0.00988	0.00878	0.00293	0.01403	0.00701	0.00463	0.01512
6	0.02186	0.03186	0.23335	0.13455	0.04263	0.02010	0.05230	0.03028	0.02532	0.07503	0.13612	0.04433	0.07710	0.01451	0.01136	0.00351	0.01228	0.01247	0.00736	0.01369
7	0.02117	0.01341	0.01913	0.12175	0.02889	0.01340	0.01486	0.02569	0.02655	0.11867	0.23562	0.20726	0.06606	0.02198	0.01248	0.00373	0.00786	0.01950	0.01041	0.01156
8	0.03077	0.02137	0.03111	0.35718	0.05685	0.02432	0.02534	0.12755	0.02956	0.15003	0.02581	0.03025	0.01801	0.01189	0.01092	0.00351	0.01291	0.00999	0.00789	0.01476
9	0.03084	0.02620	0.13455	0.06562	0.07777	0.01889	0.06245	0.03727	0.02671	0.22741	0.04624	0.04546	0.12244	0.01477	0.01136	0.00348	0.01133	0.01269	0.00914	0.01538
10	0.02037	0.03011	0.19141	0.22464	0.05234	0.02210	0.10584	0.02851	0.02261	0.03097	0.02778	0.14022	0.02584	0.01499	0.01164	0.00374	0.01402	0.01385	0.00591	0.01309
11	0.02071	0.01951	0.03394	0.37110	0.09832	0.02206	0.08517	0.02774	0.02428	0.03241	0.12162	0.03913	0.03217	0.01281	0.01151	0.00357	0.01306	0.01203	0.00636	0.01248

[dist]
# distance from previous block
# <min> <max>
0	655

# created by:
# /st0/software/busco_prod/Augustus/scripts/msa2prfl.pl ./align_prep/6565.fa
