[name]
unknown

[dist]
# distance from previous block
# <min> <max>
0	916

[block]
# block no. 0 follows, 11 sequences, length 100
# corresponding to MSA columns:
# 1123-1222
name=unknown_A
#
# <colnr> <probs for GDERKNQSTAVLIFYWHMCP>
#	G	D	E	R	K	N	Q	S	T	A	V	L	I	F	Y	W	H	M	C	P
0	0.02490	0.01411	0.01925	0.07769	0.02709	0.01344	0.01515	0.02871	0.02578	0.16626	0.06070	0.24053	0.12657	0.02530	0.01322	0.00416	0.00869	0.08527	0.01077	0.01241
1	0.02919	0.28826	0.04145	0.02193	0.02846	0.03401	0.01958	0.03796	0.11219	0.07461	0.02816	0.03704	0.02470	0.01508	0.01439	0.00349	0.11016	0.05732	0.00741	0.01464
2	0.07714	0.01566	0.01905	0.05963	0.02565	0.01420	0.01344	0.02567	0.02341	0.08201	0.04646	0.22947	0.09243	0.02063	0.01132	0.00338	0.00810	0.01780	0.00895	0.20559
3	0.14389	0.02435	0.10062	0.02215	0.02870	0.02081	0.05802	0.03266	0.07096	0.07734	0.14322	0.04157	0.03935	0.01787	0.01650	0.07608	0.05243	0.01209	0.00839	0.01300
4	0.04135	0.02104	0.02654	0.02072	0.02827	0.02055	0.01702	0.11845	0.03245	0.31979	0.03548	0.03387	0.02407	0.01374	0.01314	0.00333	0.06427	0.01041	0.06695	0.08856
5	0.15693	0.01859	0.02305	0.07814	0.03077	0.01801	0.01617	0.04241	0.02783	0.32228	0.04674	0.04403	0.09712	0.01514	0.01081	0.00356	0.00944	0.01205	0.01119	0.01576
6	0.02852	0.02367	0.04441	0.28084	0.06177	0.02474	0.19891	0.03619	0.02577	0.12466	0.02546	0.03165	0.01810	0.01109	0.01201	0.00372	0.01548	0.01145	0.00688	0.01470
7	0.02437	0.02007	0.02449	0.02212	0.02584	0.02399	0.01742	0.07133	0.21376	0.03721	0.03265	0.03806	0.02701	0.03790	0.17725	0.06422	0.10872	0.01163	0.00826	0.01368
8	0.01827	0.01062	0.01593	0.01593	0.01667	0.01136	0.01136	0.01667	0.01593	0.02197	0.02346	0.03790	0.02272	0.05580	0.23412	0.43132	0.01728	0.01062	0.00531	0.00679
9	0.01528	0.01115	0.01437	0.01426	0.01659	0.01024	0.01043	0.01972	0.02930	0.04069	0.40230	0.19032	0.13152	0.02592	0.01350	0.00377	0.00559	0.02298	0.01185	0.01024
10	0.02098	0.01541	0.01999	0.01856	0.02152	0.01734	0.01422	0.10605	0.02413	0.03357	0.03044	0.04587	0.02858	0.15596	0.37863	0.01425	0.02380	0.01241	0.00711	0.01118
11	0.02334	0.02001	0.02334	0.01667	0.02667	0.01500	0.01334	0.02834	0.02334	0.03668	0.02001	0.02334	0.01667	0.00834	0.00834	0.00167	0.00834	0.00667	0.00667	0.67325
12	0.08676	0.02541	0.03461	0.03915	0.21481	0.02579	0.02410	0.16315	0.03434	0.19592	0.02917	0.03001	0.02072	0.01214	0.01092	0.00340	0.01165	0.01015	0.00965	0.01815
13	0.13426	0.08507	0.04129	0.03014	0.03762	0.12796	0.19173	0.03335	0.02512	0.03452	0.02704	0.12822	0.02596	0.01474	0.01127	0.00358	0.01464	0.01366	0.00670	0.01312
14	0.01735	0.01450	0.01984	0.07843	0.02589	0.01618	0.01568	0.02120	0.02428	0.03299	0.16699	0.19893	0.13057	0.02559	0.01781	0.00424	0.11220	0.05742	0.00931	0.01059
15	0.03250	0.02386	0.02566	0.01993	0.02810	0.06014	0.01597	0.14303	0.03360	0.12473	0.10005	0.03526	0.03202	0.01284	0.01036	0.00272	0.00994	0.01027	0.00967	0.26937
16	0.01893	0.01738	0.02953	0.22714	0.04575	0.01843	0.09634	0.02485	0.02501	0.03305	0.12937	0.15122	0.09818	0.01930	0.01273	0.00387	0.01137	0.01787	0.00802	0.01166
17	0.01989	0.01815	0.03000	0.47538	0.06641	0.02213	0.02748	0.02638	0.02233	0.02875	0.02764	0.13300	0.02580	0.01561	0.01182	0.00390	0.01346	0.01400	0.00599	0.01189
18	0.02561	0.21902	0.19863	0.02669	0.07704	0.02877	0.02576	0.03282	0.02352	0.03315	0.01879	0.02218	0.01532	0.00962	0.00895	0.00263	0.01250	0.00726	0.00540	0.20636
19	0.01697	0.01177	0.01671	0.01671	0.01883	0.01342	0.01294	0.02121	0.01909	0.02900	0.03134	0.04381	0.02827	0.07146	0.45960	0.01528	0.02563	0.01177	0.12605	0.01013
20	0.02657	0.03036	0.06641	0.04744	0.05882	0.02846	0.49336	0.03605	0.02657	0.03605	0.02277	0.03036	0.01708	0.00949	0.01328	0.00380	0.01898	0.01328	0.00569	0.01518
21	0.01788	0.01416	0.02130	0.02598	0.11154	0.01504	0.01598	0.02137	0.01973	0.02776	0.03459	0.13596	0.03594	0.15057	0.28695	0.01201	0.02003	0.01565	0.00680	0.01077
22	0.03540	0.08080	0.16643	0.07403	0.04183	0.12303	0.06082	0.08515	0.03006	0.15653	0.02593	0.02749	0.01828	0.01178	0.01078	0.00335	0.01492	0.00935	0.00784	0.01621
23	0.02536	0.01349	0.01695	0.01634	0.02058	0.01234	0.01320	0.02952	0.02667	0.16352	0.06431	0.13122	0.15358	0.02362	0.01261	0.00397	0.00793	0.13458	0.11788	0.01232
24	0.02614	0.01531	0.01882	0.01650	0.02144	0.01451	0.01286	0.03470	0.10171	0.17048	0.26610	0.07009	0.14430	0.02044	0.01251	0.00361	0.00700	0.01747	0.01233	0.01368
25	0.02611	0.01968	0.03390	0.28720	0.05443	0.02114	0.09980	0.03235	0.02477	0.12401	0.03256	0.13458	0.02849	0.01582	0.01216	0.00386	0.01311	0.01477	0.00774	0.01355
26	0.03550	0.07188	0.02925	0.06317	0.03270	0.14336	0.01881	0.08942	0.15040	0.13150	0.03237	0.03245	0.02384	0.01310	0.01041	0.00327	0.01217	0.01007	0.08061	0.01570
27	0.05050	0.01915	0.02612	0.02003	0.02873	0.01654	0.01654	0.05485	0.03221	0.54203	0.04440	0.03831	0.02786	0.01393	0.01132	0.00348	0.00958	0.01132	0.01393	0.01915
28	0.01420	0.01000	0.01292	0.01506	0.01559	0.00946	0.00979	0.01580	0.02061	0.02748	0.05721	0.50204	0.06835	0.13863	0.02216	0.00572	0.00733	0.02916	0.00979	0.00872
29	0.01856	0.01606	0.02613	0.08234	0.03117	0.01643	0.10056	0.02449	0.05760	0.02998	0.04205	0.25750	0.04523	0.13215	0.06141	0.00642	0.01240	0.02053	0.00809	0.01089
30	0.03279	0.13312	0.03365	0.02327	0.03006	0.07083	0.01918	0.08696	0.25039	0.09554	0.03351	0.03271	0.02540	0.01410	0.01298	0.00352	0.06550	0.01045	0.00945	0.01658
31	0.04204	0.05364	0.03190	0.02900	0.03480	0.55926	0.02175	0.04494	0.03190	0.02755	0.01740	0.02030	0.01450	0.01160	0.01015	0.00290	0.02030	0.00725	0.00580	0.01305
32	0.03234	0.02633	0.02789	0.02378	0.03092	0.03002	0.01887	0.18805	0.37859	0.05408	0.04030	0.03760	0.02989	0.01475	0.01140	0.00369	0.00993	0.01196	0.01140	0.01820
33	0.01371	0.00979	0.01306	0.01567	0.01632	0.00914	0.01045	0.01567	0.02155	0.02873	0.06203	0.59710	0.07444	0.03526	0.01437	0.00457	0.00653	0.03200	0.01045	0.00914
34	0.01593	0.01150	0.01504	0.01416	0.01681	0.01062	0.01062	0.02124	0.03186	0.04513	0.52830	0.08407	0.10620	0.02301	0.01327	0.00354	0.00531	0.02035	0.01239	0.01062
35	0.02954	0.01300	0.01502	0.01325	0.01764	0.01224	0.01038	0.03452	0.02610	0.18690	0.03894	0.04090	0.02856	0.01335	0.00887	0.00287	0.00650	0.01073	0.47766	0.01300
36	0.01452	0.01037	0.01398	0.01659	0.01760	0.00983	0.01184	0.01706	0.02234	0.02963	0.06159	0.51172	0.07269	0.03450	0.01458	0.00468	0.00723	0.10945	0.01043	0.00936
37	0.02334	0.02001	0.02334	0.01667	0.02667	0.01500	0.01334	0.02834	0.02334	0.03668	0.02001	0.02334	0.01667	0.00834	0.00834	0.00167	0.00834	0.00667	0.00667	0.67325
38	0.02701	0.03036	0.12001	0.02457	0.03280	0.02766	0.02213	0.05542	0.42489	0.04501	0.04116	0.03868	0.03071	0.01444	0.01131	0.00377	0.01031	0.01192	0.01024	0.01760
39	0.68395	0.02177	0.01654	0.01480	0.02177	0.02525	0.01219	0.03309	0.01915	0.05050	0.01567	0.01828	0.01219	0.01045	0.00697	0.00348	0.00871	0.00609	0.00697	0.01219
40	0.01899	0.01374	0.01682	0.01753	0.01970	0.01382	0.01244	0.10303	0.02725	0.03640	0.05568	0.49357	0.06440	0.03131	0.01380	0.00435	0.00759	0.02803	0.01060	0.01096
41	0.68395	0.02177	0.01654	0.01480	0.02177	0.02525	0.01219	0.03309	0.01915	0.05050	0.01567	0.01828	0.01219	0.01045	0.00697	0.00348	0.00871	0.00609	0.00697	0.01219
42	0.02762	0.02740	0.04945	0.06515	0.44790	0.02705	0.11787	0.03482	0.02580	0.03664	0.02146	0.02831	0.01769	0.00993	0.01153	0.00342	0.01439	0.01062	0.00559	0.01735
43	0.03208	0.02327	0.02557	0.02238	0.02917	0.02592	0.01758	0.05891	0.42642	0.13697	0.04555	0.04132	0.03318	0.01503	0.01143	0.00376	0.00903	0.01247	0.01190	0.01806
44	0.01928	0.01386	0.01674	0.01716	0.01926	0.01401	0.01204	0.10311	0.02669	0.03565	0.05280	0.43692	0.06077	0.09292	0.01845	0.00504	0.00807	0.02633	0.01020	0.01071
45	0.01384	0.01142	0.01214	0.01196	0.01553	0.00973	0.00897	0.01719	0.02692	0.03340	0.19835	0.10338	0.44347	0.02739	0.01330	0.00375	0.00562	0.02306	0.01085	0.00973
46	0.05050	0.01915	0.02612	0.02003	0.02873	0.01654	0.01654	0.05485	0.03221	0.54203	0.04440	0.03831	0.02786	0.01393	0.01132	0.00348	0.00958	0.01132	0.01393	0.01915
47	0.05050	0.01915	0.02612	0.02003	0.02873	0.01654	0.01654	0.05485	0.03221	0.54203	0.04440	0.03831	0.02786	0.01393	0.01132	0.00348	0.00958	0.01132	0.01393	0.01915
48	0.01593	0.01150	0.01504	0.01416	0.01681	0.01062	0.01062	0.02124	0.03186	0.04513	0.52830	0.08407	0.10620	0.02301	0.01327	0.00354	0.00531	0.02035	0.01239	0.01062
49	0.01593	0.01150	0.01504	0.01416	0.01681	0.01062	0.01062	0.02124	0.03186	0.04513	0.52830	0.08407	0.10620	0.02301	0.01327	0.00354	0.00531	0.02035	0.01239	0.01062
50	0.01814	0.01296	0.01814	0.02073	0.02332	0.01296	0.01814	0.02332	0.02591	0.03368	0.05959	0.12696	0.06478	0.03109	0.01555	0.00518	0.01036	0.45848	0.01036	0.01036
51	0.01681	0.01284	0.01737	0.01777	0.01874	0.01458	0.01306	0.01944	0.01988	0.02850	0.04327	0.29745	0.04827	0.08339	0.14079	0.00791	0.10566	0.02106	0.06341	0.00980
52	0.04204	0.05364	0.03190	0.02900	0.03480	0.55926	0.02175	0.04494	0.03190	0.02755	0.01740	0.02030	0.01450	0.01160	0.01015	0.00290	0.02030	0.00725	0.00580	0.01305
53	0.01625	0.01137	0.01461	0.01461	0.01541	0.01218	0.00972	0.01786	0.01706	0.02355	0.03333	0.06186	0.03580	0.39604	0.25869	0.01379	0.01862	0.01464	0.00650	0.00811
54	0.02214	0.01381	0.02006	0.02130	0.05874	0.01426	0.01474	0.02571	0.02143	0.11079	0.03803	0.14491	0.03680	0.10211	0.28838	0.01155	0.01965	0.01577	0.00815	0.01168
55	0.02126	0.02001	0.03376	0.57739	0.07752	0.02501	0.03126	0.02876	0.02251	0.02876	0.02001	0.03001	0.01500	0.01125	0.01125	0.00375	0.01500	0.01000	0.00500	0.01250
56	0.01955	0.00978	0.01466	0.01466	0.01466	0.00978	0.00978	0.01466	0.01466	0.01955	0.01955	0.03421	0.01955	0.03910	0.04399	0.67253	0.00978	0.00978	0.00489	0.00489
57	0.01589	0.01071	0.01242	0.01289	0.01301	0.01059	0.00748	0.01624	0.01731	0.02308	0.04029	0.16872	0.04701	0.50108	0.04949	0.00976	0.01012	0.01921	0.00748	0.00724
58	0.02334	0.02001	0.02334	0.01667	0.02667	0.01500	0.01334	0.02834	0.02334	0.03668	0.02001	0.02334	0.01667	0.00834	0.00834	0.00167	0.00834	0.00667	0.00667	0.67325
59	0.02684	0.09297	0.18264	0.08169	0.08364	0.06872	0.14836	0.03914	0.09682	0.03545	0.02402	0.02814	0.01828	0.01102	0.01117	0.00350	0.01556	0.01020	0.00614	0.01570
60	0.68395	0.02177	0.01654	0.01480	0.02177	0.02525	0.01219	0.03309	0.01915	0.05050	0.01567	0.01828	0.01219	0.01045	0.00697	0.00348	0.00871	0.00609	0.00697	0.01219
61	0.02786	0.02674	0.04568	0.06908	0.53424	0.02674	0.03454	0.03454	0.02563	0.03677	0.02117	0.02786	0.01783	0.01003	0.01114	0.00334	0.01337	0.01003	0.00557	0.01783
62	0.01529	0.01148	0.01416	0.01349	0.01643	0.01035	0.01012	0.02001	0.03036	0.04157	0.42813	0.08994	0.20859	0.02434	0.01328	0.00360	0.00540	0.02118	0.01192	0.01035
63	0.02139	0.01269	0.01603	0.01478	0.01857	0.01129	0.01122	0.02561	0.02943	0.13034	0.29819	0.13666	0.18234	0.02390	0.01304	0.00370	0.00630	0.02073	0.01203	0.01176
64	0.01637	0.01091	0.01228	0.01228	0.01228	0.01091	0.00682	0.01637	0.01637	0.02182	0.03546	0.07365	0.04092	0.60445	0.05729	0.01091	0.01091	0.01637	0.00682	0.00682
65	0.01593	0.01147	0.01521	0.01534	0.01770	0.01074	0.01170	0.02073	0.02947	0.04105	0.39108	0.16581	0.09546	0.02600	0.01377	0.00393	0.00623	0.08623	0.01181	0.01037
66	0.05050	0.01915	0.02612	0.02003	0.02873	0.01654	0.01654	0.05485	0.03221	0.54203	0.04440	0.03831	0.02786	0.01393	0.01132	0.00348	0.00958	0.01132	0.01393	0.01915
67	0.02334	0.02001	0.02334	0.01667	0.02667	0.01500	0.01334	0.02834	0.02334	0.03668	0.02001	0.02334	0.01667	0.00834	0.00834	0.00167	0.00834	0.00667	0.00667	0.67325
68	0.03208	0.02327	0.02557	0.02238	0.02917	0.02592	0.01758	0.05891	0.42642	0.13697	0.04555	0.04132	0.03318	0.01503	0.01143	0.00376	0.00903	0.01247	0.01190	0.01806
69	0.02311	0.02190	0.03712	0.43430	0.20609	0.02549	0.03218	0.03039	0.02338	0.03101	0.02033	0.02940	0.01580	0.01091	0.01122	0.00364	0.01454	0.01001	0.00516	0.01400
70	0.02265	0.01815	0.02176	0.01631	0.02449	0.01405	0.01269	0.02586	0.02176	0.03357	0.01992	0.02531	0.01719	0.01392	0.01481	0.12350	0.00860	0.00723	0.00634	0.55187
71	0.01605	0.01353	0.02275	0.02144	0.02404	0.01265	0.09815	0.01937	0.02246	0.03006	0.05490	0.49418	0.06402	0.03058	0.01417	0.00443	0.00879	0.02860	0.00958	0.01024
72	0.01553	0.01119	0.01468	0.01443	0.01673	0.01035	0.01059	0.02023	0.02999	0.04216	0.44362	0.17724	0.10043	0.02523	0.01347	0.00373	0.00553	0.02247	0.01204	0.01035
73	0.03375	0.24330	0.09347	0.03511	0.17721	0.03073	0.02515	0.03934	0.02606	0.15730	0.02476	0.02643	0.01871	0.01091	0.00970	0.00305	0.01226	0.00870	0.00727	0.01679
74	0.02951	0.03057	0.06049	0.04353	0.05448	0.02963	0.40765	0.11971	0.03135	0.04239	0.02354	0.02975	0.01745	0.01022	0.01292	0.00372	0.01778	0.01271	0.00670	0.01590
75	0.02657	0.03036	0.06641	0.04744	0.05882	0.02846	0.49336	0.03605	0.02657	0.03605	0.02277	0.03036	0.01708	0.00949	0.01328	0.00380	0.01898	0.01328	0.00569	0.01518
76	0.01877	0.01451	0.02138	0.02585	0.09642	0.01450	0.01816	0.02408	0.02657	0.03629	0.17241	0.09230	0.06466	0.03167	0.07322	0.00588	0.01164	0.23049	0.00972	0.01149
77	0.03241	0.14553	0.21965	0.03126	0.08665	0.02832	0.06367	0.07320	0.02798	0.14822	0.02547	0.02703	0.01820	0.01126	0.01046	0.00331	0.01378	0.00922	0.00741	0.01697
78	0.04966	0.02049	0.02695	0.02066	0.02940	0.01853	0.01707	0.10267	0.03446	0.49104	0.04252	0.03709	0.02692	0.01389	0.01131	0.00347	0.00988	0.01119	0.01364	0.01915
79	0.02098	0.01049	0.01049	0.01049	0.01311	0.01049	0.00787	0.02623	0.02360	0.04196	0.03672	0.04196	0.02885	0.01311	0.00787	0.00262	0.00525	0.01049	0.66693	0.01049
80	0.02601	0.02554	0.04116	0.13589	0.09209	0.03096	0.11166	0.06425	0.02331	0.03317	0.01869	0.02713	0.01585	0.01493	0.02363	0.00424	0.28146	0.01054	0.00561	0.01390
81	0.07744	0.12098	0.14080	0.12915	0.08508	0.06940	0.02717	0.11112	0.06444	0.04019	0.02201	0.02560	0.01685	0.01142	0.01015	0.00334	0.01381	0.00880	0.00666	0.01556
82	0.01609	0.01327	0.01821	0.01636	0.01989	0.01208	0.05571	0.01991	0.02583	0.03354	0.19415	0.09045	0.25951	0.11898	0.02060	0.00499	0.00805	0.05253	0.00990	0.00996
83	0.02101	0.01518	0.01787	0.01821	0.02171	0.01612	0.01465	0.03336	0.16065	0.03971	0.08519	0.11584	0.05211	0.02243	0.01245	0.00407	0.00817	0.17221	0.15666	0.01238
84	0.62076	0.02069	0.01597	0.01439	0.02094	0.02384	0.01178	0.03243	0.01958	0.04968	0.01768	0.02054	0.01378	0.01070	0.00705	0.00340	0.00838	0.00651	0.06987	0.01203
85	0.01416	0.01136	0.01280	0.01369	0.01672	0.01000	0.01045	0.01723	0.02495	0.03063	0.09574	0.20011	0.37153	0.03015	0.01386	0.00416	0.00661	0.09582	0.01044	0.00958
86	0.02929	0.13207	0.03222	0.01967	0.02909	0.06928	0.01643	0.10674	0.02877	0.03962	0.02013	0.02272	0.01649	0.00968	0.00876	0.00218	0.01067	0.00716	0.00700	0.39201
87	0.03331	0.03021	0.12842	0.08045	0.20911	0.02461	0.02878	0.07604	0.06468	0.16805	0.02908	0.03091	0.02084	0.01188	0.01115	0.00349	0.01271	0.01025	0.00837	0.01766
88	0.04075	0.08200	0.14585	0.02422	0.03460	0.06383	0.02347	0.11772	0.03280	0.27436	0.03190	0.03028	0.02136	0.01261	0.01074	0.00335	0.01258	0.00972	0.01011	0.01775
89	0.13342	0.30144	0.07719	0.01902	0.02643	0.03275	0.01830	0.03167	0.02186	0.03394	0.01972	0.02357	0.01672	0.01156	0.01077	0.00298	0.07250	0.00743	0.12542	0.01329
90	0.01842	0.01510	0.01608	0.01524	0.01905	0.01531	0.01123	0.02962	0.16886	0.03553	0.12598	0.08050	0.25837	0.11750	0.01989	0.00493	0.00745	0.01893	0.01037	0.01164
91	0.02242	0.01498	0.01711	0.01566	0.01954	0.01516	0.01239	0.10898	0.03203	0.04652	0.20410	0.06710	0.09298	0.01950	0.01148	0.00342	0.00715	0.06311	0.21434	0.01202
92	0.02578	0.13548	0.16067	0.02395	0.03307	0.02422	0.06700	0.03494	0.06321	0.09247	0.17404	0.04407	0.04464	0.01471	0.01119	0.00338	0.01135	0.01257	0.00859	0.01468
93	0.01449	0.01037	0.01315	0.01507	0.01601	0.00977	0.01019	0.01640	0.02128	0.02798	0.06142	0.42623	0.10605	0.13775	0.02216	0.00570	0.00754	0.05982	0.00978	0.00884
94	0.02705	0.02138	0.02427	0.02265	0.02810	0.02371	0.01858	0.12570	0.25032	0.04648	0.04748	0.07059	0.04281	0.02078	0.01293	0.00424	0.01008	0.17655	0.01102	0.01531
95	0.45396	0.02307	0.02139	0.01775	0.02540	0.02544	0.01464	0.12118	0.02763	0.14232	0.02288	0.02346	0.01626	0.01163	0.00853	0.00346	0.00953	0.00776	0.00899	0.01470
96	0.09636	0.02857	0.02868	0.02323	0.03119	0.08480	0.01876	0.21772	0.12000	0.18559	0.03281	0.03108	0.02293	0.01345	0.01083	0.00344	0.01160	0.01023	0.01105	0.01768
97	0.03162	0.02605	0.03170	0.07804	0.03736	0.02889	0.05962	0.21495	0.21559	0.05204	0.03970	0.03944	0.06398	0.01478	0.01166	0.00364	0.01139	0.01240	0.01020	0.01694
98	0.16315	0.02952	0.03651	0.09444	0.31053	0.11250	0.02764	0.03544	0.02506	0.03740	0.01934	0.02487	0.01590	0.01047	0.01014	0.00333	0.01368	0.00878	0.00584	0.01546
99	0.09872	0.02553	0.03954	0.04215	0.21975	0.02455	0.10888	0.07185	0.02680	0.04097	0.02106	0.02604	0.01689	0.00983	0.01037	0.00301	0.01250	0.00934	0.00650	0.18572

[dist]
# distance from previous block
# <min> <max>
0	6

[block]
# block no. 1 follows, 11 sequences, length 9
# corresponding to MSA columns:
# 1233-1241
name=unknown_B
#
# <colnr> <probs for GDERKNQSTAVLIFYWHMCP>
#	G	D	E	R	K	N	Q	S	T	A	V	L	I	F	Y	W	H	M	C	P
0	0.23009	0.13855	0.22761	0.02290	0.03426	0.02777	0.02525	0.03715	0.02335	0.10789	0.02133	0.02308	0.01552	0.01087	0.00903	0.00333	0.01244	0.00765	0.00670	0.01524
1	0.10273	0.02945	0.10056	0.02956	0.10026	0.02623	0.02326	0.14802	0.11614	0.16312	0.03134	0.03095	0.02219	0.01274	0.01077	0.00351	0.01148	0.01017	0.00981	0.01769
2	0.02126	0.02001	0.03376	0.57739	0.07752	0.02501	0.03126	0.02876	0.02251	0.02876	0.02001	0.03001	0.01500	0.01125	0.01125	0.00375	0.01500	0.01000	0.00500	0.01250
3	0.11449	0.02073	0.03125	0.25226	0.16212	0.02292	0.02614	0.03258	0.02423	0.08662	0.02760	0.04206	0.02340	0.01385	0.01125	0.00379	0.01259	0.07100	0.00704	0.01407
4	0.02942	0.11013	0.16150	0.02918	0.03944	0.02579	0.12824	0.03953	0.07152	0.12693	0.03221	0.04266	0.02603	0.01404	0.01163	0.00369	0.01369	0.07062	0.00801	0.01574
5	0.02485	0.02244	0.11646	0.01986	0.02490	0.01670	0.01769	0.02882	0.02221	0.13491	0.03813	0.16140	0.03782	0.19899	0.02825	0.00613	0.06328	0.01647	0.00850	0.01220
6	0.01955	0.00978	0.01466	0.01466	0.01466	0.00978	0.00978	0.01466	0.01466	0.01955	0.01955	0.03421	0.01955	0.03910	0.04399	0.67253	0.00978	0.00978	0.00489	0.00489
7	0.02736	0.07105	0.04288	0.12895	0.15827	0.02729	0.12835	0.11176	0.02931	0.03935	0.02741	0.10444	0.02478	0.01408	0.01178	0.00361	0.01368	0.01340	0.00709	0.01517
8	0.13466	0.03160	0.12294	0.03089	0.04129	0.02677	0.17149	0.10228	0.07444	0.11322	0.02691	0.02911	0.01921	0.01152	0.01116	0.00361	0.01388	0.01060	0.00815	0.01627

[dist]
# distance from previous block
# <min> <max>
0	2

[block]
# block no. 2 follows, 11 sequences, length 25
# corresponding to MSA columns:
# 1244-1268
name=unknown_C
#
# <colnr> <probs for GDERKNQSTAVLIFYWHMCP>
#	G	D	E	R	K	N	Q	S	T	A	V	L	I	F	Y	W	H	M	C	P
0	0.09243	0.02491	0.04040	0.16412	0.39249	0.02625	0.03165	0.03325	0.02436	0.03657	0.02039	0.02732	0.01670	0.01031	0.01075	0.00344	0.01323	0.00963	0.00560	0.01621
1	0.02188	0.02064	0.03489	0.52918	0.12084	0.02517	0.03157	0.02931	0.02280	0.02952	0.02012	0.02980	0.01527	0.01114	0.01124	0.00371	0.01485	0.01000	0.00506	0.01301
2	0.02686	0.01382	0.01844	0.01617	0.02060	0.01240	0.01251	0.03157	0.03110	0.20350	0.33305	0.11301	0.07831	0.02113	0.01274	0.00361	0.00679	0.01844	0.01272	0.01324
3	0.01637	0.01091	0.01228	0.01228	0.01228	0.01091	0.00682	0.01637	0.01637	0.02182	0.03546	0.07365	0.04092	0.60445	0.05729	0.01091	0.01091	0.01637	0.00682	0.00682
4	0.01637	0.01091	0.01228	0.01228	0.01228	0.01091	0.00682	0.01637	0.01637	0.02182	0.03546	0.07365	0.04092	0.60445	0.05729	0.01091	0.01091	0.01637	0.00682	0.00682
5	0.02098	0.01049	0.01049	0.01049	0.01311	0.01049	0.00787	0.02623	0.02360	0.04196	0.03672	0.04196	0.02885	0.01311	0.00787	0.00262	0.00525	0.01049	0.66693	0.01049
6	0.02800	0.02418	0.02545	0.02291	0.02927	0.02800	0.01782	0.05981	0.51390	0.04708	0.04581	0.04199	0.03436	0.01527	0.01145	0.00382	0.00891	0.01273	0.01145	0.01782
7	0.02334	0.02001	0.02334	0.01667	0.02667	0.01500	0.01334	0.02834	0.02334	0.03668	0.02001	0.02334	0.01667	0.00834	0.00834	0.00167	0.00834	0.00667	0.00667	0.67325
8	0.02888	0.02822	0.05690	0.04158	0.05085	0.02812	0.36623	0.03668	0.02569	0.09003	0.02386	0.03031	0.01789	0.01161	0.01685	0.00394	0.10823	0.01252	0.00647	0.01516
9	0.02252	0.01899	0.02044	0.01876	0.02385	0.02068	0.01444	0.04301	0.31613	0.04316	0.15450	0.06429	0.15353	0.01959	0.01220	0.00376	0.00752	0.01656	0.01142	0.01465
10	0.01560	0.01116	0.01482	0.01574	0.01743	0.01078	0.01158	0.01920	0.02510	0.03443	0.22225	0.25164	0.07753	0.09010	0.05869	0.00592	0.00885	0.08906	0.01044	0.00969
11	0.02982	0.09492	0.15772	0.02270	0.03041	0.02328	0.02225	0.07616	0.02494	0.12670	0.02423	0.02914	0.01880	0.02013	0.02182	0.19220	0.05486	0.00931	0.00713	0.01345
12	0.04072	0.04857	0.03346	0.03261	0.08411	0.44928	0.02297	0.09339	0.03358	0.03321	0.01882	0.02178	0.01534	0.01165	0.01037	0.00300	0.01875	0.00784	0.00637	0.01419
13	0.03009	0.61122	0.05898	0.01926	0.02889	0.04454	0.01926	0.03370	0.02287	0.02648	0.01565	0.01805	0.01444	0.00963	0.00722	0.00241	0.01204	0.00602	0.00481	0.01444
14	0.01398	0.01066	0.01285	0.01392	0.01603	0.00954	0.00983	0.01686	0.02485	0.03232	0.16544	0.33470	0.23704	0.03069	0.01380	0.00412	0.00602	0.02702	0.01081	0.00954
15	0.03307	0.03643	0.16940	0.04108	0.18141	0.06712	0.07605	0.09164	0.02996	0.12656	0.02545	0.02818	0.01846	0.01133	0.01121	0.00344	0.01453	0.00993	0.00748	0.01727
16	0.03406	0.03346	0.03298	0.13218	0.09816	0.17367	0.02409	0.15015	0.12853	0.04285	0.02612	0.02876	0.01994	0.01252	0.01098	0.00340	0.01445	0.00982	0.00802	0.01586
17	0.58742	0.02324	0.01914	0.01647	0.02374	0.02670	0.01357	0.10288	0.02424	0.05358	0.01738	0.01960	0.01324	0.01091	0.00761	0.00347	0.00926	0.00670	0.00761	0.01324
18	0.02081	0.16633	0.02851	0.07240	0.02694	0.02223	0.01525	0.02811	0.07527	0.03639	0.22745	0.06185	0.13965	0.01860	0.01135	0.00335	0.00842	0.01550	0.00929	0.01230
19	0.02148	0.01129	0.01328	0.01345	0.01585	0.01078	0.00959	0.02502	0.02318	0.09226	0.04576	0.22674	0.04490	0.07984	0.01535	0.00419	0.00673	0.01823	0.31142	0.01066
20	0.03129	0.12141	0.03112	0.02002	0.02894	0.13318	0.01638	0.03556	0.02602	0.08848	0.02144	0.02350	0.01709	0.00983	0.00886	0.00224	0.01155	0.00719	0.00699	0.35891
21	0.09908	0.01826	0.02451	0.02343	0.07540	0.01755	0.01683	0.03785	0.02526	0.23988	0.03243	0.03523	0.02410	0.03244	0.16525	0.00738	0.01553	0.01035	0.00935	0.08986
22	0.03130	0.20346	0.14494	0.03664	0.16230	0.11360	0.02816	0.08847	0.02852	0.03610	0.01950	0.02302	0.01580	0.01068	0.00980	0.00306	0.01458	0.00814	0.00587	0.01605
23	0.02789	0.13167	0.14147	0.09199	0.09819	0.03097	0.18888	0.08691	0.02794	0.03767	0.02117	0.02646	0.01624	0.01041	0.01116	0.00342	0.01570	0.01018	0.00593	0.01576
24	0.01518	0.01135	0.01441	0.01417	0.01677	0.01058	0.01053	0.01951	0.02814	0.03854	0.34575	0.14112	0.17900	0.03152	0.06750	0.00514	0.00798	0.02148	0.01116	0.01018

[dist]
# distance from previous block
# <min> <max>
0	2

[block]
# block no. 3 follows, 11 sequences, length 39
# corresponding to MSA columns:
# 1271-1309
name=unknown_D
#
# <colnr> <probs for GDERKNQSTAVLIFYWHMCP>
#	G	D	E	R	K	N	Q	S	T	A	V	L	I	F	Y	W	H	M	C	P
0	0.02187	0.01282	0.01695	0.01517	0.01886	0.01164	0.01164	0.02702	0.03192	0.13055	0.44512	0.07621	0.09273	0.02145	0.01294	0.00353	0.00604	0.01880	0.01265	0.01209
1	0.02304	0.01124	0.01222	0.01191	0.01491	0.01093	0.00894	0.02787	0.02421	0.08777	0.03997	0.09712	0.03331	0.01540	0.00884	0.00290	0.00578	0.01272	0.53975	0.01117
2	0.01423	0.01019	0.01352	0.01532	0.01644	0.00948	0.01049	0.01696	0.02394	0.03253	0.17009	0.47821	0.08180	0.03242	0.01411	0.00433	0.00625	0.02930	0.01090	0.00948
3	0.01593	0.01150	0.01504	0.01416	0.01681	0.01062	0.01062	0.02124	0.03186	0.04513	0.52830	0.08407	0.10620	0.02301	0.01327	0.00354	0.00531	0.02035	0.01239	0.01062
4	0.01528	0.01133	0.01425	0.01384	0.01650	0.01029	0.01026	0.01987	0.02985	0.04113	0.41523	0.13647	0.17386	0.02508	0.01338	0.00368	0.00549	0.02202	0.01188	0.01029
5	0.02766	0.50813	0.05143	0.01838	0.02681	0.03871	0.01777	0.03156	0.02441	0.02969	0.10377	0.02940	0.03022	0.01193	0.00826	0.00260	0.01088	0.00848	0.00612	0.01379
6	0.02387	0.15327	0.46239	0.02988	0.04531	0.02930	0.03775	0.03531	0.02361	0.03407	0.01942	0.02278	0.01429	0.01051	0.01010	0.00337	0.01584	0.00792	0.00476	0.01626
7	0.03774	0.01541	0.01937	0.01591	0.02198	0.01393	0.01279	0.04248	0.02849	0.32594	0.04108	0.03989	0.02829	0.01358	0.00983	0.00311	0.00771	0.01096	0.29610	0.01541
8	0.02462	0.02462	0.03447	0.02955	0.02955	0.03447	0.02462	0.02709	0.01724	0.02709	0.01477	0.02462	0.01477	0.01970	0.03694	0.00492	0.58385	0.00985	0.00492	0.01231
9	0.02677	0.02053	0.03255	0.40228	0.06219	0.02492	0.02777	0.03300	0.02341	0.11674	0.02344	0.03066	0.01718	0.01294	0.01498	0.00387	0.09642	0.01021	0.00653	0.01362
10	0.05050	0.01915	0.02612	0.02003	0.02873	0.01654	0.01654	0.05485	0.03221	0.54203	0.04440	0.03831	0.02786	0.01393	0.01132	0.00348	0.00958	0.01132	0.01393	0.01915
11	0.02604	0.02238	0.03242	0.11158	0.12098	0.02392	0.06610	0.11337	0.10969	0.04362	0.11146	0.09647	0.04007	0.01621	0.01209	0.00368	0.01127	0.01464	0.00901	0.01501
12	0.57506	0.02132	0.01819	0.01570	0.02296	0.02375	0.01294	0.03683	0.02140	0.13499	0.02061	0.02173	0.01488	0.01105	0.00771	0.00348	0.00886	0.00699	0.00816	0.01339
13	0.03184	0.04008	0.08816	0.13343	0.13676	0.24456	0.09583	0.03813	0.02762	0.03141	0.01957	0.02511	0.01553	0.01087	0.01102	0.00332	0.01760	0.00920	0.00551	0.01446
14	0.03115	0.02181	0.03015	0.02471	0.03010	0.02434	0.05736	0.14882	0.02990	0.12908	0.02870	0.03444	0.02269	0.03722	0.19313	0.00845	0.11353	0.01118	0.00852	0.01474
15	0.03990	0.23036	0.08050	0.02168	0.03139	0.03004	0.02029	0.11787	0.03165	0.24531	0.02963	0.02826	0.02068	0.01211	0.00983	0.00310	0.01146	0.00904	0.00959	0.01731
16	0.02629	0.01685	0.02119	0.01853	0.02383	0.01678	0.01490	0.09550	0.02790	0.12361	0.04696	0.05529	0.10971	0.04132	0.20116	0.00851	0.01640	0.04685	0.00925	0.07917
17	0.02498	0.01418	0.01800	0.01590	0.02020	0.01338	0.01231	0.03231	0.07195	0.15464	0.34159	0.06707	0.07668	0.01956	0.01226	0.00348	0.00655	0.01693	0.06494	0.01310
18	0.13441	0.03475	0.19694	0.13054	0.12472	0.02627	0.06951	0.03629	0.07231	0.03828	0.02234	0.02696	0.01685	0.01100	0.01053	0.00359	0.01394	0.00937	0.00604	0.01536
19	0.02758	0.01398	0.01774	0.01533	0.02023	0.01241	0.01201	0.03212	0.03015	0.21011	0.24805	0.06928	0.14865	0.02006	0.01215	0.00349	0.00682	0.01705	0.06949	0.01329
20	0.01495	0.01092	0.01406	0.01443	0.01651	0.01002	0.01038	0.01891	0.02782	0.03829	0.33420	0.26010	0.13227	0.02764	0.01365	0.00391	0.00576	0.02460	0.01156	0.01002
21	0.02919	0.07023	0.03745	0.29376	0.05646	0.07752	0.07252	0.07440	0.06654	0.07743	0.02441	0.02964	0.01810	0.01172	0.01107	0.00353	0.01451	0.01011	0.00691	0.01450
22	0.02198	0.01900	0.02686	0.02673	0.06950	0.02048	0.06216	0.03384	0.15697	0.03646	0.07847	0.14307	0.04675	0.06557	0.01838	0.00472	0.05610	0.09049	0.00927	0.01319
23	0.01443	0.01031	0.01388	0.01649	0.01746	0.00976	0.01169	0.01691	0.02226	0.02953	0.06164	0.52090	0.07287	0.03459	0.01456	0.00467	0.00715	0.10112	0.01043	0.00934
24	0.02342	0.02022	0.02959	0.26550	0.09031	0.02402	0.02418	0.03439	0.14160	0.03227	0.02598	0.03308	0.02073	0.01738	0.01859	0.11541	0.05311	0.01062	0.00661	0.01297
25	0.02775	0.13356	0.19913	0.16507	0.05069	0.03082	0.06838	0.12320	0.02919	0.03930	0.02093	0.02553	0.01565	0.01110	0.01057	0.00340	0.01483	0.00911	0.00617	0.01561
26	0.07392	0.02407	0.08357	0.29884	0.05543	0.02399	0.06106	0.03103	0.02293	0.07265	0.02539	0.08220	0.02148	0.01418	0.01342	0.00387	0.06033	0.01194	0.00640	0.01329
27	0.13912	0.02619	0.03775	0.22108	0.20925	0.06863	0.07449	0.03338	0.02409	0.03569	0.01970	0.02657	0.01559	0.01057	0.01060	0.00351	0.01422	0.00945	0.00565	0.01447
28	0.02168	0.01210	0.01554	0.01492	0.01799	0.01115	0.01108	0.02592	0.02778	0.11975	0.24435	0.20940	0.07248	0.02328	0.01238	0.00366	0.00631	0.02047	0.11820	0.01156
29	0.02693	0.02181	0.03443	0.30669	0.17814	0.02422	0.02816	0.06940	0.02742	0.08388	0.06604	0.03458	0.02494	0.01237	0.01140	0.00358	0.01306	0.01102	0.00711	0.01483
30	0.01837	0.01319	0.01454	0.01410	0.01520	0.01385	0.00871	0.02383	0.10189	0.02617	0.03724	0.06821	0.03979	0.50317	0.04941	0.00969	0.01057	0.01574	0.00762	0.00871
31	0.02126	0.02001	0.03376	0.57739	0.07752	0.02501	0.03126	0.02876	0.02251	0.02876	0.02001	0.03001	0.01500	0.01125	0.01125	0.00375	0.01500	0.01000	0.00500	0.01250
32	0.01588	0.01208	0.01475	0.01492	0.01748	0.01150	0.01085	0.02208	0.06966	0.03793	0.27737	0.23858	0.16082	0.02693	0.01345	0.00392	0.00605	0.02375	0.01140	0.01062
33	0.01393	0.00997	0.01326	0.01552	0.01637	0.00929	0.01047	0.01623	0.02258	0.03037	0.10865	0.54581	0.07762	0.03404	0.01426	0.00447	0.00641	0.03083	0.01064	0.00929
34	0.32422	0.02028	0.02198	0.01777	0.02572	0.02030	0.01466	0.04545	0.02657	0.32963	0.03199	0.02966	0.02109	0.01243	0.00944	0.00348	0.00920	0.00906	0.01092	0.01614
35	0.01417	0.00999	0.01293	0.01509	0.01563	0.00945	0.00982	0.01579	0.02066	0.02754	0.05747	0.50712	0.06868	0.13310	0.02174	0.00566	0.00728	0.02931	0.00982	0.00874
36	0.03822	0.02926	0.03120	0.02497	0.03316	0.03277	0.02029	0.36170	0.19537	0.06356	0.03283	0.03165	0.02384	0.01405	0.01132	0.00351	0.01131	0.01093	0.01132	0.01873
37	0.04917	0.02128	0.02744	0.02103	0.02979	0.01970	0.01738	0.13080	0.03577	0.46105	0.04142	0.03637	0.02636	0.01386	0.01131	0.00346	0.01006	0.01111	0.01347	0.01915
38	0.02600	0.02190	0.02319	0.02108	0.02635	0.02506	0.01593	0.05234	0.42838	0.04274	0.04403	0.04744	0.03549	0.11654	0.01933	0.00504	0.00925	0.01335	0.01066	0.01593

[dist]
# distance from previous block
# <min> <max>
0	1

[block]
# block no. 4 follows, 11 sequences, length 7
# corresponding to MSA columns:
# 1311-1317
name=unknown_E
#
# <colnr> <probs for GDERKNQSTAVLIFYWHMCP>
#	G	D	E	R	K	N	Q	S	T	A	V	L	I	F	Y	W	H	M	C	P
0	0.02334	0.02001	0.02334	0.01667	0.02667	0.01500	0.01334	0.02834	0.02334	0.03668	0.02001	0.02334	0.01667	0.00834	0.00834	0.00167	0.00834	0.00667	0.00667	0.67325
1	0.57086	0.01984	0.01551	0.01407	0.02029	0.02273	0.01145	0.03192	0.01991	0.04904	0.01926	0.02232	0.01503	0.01090	0.00712	0.00334	0.00812	0.00684	0.11954	0.01190
2	0.02938	0.02245	0.03487	0.14235	0.08782	0.02408	0.08918	0.10610	0.02901	0.11331	0.03196	0.12689	0.02824	0.01648	0.01430	0.00386	0.06209	0.01442	0.00839	0.01482
3	0.12271	0.21975	0.08351	0.02081	0.03030	0.03174	0.01946	0.10925	0.08142	0.04179	0.02194	0.02357	0.01743	0.01086	0.00880	0.00285	0.01106	0.00774	0.00718	0.12782
4	0.11855	0.01647	0.01840	0.01636	0.02156	0.01583	0.01254	0.06399	0.02551	0.03926	0.09489	0.17243	0.08509	0.02576	0.06173	0.00467	0.00977	0.01627	0.00889	0.17203
5	0.08942	0.12718	0.15627	0.02612	0.03670	0.07541	0.07549	0.04225	0.02704	0.19860	0.02696	0.02752	0.01885	0.01150	0.01027	0.00331	0.01356	0.00919	0.00812	0.01624
6	0.03382	0.14639	0.11733	0.03450	0.11282	0.02996	0.10543	0.11388	0.03061	0.13041	0.02533	0.02751	0.01854	0.01122	0.01072	0.00330	0.01369	0.00980	0.00775	0.01699

[dist]
# distance from previous block
# <min> <max>
0	27

[block]
# block no. 5 follows, 11 sequences, length 16
# corresponding to MSA columns:
# 1345-1360
name=unknown_F
#
# <colnr> <probs for GDERKNQSTAVLIFYWHMCP>
#	G	D	E	R	K	N	Q	S	T	A	V	L	I	F	Y	W	H	M	C	P
0	0.02828	0.10278	0.31059	0.03559	0.10969	0.08219	0.06348	0.03767	0.02555	0.07066	0.02151	0.02487	0.01594	0.01075	0.01057	0.00336	0.01576	0.00875	0.00570	0.01630
1	0.02034	0.01258	0.01590	0.01445	0.01819	0.01124	0.01105	0.02502	0.03067	0.11317	0.37630	0.08239	0.17971	0.02281	0.01300	0.00358	0.00600	0.01974	0.01222	0.01162
2	0.01439	0.01109	0.01315	0.01339	0.01606	0.00985	0.00975	0.01799	0.02712	0.03566	0.26068	0.20579	0.26876	0.02788	0.01352	0.00387	0.00573	0.02426	0.01119	0.00985
3	0.02578	0.03161	0.15331	0.22996	0.08840	0.02709	0.02986	0.08587	0.13763	0.03944	0.02671	0.03080	0.01985	0.01218	0.01116	0.00365	0.01362	0.01024	0.00709	0.01575
4	0.12891	0.02992	0.02782	0.02730	0.08045	0.14671	0.01937	0.04916	0.19799	0.13023	0.03228	0.03157	0.02383	0.01297	0.01046	0.00345	0.01205	0.01000	0.00937	0.01616
5	0.01371	0.00979	0.01306	0.01567	0.01632	0.00914	0.01045	0.01567	0.02155	0.02873	0.06203	0.59710	0.07444	0.03526	0.01437	0.00457	0.00653	0.03200	0.01045	0.00914
6	0.16202	0.08362	0.02711	0.09329	0.03304	0.09690	0.01904	0.03458	0.02552	0.10746	0.03299	0.05364	0.03021	0.01696	0.01104	0.00381	0.01208	0.13534	0.00828	0.01306
7	0.01384	0.01142	0.01215	0.01197	0.01553	0.00973	0.00898	0.01720	0.02693	0.03343	0.19908	0.10334	0.44272	0.02738	0.01330	0.00375	0.00562	0.02306	0.01085	0.00973
8	0.26415	0.02730	0.02747	0.16797	0.04150	0.08269	0.02077	0.16249	0.03077	0.04810	0.02016	0.02403	0.01511	0.01163	0.00962	0.00346	0.01259	0.00837	0.00752	0.01430
9	0.02877	0.02097	0.03235	0.42047	0.06433	0.02440	0.02757	0.07916	0.02727	0.12792	0.02521	0.03125	0.01779	0.01197	0.01127	0.00366	0.01374	0.01026	0.00726	0.01438
10	0.01448	0.01145	0.01303	0.01264	0.01592	0.01000	0.00948	0.01843	0.02843	0.03699	0.29928	0.09748	0.34029	0.02605	0.01329	0.00368	0.00553	0.02223	0.01132	0.01000
11	0.02330	0.19496	0.27330	0.02354	0.03434	0.02681	0.02696	0.03135	0.02323	0.03323	0.02640	0.09437	0.02369	0.01373	0.00980	0.00324	0.01254	0.01088	0.10006	0.01426
12	0.01699	0.01099	0.01273	0.01273	0.01334	0.01123	0.00785	0.01823	0.01761	0.02522	0.03500	0.06556	0.03764	0.45689	0.11119	0.01060	0.01244	0.01501	0.10103	0.00774
13	0.02061	0.01878	0.03101	0.37319	0.13509	0.02175	0.02714	0.02675	0.02278	0.03000	0.02954	0.15584	0.02867	0.01640	0.01193	0.00387	0.01286	0.01490	0.00630	0.01259
14	0.12948	0.10469	0.08533	0.02418	0.03321	0.08429	0.02160	0.24696	0.07818	0.05282	0.02397	0.02496	0.01791	0.01228	0.01001	0.00328	0.01273	0.00881	0.00869	0.01662
15	0.02527	0.20239	0.31921	0.02671	0.03896	0.07225	0.03081	0.03385	0.02395	0.03182	0.02298	0.07995	0.02042	0.01296	0.01008	0.00330	0.01466	0.01001	0.00543	0.01500

[dist]
# distance from previous block
# <min> <max>
0	18

[block]
# block no. 6 follows, 11 sequences, length 32
# corresponding to MSA columns:
# 1384-1415
name=unknown_G
#
# <colnr> <probs for GDERKNQSTAVLIFYWHMCP>
#	G	D	E	R	K	N	Q	S	T	A	V	L	I	F	Y	W	H	M	C	P
0	0.01536	0.01132	0.01437	0.01395	0.01655	0.01033	0.01033	0.02002	0.03002	0.04157	0.42758	0.13827	0.15860	0.02495	0.01339	0.00368	0.00548	0.02196	0.01194	0.01033
1	0.02775	0.02981	0.09100	0.03530	0.15459	0.07557	0.02458	0.09454	0.07549	0.03755	0.02581	0.03453	0.02229	0.08815	0.07241	0.00585	0.07224	0.01076	0.00695	0.01483
2	0.02645	0.02006	0.02819	0.02106	0.02998	0.01631	0.07643	0.03160	0.02480	0.10634	0.02864	0.09268	0.02497	0.01238	0.01010	0.00254	0.00970	0.01111	0.00799	0.41868
3	0.10694	0.23047	0.03602	0.02001	0.02756	0.03131	0.01722	0.08655	0.14275	0.09007	0.03116	0.08103	0.02634	0.01428	0.00968	0.00327	0.01018	0.01100	0.00872	0.01542
4	0.02674	0.10434	0.09681	0.17066	0.04687	0.02747	0.07471	0.11904	0.02893	0.03887	0.02504	0.07976	0.02160	0.01318	0.01088	0.00336	0.01327	0.01139	0.00689	0.08018
5	0.10428	0.03283	0.22549	0.02268	0.03279	0.01984	0.02436	0.03653	0.02731	0.16470	0.15104	0.04160	0.04007	0.01450	0.01105	0.00353	0.01118	0.01177	0.00916	0.01526
6	0.02927	0.01945	0.02544	0.02175	0.02765	0.01966	0.05159	0.09807	0.12428	0.14326	0.10486	0.12082	0.07793	0.02009	0.01264	0.00389	0.00951	0.06367	0.01130	0.01489
7	0.03214	0.03445	0.17402	0.03313	0.09654	0.02608	0.08121	0.16163	0.03410	0.11275	0.07513	0.03367	0.02706	0.01287	0.01153	0.00350	0.01335	0.01115	0.00867	0.01703
8	0.11310	0.02701	0.10339	0.13182	0.04270	0.02345	0.07020	0.03377	0.02338	0.09415	0.02200	0.02659	0.01655	0.01148	0.01295	0.00334	0.07363	0.00901	0.00667	0.15480
9	0.01892	0.01187	0.01526	0.01493	0.01784	0.01072	0.01098	0.02280	0.02803	0.09577	0.27957	0.23428	0.14327	0.02632	0.01338	0.00387	0.00622	0.02321	0.01174	0.01102
10	0.02385	0.01976	0.03592	0.18894	0.04779	0.02017	0.15589	0.02987	0.02450	0.09017	0.03648	0.20456	0.03527	0.01840	0.01280	0.00398	0.01292	0.01783	0.00790	0.01301
11	0.03329	0.19262	0.18377	0.02422	0.03515	0.03020	0.02506	0.08850	0.09254	0.14607	0.02816	0.02803	0.02033	0.01198	0.01004	0.00325	0.01245	0.00909	0.00825	0.01698
12	0.02559	0.01951	0.03094	0.02975	0.08828	0.01908	0.10110	0.08278	0.02934	0.08931	0.08963	0.17984	0.04825	0.02128	0.01324	0.00405	0.01102	0.09362	0.00967	0.01371
13	0.01742	0.01087	0.01452	0.01591	0.01755	0.01001	0.01104	0.01999	0.02374	0.07881	0.11427	0.48535	0.07374	0.03184	0.01395	0.00435	0.00668	0.02871	0.01100	0.01025
14	0.02069	0.01589	0.02204	0.10107	0.09382	0.01661	0.01687	0.06699	0.02598	0.03626	0.09562	0.21039	0.04843	0.08857	0.01736	0.00459	0.00939	0.01853	0.07918	0.01174
15	0.09400	0.21353	0.06856	0.13230	0.04098	0.02936	0.06619	0.03424	0.02425	0.09116	0.02583	0.03683	0.02193	0.01305	0.01018	0.00342	0.01271	0.06053	0.00684	0.01410
16	0.02696	0.01628	0.02002	0.01843	0.02272	0.01615	0.01392	0.09216	0.07830	0.14591	0.11733	0.27831	0.05788	0.02424	0.01288	0.00397	0.00800	0.02125	0.01166	0.01362
17	0.01815	0.01189	0.01509	0.01616	0.01891	0.01088	0.01240	0.02137	0.02475	0.07859	0.07396	0.29530	0.19184	0.03039	0.01408	0.00441	0.00754	0.13306	0.01076	0.01048
18	0.02323	0.02182	0.03443	0.39323	0.12719	0.02650	0.02949	0.03294	0.07921	0.03176	0.02263	0.03059	0.01759	0.01238	0.01376	0.00382	0.06950	0.01031	0.00581	0.01380
19	0.16548	0.02480	0.02379	0.01840	0.02726	0.07216	0.01472	0.07780	0.02626	0.04211	0.01955	0.02235	0.01577	0.00961	0.00852	0.00234	0.00998	0.00695	0.00711	0.40504
20	0.02127	0.01462	0.01885	0.01719	0.02038	0.01488	0.01328	0.02497	0.02462	0.08476	0.15603	0.11620	0.08934	0.08176	0.04859	0.00520	0.08424	0.04512	0.04544	0.07324
21	0.01764	0.01544	0.01444	0.01532	0.01777	0.07298	0.01089	0.02033	0.02425	0.03053	0.07041	0.31830	0.20488	0.02805	0.01285	0.00393	0.00772	0.02426	0.08016	0.00985
22	0.03508	0.02160	0.03528	0.09127	0.17260	0.02106	0.07030	0.04085	0.02727	0.24379	0.03187	0.03454	0.02282	0.02031	0.07487	0.00519	0.01446	0.01112	0.00904	0.01668
23	0.02723	0.02639	0.04642	0.04282	0.16307	0.02562	0.21174	0.07994	0.06054	0.04125	0.07146	0.03452	0.02690	0.01154	0.01195	0.00341	0.01397	0.01215	0.00730	0.08178
24	0.02131	0.01173	0.01576	0.01657	0.01889	0.01067	0.01171	0.02376	0.02375	0.13472	0.05839	0.48172	0.06482	0.03086	0.01374	0.00435	0.00716	0.02773	0.01117	0.01121
25	0.02631	0.01550	0.01937	0.01764	0.02207	0.01516	0.01345	0.03585	0.12408	0.16406	0.21443	0.17521	0.06604	0.02191	0.01267	0.00380	0.00733	0.01915	0.01217	0.01381
26	0.12111	0.03632	0.09330	0.08301	0.04118	0.15912	0.07767	0.12746	0.03180	0.09106	0.02286	0.02562	0.01671	0.01166	0.01059	0.00339	0.01511	0.00914	0.00758	0.01531
27	0.02681	0.07582	0.02623	0.02391	0.07332	0.01914	0.01756	0.03301	0.06138	0.13011	0.04091	0.06632	0.03838	0.10377	0.08155	0.00654	0.01292	0.13992	0.00915	0.01326
28	0.27587	0.02608	0.03073	0.15418	0.19236	0.07876	0.02411	0.03378	0.02313	0.03932	0.01847	0.02395	0.01476	0.01061	0.00949	0.00344	0.01265	0.00826	0.00600	0.01407
29	0.03497	0.02076	0.07304	0.01972	0.02692	0.01633	0.01720	0.04221	0.06652	0.29725	0.14824	0.10261	0.04855	0.01779	0.01199	0.00364	0.00899	0.01514	0.01217	0.01597
30	0.01528	0.01106	0.01523	0.01604	0.01739	0.01155	0.01147	0.01821	0.02065	0.02866	0.09947	0.24414	0.05487	0.12852	0.24184	0.01078	0.01657	0.02049	0.00840	0.00938
31	0.15346	0.09712	0.02933	0.02157	0.02864	0.14644	0.01747	0.09269	0.07731	0.09019	0.02493	0.02694	0.01939	0.01886	0.06304	0.00455	0.01430	0.00861	0.00798	0.05716

[dist]
# distance from previous block
# <min> <max>
4	31

[block]
# block no. 7 follows, 11 sequences, length 7
# corresponding to MSA columns:
# 1447-1453
name=unknown_H
#
# <colnr> <probs for GDERKNQSTAVLIFYWHMCP>
#	G	D	E	R	K	N	Q	S	T	A	V	L	I	F	Y	W	H	M	C	P
0	0.02477	0.21987	0.40372	0.02833	0.04292	0.03152	0.03506	0.03508	0.02350	0.03297	0.01887	0.02209	0.01431	0.01038	0.00968	0.00323	0.01529	0.00765	0.00477	0.01599
1	0.18297	0.02669	0.02265	0.01927	0.02625	0.11663	0.01516	0.08553	0.08416	0.04223	0.03800	0.03839	0.10337	0.01415	0.00985	0.00311	0.01061	0.01058	0.00827	0.14212
2	0.09325	0.01552	0.01764	0.01507	0.02073	0.01357	0.01157	0.02399	0.02551	0.03931	0.19118	0.11982	0.09834	0.01829	0.01091	0.00301	0.00697	0.01553	0.00929	0.25049
3	0.09369	0.02398	0.03406	0.02645	0.03426	0.02486	0.10103	0.09830	0.08992	0.24014	0.03309	0.03286	0.02300	0.01361	0.01412	0.00372	0.07458	0.01109	0.01030	0.01695
4	0.03066	0.02335	0.03078	0.12568	0.08798	0.02592	0.02223	0.14490	0.08491	0.08482	0.02615	0.03039	0.02008	0.01568	0.01697	0.06709	0.07462	0.01014	0.00815	0.06949
