[name]
unknown

[dist]
# distance from previous block
# <min> <max>
0	95

[block]
# block no. 0 follows, 12 sequences, length 44
# corresponding to MSA columns:
# 96-139
name=unknown_A
#
# <colnr> <probs for GDERKNQSTAVLIFYWHMCP>
#	G	D	E	R	K	N	Q	S	T	A	V	L	I	F	Y	W	H	M	C	P
0	0.01734	0.01240	0.01724	0.01939	0.02190	0.01230	0.01678	0.02237	0.02573	0.03384	0.11058	0.11847	0.06712	0.02927	0.01482	0.00485	0.00951	0.42578	0.01025	0.01007
1	0.01464	0.01166	0.01828	0.01853	0.02030	0.01089	0.06447	0.01733	0.02140	0.02861	0.05595	0.54650	0.06606	0.03144	0.01380	0.00435	0.00764	0.02902	0.00962	0.00949
2	0.01489	0.01112	0.01383	0.01315	0.01596	0.01006	0.00986	0.01953	0.02959	0.04070	0.45132	0.08643	0.19648	0.02342	0.01287	0.00348	0.00522	0.02042	0.01160	0.01006
3	0.01525	0.01114	0.01580	0.01621	0.01762	0.01234	0.01190	0.01817	0.01780	0.02504	0.03513	0.14074	0.03667	0.16196	0.39634	0.01423	0.02238	0.01554	0.00667	0.00908
4	0.02156	0.01446	0.01795	0.01575	0.01963	0.01407	0.01220	0.09342	0.03381	0.08404	0.43311	0.07035	0.08535	0.02034	0.01244	0.00340	0.00642	0.01767	0.01195	0.01206
5	0.02261	0.01938	0.02261	0.01615	0.02584	0.01453	0.01292	0.02745	0.02261	0.03553	0.01938	0.02261	0.01615	0.00807	0.00807	0.00161	0.00807	0.00646	0.00646	0.68346
6	0.02426	0.02036	0.02349	0.01693	0.02654	0.01622	0.01360	0.06988	0.02512	0.03843	0.01997	0.02292	0.01636	0.00851	0.00832	0.00176	0.00842	0.00675	0.00685	0.62529
7	0.02385	0.02385	0.03340	0.02863	0.02863	0.03340	0.02385	0.02624	0.01670	0.02624	0.01431	0.02385	0.01431	0.01908	0.03578	0.00477	0.59685	0.00954	0.00477	0.01193
8	0.02261	0.01938	0.02261	0.01615	0.02584	0.01453	0.01292	0.02745	0.02261	0.03553	0.01938	0.02261	0.01615	0.00807	0.00807	0.00161	0.00807	0.00646	0.00646	0.68346
9	0.01328	0.00949	0.01265	0.01518	0.01581	0.00886	0.01012	0.01518	0.02088	0.02783	0.06010	0.60969	0.07212	0.03416	0.01392	0.00443	0.00633	0.03100	0.01012	0.00886
10	0.01389	0.01066	0.01272	0.01310	0.01557	0.00949	0.00948	0.01726	0.02591	0.03406	0.24965	0.23170	0.26220	0.02749	0.01315	0.00379	0.00560	0.02399	0.01079	0.00949
11	0.02925	0.03019	0.04206	0.06054	0.46406	0.11591	0.03142	0.03512	0.02583	0.03415	0.01991	0.02578	0.01674	0.00997	0.01064	0.00317	0.01406	0.00927	0.00543	0.01651
12	0.02385	0.02385	0.03340	0.02863	0.02863	0.03340	0.02385	0.02624	0.01670	0.02624	0.01431	0.02385	0.01431	0.01908	0.03578	0.00477	0.59685	0.00954	0.00477	0.01193
13	0.01894	0.00947	0.01420	0.01420	0.01420	0.00947	0.00947	0.01420	0.01420	0.01894	0.01894	0.03314	0.01894	0.03788	0.04261	0.68277	0.00947	0.00947	0.00473	0.00473
14	0.01328	0.00949	0.01265	0.01518	0.01581	0.00886	0.01012	0.01518	0.02088	0.02783	0.06010	0.60969	0.07212	0.03416	0.01392	0.00443	0.00633	0.03100	0.01012	0.00886
15	0.16102	0.01900	0.02369	0.01852	0.02666	0.01749	0.01529	0.04947	0.02901	0.46814	0.03818	0.03374	0.02435	0.01291	0.01023	0.00337	0.00913	0.01009	0.01232	0.01738
16	0.01407	0.01109	0.01268	0.01229	0.01545	0.00971	0.00921	0.01793	0.02764	0.03608	0.31115	0.09404	0.33955	0.02514	0.01287	0.00356	0.00535	0.02148	0.01100	0.00971
17	0.03489	0.01489	0.01989	0.01723	0.02263	0.01319	0.01338	0.03843	0.02714	0.34036	0.04790	0.22289	0.04169	0.02012	0.01163	0.00364	0.00796	0.01738	0.07006	0.01469
18	0.02059	0.01938	0.03270	0.59060	0.07510	0.02422	0.03028	0.02786	0.02180	0.02786	0.01938	0.02907	0.01453	0.01090	0.01090	0.00363	0.01453	0.00969	0.00484	0.01211
19	0.03940	0.04425	0.03061	0.02680	0.03315	0.39764	0.02058	0.14593	0.08953	0.03778	0.02186	0.02335	0.01711	0.01202	0.01020	0.00301	0.01681	0.00820	0.00735	0.01441
20	0.03466	0.02660	0.10384	0.03009	0.13142	0.05881	0.02233	0.04057	0.02871	0.25702	0.11558	0.03914	0.03474	0.01359	0.01107	0.00333	0.01105	0.01146	0.00982	0.01617
21	0.02753	0.08286	0.03073	0.02262	0.02838	0.01894	0.09612	0.03207	0.02435	0.16595	0.03786	0.10123	0.03464	0.07043	0.09512	0.00621	0.01383	0.08933	0.00877	0.01305
22	0.02985	0.02478	0.02619	0.02274	0.02939	0.02840	0.01792	0.14457	0.43802	0.05002	0.04091	0.03792	0.03047	0.01447	0.01106	0.00362	0.00927	0.01185	0.01106	0.01750
23	0.02261	0.01938	0.02261	0.01615	0.02584	0.01453	0.01292	0.02745	0.02261	0.03553	0.01938	0.02261	0.01615	0.00807	0.00807	0.00161	0.00807	0.00646	0.00646	0.68346
24	0.03263	0.02544	0.02796	0.02124	0.03013	0.02549	0.01729	0.27792	0.08158	0.05337	0.02504	0.02601	0.01887	0.01122	0.00979	0.00264	0.01013	0.00869	0.00914	0.28542
25	0.09125	0.02140	0.02463	0.01851	0.02744	0.01939	0.01509	0.12524	0.02985	0.17786	0.02641	0.02661	0.01903	0.01060	0.00924	0.00253	0.00915	0.00821	0.00914	0.32844
26	0.01459	0.01124	0.01360	0.01472	0.01743	0.01025	0.01158	0.01809	0.02477	0.03138	0.12368	0.19556	0.27874	0.02904	0.01372	0.00419	0.00699	0.16067	0.01026	0.00949
27	0.01586	0.01057	0.01189	0.01189	0.01189	0.01057	0.00661	0.01586	0.01586	0.02114	0.03436	0.07135	0.03964	0.61681	0.05550	0.01057	0.01057	0.01586	0.00661	0.00661
28	0.02059	0.01938	0.03270	0.59060	0.07510	0.02422	0.03028	0.02786	0.02180	0.02786	0.01938	0.02907	0.01453	0.01090	0.01090	0.00363	0.01453	0.00969	0.00484	0.01211
29	0.04268	0.02857	0.03150	0.02415	0.03283	0.03089	0.01995	0.43691	0.04797	0.14890	0.02895	0.02798	0.01993	0.01316	0.01092	0.00329	0.01155	0.01001	0.01133	0.01854
30	0.04533	0.01936	0.02520	0.01986	0.02792	0.01785	0.01623	0.05393	0.11311	0.47233	0.04324	0.03770	0.02803	0.01371	0.01099	0.00343	0.00917	0.01119	0.01310	0.01834
31	0.02028	0.01162	0.01450	0.01516	0.01796	0.01103	0.01189	0.02425	0.02404	0.09046	0.05499	0.21126	0.09314	0.02415	0.01202	0.00387	0.00722	0.14110	0.20043	0.01063
32	0.15366	0.02112	0.02511	0.01959	0.02780	0.02061	0.01618	0.13216	0.03273	0.38530	0.03541	0.03196	0.02298	0.01287	0.01026	0.00336	0.00963	0.00993	0.01192	0.01744
33	0.02187	0.05640	0.56031	0.03108	0.04719	0.02532	0.04029	0.03453	0.02302	0.03453	0.01957	0.02302	0.01381	0.01036	0.01036	0.00345	0.01611	0.00806	0.00460	0.01611
34	0.01318	0.00991	0.01222	0.01408	0.01552	0.00895	0.00963	0.01531	0.02194	0.02827	0.07357	0.47464	0.19847	0.03241	0.01364	0.00423	0.00611	0.02886	0.01012	0.00895
35	0.69383	0.02109	0.01603	0.01434	0.02109	0.02446	0.01181	0.03205	0.01856	0.04892	0.01518	0.01771	0.01181	0.01012	0.00675	0.00337	0.00843	0.00590	0.00675	0.01181
36	0.02125	0.02005	0.03389	0.53660	0.12395	0.02440	0.03061	0.02844	0.02211	0.02866	0.01950	0.02885	0.01482	0.01078	0.01089	0.00359	0.01437	0.00969	0.00490	0.01264
37	0.01325	0.01033	0.01204	0.01316	0.01534	0.00912	0.00928	0.01577	0.02341	0.02969	0.11708	0.33902	0.29306	0.03030	0.01337	0.00401	0.00587	0.02651	0.01025	0.00912
38	0.01325	0.00962	0.01251	0.01482	0.01572	0.00889	0.00996	0.01522	0.02122	0.02797	0.06447	0.56585	0.11314	0.03359	0.01383	0.00436	0.00626	0.03030	0.01012	0.00889
39	0.01342	0.01090	0.01190	0.01199	0.01514	0.00938	0.00886	0.01656	0.02562	0.03207	0.18970	0.15240	0.40949	0.02725	0.01299	0.00371	0.00553	0.02319	0.01049	0.00938
40	0.01558	0.01168	0.01752	0.01752	0.01947	0.01363	0.01363	0.01947	0.01752	0.02531	0.02921	0.04283	0.02726	0.08178	0.57360	0.01752	0.02921	0.01168	0.00584	0.00974
41	0.02187	0.05640	0.56031	0.03108	0.04719	0.02532	0.04029	0.03453	0.02302	0.03453	0.01957	0.02302	0.01381	0.01036	0.01036	0.00345	0.01611	0.00806	0.00460	0.01611
42	0.03808	0.01552	0.02020	0.01665	0.02280	0.01382	0.01331	0.04227	0.02805	0.37253	0.04291	0.09705	0.03188	0.01543	0.01043	0.00327	0.00792	0.01283	0.17960	0.01545
43	0.13970	0.01800	0.02082	0.01822	0.02393	0.01836	0.01487	0.08520	0.07370	0.17818	0.15253	0.05686	0.04708	0.01766	0.01136	0.00367	0.00855	0.08620	0.01102	0.01410

[dist]
# distance from previous block
# <min> <max>
0	2

[block]
# block no. 1 follows, 12 sequences, length 16
# corresponding to MSA columns:
# 142-157
name=unknown_B
#
# <colnr> <probs for GDERKNQSTAVLIFYWHMCP>
#	G	D	E	R	K	N	Q	S	T	A	V	L	I	F	Y	W	H	M	C	P
0	0.12202	0.01964	0.03019	0.50378	0.06696	0.02426	0.02750	0.02849	0.02131	0.03103	0.01875	0.02736	0.01412	0.01078	0.01028	0.00359	0.01362	0.00912	0.00513	0.01207
1	0.02737	0.48442	0.18045	0.02170	0.03269	0.03878	0.02396	0.03311	0.02237	0.02783	0.01624	0.01885	0.01395	0.00958	0.00782	0.00261	0.01275	0.00638	0.00465	0.01451
2	0.01765	0.00993	0.01324	0.01324	0.01324	0.00993	0.00827	0.01490	0.01490	0.01986	0.02539	0.04914	0.02761	0.28030	0.04801	0.40129	0.00993	0.01214	0.00552	0.00552
3	0.01443	0.01132	0.01740	0.01801	0.01960	0.01058	0.05599	0.01700	0.02132	0.02849	0.05660	0.55636	0.06701	0.03187	0.01382	0.00436	0.00743	0.02933	0.00970	0.00939
4	0.02278	0.02306	0.06855	0.01949	0.02979	0.01634	0.05085	0.02856	0.02287	0.03541	0.01959	0.02313	0.01599	0.00834	0.00860	0.00191	0.00946	0.00705	0.00624	0.58200
5	0.02536	0.02157	0.02314	0.02091	0.02654	0.02458	0.01621	0.05231	0.45403	0.04533	0.11951	0.04682	0.04377	0.01592	0.01136	0.00366	0.00810	0.01344	0.01123	0.01621
6	0.01541	0.01112	0.01401	0.01495	0.01659	0.01083	0.01104	0.01814	0.02174	0.02864	0.10117	0.16895	0.12780	0.19929	0.07038	0.00716	0.01006	0.13500	0.00894	0.00877
7	0.02429	0.09069	0.44240	0.02905	0.04334	0.02734	0.03546	0.07281	0.06578	0.03742	0.02176	0.02430	0.01575	0.01085	0.01023	0.00338	0.01489	0.00838	0.00561	0.01625
8	0.24849	0.02185	0.03129	0.02387	0.03236	0.02135	0.12759	0.04227	0.02594	0.27577	0.02938	0.02919	0.01978	0.01144	0.01006	0.00344	0.01109	0.00979	0.00952	0.01553
9	0.02445	0.03144	0.13387	0.03891	0.04945	0.02570	0.34234	0.03575	0.07127	0.03562	0.02722	0.03865	0.02219	0.01195	0.01253	0.00378	0.01631	0.05756	0.00633	0.01470
10	0.02032	0.01214	0.01605	0.01468	0.01799	0.01104	0.01114	0.02508	0.03016	0.11976	0.43134	0.11454	0.08913	0.02186	0.01265	0.00350	0.00586	0.01925	0.01209	0.01143
11	0.02484	0.15292	0.26104	0.03483	0.04757	0.02963	0.22883	0.03434	0.02397	0.03301	0.01975	0.02460	0.01497	0.00968	0.01075	0.00333	0.01620	0.00961	0.00499	0.01513
12	0.26985	0.02328	0.02233	0.01963	0.02626	0.02682	0.01563	0.09328	0.29730	0.04908	0.03202	0.03094	0.02406	0.01293	0.00950	0.00354	0.00889	0.00976	0.00950	0.01541
13	0.02261	0.01938	0.02261	0.01615	0.02584	0.01453	0.01292	0.02745	0.02261	0.03553	0.01938	0.02261	0.01615	0.00807	0.00807	0.00161	0.00807	0.00646	0.00646	0.68346
14	0.01547	0.01042	0.01348	0.01506	0.01664	0.00995	0.01110	0.01895	0.02361	0.03329	0.13705	0.34830	0.06895	0.02821	0.01300	0.00408	0.00660	0.10539	0.11095	0.00951
15	0.50970	0.02036	0.01867	0.01578	0.02301	0.02205	0.01301	0.03807	0.02217	0.19379	0.02313	0.02325	0.01614	0.01108	0.00795	0.00337	0.00868	0.00735	0.00867	0.01373

[dist]
# distance from previous block
# <min> <max>
0	1

[block]
# block no. 2 follows, 12 sequences, length 51
# corresponding to MSA columns:
# 159-209
name=unknown_C
#
# <colnr> <probs for GDERKNQSTAVLIFYWHMCP>
#	G	D	E	R	K	N	Q	S	T	A	V	L	I	F	Y	W	H	M	C	P
0	0.01816	0.01466	0.01675	0.01530	0.01951	0.01437	0.01168	0.02887	0.14808	0.04023	0.28397	0.07289	0.18334	0.02070	0.01209	0.00342	0.00628	0.01775	0.01094	0.06101
1	0.04892	0.01856	0.02530	0.01940	0.02783	0.01603	0.01603	0.05314	0.03121	0.55634	0.04302	0.03711	0.02699	0.01350	0.01096	0.00337	0.00928	0.01096	0.01350	0.01856
2	0.02995	0.45982	0.05231	0.02241	0.03123	0.09839	0.06258	0.03607	0.06407	0.02819	0.01830	0.02065	0.01577	0.00996	0.00816	0.00261	0.01289	0.00711	0.00536	0.01417
3	0.02618	0.01352	0.01802	0.01554	0.01999	0.01213	0.01213	0.03102	0.03097	0.20821	0.38259	0.06722	0.07853	0.01947	0.01225	0.00341	0.00647	0.01691	0.01248	0.01294
4	0.02666	0.03959	0.29529	0.02640	0.03782	0.02509	0.02877	0.04563	0.22330	0.09147	0.03171	0.03140	0.02281	0.01242	0.01071	0.00354	0.01248	0.01003	0.00806	0.01681
5	0.01547	0.01093	0.01363	0.01434	0.01557	0.01075	0.01006	0.01768	0.02064	0.02752	0.10325	0.16126	0.09361	0.27880	0.07476	0.00794	0.01031	0.09660	0.00851	0.00837
6	0.01627	0.01077	0.01343	0.01310	0.01547	0.01012	0.00970	0.02107	0.02814	0.04146	0.38537	0.12591	0.08369	0.02143	0.01184	0.00334	0.00525	0.01880	0.15473	0.01012
7	0.03096	0.53393	0.05303	0.02013	0.02888	0.12608	0.01903	0.03435	0.02352	0.02581	0.01542	0.01783	0.01400	0.00963	0.00744	0.00241	0.01291	0.00602	0.00481	0.01378
8	0.02261	0.01938	0.02261	0.01615	0.02584	0.01453	0.01292	0.02745	0.02261	0.03553	0.01938	0.02261	0.01615	0.00807	0.00807	0.00161	0.00807	0.00646	0.00646	0.68346
9	0.15447	0.07668	0.10986	0.02232	0.03022	0.07050	0.02055	0.07965	0.18691	0.04207	0.03026	0.03671	0.02472	0.01382	0.01010	0.00351	0.01129	0.05332	0.00820	0.01484
10	0.02540	0.02592	0.04903	0.15489	0.29438	0.02617	0.19573	0.03295	0.02459	0.03397	0.02083	0.02820	0.01653	0.00975	0.01152	0.00346	0.01510	0.01079	0.00534	0.01546
11	0.02261	0.01938	0.02261	0.01615	0.02584	0.01453	0.01292	0.02745	0.02261	0.03553	0.01938	0.02261	0.01615	0.00807	0.00807	0.00161	0.00807	0.00646	0.00646	0.68346
12	0.01397	0.01109	0.01255	0.01219	0.01540	0.00967	0.00914	0.01775	0.02742	0.03555	0.29536	0.09489	0.35566	0.02534	0.01288	0.00357	0.00536	0.02160	0.01093	0.00967
13	0.03349	0.02337	0.03564	0.04615	0.32154	0.02310	0.02573	0.09007	0.02915	0.16889	0.02789	0.03047	0.02065	0.01125	0.01060	0.00322	0.01133	0.01007	0.06020	0.01718
14	0.01515	0.01113	0.01419	0.01343	0.01612	0.01017	0.01007	0.02004	0.03021	0.04216	0.49576	0.08401	0.15114	0.02287	0.01286	0.00346	0.00519	0.02008	0.01180	0.01017
15	0.01503	0.01113	0.01401	0.01329	0.01604	0.01012	0.00997	0.01979	0.02991	0.04146	0.47435	0.08518	0.17298	0.02314	0.01286	0.00347	0.00520	0.02024	0.01170	0.01012
16	0.02261	0.01938	0.02261	0.01615	0.02584	0.01453	0.01292	0.02745	0.02261	0.03553	0.01938	0.02261	0.01615	0.00807	0.00807	0.00161	0.00807	0.00646	0.00646	0.68346
17	0.01311	0.01105	0.01136	0.01128	0.01487	0.00930	0.00846	0.01609	0.02539	0.03073	0.14906	0.10284	0.50497	0.02714	0.01288	0.00366	0.00549	0.02272	0.01029	0.00930
18	0.01328	0.00949	0.01265	0.01518	0.01581	0.00886	0.01012	0.01518	0.02088	0.02783	0.06010	0.60969	0.07212	0.03416	0.01392	0.00443	0.00633	0.03100	0.01012	0.00886
19	0.02059	0.01938	0.03270	0.59060	0.07510	0.02422	0.03028	0.02786	0.02180	0.02786	0.01938	0.02907	0.01453	0.01090	0.01090	0.00363	0.01453	0.00969	0.00484	0.01211
20	0.04892	0.01856	0.02530	0.01940	0.02783	0.01603	0.01603	0.05314	0.03121	0.55634	0.04302	0.03711	0.02699	0.01350	0.01096	0.00337	0.00928	0.01096	0.01350	0.01856
21	0.69383	0.02109	0.01603	0.01434	0.02109	0.02446	0.01181	0.03205	0.01856	0.04892	0.01518	0.01771	0.01181	0.01012	0.00675	0.00337	0.00843	0.00590	0.00675	0.01181
22	0.01328	0.00949	0.01265	0.01518	0.01581	0.00886	0.01012	0.01518	0.02088	0.02783	0.06010	0.60969	0.07212	0.03416	0.01392	0.00443	0.00633	0.03100	0.01012	0.00886
23	0.01836	0.01440	0.01701	0.01578	0.01939	0.01469	0.01200	0.03016	0.16288	0.04323	0.38024	0.07225	0.11524	0.02067	0.01239	0.00352	0.00610	0.01798	0.01163	0.01207
24	0.01328	0.00949	0.01265	0.01518	0.01581	0.00886	0.01012	0.01518	0.02088	0.02783	0.06010	0.60969	0.07212	0.03416	0.01392	0.00443	0.00633	0.03100	0.01012	0.00886
25	0.01352	0.00967	0.01286	0.01502	0.01587	0.00901	0.01014	0.01577	0.02197	0.02957	0.11288	0.55195	0.07548	0.03286	0.01380	0.00432	0.00620	0.02976	0.01033	0.00901
26	0.02187	0.05640	0.56031	0.03108	0.04719	0.02532	0.04029	0.03453	0.02302	0.03453	0.01957	0.02302	0.01381	0.01036	0.01036	0.00345	0.01611	0.00806	0.00460	0.01611
27	0.02695	0.03673	0.21985	0.04072	0.10461	0.02549	0.25468	0.03647	0.02530	0.08741	0.02319	0.02784	0.01679	0.01006	0.01163	0.00353	0.01613	0.01076	0.00601	0.01583
28	0.04252	0.02112	0.02565	0.02019	0.02795	0.02078	0.01651	0.16018	0.08256	0.34599	0.03848	0.03517	0.02567	0.01345	0.01067	0.00331	0.00949	0.01075	0.07189	0.01768
29	0.12667	0.02334	0.03463	0.03224	0.12013	0.02394	0.09415	0.07840	0.02760	0.22246	0.02773	0.02924	0.01962	0.01232	0.01335	0.00354	0.07560	0.01010	0.00883	0.01611
30	0.02837	0.02993	0.09633	0.03072	0.03983	0.02811	0.16744	0.11963	0.24846	0.04482	0.03214	0.03311	0.02384	0.01237	0.01152	0.00360	0.01289	0.01163	0.00869	0.01657
31	0.01523	0.01099	0.01439	0.01386	0.01624	0.01015	0.01027	0.02006	0.02991	0.04221	0.49713	0.13166	0.09996	0.02342	0.01296	0.00352	0.00526	0.02079	0.01182	0.01015
32	0.01322	0.00973	0.01240	0.01454	0.01565	0.00891	0.00984	0.01525	0.02149	0.02808	0.06786	0.53187	0.14492	0.03315	0.01376	0.00431	0.00620	0.02977	0.01012	0.00891
33	0.02261	0.01938	0.02261	0.01615	0.02584	0.01453	0.01292	0.02745	0.02261	0.03553	0.01938	0.02261	0.01615	0.00807	0.00807	0.00161	0.00807	0.00646	0.00646	0.68346
34	0.09204	0.01705	0.01877	0.01639	0.02076	0.01774	0.01238	0.10429	0.08350	0.08801	0.16472	0.05733	0.08271	0.15265	0.02121	0.00505	0.00855	0.01455	0.00999	0.01233
35	0.03288	0.02513	0.03276	0.02596	0.03314	0.02743	0.09083	0.19266	0.17665	0.10091	0.03221	0.03276	0.02365	0.01348	0.01295	0.00353	0.05674	0.01110	0.05876	0.01648
36	0.02342	0.03420	0.19162	0.03456	0.09602	0.06621	0.15895	0.03181	0.02652	0.03639	0.14878	0.03929	0.03685	0.01297	0.01167	0.00343	0.01398	0.01234	0.00684	0.01415
37	0.02712	0.02342	0.02465	0.02219	0.02835	0.02712	0.01726	0.05794	0.52909	0.04561	0.04438	0.04068	0.03328	0.01479	0.01109	0.00370	0.00863	0.01233	0.01109	0.01726
38	0.01671	0.01249	0.01803	0.01766	0.01951	0.01484	0.01383	0.02060	0.01800	0.02693	0.02867	0.04112	0.02631	0.06987	0.47417	0.01501	0.07153	0.01136	0.07341	0.00995
39	0.02385	0.02385	0.03340	0.02863	0.02863	0.03340	0.02385	0.02624	0.01670	0.02624	0.01431	0.02385	0.01431	0.01908	0.03578	0.00477	0.59685	0.00954	0.00477	0.01193
40	0.01450	0.01042	0.01374	0.01435	0.01608	0.00966	0.01022	0.01823	0.02652	0.03681	0.33286	0.31135	0.08949	0.02746	0.01332	0.00386	0.00566	0.02463	0.01118	0.00966
41	0.69383	0.02109	0.01603	0.01434	0.02109	0.02446	0.01181	0.03205	0.01856	0.04892	0.01518	0.01771	0.01181	0.01012	0.00675	0.00337	0.00843	0.00590	0.00675	0.01181
42	0.01562	0.01149	0.01657	0.01657	0.01819	0.01311	0.01244	0.01886	0.01724	0.02461	0.03008	0.04767	0.02936	0.17241	0.48583	0.01635	0.02605	0.01239	0.00597	0.00921
43	0.02423	0.01309	0.01739	0.01521	0.01932	0.01180	0.01180	0.02913	0.03095	0.17839	0.41168	0.06980	0.08294	0.01998	0.01236	0.00341	0.00623	0.01742	0.01239	0.01246
44	0.02059	0.01938	0.03270	0.59060	0.07510	0.02422	0.03028	0.02786	0.02180	0.02786	0.01938	0.02907	0.01453	0.01090	0.01090	0.00363	0.01453	0.00969	0.00484	0.01211
45	0.03025	0.56905	0.05464	0.01955	0.02853	0.09352	0.01889	0.03368	0.02299	0.02575	0.01532	0.01770	0.01400	0.00951	0.00727	0.00238	0.01242	0.00594	0.00475	0.01386
46	0.02273	0.10194	0.39106	0.02653	0.04054	0.02458	0.03205	0.03275	0.02285	0.03391	0.01911	0.02240	0.01436	0.00975	0.00952	0.00293	0.01388	0.00748	0.00503	0.16661
47	0.03161	0.09341	0.24141	0.03340	0.13402	0.02588	0.02950	0.08650	0.02797	0.15517	0.02529	0.02674	0.01793	0.01112	0.01031	0.00327	0.01314	0.00899	0.00740	0.01693
48	0.02856	0.02414	0.02547	0.02248	0.02890	0.02779	0.01761	0.10373	0.48095	0.04794	0.04254	0.03922	0.03180	0.01462	0.01108	0.00366	0.00897	0.01207	0.01108	0.01739
49	0.01328	0.00949	0.01265	0.01518	0.01581	0.00886	0.01012	0.01518	0.02088	0.02783	0.06010	0.60969	0.07212	0.03416	0.01392	0.00443	0.00633	0.03100	0.01012	0.00886
50	0.02360	0.04435	0.33879	0.03772	0.05157	0.02633	0.24972	0.03471	0.02423	0.03471	0.02068	0.02587	0.01503	0.00984	0.01148	0.00355	0.01713	0.01021	0.00501	0.01549

[dist]
# distance from previous block
# <min> <max>
10	21

[block]
# block no. 3 follows, 12 sequences, length 91
# corresponding to MSA columns:
# 232-322
name=unknown_D
#
# <colnr> <probs for GDERKNQSTAVLIFYWHMCP>
#	G	D	E	R	K	N	Q	S	T	A	V	L	I	F	Y	W	H	M	C	P
0	0.10200	0.02609	0.04082	0.08759	0.11880	0.02688	0.16128	0.15556	0.03153	0.10625	0.02438	0.02790	0.01771	0.01101	0.01102	0.00344	0.01350	0.01039	0.00786	0.01596
1	0.01811	0.01261	0.01460	0.01447	0.01570	0.01280	0.00936	0.07464	0.02161	0.02885	0.04130	0.23156	0.04712	0.36588	0.03741	0.00781	0.00943	0.01980	0.00820	0.00872
2	0.09559	0.07537	0.03104	0.02214	0.02971	0.02846	0.01855	0.23709	0.03539	0.16126	0.02602	0.02653	0.01872	0.01294	0.01297	0.00328	0.08026	0.00911	0.00952	0.06605
3	0.02559	0.03151	0.18373	0.03210	0.14902	0.02033	0.02571	0.03301	0.02395	0.07907	0.02167	0.02493	0.01663	0.00956	0.00959	0.00266	0.01160	0.00803	0.00628	0.28503
4	0.12370	0.26339	0.22151	0.02176	0.03227	0.03025	0.02419	0.03178	0.02296	0.03435	0.07941	0.02705	0.02417	0.01135	0.00883	0.00301	0.01196	0.00827	0.00582	0.01397
5	0.03015	0.37852	0.05011	0.02292	0.03243	0.03483	0.09079	0.06741	0.02543	0.06929	0.01945	0.02189	0.01588	0.00972	0.00855	0.00259	0.01209	0.00760	0.00607	0.09428
6	0.01975	0.01830	0.03178	0.26201	0.10188	0.01980	0.09162	0.02576	0.02355	0.03155	0.09115	0.16439	0.03842	0.01707	0.01207	0.00375	0.01197	0.01608	0.00702	0.01208
7	0.01441	0.01103	0.01272	0.01234	0.01505	0.00986	0.00895	0.01786	0.02634	0.03469	0.29238	0.09011	0.28225	0.10260	0.01847	0.00447	0.00602	0.02061	0.01050	0.00934
8	0.01517	0.08242	0.01794	0.01559	0.01726	0.01293	0.01114	0.01726	0.02103	0.02757	0.05476	0.53934	0.06521	0.03121	0.01309	0.00418	0.00696	0.02801	0.00947	0.00947
9	0.01512	0.01208	0.01392	0.01279	0.01671	0.01030	0.00969	0.01915	0.02714	0.03624	0.28352	0.08517	0.29395	0.02303	0.01230	0.00333	0.00567	0.01965	0.01049	0.08977
10	0.03305	0.02582	0.02770	0.02287	0.02997	0.02893	0.01834	0.27398	0.25674	0.05660	0.07755	0.03712	0.03203	0.01460	0.01115	0.00347	0.00996	0.01174	0.01108	0.01729
11	0.02771	0.49981	0.09901	0.01949	0.02949	0.03812	0.01995	0.03220	0.02229	0.02764	0.01606	0.01860	0.01423	0.00927	0.00743	0.00235	0.01164	0.00611	0.00487	0.09372
12	0.02172	0.01862	0.02155	0.01568	0.02482	0.01405	0.01250	0.02638	0.02281	0.03497	0.02770	0.03013	0.06441	0.00986	0.00851	0.00180	0.00784	0.00797	0.00679	0.62186
13	0.01732	0.01238	0.01721	0.01932	0.02184	0.01228	0.01671	0.02235	0.02579	0.03395	0.11539	0.11806	0.06752	0.02919	0.01480	0.00483	0.00946	0.42127	0.01027	0.01007
14	0.01476	0.01186	0.01879	0.01884	0.02071	0.01108	0.06941	0.01753	0.02145	0.02868	0.05558	0.54075	0.06551	0.03119	0.01379	0.00434	0.00776	0.02884	0.00957	0.00955
15	0.04892	0.01856	0.02530	0.01940	0.02783	0.01603	0.01603	0.05314	0.03121	0.55634	0.04302	0.03711	0.02699	0.01350	0.01096	0.00337	0.00928	0.01096	0.01350	0.01856
16	0.02631	0.02185	0.02293	0.02076	0.02649	0.02511	0.01611	0.05407	0.46895	0.04502	0.04333	0.04068	0.03265	0.01454	0.01068	0.00356	0.00821	0.01207	0.09024	0.01642
17	0.61384	0.02088	0.01801	0.08280	0.02750	0.02443	0.01400	0.03155	0.01894	0.04642	0.01568	0.01906	0.01213	0.01021	0.00724	0.00340	0.00916	0.00635	0.00652	0.01184
18	0.69383	0.02109	0.01603	0.01434	0.02109	0.02446	0.01181	0.03205	0.01856	0.04892	0.01518	0.01771	0.01181	0.01012	0.00675	0.00337	0.00843	0.00590	0.00675	0.01181
19	0.02712	0.02342	0.02465	0.02219	0.02835	0.02712	0.01726	0.05794	0.52909	0.04561	0.04438	0.04068	0.03328	0.01479	0.01109	0.00370	0.00863	0.01233	0.01109	0.01726
20	0.01481	0.01656	0.07759	0.01538	0.02007	0.01168	0.01388	0.01907	0.02433	0.03048	0.08596	0.14253	0.35513	0.02658	0.01306	0.00396	0.00765	0.10169	0.00945	0.01014
21	0.09876	0.01282	0.01551	0.01442	0.01783	0.01234	0.01096	0.02429	0.02851	0.08770	0.39209	0.11869	0.08259	0.02117	0.01207	0.00351	0.00601	0.01835	0.01134	0.01106
22	0.02894	0.02530	0.04611	0.10121	0.16588	0.02514	0.21999	0.03916	0.08569	0.10951	0.02704	0.03124	0.01997	0.01077	0.01170	0.00353	0.01427	0.01147	0.00721	0.01588
23	0.02865	0.01407	0.01881	0.01596	0.02085	0.01255	0.01255	0.03343	0.03100	0.24611	0.34562	0.06394	0.07292	0.01882	0.01211	0.00341	0.00678	0.01626	0.01259	0.01355
24	0.01380	0.01080	0.01249	0.01266	0.01544	0.00950	0.00927	0.01719	0.02614	0.03388	0.24450	0.18616	0.31525	0.02701	0.01306	0.00373	0.00554	0.02333	0.01074	0.00950
25	0.02704	0.26798	0.26152	0.08372	0.04091	0.03123	0.02865	0.03482	0.02331	0.07850	0.02001	0.02282	0.01517	0.01031	0.00917	0.00303	0.01360	0.00764	0.00547	0.01510
26	0.02704	0.45881	0.20318	0.02226	0.03356	0.03797	0.02493	0.03320	0.02241	0.02823	0.01644	0.01910	0.01394	0.00963	0.00797	0.00266	0.01295	0.00648	0.00465	0.01461
27	0.01488	0.01075	0.01234	0.01282	0.01548	0.00973	0.00956	0.01844	0.02500	0.03378	0.16947	0.18478	0.26251	0.02575	0.01244	0.00369	0.00585	0.05359	0.10958	0.00955
28	0.01483	0.01084	0.01393	0.01375	0.01607	0.00994	0.01009	0.01920	0.02857	0.03968	0.42019	0.17799	0.13451	0.02486	0.01305	0.00363	0.00539	0.02201	0.01151	0.00994
29	0.09990	0.08740	0.03115	0.02143	0.02994	0.02757	0.01804	0.25502	0.03814	0.23791	0.03012	0.02846	0.02052	0.01258	0.01016	0.00322	0.01067	0.00947	0.01082	0.01748
30	0.02126	0.02006	0.03391	0.53584	0.12463	0.02440	0.03061	0.02844	0.02212	0.02867	0.01950	0.02885	0.01482	0.01078	0.01089	0.00359	0.01437	0.00969	0.00490	0.01265
31	0.69383	0.02109	0.01603	0.01434	0.02109	0.02446	0.01181	0.03205	0.01856	0.04892	0.01518	0.01771	0.01181	0.01012	0.00675	0.00337	0.00843	0.00590	0.00675	0.01181
32	0.21019	0.01919	0.02298	0.01813	0.02615	0.01813	0.01497	0.04786	0.02804	0.42945	0.03606	0.03226	0.02319	0.01265	0.00991	0.00337	0.00907	0.00970	0.01181	0.01687
33	0.02921	0.14238	0.03977	0.16951	0.08192	0.03024	0.06749	0.18073	0.03162	0.04144	0.02404	0.06899	0.02036	0.01276	0.01053	0.00330	0.01280	0.01085	0.00720	0.01487
34	0.02392	0.01720	0.02090	0.01592	0.02366	0.01364	0.01262	0.02876	0.02572	0.09948	0.15473	0.03922	0.03939	0.01232	0.00963	0.00228	0.00748	0.01035	0.00870	0.43409
35	0.03358	0.03485	0.16691	0.03652	0.16488	0.02822	0.02839	0.23503	0.03593	0.09295	0.02453	0.02651	0.01775	0.01160	0.01075	0.00332	0.01304	0.00945	0.00818	0.01762
36	0.03590	0.08754	0.03056	0.02602	0.03138	0.43761	0.02029	0.03914	0.02926	0.02763	0.02374	0.03723	0.02240	0.01433	0.01052	0.00315	0.01742	0.08730	0.00631	0.01229
37	0.01332	0.01106	0.01165	0.01150	0.01499	0.00939	0.00863	0.01649	0.02588	0.03190	0.18451	0.10091	0.46879	0.02670	0.01288	0.00364	0.00546	0.02245	0.01045	0.00939
38	0.02059	0.01938	0.03270	0.59060	0.07510	0.02422	0.03028	0.02786	0.02180	0.02786	0.01938	0.02907	0.01453	0.01090	0.01090	0.00363	0.01453	0.00969	0.00484	0.01211
39	0.01444	0.01111	0.01319	0.01267	0.01568	0.00986	0.00950	0.01865	0.02851	0.03814	0.37362	0.09065	0.27579	0.02438	0.01287	0.00353	0.00529	0.02101	0.01127	0.00986
40	0.01835	0.01196	0.01537	0.01452	0.01778	0.01090	0.01129	0.02306	0.02944	0.08738	0.38530	0.08507	0.15431	0.02306	0.01292	0.00363	0.00609	0.06704	0.01167	0.01086
41	0.02989	0.01516	0.01714	0.01479	0.01965	0.01512	0.01168	0.07767	0.07002	0.17248	0.03735	0.03850	0.02733	0.01311	0.00904	0.00291	0.00703	0.01052	0.39700	0.01359
42	0.01549	0.01102	0.01348	0.01287	0.01563	0.01008	0.00965	0.02020	0.02895	0.04084	0.41227	0.08140	0.17435	0.02224	0.01232	0.00338	0.00521	0.01931	0.08124	0.01008
43	0.01543	0.01115	0.01457	0.01372	0.01629	0.01029	0.01029	0.02058	0.03086	0.04372	0.54304	0.08145	0.10288	0.02229	0.01286	0.00343	0.00514	0.01972	0.01200	0.01029
44	0.03402	0.01562	0.01997	0.01660	0.02239	0.01441	0.01324	0.04059	0.06658	0.30184	0.16688	0.04907	0.04660	0.01566	0.01087	0.00327	0.00748	0.01312	0.12684	0.01495
45	0.04361	0.01901	0.02411	0.01883	0.02643	0.01768	0.01544	0.11411	0.03281	0.41065	0.03952	0.03609	0.02594	0.01332	0.01046	0.00324	0.00904	0.01068	0.11173	0.01731
46	0.02261	0.01938	0.02261	0.01615	0.02584	0.01453	0.01292	0.02745	0.02261	0.03553	0.01938	0.02261	0.01615	0.00807	0.00807	0.00161	0.00807	0.00646	0.00646	0.68346
47	0.02184	0.01841	0.02152	0.01622	0.02456	0.01482	0.01284	0.02866	0.06159	0.03754	0.10193	0.03302	0.03079	0.01077	0.00904	0.00205	0.00766	0.00894	0.00766	0.53014
48	0.04892	0.01856	0.02530	0.01940	0.02783	0.01603	0.01603	0.05314	0.03121	0.55634	0.04302	0.03711	0.02699	0.01350	0.01096	0.00337	0.00928	0.01096	0.01350	0.01856
49	0.01368	0.00977	0.01310	0.01563	0.01643	0.00919	0.01080	0.01586	0.02126	0.02827	0.05988	0.56522	0.07126	0.03379	0.01402	0.00448	0.00667	0.07160	0.01011	0.00896
50	0.02705	0.02411	0.03441	0.04462	0.29507	0.02546	0.02521	0.07578	0.18890	0.04203	0.07632	0.03629	0.03032	0.01274	0.01109	0.00341	0.01078	0.01147	0.00824	0.01672
51	0.02592	0.02210	0.03818	0.04715	0.30538	0.02142	0.09379	0.03197	0.02610	0.08404	0.10388	0.08731	0.03558	0.01399	0.01168	0.00345	0.01164	0.01362	0.00755	0.01525
52	0.01368	0.00977	0.01311	0.01563	0.01644	0.00920	0.01081	0.01587	0.02126	0.02828	0.05988	0.56483	0.07125	0.03379	0.01402	0.00448	0.00667	0.07196	0.01011	0.00897
53	0.10106	0.02561	0.02872	0.02220	0.03065	0.02691	0.01834	0.31323	0.04154	0.23387	0.03098	0.02918	0.02085	0.01297	0.01056	0.00332	0.01076	0.00987	0.01143	0.01796
54	0.02544	0.33465	0.31337	0.02498	0.03777	0.03407	0.02967	0.03361	0.02260	0.03017	0.01740	0.02031	0.01390	0.00985	0.00871	0.00290	0.01393	0.00696	0.00463	0.01507
55	0.07953	0.02138	0.03275	0.24180	0.23011	0.02373	0.02665	0.03220	0.07558	0.03427	0.02580	0.08210	0.02256	0.01296	0.01081	0.00355	0.01208	0.01162	0.00634	0.01418
56	0.01566	0.01136	0.01590	0.01590	0.01729	0.01275	0.01161	0.01843	0.01704	0.02411	0.03069	0.05105	0.03082	0.23588	0.42437	0.01552	0.02384	0.01288	0.00606	0.00883
57	0.02343	0.02035	0.02478	0.02135	0.07385	0.01673	0.01520	0.03081	0.06950	0.03647	0.02179	0.02468	0.01783	0.00884	0.00860	0.00196	0.00857	0.00730	0.00679	0.56119
58	0.69383	0.02109	0.01603	0.01434	0.02109	0.02446	0.01181	0.03205	0.01856	0.04892	0.01518	0.01771	0.01181	0.01012	0.00675	0.00337	0.00843	0.00590	0.00675	0.01181
59	0.01328	0.00949	0.01265	0.01518	0.01581	0.00886	0.01012	0.01518	0.02088	0.02783	0.06010	0.60969	0.07212	0.03416	0.01392	0.00443	0.00633	0.03100	0.01012	0.00886
60	0.02334	0.02165	0.03502	0.25771	0.26645	0.02374	0.02841	0.03211	0.06840	0.03437	0.07681	0.03468	0.02658	0.01193	0.01108	0.00345	0.01236	0.01098	0.00638	0.01457
61	0.01510	0.01125	0.01412	0.01375	0.01654	0.01027	0.01054	0.01974	0.02910	0.03977	0.40948	0.09009	0.19027	0.02410	0.01307	0.00363	0.00567	0.06203	0.01144	0.01004
62	0.01558	0.01168	0.01752	0.01752	0.01947	0.01363	0.01363	0.01947	0.01752	0.02531	0.02921	0.04283	0.02726	0.08178	0.57360	0.01752	0.02921	0.01168	0.00584	0.00974
63	0.03825	0.02276	0.02633	0.02160	0.02911	0.02392	0.01738	0.13617	0.24828	0.25133	0.04063	0.03671	0.02820	0.01398	0.01101	0.00350	0.00948	0.01135	0.01201	0.01800
64	0.04892	0.01856	0.02530	0.01940	0.02783	0.01603	0.01603	0.05314	0.03121	0.55634	0.04302	0.03711	0.02699	0.01350	0.01096	0.00337	0.00928	0.01096	0.01350	0.01856
65	0.01671	0.01227	0.01637	0.01842	0.02115	0.01194	0.01587	0.02132	0.02505	0.03205	0.06741	0.11968	0.15115	0.02966	0.01466	0.00477	0.00921	0.39237	0.01006	0.00989
66	0.01289	0.01105	0.01105	0.01105	0.01473	0.00920	0.00828	0.01565	0.02485	0.02946	0.11046	0.10493	0.54437	0.02761	0.01289	0.00368	0.00552	0.02301	0.01013	0.00920
67	0.02915	0.62337	0.05714	0.01866	0.02799	0.04314	0.01866	0.03265	0.02215	0.02565	0.01516	0.01749	0.01399	0.00933	0.00700	0.00233	0.01166	0.00583	0.00466	0.01399
68	0.02724	0.04345	0.37002	0.02687	0.04018	0.02282	0.03149	0.03920	0.06703	0.12928	0.02585	0.02700	0.01803	0.01109	0.01032	0.00329	0.01352	0.00879	0.00692	0.07762
69	0.02390	0.04277	0.30358	0.03203	0.04385	0.08103	0.15128	0.03359	0.02563	0.03511	0.09409	0.03255	0.02714	0.01185	0.01129	0.00344	0.01550	0.01080	0.00599	0.01457
70	0.01398	0.01022	0.01314	0.01425	0.01586	0.00938	0.00999	0.01707	0.02470	0.03343	0.23026	0.37654	0.13201	0.02942	0.01345	0.00401	0.00584	0.02631	0.01076	0.00938
71	0.03540	0.24184	0.03910	0.02429	0.03122	0.33710	0.01986	0.04137	0.08005	0.02832	0.01916	0.02113	0.01604	0.01096	0.00901	0.00274	0.01581	0.00717	0.00587	0.01358
72	0.02460	0.26865	0.37194	0.02643	0.04000	0.03199	0.03219	0.03383	0.02270	0.03121	0.01792	0.02095	0.01388	0.00997	0.00910	0.00303	0.01445	0.00722	0.00463	0.01532
73	0.02613	0.11128	0.09624	0.22801	0.18744	0.02711	0.06513	0.03313	0.02378	0.07000	0.02105	0.02686	0.01619	0.01037	0.01041	0.00331	0.01377	0.00931	0.00563	0.01485
74	0.69383	0.02109	0.01603	0.01434	0.02109	0.02446	0.01181	0.03205	0.01856	0.04892	0.01518	0.01771	0.01181	0.01012	0.00675	0.00337	0.00843	0.00590	0.00675	0.01181
75	0.01563	0.01146	0.01642	0.01642	0.01799	0.01303	0.01225	0.01876	0.01720	0.02449	0.03021	0.04842	0.02968	0.18661	0.47208	0.01616	0.02555	0.01250	0.00599	0.00912
76	0.01307	0.01105	0.01130	0.01124	0.01484	0.00928	0.00843	0.01600	0.02528	0.03048	0.14149	0.10325	0.51269	0.02723	0.01288	0.00366	0.00550	0.02278	0.01026	0.00928
77	0.01459	0.01095	0.01352	0.01323	0.01586	0.00988	0.00979	0.01883	0.02837	0.03863	0.38841	0.14234	0.20593	0.02481	0.01298	0.00359	0.00536	0.02169	0.01135	0.00988
78	0.02261	0.01938	0.02261	0.01615	0.02584	0.01453	0.01292	0.02745	0.02261	0.03553	0.01938	0.02261	0.01615	0.00807	0.00807	0.00161	0.00807	0.00646	0.00646	0.68346
79	0.69383	0.02109	0.01603	0.01434	0.02109	0.02446	0.01181	0.03205	0.01856	0.04892	0.01518	0.01771	0.01181	0.01012	0.00675	0.00337	0.00843	0.00590	0.00675	0.01181
80	0.01328	0.00949	0.01265	0.01518	0.01581	0.00886	0.01012	0.01518	0.02088	0.02783	0.06010	0.60969	0.07212	0.03416	0.01392	0.00443	0.00633	0.03100	0.01012	0.00886
81	0.69383	0.02109	0.01603	0.01434	0.02109	0.02446	0.01181	0.03205	0.01856	0.04892	0.01518	0.01771	0.01181	0.01012	0.00675	0.00337	0.00843	0.00590	0.00675	0.01181
82	0.02915	0.62337	0.05714	0.01866	0.02799	0.04314	0.01866	0.03265	0.02215	0.02565	0.01516	0.01749	0.01399	0.00933	0.00700	0.00233	0.01166	0.00583	0.00466	0.01399
83	0.04892	0.01856	0.02530	0.01940	0.02783	0.01603	0.01603	0.05314	0.03121	0.55634	0.04302	0.03711	0.02699	0.01350	0.01096	0.00337	0.00928	0.01096	0.01350	0.01856
84	0.69383	0.02109	0.01603	0.01434	0.02109	0.02446	0.01181	0.03205	0.01856	0.04892	0.01518	0.01771	0.01181	0.01012	0.00675	0.00337	0.00843	0.00590	0.00675	0.01181
85	0.02915	0.62337	0.05714	0.01866	0.02799	0.04314	0.01866	0.03265	0.02215	0.02565	0.01516	0.01749	0.01399	0.00933	0.00700	0.00233	0.01166	0.00583	0.00466	0.01399
86	0.02059	0.01938	0.03270	0.59060	0.07510	0.02422	0.03028	0.02786	0.02180	0.02786	0.01938	0.02907	0.01453	0.01090	0.01090	0.00363	0.01453	0.00969	0.00484	0.01211
87	0.04892	0.01856	0.02530	0.01940	0.02783	0.01603	0.01603	0.05314	0.03121	0.55634	0.04302	0.03711	0.02699	0.01350	0.01096	0.00337	0.00928	0.01096	0.01350	0.01856
88	0.01578	0.01088	0.01346	0.01346	0.01400	0.01142	0.00856	0.01686	0.01632	0.02230	0.03293	0.06344	0.03620	0.46828	0.19932	0.01250	0.01574	0.01470	0.00639	0.00748
89	0.63671	0.02379	0.01733	0.01554	0.02219	0.07243	0.01262	0.03306	0.01964	0.04698	0.01533	0.01788	0.01200	0.01022	0.00702	0.00332	0.00942	0.00600	0.00665	0.01188
90	0.02837	0.02605	0.02523	0.02273	0.02885	0.07744	0.01761	0.05661	0.48317	0.04387	0.04184	0.03874	0.03151	0.01447	0.01098	0.00362	0.00965	0.01184	0.01059	0.01683

[dist]
# distance from previous block
# <min> <max>
0	4

# created by:
# /st0/software/busco_prod/Augustus/scripts/msa2prfl.pl ./align_prep/6577.fa
