[name]
unknown

[dist]
# distance from previous block
# <min> <max>
0	103

[block]
# block no. 0 follows, 14 sequences, length 23
# corresponding to MSA columns:
# 126-148
name=unknown_A
#
# <colnr> <probs for GDERKNQSTAVLIFYWHMCP>
#	G	D	E	R	K	N	Q	S	T	A	V	L	I	F	Y	W	H	M	C	P
0	0.01654	0.01181	0.01654	0.01890	0.02126	0.01181	0.01654	0.02126	0.02362	0.03071	0.05433	0.11576	0.05906	0.02835	0.01417	0.00472	0.00945	0.50626	0.00945	0.00945
1	0.01246	0.00909	0.01174	0.01387	0.01477	0.00837	0.00934	0.01434	0.02005	0.02636	0.06170	0.57474	0.12246	0.03148	0.01299	0.00409	0.00587	0.02836	0.00953	0.00837
2	0.01250	0.00893	0.01191	0.01429	0.01488	0.00834	0.00953	0.01429	0.01965	0.02620	0.05656	0.63265	0.06787	0.03215	0.01310	0.00417	0.00595	0.02917	0.00953	0.00834
3	0.71184	0.01985	0.01508	0.01350	0.01985	0.02302	0.01111	0.03017	0.01746	0.04604	0.01429	0.01667	0.01111	0.00953	0.00635	0.00318	0.00794	0.00556	0.00635	0.01111
4	0.02526	0.01812	0.02169	0.01569	0.02462	0.01391	0.01263	0.02973	0.02258	0.12171	0.02182	0.02347	0.01684	0.00842	0.00804	0.00179	0.00778	0.00676	0.00714	0.59201
5	0.03833	0.04891	0.02908	0.02644	0.03173	0.59815	0.01983	0.04098	0.02908	0.02512	0.01586	0.01851	0.01322	0.01058	0.00925	0.00264	0.01851	0.00661	0.00529	0.01190
6	0.71184	0.01985	0.01508	0.01350	0.01985	0.02302	0.01111	0.03017	0.01746	0.04604	0.01429	0.01667	0.01111	0.00953	0.00635	0.00318	0.00794	0.00556	0.00635	0.01111
7	0.02129	0.01165	0.01187	0.01109	0.01411	0.01198	0.00851	0.08001	0.02442	0.04112	0.03252	0.03678	0.02534	0.01200	0.00751	0.00247	0.00549	0.00953	0.62190	0.01042
8	0.71184	0.01985	0.01508	0.01350	0.01985	0.02302	0.01111	0.03017	0.01746	0.04604	0.01429	0.01667	0.01111	0.00953	0.00635	0.00318	0.00794	0.00556	0.00635	0.01111
9	0.02540	0.02438	0.04165	0.06299	0.57533	0.02438	0.03149	0.03149	0.02337	0.03353	0.01930	0.02540	0.01626	0.00914	0.01016	0.00305	0.01219	0.00914	0.00508	0.01626
10	0.03901	0.02874	0.03080	0.02361	0.03182	0.03182	0.01951	0.54111	0.04825	0.06468	0.02464	0.02464	0.01745	0.01232	0.01027	0.00308	0.01129	0.00924	0.01027	0.01745
11	0.02658	0.02257	0.02380	0.02110	0.02709	0.02602	0.01650	0.09255	0.51706	0.04463	0.04043	0.03722	0.03024	0.01380	0.01043	0.00345	0.00837	0.01142	0.01043	0.01634
12	0.01250	0.00893	0.01191	0.01429	0.01488	0.00834	0.00953	0.01429	0.01965	0.02620	0.05656	0.63265	0.06787	0.03215	0.01310	0.00417	0.00595	0.02917	0.00953	0.00834
13	0.01268	0.00907	0.01207	0.01417	0.01492	0.00845	0.00954	0.01474	0.02048	0.02752	0.10191	0.58353	0.07043	0.03116	0.01301	0.00408	0.00586	0.02824	0.00968	0.00845
14	0.02137	0.02027	0.03437	0.43231	0.23751	0.02332	0.02949	0.02796	0.02146	0.02864	0.01859	0.02671	0.01453	0.00989	0.01023	0.00330	0.01319	0.00913	0.00473	0.01300
15	0.02254	0.01506	0.01789	0.01618	0.02044	0.01531	0.01244	0.03442	0.19331	0.12363	0.24981	0.10386	0.09513	0.01871	0.01139	0.00339	0.00659	0.01615	0.01099	0.01277
16	0.01269	0.00901	0.01185	0.01405	0.01460	0.00846	0.00927	0.01434	0.01928	0.02571	0.05468	0.58864	0.06549	0.07941	0.01614	0.00462	0.00626	0.02806	0.00927	0.00817
17	0.35166	0.01856	0.01981	0.01607	0.02328	0.01873	0.01326	0.04090	0.02391	0.33622	0.02846	0.02655	0.01884	0.01124	0.00850	0.00318	0.00837	0.00813	0.00979	0.01455
18	0.71184	0.01985	0.01508	0.01350	0.01985	0.02302	0.01111	0.03017	0.01746	0.04604	0.01429	0.01667	0.01111	0.00953	0.00635	0.00318	0.00794	0.00556	0.00635	0.01111
19	0.01250	0.00893	0.01191	0.01429	0.01488	0.00834	0.00953	0.01429	0.01965	0.02620	0.05656	0.63265	0.06787	0.03215	0.01310	0.00417	0.00595	0.02917	0.00953	0.00834
20	0.06230	0.01302	0.01505	0.01500	0.01771	0.01328	0.01111	0.05372	0.08184	0.03498	0.16649	0.24802	0.10074	0.06822	0.01480	0.00415	0.00687	0.05290	0.00961	0.01018
21	0.02293	0.02660	0.09643	0.06927	0.07071	0.08242	0.09696	0.03260	0.10101	0.03467	0.12820	0.03581	0.03279	0.01212	0.01035	0.00299	0.01142	0.01084	0.00711	0.11477
22	0.02115	0.01848	0.02356	0.01831	0.02587	0.01606	0.05436	0.02997	0.11521	0.03414	0.02740	0.10190	0.02470	0.01189	0.00915	0.00235	0.00826	0.01044	0.00721	0.43958

[dist]
# distance from previous block
# <min> <max>
0	3

[block]
# block no. 1 follows, 14 sequences, length 37
# corresponding to MSA columns:
# 152-188
name=unknown_B
#
# <colnr> <probs for GDERKNQSTAVLIFYWHMCP>
#	G	D	E	R	K	N	Q	S	T	A	V	L	I	F	Y	W	H	M	C	P
0	0.02458	0.42874	0.04259	0.02065	0.07103	0.03135	0.01683	0.02669	0.01937	0.02376	0.01628	0.02164	0.01517	0.01855	0.05417	0.13385	0.01184	0.00683	0.00454	0.01153
1	0.08223	0.02817	0.06721	0.02255	0.03108	0.02821	0.01958	0.39964	0.04160	0.13847	0.02590	0.02545	0.01792	0.01202	0.00999	0.00311	0.01096	0.00905	0.00997	0.01689
2	0.71184	0.01985	0.01508	0.01350	0.01985	0.02302	0.01111	0.03017	0.01746	0.04604	0.01429	0.01667	0.01111	0.00953	0.00635	0.00318	0.00794	0.00556	0.00635	0.01111
3	0.06803	0.02017	0.06441	0.13023	0.03309	0.01977	0.01838	0.09944	0.10173	0.08201	0.03347	0.16421	0.03063	0.02186	0.06173	0.00464	0.01136	0.01388	0.00815	0.01281
4	0.01885	0.01103	0.01386	0.01353	0.01644	0.00992	0.00998	0.02214	0.02446	0.12130	0.19279	0.25301	0.15830	0.02358	0.01180	0.00351	0.00590	0.02063	0.05868	0.01031
5	0.02516	0.17749	0.12256	0.18741	0.04545	0.02951	0.09010	0.10372	0.02495	0.03298	0.01825	0.02322	0.01423	0.01043	0.01106	0.00313	0.05300	0.00840	0.00539	0.01356
6	0.02584	0.01379	0.01777	0.01589	0.02014	0.01299	0.01219	0.03248	0.08712	0.21839	0.22351	0.17762	0.05939	0.01982	0.01153	0.00344	0.00675	0.01730	0.01129	0.01273
7	0.02809	0.28761	0.04262	0.02261	0.03108	0.07902	0.10378	0.03477	0.07076	0.07072	0.02055	0.02262	0.01644	0.00948	0.00853	0.00253	0.01173	0.00770	0.00604	0.12333
8	0.02937	0.03061	0.17389	0.07079	0.04236	0.02323	0.17499	0.08328	0.06660	0.16080	0.02641	0.02835	0.01839	0.01068	0.01070	0.00331	0.01335	0.01009	0.00749	0.01532
9	0.02098	0.01824	0.02279	0.11054	0.03169	0.01513	0.01476	0.02590	0.02116	0.03229	0.01824	0.02225	0.01496	0.00802	0.00802	0.00182	0.00857	0.00656	0.00584	0.59224
10	0.02986	0.02350	0.03335	0.13945	0.12531	0.02580	0.06855	0.21282	0.03153	0.08140	0.02312	0.02698	0.01724	0.01153	0.01197	0.00324	0.05750	0.00954	0.05249	0.01484
11	0.37386	0.01864	0.01952	0.01591	0.02307	0.01899	0.01313	0.04024	0.02351	0.31834	0.02759	0.02594	0.01837	0.01114	0.00837	0.00318	0.00834	0.00797	0.00957	0.01434
12	0.01492	0.00995	0.01119	0.01119	0.01119	0.00995	0.00622	0.01492	0.01492	0.01990	0.03233	0.06716	0.03731	0.63935	0.05223	0.00995	0.00995	0.01492	0.00622	0.00622
13	0.01452	0.01049	0.01372	0.01291	0.01533	0.00968	0.00968	0.01937	0.02905	0.04115	0.56992	0.07666	0.09683	0.02098	0.01210	0.00323	0.00484	0.01856	0.01130	0.00968
14	0.01492	0.00995	0.01119	0.01119	0.01119	0.00995	0.00622	0.01492	0.01492	0.01990	0.03233	0.06716	0.03731	0.63935	0.05223	0.00995	0.00995	0.01492	0.00622	0.00622
15	0.02422	0.02768	0.06055	0.04325	0.05363	0.02595	0.53806	0.03287	0.02422	0.03287	0.02076	0.02768	0.01557	0.00865	0.01211	0.00346	0.01730	0.01211	0.00519	0.01384
16	0.03833	0.04891	0.02908	0.02644	0.03173	0.59815	0.01983	0.04098	0.02908	0.02512	0.01586	0.01851	0.01322	0.01058	0.00925	0.00264	0.01851	0.00661	0.00529	0.01190
17	0.02128	0.01824	0.02128	0.01520	0.02432	0.01368	0.01216	0.02584	0.02128	0.03344	0.01824	0.02128	0.01520	0.00760	0.00760	0.00152	0.00760	0.00608	0.00608	0.70208
18	0.02744	0.64552	0.05378	0.01756	0.02634	0.04061	0.01756	0.03073	0.02085	0.02414	0.01427	0.01646	0.01317	0.00878	0.00658	0.00219	0.01097	0.00549	0.00439	0.01317
19	0.02245	0.02245	0.03143	0.02694	0.02694	0.03143	0.02245	0.02470	0.01572	0.02470	0.01347	0.02245	0.01347	0.01796	0.03368	0.00449	0.62057	0.00898	0.00449	0.01123
20	0.02422	0.02768	0.06055	0.04325	0.05363	0.02595	0.53806	0.03287	0.02422	0.03287	0.02076	0.02768	0.01557	0.00865	0.01211	0.00346	0.01730	0.01211	0.00519	0.01384
21	0.01452	0.01049	0.01372	0.01291	0.01533	0.00968	0.00968	0.01937	0.02905	0.04115	0.56992	0.07666	0.09683	0.02098	0.01210	0.00323	0.00484	0.01856	0.01130	0.00968
22	0.01349	0.01045	0.01228	0.01182	0.01470	0.00924	0.00887	0.01736	0.02660	0.03534	0.36833	0.08622	0.30204	0.02315	0.01211	0.00333	0.00500	0.01990	0.01053	0.00924
23	0.01654	0.01181	0.01654	0.01890	0.02126	0.01181	0.01654	0.02126	0.02362	0.03071	0.05433	0.11576	0.05906	0.02835	0.01417	0.00472	0.00945	0.50626	0.00945	0.00945
24	0.02128	0.01824	0.02128	0.01520	0.02432	0.01368	0.01216	0.02584	0.02128	0.03344	0.01824	0.02128	0.01520	0.00760	0.00760	0.00152	0.00760	0.00608	0.00608	0.70208
25	0.02774	0.02315	0.02445	0.02133	0.02753	0.02656	0.01678	0.13454	0.47318	0.04650	0.03895	0.03604	0.02904	0.01366	0.01041	0.00341	0.00864	0.01121	0.01041	0.01644
26	0.01452	0.01049	0.01372	0.01291	0.01533	0.00968	0.00968	0.01937	0.02905	0.04115	0.56992	0.07666	0.09683	0.02098	0.01210	0.00323	0.00484	0.01856	0.01130	0.00968
27	0.37292	0.01863	0.01953	0.01592	0.02308	0.01898	0.01313	0.04027	0.02353	0.31909	0.02762	0.02596	0.01839	0.01114	0.00837	0.00318	0.00834	0.00798	0.00958	0.01435
28	0.04324	0.02096	0.02499	0.01981	0.02680	0.07326	0.01618	0.04693	0.02816	0.47976	0.03574	0.03225	0.02318	0.01295	0.01224	0.00324	0.06281	0.00984	0.01127	0.01638
29	0.02744	0.64552	0.05378	0.01756	0.02634	0.04061	0.01756	0.03073	0.02085	0.02414	0.01427	0.01646	0.01317	0.00878	0.00658	0.00219	0.01097	0.00549	0.00439	0.01317
30	0.01452	0.01049	0.01372	0.01291	0.01533	0.00968	0.00968	0.01937	0.02905	0.04115	0.56992	0.07666	0.09683	0.02098	0.01210	0.00323	0.00484	0.01856	0.01130	0.00968
31	0.15193	0.01784	0.02243	0.01750	0.02519	0.01635	0.01445	0.04686	0.02748	0.49713	0.03632	0.03203	0.02313	0.01220	0.00969	0.00318	0.00861	0.00956	0.01169	0.01645
32	0.01492	0.00995	0.01119	0.01119	0.01119	0.00995	0.00622	0.01492	0.01492	0.01990	0.03233	0.06716	0.03731	0.63935	0.05223	0.00995	0.00995	0.01492	0.00622	0.00622
33	0.64634	0.02071	0.01661	0.01448	0.02101	0.02388	0.01193	0.07990	0.02046	0.04786	0.01530	0.01745	0.01173	0.00980	0.00673	0.00317	0.00826	0.00592	0.00673	0.01173
34	0.01250	0.00893	0.01191	0.01429	0.01488	0.00834	0.00953	0.01429	0.01965	0.02620	0.05656	0.63265	0.06787	0.03215	0.01310	0.00417	0.00595	0.02917	0.00953	0.00834
35	0.52598	0.02333	0.01921	0.06786	0.02649	0.07977	0.01422	0.07657	0.02161	0.04395	0.01571	0.01849	0.01211	0.00994	0.00732	0.00314	0.00977	0.00630	0.00644	0.01178
36	0.02030	0.01926	0.02675	0.45243	0.05662	0.06848	0.02385	0.02620	0.02159	0.02743	0.02719	0.03406	0.06472	0.01186	0.01004	0.00326	0.01246	0.01007	0.07240	0.01102

[dist]
# distance from previous block
# <min> <max>
3	14

[block]
# block no. 2 follows, 14 sequences, length 19
# corresponding to MSA columns:
# 203-221
name=unknown_C
#
# <colnr> <probs for GDERKNQSTAVLIFYWHMCP>
#	G	D	E	R	K	N	Q	S	T	A	V	L	I	F	Y	W	H	M	C	P
0	0.03167	0.02501	0.03222	0.09650	0.08093	0.02741	0.06576	0.26209	0.15363	0.07600	0.02775	0.02885	0.02025	0.01188	0.01046	0.00324	0.01133	0.01005	0.00890	0.01607
1	0.02927	0.09238	0.28431	0.02509	0.03520	0.08569	0.02707	0.03646	0.02351	0.15909	0.02239	0.02408	0.01600	0.01139	0.01231	0.00322	0.08331	0.00810	0.00642	0.01473
2	0.02660	0.14111	0.22425	0.11277	0.08164	0.02541	0.02669	0.03613	0.07349	0.12073	0.02354	0.02561	0.01714	0.01048	0.00946	0.00308	0.01227	0.00839	0.00638	0.01483
3	0.02567	0.06972	0.25433	0.02495	0.03496	0.02047	0.08481	0.03351	0.02461	0.14838	0.09426	0.03982	0.03027	0.01319	0.01063	0.00332	0.01204	0.05337	0.00750	0.01420
4	0.01428	0.01058	0.01338	0.01296	0.01555	0.00968	0.00990	0.01874	0.02769	0.03811	0.45247	0.08336	0.17272	0.02238	0.01227	0.00338	0.00526	0.05693	0.01086	0.00950
5	0.02689	0.09636	0.08901	0.14424	0.03694	0.06795	0.02157	0.05757	0.05065	0.11617	0.02748	0.08055	0.02361	0.01436	0.01242	0.00339	0.06940	0.04116	0.00712	0.01315
6	0.03176	0.02993	0.17074	0.09511	0.09495	0.05655	0.02447	0.07848	0.02658	0.21616	0.02681	0.02928	0.01905	0.04016	0.01202	0.00348	0.01219	0.00925	0.00785	0.01518
7	0.03043	0.01878	0.02739	0.17847	0.09582	0.02009	0.02068	0.07540	0.02566	0.22471	0.03065	0.09880	0.02458	0.01435	0.01264	0.00345	0.06359	0.01185	0.00849	0.01417
8	0.01579	0.01182	0.01481	0.01383	0.01664	0.01151	0.01044	0.02341	0.08977	0.04136	0.50915	0.07224	0.08929	0.02017	0.01191	0.00326	0.00522	0.01776	0.01120	0.01044
9	0.02333	0.02160	0.07015	0.28246	0.05050	0.02121	0.11708	0.03207	0.06683	0.09499	0.08917	0.03469	0.02671	0.01179	0.01080	0.00337	0.01236	0.01103	0.00688	0.01298
10	0.03107	0.02630	0.08942	0.18580	0.04258	0.02612	0.02361	0.22785	0.03208	0.11925	0.02337	0.02630	0.01667	0.01207	0.01244	0.00334	0.06979	0.00916	0.00786	0.01496
11	0.03971	0.01998	0.02467	0.01979	0.02707	0.01965	0.01632	0.15736	0.08962	0.36122	0.03830	0.04004	0.02720	0.01411	0.01066	0.00332	0.00930	0.05343	0.01163	0.01663
12	0.01250	0.00893	0.01191	0.01429	0.01488	0.00834	0.00953	0.01429	0.01965	0.02620	0.05656	0.63265	0.06787	0.03215	0.01310	0.00417	0.00595	0.02917	0.00953	0.00834
13	0.02854	0.02071	0.03401	0.23207	0.17958	0.02171	0.07332	0.03612	0.05995	0.17151	0.02600	0.02957	0.01867	0.01070	0.01044	0.00327	0.01202	0.00988	0.00722	0.01470
14	0.02707	0.01550	0.02244	0.01968	0.02452	0.01474	0.06311	0.03383	0.08808	0.21952	0.04566	0.24438	0.04307	0.02068	0.01185	0.00374	0.00861	0.07015	0.01030	0.01304
15	0.01452	0.01049	0.01372	0.01291	0.01533	0.00968	0.00968	0.01937	0.02905	0.04115	0.56992	0.07666	0.09683	0.02098	0.01210	0.00323	0.00484	0.01856	0.01130	0.00968
16	0.17970	0.04281	0.02614	0.02372	0.02923	0.47743	0.01800	0.03871	0.02664	0.02951	0.01553	0.01812	0.01278	0.01035	0.00864	0.00276	0.01629	0.00639	0.00551	0.01173
17	0.01409	0.01007	0.01373	0.01611	0.01740	0.00971	0.01229	0.01704	0.02122	0.02798	0.05568	0.42876	0.06440	0.03065	0.01352	0.00439	0.00733	0.21737	0.00950	0.00877
18	0.02569	0.08246	0.24936	0.02786	0.06934	0.02442	0.06780	0.11113	0.05876	0.07389	0.02629	0.08984	0.02194	0.01280	0.01024	0.00325	0.01239	0.01088	0.00686	0.01481

[dist]
# distance from previous block
# <min> <max>
0	23

[block]
# block no. 3 follows, 14 sequences, length 19
# corresponding to MSA columns:
# 245-263
name=unknown_D
#
# <colnr> <probs for GDERKNQSTAVLIFYWHMCP>
#	G	D	E	R	K	N	Q	S	T	A	V	L	I	F	Y	W	H	M	C	P
0	0.14548	0.29354	0.19251	0.02128	0.03097	0.10593	0.02242	0.03247	0.02157	0.03040	0.01564	0.01822	0.01277	0.00942	0.00778	0.00272	0.01261	0.00623	0.00483	0.01320
1	0.02117	0.01139	0.01472	0.01384	0.01573	0.01111	0.00947	0.02218	0.01831	0.13314	0.03410	0.10613	0.03423	0.31990	0.11389	0.07844	0.01163	0.01419	0.00755	0.00889
2	0.01926	0.01412	0.02031	0.01921	0.02273	0.01405	0.06217	0.02604	0.08386	0.07202	0.04990	0.17123	0.08819	0.06907	0.05124	0.00523	0.01017	0.18148	0.00897	0.01076
3	0.02435	0.13945	0.14411	0.02165	0.02833	0.06416	0.02087	0.03105	0.05463	0.07913	0.02293	0.02796	0.01886	0.02940	0.17219	0.00677	0.08675	0.00874	0.00591	0.01277
4	0.01998	0.01886	0.03187	0.55925	0.12139	0.02296	0.02880	0.02675	0.02081	0.02695	0.01835	0.02716	0.01394	0.01015	0.01025	0.00338	0.01353	0.00912	0.00461	0.01189
5	0.03218	0.02213	0.03968	0.02883	0.03805	0.01967	0.24660	0.03832	0.02572	0.24581	0.02797	0.02941	0.01932	0.01004	0.01065	0.00302	0.01234	0.01040	0.00825	0.13161
6	0.02117	0.01747	0.01945	0.01773	0.02219	0.01926	0.01365	0.04062	0.34795	0.04223	0.25077	0.05347	0.05725	0.01672	0.01110	0.00338	0.00682	0.01436	0.01078	0.01365
7	0.03246	0.02390	0.02991	0.02426	0.02859	0.02881	0.02013	0.21671	0.02985	0.13359	0.02210	0.02536	0.01694	0.01502	0.02122	0.00376	0.29557	0.00930	0.00798	0.01454
8	0.02709	0.02236	0.02395	0.02119	0.02712	0.02549	0.01682	0.13414	0.42816	0.04563	0.03988	0.04218	0.03120	0.01481	0.01071	0.00351	0.00876	0.05077	0.01033	0.01590
9	0.01250	0.00893	0.01191	0.01429	0.01488	0.00834	0.00953	0.01429	0.01965	0.02620	0.05656	0.63265	0.06787	0.03215	0.01310	0.00417	0.00595	0.02917	0.00953	0.00834
10	0.03901	0.02874	0.03080	0.02361	0.03182	0.03182	0.01951	0.54111	0.04825	0.06468	0.02464	0.02464	0.01745	0.01232	0.01027	0.00308	0.01129	0.00924	0.01027	0.01745
11	0.71184	0.01985	0.01508	0.01350	0.01985	0.02302	0.01111	0.03017	0.01746	0.04604	0.01429	0.01667	0.01111	0.00953	0.00635	0.00318	0.00794	0.00556	0.00635	0.01111
12	0.71184	0.01985	0.01508	0.01350	0.01985	0.02302	0.01111	0.03017	0.01746	0.04604	0.01429	0.01667	0.01111	0.00953	0.00635	0.00318	0.00794	0.00556	0.00635	0.01111
13	0.02422	0.02768	0.06055	0.04325	0.05363	0.02595	0.53806	0.03287	0.02422	0.03287	0.02076	0.02768	0.01557	0.00865	0.01211	0.00346	0.01730	0.01211	0.00519	0.01384
14	0.02307	0.02200	0.03744	0.27665	0.37989	0.02377	0.03033	0.02945	0.02226	0.03070	0.01889	0.02616	0.01526	0.00958	0.01020	0.00319	0.01277	0.00913	0.00488	0.01437
15	0.02422	0.02768	0.06055	0.04325	0.05363	0.02595	0.53806	0.03287	0.02422	0.03287	0.02076	0.02768	0.01557	0.00865	0.01211	0.00346	0.01730	0.01211	0.00519	0.01384
16	0.01938	0.01824	0.03078	0.61468	0.07068	0.02280	0.02850	0.02622	0.02052	0.02622	0.01824	0.02736	0.01368	0.01026	0.01026	0.00342	0.01368	0.00912	0.00456	0.01140
17	0.01530	0.01138	0.01459	0.01317	0.01637	0.01014	0.00997	0.02011	0.02815	0.04026	0.50631	0.07027	0.08742	0.01944	0.01158	0.00303	0.00516	0.01712	0.01070	0.08951
18	0.04368	0.01799	0.02374	0.01856	0.02625	0.01629	0.01522	0.05053	0.09018	0.52024	0.04063	0.03532	0.02609	0.01284	0.01033	0.00321	0.00866	0.01047	0.01244	0.01732

[dist]
# distance from previous block
# <min> <max>
0	3

[block]
# block no. 4 follows, 14 sequences, length 39
# corresponding to MSA columns:
# 267-305
name=unknown_E
#
# <colnr> <probs for GDERKNQSTAVLIFYWHMCP>
#	G	D	E	R	K	N	Q	S	T	A	V	L	I	F	Y	W	H	M	C	P
0	0.01240	0.01035	0.01047	0.01047	0.01360	0.00879	0.00764	0.01475	0.02258	0.02697	0.09706	0.09572	0.51973	0.08508	0.01599	0.00409	0.00566	0.02101	0.00921	0.00843
1	0.04281	0.01664	0.02267	0.01788	0.02511	0.01443	0.01455	0.04657	0.02844	0.52885	0.04203	0.09252	0.02949	0.01458	0.01059	0.00327	0.00846	0.01214	0.01240	0.01658
2	0.64512	0.01969	0.01660	0.07142	0.02474	0.02300	0.01279	0.02979	0.01776	0.04413	0.01467	0.01770	0.01136	0.00960	0.00673	0.00320	0.00849	0.00590	0.00618	0.01114
3	0.04112	0.01638	0.02224	0.01742	0.02450	0.01424	0.01424	0.04523	0.02932	0.49793	0.12314	0.04144	0.03655	0.01399	0.01060	0.00318	0.00812	0.01161	0.01248	0.01625
4	0.01250	0.00893	0.01191	0.01429	0.01488	0.00834	0.00953	0.01429	0.01965	0.02620	0.05656	0.63265	0.06787	0.03215	0.01310	0.00417	0.00595	0.02917	0.00953	0.00834
5	0.03433	0.01487	0.02006	0.01627	0.02216	0.01308	0.01308	0.03862	0.02925	0.38130	0.23722	0.05043	0.05194	0.01578	0.01098	0.00319	0.00729	0.01338	0.01218	0.01457
6	0.02087	0.05108	0.54479	0.03035	0.04514	0.02400	0.07730	0.03253	0.02187	0.03253	0.01860	0.02214	0.01320	0.00966	0.00994	0.00327	0.01533	0.00794	0.00440	0.01506
7	0.02800	0.15988	0.16043	0.02431	0.03256	0.21785	0.06828	0.03374	0.02420	0.02927	0.01921	0.02261	0.01533	0.01007	0.00878	0.00273	0.01410	0.00755	0.10840	0.01272
8	0.02351	0.01817	0.02151	0.01548	0.02449	0.01381	0.01242	0.02802	0.02201	0.08290	0.02024	0.02251	0.01612	0.00806	0.00784	0.00167	0.00770	0.00646	0.00668	0.64041
9	0.02183	0.02488	0.10683	0.23399	0.29084	0.02247	0.02939	0.02881	0.02273	0.03170	0.06844	0.03017	0.02225	0.01065	0.01031	0.00321	0.01240	0.00978	0.00537	0.01394
10	0.01457	0.01078	0.01373	0.01415	0.01607	0.01041	0.01015	0.02010	0.06836	0.03497	0.30944	0.30870	0.07921	0.02513	0.01239	0.00365	0.00558	0.02248	0.01048	0.00965
11	0.01288	0.00920	0.01234	0.01472	0.01548	0.00866	0.01018	0.01494	0.02002	0.02662	0.05635	0.58448	0.06705	0.03180	0.01320	0.00422	0.00628	0.07363	0.00952	0.00844
12	0.01250	0.00893	0.01191	0.01429	0.01488	0.00834	0.00953	0.01429	0.01965	0.02620	0.05656	0.63265	0.06787	0.03215	0.01310	0.00417	0.00595	0.02917	0.00953	0.00834
13	0.01250	0.00893	0.01191	0.01429	0.01488	0.00834	0.00953	0.01429	0.01965	0.02620	0.05656	0.63265	0.06787	0.03215	0.01310	0.00417	0.00595	0.02917	0.00953	0.00834
14	0.02744	0.64552	0.05378	0.01756	0.02634	0.04061	0.01756	0.03073	0.02085	0.02414	0.01427	0.01646	0.01317	0.00878	0.00658	0.00219	0.01097	0.00549	0.00439	0.01317
15	0.02058	0.05308	0.58618	0.02925	0.04442	0.02383	0.03792	0.03250	0.02167	0.03250	0.01842	0.02167	0.01300	0.00975	0.00975	0.00325	0.01517	0.00758	0.00433	0.01517
16	0.01250	0.00893	0.01191	0.01429	0.01488	0.00834	0.00953	0.01429	0.01965	0.02620	0.05656	0.63265	0.06787	0.03215	0.01310	0.00417	0.00595	0.02917	0.00953	0.00834
17	0.02553	0.02204	0.02320	0.02088	0.02669	0.02553	0.01624	0.05453	0.55679	0.04293	0.04177	0.03829	0.03133	0.01392	0.01044	0.00348	0.00812	0.01160	0.01044	0.01624
18	0.02553	0.02204	0.02320	0.02088	0.02669	0.02553	0.01624	0.05453	0.55679	0.04293	0.04177	0.03829	0.03133	0.01392	0.01044	0.00348	0.00812	0.01160	0.01044	0.01624
19	0.01492	0.00995	0.01119	0.01119	0.01119	0.00995	0.00622	0.01492	0.01492	0.01990	0.03233	0.06716	0.03731	0.63935	0.05223	0.00995	0.00995	0.01492	0.00622	0.00622
20	0.01250	0.00893	0.01191	0.01429	0.01488	0.00834	0.00953	0.01429	0.01965	0.02620	0.05656	0.63265	0.06787	0.03215	0.01310	0.00417	0.00595	0.02917	0.00953	0.00834
21	0.02744	0.64552	0.05378	0.01756	0.02634	0.04061	0.01756	0.03073	0.02085	0.02414	0.01427	0.01646	0.01317	0.00878	0.00658	0.00219	0.01097	0.00549	0.00439	0.01317
22	0.07285	0.02883	0.23036	0.15953	0.03913	0.01908	0.02444	0.02638	0.02240	0.03332	0.15411	0.03930	0.03527	0.05734	0.01320	0.00375	0.01135	0.01099	0.00638	0.01199
23	0.09232	0.03685	0.32575	0.02375	0.03543	0.02051	0.02702	0.03880	0.02415	0.23808	0.02625	0.02614	0.01744	0.01083	0.00966	0.00322	0.01212	0.00842	0.00762	0.01566
24	0.02744	0.64552	0.05378	0.01756	0.02634	0.04061	0.01756	0.03073	0.02085	0.02414	0.01427	0.01646	0.01317	0.00878	0.00658	0.00219	0.01097	0.00549	0.00439	0.01317
25	0.02422	0.02768	0.06055	0.04325	0.05363	0.02595	0.53806	0.03287	0.02422	0.03287	0.02076	0.02768	0.01557	0.00865	0.01211	0.00346	0.01730	0.01211	0.00519	0.01384
26	0.01922	0.01684	0.06085	0.24401	0.03818	0.01635	0.01852	0.02337	0.01930	0.06109	0.02855	0.05115	0.02781	0.25648	0.02690	0.00605	0.01162	0.05767	0.00618	0.00987
27	0.49688	0.08149	0.02416	0.01771	0.02464	0.06645	0.04991	0.07309	0.02160	0.04312	0.01570	0.01821	0.01229	0.00970	0.00730	0.00306	0.00990	0.00639	0.00633	0.01207
28	0.01452	0.01049	0.01372	0.01291	0.01533	0.00968	0.00968	0.01937	0.02905	0.04115	0.56992	0.07666	0.09683	0.02098	0.01210	0.00323	0.00484	0.01856	0.01130	0.00968
29	0.01277	0.00937	0.01200	0.01356	0.01482	0.00859	0.00932	0.01515	0.02163	0.02877	0.14425	0.47454	0.13832	0.02957	0.01281	0.00393	0.00568	0.02651	0.00981	0.00859
30	0.06413	0.08880	0.22098	0.12932	0.13835	0.02600	0.08591	0.03049	0.02131	0.03121	0.01783	0.02319	0.01390	0.01009	0.01137	0.00325	0.05684	0.00839	0.00473	0.01390
31	0.03732	0.01697	0.02132	0.01714	0.02366	0.01600	0.01389	0.07868	0.07856	0.37416	0.07169	0.03768	0.03004	0.01319	0.00993	0.00307	0.00797	0.01076	0.12239	0.01559
32	0.01452	0.01049	0.01372	0.01291	0.01533	0.00968	0.00968	0.01937	0.02905	0.04115	0.56992	0.07666	0.09683	0.02098	0.01210	0.00323	0.00484	0.01856	0.01130	0.00968
33	0.02024	0.01911	0.03233	0.53611	0.14255	0.02303	0.02893	0.02697	0.02093	0.02726	0.01839	0.02708	0.01405	0.01010	0.01025	0.00337	0.01347	0.00912	0.00463	0.01209
34	0.09780	0.12556	0.03162	0.09954	0.03442	0.21619	0.01931	0.13987	0.02959	0.08538	0.01980	0.02192	0.01504	0.01071	0.00901	0.00286	0.01339	0.00754	0.00684	0.01359
35	0.02098	0.01192	0.01441	0.01292	0.01693	0.01050	0.00999	0.02481	0.02647	0.15563	0.24147	0.07244	0.24779	0.02026	0.01133	0.00324	0.00583	0.01716	0.06491	0.01102
36	0.02106	0.01431	0.01733	0.01581	0.01965	0.01449	0.01208	0.03208	0.17096	0.10440	0.32246	0.10696	0.06830	0.01901	0.01153	0.00337	0.00628	0.01658	0.01109	0.01227
37	0.08280	0.30430	0.04084	0.08046	0.07645	0.03359	0.01999	0.14923	0.02686	0.03634	0.01744	0.02052	0.01433	0.01038	0.00966	0.00280	0.04682	0.00722	0.00600	0.01398
38	0.14627	0.03061	0.20496	0.02152	0.03085	0.02194	0.02201	0.07211	0.12011	0.14953	0.05896	0.02984	0.02363	0.01187	0.00957	0.00325	0.01052	0.00925	0.00824	0.01495

[dist]
# distance from previous block
# <min> <max>
0	34

[block]
# block no. 5 follows, 14 sequences, length 44
# corresponding to MSA columns:
# 340-383
name=unknown_F
#
# <colnr> <probs for GDERKNQSTAVLIFYWHMCP>
#	G	D	E	R	K	N	Q	S	T	A	V	L	I	F	Y	W	H	M	C	P
0	0.25811	0.13783	0.10162	0.12575	0.08963	0.02710	0.02141	0.07074	0.02219	0.03717	0.01682	0.02063	0.01319	0.00973	0.00820	0.00303	0.01109	0.00707	0.00561	0.01307
1	0.10799	0.16312	0.06919	0.19002	0.18124	0.02752	0.06447	0.02992	0.02130	0.03091	0.01734	0.02282	0.01402	0.00940	0.00905	0.00301	0.01235	0.00802	0.00491	0.01340
2	0.01538	0.01139	0.01446	0.01353	0.01622	0.01092	0.01020	0.02211	0.07026	0.04129	0.52867	0.07366	0.09171	0.02043	0.01197	0.00325	0.00510	0.01802	0.01123	0.01020
3	0.02800	0.02149	0.02328	0.02057	0.02663	0.02426	0.01610	0.05399	0.49314	0.10804	0.04161	0.03788	0.03061	0.01378	0.01043	0.00344	0.00820	0.01145	0.01071	0.01639
4	0.04604	0.01746	0.02382	0.01826	0.02620	0.01508	0.01508	0.05001	0.02937	0.58244	0.04049	0.03493	0.02540	0.01270	0.01032	0.00318	0.00873	0.01032	0.01270	0.01746
5	0.01301	0.00995	0.01194	0.01247	0.01466	0.00888	0.00896	0.01605	0.02396	0.03148	0.23605	0.26635	0.25635	0.02642	0.01244	0.00362	0.00533	0.02313	0.01009	0.00888
6	0.01783	0.00891	0.01337	0.01337	0.01337	0.00891	0.00891	0.01337	0.01337	0.01783	0.01783	0.03119	0.01783	0.03565	0.04011	0.70143	0.00891	0.00891	0.00446	0.00446
7	0.01424	0.01048	0.01332	0.01261	0.01515	0.00956	0.00946	0.01881	0.02837	0.03953	0.51368	0.07932	0.15407	0.02158	0.01211	0.00326	0.00488	0.01893	0.01108	0.00956
8	0.02553	0.02204	0.02320	0.02088	0.02669	0.02553	0.01624	0.05453	0.55679	0.04293	0.04177	0.03829	0.03133	0.01392	0.01044	0.00348	0.00812	0.01160	0.01044	0.01624
9	0.02245	0.02245	0.03143	0.02694	0.02694	0.03143	0.02245	0.02470	0.01572	0.02470	0.01347	0.02245	0.01347	0.01796	0.03368	0.00449	0.62057	0.00898	0.00449	0.01123
10	0.01938	0.01824	0.03078	0.61468	0.07068	0.02280	0.02850	0.02622	0.02052	0.02622	0.01824	0.02736	0.01368	0.01026	0.01026	0.00342	0.01368	0.00912	0.00456	0.01140
11	0.01381	0.00962	0.01222	0.01380	0.01440	0.00930	0.00925	0.01535	0.01853	0.02461	0.04809	0.37892	0.05647	0.23716	0.02647	0.00619	0.00773	0.08193	0.00840	0.00775
12	0.02058	0.05308	0.58618	0.02925	0.04442	0.02383	0.03792	0.03250	0.02167	0.03250	0.01842	0.02167	0.01300	0.00975	0.00975	0.00325	0.01517	0.00758	0.00433	0.01517
13	0.02058	0.05308	0.58618	0.02925	0.04442	0.02383	0.03792	0.03250	0.02167	0.03250	0.01842	0.02167	0.01300	0.00975	0.00975	0.00325	0.01517	0.00758	0.00433	0.01517
14	0.01250	0.00893	0.01191	0.01429	0.01488	0.00834	0.00953	0.01429	0.01965	0.02620	0.05656	0.63265	0.06787	0.03215	0.01310	0.00417	0.00595	0.02917	0.00953	0.00834
15	0.02247	0.11108	0.27303	0.12389	0.10299	0.02619	0.13569	0.03130	0.02209	0.03071	0.01846	0.02353	0.01399	0.00942	0.00997	0.00317	0.01456	0.00865	0.00463	0.01419
16	0.01661	0.01548	0.07406	0.01617	0.01823	0.01367	0.01310	0.01813	0.01580	0.02223	0.02522	0.04455	0.02590	0.25380	0.19127	0.14733	0.06368	0.01144	0.00534	0.00799
17	0.03982	0.01564	0.02052	0.01625	0.02290	0.01381	0.01325	0.04397	0.02756	0.45656	0.03886	0.03570	0.02561	0.01253	0.00959	0.00299	0.00782	0.01015	0.17083	0.01564
18	0.02744	0.64552	0.05378	0.01756	0.02634	0.04061	0.01756	0.03073	0.02085	0.02414	0.01427	0.01646	0.01317	0.00878	0.00658	0.00219	0.01097	0.00549	0.00439	0.01317
19	0.13249	0.01948	0.02416	0.13412	0.03394	0.02060	0.01748	0.14338	0.02894	0.22891	0.03065	0.09036	0.02375	0.01369	0.01001	0.00331	0.00984	0.01111	0.00935	0.01442
20	0.03785	0.01565	0.02119	0.01687	0.02337	0.01368	0.01368	0.04204	0.02929	0.44169	0.17816	0.04578	0.04398	0.01485	0.01078	0.00319	0.00772	0.01246	0.01234	0.01544
21	0.03969	0.02358	0.02686	0.02077	0.02843	0.02466	0.01710	0.34181	0.04004	0.22923	0.03044	0.02904	0.02072	0.01241	0.01004	0.00306	0.00995	0.00961	0.06573	0.01683
22	0.01435	0.01092	0.01576	0.01576	0.01779	0.01232	0.01222	0.01789	0.01733	0.02429	0.03672	0.04737	0.09149	0.07081	0.52789	0.01492	0.02480	0.01228	0.00598	0.00910
23	0.01555	0.01149	0.01516	0.01699	0.01960	0.01111	0.01458	0.01980	0.02357	0.03004	0.06545	0.11195	0.17376	0.02782	0.01372	0.00444	0.00850	0.39772	0.00947	0.00927
24	0.02193	0.13491	0.37296	0.09990	0.04602	0.02650	0.09652	0.03152	0.02173	0.03053	0.01806	0.02232	0.01343	0.00953	0.00963	0.00314	0.01462	0.00802	0.00448	0.01424
25	0.20579	0.26934	0.03742	0.02100	0.02829	0.19205	0.05666	0.03364	0.02256	0.03071	0.01522	0.01796	0.01284	0.00947	0.00770	0.00267	0.01281	0.00633	0.00521	0.01234
26	0.71184	0.01985	0.01508	0.01350	0.01985	0.02302	0.01111	0.03017	0.01746	0.04604	0.01429	0.01667	0.01111	0.00953	0.00635	0.00318	0.00794	0.00556	0.00635	0.01111
27	0.02100	0.01947	0.03271	0.47187	0.06235	0.02291	0.07922	0.06432	0.02351	0.03074	0.05592	0.03049	0.01972	0.01096	0.01058	0.00339	0.01329	0.01007	0.00550	0.01198
28	0.01387	0.01046	0.01281	0.01222	0.01493	0.00940	0.00917	0.01810	0.02750	0.03748	0.44265	0.08269	0.22638	0.02235	0.01211	0.00329	0.00494	0.01941	0.01081	0.00940
29	0.02393	0.01425	0.02131	0.06365	0.02546	0.01338	0.05330	0.02899	0.02810	0.18152	0.34545	0.05807	0.06531	0.01702	0.01149	0.00325	0.00751	0.01516	0.01067	0.01218
30	0.02188	0.01764	0.06418	0.02179	0.09875	0.01529	0.01430	0.06106	0.02063	0.08428	0.02961	0.05102	0.02963	0.38689	0.03533	0.00721	0.01066	0.01261	0.00687	0.01038
31	0.02246	0.02090	0.06180	0.01945	0.02460	0.02070	0.01607	0.07103	0.31013	0.03890	0.08125	0.08818	0.03951	0.08104	0.01530	0.00423	0.00873	0.05265	0.00947	0.01362
32	0.71184	0.01985	0.01508	0.01350	0.01985	0.02302	0.01111	0.03017	0.01746	0.04604	0.01429	0.01667	0.01111	0.00953	0.00635	0.00318	0.00794	0.00556	0.00635	0.01111
33	0.09973	0.02341	0.02504	0.06456	0.03065	0.02683	0.01753	0.18582	0.31961	0.04809	0.03242	0.03144	0.02407	0.01275	0.00996	0.00333	0.00940	0.01014	0.00954	0.01569
34	0.22726	0.01872	0.01943	0.01469	0.02299	0.01647	0.01185	0.02713	0.02014	0.03720	0.01706	0.01990	0.01398	0.00817	0.00723	0.00201	0.00770	0.00592	0.00616	0.49597
35	0.07823	0.31203	0.10959	0.07197	0.11063	0.03043	0.02216	0.03299	0.02207	0.09568	0.01898	0.02149	0.01496	0.00960	0.00821	0.00273	0.01139	0.00715	0.00564	0.01409
36	0.02051	0.07785	0.31004	0.07136	0.04172	0.02292	0.12142	0.02950	0.02234	0.03175	0.07624	0.02999	0.02319	0.01604	0.05718	0.00428	0.01508	0.00978	0.00532	0.01347
37	0.02415	0.01371	0.01645	0.01478	0.01951	0.01256	0.01163	0.03011	0.07985	0.19693	0.10686	0.10500	0.25511	0.02092	0.01160	0.00348	0.00684	0.04763	0.01070	0.01218
38	0.02262	0.02128	0.03608	0.39722	0.16918	0.02414	0.08106	0.06767	0.02362	0.03137	0.01921	0.02678	0.01469	0.01002	0.01043	0.00332	0.01357	0.00944	0.00517	0.01311
39	0.16814	0.02739	0.14834	0.02600	0.08707	0.02106	0.05247	0.07347	0.02524	0.19728	0.02676	0.05859	0.02002	0.01184	0.00964	0.00324	0.01088	0.00970	0.00802	0.01485
40	0.01605	0.01187	0.01692	0.12255	0.02519	0.01351	0.01328	0.01940	0.01731	0.02468	0.02776	0.04508	0.02673	0.21161	0.28205	0.01089	0.01786	0.01158	0.07689	0.00881
41	0.01387	0.01049	0.01309	0.01445	0.01671	0.00970	0.01131	0.01713	0.02289	0.02930	0.10911	0.24430	0.23218	0.02804	0.01307	0.00405	0.00679	0.18498	0.00963	0.00891
42	0.02535	0.01807	0.02922	0.48109	0.06072	0.02107	0.02549	0.03155	0.02250	0.15080	0.02322	0.02906	0.01631	0.01081	0.01027	0.00337	0.01257	0.00939	0.00638	0.01276
43	0.10176	0.02731	0.12844	0.11486	0.13585	0.02319	0.10596	0.03613	0.08988	0.10104	0.02406	0.02720	0.01766	0.01040	0.01005	0.00328	0.01231	0.00940	0.00663	0.01459

[dist]
# distance from previous block
# <min> <max>
0	19

# created by:
# /st0/software/busco_prod/Augustus/scripts/msa2prfl.pl ./align_prep/6583.fa
