[name]
unknown

[dist]
# distance from previous block
# <min> <max>
3	102

[block]
# block no. 0 follows, 13 sequences, length 24
# corresponding to MSA columns:
# 116-139
name=unknown_A
#
# <colnr> <probs for GDERKNQSTAVLIFYWHMCP>
#	G	D	E	R	K	N	Q	S	T	A	V	L	I	F	Y	W	H	M	C	P
0	0.09782	0.02252	0.02992	0.25206	0.10032	0.02564	0.02343	0.15049	0.08308	0.07671	0.02408	0.02788	0.01771	0.01144	0.01017	0.00337	0.01182	0.00940	0.00751	0.01463
1	0.01635	0.01146	0.01392	0.01495	0.01675	0.01122	0.01051	0.06827	0.02371	0.03242	0.05562	0.46742	0.09172	0.02850	0.01251	0.00395	0.00652	0.02539	0.07912	0.00970
2	0.53434	0.02627	0.01936	0.01705	0.02357	0.11908	0.01371	0.07571	0.02274	0.04547	0.01591	0.01820	0.01238	0.01024	0.00739	0.00317	0.01031	0.00623	0.00671	0.01215
3	0.01381	0.01046	0.01409	0.01590	0.01646	0.01074	0.01102	0.01569	0.01988	0.02685	0.05426	0.56743	0.06486	0.03180	0.01541	0.00432	0.06063	0.02818	0.00935	0.00886
4	0.02060	0.01944	0.03286	0.54801	0.12287	0.02366	0.02968	0.02757	0.02144	0.02778	0.01890	0.02798	0.01437	0.01045	0.01056	0.00348	0.01394	0.00940	0.00475	0.01226
5	0.01496	0.01081	0.01413	0.01330	0.01580	0.00998	0.00998	0.01995	0.02993	0.04240	0.55689	0.07898	0.09976	0.02162	0.01247	0.00333	0.00499	0.01912	0.01164	0.00998
6	0.57682	0.01997	0.01727	0.01485	0.02171	0.02214	0.01224	0.03502	0.02036	0.14804	0.01992	0.02080	0.01429	0.01044	0.00733	0.00327	0.00834	0.00667	0.00780	0.01271
7	0.01282	0.00946	0.01201	0.01405	0.01516	0.00864	0.00951	0.01480	0.02089	0.02726	0.06651	0.53382	0.15231	0.03205	0.01333	0.00417	0.00600	0.02875	0.00982	0.00864
8	0.01331	0.00951	0.01276	0.01521	0.01601	0.00895	0.01055	0.01546	0.02066	0.02747	0.05804	0.57006	0.06900	0.03272	0.01361	0.00435	0.00650	0.07731	0.00981	0.00871
9	0.02827	0.63478	0.05540	0.01809	0.02714	0.04184	0.01809	0.03166	0.02148	0.02488	0.01470	0.01696	0.01357	0.00905	0.00678	0.00226	0.01131	0.00565	0.00452	0.01357
10	0.04744	0.01799	0.02454	0.01881	0.02699	0.01554	0.01554	0.05153	0.03026	0.56979	0.04171	0.03599	0.02617	0.01309	0.01063	0.00327	0.00900	0.01063	0.01309	0.01799
11	0.02827	0.63478	0.05540	0.01809	0.02714	0.04184	0.01809	0.03166	0.02148	0.02488	0.01470	0.01696	0.01357	0.00905	0.00678	0.00226	0.01131	0.00565	0.00452	0.01357
12	0.01421	0.01078	0.01309	0.01251	0.01533	0.00966	0.00938	0.01850	0.02815	0.03818	0.41985	0.08592	0.23943	0.02319	0.01248	0.00340	0.00510	0.02009	0.01108	0.00966
13	0.02057	0.01703	0.02375	0.02036	0.02246	0.01967	0.05742	0.07342	0.02024	0.02826	0.02614	0.04603	0.02676	0.28259	0.12411	0.00867	0.15388	0.01245	0.00622	0.00997
14	0.70310	0.02045	0.01554	0.01390	0.02045	0.02372	0.01145	0.03108	0.01799	0.04744	0.01472	0.01718	0.01145	0.00981	0.00654	0.00327	0.00818	0.00573	0.00654	0.01145
15	0.02192	0.01879	0.02192	0.01566	0.02506	0.01409	0.01253	0.02662	0.02192	0.03445	0.01879	0.02192	0.01566	0.00783	0.00783	0.00157	0.00783	0.00626	0.00626	0.69305
16	0.04019	0.02962	0.03173	0.02433	0.03279	0.03279	0.02010	0.52721	0.04971	0.06663	0.02538	0.02538	0.01798	0.01269	0.01058	0.00317	0.01163	0.00952	0.01058	0.01798
17	0.01356	0.01075	0.01218	0.01183	0.01493	0.00938	0.00887	0.01723	0.02661	0.03452	0.30070	0.09195	0.36087	0.02456	0.01249	0.00346	0.00520	0.02094	0.01060	0.00938
18	0.21000	0.01925	0.02016	0.01518	0.02378	0.01675	0.01223	0.02785	0.02084	0.03804	0.01767	0.02061	0.01450	0.00838	0.00747	0.00204	0.00793	0.00612	0.00634	0.50487
19	0.02109	0.01933	0.02828	0.12343	0.08082	0.02137	0.07201	0.03266	0.15966	0.03327	0.04289	0.10628	0.09850	0.01751	0.01366	0.00377	0.06138	0.04325	0.00790	0.01293
20	0.01473	0.01052	0.01438	0.01683	0.01825	0.01018	0.01302	0.01791	0.02206	0.02905	0.05726	0.39868	0.06590	0.03139	0.01399	0.00455	0.00773	0.23470	0.00978	0.00910
21	0.01668	0.01192	0.01663	0.01907	0.02135	0.01186	0.01642	0.02129	0.02399	0.03124	0.05618	0.16211	0.06162	0.02954	0.01451	0.00482	0.00943	0.45196	0.00974	0.00964
22	0.20391	0.03469	0.02647	0.07862	0.08615	0.29709	0.01933	0.03586	0.02501	0.03324	0.01770	0.02146	0.01431	0.01053	0.00882	0.00296	0.01426	0.00723	0.05004	0.01231
23	0.01310	0.00937	0.01246	0.01457	0.01538	0.00873	0.00983	0.01527	0.02126	0.02860	0.11044	0.56476	0.07305	0.03192	0.01339	0.00419	0.00601	0.02891	0.01001	0.00873

[dist]
# distance from previous block
# <min> <max>
0	2

[block]
# block no. 1 follows, 13 sequences, length 8
# corresponding to MSA columns:
# 142-149
name=unknown_B
#
# <colnr> <probs for GDERKNQSTAVLIFYWHMCP>
#	G	D	E	R	K	N	Q	S	T	A	V	L	I	F	Y	W	H	M	C	P
0	0.03029	0.02270	0.03041	0.06361	0.12066	0.02386	0.04830	0.23556	0.03425	0.08810	0.03248	0.15958	0.02967	0.01639	0.01132	0.00347	0.01085	0.01433	0.00907	0.01511
1	0.55193	0.02225	0.02598	0.02074	0.02821	0.02439	0.12572	0.03170	0.01955	0.04441	0.01621	0.01970	0.01247	0.00961	0.00787	0.00334	0.01033	0.00723	0.00628	0.01208
2	0.02378	0.02211	0.03521	0.10267	0.28343	0.02164	0.05849	0.03123	0.05373	0.03403	0.02384	0.03374	0.02058	0.01101	0.01037	0.00302	0.01155	0.04722	0.00609	0.16626
3	0.02287	0.02020	0.02660	0.02664	0.14485	0.01655	0.01697	0.02792	0.02240	0.03447	0.01904	0.02287	0.01590	0.00818	0.00842	0.00192	0.00888	0.00697	0.00603	0.54229
4	0.02470	0.02659	0.19110	0.05838	0.03139	0.01666	0.02154	0.03188	0.02707	0.16000	0.23637	0.04820	0.05045	0.01534	0.01117	0.00333	0.00980	0.01303	0.00929	0.01369
5	0.01510	0.01173	0.01389	0.01373	0.01653	0.01114	0.01013	0.02149	0.08023	0.03603	0.29023	0.18151	0.21003	0.02437	0.01249	0.00360	0.00565	0.02125	0.01072	0.01014
6	0.07771	0.40396	0.04598	0.02067	0.02898	0.03581	0.05797	0.03726	0.13784	0.03159	0.02156	0.02292	0.01778	0.01027	0.00811	0.00274	0.01094	0.00761	0.00613	0.01417
7	0.09987	0.03506	0.23110	0.03514	0.17320	0.02438	0.02873	0.09800	0.02691	0.11520	0.02279	0.02510	0.01645	0.01062	0.00994	0.00325	0.01261	0.00863	0.00687	0.01611

[dist]
# distance from previous block
# <min> <max>
0	19

[block]
# block no. 2 follows, 13 sequences, length 24
# corresponding to MSA columns:
# 169-192
name=unknown_C
#
# <colnr> <probs for GDERKNQSTAVLIFYWHMCP>
#	G	D	E	R	K	N	Q	S	T	A	V	L	I	F	Y	W	H	M	C	P
0	0.13137	0.12221	0.16493	0.05917	0.03697	0.02794	0.08228	0.06985	0.02379	0.08378	0.01987	0.02335	0.01502	0.01124	0.01236	0.00334	0.08382	0.00836	0.00616	0.01420
1	0.27677	0.02548	0.06952	0.02706	0.13020	0.05841	0.01921	0.03532	0.02293	0.13226	0.02139	0.02332	0.01586	0.01016	0.00866	0.00301	0.01045	0.00761	0.00716	0.09523
2	0.01786	0.01547	0.02459	0.18325	0.15806	0.01641	0.02030	0.02213	0.02137	0.02876	0.03881	0.32470	0.04266	0.02159	0.01201	0.00382	0.00975	0.01974	0.00738	0.01133
3	0.01654	0.01182	0.01647	0.01891	0.02112	0.01174	0.01618	0.02105	0.02385	0.03109	0.05625	0.17911	0.06193	0.02967	0.01447	0.00480	0.00931	0.43634	0.00975	0.00960
4	0.01385	0.01079	0.01446	0.08391	0.02203	0.01056	0.01182	0.01677	0.02201	0.02876	0.11046	0.39913	0.16006	0.02812	0.01286	0.00397	0.00682	0.02506	0.00938	0.00916
5	0.02192	0.01879	0.02192	0.01566	0.02506	0.01409	0.01253	0.02662	0.02192	0.03445	0.01879	0.02192	0.01566	0.00783	0.00783	0.00157	0.00783	0.00626	0.00626	0.69305
6	0.01743	0.01435	0.02118	0.08026	0.11851	0.01398	0.01688	0.02125	0.02172	0.02975	0.04311	0.32894	0.04809	0.02351	0.01220	0.00379	0.00867	0.08176	0.00812	0.08651
7	0.02264	0.04637	0.43022	0.02930	0.04282	0.02426	0.07839	0.07906	0.02531	0.03628	0.02697	0.02963	0.05837	0.01156	0.01051	0.00337	0.01461	0.00957	0.00556	0.01518
8	0.04113	0.04371	0.02884	0.02550	0.03151	0.46826	0.01942	0.04414	0.03002	0.13811	0.02158	0.02256	0.01621	0.01135	0.00976	0.00284	0.01699	0.00760	0.00702	0.01344
9	0.01765	0.01462	0.02005	0.01863	0.01936	0.01819	0.01418	0.01983	0.01625	0.02359	0.02542	0.04432	0.02624	0.22789	0.25517	0.01115	0.20081	0.01192	0.00557	0.00917
10	0.45284	0.02219	0.02137	0.18820	0.03676	0.06542	0.01739	0.03071	0.01981	0.03983	0.01604	0.02056	0.01239	0.01012	0.00795	0.00331	0.01073	0.00689	0.00592	0.01160
11	0.01474	0.01080	0.01383	0.01307	0.01566	0.00988	0.00980	0.01952	0.02940	0.04115	0.51640	0.08103	0.14103	0.02208	0.01247	0.00335	0.00502	0.01941	0.01148	0.00988
12	0.02594	0.02255	0.03789	0.23075	0.36459	0.02383	0.03010	0.03229	0.02365	0.07570	0.02132	0.02760	0.01668	0.01008	0.01051	0.00327	0.01275	0.00951	0.00570	0.01527
13	0.02417	0.01307	0.01406	0.01296	0.01672	0.01341	0.01000	0.03336	0.11436	0.10346	0.03685	0.03901	0.02790	0.01276	0.00837	0.00276	0.00601	0.01031	0.48842	0.01203
14	0.01865	0.01551	0.02630	0.02460	0.02872	0.01514	0.12057	0.02435	0.02447	0.03210	0.04892	0.10073	0.05170	0.02506	0.01417	0.00460	0.01139	0.39352	0.00884	0.01066
15	0.04019	0.02962	0.03173	0.02433	0.03279	0.03279	0.02010	0.52721	0.04971	0.06663	0.02538	0.02538	0.01798	0.01269	0.01058	0.00317	0.01163	0.00952	0.01058	0.01798
16	0.01778	0.01301	0.01684	0.01831	0.02071	0.01340	0.01514	0.02457	0.08043	0.03109	0.05058	0.10163	0.05375	0.13243	0.02104	0.00567	0.00967	0.35475	0.00927	0.00993
17	0.48882	0.02103	0.01933	0.01616	0.02327	0.02311	0.01332	0.09441	0.02430	0.15751	0.02156	0.02204	0.01527	0.01083	0.00787	0.00326	0.00876	0.00719	0.00837	0.01358
18	0.01510	0.01013	0.01161	0.01189	0.01195	0.01007	0.00679	0.01530	0.01592	0.02122	0.03609	0.13055	0.04194	0.56229	0.04934	0.00959	0.00979	0.01701	0.00679	0.00665
19	0.01362	0.00951	0.01205	0.01378	0.01422	0.00908	0.00881	0.01491	0.01881	0.02508	0.05093	0.45904	0.06067	0.20825	0.02536	0.00605	0.00735	0.02574	0.00881	0.00795
20	0.01433	0.01045	0.01379	0.01593	0.01756	0.00992	0.01219	0.01736	0.02219	0.02885	0.06350	0.37685	0.12718	0.03093	0.01377	0.00441	0.00733	0.19463	0.00979	0.00904
21	0.02632	0.03345	0.23459	0.02757	0.07262	0.02015	0.07038	0.03426	0.02384	0.12019	0.02286	0.02522	0.01661	0.00971	0.00971	0.00280	0.01217	0.00832	0.00653	0.22269
22	0.14247	0.15622	0.14563	0.06522	0.03536	0.02563	0.06893	0.03058	0.02146	0.03392	0.01751	0.02123	0.01394	0.00919	0.00849	0.00271	0.01164	0.00718	0.00538	0.17731
23	0.11425	0.34424	0.13913	0.02180	0.03146	0.03370	0.05403	0.03478	0.07939	0.03207	0.01905	0.02120	0.01550	0.00990	0.00815	0.00282	0.01177	0.00719	0.00552	0.01406

[dist]
# distance from previous block
# <min> <max>
0	1

[block]
# block no. 3 follows, 13 sequences, length 24
# corresponding to MSA columns:
# 194-217
name=unknown_D
#
# <colnr> <probs for GDERKNQSTAVLIFYWHMCP>
#	G	D	E	R	K	N	Q	S	T	A	V	L	I	F	Y	W	H	M	C	P
0	0.08710	0.02819	0.13532	0.11451	0.10607	0.02333	0.05913	0.10955	0.02815	0.11867	0.06589	0.03063	0.02337	0.01172	0.01040	0.00332	0.01209	0.00996	0.00761	0.01500
1	0.03501	0.01838	0.02326	0.01728	0.02605	0.01484	0.01407	0.03939	0.02620	0.30897	0.03055	0.02914	0.02105	0.01053	0.00927	0.00244	0.00843	0.00850	0.00976	0.34689
2	0.04063	0.01755	0.02312	0.01820	0.02531	0.01586	0.01484	0.08382	0.03177	0.42808	0.13920	0.04338	0.03963	0.01469	0.01098	0.00327	0.00844	0.01217	0.01261	0.01646
3	0.01643	0.01247	0.01503	0.01412	0.01699	0.01227	0.01048	0.02439	0.10229	0.03962	0.39991	0.07433	0.12302	0.07342	0.01580	0.00398	0.00596	0.01803	0.01091	0.01056
4	0.01768	0.00919	0.01358	0.01389	0.01397	0.00911	0.00926	0.01389	0.01459	0.01945	0.02339	0.10627	0.02485	0.03628	0.03782	0.60583	0.00880	0.01181	0.00525	0.00509
5	0.01997	0.01879	0.03171	0.60301	0.07282	0.02349	0.02936	0.02701	0.02114	0.02701	0.01879	0.02819	0.01409	0.01057	0.01057	0.00352	0.01409	0.00940	0.00470	0.01175
6	0.70310	0.02045	0.01554	0.01390	0.02045	0.02372	0.01145	0.03108	0.01799	0.04744	0.01472	0.01718	0.01145	0.00981	0.00654	0.00327	0.00818	0.00573	0.00654	0.01145
7	0.02192	0.01879	0.02192	0.01566	0.02506	0.01409	0.01253	0.02662	0.02192	0.03445	0.01879	0.02192	0.01566	0.00783	0.00783	0.00157	0.00783	0.00626	0.00626	0.69305
8	0.01704	0.01217	0.01704	0.01947	0.02191	0.01217	0.01704	0.02191	0.02434	0.03164	0.05598	0.11926	0.06085	0.02921	0.01460	0.00487	0.00974	0.49130	0.00974	0.00974
9	0.01523	0.01098	0.01450	0.01408	0.01656	0.01025	0.01086	0.02020	0.02923	0.04105	0.49388	0.08405	0.09487	0.02257	0.01274	0.00352	0.00559	0.07851	0.01140	0.00995
10	0.02760	0.02421	0.02349	0.02227	0.02691	0.12778	0.01851	0.16229	0.03227	0.03999	0.04011	0.07469	0.04021	0.02123	0.01254	0.00400	0.01204	0.26824	0.00914	0.01245
11	0.32549	0.02965	0.02442	0.02040	0.02746	0.13497	0.01644	0.22058	0.03227	0.05055	0.01906	0.02064	0.01433	0.01111	0.00864	0.00313	0.01157	0.00737	0.00786	0.01407
12	0.04478	0.01859	0.02446	0.01915	0.02705	0.01689	0.01569	0.05211	0.09480	0.50368	0.04188	0.03642	0.02694	0.01324	0.01065	0.00331	0.00892	0.01080	0.01279	0.01784
13	0.01364	0.00966	0.01190	0.01336	0.01404	0.00914	0.00858	0.01497	0.01903	0.02507	0.05455	0.40137	0.10197	0.22162	0.02621	0.00612	0.00737	0.02473	0.00873	0.00792
14	0.11737	0.27793	0.17309	0.02146	0.03133	0.03224	0.02237	0.06969	0.09850	0.03571	0.02059	0.02215	0.01625	0.01041	0.00840	0.00292	0.01156	0.00738	0.00610	0.01456
15	0.02622	0.02412	0.03501	0.04685	0.33991	0.02561	0.02591	0.04232	0.24011	0.03857	0.02952	0.03169	0.02321	0.01147	0.01059	0.00333	0.01082	0.01047	0.00753	0.01674
16	0.01561	0.01103	0.01480	0.01684	0.01836	0.01086	0.01327	0.01883	0.02172	0.02850	0.05287	0.25069	0.05967	0.12945	0.02078	0.00560	0.00882	0.28425	0.00921	0.00887
17	0.01444	0.01098	0.01361	0.01494	0.01744	0.01015	0.01188	0.01793	0.02384	0.03034	0.10850	0.20649	0.24750	0.02856	0.01348	0.00418	0.00712	0.19949	0.00991	0.00923
18	0.02322	0.02171	0.03025	0.15440	0.08303	0.06668	0.08593	0.06758	0.02277	0.02960	0.02381	0.03971	0.02258	0.20729	0.02638	0.00563	0.06065	0.01150	0.00592	0.01136
19	0.24156	0.15791	0.10711	0.07355	0.12247	0.07645	0.02237	0.03240	0.02163	0.03511	0.01664	0.02039	0.01346	0.00977	0.00831	0.00302	0.01201	0.00701	0.00537	0.01346
20	0.02250	0.01872	0.02063	0.01876	0.02357	0.02082	0.01447	0.04403	0.37115	0.04362	0.21538	0.05271	0.05491	0.01678	0.01133	0.00350	0.00723	0.01436	0.01105	0.01447
21	0.02904	0.10349	0.10254	0.15752	0.11210	0.07163	0.02422	0.03475	0.02439	0.14585	0.02649	0.07622	0.02153	0.01261	0.01018	0.00323	0.01239	0.01050	0.00702	0.01429
22	0.01837	0.00918	0.01377	0.01377	0.01377	0.00918	0.00918	0.01377	0.01377	0.01837	0.01837	0.03214	0.01837	0.03673	0.04132	0.69238	0.00918	0.00918	0.00459	0.00459
23	0.44788	0.01992	0.02014	0.06686	0.02697	0.02241	0.01472	0.03504	0.02096	0.16405	0.02121	0.02284	0.01522	0.01122	0.00972	0.00338	0.04932	0.00741	0.00776	0.01299

[dist]
# distance from previous block
# <min> <max>
0	1

[block]
# block no. 4 follows, 13 sequences, length 36
# corresponding to MSA columns:
# 219-254
name=unknown_E
#
# <colnr> <probs for GDERKNQSTAVLIFYWHMCP>
#	G	D	E	R	K	N	Q	S	T	A	V	L	I	F	Y	W	H	M	C	P
0	0.02416	0.24237	0.03625	0.02319	0.09845	0.02527	0.01707	0.02840	0.02194	0.03046	0.02025	0.06309	0.01889	0.01028	0.00821	0.00223	0.00962	0.00816	0.00574	0.30597
1	0.01320	0.00945	0.01255	0.01451	0.01541	0.00880	0.00984	0.01552	0.02172	0.02934	0.13426	0.53884	0.07448	0.03137	0.01334	0.00415	0.00596	0.02839	0.01009	0.00880
2	0.02768	0.58689	0.09819	0.01909	0.02867	0.04041	0.01982	0.03181	0.02155	0.02559	0.01505	0.01740	0.01355	0.00913	0.00705	0.00235	0.01166	0.00583	0.00452	0.01374
3	0.01496	0.01081	0.01413	0.01330	0.01580	0.00998	0.00998	0.01995	0.02993	0.04240	0.55689	0.07898	0.09976	0.02162	0.01247	0.00333	0.00499	0.01912	0.01164	0.00998
4	0.01288	0.00920	0.01227	0.01472	0.01534	0.00859	0.00981	0.01472	0.02024	0.02699	0.05828	0.62152	0.06993	0.03312	0.01350	0.00429	0.00613	0.03006	0.00981	0.00859
5	0.01487	0.01061	0.01337	0.01384	0.01548	0.01008	0.00999	0.01791	0.02344	0.03178	0.23605	0.17217	0.10704	0.17685	0.02331	0.00547	0.00724	0.09214	0.00961	0.00875
6	0.01440	0.01065	0.01344	0.01303	0.01552	0.00969	0.00966	0.01874	0.02816	0.03887	0.44251	0.13111	0.16814	0.02345	0.01257	0.00345	0.00515	0.02060	0.01119	0.00969
7	0.02827	0.63478	0.05540	0.01809	0.02714	0.04184	0.01809	0.03166	0.02148	0.02488	0.01470	0.01696	0.01357	0.00905	0.00678	0.00226	0.01131	0.00565	0.00452	0.01357
8	0.01667	0.01190	0.01661	0.01905	0.02132	0.01185	0.01639	0.02126	0.02397	0.03123	0.05619	0.16426	0.06166	0.02956	0.01450	0.00482	0.00941	0.44998	0.00974	0.00963
9	0.02192	0.01879	0.02192	0.01566	0.02506	0.01409	0.01253	0.02662	0.02192	0.03445	0.01879	0.02192	0.01566	0.00783	0.00783	0.00157	0.00783	0.00626	0.00626	0.69305
10	0.02192	0.01879	0.02192	0.01566	0.02506	0.01409	0.01253	0.02662	0.02192	0.03445	0.01879	0.02192	0.01566	0.00783	0.00783	0.00157	0.00783	0.00626	0.00626	0.69305
11	0.70310	0.02045	0.01554	0.01390	0.02045	0.02372	0.01145	0.03108	0.01799	0.04744	0.01472	0.01718	0.01145	0.00981	0.00654	0.00327	0.00818	0.00573	0.00654	0.01145
12	0.02630	0.02271	0.02391	0.02152	0.02749	0.02630	0.01674	0.05618	0.54336	0.04423	0.04303	0.03945	0.03228	0.01434	0.01076	0.00359	0.00837	0.01195	0.01076	0.01674
13	0.70310	0.02045	0.01554	0.01390	0.02045	0.02372	0.01145	0.03108	0.01799	0.04744	0.01472	0.01718	0.01145	0.00981	0.00654	0.00327	0.00818	0.00573	0.00654	0.01145
14	0.02827	0.63478	0.05540	0.01809	0.02714	0.04184	0.01809	0.03166	0.02148	0.02488	0.01470	0.01696	0.01357	0.00905	0.00678	0.00226	0.01131	0.00565	0.00452	0.01357
15	0.04458	0.01736	0.02362	0.01833	0.02600	0.01505	0.01505	0.04875	0.03023	0.52332	0.08710	0.03978	0.03266	0.01384	0.01079	0.00328	0.00864	0.01138	0.01296	0.01729
16	0.02473	0.02786	0.05872	0.04251	0.05190	0.02743	0.46287	0.03284	0.02389	0.03284	0.02047	0.02786	0.01578	0.01008	0.01519	0.00369	0.09005	0.01208	0.00526	0.01393
17	0.01262	0.01023	0.01120	0.01198	0.01462	0.00882	0.00860	0.01503	0.02288	0.02806	0.09163	0.26647	0.40345	0.02879	0.01281	0.00380	0.00560	0.02477	0.00982	0.00882
18	0.03605	0.03348	0.02901	0.02435	0.03126	0.18610	0.01923	0.25738	0.18440	0.04884	0.02786	0.02761	0.02082	0.01266	0.01034	0.00316	0.01279	0.00945	0.00919	0.01602
19	0.01352	0.01032	0.01242	0.01280	0.01514	0.00922	0.00926	0.01683	0.02519	0.03327	0.26081	0.23906	0.25063	0.02664	0.01277	0.00368	0.00544	0.02330	0.01049	0.00922
20	0.22306	0.02297	0.02334	0.01918	0.02620	0.02533	0.01560	0.20990	0.12416	0.11676	0.02818	0.02789	0.02035	0.01220	0.00925	0.00323	0.00928	0.00905	0.05872	0.01534
21	0.02496	0.02852	0.06239	0.04456	0.05526	0.02674	0.52406	0.03387	0.02496	0.03387	0.02139	0.02852	0.01604	0.00891	0.01248	0.00357	0.01783	0.01248	0.00535	0.01426
22	0.02201	0.02120	0.03689	0.41693	0.20604	0.02416	0.06417	0.02898	0.02221	0.02955	0.01927	0.02766	0.01496	0.01014	0.01067	0.00342	0.01393	0.00961	0.00489	0.01329
23	0.01318	0.00993	0.01220	0.01334	0.01513	0.00895	0.00935	0.01587	0.02320	0.03043	0.16899	0.37213	0.21065	0.02913	0.01302	0.00391	0.00570	0.02579	0.01017	0.00895
24	0.02182	0.01950	0.02514	0.10865	0.03290	0.01851	0.01685	0.02649	0.02088	0.03184	0.01800	0.02309	0.01513	0.00998	0.01261	0.00236	0.10615	0.00723	0.00576	0.47712
25	0.01314	0.00960	0.01243	0.01458	0.01569	0.00889	0.01013	0.01530	0.02101	0.02752	0.06407	0.52120	0.12890	0.03206	0.01345	0.00425	0.00630	0.06293	0.00981	0.00871
26	0.03529	0.02718	0.02897	0.02334	0.03092	0.03050	0.01891	0.36103	0.22388	0.05873	0.03161	0.03035	0.02302	0.01328	0.01064	0.00332	0.01048	0.01038	0.01064	0.01754
27	0.70310	0.02045	0.01554	0.01390	0.02045	0.02372	0.01145	0.03108	0.01799	0.04744	0.01472	0.01718	0.01145	0.00981	0.00654	0.00327	0.00818	0.00573	0.00654	0.01145
28	0.04347	0.01712	0.02327	0.01814	0.02562	0.01486	0.01486	0.04767	0.03022	0.50537	0.10464	0.04124	0.03516	0.01413	0.01086	0.00328	0.00851	0.01167	0.01291	0.01701
29	0.01916	0.01182	0.01496	0.01359	0.01711	0.01057	0.01040	0.02357	0.02884	0.11566	0.39499	0.07723	0.17854	0.02139	0.01221	0.00337	0.00564	0.01852	0.01149	0.01093
30	0.01365	0.01055	0.01253	0.01303	0.01559	0.00943	0.00973	0.01699	0.02492	0.03231	0.21595	0.20497	0.28712	0.02689	0.01288	0.00377	0.00580	0.06437	0.01031	0.00922
31	0.01496	0.01081	0.01413	0.01330	0.01580	0.00998	0.00998	0.01995	0.02993	0.04240	0.55689	0.07898	0.09976	0.02162	0.01247	0.00333	0.00499	0.01912	0.01164	0.00998
32	0.04019	0.02962	0.03173	0.02433	0.03279	0.03279	0.02010	0.52721	0.04971	0.06663	0.02538	0.02538	0.01798	0.01269	0.01058	0.00317	0.01163	0.00952	0.01058	0.01798
33	0.02630	0.02271	0.02391	0.02152	0.02749	0.02630	0.01674	0.05618	0.54336	0.04423	0.04303	0.03945	0.03228	0.01434	0.01076	0.00359	0.00837	0.01195	0.01076	0.01674
34	0.02192	0.01879	0.02192	0.01566	0.02506	0.01409	0.01253	0.02662	0.02192	0.03445	0.01879	0.02192	0.01566	0.00783	0.00783	0.00157	0.00783	0.00626	0.00626	0.69305
35	0.02673	0.03119	0.05843	0.04245	0.05250	0.09505	0.46254	0.03489	0.02557	0.03289	0.02077	0.02737	0.01575	0.00915	0.01212	0.00346	0.01798	0.01179	0.00536	0.01402

[dist]
# distance from previous block
# <min> <max>
0	13

[block]
# block no. 5 follows, 13 sequences, length 32
# corresponding to MSA columns:
# 268-299
name=unknown_F
#
# <colnr> <probs for GDERKNQSTAVLIFYWHMCP>
#	G	D	E	R	K	N	Q	S	T	A	V	L	I	F	Y	W	H	M	C	P
0	0.01609	0.01088	0.01310	0.01319	0.01600	0.00961	0.00964	0.01913	0.02470	0.07655	0.18459	0.25180	0.26276	0.02646	0.01264	0.00372	0.00582	0.02303	0.01049	0.00981
1	0.04495	0.01954	0.02520	0.01958	0.02761	0.01815	0.01609	0.09895	0.07528	0.47590	0.04021	0.03523	0.02588	0.01315	0.01064	0.00329	0.00920	0.01063	0.01264	0.01789
2	0.01631	0.01176	0.01471	0.01593	0.01752	0.01162	0.01110	0.07897	0.02394	0.03196	0.05415	0.54678	0.06342	0.03056	0.01313	0.00415	0.00682	0.02748	0.00991	0.00977
3	0.02297	0.01942	0.09020	0.01960	0.02578	0.01431	0.06423	0.02795	0.02513	0.14852	0.09118	0.14610	0.18259	0.02077	0.01209	0.00367	0.00907	0.05455	0.00954	0.01234
4	0.02660	0.55656	0.05023	0.01749	0.02572	0.03784	0.01707	0.03019	0.02254	0.02707	0.08267	0.02474	0.02437	0.01062	0.00750	0.00239	0.01051	0.00734	0.00541	0.01312
5	0.03699	0.01568	0.02119	0.01704	0.02339	0.01375	0.01375	0.04136	0.03015	0.40004	0.20753	0.04983	0.04986	0.01583	0.01122	0.00329	0.00771	0.01336	0.01262	0.01541
6	0.02250	0.02015	0.03171	0.53046	0.06780	0.02466	0.02820	0.08972	0.02472	0.03198	0.01962	0.02784	0.01458	0.01084	0.01057	0.00348	0.01379	0.00941	0.00544	0.01253
7	0.01997	0.01879	0.03171	0.60301	0.07282	0.02349	0.02936	0.02701	0.02114	0.02701	0.01879	0.02819	0.01409	0.01057	0.01057	0.00352	0.01409	0.00940	0.00470	0.01175
8	0.63828	0.02020	0.01643	0.01439	0.02109	0.02291	0.01185	0.03310	0.01921	0.09908	0.01739	0.01904	0.01291	0.01014	0.00695	0.00327	0.00826	0.00621	0.00719	0.01210
9	0.02458	0.01286	0.01617	0.01412	0.01854	0.01141	0.01102	0.02881	0.02815	0.19730	0.26416	0.06755	0.16787	0.01936	0.01150	0.00329	0.00626	0.01647	0.06842	0.01215
10	0.07158	0.21864	0.08358	0.02528	0.03365	0.10499	0.10740	0.08219	0.06953	0.03445	0.02252	0.05973	0.01933	0.01168	0.00950	0.00302	0.01308	0.00958	0.00635	0.01392
11	0.02233	0.01318	0.01834	0.01936	0.02279	0.01276	0.01678	0.02707	0.02537	0.12537	0.05350	0.10476	0.05481	0.02640	0.01391	0.00459	0.00961	0.40758	0.01032	0.01117
12	0.01523	0.01081	0.01437	0.01437	0.01535	0.01179	0.00995	0.01720	0.01622	0.02260	0.03072	0.05480	0.03219	0.34275	0.33094	0.01376	0.01965	0.01327	0.00602	0.00798
13	0.08379	0.02257	0.09295	0.18756	0.04034	0.02028	0.02149	0.06476	0.06074	0.13909	0.03193	0.13208	0.02738	0.01526	0.01070	0.00355	0.01085	0.01292	0.00815	0.01362
14	0.02632	0.02261	0.03856	0.12276	0.37557	0.02281	0.05904	0.03230	0.02406	0.08440	0.02494	0.07400	0.02143	0.01174	0.01086	0.00332	0.01223	0.01133	0.00629	0.01545
15	0.01725	0.01108	0.01423	0.01386	0.01657	0.01003	0.01023	0.02107	0.02679	0.08745	0.32514	0.21465	0.14263	0.02435	0.01256	0.00360	0.00571	0.02147	0.01109	0.01026
16	0.07166	0.08753	0.03257	0.25522	0.08788	0.15513	0.02347	0.03494	0.02447	0.10060	0.02070	0.02516	0.01558	0.01069	0.00971	0.00313	0.01381	0.00836	0.00613	0.01325
17	0.02357	0.01523	0.01836	0.01634	0.02055	0.01540	0.01248	0.03483	0.16944	0.12996	0.28858	0.06015	0.06411	0.06557	0.01492	0.00393	0.00700	0.01544	0.01123	0.01290
18	0.02228	0.02246	0.07069	0.02175	0.07994	0.01607	0.01674	0.02778	0.02217	0.03438	0.01892	0.02238	0.01558	0.00817	0.00828	0.00187	0.00896	0.00671	0.00601	0.56886
19	0.01347	0.01048	0.01224	0.01236	0.01502	0.00925	0.00906	0.01685	0.02557	0.03338	0.26405	0.18399	0.30442	0.02599	0.01266	0.00361	0.00536	0.02249	0.01049	0.00925
20	0.01332	0.00953	0.01273	0.01490	0.01579	0.00893	0.01029	0.01562	0.02132	0.02859	0.10033	0.54366	0.07188	0.03190	0.01348	0.00425	0.00627	0.05846	0.00996	0.00878
21	0.70310	0.02045	0.01554	0.01390	0.02045	0.02372	0.01145	0.03108	0.01799	0.04744	0.01472	0.01718	0.01145	0.00981	0.00654	0.00327	0.00818	0.00573	0.00654	0.01145
22	0.01477	0.01086	0.01356	0.01415	0.01631	0.01016	0.01076	0.01823	0.02437	0.03232	0.21863	0.15198	0.17500	0.10665	0.01861	0.00477	0.00702	0.13289	0.00991	0.00907
23	0.01420	0.01078	0.01307	0.01250	0.01532	0.00965	0.00937	0.01847	0.02812	0.03810	0.41706	0.08606	0.24227	0.02322	0.01248	0.00340	0.00510	0.02011	0.01107	0.00965
24	0.02157	0.05218	0.52451	0.03152	0.04667	0.02476	0.08567	0.03352	0.02258	0.03352	0.01921	0.02292	0.01365	0.00994	0.01028	0.00337	0.01584	0.00826	0.00455	0.01549
25	0.03950	0.05039	0.02996	0.02724	0.03269	0.58597	0.02043	0.04222	0.02996	0.02588	0.01634	0.01907	0.01362	0.01090	0.00953	0.00272	0.01907	0.00681	0.00545	0.01226
26	0.01704	0.01217	0.01704	0.01947	0.02191	0.01217	0.01704	0.02191	0.02434	0.03164	0.05598	0.11926	0.06085	0.02921	0.01460	0.00487	0.00974	0.49130	0.00974	0.00974
27	0.04264	0.02569	0.02930	0.02247	0.03083	0.02697	0.01856	0.36666	0.04315	0.23646	0.03090	0.02896	0.02075	0.01283	0.01060	0.00321	0.01074	0.00990	0.01142	0.01799
28	0.01623	0.01252	0.01832	0.01794	0.01929	0.01499	0.01387	0.01893	0.01693	0.02438	0.02844	0.09403	0.02826	0.06318	0.41212	0.07084	0.10199	0.01267	0.00583	0.00923
29	0.01799	0.01510	0.02064	0.01903	0.01967	0.01897	0.01453	0.02007	0.01621	0.02359	0.02486	0.04381	0.02583	0.23057	0.22690	0.01057	0.22504	0.01188	0.00554	0.00923
30	0.02210	0.02069	0.08971	0.11953	0.03220	0.01771	0.01840	0.07735	0.06106	0.07336	0.19555	0.05103	0.08928	0.01600	0.01099	0.00331	0.00906	0.01355	0.06648	0.01263
31	0.02350	0.06405	0.13363	0.01594	0.02263	0.01600	0.01592	0.02977	0.02294	0.08928	0.02957	0.03281	0.02246	0.01140	0.00825	0.00266	0.00820	0.00898	0.38626	0.05574

[dist]
# distance from previous block
# <min> <max>
0	5

[block]
# block no. 6 follows, 13 sequences, length 53
# corresponding to MSA columns:
# 305-357
name=unknown_G
#
# <colnr> <probs for GDERKNQSTAVLIFYWHMCP>
#	G	D	E	R	K	N	Q	S	T	A	V	L	I	F	Y	W	H	M	C	P
0	0.12855	0.07675	0.03721	0.03552	0.16903	0.10935	0.09173	0.03604	0.02424	0.11153	0.02109	0.02458	0.01630	0.01088	0.01178	0.00323	0.06244	0.00878	0.00651	0.01446
1	0.12220	0.14184	0.02132	0.01287	0.01775	0.01895	0.01086	0.02920	0.02208	0.08041	0.02812	0.03127	0.02196	0.01134	0.00740	0.00260	0.00705	0.00845	0.39280	0.01151
2	0.55199	0.02186	0.02079	0.02209	0.09955	0.02465	0.01517	0.07137	0.02143	0.04713	0.01633	0.01913	0.01274	0.00999	0.00743	0.00324	0.00909	0.00656	0.00668	0.01274
3	0.08210	0.02207	0.02793	0.06522	0.03023	0.02796	0.02020	0.03675	0.16564	0.07664	0.02472	0.02861	0.01984	0.01561	0.02199	0.00403	0.29987	0.00984	0.00719	0.01354
4	0.02267	0.02835	0.15822	0.16096	0.19387	0.02243	0.02822	0.06717	0.02608	0.03658	0.11908	0.03541	0.03082	0.01232	0.01077	0.00331	0.01214	0.01084	0.00653	0.01424
5	0.03067	0.03399	0.21045	0.02516	0.03432	0.02580	0.02547	0.18336	0.03144	0.12243	0.06196	0.02944	0.02291	0.01334	0.01402	0.00347	0.09819	0.00976	0.00813	0.01570
6	0.01951	0.01761	0.02490	0.05696	0.02557	0.02313	0.01824	0.02219	0.01660	0.02457	0.02114	0.03538	0.02105	0.12345	0.19521	0.00894	0.31939	0.01074	0.00519	0.01022
7	0.01607	0.01337	0.01483	0.01311	0.01791	0.01153	0.01005	0.02164	0.06243	0.03386	0.17660	0.07507	0.30634	0.02067	0.01135	0.00308	0.00604	0.01739	0.00949	0.15919
8	0.01538	0.01025	0.01153	0.01153	0.01153	0.01025	0.00641	0.01538	0.01538	0.02050	0.03331	0.06919	0.03844	0.62842	0.05382	0.01025	0.01025	0.01538	0.00641	0.00641
9	0.70310	0.02045	0.01554	0.01390	0.02045	0.02372	0.01145	0.03108	0.01799	0.04744	0.01472	0.01718	0.01145	0.00981	0.00654	0.00327	0.00818	0.00573	0.00654	0.01145
10	0.07905	0.03114	0.15334	0.07359	0.11829	0.02614	0.10351	0.10252	0.05835	0.07122	0.02248	0.02622	0.01680	0.01126	0.01230	0.00344	0.05899	0.00949	0.00665	0.01522
11	0.55288	0.06736	0.02093	0.09911	0.02851	0.02508	0.01454	0.03054	0.01872	0.04276	0.01531	0.01875	0.01199	0.00986	0.00714	0.00323	0.00927	0.00625	0.00612	0.01166
12	0.70310	0.02045	0.01554	0.01390	0.02045	0.02372	0.01145	0.03108	0.01799	0.04744	0.01472	0.01718	0.01145	0.00981	0.00654	0.00327	0.00818	0.00573	0.00654	0.01145
13	0.12346	0.01426	0.01733	0.01497	0.01968	0.01356	0.01179	0.03063	0.02830	0.19472	0.33068	0.05772	0.06588	0.01746	0.01109	0.00330	0.00660	0.01475	0.01132	0.01249
14	0.02542	0.03266	0.17962	0.15858	0.16984	0.02600	0.10994	0.10311	0.02685	0.03722	0.02045	0.02585	0.01539	0.01021	0.01072	0.00335	0.01438	0.00950	0.00571	0.01520
15	0.02522	0.02794	0.15194	0.26606	0.13398	0.02362	0.02960	0.03251	0.02271	0.10347	0.02173	0.02723	0.01599	0.01126	0.01240	0.00348	0.06158	0.00921	0.00587	0.01422
16	0.03357	0.01894	0.02239	0.01895	0.02498	0.01949	0.01475	0.04836	0.25268	0.26062	0.04108	0.04229	0.03061	0.10230	0.01691	0.00441	0.00890	0.01189	0.01110	0.01577
17	0.09776	0.01818	0.02385	0.01843	0.02649	0.01617	0.01523	0.04996	0.02932	0.52970	0.03964	0.03454	0.02504	0.01284	0.01032	0.00327	0.00893	0.01026	0.01258	0.01749
18	0.03160	0.03319	0.23332	0.06776	0.14770	0.02136	0.02864	0.03938	0.02547	0.22641	0.02734	0.02839	0.01873	0.01104	0.01038	0.00329	0.01251	0.00926	0.00774	0.01648
19	0.02977	0.24009	0.16307	0.02702	0.03768	0.03023	0.13196	0.07324	0.02587	0.11259	0.02189	0.02409	0.01627	0.01011	0.00958	0.00300	0.01334	0.00863	0.00642	0.01516
20	0.01812	0.01296	0.01889	0.09711	0.02639	0.01433	0.01532	0.02162	0.02033	0.06800	0.04057	0.26356	0.04306	0.03904	0.16184	0.00745	0.05649	0.05673	0.00792	0.01026
21	0.50378	0.06926	0.02203	0.01704	0.02327	0.06951	0.01415	0.06283	0.02102	0.04349	0.01545	0.01832	0.01239	0.01074	0.00938	0.00326	0.05925	0.00633	0.00640	0.01209
22	0.01524	0.01120	0.01453	0.01477	0.01740	0.01048	0.01180	0.01988	0.02749	0.03735	0.34795	0.09397	0.15039	0.02456	0.01310	0.00381	0.00644	0.15905	0.01083	0.00976
23	0.02328	0.21019	0.34186	0.02449	0.03729	0.02769	0.02901	0.03189	0.02203	0.03125	0.01776	0.02077	0.01380	0.00942	0.00879	0.00276	0.01319	0.00697	0.00477	0.12281
24	0.01421	0.01011	0.01305	0.01361	0.01504	0.00947	0.00943	0.01730	0.02419	0.03344	0.29204	0.28817	0.07983	0.10878	0.01850	0.00465	0.00615	0.02285	0.01022	0.00895
25	0.01299	0.00940	0.01229	0.01439	0.01530	0.00870	0.00972	0.01508	0.02109	0.02806	0.09275	0.55535	0.10180	0.03201	0.01337	0.00419	0.00601	0.02889	0.00993	0.00870
26	0.51042	0.01973	0.01818	0.01535	0.02237	0.02132	0.01265	0.03709	0.02160	0.20095	0.02265	0.02270	0.01578	0.01078	0.00774	0.00327	0.00842	0.00717	0.00847	0.01337
27	0.02340	0.08769	0.31859	0.03677	0.08606	0.02667	0.20399	0.03340	0.02330	0.03304	0.01955	0.02433	0.01457	0.00953	0.01067	0.00332	0.01583	0.00937	0.00483	0.01508
28	0.01460	0.01079	0.01363	0.01292	0.01557	0.00982	0.00969	0.01925	0.02907	0.04037	0.49086	0.08232	0.16706	0.02237	0.01247	0.00336	0.00504	0.01959	0.01137	0.00982
29	0.02192	0.01879	0.02192	0.01566	0.02506	0.01409	0.01253	0.02662	0.02192	0.03445	0.01879	0.02192	0.01566	0.00783	0.00783	0.00157	0.00783	0.00626	0.00626	0.69305
30	0.01283	0.00942	0.01204	0.01414	0.01518	0.00864	0.00956	0.01479	0.02080	0.02722	0.06531	0.54662	0.14028	0.03221	0.01335	0.00419	0.00602	0.02894	0.00982	0.00864
31	0.02607	0.24900	0.08124	0.02377	0.03000	0.11840	0.05837	0.03004	0.02199	0.02679	0.02192	0.10684	0.02193	0.01462	0.01403	0.00325	0.12305	0.01070	0.00551	0.01249
32	0.06514	0.02035	0.09920	0.01852	0.02505	0.01488	0.05632	0.02511	0.02487	0.07151	0.14965	0.06559	0.20102	0.01871	0.01143	0.00341	0.00873	0.05151	0.00877	0.06023
33	0.17973	0.23841	0.06750	0.06595	0.03088	0.02973	0.01847	0.07126	0.06003	0.11486	0.02198	0.02318	0.01659	0.01062	0.00834	0.00296	0.01058	0.00754	0.00710	0.01426
34	0.01304	0.01073	0.01146	0.01128	0.01461	0.00916	0.00846	0.01623	0.02538	0.03161	0.20620	0.09674	0.45718	0.02564	0.01249	0.00352	0.00527	0.02161	0.01022	0.00916
35	0.07257	0.02162	0.03465	0.33143	0.05569	0.02446	0.11656	0.10047	0.02581	0.03635	0.02107	0.02787	0.01577	0.01064	0.01041	0.00339	0.01334	0.00975	0.05520	0.01295
36	0.02547	0.03704	0.27852	0.10929	0.04278	0.02484	0.02899	0.07533	0.15815	0.07381	0.02711	0.02870	0.01952	0.01162	0.01038	0.00342	0.01281	0.00942	0.00713	0.01568
37	0.18156	0.02334	0.02906	0.15074	0.14126	0.02630	0.02199	0.14175	0.10613	0.04431	0.02318	0.02639	0.01760	0.01120	0.00967	0.00332	0.01105	0.00898	0.00741	0.01476
38	0.18684	0.02663	0.02757	0.02157	0.02959	0.02936	0.01781	0.37850	0.04111	0.10409	0.02439	0.02445	0.01722	0.01209	0.00969	0.00320	0.01065	0.00878	0.00990	0.01654
39	0.02827	0.63478	0.05540	0.01809	0.02714	0.04184	0.01809	0.03166	0.02148	0.02488	0.01470	0.01696	0.01357	0.00905	0.00678	0.00226	0.01131	0.00565	0.00452	0.01357
40	0.08862	0.02458	0.14024	0.01929	0.02786	0.01681	0.01881	0.03833	0.02661	0.29284	0.08230	0.04414	0.10431	0.01476	0.01057	0.00334	0.00955	0.01193	0.01009	0.01503
41	0.70310	0.02045	0.01554	0.01390	0.02045	0.02372	0.01145	0.03108	0.01799	0.04744	0.01472	0.01718	0.01145	0.00981	0.00654	0.00327	0.00818	0.00573	0.00654	0.01145
42	0.03166	0.07141	0.02958	0.19297	0.04113	0.02414	0.02049	0.07827	0.16242	0.18994	0.03185	0.03224	0.02255	0.01231	0.01032	0.00334	0.01073	0.01012	0.00910	0.01545
43	0.02192	0.01879	0.02192	0.01566	0.02506	0.01409	0.01253	0.02662	0.02192	0.03445	0.01879	0.02192	0.01566	0.00783	0.00783	0.00157	0.00783	0.00626	0.00626	0.69305
44	0.01406	0.01077	0.01287	0.01235	0.01524	0.00959	0.00926	0.01819	0.02778	0.03730	0.39125	0.08737	0.26858	0.02352	0.01248	0.00342	0.00512	0.02030	0.01097	0.00959
45	0.02706	0.01348	0.01801	0.01535	0.01997	0.01205	0.01205	0.03172	0.03005	0.23887	0.36497	0.06296	0.07235	0.01844	0.01179	0.00331	0.00648	0.01596	0.01218	0.01296
46	0.03747	0.01688	0.02213	0.01768	0.02424	0.01536	0.01431	0.08183	0.03178	0.37594	0.18900	0.04751	0.04673	0.01551	0.01116	0.00328	0.00806	0.01299	0.01246	0.01568
47	0.03870	0.02686	0.03022	0.06332	0.03441	0.02944	0.01990	0.39642	0.08197	0.12701	0.02835	0.02799	0.01983	0.01272	0.01060	0.00324	0.01122	0.00984	0.01051	0.01746
48	0.02709	0.24139	0.14952	0.02414	0.03340	0.02724	0.09720	0.03298	0.02335	0.11233	0.02702	0.10983	0.02397	0.01332	0.00986	0.00313	0.01206	0.01140	0.00672	0.01405
49	0.02806	0.01918	0.02277	0.01718	0.02583	0.01617	0.01378	0.03626	0.09886	0.15146	0.02723	0.02749	0.02032	0.00990	0.00886	0.00223	0.00816	0.00803	0.00838	0.44984
50	0.06698	0.29234	0.12194	0.09254	0.03493	0.03079	0.02230	0.07098	0.02411	0.03228	0.02269	0.03462	0.02066	0.01264	0.00918	0.00310	0.01192	0.07675	0.00591	0.01334
51	0.29836	0.02502	0.02425	0.01983	0.02718	0.02829	0.01622	0.26462	0.10840	0.05587	0.02374	0.02419	0.01748	0.01180	0.00902	0.00327	0.00981	0.00838	0.00902	0.01524
52	0.08034	0.10420	0.10093	0.02058	0.02965	0.02453	0.01906	0.11184	0.10273	0.16066	0.02762	0.02720	0.01989	0.01126	0.00935	0.00292	0.01023	0.00863	0.00864	0.11972

[dist]
# distance from previous block
# <min> <max>
0	16

[block]
# block no. 7 follows, 13 sequences, length 16
# corresponding to MSA columns:
# 374-389
name=unknown_H
#
# <colnr> <probs for GDERKNQSTAVLIFYWHMCP>
#	G	D	E	R	K	N	Q	S	T	A	V	L	I	F	Y	W	H	M	C	P
0	0.02902	0.02141	0.08200	0.02006	0.02603	0.01858	0.01746	0.08497	0.07718	0.19377	0.10845	0.14815	0.04172	0.01817	0.01328	0.00361	0.05667	0.01502	0.01019	0.01425
1	0.20008	0.01822	0.02126	0.01728	0.02431	0.01779	0.01408	0.04375	0.06817	0.34831	0.08807	0.03614	0.03065	0.01327	0.00985	0.00330	0.00834	0.01043	0.01118	0.01550
2	0.06947	0.02493	0.09209	0.20744	0.10071	0.02270	0.07259	0.07045	0.02609	0.17251	0.02528	0.02854	0.01770	0.01099	0.01047	0.00337	0.01263	0.00963	0.00746	0.01494
3	0.03075	0.01519	0.01905	0.01615	0.02169	0.01369	0.01274	0.06807	0.02877	0.28064	0.10780	0.13237	0.16852	0.01985	0.01164	0.00348	0.00753	0.01677	0.01154	0.01377
4	0.01510	0.01133	0.01699	0.01699	0.01888	0.01322	0.01322	0.01888	0.01699	0.02454	0.02832	0.04154	0.02643	0.07930	0.58652	0.01699	0.02832	0.01133	0.00566	0.00944
5	0.06025	0.01770	0.05733	0.18385	0.03532	0.01682	0.01781	0.02747	0.05543	0.06917	0.15335	0.05145	0.11707	0.01587	0.01071	0.00335	0.00902	0.01340	0.07294	0.01170
6	0.07358	0.14845	0.03350	0.02231	0.02895	0.10833	0.01867	0.15406	0.08648	0.10993	0.02398	0.02500	0.01823	0.01253	0.01258	0.00318	0.08873	0.00853	0.00801	0.01497
7	0.01382	0.01098	0.01255	0.01278	0.01591	0.00971	0.01000	0.01738	0.02544	0.03218	0.19893	0.09964	0.37129	0.02604	0.01285	0.00374	0.00602	0.10124	0.01021	0.00930
8	0.04744	0.01799	0.02454	0.01881	0.02699	0.01554	0.01554	0.05153	0.03026	0.56979	0.04171	0.03599	0.02617	0.01309	0.01063	0.00327	0.00900	0.01063	0.01309	0.01799
9	0.02337	0.09246	0.22741	0.14988	0.20031	0.02633	0.06993	0.03180	0.02273	0.03176	0.01898	0.02452	0.01472	0.00978	0.01014	0.00323	0.01420	0.00873	0.00481	0.01491
10	0.02456	0.02055	0.03425	0.38713	0.21072	0.02316	0.02886	0.03108	0.02292	0.08423	0.02143	0.02839	0.01609	0.01049	0.01055	0.00339	0.01313	0.00953	0.00570	0.01384
11	0.01309	0.00996	0.01205	0.01317	0.01506	0.00892	0.00925	0.01571	0.02307	0.02998	0.15439	0.36321	0.23557	0.02919	0.01300	0.00390	0.00569	0.02575	0.01011	0.00892
12	0.01856	0.01596	0.01852	0.07264	0.02368	0.05984	0.01425	0.02033	0.02030	0.02549	0.04619	0.11813	0.14120	0.09104	0.02441	0.11514	0.08642	0.07192	0.00710	0.00889
13	0.02922	0.08094	0.19550	0.08662	0.04175	0.08633	0.09538	0.03631	0.02424	0.13102	0.02245	0.02565	0.01631	0.01133	0.01259	0.00335	0.07108	0.00901	0.00635	0.01458
14	0.14050	0.02215	0.03602	0.04394	0.28721	0.02236	0.10403	0.02971	0.02277	0.03561	0.02615	0.09695	0.02485	0.01349	0.01076	0.00349	0.01174	0.04794	0.00632	0.01402
15	0.01857	0.01476	0.01831	0.02110	0.07783	0.01528	0.01370	0.02879	0.16093	0.03385	0.05253	0.28889	0.09918	0.02275	0.01171	0.00372	0.00723	0.02012	0.07891	0.01182

[dist]
# distance from previous block
# <min> <max>
0	22

# created by:
# /st0/software/busco_prod/Augustus/scripts/msa2prfl.pl ./align_prep/6593.fa
