[name]
unknown

[dist]
# distance from previous block
# <min> <max>
0	4

[block]
# block no. 0 follows, 13 sequences, length 7
# corresponding to MSA columns:
# 7-13
name=unknown_A
#
# <colnr> <probs for GDERKNQSTAVLIFYWHMCP>
#	G	D	E	R	K	N	Q	S	T	A	V	L	I	F	Y	W	H	M	C	P
0	0.01610	0.01187	0.01561	0.01761	0.01959	0.01193	0.01389	0.02198	0.07075	0.03080	0.05577	0.32889	0.06212	0.02952	0.01377	0.00450	0.00805	0.24749	0.00986	0.00989
1	0.01538	0.01025	0.01153	0.01153	0.01153	0.01025	0.00641	0.01538	0.01538	0.02050	0.03331	0.06919	0.03844	0.62842	0.05382	0.01025	0.01025	0.01538	0.00641	0.00641
2	0.02347	0.02236	0.03803	0.29940	0.34908	0.02441	0.03110	0.03008	0.02280	0.03126	0.01941	0.02705	0.01559	0.00992	0.01051	0.00331	0.01323	0.00941	0.00500	0.01457
3	0.02482	0.02317	0.03572	0.05042	0.39600	0.02373	0.02672	0.03564	0.13201	0.03595	0.03349	0.03655	0.07457	0.01219	0.01073	0.00328	0.01096	0.01125	0.00684	0.01596
4	0.01530	0.01053	0.01296	0.01296	0.01346	0.01103	0.00819	0.01629	0.01580	0.02156	0.03201	0.06194	0.03529	0.48446	0.19347	0.01202	0.01499	0.01431	0.00621	0.00720
5	0.24047	0.02371	0.02520	0.02090	0.02687	0.02760	0.01715	0.18012	0.09813	0.09236	0.02373	0.02521	0.01781	0.01311	0.01375	0.00353	0.11850	0.00872	0.00848	0.01463
6	0.02143	0.01915	0.02941	0.10743	0.24430	0.01851	0.02193	0.02689	0.02402	0.03445	0.12004	0.08034	0.03532	0.01324	0.01050	0.00297	0.00986	0.01206	0.00690	0.16124

[dist]
# distance from previous block
# <min> <max>
0	5

[block]
# block no. 1 follows, 13 sequences, length 26
# corresponding to MSA columns:
# 19-44
name=unknown_B
#
# <colnr> <probs for GDERKNQSTAVLIFYWHMCP>
#	G	D	E	R	K	N	Q	S	T	A	V	L	I	F	Y	W	H	M	C	P
0	0.03507	0.07532	0.07432	0.02404	0.03238	0.03154	0.02117	0.37327	0.04060	0.05508	0.02261	0.02409	0.01677	0.01242	0.01227	0.00314	0.06604	0.00886	0.00883	0.06218
1	0.29795	0.02581	0.02352	0.02211	0.06174	0.10288	0.01636	0.08339	0.11425	0.11872	0.02489	0.02523	0.01832	0.01143	0.00888	0.00323	0.01045	0.00822	0.00830	0.01432
2	0.02323	0.02031	0.02950	0.02467	0.02874	0.02272	0.09895	0.11539	0.06607	0.03731	0.07232	0.19778	0.03850	0.01992	0.01733	0.00392	0.14589	0.01661	0.00825	0.01259
3	0.03347	0.03015	0.03924	0.03004	0.03848	0.08209	0.16633	0.26267	0.11947	0.04968	0.02619	0.02795	0.01929	0.01169	0.01106	0.00331	0.01362	0.01051	0.00860	0.01616
4	0.02496	0.02852	0.06239	0.04456	0.05526	0.02674	0.52406	0.03387	0.02496	0.03387	0.02139	0.02852	0.01604	0.00891	0.01248	0.00357	0.01783	0.01248	0.00535	0.01426
5	0.01349	0.00997	0.01261	0.01361	0.01531	0.00909	0.00957	0.01648	0.02400	0.03221	0.22699	0.36135	0.15968	0.02837	0.01300	0.00386	0.00564	0.02526	0.01040	0.00909
6	0.02617	0.02512	0.04292	0.06490	0.56246	0.02512	0.03245	0.03245	0.02407	0.03454	0.01989	0.02617	0.01675	0.00942	0.01047	0.00314	0.01256	0.00942	0.00523	0.01675
7	0.04206	0.02663	0.02988	0.02291	0.03130	0.02835	0.01892	0.40488	0.04471	0.19603	0.02958	0.02811	0.02009	0.01279	0.01059	0.00320	0.01096	0.00981	0.01122	0.01798
8	0.04019	0.02962	0.03173	0.02433	0.03279	0.03279	0.02010	0.52721	0.04971	0.06663	0.02538	0.02538	0.01798	0.01269	0.01058	0.00317	0.01163	0.00952	0.01058	0.01798
9	0.01773	0.01150	0.01454	0.01338	0.01663	0.01034	0.01017	0.02221	0.02890	0.09203	0.42418	0.07887	0.17583	0.02171	0.01229	0.00336	0.00545	0.01886	0.01145	0.01058
10	0.03008	0.02612	0.05375	0.03869	0.04881	0.02418	0.40807	0.03790	0.02617	0.15612	0.02603	0.03022	0.01835	0.00986	0.01206	0.00350	0.01581	0.01206	0.00711	0.01511
11	0.01997	0.01879	0.03171	0.60301	0.07282	0.02349	0.02936	0.02701	0.02114	0.02701	0.01879	0.02819	0.01409	0.01057	0.01057	0.00352	0.01409	0.00940	0.00470	0.01175
12	0.44875	0.02096	0.01992	0.01650	0.02371	0.02273	0.01361	0.09890	0.02519	0.18596	0.02310	0.02311	0.01611	0.01103	0.00812	0.00326	0.00883	0.00748	0.00876	0.01398
13	0.01250	0.01071	0.01071	0.01071	0.01428	0.00893	0.00803	0.01517	0.02410	0.02856	0.10711	0.10175	0.55817	0.02678	0.01250	0.00357	0.00536	0.02231	0.00982	0.00893
14	0.01997	0.01879	0.03171	0.60301	0.07282	0.02349	0.02936	0.02701	0.02114	0.02701	0.01879	0.02819	0.01409	0.01057	0.01057	0.00352	0.01409	0.00940	0.00470	0.01175
15	0.19138	0.02351	0.02407	0.01964	0.02700	0.06114	0.01593	0.13188	0.10287	0.25038	0.03112	0.02915	0.02136	0.01230	0.00964	0.00326	0.00989	0.00924	0.01030	0.01594
16	0.03080	0.02422	0.03743	0.10510	0.35369	0.02485	0.02778	0.11411	0.02877	0.11415	0.02373	0.02762	0.01801	0.01058	0.01052	0.00320	0.01206	0.00960	0.00714	0.01663
17	0.01291	0.01073	0.01129	0.01115	0.01454	0.00910	0.00836	0.01598	0.02508	0.03089	0.18283	0.09792	0.48100	0.02591	0.01249	0.00353	0.00529	0.02178	0.01012	0.00910
18	0.03638	0.01712	0.02081	0.01674	0.02317	0.01616	0.01357	0.11344	0.03069	0.31585	0.04402	0.04169	0.07775	0.01420	0.01005	0.00310	0.00808	0.01144	0.17056	0.01519
19	0.02439	0.13761	0.39956	0.02903	0.04256	0.02813	0.07661	0.07974	0.02501	0.03534	0.01914	0.02234	0.01408	0.01004	0.00982	0.00319	0.01479	0.00806	0.00513	0.01542
20	0.02583	0.12994	0.05217	0.03467	0.04398	0.02919	0.31922	0.03873	0.14602	0.03477	0.02534	0.02912	0.01943	0.01021	0.01111	0.00335	0.01450	0.01120	0.00648	0.01472
21	0.01515	0.01115	0.01610	0.01610	0.01767	0.01273	0.01210	0.01831	0.01673	0.02388	0.02914	0.04608	0.02840	0.16943	0.49909	0.01589	0.02535	0.01199	0.00579	0.00894
22	0.02192	0.01879	0.02192	0.01566	0.02506	0.01409	0.01253	0.02662	0.02192	0.03445	0.01879	0.02192	0.01566	0.00783	0.00783	0.00157	0.00783	0.00626	0.00626	0.69305
23	0.02410	0.01589	0.02456	0.02052	0.02495	0.01598	0.08446	0.07074	0.02307	0.11106	0.03440	0.04107	0.07253	0.03933	0.19616	0.15477	0.01616	0.01180	0.00735	0.01110
24	0.01288	0.00920	0.01227	0.01472	0.01534	0.00859	0.00981	0.01472	0.02024	0.02699	0.05828	0.62152	0.06993	0.03312	0.01350	0.00429	0.00613	0.03006	0.00981	0.00859
25	0.02357	0.13261	0.35096	0.02471	0.03651	0.02561	0.02908	0.08026	0.02543	0.03663	0.05839	0.02738	0.02123	0.01118	0.00954	0.00308	0.01285	0.00864	0.06772	0.01462

[dist]
# distance from previous block
# <min> <max>
1	43

[block]
# block no. 2 follows, 13 sequences, length 8
# corresponding to MSA columns:
# 88-95
name=unknown_C
#
# <colnr> <probs for GDERKNQSTAVLIFYWHMCP>
#	G	D	E	R	K	N	Q	S	T	A	V	L	I	F	Y	W	H	M	C	P
0	0.02070	0.01267	0.01618	0.01434	0.01842	0.01111	0.01097	0.02502	0.02779	0.12749	0.33052	0.11454	0.12030	0.02027	0.01178	0.00325	0.00608	0.01764	0.01101	0.07991
1	0.01273	0.00979	0.01167	0.01317	0.01493	0.00872	0.00913	0.01490	0.02173	0.02760	0.07716	0.42048	0.25877	0.03067	0.01311	0.00401	0.00583	0.02706	0.00982	0.00872
2	0.02513	0.37726	0.28546	0.02344	0.03540	0.03416	0.02740	0.03247	0.02186	0.02870	0.01660	0.01934	0.01349	0.00949	0.00823	0.00274	0.01322	0.00661	0.00450	0.01448
3	0.02083	0.17376	0.10167	0.01831	0.02461	0.02250	0.01707	0.03032	0.11296	0.03559	0.21177	0.10382	0.05217	0.01685	0.01054	0.00321	0.00869	0.01413	0.00856	0.01264
4	0.01273	0.00978	0.01167	0.01319	0.01493	0.00872	0.00913	0.01489	0.02172	0.02759	0.07692	0.42304	0.25637	0.03070	0.01311	0.00402	0.00584	0.02710	0.00982	0.00872
5	0.01343	0.01026	0.01248	0.01402	0.01604	0.00931	0.01035	0.01608	0.02236	0.02835	0.07604	0.34488	0.24986	0.03011	0.01331	0.00412	0.00644	0.10385	0.00980	0.00890
6	0.02192	0.01879	0.02192	0.01566	0.02506	0.01409	0.01253	0.02662	0.02192	0.03445	0.01879	0.02192	0.01566	0.00783	0.00783	0.00157	0.00783	0.00626	0.00626	0.69305
7	0.02617	0.02512	0.04292	0.06490	0.56246	0.02512	0.03245	0.03245	0.02407	0.03454	0.01989	0.02617	0.01675	0.00942	0.01047	0.00314	0.01256	0.00942	0.00523	0.01675

[dist]
# distance from previous block
# <min> <max>
0	1

[block]
# block no. 3 follows, 13 sequences, length 8
# corresponding to MSA columns:
# 97-104
name=unknown_D
#
# <colnr> <probs for GDERKNQSTAVLIFYWHMCP>
#	G	D	E	R	K	N	Q	S	T	A	V	L	I	F	Y	W	H	M	C	P
0	0.02735	0.02788	0.04013	0.11102	0.44540	0.09963	0.03056	0.03323	0.02458	0.03267	0.01931	0.02542	0.01608	0.00973	0.01035	0.00312	0.01357	0.00907	0.00521	0.01567
1	0.03113	0.08637	0.15921	0.02494	0.03455	0.02143	0.11718	0.03808	0.02537	0.21249	0.02892	0.03010	0.02022	0.01109	0.01000	0.00313	0.01183	0.00974	0.10911	0.01510
2	0.02575	0.16566	0.14150	0.02332	0.03254	0.02719	0.06624	0.10324	0.09491	0.03886	0.08902	0.03133	0.02771	0.01188	0.00979	0.00296	0.01128	0.00978	0.00730	0.07974
3	0.01747	0.01131	0.01479	0.01537	0.01796	0.01048	0.01190	0.02114	0.02504	0.08092	0.18547	0.24324	0.13612	0.02669	0.01312	0.00401	0.00689	0.13744	0.01054	0.01010
4	0.02062	0.01969	0.02013	0.09521	0.02789	0.10033	0.01527	0.02887	0.10659	0.03310	0.16604	0.05604	0.13974	0.02649	0.09234	0.00527	0.01218	0.01436	0.00848	0.01134
5	0.01440	0.01101	0.01335	0.01415	0.01624	0.01046	0.01007	0.01949	0.06708	0.03228	0.18115	0.34223	0.17345	0.02762	0.01283	0.00386	0.00590	0.02445	0.01031	0.00966
6	0.34916	0.01708	0.01656	0.01436	0.02036	0.01761	0.01159	0.03177	0.02311	0.16777	0.08127	0.04416	0.13708	0.01506	0.00922	0.00334	0.00754	0.01140	0.00918	0.01237
7	0.02617	0.02512	0.04292	0.06490	0.56246	0.02512	0.03245	0.03245	0.02407	0.03454	0.01989	0.02617	0.01675	0.00942	0.01047	0.00314	0.01256	0.00942	0.00523	0.01675

[dist]
# distance from previous block
# <min> <max>
0	1

[block]
# block no. 4 follows, 13 sequences, length 17
# corresponding to MSA columns:
# 106-122
name=unknown_E
#
# <colnr> <probs for GDERKNQSTAVLIFYWHMCP>
#	G	D	E	R	K	N	Q	S	T	A	V	L	I	F	Y	W	H	M	C	P
0	0.02403	0.11794	0.11785	0.01799	0.02678	0.01945	0.01750	0.02980	0.02271	0.07282	0.02450	0.03057	0.02012	0.01071	0.00856	0.00243	0.00941	0.03478	0.11556	0.27649
1	0.17401	0.14308	0.18356	0.02253	0.03144	0.07224	0.02290	0.03585	0.07256	0.06509	0.02026	0.02250	0.01563	0.01123	0.01096	0.00322	0.06529	0.00758	0.00612	0.01396
2	0.02345	0.02266	0.03544	0.10272	0.24363	0.02726	0.02681	0.02794	0.01989	0.02915	0.01776	0.02612	0.01589	0.01820	0.06007	0.00476	0.27032	0.00948	0.00495	0.01349
3	0.01573	0.01186	0.01467	0.01378	0.01669	0.01133	0.01039	0.02271	0.07510	0.04121	0.46724	0.07768	0.13846	0.02147	0.01232	0.00337	0.00533	0.01879	0.01138	0.01048
4	0.02983	0.03254	0.04644	0.03529	0.04390	0.14990	0.28739	0.08721	0.10723	0.03689	0.02396	0.02780	0.01817	0.01054	0.01139	0.00335	0.01606	0.01087	0.00670	0.01456
5	0.01405	0.01010	0.01331	0.01393	0.01559	0.00936	0.00990	0.01764	0.02565	0.03560	0.33677	0.31849	0.08659	0.02670	0.01292	0.00375	0.00549	0.02395	0.01083	0.00936
6	0.01488	0.01019	0.01256	0.01287	0.01495	0.00946	0.00931	0.01873	0.02534	0.03612	0.28527	0.22757	0.12833	0.02391	0.01195	0.00349	0.00534	0.02105	0.11924	0.00946
7	0.01453	0.00998	0.01284	0.01358	0.01522	0.00934	0.00963	0.01808	0.02472	0.03511	0.27587	0.32029	0.07856	0.02584	0.01240	0.00367	0.00550	0.02309	0.08244	0.00934
8	0.01724	0.01227	0.01583	0.01538	0.01797	0.01216	0.01198	0.02107	0.02564	0.06830	0.25996	0.15246	0.16746	0.02430	0.01468	0.00381	0.05808	0.08090	0.01029	0.01020
9	0.08463	0.43052	0.04547	0.02020	0.02809	0.18535	0.01819	0.03443	0.02347	0.02693	0.01514	0.01754	0.01341	0.00960	0.00750	0.00246	0.01313	0.00597	0.00493	0.01305
10	0.26390	0.12711	0.03130	0.10006	0.11426	0.14409	0.01991	0.03319	0.02239	0.03469	0.01637	0.02032	0.01340	0.00995	0.00832	0.00300	0.01238	0.00698	0.00555	0.01282
11	0.02184	0.02980	0.17251	0.02206	0.02891	0.06965	0.02138	0.03349	0.13162	0.03742	0.21029	0.04531	0.04735	0.01575	0.01311	0.00344	0.06183	0.01263	0.00835	0.01324
12	0.01955	0.01631	0.01921	0.01470	0.02205	0.01273	0.01157	0.02414	0.02389	0.03570	0.14617	0.04160	0.08184	0.01255	0.00927	0.00213	0.00698	0.01053	0.00777	0.48130
13	0.01451	0.01112	0.01555	0.01973	0.06918	0.01053	0.01251	0.01710	0.02125	0.02824	0.05793	0.48199	0.09987	0.03001	0.01322	0.00418	0.00701	0.06718	0.00936	0.00951
14	0.01538	0.01025	0.01153	0.01153	0.01153	0.01025	0.00641	0.01538	0.01538	0.02050	0.03331	0.06919	0.03844	0.62842	0.05382	0.01025	0.01025	0.01538	0.00641	0.00641
15	0.01538	0.01025	0.01153	0.01153	0.01153	0.01025	0.00641	0.01538	0.01538	0.02050	0.03331	0.06919	0.03844	0.62842	0.05382	0.01025	0.01025	0.01538	0.00641	0.00641
16	0.03162	0.02840	0.04548	0.03368	0.04263	0.07561	0.28280	0.14321	0.03117	0.09746	0.02480	0.02848	0.01803	0.01057	0.01128	0.00330	0.01483	0.01097	0.05067	0.01501

[dist]
# distance from previous block
# <min> <max>
0	1

[block]
# block no. 5 follows, 13 sequences, length 104
# corresponding to MSA columns:
# 124-227
name=unknown_F
#
# <colnr> <probs for GDERKNQSTAVLIFYWHMCP>
#	G	D	E	R	K	N	Q	S	T	A	V	L	I	F	Y	W	H	M	C	P
0	0.02019	0.02593	0.14884	0.02498	0.03167	0.02002	0.09361	0.03081	0.11017	0.03437	0.08933	0.14365	0.04116	0.01862	0.01367	0.00386	0.05373	0.07459	0.00794	0.01284
1	0.02060	0.01944	0.03286	0.54780	0.12306	0.02366	0.02968	0.02757	0.02144	0.02779	0.01890	0.02798	0.01437	0.01045	0.01056	0.00348	0.01394	0.00940	0.00475	0.01226
2	0.02771	0.58918	0.09615	0.01904	0.02860	0.04048	0.01974	0.03180	0.02155	0.02555	0.01504	0.01738	0.01355	0.00912	0.00704	0.00235	0.01165	0.00582	0.00452	0.01373
3	0.65005	0.06874	0.01867	0.01423	0.02097	0.02514	0.01197	0.03113	0.01827	0.04566	0.01472	0.01716	0.01162	0.00975	0.00656	0.00319	0.00842	0.00572	0.00638	0.01162
4	0.13932	0.02149	0.02169	0.01652	0.02504	0.06078	0.01320	0.03053	0.02255	0.07760	0.01970	0.02200	0.01561	0.00881	0.00797	0.00208	0.00886	0.00656	0.00678	0.47292
5	0.01707	0.00996	0.01460	0.01460	0.01520	0.01056	0.01022	0.01554	0.01494	0.02052	0.02285	0.03840	0.02270	0.10255	0.21559	0.41757	0.01536	0.01041	0.00509	0.00629
6	0.01528	0.01017	0.01208	0.01245	0.01292	0.01027	0.00769	0.01630	0.01677	0.02325	0.03666	0.14773	0.04116	0.43786	0.09904	0.00948	0.01110	0.01678	0.05569	0.00730
7	0.02192	0.01879	0.02192	0.01566	0.02506	0.01409	0.01253	0.02662	0.02192	0.03445	0.01879	0.02192	0.01566	0.00783	0.00783	0.00157	0.00783	0.00626	0.00626	0.69305
8	0.02524	0.02189	0.02387	0.02142	0.02668	0.02561	0.01675	0.05120	0.46566	0.04264	0.07749	0.04100	0.03567	0.01519	0.01274	0.00365	0.05486	0.01226	0.01034	0.01585
9	0.01288	0.00920	0.01227	0.01472	0.01534	0.00859	0.00981	0.01472	0.02024	0.02699	0.05828	0.62152	0.06993	0.03312	0.01350	0.00429	0.00613	0.03006	0.00981	0.00859
10	0.02060	0.01944	0.03286	0.54780	0.12306	0.02366	0.02968	0.02757	0.02144	0.02779	0.01890	0.02798	0.01437	0.01045	0.01056	0.00348	0.01394	0.00940	0.00475	0.01226
11	0.01362	0.01010	0.01271	0.01344	0.01532	0.00919	0.00955	0.01684	0.02471	0.03327	0.26101	0.31637	0.17000	0.02750	0.01292	0.00379	0.00555	0.02440	0.01052	0.00919
12	0.01324	0.00948	0.01259	0.01448	0.01541	0.00883	0.00984	0.01562	0.02191	0.02965	0.14424	0.52798	0.07507	0.03114	0.01332	0.00413	0.00594	0.02817	0.01013	0.00883
13	0.02313	0.02313	0.03238	0.02776	0.02776	0.03238	0.02313	0.02545	0.01619	0.02545	0.01388	0.02313	0.01388	0.01851	0.03470	0.00463	0.60907	0.00925	0.00463	0.01157
14	0.02416	0.02785	0.09100	0.14673	0.20934	0.02552	0.25313	0.03222	0.02382	0.03285	0.02030	0.02728	0.01571	0.00944	0.01136	0.00341	0.01543	0.01066	0.00513	0.01467
15	0.01513	0.01122	0.01643	0.01643	0.01813	0.01291	0.01252	0.01852	0.01683	0.02413	0.02883	0.04437	0.02766	0.13564	0.53187	0.01630	0.02647	0.01174	0.00574	0.00913
16	0.02192	0.01879	0.02192	0.01566	0.02506	0.01409	0.01253	0.02662	0.02192	0.03445	0.01879	0.02192	0.01566	0.00783	0.00783	0.00157	0.00783	0.00626	0.00626	0.69305
17	0.02737	0.37862	0.13012	0.08265	0.03748	0.03394	0.07332	0.03309	0.02255	0.06596	0.01836	0.02144	0.01474	0.00963	0.00852	0.00276	0.01274	0.00741	0.00522	0.01408
18	0.01754	0.01173	0.01568	0.01765	0.02009	0.01173	0.01521	0.02242	0.02393	0.03311	0.05191	0.10415	0.05446	0.02601	0.01324	0.00441	0.00883	0.40015	0.13798	0.00976
19	0.01658	0.01202	0.01640	0.01859	0.02114	0.01184	0.01613	0.02123	0.02432	0.03133	0.06114	0.11750	0.11105	0.02896	0.01439	0.00474	0.00929	0.44396	0.00974	0.00965
20	0.02300	0.02040	0.02725	0.02816	0.16145	0.01689	0.01758	0.02810	0.02247	0.03448	0.01907	0.02300	0.01594	0.00823	0.00850	0.00197	0.00903	0.00707	0.00600	0.52141
21	0.02311	0.02200	0.03740	0.33000	0.32124	0.02432	0.03093	0.02977	0.02263	0.03083	0.01935	0.02716	0.01544	0.00999	0.01052	0.00333	0.01332	0.00941	0.00497	0.01428
22	0.01288	0.00920	0.01227	0.01472	0.01534	0.00859	0.00981	0.01472	0.02024	0.02699	0.05828	0.62152	0.06993	0.03312	0.01350	0.00429	0.00613	0.03006	0.00981	0.00859
23	0.01997	0.01879	0.03171	0.60301	0.07282	0.02349	0.02936	0.02701	0.02114	0.02701	0.01879	0.02819	0.01409	0.01057	0.01057	0.00352	0.01409	0.00940	0.00470	0.01175
24	0.03222	0.01701	0.02122	0.01783	0.02372	0.01658	0.01416	0.04313	0.16039	0.27639	0.19835	0.04991	0.05005	0.01599	0.01122	0.00337	0.00762	0.01354	0.01206	0.01524
25	0.02827	0.63478	0.05540	0.01809	0.02714	0.04184	0.01809	0.03166	0.02148	0.02488	0.01470	0.01696	0.01357	0.00905	0.00678	0.00226	0.01131	0.00565	0.00452	0.01357
26	0.02650	0.02272	0.03683	0.10452	0.32228	0.02332	0.05967	0.03584	0.09645	0.08191	0.02750	0.06758	0.02285	0.01204	0.01086	0.00336	0.01175	0.01141	0.00695	0.01566
27	0.70310	0.02045	0.01554	0.01390	0.02045	0.02372	0.01145	0.03108	0.01799	0.04744	0.01472	0.01718	0.01145	0.00981	0.00654	0.00327	0.00818	0.00573	0.00654	0.01145
28	0.04744	0.01799	0.02454	0.01881	0.02699	0.01554	0.01554	0.05153	0.03026	0.56979	0.04171	0.03599	0.02617	0.01309	0.01063	0.00327	0.00900	0.01063	0.01309	0.01799
29	0.01250	0.01071	0.01071	0.01071	0.01428	0.00893	0.00803	0.01517	0.02410	0.02856	0.10711	0.10175	0.55817	0.02678	0.01250	0.00357	0.00536	0.02231	0.00982	0.00893
30	0.02469	0.02362	0.04025	0.19278	0.44610	0.02473	0.03172	0.03116	0.02338	0.03275	0.01963	0.02665	0.01612	0.00969	0.01049	0.00323	0.01293	0.00941	0.00511	0.01556
31	0.01538	0.01025	0.01153	0.01153	0.01153	0.01025	0.00641	0.01538	0.01538	0.02050	0.03331	0.06919	0.03844	0.62842	0.05382	0.01025	0.01025	0.01538	0.00641	0.00641
32	0.01517	0.01095	0.01443	0.01392	0.01641	0.01020	0.01069	0.02015	0.02936	0.04131	0.50632	0.08305	0.09584	0.02238	0.01269	0.00348	0.00547	0.06678	0.01145	0.00995
33	0.01350	0.00969	0.01186	0.01331	0.01417	0.00908	0.00865	0.01496	0.01946	0.02546	0.05827	0.40174	0.12847	0.19226	0.02420	0.00580	0.00713	0.02505	0.00890	0.00805
34	0.09616	0.02826	0.03383	0.02914	0.08779	0.03073	0.05981	0.39422	0.04235	0.05910	0.02357	0.02498	0.01713	0.01181	0.01036	0.00321	0.01191	0.00940	0.00927	0.01699
35	0.70310	0.02045	0.01554	0.01390	0.02045	0.02372	0.01145	0.03108	0.01799	0.04744	0.01472	0.01718	0.01145	0.00981	0.00654	0.00327	0.00818	0.00573	0.00654	0.01145
36	0.04669	0.01919	0.02527	0.01938	0.02759	0.01731	0.01601	0.10033	0.03226	0.51816	0.04004	0.03490	0.02533	0.01305	0.01063	0.00326	0.00927	0.01052	0.01283	0.01799
37	0.03950	0.05039	0.02996	0.02724	0.03269	0.58597	0.02043	0.04222	0.02996	0.02588	0.01634	0.01907	0.01362	0.01090	0.00953	0.00272	0.01907	0.00681	0.00545	0.01226
38	0.01295	0.01086	0.01135	0.01160	0.01505	0.00925	0.00894	0.01585	0.02412	0.02887	0.10195	0.10352	0.50797	0.02702	0.01271	0.00370	0.00580	0.06965	0.00981	0.00901
39	0.01704	0.01217	0.01704	0.01947	0.02191	0.01217	0.01704	0.02191	0.02434	0.03164	0.05598	0.11926	0.06085	0.02921	0.01460	0.00487	0.00974	0.49130	0.00974	0.00974
40	0.02149	0.01038	0.01080	0.01043	0.01326	0.01022	0.00792	0.02637	0.02269	0.07357	0.03496	0.03920	0.02704	0.01237	0.00760	0.00252	0.00519	0.00990	0.64372	0.01038
41	0.02192	0.01879	0.02192	0.01566	0.02506	0.01409	0.01253	0.02662	0.02192	0.03445	0.01879	0.02192	0.01566	0.00783	0.00783	0.00157	0.00783	0.00626	0.00626	0.69305
42	0.70310	0.02045	0.01554	0.01390	0.02045	0.02372	0.01145	0.03108	0.01799	0.04744	0.01472	0.01718	0.01145	0.00981	0.00654	0.00327	0.00818	0.00573	0.00654	0.01145
43	0.01288	0.00920	0.01227	0.01472	0.01534	0.00859	0.00981	0.01472	0.02024	0.02699	0.05828	0.62152	0.06993	0.03312	0.01350	0.00429	0.00613	0.03006	0.00981	0.00859
44	0.02630	0.02271	0.02391	0.02152	0.02749	0.02630	0.01674	0.05618	0.54336	0.04423	0.04303	0.03945	0.03228	0.01434	0.01076	0.00359	0.00837	0.01195	0.01076	0.01674
45	0.03761	0.02864	0.03183	0.02485	0.03203	0.03273	0.02056	0.45134	0.04464	0.06041	0.02365	0.02504	0.01736	0.01357	0.01422	0.00339	0.10197	0.00948	0.00968	0.01701
46	0.02757	0.01937	0.02302	0.01678	0.02590	0.01558	0.01355	0.06388	0.02520	0.12975	0.02322	0.02460	0.01764	0.00906	0.00850	0.00197	0.00828	0.00724	0.00774	0.53116
47	0.60107	0.11333	0.02157	0.01454	0.02146	0.02646	0.01245	0.03117	0.01852	0.04403	0.01472	0.01714	0.01177	0.00970	0.00658	0.00312	0.00865	0.00571	0.00624	0.01177
48	0.04744	0.01799	0.02454	0.01881	0.02699	0.01554	0.01554	0.05153	0.03026	0.56979	0.04171	0.03599	0.02617	0.01309	0.01063	0.00327	0.00900	0.01063	0.01309	0.01799
49	0.02454	0.02707	0.11448	0.02229	0.02959	0.02470	0.01990	0.04950	0.41557	0.04230	0.08028	0.03977	0.03455	0.01421	0.01078	0.00353	0.00930	0.01184	0.00978	0.01601
50	0.01424	0.01114	0.01323	0.01434	0.01725	0.01013	0.01158	0.01768	0.02389	0.02960	0.08394	0.14923	0.33179	0.02820	0.01337	0.00412	0.00707	0.20021	0.00979	0.00921
51	0.02158	0.02108	0.02909	0.02515	0.02565	0.02858	0.02079	0.02416	0.01802	0.02719	0.06913	0.03418	0.06381	0.01942	0.03101	0.00443	0.50871	0.01114	0.00565	0.01122
52	0.02912	0.59136	0.05371	0.01854	0.02754	0.04119	0.01824	0.06722	0.02351	0.02787	0.01547	0.01757	0.01389	0.00931	0.00706	0.00233	0.01133	0.00593	0.00496	0.01389
53	0.02183	0.10596	0.52783	0.02907	0.04412	0.02608	0.03721	0.03332	0.02225	0.03272	0.01860	0.02185	0.01341	0.00996	0.00976	0.00325	0.01524	0.00762	0.00447	0.01544
54	0.11966	0.01213	0.01376	0.01292	0.01602	0.01204	0.00984	0.02228	0.02706	0.04275	0.40322	0.06421	0.07644	0.01856	0.01088	0.00320	0.00546	0.01582	0.10356	0.01018
55	0.02338	0.22503	0.36987	0.02525	0.03836	0.02880	0.03045	0.03233	0.02204	0.03099	0.01768	0.02068	0.01365	0.00955	0.00887	0.00287	0.01365	0.00703	0.00464	0.07489
56	0.02833	0.03449	0.27717	0.02783	0.08798	0.01981	0.02722	0.03654	0.02594	0.18955	0.10695	0.03522	0.03048	0.01261	0.01062	0.00330	0.01180	0.01050	0.00811	0.01557
57	0.32789	0.27471	0.07663	0.01784	0.02603	0.07149	0.01696	0.03230	0.02061	0.03563	0.01516	0.01763	0.01262	0.00960	0.00713	0.00283	0.01082	0.00594	0.00548	0.01270
58	0.02658	0.02937	0.15615	0.06039	0.03426	0.02408	0.02255	0.08270	0.26485	0.08434	0.07419	0.03631	0.03021	0.01341	0.01068	0.00345	0.01052	0.01106	0.00910	0.01582
59	0.02695	0.01864	0.02244	0.01628	0.02544	0.01438	0.01312	0.03152	0.02357	0.13980	0.02330	0.02469	0.01773	0.00886	0.00838	0.00190	0.00806	0.00712	0.00761	0.56021
60	0.01496	0.01081	0.01413	0.01330	0.01580	0.00998	0.00998	0.01995	0.02993	0.04240	0.55689	0.07898	0.09976	0.02162	0.01247	0.00333	0.00499	0.01912	0.01164	0.00998
61	0.04744	0.01799	0.02454	0.01881	0.02699	0.01554	0.01554	0.05153	0.03026	0.56979	0.04171	0.03599	0.02617	0.01309	0.01063	0.00327	0.00900	0.01063	0.01309	0.01799
62	0.01256	0.01046	0.01097	0.01138	0.01446	0.00887	0.00833	0.01510	0.02345	0.02830	0.09893	0.18876	0.47644	0.02784	0.01266	0.00369	0.00549	0.02361	0.00982	0.00887
63	0.01510	0.01133	0.01699	0.01699	0.01888	0.01322	0.01322	0.01888	0.01699	0.02454	0.02832	0.04154	0.02643	0.07930	0.58652	0.01699	0.02832	0.01133	0.00566	0.00944
64	0.15719	0.01840	0.02303	0.01799	0.02590	0.01691	0.01486	0.04810	0.02821	0.48235	0.03719	0.03284	0.02371	0.01254	0.00995	0.00327	0.00886	0.00981	0.01199	0.01690
65	0.02063	0.04794	0.48853	0.02720	0.04064	0.02236	0.03420	0.03140	0.02175	0.03286	0.02123	0.02730	0.01638	0.05984	0.01337	0.00384	0.01444	0.00856	0.05305	0.01448
66	0.58026	0.08521	0.06436	0.01563	0.02315	0.02561	0.01434	0.03133	0.01869	0.04404	0.01506	0.01757	0.01182	0.00976	0.00685	0.00318	0.00909	0.00589	0.00617	0.01200
67	0.02510	0.02316	0.03883	0.09510	0.47439	0.02347	0.02971	0.03130	0.02369	0.03453	0.02129	0.02764	0.01762	0.00979	0.01016	0.00310	0.01189	0.00946	0.07403	0.01572
68	0.02195	0.04983	0.48528	0.03050	0.04489	0.02488	0.07482	0.03552	0.06858	0.03446	0.02129	0.02432	0.01527	0.01034	0.01030	0.00339	0.01516	0.00854	0.00509	0.01562
69	0.02301	0.02269	0.03133	0.02654	0.02749	0.03054	0.02206	0.02556	0.01677	0.02635	0.01438	0.02301	0.01406	0.01743	0.03199	0.00432	0.54838	0.00895	0.00479	0.08036
70	0.04744	0.01799	0.02454	0.01881	0.02699	0.01554	0.01554	0.05153	0.03026	0.56979	0.04171	0.03599	0.02617	0.01309	0.01063	0.00327	0.00900	0.01063	0.01309	0.01799
71	0.01493	0.01066	0.01462	0.01706	0.01858	0.01035	0.01338	0.01826	0.02226	0.02928	0.05714	0.37388	0.06545	0.03119	0.01404	0.00458	0.00791	0.25747	0.00978	0.00915
72	0.04744	0.01799	0.02454	0.01881	0.02699	0.01554	0.01554	0.05153	0.03026	0.56979	0.04171	0.03599	0.02617	0.01309	0.01063	0.00327	0.00900	0.01063	0.01309	0.01799
73	0.01423	0.01078	0.01311	0.01253	0.01534	0.00966	0.00939	0.01852	0.02818	0.03826	0.42218	0.08580	0.23706	0.02316	0.01248	0.00340	0.00510	0.02008	0.01109	0.00966
74	0.70310	0.02045	0.01554	0.01390	0.02045	0.02372	0.01145	0.03108	0.01799	0.04744	0.01472	0.01718	0.01145	0.00981	0.00654	0.00327	0.00818	0.00573	0.00654	0.01145
75	0.01511	0.01191	0.01465	0.01465	0.01737	0.01207	0.01100	0.02112	0.07560	0.03085	0.13816	0.15247	0.20599	0.04103	0.18032	0.00757	0.01244	0.01872	0.00897	0.00999
76	0.02359	0.01935	0.02071	0.01929	0.02410	0.02193	0.01473	0.04668	0.41079	0.04113	0.04446	0.12745	0.03744	0.01698	0.01083	0.00358	0.00768	0.01448	0.08001	0.01480
77	0.02487	0.02362	0.03857	0.04664	0.30769	0.02408	0.10089	0.03679	0.14323	0.03746	0.08049	0.03497	0.02870	0.01172	0.01104	0.00333	0.01162	0.01146	0.00717	0.01567
78	0.01662	0.01187	0.01656	0.01899	0.02124	0.01181	0.01631	0.02118	0.02393	0.03117	0.05621	0.16996	0.06177	0.02960	0.01449	0.00481	0.00937	0.44474	0.00974	0.00962
79	0.04019	0.02962	0.03173	0.02433	0.03279	0.03279	0.02010	0.52721	0.04971	0.06663	0.02538	0.02538	0.01798	0.01269	0.01058	0.00317	0.01163	0.00952	0.01058	0.01798
80	0.02847	0.02223	0.02397	0.02124	0.02744	0.02519	0.01661	0.05571	0.49072	0.09815	0.04290	0.03909	0.03165	0.01422	0.01075	0.00355	0.00843	0.01182	0.01100	0.01686
81	0.03569	0.02876	0.16144	0.02794	0.07648	0.02036	0.07393	0.04425	0.06415	0.30728	0.03259	0.03143	0.02178	0.01174	0.01067	0.00333	0.01171	0.01014	0.00945	0.01686
82	0.02927	0.27231	0.16045	0.02672	0.03737	0.03037	0.13639	0.03589	0.02392	0.12045	0.02166	0.02390	0.01621	0.00991	0.00940	0.00295	0.01330	0.00849	0.00614	0.01490
83	0.01446	0.01134	0.01344	0.01449	0.01757	0.01033	0.01192	0.01808	0.02420	0.02989	0.08504	0.10931	0.34353	0.02783	0.01341	0.00413	0.00725	0.22473	0.00978	0.00928
84	0.02149	0.02034	0.03446	0.47128	0.19268	0.02389	0.03012	0.02834	0.02186	0.02886	0.01906	0.02769	0.01474	0.01029	0.01055	0.00343	0.01372	0.00940	0.00483	0.01297
85	0.08426	0.03516	0.23287	0.08411	0.03964	0.02521	0.02664	0.15393	0.06372	0.11621	0.02484	0.02624	0.01740	0.01141	0.01007	0.00332	0.01253	0.00887	0.00771	0.01585
86	0.01815	0.02008	0.08255	0.02241	0.02843	0.01620	0.13034	0.02598	0.06326	0.03637	0.23550	0.09756	0.14160	0.01861	0.01217	0.00350	0.00938	0.01717	0.00898	0.01175
87	0.03950	0.05039	0.02996	0.02724	0.03269	0.58597	0.02043	0.04222	0.02996	0.02588	0.01634	0.01907	0.01362	0.01090	0.00953	0.00272	0.01907	0.00681	0.00545	0.01226
88	0.02617	0.02512	0.04292	0.06490	0.56246	0.02512	0.03245	0.03245	0.02407	0.03454	0.01989	0.02617	0.01675	0.00942	0.01047	0.00314	0.01256	0.00942	0.00523	0.01675
89	0.70310	0.02045	0.01554	0.01390	0.02045	0.02372	0.01145	0.03108	0.01799	0.04744	0.01472	0.01718	0.01145	0.00981	0.00654	0.00327	0.00818	0.00573	0.00654	0.01145
90	0.01271	0.01072	0.01101	0.01094	0.01442	0.00902	0.00820	0.01560	0.02461	0.02979	0.14686	0.09974	0.51766	0.02632	0.01249	0.00355	0.00532	0.02203	0.00998	0.00902
91	0.60451	0.02008	0.01689	0.01464	0.02143	0.02249	0.01207	0.03415	0.01984	0.12598	0.01878	0.02000	0.01366	0.01031	0.00716	0.00327	0.00830	0.00646	0.00753	0.01243
92	0.01496	0.01081	0.01413	0.01330	0.01580	0.00998	0.00998	0.01995	0.02993	0.04240	0.55689	0.07898	0.09976	0.02162	0.01247	0.00333	0.00499	0.01912	0.01164	0.00998
93	0.02592	0.35056	0.27612	0.02381	0.03546	0.06742	0.02723	0.03308	0.02236	0.02863	0.01663	0.01939	0.01350	0.00959	0.00835	0.00276	0.01363	0.00665	0.00455	0.01437
94	0.03092	0.03591	0.02471	0.02329	0.02766	0.35449	0.01727	0.03795	0.11295	0.02919	0.03083	0.16694	0.03022	0.01680	0.01069	0.00324	0.01419	0.01324	0.00738	0.01212
95	0.01449	0.01011	0.01281	0.01383	0.01560	0.00944	0.01004	0.01789	0.02395	0.03330	0.20638	0.31624	0.11672	0.02674	0.01257	0.00380	0.00589	0.06111	0.07983	0.00925
96	0.02313	0.02313	0.03238	0.02776	0.02776	0.03238	0.02313	0.02545	0.01619	0.02545	0.01388	0.02313	0.01388	0.01851	0.03470	0.00463	0.60907	0.00925	0.00463	0.01157
97	0.01905	0.01713	0.02456	0.02229	0.02325	0.02264	0.01809	0.02211	0.01660	0.02499	0.02122	0.03249	0.02026	0.04940	0.31517	0.01091	0.31389	0.01031	0.00515	0.01049
98	0.01288	0.00920	0.01227	0.01472	0.01534	0.00859	0.00981	0.01472	0.02024	0.02699	0.05828	0.62152	0.06993	0.03312	0.01350	0.00429	0.00613	0.03006	0.00981	0.00859
99	0.10290	0.03482	0.02770	0.06760	0.06756	0.28381	0.01975	0.04317	0.14375	0.07192	0.02444	0.02581	0.01875	0.01160	0.00972	0.00310	0.01403	0.00849	0.00724	0.01386
100	0.02827	0.63478	0.05540	0.01809	0.02714	0.04184	0.01809	0.03166	0.02148	0.02488	0.01470	0.01696	0.01357	0.00905	0.00678	0.00226	0.01131	0.00565	0.00452	0.01357
101	0.70310	0.02045	0.01554	0.01390	0.02045	0.02372	0.01145	0.03108	0.01799	0.04744	0.01472	0.01718	0.01145	0.00981	0.00654	0.00327	0.00818	0.00573	0.00654	0.01145
102	0.01288	0.00920	0.01227	0.01472	0.01534	0.00859	0.00981	0.01472	0.02024	0.02699	0.05828	0.62152	0.06993	0.03312	0.01350	0.00429	0.00613	0.03006	0.00981	0.00859
103	0.01837	0.00918	0.01377	0.01377	0.01377	0.00918	0.00918	0.01377	0.01377	0.01837	0.01837	0.03214	0.01837	0.03673	0.04132	0.69238	0.00918	0.00918	0.00459	0.00459

[dist]
# distance from previous block
# <min> <max>
0	8

# created by:
# /st0/software/busco_prod/Augustus/scripts/msa2prfl.pl ./align_prep/6621.fa
