[name]
unknown

[dist]
# distance from previous block
# <min> <max>
0	207

[block]
# block no. 0 follows, 10 sequences, length 7
# corresponding to MSA columns:
# 268-274
name=unknown_A
#
# <colnr> <probs for GDERKNQSTAVLIFYWHMCP>
#	G	D	E	R	K	N	Q	S	T	A	V	L	I	F	Y	W	H	M	C	P
0	0.01874	0.01339	0.01874	0.02142	0.02410	0.01339	0.01874	0.02410	0.02677	0.03481	0.06158	0.13119	0.06693	0.03213	0.01606	0.00535	0.01071	0.44043	0.01071	0.01071
1	0.02482	0.02067	0.02275	0.02069	0.02600	0.02301	0.01596	0.04866	0.34443	0.04799	0.20075	0.05773	0.05998	0.01842	0.01246	0.00385	0.00798	0.01575	0.01215	0.01596
2	0.01683	0.01162	0.01443	0.01443	0.01503	0.01222	0.00922	0.01803	0.01743	0.02384	0.03505	0.06727	0.03845	0.44485	0.20036	0.01343	0.01705	0.01562	0.00681	0.00802
3	0.02568	0.13147	0.12052	0.02316	0.03147	0.02294	0.06845	0.03236	0.02741	0.08832	0.12123	0.05504	0.08244	0.01692	0.01164	0.00356	0.01126	0.05054	0.06149	0.01408
4	0.25487	0.07621	0.02499	0.01758	0.02590	0.02212	0.01478	0.03392	0.02378	0.09310	0.02527	0.03371	0.02139	0.01238	0.00905	0.00300	0.00945	0.04893	0.00797	0.24159
5	0.03165	0.26026	0.25669	0.02574	0.03863	0.03251	0.02930	0.03972	0.02581	0.12358	0.02367	0.02505	0.01740	0.01124	0.00979	0.00321	0.01401	0.00825	0.00669	0.01680
6	0.03013	0.25942	0.26095	0.02694	0.03992	0.03590	0.03036	0.11783	0.02976	0.03997	0.02039	0.02294	0.01574	0.01117	0.00980	0.00319	0.01457	0.00804	0.00618	0.01681

[dist]
# distance from previous block
# <min> <max>
0	1

[block]
# block no. 1 follows, 10 sequences, length 14
# corresponding to MSA columns:
# 276-289
name=unknown_B
#
# <colnr> <probs for GDERKNQSTAVLIFYWHMCP>
#	G	D	E	R	K	N	Q	S	T	A	V	L	I	F	Y	W	H	M	C	P
0	0.02851	0.21658	0.04443	0.03241	0.12801	0.03106	0.06185	0.09140	0.03093	0.04115	0.13967	0.03956	0.03946	0.01390	0.01090	0.00323	0.01172	0.01187	0.00799	0.01538
1	0.02764	0.02111	0.02413	0.02076	0.02635	0.08463	0.06128	0.03149	0.02825	0.14023	0.06994	0.15445	0.21629	0.02295	0.01304	0.00386	0.01035	0.01975	0.01044	0.01305
2	0.02367	0.02986	0.14340	0.08662	0.03918	0.01943	0.02280	0.03109	0.02412	0.03667	0.02072	0.02505	0.01644	0.00954	0.00954	0.00244	0.01144	0.00770	0.00622	0.43407
3	0.03110	0.10566	0.22988	0.03318	0.10351	0.02919	0.03058	0.08100	0.10200	0.09981	0.02820	0.02946	0.02061	0.01222	0.01094	0.00353	0.01369	0.00980	0.00783	0.01782
4	0.01657	0.01274	0.01774	0.08155	0.02511	0.01346	0.01387	0.02049	0.02340	0.03183	0.14600	0.15127	0.10212	0.10925	0.17237	0.00911	0.01502	0.01912	0.00879	0.01021
5	0.02817	0.02080	0.06651	0.02707	0.07565	0.01696	0.06566	0.03372	0.02848	0.16659	0.13976	0.18417	0.05437	0.02079	0.01305	0.00392	0.01014	0.01887	0.01071	0.01460
6	0.07736	0.09363	0.07433	0.13688	0.04091	0.02335	0.02120	0.03320	0.02428	0.07375	0.02175	0.02577	0.01690	0.01025	0.00946	0.00274	0.01143	0.00803	0.00672	0.28804
7	0.03708	0.02027	0.02544	0.01883	0.02854	0.01624	0.01531	0.04194	0.02835	0.26368	0.03232	0.03126	0.02257	0.01128	0.01004	0.00259	0.00921	0.00911	0.01036	0.36559
8	0.09862	0.02049	0.02791	0.07742	0.15278	0.01950	0.02012	0.02920	0.02479	0.03876	0.07465	0.09883	0.03323	0.01442	0.01070	0.00312	0.01003	0.01255	0.00755	0.22535
9	0.04107	0.09226	0.03866	0.03681	0.17411	0.02789	0.02401	0.14500	0.03508	0.22193	0.03130	0.03132	0.02208	0.01260	0.01114	0.00340	0.01200	0.01039	0.01014	0.01882
10	0.03610	0.07861	0.08600	0.02109	0.02897	0.02116	0.01890	0.04376	0.07388	0.25531	0.03751	0.04171	0.02832	0.09812	0.07287	0.00612	0.01331	0.01173	0.01031	0.01621
11	0.03013	0.08309	0.11310	0.02842	0.09484	0.02504	0.02242	0.12397	0.03079	0.09199	0.06651	0.04301	0.03122	0.14034	0.02175	0.00516	0.01241	0.01211	0.00848	0.01522
12	0.03423	0.14775	0.14528	0.03028	0.09893	0.02805	0.02576	0.09074	0.03004	0.15724	0.03077	0.07774	0.02479	0.01414	0.01094	0.00346	0.01257	0.01150	0.00864	0.01713
13	0.09452	0.08458	0.13318	0.02305	0.03285	0.02445	0.02233	0.10067	0.03106	0.22338	0.03472	0.08749	0.02690	0.01518	0.01107	0.00361	0.01163	0.01210	0.01015	0.01707

[dist]
# distance from previous block
# <min> <max>
12	85

[block]
# block no. 2 follows, 10 sequences, length 17
# corresponding to MSA columns:
# 385-401
name=unknown_C
#
# <colnr> <probs for GDERKNQSTAVLIFYWHMCP>
#	G	D	E	R	K	N	Q	S	T	A	V	L	I	F	Y	W	H	M	C	P
0	0.03145	0.19014	0.08983	0.07546	0.07450	0.03053	0.07440	0.08769	0.02904	0.10016	0.02854	0.08646	0.02448	0.01408	0.01097	0.00345	0.01316	0.01200	0.00775	0.01591
1	0.02825	0.11348	0.19282	0.08387	0.12036	0.09713	0.07380	0.03612	0.02526	0.03321	0.01969	0.02529	0.01576	0.01185	0.01378	0.00360	0.07558	0.00922	0.00532	0.01563
2	0.11204	0.02330	0.03543	0.17764	0.10059	0.02536	0.07251	0.03579	0.02460	0.11389	0.02385	0.02926	0.01793	0.01247	0.01442	0.00371	0.08469	0.01006	0.00719	0.07529
3	0.16552	0.07040	0.03466	0.17160	0.10082	0.03107	0.02426	0.18202	0.03344	0.04969	0.02196	0.02626	0.01663	0.01196	0.01038	0.00353	0.01282	0.00923	0.00780	0.01594
4	0.03247	0.03521	0.16696	0.04952	0.27741	0.02661	0.03339	0.08060	0.02967	0.11723	0.02593	0.02931	0.01922	0.01150	0.01143	0.00354	0.01398	0.01013	0.00743	0.01845
5	0.02691	0.02729	0.10004	0.22049	0.05474	0.02303	0.09670	0.03472	0.02541	0.08956	0.02397	0.02951	0.01765	0.01084	0.01115	0.00330	0.01404	0.00995	0.00670	0.17400
6	0.03086	0.24893	0.27805	0.02631	0.03953	0.03229	0.03037	0.03934	0.02565	0.11339	0.02325	0.02487	0.01710	0.01120	0.00985	0.00324	0.01427	0.00824	0.00648	0.01679
7	0.12451	0.02615	0.02618	0.02128	0.02912	0.08874	0.01717	0.12613	0.03469	0.26029	0.04357	0.04083	0.07992	0.01530	0.01119	0.00354	0.01128	0.01174	0.01146	0.01689
8	0.03808	0.08468	0.02679	0.01855	0.02564	0.01830	0.01527	0.04220	0.03037	0.31554	0.10412	0.10079	0.09248	0.01859	0.01194	0.00362	0.00898	0.01546	0.01240	0.01621
9	0.02119	0.01408	0.01867	0.01852	0.02099	0.01444	0.01417	0.02444	0.02524	0.09559	0.10931	0.28354	0.11624	0.02890	0.01733	0.00449	0.07979	0.07080	0.01073	0.01154
10	0.03488	0.04400	0.32920	0.02816	0.04207	0.02304	0.03261	0.04478	0.02805	0.23300	0.03089	0.03057	0.02036	0.01239	0.01131	0.00365	0.01427	0.00984	0.00871	0.01823
11	0.03669	0.08834	0.08273	0.11528	0.09537	0.02756	0.02560	0.09770	0.03060	0.19678	0.02898	0.03077	0.02051	0.01313	0.01323	0.00362	0.05670	0.01018	0.00899	0.01723
12	0.03646	0.09550	0.03449	0.02852	0.09097	0.02550	0.02095	0.04086	0.02775	0.23489	0.08677	0.03794	0.03217	0.01571	0.01716	0.00377	0.13276	0.01158	0.00986	0.01642
13	0.03220	0.02479	0.03932	0.08849	0.25307	0.02499	0.06195	0.09328	0.03052	0.11858	0.03124	0.09300	0.02652	0.01444	0.01211	0.00369	0.01285	0.01339	0.00841	0.01716
14	0.02780	0.17503	0.26394	0.09590	0.10736	0.03070	0.03348	0.03683	0.02507	0.06962	0.02169	0.02556	0.01636	0.01101	0.01038	0.00339	0.01491	0.00869	0.00576	0.01651
15	0.02661	0.02501	0.04207	0.10645	0.41647	0.02534	0.03222	0.03341	0.02703	0.03839	0.08487	0.03645	0.02991	0.01220	0.01181	0.00352	0.01289	0.01173	0.00661	0.01699
16	0.03798	0.02671	0.09714	0.08937	0.04162	0.02187	0.07429	0.07869	0.03133	0.26262	0.03748	0.04458	0.02754	0.01498	0.01229	0.00386	0.01289	0.05699	0.01053	0.01723

[dist]
# distance from previous block
# <min> <max>
2	9

[block]
# block no. 3 follows, 10 sequences, length 14
# corresponding to MSA columns:
# 411-424
name=unknown_D
#
# <colnr> <probs for GDERKNQSTAVLIFYWHMCP>
#	G	D	E	R	K	N	Q	S	T	A	V	L	I	F	Y	W	H	M	C	P
0	0.03399	0.03511	0.18662	0.04507	0.23494	0.02436	0.03244	0.04218	0.02789	0.18066	0.02860	0.03067	0.02035	0.01175	0.01143	0.00357	0.01368	0.01022	0.00803	0.01845
1	0.03608	0.02526	0.03593	0.15613	0.15427	0.02741	0.02659	0.14395	0.03334	0.15708	0.02809	0.03132	0.02025	0.01322	0.01370	0.00372	0.05663	0.01068	0.00897	0.01738
2	0.03270	0.09018	0.17578	0.03945	0.18634	0.02581	0.03001	0.04041	0.02710	0.15283	0.02665	0.02882	0.01943	0.01133	0.01080	0.00332	0.01327	0.00951	0.00759	0.06866
3	0.03152	0.08697	0.12025	0.12525	0.22446	0.02818	0.03117	0.07010	0.02841	0.10717	0.02481	0.02892	0.01861	0.01146	0.01109	0.00348	0.01385	0.00987	0.00710	0.01733
4	0.03050	0.03399	0.12406	0.04610	0.12606	0.02835	0.27144	0.07557	0.02965	0.08021	0.02509	0.03039	0.01844	0.01079	0.01266	0.00375	0.01700	0.01204	0.00690	0.01700
5	0.13143	0.03223	0.04368	0.03873	0.11627	0.10109	0.16563	0.10907	0.03108	0.04432	0.02187	0.02651	0.01693	0.01094	0.01121	0.00344	0.01537	0.01016	0.00709	0.06296
6	0.03896	0.02995	0.11517	0.07219	0.04453	0.02397	0.12760	0.08859	0.03193	0.25649	0.03321	0.03359	0.02217	0.01257	0.01205	0.00370	0.01396	0.01146	0.01000	0.01792
7	0.35753	0.02883	0.06466	0.02039	0.02850	0.07601	0.01773	0.04351	0.09802	0.12398	0.02636	0.02670	0.01917	0.01229	0.00928	0.00360	0.01103	0.00854	0.00876	0.01512
8	0.02553	0.01437	0.02143	0.02430	0.09519	0.01399	0.01460	0.02446	0.01973	0.09452	0.02659	0.04118	0.02452	0.11654	0.03754	0.36699	0.01083	0.01141	0.00678	0.00951
9	0.02458	0.10261	0.02231	0.01504	0.01796	0.01751	0.01058	0.02585	0.02049	0.10176	0.03494	0.06162	0.03599	0.41235	0.04387	0.00873	0.01124	0.01446	0.00787	0.01024
10	0.12871	0.23161	0.21923	0.02553	0.03705	0.11371	0.02749	0.03726	0.02483	0.03475	0.01815	0.02118	0.01451	0.01079	0.00919	0.00317	0.01495	0.00728	0.00545	0.01516
11	0.02205	0.02086	0.02148	0.09636	0.03076	0.09683	0.01679	0.02983	0.09804	0.03246	0.04832	0.33564	0.05235	0.02599	0.01326	0.00422	0.01054	0.02285	0.00943	0.01195
12	0.11938	0.02691	0.04298	0.06350	0.44897	0.02742	0.03245	0.03548	0.02554	0.03999	0.02108	0.02740	0.01760	0.01042	0.01091	0.00347	0.01314	0.00979	0.00596	0.01760
13	0.02627	0.02724	0.02731	0.14657	0.07821	0.14183	0.02110	0.03549	0.10111	0.03477	0.08514	0.05330	0.14000	0.01728	0.01203	0.00364	0.01267	0.01420	0.00833	0.01349

[dist]
# distance from previous block
# <min> <max>
0	2

[block]
# block no. 4 follows, 10 sequences, length 32
# corresponding to MSA columns:
# 427-458
name=unknown_E
#
# <colnr> <probs for GDERKNQSTAVLIFYWHMCP>
#	G	D	E	R	K	N	Q	S	T	A	V	L	I	F	Y	W	H	M	C	P
0	0.04133	0.04546	0.03235	0.02825	0.03508	0.34833	0.02175	0.14678	0.11121	0.04178	0.02486	0.02608	0.01930	0.01303	0.01096	0.00326	0.01727	0.00906	0.00819	0.01568
1	0.03067	0.02585	0.02728	0.02402	0.03091	0.02974	0.01883	0.10957	0.44709	0.05147	0.04512	0.04163	0.03371	0.01557	0.01181	0.00389	0.00961	0.01284	0.01181	0.01857
2	0.11519	0.03517	0.03157	0.02551	0.03380	0.14812	0.02055	0.28350	0.04342	0.11257	0.02641	0.02667	0.01892	0.01321	0.01089	0.00340	0.01390	0.00947	0.01017	0.01755
3	0.02045	0.01277	0.01682	0.01531	0.01875	0.01166	0.01166	0.02583	0.03296	0.10024	0.46048	0.08160	0.10070	0.02273	0.01349	0.00365	0.00598	0.01999	0.01298	0.01196
4	0.01661	0.01246	0.01869	0.01869	0.02077	0.01454	0.01454	0.02077	0.01869	0.02700	0.03115	0.04569	0.02908	0.08723	0.54517	0.01869	0.03115	0.01246	0.00623	0.01038
5	0.01701	0.01171	0.01443	0.01375	0.01661	0.01084	0.01031	0.02224	0.03093	0.04460	0.39822	0.08251	0.13752	0.02273	0.01284	0.00354	0.00552	0.01978	0.11409	0.01084
6	0.02986	0.03434	0.10678	0.02595	0.03413	0.09300	0.02279	0.05594	0.36500	0.04427	0.03949	0.03762	0.02966	0.01456	0.01154	0.00379	0.01193	0.01172	0.01001	0.01760
7	0.57399	0.02769	0.01960	0.01761	0.02462	0.10792	0.01415	0.03612	0.02187	0.04844	0.01648	0.01922	0.01297	0.01098	0.00772	0.00350	0.01089	0.00649	0.00701	0.01274
8	0.01417	0.01012	0.01350	0.01619	0.01687	0.00945	0.01080	0.01619	0.02227	0.02969	0.06410	0.58367	0.07692	0.03644	0.01484	0.00472	0.00675	0.03306	0.01080	0.00945
9	0.02412	0.02067	0.02412	0.01723	0.02756	0.01550	0.01378	0.02929	0.02412	0.03790	0.02067	0.02412	0.01723	0.00861	0.00861	0.00172	0.00861	0.00689	0.00689	0.66236
10	0.02700	0.09096	0.18345	0.11001	0.04212	0.02726	0.02695	0.13129	0.02991	0.04059	0.02773	0.08136	0.02492	0.08636	0.01726	0.00459	0.01380	0.01225	0.00726	0.01493
11	0.03109	0.59826	0.06095	0.01990	0.02985	0.04602	0.01990	0.03483	0.02363	0.02736	0.01617	0.01866	0.01493	0.00995	0.00746	0.00249	0.01244	0.00622	0.00498	0.01493
12	0.03181	0.01632	0.02058	0.01757	0.02309	0.01546	0.01384	0.04034	0.09011	0.22387	0.22788	0.05901	0.06144	0.01814	0.01210	0.00356	0.00757	0.01544	0.08673	0.01514
13	0.03186	0.02934	0.02776	0.02468	0.03138	0.09383	0.01919	0.09060	0.40713	0.04794	0.04225	0.03946	0.03179	0.01517	0.01165	0.00379	0.01094	0.01225	0.01109	0.01789
14	0.02135	0.04200	0.32411	0.02881	0.04074	0.02200	0.07242	0.03170	0.02671	0.03876	0.14513	0.08142	0.04290	0.01592	0.01223	0.00377	0.01377	0.01391	0.00737	0.01496
15	0.03472	0.08620	0.17201	0.03314	0.09912	0.02616	0.06720	0.04559	0.08174	0.19035	0.03163	0.03198	0.02223	0.01234	0.01131	0.00357	0.01336	0.01054	0.00886	0.01796
16	0.02311	0.05393	0.45270	0.11682	0.05504	0.02683	0.04129	0.03571	0.02435	0.03571	0.02084	0.02557	0.01485	0.01114	0.01114	0.00371	0.01692	0.00887	0.00495	0.01651
17	0.01546	0.01159	0.01449	0.01546	0.01790	0.01062	0.01164	0.01925	0.02713	0.03578	0.20450	0.24542	0.19878	0.03032	0.01444	0.00432	0.00682	0.09454	0.01135	0.01018
18	0.10134	0.02623	0.10085	0.02012	0.02702	0.06354	0.01814	0.03505	0.02839	0.14928	0.17679	0.05180	0.04966	0.08200	0.01703	0.00445	0.01074	0.01366	0.01003	0.01389
19	0.02858	0.04448	0.30320	0.04067	0.12368	0.02633	0.12158	0.03921	0.02650	0.09827	0.02466	0.02840	0.01763	0.01112	0.01172	0.00368	0.01621	0.01024	0.00641	0.01742
20	0.02367	0.01598	0.01909	0.01729	0.02126	0.01624	0.01292	0.03511	0.14794	0.09694	0.26774	0.06890	0.07129	0.11027	0.02019	0.00493	0.00783	0.01735	0.01183	0.01322
21	0.01691	0.01128	0.01268	0.01268	0.01268	0.01128	0.00705	0.01691	0.01691	0.02255	0.03665	0.07611	0.04228	0.59126	0.05920	0.01128	0.01128	0.01691	0.00705	0.00705
22	0.03920	0.03070	0.03682	0.03653	0.14450	0.03345	0.02481	0.33781	0.09258	0.06286	0.02850	0.02966	0.02104	0.01333	0.01163	0.00353	0.01267	0.01071	0.01033	0.01934
23	0.02879	0.02763	0.04721	0.07139	0.51871	0.02763	0.03569	0.03569	0.02648	0.03800	0.02188	0.02879	0.01842	0.01036	0.01151	0.00345	0.01382	0.01036	0.00576	0.01842
24	0.02122	0.01099	0.01156	0.01156	0.01421	0.01118	0.00872	0.02652	0.02387	0.04186	0.03732	0.04357	0.02974	0.02029	0.05728	0.00417	0.00778	0.01099	0.59638	0.01080
25	0.67341	0.02249	0.01709	0.01529	0.02249	0.02609	0.01260	0.03419	0.01979	0.05218	0.01619	0.01889	0.01260	0.01080	0.00720	0.00360	0.00900	0.00630	0.00720	0.01260
26	0.01720	0.01472	0.02269	0.01951	0.02373	0.01339	0.08386	0.02227	0.02905	0.03907	0.27633	0.14668	0.19665	0.02463	0.01387	0.00390	0.00798	0.02230	0.01094	0.01123
27	0.01464	0.01165	0.01313	0.01312	0.01635	0.01014	0.00970	0.01829	0.02810	0.03602	0.23634	0.15121	0.34345	0.02837	0.01385	0.00392	0.00585	0.02429	0.01143	0.01014
28	0.02879	0.02763	0.04721	0.07139	0.51871	0.02763	0.03569	0.03569	0.02648	0.03800	0.02188	0.02879	0.01842	0.01036	0.01151	0.00345	0.01382	0.01036	0.00576	0.01842
29	0.02044	0.03838	0.29047	0.11136	0.04458	0.02145	0.03121	0.02974	0.02457	0.03496	0.07385	0.15734	0.03726	0.01799	0.01223	0.00395	0.01354	0.01549	0.00697	0.01422
30	0.11129	0.52637	0.05547	0.01933	0.02893	0.04353	0.01899	0.03475	0.02315	0.03046	0.01617	0.01869	0.01463	0.01006	0.00743	0.00263	0.01201	0.00623	0.00525	0.01463
31	0.02923	0.12755	0.12155	0.02188	0.03177	0.02454	0.02099	0.08432	0.02837	0.09336	0.02960	0.10311	0.02625	0.01440	0.01041	0.00303	0.01118	0.01166	0.00813	0.19868

[dist]
# distance from previous block
# <min> <max>
0	1

[block]
# block no. 5 follows, 10 sequences, length 10
# corresponding to MSA columns:
# 460-469
name=unknown_F
#
# <colnr> <probs for GDERKNQSTAVLIFYWHMCP>
#	G	D	E	R	K	N	Q	S	T	A	V	L	I	F	Y	W	H	M	C	P
0	0.02768	0.11791	0.11042	0.07872	0.08879	0.03092	0.07688	0.04604	0.21803	0.03976	0.03135	0.03310	0.02400	0.01265	0.01122	0.00363	0.01300	0.01100	0.00796	0.01692
1	0.32743	0.01957	0.02117	0.07894	0.03003	0.02097	0.01574	0.03677	0.02418	0.17257	0.03236	0.11704	0.02764	0.01599	0.01013	0.00381	0.00961	0.01252	0.00947	0.01404
2	0.02494	0.02463	0.04480	0.16235	0.16357	0.02622	0.15606	0.03218	0.02523	0.03445	0.02784	0.04623	0.02508	0.01498	0.01552	0.00415	0.06998	0.08078	0.00640	0.01462
3	0.02833	0.02054	0.02455	0.01775	0.02788	0.01574	0.01428	0.03340	0.02549	0.11128	0.02446	0.02644	0.01896	0.00948	0.00908	0.00200	0.00881	0.00761	0.00802	0.56590
4	0.02307	0.02180	0.03688	0.48382	0.15098	0.02613	0.03285	0.03068	0.02378	0.03105	0.02087	0.03065	0.01598	0.01142	0.01161	0.00381	0.01523	0.01034	0.00526	0.01381
5	0.01464	0.01182	0.01303	0.01272	0.01626	0.01020	0.00954	0.01843	0.02863	0.03644	0.24818	0.10366	0.38050	0.02758	0.01374	0.00384	0.00576	0.02339	0.01146	0.01020
6	0.02879	0.02763	0.04721	0.07139	0.51871	0.02763	0.03569	0.03569	0.02648	0.03800	0.02188	0.02879	0.01842	0.01036	0.01151	0.00345	0.01382	0.01036	0.00576	0.01842
7	0.01434	0.01107	0.01310	0.01415	0.01647	0.00983	0.01002	0.01726	0.02561	0.03294	0.15344	0.31571	0.26102	0.03167	0.01423	0.00424	0.00621	0.02777	0.01110	0.00983
8	0.01661	0.01246	0.01869	0.01869	0.02077	0.01454	0.01454	0.02077	0.01869	0.02700	0.03115	0.04569	0.02908	0.08723	0.54517	0.01869	0.03115	0.01246	0.00623	0.01038
9	0.02622	0.03070	0.12115	0.27660	0.14992	0.02775	0.08397	0.07635	0.02758	0.03746	0.02195	0.02930	0.01657	0.01132	0.01175	0.00373	0.01567	0.01046	0.00594	0.01560

[dist]
# distance from previous block
# <min> <max>
1	6

[block]
# block no. 6 follows, 10 sequences, length 33
# corresponding to MSA columns:
# 476-508
name=unknown_G
#
# <colnr> <probs for GDERKNQSTAVLIFYWHMCP>
#	G	D	E	R	K	N	Q	S	T	A	V	L	I	F	Y	W	H	M	C	P
0	0.15529	0.08703	0.15449	0.02329	0.03412	0.02573	0.02344	0.08482	0.02972	0.22860	0.02974	0.02899	0.02018	0.01244	0.01030	0.00350	0.01206	0.00930	0.00957	0.01737
1	0.09385	0.13238	0.03686	0.03172	0.11936	0.07998	0.02197	0.08510	0.19805	0.04351	0.02964	0.03046	0.02318	0.01275	0.01040	0.00343	0.01202	0.00997	0.00848	0.01689
2	0.55878	0.02849	0.01998	0.01796	0.02494	0.12044	0.01439	0.03642	0.02219	0.04787	0.01652	0.01927	0.01303	0.01101	0.00780	0.00349	0.01118	0.00651	0.00698	0.01276
3	0.08292	0.01731	0.02505	0.11371	0.12011	0.01822	0.02096	0.02668	0.02605	0.03776	0.12596	0.13423	0.05384	0.02192	0.01311	0.00422	0.01042	0.12600	0.00899	0.01253
4	0.01819	0.01418	0.01697	0.01541	0.01966	0.01199	0.01098	0.02129	0.02322	0.03283	0.08932	0.22013	0.08847	0.12632	0.02063	0.00474	0.00802	0.01954	0.00898	0.22912
5	0.03159	0.02853	0.04497	0.06327	0.43088	0.02917	0.03322	0.11653	0.03161	0.04442	0.02298	0.02863	0.01867	0.01102	0.01154	0.00346	0.01363	0.01038	0.00683	0.01867
6	0.67341	0.02249	0.01709	0.01529	0.02249	0.02609	0.01260	0.03419	0.01979	0.05218	0.01619	0.01889	0.01260	0.01080	0.00720	0.00360	0.00900	0.00630	0.00720	0.01260
7	0.03334	0.49948	0.05585	0.02173	0.03096	0.13674	0.02037	0.03694	0.02533	0.02756	0.01650	0.01908	0.01494	0.01032	0.00801	0.00258	0.01399	0.00645	0.00516	0.01466
8	0.37017	0.02117	0.02192	0.01793	0.02601	0.02170	0.01479	0.04517	0.02638	0.28384	0.03069	0.02899	0.02050	0.01255	0.00939	0.00360	0.00944	0.00893	0.01071	0.01611
9	0.01417	0.01012	0.01350	0.01619	0.01687	0.00945	0.01080	0.01619	0.02227	0.02969	0.06410	0.58367	0.07692	0.03644	0.01484	0.00472	0.00675	0.03306	0.01080	0.00945
10	0.01622	0.01188	0.01521	0.01438	0.01723	0.01087	0.01078	0.02148	0.03235	0.04529	0.47764	0.08909	0.14551	0.02428	0.01372	0.00368	0.00552	0.02134	0.01263	0.01087
11	0.02857	0.02356	0.02542	0.02242	0.02864	0.02657	0.01752	0.10657	0.35860	0.05135	0.12904	0.04933	0.04697	0.01700	0.01215	0.00384	0.00898	0.01424	0.01198	0.01723
12	0.01670	0.01214	0.01705	0.01705	0.01856	0.01365	0.01249	0.01971	0.01821	0.02578	0.03266	0.05401	0.03269	0.22512	0.41222	0.01666	0.02571	0.01368	0.00645	0.00947
13	0.01417	0.01012	0.01350	0.01619	0.01687	0.00945	0.01080	0.01619	0.02227	0.02969	0.06410	0.58367	0.07692	0.03644	0.01484	0.00472	0.00675	0.03306	0.01080	0.00945
14	0.02613	0.02445	0.04107	0.06134	0.42739	0.02432	0.03116	0.03215	0.02572	0.03648	0.02956	0.12976	0.02907	0.01511	0.01212	0.00369	0.01253	0.01449	0.00667	0.01679
15	0.03107	0.04180	0.30122	0.12618	0.05004	0.02405	0.03387	0.04103	0.02674	0.17115	0.02776	0.02989	0.01876	0.01208	0.01133	0.00369	0.01486	0.00977	0.00758	0.01713
16	0.02412	0.02067	0.02412	0.01723	0.02756	0.01550	0.01378	0.02929	0.02412	0.03790	0.02067	0.02412	0.01723	0.00861	0.00861	0.00172	0.00861	0.00689	0.00689	0.66236
17	0.04421	0.03258	0.03490	0.02676	0.03607	0.03607	0.02211	0.47993	0.05468	0.07330	0.02792	0.02792	0.01978	0.01396	0.01163	0.00349	0.01280	0.01047	0.01163	0.01978
18	0.01646	0.01189	0.01555	0.01463	0.01738	0.01097	0.01097	0.02195	0.03292	0.04664	0.51257	0.08688	0.10974	0.02378	0.01372	0.00366	0.00549	0.02103	0.01280	0.01097
19	0.02943	0.33242	0.20325	0.02762	0.03962	0.08142	0.07101	0.03667	0.02508	0.03131	0.01847	0.02188	0.01513	0.01045	0.00942	0.00304	0.01531	0.00778	0.00513	0.01557
20	0.01417	0.01012	0.01350	0.01619	0.01687	0.00945	0.01080	0.01619	0.02227	0.02969	0.06410	0.58367	0.07692	0.03644	0.01484	0.00472	0.00675	0.03306	0.01080	0.00945
21	0.05218	0.01979	0.02699	0.02069	0.02969	0.01709	0.01709	0.05668	0.03329	0.52677	0.04588	0.03959	0.02879	0.01439	0.01170	0.00360	0.00990	0.01170	0.01439	0.01979
22	0.01739	0.01257	0.01398	0.01405	0.01718	0.01200	0.01035	0.02401	0.07169	0.03796	0.15651	0.17264	0.21630	0.02513	0.01261	0.00378	0.00620	0.02156	0.14309	0.01099
23	0.03221	0.02926	0.04300	0.09980	0.04766	0.06957	0.17498	0.08565	0.16107	0.08629	0.03177	0.03427	0.02333	0.01266	0.01231	0.00378	0.01482	0.01217	0.00875	0.01666
24	0.01522	0.01126	0.01381	0.01487	0.01679	0.01038	0.01058	0.01813	0.02494	0.03274	0.15488	0.27891	0.18188	0.10107	0.02000	0.00521	0.00722	0.06182	0.01069	0.00962
25	0.01417	0.01012	0.01350	0.01619	0.01687	0.00945	0.01080	0.01619	0.02227	0.02969	0.06410	0.58367	0.07692	0.03644	0.01484	0.00472	0.00675	0.03306	0.01080	0.00945
26	0.03039	0.52706	0.05780	0.02122	0.02994	0.04473	0.02059	0.03398	0.02291	0.02744	0.01606	0.01950	0.01497	0.01124	0.01128	0.00281	0.08174	0.00671	0.00499	0.01465
27	0.42085	0.02596	0.03724	0.02848	0.03746	0.02739	0.19397	0.03539	0.02279	0.04635	0.01906	0.02377	0.01457	0.01041	0.00975	0.00372	0.01315	0.00920	0.00668	0.01380
28	0.03787	0.02288	0.02661	0.02217	0.02958	0.02398	0.01772	0.10827	0.23583	0.22004	0.08757	0.04416	0.03807	0.01581	0.01194	0.00374	0.00955	0.01304	0.01280	0.01838
29	0.02784	0.03033	0.12577	0.03423	0.12538	0.02167	0.08087	0.03535	0.02589	0.08300	0.02362	0.02738	0.01812	0.01006	0.01050	0.00284	0.01260	0.00913	0.00690	0.28853
30	0.01550	0.01068	0.01310	0.01449	0.01484	0.01033	0.00898	0.01654	0.01967	0.02623	0.05079	0.33754	0.06013	0.30549	0.03635	0.00790	0.00894	0.02523	0.00898	0.00828
31	0.02221	0.02786	0.12516	0.46683	0.07469	0.02605	0.03424	0.03101	0.02349	0.03101	0.02071	0.02983	0.01536	0.01152	0.01152	0.00384	0.01581	0.01002	0.00512	0.01370
32	0.02263	0.11810	0.02671	0.01858	0.02313	0.02118	0.01469	0.07951	0.02535	0.03415	0.03661	0.18592	0.03852	0.08686	0.14949	0.00797	0.01518	0.01661	0.00805	0.07075

[dist]
# distance from previous block
# <min> <max>
3	15

[block]
# block no. 7 follows, 10 sequences, length 12
# corresponding to MSA columns:
# 525-536
name=unknown_H
#
# <colnr> <probs for GDERKNQSTAVLIFYWHMCP>
#	G	D	E	R	K	N	Q	S	T	A	V	L	I	F	Y	W	H	M	C	P
0	0.02641	0.03497	0.13501	0.07010	0.03639	0.13569	0.02347	0.03666	0.09158	0.03723	0.11715	0.08663	0.04055	0.01628	0.01172	0.00352	0.01313	0.01338	0.00820	0.06191
1	0.01763	0.01262	0.01734	0.01924	0.02166	0.01233	0.01598	0.02256	0.02750	0.03669	0.15999	0.18275	0.07759	0.03090	0.01539	0.00490	0.00904	0.29413	0.01118	0.01060
2	0.03368	0.02794	0.03354	0.03501	0.13829	0.03088	0.02332	0.18698	0.25658	0.05405	0.03572	0.03537	0.02687	0.01403	0.01170	0.00370	0.01133	0.01171	0.01045	0.01884
3	0.01646	0.01189	0.01555	0.01463	0.01738	0.01097	0.01097	0.02195	0.03292	0.04664	0.51257	0.08688	0.10974	0.02378	0.01372	0.00366	0.00549	0.02103	0.01280	0.01097
4	0.03206	0.03079	0.07790	0.02869	0.03757	0.03061	0.08341	0.16063	0.28258	0.05224	0.03698	0.03628	0.02737	0.01411	0.01197	0.00381	0.01220	0.01216	0.01038	0.01828
5	0.02924	0.03074	0.14293	0.03131	0.08478	0.02125	0.08834	0.03694	0.02667	0.12064	0.02862	0.03640	0.02258	0.01224	0.01123	0.00322	0.01291	0.04209	0.00778	0.21009
6	0.05218	0.01979	0.02699	0.02069	0.02969	0.01709	0.01709	0.05668	0.03329	0.52677	0.04588	0.03959	0.02879	0.01439	0.01170	0.00360	0.00990	0.01170	0.01439	0.01979
7	0.03048	0.15251	0.05121	0.05421	0.32682	0.03253	0.07372	0.07367	0.02837	0.03863	0.02131	0.02676	0.01770	0.01053	0.01086	0.00329	0.01399	0.00980	0.00610	0.01751
8	0.01691	0.01128	0.01268	0.01268	0.01268	0.01128	0.00705	0.01691	0.01691	0.02255	0.03665	0.07611	0.04228	0.59126	0.05920	0.01128	0.01128	0.01691	0.00705	0.00705
9	0.02787	0.05416	0.42312	0.03176	0.04723	0.02898	0.03843	0.13319	0.03111	0.04476	0.02241	0.02529	0.01583	0.01168	0.01118	0.00364	0.01623	0.00900	0.00637	0.01775
10	0.02558	0.02126	0.03767	0.03870	0.14072	0.02049	0.13583	0.03205	0.02708	0.07743	0.04232	0.11124	0.04163	0.02066	0.01403	0.00439	0.01323	0.17264	0.00875	0.01430
11	0.03169	0.02841	0.04297	0.05616	0.34773	0.03055	0.03135	0.13126	0.03144	0.04432	0.02230	0.02815	0.01829	0.01250	0.01515	0.00368	0.08882	0.01036	0.00694	0.01795

[dist]
# distance from previous block
# <min> <max>
0	1

[block]
# block no. 8 follows, 10 sequences, length 8
# corresponding to MSA columns:
# 538-545
name=unknown_I
#
# <colnr> <probs for GDERKNQSTAVLIFYWHMCP>
#	G	D	E	R	K	N	Q	S	T	A	V	L	I	F	Y	W	H	M	C	P
0	0.46327	0.02860	0.10778	0.01924	0.02845	0.02484	0.01857	0.03817	0.02273	0.12392	0.02166	0.02312	0.01551	0.01140	0.00857	0.00361	0.01056	0.00754	0.00793	0.01452
1	0.02493	0.18768	0.26015	0.18904	0.05398	0.03158	0.03379	0.03417	0.02393	0.03224	0.01959	0.02497	0.01501	0.01094	0.01029	0.00343	0.01545	0.00850	0.00500	0.01532
2	0.26643	0.02445	0.03359	0.03237	0.11697	0.02520	0.09298	0.04223	0.06701	0.14966	0.02752	0.02925	0.01993	0.01178	0.01038	0.00366	0.01176	0.00997	0.00870	0.01617
3	0.02659	0.20663	0.03219	0.01773	0.02284	0.02441	0.01462	0.02952	0.02193	0.09774	0.02983	0.04422	0.02798	0.18932	0.15779	0.00914	0.01647	0.01151	0.00721	0.01232
4	0.11774	0.11876	0.12438	0.03197	0.10617	0.02646	0.08672	0.03248	0.02641	0.04012	0.13719	0.03925	0.03806	0.01360	0.01101	0.00348	0.01231	0.01183	0.00739	0.01467
5	0.03168	0.03746	0.21722	0.02541	0.03794	0.02365	0.02673	0.11455	0.03101	0.11977	0.02593	0.02735	0.01853	0.01136	0.01053	0.00306	0.01277	0.00890	0.00814	0.20801
6	0.12683	0.02923	0.10801	0.21757	0.23051	0.02672	0.03201	0.03367	0.02410	0.03735	0.02045	0.02735	0.01603	0.01094	0.01081	0.00365	0.01410	0.00946	0.00567	0.01554
7	0.24398	0.07285	0.03363	0.06859	0.07659	0.10069	0.07448	0.03682	0.02594	0.07810	0.06397	0.03000	0.02422	0.01222	0.01011	0.00348	0.01294	0.00972	0.00746	0.01422

[dist]
# distance from previous block
# <min> <max>
3	35

[block]
# block no. 9 follows, 10 sequences, length 11
# corresponding to MSA columns:
# 581-591
name=unknown_J
#
# <colnr> <probs for GDERKNQSTAVLIFYWHMCP>
#	G	D	E	R	K	N	Q	S	T	A	V	L	I	F	Y	W	H	M	C	P
0	0.03042	0.02535	0.04237	0.15756	0.37534	0.02598	0.03274	0.03718	0.02672	0.09732	0.02464	0.03055	0.01917	0.01110	0.01156	0.00355	0.01365	0.01052	0.00672	0.01756
1	0.03409	0.03400	0.08449	0.18079	0.13930	0.12753	0.02891	0.09422	0.03104	0.09884	0.02443	0.02868	0.01806	0.01204	0.01134	0.00352	0.01538	0.00980	0.00736	0.01619
2	0.03872	0.03013	0.03574	0.04215	0.21751	0.12176	0.02537	0.04739	0.08847	0.18705	0.03166	0.03244	0.02307	0.01258	0.01142	0.00347	0.01339	0.01058	0.00920	0.01791
3	0.03744	0.02473	0.03973	0.05264	0.33786	0.02374	0.02882	0.04345	0.02900	0.21875	0.03076	0.03278	0.02226	0.01185	0.01158	0.00351	0.01237	0.01086	0.00895	0.01893
4	0.04180	0.02327	0.03596	0.04318	0.24661	0.02177	0.02534	0.04737	0.03027	0.30996	0.03523	0.03480	0.02419	0.01261	0.01162	0.00353	0.01164	0.01110	0.01056	0.01919
5	0.02236	0.02115	0.03855	0.04009	0.15903	0.02033	0.15054	0.02849	0.02622	0.03599	0.08123	0.19498	0.04694	0.02061	0.01369	0.00414	0.01251	0.06109	0.00827	0.01379
6	0.01447	0.01036	0.01377	0.01599	0.01694	0.00965	0.01082	0.01696	0.02368	0.03194	0.12364	0.51772	0.08128	0.03476	0.01470	0.00458	0.00658	0.03147	0.01106	0.00965
7	0.03114	0.10987	0.17679	0.09282	0.17354	0.09717	0.03181	0.03879	0.02680	0.08218	0.02261	0.02660	0.01724	0.01124	0.01077	0.00339	0.01530	0.00911	0.00625	0.01658
8	0.02665	0.02500	0.04212	0.30843	0.21418	0.02767	0.07602	0.07229	0.02748	0.03696	0.02198	0.03006	0.01702	0.01125	0.01180	0.00371	0.01513	0.01069	0.00600	0.01555
9	0.01964	0.01751	0.03013	0.03233	0.11927	0.01670	0.10017	0.02445	0.02542	0.03488	0.10832	0.31298	0.05950	0.02501	0.01387	0.00420	0.01025	0.02368	0.00922	0.01247
10	0.02875	0.05257	0.43624	0.03081	0.04646	0.02515	0.03811	0.04056	0.02620	0.12894	0.02557	0.02738	0.01738	0.01168	0.01117	0.00367	0.01582	0.00918	0.00669	0.01768

[dist]
# distance from previous block
# <min> <max>
0	1

[block]
# block no. 10 follows, 10 sequences, length 32
# corresponding to MSA columns:
# 593-624
name=unknown_K
#
# <colnr> <probs for GDERKNQSTAVLIFYWHMCP>
#	G	D	E	R	K	N	Q	S	T	A	V	L	I	F	Y	W	H	M	C	P
0	0.02489	0.03193	0.14211	0.25082	0.19929	0.02703	0.08996	0.03381	0.02497	0.03448	0.02141	0.02911	0.01646	0.01092	0.01174	0.00372	0.01586	0.01041	0.00538	0.01572
1	0.04064	0.02154	0.03430	0.07661	0.08908	0.02017	0.07910	0.04644	0.03032	0.32121	0.03987	0.04571	0.02890	0.01490	0.01236	0.00382	0.01211	0.05405	0.01124	0.01763
2	0.01417	0.01012	0.01350	0.01619	0.01687	0.00945	0.01080	0.01619	0.02227	0.02969	0.06410	0.58367	0.07692	0.03644	0.01484	0.00472	0.00675	0.03306	0.01080	0.00945
3	0.54062	0.02256	0.01908	0.01679	0.02407	0.02566	0.01370	0.03952	0.07963	0.09275	0.02258	0.02369	0.01681	0.01172	0.00816	0.00364	0.00910	0.00761	0.00839	0.01393
4	0.02020	0.01010	0.01515	0.01515	0.01515	0.01010	0.01010	0.01515	0.01515	0.02020	0.02020	0.03535	0.02020	0.04040	0.04545	0.66162	0.01010	0.01010	0.00505	0.00505
5	0.38727	0.16733	0.03085	0.01814	0.02642	0.03117	0.01583	0.08122	0.02560	0.09577	0.02035	0.02182	0.01552	0.01126	0.00816	0.00331	0.01033	0.00724	0.00781	0.01462
6	0.67341	0.02249	0.01709	0.01529	0.02249	0.02609	0.01260	0.03419	0.01979	0.05218	0.01619	0.01889	0.01260	0.01080	0.00720	0.00360	0.00900	0.00630	0.00720	0.01260
7	0.01691	0.01128	0.01268	0.01268	0.01268	0.01128	0.00705	0.01691	0.01691	0.02255	0.03665	0.07611	0.04228	0.59126	0.05920	0.01128	0.01128	0.01691	0.00705	0.00705
8	0.03014	0.53220	0.11865	0.02153	0.03237	0.04369	0.02273	0.03507	0.02375	0.02853	0.01675	0.01938	0.01490	0.01009	0.00790	0.00263	0.01302	0.00651	0.00497	0.01520
9	0.03109	0.59826	0.06095	0.01990	0.02985	0.04602	0.01990	0.03483	0.02363	0.02736	0.01617	0.01866	0.01493	0.00995	0.00746	0.00249	0.01244	0.00622	0.00498	0.01493
10	0.02812	0.08984	0.15217	0.04444	0.23768	0.02684	0.03052	0.03760	0.06308	0.07383	0.02908	0.08360	0.02515	0.01379	0.01137	0.00358	0.01308	0.01211	0.00712	0.01701
11	0.02232	0.01699	0.02584	0.02618	0.07324	0.01729	0.05583	0.02626	0.02520	0.08424	0.09875	0.25656	0.10022	0.02526	0.01684	0.00427	0.08048	0.02196	0.00972	0.01255
12	0.03248	0.21456	0.04100	0.02818	0.10552	0.07986	0.02045	0.03715	0.02632	0.09354	0.02221	0.02464	0.01785	0.01037	0.00925	0.00260	0.01205	0.00786	0.00692	0.20718
13	0.02878	0.02009	0.02584	0.02319	0.07598	0.01638	0.01628	0.03366	0.02587	0.12840	0.03009	0.08654	0.02581	0.01281	0.01014	0.00256	0.00918	0.01090	0.00859	0.40891
14	0.02769	0.08338	0.14553	0.03882	0.13711	0.02982	0.09813	0.04521	0.19046	0.04044	0.03032	0.03253	0.02319	0.01227	0.01152	0.00366	0.01369	0.01113	0.00765	0.01743
15	0.02697	0.02694	0.04983	0.05972	0.34194	0.02633	0.15566	0.03420	0.02634	0.03697	0.02651	0.08432	0.02399	0.01278	0.01246	0.00371	0.01473	0.01354	0.00629	0.01678
16	0.01859	0.01455	0.01722	0.01673	0.02007	0.01469	0.01243	0.02944	0.13744	0.04210	0.27352	0.17912	0.12869	0.02507	0.01351	0.00397	0.00664	0.02200	0.01197	0.01226
17	0.02458	0.02086	0.02242	0.02100	0.02654	0.02311	0.01653	0.04795	0.34316	0.04343	0.06329	0.06833	0.13548	0.02061	0.01276	0.00412	0.00873	0.06991	0.01148	0.01570
18	0.02016	0.01271	0.01673	0.01526	0.01865	0.01161	0.01161	0.02554	0.03296	0.09630	0.46430	0.08199	0.10137	0.02281	0.01351	0.00365	0.00594	0.02007	0.01297	0.01189
19	0.01492	0.01183	0.01341	0.01301	0.01643	0.01032	0.00976	0.01896	0.02928	0.03799	0.28816	0.10112	0.33956	0.02700	0.01373	0.00381	0.00572	0.02303	0.01166	0.01032
20	0.01412	0.01033	0.01328	0.01565	0.01673	0.00949	0.01056	0.01626	0.02279	0.02990	0.07070	0.52576	0.13058	0.03558	0.01471	0.00463	0.00664	0.03202	0.01080	0.00949
21	0.02764	0.02505	0.03875	0.26050	0.24000	0.02792	0.03109	0.08199	0.07784	0.03943	0.02470	0.03114	0.01919	0.01182	0.01161	0.00368	0.01391	0.01066	0.00677	0.01634
22	0.09922	0.03444	0.03604	0.08411	0.03932	0.18923	0.06842	0.03540	0.02417	0.03178	0.01756	0.02453	0.01516	0.01486	0.02132	0.00405	0.23216	0.00931	0.00568	0.01326
23	0.01810	0.01318	0.01785	0.02019	0.02303	0.01293	0.01748	0.02315	0.02674	0.03437	0.06875	0.12874	0.12393	0.03179	0.01577	0.00517	0.01010	0.38740	0.01072	0.01060
24	0.01688	0.01143	0.01345	0.01345	0.01372	0.01169	0.00800	0.01740	0.01714	0.02312	0.03595	0.07223	0.04060	0.52700	0.12116	0.01222	0.01381	0.01635	0.00694	0.00747
25	0.03220	0.16172	0.07798	0.02892	0.08104	0.03261	0.02327	0.07884	0.17357	0.09098	0.03064	0.03134	0.02347	0.01368	0.01329	0.00358	0.06679	0.01025	0.00866	0.01719
26	0.02125	0.02295	0.08533	0.01905	0.02714	0.01645	0.01678	0.02944	0.07308	0.03643	0.04409	0.14917	0.09176	0.01780	0.01114	0.00307	0.00906	0.01517	0.00841	0.30243
27	0.08151	0.22016	0.17839	0.08284	0.04162	0.14987	0.02759	0.03742	0.02565	0.03244	0.01836	0.02213	0.01476	0.01096	0.00956	0.00317	0.01574	0.00760	0.00538	0.01483
28	0.02512	0.18443	0.42245	0.03009	0.04561	0.03140	0.03764	0.03637	0.02434	0.03465	0.01979	0.02319	0.01478	0.01080	0.01022	0.00341	0.01609	0.00805	0.00493	0.01667
29	0.01576	0.01129	0.01412	0.01577	0.01706	0.01077	0.01115	0.01803	0.02227	0.02903	0.06289	0.30008	0.11937	0.18221	0.02674	0.00649	0.00864	0.10942	0.00978	0.00911
30	0.01982	0.02329	0.13617	0.02043	0.02635	0.01530	0.01934	0.02550	0.02418	0.07010	0.08677	0.21827	0.09494	0.03734	0.11988	0.00703	0.01413	0.01981	0.00894	0.01238
31	0.03132	0.04915	0.37755	0.02998	0.04469	0.02598	0.03558	0.08759	0.02949	0.13894	0.02663	0.02793	0.01808	0.01203	0.01124	0.00365	0.01526	0.00941	0.00752	0.01798

[dist]
# distance from previous block
# <min> <max>
8	25

[block]
# block no. 11 follows, 10 sequences, length 9
# corresponding to MSA columns:
# 650-658
name=unknown_L
#
# <colnr> <probs for GDERKNQSTAVLIFYWHMCP>
#	G	D	E	R	K	N	Q	S	T	A	V	L	I	F	Y	W	H	M	C	P
0	0.02812	0.02631	0.04114	0.11101	0.36145	0.02775	0.03138	0.04107	0.13436	0.03959	0.02760	0.03237	0.02204	0.01174	0.01160	0.00361	0.01293	0.01100	0.00709	0.01785
1	0.01756	0.01071	0.01294	0.01457	0.01624	0.01037	0.01049	0.02124	0.02353	0.03556	0.05355	0.32820	0.05741	0.02701	0.01231	0.00399	0.00660	0.06256	0.26505	0.01011
2	0.67341	0.02249	0.01709	0.01529	0.02249	0.02609	0.01260	0.03419	0.01979	0.05218	0.01619	0.01889	0.01260	0.01080	0.00720	0.00360	0.00900	0.00630	0.00720	0.01260
3	0.02932	0.02274	0.03216	0.12735	0.15406	0.02210	0.02328	0.03874	0.08518	0.10521	0.02778	0.03099	0.02109	0.01125	0.01066	0.00305	0.01131	0.00977	0.00797	0.22599
4	0.01612	0.01188	0.01507	0.01427	0.01717	0.01083	0.01071	0.02129	0.03212	0.04473	0.46307	0.09002	0.16043	0.02449	0.01372	0.00369	0.00554	0.02147	0.01255	0.01083
5	0.02511	0.21904	0.32051	0.02757	0.04066	0.03107	0.03276	0.03457	0.02456	0.03367	0.02471	0.03657	0.02156	0.01345	0.01060	0.00353	0.01489	0.06384	0.00568	0.01565
6	0.03474	0.03334	0.04204	0.05432	0.32844	0.11463	0.03040	0.13947	0.03402	0.04453	0.02262	0.02730	0.01817	0.01146	0.01137	0.00339	0.01476	0.00992	0.00715	0.01792
7	0.02184	0.01281	0.01698	0.01597	0.01929	0.01165	0.01194	0.02641	0.03067	0.12197	0.33849	0.18687	0.08930	0.02498	0.01363	0.00388	0.00649	0.02211	0.01263	0.01209
8	0.02335	0.02164	0.03632	0.31015	0.21616	0.02458	0.03051	0.03023	0.02358	0.03202	0.02280	0.03268	0.01871	0.02365	0.09938	0.00617	0.01752	0.01069	0.00554	0.01433

[dist]
# distance from previous block
# <min> <max>
0	3

[block]
# block no. 12 follows, 10 sequences, length 48
# corresponding to MSA columns:
# 662-709
name=unknown_M
#
# <colnr> <probs for GDERKNQSTAVLIFYWHMCP>
#	G	D	E	R	K	N	Q	S	T	A	V	L	I	F	Y	W	H	M	C	P
0	0.20505	0.02153	0.02273	0.01976	0.02516	0.02436	0.01559	0.08303	0.12935	0.08303	0.09810	0.04250	0.03635	0.07253	0.01797	0.00457	0.06218	0.01210	0.00977	0.01436
1	0.03717	0.03974	0.03433	0.02947	0.03404	0.25210	0.02346	0.13384	0.03225	0.03802	0.01916	0.02408	0.01612	0.01541	0.02065	0.00385	0.21574	0.00910	0.00689	0.01458
2	0.02893	0.02245	0.03180	0.02708	0.08576	0.01855	0.06579	0.03469	0.02602	0.10660	0.02465	0.02758	0.01903	0.00975	0.00991	0.00241	0.01054	0.00868	0.00771	0.43205
3	0.02850	0.21139	0.14764	0.03060	0.04084	0.10423	0.13428	0.03537	0.02590	0.03207	0.02450	0.08639	0.02248	0.01338	0.01095	0.00340	0.01569	0.01169	0.00598	0.01475
4	0.67341	0.02249	0.01709	0.01529	0.02249	0.02609	0.01260	0.03419	0.01979	0.05218	0.01619	0.01889	0.01260	0.01080	0.00720	0.00360	0.00900	0.00630	0.00720	0.01260
5	0.01891	0.01472	0.01752	0.01632	0.02001	0.01476	0.01238	0.03009	0.13311	0.04564	0.37442	0.07981	0.13180	0.02258	0.01331	0.00375	0.00633	0.01966	0.01240	0.01248
6	0.01668	0.01220	0.01586	0.01581	0.01866	0.01138	0.01244	0.02188	0.03094	0.04253	0.37476	0.09903	0.14143	0.02616	0.01423	0.00405	0.00666	0.11234	0.01215	0.01080
7	0.03731	0.02915	0.03102	0.02536	0.03344	0.03284	0.02044	0.29098	0.25488	0.06216	0.03670	0.03491	0.02688	0.01478	0.01172	0.00370	0.01117	0.01168	0.01172	0.01916
8	0.01536	0.01185	0.01401	0.01347	0.01670	0.01050	0.01010	0.01981	0.03031	0.04044	0.35192	0.09707	0.27426	0.02609	0.01373	0.00377	0.00565	0.02246	0.01199	0.01050
9	0.02491	0.02262	0.03760	0.28751	0.26411	0.02496	0.03111	0.03203	0.02479	0.03484	0.02311	0.03141	0.01836	0.01129	0.01119	0.00356	0.01365	0.01040	0.07745	0.01509
10	0.01691	0.01128	0.01268	0.01268	0.01268	0.01128	0.00705	0.01691	0.01691	0.02255	0.03665	0.07611	0.04228	0.59126	0.05920	0.01128	0.01128	0.01691	0.00705	0.00705
11	0.02933	0.02494	0.04039	0.10563	0.36095	0.02541	0.03063	0.03794	0.06246	0.08202	0.06148	0.03527	0.02698	0.01222	0.01173	0.00356	0.01268	0.01146	0.00743	0.01748
12	0.03189	0.14631	0.10608	0.02492	0.03425	0.03363	0.02296	0.14356	0.24020	0.04807	0.03317	0.03244	0.02505	0.01355	0.01081	0.00352	0.01175	0.01054	0.00944	0.01784
13	0.08075	0.02540	0.12645	0.01989	0.02810	0.01686	0.01885	0.02937	0.02455	0.08570	0.04464	0.17694	0.08759	0.01927	0.01146	0.00350	0.00981	0.01628	0.00869	0.16590
14	0.02409	0.11331	0.48457	0.03184	0.04831	0.02889	0.04069	0.03663	0.02446	0.03590	0.02041	0.02397	0.01475	0.01094	0.01070	0.00357	0.01672	0.00836	0.00492	0.01696
15	0.20899	0.02047	0.02449	0.01933	0.02787	0.01936	0.01596	0.05100	0.02988	0.40697	0.03839	0.03436	0.02470	0.01349	0.01056	0.00360	0.00967	0.01033	0.01258	0.01798
16	0.04440	0.01807	0.02450	0.01937	0.02701	0.01576	0.01576	0.04911	0.03321	0.42213	0.14759	0.04989	0.04643	0.01644	0.01214	0.00361	0.00894	0.01373	0.01405	0.01787
17	0.02860	0.31025	0.11085	0.03139	0.04174	0.03784	0.16528	0.03515	0.02437	0.03151	0.01888	0.02389	0.01579	0.01100	0.01270	0.00331	0.06781	0.00919	0.00526	0.01520
18	0.10250	0.02860	0.10810	0.03431	0.12793	0.02261	0.06736	0.04571	0.02882	0.26852	0.03259	0.03250	0.02209	0.01235	0.01131	0.00361	0.01254	0.01064	0.00984	0.01805
19	0.02509	0.01184	0.01265	0.01194	0.01535	0.01154	0.00913	0.03041	0.02538	0.09739	0.03883	0.04294	0.02970	0.01364	0.00853	0.00281	0.00592	0.01094	0.58413	0.01184
20	0.01534	0.01142	0.01428	0.01446	0.01691	0.01036	0.01050	0.01944	0.02895	0.03931	0.32037	0.21729	0.18236	0.02811	0.01401	0.00398	0.00589	0.02477	0.01190	0.01036
21	0.02968	0.02625	0.04445	0.12337	0.18870	0.02710	0.14103	0.04272	0.12682	0.08498	0.02978	0.03388	0.02240	0.01194	0.01217	0.00375	0.01418	0.01192	0.00781	0.01705
22	0.02342	0.01365	0.01884	0.07788	0.02667	0.01308	0.01444	0.02695	0.02587	0.13888	0.09271	0.33248	0.09386	0.02743	0.01364	0.00425	0.00825	0.02437	0.01110	0.01222
23	0.01855	0.01231	0.01738	0.01948	0.02135	0.01223	0.01598	0.02127	0.02375	0.03107	0.05289	0.16098	0.05792	0.03440	0.02230	0.14760	0.01013	0.30158	0.00949	0.00934
24	0.03576	0.11277	0.12986	0.02952	0.03721	0.32021	0.02645	0.04075	0.02821	0.02984	0.01794	0.02202	0.01497	0.01276	0.01415	0.00336	0.09652	0.00793	0.00555	0.01423
25	0.58481	0.02712	0.01933	0.01736	0.02439	0.09901	0.01398	0.03591	0.02164	0.04885	0.01645	0.01919	0.01293	0.01096	0.00766	0.00351	0.01068	0.00647	0.00703	0.01272
