[name]
unknown

[dist]
# distance from previous block
# <min> <max>
0	64

[block]
# block no. 0 follows, 14 sequences, length 8
# corresponding to MSA columns:
# 64-71
name=unknown_A
#
# <colnr> <probs for GDERKNQSTAVLIFYWHMCP>
#	G	D	E	R	K	N	Q	S	T	A	V	L	I	F	Y	W	H	M	C	P
0	0.02360	0.01970	0.02774	0.02417	0.02965	0.02080	0.10314	0.11150	0.16687	0.03946	0.04095	0.06699	0.03825	0.01887	0.01226	0.00394	0.01068	0.21912	0.00913	0.01318
1	0.01516	0.01773	0.10894	0.01666	0.02113	0.01315	0.01533	0.02030	0.02164	0.03020	0.17266	0.05635	0.13612	0.04321	0.25490	0.00877	0.01600	0.01415	0.00743	0.01020
2	0.02328	0.02788	0.12885	0.15024	0.34933	0.02466	0.03121	0.03012	0.02189	0.03127	0.01844	0.02485	0.01501	0.01025	0.01227	0.00328	0.06873	0.00887	0.00481	0.01477
3	0.01957	0.01734	0.02600	0.33465	0.08082	0.02012	0.02203	0.02954	0.11146	0.03310	0.15782	0.04116	0.03720	0.01343	0.01074	0.00336	0.01050	0.01185	0.00722	0.01208
4	0.02060	0.01881	0.02719	0.28544	0.12672	0.02137	0.02252	0.03208	0.15326	0.03168	0.03836	0.04156	0.11058	0.01359	0.01060	0.00339	0.01069	0.01181	0.00691	0.01287
5	0.38988	0.02696	0.02190	0.01852	0.02523	0.12494	0.01493	0.15883	0.02776	0.07855	0.01865	0.02002	0.01388	0.01058	0.00805	0.00306	0.01065	0.00693	0.00750	0.01318
6	0.01858	0.01186	0.01508	0.01535	0.01780	0.01151	0.01106	0.02451	0.08851	0.09923	0.14222	0.38924	0.06321	0.02557	0.01226	0.00380	0.00637	0.02285	0.01034	0.01066
7	0.02002	0.13076	0.16110	0.01788	0.02314	0.01816	0.01740	0.02118	0.01680	0.02265	0.01816	0.02828	0.01691	0.05812	0.02748	0.36956	0.01087	0.00832	0.00451	0.00871

[dist]
# distance from previous block
# <min> <max>
0	2

[block]
# block no. 1 follows, 14 sequences, length 7
# corresponding to MSA columns:
# 74-80
name=unknown_B
#
# <colnr> <probs for GDERKNQSTAVLIFYWHMCP>
#	G	D	E	R	K	N	Q	S	T	A	V	L	I	F	Y	W	H	M	C	P
0	0.02309	0.02318	0.04289	0.24181	0.27303	0.02426	0.16069	0.03009	0.02264	0.03092	0.01932	0.02664	0.01522	0.00939	0.01069	0.00328	0.01400	0.00990	0.00493	0.01402
1	0.02726	0.01717	0.02641	0.03340	0.22459	0.01626	0.01927	0.03129	0.02392	0.19494	0.03805	0.23066	0.03619	0.01787	0.01119	0.00346	0.00908	0.01617	0.00884	0.01398
2	0.02276	0.22746	0.03805	0.03533	0.24829	0.02567	0.02120	0.02682	0.02157	0.02852	0.02720	0.17850	0.02849	0.01494	0.00972	0.00305	0.01018	0.01307	0.00599	0.01319
3	0.02810	0.04234	0.21816	0.03680	0.17537	0.22380	0.02902	0.03470	0.02431	0.02971	0.01745	0.02158	0.01394	0.01039	0.01118	0.00307	0.05342	0.00773	0.00487	0.01406
4	0.47873	0.01621	0.01402	0.01376	0.01819	0.01813	0.01058	0.02487	0.01819	0.03943	0.02838	0.22200	0.03003	0.01707	0.00860	0.00351	0.00728	0.01343	0.00741	0.01019
5	0.29938	0.01429	0.01317	0.01231	0.01669	0.01481	0.00964	0.02224	0.02242	0.03868	0.18699	0.05945	0.21983	0.01796	0.00976	0.00329	0.00623	0.01427	0.00868	0.00993
6	0.02663	0.02172	0.02924	0.03471	0.21581	0.02281	0.02090	0.19839	0.06406	0.04261	0.03206	0.18203	0.03086	0.01641	0.01097	0.00337	0.01003	0.01448	0.00829	0.01462

[dist]
# distance from previous block
# <min> <max>
0	5

[block]
# block no. 2 follows, 14 sequences, length 6
# corresponding to MSA columns:
# 86-91
name=unknown_C
#
# <colnr> <probs for GDERKNQSTAVLIFYWHMCP>
#	G	D	E	R	K	N	Q	S	T	A	V	L	I	F	Y	W	H	M	C	P
0	0.02978	0.02828	0.03789	0.05043	0.39720	0.09604	0.02760	0.13739	0.02918	0.03890	0.01998	0.02440	0.01613	0.00997	0.01007	0.00301	0.01278	0.00885	0.00617	0.01597
1	0.02561	0.02214	0.03906	0.04827	0.35095	0.02151	0.11525	0.03134	0.02364	0.08982	0.02682	0.10900	0.02408	0.01254	0.01091	0.00328	0.01188	0.01250	0.00650	0.01489
2	0.11670	0.02439	0.11190	0.02250	0.03019	0.02029	0.06620	0.03831	0.02441	0.27915	0.05679	0.03057	0.02309	0.01265	0.01317	0.00339	0.09300	0.00974	0.00879	0.01475
3	0.02737	0.02420	0.08086	0.04180	0.25918	0.02104	0.12359	0.03385	0.02525	0.13879	0.09222	0.03375	0.02766	0.01125	0.01078	0.00319	0.01183	0.01099	0.00727	0.01512
4	0.12594	0.02083	0.06329	0.01828	0.02579	0.01829	0.01581	0.04262	0.12799	0.28010	0.07509	0.03431	0.02846	0.01253	0.00969	0.00311	0.00859	0.01003	0.01016	0.06910
5	0.03766	0.07905	0.08742	0.02474	0.09649	0.01939	0.01957	0.04270	0.02657	0.37357	0.03185	0.02988	0.02126	0.01129	0.00974	0.00298	0.00997	0.00920	0.00973	0.05693

[dist]
# distance from previous block
# <min> <max>
0	3

[block]
# block no. 3 follows, 14 sequences, length 20
# corresponding to MSA columns:
# 95-114
name=unknown_D
#
# <colnr> <probs for GDERKNQSTAVLIFYWHMCP>
#	G	D	E	R	K	N	Q	S	T	A	V	L	I	F	Y	W	H	M	C	P
0	0.03127	0.02737	0.12558	0.03624	0.22046	0.02232	0.02505	0.12309	0.02921	0.17382	0.06163	0.03036	0.02348	0.01145	0.01028	0.00313	0.01121	0.00981	0.00813	0.01614
1	0.14973	0.02157	0.02467	0.02259	0.06913	0.02292	0.01675	0.12499	0.18619	0.20629	0.03225	0.03045	0.02276	0.01219	0.00966	0.00324	0.00910	0.00963	0.00997	0.01593
2	0.09447	0.02262	0.03571	0.04971	0.41723	0.02247	0.02641	0.03492	0.02396	0.14008	0.02289	0.02640	0.01752	0.00986	0.00983	0.00308	0.01112	0.00903	0.00666	0.01600
3	0.03250	0.01876	0.02276	0.01772	0.02562	0.01688	0.01427	0.04221	0.14278	0.26358	0.03267	0.03070	0.02300	0.01111	0.00936	0.00264	0.00819	0.00906	0.00979	0.26640
4	0.02424	0.01662	0.02026	0.01529	0.02292	0.01315	0.01219	0.02876	0.02416	0.12938	0.12797	0.03426	0.03262	0.01105	0.00893	0.00213	0.00727	0.00920	0.00822	0.45138
5	0.06998	0.02153	0.03330	0.28248	0.24469	0.02378	0.02679	0.07868	0.02453	0.06768	0.02033	0.02616	0.01552	0.01015	0.00997	0.00322	0.01224	0.00898	0.00590	0.01409
6	0.01492	0.00995	0.01119	0.01119	0.01119	0.00995	0.00622	0.01492	0.01492	0.01990	0.03233	0.06716	0.03731	0.63935	0.05223	0.00995	0.00995	0.01492	0.00622	0.00622
7	0.01466	0.01100	0.01649	0.01649	0.01833	0.01283	0.01283	0.01833	0.01649	0.02382	0.02749	0.04032	0.02566	0.07697	0.59868	0.01649	0.02749	0.01100	0.00550	0.00916
8	0.02360	0.01817	0.02152	0.01549	0.02450	0.01381	0.01243	0.02811	0.02204	0.08494	0.02033	0.02256	0.01616	0.00808	0.00786	0.00168	0.00771	0.00648	0.00670	0.63786
9	0.17385	0.01792	0.02214	0.01734	0.02498	0.01661	0.01432	0.04620	0.02709	0.47947	0.03546	0.03142	0.02266	0.01209	0.00956	0.00318	0.00858	0.00941	0.01148	0.01625
10	0.02499	0.34635	0.20921	0.02174	0.03188	0.03263	0.02347	0.03583	0.12398	0.03028	0.02080	0.02223	0.01660	0.01006	0.00828	0.00276	0.01170	0.00730	0.00553	0.01436
11	0.02646	0.59754	0.05075	0.01721	0.02551	0.03827	0.01696	0.02987	0.02147	0.02543	0.05625	0.02101	0.01949	0.00970	0.00700	0.00227	0.01051	0.00648	0.00491	0.01291
12	0.15566	0.01394	0.01607	0.01406	0.01865	0.01343	0.01106	0.02830	0.02637	0.16970	0.29300	0.05730	0.10836	0.01729	0.01058	0.00323	0.00640	0.01440	0.01051	0.01171
13	0.02420	0.02021	0.02812	0.03106	0.20513	0.01728	0.01869	0.02922	0.02248	0.06817	0.01999	0.02349	0.01619	0.00843	0.00861	0.00213	0.00918	0.00735	0.00617	0.43390
14	0.02297	0.02152	0.03668	0.05023	0.41103	0.02131	0.06590	0.02838	0.02290	0.03248	0.07271	0.03564	0.02641	0.08947	0.01579	0.00396	0.01162	0.01099	0.00581	0.01419
15	0.02468	0.02026	0.02311	0.01681	0.02576	0.01716	0.01357	0.12475	0.02646	0.03944	0.01947	0.02192	0.01563	0.00851	0.00811	0.00182	0.00831	0.00669	0.00688	0.57066
16	0.01382	0.01072	0.01553	0.12954	0.02559	0.01111	0.01317	0.01658	0.01981	0.02620	0.04920	0.51646	0.05747	0.02795	0.01255	0.00402	0.00744	0.02532	0.00857	0.00892
17	0.03407	0.02359	0.02964	0.03092	0.17105	0.05886	0.01995	0.13079	0.02972	0.20070	0.02611	0.02682	0.01877	0.01058	0.00968	0.00277	0.01054	0.00875	0.00849	0.14820
18	0.02704	0.01960	0.02790	0.26173	0.04423	0.02301	0.02193	0.08107	0.06510	0.13859	0.05896	0.03167	0.02284	0.01318	0.01437	0.00351	0.11426	0.01012	0.00752	0.01337
19	0.15926	0.02253	0.03102	0.19154	0.10813	0.05022	0.07072	0.06583	0.02361	0.10388	0.02060	0.02509	0.01537	0.01087	0.01140	0.00332	0.05804	0.00875	0.00646	0.01335

[dist]
# distance from previous block
# <min> <max>
0	5

[block]
# block no. 4 follows, 14 sequences, length 90
# corresponding to MSA columns:
# 120-209
name=unknown_E
#
# <colnr> <probs for GDERKNQSTAVLIFYWHMCP>
#	G	D	E	R	K	N	Q	S	T	A	V	L	I	F	Y	W	H	M	C	P
0	0.02699	0.01669	0.02541	0.02378	0.08463	0.01604	0.06624	0.03145	0.02592	0.20648	0.18603	0.05040	0.08286	0.05104	0.01509	0.00370	0.05094	0.01365	0.00957	0.01310
1	0.02306	0.01316	0.01787	0.08028	0.02411	0.01243	0.01296	0.02764	0.02755	0.18011	0.31691	0.06280	0.12313	0.01820	0.01144	0.00326	0.00688	0.01571	0.01072	0.01180
2	0.02779	0.02638	0.03370	0.21053	0.13626	0.13388	0.06012	0.03278	0.02312	0.08871	0.01984	0.02542	0.01542	0.01150	0.01387	0.00335	0.10953	0.00896	0.00572	0.01313
3	0.02839	0.03083	0.03415	0.10912	0.28346	0.20618	0.02530	0.03330	0.02464	0.03000	0.01797	0.02297	0.01488	0.00956	0.00960	0.00279	0.01387	0.00799	0.00520	0.08981
4	0.02367	0.02016	0.02806	0.02059	0.02948	0.01707	0.09869	0.03155	0.08119	0.06636	0.02254	0.02499	0.01763	0.00876	0.00881	0.00215	0.00931	0.00792	0.00680	0.47428
5	0.03146	0.02072	0.02338	0.02012	0.02654	0.02250	0.01591	0.05322	0.40424	0.19898	0.04140	0.03732	0.02961	0.01357	0.01041	0.00339	0.00830	0.01123	0.01110	0.01660
6	0.02622	0.02463	0.04021	0.05446	0.44416	0.02510	0.06353	0.06718	0.08377	0.03654	0.02222	0.02692	0.01795	0.00984	0.01033	0.00313	0.01203	0.00962	0.00601	0.01617
7	0.01250	0.00893	0.01191	0.01429	0.01488	0.00834	0.00953	0.01429	0.01965	0.02620	0.05656	0.63265	0.06787	0.03215	0.01310	0.00417	0.00595	0.02917	0.00953	0.00834
8	0.01993	0.01881	0.03178	0.56382	0.11721	0.02295	0.02878	0.02671	0.02078	0.02689	0.01834	0.02718	0.01392	0.01016	0.01025	0.00339	0.01354	0.00912	0.00461	0.01185
9	0.03802	0.02089	0.02817	0.02739	0.13156	0.01969	0.01867	0.13171	0.03069	0.32240	0.03107	0.02971	0.02107	0.01137	0.00997	0.00294	0.00972	0.00942	0.01006	0.09548
10	0.03895	0.03060	0.03064	0.02387	0.03182	0.08404	0.01953	0.49501	0.04648	0.06103	0.02383	0.02407	0.01706	0.01216	0.01017	0.00304	0.01196	0.00900	0.00981	0.01694
11	0.01213	0.01040	0.01040	0.01040	0.01386	0.00866	0.00780	0.01473	0.02339	0.02772	0.10396	0.09876	0.57117	0.02599	0.01213	0.00347	0.00520	0.02166	0.00953	0.00866
12	0.02553	0.02204	0.02320	0.02088	0.02669	0.02553	0.01624	0.05453	0.55679	0.04293	0.04177	0.03829	0.03133	0.01392	0.01044	0.00348	0.00812	0.01160	0.01044	0.01624
13	0.02128	0.01824	0.02128	0.01520	0.02432	0.01368	0.01216	0.02584	0.02128	0.03344	0.01824	0.02128	0.01520	0.00760	0.00760	0.00152	0.00760	0.00608	0.00608	0.70208
14	0.71184	0.01985	0.01508	0.01350	0.01985	0.02302	0.01111	0.03017	0.01746	0.04604	0.01429	0.01667	0.01111	0.00953	0.00635	0.00318	0.00794	0.00556	0.00635	0.01111
15	0.02553	0.02204	0.02320	0.02088	0.02669	0.02553	0.01624	0.05453	0.55679	0.04293	0.04177	0.03829	0.03133	0.01392	0.01044	0.00348	0.00812	0.01160	0.01044	0.01624
16	0.01413	0.01047	0.01317	0.01250	0.01509	0.00952	0.00937	0.01860	0.02812	0.03895	0.49334	0.08029	0.17479	0.02180	0.01211	0.00327	0.00490	0.01907	0.01101	0.00952
17	0.01323	0.00900	0.01165	0.01377	0.01456	0.00847	0.00927	0.01535	0.01985	0.02752	0.05402	0.56721	0.06330	0.02993	0.01245	0.00397	0.00582	0.02701	0.08514	0.00847
18	0.01228	0.01040	0.01061	0.01056	0.01396	0.00873	0.00792	0.01503	0.02376	0.02859	0.13418	0.09733	0.54040	0.02566	0.01213	0.00345	0.00517	0.02146	0.00964	0.00873
19	0.01270	0.00908	0.01209	0.01415	0.01493	0.00847	0.00954	0.01479	0.02057	0.02767	0.10699	0.57803	0.07072	0.03105	0.01300	0.00408	0.00584	0.02813	0.00970	0.00847
20	0.01250	0.00893	0.01191	0.01429	0.01488	0.00834	0.00953	0.01429	0.01965	0.02620	0.05656	0.63265	0.06787	0.03215	0.01310	0.00417	0.00595	0.02917	0.00953	0.00834
21	0.04604	0.01746	0.02382	0.01826	0.02620	0.01508	0.01508	0.05001	0.02937	0.58244	0.04049	0.03493	0.02540	0.01270	0.01032	0.00318	0.00873	0.01032	0.01270	0.01746
22	0.71184	0.01985	0.01508	0.01350	0.01985	0.02302	0.01111	0.03017	0.01746	0.04604	0.01429	0.01667	0.01111	0.00953	0.00635	0.00318	0.00794	0.00556	0.00635	0.01111
23	0.02019	0.01935	0.03095	0.46035	0.05919	0.02507	0.02691	0.02582	0.01926	0.02582	0.01699	0.02607	0.01363	0.01228	0.01641	0.00370	0.17304	0.00908	0.00454	0.01135
24	0.01492	0.00995	0.01119	0.01119	0.01119	0.00995	0.00622	0.01492	0.01492	0.01990	0.03233	0.06716	0.03731	0.63935	0.05223	0.00995	0.00995	0.01492	0.00622	0.00622
25	0.02540	0.02438	0.04165	0.06299	0.57533	0.02438	0.03149	0.03149	0.02337	0.03353	0.01930	0.02540	0.01626	0.00914	0.01016	0.00305	0.01219	0.00914	0.00508	0.01626
26	0.71184	0.01985	0.01508	0.01350	0.01985	0.02302	0.01111	0.03017	0.01746	0.04604	0.01429	0.01667	0.01111	0.00953	0.00635	0.00318	0.00794	0.00556	0.00635	0.01111
27	0.02471	0.02275	0.03812	0.05711	0.51331	0.02275	0.02882	0.03066	0.02316	0.03405	0.02086	0.02681	0.01736	0.00945	0.00983	0.00298	0.01138	0.00919	0.08118	0.01552
28	0.01997	0.01884	0.03185	0.56049	0.12025	0.02296	0.02879	0.02674	0.02080	0.02694	0.01834	0.02717	0.01393	0.01015	0.01025	0.00338	0.01353	0.00912	0.00461	0.01188
29	0.01727	0.01091	0.01404	0.01297	0.01579	0.01006	0.00983	0.02204	0.02833	0.08022	0.47873	0.06985	0.08471	0.01949	0.01149	0.00314	0.00512	0.01708	0.07869	0.01024
30	0.01403	0.01047	0.01303	0.01239	0.01503	0.00947	0.00929	0.01841	0.02788	0.03839	0.47397	0.08121	0.19450	0.02201	0.01211	0.00328	0.00491	0.01920	0.01093	0.00947
31	0.01492	0.00995	0.01119	0.01119	0.01119	0.00995	0.00622	0.01492	0.01492	0.01990	0.03233	0.06716	0.03731	0.63935	0.05223	0.00995	0.00995	0.01492	0.00622	0.00622
32	0.01250	0.00893	0.01191	0.01429	0.01488	0.00834	0.00953	0.01429	0.01965	0.02620	0.05656	0.63265	0.06787	0.03215	0.01310	0.00417	0.00595	0.02917	0.00953	0.00834
33	0.28679	0.02223	0.02834	0.12964	0.20928	0.02460	0.02167	0.09787	0.02397	0.04122	0.01793	0.02231	0.01404	0.00989	0.00874	0.00316	0.01070	0.00779	0.00617	0.01366
34	0.02422	0.02768	0.06055	0.04325	0.05363	0.02595	0.53806	0.03287	0.02422	0.03287	0.02076	0.02768	0.01557	0.00865	0.01211	0.00346	0.01730	0.01211	0.00519	0.01384
35	0.01250	0.00893	0.01191	0.01429	0.01488	0.00834	0.00953	0.01429	0.01965	0.02620	0.05656	0.63265	0.06787	0.03215	0.01310	0.00417	0.00595	0.02917	0.00953	0.00834
36	0.02158	0.08440	0.09913	0.08326	0.03224	0.01865	0.01785	0.02723	0.02120	0.03161	0.01787	0.02153	0.01455	0.00829	0.00807	0.00202	0.00959	0.00655	0.00552	0.46886
37	0.03901	0.02874	0.03080	0.02361	0.03182	0.03182	0.01951	0.54111	0.04825	0.06468	0.02464	0.02464	0.01745	0.01232	0.01027	0.00308	0.01129	0.00924	0.01027	0.01745
38	0.71184	0.01985	0.01508	0.01350	0.01985	0.02302	0.01111	0.03017	0.01746	0.04604	0.01429	0.01667	0.01111	0.00953	0.00635	0.00318	0.00794	0.00556	0.00635	0.01111
39	0.01295	0.00925	0.01242	0.01480	0.01559	0.00872	0.01030	0.01506	0.02009	0.02669	0.05632	0.57574	0.06690	0.03173	0.01322	0.00423	0.00634	0.08170	0.00952	0.00846
40	0.01250	0.00893	0.01191	0.01429	0.01488	0.00834	0.00953	0.01429	0.01965	0.02620	0.05656	0.63265	0.06787	0.03215	0.01310	0.00417	0.00595	0.02917	0.00953	0.00834
41	0.01250	0.00893	0.01191	0.01429	0.01488	0.00834	0.00953	0.01429	0.01965	0.02620	0.05656	0.63265	0.06787	0.03215	0.01310	0.00417	0.00595	0.02917	0.00953	0.00834
42	0.01452	0.01049	0.01372	0.01291	0.01533	0.00968	0.00968	0.01937	0.02905	0.04115	0.56992	0.07666	0.09683	0.02098	0.01210	0.00323	0.00484	0.01856	0.01130	0.00968
43	0.02533	0.01951	0.02046	0.01821	0.02338	0.02203	0.01422	0.10006	0.36025	0.04410	0.03771	0.03678	0.02848	0.01323	0.00956	0.00315	0.00759	0.01081	0.19052	0.01462
44	0.71184	0.01985	0.01508	0.01350	0.01985	0.02302	0.01111	0.03017	0.01746	0.04604	0.01429	0.01667	0.01111	0.00953	0.00635	0.00318	0.00794	0.00556	0.00635	0.01111
45	0.02128	0.01824	0.02128	0.01520	0.02432	0.01368	0.01216	0.02584	0.02128	0.03344	0.01824	0.02128	0.01520	0.00760	0.00760	0.00152	0.00760	0.00608	0.00608	0.70208
46	0.01484	0.01030	0.01297	0.01297	0.01358	0.01091	0.00843	0.01606	0.01545	0.02121	0.03071	0.05816	0.03340	0.45079	0.23545	0.01214	0.01583	0.01361	0.00598	0.00721
47	0.20464	0.02217	0.03286	0.14198	0.34533	0.02376	0.02564	0.03027	0.02134	0.03559	0.01781	0.02343	0.01448	0.00943	0.00918	0.00314	0.01132	0.00820	0.00533	0.01410
48	0.01339	0.00979	0.01259	0.01327	0.01499	0.00899	0.00943	0.01666	0.02432	0.03320	0.29649	0.32539	0.13058	0.02643	0.01255	0.00367	0.00537	0.02357	0.01034	0.00899
49	0.03833	0.04891	0.02908	0.02644	0.03173	0.59815	0.01983	0.04098	0.02908	0.02512	0.01586	0.01851	0.01322	0.01058	0.00925	0.00264	0.01851	0.00661	0.00529	0.01190
50	0.71184	0.01985	0.01508	0.01350	0.01985	0.02302	0.01111	0.03017	0.01746	0.04604	0.01429	0.01667	0.01111	0.00953	0.00635	0.00318	0.00794	0.00556	0.00635	0.01111
51	0.01435	0.01048	0.01348	0.01273	0.01522	0.00961	0.00955	0.01903	0.02864	0.04018	0.53604	0.07826	0.13132	0.02134	0.01211	0.00324	0.00487	0.01878	0.01117	0.00961
52	0.02128	0.01824	0.02128	0.01520	0.02432	0.01368	0.01216	0.02584	0.02128	0.03344	0.01824	0.02128	0.01520	0.00760	0.00760	0.00152	0.00760	0.00608	0.00608	0.70208
53	0.02330	0.01224	0.01584	0.01446	0.01831	0.01085	0.01099	0.02679	0.02601	0.20113	0.21051	0.19830	0.14611	0.02190	0.01180	0.00347	0.00635	0.01904	0.01102	0.01158
54	0.02138	0.02028	0.03439	0.43171	0.23805	0.02332	0.02949	0.02797	0.02146	0.02864	0.01859	0.02671	0.01453	0.00989	0.01023	0.00330	0.01319	0.00913	0.00473	0.01301
55	0.01938	0.01824	0.03078	0.61468	0.07068	0.02280	0.02850	0.02622	0.02052	0.02622	0.01824	0.02736	0.01368	0.01026	0.01026	0.00342	0.01368	0.00912	0.00456	0.01140
56	0.01433	0.01034	0.01354	0.01305	0.01529	0.00955	0.00967	0.01887	0.02813	0.03968	0.51949	0.13127	0.09398	0.02208	0.01220	0.00332	0.00495	0.01960	0.01112	0.00955
57	0.03770	0.11231	0.03142	0.02487	0.03073	0.49438	0.01923	0.04051	0.02820	0.06553	0.01748	0.01948	0.01410	0.01053	0.00904	0.00263	0.01697	0.00676	0.00573	0.01244
58	0.02982	0.02506	0.05113	0.03684	0.04660	0.02316	0.40394	0.03727	0.02554	0.17382	0.02582	0.02954	0.01809	0.00969	0.01165	0.00339	0.01510	0.01165	0.00712	0.01477
59	0.03553	0.01547	0.02105	0.07483	0.02703	0.01434	0.01451	0.04001	0.02718	0.37877	0.09544	0.03933	0.03226	0.01325	0.00999	0.00308	0.00814	0.01098	0.12410	0.01471
60	0.01466	0.01100	0.01649	0.01649	0.01833	0.01283	0.01283	0.01833	0.01649	0.02382	0.02749	0.04032	0.02566	0.07697	0.59868	0.01649	0.02749	0.01100	0.00550	0.00916
61	0.01863	0.01224	0.01558	0.01417	0.01745	0.01167	0.01082	0.02562	0.07774	0.09449	0.46922	0.06902	0.08377	0.01952	0.01178	0.00325	0.00553	0.01711	0.01136	0.01105
62	0.01213	0.01040	0.01040	0.01040	0.01386	0.00866	0.00780	0.01473	0.02339	0.02772	0.10396	0.09876	0.57117	0.02599	0.01213	0.00347	0.00520	0.02166	0.00953	0.00866
63	0.08940	0.01762	0.02325	0.01795	0.02578	0.01560	0.01482	0.04872	0.02860	0.54751	0.03878	0.03374	0.02447	0.01249	0.01006	0.00318	0.00868	0.01001	0.01229	0.01705
64	0.02553	0.02204	0.02320	0.02088	0.02669	0.02553	0.01624	0.05453	0.55679	0.04293	0.04177	0.03829	0.03133	0.01392	0.01044	0.00348	0.00812	0.01160	0.01044	0.01624
65	0.03901	0.02874	0.03080	0.02361	0.03182	0.03182	0.01951	0.54111	0.04825	0.06468	0.02464	0.02464	0.01745	0.01232	0.01027	0.00308	0.01129	0.00924	0.01027	0.01745
66	0.02531	0.02297	0.02934	0.02456	0.03111	0.02560	0.10200	0.05097	0.46927	0.04128	0.03832	0.03654	0.02874	0.01306	0.01072	0.00348	0.00963	0.01169	0.00958	0.01585
67	0.02540	0.02438	0.04165	0.06299	0.57533	0.02438	0.03149	0.03149	0.02337	0.03353	0.01930	0.02540	0.01626	0.00914	0.01016	0.00305	0.01219	0.00914	0.00508	0.01626
68	0.01430	0.01048	0.01341	0.01268	0.01520	0.00959	0.00951	0.01894	0.02853	0.03991	0.52696	0.07869	0.14056	0.02144	0.01211	0.00325	0.00487	0.01884	0.01113	0.00959
69	0.03097	0.40749	0.11362	0.01957	0.02895	0.03292	0.01977	0.06797	0.02441	0.13724	0.02060	0.02127	0.01582	0.00990	0.00796	0.00258	0.01109	0.00694	0.00639	0.01454
70	0.01543	0.01115	0.01420	0.01418	0.01630	0.01069	0.01030	0.05344	0.02673	0.03698	0.33342	0.28841	0.08013	0.02471	0.01236	0.00358	0.00572	0.02203	0.01054	0.00970
71	0.09374	0.02274	0.02591	0.02175	0.06495	0.02226	0.01640	0.22379	0.03188	0.08607	0.02198	0.02340	0.01649	0.01004	0.00887	0.00249	0.00943	0.00775	0.00810	0.28196
72	0.27093	0.02231	0.03309	0.03443	0.18848	0.02271	0.12079	0.03428	0.02242	0.12634	0.02123	0.02430	0.01578	0.00976	0.00922	0.00319	0.01113	0.00865	0.00678	0.01416
73	0.01374	0.00989	0.01302	0.01344	0.01516	0.00916	0.00962	0.01740	0.02541	0.03536	0.37108	0.29200	0.08561	0.02531	0.01249	0.00359	0.00527	0.02267	0.01061	0.00916
74	0.02744	0.64552	0.05378	0.01756	0.02634	0.04061	0.01756	0.03073	0.02085	0.02414	0.01427	0.01646	0.01317	0.00878	0.00658	0.00219	0.01097	0.00549	0.00439	0.01317
75	0.01896	0.01428	0.01626	0.01587	0.01901	0.01497	0.01175	0.07418	0.15434	0.03675	0.10755	0.27564	0.08821	0.02225	0.01143	0.00357	0.00668	0.01945	0.07748	0.01139
76	0.03785	0.02396	0.03022	0.02926	0.13324	0.02475	0.02020	0.26061	0.06725	0.22094	0.02963	0.02883	0.02054	0.01193	0.01027	0.00313	0.01047	0.00970	0.01006	0.01716
77	0.02972	0.02313	0.03914	0.05211	0.42271	0.02251	0.06248	0.03554	0.02471	0.15054	0.02392	0.02759	0.01816	0.00987	0.01033	0.00310	0.01180	0.00960	0.00671	0.01635
78	0.01467	0.01012	0.01180	0.01171	0.01235	0.01004	0.00719	0.01565	0.01718	0.02306	0.09611	0.06843	0.07989	0.48801	0.08477	0.00924	0.01033	0.01550	0.00695	0.00698
79	0.02964	0.30440	0.03821	0.02083	0.02782	0.17818	0.01774	0.04056	0.18543	0.03009	0.02301	0.02360	0.01869	0.01080	0.00843	0.00270	0.01203	0.00763	0.00645	0.01378
80	0.02744	0.64552	0.05378	0.01756	0.02634	0.04061	0.01756	0.03073	0.02085	0.02414	0.01427	0.01646	0.01317	0.00878	0.00658	0.00219	0.01097	0.00549	0.00439	0.01317
81	0.07949	0.02170	0.02810	0.02682	0.11863	0.02146	0.01874	0.17400	0.03261	0.32477	0.03130	0.02960	0.02097	0.01183	0.01005	0.00313	0.00993	0.00957	0.01043	0.01689
82	0.01466	0.01100	0.01649	0.01649	0.01833	0.01283	0.01283	0.01833	0.01649	0.02382	0.02749	0.04032	0.02566	0.07697	0.59868	0.01649	0.02749	0.01100	0.00550	0.00916
83	0.01492	0.00995	0.01119	0.01119	0.01119	0.00995	0.00622	0.01492	0.01492	0.01990	0.03233	0.06716	0.03731	0.63935	0.05223	0.00995	0.00995	0.01492	0.00622	0.00622
84	0.02786	0.02375	0.04074	0.05613	0.47213	0.02334	0.06396	0.03387	0.02417	0.10114	0.02201	0.02673	0.01734	0.00955	0.01031	0.00309	0.01211	0.00949	0.00603	0.01624
85	0.03648	0.02129	0.03046	0.09658	0.17625	0.02124	0.02163	0.12647	0.03005	0.28857	0.02977	0.02983	0.02035	0.01143	0.01026	0.00315	0.01062	0.00969	0.00939	0.01648
86	0.03062	0.02241	0.08683	0.02035	0.02893	0.01738	0.05223	0.03914	0.09233	0.23725	0.06551	0.03253	0.02609	0.01145	0.00980	0.00281	0.00940	0.00972	0.00915	0.19607
87	0.02714	0.03989	0.37737	0.09082	0.04252	0.02142	0.03088	0.03641	0.02356	0.17621	0.02419	0.02578	0.01633	0.01058	0.00996	0.00325	0.01331	0.00847	0.00656	0.01536
88	0.02847	0.06408	0.11146	0.03979	0.26761	0.02480	0.02598	0.12831	0.02788	0.07861	0.02132	0.02446	0.01640	0.00989	0.00965	0.00287	0.01160	0.00848	0.00658	0.09175
89	0.02439	0.14102	0.03941	0.04345	0.33195	0.02645	0.02494	0.02933	0.02231	0.03131	0.05736	0.02679	0.02110	0.01079	0.01203	0.00295	0.07809	0.00890	0.00540	0.06201

[dist]
# distance from previous block
# <min> <max>
2	3

[block]
# block no. 5 follows, 14 sequences, length 10
# corresponding to MSA columns:
# 213-222
name=unknown_F
#
# <colnr> <probs for GDERKNQSTAVLIFYWHMCP>
#	G	D	E	R	K	N	Q	S	T	A	V	L	I	F	Y	W	H	M	C	P
0	0.02787	0.02346	0.03624	0.04857	0.39678	0.02297	0.02621	0.08731	0.02623	0.07892	0.02135	0.02547	0.01694	0.00954	0.00982	0.00285	0.01118	0.00881	0.00637	0.11311
1	0.02437	0.02404	0.04309	0.13762	0.42217	0.02441	0.11075	0.03097	0.02310	0.03239	0.01938	0.02603	0.01578	0.00922	0.01048	0.00317	0.01320	0.00961	0.00502	0.01519
2	0.37479	0.11058	0.02546	0.01743	0.02457	0.02808	0.01472	0.16924	0.07366	0.04767	0.01948	0.02068	0.01488	0.01056	0.00779	0.00304	0.00928	0.00707	0.00748	0.01355
3	0.02058	0.05308	0.58618	0.02925	0.04442	0.02383	0.03792	0.03250	0.02167	0.03250	0.01842	0.02167	0.01300	0.00975	0.00975	0.00325	0.01517	0.00758	0.00433	0.01517
4	0.02610	0.18282	0.27020	0.03048	0.12721	0.02706	0.02813	0.03523	0.05713	0.09092	0.02148	0.02358	0.01612	0.01001	0.00918	0.00297	0.01252	0.00791	0.00577	0.01520
5	0.28090	0.14929	0.27449	0.02120	0.03189	0.02661	0.02414	0.03130	0.01994	0.03604	0.01611	0.01884	0.01232	0.00949	0.00790	0.00303	0.01169	0.00644	0.00510	0.01328
6	0.01492	0.00995	0.01119	0.01119	0.01119	0.00995	0.00622	0.01492	0.01492	0.01990	0.03233	0.06716	0.03731	0.63935	0.05223	0.00995	0.00995	0.01492	0.00622	0.00622
7	0.01492	0.00995	0.01119	0.01119	0.01119	0.00995	0.00622	0.01492	0.01492	0.01990	0.03233	0.06716	0.03731	0.63935	0.05223	0.00995	0.00995	0.01492	0.00622	0.00622
8	0.03062	0.13210	0.09964	0.03002	0.09513	0.02579	0.12712	0.06845	0.08664	0.16295	0.02648	0.02760	0.01917	0.01061	0.00998	0.00309	0.01203	0.00952	0.00760	0.01547
9	0.11708	0.09481	0.15065	0.02275	0.03117	0.02371	0.05362	0.03702	0.02305	0.22325	0.02457	0.02557	0.01732	0.01173	0.01270	0.00329	0.09701	0.00853	0.00757	0.01460

[dist]
# distance from previous block
# <min> <max>
0	1

[block]
# block no. 6 follows, 14 sequences, length 26
# corresponding to MSA columns:
# 224-249
name=unknown_G
#
# <colnr> <probs for GDERKNQSTAVLIFYWHMCP>
#	G	D	E	R	K	N	Q	S	T	A	V	L	I	F	Y	W	H	M	C	P
0	0.02759	0.15284	0.10682	0.02787	0.13700	0.02366	0.02123	0.03466	0.05791	0.12182	0.02283	0.02450	0.01742	0.00968	0.00881	0.00259	0.01042	0.00782	0.00667	0.17785
1	0.03132	0.02557	0.13068	0.02252	0.03083	0.02005	0.05537	0.04429	0.18155	0.24303	0.03653	0.07616	0.02721	0.01363	0.01057	0.00337	0.01015	0.01167	0.00972	0.01577
2	0.02427	0.04184	0.38084	0.03643	0.15823	0.02326	0.06699	0.03396	0.02293	0.08474	0.02085	0.02412	0.01504	0.00983	0.01005	0.00321	0.01405	0.00848	0.00534	0.01553
3	0.02415	0.02732	0.10111	0.10876	0.39722	0.02440	0.10379	0.03130	0.02304	0.03263	0.01932	0.02551	0.01557	0.00924	0.01040	0.00316	0.01337	0.00940	0.00497	0.01534
4	0.02928	0.02393	0.03253	0.04300	0.32897	0.08802	0.02348	0.03371	0.02396	0.13298	0.02470	0.03229	0.02059	0.09942	0.01605	0.00400	0.01197	0.00989	0.00669	0.01454
5	0.02274	0.05905	0.22959	0.02544	0.08929	0.01936	0.02374	0.03007	0.02312	0.07330	0.08467	0.02913	0.02475	0.01054	0.00933	0.00266	0.01075	0.00870	0.00635	0.21740
6	0.01250	0.00893	0.01191	0.01429	0.01488	0.00834	0.00953	0.01429	0.01965	0.02620	0.05656	0.63265	0.06787	0.03215	0.01310	0.00417	0.00595	0.02917	0.00953	0.00834
7	0.03048	0.02191	0.02719	0.02477	0.10488	0.02044	0.01738	0.17313	0.03026	0.12422	0.02349	0.02484	0.01750	0.00989	0.00911	0.00242	0.00944	0.00802	0.00809	0.31253
8	0.03561	0.02052	0.03330	0.02798	0.09016	0.01822	0.12963	0.04091	0.02647	0.32728	0.03081	0.03041	0.02086	0.01072	0.01030	0.00299	0.01079	0.00998	0.00933	0.11372
9	0.02399	0.08671	0.43985	0.02839	0.04184	0.02624	0.06064	0.10880	0.02574	0.03681	0.01921	0.02210	0.01382	0.01001	0.00975	0.00317	0.01443	0.00794	0.00527	0.01531
10	0.01464	0.01092	0.01610	0.01598	0.01790	0.01238	0.01238	0.01847	0.01827	0.02628	0.10447	0.04547	0.03576	0.06902	0.51543	0.01461	0.02427	0.01207	0.00632	0.00924
11	0.01323	0.01044	0.01192	0.01155	0.01454	0.00913	0.00866	0.01685	0.02599	0.03388	0.31764	0.08862	0.35364	0.02369	0.01212	0.00336	0.00503	0.02024	0.01034	0.00913
12	0.08510	0.02557	0.14872	0.02039	0.02984	0.01757	0.01991	0.04477	0.02685	0.42368	0.03380	0.03074	0.02167	0.01183	0.00993	0.00319	0.01011	0.00939	0.01041	0.01652
13	0.03360	0.12848	0.03164	0.08599	0.03381	0.31694	0.01945	0.04065	0.10186	0.08030	0.02188	0.02350	0.01698	0.01095	0.00923	0.00283	0.01446	0.00777	0.00651	0.01318
14	0.02768	0.03288	0.05285	0.03914	0.04827	0.16599	0.41123	0.03486	0.02541	0.03097	0.01956	0.02544	0.01500	0.00912	0.01141	0.00326	0.01760	0.01076	0.00521	0.01337
15	0.02733	0.02500	0.04011	0.05740	0.49820	0.02544	0.02979	0.10382	0.02690	0.03795	0.02006	0.02529	0.01643	0.00959	0.01017	0.00305	0.01206	0.00916	0.00582	0.01643
16	0.04028	0.02322	0.08437	0.02041	0.02893	0.01931	0.01821	0.11366	0.08586	0.39943	0.03618	0.03251	0.02365	0.01246	0.01026	0.00320	0.00969	0.01002	0.01126	0.01709
17	0.01519	0.01001	0.01327	0.01400	0.01570	0.00923	0.00990	0.01825	0.02375	0.06375	0.24928	0.38863	0.07636	0.02682	0.01256	0.00376	0.00569	0.02409	0.01038	0.00937
18	0.02744	0.64552	0.05378	0.01756	0.02634	0.04061	0.01756	0.03073	0.02085	0.02414	0.01427	0.01646	0.01317	0.00878	0.00658	0.00219	0.01097	0.00549	0.00439	0.01317
19	0.04093	0.01893	0.02628	0.02489	0.10418	0.01751	0.01754	0.04786	0.08451	0.44727	0.03762	0.03393	0.02473	0.01233	0.01031	0.00319	0.00916	0.01029	0.01138	0.01716
20	0.03814	0.02156	0.06315	0.02296	0.07181	0.01865	0.01811	0.12602	0.03148	0.35705	0.09084	0.03598	0.03008	0.01303	0.01045	0.00316	0.00946	0.01073	0.01096	0.01638
21	0.01257	0.00957	0.01158	0.01286	0.01459	0.00857	0.00896	0.01492	0.02178	0.02812	0.12088	0.40226	0.23825	0.02904	0.01268	0.00384	0.00560	0.02567	0.00969	0.00857
22	0.13747	0.01238	0.01403	0.01505	0.01729	0.01273	0.01089	0.05381	0.02146	0.03260	0.04680	0.45308	0.05392	0.02659	0.01178	0.00395	0.00687	0.05075	0.00901	0.00952
23	0.10771	0.01965	0.02402	0.02141	0.08329	0.01753	0.01532	0.06992	0.02493	0.16696	0.02362	0.02466	0.01742	0.00953	0.00856	0.00238	0.00866	0.00758	0.00787	0.33898
24	0.08635	0.01884	0.02693	0.02894	0.16550	0.01760	0.01856	0.04134	0.02695	0.35910	0.07617	0.03456	0.02783	0.01223	0.01014	0.00315	0.00924	0.01034	0.01018	0.01606
25	0.01241	0.00929	0.01154	0.01334	0.01463	0.00842	0.00910	0.01440	0.02056	0.02657	0.06816	0.50199	0.19105	0.03064	0.01286	0.00400	0.00577	0.02733	0.00953	0.00842

[dist]
# distance from previous block
# <min> <max>
0	3

[block]
# block no. 7 follows, 14 sequences, length 25
# corresponding to MSA columns:
# 253-277
name=unknown_H
#
# <colnr> <probs for GDERKNQSTAVLIFYWHMCP>
#	G	D	E	R	K	N	Q	S	T	A	V	L	I	F	Y	W	H	M	C	P
0	0.03027	0.02160	0.02425	0.01948	0.02587	0.02280	0.01570	0.28645	0.08558	0.08837	0.18132	0.04108	0.04157	0.01466	0.01065	0.00307	0.00879	0.01197	0.01048	0.05603
1	0.03399	0.09460	0.02706	0.01747	0.02597	0.01900	0.01465	0.07843	0.02685	0.26822	0.02773	0.02677	0.01947	0.01029	0.00885	0.00243	0.00879	0.00807	0.00903	0.27233
2	0.02291	0.25778	0.23506	0.02345	0.03217	0.03043	0.02533	0.02909	0.01975	0.02719	0.01674	0.02156	0.01426	0.01687	0.06468	0.00427	0.13342	0.00740	0.00449	0.01315
3	0.01328	0.00998	0.01343	0.01527	0.01582	0.01013	0.01053	0.01510	0.01934	0.02608	0.05321	0.58515	0.06364	0.03105	0.01470	0.00419	0.05380	0.02760	0.00913	0.00856
4	0.02540	0.02438	0.04165	0.06299	0.57533	0.02438	0.03149	0.03149	0.02337	0.03353	0.01930	0.02540	0.01626	0.00914	0.01016	0.00305	0.01219	0.00914	0.00508	0.01626
5	0.49765	0.02393	0.08233	0.01663	0.02432	0.02267	0.01528	0.06860	0.02167	0.11729	0.01897	0.02023	0.01367	0.01017	0.00754	0.00318	0.00910	0.00668	0.00724	0.01286
6	0.01466	0.01100	0.01649	0.01649	0.01833	0.01283	0.01283	0.01833	0.01649	0.02382	0.02749	0.04032	0.02566	0.07697	0.59868	0.01649	0.02749	0.01100	0.00550	0.00916
7	0.01365	0.00975	0.01322	0.01560	0.01669	0.00932	0.01151	0.01626	0.02077	0.02748	0.05593	0.48621	0.06538	0.03107	0.01340	0.00433	0.00694	0.16433	0.00950	0.00865
8	0.18722	0.02489	0.02618	0.02049	0.02825	0.02706	0.01692	0.34623	0.03832	0.14836	0.02506	0.02464	0.01741	0.01177	0.00942	0.00312	0.01013	0.00862	0.00982	0.01607
9	0.03516	0.02377	0.02636	0.02143	0.02864	0.02588	0.01731	0.24783	0.24457	0.16333	0.03466	0.03214	0.02456	0.01303	0.01035	0.00326	0.00951	0.01039	0.01084	0.01698
10	0.01962	0.01822	0.03048	0.45284	0.14987	0.02142	0.02685	0.02576	0.02090	0.02746	0.02278	0.09591	0.02028	0.01256	0.01057	0.00344	0.01255	0.01141	0.00521	0.01187
11	0.01492	0.00995	0.01119	0.01119	0.01119	0.00995	0.00622	0.01492	0.01492	0.01990	0.03233	0.06716	0.03731	0.63935	0.05223	0.00995	0.00995	0.01492	0.00622	0.00622
12	0.02992	0.02423	0.02568	0.02177	0.02836	0.02758	0.01731	0.21305	0.39112	0.05001	0.03619	0.03384	0.02681	0.01340	0.01038	0.00335	0.00915	0.01083	0.01038	0.01664
13	0.01250	0.00893	0.01191	0.01429	0.01488	0.00834	0.00953	0.01429	0.01965	0.02620	0.05656	0.63265	0.06787	0.03215	0.01310	0.00417	0.00595	0.02917	0.00953	0.00834
14	0.02296	0.02189	0.03725	0.28648	0.37090	0.02374	0.03028	0.02936	0.02221	0.03057	0.01887	0.02619	0.01521	0.00960	0.01020	0.00320	0.01279	0.00913	0.00487	0.01429
15	0.03595	0.24822	0.03795	0.02061	0.02898	0.03237	0.01812	0.28156	0.03548	0.13077	0.02339	0.02331	0.01715	0.01111	0.00895	0.00278	0.01078	0.00806	0.00854	0.01592
16	0.64998	0.02008	0.01655	0.01470	0.02048	0.02378	0.01213	0.02968	0.01731	0.04413	0.01422	0.01719	0.01133	0.01028	0.00880	0.00329	0.06291	0.00586	0.00618	0.01112
17	0.02744	0.64552	0.05378	0.01756	0.02634	0.04061	0.01756	0.03073	0.02085	0.02414	0.01427	0.01646	0.01317	0.00878	0.00658	0.00219	0.01097	0.00549	0.00439	0.01317
18	0.02109	0.01998	0.03386	0.45839	0.21365	0.02325	0.02935	0.02771	0.02133	0.02829	0.01854	0.02680	0.01441	0.00994	0.01023	0.00331	0.01326	0.00913	0.00471	0.01278
19	0.02128	0.01824	0.02128	0.01520	0.02432	0.01368	0.01216	0.02584	0.02128	0.03344	0.01824	0.02128	0.01520	0.00760	0.00760	0.00152	0.00760	0.00608	0.00608	0.70208
20	0.02245	0.02245	0.03143	0.02694	0.02694	0.03143	0.02245	0.02470	0.01572	0.02470	0.01347	0.02245	0.01347	0.01796	0.03368	0.00449	0.62057	0.00898	0.00449	0.01123
21	0.01479	0.02144	0.17460	0.01853	0.02325	0.01273	0.01757	0.01945	0.02022	0.02798	0.04575	0.45956	0.05233	0.02580	0.01215	0.00391	0.00856	0.02306	0.00805	0.01027
22	0.01566	0.01118	0.01553	0.01789	0.01987	0.01105	0.01500	0.01974	0.02276	0.02972	0.05482	0.22870	0.06099	0.02918	0.01394	0.00460	0.00869	0.40202	0.00947	0.00921
23	0.02416	0.02280	0.03847	0.05729	0.51160	0.02271	0.02901	0.03011	0.02401	0.03439	0.08197	0.03123	0.02542	0.01049	0.01038	0.00307	0.01135	0.01022	0.00579	0.01551
24	0.01490	0.01003	0.01162	0.01162	0.01177	0.01018	0.00675	0.01520	0.01505	0.02022	0.03194	0.06498	0.03637	0.59381	0.09648	0.01048	0.01137	0.01461	0.00616	0.00646

[dist]
# distance from previous block
# <min> <max>
0	0

# created by:
# /st0/software/busco_prod/Augustus/scripts/msa2prfl.pl ./align_prep/6629.fa
