[name]
unknown

[dist]
# distance from previous block
# <min> <max>
0	660

[block]
# block no. 0 follows, 12 sequences, length 9
# corresponding to MSA columns:
# 768-776
name=unknown_A
#
# <colnr> <probs for GDERKNQSTAVLIFYWHMCP>
#	G	D	E	R	K	N	Q	S	T	A	V	L	I	F	Y	W	H	M	C	P
0	0.69383	0.02109	0.01603	0.01434	0.02109	0.02446	0.01181	0.03205	0.01856	0.04892	0.01518	0.01771	0.01181	0.01012	0.00675	0.00337	0.00843	0.00590	0.00675	0.01181
1	0.03176	0.02573	0.02727	0.02313	0.03012	0.02929	0.01838	0.20503	0.37445	0.05309	0.03849	0.03599	0.02851	0.01424	0.01103	0.00356	0.00972	0.01151	0.01103	0.01767
2	0.01567	0.01133	0.01574	0.01574	0.01707	0.01266	0.01140	0.01832	0.01699	0.02399	0.03084	0.05188	0.03118	0.25139	0.40935	0.01532	0.02330	0.01301	0.00608	0.00874
3	0.69383	0.02109	0.01603	0.01434	0.02109	0.02446	0.01181	0.03205	0.01856	0.04892	0.01518	0.01771	0.01181	0.01012	0.00675	0.00337	0.00843	0.00590	0.00675	0.01181
4	0.02187	0.05640	0.56031	0.03108	0.04719	0.02532	0.04029	0.03453	0.02302	0.03453	0.01957	0.02302	0.01381	0.01036	0.01036	0.00345	0.01611	0.00806	0.00460	0.01611
5	0.04892	0.01856	0.02530	0.01940	0.02783	0.01603	0.01603	0.05314	0.03121	0.55634	0.04302	0.03711	0.02699	0.01350	0.01096	0.00337	0.00928	0.01096	0.01350	0.01856
6	0.01654	0.01061	0.01406	0.01406	0.01461	0.01117	0.00931	0.01647	0.01592	0.02178	0.02908	0.05381	0.03101	0.32180	0.19931	0.17881	0.01559	0.01309	0.00593	0.00703
7	0.02223	0.02057	0.03442	0.35186	0.21823	0.02326	0.02966	0.02896	0.02318	0.03093	0.02465	0.04044	0.02158	0.01299	0.01140	0.00369	0.01346	0.06935	0.00569	0.01348
8	0.18287	0.01513	0.01712	0.01568	0.02045	0.01491	0.01206	0.03243	0.02387	0.20190	0.04115	0.21838	0.03821	0.01930	0.01052	0.00361	0.00759	0.01617	0.09587	0.01278

[dist]
# distance from previous block
# <min> <max>
1	23

[block]
# block no. 1 follows, 12 sequences, length 15
# corresponding to MSA columns:
# 800-814
name=unknown_B
#
# <colnr> <probs for GDERKNQSTAVLIFYWHMCP>
#	G	D	E	R	K	N	Q	S	T	A	V	L	I	F	Y	W	H	M	C	P
0	0.34816	0.08354	0.02615	0.07569	0.03072	0.09944	0.01682	0.08064	0.02525	0.09536	0.01970	0.02187	0.01478	0.01090	0.00842	0.00321	0.01127	0.00731	0.00729	0.01348
1	0.01758	0.01357	0.01839	0.01628	0.01991	0.01309	0.04610	0.02536	0.07897	0.04173	0.36911	0.07182	0.12159	0.02016	0.01218	0.00341	0.00646	0.01786	0.07522	0.01119
2	0.01543	0.01115	0.01457	0.01372	0.01629	0.01029	0.01029	0.02058	0.03086	0.04372	0.54304	0.08145	0.10288	0.02229	0.01286	0.00343	0.00514	0.01972	0.01200	0.01029
3	0.01463	0.01063	0.01326	0.01484	0.01629	0.01004	0.01069	0.01697	0.02150	0.02783	0.06353	0.31070	0.14799	0.14633	0.02213	0.00562	0.00780	0.12107	0.00942	0.00873
4	0.02699	0.02591	0.04426	0.06693	0.54879	0.02591	0.03346	0.03346	0.02483	0.03562	0.02051	0.02699	0.01727	0.00972	0.01079	0.00324	0.01295	0.00972	0.00540	0.01727
5	0.01417	0.01110	0.01283	0.01240	0.01552	0.00975	0.00930	0.01814	0.02789	0.03667	0.32930	0.09305	0.32102	0.02492	0.01287	0.00355	0.00533	0.02135	0.01108	0.00975
6	0.01543	0.01115	0.01457	0.01372	0.01629	0.01029	0.01029	0.02058	0.03086	0.04372	0.54304	0.08145	0.10288	0.02229	0.01286	0.00343	0.00514	0.01972	0.01200	0.01029
7	0.02261	0.01938	0.02261	0.01615	0.02584	0.01453	0.01292	0.02745	0.02261	0.03553	0.01938	0.02261	0.01615	0.00807	0.00807	0.00161	0.00807	0.00646	0.00646	0.68346
8	0.01520	0.01179	0.01427	0.01551	0.01861	0.01086	0.01287	0.01908	0.02498	0.03102	0.08440	0.11386	0.30640	0.02885	0.01396	0.00434	0.00775	0.24654	0.01008	0.00962
9	0.16661	0.15452	0.24296	0.02360	0.03495	0.02916	0.02593	0.09865	0.02624	0.07505	0.02024	0.02220	0.01494	0.01068	0.00907	0.00319	0.01265	0.00760	0.00649	0.01529
10	0.60515	0.10144	0.02151	0.01491	0.02201	0.02695	0.01272	0.03213	0.01904	0.04582	0.01518	0.01768	0.01210	0.01002	0.00678	0.00323	0.00886	0.00589	0.00647	0.01210
11	0.03343	0.19793	0.14248	0.02825	0.08692	0.03236	0.02484	0.19740	0.03325	0.08988	0.02276	0.02421	0.01698	0.01121	0.00971	0.00305	0.01256	0.00846	0.00762	0.01668
12	0.02700	0.02390	0.12009	0.08340	0.10206	0.01786	0.02261	0.03298	0.02551	0.16827	0.04579	0.10490	0.10110	0.01767	0.01176	0.00369	0.01078	0.05750	0.00885	0.01428
13	0.01902	0.07704	0.02498	0.02631	0.12769	0.01681	0.01659	0.02269	0.02277	0.03059	0.04785	0.27691	0.09295	0.02301	0.01200	0.00368	0.00868	0.06357	0.00822	0.07865
14	0.01616	0.01710	0.08677	0.01573	0.01965	0.01251	0.01364	0.02099	0.02532	0.03540	0.29592	0.07081	0.11183	0.14249	0.06359	0.00593	0.00954	0.01708	0.00932	0.01020

[dist]
# distance from previous block
# <min> <max>
0	22

[block]
# block no. 2 follows, 12 sequences, length 6
# corresponding to MSA columns:
# 837-842
name=unknown_C
#
# <colnr> <probs for GDERKNQSTAVLIFYWHMCP>
#	G	D	E	R	K	N	Q	S	T	A	V	L	I	F	Y	W	H	M	C	P
0	0.03650	0.05296	0.14960	0.02876	0.03673	0.45023	0.02538	0.04152	0.02913	0.02844	0.01746	0.02042	0.01399	0.01104	0.00995	0.00295	0.01887	0.00725	0.00539	0.01342
1	0.54317	0.02900	0.13806	0.01809	0.02694	0.02465	0.01819	0.03261	0.01956	0.04569	0.01617	0.01890	0.01226	0.01017	0.00756	0.00339	0.01016	0.00639	0.00627	0.01277
2	0.19324	0.03427	0.26188	0.02281	0.03239	0.02169	0.02518	0.02950	0.02027	0.03555	0.02125	0.02742	0.01721	0.03110	0.17352	0.00753	0.01795	0.00856	0.00552	0.01315
3	0.02142	0.01905	0.02640	0.02011	0.02761	0.01647	0.06988	0.02639	0.02346	0.03523	0.09021	0.07564	0.03153	0.01286	0.01179	0.00254	0.05341	0.01100	0.00722	0.41776
4	0.02574	0.02941	0.06434	0.04596	0.05699	0.02757	0.50919	0.03493	0.02574	0.03493	0.02206	0.02941	0.01654	0.00919	0.01287	0.00368	0.01838	0.01287	0.00551	0.01471
5	0.02073	0.01782	0.02794	0.08494	0.22117	0.01800	0.02303	0.02633	0.02536	0.03436	0.10002	0.07320	0.08247	0.01981	0.01271	0.00396	0.01061	0.17657	0.00810	0.01287

[dist]
# distance from previous block
# <min> <max>
0	1

[block]
# block no. 3 follows, 12 sequences, length 20
# corresponding to MSA columns:
# 844-851,853-864
name=unknown_D
#
# <colnr> <probs for GDERKNQSTAVLIFYWHMCP>
#	G	D	E	R	K	N	Q	S	T	A	V	L	I	F	Y	W	H	M	C	P
0	0.18979	0.02213	0.02589	0.19358	0.04101	0.02564	0.02007	0.13559	0.10822	0.04574	0.06634	0.03179	0.02487	0.01272	0.01008	0.00349	0.01081	0.01003	0.00816	0.01406
1	0.04250	0.01876	0.02465	0.01861	0.02735	0.01566	0.01527	0.04687	0.02911	0.42934	0.03725	0.03358	0.02435	0.01217	0.01026	0.00294	0.00898	0.00987	0.01178	0.18069
2	0.08887	0.11267	0.03579	0.02421	0.03203	0.07027	0.06947	0.13028	0.03089	0.20810	0.02702	0.02744	0.01918	0.01240	0.01226	0.00331	0.06144	0.00939	0.00903	0.01595
3	0.02461	0.24054	0.35067	0.02831	0.04174	0.03139	0.07485	0.03395	0.02298	0.03164	0.01834	0.02177	0.01411	0.00992	0.00948	0.00310	0.01485	0.00775	0.00470	0.01529
4	0.01510	0.01168	0.01412	0.01507	0.01815	0.01070	0.01234	0.01905	0.02560	0.03230	0.13507	0.10988	0.29787	0.02808	0.01378	0.00421	0.00735	0.20970	0.01029	0.00967
5	0.02375	0.01789	0.02776	0.15995	0.08390	0.01871	0.05807	0.06807	0.02592	0.08818	0.03910	0.21437	0.03908	0.02018	0.01241	0.00393	0.01098	0.06647	0.00851	0.01279
6	0.13964	0.02320	0.02590	0.02043	0.02813	0.02418	0.01677	0.23966	0.03769	0.22126	0.08389	0.03421	0.02906	0.01373	0.01050	0.00334	0.00986	0.01063	0.01123	0.01667
7	0.02187	0.05640	0.56031	0.03108	0.04719	0.02532	0.04029	0.03453	0.02302	0.03453	0.01957	0.02302	0.01381	0.01036	0.01036	0.00345	0.01611	0.00806	0.00460	0.01611
8	0.03103	0.01763	0.02156	0.01840	0.02418	0.01760	0.01452	0.04389	0.18700	0.22712	0.20857	0.05287	0.05402	0.01681	0.01163	0.00349	0.00771	0.01428	0.01225	0.01542
9	0.03494	0.01835	0.02281	0.01909	0.02507	0.01782	0.01507	0.14746	0.03334	0.25949	0.09689	0.17823	0.04411	0.01936	0.01187	0.00361	0.00875	0.01650	0.01191	0.01531
10	0.01486	0.01124	0.01388	0.01418	0.01693	0.01026	0.01100	0.01899	0.02713	0.03596	0.28012	0.13891	0.23001	0.02635	0.01336	0.00388	0.00626	0.10597	0.01091	0.00979
11	0.10208	0.01822	0.02035	0.01787	0.02344	0.01901	0.01399	0.07671	0.15238	0.17424	0.04056	0.12437	0.03343	0.01650	0.01047	0.00348	0.00811	0.01365	0.11646	0.01468
12	0.02353	0.02074	0.03245	0.18924	0.24221	0.02222	0.02572	0.07757	0.02584	0.03516	0.03024	0.16643	0.02976	0.01621	0.01158	0.00363	0.01169	0.01479	0.00695	0.01403
13	0.03317	0.02617	0.11099	0.11933	0.03910	0.02228	0.02267	0.04736	0.18018	0.22805	0.03570	0.03460	0.02471	0.01295	0.01090	0.00353	0.01106	0.01070	0.00988	0.01668
14	0.01328	0.00949	0.01265	0.01518	0.01581	0.00886	0.01012	0.01518	0.02088	0.02783	0.06010	0.60969	0.07212	0.03416	0.01392	0.00443	0.00633	0.03100	0.01012	0.00886
15	0.03679	0.02823	0.03010	0.02414	0.03204	0.03164	0.01960	0.36464	0.20665	0.06120	0.03210	0.03089	0.02334	0.01364	0.01097	0.00341	0.01090	0.01063	0.01097	0.01813
16	0.10701	0.02751	0.03260	0.07544	0.11737	0.12439	0.05854	0.04033	0.02640	0.19525	0.02574	0.02786	0.01858	0.01205	0.01251	0.00341	0.06240	0.00942	0.00800	0.01518
17	0.01328	0.00949	0.01265	0.01518	0.01581	0.00886	0.01012	0.01518	0.02088	0.02783	0.06010	0.60969	0.07212	0.03416	0.01392	0.00443	0.00633	0.03100	0.01012	0.00886
18	0.17762	0.02372	0.02999	0.22262	0.04585	0.06748	0.06129	0.03565	0.06552	0.08957	0.02265	0.02723	0.01691	0.01183	0.01196	0.00358	0.05709	0.00923	0.00681	0.01339
19	0.08485	0.11361	0.13212	0.02333	0.03365	0.02326	0.07153	0.03916	0.02548	0.20756	0.02660	0.02709	0.01870	0.01075	0.00970	0.00299	0.01158	0.00878	0.00811	0.12114

[dist]
# distance from previous block
# <min> <max>
3	38

[block]
# block no. 4 follows, 12 sequences, length 48
# corresponding to MSA columns:
# 912-959
name=unknown_E
#
# <colnr> <probs for GDERKNQSTAVLIFYWHMCP>
#	G	D	E	R	K	N	Q	S	T	A	V	L	I	F	Y	W	H	M	C	P
0	0.14056	0.02057	0.02282	0.02331	0.08261	0.06155	0.01606	0.03710	0.06407	0.19431	0.04326	0.13452	0.07983	0.01726	0.01085	0.00355	0.00947	0.01431	0.00978	0.01421
1	0.03075	0.02151	0.07568	0.02098	0.02854	0.01680	0.04824	0.06822	0.02738	0.21579	0.03869	0.17943	0.03427	0.01730	0.01130	0.00337	0.00974	0.01513	0.00991	0.12696
2	0.02919	0.07334	0.12723	0.03755	0.18285	0.02523	0.06336	0.03795	0.06646	0.11946	0.02521	0.02801	0.01901	0.01125	0.01203	0.00326	0.04987	0.00952	0.00705	0.07216
3	0.03955	0.05000	0.03107	0.02813	0.03335	0.53532	0.02126	0.04233	0.02991	0.02665	0.01668	0.01996	0.01406	0.01178	0.01164	0.00295	0.06000	0.00720	0.00556	0.01259
4	0.02265	0.01556	0.01847	0.01700	0.01980	0.01624	0.01271	0.13531	0.02732	0.03666	0.09145	0.06504	0.04268	0.21828	0.03116	0.10713	0.01004	0.09377	0.00855	0.01018
5	0.02855	0.02413	0.02546	0.02248	0.02890	0.02779	0.01761	0.10341	0.48129	0.04792	0.04256	0.03923	0.03181	0.01462	0.01108	0.00366	0.00897	0.01208	0.01108	0.01739
6	0.03314	0.19601	0.03935	0.05871	0.03432	0.02907	0.05903	0.14390	0.03058	0.12361	0.02374	0.02526	0.01775	0.01072	0.00945	0.00278	0.01146	0.00850	0.00791	0.13470
7	0.57719	0.01980	0.01615	0.01431	0.02076	0.02239	0.01171	0.03300	0.01995	0.08684	0.01935	0.02149	0.01458	0.01064	0.00716	0.00329	0.00816	0.00672	0.07436	0.01216
8	0.01564	0.01048	0.01196	0.01217	0.01222	0.01043	0.00690	0.01580	0.01628	0.02170	0.03651	0.11633	0.04235	0.56813	0.05202	0.01006	0.01022	0.01712	0.00690	0.00679
9	0.01478	0.01112	0.01367	0.01303	0.01589	0.01001	0.00977	0.01931	0.02932	0.04005	0.43175	0.08749	0.21646	0.02366	0.01287	0.00349	0.00524	0.02057	0.01152	0.01001
10	0.02194	0.02624	0.11577	0.33789	0.10862	0.02425	0.02967	0.02929	0.02195	0.03041	0.01909	0.02674	0.01486	0.01107	0.01260	0.00343	0.06325	0.00906	0.00504	0.08883
11	0.02403	0.01812	0.02066	0.01978	0.02422	0.01978	0.01514	0.04229	0.30179	0.07909	0.04992	0.21074	0.04644	0.02155	0.01223	0.00399	0.00814	0.05683	0.01091	0.01434
12	0.02159	0.08850	0.07088	0.11564	0.03258	0.02274	0.01917	0.07226	0.02346	0.03117	0.03624	0.13088	0.07815	0.10819	0.02111	0.00476	0.08936	0.01465	0.00700	0.01166
13	0.24076	0.12606	0.03271	0.08466	0.03400	0.02546	0.06612	0.03833	0.02408	0.19408	0.02473	0.02597	0.01755	0.01099	0.00914	0.00325	0.01093	0.00854	0.00808	0.01455
14	0.02109	0.01230	0.01628	0.01483	0.01826	0.01117	0.01128	0.02580	0.03008	0.13183	0.41485	0.11848	0.08703	0.02176	0.01262	0.00350	0.00597	0.01915	0.01210	0.01161
15	0.24624	0.02192	0.02364	0.01910	0.02683	0.02287	0.01566	0.12720	0.08058	0.26216	0.03155	0.02952	0.02142	0.01250	0.00965	0.00339	0.00943	0.00933	0.01070	0.01632
16	0.01515	0.01113	0.01418	0.01342	0.01611	0.01017	0.01006	0.02002	0.03019	0.04212	0.49433	0.08409	0.15259	0.02289	0.01286	0.00346	0.00519	0.02009	0.01179	0.01017
17	0.07266	0.01101	0.01062	0.01049	0.01335	0.01127	0.00795	0.02592	0.02253	0.04129	0.03399	0.03887	0.02669	0.01250	0.00755	0.00261	0.00534	0.00983	0.62523	0.01029
18	0.02373	0.02050	0.03353	0.43329	0.12030	0.02473	0.02894	0.03019	0.02233	0.06755	0.02074	0.02891	0.01574	0.01178	0.01338	0.00368	0.07223	0.00977	0.00554	0.01315
19	0.69383	0.02109	0.01603	0.01434	0.02109	0.02446	0.01181	0.03205	0.01856	0.04892	0.01518	0.01771	0.01181	0.01012	0.00675	0.00337	0.00843	0.00590	0.00675	0.01181
20	0.07322	0.01862	0.02227	0.06006	0.02857	0.01565	0.01417	0.02879	0.02277	0.07576	0.02431	0.07292	0.02122	0.01104	0.00891	0.00227	0.00854	0.00907	0.00721	0.47463
21	0.01558	0.01168	0.01752	0.01752	0.01947	0.01363	0.01363	0.01947	0.01752	0.02531	0.02921	0.04283	0.02726	0.08178	0.57360	0.01752	0.02921	0.01168	0.00584	0.00974
22	0.09120	0.09189	0.03045	0.02040	0.02921	0.02659	0.01711	0.22790	0.03513	0.13179	0.02505	0.02537	0.01823	0.01127	0.00944	0.00279	0.01028	0.00841	0.00919	0.17828
23	0.02565	0.02319	0.03485	0.12582	0.27612	0.02260	0.02557	0.06419	0.02552	0.03675	0.02038	0.02585	0.01660	0.00961	0.00995	0.00278	0.01157	0.00868	0.00604	0.22828
24	0.02836	0.06893	0.11398	0.07950	0.12749	0.02342	0.07288	0.07335	0.02675	0.11476	0.02830	0.09289	0.02389	0.01331	0.01086	0.00332	0.01225	0.01186	0.00749	0.06641
25	0.01328	0.00949	0.01265	0.01518	0.01581	0.00886	0.01012	0.01518	0.02088	0.02783	0.06010	0.60969	0.07212	0.03416	0.01392	0.00443	0.00633	0.03100	0.01012	0.00886
26	0.01581	0.01136	0.01423	0.01482	0.01682	0.01104	0.01060	0.02164	0.06743	0.03654	0.24781	0.31145	0.07777	0.02627	0.01280	0.00383	0.00596	0.02344	0.06015	0.01022
27	0.02571	0.07996	0.12723	0.20138	0.14080	0.07238	0.02885	0.06890	0.02599	0.03381	0.02342	0.03505	0.01996	0.01258	0.01079	0.00346	0.01407	0.05547	0.00595	0.01424
28	0.04212	0.02819	0.14782	0.02254	0.03275	0.01965	0.02195	0.08783	0.03104	0.39613	0.03625	0.03297	0.02327	0.01275	0.01082	0.00338	0.01107	0.01021	0.01125	0.01800
29	0.01894	0.00947	0.01420	0.01420	0.01420	0.00947	0.00947	0.01420	0.01420	0.01894	0.01894	0.03314	0.01894	0.03788	0.04261	0.68277	0.00947	0.00947	0.00473	0.00473
30	0.02430	0.13591	0.16755	0.12007	0.08459	0.03049	0.02830	0.03290	0.06312	0.03084	0.01958	0.02503	0.01599	0.01277	0.01635	0.00362	0.16025	0.00880	0.00530	0.01424
31	0.03475	0.02250	0.03397	0.15880	0.21016	0.02305	0.02537	0.09293	0.02934	0.21614	0.02862	0.03081	0.02016	0.01165	0.01089	0.00337	0.01193	0.01015	0.00867	0.01674
32	0.01773	0.01016	0.01480	0.01480	0.01530	0.01066	0.01022	0.01575	0.01524	0.02083	0.02332	0.03994	0.02341	0.11435	0.18067	0.43594	0.01467	0.01076	0.00523	0.00623
33	0.03260	0.51783	0.05158	0.01879	0.02796	0.03841	0.01820	0.03622	0.02373	0.11826	0.02002	0.02091	0.01626	0.01006	0.00769	0.00251	0.01124	0.00673	0.00621	0.01479
34	0.02940	0.02915	0.16219	0.03270	0.15420	0.02095	0.02503	0.07279	0.02746	0.15372	0.07719	0.03839	0.02937	0.08054	0.01596	0.00417	0.01183	0.01123	0.00821	0.01550
35	0.02430	0.02839	0.14938	0.09359	0.07946	0.02211	0.09688	0.03586	0.11203	0.07823	0.03369	0.13647	0.02972	0.01558	0.01166	0.00370	0.01237	0.01427	0.00771	0.01462
36	0.14155	0.02455	0.02998	0.07597	0.08937	0.07364	0.02227	0.02907	0.01962	0.03135	0.01706	0.02483	0.01530	0.02045	0.06926	0.00518	0.28391	0.00891	0.00535	0.01240
37	0.32981	0.02667	0.12443	0.01898	0.02731	0.02193	0.01832	0.03669	0.06505	0.12479	0.08225	0.03087	0.02661	0.01245	0.00916	0.00342	0.00971	0.00921	0.00834	0.01399
38	0.04008	0.02986	0.03195	0.02481	0.03329	0.03317	0.02039	0.46906	0.09687	0.06651	0.02792	0.02756	0.01995	0.01325	0.01093	0.00331	0.01168	0.01006	0.01093	0.01842
39	0.02187	0.05640	0.56031	0.03108	0.04719	0.02532	0.04029	0.03453	0.02302	0.03453	0.01957	0.02302	0.01381	0.01036	0.01036	0.00345	0.01611	0.00806	0.00460	0.01611
40	0.04073	0.05197	0.03090	0.02809	0.03371	0.57303	0.02107	0.04354	0.03090	0.02669	0.01685	0.01966	0.01404	0.01124	0.00983	0.00281	0.01966	0.00702	0.00562	0.01264
41	0.02407	0.22746	0.40850	0.02733	0.04140	0.03070	0.03376	0.03396	0.02276	0.03185	0.01824	0.02135	0.01387	0.01005	0.00934	0.00311	0.01477	0.00739	0.00462	0.01547
42	0.02956	0.02657	0.02641	0.02340	0.06916	0.12589	0.01686	0.03655	0.07360	0.08688	0.02373	0.02556	0.01855	0.01001	0.00921	0.00235	0.01090	0.00784	0.00736	0.36964
43	0.01809	0.01419	0.01755	0.01462	0.01982	0.01186	0.01126	0.02312	0.02781	0.04069	0.34936	0.05969	0.07080	0.01703	0.01109	0.00276	0.00623	0.01481	0.00995	0.25926
44	0.09981	0.27322	0.04006	0.02049	0.02923	0.03395	0.01827	0.19482	0.03290	0.12659	0.02324	0.02351	0.01736	0.01131	0.00890	0.00291	0.01109	0.00798	0.00834	0.01602
45	0.03085	0.07457	0.06626	0.07333	0.07208	0.11941	0.02097	0.06593	0.02913	0.13112	0.10710	0.04569	0.03592	0.01521	0.01113	0.00340	0.01216	0.06299	0.00864	0.01411
46	0.01768	0.01416	0.01435	0.01507	0.01588	0.06605	0.00976	0.01817	0.01915	0.02408	0.04099	0.27357	0.04752	0.26192	0.03313	0.08306	0.00969	0.02021	0.00768	0.00788
47	0.19404	0.07028	0.02539	0.01964	0.06338	0.02026	0.01463	0.02950	0.02171	0.03812	0.01805	0.02126	0.01495	0.00882	0.00785	0.00224	0.00882	0.00651	0.00631	0.40824

[dist]
# distance from previous block
# <min> <max>
0	3

[block]
# block no. 5 follows, 12 sequences, length 21
# corresponding to MSA columns:
# 963-983
name=unknown_F
#
# <colnr> <probs for GDERKNQSTAVLIFYWHMCP>
#	G	D	E	R	K	N	Q	S	T	A	V	L	I	F	Y	W	H	M	C	P
0	0.03088	0.07665	0.08987	0.07285	0.09217	0.02416	0.06870	0.10126	0.02853	0.12955	0.02449	0.02687	0.01798	0.01055	0.01008	0.00293	0.01196	0.00903	0.00763	0.16384
1	0.03030	0.38798	0.08570	0.02058	0.02917	0.11053	0.01970	0.07359	0.02593	0.03162	0.01876	0.02133	0.01580	0.01033	0.00804	0.00258	0.01246	0.00695	0.07468	0.01396
2	0.02574	0.02941	0.06434	0.04596	0.05699	0.02757	0.50919	0.03493	0.02574	0.03493	0.02206	0.02941	0.01654	0.00919	0.01287	0.00368	0.01838	0.01287	0.00551	0.01471
3	0.01370	0.00979	0.01313	0.01566	0.01647	0.00922	0.01085	0.01590	0.02129	0.02830	0.05987	0.56236	0.07120	0.03377	0.01403	0.00449	0.00669	0.07421	0.01011	0.00897
4	0.01562	0.01152	0.01670	0.01670	0.01836	0.01318	0.01260	0.01894	0.01728	0.02470	0.02996	0.04702	0.02908	0.16035	0.49751	0.01650	0.02647	0.01230	0.00595	0.00928
5	0.01678	0.01175	0.01477	0.01442	0.01670	0.01141	0.01047	0.02144	0.07268	0.03461	0.26573	0.12417	0.13457	0.02711	0.01964	0.15967	0.00664	0.01828	0.00979	0.00938
6	0.01915	0.01357	0.01655	0.01517	0.01839	0.01337	0.01151	0.08809	0.03205	0.04530	0.38451	0.12529	0.08255	0.02154	0.01231	0.00344	0.00620	0.01881	0.06092	0.01127
7	0.01710	0.01225	0.01330	0.01271	0.01433	0.01204	0.00814	0.05462	0.02092	0.02698	0.05310	0.07637	0.16654	0.41955	0.04116	0.00825	0.00940	0.01721	0.00784	0.00820
8	0.03632	0.01726	0.02205	0.01779	0.02433	0.01583	0.01435	0.09032	0.03265	0.32602	0.17267	0.05350	0.09440	0.01700	0.01162	0.00341	0.00818	0.01418	0.01253	0.01560
9	0.01852	0.01261	0.01522	0.01565	0.01811	0.01286	0.01222	0.02542	0.07759	0.03553	0.12819	0.08035	0.05467	0.12834	0.01990	0.00507	0.00810	0.16786	0.15353	0.01026
10	0.02956	0.12611	0.29661	0.08591	0.04251	0.02549	0.02998	0.03820	0.02481	0.16298	0.02476	0.02638	0.01721	0.01105	0.01008	0.00329	0.01358	0.00863	0.00686	0.01599
11	0.03151	0.50696	0.05179	0.02058	0.02915	0.15109	0.01915	0.03487	0.02394	0.02586	0.01550	0.01793	0.01400	0.00972	0.00757	0.00243	0.01329	0.00607	0.00486	0.01372
12	0.47667	0.02423	0.02158	0.01792	0.02532	0.02757	0.01478	0.19195	0.02944	0.05551	0.01884	0.02053	0.01405	0.01111	0.00813	0.00334	0.00962	0.00721	0.00813	0.01405
13	0.69383	0.02109	0.01603	0.01434	0.02109	0.02446	0.01181	0.03205	0.01856	0.04892	0.01518	0.01771	0.01181	0.01012	0.00675	0.00337	0.00843	0.00590	0.00675	0.01181
14	0.02337	0.01777	0.02271	0.08089	0.07758	0.01861	0.01685	0.03602	0.17717	0.08923	0.16586	0.05848	0.13477	0.01775	0.01175	0.00355	0.00837	0.01525	0.01018	0.01384
15	0.02915	0.62337	0.05714	0.01866	0.02799	0.04314	0.01866	0.03265	0.02215	0.02565	0.01516	0.01749	0.01399	0.00933	0.00700	0.00233	0.01166	0.00583	0.00466	0.01399
16	0.01328	0.00949	0.01265	0.01518	0.01581	0.00886	0.01012	0.01518	0.02088	0.02783	0.06010	0.60969	0.07212	0.03416	0.01392	0.00443	0.00633	0.03100	0.01012	0.00886
17	0.02187	0.05640	0.56031	0.03108	0.04719	0.02532	0.04029	0.03453	0.02302	0.03453	0.01957	0.02302	0.01381	0.01036	0.01036	0.00345	0.01611	0.00806	0.00460	0.01611
18	0.02617	0.02681	0.03663	0.13184	0.20980	0.08688	0.02779	0.03075	0.02174	0.02967	0.01746	0.02529	0.01530	0.01381	0.02069	0.00387	0.24724	0.00936	0.00508	0.01381
19	0.01970	0.01305	0.01711	0.01592	0.01759	0.01410	0.01149	0.02207	0.02021	0.07729	0.11387	0.05826	0.04316	0.27896	0.16138	0.00973	0.07431	0.01440	0.00777	0.00961
20	0.02596	0.12898	0.21184	0.02793	0.07403	0.12165	0.02606	0.03527	0.07309	0.03310	0.06483	0.07707	0.02778	0.01364	0.01035	0.00326	0.01343	0.01089	0.00651	0.01432

[dist]
# distance from previous block
# <min> <max>
1	2

[block]
# block no. 6 follows, 12 sequences, length 39
# corresponding to MSA columns:
# 986-1024
name=unknown_G
#
# <colnr> <probs for GDERKNQSTAVLIFYWHMCP>
#	G	D	E	R	K	N	Q	S	T	A	V	L	I	F	Y	W	H	M	C	P
0	0.02441	0.07459	0.07568	0.26144	0.11068	0.02577	0.02688	0.03030	0.02219	0.07080	0.02322	0.06934	0.01989	0.01373	0.01456	0.00367	0.10260	0.01086	0.00593	0.01345
1	0.16577	0.12165	0.03265	0.02173	0.02996	0.03291	0.01837	0.30547	0.07963	0.05615	0.02379	0.02435	0.01772	0.01206	0.00949	0.00318	0.01097	0.00863	0.00913	0.01640
2	0.02518	0.01251	0.01653	0.01530	0.01795	0.01204	0.01119	0.02627	0.02075	0.15510	0.03469	0.05403	0.03190	0.19346	0.07526	0.16314	0.01100	0.05302	0.06073	0.00994
3	0.03023	0.12993	0.22136	0.03176	0.11909	0.02765	0.02826	0.07989	0.07160	0.11912	0.02546	0.02683	0.01859	0.01121	0.01011	0.00324	0.01282	0.00896	0.00725	0.01666
4	0.02368	0.09653	0.36441	0.03460	0.04857	0.02754	0.18299	0.03449	0.02378	0.03389	0.01996	0.02452	0.01467	0.00991	0.01085	0.00343	0.01643	0.00935	0.00489	0.01550
5	0.02692	0.01414	0.01777	0.01644	0.02079	0.01331	0.01276	0.03307	0.07075	0.19688	0.09433	0.18635	0.09147	0.02158	0.01191	0.00371	0.00744	0.05572	0.09167	0.01301
6	0.01885	0.01714	0.02807	0.33031	0.05127	0.01925	0.06328	0.02481	0.02359	0.03084	0.12127	0.05050	0.09552	0.06225	0.01514	0.00415	0.01186	0.01376	0.00690	0.01124
7	0.12121	0.02735	0.02945	0.02282	0.03126	0.02965	0.01885	0.37612	0.04390	0.14971	0.02773	0.02703	0.01918	0.01280	0.01042	0.00330	0.01110	0.00954	0.01085	0.01773
8	0.01544	0.01207	0.01420	0.01410	0.01719	0.01131	0.01074	0.02148	0.06678	0.03640	0.26370	0.13405	0.25160	0.02530	0.01301	0.00377	0.00609	0.06154	0.01092	0.01031
9	0.01328	0.00949	0.01265	0.01518	0.01581	0.00886	0.01012	0.01518	0.02088	0.02783	0.06010	0.60969	0.07212	0.03416	0.01392	0.00443	0.00633	0.03100	0.01012	0.00886
10	0.01818	0.01089	0.01419	0.01501	0.01663	0.01012	0.01024	0.02028	0.02204	0.09150	0.09123	0.40766	0.06353	0.13037	0.02059	0.00527	0.00731	0.02512	0.01007	0.00975
11	0.02574	0.02941	0.06434	0.04596	0.05699	0.02757	0.50919	0.03493	0.02574	0.03493	0.02206	0.02941	0.01654	0.00919	0.01287	0.00368	0.01838	0.01287	0.00551	0.01471
12	0.02139	0.01616	0.01791	0.01637	0.02106	0.01652	0.01261	0.03507	0.21122	0.07820	0.18083	0.07092	0.21686	0.02064	0.01208	0.00361	0.00685	0.01744	0.01117	0.01310
13	0.03365	0.01830	0.02245	0.01890	0.02516	0.01819	0.01501	0.04667	0.19163	0.26557	0.16647	0.04917	0.04769	0.01608	0.01147	0.00349	0.00805	0.01356	0.01235	0.01610
14	0.01462	0.01041	0.01348	0.01408	0.01557	0.00975	0.00978	0.01785	0.02506	0.03465	0.28867	0.29153	0.08297	0.09856	0.01841	0.00469	0.00627	0.02377	0.01060	0.00927
15	0.04108	0.02268	0.02683	0.02149	0.02936	0.02324	0.01745	0.16033	0.17547	0.30072	0.03952	0.03559	0.02681	0.01377	0.01099	0.00344	0.00972	0.01108	0.01223	0.01819
16	0.01346	0.00963	0.01281	0.01506	0.01585	0.00897	0.01014	0.01563	0.02170	0.02914	0.09986	0.56620	0.07465	0.03318	0.01383	0.00435	0.00623	0.03007	0.01028	0.00897
17	0.04764	0.02061	0.02657	0.02037	0.02886	0.01907	0.01683	0.13167	0.03464	0.47297	0.04014	0.03524	0.02555	0.01343	0.01096	0.00336	0.00974	0.01077	0.01305	0.01855
18	0.01543	0.01115	0.01457	0.01372	0.01629	0.01029	0.01029	0.02058	0.03086	0.04372	0.54304	0.08145	0.10288	0.02229	0.01286	0.00343	0.00514	0.01972	0.01200	0.01029
19	0.17431	0.01999	0.02407	0.01886	0.02699	0.01907	0.01557	0.08509	0.03031	0.41892	0.03626	0.03246	0.02336	0.01280	0.01014	0.00337	0.00933	0.00989	0.01197	0.01724
20	0.02187	0.05640	0.56031	0.03108	0.04719	0.02532	0.04029	0.03453	0.02302	0.03453	0.01957	0.02302	0.01381	0.01036	0.01036	0.00345	0.01611	0.00806	0.00460	0.01611
21	0.02792	0.04212	0.37083	0.02587	0.03858	0.02136	0.03077	0.03772	0.02489	0.15552	0.02690	0.02839	0.01855	0.01136	0.01017	0.00333	0.01321	0.00898	0.08758	0.01596
22	0.09432	0.02558	0.10820	0.02127	0.03079	0.01954	0.01983	0.08505	0.03054	0.39719	0.03588	0.03255	0.02309	0.01271	0.01054	0.00338	0.01049	0.01003	0.01139	0.01765
23	0.02184	0.01291	0.01547	0.01491	0.01806	0.01267	0.01138	0.06730	0.02737	0.08421	0.14191	0.18470	0.05461	0.02100	0.01126	0.00348	0.00674	0.05369	0.22516	0.01133
24	0.07935	0.03210	0.16659	0.07660	0.04578	0.02469	0.20653	0.06939	0.02627	0.07923	0.02373	0.02821	0.01723	0.01058	0.01093	0.00345	0.01452	0.01034	0.05966	0.01483
25	0.01586	0.01057	0.01189	0.01189	0.01189	0.01057	0.00661	0.01586	0.01586	0.02114	0.03436	0.07135	0.03964	0.61681	0.05550	0.01057	0.01057	0.01586	0.00661	0.00661
26	0.02187	0.05640	0.56031	0.03108	0.04719	0.02532	0.04029	0.03453	0.02302	0.03453	0.01957	0.02302	0.01381	0.01036	0.01036	0.00345	0.01611	0.00806	0.00460	0.01611
27	0.02385	0.02385	0.03340	0.02863	0.02863	0.03340	0.02385	0.02624	0.01670	0.02624	0.01431	0.02385	0.01431	0.01908	0.03578	0.00477	0.59685	0.00954	0.00477	0.01193
28	0.02059	0.01938	0.03270	0.59060	0.07510	0.02422	0.03028	0.02786	0.02180	0.02786	0.01938	0.02907	0.01453	0.01090	0.01090	0.00363	0.01453	0.00969	0.00484	0.01211
29	0.02915	0.62337	0.05714	0.01866	0.02799	0.04314	0.01866	0.03265	0.02215	0.02565	0.01516	0.01749	0.01399	0.00933	0.00700	0.00233	0.01166	0.00583	0.00466	0.01399
30	0.01380	0.00986	0.01324	0.01577	0.01663	0.00930	0.01102	0.01607	0.02138	0.02841	0.05981	0.55114	0.07099	0.03367	0.01405	0.00450	0.00677	0.08446	0.01011	0.00900
31	0.02385	0.02385	0.03340	0.02863	0.02863	0.03340	0.02385	0.02624	0.01670	0.02624	0.01431	0.02385	0.01431	0.01908	0.03578	0.00477	0.59685	0.00954	0.00477	0.01193
32	0.01894	0.00947	0.01420	0.01420	0.01420	0.00947	0.00947	0.01420	0.01420	0.01894	0.01894	0.03314	0.01894	0.03788	0.04261	0.68277	0.00947	0.00947	0.00473	0.00473
33	0.69383	0.02109	0.01603	0.01434	0.02109	0.02446	0.01181	0.03205	0.01856	0.04892	0.01518	0.01771	0.01181	0.01012	0.00675	0.00337	0.00843	0.00590	0.00675	0.01181
34	0.04073	0.05197	0.03090	0.02809	0.03371	0.57303	0.02107	0.04354	0.03090	0.02669	0.01685	0.01966	0.01404	0.01124	0.00983	0.00281	0.01966	0.00702	0.00562	0.01264
35	0.01465	0.01054	0.01388	0.01425	0.01612	0.00977	0.01023	0.01862	0.02724	0.03795	0.36766	0.27327	0.09171	0.02660	0.01324	0.00379	0.00557	0.02381	0.01132	0.00977
36	0.01328	0.00949	0.01265	0.01518	0.01581	0.00886	0.01012	0.01518	0.02088	0.02783	0.06010	0.60969	0.07212	0.03416	0.01392	0.00443	0.00633	0.03100	0.01012	0.00886
37	0.01435	0.01070	0.01241	0.01264	0.01528	0.00955	0.00923	0.01787	0.02580	0.03451	0.23089	0.19316	0.27051	0.02607	0.01267	0.00366	0.00553	0.02256	0.06306	0.00955
38	0.02702	0.07204	0.04654	0.17724	0.22139	0.02656	0.15969	0.03401	0.02465	0.07334	0.02199	0.02817	0.01692	0.01012	0.01110	0.00339	0.01442	0.01036	0.00587	0.01520

[dist]
# distance from previous block
# <min> <max>
0	60

[block]
# block no. 7 follows, 12 sequences, length 21
# corresponding to MSA columns:
# 1089-1109
name=unknown_H
#
# <colnr> <probs for GDERKNQSTAVLIFYWHMCP>
#	G	D	E	R	K	N	Q	S	T	A	V	L	I	F	Y	W	H	M	C	P
0	0.06240	0.10064	0.01989	0.01526	0.01808	0.01530	0.01153	0.02026	0.02345	0.03299	0.17330	0.34833	0.06733	0.02587	0.01215	0.00380	0.00695	0.02274	0.00957	0.01017
1	0.04002	0.01659	0.02245	0.01789	0.02477	0.01450	0.01450	0.04449	0.03112	0.42017	0.17585	0.04889	0.04715	0.01583	0.01147	0.00339	0.00818	0.01329	0.01310	0.01636
2	0.01582	0.01072	0.01263	0.01263	0.01288	0.01097	0.00753	0.01633	0.01607	0.02169	0.03368	0.06762	0.03802	0.54680	0.12329	0.01148	0.01301	0.01531	0.00651	0.00702
3	0.02300	0.01563	0.01288	0.01251	0.01545	0.08382	0.00938	0.02778	0.02392	0.03882	0.03312	0.03790	0.02613	0.01251	0.00791	0.00258	0.00699	0.00975	0.58944	0.01049
4	0.02915	0.62337	0.05714	0.01866	0.02799	0.04314	0.01866	0.03265	0.02215	0.02565	0.01516	0.01749	0.01399	0.00933	0.00700	0.00233	0.01166	0.00583	0.00466	0.01399
5	0.01385	0.00989	0.01330	0.01582	0.01670	0.00934	0.01110	0.01615	0.02143	0.02846	0.05979	0.54601	0.07089	0.03363	0.01407	0.00451	0.00681	0.08915	0.01011	0.00901
6	0.17651	0.03030	0.07040	0.02211	0.03050	0.10489	0.01915	0.16833	0.03323	0.20092	0.02701	0.02647	0.01862	0.01210	0.00986	0.00327	0.01192	0.00880	0.00952	0.01609
7	0.03931	0.01941	0.03071	0.07615	0.03551	0.01785	0.09191	0.04434	0.02850	0.37663	0.03928	0.09059	0.02861	0.01460	0.01153	0.00355	0.01087	0.01307	0.01115	0.01643
8	0.02915	0.62337	0.05714	0.01866	0.02799	0.04314	0.01866	0.03265	0.02215	0.02565	0.01516	0.01749	0.01399	0.00933	0.00700	0.00233	0.01166	0.00583	0.00466	0.01399
9	0.02261	0.01938	0.02261	0.01615	0.02584	0.01453	0.01292	0.02745	0.02261	0.03553	0.01938	0.02261	0.01615	0.00807	0.00807	0.00161	0.00807	0.00646	0.00646	0.68346
10	0.02662	0.04975	0.46635	0.02903	0.04379	0.02369	0.03602	0.03780	0.02446	0.12617	0.02369	0.02550	0.01613	0.01091	0.01047	0.00344	0.01491	0.00857	0.00617	0.01654
11	0.01383	0.00991	0.01314	0.01481	0.01593	0.00922	0.01016	0.01654	0.02340	0.03185	0.18207	0.47628	0.07989	0.03116	0.01365	0.00418	0.00603	0.02815	0.01060	0.00922
12	0.01586	0.01057	0.01189	0.01189	0.01189	0.01057	0.00661	0.01586	0.01586	0.02114	0.03436	0.07135	0.03964	0.61681	0.05550	0.01057	0.01057	0.01586	0.00661	0.00661
13	0.02406	0.04085	0.32741	0.07611	0.04544	0.02377	0.09595	0.03597	0.06292	0.07248	0.06665	0.03153	0.02400	0.01179	0.01104	0.00351	0.01433	0.01032	0.00648	0.01538
14	0.69383	0.02109	0.01603	0.01434	0.02109	0.02446	0.01181	0.03205	0.01856	0.04892	0.01518	0.01771	0.01181	0.01012	0.00675	0.00337	0.00843	0.00590	0.00675	0.01181
15	0.02399	0.02062	0.02324	0.01800	0.02661	0.01839	0.01425	0.03680	0.17784	0.03862	0.02704	0.02815	0.02140	0.01013	0.00900	0.00225	0.00824	0.00826	0.00788	0.47928
16	0.02431	0.02587	0.08741	0.32811	0.21918	0.02559	0.03154	0.06682	0.02510	0.03404	0.02027	0.02761	0.01563	0.01064	0.01082	0.00346	0.01400	0.00955	0.00545	0.01462
17	0.52258	0.08169	0.02199	0.01630	0.02335	0.07066	0.01358	0.03479	0.02096	0.08675	0.01762	0.01945	0.01346	0.01041	0.00737	0.00323	0.00974	0.00641	0.00701	0.01265
18	0.02843	0.27660	0.15225	0.02476	0.03307	0.08027	0.02467	0.07195	0.02424	0.03125	0.01693	0.02095	0.01440	0.01217	0.01464	0.00322	0.14314	0.00754	0.00527	0.01424
19	0.02308	0.01513	0.05052	0.01463	0.01921	0.01218	0.01235	0.02835	0.02763	0.13307	0.23886	0.05967	0.09571	0.01757	0.01084	0.00318	0.00661	0.01487	0.20451	0.01203
20	0.02574	0.02941	0.06434	0.04596	0.05699	0.02757	0.50919	0.03493	0.02574	0.03493	0.02206	0.02941	0.01654	0.00919	0.01287	0.00368	0.01838	0.01287	0.00551	0.01471

[dist]
# distance from previous block
# <min> <max>
0	2

[block]
# block no. 8 follows, 12 sequences, length 37
# corresponding to MSA columns:
# 1112-1148
name=unknown_I
#
# <colnr> <probs for GDERKNQSTAVLIFYWHMCP>
#	G	D	E	R	K	N	Q	S	T	A	V	L	I	F	Y	W	H	M	C	P
0	0.03594	0.01956	0.02317	0.01867	0.02445	0.01959	0.01438	0.17882	0.03224	0.23627	0.03515	0.04495	0.02856	0.20927	0.02541	0.00568	0.01051	0.01221	0.01048	0.01467
1	0.02529	0.32275	0.32393	0.02524	0.03817	0.03369	0.03012	0.03365	0.02261	0.03036	0.01750	0.02042	0.01390	0.00987	0.00878	0.00293	0.01402	0.00701	0.00463	0.01512
2	0.02905	0.02299	0.02471	0.02194	0.02831	0.02614	0.01715	0.05751	0.48504	0.09080	0.04426	0.04036	0.03273	0.01468	0.01108	0.00367	0.00869	0.01221	0.01131	0.01737
3	0.01558	0.01168	0.01752	0.01752	0.01947	0.01363	0.01363	0.01947	0.01752	0.02531	0.02921	0.04283	0.02726	0.08178	0.57360	0.01752	0.02921	0.01168	0.00584	0.00974
4	0.02059	0.01938	0.03270	0.59060	0.07510	0.02422	0.03028	0.02786	0.02180	0.02786	0.01938	0.02907	0.01453	0.01090	0.01090	0.00363	0.01453	0.00969	0.00484	0.01211
5	0.02271	0.01699	0.02730	0.40354	0.05635	0.02005	0.02392	0.02766	0.02150	0.07226	0.02267	0.03136	0.01740	0.01548	0.01558	0.10943	0.01250	0.00980	0.06215	0.01134
6	0.01757	0.01255	0.01757	0.02008	0.02259	0.01255	0.01757	0.02259	0.02510	0.03263	0.05773	0.12299	0.06275	0.03012	0.01506	0.00502	0.01004	0.47540	0.01004	0.01004
7	0.02273	0.02156	0.03656	0.41580	0.23321	0.02479	0.03134	0.02973	0.02281	0.03045	0.01976	0.02837	0.01545	0.01051	0.01087	0.00350	0.01401	0.00970	0.00503	0.01383
8	0.02941	0.12287	0.08527	0.12825	0.25334	0.02794	0.02830	0.07286	0.02657	0.09096	0.02225	0.02646	0.01717	0.01056	0.01019	0.00319	0.01279	0.00909	0.00643	0.01609
9	0.03211	0.01448	0.01937	0.01684	0.02172	0.01290	0.01288	0.03553	0.02729	0.30075	0.12341	0.18955	0.05097	0.07076	0.01574	0.00425	0.00802	0.01772	0.01185	0.01386
10	0.02558	0.01888	0.02138	0.01932	0.02444	0.02049	0.01490	0.04516	0.31718	0.09831	0.16517	0.09391	0.05231	0.01795	0.01172	0.00366	0.00768	0.01539	0.01149	0.01508
11	0.13753	0.03012	0.11912	0.15588	0.19598	0.06651	0.02791	0.03466	0.02387	0.07936	0.02086	0.02554	0.01580	0.01057	0.01002	0.00336	0.01327	0.00871	0.00608	0.01485
12	0.28665	0.17971	0.03187	0.06533	0.03075	0.18709	0.01765	0.03517	0.02327	0.03505	0.01599	0.01912	0.01321	0.01031	0.00803	0.00297	0.01296	0.00651	0.00575	0.01262
13	0.02962	0.22000	0.08167	0.06848	0.11387	0.02946	0.05988	0.07657	0.02648	0.08946	0.02320	0.02638	0.01796	0.01069	0.00938	0.00296	0.01199	0.00876	0.07813	0.01505
14	0.01894	0.00947	0.01420	0.01420	0.01420	0.00947	0.00947	0.01420	0.01420	0.01894	0.01894	0.03314	0.01894	0.03788	0.04261	0.68277	0.00947	0.00947	0.00473	0.00473
15	0.08538	0.03718	0.17358	0.02781	0.03833	0.06802	0.07581	0.23038	0.03561	0.08854	0.02375	0.02538	0.01688	0.01163	0.01057	0.00334	0.01383	0.00925	0.00817	0.01655
16	0.10684	0.02289	0.06316	0.07393	0.07015	0.02097	0.01984	0.08249	0.07003	0.25994	0.07149	0.03537	0.02823	0.01316	0.01060	0.00341	0.01025	0.01070	0.01028	0.01627
17	0.02549	0.01973	0.02420	0.02088	0.02434	0.02307	0.01643	0.18045	0.02806	0.03884	0.02658	0.03933	0.02444	0.14621	0.20253	0.00940	0.11870	0.01147	0.00744	0.01241
18	0.02168	0.01624	0.01694	0.01567	0.01800	0.06007	0.01219	0.02610	0.02393	0.03748	0.12798	0.04375	0.03877	0.01560	0.01395	0.00314	0.11431	0.01164	0.37186	0.01071
19	0.02261	0.01938	0.02261	0.01615	0.02584	0.01453	0.01292	0.02745	0.02261	0.03553	0.01938	0.02261	0.01615	0.00807	0.00807	0.00161	0.00807	0.00646	0.00646	0.68346
20	0.09304	0.02588	0.07938	0.03962	0.20503	0.02254	0.09890	0.04051	0.02649	0.21824	0.02805	0.02975	0.01979	0.01104	0.01078	0.00338	0.01236	0.01016	0.00830	0.01675
21	0.02865	0.02418	0.02552	0.02250	0.02894	0.02783	0.01763	0.10646	0.47809	0.04808	0.04244	0.03913	0.03171	0.01461	0.01107	0.00365	0.00899	0.01206	0.01107	0.01740
22	0.04073	0.05197	0.03090	0.02809	0.03371	0.57303	0.02107	0.04354	0.03090	0.02669	0.01685	0.01966	0.01404	0.01124	0.00983	0.00281	0.01966	0.00702	0.00562	0.01264
23	0.03398	0.01442	0.01812	0.01511	0.02057	0.01308	0.01206	0.03864	0.02783	0.29636	0.09216	0.04315	0.03529	0.01410	0.00982	0.00305	0.00717	0.01156	0.27922	0.01433
24	0.01391	0.00995	0.01327	0.01504	0.01594	0.00961	0.01023	0.01616	0.02102	0.02846	0.09762	0.46240	0.06766	0.08294	0.07538	0.00618	0.00893	0.02682	0.00957	0.00890
25	0.01894	0.00947	0.01420	0.01420	0.01420	0.00947	0.00947	0.01420	0.01420	0.01894	0.01894	0.03314	0.01894	0.03788	0.04261	0.68277	0.00947	0.00947	0.00473	0.00473
26	0.01429	0.01052	0.01357	0.01542	0.01710	0.00980	0.01140	0.01723	0.02318	0.03032	0.10455	0.38332	0.15072	0.03132	0.01391	0.00435	0.00689	0.12259	0.01025	0.00927
27	0.08207	0.02437	0.03437	0.08794	0.03671	0.02970	0.07302	0.10823	0.02511	0.08056	0.02005	0.02599	0.01612	0.01503	0.02233	0.00407	0.28396	0.00978	0.00674	0.01385
28	0.01558	0.01168	0.01752	0.01752	0.01947	0.01363	0.01363	0.01947	0.01752	0.02531	0.02921	0.04283	0.02726	0.08178	0.57360	0.01752	0.02921	0.01168	0.00584	0.00974
29	0.01328	0.00949	0.01265	0.01518	0.01581	0.00886	0.01012	0.01518	0.02088	0.02783	0.06010	0.60969	0.07212	0.03416	0.01392	0.00443	0.00633	0.03100	0.01012	0.00886
30	0.04182	0.01859	0.02408	0.01927	0.02672	0.01727	0.01563	0.05054	0.11367	0.41827	0.09537	0.04233	0.03595	0.01463	0.01118	0.00343	0.00874	0.01210	0.01294	0.01748
31	0.02724	0.47442	0.18932	0.02192	0.03303	0.03846	0.02434	0.03314	0.02238	0.02799	0.01632	0.01894	0.01395	0.00960	0.00788	0.00263	0.01283	0.00642	0.00465	0.01455
32	0.02017	0.01619	0.01781	0.01650	0.02079	0.01711	0.01263	0.03559	0.23751	0.04157	0.21658	0.06607	0.15307	0.01951	0.01176	0.00353	0.00667	0.01660	0.05735	0.01299
33	0.01552	0.00994	0.01192	0.01324	0.01483	0.00938	0.00924	0.01867	0.02252	0.03296	0.09192	0.35997	0.09942	0.02634	0.01187	0.00373	0.00580	0.02329	0.21008	0.00938
34	0.02338	0.01223	0.01576	0.01531	0.01864	0.01101	0.01128	0.02652	0.02502	0.16927	0.09966	0.31407	0.10838	0.02524	0.01241	0.00383	0.00681	0.02219	0.06731	0.01167
35	0.02806	0.03126	0.11611	0.09192	0.08480	0.07192	0.09857	0.04402	0.20156	0.07332	0.03007	0.03184	0.02233	0.01203	0.01109	0.00351	0.01324	0.01071	0.00781	0.01585
36	0.02420	0.02822	0.09988	0.08855	0.21128	0.02574	0.17931	0.03145	0.02352	0.03311	0.02315	0.07133	0.02032	0.01256	0.01431	0.00368	0.07692	0.01212	0.00560	0.01475

[dist]
# distance from previous block
# <min> <max>
4	25

[block]
# block no. 9 follows, 12 sequences, length 29
# corresponding to MSA columns:
# 1174-1202
name=unknown_J
#
# <colnr> <probs for GDERKNQSTAVLIFYWHMCP>
#	G	D	E	R	K	N	Q	S	T	A	V	L	I	F	Y	W	H	M	C	P
0	0.02750	0.01889	0.02031	0.01869	0.02272	0.07387	0.01468	0.06193	0.02745	0.14255	0.07948	0.16079	0.07896	0.02107	0.01354	0.00375	0.04998	0.07224	0.07909	0.01251
1	0.10049	0.02240	0.02428	0.02069	0.02689	0.02438	0.01634	0.21995	0.13524	0.09793	0.03770	0.15755	0.03336	0.01780	0.01118	0.00363	0.00946	0.01468	0.01058	0.01546
2	0.03275	0.01978	0.02961	0.02576	0.08296	0.01722	0.07273	0.03806	0.02766	0.24023	0.09894	0.03736	0.03213	0.01239	0.01067	0.00295	0.00984	0.01106	0.00973	0.18818
3	0.11685	0.13654	0.15825	0.02601	0.03613	0.09504	0.07909	0.08788	0.02764	0.10648	0.02201	0.02393	0.01617	0.01083	0.00969	0.00317	0.01374	0.00840	0.00695	0.01520
4	0.02513	0.11617	0.18764	0.03373	0.04416	0.02966	0.21005	0.03623	0.08121	0.03387	0.02220	0.02679	0.01715	0.01121	0.01361	0.00355	0.07672	0.01022	0.00572	0.01498
5	0.02385	0.02245	0.03788	0.20247	0.36627	0.02369	0.03019	0.03007	0.02361	0.03273	0.02430	0.08777	0.02220	0.01256	0.01115	0.00347	0.01269	0.01191	0.00574	0.01501
6	0.10448	0.02148	0.03487	0.19572	0.08011	0.02307	0.11410	0.03436	0.02448	0.13637	0.06016	0.03254	0.02335	0.01229	0.01270	0.00360	0.05408	0.01079	0.00741	0.01403
7	0.03176	0.03273	0.17036	0.07213	0.09814	0.02475	0.13902	0.09666	0.02907	0.15721	0.02637	0.02891	0.01843	0.01111	0.01122	0.00345	0.01414	0.01033	0.00771	0.01650
8	0.01325	0.00963	0.01250	0.01480	0.01571	0.00889	0.00995	0.01523	0.02124	0.02798	0.06473	0.56323	0.11559	0.03356	0.01382	0.00436	0.00625	0.03026	0.01012	0.00889
9	0.10302	0.01970	0.03128	0.35755	0.10285	0.02271	0.05648	0.02834	0.02318	0.03378	0.09114	0.03471	0.02673	0.01215	0.01078	0.00354	0.01260	0.01081	0.00616	0.01247
10	0.08177	0.03296	0.18613	0.02932	0.09777	0.02377	0.02587	0.12666	0.03075	0.21553	0.02838	0.02840	0.01934	0.01180	0.01046	0.00336	0.01218	0.00940	0.00895	0.01721
11	0.01586	0.01057	0.01189	0.01189	0.01189	0.01057	0.00661	0.01586	0.01586	0.02114	0.03436	0.07135	0.03964	0.61681	0.05550	0.01057	0.01057	0.01586	0.00661	0.00661
12	0.02508	0.02056	0.03411	0.42287	0.16224	0.02361	0.02927	0.03185	0.02347	0.08989	0.02231	0.02958	0.01650	0.01097	0.01089	0.00353	0.01362	0.00984	0.00594	0.01386
13	0.02444	0.02285	0.03848	0.17529	0.38133	0.02391	0.03083	0.03091	0.02420	0.03357	0.02481	0.03916	0.02223	0.01247	0.01134	0.00354	0.01294	0.06658	0.00584	0.01526
