[name]
unknown

[dist]
# distance from previous block
# <min> <max>
0	56

[block]
# block no. 0 follows, 11 sequences, length 48
# corresponding to MSA columns:
# 61-108
name=unknown_A
#
# <colnr> <probs for GDERKNQSTAVLIFYWHMCP>
#	G	D	E	R	K	N	Q	S	T	A	V	L	I	F	Y	W	H	M	C	P
0	0.01413	0.01009	0.01354	0.01615	0.01698	0.00950	0.01117	0.01639	0.02196	0.02920	0.06180	0.55277	0.07353	0.03487	0.01448	0.00463	0.00689	0.07221	0.01044	0.00926
1	0.13951	0.02559	0.04221	0.04924	0.28874	0.02545	0.11716	0.03735	0.02563	0.10740	0.02372	0.02817	0.01811	0.01052	0.01089	0.00347	0.01317	0.01018	0.00696	0.01656
2	0.02881	0.02632	0.03621	0.04723	0.30156	0.05894	0.02641	0.09802	0.07679	0.04318	0.10817	0.03792	0.03401	0.01325	0.01148	0.00340	0.01192	0.01183	0.00804	0.01651
3	0.01524	0.01903	0.10075	0.01561	0.02109	0.01238	0.01449	0.02003	0.02579	0.03311	0.14971	0.13709	0.34385	0.02544	0.01297	0.00380	0.00754	0.02151	0.00977	0.01080
4	0.02166	0.01277	0.01688	0.01513	0.01879	0.01160	0.01160	0.02682	0.03192	0.12756	0.44803	0.07648	0.09320	0.02150	0.01295	0.00353	0.00602	0.01886	0.01265	0.01204
5	0.29016	0.09288	0.02988	0.02078	0.02822	0.02757	0.06019	0.13527	0.02996	0.04998	0.10391	0.03227	0.03007	0.01303	0.00960	0.00337	0.01033	0.01003	0.00845	0.01403
6	0.03792	0.01927	0.02605	0.11249	0.03541	0.01909	0.01853	0.10330	0.03147	0.29980	0.04120	0.13690	0.03301	0.01730	0.01185	0.00371	0.01030	0.01470	0.01145	0.01623
7	0.02203	0.01228	0.01457	0.01356	0.01501	0.01185	0.00843	0.02275	0.01900	0.10812	0.03695	0.06779	0.03875	0.50649	0.04966	0.00968	0.01069	0.01553	0.00800	0.00887
8	0.03097	0.03698	0.05660	0.04219	0.05199	0.17939	0.35926	0.03858	0.02808	0.03363	0.02124	0.02750	0.01634	0.01009	0.01239	0.00354	0.01935	0.01157	0.00572	0.01457
9	0.02609	0.01544	0.02035	0.01923	0.02454	0.01387	0.01629	0.03089	0.02691	0.15078	0.05341	0.08807	0.08145	0.02319	0.01322	0.00411	0.00951	0.24977	0.01058	0.12228
10	0.01630	0.01175	0.01556	0.01525	0.01789	0.01101	0.01187	0.02158	0.03087	0.04324	0.45055	0.09119	0.09933	0.02435	0.01365	0.00381	0.00615	0.09303	0.01205	0.01058
11	0.02784	0.01986	0.02380	0.01723	0.02701	0.01526	0.01387	0.03274	0.02481	0.12050	0.02405	0.02582	0.01853	0.00926	0.00883	0.00197	0.00854	0.00744	0.00787	0.56475
12	0.02897	0.51315	0.05307	0.01883	0.02852	0.03964	0.01828	0.03281	0.02295	0.02817	0.01637	0.01893	0.01481	0.00941	0.00741	0.00228	0.01142	0.00613	0.00512	0.12373
13	0.02574	0.01993	0.02358	0.01697	0.02686	0.01514	0.01362	0.03068	0.02412	0.08132	0.02216	0.02466	0.01766	0.00883	0.00860	0.00183	0.00845	0.00708	0.00731	0.61547
14	0.02090	0.01688	0.02597	0.03448	0.16859	0.01688	0.02280	0.02651	0.02583	0.03456	0.04867	0.09878	0.05143	0.02510	0.01429	0.00466	0.01122	0.33097	0.00900	0.01249
15	0.03890	0.02143	0.03676	0.02780	0.03636	0.01927	0.16001	0.04453	0.02924	0.32822	0.03995	0.10210	0.03012	0.01511	0.01227	0.00371	0.01206	0.01436	0.01103	0.01677
16	0.02204	0.02080	0.03517	0.51718	0.13162	0.02521	0.03165	0.02944	0.02288	0.02971	0.02014	0.02975	0.01534	0.01111	0.01124	0.00370	0.01481	0.01001	0.00507	0.01313
17	0.01608	0.01206	0.01809	0.01809	0.02010	0.01407	0.01407	0.02010	0.01809	0.02613	0.03015	0.04422	0.02814	0.08441	0.55984	0.01809	0.03015	0.01206	0.00603	0.01005
18	0.02681	0.02626	0.04652	0.13542	0.41602	0.02671	0.08845	0.03394	0.02532	0.03560	0.02120	0.02844	0.01736	0.01013	0.01141	0.00345	0.01426	0.01041	0.00551	0.01679
19	0.02657	0.03036	0.06641	0.04744	0.05882	0.02846	0.49336	0.03605	0.02657	0.03605	0.02277	0.03036	0.01708	0.00949	0.01328	0.00380	0.01898	0.01328	0.00569	0.01518
20	0.01371	0.00979	0.01306	0.01567	0.01632	0.00914	0.01045	0.01567	0.02155	0.02873	0.06203	0.59710	0.07444	0.03526	0.01437	0.00457	0.00653	0.03200	0.01045	0.00914
21	0.01371	0.00979	0.01306	0.01567	0.01632	0.00914	0.01045	0.01567	0.02155	0.02873	0.06203	0.59710	0.07444	0.03526	0.01437	0.00457	0.00653	0.03200	0.01045	0.00914
22	0.02178	0.01416	0.01760	0.01606	0.01709	0.01549	0.01092	0.02270	0.01839	0.08432	0.03309	0.06133	0.03504	0.43750	0.04847	0.00904	0.10579	0.01469	0.00735	0.00919
23	0.01650	0.01162	0.01527	0.01563	0.01674	0.01239	0.01110	0.01872	0.01831	0.02506	0.03672	0.06972	0.03931	0.32950	0.24223	0.01286	0.01813	0.07466	0.00700	0.00853
24	0.12553	0.01946	0.02499	0.01941	0.02791	0.01757	0.01603	0.05227	0.03067	0.48381	0.04100	0.03594	0.02600	0.01352	0.01080	0.00348	0.00947	0.01070	0.01311	0.01833
25	0.03577	0.02485	0.03213	0.03445	0.15834	0.02610	0.02235	0.12468	0.19871	0.16628	0.03610	0.03504	0.02609	0.01333	0.01131	0.00354	0.01078	0.01128	0.01052	0.01836
26	0.02678	0.02528	0.04096	0.14714	0.39003	0.02662	0.03173	0.03701	0.09129	0.03684	0.02432	0.03013	0.01960	0.01094	0.01120	0.00347	0.01304	0.01039	0.00627	0.01694
27	0.01371	0.00979	0.01306	0.01567	0.01632	0.00914	0.01045	0.01567	0.02155	0.02873	0.06203	0.59710	0.07444	0.03526	0.01437	0.00457	0.00653	0.03200	0.01045	0.00914
28	0.03288	0.12053	0.03802	0.03042	0.11562	0.02527	0.06452	0.04182	0.09264	0.16153	0.02928	0.03012	0.02170	0.01127	0.01025	0.00301	0.01118	0.00972	0.00853	0.14170
29	0.13710	0.02068	0.02413	0.02049	0.06228	0.01773	0.01504	0.03271	0.02386	0.09885	0.02226	0.02459	0.01733	0.00947	0.00866	0.00230	0.00890	0.00736	0.00750	0.43876
30	0.01608	0.01130	0.01470	0.01615	0.01750	0.01099	0.01191	0.01898	0.02295	0.03069	0.11754	0.24501	0.06699	0.18094	0.02579	0.00628	0.00870	0.15866	0.00974	0.00912
31	0.02808	0.12073	0.03599	0.02210	0.03207	0.02314	0.08013	0.06214	0.02622	0.07310	0.02184	0.02471	0.01731	0.00944	0.00922	0.00232	0.01074	0.00801	0.00704	0.38565
32	0.03987	0.06219	0.11384	0.02162	0.03099	0.02006	0.02041	0.04748	0.06102	0.34687	0.08429	0.03917	0.03256	0.01406	0.01115	0.00346	0.01046	0.01143	0.01153	0.01755
33	0.02546	0.05230	0.46090	0.03392	0.08506	0.02534	0.03882	0.03725	0.02466	0.08047	0.02241	0.02537	0.01574	0.01093	0.01078	0.00354	0.01575	0.00872	0.00563	0.01695
34	0.02591	0.37936	0.09374	0.09496	0.03459	0.03458	0.02093	0.03034	0.02183	0.02688	0.01995	0.02944	0.01889	0.10862	0.01640	0.00411	0.01269	0.00849	0.00517	0.01312
35	0.02258	0.02184	0.03145	0.11907	0.03576	0.02946	0.02381	0.02582	0.01870	0.02759	0.02205	0.10312	0.02290	0.02040	0.02959	0.00468	0.41068	0.01288	0.00569	0.01191
36	0.02240	0.01776	0.01925	0.01775	0.02242	0.01926	0.01364	0.04081	0.27381	0.04391	0.16769	0.06000	0.11042	0.01842	0.01162	0.00359	0.00717	0.01557	0.10040	0.01411
37	0.02463	0.16350	0.18358	0.02174	0.03359	0.02486	0.02289	0.03167	0.02336	0.03409	0.01909	0.02228	0.01547	0.00931	0.00877	0.00239	0.01158	0.00700	0.00570	0.33452
38	0.02762	0.20495	0.27030	0.02537	0.03711	0.02840	0.02889	0.03583	0.02486	0.09633	0.02728	0.03795	0.02287	0.01356	0.01044	0.00344	0.01359	0.06906	0.00668	0.01548
39	0.03564	0.04319	0.03045	0.02761	0.03193	0.39831	0.02118	0.03861	0.02759	0.02728	0.01869	0.02426	0.01639	0.02281	0.08910	0.00529	0.11511	0.00833	0.00569	0.01252
40	0.02786	0.02674	0.04568	0.06908	0.53424	0.02674	0.03454	0.03454	0.02563	0.03677	0.02117	0.02786	0.01783	0.01003	0.01114	0.00334	0.01337	0.01003	0.00557	0.01783
41	0.01593	0.01150	0.01504	0.01416	0.01681	0.01062	0.01062	0.02124	0.03186	0.04513	0.52830	0.08407	0.10620	0.02301	0.01327	0.00354	0.00531	0.02035	0.01239	0.01062
42	0.02340	0.03998	0.28355	0.09792	0.09376	0.02375	0.06884	0.03312	0.02391	0.03520	0.02043	0.02531	0.01544	0.01007	0.01048	0.00316	0.01446	0.00870	0.00536	0.16315
43	0.68395	0.02177	0.01654	0.01480	0.02177	0.02525	0.01219	0.03309	0.01915	0.05050	0.01567	0.01828	0.01219	0.01045	0.00697	0.00348	0.00871	0.00609	0.00697	0.01219
44	0.02098	0.01049	0.01049	0.01049	0.01311	0.01049	0.00787	0.02623	0.02360	0.04196	0.03672	0.04196	0.02885	0.01311	0.00787	0.00262	0.00525	0.01049	0.66693	0.01049
45	0.01593	0.01150	0.01504	0.01416	0.01681	0.01062	0.01062	0.02124	0.03186	0.04513	0.52830	0.08407	0.10620	0.02301	0.01327	0.00354	0.00531	0.02035	0.01239	0.01062
46	0.04279	0.03153	0.03378	0.02590	0.03490	0.03490	0.02139	0.49671	0.05292	0.07093	0.02702	0.02702	0.01914	0.01351	0.01126	0.00338	0.01239	0.01013	0.01126	0.01914
47	0.02657	0.03036	0.06641	0.04744	0.05882	0.02846	0.49336	0.03605	0.02657	0.03605	0.02277	0.03036	0.01708	0.00949	0.01328	0.00380	0.01898	0.01328	0.00569	0.01518

[dist]
# distance from previous block
# <min> <max>
0	9

[block]
# block no. 1 follows, 11 sequences, length 8
# corresponding to MSA columns:
# 118-125
name=unknown_B
#
# <colnr> <probs for GDERKNQSTAVLIFYWHMCP>
#	G	D	E	R	K	N	Q	S	T	A	V	L	I	F	Y	W	H	M	C	P
0	0.01593	0.01150	0.01504	0.01416	0.01681	0.01062	0.01062	0.02124	0.03186	0.04513	0.52830	0.08407	0.10620	0.02301	0.01327	0.00354	0.00531	0.02035	0.01239	0.01062
1	0.01955	0.00978	0.01466	0.01466	0.01466	0.00978	0.00978	0.01466	0.01466	0.01955	0.01955	0.03421	0.01955	0.03910	0.04399	0.67253	0.00978	0.00978	0.00489	0.00489
2	0.01550	0.01149	0.01445	0.01371	0.01655	0.01044	0.01028	0.02041	0.03085	0.04273	0.46077	0.08803	0.17523	0.02391	0.01328	0.00358	0.00537	0.02091	0.01207	0.01044
3	0.02271	0.01563	0.02184	0.02524	0.12096	0.01441	0.01572	0.02753	0.02911	0.11265	0.25224	0.07230	0.18378	0.02048	0.01257	0.00356	0.00764	0.01783	0.01077	0.01302
4	0.02973	0.01980	0.02399	0.01746	0.02716	0.01537	0.01409	0.03458	0.02543	0.15568	0.02575	0.02686	0.01931	0.00965	0.00904	0.00209	0.00863	0.00776	0.00838	0.51922
5	0.02676	0.08561	0.23955	0.15327	0.05275	0.02913	0.10048	0.10918	0.02858	0.03919	0.02128	0.02619	0.01565	0.01101	0.01101	0.00352	0.01555	0.00953	0.00601	0.01574
6	0.01442	0.01053	0.01373	0.01602	0.01739	0.00984	0.01153	0.01704	0.02279	0.02978	0.06792	0.45728	0.12802	0.03373	0.01444	0.00458	0.00709	0.10403	0.01043	0.00939
7	0.09039	0.11264	0.09984	0.28996	0.13573	0.02832	0.02937	0.03170	0.02288	0.03275	0.01914	0.02597	0.01501	0.01067	0.01014	0.00344	0.01387	0.00883	0.00523	0.01413

[dist]
# distance from previous block
# <min> <max>
0	2

[block]
# block no. 2 follows, 11 sequences, length 16
# corresponding to MSA columns:
# 128-143
name=unknown_C
#
# <colnr> <probs for GDERKNQSTAVLIFYWHMCP>
#	G	D	E	R	K	N	Q	S	T	A	V	L	I	F	Y	W	H	M	C	P
0	0.03329	0.51840	0.05383	0.01938	0.02886	0.04015	0.01883	0.03702	0.02433	0.10731	0.02016	0.02123	0.01655	0.01030	0.00786	0.00258	0.01165	0.00685	0.00624	0.01518
1	0.46768	0.08517	0.02425	0.01864	0.02557	0.15556	0.01516	0.03600	0.02257	0.04270	0.01608	0.01875	0.01296	0.01065	0.00776	0.00324	0.01181	0.00637	0.00648	0.01261
2	0.02209	0.01949	0.02941	0.08079	0.22662	0.02023	0.02267	0.03101	0.10041	0.03477	0.04021	0.24292	0.04136	0.02037	0.01240	0.00391	0.01024	0.01866	0.00827	0.01417
3	0.01498	0.01121	0.01390	0.01377	0.01637	0.01013	0.01012	0.01921	0.02883	0.03921	0.36075	0.17003	0.19776	0.02618	0.01345	0.00376	0.00559	0.02295	0.01164	0.01013
4	0.02027	0.01511	0.02055	0.01931	0.02242	0.01734	0.01522	0.09482	0.02355	0.03315	0.02966	0.04152	0.02673	0.07330	0.47384	0.01578	0.02736	0.01176	0.00685	0.01147
5	0.01853	0.01031	0.01487	0.01487	0.01519	0.01063	0.01004	0.01579	0.01546	0.02094	0.02357	0.04155	0.02404	0.12851	0.12912	0.47089	0.01323	0.01110	0.00535	0.00600
6	0.02518	0.11767	0.03947	0.27801	0.10081	0.02923	0.06009	0.03752	0.13212	0.03374	0.02533	0.03056	0.01962	0.01164	0.01078	0.00351	0.01331	0.01020	0.00651	0.01469
7	0.05050	0.01915	0.02612	0.02003	0.02873	0.01654	0.01654	0.05485	0.03221	0.54203	0.04440	0.03831	0.02786	0.01393	0.01132	0.00348	0.00958	0.01132	0.01393	0.01915
8	0.02888	0.52203	0.13755	0.02133	0.03209	0.04157	0.02286	0.03402	0.02301	0.02796	0.01638	0.01898	0.01441	0.00980	0.00778	0.00259	0.01278	0.00639	0.00480	0.01480
9	0.04279	0.03153	0.03378	0.02590	0.03490	0.03490	0.02139	0.49671	0.05292	0.07093	0.02702	0.02702	0.01914	0.01351	0.01126	0.00338	0.01239	0.01013	0.01126	0.01914
10	0.03009	0.61122	0.05898	0.01926	0.02889	0.04454	0.01926	0.03370	0.02287	0.02648	0.01565	0.01805	0.01444	0.00963	0.00722	0.00241	0.01204	0.00602	0.00481	0.01444
11	0.04403	0.02953	0.03254	0.02495	0.03391	0.03194	0.02061	0.42544	0.04958	0.14692	0.02983	0.02884	0.02055	0.01358	0.01127	0.00339	0.01193	0.01032	0.01169	0.01914
12	0.02542	0.02461	0.05044	0.03744	0.04616	0.02294	0.33875	0.03295	0.02663	0.07410	0.07313	0.12688	0.03462	0.01512	0.01331	0.00388	0.01511	0.01674	0.00765	0.01413
13	0.01371	0.00979	0.01306	0.01567	0.01632	0.00914	0.01045	0.01567	0.02155	0.02873	0.06203	0.59710	0.07444	0.03526	0.01437	0.00457	0.00653	0.03200	0.01045	0.00914
14	0.02800	0.02418	0.02545	0.02291	0.02927	0.02800	0.01782	0.05981	0.51390	0.04708	0.04581	0.04199	0.03436	0.01527	0.01145	0.00382	0.00891	0.01273	0.01145	0.01782
15	0.02786	0.02674	0.04568	0.06908	0.53424	0.02674	0.03454	0.03454	0.02563	0.03677	0.02117	0.02786	0.01783	0.01003	0.01114	0.00334	0.01337	0.01003	0.00557	0.01783

[dist]
# distance from previous block
# <min> <max>
0	9

[block]
# block no. 3 follows, 11 sequences, length 12
# corresponding to MSA columns:
# 153-164
name=unknown_D
#
# <colnr> <probs for GDERKNQSTAVLIFYWHMCP>
#	G	D	E	R	K	N	Q	S	T	A	V	L	I	F	Y	W	H	M	C	P
0	0.68395	0.02177	0.01654	0.01480	0.02177	0.02525	0.01219	0.03309	0.01915	0.05050	0.01567	0.01828	0.01219	0.01045	0.00697	0.00348	0.00871	0.00609	0.00697	0.01219
1	0.01371	0.00979	0.01306	0.01567	0.01632	0.00914	0.01045	0.01567	0.02155	0.02873	0.06203	0.59710	0.07444	0.03526	0.01437	0.00457	0.00653	0.03200	0.01045	0.00914
2	0.05050	0.01915	0.02612	0.02003	0.02873	0.01654	0.01654	0.05485	0.03221	0.54203	0.04440	0.03831	0.02786	0.01393	0.01132	0.00348	0.00958	0.01132	0.01393	0.01915
3	0.05050	0.01915	0.02612	0.02003	0.02873	0.01654	0.01654	0.05485	0.03221	0.54203	0.04440	0.03831	0.02786	0.01393	0.01132	0.00348	0.00958	0.01132	0.01393	0.01915
4	0.01371	0.00979	0.01306	0.01567	0.01632	0.00914	0.01045	0.01567	0.02155	0.02873	0.06203	0.59710	0.07444	0.03526	0.01437	0.00457	0.00653	0.03200	0.01045	0.00914
5	0.01371	0.00979	0.01306	0.01567	0.01632	0.00914	0.01045	0.01567	0.02155	0.02873	0.06203	0.59710	0.07444	0.03526	0.01437	0.00457	0.00653	0.03200	0.01045	0.00914
6	0.01644	0.01131	0.01373	0.01313	0.01594	0.01044	0.00985	0.02138	0.02954	0.04248	0.38351	0.08020	0.15315	0.02207	0.01234	0.00342	0.00535	0.01912	0.12617	0.01044
7	0.02542	0.03413	0.16269	0.03464	0.10898	0.06729	0.09618	0.03879	0.13231	0.03791	0.07035	0.08004	0.03183	0.01446	0.01177	0.00365	0.01340	0.01305	0.00763	0.01547
8	0.59355	0.02139	0.01791	0.01555	0.02276	0.02401	0.01281	0.03619	0.02102	0.12065	0.01977	0.02114	0.01443	0.01094	0.00759	0.00348	0.00883	0.00684	0.00796	0.01318
9	0.01371	0.00979	0.01306	0.01567	0.01632	0.00914	0.01045	0.01567	0.02155	0.02873	0.06203	0.59710	0.07444	0.03526	0.01437	0.00457	0.00653	0.03200	0.01045	0.00914
10	0.03903	0.02952	0.03377	0.12200	0.04233	0.03318	0.02311	0.41516	0.04762	0.06358	0.02580	0.02754	0.01842	0.01312	0.01126	0.00344	0.01284	0.01011	0.01017	0.01798
11	0.56847	0.02146	0.01954	0.11284	0.03148	0.02521	0.01551	0.03233	0.01974	0.04671	0.01643	0.02033	0.01268	0.01059	0.00771	0.00353	0.00980	0.00678	0.00662	0.01224

[dist]
# distance from previous block
# <min> <max>
0	1

[block]
# block no. 4 follows, 11 sequences, length 46
# corresponding to MSA columns:
# 166-211
name=unknown_E
#
# <colnr> <probs for GDERKNQSTAVLIFYWHMCP>
#	G	D	E	R	K	N	Q	S	T	A	V	L	I	F	Y	W	H	M	C	P
0	0.02423	0.01795	0.01587	0.01533	0.01853	0.08595	0.01140	0.06697	0.02682	0.03988	0.03833	0.14823	0.03516	0.01735	0.00976	0.00311	0.00813	0.01430	0.39139	0.01131
1	0.03362	0.02550	0.02753	0.02337	0.03058	0.02863	0.01857	0.16519	0.35844	0.09787	0.04113	0.03803	0.03008	0.01472	0.01139	0.00368	0.00981	0.01197	0.01163	0.01826
2	0.02205	0.01864	0.02196	0.01654	0.02528	0.01422	0.01295	0.02664	0.02310	0.03561	0.02564	0.10032	0.02442	0.01195	0.00914	0.00206	0.00809	0.01007	0.00718	0.58415
3	0.02999	0.03737	0.22372	0.04059	0.13347	0.02505	0.16181	0.03925	0.02650	0.13326	0.02574	0.02913	0.01829	0.01086	0.01162	0.00357	0.01536	0.01058	0.00692	0.01692
4	0.02257	0.05822	0.54613	0.03208	0.04871	0.02614	0.04158	0.03564	0.02376	0.03564	0.02020	0.02376	0.01426	0.01069	0.01069	0.00356	0.01663	0.00832	0.00475	0.01663
5	0.01547	0.01280	0.01372	0.01325	0.01708	0.01175	0.01001	0.02199	0.07977	0.03544	0.19762	0.09583	0.38317	0.02587	0.01310	0.00375	0.00596	0.02182	0.01099	0.01065
6	0.01973	0.01389	0.01717	0.01701	0.01995	0.01387	0.01312	0.08428	0.03008	0.04176	0.20785	0.22288	0.07194	0.02574	0.01326	0.00402	0.00749	0.09879	0.06589	0.01130
7	0.03653	0.02616	0.03470	0.12016	0.04277	0.02825	0.07266	0.22404	0.11045	0.13966	0.03126	0.03213	0.02204	0.01303	0.01152	0.00357	0.01252	0.01105	0.01010	0.01739
8	0.01554	0.01139	0.01465	0.01463	0.01713	0.01050	0.01102	0.02012	0.02929	0.04036	0.38065	0.15922	0.14412	0.02594	0.01362	0.00385	0.00595	0.05998	0.01175	0.01028
9	0.02937	0.03617	0.17403	0.03229	0.04367	0.02820	0.15647	0.15004	0.09734	0.04593	0.02599	0.02879	0.01913	0.01145	0.01145	0.00345	0.01450	0.01058	0.00765	0.07350
10	0.02334	0.02001	0.02334	0.01667	0.02667	0.01500	0.01334	0.02834	0.02334	0.03668	0.02001	0.02334	0.01667	0.00834	0.00834	0.00167	0.00834	0.00667	0.00667	0.67325
11	0.03418	0.31953	0.07799	0.02384	0.03250	0.19756	0.02155	0.07845	0.05945	0.03250	0.01936	0.02139	0.01612	0.01099	0.00895	0.00280	0.01467	0.00732	0.00608	0.01478
12	0.01679	0.01076	0.01260	0.01260	0.01260	0.01076	0.00722	0.01614	0.01614	0.02152	0.03333	0.06836	0.03805	0.52859	0.05550	0.09968	0.01076	0.01548	0.00656	0.00656
13	0.01377	0.01142	0.01205	0.01189	0.01549	0.00970	0.00892	0.01705	0.02675	0.03301	0.18720	0.10404	0.45486	0.02753	0.01330	0.00375	0.00563	0.02315	0.01079	0.00970
14	0.03202	0.04236	0.30661	0.02760	0.04036	0.02540	0.03079	0.10435	0.08249	0.15314	0.02921	0.02937	0.02008	0.01228	0.01099	0.00355	0.01368	0.00970	0.00837	0.01765
15	0.02762	0.10203	0.03092	0.02356	0.02902	0.09375	0.05856	0.08052	0.02891	0.06772	0.04081	0.15631	0.04159	0.02148	0.01257	0.00397	0.01215	0.14657	0.00894	0.01298
16	0.01431	0.01022	0.01374	0.01635	0.01726	0.00965	0.01148	0.01670	0.02213	0.02940	0.06171	0.53402	0.07314	0.03470	0.01452	0.00465	0.00704	0.08922	0.01044	0.00931
17	0.68395	0.02177	0.01654	0.01480	0.02177	0.02525	0.01219	0.03309	0.01915	0.05050	0.01567	0.01828	0.01219	0.01045	0.00697	0.00348	0.00871	0.00609	0.00697	0.01219
18	0.01400	0.00992	0.01298	0.01531	0.01589	0.00933	0.01006	0.01575	0.02099	0.02799	0.05916	0.54055	0.07082	0.09676	0.01900	0.00526	0.00700	0.03031	0.01006	0.00889
19	0.14333	0.02705	0.04734	0.05239	0.28765	0.02704	0.18120	0.03478	0.02479	0.03896	0.02072	0.02699	0.01659	0.00993	0.01111	0.00352	0.01439	0.01040	0.00586	0.01596
20	0.02874	0.03052	0.06203	0.04455	0.05561	0.02933	0.43003	0.09787	0.03010	0.04073	0.02334	0.02991	0.01735	0.01003	0.01301	0.00374	0.01809	0.01286	0.00644	0.01571
21	0.04465	0.02853	0.03192	0.02447	0.03341	0.03046	0.02022	0.38968	0.04790	0.18505	0.03123	0.02976	0.02125	0.01361	0.01127	0.00340	0.01171	0.01042	0.01191	0.01914
22	0.01371	0.00979	0.01306	0.01567	0.01632	0.00914	0.01045	0.01567	0.02155	0.02873	0.06203	0.59710	0.07444	0.03526	0.01437	0.00457	0.00653	0.03200	0.01045	0.00914
23	0.02800	0.02418	0.02545	0.02291	0.02927	0.02800	0.01782	0.05981	0.51390	0.04708	0.04581	0.04199	0.03436	0.01527	0.01145	0.00382	0.00891	0.01273	0.01145	0.01782
24	0.02334	0.02001	0.02334	0.01667	0.02667	0.01500	0.01334	0.02834	0.02334	0.03668	0.02001	0.02334	0.01667	0.00834	0.00834	0.00167	0.00834	0.00667	0.00667	0.67325
25	0.04279	0.03153	0.03378	0.02590	0.03490	0.03490	0.02139	0.49671	0.05292	0.07093	0.02702	0.02702	0.01914	0.01351	0.01126	0.00338	0.01239	0.01013	0.01126	0.01914
26	0.02126	0.02001	0.03376	0.57739	0.07752	0.02501	0.03126	0.02876	0.02251	0.02876	0.02001	0.03001	0.01500	0.01125	0.01125	0.00375	0.01500	0.01000	0.00500	0.01250
27	0.03768	0.04448	0.02989	0.02710	0.03308	0.39412	0.02052	0.04956	0.18172	0.03362	0.02623	0.02704	0.02067	0.01274	0.01055	0.00318	0.01676	0.00895	0.00756	0.01453
28	0.04204	0.05364	0.03190	0.02900	0.03480	0.55926	0.02175	0.04494	0.03190	0.02755	0.01740	0.02030	0.01450	0.01160	0.01015	0.00290	0.02030	0.00725	0.00580	0.01305
29	0.68395	0.02177	0.01654	0.01480	0.02177	0.02525	0.01219	0.03309	0.01915	0.05050	0.01567	0.01828	0.01219	0.01045	0.00697	0.00348	0.00871	0.00609	0.00697	0.01219
30	0.01601	0.01076	0.01238	0.01273	0.01282	0.01067	0.00731	0.01627	0.01706	0.02275	0.03903	0.14389	0.04542	0.52807	0.05153	0.01006	0.01032	0.01846	0.00731	0.00713
31	0.01449	0.01035	0.01396	0.01657	0.01756	0.00982	0.01181	0.01702	0.02232	0.02961	0.06160	0.51405	0.07273	0.03453	0.01457	0.00468	0.00721	0.10734	0.01043	0.00936
32	0.04204	0.05364	0.03190	0.02900	0.03480	0.55926	0.02175	0.04494	0.03190	0.02755	0.01740	0.02030	0.01450	0.01160	0.01015	0.00290	0.02030	0.00725	0.00580	0.01305
33	0.01814	0.01296	0.01814	0.02073	0.02332	0.01296	0.01814	0.02332	0.02591	0.03368	0.05959	0.12696	0.06478	0.03109	0.01555	0.00518	0.01036	0.45848	0.01036	0.01036
34	0.01509	0.01038	0.01265	0.01390	0.01422	0.01006	0.00856	0.01603	0.01885	0.02514	0.04821	0.32470	0.05700	0.33146	0.03670	0.00787	0.00881	0.02386	0.00856	0.00793
35	0.02736	0.02029	0.03027	0.29007	0.09423	0.02267	0.02473	0.09334	0.02800	0.10397	0.03141	0.12624	0.02756	0.01586	0.01178	0.00377	0.01235	0.01391	0.00801	0.01418
36	0.01492	0.01124	0.01585	0.02023	0.06057	0.01065	0.01251	0.01728	0.02190	0.02942	0.05854	0.54847	0.06961	0.03311	0.01409	0.00447	0.00711	0.03012	0.01003	0.00988
37	0.01814	0.01296	0.01814	0.02073	0.02332	0.01296	0.01814	0.02332	0.02591	0.03368	0.05959	0.12696	0.06478	0.03109	0.01555	0.00518	0.01036	0.45848	0.01036	0.01036
38	0.02585	0.02897	0.06203	0.11854	0.06133	0.02800	0.43136	0.03507	0.02602	0.03507	0.02240	0.03031	0.01680	0.00972	0.01301	0.00379	0.01844	0.01284	0.00560	0.01482
39	0.02649	0.02768	0.04102	0.29917	0.18926	0.09762	0.09284	0.03343	0.02513	0.03168	0.02033	0.02819	0.01596	0.01074	0.01135	0.00354	0.01582	0.01008	0.00535	0.01433
40	0.02648	0.02578	0.04568	0.06162	0.42620	0.02547	0.09405	0.03313	0.02541	0.03599	0.02488	0.07682	0.02256	0.01211	0.01171	0.00351	0.01354	0.01234	0.00600	0.01673
41	0.03963	0.02247	0.02645	0.02182	0.02949	0.02327	0.01752	0.09393	0.25273	0.27796	0.04359	0.03904	0.03009	0.01450	0.01137	0.00363	0.00951	0.01186	0.01258	0.01855
42	0.02029	0.01327	0.01931	0.13845	0.03130	0.01359	0.01579	0.02378	0.02319	0.09761	0.05053	0.39877	0.05526	0.02718	0.01328	0.00425	0.00878	0.02444	0.00973	0.01122
43	0.02907	0.15871	0.33949	0.02776	0.04135	0.03009	0.03246	0.09874	0.02821	0.08080	0.02225	0.02430	0.01608	0.01113	0.01015	0.00331	0.01458	0.00836	0.00640	0.01676
44	0.02061	0.01168	0.01511	0.01583	0.01795	0.01094	0.01130	0.02324	0.02301	0.10622	0.05332	0.35233	0.05800	0.10607	0.01918	0.00513	0.00779	0.06155	0.07017	0.01056
45	0.02270	0.01464	0.01852	0.01706	0.02063	0.01507	0.01314	0.08733	0.02882	0.08247	0.17417	0.12643	0.05487	0.03768	0.15599	0.00737	0.01330	0.01655	0.08115	0.01211

[dist]
# distance from previous block
# <min> <max>
0	178

# created by:
# /st0/software/busco_prod/Augustus/scripts/msa2prfl.pl ./align_prep/6651.fa
