[name]
unknown

[dist]
# distance from previous block
# <min> <max>
0	613

[block]
# block no. 0 follows, 14 sequences, length 21
# corresponding to MSA columns:
# 614-634
name=unknown_A
#
# <colnr> <probs for GDERKNQSTAVLIFYWHMCP>
#	G	D	E	R	K	N	Q	S	T	A	V	L	I	F	Y	W	H	M	C	P
0	0.01247	0.01041	0.01087	0.01075	0.01407	0.00881	0.00806	0.01539	0.02419	0.02963	0.17010	0.09562	0.50384	0.02528	0.01213	0.00343	0.00515	0.02122	0.00978	0.00881
1	0.71184	0.01985	0.01508	0.01350	0.01985	0.02302	0.01111	0.03017	0.01746	0.04604	0.01429	0.01667	0.01111	0.00953	0.00635	0.00318	0.00794	0.00556	0.00635	0.01111
2	0.01452	0.01049	0.01372	0.01291	0.01533	0.00968	0.00968	0.01937	0.02905	0.04115	0.56992	0.07666	0.09683	0.02098	0.01210	0.00323	0.00484	0.01856	0.01130	0.00968
3	0.01250	0.00893	0.01191	0.01429	0.01488	0.00834	0.00953	0.01429	0.01965	0.02620	0.05656	0.63265	0.06787	0.03215	0.01310	0.00417	0.00595	0.02917	0.00953	0.00834
4	0.04604	0.01746	0.02382	0.01826	0.02620	0.01508	0.01508	0.05001	0.02937	0.58244	0.04049	0.03493	0.02540	0.01270	0.01032	0.00318	0.00873	0.01032	0.01270	0.01746
5	0.01241	0.00929	0.01153	0.01333	0.01463	0.00842	0.00910	0.01440	0.02057	0.02657	0.06826	0.50085	0.19212	0.03063	0.01286	0.00399	0.00577	0.02732	0.00953	0.00842
6	0.02422	0.02768	0.06055	0.04325	0.05363	0.02595	0.53806	0.03287	0.02422	0.03287	0.02076	0.02768	0.01557	0.00865	0.01211	0.00346	0.01730	0.01211	0.00519	0.01384
7	0.71184	0.01985	0.01508	0.01350	0.01985	0.02302	0.01111	0.03017	0.01746	0.04604	0.01429	0.01667	0.01111	0.00953	0.00635	0.00318	0.00794	0.00556	0.00635	0.01111
8	0.04015	0.02692	0.02967	0.02275	0.03091	0.02912	0.01879	0.46167	0.04520	0.14844	0.02720	0.02630	0.01874	0.01238	0.01027	0.00310	0.01088	0.00941	0.01066	0.01745
9	0.01490	0.01005	0.01169	0.01169	0.01186	0.01022	0.00684	0.01524	0.01507	0.02027	0.03188	0.06464	0.03622	0.58670	0.10339	0.01056	0.01159	0.01456	0.00615	0.00649
10	0.02339	0.01812	0.02973	0.52502	0.06399	0.02164	0.02648	0.02980	0.02185	0.10984	0.02158	0.02850	0.01544	0.01063	0.01027	0.00338	0.01294	0.00930	0.00578	0.01231
11	0.02058	0.05308	0.58618	0.02925	0.04442	0.02383	0.03792	0.03250	0.02167	0.03250	0.01842	0.02167	0.01300	0.00975	0.00975	0.00325	0.01517	0.00758	0.00433	0.01517
12	0.02245	0.02245	0.03143	0.02694	0.02694	0.03143	0.02245	0.02470	0.01572	0.02470	0.01347	0.02245	0.01347	0.01796	0.03368	0.00449	0.62057	0.00898	0.00449	0.01123
13	0.01938	0.01536	0.06832	0.01667	0.02066	0.01231	0.01514	0.02475	0.02425	0.07517	0.12849	0.07656	0.05072	0.02043	0.01151	0.00369	0.00810	0.22808	0.16977	0.01064
14	0.03547	0.01969	0.02328	0.01903	0.02548	0.02012	0.01508	0.12614	0.17944	0.28103	0.03734	0.03800	0.02719	0.08651	0.01526	0.00404	0.00911	0.01105	0.01091	0.01580
15	0.01862	0.01441	0.01828	0.01808	0.01997	0.01590	0.01367	0.10166	0.02401	0.03257	0.04473	0.39966	0.05081	0.02649	0.01582	0.00409	0.09950	0.06251	0.00888	0.01034
16	0.01311	0.00955	0.01236	0.01353	0.01494	0.00879	0.00943	0.01594	0.02295	0.03108	0.22372	0.41156	0.11885	0.02809	0.01270	0.00381	0.00554	0.02517	0.01009	0.00879
17	0.02446	0.02756	0.07209	0.31256	0.05700	0.10022	0.16358	0.06197	0.02441	0.03059	0.01900	0.02577	0.01432	0.00997	0.01059	0.00330	0.01523	0.00950	0.00516	0.01272
18	0.02553	0.02160	0.03474	0.29223	0.27217	0.02362	0.02796	0.07343	0.02469	0.07470	0.02090	0.02690	0.01595	0.01016	0.01022	0.00322	0.01249	0.00923	0.00587	0.01437
19	0.01985	0.01100	0.01286	0.01229	0.01552	0.01000	0.00924	0.02348	0.02384	0.11744	0.12387	0.15390	0.17812	0.01999	0.01048	0.00317	0.00569	0.01702	0.22187	0.01037
20	0.22421	0.02638	0.13409	0.01948	0.02746	0.02143	0.01873	0.02825	0.01930	0.03549	0.01632	0.02020	0.01327	0.01033	0.01203	0.00285	0.11196	0.00671	0.00554	0.24596

[dist]
# distance from previous block
# <min> <max>
1	3

[block]
# block no. 1 follows, 14 sequences, length 23
# corresponding to MSA columns:
# 638-660
name=unknown_B
#
# <colnr> <probs for GDERKNQSTAVLIFYWHMCP>
#	G	D	E	R	K	N	Q	S	T	A	V	L	I	F	Y	W	H	M	C	P
0	0.02073	0.04476	0.44849	0.13040	0.04768	0.02378	0.03469	0.03302	0.06058	0.03217	0.02009	0.02387	0.01446	0.01014	0.00989	0.00330	0.01439	0.00814	0.00482	0.01459
1	0.03861	0.01628	0.02183	0.01708	0.02413	0.01402	0.01391	0.04278	0.02872	0.44566	0.13301	0.04134	0.03735	0.01380	0.01044	0.00306	0.00796	0.01147	0.01196	0.06660
2	0.01414	0.01047	0.01318	0.01251	0.01510	0.00952	0.00938	0.01862	0.02814	0.03900	0.49514	0.08020	0.17295	0.02178	0.01211	0.00327	0.00490	0.01906	0.01101	0.00952
3	0.02058	0.05308	0.58618	0.02925	0.04442	0.02383	0.03792	0.03250	0.02167	0.03250	0.01842	0.02167	0.01300	0.00975	0.00975	0.00325	0.01517	0.00758	0.00433	0.01517
4	0.01425	0.01048	0.01333	0.01262	0.01516	0.00956	0.00946	0.01883	0.02839	0.03960	0.51589	0.07922	0.15183	0.02156	0.01211	0.00326	0.00488	0.01892	0.01109	0.00956
5	0.01938	0.01824	0.03078	0.61468	0.07068	0.02280	0.02850	0.02622	0.02052	0.02622	0.01824	0.02736	0.01368	0.01026	0.01026	0.00342	0.01368	0.00912	0.00456	0.01140
6	0.02705	0.02355	0.02983	0.03431	0.19817	0.02590	0.02137	0.10377	0.33169	0.04252	0.03278	0.03269	0.02502	0.01225	0.01033	0.00330	0.00976	0.01056	0.00875	0.01639
7	0.14974	0.02170	0.03179	0.04050	0.30076	0.02229	0.02315	0.03548	0.02332	0.17428	0.02339	0.02609	0.01748	0.01074	0.01120	0.00320	0.05357	0.00881	0.00719	0.01531
8	0.02457	0.07996	0.39134	0.02567	0.03792	0.02518	0.03026	0.13392	0.02695	0.03898	0.02075	0.02342	0.01508	0.01040	0.00943	0.00308	0.01321	0.00797	0.06688	0.01501
9	0.02203	0.03993	0.32779	0.03316	0.04422	0.02581	0.18934	0.03126	0.02142	0.03126	0.01828	0.02366	0.01387	0.01084	0.01464	0.00353	0.12105	0.00922	0.00462	0.01407
10	0.01250	0.00893	0.01191	0.01429	0.01488	0.00834	0.00953	0.01429	0.01965	0.02620	0.05656	0.63265	0.06787	0.03215	0.01310	0.00417	0.00595	0.02917	0.00953	0.00834
11	0.13132	0.06319	0.18717	0.07854	0.08169	0.02266	0.04994	0.06341	0.02408	0.07647	0.06297	0.03360	0.02381	0.01212	0.00981	0.00328	0.01165	0.04401	0.00664	0.01362
12	0.29443	0.08175	0.02670	0.01946	0.02676	0.07747	0.01616	0.25848	0.03245	0.05061	0.01903	0.02035	0.01430	0.01079	0.00836	0.00300	0.01060	0.00728	0.00783	0.01418
13	0.01654	0.01008	0.01190	0.01145	0.01385	0.00963	0.00858	0.02136	0.02575	0.03989	0.33499	0.05984	0.06594	0.01703	0.00994	0.00286	0.00482	0.01462	0.31130	0.00963
14	0.03266	0.10128	0.06620	0.12663	0.03896	0.02468	0.08072	0.10521	0.02741	0.21555	0.02594	0.02753	0.01816	0.01143	0.01150	0.00320	0.05064	0.00933	0.00805	0.01492
15	0.71184	0.01985	0.01508	0.01350	0.01985	0.02302	0.01111	0.03017	0.01746	0.04604	0.01429	0.01667	0.01111	0.00953	0.00635	0.00318	0.00794	0.00556	0.00635	0.01111
16	0.01297	0.00926	0.01244	0.01482	0.01562	0.00874	0.01034	0.01510	0.02011	0.02672	0.05630	0.57272	0.06685	0.03171	0.01322	0.00423	0.00636	0.08449	0.00952	0.00846
17	0.01247	0.01041	0.01087	0.01076	0.01407	0.00881	0.00807	0.01539	0.02420	0.02965	0.17095	0.09558	0.50297	0.02527	0.01212	0.00343	0.00515	0.02121	0.00978	0.00881
18	0.01213	0.01040	0.01040	0.01040	0.01386	0.00866	0.00780	0.01473	0.02339	0.02772	0.10396	0.09876	0.57117	0.02599	0.01213	0.00347	0.00520	0.02166	0.00953	0.00866
19	0.02128	0.01824	0.02128	0.01520	0.02432	0.01368	0.01216	0.02584	0.02128	0.03344	0.01824	0.02128	0.01520	0.00760	0.00760	0.00152	0.00760	0.00608	0.00608	0.70208
20	0.71184	0.01985	0.01508	0.01350	0.01985	0.02302	0.01111	0.03017	0.01746	0.04604	0.01429	0.01667	0.01111	0.00953	0.00635	0.00318	0.00794	0.00556	0.00635	0.01111
21	0.64579	0.01961	0.01595	0.01397	0.02048	0.02223	0.01151	0.03213	0.01865	0.09925	0.01689	0.01848	0.01253	0.00984	0.00674	0.00318	0.00802	0.00603	0.00698	0.01174
22	0.02046	0.04963	0.53108	0.08732	0.04702	0.02373	0.03698	0.03188	0.02155	0.03188	0.01840	0.02223	0.01307	0.00980	0.00980	0.00327	0.01502	0.00774	0.00436	0.01479

[dist]
# distance from previous block
# <min> <max>
0	6

[block]
# block no. 2 follows, 14 sequences, length 22
# corresponding to MSA columns:
# 667-688
name=unknown_C
#
# <colnr> <probs for GDERKNQSTAVLIFYWHMCP>
#	G	D	E	R	K	N	Q	S	T	A	V	L	I	F	Y	W	H	M	C	P
0	0.03901	0.02874	0.03080	0.02361	0.03182	0.03182	0.01951	0.54111	0.04825	0.06468	0.02464	0.02464	0.01745	0.01232	0.01027	0.00308	0.01129	0.00924	0.01027	0.01745
1	0.02553	0.02204	0.02320	0.02088	0.02669	0.02553	0.01624	0.05453	0.55679	0.04293	0.04177	0.03829	0.03133	0.01392	0.01044	0.00348	0.00812	0.01160	0.01044	0.01624
2	0.02553	0.02204	0.02320	0.02088	0.02669	0.02553	0.01624	0.05453	0.55679	0.04293	0.04177	0.03829	0.03133	0.01392	0.01044	0.00348	0.00812	0.01160	0.01044	0.01624
3	0.01654	0.01181	0.01654	0.01890	0.02126	0.01181	0.01654	0.02126	0.02362	0.03071	0.05433	0.11576	0.05906	0.02835	0.01417	0.00472	0.00945	0.50626	0.00945	0.00945
4	0.04604	0.01746	0.02382	0.01826	0.02620	0.01508	0.01508	0.05001	0.02937	0.58244	0.04049	0.03493	0.02540	0.01270	0.01032	0.00318	0.00873	0.01032	0.01270	0.01746
5	0.02447	0.02721	0.02148	0.02092	0.02338	0.25598	0.01542	0.02667	0.02307	0.02556	0.03427	0.30132	0.03837	0.02142	0.01408	0.00358	0.08821	0.01728	0.00714	0.01018
6	0.01323	0.01044	0.01192	0.01155	0.01454	0.00913	0.00866	0.01686	0.02599	0.03390	0.31816	0.08860	0.35312	0.02369	0.01212	0.00336	0.00503	0.02023	0.01034	0.00913
7	0.04156	0.01615	0.02144	0.01681	0.02382	0.01416	0.01376	0.04566	0.02806	0.49172	0.03932	0.03548	0.02555	0.01258	0.00980	0.00304	0.00807	0.01019	0.12666	0.01615
8	0.02008	0.03862	0.35571	0.27218	0.05531	0.02340	0.03401	0.02989	0.02119	0.02989	0.01834	0.02403	0.01328	0.00996	0.00996	0.00332	0.01455	0.00822	0.00443	0.01360
9	0.01938	0.01824	0.03078	0.61468	0.07068	0.02280	0.02850	0.02622	0.02052	0.02622	0.01824	0.02736	0.01368	0.01026	0.01026	0.00342	0.01368	0.00912	0.00456	0.01140
10	0.01738	0.00907	0.01303	0.01303	0.01303	0.00907	0.00850	0.01361	0.01361	0.01815	0.02007	0.03675	0.02083	0.12887	0.04198	0.59465	0.00907	0.00984	0.00473	0.00473
11	0.53637	0.02742	0.01873	0.01687	0.02294	0.17286	0.01338	0.03298	0.02049	0.04059	0.01470	0.01715	0.01166	0.00980	0.00711	0.00304	0.01069	0.00583	0.00607	0.01132
12	0.01250	0.00893	0.01191	0.01429	0.01488	0.00834	0.00953	0.01429	0.01965	0.02620	0.05656	0.63265	0.06787	0.03215	0.01310	0.00417	0.00595	0.02917	0.00953	0.00834
13	0.01334	0.00999	0.01095	0.01130	0.01291	0.00915	0.00740	0.01474	0.01932	0.02425	0.06720	0.16489	0.27494	0.28142	0.02891	0.00626	0.00728	0.01998	0.00815	0.00760
14	0.02274	0.19214	0.16311	0.01914	0.02959	0.02319	0.01966	0.02870	0.02126	0.03076	0.01723	0.02010	0.01414	0.00842	0.00784	0.00211	0.01028	0.00628	0.00522	0.35809
15	0.02627	0.03738	0.30558	0.02394	0.03582	0.02198	0.02656	0.11919	0.02683	0.08980	0.02151	0.02333	0.01544	0.00996	0.00938	0.00281	0.01212	0.00777	0.00654	0.17780
16	0.01250	0.00893	0.01191	0.01429	0.01488	0.00834	0.00953	0.01429	0.01965	0.02620	0.05656	0.63265	0.06787	0.03215	0.01310	0.00417	0.00595	0.02917	0.00953	0.00834
17	0.02109	0.02158	0.04130	0.41277	0.06466	0.02391	0.20855	0.02857	0.02183	0.02857	0.01913	0.02747	0.01435	0.00969	0.01091	0.00343	0.01496	0.01018	0.00478	0.01226
18	0.03230	0.13226	0.13180	0.07029	0.03730	0.02677	0.08136	0.15997	0.02997	0.16261	0.02448	0.02565	0.01726	0.01080	0.00979	0.00305	0.01220	0.00889	0.00780	0.01547
19	0.01492	0.00995	0.01119	0.01119	0.01119	0.00995	0.00622	0.01492	0.01492	0.01990	0.03233	0.06716	0.03731	0.63935	0.05223	0.00995	0.00995	0.01492	0.00622	0.00622
20	0.03624	0.02457	0.08593	0.02594	0.03500	0.02074	0.14303	0.08638	0.06978	0.31339	0.03244	0.03133	0.02166	0.01152	0.01070	0.00327	0.01156	0.01050	0.00973	0.01628
21	0.03363	0.08183	0.08170	0.07775	0.16730	0.02179	0.05559	0.03925	0.02544	0.27102	0.02799	0.02869	0.01943	0.01077	0.00999	0.00310	0.01126	0.00937	0.00824	0.01587

[dist]
# distance from previous block
# <min> <max>
2	3

[block]
# block no. 3 follows, 14 sequences, length 17
# corresponding to MSA columns:
# 692-708
name=unknown_D
#
# <colnr> <probs for GDERKNQSTAVLIFYWHMCP>
#	G	D	E	R	K	N	Q	S	T	A	V	L	I	F	Y	W	H	M	C	P
0	0.12589	0.02024	0.03152	0.36556	0.20765	0.02329	0.02673	0.02833	0.02087	0.03131	0.01795	0.02518	0.01403	0.00983	0.00964	0.00328	0.01238	0.00859	0.00498	0.01275
1	0.02456	0.01624	0.01912	0.01444	0.02192	0.01300	0.01152	0.02908	0.02256	0.11757	0.02491	0.02703	0.01915	0.00932	0.00792	0.00196	0.00716	0.00748	0.15689	0.44817
2	0.01366	0.01046	0.01251	0.01200	0.01480	0.00931	0.00900	0.01769	0.02700	0.03629	0.40112	0.08466	0.26867	0.02279	0.01211	0.00331	0.00497	0.01968	0.01066	0.00931
3	0.01783	0.00891	0.01337	0.01337	0.01337	0.00891	0.00891	0.01337	0.01337	0.01783	0.01783	0.03119	0.01783	0.03565	0.04011	0.70143	0.00891	0.00891	0.00446	0.00446
4	0.71184	0.01985	0.01508	0.01350	0.01985	0.02302	0.01111	0.03017	0.01746	0.04604	0.01429	0.01667	0.01111	0.00953	0.00635	0.00318	0.00794	0.00556	0.00635	0.01111
5	0.02553	0.02204	0.02320	0.02088	0.02669	0.02553	0.01624	0.05453	0.55679	0.04293	0.04177	0.03829	0.03133	0.01392	0.01044	0.00348	0.00812	0.01160	0.01044	0.01624
6	0.01913	0.00956	0.00956	0.00956	0.01196	0.00956	0.00717	0.02391	0.02152	0.03826	0.03348	0.03826	0.02630	0.01196	0.00717	0.00239	0.00478	0.00956	0.69632	0.00956
7	0.04604	0.01746	0.02382	0.01826	0.02620	0.01508	0.01508	0.05001	0.02937	0.58244	0.04049	0.03493	0.02540	0.01270	0.01032	0.00318	0.00873	0.01032	0.01270	0.01746
8	0.71184	0.01985	0.01508	0.01350	0.01985	0.02302	0.01111	0.03017	0.01746	0.04604	0.01429	0.01667	0.01111	0.00953	0.00635	0.00318	0.00794	0.00556	0.00635	0.01111
9	0.01392	0.00994	0.01353	0.01590	0.01712	0.00955	0.01198	0.01673	0.02104	0.02778	0.05578	0.45158	0.06479	0.03082	0.01348	0.00436	0.00718	0.19630	0.00950	0.00873
10	0.01213	0.01040	0.01040	0.01040	0.01386	0.00866	0.00780	0.01473	0.02339	0.02772	0.10396	0.09876	0.57117	0.02599	0.01213	0.00347	0.00520	0.02166	0.00953	0.00866
11	0.01492	0.00995	0.01119	0.01119	0.01119	0.00995	0.00622	0.01492	0.01492	0.01990	0.03233	0.06716	0.03731	0.63935	0.05223	0.00995	0.00995	0.01492	0.00622	0.00622
12	0.01250	0.00893	0.01191	0.01429	0.01488	0.00834	0.00953	0.01429	0.01965	0.02620	0.05656	0.63265	0.06787	0.03215	0.01310	0.00417	0.00595	0.02917	0.00953	0.00834
13	0.04604	0.01746	0.02382	0.01826	0.02620	0.01508	0.01508	0.05001	0.02937	0.58244	0.04049	0.03493	0.02540	0.01270	0.01032	0.00318	0.00873	0.01032	0.01270	0.01746
14	0.02411	0.25038	0.31681	0.07573	0.03963	0.07172	0.02888	0.03198	0.02184	0.02858	0.01681	0.02016	0.01313	0.00953	0.00869	0.00286	0.01386	0.00693	0.00444	0.01392
15	0.07590	0.02092	0.02859	0.39937	0.05456	0.06647	0.02426	0.03077	0.02179	0.10321	0.02043	0.02655	0.01503	0.01115	0.01168	0.00339	0.05903	0.00882	0.00585	0.01223
16	0.03085	0.01415	0.01811	0.01519	0.02079	0.01223	0.01206	0.03433	0.02686	0.33115	0.10609	0.10244	0.19455	0.01878	0.01121	0.00334	0.00715	0.01578	0.01141	0.01352

[dist]
# distance from previous block
# <min> <max>
0	1

[block]
# block no. 4 follows, 14 sequences, length 35
# corresponding to MSA columns:
# 710-744
name=unknown_E
#
# <colnr> <probs for GDERKNQSTAVLIFYWHMCP>
#	G	D	E	R	K	N	Q	S	T	A	V	L	I	F	Y	W	H	M	C	P
0	0.02418	0.03116	0.19716	0.21065	0.04827	0.02436	0.07181	0.14369	0.02808	0.03848	0.06385	0.02901	0.02110	0.01128	0.01042	0.00328	0.01320	0.00970	0.00636	0.01395
1	0.71184	0.01985	0.01508	0.01350	0.01985	0.02302	0.01111	0.03017	0.01746	0.04604	0.01429	0.01667	0.01111	0.00953	0.00635	0.00318	0.00794	0.00556	0.00635	0.01111
2	0.08020	0.02117	0.03373	0.02602	0.03378	0.02050	0.17090	0.07528	0.06965	0.23808	0.03339	0.04045	0.02531	0.01317	0.01103	0.00346	0.01144	0.06822	0.00930	0.01492
3	0.02540	0.02438	0.04165	0.06299	0.57533	0.02438	0.03149	0.03149	0.02337	0.03353	0.01930	0.02540	0.01626	0.00914	0.01016	0.00305	0.01219	0.00914	0.00508	0.01626
4	0.02273	0.03263	0.20711	0.04077	0.19297	0.02359	0.16581	0.03278	0.06527	0.03327	0.02385	0.06885	0.01994	0.01120	0.01079	0.00333	0.01369	0.01108	0.00563	0.01472
5	0.71184	0.01985	0.01508	0.01350	0.01985	0.02302	0.01111	0.03017	0.01746	0.04604	0.01429	0.01667	0.01111	0.00953	0.00635	0.00318	0.00794	0.00556	0.00635	0.01111
6	0.71184	0.01985	0.01508	0.01350	0.01985	0.02302	0.01111	0.03017	0.01746	0.04604	0.01429	0.01667	0.01111	0.00953	0.00635	0.00318	0.00794	0.00556	0.00635	0.01111
7	0.02422	0.02768	0.06055	0.04325	0.05363	0.02595	0.53806	0.03287	0.02422	0.03287	0.02076	0.02768	0.01557	0.00865	0.01211	0.00346	0.01730	0.01211	0.00519	0.01384
8	0.03099	0.03337	0.24953	0.08795	0.03898	0.02202	0.02624	0.10015	0.05762	0.20974	0.02744	0.02777	0.01857	0.01128	0.01009	0.00324	0.01211	0.00904	0.00806	0.01582
9	0.01250	0.00893	0.01191	0.01429	0.01488	0.00834	0.00953	0.01429	0.01965	0.02620	0.05656	0.63265	0.06787	0.03215	0.01310	0.00417	0.00595	0.02917	0.00953	0.00834
10	0.01250	0.00893	0.01191	0.01429	0.01488	0.00834	0.00953	0.01429	0.01965	0.02620	0.05656	0.63265	0.06787	0.03215	0.01310	0.00417	0.00595	0.02917	0.00953	0.00834
11	0.63706	0.02344	0.07686	0.01520	0.02250	0.02311	0.01401	0.03042	0.01792	0.04458	0.01474	0.01721	0.01132	0.00955	0.00672	0.00318	0.00872	0.00578	0.00613	0.01155
12	0.63898	0.02299	0.01660	0.01490	0.02113	0.08523	0.01206	0.03134	0.01872	0.04378	0.01446	0.01687	0.01134	0.00964	0.00666	0.00312	0.00908	0.00567	0.00624	0.01120
13	0.01247	0.00906	0.01178	0.01395	0.01480	0.00836	0.00938	0.01433	0.01997	0.02633	0.06066	0.58652	0.11136	0.03162	0.01301	0.00411	0.00589	0.02852	0.00953	0.00836
14	0.02911	0.55405	0.04999	0.01892	0.02716	0.12609	0.01791	0.03230	0.02211	0.02429	0.01451	0.01678	0.01318	0.00905	0.00699	0.00226	0.01213	0.00566	0.00453	0.01297
15	0.01500	0.01026	0.01201	0.01157	0.01423	0.00942	0.00868	0.01930	0.02604	0.03737	0.34065	0.07320	0.19182	0.02012	0.01100	0.00310	0.00491	0.01726	0.16464	0.00942
16	0.12222	0.07559	0.02384	0.01889	0.02449	0.05697	0.01519	0.09429	0.24783	0.04093	0.03342	0.07516	0.02817	0.01445	0.00964	0.00329	0.00900	0.04023	0.05263	0.01378
17	0.01452	0.01049	0.01372	0.01291	0.01533	0.00968	0.00968	0.01937	0.02905	0.04115	0.56992	0.07666	0.09683	0.02098	0.01210	0.00323	0.00484	0.01856	0.01130	0.00968
18	0.03361	0.13461	0.03512	0.02330	0.03081	0.10826	0.07783	0.22909	0.03366	0.08681	0.02339	0.02502	0.01749	0.01103	0.00937	0.00284	0.01204	0.00868	0.08237	0.01466
19	0.01938	0.01824	0.03078	0.61468	0.07068	0.02280	0.02850	0.02622	0.02052	0.02622	0.01824	0.02736	0.01368	0.01026	0.01026	0.00342	0.01368	0.00912	0.00456	0.01140
20	0.03833	0.04891	0.02908	0.02644	0.03173	0.59815	0.01983	0.04098	0.02908	0.02512	0.01586	0.01851	0.01322	0.01058	0.00925	0.00264	0.01851	0.00661	0.00529	0.01190
21	0.01492	0.00995	0.01119	0.01119	0.01119	0.00995	0.00622	0.01492	0.01492	0.01990	0.03233	0.06716	0.03731	0.63935	0.05223	0.00995	0.00995	0.01492	0.00622	0.00622
22	0.01492	0.00995	0.01119	0.01119	0.01119	0.00995	0.00622	0.01492	0.01492	0.01990	0.03233	0.06716	0.03731	0.63935	0.05223	0.00995	0.00995	0.01492	0.00622	0.00622
23	0.71184	0.01985	0.01508	0.01350	0.01985	0.02302	0.01111	0.03017	0.01746	0.04604	0.01429	0.01667	0.01111	0.00953	0.00635	0.00318	0.00794	0.00556	0.00635	0.01111
24	0.04324	0.02196	0.02660	0.02039	0.02844	0.02176	0.01685	0.24576	0.03690	0.37607	0.03417	0.03083	0.02223	0.01255	0.01030	0.00314	0.00975	0.00989	0.01173	0.01746
25	0.02422	0.02768	0.06055	0.04325	0.05363	0.02595	0.53806	0.03287	0.02422	0.03287	0.02076	0.02768	0.01557	0.00865	0.01211	0.00346	0.01730	0.01211	0.00519	0.01384
26	0.01639	0.01121	0.01249	0.01172	0.01551	0.00957	0.00895	0.01953	0.02504	0.09298	0.17686	0.08772	0.42769	0.02362	0.01192	0.00339	0.00554	0.01984	0.01019	0.00984
27	0.03181	0.21343	0.03650	0.09069	0.03423	0.32880	0.02037	0.03509	0.02470	0.02493	0.01549	0.01924	0.01328	0.01062	0.01055	0.00275	0.06373	0.00676	0.00489	0.01215
28	0.03901	0.02874	0.03080	0.02361	0.03182	0.03182	0.01951	0.54111	0.04825	0.06468	0.02464	0.02464	0.01745	0.01232	0.01027	0.00308	0.01129	0.00924	0.01027	0.01745
29	0.01461	0.01000	0.01110	0.01110	0.01150	0.00980	0.00640	0.01490	0.01588	0.02079	0.04046	0.07074	0.09789	0.56975	0.04768	0.00921	0.00941	0.01569	0.00659	0.00650
30	0.02114	0.04956	0.52230	0.02830	0.04240	0.02402	0.03546	0.03500	0.08239	0.03368	0.02107	0.02355	0.01508	0.01022	0.00983	0.00328	0.01437	0.00804	0.00503	0.01529
31	0.02816	0.01951	0.02140	0.01885	0.02454	0.02149	0.01477	0.04946	0.39113	0.13503	0.04039	0.03771	0.02960	0.01344	0.00996	0.00328	0.00776	0.01110	0.10692	0.01552
32	0.02546	0.02284	0.03666	0.17349	0.04568	0.05512	0.18467	0.03383	0.06979	0.09101	0.02585	0.03415	0.02037	0.01130	0.01078	0.00324	0.01311	0.04442	0.00670	0.09152
33	0.01390	0.01075	0.01285	0.01416	0.01599	0.01036	0.00990	0.01895	0.08145	0.02844	0.06562	0.44428	0.17773	0.02869	0.01258	0.00393	0.00603	0.02548	0.00963	0.00931
34	0.02397	0.06548	0.08579	0.01828	0.02767	0.01958	0.01647	0.08764	0.06697	0.03702	0.02059	0.02273	0.01636	0.00895	0.00829	0.00209	0.00910	0.00700	0.00660	0.44941

[dist]
# distance from previous block
# <min> <max>
6	20

[block]
# block no. 5 follows, 14 sequences, length 37
# corresponding to MSA columns:
# 765-801
name=unknown_F
#
# <colnr> <probs for GDERKNQSTAVLIFYWHMCP>
#	G	D	E	R	K	N	Q	S	T	A	V	L	I	F	Y	W	H	M	C	P
0	0.19054	0.15980	0.03089	0.01940	0.02705	0.08702	0.01644	0.20002	0.03043	0.07566	0.01963	0.02080	0.01495	0.01044	0.00830	0.00277	0.01079	0.00717	0.00746	0.06046
1	0.03057	0.16795	0.07130	0.02221	0.03057	0.07283	0.04780	0.15314	0.12101	0.07653	0.02434	0.02499	0.01845	0.01081	0.00918	0.00279	0.01126	0.00839	0.00763	0.08825
2	0.12638	0.09546	0.15843	0.02036	0.02921	0.05651	0.02007	0.08678	0.05379	0.07721	0.07670	0.02788	0.02386	0.01124	0.00900	0.00287	0.01065	0.00852	0.00716	0.09792
3	0.02491	0.19502	0.03308	0.02271	0.08169	0.02644	0.01707	0.03788	0.20995	0.03420	0.02553	0.02634	0.02042	0.01031	0.00858	0.00255	0.00919	0.00817	0.00704	0.19891
4	0.01535	0.00991	0.01103	0.01103	0.01127	0.00991	0.00632	0.01584	0.01559	0.02176	0.03245	0.06422	0.03619	0.57562	0.04766	0.00918	0.00942	0.01438	0.07632	0.00656
5	0.01958	0.01824	0.02980	0.55292	0.06590	0.02186	0.02682	0.02618	0.02060	0.02696	0.01824	0.02673	0.01384	0.00999	0.00999	0.00322	0.01305	0.00881	0.00472	0.08255
6	0.04604	0.01746	0.02382	0.01826	0.02620	0.01508	0.01508	0.05001	0.02937	0.58244	0.04049	0.03493	0.02540	0.01270	0.01032	0.00318	0.00873	0.01032	0.01270	0.01746
7	0.01330	0.00995	0.01234	0.01279	0.01484	0.00900	0.00919	0.01660	0.02461	0.03306	0.29096	0.26671	0.19736	0.02586	0.01244	0.00360	0.00529	0.02281	0.01030	0.00900
8	0.01492	0.00995	0.01119	0.01119	0.01119	0.00995	0.00622	0.01492	0.01492	0.01990	0.03233	0.06716	0.03731	0.63935	0.05223	0.00995	0.00995	0.01492	0.00622	0.00622
9	0.01213	0.01040	0.01040	0.01040	0.01386	0.00866	0.00780	0.01473	0.02339	0.02772	0.10396	0.09876	0.57117	0.02599	0.01213	0.00347	0.00520	0.02166	0.00953	0.00866
10	0.01938	0.01824	0.03078	0.61468	0.07068	0.02280	0.02850	0.02622	0.02052	0.02622	0.01824	0.02736	0.01368	0.01026	0.01026	0.00342	0.01368	0.00912	0.00456	0.01140
11	0.04604	0.01746	0.02382	0.01826	0.02620	0.01508	0.01508	0.05001	0.02937	0.58244	0.04049	0.03493	0.02540	0.01270	0.01032	0.00318	0.00873	0.01032	0.01270	0.01746
12	0.02128	0.01824	0.02128	0.01520	0.02432	0.01368	0.01216	0.02584	0.02128	0.03344	0.01824	0.02128	0.01520	0.00760	0.00760	0.00152	0.00760	0.00608	0.00608	0.70208
13	0.04604	0.01746	0.02382	0.01826	0.02620	0.01508	0.01508	0.05001	0.02937	0.58244	0.04049	0.03493	0.02540	0.01270	0.01032	0.00318	0.00873	0.01032	0.01270	0.01746
14	0.01296	0.01043	0.01155	0.01127	0.01437	0.00902	0.00845	0.01633	0.02535	0.03237	0.26536	0.09110	0.40687	0.02425	0.01212	0.00338	0.00507	0.02058	0.01014	0.00902
15	0.01672	0.01337	0.01746	0.02041	0.07428	0.01364	0.01315	0.02489	0.13081	0.03224	0.11434	0.37974	0.05882	0.02469	0.01213	0.00380	0.00689	0.02222	0.00948	0.01092
16	0.03029	0.10180	0.22953	0.02866	0.09058	0.02827	0.02676	0.22913	0.03242	0.07421	0.02167	0.02336	0.01574	0.01074	0.00969	0.00305	0.01257	0.00831	0.00716	0.01607
17	0.03044	0.01650	0.02013	0.01707	0.02264	0.01636	0.01352	0.04189	0.18047	0.25483	0.17114	0.04644	0.04482	0.01504	0.01057	0.00322	0.00731	0.01267	0.06030	0.01463
18	0.64034	0.02079	0.01675	0.01457	0.02112	0.02396	0.01201	0.08446	0.02074	0.04802	0.01539	0.01752	0.01179	0.00982	0.00677	0.00317	0.00829	0.00595	0.00677	0.01179
19	0.06836	0.07436	0.14080	0.01819	0.02835	0.01852	0.01786	0.02790	0.02107	0.03337	0.01770	0.02067	0.01431	0.00827	0.00788	0.00204	0.00946	0.00631	0.00560	0.45897
20	0.50450	0.07140	0.05811	0.01700	0.02393	0.12062	0.01481	0.03217	0.01993	0.04008	0.01483	0.01729	0.01174	0.00966	0.00708	0.00302	0.01040	0.00586	0.00590	0.01166
21	0.01452	0.01049	0.01372	0.01291	0.01533	0.00968	0.00968	0.01937	0.02905	0.04115	0.56992	0.07666	0.09683	0.02098	0.01210	0.00323	0.00484	0.01856	0.01130	0.00968
22	0.02058	0.05308	0.58618	0.02925	0.04442	0.02383	0.03792	0.03250	0.02167	0.03250	0.01842	0.02167	0.01300	0.00975	0.00975	0.00325	0.01517	0.00758	0.00433	0.01517
23	0.01524	0.01131	0.01452	0.01315	0.01629	0.01011	0.00995	0.02005	0.02822	0.04033	0.51129	0.07077	0.08815	0.01956	0.01163	0.00305	0.00513	0.01723	0.01074	0.08326
24	0.01250	0.00893	0.01191	0.01429	0.01488	0.00834	0.00953	0.01429	0.01965	0.02620	0.05656	0.63265	0.06787	0.03215	0.01310	0.00417	0.00595	0.02917	0.00953	0.00834
25	0.09781	0.01765	0.02314	0.01789	0.02570	0.01570	0.01477	0.04847	0.02845	0.54074	0.03845	0.03351	0.02429	0.01245	0.01001	0.00318	0.00867	0.00995	0.01221	0.01697
26	0.02091	0.03622	0.30733	0.12915	0.17246	0.02263	0.03222	0.02975	0.02134	0.03082	0.01956	0.02544	0.01523	0.01683	0.07251	0.00464	0.01553	0.00856	0.00467	0.01419
27	0.01512	0.01085	0.01578	0.01578	0.01767	0.01249	0.01225	0.01890	0.01701	0.02531	0.02810	0.04010	0.02572	0.07027	0.53774	0.01504	0.02515	0.01085	0.07667	0.00920
28	0.02552	0.02030	0.06144	0.02233	0.06100	0.01962	0.01763	0.03445	0.11627	0.13169	0.07051	0.03458	0.02765	0.01993	0.07350	0.00457	0.10991	0.01029	0.05426	0.08455
29	0.01250	0.00893	0.01191	0.01429	0.01488	0.00834	0.00953	0.01429	0.01965	0.02620	0.05656	0.63265	0.06787	0.03215	0.01310	0.00417	0.00595	0.02917	0.00953	0.00834
30	0.02563	0.02108	0.02333	0.01911	0.02632	0.02129	0.01530	0.12377	0.23712	0.04227	0.03099	0.03483	0.02485	0.01227	0.00961	0.00277	0.00855	0.04201	0.00873	0.27018
31	0.02632	0.03508	0.26754	0.02543	0.03702	0.02136	0.08016	0.08563	0.02558	0.10703	0.02211	0.02423	0.01585	0.00977	0.00962	0.00284	0.01238	0.00823	0.00653	0.17730
32	0.07191	0.04115	0.37608	0.02606	0.03761	0.02387	0.03014	0.06746	0.02359	0.11105	0.02110	0.02345	0.01494	0.01116	0.01210	0.00335	0.07590	0.00808	0.00604	0.01496
33	0.02153	0.03794	0.32599	0.04016	0.23738	0.02244	0.03262	0.03025	0.02209	0.03223	0.02267	0.08599	0.01985	0.01183	0.01025	0.00327	0.01312	0.01038	0.00514	0.01486
34	0.03155	0.01939	0.03057	0.24290	0.17313	0.02007	0.02381	0.03706	0.02476	0.25196	0.02745	0.02994	0.01902	0.01098	0.01026	0.00323	0.01133	0.00961	0.00796	0.01500
35	0.03527	0.02037	0.03151	0.08985	0.09037	0.01972	0.09086	0.09178	0.02903	0.30200	0.06677	0.03386	0.02579	0.01203	0.01066	0.00322	0.01080	0.01076	0.00968	0.01568
36	0.02653	0.03083	0.19348	0.03713	0.20325	0.02223	0.06173	0.08486	0.02585	0.10398	0.02629	0.09012	0.02202	0.01250	0.01052	0.00327	0.01221	0.01118	0.00683	0.01521

[dist]
# distance from previous block
# <min> <max>
1	7

[block]
# block no. 6 follows, 14 sequences, length 11
# corresponding to MSA columns:
# 809-819
name=unknown_G
#
# <colnr> <probs for GDERKNQSTAVLIFYWHMCP>
#	G	D	E	R	K	N	Q	S	T	A	V	L	I	F	Y	W	H	M	C	P
0	0.33270	0.12465	0.03016	0.06365	0.02997	0.02469	0.09191	0.03138	0.02118	0.08724	0.05841	0.02509	0.01985	0.01045	0.00831	0.00308	0.01011	0.00816	0.00665	0.01236
1	0.01777	0.01574	0.02315	0.27258	0.04122	0.01751	0.01907	0.02252	0.02105	0.02861	0.08088	0.13807	0.07326	0.01642	0.01272	0.00335	0.06346	0.01386	0.00661	0.11217
2	0.02890	0.26819	0.20726	0.02590	0.08054	0.07365	0.02474	0.03510	0.02328	0.11367	0.02013	0.02183	0.01528	0.00985	0.00864	0.00278	0.01259	0.00728	0.00579	0.01461
3	0.02963	0.02928	0.10948	0.11475	0.21034	0.02720	0.02697	0.24332	0.03313	0.04541	0.02127	0.02483	0.01597	0.01070	0.01016	0.00314	0.01242	0.00897	0.00707	0.01597
4	0.01409	0.01047	0.01312	0.01245	0.01506	0.00950	0.00934	0.01852	0.02802	0.03872	0.48541	0.08067	0.18286	0.02189	0.01211	0.00327	0.00491	0.01912	0.01098	0.00950
5	0.01743	0.01141	0.01304	0.01207	0.01593	0.00980	0.00925	0.02074	0.02552	0.10858	0.20171	0.08475	0.38607	0.02298	0.01187	0.00337	0.00561	0.01936	0.01038	0.01013
6	0.01452	0.01049	0.01372	0.01291	0.01533	0.00968	0.00968	0.01937	0.02905	0.04115	0.56992	0.07666	0.09683	0.02098	0.01210	0.00323	0.00484	0.01856	0.01130	0.00968
7	0.10479	0.01767	0.02304	0.01784	0.02564	0.01578	0.01473	0.04826	0.02832	0.53511	0.03817	0.03332	0.02414	0.01242	0.00997	0.00318	0.00866	0.00990	0.01214	0.01690
8	0.01452	0.01049	0.01372	0.01291	0.01533	0.00968	0.00968	0.01937	0.02905	0.04115	0.56992	0.07666	0.09683	0.02098	0.01210	0.00323	0.00484	0.01856	0.01130	0.00968
9	0.02128	0.02018	0.03421	0.44064	0.22988	0.02330	0.02944	0.02788	0.02142	0.02852	0.01858	0.02674	0.01449	0.00991	0.01023	0.00330	0.01321	0.00913	0.00472	0.01293
10	0.08525	0.08037	0.04209	0.03517	0.13792	0.02751	0.17758	0.17066	0.03009	0.08192	0.02188	0.02510	0.01636	0.01011	0.01017	0.00313	0.01280	0.00955	0.00711	0.01525

[dist]
# distance from previous block
# <min> <max>
0	1

[block]
# block no. 7 follows, 14 sequences, length 13
# corresponding to MSA columns:
# 821-833
name=unknown_H
#
# <colnr> <probs for GDERKNQSTAVLIFYWHMCP>
#	G	D	E	R	K	N	Q	S	T	A	V	L	I	F	Y	W	H	M	C	P
0	0.49856	0.02113	0.02092	0.02208	0.10703	0.02320	0.01501	0.07060	0.02112	0.04461	0.01619	0.01901	0.01273	0.00954	0.00735	0.00302	0.00884	0.00644	0.00644	0.06616
1	0.02300	0.02305	0.02683	0.07647	0.10347	0.11062	0.01939	0.02715	0.02319	0.03120	0.15057	0.03565	0.03426	0.01437	0.01613	0.00323	0.16496	0.01060	0.00655	0.09929
2	0.01250	0.00893	0.01191	0.01429	0.01488	0.00834	0.00953	0.01429	0.01965	0.02620	0.05656	0.63265	0.06787	0.03215	0.01310	0.00417	0.00595	0.02917	0.00953	0.00834
3	0.01416	0.01011	0.01381	0.01618	0.01751	0.00976	0.01241	0.01715	0.02128	0.02805	0.05565	0.42022	0.06425	0.03059	0.01354	0.00440	0.00739	0.22524	0.00949	0.00879
4	0.04604	0.01746	0.02382	0.01826	0.02620	0.01508	0.01508	0.05001	0.02937	0.58244	0.04049	0.03493	0.02540	0.01270	0.01032	0.00318	0.00873	0.01032	0.01270	0.01746
5	0.02553	0.02204	0.02320	0.02088	0.02669	0.02553	0.01624	0.05453	0.55679	0.04293	0.04177	0.03829	0.03133	0.01392	0.01044	0.00348	0.00812	0.01160	0.01044	0.01624
6	0.04217	0.02368	0.02766	0.02121	0.02930	0.02431	0.01752	0.32076	0.03978	0.29700	0.03175	0.02926	0.02102	0.01249	0.01029	0.00312	0.01014	0.00972	0.01136	0.01746
7	0.01492	0.00995	0.01119	0.01119	0.01119	0.00995	0.00622	0.01492	0.01492	0.01990	0.03233	0.06716	0.03731	0.63935	0.05223	0.00995	0.00995	0.01492	0.00622	0.00622
8	0.02245	0.02245	0.03143	0.02694	0.02694	0.03143	0.02245	0.02470	0.01572	0.02470	0.01347	0.02245	0.01347	0.01796	0.03368	0.00449	0.62057	0.00898	0.00449	0.01123
9	0.02128	0.01824	0.02128	0.01520	0.02432	0.01368	0.01216	0.02584	0.02128	0.03344	0.01824	0.02128	0.01520	0.00760	0.00760	0.00152	0.00760	0.00608	0.00608	0.70208
10	0.02058	0.05308	0.58618	0.02925	0.04442	0.02383	0.03792	0.03250	0.02167	0.03250	0.01842	0.02167	0.01300	0.00975	0.00975	0.00325	0.01517	0.00758	0.00433	0.01517
11	0.01259	0.00939	0.01173	0.01331	0.01470	0.00852	0.00916	0.01482	0.02128	0.02782	0.11105	0.46674	0.18184	0.02983	0.01280	0.00393	0.00569	0.02660	0.00968	0.00852
12	0.02447	0.02094	0.02229	0.02012	0.02560	0.02400	0.01561	0.05116	0.50614	0.04276	0.09246	0.04197	0.03761	0.01460	0.01060	0.00346	0.00781	0.01227	0.01052	0.01561

[dist]
# distance from previous block
# <min> <max>
0	107

# created by:
# /st0/software/busco_prod/Augustus/scripts/msa2prfl.pl ./align_prep/6653.fa
