[name]
unknown

[dist]
# distance from previous block
# <min> <max>
0	451

[block]
# block no. 0 follows, 15 sequences, length 31
# corresponding to MSA columns:
# 493-523
name=unknown_A
#
# <colnr> <probs for GDERKNQSTAVLIFYWHMCP>
#	G	D	E	R	K	N	Q	S	T	A	V	L	I	F	Y	W	H	M	C	P
0	0.02910	0.06981	0.11496	0.02370	0.06956	0.02233	0.02014	0.07118	0.20120	0.17332	0.03327	0.03660	0.02529	0.01292	0.01000	0.00323	0.00985	0.04941	0.00888	0.01525
1	0.03096	0.07211	0.03256	0.03302	0.21346	0.02365	0.02081	0.17035	0.02950	0.13233	0.02295	0.02468	0.01716	0.00999	0.00925	0.00268	0.01025	0.00834	0.00758	0.12837
2	0.01294	0.00929	0.01228	0.01334	0.01463	0.00862	0.00932	0.01587	0.02277	0.03130	0.26747	0.41393	0.07727	0.02686	0.01233	0.00368	0.00535	0.02418	0.00995	0.00862
3	0.02284	0.03586	0.31768	0.07221	0.08927	0.02215	0.02838	0.05710	0.10440	0.06851	0.02549	0.06804	0.02024	0.01185	0.00993	0.00323	0.01217	0.00988	0.00628	0.01450
4	0.01656	0.00893	0.01242	0.01242	0.01242	0.00893	0.00796	0.01339	0.01339	0.01786	0.02109	0.03966	0.02238	0.19930	0.04211	0.52246	0.00893	0.01022	0.00479	0.00479
5	0.03078	0.02794	0.07551	0.02750	0.07704	0.06597	0.07707	0.19778	0.18297	0.09091	0.02798	0.02821	0.02044	0.01149	0.01010	0.00313	0.01138	0.00969	0.00850	0.01561
6	0.02449	0.02305	0.10202	0.07222	0.10122	0.01961	0.02007	0.15320	0.02737	0.07603	0.03083	0.19006	0.02940	0.01589	0.01042	0.00320	0.00992	0.01375	0.00776	0.06946
7	0.02067	0.01772	0.02067	0.01477	0.02362	0.01329	0.01181	0.02510	0.02067	0.03248	0.01772	0.02067	0.01477	0.00738	0.00738	0.00148	0.00738	0.00591	0.00591	0.71059
8	0.01215	0.00868	0.01157	0.01388	0.01446	0.00810	0.00925	0.01388	0.01909	0.02545	0.05495	0.64315	0.06593	0.03123	0.01272	0.00405	0.00578	0.02834	0.00925	0.00810
9	0.08093	0.02689	0.12721	0.02944	0.08052	0.02156	0.15929	0.08552	0.02642	0.22312	0.02597	0.02708	0.01782	0.01032	0.01010	0.00315	0.01211	0.00953	0.00787	0.01515
10	0.01238	0.01012	0.01093	0.01073	0.01383	0.00867	0.00804	0.01546	0.02413	0.03028	0.22442	0.09043	0.45790	0.02400	0.01178	0.00331	0.00496	0.02027	0.00970	0.00867
11	0.01986	0.01509	0.02382	0.02220	0.07534	0.01372	0.10629	0.02413	0.02403	0.10680	0.13358	0.12444	0.23150	0.01899	0.01146	0.00333	0.00823	0.01716	0.00878	0.01124
12	0.02256	0.02114	0.03462	0.14595	0.40426	0.02208	0.02695	0.03001	0.06588	0.03148	0.02369	0.08330	0.02120	0.01150	0.01017	0.00315	0.01120	0.01087	0.00567	0.01430
13	0.01424	0.01068	0.01602	0.01602	0.01780	0.01246	0.01246	0.01780	0.01602	0.02314	0.02670	0.03916	0.02492	0.07477	0.61015	0.01602	0.02670	0.01068	0.00534	0.00890
14	0.02067	0.01772	0.02067	0.01477	0.02362	0.01329	0.01181	0.02510	0.02067	0.03248	0.01772	0.02067	0.01477	0.00738	0.00738	0.00148	0.00738	0.00591	0.00591	0.71059
15	0.03065	0.40059	0.04238	0.01902	0.02656	0.03377	0.01750	0.12464	0.02563	0.10774	0.01902	0.02035	0.01516	0.01046	0.00991	0.00262	0.06678	0.00692	0.00638	0.01392
16	0.02555	0.01858	0.02439	0.02300	0.11761	0.01525	0.01543	0.03013	0.02238	0.13087	0.02167	0.02366	0.01667	0.00850	0.00826	0.00200	0.00832	0.00712	0.00687	0.47374
17	0.02100	0.01723	0.02609	0.38285	0.09595	0.02014	0.02241	0.07340	0.02283	0.03213	0.02174	0.02859	0.01663	0.01043	0.00928	0.00303	0.01099	0.00897	0.16470	0.01160
18	0.01215	0.00868	0.01157	0.01388	0.01446	0.00810	0.00925	0.01388	0.01909	0.02545	0.05495	0.64315	0.06593	0.03123	0.01272	0.00405	0.00578	0.02834	0.00925	0.00810
19	0.01883	0.01772	0.02990	0.62569	0.06866	0.02215	0.02769	0.02547	0.01993	0.02547	0.01772	0.02658	0.01329	0.00997	0.00997	0.00332	0.01329	0.00886	0.00443	0.01107
20	0.04075	0.07318	0.02549	0.01810	0.02534	0.07046	0.01497	0.04449	0.02779	0.46247	0.06638	0.03331	0.02661	0.01229	0.00973	0.00296	0.00931	0.00976	0.01093	0.01569
21	0.06782	0.08051	0.12766	0.02437	0.10194	0.01881	0.04954	0.02596	0.02345	0.03488	0.20958	0.03922	0.04109	0.01267	0.00966	0.00282	0.00924	0.01095	0.00702	0.10282
22	0.03724	0.04751	0.02825	0.02568	0.03082	0.60963	0.01926	0.03981	0.02825	0.02440	0.01541	0.01798	0.01284	0.01027	0.00899	0.00257	0.01798	0.00642	0.00514	0.01156
23	0.03684	0.02141	0.07998	0.07523	0.12896	0.01762	0.02055	0.04200	0.02613	0.39811	0.03200	0.03053	0.02109	0.01128	0.00994	0.00309	0.01004	0.00948	0.00965	0.01608
24	0.02108	0.01919	0.02775	0.18779	0.18693	0.01969	0.02125	0.02986	0.10320	0.03154	0.02897	0.03260	0.06863	0.01100	0.00954	0.00282	0.01000	0.00966	0.00619	0.17230
25	0.01256	0.01013	0.01118	0.01092	0.01394	0.00875	0.00819	0.01582	0.02456	0.03130	0.26222	0.08874	0.41946	0.02362	0.01177	0.00329	0.00493	0.02003	0.00983	0.00875
26	0.38265	0.02814	0.14292	0.01862	0.02646	0.05282	0.01793	0.03549	0.13902	0.04020	0.02065	0.02192	0.01558	0.01028	0.00789	0.00314	0.00979	0.00716	0.00656	0.01277
27	0.02342	0.01524	0.01994	0.06030	0.05551	0.01546	0.01428	0.03322	0.14417	0.14898	0.28672	0.05225	0.05655	0.01594	0.01084	0.00318	0.00714	0.01383	0.01027	0.01276
28	0.01447	0.00970	0.01105	0.01099	0.01116	0.00965	0.00628	0.01480	0.01547	0.02080	0.07055	0.06589	0.04035	0.60494	0.04797	0.00920	0.00931	0.01475	0.00639	0.00628
29	0.02748	0.60813	0.05036	0.01773	0.02600	0.08400	0.01723	0.03063	0.02088	0.02353	0.01398	0.01615	0.01280	0.00867	0.00660	0.00217	0.01123	0.00542	0.00433	0.01270
30	0.08601	0.29686	0.06893	0.02330	0.06989	0.03020	0.05644	0.11015	0.02558	0.11610	0.02008	0.02147	0.01536	0.00972	0.00823	0.00267	0.01088	0.00738	0.00654	0.01422

[dist]
# distance from previous block
# <min> <max>
0	1

[block]
# block no. 1 follows, 15 sequences, length 15
# corresponding to MSA columns:
# 525-539
name=unknown_B
#
# <colnr> <probs for GDERKNQSTAVLIFYWHMCP>
#	G	D	E	R	K	N	Q	S	T	A	V	L	I	F	Y	W	H	M	C	P
0	0.03048	0.07402	0.08184	0.02914	0.10317	0.11990	0.05744	0.20009	0.12910	0.04164	0.02345	0.02488	0.01780	0.01090	0.00967	0.00297	0.01233	0.00878	0.00738	0.01503
1	0.01240	0.00887	0.01179	0.01371	0.01451	0.00826	0.00927	0.01451	0.02025	0.02730	0.12225	0.57055	0.06952	0.02985	0.01260	0.00393	0.00565	0.02702	0.00947	0.00826
2	0.02077	0.02562	0.16830	0.14885	0.18606	0.01924	0.02598	0.02726	0.02143	0.06129	0.02795	0.14349	0.02644	0.01452	0.01053	0.00337	0.01139	0.03850	0.00609	0.01292
3	0.02403	0.02540	0.10756	0.22547	0.13580	0.02265	0.18742	0.03139	0.02249	0.08923	0.02092	0.02649	0.01536	0.00951	0.01045	0.00323	0.01380	0.00969	0.00550	0.01358
4	0.01239	0.00878	0.01149	0.01356	0.01408	0.00826	0.00892	0.01395	0.01860	0.02480	0.05246	0.58223	0.06280	0.09642	0.01673	0.00464	0.00619	0.02688	0.00892	0.00788
5	0.12985	0.01899	0.02312	0.01797	0.02552	0.01821	0.01484	0.12605	0.02996	0.44019	0.03365	0.03009	0.02168	0.01189	0.00952	0.00307	0.00878	0.00927	0.01118	0.01618
6	0.02624	0.08004	0.08606	0.04015	0.27468	0.05347	0.06106	0.06999	0.02491	0.07125	0.02431	0.03520	0.02106	0.01179	0.01014	0.00313	0.01202	0.07389	0.00625	0.01439
7	0.02757	0.15115	0.35163	0.02362	0.03543	0.02389	0.02756	0.03565	0.02284	0.17534	0.02270	0.02346	0.01577	0.01004	0.00906	0.00295	0.01239	0.00769	0.00632	0.01496
8	0.01606	0.01147	0.01606	0.01836	0.02065	0.01147	0.01606	0.02065	0.02295	0.02983	0.05278	0.11245	0.05737	0.02754	0.01377	0.00459	0.00918	0.52037	0.00918	0.00918
9	0.01341	0.00956	0.01084	0.01131	0.01218	0.00907	0.00703	0.01433	0.01727	0.02228	0.05182	0.18880	0.16538	0.38430	0.03430	0.00711	0.00784	0.01876	0.00741	0.00699
10	0.02460	0.14918	0.28916	0.03377	0.16218	0.02561	0.06378	0.03252	0.02208	0.07859	0.01935	0.02245	0.01457	0.00934	0.00921	0.00294	0.01295	0.00786	0.00513	0.01473
11	0.02175	0.01288	0.01704	0.01740	0.06613	0.01155	0.01199	0.02554	0.02568	0.17076	0.23132	0.10480	0.20430	0.01951	0.01124	0.00323	0.00641	0.01682	0.01020	0.01144
12	0.01606	0.01147	0.01606	0.01836	0.02065	0.01147	0.01606	0.02065	0.02295	0.02983	0.05278	0.11245	0.05737	0.02754	0.01377	0.00459	0.00918	0.52037	0.00918	0.00918
13	0.01424	0.01068	0.01602	0.01602	0.01780	0.01246	0.01246	0.01780	0.01602	0.02314	0.02670	0.03916	0.02492	0.07477	0.61015	0.01602	0.02670	0.01068	0.00534	0.00890
14	0.02341	0.14350	0.20314	0.02824	0.03760	0.09960	0.17633	0.03026	0.02231	0.02860	0.02206	0.09757	0.01993	0.01176	0.00994	0.00307	0.01394	0.01073	0.00519	0.01281

[dist]
# distance from previous block
# <min> <max>
0	3

[block]
# block no. 2 follows, 15 sequences, length 28
# corresponding to MSA columns:
# 543-570
name=unknown_C
#
# <colnr> <probs for GDERKNQSTAVLIFYWHMCP>
#	G	D	E	R	K	N	Q	S	T	A	V	L	I	F	Y	W	H	M	C	P
0	0.02631	0.38800	0.04104	0.01925	0.02606	0.03428	0.01740	0.06646	0.15779	0.03042	0.02102	0.02240	0.01746	0.01099	0.01054	0.00275	0.08077	0.00741	0.00608	0.01357
1	0.02346	0.45911	0.11194	0.01760	0.02572	0.03175	0.01804	0.02797	0.02186	0.02758	0.12204	0.02769	0.02817	0.01089	0.00779	0.00245	0.01003	0.00799	0.00553	0.01239
2	0.72007	0.01928	0.01465	0.01311	0.01928	0.02236	0.01080	0.02930	0.01697	0.04473	0.01388	0.01619	0.01080	0.00925	0.00617	0.00308	0.00771	0.00540	0.00617	0.01080
3	0.01496	0.01002	0.01256	0.01193	0.01427	0.00938	0.00894	0.01965	0.02683	0.03944	0.47806	0.06740	0.08108	0.01872	0.01085	0.00298	0.00469	0.01637	0.14247	0.00938
4	0.72007	0.01928	0.01465	0.01311	0.01928	0.02236	0.01080	0.02930	0.01697	0.04473	0.01388	0.01619	0.01080	0.00925	0.00617	0.00308	0.00771	0.00540	0.00617	0.01080
5	0.01215	0.00868	0.01157	0.01388	0.01446	0.00810	0.00925	0.01388	0.01909	0.02545	0.05495	0.64315	0.06593	0.03123	0.01272	0.00405	0.00578	0.02834	0.00925	0.00810
6	0.04473	0.01697	0.02313	0.01774	0.02545	0.01465	0.01465	0.04858	0.02853	0.59437	0.03933	0.03393	0.02468	0.01234	0.01003	0.00308	0.00848	0.01003	0.01234	0.01697
7	0.04473	0.01697	0.02313	0.01774	0.02545	0.01465	0.01465	0.04858	0.02853	0.59437	0.03933	0.03393	0.02468	0.01234	0.01003	0.00308	0.00848	0.01003	0.01234	0.01697
8	0.02067	0.01772	0.02067	0.01477	0.02362	0.01329	0.01181	0.02510	0.02067	0.03248	0.01772	0.02067	0.01477	0.00738	0.00738	0.00148	0.00738	0.00591	0.00591	0.71059
9	0.02353	0.02689	0.05882	0.04202	0.05210	0.02521	0.55126	0.03193	0.02353	0.03193	0.02017	0.02689	0.01513	0.00840	0.01176	0.00336	0.01681	0.01176	0.00504	0.01345
10	0.01411	0.01019	0.01333	0.01254	0.01489	0.00941	0.00941	0.01881	0.02822	0.03998	0.58221	0.07447	0.09406	0.02038	0.01176	0.00314	0.00470	0.01803	0.01097	0.00941
11	0.72007	0.01928	0.01465	0.01311	0.01928	0.02236	0.01080	0.02930	0.01697	0.04473	0.01388	0.01619	0.01080	0.00925	0.00617	0.00308	0.00771	0.00540	0.00617	0.01080
12	0.01599	0.01064	0.01373	0.01269	0.01549	0.00968	0.00961	0.02046	0.02780	0.07631	0.50672	0.07347	0.12891	0.02023	0.01164	0.00315	0.00499	0.01773	0.01093	0.00984
13	0.03724	0.04751	0.02825	0.02568	0.03082	0.60963	0.01926	0.03981	0.02825	0.02440	0.01541	0.01798	0.01284	0.01027	0.00899	0.00257	0.01798	0.00642	0.00514	0.01156
14	0.01633	0.01088	0.01454	0.01373	0.01646	0.01065	0.01054	0.02034	0.02379	0.07792	0.30617	0.06300	0.12885	0.03713	0.19632	0.00714	0.01184	0.01549	0.00913	0.00974
15	0.02093	0.02112	0.02971	0.55728	0.06435	0.08913	0.02673	0.02711	0.02088	0.02535	0.01746	0.02560	0.01324	0.01000	0.00986	0.00324	0.01382	0.00858	0.00451	0.01113
16	0.01379	0.00985	0.01345	0.01576	0.01706	0.00951	0.01211	0.01672	0.02071	0.02729	0.05404	0.42056	0.06234	0.02968	0.01316	0.00428	0.00721	0.23471	0.00922	0.00855
17	0.01562	0.01116	0.01555	0.01785	0.01995	0.01109	0.01529	0.01988	0.02251	0.02933	0.05303	0.17296	0.05835	0.02796	0.01365	0.00453	0.00879	0.46427	0.00919	0.00906
18	0.01411	0.01019	0.01333	0.01254	0.01489	0.00941	0.00941	0.01881	0.02822	0.03998	0.58221	0.07447	0.09406	0.02038	0.01176	0.00314	0.00470	0.01803	0.01097	0.00941
19	0.01458	0.01025	0.01337	0.01363	0.01455	0.01090	0.00956	0.01642	0.01602	0.02194	0.03211	0.06099	0.03447	0.36629	0.25324	0.01144	0.01591	0.07077	0.00614	0.00746
20	0.03724	0.04751	0.02825	0.02568	0.03082	0.60963	0.01926	0.03981	0.02825	0.02440	0.01541	0.01798	0.01284	0.01027	0.00899	0.00257	0.01798	0.00642	0.00514	0.01156
21	0.02021	0.04069	0.41249	0.02403	0.03687	0.01998	0.02879	0.02949	0.02093	0.03186	0.01783	0.02093	0.01332	0.00880	0.00880	0.00262	0.01237	0.00690	0.00475	0.23833
22	0.03446	0.01849	0.05692	0.01903	0.02527	0.01623	0.01644	0.04007	0.05860	0.37326	0.03868	0.08383	0.03014	0.01578	0.01247	0.00346	0.05904	0.07261	0.01047	0.01472
23	0.72007	0.01928	0.01465	0.01311	0.01928	0.02236	0.01080	0.02930	0.01697	0.04473	0.01388	0.01619	0.01080	0.00925	0.00617	0.00308	0.00771	0.00540	0.00617	0.01080
24	0.02219	0.02859	0.19871	0.17320	0.12164	0.02102	0.02632	0.03220	0.08449	0.06842	0.05999	0.02915	0.02169	0.01074	0.00977	0.00307	0.01160	0.00918	0.00614	0.06188
25	0.02180	0.13816	0.11693	0.13584	0.10470	0.02238	0.02175	0.02767	0.02077	0.02944	0.01718	0.02147	0.01394	0.00856	0.00830	0.00237	0.01071	0.00693	0.00496	0.26613
26	0.41219	0.02358	0.08781	0.06289	0.13809	0.02217	0.01901	0.03091	0.01955	0.07751	0.01730	0.02030	0.01311	0.00946	0.00778	0.00308	0.00973	0.00685	0.00602	0.01268
27	0.02367	0.13529	0.10786	0.10578	0.14032	0.02306	0.05625	0.02959	0.02156	0.06121	0.01862	0.02255	0.01473	0.00881	0.00871	0.00253	0.01116	0.00754	0.00533	0.19542

[dist]
# distance from previous block
# <min> <max>
0	3

[block]
# block no. 3 follows, 15 sequences, length 29
# corresponding to MSA columns:
# 574-602
name=unknown_D
#
# <colnr> <probs for GDERKNQSTAVLIFYWHMCP>
#	G	D	E	R	K	N	Q	S	T	A	V	L	I	F	Y	W	H	M	C	P
0	0.02805	0.13565	0.15658	0.09302	0.09445	0.18692	0.02430	0.03541	0.06324	0.06324	0.01961	0.02235	0.01515	0.01001	0.00903	0.00284	0.01364	0.00755	0.00551	0.01348
1	0.01999	0.05157	0.59800	0.02841	0.04315	0.02315	0.03683	0.03157	0.02105	0.03157	0.01789	0.02105	0.01263	0.00947	0.00947	0.00316	0.01473	0.00737	0.00421	0.01473
2	0.01939	0.01436	0.01598	0.01418	0.01794	0.01453	0.01086	0.12559	0.06825	0.03969	0.23277	0.06329	0.18122	0.06678	0.01390	0.00361	0.00662	0.01552	0.06464	0.01085
3	0.01330	0.01016	0.01221	0.01170	0.01440	0.00906	0.00877	0.01725	0.02632	0.03547	0.41580	0.08189	0.26328	0.02206	0.01177	0.00322	0.00482	0.01907	0.01038	0.00906
4	0.01272	0.00908	0.01222	0.01453	0.01536	0.00859	0.01025	0.01487	0.01965	0.02609	0.05463	0.56565	0.06468	0.03069	0.01288	0.00413	0.00628	0.10019	0.00924	0.00826
5	0.01460	0.01009	0.01289	0.01219	0.01454	0.00939	0.00914	0.01929	0.02742	0.03967	0.52240	0.07041	0.08661	0.01943	0.01124	0.00305	0.00470	0.01708	0.08648	0.00939
6	0.03724	0.04751	0.02825	0.02568	0.03082	0.60963	0.01926	0.03981	0.02825	0.02440	0.01541	0.01798	0.01284	0.01027	0.00899	0.00257	0.01798	0.00642	0.00514	0.01156
7	0.02067	0.01772	0.02067	0.01477	0.02362	0.01329	0.01181	0.02510	0.02067	0.03248	0.01772	0.02067	0.01477	0.00738	0.00738	0.00148	0.00738	0.00591	0.00591	0.71059
8	0.02149	0.03895	0.34702	0.08346	0.16788	0.02351	0.11415	0.03094	0.02171	0.03138	0.01842	0.02318	0.01377	0.00921	0.00995	0.00316	0.01430	0.00850	0.00452	0.01449
9	0.01199	0.00999	0.01047	0.01059	0.01366	0.00847	0.00785	0.01463	0.02287	0.02784	0.13526	0.13775	0.50371	0.02534	0.01186	0.00340	0.00508	0.02138	0.00939	0.00847
10	0.01487	0.01097	0.01358	0.01302	0.01556	0.01032	0.00969	0.04855	0.02713	0.03726	0.40201	0.16312	0.15185	0.02225	0.01181	0.00330	0.00528	0.01952	0.01041	0.00951
11	0.07891	0.03397	0.18478	0.03444	0.18663	0.06953	0.02641	0.19245	0.02968	0.04187	0.01951	0.02235	0.01471	0.01012	0.00946	0.00300	0.01251	0.00806	0.00639	0.01518
12	0.01896	0.01484	0.02346	0.06346	0.02648	0.01490	0.10937	0.02436	0.06172	0.07124	0.03928	0.14520	0.08228	0.16270	0.09054	0.00632	0.01195	0.01540	0.00729	0.01024
13	0.12710	0.02582	0.07322	0.02068	0.02818	0.02538	0.01797	0.34124	0.03622	0.09565	0.02657	0.08941	0.02158	0.01347	0.00971	0.00314	0.01009	0.01050	0.00908	0.01498
14	0.26307	0.02419	0.03062	0.04179	0.34663	0.07262	0.02288	0.03093	0.02121	0.03603	0.01681	0.02122	0.01384	0.00913	0.00853	0.00297	0.01095	0.00749	0.00537	0.01373
15	0.10080	0.08176	0.12743	0.02797	0.11323	0.07032	0.05224	0.08106	0.08351	0.07745	0.02471	0.07275	0.02050	0.01188	0.00943	0.00307	0.01134	0.00981	0.00682	0.01394
16	0.02145	0.01995	0.03227	0.13061	0.29077	0.02037	0.05592	0.02886	0.07093	0.03116	0.02625	0.12294	0.02448	0.01282	0.01028	0.00313	0.01070	0.01209	0.00609	0.06896
17	0.02613	0.24934	0.27539	0.02603	0.07798	0.07182	0.02636	0.03307	0.02213	0.07915	0.01835	0.02057	0.01404	0.00943	0.00848	0.00275	0.01281	0.00697	0.00509	0.01413
18	0.01816	0.01181	0.01498	0.01489	0.01725	0.01149	0.01110	0.06433	0.02436	0.07682	0.17425	0.26818	0.06071	0.09586	0.01655	0.00438	0.00708	0.08843	0.00959	0.00977
19	0.14724	0.06306	0.06904	0.01449	0.01758	0.01699	0.01170	0.02062	0.01602	0.02580	0.02427	0.04526	0.02592	0.37831	0.03416	0.00691	0.05734	0.01106	0.00564	0.00857
20	0.02043	0.04885	0.54609	0.02768	0.04159	0.02330	0.03493	0.03350	0.07052	0.03248	0.01994	0.02250	0.01423	0.00984	0.00953	0.00318	0.01412	0.00772	0.00474	0.01483
21	0.01999	0.05157	0.59800	0.02841	0.04315	0.02315	0.03683	0.03157	0.02105	0.03157	0.01789	0.02105	0.01263	0.00947	0.00947	0.00316	0.01473	0.00737	0.00421	0.01473
22	0.72007	0.01928	0.01465	0.01311	0.01928	0.02236	0.01080	0.02930	0.01697	0.04473	0.01388	0.01619	0.01080	0.00925	0.00617	0.00308	0.00771	0.00540	0.00617	0.01080
23	0.01858	0.00929	0.00929	0.00929	0.01161	0.00929	0.00697	0.02323	0.02091	0.03717	0.03252	0.03717	0.02555	0.01161	0.00697	0.00232	0.00465	0.00929	0.70499	0.00929
24	0.01215	0.00868	0.01157	0.01388	0.01446	0.00810	0.00925	0.01388	0.01909	0.02545	0.05495	0.64315	0.06593	0.03123	0.01272	0.00405	0.00578	0.02834	0.00925	0.00810
25	0.03790	0.02792	0.02992	0.02294	0.03091	0.03091	0.01895	0.55423	0.04687	0.06283	0.02393	0.02393	0.01695	0.01197	0.00997	0.00299	0.01097	0.00898	0.00997	0.01695
26	0.01450	0.00966	0.01087	0.01087	0.01087	0.00966	0.00604	0.01450	0.01450	0.01933	0.03141	0.06524	0.03624	0.64965	0.05074	0.00966	0.00966	0.01450	0.00604	0.00604
27	0.02067	0.01772	0.02067	0.01477	0.02362	0.01329	0.01181	0.02510	0.02067	0.03248	0.01772	0.02067	0.01477	0.00738	0.00738	0.00148	0.00738	0.00591	0.00591	0.71059
28	0.08482	0.08373	0.06783	0.19077	0.19905	0.11445	0.02459	0.03167	0.02239	0.06429	0.01833	0.02299	0.01434	0.00963	0.00912	0.00295	0.01268	0.00786	0.00529	0.01322

[dist]
# distance from previous block
# <min> <max>
0	10

[block]
# block no. 4 follows, 15 sequences, length 27
# corresponding to MSA columns:
# 613-639
name=unknown_E
#
# <colnr> <probs for GDERKNQSTAVLIFYWHMCP>
#	G	D	E	R	K	N	Q	S	T	A	V	L	I	F	Y	W	H	M	C	P
0	0.01230	0.01001	0.01098	0.01161	0.01440	0.00869	0.00876	0.01491	0.02214	0.02699	0.08815	0.18907	0.44085	0.02649	0.01215	0.00361	0.00561	0.07557	0.00925	0.00844
1	0.01426	0.01059	0.01555	0.01555	0.01717	0.01220	0.01187	0.01750	0.01588	0.02279	0.02713	0.04156	0.02596	0.12754	0.55879	0.01544	0.02514	0.01103	0.00540	0.00864
2	0.21857	0.01756	0.02095	0.01655	0.02386	0.01664	0.01366	0.04362	0.02556	0.45288	0.03278	0.02937	0.02110	0.01154	0.00903	0.00308	0.00828	0.00883	0.01075	0.01538
3	0.02798	0.51432	0.08417	0.01925	0.02762	0.13358	0.01873	0.03163	0.02164	0.02415	0.01438	0.01666	0.01279	0.00888	0.00703	0.00227	0.01215	0.00565	0.00441	0.01271
4	0.01411	0.01019	0.01333	0.01254	0.01489	0.00941	0.00941	0.01881	0.02822	0.03998	0.58221	0.07447	0.09406	0.02038	0.01176	0.00314	0.00470	0.01803	0.01097	0.00941
5	0.01945	0.04775	0.54404	0.02695	0.04054	0.02188	0.03430	0.03039	0.02171	0.03235	0.06997	0.02598	0.02014	0.01048	0.00968	0.00316	0.01381	0.00835	0.00483	0.01424
6	0.01883	0.01772	0.02990	0.62569	0.06866	0.02215	0.02769	0.02547	0.01993	0.02547	0.01772	0.02658	0.01329	0.00997	0.00997	0.00332	0.01329	0.00886	0.00443	0.01107
7	0.02394	0.02004	0.02346	0.01753	0.02524	0.01843	0.01423	0.12141	0.02484	0.03706	0.01833	0.02139	0.01498	0.00934	0.01069	0.00208	0.07789	0.00678	0.00647	0.50587
8	0.02358	0.02269	0.08896	0.17103	0.03756	0.02220	0.02128	0.10876	0.11979	0.06555	0.03211	0.06964	0.05348	0.01475	0.01253	0.00347	0.06754	0.04455	0.00747	0.01305
9	0.14714	0.06327	0.03541	0.13225	0.16185	0.02362	0.11787	0.05900	0.02329	0.11275	0.02081	0.02462	0.01550	0.00966	0.00939	0.00308	0.01168	0.00873	0.00633	0.01374
10	0.01327	0.01016	0.01216	0.01166	0.01438	0.00905	0.00875	0.01719	0.02624	0.03528	0.40907	0.08219	0.27013	0.02213	0.01177	0.00322	0.00483	0.01911	0.01036	0.00905
11	0.02362	0.02679	0.09644	0.06582	0.15359	0.05903	0.10617	0.03765	0.20644	0.03417	0.03134	0.03319	0.05718	0.01165	0.01029	0.00321	0.01163	0.01062	0.00689	0.01430
12	0.01342	0.01016	0.01237	0.01182	0.01447	0.00911	0.00887	0.01748	0.02660	0.03613	0.44020	0.08080	0.23848	0.02182	0.01176	0.00320	0.00481	0.01892	0.01047	0.00911
13	0.02177	0.02958	0.18864	0.20975	0.29522	0.02311	0.03147	0.02943	0.02148	0.03032	0.01823	0.02422	0.01424	0.00934	0.00979	0.00311	0.01303	0.00847	0.00460	0.01419
14	0.04131	0.01626	0.02234	0.01754	0.02459	0.01441	0.01441	0.04514	0.02713	0.53043	0.03792	0.03452	0.02470	0.01933	0.07720	0.00453	0.01052	0.01010	0.01156	0.01606
15	0.02040	0.02146	0.04340	0.03271	0.03948	0.02114	0.35238	0.02675	0.02180	0.03003	0.05776	0.10670	0.02699	0.02003	0.08044	0.00493	0.06204	0.01383	0.00589	0.01185
16	0.02882	0.53086	0.04732	0.01883	0.02666	0.15645	0.01751	0.03189	0.02190	0.02365	0.01418	0.01640	0.01280	0.00889	0.00693	0.00222	0.01216	0.00555	0.00444	0.01254
17	0.01999	0.01684	0.09696	0.01608	0.02068	0.01195	0.01418	0.02471	0.02482	0.13594	0.26264	0.21183	0.06242	0.02028	0.01138	0.00337	0.00709	0.01783	0.00981	0.01118
18	0.02952	0.02549	0.06786	0.06671	0.24068	0.08527	0.02296	0.06440	0.05845	0.14723	0.02505	0.02946	0.01945	0.05846	0.01288	0.00351	0.01164	0.00932	0.00708	0.01459
19	0.72007	0.01928	0.01465	0.01311	0.01928	0.02236	0.01080	0.02930	0.01697	0.04473	0.01388	0.01619	0.01080	0.00925	0.00617	0.00308	0.00771	0.00540	0.00617	0.01080
20	0.02406	0.08480	0.08022	0.04252	0.25317	0.06282	0.18023	0.03050	0.02349	0.03162	0.07045	0.02845	0.02214	0.00990	0.01020	0.00301	0.01313	0.00999	0.00543	0.01389
21	0.02118	0.01836	0.02638	0.07640	0.20957	0.01802	0.01914	0.02862	0.10051	0.03114	0.02552	0.09540	0.02324	0.01415	0.01230	0.06806	0.00930	0.01065	0.00633	0.18573
22	0.01614	0.01293	0.01964	0.01969	0.07003	0.01249	0.07046	0.01895	0.02009	0.02764	0.16767	0.11254	0.04905	0.30599	0.02945	0.00621	0.00908	0.01582	0.00734	0.00879
23	0.02295	0.02507	0.09756	0.07913	0.29361	0.02273	0.06095	0.03408	0.13296	0.03357	0.02622	0.03512	0.02201	0.01164	0.01037	0.00327	0.01154	0.05634	0.00627	0.01462
24	0.01582	0.01256	0.01811	0.02169	0.08172	0.01308	0.01503	0.01916	0.02090	0.02835	0.07569	0.31230	0.05423	0.02565	0.01454	0.00408	0.06525	0.18381	0.00839	0.00964
25	0.02556	0.02593	0.08324	0.02538	0.03295	0.02539	0.11801	0.10215	0.35953	0.04126	0.03284	0.03232	0.02445	0.01202	0.01037	0.00331	0.01052	0.01075	0.00863	0.01538
26	0.01215	0.00868	0.01157	0.01388	0.01446	0.00810	0.00925	0.01388	0.01909	0.02545	0.05495	0.64315	0.06593	0.03123	0.01272	0.00405	0.00578	0.02834	0.00925	0.00810

[dist]
# distance from previous block
# <min> <max>
0	6

[block]
# block no. 5 follows, 15 sequences, length 36
# corresponding to MSA columns:
# 646-681
name=unknown_F
#
# <colnr> <probs for GDERKNQSTAVLIFYWHMCP>
#	G	D	E	R	K	N	Q	S	T	A	V	L	I	F	Y	W	H	M	C	P
0	0.08358	0.26938	0.13349	0.02340	0.07339	0.10696	0.02082	0.07668	0.02390	0.03115	0.02198	0.02398	0.05211	0.01045	0.00821	0.00267	0.01183	0.00751	0.00542	0.01311
1	0.55193	0.01879	0.01646	0.01392	0.02059	0.02033	0.01143	0.03148	0.01895	0.11847	0.01777	0.01910	0.01312	0.00947	0.00683	0.00291	0.00778	0.00609	0.00698	0.08759
2	0.01564	0.00926	0.01173	0.01173	0.01173	0.00926	0.00710	0.01389	0.01389	0.01852	0.02572	0.05112	0.02860	0.40118	0.04598	0.29259	0.00926	0.01214	0.00535	0.00535
3	0.01856	0.02439	0.15773	0.02493	0.08349	0.01655	0.08816	0.02522	0.02379	0.03403	0.19636	0.04445	0.08510	0.01355	0.01036	0.00291	0.00973	0.01221	0.00712	0.12135
4	0.04417	0.01786	0.02369	0.01816	0.02590	0.01599	0.01500	0.09003	0.03004	0.55080	0.03807	0.03311	0.02404	0.01231	0.01002	0.00308	0.00869	0.00994	0.01214	0.01696
5	0.01883	0.01772	0.02990	0.62569	0.06866	0.02215	0.02769	0.02547	0.01993	0.02547	0.01772	0.02658	0.01329	0.00997	0.00997	0.00332	0.01329	0.00886	0.00443	0.01107
6	0.01245	0.01013	0.01103	0.01080	0.01388	0.00870	0.00810	0.01560	0.02430	0.03068	0.23941	0.08976	0.44265	0.02385	0.01178	0.00330	0.00495	0.02017	0.00975	0.00870
7	0.01450	0.00966	0.01087	0.01087	0.01087	0.00966	0.00604	0.01450	0.01450	0.01933	0.03141	0.06524	0.03624	0.64965	0.05074	0.00966	0.00966	0.01450	0.00604	0.00604
8	0.02159	0.02379	0.05077	0.03722	0.04569	0.02229	0.45888	0.02886	0.02277	0.03083	0.02610	0.13193	0.02379	0.01229	0.01193	0.00348	0.01493	0.01459	0.00576	0.01253
9	0.02181	0.02181	0.03053	0.02617	0.02617	0.03053	0.02181	0.02399	0.01527	0.02399	0.01309	0.02181	0.01309	0.01745	0.03272	0.00436	0.63141	0.00872	0.00436	0.01091
10	0.01999	0.05157	0.59800	0.02841	0.04315	0.02315	0.03683	0.03157	0.02105	0.03157	0.01789	0.02105	0.01263	0.00947	0.00947	0.00316	0.01473	0.00737	0.00421	0.01473
11	0.01445	0.01062	0.01533	0.01556	0.01715	0.01199	0.01195	0.01764	0.01649	0.02328	0.02989	0.04984	0.02962	0.14745	0.47658	0.01405	0.02270	0.06106	0.00581	0.00854
12	0.02665	0.65565	0.05224	0.01706	0.02559	0.03945	0.01706	0.02985	0.02026	0.02345	0.01386	0.01599	0.01279	0.00853	0.00640	0.00213	0.01066	0.00533	0.00426	0.01279
13	0.02181	0.02181	0.03053	0.02617	0.02617	0.03053	0.02181	0.02399	0.01527	0.02399	0.01309	0.02181	0.01309	0.01745	0.03272	0.00436	0.63141	0.00872	0.00436	0.01091
14	0.01215	0.00868	0.01157	0.01388	0.01446	0.00810	0.00925	0.01388	0.01909	0.02545	0.05495	0.64315	0.06593	0.03123	0.01272	0.00405	0.00578	0.02834	0.00925	0.00810
15	0.02483	0.28858	0.05608	0.03163	0.04107	0.03113	0.32893	0.03107	0.02217	0.02840	0.01754	0.02235	0.01416	0.00846	0.00953	0.00285	0.01425	0.00909	0.00472	0.01317
16	0.72007	0.01928	0.01465	0.01311	0.01928	0.02236	0.01080	0.02930	0.01697	0.04473	0.01388	0.01619	0.01080	0.00925	0.00617	0.00308	0.00771	0.00540	0.00617	0.01080
17	0.01618	0.01330	0.01674	0.05788	0.05453	0.01335	0.01248	0.02430	0.11294	0.03543	0.29756	0.06778	0.20075	0.01914	0.01127	0.00324	0.00632	0.01655	0.00958	0.01067
18	0.01215	0.00868	0.01157	0.01388	0.01446	0.00810	0.00925	0.01388	0.01909	0.02545	0.05495	0.64315	0.06593	0.03123	0.01272	0.00405	0.00578	0.02834	0.00925	0.00810
19	0.01424	0.00977	0.01191	0.01211	0.01250	0.01006	0.00754	0.01507	0.01519	0.02059	0.03260	0.11129	0.03672	0.48639	0.15317	0.01037	0.01254	0.01500	0.00619	0.00676
20	0.02171	0.02145	0.02966	0.02517	0.02595	0.02901	0.02093	0.02409	0.01574	0.02474	0.01349	0.02171	0.01323	0.01656	0.03048	0.00411	0.57636	0.00848	0.00450	0.07263
21	0.02665	0.65565	0.05224	0.01706	0.02559	0.03945	0.01706	0.02985	0.02026	0.02345	0.01386	0.01599	0.01279	0.00853	0.00640	0.00213	0.01066	0.00533	0.00426	0.01279
22	0.01883	0.01772	0.02990	0.62569	0.06866	0.02215	0.02769	0.02547	0.01993	0.02547	0.01772	0.02658	0.01329	0.00997	0.00997	0.00332	0.01329	0.00886	0.00443	0.01107
23	0.01606	0.01147	0.01606	0.01836	0.02065	0.01147	0.01606	0.02065	0.02295	0.02983	0.05278	0.11245	0.05737	0.02754	0.01377	0.00459	0.00918	0.52037	0.00918	0.00918
24	0.03010	0.02604	0.09054	0.03925	0.25404	0.02340	0.07130	0.12500	0.06058	0.14225	0.02480	0.02685	0.01815	0.01034	0.01006	0.00307	0.01155	0.00936	0.00742	0.01590
25	0.02729	0.05971	0.08015	0.01739	0.02650	0.01721	0.01564	0.06392	0.02403	0.15668	0.02262	0.02353	0.01674	0.00902	0.00827	0.00213	0.00876	0.00711	0.00730	0.40600
26	0.02766	0.07569	0.31175	0.02477	0.03593	0.07303	0.02707	0.16361	0.02845	0.06914	0.02013	0.02191	0.01453	0.01014	0.00929	0.00290	0.01304	0.00763	0.00628	0.05706
27	0.01800	0.01717	0.10354	0.01547	0.02024	0.01202	0.01411	0.02367	0.02715	0.09293	0.44295	0.06235	0.07484	0.01793	0.01124	0.00313	0.00660	0.01562	0.01007	0.01096
28	0.01461	0.01156	0.01705	0.17140	0.02908	0.01229	0.01469	0.01845	0.02139	0.02860	0.14369	0.32640	0.05681	0.02337	0.01194	0.00374	0.00784	0.06954	0.00833	0.00921
29	0.11408	0.11739	0.17195	0.06473	0.03237	0.02336	0.02175	0.03521	0.02214	0.20758	0.02308	0.02426	0.01631	0.01103	0.01112	0.00311	0.07156	0.00791	0.00704	0.01404
30	0.14504	0.06414	0.02881	0.02832	0.14380	0.07731	0.01900	0.14010	0.14945	0.07170	0.02436	0.02529	0.01850	0.01088	0.00905	0.00300	0.01039	0.00848	0.00767	0.01469
31	0.01310	0.01015	0.01192	0.01148	0.01427	0.00897	0.00861	0.01685	0.02582	0.03429	0.37254	0.08382	0.30727	0.02250	0.01177	0.00324	0.00485	0.01934	0.01023	0.00897
32	0.02270	0.02329	0.09066	0.32630	0.09800	0.02283	0.11569	0.02950	0.02129	0.07781	0.01980	0.02624	0.01472	0.01032	0.01187	0.00334	0.05837	0.00930	0.00524	0.01272
33	0.10782	0.07195	0.03043	0.02347	0.06919	0.02190	0.08439	0.09442	0.06989	0.11886	0.02309	0.02453	0.01725	0.00968	0.00882	0.00263	0.00984	0.00816	0.00738	0.19630
34	0.13869	0.12800	0.13041	0.07120	0.03489	0.02570	0.08870	0.07751	0.08323	0.09680	0.02218	0.02405	0.01634	0.01015	0.00896	0.00302	0.01137	0.00826	0.00666	0.01387
35	0.01225	0.00889	0.01157	0.01349	0.01441	0.00821	0.00913	0.01425	0.02000	0.02656	0.09457	0.56059	0.10927	0.03001	0.01258	0.00393	0.00565	0.02705	0.00937	0.00821

[dist]
# distance from previous block
# <min> <max>
0	84

# created by:
# /st0/software/busco_prod/Augustus/scripts/msa2prfl.pl ./align_prep/6673.fa
