[name]
unknown

[dist]
# distance from previous block
# <min> <max>
0	1160

[block]
# block no. 0 follows, 14 sequences, length 37
# corresponding to MSA columns:
# 1232-1268
name=unknown_A
#
# <colnr> <probs for GDERKNQSTAVLIFYWHMCP>
#	G	D	E	R	K	N	Q	S	T	A	V	L	I	F	Y	W	H	M	C	P
0	0.08893	0.02176	0.02289	0.05311	0.02791	0.06017	0.01629	0.10318	0.22136	0.11424	0.09129	0.04136	0.03362	0.01442	0.01037	0.00336	0.00932	0.04231	0.00971	0.01441
1	0.02776	0.01780	0.02174	0.01674	0.02455	0.01525	0.01343	0.03469	0.08027	0.18004	0.02750	0.02841	0.02056	0.01573	0.06053	0.00349	0.00970	0.00823	0.00826	0.38532
2	0.02661	0.12927	0.27054	0.02610	0.03749	0.02464	0.09513	0.03603	0.05570	0.12180	0.02312	0.02484	0.01666	0.01005	0.00958	0.00300	0.01282	0.00846	0.00631	0.06185
3	0.02628	0.07336	0.15534	0.02975	0.03932	0.02526	0.19826	0.10696	0.06265	0.07141	0.02378	0.02774	0.01792	0.01734	0.07345	0.00465	0.01547	0.01003	0.00656	0.01448
4	0.15963	0.01918	0.02616	0.09744	0.07795	0.01973	0.05351	0.03833	0.08151	0.22204	0.07624	0.03326	0.02670	0.01207	0.00985	0.00325	0.00969	0.01016	0.00896	0.01434
5	0.02024	0.05568	0.08415	0.07072	0.02932	0.05572	0.06275	0.02493	0.02235	0.06376	0.07223	0.24150	0.04208	0.02361	0.04789	0.00440	0.01139	0.04852	0.00766	0.01112
6	0.02586	0.07973	0.38906	0.02844	0.04136	0.02362	0.09708	0.03546	0.02328	0.12697	0.02228	0.02441	0.01548	0.01006	0.00996	0.00320	0.01408	0.00851	0.00589	0.01527
7	0.01938	0.01824	0.03078	0.61468	0.07068	0.02280	0.02850	0.02622	0.02052	0.02622	0.01824	0.02736	0.01368	0.01026	0.01026	0.00342	0.01368	0.00912	0.00456	0.01140
8	0.02010	0.01965	0.03521	0.52962	0.06814	0.02327	0.10436	0.02721	0.02107	0.02721	0.01862	0.02741	0.01396	0.01002	0.01054	0.00343	0.01422	0.00957	0.00465	0.01176
9	0.02145	0.01704	0.07077	0.06116	0.02751	0.01415	0.05997	0.02584	0.02199	0.13188	0.04125	0.28021	0.04184	0.02758	0.07466	0.00514	0.01129	0.04627	0.00852	0.01148
10	0.02441	0.02208	0.08818	0.38799	0.05563	0.02162	0.02619	0.06270	0.02389	0.10986	0.02433	0.03368	0.01862	0.01192	0.01048	0.00343	0.01269	0.04295	0.00641	0.01293
11	0.02097	0.05037	0.52999	0.03075	0.04540	0.02406	0.09138	0.03254	0.02194	0.03254	0.01867	0.02231	0.01327	0.00963	0.01000	0.00327	0.01539	0.00807	0.00442	0.01502
12	0.03701	0.02775	0.02967	0.02321	0.03106	0.03089	0.01902	0.46893	0.12369	0.06145	0.02718	0.02666	0.01951	0.01256	0.01029	0.00314	0.01082	0.00959	0.01029	0.01727
13	0.03348	0.02273	0.11158	0.02262	0.03071	0.01676	0.08056	0.03910	0.02612	0.32577	0.03768	0.09319	0.02968	0.01515	0.01110	0.00347	0.01056	0.06479	0.00991	0.01503
14	0.02157	0.02806	0.14975	0.29472	0.15052	0.02387	0.12532	0.02964	0.02193	0.02999	0.01893	0.02593	0.01434	0.00966	0.01048	0.00333	0.01439	0.00937	0.00472	0.01346
15	0.01454	0.01053	0.01395	0.01321	0.01559	0.00995	0.00995	0.01928	0.02798	0.03968	0.52391	0.07357	0.09079	0.02573	0.06185	0.00435	0.00676	0.01792	0.01080	0.00964
16	0.02321	0.09060	0.33388	0.02384	0.03436	0.02098	0.02736	0.03132	0.02260	0.10491	0.02944	0.10635	0.02619	0.01474	0.01042	0.00341	0.01222	0.06367	0.00664	0.01387
17	0.02531	0.10780	0.36872	0.02566	0.03782	0.02595	0.02974	0.08104	0.09432	0.07320	0.02307	0.02444	0.01665	0.01062	0.00959	0.00315	0.01302	0.00822	0.00623	0.01545
18	0.01938	0.01824	0.03078	0.61468	0.07068	0.02280	0.02850	0.02622	0.02052	0.02622	0.01824	0.02736	0.01368	0.01026	0.01026	0.00342	0.01368	0.00912	0.00456	0.01140
19	0.01853	0.01490	0.01707	0.01575	0.01955	0.01566	0.01203	0.03243	0.23054	0.04070	0.32846	0.06384	0.11181	0.01870	0.01147	0.00334	0.00613	0.01616	0.01082	0.01211
20	0.02349	0.02429	0.03370	0.11700	0.15540	0.09668	0.10828	0.03082	0.06872	0.03124	0.06645	0.03847	0.09068	0.01328	0.01242	0.00332	0.05480	0.01167	0.00642	0.01288
21	0.01963	0.06592	0.15184	0.02126	0.02758	0.01906	0.06400	0.05853	0.05463	0.03131	0.06339	0.12964	0.03338	0.10851	0.09966	0.00612	0.01337	0.01368	0.00682	0.01168
22	0.01306	0.01033	0.01176	0.01161	0.01449	0.00903	0.00863	0.01646	0.02529	0.03272	0.27767	0.12598	0.35755	0.02450	0.01218	0.00342	0.00511	0.02098	0.01020	0.00903
23	0.02455	0.14330	0.03709	0.12086	0.03687	0.02791	0.09780	0.09604	0.05490	0.03318	0.05711	0.03048	0.02238	0.05123	0.01660	0.00372	0.11701	0.00999	0.00625	0.01272
24	0.03460	0.11696	0.03180	0.02325	0.03005	0.22798	0.01872	0.20464	0.13712	0.04130	0.02355	0.02408	0.01812	0.01155	0.00946	0.00289	0.01313	0.00829	0.00779	0.01472
25	0.02372	0.02712	0.16977	0.09679	0.03650	0.02034	0.05753	0.09182	0.06259	0.08273	0.07671	0.09376	0.03294	0.01549	0.01110	0.00351	0.01134	0.06492	0.00785	0.01348
26	0.02766	0.08279	0.18043	0.12278	0.04192	0.05493	0.10016	0.03480	0.02438	0.15113	0.05985	0.02943	0.02182	0.01103	0.01017	0.00317	0.01298	0.00960	0.00685	0.01414
27	0.07983	0.08744	0.45518	0.02693	0.03964	0.02553	0.03297	0.03152	0.02075	0.03243	0.01737	0.02096	0.01289	0.01036	0.01127	0.00328	0.06538	0.00739	0.00452	0.01436
28	0.01444	0.00927	0.01197	0.01304	0.01331	0.00901	0.00827	0.01431	0.01672	0.02230	0.04019	0.31377	0.04697	0.24018	0.03211	0.15201	0.00794	0.02007	0.00734	0.00680
29	0.02183	0.24291	0.21158	0.06135	0.07894	0.02663	0.02429	0.02822	0.02172	0.02915	0.06028	0.10095	0.02610	0.01299	0.00932	0.00300	0.01151	0.01056	0.00557	0.01310
30	0.03576	0.06088	0.07935	0.11288	0.03817	0.02003	0.08936	0.04143	0.02616	0.34320	0.03097	0.03054	0.02050	0.01129	0.01027	0.00320	0.01132	0.00985	0.00924	0.01560
31	0.03504	0.02794	0.18779	0.02273	0.03254	0.01796	0.05639	0.04167	0.02678	0.34919	0.06970	0.03353	0.02614	0.01216	0.01040	0.00322	0.01089	0.01023	0.00969	0.01602
32	0.01323	0.00954	0.01232	0.01410	0.01518	0.00895	0.00985	0.01542	0.02051	0.02711	0.08760	0.45082	0.10840	0.08391	0.01651	0.00462	0.00655	0.07768	0.00933	0.00837
33	0.02894	0.07530	0.22219	0.03007	0.11656	0.08511	0.02627	0.03968	0.10742	0.13042	0.02556	0.02650	0.01858	0.01086	0.00976	0.00311	0.01256	0.00869	0.00699	0.01543
34	0.06335	0.06257	0.06362	0.06770	0.13952	0.01847	0.05370	0.02614	0.02167	0.07657	0.03466	0.25748	0.03583	0.01833	0.01093	0.00350	0.00980	0.01653	0.00738	0.01224
35	0.04604	0.01746	0.02382	0.01826	0.02620	0.01508	0.01508	0.05001	0.02937	0.58244	0.04049	0.03493	0.02540	0.01270	0.01032	0.00318	0.00873	0.01032	0.01270	0.01746
36	0.71184	0.01985	0.01508	0.01350	0.01985	0.02302	0.01111	0.03017	0.01746	0.04604	0.01429	0.01667	0.01111	0.00953	0.00635	0.00318	0.00794	0.00556	0.00635	0.01111

[dist]
# distance from previous block
# <min> <max>
0	1

[block]
# block no. 1 follows, 14 sequences, length 18
# corresponding to MSA columns:
# 1270-1287
name=unknown_B
#
# <colnr> <probs for GDERKNQSTAVLIFYWHMCP>
#	G	D	E	R	K	N	Q	S	T	A	V	L	I	F	Y	W	H	M	C	P
0	0.02673	0.44119	0.08062	0.02310	0.07174	0.06734	0.02020	0.03071	0.02115	0.02598	0.01515	0.01837	0.01354	0.00969	0.00958	0.00252	0.06356	0.00630	0.00459	0.04795
1	0.03103	0.07178	0.08350	0.04177	0.27983	0.15437	0.02605	0.07133	0.02669	0.08736	0.02060	0.02384	0.01608	0.01007	0.00971	0.00293	0.01339	0.00833	0.00614	0.01519
2	0.01250	0.00893	0.01191	0.01429	0.01488	0.00834	0.00953	0.01429	0.01965	0.02620	0.05656	0.63265	0.06787	0.03215	0.01310	0.00417	0.00595	0.02917	0.00953	0.00834
3	0.01384	0.01027	0.01289	0.01264	0.01501	0.00933	0.00932	0.01789	0.02683	0.03683	0.42080	0.15157	0.17825	0.02330	0.01224	0.00339	0.00505	0.02047	0.01075	0.00933
4	0.01491	0.01089	0.01426	0.01451	0.01701	0.01024	0.01161	0.01949	0.02682	0.03661	0.36500	0.09089	0.13205	0.02375	0.01274	0.00371	0.00630	0.16916	0.01055	0.00951
5	0.01318	0.00956	0.01244	0.01357	0.01498	0.00882	0.00947	0.01608	0.02314	0.03148	0.23776	0.40645	0.10916	0.02789	0.01269	0.00380	0.00552	0.02502	0.01014	0.00882
6	0.09981	0.03860	0.32562	0.02414	0.03565	0.05284	0.02722	0.03807	0.02400	0.20121	0.02459	0.02503	0.01660	0.01067	0.00955	0.00319	0.01265	0.00816	0.00714	0.01527
7	0.01594	0.01086	0.01309	0.01252	0.01560	0.00960	0.00938	0.01956	0.02600	0.07800	0.29976	0.13663	0.26840	0.02332	0.01207	0.00341	0.00540	0.02012	0.01056	0.00979
8	0.02310	0.03511	0.25799	0.03268	0.04405	0.02260	0.25203	0.03208	0.02350	0.07085	0.02972	0.03309	0.07190	0.01113	0.01107	0.00336	0.01463	0.01119	0.00583	0.01409
9	0.03866	0.02777	0.03208	0.02440	0.03272	0.03012	0.05128	0.47023	0.04525	0.10424	0.02567	0.02565	0.01797	0.01212	0.01038	0.00311	0.01146	0.00950	0.01015	0.01723
10	0.02295	0.27376	0.29677	0.02470	0.03595	0.02945	0.06384	0.03064	0.02110	0.02860	0.01777	0.02170	0.01433	0.01503	0.05893	0.00399	0.01477	0.00740	0.00452	0.01380
11	0.11885	0.03581	0.29427	0.08842	0.04024	0.02323	0.07139	0.03119	0.05417	0.03366	0.02531	0.02867	0.05417	0.01155	0.01106	0.00337	0.04649	0.00918	0.00548	0.01346
12	0.01959	0.02430	0.18936	0.01877	0.02571	0.01466	0.01930	0.02633	0.02597	0.09187	0.27100	0.06052	0.09411	0.01769	0.01138	0.00337	0.00881	0.05618	0.00903	0.01206
13	0.01913	0.00956	0.00956	0.00956	0.01196	0.00956	0.00717	0.02391	0.02152	0.03826	0.03348	0.03826	0.02630	0.01196	0.00717	0.00239	0.00478	0.00956	0.69632	0.00956
14	0.01976	0.02879	0.19758	0.02887	0.03750	0.01980	0.18922	0.02773	0.02288	0.03210	0.08057	0.04651	0.03111	0.02194	0.08540	0.00522	0.01546	0.09077	0.00627	0.01253
15	0.14244	0.02117	0.02263	0.01952	0.02586	0.02330	0.01575	0.12348	0.25995	0.13373	0.03539	0.03831	0.02712	0.01392	0.01003	0.00342	0.00880	0.04993	0.01003	0.01525
16	0.58652	0.01955	0.01595	0.01408	0.01993	0.02240	0.01129	0.06982	0.01969	0.04488	0.01696	0.02246	0.01430	0.07396	0.01134	0.00386	0.00841	0.00681	0.00665	0.01113
17	0.01892	0.16696	0.06042	0.01670	0.02102	0.01942	0.01437	0.02431	0.07473	0.02737	0.04065	0.21048	0.07194	0.06616	0.01581	0.05303	0.00881	0.07099	0.00745	0.01047

[dist]
# distance from previous block
# <min> <max>
0	26

[block]
# block no. 2 follows, 14 sequences, length 31
# corresponding to MSA columns:
# 1314-1344
name=unknown_C
#
# <colnr> <probs for GDERKNQSTAVLIFYWHMCP>
#	G	D	E	R	K	N	Q	S	T	A	V	L	I	F	Y	W	H	M	C	P
0	0.01886	0.01366	0.02146	0.02311	0.07204	0.01306	0.06175	0.02277	0.02249	0.07600	0.04790	0.30703	0.05208	0.02509	0.01285	0.00410	0.00889	0.17719	0.00898	0.01068
1	0.03165	0.08309	0.22011	0.07072	0.08258	0.02261	0.02573	0.07031	0.02607	0.22797	0.02633	0.02686	0.01801	0.01086	0.00979	0.00312	0.01193	0.00873	0.00775	0.01577
2	0.02716	0.02544	0.08205	0.07009	0.14222	0.02203	0.11165	0.10415	0.02674	0.08661	0.02181	0.02531	0.01642	0.00956	0.00985	0.00279	0.01183	0.00887	0.00668	0.18874
3	0.01913	0.00956	0.00956	0.00956	0.01196	0.00956	0.00717	0.02391	0.02152	0.03826	0.03348	0.03826	0.02630	0.01196	0.00717	0.00239	0.00478	0.00956	0.69632	0.00956
4	0.02565	0.02200	0.06940	0.17398	0.12513	0.02132	0.02248	0.08598	0.09775	0.10382	0.07363	0.07773	0.02917	0.01356	0.01060	0.00333	0.01064	0.01177	0.00794	0.01411
5	0.10032	0.02863	0.08695	0.12157	0.04364	0.10205	0.18537	0.03596	0.02438	0.13873	0.02264	0.02609	0.01616	0.01015	0.01027	0.00324	0.01408	0.00945	0.00661	0.01373
6	0.01299	0.00973	0.01205	0.01295	0.01476	0.00880	0.00915	0.01584	0.02323	0.03081	0.21383	0.34528	0.19817	0.02748	0.01258	0.00373	0.00545	0.02434	0.01003	0.00880
7	0.02859	0.02499	0.03591	0.04648	0.35318	0.02631	0.02604	0.15402	0.12227	0.04241	0.02447	0.02747	0.01916	0.01072	0.01023	0.00313	0.01127	0.00960	0.00722	0.01653
8	0.03206	0.02042	0.02833	0.02341	0.02664	0.02478	0.01945	0.03500	0.02128	0.25175	0.02447	0.02753	0.01833	0.01582	0.02417	0.00396	0.37150	0.00953	0.00783	0.01377
9	0.02927	0.02552	0.06527	0.02158	0.02860	0.02596	0.01829	0.24659	0.24476	0.05081	0.10000	0.03640	0.03266	0.01387	0.01053	0.00327	0.00950	0.01123	0.01004	0.01583
10	0.01405	0.00997	0.01216	0.01330	0.01428	0.00956	0.00909	0.01568	0.01884	0.02458	0.05237	0.26095	0.11606	0.27298	0.02876	0.00647	0.00800	0.09700	0.00820	0.00770
11	0.03764	0.01977	0.03324	0.02478	0.03299	0.01769	0.15959	0.04297	0.02792	0.38964	0.07466	0.03604	0.02803	0.01220	0.01095	0.00326	0.01082	0.01143	0.01052	0.01588
12	0.01938	0.01824	0.03078	0.61468	0.07068	0.02280	0.02850	0.02622	0.02052	0.02622	0.01824	0.02736	0.01368	0.01026	0.01026	0.00342	0.01368	0.00912	0.00456	0.01140
13	0.01797	0.01547	0.01598	0.01497	0.01945	0.01601	0.01148	0.03207	0.25580	0.03435	0.07686	0.07241	0.33595	0.02073	0.01139	0.00347	0.00647	0.01728	0.00993	0.01197
14	0.04604	0.01746	0.02382	0.01826	0.02620	0.01508	0.01508	0.05001	0.02937	0.58244	0.04049	0.03493	0.02540	0.01270	0.01032	0.00318	0.00873	0.01032	0.01270	0.01746
15	0.01938	0.01824	0.03078	0.61468	0.07068	0.02280	0.02850	0.02622	0.02052	0.02622	0.01824	0.02736	0.01368	0.01026	0.01026	0.00342	0.01368	0.00912	0.00456	0.01140
16	0.02271	0.23712	0.42079	0.02562	0.03880	0.02904	0.03159	0.03195	0.02141	0.02990	0.01713	0.02005	0.01305	0.00945	0.00877	0.00292	0.01386	0.00693	0.00435	0.01455
17	0.02539	0.01140	0.01288	0.01159	0.01527	0.01085	0.00901	0.02998	0.02335	0.16480	0.03511	0.03748	0.02609	0.01213	0.00791	0.00257	0.00570	0.00974	0.53736	0.01140
18	0.02589	0.08137	0.07345	0.03251	0.17560	0.02344	0.06010	0.10977	0.02628	0.03742	0.01937	0.02297	0.01552	0.00909	0.00909	0.00250	0.01096	0.00789	0.00613	0.25064
19	0.02842	0.59158	0.05154	0.01836	0.02683	0.09102	0.01776	0.03166	0.02160	0.02423	0.01441	0.01665	0.01317	0.00894	0.00683	0.00224	0.01166	0.00559	0.00447	0.01305
20	0.01889	0.01252	0.01588	0.01420	0.01751	0.01192	0.01090	0.06496	0.03067	0.08325	0.48538	0.06924	0.08494	0.01965	0.01182	0.00321	0.00567	0.01717	0.01132	0.01091
21	0.02151	0.01691	0.01924	0.01711	0.02146	0.01813	0.01326	0.09610	0.22227	0.04468	0.31199	0.05640	0.06340	0.01736	0.01128	0.00330	0.00682	0.01490	0.01086	0.01301
22	0.01492	0.00995	0.01119	0.01119	0.01119	0.00995	0.00622	0.01492	0.01492	0.01990	0.03233	0.06716	0.03731	0.63935	0.05223	0.00995	0.00995	0.01492	0.00622	0.00622
23	0.01327	0.00932	0.01191	0.01346	0.01467	0.00865	0.00926	0.01579	0.02149	0.02947	0.13681	0.46647	0.10521	0.02854	0.01245	0.00385	0.00564	0.02559	0.05951	0.00865
24	0.03105	0.02757	0.12418	0.08119	0.08553	0.02356	0.05911	0.16349	0.06386	0.15498	0.02683	0.02862	0.01915	0.01520	0.04540	0.00401	0.01289	0.00962	0.00817	0.01559
25	0.01698	0.01143	0.01414	0.01408	0.01641	0.01118	0.01043	0.01976	0.02226	0.07888	0.10932	0.27764	0.20006	0.02477	0.01369	0.00367	0.05682	0.02107	0.06770	0.00971
26	0.02406	0.13700	0.33559	0.02651	0.03805	0.06757	0.06720	0.06950	0.02485	0.03381	0.06402	0.02587	0.02052	0.01070	0.00964	0.00304	0.01378	0.00856	0.00549	0.01424
27	0.02606	0.01714	0.05864	0.01653	0.02211	0.01426	0.01405	0.03390	0.09290	0.21057	0.25910	0.05672	0.10041	0.01712	0.01117	0.00326	0.00724	0.01458	0.01099	0.01325
28	0.02282	0.38778	0.03800	0.01663	0.02280	0.02921	0.01492	0.02838	0.06999	0.02861	0.10311	0.13485	0.03627	0.01507	0.00886	0.00280	0.00897	0.01204	0.00681	0.01210
29	0.25804	0.12095	0.12490	0.02043	0.02844	0.02840	0.01967	0.13152	0.05462	0.04198	0.01849	0.02079	0.01433	0.01100	0.01043	0.00316	0.06539	0.00726	0.00654	0.01366
30	0.02974	0.06799	0.18084	0.02464	0.03365	0.02876	0.02422	0.26427	0.03295	0.04576	0.02033	0.02282	0.01528	0.01188	0.01305	0.00316	0.09863	0.00831	0.00721	0.06649

[dist]
# distance from previous block
# <min> <max>
0	3

[block]
# block no. 3 follows, 14 sequences, length 34
# corresponding to MSA columns:
# 1348-1381
name=unknown_D
#
# <colnr> <probs for GDERKNQSTAVLIFYWHMCP>
#	G	D	E	R	K	N	Q	S	T	A	V	L	I	F	Y	W	H	M	C	P
0	0.08269	0.16869	0.33754	0.02842	0.08983	0.02781	0.02958	0.06487	0.02303	0.03411	0.01769	0.02072	0.01348	0.00964	0.00888	0.00299	0.01314	0.00724	0.00498	0.01466
1	0.16957	0.02120	0.02493	0.08652	0.06610	0.02287	0.01763	0.16220	0.07980	0.16024	0.06581	0.03059	0.02440	0.01218	0.00963	0.00320	0.00963	0.00960	0.00912	0.01477
2	0.02773	0.09544	0.07124	0.19651	0.14457	0.02493	0.09674	0.06443	0.02481	0.12208	0.02238	0.02653	0.01647	0.01016	0.01006	0.00315	0.01273	0.00924	0.00639	0.01442
3	0.03229	0.07813	0.20332	0.02687	0.03728	0.07137	0.11960	0.03937	0.02545	0.22629	0.02616	0.02684	0.01790	0.01059	0.01012	0.00313	0.01326	0.00916	0.00754	0.01531
4	0.01469	0.00974	0.01246	0.01392	0.01547	0.00884	0.00961	0.01675	0.02091	0.06366	0.06327	0.50495	0.14772	0.02984	0.01275	0.00399	0.00602	0.02668	0.00974	0.00900
5	0.02689	0.01262	0.01587	0.01390	0.01822	0.01142	0.01082	0.03097	0.02588	0.23467	0.15392	0.10341	0.07979	0.01686	0.01020	0.00308	0.00636	0.01429	0.19854	0.01229
6	0.02425	0.29528	0.14940	0.13154	0.12094	0.03105	0.05614	0.03052	0.02152	0.02800	0.01688	0.02133	0.01383	0.00927	0.00868	0.00281	0.01279	0.00745	0.00456	0.01374
7	0.02299	0.03242	0.24089	0.07351	0.18051	0.02228	0.02937	0.03066	0.02261	0.06884	0.05605	0.03419	0.02326	0.01261	0.01259	0.00342	0.06828	0.04534	0.00592	0.01425
8	0.01250	0.00893	0.01191	0.01429	0.01488	0.00834	0.00953	0.01429	0.01965	0.02620	0.05656	0.63265	0.06787	0.03215	0.01310	0.00417	0.00595	0.02917	0.00953	0.00834
9	0.51949	0.02416	0.02230	0.01856	0.02537	0.07811	0.06439	0.07827	0.02204	0.04449	0.01602	0.01865	0.01233	0.00979	0.00755	0.00314	0.01016	0.00664	0.00650	0.01204
10	0.01391	0.01047	0.01286	0.01226	0.01495	0.00942	0.00920	0.01817	0.02759	0.03769	0.44985	0.08235	0.21905	0.02227	0.01211	0.00329	0.00493	0.01936	0.01084	0.00942
11	0.02397	0.13397	0.18710	0.03595	0.16735	0.02807	0.08322	0.03309	0.07171	0.03141	0.01977	0.02403	0.01588	0.01075	0.01266	0.00323	0.08940	0.00866	0.00521	0.01456
12	0.02031	0.07114	0.02999	0.02495	0.07783	0.01940	0.11068	0.02996	0.11707	0.03777	0.27960	0.05115	0.05599	0.01535	0.01117	0.00321	0.00891	0.01419	0.00885	0.01248
13	0.01332	0.00955	0.01139	0.01250	0.01337	0.00898	0.00803	0.01459	0.01857	0.02417	0.05583	0.33641	0.14246	0.25159	0.02714	0.00615	0.00728	0.02272	0.00833	0.00762
14	0.02128	0.01824	0.02128	0.01520	0.02432	0.01368	0.01216	0.02584	0.02128	0.03344	0.01824	0.02128	0.01520	0.00760	0.00760	0.00152	0.00760	0.00608	0.00608	0.70208
15	0.02651	0.02253	0.02376	0.02108	0.02706	0.02598	0.01648	0.08991	0.51982	0.04451	0.04052	0.03730	0.03032	0.01381	0.01043	0.00345	0.00835	0.01143	0.01043	0.01633
16	0.01377	0.00994	0.01353	0.01432	0.01563	0.01003	0.01020	0.01661	0.02049	0.02838	0.16256	0.29406	0.06009	0.09391	0.17886	0.00787	0.01202	0.02051	0.00853	0.00869
17	0.02422	0.02768	0.06055	0.04325	0.05363	0.02595	0.53806	0.03287	0.02422	0.03287	0.02076	0.02768	0.01557	0.00865	0.01211	0.00346	0.01730	0.01211	0.00519	0.01384
18	0.01483	0.01033	0.01312	0.01312	0.01378	0.01099	0.00862	0.01616	0.01549	0.02132	0.03057	0.05741	0.03308	0.43513	0.25066	0.01233	0.01632	0.01350	0.00596	0.00729
19	0.01586	0.00998	0.01446	0.01446	0.01561	0.01062	0.01054	0.01570	0.01574	0.02146	0.03056	0.04187	0.07558	0.05302	0.28502	0.32927	0.01678	0.01109	0.00542	0.00696
20	0.02351	0.02246	0.03825	0.23578	0.41728	0.02389	0.03056	0.02984	0.02248	0.03124	0.01897	0.02601	0.01545	0.00949	0.01019	0.00316	0.01266	0.00914	0.00492	0.01473
21	0.17015	0.11055	0.03061	0.02492	0.05915	0.24536	0.01905	0.03314	0.02223	0.02966	0.01498	0.01919	0.01302	0.01177	0.01405	0.00315	0.15488	0.00695	0.00519	0.01199
22	0.58024	0.07903	0.02132	0.01873	0.07495	0.02481	0.01372	0.03035	0.01836	0.04276	0.01478	0.01751	0.01181	0.00942	0.00675	0.00307	0.00864	0.00590	0.00604	0.01181
23	0.02690	0.14296	0.17835	0.03856	0.21651	0.02716	0.07825	0.06895	0.02476	0.07332	0.02023	0.02373	0.01557	0.00966	0.00963	0.00300	0.01290	0.00848	0.00570	0.01537
24	0.01721	0.01457	0.02275	0.03205	0.21924	0.01419	0.01754	0.02056	0.02100	0.02887	0.04298	0.41122	0.04905	0.02376	0.01203	0.00376	0.00823	0.02187	0.00790	0.01122
25	0.01355	0.01008	0.01281	0.01423	0.01608	0.00933	0.01066	0.01656	0.02259	0.02951	0.13537	0.32900	0.18159	0.02847	0.01298	0.00401	0.00639	0.12822	0.00975	0.00883
26	0.01756	0.00901	0.01317	0.01317	0.01317	0.00901	0.00867	0.01351	0.01351	0.01802	0.01915	0.03449	0.01961	0.09097	0.04122	0.63806	0.00901	0.00946	0.00462	0.00462
27	0.02149	0.04674	0.45495	0.03275	0.04672	0.02436	0.16278	0.03259	0.02230	0.03259	0.01900	0.02317	0.01364	0.00948	0.01034	0.00330	0.01570	0.00871	0.00455	0.01484
28	0.02245	0.02245	0.03143	0.02694	0.02694	0.03143	0.02245	0.02470	0.01572	0.02470	0.01347	0.02245	0.01347	0.01796	0.03368	0.00449	0.62057	0.00898	0.00449	0.01123
29	0.02260	0.02010	0.03134	0.11623	0.30862	0.02066	0.02390	0.07063	0.02631	0.03642	0.13975	0.04138	0.07180	0.01320	0.01072	0.00316	0.01029	0.01198	0.00706	0.01384
30	0.71184	0.01985	0.01508	0.01350	0.01985	0.02302	0.01111	0.03017	0.01746	0.04604	0.01429	0.01667	0.01111	0.00953	0.00635	0.00318	0.00794	0.00556	0.00635	0.01111
31	0.02563	0.01300	0.01644	0.01414	0.01864	0.01146	0.01093	0.02921	0.02662	0.23610	0.21795	0.06567	0.17785	0.07190	0.01488	0.00384	0.00680	0.01594	0.01096	0.01202
32	0.30618	0.01987	0.02045	0.01805	0.02309	0.07469	0.06059	0.02744	0.02311	0.03947	0.16797	0.04680	0.04080	0.01506	0.00972	0.00337	0.00921	0.07542	0.00786	0.01084
33	0.03248	0.02618	0.03617	0.11008	0.09358	0.11589	0.14541	0.03972	0.06344	0.19235	0.02673	0.02878	0.01899	0.01079	0.01056	0.00320	0.01336	0.00996	0.00768	0.01466

[dist]
# distance from previous block
# <min> <max>
0	1

[block]
# block no. 4 follows, 14 sequences, length 15
# corresponding to MSA columns:
# 1383-1397
name=unknown_E
#
# <colnr> <probs for GDERKNQSTAVLIFYWHMCP>
#	G	D	E	R	K	N	Q	S	T	A	V	L	I	F	Y	W	H	M	C	P
0	0.02064	0.01526	0.01862	0.01846	0.02186	0.01596	0.01493	0.12481	0.07392	0.03821	0.08755	0.20895	0.05343	0.02427	0.01267	0.00405	0.00853	0.21665	0.00986	0.01137
1	0.02530	0.19306	0.21886	0.02498	0.03389	0.02925	0.05349	0.03377	0.06714	0.07200	0.02021	0.02326	0.01581	0.01164	0.01388	0.00325	0.13242	0.00812	0.00560	0.01407
2	0.03138	0.02987	0.17642	0.02867	0.03898	0.02141	0.17618	0.04090	0.07136	0.23418	0.02918	0.02972	0.01987	0.01086	0.01072	0.00331	0.01284	0.01027	0.00817	0.01570
3	0.16624	0.22952	0.12642	0.02556	0.09848	0.06470	0.02154	0.06864	0.05235	0.03506	0.01792	0.02038	0.01441	0.00977	0.00814	0.00283	0.01152	0.00697	0.00566	0.01386
4	0.01305	0.00978	0.01219	0.01350	0.01524	0.00891	0.00971	0.01575	0.02232	0.02918	0.14441	0.37181	0.19808	0.02862	0.01280	0.00390	0.00590	0.06636	0.00978	0.00871
5	0.37327	0.02117	0.02107	0.01710	0.02432	0.02275	0.01411	0.15014	0.02772	0.20164	0.02400	0.02361	0.01657	0.01105	0.00835	0.00315	0.00891	0.00773	0.00902	0.01433
6	0.02058	0.05308	0.58618	0.02925	0.04442	0.02383	0.03792	0.03250	0.02167	0.03250	0.01842	0.02167	0.01300	0.00975	0.00975	0.00325	0.01517	0.00758	0.00433	0.01517
7	0.71184	0.01985	0.01508	0.01350	0.01985	0.02302	0.01111	0.03017	0.01746	0.04604	0.01429	0.01667	0.01111	0.00953	0.00635	0.00318	0.00794	0.00556	0.00635	0.01111
8	0.01470	0.01061	0.01397	0.01345	0.01586	0.00987	0.01030	0.01954	0.02856	0.04022	0.52377	0.08016	0.09345	0.02164	0.01229	0.00336	0.00525	0.06221	0.01113	0.00966
9	0.01332	0.00952	0.01285	0.01522	0.01618	0.00904	0.01095	0.01570	0.02045	0.02711	0.05611	0.52781	0.06609	0.03138	0.01332	0.00428	0.00666	0.12594	0.00951	0.00856
10	0.01471	0.01081	0.01553	0.01553	0.01703	0.01231	0.01163	0.01771	0.01621	0.02311	0.02837	0.04518	0.02777	0.17895	0.49959	0.01531	0.02431	0.01171	0.00563	0.00863
11	0.01469	0.01087	0.01587	0.01587	0.01748	0.01249	0.01205	0.01792	0.01631	0.02336	0.02806	0.04348	0.02703	0.14335	0.53418	0.01572	0.02542	0.01146	0.00558	0.00881
12	0.57402	0.07659	0.02003	0.01537	0.02180	0.09241	0.01269	0.03149	0.01912	0.04171	0.01447	0.01687	0.01154	0.00959	0.00671	0.00303	0.00944	0.00568	0.00606	0.01138
13	0.27952	0.34050	0.03646	0.01720	0.02465	0.10503	0.01549	0.03183	0.02066	0.03229	0.01448	0.01680	0.01242	0.00928	0.00684	0.00261	0.01082	0.00566	0.00522	0.01225
14	0.03512	0.02449	0.06935	0.02406	0.03238	0.02270	0.08975	0.13655	0.15643	0.24666	0.03366	0.03193	0.02314	0.01216	0.01055	0.00327	0.01068	0.01048	0.01011	0.01651

[dist]
# distance from previous block
# <min> <max>
0	3

[block]
# block no. 5 follows, 14 sequences, length 28
# corresponding to MSA columns:
# 1401-1428
name=unknown_F
#
# <colnr> <probs for GDERKNQSTAVLIFYWHMCP>
#	G	D	E	R	K	N	Q	S	T	A	V	L	I	F	Y	W	H	M	C	P
0	0.32539	0.01749	0.01814	0.01611	0.02194	0.01845	0.01328	0.03517	0.06552	0.18379	0.07050	0.04264	0.03008	0.01441	0.00933	0.00344	0.00816	0.08414	0.00918	0.01283
1	0.09379	0.01860	0.02353	0.01810	0.02603	0.01692	0.01492	0.08601	0.02939	0.46004	0.03560	0.03172	0.02294	0.01205	0.00982	0.00305	0.00879	0.00956	0.01154	0.06759
2	0.36625	0.03107	0.10935	0.02292	0.07181	0.13875	0.01897	0.03420	0.02177	0.07606	0.01748	0.01980	0.01325	0.00996	0.00805	0.00307	0.01160	0.00671	0.00616	0.01276
3	0.57346	0.02582	0.01796	0.01615	0.02229	0.14119	0.01290	0.03239	0.01985	0.04174	0.01461	0.01705	0.01155	0.00974	0.00695	0.00307	0.01011	0.00577	0.00613	0.01127
4	0.01515	0.01511	0.06300	0.01773	0.02147	0.01197	0.05972	0.01960	0.02360	0.03178	0.18375	0.24775	0.13995	0.02410	0.01249	0.00376	0.00776	0.08226	0.00915	0.00990
5	0.02734	0.07628	0.04301	0.09989	0.30121	0.06509	0.12632	0.03336	0.02395	0.07529	0.02053	0.02558	0.01615	0.00950	0.01021	0.00307	0.01338	0.00934	0.00562	0.01488
6	0.03042	0.01652	0.02073	0.01663	0.02321	0.01478	0.01328	0.03788	0.09396	0.26371	0.16440	0.04252	0.04128	0.01376	0.01018	0.00287	0.00746	0.01156	0.01064	0.16422
7	0.13162	0.02526	0.03032	0.06503	0.03373	0.02854	0.06626	0.28056	0.10101	0.05036	0.02357	0.02548	0.01751	0.01209	0.01179	0.00332	0.06081	0.00923	0.00838	0.01511
8	0.03211	0.21657	0.10987	0.02399	0.03341	0.03301	0.06030	0.28583	0.03488	0.04608	0.02045	0.02204	0.01547	0.01066	0.00924	0.00286	0.01214	0.00812	0.00738	0.01561
9	0.01464	0.01026	0.01363	0.01371	0.01498	0.01065	0.00966	0.01657	0.01822	0.02507	0.10979	0.10312	0.07647	0.21452	0.23692	0.06690	0.01486	0.01509	0.00699	0.00794
10	0.01388	0.01033	0.01292	0.01256	0.01501	0.00937	0.00931	0.01802	0.02711	0.03723	0.43423	0.13182	0.18441	0.02296	0.01220	0.00336	0.00501	0.02012	0.01080	0.00937
11	0.07363	0.02221	0.02889	0.02816	0.11361	0.02347	0.05433	0.08665	0.24757	0.16001	0.03345	0.03237	0.02422	0.01215	0.01022	0.00329	0.00977	0.01041	0.00947	0.01612
12	0.02328	0.28589	0.37696	0.02466	0.03731	0.03042	0.02992	0.03180	0.02135	0.02922	0.01679	0.01962	0.01307	0.00937	0.00851	0.00284	0.01352	0.00676	0.00436	0.01438
13	0.01259	0.00993	0.01136	0.01202	0.01440	0.00870	0.00863	0.01525	0.02299	0.02915	0.15520	0.26881	0.34007	0.02727	0.01244	0.00366	0.00539	0.02365	0.00978	0.00870
14	0.07308	0.02964	0.06325	0.03085	0.11392	0.11349	0.05733	0.12226	0.14297	0.03912	0.02357	0.02605	0.01837	0.01204	0.01285	0.00331	0.08698	0.00918	0.00712	0.01462
15	0.07948	0.03090	0.02884	0.02320	0.03059	0.12399	0.01874	0.38238	0.08979	0.05501	0.02412	0.02438	0.01763	0.01201	0.00987	0.00305	0.01198	0.00879	0.00922	0.01603
16	0.02312	0.07141	0.11507	0.20160	0.18667	0.02229	0.02617	0.02945	0.02206	0.06782	0.02321	0.07941	0.01998	0.01173	0.00996	0.00313	0.01187	0.01030	0.00576	0.05901
17	0.03524	0.08665	0.17608	0.02367	0.03356	0.06232	0.05556	0.08206	0.02779	0.27308	0.02812	0.02738	0.01895	0.01114	0.00987	0.00308	0.01205	0.00894	0.00858	0.01586
18	0.08063	0.39922	0.14719	0.02255	0.06405	0.03392	0.02164	0.03282	0.06051	0.02944	0.01740	0.01963	0.01451	0.00942	0.00767	0.00262	0.01138	0.00657	0.00503	0.01380
19	0.01609	0.01001	0.01313	0.01445	0.01571	0.00937	0.00993	0.01797	0.02005	0.07526	0.05143	0.46648	0.05907	0.11970	0.01868	0.00496	0.00699	0.05249	0.00932	0.00890
20	0.07643	0.02847	0.14029	0.03119	0.08689	0.02281	0.15996	0.03985	0.11535	0.15285	0.02754	0.02893	0.01963	0.01073	0.01042	0.00331	0.01238	0.01006	0.00760	0.01531
21	0.07677	0.17715	0.11385	0.02892	0.06966	0.06762	0.14720	0.06379	0.02496	0.10558	0.02086	0.02348	0.01565	0.00979	0.00943	0.00297	0.01317	0.00853	0.00625	0.01436
22	0.01492	0.00995	0.01119	0.01119	0.01119	0.00995	0.00622	0.01492	0.01492	0.01990	0.03233	0.06716	0.03731	0.63935	0.05223	0.00995	0.00995	0.01492	0.00622	0.00622
23	0.01395	0.01082	0.01284	0.01351	0.01574	0.01022	0.00967	0.01899	0.07054	0.03100	0.16739	0.32131	0.21278	0.02663	0.01239	0.00373	0.00572	0.02343	0.00995	0.00939
24	0.13479	0.07989	0.15476	0.02714	0.06992	0.02440	0.10037	0.06924	0.06491	0.14143	0.02421	0.02559	0.01735	0.01047	0.00955	0.00316	0.01184	0.00882	0.00726	0.01491
25	0.03907	0.02294	0.02659	0.02086	0.02828	0.02374	0.01702	0.31896	0.03894	0.24446	0.03317	0.08400	0.02489	0.01427	0.01054	0.00321	0.00990	0.01145	0.01106	0.01662
26	0.08812	0.01879	0.03014	0.02307	0.02964	0.01835	0.18176	0.06421	0.02494	0.12264	0.02815	0.03152	0.02076	0.01080	0.00938	0.00297	0.01015	0.01013	0.26167	0.01281
27	0.03267	0.11728	0.02872	0.01889	0.02660	0.02265	0.01602	0.14328	0.06333	0.19109	0.02994	0.03476	0.02323	0.01249	0.00954	0.00283	0.00942	0.05402	0.00912	0.15412

[dist]
# distance from previous block
# <min> <max>
0	17

[block]
# block no. 6 follows, 14 sequences, length 15
# corresponding to MSA columns:
# 1446-1460
name=unknown_G
#
# <colnr> <probs for GDERKNQSTAVLIFYWHMCP>
#	G	D	E	R	K	N	Q	S	T	A	V	L	I	F	Y	W	H	M	C	P
0	0.02681	0.27380	0.18209	0.02523	0.08576	0.02910	0.02349	0.06329	0.02366	0.07146	0.01885	0.02110	0.01483	0.00943	0.00837	0.00260	0.01163	0.00704	0.00561	0.09585
1	0.02483	0.08498	0.03458	0.10043	0.27777	0.05933	0.02397	0.06646	0.05869	0.03304	0.02586	0.11559	0.02424	0.01327	0.01022	0.00317	0.01136	0.01177	0.00635	0.01408
2	0.01740	0.01621	0.02885	0.02266	0.02790	0.01496	0.18576	0.02318	0.02659	0.03639	0.31716	0.06361	0.14042	0.01761	0.01211	0.00334	0.00905	0.01687	0.00900	0.01092
3	0.01250	0.00893	0.01191	0.01429	0.01488	0.00834	0.00953	0.01429	0.01965	0.02620	0.05656	0.63265	0.06787	0.03215	0.01310	0.00417	0.00595	0.02917	0.00953	0.00834
4	0.03195	0.02237	0.03567	0.02735	0.03537	0.02218	0.18712	0.04591	0.20596	0.21970	0.03445	0.03369	0.02418	0.01178	0.01095	0.00337	0.01134	0.01134	0.00947	0.01586
5	0.01385	0.01046	0.01278	0.01220	0.01492	0.00940	0.00915	0.01806	0.02745	0.03737	0.43853	0.08289	0.23058	0.02239	0.01211	0.00329	0.00494	0.01943	0.01080	0.00940
6	0.01386	0.00998	0.01312	0.01336	0.01518	0.00924	0.00963	0.01770	0.02596	0.03624	0.40143	0.25913	0.08733	0.02465	0.01243	0.00354	0.00521	0.02204	0.01072	0.00924
7	0.02868	0.37762	0.04063	0.01944	0.02626	0.19789	0.01704	0.03201	0.02446	0.02696	0.09756	0.02603	0.02566	0.01112	0.00818	0.00248	0.01225	0.00776	0.00568	0.01228
8	0.01387	0.01024	0.01296	0.01275	0.01505	0.00933	0.00938	0.01793	0.02682	0.03695	0.42493	0.16279	0.16220	0.02338	0.01226	0.00340	0.00506	0.02060	0.01077	0.00933
9	0.14126	0.02109	0.02289	0.01823	0.02509	0.02221	0.01493	0.24319	0.03391	0.19539	0.02878	0.02848	0.02010	0.01193	0.00915	0.00300	0.00898	0.00902	0.12724	0.01513
10	0.02005	0.01397	0.01921	0.02228	0.10110	0.01342	0.01438	0.05565	0.02512	0.08792	0.12869	0.26331	0.11005	0.02289	0.01203	0.00366	0.00753	0.05791	0.00949	0.01133
11	0.02730	0.07928	0.16211	0.02304	0.03131	0.07070	0.02191	0.15643	0.17113	0.04097	0.02954	0.08926	0.02464	0.01377	0.01012	0.00324	0.01137	0.01104	0.00797	0.01488
12	0.02945	0.07028	0.03029	0.02906	0.12769	0.10409	0.02005	0.17812	0.11099	0.04222	0.06983	0.03853	0.02876	0.01376	0.01041	0.00319	0.01126	0.05919	0.00824	0.01458
13	0.03727	0.16431	0.03080	0.01890	0.02624	0.08506	0.01602	0.11528	0.02944	0.26481	0.02884	0.02778	0.02023	0.01145	0.00904	0.00280	0.01027	0.00859	0.07776	0.01511
14	0.15619	0.02311	0.07835	0.01914	0.02716	0.02045	0.01693	0.07159	0.13950	0.24729	0.03136	0.02948	0.02168	0.01171	0.00938	0.00312	0.00916	0.00910	0.00963	0.06569

[dist]
# distance from previous block
# <min> <max>
0	2

[block]
# block no. 7 follows, 14 sequences, length 31
# corresponding to MSA columns:
# 1463-1493
name=unknown_H
#
# <colnr> <probs for GDERKNQSTAVLIFYWHMCP>
#	G	D	E	R	K	N	Q	S	T	A	V	L	I	F	Y	W	H	M	C	P
0	0.26300	0.01988	0.02010	0.01547	0.02354	0.01879	0.01255	0.08024	0.02272	0.04102	0.01752	0.02002	0.01401	0.00875	0.00744	0.00226	0.00810	0.00622	0.00660	0.39176
1	0.01913	0.00956	0.00956	0.00956	0.01196	0.00956	0.00717	0.02391	0.02152	0.03826	0.03348	0.03826	0.02630	0.01196	0.00717	0.00239	0.00478	0.00956	0.69632	0.00956
2	0.01390	0.01041	0.01307	0.01383	0.01611	0.00958	0.01061	0.01748	0.02442	0.03228	0.23085	0.21132	0.20366	0.02624	0.01276	0.00381	0.00614	0.12439	0.01007	0.00908
3	0.02306	0.07266	0.03569	0.13696	0.17202	0.02891	0.02537	0.02715	0.01888	0.02713	0.01582	0.02356	0.01418	0.01367	0.02153	0.00376	0.31355	0.00876	0.00464	0.01267
4	0.01370	0.01066	0.01258	0.01267	0.01558	0.00954	0.00988	0.01744	0.02545	0.03301	0.26272	0.09359	0.31871	0.02458	0.01245	0.00358	0.00576	0.09880	0.01015	0.00916
5	0.01487	0.01018	0.01234	0.01234	0.01274	0.01057	0.00765	0.01566	0.01526	0.02075	0.03129	0.06135	0.03479	0.51761	0.17052	0.01137	0.01375	0.01407	0.00606	0.00686
6	0.02382	0.01816	0.02154	0.01551	0.02451	0.01382	0.01246	0.02832	0.02211	0.08980	0.02052	0.02268	0.01625	0.00812	0.00788	0.00169	0.00772	0.00652	0.00676	0.63180
7	0.04604	0.01746	0.02382	0.01826	0.02620	0.01508	0.01508	0.05001	0.02937	0.58244	0.04049	0.03493	0.02540	0.01270	0.01032	0.00318	0.00873	0.01032	0.01270	0.01746
8	0.01397	0.01047	0.01294	0.01233	0.01499	0.00945	0.00924	0.01829	0.02773	0.03803	0.46144	0.08180	0.20726	0.02215	0.01211	0.00328	0.00492	0.01928	0.01089	0.00945
9	0.01688	0.01053	0.01397	0.01406	0.01625	0.00965	0.01017	0.02030	0.02498	0.09020	0.29181	0.31472	0.07688	0.02500	0.01235	0.00363	0.00573	0.02234	0.01067	0.00989
10	0.04360	0.02138	0.02624	0.02012	0.02815	0.02090	0.01662	0.22062	0.03593	0.40257	0.03498	0.03135	0.02264	0.01257	0.01030	0.00314	0.00962	0.00994	0.01186	0.01746
11	0.01250	0.00893	0.01191	0.01429	0.01488	0.00834	0.00953	0.01429	0.01965	0.02620	0.05656	0.63265	0.06787	0.03215	0.01310	0.00417	0.00595	0.02917	0.00953	0.00834
12	0.04428	0.02029	0.02557	0.01960	0.02761	0.01928	0.01619	0.17320	0.03411	0.45257	0.03651	0.03235	0.02341	0.01261	0.01031	0.00315	0.00937	0.01005	0.01209	0.01746
13	0.02155	0.02051	0.03410	0.40199	0.14996	0.02366	0.06853	0.03112	0.08690	0.03004	0.02150	0.02839	0.01643	0.01039	0.01041	0.00337	0.01304	0.00967	0.00542	0.01302
14	0.03765	0.04123	0.02918	0.02524	0.03141	0.39503	0.01949	0.18668	0.07074	0.03779	0.02018	0.02163	0.01568	0.01131	0.00963	0.00283	0.01571	0.00771	0.00708	0.01380
15	0.01861	0.01415	0.01537	0.01456	0.01657	0.01536	0.00970	0.02868	0.20317	0.02790	0.03561	0.05713	0.03523	0.42208	0.03771	0.00770	0.00931	0.01377	0.00769	0.00970
16	0.02968	0.02499	0.08951	0.03941	0.21067	0.02117	0.14941	0.03626	0.02546	0.18590	0.06153	0.03161	0.02361	0.01084	0.01077	0.00321	0.01227	0.01067	0.00756	0.01547
17	0.64877	0.02026	0.01752	0.01804	0.07088	0.02315	0.01299	0.03029	0.01801	0.04489	0.01475	0.01747	0.01159	0.00949	0.00670	0.00316	0.00833	0.00589	0.00623	0.01159
18	0.02163	0.01294	0.01739	0.01589	0.01809	0.01394	0.01177	0.02390	0.01838	0.13207	0.03050	0.04729	0.02869	0.26169	0.23435	0.01042	0.07198	0.01209	0.00708	0.00992
19	0.03891	0.01906	0.02360	0.01917	0.02637	0.01871	0.01549	0.05158	0.21260	0.39502	0.04093	0.03610	0.02746	0.01313	0.01036	0.00328	0.00852	0.01077	0.01192	0.01704
20	0.03242	0.01949	0.02668	0.22637	0.04219	0.02104	0.02031	0.08211	0.12529	0.24783	0.03172	0.03209	0.02179	0.01205	0.01032	0.00331	0.01054	0.01005	0.00926	0.01513
21	0.01593	0.00959	0.01195	0.01195	0.01195	0.00959	0.00715	0.01438	0.01438	0.01918	0.02729	0.05466	0.03054	0.42963	0.04802	0.25016	0.00959	0.01284	0.00561	0.00561
22	0.17870	0.01794	0.02208	0.01731	0.02493	0.01666	0.01429	0.04606	0.02700	0.47557	0.03527	0.03129	0.02256	0.01207	0.00953	0.00318	0.00857	0.00937	0.01144	0.01620
23	0.01938	0.01824	0.03078	0.61468	0.07068	0.02280	0.02850	0.02622	0.02052	0.02622	0.01824	0.02736	0.01368	0.01026	0.01026	0.00342	0.01368	0.00912	0.00456	0.01140
24	0.01344	0.00962	0.01290	0.01476	0.01592	0.00908	0.01061	0.01617	0.02177	0.02931	0.13955	0.46423	0.07124	0.02976	0.01310	0.00410	0.00630	0.09960	0.00980	0.00872
25	0.07286	0.01285	0.01741	0.01581	0.01945	0.01198	0.05816	0.02092	0.02348	0.07090	0.16412	0.22671	0.20050	0.02286	0.01180	0.00357	0.00692	0.02017	0.00945	0.01007
26	0.32324	0.01531	0.01543	0.01433	0.01892	0.01627	0.01121	0.02696	0.02072	0.11185	0.07755	0.13866	0.07061	0.02287	0.06973	0.00474	0.00927	0.01303	0.00830	0.01101
27	0.02744	0.64552	0.05378	0.01756	0.02634	0.04061	0.01756	0.03073	0.02085	0.02414	0.01427	0.01646	0.01317	0.00878	0.00658	0.00219	0.01097	0.00549	0.00439	0.01317
28	0.08175	0.10090	0.08583	0.03085	0.13900	0.02460	0.08633	0.07464	0.08043	0.07491	0.09348	0.03205	0.02772	0.01164	0.00992	0.00310	0.01095	0.01019	0.00733	0.01439
29	0.14446	0.03282	0.02941	0.02633	0.06624	0.21084	0.04819	0.19106	0.08085	0.04312	0.02115	0.02286	0.01616	0.01104	0.00942	0.00301	0.01318	0.00817	0.00742	0.01425
30	0.15342	0.13259	0.11123	0.02094	0.06345	0.02247	0.01839	0.03205	0.02177	0.10680	0.01987	0.02173	0.01519	0.00926	0.00804	0.00252	0.00982	0.00687	0.00639	0.21721

[dist]
# distance from previous block
# <min> <max>
2	6

[block]
# block no. 8 follows, 14 sequences, length 50
# corresponding to MSA columns:
# 1500-1549
name=unknown_I
#
# <colnr> <probs for GDERKNQSTAVLIFYWHMCP>
#	G	D	E	R	K	N	Q	S	T	A	V	L	I	F	Y	W	H	M	C	P
0	0.03047	0.01391	0.01854	0.01652	0.02148	0.01233	0.01312	0.03386	0.02563	0.31713	0.05304	0.19747	0.09922	0.02085	0.01168	0.00364	0.00776	0.07889	0.01117	0.01327
1	0.09930	0.02286	0.03542	0.16348	0.29507	0.02422	0.05366	0.08471	0.02516	0.06943	0.02046	0.02549	0.01582	0.00993	0.00990	0.00317	0.01202	0.00900	0.00611	0.01478
2	0.02888	0.12170	0.26028	0.02658	0.06630	0.02714	0.02675	0.14790	0.06644	0.09673	0.02324	0.02439	0.01679	0.01075	0.00956	0.00306	0.01239	0.00832	0.00700	0.01578
3	0.01367	0.00934	0.01262	0.01439	0.01507	0.00906	0.00987	0.01496	0.01862	0.02491	0.04825	0.44869	0.05649	0.08363	0.06168	0.08019	0.00837	0.05389	0.00842	0.00788
4	0.22810	0.10050	0.03064	0.12213	0.14131	0.16034	0.02070	0.03241	0.02224	0.03295	0.01627	0.02050	0.01327	0.00973	0.00843	0.00295	0.01253	0.00707	0.00534	0.01260
5	0.01355	0.01045	0.01237	0.01189	0.01473	0.00927	0.00892	0.01748	0.02675	0.03569	0.38031	0.08565	0.28984	0.02302	0.01211	0.00332	0.00499	0.01982	0.01058	0.00927
6	0.02459	0.06990	0.06198	0.08422	0.06257	0.02109	0.01843	0.07070	0.14655	0.09455	0.13232	0.04658	0.06843	0.01503	0.01062	0.00329	0.00924	0.03736	0.00890	0.01367
7	0.02242	0.10871	0.39703	0.03176	0.09846	0.02592	0.06192	0.03397	0.06429	0.03257	0.02006	0.02318	0.01496	0.00985	0.00965	0.00315	0.01397	0.00811	0.00495	0.01508
8	0.01501	0.01039	0.01328	0.01256	0.01498	0.00967	0.00942	0.01984	0.02826	0.04085	0.51385	0.07264	0.08946	0.02004	0.01159	0.00314	0.00484	0.01762	0.08289	0.00967
9	0.02128	0.01824	0.02128	0.01520	0.02432	0.01368	0.01216	0.02584	0.02128	0.03344	0.01824	0.02128	0.01520	0.00760	0.00760	0.00152	0.00760	0.00608	0.00608	0.70208
10	0.03041	0.02447	0.02595	0.02187	0.02855	0.02781	0.01742	0.23066	0.37272	0.05080	0.03557	0.03335	0.02630	0.01334	0.01038	0.00334	0.00927	0.01075	0.01038	0.01668
11	0.01492	0.00995	0.01119	0.01119	0.01119	0.00995	0.00622	0.01492	0.01492	0.01990	0.03233	0.06716	0.03731	0.63935	0.05223	0.00995	0.00995	0.01492	0.00622	0.00622
12	0.01314	0.01008	0.01203	0.01229	0.01467	0.00898	0.00893	0.01640	0.02467	0.03252	0.27160	0.21743	0.26915	0.02553	0.01235	0.00354	0.00524	0.02226	0.01021	0.00898
13	0.01526	0.01034	0.01232	0.01282	0.01332	0.01034	0.00840	0.01626	0.01676	0.02219	0.03699	0.07744	0.04191	0.51009	0.04418	0.00884	0.00984	0.11887	0.00690	0.00690
14	0.01464	0.01022	0.01304	0.01323	0.01390	0.01079	0.00872	0.01602	0.01583	0.02172	0.03261	0.10286	0.03579	0.40106	0.23394	0.01170	0.01556	0.01472	0.00624	0.00738
15	0.03006	0.01839	0.02890	0.34560	0.09024	0.01995	0.02357	0.03574	0.02413	0.24034	0.02686	0.03012	0.01837	0.01112	0.01028	0.00330	0.01167	0.00958	0.00772	0.01408
16	0.07230	0.20655	0.03522	0.02222	0.02930	0.26066	0.01839	0.14284	0.03021	0.06614	0.01858	0.02006	0.01467	0.01051	0.00863	0.00267	0.01378	0.00700	0.00656	0.01369
17	0.71184	0.01985	0.01508	0.01350	0.01985	0.02302	0.01111	0.03017	0.01746	0.04604	0.01429	0.01667	0.01111	0.00953	0.00635	0.00318	0.00794	0.00556	0.00635	0.01111
18	0.02615	0.02438	0.07004	0.15427	0.36508	0.02318	0.05992	0.03264	0.02344	0.09013	0.02139	0.02668	0.01653	0.00973	0.01029	0.00316	0.01257	0.00935	0.00576	0.01530
19	0.02331	0.04287	0.42312	0.03041	0.09701	0.02185	0.03258	0.03320	0.02325	0.09141	0.06452	0.02782	0.02130	0.01089	0.01004	0.00322	0.01335	0.00891	0.00585	0.01509
20	0.01452	0.01049	0.01372	0.01291	0.01533	0.00968	0.00968	0.01937	0.02905	0.04115	0.56992	0.07666	0.09683	0.02098	0.01210	0.00323	0.00484	0.01856	0.01130	0.00968
21	0.32975	0.30529	0.03366	0.01585	0.02347	0.03022	0.01447	0.03250	0.02026	0.09210	0.01702	0.01848	0.01355	0.00952	0.00687	0.00273	0.00941	0.00602	0.00612	0.01272
