[name]
unknown

[dist]
# distance from previous block
# <min> <max>
0	1159

[block]
# block no. 0 follows, 11 sequences, length 20
# corresponding to MSA columns:
# 1198-1217
name=unknown_A
#
# <colnr> <probs for GDERKNQSTAVLIFYWHMCP>
#	G	D	E	R	K	N	Q	S	T	A	V	L	I	F	Y	W	H	M	C	P
0	0.17007	0.02903	0.03037	0.02395	0.03185	0.03293	0.01980	0.36704	0.04336	0.06341	0.02379	0.02508	0.01741	0.01338	0.01240	0.00352	0.05619	0.00930	0.00990	0.01721
1	0.02786	0.02674	0.04568	0.06908	0.53424	0.02674	0.03454	0.03454	0.02563	0.03677	0.02117	0.02786	0.01783	0.01003	0.01114	0.00334	0.01337	0.01003	0.00557	0.01783
2	0.02972	0.02144	0.03396	0.29708	0.13476	0.02438	0.02750	0.03574	0.02472	0.15254	0.02541	0.03101	0.01851	0.01268	0.01426	0.00376	0.08006	0.01030	0.00722	0.01494
3	0.02844	0.02129	0.08181	0.02067	0.02511	0.01878	0.01770	0.08534	0.02365	0.11394	0.02405	0.03167	0.01969	0.02628	0.02995	0.32527	0.07809	0.00991	0.00715	0.01121
4	0.11187	0.02187	0.02471	0.02081	0.02820	0.02304	0.01666	0.05475	0.26228	0.24809	0.04181	0.03780	0.02920	0.01418	0.01089	0.00364	0.00916	0.01140	0.01195	0.01772
5	0.02257	0.05822	0.54613	0.03208	0.04871	0.02614	0.04158	0.03564	0.02376	0.03564	0.02020	0.02376	0.01426	0.01069	0.01069	0.00356	0.01663	0.00832	0.00475	0.01663
6	0.01871	0.01525	0.02072	0.02506	0.10321	0.01515	0.01599	0.02632	0.08684	0.03641	0.15335	0.22034	0.11882	0.02490	0.01327	0.00405	0.00804	0.07129	0.01016	0.01212
7	0.01615	0.01082	0.01234	0.01256	0.01261	0.01076	0.00712	0.01631	0.01680	0.02240	0.03768	0.11727	0.04371	0.55702	0.05371	0.01038	0.01055	0.01767	0.00712	0.00701
8	0.01812	0.01320	0.01439	0.01387	0.01630	0.01333	0.00956	0.02515	0.10217	0.03287	0.11466	0.07313	0.14460	0.25278	0.02986	0.00646	0.00819	0.01708	0.08423	0.01004
9	0.01465	0.01056	0.01337	0.01525	0.01641	0.00995	0.01060	0.01680	0.02173	0.02842	0.06348	0.39566	0.12108	0.12682	0.02139	0.00559	0.00763	0.08181	0.00985	0.00896
10	0.03540	0.02130	0.03048	0.10094	0.15081	0.02135	0.02220	0.04506	0.10762	0.24539	0.04097	0.04024	0.05927	0.01391	0.01143	0.00356	0.01076	0.01193	0.01024	0.01714
11	0.01605	0.01197	0.01759	0.01745	0.01956	0.01351	0.01351	0.02028	0.02034	0.02923	0.11143	0.05072	0.04087	0.07439	0.47066	0.01571	0.02610	0.01341	0.00707	0.01014
12	0.04279	0.03153	0.03378	0.02590	0.03490	0.03490	0.02139	0.49671	0.05292	0.07093	0.02702	0.02702	0.01914	0.01351	0.01126	0.00338	0.01239	0.01013	0.01126	0.01914
13	0.02739	0.01726	0.02165	0.01779	0.02504	0.01415	0.01421	0.03177	0.02542	0.15179	0.03745	0.13337	0.03470	0.01687	0.01091	0.00300	0.00858	0.06837	0.00943	0.33085
14	0.02164	0.01359	0.01495	0.01373	0.01649	0.01386	0.00991	0.08489	0.02714	0.04097	0.13099	0.05677	0.04592	0.17495	0.02273	0.00514	0.00774	0.01396	0.27397	0.01067
15	0.01955	0.00978	0.01466	0.01466	0.01466	0.00978	0.00978	0.01466	0.01466	0.01955	0.01955	0.03421	0.01955	0.03910	0.04399	0.67253	0.00978	0.00978	0.00489	0.00489
16	0.01330	0.01140	0.01140	0.01140	0.01520	0.00950	0.00855	0.01615	0.02565	0.03041	0.11402	0.10832	0.52967	0.02850	0.01330	0.00380	0.00570	0.02375	0.01045	0.00950
17	0.02581	0.01605	0.01860	0.01700	0.02203	0.01558	0.01303	0.03584	0.14421	0.15641	0.07166	0.16277	0.20912	0.02304	0.01257	0.00387	0.00755	0.01959	0.01152	0.01375
18	0.03162	0.02107	0.02459	0.02050	0.02517	0.02282	0.01581	0.26498	0.03453	0.04623	0.02343	0.03048	0.01934	0.02581	0.02699	0.32505	0.01113	0.00996	0.00820	0.01229
19	0.02552	0.01342	0.01684	0.01481	0.01928	0.01202	0.01152	0.03016	0.02985	0.17664	0.26479	0.07008	0.14387	0.02014	0.01203	0.00345	0.00652	0.01716	0.09917	0.01273

[dist]
# distance from previous block
# <min> <max>
0	1

[block]
# block no. 1 follows, 11 sequences, length 10
# corresponding to MSA columns:
# 1219-1228
name=unknown_B
#
# <colnr> <probs for GDERKNQSTAVLIFYWHMCP>
#	G	D	E	R	K	N	Q	S	T	A	V	L	I	F	Y	W	H	M	C	P
0	0.26449	0.01619	0.01631	0.01452	0.01948	0.01684	0.01136	0.03125	0.02478	0.12149	0.14742	0.04508	0.04195	0.05617	0.01283	0.00387	0.00758	0.01179	0.12440	0.01222
1	0.01420	0.01105	0.01291	0.01326	0.01596	0.00976	0.00964	0.01759	0.02657	0.03451	0.22832	0.21747	0.29159	0.02844	0.01355	0.00390	0.00578	0.02468	0.01104	0.00976
2	0.01433	0.01057	0.01341	0.01455	0.01630	0.00965	0.01021	0.01745	0.02534	0.03401	0.21265	0.36485	0.15434	0.03047	0.01387	0.00414	0.00603	0.02717	0.01104	0.00965
3	0.01472	0.01146	0.01337	0.01289	0.01607	0.01011	0.00967	0.01890	0.02901	0.03836	0.33773	0.09523	0.30100	0.02554	0.01329	0.00366	0.00549	0.02192	0.01150	0.01011
4	0.03016	0.01817	0.02260	0.01754	0.02571	0.01457	0.01387	0.03450	0.02578	0.19001	0.03395	0.11637	0.02900	0.01420	0.01018	0.00267	0.00844	0.01200	0.00947	0.37082
5	0.02119	0.01563	0.01737	0.01639	0.01874	0.01665	0.01115	0.07918	0.11696	0.03332	0.04059	0.14297	0.04235	0.33631	0.03663	0.00771	0.01002	0.01737	0.00877	0.01069
6	0.02606	0.02636	0.04925	0.17184	0.29573	0.02688	0.16937	0.03375	0.02523	0.03484	0.02139	0.02906	0.01700	0.01013	0.01180	0.00356	0.01538	0.01098	0.00548	0.01590
7	0.02486	0.01305	0.01665	0.01597	0.01985	0.01149	0.01185	0.02777	0.02580	0.18612	0.06921	0.30800	0.17028	0.02710	0.01318	0.00405	0.00726	0.02368	0.01151	0.01229
8	0.01611	0.01194	0.01746	0.01746	0.01925	0.01373	0.01329	0.01970	0.01790	0.02566	0.03072	0.04740	0.02952	0.14059	0.50556	0.01731	0.02807	0.01252	0.00611	0.00970
9	0.02340	0.11887	0.49270	0.03067	0.04654	0.02816	0.03914	0.03543	0.02366	0.03464	0.01970	0.02314	0.01428	0.01058	0.01031	0.00344	0.01613	0.00806	0.00476	0.01639

[dist]
# distance from previous block
# <min> <max>
4	36

[block]
# block no. 2 follows, 11 sequences, length 47
# corresponding to MSA columns:
# 1265-1311
name=unknown_C
#
# <colnr> <probs for GDERKNQSTAVLIFYWHMCP>
#	G	D	E	R	K	N	Q	S	T	A	V	L	I	F	Y	W	H	M	C	P
0	0.02814	0.02546	0.04063	0.05750	0.41443	0.02575	0.03015	0.08625	0.02953	0.04172	0.08282	0.03452	0.02860	0.01199	0.01141	0.00337	0.01229	0.01128	0.00705	0.01711
1	0.02787	0.02126	0.02478	0.01802	0.02780	0.01743	0.01454	0.08460	0.02750	0.08317	0.02287	0.02502	0.01790	0.00940	0.00892	0.00202	0.00891	0.00746	0.00781	0.54274
2	0.01561	0.01098	0.01454	0.01616	0.01784	0.01038	0.01211	0.01821	0.02368	0.03124	0.11931	0.30609	0.12296	0.03234	0.01731	0.07004	0.00757	0.13426	0.01012	0.00925
3	0.08195	0.01754	0.02121	0.01824	0.02284	0.01806	0.01400	0.10603	0.06967	0.14305	0.07776	0.03823	0.03041	0.02393	0.02328	0.25147	0.00955	0.01116	0.00924	0.01237
4	0.02560	0.03752	0.19723	0.04027	0.05256	0.02775	0.31086	0.03868	0.08199	0.03721	0.02470	0.02984	0.01827	0.01050	0.01234	0.00373	0.01715	0.01182	0.00609	0.01589
5	0.02154	0.01977	0.03454	0.46409	0.06856	0.02357	0.07098	0.02780	0.02197	0.02836	0.02021	0.03052	0.01572	0.01430	0.01521	0.08090	0.01476	0.01028	0.00505	0.01187
6	0.01615	0.01177	0.01663	0.01663	0.01814	0.01328	0.01225	0.01916	0.01766	0.02505	0.03148	0.05159	0.03134	0.21463	0.43400	0.01629	0.02533	0.01314	0.00623	0.00924
7	0.01738	0.01043	0.01380	0.01370	0.01507	0.00980	0.00954	0.01587	0.01978	0.02564	0.10695	0.06078	0.17161	0.03422	0.03178	0.40642	0.00811	0.01493	0.00733	0.00686
8	0.01567	0.01131	0.01482	0.01433	0.01676	0.01045	0.01060	0.02060	0.03067	0.04324	0.47452	0.14325	0.10254	0.02442	0.01340	0.00366	0.00545	0.02170	0.01217	0.01045
9	0.02786	0.02674	0.04568	0.06908	0.53424	0.02674	0.03454	0.03454	0.02563	0.03677	0.02117	0.02786	0.01783	0.01003	0.01114	0.00334	0.01337	0.01003	0.00557	0.01783
10	0.05050	0.01915	0.02612	0.02003	0.02873	0.01654	0.01654	0.05485	0.03221	0.54203	0.04440	0.03831	0.02786	0.01393	0.01132	0.00348	0.00958	0.01132	0.01393	0.01915
11	0.04204	0.05364	0.03190	0.02900	0.03480	0.55926	0.02175	0.04494	0.03190	0.02755	0.01740	0.02030	0.01450	0.01160	0.01015	0.00290	0.02030	0.00725	0.00580	0.01305
12	0.02899	0.01452	0.01850	0.01577	0.02113	0.01268	0.01243	0.03328	0.03038	0.23897	0.22727	0.07222	0.18595	0.02084	0.01250	0.00359	0.00711	0.01765	0.01250	0.01372
13	0.01955	0.00978	0.01466	0.01466	0.01466	0.00978	0.00978	0.01466	0.01466	0.01955	0.01955	0.03421	0.01955	0.03910	0.04399	0.67253	0.00978	0.00978	0.00489	0.00489
14	0.01330	0.01140	0.01140	0.01140	0.01520	0.00950	0.00855	0.01615	0.02565	0.03041	0.11402	0.10832	0.52967	0.02850	0.01330	0.00380	0.00570	0.02375	0.01045	0.00950
15	0.12359	0.01873	0.02372	0.01870	0.02642	0.01708	0.01515	0.04878	0.02922	0.43620	0.04015	0.03908	0.02715	0.06657	0.01493	0.00415	0.00959	0.01114	0.01245	0.01721
16	0.01469	0.01146	0.01332	0.01285	0.01605	0.01009	0.00964	0.01883	0.02892	0.03816	0.33215	0.09555	0.30670	0.02561	0.01329	0.00366	0.00550	0.02196	0.01147	0.01009
17	0.01605	0.01078	0.01237	0.01268	0.01276	0.01070	0.00726	0.01628	0.01699	0.02265	0.03866	0.13659	0.04495	0.53602	0.05213	0.01015	0.01039	0.01825	0.00726	0.00710
18	0.04150	0.03089	0.03306	0.02564	0.03442	0.03431	0.02108	0.45888	0.09284	0.06887	0.02865	0.02832	0.02046	0.01366	0.01128	0.00342	0.01208	0.01036	0.01128	0.01903
19	0.01637	0.01091	0.01228	0.01228	0.01228	0.01091	0.00682	0.01637	0.01637	0.02182	0.03546	0.07365	0.04092	0.60445	0.05729	0.01091	0.01091	0.01637	0.00682	0.00682
20	0.01388	0.01142	0.01220	0.01200	0.01555	0.00975	0.00900	0.01726	0.02701	0.03362	0.20447	0.10303	0.43721	0.02731	0.01330	0.00374	0.00562	0.02301	0.01087	0.00975
21	0.68395	0.02177	0.01654	0.01480	0.02177	0.02525	0.01219	0.03309	0.01915	0.05050	0.01567	0.01828	0.01219	0.01045	0.00697	0.00348	0.00871	0.00609	0.00697	0.01219
22	0.04204	0.05364	0.03190	0.02900	0.03480	0.55926	0.02175	0.04494	0.03190	0.02755	0.01740	0.02030	0.01450	0.01160	0.01015	0.00290	0.02030	0.00725	0.00580	0.01305
23	0.01608	0.01206	0.01809	0.01809	0.02010	0.01407	0.01407	0.02010	0.01809	0.02613	0.03015	0.04422	0.02814	0.08441	0.55984	0.01809	0.03015	0.01206	0.00603	0.01005
24	0.01684	0.01071	0.01311	0.01302	0.01374	0.01040	0.00822	0.01635	0.01853	0.02451	0.08884	0.06789	0.10015	0.32118	0.04399	0.19304	0.00942	0.01582	0.00727	0.00698
25	0.01859	0.01041	0.01561	0.01561	0.01617	0.01097	0.01097	0.01617	0.01561	0.02138	0.02249	0.03699	0.02193	0.05168	0.18722	0.49081	0.01543	0.01041	0.00520	0.00632
26	0.02800	0.02418	0.02545	0.02291	0.02927	0.02800	0.01782	0.05981	0.51390	0.04708	0.04581	0.04199	0.03436	0.01527	0.01145	0.00382	0.00891	0.01273	0.01145	0.01782
27	0.02462	0.02462	0.03447	0.02955	0.02955	0.03447	0.02462	0.02709	0.01724	0.02709	0.01477	0.02462	0.01477	0.01970	0.03694	0.00492	0.58385	0.00985	0.00492	0.01231
28	0.01608	0.01206	0.01809	0.01809	0.02010	0.01407	0.01407	0.02010	0.01809	0.02613	0.03015	0.04422	0.02814	0.08441	0.55984	0.01809	0.03015	0.01206	0.00603	0.01005
29	0.01637	0.01091	0.01228	0.01228	0.01228	0.01091	0.00682	0.01637	0.01637	0.02182	0.03546	0.07365	0.04092	0.60445	0.05729	0.01091	0.01091	0.01637	0.00682	0.00682
30	0.01610	0.01196	0.01759	0.01759	0.01942	0.01380	0.01344	0.01978	0.01794	0.02576	0.03061	0.04677	0.02924	0.12944	0.51633	0.01747	0.02848	0.01243	0.00610	0.00977
31	0.15751	0.07835	0.03828	0.12507	0.16559	0.02809	0.07020	0.09067	0.02754	0.08376	0.02223	0.02648	0.01690	0.01097	0.01023	0.00341	0.01272	0.00934	0.00708	0.01557
32	0.01534	0.01105	0.01452	0.01456	0.01669	0.01023	0.01057	0.01977	0.02913	0.04080	0.40497	0.21977	0.09780	0.02625	0.01356	0.00381	0.00563	0.02343	0.01188	0.01023
33	0.01371	0.00979	0.01306	0.01567	0.01632	0.00914	0.01045	0.01567	0.02155	0.02873	0.06203	0.59710	0.07444	0.03526	0.01437	0.00457	0.00653	0.03200	0.01045	0.00914
34	0.42460	0.02698	0.02648	0.03158	0.16563	0.08987	0.01955	0.03492	0.02248	0.04393	0.01741	0.02118	0.01403	0.01047	0.00851	0.00337	0.01140	0.00733	0.00644	0.01386
35	0.05050	0.01915	0.02612	0.02003	0.02873	0.01654	0.01654	0.05485	0.03221	0.54203	0.04440	0.03831	0.02786	0.01393	0.01132	0.00348	0.00958	0.01132	0.01393	0.01915
36	0.03542	0.03850	0.16356	0.03221	0.09739	0.08986	0.02739	0.19568	0.07268	0.09728	0.02661	0.02776	0.01922	0.01233	0.01099	0.00341	0.01396	0.00964	0.00857	0.01755
37	0.01608	0.01206	0.01809	0.01809	0.02010	0.01407	0.01407	0.02010	0.01809	0.02613	0.03015	0.04422	0.02814	0.08441	0.55984	0.01809	0.03015	0.01206	0.00603	0.01005
38	0.02800	0.02418	0.02545	0.02291	0.02927	0.02800	0.01782	0.05981	0.51390	0.04708	0.04581	0.04199	0.03436	0.01527	0.01145	0.00382	0.00891	0.01273	0.01145	0.01782
39	0.01637	0.01091	0.01228	0.01228	0.01228	0.01091	0.00682	0.01637	0.01637	0.02182	0.03546	0.07365	0.04092	0.60445	0.05729	0.01091	0.01091	0.01637	0.00682	0.00682
40	0.02461	0.25378	0.03764	0.02221	0.07488	0.02681	0.01709	0.02930	0.02551	0.03475	0.14567	0.03689	0.03832	0.01269	0.00940	0.00260	0.00954	0.01017	0.00726	0.18089
41	0.04786	0.02338	0.02874	0.02203	0.03084	0.02282	0.01820	0.20584	0.03929	0.38105	0.03846	0.03445	0.02488	0.01379	0.01130	0.00345	0.01054	0.01091	0.01302	0.01915
42	0.02289	0.01955	0.02770	0.02446	0.02446	0.02603	0.01955	0.02284	0.01636	0.02451	0.01641	0.02790	0.01641	0.02633	0.03935	0.23306	0.38767	0.00982	0.00491	0.00978
43	0.02524	0.03016	0.08670	0.38651	0.06605	0.11213	0.07292	0.03273	0.02452	0.02990	0.01985	0.02785	0.01504	0.01109	0.01120	0.00360	0.01639	0.00969	0.00517	0.01324
44	0.01368	0.00994	0.01291	0.01529	0.01622	0.00917	0.01028	0.01572	0.02192	0.02888	0.06671	0.55318	0.11534	0.03465	0.01427	0.00450	0.00646	0.03126	0.01045	0.00917
45	0.04204	0.05364	0.03190	0.02900	0.03480	0.55926	0.02175	0.04494	0.03190	0.02755	0.01740	0.02030	0.01450	0.01160	0.01015	0.00290	0.02030	0.00725	0.00580	0.01305
46	0.15008	0.35472	0.05113	0.02756	0.07858	0.03674	0.09628	0.03405	0.02304	0.03341	0.01731	0.02099	0.01476	0.00979	0.00852	0.00292	0.01267	0.00758	0.00542	0.01446

[dist]
# distance from previous block
# <min> <max>
0	9

[block]
# block no. 3 follows, 11 sequences, length 34
# corresponding to MSA columns:
# 1321-1354
name=unknown_D
#
# <colnr> <probs for GDERKNQSTAVLIFYWHMCP>
#	G	D	E	R	K	N	Q	S	T	A	V	L	I	F	Y	W	H	M	C	P
0	0.01593	0.01150	0.01504	0.01416	0.01681	0.01062	0.01062	0.02124	0.03186	0.04513	0.52830	0.08407	0.10620	0.02301	0.01327	0.00354	0.00531	0.02035	0.01239	0.01062
1	0.02334	0.02001	0.02334	0.01667	0.02667	0.01500	0.01334	0.02834	0.02334	0.03668	0.02001	0.02334	0.01667	0.00834	0.00834	0.00167	0.00834	0.00667	0.00667	0.67325
2	0.01330	0.01140	0.01140	0.01140	0.01520	0.00950	0.00855	0.01615	0.02565	0.03041	0.11402	0.10832	0.52967	0.02850	0.01330	0.00380	0.00570	0.02375	0.01045	0.00950
3	0.03232	0.02522	0.02692	0.02229	0.02960	0.02772	0.01780	0.21309	0.25610	0.05436	0.03578	0.03483	0.02669	0.01380	0.01077	0.00335	0.00979	0.01102	0.07121	0.07735
4	0.01533	0.01095	0.01491	0.01751	0.01887	0.01053	0.01325	0.01846	0.02314	0.03054	0.06114	0.42574	0.07092	0.03374	0.01480	0.00479	0.00793	0.18744	0.01042	0.00959
5	0.01583	0.01200	0.01748	0.01748	0.01965	0.01365	0.01357	0.01974	0.01878	0.02652	0.03777	0.05004	0.07374	0.07933	0.51015	0.01679	0.02793	0.01312	0.00643	0.01000
6	0.01470	0.01021	0.01277	0.01441	0.01482	0.00980	0.00910	0.01593	0.01962	0.02616	0.05214	0.40210	0.06195	0.24730	0.03036	0.00693	0.00816	0.02617	0.00910	0.00828
7	0.01814	0.01296	0.01814	0.02073	0.02332	0.01296	0.01814	0.02332	0.02591	0.03368	0.05959	0.12696	0.06478	0.03109	0.01555	0.00518	0.01036	0.45848	0.01036	0.01036
8	0.02800	0.02418	0.02545	0.02291	0.02927	0.02800	0.01782	0.05981	0.51390	0.04708	0.04581	0.04199	0.03436	0.01527	0.01145	0.00382	0.00891	0.01273	0.01145	0.01782
9	0.02462	0.02462	0.03447	0.02955	0.02955	0.03447	0.02462	0.02709	0.01724	0.02709	0.01477	0.02462	0.01477	0.01970	0.03694	0.00492	0.58385	0.00985	0.00492	0.01231
10	0.21709	0.01984	0.02360	0.01865	0.02690	0.01883	0.01540	0.04913	0.02878	0.41276	0.03685	0.03304	0.02374	0.01301	0.01017	0.00348	0.00935	0.00994	0.01210	0.01732
11	0.01608	0.01206	0.01809	0.01809	0.02010	0.01407	0.01407	0.02010	0.01809	0.02613	0.03015	0.04422	0.02814	0.08441	0.55984	0.01809	0.03015	0.01206	0.00603	0.01005
12	0.01637	0.01091	0.01228	0.01228	0.01228	0.01091	0.00682	0.01637	0.01637	0.02182	0.03546	0.07365	0.04092	0.60445	0.05729	0.01091	0.01091	0.01637	0.00682	0.00682
13	0.02320	0.01235	0.01500	0.01527	0.01856	0.01206	0.01257	0.02833	0.02539	0.09416	0.04590	0.07254	0.04183	0.01976	0.01105	0.00365	0.00759	0.17386	0.35552	0.01140
14	0.01562	0.01060	0.01250	0.01323	0.01342	0.01041	0.00784	0.01617	0.01783	0.02377	0.04294	0.22096	0.05035	0.44427	0.04521	0.00913	0.00968	0.02077	0.00784	0.00747
15	0.01608	0.01206	0.01809	0.01809	0.02010	0.01407	0.01407	0.02010	0.01809	0.02613	0.03015	0.04422	0.02814	0.08441	0.55984	0.01809	0.03015	0.01206	0.00603	0.01005
16	0.02462	0.02462	0.03447	0.02955	0.02955	0.03447	0.02462	0.02709	0.01724	0.02709	0.01477	0.02462	0.01477	0.01970	0.03694	0.00492	0.58385	0.00985	0.00492	0.01231
17	0.03902	0.01661	0.02244	0.01808	0.02477	0.01458	0.01458	0.04369	0.03210	0.37702	0.20510	0.05351	0.05388	0.01695	0.01197	0.00350	0.00816	0.01432	0.01342	0.01632
18	0.01427	0.01055	0.01344	0.01529	0.01688	0.00972	0.01091	0.01700	0.02358	0.03086	0.10865	0.41803	0.15923	0.03261	0.01421	0.00441	0.00668	0.07363	0.01060	0.00945
19	0.04132	0.02756	0.03055	0.02411	0.03252	0.02982	0.01969	0.31940	0.14256	0.16036	0.03432	0.03233	0.02398	0.01395	0.01131	0.00349	0.01112	0.01090	0.01183	0.01887
20	0.04204	0.05364	0.03190	0.02900	0.03480	0.55926	0.02175	0.04494	0.03190	0.02755	0.01740	0.02030	0.01450	0.01160	0.01015	0.00290	0.02030	0.00725	0.00580	0.01305
21	0.02415	0.01440	0.01763	0.01596	0.02000	0.01371	0.01219	0.07486	0.03092	0.12332	0.23098	0.15717	0.11031	0.02219	0.01240	0.00362	0.00697	0.01917	0.07753	0.01250
22	0.02348	0.01256	0.01648	0.01623	0.01949	0.01125	0.01186	0.02646	0.02570	0.16444	0.10529	0.35392	0.11221	0.02788	0.01336	0.00411	0.00713	0.02468	0.01153	0.01193
23	0.01356	0.01039	0.01244	0.01408	0.01591	0.00928	0.00974	0.01585	0.02308	0.02936	0.08144	0.41461	0.24440	0.03274	0.01397	0.00428	0.00622	0.02892	0.01045	0.00928
24	0.02126	0.02001	0.03376	0.57739	0.07752	0.02501	0.03126	0.02876	0.02251	0.02876	0.02001	0.03001	0.01500	0.01125	0.01125	0.00375	0.01500	0.01000	0.00500	0.01250
25	0.02218	0.02053	0.03416	0.41217	0.16861	0.02397	0.02951	0.02875	0.02256	0.02978	0.02180	0.03392	0.01820	0.07037	0.01584	0.00438	0.01425	0.01065	0.00531	0.01307
26	0.02404	0.01524	0.01809	0.01614	0.02092	0.01460	0.01251	0.03331	0.11745	0.13685	0.23876	0.07410	0.19015	0.02132	0.01258	0.00365	0.00688	0.01814	0.01200	0.01326
27	0.02399	0.02410	0.04477	0.33461	0.16552	0.02627	0.15346	0.03185	0.02421	0.03231	0.02097	0.02966	0.01612	0.01054	0.01176	0.00368	0.01572	0.01087	0.00530	0.01429
28	0.03469	0.02490	0.02813	0.02363	0.03039	0.02806	0.01896	0.14799	0.28926	0.13565	0.03883	0.03665	0.02828	0.01507	0.01367	0.00377	0.06133	0.01168	0.01125	0.01783
29	0.31247	0.02162	0.02393	0.02341	0.07642	0.02276	0.01718	0.08577	0.02746	0.17822	0.02978	0.03739	0.02339	0.01391	0.00992	0.00365	0.00996	0.05823	0.00947	0.01510
30	0.01650	0.01241	0.01658	0.01679	0.01902	0.01307	0.01249	0.02287	0.06805	0.03407	0.18015	0.20064	0.06285	0.04791	0.21261	0.00914	0.01501	0.01970	0.00948	0.01068
31	0.10581	0.02530	0.12787	0.02056	0.02897	0.01782	0.01964	0.03953	0.02802	0.25752	0.11585	0.09189	0.04026	0.01631	0.01131	0.00361	0.00995	0.01349	0.01073	0.01558
32	0.02776	0.13274	0.04065	0.13498	0.22228	0.07097	0.02634	0.03580	0.06863	0.03369	0.02175	0.02662	0.01781	0.01058	0.01009	0.00307	0.01301	0.00895	0.00600	0.08828
33	0.02975	0.19113	0.03665	0.08312	0.03402	0.07368	0.01999	0.15227	0.03021	0.03842	0.02306	0.02877	0.01933	0.03059	0.15381	0.00696	0.01787	0.00922	0.00693	0.01420

[dist]
# distance from previous block
# <min> <max>
0	2

[block]
# block no. 4 follows, 11 sequences, length 35
# corresponding to MSA columns:
# 1357-1391
name=unknown_E
#
# <colnr> <probs for GDERKNQSTAVLIFYWHMCP>
#	G	D	E	R	K	N	Q	S	T	A	V	L	I	F	Y	W	H	M	C	P
0	0.03305	0.02051	0.02221	0.01971	0.02510	0.07330	0.01515	0.04136	0.10949	0.22487	0.10614	0.17217	0.04807	0.01998	0.01217	0.00374	0.00936	0.01704	0.01166	0.01491
1	0.02886	0.01566	0.02363	0.01964	0.02446	0.01431	0.06328	0.03230	0.02676	0.20432	0.15259	0.11109	0.05062	0.09377	0.02115	0.06845	0.00945	0.01629	0.01058	0.01280
2	0.02256	0.02255	0.04177	0.44735	0.07293	0.02585	0.14465	0.03055	0.02350	0.03055	0.02068	0.03009	0.01551	0.01082	0.01175	0.00376	0.01598	0.01081	0.00517	0.01316
3	0.02686	0.09259	0.02707	0.14683	0.03452	0.06404	0.01730	0.02985	0.02329	0.11013	0.03624	0.04653	0.07698	0.13548	0.02315	0.06589	0.01190	0.01221	0.00743	0.01172
4	0.09027	0.01764	0.02050	0.01784	0.02296	0.01793	0.01395	0.10346	0.07042	0.13038	0.23526	0.11234	0.06190	0.01954	0.01201	0.00363	0.00784	0.01656	0.01168	0.01390
5	0.03336	0.01507	0.01942	0.01630	0.02087	0.01370	0.01199	0.03598	0.02557	0.28336	0.08115	0.05689	0.03986	0.26114	0.03067	0.00659	0.00978	0.01418	0.01083	0.01329
6	0.02168	0.03609	0.26784	0.02612	0.03590	0.02190	0.02861	0.03504	0.10847	0.03599	0.03500	0.05338	0.03117	0.02539	0.08035	0.00579	0.01553	0.11384	0.00737	0.01457
7	0.14168	0.01703	0.02003	0.01641	0.02306	0.01614	0.01332	0.04304	0.02764	0.31816	0.03763	0.03622	0.02568	0.01314	0.00962	0.00323	0.00817	0.01025	0.20403	0.01552
8	0.02707	0.01488	0.01890	0.01717	0.02138	0.01420	0.01291	0.03419	0.08835	0.18517	0.17812	0.18469	0.06168	0.06858	0.01624	0.00439	0.00774	0.01917	0.01183	0.01337
9	0.02252	0.01276	0.01694	0.01560	0.01913	0.01156	0.01178	0.02707	0.03017	0.14252	0.35108	0.16249	0.08498	0.02327	0.01307	0.00370	0.00638	0.02052	0.01237	0.01209
10	0.01565	0.01149	0.01466	0.01387	0.01664	0.01050	0.01040	0.02070	0.03120	0.04357	0.48432	0.08665	0.15115	0.02359	0.01328	0.00357	0.00535	0.02072	0.01218	0.01050
11	0.15833	0.01488	0.01612	0.01446	0.01774	0.01502	0.01000	0.02804	0.02035	0.13982	0.03340	0.05487	0.03231	0.35730	0.03722	0.00781	0.01018	0.01321	0.00838	0.01056
12	0.03034	0.01520	0.01988	0.01758	0.02251	0.01405	0.01355	0.03658	0.06798	0.24222	0.18437	0.18321	0.06133	0.02161	0.01260	0.00378	0.00761	0.01884	0.01248	0.01429
13	0.01501	0.01072	0.01455	0.01715	0.01837	0.01026	0.01270	0.01791	0.02283	0.03018	0.06132	0.45945	0.07161	0.03404	0.01471	0.00475	0.00765	0.15687	0.01042	0.00950
14	0.04851	0.02235	0.02810	0.02154	0.03033	0.02128	0.01779	0.16892	0.03756	0.42042	0.03992	0.03540	0.02561	0.01382	0.01130	0.00346	0.01030	0.01101	0.01324	0.01915
15	0.01608	0.01206	0.01809	0.01809	0.02010	0.01407	0.01407	0.02010	0.01809	0.02613	0.03015	0.04422	0.02814	0.08441	0.55984	0.01809	0.03015	0.01206	0.00603	0.01005
16	0.04170	0.02326	0.02744	0.02213	0.03015	0.02392	0.01793	0.14530	0.19142	0.28799	0.04136	0.03723	0.02820	0.01428	0.01135	0.00357	0.00993	0.01153	0.01260	0.01872
17	0.02800	0.02418	0.02545	0.02291	0.02927	0.02800	0.01782	0.05981	0.51390	0.04708	0.04581	0.04199	0.03436	0.01527	0.01145	0.00382	0.00891	0.01273	0.01145	0.01782
18	0.05050	0.01915	0.02612	0.02003	0.02873	0.01654	0.01654	0.05485	0.03221	0.54203	0.04440	0.03831	0.02786	0.01393	0.01132	0.00348	0.00958	0.01132	0.01393	0.01915
19	0.01622	0.01149	0.01521	0.01521	0.01622	0.01251	0.01048	0.01825	0.01724	0.02400	0.03278	0.05880	0.03447	0.34197	0.31094	0.01453	0.02062	0.01419	0.00642	0.00845
20	0.13526	0.01600	0.01995	0.01958	0.02447	0.01589	0.01675	0.03309	0.02644	0.16827	0.04848	0.08622	0.04661	0.02327	0.01305	0.00446	0.00989	0.26863	0.01073	0.01294
21	0.02257	0.05822	0.54613	0.03208	0.04871	0.02614	0.04158	0.03564	0.02376	0.03564	0.02020	0.02376	0.01426	0.01069	0.01069	0.00356	0.01663	0.00832	0.00475	0.01663
22	0.03233	0.02633	0.02789	0.02378	0.03092	0.03002	0.01886	0.18773	0.37893	0.05407	0.04031	0.03761	0.02990	0.01476	0.01140	0.00369	0.00993	0.01197	0.01140	0.01820
23	0.01371	0.00979	0.01306	0.01567	0.01632	0.00914	0.01045	0.01567	0.02155	0.02873	0.06203	0.59710	0.07444	0.03526	0.01437	0.00457	0.00653	0.03200	0.01045	0.00914
24	0.02800	0.02418	0.02545	0.02291	0.02927	0.02800	0.01782	0.05981	0.51390	0.04708	0.04581	0.04199	0.03436	0.01527	0.01145	0.00382	0.00891	0.01273	0.01145	0.01782
25	0.01330	0.01140	0.01140	0.01140	0.01520	0.00950	0.00855	0.01615	0.02565	0.03041	0.11402	0.10832	0.52967	0.02850	0.01330	0.00380	0.00570	0.02375	0.01045	0.00950
26	0.03736	0.01685	0.02041	0.01667	0.02287	0.01596	0.01343	0.08957	0.03081	0.28358	0.03936	0.03864	0.02735	0.01355	0.00987	0.00311	0.00807	0.01085	0.28617	0.01554
27	0.22089	0.02311	0.02818	0.02405	0.02717	0.02954	0.01998	0.03230	0.01966	0.09808	0.01873	0.02447	0.01565	0.01627	0.02497	0.00432	0.34392	0.00893	0.00664	0.01313
28	0.01637	0.01091	0.01228	0.01228	0.01228	0.01091	0.00682	0.01637	0.01637	0.02182	0.03546	0.07365	0.04092	0.60445	0.05729	0.01091	0.01091	0.01637	0.00682	0.00682
29	0.02334	0.02001	0.02334	0.01667	0.02667	0.01500	0.01334	0.02834	0.02334	0.03668	0.02001	0.02334	0.01667	0.00834	0.00834	0.00167	0.00834	0.00667	0.00667	0.67325
30	0.01608	0.01206	0.01809	0.01809	0.02010	0.01407	0.01407	0.02010	0.01809	0.02613	0.03015	0.04422	0.02814	0.08441	0.55984	0.01809	0.03015	0.01206	0.00603	0.01005
31	0.01651	0.01177	0.01766	0.01766	0.01942	0.01353	0.01353	0.01942	0.01766	0.02531	0.02883	0.04297	0.02707	0.07877	0.49559	0.09960	0.02761	0.01177	0.00589	0.00941
32	0.03271	0.03131	0.09500	0.02893	0.07519	0.03018	0.02345	0.21416	0.24455	0.05352	0.03374	0.03310	0.02494	0.01363	0.01126	0.00359	0.01151	0.01101	0.01006	0.01815
33	0.01724	0.01236	0.01462	0.01410	0.01410	0.01340	0.00870	0.01750	0.01646	0.02238	0.03328	0.06848	0.03816	0.54269	0.05514	0.01028	0.07142	0.01568	0.00662	0.00740
34	0.03174	0.02067	0.03034	0.03624	0.20346	0.02018	0.02165	0.04055	0.08982	0.18793	0.14853	0.04570	0.04330	0.01483	0.01173	0.00349	0.00984	0.01313	0.01033	0.01655

[dist]
# distance from previous block
# <min> <max>
0	2

[block]
# block no. 5 follows, 11 sequences, length 31
# corresponding to MSA columns:
# 1394-1424
name=unknown_F
#
# <colnr> <probs for GDERKNQSTAVLIFYWHMCP>
#	G	D	E	R	K	N	Q	S	T	A	V	L	I	F	Y	W	H	M	C	P
0	0.03158	0.54195	0.05561	0.02047	0.02962	0.10848	0.01957	0.03510	0.02399	0.02661	0.01586	0.01833	0.01445	0.00987	0.00759	0.00247	0.01306	0.00617	0.00494	0.01427
1	0.02186	0.02062	0.03485	0.53090	0.11929	0.02517	0.03156	0.02929	0.02279	0.02949	0.02011	0.02981	0.01526	0.01114	0.01124	0.00371	0.01485	0.01000	0.00505	0.01299
2	0.03277	0.18436	0.12662	0.02631	0.03473	0.10093	0.02489	0.16026	0.03130	0.04037	0.01957	0.02293	0.01576	0.01294	0.01466	0.00338	0.11761	0.00837	0.00670	0.01553
3	0.02191	0.01949	0.03189	0.28354	0.17216	0.02175	0.02805	0.02850	0.02431	0.03221	0.03238	0.05911	0.03090	0.01702	0.01254	0.00409	0.01319	0.14704	0.00678	0.01315
4	0.03089	0.01540	0.02128	0.02045	0.02545	0.01437	0.01751	0.03575	0.02840	0.23409	0.05361	0.09201	0.05022	0.02433	0.01388	0.00451	0.01005	0.28219	0.01177	0.01383
5	0.01608	0.01206	0.01809	0.01809	0.02010	0.01407	0.01407	0.02010	0.01809	0.02613	0.03015	0.04422	0.02814	0.08441	0.55984	0.01809	0.03015	0.01206	0.00603	0.01005
6	0.03176	0.02605	0.02757	0.02367	0.03070	0.02975	0.01873	0.17098	0.39660	0.05315	0.04103	0.03818	0.03049	0.01482	0.01140	0.00371	0.00979	0.01207	0.01140	0.01815
7	0.01506	0.01083	0.01426	0.01476	0.01662	0.01004	0.01055	0.01904	0.02779	0.03867	0.34448	0.28633	0.09368	0.02784	0.01371	0.00395	0.00579	0.02494	0.01162	0.01004
8	0.68395	0.02177	0.01654	0.01480	0.02177	0.02525	0.01219	0.03309	0.01915	0.05050	0.01567	0.01828	0.01219	0.01045	0.00697	0.00348	0.00871	0.00609	0.00697	0.01219
9	0.04279	0.03153	0.03378	0.02590	0.03490	0.03490	0.02139	0.49671	0.05292	0.07093	0.02702	0.02702	0.01914	0.01351	0.01126	0.00338	0.01239	0.01013	0.01126	0.01914
10	0.02821	0.01348	0.01821	0.01739	0.02122	0.01206	0.01285	0.03112	0.02575	0.23109	0.05508	0.37681	0.05608	0.02685	0.01316	0.00414	0.00773	0.02384	0.01182	0.01309
11	0.01637	0.01091	0.01228	0.01228	0.01228	0.01091	0.00682	0.01637	0.01637	0.02182	0.03546	0.07365	0.04092	0.60445	0.05729	0.01091	0.01091	0.01637	0.00682	0.00682
12	0.01608	0.01206	0.01809	0.01809	0.02010	0.01407	0.01407	0.02010	0.01809	0.02613	0.03015	0.04422	0.02814	0.08441	0.55984	0.01809	0.03015	0.01206	0.00603	0.01005
13	0.30023	0.02018	0.02234	0.01797	0.02599	0.01998	0.01483	0.04627	0.02707	0.34825	0.03308	0.03041	0.02168	0.01256	0.00960	0.00348	0.00923	0.00926	0.01118	0.01641
14	0.01330	0.01140	0.01140	0.01140	0.01520	0.00950	0.00855	0.01615	0.02565	0.03041	0.11402	0.10832	0.52967	0.02850	0.01330	0.00380	0.00570	0.02375	0.01045	0.00950
15	0.01608	0.01206	0.01809	0.01809	0.02010	0.01407	0.01407	0.02010	0.01809	0.02613	0.03015	0.04422	0.02814	0.08441	0.55984	0.01809	0.03015	0.01206	0.00603	0.01005
16	0.01637	0.01091	0.01228	0.01228	0.01228	0.01091	0.00682	0.01637	0.01637	0.02182	0.03546	0.07365	0.04092	0.60445	0.05729	0.01091	0.01091	0.01637	0.00682	0.00682
17	0.01527	0.01067	0.01238	0.01308	0.01373	0.01026	0.00801	0.01615	0.01892	0.02475	0.05240	0.21929	0.11069	0.37922	0.04023	0.00832	0.00908	0.02151	0.00825	0.00778
18	0.01593	0.01150	0.01504	0.01416	0.01681	0.01062	0.01062	0.02124	0.03186	0.04513	0.52830	0.08407	0.10620	0.02301	0.01327	0.00354	0.00531	0.02035	0.01239	0.01062
19	0.04279	0.03153	0.03378	0.02590	0.03490	0.03490	0.02139	0.49671	0.05292	0.07093	0.02702	0.02702	0.01914	0.01351	0.01126	0.00338	0.01239	0.01013	0.01126	0.01914
20	0.01637	0.01091	0.01228	0.01228	0.01228	0.01091	0.00682	0.01637	0.01637	0.02182	0.03546	0.07365	0.04092	0.60445	0.05729	0.01091	0.01091	0.01637	0.00682	0.00682
21	0.02334	0.02001	0.02334	0.01667	0.02667	0.01500	0.01334	0.02834	0.02334	0.03668	0.02001	0.02334	0.01667	0.00834	0.00834	0.00167	0.00834	0.00667	0.00667	0.67325
22	0.02154	0.01361	0.01898	0.02065	0.02389	0.01333	0.01797	0.02663	0.02657	0.08709	0.05800	0.11765	0.06090	0.02929	0.01510	0.00500	0.01028	0.41150	0.01074	0.01129
23	0.01637	0.01091	0.01228	0.01228	0.01228	0.01091	0.00682	0.01637	0.01637	0.02182	0.03546	0.07365	0.04092	0.60445	0.05729	0.01091	0.01091	0.01637	0.00682	0.00682
24	0.01522	0.01088	0.01464	0.01567	0.01664	0.01133	0.01082	0.01741	0.01902	0.02607	0.04406	0.26959	0.04961	0.19587	0.21836	0.01095	0.01600	0.02100	0.00797	0.00888
25	0.02035	0.01817	0.02956	0.44887	0.06393	0.02203	0.02706	0.02678	0.02228	0.02864	0.02655	0.04664	0.02391	0.07604	0.01662	0.00468	0.01400	0.06639	0.00586	0.01164
26	0.01684	0.01225	0.01633	0.01732	0.02005	0.01173	0.01434	0.02187	0.02823	0.03791	0.24912	0.10843	0.12169	0.02768	0.01445	0.00441	0.00796	0.24781	0.01117	0.01039
27	0.03009	0.61122	0.05898	0.01926	0.02889	0.04454	0.01926	0.03370	0.02287	0.02648	0.01565	0.01805	0.01444	0.00963	0.00722	0.00241	0.01204	0.00602	0.00481	0.01444
28	0.02257	0.05822	0.54613	0.03208	0.04871	0.02614	0.04158	0.03564	0.02376	0.03564	0.02020	0.02376	0.01426	0.01069	0.01069	0.00356	0.01663	0.00832	0.00475	0.01663
29	0.03036	0.20272	0.03534	0.02120	0.02794	0.07342	0.01794	0.08650	0.11544	0.07837	0.02839	0.03156	0.02300	0.02969	0.14279	0.00669	0.01637	0.00968	0.00784	0.01477
30	0.02076	0.01748	0.02368	0.02545	0.11464	0.01509	0.01606	0.02555	0.02523	0.03699	0.13640	0.14576	0.04688	0.01687	0.01104	0.00292	0.00826	0.01499	0.00840	0.28755

[dist]
# distance from previous block
# <min> <max>
1	12

[block]
# block no. 6 follows, 11 sequences, length 28
# corresponding to MSA columns:
# 1437-1464
name=unknown_G
#
# <colnr> <probs for GDERKNQSTAVLIFYWHMCP>
#	G	D	E	R	K	N	Q	S	T	A	V	L	I	F	Y	W	H	M	C	P
0	0.01911	0.01273	0.01726	0.01748	0.01923	0.01367	0.01320	0.02308	0.07531	0.02736	0.03450	0.05930	0.03416	0.09277	0.16528	0.24411	0.01500	0.10036	0.00718	0.00892
1	0.02999	0.02480	0.02667	0.02226	0.02986	0.02678	0.01763	0.13971	0.32557	0.04972	0.03698	0.03534	0.02784	0.01355	0.01080	0.00330	0.00948	0.01101	0.01046	0.14826
2	0.02351	0.01784	0.02217	0.02129	0.02452	0.01959	0.01705	0.13910	0.03015	0.04051	0.04716	0.25176	0.05097	0.02683	0.01653	0.00449	0.07550	0.14867	0.00999	0.01236
3	0.03316	0.02049	0.02441	0.02025	0.02518	0.02173	0.01568	0.23470	0.03361	0.09663	0.02547	0.03142	0.02023	0.02504	0.02595	0.30362	0.01092	0.01010	0.00868	0.01275
4	0.02341	0.03207	0.16698	0.27246	0.06108	0.02632	0.12407	0.03549	0.08014	0.03403	0.02357	0.02990	0.01746	0.01122	0.01154	0.00372	0.01550	0.01055	0.00582	0.01468
5	0.03241	0.01734	0.02175	0.01842	0.02431	0.01679	0.01456	0.04313	0.13732	0.24454	0.22911	0.05655	0.05913	0.01768	0.01209	0.00358	0.00780	0.01507	0.01280	0.01561
6	0.02826	0.01402	0.01808	0.01564	0.01959	0.01280	0.01152	0.03157	0.02713	0.21308	0.20306	0.06467	0.05810	0.20216	0.02639	0.00583	0.00857	0.01592	0.01119	0.01244
7	0.01963	0.01245	0.01633	0.01596	0.01769	0.01242	0.01135	0.06637	0.02446	0.03330	0.15300	0.18571	0.05398	0.03163	0.02585	0.27628	0.00816	0.01789	0.00873	0.00880
8	0.02703	0.38597	0.25741	0.02448	0.03696	0.03704	0.02835	0.03449	0.02323	0.03021	0.01750	0.02038	0.01437	0.01006	0.00864	0.00288	0.01391	0.00695	0.00479	0.01534
9	0.04778	0.02352	0.02882	0.02210	0.03091	0.02302	0.01825	0.21072	0.03952	0.37584	0.03827	0.03433	0.02478	0.01378	0.01130	0.00345	0.01057	0.01090	0.01299	0.01915
10	0.01510	0.01079	0.01465	0.01726	0.01852	0.01034	0.01286	0.01807	0.02292	0.03028	0.06127	0.44965	0.07141	0.03395	0.01474	0.00476	0.00773	0.16575	0.01042	0.00953
11	0.30852	0.02022	0.02222	0.01790	0.02589	0.02009	0.01477	0.04599	0.02689	0.34182	0.03270	0.03015	0.02148	0.01251	0.00955	0.00348	0.00922	0.00919	0.01109	0.01632
12	0.04736	0.02419	0.02924	0.02242	0.03125	0.02402	0.01852	0.23483	0.04065	0.35014	0.03732	0.03371	0.02431	0.01376	0.01129	0.00344	0.01072	0.01084	0.01284	0.01915
13	0.56300	0.01971	0.01544	0.01401	0.02019	0.02256	0.01140	0.03183	0.01997	0.04894	0.01951	0.02260	0.01523	0.01093	0.00713	0.00333	0.00808	0.00690	0.12737	0.01188
14	0.01814	0.01296	0.01814	0.02073	0.02332	0.01296	0.01814	0.02332	0.02591	0.03368	0.05959	0.12696	0.06478	0.03109	0.01555	0.00518	0.01036	0.45848	0.01036	0.01036
15	0.02550	0.01283	0.01708	0.01672	0.01984	0.01163	0.01202	0.02802	0.02441	0.18908	0.05405	0.37343	0.05673	0.08122	0.01738	0.00482	0.00789	0.02407	0.01120	0.01207
16	0.01593	0.01150	0.01504	0.01416	0.01681	0.01062	0.01062	0.02124	0.03186	0.04513	0.52830	0.08407	0.10620	0.02301	0.01327	0.00354	0.00531	0.02035	0.01239	0.01062
17	0.02352	0.01967	0.02156	0.02064	0.02521	0.02208	0.01550	0.04597	0.35949	0.04133	0.05090	0.21609	0.04693	0.02154	0.01237	0.00405	0.00816	0.01877	0.01114	0.01509
18	0.01695	0.01069	0.01128	0.01176	0.01444	0.00990	0.00858	0.02075	0.02395	0.03547	0.06860	0.16665	0.21380	0.02258	0.01097	0.00339	0.00564	0.01909	0.31562	0.00990
19	0.01371	0.00979	0.01306	0.01567	0.01632	0.00914	0.01045	0.01567	0.02155	0.02873	0.06203	0.59710	0.07444	0.03526	0.01437	0.00457	0.00653	0.03200	0.01045	0.00914
20	0.01371	0.00979	0.01306	0.01567	0.01632	0.00914	0.01045	0.01567	0.02155	0.02873	0.06203	0.59710	0.07444	0.03526	0.01437	0.00457	0.00653	0.03200	0.01045	0.00914
21	0.03009	0.61122	0.05898	0.01926	0.02889	0.04454	0.01926	0.03370	0.02287	0.02648	0.01565	0.01805	0.01444	0.00963	0.00722	0.00241	0.01204	0.00602	0.00481	0.01444
22	0.01571	0.01063	0.01247	0.01312	0.01328	0.01047	0.00772	0.01619	0.01766	0.02355	0.04209	0.20411	0.04927	0.46260	0.04659	0.00933	0.00982	0.02026	0.00772	0.00740
23	0.01808	0.01048	0.01482	0.01446	0.01554	0.01012	0.01012	0.01734	0.02167	0.02997	0.22678	0.05452	0.05485	0.03255	0.03148	0.40003	0.00796	0.01408	0.00794	0.00722
24	0.02126	0.02001	0.03376	0.57739	0.07752	0.02501	0.03126	0.02876	0.02251	0.02876	0.02001	0.03001	0.01500	0.01125	0.01125	0.00375	0.01500	0.01000	0.00500	0.01250
25	0.01421	0.01113	0.01286	0.01309	0.01592	0.00978	0.00956	0.01766	0.02681	0.03470	0.23396	0.19467	0.30935	0.02808	0.01350	0.00387	0.00574	0.02427	0.01106	0.00978
26	0.25597	0.02081	0.02285	0.01971	0.02533	0.02371	0.01603	0.07853	0.06311	0.12874	0.02679	0.03027	0.02073	0.02746	0.12172	0.00657	0.07961	0.00950	0.00849	0.01406
27	0.01493	0.01061	0.01391	0.01535	0.01661	0.01002	0.01075	0.01782	0.02404	0.03267	0.17988	0.37126	0.07840	0.09064	0.01862	0.00501	0.00698	0.06253	0.01057	0.00939

[dist]
# distance from previous block
# <min> <max>
0	582

# created by:
# /st0/software/busco_prod/Augustus/scripts/msa2prfl.pl ./align_prep/6689.fa
