[name]
unknown

[dist]
# distance from previous block
# <min> <max>
0	147

[block]
# block no. 0 follows, 12 sequences, length 37
# corresponding to MSA columns:
# 175-211
name=unknown_A
#
# <colnr> <probs for GDERKNQSTAVLIFYWHMCP>
#	G	D	E	R	K	N	Q	S	T	A	V	L	I	F	Y	W	H	M	C	P
0	0.01459	0.01100	0.01367	0.01455	0.01698	0.01008	0.01111	0.01823	0.02554	0.03346	0.20177	0.22287	0.21866	0.02828	0.01356	0.00406	0.00652	0.11488	0.01060	0.00957
1	0.11822	0.01581	0.01821	0.01615	0.02086	0.01604	0.01260	0.03375	0.11307	0.12772	0.30394	0.05845	0.06608	0.01789	0.01140	0.00346	0.00686	0.01512	0.01135	0.01301
2	0.04019	0.02546	0.02958	0.02828	0.10270	0.07407	0.01992	0.12461	0.11736	0.26886	0.03492	0.03289	0.02411	0.01291	0.01085	0.00334	0.01109	0.01047	0.01080	0.01760
3	0.02681	0.02640	0.04708	0.06398	0.47963	0.02614	0.10036	0.03367	0.02495	0.03552	0.02073	0.02733	0.01717	0.00964	0.01109	0.00330	0.01372	0.01016	0.00541	0.01691
4	0.34687	0.01620	0.01439	0.01303	0.01814	0.01758	0.01042	0.03119	0.02157	0.09269	0.02646	0.02929	0.02010	0.01154	0.00751	0.00302	0.00708	0.00819	0.29299	0.01174
5	0.01426	0.01011	0.01343	0.01572	0.01662	0.00965	0.01108	0.01652	0.02114	0.02805	0.05734	0.47680	0.06754	0.08675	0.01792	0.00509	0.00735	0.10600	0.00979	0.00885
6	0.19744	0.03083	0.03176	0.03566	0.18641	0.13019	0.02245	0.16150	0.03140	0.04596	0.02001	0.02312	0.01566	0.01099	0.00965	0.00320	0.01285	0.00830	0.00723	0.01540
7	0.42955	0.02159	0.02527	0.02012	0.02792	0.02267	0.08287	0.03802	0.02291	0.18097	0.02350	0.02448	0.01648	0.01088	0.00872	0.00342	0.01006	0.00822	0.00836	0.01400
8	0.02163	0.02044	0.03457	0.50586	0.15175	0.02450	0.03080	0.02877	0.02229	0.02911	0.01956	0.02873	0.01498	0.01071	0.01088	0.00357	0.01428	0.00969	0.00493	0.01295
9	0.02422	0.02082	0.02334	0.01831	0.02674	0.01903	0.01447	0.03835	0.20358	0.03913	0.02831	0.02907	0.02227	0.01048	0.00915	0.00236	0.00827	0.00856	0.00812	0.44543
10	0.12889	0.02510	0.03204	0.08479	0.16296	0.02678	0.02275	0.20707	0.03415	0.13287	0.02532	0.02722	0.01828	0.01170	0.01030	0.00333	0.01153	0.00942	0.00882	0.01669
11	0.03282	0.02215	0.02482	0.02146	0.02822	0.02422	0.01694	0.05668	0.39886	0.17920	0.04402	0.03975	0.03164	0.01445	0.01106	0.00361	0.00880	0.01197	0.01172	0.01760
12	0.01836	0.01293	0.01942	0.01750	0.02077	0.01192	0.05631	0.02291	0.02768	0.07799	0.32446	0.21817	0.08071	0.02367	0.01300	0.00372	0.00700	0.02151	0.01101	0.01094
13	0.03050	0.07388	0.12337	0.02999	0.10539	0.02341	0.05624	0.04175	0.12432	0.16773	0.03410	0.08529	0.02708	0.01399	0.01096	0.00347	0.01137	0.01216	0.00882	0.01618
14	0.02431	0.02046	0.03407	0.44596	0.15436	0.02377	0.02954	0.03116	0.02320	0.07756	0.02174	0.02944	0.01616	0.01093	0.01089	0.00354	0.01378	0.00981	0.00573	0.01361
15	0.03695	0.01718	0.02165	0.01780	0.02427	0.01624	0.01429	0.04572	0.11055	0.33350	0.10821	0.04404	0.03816	0.01476	0.01077	0.00332	0.00804	0.01223	0.10626	0.01607
16	0.13135	0.01936	0.02009	0.01907	0.02387	0.02187	0.01449	0.04246	0.31226	0.04145	0.04381	0.18724	0.04006	0.01915	0.01114	0.00384	0.00799	0.01622	0.01013	0.01416
17	0.02479	0.14472	0.43166	0.02885	0.04291	0.07973	0.03509	0.03508	0.02363	0.03240	0.01862	0.02184	0.01386	0.01028	0.00978	0.00322	0.01575	0.00761	0.00471	0.01545
18	0.03040	0.01577	0.01945	0.01663	0.02194	0.01524	0.01312	0.03961	0.11528	0.22923	0.19075	0.05151	0.05081	0.01620	0.01099	0.00331	0.00723	0.01367	0.12441	0.01446
19	0.02164	0.01152	0.01378	0.01412	0.01703	0.01122	0.01127	0.02632	0.02406	0.08594	0.04441	0.11510	0.04117	0.01938	0.01049	0.00345	0.00690	0.13505	0.37636	0.01080
20	0.01493	0.01093	0.01438	0.01655	0.01836	0.01037	0.01283	0.01819	0.02311	0.02997	0.06624	0.34518	0.13480	0.03163	0.01423	0.00456	0.00769	0.20659	0.01009	0.00938
21	0.02179	0.01168	0.01556	0.01594	0.01836	0.01065	0.01126	0.02410	0.02295	0.15095	0.05433	0.43881	0.05933	0.06938	0.01609	0.00460	0.00731	0.02527	0.01067	0.01097
22	0.01420	0.00988	0.01238	0.01401	0.01441	0.00947	0.00887	0.01542	0.01908	0.02544	0.05090	0.41734	0.06051	0.24234	0.02877	0.00662	0.00784	0.02559	0.00887	0.00805
23	0.01416	0.01086	0.01183	0.01185	0.01495	0.00950	0.00879	0.01757	0.02562	0.03339	0.19075	0.13312	0.36589	0.02559	0.01246	0.00358	0.00546	0.02173	0.07340	0.00950
24	0.02187	0.05640	0.56031	0.03108	0.04719	0.02532	0.04029	0.03453	0.02302	0.03453	0.01957	0.02302	0.01381	0.01036	0.01036	0.00345	0.01611	0.00806	0.00460	0.01611
25	0.01477	0.01151	0.01557	0.01707	0.01762	0.01231	0.01205	0.01674	0.02029	0.02761	0.05366	0.52731	0.06399	0.03204	0.01699	0.00448	0.08937	0.02798	0.00937	0.00929
26	0.02187	0.05640	0.56031	0.03108	0.04719	0.02532	0.04029	0.03453	0.02302	0.03453	0.01957	0.02302	0.01381	0.01036	0.01036	0.00345	0.01611	0.00806	0.00460	0.01611
27	0.02750	0.02689	0.05645	0.04067	0.05080	0.02513	0.42377	0.03590	0.02603	0.08451	0.02508	0.03101	0.01841	0.00987	0.01228	0.00356	0.01649	0.01248	0.05844	0.01472
28	0.26391	0.02081	0.02493	0.01971	0.02736	0.02109	0.05544	0.08559	0.02769	0.25435	0.02962	0.02910	0.02022	0.01189	0.00942	0.00333	0.00968	0.00923	0.06134	0.01529
29	0.02970	0.31925	0.23503	0.02330	0.03495	0.03227	0.02610	0.03665	0.02393	0.11476	0.02127	0.02268	0.01603	0.01038	0.00886	0.00291	0.01290	0.00747	0.00607	0.01550
30	0.12320	0.01964	0.02802	0.03421	0.21007	0.01927	0.02019	0.03481	0.02706	0.16767	0.15909	0.04212	0.04081	0.01392	0.01080	0.00334	0.00941	0.01205	0.00927	0.01503
31	0.01543	0.01115	0.01457	0.01372	0.01629	0.01029	0.01029	0.02058	0.03086	0.04372	0.54304	0.08145	0.10288	0.02229	0.01286	0.00343	0.00514	0.01972	0.01200	0.01029
32	0.01673	0.01328	0.01532	0.01487	0.01816	0.01308	0.01109	0.02579	0.12533	0.03796	0.25938	0.15650	0.20307	0.02397	0.01268	0.00369	0.00610	0.02079	0.01105	0.01115
33	0.02435	0.24932	0.38910	0.02685	0.04066	0.03139	0.03293	0.03389	0.02273	0.03151	0.01807	0.02114	0.01387	0.01001	0.00921	0.00307	0.01460	0.00730	0.00462	0.01539
34	0.04360	0.02218	0.02823	0.02206	0.02938	0.02275	0.01826	0.15981	0.03399	0.36453	0.03493	0.03262	0.02318	0.01418	0.01444	0.00355	0.09256	0.01049	0.01165	0.01762
35	0.01387	0.01019	0.01307	0.01470	0.01620	0.00939	0.01040	0.01663	0.02334	0.03096	0.14516	0.41996	0.14286	0.03104	0.01368	0.00420	0.00628	0.05843	0.01042	0.00922
36	0.01344	0.01017	0.01241	0.01374	0.01555	0.00914	0.00959	0.01601	0.02335	0.03034	0.13667	0.38989	0.21891	0.03067	0.01347	0.00408	0.00593	0.02715	0.01036	0.00914

[dist]
# distance from previous block
# <min> <max>
0	1

[block]
# block no. 1 follows, 12 sequences, length 28
# corresponding to MSA columns:
# 213-240
name=unknown_B
#
# <colnr> <probs for GDERKNQSTAVLIFYWHMCP>
#	G	D	E	R	K	N	Q	S	T	A	V	L	I	F	Y	W	H	M	C	P
0	0.02652	0.02293	0.03459	0.09691	0.29387	0.02380	0.02578	0.11795	0.03070	0.04272	0.13523	0.03889	0.03589	0.01318	0.01128	0.00332	0.01123	0.01191	0.00779	0.01550
1	0.42375	0.02003	0.01991	0.01646	0.02391	0.02093	0.01357	0.04088	0.02385	0.26142	0.02684	0.02584	0.01817	0.01153	0.00851	0.00337	0.00879	0.00802	0.00957	0.01463
2	0.02197	0.01643	0.01864	0.01768	0.02078	0.01748	0.01274	0.12351	0.11465	0.03773	0.04477	0.27278	0.04728	0.15571	0.02203	0.00543	0.00882	0.02009	0.00967	0.01179
3	0.19847	0.02379	0.02459	0.02041	0.02741	0.02617	0.01645	0.22929	0.10894	0.10471	0.03133	0.08744	0.02542	0.01482	0.01022	0.00349	0.00976	0.01152	0.01008	0.01569
4	0.03322	0.17044	0.03745	0.02616	0.03095	0.29748	0.02135	0.03606	0.02480	0.02633	0.01573	0.02041	0.01411	0.01311	0.01680	0.00328	0.18694	0.00750	0.00516	0.01273
5	0.02633	0.02523	0.04307	0.12087	0.49999	0.02573	0.03314	0.03289	0.02452	0.03482	0.02039	0.02720	0.01699	0.00984	0.01081	0.00328	0.01312	0.00971	0.00534	0.01674
6	0.02355	0.02449	0.01965	0.01824	0.02226	0.18133	0.01373	0.02971	0.07230	0.03586	0.25404	0.06407	0.15945	0.01939	0.01180	0.00332	0.00990	0.01592	0.00962	0.01138
7	0.02261	0.01938	0.02261	0.01615	0.02584	0.01453	0.01292	0.02745	0.02261	0.03553	0.01938	0.02261	0.01615	0.00807	0.00807	0.00161	0.00807	0.00646	0.00646	0.68346
8	0.02699	0.02591	0.04426	0.06693	0.54879	0.02591	0.03346	0.03346	0.02483	0.03562	0.02051	0.02699	0.01727	0.00972	0.01079	0.00324	0.01295	0.00972	0.00540	0.01727
9	0.01458	0.01067	0.01370	0.01388	0.01601	0.00978	0.01005	0.01859	0.02747	0.03788	0.36563	0.23321	0.13568	0.02615	0.01316	0.00374	0.00551	0.02322	0.01129	0.00978
10	0.02806	0.01394	0.01862	0.01586	0.02064	0.01245	0.01245	0.03286	0.03099	0.23706	0.35446	0.06473	0.07426	0.01897	0.01215	0.00341	0.00670	0.01642	0.01257	0.01341
11	0.01408	0.01029	0.01324	0.01420	0.01589	0.00945	0.01000	0.01732	0.02514	0.03415	0.25217	0.35494	0.13094	0.02891	0.01341	0.00397	0.00579	0.02584	0.01085	0.00945
12	0.04396	0.01842	0.02434	0.01920	0.02692	0.01665	0.01567	0.05090	0.08063	0.46284	0.08488	0.04117	0.03395	0.01436	0.01114	0.00341	0.00887	0.01183	0.01313	0.01774
13	0.04030	0.01840	0.02330	0.01863	0.02573	0.01729	0.01512	0.08613	0.07357	0.37051	0.09064	0.04125	0.03444	0.01436	0.01083	0.00331	0.00862	0.01177	0.07900	0.01679
14	0.01763	0.01375	0.01644	0.01678	0.01941	0.01426	0.01214	0.02832	0.16432	0.03651	0.16956	0.32722	0.06859	0.02599	0.01288	0.00399	0.00669	0.02316	0.01084	0.01153
15	0.02851	0.28325	0.25389	0.02550	0.03682	0.14040	0.02781	0.03555	0.02423	0.02942	0.01726	0.02014	0.01393	0.01012	0.00890	0.00288	0.01502	0.00696	0.00483	0.01458
16	0.02713	0.01357	0.01731	0.01585	0.02021	0.01203	0.01212	0.03016	0.02557	0.22730	0.06319	0.19726	0.16296	0.07351	0.01613	0.00441	0.00785	0.04986	0.01109	0.01249
17	0.01392	0.01071	0.01282	0.01373	0.01613	0.00961	0.01014	0.01704	0.02464	0.03171	0.16356	0.26462	0.26889	0.02905	0.01343	0.00401	0.00616	0.07003	0.01044	0.00936
18	0.02248	0.01465	0.02089	0.12083	0.03069	0.01584	0.01642	0.02882	0.06526	0.11768	0.03922	0.18885	0.03728	0.03920	0.18153	0.00800	0.01540	0.01636	0.00853	0.01206
19	0.08903	0.02475	0.03168	0.02634	0.03163	0.10381	0.12573	0.03095	0.02427	0.07422	0.03740	0.10142	0.07904	0.01790	0.01549	0.00387	0.10137	0.06114	0.00756	0.01240
20	0.09673	0.02002	0.02431	0.01946	0.02700	0.01953	0.01584	0.09510	0.09899	0.35528	0.07948	0.03845	0.03183	0.01405	0.01078	0.00341	0.00906	0.01131	0.01223	0.01715
21	0.01475	0.01099	0.01371	0.01348	0.01585	0.01029	0.00985	0.01854	0.02611	0.03552	0.31369	0.12624	0.18351	0.08123	0.07230	0.00558	0.00818	0.02025	0.01036	0.00956
22	0.03324	0.03077	0.03088	0.08187	0.08623	0.14722	0.02181	0.19019	0.08547	0.04422	0.02458	0.02757	0.01898	0.01279	0.01249	0.00331	0.06190	0.00945	0.06184	0.01516
23	0.02408	0.13309	0.12438	0.02136	0.02798	0.02434	0.02030	0.10950	0.02693	0.03684	0.03394	0.17875	0.03429	0.01899	0.01267	0.00362	0.05027	0.05293	0.05258	0.01315
24	0.01586	0.01057	0.01189	0.01189	0.01189	0.01057	0.00661	0.01586	0.01586	0.02114	0.03436	0.07135	0.03964	0.61681	0.05550	0.01057	0.01057	0.01586	0.00661	0.00661
25	0.69383	0.02109	0.01603	0.01434	0.02109	0.02446	0.01181	0.03205	0.01856	0.04892	0.01518	0.01771	0.01181	0.01012	0.00675	0.00337	0.00843	0.00590	0.00675	0.01181
26	0.02872	0.02254	0.02721	0.02324	0.02815	0.02643	0.01871	0.04511	0.26333	0.10845	0.03298	0.03357	0.02524	0.01534	0.01827	0.00380	0.18618	0.01080	0.00912	0.07284
27	0.02341	0.02148	0.03261	0.20581	0.20861	0.02111	0.02475	0.02951	0.02308	0.03324	0.01974	0.02596	0.01602	0.00945	0.00980	0.00275	0.01159	0.00848	0.00563	0.26697

[dist]
# distance from previous block
# <min> <max>
0	1

[block]
# block no. 2 follows, 12 sequences, length 64
# corresponding to MSA columns:
# 244-307
name=unknown_C
#
# <colnr> <probs for GDERKNQSTAVLIFYWHMCP>
#	G	D	E	R	K	N	Q	S	T	A	V	L	I	F	Y	W	H	M	C	P
0	0.01974	0.01302	0.01655	0.01506	0.01853	0.01243	0.01150	0.02723	0.07811	0.09285	0.44804	0.07335	0.08904	0.02074	0.01251	0.00345	0.00587	0.01818	0.01206	0.01174
1	0.01476	0.01080	0.01385	0.01376	0.01605	0.00990	0.01006	0.01902	0.02827	0.03915	0.40413	0.19077	0.13848	0.02520	0.01308	0.00366	0.00542	0.02232	0.01144	0.00990
2	0.03018	0.13935	0.03501	0.02206	0.03082	0.06713	0.06848	0.03856	0.09466	0.11231	0.02565	0.02679	0.01960	0.01042	0.00936	0.00262	0.01102	0.00855	0.00764	0.23979
3	0.02703	0.01924	0.02306	0.01670	0.02617	0.01479	0.01344	0.03177	0.02405	0.12305	0.02335	0.02505	0.01797	0.00899	0.00856	0.00191	0.00828	0.00722	0.00764	0.57173
4	0.03047	0.02864	0.04790	0.04955	0.25572	0.06194	0.19708	0.07805	0.02836	0.07971	0.02313	0.02811	0.01770	0.01023	0.01148	0.00338	0.01491	0.01076	0.00659	0.01628
5	0.02643	0.02021	0.02366	0.01715	0.02666	0.01622	0.01382	0.06883	0.02567	0.08370	0.02199	0.02416	0.01729	0.00895	0.00856	0.00190	0.00850	0.00712	0.00743	0.57173
6	0.01331	0.01118	0.01163	0.01186	0.01544	0.00951	0.00912	0.01627	0.02488	0.02974	0.10570	0.10656	0.50092	0.02784	0.01308	0.00380	0.00593	0.06382	0.01012	0.00928
7	0.01391	0.01039	0.01308	0.01499	0.01669	0.00956	0.01092	0.01654	0.02257	0.02904	0.07210	0.40341	0.18684	0.03187	0.01386	0.00434	0.00675	0.10388	0.01011	0.00914
8	0.02614	0.02483	0.04209	0.06304	0.50995	0.02477	0.03177	0.03252	0.02527	0.03621	0.05863	0.03096	0.02352	0.01063	0.01095	0.00325	0.01238	0.01044	0.00588	0.01676
9	0.25407	0.02052	0.02306	0.01833	0.02626	0.02043	0.01513	0.09070	0.02910	0.34734	0.03251	0.02986	0.02133	0.01238	0.00961	0.00336	0.00927	0.00924	0.01109	0.01640
10	0.01345	0.00990	0.01261	0.01440	0.01570	0.00906	0.00986	0.01583	0.02254	0.02977	0.11905	0.47722	0.14679	0.03191	0.01365	0.00421	0.00608	0.02859	0.01032	0.00906
11	0.02910	0.01954	0.02341	0.01743	0.02652	0.01598	0.01402	0.03607	0.06884	0.15718	0.02704	0.02755	0.02016	0.00992	0.00901	0.00220	0.00840	0.00802	0.00850	0.47109
12	0.03648	0.02132	0.02568	0.01920	0.02821	0.01900	0.01568	0.13515	0.03168	0.24146	0.02979	0.02888	0.02078	0.01116	0.00975	0.00262	0.00933	0.00886	0.01005	0.29493
13	0.01328	0.00949	0.01265	0.01518	0.01581	0.00886	0.01012	0.01518	0.02088	0.02783	0.06010	0.60969	0.07212	0.03416	0.01392	0.00443	0.00633	0.03100	0.01012	0.00886
14	0.01586	0.01057	0.01189	0.01189	0.01189	0.01057	0.00661	0.01586	0.01586	0.02114	0.03436	0.07135	0.03964	0.61681	0.05550	0.01057	0.01057	0.01586	0.00661	0.00661
15	0.15385	0.28434	0.24754	0.02272	0.03423	0.03253	0.02587	0.03328	0.02181	0.03362	0.01690	0.01971	0.01350	0.00989	0.00827	0.00297	0.01280	0.00672	0.00504	0.01441
16	0.04012	0.02597	0.03082	0.02421	0.03118	0.02885	0.02004	0.29311	0.03913	0.19435	0.02852	0.02873	0.02005	0.01435	0.01570	0.00359	0.12350	0.01008	0.01044	0.01728
17	0.02701	0.02543	0.04050	0.05834	0.44891	0.02614	0.03035	0.03816	0.12161	0.03754	0.02509	0.02961	0.02034	0.01069	0.01085	0.00333	0.01212	0.01022	0.00649	0.01727
18	0.02813	0.44623	0.05928	0.02680	0.03663	0.03850	0.16495	0.03333	0.02322	0.02842	0.01722	0.02105	0.01475	0.00929	0.00875	0.00273	0.01367	0.00793	0.00492	0.01421
19	0.29206	0.01874	0.02061	0.01686	0.02403	0.01864	0.01380	0.04161	0.02633	0.30774	0.08553	0.03440	0.02925	0.01314	0.00955	0.00338	0.00852	0.00996	0.01076	0.01510
20	0.15450	0.02429	0.03654	0.05143	0.39192	0.02442	0.02712	0.03255	0.02339	0.03816	0.01937	0.02474	0.01610	0.00962	0.00973	0.00309	0.01157	0.00864	0.00577	0.08705
21	0.02804	0.01397	0.01840	0.01568	0.02058	0.01240	0.01233	0.03265	0.03052	0.23870	0.31787	0.06633	0.10844	0.01934	0.01214	0.00343	0.00676	0.01663	0.01243	0.01337
22	0.02059	0.01938	0.03270	0.59060	0.07510	0.02422	0.03028	0.02786	0.02180	0.02786	0.01938	0.02907	0.01453	0.01090	0.01090	0.00363	0.01453	0.00969	0.00484	0.01211
23	0.12843	0.26637	0.19326	0.02248	0.03310	0.03300	0.02401	0.07706	0.06531	0.03714	0.01977	0.02177	0.01556	0.01052	0.00861	0.00301	0.01226	0.00736	0.00603	0.01494
24	0.10298	0.02347	0.03515	0.04641	0.32643	0.02357	0.02570	0.04001	0.06969	0.15866	0.02725	0.02954	0.02034	0.01108	0.01043	0.00332	0.01124	0.00983	0.00792	0.01699
25	0.03255	0.01493	0.02006	0.01662	0.02219	0.01322	0.01322	0.03722	0.03104	0.30575	0.28745	0.05879	0.06409	0.01779	0.01189	0.00340	0.00726	0.01524	0.01277	0.01451
26	0.02699	0.02591	0.04426	0.06693	0.54879	0.02591	0.03346	0.03346	0.02483	0.03562	0.02051	0.02699	0.01727	0.00972	0.01079	0.00324	0.01295	0.00972	0.00540	0.01727
27	0.02608	0.33902	0.25175	0.02863	0.09084	0.03437	0.02866	0.03347	0.02278	0.03017	0.01744	0.02065	0.01427	0.00977	0.00871	0.00287	0.01353	0.00711	0.00472	0.01517
28	0.01678	0.01109	0.01347	0.01394	0.01662	0.00981	0.01004	0.01953	0.02428	0.08091	0.12298	0.31949	0.24336	0.02864	0.01315	0.00396	0.00620	0.02507	0.01063	0.01006
29	0.02540	0.02009	0.02235	0.01950	0.02479	0.02197	0.01526	0.13087	0.24680	0.04932	0.23164	0.05349	0.05708	0.01733	0.01173	0.00351	0.00794	0.01467	0.01141	0.01484
30	0.01562	0.01127	0.01484	0.01429	0.01686	0.01049	0.01094	0.02076	0.03034	0.04272	0.49926	0.08519	0.09926	0.02300	0.01306	0.00357	0.00559	0.06082	0.01183	0.01027
31	0.02448	0.05275	0.50872	0.02995	0.04532	0.02443	0.03795	0.03632	0.02381	0.08485	0.02183	0.02438	0.01508	0.01066	0.01042	0.00345	0.01545	0.00834	0.00546	0.01635
32	0.01474	0.01053	0.01432	0.01684	0.01811	0.01011	0.01265	0.01770	0.02231	0.02946	0.05929	0.44453	0.06894	0.03279	0.01430	0.00463	0.00759	0.18180	0.01009	0.00926
33	0.03749	0.02210	0.02538	0.02073	0.02795	0.02315	0.01671	0.15890	0.19402	0.23059	0.03882	0.03604	0.02713	0.01374	0.01067	0.00337	0.00930	0.01106	0.07552	0.01734
34	0.09868	0.02050	0.03145	0.33171	0.13988	0.02296	0.02612	0.03410	0.02377	0.13283	0.02366	0.02906	0.01710	0.01112	0.01045	0.00349	0.01261	0.00954	0.00680	0.01418
35	0.01803	0.01007	0.01510	0.01510	0.01563	0.01059	0.01059	0.01563	0.01510	0.02066	0.02171	0.03576	0.02119	0.04974	0.18613	0.50297	0.01480	0.01007	0.00503	0.00609
36	0.01544	0.01141	0.01476	0.01681	0.01834	0.01132	0.01227	0.02070	0.06987	0.03047	0.05814	0.45961	0.06659	0.03153	0.01388	0.00448	0.00728	0.11703	0.01020	0.00989
37	0.69383	0.02109	0.01603	0.01434	0.02109	0.02446	0.01181	0.03205	0.01856	0.04892	0.01518	0.01771	0.01181	0.01012	0.00675	0.00337	0.00843	0.00590	0.00675	0.01181
38	0.02920	0.02158	0.03482	0.02624	0.03462	0.01959	0.14901	0.03491	0.02526	0.15578	0.02888	0.03743	0.02306	0.01253	0.01272	0.00313	0.05421	0.05390	0.00806	0.23505
39	0.20753	0.30705	0.09491	0.02325	0.03281	0.03379	0.10128	0.03305	0.02187	0.03434	0.01674	0.02008	0.01381	0.00962	0.00823	0.00295	0.01234	0.00724	0.00536	0.01372
40	0.03576	0.01564	0.02109	0.01717	0.02330	0.01377	0.01377	0.04034	0.03107	0.35489	0.23952	0.05454	0.05681	0.01695	0.01171	0.00340	0.00765	0.01441	0.01291	0.01531
41	0.01501	0.01113	0.01398	0.01327	0.01603	0.01011	0.00995	0.01975	0.02986	0.04133	0.47049	0.08539	0.17692	0.02318	0.01286	0.00347	0.00521	0.02027	0.01169	0.01011
42	0.02778	0.02101	0.03445	0.33730	0.19599	0.02311	0.02842	0.03425	0.02444	0.13142	0.02423	0.03004	0.01768	0.01107	0.01088	0.00348	0.01309	0.00994	0.00666	0.01476
43	0.21928	0.02186	0.02566	0.20150	0.04173	0.02534	0.02013	0.08888	0.13367	0.08060	0.02599	0.02859	0.01912	0.01194	0.00976	0.00352	0.01086	0.00928	0.00801	0.01428
44	0.02197	0.20817	0.02971	0.01728	0.02214	0.02288	0.01457	0.06997	0.02719	0.03565	0.17024	0.18154	0.05579	0.02073	0.01125	0.00344	0.00859	0.05806	0.00894	0.01190
45	0.01328	0.00949	0.01265	0.01518	0.01581	0.00886	0.01012	0.01518	0.02088	0.02783	0.06010	0.60969	0.07212	0.03416	0.01392	0.00443	0.00633	0.03100	0.01012	0.00886
46	0.01414	0.01040	0.01185	0.01260	0.01397	0.00962	0.00819	0.01559	0.02023	0.02579	0.06633	0.24262	0.21045	0.25495	0.02949	0.00654	0.00769	0.02266	0.00878	0.00811
47	0.02814	0.43517	0.13432	0.02086	0.03129	0.03692	0.02177	0.06365	0.02423	0.03084	0.01699	0.01944	0.01446	0.00962	0.00790	0.00251	0.01207	0.00651	0.00523	0.07807
48	0.02699	0.02591	0.04426	0.06693	0.54879	0.02591	0.03346	0.03346	0.02483	0.03562	0.02051	0.02699	0.01727	0.00972	0.01079	0.00324	0.01295	0.00972	0.00540	0.01727
49	0.01757	0.01255	0.01757	0.02008	0.02259	0.01255	0.01757	0.02259	0.02510	0.03263	0.05773	0.12299	0.06275	0.03012	0.01506	0.00502	0.01004	0.47540	0.01004	0.01004
50	0.02119	0.01938	0.02969	0.41928	0.06041	0.02133	0.02510	0.02774	0.02204	0.03015	0.01938	0.02714	0.01502	0.01006	0.01006	0.00303	0.01261	0.00873	0.00533	0.21233
51	0.13374	0.26676	0.13158	0.02041	0.03031	0.02976	0.02074	0.03848	0.02423	0.17542	0.02354	0.02386	0.01717	0.01077	0.00864	0.00297	0.01131	0.00764	0.00738	0.01528
52	0.09131	0.01819	0.02267	0.01897	0.02577	0.01750	0.01552	0.04598	0.10478	0.33626	0.08764	0.04922	0.03736	0.01598	0.01125	0.00360	0.00882	0.06093	0.01209	0.01616
53	0.01757	0.01255	0.01757	0.02008	0.02259	0.01255	0.01757	0.02259	0.02510	0.03263	0.05773	0.12299	0.06275	0.03012	0.01506	0.00502	0.01004	0.47540	0.01004	0.01004
54	0.02284	0.02320	0.04390	0.36711	0.11420	0.02545	0.18346	0.03065	0.02334	0.03085	0.02034	0.02898	0.01544	0.01024	0.01152	0.00361	0.01561	0.01071	0.00511	0.01343
55	0.03413	0.19839	0.09081	0.03447	0.18508	0.02766	0.02428	0.03961	0.02592	0.19888	0.02607	0.02711	0.01910	0.01087	0.00971	0.00304	0.01171	0.00884	0.00770	0.01663
56	0.02739	0.48650	0.17860	0.02165	0.03262	0.03884	0.02388	0.03310	0.02236	0.02780	0.01622	0.01883	0.01395	0.00958	0.00781	0.00260	0.01274	0.00637	0.00465	0.01450
57	0.01574	0.01227	0.01444	0.01397	0.01707	0.01163	0.01043	0.02262	0.08117	0.03832	0.32000	0.13163	0.22177	0.02412	0.01278	0.00362	0.00573	0.02091	0.01119	0.01058
58	0.03373	0.15764	0.14510	0.02773	0.03703	0.23989	0.05997	0.10996	0.03034	0.03502	0.01886	0.02162	0.01485	0.01082	0.00978	0.00298	0.01616	0.00785	0.00602	0.01464
59	0.03267	0.02151	0.03443	0.20132	0.23372	0.02203	0.02656	0.03860	0.02615	0.21205	0.02791	0.03106	0.01982	0.01135	0.01088	0.00340	0.01215	0.01014	0.00802	0.01623
60	0.04194	0.02014	0.02386	0.01979	0.02668	0.06523	0.01597	0.04584	0.02960	0.41134	0.04363	0.10314	0.03342	0.01679	0.01150	0.00356	0.00996	0.04913	0.01216	0.01632
61	0.01698	0.01177	0.01423	0.01435	0.01765	0.01055	0.01125	0.02070	0.02621	0.07118	0.17756	0.14437	0.28016	0.02660	0.01326	0.00394	0.00669	0.11157	0.01073	0.01024
62	0.09510	0.04048	0.31680	0.02578	0.03827	0.02345	0.02926	0.08110	0.02729	0.18076	0.02610	0.02662	0.01762	0.01143	0.01023	0.00341	0.01316	0.00880	0.00778	0.01658
63	0.08898	0.03297	0.18580	0.02478	0.03393	0.06563	0.06118	0.07642	0.02748	0.12529	0.06046	0.10982	0.02984	0.01508	0.01098	0.00352	0.01238	0.01266	0.00819	0.01461

[dist]
# distance from previous block
# <min> <max>
2	6

[block]
# block no. 3 follows, 12 sequences, length 20
# corresponding to MSA columns:
# 316-335
name=unknown_D
#
# <colnr> <probs for GDERKNQSTAVLIFYWHMCP>
#	G	D	E	R	K	N	Q	S	T	A	V	L	I	F	Y	W	H	M	C	P
0	0.28425	0.02018	0.02081	0.01727	0.02446	0.02042	0.01405	0.09186	0.02605	0.13206	0.02766	0.07015	0.02320	0.01347	0.00921	0.00318	0.00889	0.03631	0.00877	0.14775
1	0.11532	0.02490	0.03138	0.15317	0.16380	0.07669	0.02357	0.07133	0.02747	0.17048	0.02542	0.02812	0.01828	0.01137	0.01028	0.00333	0.01238	0.00931	0.00792	0.01547
2	0.03452	0.02048	0.03130	0.18083	0.15697	0.02030	0.02347	0.04010	0.02664	0.26038	0.02993	0.03162	0.02070	0.01155	0.01069	0.00328	0.01140	0.01001	0.00886	0.06699
3	0.02231	0.02190	0.04114	0.13044	0.08058	0.02249	0.22046	0.02937	0.02517	0.03535	0.12715	0.04015	0.03439	0.01314	0.01363	0.00358	0.05511	0.01304	0.05759	0.01300
4	0.02555	0.01928	0.02437	0.09776	0.03305	0.01609	0.01575	0.03066	0.02355	0.09828	0.02228	0.02530	0.01725	0.00914	0.00883	0.00212	0.00914	0.00747	0.00709	0.50706
5	0.02702	0.02965	0.10936	0.09932	0.04510	0.02612	0.15800	0.11603	0.11511	0.04151	0.02556	0.02903	0.01909	0.01102	0.01104	0.00331	0.01354	0.01040	0.00728	0.10250
6	0.02059	0.01938	0.03270	0.59060	0.07510	0.02422	0.03028	0.02786	0.02180	0.02786	0.01938	0.02907	0.01453	0.01090	0.01090	0.00363	0.01453	0.00969	0.00484	0.01211
7	0.01512	0.01005	0.01240	0.01339	0.01364	0.00980	0.00824	0.01544	0.01768	0.02357	0.04309	0.27939	0.05055	0.33645	0.03802	0.06797	0.00881	0.02123	0.00782	0.00732
8	0.02408	0.02036	0.02201	0.02065	0.02559	0.02310	0.01569	0.04853	0.41729	0.04170	0.04784	0.16585	0.04183	0.01905	0.01172	0.00386	0.00812	0.01643	0.01088	0.01541
9	0.02059	0.01938	0.03270	0.59060	0.07510	0.02422	0.03028	0.02786	0.02180	0.02786	0.01938	0.02907	0.01453	0.01090	0.01090	0.00363	0.01453	0.00969	0.00484	0.01211
10	0.02520	0.02914	0.11530	0.14854	0.39947	0.02555	0.03390	0.03269	0.02407	0.03418	0.02019	0.02677	0.01633	0.01000	0.01075	0.00333	0.01366	0.00948	0.00519	0.01625
11	0.02444	0.17434	0.32494	0.03209	0.04543	0.02981	0.15341	0.03422	0.02351	0.03268	0.01922	0.02341	0.01454	0.00984	0.01025	0.00326	0.01570	0.00878	0.00485	0.01529
12	0.03051	0.02542	0.05061	0.11665	0.05263	0.02436	0.32452	0.03825	0.02648	0.15760	0.02665	0.03119	0.01874	0.01045	0.01214	0.00360	0.01568	0.01197	0.00731	0.01525
13	0.04117	0.01766	0.02352	0.01823	0.02603	0.01507	0.01487	0.04559	0.03011	0.42320	0.10773	0.04133	0.03592	0.01402	0.01087	0.00317	0.00857	0.01160	0.01243	0.09893
14	0.03398	0.03337	0.12277	0.04194	0.24011	0.10157	0.02806	0.07495	0.02875	0.15119	0.02521	0.02746	0.01848	0.01112	0.01063	0.00325	0.01355	0.00934	0.00749	0.01680
15	0.08195	0.02018	0.03035	0.19995	0.04469	0.02013	0.06778	0.03825	0.02558	0.22883	0.02817	0.03035	0.01941	0.01125	0.01041	0.00324	0.01158	0.00974	0.00851	0.10966
16	0.04085	0.15172	0.03193	0.01878	0.02759	0.02178	0.01617	0.04500	0.02800	0.36597	0.03355	0.03075	0.02260	0.01181	0.00968	0.00290	0.00963	0.00920	0.01056	0.11155
17	0.03065	0.25751	0.11287	0.02151	0.03138	0.03151	0.02089	0.11835	0.07314	0.07808	0.02299	0.02404	0.01777	0.01075	0.00896	0.00275	0.01138	0.00789	0.00723	0.11035
18	0.03337	0.10345	0.02794	0.06257	0.02927	0.02136	0.01702	0.07462	0.06695	0.22537	0.06752	0.04662	0.03308	0.01526	0.01072	0.00339	0.00964	0.06706	0.06977	0.01504
19	0.02642	0.12147	0.07334	0.09472	0.03613	0.02485	0.04991	0.07102	0.09717	0.07332	0.03093	0.07399	0.02691	0.01441	0.01062	0.00331	0.01126	0.05593	0.00784	0.09644

[dist]
# distance from previous block
# <min> <max>
15	24

[block]
# block no. 4 follows, 12 sequences, length 24
# corresponding to MSA columns:
# 360-383
name=unknown_E
#
# <colnr> <probs for GDERKNQSTAVLIFYWHMCP>
#	G	D	E	R	K	N	Q	S	T	A	V	L	I	F	Y	W	H	M	C	P
0	0.02891	0.03704	0.25679	0.02721	0.03842	0.02428	0.06306	0.04532	0.18118	0.13697	0.03187	0.03162	0.02253	0.01224	0.01089	0.00353	0.01267	0.01028	0.00836	0.01683
1	0.02787	0.22058	0.23139	0.02363	0.03452	0.02955	0.02573	0.07380	0.06237	0.08184	0.06691	0.02900	0.02433	0.01186	0.00968	0.00310	0.01235	0.00905	0.00699	0.01545
2	0.03171	0.19998	0.21194	0.02264	0.03343	0.02627	0.02441	0.03862	0.02591	0.19309	0.06687	0.03041	0.02494	0.01198	0.00980	0.00311	0.01190	0.00925	0.00794	0.01581
3	0.02690	0.02672	0.11464	0.02056	0.02864	0.07253	0.01898	0.03261	0.02594	0.12292	0.08308	0.08371	0.03480	0.01521	0.01073	0.00307	0.01061	0.05601	0.00843	0.20391
4	0.02726	0.08593	0.11822	0.01926	0.02870	0.01897	0.01844	0.03324	0.02557	0.13833	0.10224	0.03385	0.03068	0.01180	0.00965	0.00262	0.00962	0.00955	0.00818	0.26788
5	0.02514	0.02135	0.07443	0.06088	0.03061	0.01591	0.01754	0.03087	0.02492	0.11352	0.07696	0.04117	0.03048	0.01293	0.01011	0.00273	0.00943	0.05660	0.00811	0.33632
6	0.09607	0.03367	0.24351	0.02474	0.03519	0.02045	0.06078	0.03613	0.02538	0.16514	0.07818	0.07555	0.02991	0.01393	0.01083	0.00351	0.01204	0.01173	0.00820	0.01508
7	0.14495	0.01775	0.02066	0.01633	0.02368	0.01584	0.01314	0.03465	0.02620	0.19781	0.13242	0.03815	0.03635	0.01297	0.00970	0.00282	0.00791	0.01043	0.00978	0.22847
8	0.02915	0.62337	0.05714	0.01866	0.02799	0.04314	0.01866	0.03265	0.02215	0.02565	0.01516	0.01749	0.01399	0.00933	0.00700	0.00233	0.01166	0.00583	0.00466	0.01399
9	0.03523	0.02011	0.02468	0.01834	0.02742	0.01699	0.01494	0.08441	0.02889	0.25275	0.02974	0.02891	0.02083	0.01078	0.00953	0.00250	0.00894	0.00863	0.00978	0.34657
10	0.01560	0.01157	0.01695	0.01695	0.01870	0.01332	0.01292	0.01910	0.01735	0.02489	0.02973	0.04573	0.02852	0.13614	0.52096	0.01682	0.02731	0.01211	0.00592	0.00942
11	0.02534	0.32668	0.32045	0.02516	0.03804	0.03382	0.02997	0.03363	0.02261	0.03030	0.01747	0.02038	0.01390	0.00987	0.00876	0.00292	0.01399	0.00700	0.00463	0.01510
12	0.01544	0.01108	0.01415	0.01415	0.01533	0.01170	0.00970	0.01734	0.01746	0.02372	0.03995	0.06290	0.08577	0.33440	0.26667	0.01276	0.01781	0.01485	0.00665	0.00817
13	0.04385	0.02217	0.02709	0.02096	0.02906	0.02178	0.01723	0.21028	0.03815	0.34910	0.07409	0.03659	0.02966	0.01400	0.01108	0.00334	0.00992	0.01121	0.01249	0.01794
14	0.02581	0.18952	0.34597	0.02677	0.03974	0.03056	0.03135	0.07800	0.06818	0.03631	0.02118	0.02345	0.01592	0.01072	0.00965	0.00318	0.01403	0.00803	0.00572	0.01591
15	0.02261	0.01938	0.02261	0.01615	0.02584	0.01453	0.01292	0.02745	0.02261	0.03553	0.01938	0.02261	0.01615	0.00807	0.00807	0.00161	0.00807	0.00646	0.00646	0.68346
16	0.02218	0.03161	0.20124	0.04085	0.24214	0.02143	0.02929	0.03027	0.02591	0.03750	0.16362	0.04066	0.03966	0.01337	0.01122	0.00336	0.01182	0.01193	0.00696	0.01498
17	0.03031	0.19360	0.09593	0.03637	0.18959	0.03246	0.02569	0.14313	0.07809	0.04116	0.02250	0.02511	0.01784	0.01092	0.00976	0.00306	0.01229	0.00875	0.00690	0.01654
18	0.01392	0.01109	0.01248	0.01213	0.01536	0.00964	0.00910	0.01765	0.02729	0.03525	0.28604	0.09540	0.36517	0.02545	0.01288	0.00358	0.00537	0.02168	0.01089	0.00964
19	0.01349	0.00965	0.01284	0.01504	0.01586	0.00899	0.01014	0.01570	0.02184	0.02937	0.10675	0.55866	0.07509	0.03301	0.01381	0.00433	0.00621	0.02991	0.01030	0.00899
20	0.26009	0.12633	0.03146	0.02020	0.02862	0.05902	0.06252	0.06743	0.02404	0.04037	0.01781	0.02078	0.01436	0.00967	0.00821	0.00274	0.01079	0.00706	0.00644	0.18206
21	0.02184	0.03128	0.19350	0.09075	0.12785	0.02121	0.07650	0.02958	0.02309	0.03324	0.02601	0.11295	0.02391	0.01336	0.01088	0.00329	0.01279	0.01216	0.00600	0.12980
22	0.01328	0.00949	0.01265	0.01518	0.01581	0.00886	0.01012	0.01518	0.02088	0.02783	0.06010	0.60969	0.07212	0.03416	0.01392	0.00443	0.00633	0.03100	0.01012	0.00886
23	0.08403	0.09527	0.20475	0.03758	0.19448	0.02660	0.02921	0.03769	0.07272	0.08205	0.02349	0.02617	0.01777	0.01074	0.00997	0.00328	0.01271	0.00883	0.00644	0.01622

[dist]
# distance from previous block
# <min> <max>
1	12

[block]
# block no. 5 follows, 12 sequences, length 33
# corresponding to MSA columns:
# 396-420,422-429
name=unknown_F
#
# <colnr> <probs for GDERKNQSTAVLIFYWHMCP>
#	G	D	E	R	K	N	Q	S	T	A	V	L	I	F	Y	W	H	M	C	P
0	0.03230	0.08499	0.03451	0.09007	0.16948	0.10514	0.02269	0.06579	0.02808	0.12821	0.05526	0.02985	0.02310	0.01152	0.01021	0.00302	0.01234	0.00947	0.00759	0.07638
1	0.01586	0.01057	0.01189	0.01189	0.01189	0.01057	0.00661	0.01586	0.01586	0.02114	0.03436	0.07135	0.03964	0.61681	0.05550	0.01057	0.01057	0.01586	0.00661	0.00661
2	0.01867	0.00956	0.01400	0.01400	0.01400	0.00956	0.00922	0.01435	0.01435	0.01913	0.02027	0.03644	0.02073	0.08789	0.04373	0.62470	0.00956	0.01002	0.00490	0.00490
3	0.02887	0.32085	0.24257	0.02380	0.03557	0.03351	0.02671	0.06470	0.02506	0.07749	0.01991	0.02181	0.01533	0.01031	0.00885	0.00290	0.01315	0.00736	0.00579	0.01547
4	0.28000	0.02147	0.02701	0.03036	0.16589	0.02179	0.01918	0.04008	0.02484	0.22940	0.02672	0.02725	0.01879	0.01124	0.00937	0.00334	0.00996	0.00877	0.00883	0.01573
5	0.01336	0.01006	0.01237	0.01391	0.01555	0.00907	0.00963	0.01577	0.02282	0.02963	0.11491	0.42478	0.20594	0.03134	0.01354	0.00414	0.00600	0.02782	0.01028	0.00907
6	0.02480	0.08914	0.27096	0.02385	0.03401	0.06812	0.02621	0.03297	0.02655	0.08374	0.16658	0.03979	0.03981	0.01395	0.01077	0.00329	0.01235	0.01129	0.00757	0.01424
7	0.03675	0.03843	0.17424	0.02648	0.03689	0.07915	0.02562	0.30092	0.04005	0.09796	0.02501	0.02568	0.01759	0.01222	0.01067	0.00329	0.01357	0.00919	0.00895	0.01735
8	0.03306	0.02387	0.03901	0.05376	0.40449	0.02317	0.02863	0.03891	0.02659	0.17986	0.02674	0.02979	0.01996	0.01076	0.01084	0.00328	0.01194	0.01006	0.00764	0.01763
9	0.02699	0.02591	0.04426	0.06693	0.54879	0.02591	0.03346	0.03346	0.02483	0.03562	0.02051	0.02699	0.01727	0.00972	0.01079	0.00324	0.01295	0.00972	0.00540	0.01727
10	0.01894	0.00947	0.01420	0.01420	0.01420	0.00947	0.00947	0.01420	0.01420	0.01894	0.01894	0.03314	0.01894	0.03788	0.04261	0.68277	0.00947	0.00947	0.00473	0.00473
11	0.14812	0.02798	0.03514	0.03413	0.12936	0.08049	0.10733	0.08520	0.16293	0.04274	0.02644	0.02867	0.02029	0.01152	0.01044	0.00343	0.01251	0.01005	0.00772	0.01550
12	0.02168	0.15245	0.37022	0.02596	0.03807	0.02567	0.03094	0.03074	0.02248	0.03170	0.02597	0.12639	0.02422	0.01440	0.01037	0.00342	0.01355	0.01173	0.00560	0.01443
13	0.02059	0.01938	0.03270	0.59060	0.07510	0.02422	0.03028	0.02786	0.02180	0.02786	0.01938	0.02907	0.01453	0.01090	0.01090	0.00363	0.01453	0.00969	0.00484	0.01211
14	0.01971	0.01759	0.02862	0.23770	0.18420	0.01912	0.02385	0.02481	0.02230	0.02999	0.03445	0.23891	0.03616	0.01900	0.01196	0.00381	0.01112	0.01742	0.00691	0.01235
15	0.10073	0.23612	0.03632	0.02017	0.02715	0.07931	0.01757	0.03756	0.02419	0.17441	0.02405	0.02578	0.01846	0.01752	0.05679	0.00423	0.06957	0.00819	0.00750	0.01436
16	0.04665	0.01962	0.02912	0.02200	0.03068	0.01715	0.06423	0.05136	0.03067	0.50537	0.04097	0.03636	0.02597	0.01307	0.01115	0.00340	0.01017	0.01115	0.01272	0.01818
17	0.01396	0.00999	0.01335	0.01538	0.01646	0.00938	0.01078	0.01660	0.02271	0.03058	0.13114	0.49063	0.07586	0.03207	0.01386	0.00433	0.00647	0.06689	0.01039	0.00917
18	0.02338	0.12802	0.03790	0.02608	0.03263	0.02517	0.14827	0.03570	0.16603	0.03438	0.03740	0.18701	0.03581	0.01753	0.01161	0.00365	0.01118	0.01635	0.00818	0.01372
19	0.02231	0.01919	0.02807	0.12341	0.08224	0.02061	0.06770	0.07448	0.11449	0.03561	0.03756	0.19760	0.03704	0.07039	0.01582	0.00440	0.01084	0.01701	0.00827	0.01296
20	0.01367	0.00978	0.01299	0.01492	0.01590	0.00911	0.01015	0.01614	0.02265	0.03066	0.14602	0.51570	0.07759	0.03205	0.01373	0.00425	0.00612	0.02899	0.01046	0.00911
21	0.02637	0.02481	0.03962	0.11151	0.40886	0.02595	0.03027	0.03725	0.11407	0.03662	0.02463	0.02963	0.01984	0.01074	0.01086	0.00336	0.01234	0.01018	0.00635	0.01675
22	0.16559	0.09497	0.22796	0.03374	0.12901	0.02771	0.07303	0.06263	0.02428	0.03897	0.01902	0.02285	0.01456	0.01015	0.00962	0.00330	0.01347	0.00823	0.00567	0.01523
23	0.01371	0.00982	0.01303	0.01489	0.01591	0.00914	0.01015	0.01625	0.02285	0.03097	0.15536	0.50549	0.07818	0.03182	0.01371	0.00423	0.00609	0.02877	0.01049	0.00914
24	0.16223	0.02131	0.02508	0.01959	0.02778	0.02095	0.01618	0.13779	0.03282	0.37220	0.03482	0.03156	0.02266	0.01282	0.01020	0.00335	0.00965	0.00984	0.01180	0.01735
25	0.03586	0.30003	0.04382	0.02216	0.03116	0.03805	0.01978	0.29433	0.03803	0.04914	0.02117	0.02223	0.01647	0.01138	0.00913	0.00284	0.01184	0.00800	0.00807	0.01647
26	0.02861	0.01971	0.02282	0.01987	0.02552	0.02127	0.01564	0.08790	0.25455	0.12972	0.13936	0.04701	0.04403	0.02245	0.06639	0.00490	0.01037	0.01327	0.01114	0.01548
27	0.02261	0.01938	0.02261	0.01615	0.02584	0.01453	0.01292	0.02745	0.02261	0.03553	0.01938	0.02261	0.01615	0.00807	0.00807	0.00161	0.00807	0.00646	0.00646	0.68346
28	0.02202	0.02095	0.03477	0.44519	0.15240	0.02541	0.03020	0.02867	0.02183	0.02904	0.01908	0.02820	0.01499	0.01150	0.01331	0.00368	0.07119	0.00968	0.00493	0.01299
29	0.01314	0.01006	0.01206	0.01365	0.01541	0.00899	0.00944	0.01535	0.02235	0.02843	0.07873	0.42289	0.24688	0.03174	0.01354	0.00415	0.00603	0.02804	0.01012	0.00899
30	0.04764	0.02061	0.02658	0.02038	0.02886	0.01908	0.01683	0.13204	0.03465	0.47257	0.04012	0.03523	0.02554	0.01343	0.01096	0.00336	0.00975	0.01077	0.01305	0.01855
31	0.03459	0.02444	0.02749	0.02100	0.02936	0.02454	0.01713	0.28769	0.03954	0.10624	0.07614	0.03167	0.02692	0.01267	0.01034	0.00285	0.01000	0.00999	0.01007	0.19733
32	0.63130	0.02084	0.01693	0.01483	0.02174	0.02364	0.01222	0.03410	0.01978	0.09812	0.01788	0.01959	0.01328	0.01045	0.00716	0.00337	0.00852	0.00639	0.00740	0.01246

[dist]
# distance from previous block
# <min> <max>
0	3

[block]
# block no. 6 follows, 12 sequences, length 62
# corresponding to MSA columns:
# 433-494
name=unknown_G
#
# <colnr> <probs for GDERKNQSTAVLIFYWHMCP>
#	G	D	E	R	K	N	Q	S	T	A	V	L	I	F	Y	W	H	M	C	P
0	0.02915	0.62337	0.05714	0.01866	0.02799	0.04314	0.01866	0.03265	0.02215	0.02565	0.01516	0.01749	0.01399	0.00933	0.00700	0.00233	0.01166	0.00583	0.00466	0.01399
1	0.01562	0.01152	0.01672	0.01672	0.01839	0.01319	0.01263	0.01895	0.01729	0.02472	0.02994	0.04690	0.02903	0.15811	0.49968	0.01653	0.02655	0.01228	0.00595	0.00929
2	0.63939	0.02087	0.01681	0.01477	0.02166	0.02375	0.01216	0.03383	0.01962	0.09175	0.01753	0.01935	0.01309	0.01041	0.00710	0.00337	0.00851	0.00633	0.00732	0.01238
3	0.02939	0.51118	0.10945	0.02084	0.03058	0.08815	0.02122	0.03382	0.02302	0.02671	0.01579	0.01828	0.01398	0.00961	0.00761	0.00250	0.01285	0.00618	0.00474	0.01410
4	0.01450	0.01043	0.01374	0.01435	0.01608	0.00967	0.01022	0.01825	0.02655	0.03686	0.33448	0.30956	0.08959	0.02742	0.01332	0.00386	0.00565	0.02459	0.01119	0.00967
5	0.02879	0.02024	0.02099	0.01883	0.02376	0.07874	0.01519	0.10768	0.03174	0.12732	0.13561	0.06391	0.07953	0.01903	0.01178	0.00357	0.00958	0.10753	0.08308	0.01311
6	0.02161	0.02042	0.03455	0.50702	0.15070	0.02449	0.03079	0.02875	0.02229	0.02910	0.01956	0.02874	0.01497	0.01071	0.01088	0.00357	0.01428	0.00969	0.00493	0.01294
7	0.02934	0.03470	0.27298	0.02368	0.03448	0.01918	0.02617	0.03769	0.02731	0.20631	0.13575	0.03972	0.03657	0.01385	0.01107	0.00342	0.01161	0.01142	0.00903	0.01570
8	0.01328	0.00949	0.01265	0.01518	0.01581	0.00886	0.01012	0.01518	0.02088	0.02783	0.06010	0.60969	0.07212	0.03416	0.01392	0.00443	0.00633	0.03100	0.01012	0.00886
9	0.02374	0.02260	0.03840	0.33258	0.30849	0.02505	0.03185	0.03062	0.02329	0.03168	0.01994	0.02804	0.01588	0.01032	0.01085	0.00344	0.01376	0.00970	0.00512	0.01465
10	0.02679	0.02647	0.04746	0.06358	0.47030	0.02617	0.10939	0.03370	0.02497	0.03551	0.02076	0.02737	0.01716	0.00963	0.01113	0.00331	0.01382	0.01022	0.00542	0.01686
11	0.01414	0.01049	0.01318	0.01378	0.01582	0.00954	0.00985	0.01760	0.02592	0.03499	0.27779	0.28796	0.17320	0.02782	0.01327	0.00386	0.00567	0.02465	0.01093	0.00954
12	0.01333	0.01074	0.01188	0.01229	0.01518	0.00929	0.00895	0.01626	0.02489	0.03116	0.16193	0.20624	0.38324	0.02821	0.01310	0.00380	0.00564	0.02420	0.01039	0.00929
13	0.02972	0.02555	0.03421	0.02719	0.03475	0.02760	0.11962	0.17276	0.25361	0.04948	0.07693	0.03787	0.03171	0.01380	0.01156	0.00356	0.01127	0.01239	0.00996	0.01649
14	0.02699	0.02591	0.04426	0.06693	0.54879	0.02591	0.03346	0.03346	0.02483	0.03562	0.02051	0.02699	0.01727	0.00972	0.01079	0.00324	0.01295	0.00972	0.00540	0.01727
15	0.02915	0.62337	0.05714	0.01866	0.02799	0.04314	0.01866	0.03265	0.02215	0.02565	0.01516	0.01749	0.01399	0.00933	0.00700	0.00233	0.01166	0.00583	0.00466	0.01399
16	0.04353	0.02720	0.03066	0.02350	0.03215	0.02886	0.01942	0.38450	0.04568	0.20455	0.03087	0.02922	0.02090	0.01320	0.01092	0.00330	0.01124	0.01014	0.01163	0.01855
17	0.03496	0.04348	0.02678	0.02456	0.02977	0.45611	0.01842	0.03776	0.02965	0.02726	0.03626	0.03735	0.12402	0.01463	0.01046	0.00299	0.01673	0.01034	0.00655	0.01193
18	0.01447	0.01111	0.01324	0.01271	0.01570	0.00988	0.00953	0.01872	0.02860	0.03834	0.37981	0.09031	0.26947	0.02430	0.01287	0.00352	0.00529	0.02096	0.01129	0.00988
19	0.02898	0.01732	0.02534	0.01970	0.02661	0.01498	0.06888	0.03422	0.02869	0.20791	0.21300	0.04895	0.05047	0.01500	0.01125	0.00306	0.00859	0.01335	0.01061	0.15307
20	0.01799	0.01063	0.01227	0.01186	0.01442	0.01022	0.00889	0.02310	0.02668	0.04212	0.27785	0.06013	0.06372	0.01728	0.01012	0.00296	0.00511	0.01473	0.35968	0.01022
21	0.02217	0.01267	0.01651	0.01468	0.01856	0.01139	0.01131	0.02692	0.03044	0.14886	0.40391	0.07418	0.12332	0.02090	0.01247	0.00344	0.00603	0.01817	0.01216	0.01191
22	0.15510	0.02033	0.02460	0.01920	0.02739	0.01943	0.01585	0.10136	0.03137	0.41723	0.03650	0.03266	0.02352	0.01289	0.01026	0.00336	0.00944	0.01000	0.01208	0.01743
23	0.02748	0.04855	0.44937	0.02866	0.04318	0.02339	0.03525	0.03839	0.02472	0.14274	0.02443	0.02594	0.01654	0.01101	0.01048	0.00344	0.01470	0.00866	0.00645	0.01662
24	0.04739	0.02100	0.02682	0.02056	0.02906	0.01966	0.01699	0.14697	0.03531	0.45673	0.03958	0.03488	0.02526	0.01341	0.01095	0.00335	0.00983	0.01073	0.01297	0.01855
25	0.03292	0.01503	0.01868	0.01549	0.02165	0.01296	0.01241	0.03665	0.02813	0.31482	0.06825	0.06334	0.22506	0.01884	0.01144	0.00343	0.00752	0.01551	0.06356	0.01433
26	0.03809	0.15313	0.03460	0.11276	0.03699	0.17339	0.02021	0.04226	0.02775	0.21890	0.02640	0.02705	0.01881	0.01161	0.00983	0.00305	0.01342	0.00863	0.00816	0.01498
27	0.02862	0.01310	0.01601	0.01391	0.01837	0.01210	0.01091	0.03343	0.02724	0.20917	0.14323	0.04796	0.04317	0.01495	0.00980	0.00300	0.00646	0.01241	0.32326	0.01292
