[name]
unknown

[dist]
# distance from previous block
# <min> <max>
7	95

[block]
# block no. 0 follows, 10 sequences, length 24
# corresponding to MSA columns:
# 108-131
name=unknown_A
#
# <colnr> <probs for GDERKNQSTAVLIFYWHMCP>
#	G	D	E	R	K	N	Q	S	T	A	V	L	I	F	Y	W	H	M	C	P
0	0.08707	0.18192	0.08986	0.02307	0.03327	0.03285	0.02154	0.18953	0.03516	0.10039	0.02432	0.02526	0.01810	0.01184	0.00981	0.00308	0.01212	0.00858	0.00863	0.08356
1	0.02852	0.42023	0.21646	0.02428	0.03663	0.03973	0.02753	0.03549	0.02394	0.03050	0.01772	0.02061	0.01486	0.01031	0.00865	0.00288	0.01401	0.00700	0.00495	0.01567
2	0.10122	0.29876	0.04219	0.02061	0.02871	0.08567	0.01809	0.09004	0.02822	0.08632	0.02286	0.02790	0.01943	0.06916	0.01383	0.00376	0.01259	0.00849	0.00728	0.01484
3	0.08702	0.25549	0.15583	0.02498	0.03580	0.08966	0.02525	0.12778	0.03086	0.04113	0.01984	0.02216	0.01569	0.01130	0.00943	0.00311	0.01419	0.00777	0.00662	0.01609
4	0.02244	0.14769	0.08185	0.02043	0.02600	0.02253	0.01819	0.07135	0.02662	0.03496	0.04493	0.29719	0.04972	0.02514	0.01260	0.00405	0.01013	0.06252	0.00896	0.01267
5	0.03069	0.36663	0.20950	0.02426	0.03646	0.03699	0.02708	0.03765	0.02489	0.08023	0.02065	0.02265	0.01625	0.01075	0.00904	0.00298	0.01372	0.00753	0.00589	0.01614
6	0.02510	0.04074	0.30310	0.02641	0.03817	0.02230	0.03006	0.03774	0.07599	0.08930	0.14615	0.04320	0.04147	0.01498	0.01185	0.00370	0.01278	0.01241	0.00849	0.01606
7	0.02506	0.18038	0.42598	0.03019	0.04576	0.03126	0.03782	0.03638	0.02435	0.03472	0.01982	0.02324	0.01478	0.01080	0.01025	0.00342	0.01613	0.00806	0.00493	0.01668
8	0.26368	0.02973	0.13574	0.02157	0.03176	0.02246	0.02128	0.04437	0.02661	0.25119	0.02990	0.02898	0.01998	0.01239	0.00997	0.00362	0.01120	0.00911	0.00976	0.01669
9	0.01594	0.01149	0.01508	0.01499	0.01726	0.01063	0.01093	0.02064	0.03050	0.04279	0.41068	0.19975	0.10228	0.02665	0.01397	0.00390	0.00577	0.02377	0.01235	0.01063
10	0.01744	0.01266	0.01808	0.01982	0.02204	0.01330	0.01630	0.02196	0.02341	0.03146	0.05131	0.15741	0.05500	0.05183	0.19996	0.00992	0.01733	0.24118	0.00916	0.01044
11	0.11719	0.30646	0.04330	0.02138	0.03005	0.13098	0.01890	0.04142	0.02689	0.13331	0.02262	0.02342	0.01750	0.01135	0.00887	0.00295	0.01309	0.00759	0.00738	0.01537
12	0.01461	0.01082	0.01365	0.01504	0.01677	0.00986	0.01048	0.01759	0.02546	0.03385	0.17575	0.38515	0.16374	0.03229	0.01439	0.00434	0.00631	0.02878	0.01125	0.00986
13	0.18121	0.22278	0.03813	0.02088	0.02961	0.03459	0.01831	0.13953	0.08122	0.09498	0.02507	0.02550	0.01905	0.01210	0.00922	0.00323	0.01114	0.00847	0.00863	0.01634
14	0.23952	0.20061	0.16773	0.02273	0.03362	0.03332	0.02389	0.08883	0.02637	0.04348	0.01884	0.02141	0.01470	0.01100	0.00883	0.00329	0.01262	0.00738	0.00648	0.01535
15	0.16320	0.19816	0.19198	0.02445	0.03595	0.03402	0.02599	0.12622	0.02947	0.04477	0.02003	0.02242	0.01538	0.01128	0.00937	0.00329	0.01327	0.00784	0.00677	0.01614
16	0.15102	0.04143	0.22402	0.02714	0.03912	0.03073	0.02846	0.22671	0.03663	0.05530	0.02305	0.02497	0.01651	0.01225	0.01060	0.00358	0.01381	0.00898	0.00822	0.01746
17	0.03414	0.30330	0.14004	0.02474	0.03582	0.03904	0.02498	0.18799	0.03446	0.04490	0.02108	0.02294	0.01656	0.01153	0.00957	0.00306	0.01345	0.00812	0.00725	0.01702
18	0.03204	0.48615	0.09614	0.02181	0.03227	0.04327	0.02205	0.08867	0.02745	0.03368	0.01797	0.02026	0.01550	0.01052	0.00826	0.00271	0.01287	0.00693	0.00577	0.01570
19	0.03079	0.27423	0.23706	0.02643	0.03904	0.03664	0.02926	0.12711	0.03037	0.04046	0.02040	0.02284	0.01585	0.01120	0.00971	0.00316	0.01435	0.00801	0.00632	0.01680
20	0.02832	0.26135	0.23627	0.09292	0.04460	0.03517	0.03055	0.08062	0.02713	0.03602	0.01974	0.02341	0.01542	0.01099	0.00979	0.00322	0.01469	0.00808	0.00566	0.01605
21	0.10738	0.30811	0.24677	0.02472	0.03728	0.03582	0.02838	0.03556	0.02353	0.03429	0.01809	0.02109	0.01456	0.01050	0.00889	0.00311	0.01395	0.00720	0.00522	0.01556
22	0.08708	0.19918	0.13209	0.02443	0.03519	0.03453	0.02407	0.19051	0.03517	0.09810	0.02413	0.02510	0.01780	0.01206	0.00998	0.00326	0.01291	0.00869	0.00840	0.01733
23	0.03083	0.21964	0.26462	0.02750	0.04052	0.03509	0.03075	0.14445	0.03163	0.04282	0.02114	0.02356	0.01603	0.01142	0.01008	0.00327	0.01465	0.00832	0.00657	0.01712

[dist]
# distance from previous block
# <min> <max>
5	36

[block]
# block no. 1 follows, 10 sequences, length 32
# corresponding to MSA columns:
# 168-199
name=unknown_B
#
# <colnr> <probs for GDERKNQSTAVLIFYWHMCP>
#	G	D	E	R	K	N	Q	S	T	A	V	L	I	F	Y	W	H	M	C	P
0	0.03591	0.28788	0.16175	0.02329	0.03466	0.03237	0.02449	0.04220	0.02690	0.18734	0.02667	0.02667	0.01926	0.01161	0.00965	0.00312	0.01276	0.00851	0.00794	0.01700
1	0.02631	0.10110	0.13122	0.02115	0.02912	0.02202	0.02040	0.08332	0.02894	0.09561	0.05283	0.17083	0.12839	0.02104	0.01212	0.00378	0.01059	0.01758	0.00934	0.01431
2	0.02646	0.17642	0.25056	0.08022	0.10864	0.03175	0.03264	0.03855	0.08081	0.03552	0.02302	0.02652	0.01782	0.01131	0.01040	0.00342	0.01451	0.00896	0.00589	0.01659
3	0.10520	0.09392	0.21567	0.11343	0.09212	0.02778	0.06236	0.03729	0.02502	0.08938	0.02278	0.02676	0.01668	0.01120	0.01062	0.00357	0.01455	0.00921	0.00639	0.01606
4	0.24169	0.02508	0.07892	0.08493	0.03564	0.02204	0.02026	0.04423	0.02689	0.26509	0.03082	0.03042	0.02058	0.01257	0.01020	0.00364	0.01106	0.00950	0.01000	0.01642
5	0.32206	0.02040	0.02090	0.01807	0.02501	0.02146	0.01448	0.04238	0.07583	0.20471	0.03498	0.09555	0.02802	0.01556	0.01008	0.00377	0.00905	0.01199	0.01048	0.01520
6	0.02459	0.01774	0.02554	0.11140	0.08485	0.01906	0.01970	0.05878	0.02607	0.09268	0.04372	0.28406	0.04579	0.02410	0.01541	0.00426	0.05879	0.02090	0.00935	0.01320
7	0.02211	0.02382	0.12302	0.01969	0.02659	0.01649	0.01863	0.03025	0.06991	0.09274	0.06629	0.13296	0.19905	0.02968	0.06997	0.00553	0.01184	0.01845	0.00962	0.01335
8	0.10227	0.02142	0.03196	0.27422	0.11048	0.02332	0.02579	0.03943	0.02644	0.19010	0.02830	0.03215	0.01974	0.01226	0.01116	0.00371	0.01283	0.01034	0.00837	0.01571
9	0.03982	0.03264	0.18702	0.08289	0.04162	0.02117	0.02690	0.04752	0.02945	0.31866	0.03528	0.03392	0.02292	0.01304	0.01148	0.00366	0.01280	0.01057	0.01041	0.01823
10	0.01654	0.01183	0.01614	0.01840	0.02024	0.01143	0.01445	0.02050	0.02560	0.03405	0.11634	0.31741	0.07626	0.03296	0.01527	0.00489	0.00841	0.21809	0.01100	0.01021
11	0.03869	0.02432	0.03865	0.04993	0.31175	0.02317	0.02782	0.04458	0.02936	0.24485	0.03204	0.03336	0.02281	0.01207	0.01159	0.00352	0.01216	0.01093	0.00941	0.01900
12	0.03837	0.02290	0.03593	0.12899	0.22282	0.02251	0.02662	0.04432	0.02907	0.26036	0.03267	0.03409	0.02269	0.01242	0.01162	0.00359	0.01230	0.01097	0.00961	0.01815
13	0.02728	0.03086	0.06575	0.04741	0.05815	0.02995	0.43715	0.03645	0.02661	0.03645	0.02281	0.03086	0.01744	0.01072	0.01586	0.00402	0.06759	0.01342	0.00581	0.01543
14	0.03694	0.02813	0.09924	0.09959	0.10818	0.02325	0.12003	0.04432	0.02895	0.24357	0.03212	0.03366	0.02186	0.01219	0.01201	0.00369	0.01397	0.01141	0.00927	0.01763
15	0.02879	0.02763	0.04721	0.07139	0.51871	0.02763	0.03569	0.03569	0.02648	0.03800	0.02188	0.02879	0.01842	0.01036	0.01151	0.00345	0.01382	0.01036	0.00576	0.01842
16	0.03391	0.02205	0.03493	0.16744	0.20651	0.02240	0.02717	0.04008	0.02798	0.19653	0.03323	0.04252	0.02571	0.01404	0.01203	0.00378	0.01264	0.05130	0.00892	0.01683
17	0.01413	0.01028	0.01333	0.01578	0.01676	0.00948	0.01061	0.01624	0.02267	0.02985	0.06916	0.53924	0.11809	0.03578	0.01474	0.00465	0.00667	0.03226	0.01080	0.00948
18	0.23362	0.03871	0.20530	0.08896	0.04141	0.07710	0.02726	0.03826	0.02468	0.09314	0.02180	0.02481	0.01570	0.01149	0.00992	0.00360	0.01399	0.00830	0.00680	0.01514
19	0.11556	0.02312	0.03482	0.02672	0.03525	0.02263	0.11858	0.09093	0.03080	0.24737	0.03351	0.03482	0.02344	0.02236	0.08090	0.00562	0.01502	0.01147	0.01029	0.01680
20	0.03336	0.02711	0.04336	0.06035	0.40707	0.02711	0.03192	0.08271	0.03018	0.10500	0.02560	0.03010	0.01990	0.01125	0.01155	0.00348	0.01321	0.01055	0.00747	0.01874
21	0.15268	0.01428	0.01727	0.08689	0.02631	0.01522	0.01399	0.02238	0.02316	0.03640	0.10216	0.33487	0.05948	0.02636	0.01270	0.00425	0.00820	0.02310	0.00956	0.01074
22	0.02261	0.02095	0.03599	0.16143	0.19506	0.02161	0.07902	0.02913	0.02666	0.03675	0.12943	0.11377	0.04427	0.01676	0.01269	0.00381	0.01224	0.01593	0.00776	0.01413
23	0.01913	0.01631	0.02358	0.15900	0.08829	0.01749	0.01941	0.02628	0.07082	0.03267	0.05278	0.28104	0.09805	0.02461	0.01326	0.00421	0.00985	0.02203	0.00895	0.01222
24	0.02882	0.10011	0.05605	0.15011	0.05788	0.09757	0.27040	0.03659	0.02684	0.03336	0.02133	0.02842	0.01653	0.01048	0.01212	0.00362	0.01807	0.01131	0.00564	0.01473
25	0.09988	0.02102	0.03298	0.27157	0.05423	0.02296	0.07743	0.03677	0.02569	0.14337	0.02768	0.03278	0.01971	0.01211	0.01108	0.00368	0.01311	0.01065	0.06878	0.01453
26	0.33233	0.02171	0.02558	0.07457	0.12404	0.02339	0.01918	0.03555	0.02472	0.10846	0.08095	0.03269	0.02771	0.01281	0.00979	0.00360	0.01020	0.00990	0.00835	0.01449
27	0.02777	0.04896	0.37230	0.03719	0.09569	0.02615	0.08617	0.03914	0.02611	0.09563	0.02425	0.02751	0.01710	0.01125	0.01146	0.00368	0.01624	0.00970	0.00624	0.01746
28	0.02810	0.36703	0.19465	0.02514	0.03591	0.03913	0.02734	0.03452	0.02314	0.03020	0.01742	0.02126	0.01491	0.01162	0.01250	0.00317	0.08624	0.00743	0.00497	0.01530
29	0.02938	0.28785	0.26453	0.02662	0.03968	0.03636	0.03035	0.09353	0.02807	0.03750	0.01977	0.02246	0.01547	0.01096	0.00958	0.00314	0.01458	0.00782	0.00581	0.01655
30	0.03064	0.40676	0.17180	0.02385	0.03548	0.04034	0.02572	0.08359	0.02722	0.03464	0.01858	0.02109	0.01541	0.01065	0.00878	0.00289	0.01363	0.00725	0.00568	0.01600
31	0.03001	0.18863	0.23099	0.02544	0.03692	0.02974	0.02768	0.08428	0.02835	0.09607	0.02853	0.09173	0.02442	0.01450	0.01069	0.00346	0.01334	0.01145	0.00749	0.01626

[dist]
# distance from previous block
# <min> <max>
6	22

[block]
# block no. 2 follows, 10 sequences, length 18
# corresponding to MSA columns:
# 222-239
name=unknown_C
#
# <colnr> <probs for GDERKNQSTAVLIFYWHMCP>
#	G	D	E	R	K	N	Q	S	T	A	V	L	I	F	Y	W	H	M	C	P
0	0.02955	0.19780	0.24948	0.08378	0.04495	0.03393	0.03130	0.12556	0.03029	0.04090	0.02100	0.02430	0.01589	0.01140	0.01025	0.00334	0.01482	0.00851	0.00632	0.01665
1	0.02709	0.33507	0.08917	0.02772	0.08284	0.03441	0.05903	0.03278	0.02612	0.03379	0.11401	0.03446	0.03389	0.01275	0.00990	0.00303	0.01220	0.01033	0.00664	0.01477
2	0.35548	0.14496	0.07992	0.07613	0.03345	0.03050	0.01966	0.03636	0.06037	0.04289	0.01966	0.02267	0.01546	0.01114	0.00848	0.00344	0.01122	0.00749	0.00668	0.01404
3	0.02609	0.19632	0.11428	0.02007	0.02822	0.02499	0.01933	0.03130	0.02515	0.08193	0.09007	0.09901	0.03799	0.07253	0.01530	0.00398	0.01094	0.01311	0.00793	0.08146
4	0.23555	0.02466	0.08268	0.26902	0.05152	0.02442	0.02488	0.03064	0.02216	0.03790	0.02355	0.08133	0.02058	0.01376	0.01043	0.00385	0.01268	0.01108	0.00637	0.01295
5	0.08224	0.01551	0.02176	0.07948	0.02884	0.01535	0.06160	0.02259	0.02535	0.03540	0.12341	0.19698	0.19866	0.02452	0.01312	0.00405	0.00888	0.02163	0.00954	0.01111
6	0.02240	0.01620	0.02640	0.15302	0.13554	0.01739	0.02057	0.02280	0.01939	0.02612	0.02066	0.03298	0.01875	0.02749	0.03057	0.37250	0.01212	0.01021	0.00523	0.00966
7	0.67341	0.02249	0.01709	0.01529	0.02249	0.02609	0.01260	0.03419	0.01979	0.05218	0.01619	0.01889	0.01260	0.01080	0.00720	0.00360	0.00900	0.00630	0.00720	0.01260
8	0.04047	0.02178	0.03329	0.14598	0.15273	0.02135	0.02456	0.04621	0.02962	0.31025	0.03508	0.03531	0.02362	0.01289	0.01164	0.00362	0.01197	0.01110	0.01048	0.01804
9	0.03511	0.03584	0.03918	0.11272	0.23185	0.18070	0.02885	0.12098	0.03324	0.04075	0.02171	0.02661	0.01730	0.01167	0.01125	0.00338	0.01594	0.00954	0.00685	0.01653
10	0.02879	0.02763	0.04721	0.07139	0.51871	0.02763	0.03569	0.03569	0.02648	0.03800	0.02188	0.02879	0.01842	0.01036	0.01151	0.00345	0.01382	0.01036	0.00576	0.01842
11	0.02963	0.02500	0.04297	0.27655	0.11491	0.02694	0.12964	0.08205	0.02895	0.09186	0.02499	0.03147	0.01823	0.01163	0.01209	0.00377	0.01533	0.01126	0.00709	0.01564
12	0.03952	0.27409	0.04280	0.08135	0.03543	0.03079	0.02004	0.04405	0.02792	0.25143	0.02999	0.02942	0.02120	0.01213	0.00983	0.00314	0.01164	0.00914	0.00922	0.01688
13	0.01675	0.01194	0.01605	0.01605	0.01722	0.01310	0.01125	0.01907	0.01791	0.02504	0.03357	0.05906	0.03488	0.30872	0.33162	0.01543	0.02242	0.01442	0.00659	0.00892
14	0.01661	0.01246	0.01869	0.01869	0.02077	0.01454	0.01454	0.02077	0.01869	0.02700	0.03115	0.04569	0.02908	0.08723	0.54517	0.01869	0.03115	0.01246	0.00623	0.01038
15	0.38066	0.28491	0.03708	0.01739	0.02585	0.03517	0.01593	0.03448	0.02154	0.04087	0.01618	0.01879	0.01366	0.01041	0.00732	0.00309	0.01057	0.00626	0.00618	0.01366
16	0.04292	0.27399	0.04191	0.02034	0.02976	0.02980	0.01833	0.04708	0.02904	0.30731	0.03283	0.03039	0.02270	0.01244	0.00984	0.00311	0.01101	0.00929	0.01026	0.01765
17	0.02926	0.47112	0.17201	0.02303	0.03469	0.04153	0.02535	0.03530	0.02385	0.02960	0.01728	0.02005	0.01488	0.01021	0.00831	0.00277	0.01356	0.00678	0.00496	0.01546

[dist]
# distance from previous block
# <min> <max>
0	5

[block]
# block no. 3 follows, 10 sequences, length 40
# corresponding to MSA columns:
# 245-284
name=unknown_D
#
# <colnr> <probs for GDERKNQSTAVLIFYWHMCP>
#	G	D	E	R	K	N	Q	S	T	A	V	L	I	F	Y	W	H	M	C	P
0	0.02333	0.06016	0.53100	0.03315	0.05034	0.02701	0.04297	0.03683	0.02455	0.03683	0.02087	0.02455	0.01473	0.01105	0.01105	0.00368	0.01719	0.00859	0.00491	0.01719
1	0.36205	0.08915	0.03130	0.02156	0.03011	0.02659	0.07508	0.04021	0.02456	0.16446	0.02447	0.02560	0.01752	0.01146	0.00919	0.00351	0.01100	0.00859	0.00855	0.01504
2	0.08444	0.02165	0.02476	0.02151	0.02780	0.02273	0.01719	0.16278	0.09593	0.14947	0.04400	0.15611	0.03952	0.02045	0.01242	0.00402	0.00998	0.05762	0.01162	0.01602
3	0.03373	0.21704	0.19497	0.02658	0.03850	0.03639	0.02781	0.20571	0.03579	0.04784	0.02211	0.02401	0.01672	0.01182	0.01016	0.00324	0.01403	0.00857	0.00750	0.01748
4	0.02943	0.48270	0.16189	0.02275	0.03425	0.04194	0.02485	0.03526	0.02383	0.02940	0.01718	0.01992	0.01488	0.01019	0.00823	0.00274	0.01346	0.00673	0.00496	0.01541
5	0.02404	0.10962	0.48780	0.03193	0.04845	0.02876	0.04085	0.03665	0.02447	0.03596	0.02044	0.02401	0.01475	0.01095	0.01072	0.00357	0.01675	0.00838	0.00492	0.01698
6	0.02510	0.18322	0.42350	0.03012	0.04565	0.03136	0.03769	0.03637	0.02434	0.03467	0.01980	0.02321	0.01478	0.01080	0.01023	0.00341	0.01610	0.00805	0.00493	0.01667
7	0.04048	0.26697	0.09077	0.02158	0.03179	0.03023	0.02082	0.04554	0.02837	0.26868	0.03093	0.02931	0.02158	0.01220	0.00985	0.00314	0.01168	0.00909	0.00950	0.01749
8	0.01828	0.01516	0.02332	0.24560	0.04416	0.01696	0.02063	0.02362	0.02493	0.03307	0.12119	0.22336	0.05573	0.02348	0.01343	0.00425	0.01060	0.06218	0.00877	0.01128
9	0.02598	0.03308	0.14587	0.17397	0.27997	0.02726	0.07693	0.03470	0.02544	0.03580	0.02155	0.02866	0.01692	0.01074	0.01165	0.00364	0.01543	0.01030	0.00546	0.01666
10	0.07567	0.29130	0.23567	0.02435	0.03605	0.03376	0.02746	0.03384	0.02357	0.03315	0.02240	0.07289	0.02037	0.01288	0.00951	0.00324	0.01350	0.00961	0.00566	0.01512
11	0.02333	0.06016	0.53100	0.03315	0.05034	0.02701	0.04297	0.03683	0.02455	0.03683	0.02087	0.02455	0.01473	0.01105	0.01105	0.00368	0.01719	0.00859	0.00491	0.01719
12	0.10816	0.05524	0.46394	0.03082	0.04670	0.02689	0.03901	0.03649	0.02393	0.03884	0.02026	0.02382	0.01445	0.01102	0.01055	0.00367	0.01612	0.00829	0.00521	0.01659
13	0.02875	0.03756	0.20914	0.09728	0.18484	0.02634	0.11067	0.03816	0.02647	0.09284	0.02446	0.02927	0.01796	0.01109	0.01177	0.00367	0.01565	0.01049	0.00643	0.01716
14	0.02664	0.05552	0.47308	0.03172	0.04796	0.02587	0.04000	0.03911	0.02556	0.09314	0.02375	0.02628	0.01635	0.01143	0.01112	0.00367	0.01635	0.00895	0.00600	0.01749
15	0.04438	0.01807	0.02449	0.01937	0.02700	0.01576	0.01576	0.04910	0.03321	0.42196	0.14776	0.04991	0.04646	0.01644	0.01214	0.00361	0.00893	0.01373	0.01405	0.01787
16	0.01791	0.01488	0.02300	0.24589	0.04411	0.01672	0.02063	0.02268	0.02315	0.03023	0.04565	0.30507	0.05016	0.02560	0.01362	0.00443	0.01083	0.06597	0.00843	0.01103
17	0.03289	0.02035	0.03203	0.36709	0.06187	0.02268	0.02680	0.03947	0.02688	0.20946	0.02979	0.03411	0.02031	0.01263	0.01165	0.00378	0.01348	0.01083	0.00850	0.01541
18	0.01990	0.01220	0.01661	0.01827	0.02049	0.01150	0.01388	0.02320	0.02487	0.08834	0.06126	0.38648	0.06842	0.03262	0.01485	0.00478	0.00829	0.15184	0.01118	0.01101
19	0.02640	0.03315	0.11294	0.10607	0.06190	0.02875	0.38062	0.03635	0.02667	0.03635	0.02293	0.03062	0.01710	0.01014	0.01321	0.00389	0.01889	0.01280	0.00570	0.01553
20	0.02478	0.02404	0.04230	0.34888	0.22436	0.02679	0.07705	0.03245	0.02474	0.03322	0.02135	0.03030	0.01669	0.01103	0.01180	0.00374	0.01534	0.01068	0.00543	0.01503
21	0.03516	0.03094	0.13920	0.03023	0.04065	0.02300	0.13485	0.08200	0.03078	0.20844	0.03573	0.09554	0.02786	0.01506	0.01242	0.00381	0.01367	0.01389	0.00971	0.01707
22	0.02784	0.01867	0.02926	0.32639	0.05631	0.02090	0.02528	0.03405	0.02588	0.14477	0.03512	0.09502	0.03006	0.01688	0.01244	0.00406	0.01286	0.06182	0.00844	0.01393
23	0.05218	0.01979	0.02699	0.02069	0.02969	0.01709	0.01709	0.05668	0.03329	0.52677	0.04588	0.03959	0.02879	0.01439	0.01170	0.00360	0.00990	0.01170	0.01439	0.01979
24	0.11145	0.03421	0.19522	0.02457	0.03586	0.02269	0.02541	0.04796	0.07717	0.25772	0.03421	0.03255	0.02290	0.01300	0.01098	0.00366	0.01217	0.01018	0.01011	0.01795
25	0.15517	0.02784	0.09077	0.09594	0.21277	0.02466	0.02750	0.03975	0.02622	0.15227	0.02609	0.02914	0.01898	0.01158	0.01070	0.00359	0.01256	0.00969	0.00786	0.01692
26	0.01656	0.01183	0.01624	0.01893	0.02065	0.01151	0.01495	0.02033	0.02462	0.03237	0.06278	0.34703	0.07170	0.03418	0.01548	0.00505	0.00882	0.24611	0.01075	0.01011
27	0.03387	0.07663	0.04101	0.20865	0.10190	0.02719	0.08473	0.08266	0.02974	0.15825	0.02769	0.03151	0.01973	0.01202	0.01153	0.00360	0.01393	0.01075	0.00822	0.01641
28	0.04282	0.07902	0.02869	0.01975	0.02802	0.01907	0.01633	0.04702	0.03010	0.36882	0.04237	0.09839	0.03172	0.01589	0.01131	0.00342	0.00967	0.01310	0.01225	0.08224
29	0.11220	0.03632	0.20089	0.02546	0.03713	0.02497	0.02640	0.12373	0.03259	0.22154	0.03061	0.02992	0.02046	0.01275	0.01095	0.00361	0.01283	0.00979	0.00980	0.01807
30	0.03109	0.59826	0.06095	0.01990	0.02985	0.04602	0.01990	0.03483	0.02363	0.02736	0.01617	0.01866	0.01493	0.00995	0.00746	0.00249	0.01244	0.00622	0.00498	0.01493
31	0.01683	0.01161	0.01439	0.01439	0.01498	0.01220	0.00917	0.01801	0.01742	0.02381	0.03509	0.06749	0.03854	0.44847	0.19687	0.01338	0.01691	0.01565	0.00682	0.00799
32	0.58858	0.02741	0.08415	0.01762	0.02613	0.02621	0.01656	0.03453	0.02041	0.05018	0.01680	0.01963	0.01287	0.01083	0.00770	0.00361	0.01007	0.00660	0.00690	0.01319
33	0.01749	0.01522	0.02643	0.02358	0.02704	0.01422	0.11807	0.02170	0.02468	0.03337	0.10595	0.39976	0.06702	0.02886	0.01446	0.00442	0.00957	0.02724	0.00989	0.01106
34	0.03157	0.10420	0.22786	0.02642	0.03799	0.02895	0.02814	0.16450	0.03493	0.08508	0.08845	0.03414	0.02969	0.01368	0.01121	0.00348	0.01329	0.01073	0.00862	0.01707
35	0.03192	0.30345	0.19328	0.02586	0.03741	0.09601	0.02730	0.09483	0.02902	0.03628	0.01930	0.02187	0.01551	0.01103	0.00941	0.00303	0.01486	0.00762	0.00594	0.01606
36	0.09122	0.10447	0.35192	0.03072	0.04506	0.02980	0.06970	0.07698	0.02697	0.04081	0.02080	0.02425	0.01523	0.01109	0.01058	0.00356	0.01569	0.00871	0.00584	0.01663
37	0.02851	0.09123	0.32192	0.02867	0.04271	0.02893	0.03289	0.13050	0.03087	0.04403	0.02199	0.02476	0.01615	0.01127	0.01058	0.00329	0.01476	0.00859	0.00661	0.10175
38	0.03058	0.28044	0.23902	0.02637	0.03902	0.03671	0.02931	0.12080	0.02993	0.03984	0.02025	0.02273	0.01578	0.01115	0.00966	0.00315	0.01436	0.00796	0.00622	0.01674
39	0.03079	0.20647	0.22202	0.02668	0.03869	0.03474	0.02858	0.13431	0.09247	0.04342	0.02446	0.02601	0.01858	0.01197	0.01023	0.00333	0.01382	0.00890	0.00727	0.01724

[dist]
# distance from previous block
# <min> <max>
0	16

[block]
# block no. 4 follows, 10 sequences, length 9
# corresponding to MSA columns:
# 309-317
name=unknown_E
#
# <colnr> <probs for GDERKNQSTAVLIFYWHMCP>
#	G	D	E	R	K	N	Q	S	T	A	V	L	I	F	Y	W	H	M	C	P
0	0.03056	0.23318	0.24374	0.02574	0.03852	0.03241	0.02874	0.07510	0.02761	0.08382	0.02226	0.02425	0.01676	0.01106	0.00977	0.00311	0.01387	0.00812	0.00656	0.06482
1	0.03070	0.23593	0.25920	0.02721	0.04016	0.03550	0.03042	0.13688	0.03109	0.04192	0.02088	0.02333	0.01595	0.01134	0.00997	0.00323	0.01458	0.00822	0.00646	0.01701
2	0.18079	0.04750	0.34968	0.03080	0.04491	0.02709	0.08931	0.03625	0.02376	0.04059	0.02007	0.02403	0.01458	0.01083	0.01045	0.00369	0.01551	0.00868	0.00558	0.01589
3	0.14409	0.11406	0.31592	0.02567	0.03853	0.02716	0.03044	0.03371	0.02379	0.03788	0.03086	0.03308	0.07329	0.01304	0.01021	0.00355	0.01374	0.00976	0.00604	0.01518
4	0.11059	0.02424	0.08437	0.02513	0.07560	0.01911	0.02013	0.03680	0.02599	0.16511	0.03355	0.04648	0.02814	0.06338	0.01508	0.00413	0.01101	0.06640	0.00905	0.13572
5	0.02893	0.02498	0.02630	0.02367	0.03024	0.02893	0.01841	0.06180	0.49770	0.04865	0.04734	0.04339	0.03550	0.01578	0.01183	0.00394	0.00920	0.01315	0.01183	0.01841
6	0.01603	0.01145	0.01563	0.01832	0.01981	0.01105	0.01402	0.01941	0.02410	0.03177	0.06308	0.39981	0.07286	0.03469	0.01534	0.00498	0.00836	0.19859	0.01076	0.00996
7	0.51191	0.02333	0.02508	0.02039	0.02841	0.02542	0.07408	0.03737	0.02246	0.10879	0.02082	0.02309	0.01526	0.01111	0.00861	0.00364	0.01050	0.00794	0.00791	0.01389
8	0.10076	0.02355	0.03709	0.08453	0.15584	0.02291	0.08285	0.04447	0.02867	0.25398	0.03202	0.03313	0.02207	0.01222	0.01148	0.00363	0.01253	0.01100	0.00967	0.01761

[dist]
# distance from previous block
# <min> <max>
2	40

[block]
# block no. 5 follows, 10 sequences, length 11
# corresponding to MSA columns:
# 358-368
name=unknown_F
#
# <colnr> <probs for GDERKNQSTAVLIFYWHMCP>
#	G	D	E	R	K	N	Q	S	T	A	V	L	I	F	Y	W	H	M	C	P
0	0.20196	0.10403	0.03452	0.07745	0.03642	0.02790	0.05660	0.10050	0.02987	0.18359	0.02731	0.02825	0.01923	0.01213	0.01011	0.00348	0.01179	0.00942	0.00923	0.01623
1	0.03738	0.02414	0.03361	0.12093	0.04234	0.02514	0.06731	0.18198	0.03656	0.18551	0.03545	0.09612	0.02794	0.01584	0.01223	0.00378	0.01245	0.01373	0.01059	0.01697
2	0.35000	0.02106	0.02393	0.09637	0.08775	0.02309	0.01833	0.03486	0.02319	0.11125	0.02703	0.08859	0.02321	0.01427	0.00979	0.00375	0.01030	0.01110	0.00817	0.01396
3	0.25079	0.02285	0.02999	0.02729	0.08657	0.02240	0.06406	0.04224	0.02657	0.21715	0.02862	0.02918	0.02000	0.01173	0.01010	0.00344	0.01091	0.00950	0.00944	0.07719
4	0.02793	0.01449	0.01883	0.01626	0.02123	0.01285	0.01271	0.03275	0.03218	0.20366	0.30482	0.07458	0.13733	0.02143	0.01305	0.00367	0.00700	0.01841	0.01306	0.01374
5	0.02494	0.02831	0.14744	0.02565	0.03421	0.01988	0.08904	0.03542	0.07384	0.09756	0.22724	0.05447	0.05748	0.01688	0.01268	0.00372	0.01120	0.01521	0.01000	0.01484
6	0.01608	0.01187	0.01502	0.01423	0.01714	0.01081	0.01068	0.02121	0.03203	0.04451	0.45745	0.09038	0.16619	0.02457	0.01372	0.00370	0.00554	0.02152	0.01252	0.01081
7	0.02333	0.06016	0.53100	0.03315	0.05034	0.02701	0.04297	0.03683	0.02455	0.03683	0.02087	0.02455	0.01473	0.01105	0.01105	0.00368	0.01719	0.00859	0.00491	0.01719
8	0.03611	0.03239	0.15052	0.06762	0.03950	0.02529	0.02545	0.09903	0.14880	0.19826	0.03617	0.03490	0.02500	0.01366	0.01156	0.00372	0.01226	0.01106	0.01042	0.01828
9	0.01540	0.01107	0.01460	0.01535	0.01714	0.01027	0.01089	0.01929	0.02799	0.03880	0.30510	0.31671	0.09456	0.02963	0.01424	0.00415	0.00607	0.02660	0.01187	0.01027
10	0.19864	0.07317	0.11694	0.02257	0.03234	0.02707	0.02149	0.09527	0.09258	0.16605	0.02985	0.02929	0.02103	0.01270	0.01014	0.00356	0.01139	0.00943	0.00953	0.01696

[dist]
# distance from previous block
# <min> <max>
1	5

[block]
# block no. 6 follows, 10 sequences, length 130
# corresponding to MSA columns:
# 374-418,420-504
name=unknown_G
#
# <colnr> <probs for GDERKNQSTAVLIFYWHMCP>
#	G	D	E	R	K	N	Q	S	T	A	V	L	I	F	Y	W	H	M	C	P
0	0.10915	0.08088	0.08601	0.02296	0.03283	0.02658	0.02098	0.15769	0.03549	0.26337	0.03280	0.03093	0.02203	0.01314	0.01076	0.00348	0.01157	0.00999	0.01105	0.01832
1	0.03532	0.03043	0.13716	0.03192	0.10377	0.02394	0.02612	0.08130	0.02959	0.20635	0.03354	0.08211	0.02632	0.01580	0.01495	0.00387	0.07830	0.01252	0.00946	0.01726
2	0.09415	0.01419	0.01919	0.15090	0.03312	0.01546	0.01631	0.02166	0.02222	0.03236	0.04773	0.38062	0.05417	0.02729	0.01315	0.00438	0.00917	0.02429	0.00898	0.01068
3	0.18580	0.03335	0.15240	0.02399	0.03393	0.02702	0.02340	0.08672	0.16824	0.10539	0.03125	0.03090	0.02254	0.01306	0.01049	0.00371	0.01158	0.00994	0.00926	0.01700
4	0.10957	0.11456	0.03539	0.07852	0.10387	0.02887	0.02200	0.04374	0.11760	0.14203	0.02971	0.03108	0.02218	0.01318	0.01262	0.00361	0.05621	0.01003	0.00871	0.01650
5	0.03217	0.08296	0.25245	0.02554	0.03707	0.02274	0.02795	0.04026	0.02704	0.19683	0.03496	0.10930	0.02832	0.01571	0.01152	0.00371	0.01290	0.01294	0.00889	0.01676
6	0.08505	0.04033	0.25974	0.03135	0.04441	0.02467	0.11797	0.04218	0.02714	0.17344	0.02792	0.02957	0.01901	0.01171	0.01144	0.00370	0.01498	0.01027	0.00791	0.01724
7	0.10110	0.08628	0.03790	0.25386	0.05436	0.10173	0.07148	0.03710	0.02593	0.09137	0.02261	0.02803	0.01685	0.01156	0.01078	0.00355	0.01502	0.00957	0.00665	0.01427
8	0.03104	0.02550	0.07690	0.07890	0.03514	0.06731	0.02179	0.04000	0.08374	0.15929	0.04375	0.10788	0.03905	0.01998	0.01286	0.00415	0.01207	0.11552	0.01018	0.01495
9	0.04499	0.15516	0.03709	0.02234	0.03165	0.02939	0.01924	0.17921	0.03754	0.27663	0.03372	0.03131	0.02292	0.01325	0.01072	0.00331	0.01135	0.01008	0.01142	0.01868
10	0.05218	0.01979	0.02699	0.02069	0.02969	0.01709	0.01709	0.05668	0.03329	0.52677	0.04588	0.03959	0.02879	0.01439	0.01170	0.00360	0.00990	0.01170	0.01439	0.01979
11	0.02400	0.02363	0.07470	0.01999	0.02473	0.08944	0.01668	0.02875	0.02853	0.08674	0.19153	0.23023	0.06660	0.02392	0.01313	0.00391	0.00986	0.02076	0.01047	0.01241
12	0.02895	0.01844	0.02577	0.02298	0.02844	0.01832	0.05840	0.03993	0.13438	0.15812	0.05160	0.19285	0.04836	0.02307	0.01351	0.00431	0.00999	0.09629	0.01145	0.01484
13	0.11293	0.10903	0.03596	0.02411	0.03302	0.07936	0.06031	0.08715	0.03183	0.26538	0.03180	0.03058	0.02176	0.01265	0.01066	0.00340	0.01246	0.00996	0.01036	0.01728
14	0.02998	0.52102	0.12842	0.02180	0.03279	0.04329	0.02321	0.03511	0.02376	0.02872	0.01684	0.01950	0.01490	0.01011	0.00798	0.00266	0.01312	0.00656	0.00497	0.01525
15	0.05131	0.02119	0.02785	0.02135	0.03038	0.01916	0.01764	0.10279	0.03562	0.47736	0.04393	0.03832	0.02781	0.01435	0.01169	0.00359	0.01021	0.01156	0.01409	0.01979
16	0.02400	0.02634	0.09688	0.01951	0.03083	0.01716	0.01797	0.03037	0.02418	0.03775	0.02070	0.02418	0.01687	0.00896	0.00896	0.00200	0.00984	0.00714	0.00661	0.56975
17	0.02333	0.06016	0.53100	0.03315	0.05034	0.02701	0.04297	0.03683	0.02455	0.03683	0.02087	0.02455	0.01473	0.01105	0.01105	0.00368	0.01719	0.00859	0.00491	0.01719
18	0.01470	0.01076	0.01381	0.01528	0.01686	0.00988	0.01061	0.01771	0.02546	0.03417	0.18370	0.40238	0.13696	0.03241	0.01443	0.00436	0.00633	0.02902	0.01130	0.00988
19	0.02024	0.01339	0.01901	0.09548	0.02823	0.01338	0.01551	0.02447	0.02634	0.08516	0.15068	0.28942	0.06891	0.02741	0.01396	0.00433	0.00853	0.07328	0.01077	0.01149
20	0.04800	0.02392	0.03272	0.02475	0.03408	0.02277	0.06058	0.15611	0.03787	0.37326	0.03953	0.03604	0.02561	0.01387	0.01187	0.00360	0.01148	0.01159	0.01295	0.01941
21	0.01417	0.01012	0.01350	0.01619	0.01687	0.00945	0.01080	0.01619	0.02227	0.02969	0.06410	0.58367	0.07692	0.03644	0.01484	0.00472	0.00675	0.03306	0.01080	0.00945
22	0.02668	0.01679	0.02459	0.02160	0.02658	0.01585	0.06813	0.03368	0.07778	0.15530	0.05793	0.28193	0.09376	0.02496	0.01351	0.00419	0.00924	0.02256	0.01121	0.01375
23	0.08401	0.03532	0.10999	0.09843	0.09786	0.12074	0.10447	0.04138	0.02800	0.13146	0.02540	0.02879	0.01835	0.01163	0.01136	0.00357	0.01568	0.01010	0.00743	0.01603
24	0.02670	0.29380	0.32691	0.02740	0.04144	0.03526	0.03295	0.03596	0.02415	0.03272	0.01883	0.02199	0.01482	0.01057	0.00949	0.00316	0.01513	0.00756	0.00494	0.01621
25	0.01417	0.01012	0.01350	0.01619	0.01687	0.00945	0.01080	0.01619	0.02227	0.02969	0.06410	0.58367	0.07692	0.03644	0.01484	0.00472	0.00675	0.03306	0.01080	0.00945
26	0.03032	0.02708	0.04773	0.08530	0.04960	0.02748	0.24207	0.04632	0.17058	0.09798	0.03314	0.03596	0.02419	0.01233	0.01272	0.00389	0.01492	0.01300	0.00863	0.01674
27	0.03160	0.17725	0.13159	0.04270	0.21598	0.03387	0.03019	0.12719	0.03125	0.04240	0.02152	0.02534	0.01719	0.01112	0.01044	0.00326	0.01384	0.00904	0.00663	0.01761
28	0.09819	0.03497	0.03070	0.02567	0.03336	0.14900	0.02040	0.23732	0.15570	0.05509	0.02937	0.02932	0.02190	0.01367	0.01101	0.00350	0.01342	0.01007	0.00999	0.01735
29	0.01417	0.01012	0.01350	0.01619	0.01687	0.00945	0.01080	0.01619	0.02227	0.02969	0.06410	0.58367	0.07692	0.03644	0.01484	0.00472	0.00675	0.03306	0.01080	0.00945
30	0.09139	0.09195	0.09015	0.02289	0.03229	0.07746	0.02079	0.04963	0.07287	0.28244	0.03466	0.03236	0.02356	0.01312	0.01070	0.00346	0.01204	0.01002	0.01059	0.01762
31	0.02630	0.05601	0.47915	0.03187	0.04821	0.02599	0.04031	0.03887	0.02545	0.08723	0.02344	0.02610	0.01618	0.01139	0.01112	0.00367	0.01644	0.00891	0.00589	0.01746
32	0.01618	0.01188	0.01516	0.01434	0.01720	0.01086	0.01075	0.02141	0.03226	0.04507	0.47197	0.08945	0.15132	0.02436	0.01372	0.00369	0.00553	0.02139	0.01260	0.01086
33	0.02311	0.03123	0.15859	0.37443	0.12470	0.02634	0.03533	0.03218	0.02396	0.03245	0.02086	0.02915	0.01566	0.01134	0.01147	0.00378	0.01572	0.00991	0.00517	0.01462
34	0.09304	0.03689	0.08279	0.02755	0.03410	0.14869	0.02373	0.12673	0.09821	0.04304	0.02362	0.02679	0.01869	0.01471	0.01728	0.00386	0.14749	0.00953	0.00772	0.01554
35	0.02744	0.02632	0.03138	0.30780	0.05638	0.09993	0.02580	0.08101	0.08071	0.03809	0.08218	0.03721	0.02921	0.01381	0.01173	0.00369	0.01414	0.01151	0.00758	0.01407
36	0.01617	0.01188	0.01514	0.01432	0.01719	0.01085	0.01074	0.02138	0.03222	0.04498	0.46957	0.08961	0.15378	0.02440	0.01372	0.00369	0.00553	0.02142	0.01258	0.01085
37	0.21356	0.04016	0.26288	0.02557	0.03745	0.02554	0.02858	0.07088	0.02640	0.08380	0.02539	0.03300	0.01986	0.01317	0.01045	0.00377	0.01338	0.04309	0.00733	0.01576
38	0.02412	0.02067	0.02412	0.01723	0.02756	0.01550	0.01378	0.02929	0.02412	0.03790	0.02067	0.02412	0.01723	0.00861	0.00861	0.00172	0.00861	0.00689	0.00689	0.66236
39	0.01900	0.01181	0.01520	0.01582	0.01831	0.01067	0.01129	0.02205	0.02602	0.09172	0.14697	0.36589	0.13962	0.03064	0.01412	0.00429	0.00678	0.02724	0.01157	0.01099
40	0.01555	0.01064	0.01371	0.01523	0.01663	0.00997	0.01055	0.01880	0.02512	0.03536	0.17176	0.40239	0.07988	0.03082	0.01384	0.00424	0.00629	0.02768	0.08156	0.00997
41	0.03126	0.02848	0.04428	0.05346	0.30376	0.02948	0.08279	0.11524	0.10767	0.04560	0.02722	0.03131	0.02133	0.01178	0.01185	0.00360	0.01358	0.01123	0.00775	0.01833
42	0.02778	0.04101	0.29044	0.02653	0.03816	0.02368	0.02961	0.09854	0.02994	0.09207	0.08440	0.03958	0.03115	0.07653	0.01676	0.00447	0.01378	0.01156	0.00802	0.01599
43	0.02894	0.01435	0.01923	0.01722	0.02175	0.01284	0.01316	0.03324	0.03051	0.21774	0.23507	0.18843	0.07236	0.02338	0.01325	0.00389	0.00740	0.02050	0.01290	0.01383
44	0.02493	0.02370	0.04025	0.34917	0.27103	0.02662	0.03378	0.03232	0.02466	0.03332	0.02120	0.03004	0.01677	0.01108	0.01158	0.00369	0.01477	0.01035	0.00542	0.01532
45	0.02991	0.12932	0.23035	0.10980	0.10338	0.02974	0.03233	0.07813	0.02812	0.08833	0.02344	0.02691	0.01722	0.01149	0.01074	0.00347	0.01464	0.00917	0.00665	0.01687
46	0.67341	0.02249	0.01709	0.01529	0.02249	0.02609	0.01260	0.03419	0.01979	0.05218	0.01619	0.01889	0.01260	0.01080	0.00720	0.00360	0.00900	0.00630	0.00720	0.01260
47	0.31871	0.03613	0.14615	0.02544	0.03527	0.08343	0.06927	0.03930	0.07230	0.04408	0.02145	0.02426	0.01624	0.01140	0.00961	0.00362	0.01335	0.00844	0.00687	0.01469
48	0.01559	0.01121	0.01534	0.01706	0.01825	0.01140	0.01226	0.01833	0.02127	0.02881	0.05237	0.34124	0.05974	0.10635	0.15846	0.00913	0.01404	0.07039	0.00921	0.00958
49	0.14343	0.01798	0.02220	0.01851	0.02534	0.01679	0.01479	0.04344	0.02948	0.32626	0.09453	0.11949	0.04190	0.01800	0.01164	0.00377	0.00882	0.01491	0.01254	0.01618
50	0.02893	0.02498	0.02630	0.02367	0.03024	0.02893	0.01841	0.06180	0.49770	0.04865	0.04734	0.04339	0.03550	0.01578	0.01183	0.00394	0.00920	0.01315	0.01183	0.01841
51	0.03055	0.03533	0.21122	0.03011	0.08855	0.02324	0.02775	0.07617	0.06776	0.13252	0.08032	0.03745	0.03077	0.01371	0.01138	0.00357	0.01236	0.01133	0.05892	0.01698
52	0.02304	0.10959	0.42137	0.02978	0.04427	0.02689	0.03679	0.03418	0.02419	0.03501	0.02551	0.09015	0.02212	0.01394	0.01113	0.00368	0.01546	0.01125	0.00561	0.01604
53	0.67341	0.02249	0.01709	0.01529	0.02249	0.02609	0.01260	0.03419	0.01979	0.05218	0.01619	0.01889	0.01260	0.01080	0.00720	0.00360	0.00900	0.00630	0.00720	0.01260
54	0.01463	0.01142	0.01327	0.01366	0.01647	0.01006	0.00992	0.01808	0.02734	0.03538	0.21831	0.21755	0.29341	0.02949	0.01400	0.00404	0.00598	0.02557	0.01137	0.01006
55	0.04421	0.03258	0.03490	0.02676	0.03607	0.03607	0.02211	0.47993	0.05468	0.07330	0.02792	0.02792	0.01978	0.01396	0.01163	0.00349	0.01280	0.01047	0.01163	0.01978
56	0.01661	0.01246	0.01869	0.01869	0.02077	0.01454	0.01454	0.02077	0.01869	0.02700	0.03115	0.04569	0.02908	0.08723	0.54517	0.01869	0.03115	0.01246	0.00623	0.01038
57	0.01417	0.01012	0.01350	0.01619	0.01687	0.00945	0.01080	0.01619	0.02227	0.02969	0.06410	0.58367	0.07692	0.03644	0.01484	0.00472	0.00675	0.03306	0.01080	0.00945
58	0.02609	0.25138	0.36396	0.02844	0.04306	0.03377	0.03477	0.03612	0.02423	0.03347	0.01920	0.02246	0.01480	0.01066	0.00978	0.00326	0.01550	0.00775	0.00493	0.01638
59	0.04117	0.02225	0.02666	0.02210	0.02995	0.02270	0.01772	0.05911	0.25331	0.30026	0.04657	0.04139	0.03197	0.01505	0.01176	0.00376	0.00957	0.01238	0.01318	0.01914
60	0.02879	0.02763	0.04721	0.07139	0.51871	0.02763	0.03569	0.03569	0.02648	0.03800	0.02188	0.02879	0.01842	0.01036	0.01151	0.00345	0.01382	0.01036	0.00576	0.01842
61	0.02256	0.02120	0.03009	0.02666	0.02734	0.02873	0.02188	0.02563	0.01810	0.02767	0.02046	0.03206	0.01978	0.04222	0.20390	0.00954	0.39384	0.01092	0.00546	0.01196
62	0.01537	0.01098	0.01487	0.01756	0.01876	0.01048	0.01288	0.01826	0.02345	0.03103	0.06344	0.46515	0.07431	0.03531	0.01516	0.00489	0.00779	0.13977	0.01077	0.00978
63	0.01417	0.01012	0.01350	0.01619	0.01687	0.00945	0.01080	0.01619	0.02227	0.02969	0.06410	0.58367	0.07692	0.03644	0.01484	0.00472	0.00675	0.03306	0.01080	0.00945
64	0.01568	0.01120	0.01523	0.01792	0.01926	0.01075	0.01342	0.01880	0.02376	0.03138	0.06327	0.43425	0.07362	0.03501	0.01525	0.00493	0.00806	0.16758	0.01077	0.00986
65	0.01414	0.01026	0.01336	0.01583	0.01677	0.00948	0.01064	0.01623	0.02261	0.02983	0.06848	0.54525	0.11252	0.03587	0.01476	0.00466	0.00668	0.03237	0.01080	0.00948
66	0.03776	0.03046	0.03744	0.02929	0.03678	0.03479	0.06422	0.31698	0.08107	0.05913	0.02663	0.02902	0.01998	0.01498	0.01702	0.00388	0.12188	0.01093	0.00984	0.01791
67	0.01661	0.01246	0.01869	0.01869	0.02077	0.01454	0.01454	0.02077	0.01869	0.02700	0.03115	0.04569	0.02908	0.08723	0.54517	0.01869	0.03115	0.01246	0.00623	0.01038
68	0.02168	0.01084	0.01084	0.01084	0.01355	0.01084	0.00813	0.02710	0.02439	0.04336	0.03794	0.04336	0.02981	0.01355	0.00813	0.00271	0.00542	0.01084	0.65583	0.01084
69	0.02279	0.01847	0.02012	0.01814	0.02322	0.01937	0.01404	0.08118	0.19253	0.04562	0.18783	0.07324	0.19332	0.02169	0.01287	0.00382	0.00763	0.01827	0.01176	0.01409
70	0.03651	0.03678	0.03377	0.02903	0.03304	0.22273	0.02323	0.08397	0.02865	0.07874	0.02039	0.02534	0.01687	0.01604	0.02274	0.00401	0.25749	0.00935	0.00695	0.01438
71	0.01385	0.01137	0.01220	0.01287	0.01600	0.00973	0.00932	0.01657	0.02546	0.03099	0.10457	0.22830	0.40618	0.03118	0.01402	0.00412	0.00610	0.02665	0.01080	0.00973
72	0.02214	0.01463	0.01834	0.01659	0.02056	0.01422	0.01271	0.03145	0.09968	0.09923	0.39495	0.07548	0.09026	0.02161	0.01323	0.00369	0.00650	0.01888	0.01284	0.01300
73	0.01713	0.01153	0.01340	0.01372	0.01404	0.01153	0.00843	0.01776	0.01808	0.02400	0.03960	0.08263	0.04520	0.52506	0.05409	0.01057	0.01121	0.06706	0.00748	0.00748
74	0.01661	0.01246	0.01869	0.01869	0.02077	0.01454	0.01454	0.02077	0.01869	0.02700	0.03115	0.04569	0.02908	0.08723	0.54517	0.01869	0.03115	0.01246	0.00623	0.01038
75	0.01441	0.01039	0.01325	0.01543	0.01633	0.00967	0.01023	0.01631	0.02210	0.02911	0.06621	0.48796	0.11352	0.09302	0.01932	0.00533	0.00714	0.03061	0.01041	0.00923
76	0.01417	0.01012	0.01350	0.01619	0.01687	0.00945	0.01080	0.01619	0.02227	0.02969	0.06410	0.58367	0.07692	0.03644	0.01484	0.00472	0.00675	0.03306	0.01080	0.00945
77	0.01519	0.01085	0.01467	0.01736	0.01849	0.01033	0.01258	0.01796	0.02328	0.03084	0.06354	0.48230	0.07469	0.03547	0.01512	0.00486	0.00764	0.12432	0.01078	0.00973
78	0.02879	0.02763	0.04721	0.07139	0.51871	0.02763	0.03569	0.03569	0.02648	0.03800	0.02188	0.02879	0.01842	0.01036	0.01151	0.00345	0.01382	0.01036	0.00576	0.01842
79	0.05009	0.02314	0.02906	0.02228	0.03136	0.02206	0.01841	0.16755	0.03889	0.40798	0.04118	0.03653	0.02643	0.01428	0.01168	0.00357	0.01066	0.01138	0.01367	0.01979
80	0.02333	0.06016	0.53100	0.03315	0.05034	0.02701	0.04297	0.03683	0.02455	0.03683	0.02087	0.02455	0.01473	0.01105	0.01105	0.00368	0.01719	0.00859	0.00491	0.01719
81	0.67341	0.02249	0.01709	0.01529	0.02249	0.02609	0.01260	0.03419	0.01979	0.05218	0.01619	0.01889	0.01260	0.01080	0.00720	0.00360	0.00900	0.00630	0.00720	0.01260
82	0.02229	0.02063	0.03436	0.42773	0.13563	0.02434	0.03026	0.02965	0.02486	0.03291	0.07909	0.03730	0.02708	0.01288	0.01186	0.00379	0.01408	0.01161	0.00616	0.01348
83	0.03032	0.02228	0.02601	0.01901	0.02904	0.01864	0.01537	0.09721	0.02959	0.10086	0.02470	0.02650	0.01896	0.01007	0.00941	0.00220	0.00937	0.00797	0.00846	0.49404
84	0.01607	0.01187	0.01501	0.01422	0.01714	0.01081	0.01067	0.02119	0.03200	0.04445	0.45591	0.09047	0.16777	0.02459	0.01372	0.00370	0.00554	0.02154	0.01252	0.01081
85	0.02944	0.02550	0.04415	0.18174	0.32123	0.02628	0.07354	0.03657	0.02650	0.08636	0.02422	0.03067	0.01872	0.01103	0.01176	0.00361	0.01435	0.01080	0.00652	0.01700
86	0.03230	0.54619	0.05855	0.02053	0.03042	0.04510	0.02010	0.07580	0.02649	0.03159	0.01725	0.01951	0.01537	0.01032	0.00785	0.00258	0.01247	0.00661	0.00559	0.01537
87	0.02545	0.02545	0.03562	0.03053	0.03053	0.03562	0.02545	0.02799	0.01781	0.02799	0.01527	0.02545	0.01527	0.02036	0.03817	0.00509	0.56997	0.01018	0.00509	0.01272
88	0.02412	0.02067	0.02412	0.01723	0.02756	0.01550	0.01378	0.02929	0.02412	0.03790	0.02067	0.02412	0.01723	0.00861	0.00861	0.00172	0.00861	0.00689	0.00689	0.66236
89	0.01646	0.01189	0.01555	0.01463	0.01738	0.01097	0.01097	0.02195	0.03292	0.04664	0.51257	0.08688	0.10974	0.02378	0.01372	0.00366	0.00549	0.02103	0.01280	0.01097
90	0.01475	0.01182	0.01318	0.01284	0.01633	0.01025	0.00963	0.01864	0.02889	0.03706	0.26423	0.10264	0.36406	0.02735	0.01374	0.00383	0.00574	0.02324	0.01154	0.01025
91	0.14580	0.02259	0.07688	0.02250	0.02972	0.01878	0.06005	0.03559	0.02724	0.16410	0.09539	0.11158	0.04370	0.01904	0.01221	0.00402	0.01063	0.07556	0.01023	0.01437
92	0.02196	0.02067	0.03488	0.56331	0.08010	0.02584	0.03230	0.02972	0.02326	0.02972	0.02067	0.03101	0.01550	0.01163	0.01163	0.00388	0.01550	0.01034	0.00517	0.01292
93	0.01417	0.01012	0.01350	0.01619	0.01687	0.00945	0.01080	0.01619	0.02227	0.02969	0.06410	0.58367	0.07692	0.03644	0.01484	0.00472	0.00675	0.03306	0.01080	0.00945
94	0.01646	0.01189	0.01555	0.01463	0.01738	0.01097	0.01097	0.02195	0.03292	0.04664	0.51257	0.08688	0.10974	0.02378	0.01372	0.00366	0.00549	0.02103	0.01280	0.01097
95	0.02333	0.06016	0.53100	0.03315	0.05034	0.02701	0.04297	0.03683	0.02455	0.03683	0.02087	0.02455	0.01473	0.01105	0.01105	0.00368	0.01719	0.00859	0.00491	0.01719
96	0.01389	0.01123	0.01235	0.01324	0.01609	0.00970	0.00949	0.01653	0.02511	0.03085	0.10004	0.26810	0.36930	0.03177	0.01411	0.00419	0.00617	0.02737	0.01080	0.00970
97	0.02196	0.02067	0.03488	0.56331	0.08010	0.02584	0.03230	0.02972	0.02326	0.02972	0.02067	0.03101	0.01550	0.01163	0.01163	0.00388	0.01550	0.01034	0.00517	0.01292
98	0.04184	0.02181	0.02658	0.02178	0.02941	0.02172	0.01746	0.11443	0.14081	0.30184	0.04551	0.09475	0.03397	0.01691	0.01204	0.00378	0.00983	0.01405	0.01305	0.01841
99	0.01665	0.01234	0.01807	0.01807	0.01993	0.01420	0.01377	0.02037	0.01851	0.02654	0.03172	0.04883	0.03044	0.13921	0.49505	0.01793	0.02910	0.01292	0.00631	0.01004
