[name]
unknown

[dist]
# distance from previous block
# <min> <max>
0	36

[block]
# block no. 0 follows, 15 sequences, length 146
# corresponding to MSA columns:
# 37-182
name=unknown_A
#
# <colnr> <probs for GDERKNQSTAVLIFYWHMCP>
#	G	D	E	R	K	N	Q	S	T	A	V	L	I	F	Y	W	H	M	C	P
0	0.02068	0.02273	0.08112	0.03334	0.08201	0.01977	0.28570	0.02759	0.02264	0.03146	0.02982	0.08943	0.02786	0.01422	0.01155	0.00353	0.01303	0.11248	0.05890	0.01218
1	0.46693	0.06716	0.02178	0.06633	0.06649	0.02266	0.01461	0.03181	0.01948	0.11695	0.01807	0.02009	0.01344	0.00966	0.00730	0.00302	0.00879	0.00657	0.00665	0.01219
2	0.23420	0.02293	0.02178	0.02288	0.10639	0.12133	0.01529	0.02980	0.02184	0.07615	0.02771	0.07231	0.06594	0.01230	0.00863	0.00284	0.00977	0.00952	0.00672	0.11168
3	0.01696	0.01568	0.06231	0.01615	0.01882	0.01483	0.01310	0.05848	0.01865	0.02586	0.03154	0.04793	0.06520	0.24845	0.24655	0.01016	0.06203	0.01214	0.00603	0.00913
4	0.02298	0.02115	0.03444	0.17402	0.38907	0.02236	0.02702	0.03073	0.06547	0.03213	0.02131	0.02702	0.01716	0.00969	0.00969	0.00302	0.01129	0.00910	0.05805	0.01430
5	0.01430	0.01044	0.01481	0.01481	0.01618	0.01180	0.01095	0.01703	0.01566	0.02225	0.02781	0.04528	0.02758	0.20970	0.47884	0.01453	0.02270	0.01158	0.00550	0.00823
6	0.02162	0.02138	0.03128	0.11570	0.07975	0.02874	0.02340	0.02476	0.01657	0.02493	0.01423	0.02274	0.01334	0.01564	0.02750	0.00409	0.48979	0.00876	0.00442	0.01134
7	0.02353	0.02689	0.05882	0.04202	0.05210	0.02521	0.55126	0.03193	0.02353	0.03193	0.02017	0.02689	0.01513	0.00840	0.01176	0.00336	0.01681	0.01176	0.00504	0.01345
8	0.01428	0.01053	0.01528	0.01528	0.01680	0.01206	0.01153	0.01732	0.01580	0.02259	0.02738	0.04293	0.02656	0.15778	0.52937	0.01510	0.02424	0.01123	0.00544	0.00849
9	0.02327	0.02613	0.05460	0.03965	0.04823	0.02600	0.47223	0.03075	0.02230	0.03075	0.01911	0.02613	0.01482	0.00975	0.01489	0.00351	0.10855	0.01131	0.00494	0.01307
10	0.01358	0.01017	0.01259	0.01198	0.01457	0.00918	0.00899	0.01778	0.02696	0.03699	0.47209	0.07938	0.20604	0.02149	0.01176	0.00319	0.00478	0.01872	0.01058	0.00918
11	0.01411	0.01019	0.01333	0.01254	0.01489	0.00941	0.00941	0.01881	0.02822	0.03998	0.58221	0.07447	0.09406	0.02038	0.01176	0.00314	0.00470	0.01803	0.01097	0.00941
12	0.72007	0.01928	0.01465	0.01311	0.01928	0.02236	0.01080	0.02930	0.01697	0.04473	0.01388	0.01619	0.01080	0.00925	0.00617	0.00308	0.00771	0.00540	0.00617	0.01080
13	0.01883	0.01772	0.02990	0.62569	0.06866	0.02215	0.02769	0.02547	0.01993	0.02547	0.01772	0.02658	0.01329	0.00997	0.00997	0.00332	0.01329	0.00886	0.00443	0.01107
14	0.02157	0.02148	0.03048	0.07387	0.02955	0.02987	0.02228	0.02411	0.01564	0.02411	0.01345	0.02219	0.01310	0.01685	0.03091	0.00428	0.58223	0.00873	0.00437	0.01092
15	0.01468	0.01205	0.01341	0.01427	0.01581	0.05253	0.01004	0.01753	0.02301	0.03055	0.23986	0.39490	0.07207	0.02583	0.01211	0.00362	0.00629	0.02307	0.00957	0.00882
16	0.02067	0.01772	0.02067	0.01477	0.02362	0.01329	0.01181	0.02510	0.02067	0.03248	0.01772	0.02067	0.01477	0.00738	0.00738	0.00148	0.00738	0.00591	0.00591	0.71059
17	0.02558	0.02180	0.02298	0.02045	0.02622	0.02516	0.01597	0.08285	0.53831	0.04296	0.03958	0.03640	0.02963	0.01343	0.01013	0.00336	0.00807	0.01113	0.01013	0.01585
18	0.02614	0.17562	0.33570	0.02346	0.03494	0.02535	0.02708	0.03574	0.06226	0.12912	0.02242	0.02338	0.01608	0.01006	0.00894	0.00294	0.01225	0.00767	0.00608	0.01478
19	0.03514	0.02023	0.03205	0.03429	0.21006	0.01939	0.06295	0.03993	0.02544	0.33272	0.02954	0.02963	0.02033	0.01121	0.01149	0.00314	0.04795	0.00971	0.00887	0.01594
20	0.02320	0.32089	0.22501	0.02174	0.03104	0.03036	0.02371	0.03091	0.05825	0.02789	0.01991	0.02679	0.01734	0.01124	0.01006	0.00290	0.05501	0.04550	0.00503	0.01323
21	0.02991	0.01743	0.02162	0.01591	0.02432	0.01381	0.01290	0.03412	0.02369	0.24819	0.02601	0.02576	0.01857	0.00929	0.00840	0.00209	0.00781	0.00749	0.00838	0.44432
22	0.02598	0.09009	0.29294	0.02523	0.03517	0.17900	0.02655	0.03785	0.13153	0.03108	0.02143	0.02306	0.01622	0.01041	0.00925	0.00297	0.01392	0.00774	0.00563	0.01396
23	0.02067	0.01772	0.02067	0.01477	0.02362	0.01329	0.01181	0.02510	0.02067	0.03248	0.01772	0.02067	0.01477	0.00738	0.00738	0.00148	0.00738	0.00591	0.00591	0.71059
24	0.02526	0.02624	0.11061	0.02581	0.03411	0.02306	0.14088	0.04302	0.28728	0.08417	0.03118	0.03125	0.02296	0.01129	0.01023	0.00320	0.01090	0.01039	0.00806	0.06009
25	0.01338	0.01004	0.01240	0.01207	0.01451	0.00906	0.00895	0.01731	0.02613	0.03562	0.42210	0.12768	0.20919	0.02247	0.01185	0.00327	0.00488	0.01962	0.01042	0.00906
26	0.01431	0.01039	0.01454	0.01454	0.01581	0.01166	0.01061	0.01685	0.01558	0.02204	0.02806	0.04667	0.02818	0.24025	0.44912	0.01419	0.02180	0.01178	0.00554	0.00808
27	0.01883	0.01772	0.02990	0.62569	0.06866	0.02215	0.02769	0.02547	0.01993	0.02547	0.01772	0.02658	0.01329	0.00997	0.00997	0.00332	0.01329	0.00886	0.00443	0.01107
28	0.01606	0.01147	0.01606	0.01836	0.02065	0.01147	0.01606	0.02065	0.02295	0.02983	0.05278	0.11245	0.05737	0.02754	0.01377	0.00459	0.00918	0.52037	0.00918	0.00918
29	0.02467	0.02369	0.04046	0.06119	0.58747	0.02369	0.03059	0.03059	0.02270	0.03257	0.01875	0.02467	0.01579	0.00888	0.00987	0.00296	0.01184	0.00888	0.00493	0.01579
30	0.01275	0.00914	0.01211	0.01347	0.01459	0.00850	0.00930	0.01540	0.02190	0.02992	0.21724	0.46811	0.07459	0.02789	0.01243	0.00377	0.00545	0.02517	0.00978	0.00850
31	0.01732	0.00866	0.01299	0.01299	0.01299	0.00866	0.00866	0.01299	0.01299	0.01732	0.01732	0.03030	0.01732	0.03463	0.03896	0.70996	0.00866	0.00866	0.00433	0.00433
32	0.04371	0.01860	0.02415	0.01851	0.02626	0.01708	0.01529	0.12406	0.03127	0.51503	0.03703	0.03244	0.02352	0.01228	0.01002	0.00307	0.00885	0.00987	0.01199	0.01696
33	0.01911	0.02773	0.20741	0.02331	0.03116	0.01860	0.08682	0.03007	0.12569	0.03183	0.03333	0.20657	0.03207	0.01632	0.01068	0.00336	0.01053	0.01468	0.00705	0.06369
34	0.02665	0.65565	0.05224	0.01706	0.02559	0.03945	0.01706	0.02985	0.02026	0.02345	0.01386	0.01599	0.01279	0.00853	0.00640	0.00213	0.01066	0.00533	0.00426	0.01279
35	0.03047	0.31436	0.03682	0.01783	0.02582	0.02861	0.01593	0.08042	0.09248	0.15013	0.02384	0.02362	0.01807	0.01011	0.00804	0.00248	0.00950	0.00743	0.00737	0.09669
36	0.01655	0.01276	0.01543	0.01431	0.01742	0.01293	0.01086	0.02663	0.15207	0.04037	0.45827	0.06594	0.07950	0.01881	0.01139	0.00319	0.00543	0.01648	0.01078	0.01086
37	0.02099	0.01933	0.03234	0.36983	0.25824	0.02178	0.02726	0.02722	0.02104	0.02898	0.01919	0.02664	0.01512	0.00968	0.00971	0.00311	0.01212	0.00890	0.05582	0.01271
38	0.04473	0.01697	0.02313	0.01774	0.02545	0.01465	0.01465	0.04858	0.02853	0.59437	0.03933	0.03393	0.02468	0.01234	0.01003	0.00308	0.00848	0.01003	0.01234	0.01697
39	0.02340	0.02238	0.03816	0.18442	0.47421	0.02335	0.02996	0.02948	0.02210	0.03102	0.01853	0.02509	0.01524	0.00912	0.00989	0.00304	0.01216	0.00888	0.00482	0.01476
40	0.03790	0.02792	0.02992	0.02294	0.03091	0.03091	0.01895	0.55423	0.04687	0.06283	0.02393	0.02393	0.01695	0.01197	0.00997	0.00299	0.01097	0.00898	0.00997	0.01695
41	0.02467	0.02369	0.04046	0.06119	0.58747	0.02369	0.03059	0.03059	0.02270	0.03257	0.01875	0.02467	0.01579	0.00888	0.00987	0.00296	0.01184	0.00888	0.00493	0.01579
42	0.01450	0.00966	0.01087	0.01087	0.01087	0.00966	0.00604	0.01450	0.01450	0.01933	0.03141	0.06524	0.03624	0.64965	0.05074	0.00966	0.00966	0.01450	0.00604	0.00604
43	0.01732	0.00866	0.01299	0.01299	0.01299	0.00866	0.00866	0.01299	0.01299	0.01732	0.01732	0.03030	0.01732	0.03463	0.03896	0.70996	0.00866	0.00866	0.00433	0.00433
44	0.01424	0.01068	0.01602	0.01602	0.01780	0.01246	0.01246	0.01780	0.01602	0.02314	0.02670	0.03916	0.02492	0.07477	0.61015	0.01602	0.02670	0.01068	0.00534	0.00890
45	0.01450	0.00966	0.01087	0.01087	0.01087	0.00966	0.00604	0.01450	0.01450	0.01933	0.03141	0.06524	0.03624	0.64965	0.05074	0.00966	0.00966	0.01450	0.00604	0.00604
46	0.01302	0.00930	0.01257	0.01488	0.01584	0.00885	0.01077	0.01539	0.01995	0.02643	0.05446	0.52467	0.06402	0.03041	0.01296	0.00417	0.00654	0.13819	0.00924	0.00834
47	0.02900	0.02138	0.02908	0.32986	0.04951	0.02445	0.02288	0.22265	0.03089	0.10871	0.02264	0.02650	0.01603	0.01099	0.00998	0.00317	0.01185	0.00904	0.00743	0.01396
48	0.02252	0.02149	0.03658	0.26868	0.39677	0.02312	0.02953	0.02871	0.02168	0.02996	0.01837	0.02537	0.01487	0.00928	0.00991	0.00309	0.01237	0.00887	0.00475	0.01406
49	0.01215	0.00868	0.01157	0.01388	0.01446	0.00810	0.00925	0.01388	0.01909	0.02545	0.05495	0.64315	0.06593	0.03123	0.01272	0.00405	0.00578	0.02834	0.00925	0.00810
50	0.02051	0.01944	0.03294	0.46311	0.21808	0.02259	0.02852	0.02695	0.02073	0.02751	0.01802	0.02603	0.01401	0.00965	0.00994	0.00322	0.01287	0.00887	0.00458	0.01243
51	0.02287	0.02185	0.03721	0.23494	0.42778	0.02321	0.02970	0.02902	0.02185	0.03038	0.01843	0.02526	0.01502	0.00922	0.00990	0.00307	0.01229	0.00888	0.00478	0.01434
52	0.01411	0.01019	0.01333	0.01254	0.01489	0.00941	0.00941	0.01881	0.02822	0.03998	0.58221	0.07447	0.09406	0.02038	0.01176	0.00314	0.00470	0.01803	0.01097	0.00941
53	0.02467	0.02369	0.04046	0.06119	0.58747	0.02369	0.03059	0.03059	0.02270	0.03257	0.01875	0.02467	0.01579	0.00888	0.00987	0.00296	0.01184	0.00888	0.00493	0.01579
54	0.02467	0.02369	0.04046	0.06119	0.58747	0.02369	0.03059	0.03059	0.02270	0.03257	0.01875	0.02467	0.01579	0.00888	0.00987	0.00296	0.01184	0.00888	0.00493	0.01579
55	0.04473	0.01697	0.02313	0.01774	0.02545	0.01465	0.01465	0.04858	0.02853	0.59437	0.03933	0.03393	0.02468	0.01234	0.01003	0.00308	0.00848	0.01003	0.01234	0.01697
56	0.03724	0.04751	0.02825	0.02568	0.03082	0.60963	0.01926	0.03981	0.02825	0.02440	0.01541	0.01798	0.01284	0.01027	0.00899	0.00257	0.01798	0.00642	0.00514	0.01156
57	0.72007	0.01928	0.01465	0.01311	0.01928	0.02236	0.01080	0.02930	0.01697	0.04473	0.01388	0.01619	0.01080	0.00925	0.00617	0.00308	0.00771	0.00540	0.00617	0.01080
58	0.02353	0.02689	0.05882	0.04202	0.05210	0.02521	0.55126	0.03193	0.02353	0.03193	0.02017	0.02689	0.01513	0.00840	0.01176	0.00336	0.01681	0.01176	0.00504	0.01345
59	0.01229	0.01012	0.01080	0.01063	0.01378	0.00863	0.00797	0.01529	0.02392	0.02976	0.20548	0.09128	0.47716	0.02419	0.01178	0.00332	0.00497	0.02039	0.00963	0.00863
60	0.01241	0.00957	0.01134	0.01206	0.01415	0.00850	0.00860	0.01509	0.02248	0.02910	0.18422	0.30134	0.28233	0.02652	0.01214	0.00358	0.00526	0.02321	0.00962	0.00850
61	0.04391	0.01828	0.02395	0.01836	0.02610	0.01660	0.01517	0.10930	0.03074	0.53054	0.03748	0.03273	0.02375	0.01229	0.01002	0.00307	0.00878	0.00990	0.01205	0.01696
62	0.01832	0.01003	0.01109	0.01060	0.01337	0.00953	0.00803	0.02268	0.02319	0.06909	0.16308	0.05215	0.10607	0.01520	0.00877	0.00267	0.00493	0.01265	0.42889	0.00966
63	0.03724	0.04751	0.02825	0.02568	0.03082	0.60963	0.01926	0.03981	0.02825	0.02440	0.01541	0.01798	0.01284	0.01027	0.00899	0.00257	0.01798	0.00642	0.00514	0.01156
64	0.01999	0.05157	0.59800	0.02841	0.04315	0.02315	0.03683	0.03157	0.02105	0.03157	0.01789	0.02105	0.01263	0.00947	0.00947	0.00316	0.01473	0.00737	0.00421	0.01473
65	0.01178	0.01010	0.01010	0.01010	0.01347	0.00842	0.00757	0.01431	0.02272	0.02693	0.10099	0.09594	0.58342	0.02525	0.01178	0.00337	0.00505	0.02104	0.00926	0.00842
66	0.01446	0.00971	0.01108	0.01101	0.01121	0.00964	0.00632	0.01486	0.01566	0.02107	0.07796	0.06602	0.04113	0.59647	0.04745	0.00911	0.00925	0.01480	0.00646	0.00632
67	0.01999	0.05157	0.59800	0.02841	0.04315	0.02315	0.03683	0.03157	0.02105	0.03157	0.01789	0.02105	0.01263	0.00947	0.00947	0.00316	0.01473	0.00737	0.00421	0.01473
68	0.02254	0.02674	0.15639	0.29376	0.20635	0.02228	0.02959	0.02986	0.02156	0.06850	0.01956	0.02535	0.01464	0.00972	0.00984	0.00317	0.01286	0.00862	0.00508	0.01361
69	0.02600	0.25788	0.04179	0.12499	0.23834	0.09792	0.02386	0.03064	0.02204	0.02720	0.01641	0.02098	0.01397	0.00908	0.00850	0.00266	0.01234	0.00728	0.00464	0.01349
70	0.02104	0.06813	0.02248	0.01579	0.02296	0.01723	0.01271	0.03044	0.13801	0.03484	0.10652	0.03183	0.02976	0.01072	0.00854	0.00218	0.00735	0.00881	0.00743	0.40324
71	0.02480	0.02141	0.02254	0.02029	0.02592	0.02480	0.01578	0.05297	0.56946	0.04170	0.04057	0.03719	0.03043	0.01352	0.01014	0.00338	0.00789	0.01127	0.01014	0.01578
72	0.02168	0.01823	0.01984	0.01851	0.02298	0.02057	0.01410	0.04324	0.42731	0.03871	0.08887	0.14649	0.04203	0.01721	0.01073	0.00348	0.00725	0.01483	0.01006	0.01389
73	0.01884	0.01135	0.01416	0.01278	0.01635	0.01005	0.00982	0.02280	0.02677	0.13352	0.35554	0.07324	0.21571	0.02030	0.01146	0.00319	0.00546	0.01745	0.01074	0.01046
74	0.02467	0.02369	0.04046	0.06119	0.58747	0.02369	0.03059	0.03059	0.02270	0.03257	0.01875	0.02467	0.01579	0.00888	0.00987	0.00296	0.01184	0.00888	0.00493	0.01579
75	0.03724	0.04751	0.02825	0.02568	0.03082	0.60963	0.01926	0.03981	0.02825	0.02440	0.01541	0.01798	0.01284	0.01027	0.00899	0.00257	0.01798	0.00642	0.00514	0.01156
76	0.01438	0.01013	0.01322	0.01322	0.01404	0.01094	0.00897	0.01601	0.01519	0.02107	0.02926	0.05334	0.03108	0.38726	0.30607	0.01257	0.01744	0.01276	0.00572	0.00735
77	0.72007	0.01928	0.01465	0.01311	0.01928	0.02236	0.01080	0.02930	0.01697	0.04473	0.01388	0.01619	0.01080	0.00925	0.00617	0.00308	0.00771	0.00540	0.00617	0.01080
78	0.01255	0.01013	0.01116	0.01090	0.01394	0.00874	0.00818	0.01579	0.02453	0.03123	0.25956	0.08886	0.42217	0.02364	0.01177	0.00329	0.00494	0.02005	0.00982	0.00874
79	0.01732	0.00866	0.01299	0.01299	0.01299	0.00866	0.00866	0.01299	0.01299	0.01732	0.01732	0.03030	0.01732	0.03463	0.03896	0.70996	0.00866	0.00866	0.00433	0.00433
80	0.01325	0.01016	0.01214	0.01164	0.01437	0.00904	0.00873	0.01716	0.02620	0.03518	0.40533	0.08236	0.27393	0.02217	0.01177	0.00322	0.00483	0.01914	0.01034	0.00904
81	0.01883	0.01772	0.02990	0.62569	0.06866	0.02215	0.02769	0.02547	0.01993	0.02547	0.01772	0.02658	0.01329	0.00997	0.00997	0.00332	0.01329	0.00886	0.00443	0.01107
82	0.01424	0.01068	0.01602	0.01602	0.01780	0.01246	0.01246	0.01780	0.01602	0.02314	0.02670	0.03916	0.02492	0.07477	0.61015	0.01602	0.02670	0.01068	0.00534	0.00890
83	0.02372	0.02607	0.05341	0.03878	0.04820	0.02515	0.47141	0.03507	0.10494	0.03339	0.02321	0.02843	0.01741	0.00917	0.01152	0.00336	0.01548	0.01169	0.00580	0.01379
84	0.03790	0.02792	0.02992	0.02294	0.03091	0.03091	0.01895	0.55423	0.04687	0.06283	0.02393	0.02393	0.01695	0.01197	0.00997	0.00299	0.01097	0.00898	0.00997	0.01695
85	0.01883	0.01772	0.02990	0.62569	0.06866	0.02215	0.02769	0.02547	0.01993	0.02547	0.01772	0.02658	0.01329	0.00997	0.00997	0.00332	0.01329	0.00886	0.00443	0.01107
86	0.02395	0.02052	0.02181	0.01967	0.02505	0.02357	0.01527	0.05026	0.52640	0.04156	0.08366	0.04016	0.03549	0.01407	0.01027	0.00336	0.00764	0.01181	0.01021	0.01527
87	0.72007	0.01928	0.01465	0.01311	0.01928	0.02236	0.01080	0.02930	0.01697	0.04473	0.01388	0.01619	0.01080	0.00925	0.00617	0.00308	0.00771	0.00540	0.00617	0.01080
88	0.01429	0.01016	0.01331	0.01305	0.01438	0.01047	0.00918	0.01695	0.01943	0.02724	0.20853	0.05993	0.05139	0.26259	0.21617	0.00957	0.01348	0.01443	0.00742	0.00804
89	0.02181	0.02181	0.03053	0.02617	0.02617	0.03053	0.02181	0.02399	0.01527	0.02399	0.01309	0.02181	0.01309	0.01745	0.03272	0.00436	0.63141	0.00872	0.00436	0.01091
90	0.03724	0.04751	0.02825	0.02568	0.03082	0.60963	0.01926	0.03981	0.02825	0.02440	0.01541	0.01798	0.01284	0.01027	0.00899	0.00257	0.01798	0.00642	0.00514	0.01156
91	0.02901	0.01566	0.02043	0.01878	0.02374	0.01527	0.01598	0.10435	0.02820	0.22975	0.04413	0.07300	0.04045	0.02012	0.01195	0.00385	0.00919	0.27283	0.01038	0.01295
92	0.01426	0.01062	0.01569	0.01569	0.01735	0.01228	0.01205	0.01759	0.01592	0.02290	0.02701	0.04085	0.02565	0.11191	0.57401	0.01561	0.02560	0.01093	0.00539	0.00872
93	0.02467	0.02369	0.04046	0.06119	0.58747	0.02369	0.03059	0.03059	0.02270	0.03257	0.01875	0.02467	0.01579	0.00888	0.00987	0.00296	0.01184	0.00888	0.00493	0.01579
94	0.01999	0.05157	0.59800	0.02841	0.04315	0.02315	0.03683	0.03157	0.02105	0.03157	0.01789	0.02105	0.01263	0.00947	0.00947	0.00316	0.01473	0.00737	0.00421	0.01473
95	0.01426	0.01060	0.01559	0.01559	0.01722	0.01222	0.01192	0.01752	0.01589	0.02282	0.02710	0.04137	0.02588	0.12335	0.56287	0.01548	0.02526	0.01100	0.00540	0.00866
96	0.01883	0.01772	0.02990	0.62569	0.06866	0.02215	0.02769	0.02547	0.01993	0.02547	0.01772	0.02658	0.01329	0.00997	0.00997	0.00332	0.01329	0.00886	0.00443	0.01107
97	0.02421	0.43361	0.25284	0.02123	0.03204	0.03346	0.02433	0.03048	0.02055	0.02644	0.01534	0.01785	0.01273	0.00888	0.00753	0.00251	0.01216	0.00608	0.00424	0.01351
98	0.02047	0.01704	0.01872	0.01709	0.02153	0.01874	0.01316	0.03935	0.35849	0.04007	0.21576	0.05328	0.09132	0.01655	0.01077	0.00330	0.00668	0.01412	0.01034	0.01323
99	0.02675	0.02239	0.02364	0.02068	0.02667	0.02571	0.01625	0.12780	0.49145	0.04486	0.03809	0.03521	0.02842	0.01329	0.01012	0.00332	0.00835	0.01093	0.01012	0.01595
100	0.01359	0.00970	0.01322	0.01553	0.01674	0.00934	0.01176	0.01637	0.02051	0.02706	0.05415	0.44808	0.06279	0.02987	0.01311	0.00425	0.00703	0.20919	0.00923	0.00850
101	0.03724	0.04751	0.02825	0.02568	0.03082	0.60963	0.01926	0.03981	0.02825	0.02440	0.01541	0.01798	0.01284	0.01027	0.00899	0.00257	0.01798	0.00642	0.00514	0.01156
102	0.46746	0.01990	0.02155	0.02429	0.14420	0.02150	0.01569	0.03246	0.01994	0.12415	0.01874	0.02069	0.01396	0.00963	0.00755	0.00306	0.00873	0.00685	0.00682	0.01281
103	0.04394	0.01822	0.02391	0.01833	0.02607	0.01652	0.01514	0.10654	0.03063	0.53344	0.03756	0.03279	0.02379	0.01230	0.01002	0.00307	0.00877	0.00990	0.01207	0.01696
104	0.01394	0.01018	0.01309	0.01236	0.01479	0.00933	0.00927	0.01848	0.02782	0.03902	0.54704	0.07604	0.12983	0.02074	0.01176	0.00315	0.00473	0.01825	0.01085	0.00933
105	0.07865	0.26447	0.20685	0.02140	0.03145	0.03016	0.02277	0.13716	0.02610	0.06850	0.01858	0.02016	0.01413	0.00978	0.00823	0.00274	0.01160	0.00695	0.00601	0.01431
106	0.03132	0.02324	0.04571	0.03309	0.04230	0.02133	0.35402	0.03805	0.02537	0.23867	0.02721	0.02948	0.01864	0.00985	0.01113	0.00326	0.01375	0.01113	0.00772	0.01474
107	0.01416	0.01012	0.01388	0.01619	0.01765	0.00983	0.01276	0.01737	0.02107	0.02770	0.05383	0.37007	0.06153	0.02933	0.01326	0.00433	0.00753	0.28152	0.00922	0.00865
108	0.01424	0.01068	0.01602	0.01602	0.01780	0.01246	0.01246	0.01780	0.01602	0.02314	0.02670	0.03916	0.02492	0.07477	0.61015	0.01602	0.02670	0.01068	0.00534	0.00890
109	0.07473	0.03309	0.20555	0.03265	0.04325	0.02486	0.27601	0.07745	0.06774	0.03615	0.02099	0.02500	0.01546	0.00948	0.01041	0.00325	0.01434	0.00976	0.00571	0.01410
110	0.01999	0.05157	0.59800	0.02841	0.04315	0.02315	0.03683	0.03157	0.02105	0.03157	0.01789	0.02105	0.01263	0.00947	0.00947	0.00316	0.01473	0.00737	0.00421	0.01473
111	0.01606	0.01147	0.01606	0.01836	0.02065	0.01147	0.01606	0.02065	0.02295	0.02983	0.05278	0.11245	0.05737	0.02754	0.01377	0.00459	0.00918	0.52037	0.00918	0.00918
112	0.20772	0.01752	0.02109	0.01662	0.02396	0.01651	0.01372	0.04393	0.02574	0.46172	0.03319	0.02965	0.02133	0.01159	0.00909	0.00308	0.00830	0.00891	0.01085	0.01548
113	0.09555	0.02719	0.02863	0.02211	0.02993	0.03019	0.01826	0.50986	0.04434	0.06130	0.02308	0.02328	0.01643	0.01174	0.00965	0.00300	0.01069	0.00867	0.00965	0.01643
114	0.01883	0.01772	0.02990	0.62569	0.06866	0.02215	0.02769	0.02547	0.01993	0.02547	0.01772	0.02658	0.01329	0.00997	0.00997	0.00332	0.01329	0.00886	0.00443	0.01107
115	0.02181	0.02181	0.03053	0.02617	0.02617	0.03053	0.02181	0.02399	0.01527	0.02399	0.01309	0.02181	0.01309	0.01745	0.03272	0.00436	0.63141	0.00872	0.00436	0.01091
116	0.01883	0.01772	0.02990	0.62569	0.06866	0.02215	0.02769	0.02547	0.01993	0.02547	0.01772	0.02658	0.01329	0.00997	0.00997	0.00332	0.01329	0.00886	0.00443	0.01107
117	0.01411	0.01019	0.01333	0.01254	0.01489	0.00941	0.00941	0.01881	0.02822	0.03998	0.58221	0.07447	0.09406	0.02038	0.01176	0.00314	0.00470	0.01803	0.01097	0.00941
118	0.01883	0.01772	0.02990	0.62569	0.06866	0.02215	0.02769	0.02547	0.01993	0.02547	0.01772	0.02658	0.01329	0.00997	0.00997	0.00332	0.01329	0.00886	0.00443	0.01107
119	0.03229	0.02023	0.02432	0.01911	0.02557	0.02067	0.01551	0.20513	0.03034	0.19617	0.02685	0.02953	0.02012	0.05429	0.05775	0.00422	0.06316	0.00916	0.00887	0.13671
120	0.02874	0.02277	0.02574	0.01946	0.02720	0.02282	0.01591	0.27001	0.03237	0.04586	0.02023	0.02227	0.01564	0.01031	0.01060	0.00241	0.05869	0.00755	0.00767	0.33376
121	0.02829	0.01552	0.01949	0.01587	0.02095	0.01540	0.04836	0.12264	0.02738	0.16872	0.03172	0.03340	0.02313	0.01162	0.00852	0.00269	0.00747	0.00957	0.37658	0.01267
122	0.01236	0.00945	0.01140	0.01268	0.01448	0.00849	0.00905	0.01473	0.02118	0.02711	0.10304	0.37836	0.25622	0.02818	0.01238	0.00378	0.00565	0.05376	0.00935	0.00835
123	0.02353	0.02689	0.05882	0.04202	0.05210	0.02521	0.55126	0.03193	0.02353	0.03193	0.02017	0.02689	0.01513	0.00840	0.01176	0.00336	0.01681	0.01176	0.00504	0.01345
124	0.01195	0.01011	0.01033	0.01028	0.01357	0.00849	0.00771	0.01464	0.02312	0.02788	0.13616	0.09437	0.54766	0.02489	0.01178	0.00335	0.00502	0.02082	0.00938	0.00849
125	0.01178	0.01010	0.01010	0.01010	0.01347	0.00842	0.00757	0.01431	0.02272	0.02693	0.10099	0.09594	0.58342	0.02525	0.01178	0.00337	0.00505	0.02104	0.00926	0.00842
126	0.02467	0.02369	0.04046	0.06119	0.58747	0.02369	0.03059	0.03059	0.02270	0.03257	0.01875	0.02467	0.01579	0.00888	0.00987	0.00296	0.01184	0.00888	0.00493	0.01579
127	0.02001	0.01726	0.01797	0.01654	0.02134	0.01877	0.01276	0.03876	0.36850	0.03627	0.06278	0.05879	0.23369	0.01783	0.01075	0.00338	0.00685	0.01486	0.00982	0.01307
128	0.04280	0.01640	0.02211	0.01711	0.02443	0.01426	0.01408	0.04671	0.02797	0.55323	0.03883	0.03417	0.02474	0.01229	0.00980	0.00303	0.00820	0.00997	0.06348	0.01640
129	0.02315	0.03136	0.20221	0.02599	0.03505	0.02436	0.10209	0.04335	0.32190	0.03718	0.03066	0.03077	0.02276	0.01153	0.01018	0.00331	0.01129	0.01016	0.00759	0.01511
130	0.01349	0.01017	0.01247	0.01189	0.01451	0.00914	0.00892	0.01761	0.02676	0.03650	0.45405	0.08018	0.22438	0.02168	0.01176	0.00320	0.00480	0.01883	0.01052	0.00914
131	0.03083	0.13076	0.02907	0.02026	0.06171	0.02151	0.01575	0.07306	0.08920	0.20186	0.02667	0.02623	0.01943	0.01020	0.00866	0.00250	0.00888	0.00807	0.00825	0.20710
132	0.03359	0.20224	0.03068	0.01787	0.02458	0.06874	0.01533	0.03710	0.02393	0.28454	0.02788	0.02841	0.02036	0.02201	0.11402	0.00504	0.01306	0.00850	0.00821	0.01392
133	0.03264	0.02780	0.16050	0.02542	0.06964	0.02220	0.02276	0.10612	0.02649	0.25361	0.02626	0.02683	0.01819	0.01227	0.01385	0.00330	0.11962	0.00896	0.00822	0.01530
134	0.02931	0.25294	0.03778	0.02124	0.02838	0.06784	0.07871	0.12284	0.02678	0.10742	0.02572	0.11076	0.02297	0.01298	0.00922	0.00286	0.01095	0.01071	0.00720	0.01340
135	0.01732	0.01119	0.01274	0.01211	0.01486	0.01125	0.00915	0.02489	0.09165	0.03899	0.28201	0.05403	0.05712	0.01581	0.00952	0.00282	0.00507	0.01348	0.30582	0.01014
136	0.02340	0.02238	0.03816	0.18442	0.47421	0.02335	0.02996	0.02948	0.02210	0.03102	0.01853	0.02509	0.01524	0.00912	0.00989	0.00304	0.01216	0.00888	0.00482	0.01476
137	0.01883	0.01772	0.02990	0.62569	0.06866	0.02215	0.02769	0.02547	0.01993	0.02547	0.01772	0.02658	0.01329	0.00997	0.00997	0.00332	0.01329	0.00886	0.00443	0.01107
138	0.03281	0.11952	0.15219	0.01941	0.02856	0.01979	0.01931	0.03835	0.02498	0.30647	0.06068	0.02968	0.02348	0.01119	0.00924	0.00283	0.00986	0.00886	0.00874	0.07404
139	0.09500	0.04030	0.02835	0.02468	0.03050	0.45489	0.05021	0.03947	0.02704	0.09337	0.01837	0.02024	0.01419	0.01032	0.00904	0.00272	0.01593	0.00708	0.00606	0.01224
140	0.02229	0.01907	0.02023	0.01838	0.02346	0.02148	0.01423	0.04533	0.45650	0.03974	0.09378	0.04757	0.10379	0.01555	0.01048	0.00336	0.00727	0.01304	0.01010	0.01434
141	0.02035	0.01982	0.03476	0.16994	0.25203	0.02020	0.11699	0.02606	0.02198	0.02954	0.03370	0.08132	0.10352	0.01311	0.01072	0.00325	0.01158	0.01262	0.00580	0.01268
142	0.02353	0.02689	0.05882	0.04202	0.05210	0.02521	0.55126	0.03193	0.02353	0.03193	0.02017	0.02689	0.01513	0.00840	0.01176	0.00336	0.01681	0.01176	0.00504	0.01345
143	0.01422	0.00955	0.01095	0.01123	0.01129	0.00948	0.00642	0.01442	0.01503	0.02005	0.03417	0.13296	0.03972	0.57718	0.04628	0.00901	0.00921	0.01612	0.00642	0.00628
144	0.01684	0.01519	0.02073	0.01962	0.02011	0.01908	0.01527	0.01885	0.01747	0.02484	0.03772	0.30153	0.07623	0.02408	0.02242	0.00415	0.31127	0.01825	0.00687	0.00949
145	0.13543	0.26235	0.03668	0.02032	0.02784	0.13138	0.05359	0.07876	0.02487	0.11551	0.01921	0.02047	0.01478	0.00979	0.00803	0.00265	0.01163	0.00699	0.00644	0.01330

[dist]
# distance from previous block
# <min> <max>
0	2

[block]
# block no. 1 follows, 15 sequences, length 33
# corresponding to MSA columns:
# 185-217
name=unknown_B
#
# <colnr> <probs for GDERKNQSTAVLIFYWHMCP>
#	G	D	E	R	K	N	Q	S	T	A	V	L	I	F	Y	W	H	M	C	P
0	0.03024	0.13028	0.24548	0.02353	0.03410	0.02751	0.02489	0.22365	0.03116	0.10357	0.02184	0.02275	0.01555	0.01055	0.00925	0.00293	0.01206	0.00794	0.00721	0.01549
1	0.02546	0.16542	0.03988	0.04338	0.35713	0.06455	0.02455	0.03037	0.02227	0.02999	0.01732	0.02181	0.01480	0.00871	0.00874	0.00257	0.01144	0.00757	0.00492	0.09912
2	0.01227	0.00989	0.01093	0.01115	0.01389	0.00855	0.00818	0.01507	0.02316	0.02911	0.18261	0.17917	0.41049	0.02530	0.01193	0.00343	0.00510	0.02165	0.00957	0.00855
3	0.03136	0.02560	0.03454	0.10061	0.18592	0.02766	0.05592	0.32317	0.03597	0.04868	0.02163	0.02461	0.01613	0.01070	0.01005	0.00304	0.01182	0.00911	0.00771	0.01578
4	0.01450	0.00966	0.01087	0.01087	0.01087	0.00966	0.00604	0.01450	0.01450	0.01933	0.03141	0.06524	0.03624	0.64965	0.05074	0.00966	0.00966	0.01450	0.00604	0.00604
5	0.02067	0.01772	0.02067	0.01477	0.02362	0.01329	0.01181	0.02510	0.02067	0.03248	0.01772	0.02067	0.01477	0.00738	0.00738	0.00148	0.00738	0.00591	0.00591	0.71059
6	0.01394	0.01114	0.01607	0.01495	0.01763	0.01018	0.05418	0.01775	0.02432	0.03298	0.30456	0.23407	0.16357	0.02327	0.01203	0.00345	0.00607	0.02092	0.00970	0.00920
7	0.02223	0.01730	0.01940	0.01748	0.02210	0.01893	0.01352	0.04097	0.35292	0.07199	0.22695	0.04984	0.05201	0.01582	0.01069	0.00328	0.00683	0.01353	0.01055	0.01365
8	0.02338	0.02443	0.02903	0.25688	0.04359	0.13675	0.05024	0.02979	0.06834	0.02623	0.01963	0.02815	0.01667	0.06500	0.01774	0.00392	0.13458	0.00920	0.00522	0.01125
9	0.02425	0.02400	0.03732	0.18249	0.43589	0.06321	0.02919	0.03010	0.02247	0.03046	0.01830	0.02464	0.01504	0.00921	0.00983	0.00301	0.01258	0.00871	0.00484	0.01447
10	0.01635	0.01094	0.01422	0.01453	0.01678	0.01048	0.01084	0.02136	0.05865	0.07125	0.25544	0.28654	0.07075	0.02425	0.01212	0.00365	0.00606	0.07583	0.01017	0.00981
11	0.02085	0.01299	0.01612	0.01544	0.01877	0.01262	0.01172	0.05993	0.07265	0.12506	0.14328	0.26865	0.10019	0.02271	0.01171	0.00359	0.00675	0.05567	0.01017	0.01113
12	0.01883	0.01772	0.02990	0.62569	0.06866	0.02215	0.02769	0.02547	0.01993	0.02547	0.01772	0.02658	0.01329	0.00997	0.00997	0.00332	0.01329	0.00886	0.00443	0.01107
13	0.02106	0.01913	0.02407	0.01869	0.02450	0.01923	0.01525	0.02472	0.01881	0.02956	0.01612	0.02106	0.01419	0.01085	0.01610	0.00247	0.22219	0.00688	0.00537	0.46974
14	0.03164	0.14150	0.03180	0.01987	0.02816	0.02822	0.01687	0.32889	0.03559	0.04819	0.02056	0.02167	0.01565	0.01022	0.00868	0.00247	0.01004	0.00756	0.00793	0.18450
15	0.03632	0.06544	0.03288	0.02396	0.03191	0.06919	0.05174	0.45775	0.04266	0.05611	0.02256	0.02327	0.01633	0.01144	0.00981	0.00294	0.01177	0.00877	0.00902	0.01614
16	0.02297	0.02014	0.03218	0.24694	0.27186	0.02074	0.02524	0.02876	0.02167	0.06031	0.01931	0.02509	0.01521	0.00917	0.00945	0.00282	0.01134	0.00838	0.00534	0.14308
17	0.02752	0.02378	0.09811	0.05928	0.08777	0.02109	0.01997	0.13222	0.13182	0.13019	0.12717	0.03688	0.03356	0.01306	0.01026	0.00314	0.00958	0.01096	0.00898	0.01465
18	0.01953	0.01665	0.02499	0.02083	0.02403	0.01794	0.11133	0.06894	0.05961	0.02849	0.02880	0.09318	0.02899	0.24895	0.08997	0.00707	0.08072	0.01340	0.00651	0.01007
19	0.02301	0.02198	0.03745	0.22223	0.43946	0.02325	0.02976	0.02913	0.02191	0.03054	0.01846	0.02522	0.01508	0.00919	0.00990	0.00306	0.01226	0.00888	0.00479	0.01445
20	0.02623	0.02213	0.02335	0.02058	0.02647	0.02547	0.01613	0.10804	0.51205	0.04402	0.03875	0.03574	0.02895	0.01335	0.01012	0.00334	0.00823	0.01102	0.01012	0.01591
21	0.01818	0.01503	0.01661	0.01636	0.01982	0.01618	0.01213	0.03276	0.28455	0.03351	0.05537	0.26431	0.13131	0.02176	0.01133	0.00362	0.00668	0.01896	0.00968	0.01185
22	0.01424	0.00977	0.01116	0.01116	0.01157	0.00975	0.00661	0.01471	0.01532	0.02025	0.03716	0.06614	0.08323	0.55604	0.08540	0.00955	0.01042	0.01481	0.00627	0.00644
23	0.02455	0.02404	0.04248	0.05908	0.52865	0.02385	0.08779	0.03074	0.02279	0.03250	0.01891	0.02492	0.01572	0.00883	0.01008	0.00300	0.01239	0.00920	0.00495	0.01553
24	0.03225	0.08497	0.02388	0.01707	0.02283	0.01662	0.01416	0.03593	0.02332	0.33502	0.03218	0.03376	0.02346	0.03341	0.21621	0.00743	0.01499	0.00974	0.00904	0.01373
25	0.02460	0.02389	0.03271	0.10454	0.26194	0.08737	0.05682	0.06568	0.07106	0.03474	0.10802	0.03300	0.02860	0.01150	0.01023	0.00305	0.01151	0.01041	0.00661	0.01374
26	0.01883	0.01772	0.02990	0.62569	0.06866	0.02215	0.02769	0.02547	0.01993	0.02547	0.01772	0.02658	0.01329	0.00997	0.00997	0.00332	0.01329	0.00886	0.00443	0.01107
27	0.02067	0.01772	0.02067	0.01477	0.02362	0.01329	0.01181	0.02510	0.02067	0.03248	0.01772	0.02067	0.01477	0.00738	0.00738	0.00148	0.00738	0.00591	0.00591	0.71059
28	0.03729	0.04588	0.02839	0.02545	0.03083	0.56143	0.01924	0.08266	0.02980	0.02760	0.01612	0.01847	0.01318	0.01041	0.00907	0.00260	0.01739	0.00663	0.00554	0.01201
29	0.01679	0.01278	0.01594	0.01469	0.01651	0.01409	0.01102	0.02217	0.06790	0.03345	0.28418	0.05717	0.05764	0.13471	0.02164	0.00447	0.10575	0.01437	0.08518	0.00954
30	0.03902	0.01721	0.02239	0.01754	0.02443	0.01579	0.01434	0.10517	0.03071	0.44155	0.12397	0.03918	0.03480	0.01357	0.01029	0.00308	0.00818	0.01117	0.01183	0.01576
31	0.01972	0.01316	0.01638	0.01661	0.02008	0.01305	0.01355	0.02728	0.11023	0.09918	0.05800	0.14954	0.14336	0.02348	0.01226	0.00393	0.00776	0.23177	0.00974	0.01091
32	0.01428	0.01024	0.01287	0.01307	0.01367	0.01065	0.00864	0.01572	0.01738	0.02383	0.10203	0.19025	0.04751	0.34323	0.09468	0.00801	0.04198	0.01732	0.00720	0.00745

[dist]
# distance from previous block
# <min> <max>
0	0

# created by:
# /st0/software/busco_prod/Augustus/scripts/msa2prfl.pl ./align_prep/6710.fa
