[name]
unknown

[dist]
# distance from previous block
# <min> <max>
0	78

[block]
# block no. 0 follows, 14 sequences, length 6
# corresponding to MSA columns:
# 96-101
name=unknown_A
#
# <colnr> <probs for GDERKNQSTAVLIFYWHMCP>
#	G	D	E	R	K	N	Q	S	T	A	V	L	I	F	Y	W	H	M	C	P
0	0.16499	0.01619	0.02282	0.02398	0.07157	0.01668	0.06937	0.02519	0.02236	0.03441	0.03949	0.07820	0.04088	0.02074	0.01197	0.00413	0.01016	0.30805	0.00799	0.01083
1	0.02763	0.06814	0.09291	0.03406	0.15820	0.08371	0.10459	0.06504	0.02532	0.07151	0.02033	0.02383	0.01578	0.00937	0.00958	0.00273	0.01263	0.00840	0.00606	0.16019
2	0.02030	0.01597	0.01738	0.01607	0.02021	0.01648	0.01223	0.13295	0.12284	0.03785	0.06385	0.21036	0.22771	0.02254	0.01168	0.00357	0.00720	0.01918	0.00985	0.01179
3	0.01250	0.00893	0.01191	0.01429	0.01488	0.00834	0.00953	0.01429	0.01965	0.02620	0.05656	0.63265	0.06787	0.03215	0.01310	0.00417	0.00595	0.02917	0.00953	0.00834
4	0.02503	0.02046	0.02329	0.01698	0.02591	0.01751	0.01371	0.13472	0.02698	0.04004	0.01959	0.02199	0.01568	0.00860	0.00816	0.00185	0.00838	0.00675	0.00696	0.55741
5	0.02245	0.02245	0.03143	0.02694	0.02694	0.03143	0.02245	0.02470	0.01572	0.02470	0.01347	0.02245	0.01347	0.01796	0.03368	0.00449	0.62057	0.00898	0.00449	0.01123

[dist]
# distance from previous block
# <min> <max>
0	36

[block]
# block no. 1 follows, 14 sequences, length 65
# corresponding to MSA columns:
# 138-202
name=unknown_B
#
# <colnr> <probs for GDERKNQSTAVLIFYWHMCP>
#	G	D	E	R	K	N	Q	S	T	A	V	L	I	F	Y	W	H	M	C	P
0	0.01923	0.01735	0.02911	0.55708	0.06519	0.02147	0.02662	0.02499	0.01983	0.02542	0.01820	0.02773	0.01408	0.01269	0.01312	0.07029	0.01322	0.00910	0.00455	0.01073
1	0.01471	0.01081	0.01553	0.01553	0.01703	0.01230	0.01163	0.01771	0.01621	0.02311	0.02837	0.04519	0.02777	0.17911	0.49943	0.01530	0.02430	0.01171	0.00563	0.00863
2	0.02128	0.01824	0.02128	0.01520	0.02432	0.01368	0.01216	0.02584	0.02128	0.03344	0.01824	0.02128	0.01520	0.00760	0.00760	0.00152	0.00760	0.00608	0.00608	0.70208
3	0.01492	0.00995	0.01119	0.01119	0.01119	0.00995	0.00622	0.01492	0.01492	0.01990	0.03233	0.06716	0.03731	0.63935	0.05223	0.00995	0.00995	0.01492	0.00622	0.00622
4	0.01250	0.00893	0.01191	0.01429	0.01488	0.00834	0.00953	0.01429	0.01965	0.02620	0.05656	0.63265	0.06787	0.03215	0.01310	0.00417	0.00595	0.02917	0.00953	0.00834
5	0.01250	0.00893	0.01191	0.01429	0.01488	0.00834	0.00953	0.01429	0.01965	0.02620	0.05656	0.63265	0.06787	0.03215	0.01310	0.00417	0.00595	0.02917	0.00953	0.00834
6	0.01434	0.01035	0.01355	0.01303	0.01529	0.00956	0.00967	0.01891	0.02820	0.03981	0.52376	0.12664	0.09423	0.02198	0.01219	0.00331	0.00494	0.01951	0.01114	0.00956
7	0.02744	0.64552	0.05378	0.01756	0.02634	0.04061	0.01756	0.03073	0.02085	0.02414	0.01427	0.01646	0.01317	0.00878	0.00658	0.00219	0.01097	0.00549	0.00439	0.01317
8	0.01938	0.01824	0.03078	0.61468	0.07068	0.02280	0.02850	0.02622	0.02052	0.02622	0.01824	0.02736	0.01368	0.01026	0.01026	0.00342	0.01368	0.00912	0.00456	0.01140
9	0.01433	0.01048	0.01345	0.01271	0.01521	0.00960	0.00953	0.01899	0.02859	0.04007	0.53250	0.07843	0.13492	0.02138	0.01211	0.00325	0.00487	0.01881	0.01115	0.00960
10	0.01346	0.00979	0.01269	0.01336	0.01503	0.00901	0.00949	0.01680	0.02448	0.03360	0.31020	0.32611	0.11521	0.02629	0.01255	0.00366	0.00536	0.02350	0.01039	0.00901
11	0.02058	0.05308	0.58618	0.02925	0.04442	0.02383	0.03792	0.03250	0.02167	0.03250	0.01842	0.02167	0.01300	0.00975	0.00975	0.00325	0.01517	0.00758	0.00433	0.01517
12	0.01533	0.00974	0.01270	0.01262	0.01417	0.00926	0.00897	0.01484	0.01848	0.02388	0.10016	0.05878	0.20966	0.03475	0.07836	0.34142	0.00896	0.01425	0.00689	0.00678
13	0.01946	0.04517	0.47987	0.02622	0.03901	0.02121	0.03267	0.03006	0.02304	0.03411	0.12083	0.03188	0.02857	0.01184	0.01019	0.00325	0.01325	0.00962	0.00563	0.01415
14	0.02265	0.02055	0.03343	0.03315	0.16190	0.01980	0.12495	0.07396	0.02513	0.03575	0.09105	0.03377	0.02767	0.02070	0.09838	0.00489	0.01366	0.01066	0.00662	0.14134
15	0.41738	0.02932	0.16130	0.02282	0.03205	0.02376	0.11544	0.03123	0.01973	0.04033	0.01649	0.01992	0.01240	0.00942	0.00824	0.00325	0.01142	0.00726	0.00565	0.01260
16	0.02904	0.02555	0.03875	0.05244	0.42975	0.02638	0.02828	0.16800	0.03003	0.04187	0.02073	0.02520	0.01658	0.00999	0.01019	0.00306	0.01195	0.00917	0.00647	0.01658
17	0.01466	0.01100	0.01649	0.01649	0.01833	0.01283	0.01283	0.01833	0.01649	0.02382	0.02749	0.04032	0.02566	0.07697	0.59868	0.01649	0.02749	0.01100	0.00550	0.00916
18	0.04604	0.01746	0.02382	0.01826	0.02620	0.01508	0.01508	0.05001	0.02937	0.58244	0.04049	0.03493	0.02540	0.01270	0.01032	0.00318	0.00873	0.01032	0.01270	0.01746
19	0.01334	0.01044	0.01208	0.01167	0.01461	0.00918	0.00875	0.01708	0.02626	0.03452	0.33996	0.08757	0.33092	0.02345	0.01212	0.00334	0.00502	0.02009	0.01042	0.00918
20	0.71184	0.01985	0.01508	0.01350	0.01985	0.02302	0.01111	0.03017	0.01746	0.04604	0.01429	0.01667	0.01111	0.00953	0.00635	0.00318	0.00794	0.00556	0.00635	0.01111
21	0.01449	0.01072	0.01553	0.01586	0.01766	0.01175	0.01220	0.01816	0.01914	0.02704	0.11061	0.12405	0.04325	0.06025	0.40435	0.01230	0.02041	0.04598	0.00708	0.00915
22	0.02540	0.02438	0.04165	0.06299	0.57533	0.02438	0.03149	0.03149	0.02337	0.03353	0.01930	0.02540	0.01626	0.00914	0.01016	0.00305	0.01219	0.00914	0.00508	0.01626
23	0.02975	0.03246	0.02116	0.01983	0.02375	0.35285	0.01476	0.03302	0.02577	0.02953	0.02524	0.07926	0.02234	0.01293	0.00891	0.00270	0.01289	0.00957	0.23247	0.01082
24	0.01393	0.01047	0.01290	0.01229	0.01497	0.00943	0.00922	0.01822	0.02765	0.03783	0.45462	0.08213	0.21420	0.02222	0.01211	0.00329	0.00493	0.01933	0.01086	0.00943
25	0.02672	0.02264	0.02388	0.02113	0.02714	0.02608	0.01653	0.09753	0.51185	0.04485	0.04025	0.03708	0.03010	0.01378	0.01043	0.00345	0.00840	0.01139	0.01043	0.01635
26	0.01595	0.01117	0.01268	0.01226	0.01586	0.00968	0.00953	0.01923	0.02486	0.08003	0.16925	0.09095	0.40011	0.02419	0.01214	0.00351	0.00583	0.06296	0.01009	0.00969
27	0.03833	0.04891	0.02908	0.02644	0.03173	0.59815	0.01983	0.04098	0.02908	0.02512	0.01586	0.01851	0.01322	0.01058	0.00925	0.00264	0.01851	0.00661	0.00529	0.01190
28	0.02683	0.59317	0.10082	0.01859	0.02794	0.03912	0.01936	0.03089	0.02092	0.02488	0.01463	0.01692	0.01315	0.00887	0.00686	0.00229	0.01134	0.00567	0.00438	0.01335
29	0.03698	0.04688	0.03210	0.02805	0.03382	0.54333	0.06947	0.04020	0.02862	0.02586	0.01633	0.01939	0.01344	0.01039	0.00953	0.00272	0.01839	0.00714	0.00528	0.01208
30	0.01492	0.00995	0.01119	0.01119	0.01119	0.00995	0.00622	0.01492	0.01492	0.01990	0.03233	0.06716	0.03731	0.63935	0.05223	0.00995	0.00995	0.01492	0.00622	0.00622
31	0.01492	0.00995	0.01119	0.01119	0.01119	0.00995	0.00622	0.01492	0.01492	0.01990	0.03233	0.06716	0.03731	0.63935	0.05223	0.00995	0.00995	0.01492	0.00622	0.00622
32	0.02339	0.02100	0.02129	0.01666	0.02431	0.07115	0.01309	0.03159	0.10553	0.03455	0.02303	0.02517	0.01851	0.00926	0.00816	0.00201	0.00848	0.00730	0.06768	0.46786
33	0.71184	0.01985	0.01508	0.01350	0.01985	0.02302	0.01111	0.03017	0.01746	0.04604	0.01429	0.01667	0.01111	0.00953	0.00635	0.00318	0.00794	0.00556	0.00635	0.01111
34	0.02245	0.02245	0.03143	0.02694	0.02694	0.03143	0.02245	0.02470	0.01572	0.02470	0.01347	0.02245	0.01347	0.01796	0.03368	0.00449	0.62057	0.00898	0.00449	0.01123
35	0.01492	0.00995	0.01119	0.01119	0.01119	0.00995	0.00622	0.01492	0.01492	0.01990	0.03233	0.06716	0.03731	0.63935	0.05223	0.00995	0.00995	0.01492	0.00622	0.00622
36	0.02128	0.01824	0.02128	0.01520	0.02432	0.01368	0.01216	0.02584	0.02128	0.03344	0.01824	0.02128	0.01520	0.00760	0.00760	0.00152	0.00760	0.00608	0.00608	0.70208
37	0.02441	0.07956	0.24696	0.03496	0.04650	0.07863	0.27565	0.03334	0.02352	0.03145	0.01904	0.02393	0.01427	0.00923	0.01063	0.00323	0.01622	0.00953	0.00484	0.01410
38	0.01938	0.01824	0.03078	0.61468	0.07068	0.02280	0.02850	0.02622	0.02052	0.02622	0.01824	0.02736	0.01368	0.01026	0.01026	0.00342	0.01368	0.00912	0.00456	0.01140
39	0.03148	0.01848	0.02412	0.02071	0.07460	0.01520	0.01506	0.03595	0.02468	0.25142	0.02717	0.02707	0.01935	0.00976	0.00891	0.00231	0.00846	0.00804	0.00862	0.36861
40	0.01213	0.01040	0.01040	0.01040	0.01386	0.00866	0.00780	0.01473	0.02339	0.02772	0.10396	0.09876	0.57117	0.02599	0.01213	0.00347	0.00520	0.02166	0.00953	0.00866
41	0.01654	0.01181	0.01654	0.01890	0.02126	0.01181	0.01654	0.02126	0.02362	0.03071	0.05433	0.11576	0.05906	0.02835	0.01417	0.00472	0.00945	0.50626	0.00945	0.00945
42	0.02128	0.01824	0.02128	0.01520	0.02432	0.01368	0.01216	0.02584	0.02128	0.03344	0.01824	0.02128	0.01520	0.00760	0.00760	0.00152	0.00760	0.00608	0.00608	0.70208
43	0.71184	0.01985	0.01508	0.01350	0.01985	0.02302	0.01111	0.03017	0.01746	0.04604	0.01429	0.01667	0.01111	0.00953	0.00635	0.00318	0.00794	0.00556	0.00635	0.01111
44	0.01553	0.01155	0.01459	0.01364	0.01637	0.01114	0.01028	0.02259	0.07745	0.04132	0.52148	0.07314	0.09082	0.02033	0.01195	0.00325	0.00514	0.01792	0.01122	0.01028
45	0.07664	0.00993	0.01220	0.01422	0.01534	0.00968	0.00967	0.01575	0.01945	0.02802	0.05268	0.57615	0.06267	0.03008	0.01248	0.00408	0.00614	0.02701	0.00923	0.00859
46	0.02109	0.02070	0.04162	0.03243	0.03920	0.01970	0.31652	0.02723	0.02303	0.03078	0.03163	0.05722	0.03020	0.01766	0.01536	0.06790	0.01393	0.17575	0.00654	0.01152
47	0.01429	0.01048	0.01340	0.01267	0.01519	0.00959	0.00950	0.01892	0.02851	0.03987	0.52528	0.07877	0.14227	0.02146	0.01211	0.00325	0.00488	0.01886	0.01113	0.00959
48	0.02058	0.05308	0.58618	0.02925	0.04442	0.02383	0.03792	0.03250	0.02167	0.03250	0.01842	0.02167	0.01300	0.00975	0.00975	0.00325	0.01517	0.00758	0.00433	0.01517
49	0.04604	0.01746	0.02382	0.01826	0.02620	0.01508	0.01508	0.05001	0.02937	0.58244	0.04049	0.03493	0.02540	0.01270	0.01032	0.00318	0.00873	0.01032	0.01270	0.01746
50	0.01581	0.01129	0.01570	0.01807	0.02011	0.01119	0.01527	0.02001	0.02291	0.02990	0.05474	0.20884	0.06065	0.02903	0.01398	0.00462	0.00882	0.42034	0.00946	0.00925
51	0.04604	0.01746	0.02382	0.01826	0.02620	0.01508	0.01508	0.05001	0.02937	0.58244	0.04049	0.03493	0.02540	0.01270	0.01032	0.00318	0.00873	0.01032	0.01270	0.01746
52	0.02422	0.02768	0.06055	0.04325	0.05363	0.02595	0.53806	0.03287	0.02422	0.03287	0.02076	0.02768	0.01557	0.00865	0.01211	0.00346	0.01730	0.01211	0.00519	0.01384
53	0.01317	0.00945	0.01251	0.01383	0.01503	0.00878	0.00958	0.01597	0.02277	0.03116	0.22686	0.44821	0.07748	0.02844	0.01277	0.00386	0.00558	0.02565	0.01011	0.00878
54	0.59514	0.01943	0.01661	0.01433	0.02096	0.02163	0.01181	0.03364	0.01955	0.14006	0.01888	0.01987	0.01362	0.01008	0.00705	0.00318	0.00808	0.00639	0.00746	0.01223
55	0.71184	0.01985	0.01508	0.01350	0.01985	0.02302	0.01111	0.03017	0.01746	0.04604	0.01429	0.01667	0.01111	0.00953	0.00635	0.00318	0.00794	0.00556	0.00635	0.01111
56	0.01230	0.00974	0.01107	0.01214	0.01432	0.00852	0.00857	0.01453	0.02172	0.02704	0.08277	0.33746	0.34615	0.02874	0.01256	0.00378	0.00554	0.02502	0.00953	0.00852
57	0.01980	0.01177	0.01473	0.01324	0.01698	0.01042	0.01019	0.02388	0.02760	0.13908	0.34672	0.07471	0.20958	0.02076	0.01178	0.00328	0.00567	0.01784	0.01109	0.01087
58	0.01654	0.01181	0.01654	0.01890	0.02126	0.01181	0.01654	0.02126	0.02362	0.03071	0.05433	0.11576	0.05906	0.02835	0.01417	0.00472	0.00945	0.50626	0.00945	0.00945
59	0.01278	0.00954	0.01196	0.01376	0.01521	0.00873	0.00974	0.01502	0.02091	0.02697	0.06780	0.45735	0.18853	0.03032	0.01296	0.00405	0.00609	0.07025	0.00952	0.00851
60	0.02602	0.52270	0.16415	0.01998	0.03009	0.03713	0.02178	0.03110	0.02102	0.02588	0.01513	0.01754	0.01313	0.00898	0.00724	0.00241	0.01184	0.00592	0.00438	0.01358
61	0.07673	0.01837	0.02078	0.01506	0.02396	0.01443	0.01208	0.02619	0.02097	0.03445	0.01792	0.02091	0.01487	0.00775	0.00750	0.00165	0.00763	0.00604	0.00610	0.64660
62	0.17272	0.03193	0.20928	0.02199	0.03184	0.02319	0.02262	0.11786	0.07393	0.15988	0.02536	0.02543	0.01760	0.01111	0.00931	0.00321	0.01105	0.00837	0.00803	0.01528
63	0.08450	0.40536	0.11305	0.01935	0.02843	0.06802	0.01946	0.03394	0.02225	0.09649	0.01816	0.01956	0.01451	0.00956	0.00760	0.00256	0.01145	0.00643	0.00563	0.01371
64	0.08489	0.02712	0.11885	0.02980	0.11697	0.02310	0.06852	0.07309	0.15422	0.15453	0.02912	0.02939	0.02091	0.01133	0.01007	0.00326	0.01101	0.00972	0.00830	0.01578

[dist]
# distance from previous block
# <min> <max>
0	12

[block]
# block no. 2 follows, 14 sequences, length 65
# corresponding to MSA columns:
# 215-279
name=unknown_C
#
# <colnr> <probs for GDERKNQSTAVLIFYWHMCP>
#	G	D	E	R	K	N	Q	S	T	A	V	L	I	F	Y	W	H	M	C	P
0	0.31240	0.02163	0.06444	0.01742	0.02510	0.01991	0.01537	0.04098	0.07023	0.27419	0.02823	0.02677	0.01915	0.01129	0.00868	0.00321	0.00886	0.00828	0.00927	0.01460
1	0.08736	0.02167	0.03230	0.02506	0.03284	0.02169	0.14855	0.04544	0.18896	0.23382	0.03375	0.03265	0.02357	0.01179	0.01050	0.00334	0.01067	0.01079	0.00958	0.01566
2	0.02434	0.02584	0.05157	0.08793	0.24918	0.02516	0.31599	0.03192	0.02366	0.03268	0.02005	0.02681	0.01570	0.00894	0.01126	0.00330	0.01516	0.01081	0.00511	0.01458
3	0.22393	0.02950	0.03308	0.03313	0.14667	0.16443	0.11470	0.03544	0.06396	0.03564	0.01902	0.02263	0.01507	0.00988	0.00923	0.00309	0.01315	0.00824	0.00592	0.01328
4	0.02483	0.03584	0.16456	0.02581	0.03282	0.21662	0.08735	0.03027	0.02396	0.02822	0.02871	0.19543	0.02904	0.01628	0.01083	0.00333	0.01396	0.01398	0.00625	0.01193
5	0.01492	0.00995	0.01119	0.01119	0.01119	0.00995	0.00622	0.01492	0.01492	0.01990	0.03233	0.06716	0.03731	0.63935	0.05223	0.00995	0.00995	0.01492	0.00622	0.00622
6	0.01492	0.00995	0.01119	0.01119	0.01119	0.00995	0.00622	0.01492	0.01492	0.01990	0.03233	0.06716	0.03731	0.63935	0.05223	0.00995	0.00995	0.01492	0.00622	0.00622
7	0.01492	0.00995	0.01119	0.01119	0.01119	0.00995	0.00622	0.01492	0.01492	0.01990	0.03233	0.06716	0.03731	0.63935	0.05223	0.00995	0.00995	0.01492	0.00622	0.00622
8	0.45517	0.01893	0.01845	0.01533	0.02229	0.01996	0.01264	0.03782	0.02205	0.25282	0.02439	0.02371	0.01662	0.01075	0.00788	0.00318	0.00824	0.00739	0.00880	0.01356
9	0.71184	0.01985	0.01508	0.01350	0.01985	0.02302	0.01111	0.03017	0.01746	0.04604	0.01429	0.01667	0.01111	0.00953	0.00635	0.00318	0.00794	0.00556	0.00635	0.01111
10	0.01274	0.01042	0.01124	0.01104	0.01424	0.00892	0.00828	0.01591	0.02483	0.03115	0.22284	0.09312	0.45015	0.02471	0.01212	0.00340	0.00511	0.02087	0.00998	0.00892
11	0.02504	0.43803	0.24024	0.02165	0.03267	0.03473	0.02469	0.03135	0.02114	0.02707	0.01572	0.01828	0.01311	0.00912	0.00769	0.00256	0.01244	0.00622	0.00437	0.01387
12	0.55366	0.02667	0.01837	0.01653	0.02264	0.15810	0.01316	0.03271	0.02019	0.04113	0.01466	0.01710	0.01161	0.00977	0.00703	0.00305	0.01042	0.00580	0.00610	0.01130
13	0.01676	0.00989	0.01143	0.01128	0.01355	0.00952	0.00837	0.02133	0.02443	0.03851	0.25291	0.09921	0.05809	0.01716	0.00963	0.00287	0.00490	0.01471	0.36593	0.00952
14	0.02176	0.02066	0.03507	0.39697	0.26983	0.02342	0.02968	0.02830	0.02164	0.02910	0.01866	0.02659	0.01470	0.00982	0.01022	0.00327	0.01309	0.00913	0.00477	0.01332
15	0.01566	0.00968	0.01175	0.01175	0.01175	0.00968	0.00691	0.01453	0.01453	0.01937	0.02863	0.05798	0.03234	0.48533	0.04914	0.18637	0.00968	0.01339	0.00577	0.00577
16	0.01998	0.01885	0.03186	0.56012	0.12059	0.02296	0.02880	0.02674	0.02080	0.02694	0.01835	0.02717	0.01393	0.01015	0.01025	0.00338	0.01353	0.00912	0.00461	0.01188
17	0.02263	0.02156	0.03665	0.31674	0.34322	0.02365	0.03012	0.02907	0.02206	0.03017	0.01881	0.02630	0.01507	0.00966	0.01021	0.00322	0.01288	0.00913	0.00484	0.01402
18	0.02128	0.01824	0.02128	0.01520	0.02432	0.01368	0.01216	0.02584	0.02128	0.03344	0.01824	0.02128	0.01520	0.00760	0.00760	0.00152	0.00760	0.00608	0.00608	0.70208
19	0.01452	0.01049	0.01372	0.01291	0.01533	0.00968	0.00968	0.01937	0.02905	0.04115	0.56992	0.07666	0.09683	0.02098	0.01210	0.00323	0.00484	0.01856	0.01130	0.00968
20	0.01433	0.01048	0.01345	0.01271	0.01521	0.00960	0.00953	0.01900	0.02860	0.04008	0.53270	0.07842	0.13472	0.02138	0.01211	0.00325	0.00487	0.01881	0.01116	0.00960
21	0.02128	0.01824	0.02128	0.01520	0.02432	0.01368	0.01216	0.02584	0.02128	0.03344	0.01824	0.02128	0.01520	0.00760	0.00760	0.00152	0.00760	0.00608	0.00608	0.70208
22	0.71184	0.01985	0.01508	0.01350	0.01985	0.02302	0.01111	0.03017	0.01746	0.04604	0.01429	0.01667	0.01111	0.00953	0.00635	0.00318	0.00794	0.00556	0.00635	0.01111
23	0.02744	0.64552	0.05378	0.01756	0.02634	0.04061	0.01756	0.03073	0.02085	0.02414	0.01427	0.01646	0.01317	0.00878	0.00658	0.00219	0.01097	0.00549	0.00439	0.01317
24	0.01934	0.01684	0.02494	0.02069	0.02550	0.01705	0.10853	0.03156	0.17398	0.04012	0.32314	0.05706	0.06381	0.01677	0.01165	0.00334	0.00804	0.01545	0.00994	0.01226
25	0.01250	0.00893	0.01191	0.01429	0.01488	0.00834	0.00953	0.01429	0.01965	0.02620	0.05656	0.63265	0.06787	0.03215	0.01310	0.00417	0.00595	0.02917	0.00953	0.00834
26	0.01579	0.01132	0.01549	0.01667	0.01905	0.01102	0.01399	0.02056	0.02564	0.03460	0.24623	0.10120	0.07312	0.02561	0.01340	0.00417	0.00773	0.32474	0.01014	0.00954
27	0.01654	0.01181	0.01654	0.01890	0.02126	0.01181	0.01654	0.02126	0.02362	0.03071	0.05433	0.11576	0.05906	0.02835	0.01417	0.00472	0.00945	0.50626	0.00945	0.00945
28	0.02210	0.02102	0.03570	0.36528	0.29882	0.02352	0.02985	0.02860	0.02181	0.02952	0.01872	0.02647	0.01484	0.00976	0.01021	0.00325	0.01301	0.00913	0.00479	0.01359
29	0.02258	0.01270	0.01590	0.01412	0.01794	0.01204	0.01092	0.02917	0.07009	0.15183	0.33537	0.05904	0.06593	0.01731	0.01083	0.00311	0.00589	0.01491	0.11853	0.01178
30	0.02090	0.22820	0.24139	0.02052	0.02975	0.02482	0.02279	0.02791	0.02367	0.03250	0.18634	0.03689	0.03878	0.01289	0.00947	0.00291	0.01067	0.01029	0.00649	0.01285
31	0.01373	0.00987	0.01300	0.01345	0.01515	0.00915	0.00962	0.01736	0.02534	0.03525	0.36733	0.29607	0.08540	0.02539	0.01250	0.00360	0.00528	0.02275	0.01060	0.00915
32	0.02551	0.02144	0.02287	0.02031	0.02597	0.02446	0.01585	0.08993	0.46397	0.04449	0.09264	0.04099	0.03670	0.01449	0.01059	0.00342	0.00805	0.01210	0.01051	0.01569
33	0.02540	0.02438	0.04165	0.06299	0.57533	0.02438	0.03149	0.03149	0.02337	0.03353	0.01930	0.02540	0.01626	0.00914	0.01016	0.00305	0.01219	0.00914	0.00508	0.01626
34	0.01460	0.01029	0.01349	0.01422	0.01514	0.01070	0.00998	0.01655	0.01731	0.02350	0.03811	0.16958	0.04229	0.29232	0.19605	0.01011	0.01415	0.07675	0.00702	0.00784
35	0.03833	0.04891	0.02908	0.02644	0.03173	0.59815	0.01983	0.04098	0.02908	0.02512	0.01586	0.01851	0.01322	0.01058	0.00925	0.00264	0.01851	0.00661	0.00529	0.01190
36	0.02504	0.02384	0.03987	0.05879	0.52697	0.02344	0.02980	0.03100	0.02318	0.03352	0.01921	0.02504	0.01616	0.00901	0.00993	0.00291	0.01179	0.00887	0.00517	0.07645
37	0.01986	0.01873	0.03165	0.57061	0.11100	0.02293	0.02874	0.02664	0.02075	0.02680	0.01832	0.02720	0.01389	0.01017	0.01025	0.00339	0.01356	0.00912	0.00460	0.01179
38	0.01565	0.01127	0.01362	0.01317	0.01332	0.01230	0.00835	0.01616	0.01513	0.02069	0.03008	0.06059	0.03402	0.53297	0.09405	0.00993	0.07174	0.01402	0.00599	0.00695
39	0.71184	0.01985	0.01508	0.01350	0.01985	0.02302	0.01111	0.03017	0.01746	0.04604	0.01429	0.01667	0.01111	0.00953	0.00635	0.00318	0.00794	0.00556	0.00635	0.01111
40	0.01248	0.01051	0.01088	0.01106	0.01444	0.00891	0.00848	0.01524	0.02341	0.02796	0.10006	0.10010	0.53090	0.02618	0.01229	0.00356	0.00553	0.05976	0.00952	0.00873
41	0.02814	0.01301	0.01664	0.01417	0.01876	0.01178	0.01117	0.03262	0.02726	0.25403	0.22412	0.05039	0.05065	0.01541	0.01014	0.00299	0.00636	0.01301	0.18662	0.01272
42	0.02540	0.02438	0.04165	0.06299	0.57533	0.02438	0.03149	0.03149	0.02337	0.03353	0.01930	0.02540	0.01626	0.00914	0.01016	0.00305	0.01219	0.00914	0.00508	0.01626
43	0.01593	0.01141	0.01568	0.01708	0.01946	0.01116	0.01445	0.02069	0.02527	0.03388	0.21104	0.10387	0.07054	0.02611	0.01354	0.00427	0.00805	0.35803	0.01001	0.00952
44	0.03237	0.17511	0.03770	0.03290	0.19571	0.02775	0.02154	0.12058	0.07068	0.14965	0.02509	0.02608	0.01878	0.01069	0.00936	0.00291	0.01071	0.00870	0.00775	0.01595
45	0.25035	0.01820	0.02114	0.01680	0.02425	0.01752	0.01386	0.04392	0.02572	0.41784	0.03245	0.02933	0.02102	0.01173	0.00910	0.00318	0.00849	0.00886	0.01075	0.01552
46	0.02506	0.02506	0.04482	0.05093	0.33705	0.02503	0.18477	0.03520	0.09965	0.03467	0.02295	0.02794	0.01819	0.00967	0.01080	0.00324	0.01318	0.01040	0.00588	0.01551
47	0.27261	0.01636	0.01725	0.01445	0.02047	0.01651	0.01175	0.03664	0.02327	0.26071	0.02959	0.02935	0.02062	0.01141	0.00816	0.00298	0.00748	0.00847	0.17864	0.01330
48	0.01537	0.01149	0.01562	0.01526	0.01624	0.01318	0.01103	0.01751	0.01582	0.02237	0.02826	0.04929	0.02920	0.28983	0.34291	0.01302	0.06734	0.01236	0.00570	0.00819
49	0.01431	0.01048	0.01343	0.01269	0.01520	0.00959	0.00952	0.01896	0.02855	0.03997	0.52902	0.07860	0.13846	0.02142	0.01211	0.00325	0.00487	0.01883	0.01114	0.00959
50	0.71184	0.01985	0.01508	0.01350	0.01985	0.02302	0.01111	0.03017	0.01746	0.04604	0.01429	0.01667	0.01111	0.00953	0.00635	0.00318	0.00794	0.00556	0.00635	0.01111
51	0.02619	0.15129	0.26675	0.02751	0.08257	0.02735	0.02708	0.07745	0.11216	0.07045	0.02347	0.02484	0.01747	0.01060	0.00939	0.00306	0.01225	0.00830	0.00642	0.01540
52	0.02693	0.40560	0.21722	0.02127	0.03197	0.03313	0.02369	0.03297	0.02185	0.07575	0.01786	0.01971	0.01419	0.00943	0.00790	0.00261	0.01209	0.00657	0.00510	0.01417
53	0.01250	0.00893	0.01191	0.01429	0.01488	0.00834	0.00953	0.01429	0.01965	0.02620	0.05656	0.63265	0.06787	0.03215	0.01310	0.00417	0.00595	0.02917	0.00953	0.00834
54	0.02666	0.01300	0.01711	0.01461	0.01908	0.01168	0.01147	0.03117	0.02851	0.24236	0.32579	0.05776	0.06406	0.01711	0.01101	0.00313	0.00628	0.01470	0.07194	0.01257
55	0.01752	0.00989	0.01102	0.01074	0.01314	0.00961	0.00805	0.02232	0.02416	0.03927	0.22136	0.05171	0.05100	0.01512	0.00890	0.00268	0.00480	0.01271	0.45640	0.00961
56	0.02094	0.05057	0.53419	0.03063	0.04533	0.02404	0.08738	0.03254	0.02192	0.03254	0.01865	0.02226	0.01325	0.00964	0.00998	0.00327	0.01538	0.00803	0.00442	0.01504
57	0.11189	0.01770	0.02295	0.01779	0.02557	0.01587	0.01469	0.04805	0.02819	0.52939	0.03789	0.03312	0.02399	0.01239	0.00993	0.00318	0.00865	0.00985	0.01207	0.01684
58	0.02058	0.05308	0.58618	0.02925	0.04442	0.02383	0.03792	0.03250	0.02167	0.03250	0.01842	0.02167	0.01300	0.00975	0.00975	0.00325	0.01517	0.00758	0.00433	0.01517
59	0.01250	0.00893	0.01191	0.01429	0.01488	0.00834	0.00953	0.01429	0.01965	0.02620	0.05656	0.63265	0.06787	0.03215	0.01310	0.00417	0.00595	0.02917	0.00953	0.00834
60	0.02553	0.02204	0.02320	0.02088	0.02669	0.02553	0.01624	0.05453	0.55679	0.04293	0.04177	0.03829	0.03133	0.01392	0.01044	0.00348	0.00812	0.01160	0.01044	0.01624
61	0.01250	0.00893	0.01191	0.01429	0.01488	0.00834	0.00953	0.01429	0.01965	0.02620	0.05656	0.63265	0.06787	0.03215	0.01310	0.00417	0.00595	0.02917	0.00953	0.00834
62	0.03524	0.01507	0.02035	0.01642	0.02247	0.01323	0.01323	0.03950	0.02926	0.39683	0.22203	0.04924	0.04989	0.01554	0.01093	0.00319	0.00740	0.01315	0.01222	0.01480
63	0.01530	0.01093	0.01512	0.01748	0.01930	0.01075	0.01439	0.01912	0.02240	0.02933	0.05502	0.27437	0.06176	0.02952	0.01384	0.00455	0.00838	0.35986	0.00947	0.00911
64	0.49537	0.01903	0.01948	0.01652	0.02284	0.02066	0.05175	0.03163	0.01989	0.11946	0.02269	0.08103	0.01910	0.01215	0.00802	0.00330	0.00857	0.00907	0.00748	0.01195

[dist]
# distance from previous block
# <min> <max>
0	3

# created by:
# /st0/software/busco_prod/Augustus/scripts/msa2prfl.pl ./align_prep/6717.fa
