[name]
unknown

[dist]
# distance from previous block
# <min> <max>
0	496

[block]
# block no. 0 follows, 13 sequences, length 24
# corresponding to MSA columns:
# 514-537
name=unknown_A
#
# <colnr> <probs for GDERKNQSTAVLIFYWHMCP>
#	G	D	E	R	K	N	Q	S	T	A	V	L	I	F	Y	W	H	M	C	P
0	0.02402	0.02323	0.04006	0.11296	0.21363	0.02398	0.15305	0.03504	0.11509	0.03479	0.02854	0.04055	0.02427	0.01268	0.01154	0.00358	0.01302	0.06861	0.00671	0.01465
1	0.01540	0.01193	0.01565	0.01442	0.01787	0.01083	0.04314	0.01970	0.02584	0.03502	0.23453	0.08338	0.26500	0.02236	0.01204	0.00347	0.00638	0.05965	0.09360	0.00980
2	0.03958	0.04783	0.03018	0.02688	0.03270	0.51778	0.02039	0.10201	0.03240	0.03090	0.01746	0.01985	0.01416	0.01112	0.00966	0.00278	0.01815	0.00714	0.00608	0.01296
3	0.12650	0.02113	0.02518	0.01955	0.02760	0.02076	0.01615	0.16503	0.03349	0.38268	0.03440	0.03108	0.02236	0.01259	0.01011	0.00325	0.00954	0.00976	0.01167	0.01718
4	0.02121	0.05469	0.57364	0.03014	0.04576	0.02455	0.03906	0.03348	0.02232	0.03348	0.01897	0.02232	0.01339	0.01005	0.01005	0.00335	0.01563	0.00781	0.00446	0.01563
5	0.01309	0.01005	0.01199	0.01295	0.01501	0.00895	0.00916	0.01578	0.02335	0.03020	0.16120	0.33116	0.26160	0.02875	0.01294	0.00385	0.00564	0.02525	0.01012	0.00895
6	0.01519	0.01017	0.01159	0.01176	0.01181	0.01013	0.00665	0.01533	0.01573	0.02097	0.03513	0.10936	0.04073	0.58513	0.05088	0.00982	0.00995	0.01644	0.00665	0.00657
7	0.03312	0.02276	0.02528	0.02137	0.02822	0.02496	0.01700	0.12931	0.35305	0.16309	0.03997	0.03647	0.02869	0.01381	0.01070	0.00345	0.00902	0.01128	0.01124	0.01721
8	0.01288	0.00920	0.01227	0.01472	0.01534	0.00859	0.00981	0.01472	0.02024	0.02699	0.05828	0.62152	0.06993	0.03312	0.01350	0.00429	0.00613	0.03006	0.00981	0.00859
9	0.02630	0.02271	0.02391	0.02152	0.02749	0.02630	0.01674	0.05618	0.54336	0.04423	0.04303	0.03945	0.03228	0.01434	0.01076	0.00359	0.00837	0.01195	0.01076	0.01674
10	0.01588	0.01246	0.01847	0.01803	0.01973	0.01506	0.01417	0.01951	0.01692	0.02463	0.02693	0.03977	0.02523	0.07345	0.53344	0.01580	0.08418	0.01113	0.00556	0.00964
11	0.70310	0.02045	0.01554	0.01390	0.02045	0.02372	0.01145	0.03108	0.01799	0.04744	0.01472	0.01718	0.01145	0.00981	0.00654	0.00327	0.00818	0.00573	0.00654	0.01145
12	0.04344	0.02440	0.02850	0.02185	0.03019	0.02505	0.01805	0.31374	0.04098	0.29243	0.03271	0.03014	0.02166	0.01287	0.01060	0.00322	0.01045	0.01002	0.01170	0.01799
13	0.01432	0.01060	0.01266	0.01371	0.01551	0.00991	0.01000	0.01663	0.02113	0.02688	0.06675	0.20642	0.21303	0.18124	0.02365	0.00571	0.00774	0.12678	0.00893	0.00840
14	0.01442	0.01055	0.01354	0.01330	0.01559	0.00967	0.00978	0.01872	0.02790	0.03878	0.43950	0.16636	0.13471	0.02387	0.01263	0.00350	0.00520	0.02112	0.01119	0.00967
15	0.01918	0.01754	0.02895	0.51017	0.06384	0.02136	0.02631	0.02590	0.02252	0.02944	0.10350	0.03618	0.02758	0.01231	0.01087	0.00349	0.01266	0.01093	0.00579	0.01147
16	0.02496	0.02852	0.06239	0.04456	0.05526	0.02674	0.52406	0.03387	0.02496	0.03387	0.02139	0.02852	0.01604	0.00891	0.01248	0.00357	0.01783	0.01248	0.00535	0.01426
17	0.01295	0.00965	0.01206	0.01374	0.01514	0.00876	0.00944	0.01520	0.02179	0.02844	0.10483	0.46845	0.17922	0.03090	0.01320	0.00407	0.00588	0.02757	0.00995	0.00876
18	0.01267	0.01003	0.01141	0.01251	0.01475	0.00877	0.00883	0.01497	0.02237	0.02786	0.08519	0.33501	0.33907	0.02963	0.01294	0.00390	0.00570	0.02579	0.00982	0.00877
19	0.03275	0.02240	0.06124	0.24061	0.04618	0.02222	0.02286	0.10248	0.07321	0.22302	0.02973	0.03117	0.02033	0.01201	0.01058	0.00339	0.01160	0.00997	0.00888	0.01539
20	0.02827	0.63478	0.05540	0.01809	0.02714	0.04184	0.01809	0.03166	0.02148	0.02488	0.01470	0.01696	0.01357	0.00905	0.00678	0.00226	0.01131	0.00565	0.00452	0.01357
21	0.02192	0.01473	0.02092	0.08990	0.02644	0.01685	0.01548	0.02504	0.01936	0.11017	0.03003	0.07974	0.02823	0.15814	0.19736	0.00912	0.10617	0.01270	0.00698	0.01073
22	0.02409	0.05401	0.48805	0.02968	0.04370	0.11294	0.03613	0.03486	0.02353	0.03229	0.01856	0.02181	0.01343	0.01018	0.00996	0.00325	0.01617	0.00765	0.00462	0.01510
23	0.13450	0.53807	0.04913	0.01743	0.02608	0.03898	0.01705	0.03157	0.02093	0.02843	0.01470	0.01699	0.01324	0.00917	0.00675	0.00242	0.01081	0.00566	0.00484	0.01324

[dist]
# distance from previous block
# <min> <max>
0	1

[block]
# block no. 1 follows, 13 sequences, length 28
# corresponding to MSA columns:
# 539-566
name=unknown_B
#
# <colnr> <probs for GDERKNQSTAVLIFYWHMCP>
#	G	D	E	R	K	N	Q	S	T	A	V	L	I	F	Y	W	H	M	C	P
0	0.01871	0.01156	0.01489	0.01390	0.01704	0.01043	0.01047	0.02295	0.02818	0.10840	0.37990	0.13892	0.13894	0.02242	0.01235	0.00346	0.00569	0.01964	0.01141	0.01075
1	0.02731	0.25023	0.23006	0.02343	0.03455	0.06312	0.02529	0.09755	0.02603	0.03450	0.01815	0.02062	0.01432	0.00985	0.00871	0.00272	0.01295	0.00706	0.00554	0.08801
2	0.02348	0.03877	0.36219	0.02378	0.03480	0.01974	0.02794	0.03222	0.02237	0.09848	0.02558	0.03229	0.01996	0.09204	0.01555	0.00414	0.01278	0.00941	0.09050	0.01399
3	0.02389	0.01394	0.01775	0.01559	0.01983	0.01327	0.01210	0.03173	0.09316	0.16490	0.37423	0.06415	0.07440	0.01874	0.01183	0.00335	0.00633	0.01627	0.01187	0.01267
4	0.03950	0.05039	0.02996	0.02724	0.03269	0.58597	0.02043	0.04222	0.02996	0.02588	0.01634	0.01907	0.01362	0.01090	0.00953	0.00272	0.01907	0.00681	0.00545	0.01226
5	0.03786	0.02120	0.03282	0.03957	0.26821	0.01986	0.02316	0.04293	0.02747	0.32867	0.03188	0.03156	0.02193	0.01143	0.01056	0.00321	0.01060	0.01009	0.00955	0.01743
6	0.03080	0.02511	0.04838	0.04307	0.16964	0.02358	0.28077	0.03789	0.02606	0.16646	0.02605	0.02980	0.01871	0.01007	0.01154	0.00339	0.01438	0.01129	0.00723	0.01578
7	0.01288	0.00920	0.01227	0.01472	0.01534	0.00859	0.00981	0.01472	0.02024	0.02699	0.05828	0.62152	0.06993	0.03312	0.01350	0.00429	0.00613	0.03006	0.00981	0.00859
8	0.02382	0.27797	0.29866	0.10075	0.04200	0.03121	0.02955	0.03192	0.02184	0.02925	0.01727	0.02099	0.01355	0.00972	0.00883	0.00294	0.01373	0.00717	0.00452	0.01431
9	0.11577	0.02248	0.03573	0.17767	0.16307	0.02392	0.11011	0.03597	0.08346	0.09305	0.02423	0.02849	0.01809	0.01063	0.01038	0.00339	0.01240	0.00988	0.00678	0.01452
10	0.01593	0.01164	0.01549	0.01679	0.01939	0.01120	0.01411	0.02054	0.02569	0.03390	0.18649	0.10701	0.13588	0.02701	0.01380	0.00432	0.00799	0.31293	0.01022	0.00969
11	0.70310	0.02045	0.01554	0.01390	0.02045	0.02372	0.01145	0.03108	0.01799	0.04744	0.01472	0.01718	0.01145	0.00981	0.00654	0.00327	0.00818	0.00573	0.00654	0.01145
12	0.01830	0.01572	0.02528	0.23090	0.10906	0.01824	0.02105	0.02333	0.01929	0.02648	0.02415	0.03652	0.02154	0.08038	0.27274	0.00997	0.02006	0.01065	0.00531	0.01103
13	0.04081	0.03646	0.03013	0.02480	0.03203	0.25137	0.01966	0.27467	0.03942	0.11281	0.02380	0.02418	0.01726	0.01202	0.01017	0.00301	0.01427	0.00858	0.00884	0.01570
14	0.01414	0.01124	0.01300	0.01388	0.01704	0.01010	0.01129	0.01761	0.02419	0.02967	0.08864	0.10808	0.37852	0.02766	0.01326	0.00404	0.00694	0.19173	0.00979	0.00922
15	0.70310	0.02045	0.01554	0.01390	0.02045	0.02372	0.01145	0.03108	0.01799	0.04744	0.01472	0.01718	0.01145	0.00981	0.00654	0.00327	0.00818	0.00573	0.00654	0.01145
16	0.09945	0.02338	0.02895	0.02334	0.02989	0.09345	0.12844	0.03449	0.08939	0.10134	0.07617	0.04810	0.14797	0.01530	0.01101	0.00338	0.01107	0.01336	0.00851	0.01299
17	0.01997	0.01879	0.03171	0.60301	0.07282	0.02349	0.02936	0.02701	0.02114	0.02701	0.01879	0.02819	0.01409	0.01057	0.01057	0.00352	0.01409	0.00940	0.00470	0.01175
18	0.01335	0.00976	0.01267	0.01482	0.01602	0.00907	0.01049	0.01567	0.02123	0.02776	0.06400	0.49525	0.12886	0.03186	0.01351	0.00428	0.00649	0.08635	0.00981	0.00877
19	0.01381	0.01076	0.01253	0.01209	0.01509	0.00949	0.00907	0.01772	0.02720	0.03593	0.34654	0.08963	0.31415	0.02403	0.01248	0.00344	0.00516	0.02061	0.01079	0.00949
20	0.02483	0.35263	0.30747	0.02395	0.03620	0.03343	0.02829	0.03255	0.02189	0.02906	0.01678	0.01957	0.01348	0.00953	0.00837	0.00279	0.01341	0.00670	0.00449	0.01457
21	0.02121	0.05469	0.57364	0.03014	0.04576	0.02455	0.03906	0.03348	0.02232	0.03348	0.01897	0.02232	0.01339	0.01005	0.01005	0.00335	0.01563	0.00781	0.00446	0.01563
22	0.01527	0.01065	0.01357	0.01357	0.01428	0.01136	0.00895	0.01668	0.01598	0.02201	0.03145	0.05886	0.03396	0.42336	0.25274	0.01277	0.01700	0.01386	0.00613	0.00754
23	0.01575	0.01364	0.01417	0.01607	0.01721	0.07080	0.01096	0.01768	0.02129	0.02687	0.05376	0.55661	0.06386	0.03073	0.01307	0.00412	0.00753	0.02755	0.00934	0.00898
24	0.04565	0.02087	0.02631	0.02017	0.02842	0.01980	0.01667	0.16907	0.03507	0.44545	0.03768	0.03337	0.02415	0.01299	0.01062	0.00325	0.00965	0.01036	0.01247	0.01799
25	0.02395	0.02286	0.03891	0.25747	0.38724	0.02454	0.03134	0.03050	0.02303	0.03185	0.01950	0.02689	0.01580	0.00983	0.01050	0.00328	0.01311	0.00941	0.00504	0.01496
26	0.03531	0.02518	0.02602	0.02204	0.02870	0.08411	0.01785	0.18257	0.16176	0.16795	0.03656	0.04297	0.02857	0.01517	0.01105	0.00347	0.01077	0.07346	0.01054	0.01597
27	0.10866	0.02845	0.09046	0.10487	0.24809	0.09260	0.02671	0.03161	0.02357	0.03371	0.02334	0.03624	0.02085	0.01245	0.01038	0.00340	0.01296	0.07185	0.00587	0.01393

[dist]
# distance from previous block
# <min> <max>
0	21

[block]
# block no. 2 follows, 13 sequences, length 41
# corresponding to MSA columns:
# 588-628
name=unknown_C
#
# <colnr> <probs for GDERKNQSTAVLIFYWHMCP>
#	G	D	E	R	K	N	Q	S	T	A	V	L	I	F	Y	W	H	M	C	P
0	0.09561	0.01822	0.02382	0.02046	0.02633	0.01846	0.06550	0.03810	0.15402	0.16001	0.04750	0.09956	0.09044	0.01784	0.01139	0.00370	0.00912	0.07608	0.01001	0.01383
1	0.22308	0.10638	0.03537	0.07886	0.03599	0.02732	0.12173	0.08853	0.07042	0.08374	0.02229	0.02488	0.01665	0.01057	0.00932	0.00324	0.01161	0.00881	0.00718	0.01404
2	0.03068	0.02189	0.03180	0.28816	0.11989	0.02422	0.02500	0.14408	0.02969	0.14313	0.02490	0.02882	0.01768	0.01138	0.01057	0.00335	0.01234	0.00967	0.00772	0.01502
3	0.01971	0.00985	0.00985	0.00985	0.01232	0.00985	0.00739	0.02464	0.02217	0.03942	0.03449	0.03942	0.02710	0.01232	0.00739	0.00246	0.00493	0.00985	0.68712	0.00985
4	0.08725	0.02252	0.02809	0.08130	0.10398	0.02393	0.01967	0.22031	0.03488	0.13016	0.10872	0.03509	0.03095	0.01327	0.01054	0.00325	0.01027	0.01086	0.00952	0.01544
5	0.03273	0.23955	0.03816	0.02148	0.02956	0.03441	0.01860	0.24242	0.15673	0.04673	0.02583	0.02577	0.01982	0.01181	0.00929	0.00295	0.01075	0.00874	0.00850	0.01614
6	0.01535	0.01034	0.01197	0.01197	0.01213	0.01049	0.00696	0.01566	0.01551	0.02083	0.03291	0.06695	0.03747	0.58392	0.09698	0.01080	0.01171	0.01505	0.00635	0.00665
7	0.02075	0.02637	0.13881	0.44391	0.11022	0.02384	0.03153	0.02876	0.02163	0.02894	0.01892	0.02686	0.01419	0.01037	0.01046	0.00346	0.01426	0.00909	0.00470	0.01294
8	0.02411	0.29292	0.36082	0.02519	0.03811	0.03165	0.03045	0.03273	0.02198	0.02995	0.01722	0.02012	0.01347	0.00963	0.00871	0.00290	0.01385	0.00693	0.00449	0.01478
9	0.02922	0.01767	0.02113	0.01820	0.02379	0.01810	0.01432	0.04377	0.23277	0.20191	0.19887	0.05042	0.05096	0.01618	0.01124	0.00341	0.00753	0.01374	0.01173	0.01506
10	0.03482	0.01502	0.01989	0.01722	0.02292	0.01363	0.01430	0.03926	0.02728	0.33872	0.04368	0.05638	0.03457	0.01675	0.01094	0.00349	0.00838	0.12430	0.14401	0.01445
11	0.02274	0.18075	0.46102	0.02752	0.04171	0.02831	0.03451	0.03309	0.02214	0.03161	0.01805	0.02116	0.01343	0.00983	0.00934	0.00311	0.01469	0.00734	0.00448	0.01518
12	0.02504	0.02152	0.02556	0.15383	0.09252	0.09523	0.02005	0.03273	0.07846	0.08500	0.15487	0.04988	0.04238	0.01562	0.01130	0.00344	0.01094	0.06040	0.00842	0.01282
13	0.01486	0.01196	0.01338	0.01282	0.01621	0.01109	0.00967	0.02119	0.07882	0.03556	0.27668	0.08655	0.32565	0.02350	0.01231	0.00348	0.00552	0.02002	0.01063	0.01013
14	0.13069	0.01879	0.02330	0.01845	0.02619	0.01769	0.01513	0.04933	0.08048	0.44869	0.03833	0.03389	0.02487	0.01279	0.01011	0.00330	0.00883	0.01013	0.01200	0.01701
15	0.09107	0.02097	0.03235	0.17587	0.27131	0.02321	0.02526	0.02810	0.02090	0.03137	0.02041	0.03132	0.01829	0.09459	0.01810	0.00434	0.06418	0.00984	0.00535	0.01318
16	0.01922	0.01758	0.03044	0.02405	0.02948	0.01687	0.17449	0.02782	0.07703	0.03985	0.33746	0.05915	0.06668	0.01688	0.01231	0.00343	0.00940	0.01632	0.00955	0.01198
17	0.41910	0.01938	0.01944	0.01603	0.02328	0.02018	0.01322	0.03994	0.02331	0.27369	0.02641	0.02532	0.01783	0.01123	0.00831	0.00327	0.00853	0.00785	0.00938	0.01428
18	0.01424	0.00977	0.01187	0.01299	0.01327	0.00949	0.00796	0.01508	0.01760	0.02347	0.04472	0.32169	0.05284	0.35628	0.03538	0.00753	0.00837	0.02209	0.00796	0.00740
19	0.02420	0.02235	0.03593	0.25426	0.21019	0.02348	0.06493	0.06967	0.02477	0.03425	0.01986	0.02636	0.01562	0.00982	0.01025	0.00307	0.01271	0.00915	0.00564	0.12349
20	0.01704	0.01217	0.01704	0.01947	0.02191	0.01217	0.01704	0.02191	0.02434	0.03164	0.05598	0.11926	0.06085	0.02921	0.01460	0.00487	0.00974	0.49130	0.00974	0.00974
21	0.01538	0.01025	0.01153	0.01153	0.01153	0.01025	0.00641	0.01538	0.01538	0.02050	0.03331	0.06919	0.03844	0.62842	0.05382	0.01025	0.01025	0.01538	0.00641	0.00641
22	0.01285	0.00932	0.01215	0.01441	0.01525	0.00861	0.00968	0.01476	0.02054	0.02711	0.06203	0.58151	0.10752	0.03264	0.01342	0.00424	0.00607	0.02946	0.00982	0.00861
23	0.16918	0.04454	0.02714	0.02463	0.03029	0.47610	0.01867	0.04004	0.02762	0.03009	0.01603	0.01870	0.01320	0.01068	0.00895	0.00283	0.01694	0.00660	0.00566	0.01210
24	0.02253	0.01509	0.01826	0.01633	0.02057	0.01527	0.01261	0.03431	0.17272	0.11453	0.34405	0.06215	0.07101	0.01844	0.01174	0.00339	0.00647	0.01598	0.01159	0.01294
25	0.09898	0.14359	0.03526	0.10131	0.03629	0.02948	0.05798	0.16045	0.11262	0.08581	0.02516	0.02664	0.01873	0.01141	0.00961	0.00316	0.01130	0.00907	0.00802	0.01513
26	0.10962	0.01714	0.02164	0.01710	0.02434	0.01559	0.01402	0.04582	0.02793	0.44522	0.03802	0.03456	0.02482	0.01265	0.00978	0.00316	0.00836	0.01003	0.10397	0.01623
27	0.03055	0.02678	0.03144	0.21242	0.09757	0.11573	0.02398	0.11311	0.05610	0.09311	0.02284	0.02702	0.01716	0.01212	0.01284	0.00339	0.07334	0.00926	0.00703	0.01424
28	0.01738	0.01282	0.01536	0.01476	0.01767	0.01297	0.01102	0.02681	0.12837	0.04037	0.33601	0.14094	0.07519	0.02082	0.01176	0.00342	0.00580	0.01827	0.07916	0.01110
29	0.02981	0.01892	0.02430	0.13346	0.03463	0.02033	0.01793	0.04417	0.21869	0.19701	0.10768	0.04158	0.03606	0.01422	0.01092	0.00344	0.00922	0.01203	0.01038	0.01521
30	0.03443	0.34750	0.04255	0.02181	0.02934	0.25696	0.01880	0.03761	0.02564	0.07279	0.01771	0.01946	0.01469	0.01014	0.00822	0.00253	0.01421	0.00655	0.00564	0.01343
31	0.01837	0.00918	0.01377	0.01377	0.01377	0.00918	0.00918	0.01377	0.01377	0.01837	0.01837	0.03214	0.01837	0.03673	0.04132	0.69238	0.00918	0.00918	0.00459	0.00459
32	0.04055	0.03684	0.03040	0.02500	0.03224	0.25072	0.01983	0.29334	0.04018	0.09434	0.02322	0.02380	0.01697	0.01201	0.01017	0.00300	0.01435	0.00854	0.00876	0.01571
33	0.03579	0.02781	0.13308	0.02159	0.03152	0.02069	0.02053	0.14437	0.03122	0.25347	0.02932	0.02832	0.01988	0.01138	0.00996	0.00293	0.01063	0.00899	0.00954	0.14897
34	0.02833	0.43528	0.15927	0.02183	0.03175	0.11216	0.02275	0.03347	0.02281	0.02679	0.01581	0.01836	0.01354	0.00950	0.00783	0.00255	0.01326	0.00626	0.00464	0.01382
35	0.30060	0.02226	0.02687	0.08002	0.03214	0.02533	0.07106	0.12437	0.02609	0.04490	0.06922	0.02754	0.02208	0.01234	0.01175	0.00345	0.07061	0.00917	0.00729	0.01290
36	0.02792	0.14361	0.03478	0.07371	0.03423	0.03001	0.05761	0.11109	0.28868	0.04118	0.03131	0.03131	0.02384	0.01234	0.01007	0.00326	0.01061	0.01021	0.00857	0.01566
37	0.02735	0.04658	0.39828	0.02826	0.04156	0.02722	0.03293	0.19325	0.03119	0.04421	0.02105	0.02331	0.01488	0.01090	0.01022	0.00329	0.01433	0.00837	0.00644	0.01639
38	0.02240	0.01536	0.01259	0.01222	0.01508	0.08810	0.00916	0.02702	0.02323	0.03758	0.03203	0.03665	0.02527	0.01213	0.00768	0.00250	0.00685	0.00944	0.59454	0.01018
39	0.12141	0.02207	0.02349	0.01956	0.02560	0.02413	0.01563	0.27079	0.07857	0.05348	0.13275	0.09586	0.03949	0.01624	0.01071	0.00336	0.00905	0.01315	0.01018	0.01448
40	0.01672	0.01243	0.01479	0.01510	0.01755	0.01208	0.01088	0.08494	0.02597	0.03423	0.11352	0.38421	0.16148	0.02795	0.01280	0.00390	0.00661	0.02465	0.01010	0.01007

[dist]
# distance from previous block
# <min> <max>
0	29

[block]
# block no. 3 follows, 13 sequences, length 18
# corresponding to MSA columns:
# 658-675
name=unknown_D
#
# <colnr> <probs for GDERKNQSTAVLIFYWHMCP>
#	G	D	E	R	K	N	Q	S	T	A	V	L	I	F	Y	W	H	M	C	P
0	0.02018	0.02129	0.13594	0.01704	0.02345	0.01364	0.01655	0.02603	0.02682	0.11002	0.25246	0.06663	0.18948	0.01926	0.01170	0.00339	0.00794	0.01632	0.00981	0.01204
1	0.01420	0.01033	0.01335	0.01527	0.01676	0.00978	0.01135	0.01687	0.02157	0.02803	0.06249	0.36484	0.13266	0.07671	0.01676	0.00481	0.00736	0.15854	0.00953	0.00879
2	0.02332	0.11270	0.37341	0.02655	0.03895	0.02697	0.03094	0.03910	0.15593	0.03526	0.02466	0.02611	0.01826	0.01103	0.00986	0.00329	0.01327	0.00863	0.00609	0.01568
3	0.02913	0.46207	0.04728	0.01935	0.02778	0.03810	0.01805	0.08692	0.11871	0.03266	0.02092	0.02189	0.01740	0.01038	0.00789	0.00259	0.01081	0.00719	0.00627	0.01459
4	0.03581	0.04468	0.02751	0.02550	0.03028	0.50590	0.01896	0.03841	0.02861	0.02603	0.02216	0.10262	0.02143	0.01398	0.01008	0.00294	0.01727	0.01003	0.00605	0.01175
5	0.02446	0.02029	0.02328	0.01686	0.02613	0.01669	0.01358	0.09604	0.02578	0.03892	0.01971	0.02240	0.01598	0.00850	0.00821	0.00179	0.00836	0.00672	0.00686	0.59943
6	0.01288	0.00920	0.01227	0.01472	0.01534	0.00859	0.00981	0.01472	0.02024	0.02699	0.05828	0.62152	0.06993	0.03312	0.01350	0.00429	0.00613	0.03006	0.00981	0.00859
7	0.04043	0.01956	0.02433	0.01971	0.02716	0.01911	0.01594	0.05307	0.20045	0.39547	0.04215	0.03714	0.02820	0.01350	0.01067	0.00338	0.00879	0.01107	0.01231	0.01758
8	0.02620	0.46465	0.20739	0.02162	0.03260	0.03677	0.02424	0.03219	0.02173	0.02740	0.01595	0.01853	0.01352	0.00934	0.00774	0.00258	0.01257	0.00629	0.00451	0.01417
9	0.01538	0.01025	0.01153	0.01153	0.01153	0.01025	0.00641	0.01538	0.01538	0.02050	0.03331	0.06919	0.03844	0.62842	0.05382	0.01025	0.01025	0.01538	0.00641	0.00641
10	0.01496	0.01081	0.01413	0.01330	0.01580	0.00998	0.00998	0.01995	0.02993	0.04240	0.55689	0.07898	0.09976	0.02162	0.01247	0.00333	0.00499	0.01912	0.01164	0.00998
11	0.02121	0.05469	0.57364	0.03014	0.04576	0.02455	0.03906	0.03348	0.02232	0.03348	0.01897	0.02232	0.01339	0.01005	0.01005	0.00335	0.01563	0.00781	0.00446	0.01563
12	0.01288	0.00920	0.01227	0.01472	0.01534	0.00859	0.00981	0.01472	0.02024	0.02699	0.05828	0.62152	0.06993	0.03312	0.01350	0.00429	0.00613	0.03006	0.00981	0.00859
13	0.02192	0.01879	0.02192	0.01566	0.02506	0.01409	0.01253	0.02662	0.02192	0.03445	0.01879	0.02192	0.01566	0.00783	0.00783	0.00157	0.00783	0.00626	0.00626	0.69305
14	0.09220	0.08745	0.42039	0.03162	0.10087	0.02572	0.03404	0.03299	0.02202	0.03445	0.01835	0.02187	0.01359	0.00988	0.00951	0.00324	0.01422	0.00763	0.00477	0.01519
15	0.02442	0.03273	0.18125	0.14533	0.17683	0.02561	0.15721	0.06583	0.02507	0.03493	0.02021	0.02609	0.01531	0.00988	0.01089	0.00337	0.01489	0.00978	0.00533	0.01501
16	0.01454	0.01079	0.01580	0.01642	0.01798	0.01204	0.01236	0.01783	0.01782	0.02516	0.03590	0.18838	0.03745	0.06761	0.44144	0.01378	0.02270	0.01607	0.00671	0.00922
17	0.13905	0.02507	0.08933	0.24463	0.04647	0.02473	0.02361	0.09950	0.09752	0.07468	0.02388	0.02740	0.01740	0.01135	0.00987	0.00341	0.01183	0.00906	0.00714	0.01406

[dist]
# distance from previous block
# <min> <max>
0	1

[block]
# block no. 4 follows, 13 sequences, length 35
# corresponding to MSA columns:
# 677-711
name=unknown_E
#
# <colnr> <probs for GDERKNQSTAVLIFYWHMCP>
#	G	D	E	R	K	N	Q	S	T	A	V	L	I	F	Y	W	H	M	C	P
0	0.21583	0.19284	0.13965	0.06587	0.03321	0.02941	0.02136	0.09452	0.02466	0.06814	0.01869	0.02105	0.01423	0.01025	0.00834	0.00302	0.01142	0.00715	0.00631	0.01404
1	0.01288	0.00920	0.01227	0.01472	0.01534	0.00859	0.00981	0.01472	0.02024	0.02699	0.05828	0.62152	0.06993	0.03312	0.01350	0.00429	0.00613	0.03006	0.00981	0.00859
2	0.03021	0.02396	0.03116	0.11055	0.16878	0.02592	0.02251	0.25494	0.03517	0.04816	0.02944	0.03238	0.05439	0.01250	0.01039	0.00318	0.01117	0.01037	0.06934	0.01548
3	0.01510	0.01133	0.01699	0.01699	0.01888	0.01322	0.01322	0.01888	0.01699	0.02454	0.02832	0.04154	0.02643	0.07930	0.58652	0.01699	0.02832	0.01133	0.00566	0.00944
4	0.10339	0.01743	0.01756	0.01498	0.01984	0.01882	0.01195	0.18761	0.03059	0.04911	0.02932	0.03238	0.02239	0.01216	0.00832	0.00278	0.00746	0.00928	0.39196	0.01266
5	0.08204	0.04637	0.10056	0.02862	0.03601	0.41337	0.07893	0.03941	0.02760	0.02924	0.01713	0.02041	0.01371	0.01049	0.00972	0.00294	0.01773	0.00750	0.00539	0.01285
6	0.02011	0.01195	0.01560	0.01529	0.01852	0.01091	0.01192	0.02401	0.02630	0.12502	0.22064	0.18703	0.13649	0.02448	0.01275	0.00382	0.00681	0.10654	0.01094	0.01088
7	0.01314	0.00940	0.01250	0.01454	0.01539	0.00876	0.00983	0.01538	0.02145	0.02892	0.12059	0.55371	0.07366	0.03169	0.01337	0.00417	0.00599	0.02869	0.01004	0.00876
8	0.02321	0.01088	0.01171	0.01099	0.01417	0.01057	0.00842	0.02804	0.02320	0.10647	0.03540	0.03898	0.02698	0.01242	0.00780	0.00257	0.00544	0.00995	0.60190	0.01088
9	0.70310	0.02045	0.01554	0.01390	0.02045	0.02372	0.01145	0.03108	0.01799	0.04744	0.01472	0.01718	0.01145	0.00981	0.00654	0.00327	0.00818	0.00573	0.00654	0.01145
10	0.02047	0.01203	0.01590	0.01424	0.01769	0.01092	0.01092	0.02531	0.02999	0.13184	0.46952	0.07169	0.08728	0.02017	0.01216	0.00332	0.00567	0.01768	0.01188	0.01134
11	0.01312	0.01074	0.01157	0.01136	0.01466	0.00919	0.00852	0.01638	0.02557	0.03204	0.22019	0.09603	0.44293	0.02548	0.01249	0.00351	0.00526	0.02151	0.01028	0.00919
12	0.01956	0.02238	0.09746	0.46490	0.06301	0.02210	0.02839	0.02703	0.02228	0.02956	0.07950	0.03318	0.02367	0.01175	0.01072	0.00348	0.01326	0.01030	0.00545	0.01203
13	0.70310	0.02045	0.01554	0.01390	0.02045	0.02372	0.01145	0.03108	0.01799	0.04744	0.01472	0.01718	0.01145	0.00981	0.00654	0.00327	0.00818	0.00573	0.00654	0.01145
14	0.04744	0.01799	0.02454	0.01881	0.02699	0.01554	0.01554	0.05153	0.03026	0.56979	0.04171	0.03599	0.02617	0.01309	0.01063	0.00327	0.00900	0.01063	0.01309	0.01799
15	0.01288	0.00920	0.01227	0.01472	0.01534	0.00859	0.00981	0.01472	0.02024	0.02699	0.05828	0.62152	0.06993	0.03312	0.01350	0.00429	0.00613	0.03006	0.00981	0.00859
16	0.02121	0.05469	0.57364	0.03014	0.04576	0.02455	0.03906	0.03348	0.02232	0.03348	0.01897	0.02232	0.01339	0.01005	0.01005	0.00335	0.01563	0.00781	0.00446	0.01563
17	0.02430	0.01756	0.02521	0.02301	0.02793	0.01782	0.07444	0.09180	0.06937	0.08575	0.04594	0.08345	0.04504	0.02222	0.01320	0.00426	0.01071	0.29567	0.00973	0.01258
18	0.01496	0.01081	0.01413	0.01330	0.01580	0.00998	0.00998	0.01995	0.02993	0.04240	0.55689	0.07898	0.09976	0.02162	0.01247	0.00333	0.00499	0.01912	0.01164	0.00998
19	0.03460	0.04099	0.03405	0.12662	0.04205	0.38549	0.07872	0.07554	0.02940	0.03007	0.01801	0.02216	0.01430	0.01075	0.01012	0.00299	0.01752	0.00809	0.00570	0.01283
20	0.01690	0.01277	0.01615	0.01677	0.01977	0.01271	0.01378	0.02434	0.08449	0.03584	0.20857	0.09617	0.13221	0.02499	0.01327	0.00410	0.00763	0.23863	0.01042	0.01049
21	0.02387	0.26990	0.10856	0.25810	0.04810	0.03115	0.02522	0.03165	0.05664	0.02813	0.01881	0.02372	0.01502	0.01015	0.00900	0.00300	0.01279	0.00787	0.00501	0.01330
22	0.02248	0.01406	0.01758	0.01564	0.01971	0.01370	0.01208	0.03154	0.11706	0.13355	0.38100	0.06487	0.07564	0.01891	0.01186	0.00336	0.00625	0.01644	0.01174	0.01250
23	0.02445	0.03747	0.27315	0.07646	0.10642	0.02559	0.02989	0.07255	0.17142	0.03838	0.02630	0.02830	0.01951	0.01140	0.01038	0.00339	0.01280	0.00942	0.00677	0.01593
24	0.02106	0.01054	0.01142	0.01091	0.01378	0.01027	0.00828	0.02593	0.02371	0.07693	0.10029	0.04412	0.03612	0.01353	0.00825	0.00263	0.00522	0.01107	0.55550	0.01044
25	0.03006	0.02460	0.08993	0.18095	0.04190	0.02362	0.02332	0.12608	0.02874	0.15803	0.06667	0.03209	0.02413	0.01333	0.01369	0.00350	0.08631	0.01026	0.00819	0.01459
26	0.01565	0.01007	0.01194	0.01194	0.01249	0.00979	0.00732	0.01496	0.01634	0.02123	0.04112	0.06535	0.11377	0.39413	0.04446	0.17238	0.00924	0.01496	0.00650	0.00636
27	0.01851	0.02466	0.17324	0.01872	0.02547	0.01580	0.01883	0.06309	0.02889	0.04073	0.32926	0.06052	0.10380	0.01804	0.01164	0.00334	0.00854	0.01542	0.00939	0.01212
28	0.02906	0.02584	0.04049	0.14387	0.24614	0.02734	0.10002	0.17817	0.03128	0.04263	0.02154	0.02663	0.01655	0.01052	0.01081	0.00328	0.01332	0.00989	0.00674	0.01588
29	0.02827	0.63478	0.05540	0.01809	0.02714	0.04184	0.01809	0.03166	0.02148	0.02488	0.01470	0.01696	0.01357	0.00905	0.00678	0.00226	0.01131	0.00565	0.00452	0.01357
30	0.10971	0.01704	0.01981	0.01717	0.02279	0.01660	0.01404	0.09628	0.02871	0.10232	0.16521	0.05750	0.04703	0.01715	0.01091	0.00331	0.00820	0.10855	0.00972	0.12796
31	0.01288	0.00920	0.01227	0.01472	0.01534	0.00859	0.00981	0.01472	0.02024	0.02699	0.05828	0.62152	0.06993	0.03312	0.01350	0.00429	0.00613	0.03006	0.00981	0.00859
32	0.02321	0.01979	0.03376	0.47589	0.10483	0.02309	0.05812	0.03005	0.02242	0.07690	0.02110	0.02876	0.01550	0.01061	0.01068	0.00347	0.01374	0.00969	0.00553	0.01284
33	0.62025	0.02159	0.01756	0.01521	0.02199	0.02485	0.01253	0.09309	0.02196	0.04984	0.01605	0.01820	0.01227	0.01017	0.00705	0.00326	0.00861	0.00620	0.00705	0.01227
34	0.10632	0.41849	0.08740	0.01946	0.02835	0.08539	0.01902	0.03424	0.02261	0.07082	0.01730	0.01909	0.01431	0.00969	0.00757	0.00258	0.01182	0.00633	0.00550	0.01372

[dist]
# distance from previous block
# <min> <max>
1	19

[block]
# block no. 5 follows, 13 sequences, length 8
# corresponding to MSA columns:
# 731-738
name=unknown_F
#
# <colnr> <probs for GDERKNQSTAVLIFYWHMCP>
#	G	D	E	R	K	N	Q	S	T	A	V	L	I	F	Y	W	H	M	C	P
0	0.09866	0.01634	0.02220	0.07634	0.13137	0.01656	0.01660	0.03055	0.02478	0.12419	0.12853	0.04033	0.03585	0.01320	0.00968	0.00307	0.00829	0.01117	0.17938	0.01291
1	0.01914	0.01433	0.01719	0.01619	0.01857	0.01587	0.01167	0.06361	0.11192	0.02969	0.03268	0.05090	0.03158	0.28075	0.22839	0.01087	0.01632	0.01291	0.00724	0.01019
2	0.03163	0.04011	0.35554	0.02564	0.03831	0.02097	0.02972	0.04065	0.02548	0.24650	0.02801	0.02775	0.01847	0.01125	0.01028	0.00332	0.01299	0.00893	0.00789	0.01657
3	0.01352	0.01015	0.01268	0.01444	0.01621	0.00932	0.01060	0.01613	0.02206	0.02826	0.07157	0.38604	0.20530	0.03064	0.01341	0.00419	0.00656	0.11021	0.00980	0.00889
4	0.01997	0.01879	0.03171	0.60301	0.07282	0.02349	0.02936	0.02701	0.02114	0.02701	0.01879	0.02819	0.01409	0.01057	0.01057	0.00352	0.01409	0.00940	0.00470	0.01175
5	0.01347	0.01001	0.01256	0.01349	0.01528	0.00910	0.00952	0.01647	0.02408	0.03220	0.22650	0.34760	0.17451	0.02823	0.01297	0.00384	0.00562	0.02507	0.01040	0.00910
6	0.02622	0.02414	0.03520	0.04730	0.34541	0.02560	0.02607	0.04208	0.23476	0.03847	0.02928	0.03156	0.02305	0.01142	0.01059	0.00332	0.01086	0.01045	0.00748	0.01674
7	0.01662	0.01185	0.01449	0.01532	0.01677	0.01180	0.01045	0.07664	0.02294	0.03062	0.04990	0.45202	0.05810	0.13586	0.02027	0.00521	0.00753	0.02499	0.00930	0.00934

[dist]
# distance from previous block
# <min> <max>
0	1

[block]
# block no. 6 follows, 13 sequences, length 12
# corresponding to MSA columns:
# 740-751
name=unknown_G
#
# <colnr> <probs for GDERKNQSTAVLIFYWHMCP>
#	G	D	E	R	K	N	Q	S	T	A	V	L	I	F	Y	W	H	M	C	P
0	0.09088	0.01534	0.02174	0.02821	0.16876	0.01524	0.01636	0.02302	0.02404	0.03600	0.19554	0.22476	0.05798	0.02050	0.01159	0.00357	0.00780	0.01835	0.00875	0.01160
1	0.10931	0.03682	0.25018	0.02416	0.03541	0.02513	0.02571	0.17924	0.03040	0.08305	0.02195	0.02354	0.01566	0.01078	0.00959	0.00309	0.01227	0.00810	0.00732	0.08828
2	0.02617	0.02149	0.03344	0.02646	0.03170	0.02337	0.13787	0.08797	0.02566	0.10171	0.03930	0.08063	0.11195	0.01724	0.01829	0.00383	0.17812	0.01386	0.00780	0.01313
3	0.02464	0.02158	0.08309	0.13451	0.08227	0.01901	0.02129	0.08785	0.02796	0.10436	0.10764	0.05431	0.09733	0.01658	0.01147	0.00354	0.01044	0.07022	0.00860	0.01333
4	0.02718	0.28550	0.03806	0.01909	0.02671	0.02982	0.01692	0.03398	0.08368	0.06924	0.02098	0.02303	0.01728	0.01080	0.01117	0.00260	0.08188	0.00735	0.00635	0.18838
5	0.02181	0.05091	0.50868	0.02912	0.04360	0.02476	0.03643	0.03617	0.08389	0.03475	0.02182	0.02435	0.01562	0.01055	0.01013	0.00338	0.01477	0.00830	0.00521	0.01576
6	0.02968	0.02355	0.09766	0.02812	0.13810	0.01757	0.02052	0.03526	0.02533	0.20375	0.03696	0.03693	0.08426	0.01240	0.01012	0.00291	0.00990	0.01044	0.00841	0.16813
7	0.01518	0.01103	0.01547	0.01547	0.01683	0.01239	0.01132	0.01790	0.01654	0.02342	0.02971	0.04926	0.02978	0.23259	0.43781	0.01511	0.02328	0.01246	0.00587	0.00859
8	0.02192	0.01879	0.02192	0.01566	0.02506	0.01409	0.01253	0.02662	0.02192	0.03445	0.01879	0.02192	0.01566	0.00783	0.00783	0.00157	0.00783	0.00626	0.00626	0.69305
9	0.01527	0.01068	0.01370	0.01370	0.01446	0.01143	0.00912	0.01677	0.01602	0.02211	0.03133	0.05819	0.03366	0.40990	0.26581	0.01293	0.01744	0.01377	0.00611	0.00761
10	0.02583	0.17584	0.04369	0.10890	0.23015	0.02944	0.07843	0.03557	0.10684	0.03272	0.02236	0.02651	0.01806	0.01021	0.00983	0.00309	0.01232	0.00922	0.00589	0.01509
11	0.02679	0.51355	0.16370	0.02061	0.03103	0.03822	0.02247	0.03204	0.02166	0.02667	0.01559	0.01808	0.01353	0.00925	0.00747	0.00249	0.01221	0.00610	0.00451	0.01400

[dist]
# distance from previous block
# <min> <max>
0	2

# created by:
# /st0/software/busco_prod/Augustus/scripts/msa2prfl.pl ./align_prep/6718.fa
