[name]
unknown

[dist]
# distance from previous block
# <min> <max>
0	18

[block]
# block no. 0 follows, 13 sequences, length 67
# corresponding to MSA columns:
# 18-84
name=unknown_A
#
# <colnr> <probs for GDERKNQSTAVLIFYWHMCP>
#	G	D	E	R	K	N	Q	S	T	A	V	L	I	F	Y	W	H	M	C	P
0	0.12711	0.02191	0.08586	0.06389	0.03063	0.01883	0.01956	0.07658	0.02678	0.18644	0.03636	0.05525	0.03139	0.01689	0.01116	0.00377	0.01048	0.15402	0.00929	0.01382
1	0.02598	0.43967	0.18653	0.02102	0.03178	0.03533	0.02309	0.03176	0.02173	0.02780	0.01610	0.01871	0.01368	0.00921	0.00770	0.00249	0.01216	0.00626	0.00464	0.06436
2	0.02745	0.56747	0.11554	0.01949	0.02930	0.03983	0.02053	0.03187	0.02158	0.02587	0.01520	0.01758	0.01355	0.00916	0.00716	0.00239	0.01181	0.00590	0.00452	0.01381
3	0.01504	0.01030	0.01144	0.01144	0.01185	0.01010	0.00660	0.01535	0.01639	0.02144	0.04188	0.07297	0.09875	0.55860	0.04902	0.00948	0.00968	0.01618	0.00680	0.00670
4	0.01510	0.01133	0.01699	0.01699	0.01888	0.01322	0.01322	0.01888	0.01699	0.02454	0.02832	0.04154	0.02643	0.07930	0.58652	0.01699	0.02832	0.01133	0.00566	0.00944
5	0.01421	0.01023	0.01346	0.01382	0.01563	0.00947	0.00992	0.01806	0.02642	0.03682	0.37641	0.27535	0.08897	0.02578	0.01284	0.00368	0.00540	0.02308	0.01098	0.00947
6	0.01997	0.01879	0.03171	0.60301	0.07282	0.02349	0.02936	0.02701	0.02114	0.02701	0.01879	0.02819	0.01409	0.01057	0.01057	0.00352	0.01409	0.00940	0.00470	0.01175
7	0.01510	0.01133	0.01699	0.01699	0.01888	0.01322	0.01322	0.01888	0.01699	0.02454	0.02832	0.04154	0.02643	0.07930	0.58652	0.01699	0.02832	0.01133	0.00566	0.00944
8	0.01510	0.01133	0.01699	0.01699	0.01888	0.01322	0.01322	0.01888	0.01699	0.02454	0.02832	0.04154	0.02643	0.07930	0.58652	0.01699	0.02832	0.01133	0.00566	0.00944
9	0.01478	0.01080	0.01388	0.01311	0.01568	0.00990	0.00983	0.01959	0.02949	0.04136	0.52317	0.08069	0.13412	0.02200	0.01247	0.00334	0.00502	0.01936	0.01150	0.00990
10	0.70310	0.02045	0.01554	0.01390	0.02045	0.02372	0.01145	0.03108	0.01799	0.04744	0.01472	0.01718	0.01145	0.00981	0.00654	0.00327	0.00818	0.00573	0.00654	0.01145
11	0.02313	0.02313	0.03238	0.02776	0.02776	0.03238	0.02313	0.02545	0.01619	0.02545	0.01388	0.02313	0.01388	0.01851	0.03470	0.00463	0.60907	0.00925	0.00463	0.01157
12	0.02521	0.02414	0.04118	0.14835	0.48652	0.02487	0.03197	0.03161	0.02362	0.03337	0.01972	0.02648	0.01634	0.00960	0.01048	0.00320	0.01280	0.00942	0.00515	0.01597
13	0.70310	0.02045	0.01554	0.01390	0.02045	0.02372	0.01145	0.03108	0.01799	0.04744	0.01472	0.01718	0.01145	0.00981	0.00654	0.00327	0.00818	0.00573	0.00654	0.01145
14	0.02458	0.02403	0.04255	0.18850	0.38899	0.02493	0.08877	0.03134	0.02349	0.03270	0.01981	0.02691	0.01604	0.00963	0.01072	0.00328	0.01353	0.00977	0.00512	0.01529
15	0.01538	0.01025	0.01153	0.01153	0.01153	0.01025	0.00641	0.01538	0.01538	0.02050	0.03331	0.06919	0.03844	0.62842	0.05382	0.01025	0.01025	0.01538	0.00641	0.00641
16	0.70310	0.02045	0.01554	0.01390	0.02045	0.02372	0.01145	0.03108	0.01799	0.04744	0.01472	0.01718	0.01145	0.00981	0.00654	0.00327	0.00818	0.00573	0.00654	0.01145
17	0.02313	0.02313	0.03238	0.02776	0.02776	0.03238	0.02313	0.02545	0.01619	0.02545	0.01388	0.02313	0.01388	0.01851	0.03470	0.00463	0.60907	0.00925	0.00463	0.01157
18	0.02121	0.05469	0.57364	0.03014	0.04576	0.02455	0.03906	0.03348	0.02232	0.03348	0.01897	0.02232	0.01339	0.01005	0.01005	0.00335	0.01563	0.00781	0.00446	0.01563
19	0.01538	0.01025	0.01153	0.01153	0.01153	0.01025	0.00641	0.01538	0.01538	0.02050	0.03331	0.06919	0.03844	0.62842	0.05382	0.01025	0.01025	0.01538	0.00641	0.00641
20	0.01288	0.00920	0.01227	0.01472	0.01534	0.00859	0.00981	0.01472	0.02024	0.02699	0.05828	0.62152	0.06993	0.03312	0.01350	0.00429	0.00613	0.03006	0.00981	0.00859
21	0.02121	0.05469	0.57364	0.03014	0.04576	0.02455	0.03906	0.03348	0.02232	0.03348	0.01897	0.02232	0.01339	0.01005	0.01005	0.00335	0.01563	0.00781	0.00446	0.01563
22	0.01536	0.01033	0.01193	0.01193	0.01207	0.01047	0.00691	0.01563	0.01550	0.02080	0.03295	0.06715	0.03755	0.58791	0.09311	0.01075	0.01158	0.01508	0.00635	0.00663
23	0.02121	0.05469	0.57364	0.03014	0.04576	0.02455	0.03906	0.03348	0.02232	0.03348	0.01897	0.02232	0.01339	0.01005	0.01005	0.00335	0.01563	0.00781	0.00446	0.01563
24	0.01483	0.01021	0.01150	0.01171	0.01218	0.00995	0.00689	0.01530	0.01681	0.02199	0.04402	0.12039	0.10145	0.50749	0.04556	0.00896	0.00933	0.01744	0.00710	0.00689
25	0.02520	0.02711	0.03581	0.33837	0.09600	0.13835	0.08473	0.03117	0.02322	0.02803	0.01831	0.02585	0.01441	0.01095	0.01238	0.00342	0.06001	0.00922	0.00496	0.01250
26	0.02278	0.02007	0.02617	0.02561	0.13368	0.01632	0.01655	0.02780	0.02236	0.03447	0.01901	0.02278	0.01588	0.00815	0.00836	0.00188	0.00879	0.00690	0.00606	0.55636
27	0.02893	0.51982	0.04902	0.01853	0.02666	0.10257	0.01756	0.03236	0.02252	0.02609	0.01638	0.01890	0.01460	0.00951	0.00715	0.00233	0.01173	0.00610	0.05612	0.01314
28	0.70310	0.02045	0.01554	0.01390	0.02045	0.02372	0.01145	0.03108	0.01799	0.04744	0.01472	0.01718	0.01145	0.00981	0.00654	0.00327	0.00818	0.00573	0.00654	0.01145
29	0.02429	0.02355	0.04113	0.21836	0.38394	0.02477	0.06792	0.03099	0.02330	0.03232	0.01968	0.02692	0.01593	0.00971	0.01065	0.00328	0.01339	0.00964	0.00509	0.01512
30	0.01288	0.00920	0.01227	0.01472	0.01534	0.00859	0.00981	0.01472	0.02024	0.02699	0.05828	0.62152	0.06993	0.03312	0.01350	0.00429	0.00613	0.03006	0.00981	0.00859
31	0.01997	0.01879	0.03171	0.60301	0.07282	0.02349	0.02936	0.02701	0.02114	0.02701	0.01879	0.02819	0.01409	0.01057	0.01057	0.00352	0.01409	0.00940	0.00470	0.01175
32	0.01510	0.01133	0.01699	0.01699	0.01888	0.01322	0.01322	0.01888	0.01699	0.02454	0.02832	0.04154	0.02643	0.07930	0.58652	0.01699	0.02832	0.01133	0.00566	0.00944
33	0.04744	0.01799	0.02454	0.01881	0.02699	0.01554	0.01554	0.05153	0.03026	0.56979	0.04171	0.03599	0.02617	0.01309	0.01063	0.00327	0.00900	0.01063	0.01309	0.01799
34	0.03950	0.05039	0.02996	0.02724	0.03269	0.58597	0.02043	0.04222	0.02996	0.02588	0.01634	0.01907	0.01362	0.01090	0.00953	0.00272	0.01907	0.00681	0.00545	0.01226
35	0.03950	0.05039	0.02996	0.02724	0.03269	0.58597	0.02043	0.04222	0.02996	0.02588	0.01634	0.01907	0.01362	0.01090	0.00953	0.00272	0.01907	0.00681	0.00545	0.01226
36	0.03901	0.02903	0.03107	0.02409	0.03234	0.03224	0.01981	0.48724	0.09161	0.06473	0.02688	0.02658	0.01919	0.01283	0.01059	0.00321	0.01136	0.00973	0.01059	0.01788
37	0.03950	0.05039	0.02996	0.02724	0.03269	0.58597	0.02043	0.04222	0.02996	0.02588	0.01634	0.01907	0.01362	0.01090	0.00953	0.00272	0.01907	0.00681	0.00545	0.01226
38	0.01510	0.01133	0.01699	0.01699	0.01888	0.01322	0.01322	0.01888	0.01699	0.02454	0.02832	0.04154	0.02643	0.07930	0.58652	0.01699	0.02832	0.01133	0.00566	0.00944
39	0.02617	0.02512	0.04292	0.06490	0.56246	0.02512	0.03245	0.03245	0.02407	0.03454	0.01989	0.02617	0.01675	0.00942	0.01047	0.00314	0.01256	0.00942	0.00523	0.01675
40	0.08657	0.04307	0.03148	0.03380	0.13820	0.43114	0.02217	0.03942	0.02788	0.02923	0.01693	0.02035	0.01409	0.01052	0.00950	0.00285	0.01694	0.00725	0.00549	0.01310
41	0.02827	0.63478	0.05540	0.01809	0.02714	0.04184	0.01809	0.03166	0.02148	0.02488	0.01470	0.01696	0.01357	0.00905	0.00678	0.00226	0.01131	0.00565	0.00452	0.01357
42	0.02761	0.03365	0.18648	0.03071	0.10966	0.02693	0.02607	0.14091	0.22052	0.04426	0.02928	0.02981	0.02176	0.01208	0.01048	0.00337	0.01171	0.00991	0.00813	0.01667
43	0.01570	0.01078	0.01288	0.01407	0.01656	0.01017	0.01119	0.01949	0.02316	0.03179	0.06624	0.17249	0.19788	0.02532	0.01221	0.00387	0.00685	0.17836	0.16163	0.00936
44	0.01250	0.01071	0.01071	0.01071	0.01428	0.00893	0.00803	0.01517	0.02410	0.02856	0.10711	0.10175	0.55817	0.02678	0.01250	0.00357	0.00536	0.02231	0.00982	0.00893
45	0.02179	0.01992	0.02946	0.43555	0.05977	0.02430	0.02573	0.03541	0.17153	0.03197	0.02577	0.03143	0.01933	0.01166	0.01062	0.00354	0.01245	0.01013	0.00644	0.01318
46	0.02386	0.02276	0.03874	0.26553	0.37990	0.02451	0.03130	0.03042	0.02298	0.03174	0.01948	0.02692	0.01576	0.00985	0.01051	0.00328	0.01313	0.00941	0.00503	0.01488
47	0.02333	0.05419	0.51055	0.02980	0.04424	0.08970	0.03690	0.03450	0.02321	0.03260	0.01867	0.02194	0.01342	0.01014	0.00999	0.00328	0.01603	0.00770	0.00458	0.01523
48	0.07024	0.01362	0.01653	0.01640	0.01984	0.01382	0.01319	0.02770	0.08569	0.07490	0.19619	0.11622	0.06117	0.02179	0.01206	0.00382	0.00741	0.15949	0.05866	0.01124
49	0.01716	0.01274	0.01662	0.01626	0.01850	0.01444	0.01222	0.02432	0.09566	0.02795	0.03178	0.04549	0.02927	0.15235	0.37205	0.01283	0.02070	0.01196	0.05763	0.01007
50	0.01496	0.01081	0.01413	0.01330	0.01580	0.00998	0.00998	0.01995	0.02993	0.04240	0.55689	0.07898	0.09976	0.02162	0.01247	0.00333	0.00499	0.01912	0.01164	0.00998
51	0.08467	0.02940	0.02936	0.02325	0.03112	0.07790	0.01895	0.38137	0.08142	0.09737	0.02641	0.02612	0.01884	0.01250	0.01023	0.00318	0.01160	0.00929	0.01006	0.01695
52	0.02404	0.07241	0.08957	0.12689	0.19056	0.02497	0.16305	0.03123	0.02323	0.03240	0.01951	0.02550	0.01548	0.00926	0.01035	0.00304	0.01373	0.00939	0.00521	0.11018
53	0.03902	0.02787	0.14404	0.02222	0.03186	0.02069	0.02133	0.11124	0.07468	0.34248	0.03474	0.03192	0.02284	0.01248	0.01051	0.00330	0.01073	0.00999	0.01069	0.01737
54	0.01474	0.01090	0.01383	0.01337	0.01603	0.00998	0.01021	0.01937	0.02862	0.03948	0.45044	0.08549	0.16680	0.02298	0.01264	0.00348	0.00540	0.05523	0.01122	0.00980
55	0.01361	0.01023	0.01278	0.01452	0.01635	0.00940	0.01075	0.01630	0.02218	0.02838	0.07188	0.37093	0.20871	0.03051	0.01343	0.00420	0.00663	0.12049	0.00980	0.00892
56	0.03079	0.16977	0.10433	0.08056	0.11705	0.06933	0.09268	0.03680	0.02487	0.14143	0.02294	0.02558	0.01701	0.01030	0.00982	0.00305	0.01323	0.00883	0.00659	0.01504
57	0.02121	0.05469	0.57364	0.03014	0.04576	0.02455	0.03906	0.03348	0.02232	0.03348	0.01897	0.02232	0.01339	0.01005	0.01005	0.00335	0.01563	0.00781	0.00446	0.01563
58	0.01396	0.00996	0.01298	0.01386	0.01520	0.00931	0.00959	0.01696	0.02386	0.03286	0.26401	0.34791	0.07966	0.07944	0.01653	0.00440	0.00601	0.02424	0.01028	0.00898
59	0.03032	0.02313	0.03815	0.09327	0.41193	0.02294	0.02858	0.03618	0.02520	0.14962	0.02452	0.02843	0.01859	0.01029	0.01051	0.00320	0.01190	0.00968	0.00689	0.01666
60	0.02069	0.01953	0.03301	0.54056	0.12964	0.02368	0.02972	0.02764	0.02148	0.02789	0.01892	0.02795	0.01440	0.01044	0.01056	0.00348	0.01392	0.00940	0.00476	0.01233
61	0.01250	0.01071	0.01071	0.01071	0.01428	0.00893	0.00803	0.01517	0.02410	0.02856	0.10711	0.10175	0.55817	0.02678	0.01250	0.00357	0.00536	0.02231	0.00982	0.00893
62	0.01402	0.01077	0.01283	0.01231	0.01522	0.00958	0.00924	0.01813	0.02771	0.03712	0.38532	0.08767	0.27462	0.02358	0.01248	0.00342	0.00513	0.02034	0.01094	0.00958
63	0.02435	0.03140	0.21657	0.07206	0.11121	0.02144	0.02642	0.06976	0.06469	0.08197	0.07405	0.10037	0.03074	0.01445	0.01090	0.00344	0.01166	0.01239	0.00749	0.01466
64	0.02561	0.41620	0.25068	0.02263	0.03415	0.03532	0.02599	0.03235	0.02180	0.02812	0.01631	0.01898	0.01350	0.00942	0.00801	0.00267	0.01293	0.00647	0.00450	0.01434
65	0.04071	0.02879	0.03122	0.02393	0.03238	0.03156	0.01977	0.49333	0.04833	0.10247	0.02655	0.02614	0.01856	0.01272	0.01058	0.00318	0.01145	0.00960	0.01076	0.01798
66	0.02295	0.16959	0.42562	0.02893	0.04281	0.02823	0.07599	0.03315	0.02238	0.03178	0.01832	0.02177	0.01365	0.00975	0.00959	0.00315	0.01494	0.00777	0.00455	0.01509

[dist]
# distance from previous block
# <min> <max>
0	10

[block]
# block no. 1 follows, 13 sequences, length 78
# corresponding to MSA columns:
# 95-172
name=unknown_B
#
# <colnr> <probs for GDERKNQSTAVLIFYWHMCP>
#	G	D	E	R	K	N	Q	S	T	A	V	L	I	F	Y	W	H	M	C	P
0	0.01368	0.01076	0.01236	0.01196	0.01501	0.00943	0.00897	0.01748	0.02691	0.03523	0.32373	0.09079	0.33740	0.02429	0.01248	0.00345	0.00518	0.02078	0.01070	0.00943
1	0.01431	0.01054	0.01371	0.01572	0.01751	0.00994	0.01210	0.01739	0.02240	0.02894	0.06607	0.34907	0.15283	0.03060	0.01372	0.00437	0.00729	0.19465	0.00979	0.00906
2	0.02568	0.02462	0.04203	0.10739	0.52380	0.02499	0.03221	0.03202	0.02384	0.03395	0.01980	0.02633	0.01654	0.00951	0.01048	0.00317	0.01268	0.00942	0.00519	0.01635
3	0.08414	0.05153	0.52213	0.02864	0.04343	0.02448	0.03652	0.03326	0.02192	0.03477	0.01858	0.02185	0.01321	0.01002	0.00972	0.00334	0.01494	0.00762	0.00466	0.01524
4	0.02827	0.63478	0.05540	0.01809	0.02714	0.04184	0.01809	0.03166	0.02148	0.02488	0.01470	0.01696	0.01357	0.00905	0.00678	0.00226	0.01131	0.00565	0.00452	0.01357
5	0.02827	0.63478	0.05540	0.01809	0.02714	0.04184	0.01809	0.03166	0.02148	0.02488	0.01470	0.01696	0.01357	0.00905	0.00678	0.00226	0.01131	0.00565	0.00452	0.01357
6	0.03242	0.03409	0.12756	0.15981	0.09169	0.17295	0.02576	0.03848	0.02612	0.15539	0.02362	0.02633	0.01691	0.01105	0.01020	0.00318	0.01437	0.00871	0.00687	0.01450
7	0.03594	0.09139	0.07602	0.03041	0.08419	0.44766	0.02288	0.03981	0.02817	0.02724	0.01677	0.01985	0.01390	0.01055	0.00946	0.00278	0.01760	0.00705	0.00528	0.01305
8	0.01837	0.00918	0.01377	0.01377	0.01377	0.00918	0.00918	0.01377	0.01377	0.01837	0.01837	0.03214	0.01837	0.03673	0.04132	0.69238	0.00918	0.00918	0.00459	0.00459
9	0.02192	0.01879	0.02192	0.01566	0.02506	0.01409	0.01253	0.02662	0.02192	0.03445	0.01879	0.02192	0.01566	0.00783	0.00783	0.00157	0.00783	0.00626	0.00626	0.69305
10	0.02661	0.03573	0.30592	0.02365	0.03472	0.01909	0.02655	0.03486	0.02469	0.16676	0.06965	0.07830	0.02801	0.01339	0.01049	0.00327	0.01179	0.01106	0.00773	0.06773
11	0.12851	0.01896	0.02121	0.01571	0.02455	0.01571	0.01267	0.02982	0.02217	0.09052	0.02049	0.02262	0.01608	0.00866	0.00792	0.00200	0.00800	0.00662	0.00700	0.52078
12	0.02827	0.63478	0.05540	0.01809	0.02714	0.04184	0.01809	0.03166	0.02148	0.02488	0.01470	0.01696	0.01357	0.00905	0.00678	0.00226	0.01131	0.00565	0.00452	0.01357
13	0.02094	0.01978	0.03347	0.51879	0.14945	0.02375	0.02985	0.02786	0.02160	0.02819	0.01896	0.02787	0.01451	0.01039	0.01055	0.00346	0.01385	0.00940	0.00478	0.01253
14	0.08209	0.01903	0.10733	0.01616	0.02123	0.01372	0.01496	0.02327	0.02752	0.04140	0.41535	0.06362	0.07692	0.01856	0.01150	0.00332	0.00706	0.01595	0.00996	0.01106
15	0.70310	0.02045	0.01554	0.01390	0.02045	0.02372	0.01145	0.03108	0.01799	0.04744	0.01472	0.01718	0.01145	0.00981	0.00654	0.00327	0.00818	0.00573	0.00654	0.01145
16	0.02356	0.02143	0.03481	0.45823	0.06493	0.02524	0.07793	0.10408	0.02589	0.03376	0.02006	0.02779	0.01488	0.01073	0.01076	0.00347	0.01410	0.00973	0.00566	0.01295
17	0.02496	0.02852	0.06239	0.04456	0.05526	0.02674	0.52406	0.03387	0.02496	0.03387	0.02139	0.02852	0.01604	0.00891	0.01248	0.00357	0.01783	0.01248	0.00535	0.01426
18	0.02121	0.05469	0.57364	0.03014	0.04576	0.02455	0.03906	0.03348	0.02232	0.03348	0.01897	0.02232	0.01339	0.01005	0.01005	0.00335	0.01563	0.00781	0.00446	0.01563
19	0.01288	0.00920	0.01227	0.01472	0.01534	0.00859	0.00981	0.01472	0.02024	0.02699	0.05828	0.62152	0.06993	0.03312	0.01350	0.00429	0.00613	0.03006	0.00981	0.00859
20	0.02168	0.05174	0.52291	0.02934	0.04408	0.02472	0.03700	0.03558	0.07041	0.03448	0.02119	0.02390	0.01514	0.01044	0.01011	0.00337	0.01496	0.00820	0.00505	0.01573
21	0.01350	0.01075	0.01210	0.01176	0.01490	0.00935	0.00882	0.01712	0.02647	0.03419	0.28989	0.09250	0.37189	0.02468	0.01249	0.00347	0.00521	0.02102	0.01056	0.00935
22	0.01426	0.01078	0.01315	0.01256	0.01536	0.00968	0.00942	0.01858	0.02826	0.03844	0.42813	0.08550	0.23099	0.02309	0.01248	0.00340	0.00509	0.02004	0.01112	0.00968
23	0.01529	0.01133	0.01647	0.01638	0.01832	0.01093	0.04505	0.01860	0.02204	0.03067	0.13732	0.30977	0.06155	0.08597	0.05903	0.00547	0.00894	0.05847	0.05914	0.00926
24	0.70310	0.02045	0.01554	0.01390	0.02045	0.02372	0.01145	0.03108	0.01799	0.04744	0.01472	0.01718	0.01145	0.00981	0.00654	0.00327	0.00818	0.00573	0.00654	0.01145
25	0.26198	0.18139	0.16838	0.02116	0.03042	0.11887	0.02147	0.03362	0.02185	0.03502	0.01605	0.01873	0.01280	0.00986	0.00797	0.00296	0.01256	0.00641	0.00536	0.01314
26	0.02406	0.19177	0.30585	0.02918	0.04149	0.02940	0.12327	0.03486	0.06301	0.03225	0.02023	0.02348	0.01540	0.00992	0.00975	0.00314	0.01440	0.00847	0.00513	0.01494
27	0.02313	0.02313	0.03238	0.02776	0.02776	0.03238	0.02313	0.02545	0.01619	0.02545	0.01388	0.02313	0.01388	0.01851	0.03470	0.00463	0.60907	0.00925	0.00463	0.01157
28	0.02054	0.01286	0.01439	0.01311	0.01752	0.01156	0.01014	0.02584	0.06398	0.12906	0.12142	0.07887	0.34744	0.02191	0.01165	0.00342	0.00617	0.01827	0.06055	0.01129
29	0.03844	0.03193	0.08174	0.02486	0.03399	0.03203	0.02185	0.48165	0.04718	0.06358	0.02479	0.02510	0.01756	0.01245	0.01053	0.00319	0.01200	0.00936	0.01001	0.01776
30	0.01535	0.01034	0.01197	0.01197	0.01212	0.01049	0.00695	0.01566	0.01551	0.02083	0.03291	0.06697	0.03747	0.58424	0.09667	0.01079	0.01170	0.01505	0.00635	0.00665
31	0.02937	0.02221	0.02773	0.02298	0.02966	0.02398	0.06753	0.09518	0.32540	0.11767	0.08639	0.04016	0.03465	0.01413	0.01106	0.00348	0.00941	0.01225	0.01060	0.01615
32	0.02453	0.01926	0.02014	0.01839	0.02342	0.02188	0.01423	0.04772	0.40347	0.04294	0.04074	0.03944	0.03089	0.01380	0.00985	0.00328	0.00744	0.01139	0.19230	0.01489
33	0.03531	0.02333	0.02612	0.02157	0.02876	0.02527	0.01731	0.17858	0.28366	0.18345	0.03807	0.03488	0.02698	0.01359	0.01068	0.00340	0.00938	0.01098	0.01130	0.01738
34	0.02605	0.02545	0.04479	0.06294	0.51375	0.02528	0.07967	0.03259	0.02416	0.03448	0.02003	0.02639	0.01668	0.00937	0.01066	0.00318	0.01307	0.00971	0.00524	0.01651
35	0.01268	0.00998	0.01146	0.01265	0.01479	0.00876	0.00890	0.01496	0.02223	0.02780	0.08348	0.35327	0.32191	0.02985	0.01298	0.00392	0.00573	0.02606	0.00982	0.00876
36	0.70310	0.02045	0.01554	0.01390	0.02045	0.02372	0.01145	0.03108	0.01799	0.04744	0.01472	0.01718	0.01145	0.00981	0.00654	0.00327	0.00818	0.00573	0.00654	0.01145
37	0.04019	0.02962	0.03173	0.02433	0.03279	0.03279	0.02010	0.52721	0.04971	0.06663	0.02538	0.02538	0.01798	0.01269	0.01058	0.00317	0.01163	0.00952	0.01058	0.01798
38	0.01344	0.00963	0.01277	0.01434	0.01546	0.00896	0.00986	0.01613	0.02284	0.03113	0.19211	0.47590	0.07794	0.03004	0.01322	0.00403	0.00583	0.02712	0.01030	0.00896
39	0.01320	0.00943	0.01264	0.01509	0.01584	0.00887	0.01037	0.01528	0.02056	0.02735	0.05810	0.58258	0.06923	0.03282	0.01358	0.00434	0.00641	0.06582	0.00981	0.00868
40	0.02635	0.28318	0.05946	0.03344	0.04345	0.03308	0.31153	0.03294	0.02350	0.03009	0.01858	0.02366	0.01500	0.00897	0.01009	0.00302	0.01509	0.00961	0.00500	0.01397
41	0.01496	0.01081	0.01413	0.01330	0.01580	0.00998	0.00998	0.01995	0.02993	0.04240	0.55689	0.07898	0.09976	0.02162	0.01247	0.00333	0.00499	0.01912	0.01164	0.00998
42	0.02496	0.02852	0.06239	0.04456	0.05526	0.02674	0.52406	0.03387	0.02496	0.03387	0.02139	0.02852	0.01604	0.00891	0.01248	0.00357	0.01783	0.01248	0.00535	0.01426
43	0.03612	0.03847	0.03684	0.03275	0.08716	0.28297	0.10105	0.18093	0.03435	0.03982	0.02011	0.02308	0.01557	0.01096	0.01039	0.00303	0.01609	0.00874	0.00690	0.01467
44	0.03823	0.02772	0.02963	0.02294	0.03082	0.03059	0.01888	0.47894	0.04707	0.06402	0.02626	0.02673	0.01886	0.01266	0.01027	0.00310	0.01099	0.00955	0.07556	0.01720
45	0.02821	0.02444	0.04115	0.06047	0.51103	0.02420	0.03082	0.03428	0.02467	0.08595	0.02198	0.02711	0.01765	0.00977	0.01048	0.00315	0.01222	0.00954	0.00599	0.01687
46	0.02827	0.63478	0.05540	0.01809	0.02714	0.04184	0.01809	0.03166	0.02148	0.02488	0.01470	0.01696	0.01357	0.00905	0.00678	0.00226	0.01131	0.00565	0.00452	0.01357
47	0.02192	0.01879	0.02192	0.01566	0.02506	0.01409	0.01253	0.02662	0.02192	0.03445	0.01879	0.02192	0.01566	0.00783	0.00783	0.00157	0.00783	0.00626	0.00626	0.69305
48	0.02482	0.35185	0.30816	0.02397	0.03622	0.03341	0.02832	0.03255	0.02189	0.02907	0.01678	0.01958	0.01348	0.00953	0.00837	0.00279	0.01341	0.00671	0.00449	0.01457
49	0.70310	0.02045	0.01554	0.01390	0.02045	0.02372	0.01145	0.03108	0.01799	0.04744	0.01472	0.01718	0.01145	0.00981	0.00654	0.00327	0.00818	0.00573	0.00654	0.01145
50	0.01330	0.00938	0.01215	0.01419	0.01470	0.00886	0.00925	0.01483	0.01943	0.02591	0.05412	0.52965	0.06469	0.13214	0.02020	0.00528	0.00682	0.02762	0.00925	0.00823
51	0.02059	0.01943	0.03284	0.54864	0.12229	0.02366	0.02968	0.02756	0.02144	0.02777	0.01890	0.02798	0.01436	0.01045	0.01056	0.00348	0.01394	0.00940	0.00475	0.01225
52	0.01946	0.01771	0.02238	0.02195	0.07175	0.05674	0.06459	0.02618	0.06803	0.03583	0.21120	0.06431	0.18780	0.01846	0.01154	0.00331	0.00839	0.01618	0.06274	0.01146
53	0.01538	0.01025	0.01153	0.01153	0.01153	0.01025	0.00641	0.01538	0.01538	0.02050	0.03331	0.06919	0.03844	0.62842	0.05382	0.01025	0.01025	0.01538	0.00641	0.00641
54	0.01510	0.01133	0.01699	0.01699	0.01888	0.01322	0.01322	0.01888	0.01699	0.02454	0.02832	0.04154	0.02643	0.07930	0.58652	0.01699	0.02832	0.01133	0.00566	0.00944
55	0.01510	0.01133	0.01699	0.01699	0.01888	0.01322	0.01322	0.01888	0.01699	0.02454	0.02832	0.04154	0.02643	0.07930	0.58652	0.01699	0.02832	0.01133	0.00566	0.00944
56	0.01313	0.00931	0.01219	0.01440	0.01495	0.00876	0.00947	0.01479	0.01975	0.02633	0.05575	0.56572	0.06675	0.09327	0.01757	0.00490	0.00655	0.02857	0.00947	0.00837
57	0.01477	0.01080	0.01387	0.01310	0.01568	0.00989	0.00982	0.01958	0.02947	0.04132	0.52186	0.08075	0.13546	0.02202	0.01247	0.00334	0.00502	0.01937	0.01150	0.00989
58	0.02496	0.02852	0.06239	0.04456	0.05526	0.02674	0.52406	0.03387	0.02496	0.03387	0.02139	0.02852	0.01604	0.00891	0.01248	0.00357	0.01783	0.01248	0.00535	0.01426
59	0.02827	0.63478	0.05540	0.01809	0.02714	0.04184	0.01809	0.03166	0.02148	0.02488	0.01470	0.01696	0.01357	0.00905	0.00678	0.00226	0.01131	0.00565	0.00452	0.01357
60	0.01286	0.00930	0.01216	0.01445	0.01526	0.00861	0.00969	0.01475	0.02050	0.02710	0.06159	0.58626	0.10305	0.03269	0.01343	0.00424	0.00608	0.02953	0.00981	0.00861
61	0.02617	0.02512	0.04292	0.06490	0.56246	0.02512	0.03245	0.03245	0.02407	0.03454	0.01989	0.02617	0.01675	0.00942	0.01047	0.00314	0.01256	0.00942	0.00523	0.01675
62	0.02187	0.01049	0.01100	0.01055	0.01346	0.01030	0.00803	0.02673	0.02280	0.08072	0.03505	0.03915	0.02703	0.01238	0.00764	0.00253	0.00524	0.00992	0.63462	0.01049
63	0.01487	0.01034	0.01317	0.01468	0.01551	0.01012	0.01031	0.01676	0.01940	0.02566	0.04815	0.28517	0.05562	0.25999	0.02920	0.00672	0.00861	0.13919	0.00849	0.00804
64	0.02064	0.01206	0.01595	0.01426	0.01775	0.01095	0.01095	0.02547	0.02999	0.13456	0.46686	0.07147	0.08690	0.02012	0.01215	0.00332	0.00569	0.01764	0.01189	0.01138
65	0.01465	0.00995	0.01174	0.01245	0.01263	0.00977	0.00739	0.01519	0.01678	0.02238	0.04054	0.22901	0.04755	0.45616	0.04215	0.00853	0.00906	0.01962	0.00739	0.00704
66	0.04019	0.02962	0.03173	0.02433	0.03279	0.03279	0.02010	0.52721	0.04971	0.06663	0.02538	0.02538	0.01798	0.01269	0.01058	0.00317	0.01163	0.00952	0.01058	0.01798
67	0.01285	0.00932	0.01214	0.01440	0.01525	0.00862	0.00967	0.01476	0.02055	0.02712	0.06220	0.57970	0.10921	0.03261	0.01341	0.00424	0.00607	0.02943	0.00982	0.00862
68	0.01273	0.01057	0.01113	0.01132	0.01451	0.00897	0.00836	0.01550	0.02416	0.02948	0.13720	0.15249	0.47314	0.02702	0.01260	0.00362	0.00541	0.02285	0.00996	0.00897
69	0.03820	0.03483	0.02925	0.02445	0.03142	0.22386	0.01930	0.24235	0.12340	0.08766	0.02642	0.02634	0.01947	0.01237	0.01025	0.00309	0.01349	0.00906	0.00901	0.01577
70	0.03187	0.01648	0.02082	0.01791	0.02315	0.01576	0.01394	0.11933	0.03041	0.25583	0.09621	0.22528	0.04614	0.02027	0.01172	0.00359	0.00814	0.01749	0.01146	0.01418
71	0.02313	0.02313	0.03238	0.02776	0.02776	0.03238	0.02313	0.02545	0.01619	0.02545	0.01388	0.02313	0.01388	0.01851	0.03470	0.00463	0.60907	0.00925	0.00463	0.01157
72	0.01607	0.01106	0.01384	0.01487	0.01589	0.01106	0.01087	0.01812	0.01914	0.02518	0.04284	0.09022	0.04785	0.37672	0.03734	0.00799	0.01003	0.21529	0.00781	0.00781
73	0.02617	0.02512	0.04292	0.06490	0.56246	0.02512	0.03245	0.03245	0.02407	0.03454	0.01989	0.02617	0.01675	0.00942	0.01047	0.00314	0.01256	0.00942	0.00523	0.01675
74	0.01293	0.01073	0.01131	0.01116	0.01455	0.00911	0.00837	0.01601	0.02512	0.03098	0.18585	0.09777	0.47792	0.02587	0.01249	0.00353	0.00529	0.02176	0.01014	0.00911
75	0.02630	0.02656	0.05013	0.10553	0.21668	0.02648	0.26885	0.08011	0.02667	0.03654	0.02103	0.02744	0.01626	0.00961	0.01146	0.00339	0.01517	0.01091	0.00575	0.01516
76	0.02192	0.01879	0.02192	0.01566	0.02506	0.01409	0.01253	0.02662	0.02192	0.03445	0.01879	0.02192	0.01566	0.00783	0.00783	0.00157	0.00783	0.00626	0.00626	0.69305
77	0.01250	0.01071	0.01071	0.01071	0.01428	0.00893	0.00803	0.01517	0.02410	0.02856	0.10711	0.10175	0.55817	0.02678	0.01250	0.00357	0.00536	0.02231	0.00982	0.00893

[dist]
# distance from previous block
# <min> <max>
0	188

# created by:
# /st0/software/busco_prod/Augustus/scripts/msa2prfl.pl ./align_prep/6721.fa
