[name]
unknown

[dist]
# distance from previous block
# <min> <max>
0	715

[block]
# block no. 0 follows, 12 sequences, length 55
# corresponding to MSA columns:
# 738-792
name=unknown_A
#
# <colnr> <probs for GDERKNQSTAVLIFYWHMCP>
#	G	D	E	R	K	N	Q	S	T	A	V	L	I	F	Y	W	H	M	C	P
0	0.01328	0.00949	0.01265	0.01518	0.01581	0.00886	0.01012	0.01518	0.02088	0.02783	0.06010	0.60969	0.07212	0.03416	0.01392	0.00443	0.00633	0.03100	0.01012	0.00886
1	0.08544	0.02644	0.02995	0.02365	0.03100	0.09943	0.07082	0.14756	0.03251	0.22082	0.03034	0.03371	0.02243	0.07805	0.01555	0.00409	0.01243	0.01054	0.00970	0.01552
2	0.02612	0.02455	0.04269	0.05839	0.43617	0.02435	0.08240	0.03273	0.02471	0.03610	0.02234	0.02876	0.01837	0.00999	0.01067	0.00321	0.01268	0.01011	0.07947	0.01621
3	0.03372	0.01519	0.02043	0.01682	0.02259	0.01342	0.01342	0.03835	0.03105	0.32362	0.27002	0.05724	0.06144	0.01749	0.01183	0.00340	0.00740	0.01494	0.01282	0.01480
4	0.01388	0.01046	0.01299	0.01477	0.01662	0.00957	0.01082	0.01655	0.02276	0.02911	0.07464	0.37887	0.21066	0.03155	0.01380	0.00431	0.00671	0.10266	0.01011	0.00916
5	0.04810	0.01988	0.02612	0.02003	0.02849	0.01799	0.01654	0.10376	0.03342	0.50260	0.04116	0.03591	0.02606	0.01345	0.01096	0.00336	0.00958	0.01084	0.01321	0.01855
6	0.09520	0.02460	0.03073	0.08542	0.03672	0.02627	0.05388	0.21780	0.09100	0.18105	0.03046	0.03035	0.02114	0.01261	0.01072	0.00342	0.01135	0.01024	0.01018	0.01685
7	0.03105	0.01381	0.01807	0.01624	0.02083	0.01241	0.01241	0.03459	0.02602	0.27495	0.04780	0.24284	0.04332	0.02076	0.01143	0.00360	0.00747	0.01800	0.13082	0.01358
8	0.69383	0.02109	0.01603	0.01434	0.02109	0.02446	0.01181	0.03205	0.01856	0.04892	0.01518	0.01771	0.01181	0.01012	0.00675	0.00337	0.00843	0.00590	0.00675	0.01181
9	0.01516	0.01113	0.01419	0.01343	0.01612	0.01017	0.01007	0.02004	0.03021	0.04217	0.49595	0.08400	0.15094	0.02287	0.01286	0.00346	0.00519	0.02008	0.01180	0.01017
10	0.04519	0.01856	0.02421	0.01882	0.02663	0.01676	0.01546	0.08572	0.03184	0.46167	0.04089	0.03665	0.02644	0.01338	0.01059	0.00327	0.00903	0.01079	0.08646	0.01763
11	0.04145	0.03054	0.03272	0.02509	0.03381	0.03381	0.02072	0.51243	0.05127	0.06872	0.02618	0.02618	0.01854	0.01309	0.01091	0.00327	0.01200	0.00982	0.01091	0.01854
12	0.02059	0.01938	0.03270	0.59060	0.07510	0.02422	0.03028	0.02786	0.02180	0.02786	0.01938	0.02907	0.01453	0.01090	0.01090	0.00363	0.01453	0.00969	0.00484	0.01211
13	0.02059	0.01938	0.03270	0.59060	0.07510	0.02422	0.03028	0.02786	0.02180	0.02786	0.01938	0.02907	0.01453	0.01090	0.01090	0.00363	0.01453	0.00969	0.00484	0.01211
14	0.23224	0.02016	0.02525	0.06812	0.08630	0.02021	0.01782	0.04286	0.02608	0.31013	0.03059	0.02972	0.02053	0.01190	0.00971	0.00338	0.00985	0.00925	0.00997	0.01594
15	0.03732	0.01844	0.02180	0.01753	0.02400	0.01813	0.01422	0.15022	0.03299	0.26512	0.03654	0.03579	0.02536	0.01313	0.00980	0.00306	0.00846	0.01042	0.24201	0.01566
16	0.02415	0.23431	0.40242	0.02718	0.04116	0.03091	0.03350	0.03394	0.02275	0.03174	0.01818	0.02129	0.01387	0.01004	0.00930	0.00310	0.01472	0.00736	0.00462	0.01545
17	0.08349	0.25560	0.28376	0.02434	0.03631	0.03185	0.02796	0.03569	0.06678	0.03354	0.01977	0.02211	0.01541	0.01035	0.00889	0.00306	0.01318	0.00744	0.00538	0.01507
18	0.01325	0.00963	0.01251	0.01482	0.01572	0.00889	0.00996	0.01522	0.02122	0.02798	0.06452	0.56535	0.11360	0.03358	0.01383	0.00436	0.00626	0.03030	0.01012	0.00889
19	0.01289	0.01105	0.01105	0.01105	0.01473	0.00920	0.00828	0.01565	0.02485	0.02946	0.11046	0.10493	0.54437	0.02761	0.01289	0.00368	0.00552	0.02301	0.01013	0.00920
20	0.02176	0.02078	0.10623	0.01686	0.02147	0.01548	0.01451	0.06761	0.02260	0.07524	0.04018	0.05984	0.08725	0.34389	0.03538	0.00734	0.01096	0.01436	0.00765	0.01061
21	0.11151	0.09362	0.32502	0.02934	0.08344	0.02549	0.03070	0.03665	0.02372	0.11099	0.02210	0.02425	0.01578	0.01063	0.00973	0.00331	0.01349	0.00816	0.00623	0.01584
22	0.69383	0.02109	0.01603	0.01434	0.02109	0.02446	0.01181	0.03205	0.01856	0.04892	0.01518	0.01771	0.01181	0.01012	0.00675	0.00337	0.00843	0.00590	0.00675	0.01181
23	0.02076	0.02255	0.07779	0.37629	0.09783	0.02379	0.02850	0.02732	0.02148	0.02887	0.02336	0.09100	0.02093	0.01420	0.01392	0.00380	0.07784	0.01185	0.00543	0.01249
24	0.01543	0.01115	0.01457	0.01372	0.01629	0.01029	0.01029	0.02058	0.03086	0.04372	0.54304	0.08145	0.10288	0.02229	0.01286	0.00343	0.00514	0.01972	0.01200	0.01029
25	0.02853	0.02340	0.03995	0.19242	0.31333	0.02412	0.06515	0.03507	0.02507	0.11137	0.02370	0.02921	0.01797	0.01054	0.01100	0.00339	0.01321	0.01013	0.00647	0.01595
26	0.01515	0.01113	0.01419	0.01342	0.01612	0.01017	0.01007	0.02003	0.03020	0.04215	0.49536	0.08404	0.15154	0.02288	0.01286	0.00346	0.00519	0.02008	0.01180	0.01017
27	0.04073	0.05197	0.03090	0.02809	0.03371	0.57303	0.02107	0.04354	0.03090	0.02669	0.01685	0.01966	0.01404	0.01124	0.00983	0.00281	0.01966	0.00702	0.00562	0.01264
28	0.69383	0.02109	0.01603	0.01434	0.02109	0.02446	0.01181	0.03205	0.01856	0.04892	0.01518	0.01771	0.01181	0.01012	0.00675	0.00337	0.00843	0.00590	0.00675	0.01181
29	0.02347	0.02576	0.06851	0.12892	0.04289	0.07023	0.15010	0.03421	0.10239	0.03676	0.15696	0.04303	0.04029	0.01393	0.01182	0.00352	0.01283	0.01315	0.00784	0.01341
30	0.02351	0.01731	0.02330	0.02627	0.12458	0.01726	0.01670	0.03373	0.12872	0.09776	0.24756	0.05976	0.10251	0.01782	0.01189	0.00346	0.00787	0.01560	0.01052	0.01387
31	0.01500	0.01113	0.01397	0.01326	0.01602	0.01010	0.00994	0.01973	0.02983	0.04128	0.46884	0.08548	0.17861	0.02320	0.01286	0.00347	0.00521	0.02028	0.01168	0.01010
32	0.02915	0.02525	0.02609	0.02262	0.02784	0.07400	0.01783	0.16234	0.20703	0.04600	0.08963	0.08768	0.03670	0.01703	0.01410	0.00366	0.07472	0.01335	0.00988	0.01510
33	0.02600	0.03486	0.26916	0.02602	0.03663	0.01993	0.06936	0.03472	0.02649	0.13870	0.12546	0.04469	0.03697	0.01457	0.01151	0.00357	0.01246	0.04573	0.00822	0.01493
34	0.02369	0.02284	0.03701	0.02644	0.03659	0.01904	0.18420	0.03003	0.02369	0.03532	0.02030	0.02496	0.01629	0.00846	0.00973	0.00233	0.01163	0.00867	0.00613	0.45265
35	0.38180	0.02497	0.03859	0.02911	0.03785	0.02591	0.24411	0.03339	0.02191	0.04238	0.01839	0.02318	0.01402	0.00969	0.00961	0.00352	0.01308	0.00916	0.00617	0.01316
36	0.02442	0.02139	0.02474	0.02210	0.02568	0.02595	0.01715	0.04290	0.31380	0.03663	0.03509	0.04153	0.02954	0.11622	0.02475	0.00512	0.15790	0.01221	0.00875	0.01413
37	0.02627	0.02327	0.03829	0.10200	0.19003	0.02455	0.11490	0.03683	0.11426	0.07351	0.02963	0.08177	0.02501	0.01374	0.01330	0.00367	0.05372	0.01271	0.00734	0.01520
38	0.01520	0.01114	0.01425	0.01347	0.01615	0.01019	0.01010	0.02013	0.03031	0.04242	0.50347	0.08360	0.14326	0.02278	0.01286	0.00345	0.00518	0.02002	0.01183	0.01019
39	0.03111	0.25040	0.03738	0.02174	0.02840	0.19549	0.01812	0.07187	0.08264	0.03276	0.06045	0.07251	0.02730	0.01365	0.00955	0.00294	0.01289	0.01016	0.00706	0.01361
40	0.02140	0.01492	0.01835	0.01649	0.02151	0.01294	0.01226	0.02671	0.06011	0.08933	0.04302	0.30274	0.04502	0.02148	0.01137	0.00329	0.00742	0.01897	0.00930	0.24337
41	0.17966	0.08221	0.07543	0.06584	0.03348	0.09575	0.02007	0.11625	0.07492	0.11986	0.02470	0.02565	0.01799	0.01168	0.00949	0.00325	0.01200	0.00849	0.00816	0.01510
42	0.02586	0.06474	0.03775	0.17220	0.18497	0.02509	0.07780	0.03611	0.10268	0.06819	0.07104	0.03462	0.02691	0.01204	0.01102	0.00341	0.01225	0.01114	0.00720	0.01499
43	0.02915	0.62337	0.05714	0.01866	0.02799	0.04314	0.01866	0.03265	0.02215	0.02565	0.01516	0.01749	0.01399	0.00933	0.00700	0.00233	0.01166	0.00583	0.00466	0.01399
44	0.02074	0.01821	0.02905	0.13238	0.23066	0.01866	0.02259	0.02676	0.02700	0.03791	0.25333	0.05163	0.05498	0.01553	0.01173	0.00339	0.00974	0.01417	0.00825	0.01328
45	0.01452	0.01111	0.01331	0.01276	0.01573	0.00990	0.00957	0.01881	0.02871	0.03861	0.38806	0.08986	0.26105	0.02420	0.01287	0.00352	0.00528	0.02090	0.01133	0.00990
46	0.02381	0.02641	0.16334	0.02133	0.02898	0.01821	0.02119	0.03445	0.10420	0.11099	0.09949	0.05754	0.09428	0.02346	0.06113	0.00493	0.01198	0.07125	0.00911	0.01393
47	0.01505	0.01085	0.01423	0.01398	0.01620	0.01003	0.01026	0.01961	0.02907	0.04087	0.45644	0.17617	0.09736	0.02442	0.01305	0.00361	0.00536	0.02174	0.01167	0.01003
48	0.02799	0.35342	0.04344	0.02492	0.08416	0.12274	0.01916	0.03142	0.02367	0.02731	0.02405	0.12464	0.02474	0.01412	0.00912	0.00289	0.01217	0.01095	0.00588	0.01321
49	0.51474	0.07294	0.02096	0.06485	0.02596	0.02478	0.01388	0.03069	0.02028	0.04457	0.06383	0.02451	0.02057	0.01123	0.00769	0.00331	0.00895	0.00749	0.00688	0.01189
50	0.02560	0.02432	0.04056	0.14442	0.42915	0.02465	0.03118	0.03206	0.02416	0.03440	0.02023	0.02693	0.01675	0.00976	0.01057	0.00316	0.01278	0.00943	0.00540	0.07449
51	0.02259	0.02690	0.16751	0.02660	0.07622	0.01802	0.06454	0.02983	0.02624	0.09372	0.18346	0.04971	0.07688	0.02169	0.06310	0.00474	0.01257	0.01366	0.00838	0.01362
52	0.01740	0.01311	0.01582	0.01502	0.01835	0.01221	0.01112	0.06378	0.02806	0.03831	0.23789	0.23682	0.14358	0.02464	0.01259	0.00360	0.00644	0.02161	0.01056	0.06907
53	0.02369	0.02943	0.14723	0.07246	0.04069	0.02275	0.13598	0.07049	0.08289	0.03973	0.11717	0.03760	0.03323	0.01272	0.01131	0.00333	0.01253	0.01183	0.00757	0.08738
54	0.26539	0.02240	0.02434	0.08136	0.03137	0.07069	0.05802	0.03173	0.02367	0.07928	0.07284	0.03466	0.06435	0.01271	0.00951	0.00321	0.01050	0.01004	0.00755	0.08638

[dist]
# distance from previous block
# <min> <max>
0	51

[block]
# block no. 1 follows, 12 sequences, length 22
# corresponding to MSA columns:
# 844-865
name=unknown_B
#
# <colnr> <probs for GDERKNQSTAVLIFYWHMCP>
#	G	D	E	R	K	N	Q	S	T	A	V	L	I	F	Y	W	H	M	C	P
0	0.02441	0.06277	0.02557	0.01897	0.02468	0.01768	0.05492	0.03305	0.09595	0.11670	0.27730	0.05557	0.06151	0.01678	0.01152	0.00325	0.00806	0.01476	0.01056	0.06597
1	0.11867	0.02585	0.07447	0.16200	0.11951	0.02586	0.05989	0.07294	0.06013	0.03818	0.02105	0.02629	0.01643	0.01141	0.01243	0.00343	0.06522	0.00918	0.00630	0.07076
2	0.12593	0.03635	0.26142	0.21302	0.09444	0.02488	0.03206	0.03189	0.02209	0.03469	0.01891	0.02449	0.01403	0.01044	0.01001	0.00348	0.01415	0.00839	0.00508	0.01425
3	0.02039	0.01898	0.02741	0.07423	0.06606	0.02414	0.02065	0.02332	0.01907	0.02757	0.03001	0.21415	0.03326	0.02260	0.02481	0.00445	0.31452	0.01651	0.00655	0.01134
4	0.02348	0.01901	0.01806	0.01733	0.01999	0.10690	0.01246	0.02767	0.06087	0.06531	0.03459	0.12289	0.03394	0.16141	0.11448	0.05529	0.01372	0.01422	0.06804	0.01031
5	0.01519	0.01131	0.01670	0.01713	0.01886	0.01283	0.01304	0.01875	0.01809	0.02574	0.03440	0.13808	0.03480	0.07377	0.47956	0.01532	0.02536	0.01493	0.00656	0.00959
6	0.01511	0.01069	0.01168	0.01168	0.01261	0.01023	0.00703	0.01580	0.01813	0.02324	0.05355	0.07982	0.16695	0.46819	0.04475	0.00883	0.00930	0.01766	0.00749	0.00726
7	0.02556	0.01334	0.01848	0.01801	0.02168	0.01271	0.01425	0.02923	0.02446	0.19006	0.04913	0.22596	0.04860	0.03490	0.10732	0.00644	0.01194	0.12526	0.01041	0.01224
8	0.01565	0.01192	0.01493	0.01443	0.01759	0.01039	0.01050	0.01937	0.02537	0.03541	0.24438	0.26425	0.11426	0.02463	0.01244	0.00351	0.00609	0.02184	0.01023	0.12279
9	0.03475	0.04803	0.12027	0.02868	0.03513	0.39114	0.02476	0.03914	0.02721	0.02793	0.01689	0.02093	0.01405	0.01240	0.01424	0.00324	0.11519	0.00762	0.00531	0.01311
10	0.02625	0.02481	0.04062	0.05839	0.46092	0.02400	0.03001	0.03245	0.02445	0.03561	0.02032	0.02625	0.01708	0.00944	0.01034	0.00297	0.01213	0.00917	0.00558	0.12921
11	0.02371	0.12087	0.02841	0.01657	0.02620	0.01934	0.01388	0.02833	0.02253	0.03387	0.01867	0.02175	0.01579	0.00829	0.00789	0.00174	0.00868	0.00635	0.00616	0.57097
12	0.02594	0.02457	0.04158	0.06212	0.50074	0.02450	0.03137	0.03230	0.02537	0.03635	0.06766	0.03190	0.02500	0.01085	0.01098	0.00326	0.01225	0.01062	0.00599	0.01664
13	0.69383	0.02109	0.01603	0.01434	0.02109	0.02446	0.01181	0.03205	0.01856	0.04892	0.01518	0.01771	0.01181	0.01012	0.00675	0.00337	0.00843	0.00590	0.00675	0.01181
14	0.01564	0.01142	0.01618	0.01618	0.01766	0.01290	0.01195	0.01861	0.01712	0.02431	0.03044	0.04966	0.03022	0.20976	0.44966	0.01586	0.02475	0.01268	0.00602	0.00899
15	0.01349	0.01084	0.01203	0.01222	0.01522	0.00938	0.00898	0.01663	0.02554	0.03225	0.19488	0.17414	0.38123	0.02745	0.01303	0.00374	0.00556	0.02349	0.01052	0.00938
16	0.02033	0.01016	0.01016	0.01016	0.01270	0.01016	0.00762	0.02541	0.02287	0.04065	0.03557	0.04065	0.02795	0.01270	0.00762	0.00254	0.00508	0.01016	0.67734	0.01016
17	0.04132	0.02838	0.03109	0.02410	0.03258	0.03090	0.01982	0.41518	0.08611	0.13226	0.02986	0.02878	0.02083	0.01328	0.01093	0.00332	0.01137	0.01017	0.01127	0.01844
18	0.03988	0.03530	0.03049	0.02519	0.03258	0.19880	0.02000	0.27013	0.10766	0.09049	0.02704	0.02696	0.01979	0.01277	0.01060	0.00319	0.01371	0.00938	0.00949	0.01654
19	0.02958	0.01959	0.02741	0.07303	0.13848	0.01972	0.01969	0.11297	0.03155	0.15262	0.15849	0.09153	0.04508	0.01633	0.01163	0.00345	0.00965	0.01425	0.01003	0.01493
20	0.07859	0.17395	0.07928	0.02321	0.06255	0.02797	0.01965	0.11244	0.05979	0.08371	0.02279	0.02424	0.01756	0.01052	0.00897	0.00272	0.01074	0.00790	0.00742	0.16601
21	0.12404	0.02328	0.02318	0.02001	0.02596	0.06213	0.01576	0.14545	0.15592	0.08727	0.11904	0.08049	0.03961	0.01606	0.01084	0.00348	0.00944	0.01297	0.01031	0.01477

[dist]
# distance from previous block
# <min> <max>
0	19

[block]
# block no. 2 follows, 12 sequences, length 16
# corresponding to MSA columns:
# 885-900
name=unknown_C
#
# <colnr> <probs for GDERKNQSTAVLIFYWHMCP>
#	G	D	E	R	K	N	Q	S	T	A	V	L	I	F	Y	W	H	M	C	P
0	0.32191	0.02533	0.09330	0.11891	0.03575	0.02355	0.02000	0.03747	0.07455	0.11855	0.02367	0.02567	0.01704	0.01128	0.00903	0.00346	0.01066	0.00827	0.00759	0.01400
1	0.09675	0.02674	0.07456	0.12236	0.04188	0.02547	0.09086	0.13499	0.08859	0.04360	0.02373	0.02710	0.01783	0.01096	0.01024	0.00318	0.01221	0.00940	0.00741	0.13214
2	0.45580	0.06819	0.07343	0.06045	0.02957	0.02696	0.01741	0.08897	0.02335	0.04669	0.01721	0.02005	0.01315	0.01050	0.00791	0.00331	0.01026	0.00685	0.00675	0.01319
3	0.02456	0.02382	0.04168	0.25532	0.33715	0.02543	0.07071	0.03155	0.02380	0.03275	0.02022	0.02794	0.01622	0.01010	0.01100	0.00342	0.01397	0.00996	0.00521	0.01519
4	0.01785	0.01482	0.02119	0.12785	0.08367	0.01583	0.01719	0.02496	0.08724	0.03095	0.04643	0.36825	0.05075	0.02482	0.01267	0.00406	0.00883	0.02243	0.00878	0.01142
5	0.02335	0.01295	0.01679	0.01479	0.01894	0.01157	0.01146	0.02798	0.03024	0.16778	0.36909	0.07336	0.13661	0.02076	0.01240	0.00345	0.00620	0.01796	0.01215	0.01219
6	0.01626	0.01200	0.01520	0.01540	0.01751	0.01199	0.01127	0.02236	0.07228	0.03535	0.24910	0.19976	0.07316	0.09969	0.05828	0.00567	0.00849	0.05587	0.01025	0.01012
7	0.02906	0.41296	0.11240	0.02285	0.03279	0.03784	0.05420	0.08021	0.06539	0.03296	0.01950	0.02160	0.01610	0.01023	0.00848	0.00275	0.01243	0.00746	0.00581	0.01498
8	0.01324	0.00965	0.01248	0.01475	0.01570	0.00889	0.00993	0.01523	0.02129	0.02800	0.06534	0.55710	0.12132	0.03348	0.01381	0.00435	0.00624	0.03017	0.01012	0.00889
9	0.01495	0.01032	0.01280	0.01413	0.01466	0.01006	0.00923	0.01627	0.01893	0.02515	0.04761	0.30295	0.05569	0.31085	0.03381	0.00741	0.00873	0.07009	0.00844	0.00791
10	0.08387	0.18675	0.20820	0.02629	0.03737	0.06635	0.07592	0.07206	0.02621	0.08989	0.02112	0.02335	0.01572	0.01055	0.00955	0.00312	0.01383	0.00819	0.00635	0.01529
11	0.02432	0.11909	0.13876	0.02394	0.03464	0.02394	0.08383	0.03375	0.07555	0.03482	0.02172	0.02468	0.01720	0.00955	0.00929	0.00257	0.01158	0.00812	0.00618	0.29647
12	0.01894	0.00947	0.01420	0.01420	0.01420	0.00947	0.00947	0.01420	0.01420	0.01894	0.01894	0.03314	0.01894	0.03788	0.04261	0.68277	0.00947	0.00947	0.00473	0.00473
13	0.01772	0.01467	0.02082	0.13553	0.07095	0.01562	0.01745	0.02449	0.07489	0.03098	0.05095	0.29151	0.08859	0.02460	0.01283	0.00411	0.00910	0.07520	0.00879	0.01120
14	0.02987	0.12587	0.29761	0.07891	0.04197	0.02540	0.02986	0.03848	0.02491	0.16867	0.02502	0.02646	0.01734	0.01108	0.01008	0.00329	0.01353	0.00864	0.00695	0.01606
15	0.07306	0.03451	0.21070	0.12106	0.04847	0.02513	0.14708	0.03760	0.08381	0.07627	0.02459	0.02836	0.01778	0.01091	0.01094	0.00355	0.01446	0.01008	0.00648	0.01515

[dist]
# distance from previous block
# <min> <max>
0	1

[block]
# block no. 3 follows, 12 sequences, length 7
# corresponding to MSA columns:
# 902-908
name=unknown_D
#
# <colnr> <probs for GDERKNQSTAVLIFYWHMCP>
#	G	D	E	R	K	N	Q	S	T	A	V	L	I	F	Y	W	H	M	C	P
0	0.01831	0.00969	0.01374	0.01374	0.01374	0.00969	0.00889	0.01454	0.01454	0.01939	0.02207	0.04090	0.02314	0.15537	0.04523	0.54634	0.00969	0.01077	0.00511	0.00511
1	0.02290	0.02520	0.08126	0.34853	0.18247	0.02517	0.09706	0.03067	0.02315	0.03118	0.02003	0.02815	0.01540	0.01035	0.01110	0.00353	0.01481	0.01000	0.00505	0.01400
2	0.09674	0.02322	0.03634	0.19779	0.14791	0.02461	0.09083	0.08515	0.02731	0.12861	0.02437	0.02867	0.01766	0.01104	0.01075	0.00345	0.01296	0.00999	0.00737	0.01524
3	0.07144	0.06997	0.08891	0.27696	0.12165	0.07244	0.02750	0.03379	0.02387	0.08303	0.02109	0.02656	0.01580	0.01080	0.01019	0.00335	0.01380	0.00889	0.00593	0.01403
4	0.02922	0.02830	0.03542	0.02876	0.03446	0.14240	0.13426	0.07423	0.02618	0.07157	0.02368	0.03032	0.01941	0.03018	0.15860	0.00712	0.09559	0.01046	0.00659	0.01324
5	0.02703	0.02081	0.02909	0.08583	0.15450	0.01839	0.01992	0.03241	0.02422	0.10573	0.02287	0.02626	0.01773	0.00948	0.00939	0.00244	0.01003	0.00816	0.00701	0.36868
6	0.34318	0.16504	0.03017	0.02081	0.06802	0.02727	0.01614	0.03677	0.02261	0.14943	0.02150	0.02253	0.01599	0.01061	0.00803	0.00311	0.00976	0.00727	0.00756	0.01421

[dist]
# distance from previous block
# <min> <max>
1	11

[block]
# block no. 4 follows, 12 sequences, length 40
# corresponding to MSA columns:
# 920-959
name=unknown_E
#
# <colnr> <probs for GDERKNQSTAVLIFYWHMCP>
#	G	D	E	R	K	N	Q	S	T	A	V	L	I	F	Y	W	H	M	C	P
0	0.01368	0.00979	0.01300	0.01491	0.01590	0.00912	0.01015	0.01617	0.02271	0.03075	0.14859	0.51289	0.07775	0.03198	0.01372	0.00425	0.00611	0.02893	0.01047	0.00912
1	0.02742	0.01923	0.02310	0.01674	0.02620	0.01481	0.01349	0.03215	0.02418	0.13080	0.02370	0.02526	0.01813	0.00907	0.00860	0.00194	0.00830	0.00728	0.00775	0.56183
2	0.02261	0.01938	0.02261	0.01615	0.02584	0.01453	0.01292	0.02745	0.02261	0.03553	0.01938	0.02261	0.01615	0.00807	0.00807	0.00161	0.00807	0.00646	0.00646	0.68346
3	0.02059	0.01938	0.03270	0.59060	0.07510	0.02422	0.03028	0.02786	0.02180	0.02786	0.01938	0.02907	0.01453	0.01090	0.01090	0.00363	0.01453	0.00969	0.00484	0.01211
4	0.01372	0.00967	0.01252	0.01463	0.01515	0.00915	0.00953	0.01530	0.02003	0.02670	0.05574	0.51854	0.06662	0.13281	0.02096	0.00547	0.00704	0.02843	0.00953	0.00848
5	0.01586	0.01057	0.01189	0.01189	0.01189	0.01057	0.00661	0.01586	0.01586	0.02114	0.03436	0.07135	0.03964	0.61681	0.05550	0.01057	0.01057	0.01586	0.00661	0.00661
6	0.02712	0.02342	0.02465	0.02219	0.02835	0.02712	0.01726	0.05794	0.52909	0.04561	0.04438	0.04068	0.03328	0.01479	0.01109	0.00370	0.00863	0.01233	0.01109	0.01726
7	0.01787	0.01296	0.01627	0.01478	0.01793	0.01249	0.01127	0.06665	0.03278	0.04607	0.49462	0.07627	0.09498	0.02143	0.01268	0.00341	0.00579	0.01879	0.01190	0.01106
8	0.69383	0.02109	0.01603	0.01434	0.02109	0.02446	0.01181	0.03205	0.01856	0.04892	0.01518	0.01771	0.01181	0.01012	0.00675	0.00337	0.00843	0.00590	0.00675	0.01181
9	0.02059	0.01938	0.03270	0.59060	0.07510	0.02422	0.03028	0.02786	0.02180	0.02786	0.01938	0.02907	0.01453	0.01090	0.01090	0.00363	0.01453	0.00969	0.00484	0.01211
10	0.01328	0.00949	0.01265	0.01518	0.01581	0.00886	0.01012	0.01518	0.02088	0.02783	0.06010	0.60969	0.07212	0.03416	0.01392	0.00443	0.00633	0.03100	0.01012	0.00886
11	0.02915	0.62337	0.05714	0.01866	0.02799	0.04314	0.01866	0.03265	0.02215	0.02565	0.01516	0.01749	0.01399	0.00933	0.00700	0.00233	0.01166	0.00583	0.00466	0.01399
12	0.01850	0.01182	0.01556	0.01424	0.01735	0.01081	0.01081	0.02356	0.03090	0.09072	0.49720	0.07738	0.09592	0.02148	0.01269	0.00342	0.00552	0.01892	0.01214	0.01105
13	0.04150	0.02743	0.03631	0.02778	0.03636	0.12059	0.14310	0.04673	0.02975	0.32633	0.03288	0.03196	0.02196	0.01198	0.01124	0.00335	0.01350	0.01073	0.01002	0.01649
14	0.03432	0.02700	0.02871	0.02365	0.03110	0.03049	0.01900	0.28646	0.28884	0.05723	0.03523	0.03339	0.02587	0.01394	0.01100	0.00348	0.01032	0.01107	0.01100	0.01790
15	0.02827	0.02298	0.02548	0.02186	0.02753	0.02620	0.01735	0.16016	0.28272	0.04945	0.12778	0.04321	0.04080	0.01606	0.01326	0.00363	0.05379	0.01284	0.01073	0.01591
16	0.69383	0.02109	0.01603	0.01434	0.02109	0.02446	0.01181	0.03205	0.01856	0.04892	0.01518	0.01771	0.01181	0.01012	0.00675	0.00337	0.00843	0.00590	0.00675	0.01181
17	0.01439	0.01028	0.01392	0.01644	0.01756	0.00981	0.01204	0.01709	0.02196	0.02907	0.05949	0.48440	0.06970	0.03312	0.01421	0.00458	0.00728	0.14540	0.01010	0.00916
18	0.01329	0.01043	0.01202	0.01297	0.01531	0.00917	0.00921	0.01592	0.02381	0.03014	0.13066	0.30642	0.31244	0.02976	0.01330	0.00396	0.00581	0.02593	0.01030	0.00917
19	0.01438	0.00995	0.01233	0.01378	0.01414	0.00959	0.00862	0.01547	0.01874	0.02498	0.04912	0.38017	0.05827	0.28257	0.03164	0.00705	0.00814	0.02454	0.00862	0.00790
20	0.01473	0.01088	0.01375	0.01353	0.01598	0.00991	0.00996	0.01903	0.02846	0.03919	0.40549	0.16380	0.16515	0.02487	0.01302	0.00362	0.00538	0.02190	0.01144	0.00991
21	0.02712	0.02342	0.02465	0.02219	0.02835	0.02712	0.01726	0.05794	0.52909	0.04561	0.04438	0.04068	0.03328	0.01479	0.01109	0.00370	0.00863	0.01233	0.01109	0.01726
22	0.03524	0.04045	0.02838	0.02571	0.03155	0.35274	0.01953	0.04935	0.23193	0.03432	0.02796	0.02814	0.02181	0.01267	0.01034	0.00317	0.01521	0.00916	0.00783	0.01450
23	0.02915	0.62337	0.05714	0.01866	0.02799	0.04314	0.01866	0.03265	0.02215	0.02565	0.01516	0.01749	0.01399	0.00933	0.00700	0.00233	0.01166	0.00583	0.00466	0.01399
24	0.69383	0.02109	0.01603	0.01434	0.02109	0.02446	0.01181	0.03205	0.01856	0.04892	0.01518	0.01771	0.01181	0.01012	0.00675	0.00337	0.00843	0.00590	0.00675	0.01181
25	0.02541	0.16726	0.09044	0.03008	0.07303	0.02923	0.11131	0.06564	0.02549	0.03452	0.07136	0.03843	0.02799	0.01438	0.01469	0.00355	0.10283	0.05397	0.00654	0.01386
26	0.01894	0.00947	0.01420	0.01420	0.01420	0.00947	0.00947	0.01420	0.01420	0.01894	0.01894	0.03314	0.01894	0.03788	0.04261	0.68277	0.00947	0.00947	0.00473	0.00473
27	0.04205	0.01967	0.02418	0.01897	0.02640	0.01889	0.01553	0.14963	0.03412	0.35445	0.03793	0.03534	0.02530	0.01326	0.01034	0.00320	0.00911	0.01056	0.13403	0.01702
28	0.02924	0.03444	0.05338	0.04003	0.04875	0.16179	0.34629	0.03626	0.02620	0.03213	0.02009	0.02653	0.01573	0.01057	0.01417	0.00356	0.07025	0.01114	0.00547	0.01395
29	0.02255	0.02043	0.03271	0.53738	0.07121	0.02513	0.02938	0.07346	0.02458	0.03170	0.02002	0.02880	0.01491	0.01111	0.01090	0.00360	0.01430	0.00970	0.00542	0.01272
30	0.01543	0.01115	0.01457	0.01372	0.01629	0.01029	0.01029	0.02058	0.03086	0.04372	0.54304	0.08145	0.10288	0.02229	0.01286	0.00343	0.00514	0.01972	0.01200	0.01029
31	0.02894	0.01696	0.02354	0.01975	0.02585	0.01560	0.06057	0.06754	0.02902	0.20739	0.06416	0.07292	0.19822	0.02061	0.01250	0.00379	0.00926	0.09890	0.01085	0.01365
32	0.02385	0.02385	0.03340	0.02863	0.02863	0.03340	0.02385	0.02624	0.01670	0.02624	0.01431	0.02385	0.01431	0.01908	0.03578	0.00477	0.59685	0.00954	0.00477	0.01193
33	0.02261	0.01938	0.02261	0.01615	0.02584	0.01453	0.01292	0.02745	0.02261	0.03553	0.01938	0.02261	0.01615	0.00807	0.00807	0.00161	0.00807	0.00646	0.00646	0.68346
34	0.04017	0.03013	0.03374	0.02880	0.07946	0.03311	0.02185	0.46998	0.04892	0.06578	0.02568	0.02625	0.01843	0.01279	0.01090	0.00327	0.01208	0.00981	0.01042	0.01843
35	0.04285	0.02829	0.03133	0.02402	0.03269	0.03047	0.01984	0.42618	0.04750	0.16029	0.02934	0.02823	0.02013	0.01317	0.01092	0.00329	0.01149	0.01003	0.01139	0.01855
36	0.36364	0.03535	0.15081	0.02354	0.03270	0.11718	0.06670	0.03483	0.02235	0.04049	0.01714	0.02038	0.01310	0.01028	0.00869	0.00333	0.01306	0.00725	0.00594	0.01323
37	0.01400	0.01056	0.01294	0.01347	0.01570	0.00950	0.00968	0.01738	0.02581	0.03438	0.25927	0.26726	0.21475	0.02779	0.01323	0.00384	0.00565	0.02446	0.01084	0.00950
38	0.02308	0.01924	0.02134	0.01900	0.02438	0.02073	0.01469	0.04351	0.32727	0.04408	0.19648	0.05161	0.05323	0.01649	0.01136	0.00342	0.00750	0.01407	0.01094	0.07759
39	0.02699	0.02591	0.04426	0.06693	0.54879	0.02591	0.03346	0.03346	0.02483	0.03562	0.02051	0.02699	0.01727	0.00972	0.01079	0.00324	0.01295	0.00972	0.00540	0.01727

[dist]
# distance from previous block
# <min> <max>
0	66

[block]
# block no. 5 follows, 12 sequences, length 24
# corresponding to MSA columns:
# 1026-1049
name=unknown_F
#
# <colnr> <probs for GDERKNQSTAVLIFYWHMCP>
#	G	D	E	R	K	N	Q	S	T	A	V	L	I	F	Y	W	H	M	C	P
0	0.02498	0.04548	0.36792	0.08949	0.04945	0.02669	0.09746	0.10082	0.02720	0.03869	0.02080	0.02491	0.01490	0.01065	0.01082	0.00348	0.01567	0.00910	0.00563	0.01586
1	0.01558	0.01168	0.01752	0.01752	0.01947	0.01363	0.01363	0.01947	0.01752	0.02531	0.02921	0.04283	0.02726	0.08178	0.57360	0.01752	0.02921	0.01168	0.00584	0.00974
2	0.01780	0.01275	0.01510	0.01418	0.01733	0.01224	0.01069	0.06779	0.02995	0.04171	0.31539	0.13398	0.15824	0.02263	0.01226	0.00348	0.00600	0.01959	0.07815	0.01074
3	0.01871	0.01184	0.01526	0.01417	0.01737	0.01071	0.01070	0.02328	0.02960	0.09753	0.41048	0.11537	0.13764	0.02269	0.01273	0.00352	0.00572	0.01987	0.01184	0.01099
4	0.12540	0.02201	0.02268	0.02082	0.02671	0.02530	0.01648	0.05064	0.40391	0.04484	0.04134	0.04530	0.03297	0.01559	0.01084	0.00378	0.00874	0.05659	0.01034	0.01574
5	0.02752	0.01326	0.01758	0.01608	0.02016	0.01192	0.01217	0.03118	0.02694	0.22891	0.15220	0.24530	0.05848	0.02244	0.01214	0.00369	0.00709	0.01968	0.06040	0.01286
6	0.08298	0.14978	0.12625	0.02253	0.03217	0.09834	0.02149	0.10555	0.02899	0.13228	0.02319	0.02407	0.01703	0.01097	0.00932	0.00292	0.01249	0.00794	0.00760	0.08408
7	0.03459	0.02774	0.08721	0.12653	0.09199	0.05754	0.06060	0.08944	0.06514	0.20387	0.02956	0.03079	0.02056	0.01195	0.01095	0.00341	0.01280	0.01021	0.00879	0.01632
8	0.02264	0.06724	0.07196	0.22570	0.16268	0.02293	0.02571	0.02919	0.02364	0.03292	0.07047	0.03122	0.02399	0.01106	0.01022	0.00304	0.01197	0.00967	0.00594	0.13781
9	0.02579	0.01841	0.02219	0.01638	0.02516	0.01432	0.01311	0.03057	0.02473	0.11387	0.07654	0.03080	0.02665	0.01034	0.00900	0.00206	0.00795	0.00849	0.00807	0.51556
10	0.03008	0.02380	0.02969	0.13958	0.08940	0.02682	0.02197	0.13266	0.25413	0.08374	0.03365	0.03411	0.02482	0.01312	0.01098	0.00354	0.01089	0.01099	0.00945	0.01657
11	0.02396	0.02253	0.03889	0.28838	0.12749	0.02460	0.12727	0.07848	0.02597	0.03460	0.02488	0.08683	0.02153	0.01294	0.01160	0.00363	0.01403	0.01251	0.00621	0.01371
12	0.03235	0.01857	0.02420	0.06042	0.02858	0.01824	0.01604	0.07143	0.02740	0.22975	0.08112	0.03999	0.03114	0.08007	0.01796	0.00401	0.06677	0.01126	0.00969	0.13101
13	0.02641	0.14718	0.06291	0.04054	0.05124	0.03066	0.41193	0.03447	0.02503	0.03309	0.02069	0.02705	0.01604	0.00922	0.01170	0.00341	0.01705	0.01147	0.00535	0.01456
14	0.01314	0.01007	0.01205	0.01364	0.01541	0.00899	0.00944	0.01536	0.02236	0.02844	0.07885	0.42170	0.24800	0.03172	0.01353	0.00415	0.00603	0.02802	0.01012	0.00899
15	0.02461	0.03819	0.27582	0.07195	0.08128	0.02427	0.11480	0.03668	0.07642	0.06852	0.05944	0.03147	0.02342	0.01160	0.01115	0.00351	0.01424	0.01053	0.00656	0.01555
16	0.03221	0.02321	0.03680	0.09660	0.21646	0.02344	0.07793	0.04260	0.11236	0.17837	0.03077	0.03256	0.02230	0.01167	0.01113	0.00344	0.01197	0.01085	0.00853	0.01682
17	0.01481	0.01089	0.01421	0.01630	0.01815	0.01029	0.01258	0.01802	0.02313	0.02990	0.06782	0.34221	0.14929	0.03154	0.01417	0.00452	0.00757	0.19515	0.01009	0.00936
18	0.03892	0.01866	0.02614	0.14069	0.03710	0.01827	0.01879	0.07511	0.02956	0.35954	0.03853	0.09058	0.02818	0.01493	0.01124	0.00353	0.01029	0.01257	0.01115	0.01624
19	0.03708	0.09316	0.12365	0.03234	0.15220	0.02288	0.02447	0.04317	0.02735	0.28876	0.03076	0.03022	0.02107	0.01163	0.01039	0.00324	0.01155	0.00962	0.00914	0.01734
20	0.69383	0.02109	0.01603	0.01434	0.02109	0.02446	0.01181	0.03205	0.01856	0.04892	0.01518	0.01771	0.01181	0.01012	0.00675	0.00337	0.00843	0.00590	0.00675	0.01181
21	0.03369	0.01838	0.02139	0.01823	0.02437	0.01884	0.01446	0.04826	0.21899	0.23688	0.04173	0.03933	0.02962	0.01380	0.01021	0.00330	0.00802	0.01129	0.17319	0.01603
22	0.02657	0.04386	0.39394	0.02665	0.03947	0.02186	0.03177	0.03617	0.02386	0.13652	0.02584	0.03113	0.01926	0.07766	0.01544	0.00422	0.01415	0.00949	0.00659	0.01555
23	0.01586	0.01142	0.01517	0.01498	0.01754	0.01074	0.01173	0.02098	0.02972	0.04152	0.44682	0.08968	0.09492	0.02384	0.01330	0.00374	0.00611	0.11007	0.01161	0.01024

[dist]
# distance from previous block
# <min> <max>
0	1

[block]
# block no. 6 follows, 12 sequences, length 14
# corresponding to MSA columns:
# 1051-1064
name=unknown_G
#
# <colnr> <probs for GDERKNQSTAVLIFYWHMCP>
#	G	D	E	R	K	N	Q	S	T	A	V	L	I	F	Y	W	H	M	C	P
0	0.10023	0.38722	0.12157	0.02013	0.03005	0.03453	0.02071	0.03593	0.02326	0.10891	0.01998	0.02126	0.01569	0.01019	0.00806	0.00276	0.01162	0.00693	0.00620	0.01476
1	0.69383	0.02109	0.01603	0.01434	0.02109	0.02446	0.01181	0.03205	0.01856	0.04892	0.01518	0.01771	0.01181	0.01012	0.00675	0.00337	0.00843	0.00590	0.00675	0.01181
2	0.03173	0.01749	0.02166	0.01814	0.02395	0.01712	0.01440	0.07897	0.11580	0.23314	0.23505	0.05394	0.05667	0.01708	0.01171	0.00344	0.00780	0.01448	0.01231	0.01514
3	0.01827	0.01449	0.01944	0.05476	0.02136	0.01731	0.01364	0.01920	0.01704	0.02373	0.03016	0.13052	0.03381	0.27239	0.03989	0.07411	0.16969	0.01532	0.00632	0.00856
4	0.01615	0.01100	0.01393	0.01320	0.01577	0.01027	0.00990	0.02128	0.02970	0.04328	0.46892	0.07549	0.09194	0.02089	0.01210	0.00330	0.00513	0.01832	0.10917	0.01027
5	0.02574	0.02186	0.02875	0.02641	0.07156	0.02337	0.06836	0.10631	0.23204	0.04636	0.17461	0.04757	0.04731	0.01562	0.01171	0.00353	0.00951	0.01385	0.01027	0.01526
6	0.02261	0.01938	0.02261	0.01615	0.02584	0.01453	0.01292	0.02745	0.02261	0.03553	0.01938	0.02261	0.01615	0.00807	0.00807	0.00161	0.00807	0.00646	0.00646	0.68346
7	0.01662	0.01357	0.02156	0.01864	0.02216	0.01260	0.08313	0.02188	0.02864	0.04010	0.39577	0.15170	0.08574	0.02213	0.01302	0.00361	0.00725	0.02038	0.01078	0.01072
8	0.02826	0.02902	0.14320	0.13330	0.03974	0.06566	0.02374	0.08046	0.02728	0.13145	0.03316	0.15489	0.02961	0.01658	0.01136	0.00362	0.01229	0.01401	0.00821	0.01416
9	0.01543	0.01115	0.01457	0.01372	0.01629	0.01029	0.01029	0.02058	0.03086	0.04372	0.54304	0.08145	0.10288	0.02229	0.01286	0.00343	0.00514	0.01972	0.01200	0.01029
10	0.02494	0.04045	0.32578	0.07274	0.04172	0.02357	0.03049	0.06965	0.07582	0.07960	0.03385	0.03516	0.07243	0.01309	0.01083	0.00350	0.01329	0.01053	0.00701	0.01555
11	0.02809	0.02000	0.02421	0.07860	0.03026	0.02080	0.01673	0.20016	0.03560	0.08581	0.17648	0.10039	0.04782	0.01718	0.01153	0.00334	0.00924	0.01452	0.01033	0.06889
12	0.02033	0.13581	0.02411	0.01676	0.02064	0.01749	0.01386	0.02434	0.02569	0.06689	0.19424	0.19101	0.06468	0.02338	0.01225	0.00376	0.00803	0.11575	0.00978	0.01120
13	0.21594	0.19785	0.10617	0.02345	0.07123	0.02898	0.02042	0.03762	0.05941	0.11311	0.02238	0.02362	0.01692	0.01072	0.00857	0.00310	0.01091	0.00769	0.00705	0.01484

[dist]
# distance from previous block
# <min> <max>
0	55

[block]
# block no. 7 follows, 12 sequences, length 23
# corresponding to MSA columns:
# 1120-1142
name=unknown_H
#
# <colnr> <probs for GDERKNQSTAVLIFYWHMCP>
#	G	D	E	R	K	N	Q	S	T	A	V	L	I	F	Y	W	H	M	C	P
0	0.09026	0.12121	0.11995	0.02755	0.09899	0.02415	0.05782	0.03119	0.02273	0.03511	0.01869	0.02247	0.01518	0.00913	0.00885	0.00256	0.01136	0.00746	0.00570	0.26962
1	0.09858	0.02398	0.03002	0.03081	0.14833	0.02403	0.02026	0.15584	0.06679	0.12533	0.02628	0.02751	0.01944	0.01120	0.00993	0.00299	0.01043	0.00909	0.00875	0.15041
2	0.03350	0.03599	0.02954	0.07509	0.03527	0.26103	0.02091	0.09119	0.18262	0.03664	0.02616	0.02787	0.02041	0.01313	0.01258	0.00336	0.06317	0.00935	0.00767	0.01452
3	0.02112	0.01962	0.03279	0.44949	0.14569	0.02313	0.02883	0.02805	0.02318	0.03067	0.07101	0.03388	0.02366	0.01183	0.01108	0.00355	0.01336	0.01068	0.00564	0.01276
4	0.01363	0.01030	0.01260	0.01365	0.01560	0.00927	0.00962	0.01649	0.02421	0.03176	0.17970	0.34714	0.21714	0.02967	0.01339	0.00399	0.00583	0.02621	0.01053	0.00927
5	0.02084	0.01650	0.02604	0.37147	0.05347	0.01901	0.02298	0.02632	0.02261	0.07332	0.03695	0.16582	0.06562	0.01753	0.01172	0.00379	0.01160	0.01553	0.00714	0.01173
6	0.01404	0.01109	0.01264	0.01225	0.01543	0.00969	0.00919	0.01787	0.02757	0.03589	0.30568	0.09433	0.34513	0.02521	0.01287	0.00357	0.00535	0.02153	0.01097	0.00969
7	0.02038	0.07758	0.18219	0.02066	0.02841	0.02021	0.02104	0.03176	0.10813	0.03979	0.26286	0.05216	0.05774	0.01645	0.01134	0.00339	0.00951	0.01390	0.00904	0.01345
8	0.01543	0.01115	0.01457	0.01372	0.01629	0.01029	0.01029	0.02058	0.03086	0.04372	0.54304	0.08145	0.10288	0.02229	0.01286	0.00343	0.00514	0.01972	0.01200	0.01029
9	0.03210	0.02434	0.10888	0.02240	0.03055	0.01852	0.06154	0.08420	0.03134	0.23110	0.18348	0.04627	0.04561	0.01519	0.01159	0.00342	0.01017	0.01315	0.01073	0.01540
10	0.02464	0.27238	0.36863	0.02635	0.03988	0.03211	0.03205	0.03381	0.02269	0.03115	0.01789	0.02091	0.01388	0.00997	0.00908	0.00303	0.01442	0.00721	0.00463	0.01531
11	0.69383	0.02109	0.01603	0.01434	0.02109	0.02446	0.01181	0.03205	0.01856	0.04892	0.01518	0.01771	0.01181	0.01012	0.00675	0.00337	0.00843	0.00590	0.00675	0.01181
12	0.02325	0.02209	0.03750	0.37312	0.27182	0.02492	0.03160	0.03019	0.02306	0.03108	0.01985	0.02820	0.01567	0.01041	0.01086	0.00347	0.01388	0.00970	0.00507	0.01425
13	0.03502	0.04114	0.03645	0.04422	0.24762	0.34582	0.02622	0.03935	0.02838	0.03040	0.01837	0.02270	0.01538	0.01060	0.01023	0.00299	0.01688	0.00814	0.00553	0.01456
14	0.02195	0.02124	0.03299	0.35722	0.05580	0.02803	0.02761	0.02719	0.01968	0.02719	0.01728	0.02690	0.01444	0.01430	0.02123	0.00411	0.25636	0.00963	0.00481	0.01204
15	0.02187	0.05640	0.56031	0.03108	0.04719	0.02532	0.04029	0.03453	0.02302	0.03453	0.01957	0.02302	0.01381	0.01036	0.01036	0.00345	0.01611	0.00806	0.00460	0.01611
16	0.12481	0.01275	0.01481	0.01382	0.01706	0.01257	0.01053	0.02243	0.02888	0.04456	0.45793	0.07117	0.08820	0.02033	0.01187	0.00342	0.00567	0.01749	0.01116	0.01053
17	0.02164	0.02003	0.03141	0.49895	0.06756	0.02469	0.02818	0.03271	0.10359	0.03072	0.02341	0.03094	0.01756	0.01153	0.01093	0.00364	0.01358	0.01012	0.00585	0.01294
18	0.02716	0.02761	0.10936	0.07167	0.03411	0.08992	0.05570	0.03542	0.06575	0.12088	0.19297	0.04591	0.04626	0.01510	0.01147	0.00340	0.01142	0.01294	0.00911	0.01383
19	0.01392	0.01012	0.01319	0.01496	0.01630	0.00939	0.01055	0.01664	0.02314	0.03089	0.14211	0.44487	0.11690	0.03138	0.01374	0.00425	0.00634	0.06167	0.01042	0.00921
20	0.02898	0.01499	0.01890	0.01598	0.02094	0.01406	0.01262	0.07261	0.03156	0.20920	0.26950	0.05699	0.06117	0.01738	0.01136	0.00327	0.00703	0.01477	0.10508	0.01360
21	0.14433	0.02903	0.14696	0.02578	0.07698	0.02164	0.02269	0.07713	0.02822	0.27578	0.03004	0.02912	0.02010	0.01188	0.01013	0.00337	0.01121	0.00930	0.00950	0.01680
22	0.14789	0.06820	0.02945	0.02147	0.02962	0.06574	0.01781	0.23586	0.03674	0.20061	0.02785	0.02691	0.01927	0.01234	0.00991	0.00322	0.01115	0.00904	0.01018	0.01673

[dist]
# distance from previous block
# <min> <max>
0	1

[block]
# block no. 8 follows, 12 sequences, length 10
# corresponding to MSA columns:
# 1144-1153
name=unknown_I
#
# <colnr> <probs for GDERKNQSTAVLIFYWHMCP>
#	G	D	E	R	K	N	Q	S	T	A	V	L	I	F	Y	W	H	M	C	P
0	0.04154	0.02888	0.17130	0.02259	0.03312	0.01856	0.02265	0.04806	0.02897	0.41395	0.03662	0.03327	0.02339	0.01264	0.01080	0.00340	0.01114	0.01017	0.01107	0.01789
1	0.61746	0.09028	0.02075	0.01483	0.02188	0.02661	0.01260	0.03212	0.01897	0.04625	0.01518	0.01769	0.01206	0.01003	0.00678	0.00325	0.00881	0.00590	0.00651	0.01206
2	0.01392	0.01043	0.01266	0.01343	0.01536	0.00945	0.00941	0.01677	0.02422	0.03197	0.19884	0.29456	0.20673	0.07109	0.01634	0.00440	0.00610	0.02477	0.01036	0.00917
3	0.02650	0.33516	0.20879	0.02320	0.03407	0.03461	0.02518	0.03790	0.11586	0.03211	0.02193	0.02350	0.01749	0.01066	0.00881	0.00294	0.01250	0.00773	0.00583	0.01526
4	0.02217	0.01582	0.01857	0.01705	0.02066	0.01622	0.01289	0.15335	0.03255	0.04505	0.20565	0.23871	0.06433	0.02303	0.01230	0.00365	0.00740	0.02008	0.05845	0.01206
5	0.02024	0.01829	0.02754	0.13816	0.20590	0.01886	0.02205	0.02690	0.05573	0.03230	0.05196	0.10455	0.16901	0.01844	0.01193	0.00367	0.01021	0.04367	0.00763	0.01297
6	0.03018	0.02665	0.02810	0.02864	0.09223	0.10178	0.02076	0.16251	0.13463	0.04425	0.03646	0.05471	0.03280	0.01741	0.01191	0.00377	0.01198	0.13697	0.00929	0.01498
7	0.01387	0.00994	0.01318	0.01478	0.01594	0.00925	0.01017	0.01665	0.02360	0.03217	0.19188	0.46554	0.08051	0.03092	0.01363	0.00416	0.00600	0.02792	0.01063	0.00925
8	0.02883	0.03117	0.03674	0.18721	0.24300	0.17541	0.02845	0.03417	0.02502	0.03040	0.01870	0.02526	0.01544	0.01122	0.01267	0.00335	0.06449	0.00896	0.00526	0.01424
9	0.02832	0.01916	0.03068	0.43473	0.06220	0.02199	0.02639	0.03476	0.02437	0.17207	0.02583	0.03126	0.01793	0.01161	0.01092	0.00356	0.01310	0.01004	0.00721	0.01387

[dist]
# distance from previous block
# <min> <max>
0	2

[block]
# block no. 9 follows, 12 sequences, length 8
# corresponding to MSA columns:
# 1156-1163
name=unknown_J
#
# <colnr> <probs for GDERKNQSTAVLIFYWHMCP>
#	G	D	E	R	K	N	Q	S	T	A	V	L	I	F	Y	W	H	M	C	P
0	0.02013	0.01583	0.01896	0.01852	0.02233	0.01682	0.01483	0.03419	0.20297	0.04116	0.22829	0.07928	0.06696	0.02195	0.01288	0.00398	0.00778	0.14937	0.01112	0.01265
1	0.02059	0.01938	0.03270	0.59060	0.07510	0.02422	0.03028	0.02786	0.02180	0.02786	0.01938	0.02907	0.01453	0.01090	0.01090	0.00363	0.01453	0.00969	0.00484	0.01211
2	0.02396	0.01325	0.01604	0.01412	0.01891	0.01145	0.01102	0.02773	0.02816	0.18583	0.19647	0.07952	0.28648	0.02222	0.01232	0.00353	0.00652	0.01871	0.01156	0.01218
3	0.50669	0.02035	0.01872	0.01581	0.02304	0.02201	0.01303	0.03817	0.02223	0.19616	0.02326	0.02334	0.01621	0.01110	0.00797	0.00337	0.00868	0.00737	0.00871	0.01377
4	0.49884	0.03133	0.17397	0.01920	0.02866	0.02471	0.02007	0.03277	0.01985	0.04474	0.01645	0.01925	0.01239	0.01019	0.00780	0.00340	0.01066	0.00653	0.00613	0.01306
5	0.21148	0.01337	0.01438	0.01493	0.01749	0.01443	0.01078	0.02091	0.01899	0.03267	0.03846	0.27184	0.04274	0.10853	0.11436	0.00717	0.01145	0.01846	0.00796	0.00958
6	0.02096	0.06715	0.03128	0.33394	0.09630	0.02252	0.02592	0.02720	0.02305	0.02972	0.03026	0.05520	0.02871	0.01625	0.01178	0.00390	0.01286	0.14452	0.00638	0.01210
7	0.01469	0.01050	0.01427	0.01679	0.01804	0.01007	0.01257	0.01762	0.02227	0.02941	0.05932	0.44952	0.06903	0.03283	0.01429	0.00462	0.00755	0.17725	0.01009	0.00925

[dist]
# distance from previous block
# <min> <max>
0	386

# created by:
# /st0/software/busco_prod/Augustus/scripts/msa2prfl.pl ./align_prep/6733.fa
