[name]
unknown

[dist]
# distance from previous block
# <min> <max>
0	13

[block]
# block no. 0 follows, 13 sequences, length 21
# corresponding to MSA columns:
# 13-33
name=unknown_A
#
# <colnr> <probs for GDERKNQSTAVLIFYWHMCP>
#	G	D	E	R	K	N	Q	S	T	A	V	L	I	F	Y	W	H	M	C	P
0	0.02276	0.14894	0.10082	0.03256	0.17494	0.02436	0.02309	0.03095	0.08049	0.03197	0.03191	0.12878	0.03135	0.01620	0.01070	0.00344	0.01086	0.07516	0.00690	0.01379
1	0.02419	0.02193	0.03382	0.31126	0.18543	0.02485	0.02729	0.08384	0.02475	0.03381	0.01943	0.02648	0.01531	0.01089	0.01214	0.00331	0.05777	0.00915	0.00561	0.06874
2	0.02611	0.02215	0.05955	0.06969	0.07066	0.02001	0.01852	0.12758	0.06464	0.07760	0.09133	0.07939	0.03216	0.01371	0.01032	0.00295	0.00957	0.01159	0.00849	0.18398
3	0.02402	0.02293	0.03904	0.25108	0.39305	0.02456	0.03138	0.03057	0.02306	0.03194	0.01951	0.02687	0.01583	0.00982	0.01050	0.00327	0.01309	0.00941	0.00505	0.01502
4	0.02992	0.11964	0.03051	0.02187	0.02872	0.06807	0.01778	0.13345	0.34233	0.04391	0.03379	0.03216	0.02564	0.01301	0.01003	0.00325	0.01012	0.01021	0.00941	0.01616
5	0.10692	0.01795	0.02010	0.01513	0.02326	0.01477	0.01206	0.02631	0.02248	0.03713	0.08892	0.02882	0.02617	0.00989	0.00828	0.00201	0.00750	0.00788	0.00700	0.51742
6	0.09308	0.02643	0.09782	0.03055	0.11622	0.02234	0.07779	0.10555	0.02928	0.25139	0.02887	0.02899	0.01971	0.01135	0.01039	0.00328	0.01161	0.00975	0.00908	0.01654
7	0.02314	0.16202	0.39579	0.03004	0.04364	0.02821	0.10939	0.03319	0.02257	0.03189	0.01852	0.02224	0.01383	0.00968	0.00979	0.00317	0.01513	0.00811	0.00461	0.01502
8	0.01372	0.01005	0.01298	0.01446	0.01603	0.00931	0.01043	0.01663	0.02314	0.03081	0.16478	0.39068	0.13651	0.02957	0.01329	0.00407	0.00621	0.07814	0.01017	0.00904
9	0.02420	0.01271	0.01694	0.01509	0.01901	0.01143	0.01158	0.02853	0.02880	0.19479	0.34325	0.13482	0.07447	0.02057	0.01206	0.00343	0.00631	0.01802	0.01183	0.01215
10	0.02925	0.02199	0.03182	0.02538	0.03205	0.02246	0.12827	0.17339	0.09377	0.11024	0.03688	0.17780	0.03326	0.01720	0.01176	0.00360	0.01091	0.01573	0.00957	0.01467
11	0.02605	0.02342	0.04065	0.18769	0.36659	0.02421	0.07222	0.03259	0.02388	0.06939	0.02125	0.02752	0.01670	0.00990	0.01067	0.00328	0.01313	0.00976	0.00565	0.01544
12	0.02830	0.01475	0.01830	0.01653	0.02082	0.01416	0.01259	0.09581	0.02757	0.20296	0.04512	0.27121	0.04287	0.02100	0.01128	0.00355	0.00757	0.01820	0.11446	0.01296
13	0.03159	0.02141	0.02764	0.02328	0.02745	0.02548	0.01903	0.04189	0.16285	0.20070	0.03045	0.03155	0.02269	0.01569	0.02071	0.00392	0.25936	0.01041	0.00893	0.01497
14	0.07946	0.07171	0.04514	0.03239	0.04116	0.13817	0.25874	0.03846	0.02622	0.13135	0.02320	0.02641	0.01693	0.01015	0.01074	0.00323	0.01533	0.01006	0.00682	0.01430
15	0.09014	0.01782	0.02122	0.01725	0.02390	0.01738	0.01398	0.07740	0.08599	0.32638	0.03714	0.03489	0.02533	0.01278	0.00965	0.00313	0.00820	0.01016	0.15160	0.01566
16	0.01539	0.01125	0.01315	0.01387	0.01503	0.01127	0.00904	0.01963	0.07663	0.02631	0.04958	0.29047	0.08660	0.27868	0.02992	0.00665	0.00804	0.02139	0.00850	0.00861
17	0.02349	0.12876	0.31250	0.02659	0.03737	0.09553	0.05973	0.03147	0.02301	0.03032	0.02421	0.11339	0.02228	0.01348	0.01019	0.00327	0.01412	0.01108	0.00547	0.01374
18	0.02619	0.02053	0.03162	0.22578	0.18271	0.02263	0.02483	0.06960	0.02601	0.10097	0.08992	0.03442	0.02738	0.01273	0.01261	0.00342	0.05656	0.01078	0.00721	0.01409
19	0.01355	0.00986	0.01257	0.01425	0.01550	0.00918	0.00995	0.01586	0.02148	0.02832	0.10257	0.42636	0.13068	0.07763	0.01653	0.00464	0.00657	0.06614	0.00969	0.00867
20	0.02507	0.02480	0.09665	0.09447	0.07564	0.02041	0.04785	0.06752	0.08293	0.07814	0.03112	0.03314	0.06195	0.01162	0.01000	0.00288	0.01068	0.00991	0.00734	0.20789

[dist]
# distance from previous block
# <min> <max>
0	7

[block]
# block no. 1 follows, 13 sequences, length 29
# corresponding to MSA columns:
# 41-69
name=unknown_B
#
# <colnr> <probs for GDERKNQSTAVLIFYWHMCP>
#	G	D	E	R	K	N	Q	S	T	A	V	L	I	F	Y	W	H	M	C	P
0	0.02625	0.25314	0.29859	0.02817	0.08496	0.02996	0.02919	0.03420	0.02283	0.07368	0.01938	0.02189	0.01479	0.00988	0.00898	0.00294	0.01329	0.00743	0.00525	0.01520
1	0.03036	0.02213	0.03034	0.18297	0.13875	0.02413	0.02286	0.16330	0.06568	0.11147	0.02676	0.02988	0.01958	0.01165	0.01028	0.00324	0.01128	0.00981	0.07025	0.01527
2	0.09044	0.02626	0.02655	0.02485	0.08190	0.13830	0.01780	0.04419	0.07611	0.26163	0.03007	0.02899	0.02103	0.01163	0.00982	0.00302	0.01125	0.00905	0.00933	0.07778
3	0.02735	0.02328	0.02757	0.06943	0.03227	0.08355	0.06796	0.10501	0.09396	0.08004	0.07362	0.11872	0.03328	0.01524	0.01090	0.00322	0.01085	0.01325	0.00863	0.10189
4	0.02535	0.18878	0.39912	0.02621	0.03958	0.02780	0.03188	0.03475	0.02287	0.08189	0.02010	0.02234	0.01464	0.01009	0.00933	0.00308	0.01398	0.00757	0.00529	0.01536
5	0.02326	0.02604	0.09823	0.26541	0.31846	0.02444	0.03202	0.03050	0.02276	0.03156	0.01937	0.02650	0.01536	0.00993	0.01046	0.00331	0.01349	0.00923	0.00494	0.01472
6	0.02803	0.18006	0.03608	0.02165	0.02858	0.02263	0.10589	0.03283	0.02611	0.16385	0.15142	0.08705	0.04160	0.01487	0.01061	0.00315	0.01003	0.01319	0.00884	0.01354
7	0.06577	0.01964	0.03076	0.02460	0.02995	0.04646	0.16368	0.02769	0.02588	0.07122	0.21696	0.11208	0.05211	0.01712	0.01315	0.00354	0.04303	0.01580	0.00864	0.01191
8	0.02208	0.12669	0.50932	0.02864	0.04345	0.02670	0.03646	0.03326	0.02222	0.03242	0.01844	0.02166	0.01342	0.00992	0.00964	0.00321	0.01509	0.00754	0.00447	0.01537
9	0.03242	0.14316	0.14255	0.08896	0.03847	0.03076	0.02425	0.25526	0.03481	0.07755	0.02239	0.02418	0.01631	0.01129	0.00978	0.00309	0.01248	0.00853	0.00775	0.01601
10	0.01409	0.01036	0.01228	0.01248	0.01493	0.00933	0.00910	0.01765	0.02538	0.03439	0.26384	0.19716	0.23839	0.02500	0.01230	0.00354	0.00534	0.02174	0.06336	0.00933
11	0.14678	0.02149	0.02578	0.08504	0.03260	0.02222	0.01763	0.16915	0.03234	0.29500	0.03060	0.02936	0.02035	0.01218	0.00996	0.00327	0.01012	0.00942	0.01045	0.01625
12	0.02485	0.02377	0.04053	0.17949	0.45820	0.02477	0.03179	0.03129	0.02345	0.03294	0.01965	0.02660	0.01618	0.00967	0.01049	0.00322	0.01289	0.00942	0.00512	0.01568
13	0.01789	0.01168	0.01664	0.01637	0.01887	0.01250	0.01259	0.02135	0.01934	0.08053	0.03995	0.12112	0.07516	0.06233	0.40717	0.01286	0.02162	0.01458	0.00729	0.01016
14	0.01331	0.00955	0.01197	0.01372	0.01452	0.00893	0.00900	0.01489	0.01973	0.02595	0.05860	0.46629	0.11364	0.14293	0.02087	0.00533	0.00682	0.02655	0.00918	0.00822
15	0.25477	0.02202	0.02869	0.02349	0.02968	0.02443	0.10315	0.06788	0.08171	0.08394	0.02603	0.03484	0.02154	0.01372	0.01311	0.00369	0.08829	0.05798	0.00769	0.01334
16	0.02554	0.07937	0.19432	0.02558	0.03473	0.02475	0.08940	0.15202	0.02852	0.03961	0.02585	0.07633	0.02232	0.05251	0.04438	0.00443	0.01366	0.01121	0.04134	0.01413
17	0.02207	0.01370	0.01787	0.01828	0.02195	0.01340	0.01527	0.02864	0.07243	0.12032	0.05783	0.13692	0.10376	0.02527	0.01330	0.00431	0.00876	0.28397	0.01039	0.01156
18	0.02277	0.02146	0.03624	0.26308	0.33447	0.02318	0.02947	0.02898	0.02266	0.03111	0.02256	0.07480	0.02003	0.01176	0.01075	0.00338	0.01262	0.01107	0.00540	0.01421
19	0.02843	0.02784	0.19298	0.02165	0.03006	0.01786	0.02162	0.03742	0.08293	0.21066	0.03881	0.17517	0.03356	0.01717	0.01116	0.00358	0.01030	0.01465	0.00933	0.01481
20	0.02899	0.01377	0.01785	0.01560	0.02055	0.01204	0.01211	0.03245	0.02692	0.27920	0.12668	0.17421	0.15321	0.02108	0.01184	0.00355	0.00714	0.01809	0.01156	0.01317
21	0.01466	0.01065	0.01419	0.01639	0.01810	0.01019	0.01279	0.01791	0.02242	0.02918	0.06223	0.34937	0.11552	0.03077	0.01388	0.00447	0.00763	0.23075	0.00978	0.00912
22	0.01590	0.01206	0.01601	0.06203	0.01980	0.01343	0.01148	0.01761	0.01715	0.02340	0.03479	0.17160	0.03898	0.32021	0.11781	0.00895	0.06712	0.01677	0.00670	0.00820
23	0.56635	0.02234	0.01888	0.01605	0.02299	0.02559	0.01323	0.13343	0.02454	0.05140	0.01692	0.01887	0.01280	0.01041	0.00738	0.00325	0.00889	0.00651	0.00738	0.01280
24	0.08882	0.32667	0.20976	0.02119	0.03209	0.03162	0.02339	0.03161	0.02147	0.03076	0.01650	0.01921	0.01355	0.00929	0.00790	0.00262	0.01197	0.00640	0.00489	0.09028
25	0.18635	0.33562	0.18313	0.02029	0.03048	0.03297	0.02207	0.03201	0.02088	0.03250	0.01584	0.01843	0.01302	0.00949	0.00759	0.00279	0.01171	0.00624	0.00499	0.01361
26	0.02401	0.09042	0.36689	0.02542	0.03745	0.02363	0.02984	0.03559	0.07152	0.08521	0.08335	0.03110	0.02603	0.01194	0.01017	0.00327	0.01279	0.00955	0.00666	0.01515
27	0.03055	0.02564	0.03262	0.02640	0.03096	0.07131	0.07113	0.13381	0.02743	0.10568	0.02712	0.03080	0.05328	0.01559	0.02088	0.00382	0.26113	0.01051	0.00744	0.01387
28	0.11608	0.08623	0.15673	0.02364	0.03331	0.02571	0.06204	0.08870	0.12612	0.09050	0.02565	0.02654	0.01887	0.01105	0.00956	0.00314	0.01140	0.00884	0.00760	0.06831

[dist]
# distance from previous block
# <min> <max>
6	13

[block]
# block no. 2 follows, 13 sequences, length 39
# corresponding to MSA columns:
# 83-121
name=unknown_C
#
# <colnr> <probs for GDERKNQSTAVLIFYWHMCP>
#	G	D	E	R	K	N	Q	S	T	A	V	L	I	F	Y	W	H	M	C	P
0	0.02342	0.02463	0.12871	0.02774	0.07337	0.01892	0.10758	0.06188	0.02445	0.08192	0.06938	0.10750	0.03128	0.02452	0.08174	0.06576	0.01381	0.01330	0.00725	0.01284
1	0.02309	0.04555	0.43891	0.03040	0.08141	0.02257	0.03407	0.03360	0.02377	0.07655	0.06951	0.02882	0.02247	0.01128	0.01034	0.00332	0.01391	0.00918	0.00585	0.01539
2	0.03668	0.01640	0.02062	0.01661	0.02288	0.01493	0.01325	0.07682	0.02876	0.35808	0.04712	0.04677	0.09323	0.07037	0.01442	0.00385	0.00842	0.01235	0.08349	0.01495
3	0.10055	0.01801	0.01795	0.01570	0.02022	0.05960	0.01228	0.09852	0.02964	0.09214	0.21246	0.04689	0.04830	0.01530	0.00998	0.00305	0.00771	0.01242	0.16714	0.01214
4	0.02872	0.02477	0.03551	0.22363	0.25578	0.05931	0.02762	0.10547	0.02775	0.07760	0.02181	0.02702	0.01662	0.01064	0.01047	0.00325	0.01303	0.00936	0.00647	0.01516
5	0.02242	0.02108	0.07289	0.02048	0.02641	0.01921	0.06926	0.06364	0.18067	0.04199	0.15638	0.04520	0.04276	0.01456	0.01055	0.00324	0.00869	0.01273	0.15447	0.01338
6	0.32742	0.17930	0.09818	0.01890	0.02756	0.03001	0.01815	0.12325	0.02527	0.04363	0.01722	0.01928	0.01343	0.01018	0.00779	0.00301	0.01053	0.00667	0.00653	0.01371
7	0.01310	0.00956	0.01234	0.01412	0.01528	0.00880	0.00965	0.01542	0.02186	0.02908	0.12576	0.49852	0.12553	0.03101	0.01326	0.00410	0.00591	0.02787	0.01004	0.00880
8	0.01761	0.01218	0.01519	0.01452	0.01808	0.01045	0.01059	0.02075	0.02325	0.07356	0.12779	0.31525	0.12127	0.02417	0.01190	0.00345	0.00643	0.02135	0.00965	0.14257
9	0.03066	0.01983	0.02273	0.01925	0.02449	0.02108	0.01485	0.18464	0.13973	0.13185	0.03498	0.08882	0.02954	0.09439	0.01955	0.07748	0.00959	0.01272	0.00981	0.01402
10	0.02210	0.14142	0.06483	0.02174	0.02757	0.02018	0.09465	0.02680	0.02355	0.07901	0.08358	0.21741	0.04450	0.01988	0.01155	0.00360	0.01011	0.06736	0.00818	0.01199
11	0.01342	0.01023	0.01244	0.01372	0.01577	0.00926	0.01004	0.01620	0.02298	0.02949	0.12054	0.32804	0.24566	0.02936	0.01318	0.00402	0.00618	0.08053	0.00997	0.00897
12	0.02020	0.01343	0.01649	0.01463	0.01840	0.01276	0.01130	0.07603	0.03133	0.08970	0.39885	0.07234	0.14187	0.02056	0.01211	0.00334	0.00609	0.01775	0.01143	0.01140
13	0.02628	0.02654	0.07922	0.10641	0.13251	0.02538	0.12124	0.13029	0.10336	0.04049	0.03226	0.03517	0.06748	0.01243	0.01108	0.00340	0.01258	0.01144	0.00738	0.01508
14	0.09554	0.02340	0.02895	0.02765	0.07391	0.08951	0.04866	0.02737	0.01938	0.02888	0.01899	0.02742	0.01725	0.03123	0.16956	0.00730	0.23867	0.00934	0.00529	0.01169
15	0.01285	0.00932	0.01215	0.01442	0.01526	0.00861	0.00968	0.01476	0.02053	0.02711	0.06197	0.58222	0.10684	0.03264	0.01342	0.00424	0.00608	0.02947	0.00982	0.00861
16	0.14836	0.06260	0.02664	0.06498	0.03063	0.06638	0.01667	0.13889	0.06362	0.07077	0.02191	0.02373	0.01670	0.01046	0.00882	0.00272	0.01036	0.00773	0.00761	0.20041
17	0.02038	0.05305	0.05771	0.02545	0.07410	0.06236	0.05636	0.02503	0.02377	0.03131	0.10541	0.17940	0.04792	0.02129	0.01403	0.00388	0.05658	0.12265	0.00795	0.01138
18	0.01314	0.00939	0.01257	0.01502	0.01575	0.00881	0.01027	0.01517	0.02050	0.02728	0.05813	0.59004	0.06936	0.03288	0.01356	0.00433	0.00636	0.05896	0.00981	0.00866
19	0.10709	0.13139	0.28619	0.02229	0.03337	0.02423	0.02525	0.03019	0.02096	0.03286	0.01904	0.02502	0.01580	0.06548	0.01271	0.00352	0.01232	0.00766	0.00519	0.11945
20	0.01538	0.01025	0.01153	0.01153	0.01153	0.01025	0.00641	0.01538	0.01538	0.02050	0.03331	0.06919	0.03844	0.62842	0.05382	0.01025	0.01025	0.01538	0.00641	0.00641
21	0.02121	0.05469	0.57364	0.03014	0.04576	0.02455	0.03906	0.03348	0.02232	0.03348	0.01897	0.02232	0.01339	0.01005	0.01005	0.00335	0.01563	0.00781	0.00446	0.01563
22	0.03544	0.02449	0.02701	0.02210	0.02942	0.02682	0.01780	0.23494	0.26183	0.14834	0.03606	0.03346	0.02572	0.01349	0.01067	0.00337	0.00973	0.01079	0.01111	0.01744
23	0.01997	0.01879	0.03171	0.60301	0.07282	0.02349	0.02936	0.02701	0.02114	0.02701	0.01879	0.02819	0.01409	0.01057	0.01057	0.00352	0.01409	0.00940	0.00470	0.01175
24	0.02617	0.02512	0.04292	0.06490	0.56246	0.02512	0.03245	0.03245	0.02407	0.03454	0.01989	0.02617	0.01675	0.00942	0.01047	0.00314	0.01256	0.00942	0.00523	0.01675
25	0.02827	0.63478	0.05540	0.01809	0.02714	0.04184	0.01809	0.03166	0.02148	0.02488	0.01470	0.01696	0.01357	0.00905	0.00678	0.00226	0.01131	0.00565	0.00452	0.01357
26	0.03711	0.01557	0.02109	0.01727	0.02346	0.01365	0.01379	0.04111	0.02902	0.40417	0.14311	0.11313	0.04552	0.01709	0.01132	0.00340	0.00789	0.01456	0.01242	0.01534
27	0.03895	0.01612	0.02182	0.01737	0.02407	0.01409	0.01409	0.04328	0.03018	0.43200	0.17631	0.04722	0.04540	0.01531	0.01111	0.00329	0.00795	0.01285	0.01271	0.01590
28	0.03413	0.02444	0.04067	0.03035	0.03924	0.02391	0.22226	0.10453	0.11045	0.20802	0.03165	0.03218	0.02200	0.01154	0.01139	0.00343	0.01280	0.01145	0.00928	0.01628
29	0.01530	0.01185	0.01409	0.01371	0.01660	0.01128	0.01019	0.02196	0.08182	0.03723	0.32831	0.14822	0.20270	0.02356	0.01242	0.00353	0.00558	0.02052	0.01087	0.01026
30	0.01627	0.01028	0.01175	0.01175	0.01248	0.01048	0.00734	0.01772	0.01700	0.02496	0.03303	0.05991	0.03475	0.43884	0.10052	0.00931	0.01104	0.01377	0.15133	0.00746
31	0.28818	0.03063	0.02183	0.01932	0.02514	0.22104	0.01511	0.09607	0.02678	0.04108	0.01947	0.02206	0.01528	0.01091	0.00822	0.00295	0.01198	0.00717	0.10446	0.01232
32	0.10597	0.01536	0.01827	0.01509	0.02113	0.01420	0.01218	0.03826	0.02622	0.31736	0.04526	0.04304	0.09130	0.01426	0.00964	0.00311	0.00746	0.01138	0.17632	0.01418
33	0.01300	0.00995	0.01194	0.01309	0.01501	0.00888	0.00919	0.01554	0.02285	0.02948	0.13824	0.36566	0.25032	0.02939	0.01301	0.00391	0.00571	0.02589	0.01004	0.00888
34	0.01451	0.01074	0.01322	0.01263	0.01512	0.00979	0.00927	0.01860	0.02748	0.03771	0.42094	0.08267	0.18591	0.07609	0.01612	0.00398	0.00553	0.01943	0.01081	0.00945
35	0.01997	0.01879	0.03171	0.60301	0.07282	0.02349	0.02936	0.02701	0.02114	0.02701	0.01879	0.02819	0.01409	0.01057	0.01057	0.00352	0.01409	0.00940	0.00470	0.01175
36	0.01977	0.01442	0.01695	0.01607	0.01971	0.01470	0.01257	0.02689	0.10445	0.08829	0.07114	0.14443	0.26569	0.02365	0.01435	0.00384	0.06133	0.06055	0.00983	0.01137
37	0.02589	0.12996	0.14439	0.07088	0.21936	0.02733	0.02739	0.07144	0.06028	0.03544	0.02070	0.02448	0.01647	0.00999	0.00958	0.00295	0.01226	0.00838	0.00582	0.07702
38	0.02335	0.24341	0.09967	0.01995	0.02631	0.02762	0.01881	0.07029	0.02457	0.03272	0.10741	0.12461	0.03633	0.01638	0.01274	0.00324	0.08033	0.01264	0.00701	0.01262

[dist]
# distance from previous block
# <min> <max>
0	2

[block]
# block no. 3 follows, 13 sequences, length 16
# corresponding to MSA columns:
# 124-139
name=unknown_D
#
# <colnr> <probs for GDERKNQSTAVLIFYWHMCP>
#	G	D	E	R	K	N	Q	S	T	A	V	L	I	F	Y	W	H	M	C	P
0	0.03256	0.21859	0.06702	0.07588	0.03434	0.16891	0.02070	0.08885	0.08487	0.07957	0.02229	0.02381	0.01723	0.01101	0.00915	0.00288	0.01323	0.00793	0.00681	0.01437
1	0.44385	0.03022	0.17927	0.01909	0.02844	0.02321	0.01989	0.03366	0.02038	0.09134	0.01844	0.02041	0.01337	0.01018	0.00794	0.00329	0.01043	0.00679	0.00654	0.01327
2	0.06139	0.13332	0.09363	0.21818	0.08681	0.07692	0.07098	0.03090	0.02203	0.02935	0.01754	0.02368	0.01410	0.01074	0.01194	0.00328	0.06881	0.00843	0.00490	0.01307
3	0.17664	0.07734	0.07366	0.05326	0.07262	0.02165	0.01769	0.06316	0.02150	0.03454	0.02459	0.07845	0.02326	0.08815	0.12397	0.00660	0.01399	0.01073	0.00634	0.01186
4	0.02113	0.01804	0.02282	0.02067	0.08272	0.01456	0.01426	0.02605	0.02362	0.03591	0.11696	0.03279	0.03111	0.01052	0.00897	0.00206	0.00783	0.00896	0.00713	0.49390
5	0.44609	0.01680	0.01480	0.01354	0.01836	0.01861	0.01061	0.02655	0.02127	0.04378	0.17489	0.03947	0.03948	0.06330	0.01210	0.00385	0.00741	0.01043	0.00802	0.01061
6	0.02615	0.01425	0.02010	0.09901	0.02802	0.01378	0.01521	0.03088	0.02745	0.20742	0.22413	0.10588	0.05765	0.01902	0.01191	0.00357	0.00814	0.06399	0.01078	0.01267
7	0.02768	0.12075	0.19628	0.12715	0.04469	0.08327	0.09194	0.03617	0.04628	0.09473	0.02212	0.02541	0.01623	0.01048	0.01004	0.00319	0.01429	0.00880	0.00602	0.01447
8	0.01756	0.07726	0.13175	0.01923	0.02436	0.01785	0.01823	0.02266	0.01833	0.02600	0.02565	0.03796	0.02374	0.10937	0.36859	0.01228	0.02255	0.01047	0.00539	0.01078
9	0.01394	0.01020	0.01309	0.01357	0.01547	0.00935	0.00972	0.01751	0.02572	0.03523	0.32483	0.28396	0.13531	0.02644	0.01286	0.00371	0.00545	0.02353	0.01077	0.00935
10	0.02614	0.02499	0.11534	0.02201	0.02809	0.02135	0.01997	0.17218	0.02993	0.08058	0.03655	0.20713	0.03608	0.02011	0.01388	0.00381	0.06521	0.05417	0.00890	0.01359
11	0.03066	0.15141	0.23573	0.02291	0.03340	0.05504	0.02464	0.03769	0.02555	0.18809	0.07140	0.03001	0.02467	0.01179	0.00977	0.00308	0.01213	0.00915	0.00766	0.01524
12	0.02706	0.02806	0.03421	0.13534	0.03964	0.12589	0.06406	0.07461	0.02322	0.03021	0.01686	0.02401	0.01442	0.01442	0.02191	0.00388	0.29517	0.00914	0.00538	0.01252
13	0.02529	0.13557	0.03244	0.01990	0.02891	0.08341	0.05890	0.02989	0.02300	0.03171	0.01800	0.02128	0.01509	0.00848	0.00823	0.00199	0.01058	0.00675	0.00578	0.43480
14	0.02806	0.23466	0.20974	0.02286	0.03248	0.02852	0.02440	0.03434	0.02253	0.12711	0.02194	0.02455	0.01681	0.01623	0.05452	0.00411	0.06843	0.00801	0.00616	0.01454
15	0.08958	0.01156	0.01254	0.01253	0.01560	0.01082	0.00930	0.01830	0.02453	0.03455	0.22432	0.17440	0.27595	0.02443	0.01200	0.00359	0.00569	0.02084	0.01001	0.00946

[dist]
# distance from previous block
# <min> <max>
9	16

[block]
# block no. 4 follows, 13 sequences, length 69
# corresponding to MSA columns:
# 163-231
name=unknown_E
#
# <colnr> <probs for GDERKNQSTAVLIFYWHMCP>
#	G	D	E	R	K	N	Q	S	T	A	V	L	I	F	Y	W	H	M	C	P
0	0.02883	0.29977	0.10388	0.02587	0.08124	0.17394	0.02173	0.03352	0.02480	0.02874	0.06815	0.02496	0.02214	0.01088	0.00876	0.00269	0.01330	0.00785	0.00550	0.01343
1	0.02621	0.08276	0.03031	0.02012	0.02914	0.02084	0.06359	0.07181	0.07491	0.06814	0.02282	0.02484	0.01788	0.00937	0.00884	0.00225	0.00956	0.00786	0.00717	0.40160
2	0.03210	0.14244	0.20291	0.02373	0.03386	0.08290	0.02432	0.12149	0.02953	0.13732	0.05206	0.02716	0.02123	0.01160	0.00975	0.00305	0.01272	0.00876	0.00761	0.01547
3	0.02010	0.01444	0.01566	0.01409	0.01873	0.01369	0.01094	0.07253	0.07975	0.08685	0.12219	0.08002	0.36589	0.02245	0.01196	0.00349	0.00658	0.01867	0.01044	0.01154
4	0.04744	0.01799	0.02454	0.01881	0.02699	0.01554	0.01554	0.05153	0.03026	0.56979	0.04171	0.03599	0.02617	0.01309	0.01063	0.00327	0.00900	0.01063	0.01309	0.01799
5	0.01288	0.00920	0.01227	0.01472	0.01534	0.00859	0.00981	0.01472	0.02024	0.02699	0.05828	0.62152	0.06993	0.03312	0.01350	0.00429	0.00613	0.03006	0.00981	0.00859
6	0.03076	0.02941	0.02723	0.02349	0.02880	0.20006	0.05227	0.04186	0.16936	0.08633	0.06601	0.03341	0.02748	0.01340	0.01216	0.00324	0.05894	0.01033	0.07172	0.01375
7	0.01946	0.01171	0.01362	0.01310	0.01562	0.01248	0.00991	0.05756	0.02205	0.03548	0.03195	0.04141	0.02716	0.08081	0.18085	0.00738	0.01267	0.01070	0.38605	0.01003
8	0.70310	0.02045	0.01554	0.01390	0.02045	0.02372	0.01145	0.03108	0.01799	0.04744	0.01472	0.01718	0.01145	0.00981	0.00654	0.00327	0.00818	0.00573	0.00654	0.01145
9	0.03857	0.02330	0.03481	0.02624	0.03485	0.02275	0.13582	0.14460	0.08448	0.28903	0.03376	0.03243	0.02274	0.01215	0.01107	0.00335	0.01154	0.01097	0.01053	0.01699
10	0.01660	0.01203	0.01643	0.01863	0.02117	0.01186	0.01617	0.02126	0.02432	0.03135	0.06089	0.11758	0.10858	0.02897	0.01440	0.00474	0.00932	0.44629	0.00974	0.00966
11	0.01366	0.00953	0.01204	0.01372	0.01415	0.00911	0.00875	0.01493	0.01872	0.02496	0.05047	0.44877	0.06008	0.21931	0.02611	0.00616	0.00742	0.02547	0.00875	0.00791
12	0.01997	0.01879	0.03171	0.60301	0.07282	0.02349	0.02936	0.02701	0.02114	0.02701	0.01879	0.02819	0.01409	0.01057	0.01057	0.00352	0.01409	0.00940	0.00470	0.01175
13	0.02571	0.42500	0.24282	0.02245	0.03387	0.03559	0.02568	0.03232	0.02179	0.02799	0.01625	0.01890	0.01351	0.00941	0.00796	0.00265	0.01287	0.00643	0.00450	0.01431
14	0.01812	0.01030	0.01179	0.01238	0.01467	0.01016	0.00961	0.02274	0.02312	0.03712	0.09100	0.11345	0.04428	0.01825	0.00976	0.00315	0.00591	0.09920	0.43527	0.00972
15	0.01873	0.01190	0.01373	0.01326	0.01658	0.01110	0.00992	0.02411	0.06124	0.08801	0.15229	0.16402	0.21321	0.02218	0.01146	0.00343	0.00593	0.01899	0.12924	0.01067
16	0.01997	0.01879	0.03171	0.60301	0.07282	0.02349	0.02936	0.02701	0.02114	0.02701	0.01879	0.02819	0.01409	0.01057	0.01057	0.00352	0.01409	0.00940	0.00470	0.01175
17	0.02729	0.27666	0.03982	0.02264	0.02748	0.13135	0.01960	0.03027	0.02085	0.02520	0.01610	0.02175	0.01497	0.01941	0.07428	0.00457	0.20310	0.00756	0.00483	0.01229
18	0.02276	0.15049	0.43674	0.02948	0.04352	0.02769	0.08206	0.03321	0.02243	0.03206	0.01848	0.02201	0.01368	0.00977	0.00973	0.00318	0.01511	0.00789	0.00456	0.01515
19	0.02964	0.06677	0.03486	0.02817	0.08366	0.02418	0.10369	0.07814	0.16608	0.11829	0.02946	0.03016	0.02188	0.01115	0.01021	0.00302	0.01083	0.01000	0.00843	0.13136
20	0.01326	0.01010	0.01220	0.01303	0.01510	0.00904	0.00926	0.01615	0.02390	0.03128	0.19643	0.31518	0.24045	0.02819	0.01291	0.00382	0.00559	0.02480	0.01026	0.00904
21	0.03563	0.01507	0.02006	0.01655	0.02243	0.01332	0.01319	0.03975	0.02843	0.37177	0.13288	0.10032	0.04338	0.01644	0.01091	0.00330	0.00761	0.01392	0.08018	0.01486
22	0.02322	0.02453	0.08620	0.38607	0.16440	0.02479	0.03005	0.07547	0.02451	0.03285	0.01965	0.02696	0.01492	0.01049	0.01050	0.00340	0.01371	0.00926	0.00533	0.01370
23	0.01954	0.01670	0.02601	0.09255	0.23056	0.01690	0.02048	0.02394	0.02215	0.03061	0.03971	0.18625	0.07287	0.06232	0.01458	0.00409	0.00983	0.05207	0.04679	0.01206
24	0.01480	0.01097	0.01391	0.01364	0.01631	0.01007	0.01054	0.01937	0.02819	0.03860	0.41392	0.08813	0.17513	0.02349	0.01275	0.00357	0.00566	0.08014	0.01108	0.00976
25	0.01288	0.00920	0.01227	0.01472	0.01534	0.00859	0.00981	0.01472	0.02024	0.02699	0.05828	0.62152	0.06993	0.03312	0.01350	0.00429	0.00613	0.03006	0.00981	0.00859
26	0.02113	0.17217	0.15528	0.08119	0.08291	0.02471	0.02355	0.02727	0.02033	0.02781	0.02125	0.02861	0.01833	0.03376	0.20881	0.00781	0.01855	0.00882	0.00499	0.01272
27	0.29691	0.02045	0.02089	0.07299	0.02771	0.02272	0.01496	0.15130	0.02785	0.09886	0.02367	0.02585	0.01738	0.01133	0.00844	0.00313	0.00910	0.00818	0.12487	0.01341
28	0.02382	0.03178	0.17346	0.02227	0.03183	0.06113	0.02176	0.03460	0.11176	0.03463	0.02249	0.02492	0.01763	0.01051	0.01093	0.00269	0.05271	0.00791	0.00637	0.29679
29	0.08983	0.01802	0.01783	0.01665	0.02050	0.06084	0.01256	0.11809	0.02867	0.03943	0.13598	0.22955	0.12688	0.02220	0.01160	0.00358	0.00811	0.01882	0.00960	0.01126
30	0.01538	0.01025	0.01153	0.01153	0.01153	0.01025	0.00641	0.01538	0.01538	0.02050	0.03331	0.06919	0.03844	0.62842	0.05382	0.01025	0.01025	0.01538	0.00641	0.00641
31	0.02193	0.07498	0.06323	0.01923	0.02414	0.01677	0.05262	0.02669	0.06181	0.08262	0.03602	0.22815	0.03641	0.02279	0.01653	0.12424	0.00929	0.01618	0.00784	0.05853
32	0.02652	0.08812	0.16149	0.04688	0.32127	0.02640	0.03076	0.03344	0.02331	0.07003	0.02029	0.02491	0.01615	0.01042	0.01174	0.00322	0.05483	0.00878	0.00550	0.01592
33	0.01525	0.01069	0.01394	0.01538	0.01648	0.01067	0.01129	0.01761	0.01970	0.02615	0.04687	0.22757	0.05309	0.23547	0.07059	0.00744	0.01037	0.17482	0.00833	0.00829
34	0.01538	0.01025	0.01153	0.01153	0.01153	0.01025	0.00641	0.01538	0.01538	0.02050	0.03331	0.06919	0.03844	0.62842	0.05382	0.01025	0.01025	0.01538	0.00641	0.00641
35	0.12352	0.13543	0.37244	0.02853	0.07813	0.02710	0.03130	0.03277	0.02169	0.03432	0.01777	0.02104	0.01339	0.00981	0.00906	0.00316	0.01364	0.00730	0.00484	0.01478
36	0.02196	0.02026	0.03480	0.04548	0.32050	0.02082	0.06378	0.02751	0.02151	0.03077	0.02314	0.03207	0.02030	0.03538	0.22496	0.00833	0.01884	0.01037	0.00540	0.01383
37	0.01528	0.01096	0.01480	0.01591	0.01797	0.01049	0.01257	0.01953	0.02573	0.03502	0.26116	0.21295	0.07874	0.02696	0.01349	0.00411	0.00701	0.19721	0.01053	0.00958
38	0.02421	0.09633	0.26388	0.03320	0.04489	0.06622	0.21455	0.03330	0.02421	0.03279	0.05033	0.02717	0.01940	0.01026	0.01075	0.00328	0.01567	0.00993	0.00528	0.01436
39	0.01817	0.01315	0.01563	0.01524	0.01821	0.01314	0.01155	0.07230	0.06392	0.03876	0.21366	0.20516	0.11229	0.02321	0.01209	0.00363	0.00657	0.05670	0.07583	0.01079
40	0.03262	0.02818	0.12781	0.02561	0.03513	0.02223	0.10506	0.14691	0.03170	0.18658	0.07721	0.03300	0.02654	0.01219	0.01080	0.00320	0.01177	0.01068	0.00910	0.06367
41	0.03737	0.04003	0.02937	0.02546	0.03180	0.34115	0.01969	0.17330	0.12519	0.03990	0.02342	0.02431	0.01805	0.01198	0.01002	0.00299	0.01522	0.00843	0.00774	0.01456
42	0.01538	0.01025	0.01153	0.01153	0.01153	0.01025	0.00641	0.01538	0.01538	0.02050	0.03331	0.06919	0.03844	0.62842	0.05382	0.01025	0.01025	0.01538	0.00641	0.00641
43	0.02121	0.05469	0.57364	0.03014	0.04576	0.02455	0.03906	0.03348	0.02232	0.03348	0.01897	0.02232	0.01339	0.01005	0.01005	0.00335	0.01563	0.00781	0.00446	0.01563
44	0.01322	0.01074	0.01172	0.01147	0.01473	0.00924	0.00861	0.01658	0.02582	0.03264	0.23964	0.09504	0.42310	0.02526	0.01249	0.00350	0.00525	0.02137	0.01035	0.00924
45	0.04744	0.01799	0.02454	0.01881	0.02699	0.01554	0.01554	0.05153	0.03026	0.56979	0.04171	0.03599	0.02617	0.01309	0.01063	0.00327	0.00900	0.01063	0.01309	0.01799
46	0.04019	0.02962	0.03173	0.02433	0.03279	0.03279	0.02010	0.52721	0.04971	0.06663	0.02538	0.02538	0.01798	0.01269	0.01058	0.00317	0.01163	0.00952	0.01058	0.01798
47	0.02827	0.63478	0.05540	0.01809	0.02714	0.04184	0.01809	0.03166	0.02148	0.02488	0.01470	0.01696	0.01357	0.00905	0.00678	0.00226	0.01131	0.00565	0.00452	0.01357
48	0.04263	0.01693	0.02300	0.01800	0.02533	0.01472	0.01472	0.04686	0.03021	0.49177	0.11792	0.04235	0.03706	0.01435	0.01090	0.00328	0.00840	0.01189	0.01287	0.01681
49	0.01902	0.01165	0.01484	0.01493	0.01659	0.01158	0.01085	0.02111	0.01946	0.07905	0.03985	0.07688	0.04217	0.35253	0.08861	0.00872	0.01167	0.14382	0.00791	0.00876
50	0.04123	0.02286	0.03035	0.02329	0.03099	0.02330	0.05598	0.19495	0.03457	0.32283	0.03253	0.03094	0.02173	0.01316	0.01300	0.00339	0.06656	0.01030	0.01094	0.01711
51	0.02903	0.02407	0.02545	0.02207	0.02854	0.02758	0.01740	0.14888	0.44621	0.04864	0.03956	0.03668	0.02946	0.01402	0.01072	0.00350	0.00901	0.01147	0.01072	0.01698
52	0.01538	0.01025	0.01153	0.01153	0.01153	0.01025	0.00641	0.01538	0.01538	0.02050	0.03331	0.06919	0.03844	0.62842	0.05382	0.01025	0.01025	0.01538	0.00641	0.00641
53	0.02386	0.02277	0.03875	0.26511	0.38028	0.02451	0.03130	0.03043	0.02298	0.03174	0.01948	0.02692	0.01576	0.00985	0.01051	0.00328	0.01313	0.00941	0.00503	0.01489
54	0.02533	0.36228	0.24888	0.02505	0.03669	0.03400	0.07318	0.03254	0.02212	0.02892	0.01692	0.02004	0.01373	0.00941	0.00853	0.00279	0.01352	0.00709	0.00458	0.01440
55	0.01956	0.01096	0.01403	0.01457	0.01698	0.00996	0.01041	0.02217	0.02257	0.12349	0.05798	0.41059	0.10714	0.02697	0.01230	0.00387	0.00644	0.02393	0.07569	0.01039
56	0.01288	0.00920	0.01227	0.01472	0.01534	0.00859	0.00981	0.01472	0.02024	0.02699	0.05828	0.62152	0.06993	0.03312	0.01350	0.00429	0.00613	0.03006	0.00981	0.00859
57	0.02630	0.02271	0.02391	0.02152	0.02749	0.02630	0.01674	0.05618	0.54336	0.04423	0.04303	0.03945	0.03228	0.01434	0.01076	0.00359	0.00837	0.01195	0.01076	0.01674
58	0.01997	0.01879	0.03171	0.60301	0.07282	0.02349	0.02936	0.02701	0.02114	0.02701	0.01879	0.02819	0.01409	0.01057	0.01057	0.00352	0.01409	0.00940	0.00470	0.01175
59	0.02558	0.02721	0.03202	0.02768	0.02850	0.11524	0.02273	0.02796	0.01825	0.02551	0.01425	0.02252	0.01384	0.01737	0.03093	0.00434	0.52076	0.00889	0.00475	0.01167
60	0.02579	0.02735	0.08291	0.06228	0.52353	0.02508	0.03295	0.03253	0.02394	0.03446	0.01982	0.02588	0.01650	0.00947	0.01044	0.00316	0.01279	0.00930	0.00518	0.01666
61	0.08067	0.18892	0.03786	0.02195	0.03079	0.02703	0.08183	0.10869	0.02798	0.16428	0.02413	0.02493	0.01768	0.01040	0.00912	0.00277	0.01093	0.00838	0.00794	0.11372
62	0.01480	0.01116	0.01384	0.01454	0.01655	0.01077	0.01036	0.02043	0.07414	0.03372	0.22060	0.34239	0.12268	0.02703	0.01281	0.00385	0.00591	0.02408	0.01049	0.00985
63	0.02046	0.01206	0.01569	0.01406	0.01764	0.01087	0.01080	0.02511	0.02953	0.13375	0.43138	0.07323	0.12275	0.02052	0.01215	0.00334	0.00572	0.01788	0.01175	0.01130
64	0.04671	0.01916	0.02526	0.01937	0.02757	0.01727	0.01600	0.09928	0.03221	0.51928	0.04007	0.03492	0.02535	0.01305	0.01063	0.00326	0.00926	0.01052	0.01283	0.01799
65	0.08966	0.03065	0.18099	0.08224	0.03898	0.02416	0.08304	0.06963	0.02411	0.10202	0.02417	0.06732	0.01958	0.01340	0.01405	0.00362	0.10103	0.01057	0.00672	0.01408
66	0.01526	0.01070	0.01380	0.01380	0.01459	0.01148	0.00924	0.01683	0.01605	0.02218	0.03124	0.05770	0.03345	0.40024	0.27518	0.01305	0.01776	0.01369	0.00610	0.00767
67	0.01308	0.00935	0.01244	0.01459	0.01538	0.00872	0.00983	0.01521	0.02115	0.02843	0.10488	0.57081	0.07272	0.03205	0.01340	0.00420	0.00603	0.02904	0.00999	0.00872
68	0.02618	0.02643	0.09196	0.02968	0.03778	0.06483	0.21406	0.03275	0.02499	0.11088	0.03599	0.04524	0.07462	0.02005	0.06558	0.00481	0.01540	0.05808	0.00729	0.01339

[dist]
# distance from previous block
# <min> <max>
0	1

[block]
# block no. 5 follows, 13 sequences, length 109
# corresponding to MSA columns:
# 233-341
name=unknown_F
#
# <colnr> <probs for GDERKNQSTAVLIFYWHMCP>
#	G	D	E	R	K	N	Q	S	T	A	V	L	I	F	Y	W	H	M	C	P
0	0.08247	0.22045	0.22360	0.02660	0.08536	0.02828	0.02573	0.03576	0.02327	0.12491	0.02135	0.02301	0.01583	0.01019	0.00891	0.00298	0.01226	0.00763	0.00622	0.01518
1	0.03483	0.03702	0.03013	0.02639	0.03029	0.32516	0.02076	0.03758	0.02525	0.09239	0.01860	0.02254	0.01525	0.01379	0.01835	0.00345	0.22129	0.00812	0.00610	0.01272
2	0.01513	0.01122	0.01646	0.01646	0.01816	0.01293	0.01255	0.01854	0.01683	0.02415	0.02881	0.04424	0.02761	0.13303	0.53439	0.01633	0.02655	0.01172	0.00574	0.00914
3	0.02680	0.09014	0.28073	0.02944	0.04127	0.02547	0.13078	0.03870	0.08882	0.10740	0.02521	0.02713	0.01805	0.01068	0.01043	0.00332	0.01390	0.00949	0.00661	0.01563
4	0.10866	0.08270	0.28350	0.12541	0.04345	0.07982	0.02906	0.03403	0.02282	0.06959	0.01942	0.02295	0.01419	0.01033	0.00946	0.00323	0.01402	0.00777	0.00545	0.01413
5	0.01538	0.01025	0.01153	0.01153	0.01153	0.01025	0.00641	0.01538	0.01538	0.02050	0.03331	0.06919	0.03844	0.62842	0.05382	0.01025	0.01025	0.01538	0.00641	0.00641
6	0.01534	0.01030	0.01176	0.01169	0.01190	0.01023	0.00672	0.01578	0.01665	0.02241	0.07900	0.07004	0.04379	0.57547	0.05021	0.00965	0.00979	0.01570	0.00686	0.00672
7	0.19112	0.02823	0.09759	0.03475	0.18728	0.05927	0.05434	0.06883	0.02553	0.08049	0.05737	0.02755	0.02133	0.01100	0.00969	0.00322	0.01177	0.00912	0.00689	0.01461
8	0.03523	0.02242	0.07775	0.02854	0.09677	0.01821	0.09016	0.04069	0.02686	0.31710	0.03625	0.10373	0.02782	0.01423	0.01117	0.00343	0.01089	0.01286	0.00990	0.01597
9	0.01498	0.01104	0.01599	0.01616	0.01773	0.01252	0.01214	0.01815	0.01703	0.02422	0.03107	0.08628	0.03101	0.14331	0.48037	0.01526	0.02452	0.01316	0.00605	0.00901
10	0.02611	0.06882	0.02433	0.02012	0.02519	0.14553	0.01583	0.07046	0.18022	0.03618	0.08475	0.08576	0.10259	0.01755	0.01101	0.00339	0.01047	0.04970	0.00894	0.01304
11	0.02605	0.16132	0.15700	0.07582	0.18862	0.07314	0.10838	0.03315	0.02359	0.03102	0.01850	0.02338	0.01486	0.00958	0.00986	0.00306	0.01439	0.00858	0.00493	0.01478
12	0.01329	0.00949	0.01274	0.01519	0.01598	0.00894	0.01052	0.01543	0.02064	0.02745	0.05805	0.57237	0.06904	0.03274	0.01360	0.00435	0.00649	0.07519	0.00981	0.00870
13	0.01288	0.00920	0.01227	0.01472	0.01534	0.00859	0.00981	0.01472	0.02024	0.02699	0.05828	0.62152	0.06993	0.03312	0.01350	0.00429	0.00613	0.03006	0.00981	0.00859
14	0.02313	0.03660	0.25325	0.10543	0.08078	0.02532	0.17139	0.03591	0.09600	0.03437	0.02306	0.02743	0.01708	0.01035	0.01092	0.00345	0.01486	0.01000	0.00567	0.01499
15	0.03391	0.02707	0.03476	0.10625	0.18123	0.02957	0.02458	0.33183	0.03926	0.05308	0.02309	0.02594	0.01717	0.01155	0.01055	0.00321	0.01219	0.00948	0.00841	0.01688
16	0.29781	0.14489	0.02920	0.01921	0.02649	0.10019	0.01614	0.14541	0.06067	0.04447	0.01911	0.02063	0.01492	0.01074	0.00814	0.00301	0.01094	0.00709	0.00719	0.01376
17	0.03950	0.05039	0.02996	0.02724	0.03269	0.58597	0.02043	0.04222	0.02996	0.02588	0.01634	0.01907	0.01362	0.01090	0.00953	0.00272	0.01907	0.00681	0.00545	0.01226
18	0.01510	0.01133	0.01699	0.01699	0.01888	0.01322	0.01322	0.01888	0.01699	0.02454	0.02832	0.04154	0.02643	0.07930	0.58652	0.01699	0.02832	0.01133	0.00566	0.00944
19	0.01496	0.01081	0.01413	0.01330	0.01580	0.00998	0.00998	0.01995	0.02993	0.04240	0.55689	0.07898	0.09976	0.02162	0.01247	0.00333	0.00499	0.01912	0.01164	0.00998
20	0.02334	0.01888	0.02033	0.01853	0.02342	0.02119	0.01431	0.04545	0.38223	0.04329	0.13932	0.04693	0.04442	0.01547	0.01067	0.00340	0.00731	0.01305	0.09382	0.01461
21	0.02073	0.01957	0.03309	0.53706	0.13283	0.02369	0.02974	0.02768	0.02150	0.02794	0.01893	0.02794	0.01442	0.01043	0.01056	0.00348	0.01391	0.00940	0.00476	0.01236
22	0.01997	0.01879	0.03171	0.60301	0.07282	0.02349	0.02936	0.02701	0.02114	0.02701	0.01879	0.02819	0.01409	0.01057	0.01057	0.00352	0.01409	0.00940	0.00470	0.01175
23	0.02496	0.02852	0.06239	0.04456	0.05526	0.02674	0.52406	0.03387	0.02496	0.03387	0.02139	0.02852	0.01604	0.00891	0.01248	0.00357	0.01783	0.01248	0.00535	0.01426
24	0.04082	0.02860	0.03110	0.02385	0.03228	0.03128	0.01970	0.48570	0.04801	0.11054	0.02681	0.02631	0.01870	0.01273	0.01058	0.00318	0.01140	0.00962	0.01080	0.01798
25	0.01288	0.00920	0.01227	0.01472	0.01534	0.00859	0.00981	0.01472	0.02024	0.02699	0.05828	0.62152	0.06993	0.03312	0.01350	0.00429	0.00613	0.03006	0.00981	0.00859
26	0.02617	0.02512	0.04292	0.06490	0.56246	0.02512	0.03245	0.03245	0.02407	0.03454	0.01989	0.02617	0.01675	0.00942	0.01047	0.00314	0.01256	0.00942	0.00523	0.01675
27	0.01288	0.00920	0.01227	0.01472	0.01534	0.00859	0.00981	0.01472	0.02024	0.02699	0.05828	0.62152	0.06993	0.03312	0.01350	0.00429	0.00613	0.03006	0.00981	0.00859
28	0.01288	0.00920	0.01227	0.01472	0.01534	0.00859	0.00981	0.01472	0.02024	0.02699	0.05828	0.62152	0.06993	0.03312	0.01350	0.00429	0.00613	0.03006	0.00981	0.00859
29	0.63823	0.02134	0.01712	0.01492	0.02166	0.02461	0.01230	0.07963	0.02110	0.04932	0.01577	0.01798	0.01209	0.01010	0.00694	0.00326	0.00852	0.00610	0.00694	0.01209
30	0.02121	0.05469	0.57364	0.03014	0.04576	0.02455	0.03906	0.03348	0.02232	0.03348	0.01897	0.02232	0.01339	0.01005	0.01005	0.00335	0.01563	0.00781	0.00446	0.01563
31	0.01315	0.00961	0.01244	0.01459	0.01571	0.00890	0.01015	0.01532	0.02103	0.02754	0.06409	0.51958	0.12908	0.03205	0.01346	0.00425	0.00631	0.06422	0.00981	0.00872
32	0.01288	0.00920	0.01227	0.01472	0.01534	0.00859	0.00981	0.01472	0.02024	0.02699	0.05828	0.62152	0.06993	0.03312	0.01350	0.00429	0.00613	0.03006	0.00981	0.00859
33	0.01288	0.00920	0.01227	0.01472	0.01534	0.00859	0.00981	0.01472	0.02024	0.02699	0.05828	0.62152	0.06993	0.03312	0.01350	0.00429	0.00613	0.03006	0.00981	0.00859
34	0.02916	0.58844	0.05339	0.01882	0.02758	0.08499	0.01828	0.03250	0.02216	0.02496	0.01483	0.01713	0.01357	0.00919	0.00700	0.00230	0.01192	0.00575	0.00460	0.01346
35	0.02347	0.02067	0.03172	0.50282	0.06589	0.02510	0.02776	0.11362	0.02609	0.03387	0.01993	0.02770	0.01477	0.01094	0.01057	0.00346	0.01367	0.00942	0.00572	0.01282
36	0.04143	0.02154	0.02608	0.02038	0.02810	0.02141	0.01669	0.20347	0.06914	0.33599	0.07325	0.03584	0.02916	0.01365	0.01075	0.00326	0.00952	0.01096	0.01202	0.01734
37	0.03958	0.04785	0.03018	0.02688	0.03270	0.51817	0.02039	0.10166	0.03238	0.03087	0.01745	0.01984	0.01415	0.01112	0.00966	0.00278	0.01816	0.00714	0.00608	0.01296
38	0.09910	0.01183	0.01412	0.01351	0.01632	0.01152	0.01014	0.02080	0.02752	0.04151	0.44165	0.12450	0.08602	0.02130	0.01184	0.00341	0.00549	0.01855	0.01084	0.01002
39	0.02684	0.02927	0.10688	0.05114	0.35707	0.02604	0.07290	0.08318	0.07176	0.03834	0.02246	0.02698	0.01775	0.01020	0.01062	0.00324	0.01293	0.00972	0.00615	0.01652
40	0.01679	0.01262	0.01496	0.01370	0.01706	0.01193	0.01046	0.06834	0.03034	0.04115	0.38721	0.07969	0.21168	0.02209	0.01229	0.00337	0.00573	0.01902	0.01106	0.01048
41	0.01704	0.01217	0.01704	0.01947	0.02191	0.01217	0.01704	0.02191	0.02434	0.03164	0.05598	0.11926	0.06085	0.02921	0.01460	0.00487	0.00974	0.49130	0.00974	0.00974
42	0.01497	0.01070	0.01462	0.01682	0.01842	0.01035	0.01317	0.01845	0.02288	0.03032	0.09517	0.34744	0.06799	0.03043	0.01393	0.00449	0.00772	0.24299	0.00992	0.00923
43	0.02484	0.02466	0.04469	0.15631	0.37790	0.02514	0.12671	0.03176	0.02373	0.03308	0.01998	0.02698	0.01614	0.00953	0.01087	0.00329	0.01385	0.01001	0.00516	0.01538
44	0.01518	0.01104	0.01554	0.01554	0.01693	0.01243	0.01141	0.01795	0.01656	0.02347	0.02965	0.04888	0.02962	0.22511	0.44506	0.01520	0.02352	0.01240	0.00586	0.00863
45	0.01442	0.01079	0.01338	0.01273	0.01546	0.00974	0.00955	0.01890	0.02864	0.03935	0.45775	0.08400	0.20081	0.02275	0.01248	0.00338	0.00507	0.01983	0.01124	0.00974
46	0.10546	0.02400	0.02682	0.02092	0.02870	0.02525	0.01721	0.30361	0.03952	0.21136	0.06569	0.03139	0.02538	0.01314	0.01033	0.00322	0.01006	0.01014	0.01099	0.01680
47	0.02580	0.37857	0.21601	0.02760	0.09857	0.03438	0.02641	0.03233	0.02206	0.02875	0.01667	0.01977	0.01390	0.00940	0.00826	0.00271	0.01281	0.00679	0.00459	0.01460
48	0.01939	0.01220	0.01590	0.01413	0.01776	0.01092	0.01082	0.02425	0.02946	0.10653	0.45952	0.07008	0.08539	0.01969	0.01195	0.00321	0.00566	0.01726	0.01147	0.05441
49	0.07246	0.11451	0.25156	0.02875	0.04001	0.11077	0.12166	0.03396	0.02354	0.03240	0.01821	0.02197	0.01399	0.00965	0.00962	0.00302	0.01493	0.00802	0.00507	0.06589
50	0.03515	0.04315	0.03061	0.02738	0.03138	0.43897	0.02115	0.03777	0.02631	0.02576	0.01569	0.02015	0.01369	0.01292	0.01622	0.00323	0.17574	0.00746	0.00523	0.01207
51	0.01324	0.00946	0.01268	0.01513	0.01590	0.00890	0.01044	0.01534	0.02059	0.02739	0.05808	0.57839	0.06915	0.03279	0.01359	0.00434	0.00644	0.06967	0.00981	0.00869
52	0.01867	0.01181	0.01474	0.01707	0.05887	0.01162	0.01216	0.02353	0.02357	0.03640	0.08013	0.06674	0.07811	0.01824	0.01026	0.00329	0.00684	0.13919	0.35843	0.01031
53	0.01656	0.01332	0.01823	0.01801	0.02035	0.01347	0.04998	0.02409	0.11928	0.03022	0.05044	0.41869	0.05599	0.07884	0.01636	0.00462	0.00780	0.02403	0.00936	0.01038
54	0.01704	0.01217	0.01704	0.01947	0.02191	0.01217	0.01704	0.02191	0.02434	0.03164	0.05598	0.11926	0.06085	0.02921	0.01460	0.00487	0.00974	0.49130	0.00974	0.00974
55	0.01704	0.01217	0.01704	0.01947	0.02191	0.01217	0.01704	0.02191	0.02434	0.03164	0.05598	0.11926	0.06085	0.02921	0.01460	0.00487	0.00974	0.49130	0.00974	0.00974
56	0.03100	0.03684	0.02445	0.02270	0.02721	0.38743	0.01721	0.03431	0.02906	0.02966	0.12895	0.04460	0.07672	0.01558	0.01071	0.00307	0.01460	0.04725	0.00729	0.01137
57	0.01288	0.00920	0.01227	0.01472	0.01534	0.00859	0.00981	0.01472	0.02024	0.02699	0.05828	0.62152	0.06993	0.03312	0.01350	0.00429	0.00613	0.03006	0.00981	0.00859
58	0.01324	0.00946	0.01268	0.01514	0.01591	0.00890	0.01045	0.01535	0.02060	0.02740	0.05807	0.57769	0.06914	0.03278	0.01359	0.00434	0.00645	0.07031	0.00981	0.00869
59	0.02373	0.02263	0.03851	0.27667	0.36976	0.02448	0.03123	0.03031	0.02292	0.03158	0.01946	0.02696	0.01570	0.00987	0.01051	0.00329	0.01316	0.00941	0.00502	0.01478
60	0.02827	0.63478	0.05540	0.01809	0.02714	0.04184	0.01809	0.03166	0.02148	0.02488	0.01470	0.01696	0.01357	0.00905	0.00678	0.00226	0.01131	0.00565	0.00452	0.01357
61	0.02631	0.11015	0.18775	0.02949	0.04027	0.07121	0.15769	0.06999	0.06125	0.03515	0.02097	0.02440	0.01604	0.00990	0.01007	0.00301	0.01422	0.00893	0.00587	0.09733
