[name]
unknown

[dist]
# distance from previous block
# <min> <max>
4	578

[block]
# block no. 0 follows, 14 sequences, length 7
# corresponding to MSA columns:
# 580-586
name=unknown_A
#
# <colnr> <probs for GDERKNQSTAVLIFYWHMCP>
#	G	D	E	R	K	N	Q	S	T	A	V	L	I	F	Y	W	H	M	C	P
0	0.24681	0.02635	0.08497	0.02029	0.02884	0.06339	0.06102	0.07228	0.02366	0.07914	0.01916	0.02145	0.01446	0.00950	0.00835	0.00273	0.01053	0.00719	0.00666	0.19322
1	0.02417	0.01701	0.01983	0.01799	0.02240	0.01770	0.01422	0.16564	0.08791	0.07877	0.11363	0.17993	0.08687	0.02108	0.01181	0.00364	0.00812	0.08639	0.01025	0.01263
2	0.01689	0.00925	0.01267	0.01267	0.01267	0.00925	0.00805	0.01387	0.01387	0.01849	0.02248	0.04274	0.02408	0.22943	0.04400	0.47947	0.00925	0.01084	0.00502	0.00502
3	0.28288	0.02519	0.02311	0.01914	0.02564	0.10169	0.01551	0.13100	0.02696	0.13301	0.02099	0.02221	0.01542	0.01127	0.01039	0.00308	0.05871	0.00749	0.00783	0.05847
4	0.30093	0.22412	0.03603	0.02095	0.02853	0.10691	0.09240	0.03221	0.02112	0.03429	0.01545	0.01848	0.01271	0.00930	0.00767	0.00283	0.01172	0.00665	0.00541	0.01228
5	0.04329	0.11050	0.02825	0.01815	0.02622	0.01886	0.01545	0.04716	0.02811	0.49974	0.03660	0.03219	0.02359	0.01212	0.00977	0.00303	0.00906	0.00960	0.01147	0.01683
6	0.03061	0.17784	0.09358	0.02265	0.03051	0.14502	0.02023	0.13768	0.16993	0.03803	0.02432	0.02479	0.01880	0.01129	0.00919	0.00291	0.01224	0.00828	0.00730	0.01477

[dist]
# distance from previous block
# <min> <max>
0	4

[block]
# block no. 1 follows, 14 sequences, length 9
# corresponding to MSA columns:
# 591-599
name=unknown_B
#
# <colnr> <probs for GDERKNQSTAVLIFYWHMCP>
#	G	D	E	R	K	N	Q	S	T	A	V	L	I	F	Y	W	H	M	C	P
0	0.09430	0.01780	0.02232	0.01809	0.02393	0.01794	0.01474	0.08942	0.02884	0.30932	0.14922	0.04013	0.03772	0.01471	0.01267	0.00331	0.06872	0.01145	0.01078	0.01459
1	0.01323	0.00943	0.01158	0.01296	0.01446	0.00864	0.00899	0.01575	0.02148	0.02907	0.11459	0.41933	0.16520	0.02801	0.01227	0.00378	0.00559	0.02487	0.07211	0.00864
2	0.03282	0.01426	0.01929	0.01644	0.02170	0.01257	0.01286	0.03638	0.02690	0.36029	0.12612	0.19041	0.04700	0.01883	0.01129	0.00343	0.00744	0.01629	0.01169	0.01399
3	0.01295	0.01019	0.01170	0.01182	0.01449	0.00894	0.00868	0.01614	0.02460	0.03177	0.24519	0.17720	0.33907	0.02538	0.01228	0.00350	0.00521	0.02187	0.01009	0.00894
4	0.30477	0.01669	0.01749	0.01493	0.02085	0.01674	0.01192	0.03201	0.02278	0.18581	0.10020	0.09313	0.03258	0.01405	0.00899	0.00313	0.00750	0.01104	0.00901	0.07639
5	0.02566	0.01752	0.02033	0.01771	0.02277	0.01845	0.01386	0.07540	0.24162	0.12935	0.23589	0.05099	0.05365	0.01623	0.01103	0.00331	0.00723	0.01381	0.01110	0.01409
6	0.71184	0.01985	0.01508	0.01350	0.01985	0.02302	0.01111	0.03017	0.01746	0.04604	0.01429	0.01667	0.01111	0.00953	0.00635	0.00318	0.00794	0.00556	0.00635	0.01111
7	0.08196	0.02003	0.02632	0.02029	0.02787	0.01930	0.05068	0.14641	0.03215	0.35744	0.08050	0.03482	0.02844	0.01287	0.01034	0.00318	0.00945	0.01064	0.01117	0.01614
8	0.03117	0.03103	0.02481	0.02104	0.02734	0.25206	0.01627	0.08358	0.08327	0.07287	0.08569	0.02957	0.02642	0.01179	0.00952	0.00263	0.01216	0.00889	0.00766	0.16224

[dist]
# distance from previous block
# <min> <max>
0	1

[block]
# block no. 2 follows, 14 sequences, length 31
# corresponding to MSA columns:
# 601-631
name=unknown_C
#
# <colnr> <probs for GDERKNQSTAVLIFYWHMCP>
#	G	D	E	R	K	N	Q	S	T	A	V	L	I	F	Y	W	H	M	C	P
0	0.02844	0.03623	0.23994	0.02503	0.03525	0.02712	0.02564	0.21922	0.17247	0.04670	0.02680	0.02711	0.01942	0.01177	0.01012	0.00325	0.01193	0.00923	0.00806	0.01626
1	0.07461	0.21822	0.39249	0.02475	0.03745	0.02852	0.03014	0.03182	0.02112	0.03116	0.01693	0.01982	0.01291	0.00946	0.00860	0.00295	0.01344	0.00684	0.00450	0.01430
2	0.02885	0.38870	0.18386	0.02065	0.03090	0.03202	0.02231	0.03445	0.02250	0.12087	0.01976	0.02091	0.01520	0.00969	0.00802	0.00263	0.01166	0.00684	0.00578	0.01440
3	0.01240	0.00932	0.01151	0.01326	0.01461	0.00842	0.00907	0.01440	0.02064	0.02660	0.06908	0.49163	0.20081	0.03052	0.01284	0.00398	0.00575	0.02719	0.00953	0.00842
4	0.02222	0.01848	0.02955	0.51383	0.06318	0.02235	0.02632	0.03062	0.06520	0.07631	0.02211	0.02892	0.01615	0.01077	0.01028	0.00340	0.01279	0.00943	0.00575	0.01233
5	0.01466	0.01100	0.01649	0.01649	0.01833	0.01283	0.01283	0.01833	0.01649	0.02382	0.02749	0.04032	0.02566	0.07697	0.59868	0.01649	0.02749	0.01100	0.00550	0.00916
6	0.01491	0.01135	0.01426	0.01562	0.01721	0.01167	0.01098	0.02149	0.11037	0.02881	0.05130	0.47585	0.05768	0.03330	0.06809	0.00522	0.00836	0.02447	0.00930	0.00975
7	0.02541	0.02416	0.03991	0.05900	0.52339	0.02449	0.03005	0.03368	0.07387	0.03442	0.02143	0.02662	0.01768	0.00960	0.01019	0.00309	0.01181	0.00938	0.00559	0.01625
8	0.09671	0.02557	0.02766	0.02164	0.02944	0.02781	0.01778	0.37526	0.08710	0.14486	0.02781	0.02681	0.01941	0.01228	0.00995	0.00314	0.01031	0.00930	0.01034	0.01680
9	0.02897	0.01991	0.02069	0.01756	0.02288	0.07914	0.01382	0.10803	0.07104	0.17399	0.20449	0.05223	0.11036	0.01662	0.01097	0.00318	0.00851	0.01372	0.01056	0.01334
10	0.04056	0.02625	0.02926	0.02243	0.03058	0.02813	0.01853	0.43265	0.04408	0.17903	0.02814	0.02691	0.01921	0.01240	0.01028	0.00310	0.01073	0.00948	0.01080	0.01745
11	0.01281	0.00915	0.01226	0.01464	0.01537	0.00860	0.01006	0.01482	0.01995	0.02654	0.05639	0.59363	0.06721	0.03186	0.01318	0.00421	0.00622	0.06519	0.00952	0.00842
12	0.02254	0.03069	0.16216	0.03205	0.03832	0.02821	0.17115	0.02872	0.01943	0.02872	0.01662	0.02375	0.01396	0.01352	0.02232	0.00393	0.31687	0.00955	0.00465	0.01283
13	0.01321	0.00973	0.01246	0.01394	0.01548	0.00898	0.01003	0.01594	0.02221	0.02937	0.14787	0.40088	0.15185	0.02893	0.01290	0.00396	0.00603	0.07768	0.00981	0.00873
14	0.01783	0.00891	0.01337	0.01337	0.01337	0.00891	0.00891	0.01337	0.01337	0.01783	0.01783	0.03119	0.01783	0.03565	0.04011	0.70143	0.00891	0.00891	0.00446	0.00446
15	0.01250	0.00893	0.01191	0.01429	0.01488	0.00834	0.00953	0.01429	0.01965	0.02620	0.05656	0.63265	0.06787	0.03215	0.01310	0.00417	0.00595	0.02917	0.00953	0.00834
16	0.01428	0.00968	0.01138	0.01201	0.01217	0.00952	0.00709	0.01476	0.01617	0.02156	0.03873	0.21652	0.04538	0.47897	0.04190	0.00842	0.00889	0.01869	0.00709	0.00678
17	0.49403	0.02167	0.02181	0.01779	0.02488	0.02398	0.05259	0.11466	0.02397	0.09409	0.01870	0.02036	0.01370	0.01018	0.00776	0.00318	0.00926	0.00706	0.00744	0.01289
18	0.01468	0.01092	0.01611	0.01611	0.01781	0.01262	0.01235	0.01808	0.01638	0.02354	0.02784	0.04226	0.02650	0.11771	0.55909	0.01602	0.02622	0.01128	0.00555	0.00895
19	0.02058	0.05308	0.58618	0.02925	0.04442	0.02383	0.03792	0.03250	0.02167	0.03250	0.01842	0.02167	0.01300	0.00975	0.00975	0.00325	0.01517	0.00758	0.00433	0.01517
20	0.01311	0.00931	0.01160	0.01318	0.01383	0.00879	0.00852	0.01449	0.01868	0.02465	0.05373	0.44305	0.09772	0.19207	0.02336	0.00564	0.00695	0.02484	0.00865	0.00780
21	0.02240	0.01924	0.02179	0.01670	0.02494	0.01681	0.01324	0.03342	0.16273	0.03595	0.02445	0.02577	0.01946	0.00927	0.00835	0.00204	0.00774	0.00754	0.00723	0.52093
22	0.02517	0.44987	0.22960	0.02142	0.03231	0.03507	0.02428	0.03131	0.02112	0.02690	0.01564	0.01818	0.01311	0.00910	0.00763	0.00254	0.01236	0.00618	0.00437	0.01383
23	0.02553	0.02204	0.02320	0.02088	0.02669	0.02553	0.01624	0.05453	0.55679	0.04293	0.04177	0.03829	0.03133	0.01392	0.01044	0.00348	0.00812	0.01160	0.01044	0.01624
24	0.01367	0.01025	0.01274	0.01308	0.01538	0.00933	0.00976	0.01729	0.02518	0.03372	0.30022	0.20264	0.20698	0.02523	0.01250	0.00361	0.00556	0.06343	0.01032	0.00912
25	0.01359	0.00995	0.01301	0.01505	0.01655	0.00937	0.01127	0.01633	0.02130	0.02769	0.06262	0.41086	0.13637	0.03020	0.01327	0.00423	0.00684	0.16331	0.00950	0.00870
26	0.01929	0.01121	0.01499	0.01479	0.01747	0.01027	0.01107	0.02285	0.02524	0.12670	0.25211	0.27609	0.07118	0.02424	0.01233	0.00368	0.00627	0.05899	0.01074	0.01049
27	0.01479	0.00974	0.01120	0.01163	0.01191	0.00963	0.00688	0.01546	0.01625	0.02237	0.03679	0.16714	0.04203	0.48430	0.04190	0.00836	0.00885	0.01711	0.05681	0.00684
28	0.02440	0.02107	0.02213	0.02000	0.02561	0.02411	0.01554	0.05119	0.51208	0.04165	0.04698	0.04336	0.07658	0.01493	0.01058	0.00348	0.00788	0.01245	0.01037	0.01561
29	0.02628	0.02897	0.07941	0.16939	0.32322	0.10432	0.02910	0.05878	0.02475	0.03239	0.01881	0.02452	0.01510	0.00979	0.01003	0.00309	0.01357	0.00867	0.00522	0.01460
30	0.08842	0.10724	0.07349	0.07128	0.07857	0.06038	0.02098	0.18347	0.13899	0.04322	0.02403	0.02542	0.01824	0.01124	0.00939	0.00307	0.01127	0.00864	0.00761	0.01506

[dist]
# distance from previous block
# <min> <max>
0	7

[block]
# block no. 3 follows, 14 sequences, length 22
# corresponding to MSA columns:
# 639-660
name=unknown_D
#
# <colnr> <probs for GDERKNQSTAVLIFYWHMCP>
#	G	D	E	R	K	N	Q	S	T	A	V	L	I	F	Y	W	H	M	C	P
0	0.07314	0.08460	0.27411	0.13489	0.12045	0.02421	0.02967	0.03255	0.02206	0.08269	0.01993	0.02367	0.01461	0.00993	0.00946	0.00315	0.01303	0.00802	0.00540	0.01442
1	0.01394	0.01023	0.01309	0.01469	0.01640	0.00964	0.01112	0.01680	0.02169	0.02818	0.08947	0.30838	0.15595	0.07301	0.01602	0.00458	0.00711	0.17168	0.00936	0.00865
2	0.02069	0.01987	0.02824	0.07878	0.02926	0.02679	0.02121	0.02349	0.01714	0.02543	0.02140	0.09402	0.02251	0.01950	0.02796	0.00438	0.45619	0.04693	0.00539	0.01081
3	0.02410	0.01243	0.01627	0.01416	0.01818	0.01124	0.01102	0.02868	0.02845	0.19811	0.36708	0.06102	0.06963	0.01775	0.01113	0.00314	0.00597	0.01534	0.07435	0.01193
4	0.01341	0.00973	0.01271	0.01395	0.01544	0.00904	0.00999	0.01641	0.02310	0.03124	0.21741	0.38531	0.11084	0.02800	0.01281	0.00387	0.00583	0.06198	0.01006	0.00886
5	0.03607	0.02059	0.02418	0.01995	0.02694	0.02138	0.01602	0.09749	0.27080	0.28937	0.03960	0.03550	0.02736	0.01322	0.01037	0.00331	0.00869	0.01080	0.01145	0.01691
6	0.39474	0.02404	0.02249	0.01826	0.02549	0.02717	0.01507	0.27097	0.03197	0.05482	0.01917	0.02043	0.01410	0.01084	0.00820	0.00313	0.00952	0.00729	0.00820	0.01410
7	0.34839	0.02275	0.02884	0.02212	0.03009	0.02363	0.13353	0.10762	0.02426	0.04395	0.01794	0.02110	0.01371	0.00946	0.00845	0.00298	0.01055	0.00770	0.00664	0.11630
8	0.02540	0.02438	0.04165	0.06299	0.57533	0.02438	0.03149	0.03149	0.02337	0.03353	0.01930	0.02540	0.01626	0.00914	0.01016	0.00305	0.01219	0.00914	0.00508	0.01626
9	0.02540	0.02438	0.04165	0.06299	0.57533	0.02438	0.03149	0.03149	0.02337	0.03353	0.01930	0.02540	0.01626	0.00914	0.01016	0.00305	0.01219	0.00914	0.00508	0.01626
10	0.03897	0.01792	0.02287	0.01841	0.02543	0.01696	0.01491	0.04856	0.14613	0.41959	0.08320	0.03902	0.03244	0.01364	0.01049	0.00325	0.00829	0.01126	0.01209	0.01657
11	0.03274	0.20995	0.03606	0.02561	0.10667	0.02791	0.01890	0.09415	0.12956	0.17581	0.02808	0.02754	0.02069	0.01120	0.00919	0.00291	0.01006	0.00882	0.00840	0.01576
12	0.01242	0.00926	0.01157	0.01343	0.01466	0.00841	0.00914	0.01439	0.02048	0.02654	0.06708	0.51416	0.17958	0.03078	0.01288	0.00401	0.00579	0.02751	0.00953	0.00841
13	0.01308	0.00952	0.01239	0.01404	0.01531	0.00883	0.00989	0.01564	0.02178	0.02905	0.14291	0.45755	0.11843	0.02952	0.01293	0.00399	0.00595	0.06072	0.00980	0.00866
14	0.07853	0.07844	0.16672	0.03060	0.08119	0.02556	0.14238	0.11673	0.02746	0.12064	0.02273	0.02506	0.01631	0.01022	0.01001	0.00316	0.01299	0.00912	0.00695	0.01522
15	0.09158	0.02874	0.08148	0.02354	0.03240	0.10190	0.09563	0.10428	0.02691	0.07946	0.02053	0.02298	0.01549	0.00960	0.00917	0.00263	0.01192	0.00792	0.00679	0.22706
16	0.02085	0.01148	0.01509	0.01450	0.01756	0.01032	0.01073	0.02411	0.02499	0.15961	0.20950	0.28778	0.10500	0.02385	0.01208	0.00360	0.00621	0.02107	0.01079	0.01088
17	0.02702	0.02023	0.06474	0.15681	0.03585	0.01919	0.01914	0.07455	0.11058	0.16500	0.15426	0.04152	0.03849	0.01398	0.01069	0.00329	0.00956	0.01185	0.00934	0.01391
18	0.07487	0.15282	0.35492	0.02394	0.03620	0.02529	0.02829	0.03315	0.02190	0.08290	0.01939	0.02155	0.01420	0.00968	0.00882	0.00292	0.01274	0.00720	0.00539	0.06383
19	0.03346	0.02041	0.02646	0.02298	0.06454	0.06072	0.05742	0.03977	0.06414	0.28229	0.11969	0.03820	0.03414	0.01293	0.01042	0.00303	0.00962	0.01114	0.01002	0.07864
20	0.01864	0.01021	0.01137	0.01130	0.01396	0.00964	0.00838	0.02257	0.02256	0.07387	0.08473	0.14608	0.11695	0.01795	0.00942	0.00295	0.00532	0.01518	0.38911	0.00981
21	0.07831	0.02739	0.13807	0.08432	0.12533	0.02214	0.06521	0.09980	0.02660	0.14798	0.02632	0.06785	0.02051	0.01206	0.01022	0.00327	0.01176	0.01044	0.00751	0.01489

[dist]
# distance from previous block
# <min> <max>
3	6

[block]
# block no. 4 follows, 14 sequences, length 11
# corresponding to MSA columns:
# 667-677
name=unknown_E
#
# <colnr> <probs for GDERKNQSTAVLIFYWHMCP>
#	G	D	E	R	K	N	Q	S	T	A	V	L	I	F	Y	W	H	M	C	P
0	0.07306	0.01099	0.01285	0.01271	0.01535	0.01038	0.00940	0.01846	0.02526	0.03624	0.33879	0.17515	0.17823	0.02299	0.01180	0.00344	0.00537	0.01996	0.01021	0.00936
1	0.02442	0.07218	0.17248	0.12237	0.09559	0.02507	0.09630	0.03758	0.15006	0.06412	0.02531	0.02809	0.01885	0.01071	0.01017	0.00326	0.01261	0.00956	0.00649	0.01475
2	0.01409	0.01008	0.01368	0.01572	0.01711	0.00966	0.01193	0.01720	0.02200	0.02931	0.10998	0.39768	0.06792	0.02967	0.01336	0.00426	0.00703	0.19077	0.00969	0.00886
3	0.01951	0.02743	0.21934	0.13102	0.03653	0.01740	0.02336	0.02697	0.02441	0.07093	0.19779	0.04706	0.08630	0.01487	0.01081	0.00329	0.01043	0.01262	0.00753	0.01238
4	0.01396	0.01003	0.01332	0.01406	0.01577	0.00939	0.01033	0.01762	0.02489	0.03434	0.31996	0.29361	0.08183	0.02602	0.01270	0.00374	0.00574	0.07312	0.01043	0.00914
5	0.02081	0.01956	0.02616	0.02342	0.02438	0.02575	0.01885	0.02680	0.09418	0.02763	0.02656	0.15251	0.02743	0.02035	0.02603	0.00428	0.40397	0.01359	0.00640	0.01134
6	0.02373	0.01769	0.02087	0.01747	0.02289	0.01791	0.01379	0.07648	0.15606	0.08603	0.20693	0.04504	0.04681	0.01493	0.01171	0.00299	0.04224	0.01229	0.00966	0.15449
7	0.02391	0.02287	0.03897	0.19927	0.45067	0.02399	0.03075	0.03019	0.02266	0.03172	0.01904	0.02588	0.01562	0.00942	0.01018	0.00314	0.01256	0.00914	0.00495	0.01506
8	0.02483	0.01813	0.02164	0.01564	0.02459	0.01388	0.01258	0.02931	0.02244	0.11222	0.02143	0.02324	0.01666	0.00833	0.00799	0.00176	0.00776	0.00669	0.00703	0.60384
9	0.02481	0.02378	0.04058	0.11732	0.52563	0.02423	0.03120	0.03097	0.02309	0.03281	0.01920	0.02559	0.01600	0.00925	0.01017	0.00308	0.01234	0.00914	0.00503	0.01578
10	0.25006	0.07338	0.02845	0.02691	0.13453	0.02472	0.01839	0.08707	0.02446	0.15417	0.02178	0.02354	0.01616	0.01106	0.01069	0.00317	0.06172	0.00794	0.00751	0.01431

[dist]
# distance from previous block
# <min> <max>
0	1

[block]
# block no. 5 follows, 14 sequences, length 15
# corresponding to MSA columns:
# 679-693
name=unknown_F
#
# <colnr> <probs for GDERKNQSTAVLIFYWHMCP>
#	G	D	E	R	K	N	Q	S	T	A	V	L	I	F	Y	W	H	M	C	P
0	0.02713	0.54653	0.04892	0.01809	0.02639	0.03821	0.01735	0.03451	0.10594	0.02713	0.01863	0.01993	0.01605	0.00960	0.00720	0.00240	0.01052	0.00646	0.00535	0.01366
1	0.64441	0.01960	0.01597	0.01398	0.02049	0.02222	0.01152	0.03218	0.01867	0.10037	0.01694	0.01852	0.01256	0.00985	0.00675	0.00318	0.00802	0.00604	0.00699	0.01176
2	0.07094	0.02795	0.11735	0.02864	0.11801	0.02409	0.02246	0.17995	0.08520	0.17996	0.02791	0.02779	0.01959	0.01151	0.00998	0.00317	0.01091	0.00927	0.00891	0.01643
3	0.10887	0.01944	0.02577	0.02031	0.02786	0.01883	0.05730	0.04746	0.13104	0.37691	0.03644	0.03312	0.02429	0.01228	0.01008	0.00326	0.00923	0.01023	0.01100	0.01628
4	0.02073	0.02706	0.13192	0.03383	0.04254	0.02124	0.32736	0.02820	0.02268	0.03115	0.02928	0.17701	0.02816	0.01466	0.01198	0.00360	0.01414	0.01563	0.00613	0.01268
5	0.02303	0.01219	0.01527	0.01413	0.01802	0.01116	0.01132	0.02729	0.02586	0.16748	0.17842	0.06860	0.13124	0.01913	0.01102	0.00333	0.00658	0.09517	0.14943	0.01134
6	0.07754	0.12985	0.09358	0.11840	0.03957	0.02631	0.10584	0.06435	0.10324	0.10640	0.02446	0.02668	0.01800	0.01062	0.00964	0.00314	0.01195	0.00911	0.00699	0.01431
7	0.03367	0.02870	0.15267	0.02847	0.03867	0.02125	0.17872	0.07193	0.02739	0.26865	0.02891	0.02932	0.01934	0.01083	0.01074	0.00327	0.01283	0.01022	0.00853	0.01589
8	0.01279	0.00943	0.01197	0.01344	0.01480	0.00862	0.00928	0.01522	0.02183	0.02897	0.15107	0.45368	0.15269	0.02928	0.01278	0.00390	0.00565	0.02618	0.00983	0.00862
9	0.01833	0.01068	0.01425	0.01457	0.01679	0.00974	0.01045	0.02123	0.02355	0.11826	0.18261	0.39847	0.06838	0.02626	0.01241	0.00377	0.00612	0.02352	0.01047	0.01012
10	0.03038	0.37229	0.08694	0.01918	0.02786	0.03168	0.01853	0.03848	0.10514	0.14181	0.02420	0.02402	0.01845	0.01045	0.00820	0.00268	0.01042	0.00759	0.00701	0.01469
11	0.03447	0.01577	0.02040	0.01689	0.02294	0.01438	0.01347	0.04078	0.08142	0.36864	0.11161	0.09741	0.08264	0.01660	0.01094	0.00332	0.00767	0.01401	0.01177	0.01489
12	0.02295	0.01205	0.01487	0.01391	0.01780	0.01057	0.01049	0.02585	0.02396	0.19612	0.06613	0.23727	0.22063	0.02298	0.01158	0.00353	0.00647	0.01977	0.05180	0.01129
13	0.02305	0.01886	0.03065	0.21004	0.25013	0.01986	0.02464	0.02888	0.02397	0.08004	0.11080	0.04152	0.03220	0.01306	0.01080	0.00332	0.01096	0.04693	0.00689	0.01339
14	0.10695	0.03108	0.21574	0.02209	0.03224	0.02088	0.02290	0.08272	0.05595	0.26454	0.02889	0.02777	0.01930	0.01139	0.00970	0.00321	0.01103	0.00885	0.00883	0.01593

[dist]
# distance from previous block
# <min> <max>
1	6

[block]
# block no. 6 follows, 14 sequences, length 10
# corresponding to MSA columns:
# 700-709
name=unknown_G
#
# <colnr> <probs for GDERKNQSTAVLIFYWHMCP>
#	G	D	E	R	K	N	Q	S	T	A	V	L	I	F	Y	W	H	M	C	P
0	0.17310	0.06316	0.02568	0.02213	0.07162	0.06307	0.01638	0.15344	0.09420	0.10217	0.02560	0.02647	0.01906	0.01132	0.00881	0.00299	0.00972	0.00849	0.08824	0.01433
1	0.10782	0.01616	0.01798	0.01526	0.02117	0.01472	0.01171	0.02658	0.08316	0.03505	0.07009	0.16813	0.03476	0.01525	0.00937	0.00270	0.00712	0.01292	0.00780	0.32224
2	0.10727	0.01607	0.02105	0.02432	0.12995	0.01679	0.01538	0.02575	0.06414	0.03830	0.27765	0.05419	0.09694	0.01682	0.01220	0.00330	0.04527	0.01413	0.00879	0.01169
3	0.01367	0.01020	0.01270	0.01261	0.01494	0.00924	0.00925	0.01751	0.02624	0.03573	0.38285	0.17608	0.19333	0.02395	0.01228	0.00344	0.00511	0.02103	0.01062	0.00924
4	0.62644	0.01954	0.01620	0.01411	0.02066	0.02200	0.01162	0.03271	0.01899	0.11484	0.01765	0.01901	0.01295	0.00993	0.00686	0.00318	0.00804	0.00617	0.00717	0.01193
5	0.02450	0.01646	0.02136	0.01971	0.02315	0.01826	0.01602	0.03279	0.12203	0.13969	0.08538	0.11908	0.04263	0.02038	0.01624	0.00396	0.12735	0.12900	0.00947	0.01252
6	0.01506	0.01100	0.01436	0.01459	0.01599	0.01142	0.01068	0.01834	0.02283	0.03281	0.23386	0.29892	0.06768	0.02428	0.01424	0.00366	0.07072	0.02094	0.08937	0.00927
7	0.08227	0.01833	0.02413	0.01933	0.02607	0.01685	0.06882	0.08618	0.02488	0.07972	0.03040	0.14585	0.02895	0.01490	0.00999	0.00290	0.00899	0.04558	0.00790	0.25795
8	0.02540	0.02438	0.04165	0.06299	0.57533	0.02438	0.03149	0.03149	0.02337	0.03353	0.01930	0.02540	0.01626	0.00914	0.01016	0.00305	0.01219	0.00914	0.00508	0.01626
9	0.02234	0.20533	0.44936	0.02625	0.03977	0.02814	0.03268	0.03204	0.02146	0.03035	0.01735	0.02033	0.01304	0.00950	0.00894	0.00298	0.01409	0.00704	0.00435	0.01465

[dist]
# distance from previous block
# <min> <max>
0	1

[block]
# block no. 7 follows, 14 sequences, length 14
# corresponding to MSA columns:
# 711-724
name=unknown_H
#
# <colnr> <probs for GDERKNQSTAVLIFYWHMCP>
#	G	D	E	R	K	N	Q	S	T	A	V	L	I	F	Y	W	H	M	C	P
0	0.02653	0.09868	0.03485	0.04057	0.30057	0.07850	0.02306	0.03123	0.02432	0.08126	0.07443	0.08786	0.02880	0.01287	0.01011	0.00304	0.01107	0.01136	0.00671	0.01420
1	0.02611	0.03075	0.07940	0.02731	0.07936	0.16340	0.02139	0.03028	0.02164	0.02857	0.01627	0.02139	0.01407	0.01194	0.01668	0.00303	0.20525	0.00754	0.00513	0.19048
2	0.02364	0.03542	0.26682	0.02663	0.03671	0.02394	0.08340	0.09780	0.15565	0.03837	0.02885	0.08627	0.02365	0.01314	0.01057	0.00340	0.01232	0.01137	0.00715	0.01489
3	0.71184	0.01985	0.01508	0.01350	0.01985	0.02302	0.01111	0.03017	0.01746	0.04604	0.01429	0.01667	0.01111	0.00953	0.00635	0.00318	0.00794	0.00556	0.00635	0.01111
4	0.03349	0.02568	0.03137	0.03787	0.25355	0.12833	0.02233	0.03816	0.02681	0.20631	0.07016	0.03129	0.02513	0.01150	0.01020	0.00303	0.01169	0.00980	0.00804	0.01528
5	0.01574	0.01191	0.01489	0.01580	0.01792	0.01205	0.01173	0.02323	0.11368	0.03283	0.16098	0.33941	0.06641	0.02615	0.01260	0.00394	0.00660	0.09396	0.01004	0.01013
6	0.02529	0.01459	0.01871	0.01690	0.02180	0.01354	0.01381	0.03151	0.07414	0.18053	0.11713	0.06644	0.07906	0.01968	0.01276	0.03334	0.00801	0.15345	0.01008	0.08923
7	0.09092	0.17562	0.22713	0.02588	0.03634	0.02822	0.10793	0.03572	0.11347	0.03376	0.02146	0.02382	0.01642	0.01005	0.00920	0.00308	0.01264	0.00833	0.00573	0.01429
8	0.02184	0.01449	0.01867	0.01732	0.02052	0.01554	0.01333	0.02975	0.11777	0.12093	0.14303	0.17407	0.04864	0.02936	0.10589	0.00567	0.06560	0.01626	0.00946	0.01186
9	0.02304	0.01220	0.01624	0.01514	0.01750	0.01205	0.01109	0.02525	0.07081	0.12603	0.06509	0.04677	0.03139	0.10100	0.02934	0.32056	0.00871	0.05125	0.00760	0.00893
10	0.02279	0.02055	0.02030	0.01927	0.02256	0.11164	0.01483	0.03172	0.14247	0.05790	0.13311	0.16872	0.04827	0.02005	0.01355	0.00364	0.06440	0.06349	0.00903	0.01170
11	0.03450	0.02607	0.08832	0.03433	0.16647	0.02284	0.08557	0.13937	0.03029	0.22575	0.02764	0.02840	0.01920	0.01098	0.01043	0.00317	0.01175	0.00977	0.00864	0.01651
12	0.03393	0.01900	0.02592	0.10628	0.08491	0.01920	0.01855	0.08706	0.09228	0.28464	0.03560	0.09064	0.02701	0.01402	0.01058	0.00332	0.00965	0.01193	0.01002	0.01546
13	0.01319	0.00934	0.01224	0.01412	0.01488	0.00884	0.00959	0.01514	0.01993	0.02668	0.08627	0.49519	0.06545	0.10480	0.01785	0.00484	0.00659	0.05759	0.00923	0.00824

[dist]
# distance from previous block
# <min> <max>
3	5

[block]
# block no. 8 follows, 14 sequences, length 37
# corresponding to MSA columns:
# 730-766
name=unknown_I
#
# <colnr> <probs for GDERKNQSTAVLIFYWHMCP>
#	G	D	E	R	K	N	Q	S	T	A	V	L	I	F	Y	W	H	M	C	P
0	0.01401	0.01455	0.07578	0.01547	0.01859	0.01062	0.01299	0.01781	0.02239	0.03003	0.14613	0.34234	0.14725	0.02649	0.01249	0.00384	0.00695	0.06357	0.00924	0.00946
1	0.02810	0.08507	0.15535	0.05639	0.08955	0.02435	0.12317	0.03921	0.11509	0.14035	0.02685	0.02838	0.01939	0.01070	0.01021	0.00321	0.01240	0.00970	0.00725	0.01530
2	0.01999	0.01656	0.02380	0.01989	0.02474	0.01639	0.10649	0.02992	0.15046	0.06390	0.10111	0.10051	0.17308	0.08695	0.01612	0.00420	0.00884	0.01640	0.00893	0.01171
3	0.02358	0.01716	0.02222	0.02366	0.10771	0.01746	0.01567	0.06559	0.14625	0.10089	0.24672	0.05342	0.08354	0.01637	0.01112	0.00325	0.00758	0.01421	0.01012	0.01347
4	0.02679	0.58929	0.10431	0.01867	0.02805	0.03901	0.01949	0.03090	0.02093	0.02494	0.01466	0.01696	0.01315	0.00887	0.00689	0.00230	0.01137	0.00569	0.00438	0.01336
5	0.02032	0.01179	0.01520	0.01413	0.01760	0.01079	0.01115	0.02477	0.02727	0.13152	0.32479	0.07403	0.12146	0.02037	0.01171	0.00338	0.00615	0.08142	0.06126	0.01088
6	0.03894	0.02718	0.02632	0.02161	0.02866	0.13753	0.01725	0.15967	0.13580	0.24977	0.03224	0.02998	0.02232	0.01243	0.01012	0.00311	0.01115	0.00958	0.01023	0.01611
7	0.10705	0.02355	0.02589	0.02040	0.02763	0.05449	0.01672	0.20505	0.03277	0.24773	0.02772	0.02692	0.01908	0.01216	0.01136	0.00309	0.05474	0.00888	0.00978	0.06499
8	0.62113	0.10277	0.02021	0.01403	0.02071	0.02535	0.01197	0.03024	0.01791	0.04314	0.01429	0.01664	0.01139	0.00943	0.00638	0.00305	0.00834	0.00555	0.00609	0.01139
9	0.01318	0.00993	0.01196	0.01281	0.01470	0.00901	0.00913	0.01580	0.02239	0.02915	0.16323	0.28666	0.22928	0.07773	0.01588	0.00428	0.00604	0.05068	0.00958	0.00857
10	0.04488	0.01933	0.02497	0.01914	0.02713	0.01785	0.01581	0.13123	0.03249	0.49681	0.03786	0.03323	0.02409	0.01264	0.01031	0.00316	0.00916	0.01014	0.01230	0.01746
11	0.02756	0.26246	0.08238	0.02023	0.02756	0.02741	0.05318	0.06765	0.02393	0.10669	0.02499	0.07493	0.02134	0.01251	0.01028	0.00289	0.04810	0.00969	0.08286	0.01335
12	0.02429	0.01197	0.01587	0.01510	0.01846	0.01080	0.01121	0.02735	0.02403	0.21245	0.10626	0.33031	0.05400	0.02301	0.01164	0.00361	0.00666	0.02034	0.06105	0.01159
13	0.01413	0.01009	0.01378	0.01615	0.01746	0.00974	0.01235	0.01710	0.02125	0.02802	0.05566	0.42409	0.06432	0.03062	0.01353	0.00439	0.00736	0.22167	0.00950	0.00878
14	0.04074	0.02137	0.02539	0.01967	0.02722	0.02144	0.01618	0.24871	0.03639	0.32147	0.03337	0.03102	0.02223	0.01248	0.01001	0.00307	0.00942	0.00981	0.07328	0.01675
15	0.02319	0.01612	0.02003	0.01988	0.08095	0.01533	0.01365	0.09969	0.02826	0.08557	0.16677	0.04963	0.11235	0.01522	0.01011	0.00286	0.00732	0.01284	0.11644	0.10379
16	0.02483	0.02380	0.04062	0.11536	0.52743	0.02423	0.03121	0.03099	0.02310	0.03283	0.01920	0.02558	0.01601	0.00925	0.01017	0.00308	0.01233	0.00914	0.00503	0.01579
17	0.02744	0.64552	0.05378	0.01756	0.02634	0.04061	0.01756	0.03073	0.02085	0.02414	0.01427	0.01646	0.01317	0.00878	0.00658	0.00219	0.01097	0.00549	0.00439	0.01317
18	0.03179	0.12665	0.19436	0.02460	0.03491	0.02451	0.08016	0.07548	0.05647	0.21035	0.02687	0.02693	0.01864	0.01084	0.00978	0.00309	0.01202	0.00898	0.00789	0.01567
19	0.02375	0.06630	0.10274	0.03176	0.17332	0.10405	0.02201	0.03270	0.10482	0.03261	0.07722	0.07952	0.07776	0.01426	0.01034	0.00316	0.01112	0.01205	0.00701	0.01350
20	0.02114	0.10166	0.54252	0.02829	0.04293	0.02521	0.03625	0.03235	0.02160	0.03181	0.01808	0.02124	0.01301	0.00967	0.00949	0.00316	0.01482	0.00741	0.00434	0.01500
21	0.02399	0.01402	0.02040	0.01751	0.02223	0.01263	0.05923	0.02828	0.02636	0.18945	0.19086	0.11484	0.14354	0.02012	0.01191	0.00352	0.00773	0.07092	0.01049	0.01196
22	0.12893	0.01897	0.02738	0.03210	0.19168	0.01909	0.06069	0.02840	0.07195	0.03433	0.03079	0.18996	0.03075	0.01572	0.01032	0.00331	0.00945	0.01422	0.00709	0.07487
23	0.02745	0.03048	0.02309	0.02339	0.06873	0.28658	0.01573	0.03216	0.07441	0.02634	0.03094	0.04117	0.07187	0.18007	0.02118	0.00478	0.01352	0.01087	0.00639	0.01086
24	0.01450	0.01061	0.01369	0.01325	0.01576	0.00979	0.01016	0.01913	0.02802	0.03895	0.47901	0.08236	0.13597	0.02213	0.01230	0.00339	0.00531	0.06513	0.01096	0.00957
25	0.02578	0.09409	0.04027	0.13993	0.39161	0.07377	0.02852	0.03139	0.02313	0.03066	0.01830	0.02414	0.01526	0.00939	0.00970	0.00298	0.01281	0.00852	0.00494	0.01480
26	0.02562	0.09299	0.04299	0.05797	0.51469	0.02617	0.02996	0.03141	0.02309	0.03249	0.01875	0.02441	0.01591	0.00910	0.00976	0.00295	0.01206	0.00874	0.00500	0.01591
27	0.04604	0.01746	0.02382	0.01826	0.02620	0.01508	0.01508	0.05001	0.02937	0.58244	0.04049	0.03493	0.02540	0.01270	0.01032	0.00318	0.00873	0.01032	0.01270	0.01746
28	0.03763	0.01560	0.02112	0.01683	0.02330	0.01364	0.01364	0.04183	0.02929	0.43789	0.18187	0.04607	0.04448	0.01491	0.01080	0.00319	0.00769	0.01252	0.01233	0.01539
29	0.02243	0.01597	0.02066	0.02212	0.08164	0.01671	0.01491	0.07684	0.10695	0.08248	0.03815	0.16414	0.03721	0.11616	0.09515	0.00625	0.01142	0.05026	0.00852	0.01202
30	0.01250	0.00893	0.01191	0.01429	0.01488	0.00834	0.00953	0.01429	0.01965	0.02620	0.05656	0.63265	0.06787	0.03215	0.01310	0.00417	0.00595	0.02917	0.00953	0.00834
31	0.03383	0.01680	0.02075	0.01724	0.02330	0.01633	0.01378	0.04418	0.15855	0.31752	0.11019	0.04166	0.03643	0.01402	0.01024	0.00317	0.00763	0.01164	0.08747	0.01526
32	0.08776	0.02388	0.02709	0.02090	0.02888	0.02491	0.01726	0.32097	0.03902	0.25859	0.02990	0.02797	0.02002	0.01227	0.01002	0.00312	0.01010	0.00939	0.01092	0.01702
33	0.07092	0.03265	0.09569	0.08426	0.28066	0.15246	0.02715	0.07504	0.02592	0.03435	0.01849	0.02299	0.01482	0.00989	0.00969	0.00302	0.01370	0.00819	0.00551	0.01460
34	0.04184	0.01653	0.02247	0.01755	0.02475	0.01436	0.01436	0.04592	0.02933	0.51025	0.11110	0.04049	0.03493	0.01381	0.01056	0.00318	0.00821	0.01142	0.01251	0.01643
35	0.01501	0.01073	0.01476	0.01695	0.01870	0.01047	0.01370	0.01871	0.02253	0.02970	0.08343	0.29505	0.06423	0.02928	0.01368	0.00445	0.00797	0.31201	0.00958	0.00907
36	0.08261	0.02233	0.03664	0.09527	0.22908	0.02289	0.12624	0.03458	0.09077	0.07563	0.06118	0.03115	0.02353	0.01086	0.01042	0.00325	0.01173	0.01048	0.00682	0.01452

[dist]
# distance from previous block
# <min> <max>
3	5

[block]
# block no. 9 follows, 14 sequences, length 32
# corresponding to MSA columns:
# 772-803
name=unknown_J
#
# <colnr> <probs for GDERKNQSTAVLIFYWHMCP>
#	G	D	E	R	K	N	Q	S	T	A	V	L	I	F	Y	W	H	M	C	P
0	0.10908	0.06747	0.07988	0.03233	0.20170	0.02255	0.02146	0.07373	0.02382	0.03700	0.01839	0.02202	0.01490	0.00901	0.00861	0.00254	0.01032	0.00736	0.00589	0.23196
1	0.02255	0.03676	0.27802	0.08992	0.15079	0.02443	0.14338	0.03334	0.05921	0.03294	0.02069	0.02535	0.01551	0.00972	0.01044	0.00329	0.01444	0.00929	0.00510	0.01483
2	0.01371	0.01027	0.01284	0.01344	0.01567	0.00939	0.01012	0.01723	0.02460	0.03272	0.25767	0.22305	0.20279	0.02597	0.01264	0.00372	0.00584	0.08909	0.01017	0.00907
3	0.02058	0.05308	0.58618	0.02925	0.04442	0.02383	0.03792	0.03250	0.02167	0.03250	0.01842	0.02167	0.01300	0.00975	0.00975	0.00325	0.01517	0.00758	0.00433	0.01517
4	0.25993	0.14947	0.08290	0.09207	0.03226	0.12645	0.01891	0.03338	0.02182	0.07412	0.01738	0.02010	0.01344	0.00991	0.00801	0.00293	0.01184	0.00671	0.00584	0.01255
5	0.01797	0.01265	0.01480	0.01364	0.01735	0.01199	0.01043	0.02532	0.09989	0.08383	0.29666	0.07509	0.23905	0.02095	0.01173	0.00334	0.00575	0.01792	0.01071	0.01092
6	0.01301	0.01029	0.01171	0.01166	0.01448	0.00899	0.00863	0.01632	0.02502	0.03229	0.26311	0.14266	0.35577	0.02483	0.01221	0.00345	0.00515	0.02130	0.01015	0.00899
7	0.02866	0.36126	0.16696	0.02243	0.03176	0.17828	0.02270	0.03373	0.02312	0.02627	0.01560	0.01815	0.01314	0.00945	0.00797	0.00255	0.01383	0.00624	0.00460	0.01329
8	0.02873	0.27109	0.17581	0.02673	0.08539	0.07993	0.02444	0.13137	0.02731	0.03505	0.01792	0.02036	0.01426	0.00989	0.00864	0.00274	0.01281	0.00718	0.00566	0.01468
9	0.22350	0.04303	0.37069	0.02441	0.03614	0.07425	0.02851	0.03257	0.02110	0.03579	0.01699	0.01993	0.01247	0.00976	0.00872	0.00317	0.01336	0.00691	0.00501	0.01370
10	0.02320	0.02498	0.08403	0.10470	0.34978	0.02301	0.07347	0.03128	0.05935	0.03269	0.02403	0.07897	0.02118	0.01158	0.01058	0.00326	0.01222	0.01118	0.00573	0.01479
11	0.02426	0.02304	0.03835	0.12594	0.46019	0.02315	0.02926	0.03030	0.02282	0.03262	0.01907	0.02524	0.01584	0.00913	0.00992	0.00295	0.01193	0.00884	0.00511	0.08203
12	0.01431	0.01069	0.01350	0.01395	0.01647	0.00988	0.01098	0.01835	0.02557	0.03408	0.28531	0.13332	0.20044	0.02493	0.01272	0.00374	0.00620	0.14601	0.01026	0.00927
13	0.02750	0.02386	0.03424	0.16068	0.26398	0.02603	0.02586	0.15769	0.10231	0.04091	0.02348	0.02739	0.01809	0.01080	0.01024	0.00319	0.01172	0.00950	0.00697	0.01555
14	0.02245	0.02245	0.03143	0.02694	0.02694	0.03143	0.02245	0.02470	0.01572	0.02470	0.01347	0.02245	0.01347	0.01796	0.03368	0.00449	0.62057	0.00898	0.00449	0.01123
15	0.03731	0.02302	0.02633	0.02077	0.02811	0.02420	0.01695	0.29162	0.10332	0.21252	0.07864	0.03385	0.02837	0.01338	0.01046	0.00317	0.00959	0.01065	0.01109	0.01663
16	0.02540	0.02438	0.04165	0.06299	0.57533	0.02438	0.03149	0.03149	0.02337	0.03353	0.01930	0.02540	0.01626	0.00914	0.01016	0.00305	0.01219	0.00914	0.00508	0.01626
17	0.01277	0.00918	0.01169	0.01358	0.01435	0.00856	0.00898	0.01440	0.01938	0.02555	0.05756	0.51867	0.10628	0.10601	0.01781	0.00482	0.00638	0.02680	0.00912	0.00810
18	0.12287	0.02534	0.02744	0.02128	0.02920	0.02731	0.01757	0.37787	0.04061	0.16852	0.02662	0.02577	0.01831	0.01206	0.00980	0.00311	0.01036	0.00901	0.01029	0.01668
19	0.02402	0.11945	0.40274	0.02850	0.04157	0.02705	0.08160	0.09462	0.02507	0.03546	0.01890	0.02198	0.01381	0.00984	0.00966	0.00312	0.01439	0.00797	0.00515	0.01508
20	0.02102	0.01923	0.03340	0.04053	0.25515	0.01890	0.10388	0.02665	0.02323	0.03178	0.03478	0.11455	0.03537	0.01767	0.01208	0.00378	0.01148	0.17671	0.00698	0.01285
21	0.02001	0.01482	0.01529	0.01435	0.01838	0.01581	0.01100	0.03407	0.23870	0.03758	0.05401	0.05302	0.16112	0.01617	0.00970	0.00309	0.00624	0.01334	0.25124	0.01205
22	0.02058	0.05308	0.58618	0.02925	0.04442	0.02383	0.03792	0.03250	0.02167	0.03250	0.01842	0.02167	0.01300	0.00975	0.00975	0.00325	0.01517	0.00758	0.00433	0.01517
23	0.02461	0.40114	0.27339	0.02238	0.03380	0.03369	0.02596	0.03146	0.02119	0.02759	0.01598	0.01861	0.01310	0.00918	0.00789	0.00263	0.01270	0.00635	0.00437	0.01399
24	0.03183	0.01641	0.02362	0.01889	0.02501	0.01510	0.05949	0.03860	0.07298	0.30722	0.21644	0.04857	0.04899	0.01522	0.01109	0.00324	0.00813	0.01335	0.01138	0.01443
25	0.01242	0.01041	0.01080	0.01070	0.01404	0.00879	0.00803	0.01530	0.02408	0.02937	0.16104	0.09605	0.51307	0.02538	0.01213	0.00344	0.00515	0.02128	0.00975	0.00879
26	0.02030	0.01649	0.01959	0.09035	0.02707	0.01801	0.01478	0.09139	0.18020	0.03595	0.05022	0.23814	0.11380	0.02091	0.01150	0.00365	0.00807	0.01815	0.00927	0.01216
27	0.02805	0.37639	0.19718	0.02161	0.03180	0.08042	0.02320	0.03375	0.02251	0.07491	0.01783	0.01968	0.01419	0.00954	0.00801	0.00261	0.01258	0.00658	0.00517	0.01399
28	0.02128	0.01824	0.02128	0.01520	0.02432	0.01368	0.01216	0.02584	0.02128	0.03344	0.01824	0.02128	0.01520	0.00760	0.00760	0.00152	0.00760	0.00608	0.00608	0.70208
29	0.15456	0.02648	0.02887	0.02260	0.03037	0.02937	0.04479	0.37803	0.09097	0.05765	0.02429	0.02473	0.01759	0.01179	0.00969	0.00316	0.01071	0.00897	0.00933	0.01604
30	0.02457	0.02354	0.04016	0.13898	0.50582	0.02416	0.03108	0.03077	0.02297	0.03252	0.01916	0.02567	0.01590	0.00930	0.01017	0.00310	0.01240	0.00914	0.00501	0.01559
31	0.01526	0.01106	0.01324	0.01387	0.01622	0.01072	0.01039	0.02087	0.06939	0.03286	0.16059	0.24117	0.15504	0.02435	0.01190	0.00365	0.00607	0.07966	0.09407	0.00963

[dist]
# distance from previous block
# <min> <max>
2	4

[block]
# block no. 10 follows, 14 sequences, length 35
# corresponding to MSA columns:
# 808-842
name=unknown_K
#
# <colnr> <probs for GDERKNQSTAVLIFYWHMCP>
#	G	D	E	R	K	N	Q	S	T	A	V	L	I	F	Y	W	H	M	C	P
0	0.02589	0.17455	0.04458	0.05201	0.44261	0.02830	0.02813	0.03131	0.02276	0.03126	0.01809	0.02324	0.01551	0.00906	0.00930	0.00284	0.01190	0.00826	0.00491	0.01551
1	0.01291	0.00930	0.01181	0.01345	0.01437	0.00866	0.00897	0.01477	0.02008	0.02662	0.09453	0.47413	0.11224	0.10592	0.01778	0.00475	0.00630	0.02597	0.00924	0.00820
2	0.02495	0.02501	0.07500	0.04740	0.37559	0.02279	0.02699	0.07649	0.02472	0.03553	0.02024	0.02573	0.01674	0.01463	0.05623	0.00394	0.01296	0.00881	0.00566	0.10059
3	0.03772	0.01926	0.02468	0.01893	0.02643	0.01800	0.01557	0.09306	0.02829	0.35751	0.03150	0.02973	0.02125	0.01202	0.01186	0.00292	0.06477	0.00916	0.01025	0.16709
4	0.02279	0.24417	0.41446	0.02548	0.03859	0.02924	0.03135	0.03193	0.02140	0.02980	0.01708	0.01999	0.01305	0.00944	0.00873	0.00291	0.01381	0.00691	0.00435	0.01452
5	0.03570	0.26016	0.03735	0.02161	0.02884	0.25356	0.01818	0.07664	0.02757	0.12134	0.02008	0.02098	0.01557	0.01041	0.00853	0.00260	0.01357	0.00702	0.00658	0.01372
6	0.01523	0.01029	0.01253	0.01197	0.01449	0.00956	0.00898	0.01984	0.02693	0.03921	0.41285	0.07095	0.12967	0.01962	0.01109	0.00308	0.00486	0.01702	0.15227	0.00956
7	0.02744	0.64552	0.05378	0.01756	0.02634	0.04061	0.01756	0.03073	0.02085	0.02414	0.01427	0.01646	0.01317	0.00878	0.00658	0.00219	0.01097	0.00549	0.00439	0.01317
8	0.01237	0.01041	0.01073	0.01065	0.01401	0.00877	0.00799	0.01519	0.02396	0.02906	0.15050	0.09655	0.52380	0.02549	0.01213	0.00344	0.00516	0.02135	0.00971	0.00877
9	0.03558	0.01558	0.01923	0.01556	0.02149	0.01456	0.01259	0.08424	0.02818	0.33740	0.03651	0.03523	0.02502	0.01239	0.00917	0.00288	0.00752	0.00995	0.26234	0.01458
10	0.01466	0.01100	0.01649	0.01649	0.01833	0.01283	0.01283	0.01833	0.01649	0.02382	0.02749	0.04032	0.02566	0.07697	0.59868	0.01649	0.02749	0.01100	0.00550	0.00916
11	0.02128	0.01824	0.02128	0.01520	0.02432	0.01368	0.01216	0.02584	0.02128	0.03344	0.01824	0.02128	0.01520	0.00760	0.00760	0.00152	0.00760	0.00608	0.00608	0.70208
12	0.02128	0.01824	0.02128	0.01520	0.02432	0.01368	0.01216	0.02584	0.02128	0.03344	0.01824	0.02128	0.01520	0.00760	0.00760	0.00152	0.00760	0.00608	0.00608	0.70208
13	0.01795	0.01397	0.01513	0.01392	0.01785	0.01349	0.01064	0.12357	0.02852	0.03640	0.12537	0.15815	0.33932	0.02358	0.01188	0.00346	0.00653	0.01988	0.00985	0.01052
14	0.01420	0.00994	0.01184	0.01206	0.01300	0.00951	0.00772	0.01583	0.01969	0.02654	0.16735	0.16868	0.09850	0.34298	0.03302	0.00688	0.00770	0.01874	0.00823	0.00758
15	0.02422	0.02768	0.06055	0.04325	0.05363	0.02595	0.53806	0.03287	0.02422	0.03287	0.02076	0.02768	0.01557	0.00865	0.01211	0.00346	0.01730	0.01211	0.00519	0.01384
16	0.03901	0.02874	0.03080	0.02361	0.03182	0.03182	0.01951	0.54111	0.04825	0.06468	0.02464	0.02464	0.01745	0.01232	0.01027	0.00308	0.01129	0.00924	0.01027	0.01745
17	0.71184	0.01985	0.01508	0.01350	0.01985	0.02302	0.01111	0.03017	0.01746	0.04604	0.01429	0.01667	0.01111	0.00953	0.00635	0.00318	0.00794	0.00556	0.00635	0.01111
18	0.71184	0.01985	0.01508	0.01350	0.01985	0.02302	0.01111	0.03017	0.01746	0.04604	0.01429	0.01667	0.01111	0.00953	0.00635	0.00318	0.00794	0.00556	0.00635	0.01111
19	0.02341	0.08105	0.22612	0.02697	0.08427	0.06894	0.02487	0.03682	0.16135	0.03526	0.09966	0.03321	0.02957	0.01230	0.01001	0.00316	0.01159	0.01004	0.00701	0.01439
20	0.01469	0.01089	0.01599	0.01599	0.01764	0.01255	0.01220	0.01800	0.01634	0.02345	0.02795	0.04288	0.02677	0.13076	0.54641	0.01587	0.02581	0.01137	0.00557	0.00888
21	0.02641	0.55654	0.13374	0.01932	0.02905	0.03809	0.02062	0.03099	0.02097	0.02540	0.01489	0.01724	0.01314	0.00893	0.00706	0.00235	0.01160	0.00580	0.00438	0.01347
22	0.01338	0.00986	0.01284	0.01438	0.01583	0.00887	0.00979	0.01544	0.01981	0.02692	0.05273	0.57159	0.06261	0.02970	0.01255	0.00390	0.00612	0.02687	0.00918	0.07762
23	0.02309	0.02202	0.03748	0.27493	0.38146	0.02377	0.03034	0.02947	0.02227	0.03072	0.01889	0.02615	0.01527	0.00957	0.01020	0.00319	0.01276	0.00913	0.00488	0.01439
24	0.01436	0.01068	0.01428	0.01443	0.01660	0.01019	0.01052	0.01772	0.02195	0.03084	0.20177	0.28289	0.06283	0.03624	0.13838	0.00630	0.01040	0.02000	0.00889	0.07075
25	0.10432	0.02812	0.02813	0.02213	0.02986	0.08043	0.01810	0.37582	0.04084	0.13373	0.02512	0.02479	0.01760	0.01195	0.00981	0.00306	0.01126	0.00880	0.00979	0.01634
26	0.04202	0.01842	0.02385	0.01852	0.02597	0.01697	0.01520	0.11771	0.03206	0.45620	0.08885	0.03744	0.03109	0.01344	0.01048	0.00317	0.00873	0.01095	0.01222	0.01672
27	0.09160	0.02130	0.09396	0.02066	0.02793	0.01641	0.09371	0.02874	0.02392	0.11384	0.12949	0.09652	0.06631	0.01472	0.01040	0.00310	0.00940	0.01305	0.00817	0.11678
28	0.03713	0.02879	0.02870	0.02258	0.03000	0.08026	0.01840	0.44918	0.04409	0.05873	0.02467	0.02534	0.01789	0.01213	0.00989	0.00298	0.01134	0.00903	0.07264	0.01623
29	0.03327	0.14674	0.03569	0.03084	0.14094	0.20362	0.02115	0.12027	0.07115	0.06987	0.02130	0.02314	0.01672	0.01063	0.00927	0.00281	0.01321	0.00798	0.00677	0.01462
30	0.02862	0.51556	0.09915	0.01924	0.02833	0.07291	0.01942	0.03270	0.02196	0.05862	0.01633	0.01818	0.01389	0.00922	0.00727	0.00238	0.01170	0.00604	0.00494	0.01353
31	0.02871	0.08711	0.03166	0.08127	0.12110	0.07192	0.02112	0.16835	0.13626	0.04098	0.02811	0.03631	0.02344	0.01319	0.01026	0.00324	0.01136	0.06300	0.00788	0.01474
32	0.02581	0.02358	0.03024	0.03545	0.22655	0.07604	0.02135	0.03292	0.07596	0.06175	0.02221	0.02633	0.01813	0.01486	0.05132	0.00371	0.05823	0.00858	0.00627	0.18069
33	0.01281	0.00940	0.01210	0.01414	0.01531	0.00869	0.00990	0.01497	0.02054	0.02682	0.06318	0.50980	0.13947	0.03093	0.01305	0.00412	0.00616	0.07061	0.00952	0.00848
34	0.02524	0.02534	0.03267	0.02732	0.02960	0.08393	0.06715	0.07799	0.02122	0.02954	0.01783	0.05621	0.01701	0.01664	0.02595	0.00406	0.41467	0.01017	0.00548	0.01199

[dist]
# distance from previous block
# <min> <max>
2	6

[block]
# block no. 11 follows, 14 sequences, length 67
# corresponding to MSA columns:
# 850-916
name=unknown_L
#
# <colnr> <probs for GDERKNQSTAVLIFYWHMCP>
#	G	D	E	R	K	N	Q	S	T	A	V	L	I	F	Y	W	H	M	C	P
0	0.01452	0.01049	0.01372	0.01291	0.01533	0.00968	0.00968	0.01937	0.02905	0.04115	0.56992	0.07666	0.09683	0.02098	0.01210	0.00323	0.00484	0.01856	0.01130	0.00968
1	0.01307	0.01043	0.01171	0.01139	0.01444	0.00907	0.00854	0.01656	0.02562	0.03302	0.28775	0.09004	0.38407	0.02401	0.01212	0.00337	0.00506	0.02044	0.01023	0.00907
2	0.01742	0.01494	0.01963	0.01811	0.01976	0.01758	0.01415	0.02260	0.06255	0.03269	0.23758	0.15170	0.08755	0.02166	0.01908	0.00383	0.20322	0.01693	0.00864	0.01039
3	0.01550	0.01046	0.01313	0.01355	0.01586	0.00994	0.01059	0.01985	0.02506	0.03583	0.26632	0.13164	0.10759	0.02231	0.01171	0.00351	0.00600	0.12814	0.14361	0.00940
