[name]
unknown

[dist]
# distance from previous block
# <min> <max>
0	195

[block]
# block no. 0 follows, 11 sequences, length 23
# corresponding to MSA columns:
# 221-243
name=unknown_A
#
# <colnr> <probs for GDERKNQSTAVLIFYWHMCP>
#	G	D	E	R	K	N	Q	S	T	A	V	L	I	F	Y	W	H	M	C	P
0	0.02228	0.03151	0.19488	0.02238	0.03342	0.01836	0.02339	0.02997	0.02388	0.03587	0.02619	0.03951	0.02332	0.01263	0.01023	0.00284	0.01139	0.07712	0.00661	0.35422
1	0.13449	0.10448	0.02902	0.05118	0.02884	0.02525	0.01741	0.07081	0.05243	0.15022	0.03269	0.12575	0.02892	0.01702	0.01360	0.00371	0.07771	0.01304	0.00903	0.01441
2	0.02609	0.01860	0.02551	0.18783	0.04032	0.01894	0.01914	0.03161	0.02388	0.10317	0.02581	0.03071	0.01964	0.01166	0.01170	0.00296	0.05318	0.00921	0.12072	0.21932
3	0.12611	0.02206	0.02971	0.02168	0.03145	0.01891	0.09582	0.03040	0.02325	0.03871	0.01981	0.02377	0.01605	0.00886	0.00898	0.00231	0.01023	0.00772	0.00655	0.45765
4	0.03977	0.01978	0.02467	0.02042	0.02741	0.01921	0.01626	0.10116	0.10736	0.32131	0.04560	0.13377	0.03586	0.01776	0.01186	0.00371	0.00928	0.01496	0.01263	0.01722
5	0.02214	0.02072	0.03207	0.39607	0.06134	0.02475	0.02715	0.02843	0.02183	0.02986	0.01920	0.02803	0.01526	0.01206	0.01472	0.00357	0.10187	0.00940	0.00528	0.12626
6	0.02318	0.02072	0.02686	0.11522	0.03587	0.01974	0.01817	0.02822	0.02225	0.03383	0.01920	0.02469	0.01609	0.01060	0.01326	0.00253	0.09853	0.00773	0.00611	0.45720
7	0.03098	0.02849	0.13025	0.10908	0.03972	0.02270	0.02374	0.11661	0.06330	0.14492	0.03300	0.09734	0.02670	0.01496	0.01130	0.00352	0.01180	0.01247	0.00909	0.07005
8	0.02691	0.02083	0.03482	0.11952	0.22727	0.02083	0.06317	0.03245	0.02530	0.11181	0.03455	0.16678	0.03252	0.01683	0.01214	0.00376	0.01183	0.01577	0.00797	0.01497
9	0.02507	0.02032	0.02353	0.01767	0.02625	0.01733	0.01412	0.09958	0.02938	0.04343	0.10862	0.03437	0.03247	0.01166	0.00964	0.00225	0.00844	0.00956	0.00836	0.45794
10	0.02395	0.03160	0.16004	0.08876	0.04238	0.02509	0.09881	0.04151	0.20407	0.03853	0.04108	0.04218	0.08315	0.01435	0.01175	0.00374	0.01269	0.01273	0.00806	0.01554
11	0.02005	0.01141	0.01531	0.01642	0.01846	0.01042	0.01150	0.02242	0.02339	0.11713	0.05900	0.50087	0.06642	0.03159	0.01384	0.00438	0.00705	0.02844	0.01105	0.01087
12	0.01593	0.01150	0.01504	0.01416	0.01681	0.01062	0.01062	0.02124	0.03186	0.04513	0.52830	0.08407	0.10620	0.02301	0.01327	0.00354	0.00531	0.02035	0.01239	0.01062
13	0.02988	0.02215	0.06263	0.15845	0.04125	0.01982	0.02170	0.03571	0.02537	0.17176	0.02934	0.03708	0.02268	0.01325	0.01252	0.00330	0.05011	0.04347	0.00827	0.19126
14	0.02334	0.02001	0.02334	0.01667	0.02667	0.01500	0.01334	0.02834	0.02334	0.03668	0.02001	0.02334	0.01667	0.00834	0.00834	0.00167	0.00834	0.00667	0.00667	0.67325
15	0.02594	0.02448	0.04126	0.14480	0.42260	0.02526	0.03192	0.03225	0.02443	0.03437	0.02208	0.03168	0.01914	0.05546	0.01467	0.00398	0.01344	0.01051	0.00558	0.01615
16	0.02616	0.10930	0.20406	0.03552	0.04736	0.02892	0.22967	0.06931	0.02693	0.03690	0.02411	0.06518	0.01996	0.01193	0.01167	0.00357	0.01606	0.01192	0.00605	0.01542
17	0.01487	0.01146	0.01357	0.01304	0.01616	0.01017	0.00978	0.01918	0.02935	0.03917	0.36064	0.09389	0.27758	0.02523	0.01329	0.00365	0.00547	0.02173	0.01161	0.01017
18	0.02248	0.01906	0.02272	0.01684	0.02590	0.01489	0.01342	0.02737	0.02272	0.03543	0.02121	0.02581	0.01803	0.01734	0.07360	0.00361	0.01092	0.00731	0.00659	0.59477
19	0.19893	0.03059	0.02801	0.02306	0.03077	0.09350	0.01861	0.26102	0.11341	0.05706	0.02598	0.02638	0.01923	0.01280	0.01010	0.00342	0.01187	0.00919	0.00958	0.01650
20	0.02585	0.01889	0.02429	0.02039	0.02582	0.01908	0.01681	0.02990	0.02388	0.11128	0.03985	0.05235	0.08622	0.01798	0.01759	0.00356	0.15082	0.08134	0.00839	0.22571
21	0.02637	0.12576	0.16886	0.04589	0.27456	0.02801	0.03137	0.03395	0.02446	0.03486	0.01992	0.02477	0.01628	0.00993	0.01008	0.00305	0.01337	0.00858	0.00538	0.09456
22	0.04119	0.03563	0.03101	0.02853	0.07026	0.22807	0.02088	0.12632	0.10066	0.16021	0.02960	0.02924	0.02141	0.01286	0.01087	0.00328	0.01433	0.00966	0.00942	0.01655

[dist]
# distance from previous block
# <min> <max>
0	2

[block]
# block no. 1 follows, 11 sequences, length 32
# corresponding to MSA columns:
# 246-277
name=unknown_B
#
# <colnr> <probs for GDERKNQSTAVLIFYWHMCP>
#	G	D	E	R	K	N	Q	S	T	A	V	L	I	F	Y	W	H	M	C	P
0	0.03530	0.02608	0.02960	0.02608	0.07581	0.02754	0.01929	0.31645	0.04178	0.05865	0.02728	0.02920	0.02038	0.01249	0.01031	0.00304	0.01076	0.00976	0.12216	0.09806
1	0.02385	0.02660	0.11342	0.07426	0.03495	0.01997	0.02060	0.06929	0.07097	0.03853	0.02818	0.09670	0.02505	0.01340	0.01029	0.00289	0.01055	0.01123	0.00747	0.30180
2	0.01729	0.01247	0.01561	0.01693	0.01861	0.01231	0.01180	0.07488	0.02541	0.03393	0.05773	0.52693	0.06763	0.03258	0.01398	0.00442	0.00725	0.02931	0.01055	0.01037
3	0.36609	0.02233	0.02112	0.01684	0.02516	0.02273	0.01374	0.08844	0.02482	0.04801	0.01864	0.02119	0.01467	0.01006	0.00799	0.00281	0.00903	0.00680	0.00739	0.25214
4	0.02541	0.01621	0.02304	0.02639	0.11076	0.01508	0.01699	0.02926	0.02464	0.13232	0.04389	0.19018	0.04430	0.09353	0.01813	0.00476	0.00968	0.09268	0.00948	0.07326
5	0.03769	0.02756	0.02718	0.02186	0.02925	0.10202	0.01752	0.21583	0.03850	0.14303	0.07670	0.03455	0.02900	0.01368	0.01071	0.00311	0.01131	0.01060	0.07055	0.07935
6	0.13427	0.01750	0.02177	0.01770	0.02454	0.01625	0.01433	0.04272	0.03020	0.33781	0.16882	0.04754	0.04639	0.01583	0.01120	0.00350	0.00832	0.01295	0.01250	0.01586
7	0.02566	0.01897	0.02913	0.02478	0.02814	0.02235	0.06169	0.02973	0.02100	0.11546	0.02698	0.03566	0.02279	0.04477	0.24847	0.01006	0.20322	0.01134	0.00699	0.01280
8	0.02097	0.01327	0.01828	0.01922	0.02246	0.01281	0.01633	0.02610	0.02785	0.08832	0.16031	0.10851	0.07003	0.02757	0.01462	0.00465	0.00918	0.31702	0.01117	0.01132
9	0.01493	0.01083	0.01436	0.01674	0.01821	0.01025	0.01247	0.01788	0.02313	0.03028	0.06576	0.42228	0.11038	0.03351	0.01461	0.00468	0.00755	0.15221	0.01042	0.00952
10	0.02462	0.02462	0.03447	0.02955	0.02955	0.03447	0.02462	0.02709	0.01724	0.02709	0.01477	0.02462	0.01477	0.01970	0.03694	0.00492	0.58385	0.00985	0.00492	0.01231
11	0.03895	0.04487	0.03062	0.02732	0.03356	0.38911	0.02083	0.09160	0.14268	0.03611	0.02473	0.02584	0.01942	0.01261	0.01055	0.00315	0.01697	0.00876	0.00760	0.01471
12	0.01458	0.01063	0.01372	0.01469	0.01643	0.00977	0.01035	0.01797	0.02608	0.03553	0.25567	0.34700	0.12640	0.02971	0.01383	0.00409	0.00596	0.02657	0.01124	0.00977
13	0.04611	0.02014	0.02599	0.02059	0.02884	0.01878	0.01679	0.05582	0.12624	0.44542	0.04468	0.03903	0.02913	0.01419	0.01134	0.00355	0.00945	0.01159	0.01345	0.01889
14	0.02462	0.02462	0.03447	0.02955	0.02955	0.03447	0.02462	0.02709	0.01724	0.02709	0.01477	0.02462	0.01477	0.01970	0.03694	0.00492	0.58385	0.00985	0.00492	0.01231
15	0.01401	0.01143	0.01239	0.01215	0.01564	0.00980	0.00911	0.01753	0.02733	0.03439	0.22599	0.10177	0.41521	0.02702	0.01329	0.00373	0.00560	0.02284	0.01098	0.00980
16	0.02257	0.05822	0.54613	0.03208	0.04871	0.02614	0.04158	0.03564	0.02376	0.03564	0.02020	0.02376	0.01426	0.01069	0.01069	0.00356	0.01663	0.00832	0.00475	0.01663
17	0.01371	0.00979	0.01306	0.01567	0.01632	0.00914	0.01045	0.01567	0.02155	0.02873	0.06203	0.59710	0.07444	0.03526	0.01437	0.00457	0.00653	0.03200	0.01045	0.00914
18	0.04204	0.05364	0.03190	0.02900	0.03480	0.55926	0.02175	0.04494	0.03190	0.02755	0.01740	0.02030	0.01450	0.01160	0.01015	0.00290	0.02030	0.00725	0.00580	0.01305
19	0.05050	0.01915	0.02612	0.02003	0.02873	0.01654	0.01654	0.05485	0.03221	0.54203	0.04440	0.03831	0.02786	0.01393	0.01132	0.00348	0.00958	0.01132	0.01393	0.01915
20	0.01380	0.01142	0.01209	0.01192	0.01551	0.00971	0.00894	0.01711	0.02682	0.03318	0.19211	0.10375	0.44985	0.02747	0.01330	0.00375	0.00563	0.02311	0.01082	0.00971
21	0.03009	0.61122	0.05898	0.01926	0.02889	0.04454	0.01926	0.03370	0.02287	0.02648	0.01565	0.01805	0.01444	0.00963	0.00722	0.00241	0.01204	0.00602	0.00481	0.01444
22	0.01371	0.00979	0.01306	0.01567	0.01632	0.00914	0.01045	0.01567	0.02155	0.02873	0.06203	0.59710	0.07444	0.03526	0.01437	0.00457	0.00653	0.03200	0.01045	0.00914
23	0.05050	0.01915	0.02612	0.02003	0.02873	0.01654	0.01654	0.05485	0.03221	0.54203	0.04440	0.03831	0.02786	0.01393	0.01132	0.00348	0.00958	0.01132	0.01393	0.01915
24	0.01942	0.01008	0.01499	0.01524	0.01549	0.01008	0.01057	0.01549	0.01573	0.02089	0.02336	0.04303	0.02385	0.03834	0.04128	0.60906	0.00983	0.05245	0.00541	0.00541
25	0.03009	0.61122	0.05898	0.01926	0.02889	0.04454	0.01926	0.03370	0.02287	0.02648	0.01565	0.01805	0.01444	0.00963	0.00722	0.00241	0.01204	0.00602	0.00481	0.01444
26	0.02800	0.02418	0.02545	0.02291	0.02927	0.02800	0.01782	0.05981	0.51390	0.04708	0.04581	0.04199	0.03436	0.01527	0.01145	0.00382	0.00891	0.01273	0.01145	0.01782
27	0.01593	0.01150	0.01504	0.01416	0.01681	0.01062	0.01062	0.02124	0.03186	0.04513	0.52830	0.08407	0.10620	0.02301	0.01327	0.00354	0.00531	0.02035	0.01239	0.01062
28	0.10687	0.01752	0.02238	0.01803	0.02505	0.01596	0.01462	0.04426	0.03079	0.36800	0.16184	0.04764	0.04574	0.01583	0.01136	0.00350	0.00843	0.01303	0.01283	0.01632
29	0.02126	0.02001	0.03376	0.57739	0.07752	0.02501	0.03126	0.02876	0.02251	0.02876	0.02001	0.03001	0.01500	0.01125	0.01125	0.00375	0.01500	0.01000	0.00500	0.01250
30	0.01637	0.01091	0.01228	0.01228	0.01228	0.01091	0.00682	0.01637	0.01637	0.02182	0.03546	0.07365	0.04092	0.60445	0.05729	0.01091	0.01091	0.01637	0.00682	0.00682
31	0.04310	0.02535	0.03083	0.09152	0.03777	0.02662	0.02074	0.26902	0.04121	0.24709	0.03285	0.03173	0.02199	0.01339	0.01128	0.00346	0.01163	0.01057	0.01152	0.01833

[dist]
# distance from previous block
# <min> <max>
0	23

[block]
# block no. 2 follows, 11 sequences, length 43
# corresponding to MSA columns:
# 301-343
name=unknown_C
#
# <colnr> <probs for GDERKNQSTAVLIFYWHMCP>
#	G	D	E	R	K	N	Q	S	T	A	V	L	I	F	Y	W	H	M	C	P
0	0.31842	0.02347	0.07196	0.01806	0.02631	0.02057	0.01625	0.03782	0.02487	0.18428	0.07497	0.03133	0.02641	0.01249	0.00929	0.00334	0.00937	0.00922	0.00920	0.07236
1	0.01415	0.01013	0.01345	0.01537	0.01642	0.00943	0.01048	0.01677	0.02359	0.03198	0.15438	0.49550	0.08073	0.03284	0.01415	0.00437	0.00629	0.02969	0.01083	0.00943
2	0.02334	0.02001	0.02334	0.01667	0.02667	0.01500	0.01334	0.02834	0.02334	0.03668	0.02001	0.02334	0.01667	0.00834	0.00834	0.00167	0.00834	0.00667	0.00667	0.67325
3	0.02979	0.22902	0.03796	0.11788	0.03668	0.02857	0.02004	0.03732	0.07360	0.11571	0.02895	0.03717	0.02393	0.01316	0.00997	0.00316	0.01128	0.05288	0.00776	0.08518
4	0.03047	0.13969	0.14363	0.03192	0.04276	0.02748	0.19079	0.03820	0.02640	0.13241	0.02805	0.03592	0.02188	0.01229	0.01147	0.00354	0.01475	0.04534	0.00732	0.01571
5	0.01637	0.01091	0.01228	0.01228	0.01228	0.01091	0.00682	0.01637	0.01637	0.02182	0.03546	0.07365	0.04092	0.60445	0.05729	0.01091	0.01091	0.01637	0.00682	0.00682
6	0.01621	0.01153	0.01539	0.01539	0.01646	0.01260	0.01070	0.01836	0.01729	0.02413	0.03262	0.05790	0.03408	0.32612	0.32626	0.01475	0.02121	0.01406	0.00640	0.00855
7	0.02699	0.02717	0.15457	0.07640	0.03467	0.01894	0.02244	0.07243	0.02844	0.14177	0.08844	0.14150	0.08111	0.01867	0.01204	0.00375	0.01087	0.01588	0.00944	0.01447
8	0.03009	0.61122	0.05898	0.01926	0.02889	0.04454	0.01926	0.03370	0.02287	0.02648	0.01565	0.01805	0.01444	0.00963	0.00722	0.00241	0.01204	0.00602	0.00481	0.01444
9	0.01637	0.01091	0.01228	0.01228	0.01228	0.01091	0.00682	0.01637	0.01637	0.02182	0.03546	0.07365	0.04092	0.60445	0.05729	0.01091	0.01091	0.01637	0.00682	0.00682
10	0.05050	0.01915	0.02612	0.02003	0.02873	0.01654	0.01654	0.05485	0.03221	0.54203	0.04440	0.03831	0.02786	0.01393	0.01132	0.00348	0.00958	0.01132	0.01393	0.01915
11	0.02186	0.02083	0.03389	0.47927	0.06893	0.02670	0.03007	0.02846	0.02156	0.02846	0.01907	0.02904	0.01496	0.01277	0.01585	0.00396	0.11689	0.00998	0.00499	0.01247
12	0.01593	0.01150	0.01504	0.01416	0.01681	0.01062	0.01062	0.02124	0.03186	0.04513	0.52830	0.08407	0.10620	0.02301	0.01327	0.00354	0.00531	0.02035	0.01239	0.01062
13	0.05050	0.01915	0.02612	0.02003	0.02873	0.01654	0.01654	0.05485	0.03221	0.54203	0.04440	0.03831	0.02786	0.01393	0.01132	0.00348	0.00958	0.01132	0.01393	0.01915
14	0.03009	0.61122	0.05898	0.01926	0.02889	0.04454	0.01926	0.03370	0.02287	0.02648	0.01565	0.01805	0.01444	0.00963	0.00722	0.00241	0.01204	0.00602	0.00481	0.01444
15	0.03009	0.61122	0.05898	0.01926	0.02889	0.04454	0.01926	0.03370	0.02287	0.02648	0.01565	0.01805	0.01444	0.00963	0.00722	0.00241	0.01204	0.00602	0.00481	0.01444
16	0.02257	0.05822	0.54613	0.03208	0.04871	0.02614	0.04158	0.03564	0.02376	0.03564	0.02020	0.02376	0.01426	0.01069	0.01069	0.00356	0.01663	0.00832	0.00475	0.01663
17	0.04355	0.03030	0.03302	0.02532	0.03429	0.03309	0.02091	0.45307	0.05087	0.11746	0.02874	0.02814	0.02000	0.01355	0.01127	0.00339	0.01211	0.01025	0.01152	0.01914
18	0.02126	0.02001	0.03376	0.57739	0.07752	0.02501	0.03126	0.02876	0.02251	0.02876	0.02001	0.03001	0.01500	0.01125	0.01125	0.00375	0.01500	0.01000	0.00500	0.01250
19	0.02462	0.02462	0.03447	0.02955	0.02955	0.03447	0.02462	0.02709	0.01724	0.02709	0.01477	0.02462	0.01477	0.01970	0.03694	0.00492	0.58385	0.00985	0.00492	0.01231
20	0.01371	0.00979	0.01306	0.01567	0.01632	0.00914	0.01045	0.01567	0.02155	0.02873	0.06203	0.59710	0.07444	0.03526	0.01437	0.00457	0.00653	0.03200	0.01045	0.00914
21	0.25968	0.01983	0.02136	0.07310	0.02887	0.02169	0.01569	0.11159	0.02744	0.09863	0.03353	0.17751	0.03197	0.01806	0.01058	0.00378	0.00949	0.01466	0.00920	0.01337
22	0.01955	0.00978	0.01466	0.01466	0.01466	0.00978	0.00978	0.01466	0.01466	0.01955	0.01955	0.03421	0.01955	0.03910	0.04399	0.67253	0.00978	0.00978	0.00489	0.00489
23	0.02098	0.01049	0.01049	0.01049	0.01311	0.01049	0.00787	0.02623	0.02360	0.04196	0.03672	0.04196	0.02885	0.01311	0.00787	0.00262	0.00525	0.01049	0.66693	0.01049
24	0.01367	0.00997	0.01288	0.01522	0.01621	0.00918	0.01025	0.01572	0.02199	0.02891	0.06759	0.54489	0.12306	0.03454	0.01425	0.00449	0.00644	0.03112	0.01045	0.00918
25	0.02657	0.03036	0.06641	0.04744	0.05882	0.02846	0.49336	0.03605	0.02657	0.03605	0.02277	0.03036	0.01708	0.00949	0.01328	0.00380	0.01898	0.01328	0.00569	0.01518
26	0.02126	0.02001	0.03376	0.57739	0.07752	0.02501	0.03126	0.02876	0.02251	0.02876	0.02001	0.03001	0.01500	0.01125	0.01125	0.00375	0.01500	0.01000	0.00500	0.01250
27	0.01371	0.00979	0.01306	0.01567	0.01632	0.00914	0.01045	0.01567	0.02155	0.02873	0.06203	0.59710	0.07444	0.03526	0.01437	0.00457	0.00653	0.03200	0.01045	0.00914
28	0.20078	0.03926	0.25075	0.08455	0.04196	0.02751	0.02875	0.12516	0.02816	0.04578	0.02033	0.02363	0.01476	0.01124	0.00988	0.00353	0.01353	0.00827	0.00665	0.01552
29	0.02257	0.05822	0.54613	0.03208	0.04871	0.02614	0.04158	0.03564	0.02376	0.03564	0.02020	0.02376	0.01426	0.01069	0.01069	0.00356	0.01663	0.00832	0.00475	0.01663
30	0.01415	0.01011	0.01357	0.01618	0.01702	0.00952	0.01121	0.01643	0.02198	0.02923	0.06179	0.55028	0.07348	0.03485	0.01448	0.00463	0.00691	0.07447	0.01044	0.00926
31	0.68395	0.02177	0.01654	0.01480	0.02177	0.02525	0.01219	0.03309	0.01915	0.05050	0.01567	0.01828	0.01219	0.01045	0.00697	0.00348	0.00871	0.00609	0.00697	0.01219
32	0.01936	0.01575	0.02110	0.01914	0.02061	0.01888	0.01501	0.02312	0.02340	0.03480	0.21406	0.05511	0.05434	0.07799	0.08276	0.00610	0.19961	0.01468	0.07340	0.01078
33	0.09684	0.13919	0.16853	0.12060	0.04188	0.02657	0.02575	0.03918	0.02528	0.17551	0.02563	0.02732	0.01802	0.01147	0.00996	0.00335	0.01275	0.00881	0.00759	0.01577
34	0.01608	0.01206	0.01809	0.01809	0.02010	0.01407	0.01407	0.02010	0.01809	0.02613	0.03015	0.04422	0.02814	0.08441	0.55984	0.01809	0.03015	0.01206	0.00603	0.01005
35	0.68395	0.02177	0.01654	0.01480	0.02177	0.02525	0.01219	0.03309	0.01915	0.05050	0.01567	0.01828	0.01219	0.01045	0.00697	0.00348	0.00871	0.00609	0.00697	0.01219
36	0.02999	0.44824	0.09515	0.02034	0.02991	0.03892	0.02047	0.08268	0.02622	0.03338	0.01909	0.02159	0.01618	0.01044	0.00802	0.00263	0.01189	0.00705	0.06300	0.01480
37	0.01697	0.01251	0.01652	0.01827	0.02111	0.01205	0.01554	0.02171	0.02641	0.03410	0.11394	0.11928	0.16070	0.02983	0.01489	0.00476	0.00897	0.33166	0.01057	0.01022
38	0.02634	0.11663	0.02876	0.01719	0.02638	0.01964	0.01438	0.03108	0.02482	0.08269	0.06535	0.02909	0.02506	0.01033	0.00885	0.00212	0.00880	0.00817	0.00753	0.44679
39	0.05050	0.01915	0.02612	0.02003	0.02873	0.01654	0.01654	0.05485	0.03221	0.54203	0.04440	0.03831	0.02786	0.01393	0.01132	0.00348	0.00958	0.01132	0.01393	0.01915
40	0.02462	0.02462	0.03447	0.02955	0.02955	0.03447	0.02462	0.02709	0.01724	0.02709	0.01477	0.02462	0.01477	0.01970	0.03694	0.00492	0.58385	0.00985	0.00492	0.01231
41	0.03485	0.39043	0.04851	0.02281	0.03122	0.20061	0.02020	0.07771	0.02825	0.03070	0.01718	0.01952	0.01487	0.01057	0.00847	0.00264	0.01459	0.00675	0.00568	0.01443
42	0.08090	0.01188	0.01458	0.01548	0.01766	0.01161	0.01136	0.02010	0.02548	0.03732	0.22807	0.31060	0.07909	0.02796	0.01334	0.00414	0.00664	0.06289	0.01081	0.01009

[dist]
# distance from previous block
# <min> <max>
0	10

[block]
# block no. 3 follows, 11 sequences, length 65
# corresponding to MSA columns:
# 354-418
name=unknown_D
#
# <colnr> <probs for GDERKNQSTAVLIFYWHMCP>
#	G	D	E	R	K	N	Q	S	T	A	V	L	I	F	Y	W	H	M	C	P
0	0.03235	0.50831	0.05451	0.02044	0.02996	0.04283	0.01964	0.11590	0.02820	0.03437	0.01767	0.01965	0.01528	0.01032	0.00794	0.00258	0.01210	0.00675	0.00596	0.01528
1	0.01779	0.01380	0.01695	0.01612	0.01975	0.01282	0.01184	0.02487	0.08148	0.03809	0.22109	0.25059	0.07142	0.02395	0.01261	0.00362	0.00667	0.02126	0.01061	0.12469
2	0.32256	0.01773	0.01785	0.01614	0.02188	0.01821	0.01257	0.03160	0.02253	0.13092	0.03440	0.18740	0.03313	0.01797	0.00997	0.00364	0.00821	0.01447	0.00918	0.06963
3	0.10532	0.08763	0.02961	0.01994	0.02862	0.02202	0.01685	0.08679	0.03166	0.39994	0.03709	0.03326	0.02419	0.01309	0.01045	0.00335	0.01001	0.01014	0.01204	0.01798
4	0.02126	0.02001	0.03376	0.57739	0.07752	0.02501	0.03126	0.02876	0.02251	0.02876	0.02001	0.03001	0.01500	0.01125	0.01125	0.00375	0.01500	0.01000	0.00500	0.01250
5	0.01422	0.01015	0.01364	0.01625	0.01712	0.00957	0.01132	0.01654	0.02204	0.02929	0.06176	0.54372	0.07334	0.03479	0.01450	0.00464	0.00697	0.08042	0.01044	0.00928
6	0.04687	0.01835	0.02496	0.01941	0.02748	0.01592	0.01592	0.05132	0.03218	0.48988	0.09519	0.04311	0.03608	0.01488	0.01152	0.00349	0.00913	0.01227	0.01377	0.01826
7	0.01568	0.01150	0.01470	0.01390	0.01666	0.01051	0.01042	0.02076	0.03127	0.04374	0.48897	0.08638	0.14640	0.02353	0.01328	0.00356	0.00535	0.02068	0.01221	0.01051
8	0.01565	0.01149	0.01466	0.01387	0.01665	0.01050	0.01040	0.02071	0.03121	0.04359	0.48482	0.08662	0.15064	0.02359	0.01328	0.00357	0.00535	0.02071	0.01219	0.01050
9	0.02334	0.02001	0.02334	0.01667	0.02667	0.01500	0.01334	0.02834	0.02334	0.03668	0.02001	0.02334	0.01667	0.00834	0.00834	0.00167	0.00834	0.00667	0.00667	0.67325
10	0.01913	0.01209	0.01547	0.01715	0.01975	0.01209	0.01455	0.02433	0.02510	0.03657	0.05160	0.09728	0.05223	0.02481	0.01286	0.00429	0.00858	0.30203	0.23966	0.01041
11	0.08746	0.02284	0.02604	0.02252	0.02908	0.02436	0.01895	0.24332	0.03838	0.10974	0.03944	0.06249	0.03550	0.01945	0.01241	0.00403	0.01106	0.16652	0.01090	0.01551
12	0.02657	0.03036	0.06641	0.04744	0.05882	0.02846	0.49336	0.03605	0.02657	0.03605	0.02277	0.03036	0.01708	0.00949	0.01328	0.00380	0.01898	0.01328	0.00569	0.01518
13	0.02257	0.05822	0.54613	0.03208	0.04871	0.02614	0.04158	0.03564	0.02376	0.03564	0.02020	0.02376	0.01426	0.01069	0.01069	0.00356	0.01663	0.00832	0.00475	0.01663
14	0.05050	0.01915	0.02612	0.02003	0.02873	0.01654	0.01654	0.05485	0.03221	0.54203	0.04440	0.03831	0.02786	0.01393	0.01132	0.00348	0.00958	0.01132	0.01393	0.01915
15	0.02126	0.02001	0.03376	0.57739	0.07752	0.02501	0.03126	0.02876	0.02251	0.02876	0.02001	0.03001	0.01500	0.01125	0.01125	0.00375	0.01500	0.01000	0.00500	0.01250
16	0.68395	0.02177	0.01654	0.01480	0.02177	0.02525	0.01219	0.03309	0.01915	0.05050	0.01567	0.01828	0.01219	0.01045	0.00697	0.00348	0.00871	0.00609	0.00697	0.01219
17	0.01371	0.00979	0.01306	0.01567	0.01632	0.00914	0.01045	0.01567	0.02155	0.02873	0.06203	0.59710	0.07444	0.03526	0.01437	0.00457	0.00653	0.03200	0.01045	0.00914
18	0.03009	0.61122	0.05898	0.01926	0.02889	0.04454	0.01926	0.03370	0.02287	0.02648	0.01565	0.01805	0.01444	0.00963	0.00722	0.00241	0.01204	0.00602	0.00481	0.01444
19	0.05050	0.01915	0.02612	0.02003	0.02873	0.01654	0.01654	0.05485	0.03221	0.54203	0.04440	0.03831	0.02786	0.01393	0.01132	0.00348	0.00958	0.01132	0.01393	0.01915
20	0.68395	0.02177	0.01654	0.01480	0.02177	0.02525	0.01219	0.03309	0.01915	0.05050	0.01567	0.01828	0.01219	0.01045	0.00697	0.00348	0.00871	0.00609	0.00697	0.01219
21	0.08399	0.12560	0.02994	0.01776	0.02734	0.02283	0.01497	0.06995	0.02543	0.03903	0.01946	0.02228	0.01610	0.00919	0.00827	0.00210	0.00937	0.00680	0.00676	0.44283
22	0.02126	0.02001	0.03376	0.57739	0.07752	0.02501	0.03126	0.02876	0.02251	0.02876	0.02001	0.03001	0.01500	0.01125	0.01125	0.00375	0.01500	0.01000	0.00500	0.01250
23	0.01371	0.00979	0.01306	0.01567	0.01632	0.00914	0.01045	0.01567	0.02155	0.02873	0.06203	0.59710	0.07444	0.03526	0.01437	0.00457	0.00653	0.03200	0.01045	0.00914
24	0.02506	0.01569	0.02086	0.08024	0.02749	0.01558	0.01501	0.07305	0.03286	0.13166	0.33931	0.06460	0.07403	0.01920	0.01252	0.00354	0.00782	0.01665	0.01171	0.01312
25	0.03047	0.08758	0.24006	0.03677	0.12958	0.02869	0.07228	0.11865	0.03016	0.08509	0.02352	0.02643	0.01719	0.01116	0.01087	0.00341	0.01452	0.00945	0.00693	0.01720
26	0.02387	0.02267	0.03848	0.37609	0.25839	0.02569	0.03256	0.03105	0.02374	0.03193	0.02047	0.02916	0.01612	0.01077	0.01121	0.00359	0.01436	0.01001	0.00523	0.01461
27	0.01418	0.01013	0.01359	0.01620	0.01706	0.00954	0.01125	0.01647	0.02201	0.02925	0.06178	0.54776	0.07343	0.03482	0.01449	0.00464	0.00693	0.07676	0.01044	0.00927
28	0.01955	0.01693	0.02689	0.07025	0.03089	0.01687	0.09888	0.02858	0.08069	0.04229	0.34345	0.06539	0.07486	0.01877	0.01291	0.00363	0.00896	0.01739	0.01046	0.01235
29	0.68395	0.02177	0.01654	0.01480	0.02177	0.02525	0.01219	0.03309	0.01915	0.05050	0.01567	0.01828	0.01219	0.01045	0.00697	0.00348	0.00871	0.00609	0.00697	0.01219
30	0.01972	0.01742	0.02580	0.18334	0.03835	0.02166	0.02106	0.02371	0.02024	0.02787	0.03145	0.14189	0.03291	0.07683	0.07120	0.00621	0.17147	0.05124	0.00663	0.01098
31	0.68395	0.02177	0.01654	0.01480	0.02177	0.02525	0.01219	0.03309	0.01915	0.05050	0.01567	0.01828	0.01219	0.01045	0.00697	0.00348	0.00871	0.00609	0.00697	0.01219
32	0.03009	0.61122	0.05898	0.01926	0.02889	0.04454	0.01926	0.03370	0.02287	0.02648	0.01565	0.01805	0.01444	0.00963	0.00722	0.00241	0.01204	0.00602	0.00481	0.01444
33	0.04035	0.04055	0.03186	0.03046	0.08557	0.32507	0.02151	0.08351	0.03239	0.11430	0.02312	0.02478	0.01755	0.01169	0.01038	0.00297	0.01616	0.00839	0.00761	0.07178
34	0.02126	0.02001	0.03376	0.57739	0.07752	0.02501	0.03126	0.02876	0.02251	0.02876	0.02001	0.03001	0.01500	0.01125	0.01125	0.00375	0.01500	0.01000	0.00500	0.01250
35	0.04017	0.03023	0.03231	0.02537	0.03391	0.03368	0.02076	0.41952	0.13436	0.06672	0.03034	0.02967	0.02183	0.01382	0.01129	0.00346	0.01177	0.01059	0.01129	0.01891
36	0.05050	0.01915	0.02612	0.02003	0.02873	0.01654	0.01654	0.05485	0.03221	0.54203	0.04440	0.03831	0.02786	0.01393	0.01132	0.00348	0.00958	0.01132	0.01393	0.01915
37	0.04976	0.02034	0.02686	0.02059	0.02932	0.01831	0.01701	0.09730	0.03420	0.49678	0.04273	0.03722	0.02702	0.01389	0.01131	0.00347	0.00985	0.01120	0.01367	0.01915
38	0.01443	0.01157	0.01296	0.01297	0.01636	0.01011	0.00996	0.01813	0.02729	0.03453	0.21665	0.10372	0.37728	0.02731	0.01350	0.00386	0.00602	0.06252	0.01095	0.00987
39	0.01544	0.01149	0.01436	0.01364	0.01651	0.01041	0.01023	0.02029	0.03070	0.04238	0.45072	0.08861	0.18550	0.02404	0.01328	0.00359	0.00538	0.02099	0.01203	0.01041
40	0.10024	0.02530	0.08818	0.26729	0.05233	0.02386	0.02584	0.07684	0.02738	0.16598	0.02638	0.02992	0.01825	0.01198	0.01076	0.00360	0.01292	0.00975	0.00799	0.01520
41	0.02352	0.01913	0.03247	0.37118	0.06001	0.02170	0.06998	0.02992	0.02374	0.08331	0.03012	0.12924	0.02686	0.01553	0.01199	0.00387	0.01334	0.01427	0.00695	0.01287
42	0.01330	0.01140	0.01140	0.01140	0.01520	0.00950	0.00855	0.01615	0.02565	0.03041	0.11402	0.10832	0.52967	0.02850	0.01330	0.00380	0.00570	0.02375	0.01045	0.00950
43	0.04525	0.02405	0.02872	0.02240	0.03095	0.02426	0.01838	0.20973	0.09414	0.32131	0.03849	0.03479	0.02555	0.01394	0.01131	0.00348	0.01048	0.01106	0.01272	0.01900
44	0.03141	0.14235	0.16660	0.03118	0.09367	0.02824	0.06471	0.04312	0.10866	0.13725	0.02884	0.02969	0.02105	0.01174	0.01056	0.00337	0.01288	0.00983	0.00790	0.01694
45	0.02257	0.05822	0.54613	0.03208	0.04871	0.02614	0.04158	0.03564	0.02376	0.03564	0.02020	0.02376	0.01426	0.01069	0.01069	0.00356	0.01663	0.00832	0.00475	0.01663
46	0.02257	0.05822	0.54613	0.03208	0.04871	0.02614	0.04158	0.03564	0.02376	0.03564	0.02020	0.02376	0.01426	0.01069	0.01069	0.00356	0.01663	0.00832	0.00475	0.01663
47	0.01916	0.01675	0.02467	0.21768	0.09303	0.01829	0.02058	0.02647	0.06444	0.03294	0.09491	0.16476	0.12118	0.02029	0.01242	0.00387	0.01016	0.01795	0.00830	0.01214
48	0.11039	0.02332	0.02586	0.02054	0.02875	0.07900	0.01672	0.05164	0.03092	0.43640	0.03858	0.03434	0.02484	0.01333	0.01077	0.00342	0.01071	0.01035	0.01234	0.01779
49	0.02462	0.02462	0.03447	0.02955	0.02955	0.03447	0.02462	0.02709	0.01724	0.02709	0.01477	0.02462	0.01477	0.01970	0.03694	0.00492	0.58385	0.00985	0.00492	0.01231
50	0.01593	0.01150	0.01504	0.01416	0.01681	0.01062	0.01062	0.02124	0.03186	0.04513	0.52830	0.08407	0.10620	0.02301	0.01327	0.00354	0.00531	0.02035	0.01239	0.01062
51	0.05050	0.01915	0.02612	0.02003	0.02873	0.01654	0.01654	0.05485	0.03221	0.54203	0.04440	0.03831	0.02786	0.01393	0.01132	0.00348	0.00958	0.01132	0.01393	0.01915
52	0.01593	0.01150	0.01504	0.01416	0.01681	0.01062	0.01062	0.02124	0.03186	0.04513	0.52830	0.08407	0.10620	0.02301	0.01327	0.00354	0.00531	0.02035	0.01239	0.01062
53	0.68395	0.02177	0.01654	0.01480	0.02177	0.02525	0.01219	0.03309	0.01915	0.05050	0.01567	0.01828	0.01219	0.01045	0.00697	0.00348	0.00871	0.00609	0.00697	0.01219
54	0.02187	0.01282	0.01695	0.01517	0.01886	0.01164	0.01164	0.02701	0.03192	0.13045	0.44521	0.07622	0.09275	0.02145	0.01294	0.00353	0.00604	0.01880	0.01265	0.01209
55	0.03698	0.02087	0.02593	0.02162	0.02803	0.02203	0.01741	0.05064	0.19618	0.27247	0.08130	0.04178	0.03505	0.01579	0.01443	0.00377	0.07420	0.01238	0.01193	0.01722
56	0.01955	0.00978	0.01466	0.01466	0.01466	0.00978	0.00978	0.01466	0.01466	0.01955	0.01955	0.03421	0.01955	0.03910	0.04399	0.67253	0.00978	0.00978	0.00489	0.00489
57	0.01637	0.01091	0.01228	0.01228	0.01228	0.01091	0.00682	0.01637	0.01637	0.02182	0.03546	0.07365	0.04092	0.60445	0.05729	0.01091	0.01091	0.01637	0.00682	0.00682
58	0.02647	0.02167	0.03245	0.38391	0.06107	0.02623	0.02738	0.07180	0.06756	0.07852	0.02443	0.03101	0.01811	0.01282	0.01371	0.00381	0.06779	0.01035	0.00684	0.01407
59	0.08022	0.02901	0.13516	0.22408	0.04998	0.02579	0.02753	0.03819	0.10733	0.08369	0.02598	0.03015	0.01914	0.01275	0.01304	0.00378	0.06236	0.00992	0.00706	0.01485
60	0.01458	0.01102	0.01346	0.01376	0.01622	0.00990	0.00997	0.01829	0.02733	0.03652	0.28469	0.22686	0.22069	0.02785	0.01357	0.00389	0.00575	0.02442	0.01131	0.00990
61	0.02098	0.01049	0.01049	0.01049	0.01311	0.01049	0.00787	0.02623	0.02360	0.04196	0.03672	0.04196	0.02885	0.01311	0.00787	0.00262	0.00525	0.01049	0.66693	0.01049
62	0.15872	0.02805	0.07564	0.02170	0.03058	0.07755	0.01914	0.08607	0.03083	0.31165	0.03265	0.03050	0.02162	0.01272	0.01036	0.00342	0.01147	0.00957	0.01073	0.01703
63	0.15868	0.01899	0.02419	0.08180	0.03186	0.01851	0.01686	0.04471	0.02871	0.34693	0.08291	0.03813	0.03109	0.01387	0.01071	0.00352	0.00963	0.01109	0.01151	0.01632
64	0.02139	0.01699	0.07595	0.01832	0.02225	0.01241	0.01509	0.02504	0.02373	0.12256	0.05409	0.43072	0.05917	0.02861	0.01340	0.00426	0.00823	0.02556	0.01043	0.01181

[dist]
# distance from previous block
# <min> <max>
1	10

[block]
# block no. 4 follows, 11 sequences, length 40
# corresponding to MSA columns:
# 429-468
name=unknown_E
#
# <colnr> <probs for GDERKNQSTAVLIFYWHMCP>
#	G	D	E	R	K	N	Q	S	T	A	V	L	I	F	Y	W	H	M	C	P
0	0.02173	0.12009	0.08734	0.01755	0.02358	0.01856	0.01613	0.02704	0.02777	0.08183	0.24880	0.10899	0.11733	0.02011	0.01185	0.00346	0.00836	0.01705	0.00992	0.01250
1	0.09851	0.22296	0.15319	0.02043	0.03024	0.02773	0.02120	0.03111	0.02427	0.03607	0.10491	0.03149	0.03016	0.01205	0.00920	0.00287	0.01099	0.00911	0.00663	0.11689
2	0.02849	0.01856	0.02367	0.06636	0.03036	0.01554	0.01532	0.03319	0.02517	0.15604	0.03094	0.09707	0.02621	0.01320	0.01004	0.00264	0.00900	0.01114	0.00872	0.37835
3	0.50115	0.02005	0.01750	0.01521	0.02198	0.02210	0.01245	0.03603	0.02189	0.13347	0.02295	0.02437	0.01674	0.01134	0.00781	0.00339	0.00847	0.00748	0.08246	0.01319
4	0.03364	0.12107	0.03549	0.02701	0.09083	0.02728	0.02005	0.12806	0.03043	0.12729	0.02453	0.02642	0.01868	0.01175	0.01213	0.00293	0.06169	0.00874	0.00823	0.18375
5	0.03191	0.02059	0.02529	0.08842	0.03325	0.02206	0.01818	0.09430	0.19256	0.16985	0.04322	0.13862	0.03597	0.01788	0.01190	0.00381	0.00976	0.01525	0.01110	0.01608
6	0.01634	0.01104	0.01293	0.01293	0.01316	0.01127	0.00764	0.01679	0.01656	0.02231	0.03486	0.07034	0.03948	0.54590	0.11387	0.01172	0.01308	0.01588	0.00673	0.00718
7	0.02092	0.01989	0.03480	0.45165	0.06807	0.02346	0.07899	0.02796	0.02283	0.02955	0.02540	0.09881	0.02244	0.01397	0.01185	0.00386	0.01441	0.01303	0.00574	0.01239
8	0.03878	0.02508	0.03619	0.11116	0.09604	0.02574	0.07578	0.17938	0.03567	0.21414	0.03068	0.03168	0.02107	0.01249	0.01149	0.00351	0.01268	0.01085	0.01000	0.01759
9	0.02322	0.01504	0.02057	0.01928	0.02136	0.01691	0.01462	0.02671	0.06341	0.08942	0.03379	0.13982	0.03272	0.03775	0.11857	0.18622	0.10740	0.01474	0.00780	0.01066
10	0.01401	0.01083	0.01278	0.01355	0.01595	0.00961	0.00968	0.01705	0.02546	0.03290	0.18236	0.28239	0.27345	0.02982	0.01369	0.00403	0.00592	0.02606	0.01086	0.00961
11	0.13042	0.02217	0.08597	0.07189	0.03146	0.01922	0.05539	0.06676	0.02483	0.03861	0.03704	0.23603	0.03799	0.02008	0.01148	0.00386	0.01027	0.01753	0.06668	0.01233
12	0.02388	0.07010	0.07880	0.18648	0.04421	0.02865	0.02527	0.03487	0.11902	0.03361	0.06175	0.03354	0.02554	0.01503	0.01799	0.00394	0.16583	0.01082	0.00678	0.01388
13	0.01640	0.01233	0.01629	0.01734	0.01812	0.01349	0.01248	0.01884	0.02109	0.03006	0.05116	0.43521	0.05906	0.03001	0.01731	0.00439	0.10176	0.02573	0.08913	0.00983
14	0.03906	0.02376	0.02314	0.01956	0.02594	0.11466	0.01543	0.04636	0.08237	0.26854	0.03772	0.03637	0.02639	0.01345	0.01025	0.00320	0.01035	0.01052	0.17721	0.01571
15	0.02334	0.02001	0.02334	0.01667	0.02667	0.01500	0.01334	0.02834	0.02334	0.03668	0.02001	0.02334	0.01667	0.00834	0.00834	0.00167	0.00834	0.00667	0.00667	0.67325
16	0.15057	0.45238	0.09483	0.01958	0.02935	0.03931	0.01995	0.03376	0.02226	0.03175	0.01606	0.01861	0.01401	0.00988	0.00749	0.00271	0.01183	0.00624	0.00521	0.01422
17	0.02585	0.01441	0.01855	0.01734	0.02115	0.01359	0.01297	0.06965	0.02916	0.16236	0.15249	0.30059	0.06468	0.02548	0.01311	0.00398	0.00755	0.02250	0.01179	0.01282
18	0.01371	0.00979	0.01306	0.01567	0.01632	0.00914	0.01045	0.01567	0.02155	0.02873	0.06203	0.59710	0.07444	0.03526	0.01437	0.00457	0.00653	0.03200	0.01045	0.00914
19	0.02505	0.02388	0.04062	0.28500	0.34024	0.02600	0.03315	0.03208	0.02430	0.03337	0.02068	0.02877	0.01663	0.01055	0.01119	0.00352	0.01406	0.01002	0.00533	0.01557
20	0.68395	0.02177	0.01654	0.01480	0.02177	0.02525	0.01219	0.03309	0.01915	0.05050	0.01567	0.01828	0.01219	0.01045	0.00697	0.00348	0.00871	0.00609	0.00697	0.01219
21	0.02497	0.02294	0.02409	0.01775	0.02738	0.06257	0.01407	0.02979	0.02409	0.03588	0.01978	0.02307	0.01648	0.00862	0.00849	0.00177	0.00938	0.00672	0.00659	0.61555
22	0.01634	0.01104	0.01291	0.01291	0.01313	0.01126	0.00761	0.01677	0.01655	0.02229	0.03489	0.07045	0.03953	0.54789	0.11195	0.01169	0.01300	0.01590	0.00673	0.00717
23	0.04028	0.04827	0.07923	0.02945	0.03695	0.40964	0.05529	0.04471	0.03085	0.09123	0.02129	0.02348	0.01627	0.01166	0.01055	0.00309	0.01858	0.00825	0.00668	0.01425
24	0.02714	0.13163	0.03649	0.02539	0.02819	0.03256	0.02163	0.03024	0.02095	0.07436	0.06458	0.03007	0.02425	0.01762	0.02699	0.00420	0.37394	0.01023	0.00639	0.01316
25	0.09499	0.08089	0.17986	0.02457	0.03556	0.02728	0.02491	0.16546	0.03349	0.18388	0.02789	0.02767	0.01912	0.01223	0.01041	0.00339	0.01249	0.00925	0.00922	0.01743
26	0.02856	0.13948	0.28749	0.02733	0.03974	0.02639	0.06470	0.03751	0.02604	0.12534	0.06834	0.03115	0.02497	0.01207	0.01063	0.00337	0.01378	0.00989	0.00714	0.01607
27	0.02126	0.02001	0.03376	0.57739	0.07752	0.02501	0.03126	0.02876	0.02251	0.02876	0.02001	0.03001	0.01500	0.01125	0.01125	0.00375	0.01500	0.01000	0.00500	0.01250
28	0.03454	0.03147	0.09624	0.02741	0.03626	0.10563	0.10812	0.09123	0.03181	0.17011	0.07406	0.04073	0.07208	0.01430	0.01174	0.00348	0.01349	0.01235	0.00929	0.01565
29	0.02652	0.02761	0.13434	0.18806	0.10864	0.02204	0.06926	0.03387	0.02496	0.11652	0.03057	0.11229	0.02614	0.01477	0.01177	0.00374	0.01335	0.01338	0.00735	0.01481
30	0.03174	0.01500	0.02011	0.01684	0.02226	0.01333	0.01333	0.03661	0.03202	0.27232	0.30706	0.06315	0.07038	0.01886	0.01238	0.00351	0.00726	0.01622	0.01309	0.01452
31	0.68395	0.02177	0.01654	0.01480	0.02177	0.02525	0.01219	0.03309	0.01915	0.05050	0.01567	0.01828	0.01219	0.01045	0.00697	0.00348	0.00871	0.00609	0.00697	0.01219
32	0.01418	0.01045	0.01339	0.01556	0.01698	0.00967	0.01106	0.01668	0.02278	0.02962	0.07062	0.45664	0.15100	0.03360	0.01433	0.00451	0.00685	0.08230	0.01044	0.00935
33	0.02672	0.12866	0.11706	0.02078	0.03169	0.02430	0.01999	0.08725	0.02692	0.03892	0.02014	0.02295	0.01619	0.00957	0.00889	0.00231	0.01083	0.00725	0.00659	0.37297
34	0.02496	0.02107	0.03230	0.23893	0.05015	0.02049	0.07278	0.03137	0.02404	0.07219	0.02217	0.02785	0.01692	0.01003	0.01024	0.00285	0.01219	0.00904	0.00647	0.29397
35	0.03208	0.17531	0.20771	0.02853	0.04009	0.07925	0.07841	0.11627	0.03022	0.07762	0.02219	0.02452	0.01650	0.01113	0.01027	0.00322	0.01489	0.00877	0.00678	0.01627
36	0.01971	0.00986	0.01419	0.01419	0.01449	0.00986	0.00956	0.01596	0.01567	0.02207	0.02148	0.03509	0.02060	0.03617	0.03992	0.59711	0.00927	0.00986	0.07943	0.00552
37	0.01692	0.01285	0.01815	0.01740	0.02012	0.01389	0.01332	0.02068	0.01852	0.02692	0.02949	0.04456	0.02802	0.12346	0.45174	0.01558	0.02593	0.01185	0.00617	0.08442
38	0.03442	0.28286	0.04036	0.02008	0.02808	0.03240	0.01761	0.11476	0.07387	0.13408	0.02796	0.03166	0.02250	0.07631	0.01451	0.00383	0.01121	0.00945	0.00845	0.01560
39	0.10076	0.11991	0.02740	0.01811	0.02477	0.02303	0.01486	0.07346	0.08060	0.07972	0.11313	0.10497	0.04058	0.01612	0.01036	0.00318	0.00880	0.01314	0.00927	0.11783

[dist]
# distance from previous block
# <min> <max>
0	132

# created by:
# /st0/software/busco_prod/Augustus/scripts/msa2prfl.pl ./align_prep/6773.fa
