[name]
unknown

[dist]
# distance from previous block
# <min> <max>
0	87

[block]
# block no. 0 follows, 16 sequences, length 16
# corresponding to MSA columns:
# 87-102
name=unknown_A
#
# <colnr> <probs for GDERKNQSTAVLIFYWHMCP>
#	G	D	E	R	K	N	Q	S	T	A	V	L	I	F	Y	W	H	M	C	P
0	0.02220	0.03152	0.22576	0.07569	0.34478	0.02286	0.03053	0.03142	0.06307	0.03165	0.01948	0.02383	0.01527	0.00922	0.00949	0.00299	0.01223	0.00832	0.00492	0.01478
1	0.02285	0.02056	0.03472	0.27035	0.37403	0.02204	0.02793	0.02877	0.02136	0.05746	0.01885	0.02512	0.01488	0.00919	0.00964	0.00301	0.01187	0.00868	0.00497	0.01372
2	0.02290	0.02492	0.03889	0.30548	0.09560	0.11183	0.20325	0.02929	0.02194	0.02720	0.01775	0.02456	0.01363	0.00915	0.01012	0.00311	0.01462	0.00919	0.00464	0.01194
3	0.03135	0.01853	0.02188	0.01792	0.02468	0.01845	0.01432	0.04574	0.27366	0.26799	0.03565	0.03248	0.02505	0.01179	0.00942	0.00289	0.00783	0.00969	0.01011	0.12055
4	0.01406	0.00954	0.01132	0.01132	0.01157	0.00980	0.00680	0.01457	0.01432	0.01934	0.02986	0.05965	0.03360	0.57201	0.13447	0.01032	0.01186	0.01354	0.00577	0.00629
5	0.25398	0.01902	0.02647	0.30134	0.16979	0.02194	0.02212	0.02711	0.01903	0.03249	0.01622	0.02209	0.01266	0.00923	0.00845	0.00308	0.01081	0.00751	0.00498	0.01170
6	0.02211	0.02111	0.03595	0.24997	0.42312	0.02253	0.02881	0.02810	0.02118	0.02938	0.01790	0.02460	0.01455	0.00898	0.00963	0.00299	0.01198	0.00863	0.00464	0.01384
7	0.01641	0.01343	0.01755	0.01615	0.01638	0.01646	0.01176	0.01757	0.01454	0.02078	0.02405	0.04612	0.02634	0.36946	0.11925	0.00851	0.22046	0.01175	0.00524	0.00780
8	0.02720	0.03329	0.22149	0.02503	0.03464	0.02582	0.06852	0.23432	0.15091	0.04414	0.02451	0.02536	0.01777	0.01087	0.00971	0.00307	0.01170	0.00891	0.00748	0.01524
9	0.01536	0.01250	0.01929	0.21982	0.03263	0.01482	0.01607	0.01929	0.01661	0.02269	0.02376	0.03782	0.02214	0.13957	0.33359	0.01057	0.01918	0.01035	0.00500	0.00894
10	0.01890	0.01723	0.02611	0.43070	0.05229	0.01869	0.02182	0.02464	0.01962	0.02702	0.01723	0.02394	0.01339	0.00886	0.00886	0.00264	0.01102	0.00766	0.00478	0.24462
11	0.50176	0.01800	0.01697	0.01423	0.02072	0.01927	0.01173	0.03468	0.02021	0.22920	0.02167	0.02144	0.01495	0.00999	0.00724	0.00300	0.00775	0.00673	0.00798	0.01248
12	0.02102	0.01559	0.01782	0.01518	0.01942	0.01591	0.01194	0.19878	0.03263	0.04432	0.33151	0.05928	0.14168	0.01782	0.01086	0.00304	0.00664	0.01506	0.01010	0.01143
13	0.02340	0.45115	0.04361	0.22124	0.03871	0.03279	0.02000	0.02761	0.01959	0.02345	0.01471	0.01895	0.01260	0.00875	0.00737	0.00246	0.01121	0.00632	0.00420	0.01189
14	0.01244	0.00892	0.01181	0.01307	0.01420	0.00829	0.00905	0.01508	0.02149	0.02941	0.23194	0.46123	0.07314	0.02688	0.01206	0.00364	0.00528	0.02424	0.00955	0.00829
15	0.02197	0.25925	0.21485	0.01929	0.02957	0.02501	0.02090	0.02802	0.02007	0.02816	0.01594	0.01858	0.01302	0.00821	0.00747	0.00217	0.01055	0.00598	0.00466	0.24632

[dist]
# distance from previous block
# <min> <max>
0	7

[block]
# block no. 1 follows, 16 sequences, length 17
# corresponding to MSA columns:
# 110-126
name=unknown_B
#
# <colnr> <probs for GDERKNQSTAVLIFYWHMCP>
#	G	D	E	R	K	N	Q	S	T	A	V	L	I	F	Y	W	H	M	C	P
0	0.02385	0.34599	0.07299	0.01752	0.02415	0.02812	0.01623	0.12021	0.02403	0.03057	0.02560	0.17904	0.02626	0.01454	0.00859	0.00276	0.00947	0.01161	0.00635	0.01212
1	0.02150	0.11388	0.20749	0.02935	0.14357	0.02165	0.04833	0.02797	0.02002	0.06491	0.02065	0.02604	0.01681	0.02522	0.16429	0.00608	0.01589	0.00837	0.00507	0.01292
2	0.01498	0.01327	0.02367	0.02081	0.02392	0.01285	0.15035	0.01862	0.01913	0.02595	0.03998	0.38523	0.04452	0.03221	0.11971	0.00582	0.01194	0.02043	0.00728	0.00933
3	0.01488	0.01176	0.01705	0.17055	0.02775	0.01229	0.01366	0.01993	0.02539	0.03529	0.44747	0.06058	0.07152	0.01724	0.01099	0.00309	0.00669	0.01527	0.00905	0.00956
4	0.02257	0.21774	0.14185	0.02258	0.03205	0.02529	0.11534	0.03058	0.07234	0.02954	0.01861	0.02136	0.01488	0.00860	0.00826	0.00241	0.01108	0.00732	0.00520	0.19240
5	0.01178	0.00854	0.01114	0.01321	0.01398	0.00790	0.00887	0.01353	0.01883	0.02485	0.05689	0.60967	0.10525	0.02991	0.01230	0.00388	0.00557	0.02700	0.00900	0.00790
6	0.01334	0.00908	0.01079	0.01154	0.01173	0.00889	0.00691	0.01390	0.01557	0.02076	0.03812	0.25878	0.04480	0.45098	0.03708	0.00759	0.00815	0.01855	0.00691	0.00654
7	0.02347	0.02001	0.02136	0.08545	0.02657	0.11861	0.01551	0.02660	0.02090	0.09696	0.02872	0.18371	0.02806	0.01639	0.01366	0.00318	0.12091	0.01285	0.05120	0.08588
8	0.03755	0.01668	0.02188	0.01651	0.02429	0.01391	0.01354	0.04144	0.02580	0.45993	0.03290	0.02972	0.02155	0.01077	0.00909	0.00260	0.00798	0.00873	0.01041	0.19471
9	0.02301	0.01974	0.02907	0.48030	0.05744	0.02370	0.02476	0.16229	0.02603	0.03398	0.01876	0.02519	0.01382	0.01018	0.00969	0.00315	0.01235	0.00864	0.00567	0.01222
10	0.02647	0.01751	0.02715	0.02034	0.02779	0.01500	0.13594	0.03110	0.02357	0.21408	0.04075	0.04029	0.13417	0.01243	0.00982	0.00272	0.00913	0.01126	0.00821	0.19227
11	0.01876	0.01723	0.02679	0.47829	0.05564	0.01935	0.02300	0.02467	0.01956	0.02649	0.01723	0.02438	0.01328	0.00905	0.00905	0.00277	0.01146	0.00788	0.00467	0.19043
12	0.01665	0.01500	0.02455	0.47807	0.05338	0.01807	0.02237	0.02190	0.01917	0.02476	0.02641	0.18504	0.02591	0.01494	0.01037	0.00341	0.01107	0.01342	0.00550	0.01003
13	0.01868	0.01761	0.02975	0.59786	0.10204	0.02163	0.02710	0.02509	0.01956	0.02522	0.01729	0.02572	0.01308	0.00962	0.00968	0.00321	0.01283	0.00861	0.00434	0.01107
14	0.01409	0.00940	0.01057	0.01057	0.01057	0.00940	0.00587	0.01409	0.01409	0.01879	0.03054	0.06342	0.03524	0.65938	0.04933	0.00940	0.00940	0.01409	0.00587	0.00587
15	0.02281	0.02496	0.05184	0.08196	0.16182	0.02403	0.42274	0.03039	0.02249	0.03078	0.01918	0.02569	0.01472	0.00836	0.01096	0.00319	0.01516	0.01070	0.00484	0.01339
16	0.01830	0.01723	0.02907	0.63609	0.06675	0.02153	0.02692	0.02476	0.01938	0.02476	0.01723	0.02584	0.01292	0.00969	0.00969	0.00323	0.01292	0.00861	0.00431	0.01077

[dist]
# distance from previous block
# <min> <max>
0	1

[block]
# block no. 2 follows, 16 sequences, length 31
# corresponding to MSA columns:
# 128-158
name=unknown_C
#
# <colnr> <probs for GDERKNQSTAVLIFYWHMCP>
#	G	D	E	R	K	N	Q	S	T	A	V	L	I	F	Y	W	H	M	C	P
0	0.72785	0.01874	0.01425	0.01275	0.01874	0.02174	0.01050	0.02849	0.01649	0.04348	0.01350	0.01574	0.01050	0.00900	0.00600	0.00300	0.00750	0.00525	0.00600	0.01050
1	0.01181	0.00843	0.01125	0.01350	0.01406	0.00787	0.00900	0.01350	0.01856	0.02474	0.05342	0.65306	0.06410	0.03036	0.01237	0.00394	0.00562	0.02755	0.00900	0.00787
2	0.08454	0.02114	0.03130	0.04307	0.37799	0.02205	0.02332	0.03344	0.14304	0.03519	0.06794	0.02973	0.02403	0.01053	0.00948	0.00299	0.00978	0.00955	0.00646	0.01444
3	0.01806	0.01668	0.02786	0.58029	0.06254	0.02060	0.02590	0.02434	0.01964	0.02515	0.02030	0.03337	0.01679	0.01123	0.01002	0.00334	0.01256	0.05600	0.00472	0.01060
4	0.02506	0.02507	0.03829	0.05645	0.54884	0.07562	0.02877	0.03053	0.02254	0.03096	0.01794	0.02341	0.01510	0.00875	0.00952	0.00284	0.01204	0.00842	0.00481	0.01499
5	0.02608	0.02059	0.02460	0.01974	0.02471	0.06201	0.01610	0.02935	0.02013	0.13700	0.01940	0.02277	0.01545	0.01190	0.01685	0.00284	0.24189	0.00755	0.00632	0.27474
6	0.01647	0.01472	0.02561	0.02719	0.12102	0.01409	0.12366	0.02043	0.02040	0.02761	0.04051	0.36501	0.04514	0.02189	0.01182	0.00368	0.00910	0.07390	0.00746	0.01028
7	0.03752	0.02231	0.02511	0.02168	0.05845	0.07407	0.01651	0.14954	0.11362	0.32821	0.03222	0.02962	0.02181	0.01173	0.00965	0.00297	0.00966	0.00935	0.01018	0.01578
8	0.01226	0.00863	0.01111	0.01291	0.01336	0.00818	0.00837	0.01361	0.01767	0.02356	0.04886	0.53565	0.05835	0.15562	0.01973	0.00502	0.00637	0.02487	0.00837	0.00747
9	0.01226	0.00985	0.01093	0.01066	0.01358	0.00852	0.00800	0.01547	0.02399	0.03069	0.27444	0.08585	0.41592	0.02286	0.01145	0.00319	0.00479	0.01941	0.00959	0.00852
10	0.02297	0.01937	0.03183	0.09877	0.38910	0.01943	0.02416	0.02840	0.02334	0.07788	0.13434	0.03451	0.03097	0.01122	0.00998	0.00295	0.01000	0.01049	0.00649	0.01379
11	0.02350	0.02253	0.03847	0.10857	0.55362	0.02290	0.02950	0.02932	0.02184	0.03108	0.01815	0.02415	0.01515	0.00873	0.00960	0.00291	0.01163	0.00863	0.00476	0.01496
12	0.01181	0.00843	0.01125	0.01350	0.01406	0.00787	0.00900	0.01350	0.01856	0.02474	0.05342	0.65306	0.06410	0.03036	0.01237	0.00394	0.00562	0.02755	0.00900	0.00787
13	0.01830	0.01723	0.02907	0.63609	0.06675	0.02153	0.02692	0.02476	0.01938	0.02476	0.01723	0.02584	0.01292	0.00969	0.00969	0.00323	0.01292	0.00861	0.00431	0.01077
14	0.02707	0.02199	0.03667	0.05280	0.50807	0.02164	0.02729	0.03251	0.02297	0.12249	0.02140	0.02541	0.01672	0.00917	0.00962	0.00290	0.01100	0.00881	0.00594	0.01553
15	0.03494	0.01460	0.01975	0.01579	0.02179	0.01278	0.01278	0.03892	0.02765	0.44289	0.19777	0.04430	0.04336	0.01424	0.01023	0.00301	0.00719	0.01198	0.01161	0.01438
16	0.02399	0.02303	0.03934	0.05949	0.59893	0.02303	0.02974	0.02974	0.02207	0.03166	0.01823	0.02399	0.01535	0.00864	0.00960	0.00288	0.01151	0.00864	0.00480	0.01535
17	0.02651	0.02112	0.03507	0.13174	0.42839	0.02133	0.02673	0.03202	0.02266	0.12792	0.02148	0.02577	0.01648	0.00935	0.00963	0.00295	0.01115	0.00882	0.00595	0.01491
18	0.02480	0.08851	0.27475	0.02143	0.03037	0.06121	0.02297	0.03122	0.02206	0.15117	0.02851	0.14846	0.02513	0.01399	0.00966	0.00310	0.01117	0.01154	0.00683	0.01312
19	0.03414	0.01519	0.02000	0.01617	0.02215	0.01380	0.01303	0.04019	0.07640	0.41052	0.18084	0.04338	0.04179	0.01410	0.01019	0.00304	0.00725	0.01185	0.01147	0.01451
20	0.03079	0.01838	0.02468	0.01883	0.02621	0.01677	0.06148	0.09185	0.07099	0.25598	0.07991	0.03189	0.02646	0.01119	0.00939	0.00264	0.00855	0.00956	0.00925	0.19520
21	0.34276	0.02323	0.06177	0.01741	0.02475	0.02321	0.01521	0.18829	0.05501	0.09642	0.02031	0.02106	0.01473	0.01016	0.00789	0.00291	0.00896	0.00711	0.00765	0.05115
22	0.48691	0.01661	0.01530	0.01444	0.01960	0.01839	0.01213	0.02793	0.01894	0.08762	0.02530	0.04122	0.02326	0.01381	0.00821	0.00337	0.00793	0.14117	0.00726	0.01060
23	0.02055	0.15609	0.51298	0.02572	0.03901	0.02524	0.03250	0.03041	0.02033	0.02933	0.01672	0.01962	0.01231	0.00905	0.00869	0.00290	0.01364	0.00682	0.00410	0.01400
24	0.02399	0.02303	0.03934	0.05949	0.59893	0.02303	0.02974	0.02974	0.02207	0.03166	0.01823	0.02399	0.01535	0.00864	0.00960	0.00288	0.01151	0.00864	0.00480	0.01535
25	0.02010	0.01723	0.02010	0.01436	0.02297	0.01292	0.01148	0.02440	0.02010	0.03158	0.01723	0.02010	0.01436	0.00718	0.00718	0.00144	0.00718	0.00574	0.00574	0.71863
26	0.02215	0.10993	0.50234	0.02562	0.03874	0.02342	0.03202	0.03193	0.02100	0.07883	0.01877	0.02103	0.01329	0.00935	0.00895	0.00296	0.01340	0.00718	0.00477	0.01432
27	0.02736	0.01866	0.02147	0.01743	0.02438	0.01822	0.01385	0.04183	0.27216	0.17003	0.03206	0.03028	0.02340	0.01097	0.00898	0.00263	0.00765	0.00901	0.00904	0.24061
28	0.01352	0.00990	0.01268	0.01199	0.01436	0.00906	0.00899	0.01791	0.02697	0.03776	0.55062	0.07422	0.13533	0.02023	0.01143	0.00307	0.00460	0.01778	0.01052	0.00906
29	0.01830	0.01723	0.02907	0.63609	0.06675	0.02153	0.02692	0.02476	0.01938	0.02476	0.01723	0.02584	0.01292	0.00969	0.00969	0.00323	0.01292	0.00861	0.00431	0.01077
30	0.02411	0.02082	0.02192	0.01972	0.02520	0.02411	0.01534	0.05150	0.58142	0.04054	0.03945	0.03616	0.02959	0.01315	0.00986	0.00329	0.00767	0.01096	0.00986	0.01534

[dist]
# distance from previous block
# <min> <max>
0	7

[block]
# block no. 3 follows, 16 sequences, length 57
# corresponding to MSA columns:
# 166-222
name=unknown_D
#
# <colnr> <probs for GDERKNQSTAVLIFYWHMCP>
#	G	D	E	R	K	N	Q	S	T	A	V	L	I	F	Y	W	H	M	C	P
0	0.02120	0.02120	0.02969	0.02545	0.02545	0.02969	0.02120	0.02332	0.01484	0.02332	0.01272	0.02120	0.01272	0.01696	0.03181	0.00424	0.64165	0.00848	0.00424	0.01060
1	0.01181	0.00843	0.01125	0.01350	0.01406	0.00787	0.00900	0.01350	0.01856	0.02474	0.05342	0.65306	0.06410	0.03036	0.01237	0.00394	0.00562	0.02755	0.00900	0.00787
2	0.01830	0.01723	0.02907	0.63609	0.06675	0.02153	0.02692	0.02476	0.01938	0.02476	0.01723	0.02584	0.01292	0.00969	0.00969	0.00323	0.01292	0.00861	0.00431	0.01077
3	0.03553	0.08666	0.02899	0.02442	0.02963	0.58242	0.01859	0.03807	0.02696	0.02366	0.01488	0.01735	0.01248	0.00988	0.00857	0.00247	0.01701	0.00617	0.00494	0.01131
4	0.01743	0.01150	0.01607	0.01781	0.02038	0.01136	0.01553	0.02185	0.02267	0.06660	0.05046	0.10435	0.05371	0.02581	0.01315	0.00437	0.00888	0.49953	0.00912	0.00942
5	0.01313	0.01100	0.01187	0.01086	0.01484	0.00906	0.00826	0.01617	0.02251	0.02877	0.15301	0.07885	0.43444	0.02115	0.01078	0.00295	0.00522	0.01773	0.00871	0.12069
6	0.01192	0.00984	0.01046	0.01030	0.01337	0.00838	0.00773	0.01480	0.02318	0.02877	0.19931	0.08901	0.49225	0.02358	0.01145	0.00323	0.00484	0.01986	0.00934	0.00838
7	0.01286	0.00970	0.01188	0.01169	0.01404	0.00872	0.00863	0.01649	0.02488	0.03363	0.39076	0.14859	0.22787	0.02241	0.01155	0.00322	0.00479	0.01956	0.01000	0.00872
8	0.02010	0.01723	0.02010	0.01436	0.02297	0.01292	0.01148	0.02440	0.02010	0.03158	0.01723	0.02010	0.01436	0.00718	0.00718	0.00144	0.00718	0.00574	0.00574	0.71863
9	0.01944	0.05013	0.60917	0.02762	0.04195	0.02251	0.03581	0.03069	0.02046	0.03069	0.01739	0.02046	0.01228	0.00921	0.00921	0.00307	0.01432	0.00716	0.00409	0.01432
10	0.01562	0.01116	0.01562	0.01785	0.02008	0.01116	0.01562	0.02008	0.02231	0.02900	0.05132	0.10933	0.05578	0.02677	0.01339	0.00446	0.00892	0.53369	0.00892	0.00892
11	0.01181	0.00983	0.01031	0.01019	0.01331	0.00833	0.00765	0.01460	0.02294	0.02819	0.17658	0.08997	0.51535	0.02380	0.01145	0.00324	0.00486	0.01999	0.00926	0.00833
12	0.72785	0.01874	0.01425	0.01275	0.01874	0.02174	0.01050	0.02849	0.01649	0.04348	0.01350	0.01574	0.01050	0.00900	0.00600	0.00300	0.00750	0.00525	0.00600	0.01050
13	0.03735	0.02634	0.02858	0.02191	0.02965	0.02885	0.01810	0.52703	0.04421	0.10258	0.02441	0.02401	0.01705	0.01166	0.00970	0.00292	0.01048	0.00880	0.00987	0.01648
14	0.01312	0.00988	0.01213	0.01157	0.01411	0.00889	0.00868	0.01714	0.02603	0.03553	0.46355	0.07788	0.22379	0.02106	0.01144	0.00311	0.00466	0.01830	0.01023	0.00889
15	0.01341	0.00990	0.01253	0.01187	0.01429	0.00901	0.00890	0.01770	0.02671	0.03715	0.52690	0.07522	0.15943	0.02045	0.01143	0.00308	0.00462	0.01792	0.01044	0.00901
16	0.72785	0.01874	0.01425	0.01275	0.01874	0.02174	0.01050	0.02849	0.01649	0.04348	0.01350	0.01574	0.01050	0.00900	0.00600	0.00300	0.00750	0.00525	0.00600	0.01050
17	0.01356	0.00990	0.01274	0.01203	0.01438	0.00908	0.00902	0.01798	0.02706	0.03798	0.55931	0.07385	0.12651	0.02014	0.01143	0.00306	0.00460	0.01773	0.01055	0.00908
18	0.01385	0.01038	0.01558	0.01558	0.01731	0.01211	0.01211	0.01731	0.01558	0.02250	0.02596	0.03808	0.02423	0.07269	0.62098	0.01558	0.02596	0.01038	0.00519	0.00865
19	0.03620	0.04619	0.02747	0.02497	0.02996	0.62047	0.01873	0.03870	0.02747	0.02372	0.01498	0.01748	0.01248	0.00999	0.00874	0.00250	0.01748	0.00624	0.00499	0.01124
20	0.72785	0.01874	0.01425	0.01275	0.01874	0.02174	0.01050	0.02849	0.01649	0.04348	0.01350	0.01574	0.01050	0.00900	0.00600	0.00300	0.00750	0.00525	0.00600	0.01050
21	0.02399	0.02303	0.03934	0.05949	0.59893	0.02303	0.02974	0.02974	0.02207	0.03166	0.01823	0.02399	0.01535	0.00864	0.00960	0.00288	0.01151	0.00864	0.00480	0.01535
22	0.02095	0.01751	0.01919	0.01744	0.02195	0.01956	0.01346	0.04142	0.41322	0.04003	0.20776	0.04716	0.04837	0.01517	0.01034	0.00321	0.00673	0.01295	0.01011	0.01346
23	0.01409	0.00940	0.01057	0.01057	0.01057	0.00940	0.00587	0.01409	0.01409	0.01879	0.03054	0.06342	0.03524	0.65938	0.04933	0.00940	0.00940	0.01409	0.00587	0.00587
24	0.03469	0.04375	0.02649	0.02411	0.02892	0.57938	0.01808	0.03733	0.02746	0.02474	0.05389	0.02117	0.01779	0.01065	0.00892	0.00253	0.01661	0.00700	0.00538	0.01110
25	0.02333	0.02417	0.04411	0.03302	0.04122	0.02436	0.36036	0.03863	0.23001	0.03457	0.02697	0.02986	0.02022	0.01002	0.01085	0.00328	0.01312	0.01126	0.00674	0.01391
26	0.01372	0.00991	0.01296	0.01219	0.01448	0.00914	0.00914	0.01829	0.02743	0.03887	0.59381	0.07240	0.09145	0.01981	0.01143	0.00305	0.00457	0.01753	0.01067	0.00914
27	0.01944	0.05013	0.60917	0.02762	0.04195	0.02251	0.03581	0.03069	0.02046	0.03069	0.01739	0.02046	0.01228	0.00921	0.00921	0.00307	0.01432	0.00716	0.00409	0.01432
28	0.01172	0.00983	0.01019	0.01010	0.01326	0.00830	0.00758	0.01443	0.02273	0.02770	0.15733	0.09078	0.53490	0.02398	0.01145	0.00325	0.00487	0.02011	0.00920	0.00830
29	0.02399	0.02303	0.03934	0.05949	0.59893	0.02303	0.02974	0.02974	0.02207	0.03166	0.01823	0.02399	0.01535	0.00864	0.00960	0.00288	0.01151	0.00864	0.00480	0.01535
30	0.02010	0.01723	0.02010	0.01436	0.02297	0.01292	0.01148	0.02440	0.02010	0.03158	0.01723	0.02010	0.01436	0.00718	0.00718	0.00144	0.00718	0.00574	0.00574	0.71863
31	0.02142	0.23832	0.43833	0.02425	0.03672	0.02736	0.02993	0.03018	0.02023	0.02828	0.01619	0.01896	0.01233	0.00893	0.00829	0.00276	0.01311	0.00656	0.00411	0.01375
32	0.01562	0.01116	0.01562	0.01785	0.02008	0.01116	0.01562	0.02008	0.02231	0.02900	0.05132	0.10933	0.05578	0.02677	0.01339	0.00446	0.00892	0.53369	0.00892	0.00892
33	0.01263	0.00986	0.01145	0.01106	0.01381	0.00868	0.00829	0.01619	0.02488	0.03279	0.35653	0.08239	0.33252	0.02208	0.01144	0.00316	0.00473	0.01893	0.00987	0.00868
34	0.72785	0.01874	0.01425	0.01275	0.01874	0.02174	0.01050	0.02849	0.01649	0.04348	0.01350	0.01574	0.01050	0.00900	0.00600	0.00300	0.00750	0.00525	0.00600	0.01050
35	0.02315	0.02161	0.02792	0.02392	0.02578	0.02849	0.01968	0.07475	0.14227	0.03026	0.01949	0.02467	0.01675	0.01568	0.02513	0.00392	0.44941	0.00905	0.00593	0.01214
36	0.01385	0.01038	0.01558	0.01558	0.01731	0.01211	0.01211	0.01731	0.01558	0.02250	0.02596	0.03808	0.02423	0.07269	0.62098	0.01558	0.02596	0.01038	0.00519	0.00865
37	0.01181	0.00843	0.01125	0.01350	0.01406	0.00787	0.00900	0.01350	0.01856	0.02474	0.05342	0.65306	0.06410	0.03036	0.01237	0.00394	0.00562	0.02755	0.00900	0.00787
38	0.19912	0.01701	0.02062	0.01622	0.02338	0.01595	0.01339	0.04297	0.02518	0.47780	0.03261	0.02907	0.02092	0.01131	0.00889	0.00300	0.00808	0.00872	0.01063	0.01513
39	0.01944	0.05013	0.60917	0.02762	0.04195	0.02251	0.03581	0.03069	0.02046	0.03069	0.01739	0.02046	0.01228	0.00921	0.00921	0.00307	0.01432	0.00716	0.00409	0.01432
40	0.01402	0.00970	0.01209	0.01209	0.01262	0.01022	0.00777	0.01507	0.01454	0.01992	0.02915	0.05573	0.03189	0.48125	0.22289	0.01127	0.01443	0.01297	0.00567	0.00672
41	0.03840	0.02465	0.02754	0.02111	0.02881	0.02635	0.01744	0.44488	0.04139	0.18871	0.02678	0.02555	0.01824	0.01172	0.00971	0.00293	0.01010	0.00897	0.01023	0.01649
42	0.01145	0.00982	0.00982	0.00982	0.01309	0.00818	0.00736	0.01391	0.02209	0.02618	0.09818	0.09327	0.59499	0.02455	0.01145	0.00327	0.00491	0.02045	0.00900	0.00818
43	0.03212	0.02480	0.02643	0.02134	0.02826	0.02785	0.01728	0.37559	0.24428	0.05347	0.02927	0.02805	0.02134	0.01220	0.00976	0.00305	0.00955	0.00955	0.00976	0.01606
44	0.01385	0.01038	0.01558	0.01558	0.01731	0.01211	0.01211	0.01731	0.01558	0.02250	0.02596	0.03808	0.02423	0.07269	0.62098	0.01558	0.02596	0.01038	0.00519	0.00865
45	0.02194	0.02094	0.03564	0.26697	0.40744	0.02249	0.02873	0.02795	0.02110	0.02918	0.01787	0.02465	0.01448	0.00901	0.00963	0.00300	0.01202	0.00863	0.00462	0.01370
46	0.02010	0.01723	0.02010	0.01436	0.02297	0.01292	0.01148	0.02440	0.02010	0.03158	0.01723	0.02010	0.01436	0.00718	0.00718	0.00144	0.00718	0.00574	0.00574	0.71863
47	0.01385	0.00984	0.01244	0.01179	0.01415	0.00906	0.00884	0.01826	0.02653	0.03771	0.51690	0.07146	0.12518	0.01958	0.01111	0.00301	0.00459	0.01716	0.05945	0.00906
48	0.11271	0.02532	0.03243	0.04030	0.31872	0.06517	0.02327	0.19320	0.02890	0.04147	0.01898	0.02235	0.01492	0.00968	0.00914	0.00288	0.01118	0.00810	0.00644	0.01484
49	0.02120	0.02120	0.02969	0.02545	0.02545	0.02969	0.02120	0.02332	0.01484	0.02332	0.01272	0.02120	0.01272	0.01696	0.03181	0.00424	0.64165	0.00848	0.00424	0.01060
50	0.72785	0.01874	0.01425	0.01275	0.01874	0.02174	0.01050	0.02849	0.01649	0.04348	0.01350	0.01574	0.01050	0.00900	0.00600	0.00300	0.00750	0.00525	0.00600	0.01050
51	0.01976	0.01871	0.03170	0.48834	0.20311	0.02192	0.02764	0.02604	0.02007	0.02653	0.01748	0.02537	0.01354	0.00942	0.00967	0.00314	0.01256	0.00862	0.00443	0.01194
52	0.02883	0.01695	0.02099	0.01543	0.02363	0.01341	0.01251	0.03293	0.02295	0.24584	0.02507	0.02491	0.01795	0.00898	0.00814	0.00202	0.00758	0.00724	0.00808	0.45656
53	0.72785	0.01874	0.01425	0.01275	0.01874	0.02174	0.01050	0.02849	0.01649	0.04348	0.01350	0.01574	0.01050	0.00900	0.00600	0.00300	0.00750	0.00525	0.00600	0.01050
54	0.01154	0.00950	0.01014	0.01065	0.01331	0.00811	0.00774	0.01382	0.02129	0.02585	0.08800	0.22058	0.47426	0.02587	0.01166	0.00342	0.00507	0.02207	0.00900	0.00811
55	0.57166	0.01912	0.01667	0.01419	0.02055	0.02135	0.01170	0.07598	0.02054	0.12600	0.01788	0.01886	0.01294	0.00965	0.00685	0.00299	0.00787	0.00619	0.00717	0.01186
56	0.19957	0.01767	0.02102	0.01653	0.02370	0.01695	0.01365	0.07540	0.02628	0.44306	0.03164	0.02844	0.02044	0.01129	0.00889	0.00299	0.00823	0.00865	0.01048	0.01512

[dist]
# distance from previous block
# <min> <max>
0	3

[block]
# block no. 4 follows, 16 sequences, length 7
# corresponding to MSA columns:
# 226-232
name=unknown_E
#
# <colnr> <probs for GDERKNQSTAVLIFYWHMCP>
#	G	D	E	R	K	N	Q	S	T	A	V	L	I	F	Y	W	H	M	C	P
0	0.09958	0.02918	0.12038	0.02184	0.03047	0.02676	0.02013	0.38721	0.03734	0.09927	0.02264	0.02291	0.01586	0.01103	0.00927	0.00295	0.01076	0.00823	0.00864	0.01557
1	0.02045	0.01941	0.03294	0.41876	0.26734	0.02210	0.02798	0.02664	0.02039	0.02736	0.01761	0.02514	0.01384	0.00929	0.00965	0.00310	0.01239	0.00862	0.00449	0.01249
2	0.01409	0.00940	0.01057	0.01057	0.01057	0.00940	0.00587	0.01409	0.01409	0.01879	0.03054	0.06342	0.03524	0.65938	0.04933	0.00940	0.00940	0.01409	0.00587	0.00587
3	0.01182	0.00983	0.01032	0.01020	0.01331	0.00834	0.00765	0.01461	0.02295	0.02822	0.17784	0.08992	0.51407	0.02379	0.01145	0.00324	0.00486	0.01998	0.00927	0.00834
4	0.02010	0.01723	0.02010	0.01436	0.02297	0.01292	0.01148	0.02440	0.02010	0.03158	0.01723	0.02010	0.01436	0.00718	0.00718	0.00144	0.00718	0.00574	0.00574	0.71863
5	0.01181	0.00843	0.01125	0.01350	0.01406	0.00787	0.00900	0.01350	0.01856	0.02474	0.05342	0.65306	0.06410	0.03036	0.01237	0.00394	0.00562	0.02755	0.00900	0.00787
6	0.02399	0.02303	0.03934	0.05949	0.59893	0.02303	0.02974	0.02974	0.02207	0.03166	0.01823	0.02399	0.01535	0.00864	0.00960	0.00288	0.01151	0.00864	0.00480	0.01535

[dist]
# distance from previous block
# <min> <max>
0	0

# created by:
# /st0/software/busco_prod/Augustus/scripts/msa2prfl.pl ./align_prep/6774.fa
