[name]
unknown

[dist]
# distance from previous block
# <min> <max>
1	272

[block]
# block no. 0 follows, 9 sequences, length 56
# corresponding to MSA columns:
# 1305-1360
name=unknown_A
#
# <colnr> <probs for GDERKNQSTAVLIFYWHMCP>
#	G	D	E	R	K	N	Q	S	T	A	V	L	I	F	Y	W	H	M	C	P
0	0.03809	0.02564	0.04225	0.03197	0.04110	0.02460	0.16897	0.12107	0.03488	0.19938	0.03874	0.11070	0.03115	0.01641	0.01327	0.00398	0.01378	0.01572	0.01081	0.01750
1	0.02604	0.02487	0.02533	0.02332	0.02722	0.08622	0.01802	0.03978	0.18210	0.03902	0.09652	0.12464	0.08933	0.02202	0.01800	0.00426	0.11174	0.01725	0.01004	0.01431
2	0.03951	0.04073	0.26405	0.02766	0.04107	0.02266	0.03067	0.04868	0.03005	0.28138	0.03492	0.03341	0.02273	0.01321	0.01178	0.00377	0.01390	0.01054	0.01013	0.01917
3	0.02272	0.02138	0.03609	0.54825	0.08287	0.02673	0.03341	0.03074	0.02406	0.03074	0.02138	0.03208	0.01604	0.01203	0.01203	0.00401	0.01604	0.01069	0.00535	0.01337
4	0.02802	0.23352	0.24191	0.03395	0.04767	0.03535	0.14621	0.03751	0.02587	0.03486	0.02065	0.02518	0.01611	0.01070	0.01089	0.00345	0.01676	0.00946	0.00537	0.01657
5	0.02272	0.02138	0.03609	0.54825	0.08287	0.02673	0.03341	0.03074	0.02406	0.03074	0.02138	0.03208	0.01604	0.01203	0.01203	0.00401	0.01604	0.01069	0.00535	0.01337
6	0.01703	0.01230	0.01608	0.01514	0.01797	0.01135	0.01135	0.02270	0.03406	0.04825	0.49577	0.08987	0.11352	0.02460	0.01419	0.00378	0.00568	0.02176	0.01324	0.01135
7	0.01735	0.01226	0.01614	0.01614	0.01718	0.01330	0.01105	0.01943	0.01839	0.02556	0.03515	0.06347	0.03712	0.34103	0.28832	0.01538	0.02164	0.01526	0.00688	0.00896
8	0.03836	0.32881	0.04901	0.02563	0.03394	0.28099	0.02188	0.04185	0.02913	0.02886	0.01763	0.02046	0.01547	0.01131	0.00924	0.00283	0.01715	0.00707	0.00566	0.01472
9	0.02857	0.01445	0.01831	0.01693	0.02120	0.01285	0.01247	0.03146	0.02711	0.19612	0.06722	0.22552	0.14283	0.10319	0.02036	0.00526	0.00858	0.02243	0.01192	0.01321
10	0.01451	0.01107	0.01335	0.01517	0.01704	0.00991	0.01047	0.01693	0.02456	0.03133	0.08556	0.41220	0.22426	0.03519	0.01496	0.00460	0.00667	0.03115	0.01117	0.00991
11	0.01830	0.01107	0.01503	0.01523	0.01648	0.01050	0.01055	0.01748	0.02211	0.02949	0.13841	0.13399	0.11426	0.03613	0.03127	0.33679	0.00838	0.01820	0.00853	0.00781
12	0.02561	0.01856	0.02522	0.02287	0.02581	0.02189	0.01817	0.07162	0.02501	0.08247	0.03447	0.11391	0.03278	0.05135	0.23760	0.01083	0.14531	0.01507	0.00827	0.01315
13	0.01591	0.01204	0.01468	0.01447	0.01740	0.01081	0.01068	0.02037	0.03074	0.04145	0.33271	0.15685	0.22209	0.02794	0.01434	0.00400	0.00596	0.02437	0.01238	0.01081
14	0.02495	0.02138	0.02495	0.01782	0.02851	0.01604	0.01426	0.03029	0.02495	0.03921	0.02138	0.02495	0.01782	0.00891	0.00891	0.00178	0.00891	0.00713	0.00713	0.65072
15	0.01693	0.01282	0.01843	0.08293	0.02632	0.01395	0.01470	0.02021	0.02111	0.02871	0.04503	0.25409	0.04964	0.12904	0.19788	0.01070	0.01743	0.02161	0.00828	0.01020
16	0.02620	0.04779	0.29959	0.04225	0.05731	0.02915	0.24521	0.03831	0.02685	0.03831	0.02292	0.02882	0.01670	0.01081	0.01277	0.00393	0.01899	0.01146	0.00557	0.01703
17	0.01524	0.01071	0.01379	0.01601	0.01657	0.01016	0.01037	0.01690	0.02190	0.02920	0.06050	0.46892	0.07224	0.14809	0.02475	0.00627	0.00794	0.03078	0.01037	0.00926
18	0.02413	0.06223	0.51483	0.03429	0.05207	0.02794	0.04445	0.03810	0.02540	0.03810	0.02159	0.02540	0.01524	0.01143	0.01143	0.00381	0.01778	0.00889	0.00508	0.01778
19	0.02404	0.02273	0.03847	0.45972	0.16110	0.02708	0.03407	0.03189	0.02468	0.03234	0.02162	0.03165	0.01660	0.01178	0.01201	0.00393	0.01571	0.01070	0.00546	0.01443
20	0.01642	0.01141	0.01439	0.01608	0.01680	0.01108	0.01079	0.01818	0.02152	0.02856	0.05485	0.31733	0.06413	0.24800	0.03347	0.00763	0.00938	0.08137	0.00964	0.00898
21	0.02328	0.01823	0.01718	0.01699	0.02027	0.06865	0.01247	0.06702	0.02878	0.03961	0.05686	0.23221	0.10978	0.02436	0.01224	0.00381	0.00862	0.02073	0.20715	0.01176
22	0.01811	0.01379	0.02193	0.02047	0.02250	0.01317	0.07224	0.01980	0.02146	0.02870	0.04748	0.30590	0.05446	0.15913	0.03029	0.09780	0.01040	0.02420	0.00872	0.00945
23	0.01729	0.01247	0.01720	0.01720	0.01861	0.01388	0.01238	0.02012	0.01870	0.02635	0.03418	0.05806	0.03477	0.25733	0.36880	0.01670	0.02517	0.01447	0.00674	0.00956
24	0.57660	0.02472	0.02024	0.01747	0.02522	0.02842	0.01440	0.09458	0.02548	0.05701	0.01844	0.02084	0.01406	0.01162	0.00808	0.00371	0.00985	0.00711	0.00808	0.01406
25	0.26982	0.01611	0.01539	0.01487	0.01881	0.01727	0.01105	0.02675	0.02379	0.04413	0.12740	0.12322	0.04947	0.09658	0.01753	0.00489	0.00810	0.01566	0.08794	0.01120
26	0.02320	0.01288	0.01740	0.01828	0.02096	0.01183	0.01338	0.02619	0.02587	0.12933	0.06218	0.41480	0.06829	0.03256	0.01483	0.00472	0.00809	0.07120	0.01192	0.01210
27	0.01499	0.01073	0.01426	0.01652	0.01753	0.01000	0.01119	0.01760	0.02460	0.03320	0.12720	0.50134	0.08439	0.03584	0.01519	0.00473	0.00680	0.03244	0.01146	0.01000
28	0.02243	0.01121	0.01121	0.01121	0.01402	0.01121	0.00841	0.02803	0.02523	0.04486	0.03925	0.04486	0.03084	0.01402	0.00841	0.00280	0.00561	0.01121	0.64396	0.01121
29	0.11195	0.01665	0.02091	0.01918	0.02458	0.01569	0.01503	0.03764	0.02804	0.23696	0.05193	0.23137	0.04918	0.02429	0.01314	0.00432	0.00909	0.06295	0.01227	0.01484
30	0.03217	0.58441	0.06305	0.02059	0.03088	0.04761	0.02059	0.03603	0.02445	0.02831	0.01673	0.01930	0.01544	0.01029	0.00772	0.00257	0.01287	0.00643	0.00515	0.01544
31	0.04675	0.02377	0.02844	0.02216	0.03068	0.02358	0.01819	0.19402	0.04082	0.29538	0.03989	0.03732	0.02670	0.01461	0.01157	0.00356	0.01063	0.01154	0.10121	0.01919
32	0.01896	0.01482	0.01613	0.01544	0.01848	0.01489	0.01083	0.02765	0.11760	0.03516	0.12978	0.08486	0.19276	0.21601	0.03009	0.00666	0.00867	0.01974	0.01034	0.01115
33	0.01466	0.01047	0.01396	0.01675	0.01745	0.00977	0.01117	0.01675	0.02304	0.03071	0.06631	0.56931	0.07958	0.03769	0.01536	0.00489	0.00698	0.03420	0.01117	0.00977
34	0.45162	0.02230	0.02123	0.01776	0.02585	0.02377	0.01464	0.04342	0.02531	0.21199	0.02738	0.02696	0.01883	0.01246	0.00906	0.00372	0.00963	0.00845	0.01002	0.01561
35	0.01566	0.01192	0.01441	0.01447	0.01731	0.01067	0.01059	0.01981	0.02982	0.03981	0.29292	0.18784	0.23312	0.02897	0.01442	0.00408	0.00606	0.02527	0.01218	0.01067
36	0.01698	0.01173	0.01424	0.01426	0.01532	0.01132	0.00917	0.01919	0.02387	0.03280	0.19866	0.14330	0.07214	0.32061	0.03940	0.00812	0.00903	0.02103	0.00982	0.00899
37	0.02993	0.02585	0.02721	0.02448	0.03129	0.02993	0.01904	0.06393	0.48038	0.05033	0.04897	0.04489	0.03673	0.01632	0.01224	0.00408	0.00952	0.01360	0.01224	0.01904
38	0.03100	0.02269	0.02567	0.02215	0.02775	0.02418	0.01722	0.24692	0.04187	0.05643	0.10793	0.22299	0.05394	0.02386	0.01348	0.00407	0.01002	0.02040	0.01191	0.01550
39	0.01466	0.01047	0.01396	0.01675	0.01745	0.00977	0.01117	0.01675	0.02304	0.03071	0.06631	0.56931	0.07958	0.03769	0.01536	0.00489	0.00698	0.03420	0.01117	0.00977
40	0.02495	0.02138	0.02495	0.01782	0.02851	0.01604	0.01426	0.03029	0.02495	0.03921	0.02138	0.02495	0.01782	0.00891	0.00891	0.00178	0.00891	0.00713	0.00713	0.65072
41	0.01622	0.01167	0.01535	0.01569	0.01779	0.01081	0.01129	0.02066	0.03027	0.04223	0.34839	0.25440	0.10187	0.02909	0.01459	0.00416	0.00612	0.02603	0.01253	0.01081
42	0.02272	0.02138	0.03609	0.54825	0.08287	0.02673	0.03341	0.03074	0.02406	0.03074	0.02138	0.03208	0.01604	0.01203	0.01203	0.00401	0.01604	0.01069	0.00535	0.01337
43	0.01744	0.01189	0.01511	0.01482	0.01735	0.01111	0.01092	0.02260	0.03127	0.04529	0.37152	0.15160	0.09723	0.02499	0.01355	0.00380	0.00585	0.02206	0.10048	0.01111
44	0.15734	0.01612	0.01866	0.01756	0.02201	0.01595	0.01341	0.03196	0.02615	0.15022	0.09405	0.17848	0.05243	0.09185	0.01865	0.00516	0.00906	0.05698	0.01102	0.01295
45	0.11472	0.01744	0.01883	0.01694	0.02147	0.01822	0.01312	0.10696	0.03341	0.05173	0.20371	0.10798	0.06154	0.01996	0.01177	0.00365	0.00772	0.01666	0.14105	0.01310
46	0.03910	0.02392	0.04304	0.03229	0.04166	0.02169	0.18931	0.04559	0.03066	0.26642	0.04075	0.10304	0.03144	0.01586	0.01332	0.00400	0.01376	0.01566	0.01099	0.01749
47	0.02252	0.01839	0.02078	0.02074	0.02458	0.02015	0.01522	0.04105	0.25859	0.04082	0.05738	0.29921	0.05751	0.02669	0.01375	0.00447	0.00829	0.02359	0.01172	0.01455
48	0.02721	0.01853	0.02328	0.09262	0.03214	0.01968	0.01729	0.08721	0.09567	0.09521	0.12847	0.15628	0.05361	0.02103	0.01280	0.00396	0.00935	0.01819	0.07300	0.01449
49	0.03113	0.02245	0.03193	0.29362	0.05774	0.02578	0.02617	0.04575	0.15421	0.13428	0.03445	0.03749	0.02465	0.01382	0.01210	0.00397	0.01302	0.01180	0.00923	0.01641
50	0.10064	0.01366	0.01662	0.01713	0.02011	0.01319	0.01234	0.02561	0.02547	0.10342	0.10168	0.37702	0.06777	0.02983	0.01380	0.00446	0.00760	0.02636	0.01145	0.01186
51	0.15209	0.01482	0.01643	0.01555	0.01954	0.01459	0.01170	0.02591	0.02604	0.08450	0.15934	0.12808	0.14643	0.02613	0.01732	0.09364	0.00776	0.01843	0.01042	0.01128
52	0.11167	0.01545	0.01996	0.12494	0.03183	0.01707	0.01666	0.02538	0.02208	0.03432	0.03382	0.05990	0.03289	0.09205	0.02444	0.12560	0.01104	0.09496	0.09566	0.01028
53	0.03764	0.02633	0.03115	0.09889	0.03961	0.02884	0.02173	0.25037	0.08582	0.11450	0.03727	0.10739	0.03078	0.01757	0.01252	0.00390	0.01203	0.01448	0.01134	0.01784
54	0.02056	0.01379	0.01768	0.01724	0.02097	0.01192	0.01241	0.02390	0.02552	0.07770	0.09654	0.36401	0.06567	0.02848	0.01363	0.00404	0.00755	0.02546	0.01088	0.14206
55	0.03177	0.01893	0.02465	0.09412	0.03393	0.01807	0.01755	0.07570	0.03057	0.17818	0.05143	0.15357	0.09333	0.02020	0.01257	0.00376	0.00998	0.01725	0.01097	0.10347

[dist]
# distance from previous block
# <min> <max>
0	62

[block]
# block no. 1 follows, 9 sequences, length 40
# corresponding to MSA columns:
# 1481-1520
name=unknown_B
#
# <colnr> <probs for GDERKNQSTAVLIFYWHMCP>
#	G	D	E	R	K	N	Q	S	T	A	V	L	I	F	Y	W	H	M	C	P
0	0.13123	0.01658	0.02336	0.20727	0.04114	0.01913	0.01915	0.02446	0.01951	0.03010	0.02036	0.03204	0.01780	0.02585	0.02767	0.30708	0.01226	0.00986	0.00565	0.00949
1	0.42417	0.02337	0.02167	0.01841	0.02561	0.02599	0.01491	0.10859	0.02757	0.10122	0.02245	0.02520	0.01689	0.01545	0.01302	0.07405	0.01020	0.00826	0.00876	0.01422
2	0.10614	0.01883	0.02567	0.02491	0.07403	0.01776	0.06219	0.02623	0.02374	0.03588	0.04705	0.11572	0.11236	0.12663	0.02140	0.00514	0.01058	0.01653	0.00814	0.12107
3	0.10929	0.02296	0.02991	0.08617	0.03451	0.02801	0.02169	0.02957	0.02218	0.03635	0.06978	0.03278	0.02644	0.01699	0.02400	0.00415	0.26578	0.01065	0.00675	0.12201
4	0.03168	0.02643	0.03376	0.02469	0.03524	0.02420	0.06917	0.16257	0.03497	0.05026	0.02401	0.02703	0.01867	0.01074	0.01048	0.00261	0.01157	0.00909	0.00850	0.38433
5	0.01562	0.01123	0.01530	0.01707	0.01808	0.01136	0.01180	0.01808	0.02149	0.02923	0.05441	0.38140	0.06285	0.10649	0.15591	0.00940	0.01413	0.02687	0.00953	0.00978
6	0.04181	0.02372	0.03236	0.14321	0.04378	0.02564	0.02328	0.11735	0.03374	0.26332	0.03416	0.03493	0.02321	0.01499	0.01572	0.00397	0.08460	0.01135	0.01096	0.01789
7	0.36209	0.02238	0.02632	0.26567	0.05123	0.02687	0.02260	0.03320	0.02216	0.04308	0.01893	0.02543	0.01444	0.01157	0.00960	0.00386	0.01247	0.00848	0.00646	0.01319
8	0.03072	0.24518	0.27045	0.02823	0.04193	0.03662	0.03218	0.10985	0.03039	0.04103	0.02109	0.02380	0.01621	0.01154	0.01020	0.00333	0.01524	0.00834	0.00629	0.01740
9	0.02764	0.03021	0.05850	0.04371	0.05142	0.03278	0.30024	0.03503	0.02475	0.03503	0.02121	0.03021	0.01735	0.01414	0.02346	0.00450	0.21609	0.01286	0.00578	0.01510
10	0.01501	0.01099	0.01411	0.01594	0.01740	0.01009	0.01096	0.01783	0.02544	0.03392	0.14630	0.43392	0.13455	0.03460	0.01502	0.00460	0.00665	0.03104	0.01152	0.01009
11	0.09094	0.02270	0.01912	0.01762	0.02062	0.10476	0.01217	0.06647	0.02505	0.03454	0.03173	0.05480	0.03227	0.31237	0.03710	0.00772	0.01267	0.01344	0.07325	0.01064
12	0.03217	0.58441	0.06305	0.02059	0.03088	0.04761	0.02059	0.03603	0.02445	0.02831	0.01673	0.01930	0.01544	0.01029	0.00772	0.00257	0.01287	0.00643	0.00515	0.01544
13	0.02171	0.01573	0.01934	0.01931	0.02238	0.01592	0.01456	0.10505	0.03205	0.04317	0.13281	0.32427	0.07261	0.03034	0.01468	0.00454	0.00851	0.07904	0.01168	0.01229
14	0.01458	0.01076	0.01366	0.01597	0.01725	0.00984	0.01082	0.01684	0.02379	0.03102	0.07582	0.49175	0.15101	0.03646	0.01516	0.00475	0.00683	0.03270	0.01117	0.00984
15	0.09644	0.01239	0.01460	0.01428	0.01631	0.01273	0.01023	0.02252	0.02115	0.03506	0.07768	0.04289	0.03308	0.02787	0.02705	0.30670	0.00832	0.01145	0.20063	0.00863
16	0.02388	0.01298	0.01741	0.01759	0.02053	0.01178	0.01267	0.02703	0.02709	0.14175	0.11921	0.38577	0.07281	0.03078	0.01446	0.00448	0.00754	0.02754	0.01229	0.01241
17	0.02813	0.01585	0.01970	0.01836	0.02193	0.01541	0.01349	0.07325	0.02784	0.14233	0.04914	0.19812	0.05007	0.19636	0.02858	0.00665	0.01023	0.06100	0.01089	0.01267
18	0.01733	0.01300	0.01665	0.01858	0.02153	0.01231	0.01543	0.02177	0.02714	0.03440	0.08166	0.17379	0.20047	0.03285	0.01576	0.00502	0.00915	0.26139	0.01112	0.01067
19	0.02208	0.01589	0.01887	0.01875	0.02137	0.01626	0.01330	0.11774	0.02990	0.03995	0.05405	0.38155	0.06141	0.10424	0.02071	0.00550	0.00902	0.02668	0.01085	0.01186
20	0.16956	0.01611	0.01838	0.01736	0.02209	0.01588	0.01314	0.03331	0.02578	0.16861	0.04789	0.25853	0.04708	0.02357	0.01213	0.00413	0.00827	0.02007	0.06457	0.01355
21	0.18421	0.02210	0.02525	0.02075	0.02857	0.02228	0.01713	0.11635	0.03443	0.25186	0.07646	0.04653	0.03492	0.01641	0.01161	0.00387	0.01023	0.04761	0.01224	0.01719
22	0.04241	0.01934	0.02514	0.02040	0.02790	0.01788	0.01643	0.05120	0.09371	0.34447	0.14925	0.05256	0.04968	0.01728	0.01259	0.00378	0.00911	0.01449	0.01417	0.01822
23	0.01890	0.01454	0.01719	0.01616	0.01958	0.01440	0.01200	0.02855	0.10799	0.04422	0.32756	0.08461	0.14506	0.07468	0.01818	0.00460	0.00694	0.02046	0.01225	0.01214
24	0.03150	0.01651	0.02101	0.01905	0.02342	0.01614	0.01413	0.03847	0.10383	0.18838	0.04647	0.16450	0.04218	0.08292	0.02390	0.11539	0.00956	0.01764	0.01115	0.01383
25	0.02904	0.01723	0.02108	0.01866	0.02255	0.01760	0.01370	0.10209	0.02835	0.12815	0.04017	0.10809	0.03840	0.23242	0.11936	0.00937	0.01472	0.01624	0.00983	0.01295
26	0.02719	0.02121	0.02186	0.02109	0.02511	0.06965	0.01556	0.07786	0.10757	0.08265	0.05287	0.31885	0.05499	0.02694	0.01372	0.00433	0.00986	0.02352	0.01128	0.01388
27	0.02522	0.02146	0.02658	0.09583	0.07452	0.07220	0.02010	0.02793	0.02223	0.03098	0.02431	0.03459	0.02130	0.02866	0.07734	0.15183	0.10808	0.01063	0.11478	0.01143
28	0.02985	0.02554	0.02275	0.02125	0.02583	0.13206	0.01633	0.07564	0.03098	0.08414	0.05499	0.11801	0.11877	0.09705	0.01979	0.00511	0.01247	0.08657	0.00998	0.01287
29	0.01548	0.01129	0.01458	0.01576	0.01754	0.01038	0.01106	0.01897	0.02744	0.03726	0.22780	0.35440	0.12889	0.03228	0.01483	0.00441	0.00643	0.02889	0.01193	0.01038
30	0.03287	0.29374	0.04490	0.02210	0.03159	0.14705	0.01926	0.03701	0.02679	0.03188	0.01857	0.02156	0.01618	0.01035	0.00879	0.00245	0.01366	0.00694	0.00599	0.20832
31	0.03168	0.01679	0.02186	0.01785	0.02436	0.01443	0.01413	0.03693	0.03264	0.21296	0.25338	0.06117	0.06703	0.01842	0.01254	0.00342	0.00787	0.01578	0.01279	0.12398
32	0.37289	0.02816	0.02633	0.02139	0.02986	0.03183	0.01765	0.23557	0.03741	0.06423	0.02245	0.02393	0.01652	0.01271	0.00960	0.00367	0.01115	0.00854	0.00960	0.01652
33	0.02175	0.01706	0.01958	0.01815	0.02193	0.01809	0.01342	0.03664	0.19177	0.04473	0.25674	0.07179	0.07396	0.11613	0.02154	0.00524	0.00808	0.01810	0.01187	0.01342
34	0.01491	0.01164	0.01353	0.01426	0.01698	0.01026	0.01024	0.01815	0.02726	0.03496	0.17593	0.26033	0.28523	0.03172	0.01459	0.00428	0.00631	0.02759	0.01157	0.01026
35	0.01719	0.01289	0.01934	0.01934	0.02148	0.01504	0.01504	0.02148	0.01934	0.02793	0.03223	0.04727	0.03008	0.09024	0.52949	0.01934	0.03223	0.01289	0.00645	0.01074
36	0.02159	0.01875	0.02532	0.02285	0.02322	0.02406	0.01755	0.02356	0.01825	0.02676	0.02656	0.04876	0.02829	0.23293	0.13111	0.00997	0.27022	0.01344	0.00620	0.01064
37	0.01953	0.01135	0.01702	0.01702	0.01781	0.01214	0.01214	0.01781	0.01702	0.02348	0.02506	0.04050	0.02427	0.05960	0.22432	0.41821	0.01845	0.01135	0.00567	0.00725
38	0.01581	0.01205	0.01476	0.01614	0.01876	0.01100	0.01231	0.01941	0.02684	0.03438	0.13038	0.25557	0.23363	0.03269	0.01511	0.00462	0.00745	0.11737	0.01136	0.01037
39	0.02647	0.02521	0.04285	0.29647	0.30538	0.02772	0.03528	0.03402	0.02583	0.03529	0.02205	0.03086	0.01764	0.01133	0.01197	0.00378	0.01511	0.01071	0.00567	0.01639

[dist]
# distance from previous block
# <min> <max>
0	3

[block]
# block no. 2 follows, 9 sequences, length 44
# corresponding to MSA columns:
# 1524-1567
name=unknown_C
#
# <colnr> <probs for GDERKNQSTAVLIFYWHMCP>
#	G	D	E	R	K	N	Q	S	T	A	V	L	I	F	Y	W	H	M	C	P
0	0.30885	0.02199	0.02074	0.01876	0.02505	0.02490	0.01483	0.04297	0.18634	0.05154	0.12398	0.04260	0.04153	0.01568	0.01050	0.00386	0.00866	0.01208	0.01031	0.01483
1	0.03171	0.03743	0.06361	0.04677	0.05774	0.13011	0.37139	0.04044	0.02954	0.03672	0.02319	0.03030	0.01770	0.01059	0.01353	0.00387	0.02057	0.01291	0.00611	0.01577
2	0.02495	0.11530	0.46891	0.03290	0.04992	0.02994	0.04203	0.03789	0.02530	0.03711	0.02110	0.02478	0.01526	0.01132	0.01105	0.00368	0.01728	0.00864	0.00509	0.01754
3	0.01672	0.01171	0.01461	0.01475	0.01615	0.01115	0.00988	0.01967	0.02598	0.03590	0.24747	0.18200	0.08199	0.22303	0.03110	0.00680	0.00806	0.02274	0.01072	0.00960
4	0.01446	0.01124	0.01317	0.01472	0.01692	0.00994	0.01027	0.01698	0.02499	0.03151	0.09106	0.36738	0.26554	0.03448	0.01485	0.00452	0.00659	0.03028	0.01117	0.00994
5	0.02978	0.02859	0.04884	0.07385	0.50211	0.02859	0.03692	0.03692	0.02740	0.03931	0.02263	0.02978	0.01906	0.01072	0.01191	0.00357	0.01429	0.01072	0.00596	0.01906
6	0.01560	0.01115	0.01505	0.01783	0.01895	0.01059	0.01281	0.01839	0.02397	0.03177	0.06579	0.48260	0.07751	0.03680	0.01561	0.00502	0.00780	0.11159	0.01115	0.01003
7	0.03003	0.02330	0.02875	0.02457	0.02938	0.02732	0.01992	0.19901	0.03410	0.04726	0.02835	0.03667	0.02402	0.04921	0.24667	0.01087	0.10535	0.01170	0.00850	0.01501
8	0.01778	0.01258	0.01651	0.01741	0.01947	0.01218	0.01343	0.02197	0.02752	0.03737	0.21204	0.14441	0.08072	0.13933	0.02457	0.00609	0.00894	0.16629	0.01110	0.01031
9	0.03253	0.01521	0.02050	0.01858	0.02344	0.01354	0.01410	0.03632	0.02981	0.24703	0.12421	0.26005	0.06265	0.02552	0.01373	0.00420	0.00823	0.02244	0.01315	0.01478
10	0.02975	0.01929	0.02342	0.02028	0.02453	0.02180	0.01631	0.11667	0.03017	0.09111	0.03296	0.03890	0.02618	0.03055	0.11871	0.00675	0.09775	0.01146	0.22922	0.01418
11	0.13624	0.02668	0.02996	0.02459	0.03169	0.03024	0.02010	0.16590	0.12534	0.14671	0.03264	0.03265	0.02369	0.01547	0.01581	0.00401	0.09864	0.01093	0.01085	0.01786
12	0.03588	0.01948	0.02429	0.01987	0.02636	0.01879	0.01590	0.12331	0.03869	0.21773	0.24336	0.06032	0.06520	0.01912	0.01302	0.00373	0.00881	0.01615	0.01359	0.01641
13	0.01502	0.01075	0.01429	0.01650	0.01753	0.01002	0.01120	0.01767	0.02474	0.03342	0.13261	0.49531	0.08482	0.03567	0.01518	0.00472	0.00678	0.03228	0.01149	0.01002
14	0.02413	0.06223	0.51483	0.03429	0.05207	0.02794	0.04445	0.03810	0.02540	0.03810	0.02159	0.02540	0.01524	0.01143	0.01143	0.00381	0.01778	0.00889	0.00508	0.01778
15	0.01917	0.01377	0.01469	0.01481	0.01828	0.01357	0.01094	0.02774	0.09893	0.03853	0.07552	0.17509	0.20683	0.02496	0.01248	0.00387	0.00669	0.02123	0.19110	0.01181
16	0.02259	0.01584	0.01790	0.01677	0.01883	0.01643	0.01119	0.10642	0.02643	0.03532	0.04178	0.16686	0.04624	0.35652	0.04220	0.00869	0.01104	0.01950	0.00902	0.01043
17	0.03056	0.47997	0.15340	0.02333	0.03512	0.04367	0.02536	0.03644	0.02464	0.03027	0.01770	0.02052	0.01540	0.01052	0.00846	0.00282	0.01385	0.00692	0.00513	0.01591
18	0.02837	0.02715	0.04629	0.16873	0.41827	0.02822	0.03622	0.03569	0.02673	0.03759	0.02238	0.03024	0.01845	0.01098	0.01193	0.00366	0.01464	0.01071	0.00583	0.01792
19	0.01442	0.01142	0.01298	0.01422	0.01679	0.00999	0.01004	0.01704	0.02547	0.03171	0.09714	0.31773	0.31127	0.03369	0.01473	0.00443	0.00649	0.02932	0.01117	0.00999
20	0.02369	0.01478	0.01647	0.01543	0.01896	0.01504	0.01168	0.09214	0.03148	0.04804	0.13331	0.13593	0.05363	0.02002	0.01125	0.00346	0.00702	0.01697	0.31827	0.01244
21	0.02709	0.01571	0.01619	0.01451	0.01868	0.01643	0.01130	0.11483	0.03150	0.05105	0.03718	0.04166	0.02876	0.01410	0.00914	0.00296	0.00713	0.01114	0.51758	0.01306
22	0.04838	0.03393	0.03292	0.02621	0.03505	0.12895	0.02118	0.24213	0.04455	0.21425	0.03314	0.03155	0.02264	0.01419	0.01182	0.00355	0.01391	0.01065	0.01184	0.01916
23	0.01750	0.01166	0.01312	0.01312	0.01312	0.01166	0.00729	0.01750	0.01750	0.02333	0.03791	0.07873	0.04374	0.57717	0.06124	0.01166	0.01166	0.01750	0.00729	0.00729
24	0.28775	0.03675	0.02474	0.02247	0.02865	0.24804	0.01732	0.03906	0.02864	0.04217	0.09152	0.03136	0.02964	0.01379	0.01000	0.00345	0.01426	0.00942	0.00779	0.01318
25	0.08579	0.01626	0.01814	0.01682	0.02077	0.01674	0.01279	0.09456	0.03251	0.04912	0.20272	0.16065	0.06649	0.02229	0.01234	0.00379	0.00750	0.01903	0.12905	0.01264
26	0.03440	0.34397	0.05067	0.02533	0.03265	0.17063	0.02234	0.03784	0.02584	0.02872	0.01704	0.02123	0.01552	0.01284	0.01442	0.00321	0.11574	0.00753	0.00544	0.01463
27	0.02273	0.01356	0.01791	0.01610	0.01994	0.01233	0.01233	0.02825	0.03412	0.11959	0.42656	0.08232	0.10060	0.02310	0.01387	0.00377	0.00638	0.02027	0.01350	0.01276
28	0.01609	0.01149	0.01560	0.01839	0.01971	0.01100	0.01365	0.01922	0.02444	0.03231	0.06552	0.43827	0.07645	0.03635	0.01574	0.00508	0.00822	0.15114	0.01114	0.01017
29	0.02895	0.37534	0.24393	0.02607	0.03937	0.03973	0.03014	0.03686	0.02483	0.03223	0.01867	0.02174	0.01536	0.01075	0.00921	0.00307	0.01483	0.00742	0.00512	0.01638
30	0.05398	0.02048	0.02792	0.02141	0.03071	0.01768	0.01768	0.05863	0.03444	0.51045	0.04747	0.04095	0.02978	0.01489	0.01210	0.00372	0.01024	0.01210	0.01489	0.02048
31	0.01466	0.01047	0.01396	0.01675	0.01745	0.00977	0.01117	0.01675	0.02304	0.03071	0.06631	0.56931	0.07958	0.03769	0.01536	0.00489	0.00698	0.03420	0.01117	0.00977
32	0.03982	0.02984	0.04568	0.03409	0.04426	0.03026	0.17245	0.19513	0.08415	0.14748	0.03301	0.03412	0.02317	0.01323	0.01282	0.00383	0.01471	0.01253	0.01057	0.01886
33	0.26363	0.03482	0.02731	0.02376	0.03041	0.20008	0.01881	0.04379	0.02779	0.13447	0.02345	0.02525	0.01751	0.01332	0.01272	0.00366	0.06760	0.00846	0.00829	0.01485
34	0.04013	0.03092	0.03295	0.02655	0.03518	0.03469	0.02151	0.32094	0.20675	0.06679	0.03600	0.03456	0.02623	0.01511	0.01211	0.00378	0.01192	0.01181	0.01211	0.01996
35	0.02133	0.01307	0.01451	0.01391	0.01713	0.01316	0.01050	0.02985	0.07452	0.04658	0.19711	0.06033	0.05985	0.01789	0.01079	0.00327	0.00603	0.01508	0.36302	0.01206
36	0.12480	0.07819	0.02936	0.02295	0.02824	0.02957	0.01870	0.04326	0.20446	0.04112	0.03236	0.03590	0.02636	0.02941	0.11139	0.00690	0.10198	0.01117	0.00860	0.01527
37	0.12348	0.01905	0.02949	0.02849	0.07523	0.01873	0.10348	0.02676	0.02562	0.03881	0.09391	0.23317	0.08906	0.02330	0.01330	0.00422	0.01054	0.02141	0.00925	0.01270
38	0.01775	0.01131	0.01473	0.01543	0.01710	0.01115	0.01100	0.01974	0.02290	0.03256	0.09673	0.20420	0.09697	0.04077	0.09970	0.13560	0.01113	0.02032	0.11146	0.00944
39	0.02407	0.01365	0.01813	0.01664	0.02045	0.01238	0.01259	0.02899	0.03243	0.13816	0.33964	0.15408	0.09150	0.02467	0.01395	0.00394	0.00679	0.02174	0.01325	0.01294
40	0.04065	0.08531	0.03344	0.02517	0.03286	0.11146	0.02097	0.18291	0.03945	0.14255	0.03666	0.05053	0.03076	0.01754	0.01234	0.00383	0.01358	0.09220	0.01077	0.01701
41	0.16308	0.02310	0.02510	0.02121	0.02867	0.02464	0.01700	0.08539	0.18363	0.18136	0.08586	0.04197	0.03651	0.01558	0.01142	0.00384	0.00959	0.01237	0.01211	0.01758
42	0.03983	0.02069	0.02836	0.12659	0.03915	0.02107	0.02018	0.10671	0.03202	0.24932	0.03406	0.03644	0.02381	0.01964	0.01907	0.13325	0.01190	0.01129	0.01060	0.01600
43	0.13003	0.08308	0.04011	0.13229	0.04662	0.03021	0.10154	0.08394	0.10214	0.09184	0.02857	0.03156	0.02108	0.01259	0.01132	0.00377	0.01353	0.01088	0.00852	0.01638

[dist]
# distance from previous block
# <min> <max>
0	11

[block]
# block no. 3 follows, 9 sequences, length 38
# corresponding to MSA columns:
# 1579-1616
name=unknown_D
#
# <colnr> <probs for GDERKNQSTAVLIFYWHMCP>
#	G	D	E	R	K	N	Q	S	T	A	V	L	I	F	Y	W	H	M	C	P
0	0.04135	0.02473	0.03603	0.02774	0.03563	0.02536	0.09083	0.12158	0.03434	0.24147	0.03510	0.03572	0.02437	0.01481	0.01587	0.00388	0.08770	0.01191	0.07375	0.01785
1	0.15273	0.02153	0.02426	0.02049	0.02745	0.02214	0.01632	0.11155	0.07889	0.19957	0.08347	0.11346	0.04064	0.01836	0.01190	0.00391	0.00961	0.01500	0.01212	0.01662
2	0.02158	0.01310	0.01726	0.01682	0.01948	0.01291	0.01220	0.02461	0.02378	0.09674	0.08972	0.16530	0.09325	0.15814	0.16904	0.01002	0.01532	0.01982	0.00974	0.01119
3	0.03105	0.03598	0.05643	0.13682	0.06079	0.14078	0.28418	0.03924	0.02888	0.03510	0.02252	0.02999	0.01724	0.01099	0.01306	0.00383	0.01983	0.01212	0.00598	0.01520
4	0.01494	0.01069	0.01421	0.01656	0.01751	0.00996	0.01119	0.01746	0.02434	0.03280	0.11730	0.51239	0.08361	0.03614	0.01522	0.00476	0.00683	0.03273	0.01141	0.00996
5	0.18703	0.01936	0.02064	0.01741	0.02401	0.01922	0.01378	0.07583	0.02961	0.18621	0.05672	0.05786	0.14805	0.07356	0.01637	0.00459	0.00935	0.01462	0.01109	0.01467
6	0.02430	0.01295	0.01555	0.01429	0.01773	0.01221	0.01069	0.02923	0.02903	0.10866	0.21106	0.06458	0.06293	0.07495	0.01642	0.00419	0.00689	0.01592	0.25628	0.01216
7	0.03217	0.58441	0.06305	0.02059	0.03088	0.04761	0.02059	0.03603	0.02445	0.02831	0.01673	0.01930	0.01544	0.01029	0.00772	0.00257	0.01287	0.00643	0.00515	0.01544
8	0.02484	0.01635	0.01987	0.01775	0.02218	0.01589	0.01363	0.09666	0.03559	0.09544	0.27821	0.14414	0.12256	0.02435	0.01379	0.00393	0.00759	0.02108	0.01272	0.01342
9	0.03174	0.01696	0.02114	0.01817	0.02386	0.01565	0.01423	0.07617	0.03386	0.20495	0.17657	0.12877	0.14193	0.02290	0.01340	0.00393	0.00821	0.01951	0.01307	0.01497
10	0.01544	0.01141	0.01444	0.01542	0.01744	0.01041	0.01090	0.01899	0.02774	0.03735	0.23073	0.32188	0.16001	0.03178	0.01475	0.00435	0.00636	0.02826	0.01192	0.01041
11	0.04590	0.02548	0.03005	0.02391	0.03270	0.02613	0.01947	0.17313	0.14764	0.27806	0.04261	0.03851	0.02883	0.01511	0.01212	0.00378	0.01091	0.01210	0.01345	0.02013
12	0.02633	0.02016	0.02247	0.02077	0.02505	0.02187	0.01535	0.12930	0.15798	0.04506	0.04847	0.22168	0.04853	0.11454	0.02123	0.00548	0.00985	0.02049	0.01103	0.01435
13	0.04015	0.01973	0.02481	0.02067	0.02719	0.01882	0.01613	0.11699	0.03416	0.27814	0.04741	0.16023	0.04060	0.07544	0.01767	0.00475	0.01019	0.01733	0.01280	0.01679
14	0.03327	0.01550	0.02030	0.01822	0.02356	0.01359	0.01393	0.03673	0.02917	0.25893	0.06643	0.24429	0.12407	0.02568	0.01362	0.00420	0.00838	0.02226	0.01294	0.01492
15	0.02263	0.01833	0.02089	0.01994	0.02418	0.01982	0.01497	0.04097	0.24365	0.04533	0.18783	0.17530	0.06948	0.02358	0.01352	0.00417	0.00779	0.02066	0.01231	0.01465
16	0.02023	0.01223	0.01587	0.01604	0.01861	0.01130	0.01160	0.02429	0.02856	0.08619	0.22464	0.28228	0.08261	0.02808	0.01389	0.00414	0.00667	0.02498	0.07620	0.01157
17	0.03215	0.01793	0.02205	0.01967	0.02442	0.01757	0.01472	0.11430	0.03194	0.17405	0.04984	0.24779	0.04915	0.10175	0.02017	0.00525	0.00976	0.02114	0.01185	0.01451
18	0.02632	0.02632	0.03685	0.03159	0.03159	0.03685	0.02632	0.02895	0.01843	0.02895	0.01579	0.02632	0.01579	0.02106	0.03948	0.00526	0.55515	0.01053	0.00526	0.01316
19	0.17931	0.02494	0.02651	0.02219	0.03019	0.02706	0.01788	0.11149	0.20125	0.17621	0.03861	0.03598	0.02735	0.01454	0.01111	0.00384	0.01018	0.01124	0.01184	0.01828
20	0.02585	0.01424	0.01853	0.01733	0.02080	0.01334	0.01318	0.02968	0.02826	0.14183	0.18339	0.08476	0.06667	0.17922	0.02740	0.00632	0.00942	0.09605	0.01152	0.01219
21	0.01839	0.01526	0.01646	0.01563	0.02001	0.01484	0.01187	0.02895	0.12990	0.04022	0.19454	0.09383	0.30342	0.02592	0.01377	0.00400	0.00676	0.02190	0.01190	0.01242
22	0.01558	0.01113	0.01502	0.01780	0.01890	0.01056	0.01277	0.01834	0.02394	0.03174	0.06581	0.48502	0.07757	0.03683	0.01560	0.00501	0.00778	0.10942	0.01115	0.01003
23	0.01642	0.01201	0.01581	0.01820	0.02017	0.01140	0.01406	0.01998	0.02544	0.03300	0.07303	0.33895	0.13363	0.03497	0.01569	0.00502	0.00844	0.18230	0.01113	0.01033
24	0.02825	0.02022	0.02181	0.01970	0.02475	0.02204	0.01517	0.13268	0.16053	0.05058	0.04489	0.14214	0.03956	0.01932	0.01164	0.00374	0.00868	0.01622	0.20286	0.01521
25	0.02428	0.02464	0.04376	0.03489	0.03962	0.02798	0.17905	0.02970	0.02287	0.03261	0.02873	0.11918	0.02848	0.02657	0.07416	0.00614	0.22126	0.01595	0.00664	0.01348
26	0.04891	0.01925	0.02586	0.02026	0.02827	0.01685	0.01624	0.05292	0.03208	0.44275	0.04614	0.04620	0.03172	0.09304	0.01893	0.00483	0.01044	0.01285	0.01383	0.01864
27	0.01750	0.01256	0.01693	0.01794	0.02040	0.01200	0.01423	0.02254	0.02996	0.04096	0.26940	0.18469	0.09197	0.02986	0.01526	0.00460	0.00784	0.16825	0.01212	0.01100
28	0.02495	0.02062	0.02291	0.02088	0.02615	0.02276	0.01608	0.04802	0.30813	0.04953	0.22140	0.06225	0.06636	0.01952	0.01299	0.00397	0.00804	0.01675	0.01263	0.01608
29	0.01561	0.01118	0.01337	0.01469	0.01569	0.01052	0.00943	0.01711	0.02175	0.02833	0.06511	0.31785	0.13476	0.23166	0.03177	0.00720	0.00853	0.02672	0.00977	0.00894
30	0.18439	0.02922	0.03067	0.02402	0.03311	0.03181	0.01983	0.30115	0.04492	0.14188	0.02922	0.02877	0.02033	0.01379	0.01102	0.00365	0.01187	0.01008	0.01148	0.01881
31	0.01741	0.01255	0.01662	0.01628	0.01911	0.01176	0.01266	0.02307	0.03302	0.04625	0.42527	0.09735	0.10630	0.02601	0.01459	0.00407	0.00656	0.08693	0.01289	0.01131
32	0.05398	0.02048	0.02792	0.02141	0.03071	0.01768	0.01768	0.05863	0.03444	0.51045	0.04747	0.04095	0.02978	0.01489	0.01210	0.00372	0.01024	0.01210	0.01489	0.02048
33	0.01667	0.01267	0.01579	0.01752	0.02044	0.01179	0.01419	0.02071	0.02683	0.03382	0.08602	0.19897	0.23198	0.03292	0.01551	0.00488	0.00853	0.20908	0.01113	0.01052
34	0.04494	0.05734	0.03410	0.03100	0.03719	0.52886	0.02325	0.04804	0.03410	0.02945	0.01860	0.02170	0.01550	0.01240	0.01085	0.00310	0.02170	0.00775	0.00620	0.01395
35	0.04574	0.03370	0.03611	0.02768	0.03731	0.03731	0.02287	0.46200	0.05657	0.07583	0.02889	0.02889	0.02046	0.01444	0.01204	0.00361	0.01324	0.01083	0.01204	0.02046
36	0.02814	0.02751	0.04314	0.05377	0.27857	0.03251	0.03189	0.03314	0.02313	0.03439	0.01938	0.02814	0.01751	0.01563	0.02501	0.00438	0.27125	0.01063	0.00563	0.01626
37	0.02926	0.02587	0.03557	0.19405	0.15234	0.02938	0.02774	0.08668	0.20029	0.04444	0.03281	0.03609	0.02495	0.01359	0.01208	0.00390	0.01292	0.01181	0.00874	0.01747

[dist]
# distance from previous block
# <min> <max>
0	1

[block]
# block no. 4 follows, 9 sequences, length 17
# corresponding to MSA columns:
# 1618-1634
name=unknown_E
#
# <colnr> <probs for GDERKNQSTAVLIFYWHMCP>
#	G	D	E	R	K	N	Q	S	T	A	V	L	I	F	Y	W	H	M	C	P
0	0.04494	0.05734	0.03410	0.03100	0.03719	0.52886	0.02325	0.04804	0.03410	0.02945	0.01860	0.02170	0.01550	0.01240	0.01085	0.00310	0.02170	0.00775	0.00620	0.01395
1	0.14962	0.02213	0.02606	0.02116	0.02960	0.02194	0.01721	0.05594	0.13080	0.33285	0.04270	0.03827	0.02854	0.01459	0.01136	0.00380	0.00992	0.01150	0.01307	0.01892
2	0.01645	0.01197	0.01588	0.01836	0.02022	0.01140	0.01414	0.01998	0.02532	0.03296	0.07127	0.35232	0.12041	0.03519	0.01572	0.00505	0.00848	0.18344	0.01113	0.01032
3	0.01553	0.01138	0.01457	0.01559	0.01751	0.01043	0.01100	0.01912	0.02782	0.03771	0.23915	0.33048	0.14166	0.03177	0.01477	0.00436	0.00637	0.02835	0.01197	0.01043
4	0.13546	0.01598	0.01930	0.01817	0.02291	0.01531	0.01368	0.03402	0.02647	0.19695	0.05171	0.29921	0.05167	0.02557	0.01294	0.00430	0.00847	0.02213	0.01181	0.01394
5	0.01583	0.01138	0.01501	0.01595	0.01771	0.01056	0.01126	0.01970	0.02850	0.03940	0.27912	0.33174	0.09640	0.03120	0.01478	0.00434	0.00633	0.02804	0.01220	0.01056
6	0.01466	0.01047	0.01396	0.01675	0.01745	0.00977	0.01117	0.01675	0.02304	0.03071	0.06631	0.56931	0.07958	0.03769	0.01536	0.00489	0.00698	0.03420	0.01117	0.00977
7	0.01422	0.01219	0.01219	0.01219	0.01625	0.01016	0.00914	0.01727	0.02742	0.03250	0.12188	0.11579	0.49723	0.03047	0.01422	0.00406	0.00609	0.02539	0.01117	0.01016
8	0.04990	0.02703	0.03198	0.02452	0.03398	0.02741	0.02025	0.25851	0.04540	0.29508	0.03826	0.03497	0.02516	0.01467	0.01207	0.00367	0.01173	0.01147	0.01348	0.02047
9	0.04717	0.04249	0.03330	0.02794	0.03579	0.27654	0.02191	0.16762	0.04054	0.14902	0.02790	0.02799	0.02006	0.01353	0.01146	0.00338	0.01677	0.00958	0.00978	0.01724
10	0.04494	0.05734	0.03410	0.03100	0.03719	0.52886	0.02325	0.04804	0.03410	0.02945	0.01860	0.02170	0.01550	0.01240	0.01085	0.00310	0.02170	0.00775	0.00620	0.01395
11	0.01750	0.01166	0.01312	0.01312	0.01312	0.01166	0.00729	0.01750	0.01750	0.02333	0.03791	0.07873	0.04374	0.57717	0.06124	0.01166	0.01166	0.01750	0.00729	0.00729
12	0.15714	0.02120	0.02320	0.01983	0.02642	0.02237	0.01579	0.08480	0.13244	0.14502	0.16688	0.05027	0.05082	0.01718	0.01180	0.00381	0.00890	0.01394	0.01209	0.01611
13	0.02413	0.06223	0.51483	0.03429	0.05207	0.02794	0.04445	0.03810	0.02540	0.03810	0.02159	0.02540	0.01524	0.01143	0.01143	0.00381	0.01778	0.00889	0.00508	0.01778
14	0.01584	0.01240	0.01463	0.01592	0.01904	0.01120	0.01254	0.01947	0.02678	0.03325	0.09529	0.19703	0.30010	0.03250	0.01512	0.00464	0.00773	0.14502	0.01114	0.01037
15	0.02978	0.02859	0.04884	0.07385	0.50211	0.02859	0.03692	0.03692	0.02740	0.03931	0.02263	0.02978	0.01906	0.01072	0.01191	0.00357	0.01429	0.01072	0.00596	0.01906
16	0.49532	0.02392	0.02135	0.01802	0.02600	0.02655	0.01485	0.08482	0.02665	0.13209	0.02315	0.02410	0.01661	0.01214	0.00871	0.00371	0.00988	0.00790	0.00917	0.01506

[dist]
# distance from previous block
# <min> <max>
0	11

[block]
# block no. 5 follows, 9 sequences, length 45
# corresponding to MSA columns:
# 1646-1690
name=unknown_F
#
# <colnr> <probs for GDERKNQSTAVLIFYWHMCP>
#	G	D	E	R	K	N	Q	S	T	A	V	L	I	F	Y	W	H	M	C	P
0	0.03102	0.03209	0.03325	0.02921	0.03256	0.12846	0.02341	0.04376	0.16883	0.03587	0.02691	0.03137	0.02242	0.01790	0.02533	0.00447	0.27931	0.01098	0.00767	0.01519
1	0.01672	0.01229	0.01565	0.01481	0.01778	0.01122	0.01111	0.02210	0.03332	0.04651	0.45441	0.09274	0.15597	0.02525	0.01419	0.00381	0.00572	0.02216	0.01302	0.01122
2	0.01690	0.01141	0.01330	0.01388	0.01403	0.01127	0.00810	0.01734	0.01866	0.02487	0.04386	0.18145	0.05124	0.46422	0.05163	0.01025	0.01068	0.02099	0.00810	0.00781
3	0.02978	0.02859	0.04884	0.07385	0.50211	0.02859	0.03692	0.03692	0.02740	0.03931	0.02263	0.02978	0.01906	0.01072	0.01191	0.00357	0.01429	0.01072	0.00596	0.01906
4	0.02555	0.02427	0.04120	0.35802	0.25098	0.02748	0.03482	0.03322	0.02540	0.03418	0.02188	0.03116	0.01725	0.01150	0.01198	0.00383	0.01534	0.01070	0.00559	0.01565
5	0.02169	0.01791	0.03167	0.02633	0.03042	0.01732	0.14130	0.02474	0.02235	0.02982	0.03588	0.06864	0.03708	0.20173	0.03595	0.12994	0.01382	0.09586	0.00730	0.01025
6	0.03217	0.58441	0.06305	0.02059	0.03088	0.04761	0.02059	0.03603	0.02445	0.02831	0.01673	0.01930	0.01544	0.01029	0.00772	0.00257	0.01287	0.00643	0.00515	0.01544
7	0.03265	0.02350	0.07385	0.02013	0.02959	0.01688	0.01786	0.03871	0.02977	0.19161	0.12021	0.04250	0.03964	0.01407	0.01119	0.00299	0.00962	0.01169	0.01057	0.26300
8	0.03302	0.08836	0.21572	0.02721	0.03902	0.02816	0.02854	0.05051	0.17242	0.14124	0.03538	0.03437	0.02520	0.01362	0.01150	0.00377	0.01311	0.01086	0.00945	0.01855
9	0.02843	0.02721	0.04640	0.16431	0.42217	0.02823	0.03626	0.03575	0.02676	0.03767	0.02239	0.03022	0.01848	0.01097	0.01193	0.00366	0.01463	0.01071	0.00584	0.01797
10	0.01457	0.01080	0.01362	0.01588	0.01722	0.00985	0.01078	0.01685	0.02387	0.03105	0.07691	0.48283	0.15922	0.03632	0.01514	0.00473	0.00681	0.03252	0.01117	0.00985
11	0.01843	0.01377	0.01880	0.11647	0.02817	0.01524	0.01389	0.02086	0.01913	0.02571	0.03357	0.06325	0.03560	0.36745	0.14989	0.01181	0.01680	0.01523	0.00674	0.00917
12	0.21811	0.03119	0.02631	0.02282	0.02983	0.12365	0.01802	0.12763	0.12807	0.05227	0.07884	0.03485	0.03097	0.01461	0.01076	0.00366	0.01210	0.01077	0.00977	0.01577
13	0.01672	0.01201	0.01604	0.01699	0.01913	0.01132	0.01283	0.02123	0.02933	0.04032	0.27634	0.25161	0.09425	0.03042	0.01503	0.00447	0.00712	0.10189	0.01217	0.01080
14	0.03888	0.02106	0.02584	0.02102	0.02819	0.02073	0.01690	0.12463	0.08369	0.24281	0.17878	0.05377	0.05388	0.01787	0.01273	0.00376	0.00936	0.01491	0.01359	0.01759
15	0.09183	0.01761	0.02448	0.27534	0.04861	0.02064	0.02096	0.02816	0.02266	0.03483	0.02777	0.04227	0.02409	0.12012	0.02015	0.00519	0.01228	0.01164	0.13966	0.01172
16	0.02037	0.01843	0.03368	0.02910	0.03404	0.01750	0.15619	0.02599	0.02605	0.03469	0.05219	0.27663	0.05712	0.02765	0.01534	0.00480	0.01237	0.13613	0.00952	0.01220
17	0.03217	0.58441	0.06305	0.02059	0.03088	0.04761	0.02059	0.03603	0.02445	0.02831	0.01673	0.01930	0.01544	0.01029	0.00772	0.00257	0.01287	0.00643	0.00515	0.01544
18	0.01618	0.01227	0.01491	0.01425	0.01746	0.01099	0.01069	0.02107	0.03206	0.04351	0.38317	0.09768	0.22908	0.02637	0.01420	0.00387	0.00580	0.02285	0.01262	0.01099
19	0.01763	0.01375	0.01617	0.01531	0.01893	0.01304	0.01155	0.02565	0.08111	0.04390	0.33817	0.09246	0.21651	0.02539	0.01399	0.00390	0.00622	0.02192	0.01253	0.01185
20	0.02413	0.06223	0.51483	0.03429	0.05207	0.02794	0.04445	0.03810	0.02540	0.03810	0.02159	0.02540	0.01524	0.01143	0.01143	0.00381	0.01778	0.00889	0.00508	0.01778
21	0.02272	0.02138	0.03609	0.54825	0.08287	0.02673	0.03341	0.03074	0.02406	0.03074	0.02138	0.03208	0.01604	0.01203	0.01203	0.00401	0.01604	0.01069	0.00535	0.01337
22	0.01727	0.01198	0.01457	0.01411	0.01550	0.01151	0.00928	0.02005	0.02561	0.03554	0.26235	0.08419	0.07795	0.30629	0.03817	0.00780	0.00873	0.01959	0.01021	0.00928
23	0.02672	0.02749	0.04336	0.03523	0.03755	0.03563	0.10872	0.03078	0.02033	0.03078	0.01742	0.02749	0.01626	0.01898	0.03466	0.00503	0.45315	0.01123	0.00542	0.01375
24	0.01466	0.01047	0.01396	0.01675	0.01745	0.00977	0.01117	0.01675	0.02304	0.03071	0.06631	0.56931	0.07958	0.03769	0.01536	0.00489	0.00698	0.03420	0.01117	0.00977
25	0.07880	0.01621	0.01723	0.01674	0.02069	0.01674	0.01252	0.07467	0.07411	0.04278	0.06147	0.22172	0.13319	0.02474	0.01244	0.00401	0.00771	0.02103	0.13067	0.01253
26	0.01699	0.01150	0.01405	0.01458	0.01686	0.01069	0.01049	0.02122	0.02812	0.04026	0.23032	0.23715	0.12937	0.02741	0.01346	0.00398	0.00613	0.02412	0.13262	0.01069
27	0.02199	0.01408	0.01473	0.01371	0.01764	0.01378	0.01051	0.07190	0.03022	0.04492	0.10934	0.06884	0.17711	0.02005	0.01113	0.00337	0.00660	0.01647	0.32168	0.01193
28	0.01466	0.01047	0.01396	0.01675	0.01745	0.00977	0.01117	0.01675	0.02304	0.03071	0.06631	0.56931	0.07958	0.03769	0.01536	0.00489	0.00698	0.03420	0.01117	0.00977
29	0.02482	0.01310	0.01799	0.01789	0.02070	0.01214	0.01324	0.02680	0.02571	0.13176	0.10095	0.26037	0.06067	0.03180	0.02071	0.12759	0.00859	0.06266	0.01104	0.01145
30	0.01750	0.01166	0.01312	0.01312	0.01312	0.01166	0.00729	0.01750	0.01750	0.02333	0.03791	0.07873	0.04374	0.57717	0.06124	0.01166	0.01166	0.01750	0.00729	0.00729
31	0.01703	0.01230	0.01608	0.01514	0.01797	0.01135	0.01135	0.02270	0.03406	0.04825	0.49577	0.08987	0.11352	0.02460	0.01419	0.00378	0.00568	0.02176	0.01324	0.01135
32	0.02730	0.01659	0.02069	0.01823	0.02319	0.01621	0.01415	0.03811	0.11851	0.14660	0.31629	0.07100	0.08126	0.02098	0.01338	0.00383	0.00737	0.01817	0.01340	0.01474
33	0.03514	0.01631	0.02189	0.01821	0.02422	0.01446	0.01446	0.04032	0.03424	0.27482	0.27601	0.06589	0.07247	0.01984	0.01317	0.00375	0.00791	0.01702	0.01405	0.01582
34	0.02622	0.04764	0.29726	0.04234	0.05737	0.02916	0.24738	0.03832	0.02687	0.03832	0.02294	0.02886	0.01672	0.01080	0.01279	0.00393	0.01901	0.01149	0.00557	0.01702
35	0.02497	0.14178	0.19400	0.28362	0.06313	0.03110	0.03449	0.03410	0.02456	0.03263	0.02056	0.02751	0.01567	0.01151	0.01102	0.00367	0.01599	0.00931	0.00522	0.01517
36	0.01717	0.01305	0.01629	0.01760	0.02086	0.01217	0.01461	0.02177	0.02830	0.03603	0.13358	0.12308	0.23660	0.03123	0.01544	0.00478	0.00859	0.22674	0.01135	0.01076
37	0.16032	0.19051	0.03367	0.02002	0.02732	0.03100	0.01728	0.04091	0.15560	0.04123	0.04141	0.04823	0.07531	0.01657	0.01052	0.00370	0.01029	0.05223	0.00888	0.01500
38	0.04953	0.03476	0.03145	0.02566	0.03404	0.18455	0.02045	0.13217	0.03855	0.27408	0.03471	0.03251	0.02345	0.01401	0.01169	0.00350	0.01447	0.01047	0.01157	0.01839
39	0.16732	0.02523	0.02858	0.02234	0.03140	0.02572	0.01845	0.18291	0.03884	0.28471	0.03568	0.03302	0.02361	0.01404	0.01119	0.00369	0.01102	0.01063	0.01256	0.01905
40	0.54618	0.02274	0.01964	0.01689	0.02469	0.02522	0.01392	0.03980	0.02314	0.14102	0.02261	0.02363	0.01622	0.01188	0.00833	0.00372	0.00948	0.00758	0.00887	0.01445
