[name]
unknown

[dist]
# distance from previous block
# <min> <max>
0	100

[block]
# block no. 0 follows, 14 sequences, length 7
# corresponding to MSA columns:
# 110-116
name=unknown_A
#
# <colnr> <probs for GDERKNQSTAVLIFYWHMCP>
#	G	D	E	R	K	N	Q	S	T	A	V	L	I	F	Y	W	H	M	C	P
0	0.01938	0.01824	0.03078	0.61468	0.07068	0.02280	0.02850	0.02622	0.02052	0.02622	0.01824	0.02736	0.01368	0.01026	0.01026	0.00342	0.01368	0.00912	0.00456	0.01140
1	0.01333	0.01003	0.01241	0.01320	0.01527	0.00911	0.00968	0.01648	0.02377	0.03139	0.22044	0.27916	0.21406	0.02685	0.01263	0.00374	0.00571	0.06377	0.01004	0.00891
2	0.01686	0.01246	0.01508	0.01395	0.01701	0.01200	0.01055	0.07911	0.02960	0.04060	0.39235	0.12758	0.15003	0.02174	0.01199	0.00333	0.00575	0.01893	0.01076	0.01032
3	0.01420	0.01016	0.01189	0.01176	0.01380	0.00937	0.00827	0.01721	0.02335	0.03191	0.25896	0.11942	0.19704	0.15282	0.02027	0.00471	0.00609	0.01870	0.06147	0.00858
4	0.02058	0.05308	0.58618	0.02925	0.04442	0.02383	0.03792	0.03250	0.02167	0.03250	0.01842	0.02167	0.01300	0.00975	0.00975	0.00325	0.01517	0.00758	0.00433	0.01517
5	0.01250	0.00893	0.01191	0.01429	0.01488	0.00834	0.00953	0.01429	0.01965	0.02620	0.05656	0.63265	0.06787	0.03215	0.01310	0.00417	0.00595	0.02917	0.00953	0.00834
6	0.02028	0.08732	0.02007	0.01467	0.01728	0.01748	0.01059	0.10318	0.02127	0.02823	0.02832	0.05072	0.02970	0.38853	0.11273	0.00879	0.01262	0.01237	0.00657	0.00926

[dist]
# distance from previous block
# <min> <max>
0	1

[block]
# block no. 1 follows, 14 sequences, length 18
# corresponding to MSA columns:
# 118-135
name=unknown_B
#
# <colnr> <probs for GDERKNQSTAVLIFYWHMCP>
#	G	D	E	R	K	N	Q	S	T	A	V	L	I	F	Y	W	H	M	C	P
0	0.02328	0.40533	0.03887	0.01599	0.02235	0.02904	0.01448	0.02573	0.02048	0.02563	0.07092	0.06013	0.02599	0.04739	0.01352	0.07711	0.00961	0.00892	0.00555	0.05969
1	0.02920	0.09945	0.14813	0.04011	0.26476	0.02570	0.02747	0.09623	0.02661	0.11257	0.02216	0.02488	0.01668	0.01011	0.00971	0.00301	0.01206	0.00860	0.00655	0.01601
2	0.02398	0.03704	0.29967	0.09541	0.23568	0.02332	0.03313	0.03278	0.02271	0.07092	0.02027	0.02447	0.01510	0.00979	0.00998	0.00319	0.01351	0.00848	0.00521	0.01536
3	0.03337	0.01645	0.02104	0.01702	0.02295	0.01541	0.01370	0.10710	0.03188	0.30952	0.23463	0.04897	0.05079	0.01572	0.01097	0.00318	0.00765	0.01322	0.01184	0.01458
4	0.02473	0.01813	0.02163	0.01563	0.02458	0.01388	0.01257	0.02921	0.02241	0.10996	0.02134	0.02318	0.01662	0.00831	0.00798	0.00175	0.00776	0.00667	0.00700	0.60666
5	0.02053	0.01870	0.03085	0.12467	0.32994	0.01915	0.02422	0.02539	0.02181	0.03022	0.03079	0.21534	0.03202	0.01649	0.01109	0.00345	0.01045	0.01540	0.00640	0.01310
6	0.03843	0.01916	0.02359	0.01923	0.02638	0.01896	0.01551	0.05169	0.22498	0.38235	0.04096	0.03617	0.02760	0.01315	0.01037	0.00329	0.00851	0.01080	0.01186	0.01701
7	0.01690	0.01001	0.01158	0.01119	0.01359	0.00962	0.00839	0.02171	0.02517	0.03966	0.29349	0.05687	0.06049	0.01633	0.00956	0.00280	0.00481	0.01392	0.36429	0.00962
8	0.02110	0.09808	0.54574	0.02836	0.04304	0.02511	0.03637	0.03236	0.02160	0.03186	0.01810	0.02127	0.01301	0.00968	0.00951	0.00317	0.01485	0.00742	0.00434	0.01501
9	0.03833	0.04891	0.02908	0.02644	0.03173	0.59815	0.01983	0.04098	0.02908	0.02512	0.01586	0.01851	0.01322	0.01058	0.00925	0.00264	0.01851	0.00661	0.00529	0.01190
10	0.01492	0.00995	0.01119	0.01119	0.01119	0.00995	0.00622	0.01492	0.01492	0.01990	0.03233	0.06716	0.03731	0.63935	0.05223	0.00995	0.00995	0.01492	0.00622	0.00622
11	0.02448	0.02047	0.03414	0.34333	0.25616	0.02258	0.02820	0.03074	0.02253	0.08812	0.02101	0.02743	0.01590	0.01010	0.01023	0.00325	0.01259	0.00926	0.00562	0.01387
12	0.02738	0.01353	0.01685	0.01492	0.01873	0.01377	0.01207	0.03164	0.02347	0.20065	0.03542	0.04283	0.02774	0.01436	0.01160	0.00307	0.07189	0.05627	0.35170	0.01212
13	0.01250	0.00893	0.01191	0.01429	0.01488	0.00834	0.00953	0.01429	0.01965	0.02620	0.05656	0.63265	0.06787	0.03215	0.01310	0.00417	0.00595	0.02917	0.00953	0.00834
14	0.01698	0.00950	0.01017	0.01070	0.01279	0.00920	0.00776	0.02088	0.02128	0.03455	0.04535	0.17742	0.08736	0.01782	0.00897	0.00289	0.00508	0.01511	0.47696	0.00920
15	0.02241	0.08294	0.10232	0.02042	0.02676	0.02328	0.01805	0.04115	0.32388	0.03634	0.03886	0.15279	0.03436	0.01650	0.01051	0.00346	0.00894	0.01398	0.00883	0.01422
16	0.71184	0.01985	0.01508	0.01350	0.01985	0.02302	0.01111	0.03017	0.01746	0.04604	0.01429	0.01667	0.01111	0.00953	0.00635	0.00318	0.00794	0.00556	0.00635	0.01111
17	0.02296	0.10511	0.34469	0.02524	0.03641	0.02486	0.02899	0.08109	0.07452	0.03539	0.02576	0.03607	0.02158	0.01287	0.01014	0.00335	0.01290	0.07740	0.00619	0.01448

[dist]
# distance from previous block
# <min> <max>
5	7

[block]
# block no. 2 follows, 14 sequences, length 8
# corresponding to MSA columns:
# 143-150
name=unknown_C
#
# <colnr> <probs for GDERKNQSTAVLIFYWHMCP>
#	G	D	E	R	K	N	Q	S	T	A	V	L	I	F	Y	W	H	M	C	P
0	0.03261	0.02382	0.02531	0.02043	0.02707	0.02640	0.01654	0.34792	0.14349	0.05542	0.02968	0.02989	0.02185	0.01257	0.00972	0.00303	0.00944	0.00977	0.13931	0.01573
1	0.46301	0.02075	0.02285	0.02671	0.16303	0.02250	0.01678	0.03268	0.02028	0.10145	0.01844	0.02090	0.01399	0.00977	0.00776	0.00314	0.00912	0.00700	0.00672	0.01313
2	0.02546	0.01946	0.03141	0.15523	0.28305	0.01983	0.02419	0.03112	0.02483	0.12096	0.12601	0.03694	0.03236	0.01216	0.01057	0.00318	0.01055	0.01110	0.00736	0.01425
3	0.02656	0.01805	0.02528	0.22963	0.04130	0.01727	0.01869	0.03179	0.02296	0.16300	0.02359	0.02673	0.01711	0.00978	0.00920	0.00260	0.01004	0.00818	0.00713	0.29110
4	0.01501	0.01171	0.01745	0.13393	0.02772	0.01281	0.01517	0.01871	0.01970	0.02636	0.04175	0.29042	0.04577	0.03786	0.15165	0.00703	0.01314	0.09690	0.00758	0.00931
5	0.02253	0.02032	0.02633	0.02298	0.02450	0.02678	0.01879	0.03045	0.12333	0.03045	0.02224	0.02809	0.01904	0.01621	0.02487	0.00396	0.40172	0.00959	0.11587	0.01195
6	0.01466	0.01100	0.01649	0.01649	0.01833	0.01283	0.01283	0.01833	0.01649	0.02382	0.02749	0.04032	0.02566	0.07697	0.59868	0.01649	0.02749	0.01100	0.00550	0.00916
7	0.02318	0.03440	0.23624	0.08850	0.31602	0.02418	0.06710	0.03157	0.02262	0.03260	0.01901	0.02436	0.01487	0.00941	0.01015	0.00317	0.01369	0.00878	0.00478	0.01537

[dist]
# distance from previous block
# <min> <max>
0	9

[block]
# block no. 3 follows, 14 sequences, length 32
# corresponding to MSA columns:
# 160-191
name=unknown_D
#
# <colnr> <probs for GDERKNQSTAVLIFYWHMCP>
#	G	D	E	R	K	N	Q	S	T	A	V	L	I	F	Y	W	H	M	C	P
0	0.71184	0.01985	0.01508	0.01350	0.01985	0.02302	0.01111	0.03017	0.01746	0.04604	0.01429	0.01667	0.01111	0.00953	0.00635	0.00318	0.00794	0.00556	0.00635	0.01111
1	0.02249	0.01878	0.01789	0.01598	0.01969	0.10033	0.01225	0.10168	0.03071	0.04183	0.31831	0.05395	0.06100	0.01666	0.01060	0.00298	0.00783	0.01392	0.12195	0.01116
2	0.02140	0.01988	0.03271	0.28670	0.25732	0.02160	0.02663	0.02742	0.02128	0.02944	0.01960	0.02740	0.01604	0.01646	0.07050	0.00445	0.01399	0.00906	0.00499	0.07312
3	0.01501	0.01019	0.01219	0.01280	0.01327	0.01015	0.00831	0.01599	0.01684	0.02232	0.03819	0.12181	0.04364	0.48210	0.04233	0.00856	0.00954	0.10275	0.00706	0.00696
4	0.02245	0.02245	0.03143	0.02694	0.02694	0.03143	0.02245	0.02470	0.01572	0.02470	0.01347	0.02245	0.01347	0.01796	0.03368	0.00449	0.62057	0.00898	0.00449	0.01123
5	0.01938	0.01824	0.03078	0.61468	0.07068	0.02280	0.02850	0.02622	0.02052	0.02622	0.01824	0.02736	0.01368	0.01026	0.01026	0.00342	0.01368	0.00912	0.00456	0.01140
6	0.01746	0.01078	0.01191	0.01129	0.01464	0.00966	0.00859	0.02121	0.02441	0.08039	0.16461	0.07195	0.28131	0.01992	0.01055	0.00309	0.00531	0.01666	0.20639	0.00986
7	0.01452	0.01049	0.01372	0.01291	0.01533	0.00968	0.00968	0.01937	0.02905	0.04115	0.56992	0.07666	0.09683	0.02098	0.01210	0.00323	0.00484	0.01856	0.01130	0.00968
8	0.02571	0.02211	0.03590	0.18891	0.35891	0.02331	0.02805	0.03380	0.06957	0.07926	0.02280	0.02780	0.01772	0.01013	0.01022	0.00319	0.01190	0.00945	0.00607	0.01518
9	0.59310	0.02326	0.01770	0.01554	0.02195	0.07630	0.01262	0.07461	0.02114	0.04572	0.01531	0.01752	0.01185	0.00986	0.00695	0.00312	0.00919	0.00597	0.00659	0.01172
10	0.01492	0.00995	0.01119	0.01119	0.01119	0.00995	0.00622	0.01492	0.01492	0.01990	0.03233	0.06716	0.03731	0.63935	0.05223	0.00995	0.00995	0.01492	0.00622	0.00622
11	0.01654	0.01048	0.01325	0.01457	0.01665	0.01031	0.01172	0.02080	0.02275	0.03333	0.09273	0.17315	0.05313	0.02299	0.01153	0.00374	0.00694	0.22236	0.23370	0.00932
12	0.01943	0.01094	0.01353	0.01401	0.01666	0.01061	0.01125	0.02382	0.02328	0.07921	0.08866	0.12698	0.04690	0.02006	0.01068	0.00345	0.00671	0.17008	0.29369	0.01006
13	0.02422	0.02768	0.06055	0.04325	0.05363	0.02595	0.53806	0.03287	0.02422	0.03287	0.02076	0.02768	0.01557	0.00865	0.01211	0.00346	0.01730	0.01211	0.00519	0.01384
14	0.64264	0.02076	0.01670	0.01454	0.02108	0.02393	0.01198	0.08271	0.02063	0.04796	0.01535	0.01749	0.01177	0.00981	0.00675	0.00317	0.00828	0.00594	0.00675	0.01177
15	0.71184	0.01985	0.01508	0.01350	0.01985	0.02302	0.01111	0.03017	0.01746	0.04604	0.01429	0.01667	0.01111	0.00953	0.00635	0.00318	0.00794	0.00556	0.00635	0.01111
16	0.02744	0.64552	0.05378	0.01756	0.02634	0.04061	0.01756	0.03073	0.02085	0.02414	0.01427	0.01646	0.01317	0.00878	0.00658	0.00219	0.01097	0.00549	0.00439	0.01317
17	0.01396	0.01033	0.01216	0.01193	0.01381	0.00976	0.00828	0.01644	0.02159	0.02863	0.20644	0.07672	0.21032	0.23097	0.07889	0.00672	0.00869	0.01758	0.00858	0.00820
18	0.02066	0.01406	0.02023	0.01714	0.02134	0.01335	0.05940	0.02794	0.07685	0.11337	0.40017	0.06305	0.07380	0.01809	0.01171	0.00327	0.00681	0.01622	0.01085	0.01171
19	0.02123	0.01996	0.03150	0.24231	0.16521	0.02415	0.02584	0.02631	0.02021	0.02803	0.02197	0.03741	0.02030	0.01464	0.01746	0.00382	0.18620	0.07596	0.00531	0.01218
20	0.48710	0.02461	0.02680	0.02155	0.02871	0.08283	0.13115	0.03189	0.02019	0.04091	0.01591	0.01935	0.01234	0.00944	0.00795	0.00319	0.01114	0.00715	0.00598	0.01181
21	0.03202	0.39478	0.04340	0.02129	0.02860	0.27493	0.01851	0.03504	0.02431	0.02455	0.01494	0.01732	0.01319	0.00953	0.00771	0.00238	0.01414	0.00596	0.00477	0.01263
22	0.71184	0.01985	0.01508	0.01350	0.01985	0.02302	0.01111	0.03017	0.01746	0.04604	0.01429	0.01667	0.01111	0.00953	0.00635	0.00318	0.00794	0.00556	0.00635	0.01111
23	0.03891	0.02599	0.02874	0.02235	0.03027	0.02811	0.01836	0.40124	0.09710	0.15715	0.02930	0.02792	0.02033	0.01255	0.01029	0.00314	0.01050	0.00968	0.01073	0.01733
24	0.65758	0.01965	0.01579	0.01388	0.02036	0.02237	0.01144	0.03178	0.01843	0.08975	0.01642	0.01816	0.01228	0.00978	0.00667	0.00318	0.00800	0.00594	0.00687	0.01163
25	0.61163	0.02078	0.01834	0.01841	0.06887	0.02367	0.01339	0.06105	0.01983	0.04608	0.01535	0.01791	0.01194	0.00966	0.00692	0.00316	0.00851	0.00609	0.00648	0.01194
26	0.02556	0.34290	0.27553	0.02300	0.03441	0.03279	0.02628	0.07585	0.02358	0.03118	0.01691	0.01936	0.01347	0.00950	0.00824	0.00272	0.01276	0.00669	0.00488	0.01438
27	0.03901	0.02874	0.03080	0.02361	0.03182	0.03182	0.01951	0.54111	0.04825	0.06468	0.02464	0.02464	0.01745	0.01232	0.01027	0.00308	0.01129	0.00924	0.01027	0.01745
28	0.01523	0.01104	0.01162	0.01112	0.01499	0.00925	0.00846	0.01796	0.02394	0.07853	0.09815	0.09291	0.52118	0.02477	0.01196	0.00344	0.00552	0.02062	0.00982	0.00947
29	0.01552	0.01006	0.01473	0.01495	0.01596	0.01096	0.01085	0.01613	0.01566	0.02184	0.02726	0.09315	0.02763	0.09238	0.32929	0.24011	0.01838	0.01221	0.00557	0.00737
30	0.62417	0.02138	0.01654	0.01460	0.02100	0.05623	0.01191	0.03223	0.01901	0.08357	0.01627	0.01810	0.01227	0.00982	0.00681	0.00314	0.00862	0.00596	0.00675	0.01162
31	0.36365	0.02215	0.02856	0.03860	0.30161	0.02371	0.02145	0.03084	0.02046	0.03969	0.01683	0.02110	0.01372	0.00933	0.00828	0.00311	0.01010	0.00738	0.00571	0.01372

[dist]
# distance from previous block
# <min> <max>
0	1

[block]
# block no. 4 follows, 14 sequences, length 14
# corresponding to MSA columns:
# 193-206
name=unknown_E
#
# <colnr> <probs for GDERKNQSTAVLIFYWHMCP>
#	G	D	E	R	K	N	Q	S	T	A	V	L	I	F	Y	W	H	M	C	P
0	0.02947	0.02329	0.03944	0.04679	0.32769	0.02283	0.10998	0.03759	0.07224	0.14729	0.02590	0.02888	0.01937	0.01022	0.01054	0.00318	0.01196	0.01009	0.00714	0.01611
1	0.01492	0.00995	0.01119	0.01119	0.01119	0.00995	0.00622	0.01492	0.01492	0.01990	0.03233	0.06716	0.03731	0.63935	0.05223	0.00995	0.00995	0.01492	0.00622	0.00622
2	0.03283	0.03140	0.03478	0.04409	0.31205	0.21185	0.02513	0.03746	0.02617	0.11504	0.02142	0.02459	0.01666	0.01016	0.00989	0.00293	0.01374	0.00849	0.00632	0.01501
3	0.02744	0.64552	0.05378	0.01756	0.02634	0.04061	0.01756	0.03073	0.02085	0.02414	0.01427	0.01646	0.01317	0.00878	0.00658	0.00219	0.01097	0.00549	0.00439	0.01317
4	0.02170	0.14933	0.49969	0.02735	0.04148	0.02656	0.03461	0.03221	0.02153	0.03114	0.01774	0.02082	0.01303	0.00959	0.00924	0.00308	0.01449	0.00724	0.00434	0.01484
5	0.02443	0.02063	0.03262	0.04434	0.35945	0.01961	0.02379	0.02973	0.02373	0.07401	0.07216	0.06988	0.02732	0.01172	0.01012	0.00290	0.01013	0.01089	0.00665	0.12588
6	0.29060	0.10063	0.02392	0.01599	0.02360	0.05429	0.01336	0.03288	0.02152	0.12516	0.01968	0.02095	0.01491	0.00948	0.00753	0.00257	0.00897	0.00652	0.00699	0.20046
7	0.60442	0.01946	0.01649	0.01426	0.02087	0.02174	0.01175	0.03337	0.01939	0.13258	0.01852	0.01962	0.01342	0.01004	0.00699	0.00318	0.00807	0.00633	0.00738	0.01214
8	0.01250	0.00893	0.01191	0.01429	0.01488	0.00834	0.00953	0.01429	0.01965	0.02620	0.05656	0.63265	0.06787	0.03215	0.01310	0.00417	0.00595	0.02917	0.00953	0.00834
9	0.02857	0.02332	0.03891	0.05612	0.49102	0.02295	0.02897	0.03434	0.02429	0.11781	0.02256	0.02686	0.01766	0.00969	0.01018	0.00307	0.01166	0.00932	0.00625	0.01644
10	0.11538	0.01294	0.01689	0.02145	0.10141	0.01302	0.01291	0.01926	0.01959	0.02977	0.04316	0.41365	0.04977	0.06512	0.01424	0.00423	0.00746	0.02176	0.00817	0.00981
11	0.02691	0.02767	0.03887	0.10062	0.45231	0.11236	0.02947	0.03254	0.02402	0.03166	0.01869	0.02449	0.01559	0.00945	0.01003	0.00301	0.01328	0.00875	0.00507	0.01521
12	0.02245	0.02245	0.03143	0.02694	0.02694	0.03143	0.02245	0.02470	0.01572	0.02470	0.01347	0.02245	0.01347	0.01796	0.03368	0.00449	0.62057	0.00898	0.00449	0.01123
13	0.02771	0.46426	0.16229	0.02007	0.03010	0.03477	0.02159	0.03286	0.02180	0.07697	0.01753	0.01924	0.01425	0.00934	0.00759	0.00251	0.01165	0.00637	0.00514	0.01398

[dist]
# distance from previous block
# <min> <max>
0	1

[block]
# block no. 5 follows, 14 sequences, length 17
# corresponding to MSA columns:
# 208-224
name=unknown_F
#
# <colnr> <probs for GDERKNQSTAVLIFYWHMCP>
#	G	D	E	R	K	N	Q	S	T	A	V	L	I	F	Y	W	H	M	C	P
0	0.02660	0.01662	0.02257	0.14454	0.03337	0.01635	0.01686	0.03374	0.07724	0.18418	0.06912	0.08733	0.03252	0.01477	0.01049	0.00317	0.00911	0.05378	0.00892	0.13873
1	0.71184	0.01985	0.01508	0.01350	0.01985	0.02302	0.01111	0.03017	0.01746	0.04604	0.01429	0.01667	0.01111	0.00953	0.00635	0.00318	0.00794	0.00556	0.00635	0.01111
2	0.01402	0.01047	0.01302	0.01238	0.01502	0.00947	0.00929	0.01839	0.02786	0.03834	0.47234	0.08129	0.19616	0.02203	0.01211	0.00328	0.00492	0.01921	0.01093	0.00947
3	0.01319	0.00946	0.01252	0.01382	0.01504	0.00879	0.00958	0.01601	0.02284	0.03127	0.23064	0.44411	0.07769	0.02836	0.01276	0.00385	0.00558	0.02557	0.01013	0.00879
4	0.18648	0.02582	0.02676	0.02094	0.02872	0.02844	0.01729	0.38679	0.03989	0.10573	0.02376	0.02380	0.01676	0.01174	0.00942	0.00311	0.01034	0.00853	0.00962	0.01607
5	0.01629	0.01153	0.01572	0.01772	0.01973	0.01153	0.01496	0.02030	0.02230	0.02906	0.05098	0.10835	0.05574	0.12148	0.01998	0.00552	0.00953	0.43137	0.00896	0.00896
6	0.23923	0.01912	0.02187	0.01733	0.02483	0.01882	0.01431	0.08617	0.02752	0.38210	0.03151	0.02874	0.02056	0.01174	0.00916	0.00317	0.00872	0.00884	0.01064	0.01561
7	0.03833	0.04891	0.02908	0.02644	0.03173	0.59815	0.01983	0.04098	0.02908	0.02512	0.01586	0.01851	0.01322	0.01058	0.00925	0.00264	0.01851	0.00661	0.00529	0.01190
8	0.03393	0.02622	0.02794	0.02258	0.02989	0.02945	0.01828	0.35793	0.23970	0.05649	0.03109	0.02978	0.02268	0.01292	0.01033	0.00323	0.01010	0.01013	0.01033	0.01700
9	0.71184	0.01985	0.01508	0.01350	0.01985	0.02302	0.01111	0.03017	0.01746	0.04604	0.01429	0.01667	0.01111	0.00953	0.00635	0.00318	0.00794	0.00556	0.00635	0.01111
10	0.02540	0.02438	0.04165	0.06299	0.57533	0.02438	0.03149	0.03149	0.02337	0.03353	0.01930	0.02540	0.01626	0.00914	0.01016	0.00305	0.01219	0.00914	0.00508	0.01626
11	0.03833	0.04891	0.02908	0.02644	0.03173	0.59815	0.01983	0.04098	0.02908	0.02512	0.01586	0.01851	0.01322	0.01058	0.00925	0.00264	0.01851	0.00661	0.00529	0.01190
12	0.03444	0.02647	0.02822	0.02269	0.03008	0.02969	0.01840	0.37612	0.22069	0.05730	0.03045	0.02927	0.02216	0.01286	0.01033	0.00322	0.01022	0.01004	0.01033	0.01704
13	0.03833	0.04891	0.02908	0.02644	0.03173	0.59815	0.01983	0.04098	0.02908	0.02512	0.01586	0.01851	0.01322	0.01058	0.00925	0.00264	0.01851	0.00661	0.00529	0.01190
14	0.18681	0.02322	0.02324	0.01987	0.02640	0.02653	0.01588	0.17111	0.30501	0.04911	0.03114	0.02989	0.02319	0.01251	0.00946	0.00331	0.00888	0.00962	0.00946	0.01537
15	0.03703	0.02684	0.02868	0.02221	0.02985	0.02961	0.01828	0.48964	0.04559	0.06205	0.02552	0.02599	0.01833	0.01228	0.00996	0.00301	0.01064	0.00927	0.07855	0.01667
16	0.02422	0.02768	0.06055	0.04325	0.05363	0.02595	0.53806	0.03287	0.02422	0.03287	0.02076	0.02768	0.01557	0.00865	0.01211	0.00346	0.01730	0.01211	0.00519	0.01384

[dist]
# distance from previous block
# <min> <max>
0	6

[block]
# block no. 6 follows, 14 sequences, length 34
# corresponding to MSA columns:
# 231-264
name=unknown_G
#
# <colnr> <probs for GDERKNQSTAVLIFYWHMCP>
#	G	D	E	R	K	N	Q	S	T	A	V	L	I	F	Y	W	H	M	C	P
0	0.01492	0.00995	0.01119	0.01119	0.01119	0.00995	0.00622	0.01492	0.01492	0.01990	0.03233	0.06716	0.03731	0.63935	0.05223	0.00995	0.00995	0.01492	0.00622	0.00622
1	0.01486	0.01018	0.01239	0.01239	0.01280	0.01060	0.00771	0.01569	0.01528	0.02078	0.03124	0.06111	0.03468	0.51267	0.17533	0.01142	0.01390	0.01404	0.00606	0.00688
2	0.01363	0.01014	0.01136	0.01139	0.01316	0.00931	0.00763	0.01555	0.02084	0.02688	0.15184	0.11926	0.25220	0.26076	0.02757	0.00596	0.00701	0.01906	0.00856	0.00788
3	0.02553	0.02204	0.02320	0.02088	0.02669	0.02553	0.01624	0.05453	0.55679	0.04293	0.04177	0.03829	0.03133	0.01392	0.01044	0.00348	0.00812	0.01160	0.01044	0.01624
4	0.01342	0.00932	0.01164	0.01311	0.01348	0.00895	0.00827	0.01453	0.01785	0.02380	0.04736	0.41786	0.05626	0.26279	0.02796	0.00636	0.00747	0.02376	0.00827	0.00753
5	0.31517	0.01843	0.02029	0.01633	0.02363	0.01829	0.01348	0.04199	0.02456	0.36562	0.02990	0.02755	0.01963	0.01142	0.00872	0.00318	0.00841	0.00839	0.01013	0.01490
6	0.03361	0.01785	0.02254	0.01672	0.02525	0.01438	0.01361	0.03787	0.02531	0.30672	0.02931	0.02807	0.02028	0.01014	0.00895	0.00234	0.00816	0.00819	0.00938	0.36130
7	0.03689	0.01478	0.01897	0.01530	0.02135	0.01321	0.01239	0.04113	0.02670	0.39729	0.03810	0.03606	0.02571	0.01245	0.00925	0.00291	0.00739	0.01006	0.24529	0.01478
8	0.02301	0.02082	0.02985	0.03530	0.25611	0.01818	0.02029	0.02822	0.02216	0.03348	0.01869	0.02301	0.01564	0.00825	0.00868	0.00216	0.00953	0.00737	0.00566	0.41358
9	0.02799	0.02538	0.05138	0.03732	0.04635	0.02448	0.39855	0.03523	0.02440	0.13097	0.02366	0.02852	0.01715	0.01020	0.01369	0.00350	0.06897	0.01151	0.00648	0.01426
10	0.01688	0.00935	0.01036	0.01117	0.01295	0.00915	0.00797	0.02064	0.02088	0.03416	0.04133	0.24049	0.04045	0.01883	0.00919	0.00300	0.00518	0.01624	0.46265	0.00915
11	0.02850	0.58738	0.05137	0.01842	0.02686	0.09494	0.01778	0.03173	0.02165	0.02424	0.01442	0.01666	0.01317	0.00895	0.00684	0.00224	0.01171	0.00560	0.00448	0.01305
12	0.71184	0.01985	0.01508	0.01350	0.01985	0.02302	0.01111	0.03017	0.01746	0.04604	0.01429	0.01667	0.01111	0.00953	0.00635	0.00318	0.00794	0.00556	0.00635	0.01111
13	0.02540	0.02438	0.04165	0.06299	0.57533	0.02438	0.03149	0.03149	0.02337	0.03353	0.01930	0.02540	0.01626	0.00914	0.01016	0.00305	0.01219	0.00914	0.00508	0.01626
14	0.02245	0.02245	0.03143	0.02694	0.02694	0.03143	0.02245	0.02470	0.01572	0.02470	0.01347	0.02245	0.01347	0.01796	0.03368	0.00449	0.62057	0.00898	0.00449	0.01123
15	0.01452	0.01049	0.01372	0.01291	0.01533	0.00968	0.00968	0.01937	0.02905	0.04115	0.56992	0.07666	0.09683	0.02098	0.01210	0.00323	0.00484	0.01856	0.01130	0.00968
16	0.01452	0.01049	0.01372	0.01291	0.01533	0.00968	0.00968	0.01937	0.02905	0.04115	0.56992	0.07666	0.09683	0.02098	0.01210	0.00323	0.00484	0.01856	0.01130	0.00968
17	0.01433	0.00991	0.01116	0.01139	0.01189	0.00963	0.00674	0.01484	0.01647	0.02151	0.04385	0.12631	0.10852	0.50178	0.04329	0.00856	0.00895	0.01717	0.00696	0.00674
18	0.71184	0.01985	0.01508	0.01350	0.01985	0.02302	0.01111	0.03017	0.01746	0.04604	0.01429	0.01667	0.01111	0.00953	0.00635	0.00318	0.00794	0.00556	0.00635	0.01111
19	0.02380	0.02545	0.08326	0.17155	0.43084	0.02402	0.03141	0.03051	0.02266	0.03197	0.01902	0.02549	0.01547	0.00942	0.01015	0.00314	0.01273	0.00901	0.00491	0.01519
20	0.01497	0.01032	0.01255	0.01199	0.01456	0.00952	0.00900	0.01948	0.02699	0.03878	0.41413	0.07328	0.15144	0.02016	0.01128	0.00312	0.00488	0.01748	0.12656	0.00952
21	0.01404	0.01038	0.01310	0.01260	0.01508	0.00945	0.00938	0.01835	0.02763	0.03820	0.46795	0.11256	0.16841	0.02241	0.01217	0.00332	0.00496	0.01966	0.01092	0.00945
22	0.02122	0.04523	0.44217	0.08496	0.09033	0.02399	0.08531	0.03190	0.02195	0.03206	0.01870	0.02305	0.01357	0.00964	0.01006	0.00327	0.01500	0.00829	0.00450	0.01479
23	0.71184	0.01985	0.01508	0.01350	0.01985	0.02302	0.01111	0.03017	0.01746	0.04604	0.01429	0.01667	0.01111	0.00953	0.00635	0.00318	0.00794	0.00556	0.00635	0.01111
24	0.01453	0.01406	0.06901	0.01668	0.01910	0.01088	0.01383	0.01791	0.02048	0.02746	0.05027	0.39324	0.05774	0.07899	0.01627	0.00470	0.00808	0.14893	0.00873	0.00911
25	0.08217	0.28028	0.24046	0.02405	0.03470	0.08651	0.06002	0.03247	0.02190	0.02965	0.01636	0.01932	0.01311	0.00936	0.00834	0.00279	0.01340	0.00681	0.00467	0.01364
26	0.01365	0.01025	0.01265	0.01248	0.01491	0.00924	0.00920	0.01751	0.02634	0.03576	0.38345	0.15952	0.20986	0.02377	0.01225	0.00342	0.00508	0.02080	0.01061	0.00924
27	0.01247	0.00907	0.01176	0.01391	0.01478	0.00837	0.00936	0.01433	0.02001	0.02635	0.06119	0.58057	0.11697	0.03155	0.01300	0.00410	0.00588	0.02844	0.00953	0.00837
28	0.02915	0.18176	0.09082	0.03116	0.12265	0.02572	0.12996	0.03490	0.02413	0.15531	0.02805	0.02978	0.04975	0.01080	0.00978	0.00299	0.01202	0.00971	0.00686	0.01470
29	0.02347	0.02043	0.03566	0.31382	0.18545	0.02216	0.09239	0.02997	0.02265	0.07500	0.02326	0.03392	0.01879	0.01129	0.01076	0.00341	0.01306	0.04546	0.00579	0.01327
30	0.01236	0.01041	0.01072	0.01064	0.01400	0.00876	0.00798	0.01518	0.02394	0.02903	0.14942	0.09660	0.52489	0.02550	0.01213	0.00344	0.00516	0.02136	0.00970	0.00876
31	0.02793	0.27742	0.24981	0.02354	0.03410	0.12653	0.02551	0.03443	0.02312	0.06523	0.01788	0.02003	0.01394	0.00972	0.00849	0.00274	0.01369	0.00680	0.00508	0.01400
32	0.02915	0.08607	0.22492	0.08154	0.03807	0.02229	0.05518	0.06268	0.02574	0.19119	0.06212	0.02979	0.02269	0.01139	0.01001	0.00315	0.01203	0.00943	0.00759	0.01495
33	0.01842	0.03758	0.37213	0.02436	0.03419	0.01971	0.02815	0.02686	0.02156	0.03149	0.07990	0.15549	0.03274	0.01611	0.01230	0.00352	0.05316	0.01329	0.00611	0.01293

[dist]
# distance from previous block
# <min> <max>
6	10

[block]
# block no. 7 follows, 14 sequences, length 9
# corresponding to MSA columns:
# 275-283
name=unknown_H
#
# <colnr> <probs for GDERKNQSTAVLIFYWHMCP>
#	G	D	E	R	K	N	Q	S	T	A	V	L	I	F	Y	W	H	M	C	P
0	0.02542	0.03223	0.20661	0.02287	0.03200	0.02426	0.02297	0.16080	0.18737	0.04281	0.03828	0.03761	0.09395	0.01378	0.01040	0.00331	0.01080	0.01106	0.00829	0.01518
1	0.02128	0.01824	0.02128	0.01520	0.02432	0.01368	0.01216	0.02584	0.02128	0.03344	0.01824	0.02128	0.01520	0.00760	0.00760	0.00152	0.00760	0.00608	0.00608	0.70208
2	0.02386	0.02123	0.03033	0.21751	0.17353	0.02259	0.02328	0.07556	0.10980	0.03535	0.02282	0.02721	0.01776	0.01023	0.00974	0.00294	0.01103	0.00894	0.00641	0.14990
3	0.02003	0.01504	0.02208	0.02711	0.16075	0.01521	0.01638	0.02609	0.05546	0.06543	0.16888	0.09725	0.04555	0.02828	0.12660	0.00582	0.01170	0.01393	0.06642	0.01198
4	0.02772	0.20634	0.07803	0.01807	0.02561	0.02287	0.01649	0.06131	0.02421	0.14946	0.02980	0.14344	0.02712	0.01435	0.00931	0.00284	0.00938	0.01168	0.00778	0.11420
5	0.01381	0.01017	0.01292	0.01285	0.01505	0.00928	0.00940	0.01775	0.02644	0.03642	0.40668	0.18911	0.15437	0.02385	0.01230	0.00344	0.00511	0.02106	0.01071	0.00928
6	0.02019	0.01648	0.02115	0.02197	0.09430	0.01612	0.01457	0.03010	0.15061	0.03712	0.21711	0.04607	0.04797	0.01630	0.01287	0.06046	0.00748	0.01240	0.00867	0.14806
7	0.01304	0.01014	0.01185	0.01204	0.01457	0.00895	0.00879	0.01626	0.02463	0.03210	0.25699	0.19621	0.30676	0.02546	0.01231	0.00352	0.00522	0.02206	0.01014	0.00895
8	0.03079	0.01809	0.06631	0.01769	0.02373	0.01451	0.01511	0.06719	0.02797	0.28949	0.14329	0.15898	0.04606	0.01787	0.01116	0.00338	0.00813	0.01533	0.01096	0.01397

[dist]
# distance from previous block
# <min> <max>
5	160

# created by:
# /st0/software/busco_prod/Augustus/scripts/msa2prfl.pl ./align_prep/6799.fa
