[name]
unknown

[dist]
# distance from previous block
# <min> <max>
0	53

[block]
# block no. 0 follows, 15 sequences, length 81
# corresponding to MSA columns:
# 53-133
name=unknown_A
#
# <colnr> <probs for GDERKNQSTAVLIFYWHMCP>
#	G	D	E	R	K	N	Q	S	T	A	V	L	I	F	Y	W	H	M	C	P
0	0.01623	0.01133	0.01490	0.01345	0.01675	0.01059	0.05557	0.02060	0.02293	0.03380	0.13903	0.06347	0.19544	0.01757	0.00993	0.00298	0.00611	0.04580	0.29413	0.00942
1	0.04114	0.01708	0.02277	0.01729	0.02518	0.01445	0.01423	0.04508	0.02736	0.51063	0.03611	0.03195	0.02320	0.01160	0.00963	0.00284	0.00832	0.00941	0.01138	0.12034
2	0.01750	0.01522	0.06612	0.01572	0.01787	0.01387	0.01251	0.05031	0.01709	0.02372	0.02431	0.04240	0.02471	0.24946	0.15843	0.17220	0.05409	0.01100	0.00547	0.00800
3	0.01803	0.01078	0.01546	0.01463	0.01666	0.01098	0.01089	0.01880	0.01716	0.06514	0.07201	0.03738	0.02745	0.04617	0.26179	0.27380	0.01546	0.01022	0.00600	0.05119
4	0.01338	0.01021	0.01511	0.01586	0.01716	0.00963	0.04780	0.01559	0.01921	0.02562	0.05031	0.51963	0.05927	0.08335	0.01603	0.00452	0.00709	0.05320	0.00867	0.00836
5	0.61608	0.01937	0.01628	0.05160	0.02291	0.02256	0.01227	0.03113	0.06534	0.04327	0.01645	0.01867	0.01266	0.00967	0.00675	0.00313	0.00807	0.00612	0.00641	0.01125
6	0.02485	0.07881	0.04149	0.05734	0.53845	0.02506	0.02941	0.03053	0.02249	0.03177	0.01832	0.02392	0.01553	0.00885	0.00957	0.00289	0.01174	0.00857	0.00488	0.01553
7	0.02423	0.02330	0.03935	0.09325	0.47156	0.02378	0.06129	0.03230	0.07026	0.03286	0.02068	0.02603	0.01686	0.00933	0.01002	0.00305	0.01190	0.00927	0.00536	0.01534
8	0.04473	0.01697	0.02313	0.01774	0.02545	0.01465	0.01465	0.04858	0.02853	0.59437	0.03933	0.03393	0.02468	0.01234	0.01003	0.00308	0.00848	0.01003	0.01234	0.01697
9	0.03053	0.19995	0.03360	0.02061	0.02783	0.06335	0.01742	0.21949	0.20707	0.04303	0.02605	0.02569	0.01993	0.01143	0.00899	0.00286	0.01028	0.00857	0.00819	0.01513
10	0.02255	0.28350	0.38846	0.02405	0.03640	0.02941	0.02924	0.03091	0.02074	0.02845	0.01634	0.01911	0.01269	0.00911	0.00829	0.00276	0.01317	0.00658	0.00423	0.01399
11	0.02077	0.01775	0.02233	0.02018	0.02314	0.02176	0.01610	0.06042	0.19764	0.03158	0.02785	0.03359	0.02348	0.03785	0.24559	0.00844	0.16220	0.01032	0.00693	0.01206
12	0.02698	0.02086	0.03020	0.02413	0.02879	0.06210	0.11881	0.03135	0.02383	0.16513	0.14775	0.03714	0.03428	0.01464	0.01693	0.00346	0.18163	0.01153	0.00792	0.01255
13	0.03308	0.02553	0.02721	0.02196	0.02908	0.02867	0.01778	0.36994	0.23900	0.05506	0.03005	0.02881	0.02191	0.01254	0.01004	0.00313	0.00984	0.00982	0.01004	0.01652
14	0.02181	0.02181	0.03053	0.02617	0.02617	0.03053	0.02181	0.02399	0.01527	0.02399	0.01309	0.02181	0.01309	0.01745	0.03272	0.00436	0.63141	0.00872	0.00436	0.01091
15	0.02100	0.02279	0.08320	0.37349	0.25034	0.02278	0.02951	0.02782	0.02101	0.02852	0.01810	0.02542	0.01412	0.00954	0.00989	0.00318	0.01290	0.00874	0.00459	0.01307
16	0.01732	0.00866	0.01299	0.01299	0.01299	0.00866	0.00866	0.01299	0.01299	0.01732	0.01732	0.03030	0.01732	0.03463	0.03896	0.70996	0.00866	0.00866	0.00433	0.00433
17	0.02391	0.02051	0.02199	0.01993	0.02524	0.02376	0.01550	0.05002	0.52292	0.04014	0.03941	0.03736	0.02997	0.01867	0.06060	0.00444	0.00947	0.01122	0.00974	0.01520
18	0.01635	0.01049	0.01331	0.01257	0.01526	0.00959	0.00943	0.02054	0.02643	0.07830	0.41326	0.11828	0.12396	0.02044	0.01134	0.00317	0.00510	0.01789	0.06454	0.00976
19	0.01426	0.01059	0.01557	0.01557	0.01720	0.01222	0.01190	0.01751	0.01589	0.02281	0.02711	0.04144	0.02591	0.12491	0.56135	0.01547	0.02522	0.01101	0.00540	0.00865
20	0.01552	0.01016	0.01315	0.01344	0.01547	0.00936	0.00977	0.01865	0.02344	0.07131	0.25479	0.28151	0.11158	0.05939	0.01426	0.00392	0.00592	0.04925	0.00994	0.00919
21	0.01915	0.01805	0.03049	0.59444	0.09738	0.02223	0.02785	0.02575	0.02009	0.02586	0.01778	0.02647	0.01343	0.00991	0.00996	0.00330	0.01321	0.00886	0.00446	0.01134
22	0.45715	0.02206	0.02056	0.01716	0.02333	0.02561	0.01417	0.18429	0.02567	0.04828	0.01679	0.01898	0.01282	0.01077	0.00961	0.00317	0.06308	0.00675	0.00714	0.01263
23	0.03047	0.01645	0.02343	0.01812	0.02504	0.01403	0.05964	0.03485	0.02558	0.29236	0.11548	0.07604	0.03467	0.01327	0.00999	0.00280	0.00820	0.01161	0.00978	0.17816
24	0.03293	0.12014	0.06453	0.02685	0.07902	0.29374	0.02062	0.13701	0.07180	0.03411	0.01922	0.02110	0.01523	0.01045	0.00903	0.00272	0.01417	0.00741	0.00627	0.01363
25	0.31110	0.03619	0.02280	0.02064	0.02619	0.37410	0.01587	0.03559	0.02372	0.03255	0.01480	0.01726	0.01202	0.00986	0.00786	0.00278	0.01386	0.00601	0.00555	0.01125
26	0.01928	0.04795	0.54672	0.02682	0.04056	0.02187	0.03428	0.03006	0.02119	0.03117	0.02514	0.02758	0.06241	0.01085	0.00967	0.00318	0.01389	0.00856	0.00465	0.01418
27	0.02665	0.65565	0.05224	0.01706	0.02559	0.03945	0.01706	0.02985	0.02026	0.02345	0.01386	0.01599	0.01279	0.00853	0.00640	0.00213	0.01066	0.00533	0.00426	0.01279
28	0.01257	0.00922	0.01186	0.01358	0.01484	0.00852	0.00956	0.01490	0.02069	0.02726	0.10719	0.47613	0.13989	0.02916	0.01259	0.00392	0.00585	0.06453	0.00940	0.00834
29	0.09238	0.02537	0.03124	0.02402	0.03185	0.02730	0.09172	0.33696	0.09812	0.10100	0.02577	0.02605	0.01837	0.01145	0.00993	0.00310	0.01095	0.00941	0.00919	0.01582
30	0.02083	0.02304	0.07823	0.06483	0.02971	0.02678	0.02211	0.02439	0.01654	0.02532	0.01512	0.02321	0.01402	0.01958	0.06826	0.00480	0.44742	0.00855	0.00454	0.06273
31	0.01332	0.00979	0.01104	0.01122	0.01374	0.00873	0.00823	0.01655	0.02328	0.03132	0.20561	0.17089	0.30336	0.02319	0.01129	0.00328	0.00503	0.01991	0.10150	0.00873
32	0.01310	0.01007	0.01198	0.01167	0.01432	0.00895	0.00869	0.01680	0.02559	0.03413	0.36696	0.11447	0.28149	0.02286	0.01182	0.00328	0.00490	0.01977	0.01022	0.00895
33	0.02593	0.02915	0.12708	0.08163	0.22986	0.02531	0.15468	0.13498	0.02728	0.03781	0.01992	0.02464	0.01521	0.00954	0.01029	0.00312	0.01340	0.00936	0.00582	0.01498
34	0.02803	0.02388	0.03770	0.05246	0.46511	0.02419	0.02776	0.11162	0.02677	0.07468	0.02092	0.02518	0.01656	0.00958	0.00990	0.00297	0.01149	0.00897	0.00620	0.01605
35	0.01411	0.01019	0.01333	0.01254	0.01489	0.00941	0.00941	0.01881	0.02822	0.03998	0.58221	0.07447	0.09406	0.02038	0.01176	0.00314	0.00470	0.01803	0.01097	0.00941
36	0.02288	0.02223	0.06159	0.02141	0.02752	0.02256	0.05773	0.04515	0.41533	0.04004	0.11364	0.04058	0.03703	0.01383	0.01045	0.00333	0.00858	0.01200	0.00948	0.01463
37	0.01450	0.00966	0.01087	0.01087	0.01087	0.00966	0.00604	0.01450	0.01450	0.01933	0.03141	0.06524	0.03624	0.64965	0.05074	0.00966	0.00966	0.01450	0.00604	0.00604
38	0.18128	0.03470	0.19390	0.02340	0.03221	0.14702	0.06784	0.03445	0.02327	0.10768	0.04893	0.02432	0.01832	0.01045	0.00903	0.00302	0.01271	0.00802	0.00634	0.01309
39	0.01215	0.00868	0.01157	0.01388	0.01446	0.00810	0.00925	0.01388	0.01909	0.02545	0.05495	0.64315	0.06593	0.03123	0.01272	0.00405	0.00578	0.02834	0.00925	0.00810
40	0.02181	0.02181	0.03053	0.02617	0.02617	0.03053	0.02181	0.02399	0.01527	0.02399	0.01309	0.02181	0.01309	0.01745	0.03272	0.00436	0.63141	0.00872	0.00436	0.01091
41	0.02542	0.02631	0.12783	0.02131	0.02902	0.02190	0.01990	0.11488	0.02443	0.07688	0.01933	0.02251	0.01510	0.01112	0.01403	0.00279	0.14849	0.00760	0.00640	0.26474
42	0.03294	0.02546	0.02713	0.02194	0.02903	0.02860	0.01775	0.36477	0.24439	0.05484	0.03022	0.02895	0.02205	0.01256	0.01004	0.00314	0.00981	0.00984	0.01004	0.01651
43	0.01450	0.00966	0.01087	0.01087	0.01087	0.00966	0.00604	0.01450	0.01450	0.01933	0.03141	0.06524	0.03624	0.64965	0.05074	0.00966	0.00966	0.01450	0.00604	0.00604
44	0.03154	0.10791	0.03236	0.02382	0.06082	0.09827	0.07334	0.07012	0.08458	0.17094	0.02537	0.02582	0.01861	0.01026	0.00917	0.00268	0.01098	0.00846	0.00773	0.12720
45	0.03253	0.04724	0.18543	0.02624	0.03422	0.40691	0.02408	0.07403	0.02759	0.02910	0.01670	0.01925	0.01307	0.01017	0.00919	0.00276	0.01659	0.00686	0.00522	0.01282
46	0.02389	0.01762	0.02100	0.01516	0.02387	0.01347	0.01219	0.02825	0.02172	0.10774	0.02061	0.02245	0.01609	0.00805	0.00774	0.00169	0.00753	0.00646	0.00677	0.61770
47	0.02557	0.02670	0.03401	0.07625	0.14280	0.12204	0.09118	0.03529	0.14000	0.03070	0.02176	0.02606	0.01760	0.01204	0.01513	0.00338	0.15087	0.00933	0.00594	0.01336
48	0.01883	0.01772	0.02990	0.62569	0.06866	0.02215	0.02769	0.02547	0.01993	0.02547	0.01772	0.02658	0.01329	0.00997	0.00997	0.00332	0.01329	0.00886	0.00443	0.01107
49	0.01881	0.14171	0.07248	0.05724	0.02498	0.01943	0.01595	0.02674	0.09339	0.03304	0.21398	0.05706	0.08927	0.01686	0.01045	0.00319	0.00829	0.07761	0.00820	0.01134
50	0.01324	0.00963	0.01186	0.01229	0.01428	0.00877	0.00884	0.01652	0.02370	0.03239	0.28047	0.26224	0.18216	0.02444	0.01181	0.00344	0.00512	0.02153	0.04851	0.00877
51	0.01961	0.03275	0.28937	0.02302	0.03145	0.02080	0.02460	0.03238	0.15036	0.03277	0.05772	0.13497	0.03017	0.01532	0.01202	0.00345	0.05656	0.01255	0.00684	0.01328
52	0.02142	0.02189	0.08437	0.02903	0.06484	0.01940	0.20910	0.02744	0.02198	0.07185	0.09911	0.03708	0.02906	0.05773	0.11345	0.00577	0.05634	0.01171	0.00637	0.01207
53	0.02759	0.01931	0.02819	0.02082	0.02883	0.01699	0.09873	0.03231	0.02275	0.18049	0.02344	0.02526	0.01731	0.00970	0.01091	0.00244	0.06164	0.00816	0.00734	0.35780
54	0.02067	0.01772	0.02067	0.01477	0.02362	0.01329	0.01181	0.02510	0.02067	0.03248	0.01772	0.02067	0.01477	0.00738	0.00738	0.00148	0.00738	0.00591	0.00591	0.71059
55	0.01434	0.01028	0.01400	0.01400	0.01508	0.01136	0.00993	0.01650	0.01542	0.02164	0.02855	0.04942	0.02938	0.30098	0.39002	0.01352	0.02000	0.01218	0.00562	0.00778
56	0.01999	0.05157	0.59800	0.02841	0.04315	0.02315	0.03683	0.03157	0.02105	0.03157	0.01789	0.02105	0.01263	0.00947	0.00947	0.00316	0.01473	0.00737	0.00421	0.01473
57	0.01323	0.00966	0.01245	0.01280	0.01462	0.00887	0.00920	0.01673	0.02459	0.03385	0.35911	0.27325	0.12547	0.02455	0.01209	0.00347	0.00511	0.02185	0.01023	0.00887
58	0.02439	0.02395	0.07093	0.02097	0.02737	0.02466	0.01755	0.05117	0.52334	0.04085	0.03867	0.03584	0.02893	0.01318	0.01009	0.00336	0.00846	0.01094	0.00964	0.01569
59	0.01999	0.05157	0.59800	0.02841	0.04315	0.02315	0.03683	0.03157	0.02105	0.03157	0.01789	0.02105	0.01263	0.00947	0.00947	0.00316	0.01473	0.00737	0.00421	0.01473
60	0.02300	0.02214	0.07180	0.02437	0.03063	0.02119	0.13575	0.03655	0.20495	0.07612	0.14940	0.04026	0.03764	0.01382	0.01270	0.00337	0.06216	0.01226	0.00842	0.01347
61	0.72007	0.01928	0.01465	0.01311	0.01928	0.02236	0.01080	0.02930	0.01697	0.04473	0.01388	0.01619	0.01080	0.00925	0.00617	0.00308	0.00771	0.00540	0.00617	0.01080
62	0.01732	0.00866	0.01299	0.01299	0.01299	0.00866	0.00866	0.01299	0.01299	0.01732	0.01732	0.03030	0.01732	0.03463	0.03896	0.70996	0.00866	0.00866	0.00433	0.00433
63	0.72007	0.01928	0.01465	0.01311	0.01928	0.02236	0.01080	0.02930	0.01697	0.04473	0.01388	0.01619	0.01080	0.00925	0.00617	0.00308	0.00771	0.00540	0.00617	0.01080
64	0.02025	0.04981	0.55975	0.02938	0.04378	0.02330	0.07333	0.03160	0.02122	0.03160	0.01805	0.02146	0.01281	0.00940	0.00963	0.00317	0.01488	0.00768	0.00427	0.01464
65	0.01450	0.00966	0.01087	0.01087	0.01087	0.00966	0.00604	0.01450	0.01450	0.01933	0.03141	0.06524	0.03624	0.64965	0.05074	0.00966	0.00966	0.01450	0.00604	0.00604
66	0.02546	0.42638	0.21496	0.02115	0.03129	0.07870	0.02319	0.03114	0.02111	0.02597	0.01519	0.01767	0.01275	0.00895	0.00752	0.00248	0.01246	0.00603	0.00432	0.01328
67	0.01213	0.01008	0.01066	0.01103	0.01408	0.00861	0.00834	0.01474	0.02243	0.02702	0.09356	0.14317	0.50109	0.02592	0.01201	0.00351	0.00542	0.05849	0.00925	0.00845
68	0.27084	0.02761	0.02099	0.01849	0.02419	0.20146	0.01448	0.07345	0.07265	0.08094	0.05562	0.02793	0.04917	0.01183	0.00857	0.00296	0.01087	0.00837	0.00739	0.01219
69	0.01285	0.01014	0.01157	0.01121	0.01412	0.00887	0.00841	0.01636	0.02523	0.03289	0.32080	0.08613	0.35989	0.02302	0.01177	0.00326	0.00489	0.01966	0.01004	0.00887
70	0.02356	0.02371	0.07598	0.02939	0.14970	0.02327	0.02039	0.04368	0.36184	0.03869	0.07378	0.03579	0.03036	0.01266	0.01014	0.00325	0.00912	0.01091	0.00855	0.01522
71	0.01260	0.00940	0.01173	0.01269	0.01436	0.00852	0.00893	0.01532	0.02238	0.02974	0.20914	0.36778	0.18705	0.02695	0.01225	0.00365	0.00533	0.02392	0.00972	0.00852
72	0.02362	0.02359	0.06623	0.02678	0.07553	0.02682	0.02095	0.08569	0.12068	0.03222	0.02148	0.02840	0.01866	0.06384	0.02405	0.00425	0.30870	0.00959	0.00618	0.01274
73	0.01450	0.00966	0.01087	0.01087	0.01087	0.00966	0.00604	0.01450	0.01450	0.01933	0.03141	0.06524	0.03624	0.64965	0.05074	0.00966	0.00966	0.01450	0.00604	0.00604
74	0.02606	0.02122	0.02886	0.19339	0.04051	0.02441	0.05941	0.10204	0.22201	0.08407	0.02836	0.03036	0.02099	0.01216	0.01193	0.00337	0.05879	0.01005	0.00787	0.01414
75	0.02307	0.16679	0.18127	0.02074	0.03107	0.02332	0.04714	0.06268	0.02253	0.03223	0.01745	0.02028	0.01394	0.00853	0.00810	0.00225	0.01073	0.00666	0.00533	0.29588
76	0.02607	0.60296	0.09984	0.01805	0.02712	0.03802	0.01878	0.03000	0.02032	0.02416	0.01421	0.01643	0.01278	0.00861	0.00666	0.00222	0.01102	0.00551	0.00426	0.01296
77	0.03054	0.01646	0.01959	0.01599	0.02159	0.01602	0.01286	0.15184	0.03096	0.23523	0.13619	0.04587	0.09543	0.01495	0.01007	0.00299	0.00747	0.01226	0.11005	0.01363
78	0.26745	0.02023	0.03069	0.28469	0.04769	0.02288	0.13357	0.02820	0.01965	0.03365	0.01689	0.02298	0.01280	0.00938	0.00901	0.00325	0.01207	0.00826	0.00517	0.01148
79	0.02202	0.04692	0.51505	0.02707	0.04063	0.02271	0.03372	0.03436	0.06403	0.06992	0.02108	0.02316	0.01481	0.00998	0.00956	0.00317	0.01379	0.00785	0.00521	0.01496
80	0.18660	0.02668	0.12420	0.03299	0.18662	0.02237	0.06731	0.07084	0.02392	0.13453	0.02155	0.02388	0.01570	0.00984	0.00915	0.00308	0.01115	0.00829	0.00674	0.01457

[dist]
# distance from previous block
# <min> <max>
0	1

[block]
# block no. 1 follows, 15 sequences, length 13
# corresponding to MSA columns:
# 135-147
name=unknown_B
#
# <colnr> <probs for GDERKNQSTAVLIFYWHMCP>
#	G	D	E	R	K	N	Q	S	T	A	V	L	I	F	Y	W	H	M	C	P
0	0.02478	0.14805	0.07285	0.02282	0.08858	0.02373	0.01779	0.11050	0.06875	0.03510	0.02092	0.02541	0.01755	0.05747	0.01151	0.00290	0.00984	0.00779	0.00633	0.22733
1	0.01425	0.01463	0.07778	0.01410	0.01780	0.01067	0.01219	0.01912	0.02576	0.03579	0.40031	0.12732	0.15073	0.02091	0.01160	0.00326	0.00597	0.01827	0.00981	0.00973
2	0.02529	0.08392	0.29414	0.02888	0.09735	0.02621	0.02788	0.13778	0.11131	0.03882	0.02240	0.02415	0.01661	0.01046	0.00949	0.00306	0.01231	0.00831	0.00635	0.01531
3	0.01449	0.01138	0.01338	0.01410	0.01649	0.01115	0.01035	0.02103	0.10700	0.02998	0.11110	0.31536	0.19813	0.02567	0.01207	0.00373	0.00608	0.05942	0.00954	0.00958
4	0.01847	0.01422	0.01746	0.01712	0.02001	0.01568	0.01322	0.06545	0.15070	0.03153	0.03858	0.14434	0.03797	0.09227	0.19011	0.00789	0.01365	0.09244	0.00808	0.01079
5	0.02667	0.02126	0.03020	0.02497	0.02809	0.02626	0.06225	0.03371	0.10485	0.13318	0.02281	0.02687	0.01811	0.01516	0.02330	0.00389	0.36902	0.00961	0.00680	0.01299
6	0.02218	0.02193	0.02740	0.19437	0.07432	0.08679	0.02103	0.02661	0.02033	0.02740	0.01904	0.02939	0.01697	0.01241	0.01493	0.00313	0.15839	0.04589	0.00522	0.17227
7	0.01215	0.00868	0.01157	0.01388	0.01446	0.00810	0.00925	0.01388	0.01909	0.02545	0.05495	0.64315	0.06593	0.03123	0.01272	0.00405	0.00578	0.02834	0.00925	0.00810
8	0.02578	0.02246	0.03692	0.10465	0.45825	0.02290	0.02805	0.03311	0.06009	0.07788	0.02180	0.02644	0.01728	0.00957	0.00991	0.00303	0.01143	0.00913	0.00584	0.01547
9	0.01215	0.00868	0.01157	0.01388	0.01446	0.00810	0.00925	0.01388	0.01909	0.02545	0.05495	0.64315	0.06593	0.03123	0.01272	0.00405	0.00578	0.02834	0.00925	0.00810
10	0.01431	0.01041	0.01465	0.01465	0.01595	0.01171	0.01074	0.01692	0.01561	0.02212	0.02796	0.04613	0.02795	0.22845	0.46060	0.01432	0.02215	0.01170	0.00553	0.00814
11	0.02290	0.18202	0.27916	0.02176	0.03303	0.02483	0.02436	0.06355	0.02245	0.03196	0.01730	0.01995	0.01352	0.00886	0.00823	0.00246	0.01157	0.00661	0.00505	0.20044
12	0.10194	0.20244	0.16310	0.02136	0.03067	0.05872	0.02139	0.17866	0.02851	0.07737	0.01941	0.02070	0.01452	0.01013	0.00845	0.00279	0.01159	0.00719	0.00664	0.01441

[dist]
# distance from previous block
# <min> <max>
4	10

[block]
# block no. 2 follows, 15 sequences, length 34
# corresponding to MSA columns:
# 158-191
name=unknown_C
#
# <colnr> <probs for GDERKNQSTAVLIFYWHMCP>
#	G	D	E	R	K	N	Q	S	T	A	V	L	I	F	Y	W	H	M	C	P
0	0.03036	0.03216	0.06873	0.02265	0.02910	0.20912	0.01864	0.08188	0.29083	0.06721	0.02968	0.02880	0.02227	0.01202	0.00971	0.00306	0.01184	0.00921	0.00822	0.01451
1	0.02776	0.02123	0.02485	0.02067	0.02714	0.05252	0.05566	0.04392	0.29518	0.13885	0.03519	0.06701	0.02719	0.01293	0.00996	0.00307	0.00904	0.01107	0.00927	0.10748
2	0.02467	0.02369	0.04046	0.06119	0.58747	0.02369	0.03059	0.03059	0.02270	0.03257	0.01875	0.02467	0.01579	0.00888	0.00987	0.00296	0.01184	0.00888	0.00493	0.01579
3	0.02360	0.02260	0.03853	0.16434	0.49267	0.02341	0.03006	0.02966	0.02219	0.03127	0.01856	0.02502	0.01533	0.00908	0.00989	0.00303	0.01211	0.00888	0.00484	0.01493
4	0.02067	0.01772	0.02067	0.01477	0.02362	0.01329	0.01181	0.02510	0.02067	0.03248	0.01772	0.02067	0.01477	0.00738	0.00738	0.00148	0.00738	0.00591	0.00591	0.71059
5	0.01339	0.00979	0.01257	0.01267	0.01465	0.00897	0.00920	0.01712	0.02534	0.03500	0.40092	0.22461	0.13136	0.02365	0.01201	0.00339	0.00502	0.02099	0.01037	0.00897
6	0.01659	0.01100	0.01380	0.01332	0.01643	0.00996	0.01049	0.02061	0.02587	0.08530	0.31363	0.08293	0.21485	0.02216	0.01194	0.00344	0.00589	0.10168	0.01033	0.00979
7	0.02804	0.02441	0.03103	0.03126	0.15004	0.06524	0.05720	0.22156	0.03182	0.04277	0.08951	0.06875	0.02822	0.01365	0.01247	0.00319	0.06776	0.01125	0.00776	0.01407
8	0.01999	0.05157	0.59800	0.02841	0.04315	0.02315	0.03683	0.03157	0.02105	0.03157	0.01789	0.02105	0.01263	0.00947	0.00947	0.00316	0.01473	0.00737	0.00421	0.01473
9	0.01997	0.01944	0.02550	0.10840	0.07317	0.08667	0.08246	0.02645	0.05647	0.03378	0.26085	0.05048	0.08440	0.01525	0.01094	0.00314	0.00975	0.01368	0.00800	0.01119
10	0.01481	0.01143	0.01721	0.08828	0.02324	0.01336	0.01369	0.01842	0.01635	0.02307	0.02606	0.04004	0.02457	0.11947	0.48753	0.01393	0.02355	0.01081	0.00530	0.00890
11	0.02210	0.24222	0.42576	0.02483	0.03760	0.02829	0.03059	0.03103	0.02080	0.02901	0.01662	0.01945	0.01268	0.00917	0.00850	0.00283	0.01345	0.00672	0.00423	0.01412
12	0.01999	0.05157	0.59800	0.02841	0.04315	0.02315	0.03683	0.03157	0.02105	0.03157	0.01789	0.02105	0.01263	0.00947	0.00947	0.00316	0.01473	0.00737	0.00421	0.01473
13	0.01258	0.00966	0.01158	0.01254	0.01460	0.00867	0.00913	0.01527	0.02211	0.02843	0.14793	0.30629	0.27310	0.02705	0.01230	0.00369	0.00560	0.06148	0.00949	0.00849
14	0.01367	0.01017	0.01272	0.01208	0.01462	0.00922	0.00906	0.01796	0.02718	0.03751	0.49127	0.07852	0.18654	0.02130	0.01176	0.00318	0.00477	0.01860	0.01065	0.00922
15	0.01412	0.00951	0.01098	0.01136	0.01145	0.00941	0.00656	0.01440	0.01524	0.02032	0.03521	0.15850	0.04103	0.54986	0.04461	0.00876	0.00904	0.01673	0.00656	0.00637
16	0.02570	0.01997	0.02506	0.02116	0.02410	0.02411	0.01701	0.20529	0.02581	0.03592	0.01905	0.02604	0.01646	0.02463	0.07887	0.16329	0.22082	0.00898	0.00639	0.01135
17	0.02102	0.04496	0.45984	0.03413	0.10927	0.02349	0.10445	0.03150	0.02157	0.03174	0.01830	0.02226	0.01334	0.00926	0.00982	0.00316	0.01466	0.00813	0.00441	0.01469
18	0.02038	0.01653	0.01906	0.01399	0.02193	0.01272	0.01113	0.02484	0.02070	0.03315	0.01981	0.02300	0.01629	0.00798	0.00732	0.00160	0.00700	0.00638	0.10468	0.61151
19	0.02076	0.11124	0.06882	0.09097	0.02946	0.02241	0.01775	0.03094	0.14470	0.03317	0.15502	0.03726	0.03619	0.01358	0.01218	0.00306	0.07823	0.01066	0.00734	0.07625
20	0.06897	0.04432	0.45020	0.03089	0.10557	0.02374	0.03301	0.06999	0.02288	0.03489	0.01817	0.02137	0.01320	0.00957	0.00933	0.00312	0.01364	0.00753	0.00485	0.01476
21	0.13369	0.10443	0.08012	0.01942	0.02774	0.02419	0.01764	0.18267	0.03027	0.24492	0.02626	0.02519	0.01796	0.01105	0.00896	0.00294	0.00991	0.00824	0.00904	0.01536
22	0.01446	0.00971	0.01110	0.01103	0.01124	0.00964	0.00635	0.01489	0.01575	0.02122	0.08182	0.06608	0.04153	0.59206	0.04717	0.00907	0.00921	0.01482	0.00649	0.00635
23	0.01519	0.01113	0.01574	0.01552	0.01652	0.01284	0.01149	0.01691	0.01556	0.02203	0.02731	0.08711	0.02804	0.16237	0.34542	0.09571	0.07531	0.01228	0.00555	0.00798
24	0.02410	0.02811	0.10177	0.27699	0.17011	0.09780	0.06428	0.06291	0.02367	0.03041	0.01823	0.02427	0.01406	0.00973	0.00989	0.00311	0.01384	0.00859	0.00499	0.01313
25	0.01952	0.01843	0.03116	0.55835	0.13055	0.02233	0.02803	0.02608	0.02026	0.02632	0.01784	0.02635	0.01359	0.00984	0.00996	0.00328	0.01312	0.00886	0.00449	0.01164
26	0.01402	0.01026	0.01352	0.01395	0.01608	0.00976	0.01079	0.01799	0.02445	0.03341	0.31421	0.16491	0.12225	0.02767	0.05411	0.00449	0.00734	0.12194	0.00981	0.00904
27	0.02695	0.01749	0.02425	0.02684	0.14510	0.01732	0.01764	0.09733	0.05143	0.16367	0.14531	0.07527	0.04249	0.01620	0.01100	0.00333	0.00873	0.08655	0.00947	0.01363
28	0.14735	0.02349	0.02519	0.02402	0.09265	0.06406	0.01715	0.18307	0.10248	0.14318	0.02648	0.02661	0.01915	0.01129	0.00912	0.00300	0.00982	0.00870	0.04836	0.01483
29	0.02220	0.02289	0.05658	0.02987	0.09517	0.02672	0.06100	0.03039	0.11501	0.02901	0.02031	0.02642	0.01743	0.01870	0.06366	0.00471	0.33231	0.00949	0.00556	0.01257
30	0.02676	0.02247	0.07594	0.02251	0.06920	0.02021	0.01790	0.09995	0.18731	0.11873	0.08364	0.03718	0.03030	0.01284	0.00995	0.00300	0.00895	0.03192	0.00894	0.11230
31	0.02650	0.01886	0.02695	0.02392	0.09355	0.01656	0.06822	0.03260	0.06411	0.14838	0.02427	0.02642	0.01834	0.01099	0.01100	0.04998	0.00920	0.00829	0.00725	0.31464
32	0.02287	0.01886	0.02932	0.31465	0.16744	0.02070	0.02389	0.03080	0.07196	0.08187	0.05410	0.03012	0.02113	0.01068	0.00989	0.00309	0.01114	0.00951	0.00626	0.06172
33	0.02274	0.01734	0.02499	0.08844	0.07113	0.01539	0.05597	0.02781	0.02336	0.10310	0.12735	0.03392	0.03092	0.01093	0.00935	0.00245	0.00872	0.00971	0.00736	0.30900

[dist]
# distance from previous block
# <min> <max>
11	53

[block]
# block no. 3 follows, 15 sequences, length 24
# corresponding to MSA columns:
# 246-269
name=unknown_D
#
# <colnr> <probs for GDERKNQSTAVLIFYWHMCP>
#	G	D	E	R	K	N	Q	S	T	A	V	L	I	F	Y	W	H	M	C	P
0	0.02710	0.02178	0.03280	0.08651	0.13830	0.02198	0.10483	0.11629	0.09056	0.09911	0.05978	0.03021	0.02310	0.01086	0.01008	0.00296	0.01084	0.00999	0.00760	0.09531
1	0.01596	0.01434	0.05182	0.05873	0.02071	0.01401	0.01321	0.01849	0.01660	0.02283	0.02955	0.05664	0.03147	0.33445	0.13674	0.00884	0.07078	0.07069	0.00590	0.00824
2	0.02840	0.26892	0.07732	0.09683	0.12172	0.16031	0.02210	0.03288	0.02292	0.05855	0.01715	0.02039	0.01400	0.00942	0.00835	0.00262	0.01294	0.00695	0.00504	0.01316
3	0.02198	0.20398	0.28604	0.02145	0.03284	0.02470	0.02435	0.02925	0.02073	0.02965	0.01676	0.01958	0.01329	0.00862	0.00805	0.00240	0.01153	0.00640	0.00471	0.21369
4	0.02616	0.16514	0.06538	0.15738	0.12615	0.02598	0.05305	0.03543	0.11172	0.10276	0.02369	0.02631	0.01792	0.01024	0.00926	0.00297	0.01124	0.00871	0.00645	0.01406
5	0.02650	0.11650	0.21597	0.02080	0.03048	0.02135	0.02185	0.06219	0.02334	0.14731	0.02305	0.02512	0.01708	0.01700	0.07558	0.00415	0.01284	0.00786	0.00661	0.12441
6	0.02083	0.12717	0.52969	0.02699	0.04095	0.02519	0.03436	0.03136	0.02095	0.03055	0.01739	0.02041	0.01265	0.00935	0.00909	0.00303	0.01422	0.00711	0.00422	0.01449
7	0.01486	0.00979	0.01345	0.01446	0.01593	0.00960	0.01031	0.01743	0.01995	0.06222	0.10204	0.41362	0.05723	0.03849	0.14369	0.00652	0.01044	0.02225	0.00877	0.00897
8	0.02180	0.09207	0.09160	0.09103	0.03541	0.01998	0.14498	0.02784	0.02333	0.08294	0.11581	0.08675	0.03623	0.01478	0.01087	0.00333	0.01117	0.07082	0.00719	0.01206
9	0.07993	0.02043	0.03170	0.26777	0.26426	0.02257	0.02565	0.06715	0.02277	0.03270	0.02058	0.06287	0.01761	0.01094	0.00979	0.00318	0.01162	0.00980	0.00549	0.01318
10	0.01193	0.00951	0.01070	0.01166	0.01388	0.00828	0.00827	0.01413	0.02122	0.02632	0.08199	0.32170	0.36992	0.02772	0.01217	0.00365	0.00535	0.02405	0.00926	0.00828
11	0.02454	0.02317	0.03580	0.06531	0.12452	0.09540	0.18510	0.02915	0.02176	0.06752	0.02126	0.02820	0.01732	0.02260	0.10861	0.08651	0.01601	0.00980	0.00549	0.01193
12	0.02735	0.09749	0.11876	0.08609	0.03155	0.02265	0.02036	0.03418	0.06055	0.17112	0.02521	0.02742	0.01857	0.01209	0.01320	0.00317	0.12070	0.00870	0.08739	0.01344
13	0.03911	0.01532	0.02016	0.01592	0.02248	0.01350	0.01300	0.04314	0.02690	0.47472	0.03787	0.03463	0.02486	0.01218	0.00937	0.00292	0.00766	0.00987	0.16107	0.01532
14	0.01937	0.01877	0.03323	0.55851	0.06675	0.02250	0.08795	0.02621	0.02035	0.02621	0.01800	0.02661	0.01350	0.00979	0.01017	0.00333	0.01369	0.00919	0.00450	0.01135
15	0.02970	0.02714	0.12968	0.03597	0.14208	0.02136	0.20811	0.03675	0.02452	0.20491	0.02544	0.02772	0.01779	0.00987	0.01051	0.00317	0.01300	0.01000	0.00713	0.01517
16	0.01775	0.01568	0.02518	0.36237	0.09825	0.01791	0.02167	0.02365	0.02304	0.03112	0.21206	0.04288	0.04132	0.01345	0.01057	0.00322	0.01020	0.01202	0.00673	0.01094
17	0.01660	0.01308	0.01535	0.01458	0.01773	0.01338	0.01096	0.02719	0.17458	0.03766	0.33237	0.12802	0.11899	0.02014	0.01142	0.00332	0.00572	0.01758	0.01040	0.01091
18	0.03827	0.02156	0.09125	0.06859	0.07704	0.01694	0.01951	0.04339	0.02654	0.44023	0.03353	0.03113	0.02170	0.01154	0.00994	0.00310	0.00984	0.00954	0.01019	0.01617
19	0.02883	0.03533	0.23240	0.02965	0.04026	0.07688	0.18157	0.06879	0.02561	0.14822	0.02310	0.02531	0.01613	0.00997	0.01025	0.00314	0.01413	0.00922	0.00657	0.01465
20	0.01722	0.01321	0.01923	0.22478	0.03490	0.01413	0.01702	0.02156	0.02159	0.06188	0.05082	0.15917	0.15710	0.02064	0.01163	0.00371	0.00910	0.12455	0.00777	0.00997
21	0.01892	0.01285	0.01627	0.08009	0.02272	0.01295	0.01246	0.02601	0.08541	0.08692	0.23560	0.06301	0.13881	0.01798	0.01081	0.00322	0.00669	0.04866	0.08979	0.01081
22	0.03736	0.02104	0.02774	0.09563	0.12021	0.05038	0.01943	0.10319	0.02880	0.34623	0.03048	0.02958	0.02041	0.01137	0.00993	0.00305	0.01037	0.00939	0.00959	0.01581
23	0.02459	0.09789	0.08360	0.01933	0.02528	0.14992	0.01680	0.07964	0.09758	0.03511	0.17493	0.04230	0.08371	0.01445	0.00994	0.00294	0.01034	0.01150	0.00790	0.01224

[dist]
# distance from previous block
# <min> <max>
0	1

[block]
# block no. 4 follows, 15 sequences, length 9
# corresponding to MSA columns:
# 271-279
name=unknown_E
#
# <colnr> <probs for GDERKNQSTAVLIFYWHMCP>
#	G	D	E	R	K	N	Q	S	T	A	V	L	I	F	Y	W	H	M	C	P
0	0.01438	0.01084	0.01341	0.01318	0.01559	0.01035	0.00971	0.02026	0.07158	0.03591	0.38286	0.18246	0.13694	0.02241	0.01181	0.00336	0.00522	0.01976	0.01039	0.00959
1	0.02328	0.02675	0.12962	0.25001	0.25220	0.02385	0.02935	0.08635	0.02410	0.03322	0.01881	0.02465	0.01450	0.00970	0.00985	0.00312	0.01274	0.00863	0.00519	0.01408
2	0.07183	0.02422	0.03148	0.14747	0.17350	0.11298	0.06582	0.03449	0.02428	0.15338	0.04744	0.02789	0.01991	0.01056	0.00980	0.00304	0.01219	0.00917	0.00684	0.01369
3	0.02567	0.13676	0.08272	0.02879	0.03801	0.02526	0.24714	0.03499	0.09110	0.08429	0.02298	0.02585	0.01731	0.00940	0.00983	0.00291	0.01268	0.00948	0.00626	0.08858
4	0.02002	0.01088	0.01423	0.01410	0.01617	0.01024	0.00983	0.02190	0.01975	0.14793	0.04345	0.31799	0.04634	0.18980	0.06447	0.00614	0.00886	0.01951	0.00882	0.00956
5	0.02974	0.15719	0.17669	0.01984	0.02867	0.02126	0.02041	0.03560	0.02454	0.24035	0.08727	0.03547	0.02829	0.01249	0.00952	0.00299	0.01019	0.03693	0.00824	0.01429
6	0.14970	0.08638	0.02511	0.01762	0.02384	0.02083	0.04753	0.13091	0.02824	0.13029	0.14545	0.04064	0.08539	0.01393	0.00958	0.00302	0.00849	0.01129	0.00890	0.01285
7	0.02175	0.01855	0.07292	0.01808	0.02283	0.01621	0.01520	0.06336	0.08299	0.09946	0.06861	0.25203	0.04047	0.01935	0.01269	0.00340	0.06048	0.01636	0.00862	0.08665
8	0.02571	0.09826	0.20604	0.10151	0.03845	0.02213	0.07378	0.03404	0.05239	0.14329	0.02690	0.03498	0.02113	0.01206	0.01002	0.00324	0.01208	0.06334	0.00681	0.01384

[dist]
# distance from previous block
# <min> <max>
0	30

# created by:
# /st0/software/busco_prod/Augustus/scripts/msa2prfl.pl ./align_prep/6813.fa
