[name]
unknown

[dist]
# distance from previous block
# <min> <max>
0	18

[block]
# block no. 0 follows, 11 sequences, length 10
# corresponding to MSA columns:
# 18-27
name=unknown_A
#
# <colnr> <probs for GDERKNQSTAVLIFYWHMCP>
#	G	D	E	R	K	N	Q	S	T	A	V	L	I	F	Y	W	H	M	C	P
0	0.03411	0.02664	0.09779	0.11200	0.03970	0.02347	0.02337	0.11277	0.10969	0.19099	0.03632	0.04256	0.02731	0.01490	0.01165	0.00374	0.01179	0.05443	0.01011	0.01668
1	0.13255	0.02350	0.03015	0.02295	0.03187	0.02291	0.06327	0.14689	0.03358	0.26483	0.03180	0.03062	0.02148	0.01233	0.01058	0.00330	0.01088	0.01003	0.01079	0.08571
2	0.09349	0.02616	0.03942	0.12180	0.34620	0.02768	0.02984	0.10739	0.02895	0.04254	0.02142	0.02706	0.01713	0.01078	0.01077	0.00341	0.01297	0.00966	0.00654	0.01681
3	0.02143	0.01747	0.01663	0.01616	0.01725	0.09830	0.01072	0.02070	0.01845	0.02238	0.02717	0.05041	0.02898	0.29075	0.08664	0.21696	0.01362	0.01250	0.00599	0.00747
4	0.04290	0.04707	0.03170	0.02772	0.03428	0.42747	0.02124	0.11862	0.03531	0.07935	0.02130	0.02295	0.01641	0.01211	0.01043	0.00303	0.01809	0.00807	0.00739	0.01456
5	0.03247	0.01926	0.02374	0.02033	0.02694	0.01843	0.01662	0.11109	0.06266	0.18741	0.04300	0.11205	0.03812	0.01908	0.01210	0.00369	0.00965	0.11192	0.01103	0.12043
6	0.02611	0.02327	0.03626	0.38210	0.16625	0.02697	0.03036	0.10539	0.02806	0.03723	0.02138	0.02908	0.01626	0.01136	0.01123	0.00361	0.01424	0.01003	0.00613	0.01469
7	0.04221	0.04871	0.03232	0.02830	0.03482	0.44226	0.02167	0.14574	0.03659	0.03723	0.01955	0.02180	0.01553	0.01203	0.01040	0.00301	0.01853	0.00789	0.00702	0.01441
8	0.02946	0.02726	0.02638	0.02013	0.02930	0.10590	0.01598	0.10574	0.02944	0.04067	0.02070	0.02344	0.01671	0.00969	0.00909	0.00214	0.01091	0.00731	0.00726	0.46248
9	0.13138	0.01949	0.02490	0.01936	0.02784	0.01765	0.01599	0.05207	0.03055	0.47927	0.04074	0.03575	0.02586	0.01349	0.01076	0.00348	0.00947	0.01065	0.01304	0.01827

[dist]
# distance from previous block
# <min> <max>
0	6

[block]
# block no. 1 follows, 11 sequences, length 8
# corresponding to MSA columns:
# 34-41
name=unknown_B
#
# <colnr> <probs for GDERKNQSTAVLIFYWHMCP>
#	G	D	E	R	K	N	Q	S	T	A	V	L	I	F	Y	W	H	M	C	P
0	0.02257	0.05822	0.54613	0.03208	0.04871	0.02614	0.04158	0.03564	0.02376	0.03564	0.02020	0.02376	0.01426	0.01069	0.01069	0.00356	0.01663	0.00832	0.00475	0.01663
1	0.01629	0.01349	0.01951	0.01854	0.02214	0.01240	0.06153	0.02056	0.02588	0.03335	0.13330	0.18573	0.22901	0.02767	0.01405	0.00425	0.00834	0.13339	0.01018	0.01038
2	0.02412	0.02293	0.03893	0.35685	0.27568	0.02576	0.03268	0.03127	0.02386	0.03223	0.02051	0.02907	0.01623	0.01072	0.01121	0.00357	0.01430	0.01001	0.00525	0.01481
3	0.02257	0.05822	0.54613	0.03208	0.04871	0.02614	0.04158	0.03564	0.02376	0.03564	0.02020	0.02376	0.01426	0.01069	0.01069	0.00356	0.01663	0.00832	0.00475	0.01663
4	0.01707	0.01150	0.01412	0.01550	0.01766	0.01111	0.01210	0.02078	0.02357	0.03258	0.06067	0.17313	0.12610	0.09887	0.01870	0.00509	0.00814	0.18511	0.13857	0.00963
5	0.02366	0.02567	0.08857	0.03593	0.11227	0.02202	0.16832	0.07204	0.02810	0.03880	0.09318	0.16423	0.04099	0.01756	0.01277	0.00381	0.01281	0.01713	0.00799	0.01416
6	0.03005	0.10193	0.11145	0.09035	0.13315	0.02882	0.16862	0.07508	0.02801	0.08935	0.02363	0.02812	0.01763	0.01070	0.01129	0.00345	0.01498	0.01045	0.00670	0.01622
7	0.03521	0.26273	0.13215	0.02365	0.03419	0.03493	0.02349	0.18029	0.03349	0.10468	0.02347	0.02430	0.01750	0.01154	0.00958	0.00304	0.01265	0.00834	0.00791	0.01686

[dist]
# distance from previous block
# <min> <max>
0	24

[block]
# block no. 2 follows, 11 sequences, length 26
# corresponding to MSA columns:
# 66-91
name=unknown_C
#
# <colnr> <probs for GDERKNQSTAVLIFYWHMCP>
#	G	D	E	R	K	N	Q	S	T	A	V	L	I	F	Y	W	H	M	C	P
0	0.03110	0.19534	0.03416	0.02050	0.02771	0.13458	0.01708	0.03894	0.09783	0.08690	0.07852	0.03791	0.06906	0.01393	0.01000	0.00297	0.01154	0.01060	0.00825	0.07306
1	0.03862	0.20441	0.03968	0.02343	0.03206	0.09071	0.02004	0.23435	0.07379	0.09905	0.02577	0.02590	0.01926	0.01233	0.00996	0.00308	0.01257	0.00892	0.00905	0.01701
2	0.11976	0.08120	0.02413	0.01698	0.02346	0.02119	0.01349	0.06727	0.07691	0.03772	0.03218	0.03813	0.06633	0.07517	0.01758	0.07110	0.00934	0.01027	0.00758	0.19022
3	0.03553	0.37449	0.04446	0.01869	0.02740	0.03283	0.01738	0.03952	0.02581	0.18631	0.02641	0.02646	0.01988	0.01127	0.00854	0.00276	0.01066	0.00805	0.06802	0.01553
4	0.01701	0.01223	0.01457	0.01467	0.01589	0.01259	0.00962	0.02150	0.06940	0.02843	0.09262	0.15969	0.05179	0.33729	0.08640	0.00897	0.01111	0.01874	0.00843	0.00903
5	0.01695	0.01341	0.01768	0.01772	0.01916	0.01463	0.01345	0.01912	0.02228	0.02997	0.10740	0.24172	0.14617	0.02972	0.02149	0.07203	0.11775	0.06069	0.00902	0.00965
6	0.05050	0.01915	0.02612	0.02003	0.02873	0.01654	0.01654	0.05485	0.03221	0.54203	0.04440	0.03831	0.02786	0.01393	0.01132	0.00348	0.00958	0.01132	0.01393	0.01915
7	0.02776	0.04834	0.39094	0.02939	0.04343	0.02640	0.03472	0.08846	0.07929	0.08566	0.02577	0.02732	0.01810	0.01176	0.01089	0.00356	0.01474	0.00924	0.00696	0.01725
8	0.04163	0.01871	0.02474	0.01940	0.02776	0.01586	0.01604	0.04620	0.02975	0.38645	0.04090	0.04415	0.02927	0.01450	0.01113	0.00328	0.00940	0.05542	0.01207	0.15335
9	0.01898	0.01147	0.01479	0.01571	0.01803	0.01063	0.01154	0.02224	0.02459	0.08637	0.10368	0.34887	0.09990	0.02872	0.01334	0.00418	0.00697	0.07224	0.07713	0.01063
10	0.02257	0.05822	0.54613	0.03208	0.04871	0.02614	0.04158	0.03564	0.02376	0.03564	0.02020	0.02376	0.01426	0.01069	0.01069	0.00356	0.01663	0.00832	0.00475	0.01663
11	0.03052	0.38124	0.13950	0.02282	0.03336	0.03857	0.02346	0.10624	0.06393	0.03638	0.02042	0.02220	0.01660	0.01083	0.00877	0.00287	0.01268	0.00755	0.00627	0.01580
12	0.03242	0.50275	0.05371	0.02115	0.03004	0.14467	0.01974	0.03589	0.02463	0.02669	0.01599	0.01849	0.01445	0.01001	0.00779	0.00250	0.01364	0.00626	0.00501	0.01417
13	0.01339	0.01106	0.01176	0.01232	0.01544	0.00942	0.00896	0.01605	0.02478	0.03005	0.10290	0.21289	0.43228	0.02995	0.01353	0.00397	0.00588	0.02552	0.01045	0.00942
14	0.01637	0.01091	0.01228	0.01228	0.01228	0.01091	0.00682	0.01637	0.01637	0.02182	0.03546	0.07365	0.04092	0.60445	0.05729	0.01091	0.01091	0.01637	0.00682	0.00682
15	0.02257	0.05822	0.54613	0.03208	0.04871	0.02614	0.04158	0.03564	0.02376	0.03564	0.02020	0.02376	0.01426	0.01069	0.01069	0.00356	0.01663	0.00832	0.00475	0.01663
16	0.01921	0.00990	0.01440	0.01440	0.01440	0.00990	0.00945	0.01485	0.01485	0.01980	0.02128	0.03849	0.02187	0.10042	0.04543	0.60077	0.00990	0.01049	0.00510	0.00510
17	0.02764	0.02464	0.03693	0.03040	0.03254	0.03190	0.07311	0.03104	0.01984	0.08388	0.01883	0.02671	0.01644	0.01800	0.03167	0.00465	0.46207	0.01037	0.00598	0.01336
18	0.01637	0.01091	0.01228	0.01228	0.01228	0.01091	0.00682	0.01637	0.01637	0.02182	0.03546	0.07365	0.04092	0.60445	0.05729	0.01091	0.01091	0.01637	0.00682	0.00682
19	0.03643	0.01604	0.02161	0.01764	0.02388	0.01413	0.01413	0.04117	0.03207	0.33981	0.24133	0.05693	0.05974	0.01763	0.01211	0.00351	0.00784	0.01500	0.01330	0.01568
20	0.01410	0.01143	0.01251	0.01224	0.01569	0.00984	0.00918	0.01769	0.02753	0.03487	0.23947	0.10098	0.40143	0.02684	0.01329	0.00372	0.00558	0.02272	0.01104	0.00984
21	0.01893	0.01648	0.02653	0.35430	0.05422	0.01957	0.02411	0.02476	0.02221	0.02898	0.03328	0.15267	0.03303	0.02537	0.06781	0.00551	0.01440	0.05972	0.00672	0.01138
22	0.68395	0.02177	0.01654	0.01480	0.02177	0.02525	0.01219	0.03309	0.01915	0.05050	0.01567	0.01828	0.01219	0.01045	0.00697	0.00348	0.00871	0.00609	0.00697	0.01219
23	0.03653	0.01959	0.02469	0.01830	0.02767	0.01575	0.01489	0.04121	0.02765	0.28203	0.03185	0.03061	0.02210	0.01105	0.00978	0.00255	0.00894	0.00893	0.01019	0.35568
24	0.02229	0.02939	0.17580	0.06049	0.03459	0.01804	0.02225	0.02807	0.02186	0.03276	0.01998	0.02587	0.01636	0.01472	0.01559	0.12195	0.01150	0.00794	0.00567	0.31488
25	0.16153	0.44737	0.08987	0.01940	0.02906	0.03915	0.01964	0.03374	0.02219	0.03207	0.01602	0.01856	0.01397	0.00988	0.00745	0.00272	0.01174	0.00622	0.00524	0.01417

[dist]
# distance from previous block
# <min> <max>
0	57

[block]
# block no. 3 follows, 11 sequences, length 96
# corresponding to MSA columns:
# 149-244
name=unknown_D
#
# <colnr> <probs for GDERKNQSTAVLIFYWHMCP>
#	G	D	E	R	K	N	Q	S	T	A	V	L	I	F	Y	W	H	M	C	P
0	0.03410	0.02721	0.02889	0.02414	0.03159	0.03085	0.01929	0.24011	0.32366	0.05693	0.03806	0.03581	0.02808	0.01454	0.01137	0.00364	0.01034	0.01166	0.01137	0.01836
1	0.02993	0.10627	0.37320	0.02791	0.04195	0.02578	0.03337	0.03997	0.02566	0.15398	0.02543	0.02660	0.01748	0.01135	0.01048	0.00343	0.01450	0.00879	0.00692	0.01700
2	0.01637	0.01091	0.01228	0.01228	0.01228	0.01091	0.00682	0.01637	0.01637	0.02182	0.03546	0.07365	0.04092	0.60445	0.05729	0.01091	0.01091	0.01637	0.00682	0.00682
3	0.02585	0.05150	0.44630	0.03230	0.04761	0.02537	0.08231	0.03767	0.02491	0.08811	0.02295	0.02590	0.01594	0.01091	0.01101	0.00358	0.01613	0.00910	0.00579	0.01676
4	0.68395	0.02177	0.01654	0.01480	0.02177	0.02525	0.01219	0.03309	0.01915	0.05050	0.01567	0.01828	0.01219	0.01045	0.00697	0.00348	0.00871	0.00609	0.00697	0.01219
5	0.68395	0.02177	0.01654	0.01480	0.02177	0.02525	0.01219	0.03309	0.01915	0.05050	0.01567	0.01828	0.01219	0.01045	0.00697	0.00348	0.00871	0.00609	0.00697	0.01219
6	0.01330	0.01140	0.01140	0.01140	0.01520	0.00950	0.00855	0.01615	0.02565	0.03041	0.11402	0.10832	0.52967	0.02850	0.01330	0.00380	0.00570	0.02375	0.01045	0.00950
7	0.01611	0.01195	0.01753	0.01753	0.01935	0.01377	0.01337	0.01974	0.01792	0.02572	0.03066	0.04704	0.02936	0.13427	0.51166	0.01740	0.02830	0.01247	0.00611	0.00974
8	0.02462	0.02462	0.03447	0.02955	0.02955	0.03447	0.02462	0.02709	0.01724	0.02709	0.01477	0.02462	0.01477	0.01970	0.03694	0.00492	0.58385	0.00985	0.00492	0.01231
9	0.68395	0.02177	0.01654	0.01480	0.02177	0.02525	0.01219	0.03309	0.01915	0.05050	0.01567	0.01828	0.01219	0.01045	0.00697	0.00348	0.00871	0.00609	0.00697	0.01219
10	0.02126	0.02001	0.03376	0.57739	0.07752	0.02501	0.03126	0.02876	0.02251	0.02876	0.02001	0.03001	0.01500	0.01125	0.01125	0.00375	0.01500	0.01000	0.00500	0.01250
11	0.01353	0.01141	0.01171	0.01164	0.01534	0.00960	0.00873	0.01659	0.02618	0.03166	0.14934	0.10625	0.49356	0.02804	0.01330	0.00378	0.00567	0.02346	0.01062	0.00960
12	0.01559	0.01168	0.01469	0.01662	0.01802	0.01162	0.01142	0.02147	0.08621	0.03114	0.05990	0.52420	0.06918	0.03264	0.01398	0.00447	0.00684	0.02947	0.01058	0.01028
13	0.01411	0.01008	0.01351	0.01612	0.01695	0.00948	0.01114	0.01636	0.02194	0.02918	0.06182	0.55499	0.07358	0.03489	0.01447	0.00463	0.00687	0.07020	0.01044	0.00925
14	0.02334	0.02001	0.02334	0.01667	0.02667	0.01500	0.01334	0.02834	0.02334	0.03668	0.02001	0.02334	0.01667	0.00834	0.00834	0.00167	0.00834	0.00667	0.00667	0.67325
15	0.03380	0.01877	0.02362	0.01780	0.02650	0.01518	0.01438	0.03856	0.02790	0.24654	0.08307	0.03586	0.03063	0.01218	0.01008	0.00261	0.00853	0.01002	0.01027	0.33370
16	0.02531	0.20292	0.34635	0.02742	0.04081	0.03135	0.03244	0.03829	0.08789	0.03467	0.02233	0.02462	0.01695	0.01101	0.00986	0.00329	0.01438	0.00828	0.00565	0.01620
17	0.01608	0.01206	0.01809	0.01809	0.02010	0.01407	0.01407	0.02010	0.01809	0.02613	0.03015	0.04422	0.02814	0.08441	0.55984	0.01809	0.03015	0.01206	0.00603	0.01005
18	0.02334	0.02001	0.02334	0.01667	0.02667	0.01500	0.01334	0.02834	0.02334	0.03668	0.02001	0.02334	0.01667	0.00834	0.00834	0.00167	0.00834	0.00667	0.00667	0.67325
19	0.01637	0.01091	0.01228	0.01228	0.01228	0.01091	0.00682	0.01637	0.01637	0.02182	0.03546	0.07365	0.04092	0.60445	0.05729	0.01091	0.01091	0.01637	0.00682	0.00682
20	0.03083	0.02575	0.04312	0.06264	0.46785	0.02540	0.03218	0.03721	0.02649	0.10312	0.02422	0.02923	0.01915	0.01054	0.01117	0.00336	0.01287	0.01020	0.00667	0.01800
21	0.02334	0.02001	0.02334	0.01667	0.02667	0.01500	0.01334	0.02834	0.02334	0.03668	0.02001	0.02334	0.01667	0.00834	0.00834	0.00167	0.00834	0.00667	0.00667	0.67325
22	0.02334	0.02001	0.02334	0.01667	0.02667	0.01500	0.01334	0.02834	0.02334	0.03668	0.02001	0.02334	0.01667	0.00834	0.00834	0.00167	0.00834	0.00667	0.00667	0.67325
23	0.04211	0.03070	0.03115	0.02480	0.03307	0.08544	0.02011	0.31499	0.10765	0.14564	0.03153	0.03026	0.02218	0.01362	0.01118	0.00340	0.01226	0.01038	0.01118	0.01833
24	0.01637	0.01091	0.01228	0.01228	0.01228	0.01091	0.00682	0.01637	0.01637	0.02182	0.03546	0.07365	0.04092	0.60445	0.05729	0.01091	0.01091	0.01637	0.00682	0.00682
25	0.01700	0.01218	0.01665	0.01811	0.02054	0.01183	0.01496	0.02191	0.02742	0.03692	0.21189	0.15812	0.07914	0.02887	0.01470	0.00459	0.00836	0.27545	0.01103	0.01033
26	0.01692	0.01209	0.01675	0.01934	0.02140	0.01191	0.01603	0.02122	0.02472	0.03233	0.06026	0.25578	0.06742	0.03223	0.01522	0.00501	0.00931	0.34162	0.01039	0.01003
27	0.01851	0.01210	0.01713	0.08989	0.02565	0.01199	0.01381	0.02145	0.02278	0.08188	0.05469	0.46477	0.06181	0.02990	0.01364	0.00435	0.00796	0.02697	0.01009	0.01062
28	0.02941	0.02488	0.02625	0.02319	0.02981	0.02866	0.01816	0.10170	0.46971	0.04937	0.04401	0.04056	0.03290	0.01510	0.01143	0.00378	0.00924	0.01248	0.01143	0.01794
29	0.02691	0.01989	0.02370	0.01711	0.02694	0.01521	0.01376	0.03182	0.02450	0.10304	0.02321	0.02531	0.01814	0.00907	0.00873	0.00191	0.00850	0.00728	0.00762	0.58735
30	0.04243	0.04204	0.03288	0.02737	0.03485	0.28409	0.02156	0.28202	0.04293	0.05032	0.02245	0.02383	0.01693	0.01260	0.01073	0.00315	0.01615	0.00876	0.00866	0.01625
31	0.68395	0.02177	0.01654	0.01480	0.02177	0.02525	0.01219	0.03309	0.01915	0.05050	0.01567	0.01828	0.01219	0.01045	0.00697	0.00348	0.00871	0.00609	0.00697	0.01219
32	0.02126	0.02001	0.03376	0.57739	0.07752	0.02501	0.03126	0.02876	0.02251	0.02876	0.02001	0.03001	0.01500	0.01125	0.01125	0.00375	0.01500	0.01000	0.00500	0.01250
33	0.01670	0.01079	0.01252	0.01252	0.01252	0.01079	0.00713	0.01619	0.01619	0.02159	0.03382	0.06957	0.03871	0.54591	0.05591	0.07941	0.01079	0.01569	0.00662	0.00662
34	0.02288	0.05608	0.50937	0.03326	0.04949	0.02632	0.07621	0.03568	0.02398	0.03568	0.02040	0.02427	0.01447	0.01060	0.01089	0.00358	0.01681	0.00870	0.00482	0.01652
35	0.02516	0.02120	0.02301	0.02085	0.02634	0.02391	0.01613	0.05075	0.40069	0.04663	0.15913	0.05188	0.05123	0.01709	0.01188	0.00375	0.00806	0.01452	0.01167	0.01613
36	0.16094	0.03933	0.02575	0.02414	0.02934	0.35059	0.01841	0.03769	0.02783	0.03264	0.02544	0.08944	0.02474	0.01556	0.01045	0.00339	0.01575	0.04942	0.00691	0.01224
37	0.02718	0.01709	0.02093	0.01894	0.02397	0.01736	0.01509	0.04011	0.17377	0.14983	0.21508	0.06804	0.06230	0.01995	0.01265	0.00385	0.00801	0.07917	0.01215	0.01453
38	0.02786	0.02674	0.04568	0.06908	0.53424	0.02674	0.03454	0.03454	0.02563	0.03677	0.02117	0.02786	0.01783	0.01003	0.01114	0.00334	0.01337	0.01003	0.00557	0.01783
39	0.01330	0.01140	0.01140	0.01140	0.01520	0.00950	0.00855	0.01615	0.02565	0.03041	0.11402	0.10832	0.52967	0.02850	0.01330	0.00380	0.00570	0.02375	0.01045	0.00950
40	0.02098	0.01049	0.01049	0.01049	0.01311	0.01049	0.00787	0.02623	0.02360	0.04196	0.03672	0.04196	0.02885	0.01311	0.00787	0.00262	0.00525	0.01049	0.66693	0.01049
41	0.01371	0.00979	0.01306	0.01567	0.01632	0.00914	0.01045	0.01567	0.02155	0.02873	0.06203	0.59710	0.07444	0.03526	0.01437	0.00457	0.00653	0.03200	0.01045	0.00914
42	0.04279	0.03153	0.03378	0.02590	0.03490	0.03490	0.02139	0.49671	0.05292	0.07093	0.02702	0.02702	0.01914	0.01351	0.01126	0.00338	0.01239	0.01013	0.01126	0.01914
43	0.01330	0.01140	0.01140	0.01140	0.01520	0.00950	0.00855	0.01615	0.02565	0.03041	0.11402	0.10832	0.52967	0.02850	0.01330	0.00380	0.00570	0.02375	0.01045	0.00950
44	0.03994	0.03011	0.03218	0.02532	0.03382	0.03357	0.02070	0.41261	0.14165	0.06634	0.03064	0.02990	0.02207	0.01385	0.01130	0.00346	0.01172	0.01063	0.01130	0.01889
45	0.12555	0.03014	0.03439	0.02634	0.03529	0.03307	0.06183	0.39517	0.04616	0.06517	0.02516	0.02617	0.01805	0.01275	0.01087	0.00343	0.01248	0.00988	0.01020	0.01788
46	0.02373	0.02331	0.03277	0.02835	0.02856	0.03235	0.02352	0.02636	0.01733	0.02699	0.01638	0.02667	0.01617	0.02644	0.09144	0.00630	0.52613	0.01008	0.00504	0.01208
47	0.02462	0.02462	0.03447	0.02955	0.02955	0.03447	0.02462	0.02709	0.01724	0.02709	0.01477	0.02462	0.01477	0.01970	0.03694	0.00492	0.58385	0.00985	0.00492	0.01231
48	0.02617	0.01992	0.02363	0.01702	0.02689	0.01516	0.01367	0.03110	0.02426	0.08935	0.02255	0.02490	0.01784	0.00892	0.00865	0.00186	0.00846	0.00715	0.00743	0.60507
49	0.02513	0.05762	0.47860	0.03167	0.04689	0.09615	0.03898	0.03687	0.02483	0.03458	0.01983	0.02331	0.01429	0.01081	0.01062	0.00348	0.01712	0.00818	0.00489	0.01616
50	0.02857	0.02590	0.03315	0.02797	0.03055	0.03371	0.02311	0.12207	0.08935	0.03818	0.02122	0.02737	0.01819	0.01792	0.02863	0.00448	0.39799	0.01028	0.00701	0.01435
51	0.01955	0.00978	0.01466	0.01466	0.01466	0.00978	0.00978	0.01466	0.01466	0.01955	0.01955	0.03421	0.01955	0.03910	0.04399	0.67253	0.00978	0.00978	0.00489	0.00489
52	0.02488	0.02766	0.05941	0.04327	0.05324	0.02593	0.42994	0.03338	0.02591	0.03509	0.02793	0.10479	0.02461	0.01287	0.01342	0.00390	0.01734	0.01574	0.00632	0.01439
53	0.02334	0.02001	0.02334	0.01667	0.02667	0.01500	0.01334	0.02834	0.02334	0.03668	0.02001	0.02334	0.01667	0.00834	0.00834	0.00167	0.00834	0.00667	0.00667	0.67325
54	0.04279	0.03153	0.03378	0.02590	0.03490	0.03490	0.02139	0.49671	0.05292	0.07093	0.02702	0.02702	0.01914	0.01351	0.01126	0.00338	0.01239	0.01013	0.01126	0.01914
55	0.01955	0.00978	0.01466	0.01466	0.01466	0.00978	0.00978	0.01466	0.01466	0.01955	0.01955	0.03421	0.01955	0.03910	0.04399	0.67253	0.00978	0.00978	0.00489	0.00489
56	0.12699	0.03024	0.03151	0.02444	0.03318	0.03364	0.02018	0.43582	0.04848	0.06825	0.02553	0.02587	0.01823	0.01311	0.01070	0.00339	0.01190	0.00960	0.01070	0.01823
57	0.01571	0.01150	0.01473	0.01392	0.01668	0.01052	0.01044	0.02081	0.03133	0.04388	0.49298	0.08614	0.14230	0.02348	0.01328	0.00356	0.00534	0.02064	0.01222	0.01052
58	0.02126	0.02001	0.03376	0.57739	0.07752	0.02501	0.03126	0.02876	0.02251	0.02876	0.02001	0.03001	0.01500	0.01125	0.01125	0.00375	0.01500	0.01000	0.00500	0.01250
59	0.03359	0.02528	0.02736	0.02327	0.03046	0.02834	0.01847	0.15580	0.36220	0.10360	0.04151	0.03830	0.03032	0.01474	0.01140	0.00369	0.00975	0.01201	0.01167	0.01825
60	0.05050	0.01915	0.02612	0.02003	0.02873	0.01654	0.01654	0.05485	0.03221	0.54203	0.04440	0.03831	0.02786	0.01393	0.01132	0.00348	0.00958	0.01132	0.01393	0.01915
61	0.01371	0.00979	0.01306	0.01567	0.01632	0.00914	0.01045	0.01567	0.02155	0.02873	0.06203	0.59710	0.07444	0.03526	0.01437	0.00457	0.00653	0.03200	0.01045	0.00914
62	0.02251	0.01846	0.02080	0.01983	0.02423	0.02033	0.01520	0.04217	0.30112	0.04260	0.14276	0.15065	0.05729	0.02133	0.01260	0.00399	0.00792	0.05045	0.01138	0.01440
63	0.05050	0.01915	0.02612	0.02003	0.02873	0.01654	0.01654	0.05485	0.03221	0.54203	0.04440	0.03831	0.02786	0.01393	0.01132	0.00348	0.00958	0.01132	0.01393	0.01915
64	0.01405	0.01025	0.01322	0.01497	0.01629	0.00943	0.01028	0.01667	0.02373	0.03169	0.14662	0.45905	0.12728	0.03248	0.01407	0.00432	0.00624	0.02916	0.01078	0.00943
65	0.01735	0.01578	0.02278	0.29942	0.04691	0.01739	0.02011	0.02257	0.02405	0.02957	0.06618	0.06847	0.26777	0.01973	0.01226	0.00378	0.01043	0.01676	0.00768	0.01103
66	0.04987	0.02016	0.02674	0.02050	0.02924	0.01804	0.01694	0.09088	0.03390	0.50362	0.04299	0.03739	0.02715	0.01390	0.01131	0.00347	0.00981	0.01122	0.01371	0.01915
67	0.01637	0.01091	0.01228	0.01228	0.01228	0.01091	0.00682	0.01637	0.01637	0.02182	0.03546	0.07365	0.04092	0.60445	0.05729	0.01091	0.01091	0.01637	0.00682	0.00682
68	0.01797	0.01276	0.01758	0.01992	0.02226	0.01276	0.01705	0.02265	0.02500	0.03255	0.05728	0.12185	0.06249	0.08606	0.01955	0.00573	0.01042	0.41609	0.01002	0.01002
69	0.02319	0.02112	0.03079	0.02235	0.03185	0.01715	0.10575	0.02909	0.02485	0.03744	0.07352	0.03103	0.02608	0.01009	0.00981	0.00227	0.01007	0.00937	0.00708	0.47710
70	0.03252	0.02642	0.02800	0.02382	0.03099	0.03011	0.01891	0.19336	0.37299	0.05437	0.04007	0.03742	0.02971	0.01473	0.01139	0.00368	0.00997	0.01193	0.01139	0.01822
71	0.03172	0.01974	0.02420	0.01771	0.02731	0.01548	0.01433	0.03653	0.02608	0.19270	0.02754	0.02796	0.02013	0.01006	0.00926	0.00223	0.00872	0.00810	0.00891	0.47131
72	0.35859	0.02180	0.02199	0.01780	0.02579	0.02261	0.01465	0.08806	0.02723	0.21032	0.02649	0.02608	0.01834	0.01172	0.00893	0.00332	0.00934	0.00825	0.00964	0.06906
73	0.10126	0.09198	0.19802	0.02763	0.03851	0.11780	0.06624	0.08093	0.02868	0.11235	0.02323	0.02509	0.01677	0.01135	0.01027	0.00333	0.01482	0.00873	0.00717	0.01584
74	0.68395	0.02177	0.01654	0.01480	0.02177	0.02525	0.01219	0.03309	0.01915	0.05050	0.01567	0.01828	0.01219	0.01045	0.00697	0.00348	0.00871	0.00609	0.00697	0.01219
75	0.05050	0.01915	0.02612	0.02003	0.02873	0.01654	0.01654	0.05485	0.03221	0.54203	0.04440	0.03831	0.02786	0.01393	0.01132	0.00348	0.00958	0.01132	0.01393	0.01915
76	0.01457	0.01064	0.01370	0.01465	0.01642	0.00977	0.01034	0.01797	0.02611	0.03553	0.25569	0.34265	0.13094	0.02966	0.01382	0.00408	0.00596	0.02650	0.01123	0.00977
77	0.68395	0.02177	0.01654	0.01480	0.02177	0.02525	0.01219	0.03309	0.01915	0.05050	0.01567	0.01828	0.01219	0.01045	0.00697	0.00348	0.00871	0.00609	0.00697	0.01219
78	0.11152	0.02745	0.03009	0.02329	0.03201	0.02936	0.01923	0.33910	0.04428	0.18532	0.03014	0.02890	0.02057	0.01330	0.01083	0.00341	0.01131	0.01001	0.01147	0.01842
79	0.01387	0.01026	0.01297	0.01475	0.01618	0.00936	0.01013	0.01633	0.02335	0.03073	0.11957	0.45688	0.15885	0.03279	0.01406	0.00433	0.00626	0.02932	0.01065	0.00936
80	0.02943	0.56242	0.10197	0.02039	0.03064	0.04291	0.02123	0.03387	0.02295	0.02729	0.01605	0.01856	0.01443	0.00972	0.00753	0.00251	0.01244	0.00622	0.00481	0.01464
81	0.02096	0.01323	0.01798	0.01691	0.01849	0.01453	0.01227	0.02235	0.01845	0.07732	0.03064	0.05044	0.03008	0.24024	0.21948	0.09893	0.06847	0.01293	0.00686	0.00943
82	0.03529	0.02778	0.02840	0.02268	0.03099	0.07299	0.01817	0.19859	0.15068	0.09839	0.03058	0.03015	0.02256	0.01255	0.01051	0.00304	0.01102	0.00977	0.00997	0.17588
83	0.02745	0.10694	0.13781	0.04110	0.23435	0.02549	0.02813	0.03449	0.02575	0.07713	0.06678	0.03112	0.02519	0.01139	0.01045	0.00312	0.01229	0.00984	0.00671	0.08448
84	0.02493	0.23162	0.39338	0.02806	0.04250	0.03191	0.03458	0.03504	0.02348	0.03277	0.01877	0.02197	0.01432	0.01036	0.00960	0.00320	0.01519	0.00760	0.00477	0.01595
85	0.02893	0.09577	0.28172	0.10174	0.04779	0.02614	0.08034	0.03831	0.02544	0.13169	0.02468	0.02753	0.01729	0.01116	0.01082	0.00349	0.01486	0.00942	0.00666	0.01622
86	0.02126	0.02001	0.03376	0.57739	0.07752	0.02501	0.03126	0.02876	0.02251	0.02876	0.02001	0.03001	0.01500	0.01125	0.01125	0.00375	0.01500	0.01000	0.00500	0.01250
87	0.02503	0.02129	0.03655	0.44000	0.11035	0.02461	0.06554	0.03231	0.02401	0.07921	0.02266	0.03065	0.01664	0.01127	0.01141	0.00369	0.01465	0.01038	0.00596	0.01380
88	0.03298	0.03348	0.19829	0.03195	0.08217	0.02192	0.10468	0.04104	0.02755	0.21644	0.03630	0.03666	0.05802	0.01291	0.01158	0.00357	0.01341	0.01150	0.00868	0.01687
89	0.01411	0.01008	0.01351	0.01612	0.01695	0.00948	0.01114	0.01636	0.02194	0.02918	0.06182	0.55499	0.07358	0.03489	0.01447	0.00463	0.00687	0.07020	0.01044	0.00925
90	0.05050	0.01915	0.02612	0.02003	0.02873	0.01654	0.01654	0.05485	0.03221	0.54203	0.04440	0.03831	0.02786	0.01393	0.01132	0.00348	0.00958	0.01132	0.01393	0.01915
91	0.03548	0.02311	0.08353	0.09650	0.03837	0.01880	0.06948	0.04156	0.02854	0.28761	0.07502	0.08603	0.03361	0.01530	0.01186	0.00366	0.01141	0.01349	0.01053	0.01610
92	0.02580	0.08532	0.08248	0.21068	0.18435	0.02503	0.02794	0.03263	0.02554	0.07536	0.08863	0.03539	0.02869	0.01246	0.01103	0.00343	0.01268	0.01091	0.00682	0.01484
93	0.04446	0.02885	0.03212	0.02462	0.03357	0.03093	0.02034	0.40101	0.04843	0.17297	0.03079	0.02947	0.02103	0.01360	0.01127	0.00340	0.01178	0.01039	0.01184	0.01914
94	0.10828	0.02024	0.03150	0.50351	0.07020	0.02504	0.02875	0.02933	0.02207	0.03161	0.01944	0.02847	0.01463	0.01115	0.01069	0.00372	0.01418	0.00949	0.00526	0.01246
95	0.03123	0.03441	0.19298	0.02876	0.03957	0.02452	0.10169	0.08333	0.10927	0.14657	0.06590	0.03533	0.02768	0.01303	0.01160	0.00361	0.01312	0.01147	0.00901	0.01692

[dist]
# distance from previous block
# <min> <max>
0	3

[block]
# block no. 4 follows, 11 sequences, length 7
# corresponding to MSA columns:
# 248-254
name=unknown_E
#
# <colnr> <probs for GDERKNQSTAVLIFYWHMCP>
#	G	D	E	R	K	N	Q	S	T	A	V	L	I	F	Y	W	H	M	C	P
0	0.02069	0.02134	0.08080	0.07713	0.03353	0.01763	0.08323	0.02796	0.05789	0.03710	0.20127	0.04910	0.04943	0.01873	0.01622	0.09204	0.01049	0.01372	0.00827	0.08345
1	0.02767	0.02165	0.02301	0.01862	0.02606	0.06416	0.01455	0.03570	0.08941	0.10582	0.09630	0.07085	0.03568	0.01387	0.01032	0.00272	0.00912	0.01150	0.00917	0.31378
2	0.02434	0.02387	0.07964	0.01938	0.02805	0.01842	0.01700	0.09041	0.02610	0.03853	0.02365	0.03103	0.02037	0.07190	0.08426	0.00504	0.01282	0.00887	0.00701	0.36932
3	0.02230	0.02473	0.09659	0.19703	0.09425	0.02259	0.05697	0.03250	0.09764	0.03208	0.02809	0.04150	0.02463	0.15602	0.02255	0.00544	0.01339	0.01199	0.00651	0.01318
4	0.18416	0.09366	0.02293	0.01630	0.02081	0.02220	0.01263	0.08701	0.02396	0.03794	0.06031	0.04465	0.03086	0.21371	0.07907	0.00721	0.01223	0.01156	0.00749	0.01132
5	0.44268	0.03082	0.02257	0.01973	0.02668	0.15658	0.01574	0.09740	0.02673	0.04762	0.01760	0.01993	0.01367	0.01113	0.00831	0.00333	0.01202	0.00691	0.00725	0.01332
6	0.04361	0.03641	0.03218	0.02602	0.03404	0.18803	0.02084	0.30282	0.04388	0.12183	0.02652	0.02655	0.01894	0.01300	0.01094	0.00325	0.01435	0.00944	0.01000	0.01733

[dist]
# distance from previous block
# <min> <max>
0	1

[block]
# block no. 5 follows, 11 sequences, length 15
# corresponding to MSA columns:
# 256-270
name=unknown_F
#
# <colnr> <probs for GDERKNQSTAVLIFYWHMCP>
#	G	D	E	R	K	N	Q	S	T	A	V	L	I	F	Y	W	H	M	C	P
0	0.03478	0.13598	0.14101	0.02851	0.08781	0.02773	0.02465	0.07987	0.10043	0.18232	0.03065	0.03024	0.02187	0.01224	0.01045	0.00333	0.01199	0.00973	0.00895	0.01745
1	0.02224	0.02062	0.03254	0.49597	0.07043	0.02545	0.02928	0.03332	0.09466	0.03145	0.02379	0.03177	0.01785	0.01184	0.01128	0.00376	0.01411	0.01040	0.00595	0.01328
2	0.02450	0.02633	0.05371	0.25357	0.06610	0.02712	0.31362	0.03322	0.02499	0.03322	0.02169	0.03022	0.01627	0.01017	0.01249	0.00378	0.01743	0.01201	0.00542	0.01414
3	0.03208	0.03262	0.20424	0.19518	0.05046	0.02238	0.02952	0.04035	0.02638	0.21331	0.02873	0.03084	0.01932	0.01201	0.01109	0.00359	0.01363	0.00990	0.00809	0.01626
4	0.01647	0.01349	0.02167	0.01974	0.02276	0.01256	0.08143	0.02085	0.02633	0.03624	0.23916	0.31264	0.07848	0.02667	0.01378	0.00405	0.00788	0.02468	0.01051	0.01061
5	0.02118	0.01712	0.01851	0.01717	0.02175	0.01770	0.01310	0.08638	0.16362	0.04082	0.11024	0.15006	0.23075	0.02360	0.01270	0.00385	0.00748	0.02001	0.01098	0.01299
6	0.03614	0.19542	0.09345	0.08393	0.03808	0.19721	0.02319	0.04111	0.02762	0.13000	0.02284	0.02467	0.01715	0.01139	0.00976	0.00304	0.01497	0.00813	0.00694	0.01496
7	0.12342	0.11511	0.20074	0.09016	0.03930	0.02644	0.02600	0.06699	0.02539	0.07984	0.02589	0.08607	0.02204	0.01369	0.01022	0.00350	0.01265	0.01080	0.00697	0.01476
8	0.01560	0.01134	0.01497	0.01642	0.01845	0.01071	0.01263	0.01950	0.02597	0.03476	0.19096	0.27710	0.11872	0.03015	0.01434	0.00441	0.00728	0.15581	0.01094	0.00994
9	0.02462	0.02462	0.03447	0.02955	0.02955	0.03447	0.02462	0.02709	0.01724	0.02709	0.01477	0.02462	0.01477	0.01970	0.03694	0.00492	0.58385	0.00985	0.00492	0.01231
10	0.08831	0.03352	0.15050	0.07352	0.04144	0.07990	0.08683	0.04300	0.02765	0.22219	0.02879	0.02971	0.01957	0.01185	0.01096	0.00350	0.01396	0.00993	0.00857	0.01629
11	0.02876	0.02412	0.03925	0.29126	0.14939	0.02648	0.08478	0.10163	0.02886	0.08088	0.02366	0.02992	0.01747	0.01137	0.01148	0.00360	0.01433	0.01053	0.00687	0.01535
12	0.01814	0.01296	0.01814	0.02073	0.02332	0.01296	0.01814	0.02332	0.02591	0.03368	0.05959	0.12696	0.06478	0.03109	0.01555	0.00518	0.01036	0.45848	0.01036	0.01036
13	0.01600	0.07465	0.01859	0.01666	0.01851	0.01340	0.01232	0.01853	0.02222	0.02909	0.05677	0.47844	0.06685	0.03201	0.01374	0.00441	0.00758	0.08054	0.00983	0.00986
14	0.10392	0.02845	0.12594	0.08234	0.03721	0.02341	0.02283	0.04738	0.16164	0.19933	0.03442	0.03348	0.02397	0.01302	0.01076	0.00362	0.01124	0.01043	0.00977	0.01683

[dist]
# distance from previous block
# <min> <max>
0	403

# created by:
# /st0/software/busco_prod/Augustus/scripts/msa2prfl.pl ./align_prep/6836.fa
