[name]
unknown

[dist]
# distance from previous block
# <min> <max>
0	142

[block]
# block no. 0 follows, 13 sequences, length 38
# corresponding to MSA columns:
# 142-179
name=unknown_A
#
# <colnr> <probs for GDERKNQSTAVLIFYWHMCP>
#	G	D	E	R	K	N	Q	S	T	A	V	L	I	F	Y	W	H	M	C	P
0	0.01516	0.01089	0.01511	0.01730	0.01894	0.01084	0.01373	0.01869	0.02191	0.02901	0.05395	0.31298	0.06083	0.03612	0.07515	0.00593	0.01027	0.25460	0.00933	0.00924
1	0.02410	0.15349	0.05261	0.03379	0.04244	0.02839	0.31779	0.03060	0.02339	0.03068	0.02896	0.03385	0.07612	0.01175	0.01315	0.00338	0.06472	0.01188	0.00561	0.01329
2	0.02553	0.01488	0.01856	0.01633	0.02080	0.01379	0.01231	0.08030	0.02707	0.16244	0.12316	0.21995	0.05002	0.07155	0.01510	0.00397	0.00775	0.01764	0.01027	0.08858
3	0.11707	0.24825	0.16327	0.02108	0.03037	0.06269	0.02163	0.08693	0.02578	0.03651	0.07482	0.02593	0.02293	0.01124	0.00871	0.00289	0.01172	0.00811	0.00627	0.01380
4	0.02337	0.15049	0.37116	0.02867	0.04161	0.02800	0.08479	0.03555	0.07641	0.03313	0.02097	0.02381	0.01566	0.01019	0.00981	0.00321	0.01435	0.00836	0.00522	0.01523
5	0.01258	0.01039	0.01105	0.01158	0.01451	0.00885	0.00842	0.01508	0.02327	0.02822	0.09658	0.21384	0.45289	0.02815	0.01271	0.00373	0.00552	0.02398	0.00982	0.00885
6	0.03187	0.02586	0.10120	0.02418	0.03225	0.02237	0.06646	0.15411	0.08466	0.17011	0.03359	0.04114	0.02615	0.01971	0.05954	0.00465	0.01295	0.06424	0.00940	0.01556
7	0.02884	0.02893	0.04866	0.04399	0.17028	0.08808	0.27749	0.03725	0.05599	0.07875	0.02343	0.02816	0.01774	0.00992	0.01141	0.00335	0.01541	0.01092	0.00630	0.01509
8	0.03965	0.04583	0.03035	0.02660	0.03271	0.46460	0.02036	0.14863	0.03430	0.03482	0.01833	0.02045	0.01458	0.01129	0.00976	0.00282	0.01744	0.00740	0.00657	0.01351
9	0.01253	0.01057	0.01085	0.01108	0.01438	0.00889	0.00820	0.01513	0.02375	0.02842	0.10263	0.14940	0.51341	0.02736	0.01259	0.00364	0.00543	0.02302	0.00982	0.00889
10	0.02739	0.03823	0.27735	0.03154	0.04353	0.02464	0.16753	0.06986	0.06965	0.10797	0.02511	0.02750	0.01771	0.01067	0.01089	0.00341	0.01449	0.00994	0.00678	0.01581
11	0.04109	0.02507	0.02854	0.02222	0.03032	0.02644	0.01824	0.32098	0.09597	0.22925	0.03262	0.03036	0.02219	0.01300	0.01061	0.00325	0.01042	0.01014	0.01142	0.01785
12	0.01997	0.01879	0.03171	0.60301	0.07282	0.02349	0.02936	0.02701	0.02114	0.02701	0.01879	0.02819	0.01409	0.01057	0.01057	0.00352	0.01409	0.00940	0.00470	0.01175
13	0.02130	0.02016	0.03413	0.48697	0.17841	0.02384	0.03003	0.02819	0.02177	0.02864	0.01903	0.02775	0.01467	0.01032	0.01055	0.00344	0.01376	0.00940	0.00481	0.01282
14	0.03319	0.04007	0.04024	0.03247	0.03974	0.33784	0.18975	0.04089	0.08302	0.03053	0.02089	0.02443	0.01643	0.01060	0.01066	0.00310	0.01751	0.00927	0.00598	0.01341
15	0.02313	0.02202	0.03743	0.32864	0.32248	0.02432	0.03094	0.02979	0.02264	0.03085	0.01935	0.02716	0.01545	0.00998	0.01052	0.00333	0.01331	0.00941	0.00497	0.01430
16	0.01344	0.01064	0.01209	0.01195	0.01492	0.00929	0.00888	0.01691	0.02599	0.03358	0.27040	0.12964	0.35415	0.02531	0.01256	0.00353	0.00527	0.02167	0.01049	0.00929
17	0.01538	0.01025	0.01153	0.01153	0.01153	0.01025	0.00641	0.01538	0.01538	0.02050	0.03331	0.06919	0.03844	0.62842	0.05382	0.01025	0.01025	0.01538	0.00641	0.00641
18	0.01280	0.00953	0.01193	0.01386	0.01511	0.00866	0.00943	0.01482	0.02107	0.02733	0.06881	0.50943	0.17522	0.03176	0.01328	0.00414	0.00597	0.02839	0.00982	0.00866
19	0.01378	0.00984	0.01330	0.01575	0.01675	0.00936	0.01137	0.01627	0.02113	0.02799	0.05778	0.51321	0.06797	0.03228	0.01373	0.00442	0.00691	0.12952	0.00980	0.00884
20	0.01590	0.01136	0.01573	0.01817	0.02010	0.01119	0.01506	0.01994	0.02322	0.03037	0.05661	0.25700	0.06334	0.03028	0.01430	0.00471	0.00875	0.36481	0.00976	0.00942
21	0.02121	0.05469	0.57364	0.03014	0.04576	0.02455	0.03906	0.03348	0.02232	0.03348	0.01897	0.02232	0.01339	0.01005	0.01005	0.00335	0.01563	0.00781	0.00446	0.01563
22	0.02121	0.05469	0.57364	0.03014	0.04576	0.02455	0.03906	0.03348	0.02232	0.03348	0.01897	0.02232	0.01339	0.01005	0.01005	0.00335	0.01563	0.00781	0.00446	0.01563
23	0.01488	0.01072	0.01415	0.01406	0.01629	0.00999	0.01060	0.01944	0.02813	0.03936	0.44455	0.15494	0.09222	0.02384	0.01280	0.00360	0.00558	0.06386	0.01122	0.00977
24	0.01997	0.01879	0.03171	0.60301	0.07282	0.02349	0.02936	0.02701	0.02114	0.02701	0.01879	0.02819	0.01409	0.01057	0.01057	0.00352	0.01409	0.00940	0.00470	0.01175
25	0.01997	0.01879	0.03171	0.60301	0.07282	0.02349	0.02936	0.02701	0.02114	0.02701	0.01879	0.02819	0.01409	0.01057	0.01057	0.00352	0.01409	0.00940	0.00470	0.01175
26	0.01288	0.00920	0.01227	0.01472	0.01534	0.00859	0.00981	0.01472	0.02024	0.02699	0.05828	0.62152	0.06993	0.03312	0.01350	0.00429	0.00613	0.03006	0.00981	0.00859
27	0.01997	0.01879	0.03171	0.60301	0.07282	0.02349	0.02936	0.02701	0.02114	0.02701	0.01879	0.02819	0.01409	0.01057	0.01057	0.00352	0.01409	0.00940	0.00470	0.01175
28	0.01358	0.01075	0.01222	0.01185	0.01495	0.00939	0.00889	0.01728	0.02667	0.03466	0.30524	0.09172	0.35624	0.02450	0.01248	0.00346	0.00519	0.02091	0.01062	0.00939
29	0.02456	0.03131	0.11691	0.04302	0.05425	0.02651	0.47235	0.03383	0.02467	0.03383	0.02113	0.02786	0.01576	0.00903	0.01222	0.00354	0.01759	0.01198	0.00525	0.01441
30	0.01933	0.01890	0.03692	0.02972	0.03544	0.01783	0.25566	0.02505	0.02318	0.03105	0.04034	0.25408	0.04275	0.02094	0.01320	0.00404	0.01231	0.10009	0.00768	0.01148
31	0.02104	0.02089	0.03833	0.48258	0.06903	0.02419	0.13604	0.02849	0.02196	0.02849	0.01935	0.02826	0.01451	0.01021	0.01098	0.00353	0.01490	0.01006	0.00484	0.01229
32	0.01614	0.01050	0.01343	0.01415	0.01624	0.00950	0.01005	0.01893	0.02362	0.07591	0.16406	0.38273	0.14858	0.02815	0.01289	0.00390	0.00602	0.02503	0.01045	0.00971
33	0.02506	0.02399	0.04091	0.16105	0.47497	0.02483	0.03190	0.03148	0.02355	0.03320	0.01969	0.02653	0.01627	0.00963	0.01049	0.00321	0.01283	0.00942	0.00514	0.01585
34	0.36386	0.02294	0.02130	0.01830	0.02504	0.02629	0.01478	0.13572	0.18707	0.05019	0.02558	0.02568	0.01918	0.01178	0.00864	0.00335	0.00891	0.00840	0.00864	0.01436
35	0.26856	0.01850	0.02143	0.14480	0.06678	0.02057	0.01688	0.03109	0.06965	0.07375	0.06873	0.03880	0.09395	0.01363	0.00951	0.00339	0.00922	0.01075	0.00766	0.01234
36	0.18146	0.32640	0.07372	0.01868	0.02723	0.03299	0.01781	0.06795	0.06705	0.07119	0.01987	0.02107	0.01578	0.01024	0.00778	0.00280	0.01050	0.00693	0.00647	0.01408
37	0.02589	0.09894	0.14294	0.01986	0.02755	0.02066	0.01927	0.07709	0.05733	0.12709	0.09605	0.11936	0.09027	0.01698	0.01081	0.00335	0.00972	0.01410	0.00890	0.01383

[dist]
# distance from previous block
# <min> <max>
0	6

[block]
# block no. 1 follows, 13 sequences, length 90
# corresponding to MSA columns:
# 190-279
name=unknown_B
#
# <colnr> <probs for GDERKNQSTAVLIFYWHMCP>
#	G	D	E	R	K	N	Q	S	T	A	V	L	I	F	Y	W	H	M	C	P
0	0.02299	0.03015	0.22010	0.02225	0.03097	0.01897	0.02303	0.06989	0.06190	0.07756	0.07008	0.13491	0.03565	0.01683	0.01111	0.00347	0.01077	0.05484	0.00805	0.07648
1	0.01756	0.01460	0.02076	0.02078	0.05900	0.01354	0.04847	0.02335	0.06285	0.03302	0.12340	0.30569	0.05493	0.02219	0.01187	0.00349	0.00768	0.02020	0.00893	0.12768
2	0.08229	0.03442	0.23215	0.02477	0.03615	0.02230	0.06808	0.09345	0.02614	0.08592	0.02156	0.02391	0.01571	0.00997	0.00954	0.00289	0.01220	0.00812	0.00666	0.18379
3	0.02526	0.02947	0.12533	0.03521	0.12493	0.02358	0.16403	0.07669	0.06202	0.03766	0.02200	0.02605	0.01695	0.00962	0.01036	0.00295	0.01300	0.00944	0.00625	0.17920
4	0.02247	0.04134	0.35782	0.20788	0.05305	0.02494	0.03439	0.07447	0.02434	0.03436	0.01948	0.02441	0.01401	0.01044	0.01026	0.00339	0.01480	0.00845	0.00507	0.01462
5	0.02279	0.04108	0.33482	0.08364	0.12901	0.02498	0.09445	0.03483	0.06856	0.03411	0.02151	0.02567	0.01596	0.01023	0.01051	0.00338	0.01465	0.00913	0.00527	0.01542
6	0.01522	0.01086	0.01461	0.01461	0.01567	0.01192	0.01024	0.01735	0.01629	0.02278	0.03050	0.05361	0.03167	0.31900	0.35399	0.01405	0.02043	0.01310	0.00599	0.00812
7	0.02185	0.02431	0.11365	0.02066	0.02929	0.01745	0.06137	0.07046	0.02678	0.03915	0.16068	0.03782	0.03758	0.01232	0.01005	0.00263	0.00955	0.01071	0.00768	0.28600
8	0.04019	0.02962	0.03173	0.02433	0.03279	0.03279	0.02010	0.52721	0.04971	0.06663	0.02538	0.02538	0.01798	0.01269	0.01058	0.00317	0.01163	0.00952	0.01058	0.01798
9	0.03277	0.01792	0.02212	0.01794	0.02392	0.01746	0.01442	0.15310	0.03480	0.23902	0.24296	0.05056	0.05351	0.01639	0.01135	0.00327	0.00803	0.01375	0.01191	0.01480
10	0.01327	0.01019	0.01216	0.01283	0.01505	0.00908	0.00918	0.01625	0.02421	0.03157	0.20568	0.28392	0.26306	0.02774	0.01285	0.00377	0.00554	0.02429	0.01029	0.00908
11	0.02192	0.01879	0.02192	0.01566	0.02506	0.01409	0.01253	0.02662	0.02192	0.03445	0.01879	0.02192	0.01566	0.00783	0.00783	0.00157	0.00783	0.00626	0.00626	0.69305
12	0.28886	0.01415	0.01324	0.01298	0.01568	0.01535	0.00895	0.02153	0.01719	0.03225	0.02985	0.13568	0.03266	0.28808	0.02862	0.00653	0.00878	0.01385	0.00700	0.00876
13	0.01476	0.01008	0.01213	0.01302	0.01337	0.00990	0.00815	0.01564	0.01742	0.02317	0.04218	0.23381	0.04920	0.41277	0.03931	0.00814	0.00901	0.05302	0.00763	0.00728
14	0.02192	0.01879	0.02192	0.01566	0.02506	0.01409	0.01253	0.02662	0.02192	0.03445	0.01879	0.02192	0.01566	0.00783	0.00783	0.00157	0.00783	0.00626	0.00626	0.69305
15	0.02225	0.01691	0.02206	0.11604	0.03131	0.01490	0.01510	0.02736	0.02434	0.08198	0.14289	0.03718	0.03540	0.01189	0.00960	0.00245	0.00836	0.01010	0.00781	0.36207
16	0.01275	0.00970	0.01175	0.01339	0.01499	0.00870	0.00922	0.01487	0.02152	0.02751	0.07450	0.44887	0.23211	0.03102	0.01316	0.00405	0.00588	0.02749	0.00982	0.00870
17	0.03076	0.02957	0.07471	0.02350	0.03097	0.07097	0.01992	0.18498	0.32009	0.04815	0.03394	0.03245	0.02519	0.01324	0.01055	0.00338	0.01074	0.01051	0.00975	0.01664
18	0.02290	0.14976	0.41796	0.03000	0.04385	0.02778	0.09968	0.03322	0.02253	0.03207	0.01857	0.02223	0.01377	0.00973	0.00981	0.00319	0.01518	0.00806	0.00459	0.01510
19	0.02935	0.21604	0.09062	0.04027	0.26048	0.08111	0.02614	0.03477	0.02418	0.07462	0.01968	0.02316	0.01597	0.00980	0.00923	0.00286	0.01275	0.00799	0.00561	0.01536
20	0.03067	0.02683	0.02624	0.02268	0.02917	0.07938	0.01784	0.16177	0.38402	0.04762	0.03657	0.03438	0.02731	0.01365	0.01060	0.00341	0.01010	0.01093	0.01023	0.01661
21	0.01345	0.01019	0.01241	0.01319	0.01509	0.00945	0.00931	0.01603	0.02215	0.02891	0.13894	0.28146	0.22449	0.08084	0.06906	0.00557	0.00810	0.02315	0.00942	0.00880
22	0.03108	0.03176	0.03477	0.03805	0.19386	0.18466	0.06268	0.11927	0.06894	0.03752	0.02503	0.07734	0.02184	0.01280	0.01067	0.00320	0.01379	0.01094	0.00702	0.01477
23	0.08110	0.26504	0.03890	0.07210	0.03217	0.03005	0.06209	0.06339	0.09116	0.03349	0.02645	0.07583	0.02424	0.01351	0.00945	0.00315	0.01099	0.04680	0.00676	0.01331
24	0.01510	0.01133	0.01699	0.01699	0.01888	0.01322	0.01322	0.01888	0.01699	0.02454	0.02832	0.04154	0.02643	0.07930	0.58652	0.01699	0.02832	0.01133	0.00566	0.00944
25	0.01822	0.01448	0.02065	0.14991	0.03138	0.01694	0.01650	0.02567	0.09762	0.02723	0.02793	0.03964	0.02480	0.09515	0.27664	0.07063	0.01889	0.01113	0.00619	0.01040
26	0.01819	0.01647	0.02308	0.15825	0.03463	0.01760	0.05763	0.02775	0.12261	0.03128	0.05967	0.06084	0.23550	0.02363	0.06197	0.00474	0.01107	0.01545	0.00804	0.01159
27	0.02421	0.01294	0.01782	0.01622	0.01943	0.01317	0.01227	0.02719	0.02033	0.17612	0.03324	0.04646	0.02917	0.18941	0.30064	0.01157	0.01868	0.01208	0.00791	0.01112
28	0.01640	0.01047	0.01571	0.01571	0.01685	0.01161	0.01161	0.01685	0.01571	0.02208	0.02436	0.03779	0.02322	0.06235	0.36940	0.28596	0.02070	0.01047	0.00524	0.00751
29	0.18970	0.01817	0.02094	0.01721	0.02366	0.01791	0.01373	0.08435	0.02709	0.30912	0.03480	0.08494	0.02699	0.06808	0.01374	0.00396	0.00891	0.01153	0.01050	0.01467
30	0.14296	0.01911	0.02209	0.01791	0.02489	0.01895	0.01456	0.10159	0.07524	0.29856	0.07942	0.04032	0.06981	0.01433	0.01027	0.00331	0.00855	0.01138	0.01118	0.01555
31	0.02803	0.01572	0.01942	0.01768	0.02246	0.01564	0.01395	0.03818	0.15006	0.20217	0.09331	0.14354	0.04562	0.01924	0.01151	0.00364	0.00779	0.07339	0.06481	0.01382
32	0.01517	0.01059	0.01362	0.01314	0.01547	0.00984	0.00975	0.01988	0.02844	0.04081	0.47034	0.12325	0.09119	0.02186	0.01214	0.00334	0.00508	0.01932	0.06692	0.00984
33	0.12731	0.01569	0.01890	0.01588	0.02189	0.01445	0.01268	0.03643	0.02654	0.31039	0.09191	0.09958	0.12939	0.01751	0.01079	0.00342	0.00766	0.01441	0.01118	0.01399
34	0.32926	0.01619	0.01611	0.01474	0.01943	0.01714	0.01147	0.02910	0.02118	0.12517	0.07287	0.08845	0.03342	0.11157	0.01623	0.00456	0.00832	0.04505	0.00849	0.01126
35	0.01329	0.01038	0.01114	0.01148	0.01372	0.00922	0.00786	0.01516	0.02131	0.02626	0.08121	0.16600	0.35560	0.18315	0.02331	0.00540	0.00673	0.02160	0.00894	0.00823
36	0.01265	0.01011	0.01133	0.01231	0.01470	0.00879	0.00874	0.01499	0.02256	0.02794	0.08766	0.30874	0.36374	0.02931	0.01289	0.00386	0.00567	0.02540	0.00982	0.00879
37	0.02504	0.01630	0.01873	0.01696	0.02176	0.01638	0.01303	0.07684	0.15116	0.13930	0.06093	0.18541	0.17166	0.02137	0.01178	0.00365	0.00751	0.01822	0.01074	0.01326
38	0.01538	0.01025	0.01153	0.01153	0.01153	0.01025	0.00641	0.01538	0.01538	0.02050	0.03331	0.06919	0.03844	0.62842	0.05382	0.01025	0.01025	0.01538	0.00641	0.00641
39	0.70310	0.02045	0.01554	0.01390	0.02045	0.02372	0.01145	0.03108	0.01799	0.04744	0.01472	0.01718	0.01145	0.00981	0.00654	0.00327	0.00818	0.00573	0.00654	0.01145
40	0.51956	0.01976	0.01806	0.01528	0.02228	0.02143	0.01260	0.03680	0.02143	0.19366	0.02228	0.02244	0.01557	0.01073	0.00769	0.00327	0.00841	0.00710	0.00837	0.01328
41	0.01288	0.00920	0.01227	0.01472	0.01534	0.00859	0.00981	0.01472	0.02024	0.02699	0.05828	0.62152	0.06993	0.03312	0.01350	0.00429	0.00613	0.03006	0.00981	0.00859
42	0.01672	0.01109	0.01344	0.01307	0.01586	0.00992	0.00952	0.01994	0.02523	0.07976	0.24153	0.17360	0.22554	0.07728	0.01609	0.00416	0.00611	0.02090	0.01043	0.00980
43	0.04630	0.01982	0.02567	0.01968	0.02790	0.01826	0.01626	0.12640	0.03332	0.49059	0.03914	0.03432	0.02488	0.01302	0.01062	0.00326	0.00941	0.01046	0.01269	0.01799
44	0.02192	0.01879	0.02192	0.01566	0.02506	0.01409	0.01253	0.02662	0.02192	0.03445	0.01879	0.02192	0.01566	0.00783	0.00783	0.00157	0.00783	0.00626	0.00626	0.69305
45	0.01462	0.01172	0.01332	0.01380	0.01682	0.01094	0.01053	0.02006	0.06957	0.03131	0.12536	0.18580	0.31868	0.02666	0.01281	0.00386	0.00633	0.08802	0.01005	0.00976
46	0.02664	0.01270	0.01715	0.01635	0.01998	0.01136	0.01209	0.02938	0.02423	0.24315	0.05168	0.38834	0.05250	0.02514	0.01236	0.00389	0.00727	0.02232	0.01112	0.01233
47	0.02164	0.05210	0.52716	0.03318	0.09101	0.02460	0.03849	0.03339	0.02248	0.03358	0.01905	0.02266	0.01369	0.00999	0.01008	0.00333	0.01536	0.00795	0.00453	0.01572
48	0.01478	0.01067	0.01397	0.01343	0.01576	0.00985	0.00996	0.01949	0.02908	0.04105	0.51312	0.12661	0.09714	0.02263	0.01256	0.00341	0.00509	0.02008	0.01148	0.00985
49	0.02537	0.02533	0.03823	0.23208	0.36094	0.07372	0.03042	0.03158	0.02366	0.03140	0.01923	0.02619	0.01563	0.00991	0.01042	0.00323	0.01362	0.00918	0.00508	0.01477
50	0.01321	0.00944	0.01265	0.01510	0.01586	0.00887	0.01039	0.01529	0.02057	0.02736	0.05809	0.58177	0.06921	0.03281	0.01358	0.00434	0.00642	0.06656	0.00981	0.00868
51	0.70310	0.02045	0.01554	0.01390	0.02045	0.02372	0.01145	0.03108	0.01799	0.04744	0.01472	0.01718	0.01145	0.00981	0.00654	0.00327	0.00818	0.00573	0.00654	0.01145
52	0.01356	0.00993	0.01257	0.01418	0.01555	0.00921	0.00997	0.01596	0.02174	0.02856	0.10750	0.40664	0.14708	0.07249	0.01618	0.00457	0.00653	0.06937	0.00973	0.00872
53	0.70310	0.02045	0.01554	0.01390	0.02045	0.02372	0.01145	0.03108	0.01799	0.04744	0.01472	0.01718	0.01145	0.00981	0.00654	0.00327	0.00818	0.00573	0.00654	0.01145
54	0.70310	0.02045	0.01554	0.01390	0.02045	0.02372	0.01145	0.03108	0.01799	0.04744	0.01472	0.01718	0.01145	0.00981	0.00654	0.00327	0.00818	0.00573	0.00654	0.01145
55	0.02727	0.02368	0.02741	0.02347	0.02999	0.02683	0.05521	0.09070	0.46637	0.04517	0.04005	0.03754	0.02995	0.01381	0.01087	0.00355	0.00933	0.01181	0.01034	0.01664
56	0.03569	0.02738	0.02920	0.02342	0.03107	0.03069	0.01901	0.37454	0.20971	0.05937	0.03111	0.02994	0.02261	0.01323	0.01064	0.00331	0.01058	0.01031	0.01064	0.01758
57	0.01510	0.01133	0.01699	0.01699	0.01888	0.01322	0.01322	0.01888	0.01699	0.02454	0.02832	0.04154	0.02643	0.07930	0.58652	0.01699	0.02832	0.01133	0.00566	0.00944
58	0.02578	0.01734	0.06531	0.11299	0.03058	0.01464	0.01694	0.02989	0.02334	0.19772	0.04148	0.24898	0.04000	0.06700	0.01493	0.00423	0.00943	0.01762	0.00931	0.01247
59	0.02544	0.37506	0.24355	0.02462	0.03619	0.03434	0.06721	0.03250	0.02207	0.02873	0.01680	0.01985	0.01371	0.00940	0.00843	0.00276	0.01341	0.00700	0.00457	0.01437
60	0.01538	0.01025	0.01153	0.01153	0.01153	0.01025	0.00641	0.01538	0.01538	0.02050	0.03331	0.06919	0.03844	0.62842	0.05382	0.01025	0.01025	0.01538	0.00641	0.00641
61	0.01319	0.01074	0.01167	0.01144	0.01470	0.00922	0.00858	0.01651	0.02573	0.03243	0.23292	0.09538	0.42994	0.02533	0.01249	0.00350	0.00525	0.02142	0.01033	0.00922
62	0.02929	0.11586	0.17917	0.11943	0.04458	0.02496	0.12188	0.03680	0.02451	0.16578	0.02451	0.02712	0.01724	0.01053	0.01029	0.00325	0.01354	0.00937	0.00684	0.01505
63	0.08209	0.02707	0.02684	0.02152	0.02811	0.06979	0.01706	0.36418	0.03985	0.05395	0.02538	0.03219	0.02086	0.12275	0.01797	0.00442	0.01170	0.01010	0.00916	0.01502
64	0.01538	0.01103	0.01497	0.01633	0.01836	0.01061	0.01303	0.01958	0.02521	0.03408	0.22094	0.22389	0.07575	0.02763	0.01364	0.00423	0.00733	0.22809	0.01038	0.00955
65	0.08583	0.02288	0.03083	0.02648	0.02708	0.03159	0.02205	0.02596	0.01636	0.02747	0.01396	0.02258	0.01366	0.01770	0.03210	0.00450	0.55366	0.00893	0.00480	0.01156
66	0.01310	0.00929	0.01220	0.01444	0.01500	0.00873	0.00952	0.01478	0.01982	0.02643	0.05610	0.57342	0.06719	0.08497	0.01701	0.00481	0.00649	0.02878	0.00952	0.00840
67	0.02192	0.01879	0.02192	0.01566	0.02506	0.01409	0.01253	0.02662	0.02192	0.03445	0.01879	0.02192	0.01566	0.00783	0.00783	0.00157	0.00783	0.00626	0.00626	0.69305
68	0.03227	0.02545	0.02965	0.20099	0.08887	0.10748	0.02249	0.08345	0.10672	0.15402	0.02787	0.02984	0.02004	0.01184	0.01045	0.00329	0.01249	0.00968	0.00816	0.01495
69	0.02496	0.02852	0.06239	0.04456	0.05526	0.02674	0.52406	0.03387	0.02496	0.03387	0.02139	0.02852	0.01604	0.00891	0.01248	0.00357	0.01783	0.01248	0.00535	0.01426
70	0.01288	0.00920	0.01227	0.01472	0.01534	0.00859	0.00981	0.01472	0.02024	0.02699	0.05828	0.62152	0.06993	0.03312	0.01350	0.00429	0.00613	0.03006	0.00981	0.00859
71	0.04744	0.01799	0.02454	0.01881	0.02699	0.01554	0.01554	0.05153	0.03026	0.56979	0.04171	0.03599	0.02617	0.01309	0.01063	0.00327	0.00900	0.01063	0.01309	0.01799
72	0.02298	0.08934	0.23621	0.03484	0.04632	0.02587	0.26971	0.03203	0.02336	0.03240	0.02288	0.07227	0.01917	0.01124	0.01121	0.00343	0.01556	0.01164	0.00532	0.01423
73	0.01474	0.01080	0.01382	0.01306	0.01566	0.00988	0.00980	0.01951	0.02939	0.04112	0.51541	0.08108	0.14203	0.02209	0.01247	0.00335	0.00502	0.01942	0.01147	0.00988
74	0.02827	0.63478	0.05540	0.01809	0.02714	0.04184	0.01809	0.03166	0.02148	0.02488	0.01470	0.01696	0.01357	0.00905	0.00678	0.00226	0.01131	0.00565	0.00452	0.01357
75	0.02192	0.01879	0.02192	0.01566	0.02506	0.01409	0.01253	0.02662	0.02192	0.03445	0.01879	0.02192	0.01566	0.00783	0.00783	0.00157	0.00783	0.00626	0.00626	0.69305
76	0.01250	0.01071	0.01071	0.01071	0.01428	0.00893	0.00803	0.01517	0.02410	0.02856	0.10711	0.10175	0.55817	0.02678	0.01250	0.00357	0.00536	0.02231	0.00982	0.00893
77	0.01496	0.01081	0.01413	0.01330	0.01580	0.00998	0.00998	0.01995	0.02993	0.04240	0.55689	0.07898	0.09976	0.02162	0.01247	0.00333	0.00499	0.01912	0.01164	0.00998
78	0.04744	0.01799	0.02454	0.01881	0.02699	0.01554	0.01554	0.05153	0.03026	0.56979	0.04171	0.03599	0.02617	0.01309	0.01063	0.00327	0.00900	0.01063	0.01309	0.01799
79	0.04019	0.02962	0.03173	0.02433	0.03279	0.03279	0.02010	0.52721	0.04971	0.06663	0.02538	0.02538	0.01798	0.01269	0.01058	0.00317	0.01163	0.00952	0.01058	0.01798
80	0.01538	0.01025	0.01153	0.01153	0.01153	0.01025	0.00641	0.01538	0.01538	0.02050	0.03331	0.06919	0.03844	0.62842	0.05382	0.01025	0.01025	0.01538	0.00641	0.00641
81	0.02233	0.01498	0.01545	0.01450	0.01836	0.01640	0.01111	0.03720	0.22973	0.04133	0.03789	0.03943	0.02916	0.01313	0.00873	0.00291	0.00630	0.01069	0.41777	0.01259
82	0.70310	0.02045	0.01554	0.01390	0.02045	0.02372	0.01145	0.03108	0.01799	0.04744	0.01472	0.01718	0.01145	0.00981	0.00654	0.00327	0.00818	0.00573	0.00654	0.01145
83	0.70310	0.02045	0.01554	0.01390	0.02045	0.02372	0.01145	0.03108	0.01799	0.04744	0.01472	0.01718	0.01145	0.00981	0.00654	0.00327	0.00818	0.00573	0.00654	0.01145
84	0.14722	0.01837	0.02317	0.01806	0.02599	0.01678	0.01492	0.04842	0.02840	0.49030	0.03761	0.03312	0.02393	0.01259	0.01001	0.00327	0.00887	0.00989	0.01209	0.01700
85	0.01496	0.01081	0.01413	0.01330	0.01580	0.00998	0.00998	0.01995	0.02993	0.04240	0.55689	0.07898	0.09976	0.02162	0.01247	0.00333	0.00499	0.01912	0.01164	0.00998
86	0.70310	0.02045	0.01554	0.01390	0.02045	0.02372	0.01145	0.03108	0.01799	0.04744	0.01472	0.01718	0.01145	0.00981	0.00654	0.00327	0.00818	0.00573	0.00654	0.01145
87	0.02507	0.01304	0.01737	0.01502	0.01928	0.01171	0.01171	0.02978	0.03003	0.20649	0.39659	0.06560	0.07687	0.01896	0.01190	0.00331	0.00624	0.01648	0.01209	0.01247
88	0.01294	0.00981	0.01195	0.01335	0.01505	0.00881	0.00927	0.01532	0.02229	0.02882	0.11689	0.41255	0.22444	0.03015	0.01310	0.00398	0.00579	0.02670	0.00997	0.00881
89	0.03621	0.02757	0.03054	0.07726	0.03567	0.03094	0.02044	0.40941	0.12220	0.05957	0.02746	0.02778	0.01980	0.01275	0.01060	0.00327	0.01136	0.00988	0.01006	0.01722

[dist]
# distance from previous block
# <min> <max>
0	11

[block]
# block no. 2 follows, 13 sequences, length 27
# corresponding to MSA columns:
# 291-317
name=unknown_C
#
# <colnr> <probs for GDERKNQSTAVLIFYWHMCP>
#	G	D	E	R	K	N	Q	S	T	A	V	L	I	F	Y	W	H	M	C	P
0	0.04391	0.01878	0.02443	0.01926	0.02707	0.01734	0.01574	0.05230	0.11594	0.48203	0.04193	0.03657	0.02719	0.01330	0.01065	0.00332	0.00889	0.01085	0.01270	0.01778
1	0.01377	0.00957	0.01201	0.01359	0.01398	0.00918	0.00860	0.01495	0.01851	0.02468	0.04939	0.42482	0.05872	0.24512	0.02785	0.00642	0.00760	0.02483	0.00860	0.00781
2	0.01377	0.00957	0.01201	0.01359	0.01398	0.00918	0.00860	0.01495	0.01851	0.02468	0.04939	0.42482	0.05872	0.24512	0.02785	0.00642	0.00760	0.02483	0.00860	0.00781
3	0.01983	0.01184	0.01523	0.01401	0.01741	0.01063	0.01063	0.02407	0.02830	0.12668	0.36476	0.12596	0.14551	0.02197	0.01227	0.00344	0.00581	0.01917	0.01147	0.01104
4	0.01409	0.01077	0.01291	0.01238	0.01526	0.00960	0.00928	0.01825	0.02785	0.03747	0.39671	0.08709	0.26301	0.02345	0.01248	0.00341	0.00512	0.02026	0.01099	0.00960
5	0.02121	0.05469	0.57364	0.03014	0.04576	0.02455	0.03906	0.03348	0.02232	0.03348	0.01897	0.02232	0.01339	0.01005	0.01005	0.00335	0.01563	0.00781	0.00446	0.01563
6	0.01656	0.04954	0.01565	0.01314	0.01680	0.01180	0.01029	0.01999	0.02543	0.06561	0.19530	0.12457	0.31757	0.02423	0.01223	0.00355	0.00621	0.05137	0.01012	0.01005
7	0.03462	0.04346	0.06963	0.08140	0.04023	0.38626	0.09124	0.07122	0.02930	0.03026	0.01802	0.02181	0.01427	0.01066	0.01013	0.00298	0.01774	0.00806	0.00564	0.01308
8	0.08331	0.04655	0.02917	0.02610	0.03189	0.49913	0.01981	0.08512	0.03095	0.03097	0.01705	0.01951	0.01387	0.01099	0.00943	0.00280	0.01768	0.00698	0.00598	0.01272
9	0.02991	0.01500	0.01886	0.01577	0.02082	0.01378	0.01223	0.06719	0.02865	0.25750	0.17521	0.05897	0.11342	0.10384	0.01742	0.00430	0.00790	0.01482	0.01119	0.01322
10	0.02512	0.03101	0.14480	0.05651	0.41934	0.02516	0.07793	0.03277	0.02382	0.03428	0.01985	0.02565	0.01605	0.00949	0.01057	0.00322	0.01361	0.00939	0.00510	0.01631
11	0.01992	0.02993	0.22066	0.03326	0.16394	0.01902	0.02687	0.02728	0.02340	0.03326	0.08133	0.14153	0.03810	0.01737	0.01156	0.00365	0.01149	0.07710	0.00692	0.01342
12	0.02478	0.02801	0.05956	0.04298	0.05267	0.02727	0.47689	0.03307	0.02413	0.03307	0.02068	0.02801	0.01584	0.00982	0.01457	0.00367	0.07351	0.01217	0.00528	0.01401
13	0.02806	0.03357	0.18424	0.15337	0.04801	0.07622	0.12389	0.03729	0.05412	0.12161	0.02431	0.02773	0.01728	0.01077	0.01072	0.00337	0.01453	0.00967	0.00657	0.01467
14	0.02529	0.02423	0.04133	0.14091	0.49330	0.02489	0.03201	0.03168	0.02366	0.03348	0.01973	0.02645	0.01637	0.00958	0.01048	0.00319	0.01278	0.00942	0.00516	0.01604
15	0.02859	0.03052	0.03685	0.11766	0.22793	0.16554	0.07271	0.03827	0.11195	0.03293	0.02286	0.02710	0.01814	0.01072	0.01049	0.00320	0.01419	0.00948	0.00615	0.01473
16	0.01772	0.01581	0.02488	0.39278	0.05229	0.01844	0.02220	0.02350	0.02281	0.02959	0.11632	0.09039	0.09959	0.01602	0.01133	0.00356	0.01098	0.01409	0.00680	0.01088
17	0.01971	0.00985	0.00985	0.00985	0.01232	0.00985	0.00739	0.02464	0.02217	0.03942	0.03449	0.03942	0.02710	0.01232	0.00739	0.00246	0.00493	0.00985	0.68712	0.00985
18	0.01576	0.01178	0.01517	0.01584	0.01766	0.01192	0.01235	0.01900	0.02266	0.03011	0.13975	0.14216	0.12702	0.14039	0.02250	0.00538	0.04495	0.18741	0.00913	0.00904
19	0.01510	0.01133	0.01699	0.01699	0.01888	0.01322	0.01322	0.01888	0.01699	0.02454	0.02832	0.04154	0.02643	0.07930	0.58652	0.01699	0.02832	0.01133	0.00566	0.00944
20	0.01971	0.00985	0.00985	0.00985	0.01232	0.00985	0.00739	0.02464	0.02217	0.03942	0.03449	0.03942	0.02710	0.01232	0.00739	0.00246	0.00493	0.00985	0.68712	0.00985
21	0.02328	0.04234	0.35202	0.04465	0.26153	0.02479	0.03630	0.03305	0.02305	0.03393	0.01936	0.02393	0.01479	0.00978	0.01022	0.00326	0.01435	0.00848	0.00479	0.01609
22	0.59362	0.02004	0.01704	0.01472	0.02154	0.02235	0.01213	0.03449	0.02004	0.13466	0.01923	0.02032	0.01391	0.01036	0.00723	0.00327	0.00832	0.00654	0.00764	0.01254
23	0.02920	0.02402	0.02744	0.11942	0.03657	0.02768	0.01980	0.18542	0.31561	0.04773	0.03396	0.03356	0.02517	0.01324	0.01068	0.00346	0.01025	0.01083	0.00969	0.01626
24	0.59009	0.02083	0.01694	0.01518	0.02162	0.02415	0.01233	0.03527	0.10572	0.04690	0.01945	0.02089	0.01493	0.01057	0.00725	0.00332	0.00821	0.00677	0.00725	0.01233
25	0.01612	0.01857	0.10994	0.01919	0.02337	0.01511	0.01753	0.02132	0.01788	0.02604	0.02676	0.03833	0.02426	0.06773	0.49026	0.01471	0.02620	0.01074	0.00546	0.01047
26	0.01439	0.01080	0.01388	0.01488	0.01696	0.00951	0.01027	0.01671	0.02052	0.02824	0.05168	0.52140	0.06087	0.02890	0.01255	0.00384	0.00642	0.02608	0.00922	0.12288

[dist]
# distance from previous block
# <min> <max>
0	6

[block]
# block no. 3 follows, 13 sequences, length 7
# corresponding to MSA columns:
# 324-330
name=unknown_D
#
# <colnr> <probs for GDERKNQSTAVLIFYWHMCP>
#	G	D	E	R	K	N	Q	S	T	A	V	L	I	F	Y	W	H	M	C	P
0	0.02649	0.02093	0.02901	0.02357	0.03074	0.02069	0.09726	0.07323	0.17338	0.09030	0.03561	0.04750	0.02994	0.01464	0.01112	0.00335	0.01032	0.09901	0.00899	0.15393
1	0.01971	0.00985	0.00985	0.00985	0.01232	0.00985	0.00739	0.02464	0.02217	0.03942	0.03449	0.03942	0.02710	0.01232	0.00739	0.00246	0.00493	0.00985	0.68712	0.00985
2	0.34460	0.02149	0.02191	0.01771	0.02520	0.02280	0.01461	0.13975	0.02866	0.22870	0.02607	0.02524	0.01779	0.01152	0.00876	0.00325	0.00917	0.00817	0.00959	0.01501
3	0.03271	0.03715	0.21333	0.02578	0.03452	0.12328	0.02577	0.03901	0.02496	0.19213	0.02443	0.02600	0.01737	0.01265	0.01460	0.00345	0.12185	0.00874	0.00726	0.01500
4	0.01831	0.00972	0.01035	0.01085	0.01294	0.00959	0.00789	0.02260	0.02178	0.03687	0.03937	0.15877	0.03588	0.01658	0.00864	0.00284	0.00517	0.01400	0.54824	0.00959
5	0.02489	0.02084	0.07366	0.01934	0.02517	0.01826	0.01718	0.15939	0.03294	0.08262	0.18990	0.06606	0.09033	0.01944	0.01204	0.00362	0.00908	0.11191	0.01024	0.01311
6	0.33366	0.02064	0.01942	0.01785	0.02373	0.02372	0.01436	0.04135	0.25263	0.04444	0.03142	0.03721	0.02562	0.01375	0.00922	0.00357	0.00842	0.05661	0.00874	0.01363

[dist]
# distance from previous block
# <min> <max>
4	15

[block]
# block no. 4 follows, 13 sequences, length 37
# corresponding to MSA columns:
# 346-382
name=unknown_E
#
# <colnr> <probs for GDERKNQSTAVLIFYWHMCP>
#	G	D	E	R	K	N	Q	S	T	A	V	L	I	F	Y	W	H	M	C	P
0	0.12913	0.02498	0.06458	0.02096	0.02896	0.02421	0.01807	0.16221	0.16436	0.20358	0.03277	0.03075	0.02282	0.01264	0.01004	0.00333	0.00983	0.00982	0.01036	0.01659
1	0.20811	0.02288	0.03472	0.11508	0.26854	0.02402	0.07221	0.03286	0.02259	0.07442	0.02003	0.02493	0.01558	0.00988	0.00963	0.00327	0.01184	0.00880	0.00608	0.01454
2	0.07147	0.02739	0.19526	0.01903	0.02715	0.01791	0.01991	0.03471	0.07286	0.11285	0.02997	0.03191	0.02198	0.01172	0.00896	0.00302	0.00950	0.00922	0.26156	0.01362
3	0.02253	0.01341	0.01871	0.09041	0.02626	0.01331	0.01446	0.02667	0.02440	0.15230	0.12852	0.13353	0.11259	0.03021	0.10376	0.00579	0.01132	0.05072	0.00952	0.01160
4	0.01971	0.00985	0.00985	0.00985	0.01232	0.00985	0.00739	0.02464	0.02217	0.03942	0.03449	0.03942	0.02710	0.01232	0.00739	0.00246	0.00493	0.00985	0.68712	0.00985
5	0.17534	0.02106	0.02132	0.01730	0.02482	0.06539	0.01404	0.03372	0.02375	0.14907	0.02609	0.03292	0.02111	0.01167	0.00894	0.00271	0.00930	0.05345	0.00802	0.27997
6	0.02546	0.02373	0.02100	0.01906	0.02315	0.14697	0.01448	0.09353	0.09346	0.03525	0.08028	0.04402	0.06727	0.08589	0.12563	0.00645	0.01450	0.01187	0.05615	0.01186
7	0.01971	0.00985	0.00985	0.00985	0.01232	0.00985	0.00739	0.02464	0.02217	0.03942	0.03449	0.03942	0.02710	0.01232	0.00739	0.00246	0.00493	0.00985	0.68712	0.00985
8	0.03941	0.02052	0.02517	0.02032	0.02743	0.02027	0.01667	0.20098	0.03522	0.31126	0.03907	0.09018	0.03033	0.01611	0.01121	0.00347	0.00968	0.05456	0.01169	0.01645
9	0.63844	0.02089	0.01816	0.01878	0.07223	0.02385	0.01346	0.03121	0.01857	0.04621	0.01522	0.01803	0.01196	0.00978	0.00692	0.00326	0.00860	0.00608	0.00642	0.01196
10	0.03031	0.02470	0.02616	0.02233	0.02902	0.02817	0.01770	0.19201	0.40101	0.05069	0.03794	0.03539	0.02815	0.01387	0.01071	0.00347	0.00931	0.01125	0.01071	0.01709
11	0.32840	0.02170	0.02197	0.01798	0.02532	0.02333	0.01475	0.13479	0.07275	0.20125	0.02698	0.02609	0.01874	0.01170	0.00886	0.00328	0.00910	0.00840	0.00957	0.01505
12	0.02617	0.02512	0.04292	0.06490	0.56246	0.02512	0.03245	0.03245	0.02407	0.03454	0.01989	0.02617	0.01675	0.00942	0.01047	0.00314	0.01256	0.00942	0.00523	0.01675
13	0.01496	0.01081	0.01413	0.01330	0.01580	0.00998	0.00998	0.01995	0.02993	0.04240	0.55689	0.07898	0.09976	0.02162	0.01247	0.00333	0.00499	0.01912	0.01164	0.00998
14	0.01704	0.01217	0.01704	0.01947	0.02191	0.01217	0.01704	0.02191	0.02434	0.03164	0.05598	0.11926	0.06085	0.02921	0.01460	0.00487	0.00974	0.49130	0.00974	0.00974
15	0.01971	0.00985	0.00985	0.00985	0.01232	0.00985	0.00739	0.02464	0.02217	0.03942	0.03449	0.03942	0.02710	0.01232	0.00739	0.00246	0.00493	0.00985	0.68712	0.00985
16	0.02454	0.02119	0.02223	0.02014	0.02581	0.02409	0.01563	0.05097	0.47735	0.04224	0.05118	0.04737	0.09913	0.01593	0.01098	0.00358	0.00798	0.01327	0.01064	0.01574
17	0.10325	0.02667	0.02860	0.02239	0.03042	0.02917	0.01840	0.37890	0.08659	0.12684	0.02796	0.02716	0.01963	0.01261	0.01021	0.00323	0.01069	0.00951	0.01053	0.01725
18	0.01971	0.00985	0.00985	0.00985	0.01232	0.00985	0.00739	0.02464	0.02217	0.03942	0.03449	0.03942	0.02710	0.01232	0.00739	0.00246	0.00493	0.00985	0.68712	0.00985
19	0.01288	0.00920	0.01227	0.01472	0.01534	0.00859	0.00981	0.01472	0.02024	0.02699	0.05828	0.62152	0.06993	0.03312	0.01350	0.00429	0.00613	0.03006	0.00981	0.00859
20	0.01971	0.00985	0.00985	0.00985	0.01232	0.00985	0.00739	0.02464	0.02217	0.03942	0.03449	0.03942	0.02710	0.01232	0.00739	0.00246	0.00493	0.00985	0.68712	0.00985
21	0.02630	0.02271	0.02391	0.02152	0.02749	0.02630	0.01674	0.05618	0.54336	0.04423	0.04303	0.03945	0.03228	0.01434	0.01076	0.00359	0.00837	0.01195	0.01076	0.01674
22	0.70310	0.02045	0.01554	0.01390	0.02045	0.02372	0.01145	0.03108	0.01799	0.04744	0.01472	0.01718	0.01145	0.00981	0.00654	0.00327	0.00818	0.00573	0.00654	0.01145
23	0.02302	0.02087	0.03455	0.09966	0.36494	0.02128	0.02778	0.02896	0.02389	0.03305	0.03008	0.05289	0.02909	0.01516	0.01166	0.00367	0.01189	0.14679	0.00647	0.01431
24	0.09178	0.02329	0.03883	0.04023	0.21363	0.02311	0.13357	0.03760	0.02496	0.18751	0.02558	0.02848	0.01861	0.01100	0.01225	0.00338	0.05276	0.01010	0.00757	0.01573
25	0.01381	0.00988	0.01327	0.01530	0.01644	0.00934	0.01099	0.01653	0.02213	0.02969	0.12130	0.47236	0.07227	0.03104	0.01354	0.00426	0.00656	0.10231	0.01003	0.00895
26	0.03947	0.01623	0.02198	0.01746	0.02424	0.01417	0.01417	0.04378	0.03018	0.44031	0.16819	0.04654	0.04424	0.01518	0.01108	0.00328	0.00801	0.01272	0.01273	0.01603
27	0.02549	0.02221	0.02490	0.09544	0.03326	0.02594	0.01834	0.05247	0.47697	0.04204	0.03995	0.03802	0.02996	0.01386	0.01073	0.00358	0.00910	0.01163	0.00999	0.01610
28	0.02121	0.05469	0.57364	0.03014	0.04576	0.02455	0.03906	0.03348	0.02232	0.03348	0.01897	0.02232	0.01339	0.01005	0.01005	0.00335	0.01563	0.00781	0.00446	0.01563
29	0.02313	0.02313	0.03238	0.02776	0.02776	0.03238	0.02313	0.02545	0.01619	0.02545	0.01388	0.02313	0.01388	0.01851	0.03470	0.00463	0.60907	0.00925	0.00463	0.01157
30	0.02827	0.63478	0.05540	0.01809	0.02714	0.04184	0.01809	0.03166	0.02148	0.02488	0.01470	0.01696	0.01357	0.00905	0.00678	0.00226	0.01131	0.00565	0.00452	0.01357
31	0.02073	0.01777	0.02050	0.01503	0.02369	0.01344	0.01196	0.02517	0.02220	0.03370	0.03002	0.03207	0.08463	0.01024	0.00842	0.00182	0.00752	0.00830	0.00672	0.60608
32	0.01997	0.01879	0.03171	0.60301	0.07282	0.02349	0.02936	0.02701	0.02114	0.02701	0.01879	0.02819	0.01409	0.01057	0.01057	0.00352	0.01409	0.00940	0.00470	0.01175
33	0.01290	0.01053	0.01140	0.01159	0.01463	0.00903	0.00854	0.01580	0.02444	0.03033	0.16492	0.16459	0.43086	0.02685	0.01262	0.00363	0.00540	0.02284	0.01008	0.00903
34	0.02827	0.63478	0.05540	0.01809	0.02714	0.04184	0.01809	0.03166	0.02148	0.02488	0.01470	0.01696	0.01357	0.00905	0.00678	0.00226	0.01131	0.00565	0.00452	0.01357
35	0.02192	0.01879	0.02192	0.01566	0.02506	0.01409	0.01253	0.02662	0.02192	0.03445	0.01879	0.02192	0.01566	0.00783	0.00783	0.00157	0.00783	0.00626	0.00626	0.69305
36	0.01538	0.01025	0.01153	0.01153	0.01153	0.01025	0.00641	0.01538	0.01538	0.02050	0.03331	0.06919	0.03844	0.62842	0.05382	0.01025	0.01025	0.01538	0.00641	0.00641

[dist]
# distance from previous block
# <min> <max>
0	6

# created by:
# /st0/software/busco_prod/Augustus/scripts/msa2prfl.pl ./align_prep/6837.fa
