[name]
unknown

[dist]
# distance from previous block
# <min> <max>
0	208

[block]
# block no. 0 follows, 14 sequences, length 8
# corresponding to MSA columns:
# 208-215
name=unknown_A
#
# <colnr> <probs for GDERKNQSTAVLIFYWHMCP>
#	G	D	E	R	K	N	Q	S	T	A	V	L	I	F	Y	W	H	M	C	P
0	0.15798	0.01814	0.02088	0.01720	0.02359	0.01826	0.01389	0.08120	0.09733	0.27455	0.13079	0.03880	0.03591	0.01376	0.00993	0.00322	0.00801	0.01103	0.01080	0.01474
1	0.02685	0.01410	0.01886	0.01648	0.02099	0.01352	0.01321	0.05923	0.02752	0.22327	0.21818	0.05604	0.05198	0.02843	0.11808	0.00573	0.01102	0.05332	0.01052	0.01266
2	0.02032	0.04518	0.48147	0.02567	0.03852	0.02124	0.03233	0.03094	0.02164	0.03355	0.02115	0.02468	0.01542	0.01015	0.00928	0.00309	0.01328	0.00794	0.13000	0.01415
3	0.15807	0.02483	0.02880	0.05356	0.07984	0.07051	0.05660	0.15258	0.08037	0.15615	0.02589	0.02655	0.01850	0.01125	0.00963	0.00316	0.01107	0.00900	0.00857	0.01508
4	0.01371	0.01007	0.01285	0.01298	0.01504	0.00921	0.00942	0.01749	0.02592	0.03565	0.38044	0.22528	0.14485	0.02450	0.01237	0.00350	0.00518	0.02171	0.01062	0.00921
5	0.02295	0.01735	0.02296	0.02650	0.12274	0.01815	0.01751	0.03519	0.19835	0.08512	0.04305	0.17818	0.04098	0.01950	0.01163	0.00375	0.00869	0.10470	0.00930	0.01341
6	0.02382	0.01988	0.02260	0.01680	0.02545	0.01708	0.01346	0.08936	0.08215	0.03813	0.02153	0.02351	0.01720	0.00883	0.00822	0.00191	0.00809	0.00705	0.00704	0.54789
7	0.02428	0.02265	0.12208	0.01830	0.02585	0.01629	0.01711	0.03365	0.10550	0.14052	0.15492	0.04502	0.08221	0.01436	0.01030	0.00298	0.00846	0.01201	0.00911	0.13441

[dist]
# distance from previous block
# <min> <max>
0	1

[block]
# block no. 1 follows, 14 sequences, length 24
# corresponding to MSA columns:
# 217-240
name=unknown_B
#
# <colnr> <probs for GDERKNQSTAVLIFYWHMCP>
#	G	D	E	R	K	N	Q	S	T	A	V	L	I	F	Y	W	H	M	C	P
0	0.01795	0.01515	0.02260	0.22310	0.07710	0.01688	0.01974	0.02513	0.07508	0.02939	0.03889	0.21228	0.04017	0.02040	0.01189	0.00388	0.01000	0.12177	0.00759	0.01099
1	0.09993	0.02479	0.02691	0.02223	0.02827	0.02889	0.01807	0.25873	0.20126	0.04996	0.02735	0.02783	0.02061	0.01339	0.01342	0.00343	0.10080	0.00958	0.00907	0.01550
2	0.03025	0.03172	0.08488	0.03728	0.18838	0.11207	0.07536	0.16527	0.09800	0.04120	0.02305	0.02570	0.01766	0.01077	0.01024	0.00311	0.01316	0.00926	0.00705	0.01557
3	0.03605	0.02588	0.02763	0.02152	0.02886	0.02851	0.01767	0.46400	0.04426	0.06074	0.02596	0.02667	0.01877	0.01226	0.00980	0.00298	0.01032	0.00929	0.11256	0.01628
4	0.09391	0.02704	0.11904	0.02778	0.03745	0.02175	0.18412	0.07591	0.02691	0.24111	0.02747	0.02829	0.01859	0.01067	0.01045	0.00327	0.01252	0.00998	0.00833	0.01541
5	0.01454	0.00990	0.01180	0.01216	0.01242	0.00998	0.00734	0.01515	0.01578	0.02121	0.03548	0.14892	0.04076	0.49521	0.09848	0.00971	0.01102	0.01667	0.00664	0.00681
6	0.07344	0.05874	0.13319	0.11987	0.17687	0.02118	0.02458	0.03037	0.02223	0.09939	0.02676	0.11951	0.02389	0.01345	0.01011	0.00329	0.01120	0.01166	0.00655	0.01371
7	0.02412	0.04204	0.36853	0.02730	0.03831	0.02634	0.03087	0.11111	0.07234	0.03718	0.02070	0.02371	0.01538	0.01174	0.01346	0.00343	0.10422	0.00840	0.00581	0.01502
8	0.02427	0.07149	0.06914	0.04172	0.26818	0.08161	0.07388	0.02941	0.02251	0.03000	0.02372	0.11434	0.02292	0.01346	0.01250	0.00329	0.06646	0.01179	0.00563	0.01367
9	0.50920	0.02078	0.02413	0.10485	0.03223	0.02343	0.09220	0.03000	0.01891	0.04121	0.01583	0.01986	0.01215	0.00950	0.00777	0.00325	0.01016	0.00705	0.00592	0.01156
10	0.01642	0.01266	0.01670	0.01735	0.05718	0.01234	0.01193	0.02378	0.08170	0.04078	0.47679	0.06907	0.08439	0.01941	0.01180	0.00324	0.00571	0.01717	0.01076	0.01082
11	0.01275	0.00912	0.01213	0.01412	0.01494	0.00850	0.00955	0.01490	0.02078	0.02801	0.11866	0.56539	0.07138	0.03080	0.01298	0.00405	0.00582	0.02789	0.00974	0.00850
12	0.02681	0.02268	0.02393	0.02114	0.02718	0.02613	0.01655	0.10091	0.50832	0.04500	0.04014	0.03699	0.03000	0.01377	0.01043	0.00344	0.00842	0.01138	0.01043	0.01636
13	0.02128	0.01824	0.02128	0.01520	0.02432	0.01368	0.01216	0.02584	0.02128	0.03344	0.01824	0.02128	0.01520	0.00760	0.00760	0.00152	0.00760	0.00608	0.00608	0.70208
14	0.02471	0.27469	0.31479	0.02520	0.03717	0.03089	0.05703	0.06829	0.02341	0.03166	0.01742	0.02024	0.01353	0.00950	0.00872	0.00285	0.01342	0.00716	0.00483	0.01450
15	0.02127	0.11266	0.53264	0.02807	0.04260	0.02552	0.03587	0.03232	0.02158	0.03166	0.01800	0.02114	0.01302	0.00965	0.00943	0.00314	0.01474	0.00737	0.00434	0.01497
16	0.01492	0.00995	0.01119	0.01119	0.01119	0.00995	0.00622	0.01492	0.01492	0.01990	0.03233	0.06716	0.03731	0.63935	0.05223	0.00995	0.00995	0.01492	0.00622	0.00622
17	0.01407	0.01047	0.01308	0.01243	0.01505	0.00949	0.00932	0.01848	0.02796	0.03858	0.48064	0.08089	0.18772	0.02194	0.01211	0.00327	0.00491	0.01915	0.01096	0.00949
18	0.02596	0.01773	0.02801	0.20888	0.09483	0.01848	0.05725	0.03268	0.05438	0.16627	0.09568	0.09331	0.03316	0.01422	0.01090	0.00338	0.01046	0.01282	0.00827	0.01332
19	0.04542	0.01847	0.02443	0.01873	0.02670	0.01657	0.01548	0.09360	0.03105	0.53649	0.03908	0.03402	0.02470	0.01267	0.01032	0.00317	0.00896	0.01022	0.01249	0.01746
20	0.71184	0.01985	0.01508	0.01350	0.01985	0.02302	0.01111	0.03017	0.01746	0.04604	0.01429	0.01667	0.01111	0.00953	0.00635	0.00318	0.00794	0.00556	0.00635	0.01111
21	0.02641	0.55719	0.13316	0.01930	0.02903	0.03810	0.02059	0.03099	0.02097	0.02539	0.01489	0.01724	0.01314	0.00892	0.00706	0.00235	0.01160	0.00580	0.00438	0.01347
22	0.01950	0.01184	0.01688	0.01603	0.01855	0.01278	0.01226	0.02270	0.01825	0.10875	0.03014	0.04319	0.02722	0.14454	0.43345	0.01355	0.02220	0.01143	0.00670	0.01003
23	0.01250	0.00893	0.01191	0.01429	0.01488	0.00834	0.00953	0.01429	0.01965	0.02620	0.05656	0.63265	0.06787	0.03215	0.01310	0.00417	0.00595	0.02917	0.00953	0.00834

[dist]
# distance from previous block
# <min> <max>
0	3

[block]
# block no. 2 follows, 14 sequences, length 12
# corresponding to MSA columns:
# 244-255
name=unknown_C
#
# <colnr> <probs for GDERKNQSTAVLIFYWHMCP>
#	G	D	E	R	K	N	Q	S	T	A	V	L	I	F	Y	W	H	M	C	P
0	0.01913	0.00956	0.00956	0.00956	0.01196	0.00956	0.00717	0.02391	0.02152	0.03826	0.03348	0.03826	0.02630	0.01196	0.00717	0.00239	0.00478	0.00956	0.69632	0.00956
1	0.02286	0.01918	0.02213	0.01595	0.02499	0.01530	0.01282	0.07187	0.02369	0.03623	0.01881	0.02158	0.01540	0.00802	0.00784	0.00166	0.00793	0.00636	0.00645	0.64093
2	0.02553	0.02204	0.02320	0.02088	0.02669	0.02553	0.01624	0.05453	0.55679	0.04293	0.04177	0.03829	0.03133	0.01392	0.01044	0.00348	0.00812	0.01160	0.01044	0.01624
3	0.01783	0.00891	0.01337	0.01337	0.01337	0.00891	0.00891	0.01337	0.01337	0.01783	0.01783	0.03119	0.01783	0.03565	0.04011	0.70143	0.00891	0.00891	0.00446	0.00446
4	0.03558	0.02704	0.03372	0.02578	0.03399	0.02914	0.09404	0.37504	0.10841	0.08927	0.02724	0.02745	0.01944	0.01201	0.01056	0.00319	0.01160	0.01002	0.00970	0.01677
5	0.01783	0.00891	0.01337	0.01337	0.01337	0.00891	0.00891	0.01337	0.01337	0.01783	0.01783	0.03119	0.01783	0.03565	0.04011	0.70143	0.00891	0.00891	0.00446	0.00446
6	0.02503	0.03834	0.31706	0.03347	0.11826	0.02343	0.08748	0.03707	0.09122	0.09254	0.02413	0.02641	0.01741	0.01039	0.01022	0.00327	0.01339	0.00912	0.00621	0.01556
7	0.26691	0.01995	0.02406	0.08691	0.10847	0.02132	0.01767	0.03853	0.09067	0.19011	0.02619	0.02688	0.01866	0.01099	0.00894	0.00322	0.00941	0.00854	0.00825	0.01430
8	0.61423	0.02114	0.01736	0.01496	0.02158	0.02430	0.01233	0.10429	0.02193	0.04875	0.01579	0.01783	0.01203	0.00993	0.00692	0.00316	0.00842	0.00609	0.00692	0.01203
9	0.02932	0.35863	0.09652	0.02340	0.03282	0.03503	0.08620	0.15952	0.02824	0.03620	0.01807	0.02041	0.01454	0.00974	0.00850	0.00267	0.01224	0.00746	0.00596	0.01451
10	0.11699	0.08709	0.05994	0.07065	0.02989	0.01958	0.01649	0.03444	0.02308	0.19439	0.02385	0.02475	0.01719	0.00984	0.00850	0.00256	0.00934	0.00756	0.00763	0.23624
11	0.02939	0.02512	0.09262	0.15491	0.25168	0.02266	0.02696	0.08020	0.02615	0.15375	0.02407	0.02739	0.01749	0.01048	0.01018	0.00317	0.01197	0.00924	0.00701	0.01555

[dist]
# distance from previous block
# <min> <max>
3	4

[block]
# block no. 3 follows, 14 sequences, length 18
# corresponding to MSA columns:
# 260-262,285-299
name=unknown_D
#
# <colnr> <probs for GDERKNQSTAVLIFYWHMCP>
#	G	D	E	R	K	N	Q	S	T	A	V	L	I	F	Y	W	H	M	C	P
0	0.03208	0.09444	0.03242	0.02690	0.09955	0.07400	0.01957	0.25537	0.10547	0.04658	0.02368	0.02480	0.01809	0.01105	0.00949	0.00282	0.01109	0.00856	0.00810	0.09594
1	0.01559	0.01100	0.01471	0.01443	0.01515	0.01225	0.01005	0.01666	0.01541	0.02149	0.02775	0.05015	0.02924	0.31821	0.26196	0.08701	0.05344	0.01239	0.00564	0.00747
2	0.01280	0.00906	0.01182	0.01391	0.01443	0.00853	0.00912	0.01437	0.01907	0.02543	0.05360	0.56352	0.06414	0.10638	0.01788	0.00487	0.00644	0.02743	0.00912	0.00808
3	0.02265	0.01905	0.02201	0.01585	0.02490	0.01508	0.01273	0.06561	0.02336	0.03585	0.01873	0.02154	0.01537	0.00796	0.00781	0.00164	0.00788	0.00632	0.00640	0.64923
4	0.02246	0.05717	0.09351	0.13432	0.09399	0.01873	0.02055	0.02822	0.02253	0.07400	0.06622	0.06612	0.02522	0.01157	0.00948	0.00271	0.01009	0.00988	0.00652	0.22667
5	0.06968	0.25728	0.22217	0.02311	0.03301	0.14003	0.02430	0.03468	0.05468	0.02960	0.01761	0.01991	0.01408	0.00980	0.00837	0.00277	0.01346	0.00677	0.00503	0.01365
6	0.02540	0.02438	0.04165	0.06299	0.57533	0.02438	0.03149	0.03149	0.02337	0.03353	0.01930	0.02540	0.01626	0.00914	0.01016	0.00305	0.01219	0.00914	0.00508	0.01626
7	0.02422	0.02768	0.06055	0.04325	0.05363	0.02595	0.53806	0.03287	0.02422	0.03287	0.02076	0.02768	0.01557	0.00865	0.01211	0.00346	0.01730	0.01211	0.00519	0.01384
8	0.01477	0.01055	0.01421	0.01421	0.01526	0.01159	0.00999	0.01686	0.01582	0.02214	0.02957	0.05186	0.03067	0.31879	0.36370	0.01368	0.01995	0.01268	0.00581	0.00790
9	0.01250	0.00893	0.01191	0.01429	0.01488	0.00834	0.00953	0.01429	0.01965	0.02620	0.05656	0.63265	0.06787	0.03215	0.01310	0.00417	0.00595	0.02917	0.00953	0.00834
10	0.01680	0.01176	0.01408	0.01308	0.01644	0.01086	0.00995	0.02257	0.06401	0.07573	0.35282	0.07779	0.23243	0.02143	0.01187	0.00331	0.00546	0.01844	0.01080	0.01038
11	0.02553	0.02204	0.02320	0.02088	0.02669	0.02553	0.01624	0.05453	0.55679	0.04293	0.04177	0.03829	0.03133	0.01392	0.01044	0.00348	0.00812	0.01160	0.01044	0.01624
12	0.01938	0.01824	0.03078	0.61468	0.07068	0.02280	0.02850	0.02622	0.02052	0.02622	0.01824	0.02736	0.01368	0.01026	0.01026	0.00342	0.01368	0.00912	0.00456	0.01140
13	0.08821	0.04005	0.02954	0.10396	0.09456	0.41724	0.02150	0.03722	0.02645	0.02783	0.01641	0.02023	0.01344	0.01030	0.00925	0.00283	0.01637	0.00712	0.00526	0.01224
14	0.01855	0.01138	0.01501	0.01359	0.01672	0.01037	0.01037	0.02328	0.02909	0.11022	0.50236	0.07133	0.08771	0.01992	0.01188	0.00322	0.00534	0.01751	0.01148	0.01068
15	0.02042	0.01725	0.02031	0.01491	0.02317	0.01317	0.01184	0.02501	0.02227	0.03442	0.08864	0.02835	0.02562	0.00931	0.00817	0.00174	0.00725	0.00767	0.00675	0.61373
16	0.02147	0.01719	0.08544	0.01360	0.01825	0.01380	0.01243	0.08100	0.02443	0.04038	0.03060	0.03467	0.02365	0.01171	0.00784	0.00258	0.00681	0.00928	0.53375	0.01113
17	0.02336	0.01676	0.01847	0.05948	0.02380	0.07602	0.01359	0.02857	0.06656	0.13338	0.11075	0.29291	0.05093	0.02174	0.01162	0.00359	0.00841	0.01902	0.00961	0.01145

[dist]
# distance from previous block
# <min> <max>
0	11

[block]
# block no. 4 follows, 14 sequences, length 10
# corresponding to MSA columns:
# 311-320
name=unknown_E
#
# <colnr> <probs for GDERKNQSTAVLIFYWHMCP>
#	G	D	E	R	K	N	Q	S	T	A	V	L	I	F	Y	W	H	M	C	P
0	0.01466	0.01100	0.01649	0.01649	0.01833	0.01283	0.01283	0.01833	0.01649	0.02382	0.02749	0.04032	0.02566	0.07697	0.59868	0.01649	0.02749	0.01100	0.00550	0.00916
1	0.28556	0.08686	0.02359	0.01739	0.02391	0.13314	0.01422	0.03713	0.02351	0.18168	0.02294	0.02342	0.01663	0.01067	0.00805	0.00292	0.01027	0.00731	0.05774	0.01305
2	0.25647	0.07240	0.08217	0.01694	0.02493	0.02000	0.01569	0.02961	0.02082	0.07505	0.02211	0.03067	0.01893	0.01121	0.00824	0.00279	0.00908	0.06104	0.00668	0.21517
3	0.02831	0.02743	0.03393	0.17379	0.17364	0.14554	0.06598	0.07953	0.02663	0.06263	0.02293	0.03235	0.01903	0.01171	0.01049	0.00323	0.01381	0.04919	0.00626	0.01361
4	0.02965	0.11663	0.29429	0.02492	0.03644	0.02734	0.02744	0.18376	0.03022	0.10108	0.02214	0.02334	0.01569	0.01071	0.00957	0.00306	0.01280	0.00811	0.00700	0.01584
5	0.01894	0.04308	0.45162	0.02519	0.03746	0.02042	0.03112	0.02899	0.02288	0.03329	0.10482	0.03660	0.07637	0.01285	0.01030	0.00327	0.01278	0.01044	0.00580	0.01379
6	0.02804	0.01704	0.02473	0.02007	0.02442	0.01739	0.07665	0.03301	0.06464	0.20891	0.03213	0.04411	0.02743	0.23217	0.02799	0.00576	0.08280	0.01209	0.00836	0.01225
7	0.02549	0.06503	0.16808	0.02115	0.02825	0.08202	0.02021	0.08055	0.02546	0.10674	0.03441	0.22975	0.03372	0.01802	0.01077	0.00341	0.01091	0.01519	0.00793	0.01292
8	0.08395	0.05955	0.01969	0.01583	0.02018	0.01808	0.01242	0.08922	0.11451	0.04020	0.21075	0.13179	0.10635	0.01888	0.01083	0.00333	0.00706	0.01592	0.00968	0.01179
9	0.33377	0.02831	0.16484	0.01931	0.02791	0.02213	0.01956	0.08069	0.02262	0.04171	0.02109	0.02997	0.01781	0.01177	0.00858	0.00322	0.01028	0.06127	0.00654	0.06860

[dist]
# distance from previous block
# <min> <max>
0	6

[block]
# block no. 5 follows, 14 sequences, length 12
# corresponding to MSA columns:
# 327-338
name=unknown_F
#
# <colnr> <probs for GDERKNQSTAVLIFYWHMCP>
#	G	D	E	R	K	N	Q	S	T	A	V	L	I	F	Y	W	H	M	C	P
0	0.23509	0.07663	0.32241	0.02244	0.03323	0.02363	0.02598	0.03035	0.01983	0.03537	0.01771	0.02150	0.01359	0.01582	0.06281	0.00438	0.01379	0.00714	0.00507	0.01323
1	0.26672	0.23744	0.14365	0.02144	0.03079	0.02944	0.08114	0.03113	0.02022	0.03450	0.01585	0.01887	0.01270	0.00921	0.00777	0.00289	0.01147	0.00670	0.00516	0.01291
2	0.02303	0.26440	0.39628	0.02508	0.03797	0.02982	0.03065	0.03187	0.02138	0.02952	0.01694	0.01981	0.01306	0.00940	0.00862	0.00287	0.01367	0.00684	0.00435	0.01445
3	0.59181	0.02271	0.06849	0.01535	0.02265	0.02243	0.01392	0.03206	0.01886	0.09013	0.01688	0.01867	0.01250	0.00982	0.00700	0.00318	0.00867	0.00615	0.00670	0.01202
4	0.01783	0.00891	0.01337	0.01337	0.01337	0.00891	0.00891	0.01337	0.01337	0.01783	0.01783	0.03119	0.01783	0.03565	0.04011	0.70143	0.00891	0.00891	0.00446	0.00446
5	0.01417	0.01035	0.01332	0.01285	0.01518	0.00949	0.00953	0.01858	0.02782	0.03887	0.49113	0.12657	0.12913	0.02232	0.01219	0.00333	0.00496	0.01971	0.01101	0.00949
6	0.03727	0.02188	0.06804	0.02300	0.06727	0.01914	0.01832	0.04851	0.16542	0.36055	0.03760	0.03410	0.02533	0.01254	0.01030	0.00325	0.00932	0.01036	0.01092	0.01688
7	0.03574	0.01920	0.02329	0.01884	0.02615	0.01866	0.01515	0.04876	0.21749	0.32371	0.03830	0.03451	0.02631	0.01253	0.01004	0.00309	0.00838	0.01028	0.01110	0.09848
8	0.25662	0.11047	0.02784	0.01930	0.02473	0.02785	0.01637	0.08826	0.02152	0.03753	0.01574	0.01977	0.01331	0.01192	0.01478	0.00320	0.18339	0.00702	0.00597	0.09439
9	0.06781	0.03081	0.10683	0.02521	0.03386	0.09961	0.09446	0.18045	0.03195	0.14690	0.02950	0.03002	0.05141	0.01199	0.01026	0.00315	0.01260	0.00987	0.00830	0.01503
10	0.13063	0.14270	0.03369	0.06057	0.07317	0.07596	0.05054	0.11327	0.09028	0.09970	0.02321	0.02460	0.01747	0.01073	0.00905	0.00299	0.01128	0.00834	0.00740	0.01442
11	0.15514	0.02316	0.06988	0.06354	0.03271	0.02006	0.07865	0.07549	0.02414	0.09938	0.02086	0.02347	0.01554	0.00942	0.00880	0.00265	0.01028	0.00778	0.00689	0.25216

[dist]
# distance from previous block
# <min> <max>
20	65

[block]
# block no. 6 follows, 14 sequences, length 8
# corresponding to MSA columns:
# 422-429
name=unknown_G
#
# <colnr> <probs for GDERKNQSTAVLIFYWHMCP>
#	G	D	E	R	K	N	Q	S	T	A	V	L	I	F	Y	W	H	M	C	P
0	0.07342	0.35017	0.09170	0.01951	0.02828	0.03276	0.01888	0.09695	0.07766	0.09064	0.02132	0.02200	0.01659	0.01026	0.00807	0.00269	0.01070	0.00724	0.00667	0.01449
1	0.02862	0.50575	0.11495	0.01905	0.02851	0.03581	0.01975	0.03303	0.02187	0.08568	0.01761	0.01909	0.01448	0.00932	0.00737	0.00243	0.01124	0.00626	0.00528	0.01388
2	0.01395	0.01420	0.07404	0.01482	0.01737	0.01046	0.01185	0.01689	0.02032	0.02733	0.10087	0.35757	0.11431	0.13430	0.01939	0.00492	0.00747	0.02253	0.00855	0.00887
3	0.02273	0.27220	0.26867	0.02176	0.03266	0.02786	0.02475	0.02990	0.02198	0.03019	0.06680	0.02462	0.02090	0.01016	0.00852	0.00265	0.01180	0.00761	0.00518	0.08905
4	0.01892	0.20969	0.14067	0.01821	0.02471	0.02150	0.01806	0.02355	0.02121	0.02742	0.04169	0.21576	0.10050	0.01953	0.01044	0.00335	0.00953	0.05705	0.00693	0.01130
5	0.02568	0.11633	0.10247	0.02160	0.02874	0.08362	0.08024	0.05837	0.02531	0.09172	0.06012	0.09066	0.08598	0.01454	0.01007	0.00307	0.01099	0.01228	0.06555	0.01268
6	0.21873	0.17546	0.30526	0.02217	0.03340	0.02733	0.02576	0.03144	0.02029	0.03449	0.01632	0.01909	0.01250	0.00947	0.00808	0.00299	0.01218	0.00654	0.00492	0.01357
7	0.11020	0.21033	0.21147	0.02102	0.03133	0.02617	0.02264	0.03653	0.02306	0.18274	0.02280	0.02323	0.01624	0.01025	0.00860	0.00292	0.01135	0.00749	0.00688	0.01475

[dist]
# distance from previous block
# <min> <max>
2	28

[block]
# block no. 7 follows, 14 sequences, length 50
# corresponding to MSA columns:
# 460-486,492-514
name=unknown_H
#
# <colnr> <probs for GDERKNQSTAVLIFYWHMCP>
#	G	D	E	R	K	N	Q	S	T	A	V	L	I	F	Y	W	H	M	C	P
0	0.03374	0.01752	0.02288	0.08979	0.02960	0.01709	0.01585	0.11267	0.03048	0.30260	0.11924	0.04498	0.08802	0.01489	0.01075	0.00323	0.00879	0.01236	0.01083	0.01471
1	0.17581	0.01856	0.02056	0.01685	0.02375	0.01838	0.01354	0.03999	0.14144	0.20761	0.07360	0.03268	0.02756	0.01204	0.00916	0.00295	0.00791	0.00949	0.00955	0.13860
2	0.07084	0.01905	0.02487	0.06642	0.02954	0.02074	0.05757	0.10966	0.13664	0.09265	0.03471	0.03762	0.06207	0.02893	0.15504	0.00656	0.01436	0.01114	0.00821	0.01335
3	0.08056	0.01601	0.02019	0.01908	0.05961	0.01482	0.01364	0.03207	0.06267	0.18218	0.11773	0.14280	0.04078	0.01609	0.01028	0.00307	0.00757	0.01380	0.00954	0.13751
4	0.17818	0.02487	0.02592	0.12895	0.08893	0.10545	0.01920	0.07255	0.10251	0.07697	0.02265	0.02508	0.01712	0.01071	0.00910	0.00305	0.01120	0.00823	0.00707	0.06227
5	0.22668	0.01957	0.02287	0.02158	0.07946	0.01971	0.01558	0.04150	0.10365	0.25619	0.02957	0.02835	0.02061	0.01127	0.00901	0.00309	0.00868	0.00875	0.00933	0.06455
6	0.17160	0.03273	0.21619	0.02456	0.07045	0.06673	0.02329	0.03569	0.02377	0.16027	0.06049	0.02745	0.02146	0.01117	0.00932	0.00315	0.01154	0.00857	0.00726	0.01428
7	0.12179	0.08211	0.21134	0.06629	0.09016	0.06651	0.02545	0.07103	0.06547	0.07546	0.02125	0.02355	0.01576	0.01039	0.00921	0.00311	0.01241	0.00795	0.00627	0.01449
8	0.06964	0.16070	0.07401	0.01933	0.02806	0.08230	0.01736	0.10830	0.02646	0.07992	0.01967	0.02132	0.01531	0.00955	0.00826	0.00238	0.01067	0.00690	0.00667	0.23320
9	0.18974	0.15304	0.10300	0.02105	0.02962	0.08247	0.05564	0.03718	0.02353	0.18080	0.02247	0.02314	0.01614	0.01030	0.00860	0.00295	0.01142	0.00766	0.00721	0.01403
10	0.07775	0.37478	0.25064	0.02163	0.03262	0.03295	0.02470	0.03135	0.02090	0.02897	0.01583	0.01843	0.01295	0.00920	0.00775	0.00267	0.01231	0.00628	0.00452	0.01376
11	0.08543	0.14092	0.03225	0.02301	0.02770	0.20951	0.01890	0.03519	0.05929	0.06710	0.01829	0.02165	0.01522	0.01267	0.01572	0.00323	0.18785	0.00761	0.00586	0.01256
12	0.01238	0.01015	0.01092	0.01126	0.01415	0.00869	0.00824	0.01502	0.02320	0.02854	0.13317	0.18829	0.44711	0.02664	0.01229	0.00357	0.00530	0.02270	0.00967	0.00869
13	0.01438	0.01067	0.01474	0.06246	0.02039	0.01048	0.01205	0.01815	0.02389	0.03259	0.25180	0.29925	0.07355	0.02556	0.01263	0.00382	0.00661	0.08790	0.00980	0.00925
14	0.02114	0.02004	0.03397	0.45304	0.21854	0.02326	0.02938	0.02777	0.02135	0.02836	0.01855	0.02679	0.01443	0.00993	0.01023	0.00331	0.01324	0.00913	0.00471	0.01282
15	0.02553	0.02204	0.02320	0.02088	0.02669	0.02553	0.01624	0.05453	0.55679	0.04293	0.04177	0.03829	0.03133	0.01392	0.01044	0.00348	0.00812	0.01160	0.01044	0.01624
16	0.01938	0.01824	0.03078	0.61468	0.07068	0.02280	0.02850	0.02622	0.02052	0.02622	0.01824	0.02736	0.01368	0.01026	0.01026	0.00342	0.01368	0.00912	0.00456	0.01140
17	0.02553	0.02204	0.02320	0.02088	0.02669	0.02553	0.01624	0.05453	0.55679	0.04293	0.04177	0.03829	0.03133	0.01392	0.01044	0.00348	0.00812	0.01160	0.01044	0.01624
18	0.01466	0.01100	0.01649	0.01649	0.01833	0.01283	0.01283	0.01833	0.01649	0.02382	0.02749	0.04032	0.02566	0.07697	0.59868	0.01649	0.02749	0.01100	0.00550	0.00916
19	0.02744	0.64552	0.05378	0.01756	0.02634	0.04061	0.01756	0.03073	0.02085	0.02414	0.01427	0.01646	0.01317	0.00878	0.00658	0.00219	0.01097	0.00549	0.00439	0.01317
20	0.01284	0.00919	0.01221	0.01406	0.01496	0.00856	0.00955	0.01513	0.02121	0.02869	0.14208	0.54003	0.07270	0.03029	0.01293	0.00401	0.00577	0.02741	0.00982	0.00856
21	0.02332	0.01771	0.02122	0.01911	0.02299	0.01963	0.01509	0.18616	0.07044	0.04064	0.07832	0.16617	0.03971	0.03091	0.12325	0.00607	0.04765	0.05035	0.00892	0.01234
22	0.01213	0.01040	0.01040	0.01040	0.01386	0.00866	0.00780	0.01473	0.02339	0.02772	0.10396	0.09876	0.57117	0.02599	0.01213	0.00347	0.00520	0.02166	0.00953	0.00866
23	0.02553	0.02204	0.02320	0.02088	0.02669	0.02553	0.01624	0.05453	0.55679	0.04293	0.04177	0.03829	0.03133	0.01392	0.01044	0.00348	0.00812	0.01160	0.01044	0.01624
24	0.01498	0.01079	0.01618	0.01618	0.01783	0.01243	0.01243	0.01783	0.01618	0.02322	0.02652	0.03940	0.02487	0.07282	0.54262	0.08523	0.02562	0.01079	0.00539	0.00869
25	0.02744	0.64552	0.05378	0.01756	0.02634	0.04061	0.01756	0.03073	0.02085	0.02414	0.01427	0.01646	0.01317	0.00878	0.00658	0.00219	0.01097	0.00549	0.00439	0.01317
26	0.02511	0.02519	0.04630	0.05814	0.44703	0.02477	0.15608	0.03183	0.02358	0.03337	0.01966	0.02596	0.01609	0.00902	0.01064	0.00315	0.01345	0.00987	0.00511	0.01566
27	0.01528	0.01190	0.01767	0.01732	0.01901	0.01430	0.01359	0.01883	0.01643	0.02389	0.02638	0.03890	0.02469	0.07230	0.55396	0.01554	0.07443	0.01084	0.00542	0.00933
28	0.01466	0.01100	0.01649	0.01649	0.01833	0.01283	0.01283	0.01833	0.01649	0.02382	0.02749	0.04032	0.02566	0.07697	0.59868	0.01649	0.02749	0.01100	0.00550	0.00916
29	0.02595	0.02687	0.05765	0.04127	0.05146	0.02509	0.49667	0.03423	0.02463	0.07637	0.02232	0.02826	0.01635	0.00897	0.01197	0.00344	0.01662	0.01197	0.00578	0.01413
30	0.01885	0.01503	0.01745	0.01605	0.01980	0.01591	0.01226	0.03320	0.23664	0.04185	0.36216	0.06156	0.07106	0.01820	0.01145	0.00333	0.00613	0.01582	0.01096	0.01226
31	0.02128	0.01824	0.02128	0.01520	0.02432	0.01368	0.01216	0.02584	0.02128	0.03344	0.01824	0.02128	0.01520	0.00760	0.00760	0.00152	0.00760	0.00608	0.00608	0.70208
32	0.01938	0.01824	0.03078	0.61468	0.07068	0.02280	0.02850	0.02622	0.02052	0.02622	0.01824	0.02736	0.01368	0.01026	0.01026	0.00342	0.01368	0.00912	0.00456	0.01140
33	0.01477	0.01016	0.01219	0.01187	0.01282	0.00984	0.00758	0.01667	0.02048	0.02826	0.24380	0.07089	0.06072	0.39611	0.03645	0.00731	0.00794	0.01635	0.00822	0.00758
34	0.01783	0.00891	0.01337	0.01337	0.01337	0.00891	0.00891	0.01337	0.01337	0.01783	0.01783	0.03119	0.01783	0.03565	0.04011	0.70143	0.00891	0.00891	0.00446	0.00446
35	0.01250	0.00893	0.01191	0.01429	0.01488	0.00834	0.00953	0.01429	0.01965	0.02620	0.05656	0.63265	0.06787	0.03215	0.01310	0.00417	0.00595	0.02917	0.00953	0.00834
36	0.02325	0.02412	0.01893	0.01730	0.02136	0.20001	0.01311	0.06261	0.02881	0.03382	0.21801	0.06061	0.20127	0.01846	0.01106	0.00310	0.00980	0.01494	0.00878	0.01066
37	0.71184	0.01985	0.01508	0.01350	0.01985	0.02302	0.01111	0.03017	0.01746	0.04604	0.01429	0.01667	0.01111	0.00953	0.00635	0.00318	0.00794	0.00556	0.00635	0.01111
38	0.01520	0.01153	0.01647	0.01619	0.01757	0.01348	0.01223	0.01811	0.01616	0.02316	0.02749	0.04409	0.02701	0.17598	0.46312	0.01454	0.06179	0.01159	0.00557	0.00876
39	0.02744	0.64552	0.05378	0.01756	0.02634	0.04061	0.01756	0.03073	0.02085	0.02414	0.01427	0.01646	0.01317	0.00878	0.00658	0.00219	0.01097	0.00549	0.00439	0.01317
40	0.02058	0.05308	0.58618	0.02925	0.04442	0.02383	0.03792	0.03250	0.02167	0.03250	0.01842	0.02167	0.01300	0.00975	0.00975	0.00325	0.01517	0.00758	0.00433	0.01517
41	0.03061	0.11067	0.03720	0.12151	0.07809	0.15652	0.07386	0.15766	0.02952	0.03624	0.01875	0.02284	0.01480	0.01096	0.01143	0.00306	0.05786	0.00841	0.00620	0.01381
42	0.02090	0.01905	0.03078	0.56897	0.06767	0.02350	0.02780	0.06604	0.02266	0.02919	0.01873	0.02715	0.01397	0.01042	0.01026	0.00339	0.01350	0.00913	0.00500	0.01187
43	0.02573	0.02702	0.03839	0.08133	0.13452	0.12156	0.17156	0.06694	0.02511	0.03192	0.02439	0.11196	0.02264	0.01347	0.01263	0.00339	0.05590	0.01244	0.00608	0.01304
44	0.02290	0.01690	0.02014	0.01572	0.02261	0.01437	0.01240	0.07721	0.02617	0.08015	0.14232	0.07781	0.03754	0.01309	0.00944	0.00236	0.00735	0.01105	0.00838	0.38209
45	0.01250	0.00893	0.01191	0.01429	0.01488	0.00834	0.00953	0.01429	0.01965	0.02620	0.05656	0.63265	0.06787	0.03215	0.01310	0.00417	0.00595	0.02917	0.00953	0.00834
46	0.02428	0.06706	0.02691	0.02681	0.14178	0.01980	0.01729	0.06693	0.09808	0.07855	0.03634	0.13898	0.06617	0.01525	0.01016	0.00302	0.00882	0.01318	0.00801	0.13259
47	0.02128	0.01824	0.02128	0.01520	0.02432	0.01368	0.01216	0.02584	0.02128	0.03344	0.01824	0.02128	0.01520	0.00760	0.00760	0.00152	0.00760	0.00608	0.00608	0.70208
48	0.07097	0.07791	0.07320	0.03299	0.15708	0.06822	0.05527	0.14423	0.06977	0.08315	0.02262	0.02498	0.01721	0.01107	0.01105	0.00313	0.04593	0.00883	0.00717	0.01523
49	0.02339	0.02483	0.05013	0.04613	0.20260	0.02372	0.33659	0.03060	0.02351	0.03239	0.02393	0.08773	0.02102	0.01115	0.01164	0.00341	0.01467	0.01295	0.00559	0.01400

[dist]
# distance from previous block
# <min> <max>
0	3

[block]
# block no. 8 follows, 14 sequences, length 22
# corresponding to MSA columns:
# 518-539
name=unknown_I
#
# <colnr> <probs for GDERKNQSTAVLIFYWHMCP>
#	G	D	E	R	K	N	Q	S	T	A	V	L	I	F	Y	W	H	M	C	P
0	0.01935	0.01350	0.01653	0.01503	0.01860	0.01348	0.01151	0.02927	0.14155	0.08406	0.41575	0.06520	0.07726	0.01883	0.01161	0.00328	0.00585	0.01643	0.01122	0.01169
1	0.01376	0.00987	0.01353	0.01570	0.01687	0.00965	0.01167	0.01648	0.02042	0.02718	0.05342	0.44411	0.06184	0.03508	0.06484	0.00540	0.00877	0.15355	0.00915	0.00870
2	0.02058	0.05308	0.58618	0.02925	0.04442	0.02383	0.03792	0.03250	0.02167	0.03250	0.01842	0.02167	0.01300	0.00975	0.00975	0.00325	0.01517	0.00758	0.00433	0.01517
3	0.02744	0.64552	0.05378	0.01756	0.02634	0.04061	0.01756	0.03073	0.02085	0.02414	0.01427	0.01646	0.01317	0.00878	0.00658	0.00219	0.01097	0.00549	0.00439	0.01317
4	0.01378	0.01046	0.01268	0.01212	0.01487	0.00936	0.00909	0.01792	0.02728	0.03696	0.42435	0.08356	0.24502	0.02254	0.01211	0.00330	0.00495	0.01953	0.01074	0.00936
5	0.03901	0.02874	0.03080	0.02361	0.03182	0.03182	0.01951	0.54111	0.04825	0.06468	0.02464	0.02464	0.01745	0.01232	0.01027	0.00308	0.01129	0.00924	0.01027	0.01745
6	0.03191	0.03723	0.33589	0.02436	0.03631	0.01994	0.02775	0.04029	0.02510	0.27726	0.02824	0.02757	0.01852	0.01106	0.01000	0.00322	0.01230	0.00880	0.00806	0.01619
7	0.02174	0.15282	0.49655	0.02728	0.04137	0.02666	0.03449	0.03220	0.02153	0.03109	0.01772	0.02079	0.01303	0.00959	0.00922	0.00307	0.01446	0.00723	0.00434	0.01483
8	0.02245	0.02245	0.03143	0.02694	0.02694	0.03143	0.02245	0.02470	0.01572	0.02470	0.01347	0.02245	0.01347	0.01796	0.03368	0.00449	0.62057	0.00898	0.00449	0.01123
9	0.04604	0.01746	0.02382	0.01826	0.02620	0.01508	0.01508	0.05001	0.02937	0.58244	0.04049	0.03493	0.02540	0.01270	0.01032	0.00318	0.00873	0.01032	0.01270	0.01746
10	0.02149	0.02106	0.03771	0.40235	0.18499	0.02363	0.10464	0.02843	0.02173	0.02890	0.01886	0.02695	0.01456	0.00976	0.01051	0.00334	0.01387	0.00957	0.00477	0.01289
11	0.02540	0.02438	0.04165	0.06299	0.57533	0.02438	0.03149	0.03149	0.02337	0.03353	0.01930	0.02540	0.01626	0.00914	0.01016	0.00305	0.01219	0.00914	0.00508	0.01626
12	0.02553	0.02204	0.02320	0.02088	0.02669	0.02553	0.01624	0.05453	0.55679	0.04293	0.04177	0.03829	0.03133	0.01392	0.01044	0.00348	0.00812	0.01160	0.01044	0.01624
13	0.01368	0.01046	0.01254	0.01202	0.01481	0.00932	0.00902	0.01773	0.02705	0.03640	0.40509	0.08448	0.26462	0.02275	0.01211	0.00331	0.00497	0.01966	0.01067	0.00932
14	0.02553	0.02204	0.02320	0.02088	0.02669	0.02553	0.01624	0.05453	0.55679	0.04293	0.04177	0.03829	0.03133	0.01392	0.01044	0.00348	0.00812	0.01160	0.01044	0.01624
15	0.01360	0.01041	0.01257	0.01292	0.01548	0.00938	0.00983	0.01715	0.02491	0.03265	0.25575	0.16672	0.26801	0.02537	0.01252	0.00364	0.00572	0.08415	0.01014	0.00908
16	0.02510	0.44382	0.23504	0.02154	0.03249	0.03490	0.02449	0.03133	0.02113	0.02699	0.01568	0.01823	0.01311	0.00911	0.00766	0.00255	0.01240	0.00620	0.00437	0.01385
17	0.02128	0.01824	0.02128	0.01520	0.02432	0.01368	0.01216	0.02584	0.02128	0.03344	0.01824	0.02128	0.01520	0.00760	0.00760	0.00152	0.00760	0.00608	0.00608	0.70208
18	0.02178	0.02133	0.02962	0.02553	0.02553	0.02951	0.02100	0.02382	0.01565	0.02427	0.01516	0.02646	0.01561	0.07369	0.03534	0.00498	0.56580	0.00951	0.00465	0.01078
19	0.02128	0.01824	0.02128	0.01520	0.02432	0.01368	0.01216	0.02584	0.02128	0.03344	0.01824	0.02128	0.01520	0.00760	0.00760	0.00152	0.00760	0.00608	0.00608	0.70208
20	0.02505	0.02678	0.03105	0.02686	0.02772	0.12407	0.02202	0.02736	0.01790	0.02477	0.01386	0.02181	0.01343	0.01675	0.02969	0.00419	0.52215	0.00859	0.00462	0.01134
21	0.15526	0.02039	0.05924	0.01831	0.02352	0.02038	0.01503	0.03758	0.27143	0.03836	0.03864	0.18983	0.03572	0.01758	0.01030	0.00359	0.00802	0.01478	0.00896	0.01308

[dist]
# distance from previous block
# <min> <max>
0	4

[block]
# block no. 9 follows, 14 sequences, length 25
# corresponding to MSA columns:
# 544-568
name=unknown_J
#
# <colnr> <probs for GDERKNQSTAVLIFYWHMCP>
#	G	D	E	R	K	N	Q	S	T	A	V	L	I	F	Y	W	H	M	C	P
0	0.45498	0.02378	0.01879	0.01661	0.02264	0.10676	0.01323	0.07024	0.02261	0.08681	0.02063	0.06556	0.01735	0.01186	0.00791	0.00316	0.00966	0.00816	0.00725	0.01201
1	0.01661	0.01065	0.01407	0.01373	0.01612	0.00977	0.01009	0.02054	0.02652	0.08227	0.38630	0.22418	0.08300	0.02332	0.01222	0.00348	0.00547	0.02075	0.01093	0.00997
2	0.02783	0.02392	0.03473	0.02580	0.03433	0.02316	0.15792	0.21226	0.03166	0.04400	0.02399	0.06832	0.01991	0.01135	0.01018	0.00280	0.01145	0.01053	0.00759	0.21825
3	0.04393	0.02085	0.02591	0.01987	0.02789	0.02011	0.01641	0.19750	0.03504	0.42694	0.03573	0.03184	0.02302	0.01259	0.01030	0.00315	0.00950	0.01000	0.01197	0.01746
4	0.04604	0.01746	0.02382	0.01826	0.02620	0.01508	0.01508	0.05001	0.02937	0.58244	0.04049	0.03493	0.02540	0.01270	0.01032	0.00318	0.00873	0.01032	0.01270	0.01746
5	0.03901	0.02874	0.03080	0.02361	0.03182	0.03182	0.01951	0.54111	0.04825	0.06468	0.02464	0.02464	0.01745	0.01232	0.01027	0.00308	0.01129	0.00924	0.01027	0.01745
6	0.01234	0.01040	0.01069	0.01062	0.01399	0.00875	0.00796	0.01514	0.02389	0.02891	0.14501	0.09681	0.52938	0.02555	0.01213	0.00344	0.00517	0.02139	0.00969	0.00875
7	0.02245	0.02245	0.03143	0.02694	0.02694	0.03143	0.02245	0.02470	0.01572	0.02470	0.01347	0.02245	0.01347	0.01796	0.03368	0.00449	0.62057	0.00898	0.00449	0.01123
8	0.02128	0.01824	0.02128	0.01520	0.02432	0.01368	0.01216	0.02584	0.02128	0.03344	0.01824	0.02128	0.01520	0.00760	0.00760	0.00152	0.00760	0.00608	0.00608	0.70208
9	0.01913	0.00956	0.00956	0.00956	0.01196	0.00956	0.00717	0.02391	0.02152	0.03826	0.03348	0.03826	0.02630	0.01196	0.00717	0.00239	0.00478	0.00956	0.69632	0.00956
10	0.02274	0.02225	0.03954	0.29021	0.29857	0.02392	0.09492	0.02947	0.02229	0.03040	0.01905	0.02651	0.01510	0.00955	0.01045	0.00326	0.01346	0.00951	0.00488	0.01393
11	0.02245	0.02245	0.03143	0.02694	0.02694	0.03143	0.02245	0.02470	0.01572	0.02470	0.01347	0.02245	0.01347	0.01796	0.03368	0.00449	0.62057	0.00898	0.00449	0.01123
12	0.04552	0.01831	0.02434	0.01866	0.02662	0.01633	0.01541	0.08666	0.03078	0.54380	0.03930	0.03416	0.02481	0.01267	0.01032	0.00317	0.00892	0.01024	0.01252	0.01746
13	0.03014	0.07302	0.14751	0.02392	0.03254	0.13569	0.02241	0.18387	0.03040	0.03968	0.01910	0.02164	0.01476	0.01095	0.01124	0.00285	0.06282	0.00764	0.00657	0.12326
14	0.01619	0.01224	0.01515	0.01412	0.01705	0.01208	0.01068	0.02469	0.10895	0.04142	0.48995	0.07085	0.08691	0.01991	0.01185	0.00327	0.00534	0.01751	0.01117	0.01068
15	0.01654	0.01181	0.01654	0.01890	0.02126	0.01181	0.01654	0.02126	0.02362	0.03071	0.05433	0.11576	0.05906	0.02835	0.01417	0.00472	0.00945	0.50626	0.00945	0.00945
16	0.02379	0.02288	0.03813	0.17108	0.40223	0.02496	0.02973	0.02955	0.02181	0.03091	0.01834	0.02542	0.01537	0.01050	0.01318	0.00331	0.09017	0.00912	0.00490	0.01462
17	0.02399	0.02295	0.03912	0.19174	0.45756	0.02401	0.03080	0.03026	0.02270	0.03182	0.01905	0.02586	0.01565	0.00940	0.01018	0.00313	0.01254	0.00914	0.00496	0.01512
18	0.01250	0.00893	0.01191	0.01429	0.01488	0.00834	0.00953	0.01429	0.01965	0.02620	0.05656	0.63265	0.06787	0.03215	0.01310	0.00417	0.00595	0.02917	0.00953	0.00834
19	0.02674	0.01518	0.01897	0.01625	0.02111	0.01450	0.01303	0.10390	0.03107	0.19116	0.26725	0.06251	0.09780	0.01843	0.01152	0.00333	0.00726	0.05587	0.01125	0.01286
20	0.06885	0.21873	0.22416	0.07518	0.08474	0.06554	0.02641	0.06844	0.02360	0.03231	0.01728	0.02062	0.01361	0.00967	0.00868	0.00288	0.01302	0.00716	0.00505	0.01407
21	0.02765	0.02290	0.02604	0.13482	0.07577	0.09895	0.01987	0.13811	0.03026	0.08409	0.10690	0.04736	0.03490	0.01531	0.01102	0.00337	0.01135	0.08992	0.00835	0.01307
22	0.02007	0.01259	0.01658	0.01683	0.01990	0.01227	0.01351	0.02617	0.06925	0.10764	0.15920	0.19156	0.06178	0.02424	0.01270	0.00399	0.00760	0.20282	0.01037	0.01093
23	0.08005	0.01932	0.06220	0.10031	0.03087	0.01762	0.01729	0.03748	0.10498	0.22789	0.07643	0.11671	0.03393	0.01538	0.01051	0.00340	0.00905	0.01299	0.00962	0.01397
24	0.16589	0.03039	0.21124	0.11987	0.03841	0.02181	0.02424	0.03661	0.06939	0.15054	0.02424	0.02585	0.01695	0.01078	0.00933	0.00327	0.01149	0.00836	0.00707	0.01430

[dist]
# distance from previous block
# <min> <max>
1	19

[block]
# block no. 10 follows, 14 sequences, length 29
# corresponding to MSA columns:
# 588-616
name=unknown_K
#
# <colnr> <probs for GDERKNQSTAVLIFYWHMCP>
#	G	D	E	R	K	N	Q	S	T	A	V	L	I	F	Y	W	H	M	C	P
0	0.19782	0.06954	0.19857	0.13278	0.07637	0.02344	0.02484	0.03279	0.02144	0.10369	0.01993	0.02306	0.01445	0.01006	0.00889	0.00317	0.01180	0.00768	0.00599	0.01370
1	0.07340	0.07161	0.16689	0.02815	0.11078	0.02485	0.02376	0.14198	0.06281	0.11588	0.02384	0.02503	0.01733	0.01065	0.00947	0.00300	0.01133	0.00842	0.00748	0.06335
2	0.01771	0.01359	0.01562	0.01295	0.01695	0.01159	0.00882	0.01971	0.01771	0.02584	0.02615	0.04703	0.02761	0.36225	0.03266	0.00625	0.00892	0.01104	0.00616	0.31144
3	0.03252	0.02584	0.03631	0.10708	0.13805	0.02758	0.09142	0.28785	0.03596	0.08019	0.02328	0.02612	0.01698	0.01102	0.01049	0.00317	0.01240	0.00965	0.00808	0.01600
4	0.01670	0.01097	0.01441	0.01328	0.01608	0.01006	0.01006	0.02148	0.02907	0.07846	0.53343	0.07378	0.09191	0.02041	0.01198	0.00322	0.00511	0.01799	0.01139	0.01022
5	0.02323	0.28230	0.38019	0.02473	0.03742	0.03032	0.03004	0.03181	0.02135	0.02927	0.01681	0.01965	0.01307	0.00937	0.00853	0.00284	0.01354	0.00677	0.00436	0.01439
6	0.02374	0.02184	0.03252	0.18988	0.04205	0.02638	0.08266	0.10006	0.07267	0.03342	0.02266	0.06656	0.01957	0.01452	0.01790	0.00376	0.19980	0.01100	0.00628	0.01272
7	0.01466	0.01100	0.01649	0.01649	0.01833	0.01283	0.01283	0.01833	0.01649	0.02382	0.02749	0.04032	0.02566	0.07697	0.59868	0.01649	0.02749	0.01100	0.00550	0.00916
8	0.01316	0.00940	0.01266	0.01504	0.01592	0.00890	0.01066	0.01542	0.02029	0.02693	0.05620	0.54883	0.06644	0.03153	0.01327	0.00426	0.00652	0.10654	0.00951	0.00852
9	0.01388	0.01015	0.01224	0.01217	0.01403	0.00937	0.00848	0.01677	0.02349	0.03169	0.28825	0.14774	0.17622	0.16517	0.02143	0.00493	0.00622	0.01967	0.00955	0.00851
10	0.01339	0.00961	0.01270	0.01368	0.01508	0.00893	0.00959	0.01652	0.02377	0.03276	0.28173	0.38878	0.08057	0.02725	0.01266	0.00376	0.00547	0.02452	0.01030	0.00893
11	0.01492	0.00995	0.01119	0.01119	0.01119	0.00995	0.00622	0.01492	0.01492	0.01990	0.03233	0.06716	0.03731	0.63935	0.05223	0.00995	0.00995	0.01492	0.00622	0.00622
12	0.01250	0.00893	0.01191	0.01429	0.01488	0.00834	0.00953	0.01429	0.01965	0.02620	0.05656	0.63265	0.06787	0.03215	0.01310	0.00417	0.00595	0.02917	0.00953	0.00834
13	0.02540	0.02438	0.04165	0.06299	0.57533	0.02438	0.03149	0.03149	0.02337	0.03353	0.01930	0.02540	0.01626	0.00914	0.01016	0.00305	0.01219	0.00914	0.00508	0.01626
14	0.01492	0.00995	0.01119	0.01119	0.01119	0.00995	0.00622	0.01492	0.01492	0.01990	0.03233	0.06716	0.03731	0.63935	0.05223	0.00995	0.00995	0.01492	0.00622	0.00622
15	0.01277	0.01060	0.01128	0.01163	0.01493	0.00912	0.00906	0.01567	0.02342	0.02815	0.09678	0.10122	0.49710	0.02633	0.01242	0.00365	0.00581	0.09175	0.00952	0.00878
16	0.04289	0.01894	0.02913	0.02187	0.03017	0.01665	0.09073	0.04753	0.02863	0.50295	0.03763	0.03388	0.02398	0.01212	0.01058	0.00322	0.00997	0.01058	0.01162	0.01694
17	0.03901	0.02874	0.03080	0.02361	0.03182	0.03182	0.01951	0.54111	0.04825	0.06468	0.02464	0.02464	0.01745	0.01232	0.01027	0.00308	0.01129	0.00924	0.01027	0.01745
18	0.01908	0.01150	0.01518	0.01368	0.01690	0.01046	0.01046	0.02380	0.02910	0.11944	0.49334	0.07062	0.08650	0.01978	0.01185	0.00322	0.00540	0.01737	0.01150	0.01081
19	0.01443	0.01067	0.01359	0.01337	0.01595	0.00983	0.01037	0.01889	0.02735	0.03748	0.42017	0.08588	0.16790	0.02285	0.01241	0.00348	0.00557	0.08960	0.01074	0.00948
20	0.02128	0.01824	0.02128	0.01520	0.02432	0.01368	0.01216	0.02584	0.02128	0.03344	0.01824	0.02128	0.01520	0.00760	0.00760	0.00152	0.00760	0.00608	0.00608	0.70208
21	0.02553	0.02204	0.02320	0.02088	0.02669	0.02553	0.01624	0.05453	0.55679	0.04293	0.04177	0.03829	0.03133	0.01392	0.01044	0.00348	0.00812	0.01160	0.01044	0.01624
22	0.01235	0.01040	0.01070	0.01063	0.01400	0.00876	0.00797	0.01515	0.02391	0.02896	0.14688	0.09673	0.52748	0.02553	0.01213	0.00344	0.00517	0.02137	0.00969	0.00876
23	0.02146	0.04693	0.45885	0.03264	0.04665	0.02435	0.15907	0.03259	0.02229	0.03259	0.01898	0.02312	0.01362	0.00948	0.01032	0.00330	0.01568	0.00868	0.00454	0.01485
24	0.01466	0.01100	0.01649	0.01649	0.01833	0.01283	0.01283	0.01833	0.01649	0.02382	0.02749	0.04032	0.02566	0.07697	0.59868	0.01649	0.02749	0.01100	0.00550	0.00916
25	0.02744	0.64552	0.05378	0.01756	0.02634	0.04061	0.01756	0.03073	0.02085	0.02414	0.01427	0.01646	0.01317	0.00878	0.00658	0.00219	0.01097	0.00549	0.00439	0.01317
26	0.01470	0.01084	0.01573	0.01573	0.01729	0.01241	0.01187	0.01783	0.01627	0.02325	0.02819	0.04420	0.02734	0.15831	0.51964	0.01555	0.02495	0.01156	0.00560	0.00874
27	0.02553	0.02204	0.02320	0.02088	0.02669	0.02553	0.01624	0.05453	0.55679	0.04293	0.04177	0.03829	0.03133	0.01392	0.01044	0.00348	0.00812	0.01160	0.01044	0.01624
28	0.01890	0.01302	0.01694	0.01810	0.02093	0.01323	0.01481	0.02642	0.10023	0.06849	0.05209	0.21638	0.05479	0.02607	0.01313	0.00431	0.00842	0.29319	0.00983	0.01072

[dist]
# distance from previous block
# <min> <max>
0	6

# created by:
# /st0/software/busco_prod/Augustus/scripts/msa2prfl.pl ./align_prep/6847.fa
