[name]
unknown

[dist]
# distance from previous block
# <min> <max>
0	61

[block]
# block no. 0 follows, 13 sequences, length 70
# corresponding to MSA columns:
# 67-136
name=unknown_A
#
# <colnr> <probs for GDERKNQSTAVLIFYWHMCP>
#	G	D	E	R	K	N	Q	S	T	A	V	L	I	F	Y	W	H	M	C	P
0	0.09380	0.09395	0.07211	0.02023	0.02677	0.05430	0.01806	0.06589	0.05918	0.15458	0.09599	0.04276	0.03345	0.01517	0.01213	0.00342	0.05437	0.06106	0.00887	0.01391
1	0.02151	0.01381	0.01705	0.01538	0.01795	0.01389	0.01104	0.05681	0.02108	0.08458	0.03864	0.11648	0.08187	0.21044	0.03084	0.11212	0.05429	0.01471	0.00770	0.05982
2	0.03377	0.07370	0.02934	0.02651	0.09040	0.19326	0.01882	0.07327	0.05751	0.14446	0.03194	0.03313	0.05944	0.01902	0.06466	0.00435	0.01436	0.00989	0.00796	0.01423
3	0.08935	0.01886	0.02162	0.01586	0.02484	0.01517	0.01277	0.02991	0.02251	0.09727	0.02104	0.02309	0.01647	0.00862	0.00803	0.00192	0.00800	0.00672	0.00708	0.55086
4	0.02317	0.01703	0.02057	0.01550	0.02332	0.01338	0.01231	0.02786	0.02449	0.09285	0.13407	0.03538	0.03441	0.01128	0.00910	0.00212	0.00736	0.00942	0.00811	0.47825
5	0.02598	0.02243	0.02376	0.02109	0.02732	0.02541	0.01643	0.05402	0.50524	0.04351	0.04126	0.03817	0.03106	0.01387	0.01054	0.00344	0.00833	0.01154	0.01043	0.06618
6	0.01472	0.01062	0.01392	0.01347	0.01574	0.00982	0.00996	0.01935	0.02881	0.04063	0.49952	0.14140	0.09633	0.02294	0.01259	0.00344	0.00512	0.02038	0.01143	0.00982
7	0.08698	0.01963	0.02490	0.01921	0.02733	0.01825	0.01587	0.11103	0.03199	0.47328	0.03796	0.03347	0.02422	0.01283	0.01037	0.00326	0.00928	0.01019	0.01236	0.01759
8	0.02543	0.43579	0.18941	0.02093	0.03123	0.03494	0.02304	0.03129	0.02232	0.02843	0.05546	0.02291	0.01982	0.01023	0.00806	0.00263	0.01199	0.00721	0.00503	0.01385
9	0.02931	0.02204	0.02400	0.02113	0.02742	0.02477	0.01657	0.05552	0.47026	0.11911	0.04285	0.03895	0.03141	0.01417	0.01074	0.00354	0.00846	0.01177	0.01109	0.01691
10	0.02617	0.02512	0.04292	0.06490	0.56246	0.02512	0.03245	0.03245	0.02407	0.03454	0.01989	0.02617	0.01675	0.00942	0.01047	0.00314	0.01256	0.00942	0.00523	0.01675
11	0.03447	0.01697	0.02489	0.18935	0.03875	0.01688	0.01877	0.03910	0.02616	0.33346	0.03736	0.11713	0.02887	0.01520	0.01102	0.00349	0.01008	0.01304	0.01016	0.01482
12	0.02838	0.02622	0.03963	0.09911	0.44171	0.07095	0.02997	0.03426	0.02480	0.07282	0.02112	0.02646	0.01698	0.00990	0.01041	0.00314	0.01295	0.00929	0.00579	0.01609
13	0.01538	0.01025	0.01153	0.01153	0.01153	0.01025	0.00641	0.01538	0.01538	0.02050	0.03331	0.06919	0.03844	0.62842	0.05382	0.01025	0.01025	0.01538	0.00641	0.00641
14	0.01801	0.01508	0.01607	0.01629	0.01842	0.05381	0.01151	0.02509	0.11353	0.03041	0.10314	0.26924	0.05361	0.13368	0.06726	0.00603	0.00988	0.01984	0.00894	0.01015
15	0.07502	0.04267	0.32932	0.03076	0.09445	0.06716	0.03075	0.06764	0.06200	0.06996	0.02208	0.02437	0.01605	0.01069	0.00992	0.00327	0.01385	0.00833	0.00613	0.01556
16	0.31807	0.02360	0.02257	0.01844	0.02579	0.06393	0.01507	0.13310	0.02885	0.21686	0.02552	0.02491	0.01757	0.01149	0.00884	0.00321	0.00990	0.00810	0.00933	0.01485
17	0.01519	0.01101	0.01536	0.01536	0.01668	0.01233	0.01118	0.01783	0.01651	0.02333	0.02982	0.04982	0.03003	0.24382	0.42691	0.01497	0.02291	0.01254	0.00589	0.00853
18	0.03032	0.02620	0.03176	0.03352	0.18369	0.05946	0.02130	0.19543	0.03227	0.04462	0.02114	0.02412	0.01662	0.01010	0.00961	0.00263	0.01117	0.00829	0.00735	0.23039
19	0.02123	0.01929	0.03212	0.17508	0.27683	0.02098	0.02566	0.02690	0.02116	0.02963	0.02230	0.03149	0.01919	0.03175	0.19235	0.00760	0.01789	0.01002	0.00524	0.01328
20	0.02192	0.01879	0.02192	0.01566	0.02506	0.01409	0.01253	0.02662	0.02192	0.03445	0.01879	0.02192	0.01566	0.00783	0.00783	0.00157	0.00783	0.00626	0.00626	0.69305
21	0.01295	0.01024	0.01167	0.01235	0.01483	0.00896	0.00887	0.01567	0.02364	0.02992	0.15200	0.26625	0.33896	0.02813	0.01281	0.00377	0.00556	0.02438	0.01006	0.00896
22	0.02981	0.01855	0.02273	0.01663	0.02565	0.01454	0.01346	0.03432	0.02450	0.19984	0.02587	0.02627	0.01891	0.00945	0.00870	0.00209	0.00819	0.00761	0.00837	0.48450
23	0.14594	0.02564	0.02762	0.02149	0.02958	0.02760	0.01774	0.34545	0.04048	0.17342	0.02727	0.02641	0.01874	0.01233	0.00996	0.00321	0.01052	0.00917	0.01049	0.01696
24	0.01273	0.01072	0.01103	0.01096	0.01442	0.00903	0.00822	0.01563	0.02465	0.02987	0.14969	0.09960	0.51477	0.02629	0.01249	0.00355	0.00532	0.02201	0.00999	0.00903
25	0.01613	0.01065	0.01598	0.01598	0.01727	0.01194	0.01194	0.01727	0.01598	0.02259	0.02518	0.03857	0.02389	0.06586	0.41440	0.23021	0.02228	0.01065	0.00533	0.00791
26	0.04154	0.03038	0.03002	0.02365	0.03161	0.11166	0.01923	0.35957	0.04287	0.16153	0.02732	0.02657	0.01898	0.01250	0.01043	0.00313	0.01221	0.00934	0.01032	0.01713
27	0.02523	0.02274	0.02255	0.02043	0.02569	0.06975	0.01575	0.04811	0.40269	0.04235	0.13885	0.04529	0.04360	0.01544	0.01098	0.00346	0.00861	0.01289	0.01048	0.01507
28	0.01870	0.01163	0.01533	0.01394	0.01708	0.01062	0.01062	0.02359	0.02997	0.10307	0.49762	0.07403	0.09130	0.02063	0.01226	0.00332	0.00545	0.01814	0.01181	0.01090
29	0.01368	0.01024	0.01271	0.01319	0.01529	0.00926	0.00947	0.01706	0.02528	0.03395	0.28290	0.26967	0.19511	0.02674	0.01283	0.00371	0.00546	0.02359	0.01060	0.00926
30	0.02663	0.03104	0.05866	0.04257	0.05266	0.09108	0.46612	0.03483	0.02553	0.03295	0.02081	0.02743	0.01576	0.00914	0.01214	0.00347	0.01797	0.01183	0.00536	0.01403
31	0.02121	0.05469	0.57364	0.03014	0.04576	0.02455	0.03906	0.03348	0.02232	0.03348	0.01897	0.02232	0.01339	0.01005	0.01005	0.00335	0.01563	0.00781	0.00446	0.01563
32	0.01288	0.00920	0.01227	0.01472	0.01534	0.00859	0.00981	0.01472	0.02024	0.02699	0.05828	0.62152	0.06993	0.03312	0.01350	0.00429	0.00613	0.03006	0.00981	0.00859
33	0.01288	0.00920	0.01227	0.01472	0.01534	0.00859	0.00981	0.01472	0.02024	0.02699	0.05828	0.62152	0.06993	0.03312	0.01350	0.00429	0.00613	0.03006	0.00981	0.00859
34	0.01870	0.01163	0.01533	0.01394	0.01708	0.01062	0.01062	0.02359	0.02997	0.10307	0.49762	0.07403	0.09130	0.02063	0.01226	0.00332	0.00545	0.01814	0.01181	0.01090
35	0.09850	0.03018	0.05369	0.03932	0.04897	0.09076	0.41179	0.03453	0.02479	0.03439	0.02010	0.02623	0.01528	0.00924	0.01151	0.00344	0.01695	0.01111	0.00549	0.01373
36	0.08817	0.02558	0.05065	0.03760	0.04614	0.02538	0.38012	0.03164	0.02350	0.03422	0.02380	0.03662	0.02018	0.01195	0.01399	0.00376	0.06525	0.06232	0.00587	0.01329
37	0.02313	0.02313	0.03238	0.02776	0.02776	0.03238	0.02313	0.02545	0.01619	0.02545	0.01388	0.02313	0.01388	0.01851	0.03470	0.00463	0.60907	0.00925	0.00463	0.01157
38	0.01460	0.01006	0.01162	0.01215	0.01258	0.00978	0.00728	0.01522	0.01715	0.02258	0.04486	0.19143	0.08850	0.44953	0.04165	0.00841	0.00895	0.01913	0.00743	0.00709
39	0.01768	0.01405	0.01984	0.01852	0.02168	0.01397	0.06070	0.02438	0.07850	0.03257	0.14455	0.08247	0.09372	0.15378	0.02192	0.00539	0.00924	0.16781	0.00907	0.01017
40	0.02002	0.01855	0.03091	0.48956	0.11313	0.02221	0.02760	0.02678	0.02235	0.02936	0.07592	0.03338	0.02342	0.01163	0.01076	0.00347	0.01298	0.01043	0.00548	0.01203
41	0.01700	0.01207	0.01703	0.01678	0.01869	0.01373	0.01272	0.02173	0.07208	0.02529	0.02773	0.03928	0.02531	0.06320	0.40751	0.16173	0.02206	0.01093	0.00597	0.00916
42	0.03987	0.03938	0.03090	0.02570	0.03274	0.29280	0.02025	0.29925	0.04043	0.04748	0.02113	0.02242	0.01593	0.01185	0.01009	0.00296	0.01513	0.00825	0.00817	0.01529
43	0.02437	0.02167	0.03183	0.08195	0.28800	0.02242	0.02382	0.08373	0.08676	0.03821	0.07574	0.04291	0.10520	0.01390	0.01097	0.00330	0.01046	0.01236	0.00755	0.01486
44	0.03155	0.06541	0.03811	0.10168	0.14570	0.16764	0.09482	0.07881	0.06620	0.07477	0.02261	0.02608	0.01734	0.01075	0.01036	0.00314	0.01440	0.00927	0.00665	0.01470
45	0.01748	0.01306	0.01839	0.01769	0.02020	0.01507	0.01387	0.06701	0.02009	0.02853	0.02804	0.04001	0.02563	0.07299	0.53199	0.01568	0.02674	0.01116	0.00613	0.01025
46	0.02888	0.03324	0.13298	0.03254	0.04241	0.06156	0.21763	0.16903	0.06017	0.04328	0.05325	0.02950	0.02160	0.01127	0.01128	0.00336	0.01460	0.01089	0.00728	0.01527
47	0.01596	0.01258	0.01862	0.01813	0.01982	0.01525	0.01427	0.01958	0.01691	0.02464	0.02679	0.03959	0.02510	0.07285	0.52804	0.01568	0.08987	0.01111	0.00555	0.00967
48	0.03670	0.09708	0.08990	0.02645	0.03362	0.41756	0.02217	0.09621	0.03072	0.03129	0.01753	0.01996	0.01409	0.01086	0.00948	0.00280	0.01720	0.00713	0.00586	0.01338
49	0.02399	0.04470	0.40573	0.03328	0.10310	0.02343	0.06483	0.03429	0.02325	0.07334	0.02090	0.02413	0.01503	0.00999	0.01015	0.00322	0.01443	0.00840	0.00536	0.05845
50	0.01398	0.01059	0.01299	0.01345	0.01588	0.00959	0.01009	0.01758	0.02550	0.03374	0.25990	0.20409	0.23139	0.02643	0.01292	0.00377	0.00585	0.07245	0.01049	0.00933
51	0.02410	0.01687	0.02020	0.07884	0.02579	0.01838	0.01389	0.08794	0.13570	0.08386	0.03349	0.04871	0.03035	0.27095	0.05996	0.00699	0.01128	0.01266	0.00824	0.01180
52	0.09970	0.02187	0.02606	0.02014	0.02828	0.02167	0.01664	0.20000	0.03538	0.36748	0.03431	0.03107	0.02236	0.01269	0.01027	0.00324	0.00976	0.00987	0.01175	0.01745
53	0.01288	0.00920	0.01227	0.01472	0.01534	0.00859	0.00981	0.01472	0.02024	0.02699	0.05828	0.62152	0.06993	0.03312	0.01350	0.00429	0.00613	0.03006	0.00981	0.00859
54	0.70310	0.02045	0.01554	0.01390	0.02045	0.02372	0.01145	0.03108	0.01799	0.04744	0.01472	0.01718	0.01145	0.00981	0.00654	0.00327	0.00818	0.00573	0.00654	0.01145
55	0.01490	0.01040	0.01180	0.01168	0.01255	0.01002	0.00716	0.01602	0.01876	0.02487	0.12081	0.07527	0.12151	0.45348	0.04185	0.00828	0.00878	0.01692	0.00766	0.00729
56	0.01496	0.01081	0.01413	0.01330	0.01580	0.00998	0.00998	0.01995	0.02993	0.04240	0.55689	0.07898	0.09976	0.02162	0.01247	0.00333	0.00499	0.01912	0.01164	0.00998
57	0.04019	0.02962	0.03173	0.02433	0.03279	0.03279	0.02010	0.52721	0.04971	0.06663	0.02538	0.02538	0.01798	0.01269	0.01058	0.00317	0.01163	0.00952	0.01058	0.01798
58	0.01443	0.01079	0.01339	0.01274	0.01547	0.00975	0.00956	0.01892	0.02867	0.03940	0.45955	0.08391	0.19897	0.02273	0.01248	0.00338	0.00507	0.01981	0.01125	0.00975
59	0.01525	0.01073	0.01396	0.01396	0.01481	0.01157	0.00944	0.01694	0.01610	0.02230	0.03109	0.05687	0.03309	0.38375	0.29117	0.01325	0.01830	0.01357	0.00608	0.00776
60	0.02508	0.37291	0.28935	0.02353	0.03554	0.03404	0.02756	0.03248	0.02186	0.02876	0.01663	0.01938	0.01349	0.00950	0.00826	0.00275	0.01326	0.00663	0.00450	0.01450
61	0.02496	0.02852	0.06239	0.04456	0.05526	0.02674	0.52406	0.03387	0.02496	0.03387	0.02139	0.02852	0.01604	0.00891	0.01248	0.00357	0.01783	0.01248	0.00535	0.01426
62	0.01303	0.01014	0.01185	0.01267	0.01493	0.00896	0.00903	0.01574	0.02350	0.03009	0.15764	0.30075	0.29704	0.02845	0.01288	0.00381	0.00560	0.02484	0.01010	0.00896
63	0.01367	0.00953	0.01204	0.01371	0.01413	0.00911	0.00874	0.01493	0.01871	0.02494	0.05039	0.44715	0.05999	0.22106	0.02622	0.00617	0.00743	0.02542	0.00874	0.00790
64	0.11890	0.09375	0.45487	0.02691	0.04074	0.02574	0.03354	0.03300	0.02164	0.03482	0.01804	0.02118	0.01313	0.00994	0.00930	0.00326	0.01424	0.00735	0.00477	0.01488
65	0.44809	0.02397	0.02177	0.01791	0.02519	0.02721	0.01478	0.22193	0.03020	0.05482	0.01882	0.02033	0.01396	0.01092	0.00809	0.00323	0.00951	0.00718	0.00809	0.01396
66	0.01383	0.00973	0.01256	0.01405	0.01463	0.00955	0.00920	0.01535	0.01851	0.02488	0.04798	0.40238	0.05633	0.20795	0.08573	0.00734	0.00966	0.02388	0.00840	0.00806
67	0.02302	0.02219	0.06433	0.01730	0.02711	0.01606	0.01501	0.05863	0.02370	0.03640	0.01922	0.02217	0.01563	0.00830	0.00817	0.00180	0.00866	0.00659	0.00640	0.59929
68	0.02977	0.07989	0.22289	0.02792	0.03890	0.02803	0.09254	0.17658	0.08608	0.07717	0.02478	0.02630	0.01786	0.01122	0.01040	0.00327	0.01329	0.00937	0.00752	0.01623
69	0.13692	0.10540	0.24861	0.02468	0.03586	0.02526	0.06241	0.06442	0.02485	0.14233	0.02283	0.02421	0.01608	0.01056	0.00944	0.00320	0.01258	0.00823	0.00691	0.01522

[dist]
# distance from previous block
# <min> <max>
0	5

[block]
# block no. 1 follows, 13 sequences, length 30
# corresponding to MSA columns:
# 142-171
name=unknown_B
#
# <colnr> <probs for GDERKNQSTAVLIFYWHMCP>
#	G	D	E	R	K	N	Q	S	T	A	V	L	I	F	Y	W	H	M	C	P
0	0.21394	0.11695	0.15046	0.02081	0.03038	0.02629	0.02080	0.11553	0.02706	0.15071	0.02289	0.02345	0.01624	0.01089	0.00884	0.00313	0.01101	0.00779	0.00777	0.01507
1	0.08060	0.02419	0.08316	0.03496	0.20955	0.02011	0.02306	0.04018	0.02598	0.26351	0.02868	0.02907	0.02000	0.01096	0.01004	0.00312	0.01071	0.00931	0.00867	0.06416
2	0.01301	0.01058	0.01153	0.01162	0.01468	0.00909	0.00859	0.01605	0.02484	0.03108	0.18922	0.15033	0.41964	0.02642	0.01259	0.00360	0.00536	0.02249	0.01017	0.00909
3	0.01538	0.01025	0.01153	0.01153	0.01153	0.01025	0.00641	0.01538	0.01538	0.02050	0.03331	0.06919	0.03844	0.62842	0.05382	0.01025	0.01025	0.01538	0.00641	0.00641
4	0.02919	0.12029	0.10727	0.03199	0.14692	0.12029	0.02367	0.12911	0.03029	0.03895	0.09532	0.03044	0.02728	0.01206	0.01003	0.00300	0.01262	0.00961	0.00701	0.01467
5	0.04267	0.01862	0.02380	0.01874	0.02626	0.01734	0.01532	0.08451	0.07907	0.44052	0.04005	0.03582	0.02622	0.01311	0.01038	0.00323	0.00880	0.01061	0.06772	0.01721
6	0.01523	0.01082	0.01440	0.01440	0.01539	0.01181	0.00998	0.01722	0.01622	0.02262	0.03069	0.05467	0.03213	0.34007	0.33354	0.01379	0.01974	0.01325	0.00602	0.00800
7	0.01381	0.01073	0.01264	0.01282	0.01562	0.00956	0.00972	0.01740	0.02574	0.03346	0.25230	0.14734	0.30514	0.02586	0.01278	0.00368	0.00572	0.06591	0.01044	0.00933
8	0.16299	0.07215	0.12613	0.02923	0.10743	0.09061	0.05648	0.06492	0.05918	0.03721	0.02364	0.08090	0.02073	0.01256	0.00970	0.00327	0.01229	0.01022	0.00650	0.01386
9	0.04600	0.02030	0.02597	0.01991	0.02814	0.01897	0.01645	0.14610	0.03413	0.46975	0.03847	0.03388	0.02454	0.01301	0.01062	0.00325	0.00952	0.01041	0.01259	0.01799
10	0.01284	0.00935	0.01212	0.01433	0.01523	0.00862	0.00964	0.01477	0.02062	0.02714	0.06301	0.57117	0.11723	0.03251	0.01340	0.00422	0.00606	0.02931	0.00982	0.00862
11	0.50027	0.08327	0.02888	0.02045	0.02807	0.02613	0.11461	0.03170	0.01973	0.04248	0.01605	0.01942	0.01258	0.00956	0.00775	0.00323	0.01042	0.00707	0.00610	0.01222
12	0.02121	0.05469	0.57364	0.03014	0.04576	0.02455	0.03906	0.03348	0.02232	0.03348	0.01897	0.02232	0.01339	0.01005	0.01005	0.00335	0.01563	0.00781	0.00446	0.01563
13	0.02941	0.57521	0.05281	0.01902	0.02770	0.09731	0.01833	0.03274	0.02235	0.02498	0.01487	0.01718	0.01357	0.00923	0.00706	0.00231	0.01210	0.00577	0.00462	0.01343
14	0.09734	0.01984	0.02263	0.01682	0.02563	0.01707	0.01363	0.07811	0.02552	0.12814	0.02282	0.02411	0.01720	0.00937	0.00842	0.00218	0.00842	0.00724	0.00784	0.44768
15	0.02782	0.13648	0.23689	0.02959	0.11676	0.02431	0.02686	0.03529	0.02481	0.14072	0.07655	0.03041	0.02512	0.01154	0.00992	0.00311	0.01202	0.00939	0.00704	0.01537
16	0.02772	0.02320	0.04313	0.13462	0.17408	0.02292	0.20306	0.03459	0.02498	0.12381	0.02641	0.03535	0.02067	0.01140	0.01151	0.00349	0.01389	0.04355	0.00683	0.01478
17	0.01690	0.01214	0.01680	0.01656	0.01872	0.01387	0.01271	0.02259	0.06956	0.02714	0.02936	0.04028	0.02631	0.06337	0.43081	0.07772	0.02263	0.01107	0.06171	0.00975
18	0.02160	0.02045	0.03465	0.46169	0.20141	0.02392	0.03017	0.02844	0.02191	0.02899	0.01908	0.02766	0.01479	0.01027	0.01054	0.00342	0.01369	0.00940	0.00484	0.01306
19	0.07667	0.02103	0.03423	0.24085	0.15919	0.02214	0.07564	0.03545	0.02427	0.17021	0.02489	0.02903	0.01777	0.01075	0.01048	0.00336	0.01243	0.00978	0.00716	0.01465
20	0.02827	0.63478	0.05540	0.01809	0.02714	0.04184	0.01809	0.03166	0.02148	0.02488	0.01470	0.01696	0.01357	0.00905	0.00678	0.00226	0.01131	0.00565	0.00452	0.01357
21	0.04621	0.01997	0.02576	0.01975	0.02798	0.01847	0.01631	0.13235	0.03357	0.48430	0.03894	0.03419	0.02478	0.01302	0.01062	0.00325	0.00945	0.01044	0.01266	0.01799
22	0.03055	0.03399	0.26170	0.06444	0.03761	0.02061	0.02644	0.07096	0.02747	0.21520	0.07909	0.03299	0.02638	0.01240	0.01055	0.00332	0.01201	0.01008	0.00847	0.01576
23	0.03148	0.02307	0.07488	0.18960	0.14591	0.02141	0.02469	0.04005	0.07702	0.21975	0.02942	0.03115	0.02057	0.01155	0.01055	0.00335	0.01157	0.00996	0.00831	0.01571
24	0.01374	0.01005	0.01302	0.01460	0.01614	0.00934	0.01056	0.01663	0.02294	0.03048	0.15119	0.39775	0.13369	0.02983	0.01334	0.00411	0.00631	0.08713	0.01012	0.00902
25	0.09307	0.04593	0.42245	0.02705	0.04049	0.02451	0.03262	0.08096	0.02510	0.08177	0.02101	0.02321	0.01467	0.01052	0.00979	0.00332	0.01397	0.00799	0.00595	0.01562
26	0.03394	0.02956	0.14505	0.03362	0.11949	0.02262	0.11971	0.08770	0.02860	0.22942	0.02836	0.02929	0.01945	0.01108	0.01083	0.00331	0.01280	0.01012	0.00844	0.01662
27	0.02976	0.05310	0.02018	0.01575	0.01994	0.01419	0.01182	0.03172	0.02285	0.25762	0.03885	0.14019	0.03543	0.18690	0.02479	0.05147	0.00903	0.01473	0.00960	0.01208
28	0.04744	0.01799	0.02454	0.01881	0.02699	0.01554	0.01554	0.05153	0.03026	0.56979	0.04171	0.03599	0.02617	0.01309	0.01063	0.00327	0.00900	0.01063	0.01309	0.01799
29	0.19040	0.02496	0.02898	0.10671	0.16498	0.06347	0.02165	0.09717	0.12614	0.04187	0.02341	0.02627	0.01807	0.01112	0.00955	0.00328	0.01122	0.00886	0.00721	0.01467

[dist]
# distance from previous block
# <min> <max>
0	3

[block]
# block no. 2 follows, 13 sequences, length 9
# corresponding to MSA columns:
# 175-183
name=unknown_C
#
# <colnr> <probs for GDERKNQSTAVLIFYWHMCP>
#	G	D	E	R	K	N	Q	S	T	A	V	L	I	F	Y	W	H	M	C	P
0	0.41315	0.02389	0.02197	0.01822	0.02540	0.02715	0.01495	0.20938	0.07150	0.05400	0.02079	0.02188	0.01545	0.01120	0.00832	0.00326	0.00942	0.00757	0.00832	0.01420
1	0.02109	0.01827	0.02469	0.02179	0.06668	0.01642	0.05976	0.05491	0.06269	0.03760	0.14034	0.04737	0.11417	0.01431	0.01042	0.00275	0.00842	0.01257	0.00825	0.25748
2	0.02879	0.25571	0.22564	0.02356	0.03451	0.03179	0.02540	0.11830	0.06374	0.06712	0.02149	0.02288	0.01628	0.01060	0.00904	0.00294	0.01251	0.00777	0.00644	0.01549
3	0.22877	0.07383	0.13853	0.02129	0.03050	0.05461	0.02060	0.14306	0.02866	0.13318	0.02249	0.02323	0.01598	0.01103	0.00899	0.00317	0.01137	0.00784	0.00788	0.01500
4	0.01317	0.00969	0.01235	0.01389	0.01526	0.00887	0.00958	0.01567	0.02244	0.02981	0.14920	0.45333	0.14740	0.03025	0.01317	0.00402	0.00583	0.02707	0.01012	0.00887
5	0.02446	0.02165	0.07479	0.03057	0.16634	0.01893	0.02030	0.03453	0.12684	0.10665	0.07408	0.11042	0.11163	0.01683	0.01126	0.00347	0.00933	0.01469	0.00885	0.01437
6	0.02850	0.02165	0.06966	0.01771	0.02733	0.01536	0.01558	0.03369	0.02413	0.17366	0.02477	0.02562	0.01820	0.00939	0.00875	0.00216	0.00880	0.00753	0.00789	0.45964
7	0.03397	0.34080	0.04309	0.02210	0.02991	0.21110	0.01919	0.12540	0.02930	0.03281	0.01717	0.01916	0.01439	0.01029	0.00834	0.00257	0.01380	0.00672	0.00592	0.01396
8	0.04080	0.01820	0.02386	0.01799	0.02649	0.01516	0.01476	0.04505	0.02809	0.43050	0.03575	0.03233	0.02344	0.01172	0.00990	0.00283	0.00869	0.00950	0.01131	0.19363

[dist]
# distance from previous block
# <min> <max>
0	44

[block]
# block no. 3 follows, 13 sequences, length 6
# corresponding to MSA columns:
# 228-233
name=unknown_D
#
# <colnr> <probs for GDERKNQSTAVLIFYWHMCP>
#	G	D	E	R	K	N	Q	S	T	A	V	L	I	F	Y	W	H	M	C	P
0	0.02811	0.01564	0.02025	0.01952	0.05475	0.01465	0.01455	0.03494	0.08133	0.22504	0.12262	0.06671	0.15576	0.01922	0.01181	0.00358	0.00794	0.07886	0.01102	0.01368
1	0.01350	0.00946	0.01209	0.01393	0.01440	0.00900	0.00897	0.01488	0.01904	0.02539	0.05211	0.48505	0.06215	0.18021	0.02346	0.00577	0.00715	0.02643	0.00897	0.00805
2	0.04477	0.08074	0.02837	0.01931	0.02761	0.01996	0.01627	0.09911	0.03141	0.46299	0.03732	0.03298	0.02406	0.01264	0.01024	0.00316	0.00950	0.01002	0.01197	0.01755
3	0.03242	0.02675	0.07581	0.09128	0.15354	0.02542	0.07670	0.16280	0.06999	0.13775	0.02687	0.02886	0.01931	0.01138	0.01074	0.00330	0.01231	0.01005	0.00830	0.01645
4	0.01519	0.01201	0.01395	0.01410	0.01717	0.01139	0.01082	0.02147	0.07937	0.03380	0.19725	0.15069	0.27007	0.02527	0.01270	0.00377	0.00626	0.08431	0.01035	0.01007
5	0.03991	0.02174	0.03116	0.03376	0.19293	0.02079	0.02136	0.10887	0.03094	0.33781	0.03281	0.03155	0.02218	0.01190	0.01057	0.00322	0.01045	0.01011	0.01033	0.01761

[dist]
# distance from previous block
# <min> <max>
0	2

[block]
# block no. 4 follows, 13 sequences, length 92
# corresponding to MSA columns:
# 236-327
name=unknown_E
#
# <colnr> <probs for GDERKNQSTAVLIFYWHMCP>
#	G	D	E	R	K	N	Q	S	T	A	V	L	I	F	Y	W	H	M	C	P
0	0.08870	0.01994	0.02267	0.01844	0.02488	0.02042	0.01490	0.18732	0.06276	0.18763	0.14915	0.04568	0.08045	0.01566	0.01082	0.00329	0.00857	0.01268	0.01108	0.01496
1	0.03805	0.02793	0.14701	0.02846	0.10994	0.02027	0.02349	0.08260	0.02918	0.33501	0.03228	0.03074	0.02137	0.01186	0.01048	0.00326	0.01117	0.00975	0.00987	0.01730
2	0.03495	0.14111	0.11767	0.02382	0.03337	0.02717	0.06102	0.14556	0.07131	0.19716	0.02830	0.02783	0.01984	0.01156	0.00998	0.00312	0.01164	0.00930	0.00887	0.01642
3	0.45697	0.08344	0.02498	0.02298	0.09554	0.10296	0.01613	0.03285	0.02079	0.04060	0.01564	0.01862	0.01266	0.00984	0.00750	0.00308	0.01056	0.00636	0.00603	0.01247
4	0.03405	0.02858	0.03325	0.03811	0.22099	0.11422	0.02341	0.13379	0.10792	0.11858	0.02698	0.02830	0.02016	0.01154	0.01041	0.00317	0.01227	0.00958	0.00824	0.01645
5	0.01469	0.00996	0.01173	0.01241	0.01258	0.00979	0.00735	0.01520	0.01672	0.02229	0.04019	0.22133	0.04711	0.46445	0.04271	0.00861	0.00912	0.01942	0.00735	0.00701
6	0.02779	0.01703	0.02053	0.01810	0.02271	0.01712	0.01392	0.17058	0.03201	0.14639	0.11249	0.26233	0.05040	0.02177	0.01196	0.00364	0.00813	0.01887	0.01092	0.01332
7	0.01510	0.01133	0.01699	0.01699	0.01888	0.01322	0.01322	0.01888	0.01699	0.02454	0.02832	0.04154	0.02643	0.07930	0.58652	0.01699	0.02832	0.01133	0.00566	0.00944
8	0.03310	0.11380	0.03145	0.02320	0.02998	0.17979	0.01863	0.15078	0.22917	0.04155	0.02827	0.02793	0.02168	0.01235	0.00986	0.00309	0.01234	0.00920	0.00846	0.01538
9	0.02516	0.02410	0.04110	0.15201	0.48320	0.02486	0.03195	0.03157	0.02360	0.03332	0.01971	0.02650	0.01632	0.00961	0.01048	0.00320	0.01281	0.00942	0.00515	0.01594
10	0.01533	0.01043	0.01244	0.01244	0.01276	0.01074	0.00754	0.01596	0.01564	0.02117	0.03248	0.06459	0.03644	0.53699	0.14251	0.01137	0.01326	0.01470	0.00628	0.00691
11	0.01571	0.06223	0.01568	0.01237	0.01455	0.01251	0.00868	0.01789	0.02164	0.02843	0.18671	0.07456	0.16590	0.28508	0.02995	0.00630	0.00788	0.01708	0.00838	0.00850
12	0.04744	0.01799	0.02454	0.01881	0.02699	0.01554	0.01554	0.05153	0.03026	0.56979	0.04171	0.03599	0.02617	0.01309	0.01063	0.00327	0.00900	0.01063	0.01309	0.01799
13	0.01304	0.01073	0.01146	0.01128	0.01461	0.00916	0.00846	0.01622	0.02538	0.03159	0.20554	0.09677	0.45785	0.02565	0.01249	0.00352	0.00528	0.02162	0.01022	0.00916
14	0.70310	0.02045	0.01554	0.01390	0.02045	0.02372	0.01145	0.03108	0.01799	0.04744	0.01472	0.01718	0.01145	0.00981	0.00654	0.00327	0.00818	0.00573	0.00654	0.01145
15	0.01356	0.00959	0.01257	0.01469	0.01537	0.00911	0.00996	0.01541	0.01993	0.02651	0.05473	0.50534	0.06494	0.11272	0.01900	0.00514	0.00699	0.06667	0.00935	0.00839
16	0.01538	0.01025	0.01153	0.01153	0.01153	0.01025	0.00641	0.01538	0.01538	0.02050	0.03331	0.06919	0.03844	0.62842	0.05382	0.01025	0.01025	0.01538	0.00641	0.00641
17	0.01997	0.01879	0.03171	0.60301	0.07282	0.02349	0.02936	0.02701	0.02114	0.02701	0.01879	0.02819	0.01409	0.01057	0.01057	0.00352	0.01409	0.00940	0.00470	0.01175
18	0.01821	0.01088	0.01471	0.01606	0.01799	0.01012	0.01179	0.02086	0.02227	0.10064	0.05567	0.45928	0.06254	0.02978	0.01330	0.00425	0.00712	0.10424	0.01024	0.01004
19	0.01317	0.00943	0.01253	0.01452	0.01540	0.00878	0.00984	0.01545	0.02160	0.02914	0.12799	0.54566	0.07410	0.03152	0.01335	0.00416	0.00597	0.02853	0.01007	0.00878
20	0.02121	0.05469	0.57364	0.03014	0.04576	0.02455	0.03906	0.03348	0.02232	0.03348	0.01897	0.02232	0.01339	0.01005	0.01005	0.00335	0.01563	0.00781	0.00446	0.01563
21	0.01341	0.00972	0.01279	0.01505	0.01614	0.00910	0.01065	0.01572	0.02109	0.02774	0.06179	0.51342	0.10691	0.03210	0.01357	0.00431	0.00656	0.09138	0.00980	0.00877
22	0.08836	0.02322	0.02625	0.02436	0.06966	0.02544	0.01795	0.13864	0.28440	0.13339	0.03540	0.03340	0.02570	0.01307	0.01033	0.00340	0.00939	0.01057	0.01032	0.01673
23	0.55559	0.02147	0.02151	0.02502	0.13856	0.02402	0.01603	0.03138	0.01932	0.04463	0.01585	0.01914	0.01260	0.00973	0.00740	0.00324	0.00913	0.00653	0.00626	0.01260
24	0.04341	0.02103	0.03062	0.02304	0.03160	0.01946	0.08445	0.11566	0.03227	0.42748	0.03670	0.03350	0.02367	0.01247	0.01087	0.00330	0.01055	0.01072	0.01170	0.01749
25	0.02622	0.02421	0.03571	0.04846	0.35971	0.02557	0.02649	0.04144	0.22088	0.03821	0.02866	0.03120	0.02263	0.01129	0.01058	0.00331	0.01097	0.01038	0.00733	0.01674
26	0.07979	0.22432	0.29980	0.02442	0.03638	0.03083	0.02798	0.09903	0.02540	0.03643	0.01820	0.02070	0.01391	0.01008	0.00885	0.00299	0.01319	0.00722	0.00547	0.01499
27	0.02192	0.01879	0.02192	0.01566	0.02506	0.01409	0.01253	0.02662	0.02192	0.03445	0.01879	0.02192	0.01566	0.00783	0.00783	0.00157	0.00783	0.00626	0.00626	0.69305
28	0.03664	0.02655	0.10467	0.03479	0.18998	0.02183	0.02433	0.10477	0.02986	0.27323	0.03004	0.02986	0.02059	0.01153	0.01050	0.00323	0.01129	0.00975	0.00926	0.01730
29	0.04536	0.02397	0.02627	0.02071	0.02857	0.09454	0.01683	0.11679	0.03294	0.42641	0.03602	0.03223	0.02334	0.01274	0.01048	0.00318	0.01072	0.00996	0.01171	0.01722
30	0.01288	0.00920	0.01227	0.01472	0.01534	0.00859	0.00981	0.01472	0.02024	0.02699	0.05828	0.62152	0.06993	0.03312	0.01350	0.00429	0.00613	0.03006	0.00981	0.00859
31	0.02562	0.04393	0.38273	0.03294	0.11152	0.02475	0.03347	0.07521	0.06041	0.07581	0.02287	0.02522	0.01640	0.01068	0.01023	0.00332	0.01393	0.00865	0.00610	0.01621
32	0.18457	0.02135	0.02990	0.15966	0.20819	0.02297	0.02313	0.03564	0.05803	0.12319	0.02355	0.02702	0.01752	0.01069	0.00963	0.00331	0.01102	0.00893	0.00706	0.01464
33	0.01283	0.00940	0.01206	0.01418	0.01519	0.00863	0.00958	0.01478	0.02076	0.02720	0.06483	0.55173	0.13548	0.03227	0.01336	0.00420	0.00603	0.02902	0.00982	0.00863
34	0.02194	0.01487	0.01813	0.01589	0.01993	0.01479	0.01233	0.09354	0.07319	0.08949	0.40223	0.06510	0.07735	0.01914	0.01193	0.00332	0.00648	0.01656	0.01155	0.01225
35	0.02791	0.08011	0.11185	0.04630	0.32006	0.02774	0.02888	0.11291	0.07113	0.03950	0.02214	0.02588	0.01753	0.01040	0.01015	0.00314	0.01237	0.00912	0.00638	0.01653
36	0.09711	0.02080	0.02545	0.01967	0.02778	0.02006	0.01624	0.15684	0.03367	0.41583	0.03593	0.03213	0.02318	0.01274	0.01030	0.00325	0.00953	0.01000	0.01201	0.01748
37	0.08043	0.01496	0.01797	0.01645	0.02051	0.01488	0.01281	0.09267	0.02907	0.11979	0.21513	0.18220	0.06090	0.02129	0.01184	0.00363	0.00737	0.05535	0.01073	0.01204
38	0.60128	0.02299	0.01876	0.01892	0.06438	0.06455	0.01377	0.03200	0.01934	0.04485	0.01525	0.01803	0.01203	0.00986	0.00707	0.00322	0.00932	0.00610	0.00636	0.01193
39	0.01560	0.01071	0.01334	0.01343	0.01594	0.00962	0.00978	0.01902	0.02559	0.06471	0.26695	0.24814	0.19603	0.02588	0.01268	0.00368	0.00566	0.02275	0.01073	0.00976
40	0.02865	0.02480	0.03454	0.04220	0.28711	0.02525	0.02442	0.14528	0.09919	0.04300	0.02405	0.02710	0.01894	0.01056	0.01011	0.00296	0.01104	0.00928	0.00733	0.12419
41	0.01974	0.01829	0.03069	0.02430	0.03090	0.01606	0.16427	0.02486	0.02253	0.03183	0.03437	0.20960	0.03563	0.01743	0.01146	0.00324	0.01046	0.05573	0.00733	0.23127
42	0.02366	0.08782	0.45068	0.03175	0.08627	0.02641	0.03557	0.07458	0.02470	0.03579	0.01931	0.02255	0.01407	0.01015	0.00991	0.00325	0.01476	0.00795	0.00504	0.01578
43	0.03445	0.02124	0.03221	0.16096	0.19853	0.02153	0.02401	0.07821	0.02795	0.25006	0.02884	0.03049	0.02004	0.01140	0.01056	0.00328	0.01139	0.00991	0.00869	0.01625
44	0.01463	0.01079	0.01367	0.01295	0.01559	0.00984	0.00972	0.01931	0.02915	0.04054	0.49650	0.08204	0.16131	0.02231	0.01247	0.00336	0.00504	0.01955	0.01139	0.00984
45	0.03966	0.04538	0.03039	0.02654	0.03271	0.45248	0.02035	0.15925	0.03473	0.03571	0.01853	0.02059	0.01467	0.01133	0.00979	0.00283	0.01727	0.00746	0.00669	0.01364
46	0.23179	0.01948	0.02592	0.26702	0.07521	0.02191	0.02113	0.03391	0.02236	0.15238	0.02265	0.02647	0.01610	0.01083	0.00937	0.00337	0.01111	0.00856	0.00712	0.01331
47	0.02827	0.63478	0.05540	0.01809	0.02714	0.04184	0.01809	0.03166	0.02148	0.02488	0.01470	0.01696	0.01357	0.00905	0.00678	0.00226	0.01131	0.00565	0.00452	0.01357
48	0.01288	0.00920	0.01227	0.01472	0.01534	0.00859	0.00981	0.01472	0.02024	0.02699	0.05828	0.62152	0.06993	0.03312	0.01350	0.00429	0.00613	0.03006	0.00981	0.00859
49	0.16747	0.01541	0.01713	0.01749	0.02108	0.01650	0.01402	0.06682	0.06453	0.03767	0.04410	0.22470	0.04687	0.02356	0.01190	0.00412	0.00843	0.17795	0.00922	0.01102
50	0.01868	0.01451	0.01780	0.01880	0.02180	0.01542	0.01500	0.03019	0.17805	0.03414	0.05274	0.23108	0.05478	0.02583	0.01316	0.00433	0.00836	0.22377	0.01006	0.01151
51	0.01510	0.01133	0.01699	0.01699	0.01888	0.01322	0.01322	0.01888	0.01699	0.02454	0.02832	0.04154	0.02643	0.07930	0.58652	0.01699	0.02832	0.01133	0.00566	0.00944
52	0.02617	0.02512	0.04292	0.06490	0.56246	0.02512	0.03245	0.03245	0.02407	0.03454	0.01989	0.02617	0.01675	0.00942	0.01047	0.00314	0.01256	0.00942	0.00523	0.01675
53	0.56165	0.02405	0.01885	0.01636	0.02307	0.06938	0.01332	0.09857	0.02320	0.04831	0.01628	0.01843	0.01250	0.01029	0.00732	0.00322	0.00950	0.00632	0.00700	0.01239
54	0.01428	0.01053	0.01336	0.01319	0.01551	0.00960	0.00969	0.01843	0.02752	0.03796	0.41281	0.17240	0.15703	0.02423	0.01264	0.00352	0.00523	0.02138	0.01109	0.00960
55	0.01288	0.00920	0.01227	0.01472	0.01534	0.00859	0.00981	0.01472	0.02024	0.02699	0.05828	0.62152	0.06993	0.03312	0.01350	0.00429	0.00613	0.03006	0.00981	0.00859
56	0.04019	0.02962	0.03173	0.02433	0.03279	0.03279	0.02010	0.52721	0.04971	0.06663	0.02538	0.02538	0.01798	0.01269	0.01058	0.00317	0.01163	0.00952	0.01058	0.01798
57	0.02534	0.02427	0.04141	0.13715	0.49672	0.02490	0.03203	0.03172	0.02368	0.03353	0.01974	0.02644	0.01639	0.00958	0.01048	0.00319	0.01277	0.00942	0.00516	0.01608
58	0.01344	0.00960	0.01291	0.01536	0.01622	0.00907	0.01078	0.01569	0.02079	0.02762	0.05797	0.55408	0.06871	0.03260	0.01364	0.00437	0.00662	0.09199	0.00980	0.00874
59	0.03850	0.03220	0.10744	0.02541	0.03456	0.10005	0.06120	0.20563	0.03520	0.21095	0.02805	0.02766	0.01916	0.01191	0.01053	0.00320	0.01286	0.00950	0.00940	0.01659
60	0.04490	0.01743	0.02372	0.01838	0.02611	0.01510	0.01510	0.04906	0.03024	0.52853	0.08202	0.03935	0.03193	0.01375	0.01078	0.00328	0.00868	0.01130	0.01297	0.01737
61	0.04744	0.01799	0.02454	0.01881	0.02699	0.01554	0.01554	0.05153	0.03026	0.56979	0.04171	0.03599	0.02617	0.01309	0.01063	0.00327	0.00900	0.01063	0.01309	0.01799
62	0.02577	0.02471	0.04219	0.09984	0.53067	0.02502	0.03225	0.03210	0.02388	0.03405	0.01982	0.02630	0.01658	0.00950	0.01047	0.00317	0.01266	0.00942	0.00520	0.01642
63	0.02177	0.10076	0.53248	0.02918	0.04428	0.02593	0.03740	0.03334	0.02226	0.03280	0.01863	0.02190	0.01341	0.00997	0.00979	0.00326	0.01528	0.00764	0.00447	0.01546
64	0.01369	0.01017	0.01295	0.01486	0.01651	0.00943	0.01097	0.01636	0.02197	0.02833	0.06847	0.40006	0.17484	0.03090	0.01351	0.00426	0.00674	0.12727	0.00980	0.00891
65	0.01915	0.01689	0.03037	0.02671	0.03151	0.01632	0.16906	0.02504	0.02426	0.03201	0.04573	0.12459	0.04796	0.02336	0.01389	0.00444	0.01193	0.31734	0.00842	0.01102
66	0.02843	0.02738	0.08157	0.16057	0.30721	0.06801	0.02916	0.03478	0.02464	0.10412	0.02224	0.02701	0.01695	0.01031	0.01040	0.00322	0.01316	0.00924	0.00613	0.01546
67	0.02176	0.10007	0.53309	0.02919	0.04430	0.02591	0.03742	0.03334	0.02226	0.03281	0.01864	0.02190	0.01341	0.00997	0.00979	0.00326	0.01529	0.00764	0.00447	0.01546
68	0.01521	0.01052	0.01225	0.01233	0.01316	0.01026	0.00786	0.01649	0.01876	0.02499	0.11152	0.07718	0.09151	0.44952	0.04173	0.00834	0.00910	0.05425	0.00766	0.00736
69	0.01410	0.01008	0.01340	0.01458	0.01587	0.00970	0.01033	0.01698	0.02243	0.03066	0.18591	0.35197	0.07117	0.08279	0.06215	0.00558	0.00818	0.05554	0.00968	0.00892
70	0.02696	0.04665	0.45325	0.02765	0.04165	0.02258	0.03391	0.03744	0.02406	0.15106	0.02396	0.02532	0.01620	0.01071	0.01017	0.00333	0.01417	0.00843	0.00635	0.01614
71	0.01997	0.01879	0.03171	0.60301	0.07282	0.02349	0.02936	0.02701	0.02114	0.02701	0.01879	0.02819	0.01409	0.01057	0.01057	0.00352	0.01409	0.00940	0.00470	0.01175
72	0.02121	0.05469	0.57364	0.03014	0.04576	0.02455	0.03906	0.03348	0.02232	0.03348	0.01897	0.02232	0.01339	0.01005	0.01005	0.00335	0.01563	0.00781	0.00446	0.01563
73	0.02534	0.02427	0.04141	0.13715	0.49672	0.02490	0.03203	0.03172	0.02368	0.03353	0.01974	0.02644	0.01639	0.00958	0.01048	0.00319	0.01277	0.00942	0.00516	0.01608
74	0.02182	0.02082	0.03605	0.36450	0.21177	0.02329	0.06479	0.02863	0.02287	0.03076	0.05557	0.03104	0.02079	0.01086	0.01081	0.00340	0.01330	0.01028	0.00537	0.01328
75	0.02558	0.02452	0.04185	0.11591	0.51604	0.02497	0.03216	0.03193	0.02380	0.03383	0.01978	0.02636	0.01650	0.00953	0.01048	0.00318	0.01271	0.00942	0.00518	0.01627
76	0.09085	0.02335	0.03604	0.10894	0.04162	0.02494	0.17323	0.04252	0.22107	0.08070	0.03023	0.03214	0.02230	0.01162	0.01085	0.00352	0.01210	0.01106	0.00804	0.01488
77	0.15218	0.01839	0.02310	0.01803	0.02595	0.01685	0.01489	0.04826	0.02830	0.48634	0.03740	0.03298	0.02382	0.01256	0.00998	0.00327	0.00887	0.00985	0.01204	0.01695
78	0.08615	0.04938	0.48032	0.02974	0.04411	0.02465	0.07478	0.03329	0.02212	0.03484	0.01876	0.02232	0.01342	0.00993	0.00991	0.00336	0.01509	0.00798	0.00473	0.01512
79	0.02044	0.01971	0.03462	0.55006	0.07116	0.02380	0.07626	0.02766	0.02150	0.02766	0.01904	0.02822	0.01428	0.01041	0.01075	0.00353	0.01445	0.00969	0.00476	0.01198
80	0.01936	0.12832	0.22384	0.02195	0.02979	0.02061	0.02342	0.02593	0.02214	0.03006	0.03640	0.19078	0.03817	0.01994	0.01141	0.00375	0.01124	0.12368	0.00700	0.01221
81	0.03926	0.02587	0.14190	0.07660	0.03532	0.01821	0.02185	0.04537	0.02771	0.40436	0.03471	0.03234	0.02231	0.01220	0.01050	0.00331	0.01089	0.00992	0.01046	0.01690
82	0.02809	0.03327	0.23582	0.03641	0.19404	0.02129	0.02896	0.03600	0.02538	0.15688	0.07543	0.03197	0.02550	0.01165	0.01054	0.00327	0.01218	0.01001	0.00734	0.01597
83	0.02491	0.02361	0.04001	0.06014	0.51059	0.02355	0.03030	0.03077	0.02371	0.03383	0.02353	0.08261	0.02179	0.01167	0.01075	0.00325	0.01195	0.01138	0.00567	0.01597
84	0.03938	0.02251	0.07423	0.02515	0.07313	0.01780	0.05874	0.04476	0.02790	0.38974	0.03432	0.03215	0.02257	0.01172	0.01045	0.00313	0.01042	0.01003	0.01049	0.08140
85	0.03847	0.02240	0.10142	0.06233	0.03185	0.01673	0.01932	0.04372	0.02753	0.40330	0.03841	0.08901	0.02764	0.01437	0.01082	0.00340	0.01003	0.01199	0.01095	0.01632
86	0.02882	0.02284	0.03699	0.09466	0.38405	0.02235	0.02750	0.03465	0.02467	0.12306	0.02333	0.02756	0.01801	0.00997	0.01025	0.00304	0.01164	0.00932	0.00660	0.08068
87	0.03730	0.10792	0.07794	0.02265	0.03108	0.06915	0.05851	0.08789	0.02917	0.28139	0.03200	0.06732	0.02364	0.01304	0.01030	0.00318	0.01146	0.01071	0.00952	0.01582
88	0.04032	0.12206	0.06343	0.02199	0.03096	0.02287	0.06021	0.09094	0.02980	0.35950	0.03284	0.03052	0.02180	0.01188	0.01013	0.00313	0.01072	0.00972	0.01034	0.01683
89	0.11128	0.02461	0.07375	0.03881	0.23139	0.02180	0.07133	0.03902	0.02544	0.21868	0.02682	0.02843	0.01904	0.01072	0.01023	0.00326	0.01156	0.00958	0.00802	0.01624
90	0.02891	0.02987	0.18751	0.06681	0.03735	0.02147	0.06361	0.04088	0.12367	0.17942	0.03079	0.03203	0.02196	0.01820	0.06522	0.00470	0.01371	0.01018	0.00820	0.01550
91	0.02938	0.06644	0.13958	0.02168	0.02938	0.02246	0.02079	0.10250	0.05737	0.16171	0.14055	0.03863	0.03649	0.01455	0.01293	0.00337	0.06688	0.01133	0.00917	0.01482

[dist]
# distance from previous block
# <min> <max>
0	76

# created by:
# /st0/software/busco_prod/Augustus/scripts/msa2prfl.pl ./align_prep/6850.fa
