[name]
unknown

[dist]
# distance from previous block
# <min> <max>
0	384

[block]
# block no. 0 follows, 12 sequences, length 50
# corresponding to MSA columns:
# 463-512
name=unknown_A
#
# <colnr> <probs for GDERKNQSTAVLIFYWHMCP>
#	G	D	E	R	K	N	Q	S	T	A	V	L	I	F	Y	W	H	M	C	P
0	0.02503	0.01678	0.02206	0.10609	0.03083	0.01755	0.01706	0.11759	0.03004	0.10323	0.11213	0.19459	0.05054	0.02184	0.01255	0.00391	0.00940	0.08591	0.01013	0.01275
1	0.23587	0.12949	0.02870	0.01888	0.02608	0.07074	0.01586	0.13201	0.02979	0.10410	0.08538	0.02957	0.02662	0.01255	0.00911	0.00313	0.01032	0.00905	0.00855	0.01421
2	0.07903	0.08780	0.34050	0.03333	0.10430	0.02611	0.06611	0.03551	0.02363	0.07511	0.02097	0.02419	0.01529	0.01034	0.01009	0.00335	0.01441	0.00848	0.00562	0.01584
3	0.03195	0.02855	0.06828	0.02480	0.07184	0.08827	0.01942	0.11916	0.03002	0.10978	0.02353	0.02519	0.01767	0.01037	0.00956	0.00256	0.01134	0.00810	0.00785	0.29173
4	0.04311	0.02788	0.03108	0.02383	0.03249	0.02987	0.01968	0.41054	0.04682	0.17689	0.02991	0.02860	0.02042	0.01318	0.01092	0.00329	0.01139	0.01007	0.01148	0.01855
5	0.09695	0.11568	0.03211	0.02125	0.02897	0.02487	0.05991	0.11734	0.06405	0.12034	0.06145	0.07458	0.02845	0.01362	0.01009	0.00311	0.01017	0.01126	0.00890	0.09692
6	0.01375	0.01046	0.01147	0.01227	0.01487	0.00919	0.00880	0.01647	0.02340	0.03005	0.08706	0.25846	0.34345	0.02821	0.01269	0.00380	0.00573	0.02427	0.07640	0.00919
7	0.01399	0.01041	0.01317	0.01486	0.01660	0.00959	0.01081	0.01680	0.02317	0.03016	0.10948	0.38465	0.17797	0.03117	0.01377	0.00427	0.00659	0.09306	0.01026	0.00922
8	0.03518	0.10571	0.03404	0.08877	0.03692	0.15666	0.02110	0.22041	0.11382	0.04556	0.02474	0.02620	0.01878	0.01222	0.01021	0.00316	0.01348	0.00906	0.00827	0.01570
9	0.02594	0.19080	0.11533	0.07418	0.03713	0.02618	0.08083	0.03227	0.02417	0.07243	0.06219	0.02849	0.02288	0.01069	0.00955	0.00279	0.01192	0.00900	0.00642	0.15682
10	0.15337	0.12360	0.14519	0.02310	0.03200	0.02527	0.05843	0.06946	0.02533	0.08966	0.02832	0.07285	0.02505	0.01452	0.01024	0.00351	0.01177	0.06680	0.00747	0.01408
11	0.02334	0.07340	0.09686	0.02843	0.03434	0.06776	0.12862	0.02850	0.02232	0.02963	0.03320	0.09231	0.08538	0.01712	0.01871	0.00388	0.18404	0.01341	0.00616	0.01259
12	0.02752	0.01662	0.02502	0.02148	0.02687	0.01571	0.07518	0.03453	0.06623	0.18669	0.14694	0.11566	0.05353	0.02036	0.01276	0.00390	0.00941	0.11705	0.01097	0.01356
13	0.02714	0.02703	0.11540	0.32202	0.10276	0.02479	0.02934	0.09164	0.02694	0.09463	0.02303	0.02850	0.01657	0.01127	0.01081	0.00350	0.01373	0.00960	0.00658	0.01472
14	0.04003	0.01771	0.02230	0.01807	0.02502	0.01664	0.01461	0.04857	0.10746	0.37766	0.04180	0.03835	0.02816	0.01355	0.01034	0.00326	0.00837	0.01102	0.14034	0.01674
15	0.01348	0.00964	0.01282	0.01505	0.01586	0.00898	0.01014	0.01567	0.02177	0.02926	0.10338	0.56235	0.07487	0.03310	0.01382	0.00434	0.00622	0.02999	0.01029	0.00898
16	0.03679	0.01839	0.02464	0.10782	0.03334	0.01780	0.01734	0.08775	0.03093	0.32184	0.08384	0.04644	0.09334	0.01545	0.01133	0.00345	0.00960	0.01279	0.01136	0.01577
17	0.10038	0.02971	0.11017	0.02315	0.03189	0.02664	0.02110	0.24215	0.09301	0.11779	0.03084	0.07215	0.02395	0.01421	0.01067	0.00346	0.01113	0.01119	0.00980	0.01662
18	0.04487	0.01753	0.02387	0.01892	0.02647	0.01521	0.01536	0.04883	0.03003	0.49631	0.04496	0.10215	0.03212	0.01584	0.01130	0.00349	0.00894	0.01324	0.01311	0.01745
19	0.01482	0.01027	0.01293	0.01378	0.01555	0.00954	0.00976	0.01830	0.02497	0.03508	0.23352	0.31844	0.11366	0.02699	0.01275	0.00380	0.00570	0.02400	0.08658	0.00954
20	0.02261	0.01938	0.02261	0.01615	0.02584	0.01453	0.01292	0.02745	0.02261	0.03553	0.01938	0.02261	0.01615	0.00807	0.00807	0.00161	0.00807	0.00646	0.00646	0.68346
21	0.03480	0.02014	0.02436	0.01910	0.02711	0.01847	0.01535	0.09924	0.08681	0.23966	0.03520	0.07519	0.02679	0.01351	0.01032	0.00294	0.00895	0.01112	0.01050	0.22046
22	0.01860	0.01580	0.02504	0.32671	0.04993	0.01833	0.02338	0.02440	0.02274	0.02939	0.03740	0.14004	0.03808	0.02033	0.01266	0.00419	0.01195	0.16278	0.00725	0.01099
23	0.01892	0.02115	0.09805	0.02239	0.02633	0.01877	0.06175	0.02349	0.01966	0.02874	0.03095	0.13822	0.03143	0.10536	0.13805	0.00761	0.12580	0.01467	0.05767	0.01098
24	0.02059	0.01938	0.03270	0.59060	0.07510	0.02422	0.03028	0.02786	0.02180	0.02786	0.01938	0.02907	0.01453	0.01090	0.01090	0.00363	0.01453	0.00969	0.00484	0.01211
25	0.02074	0.01869	0.02538	0.09233	0.03214	0.07074	0.07965	0.02481	0.02322	0.02913	0.03966	0.13314	0.04179	0.07685	0.01934	0.05630	0.01219	0.18590	0.00769	0.01030
26	0.03225	0.02301	0.03213	0.16355	0.15167	0.02459	0.02393	0.17327	0.03256	0.13222	0.02931	0.08120	0.02359	0.01381	0.01116	0.00347	0.01182	0.01186	0.00869	0.01591
27	0.02679	0.11320	0.15594	0.20349	0.04741	0.02667	0.02676	0.03886	0.11915	0.09719	0.02645	0.02923	0.01936	0.01161	0.01027	0.00339	0.01274	0.00943	0.00700	0.01506
28	0.01894	0.00947	0.01420	0.01420	0.01420	0.00947	0.00947	0.01420	0.01420	0.01894	0.01894	0.03314	0.01894	0.03788	0.04261	0.68277	0.00947	0.00947	0.00473	0.00473
29	0.03082	0.02544	0.03406	0.08320	0.03879	0.06612	0.11844	0.08081	0.19625	0.11797	0.06541	0.03660	0.02893	0.01315	0.01142	0.00352	0.01217	0.01185	0.00933	0.01573
30	0.01361	0.00972	0.01303	0.01556	0.01633	0.00914	0.01069	0.01575	0.02120	0.02820	0.05992	0.57251	0.07140	0.03385	0.01400	0.00447	0.00661	0.06495	0.01012	0.00895
31	0.03223	0.02172	0.02800	0.08306	0.09577	0.02287	0.01991	0.18095	0.07161	0.14484	0.03635	0.14837	0.03164	0.01695	0.01153	0.00359	0.01043	0.01451	0.00999	0.01568
32	0.01558	0.01168	0.01752	0.01752	0.01947	0.01363	0.01363	0.01947	0.01752	0.02531	0.02921	0.04283	0.02726	0.08178	0.57360	0.01752	0.02921	0.01168	0.00584	0.00974
33	0.04145	0.03054	0.03272	0.02509	0.03381	0.03381	0.02072	0.51243	0.05127	0.06872	0.02618	0.02618	0.01854	0.01309	0.01091	0.00327	0.01200	0.00982	0.01091	0.01854
34	0.02888	0.02429	0.02564	0.02254	0.02902	0.02794	0.01768	0.11362	0.47056	0.04844	0.04215	0.03890	0.03148	0.01458	0.01107	0.00365	0.00904	0.01202	0.01107	0.01742
35	0.03130	0.01936	0.02888	0.08862	0.17545	0.01910	0.02121	0.03827	0.06480	0.21418	0.08125	0.10277	0.03544	0.01542	0.01143	0.00351	0.01007	0.01365	0.00968	0.01562
36	0.02197	0.02079	0.03519	0.47782	0.17711	0.02459	0.03097	0.02907	0.02245	0.02953	0.01962	0.02862	0.01512	0.01065	0.01088	0.00355	0.01419	0.00970	0.00496	0.01322
37	0.02754	0.44052	0.04990	0.02170	0.02818	0.04017	0.02024	0.03069	0.02049	0.02583	0.01490	0.01943	0.01409	0.01230	0.01578	0.00308	0.19014	0.00696	0.00470	0.01336
38	0.69383	0.02109	0.01603	0.01434	0.02109	0.02446	0.01181	0.03205	0.01856	0.04892	0.01518	0.01771	0.01181	0.01012	0.00675	0.00337	0.00843	0.00590	0.00675	0.01181
39	0.01537	0.01321	0.01342	0.01299	0.01711	0.01233	0.00985	0.02304	0.11293	0.03228	0.09891	0.09371	0.45509	0.02537	0.01257	0.00368	0.00607	0.02115	0.01029	0.01061
40	0.04145	0.03054	0.03272	0.02509	0.03381	0.03381	0.02072	0.51243	0.05127	0.06872	0.02618	0.02618	0.01854	0.01309	0.01091	0.00327	0.01200	0.00982	0.01091	0.01854
41	0.01377	0.00984	0.01321	0.01574	0.01658	0.00928	0.01097	0.01602	0.02136	0.02838	0.05983	0.55441	0.07105	0.03370	0.01405	0.00450	0.00675	0.08147	0.01011	0.00899
42	0.02660	0.02729	0.05143	0.09935	0.13013	0.02825	0.28400	0.07573	0.02638	0.03630	0.02097	0.02803	0.01636	0.01100	0.01498	0.00370	0.08744	0.01138	0.00582	0.01485
43	0.03112	0.02541	0.02690	0.02300	0.02988	0.02899	0.01822	0.18468	0.39584	0.05205	0.03930	0.03664	0.02917	0.01432	0.01104	0.00358	0.00957	0.01163	0.01104	0.01762
44	0.01420	0.01014	0.01370	0.01623	0.01726	0.00964	0.01171	0.01676	0.02178	0.02886	0.05959	0.50606	0.07012	0.03330	0.01416	0.00455	0.00712	0.12562	0.01010	0.00911
45	0.01502	0.01115	0.01635	0.01696	0.01859	0.01248	0.01278	0.01844	0.01833	0.02592	0.03665	0.17942	0.03807	0.07030	0.43874	0.01437	0.02369	0.01634	0.00687	0.00952
46	0.02059	0.01938	0.03270	0.59060	0.07510	0.02422	0.03028	0.02786	0.02180	0.02786	0.01938	0.02907	0.01453	0.01090	0.01090	0.00363	0.01453	0.00969	0.00484	0.01211
47	0.03007	0.02356	0.03087	0.24798	0.12525	0.09123	0.02498	0.03572	0.02588	0.14667	0.02883	0.04001	0.02313	0.01352	0.01124	0.00357	0.01327	0.06253	0.00754	0.01416
48	0.11437	0.01901	0.02271	0.01817	0.02521	0.01847	0.01481	0.11426	0.03204	0.31538	0.09788	0.03899	0.03336	0.01406	0.01041	0.00329	0.00871	0.01122	0.07165	0.01602
49	0.19159	0.02303	0.06427	0.08972	0.03196	0.02334	0.01896	0.10517	0.02772	0.07973	0.13326	0.03660	0.03430	0.01457	0.01309	0.00357	0.07651	0.01088	0.00838	0.01338

[dist]
# distance from previous block
# <min> <max>
0	8

[block]
# block no. 1 follows, 12 sequences, length 26
# corresponding to MSA columns:
# 521-536,546-555
name=unknown_B
#
# <colnr> <probs for GDERKNQSTAVLIFYWHMCP>
#	G	D	E	R	K	N	Q	S	T	A	V	L	I	F	Y	W	H	M	C	P
0	0.17795	0.02100	0.02716	0.11750	0.13525	0.02385	0.02069	0.08034	0.02514	0.04120	0.06664	0.03107	0.02411	0.01282	0.01248	0.00344	0.07481	0.00976	0.08143	0.01335
1	0.08905	0.02634	0.12331	0.02343	0.03237	0.02002	0.06281	0.03979	0.08119	0.18604	0.03424	0.04324	0.02699	0.01419	0.01094	0.00350	0.01114	0.07582	0.00910	0.08650
2	0.02993	0.02782	0.08404	0.02006	0.02967	0.09269	0.01766	0.03525	0.02540	0.13147	0.02347	0.02496	0.01763	0.00978	0.00911	0.00231	0.01078	0.00756	0.00745	0.39299
3	0.02997	0.02484	0.02626	0.02277	0.02944	0.02845	0.01795	0.14842	0.43396	0.05021	0.04076	0.03779	0.03035	0.01445	0.01106	0.00361	0.00930	0.01183	0.01106	0.01751
4	0.01439	0.01093	0.01325	0.01303	0.01574	0.00979	0.00964	0.01842	0.02786	0.03746	0.35288	0.14706	0.23929	0.02528	0.01298	0.00362	0.00539	0.02200	0.01120	0.00979
5	0.01328	0.00949	0.01265	0.01518	0.01581	0.00886	0.01012	0.01518	0.02088	0.02783	0.06010	0.60969	0.07212	0.03416	0.01392	0.00443	0.00633	0.03100	0.01012	0.00886
6	0.01812	0.01126	0.01493	0.01492	0.01732	0.01031	0.01083	0.02184	0.02683	0.09173	0.29319	0.29189	0.08228	0.02619	0.01309	0.00383	0.00606	0.02338	0.01140	0.01058
7	0.01526	0.01109	0.01406	0.01334	0.01578	0.01023	0.00981	0.01977	0.02908	0.04062	0.46415	0.08246	0.13293	0.07423	0.01656	0.00407	0.00564	0.01965	0.01138	0.00988
8	0.02401	0.02148	0.03371	0.46758	0.11048	0.02569	0.02924	0.09487	0.02611	0.03414	0.02041	0.02849	0.01532	0.01110	0.01089	0.00355	0.01405	0.00971	0.00573	0.01344
9	0.02893	0.55666	0.05352	0.01905	0.02803	0.04136	0.01850	0.03546	0.07852	0.02787	0.01841	0.02007	0.01614	0.00994	0.00745	0.00248	0.01132	0.00655	0.00538	0.01436
10	0.02522	0.01927	0.02217	0.06901	0.02743	0.02131	0.01549	0.15001	0.13708	0.03989	0.03529	0.05445	0.03291	0.23017	0.02723	0.00616	0.01081	0.05463	0.00880	0.01267
11	0.27569	0.11865	0.03125	0.08440	0.03372	0.13307	0.05028	0.03642	0.02373	0.09368	0.01949	0.02224	0.01486	0.01061	0.00872	0.00315	0.01254	0.00755	0.00666	0.01327
12	0.48802	0.02145	0.02392	0.14302	0.03604	0.02468	0.05957	0.03139	0.01990	0.04309	0.01670	0.02122	0.01282	0.01021	0.00819	0.00346	0.01064	0.00734	0.00622	0.01213
13	0.02496	0.02371	0.08274	0.02181	0.02584	0.06969	0.01876	0.02887	0.02080	0.09895	0.02646	0.03788	0.02357	0.12387	0.18979	0.00890	0.14393	0.01092	0.00662	0.01193
14	0.01813	0.01399	0.01732	0.07853	0.02425	0.01449	0.01312	0.02747	0.11145	0.03999	0.28815	0.06770	0.13407	0.01948	0.01179	0.00344	0.00682	0.01680	0.08151	0.01149
15	0.01601	0.01075	0.01241	0.01263	0.01286	0.01075	0.00760	0.01647	0.01669	0.02218	0.03647	0.07603	0.04173	0.56372	0.05184	0.01007	0.01052	0.05744	0.00692	0.00692
16	0.69383	0.02109	0.01603	0.01434	0.02109	0.02446	0.01181	0.03205	0.01856	0.04892	0.01518	0.01771	0.01181	0.01012	0.00675	0.00337	0.00843	0.00590	0.00675	0.01181
17	0.03672	0.01497	0.01884	0.01546	0.02138	0.01352	0.01244	0.04130	0.02765	0.33626	0.03984	0.03862	0.02740	0.01316	0.00954	0.00302	0.00749	0.01062	0.29681	0.01497
18	0.01577	0.01092	0.01369	0.01369	0.01431	0.01155	0.00884	0.01701	0.01639	0.02247	0.03271	0.06227	0.03570	0.44635	0.22056	0.01279	0.01651	0.01453	0.00636	0.00760
19	0.02780	0.02025	0.02124	0.01854	0.02397	0.02254	0.01458	0.14472	0.24559	0.04885	0.03731	0.03753	0.02820	0.01368	0.00982	0.00319	0.00810	0.01101	0.24808	0.01501
20	0.02903	0.02803	0.08512	0.02294	0.03126	0.02660	0.01993	0.15032	0.29700	0.04801	0.03412	0.03300	0.02548	0.01298	0.01054	0.00328	0.01011	0.01047	0.00968	0.11208
21	0.02434	0.24853	0.38980	0.02687	0.04068	0.03136	0.03296	0.03389	0.02273	0.03152	0.01807	0.02115	0.01387	0.01001	0.00922	0.00307	0.01460	0.00730	0.00462	0.01540
22	0.10710	0.02256	0.02597	0.02055	0.02753	0.02367	0.01682	0.18577	0.03317	0.15083	0.08086	0.03247	0.02760	0.01370	0.01299	0.00323	0.07475	0.01011	0.00970	0.12063
23	0.01894	0.00947	0.01420	0.01420	0.01420	0.00947	0.00947	0.01420	0.01420	0.01894	0.01894	0.03314	0.01894	0.03788	0.04261	0.68277	0.00947	0.00947	0.00473	0.00473
24	0.02439	0.02218	0.03556	0.40093	0.18791	0.02566	0.03005	0.08075	0.02568	0.03412	0.02038	0.02825	0.01564	0.01084	0.01088	0.00350	0.01387	0.00971	0.00563	0.01407
25	0.02017	0.01537	0.01818	0.01693	0.02050	0.01591	0.01278	0.08103	0.12917	0.04370	0.29242	0.17188	0.07381	0.02215	0.01251	0.00366	0.00682	0.01941	0.01133	0.01229

[dist]
# distance from previous block
# <min> <max>
0	2

[block]
# block no. 2 follows, 12 sequences, length 18
# corresponding to MSA columns:
# 558-575
name=unknown_C
#
# <colnr> <probs for GDERKNQSTAVLIFYWHMCP>
#	G	D	E	R	K	N	Q	S	T	A	V	L	I	F	Y	W	H	M	C	P
0	0.04004	0.11262	0.03288	0.02198	0.02905	0.02641	0.01868	0.12568	0.03070	0.29373	0.03061	0.02981	0.02123	0.01382	0.01491	0.00346	0.11790	0.00973	0.01011	0.01665
1	0.02951	0.02699	0.02900	0.02759	0.10725	0.09237	0.01894	0.12260	0.08285	0.04157	0.02312	0.02546	0.01830	0.01036	0.00955	0.00254	0.01107	0.00826	0.00750	0.30518
2	0.02059	0.01938	0.03270	0.59060	0.07510	0.02422	0.03028	0.02786	0.02180	0.02786	0.01938	0.02907	0.01453	0.01090	0.01090	0.00363	0.01453	0.00969	0.00484	0.01211
3	0.01567	0.01133	0.01573	0.01573	0.01706	0.01266	0.01139	0.01832	0.01699	0.02398	0.03085	0.05192	0.03120	0.25219	0.40858	0.01531	0.02327	0.01301	0.00608	0.00874
4	0.07597	0.01216	0.01555	0.01531	0.01721	0.01343	0.01120	0.01969	0.01841	0.02799	0.07795	0.05218	0.03647	0.21854	0.32614	0.01300	0.01990	0.01309	0.00672	0.00910
5	0.69383	0.02109	0.01603	0.01434	0.02109	0.02446	0.01181	0.03205	0.01856	0.04892	0.01518	0.01771	0.01181	0.01012	0.00675	0.00337	0.00843	0.00590	0.00675	0.01181
6	0.02998	0.02484	0.02626	0.02277	0.02944	0.02846	0.01795	0.14861	0.43376	0.05022	0.04075	0.03779	0.03034	0.01445	0.01106	0.00361	0.00930	0.01183	0.01106	0.01751
7	0.69383	0.02109	0.01603	0.01434	0.02109	0.02446	0.01181	0.03205	0.01856	0.04892	0.01518	0.01771	0.01181	0.01012	0.00675	0.00337	0.00843	0.00590	0.00675	0.01181
8	0.02187	0.05640	0.56031	0.03108	0.04719	0.02532	0.04029	0.03453	0.02302	0.03453	0.01957	0.02302	0.01381	0.01036	0.01036	0.00345	0.01611	0.00806	0.00460	0.01611
9	0.03217	0.02507	0.02657	0.02228	0.02913	0.02827	0.01778	0.23431	0.29630	0.05429	0.03643	0.03496	0.02700	0.01394	0.01072	0.00343	0.00965	0.01115	0.06942	0.01714
10	0.01586	0.01057	0.01189	0.01189	0.01189	0.01057	0.00661	0.01586	0.01586	0.02114	0.03436	0.07135	0.03964	0.61681	0.05550	0.01057	0.01057	0.01586	0.00661	0.00661
11	0.01543	0.01115	0.01457	0.01372	0.01629	0.01029	0.01029	0.02058	0.03086	0.04372	0.54304	0.08145	0.10288	0.02229	0.01286	0.00343	0.00514	0.01972	0.01200	0.01029
12	0.01586	0.01057	0.01189	0.01189	0.01189	0.01057	0.00661	0.01586	0.01586	0.02114	0.03436	0.07135	0.03964	0.61681	0.05550	0.01057	0.01057	0.01586	0.00661	0.00661
13	0.02955	0.02562	0.04563	0.03396	0.04293	0.02517	0.27682	0.08500	0.11291	0.10716	0.07222	0.03629	0.02804	0.01213	0.01214	0.00358	0.01389	0.01282	0.00851	0.01562
14	0.01323	0.00969	0.01245	0.01465	0.01568	0.00890	0.00989	0.01524	0.02138	0.02804	0.06652	0.54529	0.13237	0.03332	0.01379	0.00433	0.00622	0.02998	0.01012	0.00890
15	0.09773	0.03959	0.31565	0.02702	0.03916	0.02247	0.07143	0.03655	0.02494	0.13258	0.06722	0.03047	0.02368	0.01180	0.01052	0.00345	0.01333	0.00976	0.00716	0.01550
16	0.02365	0.02064	0.02559	0.02327	0.09283	0.01732	0.01600	0.03145	0.07648	0.03661	0.02217	0.02508	0.01811	0.00900	0.00874	0.00204	0.00876	0.00750	0.00681	0.52797
17	0.07884	0.10454	0.13363	0.11486	0.08568	0.02710	0.07699	0.02995	0.02126	0.03144	0.01959	0.02658	0.01624	0.02083	0.08903	0.00540	0.09027	0.00917	0.00518	0.01344

[dist]
# distance from previous block
# <min> <max>
0	5

[block]
# block no. 3 follows, 12 sequences, length 6
# corresponding to MSA columns:
# 581-586
name=unknown_D
#
# <colnr> <probs for GDERKNQSTAVLIFYWHMCP>
#	G	D	E	R	K	N	Q	S	T	A	V	L	I	F	Y	W	H	M	C	P
0	0.20803	0.01965	0.02730	0.17166	0.03991	0.02081	0.07496	0.03070	0.02365	0.08084	0.10338	0.03427	0.02919	0.01221	0.01001	0.00331	0.01073	0.01038	0.00745	0.08157
1	0.10336	0.01670	0.02069	0.08405	0.02831	0.01749	0.01561	0.03483	0.10680	0.13575	0.20570	0.05709	0.05337	0.01745	0.01149	0.00362	0.00838	0.05551	0.01051	0.01328
2	0.03275	0.01671	0.02360	0.02489	0.10586	0.01552	0.01700	0.03768	0.02801	0.26116	0.09861	0.05293	0.03932	0.01606	0.01119	0.00345	0.00882	0.07488	0.11668	0.01490
3	0.01694	0.01053	0.01471	0.01471	0.01538	0.01120	0.01011	0.01647	0.01580	0.02173	0.02671	0.04698	0.02749	0.21216	0.22856	0.26939	0.01655	0.01199	0.00563	0.00697
4	0.02826	0.01952	0.02443	0.08490	0.03139	0.01854	0.01624	0.10660	0.02735	0.12014	0.02641	0.03223	0.02109	0.06667	0.07125	0.00475	0.01201	0.00938	0.00804	0.27081
5	0.01894	0.00947	0.01420	0.01420	0.01420	0.00947	0.00947	0.01420	0.01420	0.01894	0.01894	0.03314	0.01894	0.03788	0.04261	0.68277	0.00947	0.00947	0.00473	0.00473

[dist]
# distance from previous block
# <min> <max>
1	7

[block]
# block no. 4 follows, 12 sequences, length 36
# corresponding to MSA columns:
# 594-629
name=unknown_E
#
# <colnr> <probs for GDERKNQSTAVLIFYWHMCP>
#	G	D	E	R	K	N	Q	S	T	A	V	L	I	F	Y	W	H	M	C	P
0	0.21231	0.02714	0.13479	0.02238	0.03094	0.02115	0.06673	0.03648	0.05962	0.13975	0.07204	0.07476	0.02928	0.01387	0.01025	0.00353	0.01072	0.01148	0.00848	0.01430
1	0.02789	0.02616	0.07866	0.15730	0.24582	0.02508	0.02859	0.07320	0.02607	0.08251	0.02214	0.02739	0.01710	0.01123	0.01252	0.00336	0.05729	0.00946	0.00643	0.06180
2	0.04073	0.05197	0.03090	0.02809	0.03371	0.57303	0.02107	0.04354	0.03090	0.02669	0.01685	0.01966	0.01404	0.01124	0.00983	0.00281	0.01966	0.00702	0.00562	0.01264
3	0.02915	0.62337	0.05714	0.01866	0.02799	0.04314	0.01866	0.03265	0.02215	0.02565	0.01516	0.01749	0.01399	0.00933	0.00700	0.00233	0.01166	0.00583	0.00466	0.01399
4	0.01549	0.01123	0.01568	0.01585	0.01719	0.01248	0.01151	0.01820	0.01731	0.02437	0.03275	0.09022	0.03372	0.22147	0.39583	0.01475	0.02262	0.01415	0.00635	0.00884
5	0.01583	0.01067	0.01240	0.01240	0.01257	0.01084	0.00723	0.01618	0.01601	0.02151	0.03390	0.06880	0.03853	0.56900	0.10179	0.01119	0.01224	0.01548	0.00654	0.00689
6	0.02267	0.02337	0.04766	0.03627	0.04432	0.02209	0.33617	0.03041	0.02607	0.03519	0.08151	0.05819	0.03662	0.01577	0.01342	0.00399	0.01498	0.13091	0.00729	0.01309
7	0.01572	0.01069	0.01385	0.01405	0.01506	0.01101	0.00954	0.01658	0.01745	0.02344	0.04067	0.10438	0.08907	0.26384	0.19585	0.11378	0.01493	0.01566	0.00676	0.00769
8	0.51964	0.01977	0.01735	0.01498	0.02173	0.02176	0.01229	0.03556	0.02129	0.14495	0.02204	0.02316	0.01593	0.01096	0.00762	0.00331	0.00834	0.00719	0.05914	0.01297
9	0.03173	0.07317	0.03238	0.14320	0.09383	0.02682	0.02206	0.11218	0.17510	0.12955	0.03140	0.03220	0.02292	0.01253	0.01063	0.00341	0.01115	0.01037	0.00905	0.01634
10	0.10821	0.02528	0.02443	0.01993	0.02733	0.11426	0.01580	0.08944	0.02927	0.20635	0.03027	0.07618	0.02379	0.01333	0.00996	0.00299	0.01077	0.01038	0.00940	0.15262
11	0.02501	0.30129	0.34298	0.02571	0.03890	0.03302	0.03094	0.03372	0.02265	0.03070	0.01766	0.02063	0.01389	0.00991	0.00891	0.00297	0.01419	0.00710	0.00463	0.01520
12	0.08656	0.01792	0.01908	0.01598	0.02143	0.01874	0.01281	0.16457	0.03156	0.12391	0.03235	0.03422	0.02386	0.01271	0.00894	0.00293	0.00788	0.00983	0.34086	0.01383
13	0.01664	0.01072	0.01351	0.01464	0.01673	0.00963	0.01027	0.01896	0.02278	0.07933	0.06996	0.43892	0.17570	0.03066	0.01340	0.00416	0.00643	0.02723	0.01045	0.00987
14	0.11607	0.02086	0.02558	0.01983	0.02814	0.01995	0.01638	0.12910	0.03328	0.41949	0.03720	0.03319	0.02394	0.01307	0.01051	0.00336	0.00965	0.01023	0.01234	0.01784
15	0.01501	0.01096	0.01410	0.01368	0.01612	0.01005	0.01012	0.01962	0.02933	0.04094	0.45845	0.14046	0.13244	0.02397	0.01298	0.00356	0.00530	0.02119	0.01166	0.01005
16	0.69383	0.02109	0.01603	0.01434	0.02109	0.02446	0.01181	0.03205	0.01856	0.04892	0.01518	0.01771	0.01181	0.01012	0.00675	0.00337	0.00843	0.00590	0.00675	0.01181
17	0.69383	0.02109	0.01603	0.01434	0.02109	0.02446	0.01181	0.03205	0.01856	0.04892	0.01518	0.01771	0.01181	0.01012	0.00675	0.00337	0.00843	0.00590	0.00675	0.01181
18	0.27764	0.01973	0.02000	0.01749	0.02323	0.02126	0.01383	0.13964	0.02878	0.10346	0.06761	0.15632	0.03464	0.01730	0.01016	0.00359	0.00865	0.01383	0.00954	0.01332
19	0.37839	0.02327	0.02225	0.01799	0.02577	0.02515	0.01480	0.16634	0.02926	0.10203	0.02137	0.02246	0.01561	0.01105	0.00845	0.00316	0.00946	0.00754	0.00852	0.08714
20	0.24788	0.02503	0.02610	0.02235	0.02658	0.08478	0.01831	0.03455	0.02128	0.12392	0.01975	0.02367	0.01563	0.01438	0.01936	0.00387	0.24415	0.00833	0.00699	0.01309
21	0.01709	0.01332	0.01805	0.01724	0.01810	0.01581	0.01265	0.01923	0.01674	0.02386	0.02866	0.05063	0.02984	0.27797	0.28171	0.01266	0.11864	0.01293	0.00595	0.00890
22	0.04892	0.01856	0.02530	0.01940	0.02783	0.01603	0.01603	0.05314	0.03121	0.55634	0.04302	0.03711	0.02699	0.01350	0.01096	0.00337	0.00928	0.01096	0.01350	0.01856
23	0.01307	0.01034	0.01178	0.01293	0.01522	0.00905	0.00912	0.01544	0.02304	0.02872	0.08748	0.33526	0.32887	0.03060	0.01336	0.00402	0.00589	0.02666	0.01012	0.00905
24	0.01979	0.01245	0.01854	0.11312	0.02563	0.01408	0.01403	0.01876	0.01665	0.02343	0.02043	0.03248	0.01878	0.02897	0.03284	0.43617	0.05944	0.00959	0.07767	0.00719
25	0.01353	0.00988	0.01274	0.01455	0.01576	0.00909	0.00995	0.01596	0.02265	0.03016	0.13081	0.48464	0.12638	0.03186	0.01366	0.00421	0.00608	0.02862	0.01038	0.00909
26	0.02917	0.46489	0.13996	0.02179	0.03188	0.09756	0.02260	0.03415	0.02325	0.02728	0.01609	0.01867	0.01397	0.00971	0.00788	0.00257	0.01329	0.00634	0.00476	0.01421
27	0.10633	0.03224	0.22263	0.02243	0.03305	0.01991	0.02391	0.04157	0.02608	0.26312	0.03062	0.03005	0.02051	0.01189	0.01000	0.00333	0.01138	0.00926	0.06548	0.01621
28	0.02678	0.43864	0.22108	0.02270	0.03424	0.03734	0.02570	0.03326	0.02244	0.02855	0.01659	0.01929	0.01393	0.00966	0.00809	0.00270	0.01311	0.00656	0.00464	0.01468
29	0.01377	0.00969	0.01251	0.01456	0.01507	0.00918	0.00946	0.01531	0.01992	0.02657	0.05522	0.50762	0.06596	0.14463	0.02180	0.00559	0.00713	0.02813	0.00946	0.00843
30	0.02588	0.01956	0.07766	0.01953	0.02491	0.01598	0.01662	0.03498	0.11659	0.16375	0.04844	0.27010	0.04690	0.02266	0.01235	0.00396	0.00877	0.04716	0.01054	0.01366
31	0.02725	0.02363	0.04084	0.19112	0.09283	0.02466	0.17669	0.09850	0.02745	0.07507	0.02465	0.03378	0.01960	0.07645	0.01635	0.00430	0.01444	0.01148	0.00678	0.01414
32	0.69383	0.02109	0.01603	0.01434	0.02109	0.02446	0.01181	0.03205	0.01856	0.04892	0.01518	0.01771	0.01181	0.01012	0.00675	0.00337	0.00843	0.00590	0.00675	0.01181
33	0.03191	0.02573	0.02566	0.02162	0.02766	0.07766	0.01701	0.30070	0.03955	0.05114	0.04197	0.16729	0.08614	0.01927	0.01170	0.00354	0.01076	0.01579	0.01013	0.01477
34	0.04145	0.03054	0.03272	0.02509	0.03381	0.03381	0.02072	0.51243	0.05127	0.06872	0.02618	0.02618	0.01854	0.01309	0.01091	0.00327	0.01200	0.00982	0.01091	0.01854
35	0.42248	0.02125	0.02214	0.14746	0.03516	0.02438	0.01719	0.07368	0.02328	0.09487	0.01976	0.02290	0.01447	0.01088	0.00846	0.00342	0.01021	0.00759	0.00732	0.01310

[dist]
# distance from previous block
# <min> <max>
0	1

[block]
# block no. 5 follows, 12 sequences, length 27
# corresponding to MSA columns:
# 631-657
name=unknown_F
#
# <colnr> <probs for GDERKNQSTAVLIFYWHMCP>
#	G	D	E	R	K	N	Q	S	T	A	V	L	I	F	Y	W	H	M	C	P
0	0.02663	0.07611	0.11666	0.07785	0.03510	0.11246	0.02220	0.07951	0.13008	0.03572	0.03269	0.03542	0.06066	0.02231	0.08431	0.00518	0.01520	0.01054	0.00728	0.01410
1	0.02556	0.01521	0.01575	0.01386	0.01794	0.01602	0.01087	0.14611	0.02990	0.04761	0.03324	0.03706	0.02562	0.01280	0.00844	0.00272	0.00680	0.01008	0.51217	0.01224
2	0.21265	0.13394	0.18598	0.02139	0.03072	0.02694	0.02217	0.03551	0.10231	0.03824	0.02518	0.07609	0.02163	0.01296	0.00920	0.00337	0.01111	0.00981	0.00675	0.01407
3	0.02712	0.02342	0.02465	0.02219	0.02835	0.02712	0.01726	0.05794	0.52909	0.04561	0.04438	0.04068	0.03328	0.01479	0.01109	0.00370	0.00863	0.01233	0.01109	0.01726
4	0.01582	0.01072	0.01263	0.01263	0.01289	0.01097	0.00753	0.01633	0.01607	0.02169	0.03368	0.06761	0.03802	0.54666	0.12342	0.01148	0.01301	0.01531	0.00651	0.00702
5	0.49740	0.07309	0.02544	0.01926	0.02644	0.09812	0.05725	0.03386	0.02109	0.04295	0.01600	0.01898	0.01269	0.01012	0.00771	0.00324	0.01103	0.00666	0.00633	0.01234
6	0.04126	0.03603	0.03226	0.02586	0.03379	0.17190	0.02081	0.39236	0.04605	0.05795	0.02379	0.02451	0.01739	0.01261	0.01063	0.00315	0.01396	0.00910	0.00955	0.01703
7	0.02521	0.12968	0.09992	0.01928	0.02967	0.02250	0.01815	0.06955	0.02496	0.03645	0.01924	0.02207	0.01567	0.00901	0.00842	0.00212	0.01008	0.00684	0.00628	0.42491
8	0.02451	0.01667	0.01815	0.01466	0.02071	0.01548	0.01158	0.10397	0.02731	0.04333	0.02836	0.03198	0.02229	0.01113	0.00831	0.00233	0.00724	0.00880	0.33446	0.24872
9	0.01328	0.00949	0.01265	0.01518	0.01581	0.00886	0.01012	0.01518	0.02088	0.02783	0.06010	0.60969	0.07212	0.03416	0.01392	0.00443	0.00633	0.03100	0.01012	0.00886
10	0.04470	0.01984	0.02555	0.01981	0.02777	0.01840	0.01627	0.12482	0.03443	0.43109	0.08519	0.03932	0.03243	0.01422	0.01113	0.00336	0.00935	0.01156	0.01294	0.01781
11	0.14152	0.02873	0.02910	0.02329	0.03033	0.07173	0.01906	0.28851	0.03709	0.05344	0.02144	0.02368	0.01632	0.01286	0.01337	0.00331	0.09317	0.00864	0.00858	0.07581
12	0.16834	0.03275	0.12769	0.02742	0.06792	0.06643	0.06279	0.17457	0.03155	0.04672	0.02885	0.03076	0.06292	0.01259	0.01020	0.00336	0.01259	0.00991	0.00761	0.01503
13	0.02458	0.09526	0.38555	0.03075	0.04347	0.07578	0.07133	0.03441	0.02324	0.03238	0.01867	0.02286	0.01410	0.01111	0.01269	0.00345	0.07215	0.00830	0.00478	0.01513
14	0.02259	0.16106	0.37073	0.02680	0.03931	0.02672	0.03224	0.03217	0.02320	0.03246	0.02504	0.03855	0.02198	0.01344	0.01048	0.00349	0.01422	0.08531	0.00552	0.01469
15	0.01586	0.01057	0.01189	0.01189	0.01189	0.01057	0.00661	0.01586	0.01586	0.02114	0.03436	0.07135	0.03964	0.61681	0.05550	0.01057	0.01057	0.01586	0.00661	0.00661
16	0.02472	0.21546	0.08415	0.24914	0.12258	0.03082	0.06755	0.03124	0.02275	0.02933	0.01843	0.02468	0.01486	0.01005	0.00977	0.00316	0.01384	0.00861	0.00490	0.01394
17	0.01594	0.01209	0.01482	0.01419	0.01709	0.01151	0.01061	0.02277	0.07305	0.04072	0.40299	0.11975	0.15676	0.02325	0.01279	0.00356	0.00559	0.02036	0.01152	0.01064
18	0.24727	0.02189	0.02808	0.02261	0.02934	0.02327	0.08877	0.10323	0.02687	0.13883	0.02875	0.10227	0.02436	0.01478	0.01191	0.00364	0.04936	0.01197	0.00872	0.01408
19	0.02767	0.02165	0.02494	0.15738	0.03650	0.09177	0.01908	0.03469	0.06729	0.12025	0.09635	0.03880	0.03201	0.01918	0.05372	0.00446	0.05725	0.01128	0.07265	0.01307
20	0.01468	0.01088	0.01370	0.01349	0.01596	0.00989	0.00993	0.01894	0.02835	0.03895	0.39810	0.16522	0.17163	0.02497	0.01302	0.00362	0.00539	0.02197	0.01141	0.00989
21	0.02187	0.05640	0.56031	0.03108	0.04719	0.02532	0.04029	0.03453	0.02302	0.03453	0.01957	0.02302	0.01381	0.01036	0.01036	0.00345	0.01611	0.00806	0.00460	0.01611
22	0.01414	0.01036	0.01340	0.01511	0.01668	0.00962	0.01094	0.01704	0.02341	0.03098	0.13523	0.40036	0.13711	0.03105	0.01379	0.00427	0.00657	0.09028	0.01038	0.00927
23	0.01850	0.00976	0.01464	0.01464	0.01489	0.01002	0.01002	0.01489	0.01464	0.01977	0.02029	0.03441	0.02003	0.04363	0.11223	0.59555	0.01206	0.00976	0.00488	0.00539
24	0.27221	0.02419	0.03309	0.02578	0.03341	0.02580	0.15385	0.11361	0.07477	0.04525	0.02210	0.02602	0.01697	0.01330	0.01280	0.06449	0.01194	0.00946	0.00733	0.01363
25	0.02186	0.01273	0.01589	0.01573	0.01872	0.01194	0.01130	0.02638	0.06187	0.13740	0.05951	0.33053	0.11866	0.08365	0.01696	0.00465	0.00741	0.02295	0.01055	0.01132
26	0.02741	0.15505	0.13133	0.07397	0.03591	0.02970	0.02299	0.11548	0.17052	0.04135	0.06583	0.03226	0.02682	0.01277	0.01019	0.00327	0.01145	0.01009	0.00803	0.01559

[dist]
# distance from previous block
# <min> <max>
0	2

# created by:
# /st0/software/busco_prod/Augustus/scripts/msa2prfl.pl ./align_prep/6851.fa
