[name]
unknown

[dist]
# distance from previous block
# <min> <max>
0	137

[block]
# block no. 0 follows, 10 sequences, length 8
# corresponding to MSA columns:
# 146-153
name=unknown_A
#
# <colnr> <probs for GDERKNQSTAVLIFYWHMCP>
#	G	D	E	R	K	N	Q	S	T	A	V	L	I	F	Y	W	H	M	C	P
0	0.01839	0.01410	0.01789	0.01659	0.02095	0.01223	0.01280	0.02312	0.02771	0.03944	0.23332	0.16972	0.07294	0.02334	0.01292	0.00359	0.00730	0.08009	0.01056	0.18300
1	0.19853	0.21834	0.11781	0.02081	0.03096	0.03150	0.02071	0.03668	0.06704	0.03903	0.02052	0.02280	0.01654	0.01070	0.00856	0.00300	0.01144	0.00738	0.00648	0.11118
2	0.02589	0.03424	0.16283	0.03055	0.04205	0.02501	0.13544	0.04092	0.13851	0.04005	0.02781	0.03062	0.02108	0.01123	0.01125	0.00329	0.01360	0.01049	0.00733	0.18781
3	0.01495	0.01126	0.01337	0.01471	0.01668	0.01030	0.01047	0.01739	0.02352	0.02986	0.07901	0.28827	0.22709	0.11464	0.02108	0.00547	0.00756	0.07475	0.01024	0.00937
4	0.02412	0.02067	0.02412	0.01723	0.02756	0.01550	0.01378	0.02929	0.02412	0.03790	0.02067	0.02412	0.01723	0.00861	0.00861	0.00172	0.00861	0.00689	0.00689	0.66236
5	0.02740	0.10226	0.10609	0.02537	0.03670	0.02506	0.08712	0.07740	0.02767	0.03987	0.02127	0.02493	0.01691	0.00983	0.00985	0.00259	0.01231	0.00840	0.00670	0.33227
6	0.02801	0.02428	0.09670	0.02043	0.02896	0.01754	0.01846	0.03672	0.07455	0.13878	0.10118	0.10260	0.04068	0.01617	0.01134	0.00323	0.00954	0.01372	0.00989	0.20722
7	0.11944	0.25106	0.14487	0.02352	0.03408	0.03568	0.02385	0.10373	0.08809	0.04218	0.02284	0.02442	0.01789	0.01162	0.00934	0.00322	0.01260	0.00823	0.00711	0.01623

[dist]
# distance from previous block
# <min> <max>
0	2

[block]
# block no. 1 follows, 10 sequences, length 20
# corresponding to MSA columns:
# 157-168,172-174,177-181
name=unknown_B
#
# <colnr> <probs for GDERKNQSTAVLIFYWHMCP>
#	G	D	E	R	K	N	Q	S	T	A	V	L	I	F	Y	W	H	M	C	P
0	0.03047	0.02868	0.09368	0.04627	0.26331	0.02502	0.02865	0.10315	0.03141	0.08840	0.06954	0.07866	0.03154	0.01459	0.01195	0.00362	0.01242	0.01302	0.00835	0.01727
1	0.02606	0.02352	0.03222	0.25039	0.10682	0.02751	0.02609	0.04565	0.24903	0.03966	0.03348	0.03664	0.02534	0.01345	0.01171	0.00386	0.01232	0.01168	0.00840	0.01616
2	0.02706	0.03166	0.15919	0.15977	0.08633	0.02456	0.02844	0.07911	0.07226	0.08024	0.03993	0.04223	0.08977	0.01475	0.01180	0.00374	0.01311	0.01230	0.00797	0.01579
3	0.03143	0.09952	0.15540	0.03808	0.13236	0.02836	0.10183	0.04326	0.09444	0.11759	0.02882	0.03094	0.02120	0.01181	0.01138	0.00356	0.01406	0.01065	0.00777	0.01752
4	0.01771	0.01344	0.01655	0.01747	0.01936	0.01413	0.01224	0.02561	0.11125	0.03189	0.05231	0.33200	0.05730	0.11916	0.09598	0.00750	0.01133	0.02404	0.00981	0.01094
5	0.01417	0.01012	0.01350	0.01619	0.01687	0.00945	0.01080	0.01619	0.02227	0.02969	0.06410	0.58367	0.07692	0.03644	0.01484	0.00472	0.00675	0.03306	0.01080	0.00945
6	0.14372	0.02764	0.03612	0.21015	0.05190	0.07741	0.09386	0.10022	0.02967	0.08672	0.02344	0.02834	0.01712	0.01183	0.01108	0.00367	0.01464	0.01003	0.00749	0.01496
7	0.03033	0.03422	0.13531	0.13205	0.11844	0.02975	0.09917	0.15184	0.07086	0.04617	0.02533	0.02972	0.01881	0.01199	0.01184	0.00369	0.01501	0.01079	0.00752	0.01715
8	0.01417	0.01012	0.01350	0.01619	0.01687	0.00945	0.01080	0.01619	0.02227	0.02969	0.06410	0.58367	0.07692	0.03644	0.01484	0.00472	0.00675	0.03306	0.01080	0.00945
9	0.03667	0.02326	0.02653	0.02268	0.03006	0.02499	0.01797	0.06010	0.34305	0.20786	0.04685	0.04213	0.03327	0.01532	0.01179	0.00383	0.00943	0.01267	0.01269	0.01887
10	0.03943	0.02026	0.02804	0.07589	0.08041	0.01973	0.01977	0.04822	0.09642	0.30814	0.04351	0.10081	0.03304	0.01648	0.01205	0.00379	0.01034	0.01410	0.01192	0.01764
11	0.03250	0.02780	0.04534	0.11087	0.05006	0.02897	0.19483	0.12909	0.12198	0.09051	0.03056	0.03369	0.02217	0.01243	0.01247	0.00381	0.01482	0.01231	0.00882	0.01699
12	0.03415	0.02099	0.02538	0.01930	0.02865	0.01794	0.01554	0.04303	0.09447	0.20222	0.03286	0.03201	0.02367	0.01156	0.01010	0.00266	0.00912	0.00938	0.01009	0.35688
13	0.02431	0.02135	0.02575	0.01912	0.02798	0.01836	0.01544	0.02910	0.02322	0.03649	0.01990	0.02431	0.01695	0.01028	0.01281	0.00220	0.08838	0.00736	0.00663	0.57004
14	0.09478	0.07229	0.03142	0.09799	0.03735	0.02612	0.01960	0.15177	0.03318	0.13911	0.02654	0.02807	0.01922	0.01183	0.01018	0.00308	0.01127	0.00911	0.00916	0.16793
15	0.11629	0.02318	0.04012	0.29664	0.06131	0.02564	0.15117	0.03181	0.02472	0.03642	0.06142	0.03399	0.02346	0.01200	0.01175	0.00383	0.01489	0.01158	0.00629	0.01348
16	0.03053	0.11679	0.32410	0.03012	0.04358	0.10478	0.03395	0.11084	0.03061	0.04054	0.02108	0.02392	0.01562	0.01154	0.01065	0.00342	0.01646	0.00847	0.00618	0.01682
17	0.03941	0.02672	0.03528	0.02692	0.03521	0.02759	0.08860	0.25859	0.04071	0.15448	0.03221	0.03772	0.02452	0.09545	0.01873	0.00469	0.01302	0.01214	0.01067	0.01735
18	0.01934	0.01010	0.01491	0.01530	0.01540	0.01001	0.01020	0.01530	0.01617	0.02156	0.02649	0.11385	0.02832	0.03984	0.04107	0.56758	0.00962	0.01339	0.00587	0.00568
19	0.02333	0.06016	0.53100	0.03315	0.05034	0.02701	0.04297	0.03683	0.02455	0.03683	0.02087	0.02455	0.01473	0.01105	0.01105	0.00368	0.01719	0.00859	0.00491	0.01719

[dist]
# distance from previous block
# <min> <max>
0	3

[block]
# block no. 2 follows, 10 sequences, length 49
# corresponding to MSA columns:
# 185-233
name=unknown_C
#
# <colnr> <probs for GDERKNQSTAVLIFYWHMCP>
#	G	D	E	R	K	N	Q	S	T	A	V	L	I	F	Y	W	H	M	C	P
0	0.10165	0.04508	0.03010	0.02725	0.03338	0.37886	0.02107	0.09222	0.03349	0.03655	0.02368	0.03354	0.02094	0.01428	0.01091	0.00337	0.01777	0.05477	0.00726	0.01381
1	0.02374	0.01486	0.01523	0.01449	0.01829	0.01598	0.01105	0.03696	0.15890	0.04486	0.04061	0.04337	0.03143	0.01418	0.00918	0.00306	0.00650	0.01150	0.47281	0.01299
2	0.04345	0.05543	0.03296	0.02996	0.03596	0.54457	0.02247	0.04644	0.03296	0.02846	0.01798	0.02097	0.01498	0.01199	0.01049	0.00300	0.02097	0.00749	0.00599	0.01348
3	0.01691	0.01128	0.01268	0.01268	0.01268	0.01128	0.00705	0.01691	0.01691	0.02255	0.03665	0.07611	0.04228	0.59126	0.05920	0.01128	0.01128	0.01691	0.00705	0.00705
4	0.01711	0.01269	0.01642	0.01853	0.02043	0.01271	0.01394	0.02346	0.07525	0.03324	0.06154	0.39291	0.06951	0.03293	0.01487	0.00482	0.00817	0.14977	0.01088	0.01079
5	0.01425	0.01164	0.01259	0.01269	0.01610	0.00998	0.00939	0.01754	0.02719	0.03383	0.17962	0.15321	0.40321	0.02917	0.01385	0.00396	0.00591	0.02477	0.01114	0.00998
6	0.05218	0.01979	0.02699	0.02069	0.02969	0.01709	0.01709	0.05668	0.03329	0.52677	0.04588	0.03959	0.02879	0.01439	0.01170	0.00360	0.00990	0.01170	0.01439	0.01979
7	0.05218	0.01979	0.02699	0.02069	0.02969	0.01709	0.01709	0.05668	0.03329	0.52677	0.04588	0.03959	0.02879	0.01439	0.01170	0.00360	0.00990	0.01170	0.01439	0.01979
8	0.04979	0.02363	0.02937	0.02252	0.03161	0.02279	0.01860	0.18383	0.03972	0.39054	0.04049	0.03608	0.02608	0.01426	0.01168	0.00357	0.01077	0.01133	0.01357	0.01979
9	0.02196	0.02067	0.03488	0.56331	0.08010	0.02584	0.03230	0.02972	0.02326	0.02972	0.02067	0.03101	0.01550	0.01163	0.01163	0.00388	0.01550	0.01034	0.00517	0.01292
10	0.01464	0.01070	0.01388	0.01625	0.01755	0.00994	0.01146	0.01716	0.02330	0.03049	0.07043	0.47404	0.12960	0.03509	0.01485	0.00470	0.00709	0.07843	0.01079	0.00964
11	0.67341	0.02249	0.01709	0.01529	0.02249	0.02609	0.01260	0.03419	0.01979	0.05218	0.01619	0.01889	0.01260	0.01080	0.00720	0.00360	0.00900	0.00630	0.00720	0.01260
12	0.01417	0.01012	0.01350	0.01619	0.01687	0.00945	0.01080	0.01619	0.02227	0.02969	0.06410	0.58367	0.07692	0.03644	0.01484	0.00472	0.00675	0.03306	0.01080	0.00945
13	0.03007	0.02426	0.03745	0.34721	0.06406	0.02768	0.07158	0.13243	0.03150	0.08382	0.02477	0.03112	0.01783	0.01221	0.01184	0.00377	0.01481	0.01081	0.00748	0.01531
14	0.02984	0.01960	0.02233	0.01969	0.02546	0.02083	0.01538	0.04845	0.25787	0.13697	0.14074	0.05154	0.04868	0.01688	0.01174	0.00367	0.00811	0.01420	0.09180	0.01622
15	0.25997	0.02240	0.02433	0.01971	0.02791	0.02304	0.01617	0.08997	0.07319	0.27880	0.03423	0.03180	0.02305	0.01326	0.01018	0.00362	0.00981	0.00988	0.01146	0.01722
16	0.03689	0.02095	0.02342	0.01898	0.02555	0.02166	0.01535	0.20283	0.03769	0.16216	0.03597	0.03675	0.02584	0.01389	0.01023	0.00320	0.00917	0.01089	0.27240	0.01617
17	0.02285	0.01335	0.01728	0.01546	0.01950	0.01199	0.01189	0.02788	0.03230	0.13476	0.38297	0.08073	0.13799	0.02263	0.01334	0.00368	0.00635	0.01966	0.01289	0.01250
18	0.60263	0.02218	0.01822	0.01591	0.02331	0.02507	0.01311	0.03675	0.02133	0.10626	0.01958	0.02125	0.01444	0.01121	0.00771	0.00360	0.00910	0.00691	0.00802	0.01342
19	0.02653	0.02741	0.03317	0.02876	0.02974	0.09097	0.02355	0.02944	0.02116	0.03005	0.06895	0.03153	0.02537	0.01977	0.03239	0.00470	0.44684	0.01104	0.00602	0.01262
20	0.01477	0.01095	0.01378	0.01492	0.01680	0.00996	0.01049	0.01798	0.02619	0.03500	0.20598	0.35045	0.16722	0.03142	0.01431	0.00426	0.00622	0.02795	0.01139	0.00996
21	0.59317	0.02106	0.01632	0.01475	0.02139	0.02421	0.01205	0.03332	0.02036	0.05110	0.01887	0.02191	0.01472	0.01114	0.00731	0.00349	0.00856	0.00686	0.08705	0.01238
22	0.03377	0.16734	0.10054	0.02918	0.03881	0.12784	0.10256	0.04500	0.11466	0.08859	0.02731	0.02883	0.02069	0.01199	0.01080	0.00336	0.01496	0.00992	0.00761	0.01622
23	0.03109	0.59826	0.06095	0.01990	0.02985	0.04602	0.01990	0.03483	0.02363	0.02736	0.01617	0.01866	0.01493	0.00995	0.00746	0.00249	0.01244	0.00622	0.00498	0.01493
24	0.01808	0.01934	0.07105	0.08634	0.03178	0.01572	0.05862	0.02434	0.02874	0.03875	0.25633	0.07557	0.18716	0.02128	0.01321	0.00378	0.00924	0.01879	0.00995	0.01193
25	0.01664	0.01235	0.01813	0.01813	0.02001	0.01423	0.01384	0.02041	0.01852	0.02658	0.03167	0.04854	0.03031	0.13450	0.49959	0.01800	0.02929	0.01288	0.00631	0.01007
26	0.67341	0.02249	0.01709	0.01529	0.02249	0.02609	0.01260	0.03419	0.01979	0.05218	0.01619	0.01889	0.01260	0.01080	0.00720	0.00360	0.00900	0.00630	0.00720	0.01260
27	0.03291	0.03444	0.14212	0.12994	0.09642	0.07059	0.12160	0.04101	0.02787	0.14861	0.02702	0.03066	0.01910	0.01169	0.01185	0.00366	0.01571	0.01074	0.00753	0.01653
28	0.01685	0.01152	0.01390	0.01390	0.01432	0.01194	0.00856	0.01769	0.01727	0.02345	0.03553	0.06995	0.03961	0.48921	0.15759	0.01278	0.01530	0.01601	0.00688	0.00772
29	0.01631	0.01165	0.01595	0.01864	0.02026	0.01129	0.01452	0.01990	0.02438	0.03209	0.06292	0.37160	0.07224	0.03442	0.01542	0.00502	0.00860	0.22399	0.01076	0.01004
30	0.02464	0.13427	0.09257	0.09249	0.04023	0.08112	0.10123	0.03057	0.02574	0.03156	0.04318	0.10511	0.11582	0.01713	0.01180	0.00362	0.01363	0.01492	0.00701	0.01332
31	0.09190	0.25764	0.12916	0.08784	0.09893	0.03535	0.02664	0.08243	0.02706	0.03786	0.01942	0.02326	0.01568	0.01088	0.00945	0.00318	0.01345	0.00804	0.00601	0.01582
32	0.01741	0.02090	0.11144	0.01774	0.02333	0.01383	0.01669	0.02408	0.03057	0.04293	0.37206	0.07831	0.14175	0.02210	0.01322	0.00370	0.00772	0.01914	0.01108	0.01199
33	0.01417	0.01012	0.01350	0.01619	0.01687	0.00945	0.01080	0.01619	0.02227	0.02969	0.06410	0.58367	0.07692	0.03644	0.01484	0.00472	0.00675	0.03306	0.01080	0.00945
34	0.03074	0.02380	0.04195	0.14031	0.08818	0.02390	0.16584	0.04010	0.07029	0.14320	0.03381	0.08729	0.02708	0.01433	0.01262	0.00388	0.01401	0.01415	0.00861	0.01591
35	0.10181	0.10184	0.17847	0.02336	0.03335	0.02352	0.02422	0.03878	0.02638	0.17503	0.03471	0.09064	0.02921	0.01619	0.01119	0.00376	0.01206	0.05072	0.00894	0.01582
36	0.02333	0.06016	0.53100	0.03315	0.05034	0.02701	0.04297	0.03683	0.02455	0.03683	0.02087	0.02455	0.01473	0.01105	0.01105	0.00368	0.01719	0.00859	0.00491	0.01719
37	0.54278	0.02264	0.02075	0.06833	0.02876	0.02709	0.01582	0.03310	0.01991	0.04748	0.01651	0.02073	0.01316	0.01190	0.01094	0.00378	0.06981	0.00709	0.00678	0.01264
38	0.01533	0.01166	0.01410	0.01387	0.01678	0.01043	0.01026	0.01961	0.02967	0.03983	0.33514	0.14904	0.23796	0.02700	0.01385	0.00386	0.00576	0.02349	0.01193	0.01043
39	0.10347	0.13251	0.03995	0.17149	0.04690	0.03144	0.06287	0.14144	0.03185	0.09606	0.02402	0.02760	0.01771	0.01191	0.01056	0.00347	0.01334	0.00960	0.00794	0.01587
40	0.02797	0.02257	0.02582	0.08304	0.03255	0.06385	0.01842	0.08207	0.07437	0.08411	0.13561	0.10187	0.04592	0.01835	0.01460	0.00370	0.06381	0.01489	0.00978	0.07670
41	0.02121	0.01896	0.01874	0.01768	0.02131	0.07181	0.01316	0.03021	0.11388	0.03700	0.18500	0.07025	0.14523	0.09459	0.08364	0.00641	0.01173	0.01727	0.01005	0.01187
42	0.02798	0.04295	0.22042	0.03424	0.04502	0.09255	0.12993	0.04175	0.11279	0.03712	0.02538	0.02919	0.01930	0.01277	0.01466	0.00385	0.07680	0.01061	0.00656	0.01614
43	0.09008	0.01760	0.02323	0.17680	0.03911	0.01779	0.01816	0.02588	0.02283	0.03449	0.03366	0.19907	0.03473	0.01836	0.01128	0.00349	0.01010	0.01595	0.00763	0.19978
44	0.01954	0.01262	0.01526	0.01445	0.01819	0.01110	0.01088	0.02352	0.02926	0.09790	0.25055	0.14740	0.25319	0.02627	0.01361	0.00388	0.00633	0.02262	0.01199	0.01144
45	0.04595	0.02153	0.02743	0.02079	0.03008	0.01913	0.01709	0.10367	0.03421	0.37955	0.03896	0.03526	0.02552	0.01326	0.01111	0.00323	0.01001	0.01065	0.01265	0.13991
46	0.09385	0.08349	0.13987	0.02248	0.03363	0.02445	0.02217	0.08807	0.02885	0.12790	0.02513	0.02636	0.01835	0.01110	0.00979	0.00293	0.01158	0.00840	0.00817	0.21342
47	0.08311	0.26463	0.04451	0.02282	0.03242	0.03393	0.06099	0.08695	0.06902	0.03959	0.02187	0.02422	0.01783	0.01070	0.00912	0.00280	0.01180	0.00816	0.00700	0.14852
48	0.03053	0.13400	0.09183	0.07729	0.03871	0.02765	0.06525	0.11006	0.03190	0.09742	0.08917	0.04612	0.03487	0.01549	0.01173	0.00363	0.01265	0.05735	0.00885	0.01549

[dist]
# distance from previous block
# <min> <max>
1	29

[block]
# block no. 3 follows, 10 sequences, length 15
# corresponding to MSA columns:
# 266-280
name=unknown_D
#
# <colnr> <probs for GDERKNQSTAVLIFYWHMCP>
#	G	D	E	R	K	N	Q	S	T	A	V	L	I	F	Y	W	H	M	C	P
0	0.15088	0.02861	0.08220	0.02162	0.03078	0.02592	0.01933	0.17025	0.08052	0.05269	0.02629	0.02801	0.01982	0.01207	0.00982	0.00314	0.01069	0.00904	0.06636	0.15196
1	0.03631	0.14727	0.09844	0.08113	0.03779	0.02817	0.02291	0.11938	0.03289	0.18376	0.07211	0.03453	0.02829	0.01351	0.01089	0.00339	0.01207	0.01063	0.00961	0.01692
2	0.02162	0.01603	0.02716	0.02421	0.02836	0.01495	0.11011	0.02596	0.02510	0.08550	0.05332	0.35298	0.05806	0.02794	0.01442	0.00451	0.01028	0.07732	0.01014	0.01203
3	0.03745	0.30519	0.04687	0.02817	0.08629	0.15450	0.02178	0.04150	0.02783	0.11760	0.02251	0.02406	0.01780	0.01126	0.00937	0.00291	0.01412	0.00795	0.00697	0.01585
4	0.02826	0.03746	0.18664	0.10470	0.10161	0.02997	0.11565	0.10867	0.02932	0.04112	0.02192	0.02775	0.01668	0.01247	0.01516	0.00387	0.08555	0.01046	0.00636	0.01638
5	0.02893	0.02498	0.02630	0.02367	0.03024	0.02893	0.01841	0.06180	0.49770	0.04865	0.04734	0.04339	0.03550	0.01578	0.01183	0.00394	0.00920	0.01315	0.01183	0.01841
6	0.01417	0.01012	0.01350	0.01619	0.01687	0.00945	0.01080	0.01619	0.02227	0.02969	0.06410	0.58367	0.07692	0.03644	0.01484	0.00472	0.00675	0.03306	0.01080	0.00945
7	0.01421	0.01105	0.01293	0.01404	0.01640	0.00977	0.00993	0.01700	0.02526	0.03219	0.13376	0.32006	0.27793	0.03200	0.01423	0.00426	0.00623	0.02799	0.01100	0.00977
8	0.02168	0.01084	0.01084	0.01084	0.01355	0.01084	0.00813	0.02710	0.02439	0.04336	0.03794	0.04336	0.02981	0.01355	0.00813	0.00271	0.00542	0.01084	0.65583	0.01084
9	0.01691	0.01128	0.01268	0.01268	0.01268	0.01128	0.00705	0.01691	0.01691	0.02255	0.03665	0.07611	0.04228	0.59126	0.05920	0.01128	0.01128	0.01691	0.00705	0.00705
10	0.01646	0.01189	0.01555	0.01463	0.01738	0.01097	0.01097	0.02195	0.03292	0.04664	0.51257	0.08688	0.10974	0.02378	0.01372	0.00366	0.00549	0.02103	0.01280	0.01097
11	0.01417	0.01012	0.01350	0.01619	0.01687	0.00945	0.01080	0.01619	0.02227	0.02969	0.06410	0.58367	0.07692	0.03644	0.01484	0.00472	0.00675	0.03306	0.01080	0.00945
12	0.02294	0.01719	0.02032	0.01791	0.02230	0.01767	0.01388	0.10832	0.09454	0.05163	0.36860	0.07099	0.08452	0.02104	0.01311	0.00366	0.00725	0.01818	0.01247	0.01346
13	0.03373	0.52583	0.05669	0.02000	0.02983	0.04240	0.01955	0.03756	0.02484	0.08989	0.01989	0.02128	0.01666	0.01051	0.00799	0.00263	0.01212	0.00690	0.00615	0.01553
14	0.22101	0.08627	0.02614	0.01694	0.02629	0.02214	0.01411	0.03139	0.02276	0.04103	0.01881	0.02192	0.01557	0.00942	0.00806	0.00238	0.00916	0.00664	0.00677	0.39319

[dist]
# distance from previous block
# <min> <max>
0	1

[block]
# block no. 4 follows, 10 sequences, length 8
# corresponding to MSA columns:
# 282-289
name=unknown_E
#
# <colnr> <probs for GDERKNQSTAVLIFYWHMCP>
#	G	D	E	R	K	N	Q	S	T	A	V	L	I	F	Y	W	H	M	C	P
0	0.12839	0.12410	0.07917	0.02437	0.03282	0.08637	0.06512	0.04182	0.07986	0.12417	0.02828	0.03260	0.02219	0.06528	0.01473	0.00413	0.01312	0.01009	0.00816	0.01524
1	0.46652	0.02581	0.02295	0.01906	0.02696	0.02937	0.01572	0.18076	0.03127	0.05913	0.02005	0.02186	0.01496	0.01184	0.00866	0.00356	0.01025	0.00767	0.00866	0.01496
2	0.14118	0.02764	0.03372	0.17974	0.16044	0.08554	0.02597	0.07944	0.02867	0.09623	0.02346	0.02798	0.01758	0.01176	0.01073	0.00356	0.01373	0.00951	0.00741	0.01568
3	0.02545	0.02545	0.03562	0.03053	0.03053	0.03562	0.02545	0.02799	0.01781	0.02799	0.01527	0.02545	0.01527	0.02036	0.03817	0.00509	0.56997	0.01018	0.00509	0.01272
4	0.05218	0.01979	0.02699	0.02069	0.02969	0.01709	0.01709	0.05668	0.03329	0.52677	0.04588	0.03959	0.02879	0.01439	0.01170	0.00360	0.00990	0.01170	0.01439	0.01979
5	0.01691	0.01128	0.01268	0.01268	0.01268	0.01128	0.00705	0.01691	0.01691	0.02255	0.03665	0.07611	0.04228	0.59126	0.05920	0.01128	0.01128	0.01691	0.00705	0.00705
6	0.02168	0.01084	0.01084	0.01084	0.01355	0.01084	0.00813	0.02710	0.02439	0.04336	0.03794	0.04336	0.02981	0.01355	0.00813	0.00271	0.00542	0.01084	0.65583	0.01084
7	0.04093	0.03082	0.03490	0.10588	0.04256	0.03456	0.02361	0.41354	0.05005	0.06687	0.02685	0.02838	0.01915	0.01362	0.01163	0.00355	0.01320	0.01045	0.01068	0.01877

[dist]
# distance from previous block
# <min> <max>
0	8

[block]
# block no. 5 follows, 10 sequences, length 73
# corresponding to MSA columns:
# 298-323,328-374
name=unknown_F
#
# <colnr> <probs for GDERKNQSTAVLIFYWHMCP>
#	G	D	E	R	K	N	Q	S	T	A	V	L	I	F	Y	W	H	M	C	P
0	0.02196	0.02067	0.03488	0.56331	0.08010	0.02584	0.03230	0.02972	0.02326	0.02972	0.02067	0.03101	0.01550	0.01163	0.01163	0.00388	0.01550	0.01034	0.00517	0.01292
1	0.01661	0.01246	0.01869	0.01869	0.02077	0.01454	0.01454	0.02077	0.01869	0.02700	0.03115	0.04569	0.02908	0.08723	0.54517	0.01869	0.03115	0.01246	0.00623	0.01038
2	0.03109	0.59826	0.06095	0.01990	0.02985	0.04602	0.01990	0.03483	0.02363	0.02736	0.01617	0.01866	0.01493	0.00995	0.00746	0.00249	0.01244	0.00622	0.00498	0.01493
3	0.01802	0.01290	0.01465	0.01479	0.01579	0.01330	0.00925	0.02278	0.08214	0.02734	0.04306	0.16395	0.04767	0.41355	0.04481	0.00911	0.01018	0.01934	0.00837	0.00900
4	0.67341	0.02249	0.01709	0.01529	0.02249	0.02609	0.01260	0.03419	0.01979	0.05218	0.01619	0.01889	0.01260	0.01080	0.00720	0.00360	0.00900	0.00630	0.00720	0.01260
5	0.02412	0.02067	0.02412	0.01723	0.02756	0.01550	0.01378	0.02929	0.02412	0.03790	0.02067	0.02412	0.01723	0.00861	0.00861	0.00172	0.00861	0.00689	0.00689	0.66236
6	0.02020	0.01010	0.01515	0.01515	0.01515	0.01010	0.01010	0.01515	0.01515	0.02020	0.02020	0.03535	0.02020	0.04040	0.04545	0.66162	0.01010	0.01010	0.00505	0.00505
7	0.02412	0.02067	0.02412	0.01723	0.02756	0.01550	0.01378	0.02929	0.02412	0.03790	0.02067	0.02412	0.01723	0.00861	0.00861	0.00172	0.00861	0.00689	0.00689	0.66236
8	0.01417	0.01012	0.01350	0.01619	0.01687	0.00945	0.01080	0.01619	0.02227	0.02969	0.06410	0.58367	0.07692	0.03644	0.01484	0.00472	0.00675	0.03306	0.01080	0.00945
9	0.01500	0.01071	0.01445	0.01714	0.01818	0.01016	0.01224	0.01763	0.02309	0.03062	0.06364	0.50146	0.07511	0.03565	0.01507	0.00484	0.00747	0.10707	0.01078	0.00968
10	0.02765	0.08693	0.18372	0.12315	0.04566	0.02722	0.02794	0.11140	0.02942	0.04136	0.02160	0.02568	0.01640	0.01096	0.01032	0.00308	0.01353	0.00860	0.00664	0.17873
11	0.44125	0.12513	0.02429	0.01567	0.02210	0.02711	0.01295	0.03127	0.01998	0.04246	0.01979	0.02891	0.01824	0.11274	0.01639	0.00475	0.01002	0.00815	0.00677	0.01204
12	0.01851	0.01255	0.01499	0.01398	0.01778	0.01104	0.01062	0.02284	0.03026	0.08317	0.30482	0.09319	0.27252	0.02533	0.01355	0.00377	0.00605	0.02168	0.01210	0.01128
13	0.15043	0.09657	0.08717	0.12451	0.10597	0.03080	0.02549	0.11850	0.07570	0.04534	0.02345	0.02698	0.01796	0.01188	0.01026	0.00352	0.01276	0.00922	0.00742	0.01608
14	0.02768	0.13899	0.17417	0.14476	0.05003	0.03161	0.07635	0.08194	0.09061	0.03879	0.02448	0.02843	0.01851	0.01176	0.01096	0.00355	0.01472	0.00987	0.00667	0.01612
15	0.01449	0.01083	0.01347	0.01489	0.01669	0.00981	0.01037	0.01735	0.02519	0.03317	0.15805	0.38393	0.18432	0.03252	0.01438	0.00435	0.00632	0.02890	0.01116	0.00981
16	0.02870	0.10003	0.03100	0.01932	0.02941	0.02332	0.01611	0.11190	0.02961	0.04292	0.02139	0.02408	0.01738	0.00976	0.00901	0.00215	0.00988	0.00745	0.00750	0.45909
17	0.02818	0.09973	0.23008	0.02784	0.03866	0.12183	0.02899	0.03574	0.02501	0.03341	0.01910	0.02336	0.01535	0.01188	0.01375	0.00325	0.08963	0.00804	0.00552	0.14067
18	0.08569	0.08381	0.13898	0.18345	0.04883	0.07407	0.02816	0.03698	0.02494	0.09910	0.02252	0.02721	0.01674	0.01255	0.01327	0.00369	0.06935	0.00917	0.00657	0.01492
19	0.03691	0.01790	0.02283	0.01858	0.02525	0.01641	0.01493	0.08398	0.03458	0.28957	0.18857	0.05986	0.10226	0.01868	0.01250	0.00364	0.00847	0.01566	0.01328	0.01616
20	0.02320	0.02057	0.03094	0.19502	0.04536	0.02371	0.06318	0.06832	0.07190	0.03581	0.03622	0.19279	0.03594	0.02035	0.01590	0.00424	0.07765	0.01755	0.00808	0.01326
21	0.02567	0.03376	0.18046	0.13340	0.05264	0.02434	0.16772	0.03473	0.02626	0.07926	0.03687	0.04090	0.08377	0.01354	0.01240	0.00382	0.01545	0.01292	0.00690	0.01518
22	0.03177	0.01590	0.02205	0.07134	0.02867	0.01486	0.01562	0.03672	0.03108	0.24478	0.22439	0.11020	0.06328	0.01988	0.01277	0.00376	0.00845	0.01724	0.01252	0.01472
23	0.01417	0.01012	0.01350	0.01619	0.01687	0.00945	0.01080	0.01619	0.02227	0.02969	0.06410	0.58367	0.07692	0.03644	0.01484	0.00472	0.00675	0.03306	0.01080	0.00945
24	0.02821	0.02570	0.07842	0.38761	0.06630	0.02640	0.03031	0.09333	0.02862	0.08801	0.02429	0.03091	0.01739	0.01218	0.01158	0.00378	0.01471	0.01034	0.00697	0.01494
25	0.10372	0.10071	0.04027	0.08112	0.04154	0.12374	0.08265	0.20139	0.03684	0.04870	0.02227	0.02543	0.01691	0.01203	0.01076	0.00339	0.01497	0.00943	0.00799	0.01613
26	0.03775	0.01904	0.02249	0.01866	0.02528	0.01892	0.01495	0.08657	0.11410	0.24919	0.04201	0.04039	0.02948	0.01433	0.01059	0.00337	0.00863	0.01157	0.21596	0.01673
27	0.02645	0.03051	0.12445	0.30632	0.15104	0.02775	0.03345	0.09226	0.02829	0.03834	0.02190	0.02904	0.01649	0.01160	0.01151	0.00371	0.01512	0.01005	0.00610	0.01562
28	0.12521	0.02011	0.02583	0.02006	0.02884	0.01815	0.01657	0.05404	0.03170	0.47097	0.04239	0.03715	0.02689	0.01397	0.01117	0.00360	0.00979	0.01106	0.01355	0.01895
29	0.01518	0.01135	0.01410	0.01445	0.01685	0.01027	0.01044	0.01908	0.02836	0.03825	0.29248	0.23827	0.19073	0.02876	0.01405	0.00403	0.00595	0.02535	0.01177	0.01027
30	0.01737	0.01129	0.01277	0.01268	0.01323	0.01120	0.00754	0.01847	0.01926	0.02708	0.08340	0.07375	0.04759	0.47542	0.04942	0.00964	0.01010	0.01668	0.07527	0.00783
31	0.02307	0.01629	0.01897	0.01750	0.02201	0.01642	0.01335	0.03555	0.16420	0.09303	0.21925	0.12009	0.14805	0.02268	0.01308	0.00388	0.00720	0.01953	0.01215	0.01368
32	0.04447	0.05124	0.03226	0.02887	0.03522	0.48256	0.02184	0.04765	0.03300	0.08704	0.02126	0.02316	0.01660	0.01227	0.01063	0.00307	0.01967	0.00799	0.00698	0.01422
33	0.67341	0.02249	0.01709	0.01529	0.02249	0.02609	0.01260	0.03419	0.01979	0.05218	0.01619	0.01889	0.01260	0.01080	0.00720	0.00360	0.00900	0.00630	0.00720	0.01260
34	0.01744	0.01135	0.01309	0.01309	0.01363	0.01156	0.00796	0.01851	0.01798	0.02546	0.03622	0.06909	0.03944	0.47078	0.10388	0.01104	0.01266	0.01574	0.08323	0.00784
35	0.01632	0.01157	0.01406	0.01378	0.01655	0.01058	0.01021	0.02097	0.02963	0.04163	0.33594	0.13531	0.17589	0.02492	0.01318	0.00370	0.00568	0.02170	0.08781	0.01058
36	0.01691	0.01128	0.01268	0.01268	0.01268	0.01128	0.00705	0.01691	0.01691	0.02255	0.03665	0.07611	0.04228	0.59126	0.05920	0.01128	0.01128	0.01691	0.00705	0.00705
37	0.03109	0.59826	0.06095	0.01990	0.02985	0.04602	0.01990	0.03483	0.02363	0.02736	0.01617	0.01866	0.01493	0.00995	0.00746	0.00249	0.01244	0.00622	0.00498	0.01493
38	0.02333	0.06016	0.53100	0.03315	0.05034	0.02701	0.04297	0.03683	0.02455	0.03683	0.02087	0.02455	0.01473	0.01105	0.01105	0.00368	0.01719	0.00859	0.00491	0.01719
39	0.01474	0.01072	0.01403	0.01646	0.01772	0.01001	0.01167	0.01730	0.02329	0.03054	0.06905	0.47676	0.11862	0.03517	0.01490	0.00473	0.00719	0.08667	0.01079	0.00965
40	0.02486	0.02721	0.09606	0.02919	0.11984	0.01925	0.02166	0.03146	0.02461	0.03777	0.02092	0.02502	0.01711	0.00926	0.00947	0.00230	0.01070	0.00775	0.00642	0.45914
41	0.02359	0.01800	0.02448	0.02083	0.02689	0.01631	0.05489	0.03159	0.08778	0.07834	0.04366	0.24759	0.04406	0.02106	0.01221	0.00355	0.00906	0.01899	0.00964	0.20747
42	0.08740	0.09368	0.21011	0.03204	0.04448	0.02740	0.15072	0.04063	0.02665	0.13875	0.02590	0.02845	0.01827	0.01127	0.01123	0.00361	0.01516	0.01020	0.00734	0.01670
43	0.03674	0.01629	0.02162	0.01804	0.02432	0.01426	0.01431	0.04104	0.03139	0.32268	0.15545	0.11364	0.09902	0.02020	0.01266	0.00376	0.00822	0.01720	0.01332	0.01583
44	0.01614	0.01188	0.01510	0.01430	0.01718	0.01084	0.01072	0.02133	0.03217	0.04485	0.46617	0.08982	0.15726	0.02444	0.01372	0.00369	0.00553	0.02145	0.01257	0.01084
45	0.02792	0.02119	0.03555	0.08510	0.08870	0.02207	0.10754	0.03339	0.02572	0.12267	0.03764	0.14064	0.03544	0.01959	0.01666	0.00428	0.08708	0.06576	0.00867	0.01437
46	0.09815	0.02963	0.10071	0.03247	0.04305	0.02489	0.19091	0.04541	0.07448	0.19330	0.03185	0.03311	0.02206	0.01208	0.01195	0.00376	0.01421	0.01170	0.00915	0.01712
47	0.04942	0.01898	0.02553	0.01980	0.02823	0.01653	0.01628	0.05400	0.03248	0.48300	0.04516	0.03993	0.02888	0.01432	0.01137	0.00352	0.00949	0.01162	0.07247	0.01898
48	0.02634	0.01363	0.01784	0.01620	0.02028	0.01236	0.01234	0.03092	0.03025	0.17472	0.25657	0.15990	0.07374	0.02250	0.01282	0.00374	0.00692	0.01966	0.07618	0.01310
49	0.02815	0.02500	0.03485	0.16041	0.23350	0.07678	0.02721	0.03370	0.02626	0.07732	0.03131	0.13402	0.02938	0.01609	0.01208	0.00375	0.01325	0.01446	0.00737	0.01513
50	0.02925	0.13302	0.08034	0.02181	0.02923	0.02647	0.01938	0.09115	0.13468	0.09262	0.07970	0.13658	0.04098	0.01830	0.01160	0.00367	0.01033	0.01523	0.01000	0.01567
51	0.05218	0.01979	0.02699	0.02069	0.02969	0.01709	0.01709	0.05668	0.03329	0.52677	0.04588	0.03959	0.02879	0.01439	0.01170	0.00360	0.00990	0.01170	0.01439	0.01979
52	0.02455	0.02248	0.03506	0.14951	0.19367	0.02318	0.06398	0.07547	0.02885	0.03801	0.04993	0.05324	0.16009	0.01643	0.01238	0.00372	0.01229	0.01473	0.00771	0.01472
53	0.09870	0.10757	0.08725	0.02653	0.03668	0.03159	0.06682	0.21755	0.03789	0.13783	0.02730	0.02791	0.01934	0.01251	0.01082	0.00345	0.01299	0.00987	0.00959	0.01781
54	0.04389	0.03084	0.03453	0.02731	0.03521	0.12026	0.06164	0.14848	0.03615	0.23781	0.03162	0.03137	0.02186	0.01402	0.01424	0.00364	0.06833	0.01068	0.01055	0.01758
55	0.67341	0.02249	0.01709	0.01529	0.02249	0.02609	0.01260	0.03419	0.01979	0.05218	0.01619	0.01889	0.01260	0.01080	0.00720	0.00360	0.00900	0.00630	0.00720	0.01260
56	0.05124	0.02130	0.02792	0.02141	0.03044	0.01932	0.01768	0.10644	0.03580	0.47346	0.04377	0.03822	0.02773	0.01434	0.01169	0.00359	0.01024	0.01155	0.01407	0.01979
57	0.16027	0.01923	0.02366	0.01890	0.02674	0.01791	0.01546	0.04795	0.03079	0.37638	0.10286	0.04215	0.03667	0.01499	0.01115	0.00361	0.00914	0.01196	0.01287	0.01731
58	0.01563	0.01186	0.01439	0.01376	0.01687	0.01062	0.01032	0.02034	0.03096	0.04198	0.39176	0.09454	0.23346	0.02551	0.01373	0.00374	0.00561	0.02211	0.01219	0.01062
59	0.01649	0.01134	0.01256	0.01256	0.01309	0.01108	0.00729	0.01688	0.01820	0.02374	0.04749	0.08090	0.10533	0.51618	0.05312	0.01029	0.01056	0.01793	0.00755	0.00742
60	0.01691	0.01128	0.01268	0.01268	0.01268	0.01128	0.00705	0.01691	0.01691	0.02255	0.03665	0.07611	0.04228	0.59126	0.05920	0.01128	0.01128	0.01691	0.00705	0.00705
61	0.03109	0.59826	0.06095	0.01990	0.02985	0.04602	0.01990	0.03483	0.02363	0.02736	0.01617	0.01866	0.01493	0.00995	0.00746	0.00249	0.01244	0.00622	0.00498	0.01493
62	0.02412	0.02067	0.02412	0.01723	0.02756	0.01550	0.01378	0.02929	0.02412	0.03790	0.02067	0.02412	0.01723	0.00861	0.00861	0.00172	0.00861	0.00689	0.00689	0.66236
63	0.67341	0.02249	0.01709	0.01529	0.02249	0.02609	0.01260	0.03419	0.01979	0.05218	0.01619	0.01889	0.01260	0.01080	0.00720	0.00360	0.00900	0.00630	0.00720	0.01260
64	0.02412	0.02067	0.02412	0.01723	0.02756	0.01550	0.01378	0.02929	0.02412	0.03790	0.02067	0.02412	0.01723	0.00861	0.00861	0.00172	0.00861	0.00689	0.00689	0.66236
65	0.02196	0.02067	0.03488	0.56331	0.08010	0.02584	0.03230	0.02972	0.02326	0.02972	0.02067	0.03101	0.01550	0.01163	0.01163	0.00388	0.01550	0.01034	0.00517	0.01292
66	0.03720	0.02118	0.02370	0.01916	0.02581	0.02190	0.01550	0.20683	0.03798	0.16438	0.03591	0.03661	0.02575	0.01390	0.01028	0.00321	0.00925	0.01089	0.26429	0.01629
67	0.02281	0.01491	0.02238	0.01981	0.02185	0.01544	0.05385	0.02319	0.01976	0.07411	0.03298	0.11907	0.03406	0.18677	0.03827	0.19918	0.06921	0.01557	0.00737	0.00940
68	0.02840	0.02396	0.02520	0.02238	0.02887	0.02707	0.01749	0.09673	0.39133	0.04876	0.05486	0.05104	0.09791	0.01743	0.01207	0.00390	0.00911	0.01441	0.01168	0.01740
69	0.01757	0.01218	0.01544	0.01636	0.01778	0.01206	0.01215	0.02040	0.02291	0.03056	0.11001	0.09910	0.06094	0.29667	0.03624	0.00794	0.01028	0.18316	0.00925	0.00900
70	0.02810	0.01761	0.02476	0.08790	0.08125	0.01756	0.01834	0.06999	0.03002	0.14829	0.12888	0.20115	0.05389	0.02164	0.01293	0.00394	0.00951	0.01912	0.01085	0.01427
71	0.02765	0.15070	0.32921	0.03519	0.10772	0.03149	0.03563	0.08253	0.02779	0.03907	0.02089	0.02440	0.01579	0.01106	0.01052	0.00342	0.01542	0.00859	0.00574	0.01721
72	0.39382	0.15377	0.07548	0.01821	0.02731	0.02936	0.01718	0.03400	0.02160	0.04356	0.01715	0.01998	0.01386	0.01038	0.00778	0.00314	0.01048	0.00656	0.00645	0.08993

[dist]
# distance from previous block
# <min> <max>
0	3

[block]
# block no. 6 follows, 10 sequences, length 30
# corresponding to MSA columns:
# 378-387,391-410
name=unknown_G
#
# <colnr> <probs for GDERKNQSTAVLIFYWHMCP>
#	G	D	E	R	K	N	Q	S	T	A	V	L	I	F	Y	W	H	M	C	P
0	0.03267	0.03798	0.20502	0.02601	0.03830	0.02588	0.02683	0.17023	0.03438	0.09670	0.02543	0.02695	0.01827	0.01165	0.01068	0.00313	0.01300	0.00904	0.00837	0.17948
1	0.02196	0.02067	0.03488	0.56331	0.08010	0.02584	0.03230	0.02972	0.02326	0.02972	0.02067	0.03101	0.01550	0.01163	0.01163	0.00388	0.01550	0.01034	0.00517	0.01292
2	0.02569	0.02171	0.03252	0.17360	0.17476	0.02349	0.02642	0.09791	0.02956	0.03970	0.03539	0.11529	0.03446	0.01865	0.01286	0.00410	0.01264	0.09854	0.00809	0.01463
3	0.03183	0.03480	0.22707	0.07633	0.04063	0.02078	0.02764	0.04000	0.02779	0.20686	0.04453	0.04388	0.09655	0.01511	0.01175	0.00371	0.01274	0.01230	0.00916	0.01656
4	0.04704	0.01881	0.02572	0.02080	0.02883	0.01652	0.01735	0.05167	0.03229	0.45107	0.04830	0.05368	0.03466	0.01712	0.01237	0.00387	0.01002	0.07766	0.01383	0.01840
5	0.01417	0.01012	0.01350	0.01619	0.01687	0.00945	0.01080	0.01619	0.02227	0.02969	0.06410	0.58367	0.07692	0.03644	0.01484	0.00472	0.00675	0.03306	0.01080	0.00945
6	0.02800	0.18216	0.18742	0.08757	0.11661	0.03361	0.03110	0.07113	0.02619	0.03586	0.01973	0.02473	0.01591	0.01206	0.01352	0.00351	0.08039	0.00878	0.00566	0.01606
7	0.02777	0.02338	0.07716	0.02492	0.03207	0.01989	0.08830	0.03946	0.12324	0.13356	0.13600	0.13374	0.05084	0.01902	0.01288	0.00392	0.01057	0.01726	0.01077	0.01523
8	0.02299	0.01316	0.01742	0.01750	0.02089	0.01206	0.01354	0.02683	0.02746	0.13234	0.13434	0.25724	0.11411	0.02851	0.01419	0.00439	0.00792	0.11126	0.01180	0.01204
9	0.01509	0.01078	0.01455	0.01724	0.01832	0.01024	0.01239	0.01778	0.02317	0.03072	0.06360	0.49283	0.07492	0.03557	0.01509	0.00485	0.00754	0.11485	0.01078	0.00970
10	0.03344	0.34410	0.09767	0.02334	0.03351	0.03990	0.02261	0.15079	0.07866	0.04209	0.02272	0.02405	0.01818	0.01166	0.00931	0.00301	0.01268	0.00822	0.00734	0.01673
11	0.02704	0.02024	0.02091	0.01934	0.02308	0.06902	0.01418	0.11405	0.03090	0.08371	0.09151	0.24207	0.05321	0.11172	0.02021	0.00511	0.01020	0.02048	0.01043	0.01259
12	0.04556	0.02733	0.03128	0.02432	0.03326	0.02868	0.01998	0.29030	0.08960	0.23115	0.03613	0.03353	0.02447	0.01429	0.01168	0.00357	0.01143	0.01116	0.01263	0.01965
13	0.03333	0.45152	0.05151	0.02027	0.02919	0.09041	0.01902	0.03718	0.02541	0.06982	0.02047	0.02251	0.01722	0.01080	0.00816	0.00265	0.01254	0.00715	0.05597	0.01487
14	0.01846	0.01333	0.01635	0.01532	0.01852	0.01309	0.01157	0.02718	0.08711	0.04655	0.40992	0.07737	0.09294	0.02181	0.01293	0.00360	0.00592	0.01908	0.07711	0.01184
15	0.01525	0.01184	0.01387	0.01336	0.01663	0.01046	0.01002	0.01960	0.03006	0.03985	0.33658	0.09805	0.28996	0.02631	0.01373	0.00378	0.00567	0.02260	0.01191	0.01046
16	0.01560	0.01026	0.01299	0.01517	0.01624	0.00971	0.01029	0.01828	0.02267	0.03230	0.05911	0.48058	0.06793	0.03207	0.01356	0.00434	0.00649	0.02882	0.13386	0.00971
17	0.03053	0.01565	0.02165	0.02116	0.02607	0.01469	0.01816	0.03559	0.02907	0.20829	0.05604	0.09889	0.05348	0.02588	0.01452	0.00474	0.01042	0.28924	0.01201	0.01391
18	0.02893	0.02498	0.02630	0.02367	0.03024	0.02893	0.01841	0.06180	0.49770	0.04865	0.04734	0.04339	0.03550	0.01578	0.01183	0.00394	0.00920	0.01315	0.01183	0.01841
19	0.02119	0.04681	0.39040	0.02829	0.04130	0.02246	0.03424	0.03210	0.02557	0.03750	0.10165	0.10036	0.03672	0.01601	0.01191	0.00380	0.01415	0.01341	0.00682	0.01532
20	0.02403	0.10891	0.48841	0.03195	0.04848	0.02873	0.04088	0.03665	0.02447	0.03597	0.02045	0.02402	0.01475	0.01095	0.01072	0.00357	0.01676	0.00838	0.00492	0.01698
21	0.02333	0.06016	0.53100	0.03315	0.05034	0.02701	0.04297	0.03683	0.02455	0.03683	0.02087	0.02455	0.01473	0.01105	0.01105	0.00368	0.01719	0.00859	0.00491	0.01719
22	0.04463	0.01787	0.02431	0.01980	0.02714	0.01557	0.01584	0.04863	0.03110	0.42796	0.04951	0.14773	0.03836	0.01878	0.01232	0.00382	0.00927	0.01594	0.01368	0.01774
23	0.03886	0.02445	0.07918	0.02699	0.07099	0.02119	0.02183	0.04427	0.02934	0.30081	0.09178	0.04053	0.03395	0.01579	0.01607	0.00384	0.09968	0.01214	0.01106	0.01725
24	0.04091	0.02373	0.08448	0.02121	0.03007	0.01817	0.01911	0.04876	0.06990	0.35133	0.08495	0.04776	0.07415	0.01608	0.01196	0.00367	0.01003	0.01323	0.01264	0.01786
25	0.01539	0.01126	0.01446	0.01491	0.01704	0.01032	0.01071	0.01942	0.02855	0.03920	0.31658	0.26446	0.13693	0.02879	0.01412	0.00406	0.00597	0.02561	0.01190	0.01032
26	0.02701	0.02297	0.02464	0.02228	0.02826	0.02617	0.01726	0.05567	0.42619	0.04834	0.11892	0.05008	0.04693	0.01701	0.01212	0.00390	0.00863	0.01436	0.01198	0.01726
27	0.57458	0.11108	0.02384	0.01600	0.02362	0.02916	0.01372	0.03429	0.02038	0.04836	0.01619	0.01886	0.01295	0.01067	0.00724	0.00343	0.00953	0.00629	0.00686	0.01295
28	0.01783	0.01892	0.07805	0.01995	0.02330	0.01572	0.01657	0.02456	0.06881	0.03390	0.09796	0.36992	0.06374	0.02886	0.01593	0.00445	0.05480	0.02516	0.00993	0.01165
29	0.03486	0.17219	0.04533	0.08117	0.04169	0.03371	0.09778	0.15634	0.08946	0.09381	0.02759	0.02946	0.02053	0.01228	0.01096	0.00341	0.01340	0.01037	0.00864	0.01702

[dist]
# distance from previous block
# <min> <max>
0	15

[block]
# block no. 7 follows, 10 sequences, length 36
# corresponding to MSA columns:
# 426-439,444-465
name=unknown_H
#
# <colnr> <probs for GDERKNQSTAVLIFYWHMCP>
#	G	D	E	R	K	N	Q	S	T	A	V	L	I	F	Y	W	H	M	C	P
0	0.09420	0.28087	0.04054	0.01997	0.02822	0.03343	0.01762	0.11930	0.02924	0.04039	0.02592	0.10289	0.02488	0.01451	0.00945	0.00304	0.01092	0.01103	0.00756	0.08602
1	0.03204	0.02042	0.02493	0.01821	0.02816	0.01595	0.01472	0.03702	0.02671	0.17599	0.02779	0.02849	0.02049	0.01025	0.00948	0.00225	0.00898	0.00825	0.00901	0.48085
2	0.02392	0.04716	0.35977	0.03614	0.11296	0.02576	0.03637	0.03759	0.07664	0.03767	0.02775	0.07664	0.02305	0.01371	0.01154	0.00377	0.01490	0.01151	0.00631	0.01682
3	0.03512	0.08586	0.07556	0.02273	0.03118	0.02047	0.06337	0.04036	0.02868	0.25376	0.05061	0.10549	0.10045	0.01776	0.01202	0.00369	0.01086	0.01523	0.01076	0.01604
4	0.03433	0.01909	0.03137	0.02512	0.03199	0.01784	0.10495	0.03943	0.02746	0.25366	0.04105	0.11803	0.03365	0.03214	0.12569	0.00703	0.01584	0.01535	0.01049	0.01550
5	0.05218	0.01979	0.02699	0.02069	0.02969	0.01709	0.01709	0.05668	0.03329	0.52677	0.04588	0.03959	0.02879	0.01439	0.01170	0.00360	0.00990	0.01170	0.01439	0.01979
6	0.02941	0.02930	0.10833	0.22829	0.14834	0.02730	0.03121	0.08075	0.02792	0.09132	0.02398	0.02978	0.01785	0.01260	0.01384	0.00380	0.06277	0.01024	0.00692	0.01607
7	0.03891	0.01636	0.02249	0.01866	0.02436	0.01495	0.01453	0.04117	0.02673	0.32891	0.03864	0.04311	0.02859	0.08441	0.08130	0.12661	0.01241	0.01201	0.01106	0.01479
8	0.01608	0.01203	0.01503	0.01472	0.01773	0.01097	0.01133	0.02097	0.03076	0.04181	0.37146	0.09756	0.19872	0.02601	0.01398	0.00391	0.00616	0.06800	0.01211	0.01068
9	0.01541	0.01084	0.01408	0.01621	0.01703	0.01040	0.01115	0.01749	0.02178	0.02892	0.05791	0.41053	0.06813	0.15349	0.02443	0.00620	0.00828	0.08860	0.00999	0.00912
10	0.10180	0.15682	0.13399	0.02424	0.03447	0.10385	0.02350	0.07628	0.02974	0.17096	0.02632	0.02656	0.01880	0.01205	0.01004	0.00328	0.01360	0.00869	0.00839	0.01662
11	0.02086	0.01880	0.03079	0.44714	0.06663	0.02308	0.02771	0.02739	0.02209	0.02865	0.02350	0.03747	0.01983	0.08306	0.07137	0.00620	0.01664	0.01128	0.00548	0.01202
12	0.02412	0.02067	0.02412	0.01723	0.02756	0.01550	0.01378	0.02929	0.02412	0.03790	0.02067	0.02412	0.01723	0.00861	0.00861	0.00172	0.00861	0.00689	0.00689	0.66236
13	0.46060	0.11209	0.02646	0.01875	0.02612	0.12761	0.01553	0.03661	0.02285	0.04408	0.01653	0.01925	0.01339	0.01090	0.00786	0.00332	0.01177	0.00651	0.00665	0.01310
14	0.04608	0.02121	0.02633	0.02055	0.02871	0.02021	0.01686	0.14217	0.03654	0.36062	0.04092	0.03766	0.02703	0.01418	0.01117	0.00345	0.00986	0.01131	0.10665	0.01849
15	0.02728	0.01811	0.02698	0.22460	0.08705	0.01910	0.02182	0.03315	0.02709	0.13889	0.08464	0.05038	0.10029	0.01592	0.01179	0.00366	0.01094	0.01366	0.07059	0.01405
16	0.04102	0.02228	0.02666	0.02212	0.02996	0.02277	0.01772	0.05914	0.25613	0.29735	0.04658	0.04141	0.03201	0.01506	0.01176	0.00376	0.00956	0.01239	0.01317	0.01913
17	0.02469	0.04263	0.27211	0.12600	0.05922	0.02774	0.20784	0.03583	0.02546	0.03583	0.02186	0.02823	0.01598	0.01067	0.01217	0.00381	0.01784	0.01085	0.00533	0.01591
18	0.02020	0.01010	0.01515	0.01515	0.01515	0.01010	0.01010	0.01515	0.01515	0.02020	0.02020	0.03535	0.02020	0.04040	0.04545	0.66162	0.01010	0.01010	0.00505	0.00505
19	0.01863	0.01113	0.01299	0.01304	0.01547	0.01069	0.00958	0.02359	0.02729	0.04261	0.21992	0.13790	0.06664	0.02070	0.01120	0.00336	0.00564	0.01788	0.32106	0.01069
20	0.01620	0.01188	0.01519	0.01436	0.01722	0.01086	0.01077	0.02145	0.03231	0.04519	0.47500	0.08926	0.14822	0.02432	0.01372	0.00368	0.00553	0.02137	0.01261	0.01086
21	0.01524	0.01184	0.01386	0.01335	0.01663	0.01045	0.01001	0.01959	0.03004	0.03980	0.33525	0.09813	0.29133	0.02633	0.01373	0.00378	0.00567	0.02261	0.01190	0.01045
22	0.02879	0.02763	0.04721	0.07139	0.51871	0.02763	0.03569	0.03569	0.02648	0.03800	0.02188	0.02879	0.01842	0.01036	0.01151	0.00345	0.01382	0.01036	0.00576	0.01842
23	0.01833	0.01723	0.06385	0.12413	0.03282	0.01503	0.01873	0.02352	0.02370	0.03314	0.04764	0.27471	0.05104	0.02535	0.01311	0.00428	0.00983	0.08980	0.10253	0.01121
24	0.67341	0.02249	0.01709	0.01529	0.02249	0.02609	0.01260	0.03419	0.01979	0.05218	0.01619	0.01889	0.01260	0.01080	0.00720	0.00360	0.00900	0.00630	0.00720	0.01260
25	0.09710	0.02143	0.02706	0.07972	0.03471	0.02017	0.01810	0.08275	0.03091	0.28699	0.03358	0.03252	0.02266	0.01251	0.01063	0.00322	0.01041	0.00994	0.01091	0.15468
26	0.03069	0.12355	0.24277	0.12922	0.04836	0.07350	0.03157	0.03929	0.02634	0.11355	0.02399	0.02707	0.01723	0.01163	0.01070	0.00347	0.01532	0.00899	0.00662	0.01615
27	0.67341	0.02249	0.01709	0.01529	0.02249	0.02609	0.01260	0.03419	0.01979	0.05218	0.01619	0.01889	0.01260	0.01080	0.00720	0.00360	0.00900	0.00630	0.00720	0.01260
28	0.05130	0.02120	0.02786	0.02136	0.03039	0.01918	0.01765	0.10326	0.03564	0.47686	0.04391	0.03830	0.02780	0.01435	0.01169	0.00359	0.01022	0.01156	0.01409	0.01979
