[name]
unknown

[dist]
# distance from previous block
# <min> <max>
0	99

[block]
# block no. 0 follows, 12 sequences, length 11
# corresponding to MSA columns:
# 101-111
name=unknown_A
#
# <colnr> <probs for GDERKNQSTAVLIFYWHMCP>
#	G	D	E	R	K	N	Q	S	T	A	V	L	I	F	Y	W	H	M	C	P
0	0.01771	0.01821	0.09662	0.01672	0.02165	0.01245	0.01508	0.02236	0.02494	0.07119	0.13721	0.20911	0.21366	0.02497	0.01276	0.00386	0.00786	0.05275	0.00980	0.01107
1	0.02192	0.01278	0.01433	0.01387	0.01708	0.01297	0.01039	0.03029	0.10049	0.07915	0.08510	0.14220	0.04272	0.01761	0.00994	0.00318	0.00616	0.01497	0.35319	0.01167
2	0.02057	0.01876	0.02945	0.29588	0.15721	0.02102	0.02485	0.02813	0.05926	0.03093	0.03634	0.12466	0.07608	0.01606	0.01154	0.00368	0.01166	0.01439	0.00672	0.01280
3	0.03265	0.08690	0.03867	0.17890	0.08526	0.15515	0.09339	0.03815	0.02652	0.12671	0.02322	0.02711	0.01717	0.01097	0.01056	0.00324	0.01493	0.00938	0.00675	0.01437
4	0.01830	0.02030	0.09880	0.01930	0.02384	0.01617	0.01654	0.02952	0.15325	0.03450	0.08205	0.33859	0.05530	0.02476	0.01258	0.00403	0.00832	0.02195	0.00966	0.01222
5	0.01620	0.10303	0.01971	0.01488	0.01766	0.01446	0.01126	0.01927	0.02408	0.03179	0.18358	0.32896	0.12226	0.02663	0.01248	0.00377	0.00674	0.02341	0.00978	0.01004
6	0.02430	0.02653	0.10820	0.11627	0.07564	0.02042	0.02212	0.07561	0.02545	0.03733	0.02014	0.02438	0.01584	0.00948	0.00935	0.00250	0.01107	0.00778	0.00627	0.36132
7	0.44721	0.02655	0.08687	0.01850	0.02688	0.02500	0.01707	0.10365	0.02517	0.10477	0.02031	0.02168	0.01466	0.01094	0.00825	0.00337	0.00999	0.00728	0.00781	0.01404
8	0.01894	0.00947	0.01420	0.01420	0.01420	0.00947	0.00947	0.01420	0.01420	0.01894	0.01894	0.03314	0.01894	0.03788	0.04261	0.68277	0.00947	0.00947	0.00473	0.00473
9	0.03232	0.12583	0.03639	0.07446	0.15097	0.02805	0.02227	0.13732	0.08541	0.11712	0.06039	0.03183	0.02545	0.01235	0.01037	0.00320	0.01115	0.01018	0.00859	0.01632
10	0.13214	0.19642	0.07683	0.02798	0.11478	0.07645	0.02129	0.08666	0.02672	0.07652	0.02099	0.02346	0.01648	0.01067	0.00884	0.00296	0.01188	0.00782	0.04626	0.01485

[dist]
# distance from previous block
# <min> <max>
0	5

[block]
# block no. 1 follows, 12 sequences, length 23
# corresponding to MSA columns:
# 117-139
name=unknown_B
#
# <colnr> <probs for GDERKNQSTAVLIFYWHMCP>
#	G	D	E	R	K	N	Q	S	T	A	V	L	I	F	Y	W	H	M	C	P
0	0.02646	0.16070	0.03362	0.07723	0.03164	0.07042	0.05428	0.06990	0.02926	0.07266	0.20817	0.04469	0.04735	0.01487	0.01076	0.00315	0.01066	0.01250	0.00857	0.01310
1	0.03120	0.22585	0.07262	0.07625	0.03455	0.06870	0.05290	0.03595	0.02506	0.15281	0.02865	0.09873	0.02456	0.01377	0.01000	0.00316	0.01205	0.01127	0.00758	0.01433
2	0.03240	0.52410	0.05191	0.01878	0.02796	0.03869	0.01822	0.03601	0.02364	0.11275	0.01973	0.02071	0.01613	0.01001	0.00765	0.00250	0.01127	0.00667	0.00611	0.01474
3	0.01431	0.01104	0.01319	0.01375	0.01647	0.00992	0.01048	0.01789	0.02581	0.03340	0.20782	0.18428	0.28024	0.02766	0.01337	0.00394	0.00622	0.09006	0.01060	0.00955
4	0.03052	0.08072	0.16236	0.03051	0.07129	0.02811	0.09381	0.12780	0.13120	0.09211	0.02806	0.02921	0.02047	0.01176	0.01078	0.00339	0.01297	0.01012	0.00809	0.01673
5	0.01516	0.01094	0.01433	0.01390	0.01623	0.01011	0.01027	0.01990	0.02961	0.04173	0.48255	0.14761	0.09903	0.02378	0.01299	0.00355	0.00529	0.02113	0.01177	0.01011
6	0.03422	0.03263	0.13261	0.02499	0.03441	0.02887	0.02319	0.25555	0.17805	0.09432	0.03133	0.03049	0.02242	0.01307	0.01086	0.00343	0.01164	0.01027	0.00994	0.01771
7	0.02275	0.02269	0.06630	0.09800	0.07222	0.01935	0.01953	0.03258	0.10077	0.03520	0.02413	0.02822	0.01938	0.01564	0.05421	0.00373	0.01166	0.00857	0.00670	0.33840
8	0.01430	0.01111	0.01312	0.01342	0.01630	0.00992	0.01025	0.01800	0.02635	0.03411	0.23292	0.15012	0.30024	0.02693	0.01325	0.00385	0.00605	0.07944	0.01070	0.00961
9	0.03164	0.02554	0.02912	0.11661	0.03816	0.02926	0.02075	0.23031	0.25942	0.05171	0.03318	0.03312	0.02446	0.01349	0.01099	0.00352	0.01091	0.01092	0.01000	0.01691
10	0.69383	0.02109	0.01603	0.01434	0.02109	0.02446	0.01181	0.03205	0.01856	0.04892	0.01518	0.01771	0.01181	0.01012	0.00675	0.00337	0.00843	0.00590	0.00675	0.01181
11	0.69383	0.02109	0.01603	0.01434	0.02109	0.02446	0.01181	0.03205	0.01856	0.04892	0.01518	0.01771	0.01181	0.01012	0.00675	0.00337	0.00843	0.00590	0.00675	0.01181
12	0.01321	0.01106	0.01149	0.01138	0.01492	0.00934	0.00854	0.01627	0.02561	0.03124	0.16463	0.10199	0.48907	0.02695	0.01288	0.00365	0.00548	0.02260	0.01036	0.00934
13	0.03342	0.02655	0.02820	0.02346	0.03076	0.03006	0.01878	0.25789	0.31888	0.05578	0.03637	0.03430	0.02680	0.01404	0.01101	0.00351	0.01011	0.01122	0.01101	0.01782
14	0.04073	0.05197	0.03090	0.02809	0.03371	0.57303	0.02107	0.04354	0.03090	0.02669	0.01685	0.01966	0.01404	0.01124	0.00983	0.00281	0.01966	0.00702	0.00562	0.01264
15	0.03380	0.02026	0.07447	0.02401	0.07800	0.01581	0.01835	0.03838	0.02679	0.30123	0.04351	0.20119	0.03788	0.01883	0.01175	0.00367	0.00944	0.01639	0.01086	0.01538
16	0.01368	0.00992	0.01301	0.01533	0.01640	0.00925	0.01071	0.01596	0.02162	0.02844	0.06401	0.51965	0.11014	0.03322	0.01395	0.00443	0.00663	0.07454	0.01011	0.00900
17	0.01744	0.01178	0.01456	0.01414	0.01542	0.01209	0.00950	0.02081	0.06776	0.02818	0.14104	0.06084	0.04755	0.27657	0.07706	0.14414	0.01035	0.01476	0.00776	0.00826
18	0.02396	0.02229	0.03729	0.05552	0.43127	0.02215	0.02832	0.02943	0.02396	0.03390	0.02924	0.15547	0.02936	0.01511	0.01148	0.00350	0.01149	0.01441	0.00644	0.01542
19	0.02541	0.01297	0.01699	0.01525	0.01924	0.01174	0.01168	0.02979	0.02868	0.19122	0.27396	0.14329	0.06860	0.02053	0.01194	0.00347	0.00653	0.01789	0.07834	0.01248
20	0.02917	0.03091	0.15113	0.11711	0.04062	0.02564	0.02478	0.17371	0.10728	0.08223	0.03550	0.03638	0.06969	0.01377	0.01100	0.00348	0.01205	0.01110	0.00859	0.01584
21	0.02274	0.01914	0.02356	0.06333	0.02902	0.01746	0.01530	0.06582	0.02498	0.03698	0.06460	0.07773	0.02770	0.01285	0.01144	0.00253	0.05173	0.01034	0.00732	0.41542
22	0.02678	0.02258	0.06234	0.01963	0.02724	0.01957	0.01659	0.11002	0.11329	0.08605	0.07351	0.10568	0.03407	0.01502	0.01055	0.00301	0.00903	0.01260	0.00930	0.22313

[dist]
# distance from previous block
# <min> <max>
3	22

[block]
# block no. 2 follows, 12 sequences, length 17
# corresponding to MSA columns:
# 162-178
name=unknown_C
#
# <colnr> <probs for GDERKNQSTAVLIFYWHMCP>
#	G	D	E	R	K	N	Q	S	T	A	V	L	I	F	Y	W	H	M	C	P
0	0.06849	0.09253	0.12186	0.19445	0.04483	0.02580	0.02465	0.07617	0.07565	0.09003	0.06053	0.03141	0.02377	0.01221	0.01029	0.00338	0.01213	0.00985	0.00741	0.01456
1	0.02849	0.01920	0.02309	0.01778	0.02634	0.01611	0.01437	0.03606	0.08019	0.14959	0.02976	0.03431	0.02343	0.01143	0.00949	0.00245	0.00853	0.03876	0.00873	0.42191
2	0.01515	0.01113	0.01419	0.01343	0.01612	0.01017	0.01007	0.02004	0.03021	0.04216	0.49576	0.08401	0.15113	0.02287	0.01286	0.00346	0.00519	0.02008	0.01180	0.01017
3	0.02084	0.01294	0.01785	0.01859	0.05496	0.01194	0.01273	0.02525	0.02838	0.11721	0.32891	0.18284	0.07895	0.02260	0.01265	0.00362	0.00656	0.02009	0.01137	0.01172
4	0.01699	0.01190	0.01410	0.01378	0.01572	0.01187	0.00956	0.02275	0.07328	0.03511	0.23833	0.12381	0.06601	0.20273	0.02523	0.00564	0.00725	0.01798	0.07828	0.00969
5	0.02171	0.02052	0.03472	0.49900	0.15795	0.02452	0.03084	0.02884	0.02233	0.02922	0.01958	0.02871	0.01501	0.01069	0.01088	0.00356	0.01426	0.00969	0.00494	0.01301
6	0.01499	0.01097	0.01408	0.01364	0.01611	0.01005	0.01010	0.01960	0.02933	0.04088	0.45659	0.13760	0.13743	0.02396	0.01297	0.00355	0.00530	0.02116	0.01165	0.01005
7	0.01850	0.01543	0.01559	0.01528	0.01645	0.07313	0.01020	0.01993	0.01798	0.02294	0.03096	0.05753	0.03329	0.39744	0.19860	0.01171	0.01690	0.01369	0.00628	0.00816
8	0.69383	0.02109	0.01603	0.01434	0.02109	0.02446	0.01181	0.03205	0.01856	0.04892	0.01518	0.01771	0.01181	0.01012	0.00675	0.00337	0.00843	0.00590	0.00675	0.01181
9	0.02650	0.22248	0.12831	0.02733	0.09623	0.06626	0.02283	0.07772	0.02692	0.03494	0.08029	0.08837	0.03054	0.01402	0.00999	0.00310	0.01191	0.01128	0.00679	0.01420
10	0.16568	0.03081	0.03309	0.03456	0.15800	0.14226	0.05202	0.12525	0.03044	0.09521	0.02211	0.02464	0.01669	0.01109	0.00996	0.00322	0.01328	0.00874	0.00755	0.01542
11	0.02712	0.02342	0.02465	0.02219	0.02835	0.02712	0.01726	0.05794	0.52909	0.04561	0.04438	0.04068	0.03328	0.01479	0.01109	0.00370	0.00863	0.01233	0.01109	0.01726
12	0.02828	0.33789	0.25279	0.02364	0.03556	0.03335	0.02694	0.03547	0.02342	0.08302	0.01973	0.02167	0.01524	0.01016	0.00873	0.00288	0.01318	0.00723	0.00554	0.01529
13	0.02069	0.01671	0.02749	0.22687	0.09286	0.01816	0.05145	0.02578	0.02224	0.06508	0.03484	0.20894	0.03483	0.02576	0.07365	0.00535	0.01335	0.01673	0.00726	0.01196
14	0.01474	0.01029	0.01203	0.01281	0.01341	0.00990	0.00787	0.01563	0.01838	0.02410	0.05059	0.24006	0.10495	0.37358	0.03808	0.00793	0.00872	0.02128	0.00807	0.00758
15	0.01348	0.01080	0.01205	0.01230	0.01524	0.00937	0.00901	0.01659	0.02542	0.03214	0.19155	0.18597	0.37249	0.02762	0.01306	0.00376	0.00558	0.02369	0.01051	0.00937
16	0.03054	0.37255	0.09897	0.02197	0.03114	0.09269	0.02112	0.08420	0.09074	0.03343	0.02059	0.02209	0.01689	0.01069	0.00853	0.00276	0.01258	0.00740	0.00619	0.01493

[dist]
# distance from previous block
# <min> <max>
0	3

[block]
# block no. 3 follows, 12 sequences, length 35
# corresponding to MSA columns:
# 182-216
name=unknown_D
#
# <colnr> <probs for GDERKNQSTAVLIFYWHMCP>
#	G	D	E	R	K	N	Q	S	T	A	V	L	I	F	Y	W	H	M	C	P
0	0.02059	0.01938	0.03270	0.59060	0.07510	0.02422	0.03028	0.02786	0.02180	0.02786	0.01938	0.02907	0.01453	0.01090	0.01090	0.00363	0.01453	0.00969	0.00484	0.01211
1	0.02875	0.09196	0.19058	0.03308	0.11209	0.02764	0.07151	0.08199	0.13051	0.08364	0.02717	0.02875	0.02011	0.01147	0.01058	0.00336	0.01296	0.00980	0.00744	0.01660
2	0.02808	0.08572	0.03119	0.07017	0.03146	0.02344	0.05392	0.03526	0.07368	0.14840	0.14923	0.04208	0.03992	0.01572	0.01566	0.00360	0.11714	0.01237	0.00903	0.01394
3	0.02243	0.05250	0.48859	0.03323	0.04861	0.02565	0.10809	0.03459	0.02341	0.03459	0.01993	0.02394	0.01421	0.01019	0.01072	0.00349	0.01644	0.00875	0.00474	0.01591
4	0.12117	0.02193	0.02540	0.07434	0.09759	0.06839	0.01927	0.08055	0.02630	0.03814	0.07948	0.13204	0.03701	0.01825	0.01362	0.00378	0.06641	0.05580	0.00793	0.01260
5	0.08564	0.03653	0.26005	0.07750	0.07805	0.02452	0.02974	0.03606	0.02336	0.13213	0.02295	0.02612	0.01649	0.01208	0.01361	0.00361	0.09074	0.00887	0.00656	0.01539
6	0.02463	0.01635	0.01904	0.01759	0.02246	0.01650	0.01383	0.03686	0.18480	0.13111	0.10448	0.11045	0.16434	0.02135	0.01229	0.00381	0.00770	0.06762	0.01119	0.01358
7	0.02159	0.01399	0.01787	0.01809	0.02124	0.01390	0.01411	0.06056	0.06332	0.09294	0.09521	0.28474	0.06053	0.02684	0.01339	0.00425	0.00814	0.14683	0.01076	0.01168
8	0.01929	0.02492	0.12883	0.07453	0.03603	0.02024	0.11064	0.02512	0.02193	0.03027	0.03918	0.22278	0.07247	0.02051	0.01589	0.00404	0.09639	0.01789	0.00703	0.01203
9	0.02867	0.02291	0.07706	0.09748	0.03497	0.05773	0.06038	0.03412	0.02676	0.18284	0.10939	0.14396	0.04148	0.01738	0.01179	0.00360	0.01102	0.01532	0.00942	0.01374
10	0.01673	0.01073	0.01395	0.01488	0.01684	0.00978	0.01049	0.01952	0.02402	0.07672	0.15406	0.41292	0.11895	0.02952	0.01336	0.00408	0.00628	0.02639	0.01077	0.01000
11	0.03667	0.04269	0.03375	0.02892	0.03489	0.37257	0.06546	0.08784	0.07859	0.03325	0.02063	0.02354	0.01656	0.01225	0.01258	0.00319	0.06772	0.00855	0.00657	0.01378
12	0.03059	0.03154	0.16206	0.03539	0.09866	0.02275	0.17880	0.03862	0.02612	0.16740	0.02640	0.02901	0.01862	0.01051	0.01114	0.00331	0.01401	0.01035	0.00741	0.07732
13	0.03241	0.02197	0.02849	0.02380	0.02779	0.02584	0.01943	0.12957	0.02791	0.17017	0.03000	0.10426	0.02595	0.01842	0.02159	0.00407	0.25208	0.01276	0.00893	0.01455
14	0.62190	0.02449	0.01766	0.01585	0.02248	0.08488	0.01283	0.03332	0.01992	0.04647	0.01537	0.01793	0.01205	0.01024	0.00709	0.00331	0.00967	0.00603	0.00662	0.01190
15	0.01586	0.01057	0.01189	0.01189	0.01189	0.01057	0.00661	0.01586	0.01586	0.02114	0.03436	0.07135	0.03964	0.61681	0.05550	0.01057	0.01057	0.01586	0.00661	0.00661
16	0.69383	0.02109	0.01603	0.01434	0.02109	0.02446	0.01181	0.03205	0.01856	0.04892	0.01518	0.01771	0.01181	0.01012	0.00675	0.00337	0.00843	0.00590	0.00675	0.01181
17	0.04214	0.01917	0.02476	0.01909	0.02753	0.01683	0.01559	0.04903	0.07769	0.41448	0.03894	0.03488	0.02567	0.01266	0.01046	0.00309	0.00900	0.01030	0.01201	0.13666
18	0.02444	0.02693	0.09051	0.08636	0.25842	0.02385	0.10512	0.03360	0.06714	0.03510	0.02550	0.07177	0.02202	0.01191	0.01112	0.00335	0.01296	0.01161	0.00623	0.07206
19	0.01568	0.01081	0.01299	0.01273	0.01533	0.00995	0.00944	0.02012	0.02750	0.03929	0.33355	0.12393	0.16430	0.02252	0.01201	0.00340	0.00530	0.01955	0.13164	0.00995
20	0.01425	0.01070	0.01500	0.07845	0.02238	0.01066	0.01235	0.01698	0.02173	0.02903	0.09194	0.50601	0.06809	0.03071	0.01351	0.00427	0.00714	0.02780	0.00968	0.00932
21	0.41985	0.02103	0.02059	0.01696	0.02445	0.02239	0.01399	0.07982	0.02561	0.22277	0.02556	0.02501	0.01753	0.01152	0.00853	0.00337	0.00902	0.00795	0.00939	0.01467
22	0.02231	0.01845	0.02050	0.01910	0.02362	0.02041	0.01454	0.04276	0.33485	0.04278	0.17349	0.12645	0.05616	0.01927	0.01192	0.00373	0.00744	0.01668	0.01120	0.01437
23	0.01586	0.01057	0.01189	0.01189	0.01189	0.01057	0.00661	0.01586	0.01586	0.02114	0.03436	0.07135	0.03964	0.61681	0.05550	0.01057	0.01057	0.01586	0.00661	0.00661
24	0.18690	0.07246	0.02928	0.02107	0.02870	0.02387	0.06927	0.07260	0.10400	0.12498	0.07626	0.03271	0.02777	0.01239	0.00978	0.00321	0.00988	0.01010	0.00894	0.07585
25	0.03956	0.04730	0.03050	0.02726	0.03323	0.47121	0.02069	0.09007	0.07833	0.03247	0.02027	0.02221	0.01623	0.01174	0.01005	0.00293	0.01792	0.00778	0.00663	0.01363
26	0.69383	0.02109	0.01603	0.01434	0.02109	0.02446	0.01181	0.03205	0.01856	0.04892	0.01518	0.01771	0.01181	0.01012	0.00675	0.00337	0.00843	0.00590	0.00675	0.01181
27	0.01935	0.01686	0.02777	0.44391	0.05982	0.02038	0.02507	0.02452	0.02083	0.02687	0.02522	0.11348	0.02335	0.01724	0.01483	0.07855	0.01279	0.01275	0.00560	0.01083
28	0.01758	0.01166	0.01426	0.01353	0.01683	0.01034	0.01016	0.02155	0.02797	0.08634	0.30764	0.13583	0.23682	0.02434	0.01279	0.00360	0.00578	0.02105	0.01135	0.01058
29	0.02187	0.05640	0.56031	0.03108	0.04719	0.02532	0.04029	0.03453	0.02302	0.03453	0.01957	0.02302	0.01381	0.01036	0.01036	0.00345	0.01611	0.00806	0.00460	0.01611
30	0.08533	0.10434	0.28115	0.02981	0.07672	0.02564	0.06562	0.03763	0.02445	0.13488	0.02346	0.02543	0.01665	0.01069	0.01002	0.00331	0.01360	0.00867	0.00662	0.01596
31	0.01865	0.01136	0.01357	0.01307	0.01397	0.01133	0.00808	0.01938	0.01733	0.06722	0.03460	0.06572	0.03738	0.51437	0.10102	0.01062	0.01223	0.01504	0.00712	0.00792
32	0.01318	0.00989	0.01224	0.01413	0.01554	0.00895	0.00965	0.01530	0.02189	0.02825	0.07292	0.48111	0.19242	0.03249	0.01365	0.00424	0.00612	0.02896	0.01012	0.00895
33	0.02425	0.08399	0.19882	0.02830	0.07418	0.02430	0.06710	0.03608	0.10446	0.03596	0.02341	0.02612	0.01811	0.01019	0.00980	0.00288	0.01223	0.00864	0.00631	0.20488
34	0.03350	0.02320	0.02912	0.07232	0.03434	0.07289	0.06587	0.12393	0.03154	0.18318	0.03747	0.09896	0.03237	0.01730	0.01199	0.00373	0.01195	0.09175	0.00986	0.01473

[dist]
# distance from previous block
# <min> <max>
0	1

[block]
# block no. 4 follows, 12 sequences, length 13
# corresponding to MSA columns:
# 218-230
name=unknown_E
#
# <colnr> <probs for GDERKNQSTAVLIFYWHMCP>
#	G	D	E	R	K	N	Q	S	T	A	V	L	I	F	Y	W	H	M	C	P
0	0.02551	0.07964	0.08417	0.25399	0.16879	0.02832	0.02921	0.08241	0.02533	0.03430	0.01953	0.02621	0.01547	0.01147	0.01288	0.00348	0.07000	0.00921	0.00558	0.01450
1	0.03053	0.02322	0.02490	0.02035	0.02739	0.02485	0.01627	0.21320	0.19489	0.05166	0.03249	0.03264	0.02443	0.01280	0.01000	0.00304	0.00919	0.01016	0.11961	0.11839
2	0.01380	0.01003	0.01310	0.01510	0.01633	0.00933	0.01060	0.01633	0.02247	0.02979	0.10700	0.47681	0.11614	0.03219	0.01383	0.00432	0.00647	0.06697	0.01028	0.00911
3	0.03003	0.02767	0.11424	0.02433	0.03272	0.02367	0.05873	0.08755	0.22349	0.13541	0.09069	0.03944	0.03393	0.01407	0.01127	0.00353	0.01064	0.01201	0.01012	0.01646
4	0.02261	0.01938	0.02261	0.01615	0.02584	0.01453	0.01292	0.02745	0.02261	0.03553	0.01938	0.02261	0.01615	0.00807	0.00807	0.00161	0.00807	0.00646	0.00646	0.68346
5	0.02982	0.09211	0.24228	0.06286	0.03798	0.02354	0.02669	0.07375	0.02686	0.16501	0.02986	0.09009	0.02383	0.01386	0.01065	0.00343	0.01250	0.01129	0.00793	0.01565
6	0.02396	0.15832	0.37380	0.03148	0.04538	0.02910	0.12285	0.03425	0.02336	0.03293	0.01920	0.02316	0.01435	0.00995	0.01019	0.00328	0.01569	0.00853	0.00478	0.01545
7	0.01912	0.01208	0.01663	0.01833	0.02077	0.01162	0.01486	0.02299	0.02424	0.08155	0.05712	0.28197	0.06252	0.02990	0.01427	0.00466	0.00869	0.27783	0.01040	0.01046
8	0.14465	0.02155	0.02766	0.02818	0.12924	0.02110	0.01887	0.06998	0.06835	0.25918	0.03124	0.03042	0.02173	0.01183	0.01001	0.00322	0.00986	0.00956	0.00988	0.07349
9	0.03203	0.21778	0.12327	0.02868	0.08887	0.08067	0.02445	0.11850	0.02865	0.07719	0.02059	0.02316	0.01616	0.01152	0.01165	0.00310	0.06348	0.00812	0.00660	0.01553
10	0.14370	0.06619	0.02448	0.01725	0.02531	0.02116	0.01409	0.07415	0.07986	0.04188	0.06672	0.02869	0.02475	0.01093	0.00875	0.00251	0.00856	0.00839	0.00775	0.32489
11	0.24951	0.02537	0.12152	0.15669	0.03863	0.02150	0.02152	0.03063	0.02182	0.07883	0.02960	0.07992	0.05550	0.01389	0.00980	0.00356	0.01102	0.01095	0.00695	0.01279
12	0.07573	0.01258	0.01476	0.01415	0.01731	0.01214	0.01067	0.02200	0.02325	0.07841	0.13916	0.07377	0.18942	0.10888	0.06864	0.05730	0.00942	0.05336	0.00919	0.00986

[dist]
# distance from previous block
# <min> <max>
0	1

[block]
# block no. 5 follows, 12 sequences, length 16
# corresponding to MSA columns:
# 232-247
name=unknown_F
#
# <colnr> <probs for GDERKNQSTAVLIFYWHMCP>
#	G	D	E	R	K	N	Q	S	T	A	V	L	I	F	Y	W	H	M	C	P
0	0.02496	0.01294	0.01704	0.01569	0.01960	0.01155	0.01185	0.02866	0.02753	0.19654	0.21052	0.22538	0.10642	0.02350	0.01259	0.00373	0.00680	0.02060	0.01176	0.01234
1	0.02957	0.01886	0.02478	0.12499	0.03506	0.01776	0.01729	0.03751	0.08018	0.18399	0.07466	0.03504	0.02837	0.01211	0.01017	0.00288	0.00943	0.01014	0.00914	0.23807
2	0.02853	0.02000	0.02926	0.23022	0.08480	0.02296	0.02308	0.03671	0.07813	0.14854	0.02807	0.03219	0.02066	0.01314	0.01423	0.00362	0.09575	0.01028	0.06552	0.01431
3	0.01364	0.01108	0.01209	0.01183	0.01519	0.00952	0.00888	0.01710	0.02663	0.03366	0.23799	0.09801	0.41421	0.02604	0.01288	0.00361	0.00541	0.02204	0.01068	0.00952
4	0.04892	0.01856	0.02530	0.01940	0.02783	0.01603	0.01603	0.05314	0.03121	0.55634	0.04302	0.03711	0.02699	0.01350	0.01096	0.00337	0.00928	0.01096	0.01350	0.01856
5	0.14516	0.01783	0.02367	0.16584	0.03628	0.01969	0.01833	0.03267	0.02423	0.16715	0.09466	0.09293	0.03411	0.01588	0.01288	0.00367	0.06039	0.01272	0.00879	0.01312
6	0.02564	0.02364	0.08078	0.16042	0.08826	0.02140	0.11381	0.03446	0.06454	0.10328	0.03631	0.03957	0.07644	0.01304	0.01117	0.00347	0.01231	0.01199	0.06530	0.01418
7	0.01453	0.01059	0.01391	0.01586	0.01747	0.00996	0.01184	0.01761	0.02327	0.03065	0.10799	0.38391	0.12334	0.03136	0.01400	0.00441	0.00708	0.14263	0.01027	0.00932
8	0.02841	0.02141	0.03406	0.26869	0.15052	0.02320	0.05691	0.07506	0.02676	0.11760	0.02536	0.03061	0.01856	0.01130	0.01076	0.00340	0.01268	0.01015	0.05986	0.01470
9	0.02442	0.02436	0.08216	0.36997	0.13769	0.02419	0.07240	0.03195	0.02347	0.07342	0.02173	0.02892	0.01607	0.01074	0.01102	0.00354	0.01434	0.00994	0.00567	0.01398
10	0.01520	0.01029	0.01209	0.01273	0.01289	0.01013	0.00750	0.01568	0.01714	0.02285	0.04093	0.20885	0.04793	0.46800	0.04488	0.00900	0.00949	0.01972	0.00750	0.00718
11	0.02385	0.02385	0.03340	0.02863	0.02863	0.03340	0.02385	0.02624	0.01670	0.02624	0.01431	0.02385	0.01431	0.01908	0.03578	0.00477	0.59685	0.00954	0.00477	0.01193
12	0.08204	0.07946	0.09152	0.13148	0.13689	0.07572	0.02575	0.12891	0.07324	0.04094	0.02223	0.02583	0.01709	0.01123	0.01010	0.00328	0.01312	0.00893	0.00685	0.01539
13	0.01919	0.02129	0.12050	0.02010	0.02609	0.01439	0.05899	0.02442	0.02441	0.07778	0.10236	0.23667	0.16360	0.02318	0.01257	0.00383	0.00917	0.02055	0.00916	0.01178
14	0.02453	0.12335	0.03344	0.02993	0.16005	0.02301	0.01930	0.03188	0.06842	0.03557	0.07312	0.03029	0.02619	0.01071	0.00933	0.00252	0.00970	0.00902	0.00684	0.27279
15	0.02227	0.01452	0.01829	0.01779	0.02113	0.01500	0.01428	0.02827	0.06775	0.10755	0.05780	0.15852	0.13311	0.02395	0.01497	0.00410	0.06624	0.13307	0.06964	0.01175

[dist]
# distance from previous block
# <min> <max>
0	36

[block]
# block no. 6 follows, 12 sequences, length 25
# corresponding to MSA columns:
# 284-308
name=unknown_G
#
# <colnr> <probs for GDERKNQSTAVLIFYWHMCP>
#	G	D	E	R	K	N	Q	S	T	A	V	L	I	F	Y	W	H	M	C	P
0	0.10457	0.03011	0.10569	0.07396	0.03505	0.07947	0.02142	0.15411	0.03194	0.16115	0.02708	0.02813	0.01903	0.01204	0.01001	0.00326	0.01204	0.00914	0.06621	0.01558
1	0.12441	0.02176	0.02794	0.10713	0.03562	0.02362	0.05996	0.07790	0.12409	0.04150	0.07736	0.03335	0.02755	0.01285	0.01190	0.00331	0.04962	0.01041	0.00794	0.12178
2	0.09447	0.07455	0.03047	0.08619	0.10946	0.06776	0.02009	0.04137	0.07253	0.20798	0.06379	0.03319	0.02635	0.01252	0.01026	0.00328	0.01102	0.01013	0.00905	0.01553
3	0.09838	0.07842	0.03011	0.11916	0.03659	0.11731	0.01975	0.07943	0.06627	0.07894	0.02232	0.02531	0.01722	0.01164	0.01139	0.00309	0.05523	0.00836	0.00714	0.11394
4	0.03253	0.02886	0.12368	0.02338	0.03211	0.02465	0.02146	0.08839	0.27886	0.16818	0.03806	0.03544	0.02704	0.01353	0.01091	0.00354	0.01042	0.01102	0.01047	0.01746
5	0.07478	0.01703	0.02119	0.01764	0.02351	0.01560	0.05070	0.02672	0.07480	0.03405	0.04345	0.13444	0.10800	0.07794	0.01512	0.00380	0.00857	0.01484	0.00803	0.22980
6	0.01731	0.01016	0.01359	0.01359	0.01379	0.01036	0.00871	0.01544	0.01524	0.02052	0.02642	0.05005	0.02842	0.28326	0.10343	0.33370	0.01199	0.01236	0.00563	0.00604
7	0.13275	0.27527	0.09475	0.02771	0.11874	0.03123	0.02195	0.03612	0.02358	0.11546	0.02092	0.02282	0.01625	0.01028	0.00858	0.00293	0.01147	0.00755	0.00649	0.01516
8	0.02597	0.02363	0.02745	0.21196	0.04358	0.06806	0.02147	0.08013	0.22899	0.03988	0.08444	0.03821	0.03156	0.01385	0.01110	0.00354	0.01139	0.01159	0.00865	0.01455
9	0.01344	0.01052	0.01225	0.01350	0.01582	0.00933	0.00981	0.01602	0.02322	0.02904	0.08523	0.31592	0.30884	0.03054	0.01349	0.00410	0.00623	0.06344	0.01012	0.00913
10	0.02308	0.07107	0.08743	0.13551	0.03993	0.02404	0.09442	0.06794	0.02281	0.03088	0.02245	0.03443	0.02000	0.10871	0.06006	0.06108	0.06770	0.01073	0.00574	0.01201
11	0.06964	0.02817	0.16464	0.02863	0.11608	0.02016	0.02330	0.07384	0.02669	0.08041	0.08247	0.12005	0.03468	0.01570	0.01085	0.00346	0.01067	0.01338	0.06292	0.01426
12	0.01894	0.00947	0.01420	0.01420	0.01420	0.00947	0.00947	0.01420	0.01420	0.01894	0.01894	0.03314	0.01894	0.03788	0.04261	0.68277	0.00947	0.00947	0.00473	0.00473
13	0.01387	0.01001	0.01290	0.01457	0.01551	0.00963	0.00979	0.01576	0.02012	0.02671	0.05742	0.42807	0.10321	0.12578	0.07695	0.00662	0.00922	0.02608	0.00916	0.00864
14	0.03146	0.35008	0.09278	0.08104	0.03571	0.08185	0.02203	0.08370	0.02665	0.07469	0.01955	0.02188	0.01557	0.01047	0.00867	0.00279	0.01289	0.00736	0.00612	0.01471
15	0.02102	0.01964	0.01884	0.02009	0.02303	0.12095	0.01629	0.02493	0.02557	0.03046	0.05491	0.17417	0.09840	0.02682	0.01367	0.00438	0.01095	0.27639	0.00920	0.01029
16	0.04694	0.01900	0.02524	0.01965	0.02788	0.01703	0.01614	0.05357	0.07643	0.50995	0.04314	0.03744	0.02756	0.01361	0.01098	0.00340	0.00922	0.01109	0.01328	0.01844
17	0.02181	0.03128	0.20294	0.03307	0.13018	0.02129	0.06478	0.06049	0.02459	0.03454	0.03417	0.09449	0.07094	0.02502	0.09570	0.00565	0.01544	0.01309	0.00649	0.01406
18	0.29858	0.02947	0.12281	0.02432	0.06473	0.02608	0.02130	0.11911	0.02676	0.10035	0.02113	0.02324	0.01548	0.01161	0.01080	0.00346	0.05032	0.00802	0.00757	0.01486
19	0.01552	0.01029	0.01312	0.01348	0.01458	0.00978	0.00903	0.01655	0.02119	0.02860	0.17140	0.19198	0.10018	0.17335	0.02929	0.13784	0.00761	0.01962	0.00869	0.00789
20	0.03266	0.08726	0.03266	0.07257	0.08029	0.02880	0.02058	0.20612	0.15108	0.08812	0.06413	0.03348	0.02734	0.01325	0.01067	0.00332	0.01081	0.01071	0.00958	0.01658
21	0.01855	0.01495	0.01618	0.01763	0.05364	0.05493	0.01026	0.01956	0.01780	0.02297	0.03158	0.06181	0.03503	0.48218	0.09108	0.01001	0.01296	0.01439	0.00638	0.00811
22	0.02917	0.12013	0.16279	0.08590	0.08486	0.02503	0.02515	0.06727	0.02609	0.12054	0.02322	0.02563	0.01713	0.01049	0.00967	0.00293	0.01215	0.00835	0.00692	0.13658
23	0.02580	0.26163	0.09353	0.02212	0.02973	0.03242	0.02091	0.03269	0.06692	0.03029	0.01882	0.02257	0.01619	0.01199	0.01465	0.00301	0.14842	0.00763	0.00559	0.13509
24	0.02991	0.18981	0.19725	0.02292	0.03371	0.02753	0.02407	0.04057	0.10022	0.13584	0.02669	0.02693	0.01955	0.01117	0.00951	0.00302	0.01180	0.00854	0.00749	0.07347

[dist]
# distance from previous block
# <min> <max>
0	13

[block]
# block no. 7 follows, 12 sequences, length 12
# corresponding to MSA columns:
# 322-333
name=unknown_H
#
# <colnr> <probs for GDERKNQSTAVLIFYWHMCP>
#	G	D	E	R	K	N	Q	S	T	A	V	L	I	F	Y	W	H	M	C	P
0	0.03485	0.08382	0.12160	0.14262	0.08316	0.02269	0.02472	0.04124	0.02651	0.26641	0.02970	0.03037	0.02017	0.01173	0.01045	0.00333	0.01204	0.00962	0.00871	0.01628
1	0.02796	0.02814	0.04028	0.05795	0.43785	0.09530	0.03052	0.03384	0.02563	0.03422	0.02319	0.03417	0.02071	0.01164	0.01103	0.00333	0.01357	0.04879	0.00582	0.01606
2	0.02504	0.10709	0.11161	0.12826	0.09497	0.02867	0.28007	0.03336	0.02428	0.03263	0.02035	0.02692	0.01566	0.00965	0.01136	0.00344	0.01622	0.01067	0.00519	0.01457
3	0.03895	0.02225	0.03265	0.08106	0.19523	0.02174	0.02315	0.09570	0.03067	0.29690	0.03221	0.03209	0.02201	0.01206	0.01090	0.00334	0.01115	0.01034	0.00998	0.01763
4	0.02769	0.01722	0.04875	0.02215	0.07278	0.01434	0.01642	0.03221	0.02709	0.20958	0.12207	0.15419	0.10435	0.02087	0.01229	0.00374	0.00856	0.06128	0.01078	0.01365
5	0.01680	0.01331	0.01867	0.13811	0.02832	0.01508	0.01449	0.01932	0.01867	0.02509	0.03616	0.20246	0.04019	0.24453	0.06859	0.00743	0.05893	0.01785	0.00698	0.00904
6	0.03197	0.22109	0.14490	0.02137	0.03094	0.02761	0.02157	0.08222	0.02848	0.16583	0.09208	0.03258	0.02908	0.01260	0.00980	0.00305	0.01118	0.00973	0.00839	0.01552
7	0.08890	0.02481	0.02876	0.02787	0.10661	0.07414	0.01945	0.09896	0.07936	0.28807	0.03340	0.03166	0.02287	0.01255	0.01053	0.00332	0.01099	0.01004	0.01053	0.01718
8	0.01476	0.01064	0.01354	0.01453	0.01613	0.01001	0.01043	0.01775	0.02378	0.03195	0.19240	0.27545	0.11942	0.11584	0.01982	0.00507	0.00703	0.08221	0.01010	0.00910
9	0.08426	0.27629	0.04150	0.10103	0.12816	0.08399	0.02155	0.03254	0.02320	0.03115	0.01864	0.02298	0.01571	0.01015	0.00850	0.00282	0.01219	0.00754	0.06410	0.01370
10	0.01393	0.01014	0.01237	0.01362	0.01485	0.00940	0.00907	0.01588	0.02144	0.02814	0.10638	0.35961	0.15469	0.15227	0.02222	0.00547	0.00695	0.02542	0.00956	0.00858
11	0.08392	0.18785	0.10142	0.05904	0.03212	0.07021	0.01989	0.03521	0.02468	0.13081	0.03088	0.03168	0.06694	0.01221	0.00932	0.00295	0.01147	0.00915	0.00727	0.07299

[dist]
# distance from previous block
# <min> <max>
0	2

[block]
# block no. 8 follows, 12 sequences, length 13
# corresponding to MSA columns:
# 336-348
name=unknown_I
#
# <colnr> <probs for GDERKNQSTAVLIFYWHMCP>
#	G	D	E	R	K	N	Q	S	T	A	V	L	I	F	Y	W	H	M	C	P
0	0.03772	0.13465	0.12397	0.02458	0.03474	0.02552	0.07237	0.09480	0.02988	0.26846	0.03018	0.02931	0.02050	0.01175	0.01035	0.00322	0.01207	0.00965	0.00935	0.01694
1	0.01635	0.01245	0.01792	0.12590	0.02895	0.01299	0.01600	0.01982	0.02223	0.02880	0.05351	0.25999	0.10041	0.02813	0.01569	0.05395	0.00917	0.15945	0.00870	0.00957
2	0.02641	0.08087	0.04010	0.26843	0.15265	0.02667	0.08019	0.03266	0.02341	0.08408	0.02150	0.02797	0.01650	0.01126	0.01274	0.00350	0.06112	0.00979	0.00589	0.01424
3	0.02295	0.08055	0.08373	0.16703	0.03948	0.02294	0.02239	0.03178	0.08396	0.06496	0.07854	0.09102	0.03545	0.01700	0.01333	0.00377	0.05720	0.06314	0.00773	0.01305
4	0.02066	0.04131	0.35984	0.07665	0.09569	0.02216	0.03302	0.03020	0.02270	0.03283	0.02738	0.13577	0.02535	0.01487	0.01113	0.00363	0.01379	0.01273	0.00576	0.01453
5	0.01434	0.01064	0.01267	0.01296	0.01492	0.00973	0.00900	0.01712	0.02413	0.03197	0.21991	0.20343	0.20518	0.13974	0.02123	0.00508	0.00655	0.02239	0.01004	0.00897
6	0.09575	0.08703	0.17890	0.03087	0.09084	0.02517	0.09430	0.03985	0.05552	0.15866	0.02620	0.02770	0.01865	0.01101	0.01029	0.00335	0.01289	0.00944	0.00751	0.01606
7	0.02459	0.02067	0.07616	0.13925	0.07520	0.01790	0.05979	0.03077	0.02650	0.12976	0.16922	0.10359	0.04680	0.01656	0.01185	0.00357	0.01055	0.01492	0.00896	0.01341
8	0.01661	0.01285	0.01542	0.01541	0.01816	0.01278	0.01128	0.02515	0.11751	0.03760	0.25614	0.23971	0.12907	0.02518	0.01287	0.00381	0.00618	0.02222	0.01105	0.01099
9	0.02174	0.03866	0.30101	0.26581	0.09824	0.02491	0.03560	0.03168	0.02266	0.03185	0.01956	0.02584	0.01438	0.01053	0.01062	0.00351	0.01521	0.00886	0.00477	0.01455
10	0.03143	0.03222	0.20270	0.12975	0.13454	0.02219	0.02940	0.03930	0.02582	0.20473	0.02739	0.02938	0.01887	0.01137	0.01073	0.00342	0.01304	0.00959	0.00770	0.01643
11	0.03164	0.02151	0.07579	0.13402	0.09058	0.01854	0.02267	0.03764	0.02698	0.23772	0.06616	0.05000	0.03280	0.01558	0.01167	0.00369	0.01116	0.08722	0.00954	0.01508
12	0.02705	0.01359	0.01489	0.01317	0.01728	0.01352	0.01031	0.07984	0.02711	0.12563	0.03579	0.03860	0.02683	0.01287	0.00849	0.00275	0.00646	0.01025	0.50322	0.01236

[dist]
# distance from previous block
# <min> <max>
0	16

[block]
# block no. 9 follows, 12 sequences, length 20
# corresponding to MSA columns:
# 365-384
name=unknown_J
#
# <colnr> <probs for GDERKNQSTAVLIFYWHMCP>
#	G	D	E	R	K	N	Q	S	T	A	V	L	I	F	Y	W	H	M	C	P
0	0.08832	0.14953	0.10383	0.01965	0.02841	0.02377	0.01874	0.04026	0.06876	0.22177	0.04015	0.03820	0.08616	0.01378	0.00995	0.00323	0.01013	0.01069	0.00923	0.01543
1	0.03531	0.02168	0.03293	0.11554	0.12003	0.02159	0.06516	0.09901	0.03076	0.24305	0.07451	0.03602	0.02805	0.01282	0.01125	0.00341	0.01145	0.01135	0.00974	0.01633
2	0.02273	0.08999	0.02251	0.01642	0.02090	0.01747	0.01305	0.03113	0.10376	0.10201	0.29903	0.10928	0.06947	0.01955	0.01173	0.00342	0.00708	0.01683	0.01096	0.01266
3	0.17709	0.03280	0.02729	0.02356	0.02977	0.24946	0.06073	0.03847	0.02673	0.09977	0.02472	0.03141	0.02004	0.01256	0.00977	0.00321	0.01392	0.04132	0.06438	0.01299
4	0.04145	0.03054	0.03272	0.02509	0.03381	0.03381	0.02072	0.51243	0.05127	0.06872	0.02618	0.02618	0.01854	0.01309	0.01091	0.00327	0.01200	0.00982	0.01091	0.01854
5	0.02626	0.02060	0.02808	0.08913	0.03463	0.01905	0.05215	0.03320	0.05751	0.09943	0.02383	0.02699	0.01835	0.01043	0.01134	0.00260	0.05274	0.00849	0.00726	0.37792
6	0.02104	0.02237	0.08768	0.10912	0.07718	0.02009	0.02020	0.03372	0.16182	0.03622	0.12612	0.05114	0.07598	0.09044	0.01692	0.00443	0.01020	0.01368	0.00841	0.01323
7	0.01946	0.01204	0.01587	0.01440	0.01768	0.01098	0.01098	0.02449	0.03091	0.10540	0.48288	0.07611	0.09375	0.02123	0.01263	0.00342	0.00564	0.01867	0.01218	0.01128
8	0.01606	0.01137	0.01451	0.01455	0.01626	0.01083	0.00985	0.01745	0.01848	0.02560	0.03905	0.23937	0.04403	0.21512	0.10944	0.06853	0.01143	0.01862	0.00750	0.09196
9	0.02710	0.01460	0.01635	0.01456	0.01873	0.01467	0.01129	0.10642	0.02842	0.12045	0.03823	0.10868	0.03180	0.01556	0.00943	0.00302	0.00697	0.01282	0.38832	0.01260
10	0.02385	0.02385	0.03340	0.02863	0.02863	0.03340	0.02385	0.02624	0.01670	0.02624	0.01431	0.02385	0.01431	0.01908	0.03578	0.00477	0.59685	0.00954	0.00477	0.01193
11	0.03907	0.04580	0.02934	0.02619	0.03192	0.45986	0.01987	0.09840	0.03266	0.03294	0.01958	0.02225	0.01578	0.01158	0.00977	0.00284	0.01749	0.00763	0.06388	0.01314
12	0.02915	0.62337	0.05714	0.01866	0.02799	0.04314	0.01866	0.03265	0.02215	0.02565	0.01516	0.01749	0.01399	0.00933	0.00700	0.00233	0.01166	0.00583	0.00466	0.01399
13	0.01764	0.01094	0.01389	0.01484	0.01708	0.00982	0.01047	0.02001	0.02299	0.09400	0.06851	0.43277	0.16530	0.03022	0.01333	0.00414	0.00653	0.02683	0.01054	0.01014
14	0.01550	0.01249	0.01699	0.01799	0.01850	0.01399	0.01299	0.01750	0.02000	0.02750	0.05052	0.48712	0.06002	0.03101	0.01849	0.00450	0.12987	0.02651	0.00900	0.00950
15	0.04082	0.02159	0.02572	0.01990	0.02783	0.02109	0.01631	0.19990	0.03614	0.28936	0.03457	0.03271	0.02340	0.01281	0.01030	0.00309	0.00957	0.01011	0.09192	0.07284
16	0.69383	0.02109	0.01603	0.01434	0.02109	0.02446	0.01181	0.03205	0.01856	0.04892	0.01518	0.01771	0.01181	0.01012	0.00675	0.00337	0.00843	0.00590	0.00675	0.01181
17	0.04073	0.05197	0.03090	0.02809	0.03371	0.57303	0.02107	0.04354	0.03090	0.02669	0.01685	0.01966	0.01404	0.01124	0.00983	0.00281	0.01966	0.00702	0.00562	0.01264
18	0.01523	0.01098	0.01282	0.01282	0.01447	0.01036	0.00877	0.01750	0.02223	0.02936	0.17497	0.08557	0.16954	0.29410	0.03241	0.00686	0.00810	0.05660	0.00897	0.00835
19	0.01429	0.01021	0.01381	0.01633	0.01741	0.00972	0.01187	0.01692	0.02187	0.02896	0.05954	0.49537	0.06992	0.03321	0.01419	0.00457	0.00720	0.13538	0.01010	0.00913

[dist]
# distance from previous block
# <min> <max>
0	84

[block]
# block no. 10 follows, 12 sequences, length 53
# corresponding to MSA columns:
# 469-521
name=unknown_K
#
# <colnr> <probs for GDERKNQSTAVLIFYWHMCP>
#	G	D	E	R	K	N	Q	S	T	A	V	L	I	F	Y	W	H	M	C	P
0	0.01566	0.01120	0.01534	0.01759	0.01934	0.01087	0.01397	0.01943	0.02385	0.03157	0.09749	0.31694	0.06975	0.03113	0.01442	0.00465	0.00814	0.25884	0.01023	0.00958
1	0.02595	0.02438	0.03726	0.08728	0.04131	0.02597	0.17051	0.08046	0.23990	0.04095	0.03906	0.04030	0.06847	0.01361	0.01176	0.00365	0.01226	0.01293	0.00863	0.01536
2	0.01609	0.01150	0.01348	0.01413	0.01499	0.01166	0.00896	0.01994	0.07042	0.02606	0.04462	0.26127	0.05063	0.34595	0.03602	0.00766	0.00885	0.02092	0.00833	0.00851
3	0.01289	0.01105	0.01105	0.01105	0.01473	0.00920	0.00828	0.01565	0.02485	0.02946	0.11046	0.10493	0.54437	0.02761	0.01289	0.00368	0.00552	0.02301	0.01013	0.00920
4	0.02915	0.62337	0.05714	0.01866	0.02799	0.04314	0.01866	0.03265	0.02215	0.02565	0.01516	0.01749	0.01399	0.00933	0.00700	0.00233	0.01166	0.00583	0.00466	0.01399
5	0.01581	0.01076	0.01287	0.01287	0.01321	0.01110	0.00783	0.01649	0.01615	0.02187	0.03346	0.06638	0.03748	0.52351	0.14584	0.01178	0.01382	0.01513	0.00647	0.00715
6	0.02187	0.05640	0.56031	0.03108	0.04719	0.02532	0.04029	0.03453	0.02302	0.03453	0.01957	0.02302	0.01381	0.01036	0.01036	0.00345	0.01611	0.00806	0.00460	0.01611
7	0.01558	0.01168	0.01752	0.01752	0.01947	0.01363	0.01363	0.01947	0.01752	0.02531	0.02921	0.04283	0.02726	0.08178	0.57360	0.01752	0.02921	0.01168	0.00584	0.00974
8	0.09127	0.02029	0.02338	0.01882	0.02567	0.02037	0.01527	0.18002	0.03547	0.22149	0.13146	0.04705	0.08986	0.01610	0.01113	0.00338	0.00890	0.01299	0.01154	0.01555
9	0.07779	0.21972	0.06758	0.01679	0.02364	0.02411	0.01553	0.03251	0.02350	0.11959	0.02979	0.08585	0.02532	0.01348	0.00872	0.00292	0.00911	0.01045	0.18035	0.01323
10	0.02126	0.01746	0.02458	0.06388	0.06832	0.01974	0.01795	0.06215	0.02258	0.03234	0.07610	0.03725	0.02869	0.03801	0.19723	0.06139	0.11542	0.01101	0.00657	0.07807
11	0.42745	0.02105	0.02047	0.01690	0.02437	0.02248	0.01394	0.07938	0.02546	0.21700	0.02524	0.02479	0.01735	0.01148	0.00848	0.00337	0.00901	0.00789	0.00931	0.01459
12	0.02093	0.01754	0.02140	0.01648	0.02432	0.01432	0.01309	0.02555	0.02140	0.03309	0.02173	0.02744	0.01880	0.02567	0.14309	0.00541	0.01312	0.00771	0.00631	0.52261
13	0.02059	0.01938	0.03270	0.59060	0.07510	0.02422	0.03028	0.02786	0.02180	0.02786	0.01938	0.02907	0.01453	0.01090	0.01090	0.00363	0.01453	0.00969	0.00484	0.01211
14	0.58137	0.02065	0.01764	0.01522	0.02226	0.02299	0.01254	0.03573	0.02076	0.13740	0.02004	0.02110	0.01446	0.01071	0.00748	0.00337	0.00858	0.00679	0.00792	0.01298
15	0.01579	0.01084	0.01326	0.01326	0.01373	0.01131	0.00831	0.01673	0.01626	0.02215	0.03311	0.06444	0.03664	0.48703	0.18117	0.01226	0.01509	0.01484	0.00642	0.00737
16	0.02915	0.62337	0.05714	0.01866	0.02799	0.04314	0.01866	0.03265	0.02215	0.02565	0.01516	0.01749	0.01399	0.00933	0.00700	0.00233	0.01166	0.00583	0.00466	0.01399
17	0.01658	0.01039	0.01412	0.01493	0.01605	0.01004	0.01078	0.01674	0.02002	0.02652	0.09563	0.16860	0.08848	0.07674	0.02805	0.26526	0.00831	0.09729	0.00797	0.00749
18	0.39623	0.01992	0.02031	0.01667	0.02420	0.02057	0.01375	0.04178	0.02439	0.28307	0.02803	0.02666	0.01881	0.01168	0.00869	0.00337	0.00882	0.00824	0.00986	0.01492
19	0.04073	0.05197	0.03090	0.02809	0.03371	0.57303	0.02107	0.04354	0.03090	0.02669	0.01685	0.01966	0.01404	0.01124	0.00983	0.00281	0.01966	0.00702	0.00562	0.01264
20	0.02133	0.02022	0.02795	0.02486	0.02497	0.02718	0.01999	0.02343	0.01736	0.02608	0.02400	0.13005	0.02655	0.07256	0.03365	0.00520	0.44401	0.01382	0.00586	0.01094
21	0.01586	0.01057	0.01189	0.01189	0.01189	0.01057	0.00661	0.01586	0.01586	0.02114	0.03436	0.07135	0.03964	0.61681	0.05550	0.01057	0.01057	0.01586	0.00661	0.00661
22	0.02740	0.02632	0.01822	0.01714	0.02098	0.22635	0.01286	0.03137	0.02616	0.03413	0.03608	0.03920	0.07570	0.01367	0.00901	0.00276	0.01073	0.01028	0.35062	0.01102
23	0.02187	0.05640	0.56031	0.03108	0.04719	0.02532	0.04029	0.03453	0.02302	0.03453	0.01957	0.02302	0.01381	0.01036	0.01036	0.00345	0.01611	0.00806	0.00460	0.01611
24	0.01732	0.01385	0.01927	0.01831	0.01935	0.01683	0.01387	0.01990	0.01692	0.02442	0.02753	0.04640	0.02786	0.20792	0.33054	0.01314	0.13904	0.01233	0.00582	0.00937
25	0.04892	0.01856	0.02530	0.01940	0.02783	0.01603	0.01603	0.05314	0.03121	0.55634	0.04302	0.03711	0.02699	0.01350	0.01096	0.00337	0.00928	0.01096	0.01350	0.01856
26	0.69383	0.02109	0.01603	0.01434	0.02109	0.02446	0.01181	0.03205	0.01856	0.04892	0.01518	0.01771	0.01181	0.01012	0.00675	0.00337	0.00843	0.00590	0.00675	0.01181
27	0.01586	0.01057	0.01189	0.01189	0.01189	0.01057	0.00661	0.01586	0.01586	0.02114	0.03436	0.07135	0.03964	0.61681	0.05550	0.01057	0.01057	0.01586	0.00661	0.00661
28	0.02402	0.22348	0.41203	0.02742	0.04153	0.03057	0.03391	0.03398	0.02277	0.03191	0.01827	0.02139	0.01387	0.01006	0.00937	0.00312	0.01480	0.00740	0.00462	0.01549
29	0.12714	0.01190	0.01109	0.01082	0.01403	0.01243	0.00829	0.02646	0.02218	0.04196	0.03234	0.03701	0.02539	0.01229	0.00748	0.00267	0.00561	0.00949	0.57098	0.01042
30	0.03186	0.42936	0.04686	0.02001	0.02814	0.13092	0.01826	0.03541	0.02506	0.07176	0.05530	0.02406	0.02141	0.01093	0.00824	0.00258	0.01239	0.00746	0.00609	0.01388
31	0.01626	0.01124	0.01685	0.01685	0.01841	0.01279	0.01279	0.01841	0.01685	0.02402	0.02713	0.04088	0.02558	0.07291	0.46634	0.15191	0.02522	0.01124	0.00562	0.00873
32	0.03468	0.17261	0.03545	0.02204	0.03008	0.03224	0.01867	0.20677	0.19180	0.09928	0.03084	0.02967	0.02288	0.01274	0.01001	0.00319	0.01059	0.00974	0.00969	0.01703
33	0.02333	0.01998	0.03621	0.28802	0.05469	0.02137	0.14625	0.02977	0.02356	0.08206	0.03005	0.13905	0.02710	0.01510	0.01197	0.00377	0.01344	0.01462	0.00686	0.01280
34	0.01498	0.01079	0.01481	0.01554	0.01665	0.01155	0.01098	0.01740	0.01810	0.02506	0.03928	0.21223	0.04303	0.19300	0.29198	0.01214	0.01829	0.01820	0.00725	0.00875
35	0.02261	0.01938	0.02261	0.01615	0.02584	0.01453	0.01292	0.02745	0.02261	0.03553	0.01938	0.02261	0.01615	0.00807	0.00807	0.00161	0.00807	0.00646	0.00646	0.68346
36	0.03052	0.34319	0.13272	0.02248	0.03253	0.03667	0.02261	0.14290	0.07322	0.03855	0.02093	0.02239	0.01667	0.01082	0.00879	0.00285	0.01221	0.00767	0.00662	0.01565
37	0.08726	0.07056	0.02872	0.02368	0.07105	0.06873	0.01767	0.07549	0.02727	0.17913	0.02655	0.02786	0.01957	0.01198	0.01164	0.00302	0.06127	0.00878	0.06704	0.11274
38	0.02667	0.16035	0.28911	0.02715	0.03922	0.02865	0.06292	0.03969	0.11068	0.07630	0.02499	0.02651	0.01844	0.01108	0.01003	0.00328	0.01354	0.00891	0.00651	0.01598
39	0.02570	0.02211	0.07047	0.06664	0.03350	0.02076	0.08756	0.03553	0.11809	0.11633	0.03640	0.13711	0.03279	0.07661	0.01823	0.00452	0.06042	0.01502	0.00857	0.01366
40	0.02843	0.02141	0.03777	0.23655	0.10224	0.02210	0.13373	0.03518	0.02590	0.15245	0.06956	0.03519	0.02554	0.01195	0.01151	0.00353	0.01325	0.01154	0.00763	0.01453
41	0.07847	0.02258	0.07468	0.27366	0.12379	0.02191	0.02551	0.03224	0.02293	0.11206	0.02442	0.03295	0.01916	0.07332	0.01511	0.00421	0.01274	0.01009	0.00657	0.01361
42	0.02281	0.02595	0.15367	0.12521	0.03716	0.01906	0.02274	0.07579	0.02770	0.07877	0.14957	0.13520	0.04558	0.01763	0.01172	0.00362	0.01074	0.01521	0.00859	0.01328
