[name]
unknown

[dist]
# distance from previous block
# <min> <max>
0	542

[block]
# block no. 0 follows, 12 sequences, length 33
# corresponding to MSA columns:
# 558-590
name=unknown_A
#
# <colnr> <probs for GDERKNQSTAVLIFYWHMCP>
#	G	D	E	R	K	N	Q	S	T	A	V	L	I	F	Y	W	H	M	C	P
0	0.02456	0.02485	0.03686	0.33015	0.17069	0.07812	0.06749	0.03118	0.02375	0.03064	0.01960	0.02720	0.01538	0.01031	0.01071	0.00331	0.01450	0.00944	0.00522	0.06603
1	0.09328	0.19876	0.17316	0.02154	0.03203	0.02784	0.02235	0.03692	0.07722	0.08427	0.02275	0.02411	0.01737	0.01046	0.00884	0.00286	0.01140	0.00770	0.00666	0.12048
2	0.01440	0.01022	0.01206	0.01305	0.01385	0.00969	0.00823	0.01556	0.01918	0.02502	0.05599	0.28632	0.12924	0.29987	0.03279	0.00713	0.00815	0.02285	0.00851	0.00788
3	0.03029	0.56713	0.05455	0.01959	0.02855	0.09529	0.01889	0.03372	0.02302	0.02575	0.01533	0.01770	0.01400	0.00952	0.00728	0.00238	0.01245	0.00595	0.00476	0.01386
4	0.01601	0.01075	0.01242	0.01265	0.01288	0.01075	0.00762	0.01648	0.01671	0.02220	0.03652	0.07613	0.04178	0.56254	0.05176	0.01006	0.01052	0.05837	0.00692	0.00692
5	0.20637	0.02605	0.02722	0.02139	0.02957	0.02833	0.01766	0.31084	0.03952	0.14988	0.02639	0.02599	0.01835	0.01242	0.00987	0.00332	0.01062	0.00904	0.01032	0.01686
6	0.03347	0.02246	0.03477	0.17026	0.23625	0.02305	0.02629	0.07576	0.02818	0.19876	0.02771	0.03056	0.01977	0.01143	0.01088	0.00337	0.01210	0.01011	0.00823	0.01658
7	0.01636	0.01284	0.01903	0.01858	0.02034	0.01550	0.01460	0.02011	0.01745	0.02540	0.02779	0.04104	0.02603	0.07583	0.52261	0.01631	0.08302	0.01148	0.00574	0.00994
8	0.02658	0.02661	0.08467	0.12380	0.15506	0.02322	0.16711	0.03397	0.02472	0.08351	0.02266	0.02790	0.01710	0.00987	0.01093	0.00318	0.01385	0.01006	0.00623	0.12895
9	0.02916	0.02446	0.03717	0.13041	0.09742	0.02619	0.12316	0.08967	0.18994	0.08997	0.03100	0.03314	0.02284	0.01214	0.01137	0.00356	0.01252	0.01133	0.00847	0.01609
10	0.02059	0.01938	0.03270	0.59060	0.07510	0.02422	0.03028	0.02786	0.02180	0.02786	0.01938	0.02907	0.01453	0.01090	0.01090	0.00363	0.01453	0.00969	0.00484	0.01211
11	0.02015	0.01790	0.02728	0.03054	0.12882	0.02154	0.02044	0.02415	0.01877	0.02765	0.02336	0.03442	0.02169	0.05001	0.31226	0.01114	0.18186	0.01070	0.00546	0.01186
12	0.01453	0.01111	0.01332	0.01277	0.01574	0.00990	0.00958	0.01883	0.02873	0.03867	0.38979	0.08977	0.25929	0.02418	0.01287	0.00352	0.00528	0.02089	0.01134	0.00990
13	0.04541	0.01778	0.02418	0.01880	0.02662	0.01542	0.01542	0.04972	0.03117	0.50261	0.09543	0.04176	0.03495	0.01442	0.01116	0.00338	0.00884	0.01188	0.01334	0.01769
14	0.01328	0.00949	0.01265	0.01518	0.01581	0.00886	0.01012	0.01518	0.02088	0.02783	0.06010	0.60969	0.07212	0.03416	0.01392	0.00443	0.00633	0.03100	0.01012	0.00886
15	0.08472	0.04172	0.32523	0.02867	0.03827	0.02807	0.03189	0.03139	0.02039	0.03296	0.01732	0.02282	0.01380	0.01340	0.01894	0.00391	0.21901	0.00838	0.00486	0.01425
16	0.01398	0.01037	0.01304	0.01390	0.01579	0.00943	0.00984	0.01719	0.02517	0.03381	0.24182	0.32862	0.16954	0.02872	0.01335	0.00393	0.00576	0.02551	0.01079	0.00943
17	0.02495	0.01309	0.01737	0.01723	0.02068	0.01231	0.01373	0.02869	0.02478	0.16726	0.05012	0.18502	0.04990	0.07923	0.01681	0.00475	0.00868	0.17980	0.07389	0.01171
18	0.01558	0.01168	0.01752	0.01752	0.01947	0.01363	0.01363	0.01947	0.01752	0.02531	0.02921	0.04283	0.02726	0.08178	0.57360	0.01752	0.02921	0.01168	0.00584	0.00974
19	0.02096	0.01158	0.01447	0.01429	0.01723	0.01058	0.01049	0.02445	0.02500	0.12271	0.13393	0.26933	0.11049	0.02406	0.01196	0.00366	0.00632	0.02106	0.13643	0.01101
20	0.69383	0.02109	0.01603	0.01434	0.02109	0.02446	0.01181	0.03205	0.01856	0.04892	0.01518	0.01771	0.01181	0.01012	0.00675	0.00337	0.00843	0.00590	0.00675	0.01181
21	0.08256	0.01619	0.02091	0.01847	0.02093	0.01828	0.01423	0.06331	0.02164	0.08712	0.07579	0.03489	0.02703	0.02550	0.02910	0.29048	0.12605	0.01044	0.00711	0.00995
22	0.03360	0.18544	0.07179	0.13768	0.08383	0.08589	0.02313	0.03881	0.02585	0.17664	0.02474	0.02669	0.01802	0.01111	0.00973	0.00308	0.01281	0.00864	0.00734	0.01518
23	0.01651	0.01280	0.01827	0.01776	0.01916	0.01523	0.01353	0.01958	0.01715	0.02470	0.02849	0.04565	0.02798	0.16592	0.42805	0.01498	0.08680	0.01216	0.00586	0.00944
24	0.15863	0.06927	0.03463	0.08142	0.03465	0.02802	0.10222	0.02844	0.01945	0.03186	0.01851	0.02866	0.01689	0.07801	0.02344	0.00462	0.21402	0.00977	0.00549	0.01199
25	0.69383	0.02109	0.01603	0.01434	0.02109	0.02446	0.01181	0.03205	0.01856	0.04892	0.01518	0.01771	0.01181	0.01012	0.00675	0.00337	0.00843	0.00590	0.00675	0.01181
26	0.01564	0.01048	0.01196	0.01217	0.01223	0.01042	0.00691	0.01580	0.01629	0.02172	0.03657	0.11760	0.04243	0.56675	0.05192	0.01004	0.01021	0.01716	0.00691	0.00680
27	0.04812	0.01984	0.02610	0.02001	0.02847	0.01793	0.01653	0.10230	0.03335	0.50415	0.04121	0.03594	0.02609	0.01345	0.01096	0.00336	0.00957	0.01084	0.01322	0.01855
28	0.03094	0.02525	0.03392	0.27318	0.10558	0.02885	0.02618	0.25340	0.03580	0.04764	0.02265	0.02751	0.01668	0.01179	0.01089	0.00342	0.01319	0.00975	0.00772	0.01564
29	0.02574	0.02941	0.06434	0.04596	0.05699	0.02757	0.50919	0.03493	0.02574	0.03493	0.02206	0.02941	0.01654	0.00919	0.01287	0.00368	0.01838	0.01287	0.00551	0.01471
30	0.27592	0.16930	0.14452	0.01959	0.02937	0.02739	0.02004	0.03428	0.02188	0.08616	0.01906	0.02102	0.01453	0.01012	0.00809	0.00300	0.01089	0.00687	0.00640	0.07157
31	0.03615	0.13566	0.03292	0.02232	0.02871	0.14671	0.01850	0.12524	0.03055	0.13797	0.02501	0.02659	0.01888	0.01278	0.01264	0.00313	0.08303	0.00872	0.07973	0.01475
32	0.08284	0.06783	0.07827	0.02094	0.02826	0.02486	0.01832	0.12157	0.18615	0.09278	0.04018	0.09765	0.06213	0.01607	0.01075	0.00352	0.00976	0.01305	0.00967	0.01540

[dist]
# distance from previous block
# <min> <max>
0	15

[block]
# block no. 1 follows, 12 sequences, length 6
# corresponding to MSA columns:
# 606-611
name=unknown_B
#
# <colnr> <probs for GDERKNQSTAVLIFYWHMCP>
#	G	D	E	R	K	N	Q	S	T	A	V	L	I	F	Y	W	H	M	C	P
0	0.02620	0.12317	0.17773	0.02209	0.03191	0.02553	0.02255	0.14359	0.03068	0.04217	0.09359	0.03675	0.06872	0.01344	0.01020	0.00302	0.01122	0.01059	0.00772	0.09912
1	0.02883	0.03479	0.12584	0.21477	0.05047	0.16143	0.06416	0.03562	0.02547	0.07442	0.02098	0.02583	0.01562	0.01075	0.01047	0.00321	0.01544	0.00883	0.00591	0.06715
2	0.02712	0.02342	0.02465	0.02219	0.02835	0.02712	0.01726	0.05794	0.52909	0.04561	0.04438	0.04068	0.03328	0.01479	0.01109	0.00370	0.00863	0.01233	0.01109	0.01726
3	0.01374	0.01108	0.01222	0.01194	0.01525	0.00957	0.00895	0.01729	0.02686	0.03422	0.25485	0.09709	0.39700	0.02584	0.01288	0.00360	0.00540	0.02191	0.01075	0.00957
4	0.02187	0.05640	0.56031	0.03108	0.04719	0.02532	0.04029	0.03453	0.02302	0.03453	0.01957	0.02302	0.01381	0.01036	0.01036	0.00345	0.01611	0.00806	0.00460	0.01611
5	0.33807	0.02697	0.09402	0.02242	0.03140	0.02419	0.07969	0.08177	0.02555	0.14633	0.02307	0.02444	0.01625	0.01097	0.00919	0.00341	0.01115	0.00841	0.00803	0.01466

[dist]
# distance from previous block
# <min> <max>
0	14

[block]
# block no. 2 follows, 12 sequences, length 15
# corresponding to MSA columns:
# 626-640
name=unknown_C
#
# <colnr> <probs for GDERKNQSTAVLIFYWHMCP>
#	G	D	E	R	K	N	Q	S	T	A	V	L	I	F	Y	W	H	M	C	P
0	0.02984	0.02186	0.07149	0.12863	0.03654	0.02142	0.02158	0.03506	0.02532	0.20333	0.11447	0.03883	0.03343	0.01554	0.01701	0.00376	0.14721	0.01163	0.00884	0.01420
1	0.01354	0.00960	0.01258	0.01485	0.01542	0.00903	0.00977	0.01525	0.02037	0.02716	0.05751	0.55554	0.06885	0.09277	0.01810	0.00505	0.00675	0.02947	0.00977	0.00863
2	0.01586	0.01057	0.01189	0.01189	0.01189	0.01057	0.00661	0.01586	0.01586	0.02114	0.03436	0.07135	0.03964	0.61681	0.05550	0.01057	0.01057	0.01586	0.00661	0.00661
3	0.03637	0.08400	0.08227	0.12112	0.08234	0.02542	0.02335	0.13932	0.03165	0.22296	0.02880	0.02943	0.01985	0.01197	0.01049	0.00329	0.01190	0.00964	0.00915	0.01670
4	0.04892	0.01856	0.02530	0.01940	0.02783	0.01603	0.01603	0.05314	0.03121	0.55634	0.04302	0.03711	0.02699	0.01350	0.01096	0.00337	0.00928	0.01096	0.01350	0.01856
5	0.01371	0.00979	0.01314	0.01566	0.01648	0.00922	0.01085	0.01591	0.02129	0.02831	0.05986	0.56179	0.07119	0.03376	0.01403	0.00449	0.00669	0.07473	0.01011	0.00897
6	0.02444	0.02691	0.13185	0.26198	0.16907	0.02274	0.02982	0.03179	0.02356	0.08217	0.02537	0.07677	0.02105	0.01272	0.01103	0.00355	0.01327	0.01129	0.00621	0.01440
7	0.02693	0.02494	0.03947	0.16335	0.26976	0.02741	0.06158	0.08854	0.06026	0.03749	0.02201	0.02810	0.01757	0.01160	0.01350	0.00354	0.07199	0.01009	0.00624	0.01563
8	0.02702	0.01955	0.02168	0.01932	0.02480	0.02142	0.01504	0.04804	0.34040	0.10373	0.12791	0.04717	0.04386	0.01572	0.01106	0.00351	0.00779	0.01322	0.07318	0.01557
9	0.02228	0.02110	0.03575	0.45239	0.20012	0.02467	0.03112	0.02934	0.02260	0.02991	0.01968	0.02852	0.01526	0.01059	0.01087	0.00353	0.01412	0.00970	0.00499	0.01347
10	0.01328	0.00949	0.01265	0.01518	0.01581	0.00886	0.01012	0.01518	0.02088	0.02783	0.06010	0.60969	0.07212	0.03416	0.01392	0.00443	0.00633	0.03100	0.01012	0.00886
11	0.01535	0.01251	0.01376	0.01320	0.01681	0.01162	0.00997	0.02212	0.08495	0.03595	0.24319	0.08990	0.34219	0.02441	0.01267	0.00360	0.00576	0.02071	0.01085	0.01048
12	0.02652	0.07875	0.07951	0.08452	0.03406	0.01955	0.01853	0.03219	0.02369	0.10500	0.02225	0.02491	0.01702	0.00948	0.00892	0.00233	0.01010	0.00755	0.00689	0.38822
13	0.02940	0.06800	0.11612	0.02056	0.03025	0.02168	0.01925	0.11922	0.02850	0.10989	0.02462	0.02844	0.01920	0.05408	0.01270	0.00315	0.01071	0.00858	0.00779	0.26785
14	0.17480	0.16342	0.15754	0.02184	0.03197	0.02893	0.02219	0.11535	0.02788	0.12764	0.02263	0.02352	0.01638	0.01105	0.00904	0.00315	0.01168	0.00788	0.00759	0.01553

[dist]
# distance from previous block
# <min> <max>
3	6

[block]
# block no. 3 follows, 12 sequences, length 33
# corresponding to MSA columns:
# 647-679
name=unknown_D
#
# <colnr> <probs for GDERKNQSTAVLIFYWHMCP>
#	G	D	E	R	K	N	Q	S	T	A	V	L	I	F	Y	W	H	M	C	P
0	0.02858	0.03119	0.11973	0.03778	0.15165	0.02663	0.11795	0.13879	0.08374	0.04349	0.02428	0.02761	0.01845	0.01079	0.01086	0.00322	0.01323	0.00998	0.00721	0.09482
1	0.07722	0.09644	0.17104	0.02635	0.06691	0.02803	0.02431	0.16529	0.08597	0.04624	0.08154	0.03157	0.02721	0.01274	0.01027	0.00329	0.01172	0.01001	0.00806	0.01579
2	0.01846	0.01104	0.01411	0.01451	0.01685	0.01014	0.01043	0.02174	0.02473	0.09165	0.16666	0.33361	0.10006	0.02647	0.01261	0.00384	0.00620	0.02348	0.08300	0.01042
3	0.07610	0.28751	0.04480	0.13041	0.03957	0.03147	0.09333	0.03278	0.02300	0.06441	0.02041	0.02461	0.01627	0.01020	0.00891	0.00294	0.01231	0.00830	0.05910	0.01357
4	0.01558	0.01168	0.01752	0.01752	0.01947	0.01363	0.01363	0.01947	0.01752	0.02531	0.02921	0.04283	0.02726	0.08178	0.57360	0.01752	0.02921	0.01168	0.00584	0.00974
5	0.03921	0.02768	0.03017	0.02383	0.03198	0.03040	0.01946	0.36395	0.15144	0.11800	0.03195	0.03050	0.02264	0.01350	0.01095	0.00337	0.01097	0.01048	0.01124	0.01827
6	0.02059	0.01938	0.03270	0.59060	0.07510	0.02422	0.03028	0.02786	0.02180	0.02786	0.01938	0.02907	0.01453	0.01090	0.01090	0.00363	0.01453	0.00969	0.00484	0.01211
7	0.15667	0.01293	0.01239	0.01164	0.01543	0.01342	0.00905	0.02867	0.02259	0.07839	0.03202	0.03583	0.02466	0.01224	0.00768	0.00277	0.00604	0.00937	0.49712	0.01108
8	0.69383	0.02109	0.01603	0.01434	0.02109	0.02446	0.01181	0.03205	0.01856	0.04892	0.01518	0.01771	0.01181	0.01012	0.00675	0.00337	0.00843	0.00590	0.00675	0.01181
9	0.02059	0.01938	0.03270	0.59060	0.07510	0.02422	0.03028	0.02786	0.02180	0.02786	0.01938	0.02907	0.01453	0.01090	0.01090	0.00363	0.01453	0.00969	0.00484	0.01211
10	0.02712	0.02342	0.02465	0.02219	0.02835	0.02712	0.01726	0.05794	0.52909	0.04561	0.04438	0.04068	0.03328	0.01479	0.01109	0.00370	0.00863	0.01233	0.01109	0.01726
11	0.02915	0.62337	0.05714	0.01866	0.02799	0.04314	0.01866	0.03265	0.02215	0.02565	0.01516	0.01749	0.01399	0.00933	0.00700	0.00233	0.01166	0.00583	0.00466	0.01399
12	0.02790	0.02046	0.03335	0.36719	0.15633	0.02279	0.02784	0.03436	0.02440	0.14262	0.02466	0.03039	0.01773	0.01123	0.01089	0.00350	0.01310	0.00997	0.00681	0.01449
13	0.69383	0.02109	0.01603	0.01434	0.02109	0.02446	0.01181	0.03205	0.01856	0.04892	0.01518	0.01771	0.01181	0.01012	0.00675	0.00337	0.00843	0.00590	0.00675	0.01181
14	0.01543	0.01115	0.01457	0.01372	0.01629	0.01029	0.01029	0.02058	0.03086	0.04372	0.54304	0.08145	0.10288	0.02229	0.01286	0.00343	0.00514	0.01972	0.01200	0.01029
15	0.04145	0.03054	0.03272	0.02509	0.03381	0.03381	0.02072	0.51243	0.05127	0.06872	0.02618	0.02618	0.01854	0.01309	0.01091	0.00327	0.01200	0.00982	0.01091	0.01854
16	0.11977	0.02024	0.02514	0.01950	0.02778	0.01904	0.01611	0.10453	0.03215	0.44286	0.03795	0.03368	0.02431	0.01307	0.01049	0.00336	0.00950	0.01027	0.01244	0.01780
17	0.01369	0.01000	0.01299	0.01522	0.01641	0.00929	0.01070	0.01602	0.02179	0.02853	0.06574	0.49892	0.12637	0.03296	0.01392	0.00440	0.00663	0.07729	0.01011	0.00902
18	0.64023	0.02095	0.01735	0.06021	0.02539	0.02444	0.01328	0.03172	0.01881	0.04724	0.01552	0.01862	0.01203	0.01018	0.00708	0.00339	0.00892	0.00621	0.00660	0.01183
19	0.02749	0.03205	0.06043	0.04387	0.05426	0.09139	0.45208	0.03593	0.02634	0.03396	0.02145	0.02827	0.01625	0.00943	0.01251	0.00357	0.01853	0.01218	0.00553	0.01446
20	0.01492	0.01096	0.01398	0.01358	0.01607	0.01002	0.01005	0.01945	0.02913	0.04045	0.44361	0.14020	0.14871	0.02414	0.01298	0.00356	0.00531	0.02128	0.01159	0.01002
21	0.01525	0.01100	0.01441	0.01384	0.01625	0.01017	0.01027	0.02011	0.03001	0.04237	0.50173	0.12663	0.10025	0.02331	0.01295	0.00351	0.00525	0.02068	0.01184	0.01017
22	0.04402	0.02307	0.02769	0.02159	0.02987	0.02315	0.01772	0.20584	0.09322	0.33799	0.03759	0.03389	0.02489	0.01350	0.01096	0.00338	0.01011	0.01074	0.01237	0.01841
23	0.01710	0.01060	0.01388	0.01528	0.01702	0.00966	0.01060	0.01932	0.02233	0.08507	0.06256	0.50466	0.10763	0.03137	0.01351	0.00425	0.00658	0.02815	0.01049	0.00993
24	0.02231	0.02364	0.06590	0.21137	0.08738	0.08377	0.05399	0.02666	0.02213	0.02794	0.02684	0.13555	0.02613	0.01912	0.01625	0.10728	0.01306	0.01338	0.00597	0.01133
25	0.02146	0.01179	0.01578	0.01581	0.01852	0.01070	0.01144	0.02450	0.02509	0.14590	0.15133	0.38131	0.06835	0.02733	0.01307	0.00400	0.00674	0.02442	0.01123	0.01125
26	0.02059	0.01938	0.03270	0.59060	0.07510	0.02422	0.03028	0.02786	0.02180	0.02786	0.01938	0.02907	0.01453	0.01090	0.01090	0.00363	0.01453	0.00969	0.00484	0.01211
27	0.03670	0.02596	0.02765	0.02173	0.02906	0.02849	0.01778	0.40284	0.04487	0.06240	0.02829	0.02943	0.02066	0.01300	0.01017	0.00311	0.01044	0.00989	0.16088	0.01666
28	0.13445	0.02690	0.02867	0.14829	0.09873	0.12051	0.02144	0.09847	0.02853	0.11469	0.02378	0.02697	0.01754	0.01148	0.00987	0.00325	0.01262	0.00888	0.05052	0.01441
29	0.34191	0.01892	0.01988	0.01646	0.02348	0.01929	0.01347	0.03992	0.02535	0.26758	0.08424	0.03298	0.02821	0.01289	0.00923	0.00338	0.00844	0.00958	0.01023	0.01456
30	0.02452	0.01923	0.02866	0.29888	0.08725	0.02107	0.02333	0.03338	0.07813	0.09177	0.08601	0.03648	0.02862	0.01254	0.01084	0.00334	0.01141	0.01094	0.00752	0.08607
31	0.10470	0.02350	0.08473	0.18754	0.04210	0.02126	0.02179	0.03630	0.08725	0.11913	0.06243	0.03266	0.02484	0.01209	0.01018	0.00328	0.01096	0.00990	0.00790	0.09747
32	0.44364	0.11538	0.02450	0.07762	0.02784	0.02625	0.01508	0.03036	0.01937	0.04045	0.01712	0.02157	0.01409	0.01769	0.06748	0.00474	0.01181	0.00692	0.00612	0.01197

[dist]
# distance from previous block
# <min> <max>
0	24

[block]
# block no. 4 follows, 12 sequences, length 26
# corresponding to MSA columns:
# 704-729
name=unknown_E
#
# <colnr> <probs for GDERKNQSTAVLIFYWHMCP>
#	G	D	E	R	K	N	Q	S	T	A	V	L	I	F	Y	W	H	M	C	P
0	0.02972	0.07329	0.12535	0.02020	0.02857	0.07848	0.01916	0.03564	0.02673	0.15521	0.10017	0.03558	0.03136	0.01270	0.00991	0.00290	0.01065	0.01008	0.08003	0.11426
1	0.19628	0.25035	0.06816	0.01694	0.02450	0.02783	0.01601	0.03205	0.02300	0.07603	0.07638	0.02892	0.02553	0.01169	0.00816	0.00289	0.00950	0.00837	0.08432	0.01309
2	0.02709	0.12707	0.28212	0.02904	0.04120	0.02600	0.11584	0.03603	0.02510	0.10885	0.05877	0.02940	0.02236	0.01127	0.01057	0.00331	0.01412	0.00981	0.00656	0.01550
3	0.02187	0.05640	0.56031	0.03108	0.04719	0.02532	0.04029	0.03453	0.02302	0.03453	0.01957	0.02302	0.01381	0.01036	0.01036	0.00345	0.01611	0.00806	0.00460	0.01611
4	0.01556	0.01189	0.01421	0.01534	0.01756	0.01154	0.01134	0.02078	0.06995	0.03010	0.06837	0.27774	0.18468	0.09220	0.01805	0.00494	0.00748	0.10873	0.00982	0.00972
5	0.02831	0.55790	0.11524	0.02009	0.03020	0.04109	0.02115	0.03287	0.02225	0.02668	0.01567	0.01813	0.01397	0.00945	0.00738	0.00246	0.01217	0.00609	0.00466	0.01424
6	0.01560	0.01158	0.01699	0.01699	0.01876	0.01334	0.01297	0.01913	0.01737	0.02492	0.02969	0.04552	0.02842	0.13209	0.52487	0.01687	0.02745	0.01207	0.00591	0.00944
7	0.02645	0.08752	0.02561	0.01654	0.02472	0.01733	0.01363	0.03108	0.02545	0.12215	0.11616	0.03491	0.03316	0.01165	0.00928	0.00231	0.00817	0.00950	0.00841	0.37597
8	0.15330	0.02127	0.02664	0.18993	0.04117	0.02336	0.02011	0.13675	0.03033	0.16648	0.06317	0.03206	0.02417	0.01265	0.01031	0.00343	0.01098	0.01005	0.00903	0.01481
9	0.02001	0.01634	0.01614	0.01612	0.01929	0.07201	0.01176	0.02474	0.06103	0.07095	0.10237	0.27900	0.19656	0.02598	0.01268	0.00383	0.00785	0.02244	0.01010	0.01081
10	0.01320	0.00980	0.01233	0.01435	0.01560	0.00893	0.00975	0.01528	0.02167	0.02816	0.07022	0.50825	0.16703	0.03284	0.01371	0.00428	0.00616	0.02939	0.01012	0.00893
11	0.04073	0.05197	0.03090	0.02809	0.03371	0.57303	0.02107	0.04354	0.03090	0.02669	0.01685	0.01966	0.01404	0.01124	0.00983	0.00281	0.01966	0.00702	0.00562	0.01264
12	0.02368	0.02137	0.03394	0.46930	0.12098	0.02551	0.02952	0.08441	0.02553	0.03341	0.02029	0.02851	0.01529	0.01103	0.01089	0.00355	0.01407	0.00971	0.00560	0.01341
13	0.04181	0.01698	0.02302	0.01819	0.02538	0.01481	0.01481	0.04622	0.03113	0.44743	0.14925	0.04653	0.04311	0.01536	0.01137	0.00339	0.00840	0.01282	0.01318	0.01680
14	0.01328	0.00949	0.01265	0.01518	0.01581	0.00886	0.01012	0.01518	0.02088	0.02783	0.06010	0.60969	0.07212	0.03416	0.01392	0.00443	0.00633	0.03100	0.01012	0.00886
15	0.02261	0.01938	0.02261	0.01615	0.02584	0.01453	0.01292	0.02745	0.02261	0.03553	0.01938	0.02261	0.01615	0.00807	0.00807	0.00161	0.00807	0.00646	0.00646	0.68346
16	0.02754	0.18105	0.07809	0.10577	0.07820	0.06666	0.05585	0.07706	0.02607	0.03433	0.01905	0.02317	0.01539	0.00985	0.00929	0.00272	0.01274	0.00791	0.00585	0.16341
17	0.02753	0.49727	0.16905	0.02142	0.03226	0.03918	0.02347	0.03307	0.02235	0.02763	0.01614	0.01872	0.01395	0.00956	0.00774	0.00258	0.01265	0.00633	0.00465	0.01446
18	0.01380	0.01108	0.01231	0.01200	0.01529	0.00959	0.00900	0.01741	0.02701	0.03456	0.26535	0.09652	0.38628	0.02571	0.01288	0.00359	0.00539	0.02183	0.01080	0.00959
19	0.02059	0.01938	0.03270	0.59060	0.07510	0.02422	0.03028	0.02786	0.02180	0.02786	0.01938	0.02907	0.01453	0.01090	0.01090	0.00363	0.01453	0.00969	0.00484	0.01211
20	0.02095	0.01245	0.01585	0.01425	0.01807	0.01112	0.01095	0.02550	0.02985	0.13255	0.37627	0.07776	0.16857	0.02168	0.01253	0.00346	0.00595	0.01875	0.01193	0.01157
21	0.01640	0.01262	0.01535	0.01676	0.01864	0.01297	0.01173	0.02480	0.13522	0.03183	0.05656	0.48166	0.06338	0.02980	0.01328	0.00426	0.00684	0.02680	0.01034	0.01075
22	0.62090	0.01990	0.01539	0.01389	0.02018	0.02291	0.01136	0.03133	0.01902	0.04802	0.01739	0.02020	0.01356	0.01040	0.00684	0.00328	0.00807	0.00637	0.07936	0.01163
23	0.01894	0.00947	0.01420	0.01420	0.01420	0.00947	0.00947	0.01420	0.01420	0.01894	0.01894	0.03314	0.01894	0.03788	0.04261	0.68277	0.00947	0.00947	0.00473	0.00473
24	0.03160	0.01868	0.02193	0.01903	0.02490	0.01971	0.01505	0.04745	0.24448	0.20062	0.04100	0.03981	0.02989	0.02133	0.07145	0.00492	0.01053	0.01151	0.11030	0.01579
25	0.02694	0.20374	0.03297	0.01817	0.02606	0.02478	0.01562	0.03416	0.08113	0.08855	0.02499	0.02770	0.02029	0.02075	0.09226	0.00462	0.01250	0.00821	0.00711	0.22943

[dist]
# distance from previous block
# <min> <max>
0	1

[block]
# block no. 5 follows, 12 sequences, length 16
# corresponding to MSA columns:
# 731-746
name=unknown_F
#
# <colnr> <probs for GDERKNQSTAVLIFYWHMCP>
#	G	D	E	R	K	N	Q	S	T	A	V	L	I	F	Y	W	H	M	C	P
0	0.01887	0.01259	0.01609	0.01492	0.01812	0.01197	0.01128	0.02574	0.06902	0.08365	0.43494	0.10710	0.08955	0.02174	0.01264	0.00351	0.00582	0.01914	0.01194	0.01140
1	0.02671	0.15578	0.03174	0.01796	0.02744	0.02363	0.01530	0.09670	0.02653	0.03798	0.01939	0.02197	0.01600	0.00906	0.00823	0.00201	0.00943	0.00679	0.00668	0.44066
2	0.02982	0.22974	0.20040	0.02274	0.03403	0.02899	0.02428	0.07359	0.02610	0.10971	0.02200	0.02343	0.01648	0.01037	0.00906	0.00280	0.01221	0.00766	0.00667	0.10993
3	0.23134	0.27355	0.09237	0.01881	0.02792	0.03076	0.01842	0.03636	0.02280	0.12928	0.02066	0.02168	0.01566	0.01043	0.00799	0.00295	0.01073	0.00701	0.00688	0.01439
4	0.01558	0.01046	0.01197	0.01224	0.01231	0.01039	0.00698	0.01578	0.01639	0.02185	0.03708	0.12839	0.04308	0.55508	0.05109	0.00992	0.01012	0.01746	0.00698	0.00685
5	0.04121	0.03760	0.03212	0.02608	0.03378	0.21154	0.02084	0.35788	0.04455	0.05486	0.02310	0.02403	0.01706	0.01248	0.01055	0.00312	0.01452	0.00890	0.00916	0.01660
6	0.04811	0.01986	0.02611	0.02002	0.02848	0.01796	0.01654	0.10299	0.03338	0.50342	0.04119	0.03593	0.02607	0.01345	0.01096	0.00336	0.00957	0.01084	0.01321	0.01855
7	0.02059	0.01938	0.03270	0.59060	0.07510	0.02422	0.03028	0.02786	0.02180	0.02786	0.01938	0.02907	0.01453	0.01090	0.01090	0.00363	0.01453	0.00969	0.00484	0.01211
8	0.01708	0.01046	0.01142	0.01142	0.01211	0.01046	0.00688	0.01846	0.01777	0.02647	0.03469	0.06297	0.03645	0.45189	0.04243	0.00838	0.00907	0.01430	0.18971	0.00758
9	0.13184	0.20449	0.03724	0.02199	0.03027	0.09371	0.01887	0.25228	0.03584	0.04874	0.02037	0.02172	0.01576	0.01136	0.00905	0.00296	0.01222	0.00779	0.00791	0.01560
10	0.13128	0.01763	0.01981	0.01628	0.02252	0.01755	0.01319	0.09990	0.02915	0.24622	0.03432	0.03410	0.02404	0.01269	0.00922	0.00308	0.00809	0.00982	0.23636	0.01475
11	0.02345	0.06679	0.15236	0.18750	0.04663	0.02556	0.05116	0.06224	0.11794	0.03491	0.02560	0.03075	0.01980	0.02057	0.08316	0.00529	0.01555	0.00999	0.00645	0.01429
12	0.02517	0.01582	0.02035	0.01815	0.02119	0.01728	0.01374	0.07920	0.05427	0.10608	0.02993	0.04240	0.02662	0.14980	0.16769	0.12126	0.06049	0.01168	0.00770	0.01118
13	0.11666	0.01855	0.02751	0.43286	0.05953	0.02232	0.02478	0.02689	0.02173	0.03110	0.03051	0.03721	0.08240	0.01294	0.01056	0.00360	0.01249	0.01086	0.00580	0.01169
14	0.02186	0.03754	0.27585	0.09202	0.04577	0.02468	0.12026	0.03106	0.02362	0.03404	0.08680	0.03249	0.02593	0.01281	0.01434	0.00367	0.08651	0.01081	0.00577	0.01415
15	0.01737	0.01365	0.02308	0.02071	0.02354	0.01483	0.07687	0.02070	0.01810	0.02563	0.02680	0.03971	0.02468	0.06610	0.42481	0.11165	0.02497	0.01152	0.00564	0.00965

[dist]
# distance from previous block
# <min> <max>
1	78

[block]
# block no. 6 follows, 12 sequences, length 48
# corresponding to MSA columns:
# 825-872
name=unknown_G
#
# <colnr> <probs for GDERKNQSTAVLIFYWHMCP>
#	G	D	E	R	K	N	Q	S	T	A	V	L	I	F	Y	W	H	M	C	P
0	0.19951	0.03531	0.16094	0.02306	0.03156	0.11517	0.02239	0.08129	0.02612	0.08433	0.02143	0.02397	0.01599	0.01177	0.01107	0.00333	0.05445	0.00802	0.05615	0.01415
1	0.21074	0.06708	0.02519	0.01883	0.02603	0.02555	0.01551	0.14940	0.11518	0.12120	0.03746	0.03622	0.07984	0.01401	0.00977	0.00336	0.00933	0.01056	0.00964	0.01512
2	0.01353	0.00959	0.01258	0.01487	0.01544	0.00902	0.00979	0.01525	0.02040	0.02720	0.05764	0.55835	0.06902	0.08972	0.01788	0.00501	0.00673	0.02955	0.00979	0.00864
3	0.02950	0.51893	0.10305	0.02039	0.03031	0.04065	0.02089	0.07359	0.02471	0.03016	0.01652	0.01876	0.01436	0.00975	0.00765	0.00252	0.01211	0.00638	0.00519	0.01458
4	0.01376	0.01030	0.01277	0.01380	0.01568	0.00932	0.00972	0.01672	0.02447	0.03242	0.19971	0.34892	0.19373	0.02945	0.01339	0.00399	0.00582	0.02610	0.01062	0.00932
5	0.26373	0.08463	0.12272	0.06858	0.03487	0.02470	0.05547	0.03715	0.02331	0.15566	0.02306	0.02476	0.01635	0.01085	0.00914	0.00333	0.01150	0.00822	0.00745	0.01453
6	0.03882	0.01954	0.02930	0.18250	0.09437	0.01931	0.02176	0.04412	0.02795	0.35653	0.03416	0.03385	0.02254	0.01239	0.01093	0.00343	0.01111	0.01048	0.01027	0.01664
7	0.01757	0.01255	0.01757	0.02008	0.02259	0.01255	0.01757	0.02259	0.02510	0.03263	0.05773	0.12299	0.06275	0.03012	0.01506	0.00502	0.01004	0.47540	0.01004	0.01004
8	0.02337	0.02424	0.03941	0.42618	0.06776	0.07017	0.13335	0.03068	0.02340	0.02929	0.01975	0.02837	0.01493	0.01056	0.01124	0.00358	0.01579	0.01016	0.00505	0.01272
9	0.02720	0.10346	0.34648	0.06845	0.04285	0.02572	0.03182	0.03848	0.06029	0.11698	0.02461	0.02640	0.01737	0.01111	0.01020	0.00336	0.01392	0.00872	0.00651	0.01607
10	0.04892	0.01856	0.02530	0.01940	0.02783	0.01603	0.01603	0.05314	0.03121	0.55634	0.04302	0.03711	0.02699	0.01350	0.01096	0.00337	0.00928	0.01096	0.01350	0.01856
11	0.09354	0.01779	0.02289	0.01797	0.02561	0.01599	0.01476	0.04842	0.02932	0.46008	0.04010	0.03607	0.02597	0.01315	0.01027	0.00328	0.00874	0.01050	0.08843	0.01710
12	0.13235	0.02583	0.08797	0.18159	0.04333	0.02445	0.02303	0.11796	0.06569	0.15286	0.02679	0.02876	0.01875	0.01193	0.01024	0.00346	0.01181	0.00942	0.00843	0.01535
13	0.03064	0.02016	0.02937	0.08576	0.09044	0.02311	0.02121	0.03452	0.02273	0.19454	0.02706	0.03356	0.02135	0.06068	0.06343	0.00537	0.20351	0.01061	0.00781	0.01412
14	0.01510	0.01025	0.01211	0.01285	0.01304	0.01007	0.00764	0.01566	0.01732	0.02310	0.04189	0.22885	0.04914	0.44635	0.04333	0.00877	0.00933	0.02029	0.00764	0.00726
15	0.01590	0.01929	0.11499	0.01670	0.02170	0.01269	0.01550	0.02158	0.02699	0.03738	0.30505	0.14966	0.15561	0.02265	0.01255	0.00362	0.00741	0.01971	0.01005	0.01098
16	0.69383	0.02109	0.01603	0.01434	0.02109	0.02446	0.01181	0.03205	0.01856	0.04892	0.01518	0.01771	0.01181	0.01012	0.00675	0.00337	0.00843	0.00590	0.00675	0.01181
17	0.02228	0.08488	0.33049	0.02577	0.03713	0.02454	0.02937	0.03644	0.12395	0.03633	0.07061	0.07451	0.02941	0.01392	0.01073	0.00349	0.01266	0.01141	0.00692	0.01516
18	0.02385	0.02385	0.03340	0.02863	0.02863	0.03340	0.02385	0.02624	0.01670	0.02624	0.01431	0.02385	0.01431	0.01908	0.03578	0.00477	0.59685	0.00954	0.00477	0.01193
19	0.02915	0.62337	0.05714	0.01866	0.02799	0.04314	0.01866	0.03265	0.02215	0.02565	0.01516	0.01749	0.01399	0.00933	0.00700	0.00233	0.01166	0.00583	0.00466	0.01399
20	0.01586	0.01057	0.01189	0.01189	0.01189	0.01057	0.00661	0.01586	0.01586	0.02114	0.03436	0.07135	0.03964	0.61681	0.05550	0.01057	0.01057	0.01586	0.00661	0.00661
21	0.02059	0.01938	0.03270	0.59060	0.07510	0.02422	0.03028	0.02786	0.02180	0.02786	0.01938	0.02907	0.01453	0.01090	0.01090	0.00363	0.01453	0.00969	0.00484	0.01211
22	0.04073	0.05197	0.03090	0.02809	0.03371	0.57303	0.02107	0.04354	0.03090	0.02669	0.01685	0.01966	0.01404	0.01124	0.00983	0.00281	0.01966	0.00702	0.00562	0.01264
23	0.01586	0.01057	0.01189	0.01189	0.01189	0.01057	0.00661	0.01586	0.01586	0.02114	0.03436	0.07135	0.03964	0.61681	0.05550	0.01057	0.01057	0.01586	0.00661	0.00661
24	0.02033	0.01016	0.01016	0.01016	0.01270	0.01016	0.00762	0.02541	0.02287	0.04065	0.03557	0.04065	0.02795	0.01270	0.00762	0.00254	0.00508	0.01016	0.67734	0.01016
25	0.02597	0.02487	0.04242	0.15036	0.47332	0.02564	0.03296	0.03257	0.02435	0.03438	0.02033	0.02732	0.01684	0.00990	0.01081	0.00330	0.01321	0.00971	0.00531	0.01645
26	0.02016	0.01372	0.01810	0.01746	0.02164	0.01247	0.01448	0.02513	0.02689	0.07643	0.19631	0.08719	0.06433	0.02282	0.01292	0.00385	0.00818	0.22455	0.01030	0.12308
27	0.03047	0.55844	0.05415	0.01973	0.02864	0.10335	0.01893	0.03389	0.02315	0.02577	0.01535	0.01774	0.01400	0.00955	0.00732	0.00239	0.01257	0.00597	0.00477	0.01384
28	0.02347	0.01292	0.01715	0.01508	0.01906	0.01166	0.01166	0.02839	0.03095	0.16672	0.42307	0.07081	0.08467	0.02018	0.01241	0.00342	0.00614	0.01762	0.01236	0.01227
29	0.03112	0.02362	0.07578	0.07945	0.14659	0.02075	0.05914	0.07640	0.02790	0.18586	0.03420	0.12990	0.02902	0.01540	0.01152	0.00357	0.01148	0.01383	0.00890	0.01559
30	0.03428	0.10015	0.04238	0.03029	0.03804	0.17383	0.16241	0.04126	0.06298	0.12580	0.02468	0.02722	0.01850	0.01167	0.01263	0.00332	0.05875	0.00987	0.00723	0.01474
31	0.01883	0.01166	0.01498	0.01380	0.01686	0.01076	0.01047	0.02389	0.02998	0.08692	0.44290	0.07304	0.08792	0.02045	0.01210	0.00332	0.00549	0.01789	0.08773	0.01098
32	0.02458	0.02308	0.03643	0.28345	0.13338	0.02734	0.06321	0.06713	0.05832	0.03355	0.02102	0.02838	0.01665	0.01253	0.01565	0.00376	0.12170	0.01009	0.00584	0.01391
33	0.03696	0.10547	0.03487	0.02613	0.03228	0.25204	0.02113	0.19162	0.03425	0.04013	0.01928	0.02220	0.01554	0.01287	0.01399	0.00322	0.10815	0.00819	0.00709	0.01459
34	0.01662	0.01215	0.01520	0.01471	0.01509	0.01351	0.00975	0.01763	0.01627	0.02248	0.03129	0.06089	0.03462	0.45061	0.15503	0.01134	0.07437	0.01439	0.00627	0.00777
35	0.02609	0.02264	0.03841	0.28161	0.05645	0.02481	0.14816	0.03817	0.12351	0.08736	0.02740	0.03226	0.02001	0.01150	0.01145	0.00363	0.01381	0.01115	0.00713	0.01445
36	0.02059	0.01938	0.03270	0.59060	0.07510	0.02422	0.03028	0.02786	0.02180	0.02786	0.01938	0.02907	0.01453	0.01090	0.01090	0.00363	0.01453	0.00969	0.00484	0.01211
37	0.02879	0.02597	0.03135	0.25072	0.04880	0.07362	0.02437	0.15261	0.11012	0.04043	0.02425	0.02884	0.01844	0.01302	0.01367	0.00362	0.07956	0.00990	0.00738	0.01453
38	0.01349	0.01107	0.01188	0.01168	0.01510	0.00946	0.00876	0.01681	0.02627	0.03282	0.21253	0.09939	0.44020	0.02636	0.01288	0.00362	0.00543	0.02223	0.01057	0.00946
39	0.01656	0.06223	0.02038	0.02182	0.07803	0.01397	0.01419	0.01941	0.02183	0.02900	0.05167	0.44827	0.06020	0.02895	0.01310	0.00418	0.00787	0.06889	0.00913	0.01035
40	0.03202	0.21039	0.19767	0.02501	0.03612	0.03398	0.02598	0.23015	0.03436	0.04599	0.02100	0.02271	0.01581	0.01118	0.00961	0.00305	0.01313	0.00813	0.00721	0.01650
41	0.02294	0.01305	0.01431	0.01307	0.01571	0.01320	0.00921	0.07377	0.02369	0.07531	0.03470	0.05084	0.03146	0.24786	0.02684	0.00580	0.00825	0.01240	0.29731	0.01028
42	0.02869	0.07932	0.03303	0.29848	0.05188	0.02718	0.02416	0.11371	0.10588	0.09120	0.02636	0.03012	0.01930	0.01197	0.01057	0.00343	0.01240	0.00988	0.00766	0.01478
43	0.01663	0.01296	0.01447	0.01361	0.01724	0.01204	0.01031	0.06809	0.02911	0.03774	0.23082	0.12676	0.32026	0.02497	0.01275	0.00362	0.00613	0.02124	0.01078	0.01047
44	0.02331	0.08678	0.33730	0.07432	0.04187	0.02510	0.03107	0.08066	0.02698	0.03824	0.10205	0.03261	0.02835	0.01248	0.01060	0.00336	0.01350	0.01004	0.00644	0.01495
45	0.02638	0.02660	0.10951	0.07395	0.14226	0.02090	0.02347	0.08046	0.02651	0.07624	0.02545	0.07389	0.02157	0.01204	0.01019	0.00292	0.01115	0.01033	0.00711	0.21906
46	0.02821	0.01715	0.02276	0.02332	0.08229	0.01678	0.01590	0.07364	0.07721	0.17433	0.15422	0.17494	0.05288	0.01979	0.01204	0.00363	0.00827	0.01734	0.01104	0.01425
47	0.12968	0.08267	0.02817	0.02013	0.02762	0.08677	0.01650	0.08441	0.06224	0.08184	0.02208	0.02401	0.01727	0.01121	0.01102	0.00281	0.05919	0.00777	0.00746	0.21716

[dist]
# distance from previous block
# <min> <max>
0	9

[block]
# block no. 7 follows, 12 sequences, length 65
# corresponding to MSA columns:
# 882-946
name=unknown_H
#
# <colnr> <probs for GDERKNQSTAVLIFYWHMCP>
#	G	D	E	R	K	N	Q	S	T	A	V	L	I	F	Y	W	H	M	C	P
0	0.22356	0.11171	0.02632	0.09131	0.03006	0.02285	0.01563	0.03333	0.02258	0.11668	0.02293	0.02549	0.01732	0.01059	0.00828	0.00288	0.00942	0.00773	0.08321	0.11811
1	0.08269	0.02376	0.09545	0.14322	0.03866	0.02016	0.02136	0.03571	0.02418	0.17862	0.02648	0.02910	0.01890	0.01172	0.01147	0.00320	0.04938	0.00905	0.05763	0.11928
2	0.07674	0.02311	0.03796	0.22150	0.09137	0.02561	0.13430	0.03593	0.08965	0.07304	0.02440	0.02984	0.01837	0.01169	0.01296	0.00367	0.05842	0.01055	0.00664	0.01423
3	0.02023	0.09181	0.02066	0.01556	0.01896	0.01472	0.01198	0.02383	0.02601	0.09352	0.23551	0.26649	0.07103	0.02405	0.01227	0.00365	0.00691	0.02114	0.01050	0.01117
4	0.01897	0.01101	0.01436	0.01475	0.01645	0.01093	0.01062	0.02094	0.02022	0.06805	0.04084	0.19489	0.04233	0.12510	0.10131	0.09599	0.01091	0.05352	0.11968	0.00914
5	0.02826	0.02200	0.08842	0.02376	0.03039	0.01833	0.08660	0.03388	0.02539	0.19145	0.10005	0.08385	0.03653	0.02662	0.10349	0.00588	0.05849	0.01359	0.00903	0.01400
6	0.01319	0.00986	0.01227	0.01421	0.01556	0.00894	0.00969	0.01529	0.02181	0.02822	0.07198	0.49054	0.18360	0.03261	0.01367	0.00425	0.00614	0.02911	0.01012	0.00894
7	0.02724	0.02854	0.06771	0.08780	0.03389	0.11093	0.02122	0.10653	0.06062	0.03654	0.03374	0.03710	0.08683	0.01569	0.01634	0.00362	0.14427	0.01109	0.05701	0.01328
8	0.01419	0.01098	0.01294	0.01270	0.01559	0.00972	0.00943	0.01808	0.02756	0.03649	0.32356	0.13166	0.28693	0.02544	0.01295	0.00361	0.00539	0.02197	0.01107	0.00972
9	0.02029	0.02321	0.09953	0.36566	0.09832	0.02186	0.02806	0.02780	0.02392	0.03237	0.11876	0.03804	0.03141	0.01289	0.01119	0.00354	0.01284	0.01138	0.00621	0.01271
10	0.69383	0.02109	0.01603	0.01434	0.02109	0.02446	0.01181	0.03205	0.01856	0.04892	0.01518	0.01771	0.01181	0.01012	0.00675	0.00337	0.00843	0.00590	0.00675	0.01181
11	0.02900	0.02436	0.02571	0.02257	0.02907	0.02800	0.01771	0.11766	0.46630	0.04865	0.04199	0.03877	0.03135	0.01457	0.01107	0.00364	0.00907	0.01200	0.01107	0.01743
12	0.04794	0.02013	0.02628	0.02015	0.02862	0.01836	0.01664	0.11349	0.03384	0.49227	0.04080	0.03568	0.02588	0.01344	0.01096	0.00336	0.00964	0.01081	0.01316	0.01855
13	0.01586	0.01057	0.01189	0.01189	0.01189	0.01057	0.00661	0.01586	0.01586	0.02114	0.03436	0.07135	0.03964	0.61681	0.05550	0.01057	0.01057	0.01586	0.00661	0.00661
14	0.01328	0.00949	0.01265	0.01518	0.01581	0.00886	0.01012	0.01518	0.02088	0.02783	0.06010	0.60969	0.07212	0.03416	0.01392	0.00443	0.00633	0.03100	0.01012	0.00886
15	0.01894	0.00947	0.01420	0.01420	0.01420	0.00947	0.00947	0.01420	0.01420	0.01894	0.01894	0.03314	0.01894	0.03788	0.04261	0.68277	0.00947	0.00947	0.00473	0.00473
16	0.02385	0.02385	0.03340	0.02863	0.02863	0.03340	0.02385	0.02624	0.01670	0.02624	0.01431	0.02385	0.01431	0.01908	0.03578	0.00477	0.59685	0.00954	0.00477	0.01193
17	0.02466	0.02720	0.05819	0.04256	0.05247	0.02560	0.44459	0.03331	0.02565	0.03462	0.02675	0.04171	0.02262	0.01194	0.01316	0.00385	0.01729	0.07365	0.00611	0.01409
18	0.01514	0.01113	0.01417	0.01341	0.01611	0.01017	0.01006	0.02002	0.03018	0.04211	0.49398	0.08411	0.15295	0.02289	0.01286	0.00346	0.00519	0.02009	0.01179	0.01017
19	0.02059	0.01938	0.03270	0.59060	0.07510	0.02422	0.03028	0.02786	0.02180	0.02786	0.01938	0.02907	0.01453	0.01090	0.01090	0.00363	0.01453	0.00969	0.00484	0.01211
20	0.02033	0.01016	0.01016	0.01016	0.01270	0.01016	0.00762	0.02541	0.02287	0.04065	0.03557	0.04065	0.02795	0.01270	0.00762	0.00254	0.00508	0.01016	0.67734	0.01016
21	0.01608	0.01201	0.01549	0.01702	0.01987	0.01143	0.01437	0.02047	0.02549	0.03263	0.11157	0.11456	0.20176	0.02879	0.01427	0.00452	0.00837	0.31126	0.01022	0.00982
22	0.04892	0.01856	0.02530	0.01940	0.02783	0.01603	0.01603	0.05314	0.03121	0.55634	0.04302	0.03711	0.02699	0.01350	0.01096	0.00337	0.00928	0.01096	0.01350	0.01856
23	0.04776	0.02042	0.02646	0.02029	0.02877	0.01880	0.01676	0.12467	0.03433	0.48039	0.04039	0.03541	0.02567	0.01343	0.01096	0.00336	0.00970	0.01079	0.01309	0.01855
24	0.01510	0.01102	0.01420	0.01365	0.01615	0.01011	0.01014	0.01985	0.02973	0.04160	0.47867	0.12228	0.12962	0.02352	0.01294	0.00352	0.00526	0.02077	0.01174	0.01011
25	0.01328	0.00949	0.01265	0.01518	0.01581	0.00886	0.01012	0.01518	0.02088	0.02783	0.06010	0.60969	0.07212	0.03416	0.01392	0.00443	0.00633	0.03100	0.01012	0.00886
26	0.01506	0.01101	0.01465	0.07923	0.02110	0.01123	0.01112	0.01687	0.01914	0.02538	0.04602	0.34602	0.05365	0.24563	0.02885	0.00660	0.00882	0.02302	0.00823	0.00840
27	0.01998	0.01583	0.02386	0.02248	0.02622	0.01576	0.08015	0.07740	0.02680	0.03549	0.05022	0.25528	0.05466	0.02673	0.01394	0.00446	0.01017	0.21977	0.00957	0.01124
28	0.01543	0.01115	0.01457	0.01372	0.01629	0.01029	0.01029	0.02058	0.03086	0.04372	0.54304	0.08145	0.10288	0.02229	0.01286	0.00343	0.00514	0.01972	0.01200	0.01029
29	0.69383	0.02109	0.01603	0.01434	0.02109	0.02446	0.01181	0.03205	0.01856	0.04892	0.01518	0.01771	0.01181	0.01012	0.00675	0.00337	0.00843	0.00590	0.00675	0.01181
30	0.01849	0.01688	0.02892	0.31739	0.05126	0.01896	0.07719	0.02400	0.02191	0.02865	0.03465	0.24247	0.03592	0.01925	0.01223	0.00393	0.01195	0.01788	0.00686	0.01121
31	0.60536	0.02086	0.01822	0.09006	0.02818	0.02443	0.01424	0.03150	0.01898	0.04615	0.01573	0.01920	0.01217	0.01022	0.00729	0.00341	0.00924	0.00640	0.00650	0.01185
32	0.02436	0.02413	0.10453	0.13823	0.12020	0.02086	0.05649	0.03031	0.02331	0.09978	0.03213	0.16649	0.03029	0.01704	0.01364	0.00379	0.05847	0.01489	0.00733	0.01371
33	0.02283	0.13090	0.49419	0.02945	0.04467	0.02766	0.03744	0.03428	0.02291	0.03336	0.01899	0.02229	0.01384	0.01022	0.00992	0.00331	0.01553	0.00776	0.00461	0.01584
34	0.03429	0.13917	0.07600	0.02235	0.03206	0.02536	0.05501	0.11696	0.02987	0.18047	0.02634	0.02670	0.01893	0.01087	0.00966	0.00280	0.01111	0.00872	0.00855	0.16477
35	0.02261	0.01938	0.02261	0.01615	0.02584	0.01453	0.01292	0.02745	0.02261	0.03553	0.01938	0.02261	0.01615	0.00807	0.00807	0.00161	0.00807	0.00646	0.00646	0.68346
36	0.24988	0.19522	0.07082	0.01877	0.02688	0.03038	0.01735	0.10827	0.06593	0.04342	0.02109	0.02294	0.01657	0.01094	0.00814	0.00303	0.01023	0.00749	0.05855	0.01410
37	0.01433	0.01110	0.01304	0.01256	0.01561	0.00982	0.00942	0.01844	0.02825	0.03753	0.35512	0.09165	0.29466	0.02460	0.01287	0.00354	0.00531	0.02115	0.01119	0.00982
38	0.01489	0.01112	0.01383	0.01315	0.01596	0.01006	0.00986	0.01953	0.02959	0.04070	0.45145	0.08642	0.19635	0.02342	0.01287	0.00348	0.00522	0.02042	0.01161	0.01006
39	0.03826	0.14879	0.03609	0.07115	0.03460	0.02558	0.05480	0.08097	0.06925	0.28162	0.03234	0.03114	0.02224	0.01214	0.01027	0.00322	0.01107	0.00993	0.00990	0.01664
40	0.02671	0.15211	0.08007	0.17514	0.04437	0.02927	0.06108	0.03819	0.13112	0.07246	0.02547	0.02886	0.01946	0.01205	0.01212	0.00343	0.05703	0.00964	0.00683	0.01461
41	0.01394	0.00996	0.01340	0.01593	0.01685	0.00942	0.01126	0.01632	0.02152	0.02857	0.05973	0.53520	0.07068	0.03354	0.01409	0.00452	0.00689	0.09901	0.01011	0.00904
42	0.01328	0.00949	0.01265	0.01518	0.01581	0.00886	0.01012	0.01518	0.02088	0.02783	0.06010	0.60969	0.07212	0.03416	0.01392	0.00443	0.00633	0.03100	0.01012	0.00886
43	0.02915	0.62337	0.05714	0.01866	0.02799	0.04314	0.01866	0.03265	0.02215	0.02565	0.01516	0.01749	0.01399	0.00933	0.00700	0.00233	0.01166	0.00583	0.00466	0.01399
44	0.01581	0.01186	0.01499	0.01516	0.01760	0.01118	0.01090	0.02140	0.06279	0.03627	0.25723	0.30931	0.07838	0.02608	0.01289	0.00377	0.00612	0.02331	0.01074	0.05423
45	0.02753	0.03723	0.25875	0.07222	0.04385	0.02450	0.09650	0.04174	0.12870	0.11622	0.02860	0.03016	0.02027	0.01163	0.01099	0.00354	0.01372	0.01018	0.00745	0.01622
46	0.02958	0.02081	0.03315	0.20469	0.15346	0.02173	0.05593	0.03765	0.06489	0.16770	0.07293	0.03612	0.02749	0.01248	0.01121	0.00347	0.01184	0.01130	0.00831	0.01526
47	0.02317	0.02261	0.08153	0.01991	0.02544	0.02138	0.01732	0.04061	0.25360	0.04154	0.10710	0.04309	0.03821	0.01521	0.01239	0.00346	0.05310	0.01220	0.15391	0.01421
48	0.02297	0.01970	0.02277	0.01663	0.02604	0.01555	0.01327	0.02990	0.06329	0.03634	0.02139	0.02406	0.01753	0.00861	0.00832	0.00178	0.00812	0.00693	0.00683	0.62996
49	0.02583	0.01926	0.02986	0.41141	0.05969	0.02240	0.02566	0.06783	0.02540	0.11062	0.02698	0.08015	0.02169	0.01347	0.01117	0.00364	0.01284	0.01173	0.00707	0.01330
50	0.02699	0.02591	0.04426	0.06693	0.54879	0.02591	0.03346	0.03346	0.02483	0.03562	0.02051	0.02699	0.01727	0.00972	0.01079	0.00324	0.01295	0.00972	0.00540	0.01727
51	0.02261	0.01938	0.02261	0.01615	0.02584	0.01453	0.01292	0.02745	0.02261	0.03553	0.01938	0.02261	0.01615	0.00807	0.00807	0.00161	0.00807	0.00646	0.00646	0.68346
52	0.02174	0.02301	0.04774	0.03607	0.04377	0.02156	0.34894	0.02859	0.02417	0.03265	0.03427	0.21574	0.03439	0.01721	0.01320	0.00392	0.01451	0.01869	0.00699	0.01283
53	0.01560	0.01160	0.01711	0.01711	0.01891	0.01340	0.01311	0.01920	0.01740	0.02500	0.02959	0.04495	0.02818	0.12141	0.53522	0.01701	0.02783	0.01199	0.00590	0.00950
54	0.08593	0.03375	0.10964	0.02293	0.03184	0.15054	0.02059	0.07286	0.06145	0.16466	0.02637	0.02658	0.01889	0.01143	0.00983	0.00299	0.01267	0.00851	0.00831	0.12023
55	0.01739	0.01283	0.01744	0.01875	0.02177	0.01233	0.01569	0.02186	0.02366	0.03174	0.05159	0.17463	0.05615	0.03204	0.05565	0.00548	0.01072	0.32474	0.00933	0.08622
