[name]
unknown

[dist]
# distance from previous block
# <min> <max>
0	3

[block]
# block no. 0 follows, 11 sequences, length 31
# corresponding to MSA columns:
# 3-33
name=unknown_A
#
# <colnr> <probs for GDERKNQSTAVLIFYWHMCP>
#	G	D	E	R	K	N	Q	S	T	A	V	L	I	F	Y	W	H	M	C	P
0	0.01791	0.01281	0.01782	0.02005	0.02265	0.01271	0.01736	0.02310	0.02653	0.03487	0.10808	0.12252	0.06906	0.03026	0.01531	0.00501	0.00984	0.41316	0.01057	0.01039
1	0.02706	0.02641	0.04649	0.11872	0.44134	0.02673	0.07899	0.03410	0.02540	0.03588	0.02121	0.02832	0.01747	0.01010	0.01136	0.00343	0.01408	0.01034	0.00553	0.01703
2	0.01475	0.01090	0.01379	0.01425	0.01639	0.00993	0.01024	0.01852	0.02732	0.03716	0.30216	0.26504	0.16181	0.02810	0.01366	0.00394	0.00579	0.02491	0.01141	0.00993
3	0.03269	0.02596	0.03416	0.03089	0.08225	0.02907	0.06272	0.13629	0.20198	0.10017	0.03263	0.03350	0.02443	0.01445	0.01554	0.00382	0.10137	0.01139	0.00958	0.01713
4	0.01595	0.01074	0.01240	0.01281	0.01291	0.01063	0.00739	0.01626	0.01718	0.02291	0.03964	0.15595	0.04619	0.51496	0.05054	0.00991	0.01022	0.01882	0.00739	0.00718
5	0.02558	0.02442	0.04158	0.24412	0.37696	0.02614	0.03341	0.03255	0.02455	0.03401	0.02077	0.02860	0.01686	0.01045	0.01118	0.00348	0.01393	0.01002	0.00538	0.01599
6	0.02800	0.02418	0.02545	0.02291	0.02927	0.02800	0.01782	0.05981	0.51390	0.04708	0.04581	0.04199	0.03436	0.01527	0.01145	0.00382	0.00891	0.01273	0.01145	0.01782
7	0.01427	0.01070	0.01324	0.01416	0.01619	0.00967	0.01003	0.01745	0.02564	0.03403	0.21372	0.32330	0.19666	0.02994	0.01378	0.00407	0.00596	0.02649	0.01103	0.00967
8	0.03245	0.02439	0.03393	0.02703	0.03484	0.02553	0.11307	0.09383	0.25203	0.13721	0.07072	0.04029	0.03294	0.01420	0.01190	0.00369	0.01115	0.01283	0.01079	0.01719
9	0.39347	0.03084	0.02261	0.01984	0.02674	0.18269	0.01572	0.04003	0.02500	0.12095	0.02070	0.02203	0.01534	0.01134	0.00860	0.00331	0.01229	0.00726	0.00771	0.01354
10	0.03066	0.03307	0.09795	0.04873	0.21646	0.08134	0.19393	0.03833	0.02710	0.08689	0.02362	0.02863	0.01790	0.01046	0.01177	0.00349	0.01599	0.01085	0.00641	0.01642
11	0.03282	0.03018	0.04349	0.05230	0.31588	0.06373	0.07482	0.16454	0.03375	0.04565	0.02272	0.02738	0.01791	0.01105	0.01132	0.00337	0.01409	0.01020	0.00719	0.01763
12	0.01637	0.01091	0.01228	0.01228	0.01228	0.01091	0.00682	0.01637	0.01637	0.02182	0.03546	0.07365	0.04092	0.60445	0.05729	0.01091	0.01091	0.01637	0.00682	0.00682
13	0.02925	0.15779	0.28026	0.03019	0.04250	0.13067	0.07609	0.06453	0.02713	0.03453	0.01946	0.02286	0.01490	0.01071	0.01022	0.00323	0.01643	0.00827	0.00544	0.01555
14	0.01498	0.01570	0.07064	0.01622	0.01966	0.01133	0.01342	0.01895	0.02458	0.03284	0.15404	0.33283	0.17512	0.02887	0.01353	0.00410	0.00721	0.02548	0.01019	0.01030
15	0.08867	0.16785	0.39473	0.02777	0.04203	0.02982	0.03415	0.03500	0.02313	0.03522	0.01883	0.02206	0.01409	0.01045	0.00962	0.00332	0.01492	0.00763	0.00498	0.01575
16	0.02686	0.01350	0.01714	0.01580	0.01959	0.01211	0.01150	0.02938	0.02480	0.20433	0.05867	0.22020	0.12307	0.14390	0.02198	0.00538	0.00835	0.02037	0.01090	0.01217
17	0.03170	0.26570	0.21922	0.02480	0.03664	0.03366	0.02699	0.10944	0.02891	0.09232	0.02211	0.02362	0.01657	0.01107	0.00949	0.00307	0.01341	0.00803	0.00679	0.01645
18	0.03307	0.31743	0.15422	0.02342	0.03432	0.03594	0.02418	0.13119	0.03013	0.08738	0.02173	0.02307	0.01667	0.01107	0.00918	0.00296	0.01285	0.00786	0.00701	0.01633
19	0.15502	0.09325	0.08383	0.02230	0.03193	0.03014	0.02025	0.24027	0.03580	0.05337	0.02189	0.02352	0.01646	0.01142	0.00951	0.00304	0.01146	0.00821	0.00838	0.11992
20	0.03166	0.08170	0.02758	0.02094	0.02721	0.02410	0.01690	0.11433	0.17472	0.14124	0.04334	0.14679	0.03801	0.01886	0.01175	0.00376	0.00954	0.04076	0.01097	0.01586
21	0.02973	0.07729	0.03653	0.03945	0.21075	0.02974	0.02432	0.09567	0.24618	0.04416	0.03231	0.03322	0.02505	0.01271	0.01095	0.00348	0.01116	0.01089	0.00874	0.01767
22	0.01662	0.01345	0.01501	0.01427	0.01803	0.01284	0.01080	0.02497	0.10479	0.03868	0.26222	0.08859	0.28936	0.02432	0.01300	0.00370	0.00606	0.02072	0.01135	0.01124
23	0.31153	0.02671	0.07675	0.02028	0.02874	0.02542	0.01812	0.10203	0.10423	0.14210	0.02768	0.02743	0.01970	0.01228	0.00942	0.00353	0.01020	0.00886	0.00929	0.01573
24	0.09599	0.14792	0.08311	0.02041	0.02867	0.08015	0.01862	0.03977	0.06928	0.15997	0.04152	0.04019	0.10028	0.01455	0.01019	0.00329	0.01116	0.01108	0.00884	0.01499
25	0.01834	0.01143	0.01518	0.01552	0.01778	0.01048	0.01114	0.02187	0.02672	0.08749	0.24518	0.33673	0.08230	0.02823	0.01362	0.00405	0.00636	0.02527	0.01157	0.01075
26	0.02694	0.02658	0.04766	0.12060	0.41016	0.02683	0.10632	0.03415	0.02544	0.03579	0.02130	0.02848	0.01741	0.01008	0.01149	0.00346	0.01443	0.01054	0.00553	0.01684
27	0.03636	0.22283	0.03915	0.02110	0.02944	0.02646	0.06544	0.04112	0.02706	0.23354	0.03106	0.03109	0.02228	0.01186	0.00957	0.00301	0.01072	0.00957	0.11260	0.01576
28	0.02536	0.02717	0.08513	0.11243	0.39518	0.02481	0.03250	0.03223	0.02475	0.03508	0.02492	0.08273	0.02270	0.01265	0.01143	0.00352	0.01316	0.01200	0.00591	0.01634
29	0.01682	0.01353	0.01872	0.02255	0.09773	0.01263	0.01393	0.02117	0.02752	0.03750	0.26985	0.18512	0.17095	0.02458	0.01317	0.00377	0.00691	0.02180	0.01053	0.01123
30	0.02382	0.02557	0.08822	0.13289	0.04416	0.02386	0.12400	0.08073	0.05941	0.03827	0.07846	0.12393	0.03523	0.01678	0.01400	0.00389	0.04997	0.01517	0.00779	0.01385

[dist]
# distance from previous block
# <min> <max>
4	9

[block]
# block no. 1 follows, 11 sequences, length 17
# corresponding to MSA columns:
# 45-61
name=unknown_B
#
# <colnr> <probs for GDERKNQSTAVLIFYWHMCP>
#	G	D	E	R	K	N	Q	S	T	A	V	L	I	F	Y	W	H	M	C	P
0	0.02173	0.01232	0.01476	0.01387	0.01686	0.01192	0.01013	0.02486	0.02250	0.10452	0.05173	0.06278	0.13125	0.17332	0.12163	0.00781	0.01186	0.01497	0.16060	0.01058
1	0.14274	0.02648	0.10213	0.02243	0.03142	0.02118	0.06772	0.03170	0.05152	0.03914	0.05543	0.03276	0.05118	0.01224	0.01134	0.00304	0.04359	0.00980	0.00707	0.23708
2	0.03374	0.12758	0.03454	0.20686	0.04517	0.02612	0.02215	0.04300	0.09724	0.20481	0.03122	0.03239	0.02207	0.01245	0.01057	0.00343	0.01174	0.01012	0.00893	0.01588
3	0.02916	0.24743	0.19202	0.02339	0.03459	0.03100	0.02483	0.03959	0.09045	0.08901	0.02461	0.02568	0.01875	0.01105	0.00937	0.00299	0.01236	0.00824	0.00686	0.07861
4	0.04025	0.02817	0.07582	0.02233	0.03027	0.07974	0.01915	0.14481	0.03369	0.25748	0.03400	0.03759	0.02507	0.09905	0.01780	0.00448	0.01223	0.01106	0.01055	0.01646
5	0.01776	0.01412	0.02175	0.02145	0.02483	0.01356	0.06714	0.02274	0.02585	0.03392	0.10222	0.17923	0.10812	0.02840	0.01472	0.00467	0.00986	0.26896	0.01005	0.01065
6	0.02345	0.02229	0.02757	0.03455	0.19243	0.09005	0.02013	0.02889	0.02978	0.03996	0.28962	0.05665	0.06425	0.01713	0.01214	0.00339	0.01003	0.01513	0.00922	0.01336
7	0.01400	0.01035	0.01254	0.01414	0.01546	0.00949	0.00946	0.01589	0.02180	0.02814	0.07084	0.40196	0.18050	0.11629	0.02034	0.00530	0.00696	0.02772	0.00992	0.00889
8	0.01504	0.01147	0.01381	0.01323	0.01627	0.01024	0.00992	0.01952	0.02976	0.04015	0.38801	0.09228	0.24960	0.02487	0.01328	0.00363	0.00544	0.02151	0.01173	0.01024
9	0.01968	0.01736	0.02500	0.02292	0.02408	0.02267	0.01852	0.02304	0.01773	0.02653	0.02367	0.03596	0.02250	0.05713	0.33938	0.01254	0.26359	0.01113	0.00556	0.01100
10	0.02685	0.02692	0.04949	0.11677	0.37080	0.02698	0.14600	0.03431	0.02553	0.03576	0.02144	0.02869	0.01735	0.01002	0.01168	0.00350	0.01491	0.01082	0.00554	0.01663
11	0.68395	0.02177	0.01654	0.01480	0.02177	0.02525	0.01219	0.03309	0.01915	0.05050	0.01567	0.01828	0.01219	0.01045	0.00697	0.00348	0.00871	0.00609	0.00697	0.01219
12	0.02907	0.02772	0.04758	0.06190	0.41847	0.02776	0.09996	0.07799	0.02832	0.03986	0.02195	0.02814	0.01784	0.01028	0.01146	0.00341	0.01409	0.01051	0.00612	0.01757
13	0.01558	0.01149	0.01455	0.01379	0.01660	0.01047	0.01034	0.02055	0.03102	0.04315	0.47240	0.08735	0.16334	0.02375	0.01328	0.00358	0.00536	0.02081	0.01213	0.01047
14	0.01371	0.00979	0.01306	0.01567	0.01632	0.00914	0.01045	0.01567	0.02155	0.02873	0.06203	0.59710	0.07444	0.03526	0.01437	0.00457	0.00653	0.03200	0.01045	0.00914
15	0.02916	0.22712	0.11986	0.03885	0.20274	0.03345	0.02771	0.07743	0.07319	0.03714	0.02203	0.02525	0.01786	0.01080	0.00980	0.00311	0.01289	0.00870	0.00626	0.01664
16	0.03134	0.55312	0.05616	0.02027	0.02950	0.09817	0.01952	0.03487	0.02381	0.02659	0.01583	0.01829	0.01445	0.00983	0.00753	0.00246	0.01290	0.00615	0.00492	0.01430

[dist]
# distance from previous block
# <min> <max>
0	1

[block]
# block no. 2 follows, 11 sequences, length 24
# corresponding to MSA columns:
# 63-86
name=unknown_C
#
# <colnr> <probs for GDERKNQSTAVLIFYWHMCP>
#	G	D	E	R	K	N	Q	S	T	A	V	L	I	F	Y	W	H	M	C	P
0	0.07945	0.26457	0.14475	0.02182	0.03240	0.03031	0.02245	0.04099	0.02586	0.19887	0.02600	0.02587	0.01865	0.01131	0.00925	0.00307	0.01194	0.00823	0.00793	0.01628
1	0.08909	0.02224	0.02743	0.02659	0.08864	0.02294	0.01884	0.05265	0.21946	0.24865	0.03991	0.03692	0.02798	0.01372	0.01101	0.00360	0.00970	0.01130	0.01141	0.01792
2	0.02800	0.02418	0.02545	0.02291	0.02927	0.02800	0.01782	0.05981	0.51390	0.04708	0.04581	0.04199	0.03436	0.01527	0.01145	0.00382	0.00891	0.01273	0.01145	0.01782
3	0.01482	0.01081	0.01394	0.01453	0.01648	0.00993	0.01038	0.01858	0.02720	0.03731	0.30629	0.29173	0.12940	0.02839	0.01371	0.00398	0.00583	0.02531	0.01145	0.00993
4	0.25782	0.02685	0.09498	0.02063	0.02987	0.02296	0.01909	0.09760	0.02915	0.25203	0.02940	0.02827	0.01971	0.01227	0.00977	0.00348	0.01059	0.00902	0.01002	0.01648
5	0.08120	0.19072	0.28660	0.02576	0.03844	0.03060	0.02945	0.07590	0.02645	0.08578	0.02157	0.02353	0.01585	0.01095	0.00962	0.00324	0.01380	0.00799	0.00637	0.01618
6	0.04306	0.03148	0.02621	0.02222	0.02893	0.22871	0.01737	0.04697	0.03089	0.27032	0.03273	0.03175	0.02275	0.01290	0.01038	0.00313	0.01318	0.00961	0.10186	0.01555
7	0.20156	0.02950	0.09928	0.03435	0.10672	0.02603	0.14320	0.07883	0.02733	0.11357	0.02380	0.02691	0.01727	0.01093	0.01059	0.00354	0.01337	0.00983	0.00754	0.01585
8	0.01438	0.01144	0.01290	0.01254	0.01587	0.00996	0.00940	0.01824	0.02820	0.03646	0.28428	0.09835	0.35563	0.02625	0.01329	0.00369	0.00554	0.02236	0.01125	0.00996
9	0.02829	0.10610	0.03013	0.02240	0.02921	0.03030	0.01802	0.05616	0.44538	0.04421	0.04160	0.03865	0.03158	0.01448	0.01086	0.00362	0.00934	0.01179	0.01053	0.01734
10	0.02286	0.05362	0.47612	0.03173	0.04609	0.02728	0.03926	0.03447	0.02287	0.03447	0.01946	0.02388	0.01433	0.01193	0.01428	0.00375	0.09425	0.00853	0.00478	0.01604
11	0.03128	0.10598	0.20023	0.03297	0.04507	0.02790	0.18167	0.06955	0.02807	0.13059	0.02543	0.02816	0.01804	0.01095	0.01128	0.00347	0.01527	0.01035	0.00720	0.01653
12	0.38747	0.02930	0.02425	0.02035	0.02782	0.10146	0.01649	0.18558	0.03189	0.05401	0.01960	0.02140	0.01477	0.01160	0.00880	0.00337	0.01149	0.00757	0.00820	0.01457
13	0.01637	0.01091	0.01228	0.01228	0.01228	0.01091	0.00682	0.01637	0.01637	0.02182	0.03546	0.07365	0.04092	0.60445	0.05729	0.01091	0.01091	0.01637	0.00682	0.00682
14	0.01563	0.01138	0.01360	0.01305	0.01602	0.01029	0.00978	0.02024	0.02935	0.04065	0.36628	0.08722	0.21998	0.02369	0.01280	0.00353	0.00542	0.02044	0.07035	0.01029
15	0.01593	0.01150	0.01504	0.01416	0.01681	0.01062	0.01062	0.02124	0.03186	0.04513	0.52830	0.08407	0.10620	0.02301	0.01327	0.00354	0.00531	0.02035	0.01239	0.01062
16	0.01583	0.01140	0.01506	0.01500	0.01737	0.01064	0.01131	0.02066	0.02985	0.04175	0.41852	0.15976	0.09782	0.02549	0.01364	0.00384	0.00596	0.06378	0.01193	0.01039
17	0.01744	0.01215	0.01582	0.01739	0.01895	0.01215	0.01366	0.02057	0.02214	0.02900	0.05006	0.10589	0.05535	0.25768	0.03204	0.00745	0.01058	0.28375	0.00896	0.00896
18	0.01920	0.01511	0.01808	0.01623	0.01972	0.01547	0.01264	0.07700	0.03119	0.04224	0.30006	0.07860	0.20925	0.02315	0.01530	0.00373	0.06146	0.01911	0.01098	0.01147
19	0.02617	0.02751	0.05391	0.04421	0.10819	0.02681	0.32983	0.03805	0.09440	0.03747	0.02909	0.04032	0.02384	0.01229	0.01297	0.00387	0.01613	0.05261	0.00690	0.01543
20	0.02580	0.02410	0.03834	0.12524	0.34198	0.02350	0.02867	0.03217	0.02462	0.03565	0.02071	0.02700	0.01715	0.00976	0.01044	0.00297	0.01231	0.00917	0.00577	0.18466
21	0.03195	0.02358	0.03502	0.04354	0.27339	0.02257	0.02484	0.04082	0.08484	0.14710	0.02892	0.03098	0.02176	0.01119	0.01071	0.00313	0.01111	0.01002	0.00828	0.13625
22	0.02697	0.02546	0.04123	0.13220	0.40127	0.02668	0.03176	0.03728	0.09334	0.03711	0.02445	0.03012	0.01975	0.01093	0.01120	0.00346	0.01297	0.01040	0.00631	0.01710
23	0.04080	0.02655	0.10369	0.03427	0.16095	0.02049	0.02465	0.04697	0.02935	0.34200	0.03508	0.03360	0.02339	0.01248	0.01119	0.00346	0.01153	0.01057	0.01051	0.01846

[dist]
# distance from previous block
# <min> <max>
1	3

[block]
# block no. 3 follows, 11 sequences, length 8
# corresponding to MSA columns:
# 90-97
name=unknown_D
#
# <colnr> <probs for GDERKNQSTAVLIFYWHMCP>
#	G	D	E	R	K	N	Q	S	T	A	V	L	I	F	Y	W	H	M	C	P
0	0.03133	0.02073	0.02724	0.02497	0.09884	0.01708	0.01720	0.03639	0.02606	0.17350	0.02677	0.02803	0.01986	0.01009	0.00954	0.00240	0.00938	0.00840	0.00848	0.40370
1	0.02703	0.02512	0.03864	0.05274	0.36782	0.02472	0.02821	0.03694	0.09409	0.03821	0.02443	0.02900	0.01994	0.01045	0.01066	0.00310	0.01180	0.00978	0.00661	0.14072
2	0.03005	0.02128	0.02704	0.02489	0.09199	0.01864	0.01731	0.03892	0.09463	0.14016	0.02872	0.02957	0.02157	0.01066	0.00973	0.00255	0.00931	0.00889	0.00867	0.36541
3	0.04186	0.02428	0.09172	0.02093	0.03089	0.01747	0.01913	0.04744	0.02948	0.38289	0.03675	0.03365	0.02403	0.01247	0.01068	0.00315	0.01024	0.01007	0.01140	0.14148
4	0.03480	0.02779	0.13011	0.02180	0.03223	0.01922	0.02081	0.04392	0.07760	0.24472	0.03270	0.03148	0.02259	0.01182	0.01035	0.00302	0.01058	0.00953	0.00975	0.20518
5	0.03497	0.01845	0.02329	0.01839	0.02604	0.01623	0.01477	0.04249	0.07957	0.27273	0.12924	0.04356	0.04045	0.01439	0.01096	0.00308	0.00840	0.01201	0.01159	0.17940
6	0.03070	0.02045	0.02626	0.02271	0.07737	0.01656	0.01625	0.03570	0.02582	0.16532	0.02633	0.02760	0.01963	0.00993	0.00937	0.00229	0.00915	0.00818	0.00841	0.44197
7	0.04090	0.02175	0.02994	0.02913	0.12367	0.01972	0.01977	0.08322	0.03116	0.32050	0.03437	0.03282	0.02331	0.01219	0.01076	0.00313	0.01031	0.01017	0.01088	0.13228

[dist]
# distance from previous block
# <min> <max>
0	1

[block]
# block no. 4 follows, 11 sequences, length 7
# corresponding to MSA columns:
# 99-105
name=unknown_E
#
# <colnr> <probs for GDERKNQSTAVLIFYWHMCP>
#	G	D	E	R	K	N	Q	S	T	A	V	L	I	F	Y	W	H	M	C	P
0	0.03738	0.01809	0.02312	0.01903	0.02574	0.01711	0.01524	0.04704	0.12079	0.32197	0.17024	0.05086	0.04939	0.01653	0.01185	0.00356	0.00835	0.01392	0.01307	0.01669
1	0.03774	0.02698	0.02779	0.02191	0.03042	0.08605	0.01759	0.15186	0.09067	0.17576	0.03068	0.02990	0.02195	0.01220	0.01038	0.00294	0.01110	0.00947	0.01009	0.19452
2	0.13035	0.02486	0.06789	0.02097	0.02934	0.02286	0.01811	0.04877	0.21335	0.17668	0.03575	0.03375	0.02556	0.01299	0.01032	0.00340	0.00964	0.01028	0.01031	0.09482
3	0.03098	0.02401	0.08219	0.01934	0.02971	0.01668	0.01739	0.03669	0.02591	0.18035	0.02697	0.02765	0.01959	0.01019	0.00945	0.00239	0.00961	0.00817	0.00852	0.41423
4	0.04408	0.02116	0.02672	0.02025	0.02925	0.01897	0.01664	0.11531	0.03357	0.37405	0.03709	0.03373	0.02440	0.01278	0.01073	0.00311	0.00975	0.01024	0.01213	0.14604
5	0.03897	0.01989	0.02471	0.01997	0.02763	0.01893	0.01607	0.05080	0.15991	0.32018	0.08545	0.04199	0.03552	0.01459	0.01126	0.00341	0.00891	0.01207	0.01248	0.07726
6	0.03824	0.02200	0.02658	0.01989	0.02917	0.01966	0.01626	0.13391	0.03291	0.24768	0.03128	0.03013	0.02169	0.01164	0.01013	0.00275	0.00966	0.00925	0.01053	0.27664

[dist]
# distance from previous block
# <min> <max>
12	53

[block]
# block no. 5 follows, 11 sequences, length 72
# corresponding to MSA columns:
# 159-230
name=unknown_F
#
# <colnr> <probs for GDERKNQSTAVLIFYWHMCP>
#	G	D	E	R	K	N	Q	S	T	A	V	L	I	F	Y	W	H	M	C	P
0	0.03355	0.02871	0.08394	0.02593	0.03467	0.06591	0.07689	0.04455	0.12099	0.17489	0.03140	0.03174	0.02263	0.01263	0.01273	0.00335	0.05225	0.01033	0.00907	0.12384
1	0.10131	0.02126	0.02402	0.01930	0.02751	0.02051	0.01545	0.04561	0.17727	0.17519	0.03401	0.03255	0.02465	0.01219	0.00995	0.00300	0.00888	0.00972	0.01011	0.22751
2	0.08733	0.07850	0.02751	0.01966	0.02726	0.02196	0.01623	0.04916	0.13676	0.29958	0.08399	0.03981	0.03397	0.01437	0.01080	0.00346	0.00922	0.01154	0.01182	0.01709
3	0.03621	0.19239	0.03424	0.01863	0.02732	0.02393	0.01620	0.04056	0.02773	0.24931	0.07427	0.03355	0.02873	0.01240	0.00972	0.00282	0.00968	0.00967	0.00972	0.14291
4	0.03929	0.08133	0.14423	0.02269	0.03338	0.02226	0.02233	0.07636	0.03005	0.30189	0.03289	0.03104	0.02195	0.01225	0.01052	0.00322	0.01142	0.00964	0.01019	0.08307
5	0.16473	0.01714	0.02040	0.01793	0.02338	0.01792	0.01432	0.03658	0.06814	0.18589	0.09239	0.04173	0.03467	0.03510	0.17164	0.00781	0.01486	0.01167	0.00977	0.01391
6	0.08977	0.08370	0.02784	0.01988	0.02789	0.02443	0.01623	0.04679	0.21813	0.13729	0.03399	0.03255	0.02515	0.01246	0.00990	0.00310	0.00922	0.00983	0.00977	0.16209
7	0.15693	0.02111	0.02303	0.01912	0.02594	0.02174	0.01527	0.14259	0.07129	0.13490	0.09236	0.09479	0.03652	0.01604	0.01074	0.00342	0.00905	0.01294	0.01050	0.08171
8	0.16641	0.02651	0.02653	0.02156	0.02946	0.08038	0.01746	0.14783	0.08292	0.24019	0.03239	0.03048	0.02220	0.01306	0.01037	0.00343	0.01109	0.00978	0.01091	0.01705
9	0.10595	0.13542	0.03197	0.01998	0.02798	0.02644	0.01685	0.14446	0.03234	0.24093	0.03126	0.03299	0.02289	0.06513	0.01416	0.00391	0.01071	0.00995	0.01024	0.01644
10	0.09814	0.03035	0.03002	0.02354	0.03211	0.08484	0.01916	0.30725	0.04207	0.10816	0.02592	0.02624	0.01862	0.01246	0.01042	0.00314	0.01212	0.00918	0.01003	0.09623
11	0.43004	0.08312	0.02583	0.01851	0.02635	0.03001	0.01560	0.16984	0.02948	0.05414	0.01902	0.02084	0.01446	0.01127	0.00826	0.00335	0.01012	0.00728	0.00802	0.01446
12	0.01416	0.01011	0.01357	0.01618	0.01703	0.00953	0.01123	0.01645	0.02199	0.02923	0.06179	0.54949	0.07346	0.03484	0.01449	0.00463	0.00692	0.07518	0.01044	0.00927
13	0.01485	0.01067	0.01408	0.01490	0.01658	0.00990	0.01054	0.01853	0.02684	0.03714	0.30109	0.33406	0.09072	0.02898	0.01381	0.00404	0.00590	0.02603	0.01144	0.00990
14	0.03247	0.01954	0.02365	0.02084	0.02691	0.02008	0.01697	0.08617	0.17201	0.19152	0.10431	0.06210	0.04594	0.01891	0.01246	0.00393	0.00929	0.10491	0.01205	0.01593
15	0.68395	0.02177	0.01654	0.01480	0.02177	0.02525	0.01219	0.03309	0.01915	0.05050	0.01567	0.01828	0.01219	0.01045	0.00697	0.00348	0.00871	0.00609	0.00697	0.01219
16	0.04238	0.02628	0.02854	0.02248	0.03093	0.06688	0.01823	0.18520	0.08809	0.25530	0.03466	0.03232	0.02370	0.01319	0.01092	0.00326	0.01109	0.01031	0.01147	0.08475
17	0.03926	0.03254	0.19285	0.02667	0.03813	0.02079	0.07441	0.04688	0.02898	0.33068	0.03457	0.03293	0.02248	0.01245	0.01133	0.00354	0.01277	0.01059	0.01020	0.01795
18	0.01371	0.00979	0.01306	0.01567	0.01632	0.00914	0.01045	0.01567	0.02155	0.02873	0.06203	0.59710	0.07444	0.03526	0.01437	0.00457	0.00653	0.03200	0.01045	0.00914
19	0.02298	0.05540	0.49767	0.03363	0.04974	0.02637	0.08722	0.03569	0.02405	0.03569	0.02046	0.02443	0.01454	0.01057	0.01095	0.00359	0.01687	0.00882	0.00485	0.01649
20	0.03397	0.03170	0.13380	0.03027	0.09459	0.02655	0.02500	0.13207	0.17891	0.14337	0.03397	0.03316	0.02428	0.01314	0.01120	0.00356	0.01176	0.01077	0.00985	0.01808
21	0.04134	0.02145	0.02786	0.02578	0.07905	0.02107	0.01872	0.05436	0.17955	0.33984	0.04253	0.03840	0.02886	0.01396	0.01134	0.00357	0.00975	0.01162	0.01234	0.01861
22	0.01445	0.01145	0.01299	0.01261	0.01591	0.00999	0.00945	0.01837	0.02836	0.03683	0.29480	0.09774	0.34488	0.02611	0.01329	0.00369	0.00553	0.02227	0.01130	0.00999
23	0.03993	0.03354	0.09465	0.02702	0.03627	0.11811	0.06870	0.12429	0.07815	0.21594	0.03181	0.03105	0.02194	0.01274	0.01124	0.00343	0.01365	0.01037	0.00991	0.01726
24	0.10413	0.04641	0.09846	0.03139	0.03968	0.33815	0.11304	0.04089	0.02857	0.03255	0.01858	0.02242	0.01472	0.01097	0.01048	0.00321	0.01839	0.00841	0.00578	0.01379
25	0.01384	0.01137	0.01228	0.01286	0.01616	0.00981	0.00975	0.01682	0.02519	0.03054	0.10230	0.16875	0.42818	0.02958	0.01366	0.00403	0.00627	0.06865	0.01044	0.00955
26	0.01977	0.01414	0.02129	0.02015	0.02381	0.01382	0.07117	0.02550	0.02592	0.03767	0.09747	0.08524	0.05257	0.02223	0.01272	0.00407	0.00932	0.22401	0.20811	0.01101
27	0.02901	0.04428	0.33175	0.02824	0.04118	0.02623	0.03196	0.08917	0.12218	0.10207	0.02872	0.02935	0.02025	0.01225	0.01097	0.00358	0.01387	0.00971	0.00780	0.01742
28	0.01814	0.01296	0.01814	0.02073	0.02332	0.01296	0.01814	0.02332	0.02591	0.03368	0.05959	0.12696	0.06478	0.03109	0.01555	0.00518	0.01036	0.45848	0.01036	0.01036
29	0.68395	0.02177	0.01654	0.01480	0.02177	0.02525	0.01219	0.03309	0.01915	0.05050	0.01567	0.01828	0.01219	0.01045	0.00697	0.00348	0.00871	0.00609	0.00697	0.01219
30	0.01637	0.01091	0.01228	0.01228	0.01228	0.01091	0.00682	0.01637	0.01637	0.02182	0.03546	0.07365	0.04092	0.60445	0.05729	0.01091	0.01091	0.01637	0.00682	0.00682
31	0.02565	0.09701	0.23270	0.02323	0.03571	0.02259	0.02528	0.03363	0.02408	0.07066	0.02134	0.02400	0.01627	0.00979	0.00935	0.00262	0.01207	0.00757	0.00623	0.30019
32	0.02153	0.02038	0.03382	0.53323	0.07365	0.02577	0.03072	0.02862	0.02208	0.02862	0.01958	0.02957	0.01499	0.01193	0.01332	0.00385	0.06086	0.00999	0.00500	0.01249
33	0.02559	0.27976	0.35097	0.02694	0.04077	0.03351	0.03264	0.03487	0.02340	0.03197	0.01838	0.02148	0.01433	0.01027	0.00930	0.00310	0.01479	0.00740	0.00478	0.01576
34	0.02771	0.09194	0.25281	0.03605	0.04910	0.02776	0.22307	0.03758	0.02569	0.08615	0.02330	0.02744	0.01681	0.01043	0.01151	0.00355	0.01648	0.01046	0.00607	0.01610
35	0.01705	0.01128	0.01404	0.01335	0.01600	0.01059	0.01001	0.02234	0.03004	0.04443	0.41976	0.07478	0.08912	0.02082	0.01208	0.00334	0.00530	0.01818	0.15690	0.01059
36	0.01608	0.01169	0.01538	0.01579	0.01831	0.01099	0.01237	0.02085	0.02887	0.03953	0.33273	0.14864	0.12216	0.02669	0.01397	0.00408	0.00675	0.13328	0.01154	0.01033
37	0.02733	0.02366	0.03388	0.40901	0.11402	0.07303	0.02896	0.03395	0.02484	0.09093	0.02281	0.02990	0.01678	0.01148	0.01115	0.00360	0.01467	0.00991	0.00620	0.01389
38	0.05050	0.01915	0.02612	0.02003	0.02873	0.01654	0.01654	0.05485	0.03221	0.54203	0.04440	0.03831	0.02786	0.01393	0.01132	0.00348	0.00958	0.01132	0.01393	0.01915
39	0.01671	0.01194	0.01650	0.01910	0.02107	0.01173	0.01566	0.02086	0.02451	0.03209	0.06038	0.27837	0.06789	0.03243	0.01517	0.00499	0.00913	0.32113	0.01039	0.00997
40	0.02126	0.02001	0.03376	0.57739	0.07752	0.02501	0.03126	0.02876	0.02251	0.02876	0.02001	0.03001	0.01500	0.01125	0.01125	0.00375	0.01500	0.01000	0.00500	0.01250
41	0.05050	0.01915	0.02612	0.02003	0.02873	0.01654	0.01654	0.05485	0.03221	0.54203	0.04440	0.03831	0.02786	0.01393	0.01132	0.00348	0.00958	0.01132	0.01393	0.01915
42	0.05050	0.01915	0.02612	0.02003	0.02873	0.01654	0.01654	0.05485	0.03221	0.54203	0.04440	0.03831	0.02786	0.01393	0.01132	0.00348	0.00958	0.01132	0.01393	0.01915
43	0.01637	0.01091	0.01228	0.01228	0.01228	0.01091	0.00682	0.01637	0.01637	0.02182	0.03546	0.07365	0.04092	0.60445	0.05729	0.01091	0.01091	0.01637	0.00682	0.00682
44	0.04204	0.05364	0.03190	0.02900	0.03480	0.55926	0.02175	0.04494	0.03190	0.02755	0.01740	0.02030	0.01450	0.01160	0.01015	0.00290	0.02030	0.00725	0.00580	0.01305
45	0.04204	0.05364	0.03190	0.02900	0.03480	0.55926	0.02175	0.04494	0.03190	0.02755	0.01740	0.02030	0.01450	0.01160	0.01015	0.00290	0.02030	0.00725	0.00580	0.01305
46	0.02334	0.02001	0.02334	0.01667	0.02667	0.01500	0.01334	0.02834	0.02334	0.03668	0.02001	0.02334	0.01667	0.00834	0.00834	0.00167	0.00834	0.00667	0.00667	0.67325
47	0.02868	0.50721	0.15060	0.02167	0.03262	0.04108	0.02346	0.03407	0.02304	0.02820	0.01650	0.01913	0.01441	0.00983	0.00787	0.00262	0.01290	0.00645	0.00480	0.01486
48	0.02126	0.02001	0.03376	0.57739	0.07752	0.02501	0.03126	0.02876	0.02251	0.02876	0.02001	0.03001	0.01500	0.01125	0.01125	0.00375	0.01500	0.01000	0.00500	0.01250
49	0.05050	0.01915	0.02612	0.02003	0.02873	0.01654	0.01654	0.05485	0.03221	0.54203	0.04440	0.03831	0.02786	0.01393	0.01132	0.00348	0.00958	0.01132	0.01393	0.01915
50	0.01593	0.01150	0.01504	0.01416	0.01681	0.01062	0.01062	0.02124	0.03186	0.04513	0.52830	0.08407	0.10620	0.02301	0.01327	0.00354	0.00531	0.02035	0.01239	0.01062
51	0.02257	0.05822	0.54613	0.03208	0.04871	0.02614	0.04158	0.03564	0.02376	0.03564	0.02020	0.02376	0.01426	0.01069	0.01069	0.00356	0.01663	0.00832	0.00475	0.01663
52	0.01608	0.01206	0.01809	0.01809	0.02010	0.01407	0.01407	0.02010	0.01809	0.02613	0.03015	0.04422	0.02814	0.08441	0.55984	0.01809	0.03015	0.01206	0.00603	0.01005
53	0.01371	0.00979	0.01306	0.01567	0.01632	0.00914	0.01045	0.01567	0.02155	0.02873	0.06203	0.59710	0.07444	0.03526	0.01437	0.00457	0.00653	0.03200	0.01045	0.00914
54	0.01631	0.01165	0.01604	0.01864	0.02043	0.01138	0.01496	0.02016	0.02411	0.03164	0.06060	0.32137	0.06877	0.03282	0.01506	0.00493	0.00878	0.28213	0.01040	0.00986
55	0.03087	0.02830	0.02689	0.02388	0.03038	0.09218	0.01857	0.09325	0.41901	0.04667	0.04089	0.03819	0.03075	0.01469	0.01128	0.00367	0.01055	0.01186	0.01076	0.01735
56	0.68395	0.02177	0.01654	0.01480	0.02177	0.02525	0.01219	0.03309	0.01915	0.05050	0.01567	0.01828	0.01219	0.01045	0.00697	0.00348	0.00871	0.00609	0.00697	0.01219
57	0.01330	0.01140	0.01140	0.01140	0.01520	0.00950	0.00855	0.01615	0.02565	0.03041	0.11402	0.10832	0.52967	0.02850	0.01330	0.00380	0.00570	0.02375	0.01045	0.00950
58	0.02334	0.02001	0.02334	0.01667	0.02667	0.01500	0.01334	0.02834	0.02334	0.03668	0.02001	0.02334	0.01667	0.00834	0.00834	0.00167	0.00834	0.00667	0.00667	0.67325
59	0.03806	0.03893	0.24175	0.02595	0.03763	0.07747	0.02744	0.04587	0.02869	0.27864	0.03156	0.03040	0.02083	0.01235	0.01094	0.00346	0.01362	0.00965	0.00928	0.01747
60	0.17988	0.03786	0.03176	0.02667	0.03389	0.25112	0.06699	0.11937	0.07621	0.04257	0.02179	0.02400	0.01686	0.01179	0.01008	0.00328	0.01524	0.00860	0.00749	0.01454
61	0.03492	0.01687	0.02209	0.01916	0.02491	0.01569	0.01534	0.08011	0.03118	0.28313	0.09895	0.16458	0.04903	0.02117	0.01264	0.00390	0.00887	0.06986	0.01240	0.01520
62	0.21853	0.08944	0.13624	0.02436	0.03292	0.07238	0.06512	0.03284	0.02377	0.03798	0.02710	0.04467	0.02510	0.01499	0.01051	0.00374	0.01301	0.10719	0.00683	0.01328
63	0.03086	0.01976	0.02745	0.02042	0.02929	0.01627	0.06159	0.03615	0.02732	0.18806	0.08842	0.03577	0.03077	0.01187	0.01031	0.00264	0.00940	0.01035	0.00942	0.33389
64	0.02495	0.02063	0.02383	0.01770	0.02689	0.01695	0.01409	0.08350	0.02675	0.04019	0.02396	0.06634	0.02125	0.01095	0.00913	0.00209	0.00869	0.00896	0.00750	0.54564
65	0.03467	0.01964	0.02558	0.07487	0.03270	0.01667	0.01651	0.03965	0.02703	0.25063	0.03037	0.03038	0.02126	0.01101	0.00990	0.00265	0.00954	0.00898	0.00959	0.32838
66	0.02857	0.01984	0.02387	0.01732	0.02707	0.01530	0.01395	0.03344	0.02505	0.13394	0.02470	0.02622	0.01882	0.00941	0.00891	0.00202	0.00857	0.00756	0.00807	0.54736
67	0.04284	0.01939	0.02639	0.07473	0.03321	0.01711	0.01744	0.04762	0.02970	0.40258	0.03771	0.03486	0.02463	0.01268	0.01079	0.00319	0.00990	0.01037	0.01177	0.13309
68	0.04495	0.01933	0.02555	0.01934	0.02831	0.01623	0.01589	0.04944	0.03040	0.43885	0.03942	0.03525	0.02558	0.01279	0.01071	0.00311	0.00932	0.01037	0.01245	0.15270
69	0.15047	0.02685	0.03581	0.02731	0.03621	0.08615	0.14517	0.04245	0.02759	0.21331	0.02816	0.02920	0.01963	0.01135	0.01069	0.00334	0.01314	0.01004	0.00887	0.07426
70	0.08255	0.01969	0.02430	0.01827	0.02740	0.01650	0.01491	0.04229	0.02762	0.29741	0.03225	0.03069	0.02212	0.01136	0.00978	0.00272	0.00900	0.00902	0.01042	0.29172
71	0.03857	0.02270	0.03435	0.06640	0.03812	0.02100	0.10432	0.09138	0.03114	0.27689	0.03270	0.03253	0.02214	0.01193	0.01116	0.00324	0.01177	0.01067	0.01026	0.12873

[dist]
# distance from previous block
# <min> <max>
15	74

[block]
# block no. 6 follows, 11 sequences, length 68
# corresponding to MSA columns:
# 305-372
name=unknown_G
#
# <colnr> <probs for GDERKNQSTAVLIFYWHMCP>
#	G	D	E	R	K	N	Q	S	T	A	V	L	I	F	Y	W	H	M	C	P
0	0.38420	0.03018	0.11131	0.02006	0.02896	0.06820	0.01897	0.03905	0.02373	0.14834	0.02258	0.02357	0.01600	0.01131	0.00878	0.00345	0.01123	0.00766	0.00794	0.01448
1	0.21557	0.10941	0.07255	0.01848	0.02635	0.02264	0.01665	0.03487	0.02378	0.14842	0.03037	0.11830	0.02676	0.01497	0.00964	0.00333	0.00971	0.01172	0.00852	0.07797
2	0.16041	0.06897	0.02779	0.02081	0.02835	0.11780	0.01690	0.12105	0.03198	0.15398	0.07064	0.03085	0.02621	0.01286	0.00993	0.00315	0.01148	0.00948	0.00936	0.06802
3	0.34561	0.02459	0.02444	0.01958	0.02773	0.06999	0.05095	0.03528	0.02320	0.09140	0.02026	0.02263	0.01544	0.01028	0.00851	0.00299	0.01053	0.00741	0.00736	0.18183
4	0.03241	0.01933	0.02698	0.02161	0.02935	0.01729	0.06172	0.03987	0.07151	0.22122	0.04499	0.05337	0.07115	0.01611	0.01165	0.00342	0.00996	0.07768	0.01051	0.15989
5	0.01371	0.00979	0.01306	0.01567	0.01632	0.00914	0.01045	0.01567	0.02155	0.02873	0.06203	0.59710	0.07444	0.03526	0.01437	0.00457	0.00653	0.03200	0.01045	0.00914
6	0.03969	0.22418	0.09534	0.02175	0.03167	0.02907	0.02076	0.09481	0.03044	0.26020	0.03012	0.02863	0.02087	0.01208	0.00986	0.00312	0.01150	0.00907	0.00955	0.01729
7	0.02907	0.01908	0.07658	0.01721	0.02212	0.01459	0.01411	0.03206	0.02277	0.20647	0.03691	0.05566	0.03335	0.33049	0.03592	0.00748	0.01108	0.01369	0.00909	0.01225
8	0.01371	0.00979	0.01306	0.01567	0.01632	0.00914	0.01045	0.01567	0.02155	0.02873	0.06203	0.59710	0.07444	0.03526	0.01437	0.00457	0.00653	0.03200	0.01045	0.00914
9	0.02126	0.02001	0.03376	0.57739	0.07752	0.02501	0.03126	0.02876	0.02251	0.02876	0.02001	0.03001	0.01500	0.01125	0.01125	0.00375	0.01500	0.01000	0.00500	0.01250
10	0.09108	0.18539	0.15681	0.08669	0.04011	0.14187	0.02586	0.08578	0.02780	0.03607	0.01878	0.02216	0.01477	0.01096	0.00949	0.00313	0.01487	0.00770	0.00592	0.01475
11	0.04221	0.04874	0.03231	0.02831	0.03482	0.44310	0.02167	0.14502	0.03655	0.03716	0.01953	0.02179	0.01553	0.01202	0.01039	0.00301	0.01854	0.00789	0.00701	0.01440
12	0.02334	0.02001	0.02334	0.01667	0.02667	0.01500	0.01334	0.02834	0.02334	0.03668	0.02001	0.02334	0.01667	0.00834	0.00834	0.00167	0.00834	0.00667	0.00667	0.67325
13	0.03499	0.02642	0.05223	0.03779	0.04823	0.02427	0.32553	0.04267	0.02855	0.21415	0.03038	0.03316	0.02087	0.01105	0.01259	0.00369	0.01567	0.01259	0.00859	0.01658
14	0.01633	0.01097	0.01253	0.01245	0.01269	0.01089	0.00717	0.01681	0.01779	0.02396	0.08059	0.07461	0.04690	0.55121	0.05326	0.01024	0.01040	0.01673	0.00733	0.00717
15	0.20361	0.02507	0.04373	0.03250	0.04166	0.02456	0.27211	0.03468	0.02495	0.08159	0.03251	0.03619	0.07192	0.01217	0.01142	0.00369	0.01400	0.01232	0.00724	0.01410
16	0.03505	0.01594	0.02187	0.01979	0.02546	0.01446	0.01643	0.03944	0.02882	0.30654	0.05169	0.13109	0.04599	0.02232	0.01314	0.00420	0.00952	0.17099	0.01229	0.01496
17	0.01358	0.01031	0.01253	0.01431	0.01597	0.00926	0.00984	0.01583	0.02286	0.02927	0.07860	0.44132	0.21953	0.03311	0.01403	0.00433	0.00627	0.02937	0.01045	0.00926
18	0.02126	0.02001	0.03376	0.57739	0.07752	0.02501	0.03126	0.02876	0.02251	0.02876	0.02001	0.03001	0.01500	0.01125	0.01125	0.00375	0.01500	0.01000	0.00500	0.01250
19	0.04340	0.02202	0.03485	0.02624	0.03534	0.02010	0.12059	0.05117	0.07122	0.39039	0.03981	0.03688	0.02605	0.01307	0.01176	0.00358	0.01157	0.01186	0.01193	0.01818
20	0.03257	0.01565	0.02110	0.01940	0.02495	0.01424	0.01637	0.03712	0.02880	0.26828	0.05844	0.08398	0.09782	0.02288	0.01335	0.00425	0.00950	0.20495	0.01202	0.01433
21	0.01593	0.01150	0.01504	0.01416	0.01681	0.01062	0.01062	0.02124	0.03186	0.04513	0.52830	0.08407	0.10620	0.02301	0.01327	0.00354	0.00531	0.02035	0.01239	0.01062
22	0.03440	0.02528	0.04863	0.09619	0.05029	0.02389	0.27461	0.04187	0.02811	0.21334	0.03008	0.03312	0.02064	0.01125	0.01237	0.00368	0.01523	0.01223	0.00852	0.01628
23	0.31027	0.02680	0.04151	0.03112	0.04035	0.02778	0.23611	0.08443	0.02623	0.04601	0.02018	0.02482	0.01520	0.01033	0.01036	0.00362	0.01386	0.00986	0.00684	0.01432
24	0.03370	0.19816	0.08500	0.08912	0.04099	0.27605	0.06024	0.03866	0.02734	0.02873	0.01787	0.02184	0.01472	0.01079	0.00977	0.00299	0.01708	0.00778	0.00535	0.01383
25	0.02334	0.02001	0.02334	0.01667	0.02667	0.01500	0.01334	0.02834	0.02334	0.03668	0.02001	0.02334	0.01667	0.00834	0.00834	0.00167	0.00834	0.00667	0.00667	0.67325
26	0.09709	0.02666	0.09223	0.22247	0.05196	0.02600	0.09756	0.07241	0.02558	0.03722	0.02446	0.03784	0.02064	0.01383	0.01347	0.00392	0.05832	0.05822	0.00643	0.01369
27	0.02447	0.01711	0.01872	0.01641	0.02166	0.01662	0.01281	0.14245	0.03279	0.09011	0.07929	0.13521	0.30014	0.02402	0.01271	0.00375	0.00787	0.01999	0.01099	0.01286
28	0.01371	0.00979	0.01306	0.01567	0.01632	0.00914	0.01045	0.01567	0.02155	0.02873	0.06203	0.59710	0.07444	0.03526	0.01437	0.00457	0.00653	0.03200	0.01045	0.00914
29	0.02298	0.02304	0.04382	0.03302	0.04078	0.02213	0.27104	0.03346	0.08213	0.04047	0.20325	0.05055	0.05035	0.01488	0.01308	0.00371	0.01306	0.01571	0.00868	0.01387
30	0.02334	0.02001	0.02334	0.01667	0.02667	0.01500	0.01334	0.02834	0.02334	0.03668	0.02001	0.02334	0.01667	0.00834	0.00834	0.00167	0.00834	0.00667	0.00667	0.67325
31	0.01695	0.01211	0.01677	0.01937	0.02144	0.01193	0.01607	0.02127	0.02474	0.03235	0.06025	0.25317	0.06737	0.03221	0.01523	0.00502	0.00933	0.34399	0.01039	0.01004
32	0.01371	0.00979	0.01306	0.01567	0.01632	0.00914	0.01045	0.01567	0.02155	0.02873	0.06203	0.59710	0.07444	0.03526	0.01437	0.00457	0.00653	0.03200	0.01045	0.00914
33	0.09566	0.02488	0.04500	0.03299	0.04285	0.02316	0.24976	0.04369	0.02827	0.25000	0.03122	0.03262	0.02117	0.01144	0.01189	0.00364	0.01410	0.01181	0.00927	0.01658
34	0.02398	0.04841	0.37728	0.03749	0.05227	0.02696	0.20060	0.03579	0.02475	0.03579	0.02110	0.02609	0.01525	0.01027	0.01160	0.00365	0.01746	0.01006	0.00508	0.01612
35	0.01371	0.00979	0.01306	0.01567	0.01632	0.00914	0.01045	0.01567	0.02155	0.02873	0.06203	0.59710	0.07444	0.03526	0.01437	0.00457	0.00653	0.03200	0.01045	0.00914
36	0.47444	0.02451	0.03244	0.02520	0.03358	0.02627	0.16554	0.03403	0.02152	0.04589	0.01793	0.02213	0.01375	0.01014	0.00898	0.00358	0.01198	0.00839	0.00656	0.01314
37	0.02270	0.02148	0.03637	0.46602	0.17759	0.02539	0.03198	0.03002	0.02319	0.03051	0.02026	0.02954	0.01562	0.01098	0.01123	0.00366	0.01465	0.01001	0.00513	0.01367
38	0.03496	0.02699	0.04453	0.03325	0.04274	0.02687	0.22097	0.12508	0.11863	0.15620	0.03238	0.03359	0.02288	0.01220	0.01217	0.00366	0.01396	0.01220	0.00951	0.01722
39	0.04204	0.05364	0.03190	0.02900	0.03480	0.55926	0.02175	0.04494	0.03190	0.02755	0.01740	0.02030	0.01450	0.01160	0.01015	0.00290	0.02030	0.00725	0.00580	0.01305
40	0.02334	0.02001	0.02334	0.01667	0.02667	0.01500	0.01334	0.02834	0.02334	0.03668	0.02001	0.02334	0.01667	0.00834	0.00834	0.00167	0.00834	0.00667	0.00667	0.67325
41	0.02740	0.04192	0.28248	0.03733	0.05083	0.02607	0.23257	0.03796	0.02591	0.09220	0.02400	0.02821	0.01698	0.01054	0.01187	0.00365	0.01685	0.01078	0.00618	0.01629
42	0.01416	0.01032	0.01344	0.01576	0.01698	0.00961	0.01109	0.01658	0.02249	0.02947	0.06749	0.49090	0.12353	0.03405	0.01438	0.00455	0.00687	0.07857	0.01044	0.00932
43	0.01520	0.01130	0.01518	0.01544	0.01758	0.01127	0.01145	0.01910	0.02453	0.03386	0.22172	0.18645	0.12103	0.04587	0.18771	0.00843	0.01354	0.02064	0.00972	0.00999
44	0.02581	0.03143	0.10782	0.03884	0.04756	0.02958	0.28048	0.03644	0.07657	0.03507	0.02307	0.02952	0.01808	0.01267	0.01842	0.00404	0.15179	0.01185	0.00603	0.01494
45	0.02203	0.01248	0.01649	0.01650	0.01961	0.01136	0.01241	0.02551	0.02638	0.13651	0.14646	0.30026	0.10609	0.02772	0.01360	0.00417	0.00728	0.07204	0.01150	0.01160
46	0.01330	0.01140	0.01140	0.01140	0.01520	0.00950	0.00855	0.01615	0.02565	0.03041	0.11402	0.10832	0.52967	0.02850	0.01330	0.00380	0.00570	0.02375	0.01045	0.00950
47	0.04273	0.05084	0.03143	0.02827	0.03430	0.51519	0.02132	0.04575	0.03192	0.06932	0.01959	0.02176	0.01558	0.01179	0.01024	0.00295	0.01943	0.00758	0.00646	0.01354
48	0.08881	0.02901	0.04143	0.03144	0.04052	0.06833	0.18553	0.13462	0.08691	0.13495	0.02905	0.03065	0.02074	0.01197	0.01157	0.00356	0.01413	0.01119	0.00903	0.01657
49	0.03896	0.04851	0.03235	0.02909	0.03387	0.46644	0.02226	0.04179	0.02930	0.02746	0.01693	0.02106	0.01455	0.01303	0.01489	0.00326	0.11998	0.00771	0.00564	0.01292
50	0.02657	0.03036	0.06641	0.04744	0.05882	0.02846	0.49336	0.03605	0.02657	0.03605	0.02277	0.03036	0.01708	0.00949	0.01328	0.00380	0.01898	0.01328	0.00569	0.01518
51	0.02441	0.04541	0.32557	0.03914	0.05336	0.02721	0.24929	0.03583	0.02505	0.03583	0.02138	0.02680	0.01555	0.01014	0.01188	0.00367	0.01771	0.01060	0.00518	0.01597
52	0.02611	0.11538	0.44208	0.02950	0.04459	0.02724	0.03670	0.03729	0.02448	0.08368	0.02204	0.02454	0.01560	0.01089	0.01037	0.00343	0.01544	0.00835	0.00565	0.01664
53	0.01637	0.01091	0.01228	0.01228	0.01228	0.01091	0.00682	0.01637	0.01637	0.02182	0.03546	0.07365	0.04092	0.60445	0.05729	0.01091	0.01091	0.01637	0.00682	0.00682
54	0.01371	0.00979	0.01306	0.01567	0.01632	0.00914	0.01045	0.01567	0.02155	0.02873	0.06203	0.59710	0.07444	0.03526	0.01437	0.00457	0.00653	0.03200	0.01045	0.00914
55	0.03214	0.02063	0.03397	0.33144	0.05848	0.02230	0.06752	0.03870	0.02633	0.21208	0.02894	0.03299	0.01977	0.01205	0.01146	0.00366	0.01343	0.01077	0.00824	0.01511
56	0.01621	0.01178	0.01579	0.01811	0.02022	0.01137	0.01465	0.02011	0.02449	0.03175	0.06624	0.27479	0.11796	0.03214	0.01493	0.00484	0.00864	0.27570	0.01040	0.00988
57	0.01416	0.01032	0.01345	0.01577	0.01698	0.00961	0.01110	0.01658	0.02248	0.02946	0.06737	0.49208	0.12243	0.03407	0.01438	0.00456	0.00687	0.07859	0.01044	0.00932
58	0.03539	0.04071	0.03343	0.02888	0.03550	0.31377	0.07233	0.04920	0.20097	0.03536	0.02799	0.02904	0.02177	0.01266	0.01095	0.00332	0.01614	0.00984	0.00778	0.01496
59	0.02294	0.05567	0.50220	0.03349	0.04964	0.02635	0.08295	0.03568	0.02402	0.03568	0.02043	0.02437	0.01452	0.01058	0.01093	0.00359	0.01685	0.00877	0.00484	0.01650
60	0.02589	0.02413	0.08122	0.01869	0.02930	0.01638	0.01676	0.03171	0.02425	0.08550	0.02239	0.02484	0.01749	0.00914	0.00888	0.00205	0.00937	0.00730	0.00716	0.53755
61	0.14376	0.01804	0.02042	0.01711	0.02345	0.01715	0.01345	0.07256	0.02818	0.12998	0.12934	0.12195	0.04401	0.01698	0.01072	0.00325	0.00812	0.01409	0.01006	0.15736
62	0.17284	0.14173	0.16299	0.02167	0.03251	0.02777	0.02226	0.08274	0.02562	0.04126	0.01904	0.02174	0.01491	0.01020	0.00874	0.00288	0.01166	0.00721	0.00639	0.16582
63	0.19077	0.09319	0.25865	0.02272	0.03321	0.02465	0.02546	0.03152	0.02271	0.03833	0.07474	0.03279	0.02605	0.06517	0.01387	0.00409	0.01243	0.00955	0.00633	0.01376
64	0.22602	0.14121	0.16434	0.02185	0.03131	0.10614	0.02217	0.03379	0.02361	0.03673	0.02771	0.02968	0.06925	0.01248	0.00914	0.00326	0.01277	0.00874	0.00620	0.01359
65	0.02629	0.08093	0.23548	0.02448	0.03427	0.02286	0.02656	0.03378	0.02505	0.11973	0.04158	0.04949	0.09822	0.01682	0.01383	0.00379	0.06470	0.05959	0.00779	0.01476
66	0.09682	0.17674	0.08484	0.06670	0.03504	0.02664	0.09523	0.02933	0.02263	0.03218	0.02829	0.08651	0.02791	0.07848	0.01569	0.00436	0.01268	0.06079	0.00649	0.01266
67	0.08573	0.38195	0.08540	0.01957	0.02770	0.03405	0.01929	0.03060	0.02206	0.02944	0.02133	0.03240	0.02038	0.01536	0.01237	0.07514	0.01168	0.05699	0.00563	0.01294

[dist]
# distance from previous block
# <min> <max>
2	20

[block]
# block no. 7 follows, 11 sequences, length 54
# corresponding to MSA columns:
# 402-455
name=unknown_H
#
# <colnr> <probs for GDERKNQSTAVLIFYWHMCP>
#	G	D	E	R	K	N	Q	S	T	A	V	L	I	F	Y	W	H	M	C	P
0	0.22032	0.16176	0.17391	0.02367	0.03460	0.02877	0.06610	0.03360	0.02241	0.03819	0.01807	0.02144	0.01424	0.00999	0.00878	0.00307	0.01247	0.00741	0.00574	0.09546
1	0.26291	0.15788	0.13609	0.02011	0.02963	0.02731	0.02048	0.03229	0.02204	0.03895	0.02106	0.02971	0.01837	0.01191	0.00873	0.00319	0.01118	0.04710	0.00630	0.09474
2	0.42466	0.09158	0.17590	0.02031	0.03037	0.02744	0.02151	0.03390	0.02088	0.04374	0.01700	0.01987	0.01302	0.01044	0.00808	0.00340	0.01136	0.00674	0.00610	0.01372
3	0.45289	0.02482	0.08121	0.01817	0.02602	0.02292	0.01690	0.03498	0.02206	0.10731	0.02463	0.03350	0.02022	0.01320	0.00890	0.00368	0.00995	0.05734	0.00794	0.01337
4	0.10080	0.01923	0.07657	0.01923	0.02454	0.01555	0.01761	0.02839	0.02729	0.09037	0.18990	0.08065	0.06167	0.02219	0.01287	0.00413	0.00926	0.17721	0.01030	0.01224
5	0.02563	0.02211	0.04275	0.03194	0.03982	0.02050	0.25886	0.03297	0.02919	0.10159	0.20958	0.05090	0.05087	0.01496	0.01304	0.00366	0.01284	0.01562	0.00915	0.01401
