[name]
unknown

[dist]
# distance from previous block
# <min> <max>
0	20

[block]
# block no. 0 follows, 14 sequences, length 17
# corresponding to MSA columns:
# 20-36
name=unknown_A
#
# <colnr> <probs for GDERKNQSTAVLIFYWHMCP>
#	G	D	E	R	K	N	Q	S	T	A	V	L	I	F	Y	W	H	M	C	P
0	0.01879	0.01781	0.05971	0.06415	0.02579	0.01733	0.01691	0.07346	0.02505	0.03404	0.14338	0.12767	0.11858	0.02116	0.01539	0.00380	0.10291	0.09478	0.00840	0.01090
1	0.07576	0.26640	0.09289	0.06497	0.03071	0.02799	0.05892	0.03033	0.07099	0.02999	0.05936	0.03075	0.02357	0.08184	0.01352	0.00364	0.01105	0.00907	0.00587	0.01239
2	0.01673	0.01455	0.01770	0.01800	0.01936	0.05496	0.01367	0.01945	0.01907	0.02551	0.03830	0.27797	0.04241	0.04226	0.19815	0.00799	0.10179	0.05555	0.00725	0.00934
3	0.02542	0.19803	0.28563	0.02332	0.03370	0.02660	0.02622	0.03273	0.02256	0.10271	0.06164	0.02628	0.02107	0.01138	0.01106	0.00306	0.06005	0.00834	0.00599	0.01422
4	0.02736	0.12496	0.17282	0.12227	0.10720	0.02352	0.02514	0.03401	0.02311	0.14326	0.02237	0.02493	0.01631	0.00999	0.00929	0.00290	0.01182	0.00811	0.00637	0.08427
5	0.01990	0.01903	0.10758	0.01733	0.02227	0.01531	0.01590	0.02807	0.08065	0.06457	0.03000	0.03622	0.02442	0.03804	0.24632	0.00838	0.01621	0.01010	0.18818	0.01153
6	0.01316	0.00954	0.01254	0.01449	0.01568	0.00892	0.01033	0.01563	0.02118	0.02804	0.09890	0.48045	0.10849	0.03032	0.01309	0.00411	0.00627	0.09061	0.00965	0.00861
7	0.02466	0.02752	0.14071	0.28915	0.05053	0.02450	0.02648	0.16870	0.02903	0.03919	0.06183	0.02921	0.02088	0.01154	0.01030	0.00328	0.01265	0.00956	0.00660	0.01369
8	0.02134	0.01469	0.05512	0.01475	0.01910	0.01168	0.01244	0.02650	0.02789	0.14263	0.38118	0.06134	0.07088	0.01779	0.01114	0.00314	0.00629	0.01539	0.07519	0.01153
9	0.04604	0.01746	0.02382	0.01826	0.02620	0.01508	0.01508	0.05001	0.02937	0.58244	0.04049	0.03493	0.02540	0.01270	0.01032	0.00318	0.00873	0.01032	0.01270	0.01746
10	0.01620	0.01821	0.09964	0.07785	0.08794	0.01401	0.01789	0.02105	0.02245	0.03114	0.15326	0.30062	0.05530	0.02189	0.01181	0.00364	0.00846	0.01966	0.00819	0.01079
11	0.02934	0.18705	0.06426	0.05778	0.02719	0.02131	0.01653	0.03252	0.02270	0.21139	0.03042	0.11922	0.02615	0.01686	0.01307	0.08221	0.00967	0.01148	0.00797	0.01289
12	0.04047	0.01583	0.02087	0.01646	0.02325	0.01394	0.01345	0.04461	0.02775	0.46984	0.03904	0.03562	0.02559	0.01255	0.00967	0.00301	0.00791	0.01016	0.15416	0.01583
13	0.04604	0.01746	0.02382	0.01826	0.02620	0.01508	0.01508	0.05001	0.02937	0.58244	0.04049	0.03493	0.02540	0.01270	0.01032	0.00318	0.00873	0.01032	0.01270	0.01746
14	0.02103	0.02195	0.06000	0.18027	0.14841	0.06025	0.05796	0.02757	0.05450	0.02875	0.02813	0.13549	0.02737	0.08520	0.01553	0.00416	0.01196	0.01334	0.00616	0.01198
15	0.03222	0.02247	0.11999	0.02092	0.02874	0.01596	0.05769	0.03777	0.02652	0.31463	0.10435	0.10515	0.03643	0.01514	0.01090	0.00333	0.00968	0.01317	0.01016	0.01477
16	0.04604	0.01746	0.02382	0.01826	0.02620	0.01508	0.01508	0.05001	0.02937	0.58244	0.04049	0.03493	0.02540	0.01270	0.01032	0.00318	0.00873	0.01032	0.01270	0.01746

[dist]
# distance from previous block
# <min> <max>
1	22

[block]
# block no. 1 follows, 14 sequences, length 38
# corresponding to MSA columns:
# 59-96
name=unknown_B
#
# <colnr> <probs for GDERKNQSTAVLIFYWHMCP>
#	G	D	E	R	K	N	Q	S	T	A	V	L	I	F	Y	W	H	M	C	P
0	0.03098	0.16230	0.03235	0.02061	0.02657	0.02788	0.01757	0.11667	0.09683	0.15214	0.03057	0.03097	0.05388	0.01384	0.01446	0.00327	0.13671	0.00966	0.00823	0.01448
1	0.02107	0.01253	0.01620	0.01442	0.01808	0.01171	0.01111	0.02732	0.06340	0.14146	0.43760	0.06644	0.07935	0.01899	0.01167	0.00323	0.00577	0.01658	0.01150	0.01155
2	0.02744	0.64552	0.05378	0.01756	0.02634	0.04061	0.01756	0.03073	0.02085	0.02414	0.01427	0.01646	0.01317	0.00878	0.00658	0.00219	0.01097	0.00549	0.00439	0.01317
3	0.01250	0.00893	0.01191	0.01429	0.01488	0.00834	0.00953	0.01429	0.01965	0.02620	0.05656	0.63265	0.06787	0.03215	0.01310	0.00417	0.00595	0.02917	0.00953	0.00834
4	0.01452	0.01049	0.01372	0.01291	0.01533	0.00968	0.00968	0.01937	0.02905	0.04115	0.56992	0.07666	0.09683	0.02098	0.01210	0.00323	0.00484	0.01856	0.01130	0.00968
5	0.02553	0.02204	0.02320	0.02088	0.02669	0.02553	0.01624	0.05453	0.55679	0.04293	0.04177	0.03829	0.03133	0.01392	0.01044	0.00348	0.00812	0.01160	0.01044	0.01624
6	0.03081	0.03292	0.28079	0.02289	0.03337	0.01839	0.02498	0.03820	0.02481	0.27114	0.03205	0.09199	0.02419	0.01340	0.01035	0.00331	0.01139	0.01106	0.00852	0.01544
7	0.02553	0.02204	0.02320	0.02088	0.02669	0.02553	0.01624	0.05453	0.55679	0.04293	0.04177	0.03829	0.03133	0.01392	0.01044	0.00348	0.00812	0.01160	0.01044	0.01624
8	0.02744	0.64552	0.05378	0.01756	0.02634	0.04061	0.01756	0.03073	0.02085	0.02414	0.01427	0.01646	0.01317	0.00878	0.00658	0.00219	0.01097	0.00549	0.00439	0.01317
9	0.02407	0.02658	0.09771	0.13419	0.45085	0.02411	0.03177	0.03089	0.02280	0.03243	0.01907	0.02527	0.01556	0.00936	0.01013	0.00312	0.01271	0.00898	0.00493	0.01548
10	0.02634	0.02410	0.07411	0.08585	0.35880	0.02197	0.06281	0.03246	0.02363	0.10369	0.02476	0.07120	0.02080	0.01137	0.01051	0.00321	0.01193	0.01086	0.00632	0.01528
11	0.02263	0.01059	0.01142	0.01069	0.01381	0.01028	0.00820	0.02730	0.02254	0.10894	0.03439	0.03783	0.02619	0.01205	0.00758	0.00249	0.00530	0.00966	0.60753	0.01059
12	0.02058	0.05308	0.58618	0.02925	0.04442	0.02383	0.03792	0.03250	0.02167	0.03250	0.01842	0.02167	0.01300	0.00975	0.00975	0.00325	0.01517	0.00758	0.00433	0.01517
13	0.02825	0.29513	0.19982	0.02617	0.08984	0.03043	0.02468	0.06557	0.02410	0.09817	0.01983	0.02166	0.01521	0.00980	0.00855	0.00276	0.01205	0.00730	0.00583	0.01486
14	0.01356	0.01272	0.05168	0.01482	0.01739	0.00995	0.01184	0.01677	0.02179	0.02862	0.10457	0.37230	0.17875	0.02795	0.01269	0.00393	0.00670	0.07557	0.00930	0.00910
15	0.01274	0.01042	0.01125	0.01104	0.01424	0.00892	0.00828	0.01592	0.02484	0.03116	0.22326	0.09310	0.44972	0.02471	0.01212	0.00340	0.00511	0.02086	0.00998	0.00892
16	0.01558	0.01187	0.01654	0.06528	0.07713	0.01216	0.01216	0.01759	0.01789	0.02414	0.03734	0.24033	0.04230	0.28884	0.06943	0.00729	0.01039	0.01819	0.00699	0.00857
17	0.07029	0.07253	0.08997	0.06582	0.08274	0.06460	0.02197	0.23756	0.07496	0.08540	0.02371	0.02499	0.01737	0.01127	0.00968	0.00307	0.01177	0.00868	0.00804	0.01560
18	0.02162	0.01692	0.02610	0.29819	0.08472	0.01921	0.02242	0.05824	0.02313	0.07041	0.02947	0.08089	0.02685	0.02179	0.07323	0.00499	0.01336	0.08989	0.00674	0.01184
19	0.01229	0.00977	0.01104	0.01207	0.01430	0.00852	0.00854	0.01454	0.02178	0.02707	0.08362	0.32792	0.35515	0.02863	0.01254	0.00377	0.00552	0.02488	0.00953	0.00852
20	0.06925	0.01972	0.03204	0.37077	0.05541	0.02240	0.09209	0.06216	0.02349	0.07165	0.02317	0.03398	0.01841	0.01173	0.01055	0.00347	0.01293	0.04830	0.00611	0.01238
21	0.03050	0.07230	0.25746	0.10055	0.03984	0.02243	0.02664	0.07266	0.02584	0.21395	0.02581	0.02664	0.01748	0.01090	0.00984	0.00317	0.01233	0.00866	0.00753	0.01547
22	0.03775	0.02019	0.02660	0.08547	0.06985	0.02031	0.01839	0.11068	0.11084	0.33608	0.03480	0.03264	0.02340	0.01233	0.01031	0.00323	0.00973	0.01017	0.01065	0.01655
23	0.01492	0.00995	0.01119	0.01119	0.01119	0.00995	0.00622	0.01492	0.01492	0.01990	0.03233	0.06716	0.03731	0.63935	0.05223	0.00995	0.00995	0.01492	0.00622	0.00622
24	0.02128	0.01824	0.02128	0.01520	0.02432	0.01368	0.01216	0.02584	0.02128	0.03344	0.01824	0.02128	0.01520	0.00760	0.00760	0.00152	0.00760	0.00608	0.00608	0.70208
25	0.02993	0.33318	0.13145	0.02116	0.03040	0.07087	0.02101	0.10381	0.06313	0.07607	0.02042	0.02151	0.01594	0.01020	0.00834	0.00268	0.01183	0.00721	0.00631	0.01454
26	0.02327	0.12415	0.03508	0.02541	0.02684	0.03293	0.02165	0.02568	0.01655	0.02461	0.01360	0.02147	0.01342	0.01646	0.02926	0.00412	0.52107	0.00841	0.00447	0.01154
27	0.02829	0.12152	0.03258	0.06834	0.16238	0.02329	0.02023	0.07159	0.02548	0.14569	0.06670	0.09365	0.02868	0.01399	0.01159	0.00319	0.04930	0.01158	0.00778	0.01414
28	0.01439	0.01001	0.01157	0.01161	0.01242	0.00965	0.00719	0.01558	0.01847	0.02465	0.12940	0.11310	0.10565	0.42954	0.03860	0.00775	0.00832	0.01726	0.00764	0.00720
29	0.01311	0.01043	0.01176	0.01143	0.01447	0.00908	0.00857	0.01663	0.02572	0.03324	0.29544	0.08968	0.37625	0.02393	0.01212	0.00337	0.00505	0.02038	0.01026	0.00908
30	0.71184	0.01985	0.01508	0.01350	0.01985	0.02302	0.01111	0.03017	0.01746	0.04604	0.01429	0.01667	0.01111	0.00953	0.00635	0.00318	0.00794	0.00556	0.00635	0.01111
31	0.02058	0.05308	0.58618	0.02925	0.04442	0.02383	0.03792	0.03250	0.02167	0.03250	0.01842	0.02167	0.01300	0.00975	0.00975	0.00325	0.01517	0.00758	0.00433	0.01517
32	0.02058	0.05308	0.58618	0.02925	0.04442	0.02383	0.03792	0.03250	0.02167	0.03250	0.01842	0.02167	0.01300	0.00975	0.00975	0.00325	0.01517	0.00758	0.00433	0.01517
33	0.20187	0.06854	0.12921	0.02128	0.02995	0.02766	0.02013	0.20767	0.11691	0.04798	0.02304	0.02380	0.01704	0.01118	0.00898	0.00315	0.01062	0.00816	0.00785	0.01497
34	0.03196	0.02353	0.02713	0.02193	0.02770	0.02664	0.01790	0.29285	0.09246	0.09305	0.10333	0.03392	0.03017	0.01467	0.01437	0.00338	0.10928	0.01086	0.00968	0.01521
35	0.10589	0.01768	0.02303	0.01783	0.02563	0.01580	0.01473	0.04823	0.02830	0.53423	0.03813	0.03329	0.02412	0.01242	0.00996	0.00318	0.00866	0.00989	0.01213	0.01689
36	0.04127	0.02437	0.10578	0.02069	0.02971	0.01900	0.01907	0.12540	0.03126	0.42124	0.03480	0.03139	0.02236	0.01222	0.01023	0.00317	0.01006	0.00976	0.01111	0.01713
37	0.10622	0.02577	0.08600	0.02738	0.03660	0.02257	0.18164	0.11262	0.02856	0.22816	0.02723	0.02803	0.01853	0.01077	0.01040	0.00326	0.01229	0.00998	0.00856	0.01545

[dist]
# distance from previous block
# <min> <max>
1	6

[block]
# block no. 2 follows, 14 sequences, length 64
# corresponding to MSA columns:
# 103-166
name=unknown_C
#
# <colnr> <probs for GDERKNQSTAVLIFYWHMCP>
#	G	D	E	R	K	N	Q	S	T	A	V	L	I	F	Y	W	H	M	C	P
0	0.07219	0.05594	0.09188	0.06225	0.02956	0.01871	0.01751	0.07331	0.02527	0.14459	0.06611	0.07828	0.02692	0.01264	0.00946	0.00282	0.00937	0.01032	0.00801	0.18486
1	0.02384	0.07671	0.30827	0.07781	0.08608	0.02382	0.06313	0.03428	0.06141	0.07300	0.02169	0.02467	0.01590	0.00999	0.00973	0.00309	0.01319	0.00840	0.00565	0.05932
2	0.01498	0.01139	0.01432	0.01544	0.01768	0.01083	0.01141	0.01983	0.06527	0.02908	0.05524	0.40370	0.09543	0.02751	0.01255	0.00394	0.00683	0.10926	0.00931	0.06600
3	0.12277	0.02304	0.02355	0.02039	0.02674	0.02640	0.01617	0.14524	0.38410	0.04756	0.03467	0.03267	0.02586	0.01301	0.00984	0.00336	0.00871	0.01031	0.00984	0.01577
4	0.02951	0.42656	0.04328	0.01851	0.02643	0.03367	0.01726	0.07643	0.06815	0.09176	0.02326	0.02832	0.01976	0.01138	0.00818	0.00267	0.01040	0.04382	0.00667	0.01398
5	0.08087	0.06865	0.11061	0.07658	0.12851	0.05865	0.02241	0.06853	0.02621	0.16886	0.06930	0.02985	0.02377	0.01147	0.00974	0.00308	0.01124	0.00931	0.00770	0.01466
6	0.02097	0.01824	0.02284	0.11395	0.03196	0.01518	0.01485	0.02590	0.02115	0.03225	0.01824	0.02228	0.01495	0.00804	0.00804	0.00183	0.00860	0.00658	0.00583	0.58830
7	0.02499	0.02101	0.02207	0.01995	0.02546	0.02420	0.01549	0.05199	0.51243	0.04254	0.04108	0.03829	0.03091	0.01376	0.01017	0.00339	0.00784	0.01143	0.06728	0.01569
8	0.01783	0.00891	0.01337	0.01337	0.01337	0.00891	0.00891	0.01337	0.01337	0.01783	0.01783	0.03119	0.01783	0.03565	0.04011	0.70143	0.00891	0.00891	0.00446	0.00446
9	0.01551	0.01120	0.01582	0.01721	0.01910	0.01179	0.01405	0.01933	0.02030	0.02728	0.04374	0.12132	0.04669	0.08942	0.21603	0.00908	0.01540	0.26980	0.00787	0.00904
10	0.01465	0.01036	0.01259	0.01203	0.01464	0.00948	0.00902	0.01907	0.02707	0.03831	0.41735	0.07601	0.17603	0.02079	0.01150	0.00317	0.00490	0.01802	0.09552	0.00948
11	0.02744	0.64552	0.05378	0.01756	0.02634	0.04061	0.01756	0.03073	0.02085	0.02414	0.01427	0.01646	0.01317	0.00878	0.00658	0.00219	0.01097	0.00549	0.00439	0.01317
12	0.02128	0.01824	0.02128	0.01520	0.02432	0.01368	0.01216	0.02584	0.02128	0.03344	0.01824	0.02128	0.01520	0.00760	0.00760	0.00152	0.00760	0.00608	0.00608	0.70208
13	0.01322	0.00948	0.01255	0.01380	0.01504	0.00881	0.00958	0.01608	0.02296	0.03147	0.23750	0.43669	0.07808	0.02821	0.01275	0.00384	0.00556	0.02543	0.01015	0.00881
14	0.02744	0.64552	0.05378	0.01756	0.02634	0.04061	0.01756	0.03073	0.02085	0.02414	0.01427	0.01646	0.01317	0.00878	0.00658	0.00219	0.01097	0.00549	0.00439	0.01317
15	0.71184	0.01985	0.01508	0.01350	0.01985	0.02302	0.01111	0.03017	0.01746	0.04604	0.01429	0.01667	0.01111	0.00953	0.00635	0.00318	0.00794	0.00556	0.00635	0.01111
16	0.02553	0.02204	0.02320	0.02088	0.02669	0.02553	0.01624	0.05453	0.55679	0.04293	0.04177	0.03829	0.03133	0.01392	0.01044	0.00348	0.00812	0.01160	0.01044	0.01624
17	0.02553	0.02204	0.02320	0.02088	0.02669	0.02553	0.01624	0.05453	0.55679	0.04293	0.04177	0.03829	0.03133	0.01392	0.01044	0.00348	0.00812	0.01160	0.01044	0.01624
18	0.03833	0.04891	0.02908	0.02644	0.03173	0.59815	0.01983	0.04098	0.02908	0.02512	0.01586	0.01851	0.01322	0.01058	0.00925	0.00264	0.01851	0.00661	0.00529	0.01190
19	0.01492	0.00995	0.01119	0.01119	0.01119	0.00995	0.00622	0.01492	0.01492	0.01990	0.03233	0.06716	0.03731	0.63935	0.05223	0.00995	0.00995	0.01492	0.00622	0.00622
20	0.01426	0.01048	0.01335	0.01263	0.01517	0.00957	0.00947	0.01885	0.02842	0.03966	0.51797	0.07912	0.14971	0.02154	0.01211	0.00325	0.00488	0.01890	0.01110	0.00957
21	0.02245	0.02245	0.03143	0.02694	0.02694	0.03143	0.02245	0.02470	0.01572	0.02470	0.01347	0.02245	0.01347	0.01796	0.03368	0.00449	0.62057	0.00898	0.00449	0.01123
22	0.42175	0.02028	0.02125	0.15984	0.03389	0.02337	0.01653	0.08761	0.02249	0.08219	0.01829	0.02146	0.01347	0.01024	0.00802	0.00322	0.00975	0.00717	0.00682	0.01235
23	0.01502	0.01023	0.01311	0.01311	0.01372	0.01085	0.00860	0.01596	0.01535	0.02108	0.02978	0.05585	0.03215	0.41220	0.23430	0.05677	0.01575	0.01322	0.00586	0.00709
24	0.02128	0.01824	0.02128	0.01520	0.02432	0.01368	0.01216	0.02584	0.02128	0.03344	0.01824	0.02128	0.01520	0.00760	0.00760	0.00152	0.00760	0.00608	0.00608	0.70208
25	0.01753	0.01429	0.01319	0.01289	0.01348	0.07552	0.00774	0.01783	0.01650	0.02048	0.03050	0.06173	0.03462	0.56925	0.04744	0.00913	0.01090	0.01400	0.00611	0.00685
26	0.03225	0.02258	0.02523	0.02018	0.02669	0.02422	0.01634	0.33114	0.07589	0.09942	0.17029	0.04006	0.03988	0.01473	0.01076	0.00315	0.00918	0.01193	0.01075	0.01533
27	0.01913	0.00956	0.00956	0.00956	0.01196	0.00956	0.00717	0.02391	0.02152	0.03826	0.03348	0.03826	0.02630	0.01196	0.00717	0.00239	0.00478	0.00956	0.69632	0.00956
28	0.01597	0.01201	0.01497	0.01396	0.01682	0.01177	0.01055	0.02399	0.09847	0.04139	0.50044	0.07161	0.08821	0.02005	0.01189	0.00326	0.00527	0.01764	0.01118	0.01055
29	0.03630	0.02613	0.02790	0.02169	0.02911	0.02879	0.01782	0.47050	0.04460	0.06107	0.02584	0.02650	0.01866	0.01227	0.00984	0.00299	0.01040	0.00928	0.10393	0.01638
30	0.01283	0.01042	0.01137	0.01113	0.01429	0.00896	0.00835	0.01609	0.02505	0.03167	0.24078	0.09227	0.43189	0.02452	0.01212	0.00340	0.00509	0.02075	0.01005	0.00896
31	0.61832	0.01951	0.01631	0.01416	0.02074	0.02191	0.01167	0.03295	0.01914	0.12138	0.01797	0.01924	0.01312	0.00997	0.00691	0.00318	0.00805	0.00623	0.00724	0.01201
32	0.01250	0.00893	0.01191	0.01429	0.01488	0.00834	0.00953	0.01429	0.01965	0.02620	0.05656	0.63265	0.06787	0.03215	0.01310	0.00417	0.00595	0.02917	0.00953	0.00834
33	0.02993	0.01679	0.01983	0.01700	0.02249	0.01709	0.01343	0.04297	0.21379	0.22628	0.11461	0.04256	0.03773	0.01418	0.01010	0.00316	0.00732	0.01181	0.12432	0.01463
34	0.01451	0.01414	0.06045	0.01416	0.01795	0.01078	0.01221	0.01924	0.02609	0.03514	0.32357	0.08325	0.23141	0.02241	0.01215	0.00347	0.00632	0.07297	0.00997	0.00980
35	0.30484	0.11186	0.02892	0.02761	0.16430	0.02520	0.01792	0.06548	0.02261	0.08006	0.01923	0.02193	0.01503	0.00987	0.00796	0.00295	0.00958	0.00728	0.04384	0.01354
36	0.18335	0.02230	0.03462	0.16416	0.30401	0.02385	0.06310	0.03020	0.02147	0.03487	0.01803	0.02395	0.01448	0.00943	0.00944	0.00318	0.01189	0.00852	0.00528	0.01388
37	0.02292	0.03095	0.21756	0.10889	0.15776	0.02160	0.05664	0.03237	0.05806	0.07077	0.09426	0.03274	0.02698	0.01157	0.01043	0.00325	0.01220	0.01026	0.00645	0.01435
38	0.01951	0.01620	0.01929	0.01460	0.02196	0.01263	0.01151	0.02414	0.02332	0.03547	0.16312	0.03582	0.03664	0.01111	0.00878	0.00197	0.00688	0.00936	0.00745	0.52025
39	0.02189	0.01291	0.01640	0.01452	0.01845	0.01206	0.01123	0.02840	0.07247	0.15405	0.38353	0.06621	0.10842	0.01899	0.01159	0.00325	0.00595	0.01646	0.01140	0.01179
40	0.01394	0.01016	0.01310	0.01301	0.01513	0.00933	0.00951	0.01799	0.02671	0.03710	0.43057	0.19262	0.12523	0.02364	0.01231	0.00344	0.00510	0.02097	0.01080	0.00933
41	0.71184	0.01985	0.01508	0.01350	0.01985	0.02302	0.01111	0.03017	0.01746	0.04604	0.01429	0.01667	0.01111	0.00953	0.00635	0.00318	0.00794	0.00556	0.00635	0.01111
42	0.01452	0.01049	0.01372	0.01291	0.01533	0.00968	0.00968	0.01937	0.02905	0.04115	0.56992	0.07666	0.09683	0.02098	0.01210	0.00323	0.00484	0.01856	0.01130	0.00968
43	0.01452	0.01049	0.01372	0.01291	0.01533	0.00968	0.00968	0.01937	0.02905	0.04115	0.56992	0.07666	0.09683	0.02098	0.01210	0.00323	0.00484	0.01856	0.01130	0.00968
44	0.01834	0.01340	0.01807	0.01698	0.01807	0.01567	0.01261	0.02030	0.01706	0.06064	0.03029	0.11594	0.03175	0.23456	0.18705	0.00933	0.15038	0.01395	0.00647	0.00914
45	0.03692	0.04600	0.02764	0.02519	0.03027	0.55469	0.01889	0.03972	0.02852	0.02609	0.01716	0.01996	0.01418	0.01068	0.00910	0.00263	0.01749	0.00683	0.05632	0.01172
46	0.02128	0.01824	0.02128	0.01520	0.02432	0.01368	0.01216	0.02584	0.02128	0.03344	0.01824	0.02128	0.01520	0.00760	0.00760	0.00152	0.00760	0.00608	0.00608	0.70208
47	0.01387	0.01147	0.01233	0.01221	0.01565	0.01041	0.00938	0.01908	0.06782	0.03095	0.15650	0.09216	0.42676	0.02452	0.01214	0.00353	0.00570	0.05621	0.00983	0.00948
48	0.01807	0.01347	0.01610	0.01647	0.01883	0.01390	0.01182	0.10059	0.08397	0.03404	0.04995	0.47197	0.05597	0.02704	0.01236	0.00392	0.00702	0.02412	0.00974	0.01063
49	0.16278	0.12416	0.10582	0.12773	0.03872	0.18458	0.05949	0.03304	0.02275	0.03083	0.01643	0.02049	0.01302	0.00980	0.00874	0.00296	0.01394	0.00721	0.00510	0.01241
50	0.02058	0.05308	0.58618	0.02925	0.04442	0.02383	0.03792	0.03250	0.02167	0.03250	0.01842	0.02167	0.01300	0.00975	0.00975	0.00325	0.01517	0.00758	0.00433	0.01517
51	0.01838	0.01415	0.01664	0.01702	0.02000	0.01510	0.01304	0.03051	0.20579	0.03470	0.08393	0.24745	0.05254	0.02293	0.01190	0.00385	0.00722	0.11372	0.05969	0.01145
52	0.01482	0.01035	0.01322	0.01322	0.01392	0.01105	0.00875	0.01622	0.01552	0.02140	0.03048	0.05689	0.03285	0.42434	0.26115	0.01245	0.01665	0.01342	0.00594	0.00734
53	0.02170	0.02157	0.06840	0.06027	0.02837	0.02200	0.01793	0.03899	0.28907	0.03851	0.16351	0.04377	0.04259	0.01549	0.01333	0.00351	0.07570	0.01251	0.00910	0.01368
54	0.12026	0.01773	0.02284	0.01773	0.02549	0.01597	0.01464	0.04780	0.02804	0.52264	0.03757	0.03289	0.02381	0.01235	0.00988	0.00318	0.00864	0.00979	0.01199	0.01676
55	0.02084	0.01354	0.01743	0.05844	0.02233	0.01316	0.01276	0.06612	0.02895	0.11076	0.32109	0.06872	0.13510	0.01953	0.01172	0.00335	0.00687	0.04744	0.01055	0.01132
56	0.02195	0.02348	0.10881	0.19235	0.17416	0.02020	0.06289	0.02859	0.02324	0.06800	0.09315	0.08240	0.03009	0.01311	0.01077	0.00333	0.01171	0.01205	0.00650	0.01322
57	0.71184	0.01985	0.01508	0.01350	0.01985	0.02302	0.01111	0.03017	0.01746	0.04604	0.01429	0.01667	0.01111	0.00953	0.00635	0.00318	0.00794	0.00556	0.00635	0.01111
58	0.39381	0.02460	0.06077	0.13745	0.06977	0.06497	0.05372	0.03060	0.02000	0.03812	0.01619	0.02050	0.01251	0.00968	0.00817	0.00320	0.01119	0.00713	0.00564	0.01200
59	0.71184	0.01985	0.01508	0.01350	0.01985	0.02302	0.01111	0.03017	0.01746	0.04604	0.01429	0.01667	0.01111	0.00953	0.00635	0.00318	0.00794	0.00556	0.00635	0.01111
60	0.04526	0.01872	0.02459	0.01886	0.02682	0.01695	0.01558	0.10476	0.03148	0.52472	0.03872	0.03378	0.02452	0.01266	0.01031	0.00316	0.00902	0.01020	0.01243	0.01746
61	0.01762	0.01478	0.02338	0.15067	0.06749	0.01571	0.07252	0.02074	0.01786	0.02390	0.02676	0.04947	0.02753	0.35202	0.07151	0.00776	0.01288	0.01269	0.00562	0.00907
62	0.01344	0.00965	0.01313	0.05778	0.01876	0.00947	0.01075	0.01580	0.01983	0.02700	0.05224	0.54921	0.06117	0.02922	0.01250	0.00400	0.00644	0.02641	0.05455	0.00864
63	0.03541	0.04462	0.02700	0.02465	0.02973	0.53244	0.01849	0.03805	0.02845	0.02541	0.02568	0.02745	0.07542	0.01229	0.00957	0.00274	0.01702	0.00829	0.00576	0.01154

[dist]
# distance from previous block
# <min> <max>
0	12

[block]
# block no. 3 follows, 14 sequences, length 64
# corresponding to MSA columns:
# 179-242
name=unknown_D
#
# <colnr> <probs for GDERKNQSTAVLIFYWHMCP>
#	G	D	E	R	K	N	Q	S	T	A	V	L	I	F	Y	W	H	M	C	P
0	0.49941	0.11931	0.02216	0.01513	0.02148	0.07103	0.01272	0.03033	0.01978	0.04058	0.05527	0.02120	0.01791	0.01034	0.00704	0.00298	0.00904	0.00659	0.00632	0.01139
1	0.02814	0.07569	0.16654	0.07915	0.14347	0.06397	0.12829	0.03533	0.02417	0.12391	0.02228	0.02563	0.01629	0.00994	0.01017	0.00314	0.01377	0.00913	0.00614	0.01485
2	0.02328	0.01884	0.02424	0.10811	0.06469	0.01665	0.01626	0.03003	0.06123	0.07129	0.02158	0.02464	0.01693	0.00891	0.00855	0.00215	0.00890	0.00742	0.00657	0.45972
3	0.01216	0.01029	0.01051	0.01069	0.01394	0.00864	0.00793	0.01469	0.02311	0.02761	0.10037	0.13916	0.53308	0.02646	0.01220	0.00352	0.00526	0.02223	0.00953	0.00864
4	0.03210	0.02345	0.02919	0.23574	0.04418	0.06585	0.02204	0.17058	0.03013	0.15801	0.02427	0.02725	0.01721	0.01199	0.01208	0.00331	0.06110	0.00922	0.00792	0.01437
5	0.02321	0.01266	0.01571	0.01393	0.01780	0.01200	0.01080	0.02962	0.06625	0.15869	0.29887	0.05638	0.06109	0.01669	0.01052	0.00305	0.00592	0.01429	0.16068	0.01184
6	0.03901	0.02874	0.03080	0.02361	0.03182	0.03182	0.01951	0.54111	0.04825	0.06468	0.02464	0.02464	0.01745	0.01232	0.01027	0.00308	0.01129	0.00924	0.01027	0.01745
7	0.18409	0.06551	0.11126	0.06888	0.10063	0.06436	0.02119	0.03702	0.02361	0.19471	0.02360	0.02476	0.01669	0.01052	0.00902	0.00309	0.01118	0.00804	0.00741	0.01443
8	0.02298	0.01758	0.02352	0.11568	0.03156	0.01912	0.05397	0.03710	0.21732	0.07815	0.13368	0.04264	0.03838	0.01389	0.01037	0.00324	0.00866	0.01215	0.10680	0.01320
9	0.02869	0.02041	0.02391	0.09199	0.03124	0.02216	0.01691	0.10710	0.26100	0.12344	0.03397	0.03335	0.02482	0.01242	0.00988	0.00313	0.00898	0.01020	0.06582	0.07058
10	0.02523	0.34698	0.16757	0.02411	0.03411	0.03289	0.09351	0.03459	0.09315	0.02969	0.01975	0.02207	0.01589	0.00966	0.00856	0.00277	0.01238	0.00768	0.00530	0.01411
11	0.01248	0.00903	0.01180	0.01401	0.01481	0.00836	0.00940	0.01432	0.01991	0.02630	0.05992	0.59485	0.10351	0.03171	0.01303	0.00412	0.00590	0.02864	0.00953	0.00836
12	0.30997	0.02103	0.02718	0.12094	0.10845	0.02277	0.06019	0.06456	0.02299	0.12123	0.02068	0.02369	0.01511	0.01017	0.00880	0.00321	0.01053	0.00809	0.00698	0.01342
13	0.12883	0.02385	0.03604	0.12044	0.20958	0.02544	0.10664	0.11051	0.06968	0.03979	0.02129	0.02568	0.01643	0.01015	0.00996	0.00323	0.01212	0.00930	0.00645	0.01460
14	0.09239	0.01763	0.02321	0.01793	0.02575	0.01564	0.01481	0.04863	0.02854	0.54510	0.03866	0.03366	0.02441	0.01248	0.01004	0.00318	0.00868	0.00999	0.01226	0.01702
15	0.01278	0.00915	0.01216	0.01410	0.01495	0.00852	0.00955	0.01499	0.02095	0.02827	0.12790	0.55539	0.07190	0.03060	0.01296	0.00404	0.00580	0.02770	0.00977	0.00852
16	0.01313	0.01023	0.01134	0.01135	0.01380	0.00907	0.00806	0.01571	0.02290	0.02915	0.18736	0.12801	0.34432	0.12790	0.01890	0.00455	0.00597	0.02043	0.00935	0.00845
17	0.40161	0.01764	0.01724	0.01464	0.02092	0.01845	0.01194	0.03405	0.02246	0.20471	0.07681	0.03327	0.06334	0.01266	0.00845	0.00320	0.00771	0.00927	0.00891	0.01271
18	0.02553	0.02204	0.02320	0.02088	0.02669	0.02553	0.01624	0.05453	0.55679	0.04293	0.04177	0.03829	0.03133	0.01392	0.01044	0.00348	0.00812	0.01160	0.01044	0.01624
19	0.02058	0.05308	0.58618	0.02925	0.04442	0.02383	0.03792	0.03250	0.02167	0.03250	0.01842	0.02167	0.01300	0.00975	0.00975	0.00325	0.01517	0.00758	0.00433	0.01517
20	0.01279	0.00999	0.01161	0.01212	0.01450	0.00880	0.00874	0.01567	0.02360	0.03038	0.19772	0.24978	0.31443	0.02663	0.01241	0.00362	0.00534	0.02314	0.00994	0.00880
21	0.71184	0.01985	0.01508	0.01350	0.01985	0.02302	0.01111	0.03017	0.01746	0.04604	0.01429	0.01667	0.01111	0.00953	0.00635	0.00318	0.00794	0.00556	0.00635	0.01111
22	0.02002	0.01646	0.01836	0.01683	0.02109	0.01780	0.01293	0.03719	0.30170	0.04099	0.25913	0.05858	0.10107	0.01773	0.01125	0.00338	0.00657	0.01521	0.01071	0.01300
23	0.12678	0.02176	0.02698	0.19464	0.03966	0.02571	0.02050	0.14224	0.10477	0.08040	0.02350	0.02676	0.01754	0.01231	0.01277	0.00344	0.08992	0.00907	0.00749	0.01378
24	0.01938	0.01824	0.03078	0.61468	0.07068	0.02280	0.02850	0.02622	0.02052	0.02622	0.01824	0.02736	0.01368	0.01026	0.01026	0.00342	0.01368	0.00912	0.00456	0.01140
25	0.02744	0.64552	0.05378	0.01756	0.02634	0.04061	0.01756	0.03073	0.02085	0.02414	0.01427	0.01646	0.01317	0.00878	0.00658	0.00219	0.01097	0.00549	0.00439	0.01317
26	0.07284	0.12666	0.20095	0.02396	0.03434	0.02531	0.06550	0.10745	0.02724	0.18259	0.02445	0.02500	0.01704	0.01064	0.00948	0.00306	0.01202	0.00847	0.00758	0.01544
27	0.03551	0.02927	0.19799	0.02760	0.10518	0.01900	0.02425	0.04219	0.02622	0.34106	0.03091	0.02960	0.02039	0.01132	0.01012	0.00318	0.01116	0.00933	0.00913	0.01660
28	0.02242	0.01851	0.01969	0.01805	0.02215	0.02097	0.01331	0.04295	0.39834	0.03619	0.03901	0.04673	0.03308	0.19681	0.02266	0.00537	0.00866	0.01257	0.00921	0.01331
29	0.01312	0.00965	0.01230	0.01330	0.01489	0.00883	0.00934	0.01603	0.02327	0.03135	0.23282	0.37573	0.14631	0.02761	0.01264	0.00376	0.00548	0.02463	0.01011	0.00883
30	0.02810	0.45584	0.13612	0.02037	0.03009	0.03656	0.02114	0.10892	0.02517	0.03168	0.01652	0.01855	0.01380	0.00948	0.00766	0.00250	0.01170	0.00640	0.00528	0.01415
31	0.04436	0.01784	0.02377	0.01847	0.02624	0.01594	0.01518	0.05038	0.07253	0.53829	0.04059	0.03520	0.02589	0.01280	0.01033	0.00320	0.00868	0.01042	0.01252	0.01736
32	0.01985	0.01169	0.01425	0.01396	0.01752	0.01060	0.01115	0.02353	0.02433	0.12326	0.10243	0.12140	0.22772	0.02263	0.01173	0.00360	0.00672	0.12695	0.09620	0.01047
33	0.01542	0.01065	0.01347	0.01463	0.01566	0.01060	0.01076	0.01752	0.01890	0.02487	0.04330	0.12953	0.04865	0.33963	0.03347	0.00734	0.00944	0.22062	0.00781	0.00772
34	0.40748	0.06844	0.02611	0.02181	0.07289	0.02526	0.04824	0.10558	0.02404	0.08830	0.01873	0.02072	0.01406	0.01004	0.00795	0.00310	0.00967	0.00719	0.00709	0.01331
35	0.01938	0.01824	0.03078	0.61468	0.07068	0.02280	0.02850	0.02622	0.02052	0.02622	0.01824	0.02736	0.01368	0.01026	0.01026	0.00342	0.01368	0.00912	0.00456	0.01140
36	0.01380	0.01065	0.01279	0.01329	0.01603	0.00963	0.01043	0.01742	0.02466	0.03181	0.21086	0.13408	0.29400	0.02566	0.01266	0.00374	0.00614	0.13330	0.00997	0.00909
37	0.02174	0.01996	0.03248	0.48567	0.14677	0.02370	0.02832	0.06430	0.02297	0.03014	0.01887	0.02686	0.01436	0.01023	0.01024	0.00334	0.01327	0.00913	0.00505	0.01260
38	0.03533	0.02309	0.07156	0.06371	0.03232	0.06029	0.05679	0.04225	0.07004	0.32450	0.03536	0.08371	0.02612	0.01362	0.01058	0.00329	0.01067	0.01162	0.00989	0.01528
39	0.01346	0.00936	0.01155	0.01300	0.01440	0.00866	0.00899	0.01601	0.02125	0.02924	0.10509	0.43138	0.13855	0.02773	0.01212	0.00376	0.00560	0.02468	0.09651	0.00866
40	0.06843	0.01668	0.01920	0.01698	0.02177	0.01741	0.01321	0.06749	0.18682	0.13016	0.21555	0.09607	0.05294	0.01716	0.01092	0.00336	0.00714	0.01459	0.01075	0.01337
41	0.03079	0.02894	0.14023	0.08041	0.11746	0.02342	0.12741	0.11506	0.02828	0.16750	0.02519	0.02745	0.01766	0.01058	0.01053	0.00323	0.01292	0.00973	0.00753	0.01565
42	0.17762	0.02177	0.02354	0.10169	0.06303	0.09395	0.01735	0.03359	0.02349	0.16696	0.06418	0.07458	0.02604	0.01362	0.01127	0.00330	0.05281	0.01050	0.00790	0.01280
43	0.03833	0.02173	0.02567	0.02059	0.02790	0.02233	0.01693	0.22276	0.11409	0.27802	0.03607	0.03772	0.02594	0.01390	0.01060	0.00330	0.00960	0.04656	0.01126	0.01669
44	0.01938	0.01824	0.03078	0.61468	0.07068	0.02280	0.02850	0.02622	0.02052	0.02622	0.01824	0.02736	0.01368	0.01026	0.01026	0.00342	0.01368	0.00912	0.00456	0.01140
45	0.03959	0.02782	0.03023	0.02317	0.03136	0.03045	0.01914	0.50092	0.04670	0.10705	0.02594	0.02548	0.01810	0.01235	0.01027	0.00309	0.01108	0.00933	0.01047	0.01745
46	0.01401	0.01020	0.01326	0.01360	0.01562	0.00945	0.01010	0.01789	0.02576	0.03544	0.35985	0.22367	0.12101	0.02484	0.01254	0.00362	0.00555	0.06380	0.01055	0.00924
47	0.01938	0.01824	0.03078	0.61468	0.07068	0.02280	0.02850	0.02622	0.02052	0.02622	0.01824	0.02736	0.01368	0.01026	0.01026	0.00342	0.01368	0.00912	0.00456	0.01140
48	0.02146	0.01025	0.01080	0.01032	0.01319	0.01004	0.00786	0.02618	0.02220	0.08547	0.03408	0.03797	0.02623	0.01202	0.00745	0.00246	0.00513	0.00963	0.63701	0.01025
49	0.08429	0.02050	0.02194	0.01885	0.02471	0.02254	0.01517	0.16965	0.21512	0.09394	0.03467	0.03836	0.02685	0.01379	0.00982	0.00325	0.00855	0.04587	0.11742	0.01471
50	0.71184	0.01985	0.01508	0.01350	0.01985	0.02302	0.01111	0.03017	0.01746	0.04604	0.01429	0.01667	0.01111	0.00953	0.00635	0.00318	0.00794	0.00556	0.00635	0.01111
51	0.03901	0.02874	0.03080	0.02361	0.03182	0.03182	0.01951	0.54111	0.04825	0.06468	0.02464	0.02464	0.01745	0.01232	0.01027	0.00308	0.01129	0.00924	0.01027	0.01745
52	0.01913	0.00956	0.00956	0.00956	0.01196	0.00956	0.00717	0.02391	0.02152	0.03826	0.03348	0.03826	0.02630	0.01196	0.00717	0.00239	0.00478	0.00956	0.69632	0.00956
53	0.04604	0.01746	0.02382	0.01826	0.02620	0.01508	0.01508	0.05001	0.02937	0.58244	0.04049	0.03493	0.02540	0.01270	0.01032	0.00318	0.00873	0.01032	0.01270	0.01746
54	0.01446	0.01033	0.01416	0.01653	0.01798	0.01003	0.01293	0.01768	0.02158	0.02839	0.05548	0.38140	0.06359	0.03030	0.01362	0.00444	0.00765	0.26108	0.00949	0.00888
55	0.08851	0.08987	0.02981	0.02482	0.03044	0.51429	0.01900	0.03942	0.02761	0.02663	0.01563	0.01822	0.01306	0.01037	0.00884	0.00265	0.01716	0.00645	0.00530	0.01193
56	0.01410	0.01020	0.01366	0.01585	0.01737	0.00976	0.01222	0.01713	0.02153	0.02813	0.05920	0.38503	0.10183	0.03016	0.01346	0.00434	0.00730	0.22045	0.00950	0.00881
57	0.01855	0.00968	0.01009	0.00999	0.01238	0.00958	0.00749	0.02334	0.02247	0.03862	0.10130	0.04311	0.03522	0.01310	0.00780	0.00250	0.00479	0.01070	0.60971	0.00958
58	0.32783	0.02410	0.02355	0.01888	0.02628	0.02682	0.01558	0.28607	0.03367	0.09477	0.02137	0.02198	0.01532	0.01115	0.00859	0.00313	0.00967	0.00774	0.00877	0.01474
59	0.01452	0.01049	0.01372	0.01291	0.01533	0.00968	0.00968	0.01937	0.02905	0.04115	0.56992	0.07666	0.09683	0.02098	0.01210	0.00323	0.00484	0.01856	0.01130	0.00968
60	0.04604	0.01746	0.02382	0.01826	0.02620	0.01508	0.01508	0.05001	0.02937	0.58244	0.04049	0.03493	0.02540	0.01270	0.01032	0.00318	0.00873	0.01032	0.01270	0.01746
61	0.02299	0.01545	0.02121	0.01948	0.02362	0.01549	0.05638	0.10481	0.02709	0.08446	0.04309	0.15321	0.04268	0.02108	0.01188	0.00381	0.00910	0.20219	0.11040	0.01159
62	0.71184	0.01985	0.01508	0.01350	0.01985	0.02302	0.01111	0.03017	0.01746	0.04604	0.01429	0.01667	0.01111	0.00953	0.00635	0.00318	0.00794	0.00556	0.00635	0.01111
63	0.01938	0.01824	0.03078	0.61468	0.07068	0.02280	0.02850	0.02622	0.02052	0.02622	0.01824	0.02736	0.01368	0.01026	0.01026	0.00342	0.01368	0.00912	0.00456	0.01140

[dist]
# distance from previous block
# <min> <max>
0	9

[block]
# block no. 4 follows, 14 sequences, length 34
# corresponding to MSA columns:
# 252-285
name=unknown_E
#
# <colnr> <probs for GDERKNQSTAVLIFYWHMCP>
#	G	D	E	R	K	N	Q	S	T	A	V	L	I	F	Y	W	H	M	C	P
0	0.01770	0.01105	0.01401	0.01477	0.01682	0.01065	0.01048	0.02242	0.06600	0.08674	0.08743	0.43573	0.05915	0.02625	0.01205	0.00380	0.00625	0.02347	0.06512	0.01012
1	0.02673	0.58465	0.10848	0.01876	0.02820	0.03888	0.01965	0.03091	0.02094	0.02500	0.01469	0.01700	0.01315	0.00888	0.00691	0.00230	0.01141	0.00570	0.00438	0.01337
2	0.20753	0.01629	0.01901	0.01568	0.02180	0.01572	0.01269	0.03712	0.02626	0.30738	0.16925	0.04095	0.04004	0.01401	0.00977	0.00319	0.00753	0.01121	0.01072	0.01386
3	0.01736	0.01203	0.01395	0.01321	0.01431	0.01260	0.00851	0.06946	0.01857	0.02505	0.03086	0.05902	0.03363	0.49602	0.12459	0.01016	0.01255	0.01379	0.00653	0.00779
4	0.01477	0.01057	0.01433	0.01433	0.01542	0.01165	0.01013	0.01694	0.01585	0.02222	0.02946	0.05125	0.03040	0.30611	0.37603	0.01383	0.02034	0.01260	0.00579	0.00796
5	0.02058	0.05308	0.58618	0.02925	0.04442	0.02383	0.03792	0.03250	0.02167	0.03250	0.01842	0.02167	0.01300	0.00975	0.00975	0.00325	0.01517	0.00758	0.00433	0.01517
6	0.01259	0.01035	0.01129	0.01136	0.01441	0.00905	0.00848	0.01544	0.02322	0.02871	0.14307	0.12757	0.44896	0.02963	0.05532	0.00445	0.00685	0.02105	0.00941	0.00878
7	0.60197	0.02459	0.01737	0.01561	0.02178	0.11684	0.01254	0.03193	0.01936	0.04263	0.01455	0.01697	0.01146	0.00970	0.00682	0.00309	0.00966	0.00573	0.00618	0.01124
8	0.01425	0.00966	0.01139	0.01206	0.01222	0.00950	0.00714	0.01475	0.01624	0.02166	0.03910	0.22519	0.04585	0.46966	0.04130	0.00833	0.00883	0.01891	0.00714	0.00681
9	0.71184	0.01985	0.01508	0.01350	0.01985	0.02302	0.01111	0.03017	0.01746	0.04604	0.01429	0.01667	0.01111	0.00953	0.00635	0.00318	0.00794	0.00556	0.00635	0.01111
10	0.71184	0.01985	0.01508	0.01350	0.01985	0.02302	0.01111	0.03017	0.01746	0.04604	0.01429	0.01667	0.01111	0.00953	0.00635	0.00318	0.00794	0.00556	0.00635	0.01111
11	0.02033	0.01441	0.01610	0.01271	0.01886	0.01186	0.00996	0.02499	0.02139	0.03557	0.02497	0.02878	0.02011	0.00952	0.00741	0.00190	0.00635	0.00762	0.31109	0.39607
12	0.01783	0.00891	0.01337	0.01337	0.01337	0.00891	0.00891	0.01337	0.01337	0.01783	0.01783	0.03119	0.01783	0.03565	0.04011	0.70143	0.00891	0.00891	0.00446	0.00446
13	0.02744	0.64552	0.05378	0.01756	0.02634	0.04061	0.01756	0.03073	0.02085	0.02414	0.01427	0.01646	0.01317	0.00878	0.00658	0.00219	0.01097	0.00549	0.00439	0.01317
14	0.02245	0.01403	0.01555	0.01493	0.01818	0.05145	0.01159	0.02654	0.02518	0.12408	0.16928	0.13948	0.05269	0.01928	0.01083	0.00331	0.00721	0.08384	0.17927	0.01086
15	0.03266	0.01410	0.01835	0.01512	0.02055	0.01260	0.01210	0.03701	0.02765	0.33543	0.16938	0.04590	0.04318	0.01458	0.01010	0.00302	0.00695	0.01219	0.15523	0.01390
16	0.13133	0.01777	0.02270	0.01765	0.02538	0.01610	0.01457	0.04747	0.02785	0.51373	0.03713	0.03259	0.02357	0.01229	0.00981	0.00318	0.00863	0.00971	0.01189	0.01665
17	0.46752	0.01897	0.01829	0.01524	0.02218	0.02011	0.01257	0.03745	0.02183	0.24288	0.02390	0.02337	0.01636	0.01069	0.00781	0.00318	0.00823	0.00730	0.00868	0.01344
18	0.09642	0.01989	0.02491	0.02173	0.06276	0.01948	0.01645	0.09820	0.10049	0.37614	0.03545	0.03217	0.02359	0.01233	0.00999	0.00320	0.00908	0.00991	0.01112	0.01669
19	0.01324	0.00974	0.01241	0.01322	0.01492	0.00891	0.00935	0.01633	0.02384	0.03225	0.26375	0.34205	0.14824	0.02694	0.01258	0.00370	0.00542	0.02399	0.01022	0.00891
20	0.01302	0.01041	0.01172	0.01194	0.01485	0.00911	0.00904	0.01620	0.02431	0.03070	0.19539	0.13969	0.38724	0.02562	0.01237	0.00357	0.00553	0.06048	0.00990	0.00892
21	0.01381	0.00994	0.01308	0.01340	0.01517	0.00921	0.00963	0.01758	0.02574	0.03588	0.38911	0.27248	0.08663	0.02491	0.01245	0.00356	0.00523	0.02230	0.01067	0.00921
22	0.02467	0.03072	0.19922	0.22322	0.04906	0.02377	0.06508	0.07549	0.09279	0.07996	0.02385	0.02747	0.01715	0.01083	0.01027	0.00333	0.01308	0.00930	0.00642	0.01432
23	0.02058	0.05308	0.58618	0.02925	0.04442	0.02383	0.03792	0.03250	0.02167	0.03250	0.01842	0.02167	0.01300	0.00975	0.00975	0.00325	0.01517	0.00758	0.00433	0.01517
24	0.04604	0.01746	0.02382	0.01826	0.02620	0.01508	0.01508	0.05001	0.02937	0.58244	0.04049	0.03493	0.02540	0.01270	0.01032	0.00318	0.00873	0.01032	0.01270	0.01746
25	0.71184	0.01985	0.01508	0.01350	0.01985	0.02302	0.01111	0.03017	0.01746	0.04604	0.01429	0.01667	0.01111	0.00953	0.00635	0.00318	0.00794	0.00556	0.00635	0.01111
26	0.71184	0.01985	0.01508	0.01350	0.01985	0.02302	0.01111	0.03017	0.01746	0.04604	0.01429	0.01667	0.01111	0.00953	0.00635	0.00318	0.00794	0.00556	0.00635	0.01111
27	0.02090	0.01656	0.02472	0.10521	0.06625	0.01769	0.05479	0.02780	0.06733	0.07962	0.20452	0.05493	0.08660	0.01710	0.01379	0.00352	0.07165	0.04652	0.00860	0.01190
28	0.01438	0.01038	0.01359	0.01301	0.01530	0.00958	0.00967	0.01900	0.02836	0.04006	0.53258	0.11710	0.09472	0.02179	0.01218	0.00330	0.00492	0.01933	0.01117	0.00958
29	0.01684	0.01014	0.01319	0.01398	0.01568	0.00941	0.00975	0.01937	0.02181	0.08589	0.12514	0.41541	0.06288	0.06634	0.01480	0.00418	0.00626	0.02348	0.05604	0.00941
30	0.02744	0.64552	0.05378	0.01756	0.02634	0.04061	0.01756	0.03073	0.02085	0.02414	0.01427	0.01646	0.01317	0.00878	0.00658	0.00219	0.01097	0.00549	0.00439	0.01317
31	0.02128	0.01824	0.02128	0.01520	0.02432	0.01368	0.01216	0.02584	0.02128	0.03344	0.01824	0.02128	0.01520	0.00760	0.00760	0.00152	0.00760	0.00608	0.00608	0.70208
32	0.03985	0.02369	0.02943	0.02258	0.03065	0.02430	0.05192	0.27602	0.07619	0.26752	0.03195	0.02994	0.02151	0.01234	0.01042	0.00317	0.01044	0.01003	0.01091	0.01713
33	0.71184	0.01985	0.01508	0.01350	0.01985	0.02302	0.01111	0.03017	0.01746	0.04604	0.01429	0.01667	0.01111	0.00953	0.00635	0.00318	0.00794	0.00556	0.00635	0.01111

[dist]
# distance from previous block
# <min> <max>
0	35

[block]
# block no. 5 follows, 14 sequences, length 12
# corresponding to MSA columns:
# 321-332
name=unknown_F
#
# <colnr> <probs for GDERKNQSTAVLIFYWHMCP>
#	G	D	E	R	K	N	Q	S	T	A	V	L	I	F	Y	W	H	M	C	P
0	0.32266	0.08834	0.12671	0.02586	0.12194	0.02421	0.02055	0.03321	0.02098	0.10264	0.01899	0.02121	0.01423	0.00980	0.00811	0.00307	0.01036	0.00710	0.00633	0.01368
1	0.02411	0.07722	0.13366	0.01842	0.02857	0.01803	0.01789	0.02993	0.02212	0.08692	0.02015	0.02231	0.01562	0.00862	0.00820	0.00208	0.00946	0.00674	0.00626	0.44369
2	0.01558	0.00995	0.01208	0.01231	0.01253	0.00995	0.00767	0.01526	0.01548	0.02057	0.03190	0.06552	0.03598	0.47557	0.04648	0.13022	0.00972	0.06079	0.00622	0.00622
3	0.02726	0.25129	0.08152	0.02230	0.02818	0.17354	0.02005	0.03101	0.02266	0.02685	0.06940	0.02460	0.02145	0.01250	0.01393	0.00299	0.14495	0.00798	0.00531	0.01225
4	0.01401	0.00994	0.01226	0.01256	0.01463	0.00912	0.00909	0.01762	0.02472	0.03445	0.29596	0.23417	0.15872	0.02408	0.01191	0.00345	0.00521	0.02119	0.07778	0.00912
5	0.02176	0.08039	0.02210	0.01909	0.02276	0.10708	0.01598	0.02786	0.06608	0.03012	0.03899	0.07068	0.03914	0.02595	0.06974	0.00502	0.01230	0.24896	0.06527	0.01072
6	0.12268	0.02194	0.02537	0.01968	0.02753	0.02225	0.01625	0.23009	0.03497	0.32624	0.03148	0.02893	0.02075	0.01218	0.00983	0.00314	0.00959	0.00935	0.01104	0.01670
7	0.08390	0.01839	0.02932	0.55867	0.06594	0.02282	0.02688	0.02659	0.02024	0.02807	0.01787	0.02636	0.01344	0.01019	0.00990	0.00340	0.01314	0.00879	0.00473	0.01137
8	0.01938	0.01824	0.03078	0.61468	0.07068	0.02280	0.02850	0.02622	0.02052	0.02622	0.01824	0.02736	0.01368	0.01026	0.01026	0.00342	0.01368	0.00912	0.00456	0.01140
9	0.01452	0.01049	0.01372	0.01291	0.01533	0.00968	0.00968	0.01937	0.02905	0.04115	0.56992	0.07666	0.09683	0.02098	0.01210	0.00323	0.00484	0.01856	0.01130	0.00968
10	0.01250	0.00893	0.01191	0.01429	0.01488	0.00834	0.00953	0.01429	0.01965	0.02620	0.05656	0.63265	0.06787	0.03215	0.01310	0.00417	0.00595	0.02917	0.00953	0.00834
11	0.20011	0.01445	0.01513	0.01310	0.01811	0.01455	0.01048	0.03314	0.02281	0.20002	0.03074	0.03189	0.02224	0.01157	0.00789	0.00282	0.00673	0.00879	0.32316	0.01227

[dist]
# distance from previous block
# <min> <max>
2	3

[block]
# block no. 6 follows, 14 sequences, length 15
# corresponding to MSA columns:
# 336-350
name=unknown_G
#
# <colnr> <probs for GDERKNQSTAVLIFYWHMCP>
#	G	D	E	R	K	N	Q	S	T	A	V	L	I	F	Y	W	H	M	C	P
0	0.19240	0.01825	0.02186	0.06754	0.02814	0.01728	0.01470	0.03827	0.02415	0.29472	0.02782	0.02717	0.01894	0.01068	0.00882	0.00285	0.00873	0.00822	0.00914	0.16034
1	0.10508	0.07851	0.11248	0.02520	0.03096	0.06958	0.05544	0.06533	0.02182	0.06904	0.01756	0.02224	0.01430	0.01321	0.01864	0.00359	0.25004	0.00825	0.00572	0.01300
2	0.01268	0.00960	0.01171	0.01290	0.01464	0.00863	0.00902	0.01516	0.02215	0.02882	0.14522	0.38940	0.22562	0.02866	0.01266	0.00382	0.00556	0.02535	0.00978	0.00863
3	0.27646	0.01788	0.01946	0.01641	0.02270	0.01827	0.01351	0.07386	0.02602	0.24373	0.09146	0.03932	0.03073	0.01382	0.00944	0.00331	0.00826	0.05191	0.00982	0.01363
4	0.07031	0.07593	0.19646	0.05947	0.03774	0.02304	0.09677	0.07165	0.02438	0.09031	0.02083	0.02364	0.01530	0.00962	0.00935	0.00286	0.01223	0.00815	0.00623	0.14571
