[name]
unknown

[dist]
# distance from previous block
# <min> <max>
0	36

[block]
# block no. 0 follows, 14 sequences, length 11
# corresponding to MSA columns:
# 36-46
name=unknown_A
#
# <colnr> <probs for GDERKNQSTAVLIFYWHMCP>
#	G	D	E	R	K	N	Q	S	T	A	V	L	I	F	Y	W	H	M	C	P
0	0.01323	0.00939	0.01245	0.01463	0.01541	0.00892	0.01017	0.01525	0.01977	0.02626	0.05425	0.51798	0.06417	0.08230	0.01650	0.00472	0.00674	0.09029	0.00924	0.00830
1	0.02159	0.14035	0.50775	0.02753	0.04175	0.02630	0.03492	0.03224	0.02155	0.03127	0.01780	0.02090	0.01302	0.00961	0.00928	0.00309	0.01455	0.00727	0.00434	0.01487
2	0.03833	0.04891	0.02908	0.02644	0.03173	0.59815	0.01983	0.04098	0.02908	0.02512	0.01586	0.01851	0.01322	0.01058	0.00925	0.00264	0.01851	0.00661	0.00529	0.01190
3	0.01432	0.01048	0.01343	0.01269	0.01520	0.00959	0.00952	0.01896	0.02856	0.03998	0.52940	0.07858	0.13808	0.02142	0.01211	0.00325	0.00487	0.01883	0.01114	0.00959
4	0.10479	0.08017	0.21268	0.12674	0.03940	0.02227	0.02478	0.03627	0.02326	0.19803	0.02425	0.02570	0.01667	0.01063	0.00938	0.00316	0.01183	0.00829	0.00712	0.01459
5	0.03116	0.02803	0.07880	0.02563	0.06655	0.02814	0.02068	0.27073	0.24380	0.05119	0.03045	0.02978	0.02242	0.01251	0.01028	0.00325	0.01046	0.01001	0.00946	0.01669
6	0.01278	0.00987	0.01167	0.01240	0.01456	0.00876	0.00885	0.01556	0.02320	0.03002	0.18588	0.29450	0.28068	0.02723	0.01249	0.00368	0.00541	0.02382	0.00991	0.00876
7	0.03234	0.03069	0.10727	0.03019	0.09483	0.02876	0.06986	0.32118	0.09266	0.05185	0.02466	0.02602	0.01800	0.01146	0.01037	0.00317	0.01212	0.00952	0.00847	0.01657
8	0.01349	0.00966	0.01130	0.01218	0.01307	0.00910	0.00775	0.01465	0.01831	0.02374	0.05517	0.28211	0.15214	0.29616	0.03000	0.00656	0.00755	0.02149	0.00808	0.00747
9	0.02199	0.01973	0.02691	0.02289	0.08758	0.01592	0.05964	0.02707	0.02176	0.03340	0.01857	0.02229	0.01535	0.00786	0.00827	0.00186	0.00894	0.00694	0.00589	0.56714
10	0.10549	0.02635	0.11130	0.05795	0.07862	0.02268	0.02088	0.17979	0.02991	0.12277	0.02649	0.07984	0.02133	0.01276	0.00983	0.00314	0.01062	0.01031	0.00816	0.06178

[dist]
# distance from previous block
# <min> <max>
0	2

[block]
# block no. 1 follows, 14 sequences, length 44
# corresponding to MSA columns:
# 49-92
name=unknown_B
#
# <colnr> <probs for GDERKNQSTAVLIFYWHMCP>
#	G	D	E	R	K	N	Q	S	T	A	V	L	I	F	Y	W	H	M	C	P
0	0.02386	0.01647	0.02000	0.01799	0.02201	0.01777	0.01402	0.08960	0.13223	0.11060	0.08703	0.14891	0.08050	0.02752	0.09592	0.00540	0.05269	0.01537	0.00946	0.01267
1	0.02564	0.02365	0.03310	0.02651	0.03119	0.02782	0.09357	0.11164	0.10503	0.03590	0.02111	0.02582	0.01731	0.01397	0.02046	0.00364	0.27683	0.00954	0.00658	0.09069
2	0.01530	0.01028	0.01418	0.01418	0.01508	0.01118	0.00994	0.01633	0.01543	0.02147	0.02743	0.04772	0.02820	0.25804	0.31888	0.13311	0.01839	0.01195	0.00556	0.00736
3	0.02142	0.01631	0.01734	0.06132	0.02197	0.05602	0.01294	0.02952	0.10097	0.03582	0.07274	0.03734	0.02934	0.01341	0.01140	0.00295	0.07586	0.01028	0.36200	0.01105
4	0.01402	0.01008	0.01244	0.01342	0.01477	0.00956	0.00949	0.01624	0.02056	0.02704	0.11386	0.24590	0.13604	0.20197	0.02414	0.00569	0.00742	0.10047	0.00877	0.00811
5	0.02809	0.39403	0.04195	0.01954	0.02704	0.09856	0.01742	0.03893	0.18054	0.02982	0.02259	0.02316	0.01855	0.01050	0.00803	0.00263	0.01097	0.00742	0.00628	0.01394
6	0.01652	0.01102	0.01386	0.01284	0.01589	0.00991	0.00974	0.02085	0.02797	0.08081	0.43762	0.07771	0.18383	0.02131	0.01197	0.00327	0.00521	0.01852	0.01106	0.01009
7	0.02540	0.02438	0.04165	0.06299	0.57533	0.02438	0.03149	0.03149	0.02337	0.03353	0.01930	0.02540	0.01626	0.00914	0.01016	0.00305	0.01219	0.00914	0.00508	0.01626
8	0.02620	0.41587	0.21554	0.02186	0.03233	0.07980	0.02400	0.03209	0.02176	0.02679	0.01567	0.01822	0.01312	0.00922	0.00777	0.00256	0.01286	0.00622	0.00444	0.01368
9	0.03635	0.02333	0.02657	0.02047	0.02818	0.02396	0.01677	0.32408	0.03918	0.17607	0.07799	0.03140	0.02635	0.01268	0.01015	0.00294	0.00970	0.00999	0.01044	0.09339
10	0.09140	0.01849	0.02762	0.02204	0.02838	0.01809	0.12125	0.03667	0.10667	0.19024	0.13683	0.08693	0.03995	0.01486	0.01090	0.00337	0.00937	0.01349	0.00970	0.01374
11	0.46458	0.02312	0.02086	0.01721	0.02425	0.02626	0.01420	0.21794	0.02878	0.05289	0.01809	0.01960	0.01344	0.01055	0.00779	0.00314	0.00917	0.00691	0.00779	0.01344
12	0.02798	0.39466	0.08642	0.01908	0.02726	0.03395	0.01833	0.13881	0.02614	0.03305	0.01885	0.02431	0.01678	0.08022	0.01274	0.00334	0.01126	0.00752	0.00585	0.01347
13	0.02272	0.27691	0.33448	0.02370	0.03531	0.02935	0.02802	0.03064	0.02092	0.02857	0.01758	0.02122	0.01412	0.01497	0.05754	0.00395	0.01458	0.00706	0.00445	0.01390
14	0.02188	0.02707	0.17664	0.02287	0.03094	0.01916	0.08289	0.03395	0.13796	0.07872	0.15828	0.04655	0.08883	0.01478	0.01098	0.00333	0.01017	0.01299	0.00844	0.01357
15	0.02119	0.02009	0.03406	0.44846	0.22273	0.02328	0.02940	0.02781	0.02138	0.02842	0.01856	0.02677	0.01446	0.00992	0.01023	0.00331	0.01323	0.00913	0.00472	0.01286
16	0.02190	0.07685	0.37783	0.08921	0.13063	0.02494	0.07348	0.03169	0.02198	0.03164	0.01849	0.02295	0.01379	0.00956	0.00987	0.00319	0.01449	0.00820	0.00454	0.01477
17	0.57948	0.07517	0.01987	0.01528	0.02172	0.08888	0.01263	0.03142	0.01905	0.04188	0.01446	0.01686	0.01152	0.00958	0.00670	0.00303	0.00937	0.00567	0.00607	0.01137
18	0.01452	0.01049	0.01372	0.01291	0.01533	0.00968	0.00968	0.01937	0.02905	0.04115	0.56992	0.07666	0.09683	0.02098	0.01210	0.00323	0.00484	0.01856	0.01130	0.00968
19	0.01737	0.01372	0.01736	0.01634	0.01848	0.01554	0.01225	0.02500	0.11673	0.03049	0.15304	0.05211	0.04414	0.16384	0.19347	0.00866	0.07011	0.01345	0.00777	0.01014
20	0.01643	0.01088	0.01389	0.01349	0.01625	0.00988	0.01021	0.02040	0.02647	0.07845	0.34675	0.15891	0.16193	0.02321	0.01224	0.00349	0.00565	0.05080	0.01075	0.00992
21	0.02654	0.24915	0.03239	0.01751	0.02396	0.02834	0.01514	0.10118	0.17668	0.03778	0.02765	0.02852	0.02177	0.01139	0.00828	0.00272	0.00884	0.00860	0.15977	0.01379
22	0.03406	0.02307	0.06847	0.01930	0.02826	0.01910	0.01688	0.15213	0.03032	0.23552	0.02761	0.02692	0.01917	0.01065	0.00934	0.00260	0.00943	0.00842	0.00925	0.24950
23	0.08474	0.11402	0.06950	0.02321	0.03099	0.05929	0.07632	0.15827	0.11357	0.08675	0.02711	0.06487	0.02171	0.01249	0.00977	0.00313	0.01126	0.01023	0.00807	0.01470
24	0.02451	0.20669	0.34516	0.02569	0.03702	0.09308	0.02946	0.03244	0.02187	0.02893	0.01670	0.01999	0.01310	0.01015	0.01051	0.00299	0.05621	0.00702	0.00447	0.01400
25	0.01880	0.02340	0.13194	0.02330	0.02954	0.01824	0.11362	0.02679	0.05538	0.03658	0.28413	0.05015	0.05474	0.01593	0.01357	0.00341	0.06626	0.01403	0.00819	0.01199
26	0.02610	0.02829	0.11883	0.02489	0.03016	0.08781	0.05489	0.03081	0.02212	0.10750	0.06115	0.03339	0.06404	0.01527	0.01930	0.00367	0.24199	0.01048	0.00660	0.01270
27	0.02223	0.19578	0.45794	0.02643	0.04006	0.02787	0.03301	0.03207	0.02147	0.03049	0.01742	0.02041	0.01304	0.00952	0.00899	0.00300	0.01416	0.00708	0.00435	0.01469
28	0.01301	0.00947	0.01232	0.01402	0.01526	0.00878	0.00983	0.01550	0.02159	0.02876	0.13416	0.47107	0.11805	0.02974	0.01293	0.00400	0.00595	0.05715	0.00977	0.00863
29	0.02787	0.21980	0.17961	0.02204	0.03221	0.06017	0.02251	0.14589	0.02775	0.03699	0.01840	0.02054	0.01442	0.00973	0.00854	0.00258	0.01199	0.00703	0.00602	0.12590
30	0.48763	0.02952	0.01974	0.01780	0.02380	0.21448	0.01401	0.03377	0.02133	0.03908	0.01481	0.01728	0.01181	0.00988	0.00732	0.00300	0.01146	0.00591	0.00600	0.01137
31	0.15323	0.02723	0.02813	0.02189	0.02979	0.03033	0.01808	0.45438	0.04302	0.06151	0.02288	0.02329	0.01638	0.01184	0.00960	0.00310	0.01072	0.00861	0.00960	0.01638
32	0.02163	0.02053	0.03484	0.40878	0.25903	0.02339	0.02962	0.02819	0.02158	0.02895	0.01864	0.02663	0.01464	0.00984	0.01022	0.00328	0.01312	0.00913	0.00475	0.01321
33	0.71184	0.01985	0.01508	0.01350	0.01985	0.02302	0.01111	0.03017	0.01746	0.04604	0.01429	0.01667	0.01111	0.00953	0.00635	0.00318	0.00794	0.00556	0.00635	0.01111
34	0.02701	0.11809	0.13037	0.02406	0.03268	0.02843	0.06151	0.12420	0.26267	0.04115	0.02934	0.02922	0.02205	0.01179	0.00987	0.00319	0.01099	0.00968	0.00807	0.01562
35	0.04604	0.01746	0.02382	0.01826	0.02620	0.01508	0.01508	0.05001	0.02937	0.58244	0.04049	0.03493	0.02540	0.01270	0.01032	0.00318	0.00873	0.01032	0.01270	0.01746
36	0.03468	0.04282	0.02962	0.02655	0.03063	0.46782	0.02043	0.03723	0.02601	0.02502	0.01531	0.01941	0.01328	0.01227	0.01487	0.00307	0.15697	0.00715	0.00510	0.01174
37	0.01454	0.00979	0.01131	0.01168	0.01178	0.00969	0.00674	0.01482	0.01567	0.02090	0.03617	0.15673	0.04215	0.54317	0.04603	0.00903	0.00932	0.01718	0.00674	0.00655
38	0.02626	0.01535	0.01954	0.06583	0.02499	0.01550	0.01388	0.03596	0.13577	0.18964	0.22700	0.05012	0.05116	0.01564	0.01073	0.00321	0.00732	0.01336	0.06544	0.01331
39	0.01474	0.01082	0.01424	0.01587	0.01805	0.01033	0.01287	0.01851	0.02335	0.03044	0.12054	0.21875	0.14778	0.02795	0.01338	0.00424	0.00750	0.27185	0.00969	0.00911
40	0.02454	0.02351	0.04010	0.14182	0.50322	0.02416	0.03107	0.03074	0.02296	0.03248	0.01915	0.02568	0.01589	0.00930	0.01017	0.00310	0.01240	0.00914	0.00501	0.01556
41	0.01581	0.00963	0.01186	0.01186	0.01186	0.00963	0.00704	0.01445	0.01445	0.01926	0.02790	0.05617	0.03135	0.45486	0.04853	0.22127	0.00963	0.01309	0.00568	0.00568
42	0.02753	0.16030	0.09403	0.02258	0.07818	0.02283	0.01878	0.06478	0.02498	0.12081	0.05949	0.02685	0.02200	0.01028	0.00877	0.00248	0.00984	0.00814	0.00710	0.21024
43	0.10110	0.20180	0.09022	0.15893	0.20042	0.02845	0.02521	0.03010	0.02123	0.03061	0.01700	0.02195	0.01395	0.00938	0.00870	0.00292	0.01196	0.00755	0.00485	0.01367

[dist]
# distance from previous block
# <min> <max>
0	1

[block]
# block no. 2 follows, 14 sequences, length 8
# corresponding to MSA columns:
# 94-101
name=unknown_C
#
# <colnr> <probs for GDERKNQSTAVLIFYWHMCP>
#	G	D	E	R	K	N	Q	S	T	A	V	L	I	F	Y	W	H	M	C	P
0	0.03445	0.02324	0.02975	0.02280	0.03018	0.02423	0.08635	0.29842	0.03704	0.13796	0.02828	0.02922	0.02011	0.01182	0.00995	0.00302	0.01049	0.00986	0.13735	0.01550
1	0.02360	0.02208	0.03718	0.11222	0.45025	0.02253	0.02918	0.02959	0.02312	0.03242	0.02391	0.03776	0.02176	0.01184	0.01071	0.00331	0.01197	0.07609	0.00562	0.01485
2	0.02373	0.02304	0.03704	0.11472	0.33662	0.02652	0.02817	0.02865	0.02052	0.02978	0.01726	0.02465	0.01504	0.01218	0.01791	0.00357	0.21265	0.00909	0.00483	0.01404
3	0.02297	0.10508	0.20863	0.03444	0.04543	0.02598	0.29478	0.03166	0.02305	0.03160	0.02182	0.03116	0.01776	0.01044	0.01094	0.00335	0.01537	0.04656	0.00516	0.01382
4	0.03970	0.01816	0.02251	0.01767	0.02463	0.01727	0.01446	0.13942	0.03154	0.38204	0.03614	0.03357	0.02404	0.01249	0.00973	0.00301	0.00849	0.00997	0.13916	0.01600
5	0.03093	0.02343	0.02611	0.02147	0.02778	0.02630	0.01737	0.33094	0.13539	0.05127	0.02847	0.03077	0.02191	0.02743	0.14517	0.00623	0.01442	0.01008	0.00921	0.01533
6	0.01293	0.00994	0.01183	0.01239	0.01461	0.00884	0.00890	0.01589	0.02375	0.03100	0.21961	0.26830	0.27186	0.02661	0.01244	0.00363	0.00535	0.02326	0.01003	0.00884
7	0.03138	0.03141	0.02540	0.02210	0.02765	0.23577	0.01712	0.15685	0.14531	0.04110	0.12569	0.03487	0.03348	0.01361	0.01027	0.00303	0.01210	0.01049	0.00865	0.01371

[dist]
# distance from previous block
# <min> <max>
0	1

[block]
# block no. 3 follows, 14 sequences, length 6
# corresponding to MSA columns:
# 103-108
name=unknown_D
#
# <colnr> <probs for GDERKNQSTAVLIFYWHMCP>
#	G	D	E	R	K	N	Q	S	T	A	V	L	I	F	Y	W	H	M	C	P
0	0.01425	0.01003	0.01264	0.01268	0.01405	0.00950	0.00866	0.01711	0.02318	0.03216	0.31664	0.18066	0.07414	0.20110	0.02384	0.00534	0.00653	0.01955	0.00950	0.00843
1	0.02227	0.14202	0.12200	0.02954	0.11636	0.02424	0.08586	0.03171	0.09808	0.03265	0.07351	0.09142	0.03127	0.01403	0.01038	0.00325	0.01113	0.03998	0.00679	0.01352
2	0.02343	0.08999	0.33069	0.02456	0.03521	0.02363	0.02793	0.03136	0.02165	0.08511	0.02531	0.02779	0.05188	0.01199	0.01275	0.00321	0.09409	0.00870	0.00567	0.06507
3	0.01349	0.01045	0.01228	0.01183	0.01470	0.00924	0.00887	0.01737	0.02661	0.03536	0.36894	0.08619	0.30142	0.02314	0.01211	0.00333	0.00500	0.01990	0.01053	0.00924
4	0.02542	0.02402	0.03876	0.05639	0.48933	0.02456	0.02910	0.03511	0.10698	0.03500	0.02282	0.02742	0.01862	0.00989	0.01020	0.00312	0.01155	0.00953	0.00592	0.01625
5	0.47707	0.02422	0.02279	0.02634	0.14876	0.08921	0.01679	0.03171	0.02015	0.04077	0.01562	0.01889	0.01254	0.00956	0.00756	0.00309	0.01013	0.00650	0.00594	0.01238

[dist]
# distance from previous block
# <min> <max>
6	15

[block]
# block no. 4 follows, 14 sequences, length 25
# corresponding to MSA columns:
# 128-152
name=unknown_E
#
# <colnr> <probs for GDERKNQSTAVLIFYWHMCP>
#	G	D	E	R	K	N	Q	S	T	A	V	L	I	F	Y	W	H	M	C	P
0	0.15033	0.02377	0.12293	0.01839	0.02663	0.01784	0.01756	0.06321	0.02589	0.26836	0.04185	0.03963	0.11268	0.01384	0.00983	0.00323	0.00930	0.01086	0.00941	0.01446
1	0.02672	0.25952	0.23577	0.08199	0.03785	0.03033	0.02598	0.09636	0.02504	0.06404	0.01893	0.02147	0.01439	0.00994	0.00875	0.00286	0.01264	0.00734	0.00560	0.01448
2	0.02972	0.46446	0.11584	0.01915	0.02859	0.03417	0.01971	0.03422	0.02240	0.11975	0.01923	0.02025	0.01522	0.00957	0.00762	0.00249	0.01112	0.00657	0.00579	0.01415
3	0.03439	0.25457	0.03794	0.02087	0.02828	0.06377	0.01828	0.18377	0.03041	0.13932	0.02216	0.02297	0.01672	0.01154	0.01114	0.00288	0.07044	0.00788	0.00771	0.01496
4	0.48941	0.11931	0.07883	0.01665	0.02416	0.06911	0.01541	0.03130	0.01927	0.03983	0.01482	0.01728	0.01177	0.00952	0.00694	0.00300	0.00991	0.00583	0.00578	0.01189
5	0.02518	0.02760	0.12495	0.12139	0.35380	0.02359	0.03004	0.03377	0.06032	0.06781	0.02193	0.02655	0.01704	0.00994	0.01014	0.00317	0.01235	0.00914	0.00575	0.01554
6	0.01779	0.01108	0.01399	0.01345	0.01424	0.01149	0.00886	0.05436	0.01701	0.02289	0.02592	0.04806	0.02748	0.31443	0.09746	0.26574	0.01136	0.01189	0.00580	0.00670
7	0.01562	0.01164	0.01466	0.01370	0.01646	0.01126	0.01034	0.02287	0.08162	0.04133	0.51731	0.07283	0.09030	0.02028	0.01194	0.00325	0.00517	0.01787	0.01121	0.01034
8	0.08810	0.01840	0.02068	0.01503	0.02389	0.01458	0.01206	0.02626	0.02091	0.03466	0.01786	0.02083	0.01480	0.00779	0.00748	0.00168	0.00763	0.00603	0.00611	0.63522
9	0.01340	0.01057	0.01217	0.01211	0.01510	0.00933	0.00931	0.01700	0.02541	0.03276	0.26400	0.09259	0.35380	0.02445	0.01232	0.00350	0.00548	0.06745	0.01015	0.00910
10	0.01857	0.01268	0.01737	0.09133	0.02557	0.01255	0.01509	0.02308	0.02458	0.08487	0.13755	0.08731	0.15932	0.02294	0.01257	0.00393	0.00835	0.22257	0.00945	0.01035
11	0.47279	0.01944	0.01813	0.01545	0.02215	0.02121	0.01264	0.03767	0.07306	0.18448	0.02374	0.02350	0.01678	0.01078	0.00778	0.00321	0.00816	0.00738	0.00839	0.01326
12	0.01469	0.00985	0.01126	0.01149	0.01155	0.00979	0.00654	0.01486	0.01538	0.02051	0.03469	0.12222	0.04029	0.58022	0.04842	0.00939	0.00956	0.01631	0.00654	0.00642
13	0.02143	0.12628	0.52040	0.02781	0.04218	0.02590	0.03540	0.03228	0.02157	0.03147	0.01790	0.02102	0.01302	0.00963	0.00936	0.00312	0.01465	0.00732	0.00434	0.01492
14	0.01913	0.00956	0.00956	0.00956	0.01196	0.00956	0.00717	0.02391	0.02152	0.03826	0.03348	0.03826	0.02630	0.01196	0.00717	0.00239	0.00478	0.00956	0.69632	0.00956
15	0.01938	0.01824	0.03078	0.61468	0.07068	0.02280	0.02850	0.02622	0.02052	0.02622	0.01824	0.02736	0.01368	0.01026	0.01026	0.00342	0.01368	0.00912	0.00456	0.01140
16	0.71184	0.01985	0.01508	0.01350	0.01985	0.02302	0.01111	0.03017	0.01746	0.04604	0.01429	0.01667	0.01111	0.00953	0.00635	0.00318	0.00794	0.00556	0.00635	0.01111
17	0.01276	0.00913	0.01214	0.01412	0.01494	0.00851	0.00955	0.01493	0.02083	0.02808	0.12129	0.56254	0.07152	0.03074	0.01297	0.00405	0.00581	0.02784	0.00975	0.00851
18	0.02365	0.31861	0.34756	0.02401	0.03631	0.03135	0.02879	0.03171	0.02130	0.02875	0.01656	0.01933	0.01308	0.00931	0.00833	0.00278	0.01329	0.00664	0.00436	0.01427
19	0.01622	0.01316	0.01563	0.01380	0.01859	0.01071	0.01030	0.01958	0.02192	0.03089	0.09940	0.22938	0.14296	0.01988	0.01057	0.00286	0.00638	0.01730	0.00829	0.29215
20	0.01888	0.02169	0.11328	0.01793	0.02389	0.01736	0.01635	0.03283	0.20947	0.03758	0.19924	0.05853	0.15596	0.01765	0.01113	0.00337	0.00780	0.01492	0.00946	0.01268
21	0.25231	0.02170	0.02714	0.03052	0.18573	0.02250	0.01919	0.10119	0.02622	0.18351	0.02386	0.02497	0.01713	0.01059	0.00899	0.00313	0.00982	0.00831	0.00812	0.01507
22	0.01564	0.01001	0.01354	0.01354	0.01414	0.01061	0.00914	0.01561	0.01501	0.02061	0.02672	0.04838	0.02808	0.28736	0.22844	0.20360	0.01543	0.01197	0.00549	0.00670
23	0.02293	0.10050	0.03865	0.02972	0.07354	0.02618	0.15698	0.03197	0.10750	0.03198	0.07690	0.03250	0.02622	0.01742	0.05627	0.00437	0.13599	0.01090	0.00641	0.01306
24	0.02180	0.01901	0.02385	0.02123	0.09380	0.01503	0.01460	0.02655	0.02154	0.03345	0.01837	0.02180	0.01533	0.00779	0.00792	0.00171	0.00818	0.00647	0.00595	0.61560

[dist]
# distance from previous block
# <min> <max>
5	13

[block]
# block no. 5 follows, 14 sequences, length 13
# corresponding to MSA columns:
# 166-178
name=unknown_F
#
# <colnr> <probs for GDERKNQSTAVLIFYWHMCP>
#	G	D	E	R	K	N	Q	S	T	A	V	L	I	F	Y	W	H	M	C	P
0	0.10201	0.02626	0.03082	0.02964	0.13219	0.02839	0.02063	0.36126	0.03927	0.09381	0.02376	0.02474	0.01718	0.01148	0.00987	0.00309	0.01095	0.00894	0.00909	0.01662
1	0.10012	0.02777	0.06827	0.02534	0.08408	0.08955	0.01951	0.15577	0.08399	0.15765	0.02625	0.02633	0.01882	0.01125	0.00956	0.00300	0.01106	0.00869	0.00859	0.06442
2	0.31990	0.02032	0.02246	0.07665	0.07887	0.02229	0.01633	0.11808	0.02611	0.09965	0.08368	0.02862	0.02425	0.01168	0.00881	0.00318	0.00917	0.00884	0.00794	0.01318
3	0.65322	0.02238	0.01630	0.01462	0.02088	0.07308	0.01187	0.03111	0.01848	0.04422	0.01443	0.01683	0.01130	0.00962	0.00660	0.00313	0.00886	0.00565	0.00626	0.01118
4	0.15570	0.02167	0.02542	0.02156	0.02797	0.02396	0.06593	0.08116	0.29702	0.07572	0.03413	0.03750	0.02660	0.01342	0.01008	0.00346	0.00934	0.04540	0.00922	0.01473
5	0.02287	0.01839	0.02946	0.06859	0.19808	0.01824	0.06813	0.03028	0.06532	0.08799	0.22555	0.04643	0.04764	0.01420	0.01110	0.00322	0.00943	0.01318	0.00846	0.01343
6	0.01779	0.01203	0.01480	0.01436	0.01568	0.01291	0.00978	0.02230	0.11625	0.02407	0.02895	0.04709	0.02862	0.26198	0.10997	0.22570	0.01151	0.01192	0.00637	0.00792
7	0.02171	0.17045	0.23369	0.07172	0.11856	0.02499	0.02573	0.02819	0.02040	0.02796	0.02022	0.03003	0.01815	0.12755	0.01711	0.00425	0.01268	0.00885	0.00483	0.01293
8	0.08679	0.34449	0.14777	0.02301	0.03249	0.10528	0.07143	0.03252	0.02208	0.02858	0.01588	0.01880	0.01320	0.00924	0.00803	0.00266	0.01306	0.00667	0.00474	0.01327
9	0.02016	0.01179	0.01523	0.01362	0.01720	0.01058	0.01048	0.02458	0.02846	0.14111	0.41684	0.07138	0.13819	0.02001	0.01177	0.00325	0.00561	0.01737	0.01136	0.01102
10	0.02693	0.58278	0.05153	0.01850	0.02640	0.03968	0.01805	0.03012	0.02033	0.02420	0.01419	0.01707	0.01320	0.00970	0.00931	0.00243	0.07236	0.00584	0.00440	0.01297
11	0.01297	0.00926	0.01244	0.01482	0.01562	0.00874	0.01034	0.01509	0.02011	0.02672	0.05630	0.57298	0.06686	0.03171	0.01322	0.00423	0.00636	0.08425	0.00952	0.00846
12	0.12020	0.08815	0.03248	0.08386	0.10249	0.02977	0.02063	0.30995	0.03572	0.05054	0.02098	0.02316	0.01569	0.01100	0.00938	0.00303	0.01118	0.00837	0.00796	0.01547

[dist]
# distance from previous block
# <min> <max>
1	37

[block]
# block no. 6 follows, 14 sequences, length 27
# corresponding to MSA columns:
# 216-242
name=unknown_G
#
# <colnr> <probs for GDERKNQSTAVLIFYWHMCP>
#	G	D	E	R	K	N	Q	S	T	A	V	L	I	F	Y	W	H	M	C	P
0	0.21704	0.11997	0.35603	0.02329	0.03514	0.02576	0.02771	0.03161	0.02037	0.03526	0.01671	0.01958	0.01249	0.00956	0.00838	0.00309	0.01258	0.00674	0.00491	0.01376
1	0.01783	0.00891	0.01337	0.01337	0.01337	0.00891	0.00891	0.01337	0.01337	0.01783	0.01783	0.03119	0.01783	0.03565	0.04011	0.70143	0.00891	0.00891	0.00446	0.00446
2	0.02866	0.01657	0.02061	0.01795	0.02272	0.01713	0.01416	0.09520	0.10362	0.19731	0.03597	0.04649	0.02980	0.11701	0.14244	0.00715	0.01319	0.05141	0.00935	0.01326
3	0.02432	0.37575	0.29621	0.02288	0.03457	0.03297	0.02683	0.03153	0.02122	0.02795	0.01616	0.01883	0.01309	0.00922	0.00803	0.00268	0.01288	0.00644	0.00436	0.01408
4	0.01471	0.01079	0.01545	0.01545	0.01692	0.01226	0.01152	0.01765	0.01618	0.02305	0.02845	0.04562	0.02796	0.18811	0.49068	0.01520	0.02402	0.01177	0.00564	0.00858
5	0.02295	0.30238	0.02992	0.01325	0.01858	0.02386	0.01196	0.02705	0.02121	0.03176	0.02463	0.02822	0.02026	0.01049	0.00690	0.00230	0.00763	0.00769	0.37773	0.01122
6	0.02110	0.09776	0.54603	0.02837	0.04305	0.02510	0.03638	0.03237	0.02160	0.03187	0.01810	0.02127	0.01301	0.00968	0.00951	0.00317	0.01485	0.00743	0.00434	0.01502
7	0.02658	0.02662	0.04051	0.05965	0.52568	0.07679	0.03043	0.03236	0.02389	0.03276	0.01899	0.02477	0.01598	0.00927	0.01008	0.00301	0.01277	0.00891	0.00510	0.01586
8	0.18282	0.01505	0.01640	0.01516	0.01941	0.01543	0.01160	0.07796	0.02400	0.13811	0.03782	0.24606	0.03679	0.01887	0.01001	0.00343	0.00730	0.01583	0.09624	0.01171
9	0.58973	0.01941	0.01668	0.01437	0.02101	0.02157	0.01184	0.03381	0.01965	0.14442	0.01909	0.02002	0.01373	0.01011	0.00708	0.00318	0.00808	0.00643	0.00752	0.01228
10	0.02633	0.13931	0.39968	0.02540	0.03824	0.02485	0.03054	0.03543	0.02295	0.13205	0.02181	0.02328	0.01530	0.01014	0.00936	0.00307	0.01333	0.00776	0.00588	0.01528
11	0.03971	0.02763	0.03011	0.02308	0.03127	0.03016	0.01907	0.49240	0.04638	0.11603	0.02621	0.02566	0.01824	0.01236	0.01027	0.00309	0.01104	0.00935	0.01051	0.01745
12	0.01433	0.01048	0.01344	0.01270	0.01521	0.00960	0.00953	0.01898	0.02858	0.04004	0.53148	0.07848	0.13596	0.02139	0.01211	0.00325	0.00487	0.01881	0.01115	0.00960
13	0.41212	0.02381	0.02208	0.01800	0.02518	0.02694	0.01485	0.25777	0.03118	0.05434	0.01890	0.02022	0.01394	0.01077	0.00809	0.00313	0.00943	0.00720	0.00809	0.01394
14	0.01318	0.01044	0.01186	0.01150	0.01451	0.00911	0.00863	0.01677	0.02588	0.03363	0.30885	0.08904	0.36260	0.02379	0.01212	0.00336	0.00504	0.02030	0.01031	0.00911
15	0.01901	0.01553	0.02137	0.02012	0.02375	0.01690	0.05407	0.03024	0.17078	0.03166	0.03927	0.06290	0.03715	0.07568	0.18082	0.00794	0.01481	0.15851	0.00808	0.01140
16	0.16244	0.17107	0.20952	0.02550	0.07707	0.06538	0.02426	0.09260	0.02444	0.03678	0.01734	0.01999	0.01348	0.00980	0.00845	0.00293	0.01233	0.00699	0.00557	0.01408
17	0.01356	0.00973	0.01169	0.01244	0.01354	0.00913	0.00816	0.01530	0.01997	0.02644	0.12954	0.27822	0.13905	0.23602	0.02611	0.00589	0.00704	0.02164	0.00866	0.00786
18	0.02479	0.04129	0.36958	0.02605	0.03791	0.02425	0.02971	0.07540	0.15743	0.07327	0.02612	0.02689	0.01869	0.01117	0.01000	0.00329	0.01271	0.00888	0.00682	0.01575
19	0.08222	0.01795	0.01987	0.01700	0.02115	0.01967	0.01306	0.21787	0.02852	0.04119	0.02583	0.03644	0.02285	0.14449	0.11148	0.07568	0.01243	0.01029	0.07051	0.01149
20	0.02397	0.03454	0.23509	0.10150	0.26052	0.02467	0.06875	0.06750	0.02430	0.03459	0.01936	0.02437	0.01488	0.00966	0.01017	0.00319	0.01370	0.00880	0.00514	0.01530
21	0.01447	0.00991	0.01118	0.01137	0.01174	0.00970	0.00663	0.01485	0.01608	0.02112	0.04084	0.11592	0.08855	0.53407	0.04540	0.00889	0.00919	0.01669	0.00679	0.00661
22	0.02110	0.09476	0.25611	0.27775	0.05259	0.02517	0.03034	0.03120	0.05897	0.02972	0.01958	0.02476	0.01460	0.01017	0.00970	0.00323	0.01362	0.00832	0.00487	0.01343
23	0.02218	0.01698	0.02182	0.02456	0.10792	0.01781	0.01590	0.03505	0.21918	0.07971	0.08158	0.22986	0.04503	0.01945	0.01136	0.00359	0.00787	0.01727	0.00955	0.01332
24	0.02040	0.02185	0.06817	0.02426	0.02587	0.02607	0.02097	0.02379	0.01736	0.02646	0.06127	0.02971	0.02219	0.02726	0.12265	0.00626	0.42922	0.00999	0.00520	0.01105
25	0.02353	0.02248	0.03828	0.23411	0.41880	0.02389	0.03057	0.02986	0.02248	0.03126	0.01897	0.02601	0.01546	0.00949	0.01019	0.00316	0.01265	0.00914	0.00492	0.01475
26	0.19550	0.01972	0.02336	0.06302	0.06649	0.02011	0.01620	0.11344	0.02682	0.19555	0.02777	0.07488	0.02170	0.01253	0.00930	0.00309	0.00920	0.00995	0.00877	0.08259

[dist]
# distance from previous block
# <min> <max>
0	2

# created by:
# /st0/software/busco_prod/Augustus/scripts/msa2prfl.pl ./align_prep/6972.fa
