[name]
unknown

[dist]
# distance from previous block
# <min> <max>
0	172

[block]
# block no. 0 follows, 10 sequences, length 14
# corresponding to MSA columns:
# 221-234
name=unknown_A
#
# <colnr> <probs for GDERKNQSTAVLIFYWHMCP>
#	G	D	E	R	K	N	Q	S	T	A	V	L	I	F	Y	W	H	M	C	P
0	0.01717	0.01157	0.01354	0.01392	0.01430	0.01157	0.00870	0.01793	0.01831	0.02428	0.04017	0.08389	0.04576	0.51231	0.05311	0.01044	0.01120	0.07671	0.00756	0.00756
1	0.02389	0.07249	0.03877	0.02794	0.03466	0.02371	0.16630	0.03524	0.11919	0.03884	0.14897	0.05250	0.04690	0.09651	0.01922	0.00477	0.01231	0.01519	0.00883	0.01378
2	0.01661	0.01246	0.01869	0.01869	0.02077	0.01454	0.01454	0.02077	0.01869	0.02700	0.03115	0.04569	0.02908	0.08723	0.54517	0.01869	0.03115	0.01246	0.00623	0.01038
3	0.02412	0.02067	0.02412	0.01723	0.02756	0.01550	0.01378	0.02929	0.02412	0.03790	0.02067	0.02412	0.01723	0.00861	0.00861	0.00172	0.00861	0.00689	0.00689	0.66236
4	0.01685	0.01119	0.01289	0.01289	0.01356	0.01086	0.00779	0.01662	0.01829	0.02372	0.04804	0.07628	0.11913	0.41601	0.04949	0.10437	0.01019	0.01722	0.00739	0.00723
5	0.02412	0.02067	0.02412	0.01723	0.02756	0.01550	0.01378	0.02929	0.02412	0.03790	0.02067	0.02412	0.01723	0.00861	0.00861	0.00172	0.00861	0.00689	0.00689	0.66236
6	0.01443	0.01079	0.01342	0.01492	0.01668	0.00977	0.01037	0.01721	0.02493	0.03276	0.14716	0.39553	0.18402	0.03282	0.01441	0.00437	0.00635	0.02919	0.01111	0.00977
7	0.03277	0.27592	0.04437	0.02488	0.03153	0.16397	0.02134	0.04033	0.09362	0.03084	0.02097	0.02407	0.01799	0.01322	0.01452	0.00331	0.11720	0.00827	0.00624	0.01467
8	0.02819	0.02054	0.02453	0.01773	0.02787	0.01573	0.01426	0.03326	0.02545	0.10882	0.02433	0.02636	0.01890	0.00945	0.00906	0.00199	0.00880	0.00759	0.00798	0.56914
9	0.02412	0.02067	0.02412	0.01723	0.02756	0.01550	0.01378	0.02929	0.02412	0.03790	0.02067	0.02412	0.01723	0.00861	0.00861	0.00172	0.00861	0.00689	0.00689	0.66236
10	0.01754	0.01272	0.01635	0.09079	0.02307	0.01328	0.01134	0.01965	0.02077	0.02802	0.12243	0.07173	0.05098	0.40445	0.04407	0.00882	0.01080	0.01675	0.00785	0.00860
11	0.02780	0.01445	0.01885	0.01628	0.02120	0.01284	0.01273	0.03268	0.03231	0.20152	0.31549	0.07430	0.12928	0.02136	0.01306	0.00367	0.00697	0.01839	0.01309	0.01372
12	0.02357	0.02121	0.02894	0.19686	0.04504	0.02116	0.02115	0.02928	0.02312	0.03410	0.02006	0.02652	0.01644	0.01093	0.01296	0.00281	0.07466	0.00839	0.00612	0.37670
13	0.03065	0.03096	0.15231	0.16228	0.04752	0.02381	0.02727	0.04350	0.11369	0.14878	0.03139	0.03307	0.02219	0.01262	0.01128	0.00359	0.01288	0.01044	0.00859	0.07320

[dist]
# distance from previous block
# <min> <max>
0	36

[block]
# block no. 1 follows, 10 sequences, length 18
# corresponding to MSA columns:
# 272-289
name=unknown_B
#
# <colnr> <probs for GDERKNQSTAVLIFYWHMCP>
#	G	D	E	R	K	N	Q	S	T	A	V	L	I	F	Y	W	H	M	C	P
0	0.02755	0.23653	0.09406	0.02758	0.03707	0.03315	0.11729	0.04022	0.13211	0.03718	0.07808	0.03473	0.03021	0.01281	0.01077	0.00336	0.01293	0.01117	0.00754	0.01566
1	0.04345	0.05543	0.03296	0.02996	0.03596	0.54457	0.02247	0.04644	0.03296	0.02846	0.01798	0.02097	0.01498	0.01199	0.01049	0.00300	0.02097	0.00749	0.00599	0.01348
2	0.02412	0.02067	0.02412	0.01723	0.02756	0.01550	0.01378	0.02929	0.02412	0.03790	0.02067	0.02412	0.01723	0.00861	0.00861	0.00172	0.00861	0.00689	0.00689	0.66236
3	0.02893	0.02498	0.02630	0.02367	0.03024	0.02893	0.01841	0.06180	0.49770	0.04865	0.04734	0.04339	0.03550	0.01578	0.01183	0.00394	0.00920	0.01315	0.01183	0.01841
4	0.67341	0.02249	0.01709	0.01529	0.02249	0.02609	0.01260	0.03419	0.01979	0.05218	0.01619	0.01889	0.01260	0.01080	0.00720	0.00360	0.00900	0.00630	0.00720	0.01260
5	0.01973	0.01102	0.01220	0.01225	0.01477	0.01074	0.00906	0.02483	0.02618	0.04280	0.15160	0.10613	0.05311	0.01817	0.01009	0.00313	0.00556	0.01539	0.44251	0.01074
6	0.01665	0.01231	0.01795	0.01795	0.01977	0.01413	0.01361	0.02029	0.01847	0.02645	0.03183	0.04945	0.03071	0.14960	0.48503	0.01777	0.02869	0.01301	0.00633	0.00997
7	0.02301	0.02292	0.04283	0.35512	0.06793	0.02536	0.16098	0.03114	0.02549	0.03368	0.07230	0.03688	0.02587	0.01234	0.01246	0.00387	0.01568	0.01244	0.00617	0.01353
8	0.02418	0.02172	0.03240	0.14769	0.04140	0.02600	0.06222	0.08199	0.02562	0.03525	0.03170	0.17532	0.03241	0.02094	0.02060	0.00442	0.17900	0.01662	0.00750	0.01303
9	0.02870	0.02893	0.09140	0.02505	0.03204	0.02830	0.02181	0.09566	0.30029	0.04518	0.03637	0.03692	0.02786	0.01772	0.01731	0.06569	0.06277	0.01172	0.00967	0.01662
10	0.01691	0.01128	0.01268	0.01268	0.01268	0.01128	0.00705	0.01691	0.01691	0.02255	0.03665	0.07611	0.04228	0.59126	0.05920	0.01128	0.01128	0.01691	0.00705	0.00705
11	0.02825	0.14593	0.14211	0.02510	0.03511	0.08088	0.06666	0.03489	0.02710	0.07286	0.07467	0.03846	0.07133	0.01361	0.01077	0.00316	0.01314	0.01112	0.00738	0.09745
12	0.02490	0.01519	0.01872	0.01746	0.02147	0.01450	0.01311	0.08345	0.03091	0.12376	0.15142	0.26351	0.12196	0.02644	0.01354	0.00407	0.00770	0.02310	0.01191	0.01288
13	0.02488	0.13999	0.08463	0.01970	0.02939	0.02347	0.01817	0.03316	0.06742	0.03775	0.08490	0.03279	0.02993	0.01171	0.00958	0.00253	0.00995	0.00930	0.00749	0.32325
14	0.03357	0.08788	0.09697	0.02556	0.03501	0.02372	0.07898	0.08048	0.03096	0.17438	0.07526	0.04503	0.03308	0.01491	0.01175	0.00353	0.01216	0.05299	0.00971	0.07407
15	0.14406	0.15119	0.12503	0.02311	0.03331	0.09308	0.02229	0.07708	0.02807	0.09042	0.02193	0.02373	0.01665	0.01119	0.00939	0.00306	0.01305	0.00785	0.00727	0.09826
16	0.02423	0.02227	0.10937	0.02294	0.02843	0.01613	0.07582	0.02615	0.02181	0.07493	0.07396	0.03875	0.02900	0.02746	0.02924	0.33867	0.01200	0.01159	0.00680	0.01042
17	0.11435	0.02656	0.02537	0.02591	0.07307	0.12654	0.01841	0.03991	0.08608	0.12107	0.04388	0.09693	0.07452	0.01835	0.01179	0.00382	0.01177	0.05750	0.00962	0.01455

[dist]
# distance from previous block
# <min> <max>
2	13

[block]
# block no. 2 follows, 10 sequences, length 41
# corresponding to MSA columns:
# 303-343
name=unknown_C
#
# <colnr> <probs for GDERKNQSTAVLIFYWHMCP>
#	G	D	E	R	K	N	Q	S	T	A	V	L	I	F	Y	W	H	M	C	P
0	0.02418	0.02035	0.03364	0.38414	0.12534	0.02386	0.02916	0.03108	0.02372	0.06473	0.02406	0.03340	0.01873	0.02242	0.08762	0.00591	0.01713	0.01074	0.00603	0.01375
1	0.03275	0.02144	0.02657	0.09840	0.03534	0.02296	0.01903	0.09910	0.17330	0.16083	0.13455	0.04760	0.04411	0.01625	0.01213	0.00374	0.00995	0.01367	0.01166	0.01662
2	0.01872	0.01277	0.01475	0.01443	0.01592	0.01338	0.00957	0.02367	0.06717	0.03029	0.06866	0.06493	0.04257	0.34840	0.10754	0.00979	0.01244	0.01537	0.10022	0.00941
3	0.01454	0.01100	0.01343	0.01454	0.01663	0.00989	0.01025	0.01759	0.02584	0.03388	0.17734	0.33495	0.21475	0.03161	0.01427	0.00425	0.00622	0.02791	0.01123	0.00989
4	0.01839	0.01486	0.02086	0.09481	0.02799	0.01623	0.01585	0.02382	0.02962	0.04186	0.37923	0.07110	0.08430	0.02161	0.01653	0.00387	0.07874	0.01813	0.01073	0.01147
5	0.01686	0.01135	0.01303	0.01292	0.01326	0.01124	0.00753	0.01753	0.01887	0.02549	0.09481	0.07743	0.05053	0.52191	0.05364	0.01034	0.01057	0.01742	0.00775	0.00753
6	0.02410	0.11377	0.48417	0.03183	0.04830	0.02890	0.04067	0.03663	0.02446	0.03589	0.02040	0.02397	0.01475	0.01094	0.01069	0.00356	0.01672	0.00836	0.00492	0.01696
7	0.51748	0.02338	0.02053	0.01738	0.02507	0.02617	0.01433	0.09152	0.02577	0.11515	0.02141	0.02263	0.01553	0.01164	0.00831	0.00359	0.00958	0.00749	0.00866	0.01439
8	0.11441	0.01436	0.01717	0.01547	0.01961	0.01388	0.01195	0.02794	0.03110	0.10610	0.38483	0.07141	0.08601	0.02078	0.01254	0.00364	0.00653	0.01779	0.01220	0.01228
9	0.03267	0.52919	0.05738	0.02118	0.03063	0.10945	0.02023	0.03630	0.02482	0.02750	0.01640	0.01895	0.01493	0.01021	0.00785	0.00255	0.01352	0.00638	0.00510	0.01474
10	0.04588	0.03266	0.03291	0.02583	0.03464	0.09657	0.02104	0.33118	0.04719	0.16787	0.03063	0.02962	0.02116	0.01381	0.01150	0.00345	0.01320	0.01036	0.01153	0.01898
11	0.04480	0.01763	0.02308	0.01831	0.02578	0.01558	0.01492	0.04952	0.03113	0.40974	0.04396	0.04050	0.02904	0.01419	0.01083	0.00338	0.00881	0.01149	0.16967	0.01763
12	0.01746	0.01130	0.01280	0.01269	0.01337	0.01118	0.00766	0.01882	0.01982	0.02814	0.09497	0.07326	0.04894	0.44841	0.04714	0.00925	0.00982	0.01664	0.09030	0.00801
13	0.01945	0.01663	0.02412	0.02249	0.02390	0.02130	0.01804	0.02308	0.01841	0.02732	0.02606	0.03920	0.02465	0.06578	0.38255	0.01433	0.20398	0.01173	0.00586	0.01113
14	0.01762	0.01155	0.01346	0.01298	0.01591	0.01074	0.00973	0.02265	0.02920	0.04306	0.29929	0.07766	0.15325	0.02157	0.01200	0.00341	0.00553	0.01848	0.21118	0.01074
15	0.02020	0.01010	0.01515	0.01515	0.01515	0.01010	0.01010	0.01515	0.01515	0.02020	0.02020	0.03535	0.02020	0.04040	0.04545	0.66162	0.01010	0.01010	0.00505	0.00505
16	0.01487	0.01099	0.01390	0.01494	0.01685	0.01002	0.01053	0.01821	0.02654	0.03566	0.22344	0.33914	0.16005	0.03104	0.01429	0.00423	0.00618	0.02762	0.01147	0.01002
17	0.04169	0.13276	0.03695	0.02853	0.03509	0.47355	0.02211	0.04479	0.03163	0.02831	0.01772	0.02064	0.01497	0.01170	0.01006	0.00292	0.01976	0.00731	0.00585	0.01369
18	0.58868	0.02740	0.08408	0.01762	0.02612	0.02621	0.01655	0.03453	0.02041	0.05018	0.01680	0.01963	0.01287	0.01083	0.00770	0.00361	0.01006	0.00660	0.00690	0.01319
19	0.02813	0.03166	0.06013	0.11204	0.09519	0.06900	0.35409	0.03693	0.02730	0.03570	0.02262	0.03033	0.01723	0.01024	0.01305	0.00381	0.01878	0.01258	0.00579	0.01538
20	0.02175	0.01629	0.02266	0.01974	0.02293	0.01633	0.06974	0.08093	0.02534	0.03524	0.04040	0.17852	0.04277	0.24203	0.03063	0.00675	0.01076	0.01869	0.08765	0.01083
21	0.01681	0.01267	0.01566	0.01519	0.01811	0.01204	0.01127	0.02368	0.06701	0.04278	0.37101	0.14976	0.14918	0.02546	0.01372	0.00385	0.00599	0.02238	0.01223	0.01122
22	0.67341	0.02249	0.01709	0.01529	0.02249	0.02609	0.01260	0.03419	0.01979	0.05218	0.01619	0.01889	0.01260	0.01080	0.00720	0.00360	0.00900	0.00630	0.00720	0.01260
23	0.01695	0.01247	0.01810	0.01848	0.02044	0.01405	0.01439	0.02086	0.01967	0.02767	0.03603	0.06090	0.03578	0.12960	0.42138	0.01605	0.02626	0.07387	0.00695	0.01010
24	0.04535	0.03076	0.03378	0.02590	0.03516	0.03336	0.02139	0.41964	0.05164	0.13790	0.03048	0.02958	0.02106	0.01402	0.01164	0.00351	0.01238	0.01065	0.01203	0.01978
25	0.02777	0.03047	0.06344	0.05443	0.17164	0.02898	0.36977	0.03688	0.02722	0.03743	0.02313	0.03075	0.01783	0.00994	0.01319	0.00381	0.01821	0.01291	0.00585	0.01635
26	0.03109	0.59826	0.06095	0.01990	0.02985	0.04602	0.01990	0.03483	0.02363	0.02736	0.01617	0.01866	0.01493	0.00995	0.00746	0.00249	0.01244	0.00622	0.00498	0.01493
27	0.04421	0.03258	0.03490	0.02676	0.03607	0.03607	0.02211	0.47993	0.05468	0.07330	0.02792	0.02792	0.01978	0.01396	0.01163	0.00349	0.01280	0.01047	0.01163	0.01978
28	0.02344	0.02096	0.03455	0.38424	0.16862	0.02433	0.02998	0.03070	0.02411	0.03328	0.02314	0.03209	0.01797	0.01159	0.01116	0.00363	0.01385	0.01041	0.08809	0.01387
29	0.01669	0.01254	0.01580	0.01773	0.01943	0.01258	0.01260	0.02341	0.09040	0.03286	0.06149	0.46563	0.07012	0.03310	0.01453	0.00467	0.00746	0.06721	0.01094	0.01084
30	0.02890	0.02156	0.02500	0.01918	0.02846	0.01884	0.01529	0.04044	0.13577	0.10413	0.03018	0.03063	0.02300	0.01104	0.00977	0.00249	0.00892	0.00898	0.00902	0.42841
31	0.05218	0.01979	0.02699	0.02069	0.02969	0.01709	0.01709	0.05668	0.03329	0.52677	0.04588	0.03959	0.02879	0.01439	0.01170	0.00360	0.00990	0.01170	0.01439	0.01979
32	0.02333	0.06016	0.53100	0.03315	0.05034	0.02701	0.04297	0.03683	0.02455	0.03683	0.02087	0.02455	0.01473	0.01105	0.01105	0.00368	0.01719	0.00859	0.00491	0.01719
33	0.01691	0.01128	0.01268	0.01268	0.01268	0.01128	0.00705	0.01691	0.01691	0.02255	0.03665	0.07611	0.04228	0.59126	0.05920	0.01128	0.01128	0.01691	0.00705	0.00705
34	0.02838	0.41043	0.22503	0.02453	0.03700	0.03938	0.02795	0.03553	0.02395	0.03067	0.01781	0.02072	0.01486	0.01033	0.00871	0.00290	0.01410	0.00705	0.00495	0.01572
35	0.01611	0.01187	0.01506	0.01426	0.01716	0.01082	0.01070	0.02126	0.03209	0.04466	0.46112	0.09014	0.16243	0.02452	0.01372	0.00369	0.00554	0.02149	0.01254	0.01082
36	0.03418	0.02759	0.02925	0.02473	0.03224	0.03138	0.01968	0.20536	0.34560	0.05711	0.04067	0.03808	0.03010	0.01516	0.01177	0.00379	0.01044	0.01223	0.01177	0.01888
37	0.02546	0.12491	0.11192	0.17424	0.04968	0.02856	0.10065	0.03661	0.08471	0.03566	0.02592	0.03115	0.01994	0.01172	0.01079	0.00349	0.01387	0.01037	0.08558	0.01477
38	0.02468	0.01580	0.02008	0.01884	0.02254	0.01611	0.01426	0.10106	0.02971	0.09940	0.10609	0.25015	0.05579	0.03873	0.12226	0.00710	0.01299	0.02090	0.01070	0.01284
39	0.01411	0.01034	0.01327	0.01562	0.01672	0.00950	0.01054	0.01626	0.02282	0.02991	0.07110	0.52218	0.13389	0.03553	0.01470	0.00462	0.00664	0.03195	0.01080	0.00950
40	0.02891	0.02325	0.03879	0.08905	0.10999	0.02439	0.12164	0.06427	0.02733	0.10614	0.03339	0.13960	0.03061	0.01761	0.01617	0.00408	0.08572	0.01573	0.00826	0.01506

[dist]
# distance from previous block
# <min> <max>
4	8

[block]
# block no. 3 follows, 10 sequences, length 37
# corresponding to MSA columns:
# 352-388
name=unknown_D
#
# <colnr> <probs for GDERKNQSTAVLIFYWHMCP>
#	G	D	E	R	K	N	Q	S	T	A	V	L	I	F	Y	W	H	M	C	P
0	0.10276	0.01694	0.02314	0.07283	0.02960	0.01761	0.06048	0.02791	0.07722	0.03822	0.12227	0.22180	0.09753	0.02317	0.01283	0.00409	0.00918	0.02063	0.00972	0.01208
1	0.01655	0.01231	0.01527	0.01667	0.01825	0.01227	0.01144	0.02269	0.08382	0.03317	0.10446	0.41771	0.07171	0.08365	0.01843	0.00512	0.00735	0.02781	0.01079	0.01053
2	0.04298	0.02424	0.02636	0.02136	0.02875	0.08569	0.01713	0.09675	0.03562	0.31472	0.13389	0.04535	0.04223	0.01592	0.01194	0.00352	0.01076	0.01289	0.01268	0.01721
3	0.02009	0.01269	0.01671	0.01525	0.01863	0.01160	0.01160	0.02548	0.03296	0.09544	0.46514	0.08207	0.10151	0.02282	0.01351	0.00365	0.00594	0.02008	0.01296	0.01187
4	0.02510	0.02668	0.05315	0.09639	0.09058	0.02697	0.29179	0.03274	0.02532	0.03466	0.02749	0.10137	0.02486	0.01451	0.01593	0.00410	0.07224	0.01524	0.00635	0.01453
5	0.01646	0.01189	0.01555	0.01463	0.01738	0.01097	0.01097	0.02195	0.03292	0.04664	0.51257	0.08688	0.10974	0.02378	0.01372	0.00366	0.00549	0.02103	0.01280	0.01097
6	0.01658	0.01196	0.01674	0.01889	0.02068	0.01212	0.01488	0.02043	0.02344	0.03130	0.05643	0.28594	0.06313	0.04482	0.12176	0.00779	0.01331	0.19980	0.00984	0.01016
7	0.02390	0.02264	0.03837	0.42396	0.20435	0.02635	0.03326	0.03141	0.02417	0.03206	0.02101	0.03038	0.01633	0.01127	0.01160	0.00376	0.01503	0.01034	0.00533	0.01448
8	0.01983	0.01024	0.01487	0.01487	0.01487	0.01024	0.00975	0.01535	0.01535	0.02047	0.02208	0.04001	0.02272	0.10334	0.04702	0.58732	0.01024	0.01088	0.00528	0.00528
9	0.03761	0.02621	0.02786	0.02210	0.02947	0.02868	0.01801	0.34735	0.04581	0.06453	0.03086	0.03244	0.02272	0.01384	0.01061	0.00326	0.01064	0.01058	0.20025	0.01716
10	0.03109	0.59826	0.06095	0.01990	0.02985	0.04602	0.01990	0.03483	0.02363	0.02736	0.01617	0.01866	0.01493	0.00995	0.00746	0.00249	0.01244	0.00622	0.00498	0.01493
11	0.54417	0.02193	0.01915	0.01642	0.02399	0.02422	0.01353	0.03887	0.02260	0.15092	0.02237	0.02320	0.01596	0.01154	0.00813	0.00360	0.00918	0.00742	0.00869	0.01409
12	0.04103	0.03100	0.03311	0.02612	0.03486	0.03458	0.02134	0.39294	0.14685	0.06817	0.03196	0.03114	0.02305	0.01434	0.01168	0.00358	0.01205	0.01103	0.01168	0.01949
13	0.01661	0.01246	0.01869	0.01869	0.02077	0.01454	0.01454	0.02077	0.01869	0.02700	0.03115	0.04569	0.02908	0.08723	0.54517	0.01869	0.03115	0.01246	0.00623	0.01038
14	0.01417	0.01012	0.01350	0.01619	0.01687	0.00945	0.01080	0.01619	0.02227	0.02969	0.06410	0.58367	0.07692	0.03644	0.01484	0.00472	0.00675	0.03306	0.01080	0.00945
15	0.02333	0.06016	0.53100	0.03315	0.05034	0.02701	0.04297	0.03683	0.02455	0.03683	0.02087	0.02455	0.01473	0.01105	0.01105	0.00368	0.01719	0.00859	0.00491	0.01719
16	0.03109	0.59826	0.06095	0.01990	0.02985	0.04602	0.01990	0.03483	0.02363	0.02736	0.01617	0.01866	0.01493	0.00995	0.00746	0.00249	0.01244	0.00622	0.00498	0.01493
17	0.02646	0.02932	0.06293	0.04587	0.05659	0.02758	0.42418	0.03575	0.02737	0.03698	0.02788	0.04278	0.02328	0.01235	0.01399	0.00409	0.01859	0.06248	0.00643	0.01512
18	0.03109	0.59826	0.06095	0.01990	0.02985	0.04602	0.01990	0.03483	0.02363	0.02736	0.01617	0.01866	0.01493	0.00995	0.00746	0.00249	0.01244	0.00622	0.00498	0.01493
19	0.02274	0.02126	0.03699	0.03147	0.03623	0.02288	0.15421	0.02879	0.02504	0.03405	0.04044	0.07914	0.04135	0.02305	0.02015	0.00488	0.13406	0.22261	0.00808	0.01260
20	0.02020	0.01010	0.01515	0.01515	0.01515	0.01010	0.01010	0.01515	0.01515	0.02020	0.02020	0.03535	0.02020	0.04040	0.04545	0.66162	0.01010	0.01010	0.00505	0.00505
21	0.02079	0.01366	0.02179	0.19950	0.03700	0.01539	0.01757	0.02005	0.01788	0.02340	0.02036	0.03389	0.01862	0.03073	0.03408	0.44041	0.01192	0.01018	0.00509	0.00770
22	0.01417	0.01012	0.01350	0.01619	0.01687	0.00945	0.01080	0.01619	0.02227	0.02969	0.06410	0.58367	0.07692	0.03644	0.01484	0.00472	0.00675	0.03306	0.01080	0.00945
23	0.04252	0.02964	0.03264	0.02487	0.03427	0.03133	0.02048	0.37529	0.04840	0.11894	0.02898	0.02873	0.02045	0.01332	0.01125	0.00328	0.01194	0.01015	0.01133	0.10220
24	0.67341	0.02249	0.01709	0.01529	0.02249	0.02609	0.01260	0.03419	0.01979	0.05218	0.01619	0.01889	0.01260	0.01080	0.00720	0.00360	0.00900	0.00630	0.00720	0.01260
25	0.01385	0.01139	0.01219	0.01284	0.01599	0.00973	0.00930	0.01657	0.02550	0.03101	0.10499	0.22464	0.40957	0.03112	0.01401	0.00412	0.00610	0.02658	0.01080	0.00973
26	0.02191	0.01992	0.02753	0.02451	0.02494	0.02639	0.01950	0.02428	0.01781	0.02669	0.02284	0.03979	0.02354	0.14870	0.14703	0.00914	0.34667	0.01200	0.00572	0.01110
27	0.02196	0.02067	0.03488	0.56331	0.08010	0.02584	0.03230	0.02972	0.02326	0.02972	0.02067	0.03101	0.01550	0.01163	0.01163	0.00388	0.01550	0.01034	0.00517	0.01292
28	0.03145	0.40600	0.05106	0.02152	0.03046	0.04035	0.02005	0.09064	0.02710	0.03448	0.01809	0.02111	0.01584	0.01133	0.01112	0.00278	0.06636	0.00722	0.00605	0.08698
29	0.01646	0.01189	0.01555	0.01463	0.01738	0.01097	0.01097	0.02195	0.03292	0.04664	0.51257	0.08688	0.10974	0.02378	0.01372	0.00366	0.00549	0.02103	0.01280	0.01097
30	0.01850	0.01486	0.02065	0.01950	0.02079	0.01789	0.01490	0.02160	0.01959	0.02828	0.07792	0.05194	0.03713	0.17090	0.28536	0.01280	0.13654	0.01378	0.00683	0.01024
31	0.01446	0.01035	0.01376	0.01599	0.01693	0.00964	0.01082	0.01693	0.02363	0.03186	0.12162	0.51995	0.08113	0.03481	0.01470	0.00459	0.00659	0.03152	0.01105	0.00964
32	0.01513	0.01104	0.01554	0.01718	0.01841	0.01145	0.01227	0.01800	0.02086	0.02863	0.05111	0.37147	0.05805	0.05647	0.22402	0.01023	0.01637	0.02494	0.00900	0.00982
33	0.02775	0.02219	0.02657	0.13062	0.03673	0.06945	0.02007	0.08125	0.02889	0.09108	0.08431	0.17514	0.04246	0.02085	0.01596	0.00407	0.08297	0.01704	0.00919	0.01342
34	0.02879	0.02763	0.04721	0.07139	0.51871	0.02763	0.03569	0.03569	0.02648	0.03800	0.02188	0.02879	0.01842	0.01036	0.01151	0.00345	0.01382	0.01036	0.00576	0.01842
35	0.02358	0.02370	0.07539	0.07304	0.03375	0.01724	0.01804	0.02988	0.02410	0.03752	0.02242	0.02678	0.01806	0.00966	0.00912	0.00224	0.00986	0.00781	0.07155	0.46627
36	0.03124	0.01937	0.02900	0.10568	0.03739	0.01785	0.06216	0.03677	0.02807	0.19359	0.08959	0.09410	0.03726	0.01557	0.01178	0.00339	0.01062	0.01387	0.01000	0.15270

[dist]
# distance from previous block
# <min> <max>
0	1

[block]
# block no. 4 follows, 10 sequences, length 17
# corresponding to MSA columns:
# 390-406
name=unknown_E
#
# <colnr> <probs for GDERKNQSTAVLIFYWHMCP>
#	G	D	E	R	K	N	Q	S	T	A	V	L	I	F	Y	W	H	M	C	P
0	0.03239	0.02813	0.07334	0.02655	0.03473	0.02712	0.06566	0.14656	0.21311	0.09633	0.04009	0.09691	0.03239	0.01655	0.01223	0.00387	0.01151	0.01429	0.01075	0.01748
1	0.02427	0.02317	0.03519	0.02938	0.03080	0.02981	0.07647	0.02669	0.01862	0.02778	0.01902	0.03251	0.01891	0.08177	0.03816	0.06920	0.38983	0.01132	0.00539	0.01173
2	0.01375	0.01178	0.01178	0.01178	0.01571	0.00982	0.00884	0.01669	0.02651	0.03142	0.11782	0.11193	0.51399	0.02946	0.01375	0.00393	0.00589	0.02455	0.01080	0.00982
3	0.04157	0.02182	0.02604	0.02120	0.02890	0.02199	0.01711	0.10607	0.16302	0.28885	0.04327	0.03963	0.02966	0.01463	0.01135	0.00359	0.00958	0.01186	0.08141	0.01846
4	0.03109	0.59826	0.06095	0.01990	0.02985	0.04602	0.01990	0.03483	0.02363	0.02736	0.01617	0.01866	0.01493	0.00995	0.00746	0.00249	0.01244	0.00622	0.00498	0.01493
5	0.01678	0.01179	0.01527	0.01527	0.01616	0.01268	0.01027	0.01857	0.01768	0.02446	0.03428	0.06303	0.03660	0.37446	0.26823	0.01447	0.01983	0.01500	0.00670	0.00848
6	0.03053	0.02142	0.02510	0.02096	0.02633	0.02332	0.01680	0.17692	0.07160	0.09168	0.19556	0.05112	0.05270	0.01807	0.01470	0.00368	0.06434	0.01437	0.06556	0.01523
7	0.02076	0.01384	0.01757	0.01625	0.01949	0.01370	0.01214	0.02806	0.07543	0.08195	0.31636	0.07273	0.07848	0.09780	0.07804	0.00628	0.00978	0.01802	0.01141	0.01191
8	0.02877	0.02869	0.03997	0.28478	0.06084	0.09180	0.11109	0.08465	0.08141	0.03771	0.02461	0.03089	0.01852	0.01204	0.01190	0.00374	0.01595	0.01094	0.00683	0.01484
9	0.02824	0.02931	0.08844	0.02484	0.03272	0.02869	0.02143	0.05873	0.43944	0.04720	0.04408	0.04107	0.03295	0.01520	0.01174	0.00391	0.01019	0.01259	0.01098	0.01826
10	0.02789	0.10144	0.08899	0.02516	0.03546	0.07995	0.07495	0.03718	0.07818	0.03660	0.02317	0.02618	0.01853	0.01034	0.00991	0.00267	0.01270	0.00857	0.00678	0.29535
11	0.01801	0.01329	0.02013	0.01868	0.02163	0.01255	0.06756	0.02251	0.02571	0.03741	0.15083	0.28492	0.06608	0.02521	0.01294	0.00394	0.00776	0.02302	0.15696	0.01086
12	0.02592	0.02498	0.08133	0.02529	0.03446	0.01959	0.11102	0.03475	0.06322	0.07387	0.03128	0.08455	0.02649	0.01331	0.01093	0.00308	0.01133	0.01226	0.07666	0.23567
13	0.02545	0.15373	0.08431	0.02046	0.02570	0.02648	0.01799	0.08116	0.02383	0.03178	0.02524	0.04198	0.02518	0.20848	0.03278	0.07119	0.07445	0.01138	0.00650	0.01192
14	0.24203	0.15797	0.03381	0.02498	0.08038	0.02956	0.01862	0.03392	0.02202	0.08439	0.02001	0.02448	0.01649	0.01519	0.01598	0.07331	0.07830	0.00813	0.00673	0.01371
15	0.08188	0.07152	0.08355	0.02615	0.03425	0.02385	0.12158	0.07946	0.02792	0.08694	0.03982	0.08375	0.08067	0.08663	0.01768	0.00464	0.01274	0.01446	0.00833	0.01418
16	0.03476	0.08243	0.03155	0.02529	0.06845	0.07439	0.01881	0.08863	0.08839	0.14306	0.08160	0.03625	0.03159	0.01345	0.01080	0.00311	0.01105	0.01079	0.00981	0.13578

[dist]
# distance from previous block
# <min> <max>
34	84

[block]
# block no. 5 follows, 10 sequences, length 6
# corresponding to MSA columns:
# 505-510
name=unknown_F
#
# <colnr> <probs for GDERKNQSTAVLIFYWHMCP>
#	G	D	E	R	K	N	Q	S	T	A	V	L	I	F	Y	W	H	M	C	P
0	0.02751	0.02068	0.02967	0.02706	0.07775	0.02009	0.05740	0.03431	0.06035	0.10427	0.02959	0.03823	0.02491	0.09422	0.08553	0.00610	0.05669	0.01121	0.00794	0.18647
1	0.15060	0.02053	0.02234	0.01809	0.02584	0.01926	0.01469	0.08482	0.02861	0.04601	0.09489	0.04326	0.03481	0.01422	0.01019	0.00295	0.00897	0.05272	0.00877	0.29844
2	0.02546	0.14824	0.08790	0.06559	0.03389	0.02490	0.02002	0.06439	0.02697	0.03770	0.06663	0.07244	0.02920	0.01330	0.01004	0.00282	0.01086	0.01075	0.00730	0.24161
3	0.02015	0.08507	0.02210	0.01638	0.01918	0.01629	0.01238	0.02095	0.01989	0.02722	0.07858	0.04576	0.03410	0.11311	0.15762	0.22179	0.01504	0.01202	0.00656	0.05583
4	0.11672	0.01837	0.02126	0.01909	0.02350	0.01978	0.01461	0.03273	0.09488	0.07900	0.03610	0.13255	0.03458	0.09579	0.06462	0.00599	0.07247	0.01478	0.00879	0.09440
5	0.25140	0.01835	0.01958	0.01648	0.02284	0.01848	0.01305	0.03994	0.02544	0.23561	0.03365	0.03779	0.02521	0.08559	0.01565	0.00444	0.00913	0.01042	0.10244	0.01451

[dist]
# distance from previous block
# <min> <max>
0	2

[block]
# block no. 6 follows, 10 sequences, length 6
# corresponding to MSA columns:
# 513-518
name=unknown_G
#
# <colnr> <probs for GDERKNQSTAVLIFYWHMCP>
#	G	D	E	R	K	N	Q	S	T	A	V	L	I	F	Y	W	H	M	C	P
0	0.02952	0.02940	0.03923	0.03133	0.03911	0.09182	0.16604	0.04835	0.23836	0.04189	0.03498	0.03669	0.02657	0.01314	0.01189	0.00369	0.01365	0.01239	0.07581	0.01613
1	0.02980	0.02064	0.02499	0.05733	0.03087	0.02120	0.01794	0.14164	0.08334	0.10288	0.04324	0.16544	0.04075	0.02079	0.01262	0.00390	0.01018	0.07349	0.01071	0.08825
2	0.16133	0.02998	0.09039	0.09348	0.03916	0.07896	0.07101	0.03482	0.02362	0.08052	0.02320	0.03189	0.01920	0.07810	0.01972	0.00468	0.08930	0.01022	0.00677	0.01366
3	0.03186	0.18162	0.15000	0.15309	0.04729	0.03198	0.02795	0.10929	0.02996	0.09676	0.02372	0.02688	0.01746	0.01177	0.01043	0.00338	0.01397	0.00906	0.00721	0.01632
4	0.03657	0.02711	0.03728	0.14447	0.17903	0.02912	0.02725	0.20940	0.03769	0.11607	0.02722	0.03035	0.01977	0.01255	0.01161	0.00357	0.01323	0.01058	0.00908	0.01805
5	0.25457	0.02306	0.01994	0.01749	0.02351	0.07667	0.01386	0.08333	0.02888	0.08519	0.08138	0.04299	0.08902	0.01547	0.00995	0.00345	0.00959	0.01158	0.09675	0.01334

[dist]
# distance from previous block
# <min> <max>
9	24

[block]
# block no. 7 follows, 10 sequences, length 22
# corresponding to MSA columns:
# 543-564
name=unknown_H
#
# <colnr> <probs for GDERKNQSTAVLIFYWHMCP>
#	G	D	E	R	K	N	Q	S	T	A	V	L	I	F	Y	W	H	M	C	P
0	0.08612	0.02848	0.02637	0.02315	0.02872	0.13282	0.01801	0.07430	0.10159	0.07805	0.03311	0.12132	0.03010	0.01752	0.01433	0.00368	0.07622	0.01337	0.00892	0.08384
1	0.02699	0.01583	0.01987	0.01696	0.02297	0.01327	0.01303	0.03099	0.02736	0.16467	0.10562	0.18216	0.10278	0.02107	0.01212	0.00343	0.00782	0.01821	0.01095	0.18389
2	0.03144	0.02326	0.03619	0.16261	0.08588	0.02569	0.07346	0.07842	0.02853	0.13481	0.03067	0.04297	0.02493	0.01583	0.01651	0.00411	0.10032	0.06058	0.00838	0.01541
3	0.01628	0.02164	0.13264	0.02010	0.02457	0.01349	0.01820	0.02095	0.02279	0.03133	0.05415	0.45494	0.06260	0.03059	0.01397	0.00448	0.00915	0.02743	0.00944	0.01123
4	0.02020	0.01010	0.01515	0.01515	0.01515	0.01010	0.01010	0.01515	0.01515	0.02020	0.02020	0.03535	0.02020	0.04040	0.04545	0.66162	0.01010	0.01010	0.00505	0.00505
5	0.04183	0.03139	0.03356	0.02628	0.03516	0.03495	0.02153	0.41474	0.12375	0.06946	0.03095	0.03034	0.02223	0.01424	0.01167	0.00356	0.01224	0.01089	0.01167	0.01957
6	0.05035	0.02274	0.02881	0.02209	0.03116	0.02146	0.01825	0.15413	0.03821	0.42236	0.04175	0.03690	0.02672	0.01430	0.01168	0.00357	0.01056	0.01141	0.01376	0.01979
7	0.02416	0.11773	0.48071	0.03173	0.04815	0.02904	0.04050	0.03662	0.02446	0.03582	0.02037	0.02392	0.01475	0.01093	0.01067	0.00356	0.01668	0.00834	0.00492	0.01695
8	0.02702	0.12579	0.11987	0.14557	0.04627	0.02983	0.06196	0.08804	0.10178	0.03924	0.03444	0.03721	0.06661	0.01372	0.01124	0.00359	0.01339	0.01144	0.00747	0.01553
9	0.02412	0.02067	0.02412	0.01723	0.02756	0.01550	0.01378	0.02929	0.02412	0.03790	0.02067	0.02412	0.01723	0.00861	0.00861	0.00172	0.00861	0.00689	0.00689	0.66236
10	0.02555	0.02461	0.02900	0.02593	0.02847	0.07182	0.02083	0.03552	0.12980	0.03254	0.02687	0.03429	0.02337	0.03540	0.15718	0.00807	0.25903	0.01121	0.00701	0.01351
11	0.01417	0.01012	0.01350	0.01619	0.01687	0.00945	0.01080	0.01619	0.02227	0.02969	0.06410	0.58367	0.07692	0.03644	0.01484	0.00472	0.00675	0.03306	0.01080	0.00945
12	0.01661	0.01246	0.01869	0.01869	0.02077	0.01454	0.01454	0.02077	0.01869	0.02700	0.03115	0.04569	0.02908	0.08723	0.54517	0.01869	0.03115	0.01246	0.00623	0.01038
13	0.01860	0.01450	0.01738	0.01793	0.02089	0.01486	0.01340	0.02907	0.13852	0.03800	0.14502	0.27329	0.10875	0.02814	0.01397	0.00435	0.00749	0.07242	0.01140	0.01204
14	0.01417	0.01012	0.01350	0.01619	0.01687	0.00945	0.01080	0.01619	0.02227	0.02969	0.06410	0.58367	0.07692	0.03644	0.01484	0.00472	0.00675	0.03306	0.01080	0.00945
15	0.02175	0.01406	0.01799	0.01719	0.02073	0.01358	0.01318	0.02949	0.08040	0.09817	0.29455	0.16036	0.08317	0.02466	0.01369	0.00401	0.00709	0.06105	0.01236	0.01251
16	0.01474	0.01117	0.01376	0.01557	0.01762	0.01018	0.01140	0.01759	0.02435	0.03105	0.08120	0.35951	0.21769	0.03349	0.01468	0.00456	0.00709	0.09380	0.01078	0.00976
17	0.03375	0.03294	0.11520	0.10976	0.04298	0.02994	0.02566	0.28243	0.04151	0.05560	0.03594	0.03749	0.07504	0.01489	0.01178	0.00363	0.01316	0.01175	0.00941	0.01713
18	0.01647	0.01244	0.01549	0.01736	0.01895	0.01248	0.01198	0.02331	0.09639	0.03265	0.06149	0.49943	0.07047	0.03322	0.01438	0.00460	0.00713	0.02996	0.01096	0.01084
19	0.02347	0.02783	0.14053	0.11301	0.03865	0.02132	0.02383	0.10613	0.03154	0.04359	0.16216	0.13030	0.05121	0.01907	0.01256	0.00384	0.01134	0.01640	0.00919	0.01404
20	0.03174	0.08894	0.07136	0.06859	0.03500	0.02967	0.02106	0.19377	0.12877	0.04955	0.03103	0.03589	0.02462	0.06850	0.01543	0.00420	0.01186	0.01104	0.06273	0.01625
21	0.08430	0.08065	0.14868	0.03149	0.11587	0.02557	0.02593	0.07458	0.02853	0.13968	0.02587	0.02756	0.01883	0.01135	0.01032	0.00320	0.01241	0.00902	0.00801	0.11816

[dist]
# distance from previous block
# <min> <max>
1	30

[block]
# block no. 8 follows, 10 sequences, length 58
# corresponding to MSA columns:
# 595-652
name=unknown_I
#
# <colnr> <probs for GDERKNQSTAVLIFYWHMCP>
#	G	D	E	R	K	N	Q	S	T	A	V	L	I	F	Y	W	H	M	C	P
0	0.02520	0.04466	0.31898	0.08182	0.04890	0.02634	0.08361	0.08403	0.02908	0.04141	0.07840	0.03344	0.02660	0.01275	0.01177	0.00370	0.01546	0.01096	0.00670	0.01620
1	0.02121	0.01400	0.01751	0.01588	0.01932	0.01383	0.01234	0.02569	0.02918	0.09461	0.27514	0.07722	0.17749	0.02275	0.01541	0.00377	0.06222	0.01877	0.07182	0.01185
2	0.01903	0.01523	0.02181	0.02050	0.02377	0.01474	0.06305	0.07182	0.02706	0.03573	0.06177	0.40402	0.11492	0.03011	0.01422	0.00440	0.00876	0.02735	0.01035	0.01136
3	0.02728	0.33391	0.29187	0.02641	0.03992	0.03668	0.03123	0.03581	0.02409	0.03202	0.01848	0.02155	0.01483	0.01049	0.00922	0.00307	0.01477	0.00739	0.00494	0.01604
4	0.02197	0.01497	0.01800	0.01651	0.01906	0.01640	0.01253	0.06799	0.02556	0.03800	0.09261	0.05320	0.07419	0.09003	0.07489	0.06762	0.07291	0.01372	0.19898	0.01087
5	0.02333	0.06016	0.53100	0.03315	0.05034	0.02701	0.04297	0.03683	0.02455	0.03683	0.02087	0.02455	0.01473	0.01105	0.01105	0.00368	0.01719	0.00859	0.00491	0.01719
6	0.16003	0.02421	0.02767	0.02160	0.03037	0.02453	0.01784	0.18297	0.03748	0.30291	0.03508	0.03232	0.02314	0.01362	0.01088	0.00357	0.01063	0.01036	0.01227	0.01851
7	0.02240	0.01225	0.01238	0.01212	0.01521	0.01264	0.00915	0.03055	0.07147	0.04389	0.03888	0.04336	0.03038	0.01377	0.00850	0.00283	0.00580	0.01107	0.59176	0.01159
8	0.02521	0.02699	0.05482	0.25949	0.06869	0.02795	0.29469	0.03417	0.02573	0.03417	0.02236	0.03122	0.01677	0.01055	0.01287	0.00390	0.01793	0.01234	0.00559	0.01455
9	0.01572	0.01131	0.01488	0.01514	0.01721	0.01048	0.01092	0.02008	0.02946	0.04113	0.36673	0.24844	0.09907	0.02789	0.01408	0.00400	0.00590	0.02495	0.01215	0.01048
10	0.67341	0.02249	0.01709	0.01529	0.02249	0.02609	0.01260	0.03419	0.01979	0.05218	0.01619	0.01889	0.01260	0.01080	0.00720	0.00360	0.00900	0.00630	0.00720	0.01260
11	0.01649	0.01141	0.01291	0.01280	0.01358	0.01107	0.00771	0.01747	0.01987	0.02635	0.10078	0.08153	0.10515	0.46044	0.04866	0.00954	0.00998	0.01828	0.00815	0.00782
12	0.02196	0.02067	0.03488	0.56331	0.08010	0.02584	0.03230	0.02972	0.02326	0.02972	0.02067	0.03101	0.01550	0.01163	0.01163	0.00388	0.01550	0.01034	0.00517	0.01292
13	0.02705	0.02866	0.08004	0.02722	0.03235	0.03128	0.02352	0.04649	0.26851	0.03963	0.03253	0.03471	0.02576	0.01705	0.02175	0.00435	0.22281	0.01157	0.00859	0.01613
14	0.02625	0.01742	0.02051	0.01823	0.02341	0.01763	0.01415	0.04004	0.18101	0.12768	0.23764	0.06779	0.11936	0.02027	0.01277	0.00377	0.00748	0.01732	0.01253	0.01473
15	0.02619	0.04030	0.24804	0.08230	0.10353	0.02681	0.10973	0.08422	0.02936	0.04149	0.07113	0.03332	0.02573	0.01240	0.01194	0.00369	0.01542	0.01127	0.00673	0.01639
16	0.01836	0.01389	0.01629	0.01495	0.01870	0.01309	0.01141	0.06541	0.03309	0.04458	0.34340	0.08878	0.22528	0.02456	0.01352	0.00372	0.00633	0.02107	0.01207	0.01148
17	0.10091	0.02868	0.12139	0.14408	0.12410	0.02448	0.02616	0.07939	0.02578	0.03836	0.02451	0.03708	0.02157	0.13217	0.02089	0.00523	0.01359	0.01093	0.00656	0.01414
18	0.41542	0.03237	0.02385	0.02132	0.02733	0.17721	0.01695	0.03701	0.02337	0.04249	0.01660	0.02026	0.01360	0.01226	0.01177	0.00360	0.07802	0.00710	0.00660	0.01287
19	0.09994	0.02484	0.04103	0.19080	0.24475	0.02615	0.08102	0.03616	0.02566	0.08534	0.02348	0.02966	0.01792	0.01109	0.01134	0.00365	0.01402	0.01043	0.00662	0.01611
20	0.02373	0.02415	0.04698	0.15988	0.10690	0.02426	0.22714	0.03142	0.02633	0.03568	0.07558	0.10101	0.03324	0.01476	0.01314	0.00393	0.01515	0.01557	0.00696	0.01418
21	0.01445	0.01040	0.01326	0.01541	0.01628	0.00969	0.01019	0.01632	0.02200	0.02900	0.06541	0.48466	0.10965	0.10069	0.01994	0.00542	0.00720	0.03046	0.01036	0.00920
22	0.01730	0.01393	0.02070	0.19625	0.03734	0.01523	0.01750	0.02138	0.02320	0.03081	0.09687	0.28991	0.05651	0.08782	0.01853	0.00504	0.01000	0.02244	0.00875	0.01050
23	0.02038	0.01833	0.02485	0.02239	0.02364	0.02281	0.01788	0.02380	0.02371	0.03422	0.18264	0.11686	0.09351	0.02405	0.02586	0.00451	0.28298	0.01740	0.00861	0.01156
24	0.04345	0.05543	0.03296	0.02996	0.03596	0.54457	0.02247	0.04644	0.03296	0.02846	0.01798	0.02097	0.01498	0.01199	0.01049	0.00300	0.02097	0.00749	0.00599	0.01348
25	0.29655	0.03265	0.07865	0.09283	0.08776	0.11039	0.07489	0.03639	0.02431	0.04117	0.01885	0.02359	0.01468	0.01095	0.00979	0.00356	0.01415	0.00843	0.00626	0.01414
26	0.02286	0.02548	0.09431	0.24307	0.09976	0.02326	0.10489	0.02985	0.02465	0.03351	0.07873	0.03714	0.02759	0.01577	0.01593	0.07731	0.01447	0.01194	0.00619	0.01329
27	0.02655	0.02059	0.02539	0.06856	0.03267	0.01662	0.01582	0.03190	0.02490	0.08302	0.02304	0.02621	0.01815	0.00944	0.00918	0.00210	0.00938	0.00766	0.00743	0.54138
28	0.01471	0.01182	0.01311	0.01279	0.01630	0.01023	0.00959	0.01855	0.02878	0.03680	0.25746	0.10307	0.37099	0.02745	0.01374	0.00383	0.00575	0.02330	0.01151	0.01023
29	0.01719	0.01313	0.01629	0.01785	0.02059	0.01285	0.01407	0.02357	0.06937	0.03380	0.07403	0.25219	0.17053	0.03125	0.01477	0.00471	0.00828	0.18382	0.01086	0.01085
30	0.01524	0.01149	0.01336	0.01408	0.01627	0.01050	0.01001	0.01785	0.02427	0.03103	0.12355	0.20200	0.24157	0.14873	0.02375	0.00575	0.00761	0.06340	0.01020	0.00936
31	0.02606	0.02694	0.05203	0.21970	0.19090	0.02779	0.21500	0.03442	0.02585	0.03504	0.02217	0.03056	0.01717	0.01054	0.01246	0.00378	0.01673	0.01173	0.00562	0.01554
32	0.67341	0.02249	0.01709	0.01529	0.02249	0.02609	0.01260	0.03419	0.01979	0.05218	0.01619	0.01889	0.01260	0.01080	0.00720	0.00360	0.00900	0.00630	0.00720	0.01260
33	0.01646	0.01189	0.01555	0.01463	0.01738	0.01097	0.01097	0.02195	0.03292	0.04664	0.51257	0.08688	0.10974	0.02378	0.01372	0.00366	0.00549	0.02103	0.01280	0.01097
34	0.04345	0.05543	0.03296	0.02996	0.03596	0.54457	0.02247	0.04644	0.03296	0.02846	0.01798	0.02097	0.01498	0.01199	0.01049	0.00300	0.02097	0.00749	0.00599	0.01348
35	0.02196	0.02067	0.03488	0.56331	0.08010	0.02584	0.03230	0.02972	0.02326	0.02972	0.02067	0.03101	0.01550	0.01163	0.01163	0.00388	0.01550	0.01034	0.00517	0.01292
36	0.02545	0.02545	0.03562	0.03053	0.03053	0.03562	0.02545	0.02799	0.01781	0.02799	0.01527	0.02545	0.01527	0.02036	0.03817	0.00509	0.56997	0.01018	0.00509	0.01272
37	0.02333	0.06016	0.53100	0.03315	0.05034	0.02701	0.04297	0.03683	0.02455	0.03683	0.02087	0.02455	0.01473	0.01105	0.01105	0.00368	0.01719	0.00859	0.00491	0.01719
38	0.02399	0.02238	0.03109	0.02706	0.02706	0.03044	0.02191	0.02551	0.01745	0.02663	0.01810	0.03199	0.01872	0.08508	0.04120	0.07039	0.45346	0.01091	0.00530	0.01134
39	0.02862	0.29719	0.03731	0.01732	0.02386	0.08734	0.01537	0.03296	0.02498	0.03403	0.02528	0.02903	0.02102	0.01165	0.00807	0.00264	0.01052	0.00825	0.27145	0.01309
40	0.02526	0.09063	0.08397	0.02340	0.03349	0.02334	0.06195	0.03128	0.02380	0.03558	0.01992	0.02436	0.01657	0.01027	0.01212	0.00254	0.06618	0.00795	0.00621	0.40118
41	0.02457	0.01882	0.02994	0.29463	0.10750	0.02085	0.02511	0.03090	0.02642	0.09176	0.11518	0.09355	0.03989	0.01629	0.01230	0.00384	0.01205	0.01453	0.00820	0.01368
42	0.02401	0.02494	0.07715	0.28112	0.05433	0.02635	0.02716	0.03705	0.12803	0.03566	0.02760	0.03367	0.02118	0.01368	0.01434	0.00390	0.07699	0.01083	0.06769	0.01432
43	0.67341	0.02249	0.01709	0.01529	0.02249	0.02609	0.01260	0.03419	0.01979	0.05218	0.01619	0.01889	0.01260	0.01080	0.00720	0.00360	0.00900	0.00630	0.00720	0.01260
44	0.02802	0.02686	0.04583	0.12637	0.46969	0.02743	0.03531	0.03503	0.02612	0.03707	0.02174	0.02903	0.01810	0.01050	0.01153	0.00350	0.01401	0.01036	0.00569	0.01781
45	0.04560	0.02126	0.02679	0.02153	0.02985	0.02044	0.01747	0.05813	0.16468	0.39149	0.04630	0.04066	0.03069	0.01479	0.01174	0.00370	0.00970	0.01211	0.01367	0.01940
46	0.01562	0.01169	0.01449	0.01414	0.01695	0.01056	0.01047	0.02019	0.03042	0.04152	0.37891	0.14146	0.19818	0.02631	0.01383	0.00382	0.00570	0.02301	0.01215	0.01056
47	0.03909	0.03082	0.03677	0.02854	0.03754	0.03381	0.07125	0.34167	0.14663	0.06405	0.03160	0.03162	0.02291	0.01389	0.01191	0.00364	0.01278	0.01140	0.01105	0.01904
48	0.02167	0.04240	0.32894	0.03235	0.09418	0.02232	0.03261	0.03094	0.02353	0.03415	0.03015	0.12650	0.02888	0.08016	0.01713	0.00468	0.01435	0.01392	0.00625	0.01487
49	0.03197	0.08344	0.24044	0.03789	0.12840	0.02660	0.08376	0.04106	0.02716	0.14837	0.02671	0.02907	0.01895	0.01146	0.01131	0.00356	0.01483	0.01002	0.00735	0.01766
50	0.15426	0.08587	0.02870	0.02166	0.02741	0.02781	0.01795	0.16473	0.03188	0.04747	0.03348	0.13566	0.03307	0.01965	0.01402	0.00400	0.06555	0.06343	0.00914	0.01427
51	0.01874	0.01339	0.01874	0.02142	0.02410	0.01339	0.01874	0.02410	0.02677	0.03481	0.06158	0.13119	0.06693	0.03213	0.01606	0.00535	0.01071	0.44043	0.01071	0.01071
52	0.01470	0.01094	0.01370	0.01488	0.01677	0.00993	0.01045	0.01785	0.02600	0.03461	0.19593	0.35382	0.17464	0.03160	0.01432	0.00427	0.00623	0.02809	0.01134	0.00993
53	0.02915	0.08164	0.14823	0.09094	0.10500	0.02848	0.15783	0.04067	0.07828	0.08563	0.02673	0.03070	0.01977	0.01143	0.01177	0.00366	0.01532	0.01105	0.00702	0.01669
54	0.03109	0.59826	0.06095	0.01990	0.02985	0.04602	0.01990	0.03483	0.02363	0.02736	0.01617	0.01866	0.01493	0.00995	0.00746	0.00249	0.01244	0.00622	0.00498	0.01493
55	0.01867	0.01270	0.01435	0.01344	0.01766	0.01090	0.01025	0.02238	0.02875	0.09031	0.20124	0.09804	0.36610	0.02646	0.01351	0.00383	0.00625	0.02230	0.01167	0.01120
56	0.01850	0.01485	0.02178	0.12515	0.08747	0.01552	0.01769	0.02320	0.02445	0.03374	0.10069	0.20133	0.10309	0.02941	0.06572	0.00541	0.01130	0.01968	0.06945	0.01159
57	0.01887	0.01156	0.01558	0.01729	0.01911	0.01074	0.01240	0.02155	0.02400	0.08491	0.06181	0.47191	0.07049	0.03352	0.01464	0.00467	0.00755	0.07749	0.01118	0.01073

[dist]
# distance from previous block
# <min> <max>
0	84

[block]
# block no. 9 follows, 10 sequences, length 20
# corresponding to MSA columns:
# 737-756
name=unknown_J
#
# <colnr> <probs for GDERKNQSTAVLIFYWHMCP>
#	G	D	E	R	K	N	Q	S	T	A	V	L	I	F	Y	W	H	M	C	P
0	0.01815	0.01296	0.01806	0.02074	0.02315	0.01287	0.01771	0.02307	0.02619	0.03414	0.06191	0.19018	0.06824	0.03269	0.01591	0.00527	0.01019	0.38732	0.01072	0.01054
1	0.02879	0.02763	0.04721	0.07139	0.51871	0.02763	0.03569	0.03569	0.02648	0.03800	0.02188	0.02879	0.01842	0.01036	0.01151	0.00345	0.01382	0.01036	0.00576	0.01842
2	0.02470	0.02580	0.04968	0.28709	0.06685	0.02835	0.22540	0.03284	0.02456	0.03284	0.02139	0.03063	0.01642	0.01168	0.01513	0.00401	0.07126	0.01180	0.00547	0.01411
3	0.02383	0.01864	0.02114	0.02027	0.02291	0.06121	0.01514	0.02944	0.06876	0.07863	0.04202	0.21011	0.04309	0.09610	0.12331	0.00781	0.07807	0.01861	0.00892	0.01198
4	0.10520	0.04959	0.03163	0.02816	0.03465	0.43567	0.02146	0.09481	0.03415	0.03591	0.01894	0.02156	0.01530	0.01209	0.01030	0.00311	0.01887	0.00771	0.00676	0.01412
5	0.01691	0.01128	0.01268	0.01268	0.01268	0.01128	0.00705	0.01691	0.01691	0.02255	0.03665	0.07611	0.04228	0.59126	0.05920	0.01128	0.01128	0.01691	0.00705	0.00705
6	0.04345	0.05543	0.03296	0.02996	0.03596	0.54457	0.02247	0.04644	0.03296	0.02846	0.01798	0.02097	0.01498	0.01199	0.01049	0.00300	0.02097	0.00749	0.00599	0.01348
7	0.05114	0.02146	0.02802	0.02148	0.03052	0.01957	0.01775	0.11186	0.03608	0.46765	0.04354	0.03807	0.02762	0.01434	0.01169	0.00358	0.01027	0.01154	0.01404	0.01979
8	0.01646	0.01189	0.01555	0.01463	0.01738	0.01097	0.01097	0.02195	0.03292	0.04664	0.51257	0.08688	0.10974	0.02378	0.01372	0.00366	0.00549	0.02103	0.01280	0.01097
9	0.02196	0.02067	0.03488	0.56331	0.08010	0.02584	0.03230	0.02972	0.02326	0.02972	0.02067	0.03101	0.01550	0.01163	0.01163	0.00388	0.01550	0.01034	0.00517	0.01292
10	0.02700	0.01555	0.01670	0.01530	0.01973	0.01628	0.01183	0.03950	0.14928	0.09897	0.04129	0.04295	0.03119	0.01423	0.00950	0.00313	0.00691	0.01154	0.41531	0.01383
