[name]
unknown

[dist]
# distance from previous block
# <min> <max>
0	9

[block]
# block no. 0 follows, 12 sequences, length 21
# corresponding to MSA columns:
# 9-29
name=unknown_A
#
# <colnr> <probs for GDERKNQSTAVLIFYWHMCP>
#	G	D	E	R	K	N	Q	S	T	A	V	L	I	F	Y	W	H	M	C	P
0	0.02641	0.01651	0.02112	0.01974	0.02390	0.01749	0.01630	0.03560	0.11536	0.14535	0.09580	0.07023	0.04675	0.02072	0.01474	0.00407	0.06615	0.16871	0.06172	0.01332
1	0.02617	0.02133	0.02509	0.06784	0.02985	0.02472	0.01775	0.14314	0.18781	0.04179	0.03589	0.12357	0.03262	0.07889	0.01903	0.00454	0.08231	0.01439	0.00916	0.01411
2	0.01402	0.01043	0.01275	0.01348	0.01535	0.00950	0.00942	0.01689	0.02425	0.03218	0.20774	0.29074	0.19170	0.07986	0.01698	0.00450	0.00616	0.02454	0.01035	0.00915
3	0.01782	0.01128	0.01408	0.01380	0.01584	0.01049	0.00956	0.02058	0.02414	0.07755	0.22310	0.18627	0.10591	0.19157	0.02491	0.00566	0.00730	0.02047	0.01008	0.00959
4	0.04479	0.01764	0.02398	0.01870	0.02641	0.01532	0.01532	0.04912	0.03117	0.49309	0.10472	0.04258	0.03636	0.01458	0.01120	0.00338	0.00877	0.01205	0.01331	0.01754
5	0.69383	0.02109	0.01603	0.01434	0.02109	0.02446	0.01181	0.03205	0.01856	0.04892	0.01518	0.01771	0.01181	0.01012	0.00675	0.00337	0.00843	0.00590	0.00675	0.01181
6	0.03565	0.02620	0.02788	0.02234	0.02968	0.02907	0.01814	0.35544	0.13663	0.06025	0.03097	0.03103	0.02269	0.01335	0.01046	0.00324	0.01035	0.01034	0.10921	0.01707
7	0.01558	0.01168	0.01752	0.01752	0.01947	0.01363	0.01363	0.01947	0.01752	0.02531	0.02921	0.04283	0.02726	0.08178	0.57360	0.01752	0.02921	0.01168	0.00584	0.00974
8	0.02187	0.05640	0.56031	0.03108	0.04719	0.02532	0.04029	0.03453	0.02302	0.03453	0.01957	0.02302	0.01381	0.01036	0.01036	0.00345	0.01611	0.00806	0.00460	0.01611
9	0.02059	0.01938	0.03270	0.59060	0.07510	0.02422	0.03028	0.02786	0.02180	0.02786	0.01938	0.02907	0.01453	0.01090	0.01090	0.00363	0.01453	0.00969	0.00484	0.01211
10	0.01586	0.01057	0.01189	0.01189	0.01189	0.01057	0.00661	0.01586	0.01586	0.02114	0.03436	0.07135	0.03964	0.61681	0.05550	0.01057	0.01057	0.01586	0.00661	0.00661
11	0.01440	0.01012	0.01319	0.01425	0.01568	0.00936	0.00992	0.01667	0.02349	0.03168	0.19905	0.35228	0.12391	0.03046	0.01626	0.06912	0.00621	0.02490	0.01014	0.00890
12	0.01554	0.01044	0.01199	0.01230	0.01238	0.01036	0.00704	0.01577	0.01648	0.02197	0.03753	0.13778	0.04365	0.54491	0.05037	0.00981	0.01005	0.01772	0.00704	0.00688
13	0.63198	0.02084	0.01692	0.01482	0.02173	0.02365	0.01221	0.03407	0.01977	0.09758	0.01785	0.01957	0.01326	0.01045	0.00715	0.00337	0.00852	0.00639	0.00739	0.01246
14	0.01643	0.01269	0.01813	0.01766	0.01909	0.01505	0.01345	0.01952	0.01716	0.02470	0.02862	0.04578	0.02808	0.16575	0.43373	0.01511	0.08159	0.01218	0.00587	0.00942
15	0.08513	0.03041	0.13263	0.06462	0.04125	0.02489	0.12628	0.13438	0.03099	0.18046	0.02728	0.02872	0.01872	0.01151	0.01092	0.00345	0.01327	0.01014	0.00859	0.01636
16	0.01939	0.01248	0.01703	0.01622	0.01849	0.01268	0.01218	0.02255	0.02489	0.08724	0.25162	0.17603	0.06683	0.03082	0.07217	0.06418	0.05612	0.01872	0.00994	0.01042
17	0.09534	0.16066	0.12171	0.02392	0.03303	0.08425	0.05146	0.07375	0.02579	0.07748	0.02006	0.02276	0.01562	0.01099	0.01114	0.00301	0.05749	0.00785	0.00646	0.09722
18	0.24941	0.09608	0.03280	0.06740	0.03393	0.02449	0.09855	0.03353	0.02254	0.09111	0.02032	0.02349	0.01548	0.00988	0.00883	0.00298	0.01101	0.00800	0.00676	0.14339
19	0.08426	0.09541	0.19380	0.02340	0.03293	0.07763	0.02368	0.08181	0.02729	0.13283	0.02867	0.09988	0.02406	0.01422	0.01030	0.00336	0.01248	0.01120	0.00784	0.01496
20	0.11559	0.01864	0.02887	0.02273	0.02901	0.01766	0.14251	0.02882	0.02326	0.07780	0.06410	0.10783	0.03266	0.07326	0.01502	0.00398	0.01048	0.01364	0.07601	0.09815

[dist]
# distance from previous block
# <min> <max>
2	29

[block]
# block no. 1 follows, 12 sequences, length 31
# corresponding to MSA columns:
# 59-89
name=unknown_B
#
# <colnr> <probs for GDERKNQSTAVLIFYWHMCP>
#	G	D	E	R	K	N	Q	S	T	A	V	L	I	F	Y	W	H	M	C	P
0	0.32238	0.02466	0.03000	0.02352	0.03159	0.02659	0.10561	0.14242	0.06693	0.09330	0.02344	0.02511	0.01707	0.01125	0.00947	0.00343	0.01113	0.00896	0.00834	0.01481
1	0.03509	0.02235	0.02865	0.02181	0.03001	0.02148	0.05358	0.18780	0.03539	0.19021	0.09798	0.03608	0.03147	0.01313	0.01077	0.00302	0.01004	0.01101	0.01047	0.14966
2	0.01564	0.01098	0.01320	0.01264	0.01544	0.01005	0.00948	0.02028	0.02845	0.04035	0.37936	0.08021	0.18213	0.02196	0.01209	0.00335	0.00521	0.01898	0.11015	0.01005
3	0.02562	0.02451	0.04179	0.17877	0.44762	0.02555	0.03278	0.03227	0.02418	0.03396	0.02027	0.02743	0.01669	0.00997	0.01082	0.00332	0.01329	0.00971	0.00528	0.01617
4	0.03019	0.01806	0.01940	0.01621	0.02143	0.01900	0.01295	0.19954	0.03359	0.09407	0.03289	0.03525	0.02455	0.01291	0.00906	0.00287	0.00788	0.01011	0.38625	0.01383
5	0.01496	0.01102	0.01291	0.01244	0.01541	0.00989	0.00933	0.01924	0.02799	0.03833	0.34219	0.08621	0.25460	0.02334	0.01240	0.00344	0.00527	0.02004	0.07110	0.00989
6	0.04373	0.08461	0.02785	0.01881	0.02681	0.01850	0.01580	0.04795	0.03018	0.45175	0.08487	0.03893	0.03237	0.01383	0.01070	0.00326	0.00917	0.01118	0.01239	0.01731
7	0.15658	0.01828	0.02244	0.01776	0.02541	0.01697	0.01460	0.04720	0.02834	0.42622	0.03764	0.03410	0.02448	0.01285	0.00996	0.00330	0.00878	0.01003	0.06836	0.01670
8	0.10055	0.02077	0.02895	0.06532	0.03334	0.02071	0.05323	0.07285	0.02896	0.36099	0.03387	0.03248	0.02239	0.01312	0.01274	0.00352	0.05843	0.01037	0.01079	0.01664
9	0.63645	0.02086	0.01685	0.01479	0.02169	0.02371	0.01218	0.03393	0.01968	0.09407	0.01766	0.01944	0.01316	0.01042	0.00712	0.00337	0.00851	0.00635	0.00735	0.01241
10	0.22302	0.02203	0.02737	0.02068	0.02947	0.02090	0.07968	0.07225	0.02513	0.09951	0.02168	0.02398	0.01633	0.00983	0.00888	0.00273	0.01001	0.00792	0.00756	0.27104
11	0.01579	0.01063	0.01324	0.01345	0.01390	0.01096	0.00850	0.01641	0.01650	0.02239	0.03445	0.10848	0.03850	0.42124	0.15481	0.05709	0.01387	0.01586	0.00662	0.00730
12	0.06772	0.01311	0.01563	0.01430	0.01817	0.01208	0.01074	0.02598	0.02617	0.14377	0.20208	0.12679	0.17273	0.08235	0.01649	0.00430	0.00699	0.01848	0.01078	0.01135
13	0.04233	0.01689	0.02259	0.01784	0.02503	0.01480	0.01454	0.04673	0.03032	0.44751	0.09742	0.04236	0.03546	0.01439	0.01084	0.00330	0.00840	0.01185	0.08063	0.01679
14	0.03736	0.02749	0.02932	0.02316	0.03091	0.03048	0.01891	0.40161	0.11198	0.06274	0.02957	0.02960	0.02148	0.01328	0.01059	0.00325	0.01084	0.01019	0.07975	0.01751
15	0.69383	0.02109	0.01603	0.01434	0.02109	0.02446	0.01181	0.03205	0.01856	0.04892	0.01518	0.01771	0.01181	0.01012	0.00675	0.00337	0.00843	0.00590	0.00675	0.01181
16	0.69383	0.02109	0.01603	0.01434	0.02109	0.02446	0.01181	0.03205	0.01856	0.04892	0.01518	0.01771	0.01181	0.01012	0.00675	0.00337	0.00843	0.00590	0.00675	0.01181
17	0.04193	0.02377	0.02872	0.02259	0.03009	0.02504	0.01860	0.21469	0.07757	0.28688	0.03421	0.03216	0.02321	0.01402	0.01347	0.00351	0.06976	0.01052	0.01149	0.01777
18	0.02840	0.56482	0.10909	0.01994	0.02997	0.04130	0.02089	0.03284	0.02224	0.02657	0.01561	0.01806	0.01397	0.00943	0.00734	0.00245	0.01212	0.00606	0.00466	0.01421
19	0.02915	0.62337	0.05714	0.01866	0.02799	0.04314	0.01866	0.03265	0.02215	0.02565	0.01516	0.01749	0.01399	0.00933	0.00700	0.00233	0.01166	0.00583	0.00466	0.01399
20	0.01919	0.01651	0.02367	0.07883	0.02980	0.01748	0.06917	0.03036	0.16073	0.03349	0.04747	0.33094	0.04951	0.02374	0.01272	0.00406	0.00912	0.02172	0.00934	0.01213
21	0.01335	0.01089	0.01180	0.01194	0.01511	0.00934	0.00882	0.01641	0.02541	0.03163	0.17623	0.15674	0.41947	0.02746	0.01300	0.00372	0.00555	0.02335	0.01043	0.00934
22	0.02257	0.02210	0.03312	0.24932	0.04688	0.02979	0.02638	0.02688	0.01870	0.02688	0.01630	0.02590	0.01440	0.01587	0.02601	0.00432	0.36817	0.00960	0.00480	0.01200
23	0.01745	0.01119	0.01419	0.01439	0.01696	0.01007	0.01042	0.02069	0.02560	0.08636	0.20874	0.30072	0.16729	0.02735	0.01311	0.00389	0.00613	0.02415	0.01101	0.01032
24	0.01587	0.01134	0.01635	0.01635	0.01783	0.01282	0.01216	0.01849	0.01701	0.02416	0.02932	0.04689	0.02872	0.16778	0.44893	0.06437	0.02468	0.01222	0.00589	0.00885
25	0.02930	0.27809	0.04277	0.02439	0.02934	0.14118	0.02116	0.03223	0.02169	0.02608	0.01515	0.02041	0.01413	0.01353	0.01885	0.00338	0.24301	0.00752	0.00489	0.01292
26	0.01984	0.01327	0.01721	0.01662	0.01896	0.01398	0.01288	0.02351	0.02428	0.08039	0.15442	0.19369	0.09747	0.02360	0.01579	0.00390	0.09388	0.05994	0.10560	0.01080
27	0.02847	0.11899	0.08647	0.09471	0.16412	0.16337	0.06532	0.03434	0.02610	0.03174	0.06570	0.02875	0.02304	0.01131	0.01034	0.00311	0.01463	0.00949	0.00582	0.01417
28	0.03579	0.02374	0.02706	0.08392	0.03414	0.05801	0.01842	0.11562	0.13376	0.20887	0.03296	0.03203	0.02319	0.01246	0.01047	0.00316	0.01063	0.01001	0.01011	0.11566
29	0.16399	0.20056	0.08332	0.07956	0.03501	0.13258	0.02116	0.10295	0.02727	0.03767	0.01788	0.02085	0.01426	0.01063	0.00873	0.00300	0.01324	0.00723	0.00616	0.01396
30	0.28758	0.02271	0.03086	0.15109	0.24674	0.02500	0.02432	0.03179	0.02176	0.03929	0.01819	0.02376	0.01458	0.01011	0.00923	0.00337	0.01150	0.00821	0.00582	0.01409

[dist]
# distance from previous block
# <min> <max>
0	3

[block]
# block no. 2 follows, 12 sequences, length 6
# corresponding to MSA columns:
# 93-98
name=unknown_C
#
# <colnr> <probs for GDERKNQSTAVLIFYWHMCP>
#	G	D	E	R	K	N	Q	S	T	A	V	L	I	F	Y	W	H	M	C	P
0	0.02915	0.62337	0.05714	0.01866	0.02799	0.04314	0.01866	0.03265	0.02215	0.02565	0.01516	0.01749	0.01399	0.00933	0.00700	0.00233	0.01166	0.00583	0.00466	0.01399
1	0.01354	0.00994	0.01271	0.01440	0.01573	0.00911	0.00989	0.01603	0.02287	0.03036	0.13712	0.46333	0.14181	0.03153	0.01362	0.00418	0.00604	0.02826	0.01039	0.00911
2	0.69383	0.02109	0.01603	0.01434	0.02109	0.02446	0.01181	0.03205	0.01856	0.04892	0.01518	0.01771	0.01181	0.01012	0.00675	0.00337	0.00843	0.00590	0.00675	0.01181
3	0.02544	0.01965	0.02133	0.01871	0.02311	0.02164	0.01394	0.13711	0.21652	0.04259	0.08685	0.05134	0.03908	0.20523	0.02525	0.00575	0.00961	0.01364	0.00973	0.01348
4	0.01432	0.00959	0.01229	0.01444	0.01536	0.00905	0.00975	0.01669	0.02117	0.02972	0.05649	0.52592	0.06561	0.03100	0.01299	0.00415	0.00614	0.02793	0.10835	0.00905
5	0.02449	0.01680	0.02063	0.01945	0.02389	0.01735	0.01603	0.09758	0.10379	0.08839	0.16975	0.07987	0.05911	0.02215	0.01301	0.00405	0.00883	0.19067	0.01110	0.01307

[dist]
# distance from previous block
# <min> <max>
0	1

[block]
# block no. 3 follows, 12 sequences, length 16
# corresponding to MSA columns:
# 100-115
name=unknown_D
#
# <colnr> <probs for GDERKNQSTAVLIFYWHMCP>
#	G	D	E	R	K	N	Q	S	T	A	V	L	I	F	Y	W	H	M	C	P
0	0.37232	0.02027	0.01918	0.01521	0.02336	0.01971	0.01234	0.02985	0.02050	0.04251	0.01719	0.02006	0.01389	0.00914	0.00738	0.00253	0.00826	0.00617	0.00661	0.33353
1	0.28806	0.02161	0.02458	0.02143	0.02431	0.02791	0.01773	0.02846	0.01795	0.03641	0.01645	0.02284	0.01447	0.01501	0.02195	0.00403	0.31472	0.00816	0.06218	0.01173
2	0.10093	0.13595	0.36206	0.02661	0.03979	0.02891	0.03155	0.08847	0.02561	0.03870	0.01915	0.02194	0.01415	0.01049	0.00950	0.00325	0.01410	0.00768	0.00557	0.01558
3	0.69383	0.02109	0.01603	0.01434	0.02109	0.02446	0.01181	0.03205	0.01856	0.04892	0.01518	0.01771	0.01181	0.01012	0.00675	0.00337	0.00843	0.00590	0.00675	0.01181
4	0.03965	0.13003	0.03146	0.02098	0.02872	0.09395	0.01740	0.04937	0.13835	0.28434	0.03510	0.03223	0.02444	0.01276	0.01015	0.00319	0.01087	0.00986	0.01042	0.01672
5	0.01921	0.01198	0.01578	0.01436	0.01759	0.01093	0.01093	0.02425	0.03090	0.10149	0.48670	0.07645	0.09433	0.02130	0.01265	0.00342	0.00561	0.01873	0.01217	0.01122
6	0.02662	0.02332	0.03077	0.12344	0.03967	0.02463	0.07035	0.10101	0.21108	0.04201	0.02964	0.03150	0.02246	0.01177	0.01053	0.00315	0.01099	0.01026	0.00833	0.16847
7	0.03251	0.01374	0.01661	0.01410	0.01915	0.01266	0.01120	0.03722	0.02642	0.26036	0.03874	0.03914	0.02754	0.01304	0.00905	0.00290	0.00687	0.01050	0.39451	0.01374
8	0.01708	0.01130	0.01459	0.01577	0.01814	0.01042	0.01197	0.02027	0.02407	0.07090	0.10061	0.32305	0.15651	0.02961	0.01369	0.00428	0.00718	0.13004	0.01049	0.01004
9	0.03048	0.03239	0.18961	0.03325	0.07830	0.02222	0.16352	0.03875	0.02683	0.18275	0.06714	0.03358	0.02539	0.01178	0.01146	0.00348	0.01376	0.01126	0.00800	0.01604
10	0.01540	0.01038	0.01203	0.01247	0.01258	0.01027	0.00723	0.01574	0.01674	0.02232	0.03890	0.16641	0.04537	0.51393	0.04815	0.00949	0.00982	0.01853	0.00723	0.00700
11	0.02250	0.01677	0.02323	0.02079	0.02238	0.02066	0.01637	0.02514	0.01846	0.08543	0.02623	0.04055	0.02477	0.15218	0.21164	0.00986	0.23401	0.01160	0.00646	0.01096
12	0.18794	0.02170	0.02509	0.02464	0.08588	0.02303	0.01747	0.04771	0.20369	0.19884	0.03449	0.03273	0.02460	0.01274	0.01002	0.00347	0.00927	0.01013	0.01016	0.01639
13	0.02500	0.02080	0.02389	0.01728	0.02685	0.01698	0.01391	0.08905	0.02625	0.03974	0.02024	0.02306	0.01645	0.00871	0.00843	0.00183	0.00857	0.00689	0.00702	0.59902
14	0.03473	0.10332	0.07760	0.08664	0.03682	0.02821	0.02154	0.20697	0.07299	0.13632	0.02729	0.02789	0.01954	0.01197	0.01018	0.00314	0.01157	0.00930	0.00904	0.06493
15	0.41440	0.02059	0.01851	0.01545	0.02264	0.02172	0.01256	0.07942	0.02350	0.04610	0.02803	0.02952	0.07412	0.01202	0.00815	0.00305	0.00840	0.00837	0.00751	0.14596

[dist]
# distance from previous block
# <min> <max>
0	29

[block]
# block no. 4 follows, 12 sequences, length 20
# corresponding to MSA columns:
# 145-164
name=unknown_E
#
# <colnr> <probs for GDERKNQSTAVLIFYWHMCP>
#	G	D	E	R	K	N	Q	S	T	A	V	L	I	F	Y	W	H	M	C	P
0	0.03048	0.02212	0.02729	0.11470	0.03592	0.02408	0.01936	0.20204	0.08076	0.09460	0.02833	0.03198	0.02156	0.02583	0.12033	0.00600	0.01480	0.01018	0.00875	0.08091
1	0.03615	0.03189	0.12978	0.02576	0.03527	0.06150	0.05891	0.13742	0.12436	0.19643	0.03231	0.03127	0.02240	0.01260	0.01093	0.00341	0.01234	0.01033	0.00977	0.01717
2	0.02508	0.01930	0.02286	0.01646	0.02603	0.01467	0.01321	0.02987	0.02342	0.08448	0.02160	0.02397	0.01717	0.00858	0.00835	0.00178	0.00819	0.00688	0.00712	0.62097
3	0.03005	0.02488	0.02630	0.02278	0.02947	0.02849	0.01797	0.15081	0.43146	0.05033	0.04066	0.03772	0.03027	0.01444	0.01106	0.00361	0.00932	0.01181	0.01106	0.01752
4	0.02244	0.02192	0.03310	0.27152	0.04871	0.02943	0.02663	0.02694	0.01890	0.02694	0.01650	0.02611	0.01441	0.01555	0.02503	0.00428	0.34516	0.00961	0.00480	0.01201
5	0.01457	0.01041	0.01413	0.01666	0.01785	0.00997	0.01236	0.01741	0.02215	0.02928	0.05938	0.46315	0.06930	0.03294	0.01426	0.00461	0.00744	0.16480	0.01010	0.00921
6	0.01417	0.01000	0.01287	0.01429	0.01516	0.00945	0.00949	0.01632	0.02179	0.02953	0.14537	0.40915	0.07171	0.14227	0.02159	0.00540	0.00691	0.02602	0.00981	0.00870
7	0.11010	0.02830	0.02953	0.02342	0.03150	0.03166	0.01916	0.38293	0.12882	0.06264	0.02807	0.02772	0.02031	0.01305	0.01049	0.00336	0.01104	0.00982	0.01049	0.01759
8	0.69383	0.02109	0.01603	0.01434	0.02109	0.02446	0.01181	0.03205	0.01856	0.04892	0.01518	0.01771	0.01181	0.01012	0.00675	0.00337	0.00843	0.00590	0.00675	0.01181
9	0.20048	0.02735	0.02811	0.02205	0.03027	0.03021	0.01821	0.36140	0.04182	0.10038	0.02477	0.02494	0.01754	0.01240	0.00990	0.00330	0.01093	0.00895	0.01009	0.01691
10	0.04171	0.07827	0.03118	0.02134	0.02958	0.01927	0.06286	0.04642	0.02977	0.40773	0.08387	0.03849	0.03164	0.01348	0.01093	0.00331	0.01000	0.01144	0.01173	0.01699
11	0.02915	0.62337	0.05714	0.01866	0.02799	0.04314	0.01866	0.03265	0.02215	0.02565	0.01516	0.01749	0.01399	0.00933	0.00700	0.00233	0.01166	0.00583	0.00466	0.01399
12	0.69383	0.02109	0.01603	0.01434	0.02109	0.02446	0.01181	0.03205	0.01856	0.04892	0.01518	0.01771	0.01181	0.01012	0.00675	0.00337	0.00843	0.00590	0.00675	0.01181
13	0.10085	0.02735	0.02728	0.02246	0.02992	0.07689	0.01805	0.20888	0.18004	0.14582	0.03260	0.03095	0.02328	0.01320	0.01048	0.00338	0.01089	0.01012	0.01056	0.01700
14	0.01330	0.01083	0.01178	0.01204	0.01511	0.00930	0.00884	0.01627	0.02510	0.03121	0.16355	0.17674	0.41227	0.02784	0.01304	0.00376	0.00559	0.02374	0.01039	0.00930
15	0.03069	0.02387	0.02467	0.06213	0.03008	0.08154	0.01741	0.20418	0.03512	0.09364	0.04768	0.10590	0.12527	0.01881	0.01177	0.00358	0.01085	0.04885	0.00985	0.01410
16	0.01449	0.01111	0.01327	0.01273	0.01571	0.00989	0.00955	0.01875	0.02864	0.03845	0.38308	0.09013	0.26613	0.02426	0.01287	0.00352	0.00528	0.02094	0.01131	0.00989
17	0.01894	0.00947	0.01420	0.01420	0.01420	0.00947	0.00947	0.01420	0.01420	0.01894	0.01894	0.03314	0.01894	0.03788	0.04261	0.68277	0.00947	0.00947	0.00473	0.00473
18	0.12803	0.11214	0.03693	0.14014	0.04134	0.02858	0.10055	0.14639	0.02919	0.04285	0.02173	0.02612	0.01660	0.01096	0.00972	0.00322	0.01234	0.00916	0.06987	0.01413
19	0.03493	0.01619	0.02079	0.01718	0.02322	0.01498	0.01373	0.04209	0.07907	0.31627	0.17281	0.04942	0.04752	0.01583	0.01111	0.00333	0.00768	0.01330	0.08520	0.01536

[dist]
# distance from previous block
# <min> <max>
1	2

[block]
# block no. 5 follows, 12 sequences, length 32
# corresponding to MSA columns:
# 167-198
name=unknown_F
#
# <colnr> <probs for GDERKNQSTAVLIFYWHMCP>
#	G	D	E	R	K	N	Q	S	T	A	V	L	I	F	Y	W	H	M	C	P
0	0.18953	0.14642	0.11844	0.02402	0.03318	0.12441	0.06062	0.07294	0.02624	0.08214	0.01993	0.02210	0.01512	0.01064	0.00908	0.00311	0.01337	0.00772	0.00661	0.01437
1	0.01804	0.00979	0.01353	0.01353	0.01353	0.00979	0.00863	0.01469	0.01469	0.01958	0.02345	0.04433	0.02500	0.20744	0.04639	0.48589	0.00979	0.01134	0.00528	0.00528
2	0.02527	0.14771	0.38221	0.02798	0.04115	0.07910	0.03296	0.03703	0.06638	0.03326	0.02068	0.02328	0.01551	0.01064	0.00981	0.00323	0.01507	0.00795	0.00526	0.01554
3	0.02423	0.01513	0.01929	0.01759	0.02048	0.01675	0.01414	0.02798	0.02304	0.12001	0.04458	0.09822	0.09218	0.01951	0.01680	0.00374	0.14918	0.05641	0.20898	0.01176
4	0.01399	0.00999	0.01346	0.01598	0.01692	0.00946	0.01134	0.01639	0.02157	0.02862	0.05971	0.53007	0.07058	0.03350	0.01410	0.00452	0.00693	0.10370	0.01011	0.00905
5	0.02699	0.02591	0.04426	0.06693	0.54879	0.02591	0.03346	0.03346	0.02483	0.03562	0.02051	0.02699	0.01727	0.00972	0.01079	0.00324	0.01295	0.00972	0.00540	0.01727
6	0.02470	0.02112	0.02497	0.02607	0.08746	0.02345	0.01817	0.04701	0.35994	0.04320	0.11524	0.05108	0.04371	0.01642	0.01161	0.00370	0.00873	0.04722	0.01048	0.01571
7	0.01632	0.01159	0.01582	0.01812	0.01993	0.01143	0.01472	0.02011	0.02323	0.03042	0.05637	0.24451	0.06322	0.08075	0.01818	0.00534	0.00912	0.32162	0.00977	0.00944
8	0.02292	0.02147	0.03610	0.26204	0.30402	0.02325	0.02949	0.02916	0.02320	0.03172	0.02474	0.09641	0.02268	0.01305	0.01120	0.00353	0.01278	0.01221	0.00574	0.01430
9	0.34294	0.01971	0.02107	0.01709	0.02476	0.01987	0.01410	0.04352	0.02544	0.32501	0.03033	0.02827	0.02007	0.01196	0.00904	0.00337	0.00889	0.00866	0.01042	0.01548
10	0.02385	0.02385	0.03340	0.02863	0.02863	0.03340	0.02385	0.02624	0.01670	0.02624	0.01431	0.02385	0.01431	0.01908	0.03578	0.00477	0.59685	0.00954	0.00477	0.01193
11	0.02271	0.02107	0.03292	0.41082	0.13564	0.02500	0.02837	0.03415	0.11456	0.03222	0.02409	0.03088	0.01835	0.01144	0.01092	0.00359	0.01323	0.01017	0.00606	0.01380
12	0.35458	0.02592	0.02713	0.03218	0.18109	0.08868	0.01979	0.03588	0.02312	0.09178	0.01969	0.02261	0.01519	0.01046	0.00873	0.00327	0.01119	0.00767	0.00687	0.01420
13	0.33698	0.07068	0.14766	0.02028	0.02980	0.02563	0.02033	0.08252	0.02484	0.11892	0.02127	0.02254	0.01526	0.01090	0.00861	0.00331	0.01090	0.00751	0.00749	0.01458
14	0.01543	0.01115	0.01457	0.01372	0.01629	0.01029	0.01029	0.02058	0.03086	0.04372	0.54304	0.08145	0.10288	0.02229	0.01286	0.00343	0.00514	0.01972	0.01200	0.01029
15	0.03053	0.02815	0.02844	0.02435	0.02964	0.15537	0.05940	0.09374	0.10897	0.07244	0.03080	0.08410	0.02623	0.01990	0.05289	0.00445	0.06126	0.01198	0.06352	0.01383
16	0.22136	0.08307	0.02760	0.01964	0.02751	0.07161	0.01635	0.12177	0.03021	0.23860	0.02762	0.02656	0.01905	0.01191	0.00932	0.00321	0.01063	0.00855	0.00968	0.01576
17	0.01373	0.01042	0.01266	0.01349	0.01560	0.00935	0.00959	0.01677	0.02480	0.03259	0.20511	0.30983	0.22868	0.02893	0.01331	0.00393	0.00576	0.02547	0.01063	0.00935
18	0.04298	0.02515	0.02903	0.02258	0.03094	0.02619	0.01854	0.28812	0.08998	0.25758	0.03455	0.03188	0.02329	0.01341	0.01095	0.00335	0.01060	0.01051	0.01194	0.01842
19	0.02105	0.01243	0.01611	0.01445	0.01816	0.01119	0.01110	0.02580	0.03034	0.13210	0.41331	0.07597	0.13262	0.02127	0.01253	0.00344	0.00590	0.01851	0.01208	0.01163
20	0.02385	0.02385	0.03340	0.02863	0.02863	0.03340	0.02385	0.02624	0.01670	0.02624	0.01431	0.02385	0.01431	0.01908	0.03578	0.00477	0.59685	0.00954	0.00477	0.01193
21	0.02557	0.01984	0.02737	0.16809	0.08343	0.01817	0.01949	0.03110	0.02361	0.09491	0.02226	0.02635	0.01711	0.00958	0.00937	0.00248	0.01029	0.00810	0.00678	0.37613
22	0.04145	0.03054	0.03272	0.02509	0.03381	0.03381	0.02072	0.51243	0.05127	0.06872	0.02618	0.02618	0.01854	0.01309	0.01091	0.00327	0.01200	0.00982	0.01091	0.01854
23	0.69383	0.02109	0.01603	0.01434	0.02109	0.02446	0.01181	0.03205	0.01856	0.04892	0.01518	0.01771	0.01181	0.01012	0.00675	0.00337	0.00843	0.00590	0.00675	0.01181
24	0.02153	0.01663	0.02612	0.22396	0.11944	0.01786	0.02176	0.02680	0.02416	0.07645	0.09512	0.17272	0.04279	0.01888	0.01209	0.00380	0.01057	0.04889	0.00807	0.01236
25	0.01445	0.01039	0.01370	0.01439	0.01607	0.00964	0.01021	0.01812	0.02631	0.03648	0.32286	0.32228	0.08885	0.02770	0.01334	0.00388	0.00568	0.02486	0.01115	0.00964
26	0.04892	0.01856	0.02530	0.01940	0.02783	0.01603	0.01603	0.05314	0.03121	0.55634	0.04302	0.03711	0.02699	0.01350	0.01096	0.00337	0.00928	0.01096	0.01350	0.01856
27	0.01389	0.00993	0.01328	0.01541	0.01642	0.00932	0.01075	0.01642	0.02239	0.03009	0.11678	0.50799	0.07498	0.03243	0.01389	0.00436	0.00649	0.06573	0.01034	0.00912
28	0.03797	0.02881	0.03076	0.02438	0.03249	0.03219	0.01988	0.40200	0.16737	0.06310	0.03060	0.02970	0.02212	0.01350	0.01095	0.00338	0.01118	0.01043	0.01095	0.01823
29	0.02618	0.01761	0.02012	0.01714	0.02215	0.01805	0.01352	0.15440	0.07245	0.09041	0.23370	0.05754	0.09796	0.01793	0.01145	0.00332	0.00755	0.01502	0.08997	0.01353
30	0.34234	0.02447	0.02398	0.01933	0.02710	0.02696	0.01595	0.22561	0.03335	0.12975	0.02355	0.02386	0.01666	0.01178	0.00900	0.00333	0.00997	0.00818	0.00937	0.01545
31	0.02890	0.01950	0.03033	0.29151	0.11005	0.02181	0.02462	0.03475	0.02431	0.16668	0.02660	0.03148	0.01918	0.01219	0.01247	0.00351	0.05511	0.01005	0.06272	0.01422

[dist]
# distance from previous block
# <min> <max>
0	1

[block]
# block no. 6 follows, 12 sequences, length 25
# corresponding to MSA columns:
# 200-224
name=unknown_G
#
# <colnr> <probs for GDERKNQSTAVLIFYWHMCP>
#	G	D	E	R	K	N	Q	S	T	A	V	L	I	F	Y	W	H	M	C	P
0	0.02915	0.62337	0.05714	0.01866	0.02799	0.04314	0.01866	0.03265	0.02215	0.02565	0.01516	0.01749	0.01399	0.00933	0.00700	0.00233	0.01166	0.00583	0.00466	0.01399
1	0.23925	0.08590	0.03020	0.13706	0.08848	0.02665	0.02024	0.10167	0.02659	0.11586	0.02205	0.02483	0.01623	0.01105	0.00919	0.00329	0.01106	0.00830	0.00755	0.01455
2	0.02486	0.01941	0.02717	0.02313	0.02693	0.02198	0.06740	0.07597	0.07461	0.06939	0.03160	0.04743	0.02863	0.10636	0.07955	0.00626	0.13905	0.06070	0.05705	0.01254
3	0.01463	0.01074	0.01386	0.01498	0.01696	0.00998	0.01118	0.01819	0.02526	0.03383	0.21730	0.29198	0.14597	0.02886	0.01364	0.00411	0.00648	0.10181	0.01069	0.00955
4	0.03193	0.01952	0.03066	0.33462	0.08974	0.02119	0.02502	0.03797	0.02563	0.23167	0.02855	0.03202	0.01952	0.01182	0.01092	0.00351	0.01240	0.01018	0.00821	0.01495
5	0.01669	0.01211	0.01645	0.01871	0.02115	0.01186	0.01593	0.02119	0.02467	0.03185	0.06325	0.16765	0.11195	0.03025	0.01473	0.00483	0.00923	0.38760	0.01006	0.00984
6	0.01894	0.00947	0.01420	0.01420	0.01420	0.00947	0.00947	0.01420	0.01420	0.01894	0.01894	0.03314	0.01894	0.03788	0.04261	0.68277	0.00947	0.00947	0.00473	0.00473
7	0.03231	0.46730	0.04997	0.02123	0.02955	0.18787	0.01932	0.03562	0.02454	0.02593	0.01562	0.01808	0.01401	0.00985	0.00777	0.00246	0.01385	0.00616	0.00492	0.01362
8	0.01498	0.01070	0.01459	0.01712	0.01849	0.01032	0.01306	0.01811	0.02254	0.02973	0.05916	0.41748	0.06842	0.03256	0.01437	0.00466	0.00779	0.20650	0.01009	0.00932
9	0.02179	0.01584	0.02393	0.07105	0.15067	0.01548	0.01798	0.02677	0.02705	0.09207	0.24169	0.14985	0.06221	0.01948	0.01219	0.00356	0.00838	0.01754	0.00970	0.01274
10	0.02537	0.02426	0.04134	0.19932	0.42903	0.02548	0.03266	0.03205	0.02406	0.03366	0.02022	0.02751	0.01658	0.01001	0.01082	0.00334	0.01335	0.00971	0.00526	0.01597
11	0.69383	0.02109	0.01603	0.01434	0.02109	0.02446	0.01181	0.03205	0.01856	0.04892	0.01518	0.01771	0.01181	0.01012	0.00675	0.00337	0.00843	0.00590	0.00675	0.01181
12	0.02092	0.01983	0.03277	0.53398	0.07042	0.02515	0.02963	0.02770	0.02129	0.02770	0.01887	0.02854	0.01451	0.01173	0.01341	0.00375	0.07320	0.00968	0.00484	0.01209
13	0.02280	0.01474	0.01651	0.01461	0.01843	0.01508	0.01135	0.12391	0.03179	0.04762	0.22882	0.05336	0.05483	0.01647	0.01031	0.00303	0.00653	0.01377	0.28409	0.01194
14	0.03490	0.02178	0.02890	0.02302	0.03093	0.02163	0.06838	0.05059	0.23332	0.23991	0.03898	0.03630	0.02737	0.01302	0.01093	0.00336	0.00985	0.01127	0.01096	0.08460
15	0.01682	0.01335	0.01928	0.01858	0.02005	0.01622	0.01442	0.02010	0.01724	0.02503	0.02754	0.04292	0.02661	0.12626	0.44289	0.01496	0.11044	0.01179	0.00576	0.00974
16	0.02902	0.02418	0.03494	0.04429	0.28354	0.02585	0.02554	0.04327	0.19650	0.09060	0.03046	0.03245	0.02349	0.01247	0.01264	0.00351	0.05141	0.01072	0.00811	0.01703
17	0.09201	0.01867	0.02075	0.01823	0.02353	0.01991	0.01400	0.04331	0.23642	0.14656	0.10884	0.04777	0.04048	0.10106	0.01724	0.00454	0.00854	0.01296	0.01066	0.01452
18	0.09479	0.02407	0.03896	0.16878	0.39704	0.02541	0.03057	0.03217	0.02356	0.03541	0.01973	0.02645	0.01614	0.01000	0.01040	0.00333	0.01281	0.00931	0.00542	0.01565
19	0.01654	0.01297	0.01534	0.01641	0.01869	0.01324	0.01163	0.02542	0.14237	0.03224	0.06168	0.42075	0.11282	0.02885	0.01314	0.00418	0.00679	0.02570	0.01035	0.01089
20	0.02351	0.09425	0.19467	0.08325	0.11385	0.02339	0.02654	0.03107	0.02294	0.03348	0.01916	0.02346	0.01522	0.00941	0.00933	0.00268	0.01223	0.00767	0.00540	0.24847
21	0.09157	0.02376	0.10157	0.02187	0.02985	0.01843	0.06690	0.03581	0.06254	0.16249	0.10552	0.09521	0.03729	0.01515	0.01094	0.00337	0.01003	0.01315	0.00931	0.08526
22	0.16038	0.03575	0.24624	0.11166	0.11741	0.02415	0.02969	0.03479	0.02303	0.08897	0.02115	0.02481	0.01534	0.01061	0.00983	0.00342	0.01319	0.00839	0.00608	0.01509
23	0.16721	0.02226	0.07249	0.01849	0.02642	0.01877	0.01634	0.03915	0.07920	0.19936	0.10315	0.03638	0.03254	0.01311	0.00991	0.00317	0.00892	0.01039	0.00977	0.11297
24	0.02120	0.05171	0.50375	0.02928	0.04399	0.02376	0.03718	0.03308	0.02383	0.03548	0.07382	0.02908	0.02304	0.01160	0.01062	0.00345	0.01498	0.00927	0.00537	0.01551

[dist]
# distance from previous block
# <min> <max>
0	11

[block]
# block no. 7 follows, 12 sequences, length 7
# corresponding to MSA columns:
# 236-242
name=unknown_H
#
# <colnr> <probs for GDERKNQSTAVLIFYWHMCP>
#	G	D	E	R	K	N	Q	S	T	A	V	L	I	F	Y	W	H	M	C	P
0	0.14519	0.11715	0.12255	0.06929	0.03333	0.02437	0.02091	0.06780	0.02571	0.16585	0.02849	0.08496	0.02305	0.01358	0.00982	0.00335	0.01103	0.01065	0.00818	0.01474
1	0.01676	0.11845	0.02084	0.01443	0.01790	0.01547	0.01131	0.02028	0.02548	0.03346	0.23515	0.21351	0.16930	0.02421	0.01211	0.00355	0.00668	0.02090	0.00983	0.01034
2	0.03110	0.02661	0.08309	0.02649	0.03430	0.02506	0.09414	0.10058	0.18684	0.13863	0.03504	0.06878	0.02700	0.01457	0.01316	0.00368	0.05272	0.01240	0.00955	0.01626
3	0.01997	0.01392	0.01567	0.01471	0.01634	0.01440	0.00962	0.10316	0.02285	0.03053	0.03681	0.14488	0.04084	0.42235	0.04135	0.00836	0.01018	0.01708	0.00790	0.00905
4	0.24775	0.02218	0.02138	0.01832	0.02470	0.02505	0.01471	0.15481	0.16113	0.05150	0.02892	0.02962	0.02177	0.01250	0.00905	0.00330	0.00880	0.00925	0.12067	0.01460
5	0.14074	0.02012	0.02573	0.07391	0.03158	0.01918	0.05713	0.02871	0.02174	0.03690	0.01977	0.02439	0.01604	0.00984	0.01022	0.00256	0.04621	0.00769	0.05671	0.35082
6	0.14779	0.12962	0.12141	0.10914	0.03910	0.10004	0.02357	0.13748	0.02904	0.04103	0.01914	0.02237	0.01465	0.01094	0.00932	0.00316	0.01337	0.00782	0.00652	0.01449

[dist]
# distance from previous block
# <min> <max>
0	2

[block]
# block no. 8 follows, 12 sequences, length 17
# corresponding to MSA columns:
# 245-261
name=unknown_I
#
# <colnr> <probs for GDERKNQSTAVLIFYWHMCP>
#	G	D	E	R	K	N	Q	S	T	A	V	L	I	F	Y	W	H	M	C	P
0	0.62895	0.02450	0.06858	0.01595	0.02361	0.02454	0.01456	0.03229	0.01899	0.04753	0.01561	0.01823	0.01200	0.01014	0.00710	0.00338	0.00918	0.00611	0.00654	0.01222
1	0.03206	0.21258	0.09142	0.03097	0.13044	0.07269	0.02352	0.08886	0.08850	0.09195	0.02437	0.02579	0.01879	0.01114	0.00959	0.00302	0.01236	0.00862	0.00724	0.01607
2	0.02572	0.08484	0.12583	0.15463	0.10323	0.02447	0.02526	0.06966	0.06172	0.07793	0.06636	0.03803	0.06974	0.01339	0.01074	0.00337	0.01190	0.01117	0.00739	0.01462
3	0.01558	0.01168	0.01752	0.01752	0.01947	0.01363	0.01363	0.01947	0.01752	0.02531	0.02921	0.04283	0.02726	0.08178	0.57360	0.01752	0.02921	0.01168	0.00584	0.00974
4	0.11338	0.01883	0.02269	0.01858	0.02504	0.01886	0.01506	0.12220	0.03157	0.25536	0.12385	0.04146	0.03721	0.02282	0.07861	0.00507	0.01133	0.01181	0.01106	0.01523
5	0.02472	0.01592	0.01927	0.01820	0.02183	0.01605	0.01352	0.14588	0.02983	0.10190	0.04943	0.39267	0.05309	0.02632	0.01280	0.00401	0.00812	0.02321	0.01073	0.01248
6	0.01506	0.01072	0.01458	0.07421	0.02163	0.01072	0.01193	0.01814	0.02197	0.03059	0.08969	0.44059	0.06316	0.02826	0.01276	0.00404	0.00694	0.02541	0.09013	0.00946
7	0.03259	0.01731	0.02038	0.01747	0.02308	0.01736	0.01377	0.08287	0.12477	0.22025	0.04154	0.09725	0.03240	0.01564	0.01038	0.00331	0.00794	0.01299	0.19369	0.01501
8	0.41931	0.02666	0.02572	0.02137	0.02859	0.09023	0.07407	0.07182	0.07629	0.04574	0.02005	0.02236	0.01537	0.01084	0.00861	0.00337	0.01124	0.00783	0.00722	0.01332
9	0.03218	0.02454	0.03451	0.07282	0.13452	0.02578	0.07260	0.17974	0.09800	0.10837	0.03155	0.08130	0.02544	0.01401	0.01138	0.00350	0.01176	0.01243	0.00914	0.01644
10	0.02184	0.01964	0.03297	0.26130	0.14664	0.02160	0.07138	0.02896	0.05786	0.03128	0.05875	0.06412	0.02603	0.01594	0.01510	0.08336	0.01253	0.01196	0.00620	0.01255
11	0.01503	0.01175	0.01382	0.01474	0.01706	0.01128	0.01048	0.02094	0.08412	0.03183	0.11476	0.35289	0.20284	0.02894	0.01319	0.00404	0.00627	0.02551	0.01040	0.01009
12	0.03053	0.09546	0.03025	0.02242	0.02952	0.03048	0.01819	0.15551	0.36384	0.04838	0.03692	0.03475	0.02776	0.01377	0.01057	0.00344	0.00973	0.01101	0.01030	0.01716
13	0.01753	0.01150	0.01459	0.01445	0.01731	0.01041	0.01085	0.02138	0.02706	0.08159	0.27223	0.20456	0.17340	0.02578	0.01309	0.00381	0.00618	0.05265	0.01121	0.01046
14	0.02314	0.02112	0.02577	0.02280	0.02554	0.02637	0.01817	0.03602	0.20931	0.03346	0.03847	0.04350	0.08571	0.06667	0.02545	0.00471	0.26003	0.01268	0.00791	0.01317
15	0.07335	0.20800	0.03817	0.02277	0.03097	0.13423	0.01937	0.22652	0.03576	0.08126	0.02179	0.02272	0.01660	0.01151	0.00934	0.00292	0.01293	0.00800	0.00805	0.01575
16	0.02911	0.01471	0.01876	0.01605	0.02103	0.01371	0.01262	0.03598	0.07022	0.22963	0.26168	0.05727	0.06091	0.01737	0.01141	0.00333	0.00692	0.01482	0.09062	0.01384

[dist]
# distance from previous block
# <min> <max>
0	2

[block]
# block no. 9 follows, 12 sequences, length 8
# corresponding to MSA columns:
# 264-271
name=unknown_J
#
# <colnr> <probs for GDERKNQSTAVLIFYWHMCP>
#	G	D	E	R	K	N	Q	S	T	A	V	L	I	F	Y	W	H	M	C	P
0	0.02267	0.11860	0.50511	0.02971	0.04508	0.02728	0.03791	0.03432	0.02293	0.03356	0.01908	0.02241	0.01383	0.01025	0.00999	0.00333	0.01563	0.00781	0.00461	0.01588
1	0.24523	0.02267	0.02385	0.01947	0.02706	0.02423	0.01590	0.14346	0.11443	0.21064	0.03102	0.02936	0.02153	0.01257	0.00966	0.00341	0.00948	0.00937	0.01045	0.01623
2	0.50935	0.09160	0.02351	0.01662	0.02399	0.02815	0.01407	0.11193	0.02440	0.04955	0.01701	0.01909	0.01318	0.01052	0.00747	0.00324	0.00940	0.00655	0.00720	0.01318
3	0.09669	0.01830	0.01995	0.01782	0.02293	0.01938	0.01384	0.09865	0.15617	0.08744	0.13493	0.12672	0.10428	0.01932	0.01148	0.00363	0.00785	0.01620	0.01072	0.01370
4	0.02346	0.01826	0.07679	0.02123	0.06386	0.01386	0.01636	0.02816	0.02619	0.14738	0.16055	0.21979	0.09535	0.02205	0.01233	0.00372	0.00821	0.01939	0.01031	0.01275
5	0.02912	0.01526	0.01960	0.05502	0.02459	0.01480	0.01377	0.07225	0.02947	0.20267	0.16088	0.10559	0.04854	0.01737	0.01107	0.00334	0.00775	0.01479	0.14063	0.01351
6	0.14260	0.02243	0.02526	0.09627	0.03385	0.02512	0.01824	0.09744	0.24077	0.13314	0.03401	0.03315	0.02457	0.01309	0.01030	0.00353	0.00985	0.01041	0.00993	0.01602
7	0.02121	0.01601	0.01871	0.01763	0.02093	0.01703	0.01304	0.10542	0.11815	0.03940	0.12683	0.21755	0.05424	0.09571	0.06168	0.00568	0.00976	0.01904	0.01000	0.01200

[dist]
# distance from previous block
# <min> <max>
4	14

[block]
# block no. 10 follows, 12 sequences, length 6
# corresponding to MSA columns:
# 286-291
name=unknown_K
#
# <colnr> <probs for GDERKNQSTAVLIFYWHMCP>
#	G	D	E	R	K	N	Q	S	T	A	V	L	I	F	Y	W	H	M	C	P
0	0.02376	0.02262	0.03844	0.33077	0.31013	0.02506	0.03186	0.03064	0.02330	0.03171	0.01994	0.02804	0.01589	0.01031	0.01085	0.00344	0.01375	0.00970	0.00512	0.01467
1	0.07014	0.01531	0.01757	0.01560	0.01997	0.01530	0.01180	0.03390	0.11235	0.14793	0.15115	0.05753	0.08788	0.11880	0.01854	0.00462	0.00779	0.01447	0.06673	0.01262
2	0.01626	0.01230	0.01541	0.01709	0.01893	0.01250	0.01242	0.02352	0.10771	0.03155	0.05708	0.44190	0.06416	0.03028	0.01361	0.00439	0.00726	0.09290	0.01027	0.01045
3	0.02197	0.01338	0.01368	0.01308	0.01650	0.01427	0.00996	0.03329	0.14556	0.04185	0.03770	0.04066	0.02924	0.01321	0.00846	0.00282	0.00594	0.01069	0.51586	0.01188
4	0.02268	0.01408	0.01798	0.01750	0.02007	0.01449	0.01326	0.02752	0.06351	0.11481	0.04497	0.16321	0.04616	0.19626	0.02697	0.00614	0.04817	0.12190	0.00936	0.01095
5	0.14764	0.09911	0.09128	0.02048	0.02913	0.02446	0.01881	0.04593	0.14168	0.22502	0.03238	0.03055	0.02269	0.01233	0.00972	0.00333	0.01009	0.00944	0.00965	0.01626

[dist]
# distance from previous block
# <min> <max>
3	7

[block]
# block no. 11 follows, 12 sequences, length 22
# corresponding to MSA columns:
# 299-320
name=unknown_L
#
# <colnr> <probs for GDERKNQSTAVLIFYWHMCP>
#	G	D	E	R	K	N	Q	S	T	A	V	L	I	F	Y	W	H	M	C	P
0	0.07870	0.11712	0.03590	0.15780	0.04278	0.20153	0.06225	0.03863	0.06673	0.06764	0.02159	0.02516	0.01667	0.01108	0.00989	0.00316	0.01480	0.00859	0.00637	0.01361
1	0.01538	0.01201	0.01624	0.09283	0.02447	0.01187	0.01325	0.01965	0.02582	0.03447	0.24349	0.19871	0.16135	0.02501	0.01302	0.00386	0.00718	0.06126	0.01010	0.01000
2	0.02163	0.01251	0.01592	0.01530	0.01898	0.01138	0.01173	0.02499	0.02515	0.14470	0.11052	0.19568	0.20249	0.03117	0.06936	0.00525	0.00919	0.05211	0.01058	0.01137
3	0.01592	0.01161	0.01618	0.07311	0.02279	0.01196	0.01315	0.02012	0.02386	0.03349	0.18898	0.22475	0.06397	0.03362	0.09887	0.00597	0.01053	0.05749	0.06370	0.00994
4	0.02206	0.01676	0.01920	0.01747	0.02158	0.01741	0.01333	0.13180	0.10358	0.04452	0.20877	0.18240	0.11222	0.02236	0.01242	0.00368	0.00744	0.01932	0.01103	0.01266
5	0.69383	0.02109	0.01603	0.01434	0.02109	0.02446	0.01181	0.03205	0.01856	0.04892	0.01518	0.01771	0.01181	0.01012	0.00675	0.00337	0.00843	0.00590	0.00675	0.01181
6	0.07596	0.01414	0.01825	0.01658	0.02011	0.01450	0.05058	0.05787	0.02442	0.03874	0.07864	0.16587	0.04086	0.02471	0.06706	0.00475	0.00963	0.01553	0.25084	0.01094
7	0.02291	0.13726	0.48855	0.02931	0.04445	0.02786	0.03720	0.03426	0.02290	0.03326	0.01894	0.02223	0.01384	0.01021	0.00988	0.00329	0.01548	0.00774	0.00461	0.01581
8	0.29874	0.37909	0.04046	0.01691	0.02519	0.03557	0.01588	0.03241	0.02070	0.03509	0.01517	0.01758	0.01311	0.00965	0.00690	0.00275	0.01035	0.00586	0.00551	0.01311
9	0.69383	0.02109	0.01603	0.01434	0.02109	0.02446	0.01181	0.03205	0.01856	0.04892	0.01518	0.01771	0.01181	0.01012	0.00675	0.00337	0.00843	0.00590	0.00675	0.01181
10	0.03531	0.27042	0.04198	0.02225	0.03101	0.03706	0.01961	0.28131	0.07786	0.04939	0.02317	0.02382	0.01788	0.01170	0.00934	0.00293	0.01159	0.00840	0.00839	0.01659
11	0.01448	0.01041	0.01372	0.01437	0.01608	0.00965	0.01021	0.01819	0.02644	0.03669	0.32919	0.31536	0.08926	0.02755	0.01333	0.00387	0.00567	0.02471	0.01117	0.00965
12	0.02194	0.01685	0.02474	0.18692	0.07893	0.01917	0.01966	0.02647	0.02246	0.07269	0.06970	0.09283	0.06542	0.06554	0.01827	0.00425	0.09379	0.01377	0.07481	0.01178
13	0.12303	0.01436	0.01639	0.01538	0.01941	0.01423	0.01168	0.02840	0.06781	0.11289	0.20204	0.17899	0.11031	0.02168	0.01175	0.00368	0.00682	0.01854	0.01075	0.01186
14	0.01713	0.01026	0.01485	0.01506	0.01571	0.01080	0.01050	0.01606	0.01594	0.02185	0.02705	0.08801	0.02799	0.10930	0.20337	0.35570	0.01533	0.01258	0.00571	0.00679
15	0.03091	0.53882	0.05365	0.01957	0.02882	0.04181	0.01895	0.10108	0.02631	0.03179	0.01673	0.01873	0.01464	0.00986	0.00755	0.00247	0.01171	0.00640	0.00555	0.01464
16	0.02869	0.01784	0.02085	0.01838	0.02381	0.01810	0.01428	0.07795	0.17315	0.17184	0.08915	0.14483	0.11464	0.01988	0.01189	0.00368	0.00800	0.01691	0.01145	0.01467
17	0.02158	0.02075	0.03558	0.43435	0.06560	0.02330	0.09316	0.02877	0.02245	0.02992	0.01975	0.02820	0.01504	0.01026	0.01077	0.00335	0.01414	0.00966	0.00517	0.10822
18	0.03089	0.10898	0.07151	0.02099	0.02843	0.02443	0.01865	0.08195	0.17450	0.15329	0.08785	0.04529	0.03598	0.01533	0.01093	0.00347	0.00985	0.05177	0.01016	0.01575
19	0.29501	0.07884	0.13609	0.01966	0.02930	0.02461	0.01948	0.06707	0.02377	0.08767	0.01993	0.02183	0.01486	0.01030	0.00838	0.00303	0.01057	0.00715	0.00696	0.11549
20	0.25471	0.10279	0.02606	0.01721	0.02503	0.02341	0.01452	0.07506	0.02607	0.16171	0.05787	0.02778	0.02281	0.01152	0.00870	0.00296	0.00909	0.00837	0.00866	0.11566
21	0.14552	0.02913	0.17161	0.02469	0.07461	0.02133	0.02217	0.03588	0.10061	0.07538	0.10540	0.03638	0.03233	0.01315	0.01005	0.00337	0.01028	0.01060	0.06311	0.01439

[dist]
# distance from previous block
# <min> <max>
1	11

[block]
# block no. 12 follows, 12 sequences, length 16
# corresponding to MSA columns:
# 332-347
name=unknown_M
#
# <colnr> <probs for GDERKNQSTAVLIFYWHMCP>
#	G	D	E	R	K	N	Q	S	T	A	V	L	I	F	Y	W	H	M	C	P
0	0.07600	0.02203	0.02815	0.16554	0.04028	0.02497	0.05285	0.13183	0.15789	0.04446	0.02947	0.03243	0.02211	0.01243	0.01028	0.00340	0.01090	0.01040	0.11003	0.01456
1	0.01479	0.01173	0.01294	0.01295	0.01607	0.01072	0.00952	0.01938	0.06411	0.03138	0.14133	0.15192	0.35964	0.02753	0.01504	0.05347	0.00611	0.02175	0.01002	0.00959
2	0.02567	0.03237	0.18625	0.02294	0.03168	0.06177	0.02268	0.07266	0.10542	0.07331	0.11569	0.08270	0.03769	0.01521	0.01103	0.00335	0.01123	0.01259	0.00856	0.06717
3	0.02613	0.02916	0.07952	0.17366	0.29015	0.08036	0.03092	0.03242	0.02364	0.03179	0.01908	0.02605	0.01571	0.01130	0.01366	0.00348	0.08359	0.00929	0.00516	0.01493
4	0.04469	0.01748	0.02380	0.01890	0.02641	0.01517	0.01532	0.04863	0.02998	0.49356	0.04505	0.10513	0.03235	0.01595	0.01132	0.00350	0.00893	0.01334	0.01309	0.01740
5	0.02385	0.02385	0.03340	0.02863	0.02863	0.03340	0.02385	0.02624	0.01670	0.02624	0.01431	0.02385	0.01431	0.01908	0.03578	0.00477	0.59685	0.00954	0.00477	0.01193
6	0.13417	0.02715	0.07783	0.02477	0.08665	0.08468	0.01898	0.03472	0.02516	0.11404	0.06266	0.02873	0.02344	0.01109	0.00940	0.00280	0.01080	0.00866	0.00757	0.20670
7	0.03433	0.03004	0.03396	0.02716	0.03500	0.08388	0.08456	0.24545	0.21111	0.05208	0.03100	0.03098	0.02293	0.01298	0.01113	0.00343	0.01244	0.01082	0.00973	0.01701
8	0.02059	0.01938	0.03270	0.59060	0.07510	0.02422	0.03028	0.02786	0.02180	0.02786	0.01938	0.02907	0.01453	0.01090	0.01090	0.00363	0.01453	0.00969	0.00484	0.01211
9	0.01476	0.01112	0.01364	0.01301	0.01587	0.01000	0.00976	0.01927	0.02927	0.03993	0.42814	0.08769	0.22015	0.02370	0.01287	0.00350	0.00524	0.02059	0.01150	0.01000
10	0.02158	0.02039	0.03448	0.50991	0.14809	0.02448	0.03077	0.02872	0.02227	0.02905	0.01955	0.02875	0.01496	0.01072	0.01088	0.00357	0.01429	0.00969	0.00493	0.01291
11	0.40156	0.01885	0.01739	0.01515	0.02142	0.02054	0.01228	0.03682	0.06128	0.14217	0.02628	0.02721	0.01919	0.01157	0.00803	0.00325	0.00801	0.00811	0.12769	0.01320
12	0.01465	0.01069	0.01400	0.01572	0.01747	0.01004	0.01181	0.01793	0.02392	0.03167	0.13946	0.34928	0.12774	0.03058	0.01393	0.00434	0.00699	0.13999	0.01039	0.00941
13	0.03648	0.02060	0.08247	0.01934	0.02681	0.01534	0.01718	0.04151	0.02900	0.35573	0.11945	0.11038	0.04256	0.01695	0.01154	0.00352	0.00906	0.01437	0.01186	0.01585
