[name]
unknown

[dist]
# distance from previous block
# <min> <max>
0	123

[block]
# block no. 0 follows, 13 sequences, length 42
# corresponding to MSA columns:
# 146-187
name=unknown_A
#
# <colnr> <probs for GDERKNQSTAVLIFYWHMCP>
#	G	D	E	R	K	N	Q	S	T	A	V	L	I	F	Y	W	H	M	C	P
0	0.01366	0.01062	0.01242	0.01226	0.01507	0.00938	0.00908	0.01733	0.02643	0.03478	0.30935	0.13751	0.30421	0.02497	0.01257	0.00352	0.00526	0.02154	0.01065	0.00938
1	0.02082	0.01736	0.01897	0.01741	0.02200	0.01881	0.01339	0.03916	0.31217	0.04117	0.20062	0.06086	0.13679	0.01844	0.01153	0.00351	0.00691	0.01569	0.01086	0.01353
2	0.01303	0.00932	0.01240	0.01462	0.01537	0.00869	0.00983	0.01510	0.02094	0.02810	0.09410	0.58254	0.07207	0.03230	0.01342	0.00422	0.00605	0.02927	0.00995	0.00869
3	0.01510	0.01133	0.01699	0.01699	0.01888	0.01322	0.01322	0.01888	0.01699	0.02454	0.02832	0.04154	0.02643	0.07930	0.58652	0.01699	0.02832	0.01133	0.00566	0.00944
4	0.02496	0.02852	0.06239	0.04456	0.05526	0.02674	0.52406	0.03387	0.02496	0.03387	0.02139	0.02852	0.01604	0.00891	0.01248	0.00357	0.01783	0.01248	0.00535	0.01426
5	0.01510	0.01133	0.01699	0.01699	0.01888	0.01322	0.01322	0.01888	0.01699	0.02454	0.02832	0.04154	0.02643	0.07930	0.58652	0.01699	0.02832	0.01133	0.00566	0.00944
6	0.02452	0.32716	0.33022	0.02448	0.03701	0.03267	0.02921	0.03263	0.02193	0.02944	0.01697	0.01980	0.01348	0.00958	0.00851	0.00284	0.01360	0.00680	0.00449	0.01466
7	0.01678	0.01374	0.01531	0.01433	0.01705	0.05263	0.01075	0.02160	0.02993	0.04118	0.51685	0.07454	0.09338	0.02082	0.01225	0.00328	0.00603	0.01821	0.01118	0.01015
8	0.01971	0.00985	0.00985	0.00985	0.01232	0.00985	0.00739	0.02464	0.02217	0.03942	0.03449	0.03942	0.02710	0.01232	0.00739	0.00246	0.00493	0.00985	0.68712	0.00985
9	0.02192	0.01879	0.02192	0.01566	0.02506	0.01409	0.01253	0.02662	0.02192	0.03445	0.01879	0.02192	0.01566	0.00783	0.00783	0.00157	0.00783	0.00626	0.00626	0.69305
10	0.01531	0.01051	0.01286	0.01286	0.01331	0.01097	0.00806	0.01623	0.01577	0.02148	0.03210	0.06248	0.03553	0.49519	0.18306	0.01189	0.01463	0.01439	0.00623	0.00714
11	0.01971	0.00985	0.00985	0.00985	0.01232	0.00985	0.00739	0.02464	0.02217	0.03942	0.03449	0.03942	0.02710	0.01232	0.00739	0.00246	0.00493	0.00985	0.68712	0.00985
12	0.02758	0.02598	0.01785	0.01677	0.02042	0.23906	0.01258	0.03163	0.02527	0.03403	0.02727	0.03132	0.02174	0.01175	0.00824	0.00257	0.01055	0.00864	0.41591	0.01081
13	0.02617	0.02512	0.04292	0.06490	0.56246	0.02512	0.03245	0.03245	0.02407	0.03454	0.01989	0.02617	0.01675	0.00942	0.01047	0.00314	0.01256	0.00942	0.00523	0.01675
14	0.01496	0.01081	0.01413	0.01330	0.01580	0.00998	0.00998	0.01995	0.02993	0.04240	0.55689	0.07898	0.09976	0.02162	0.01247	0.00333	0.00499	0.01912	0.01164	0.00998
15	0.02522	0.02415	0.04119	0.14761	0.48721	0.02487	0.03197	0.03161	0.02362	0.03339	0.01972	0.02648	0.01634	0.00960	0.01048	0.00320	0.01280	0.00942	0.00515	0.01598
16	0.04744	0.01799	0.02454	0.01881	0.02699	0.01554	0.01554	0.05153	0.03026	0.56979	0.04171	0.03599	0.02617	0.01309	0.01063	0.00327	0.00900	0.01063	0.01309	0.01799
17	0.01885	0.01255	0.01766	0.01577	0.01764	0.01226	0.05385	0.02043	0.01807	0.07137	0.03471	0.10644	0.03709	0.42883	0.08234	0.00904	0.01180	0.01562	0.00713	0.00854
18	0.01288	0.00920	0.01227	0.01472	0.01534	0.00859	0.00981	0.01472	0.02024	0.02699	0.05828	0.62152	0.06993	0.03312	0.01350	0.00429	0.00613	0.03006	0.00981	0.00859
19	0.02827	0.63478	0.05540	0.01809	0.02714	0.04184	0.01809	0.03166	0.02148	0.02488	0.01470	0.01696	0.01357	0.00905	0.00678	0.00226	0.01131	0.00565	0.00452	0.01357
20	0.01515	0.01115	0.01610	0.01610	0.01769	0.01273	0.01211	0.01831	0.01673	0.02389	0.02913	0.04603	0.02839	0.16860	0.49989	0.01590	0.02538	0.01199	0.00578	0.00895
21	0.01897	0.01714	0.02477	0.06508	0.02665	0.02241	0.01869	0.02214	0.01722	0.02536	0.02360	0.08342	0.02358	0.04207	0.23848	0.00916	0.29337	0.01189	0.00548	0.01052
22	0.19062	0.02564	0.03440	0.08845	0.35164	0.07142	0.02614	0.03254	0.02288	0.03639	0.01826	0.02355	0.01501	0.00972	0.00945	0.00317	0.01215	0.00831	0.00553	0.01473
23	0.01393	0.01106	0.01264	0.01339	0.01587	0.01025	0.00959	0.01860	0.06422	0.03017	0.11477	0.30659	0.28452	0.02800	0.01276	0.00385	0.00589	0.02441	0.01002	0.00949
24	0.02418	0.01872	0.02216	0.01594	0.02523	0.01422	0.01280	0.02883	0.02266	0.08187	0.02082	0.02317	0.01659	0.00830	0.00808	0.00172	0.00793	0.00665	0.00687	0.63326
25	0.01510	0.01133	0.01699	0.01699	0.01888	0.01322	0.01322	0.01888	0.01699	0.02454	0.02832	0.04154	0.02643	0.07930	0.58652	0.01699	0.02832	0.01133	0.00566	0.00944
26	0.02528	0.26370	0.03763	0.19201	0.03963	0.02943	0.02018	0.03381	0.10237	0.06262	0.03017	0.03248	0.06581	0.01214	0.00927	0.00302	0.01101	0.00953	0.00654	0.01337
27	0.01936	0.01318	0.01532	0.01403	0.01732	0.01331	0.01073	0.06658	0.07575	0.04377	0.32572	0.06031	0.06732	0.01771	0.01079	0.00310	0.00583	0.01518	0.19345	0.01122
28	0.01459	0.01079	0.01361	0.01290	0.01556	0.00981	0.00968	0.01922	0.02903	0.04027	0.48775	0.08248	0.17022	0.02241	0.01247	0.00336	0.00504	0.01961	0.01136	0.00981
29	0.02121	0.05469	0.57364	0.03014	0.04576	0.02455	0.03906	0.03348	0.02232	0.03348	0.01897	0.02232	0.01339	0.01005	0.01005	0.00335	0.01563	0.00781	0.00446	0.01563
30	0.01496	0.01081	0.01413	0.01330	0.01580	0.00998	0.00998	0.01995	0.02993	0.04240	0.55689	0.07898	0.09976	0.02162	0.01247	0.00333	0.00499	0.01912	0.01164	0.00998
31	0.03956	0.04852	0.03012	0.02698	0.03270	0.53612	0.02040	0.08593	0.03174	0.02955	0.01716	0.01964	0.01401	0.01106	0.00963	0.00276	0.01840	0.00705	0.00591	0.01277
32	0.02192	0.01879	0.02192	0.01566	0.02506	0.01409	0.01253	0.02662	0.02192	0.03445	0.01879	0.02192	0.01566	0.00783	0.00783	0.00157	0.00783	0.00626	0.00626	0.69305
33	0.01321	0.00944	0.01265	0.01510	0.01586	0.00887	0.01039	0.01529	0.02057	0.02736	0.05809	0.58161	0.06921	0.03281	0.01358	0.00434	0.00642	0.06671	0.00981	0.00868
34	0.02511	0.02151	0.02287	0.02091	0.02641	0.02472	0.01612	0.05250	0.49685	0.04270	0.04439	0.09121	0.03562	0.01601	0.01100	0.00365	0.00817	0.01356	0.01067	0.01601
35	0.02617	0.02512	0.04292	0.06490	0.56246	0.02512	0.03245	0.03245	0.02407	0.03454	0.01989	0.02617	0.01675	0.00942	0.01047	0.00314	0.01256	0.00942	0.00523	0.01675
36	0.24183	0.02356	0.02573	0.02349	0.07518	0.02541	0.01740	0.19876	0.07506	0.15430	0.02629	0.02619	0.01867	0.01173	0.00936	0.00325	0.00987	0.00877	0.00937	0.01577
37	0.02154	0.05233	0.52756	0.03144	0.04662	0.02475	0.08277	0.03352	0.02256	0.03352	0.01919	0.02288	0.01363	0.00994	0.01026	0.00337	0.01582	0.00823	0.00454	0.01550
38	0.01280	0.00953	0.01193	0.01384	0.01510	0.00866	0.00943	0.01482	0.02109	0.02733	0.06896	0.50783	0.17673	0.03174	0.01328	0.00414	0.00596	0.02836	0.00982	0.00866
39	0.19143	0.02477	0.03441	0.04566	0.34101	0.02610	0.02527	0.11718	0.02702	0.04316	0.01959	0.02387	0.01569	0.01008	0.00954	0.00318	0.01135	0.00855	0.00647	0.01569
40	0.01843	0.01097	0.01746	0.01598	0.01687	0.01082	0.05166	0.01571	0.01497	0.02000	0.02105	0.03786	0.02143	0.13055	0.04095	0.52412	0.01008	0.01046	0.00495	0.00569
41	0.03429	0.02514	0.02737	0.02158	0.02843	0.02744	0.01742	0.40744	0.04384	0.05911	0.10683	0.03718	0.03212	0.06538	0.01447	0.00379	0.01051	0.01147	0.01039	0.01580

[dist]
# distance from previous block
# <min> <max>
0	2

[block]
# block no. 1 follows, 13 sequences, length 32
# corresponding to MSA columns:
# 190-201,204-223
name=unknown_B
#
# <colnr> <probs for GDERKNQSTAVLIFYWHMCP>
#	G	D	E	R	K	N	Q	S	T	A	V	L	I	F	Y	W	H	M	C	P
0	0.12430	0.06840	0.27126	0.02595	0.03746	0.02644	0.05958	0.14152	0.02846	0.08846	0.02167	0.02358	0.01540	0.01072	0.00971	0.00325	0.01307	0.00833	0.00688	0.01556
1	0.01574	0.01091	0.01636	0.01636	0.01788	0.01243	0.01243	0.01788	0.01636	0.02334	0.02638	0.03970	0.02486	0.07098	0.47998	0.14897	0.02458	0.01091	0.00545	0.00849
2	0.02409	0.02300	0.03917	0.24500	0.39858	0.02458	0.03142	0.03063	0.02309	0.03202	0.01952	0.02684	0.01586	0.00981	0.01050	0.00327	0.01307	0.00941	0.00505	0.01507
3	0.02617	0.02512	0.04292	0.06490	0.56246	0.02512	0.03245	0.03245	0.02407	0.03454	0.01989	0.02617	0.01675	0.00942	0.01047	0.00314	0.01256	0.00942	0.00523	0.01675
4	0.01496	0.01081	0.01413	0.01330	0.01580	0.00998	0.00998	0.01995	0.02993	0.04240	0.55689	0.07898	0.09976	0.02162	0.01247	0.00333	0.00499	0.01912	0.01164	0.00998
5	0.02192	0.01879	0.02192	0.01566	0.02506	0.01409	0.01253	0.02662	0.02192	0.03445	0.01879	0.02192	0.01566	0.00783	0.00783	0.00157	0.00783	0.00626	0.00626	0.69305
6	0.01419	0.01078	0.01306	0.01249	0.01532	0.00965	0.00937	0.01846	0.02811	0.03807	0.41629	0.08610	0.24306	0.02323	0.01248	0.00340	0.00510	0.02012	0.01107	0.00965
7	0.01967	0.01164	0.01522	0.01433	0.01743	0.01053	0.01072	0.02370	0.02758	0.12430	0.33965	0.18653	0.11140	0.02296	0.01239	0.00353	0.00590	0.02022	0.01138	0.01093
8	0.01958	0.01648	0.02220	0.02675	0.13704	0.01683	0.01669	0.02983	0.14295	0.03678	0.17209	0.14082	0.10378	0.02003	0.01196	0.00362	0.00795	0.05249	0.00947	0.01266
9	0.01450	0.01053	0.01379	0.01448	0.01648	0.00983	0.01087	0.01838	0.02584	0.03531	0.30429	0.24743	0.11491	0.02651	0.01310	0.00386	0.00607	0.09368	0.01069	0.00946
10	0.12340	0.54818	0.04978	0.01750	0.02619	0.03928	0.01716	0.03158	0.02099	0.02806	0.01470	0.01699	0.01327	0.00915	0.00675	0.00240	0.01087	0.00566	0.00481	0.01327
11	0.41043	0.19699	0.11219	0.01756	0.02619	0.02890	0.01753	0.03161	0.01963	0.03901	0.01537	0.01790	0.01234	0.00964	0.00715	0.00300	0.01019	0.00603	0.00566	0.01268
12	0.02183	0.05098	0.50707	0.03450	0.11057	0.02463	0.03823	0.03335	0.02254	0.03362	0.01909	0.02281	0.01381	0.00997	0.01010	0.00332	0.01524	0.00801	0.00456	0.01577
13	0.02483	0.02152	0.04048	0.03483	0.11152	0.02011	0.24001	0.03143	0.02651	0.10262	0.14625	0.04568	0.07722	0.01363	0.01196	0.00342	0.01224	0.01401	0.00801	0.01374
14	0.01563	0.01187	0.01460	0.01466	0.01697	0.01185	0.01063	0.02224	0.08909	0.03418	0.23558	0.21627	0.11738	0.07024	0.06481	0.00529	0.00812	0.02051	0.01000	0.01007
15	0.03216	0.03525	0.02510	0.02284	0.02761	0.34676	0.01733	0.03754	0.06782	0.06405	0.10434	0.03370	0.03066	0.02152	0.08252	0.00471	0.01661	0.00990	0.00732	0.01226
16	0.08569	0.51049	0.04890	0.01889	0.02728	0.10858	0.01783	0.03294	0.02226	0.02687	0.01491	0.01724	0.01340	0.00934	0.00711	0.00240	0.01202	0.00580	0.00481	0.01323
17	0.04019	0.02962	0.03173	0.02433	0.03279	0.03279	0.02010	0.52721	0.04971	0.06663	0.02538	0.02538	0.01798	0.01269	0.01058	0.00317	0.01163	0.00952	0.01058	0.01798
18	0.03678	0.02720	0.03053	0.09888	0.07400	0.07531	0.02112	0.26969	0.07722	0.14050	0.02755	0.02815	0.01953	0.01223	0.01050	0.00322	0.01195	0.00964	0.00946	0.01652
19	0.03555	0.09479	0.02765	0.01901	0.02507	0.02027	0.01595	0.03945	0.02705	0.32556	0.12865	0.03961	0.03628	0.01493	0.01399	0.00335	0.09593	0.01136	0.01052	0.01503
20	0.01250	0.01071	0.01071	0.01071	0.01428	0.00893	0.00803	0.01517	0.02410	0.02856	0.10711	0.10175	0.55817	0.02678	0.01250	0.00357	0.00536	0.02231	0.00982	0.00893
21	0.01375	0.01106	0.01245	0.01295	0.01616	0.00976	0.01027	0.01712	0.02464	0.03042	0.13266	0.10390	0.40550	0.02691	0.01298	0.00385	0.00633	0.13014	0.00995	0.00920
22	0.09579	0.02734	0.02796	0.07851	0.03394	0.09627	0.01905	0.23633	0.07549	0.16278	0.02757	0.02752	0.01936	0.01223	0.01012	0.00321	0.01169	0.00927	0.00957	0.01600
23	0.02046	0.03144	0.22654	0.30060	0.05469	0.02292	0.03028	0.03093	0.06130	0.03198	0.06706	0.03128	0.02258	0.01161	0.01056	0.00345	0.01344	0.00985	0.00566	0.01338
24	0.01355	0.00969	0.01296	0.01500	0.01603	0.00911	0.01054	0.01607	0.02186	0.02937	0.12059	0.50476	0.07279	0.03130	0.01347	0.00423	0.00634	0.07342	0.01004	0.00887
25	0.03418	0.19996	0.08698	0.02068	0.02936	0.02752	0.01913	0.07728	0.14322	0.21006	0.03097	0.02927	0.02214	0.01189	0.00950	0.00305	0.01034	0.00915	0.00911	0.01621
26	0.03359	0.02684	0.13755	0.03073	0.14319	0.02006	0.02358	0.04234	0.07711	0.26512	0.06526	0.03423	0.02687	0.01237	0.01061	0.00329	0.01076	0.01048	0.00939	0.01663
27	0.02235	0.11092	0.18223	0.27761	0.05167	0.02570	0.02823	0.06261	0.02420	0.03251	0.06513	0.02927	0.02148	0.01132	0.01009	0.00327	0.01319	0.00931	0.00561	0.01332
28	0.01626	0.01337	0.01437	0.01449	0.01668	0.05032	0.01059	0.01954	0.02495	0.03267	0.25246	0.16779	0.14159	0.10973	0.01847	0.00460	0.00742	0.06574	0.00973	0.00924
29	0.12589	0.14939	0.07805	0.12546	0.08747	0.02509	0.02129	0.03513	0.02327	0.15411	0.02268	0.02495	0.01665	0.01037	0.00899	0.00298	0.01106	0.00803	0.00697	0.06216
30	0.14440	0.02062	0.02883	0.07096	0.18794	0.02016	0.02062	0.03912	0.02522	0.25132	0.02767	0.02849	0.01942	0.01092	0.00972	0.00313	0.01018	0.00908	0.00864	0.06356
31	0.11899	0.02124	0.02623	0.02154	0.02744	0.02329	0.05491	0.10687	0.13449	0.12755	0.07869	0.03900	0.06781	0.01494	0.01356	0.00354	0.08447	0.01164	0.00936	0.01443

[dist]
# distance from previous block
# <min> <max>
6	60

[block]
# block no. 2 follows, 13 sequences, length 43
# corresponding to MSA columns:
# 289-331
name=unknown_C
#
# <colnr> <probs for GDERKNQSTAVLIFYWHMCP>
#	G	D	E	R	K	N	Q	S	T	A	V	L	I	F	Y	W	H	M	C	P
0	0.19752	0.02252	0.02649	0.02138	0.02877	0.02373	0.06073	0.15446	0.10009	0.11756	0.02897	0.03435	0.02255	0.01290	0.00990	0.00332	0.01009	0.04835	0.00908	0.06722
1	0.08828	0.02671	0.07538	0.07045	0.15479	0.02527	0.06762	0.14722	0.07192	0.07992	0.02399	0.02667	0.01791	0.01080	0.01012	0.00315	0.01180	0.00930	0.00755	0.07115
2	0.08661	0.02024	0.03039	0.02591	0.07383	0.01910	0.10262	0.07295	0.02869	0.27617	0.07435	0.04038	0.07315	0.01357	0.01090	0.00333	0.01032	0.01199	0.01006	0.01541
3	0.08398	0.06595	0.07244	0.02436	0.07516	0.02362	0.01947	0.14195	0.07069	0.09115	0.02777	0.03462	0.02257	0.02172	0.08839	0.00505	0.01307	0.04298	0.00804	0.06701
4	0.03161	0.02159	0.06189	0.02302	0.07042	0.01900	0.01775	0.12021	0.06613	0.20814	0.04220	0.12022	0.07518	0.01628	0.01096	0.00333	0.00936	0.01372	0.01007	0.05889
5	0.02924	0.03890	0.30934	0.03017	0.08721	0.02397	0.03024	0.07715	0.02596	0.15508	0.02420	0.02605	0.01697	0.01163	0.01244	0.00341	0.06612	0.00886	0.00697	0.01609
6	0.08317	0.08405	0.23506	0.07851	0.20175	0.02487	0.02991	0.03129	0.02291	0.03456	0.05997	0.02741	0.02098	0.01068	0.00982	0.00320	0.01273	0.00893	0.00546	0.01472
7	0.02121	0.05469	0.57364	0.03014	0.04576	0.02455	0.03906	0.03348	0.02232	0.03348	0.01897	0.02232	0.01339	0.01005	0.01005	0.00335	0.01563	0.00781	0.00446	0.01563
8	0.02226	0.09363	0.31815	0.06855	0.03802	0.02216	0.02813	0.03108	0.02443	0.07287	0.14104	0.03599	0.03379	0.01281	0.01037	0.00325	0.01224	0.01048	0.00672	0.01404
9	0.02621	0.02940	0.17339	0.03536	0.18613	0.02160	0.02657	0.03698	0.10425	0.11045	0.03189	0.07735	0.02686	0.01411	0.01097	0.00350	0.01155	0.05026	0.00767	0.01549
10	0.01837	0.00918	0.01377	0.01377	0.01377	0.00918	0.00918	0.01377	0.01377	0.01837	0.01837	0.03214	0.01837	0.03673	0.04132	0.69238	0.00918	0.00918	0.00459	0.00459
11	0.02189	0.01692	0.02557	0.37804	0.05176	0.01990	0.02213	0.02941	0.05907	0.06764	0.02580	0.03502	0.02043	0.06902	0.01417	0.00398	0.01162	0.01029	0.10557	0.01177
12	0.02572	0.02197	0.03679	0.27225	0.31983	0.02358	0.02966	0.03209	0.02350	0.08160	0.02150	0.02788	0.01658	0.01022	0.01052	0.00330	0.01283	0.00952	0.00576	0.01490
13	0.01837	0.00918	0.01377	0.01377	0.01377	0.00918	0.00918	0.01377	0.01377	0.01837	0.01837	0.03214	0.01837	0.03673	0.04132	0.69238	0.00918	0.00918	0.00459	0.00459
14	0.01496	0.01081	0.01413	0.01330	0.01580	0.00998	0.00998	0.01995	0.02993	0.04240	0.55689	0.07898	0.09976	0.02162	0.01247	0.00333	0.00499	0.01912	0.01164	0.00998
15	0.02827	0.63478	0.05540	0.01809	0.02714	0.04184	0.01809	0.03166	0.02148	0.02488	0.01470	0.01696	0.01357	0.00905	0.00678	0.00226	0.01131	0.00565	0.00452	0.01357
16	0.02799	0.17991	0.32186	0.02558	0.03792	0.02930	0.02930	0.12093	0.02749	0.07506	0.02072	0.02260	0.01514	0.01050	0.00944	0.00306	0.01348	0.00782	0.00616	0.01574
17	0.02046	0.01696	0.02820	0.34640	0.13183	0.01955	0.02393	0.02398	0.01944	0.02565	0.01884	0.02903	0.01576	0.01806	0.01957	0.20540	0.01242	0.00934	0.00475	0.01043
18	0.01461	0.00993	0.01176	0.01251	0.01270	0.00974	0.00746	0.01517	0.01688	0.02250	0.04100	0.23934	0.04814	0.44503	0.04139	0.00842	0.00898	0.01990	0.00746	0.00708
19	0.01496	0.01081	0.01413	0.01330	0.01580	0.00998	0.00998	0.01995	0.02993	0.04240	0.55689	0.07898	0.09976	0.02162	0.01247	0.00333	0.00499	0.01912	0.01164	0.00998
20	0.02347	0.02279	0.03612	0.18394	0.23697	0.02749	0.02813	0.02843	0.02034	0.02920	0.01732	0.02551	0.01500	0.01318	0.01975	0.00380	0.24081	0.00935	0.00487	0.01353
21	0.01457	0.01066	0.01367	0.01320	0.01562	0.00976	0.00979	0.01907	0.02857	0.03983	0.47371	0.12902	0.13686	0.02308	0.01256	0.00343	0.00512	0.02037	0.01132	0.00976
22	0.01296	0.00980	0.01198	0.01339	0.01506	0.00882	0.00930	0.01535	0.02230	0.02890	0.11943	0.41591	0.21823	0.03016	0.01310	0.00399	0.00580	0.02673	0.00999	0.00882
23	0.02630	0.02271	0.02391	0.02152	0.02749	0.02630	0.01674	0.05618	0.54336	0.04423	0.04303	0.03945	0.03228	0.01434	0.01076	0.00359	0.00837	0.01195	0.01076	0.01674
24	0.02492	0.01547	0.01945	0.01544	0.02185	0.01280	0.01220	0.02959	0.02695	0.15784	0.23560	0.04753	0.05110	0.01443	0.01028	0.00264	0.00697	0.01230	0.00991	0.27272
25	0.03950	0.05039	0.02996	0.02724	0.03269	0.58597	0.02043	0.04222	0.02996	0.02588	0.01634	0.01907	0.01362	0.01090	0.00953	0.00272	0.01907	0.00681	0.00545	0.01226
26	0.01250	0.01071	0.01071	0.01071	0.01428	0.00893	0.00803	0.01517	0.02410	0.02856	0.10711	0.10175	0.55817	0.02678	0.01250	0.00357	0.00536	0.02231	0.00982	0.00893
27	0.01510	0.01133	0.01699	0.01699	0.01888	0.01322	0.01322	0.01888	0.01699	0.02454	0.02832	0.04154	0.02643	0.07930	0.58652	0.01699	0.02832	0.01133	0.00566	0.00944
28	0.02048	0.01931	0.03263	0.55880	0.11305	0.02362	0.02962	0.02746	0.02138	0.02763	0.01888	0.02802	0.01431	0.01048	0.01056	0.00349	0.01397	0.00940	0.00474	0.01216
29	0.03350	0.03588	0.02734	0.02436	0.03031	0.28109	0.01870	0.09068	0.26736	0.03784	0.02938	0.02897	0.02256	0.01263	0.01019	0.00316	0.01351	0.00941	0.00833	0.01481
30	0.02187	0.01227	0.01662	0.01615	0.01804	0.01231	0.01216	0.05847	0.02050	0.07055	0.03086	0.05540	0.03058	0.07979	0.03120	0.36565	0.00957	0.12282	0.00710	0.00808
31	0.02891	0.10825	0.08420	0.25114	0.04739	0.02601	0.02455	0.07656	0.02526	0.14266	0.02315	0.02705	0.01677	0.01166	0.01198	0.00334	0.06108	0.00899	0.00689	0.01418
32	0.02121	0.05469	0.57364	0.03014	0.04576	0.02455	0.03906	0.03348	0.02232	0.03348	0.01897	0.02232	0.01339	0.01005	0.01005	0.00335	0.01563	0.00781	0.00446	0.01563
33	0.04352	0.02428	0.02843	0.02180	0.03013	0.02487	0.01800	0.30884	0.04078	0.29762	0.03288	0.03025	0.02174	0.01287	0.01060	0.00322	0.01042	0.01003	0.01173	0.01799
34	0.01701	0.01210	0.01848	0.01679	0.01884	0.01187	0.05792	0.01881	0.02074	0.02850	0.17341	0.06063	0.04900	0.16101	0.07953	0.17547	0.01081	0.05335	0.00750	0.00822
35	0.02420	0.08523	0.16742	0.09548	0.15706	0.02693	0.22574	0.03266	0.02354	0.03250	0.01973	0.02564	0.01521	0.00943	0.01086	0.00331	0.01534	0.00994	0.00500	0.01478
36	0.03161	0.02535	0.02690	0.02259	0.02952	0.02878	0.01802	0.23612	0.35478	0.05279	0.03629	0.03408	0.02681	0.01371	0.01069	0.00343	0.00962	0.01102	0.01069	0.01721
37	0.01538	0.01025	0.01153	0.01153	0.01153	0.01025	0.00641	0.01538	0.01538	0.02050	0.03331	0.06919	0.03844	0.62842	0.05382	0.01025	0.01025	0.01538	0.00641	0.00641
38	0.02722	0.45054	0.09484	0.02959	0.14891	0.03667	0.02303	0.03199	0.02213	0.02775	0.01621	0.01947	0.01427	0.00921	0.00788	0.00255	0.01194	0.00668	0.00468	0.01445
39	0.01510	0.01133	0.01699	0.01699	0.01888	0.01322	0.01322	0.01888	0.01699	0.02454	0.02832	0.04154	0.02643	0.07930	0.58652	0.01699	0.02832	0.01133	0.00566	0.00944
40	0.01250	0.01071	0.01071	0.01071	0.01428	0.00893	0.00803	0.01517	0.02410	0.02856	0.10711	0.10175	0.55817	0.02678	0.01250	0.00357	0.00536	0.02231	0.00982	0.00893
41	0.03006	0.02333	0.02510	0.02170	0.02822	0.02636	0.01713	0.12445	0.42937	0.09056	0.04035	0.03711	0.02969	0.01400	0.01072	0.00350	0.00890	0.01149	0.01092	0.01702
42	0.02421	0.04742	0.45277	0.03386	0.11440	0.02383	0.03608	0.03494	0.02326	0.08115	0.02111	0.02406	0.01498	0.01023	0.01015	0.00331	0.01462	0.00828	0.00533	0.01599

[dist]
# distance from previous block
# <min> <max>
0	1

[block]
# block no. 3 follows, 13 sequences, length 44
# corresponding to MSA columns:
# 333-376
name=unknown_D
#
# <colnr> <probs for GDERKNQSTAVLIFYWHMCP>
#	G	D	E	R	K	N	Q	S	T	A	V	L	I	F	Y	W	H	M	C	P
0	0.02490	0.02254	0.03854	0.28708	0.05455	0.02600	0.14254	0.06280	0.02359	0.06730	0.02045	0.02766	0.01557	0.01198	0.01555	0.00370	0.12616	0.01018	0.00578	0.01313
1	0.49971	0.02028	0.01713	0.01542	0.02156	0.02341	0.01242	0.03654	0.14133	0.04616	0.02265	0.02385	0.01736	0.01104	0.00759	0.00329	0.00801	0.00746	0.05221	0.01258
2	0.14031	0.04363	0.02886	0.02842	0.07618	0.45155	0.02008	0.03967	0.02762	0.02993	0.01640	0.01938	0.01355	0.01060	0.00915	0.00284	0.01684	0.00687	0.00560	0.01252
3	0.01608	0.01000	0.01206	0.01206	0.01206	0.01000	0.00706	0.01500	0.01500	0.02000	0.02981	0.06051	0.03374	0.48982	0.05089	0.17003	0.01000	0.01393	0.00598	0.00598
4	0.41862	0.02612	0.02234	0.01862	0.02573	0.07392	0.01519	0.20335	0.02995	0.05226	0.01854	0.02017	0.01389	0.01090	0.00819	0.00319	0.01028	0.00713	0.00784	0.01377
5	0.01754	0.00954	0.01353	0.01353	0.01366	0.00967	0.00889	0.01444	0.01432	0.01922	0.02208	0.04032	0.02300	0.16005	0.08067	0.50793	0.01069	0.01059	0.00503	0.00529
6	0.17897	0.01319	0.01423	0.01326	0.01594	0.01360	0.00936	0.02248	0.02020	0.07038	0.14792	0.05279	0.04308	0.23521	0.02883	0.08233	0.00835	0.01295	0.00791	0.00902
7	0.02858	0.03461	0.22786	0.02874	0.03943	0.02390	0.12027	0.10741	0.07006	0.11882	0.02876	0.03545	0.02194	0.01261	0.01110	0.00350	0.01341	0.05016	0.00773	0.01565
8	0.01997	0.01879	0.03171	0.60301	0.07282	0.02349	0.02936	0.02701	0.02114	0.02701	0.01879	0.02819	0.01409	0.01057	0.01057	0.00352	0.01409	0.00940	0.00470	0.01175
9	0.02269	0.04470	0.38689	0.03272	0.04607	0.02529	0.15580	0.03610	0.08087	0.03477	0.02224	0.02575	0.01614	0.01024	0.01072	0.00343	0.01536	0.00942	0.00538	0.01541
10	0.03740	0.01944	0.02390	0.01935	0.02598	0.01904	0.01554	0.18177	0.03433	0.29740	0.07985	0.12760	0.03637	0.01676	0.01121	0.00341	0.00900	0.01400	0.01173	0.01590
11	0.04173	0.01677	0.02249	0.01766	0.02497	0.01451	0.01444	0.04578	0.02972	0.47932	0.09131	0.04517	0.07701	0.01496	0.01095	0.00330	0.00835	0.01234	0.01269	0.01655
12	0.02227	0.01873	0.03111	0.55411	0.06898	0.02283	0.02821	0.02907	0.02191	0.07245	0.02071	0.02884	0.01511	0.01078	0.01058	0.00350	0.01367	0.00950	0.00540	0.01227
13	0.01742	0.01158	0.01487	0.01437	0.01640	0.01128	0.01039	0.05784	0.02487	0.03389	0.24303	0.15504	0.10016	0.02751	0.02065	0.19823	0.00693	0.01763	0.00911	0.00878
14	0.03275	0.02010	0.02333	0.01894	0.02516	0.02073	0.01525	0.21347	0.07585	0.17251	0.17019	0.04391	0.04300	0.01522	0.01087	0.00322	0.00857	0.01250	0.05922	0.01522
15	0.70310	0.02045	0.01554	0.01390	0.02045	0.02372	0.01145	0.03108	0.01799	0.04744	0.01472	0.01718	0.01145	0.00981	0.00654	0.00327	0.00818	0.00573	0.00654	0.01145
16	0.04663	0.01929	0.02534	0.01942	0.02763	0.01746	0.01605	0.10438	0.03242	0.51388	0.03990	0.03481	0.02526	0.01304	0.01063	0.00326	0.00929	0.01051	0.01281	0.01799
17	0.15241	0.01578	0.01768	0.01551	0.02054	0.01590	0.01221	0.03336	0.09795	0.15465	0.23858	0.05463	0.09519	0.01700	0.01073	0.00336	0.00693	0.01407	0.01072	0.01280
18	0.02430	0.01790	0.02080	0.01928	0.02370	0.01876	0.01561	0.20897	0.03293	0.04340	0.05070	0.19173	0.10203	0.02360	0.01262	0.00396	0.00917	0.15798	0.01008	0.01249
19	0.01704	0.01217	0.01704	0.01947	0.02191	0.01217	0.01704	0.02191	0.02434	0.03164	0.05598	0.11926	0.06085	0.02921	0.01460	0.00487	0.00974	0.49130	0.00974	0.00974
20	0.01678	0.01023	0.01534	0.01534	0.01626	0.01114	0.01114	0.01626	0.01534	0.02137	0.02320	0.03671	0.02229	0.05741	0.30623	0.36421	0.01848	0.01023	0.00511	0.00695
21	0.21571	0.01886	0.02762	0.02195	0.02840	0.01867	0.13184	0.03180	0.02466	0.13949	0.14039	0.08827	0.03908	0.01472	0.01056	0.00344	0.00974	0.01316	0.00886	0.01278
22	0.01338	0.01063	0.01201	0.01191	0.01489	0.00926	0.00884	0.01679	0.02582	0.03322	0.25870	0.13371	0.36246	0.02548	0.01256	0.00354	0.00529	0.02180	0.01045	0.00926
23	0.19640	0.02597	0.02701	0.02117	0.02915	0.02844	0.01748	0.34965	0.03977	0.12703	0.02499	0.02483	0.01751	0.01207	0.00964	0.00321	0.01049	0.00877	0.00996	0.01645
24	0.21418	0.02298	0.03344	0.10078	0.19920	0.02623	0.06635	0.03009	0.02045	0.03532	0.01717	0.02343	0.01430	0.01155	0.01471	0.00357	0.13882	0.00861	0.00542	0.01339
25	0.02227	0.02186	0.03198	0.43503	0.13288	0.07102	0.02808	0.02867	0.02255	0.02831	0.02158	0.03409	0.01799	0.01187	0.01078	0.00351	0.01398	0.04602	0.00522	0.01232
26	0.01464	0.01050	0.01408	0.01530	0.01705	0.00995	0.01157	0.01837	0.02483	0.03385	0.24460	0.30054	0.07898	0.02789	0.01337	0.00407	0.00655	0.13400	0.01048	0.00938
27	0.01909	0.01655	0.02452	0.13041	0.14431	0.01605	0.01875	0.02347	0.02161	0.03035	0.03382	0.24866	0.03595	0.01814	0.01100	0.00327	0.00932	0.01641	0.00710	0.17121
28	0.02957	0.02354	0.03645	0.04949	0.37763	0.02382	0.02683	0.03991	0.12192	0.12136	0.02767	0.03020	0.02114	0.01092	0.01055	0.00324	0.01121	0.01009	0.00751	0.01694
29	0.02548	0.02442	0.04167	0.12469	0.50806	0.02494	0.03211	0.03184	0.02375	0.03371	0.01977	0.02639	0.01645	0.00955	0.01048	0.00318	0.01273	0.00942	0.00517	0.01619
30	0.01693	0.01413	0.02251	0.23662	0.03910	0.01707	0.01927	0.02193	0.01855	0.02547	0.02475	0.03653	0.02181	0.05354	0.37067	0.01194	0.02299	0.01060	0.00530	0.01030
31	0.44827	0.02145	0.02185	0.01910	0.02319	0.02697	0.01583	0.02897	0.01732	0.03920	0.01441	0.01941	0.01236	0.01307	0.01709	0.00378	0.23338	0.00705	0.00582	0.01149
32	0.27193	0.01438	0.01337	0.01255	0.01697	0.01473	0.00980	0.02232	0.02326	0.03908	0.18436	0.06439	0.23925	0.01914	0.01026	0.00340	0.00632	0.01530	0.00904	0.01013
33	0.01890	0.07974	0.26616	0.02354	0.03359	0.02026	0.07972	0.02652	0.02322	0.03102	0.05195	0.05237	0.21787	0.01611	0.01098	0.00337	0.01169	0.01360	0.00657	0.01281
34	0.44755	0.03328	0.22470	0.01999	0.02993	0.02403	0.02180	0.03198	0.01962	0.04221	0.01632	0.01910	0.01218	0.00990	0.00786	0.00330	0.01097	0.00651	0.00576	0.01302
35	0.02827	0.63478	0.05540	0.01809	0.02714	0.04184	0.01809	0.03166	0.02148	0.02488	0.01470	0.01696	0.01357	0.00905	0.00678	0.00226	0.01131	0.00565	0.00452	0.01357
36	0.01875	0.02832	0.22473	0.02079	0.02822	0.01686	0.02162	0.06266	0.02632	0.03731	0.19778	0.18072	0.05414	0.01929	0.01166	0.00355	0.00975	0.01671	0.00844	0.01238
37	0.01997	0.01879	0.03171	0.60301	0.07282	0.02349	0.02936	0.02701	0.02114	0.02701	0.01879	0.02819	0.01409	0.01057	0.01057	0.00352	0.01409	0.00940	0.00470	0.01175
38	0.02878	0.03033	0.20504	0.02774	0.07474	0.01994	0.06009	0.03785	0.06420	0.18877	0.03386	0.08720	0.02751	0.01460	0.01113	0.00354	0.01181	0.04913	0.00842	0.01532
39	0.03581	0.06908	0.15411	0.02310	0.03283	0.02105	0.05511	0.07903	0.02897	0.29916	0.06847	0.03331	0.02630	0.01241	0.01049	0.00324	0.01117	0.01029	0.00973	0.01634
40	0.01288	0.00920	0.01227	0.01472	0.01534	0.00859	0.00981	0.01472	0.02024	0.02699	0.05828	0.62152	0.06993	0.03312	0.01350	0.00429	0.00613	0.03006	0.00981	0.00859
41	0.01516	0.01113	0.01597	0.01597	0.01750	0.01266	0.01194	0.01822	0.01669	0.02379	0.02926	0.04672	0.02868	0.18230	0.48660	0.01573	0.02493	0.01209	0.00580	0.00887
42	0.03020	0.12336	0.16183	0.07729	0.11867	0.02516	0.05851	0.03855	0.05659	0.16937	0.02588	0.02751	0.01859	0.01080	0.01000	0.00317	0.01238	0.00913	0.00726	0.01575
43	0.03273	0.02675	0.13662	0.02147	0.02999	0.02058	0.02032	0.10912	0.11130	0.22672	0.11477	0.03892	0.03477	0.01392	0.01081	0.00333	0.01000	0.01142	0.01038	0.01607

[dist]
# distance from previous block
# <min> <max>
0	8

[block]
# block no. 4 follows, 13 sequences, length 8
# corresponding to MSA columns:
# 385-392
name=unknown_E
#
# <colnr> <probs for GDERKNQSTAVLIFYWHMCP>
#	G	D	E	R	K	N	Q	S	T	A	V	L	I	F	Y	W	H	M	C	P
0	0.03290	0.01527	0.01904	0.01635	0.02173	0.01443	0.01284	0.04003	0.08986	0.29457	0.04260	0.12512	0.03372	0.01606	0.01029	0.00327	0.00750	0.01352	0.17645	0.01445
1	0.02992	0.23466	0.14452	0.09564	0.03839	0.23277	0.02442	0.03526	0.02467	0.02718	0.01663	0.02015	0.01362	0.01010	0.00888	0.00280	0.01530	0.00695	0.00487	0.01327
2	0.02524	0.29934	0.10905	0.03433	0.19913	0.03115	0.02462	0.03066	0.02189	0.02895	0.01843	0.02336	0.01604	0.01735	0.07491	0.00436	0.01418	0.00776	0.00487	0.01435
3	0.01700	0.00944	0.01306	0.01335	0.01343	0.00937	0.00860	0.01427	0.01493	0.01991	0.02670	0.11151	0.02932	0.17709	0.04096	0.44769	0.00907	0.01316	0.00565	0.00550
4	0.01885	0.01246	0.01606	0.01573	0.01884	0.01212	0.01260	0.02554	0.06498	0.07515	0.31463	0.08167	0.07462	0.02199	0.01248	0.00371	0.00680	0.14633	0.05448	0.01093
5	0.07092	0.24461	0.12432	0.09266	0.07393	0.03120	0.05845	0.09358	0.02572	0.06436	0.01945	0.02260	0.01510	0.01011	0.00903	0.00295	0.01254	0.00790	0.00598	0.01459
6	0.11100	0.04028	0.22615	0.02462	0.03462	0.17050	0.02498	0.04011	0.02587	0.16959	0.02358	0.02435	0.01648	0.01102	0.00966	0.00316	0.01399	0.00803	0.00716	0.01486
7	0.16430	0.01449	0.01705	0.01555	0.02004	0.01406	0.01194	0.03032	0.02464	0.20088	0.13544	0.21938	0.05003	0.02012	0.01101	0.00359	0.00722	0.01714	0.01049	0.01232

[dist]
# distance from previous block
# <min> <max>
2	5

[block]
# block no. 5 follows, 13 sequences, length 7
# corresponding to MSA columns:
# 398-404
name=unknown_F
#
# <colnr> <probs for GDERKNQSTAVLIFYWHMCP>
#	G	D	E	R	K	N	Q	S	T	A	V	L	I	F	Y	W	H	M	C	P
0	0.07101	0.02392	0.03259	0.31125	0.05287	0.06575	0.06447	0.11071	0.02673	0.07003	0.02078	0.02658	0.01543	0.01143	0.01195	0.00345	0.05198	0.00931	0.00640	0.01336
1	0.02698	0.02006	0.03000	0.25005	0.13835	0.02083	0.02335	0.03467	0.06354	0.13143	0.02509	0.02901	0.01847	0.01063	0.01009	0.00306	0.01132	0.00926	0.00709	0.13673
2	0.01534	0.01038	0.01218	0.01218	0.01241	0.01060	0.00722	0.01579	0.01557	0.02098	0.03272	0.06590	0.03701	0.56309	0.11719	0.01105	0.01240	0.01489	0.00632	0.00677
3	0.02152	0.01284	0.01641	0.01583	0.01800	0.01370	0.01196	0.02472	0.02163	0.10759	0.04154	0.26292	0.04156	0.02150	0.01451	0.00363	0.10077	0.01773	0.22086	0.01078
4	0.59783	0.02005	0.01698	0.01469	0.02150	0.02241	0.01211	0.03436	0.01996	0.13131	0.01906	0.02020	0.01381	0.01034	0.00720	0.00327	0.00831	0.00651	0.00759	0.01250
5	0.70310	0.02045	0.01554	0.01390	0.02045	0.02372	0.01145	0.03108	0.01799	0.04744	0.01472	0.01718	0.01145	0.00981	0.00654	0.00327	0.00818	0.00573	0.00654	0.01145
6	0.03200	0.36185	0.09112	0.02193	0.03084	0.12578	0.02071	0.13907	0.02893	0.03468	0.01761	0.01956	0.01450	0.01021	0.00832	0.00262	0.01300	0.00685	0.00596	0.01448

[dist]
# distance from previous block
# <min> <max>
0	1

[block]
# block no. 6 follows, 13 sequences, length 30
# corresponding to MSA columns:
# 406-435
name=unknown_G
#
# <colnr> <probs for GDERKNQSTAVLIFYWHMCP>
#	G	D	E	R	K	N	Q	S	T	A	V	L	I	F	Y	W	H	M	C	P
0	0.03324	0.02214	0.06402	0.08517	0.11542	0.01989	0.05674	0.04179	0.08543	0.26128	0.07564	0.03626	0.02876	0.01264	0.01086	0.00334	0.01068	0.01113	0.00960	0.01598
1	0.02192	0.01879	0.02192	0.01566	0.02506	0.01409	0.01253	0.02662	0.02192	0.03445	0.01879	0.02192	0.01566	0.00783	0.00783	0.00157	0.00783	0.00626	0.00626	0.69305
2	0.10116	0.20412	0.03538	0.02349	0.03001	0.38531	0.01893	0.03830	0.02652	0.02771	0.01574	0.01832	0.01339	0.01029	0.00851	0.00265	0.01593	0.00639	0.00531	0.01253
3	0.01827	0.01654	0.01625	0.01702	0.01946	0.08646	0.01252	0.02365	0.07416	0.03048	0.09702	0.33012	0.11167	0.02633	0.01265	0.00393	0.00828	0.07559	0.00948	0.01014
4	0.04744	0.01799	0.02454	0.01881	0.02699	0.01554	0.01554	0.05153	0.03026	0.56979	0.04171	0.03599	0.02617	0.01309	0.01063	0.00327	0.00900	0.01063	0.01309	0.01799
5	0.02827	0.63478	0.05540	0.01809	0.02714	0.04184	0.01809	0.03166	0.02148	0.02488	0.01470	0.01696	0.01357	0.00905	0.00678	0.00226	0.01131	0.00565	0.00452	0.01357
6	0.01274	0.00974	0.01171	0.01330	0.01496	0.00871	0.00918	0.01488	0.02161	0.02755	0.07564	0.43668	0.24356	0.03087	0.01314	0.00404	0.00586	0.02730	0.00982	0.00871
7	0.04303	0.02145	0.02601	0.02010	0.02798	0.02111	0.01655	0.21405	0.03643	0.35943	0.03557	0.03256	0.02341	0.01290	0.01039	0.00318	0.00963	0.01019	0.05859	0.01743
8	0.01997	0.01210	0.01619	0.01533	0.01862	0.01121	0.01219	0.02481	0.02884	0.11474	0.38258	0.08107	0.08148	0.02195	0.01264	0.00363	0.00652	0.11361	0.01146	0.01106
9	0.01535	0.01037	0.01215	0.01215	0.01236	0.01059	0.00717	0.01577	0.01556	0.02096	0.03275	0.06607	0.03708	0.56646	0.11393	0.01101	0.01229	0.01492	0.00632	0.00675
10	0.70310	0.02045	0.01554	0.01390	0.02045	0.02372	0.01145	0.03108	0.01799	0.04744	0.01472	0.01718	0.01145	0.00981	0.00654	0.00327	0.00818	0.00573	0.00654	0.01145
11	0.01496	0.01081	0.01413	0.01330	0.01580	0.00998	0.00998	0.01995	0.02993	0.04240	0.55689	0.07898	0.09976	0.02162	0.01247	0.00333	0.00499	0.01912	0.01164	0.00998
12	0.01322	0.00994	0.01188	0.01299	0.01465	0.00900	0.00891	0.01544	0.02187	0.02828	0.11896	0.34845	0.22233	0.09265	0.01733	0.00460	0.00621	0.02504	0.00963	0.00860
13	0.02067	0.01951	0.03298	0.54229	0.12807	0.02367	0.02971	0.02763	0.02147	0.02786	0.01892	0.02796	0.01439	0.01044	0.01056	0.00348	0.01392	0.00940	0.00476	0.01231
14	0.04603	0.02025	0.02593	0.01988	0.02811	0.01888	0.01642	0.14371	0.03403	0.47228	0.03855	0.03393	0.02459	0.01301	0.01062	0.00325	0.00951	0.01042	0.01260	0.01799
15	0.01473	0.01080	0.01380	0.01305	0.01565	0.00988	0.00979	0.01949	0.02937	0.04107	0.51356	0.08117	0.14392	0.02211	0.01247	0.00335	0.00502	0.01943	0.01146	0.00988
16	0.02435	0.02459	0.09282	0.11974	0.23762	0.02212	0.02592	0.03468	0.10391	0.06869	0.10613	0.03667	0.03156	0.01248	0.01079	0.00332	0.01112	0.01117	0.00737	0.01496
17	0.20765	0.02196	0.02788	0.02650	0.08842	0.02395	0.08787	0.04056	0.21988	0.04207	0.02892	0.03041	0.02213	0.01161	0.00951	0.00334	0.00980	0.00986	0.07339	0.01430
18	0.02214	0.01797	0.01920	0.01772	0.02142	0.02019	0.01281	0.04066	0.34255	0.03520	0.03934	0.05076	0.03462	0.24790	0.02713	0.00612	0.00908	0.01326	0.00910	0.01281
19	0.12106	0.29123	0.15702	0.02257	0.03288	0.03088	0.07422	0.03163	0.02158	0.03192	0.01678	0.01991	0.01373	0.00922	0.00816	0.00269	0.01208	0.00691	0.00508	0.09045
20	0.03064	0.02272	0.02476	0.02141	0.02794	0.02541	0.01689	0.10143	0.42275	0.12068	0.04113	0.03759	0.03002	0.01401	0.01072	0.00350	0.00878	0.01153	0.01107	0.01703
21	0.01538	0.01025	0.01153	0.01153	0.01153	0.01025	0.00641	0.01538	0.01538	0.02050	0.03331	0.06919	0.03844	0.62842	0.05382	0.01025	0.01025	0.01538	0.00641	0.00641
22	0.02849	0.08082	0.08679	0.10757	0.06881	0.17389	0.02233	0.06348	0.02646	0.06793	0.02791	0.10016	0.02589	0.01505	0.01064	0.00334	0.01345	0.05707	0.00690	0.01302
23	0.02827	0.63478	0.05540	0.01809	0.02714	0.04184	0.01809	0.03166	0.02148	0.02488	0.01470	0.01696	0.01357	0.00905	0.00678	0.00226	0.01131	0.00565	0.00452	0.01357
24	0.02275	0.01221	0.01638	0.01563	0.01895	0.01109	0.01185	0.02643	0.02634	0.17199	0.22019	0.25474	0.06800	0.02386	0.01250	0.00375	0.00674	0.05382	0.01126	0.01155
25	0.01698	0.01168	0.01589	0.01807	0.02036	0.01163	0.01543	0.02160	0.02378	0.03208	0.05391	0.15200	0.05804	0.02775	0.01375	0.00457	0.00894	0.40287	0.08100	0.00965
26	0.03069	0.02689	0.10480	0.03285	0.09175	0.02455	0.12816	0.03655	0.02372	0.18811	0.02484	0.02823	0.01816	0.01292	0.01743	0.00369	0.17416	0.01017	0.00729	0.01505
27	0.07353	0.04114	0.08913	0.02793	0.03446	0.32173	0.07088	0.03926	0.07584	0.03049	0.01931	0.02264	0.01553	0.01174	0.01265	0.00320	0.08346	0.00817	0.00582	0.01311
28	0.02827	0.02252	0.02438	0.02081	0.02687	0.02516	0.01646	0.18818	0.30186	0.05049	0.13398	0.04270	0.04069	0.01522	0.01103	0.00342	0.00870	0.01258	0.01087	0.01584
29	0.02461	0.02373	0.03509	0.29067	0.12776	0.05896	0.08083	0.06568	0.05703	0.03336	0.02104	0.02722	0.01622	0.01034	0.01043	0.00320	0.01341	0.00942	0.00584	0.08518

[dist]
# distance from previous block
# <min> <max>
0	1

[block]
# block no. 7 follows, 13 sequences, length 8
# corresponding to MSA columns:
# 437-444
name=unknown_H
#
# <colnr> <probs for GDERKNQSTAVLIFYWHMCP>
#	G	D	E	R	K	N	Q	S	T	A	V	L	I	F	Y	W	H	M	C	P
0	0.01608	0.01103	0.01313	0.01343	0.01638	0.00975	0.01006	0.01907	0.02419	0.07410	0.13067	0.23420	0.29661	0.02702	0.01278	0.00382	0.00618	0.06147	0.01026	0.00975
1	0.34431	0.02560	0.11737	0.05710	0.07287	0.02176	0.01950	0.03316	0.02204	0.11133	0.06407	0.02702	0.02156	0.01127	0.00875	0.00329	0.01004	0.00836	0.00724	0.01338
2	0.14446	0.02082	0.02328	0.02043	0.06510	0.01960	0.01492	0.06442	0.09910	0.04025	0.02211	0.02418	0.01757	0.00956	0.00840	0.00238	0.00857	0.00744	0.00717	0.38024
3	0.01837	0.00918	0.01377	0.01377	0.01377	0.00918	0.00918	0.01377	0.01377	0.01837	0.01837	0.03214	0.01837	0.03673	0.04132	0.69238	0.00918	0.00918	0.00459	0.00459
4	0.01513	0.01121	0.01639	0.01639	0.01807	0.01289	0.01247	0.01849	0.01681	0.02410	0.02887	0.04459	0.02776	0.13987	0.52776	0.01625	0.02633	0.01177	0.00575	0.00911
5	0.02401	0.04296	0.39208	0.08613	0.04376	0.02319	0.03249	0.06961	0.02501	0.07900	0.02766	0.03001	0.05419	0.01175	0.01036	0.00336	0.01389	0.00938	0.00604	0.01511
6	0.02915	0.01892	0.02945	0.36280	0.05398	0.02170	0.02433	0.03482	0.02366	0.20279	0.02579	0.03027	0.01799	0.01209	0.01272	0.00354	0.06505	0.00978	0.00741	0.01375
7	0.01704	0.01217	0.01704	0.01947	0.02191	0.01217	0.01704	0.02191	0.02434	0.03164	0.05598	0.11926	0.06085	0.02921	0.01460	0.00487	0.00974	0.49130	0.00974	0.00974

[dist]
# distance from previous block
# <min> <max>
0	996

# created by:
# /st0/software/busco_prod/Augustus/scripts/msa2prfl.pl ./align_prep/6989.fa
