[name]
unknown

[dist]
# distance from previous block
# <min> <max>
0	17

[block]
# block no. 0 follows, 10 sequences, length 23
# corresponding to MSA columns:
# 35-57
name=unknown_A
#
# <colnr> <probs for GDERKNQSTAVLIFYWHMCP>
#	G	D	E	R	K	N	Q	S	T	A	V	L	I	F	Y	W	H	M	C	P
0	0.01641	0.01172	0.01606	0.01875	0.02041	0.01138	0.01469	0.02006	0.02447	0.03220	0.06287	0.36206	0.07203	0.03433	0.01544	0.00503	0.00869	0.23258	0.01075	0.01007
1	0.01519	0.01179	0.01453	0.01454	0.01740	0.01113	0.01088	0.01904	0.02627	0.03471	0.20838	0.13739	0.24876	0.04094	0.12824	0.00711	0.01130	0.02177	0.01040	0.01024
2	0.03003	0.08397	0.07716	0.02043	0.03111	0.02212	0.01843	0.08329	0.02848	0.09394	0.02379	0.02571	0.01830	0.01020	0.00940	0.00238	0.01041	0.00790	0.00785	0.39509
3	0.02651	0.28057	0.33846	0.02772	0.04195	0.03480	0.03352	0.03601	0.02418	0.03295	0.01895	0.02214	0.01481	0.01060	0.00958	0.00319	0.01524	0.00762	0.00494	0.01626
4	0.01460	0.01046	0.01388	0.01590	0.01696	0.00974	0.01083	0.01728	0.02428	0.03290	0.14894	0.48969	0.08313	0.03404	0.01463	0.00452	0.00651	0.03079	0.01118	0.00974
5	0.01417	0.01012	0.01350	0.01619	0.01687	0.00945	0.01080	0.01619	0.02227	0.02969	0.06410	0.58367	0.07692	0.03644	0.01484	0.00472	0.00675	0.03306	0.01080	0.00945
6	0.01417	0.01012	0.01350	0.01619	0.01687	0.00945	0.01080	0.01619	0.02227	0.02969	0.06410	0.58367	0.07692	0.03644	0.01484	0.00472	0.00675	0.03306	0.01080	0.00945
7	0.05218	0.01979	0.02699	0.02069	0.02969	0.01709	0.01709	0.05668	0.03329	0.52677	0.04588	0.03959	0.02879	0.01439	0.01170	0.00360	0.00990	0.01170	0.01439	0.01979
8	0.01417	0.01012	0.01350	0.01619	0.01687	0.00945	0.01080	0.01619	0.02227	0.02969	0.06410	0.58367	0.07692	0.03644	0.01484	0.00472	0.00675	0.03306	0.01080	0.00945
9	0.01906	0.01379	0.01737	0.01703	0.01989	0.01352	0.01284	0.07102	0.03168	0.04361	0.28871	0.22843	0.08647	0.02711	0.01402	0.00410	0.00713	0.06082	0.01190	0.01148
10	0.67341	0.02249	0.01709	0.01529	0.02249	0.02609	0.01260	0.03419	0.01979	0.05218	0.01619	0.01889	0.01260	0.01080	0.00720	0.00360	0.00900	0.00630	0.00720	0.01260
11	0.02037	0.01931	0.02043	0.01871	0.02158	0.07244	0.01456	0.02420	0.02781	0.03616	0.23558	0.07472	0.20357	0.02355	0.01848	0.00397	0.12503	0.01840	0.00986	0.01125
12	0.02528	0.02680	0.08208	0.02289	0.03118	0.02345	0.02020	0.03655	0.12041	0.03806	0.02513	0.02839	0.02033	0.01265	0.01532	0.00305	0.11935	0.00901	0.00734	0.33255
13	0.67341	0.02249	0.01709	0.01529	0.02249	0.02609	0.01260	0.03419	0.01979	0.05218	0.01619	0.01889	0.01260	0.01080	0.00720	0.00360	0.00900	0.00630	0.00720	0.01260
14	0.02803	0.38571	0.24662	0.02513	0.03794	0.03851	0.02901	0.03562	0.02400	0.03110	0.01803	0.02099	0.01485	0.01038	0.00888	0.00296	0.01431	0.00716	0.00495	0.01582
15	0.02277	0.01315	0.01668	0.01556	0.01945	0.01168	0.01173	0.02682	0.02951	0.13881	0.24228	0.17970	0.17537	0.02557	0.01353	0.00391	0.00673	0.02223	0.01230	0.01224
16	0.01596	0.01143	0.01241	0.01241	0.01359	0.01084	0.00758	0.01685	0.01979	0.02521	0.06096	0.08684	0.18359	0.42297	0.04558	0.00907	0.00966	0.01920	0.00817	0.00788
17	0.01985	0.02466	0.12373	0.02231	0.02931	0.01761	0.06419	0.02974	0.07493	0.04242	0.28160	0.06732	0.11534	0.01966	0.01301	0.00374	0.00961	0.01743	0.01025	0.01328
18	0.02559	0.13216	0.03689	0.13659	0.04007	0.02579	0.06878	0.03028	0.02391	0.08000	0.03414	0.18280	0.03404	0.01926	0.01487	0.00395	0.07354	0.01634	0.00770	0.01331
19	0.02486	0.13859	0.08796	0.13242	0.03929	0.02682	0.02225	0.07444	0.07646	0.03943	0.12605	0.04755	0.08592	0.01597	0.01137	0.00351	0.01132	0.01308	0.00840	0.01431
20	0.03281	0.09027	0.08585	0.02338	0.03365	0.07952	0.02091	0.16953	0.03431	0.04654	0.02217	0.02445	0.01728	0.01098	0.00986	0.00267	0.01243	0.00815	0.00784	0.26740
21	0.09235	0.19242	0.04174	0.02854	0.08476	0.02969	0.06816	0.04029	0.06770	0.13231	0.02788	0.03046	0.02152	0.01999	0.06913	0.00499	0.01431	0.00986	0.00797	0.01594
22	0.16205	0.02449	0.02751	0.02631	0.07745	0.02709	0.01903	0.11835	0.12655	0.04782	0.03528	0.03662	0.06729	0.01494	0.01354	0.00364	0.07105	0.01109	0.00890	0.08099

[dist]
# distance from previous block
# <min> <max>
6	32

[block]
# block no. 1 follows, 10 sequences, length 11
# corresponding to MSA columns:
# 93-103
name=unknown_B
#
# <colnr> <probs for GDERKNQSTAVLIFYWHMCP>
#	G	D	E	R	K	N	Q	S	T	A	V	L	I	F	Y	W	H	M	C	P
0	0.11959	0.11504	0.19586	0.02337	0.03335	0.02590	0.02450	0.03747	0.07875	0.08192	0.06565	0.08990	0.03163	0.01530	0.01073	0.00363	0.01182	0.01221	0.00807	0.01530
1	0.01851	0.01583	0.01683	0.01793	0.02001	0.06681	0.01316	0.02205	0.02695	0.03493	0.18240	0.32559	0.07806	0.02978	0.01424	0.00433	0.00844	0.08284	0.01083	0.01047
2	0.02673	0.19416	0.03730	0.02224	0.02797	0.03198	0.01881	0.03567	0.11441	0.03269	0.02485	0.03209	0.02226	0.07485	0.02185	0.00426	0.15477	0.00982	0.00684	0.10647
3	0.01803	0.01079	0.01372	0.01372	0.01426	0.01052	0.00873	0.01605	0.01740	0.02266	0.04001	0.06180	0.09647	0.25466	0.04649	0.31683	0.00998	0.01475	0.00662	0.00649
4	0.01538	0.01150	0.01317	0.01325	0.01623	0.01023	0.00975	0.01924	0.02780	0.03716	0.23136	0.16501	0.27802	0.02721	0.01340	0.00385	0.00584	0.02342	0.06795	0.01023
5	0.09161	0.02861	0.10133	0.03461	0.15246	0.02454	0.02442	0.07905	0.10351	0.04320	0.03150	0.10492	0.02808	0.01510	0.01120	0.00356	0.01141	0.01288	0.00814	0.08988
6	0.02356	0.03291	0.18272	0.10067	0.04217	0.02056	0.02549	0.03169	0.02413	0.03639	0.02073	0.02524	0.01621	0.00980	0.00980	0.00264	0.01226	0.00791	0.00603	0.36908
7	0.03045	0.02304	0.02800	0.02229	0.02829	0.02449	0.01787	0.12638	0.02898	0.08770	0.02548	0.03386	0.02182	0.09303	0.02385	0.00443	0.14987	0.01031	0.00820	0.21165
8	0.02573	0.22689	0.38535	0.02904	0.04399	0.03290	0.03582	0.03621	0.02427	0.03390	0.01941	0.02273	0.01479	0.01071	0.00994	0.00331	0.01572	0.00786	0.00493	0.01649
9	0.02117	0.01941	0.03210	0.48442	0.07108	0.02370	0.02923	0.02860	0.02465	0.03215	0.09140	0.03904	0.02905	0.01337	0.01193	0.00384	0.01406	0.01187	0.00627	0.01264
10	0.03316	0.11211	0.19714	0.02694	0.03804	0.02462	0.07118	0.04072	0.02730	0.19439	0.03357	0.09299	0.02671	0.01475	0.01147	0.00363	0.01322	0.01258	0.00878	0.01670

[dist]
# distance from previous block
# <min> <max>
0	1

[block]
# block no. 2 follows, 10 sequences, length 22
# corresponding to MSA columns:
# 105-126
name=unknown_C
#
# <colnr> <probs for GDERKNQSTAVLIFYWHMCP>
#	G	D	E	R	K	N	Q	S	T	A	V	L	I	F	Y	W	H	M	C	P
0	0.02460	0.02179	0.03400	0.15667	0.04378	0.02429	0.09310	0.09098	0.03073	0.04229	0.18206	0.04814	0.04718	0.01680	0.01620	0.00392	0.08679	0.01436	0.00867	0.01365
1	0.01554	0.01760	0.09080	0.01873	0.02187	0.01207	0.01560	0.01928	0.02261	0.03076	0.05764	0.50015	0.06763	0.03264	0.01428	0.00457	0.00831	0.02941	0.00992	0.01060
2	0.08941	0.16684	0.10617	0.03224	0.10693	0.19415	0.02529	0.04089	0.02771	0.07929	0.02100	0.02367	0.01654	0.01129	0.00988	0.00315	0.01546	0.00808	0.00647	0.01555
3	0.02981	0.12722	0.03833	0.33685	0.05978	0.09267	0.02709	0.03588	0.02571	0.08783	0.02252	0.02859	0.01691	0.01170	0.01076	0.00349	0.01498	0.00941	0.00633	0.01416
4	0.01417	0.01012	0.01350	0.01619	0.01687	0.00945	0.01080	0.01619	0.02227	0.02969	0.06410	0.58367	0.07692	0.03644	0.01484	0.00472	0.00675	0.03306	0.01080	0.00945
5	0.02171	0.01241	0.01559	0.01524	0.01843	0.01128	0.01124	0.02559	0.02756	0.11456	0.17993	0.23893	0.12564	0.02576	0.01302	0.00390	0.00664	0.02256	0.09830	0.01171
6	0.02791	0.02226	0.03262	0.36161	0.06191	0.02499	0.02684	0.09475	0.02861	0.07845	0.02379	0.03026	0.01747	0.01173	0.01118	0.00348	0.01363	0.00995	0.00710	0.11147
7	0.01439	0.01054	0.01353	0.01546	0.01679	0.00967	0.01057	0.01694	0.02405	0.03191	0.12371	0.46655	0.13496	0.03408	0.01458	0.00450	0.00649	0.03059	0.01103	0.00967
8	0.58061	0.02209	0.01857	0.01610	0.02357	0.02475	0.01327	0.03755	0.02181	0.12308	0.02063	0.02198	0.01501	0.01133	0.00787	0.00360	0.00913	0.00710	0.00827	0.01367
9	0.10622	0.09381	0.02454	0.01705	0.02206	0.01977	0.01330	0.03310	0.02302	0.16939	0.03332	0.04712	0.02947	0.21193	0.10058	0.00806	0.01355	0.01214	0.00874	0.01282
10	0.04224	0.02327	0.03086	0.02474	0.03076	0.02565	0.02051	0.09952	0.03075	0.30346	0.03340	0.03340	0.02314	0.01634	0.02056	0.00408	0.19790	0.01104	0.01094	0.01742
11	0.01737	0.01178	0.01527	0.01513	0.01673	0.01248	0.01077	0.02057	0.02102	0.03072	0.10572	0.06117	0.04541	0.22755	0.23988	0.01196	0.01757	0.01493	0.09451	0.00948
12	0.11268	0.02463	0.03546	0.17721	0.20235	0.02645	0.02720	0.09680	0.02967	0.11950	0.02546	0.02972	0.01877	0.01186	0.01105	0.00361	0.01290	0.01008	0.00793	0.01668
13	0.03598	0.02338	0.09047	0.02043	0.02843	0.01803	0.01855	0.04531	0.08566	0.26547	0.11131	0.04561	0.03993	0.01539	0.01143	0.00354	0.00951	0.01273	0.10212	0.01671
14	0.01458	0.01043	0.01386	0.01592	0.01696	0.00972	0.01083	0.01721	0.02416	0.03269	0.14357	0.49564	0.08274	0.03419	0.01465	0.00453	0.00652	0.03093	0.01115	0.00972
15	0.02906	0.04548	0.30821	0.03935	0.11864	0.02744	0.09585	0.07977	0.02878	0.08152	0.02413	0.02767	0.01732	0.01133	0.01159	0.00366	0.01599	0.00998	0.00659	0.01763
16	0.11525	0.03001	0.14145	0.23010	0.05264	0.02496	0.02821	0.03941	0.06907	0.11916	0.02682	0.03053	0.01903	0.01224	0.01094	0.00376	0.01348	0.00989	0.00755	0.01549
17	0.01680	0.01142	0.01338	0.01316	0.01382	0.01120	0.00800	0.01813	0.02079	0.02838	0.15182	0.07872	0.05861	0.45393	0.04819	0.00943	0.00987	0.01791	0.00844	0.00800
18	0.02481	0.01624	0.01986	0.01772	0.02233	0.01623	0.01369	0.03678	0.14546	0.11885	0.33027	0.06929	0.07968	0.02044	0.01296	0.00372	0.00705	0.01773	0.01281	0.01409
19	0.02877	0.11390	0.23784	0.09256	0.04329	0.02705	0.02945	0.04068	0.08134	0.10495	0.02810	0.03029	0.02039	0.01219	0.01061	0.00349	0.01351	0.00963	0.05559	0.01639
20	0.03140	0.06429	0.03155	0.18411	0.04396	0.02661	0.02190	0.17909	0.03419	0.08477	0.03628	0.03976	0.07729	0.01731	0.01474	0.06506	0.01228	0.01185	0.00873	0.01482
21	0.03068	0.05009	0.38498	0.03033	0.04517	0.02666	0.03609	0.09933	0.02997	0.11905	0.02576	0.02738	0.01763	0.01197	0.01123	0.00364	0.01545	0.00934	0.00731	0.01795

[dist]
# distance from previous block
# <min> <max>
0	23

[block]
# block no. 3 follows, 10 sequences, length 17
# corresponding to MSA columns:
# 150-166
name=unknown_D
#
# <colnr> <probs for GDERKNQSTAVLIFYWHMCP>
#	G	D	E	R	K	N	Q	S	T	A	V	L	I	F	Y	W	H	M	C	P
0	0.02974	0.07914	0.13380	0.02562	0.03453	0.02468	0.06652	0.04297	0.14948	0.11871	0.06985	0.03812	0.03075	0.01681	0.01527	0.07545	0.01204	0.01172	0.00901	0.01579
1	0.08251	0.02400	0.03452	0.12012	0.07825	0.02707	0.07214	0.06662	0.07024	0.04012	0.06716	0.03401	0.02655	0.01439	0.01676	0.00382	0.12527	0.01123	0.00741	0.07781
2	0.13473	0.02427	0.02853	0.02288	0.02921	0.02688	0.01883	0.10351	0.02710	0.08517	0.02160	0.02564	0.01728	0.01398	0.01835	0.00352	0.18449	0.00881	0.00778	0.19745
3	0.18211	0.02029	0.02471	0.02033	0.02716	0.02008	0.05691	0.08020	0.02728	0.09165	0.03349	0.14063	0.03081	0.01648	0.01060	0.00345	0.00965	0.01391	0.06767	0.12259
4	0.03965	0.02817	0.03003	0.02353	0.03150	0.03095	0.01927	0.38815	0.04854	0.06723	0.02995	0.03105	0.02181	0.01388	0.01092	0.00333	0.01130	0.01055	0.14220	0.01797
5	0.02270	0.01270	0.01709	0.01735	0.02026	0.01164	0.01288	0.02614	0.02673	0.13378	0.13541	0.34589	0.07170	0.02943	0.01414	0.00438	0.00756	0.06647	0.01185	0.01192
6	0.01661	0.01246	0.01869	0.01869	0.02077	0.01454	0.01454	0.02077	0.01869	0.02700	0.03115	0.04569	0.02908	0.08723	0.54517	0.01869	0.03115	0.01246	0.00623	0.01038
7	0.02196	0.02067	0.03488	0.56331	0.08010	0.02584	0.03230	0.02972	0.02326	0.02972	0.02067	0.03101	0.01550	0.01163	0.01163	0.00388	0.01550	0.01034	0.00517	0.01292
8	0.02380	0.01859	0.03000	0.40116	0.06271	0.02180	0.02659	0.03011	0.02416	0.08395	0.03159	0.13592	0.02851	0.01660	0.01224	0.00401	0.01324	0.01476	0.00723	0.01302
9	0.17809	0.02034	0.02498	0.01960	0.02823	0.01892	0.01618	0.05212	0.03055	0.43058	0.03987	0.03539	0.02551	0.01367	0.01078	0.00360	0.00971	0.01060	0.01294	0.01833
10	0.01417	0.01012	0.01350	0.01619	0.01687	0.00945	0.01080	0.01619	0.02227	0.02969	0.06410	0.58367	0.07692	0.03644	0.01484	0.00472	0.00675	0.03306	0.01080	0.00945
11	0.04448	0.01783	0.02426	0.01978	0.02709	0.01554	0.01582	0.04847	0.03105	0.42602	0.04958	0.14986	0.03855	0.01886	0.01233	0.00383	0.00926	0.01603	0.01367	0.01770
12	0.04075	0.03051	0.03497	0.02710	0.03582	0.07587	0.06967	0.28085	0.04366	0.13442	0.03785	0.03741	0.06681	0.01485	0.01197	0.00355	0.01317	0.01207	0.01086	0.01783
13	0.67341	0.02249	0.01709	0.01529	0.02249	0.02609	0.01260	0.03419	0.01979	0.05218	0.01619	0.01889	0.01260	0.01080	0.00720	0.00360	0.00900	0.00630	0.00720	0.01260
14	0.01498	0.01155	0.01368	0.01374	0.01662	0.01025	0.01008	0.01885	0.02853	0.03763	0.27730	0.18038	0.26811	0.02820	0.01392	0.00395	0.00586	0.02448	0.01165	0.01025
15	0.09117	0.18888	0.04237	0.02540	0.03448	0.03617	0.06256	0.20478	0.11472	0.05108	0.02645	0.02746	0.02023	0.01248	0.01031	0.00334	0.01240	0.00967	0.00888	0.01718
16	0.02416	0.05433	0.43729	0.03637	0.05245	0.02750	0.13083	0.03692	0.02514	0.03692	0.02141	0.02594	0.01532	0.01080	0.01159	0.00373	0.01768	0.00963	0.00511	0.01688

[dist]
# distance from previous block
# <min> <max>
0	1

[block]
# block no. 4 follows, 10 sequences, length 20
# corresponding to MSA columns:
# 168-187
name=unknown_E
#
# <colnr> <probs for GDERKNQSTAVLIFYWHMCP>
#	G	D	E	R	K	N	Q	S	T	A	V	L	I	F	Y	W	H	M	C	P
0	0.01612	0.01227	0.01675	0.07319	0.02433	0.01208	0.01380	0.02021	0.02639	0.03536	0.19490	0.28446	0.12188	0.02899	0.01421	0.00432	0.00766	0.07188	0.01078	0.01043
1	0.01417	0.01012	0.01350	0.01619	0.01687	0.00945	0.01080	0.01619	0.02227	0.02969	0.06410	0.58367	0.07692	0.03644	0.01484	0.00472	0.00675	0.03306	0.01080	0.00945
2	0.03257	0.37214	0.05411	0.08102	0.03941	0.03861	0.07707	0.07397	0.02749	0.07454	0.02102	0.02404	0.01689	0.01082	0.00937	0.00299	0.01345	0.00839	0.00646	0.01563
3	0.02824	0.15087	0.08424	0.02043	0.02869	0.02516	0.01880	0.07264	0.06973	0.08991	0.16568	0.04436	0.04580	0.01512	0.01090	0.00317	0.00999	0.01226	0.00950	0.09451
4	0.01661	0.01246	0.01869	0.01869	0.02077	0.01454	0.01454	0.02077	0.01869	0.02700	0.03115	0.04569	0.02908	0.08723	0.54517	0.01869	0.03115	0.01246	0.00623	0.01038
5	0.02277	0.04403	0.32830	0.24976	0.06250	0.02653	0.03861	0.03392	0.02402	0.03392	0.02079	0.02719	0.01505	0.01129	0.01129	0.00376	0.01650	0.00931	0.00502	0.01544
6	0.03596	0.03172	0.14087	0.02359	0.03318	0.02498	0.02285	0.20214	0.03725	0.14125	0.03181	0.03269	0.02249	0.01329	0.01074	0.00338	0.01164	0.01035	0.15258	0.01722
7	0.03978	0.02673	0.08342	0.09437	0.08678	0.02342	0.02413	0.09119	0.08448	0.26876	0.03622	0.03518	0.02454	0.01342	0.01161	0.00366	0.01194	0.01112	0.01087	0.01839
8	0.01540	0.01164	0.01422	0.01401	0.01684	0.01046	0.01034	0.01974	0.02978	0.04020	0.34442	0.15491	0.22166	0.02696	0.01386	0.00387	0.00576	0.02351	0.01198	0.01046
9	0.01417	0.01012	0.01350	0.01619	0.01687	0.00945	0.01080	0.01619	0.02227	0.02969	0.06410	0.58367	0.07692	0.03644	0.01484	0.00472	0.00675	0.03306	0.01080	0.00945
10	0.02920	0.02730	0.08455	0.12642	0.14144	0.02522	0.06698	0.08579	0.08173	0.08868	0.03277	0.09954	0.02775	0.01518	0.01216	0.00382	0.01307	0.01372	0.00837	0.01631
11	0.01460	0.01045	0.01388	0.01590	0.01696	0.00973	0.01083	0.01728	0.02427	0.03288	0.14850	0.49018	0.08310	0.03405	0.01463	0.00452	0.00651	0.03080	0.01117	0.00973
12	0.02424	0.05382	0.42910	0.03665	0.05264	0.02754	0.13851	0.03693	0.02519	0.03693	0.02146	0.02606	0.01538	0.01078	0.01164	0.00374	0.01772	0.00973	0.00513	0.01686
13	0.03111	0.03085	0.10233	0.09800	0.05601	0.02647	0.29940	0.04005	0.02781	0.12851	0.02717	0.03221	0.01923	0.01099	0.01285	0.00383	0.01710	0.01247	0.00731	0.01631
14	0.02732	0.18708	0.15785	0.03709	0.10067	0.03427	0.12210	0.03458	0.02387	0.03287	0.01924	0.02508	0.01594	0.01217	0.01581	0.00365	0.12004	0.00953	0.00527	0.01559
15	0.01956	0.01312	0.01598	0.01638	0.01933	0.01244	0.01182	0.02554	0.07492	0.08232	0.10947	0.33439	0.16077	0.02960	0.01390	0.00428	0.00703	0.02611	0.01143	0.01161
16	0.02258	0.01560	0.02163	0.13825	0.03395	0.01642	0.01726	0.06851	0.02674	0.08302	0.04920	0.35384	0.05305	0.02660	0.01351	0.00431	0.00958	0.02374	0.00999	0.01224
17	0.02273	0.02553	0.08803	0.28406	0.11419	0.02620	0.03018	0.02938	0.02266	0.03118	0.02468	0.09076	0.02260	0.01583	0.01691	0.00413	0.11885	0.01266	0.00583	0.01363
18	0.21487	0.02679	0.08944	0.13613	0.04541	0.02445	0.11601	0.03482	0.02416	0.08766	0.02636	0.07714	0.02182	0.01344	0.01100	0.00383	0.01331	0.01184	0.00729	0.01424
19	0.15796	0.02563	0.08445	0.07696	0.03806	0.02162	0.07595	0.03954	0.02709	0.18455	0.06882	0.03454	0.02710	0.01272	0.01086	0.00350	0.01176	0.01074	0.00915	0.07901

[dist]
# distance from previous block
# <min> <max>
0	2

[block]
# block no. 5 follows, 10 sequences, length 28
# corresponding to MSA columns:
# 190-217
name=unknown_F
#
# <colnr> <probs for GDERKNQSTAVLIFYWHMCP>
#	G	D	E	R	K	N	Q	S	T	A	V	L	I	F	Y	W	H	M	C	P
0	0.09984	0.02843	0.10778	0.02206	0.03259	0.02158	0.02063	0.09800	0.03093	0.21875	0.03022	0.02970	0.02084	0.01197	0.01036	0.00312	0.01103	0.00928	0.00989	0.18300
1	0.17329	0.02134	0.02328	0.01804	0.02708	0.01944	0.01455	0.03837	0.07090	0.12831	0.02672	0.02757	0.02002	0.01081	0.00916	0.00269	0.00898	0.00822	0.00876	0.34247
2	0.03170	0.02389	0.02381	0.02028	0.02691	0.10122	0.01561	0.03845	0.07279	0.14819	0.07782	0.13294	0.03959	0.01734	0.01145	0.00326	0.01037	0.01449	0.01011	0.17977
3	0.02258	0.01394	0.01801	0.01675	0.02094	0.01209	0.01238	0.02634	0.02677	0.11530	0.15411	0.28559	0.06598	0.02513	0.01298	0.00377	0.00730	0.02229	0.01114	0.12660
4	0.03571	0.02999	0.02640	0.02296	0.02916	0.17062	0.01760	0.11646	0.03329	0.12563	0.03670	0.16917	0.03428	0.01865	0.01183	0.00350	0.01268	0.01522	0.00980	0.08033
5	0.04649	0.02296	0.02823	0.02229	0.03089	0.02256	0.01820	0.13061	0.12328	0.35973	0.04306	0.03828	0.02848	0.01458	0.01171	0.00364	0.01027	0.01175	0.01344	0.01953
6	0.01429	0.01134	0.01284	0.01344	0.01629	0.00990	0.00971	0.01738	0.02636	0.03334	0.16523	0.23712	0.33074	0.03047	0.01404	0.00410	0.00606	0.02632	0.01111	0.00990
7	0.02335	0.04301	0.31427	0.03500	0.08467	0.02409	0.10392	0.03377	0.02493	0.03691	0.02741	0.08437	0.02326	0.01361	0.01161	0.00371	0.01508	0.01225	0.06913	0.01566
8	0.03272	0.03436	0.11800	0.03090	0.03829	0.03392	0.06211	0.20990	0.03432	0.04816	0.02185	0.02675	0.01716	0.01549	0.02132	0.00413	0.21609	0.01032	0.00773	0.01648
9	0.02965	0.02114	0.07227	0.17300	0.04049	0.01865	0.02064	0.03448	0.02440	0.17885	0.03343	0.04739	0.02800	0.19733	0.02677	0.00613	0.01261	0.01268	0.00854	0.01353
10	0.01463	0.01045	0.01403	0.01672	0.01760	0.00985	0.01160	0.01699	0.02272	0.03021	0.06385	0.53790	0.07591	0.03600	0.01497	0.00479	0.00715	0.07427	0.01079	0.00957
11	0.13471	0.02592	0.07331	0.02171	0.02835	0.02456	0.01859	0.20537	0.03366	0.04960	0.02960	0.11497	0.02720	0.02162	0.01765	0.12602	0.01116	0.01310	0.00891	0.01400
12	0.08197	0.12274	0.38232	0.02936	0.04406	0.03016	0.03555	0.07647	0.02676	0.04025	0.02051	0.02363	0.01503	0.01115	0.01032	0.00351	0.01549	0.00827	0.00572	0.01674
13	0.01953	0.09053	0.06909	0.01685	0.02012	0.01769	0.01371	0.02165	0.01868	0.02515	0.03023	0.05506	0.03200	0.32526	0.13730	0.06246	0.01558	0.01340	0.00627	0.00947
14	0.11103	0.02720	0.10788	0.07591	0.03819	0.02280	0.06651	0.04082	0.10318	0.12727	0.08239	0.04614	0.03468	0.01538	0.01181	0.00388	0.01192	0.04808	0.00940	0.01554
15	0.03295	0.12368	0.02816	0.01829	0.02449	0.01965	0.01503	0.03711	0.02946	0.23056	0.15608	0.14304	0.05422	0.01972	0.01195	0.00360	0.00875	0.01670	0.01163	0.01494
16	0.02036	0.01478	0.01815	0.01699	0.02027	0.01464	0.01273	0.09453	0.03373	0.04663	0.31997	0.20391	0.08683	0.02542	0.01367	0.00390	0.00699	0.02239	0.01210	0.01201
17	0.01450	0.01056	0.01367	0.01552	0.01684	0.00973	0.01064	0.01717	0.02439	0.03259	0.14168	0.45879	0.12352	0.03373	0.01456	0.00448	0.00646	0.03031	0.01112	0.00973
18	0.02305	0.01978	0.02240	0.01716	0.02599	0.01629	0.01357	0.03138	0.08462	0.03822	0.03976	0.04076	0.09986	0.01289	0.00985	0.00236	0.00825	0.01054	0.00815	0.47512
19	0.14311	0.02693	0.10437	0.02242	0.03164	0.02136	0.02110	0.08411	0.03084	0.26943	0.03751	0.04445	0.02799	0.01550	0.01142	0.00383	0.01126	0.06465	0.01102	0.01707
20	0.02056	0.01402	0.01766	0.01815	0.02106	0.01397	0.01357	0.02879	0.10245	0.07585	0.13827	0.30857	0.07089	0.02858	0.01407	0.00440	0.00768	0.07775	0.01159	0.01215
21	0.02975	0.01863	0.02589	0.07143	0.03100	0.02118	0.02002	0.03435	0.02538	0.15891	0.03830	0.05891	0.03381	0.02020	0.01955	0.00437	0.16217	0.12087	0.09151	0.01379
22	0.03638	0.12166	0.14386	0.07565	0.03814	0.02429	0.02423	0.04315	0.02878	0.24795	0.07312	0.03610	0.02909	0.01347	0.01104	0.00347	0.01209	0.01079	0.00974	0.01700
23	0.02278	0.01446	0.01968	0.08687	0.02816	0.01457	0.01521	0.02889	0.06593	0.11322	0.09481	0.33422	0.06076	0.02681	0.01357	0.00427	0.00846	0.02393	0.01093	0.01247
24	0.02242	0.01262	0.01635	0.01586	0.01845	0.01166	0.01118	0.02534	0.02584	0.12480	0.16889	0.24363	0.06867	0.15196	0.02379	0.00569	0.00801	0.02245	0.01115	0.01123
25	0.19204	0.02098	0.02847	0.17529	0.11918	0.02268	0.02235	0.03583	0.02600	0.13122	0.08687	0.03628	0.02967	0.01327	0.01077	0.00366	0.01128	0.01093	0.00846	0.01476
26	0.03257	0.03355	0.15852	0.03314	0.11447	0.02523	0.02748	0.09439	0.02958	0.13202	0.02600	0.02847	0.01907	0.01241	0.01353	0.00340	0.06706	0.00955	0.00803	0.13153
27	0.01806	0.01549	0.02480	0.02056	0.02517	0.01421	0.09713	0.02394	0.03087	0.04243	0.35788	0.08061	0.15798	0.02210	0.01372	0.00375	0.00818	0.02024	0.01119	0.01166

[dist]
# distance from previous block
# <min> <max>
2	6

[block]
# block no. 6 follows, 10 sequences, length 15
# corresponding to MSA columns:
# 224-238
name=unknown_G
#
# <colnr> <probs for GDERKNQSTAVLIFYWHMCP>
#	G	D	E	R	K	N	Q	S	T	A	V	L	I	F	Y	W	H	M	C	P
0	0.02664	0.12827	0.03738	0.30224	0.05624	0.09186	0.02555	0.03262	0.02468	0.03061	0.01953	0.02632	0.01564	0.01083	0.01020	0.00313	0.01440	0.00863	0.00554	0.12967
1	0.32107	0.14711	0.02862	0.01764	0.02517	0.02667	0.01504	0.03760	0.02399	0.15313	0.02799	0.08256	0.02354	0.01411	0.00909	0.00347	0.00972	0.01031	0.00873	0.01443
2	0.01531	0.01069	0.01347	0.01489	0.01559	0.01021	0.00962	0.01708	0.02176	0.02933	0.10626	0.36471	0.06956	0.21265	0.02892	0.00670	0.00805	0.02653	0.00982	0.00885
3	0.10880	0.02468	0.02857	0.17065	0.07749	0.07801	0.02192	0.08185	0.02816	0.04017	0.06911	0.03417	0.02651	0.02094	0.06980	0.00507	0.01487	0.01044	0.00732	0.08147
4	0.54316	0.02193	0.01917	0.01643	0.02400	0.02420	0.01354	0.03890	0.02262	0.15169	0.02242	0.02323	0.01599	0.01155	0.00814	0.00360	0.00919	0.00743	0.00871	0.01410
5	0.12814	0.02175	0.02677	0.02079	0.02961	0.02061	0.01717	0.10745	0.03432	0.41058	0.03993	0.03555	0.02564	0.01389	0.01113	0.00359	0.01015	0.01087	0.01315	0.01890
6	0.09310	0.22098	0.10253	0.03073	0.08972	0.03281	0.08087	0.07102	0.02727	0.07170	0.02154	0.02463	0.01690	0.01070	0.00978	0.00312	0.01328	0.00866	0.00668	0.06397
7	0.01948	0.01192	0.01553	0.01597	0.01850	0.01081	0.01145	0.02273	0.02660	0.09678	0.17347	0.35155	0.12058	0.02997	0.01407	0.00425	0.00676	0.02668	0.01173	0.01115
8	0.01505	0.01140	0.01409	0.01589	0.01809	0.01045	0.01191	0.01812	0.02469	0.03140	0.08146	0.32562	0.22049	0.03315	0.01475	0.00460	0.00734	0.12088	0.01078	0.00985
9	0.02824	0.09285	0.03752	0.27434	0.05440	0.13898	0.02736	0.03341	0.02414	0.02881	0.01842	0.02632	0.01528	0.01344	0.01676	0.00380	0.13816	0.00925	0.00530	0.01322
10	0.03233	0.02914	0.09563	0.14864	0.05059	0.02744	0.12599	0.08480	0.02890	0.13797	0.02646	0.03101	0.01902	0.01321	0.01581	0.00394	0.09399	0.01116	0.00785	0.01610
11	0.02049	0.01320	0.01677	0.01751	0.02002	0.01285	0.01247	0.02689	0.08325	0.08983	0.09475	0.41637	0.06887	0.03039	0.01403	0.00442	0.00731	0.02724	0.01149	0.01185
12	0.03531	0.02346	0.03267	0.15353	0.04274	0.02759	0.02405	0.09451	0.02858	0.18922	0.02767	0.03148	0.02010	0.01562	0.02028	0.00414	0.19363	0.01072	0.00883	0.01586
13	0.03482	0.15408	0.03047	0.01862	0.02500	0.02162	0.01525	0.03808	0.02673	0.24181	0.04186	0.15973	0.03770	0.08201	0.01664	0.00443	0.00995	0.01573	0.01054	0.01493
14	0.17237	0.02065	0.02754	0.20029	0.04497	0.02189	0.02122	0.04298	0.02712	0.26171	0.03126	0.03239	0.02097	0.01272	0.01073	0.00369	0.01158	0.01011	0.00981	0.01599

[dist]
# distance from previous block
# <min> <max>
0	1

[block]
# block no. 7 follows, 10 sequences, length 40
# corresponding to MSA columns:
# 240-279
name=unknown_H
#
# <colnr> <probs for GDERKNQSTAVLIFYWHMCP>
#	G	D	E	R	K	N	Q	S	T	A	V	L	I	F	Y	W	H	M	C	P
0	0.02656	0.01805	0.02366	0.12649	0.03528	0.01945	0.01826	0.03874	0.15684	0.12318	0.04767	0.22814	0.04479	0.02190	0.01282	0.00414	0.00971	0.01926	0.01062	0.01446
1	0.08545	0.02321	0.03866	0.27295	0.05812	0.02594	0.11455	0.03608	0.02502	0.11866	0.02470	0.03100	0.01794	0.01246	0.01406	0.00392	0.06474	0.01087	0.00707	0.01460
2	0.03972	0.02112	0.02439	0.01952	0.02659	0.02133	0.01586	0.18673	0.03747	0.22131	0.03740	0.03696	0.02615	0.01398	0.01053	0.00328	0.00941	0.01102	0.22035	0.01690
3	0.67341	0.02249	0.01709	0.01529	0.02249	0.02609	0.01260	0.03419	0.01979	0.05218	0.01619	0.01889	0.01260	0.01080	0.00720	0.00360	0.00900	0.00630	0.00720	0.01260
4	0.03426	0.09410	0.03126	0.02228	0.02805	0.02600	0.01839	0.12269	0.03184	0.16826	0.07807	0.11933	0.03753	0.01900	0.01645	0.00388	0.10812	0.01460	0.01034	0.01557
5	0.02270	0.01883	0.02187	0.01633	0.02464	0.01467	0.01246	0.02686	0.02270	0.03489	0.02381	0.03433	0.02215	0.12301	0.01854	0.00360	0.00914	0.00886	0.00692	0.53370
6	0.03959	0.10270	0.13741	0.02792	0.03912	0.02481	0.10170	0.04668	0.02935	0.28320	0.03337	0.03258	0.02236	0.01239	0.01138	0.00353	0.01332	0.01075	0.00988	0.01796
7	0.02215	0.01544	0.01863	0.01846	0.02187	0.01583	0.01353	0.03355	0.15777	0.08341	0.12606	0.30682	0.06591	0.02670	0.01354	0.00424	0.00753	0.02369	0.01172	0.01314
8	0.02468	0.03573	0.19139	0.21721	0.15390	0.02718	0.11497	0.03435	0.02502	0.03480	0.02148	0.02871	0.01623	0.01088	0.01181	0.00374	0.01640	0.01042	0.00533	0.01577
9	0.03672	0.03043	0.08445	0.13505	0.04871	0.02899	0.09440	0.21143	0.03796	0.13282	0.02823	0.03072	0.01968	0.01267	0.01191	0.00367	0.01428	0.01098	0.00934	0.01757
10	0.04292	0.01707	0.02209	0.01770	0.02479	0.01520	0.01437	0.04770	0.03059	0.37999	0.04347	0.04073	0.02910	0.01414	0.01061	0.00333	0.00854	0.01144	0.20915	0.01707
11	0.02738	0.01344	0.01754	0.01703	0.02074	0.01232	0.01286	0.03101	0.02634	0.18341	0.05379	0.28852	0.05327	0.02540	0.01281	0.00408	0.00778	0.05438	0.12499	0.01293
12	0.18356	0.02396	0.07143	0.22244	0.04942	0.02349	0.06435	0.03273	0.02365	0.07989	0.02753	0.09802	0.02383	0.01458	0.01110	0.00388	0.01283	0.01250	0.00722	0.01361
13	0.02487	0.01988	0.02967	0.36203	0.05932	0.02283	0.02551	0.06842	0.02747	0.07648	0.04254	0.04736	0.11488	0.01557	0.01205	0.00383	0.01290	0.01325	0.00763	0.01349
14	0.01417	0.01012	0.01350	0.01619	0.01687	0.00945	0.01080	0.01619	0.02227	0.02969	0.06410	0.58367	0.07692	0.03644	0.01484	0.00472	0.00675	0.03306	0.01080	0.00945
15	0.01747	0.01442	0.02229	0.21834	0.04087	0.01638	0.01938	0.02198	0.02200	0.02923	0.04231	0.28558	0.04589	0.03620	0.10665	0.00686	0.01426	0.02107	0.00792	0.01089
16	0.02538	0.01494	0.02175	0.12425	0.03096	0.01602	0.01609	0.06149	0.02170	0.07045	0.02318	0.03423	0.01999	0.03023	0.03299	0.41907	0.01138	0.01032	0.00645	0.00914
17	0.02319	0.02165	0.03200	0.16690	0.08472	0.02761	0.02453	0.02697	0.01983	0.02829	0.02145	0.03712	0.02092	0.12929	0.03306	0.00584	0.26734	0.01156	0.00556	0.01218
18	0.02972	0.01344	0.01579	0.01394	0.01841	0.01260	0.01090	0.03489	0.02766	0.17876	0.08393	0.04632	0.03690	0.01473	0.00964	0.00305	0.00668	0.01202	0.41727	0.01335
19	0.02466	0.02416	0.03069	0.12207	0.04041	0.10004	0.07872	0.03272	0.06493	0.03305	0.03645	0.06199	0.03454	0.03074	0.10497	0.00673	0.01764	0.13504	0.00772	0.01274
20	0.10693	0.02631	0.04968	0.23437	0.06308	0.02768	0.25418	0.03409	0.02494	0.03636	0.02155	0.02966	0.01622	0.01060	0.01213	0.00386	0.01676	0.01154	0.00578	0.01428
21	0.02963	0.01480	0.01977	0.01687	0.02192	0.01323	0.01323	0.03475	0.03306	0.22365	0.34052	0.06944	0.07990	0.02032	0.01297	0.00364	0.00711	0.01759	0.01339	0.01423
22	0.01619	0.01143	0.01497	0.01668	0.01800	0.01103	0.01216	0.01913	0.02374	0.03177	0.11464	0.30284	0.07165	0.14264	0.02373	0.00604	0.00852	0.13505	0.01029	0.00950
23	0.01706	0.01226	0.01699	0.01820	0.01993	0.01294	0.01411	0.02060	0.02148	0.02911	0.04626	0.14699	0.04986	0.15220	0.21863	0.01124	0.01785	0.15610	0.00842	0.00978
24	0.15510	0.03004	0.04921	0.10764	0.09480	0.07314	0.24998	0.03636	0.02581	0.03853	0.02109	0.02774	0.01622	0.01047	0.01170	0.00373	0.01660	0.01099	0.00605	0.01478
25	0.02706	0.03021	0.06215	0.04539	0.05485	0.03063	0.38792	0.03544	0.02556	0.03544	0.02191	0.03021	0.01718	0.01188	0.01852	0.00415	0.12766	0.01303	0.00573	0.01510
26	0.01564	0.01026	0.01297	0.01514	0.01622	0.00972	0.01027	0.01834	0.02268	0.03237	0.05897	0.47759	0.06767	0.03194	0.01353	0.00433	0.00649	0.02870	0.13744	0.00972
27	0.02355	0.02263	0.11001	0.02101	0.02566	0.01739	0.01858	0.02765	0.02274	0.10507	0.04210	0.23148	0.04397	0.13548	0.02534	0.00570	0.08104	0.01941	0.00884	0.01234
28	0.15269	0.02098	0.02441	0.01963	0.02714	0.02084	0.01599	0.12102	0.03465	0.26882	0.12912	0.04317	0.04024	0.01553	0.01129	0.00359	0.00939	0.01237	0.01233	0.01680
29	0.02020	0.01010	0.01515	0.01515	0.01515	0.01010	0.01010	0.01515	0.01515	0.02020	0.02020	0.03535	0.02020	0.04040	0.04545	0.66162	0.01010	0.01010	0.00505	0.00505
30	0.01967	0.01340	0.01570	0.01666	0.01927	0.01382	0.01251	0.02855	0.10553	0.03786	0.05294	0.25870	0.05406	0.02532	0.01249	0.00408	0.00737	0.08499	0.20546	0.01160
31	0.02974	0.01481	0.01990	0.01753	0.02244	0.01332	0.01384	0.03460	0.03179	0.22291	0.27059	0.10977	0.07387	0.02188	0.01323	0.00385	0.00763	0.05110	0.01308	0.01412
32	0.02377	0.02266	0.03112	0.02703	0.02703	0.03084	0.02183	0.02582	0.01764	0.02692	0.01946	0.03539	0.02057	0.13244	0.04230	0.00630	0.46028	0.01150	0.00547	0.01161
33	0.67341	0.02249	0.01709	0.01529	0.02249	0.02609	0.01260	0.03419	0.01979	0.05218	0.01619	0.01889	0.01260	0.01080	0.00720	0.00360	0.00900	0.00630	0.00720	0.01260
34	0.02549	0.01981	0.02735	0.02416	0.02963	0.02060	0.07415	0.04098	0.20219	0.08260	0.08960	0.15455	0.05123	0.02175	0.01340	0.00424	0.01005	0.08241	0.01103	0.01478
35	0.09773	0.01232	0.01405	0.01500	0.01747	0.01191	0.01071	0.01968	0.02479	0.03616	0.15553	0.33215	0.15189	0.02949	0.01347	0.00423	0.00663	0.02583	0.01074	0.01021
36	0.02571	0.01720	0.02660	0.02167	0.02760	0.01529	0.08342	0.03100	0.02916	0.13536	0.20480	0.14937	0.06232	0.02014	0.01288	0.00363	0.00912	0.01844	0.01096	0.09534
37	0.11062	0.41996	0.14770	0.02192	0.03294	0.03977	0.02351	0.03514	0.02333	0.03235	0.01710	0.01984	0.01459	0.01027	0.00813	0.00286	0.01294	0.00670	0.00524	0.01508
38	0.02348	0.03341	0.18950	0.11926	0.04423	0.02105	0.02648	0.03180	0.02411	0.03610	0.02074	0.02548	0.01612	0.00993	0.00993	0.00274	0.01260	0.00805	0.00595	0.33905
39	0.08669	0.02535	0.03383	0.02717	0.03295	0.06379	0.10746	0.08965	0.02760	0.08334	0.02671	0.03500	0.02207	0.07008	0.06893	0.00583	0.10667	0.01135	0.06153	0.01402

[dist]
# distance from previous block
# <min> <max>
0	17

[block]
# block no. 8 follows, 10 sequences, length 13
# corresponding to MSA columns:
# 297-309
name=unknown_I
#
# <colnr> <probs for GDERKNQSTAVLIFYWHMCP>
#	G	D	E	R	K	N	Q	S	T	A	V	L	I	F	Y	W	H	M	C	P
0	0.30479	0.17569	0.03754	0.08077	0.03610	0.08219	0.06810	0.03540	0.02328	0.03938	0.01764	0.02170	0.01430	0.01067	0.00878	0.00332	0.01292	0.00764	0.00614	0.01366
1	0.02702	0.05528	0.44330	0.03202	0.04781	0.02861	0.03928	0.11517	0.02988	0.04328	0.02212	0.02515	0.01563	0.01156	0.01115	0.00365	0.01641	0.00893	0.00610	0.01765
2	0.01691	0.01128	0.01268	0.01268	0.01268	0.01128	0.00705	0.01691	0.01691	0.02255	0.03665	0.07611	0.04228	0.59126	0.05920	0.01128	0.01128	0.01691	0.00705	0.00705
3	0.01745	0.01108	0.01309	0.01309	0.01309	0.01108	0.00754	0.01663	0.01663	0.02217	0.03397	0.06948	0.03869	0.50161	0.05696	0.11711	0.01108	0.01580	0.00672	0.00672
4	0.01489	0.01183	0.01337	0.01298	0.01641	0.01031	0.00974	0.01891	0.02921	0.03784	0.28437	0.10136	0.34344	0.02706	0.01373	0.00381	0.00572	0.02306	0.01165	0.01031
5	0.13832	0.02331	0.03906	0.35489	0.06573	0.02666	0.12515	0.03214	0.02355	0.03532	0.02050	0.02895	0.01545	0.01109	0.01130	0.00384	0.01524	0.01036	0.00568	0.01346
6	0.02909	0.02123	0.02888	0.21641	0.04738	0.02174	0.02183	0.03964	0.10350	0.12314	0.02953	0.03252	0.02166	0.01191	0.01078	0.00320	0.01143	0.01002	0.00841	0.20771
7	0.02082	0.01436	0.01965	0.13332	0.03140	0.01453	0.01550	0.02629	0.02897	0.08184	0.25396	0.07054	0.14112	0.02027	0.01255	0.00365	0.00810	0.01749	0.07371	0.01196
8	0.09022	0.17933	0.12420	0.11811	0.04161	0.02875	0.02463	0.04076	0.02628	0.18106	0.02668	0.02815	0.01894	0.01184	0.01007	0.00337	0.01275	0.00901	0.00801	0.01622
9	0.18610	0.08302	0.12113	0.11382	0.04193	0.02693	0.07279	0.03506	0.06931	0.03903	0.02677	0.08660	0.02340	0.01405	0.01062	0.00374	0.01278	0.01173	0.00695	0.01424
10	0.08596	0.02780	0.11495	0.02543	0.07135	0.02090	0.02156	0.04212	0.07762	0.16969	0.03140	0.03190	0.02257	0.01208	0.01029	0.00318	0.01073	0.00970	0.06248	0.14830
11	0.19232	0.12874	0.11223	0.02031	0.02993	0.02534	0.01980	0.03767	0.02574	0.14075	0.07036	0.03102	0.02635	0.01241	0.00957	0.00322	0.01077	0.00923	0.00840	0.08585
12	0.24277	0.02282	0.02169	0.01801	0.02531	0.06837	0.01436	0.03655	0.02688	0.13848	0.11082	0.03622	0.03411	0.01345	0.00983	0.00317	0.00960	0.01019	0.00941	0.14796

[dist]
# distance from previous block
# <min> <max>
1	68

[block]
# block no. 9 follows, 10 sequences, length 16
# corresponding to MSA columns:
# 386-401
name=unknown_J
#
# <colnr> <probs for GDERKNQSTAVLIFYWHMCP>
#	G	D	E	R	K	N	Q	S	T	A	V	L	I	F	Y	W	H	M	C	P
0	0.21212	0.11650	0.02995	0.02389	0.08390	0.02460	0.01748	0.03424	0.02457	0.09753	0.03243	0.03935	0.05871	0.01381	0.00972	0.00327	0.01009	0.04363	0.00802	0.11620
1	0.02692	0.28490	0.10230	0.02760	0.08837	0.03319	0.02286	0.03650	0.09831	0.03346	0.02977	0.11252	0.02821	0.01517	0.01021	0.00332	0.01177	0.01227	0.00704	0.01530
2	0.02927	0.42604	0.14007	0.02636	0.03778	0.04044	0.09052	0.03551	0.02434	0.03038	0.01803	0.02150	0.01529	0.01011	0.00897	0.00290	0.01428	0.00771	0.00510	0.01541
3	0.22097	0.15659	0.02988	0.01754	0.02503	0.02529	0.01486	0.03439	0.02285	0.11796	0.02239	0.02560	0.01770	0.01549	0.01418	0.10563	0.01008	0.00785	0.00748	0.10822
4	0.37365	0.02621	0.09793	0.01832	0.02672	0.02251	0.01742	0.03730	0.02345	0.12725	0.02503	0.02679	0.01813	0.01184	0.00868	0.00348	0.00990	0.00822	0.10292	0.01425
5	0.11077	0.02610	0.09416	0.02161	0.03062	0.02111	0.01977	0.09131	0.02917	0.19013	0.03042	0.03228	0.02211	0.02464	0.09911	0.00581	0.01446	0.00986	0.00939	0.11718
6	0.10607	0.06404	0.02798	0.14267	0.03783	0.02342	0.01930	0.10225	0.03027	0.11377	0.08981	0.12218	0.03849	0.01748	0.01154	0.00374	0.01070	0.01458	0.00954	0.01434
7	0.02672	0.12105	0.25978	0.02418	0.03587	0.02415	0.02743	0.03487	0.02626	0.11110	0.04714	0.04680	0.13554	0.01579	0.01127	0.00355	0.01267	0.01252	0.00781	0.01552
8	0.02020	0.01010	0.01515	0.01515	0.01515	0.01010	0.01010	0.01515	0.01515	0.02020	0.02020	0.03535	0.02020	0.04040	0.04545	0.66162	0.01010	0.01010	0.00505	0.00505
9	0.02881	0.02387	0.03424	0.11276	0.03819	0.03138	0.02530	0.03246	0.02093	0.10123	0.02059	0.02839	0.01728	0.01811	0.03013	0.00468	0.40097	0.01042	0.00646	0.01379
10	0.08941	0.12056	0.15229	0.09762	0.04095	0.02594	0.02540	0.04296	0.02720	0.22433	0.02935	0.02983	0.02011	0.01222	0.01050	0.00348	0.01272	0.00946	0.00880	0.01687
11	0.42643	0.02446	0.02288	0.01887	0.02685	0.02705	0.01556	0.14358	0.03020	0.13172	0.02364	0.02429	0.01684	0.01211	0.00896	0.00357	0.01004	0.00814	0.00938	0.01543
12	0.01894	0.01464	0.01813	0.01692	0.01692	0.01706	0.01142	0.01954	0.01713	0.02384	0.03157	0.06408	0.03587	0.45567	0.05420	0.00981	0.14397	0.01531	0.00658	0.00840
13	0.02808	0.03191	0.15451	0.16062	0.05477	0.02456	0.16519	0.03681	0.02632	0.11166	0.02886	0.07320	0.02275	0.01327	0.01239	0.00387	0.01558	0.01292	0.00720	0.01554
14	0.01646	0.01189	0.01555	0.01463	0.01738	0.01097	0.01097	0.02195	0.03292	0.04664	0.51257	0.08688	0.10974	0.02378	0.01372	0.00366	0.00549	0.02103	0.01280	0.01097
15	0.04132	0.02790	0.03258	0.03071	0.10858	0.06790	0.02146	0.17389	0.03719	0.20284	0.03079	0.03063	0.02166	0.01259	0.01110	0.00322	0.01210	0.01007	0.01043	0.11305

[dist]
# distance from previous block
# <min> <max>
0	2

[block]
# block no. 10 follows, 10 sequences, length 33
# corresponding to MSA columns:
# 404-436
name=unknown_K
#
# <colnr> <probs for GDERKNQSTAVLIFYWHMCP>
#	G	D	E	R	K	N	Q	S	T	A	V	L	I	F	Y	W	H	M	C	P
0	0.01775	0.01928	0.08115	0.01850	0.02336	0.01428	0.01563	0.02473	0.07009	0.03358	0.06078	0.32790	0.12664	0.02719	0.01325	0.00408	0.00837	0.02394	0.00974	0.07975
1	0.02975	0.08637	0.28672	0.13705	0.05040	0.02619	0.03352	0.03941	0.02606	0.13794	0.02573	0.02857	0.01787	0.01179	0.01102	0.00361	0.01493	0.00941	0.00697	0.01669
2	0.03292	0.14811	0.04231	0.12650	0.04389	0.07465	0.09230	0.11525	0.03132	0.07925	0.02505	0.02903	0.01899	0.01186	0.01062	0.00330	0.01398	0.00994	0.07534	0.01537
3	0.01646	0.01243	0.01548	0.01736	0.01895	0.01247	0.01198	0.02328	0.09614	0.03264	0.06150	0.49972	0.07049	0.03323	0.01438	0.00460	0.00713	0.02997	0.01096	0.01084
4	0.02412	0.02067	0.02412	0.01723	0.02756	0.01550	0.01378	0.02929	0.02412	0.03790	0.02067	0.02412	0.01723	0.00861	0.00861	0.00172	0.00861	0.00689	0.00689	0.66236
5	0.02282	0.01961	0.02555	0.02543	0.10171	0.01616	0.01658	0.02762	0.02411	0.03625	0.02967	0.13839	0.02953	0.01453	0.01033	0.00260	0.00904	0.01274	0.00751	0.42981
6	0.30514	0.06992	0.02613	0.10297	0.03343	0.02665	0.01787	0.08728	0.02485	0.04417	0.02141	0.02734	0.01750	0.02676	0.11764	0.00660	0.01527	0.00870	0.00706	0.01330
7	0.01631	0.01210	0.01535	0.01516	0.01811	0.01114	0.01179	0.02131	0.03078	0.04199	0.36962	0.09839	0.17772	0.02612	0.01409	0.00397	0.00637	0.08685	0.01211	0.01072
8	0.03687	0.04227	0.20924	0.02901	0.04108	0.03288	0.02944	0.32422	0.04410	0.06048	0.02545	0.02674	0.01801	0.01294	0.01143	0.00356	0.01434	0.00981	0.00927	0.01887
9	0.09210	0.01631	0.01976	0.01915	0.02249	0.01742	0.01437	0.03130	0.08350	0.11152	0.04934	0.31673	0.05141	0.02613	0.01546	0.00437	0.06309	0.02217	0.01055	0.01284
10	0.03113	0.14060	0.03392	0.02089	0.02957	0.02794	0.01748	0.18244	0.03421	0.04679	0.02773	0.09518	0.02519	0.01423	0.01020	0.00286	0.01058	0.01129	0.00861	0.22914
11	0.03307	0.10953	0.02929	0.02070	0.02731	0.02417	0.01671	0.04686	0.19175	0.18131	0.04547	0.14807	0.03875	0.01866	0.01173	0.00378	0.00941	0.01569	0.01131	0.01645
12	0.05218	0.01979	0.02699	0.02069	0.02969	0.01709	0.01709	0.05668	0.03329	0.52677	0.04588	0.03959	0.02879	0.01439	0.01170	0.00360	0.00990	0.01170	0.01439	0.01979
13	0.02679	0.11302	0.41893	0.03095	0.04638	0.03015	0.03791	0.09275	0.02827	0.04046	0.02127	0.02436	0.01539	0.01130	0.01075	0.00353	0.01613	0.00858	0.00577	0.01728
14	0.04392	0.02399	0.02848	0.02283	0.03121	0.02448	0.01853	0.14844	0.16898	0.29501	0.04246	0.03817	0.02876	0.01469	0.01172	0.00367	0.01032	0.01184	0.01308	0.01940
15	0.02150	0.01399	0.01715	0.01560	0.01970	0.01305	0.01195	0.02870	0.07150	0.10454	0.33349	0.08224	0.17516	0.02306	0.01331	0.00373	0.00645	0.01989	0.01252	0.01249
16	0.02172	0.01684	0.02111	0.02023	0.02261	0.01861	0.01519	0.10468	0.02864	0.03919	0.09383	0.34498	0.05996	0.02852	0.01776	0.00445	0.09526	0.02413	0.01026	0.01202
17	0.01691	0.01128	0.01268	0.01268	0.01268	0.01128	0.00705	0.01691	0.01691	0.02255	0.03665	0.07611	0.04228	0.59126	0.05920	0.01128	0.01128	0.01691	0.00705	0.00705
18	0.01802	0.01247	0.01467	0.01376	0.01757	0.01091	0.01044	0.02222	0.02989	0.07782	0.28674	0.09505	0.29626	0.02574	0.01357	0.00378	0.00603	0.02196	0.01197	0.01113
19	0.67341	0.02249	0.01709	0.01529	0.02249	0.02609	0.01260	0.03419	0.01979	0.05218	0.01619	0.01889	0.01260	0.01080	0.00720	0.00360	0.00900	0.00630	0.00720	0.01260
20	0.02308	0.02181	0.03690	0.48282	0.15186	0.02613	0.03286	0.03069	0.02378	0.03107	0.02087	0.03064	0.01598	0.01142	0.01161	0.00381	0.01523	0.01034	0.00526	0.01382
21	0.16277	0.01890	0.02264	0.01816	0.02585	0.01779	0.01487	0.04791	0.02940	0.36355	0.03914	0.03633	0.02594	0.01360	0.01031	0.00346	0.00903	0.01056	0.11273	0.01707
22	0.01646	0.01189	0.01555	0.01463	0.01738	0.01097	0.01097	0.02195	0.03292	0.04664	0.51257	0.08688	0.10974	0.02378	0.01372	0.00366	0.00549	0.02103	0.01280	0.01097
