[name]
unknown

[dist]
# distance from previous block
# <min> <max>
6	103

[block]
# block no. 0 follows, 10 sequences, length 25
# corresponding to MSA columns:
# 127-151
name=unknown_A
#
# <colnr> <probs for GDERKNQSTAVLIFYWHMCP>
#	G	D	E	R	K	N	Q	S	T	A	V	L	I	F	Y	W	H	M	C	P
0	0.16303	0.08036	0.03188	0.02520	0.06817	0.02733	0.01928	0.12039	0.03098	0.18106	0.02733	0.02803	0.01971	0.01285	0.01229	0.00342	0.05672	0.00924	0.00947	0.07327
1	0.21338	0.02334	0.02790	0.02275	0.03003	0.02454	0.06066	0.15674	0.03274	0.12895	0.03397	0.13270	0.02983	0.01700	0.01122	0.00381	0.01079	0.01409	0.01013	0.01543
2	0.08604	0.12801	0.07521	0.02255	0.03176	0.07886	0.02001	0.08137	0.12031	0.09122	0.02768	0.02814	0.02098	0.01201	0.00989	0.00308	0.01184	0.00895	0.00847	0.13361
3	0.13391	0.13913	0.12219	0.02103	0.02956	0.02607	0.02047	0.07648	0.02861	0.08493	0.11505	0.08651	0.03903	0.01600	0.01066	0.00350	0.01078	0.01270	0.00875	0.01464
4	0.15408	0.09758	0.19694	0.02543	0.03595	0.07990	0.02602	0.04386	0.15328	0.04126	0.02641	0.02764	0.02002	0.01227	0.01009	0.00355	0.01331	0.00904	0.00735	0.01603
5	0.01773	0.01132	0.01529	0.01521	0.01602	0.01181	0.01032	0.01791	0.01829	0.02520	0.07195	0.05705	0.03823	0.24596	0.18463	0.19861	0.01589	0.01410	0.00675	0.00773
6	0.09658	0.03055	0.12400	0.02860	0.08146	0.02464	0.02410	0.09080	0.10925	0.21918	0.03459	0.03330	0.02388	0.01323	0.01116	0.00365	0.01174	0.01061	0.01040	0.01828
7	0.02735	0.02415	0.02889	0.03174	0.12379	0.02673	0.02080	0.05213	0.35805	0.04482	0.04956	0.04753	0.08091	0.01612	0.01197	0.00385	0.00976	0.01377	0.01055	0.01754
8	0.01691	0.01128	0.01268	0.01268	0.01268	0.01128	0.00705	0.01691	0.01691	0.02255	0.03665	0.07611	0.04228	0.59126	0.05920	0.01128	0.01128	0.01691	0.00705	0.00705
9	0.01862	0.01452	0.01933	0.01926	0.02198	0.01651	0.01469	0.02801	0.11246	0.03165	0.03963	0.13217	0.03806	0.06512	0.35572	0.01357	0.02294	0.01592	0.00806	0.01179
10	0.67341	0.02249	0.01709	0.01529	0.02249	0.02609	0.01260	0.03419	0.01979	0.05218	0.01619	0.01889	0.01260	0.01080	0.00720	0.00360	0.00900	0.00630	0.00720	0.01260
11	0.02906	0.01473	0.02068	0.01920	0.02354	0.01438	0.01515	0.03305	0.02537	0.20671	0.04562	0.15358	0.04172	0.04623	0.20270	0.00936	0.01695	0.05793	0.01045	0.01360
12	0.05218	0.01979	0.02699	0.02069	0.02969	0.01709	0.01709	0.05668	0.03329	0.52677	0.04588	0.03959	0.02879	0.01439	0.01170	0.00360	0.00990	0.01170	0.01439	0.01979
13	0.03084	0.03225	0.07559	0.02480	0.03166	0.11699	0.02070	0.12376	0.19697	0.04474	0.03933	0.13991	0.03507	0.01834	0.01207	0.00382	0.01223	0.01510	0.00990	0.01593
14	0.02477	0.02275	0.03278	0.02341	0.03403	0.01821	0.10379	0.03084	0.02477	0.03777	0.02123	0.02553	0.01731	0.00884	0.00961	0.00215	0.01075	0.00822	0.00669	0.53656
15	0.02412	0.02067	0.02412	0.01723	0.02756	0.01550	0.01378	0.02929	0.02412	0.03790	0.02067	0.02412	0.01723	0.00861	0.00861	0.00172	0.00861	0.00689	0.00689	0.66236
16	0.03765	0.13466	0.03329	0.02187	0.02997	0.02803	0.01823	0.05473	0.23966	0.21522	0.04075	0.03722	0.02910	0.01415	0.01093	0.00354	0.01008	0.01128	0.01141	0.01823
17	0.03291	0.02550	0.02767	0.02360	0.03025	0.02834	0.01859	0.24043	0.20655	0.05602	0.04189	0.14156	0.03651	0.01898	0.01233	0.00389	0.01034	0.01582	0.01154	0.01728
18	0.01661	0.01246	0.01869	0.01869	0.02077	0.01454	0.01454	0.02077	0.01869	0.02700	0.03115	0.04569	0.02908	0.08723	0.54517	0.01869	0.03115	0.01246	0.00623	0.01038
19	0.54517	0.02009	0.01639	0.01547	0.02140	0.02285	0.01225	0.03069	0.02027	0.04781	0.02551	0.12876	0.02511	0.01578	0.00869	0.00382	0.00856	0.01150	0.00790	0.01198
20	0.44355	0.02323	0.02250	0.02277	0.07242	0.02637	0.01634	0.07342	0.06699	0.05015	0.02184	0.02511	0.01725	0.01789	0.05355	0.00487	0.01166	0.00819	0.00778	0.01412
21	0.01939	0.01698	0.02778	0.02386	0.02833	0.01757	0.10361	0.02711	0.06653	0.03348	0.08802	0.09743	0.08029	0.05032	0.25196	0.01059	0.02022	0.01635	0.00808	0.01208
22	0.67341	0.02249	0.01709	0.01529	0.02249	0.02609	0.01260	0.03419	0.01979	0.05218	0.01619	0.01889	0.01260	0.01080	0.00720	0.00360	0.00900	0.00630	0.00720	0.01260
23	0.54564	0.02054	0.01740	0.01596	0.02216	0.02384	0.01297	0.03158	0.01958	0.04728	0.01910	0.02411	0.01580	0.02567	0.11185	0.00653	0.01331	0.00750	0.00701	0.01217
24	0.03268	0.03315	0.03016	0.03016	0.08147	0.16254	0.02122	0.05516	0.32918	0.04233	0.03713	0.03609	0.02844	0.01424	0.01145	0.00365	0.01273	0.01140	0.00970	0.01713

[dist]
# distance from previous block
# <min> <max>
0	4

[block]
# block no. 1 follows, 10 sequences, length 41
# corresponding to MSA columns:
# 156-195,197
name=unknown_B
#
# <colnr> <probs for GDERKNQSTAVLIFYWHMCP>
#	G	D	E	R	K	N	Q	S	T	A	V	L	I	F	Y	W	H	M	C	P
0	0.03455	0.02075	0.02639	0.08406	0.03436	0.02218	0.01896	0.05008	0.20530	0.21344	0.04130	0.04096	0.02984	0.02560	0.09232	0.00604	0.01349	0.01220	0.01113	0.01706
1	0.02945	0.11551	0.04602	0.04684	0.25338	0.07636	0.07870	0.03552	0.02631	0.03540	0.02061	0.02594	0.01726	0.01005	0.01051	0.00299	0.01395	0.00919	0.00589	0.14012
2	0.03362	0.10600	0.27011	0.02931	0.04156	0.15459	0.03135	0.08267	0.03016	0.08243	0.02267	0.02480	0.01658	0.01175	0.01067	0.00337	0.01655	0.00855	0.00669	0.01655
3	0.02698	0.14783	0.11037	0.07701	0.08364	0.02725	0.02390	0.03789	0.11028	0.07413	0.03481	0.13326	0.03169	0.01666	0.01129	0.00366	0.01172	0.01407	0.00814	0.01542
4	0.04063	0.02015	0.02581	0.01927	0.02881	0.01644	0.01573	0.04541	0.02951	0.32556	0.03551	0.03322	0.02403	0.01202	0.01043	0.00283	0.00937	0.00972	0.01131	0.28425
5	0.02764	0.02647	0.04514	0.15380	0.44523	0.02733	0.03513	0.03469	0.02594	0.03661	0.02167	0.02916	0.01793	0.01057	0.01153	0.00352	0.01410	0.01036	0.00566	0.01750
6	0.01661	0.01246	0.01869	0.01869	0.02077	0.01454	0.01454	0.02077	0.01869	0.02700	0.03115	0.04569	0.02908	0.08723	0.54517	0.01869	0.03115	0.01246	0.00623	0.01038
7	0.03150	0.02507	0.02649	0.02233	0.02938	0.02760	0.01779	0.21018	0.23107	0.05433	0.05487	0.05200	0.13044	0.01798	0.01216	0.00377	0.00986	0.01454	0.01154	0.01712
8	0.01680	0.01172	0.01495	0.01495	0.01574	0.01251	0.00988	0.01837	0.01758	0.02423	0.03457	0.06462	0.03730	0.40093	0.24271	0.01408	0.01878	0.01523	0.00674	0.00831
9	0.02531	0.16100	0.38671	0.03241	0.04758	0.03097	0.08847	0.03649	0.02471	0.03505	0.02027	0.02420	0.01511	0.01069	0.01066	0.00348	0.01655	0.00873	0.00504	0.01658
10	0.01656	0.01224	0.01750	0.01716	0.01949	0.01319	0.01319	0.02121	0.02407	0.03442	0.21294	0.06124	0.05954	0.06327	0.34449	0.01301	0.02146	0.01570	0.00871	0.01061
11	0.02412	0.02067	0.02412	0.01723	0.02756	0.01550	0.01378	0.02929	0.02412	0.03790	0.02067	0.02412	0.01723	0.00861	0.00861	0.00172	0.00861	0.00689	0.00689	0.66236
12	0.13760	0.07807	0.03076	0.02207	0.03054	0.02867	0.01834	0.17304	0.12046	0.19314	0.03380	0.03189	0.02371	0.01357	0.01063	0.00353	0.01070	0.01029	0.01119	0.01800
13	0.27733	0.08633	0.02983	0.02180	0.02982	0.08125	0.01802	0.18885	0.07718	0.05428	0.02320	0.02438	0.01759	0.01236	0.00947	0.00343	0.01179	0.00845	0.00879	0.01588
14	0.02020	0.01010	0.01515	0.01515	0.01515	0.01010	0.01010	0.01515	0.01515	0.02020	0.02020	0.03535	0.02020	0.04040	0.04545	0.66162	0.01010	0.01010	0.00505	0.00505
15	0.02506	0.02370	0.04140	0.05179	0.30632	0.02314	0.09521	0.03200	0.02847	0.04035	0.16231	0.04577	0.04439	0.01411	0.01248	0.00358	0.01231	0.01392	0.00779	0.01588
16	0.02967	0.05178	0.38029	0.03121	0.04600	0.02976	0.03663	0.17144	0.03371	0.04791	0.02301	0.02558	0.01627	0.01193	0.01123	0.00362	0.01585	0.00916	0.00695	0.01798
17	0.02333	0.06016	0.53100	0.03315	0.05034	0.02701	0.04297	0.03683	0.02455	0.03683	0.02087	0.02455	0.01473	0.01105	0.01105	0.00368	0.01719	0.00859	0.00491	0.01719
18	0.03035	0.01873	0.02219	0.01814	0.02547	0.01698	0.01439	0.04014	0.11726	0.17909	0.09507	0.05480	0.12893	0.01701	0.01155	0.00328	0.00829	0.01413	0.01125	0.17294
19	0.02211	0.01867	0.02083	0.01748	0.02427	0.01736	0.01360	0.03458	0.15786	0.04085	0.12288	0.05748	0.14102	0.01729	0.01136	0.00310	0.00773	0.01449	0.00998	0.24704
20	0.04254	0.03869	0.03351	0.02742	0.03548	0.18729	0.02187	0.31093	0.09005	0.05758	0.02679	0.02731	0.01983	0.01354	0.01131	0.00339	0.01490	0.00983	0.00997	0.01777
21	0.02879	0.02763	0.04721	0.07139	0.51871	0.02763	0.03569	0.03569	0.02648	0.03800	0.02188	0.02879	0.01842	0.01036	0.01151	0.00345	0.01382	0.01036	0.00576	0.01842
22	0.01950	0.01572	0.02125	0.13167	0.03254	0.01682	0.01659	0.02961	0.10109	0.04338	0.33860	0.06853	0.07866	0.02001	0.01299	0.00375	0.00816	0.01759	0.01105	0.01251
23	0.02614	0.25488	0.36090	0.02835	0.04292	0.03389	0.03462	0.03611	0.02422	0.03341	0.01917	0.02242	0.01480	0.01065	0.00975	0.00325	0.01547	0.00773	0.00493	0.01637
24	0.02879	0.02763	0.04721	0.07139	0.51871	0.02763	0.03569	0.03569	0.02648	0.03800	0.02188	0.02879	0.01842	0.01036	0.01151	0.00345	0.01382	0.01036	0.00576	0.01842
25	0.57837	0.02402	0.01978	0.01703	0.02454	0.02760	0.01403	0.10152	0.02506	0.05537	0.01797	0.02026	0.01368	0.01127	0.00787	0.00358	0.00957	0.00693	0.00787	0.01368
26	0.03549	0.02658	0.02876	0.02423	0.03181	0.02974	0.01931	0.17775	0.32829	0.10289	0.04179	0.03871	0.03046	0.01514	0.01176	0.00378	0.01027	0.01226	0.01203	0.01893
27	0.27006	0.02530	0.04163	0.03212	0.04078	0.02574	0.23216	0.03411	0.02446	0.04252	0.02651	0.04174	0.02318	0.01355	0.01161	0.00402	0.01426	0.07537	0.00711	0.01377
28	0.67341	0.02249	0.01709	0.01529	0.02249	0.02609	0.01260	0.03419	0.01979	0.05218	0.01619	0.01889	0.01260	0.01080	0.00720	0.00360	0.00900	0.00630	0.00720	0.01260
29	0.02046	0.01945	0.03539	0.02813	0.03448	0.01809	0.18754	0.02710	0.02877	0.03856	0.18838	0.07714	0.14161	0.02079	0.01408	0.00406	0.01168	0.08226	0.00951	0.01250
30	0.03109	0.59826	0.06095	0.01990	0.02985	0.04602	0.01990	0.03483	0.02363	0.02736	0.01617	0.01866	0.01493	0.00995	0.00746	0.00249	0.01244	0.00622	0.00498	0.01493
31	0.29842	0.02384	0.02250	0.01868	0.02573	0.02664	0.01525	0.20101	0.03394	0.05830	0.02521	0.02746	0.01894	0.01257	0.00907	0.00337	0.00968	0.00883	0.14562	0.01494
32	0.02148	0.01957	0.03245	0.48146	0.07164	0.02396	0.03025	0.02887	0.02379	0.03048	0.02685	0.04614	0.02327	0.01472	0.01230	0.00410	0.01478	0.07530	0.00601	0.01259
33	0.01726	0.01131	0.01474	0.01427	0.01612	0.01062	0.01012	0.01894	0.02563	0.03512	0.28266	0.07406	0.12456	0.08145	0.02697	0.19224	0.00738	0.01794	0.00983	0.00879
34	0.01993	0.01515	0.02036	0.09892	0.02853	0.01599	0.01527	0.06509	0.03032	0.04200	0.29224	0.06718	0.07140	0.08257	0.07881	0.00614	0.01119	0.01705	0.01023	0.01164
35	0.03569	0.12416	0.04062	0.03881	0.17219	0.22567	0.02503	0.08034	0.03091	0.03606	0.01999	0.02379	0.01661	0.01109	0.01026	0.00298	0.01574	0.00834	0.00638	0.07535
36	0.02756	0.02295	0.02819	0.12085	0.03898	0.02136	0.01883	0.11553	0.02980	0.04314	0.02206	0.02613	0.01739	0.01020	0.00975	0.00246	0.01070	0.00822	0.00748	0.41843
37	0.27273	0.02257	0.02958	0.20108	0.13523	0.02526	0.02375	0.03564	0.02371	0.09705	0.02211	0.02700	0.01649	0.01139	0.00994	0.00366	0.01208	0.00897	0.00711	0.01463
38	0.14647	0.03137	0.02743	0.02359	0.03039	0.13659	0.01888	0.19092	0.08043	0.05210	0.07310	0.04082	0.03139	0.01566	0.01123	0.00363	0.01268	0.04813	0.00972	0.01548
39	0.02687	0.02567	0.04374	0.20985	0.39526	0.02713	0.03474	0.03401	0.02557	0.03567	0.02154	0.02941	0.01760	0.01072	0.01155	0.00357	0.01429	0.01036	0.00559	0.01687
40	0.26797	0.11958	0.07415	0.10069	0.03383	0.02597	0.01924	0.03007	0.02192	0.03846	0.02740	0.14028	0.02719	0.01621	0.00988	0.00370	0.01084	0.01275	0.00706	0.01280

[dist]
# distance from previous block
# <min> <max>
0	1

[block]
# block no. 2 follows, 10 sequences, length 11
# corresponding to MSA columns:
# 199-209
name=unknown_C
#
# <colnr> <probs for GDERKNQSTAVLIFYWHMCP>
#	G	D	E	R	K	N	Q	S	T	A	V	L	I	F	Y	W	H	M	C	P
0	0.02276	0.02569	0.09019	0.03017	0.03802	0.02175	0.17887	0.03450	0.10012	0.04121	0.18067	0.09544	0.05331	0.01736	0.01324	0.00389	0.01235	0.01695	0.00922	0.01429
1	0.02625	0.02604	0.04726	0.23101	0.28347	0.02738	0.12027	0.03400	0.02560	0.03509	0.02180	0.03003	0.01730	0.01068	0.01198	0.00369	0.01551	0.01101	0.00559	0.01606
2	0.04799	0.01886	0.02565	0.01998	0.02824	0.01638	0.01638	0.05260	0.03325	0.47039	0.10068	0.04514	0.03830	0.01550	0.01193	0.00361	0.00938	0.01279	0.01421	0.01876
3	0.01676	0.01166	0.01458	0.01441	0.01539	0.01196	0.00948	0.01873	0.02031	0.02807	0.12458	0.07125	0.05194	0.37101	0.16051	0.01152	0.01468	0.01668	0.00794	0.00854
4	0.01712	0.01131	0.01413	0.01413	0.01646	0.01064	0.01033	0.02190	0.02897	0.04256	0.32159	0.17668	0.08610	0.02412	0.01275	0.00367	0.00572	0.02125	0.14994	0.01064
5	0.01477	0.01129	0.01356	0.01412	0.01662	0.01008	0.01016	0.01824	0.02724	0.03582	0.22924	0.25458	0.24257	0.02984	0.01409	0.00409	0.00603	0.02612	0.01145	0.01008
6	0.02893	0.02498	0.02630	0.02367	0.03024	0.02893	0.01841	0.06180	0.49770	0.04865	0.04734	0.04339	0.03550	0.01578	0.01183	0.00394	0.00920	0.01315	0.01183	0.01841
7	0.01417	0.01012	0.01350	0.01619	0.01687	0.00945	0.01080	0.01619	0.02227	0.02969	0.06410	0.58367	0.07692	0.03644	0.01484	0.00472	0.00675	0.03306	0.01080	0.00945
8	0.31573	0.03569	0.02520	0.02220	0.02918	0.23901	0.01738	0.04278	0.02735	0.11668	0.02158	0.02299	0.01612	0.01185	0.00926	0.00335	0.01409	0.00764	0.00783	0.01409
9	0.12159	0.02095	0.03088	0.41408	0.06500	0.02464	0.02707	0.03035	0.02283	0.03413	0.01999	0.02833	0.01527	0.01114	0.01059	0.00357	0.01368	0.00931	0.00568	0.09093
10	0.04861	0.02099	0.03007	0.02842	0.10428	0.01870	0.01993	0.05348	0.03225	0.45222	0.04222	0.03794	0.02721	0.01378	0.01167	0.00358	0.01049	0.01149	0.01308	0.01958

[dist]
# distance from previous block
# <min> <max>
0	2

[block]
# block no. 3 follows, 10 sequences, length 11
# corresponding to MSA columns:
# 212-222
name=unknown_D
#
# <colnr> <probs for GDERKNQSTAVLIFYWHMCP>
#	G	D	E	R	K	N	Q	S	T	A	V	L	I	F	Y	W	H	M	C	P
0	0.03109	0.59826	0.06095	0.01990	0.02985	0.04602	0.01990	0.03483	0.02363	0.02736	0.01617	0.01866	0.01493	0.00995	0.00746	0.00249	0.01244	0.00622	0.00498	0.01493
1	0.37092	0.03189	0.02255	0.02062	0.02668	0.19523	0.01613	0.03628	0.02397	0.04073	0.01894	0.02345	0.01576	0.02224	0.08606	0.00558	0.01615	0.00758	0.00666	0.01257
2	0.03675	0.02348	0.03931	0.15062	0.16332	0.02319	0.08825	0.04325	0.02873	0.23628	0.03168	0.03403	0.02195	0.01220	0.01192	0.00367	0.01337	0.01137	0.00919	0.01745
3	0.03711	0.03053	0.09870	0.02547	0.03452	0.02746	0.02320	0.23011	0.09736	0.13604	0.03723	0.04625	0.02935	0.01648	0.01223	0.00386	0.01217	0.07291	0.01106	0.01794
4	0.02201	0.01251	0.01475	0.01384	0.01514	0.01212	0.00850	0.02266	0.01928	0.09545	0.03798	0.07083	0.04033	0.50786	0.05233	0.01017	0.01108	0.01616	0.00811	0.00889
5	0.02783	0.07379	0.07467	0.27861	0.05447	0.02626	0.02637	0.09393	0.02910	0.08427	0.03568	0.03977	0.07857	0.01422	0.01149	0.00367	0.01328	0.01174	0.00761	0.01467
6	0.01411	0.01035	0.01326	0.01558	0.01671	0.00950	0.01053	0.01626	0.02285	0.02993	0.07153	0.51846	0.13734	0.03547	0.01469	0.00461	0.00663	0.03189	0.01080	0.00950
7	0.02787	0.02534	0.03320	0.09354	0.04059	0.02862	0.08339	0.05446	0.37440	0.04475	0.04077	0.04021	0.03058	0.01444	0.01207	0.00393	0.01142	0.01288	0.01019	0.01736
8	0.03205	0.47133	0.10241	0.02257	0.03267	0.11310	0.02248	0.03663	0.02501	0.02843	0.01687	0.01955	0.01491	0.01034	0.00823	0.00267	0.01408	0.00662	0.00511	0.01494
9	0.03187	0.01900	0.02425	0.02379	0.06740	0.01880	0.01684	0.04372	0.15211	0.19885	0.11604	0.11659	0.08122	0.01943	0.01252	0.00384	0.00878	0.01673	0.01208	0.01614
10	0.03443	0.21824	0.10364	0.03021	0.10359	0.03258	0.02449	0.07982	0.09397	0.12767	0.02826	0.02884	0.02117	0.01209	0.01021	0.00326	0.01234	0.00942	0.00829	0.01748

[dist]
# distance from previous block
# <min> <max>
2	10

[block]
# block no. 4 follows, 10 sequences, length 17
# corresponding to MSA columns:
# 242-258
name=unknown_E
#
# <colnr> <probs for GDERKNQSTAVLIFYWHMCP>
#	G	D	E	R	K	N	Q	S	T	A	V	L	I	F	Y	W	H	M	C	P
0	0.28255	0.02079	0.02332	0.01869	0.02702	0.02043	0.01543	0.04834	0.02828	0.35078	0.03487	0.03191	0.02278	0.01306	0.01003	0.00360	0.00956	0.00969	0.01173	0.01712
1	0.01634	0.01166	0.01422	0.01468	0.01631	0.01110	0.01032	0.01905	0.02408	0.03215	0.17066	0.14860	0.12719	0.23756	0.03104	0.00688	0.00857	0.08053	0.00989	0.00916
2	0.05218	0.01979	0.02699	0.02069	0.02969	0.01709	0.01709	0.05668	0.03329	0.52677	0.04588	0.03959	0.02879	0.01439	0.01170	0.00360	0.00990	0.01170	0.01439	0.01979
3	0.67341	0.02249	0.01709	0.01529	0.02249	0.02609	0.01260	0.03419	0.01979	0.05218	0.01619	0.01889	0.01260	0.01080	0.00720	0.00360	0.00900	0.00630	0.00720	0.01260
4	0.05015	0.02304	0.02900	0.02224	0.03131	0.02192	0.01837	0.16434	0.03873	0.41142	0.04132	0.03662	0.02650	0.01428	0.01168	0.00357	0.01063	0.01138	0.01369	0.01979
5	0.02694	0.45379	0.04929	0.01899	0.02666	0.03704	0.01766	0.03025	0.02330	0.02793	0.02794	0.15744	0.03015	0.01646	0.00928	0.00304	0.01104	0.01281	0.00640	0.01358
6	0.02990	0.02044	0.02513	0.02056	0.02741	0.02040	0.01653	0.14036	0.03080	0.10571	0.02960	0.03505	0.02374	0.03983	0.20872	0.00869	0.01817	0.01046	0.00878	0.17974
7	0.03205	0.35642	0.11445	0.03009	0.09675	0.13213	0.02537	0.03731	0.02582	0.03015	0.01784	0.02115	0.01536	0.01052	0.00900	0.00286	0.01478	0.00729	0.00525	0.01540
8	0.01608	0.01149	0.01569	0.01838	0.01989	0.01110	0.01412	0.01950	0.02415	0.03183	0.06305	0.39424	0.07274	0.03463	0.01536	0.00499	0.00841	0.20360	0.01076	0.00998
9	0.02438	0.02619	0.05433	0.11595	0.05591	0.02545	0.33320	0.03255	0.02596	0.03488	0.03015	0.12687	0.02760	0.01467	0.01362	0.00405	0.01680	0.01659	0.00663	0.01422
10	0.02899	0.45277	0.18803	0.02348	0.03539	0.04088	0.02614	0.03537	0.02388	0.02992	0.01744	0.02025	0.01487	0.01025	0.00843	0.00281	0.01372	0.00686	0.00496	0.01554
11	0.05022	0.02293	0.02893	0.02218	0.03126	0.02175	0.01833	0.16065	0.03854	0.41538	0.04147	0.03672	0.02658	0.01429	0.01168	0.00357	0.01061	0.01140	0.01372	0.01979
12	0.01433	0.01099	0.01314	0.01432	0.01651	0.00980	0.01009	0.01719	0.02536	0.03273	0.14755	0.33671	0.24538	0.03203	0.01427	0.00427	0.00625	0.02817	0.01108	0.00980
13	0.09370	0.02498	0.02702	0.02273	0.02993	0.02737	0.01811	0.19523	0.19084	0.11660	0.03965	0.09659	0.03193	0.01687	0.01167	0.00380	0.01021	0.01369	0.01156	0.01751
14	0.04071	0.13378	0.03688	0.02528	0.03346	0.16398	0.02075	0.18905	0.09851	0.10390	0.02797	0.02792	0.02081	0.01305	0.01065	0.00326	0.01401	0.00947	0.00940	0.01716
15	0.35534	0.02111	0.02216	0.01806	0.02618	0.02148	0.01490	0.04570	0.02670	0.29517	0.03140	0.02949	0.02089	0.01264	0.00950	0.00360	0.00946	0.00906	0.01088	0.01628
16	0.02842	0.02750	0.09641	0.09571	0.04092	0.02454	0.07592	0.10142	0.12379	0.08399	0.07881	0.10054	0.03678	0.01663	0.01240	0.00387	0.01221	0.01474	0.00954	0.01585

[dist]
# distance from previous block
# <min> <max>
6	8

[block]
# block no. 5 follows, 10 sequences, length 14
# corresponding to MSA columns:
# 267-280
name=unknown_F
#
# <colnr> <probs for GDERKNQSTAVLIFYWHMCP>
#	G	D	E	R	K	N	Q	S	T	A	V	L	I	F	Y	W	H	M	C	P
0	0.10439	0.04040	0.22188	0.03263	0.08647	0.07976	0.06727	0.03769	0.06646	0.04019	0.08459	0.03395	0.02886	0.01295	0.01120	0.00362	0.01432	0.01077	0.00705	0.01556
1	0.02168	0.02166	0.11073	0.01839	0.02468	0.01450	0.01730	0.02820	0.03063	0.10086	0.31653	0.07293	0.13358	0.02103	0.01299	0.00369	0.00821	0.01807	0.01130	0.01303
2	0.08663	0.43671	0.10378	0.02193	0.03200	0.09333	0.02196	0.03617	0.02435	0.03060	0.01685	0.01953	0.01471	0.01035	0.00813	0.00276	0.01352	0.00661	0.00526	0.01482
3	0.53981	0.07473	0.02229	0.01637	0.02403	0.02682	0.01381	0.03696	0.02177	0.10718	0.01977	0.02137	0.01476	0.01115	0.00776	0.00350	0.00942	0.00694	0.00786	0.01368
4	0.02547	0.02266	0.04132	0.19725	0.09647	0.02311	0.16341	0.03281	0.02720	0.07770	0.09415	0.04560	0.07195	0.01424	0.01271	0.00380	0.01405	0.01406	0.00768	0.01435
5	0.02446	0.09180	0.30218	0.03020	0.04266	0.02741	0.07689	0.03901	0.10831	0.03743	0.02985	0.08529	0.02508	0.01427	0.01154	0.00376	0.01454	0.01222	0.00684	0.01627
6	0.01825	0.01373	0.01808	0.01774	0.01984	0.01550	0.01306	0.02493	0.07864	0.02856	0.03463	0.05338	0.03335	0.21043	0.35043	0.01489	0.02317	0.01372	0.00715	0.01052
7	0.02717	0.01438	0.01927	0.01735	0.02131	0.01416	0.01320	0.03046	0.02359	0.17828	0.04586	0.05697	0.08269	0.16123	0.22877	0.01105	0.01801	0.01440	0.00936	0.01250
8	0.02801	0.28868	0.04361	0.02197	0.02943	0.03194	0.06506	0.08441	0.02763	0.03639	0.02988	0.12758	0.02901	0.01572	0.01006	0.00320	0.01131	0.01301	0.08903	0.01407
9	0.01670	0.01188	0.01572	0.01553	0.01694	0.01255	0.01090	0.01951	0.02089	0.02925	0.13090	0.06587	0.05057	0.27035	0.24845	0.01276	0.01822	0.01593	0.00788	0.00921
10	0.02955	0.49141	0.15428	0.02253	0.03392	0.04225	0.02448	0.03522	0.02382	0.02924	0.01710	0.01983	0.01489	0.01017	0.00817	0.00272	0.01338	0.00669	0.00496	0.01537
11	0.01488	0.01170	0.01265	0.01249	0.01540	0.01033	0.00886	0.01770	0.02574	0.03240	0.17357	0.10008	0.34441	0.14232	0.02296	0.00537	0.00691	0.02236	0.01041	0.00947
12	0.03641	0.18947	0.18032	0.02549	0.03714	0.03233	0.02639	0.14967	0.03351	0.14263	0.02642	0.02685	0.01888	0.01215	0.01036	0.00330	0.01335	0.00905	0.00851	0.01775
13	0.20180	0.02640	0.02823	0.02218	0.03088	0.02814	0.01831	0.24797	0.03991	0.19875	0.03020	0.02906	0.02060	0.01331	0.01056	0.00355	0.01102	0.00979	0.01133	0.01801

[dist]
# distance from previous block
# <min> <max>
0	3

[block]
# block no. 6 follows, 10 sequences, length 11
# corresponding to MSA columns:
# 284-294
name=unknown_G
#
# <colnr> <probs for GDERKNQSTAVLIFYWHMCP>
#	G	D	E	R	K	N	Q	S	T	A	V	L	I	F	Y	W	H	M	C	P
0	0.09258	0.24176	0.08446	0.09181	0.03864	0.08180	0.02297	0.08998	0.02894	0.09467	0.02217	0.02451	0.01697	0.01151	0.00954	0.00316	0.01346	0.00821	0.00717	0.01566
1	0.02564	0.01879	0.02854	0.12786	0.03787	0.01956	0.07132	0.06987	0.02780	0.09862	0.08524	0.05330	0.08977	0.08376	0.10354	0.00692	0.01510	0.01456	0.00874	0.01322
2	0.02661	0.02509	0.03884	0.09025	0.13290	0.03011	0.06846	0.07061	0.02437	0.03496	0.02086	0.02978	0.01815	0.02383	0.08507	0.00599	0.24275	0.01085	0.00603	0.01450
3	0.01661	0.01246	0.01869	0.01869	0.02077	0.01454	0.01454	0.02077	0.01869	0.02700	0.03115	0.04569	0.02908	0.08723	0.54517	0.01869	0.03115	0.01246	0.00623	0.01038
4	0.15273	0.01431	0.01569	0.01659	0.01939	0.01496	0.01193	0.02495	0.06924	0.03787	0.09633	0.36508	0.06273	0.02786	0.01285	0.00431	0.00733	0.02438	0.01035	0.01113
5	0.03106	0.01682	0.02145	0.01798	0.02347	0.01585	0.01422	0.08655	0.03558	0.20230	0.30762	0.06496	0.07350	0.01965	0.01283	0.00362	0.00774	0.01683	0.01317	0.01481
6	0.03532	0.02833	0.04009	0.04971	0.29120	0.02953	0.02862	0.17594	0.07619	0.08704	0.02775	0.03060	0.02110	0.01224	0.01159	0.00352	0.01281	0.01074	0.00874	0.01894
7	0.01859	0.01273	0.01404	0.01319	0.01756	0.01082	0.01008	0.02204	0.02812	0.09136	0.15978	0.10026	0.40559	0.02697	0.01350	0.00385	0.00631	0.02259	0.01148	0.01113
8	0.03714	0.02530	0.02814	0.02360	0.03126	0.02766	0.01884	0.14235	0.30677	0.16092	0.04322	0.03951	0.03092	0.01511	0.01176	0.00378	0.01006	0.01230	0.01237	0.01899
9	0.01558	0.01185	0.01433	0.01371	0.01684	0.01060	0.01028	0.02025	0.03085	0.04172	0.38506	0.09497	0.24032	0.02561	0.01373	0.00374	0.00562	0.02217	0.01216	0.01060
10	0.03537	0.26213	0.04794	0.03440	0.14202	0.09766	0.02431	0.15000	0.03329	0.04161	0.02066	0.02357	0.01696	0.01130	0.00979	0.00302	0.01384	0.00838	0.00697	0.01678

[dist]
# distance from previous block
# <min> <max>
0	1

[block]
# block no. 7 follows, 10 sequences, length 33
# corresponding to MSA columns:
# 296-314,316-329
name=unknown_H
#
# <colnr> <probs for GDERKNQSTAVLIFYWHMCP>
#	G	D	E	R	K	N	Q	S	T	A	V	L	I	F	Y	W	H	M	C	P
0	0.03534	0.15838	0.03860	0.02491	0.03316	0.07423	0.05840	0.05114	0.21291	0.13999	0.03535	0.03400	0.02611	0.01332	0.01085	0.00346	0.01199	0.01083	0.00978	0.01724
1	0.57353	0.02387	0.02506	0.02051	0.02841	0.02660	0.08432	0.03466	0.02098	0.04987	0.01733	0.02082	0.01338	0.01064	0.00821	0.00365	0.01064	0.00745	0.00699	0.01307
2	0.02613	0.02449	0.03914	0.25718	0.27095	0.02713	0.03169	0.03738	0.09808	0.03639	0.02534	0.03192	0.01992	0.01170	0.01161	0.00370	0.01377	0.01078	0.00647	0.01626
3	0.01556	0.01119	0.01474	0.01525	0.01718	0.01037	0.01090	0.01969	0.02874	0.03998	0.33647	0.28196	0.09685	0.02875	0.01416	0.00408	0.00598	0.02576	0.01201	0.01037
4	0.01688	0.01141	0.01334	0.01334	0.01357	0.01163	0.00787	0.01734	0.01711	0.02304	0.03604	0.07278	0.04084	0.53604	0.11244	0.01209	0.01345	0.01643	0.00696	0.00741
5	0.20124	0.02153	0.02528	0.01991	0.02850	0.02087	0.01644	0.08721	0.03185	0.37386	0.03720	0.03361	0.02412	0.01349	0.01061	0.00359	0.00993	0.01029	0.01243	0.01806
6	0.01609	0.01127	0.01453	0.01615	0.01723	0.01091	0.01140	0.01853	0.02261	0.03021	0.09461	0.30442	0.06795	0.19046	0.02747	0.00660	0.00873	0.11176	0.00990	0.00917
7	0.01643	0.01150	0.01339	0.01313	0.01434	0.01103	0.00835	0.01830	0.02248	0.03031	0.17952	0.08313	0.11385	0.36905	0.04134	0.00831	0.00905	0.01892	0.00908	0.00846
8	0.01587	0.01187	0.01472	0.01401	0.01701	0.01072	0.01051	0.02080	0.03152	0.04332	0.42638	0.09235	0.19801	0.02502	0.01372	0.00372	0.00558	0.02180	0.01237	0.01072
9	0.03378	0.02516	0.03453	0.16633	0.14461	0.02747	0.02592	0.12966	0.12496	0.12055	0.03149	0.03371	0.02293	0.01307	0.01166	0.00368	0.01252	0.01113	0.00930	0.01755
10	0.04498	0.02638	0.03047	0.02390	0.03266	0.02751	0.01957	0.24907	0.11479	0.24756	0.03798	0.03490	0.02575	0.01441	0.01169	0.00360	0.01110	0.01137	0.01275	0.01957
11	0.02412	0.02067	0.02412	0.01723	0.02756	0.01550	0.01378	0.02929	0.02412	0.03790	0.02067	0.02412	0.01723	0.00861	0.00861	0.00172	0.00861	0.00689	0.00689	0.66236
12	0.03538	0.13725	0.08698	0.02147	0.03017	0.02493	0.01976	0.04573	0.10995	0.21906	0.10973	0.04180	0.03820	0.01485	0.01113	0.00346	0.01039	0.01198	0.01082	0.01695
13	0.03397	0.03422	0.03784	0.17764	0.18290	0.16641	0.02863	0.12441	0.03293	0.04028	0.02172	0.02711	0.01703	0.01183	0.01129	0.00345	0.01595	0.00961	0.00682	0.01596
14	0.03391	0.02283	0.03338	0.02617	0.03392	0.02234	0.10726	0.14547	0.03598	0.16332	0.09852	0.05722	0.09028	0.01781	0.01296	0.00385	0.01167	0.05597	0.01111	0.01602
15	0.01736	0.01133	0.01424	0.01424	0.01465	0.01173	0.00899	0.01740	0.01699	0.02306	0.03303	0.06385	0.03628	0.40731	0.15231	0.11329	0.01499	0.01499	0.00658	0.00739
16	0.03846	0.11823	0.03687	0.03178	0.12176	0.12817	0.02188	0.04550	0.06981	0.17779	0.02932	0.02970	0.02160	0.01211	0.01052	0.00315	0.01303	0.00949	0.00882	0.07200
17	0.03707	0.03014	0.13566	0.13611	0.09888	0.02345	0.02789	0.07645	0.03034	0.23936	0.03174	0.03272	0.02144	0.01268	0.01152	0.00365	0.01316	0.01055	0.00945	0.01775
18	0.03715	0.16091	0.13626	0.02830	0.03758	0.29559	0.02595	0.08446	0.03159	0.03425	0.01916	0.02190	0.01539	0.01159	0.01011	0.00308	0.01776	0.00775	0.00613	0.01511
19	0.02477	0.04157	0.26711	0.14702	0.14992	0.02727	0.10648	0.03528	0.02513	0.03573	0.02144	0.02771	0.01606	0.01084	0.01167	0.00371	0.01657	0.01008	0.00528	0.01636
20	0.13947	0.02846	0.03151	0.03220	0.12668	0.08374	0.02168	0.12607	0.06834	0.18276	0.03027	0.03033	0.02155	0.01280	0.01083	0.00351	0.01225	0.01001	0.00995	0.01760
21	0.13261	0.08336	0.03257	0.03016	0.11275	0.08331	0.02069	0.09064	0.12238	0.08127	0.07156	0.03423	0.02929	0.01352	0.01063	0.00346	0.01165	0.01064	0.00904	0.01623
22	0.01510	0.01106	0.01470	0.01681	0.01830	0.01066	0.01223	0.01798	0.02302	0.03037	0.06578	0.40332	0.11674	0.04069	0.07405	0.00629	0.00999	0.09285	0.01027	0.00979
23	0.07811	0.08135	0.14405	0.35242	0.06422	0.02793	0.03185	0.03211	0.02328	0.03296	0.01993	0.02747	0.01504	0.01128	0.01075	0.00369	0.01505	0.00924	0.00527	0.01400
24	0.02667	0.02249	0.03432	0.29052	0.05473	0.02880	0.02789	0.03198	0.02218	0.08348	0.02127	0.02972	0.01686	0.01543	0.02226	0.00433	0.23692	0.01042	0.00615	0.01359
25	0.01650	0.01255	0.01562	0.01672	0.01988	0.01166	0.01379	0.02096	0.02762	0.03535	0.15259	0.11705	0.24264	0.02983	0.01482	0.00455	0.00808	0.21828	0.01107	0.01041
26	0.02099	0.01429	0.02085	0.12973	0.03209	0.01496	0.01656	0.02596	0.02667	0.08808	0.19862	0.16125	0.06269	0.03255	0.09547	0.00623	0.01225	0.01885	0.00998	0.01193
27	0.09084	0.32638	0.08783	0.02246	0.03219	0.09181	0.02141	0.08189	0.02845	0.08962	0.02116	0.02262	0.01671	0.01121	0.00894	0.00296	0.01321	0.00758	0.00695	0.01577
28	0.03897	0.02997	0.03195	0.02570	0.03407	0.03362	0.02084	0.33646	0.20669	0.06484	0.03458	0.03323	0.02517	0.01459	0.01170	0.00365	0.01157	0.01139	0.01170	0.01931
29	0.01691	0.01128	0.01268	0.01268	0.01268	0.01128	0.00705	0.01691	0.01691	0.02255	0.03665	0.07611	0.04228	0.59126	0.05920	0.01128	0.01128	0.01691	0.00705	0.00705
30	0.02368	0.02243	0.03799	0.43937	0.19061	0.02629	0.03315	0.03122	0.02407	0.03180	0.02098	0.03045	0.01624	0.01131	0.01160	0.00377	0.01508	0.01034	0.00532	0.01431
31	0.02032	0.01645	0.01872	0.01864	0.02221	0.01749	0.01371	0.03523	0.21532	0.03930	0.11009	0.27054	0.10302	0.02613	0.01341	0.00422	0.00753	0.02299	0.01143	0.01325
32	0.01627	0.01610	0.06612	0.01865	0.02171	0.01332	0.01542	0.02063	0.02225	0.03119	0.09609	0.26357	0.05568	0.05252	0.22260	0.00999	0.01721	0.02127	0.00865	0.01074

[dist]
# distance from previous block
# <min> <max>
0	30

# created by:
# /st0/software/busco_prod/Augustus/scripts/msa2prfl.pl ./align_prep/7007.fa
