[name]
unknown

[dist]
# distance from previous block
# <min> <max>
0	173

[block]
# block no. 0 follows, 13 sequences, length 52
# corresponding to MSA columns:
# 221-272
name=unknown_A
#
# <colnr> <probs for GDERKNQSTAVLIFYWHMCP>
#	G	D	E	R	K	N	Q	S	T	A	V	L	I	F	Y	W	H	M	C	P
0	0.01916	0.01573	0.02061	0.01993	0.02178	0.01829	0.01580	0.05431	0.05598	0.03274	0.09706	0.23420	0.05111	0.02483	0.01877	0.00427	0.16441	0.11142	0.00875	0.01084
1	0.52497	0.11995	0.02477	0.01980	0.07706	0.02678	0.01467	0.03131	0.01918	0.04248	0.01525	0.01806	0.01233	0.00965	0.00698	0.00310	0.00913	0.00609	0.00608	0.01233
2	0.09142	0.01366	0.01595	0.01652	0.01926	0.01417	0.01247	0.06119	0.06445	0.03576	0.09501	0.33681	0.05796	0.02590	0.01238	0.00404	0.00741	0.09533	0.00975	0.01057
3	0.02145	0.03265	0.23585	0.08142	0.03794	0.01909	0.02449	0.02931	0.02200	0.03332	0.01886	0.02272	0.01463	0.00897	0.00897	0.00245	0.01148	0.00718	0.00541	0.36181
4	0.01853	0.01017	0.01561	0.07414	0.01982	0.01065	0.01125	0.01513	0.01453	0.01925	0.01841	0.03173	0.01793	0.03405	0.03817	0.62180	0.00969	0.00920	0.00460	0.00532
5	0.01792	0.00947	0.01421	0.01421	0.01446	0.00973	0.00973	0.01446	0.01421	0.01920	0.01971	0.03341	0.01946	0.04249	0.11503	0.60107	0.01177	0.00947	0.00474	0.00525
6	0.08970	0.01782	0.02752	0.02247	0.02763	0.01793	0.10976	0.03093	0.02447	0.16661	0.11589	0.15950	0.04207	0.01806	0.01408	0.00369	0.07417	0.01572	0.00920	0.01279
7	0.04324	0.02174	0.02649	0.02064	0.02867	0.02149	0.01694	0.18573	0.08830	0.37449	0.03726	0.03336	0.02450	0.01310	0.01063	0.00328	0.00967	0.01046	0.01214	0.01786
8	0.01303	0.01059	0.01154	0.01160	0.01468	0.00911	0.00859	0.01610	0.02492	0.03121	0.19330	0.14463	0.42120	0.02632	0.01258	0.00359	0.00535	0.02238	0.01018	0.00911
9	0.02235	0.01270	0.01654	0.01594	0.01978	0.01157	0.01289	0.02640	0.02652	0.15607	0.16941	0.12734	0.15828	0.02374	0.01275	0.00388	0.00743	0.15408	0.01093	0.01143
10	0.09681	0.01392	0.01746	0.01609	0.02044	0.01334	0.01267	0.02964	0.02468	0.19966	0.11173	0.16160	0.08667	0.02689	0.07049	0.00505	0.00964	0.06074	0.01028	0.01220
11	0.03222	0.01772	0.02133	0.01809	0.02371	0.01786	0.01401	0.04454	0.20265	0.25606	0.08905	0.04635	0.03704	0.10999	0.01756	0.00447	0.00860	0.01261	0.01112	0.01501
12	0.02959	0.02961	0.02542	0.02294	0.02879	0.16568	0.01766	0.05271	0.41550	0.03966	0.03639	0.03437	0.02763	0.01349	0.01045	0.00337	0.01103	0.01067	0.00944	0.01562
13	0.01735	0.01100	0.01325	0.01285	0.01580	0.00994	0.00957	0.02117	0.02589	0.08006	0.24926	0.16100	0.19740	0.02279	0.01180	0.00342	0.00559	0.01970	0.10202	0.01014
14	0.16202	0.01897	0.02066	0.01705	0.02297	0.01956	0.01355	0.15494	0.03061	0.16917	0.10665	0.04449	0.07695	0.07916	0.01476	0.00401	0.00878	0.01202	0.01002	0.01367
15	0.02085	0.01479	0.02217	0.02113	0.02493	0.01453	0.06983	0.02767	0.07256	0.08705	0.05014	0.21743	0.05203	0.02494	0.01333	0.00430	0.00952	0.23166	0.00972	0.01144
16	0.01997	0.01879	0.03171	0.60301	0.07282	0.02349	0.02936	0.02701	0.02114	0.02701	0.01879	0.02819	0.01409	0.01057	0.01057	0.00352	0.01409	0.00940	0.00470	0.01175
17	0.01608	0.01203	0.01427	0.01474	0.01713	0.01200	0.01063	0.02364	0.11064	0.03439	0.16841	0.30360	0.11955	0.02515	0.01223	0.00374	0.00608	0.02222	0.06308	0.01039
18	0.01926	0.01085	0.01338	0.01344	0.01580	0.01010	0.00962	0.02242	0.02312	0.09974	0.12190	0.26401	0.08296	0.07361	0.01491	0.00407	0.00636	0.01982	0.16453	0.01009
19	0.02457	0.01893	0.02124	0.01971	0.02464	0.02092	0.01537	0.04514	0.35830	0.07907	0.08871	0.11282	0.04421	0.01828	0.01155	0.00374	0.00802	0.05925	0.01080	0.01473
20	0.02035	0.01266	0.01557	0.01540	0.01751	0.01245	0.01086	0.06746	0.02280	0.08754	0.04491	0.27681	0.04911	0.22678	0.02642	0.00611	0.00863	0.05968	0.00910	0.00985
21	0.02192	0.01879	0.02192	0.01566	0.02506	0.01409	0.01253	0.02662	0.02192	0.03445	0.01879	0.02192	0.01566	0.00783	0.00783	0.00157	0.00783	0.00626	0.00626	0.69305
22	0.01728	0.01065	0.01368	0.01423	0.01604	0.00982	0.00985	0.01963	0.02235	0.08714	0.13295	0.36117	0.09566	0.11590	0.01887	0.00486	0.00682	0.02364	0.00995	0.00952
23	0.01955	0.01665	0.01804	0.01837	0.02164	0.06573	0.01497	0.02752	0.09647	0.03545	0.18394	0.08787	0.09001	0.02341	0.01295	0.00403	0.00893	0.23355	0.00998	0.01093
24	0.01425	0.01078	0.01314	0.01255	0.01536	0.00967	0.00941	0.01857	0.02824	0.03840	0.42676	0.08557	0.23239	0.02311	0.01248	0.00340	0.00509	0.02005	0.01111	0.00967
25	0.01824	0.01290	0.01839	0.02183	0.07495	0.01263	0.01549	0.02213	0.02285	0.06377	0.05363	0.21955	0.09810	0.03232	0.07522	0.00564	0.01069	0.20199	0.00907	0.01058
26	0.02988	0.02699	0.05363	0.03867	0.04876	0.02556	0.39784	0.08277	0.02810	0.12027	0.02492	0.02939	0.01780	0.00992	0.01201	0.00348	0.01587	0.01191	0.00704	0.01519
27	0.02233	0.02238	0.04062	0.03151	0.03898	0.02197	0.27311	0.03396	0.12807	0.03489	0.04227	0.05511	0.09490	0.01564	0.01249	0.00379	0.01302	0.09389	0.00772	0.01332
28	0.02134	0.02058	0.03540	0.33838	0.19991	0.02267	0.07419	0.02788	0.02263	0.02990	0.02888	0.03561	0.07376	0.01185	0.01093	0.00343	0.01308	0.01109	0.00546	0.01306
29	0.13788	0.03207	0.02644	0.07564	0.03198	0.24589	0.01879	0.07140	0.02726	0.08450	0.06422	0.02709	0.02204	0.01275	0.01230	0.00322	0.07798	0.00872	0.00706	0.01277
30	0.16665	0.02260	0.02355	0.02001	0.02683	0.02512	0.01602	0.12370	0.28190	0.13028	0.03444	0.03228	0.02495	0.01299	0.00987	0.00341	0.00894	0.01013	0.01025	0.01607
31	0.08931	0.02189	0.02418	0.01964	0.02664	0.07902	0.01590	0.08838	0.02945	0.35880	0.03385	0.03253	0.02304	0.02090	0.08256	0.00493	0.01269	0.00985	0.01063	0.01582
32	0.02430	0.02441	0.03575	0.34163	0.25286	0.08173	0.02961	0.03062	0.02315	0.02973	0.01895	0.02649	0.01504	0.01017	0.01043	0.00330	0.01403	0.00914	0.00498	0.01368
33	0.01659	0.01185	0.01652	0.01896	0.02120	0.01178	0.01626	0.02113	0.02390	0.03114	0.05623	0.17350	0.06183	0.02963	0.01448	0.00481	0.00935	0.44149	0.00974	0.00961
34	0.02436	0.02244	0.03511	0.02840	0.03346	0.02511	0.14965	0.09275	0.07924	0.03728	0.07760	0.04665	0.03218	0.01682	0.01826	0.00398	0.16964	0.08628	0.00764	0.01317
35	0.01753	0.02380	0.15766	0.02598	0.08504	0.01586	0.05260	0.02325	0.02221	0.03045	0.04594	0.27696	0.08667	0.02241	0.01228	0.00389	0.01021	0.06784	0.00771	0.01171
36	0.03655	0.01521	0.01976	0.01606	0.02160	0.01363	0.01241	0.03970	0.02571	0.37739	0.03886	0.04462	0.02932	0.16625	0.02105	0.00492	0.00888	0.01173	0.08209	0.01425
37	0.02768	0.02957	0.03643	0.21206	0.28808	0.16432	0.02856	0.03330	0.02469	0.03019	0.01869	0.02499	0.01520	0.01012	0.01026	0.00315	0.01463	0.00876	0.00513	0.01417
38	0.02160	0.01896	0.02333	0.01784	0.02504	0.01716	0.01440	0.02582	0.02056	0.03214	0.01869	0.02365	0.01619	0.01521	0.05738	0.00329	0.11246	0.00717	0.00594	0.52317
39	0.02732	0.11087	0.33242	0.02724	0.03841	0.12265	0.03032	0.03545	0.02360	0.07217	0.01936	0.02232	0.01449	0.01109	0.01190	0.00323	0.06943	0.00776	0.00532	0.01464
40	0.01558	0.01128	0.01527	0.01750	0.01956	0.01097	0.01441	0.01947	0.02325	0.03017	0.06085	0.24856	0.10475	0.03002	0.01414	0.00461	0.00843	0.33205	0.00976	0.00937
41	0.01818	0.03178	0.27640	0.02292	0.03113	0.01771	0.02475	0.02724	0.05949	0.03175	0.03854	0.24743	0.03981	0.02056	0.01180	0.00386	0.01111	0.06559	0.00737	0.01259
42	0.03697	0.01994	0.02695	0.05790	0.02989	0.02146	0.01837	0.08496	0.02794	0.32127	0.06398	0.03401	0.02619	0.01477	0.01673	0.00362	0.15875	0.01064	0.01013	0.01550
43	0.02213	0.01186	0.01601	0.01612	0.01899	0.01083	0.01204	0.02514	0.02407	0.16408	0.09944	0.37191	0.06078	0.02666	0.01281	0.00401	0.00713	0.07403	0.01079	0.01118
44	0.02469	0.02548	0.04273	0.04426	0.22386	0.06952	0.19855	0.03129	0.02544	0.03394	0.07369	0.04291	0.02936	0.01297	0.01179	0.00349	0.01389	0.07169	0.00644	0.01401
45	0.03448	0.09227	0.14158	0.03299	0.16444	0.05799	0.02499	0.04058	0.02623	0.24030	0.02741	0.02783	0.01922	0.01102	0.01001	0.00312	0.01206	0.00902	0.00807	0.01640
46	0.01996	0.01669	0.02622	0.11020	0.08691	0.01790	0.06375	0.05862	0.02326	0.03181	0.08782	0.18199	0.03919	0.02478	0.05275	0.07513	0.04864	0.01598	0.00731	0.01108
47	0.01960	0.01595	0.02694	0.02256	0.02732	0.01516	0.13956	0.02454	0.02396	0.06513	0.11246	0.07111	0.12435	0.08166	0.07541	0.00578	0.01238	0.11678	0.00838	0.01095
48	0.02992	0.03290	0.11936	0.04382	0.28158	0.11718	0.02805	0.03872	0.07865	0.09173	0.02389	0.02681	0.01832	0.01066	0.01029	0.00316	0.01330	0.00913	0.00656	0.01596
49	0.08931	0.03507	0.25120	0.02522	0.03649	0.02242	0.05723	0.09121	0.02770	0.22069	0.02718	0.02725	0.01823	0.01127	0.01016	0.00331	0.01247	0.00907	0.00827	0.01624
50	0.02999	0.03391	0.20834	0.02347	0.03284	0.07973	0.02387	0.08235	0.06050	0.15798	0.03731	0.04198	0.07286	0.01450	0.01083	0.00341	0.01220	0.05050	0.00843	0.01498
51	0.07919	0.02024	0.02912	0.06596	0.03351	0.02129	0.11210	0.03593	0.18055	0.03652	0.03296	0.04548	0.02833	0.02023	0.06359	0.00476	0.01253	0.08523	0.00785	0.08462

[dist]
# distance from previous block
# <min> <max>
0	3

[block]
# block no. 1 follows, 13 sequences, length 25
# corresponding to MSA columns:
# 276-300
name=unknown_B
#
# <colnr> <probs for GDERKNQSTAVLIFYWHMCP>
#	G	D	E	R	K	N	Q	S	T	A	V	L	I	F	Y	W	H	M	C	P
0	0.08816	0.21804	0.03764	0.03133	0.17243	0.13666	0.02056	0.03171	0.02387	0.03022	0.02856	0.03103	0.08567	0.01190	0.00905	0.00285	0.01209	0.00910	0.00577	0.01339
1	0.02890	0.02303	0.07983	0.02428	0.03335	0.01783	0.12269	0.03500	0.02516	0.18041	0.03001	0.03866	0.02374	0.01221	0.01056	0.00300	0.01115	0.06610	0.00819	0.22589
2	0.02566	0.07321	0.15823	0.03394	0.13301	0.06091	0.06462	0.03971	0.17667	0.03514	0.02554	0.02809	0.01987	0.01185	0.01248	0.00340	0.06608	0.00962	0.00661	0.01535
3	0.03328	0.02703	0.07277	0.02060	0.02782	0.12631	0.01749	0.07680	0.02883	0.20499	0.07195	0.09738	0.03111	0.01456	0.01046	0.00306	0.01096	0.01180	0.00927	0.10352
4	0.02930	0.01980	0.03156	0.12461	0.03938	0.01921	0.11455	0.03696	0.06458	0.19034	0.03293	0.04305	0.02599	0.01347	0.01116	0.00339	0.01146	0.07615	0.00863	0.10349
5	0.02948	0.02610	0.12887	0.02273	0.03028	0.05022	0.05190	0.03836	0.09308	0.19938	0.03880	0.14489	0.03348	0.01701	0.01138	0.00361	0.01084	0.04564	0.00940	0.01455
6	0.02583	0.03754	0.32147	0.06311	0.04042	0.02091	0.06212	0.03495	0.02501	0.14202	0.09422	0.03328	0.02751	0.01213	0.01068	0.00336	0.01295	0.01027	0.00721	0.01502
7	0.02366	0.02144	0.03605	0.08055	0.03668	0.02535	0.14168	0.02839	0.01997	0.06933	0.02097	0.02931	0.01771	0.02645	0.12859	0.00648	0.25888	0.01054	0.00565	0.01233
8	0.02523	0.07287	0.04411	0.03133	0.03904	0.02224	0.27945	0.03140	0.02375	0.10129	0.02992	0.12081	0.02658	0.02103	0.07591	0.00503	0.01550	0.01423	0.00701	0.01329
9	0.08852	0.02477	0.04133	0.16496	0.11844	0.02596	0.18645	0.11821	0.02793	0.06866	0.02181	0.02698	0.01618	0.01032	0.01082	0.00339	0.01387	0.01016	0.00662	0.01463
10	0.01850	0.02544	0.16306	0.26793	0.04794	0.02014	0.02614	0.02520	0.02094	0.02856	0.02939	0.18882	0.02919	0.01702	0.01248	0.00375	0.04296	0.01464	0.00604	0.01185
11	0.01593	0.01226	0.01580	0.01584	0.01764	0.01275	0.01226	0.01922	0.02315	0.03128	0.19063	0.12519	0.13140	0.12444	0.02229	0.00509	0.07316	0.13324	0.00916	0.00926
12	0.02562	0.02274	0.03347	0.09239	0.07942	0.06772	0.14072	0.06112	0.05787	0.07287	0.02994	0.07941	0.02722	0.11592	0.01855	0.00464	0.01300	0.03740	0.00722	0.01277
13	0.04297	0.02194	0.02951	0.02630	0.08899	0.06049	0.05157	0.04752	0.02920	0.43339	0.03601	0.03312	0.02350	0.01223	0.01065	0.00324	0.01074	0.01033	0.01112	0.01717
14	0.01438	0.01072	0.01289	0.01304	0.01529	0.00985	0.00959	0.01763	0.02450	0.03244	0.24786	0.12941	0.21619	0.12455	0.01958	0.00478	0.00657	0.07186	0.00990	0.00895
15	0.01892	0.01316	0.02246	0.11441	0.02868	0.01398	0.06930	0.01882	0.01663	0.02229	0.02007	0.03233	0.01847	0.03497	0.10460	0.41531	0.01344	0.00986	0.00483	0.00746
16	0.02654	0.02455	0.03879	0.12316	0.32459	0.02591	0.06554	0.08000	0.11141	0.03797	0.02415	0.02872	0.01901	0.01064	0.01069	0.00330	0.01239	0.01007	0.00656	0.01601
17	0.11357	0.03260	0.18457	0.04870	0.34999	0.02478	0.03151	0.03255	0.02280	0.03594	0.01896	0.02394	0.01514	0.00964	0.00984	0.00321	0.01283	0.00850	0.00519	0.01575
18	0.01872	0.01608	0.02233	0.02069	0.02246	0.02035	0.01655	0.02491	0.07428	0.02696	0.02563	0.03583	0.02334	0.05411	0.35942	0.01185	0.19892	0.01078	0.00591	0.01087
19	0.03150	0.23597	0.07328	0.02742	0.09964	0.13917	0.02126	0.04014	0.11027	0.08962	0.02358	0.02470	0.01844	0.01083	0.00908	0.00286	0.01252	0.00809	0.00675	0.01487
20	0.02274	0.01510	0.01804	0.01860	0.06251	0.01549	0.01290	0.03359	0.14998	0.08440	0.14528	0.04976	0.07392	0.01537	0.01005	0.00310	0.00675	0.01300	0.23670	0.01271
21	0.11904	0.03467	0.03746	0.03034	0.03621	0.24118	0.15765	0.03490	0.02409	0.03080	0.01699	0.02227	0.01405	0.01183	0.01531	0.00343	0.14310	0.00874	0.00539	0.01255
22	0.02270	0.02093	0.02152	0.01654	0.02437	0.07592	0.01297	0.02723	0.02412	0.03482	0.10697	0.03099	0.02926	0.01043	0.00878	0.00198	0.00859	0.00844	0.00706	0.50637
23	0.06955	0.01625	0.01899	0.01600	0.02034	0.01619	0.01191	0.11097	0.02703	0.18376	0.09625	0.05089	0.03746	0.24736	0.02699	0.00591	0.00937	0.01298	0.00957	0.01224
24	0.02450	0.02323	0.03945	0.13177	0.45643	0.02399	0.03056	0.03069	0.02315	0.03279	0.02039	0.02762	0.01715	0.01495	0.05481	0.00426	0.01397	0.00956	0.00520	0.01553

[dist]
# distance from previous block
# <min> <max>
0	10

[block]
# block no. 2 follows, 13 sequences, length 22
# corresponding to MSA columns:
# 311-332
name=unknown_C
#
# <colnr> <probs for GDERKNQSTAVLIFYWHMCP>
#	G	D	E	R	K	N	Q	S	T	A	V	L	I	F	Y	W	H	M	C	P
0	0.02428	0.01810	0.02056	0.01813	0.02309	0.01873	0.01480	0.20897	0.03487	0.04616	0.15433	0.07236	0.16260	0.02100	0.01221	0.00364	0.00854	0.11448	0.01044	0.01269
1	0.01658	0.01268	0.01588	0.01549	0.01894	0.01105	0.01153	0.01960	0.02091	0.02927	0.04337	0.29022	0.04869	0.09412	0.01672	0.00429	0.00776	0.10505	0.00836	0.20950
2	0.22639	0.01540	0.01723	0.01556	0.02047	0.01534	0.01207	0.03147	0.02386	0.20149	0.10245	0.19689	0.04304	0.01870	0.01045	0.00356	0.00747	0.01559	0.01009	0.01249
3	0.22849	0.01695	0.01735	0.01418	0.02078	0.01573	0.01126	0.02557	0.02250	0.03942	0.13175	0.03944	0.08367	0.01299	0.00880	0.00263	0.00714	0.01018	0.00775	0.28343
4	0.01470	0.01116	0.01391	0.01525	0.01786	0.01037	0.01234	0.01837	0.02407	0.03059	0.10708	0.17685	0.24589	0.02835	0.01355	0.00422	0.00736	0.22886	0.00990	0.00930
5	0.01991	0.01137	0.01472	0.01463	0.01727	0.01030	0.01053	0.02272	0.02398	0.13203	0.15003	0.32369	0.11357	0.06535	0.01529	0.00424	0.00665	0.02266	0.01055	0.01051
6	0.02368	0.01252	0.01584	0.01425	0.01768	0.01135	0.01043	0.02663	0.02487	0.18178	0.18454	0.12000	0.11457	0.16838	0.02210	0.00512	0.00754	0.01727	0.01038	0.01110
7	0.03207	0.03756	0.04678	0.03593	0.04431	0.25632	0.27960	0.07460	0.02888	0.03307	0.01962	0.02441	0.01520	0.01001	0.01113	0.00319	0.01787	0.00993	0.00578	0.01372
8	0.16991	0.01725	0.02118	0.01799	0.02463	0.01644	0.01505	0.04125	0.02660	0.35342	0.03942	0.04988	0.03060	0.01585	0.01067	0.00361	0.00899	0.11121	0.01109	0.01496
9	0.08799	0.01849	0.02046	0.01565	0.02350	0.01583	0.01222	0.02881	0.07148	0.03528	0.02219	0.02785	0.01912	0.07026	0.01255	0.00279	0.00816	0.00767	0.00674	0.49295
10	0.01379	0.01046	0.01271	0.01279	0.01524	0.00938	0.00935	0.01744	0.02621	0.03509	0.31959	0.19384	0.23465	0.02549	0.01268	0.00359	0.00533	0.02228	0.01072	0.00938
11	0.01937	0.01121	0.01315	0.01244	0.01346	0.01091	0.00754	0.01987	0.01723	0.08885	0.03436	0.06506	0.03691	0.55185	0.04844	0.00938	0.01009	0.01479	0.00724	0.00785
12	0.01299	0.01045	0.01159	0.01190	0.01474	0.00904	0.00870	0.01591	0.02439	0.03066	0.17567	0.19454	0.38818	0.02707	0.01268	0.00366	0.00544	0.02320	0.01013	0.00904
13	0.30099	0.02601	0.02536	0.02023	0.02793	0.02922	0.01669	0.33202	0.03723	0.05908	0.02119	0.02216	0.01541	0.01156	0.00899	0.00321	0.01028	0.00803	0.00899	0.01541
14	0.01462	0.01062	0.01209	0.01220	0.01377	0.00999	0.00825	0.01645	0.02053	0.02656	0.12210	0.08432	0.20060	0.32425	0.03314	0.00696	0.00811	0.05920	0.00835	0.00788
15	0.01530	0.01053	0.01296	0.01296	0.01345	0.01102	0.00818	0.01629	0.01580	0.02156	0.03201	0.06197	0.03530	0.48507	0.19288	0.01201	0.01497	0.01432	0.00621	0.00720
16	0.15415	0.02595	0.02208	0.01898	0.02385	0.13281	0.01429	0.18046	0.02925	0.04065	0.02413	0.03634	0.02233	0.20453	0.02316	0.00532	0.01203	0.01012	0.00752	0.01203
17	0.17370	0.01906	0.02269	0.01818	0.02577	0.01849	0.01488	0.04809	0.09169	0.40171	0.03657	0.03272	0.02404	0.01260	0.00984	0.00331	0.00876	0.00983	0.01151	0.01655
18	0.01399	0.01128	0.01260	0.01334	0.01598	0.01048	0.00958	0.01897	0.07296	0.02946	0.08168	0.30019	0.31507	0.02807	0.01272	0.00386	0.00595	0.02436	0.00991	0.00955
19	0.03224	0.02536	0.03172	0.25199	0.04854	0.02913	0.02374	0.33042	0.03847	0.05105	0.02279	0.02649	0.01645	0.01186	0.01057	0.00331	0.01260	0.00947	0.00826	0.01553
20	0.11082	0.02267	0.06542	0.11412	0.25103	0.02140	0.02430	0.03343	0.02349	0.11363	0.02404	0.02816	0.01819	0.01056	0.00961	0.00316	0.01095	0.00909	0.09126	0.01468
21	0.01471	0.01035	0.01361	0.01554	0.01659	0.01006	0.01136	0.01711	0.02050	0.02708	0.05231	0.34823	0.06047	0.15701	0.02232	0.00573	0.00813	0.17134	0.00907	0.00849

[dist]
# distance from previous block
# <min> <max>
3	10

[block]
# block no. 3 follows, 13 sequences, length 12
# corresponding to MSA columns:
# 343-354
name=unknown_D
#
# <colnr> <probs for GDERKNQSTAVLIFYWHMCP>
#	G	D	E	R	K	N	Q	S	T	A	V	L	I	F	Y	W	H	M	C	P
0	0.01889	0.01156	0.01490	0.01397	0.01711	0.01042	0.01050	0.02301	0.02783	0.11210	0.35622	0.15688	0.14016	0.02277	0.01237	0.00349	0.00576	0.01996	0.01135	0.01076
1	0.10386	0.01899	0.02116	0.01545	0.02450	0.01525	0.01240	0.02716	0.02145	0.03602	0.01830	0.02135	0.01515	0.00807	0.00768	0.00177	0.00787	0.00620	0.00630	0.61106
2	0.04019	0.02962	0.03173	0.02433	0.03279	0.03279	0.02010	0.52721	0.04971	0.06663	0.02538	0.02538	0.01798	0.01269	0.01058	0.00317	0.01163	0.00952	0.01058	0.01798
3	0.01470	0.01026	0.01314	0.01445	0.01523	0.01018	0.00996	0.01648	0.01879	0.02507	0.04596	0.28071	0.05293	0.26543	0.07348	0.00767	0.01003	0.09934	0.00817	0.00800
4	0.02514	0.02462	0.12065	0.07904	0.09632	0.02006	0.02191	0.03711	0.14485	0.11612	0.11481	0.08526	0.03801	0.01508	0.01104	0.00345	0.01005	0.01304	0.00885	0.01458
5	0.02744	0.20682	0.13589	0.02372	0.03286	0.03041	0.06042	0.12463	0.12933	0.03974	0.06593	0.02957	0.02492	0.01189	0.00971	0.00306	0.01158	0.00955	0.00743	0.01512
6	0.70310	0.02045	0.01554	0.01390	0.02045	0.02372	0.01145	0.03108	0.01799	0.04744	0.01472	0.01718	0.01145	0.00981	0.00654	0.00327	0.00818	0.00573	0.00654	0.01145
7	0.70310	0.02045	0.01554	0.01390	0.02045	0.02372	0.01145	0.03108	0.01799	0.04744	0.01472	0.01718	0.01145	0.00981	0.00654	0.00327	0.00818	0.00573	0.00654	0.01145
8	0.03294	0.01651	0.02129	0.01695	0.02384	0.01400	0.01361	0.03695	0.02620	0.29623	0.07434	0.04504	0.03271	0.06970	0.01428	0.00359	0.00856	0.04835	0.01030	0.19461
9	0.02522	0.07088	0.02146	0.01680	0.02069	0.01727	0.01269	0.11204	0.02628	0.12244	0.04132	0.26565	0.04281	0.13199	0.01922	0.00483	0.00878	0.01839	0.00939	0.01184
10	0.01813	0.00970	0.01434	0.01477	0.01520	0.00970	0.01056	0.01520	0.01562	0.02069	0.02494	0.04737	0.02579	0.03542	0.03665	0.57221	0.00928	0.09345	0.00549	0.00549
11	0.01626	0.01118	0.01329	0.01273	0.01410	0.01108	0.00823	0.01773	0.01678	0.02395	0.03122	0.05776	0.03340	0.42813	0.13914	0.01003	0.01277	0.01341	0.05963	0.06918

[dist]
# distance from previous block
# <min> <max>
0	6

[block]
# block no. 4 follows, 13 sequences, length 30
# corresponding to MSA columns:
# 361-390
name=unknown_E
#
# <colnr> <probs for GDERKNQSTAVLIFYWHMCP>
#	G	D	E	R	K	N	Q	S	T	A	V	L	I	F	Y	W	H	M	C	P
0	0.07901	0.02279	0.02783	0.02251	0.02955	0.02429	0.06573	0.08176	0.24997	0.04164	0.02942	0.03018	0.02263	0.01211	0.01168	0.00313	0.05419	0.00979	0.00838	0.17340
1	0.02827	0.63478	0.05540	0.01809	0.02714	0.04184	0.01809	0.03166	0.02148	0.02488	0.01470	0.01696	0.01357	0.00905	0.00678	0.00226	0.01131	0.00565	0.00452	0.01357
2	0.01288	0.00920	0.01227	0.01472	0.01534	0.00859	0.00981	0.01472	0.02024	0.02699	0.05828	0.62152	0.06993	0.03312	0.01350	0.00429	0.00613	0.03006	0.00981	0.00859
3	0.03313	0.02610	0.02775	0.02290	0.03010	0.02949	0.01839	0.28764	0.30079	0.05524	0.03436	0.03254	0.02525	0.01353	0.01067	0.00338	0.00997	0.01076	0.01067	0.01735
4	0.02613	0.01570	0.02163	0.01812	0.02345	0.01451	0.05472	0.06925	0.02890	0.18335	0.16353	0.10214	0.16804	0.01989	0.01201	0.00353	0.00811	0.04339	0.01078	0.01282
5	0.03834	0.01828	0.02361	0.01769	0.02630	0.01502	0.01447	0.04265	0.02729	0.37896	0.03354	0.03097	0.02243	0.01121	0.00963	0.00266	0.00858	0.00908	0.01065	0.25863
6	0.02827	0.63478	0.05540	0.01809	0.02714	0.04184	0.01809	0.03166	0.02148	0.02488	0.01470	0.01696	0.01357	0.00905	0.00678	0.00226	0.01131	0.00565	0.00452	0.01357
7	0.02192	0.01879	0.02192	0.01566	0.02506	0.01409	0.01253	0.02662	0.02192	0.03445	0.01879	0.02192	0.01566	0.00783	0.00783	0.00157	0.00783	0.00626	0.00626	0.69305
8	0.02115	0.01739	0.01960	0.01870	0.02255	0.01961	0.01401	0.03931	0.32142	0.03606	0.04315	0.15730	0.03940	0.07802	0.09677	0.00618	0.01092	0.01573	0.00949	0.01323
9	0.01535	0.01103	0.01517	0.01536	0.01666	0.01214	0.01124	0.01795	0.01704	0.02376	0.03221	0.05702	0.03321	0.25913	0.36241	0.01377	0.02078	0.05109	0.00624	0.00845
10	0.18605	0.01636	0.01816	0.01699	0.02175	0.01684	0.01370	0.08436	0.02585	0.12645	0.04466	0.16991	0.07747	0.02070	0.01121	0.00382	0.00841	0.11552	0.00965	0.01214
11	0.01352	0.00966	0.01301	0.01546	0.01635	0.00914	0.01093	0.01583	0.02088	0.02771	0.05792	0.54390	0.06853	0.03252	0.01367	0.00438	0.00669	0.10134	0.00980	0.00877
12	0.02192	0.01879	0.02192	0.01566	0.02506	0.01409	0.01253	0.02662	0.02192	0.03445	0.01879	0.02192	0.01566	0.00783	0.00783	0.00157	0.00783	0.00626	0.00626	0.69305
13	0.01753	0.01138	0.01336	0.01297	0.01639	0.00989	0.00967	0.02058	0.02503	0.10125	0.15751	0.19337	0.32105	0.02546	0.01245	0.00364	0.00593	0.02184	0.01052	0.01021
14	0.01792	0.01107	0.01466	0.01590	0.01812	0.01026	0.01196	0.02080	0.02275	0.09307	0.06055	0.38668	0.11041	0.02922	0.01331	0.00423	0.00722	0.13168	0.01019	0.01001
15	0.03104	0.02006	0.02225	0.01841	0.02430	0.02133	0.01474	0.20958	0.11752	0.11959	0.09603	0.03876	0.03328	0.01399	0.01008	0.00310	0.00838	0.01128	0.17137	0.01490
16	0.12208	0.02519	0.02600	0.02113	0.02827	0.02822	0.01714	0.31016	0.16031	0.05662	0.02890	0.02877	0.02125	0.01268	0.00984	0.00323	0.00987	0.00963	0.06456	0.01618
17	0.02742	0.01290	0.01743	0.01644	0.02024	0.01151	0.01222	0.03021	0.02446	0.25535	0.05131	0.37518	0.05152	0.02469	0.01229	0.00386	0.00734	0.02189	0.01119	0.01255
18	0.02639	0.02031	0.02260	0.01941	0.02473	0.02208	0.01525	0.19779	0.18248	0.04971	0.19417	0.09335	0.05101	0.01750	0.01144	0.00343	0.00825	0.01477	0.01089	0.01445
19	0.01796	0.01320	0.01446	0.01390	0.01531	0.01405	0.00885	0.02505	0.14048	0.02612	0.03562	0.06214	0.03698	0.48291	0.04361	0.00867	0.00980	0.01456	0.00744	0.00885
20	0.01735	0.01049	0.01412	0.01559	0.01726	0.00971	0.01108	0.01970	0.02177	0.09223	0.05611	0.51111	0.06397	0.03041	0.01324	0.00422	0.00677	0.06487	0.01020	0.00980
21	0.04260	0.01676	0.02282	0.01824	0.02536	0.01457	0.01474	0.04637	0.02886	0.49377	0.04403	0.11799	0.03230	0.01589	0.01103	0.00341	0.00860	0.01335	0.01263	0.01668
22	0.03033	0.01945	0.02301	0.02046	0.02614	0.02046	0.01667	0.13491	0.17122	0.15844	0.04362	0.09954	0.03794	0.01877	0.01183	0.00380	0.00930	0.12826	0.01091	0.01494
23	0.01437	0.01048	0.01351	0.01339	0.01559	0.00962	0.00980	0.01855	0.02756	0.03829	0.42392	0.18918	0.12767	0.02430	0.01268	0.00354	0.00524	0.02154	0.01114	0.00962
24	0.02106	0.05040	0.50887	0.09860	0.04900	0.02443	0.03791	0.03271	0.02218	0.03271	0.01895	0.02302	0.01348	0.01011	0.01011	0.00337	0.01544	0.00800	0.00449	0.01516
25	0.01395	0.00993	0.01323	0.01457	0.01535	0.01005	0.00988	0.01585	0.01841	0.02500	0.04575	0.36405	0.05278	0.17345	0.15804	0.00860	0.01229	0.02243	0.00809	0.00832
26	0.63896	0.02021	0.01642	0.01438	0.02109	0.02292	0.01185	0.03308	0.01919	0.09854	0.01736	0.01902	0.01289	0.01013	0.00694	0.00327	0.00826	0.00621	0.00718	0.01209
27	0.08068	0.01610	0.01940	0.01645	0.02272	0.01466	0.01341	0.03568	0.05586	0.25571	0.05474	0.05894	0.15460	0.01757	0.01098	0.00338	0.00801	0.07013	0.01062	0.08034
28	0.03425	0.09837	0.03191	0.02240	0.02943	0.11315	0.06602	0.11432	0.03163	0.18388	0.12956	0.03692	0.03462	0.01343	0.01052	0.00309	0.01139	0.01107	0.00940	0.01462
29	0.15561	0.19813	0.13562	0.02007	0.02769	0.08061	0.01968	0.02947	0.02182	0.03187	0.02584	0.12327	0.02579	0.01498	0.00931	0.00324	0.01134	0.04709	0.00624	0.01233

[dist]
# distance from previous block
# <min> <max>
2	10

[block]
# block no. 5 follows, 13 sequences, length 63
# corresponding to MSA columns:
# 401-463
name=unknown_F
#
# <colnr> <probs for GDERKNQSTAVLIFYWHMCP>
#	G	D	E	R	K	N	Q	S	T	A	V	L	I	F	Y	W	H	M	C	P
0	0.12293	0.06296	0.03067	0.11063	0.06534	0.07288	0.07072	0.03436	0.07083	0.07637	0.02518	0.03337	0.02074	0.01187	0.00982	0.00314	0.01163	0.04896	0.00697	0.11062
1	0.03010	0.03452	0.15977	0.02926	0.03939	0.07571	0.14023	0.13514	0.08327	0.08266	0.02481	0.02688	0.01804	0.01090	0.01063	0.00320	0.01383	0.00968	0.00742	0.06455
2	0.12800	0.08314	0.07807	0.03029	0.08052	0.02727	0.14362	0.14926	0.02981	0.11542	0.02322	0.02550	0.01686	0.01062	0.01008	0.00322	0.01263	0.00937	0.00763	0.01547
3	0.02511	0.02389	0.04728	0.03571	0.04415	0.02281	0.34319	0.03430	0.06204	0.07507	0.03171	0.04884	0.02734	0.01386	0.01266	0.00382	0.01479	0.11241	0.00724	0.01378
4	0.08769	0.02193	0.03051	0.15041	0.04045	0.02414	0.09193	0.08978	0.18007	0.08448	0.03116	0.06950	0.02457	0.01328	0.01074	0.00352	0.01120	0.01173	0.00840	0.01452
5	0.02457	0.03010	0.18621	0.07580	0.20221	0.02149	0.06458	0.03204	0.02377	0.08791	0.02818	0.08704	0.02477	0.01369	0.01111	0.00351	0.01274	0.04894	0.00656	0.01478
6	0.07806	0.02098	0.03145	0.07039	0.15728	0.02138	0.07286	0.03898	0.11116	0.15700	0.03320	0.04278	0.02673	0.01377	0.01104	0.00355	0.01101	0.07467	0.00860	0.01513
7	0.01653	0.01252	0.01547	0.01669	0.01913	0.01261	0.01310	0.02330	0.09203	0.03081	0.05996	0.21597	0.12770	0.08247	0.01712	0.00487	0.00816	0.21195	0.00960	0.00999
8	0.02617	0.02512	0.04292	0.06490	0.56246	0.02512	0.03245	0.03245	0.02407	0.03454	0.01989	0.02617	0.01675	0.00942	0.01047	0.00314	0.01256	0.00942	0.00523	0.01675
9	0.02339	0.01968	0.01844	0.01776	0.01980	0.13152	0.01265	0.02580	0.09297	0.02439	0.02509	0.08427	0.02406	0.02785	0.02783	0.38828	0.01084	0.01099	0.00612	0.00828
10	0.11271	0.01341	0.01573	0.01502	0.01836	0.01321	0.01158	0.02542	0.02287	0.11861	0.11978	0.07177	0.08078	0.18235	0.02288	0.00552	0.00856	0.12180	0.00925	0.01039
11	0.01515	0.01072	0.01436	0.01646	0.01782	0.01047	0.01266	0.01812	0.02144	0.02821	0.05369	0.31235	0.06130	0.11546	0.01970	0.00540	0.00837	0.24022	0.00930	0.00881
12	0.01997	0.01879	0.03171	0.60301	0.07282	0.02349	0.02936	0.02701	0.02114	0.02701	0.01879	0.02819	0.01409	0.01057	0.01057	0.00352	0.01409	0.00940	0.00470	0.01175
13	0.08694	0.01356	0.01711	0.01492	0.01891	0.01280	0.01135	0.02918	0.02534	0.19659	0.22854	0.05292	0.05248	0.07553	0.01926	0.10182	0.00756	0.01361	0.01014	0.01144
14	0.01436	0.01055	0.01371	0.01531	0.01719	0.00991	0.01171	0.01768	0.02345	0.03083	0.13653	0.31307	0.14778	0.02932	0.01352	0.00421	0.00692	0.16470	0.01005	0.00918
15	0.18145	0.02051	0.02343	0.01822	0.02627	0.01986	0.01499	0.12079	0.02963	0.30156	0.03009	0.02829	0.02023	0.01158	0.00936	0.00301	0.00909	0.00879	0.01032	0.11251
16	0.01469	0.00985	0.01293	0.01365	0.01464	0.00936	0.00923	0.01627	0.02147	0.02938	0.19908	0.28562	0.06656	0.12549	0.02360	0.10271	0.00688	0.02144	0.00908	0.00809
17	0.03343	0.01510	0.02057	0.01779	0.02341	0.01357	0.01470	0.03789	0.02882	0.33190	0.15531	0.06453	0.04998	0.01866	0.01195	0.00365	0.00831	0.12408	0.01200	0.01436
18	0.01506	0.01089	0.01372	0.01496	0.01671	0.01044	0.01138	0.01794	0.02193	0.02853	0.09502	0.18629	0.14115	0.16810	0.02303	0.00570	0.00820	0.19316	0.00912	0.00865
19	0.11282	0.01291	0.01446	0.01367	0.01743	0.01201	0.01021	0.02045	0.02379	0.03603	0.21005	0.19966	0.13877	0.02161	0.01122	0.00334	0.00619	0.01858	0.00941	0.10737
20	0.02063	0.01742	0.02054	0.01553	0.02367	0.01331	0.01214	0.02492	0.02168	0.03339	0.02444	0.10768	0.02342	0.01145	0.00864	0.00196	0.00759	0.00967	0.00677	0.59516
21	0.02938	0.01383	0.01861	0.01695	0.02133	0.01254	0.01328	0.03279	0.02565	0.27053	0.08363	0.18686	0.04812	0.07705	0.01601	0.00441	0.00831	0.09675	0.01108	0.01288
22	0.18547	0.02317	0.02308	0.02015	0.02661	0.02663	0.01599	0.11772	0.35074	0.04818	0.03393	0.03226	0.02539	0.01306	0.00975	0.00345	0.00879	0.01016	0.00975	0.01569
23	0.09555	0.02290	0.02353	0.01959	0.02618	0.10190	0.01552	0.04572	0.10110	0.32070	0.03378	0.03205	0.02325	0.01479	0.01289	0.06497	0.01035	0.00971	0.01031	0.01521
24	0.08327	0.02292	0.02349	0.01985	0.02514	0.07265	0.01558	0.21984	0.03158	0.08138	0.02672	0.03491	0.02254	0.11527	0.15008	0.00736	0.01552	0.01031	0.00825	0.01333
25	0.01502	0.01047	0.01319	0.01391	0.01502	0.01014	0.00969	0.01736	0.02125	0.02878	0.16393	0.19783	0.06306	0.26280	0.02922	0.00649	0.00806	0.09663	0.00889	0.00824
26	0.03166	0.02232	0.02547	0.01929	0.02791	0.02109	0.01565	0.18525	0.07833	0.12461	0.02637	0.02664	0.01942	0.01067	0.00934	0.00249	0.00921	0.00841	0.00899	0.32685
27	0.03855	0.02356	0.03715	0.03015	0.07739	0.02258	0.14872	0.13944	0.03225	0.29043	0.03154	0.03120	0.02121	0.01165	0.01108	0.00332	0.01207	0.01079	0.00998	0.01693
28	0.54843	0.02153	0.01868	0.01584	0.02281	0.02427	0.01306	0.10390	0.02365	0.09787	0.01871	0.02007	0.01373	0.01052	0.00749	0.00326	0.00875	0.00672	0.00772	0.01298
29	0.01770	0.01362	0.01665	0.01622	0.01934	0.01395	0.01253	0.02817	0.14749	0.03989	0.32086	0.12505	0.07584	0.02206	0.01247	0.00369	0.00655	0.08553	0.01100	0.01139
30	0.02489	0.01582	0.02368	0.01940	0.02282	0.01584	0.08359	0.02732	0.02027	0.15042	0.03180	0.05150	0.03017	0.34182	0.03617	0.00717	0.06571	0.01330	0.00764	0.01068
31	0.01472	0.01034	0.01319	0.01414	0.01606	0.00969	0.01052	0.01836	0.02446	0.03385	0.22012	0.27615	0.11893	0.02643	0.01269	0.00384	0.00610	0.09000	0.07107	0.00934
32	0.01815	0.01343	0.01799	0.01751	0.02003	0.01492	0.01340	0.09013	0.02240	0.03109	0.03486	0.17394	0.03533	0.05911	0.37162	0.01208	0.02080	0.01542	0.00733	0.01046
33	0.01794	0.00933	0.01346	0.01346	0.01346	0.00933	0.00879	0.01400	0.01400	0.01867	0.02049	0.03740	0.02122	0.12079	0.04310	0.59547	0.00933	0.01006	0.00485	0.00485
34	0.01752	0.01383	0.01560	0.01479	0.01836	0.01373	0.01114	0.06006	0.11141	0.03774	0.21756	0.15321	0.22832	0.02311	0.01221	0.00357	0.00630	0.01986	0.01057	0.01111
35	0.03287	0.02152	0.02448	0.02037	0.02694	0.02297	0.01628	0.15934	0.23555	0.17232	0.11162	0.04099	0.03711	0.01470	0.01093	0.00338	0.00879	0.01210	0.01139	0.01636
36	0.03894	0.03390	0.03071	0.02478	0.03235	0.16076	0.01991	0.37765	0.08383	0.05541	0.02467	0.02502	0.01809	0.01240	0.01035	0.00310	0.01310	0.00908	0.00940	0.01655
37	0.03759	0.04454	0.02921	0.02615	0.03192	0.45653	0.01985	0.08491	0.10785	0.03202	0.02106	0.02262	0.01675	0.01156	0.00980	0.00289	0.01686	0.00780	0.00667	0.01340
38	0.07203	0.01451	0.01746	0.01572	0.02007	0.01407	0.01258	0.07096	0.02949	0.12638	0.27020	0.07074	0.12217	0.02019	0.01186	0.00353	0.00712	0.07805	0.01095	0.01193
39	0.01468	0.01045	0.01183	0.01183	0.01283	0.01021	0.00740	0.01564	0.01756	0.02274	0.05009	0.07431	0.15865	0.43882	0.09190	0.00930	0.01073	0.01663	0.00714	0.00727
40	0.29393	0.02514	0.02495	0.01989	0.02759	0.02788	0.01641	0.29792	0.03597	0.10145	0.02268	0.02314	0.01617	0.01163	0.00904	0.00322	0.01009	0.00816	0.00925	0.01549
41	0.08580	0.01202	0.01406	0.01475	0.01687	0.01218	0.01046	0.02144	0.06975	0.03389	0.16682	0.34951	0.06565	0.05936	0.01453	0.00423	0.00651	0.02255	0.00980	0.00983
42	0.22410	0.01605	0.01791	0.01538	0.02067	0.01592	0.01196	0.03389	0.02390	0.23616	0.10032	0.08295	0.03630	0.10096	0.01596	0.00433	0.00822	0.01238	0.00985	0.01279
43	0.02496	0.02852	0.06239	0.04456	0.05526	0.02674	0.52406	0.03387	0.02496	0.03387	0.02139	0.02852	0.01604	0.00891	0.01248	0.00357	0.01783	0.01248	0.00535	0.01426
44	0.18952	0.02382	0.02435	0.02034	0.02739	0.02667	0.01640	0.19045	0.22811	0.09874	0.03108	0.02977	0.02263	0.01269	0.00971	0.00336	0.00935	0.00966	0.00993	0.01599
45	0.01983	0.01510	0.01746	0.01651	0.02031	0.01531	0.01293	0.11038	0.07579	0.03977	0.16741	0.15880	0.17270	0.02342	0.01246	0.00375	0.00741	0.08876	0.01041	0.01150
46	0.01739	0.01181	0.01583	0.09777	0.02442	0.01168	0.01300	0.02078	0.02236	0.07122	0.05870	0.30594	0.14918	0.02510	0.01223	0.00385	0.00749	0.05516	0.06607	0.01003
47	0.01975	0.01209	0.01504	0.01526	0.01736	0.01179	0.01055	0.02437	0.07439	0.10436	0.04854	0.34974	0.05250	0.16701	0.02220	0.00546	0.00773	0.02201	0.00958	0.01025
48	0.02264	0.02038	0.03440	0.26786	0.29322	0.02222	0.02794	0.02767	0.02147	0.02930	0.01924	0.02781	0.01594	0.01375	0.01489	0.10120	0.01268	0.00938	0.00493	0.01307
49	0.12286	0.02203	0.02164	0.01885	0.02416	0.06460	0.01477	0.15444	0.13220	0.04716	0.17591	0.08003	0.04552	0.01627	0.01067	0.00335	0.00888	0.01324	0.00989	0.01355
50	0.02695	0.11717	0.02895	0.02182	0.07994	0.02042	0.01598	0.03380	0.07129	0.12241	0.10061	0.03354	0.03059	0.01159	0.00931	0.00255	0.00871	0.00954	0.00816	0.24667
51	0.11031	0.01674	0.02358	0.02016	0.02518	0.01636	0.08498	0.02897	0.06538	0.09488	0.03617	0.17018	0.03530	0.05341	0.01572	0.05363	0.00950	0.05750	0.00832	0.07371
52	0.02148	0.01220	0.01551	0.01428	0.01733	0.01126	0.01063	0.02481	0.02527	0.13886	0.23947	0.07335	0.10181	0.17807	0.02300	0.00526	0.00760	0.05903	0.01026	0.01053
53	0.02678	0.02165	0.03595	0.26740	0.29617	0.02313	0.02885	0.03305	0.02381	0.10766	0.02256	0.02835	0.01706	0.01039	0.01053	0.00331	0.01265	0.00958	0.00614	0.01498
54	0.02785	0.02349	0.03563	0.17322	0.20047	0.02428	0.06315	0.12779	0.02846	0.06698	0.02180	0.02658	0.01665	0.01026	0.01030	0.00305	0.01229	0.00928	0.00671	0.11176
55	0.17931	0.01768	0.02053	0.10357	0.02958	0.01905	0.01540	0.03575	0.12097	0.14415	0.07566	0.09190	0.07305	0.01568	0.01026	0.00349	0.00862	0.01285	0.00927	0.01323
56	0.11550	0.01266	0.01539	0.01575	0.01876	0.01253	0.01229	0.02326	0.02405	0.08323	0.16687	0.23817	0.06256	0.02440	0.01227	0.00397	0.00726	0.13060	0.01005	0.01043
57	0.54715	0.02329	0.01934	0.01882	0.05728	0.07450	0.01395	0.03379	0.02044	0.08558	0.01732	0.01941	0.01315	0.01014	0.00739	0.00321	0.00952	0.00645	0.00687	0.01238
58	0.01351	0.00980	0.01186	0.01299	0.01469	0.00881	0.00902	0.01477	0.02086	0.02639	0.07206	0.33070	0.25714	0.03111	0.01705	0.10176	0.00626	0.02401	0.00907	0.00815
59	0.02210	0.01941	0.02341	0.01738	0.02544	0.01669	0.01403	0.02646	0.02111	0.03317	0.01809	0.02210	0.01541	0.00935	0.01165	0.00200	0.09324	0.00669	0.00603	0.59624
60	0.02530	0.27016	0.10841	0.01976	0.02765	0.02915	0.01899	0.10363	0.06956	0.03449	0.03386	0.11444	0.07349	0.01520	0.00959	0.00306	0.01041	0.01203	0.00717	0.01363
61	0.01609	0.04608	0.01688	0.01616	0.01857	0.01302	0.01245	0.02162	0.06943	0.03121	0.10913	0.32258	0.10267	0.02751	0.01295	0.00409	0.00728	0.13247	0.00978	0.01003
62	0.03106	0.02458	0.06778	0.02248	0.03086	0.02218	0.05660	0.19826	0.03205	0.12334	0.02598	0.02850	0.01940	0.02064	0.09189	0.00483	0.01352	0.00931	0.00844	0.16831

[dist]
# distance from previous block
# <min> <max>
0	76

# created by:
# /st0/software/busco_prod/Augustus/scripts/msa2prfl.pl ./align_prep/7011.fa
