[name]
unknown

[dist]
# distance from previous block
# <min> <max>
0	116

[block]
# block no. 0 follows, 13 sequences, length 9
# corresponding to MSA columns:
# 130-138
name=unknown_A
#
# <colnr> <probs for GDERKNQSTAVLIFYWHMCP>
#	G	D	E	R	K	N	Q	S	T	A	V	L	I	F	Y	W	H	M	C	P
0	0.01704	0.01217	0.01704	0.01947	0.02191	0.01217	0.01704	0.02191	0.02434	0.03164	0.05598	0.11926	0.06085	0.02921	0.01460	0.00487	0.00974	0.49130	0.00974	0.00974
1	0.01538	0.01025	0.01153	0.01153	0.01153	0.01025	0.00641	0.01538	0.01538	0.02050	0.03331	0.06919	0.03844	0.62842	0.05382	0.01025	0.01025	0.01538	0.00641	0.00641
2	0.01615	0.01368	0.02194	0.02011	0.02363	0.01279	0.09885	0.02047	0.02390	0.03146	0.12086	0.24161	0.14565	0.02554	0.01330	0.00407	0.00874	0.13794	0.00926	0.01006
3	0.02474	0.01870	0.02221	0.01601	0.02527	0.01425	0.01286	0.02937	0.02284	0.09351	0.02132	0.02348	0.01682	0.00841	0.00814	0.00175	0.00796	0.00675	0.00702	0.61858
4	0.70310	0.02045	0.01554	0.01390	0.02045	0.02372	0.01145	0.03108	0.01799	0.04744	0.01472	0.01718	0.01145	0.00981	0.00654	0.00327	0.00818	0.00573	0.00654	0.01145
5	0.02333	0.02534	0.08350	0.25856	0.24940	0.02470	0.07337	0.03248	0.06364	0.03233	0.02135	0.02785	0.01663	0.01025	0.01067	0.00337	0.01352	0.00974	0.00541	0.01456
6	0.02519	0.07688	0.07789	0.03020	0.16176	0.02186	0.02094	0.07633	0.02508	0.03661	0.01935	0.02292	0.01578	0.00898	0.00885	0.00232	0.01033	0.00744	0.00611	0.34517
7	0.01496	0.01081	0.01413	0.01330	0.01580	0.00998	0.00998	0.01995	0.02993	0.04240	0.55689	0.07898	0.09976	0.02162	0.01247	0.00333	0.00499	0.01912	0.01164	0.00998
8	0.01962	0.01589	0.01841	0.01897	0.02170	0.05685	0.01522	0.06896	0.02463	0.03192	0.04419	0.18753	0.04716	0.03863	0.14558	0.00723	0.01417	0.20437	0.00857	0.01040

[dist]
# distance from previous block
# <min> <max>
2	3

[block]
# block no. 1 follows, 13 sequences, length 69
# corresponding to MSA columns:
# 157-225
name=unknown_B
#
# <colnr> <probs for GDERKNQSTAVLIFYWHMCP>
#	G	D	E	R	K	N	Q	S	T	A	V	L	I	F	Y	W	H	M	C	P
0	0.53097	0.02190	0.01888	0.01586	0.02297	0.02448	0.01304	0.11666	0.02382	0.04967	0.01691	0.01900	0.01294	0.01015	0.00735	0.00311	0.00875	0.00643	0.00722	0.06990
1	0.03331	0.02605	0.02790	0.02252	0.03010	0.02872	0.01817	0.30384	0.23735	0.05531	0.03162	0.03051	0.02329	0.01292	0.01042	0.00320	0.01006	0.01018	0.01028	0.07427
2	0.02545	0.01878	0.03104	0.13723	0.17606	0.01895	0.06579	0.03085	0.02421	0.12662	0.03464	0.12788	0.03216	0.01661	0.01175	0.00369	0.01131	0.08546	0.00788	0.01363
3	0.09027	0.04164	0.14792	0.02590	0.03361	0.25579	0.02357	0.09147	0.07766	0.03552	0.02012	0.02259	0.01567	0.01176	0.01166	0.00319	0.06348	0.00792	0.00632	0.01392
4	0.01538	0.01025	0.01153	0.01153	0.01153	0.01025	0.00641	0.01538	0.01538	0.02050	0.03331	0.06919	0.03844	0.62842	0.05382	0.01025	0.01025	0.01538	0.00641	0.00641
5	0.14436	0.02491	0.06860	0.02034	0.02816	0.02356	0.01760	0.19351	0.08736	0.12929	0.02977	0.07810	0.02360	0.01358	0.00991	0.00322	0.00982	0.01068	0.00938	0.07425
6	0.03766	0.03347	0.02997	0.02455	0.03186	0.16566	0.01960	0.32946	0.12908	0.05294	0.02620	0.02625	0.01936	0.01254	0.01036	0.00313	0.01288	0.00928	0.00937	0.01638
7	0.10455	0.01842	0.02306	0.01760	0.02591	0.01599	0.01444	0.04372	0.02713	0.39392	0.03374	0.03088	0.02229	0.01154	0.00958	0.00287	0.00864	0.00914	0.01086	0.17574
8	0.01997	0.01879	0.03171	0.60301	0.07282	0.02349	0.02936	0.02701	0.02114	0.02701	0.01879	0.02819	0.01409	0.01057	0.01057	0.00352	0.01409	0.00940	0.00470	0.01175
9	0.02405	0.09865	0.48395	0.02818	0.04262	0.02518	0.03532	0.03490	0.02294	0.07925	0.02060	0.02307	0.01452	0.01023	0.00983	0.00325	0.01470	0.00788	0.00522	0.01566
10	0.23213	0.02059	0.02316	0.01832	0.02608	0.02068	0.01513	0.12345	0.02996	0.33950	0.03139	0.02892	0.02066	0.01209	0.00946	0.00326	0.00920	0.00906	0.01082	0.01614
11	0.01704	0.01217	0.01704	0.01947	0.02191	0.01217	0.01704	0.02191	0.02434	0.03164	0.05598	0.11926	0.06085	0.02921	0.01460	0.00487	0.00974	0.49130	0.00974	0.00974
12	0.03828	0.02029	0.02778	0.07035	0.10166	0.01981	0.01910	0.12406	0.03197	0.32364	0.08187	0.03627	0.02941	0.01313	0.01077	0.00326	0.00994	0.01097	0.01084	0.01660
13	0.04019	0.02962	0.03173	0.02433	0.03279	0.03279	0.02010	0.52721	0.04971	0.06663	0.02538	0.02538	0.01798	0.01269	0.01058	0.00317	0.01163	0.00952	0.01058	0.01798
14	0.02192	0.01879	0.02192	0.01566	0.02506	0.01409	0.01253	0.02662	0.02192	0.03445	0.01879	0.02192	0.01566	0.00783	0.00783	0.00157	0.00783	0.00626	0.00626	0.69305
15	0.01288	0.00920	0.01227	0.01472	0.01534	0.00859	0.00981	0.01472	0.02024	0.02699	0.05828	0.62152	0.06993	0.03312	0.01350	0.00429	0.00613	0.03006	0.00981	0.00859
16	0.04744	0.01799	0.02454	0.01881	0.02699	0.01554	0.01554	0.05153	0.03026	0.56979	0.04171	0.03599	0.02617	0.01309	0.01063	0.00327	0.00900	0.01063	0.01309	0.01799
17	0.02560	0.02454	0.04188	0.11459	0.51725	0.02497	0.03216	0.03195	0.02380	0.03385	0.01979	0.02635	0.01650	0.00953	0.01048	0.00318	0.01270	0.00942	0.00518	0.01629
18	0.02566	0.02113	0.03364	0.23943	0.25309	0.02273	0.02679	0.06861	0.02520	0.07991	0.02551	0.08495	0.02186	0.01267	0.01082	0.00340	0.01209	0.01151	0.00658	0.01443
19	0.01288	0.00920	0.01227	0.01472	0.01534	0.00859	0.00981	0.01472	0.02024	0.02699	0.05828	0.62152	0.06993	0.03312	0.01350	0.00429	0.00613	0.03006	0.00981	0.00859
20	0.01538	0.01025	0.01153	0.01153	0.01153	0.01025	0.00641	0.01538	0.01538	0.02050	0.03331	0.06919	0.03844	0.62842	0.05382	0.01025	0.01025	0.01538	0.00641	0.00641
21	0.03800	0.01995	0.03097	0.02392	0.03143	0.01884	0.10851	0.04470	0.06736	0.36446	0.03775	0.07475	0.02716	0.01410	0.01248	0.00349	0.04276	0.01234	0.01081	0.01622
22	0.01268	0.01072	0.01096	0.01090	0.01439	0.00900	0.00818	0.01553	0.02453	0.02958	0.14023	0.10008	0.52441	0.02640	0.01249	0.00355	0.00533	0.02208	0.00995	0.00900
23	0.02766	0.58473	0.10012	0.01913	0.02874	0.04035	0.01990	0.03182	0.02156	0.02562	0.01507	0.01742	0.01355	0.00913	0.00707	0.00236	0.01168	0.00584	0.00452	0.01375
24	0.70310	0.02045	0.01554	0.01390	0.02045	0.02372	0.01145	0.03108	0.01799	0.04744	0.01472	0.01718	0.01145	0.00981	0.00654	0.00327	0.00818	0.00573	0.00654	0.01145
25	0.01464	0.01079	0.01368	0.01296	0.01559	0.00984	0.00972	0.01932	0.02915	0.04056	0.49708	0.08201	0.16072	0.02230	0.01247	0.00336	0.00504	0.01955	0.01140	0.00984
26	0.02523	0.02221	0.02641	0.02282	0.02891	0.02496	0.05999	0.05121	0.45541	0.04318	0.08437	0.04183	0.03655	0.01449	0.01105	0.00356	0.00890	0.01260	0.01037	0.01595
27	0.19801	0.03076	0.03634	0.02817	0.03627	0.12762	0.16426	0.17593	0.03123	0.04515	0.02000	0.02316	0.01504	0.01057	0.00995	0.00323	0.01391	0.00896	0.00716	0.01428
28	0.01475	0.01080	0.01384	0.01308	0.01566	0.00989	0.00981	0.01954	0.02942	0.04120	0.51792	0.08095	0.13948	0.02206	0.01247	0.00335	0.00502	0.01940	0.01148	0.00989
29	0.01535	0.01034	0.01200	0.01200	0.01217	0.01051	0.00700	0.01568	0.01552	0.02085	0.03288	0.06679	0.03740	0.58084	0.09997	0.01083	0.01182	0.01503	0.00634	0.00667
30	0.01515	0.01015	0.01160	0.01183	0.01188	0.01010	0.00672	0.01532	0.01583	0.02110	0.03562	0.12019	0.04135	0.57345	0.05009	0.00970	0.00987	0.01673	0.00672	0.00661
31	0.70310	0.02045	0.01554	0.01390	0.02045	0.02372	0.01145	0.03108	0.01799	0.04744	0.01472	0.01718	0.01145	0.00981	0.00654	0.00327	0.00818	0.00573	0.00654	0.01145
32	0.03508	0.02258	0.02789	0.02187	0.02923	0.02320	0.05156	0.23892	0.08159	0.18639	0.08696	0.04108	0.07535	0.01471	0.01108	0.00331	0.00995	0.01221	0.01091	0.01610
33	0.02863	0.53404	0.09811	0.01993	0.02923	0.08734	0.02011	0.03273	0.02229	0.02571	0.01521	0.01761	0.01356	0.00929	0.00730	0.00240	0.01235	0.00594	0.00460	0.01363
34	0.01535	0.01034	0.01199	0.01199	0.01215	0.01050	0.00698	0.01567	0.01551	0.02084	0.03289	0.06687	0.03743	0.58224	0.09861	0.01082	0.01177	0.01504	0.00634	0.00666
35	0.01452	0.01079	0.01352	0.01284	0.01552	0.00979	0.00963	0.01910	0.02889	0.03992	0.47638	0.08306	0.18181	0.02254	0.01247	0.00337	0.00505	0.01969	0.01131	0.00979
36	0.02630	0.02271	0.02391	0.02152	0.02749	0.02630	0.01674	0.05618	0.54336	0.04423	0.04303	0.03945	0.03228	0.01434	0.01076	0.00359	0.00837	0.01195	0.01076	0.01674
37	0.01478	0.01080	0.01388	0.01311	0.01568	0.00990	0.00983	0.01960	0.02950	0.04138	0.52376	0.08066	0.13352	0.02200	0.01247	0.00334	0.00502	0.01936	0.01150	0.00990
38	0.02630	0.02271	0.02391	0.02152	0.02749	0.02630	0.01674	0.05618	0.54336	0.04423	0.04303	0.03945	0.03228	0.01434	0.01076	0.00359	0.00837	0.01195	0.01076	0.01674
39	0.02617	0.02512	0.04292	0.06490	0.56246	0.02512	0.03245	0.03245	0.02407	0.03454	0.01989	0.02617	0.01675	0.00942	0.01047	0.00314	0.01256	0.00942	0.00523	0.01675
40	0.09105	0.08394	0.03252	0.11031	0.07559	0.07688	0.02117	0.24773	0.07929	0.04761	0.02288	0.02505	0.01722	0.01155	0.00980	0.00314	0.01208	0.00879	0.00800	0.01542
41	0.02704	0.33176	0.27238	0.02327	0.03502	0.03208	0.02675	0.03427	0.02265	0.07884	0.01901	0.02099	0.01466	0.00984	0.00852	0.00282	0.01293	0.00703	0.00529	0.01485
42	0.02963	0.29042	0.16365	0.02156	0.03145	0.03066	0.02223	0.03970	0.11216	0.12456	0.02519	0.02532	0.01890	0.01088	0.00888	0.00291	0.01140	0.00809	0.00706	0.01535
43	0.02049	0.01530	0.02111	0.01893	0.02129	0.01780	0.01487	0.02350	0.01815	0.07212	0.02578	0.03861	0.02403	0.12732	0.27848	0.01051	0.16510	0.01087	0.00620	0.06952
44	0.06586	0.13712	0.21460	0.02300	0.03376	0.02674	0.02420	0.11538	0.05828	0.11134	0.02354	0.02446	0.01710	0.01076	0.00932	0.00298	0.01186	0.00810	0.00726	0.07433
45	0.01837	0.00918	0.01377	0.01377	0.01377	0.00918	0.00918	0.01377	0.01377	0.01837	0.01837	0.03214	0.01837	0.03673	0.04132	0.69238	0.00918	0.00918	0.00459	0.00459
46	0.13445	0.02951	0.16390	0.02098	0.03113	0.02110	0.02085	0.10241	0.02707	0.16183	0.02430	0.02495	0.01713	0.01055	0.00921	0.00289	0.01066	0.00801	0.00798	0.17111
47	0.01872	0.01505	0.01854	0.01720	0.02032	0.01635	0.01346	0.02961	0.15545	0.04039	0.33867	0.06691	0.07177	0.02010	0.01435	0.00363	0.06433	0.05276	0.01060	0.01179
48	0.01325	0.00949	0.01260	0.01447	0.01542	0.00884	0.00984	0.01566	0.02197	0.02974	0.14734	0.52461	0.07526	0.03107	0.01331	0.00412	0.00593	0.02810	0.01014	0.00884
49	0.02566	0.02461	0.04201	0.10862	0.52268	0.02499	0.03220	0.03201	0.02384	0.03393	0.01980	0.02633	0.01653	0.00951	0.01048	0.00317	0.01269	0.00942	0.00519	0.01634
50	0.02438	0.01872	0.02218	0.01596	0.02524	0.01423	0.01282	0.02902	0.02273	0.08597	0.02100	0.02328	0.01667	0.00834	0.00810	0.00173	0.00794	0.00668	0.00692	0.62809
51	0.02532	0.34269	0.17377	0.07931	0.04036	0.03363	0.10874	0.03202	0.02223	0.02856	0.01718	0.02117	0.01399	0.00939	0.00884	0.00285	0.01365	0.00764	0.00466	0.01399
52	0.01643	0.01291	0.01510	0.01418	0.01754	0.01265	0.01074	0.02534	0.12032	0.03959	0.36302	0.07709	0.19174	0.02149	0.01217	0.00343	0.00568	0.01857	0.01107	0.01095
53	0.01535	0.01035	0.01206	0.01206	0.01224	0.01054	0.00706	0.01571	0.01553	0.02089	0.03283	0.06653	0.03728	0.57557	0.10508	0.01090	0.01199	0.01499	0.00634	0.00670
54	0.04275	0.02455	0.12262	0.02083	0.03034	0.01715	0.01974	0.04830	0.02884	0.47399	0.03765	0.03355	0.02389	0.01254	0.01053	0.00329	0.01018	0.01013	0.01155	0.01757
55	0.04580	0.01854	0.02595	0.02236	0.06823	0.01628	0.01684	0.05006	0.02979	0.52856	0.04003	0.03523	0.02545	0.01280	0.01062	0.00326	0.00927	0.01054	0.01248	0.01790
56	0.01351	0.01098	0.01212	0.01248	0.01576	0.00959	0.00979	0.01677	0.02463	0.03027	0.13586	0.10295	0.43135	0.02677	0.01287	0.00378	0.00610	0.10529	0.00996	0.00916
57	0.01953	0.01500	0.01889	0.02002	0.02341	0.01597	0.01696	0.03112	0.16390	0.03503	0.05250	0.09780	0.05317	0.02521	0.01357	0.00452	0.00937	0.36240	0.01001	0.01162
58	0.02746	0.43867	0.18336	0.02191	0.03229	0.08445	0.02356	0.03303	0.02243	0.02712	0.01591	0.01849	0.01353	0.00946	0.00784	0.00257	0.01306	0.00630	0.00459	0.01397
59	0.01773	0.01426	0.01828	0.01687	0.01700	0.01722	0.01199	0.01870	0.01574	0.02229	0.02703	0.05320	0.03010	0.40404	0.08487	0.00900	0.19446	0.01322	0.00581	0.00819
60	0.01518	0.01104	0.01555	0.01555	0.01694	0.01243	0.01142	0.01795	0.01657	0.02348	0.02964	0.04884	0.02960	0.22434	0.44581	0.01521	0.02355	0.01240	0.00586	0.00864
61	0.04408	0.02338	0.02787	0.02137	0.02968	0.02353	0.01765	0.27194	0.03927	0.33664	0.03415	0.03107	0.02238	0.01290	0.01061	0.00323	0.01022	0.01012	0.01192	0.01799
62	0.04019	0.02962	0.03173	0.02433	0.03279	0.03279	0.02010	0.52721	0.04971	0.06663	0.02538	0.02538	0.01798	0.01269	0.01058	0.00317	0.01163	0.00952	0.01058	0.01798
63	0.63748	0.02374	0.06925	0.01547	0.02288	0.02380	0.01411	0.03131	0.01841	0.04610	0.01513	0.01767	0.01164	0.00984	0.00688	0.00328	0.00890	0.00593	0.00634	0.01185
64	0.02316	0.14554	0.39290	0.03254	0.08823	0.02767	0.08170	0.03313	0.02259	0.03219	0.01858	0.02236	0.01397	0.00972	0.00978	0.00317	0.01486	0.00804	0.00463	0.01525
65	0.02784	0.02187	0.06750	0.01803	0.02737	0.01631	0.01571	0.03520	0.06878	0.15274	0.02593	0.02656	0.01922	0.00973	0.00888	0.00226	0.00877	0.00784	0.00800	0.43146
66	0.01357	0.00986	0.01280	0.01396	0.01542	0.00909	0.00975	0.01654	0.02382	0.03237	0.23219	0.39996	0.11395	0.02875	0.01308	0.00391	0.00569	0.02578	0.01044	0.00909
67	0.01451	0.01061	0.01270	0.01286	0.01472	0.00988	0.00911	0.01727	0.02312	0.03072	0.21812	0.13175	0.18158	0.19740	0.02453	0.00557	0.00708	0.06047	0.00941	0.00858
68	0.02505	0.12907	0.02927	0.02276	0.06592	0.02466	0.01700	0.13744	0.10523	0.03790	0.03200	0.13249	0.02996	0.02914	0.12778	0.00608	0.01360	0.01311	0.00798	0.01354

[dist]
# distance from previous block
# <min> <max>
5	9

[block]
# block no. 2 follows, 13 sequences, length 38
# corresponding to MSA columns:
# 235-272
name=unknown_C
#
# <colnr> <probs for GDERKNQSTAVLIFYWHMCP>
#	G	D	E	R	K	N	Q	S	T	A	V	L	I	F	Y	W	H	M	C	P
0	0.08548	0.10124	0.03138	0.02503	0.06854	0.17084	0.01893	0.07473	0.02817	0.21433	0.02531	0.02565	0.01825	0.01188	0.01127	0.00309	0.05419	0.00844	0.00827	0.01497
1	0.03310	0.09297	0.02830	0.01968	0.02627	0.02321	0.01630	0.16824	0.03196	0.18690	0.08509	0.08732	0.03244	0.01523	0.01211	0.00320	0.05148	0.01199	0.00985	0.06437
2	0.20962	0.25332	0.10917	0.01842	0.02765	0.02859	0.01829	0.03321	0.02162	0.08943	0.01857	0.02031	0.01452	0.00966	0.00769	0.00270	0.01042	0.00656	0.00615	0.09410
3	0.02831	0.02864	0.02723	0.02423	0.02865	0.14553	0.01906	0.04583	0.30814	0.03584	0.03038	0.03122	0.02391	0.01462	0.01628	0.00366	0.15555	0.01022	0.00816	0.01455
4	0.03329	0.01562	0.02192	0.08663	0.02905	0.01463	0.01579	0.03769	0.02769	0.32743	0.12514	0.10808	0.04355	0.01734	0.01149	0.00352	0.00871	0.04671	0.01129	0.01442
5	0.01250	0.01071	0.01071	0.01071	0.01428	0.00893	0.00803	0.01517	0.02410	0.02856	0.10711	0.10175	0.55817	0.02678	0.01250	0.00357	0.00536	0.02231	0.00982	0.00893
6	0.02819	0.02595	0.06566	0.02406	0.02824	0.07701	0.02034	0.07036	0.09384	0.10405	0.02818	0.09754	0.02486	0.01723	0.01996	0.00390	0.23742	0.01195	0.00769	0.01358
7	0.02332	0.20884	0.31491	0.02378	0.03628	0.02720	0.02772	0.03155	0.02201	0.03129	0.01775	0.02075	0.01391	0.00931	0.00868	0.00268	0.01281	0.00689	0.00485	0.15548
8	0.02751	0.51900	0.09045	0.01940	0.02857	0.03871	0.01950	0.03470	0.08326	0.02781	0.01837	0.02002	0.01577	0.00975	0.00750	0.00250	0.01128	0.00656	0.00526	0.01410
9	0.02827	0.63478	0.05540	0.01809	0.02714	0.04184	0.01809	0.03166	0.02148	0.02488	0.01470	0.01696	0.01357	0.00905	0.00678	0.00226	0.01131	0.00565	0.00452	0.01357
10	0.03212	0.43907	0.04775	0.02011	0.02896	0.03891	0.01874	0.19192	0.03061	0.03838	0.01815	0.01969	0.01500	0.01023	0.00801	0.00256	0.01141	0.00690	0.00648	0.01500
11	0.02121	0.05469	0.57364	0.03014	0.04576	0.02455	0.03906	0.03348	0.02232	0.03348	0.01897	0.02232	0.01339	0.01005	0.01005	0.00335	0.01563	0.00781	0.00446	0.01563
12	0.01582	0.01220	0.01461	0.01376	0.01688	0.01170	0.01039	0.02329	0.08949	0.03988	0.40708	0.07881	0.18253	0.02178	0.01227	0.00340	0.00546	0.01891	0.01117	0.01057
13	0.01496	0.01081	0.01413	0.01330	0.01580	0.00998	0.00998	0.01995	0.02993	0.04240	0.55689	0.07898	0.09976	0.02162	0.01247	0.00333	0.00499	0.01912	0.01164	0.00998
14	0.04744	0.01799	0.02454	0.01881	0.02699	0.01554	0.01554	0.05153	0.03026	0.56979	0.04171	0.03599	0.02617	0.01309	0.01063	0.00327	0.00900	0.01063	0.01309	0.01799
15	0.01704	0.01217	0.01704	0.01947	0.02191	0.01217	0.01704	0.02191	0.02434	0.03164	0.05598	0.11926	0.06085	0.02921	0.01460	0.00487	0.00974	0.49130	0.00974	0.00974
16	0.01250	0.01071	0.01071	0.01071	0.01428	0.00893	0.00803	0.01517	0.02410	0.02856	0.10711	0.10175	0.55817	0.02678	0.01250	0.00357	0.00536	0.02231	0.00982	0.00893
17	0.02617	0.02512	0.04292	0.06490	0.56246	0.02512	0.03245	0.03245	0.02407	0.03454	0.01989	0.02617	0.01675	0.00942	0.01047	0.00314	0.01256	0.00942	0.00523	0.01675
18	0.02121	0.05469	0.57364	0.03014	0.04576	0.02455	0.03906	0.03348	0.02232	0.03348	0.01897	0.02232	0.01339	0.01005	0.01005	0.00335	0.01563	0.00781	0.00446	0.01563
19	0.01288	0.00920	0.01227	0.01472	0.01534	0.00859	0.00981	0.01472	0.02024	0.02699	0.05828	0.62152	0.06993	0.03312	0.01350	0.00429	0.00613	0.03006	0.00981	0.00859
20	0.01288	0.00920	0.01227	0.01472	0.01534	0.00859	0.00981	0.01472	0.02024	0.02699	0.05828	0.62152	0.06993	0.03312	0.01350	0.00429	0.00613	0.03006	0.00981	0.00859
21	0.02121	0.05469	0.57364	0.03014	0.04576	0.02455	0.03906	0.03348	0.02232	0.03348	0.01897	0.02232	0.01339	0.01005	0.01005	0.00335	0.01563	0.00781	0.00446	0.01563
22	0.02630	0.02271	0.02391	0.02152	0.02749	0.02630	0.01674	0.05618	0.54336	0.04423	0.04303	0.03945	0.03228	0.01434	0.01076	0.00359	0.00837	0.01195	0.01076	0.01674
23	0.01997	0.01879	0.03171	0.60301	0.07282	0.02349	0.02936	0.02701	0.02114	0.02701	0.01879	0.02819	0.01409	0.01057	0.01057	0.00352	0.01409	0.00940	0.00470	0.01175
24	0.01250	0.01071	0.01071	0.01071	0.01428	0.00893	0.00803	0.01517	0.02410	0.02856	0.10711	0.10175	0.55817	0.02678	0.01250	0.00357	0.00536	0.02231	0.00982	0.00893
25	0.02070	0.01954	0.03304	0.53937	0.13073	0.02368	0.02973	0.02766	0.02149	0.02790	0.01892	0.02795	0.01441	0.01043	0.01056	0.00348	0.01391	0.00940	0.00476	0.01234
26	0.02192	0.01879	0.02192	0.01566	0.02506	0.01409	0.01253	0.02662	0.02192	0.03445	0.01879	0.02192	0.01566	0.00783	0.00783	0.00157	0.00783	0.00626	0.00626	0.69305
27	0.04526	0.01848	0.02447	0.01909	0.02704	0.01665	0.01566	0.05201	0.08316	0.51561	0.04185	0.03634	0.02680	0.01322	0.01065	0.00330	0.00893	0.01077	0.01285	0.01786
28	0.01496	0.01081	0.01413	0.01330	0.01580	0.00998	0.00998	0.01995	0.02993	0.04240	0.55689	0.07898	0.09976	0.02162	0.01247	0.00333	0.00499	0.01912	0.01164	0.00998
29	0.03365	0.02445	0.04775	0.03461	0.04433	0.02241	0.32745	0.04070	0.02701	0.24107	0.02925	0.03141	0.01996	0.01053	0.01176	0.00345	0.01441	0.01176	0.00834	0.01570
30	0.09150	0.05116	0.51610	0.02846	0.04315	0.02447	0.03622	0.03324	0.02188	0.03492	0.01854	0.02179	0.01319	0.01002	0.00968	0.00334	0.01486	0.00760	0.00468	0.01520
31	0.02827	0.63478	0.05540	0.01809	0.02714	0.04184	0.01809	0.03166	0.02148	0.02488	0.01470	0.01696	0.01357	0.00905	0.00678	0.00226	0.01131	0.00565	0.00452	0.01357
32	0.70310	0.02045	0.01554	0.01390	0.02045	0.02372	0.01145	0.03108	0.01799	0.04744	0.01472	0.01718	0.01145	0.00981	0.00654	0.00327	0.00818	0.00573	0.00654	0.01145
33	0.70310	0.02045	0.01554	0.01390	0.02045	0.02372	0.01145	0.03108	0.01799	0.04744	0.01472	0.01718	0.01145	0.00981	0.00654	0.00327	0.00818	0.00573	0.00654	0.01145
34	0.02827	0.63478	0.05540	0.01809	0.02714	0.04184	0.01809	0.03166	0.02148	0.02488	0.01470	0.01696	0.01357	0.00905	0.00678	0.00226	0.01131	0.00565	0.00452	0.01357
35	0.01272	0.01072	0.01103	0.01095	0.01442	0.00902	0.00821	0.01561	0.02464	0.02984	0.14856	0.09966	0.51593	0.02630	0.01249	0.00355	0.00532	0.02202	0.00999	0.00902
36	0.07177	0.01862	0.07477	0.01675	0.02211	0.01524	0.01467	0.07264	0.03014	0.10645	0.35213	0.05862	0.06820	0.01773	0.01140	0.00330	0.00740	0.01509	0.01060	0.01235
37	0.01529	0.01058	0.01319	0.01319	0.01376	0.01115	0.00848	0.01644	0.01587	0.02173	0.03180	0.06079	0.03479	0.46161	0.21563	0.01230	0.01574	0.01415	0.00618	0.00733

[dist]
# distance from previous block
# <min> <max>
0	3

[block]
# block no. 3 follows, 13 sequences, length 49
# corresponding to MSA columns:
# 276-324
name=unknown_D
#
# <colnr> <probs for GDERKNQSTAVLIFYWHMCP>
#	G	D	E	R	K	N	Q	S	T	A	V	L	I	F	Y	W	H	M	C	P
0	0.02817	0.49795	0.13077	0.02068	0.03040	0.08583	0.02143	0.03284	0.02233	0.02625	0.01548	0.01794	0.01355	0.00935	0.00751	0.00246	0.01262	0.00608	0.00459	0.01376
1	0.02593	0.03369	0.24487	0.02415	0.03593	0.01946	0.06314	0.03387	0.02364	0.11920	0.02271	0.02483	0.01646	0.00963	0.00952	0.00270	0.01189	0.00806	0.00656	0.26373
2	0.02634	0.31434	0.24490	0.02552	0.03710	0.03331	0.07336	0.07356	0.02445	0.03234	0.01778	0.02071	0.01410	0.00970	0.00883	0.00286	0.01353	0.00741	0.00508	0.01476
3	0.02958	0.08157	0.02860	0.02182	0.02864	0.02920	0.01761	0.15895	0.38438	0.04741	0.03644	0.03421	0.02734	0.01348	0.01035	0.00337	0.00937	0.01082	0.01013	0.01672
4	0.70310	0.02045	0.01554	0.01390	0.02045	0.02372	0.01145	0.03108	0.01799	0.04744	0.01472	0.01718	0.01145	0.00981	0.00654	0.00327	0.00818	0.00573	0.00654	0.01145
5	0.01528	0.01200	0.01721	0.01632	0.01924	0.01112	0.04753	0.01967	0.02626	0.03558	0.29434	0.17536	0.15019	0.02452	0.01297	0.00377	0.00686	0.09159	0.01033	0.00986
6	0.01496	0.01081	0.01413	0.01330	0.01580	0.00998	0.00998	0.01995	0.02993	0.04240	0.55689	0.07898	0.09976	0.02162	0.01247	0.00333	0.00499	0.01912	0.01164	0.00998
7	0.02379	0.02015	0.02594	0.02444	0.06188	0.02198	0.05409	0.07783	0.26625	0.04149	0.11632	0.04895	0.04085	0.02181	0.06532	0.00484	0.01105	0.04906	0.00956	0.01441
8	0.01421	0.01022	0.01345	0.01382	0.01563	0.00947	0.00992	0.01805	0.02640	0.03679	0.37536	0.27650	0.08890	0.02581	0.01284	0.00368	0.00541	0.02310	0.01097	0.00947
9	0.02542	0.02868	0.09716	0.05689	0.39562	0.02545	0.14788	0.03288	0.02412	0.03429	0.02015	0.02636	0.01627	0.00936	0.01090	0.00326	0.01408	0.00998	0.00519	0.01606
10	0.01507	0.01076	0.01477	0.01722	0.01879	0.01047	0.01361	0.01850	0.02240	0.02943	0.05707	0.35760	0.06516	0.03107	0.01408	0.00460	0.00803	0.27242	0.00977	0.00919
11	0.01839	0.01642	0.02886	0.12650	0.03658	0.01661	0.13389	0.02409	0.02408	0.03218	0.11677	0.15903	0.04959	0.02075	0.01290	0.00400	0.01107	0.14918	0.00813	0.01098
12	0.70310	0.02045	0.01554	0.01390	0.02045	0.02372	0.01145	0.03108	0.01799	0.04744	0.01472	0.01718	0.01145	0.00981	0.00654	0.00327	0.00818	0.00573	0.00654	0.01145
13	0.04632	0.01978	0.02564	0.01966	0.02788	0.01819	0.01624	0.12473	0.03326	0.49236	0.03920	0.03436	0.02491	0.01303	0.01062	0.00326	0.00940	0.01046	0.01270	0.01799
14	0.01971	0.00985	0.00985	0.00985	0.01232	0.00985	0.00739	0.02464	0.02217	0.03942	0.03449	0.03942	0.02710	0.01232	0.00739	0.00246	0.00493	0.00985	0.68712	0.00985
15	0.03527	0.27943	0.04150	0.02175	0.03046	0.03652	0.01927	0.32265	0.03806	0.04940	0.02097	0.02191	0.01616	0.01119	0.00901	0.00280	0.01150	0.00792	0.00808	0.01616
16	0.60183	0.02079	0.01679	0.01504	0.02150	0.02410	0.01224	0.03484	0.09661	0.04696	0.01896	0.02051	0.01457	0.01049	0.00717	0.00332	0.00821	0.00666	0.00717	0.01224
17	0.01971	0.00985	0.00985	0.00985	0.01232	0.00985	0.00739	0.02464	0.02217	0.03942	0.03449	0.03942	0.02710	0.01232	0.00739	0.00246	0.00493	0.00985	0.68712	0.00985
18	0.02192	0.01879	0.02192	0.01566	0.02506	0.01409	0.01253	0.02662	0.02192	0.03445	0.01879	0.02192	0.01566	0.00783	0.00783	0.00157	0.00783	0.00626	0.00626	0.69305
19	0.04019	0.02962	0.03173	0.02433	0.03279	0.03279	0.02010	0.52721	0.04971	0.06663	0.02538	0.02538	0.01798	0.01269	0.01058	0.00317	0.01163	0.00952	0.01058	0.01798
20	0.04019	0.02962	0.03173	0.02433	0.03279	0.03279	0.02010	0.52721	0.04971	0.06663	0.02538	0.02538	0.01798	0.01269	0.01058	0.00317	0.01163	0.00952	0.01058	0.01798
21	0.03946	0.02368	0.02719	0.02162	0.02938	0.02490	0.01761	0.23854	0.16269	0.24532	0.03565	0.03269	0.02446	0.01324	0.01064	0.00331	0.00987	0.01052	0.01154	0.01768
22	0.01541	0.01211	0.01760	0.01570	0.01881	0.01114	0.05118	0.02030	0.02834	0.03944	0.44014	0.11569	0.12955	0.02185	0.01255	0.00343	0.00613	0.01964	0.01085	0.01013
23	0.02630	0.02271	0.02391	0.02152	0.02749	0.02630	0.01674	0.05618	0.54336	0.04423	0.04303	0.03945	0.03228	0.01434	0.01076	0.00359	0.00837	0.01195	0.01076	0.01674
24	0.01288	0.00920	0.01227	0.01472	0.01534	0.00859	0.00981	0.01472	0.02024	0.02699	0.05828	0.62152	0.06993	0.03312	0.01350	0.00429	0.00613	0.03006	0.00981	0.00859
25	0.02617	0.02512	0.04292	0.06490	0.56246	0.02512	0.03245	0.03245	0.02407	0.03454	0.01989	0.02617	0.01675	0.00942	0.01047	0.00314	0.01256	0.00942	0.00523	0.01675
26	0.09339	0.03374	0.03001	0.02417	0.03177	0.16149	0.01948	0.37380	0.04254	0.05555	0.02241	0.02325	0.01643	0.01204	0.01001	0.00308	0.01310	0.00858	0.00905	0.01612
27	0.70310	0.02045	0.01554	0.01390	0.02045	0.02372	0.01145	0.03108	0.01799	0.04744	0.01472	0.01718	0.01145	0.00981	0.00654	0.00327	0.00818	0.00573	0.00654	0.01145
28	0.01250	0.01071	0.01071	0.01071	0.01428	0.00893	0.00803	0.01517	0.02410	0.02856	0.10711	0.10175	0.55817	0.02678	0.01250	0.00357	0.00536	0.02231	0.00982	0.00893
29	0.02121	0.05469	0.57364	0.03014	0.04576	0.02455	0.03906	0.03348	0.02232	0.03348	0.01897	0.02232	0.01339	0.01005	0.01005	0.00335	0.01563	0.00781	0.00446	0.01563
30	0.03950	0.05039	0.02996	0.02724	0.03269	0.58597	0.02043	0.04222	0.02996	0.02588	0.01634	0.01907	0.01362	0.01090	0.00953	0.00272	0.01907	0.00681	0.00545	0.01226
31	0.01704	0.01217	0.01704	0.01947	0.02191	0.01217	0.01704	0.02191	0.02434	0.03164	0.05598	0.11926	0.06085	0.02921	0.01460	0.00487	0.00974	0.49130	0.00974	0.00974
32	0.01323	0.00945	0.01267	0.01512	0.01589	0.00889	0.01042	0.01533	0.02059	0.02738	0.05808	0.57916	0.06916	0.03279	0.01359	0.00434	0.00644	0.06896	0.00981	0.00868
33	0.02016	0.01571	0.02265	0.12148	0.07113	0.01677	0.02050	0.06616	0.02592	0.03403	0.04449	0.08917	0.04612	0.02322	0.01328	0.00437	0.01084	0.33410	0.00863	0.01129
34	0.02313	0.02313	0.03238	0.02776	0.02776	0.03238	0.02313	0.02545	0.01619	0.02545	0.01388	0.02313	0.01388	0.01851	0.03470	0.00463	0.60907	0.00925	0.00463	0.01157
35	0.01510	0.01133	0.01699	0.01699	0.01888	0.01322	0.01322	0.01888	0.01699	0.02454	0.02832	0.04154	0.02643	0.07930	0.58652	0.01699	0.02832	0.01133	0.00566	0.00944
36	0.01372	0.01076	0.01241	0.01200	0.01503	0.00945	0.00900	0.01755	0.02700	0.03544	0.33071	0.09043	0.33028	0.02421	0.01248	0.00345	0.00517	0.02073	0.01072	0.00945
37	0.02192	0.01879	0.02192	0.01566	0.02506	0.01409	0.01253	0.02662	0.02192	0.03445	0.01879	0.02192	0.01566	0.00783	0.00783	0.00157	0.00783	0.00626	0.00626	0.69305
38	0.02121	0.05469	0.57364	0.03014	0.04576	0.02455	0.03906	0.03348	0.02232	0.03348	0.01897	0.02232	0.01339	0.01005	0.01005	0.00335	0.01563	0.00781	0.00446	0.01563
39	0.01496	0.01081	0.01413	0.01330	0.01580	0.00998	0.00998	0.01995	0.02993	0.04240	0.55689	0.07898	0.09976	0.02162	0.01247	0.00333	0.00499	0.01912	0.01164	0.00998
40	0.02602	0.02597	0.03948	0.17366	0.41521	0.07280	0.03078	0.03215	0.02397	0.03223	0.01936	0.02598	0.01593	0.00979	0.01041	0.00318	0.01344	0.00919	0.00514	0.01532
41	0.43811	0.07241	0.10732	0.01845	0.02690	0.02669	0.01764	0.11390	0.02419	0.04681	0.01715	0.01932	0.01299	0.01027	0.00777	0.00319	0.01013	0.00667	0.00674	0.01334
42	0.01496	0.01081	0.01413	0.01330	0.01580	0.00998	0.00998	0.01995	0.02993	0.04240	0.55689	0.07898	0.09976	0.02162	0.01247	0.00333	0.00499	0.01912	0.01164	0.00998
43	0.01720	0.02173	0.13735	0.02004	0.02604	0.01463	0.05687	0.02386	0.02666	0.03721	0.29274	0.07070	0.10274	0.01968	0.01227	0.00360	0.00899	0.08708	0.00920	0.01140
44	0.02247	0.04298	0.35880	0.03338	0.04685	0.02427	0.19137	0.03296	0.02313	0.03370	0.01973	0.02426	0.01445	0.00948	0.01061	0.00325	0.01560	0.00916	0.00491	0.07863
45	0.03805	0.02267	0.11516	0.01986	0.02789	0.01597	0.01841	0.04203	0.02611	0.38518	0.03389	0.03303	0.02269	0.01662	0.01578	0.12114	0.01014	0.00991	0.01018	0.01530
46	0.12493	0.02805	0.15355	0.02006	0.02949	0.02023	0.01967	0.07142	0.06807	0.08074	0.06856	0.02899	0.02405	0.01115	0.00924	0.00282	0.00993	0.00871	0.00756	0.21278
47	0.08980	0.02558	0.11760	0.02055	0.03063	0.01791	0.05491	0.03261	0.02315	0.11895	0.02221	0.02422	0.01655	0.00929	0.00886	0.00244	0.01009	0.00761	0.00698	0.36006
48	0.02762	0.39985	0.21712	0.02197	0.03303	0.03418	0.02453	0.03388	0.02248	0.07271	0.01829	0.02024	0.01456	0.00970	0.00814	0.00269	0.01248	0.00675	0.00521	0.01459

[dist]
# distance from previous block
# <min> <max>
0	1

[block]
# block no. 4 follows, 13 sequences, length 13
# corresponding to MSA columns:
# 326-338
name=unknown_E
#
# <colnr> <probs for GDERKNQSTAVLIFYWHMCP>
#	G	D	E	R	K	N	Q	S	T	A	V	L	I	F	Y	W	H	M	C	P
0	0.16449	0.08676	0.08356	0.02458	0.07164	0.02724	0.02024	0.17556	0.02922	0.08609	0.02200	0.02489	0.01688	0.01783	0.06453	0.00450	0.04927	0.00845	0.00752	0.01473
1	0.08989	0.14315	0.43628	0.02662	0.04030	0.02721	0.03301	0.03296	0.02176	0.03350	0.01788	0.02096	0.01323	0.00986	0.00918	0.00317	0.01420	0.00726	0.00468	0.01489
2	0.02222	0.02813	0.14783	0.02419	0.03072	0.08048	0.05965	0.06795	0.02591	0.03364	0.03853	0.16106	0.03963	0.02067	0.01233	0.00395	0.01222	0.17092	0.00782	0.01216
3	0.02827	0.29689	0.26740	0.02324	0.03490	0.03055	0.02647	0.03549	0.02319	0.11263	0.02066	0.02214	0.01544	0.01009	0.00874	0.00287	0.01276	0.00733	0.00582	0.01511
4	0.40814	0.01579	0.01399	0.01386	0.01816	0.01729	0.01058	0.02414	0.01934	0.03886	0.03816	0.22400	0.08473	0.01915	0.00941	0.00364	0.00723	0.01536	0.00794	0.01026
5	0.01624	0.01027	0.01343	0.01466	0.01637	0.00937	0.01021	0.01860	0.02225	0.07895	0.09989	0.48158	0.10835	0.02983	0.01307	0.00406	0.00625	0.02675	0.01026	0.00960
6	0.02747	0.23036	0.14181	0.03797	0.20705	0.02994	0.07348	0.03395	0.02346	0.07155	0.01981	0.02342	0.01575	0.00964	0.00938	0.00294	0.01292	0.00827	0.00547	0.01537
7	0.02901	0.01731	0.06300	0.01874	0.02428	0.01375	0.01637	0.03364	0.02639	0.25337	0.08877	0.15834	0.04756	0.02109	0.01225	0.00387	0.00890	0.13907	0.01087	0.01343
8	0.02908	0.01356	0.01709	0.01464	0.01814	0.01251	0.01031	0.03082	0.02174	0.25521	0.03690	0.05500	0.03320	0.36549	0.03536	0.00727	0.00971	0.01335	0.00926	0.01136
9	0.03426	0.12349	0.03344	0.02716	0.07931	0.21568	0.02006	0.06852	0.12027	0.10147	0.02478	0.02581	0.01910	0.01194	0.01116	0.00306	0.04978	0.00858	0.00744	0.01467
10	0.02001	0.02616	0.16191	0.03571	0.20208	0.01856	0.02571	0.02642	0.02274	0.03189	0.03565	0.18973	0.03702	0.01900	0.01186	0.00379	0.01122	0.10037	0.00699	0.01319
11	0.02026	0.01939	0.01903	0.01881	0.02020	0.11656	0.01376	0.02217	0.02053	0.02544	0.03750	0.24823	0.04261	0.16068	0.02553	0.00546	0.11087	0.05622	0.00739	0.00934
12	0.02068	0.03935	0.34208	0.27492	0.05732	0.02410	0.03492	0.03072	0.02182	0.03072	0.01890	0.02483	0.01369	0.01027	0.01027	0.00342	0.01497	0.00849	0.00456	0.01397

[dist]
# distance from previous block
# <min> <max>
0	32

# created by:
# /st0/software/busco_prod/Augustus/scripts/msa2prfl.pl ./align_prep/7013.fa
