[name]
unknown

[dist]
# distance from previous block
# <min> <max>
0	158

[block]
# block no. 0 follows, 12 sequences, length 34
# corresponding to MSA columns:
# 217-250
name=unknown_A
#
# <colnr> <probs for GDERKNQSTAVLIFYWHMCP>
#	G	D	E	R	K	N	Q	S	T	A	V	L	I	F	Y	W	H	M	C	P
0	0.01405	0.01105	0.01276	0.01299	0.01595	0.00976	0.00983	0.01759	0.02617	0.03359	0.22291	0.15081	0.33075	0.02699	0.01317	0.00380	0.00589	0.06175	0.01065	0.00955
1	0.01611	0.06289	0.01694	0.01446	0.01674	0.01245	0.01068	0.01963	0.02483	0.03469	0.23054	0.31116	0.07415	0.02563	0.01233	0.00370	0.00623	0.02272	0.07417	0.00995
2	0.01666	0.01145	0.01396	0.01467	0.01671	0.01127	0.01053	0.05043	0.02407	0.03387	0.09267	0.33653	0.10470	0.03166	0.06054	0.00501	0.00828	0.02275	0.12433	0.00993
3	0.02398	0.01636	0.02019	0.01899	0.02214	0.01731	0.01427	0.13245	0.02839	0.08752	0.04684	0.37235	0.05069	0.02611	0.01483	0.00409	0.05862	0.02244	0.01016	0.01224
4	0.69383	0.02109	0.01603	0.01434	0.02109	0.02446	0.01181	0.03205	0.01856	0.04892	0.01518	0.01771	0.01181	0.01012	0.00675	0.00337	0.00843	0.00590	0.00675	0.01181
5	0.38468	0.02375	0.02283	0.01858	0.02622	0.02618	0.01533	0.19011	0.03104	0.13311	0.02299	0.02342	0.01631	0.01160	0.00874	0.00334	0.00971	0.00794	0.00912	0.01501
6	0.42753	0.01918	0.01866	0.01649	0.02306	0.02053	0.01375	0.03616	0.02280	0.17850	0.02862	0.03810	0.02318	0.01391	0.00906	0.00361	0.00889	0.07566	0.00898	0.01331
7	0.02712	0.02342	0.02465	0.02219	0.02835	0.02712	0.01726	0.05794	0.52909	0.04561	0.04438	0.04068	0.03328	0.01479	0.01109	0.00370	0.00863	0.01233	0.01109	0.01726
8	0.02261	0.01938	0.02261	0.01615	0.02584	0.01453	0.01292	0.02745	0.02261	0.03553	0.01938	0.02261	0.01615	0.00807	0.00807	0.00161	0.00807	0.00646	0.00646	0.68346
9	0.02608	0.02755	0.03307	0.02856	0.02929	0.10441	0.02349	0.02852	0.01857	0.02630	0.01465	0.02330	0.01428	0.01805	0.03237	0.00451	0.52089	0.00921	0.00488	0.01202
10	0.02614	0.02505	0.04274	0.13584	0.48645	0.02569	0.03304	0.03273	0.02443	0.03460	0.02036	0.02726	0.01691	0.00987	0.01081	0.00329	0.01316	0.00971	0.00532	0.01659
11	0.17159	0.02108	0.02664	0.01967	0.02889	0.01845	0.07798	0.02946	0.02212	0.03841	0.01880	0.02242	0.01524	0.00867	0.00841	0.00228	0.00951	0.00718	0.00640	0.44679
12	0.02527	0.01930	0.02288	0.01648	0.02604	0.01469	0.01323	0.03005	0.02348	0.08810	0.02177	0.02407	0.01724	0.00862	0.00837	0.00179	0.00820	0.00691	0.00717	0.61635
13	0.01847	0.01550	0.01932	0.01648	0.02093	0.01505	0.01286	0.02221	0.02225	0.03199	0.11714	0.05226	0.12303	0.06652	0.10442	0.00573	0.08812	0.01317	0.00763	0.22694
14	0.01420	0.01046	0.01351	0.01560	0.01718	0.00976	0.01152	0.01696	0.02252	0.02921	0.06815	0.41190	0.15060	0.03212	0.01400	0.00444	0.00704	0.13154	0.01010	0.00919
15	0.14826	0.25054	0.04279	0.02389	0.03232	0.07044	0.10383	0.03846	0.09011	0.07099	0.02228	0.02420	0.01750	0.01059	0.00900	0.00304	0.01227	0.00838	0.00671	0.01438
16	0.02817	0.11974	0.10705	0.03195	0.15844	0.02467	0.02338	0.06672	0.02588	0.08095	0.02154	0.02445	0.01687	0.00980	0.00933	0.00264	0.01129	0.00800	0.00658	0.22254
17	0.24253	0.02205	0.02772	0.19706	0.07750	0.02602	0.02175	0.08007	0.02393	0.07600	0.01978	0.02485	0.01509	0.01205	0.01283	0.00362	0.08847	0.00855	0.00670	0.01345
18	0.69383	0.02109	0.01603	0.01434	0.02109	0.02446	0.01181	0.03205	0.01856	0.04892	0.01518	0.01771	0.01181	0.01012	0.00675	0.00337	0.00843	0.00590	0.00675	0.01181
19	0.01662	0.01208	0.01493	0.01445	0.01475	0.01335	0.00943	0.01746	0.01620	0.02230	0.03154	0.06217	0.03518	0.47406	0.13331	0.01106	0.07262	0.01458	0.00630	0.00763
20	0.01905	0.01720	0.01686	0.01607	0.01919	0.09240	0.01226	0.02362	0.02983	0.03898	0.38572	0.07805	0.12892	0.02182	0.01260	0.00349	0.00769	0.05502	0.01073	0.01051
21	0.01447	0.01044	0.01314	0.01377	0.01570	0.00973	0.00983	0.01648	0.02252	0.02950	0.14550	0.23903	0.21073	0.03527	0.07075	0.09456	0.00849	0.02204	0.00931	0.00874
22	0.02316	0.02284	0.03207	0.02770	0.02786	0.03175	0.02300	0.02567	0.01677	0.02616	0.01556	0.02544	0.01539	0.02432	0.08071	0.00584	0.54943	0.00972	0.00486	0.01174
23	0.02187	0.05640	0.56031	0.03108	0.04719	0.02532	0.04029	0.03453	0.02302	0.03453	0.01957	0.02302	0.01381	0.01036	0.01036	0.00345	0.01611	0.00806	0.00460	0.01611
24	0.04145	0.03054	0.03272	0.02509	0.03381	0.03381	0.02072	0.51243	0.05127	0.06872	0.02618	0.02618	0.01854	0.01309	0.01091	0.00327	0.01200	0.00982	0.01091	0.01854
25	0.03099	0.02328	0.02530	0.02202	0.02867	0.02613	0.01734	0.08900	0.43025	0.11443	0.04293	0.03920	0.03143	0.01450	0.01106	0.00363	0.00895	0.01197	0.01140	0.01752
26	0.04408	0.02094	0.02639	0.02087	0.02881	0.02008	0.01733	0.16353	0.03557	0.38594	0.04027	0.04263	0.02833	0.01499	0.01134	0.00351	0.01002	0.05511	0.01253	0.01774
27	0.01808	0.01137	0.01465	0.01546	0.01782	0.01192	0.01254	0.02281	0.02206	0.03369	0.04090	0.06781	0.03897	0.03800	0.17129	0.00761	0.01355	0.16054	0.27094	0.01000
28	0.04892	0.01856	0.02530	0.01940	0.02783	0.01603	0.01603	0.05314	0.03121	0.55634	0.04302	0.03711	0.02699	0.01350	0.01096	0.00337	0.00928	0.01096	0.01350	0.01856
29	0.03230	0.03326	0.16119	0.18576	0.04746	0.07946	0.02725	0.10737	0.02941	0.15324	0.02544	0.02800	0.01767	0.01170	0.01067	0.00340	0.01390	0.00932	0.00768	0.01553
30	0.10483	0.01292	0.01733	0.01710	0.01968	0.01505	0.01339	0.02113	0.01766	0.02842	0.02736	0.03953	0.02523	0.07235	0.49900	0.01566	0.02647	0.01092	0.00596	0.01001
31	0.01346	0.00962	0.01281	0.01506	0.01585	0.00897	0.01013	0.01562	0.02168	0.02912	0.09914	0.56699	0.07460	0.03320	0.01383	0.00435	0.00623	0.03009	0.01027	0.00897
32	0.01784	0.01950	0.09210	0.07857	0.03110	0.01542	0.05152	0.02390	0.02502	0.03350	0.12482	0.12803	0.10133	0.02313	0.01324	0.00417	0.01035	0.18643	0.00881	0.01121
33	0.09197	0.21414	0.07646	0.05991	0.03252	0.02786	0.01968	0.07407	0.02742	0.23478	0.02724	0.02687	0.01913	0.01144	0.00930	0.00306	0.01104	0.00852	0.00867	0.01591

[dist]
# distance from previous block
# <min> <max>
0	1

[block]
# block no. 1 follows, 12 sequences, length 57
# corresponding to MSA columns:
# 252-308
name=unknown_B
#
# <colnr> <probs for GDERKNQSTAVLIFYWHMCP>
#	G	D	E	R	K	N	Q	S	T	A	V	L	I	F	Y	W	H	M	C	P
0	0.02444	0.02047	0.03300	0.27539	0.18358	0.02333	0.02693	0.03010	0.02277	0.07786	0.02560	0.09063	0.02251	0.01424	0.01404	0.00372	0.07929	0.01207	0.00633	0.01369
1	0.61789	0.08990	0.02072	0.01483	0.02187	0.02659	0.01259	0.03212	0.01897	0.04626	0.01518	0.01769	0.01206	0.01003	0.00678	0.00325	0.00880	0.00590	0.00651	0.01206
2	0.02155	0.01228	0.01630	0.01510	0.01845	0.01114	0.01137	0.02591	0.02907	0.14054	0.35579	0.17118	0.08238	0.02279	0.01269	0.00360	0.00617	0.02012	0.01194	0.01163
3	0.02554	0.13804	0.03119	0.01928	0.02713	0.02406	0.01645	0.07727	0.02496	0.03569	0.02172	0.03010	0.01947	0.01184	0.01187	0.00255	0.07659	0.04430	0.00665	0.35528
4	0.03701	0.02112	0.02561	0.01916	0.02815	0.01874	0.01566	0.12839	0.03150	0.25722	0.03043	0.02928	0.02108	0.01125	0.00980	0.00265	0.00930	0.00895	0.01020	0.28451
5	0.21017	0.07410	0.06462	0.08315	0.03587	0.02645	0.06388	0.10732	0.06651	0.13019	0.02505	0.02656	0.01802	0.01143	0.00964	0.00336	0.01141	0.00899	0.00820	0.01508
6	0.03011	0.11179	0.02941	0.02408	0.08439	0.02318	0.01724	0.12134	0.06246	0.12747	0.03595	0.15086	0.03226	0.01666	0.01059	0.00333	0.00946	0.01400	0.08074	0.01471
7	0.01388	0.01048	0.01290	0.01411	0.01613	0.00950	0.01021	0.01683	0.02408	0.03138	0.15616	0.33190	0.21606	0.02990	0.01353	0.00409	0.00619	0.06295	0.01043	0.00930
8	0.01328	0.00949	0.01265	0.01518	0.01581	0.00886	0.01012	0.01518	0.02088	0.02783	0.06010	0.60969	0.07212	0.03416	0.01392	0.00443	0.00633	0.03100	0.01012	0.00886
9	0.02770	0.02786	0.04167	0.11887	0.44584	0.08138	0.03186	0.03389	0.02512	0.03388	0.02002	0.02646	0.01665	0.01000	0.01071	0.00324	0.01380	0.00944	0.00536	0.01625
10	0.02452	0.26290	0.37704	0.02655	0.04020	0.03181	0.03241	0.03385	0.02271	0.03130	0.01796	0.02101	0.01388	0.00998	0.00913	0.00304	0.01449	0.00725	0.00463	0.01534
11	0.02364	0.02080	0.02038	0.01868	0.02315	0.07771	0.01428	0.03978	0.24850	0.04249	0.22816	0.05376	0.05696	0.01707	0.01135	0.00341	0.00822	0.01437	0.06372	0.01358
12	0.04091	0.02737	0.03571	0.02686	0.03587	0.02841	0.09439	0.32446	0.04234	0.18544	0.02976	0.02941	0.02035	0.01259	0.01122	0.00336	0.01230	0.01057	0.01073	0.01796
13	0.04145	0.03054	0.03272	0.02509	0.03381	0.03381	0.02072	0.51243	0.05127	0.06872	0.02618	0.02618	0.01854	0.01309	0.01091	0.00327	0.01200	0.00982	0.01091	0.01854
14	0.01665	0.01189	0.01700	0.01791	0.02011	0.01298	0.01462	0.02105	0.02068	0.02911	0.04007	0.07187	0.04024	0.05786	0.32836	0.01186	0.02044	0.18047	0.05696	0.00988
15	0.02915	0.62337	0.05714	0.01866	0.02799	0.04314	0.01866	0.03265	0.02215	0.02565	0.01516	0.01749	0.01399	0.00933	0.00700	0.00233	0.01166	0.00583	0.00466	0.01399
16	0.02712	0.02342	0.02465	0.02219	0.02835	0.02712	0.01726	0.05794	0.52909	0.04561	0.04438	0.04068	0.03328	0.01479	0.01109	0.00370	0.00863	0.01233	0.01109	0.01726
17	0.01450	0.01111	0.01329	0.01274	0.01572	0.00989	0.00956	0.01878	0.02867	0.03853	0.38548	0.09000	0.26368	0.02423	0.01287	0.00352	0.00528	0.02092	0.01132	0.00989
18	0.69383	0.02109	0.01603	0.01434	0.02109	0.02446	0.01181	0.03205	0.01856	0.04892	0.01518	0.01771	0.01181	0.01012	0.00675	0.00337	0.00843	0.00590	0.00675	0.01181
19	0.04073	0.05197	0.03090	0.02809	0.03371	0.57303	0.02107	0.04354	0.03090	0.02669	0.01685	0.01966	0.01404	0.01124	0.00983	0.00281	0.01966	0.00702	0.00562	0.01264
20	0.21332	0.01920	0.02294	0.01811	0.02611	0.01818	0.01495	0.04776	0.02798	0.42699	0.03592	0.03217	0.02312	0.01264	0.00989	0.00337	0.00906	0.00967	0.01178	0.01684
21	0.01565	0.01139	0.01606	0.01606	0.01750	0.01283	0.01180	0.01853	0.01709	0.02423	0.03055	0.05027	0.03048	0.22118	0.43861	0.01571	0.02435	0.01277	0.00604	0.00892
22	0.01579	0.01085	0.01330	0.01330	0.01379	0.01134	0.00836	0.01676	0.01627	0.02218	0.03307	0.06422	0.03655	0.48306	0.18501	0.01231	0.01523	0.01481	0.00642	0.00739
23	0.04057	0.02851	0.03105	0.02418	0.03258	0.03124	0.01985	0.41379	0.10382	0.11568	0.02997	0.02895	0.02109	0.01332	0.01093	0.00333	0.01134	0.01022	0.01119	0.01840
24	0.01792	0.01159	0.01629	0.08137	0.02387	0.01138	0.01305	0.02068	0.02208	0.08425	0.05362	0.48224	0.06072	0.02930	0.01326	0.00422	0.00758	0.02642	0.00988	0.01026
25	0.02513	0.01741	0.01971	0.01811	0.02256	0.01904	0.01381	0.04137	0.25882	0.09376	0.04147	0.08500	0.03445	0.07118	0.07853	0.00566	0.01047	0.01342	0.11617	0.01394
26	0.01460	0.01214	0.01630	0.01568	0.01892	0.01086	0.04670	0.01807	0.02463	0.03134	0.13658	0.22428	0.29868	0.02748	0.01331	0.00395	0.00699	0.05978	0.00999	0.00971
27	0.02385	0.02385	0.03340	0.02863	0.02863	0.03340	0.02385	0.02624	0.01670	0.02624	0.01431	0.02385	0.01431	0.01908	0.03578	0.00477	0.59685	0.00954	0.00477	0.01193
28	0.04892	0.01856	0.02530	0.01940	0.02783	0.01603	0.01603	0.05314	0.03121	0.55634	0.04302	0.03711	0.02699	0.01350	0.01096	0.00337	0.00928	0.01096	0.01350	0.01856
29	0.01638	0.01090	0.01320	0.01402	0.01650	0.00964	0.00997	0.01881	0.02331	0.07659	0.07742	0.36832	0.24502	0.02982	0.01326	0.00405	0.00629	0.02618	0.01043	0.00987
30	0.02261	0.01938	0.02261	0.01615	0.02584	0.01453	0.01292	0.02745	0.02261	0.03553	0.01938	0.02261	0.01615	0.00807	0.00807	0.00161	0.00807	0.00646	0.00646	0.68346
31	0.03804	0.01809	0.02645	0.18291	0.04046	0.01782	0.01966	0.04295	0.02771	0.36385	0.03756	0.07912	0.02691	0.01435	0.01118	0.00353	0.01056	0.01215	0.01075	0.01596
32	0.52996	0.02614	0.01932	0.01710	0.02379	0.11728	0.01373	0.03573	0.02169	0.08647	0.01773	0.01963	0.01343	0.01059	0.00762	0.00328	0.01042	0.00651	0.00710	0.01250
33	0.01894	0.00947	0.01420	0.01420	0.01420	0.00947	0.00947	0.01420	0.01420	0.01894	0.01894	0.03314	0.01894	0.03788	0.04261	0.68277	0.00947	0.00947	0.00473	0.00473
34	0.02305	0.02139	0.03340	0.38326	0.15708	0.02509	0.02844	0.03459	0.11786	0.03269	0.02430	0.03086	0.01859	0.01141	0.01092	0.00357	0.01312	0.01019	0.00613	0.01407
35	0.02340	0.02362	0.03342	0.48471	0.10802	0.08706	0.02948	0.03010	0.02308	0.02834	0.01918	0.02783	0.01470	0.01085	0.01077	0.00351	0.01500	0.00939	0.00498	0.01258
36	0.01483	0.01063	0.01285	0.01308	0.01545	0.00969	0.00951	0.01865	0.02630	0.03635	0.27698	0.20722	0.19074	0.02535	0.01258	0.00363	0.00550	0.02217	0.07880	0.00969
37	0.03617	0.03062	0.17512	0.02564	0.03597	0.02115	0.06818	0.09069	0.03003	0.27510	0.03416	0.03828	0.02442	0.01353	0.01129	0.00354	0.01231	0.04714	0.00980	0.01686
38	0.01517	0.01114	0.01422	0.01345	0.01613	0.01018	0.01008	0.02007	0.03025	0.04227	0.49904	0.08384	0.14779	0.02283	0.01286	0.00346	0.00518	0.02005	0.01181	0.01018
39	0.01543	0.01115	0.01457	0.01372	0.01629	0.01029	0.01029	0.02058	0.03086	0.04372	0.54304	0.08145	0.10288	0.02229	0.01286	0.00343	0.00514	0.01972	0.01200	0.01029
40	0.02712	0.02342	0.02465	0.02219	0.02835	0.02712	0.01726	0.05794	0.52909	0.04561	0.04438	0.04068	0.03328	0.01479	0.01109	0.00370	0.00863	0.01233	0.01109	0.01726
41	0.11108	0.02953	0.03094	0.02394	0.03245	0.03281	0.01977	0.46116	0.04777	0.06660	0.02500	0.02527	0.01782	0.01277	0.01046	0.00328	0.01162	0.00940	0.01046	0.01782
42	0.03454	0.19177	0.12509	0.02729	0.09065	0.02750	0.02336	0.04007	0.02549	0.22324	0.02666	0.02720	0.01914	0.01185	0.01173	0.00320	0.05818	0.00882	0.00799	0.01623
43	0.01581	0.01063	0.01218	0.01209	0.01236	0.01054	0.00700	0.01636	0.01746	0.02355	0.08865	0.07243	0.04639	0.55335	0.05095	0.00981	0.00999	0.01627	0.00718	0.00700
44	0.02385	0.02385	0.03340	0.02863	0.02863	0.03340	0.02385	0.02624	0.01670	0.02624	0.01431	0.02385	0.01431	0.01908	0.03578	0.00477	0.59685	0.00954	0.00477	0.01193
45	0.02043	0.01310	0.01827	0.02002	0.02307	0.01287	0.01743	0.02537	0.02566	0.08034	0.05639	0.11517	0.05949	0.02861	0.01469	0.00487	0.00997	0.43309	0.01035	0.01082
46	0.08551	0.02249	0.06718	0.08308	0.03293	0.01754	0.01727	0.03048	0.02285	0.07610	0.02084	0.02406	0.01622	0.00919	0.00869	0.00229	0.00959	0.00726	0.00669	0.43974
47	0.02059	0.01938	0.03270	0.59060	0.07510	0.02422	0.03028	0.02786	0.02180	0.02786	0.01938	0.02907	0.01453	0.01090	0.01090	0.00363	0.01453	0.00969	0.00484	0.01211
48	0.02877	0.02350	0.02518	0.02183	0.02811	0.02659	0.01718	0.14841	0.37257	0.05021	0.09756	0.04231	0.03816	0.01529	0.01126	0.00358	0.00893	0.01265	0.01116	0.01673
49	0.02803	0.02230	0.03994	0.29286	0.11580	0.02360	0.13931	0.03506	0.02489	0.13325	0.02473	0.03048	0.01774	0.01087	0.01136	0.00355	0.01423	0.01068	0.00675	0.01456
50	0.04794	0.02013	0.02628	0.02015	0.02862	0.01836	0.01664	0.11349	0.03384	0.49227	0.04080	0.03568	0.02588	0.01344	0.01096	0.00336	0.00964	0.01081	0.01316	0.01855
51	0.02857	0.01526	0.01914	0.01721	0.02205	0.01445	0.01320	0.03618	0.10397	0.22492	0.10814	0.20624	0.10105	0.02173	0.01219	0.00375	0.00755	0.01882	0.01170	0.01386
52	0.01586	0.01057	0.01189	0.01189	0.01189	0.01057	0.00661	0.01586	0.01586	0.02114	0.03436	0.07135	0.03964	0.61681	0.05550	0.01057	0.01057	0.01586	0.00661	0.00661
53	0.02351	0.17607	0.38218	0.06358	0.04353	0.02969	0.03384	0.03315	0.02234	0.03162	0.01825	0.02225	0.01393	0.01074	0.01133	0.00331	0.05316	0.00777	0.00464	0.01512
54	0.02614	0.06296	0.02451	0.07947	0.08085	0.01685	0.01572	0.02695	0.02031	0.12710	0.02590	0.03745	0.02266	0.11381	0.02897	0.25186	0.01066	0.01050	0.00680	0.01054
55	0.01631	0.01142	0.01467	0.01489	0.01753	0.01081	0.01185	0.02123	0.02799	0.03924	0.32406	0.09055	0.11929	0.02388	0.01293	0.00380	0.00651	0.14392	0.07899	0.01012
56	0.01685	0.01069	0.01537	0.01537	0.01628	0.01160	0.01094	0.01695	0.01604	0.02229	0.02633	0.04408	0.02630	0.15539	0.29343	0.25866	0.01890	0.01158	0.00557	0.00739

[dist]
# distance from previous block
# <min> <max>
0	25

[block]
# block no. 2 follows, 12 sequences, length 6
# corresponding to MSA columns:
# 334-339
name=unknown_C
#
# <colnr> <probs for GDERKNQSTAVLIFYWHMCP>
#	G	D	E	R	K	N	Q	S	T	A	V	L	I	F	Y	W	H	M	C	P
0	0.02482	0.14325	0.10497	0.12270	0.09979	0.03101	0.11710	0.03107	0.02184	0.02997	0.01799	0.02473	0.01497	0.01207	0.01646	0.00360	0.15546	0.00932	0.00495	0.01393
1	0.01414	0.01016	0.01303	0.01499	0.01605	0.00959	0.01043	0.01626	0.02109	0.02769	0.06082	0.42987	0.10870	0.11167	0.01958	0.00527	0.00730	0.08497	0.00964	0.00873
2	0.02243	0.09068	0.12277	0.19580	0.04275	0.07506	0.02399	0.02744	0.02202	0.02779	0.02578	0.09877	0.02458	0.01820	0.01518	0.09519	0.01309	0.04112	0.00578	0.01157
3	0.01573	0.01107	0.01444	0.01444	0.01532	0.01195	0.00978	0.01749	0.01661	0.02303	0.03203	0.05845	0.03404	0.37475	0.28989	0.01372	0.01900	0.01397	0.00626	0.00802
4	0.10965	0.01498	0.01894	0.11666	0.02784	0.01688	0.01482	0.02491	0.02466	0.03932	0.22862	0.05002	0.05172	0.01645	0.01288	0.00341	0.06451	0.01322	0.13956	0.01095
5	0.03870	0.02675	0.07513	0.02238	0.03150	0.02413	0.01963	0.21081	0.08977	0.22716	0.03258	0.03082	0.02234	0.01262	0.01059	0.00319	0.01064	0.00996	0.01077	0.09052

[dist]
# distance from previous block
# <min> <max>
0	22

[block]
# block no. 3 follows, 12 sequences, length 8
# corresponding to MSA columns:
# 362-369
name=unknown_D
#
# <colnr> <probs for GDERKNQSTAVLIFYWHMCP>
#	G	D	E	R	K	N	Q	S	T	A	V	L	I	F	Y	W	H	M	C	P
0	0.02876	0.01996	0.02257	0.01977	0.02546	0.02150	0.01570	0.10425	0.24911	0.11462	0.12477	0.05065	0.04370	0.01653	0.01136	0.00356	0.00840	0.04403	0.05987	0.01544
1	0.03370	0.03289	0.15887	0.08813	0.04004	0.02781	0.02608	0.21670	0.03419	0.12953	0.02523	0.02723	0.01785	0.01292	0.01352	0.00354	0.07725	0.00953	0.00846	0.01652
2	0.03101	0.53171	0.05293	0.02017	0.02890	0.12815	0.01904	0.03440	0.02356	0.02582	0.01543	0.01784	0.01400	0.00963	0.00745	0.00241	0.01294	0.00602	0.00482	0.01378
3	0.03543	0.23158	0.10260	0.02079	0.03007	0.02801	0.02002	0.09179	0.02926	0.21718	0.06648	0.03078	0.02570	0.01230	0.00966	0.00302	0.01093	0.00938	0.00896	0.01606
4	0.69383	0.02109	0.01603	0.01434	0.02109	0.02446	0.01181	0.03205	0.01856	0.04892	0.01518	0.01771	0.01181	0.01012	0.00675	0.00337	0.00843	0.00590	0.00675	0.01181
5	0.01909	0.01293	0.01529	0.01510	0.01845	0.01224	0.01113	0.02555	0.08907	0.09058	0.12547	0.25976	0.21124	0.02608	0.01280	0.00388	0.00657	0.02270	0.01083	0.01126
6	0.02306	0.01696	0.01870	0.01691	0.01994	0.01821	0.01192	0.13361	0.10675	0.03656	0.03741	0.12488	0.03804	0.31098	0.03310	0.00705	0.01004	0.01587	0.00874	0.01127
7	0.11360	0.11279	0.18614	0.02821	0.09098	0.02840	0.02550	0.14445	0.02907	0.04340	0.02005	0.02275	0.01532	0.01051	0.00938	0.00303	0.01236	0.00791	0.00665	0.08949

[dist]
# distance from previous block
# <min> <max>
0	3

[block]
# block no. 4 follows, 12 sequences, length 53
# corresponding to MSA columns:
# 373-425
name=unknown_E
#
# <colnr> <probs for GDERKNQSTAVLIFYWHMCP>
#	G	D	E	R	K	N	Q	S	T	A	V	L	I	F	Y	W	H	M	C	P
0	0.02914	0.23674	0.21353	0.02349	0.03469	0.03052	0.02522	0.07637	0.06677	0.08806	0.02299	0.02424	0.01733	0.01076	0.00924	0.00295	0.01243	0.00798	0.00669	0.06087
1	0.02383	0.01489	0.01850	0.01640	0.02075	0.01461	0.01269	0.03379	0.12766	0.13794	0.35467	0.06541	0.07547	0.01922	0.01217	0.00347	0.00658	0.01668	0.01210	0.01316
2	0.01459	0.01077	0.01379	0.01565	0.01688	0.01047	0.01072	0.01912	0.06354	0.03052	0.09598	0.52211	0.07128	0.03165	0.01360	0.00429	0.00642	0.02859	0.01035	0.00966
3	0.02566	0.16692	0.16428	0.11826	0.04326	0.02681	0.10197	0.03282	0.02409	0.08363	0.03159	0.03446	0.07584	0.01230	0.01042	0.00328	0.01331	0.01056	0.00633	0.01422
4	0.03850	0.01635	0.02140	0.01717	0.02410	0.01411	0.01391	0.04249	0.02986	0.40196	0.10069	0.05509	0.14127	0.01720	0.01153	0.00344	0.00814	0.01424	0.01266	0.01589
5	0.02059	0.01938	0.03270	0.59060	0.07510	0.02422	0.03028	0.02786	0.02180	0.02786	0.01938	0.02907	0.01453	0.01090	0.01090	0.00363	0.01453	0.00969	0.00484	0.01211
6	0.03073	0.02341	0.08972	0.21988	0.11691	0.02071	0.02528	0.03732	0.02548	0.20113	0.02859	0.03170	0.02002	0.01167	0.01056	0.00338	0.01198	0.00996	0.06638	0.01519
7	0.02798	0.08118	0.26239	0.08943	0.08732	0.02715	0.07988	0.10059	0.02780	0.08105	0.02240	0.02580	0.01619	0.01080	0.01059	0.00337	0.01448	0.00917	0.00639	0.01604
8	0.02352	0.02237	0.03800	0.35048	0.29230	0.02500	0.03174	0.03043	0.02319	0.03142	0.01990	0.02811	0.01579	0.01036	0.01085	0.00345	0.01381	0.00970	0.00510	0.01448
9	0.02187	0.05640	0.56031	0.03108	0.04719	0.02532	0.04029	0.03453	0.02302	0.03453	0.01957	0.02302	0.01381	0.01036	0.01036	0.00345	0.01611	0.00806	0.00460	0.01611
10	0.04210	0.02153	0.07778	0.01963	0.02831	0.01619	0.01760	0.04701	0.02966	0.44389	0.04828	0.04337	0.08427	0.01478	0.01112	0.00342	0.00954	0.01204	0.01221	0.01725
11	0.03563	0.02819	0.13509	0.12658	0.04348	0.02201	0.07352	0.08327	0.02914	0.26565	0.03067	0.03121	0.02042	0.01195	0.01102	0.00346	0.01270	0.01027	0.00920	0.01654
12	0.04385	0.02669	0.03034	0.02326	0.03189	0.02809	0.01921	0.36467	0.04481	0.22559	0.03160	0.02970	0.02126	0.01322	0.01093	0.00330	0.01112	0.01019	0.01174	0.01855
13	0.02256	0.02220	0.12338	0.13841	0.03615	0.01657	0.02104	0.02849	0.02465	0.11756	0.11325	0.20511	0.04629	0.01965	0.01197	0.00376	0.01020	0.01725	0.00880	0.01271
14	0.03450	0.07266	0.17452	0.02836	0.09177	0.06960	0.02479	0.04093	0.02689	0.23597	0.03115	0.07010	0.02352	0.01321	0.01063	0.00334	0.01241	0.01077	0.00864	0.01623
15	0.03502	0.02320	0.03130	0.08191	0.03693	0.02441	0.07441	0.11479	0.20058	0.20275	0.03634	0.03509	0.02548	0.01313	0.01121	0.00353	0.01100	0.01135	0.01054	0.01703
16	0.01694	0.00948	0.01366	0.01455	0.01477	0.00925	0.00970	0.01455	0.01656	0.02208	0.03347	0.23674	0.03772	0.03657	0.03248	0.44322	0.00836	0.01707	0.00664	0.00619
17	0.01981	0.02210	0.08402	0.33156	0.05490	0.02212	0.05860	0.02623	0.02157	0.02887	0.02763	0.14887	0.02656	0.01625	0.01366	0.00388	0.06125	0.01416	0.00596	0.01200
18	0.02492	0.12006	0.09671	0.34693	0.09967	0.02683	0.02868	0.03188	0.02301	0.07165	0.02073	0.02702	0.01560	0.01070	0.01022	0.00335	0.01370	0.00900	0.00553	0.01381
19	0.03455	0.21142	0.03719	0.02413	0.03094	0.30606	0.01958	0.04338	0.13204	0.03032	0.02209	0.02341	0.01803	0.01142	0.00927	0.00286	0.01505	0.00778	0.00648	0.01399
20	0.04073	0.01925	0.02447	0.02016	0.02751	0.01850	0.01647	0.05167	0.15534	0.38275	0.04464	0.04550	0.03169	0.01527	0.01135	0.00360	0.00918	0.05184	0.01259	0.01749
21	0.03840	0.02550	0.08328	0.07690	0.09389	0.02238	0.02251	0.11757	0.07024	0.28442	0.03356	0.03244	0.02266	0.01256	0.01088	0.00340	0.01121	0.01035	0.01034	0.01750
22	0.34624	0.02017	0.02324	0.11232	0.07371	0.02294	0.01838	0.03217	0.02148	0.09244	0.02386	0.03457	0.02016	0.01342	0.01105	0.00368	0.04940	0.06075	0.00726	0.01279
23	0.01441	0.01066	0.01326	0.01423	0.01591	0.01018	0.01012	0.01692	0.02167	0.02840	0.10077	0.25691	0.17159	0.13617	0.08419	0.00676	0.00967	0.06016	0.00918	0.00886
24	0.07250	0.15434	0.03816	0.07520	0.08712	0.06841	0.06354	0.04069	0.18043	0.03554	0.02580	0.02825	0.02047	0.01202	0.01160	0.00334	0.05116	0.00951	0.00704	0.01487
25	0.03253	0.02606	0.02852	0.06287	0.03384	0.02966	0.01958	0.24191	0.29823	0.05384	0.03519	0.03394	0.02595	0.01382	0.01100	0.00352	0.01042	0.01112	0.01058	0.01743
26	0.01518	0.01106	0.01404	0.01507	0.01677	0.01013	0.01039	0.01731	0.02047	0.02784	0.05044	0.40187	0.05889	0.14064	0.02118	0.00532	0.00763	0.06179	0.00904	0.08495
27	0.03988	0.09133	0.07444	0.09994	0.03651	0.02255	0.02070	0.08587	0.02996	0.33764	0.03319	0.03167	0.02197	0.01237	0.01045	0.00329	0.01107	0.00987	0.01034	0.01694
28	0.02890	0.29458	0.10579	0.03253	0.09644	0.03312	0.14968	0.03520	0.02422	0.07359	0.02029	0.02383	0.01607	0.00978	0.00962	0.00298	0.01381	0.00874	0.00569	0.01514
29	0.01463	0.01018	0.01288	0.01452	0.01511	0.00984	0.00963	0.01617	0.01953	0.02596	0.05077	0.37040	0.05970	0.23950	0.02872	0.00666	0.00820	0.07056	0.00887	0.00818
30	0.08109	0.02586	0.03089	0.02615	0.02879	0.07442	0.02156	0.07099	0.02247	0.09156	0.01881	0.02474	0.01588	0.01663	0.02660	0.00422	0.39036	0.00924	0.00648	0.01327
31	0.03517	0.03479	0.21801	0.02641	0.03762	0.02351	0.05964	0.11421	0.06446	0.22864	0.03086	0.03021	0.02077	0.01212	0.01088	0.00343	0.01269	0.00999	0.00925	0.01734
32	0.01894	0.00947	0.01420	0.01420	0.01420	0.00947	0.00947	0.01420	0.01420	0.01894	0.01894	0.03314	0.01894	0.03788	0.04261	0.68277	0.00947	0.00947	0.00473	0.00473
33	0.01377	0.00984	0.01321	0.01574	0.01658	0.00927	0.01097	0.01602	0.02135	0.02838	0.05983	0.55456	0.07105	0.03370	0.01405	0.00450	0.00675	0.08134	0.01011	0.00899
34	0.01979	0.01736	0.02349	0.02112	0.02143	0.02242	0.01631	0.02160	0.01654	0.02434	0.02356	0.04317	0.02507	0.23412	0.12829	0.00879	0.30524	0.01205	0.00557	0.00975
35	0.03537	0.06825	0.07718	0.02353	0.03210	0.02470	0.05230	0.08244	0.20669	0.22363	0.03688	0.03447	0.02585	0.01306	0.01080	0.00343	0.01062	0.01087	0.01052	0.01730
36	0.02857	0.02414	0.02547	0.02248	0.02891	0.02780	0.01761	0.10389	0.48078	0.04795	0.04254	0.03921	0.03179	0.01462	0.01108	0.00366	0.00897	0.01207	0.01108	0.01739
37	0.02385	0.02385	0.03340	0.02863	0.02863	0.03340	0.02385	0.02624	0.01670	0.02624	0.01431	0.02385	0.01431	0.01908	0.03578	0.00477	0.59685	0.00954	0.00477	0.01193
38	0.01707	0.01402	0.02138	0.02947	0.16299	0.01356	0.01657	0.02023	0.02197	0.02998	0.04916	0.44879	0.05697	0.02741	0.01305	0.00410	0.00816	0.02512	0.00882	0.01118
39	0.02033	0.01016	0.01016	0.01016	0.01270	0.01016	0.00762	0.02541	0.02287	0.04065	0.03557	0.04065	0.02795	0.01270	0.00762	0.00254	0.00508	0.01016	0.67734	0.01016
40	0.01558	0.01168	0.01752	0.01752	0.01947	0.01363	0.01363	0.01947	0.01752	0.02531	0.02921	0.04283	0.02726	0.08178	0.57360	0.01752	0.02921	0.01168	0.00584	0.00974
41	0.04705	0.02156	0.02716	0.02082	0.02933	0.02048	0.01720	0.16814	0.03623	0.43425	0.03880	0.03437	0.02488	0.01339	0.01095	0.00335	0.00996	0.01068	0.01285	0.01855
42	0.01814	0.01174	0.01544	0.01418	0.01722	0.01075	0.01075	0.02321	0.03089	0.08519	0.50260	0.07786	0.09674	0.02158	0.01271	0.00342	0.00548	0.01901	0.01212	0.01096
43	0.03860	0.02621	0.02984	0.06381	0.03463	0.02862	0.01989	0.30783	0.13643	0.15015	0.03222	0.03113	0.02260	0.01333	0.01095	0.00340	0.01104	0.01049	0.01098	0.01784
44	0.02059	0.01938	0.03270	0.59060	0.07510	0.02422	0.03028	0.02786	0.02180	0.02786	0.01938	0.02907	0.01453	0.01090	0.01090	0.00363	0.01453	0.00969	0.00484	0.01211
45	0.02574	0.02941	0.06434	0.04596	0.05699	0.02757	0.50919	0.03493	0.02574	0.03493	0.02206	0.02941	0.01654	0.00919	0.01287	0.00368	0.01838	0.01287	0.00551	0.01471
46	0.02435	0.12527	0.03733	0.02629	0.02958	0.03170	0.06103	0.03024	0.06453	0.03031	0.07115	0.03052	0.02505	0.01655	0.02451	0.00404	0.33820	0.01045	0.00610	0.01281
47	0.02385	0.05379	0.50700	0.03047	0.04584	0.02618	0.03831	0.08283	0.02587	0.03799	0.02024	0.02334	0.01429	0.01063	0.01041	0.00343	0.01570	0.00823	0.00524	0.01636
48	0.01832	0.01175	0.01352	0.01318	0.01559	0.01084	0.00926	0.02023	0.02152	0.07933	0.06447	0.08497	0.21893	0.28845	0.03186	0.00685	0.00860	0.06435	0.00889	0.00908
49	0.56123	0.02132	0.01982	0.02016	0.07510	0.02375	0.01442	0.03433	0.02047	0.09888	0.01853	0.02061	0.01390	0.01042	0.00758	0.00336	0.00898	0.00680	0.00729	0.01304
50	0.02032	0.08915	0.07415	0.16537	0.04153	0.02152	0.10347	0.02689	0.02564	0.03433	0.18748	0.04964	0.08529	0.01525	0.01152	0.00342	0.01137	0.01384	0.00755	0.01228
51	0.08929	0.01965	0.05880	0.01951	0.02470	0.01753	0.08024	0.06687	0.02348	0.03574	0.07002	0.04727	0.03245	0.22563	0.02609	0.00575	0.01074	0.01247	0.07493	0.05882
52	0.02819	0.12641	0.09440	0.06251	0.03552	0.08235	0.06144	0.04155	0.17337	0.07440	0.02888	0.03102	0.02226	0.01899	0.06719	0.00472	0.01441	0.00995	0.00753	0.01491

[dist]
# distance from previous block
# <min> <max>
0	15

# created by:
# /st0/software/busco_prod/Augustus/scripts/msa2prfl.pl ./align_prep/7014.fa
