[name]
unknown

[dist]
# distance from previous block
# <min> <max>
0	192

[block]
# block no. 0 follows, 13 sequences, length 24
# corresponding to MSA columns:
# 242-265
name=unknown_A
#
# <colnr> <probs for GDERKNQSTAVLIFYWHMCP>
#	G	D	E	R	K	N	Q	S	T	A	V	L	I	F	Y	W	H	M	C	P
0	0.01288	0.00920	0.01227	0.01472	0.01534	0.00859	0.00981	0.01472	0.02024	0.02699	0.05828	0.62152	0.06993	0.03312	0.01350	0.00429	0.00613	0.03006	0.00981	0.00859
1	0.01288	0.00920	0.01227	0.01472	0.01534	0.00859	0.00981	0.01472	0.02024	0.02699	0.05828	0.62152	0.06993	0.03312	0.01350	0.00429	0.00613	0.03006	0.00981	0.00859
2	0.01971	0.00985	0.00985	0.00985	0.01232	0.00985	0.00739	0.02464	0.02217	0.03942	0.03449	0.03942	0.02710	0.01232	0.00739	0.00246	0.00493	0.00985	0.68712	0.00985
3	0.02936	0.02588	0.02439	0.02087	0.02648	0.11670	0.01636	0.18717	0.15323	0.04748	0.18679	0.04356	0.04497	0.01544	0.01101	0.00324	0.01014	0.01249	0.01008	0.01435
4	0.02153	0.01196	0.01541	0.01422	0.01767	0.01081	0.01076	0.02564	0.02739	0.14803	0.29506	0.15745	0.10901	0.02142	0.01188	0.00343	0.00603	0.01869	0.06230	0.01132
5	0.01997	0.01879	0.03171	0.60301	0.07282	0.02349	0.02936	0.02701	0.02114	0.02701	0.01879	0.02819	0.01409	0.01057	0.01057	0.00352	0.01409	0.00940	0.00470	0.01175
6	0.29911	0.02172	0.02278	0.01824	0.02585	0.02283	0.01505	0.15750	0.03018	0.24746	0.02737	0.02618	0.01852	0.01173	0.00904	0.00325	0.00931	0.00847	0.00996	0.01546
7	0.01394	0.01096	0.01510	0.10712	0.02426	0.01100	0.01263	0.01674	0.02099	0.02724	0.05970	0.44606	0.13779	0.02856	0.01288	0.00406	0.00727	0.02557	0.00901	0.00914
8	0.01288	0.00920	0.01227	0.01472	0.01534	0.00859	0.00981	0.01472	0.02024	0.02699	0.05828	0.62152	0.06993	0.03312	0.01350	0.00429	0.00613	0.03006	0.00981	0.00859
9	0.02468	0.02361	0.04023	0.19372	0.44525	0.02473	0.03171	0.03115	0.02337	0.03274	0.01963	0.02665	0.01611	0.00970	0.01049	0.00323	0.01293	0.00941	0.00511	0.01555
10	0.02407	0.02260	0.03807	0.05696	0.47595	0.02251	0.02887	0.02965	0.02347	0.03335	0.02596	0.12031	0.02516	0.01317	0.01095	0.00332	0.01154	0.01268	0.00596	0.01546
11	0.01498	0.01196	0.01609	0.10751	0.02563	0.01196	0.01401	0.01882	0.02320	0.02968	0.10372	0.21679	0.20844	0.02590	0.01291	0.00401	0.00789	0.12783	0.00913	0.00955
12	0.19327	0.02244	0.03458	0.20439	0.24260	0.02445	0.06939	0.03068	0.02179	0.03555	0.01842	0.02471	0.01460	0.00980	0.00969	0.00332	0.01237	0.00876	0.00542	0.01378
13	0.02857	0.02501	0.04698	0.07802	0.15668	0.02438	0.26406	0.03788	0.07078	0.11923	0.02602	0.03014	0.01909	0.01026	0.01149	0.00343	0.01425	0.01130	0.00698	0.01543
14	0.02385	0.11571	0.10038	0.23207	0.16984	0.02628	0.02782	0.06206	0.02418	0.03224	0.02230	0.03351	0.01909	0.01186	0.01029	0.00333	0.01294	0.05276	0.00562	0.01386
15	0.01607	0.01207	0.01537	0.01367	0.01726	0.01063	0.01038	0.02101	0.02866	0.04114	0.47180	0.06996	0.08646	0.01944	0.01174	0.00305	0.00544	0.01709	0.01079	0.11799
16	0.01349	0.00994	0.01272	0.01429	0.01581	0.00916	0.01019	0.01620	0.02264	0.02993	0.13954	0.41510	0.15075	0.03008	0.01328	0.00409	0.00616	0.06762	0.01008	0.00895
17	0.01676	0.01269	0.01568	0.01460	0.01765	0.01256	0.01105	0.02568	0.11112	0.04269	0.47563	0.07273	0.08909	0.02047	0.01220	0.00337	0.00552	0.01799	0.01150	0.01105
18	0.70310	0.02045	0.01554	0.01390	0.02045	0.02372	0.01145	0.03108	0.01799	0.04744	0.01472	0.01718	0.01145	0.00981	0.00654	0.00327	0.00818	0.00573	0.00654	0.01145
19	0.02827	0.63478	0.05540	0.01809	0.02714	0.04184	0.01809	0.03166	0.02148	0.02488	0.01470	0.01696	0.01357	0.00905	0.00678	0.00226	0.01131	0.00565	0.00452	0.01357
20	0.06041	0.02018	0.09017	0.17795	0.03831	0.01756	0.06558	0.02411	0.02246	0.03185	0.14541	0.04433	0.07473	0.01813	0.01587	0.11238	0.01079	0.01237	0.00676	0.01068
21	0.01496	0.01081	0.01413	0.01330	0.01580	0.00998	0.00998	0.01995	0.02993	0.04240	0.55689	0.07898	0.09976	0.02162	0.01247	0.00333	0.00499	0.01912	0.01164	0.00998
22	0.01982	0.05621	0.05907	0.21161	0.03885	0.02048	0.02012	0.02748	0.06272	0.03406	0.17812	0.04336	0.04151	0.01480	0.01270	0.00338	0.06221	0.01212	0.06958	0.01177
23	0.01408	0.01026	0.01325	0.01359	0.01553	0.00943	0.00978	0.01783	0.02622	0.03616	0.35480	0.26378	0.12416	0.02589	0.01282	0.00367	0.00540	0.02305	0.01089	0.00943

[dist]
# distance from previous block
# <min> <max>
0	12

[block]
# block no. 1 follows, 13 sequences, length 22
# corresponding to MSA columns:
# 278-299
name=unknown_B
#
# <colnr> <probs for GDERKNQSTAVLIFYWHMCP>
#	G	D	E	R	K	N	Q	S	T	A	V	L	I	F	Y	W	H	M	C	P
0	0.03656	0.02715	0.06551	0.06913	0.03368	0.06745	0.01997	0.23914	0.03688	0.18778	0.08134	0.03308	0.02737	0.01320	0.01066	0.00322	0.01132	0.01044	0.01005	0.01607
1	0.41546	0.02146	0.01964	0.01662	0.02330	0.02407	0.01357	0.13468	0.06628	0.08666	0.02255	0.02367	0.01667	0.01118	0.00804	0.00321	0.00869	0.00765	0.06310	0.01351
2	0.01446	0.01197	0.01315	0.01202	0.01625	0.00994	0.00913	0.01794	0.02501	0.03241	0.18947	0.08471	0.37763	0.02278	0.01178	0.00321	0.00566	0.01918	0.00966	0.11363
3	0.03120	0.54058	0.05069	0.01820	0.02711	0.03782	0.01770	0.03469	0.02282	0.10810	0.01882	0.01987	0.01549	0.00966	0.00737	0.00242	0.01095	0.00641	0.00583	0.01424
4	0.01891	0.01065	0.01502	0.01406	0.01550	0.00993	0.00969	0.01574	0.01502	0.02082	0.01843	0.03058	0.01795	0.03232	0.03621	0.58687	0.00898	0.00874	0.00485	0.10974
5	0.02313	0.05323	0.06759	0.13618	0.03308	0.01783	0.01811	0.03085	0.06739	0.11893	0.25391	0.05087	0.05390	0.01584	0.01115	0.00332	0.00894	0.01360	0.00940	0.01276
6	0.03149	0.17558	0.10662	0.02933	0.03891	0.11453	0.17167	0.07546	0.02720	0.09897	0.02159	0.02434	0.01619	0.01018	0.01004	0.00304	0.01467	0.00903	0.00643	0.01470
7	0.42287	0.02168	0.01910	0.04898	0.02525	0.05696	0.01361	0.06085	0.02170	0.04255	0.01976	0.06658	0.01738	0.01163	0.00795	0.00306	0.00920	0.00823	0.00684	0.11580
8	0.02406	0.02107	0.03052	0.42469	0.05971	0.02536	0.02600	0.10884	0.10532	0.03577	0.02351	0.02947	0.01747	0.01148	0.01060	0.00348	0.01284	0.00981	0.00653	0.01347
9	0.45807	0.01953	0.01890	0.01574	0.02289	0.02066	0.01298	0.03872	0.02258	0.24265	0.02481	0.02421	0.01695	0.01104	0.00807	0.00327	0.00848	0.00756	0.00899	0.01390
10	0.02284	0.01648	0.01956	0.01795	0.02232	0.01727	0.01428	0.07284	0.18044	0.07964	0.24765	0.06684	0.06219	0.01944	0.01204	0.00364	0.00755	0.09283	0.01109	0.01309
11	0.01389	0.01077	0.01265	0.01218	0.01514	0.00952	0.00913	0.01788	0.02740	0.03640	0.36201	0.08885	0.29838	0.02385	0.01248	0.00343	0.00515	0.02050	0.01085	0.00952
12	0.02728	0.19242	0.20477	0.02338	0.03321	0.02955	0.02443	0.16525	0.02874	0.03889	0.02105	0.02473	0.01671	0.02122	0.09851	0.00513	0.01538	0.00826	0.00633	0.01477
13	0.11428	0.25250	0.18812	0.02309	0.03155	0.03249	0.02417	0.03066	0.02004	0.03037	0.01570	0.01989	0.01331	0.01160	0.01408	0.00324	0.14964	0.00709	0.00480	0.01340
14	0.01458	0.01079	0.01360	0.01290	0.01556	0.00981	0.00968	0.01921	0.02903	0.04026	0.48732	0.08250	0.17067	0.02241	0.01247	0.00336	0.00504	0.01962	0.01136	0.00981
15	0.01826	0.01924	0.10301	0.01869	0.02208	0.01557	0.01622	0.02203	0.02095	0.05782	0.10334	0.25153	0.04905	0.11567	0.02214	0.00493	0.10220	0.01871	0.00806	0.01049
16	0.11054	0.02070	0.02784	0.02563	0.11019	0.01814	0.05702	0.03060	0.02265	0.07748	0.02043	0.02360	0.01614	0.00882	0.00867	0.00232	0.00950	0.00752	0.00659	0.39560
17	0.01997	0.01879	0.03171	0.60301	0.07282	0.02349	0.02936	0.02701	0.02114	0.02701	0.01879	0.02819	0.01409	0.01057	0.01057	0.00352	0.01409	0.00940	0.00470	0.01175
18	0.02937	0.02436	0.03240	0.22410	0.12741	0.02761	0.02466	0.21934	0.10299	0.04536	0.02471	0.02835	0.01842	0.01170	0.01058	0.00334	0.01216	0.00979	0.00781	0.01553
19	0.04008	0.03283	0.03146	0.02478	0.03277	0.11835	0.02015	0.45219	0.04666	0.06033	0.02399	0.02441	0.01731	0.01241	0.01042	0.00310	0.01278	0.00910	0.00978	0.01710
20	0.01978	0.03469	0.28365	0.12075	0.04218	0.02110	0.05519	0.03033	0.06346	0.03321	0.07661	0.04153	0.10509	0.01387	0.01088	0.00344	0.01253	0.01175	0.00642	0.01353
21	0.11964	0.01094	0.01277	0.01460	0.01613	0.01093	0.01007	0.01725	0.01990	0.03015	0.05154	0.52804	0.06088	0.02952	0.01242	0.00414	0.00645	0.02629	0.00931	0.00903

[dist]
# distance from previous block
# <min> <max>
0	1

[block]
# block no. 2 follows, 13 sequences, length 61
# corresponding to MSA columns:
# 301-361
name=unknown_C
#
# <colnr> <probs for GDERKNQSTAVLIFYWHMCP>
#	G	D	E	R	K	N	Q	S	T	A	V	L	I	F	Y	W	H	M	C	P
0	0.02407	0.02663	0.09952	0.02275	0.02871	0.07990	0.05564	0.10115	0.06530	0.04006	0.19803	0.08333	0.04746	0.01673	0.01329	0.00345	0.05848	0.01388	0.00866	0.01295
1	0.02654	0.28955	0.23397	0.02682	0.03800	0.09102	0.09403	0.03370	0.02314	0.02919	0.01726	0.02061	0.01385	0.00957	0.00898	0.00286	0.01451	0.00745	0.00471	0.01424
2	0.02097	0.01778	0.02091	0.01556	0.02403	0.01352	0.01224	0.02537	0.02175	0.03367	0.02295	0.08499	0.02137	0.01049	0.00843	0.00185	0.00765	0.00877	0.00664	0.62106
3	0.03617	0.02024	0.02590	0.14444	0.03682	0.05076	0.01823	0.04094	0.02669	0.31835	0.03089	0.03062	0.02082	0.01141	0.01002	0.00297	0.01047	0.00930	0.00952	0.14544
4	0.01451	0.01096	0.01351	0.01336	0.01617	0.00996	0.01035	0.01879	0.02744	0.03682	0.35512	0.09121	0.23113	0.02418	0.01277	0.00361	0.00574	0.08390	0.01084	0.00963
5	0.04744	0.01799	0.02454	0.01881	0.02699	0.01554	0.01554	0.05153	0.03026	0.56979	0.04171	0.03599	0.02617	0.01309	0.01063	0.00327	0.00900	0.01063	0.01309	0.01799
6	0.03950	0.05039	0.02996	0.02724	0.03269	0.58597	0.02043	0.04222	0.02996	0.02588	0.01634	0.01907	0.01362	0.01090	0.00953	0.00272	0.01907	0.00681	0.00545	0.01226
7	0.01935	0.01178	0.01554	0.01405	0.01731	0.01073	0.01073	0.02422	0.02997	0.11369	0.48725	0.07317	0.08982	0.02046	0.01222	0.00332	0.00553	0.01797	0.01183	0.01106
8	0.03034	0.46425	0.08630	0.02027	0.02965	0.03869	0.01998	0.13844	0.02762	0.03446	0.01730	0.01915	0.01451	0.00990	0.00783	0.00253	0.01168	0.00664	0.00582	0.01466
9	0.02262	0.02327	0.04036	0.07786	0.03923	0.02744	0.18833	0.02779	0.02094	0.03015	0.07388	0.03120	0.02365	0.01502	0.02306	0.00405	0.30187	0.01137	0.00561	0.01231
10	0.02672	0.01431	0.01845	0.01610	0.02069	0.01342	0.01251	0.03378	0.08327	0.21564	0.29267	0.10405	0.06596	0.01895	0.01177	0.00341	0.00676	0.01644	0.01188	0.01323
11	0.01303	0.00932	0.01240	0.01462	0.01537	0.00869	0.00983	0.01510	0.02094	0.02810	0.09414	0.58249	0.07208	0.03230	0.01342	0.00422	0.00605	0.02927	0.00995	0.00869
12	0.01316	0.00942	0.01252	0.01453	0.01540	0.00878	0.00984	0.01543	0.02155	0.02907	0.12567	0.54818	0.07396	0.03157	0.01336	0.00416	0.00598	0.02858	0.01006	0.00878
13	0.01601	0.01194	0.01503	0.01427	0.01699	0.01159	0.01068	0.02339	0.08324	0.04148	0.46697	0.11385	0.09052	0.02168	0.01236	0.00342	0.00543	0.01915	0.01142	0.01059
14	0.01504	0.01011	0.01163	0.01196	0.01205	0.01003	0.00687	0.01529	0.01603	0.02138	0.03669	0.14385	0.04270	0.54795	0.04837	0.00945	0.00969	0.01736	0.00687	0.00670
15	0.09079	0.02428	0.02767	0.02136	0.02957	0.02520	0.01764	0.30025	0.03961	0.26757	0.03118	0.02906	0.02081	0.01264	0.01031	0.00322	0.01033	0.00969	0.01130	0.01752
16	0.01788	0.01047	0.01404	0.01531	0.01702	0.00959	0.01064	0.02005	0.02169	0.10554	0.05588	0.53678	0.06360	0.03022	0.01308	0.00415	0.00655	0.02725	0.01029	0.00995
17	0.03441	0.15163	0.17663	0.02244	0.03263	0.02573	0.02283	0.09318	0.06537	0.22907	0.02872	0.02773	0.01987	0.01153	0.00972	0.00310	0.01144	0.00888	0.00868	0.01640
18	0.02850	0.02176	0.03784	0.11066	0.04239	0.02163	0.19987	0.06988	0.06260	0.15025	0.03252	0.11644	0.02701	0.01419	0.01171	0.00358	0.01262	0.01395	0.00831	0.01432
19	0.02192	0.01879	0.02192	0.01566	0.02506	0.01409	0.01253	0.02662	0.02192	0.03445	0.01879	0.02192	0.01566	0.00783	0.00783	0.00157	0.00783	0.00626	0.00626	0.69305
20	0.02907	0.01857	0.02266	0.01654	0.02560	0.01450	0.01337	0.03359	0.02426	0.18428	0.02521	0.02586	0.01860	0.00930	0.00861	0.00204	0.00816	0.00749	0.00817	0.50412
21	0.01412	0.00972	0.01190	0.01314	0.01345	0.00941	0.00813	0.01505	0.01783	0.02378	0.04592	0.34806	0.05434	0.32786	0.03346	0.00724	0.00817	0.02279	0.00813	0.00751
22	0.02379	0.21825	0.35015	0.02875	0.04176	0.02986	0.10320	0.03301	0.02246	0.03106	0.01809	0.02167	0.01383	0.00959	0.00946	0.00307	0.01470	0.00787	0.00461	0.01483
23	0.02089	0.02973	0.22676	0.02095	0.03035	0.01671	0.02195	0.02782	0.02273	0.06560	0.06200	0.15145	0.03200	0.01511	0.01030	0.00302	0.01030	0.01287	0.00708	0.21239
24	0.07826	0.02121	0.03294	0.07824	0.19034	0.02186	0.09228	0.09906	0.02620	0.03758	0.03054	0.18306	0.03025	0.01620	0.01126	0.00355	0.01124	0.01502	0.00730	0.01363
25	0.02643	0.02606	0.04633	0.03364	0.04340	0.02468	0.30380	0.10056	0.06560	0.03919	0.02293	0.02741	0.01741	0.00958	0.01105	0.00306	0.01405	0.01064	0.00666	0.16752
26	0.02841	0.01344	0.01809	0.01611	0.02051	0.01197	0.01234	0.03208	0.02720	0.26629	0.18589	0.22120	0.05904	0.02133	0.01198	0.00359	0.00706	0.01869	0.01173	0.01304
27	0.03096	0.02503	0.02653	0.02246	0.02927	0.02848	0.01786	0.21434	0.37761	0.05175	0.03711	0.03473	0.02748	0.01379	0.01070	0.00345	0.00946	0.01114	0.01070	0.01715
28	0.02040	0.01923	0.03249	0.56548	0.10696	0.02360	0.02958	0.02739	0.02135	0.02754	0.01887	0.02805	0.01428	0.01049	0.01056	0.00350	0.01399	0.00940	0.00474	0.01209
29	0.01531	0.01049	0.01276	0.01276	0.01318	0.01092	0.00794	0.01616	0.01574	0.02141	0.03219	0.06298	0.03574	0.50499	0.17355	0.01177	0.01431	0.01447	0.00624	0.00709
30	0.01288	0.00920	0.01227	0.01472	0.01534	0.00859	0.00981	0.01472	0.02024	0.02699	0.05828	0.62152	0.06993	0.03312	0.01350	0.00429	0.00613	0.03006	0.00981	0.00859
31	0.01438	0.01036	0.01361	0.01370	0.01567	0.00959	0.00993	0.01849	0.02722	0.03809	0.41733	0.23083	0.09141	0.02484	0.01276	0.00360	0.00531	0.02218	0.01113	0.00959
32	0.04057	0.02536	0.03098	0.02808	0.10256	0.02634	0.02034	0.31101	0.04014	0.22024	0.02977	0.02882	0.02039	0.01237	0.01058	0.00320	0.01093	0.00986	0.01064	0.01782
33	0.17094	0.01555	0.01771	0.01665	0.02119	0.01602	0.01348	0.03105	0.06073	0.14382	0.04262	0.06254	0.07208	0.08699	0.05547	0.00542	0.01018	0.13652	0.00918	0.01187
34	0.02036	0.04876	0.49801	0.02786	0.04171	0.02258	0.03513	0.03165	0.02335	0.03469	0.09168	0.02998	0.02507	0.01161	0.01037	0.00335	0.01419	0.00934	0.00543	0.01486
35	0.04238	0.01764	0.02428	0.01923	0.02619	0.01644	0.01581	0.04632	0.02791	0.47533	0.03841	0.03569	0.02536	0.02042	0.07285	0.00481	0.05193	0.01061	0.01173	0.01666
36	0.04139	0.02211	0.02641	0.02086	0.02869	0.02237	0.01703	0.18410	0.13380	0.32997	0.03745	0.03371	0.02507	0.01322	0.01064	0.00330	0.00961	0.01058	0.01195	0.01775
37	0.35414	0.06626	0.02426	0.08335	0.09305	0.06141	0.01669	0.02912	0.01953	0.03637	0.01642	0.02172	0.01368	0.01376	0.01270	0.10289	0.01046	0.00714	0.00568	0.01135
38	0.01364	0.00979	0.01295	0.01420	0.01550	0.00910	0.00987	0.01664	0.02379	0.03263	0.24073	0.42299	0.08085	0.02891	0.01312	0.00394	0.00571	0.02606	0.01048	0.00910
39	0.02497	0.06961	0.02597	0.01706	0.02630	0.01892	0.01403	0.09669	0.02576	0.03817	0.01938	0.02201	0.01582	0.00860	0.00813	0.00185	0.00864	0.00667	0.00673	0.54470
40	0.01876	0.01242	0.01465	0.01416	0.01602	0.01251	0.00951	0.02410	0.09068	0.06810	0.11481	0.14810	0.05037	0.32205	0.03272	0.00693	0.00852	0.01734	0.00876	0.00950
41	0.02801	0.02367	0.02749	0.10136	0.03475	0.02791	0.01982	0.14732	0.31429	0.04460	0.03301	0.03327	0.02490	0.01393	0.01321	0.00360	0.07301	0.01082	0.00926	0.01578
42	0.01817	0.01087	0.01448	0.01485	0.01705	0.00994	0.01064	0.02126	0.02448	0.10495	0.20464	0.38068	0.07291	0.02699	0.01280	0.00387	0.00618	0.02417	0.01080	0.01027
43	0.02172	0.01215	0.01614	0.01469	0.01816	0.01099	0.01116	0.02609	0.02869	0.15457	0.37788	0.14300	0.07979	0.02132	0.01221	0.00344	0.00601	0.01876	0.01171	0.01153
44	0.01326	0.00954	0.01221	0.01399	0.01489	0.00889	0.00934	0.01520	0.02070	0.02752	0.09463	0.48659	0.10475	0.09446	0.01759	0.00480	0.00643	0.02717	0.00959	0.00848
45	0.03950	0.05039	0.02996	0.02724	0.03269	0.58597	0.02043	0.04222	0.02996	0.02588	0.01634	0.01907	0.01362	0.01090	0.00953	0.00272	0.01907	0.00681	0.00545	0.01226
46	0.02617	0.02512	0.04292	0.06490	0.56246	0.02512	0.03245	0.03245	0.02407	0.03454	0.01989	0.02617	0.01675	0.00942	0.01047	0.00314	0.01256	0.00942	0.00523	0.01675
47	0.03746	0.01668	0.02270	0.02138	0.07962	0.01500	0.01524	0.04184	0.02763	0.37429	0.04260	0.04020	0.06246	0.01351	0.01013	0.00312	0.00834	0.01117	0.14097	0.01567
48	0.02740	0.56336	0.11921	0.01957	0.02943	0.03971	0.02067	0.03188	0.02159	0.02594	0.01523	0.01762	0.01355	0.00917	0.00719	0.00240	0.01184	0.00592	0.00452	0.01382
49	0.01288	0.00920	0.01227	0.01472	0.01534	0.00859	0.00981	0.01472	0.02024	0.02699	0.05828	0.62152	0.06993	0.03312	0.01350	0.00429	0.00613	0.03006	0.00981	0.00859
50	0.01430	0.01049	0.01341	0.01330	0.01555	0.00960	0.00974	0.01843	0.02744	0.03795	0.41280	0.18667	0.14219	0.02439	0.01267	0.00354	0.00525	0.02158	0.01109	0.00960
51	0.06950	0.11565	0.16940	0.02231	0.03252	0.06694	0.02222	0.12795	0.02822	0.07638	0.02072	0.02250	0.01557	0.01020	0.00902	0.00273	0.01195	0.00751	0.00682	0.16189
52	0.02881	0.07283	0.27096	0.05835	0.03820	0.02267	0.02687	0.07213	0.02589	0.15269	0.02413	0.02551	0.01691	0.01056	0.00973	0.00301	0.01241	0.00830	0.00708	0.11297
53	0.02501	0.04219	0.38337	0.02707	0.03865	0.02335	0.03158	0.03426	0.02316	0.11328	0.05520	0.02801	0.02075	0.01237	0.01362	0.00351	0.09419	0.00913	0.00622	0.01508
54	0.02206	0.04277	0.40722	0.08746	0.04347	0.02195	0.03270	0.03229	0.02372	0.07050	0.08971	0.03116	0.02545	0.01180	0.01045	0.00336	0.01364	0.00963	0.00600	0.01465
55	0.02234	0.01260	0.01699	0.05463	0.02177	0.01189	0.01228	0.02682	0.02745	0.15243	0.29966	0.14106	0.06849	0.01999	0.01172	0.00340	0.00663	0.01752	0.06070	0.01161
56	0.03211	0.03484	0.23757	0.02921	0.04074	0.02267	0.13892	0.07570	0.02754	0.21323	0.02750	0.02846	0.01855	0.01099	0.01083	0.00336	0.01364	0.00992	0.00796	0.01627
57	0.07652	0.14699	0.16895	0.06831	0.07014	0.02607	0.09812	0.03653	0.02404	0.15204	0.02333	0.02553	0.01678	0.01035	0.00973	0.00315	0.01284	0.00877	0.00673	0.01507
58	0.02393	0.01385	0.02080	0.17412	0.03291	0.01444	0.01613	0.02619	0.02206	0.13980	0.10447	0.08584	0.03475	0.02225	0.02021	0.20773	0.00962	0.01265	0.00783	0.01042
59	0.02095	0.05578	0.02196	0.14932	0.03100	0.01568	0.01567	0.02550	0.02530	0.10564	0.21951	0.17478	0.05792	0.01958	0.01162	0.00350	0.00829	0.01720	0.00937	0.01141
60	0.03526	0.16618	0.16609	0.02317	0.03351	0.02440	0.05723	0.04149	0.02601	0.28103	0.02876	0.02791	0.01956	0.01116	0.00976	0.00308	0.01173	0.00896	0.00855	0.01617

[dist]
# distance from previous block
# <min> <max>
0	2

[block]
# block no. 3 follows, 13 sequences, length 7
# corresponding to MSA columns:
# 364-370
name=unknown_D
#
# <colnr> <probs for GDERKNQSTAVLIFYWHMCP>
#	G	D	E	R	K	N	Q	S	T	A	V	L	I	F	Y	W	H	M	C	P
0	0.02683	0.03371	0.24238	0.16456	0.04730	0.02289	0.06469	0.03789	0.07902	0.13767	0.02609	0.02865	0.01824	0.01114	0.01054	0.00342	0.01336	0.00951	0.00693	0.01518
1	0.12930	0.02580	0.03649	0.06573	0.03879	0.02706	0.15017	0.23329	0.03435	0.11870	0.02454	0.02662	0.01737	0.01121	0.01051	0.00333	0.01258	0.00989	0.00859	0.01568
2	0.02594	0.01148	0.01658	0.01509	0.01722	0.01084	0.01084	0.02361	0.01807	0.16200	0.02445	0.03314	0.02040	0.03057	0.03333	0.51288	0.00913	0.00956	0.00680	0.00808
3	0.52646	0.02255	0.02774	0.02189	0.02951	0.02451	0.14497	0.03181	0.01981	0.04390	0.01646	0.02013	0.01265	0.00958	0.00809	0.00335	0.01069	0.00748	0.00623	0.01218
4	0.01743	0.02370	0.16339	0.02140	0.02669	0.01792	0.02086	0.02328	0.01831	0.02696	0.02457	0.03485	0.02189	0.05570	0.38591	0.01231	0.07811	0.01022	0.00526	0.01125
5	0.02448	0.16035	0.30957	0.10283	0.04318	0.08780	0.03072	0.03269	0.02243	0.02964	0.01752	0.02176	0.01357	0.01054	0.01098	0.00317	0.05244	0.00759	0.00462	0.01410
6	0.07924	0.02714	0.16524	0.02013	0.02979	0.01758	0.02012	0.03654	0.02544	0.21906	0.08344	0.03254	0.02728	0.01181	0.00976	0.00292	0.00998	0.00949	0.00872	0.16376

[dist]
# distance from previous block
# <min> <max>
0	5

[block]
# block no. 4 follows, 13 sequences, length 7
# corresponding to MSA columns:
# 376-382
name=unknown_E
#
# <colnr> <probs for GDERKNQSTAVLIFYWHMCP>
#	G	D	E	R	K	N	Q	S	T	A	V	L	I	F	Y	W	H	M	C	P
0	0.02807	0.03313	0.26733	0.06805	0.03695	0.01920	0.02611	0.03618	0.02597	0.19871	0.11851	0.03671	0.03223	0.01301	0.01068	0.00333	0.01165	0.01075	0.00836	0.01508
1	0.16475	0.02385	0.02404	0.02064	0.02731	0.02728	0.01645	0.15987	0.32446	0.05004	0.03330	0.03175	0.02482	0.01306	0.00987	0.00343	0.00908	0.01015	0.00987	0.01597
2	0.70310	0.02045	0.01554	0.01390	0.02045	0.02372	0.01145	0.03108	0.01799	0.04744	0.01472	0.01718	0.01145	0.00981	0.00654	0.00327	0.00818	0.00573	0.00654	0.01145
3	0.09652	0.11781	0.07247	0.16040	0.03989	0.02327	0.10066	0.02690	0.02157	0.03106	0.06811	0.08097	0.02662	0.01519	0.01296	0.06481	0.01179	0.01140	0.00600	0.01162
4	0.70310	0.02045	0.01554	0.01390	0.02045	0.02372	0.01145	0.03108	0.01799	0.04744	0.01472	0.01718	0.01145	0.00981	0.00654	0.00327	0.00818	0.00573	0.00654	0.01145
5	0.08975	0.01101	0.01301	0.01390	0.01594	0.01067	0.00989	0.01801	0.02299	0.03363	0.19498	0.36160	0.11260	0.02684	0.01236	0.00385	0.00598	0.02370	0.00996	0.00932
6	0.02906	0.33995	0.16697	0.02398	0.03453	0.03344	0.07246	0.07692	0.02522	0.07849	0.01958	0.02167	0.01525	0.00992	0.00873	0.00280	0.01274	0.00757	0.00586	0.01486

[dist]
# distance from previous block
# <min> <max>
0	9

[block]
# block no. 5 follows, 13 sequences, length 29
# corresponding to MSA columns:
# 394-422
name=unknown_F
#
# <colnr> <probs for GDERKNQSTAVLIFYWHMCP>
#	G	D	E	R	K	N	Q	S	T	A	V	L	I	F	Y	W	H	M	C	P
0	0.03541	0.02464	0.03187	0.14213	0.15362	0.06543	0.02321	0.14579	0.03140	0.19973	0.02715	0.02879	0.01910	0.01156	0.01049	0.00323	0.01207	0.00961	0.00866	0.01610
1	0.51659	0.06446	0.06199	0.09292	0.02968	0.02498	0.01632	0.03076	0.01897	0.04218	0.01557	0.01899	0.01209	0.00988	0.00735	0.00324	0.00972	0.00636	0.00601	0.01194
2	0.07338	0.02169	0.03384	0.27694	0.19804	0.02597	0.02751	0.02851	0.02063	0.03033	0.01770	0.02566	0.01460	0.01197	0.01566	0.00364	0.14676	0.00910	0.00497	0.01311
3	0.01913	0.01530	0.01772	0.01658	0.02043	0.01609	0.01281	0.03318	0.21925	0.04146	0.30420	0.06848	0.10245	0.01976	0.01198	0.00354	0.00657	0.04760	0.01107	0.01239
4	0.03382	0.02446	0.02678	0.02184	0.02889	0.02688	0.01760	0.27602	0.21420	0.10351	0.08174	0.03608	0.03112	0.01411	0.01082	0.00334	0.00967	0.01133	0.01097	0.01682
5	0.01795	0.01147	0.01509	0.01381	0.01682	0.01049	0.01049	0.02285	0.02996	0.09085	0.50956	0.07503	0.09300	0.02083	0.01230	0.00332	0.00536	0.01834	0.01177	0.01071
6	0.01421	0.01011	0.01307	0.01362	0.01506	0.00948	0.00944	0.01733	0.02427	0.03357	0.29538	0.28728	0.08017	0.10591	0.01831	0.00461	0.00612	0.02285	0.01025	0.00897
7	0.04744	0.01799	0.02454	0.01881	0.02699	0.01554	0.01554	0.05153	0.03026	0.56979	0.04171	0.03599	0.02617	0.01309	0.01063	0.00327	0.00900	0.01063	0.01309	0.01799
8	0.70310	0.02045	0.01554	0.01390	0.02045	0.02372	0.01145	0.03108	0.01799	0.04744	0.01472	0.01718	0.01145	0.00981	0.00654	0.00327	0.00818	0.00573	0.00654	0.01145
9	0.02192	0.01879	0.02192	0.01566	0.02506	0.01409	0.01253	0.02662	0.02192	0.03445	0.01879	0.02192	0.01566	0.00783	0.00783	0.00157	0.00783	0.00626	0.00626	0.69305
10	0.04019	0.02962	0.03173	0.02433	0.03279	0.03279	0.02010	0.52721	0.04971	0.06663	0.02538	0.02538	0.01798	0.01269	0.01058	0.00317	0.01163	0.00952	0.01058	0.01798
11	0.70310	0.02045	0.01554	0.01390	0.02045	0.02372	0.01145	0.03108	0.01799	0.04744	0.01472	0.01718	0.01145	0.00981	0.00654	0.00327	0.00818	0.00573	0.00654	0.01145
12	0.09603	0.01550	0.01976	0.01627	0.02214	0.01419	0.01305	0.03767	0.02900	0.32147	0.23438	0.05053	0.05269	0.01601	0.01095	0.00329	0.00740	0.01339	0.01193	0.01435
13	0.70310	0.02045	0.01554	0.01390	0.02045	0.02372	0.01145	0.03108	0.01799	0.04744	0.01472	0.01718	0.01145	0.00981	0.00654	0.00327	0.00818	0.00573	0.00654	0.01145
14	0.02617	0.02512	0.04292	0.06490	0.56246	0.02512	0.03245	0.03245	0.02407	0.03454	0.01989	0.02617	0.01675	0.00942	0.01047	0.00314	0.01256	0.00942	0.00523	0.01675
15	0.04019	0.02962	0.03173	0.02433	0.03279	0.03279	0.02010	0.52721	0.04971	0.06663	0.02538	0.02538	0.01798	0.01269	0.01058	0.00317	0.01163	0.00952	0.01058	0.01798
16	0.04115	0.02809	0.03078	0.02360	0.03203	0.03052	0.01950	0.46462	0.04715	0.13284	0.02753	0.02678	0.01906	0.01274	0.01058	0.00319	0.01129	0.00967	0.01091	0.01798
17	0.01283	0.00941	0.01205	0.01416	0.01519	0.00863	0.00957	0.01478	0.02078	0.02721	0.06506	0.54928	0.13779	0.03224	0.01336	0.00419	0.00603	0.02898	0.00982	0.00863
18	0.01282	0.01072	0.01116	0.01105	0.01448	0.00906	0.00829	0.01580	0.02487	0.03038	0.16629	0.09876	0.49785	0.02610	0.01249	0.00354	0.00531	0.02189	0.01006	0.00906
19	0.03950	0.05039	0.02996	0.02724	0.03269	0.58597	0.02043	0.04222	0.02996	0.02588	0.01634	0.01907	0.01362	0.01090	0.00953	0.00272	0.01907	0.00681	0.00545	0.01226
20	0.12119	0.01744	0.02377	0.18883	0.03777	0.01813	0.01807	0.03676	0.02431	0.26875	0.03201	0.07313	0.02447	0.05384	0.01312	0.00387	0.01027	0.01125	0.00910	0.01390
21	0.01317	0.00946	0.01204	0.01397	0.01476	0.00883	0.00923	0.01484	0.01995	0.02630	0.05928	0.50698	0.10763	0.10819	0.01853	0.00499	0.00659	0.02753	0.00938	0.00834
22	0.02244	0.01893	0.03154	0.38289	0.10137	0.02122	0.06271	0.02871	0.02292	0.07879	0.03283	0.03845	0.08718	0.01271	0.01096	0.00348	0.01262	0.01144	0.00625	0.01257
23	0.02125	0.01384	0.02053	0.18758	0.03445	0.01471	0.01690	0.02517	0.02190	0.11704	0.04036	0.24938	0.04103	0.06370	0.05118	0.00512	0.01082	0.04562	0.00838	0.01106
24	0.33456	0.02770	0.14117	0.15472	0.03873	0.02408	0.02208	0.03297	0.06793	0.03938	0.01919	0.02289	0.01440	0.01046	0.00862	0.00338	0.01118	0.00760	0.00605	0.01291
25	0.03263	0.02227	0.02768	0.17068	0.03964	0.02418	0.02008	0.24612	0.03551	0.14112	0.03735	0.03805	0.08952	0.01407	0.01084	0.00333	0.01097	0.01137	0.00941	0.01518
26	0.03498	0.07178	0.02822	0.02100	0.02637	0.02260	0.01740	0.04078	0.07279	0.29336	0.03360	0.07537	0.02578	0.01576	0.01673	0.00364	0.16356	0.01143	0.00971	0.01514
27	0.11732	0.01715	0.02186	0.16758	0.03476	0.01810	0.01688	0.07247	0.02398	0.08087	0.03238	0.20034	0.03171	0.01714	0.01051	0.00340	0.00945	0.01465	0.00792	0.10154
28	0.03319	0.01983	0.07209	0.01832	0.02599	0.01476	0.01596	0.03790	0.02652	0.30764	0.07126	0.11623	0.03388	0.01514	0.01056	0.00310	0.00872	0.01279	0.01043	0.14570

[dist]
# distance from previous block
# <min> <max>
7	131

[block]
# block no. 6 follows, 13 sequences, length 20
# corresponding to MSA columns:
# 571-590
name=unknown_G
#
# <colnr> <probs for GDERKNQSTAVLIFYWHMCP>
#	G	D	E	R	K	N	Q	S	T	A	V	L	I	F	Y	W	H	M	C	P
0	0.10478	0.01992	0.02208	0.01989	0.02511	0.02164	0.01634	0.20275	0.08243	0.04740	0.07766	0.10289	0.04105	0.01948	0.01164	0.00380	0.00945	0.14834	0.00991	0.01343
1	0.10677	0.02272	0.02833	0.02254	0.02982	0.02359	0.07209	0.19064	0.09993	0.13249	0.03207	0.09633	0.02604	0.01428	0.01054	0.00333	0.01023	0.01208	0.00963	0.05657
2	0.10091	0.02292	0.03108	0.28028	0.13724	0.06781	0.02517	0.03174	0.02229	0.08237	0.01998	0.02609	0.01535	0.01147	0.01279	0.00347	0.08111	0.00890	0.00585	0.01318
3	0.02251	0.01488	0.01759	0.01655	0.02045	0.01462	0.01295	0.11280	0.02800	0.09478	0.06016	0.18127	0.17239	0.07282	0.01586	0.00439	0.00826	0.10824	0.01003	0.01145
4	0.55110	0.08916	0.02530	0.01787	0.02517	0.02606	0.07080	0.03146	0.01917	0.04340	0.01548	0.01845	0.01221	0.00963	0.00725	0.00319	0.00963	0.00649	0.00618	0.01201
5	0.09534	0.01898	0.02993	0.53801	0.06704	0.02352	0.02739	0.02746	0.02079	0.02927	0.01834	0.02697	0.01380	0.01049	0.01013	0.00350	0.01344	0.00899	0.00490	0.01171
6	0.70310	0.02045	0.01554	0.01390	0.02045	0.02372	0.01145	0.03108	0.01799	0.04744	0.01472	0.01718	0.01145	0.00981	0.00654	0.00327	0.00818	0.00573	0.00654	0.01145
7	0.02385	0.02184	0.03491	0.11828	0.34793	0.02282	0.02762	0.03268	0.08314	0.03422	0.02862	0.04398	0.02580	0.01353	0.01123	0.00354	0.01178	0.09275	0.00658	0.01492
8	0.02313	0.02313	0.03238	0.02776	0.02776	0.03238	0.02313	0.02545	0.01619	0.02545	0.01388	0.02313	0.01388	0.01851	0.03470	0.00463	0.60907	0.00925	0.00463	0.01157
9	0.02630	0.02271	0.02391	0.02152	0.02749	0.02630	0.01674	0.05618	0.54336	0.04423	0.04303	0.03945	0.03228	0.01434	0.01076	0.00359	0.00837	0.01195	0.01076	0.01674
10	0.02630	0.02271	0.02391	0.02152	0.02749	0.02630	0.01674	0.05618	0.54336	0.04423	0.04303	0.03945	0.03228	0.01434	0.01076	0.00359	0.00837	0.01195	0.01076	0.01674
11	0.02165	0.01983	0.02964	0.44877	0.06080	0.02424	0.02601	0.03475	0.15965	0.03158	0.02522	0.03118	0.01892	0.01157	0.01062	0.00354	0.01258	0.01007	0.00631	0.01307
12	0.03017	0.02848	0.02936	0.02488	0.02894	0.12483	0.02007	0.16448	0.08883	0.03996	0.06439	0.02939	0.02394	0.01543	0.01946	0.00369	0.23223	0.01001	0.00761	0.01385
13	0.01774	0.01147	0.01477	0.01357	0.01669	0.01039	0.01031	0.02243	0.02940	0.09007	0.46585	0.07717	0.13693	0.02132	0.01230	0.00334	0.00540	0.01864	0.01160	0.01062
14	0.03229	0.02586	0.02997	0.07366	0.08333	0.02900	0.02079	0.27236	0.22175	0.05244	0.03066	0.03072	0.02267	0.01281	0.01063	0.00335	0.01075	0.01037	0.00967	0.01692
15	0.01288	0.00920	0.01227	0.01472	0.01534	0.00859	0.00981	0.01472	0.02024	0.02699	0.05828	0.62152	0.06993	0.03312	0.01350	0.00429	0.00613	0.03006	0.00981	0.00859
16	0.01279	0.00955	0.01191	0.01379	0.01509	0.00867	0.00940	0.01483	0.02114	0.02735	0.06959	0.50112	0.18302	0.03165	0.01326	0.00413	0.00595	0.02826	0.00982	0.00867
17	0.02242	0.09698	0.13594	0.20160	0.04632	0.02385	0.06265	0.03101	0.05443	0.03146	0.02007	0.02495	0.01558	0.00972	0.00951	0.00286	0.01242	0.00828	0.00546	0.18453
18	0.01360	0.00964	0.01264	0.01456	0.01536	0.00912	0.00991	0.01567	0.02071	0.02775	0.09406	0.48349	0.06806	0.10004	0.01810	0.00494	0.00675	0.05752	0.00956	0.00852
19	0.14492	0.09354	0.08764	0.08564	0.06636	0.02159	0.01927	0.03186	0.02241	0.11650	0.02502	0.08125	0.02116	0.01221	0.00918	0.00299	0.01017	0.00978	0.00707	0.13145

[dist]
# distance from previous block
# <min> <max>
0	33

[block]
# block no. 7 follows, 13 sequences, length 16
# corresponding to MSA columns:
# 624-639
name=unknown_H
#
# <colnr> <probs for GDERKNQSTAVLIFYWHMCP>
#	G	D	E	R	K	N	Q	S	T	A	V	L	I	F	Y	W	H	M	C	P
0	0.55639	0.09038	0.02105	0.01490	0.02191	0.02492	0.01264	0.03332	0.01969	0.10031	0.01758	0.01915	0.01326	0.01007	0.00700	0.00316	0.00862	0.00624	0.00701	0.01239
1	0.57629	0.02294	0.01757	0.01577	0.02217	0.06594	0.01272	0.03478	0.07892	0.04546	0.01808	0.01986	0.01399	0.01041	0.00725	0.00327	0.00901	0.00652	0.00694	0.01211
2	0.01785	0.01038	0.01360	0.01429	0.01549	0.00979	0.00955	0.01866	0.01933	0.08198	0.04551	0.35431	0.05124	0.16925	0.02617	0.09571	0.00779	0.02186	0.00869	0.00856
3	0.01404	0.01008	0.01341	0.01465	0.01613	0.00944	0.01056	0.01733	0.02421	0.03312	0.24220	0.37363	0.08009	0.02850	0.01322	0.00399	0.00605	0.06966	0.01048	0.00921
4	0.03916	0.01616	0.02188	0.01741	0.02414	0.01412	0.01412	0.04347	0.03018	0.43527	0.17311	0.04695	0.04494	0.01526	0.01110	0.00329	0.00797	0.01280	0.01272	0.01595
5	0.02827	0.63478	0.05540	0.01809	0.02714	0.04184	0.01809	0.03166	0.02148	0.02488	0.01470	0.01696	0.01357	0.00905	0.00678	0.00226	0.01131	0.00565	0.00452	0.01357
6	0.02749	0.02330	0.02458	0.02176	0.02795	0.02685	0.01702	0.09648	0.50113	0.04615	0.04152	0.03824	0.03105	0.01420	0.01074	0.00355	0.00865	0.01175	0.01074	0.01684
7	0.02192	0.01879	0.02192	0.01566	0.02506	0.01409	0.01253	0.02662	0.02192	0.03445	0.01879	0.02192	0.01566	0.00783	0.00783	0.00157	0.00783	0.00626	0.00626	0.69305
8	0.70310	0.02045	0.01554	0.01390	0.02045	0.02372	0.01145	0.03108	0.01799	0.04744	0.01472	0.01718	0.01145	0.00981	0.00654	0.00327	0.00818	0.00573	0.00654	0.01145
9	0.01538	0.01025	0.01153	0.01153	0.01153	0.01025	0.00641	0.01538	0.01538	0.02050	0.03331	0.06919	0.03844	0.62842	0.05382	0.01025	0.01025	0.01538	0.00641	0.00641
10	0.36014	0.03226	0.02331	0.02028	0.02679	0.21683	0.01603	0.12238	0.02767	0.04348	0.01716	0.01927	0.01334	0.01069	0.00827	0.00307	0.01250	0.00676	0.00688	0.01288
11	0.02128	0.02227	0.04596	0.03464	0.04212	0.02154	0.34393	0.02820	0.02246	0.03082	0.02666	0.08798	0.02382	0.02932	0.16032	0.00709	0.01942	0.01385	0.00585	0.01248
12	0.02192	0.01879	0.02192	0.01566	0.02506	0.01409	0.01253	0.02662	0.02192	0.03445	0.01879	0.02192	0.01566	0.00783	0.00783	0.00157	0.00783	0.00626	0.00626	0.69305
13	0.10458	0.11454	0.02976	0.02027	0.02724	0.02829	0.01679	0.23550	0.11490	0.08317	0.02575	0.02697	0.01949	0.01488	0.01313	0.08187	0.01024	0.00896	0.00876	0.01490
14	0.01288	0.00920	0.01227	0.01472	0.01534	0.00859	0.00981	0.01472	0.02024	0.02699	0.05828	0.62152	0.06993	0.03312	0.01350	0.00429	0.00613	0.03006	0.00981	0.00859
15	0.02992	0.18539	0.23685	0.02582	0.03717	0.03024	0.05925	0.15627	0.02967	0.08175	0.02146	0.02325	0.01575	0.01062	0.00959	0.00305	0.01321	0.00823	0.00672	0.01580

[dist]
# distance from previous block
# <min> <max>
0	1

[block]
# block no. 8 follows, 13 sequences, length 17
# corresponding to MSA columns:
# 641-657
name=unknown_I
#
# <colnr> <probs for GDERKNQSTAVLIFYWHMCP>
#	G	D	E	R	K	N	Q	S	T	A	V	L	I	F	Y	W	H	M	C	P
0	0.01729	0.01112	0.01400	0.01441	0.01664	0.01032	0.01060	0.02008	0.02296	0.07737	0.13156	0.22833	0.14458	0.13240	0.02017	0.00508	0.00739	0.09643	0.00976	0.00948
1	0.02775	0.09698	0.02820	0.07107	0.03058	0.07275	0.01679	0.07731	0.12057	0.07954	0.07702	0.03173	0.02727	0.01183	0.00953	0.00273	0.01004	0.00941	0.00808	0.19079
2	0.03003	0.01996	0.02285	0.01837	0.02501	0.01998	0.01473	0.17504	0.09575	0.12777	0.12860	0.03930	0.03658	0.01376	0.01022	0.00293	0.00837	0.01125	0.06940	0.13012
3	0.03288	0.10285	0.06667	0.02449	0.08020	0.02355	0.01920	0.04528	0.17830	0.21403	0.03313	0.03155	0.02373	0.01196	0.00989	0.00309	0.00981	0.00972	0.00941	0.07027
4	0.07207	0.17762	0.11976	0.07489	0.10286	0.02995	0.10749	0.07846	0.07364	0.03599	0.02097	0.02449	0.01638	0.01020	0.00963	0.00311	0.01292	0.00878	0.00601	0.01477
5	0.01308	0.00936	0.01245	0.01458	0.01538	0.00872	0.00983	0.01523	0.02118	0.02849	0.10664	0.56890	0.07282	0.03201	0.01340	0.00420	0.00602	0.02900	0.00999	0.00872
6	0.10022	0.02287	0.07158	0.01979	0.02751	0.02012	0.01735	0.15098	0.03178	0.27841	0.07789	0.03421	0.02788	0.01466	0.01227	0.04628	0.00975	0.01034	0.01049	0.01562
7	0.02607	0.07544	0.03551	0.12872	0.04025	0.02329	0.12987	0.11034	0.02786	0.07861	0.03224	0.10094	0.02968	0.01607	0.01165	0.00365	0.01232	0.09636	0.00783	0.01331
8	0.01773	0.01140	0.01380	0.01385	0.01534	0.01249	0.01023	0.02113	0.02005	0.03208	0.03727	0.18163	0.03679	0.07049	0.06416	0.00497	0.07808	0.01524	0.33381	0.00945
9	0.01538	0.01025	0.01153	0.01153	0.01153	0.01025	0.00641	0.01538	0.01538	0.02050	0.03331	0.06919	0.03844	0.62842	0.05382	0.01025	0.01025	0.01538	0.00641	0.00641
10	0.02192	0.01879	0.02192	0.01566	0.02506	0.01409	0.01253	0.02662	0.02192	0.03445	0.01879	0.02192	0.01566	0.00783	0.00783	0.00157	0.00783	0.00626	0.00626	0.69305
11	0.02121	0.05469	0.57364	0.03014	0.04576	0.02455	0.03906	0.03348	0.02232	0.03348	0.01897	0.02232	0.01339	0.01005	0.01005	0.00335	0.01563	0.00781	0.00446	0.01563
12	0.01702	0.01150	0.01361	0.01364	0.01685	0.01027	0.01054	0.02017	0.02433	0.08036	0.12301	0.13805	0.30398	0.06645	0.01555	0.00426	0.00683	0.10373	0.01004	0.00981
13	0.02381	0.01964	0.03219	0.40719	0.05927	0.02257	0.06982	0.06838	0.02446	0.07806	0.02485	0.07844	0.02031	0.01270	0.01099	0.00354	0.01312	0.01152	0.00638	0.01274
14	0.03382	0.16683	0.08311	0.14090	0.03905	0.06380	0.02182	0.08424	0.02746	0.20125	0.02552	0.02666	0.01804	0.01118	0.00960	0.00305	0.01209	0.00862	0.00787	0.01509
15	0.02553	0.01484	0.02040	0.11337	0.02937	0.01493	0.01535	0.03206	0.07396	0.18619	0.13343	0.20644	0.04996	0.01990	0.01176	0.00364	0.00827	0.01748	0.01031	0.01280
16	0.07353	0.01578	0.01840	0.05552	0.02385	0.01636	0.01342	0.07475	0.09829	0.08584	0.13662	0.17186	0.13274	0.02059	0.01153	0.00359	0.00759	0.01758	0.01002	0.01215

[dist]
# distance from previous block
# <min> <max>
0	8

[block]
# block no. 9 follows, 13 sequences, length 19
# corresponding to MSA columns:
# 666-684
name=unknown_J
#
# <colnr> <probs for GDERKNQSTAVLIFYWHMCP>
#	G	D	E	R	K	N	Q	S	T	A	V	L	I	F	Y	W	H	M	C	P
0	0.08853	0.10646	0.18932	0.07505	0.03715	0.02439	0.05790	0.07033	0.02537	0.13857	0.02424	0.02632	0.01733	0.01082	0.00949	0.00314	0.01206	0.00864	0.06017	0.01473
1	0.08457	0.01966	0.02707	0.30151	0.04858	0.02101	0.02143	0.06628	0.02399	0.08203	0.02096	0.02605	0.01564	0.01016	0.00950	0.00294	0.01129	0.00837	0.00645	0.19253
2	0.01971	0.00985	0.00985	0.00985	0.01232	0.00985	0.00739	0.02464	0.02217	0.03942	0.03449	0.03942	0.02710	0.01232	0.00739	0.00246	0.00493	0.00985	0.68712	0.00985
3	0.03103	0.02064	0.03402	0.23211	0.08863	0.02205	0.08694	0.03678	0.02461	0.21911	0.02681	0.03035	0.01877	0.01188	0.01303	0.00351	0.06712	0.01021	0.00776	0.01464
4	0.01538	0.01025	0.01153	0.01153	0.01153	0.01025	0.00641	0.01538	0.01538	0.02050	0.03331	0.06919	0.03844	0.62842	0.05382	0.01025	0.01025	0.01538	0.00641	0.00641
5	0.03384	0.02137	0.02835	0.14939	0.07685	0.02264	0.02054	0.16561	0.06597	0.20252	0.07638	0.03484	0.02762	0.01300	0.01076	0.00332	0.01065	0.01082	0.00977	0.01576
6	0.11637	0.33702	0.04081	0.02104	0.02841	0.24576	0.01815	0.03559	0.02426	0.02806	0.01532	0.01779	0.01332	0.00984	0.00780	0.00256	0.01386	0.00610	0.00512	0.01281
7	0.01971	0.00985	0.00985	0.00985	0.01232	0.00985	0.00739	0.02464	0.02217	0.03942	0.03449	0.03942	0.02710	0.01232	0.00739	0.00246	0.00493	0.00985	0.68712	0.00985
8	0.02530	0.02065	0.03359	0.07851	0.03732	0.02112	0.16360	0.03776	0.16432	0.10172	0.03771	0.12291	0.03296	0.01620	0.01194	0.00375	0.01150	0.05644	0.00872	0.01398
9	0.02313	0.02313	0.03238	0.02776	0.02776	0.03238	0.02313	0.02545	0.01619	0.02545	0.01388	0.02313	0.01388	0.01851	0.03470	0.00463	0.60907	0.00925	0.00463	0.01157
10	0.01531	0.01189	0.01726	0.13561	0.02804	0.01240	0.01476	0.01929	0.02308	0.03098	0.15998	0.31746	0.06394	0.02547	0.01281	0.00399	0.00796	0.08092	0.00916	0.00968
11	0.08488	0.06782	0.02960	0.02282	0.02770	0.02350	0.07931	0.06531	0.07126	0.07113	0.03644	0.11418	0.06792	0.01801	0.01566	0.00380	0.12464	0.05542	0.00792	0.01269
12	0.02121	0.05469	0.57364	0.03014	0.04576	0.02455	0.03906	0.03348	0.02232	0.03348	0.01897	0.02232	0.01339	0.01005	0.01005	0.00335	0.01563	0.00781	0.00446	0.01563
13	0.02192	0.01879	0.02192	0.01566	0.02506	0.01409	0.01253	0.02662	0.02192	0.03445	0.01879	0.02192	0.01566	0.00783	0.00783	0.00157	0.00783	0.00626	0.00626	0.69305
14	0.61896	0.09705	0.02051	0.01443	0.02128	0.02598	0.01228	0.03115	0.01843	0.04462	0.01472	0.01715	0.01171	0.00972	0.00657	0.00315	0.00857	0.00572	0.00629	0.01171
15	0.01971	0.00985	0.00985	0.00985	0.01232	0.00985	0.00739	0.02464	0.02217	0.03942	0.03449	0.03942	0.02710	0.01232	0.00739	0.00246	0.00493	0.00985	0.68712	0.00985
16	0.03251	0.01797	0.02324	0.07057	0.02889	0.01790	0.01638	0.13168	0.03263	0.23919	0.16918	0.05181	0.04544	0.01644	0.01145	0.00343	0.00901	0.05647	0.01117	0.01463
17	0.01447	0.01065	0.01354	0.01311	0.01556	0.00972	0.00972	0.01888	0.02832	0.03926	0.45516	0.13148	0.15419	0.02331	0.01257	0.00344	0.00514	0.02052	0.01125	0.00972
18	0.12118	0.07323	0.02876	0.22842	0.04297	0.14253	0.02080	0.03436	0.02457	0.11163	0.05648	0.02841	0.02108	0.01153	0.00964	0.00317	0.01277	0.00889	0.00681	0.01277

[dist]
# distance from previous block
# <min> <max>
4	8

[block]
# block no. 10 follows, 13 sequences, length 15
# corresponding to MSA columns:
# 694-708
name=unknown_K
#
# <colnr> <probs for GDERKNQSTAVLIFYWHMCP>
#	G	D	E	R	K	N	Q	S	T	A	V	L	I	F	Y	W	H	M	C	P
0	0.01997	0.01879	0.03171	0.60301	0.07282	0.02349	0.02936	0.02701	0.02114	0.02701	0.01879	0.02819	0.01409	0.01057	0.01057	0.00352	0.01409	0.00940	0.00470	0.01175
1	0.01548	0.01198	0.01767	0.01756	0.01921	0.01417	0.01363	0.01899	0.01721	0.02481	0.02981	0.08862	0.02918	0.07120	0.50016	0.01507	0.06706	0.01275	0.00594	0.00952
2	0.02719	0.20193	0.12206	0.02170	0.03194	0.02505	0.06595	0.03301	0.02321	0.10023	0.02083	0.02298	0.01609	0.00930	0.00867	0.00245	0.01112	0.00747	0.00627	0.24255
3	0.01974	0.01489	0.02209	0.02015	0.02213	0.01625	0.05748	0.02227	0.02008	0.07731	0.04058	0.31302	0.04482	0.10237	0.02296	0.00497	0.14015	0.02026	0.00816	0.01034
4	0.01510	0.01133	0.01699	0.01699	0.01888	0.01322	0.01322	0.01888	0.01699	0.02454	0.02832	0.04154	0.02643	0.07930	0.58652	0.01699	0.02832	0.01133	0.00566	0.00944
5	0.01614	0.01287	0.01916	0.17586	0.03216	0.01396	0.01620	0.02096	0.02385	0.03249	0.21779	0.16451	0.05952	0.02768	0.07531	0.00519	0.01065	0.05700	0.00859	0.01013
