[name]
unknown

[dist]
# distance from previous block
# <min> <max>
0	120

[block]
# block no. 0 follows, 13 sequences, length 6
# corresponding to MSA columns:
# 140-145
name=unknown_A
#
# <colnr> <probs for GDERKNQSTAVLIFYWHMCP>
#	G	D	E	R	K	N	Q	S	T	A	V	L	I	F	Y	W	H	M	C	P
0	0.11876	0.06735	0.06404	0.02206	0.02878	0.02694	0.01961	0.24240	0.03349	0.04798	0.02894	0.04477	0.02599	0.01608	0.01246	0.00363	0.05530	0.11851	0.00859	0.01430
1	0.02313	0.02313	0.03238	0.02776	0.02776	0.03238	0.02313	0.02545	0.01619	0.02545	0.01388	0.02313	0.01388	0.01851	0.03470	0.00463	0.60907	0.00925	0.00463	0.01157
2	0.01451	0.01119	0.01556	0.01556	0.01783	0.01224	0.01203	0.01803	0.01861	0.02546	0.04629	0.05527	0.14772	0.06732	0.45559	0.01393	0.02308	0.01383	0.00661	0.00932
3	0.04202	0.03117	0.02936	0.02348	0.03118	0.15425	0.01892	0.28637	0.03988	0.19508	0.02779	0.02685	0.01923	0.01239	0.01035	0.00310	0.01261	0.00921	0.01009	0.01668
4	0.17855	0.01554	0.01727	0.04885	0.02158	0.01635	0.01191	0.06780	0.02122	0.07107	0.02368	0.03295	0.02043	0.09258	0.02174	0.16960	0.00893	0.00918	0.09461	0.05616
5	0.01935	0.01704	0.02332	0.02065	0.02390	0.01900	0.05813	0.02906	0.14170	0.03483	0.15977	0.16190	0.09139	0.02091	0.01645	0.00386	0.12039	0.01743	0.00908	0.01183

[dist]
# distance from previous block
# <min> <max>
0	2

[block]
# block no. 1 follows, 13 sequences, length 29
# corresponding to MSA columns:
# 148-176
name=unknown_B
#
# <colnr> <probs for GDERKNQSTAVLIFYWHMCP>
#	G	D	E	R	K	N	Q	S	T	A	V	L	I	F	Y	W	H	M	C	P
0	0.13581	0.02134	0.02789	0.32809	0.08731	0.05465	0.02344	0.07232	0.02378	0.03439	0.02238	0.08154	0.01944	0.01270	0.01012	0.00345	0.01231	0.01061	0.00609	0.01233
1	0.08496	0.01465	0.01975	0.08243	0.07234	0.01517	0.01499	0.05100	0.02313	0.07034	0.09745	0.23332	0.04461	0.02296	0.01537	0.09269	0.00852	0.01721	0.00836	0.01075
2	0.08841	0.01178	0.01369	0.01385	0.01631	0.01162	0.00988	0.02123	0.02052	0.08038	0.04947	0.25612	0.10528	0.12365	0.06925	0.00592	0.00904	0.01916	0.06479	0.00965
3	0.64045	0.02131	0.01707	0.01489	0.02161	0.02458	0.01227	0.07797	0.02099	0.04925	0.01573	0.01795	0.01207	0.01009	0.00692	0.00326	0.00851	0.00608	0.00692	0.01207
4	0.14989	0.02148	0.02430	0.01929	0.02656	0.02212	0.01576	0.12221	0.07695	0.18193	0.02705	0.02713	0.01948	0.01194	0.01148	0.00304	0.06246	0.00867	0.00911	0.15914
5	0.07767	0.02349	0.03419	0.20224	0.04619	0.05546	0.10780	0.07780	0.02613	0.15427	0.02408	0.02802	0.01724	0.01171	0.01272	0.00348	0.06625	0.00980	0.00736	0.01410
6	0.11746	0.02046	0.02383	0.01965	0.02677	0.02088	0.01613	0.12284	0.12369	0.28549	0.03743	0.04012	0.02731	0.01430	0.01052	0.00345	0.00927	0.05293	0.01120	0.01625
7	0.01723	0.01165	0.01445	0.01355	0.01691	0.01025	0.01014	0.02113	0.02666	0.07999	0.30359	0.16007	0.18528	0.02294	0.01218	0.00341	0.00576	0.01998	0.01073	0.05410
8	0.07269	0.07192	0.02291	0.01730	0.02214	0.06570	0.01404	0.03480	0.05541	0.16111	0.09198	0.03658	0.03115	0.01380	0.01184	0.00310	0.07030	0.01032	0.17995	0.01298
9	0.17405	0.07715	0.07875	0.06485	0.09241	0.02215	0.01940	0.05918	0.02334	0.15010	0.02291	0.02615	0.01716	0.01458	0.01384	0.10436	0.01060	0.00837	0.00721	0.01342
10	0.02373	0.01336	0.01674	0.01530	0.01940	0.01234	0.01165	0.02946	0.06933	0.17817	0.19257	0.18283	0.14819	0.02206	0.01206	0.00358	0.00665	0.01912	0.01125	0.01221
11	0.04556	0.02100	0.02640	0.02024	0.02849	0.02000	0.01672	0.17466	0.03530	0.43955	0.03749	0.03324	0.02405	0.01298	0.01062	0.00325	0.00968	0.01034	0.01244	0.01799
12	0.02518	0.19683	0.22482	0.09351	0.03957	0.07821	0.02717	0.03467	0.07583	0.03024	0.01966	0.02316	0.01553	0.01106	0.01131	0.00316	0.06284	0.00789	0.00525	0.01411
13	0.09502	0.02042	0.02495	0.13183	0.03498	0.02218	0.01817	0.12365	0.12778	0.16738	0.09323	0.03663	0.03092	0.01347	0.01047	0.00337	0.00976	0.01100	0.00981	0.01498
14	0.01387	0.01025	0.01297	0.01338	0.01540	0.00934	0.00962	0.01743	0.02573	0.03501	0.31741	0.26652	0.16140	0.02633	0.01282	0.00369	0.00543	0.02333	0.01074	0.00934
15	0.70310	0.02045	0.01554	0.01390	0.02045	0.02372	0.01145	0.03108	0.01799	0.04744	0.01472	0.01718	0.01145	0.00981	0.00654	0.00327	0.00818	0.00573	0.00654	0.01145
16	0.03108	0.01414	0.01861	0.01553	0.02075	0.01263	0.01234	0.03563	0.02917	0.29469	0.24820	0.05370	0.05590	0.01643	0.01099	0.00320	0.00690	0.01396	0.09237	0.01380
17	0.63354	0.08378	0.01965	0.01434	0.02114	0.02559	0.01214	0.03114	0.01835	0.04511	0.01472	0.01715	0.01167	0.00974	0.00657	0.00317	0.00850	0.00572	0.00633	0.01167
18	0.01948	0.01283	0.01621	0.01496	0.01830	0.01237	0.01134	0.02707	0.09000	0.09571	0.40174	0.11465	0.08172	0.02082	0.01216	0.00343	0.00590	0.01830	0.01153	0.01149
19	0.02090	0.01937	0.02744	0.02423	0.02468	0.02623	0.01981	0.02308	0.01621	0.02474	0.01760	0.02811	0.01716	0.03413	0.16540	0.05589	0.42984	0.00974	0.00487	0.01057
20	0.01526	0.01072	0.01392	0.01392	0.01475	0.01155	0.00939	0.01691	0.01608	0.02227	0.03113	0.05708	0.03318	0.38788	0.28716	0.01320	0.01817	0.01360	0.00608	0.00774
21	0.03950	0.05039	0.02996	0.02724	0.03269	0.58597	0.02043	0.04222	0.02996	0.02588	0.01634	0.01907	0.01362	0.01090	0.00953	0.00272	0.01907	0.00681	0.00545	0.01226
22	0.03469	0.02084	0.02416	0.02044	0.02729	0.02203	0.01626	0.05434	0.33972	0.25282	0.04251	0.03807	0.02985	0.01385	0.01071	0.00346	0.00862	0.01143	0.01168	0.01723
23	0.01464	0.01151	0.01698	0.14527	0.02838	0.01229	0.01444	0.01780	0.02016	0.02678	0.04694	0.44004	0.05381	0.03211	0.06226	0.00522	0.00981	0.02386	0.00832	0.00936
24	0.01420	0.01034	0.01336	0.01353	0.01556	0.00951	0.00979	0.01812	0.02675	0.03703	0.38303	0.23565	0.12316	0.02526	0.01277	0.00362	0.00534	0.02247	0.01099	0.00951
25	0.02176	0.07176	0.02819	0.07851	0.03125	0.01813	0.05959	0.02641	0.02130	0.03116	0.02039	0.02833	0.01805	0.08185	0.01389	0.00303	0.00995	0.00817	0.00589	0.42240
26	0.01743	0.14835	0.02187	0.01410	0.01741	0.01628	0.01107	0.01888	0.02115	0.02664	0.09820	0.18870	0.17870	0.02579	0.01702	0.13628	0.00756	0.01761	0.00780	0.00913
27	0.09281	0.10237	0.21781	0.02470	0.03521	0.07533	0.05403	0.06386	0.06135	0.09936	0.02272	0.02428	0.01663	0.01058	0.00946	0.00306	0.01288	0.00818	0.00671	0.05865
28	0.07388	0.13501	0.06146	0.15135	0.07438	0.02568	0.02084	0.07378	0.06928	0.06388	0.02269	0.02605	0.01750	0.01056	0.00906	0.00291	0.01087	0.00833	0.05031	0.09219

[dist]
# distance from previous block
# <min> <max>
0	10

[block]
# block no. 2 follows, 13 sequences, length 33
# corresponding to MSA columns:
# 187-219
name=unknown_C
#
# <colnr> <probs for GDERKNQSTAVLIFYWHMCP>
#	G	D	E	R	K	N	Q	S	T	A	V	L	I	F	Y	W	H	M	C	P
0	0.02296	0.02454	0.07763	0.21241	0.04905	0.02441	0.13300	0.03793	0.18802	0.03479	0.02957	0.03751	0.02338	0.01262	0.01128	0.00363	0.01292	0.04322	0.00708	0.01405
1	0.02082	0.01555	0.01925	0.07083	0.02580	0.01618	0.01427	0.03199	0.17530	0.07275	0.08458	0.26522	0.04868	0.02123	0.01169	0.00365	0.00777	0.01874	0.00972	0.06598
2	0.01421	0.01080	0.01318	0.01297	0.01528	0.01041	0.00946	0.01729	0.02247	0.02980	0.19062	0.07651	0.23131	0.13782	0.15326	0.00775	0.01143	0.01779	0.00874	0.00889
3	0.02617	0.02512	0.04292	0.06490	0.56246	0.02512	0.03245	0.03245	0.02407	0.03454	0.01989	0.02617	0.01675	0.00942	0.01047	0.00314	0.01256	0.00942	0.00523	0.01675
4	0.01510	0.01133	0.01699	0.01699	0.01888	0.01322	0.01322	0.01888	0.01699	0.02454	0.02832	0.04154	0.02643	0.07930	0.58652	0.01699	0.02832	0.01133	0.00566	0.00944
5	0.70310	0.02045	0.01554	0.01390	0.02045	0.02372	0.01145	0.03108	0.01799	0.04744	0.01472	0.01718	0.01145	0.00981	0.00654	0.00327	0.00818	0.00573	0.00654	0.01145
6	0.01827	0.01154	0.01519	0.01386	0.01694	0.01054	0.01054	0.02317	0.02996	0.09615	0.50438	0.07460	0.09226	0.02075	0.01228	0.00332	0.00540	0.01826	0.01179	0.01079
7	0.01656	0.01133	0.01369	0.01326	0.01650	0.01007	0.01016	0.02035	0.02660	0.07666	0.26779	0.12239	0.27156	0.02430	0.01256	0.00360	0.00588	0.05588	0.01077	0.01008
8	0.09696	0.07995	0.23485	0.10610	0.04160	0.02812	0.02748	0.18599	0.03019	0.04371	0.02021	0.02319	0.01474	0.01085	0.00969	0.00323	0.01310	0.00820	0.00662	0.01524
9	0.02281	0.01960	0.06426	0.13130	0.03308	0.01838	0.01823	0.09699	0.06834	0.07678	0.23311	0.08589	0.05333	0.01696	0.01147	0.00342	0.00908	0.01463	0.00951	0.01282
10	0.07922	0.02991	0.11178	0.11946	0.04077	0.07328	0.06189	0.14396	0.03053	0.16835	0.02545	0.02706	0.01765	0.01140	0.01029	0.00328	0.01290	0.00925	0.00818	0.01539
11	0.03476	0.16266	0.07512	0.02139	0.02937	0.02752	0.01931	0.10688	0.11422	0.21020	0.02979	0.02883	0.02133	0.01252	0.01160	0.00319	0.05683	0.00926	0.00912	0.01610
12	0.01375	0.01006	0.01331	0.01479	0.01625	0.00961	0.01066	0.01660	0.02208	0.02961	0.13453	0.38918	0.11389	0.03517	0.07175	0.00543	0.00847	0.06619	0.00966	0.00902
13	0.01883	0.02697	0.18806	0.02267	0.03044	0.01748	0.08937	0.02761	0.06035	0.03474	0.12076	0.10760	0.11822	0.01704	0.01129	0.00344	0.01035	0.01511	0.06725	0.01242
14	0.02442	0.12219	0.09456	0.28616	0.05352	0.02704	0.09677	0.03110	0.02217	0.06894	0.01988	0.02606	0.01510	0.01082	0.01198	0.00337	0.05813	0.00916	0.00536	0.01324
15	0.02827	0.63478	0.05540	0.01809	0.02714	0.04184	0.01809	0.03166	0.02148	0.02488	0.01470	0.01696	0.01357	0.00905	0.00678	0.00226	0.01131	0.00565	0.00452	0.01357
16	0.01400	0.00970	0.01275	0.01471	0.01582	0.00917	0.01039	0.01667	0.02169	0.02980	0.10193	0.47742	0.06856	0.03013	0.01306	0.00413	0.00631	0.07457	0.06027	0.00893
17	0.02134	0.03055	0.23788	0.05962	0.03371	0.01908	0.02407	0.03219	0.09952	0.07374	0.08044	0.17059	0.03788	0.01732	0.01124	0.00361	0.01083	0.01490	0.00792	0.01358
18	0.08629	0.07085	0.03167	0.19505	0.04202	0.07507	0.05973	0.03372	0.11326	0.03198	0.02439	0.06685	0.02086	0.01348	0.01327	0.00354	0.08826	0.01060	0.00637	0.01274
19	0.01837	0.00918	0.01377	0.01377	0.01377	0.00918	0.00918	0.01377	0.01377	0.01837	0.01837	0.03214	0.01837	0.03673	0.04132	0.69238	0.00918	0.00918	0.00459	0.00459
20	0.02711	0.08452	0.11224	0.22499	0.08473	0.06906	0.02600	0.07050	0.09140	0.07349	0.02358	0.02727	0.01758	0.01111	0.01009	0.00326	0.01306	0.00905	0.00655	0.01441
21	0.02771	0.06788	0.03102	0.02439	0.02751	0.08057	0.02004	0.13528	0.02500	0.03381	0.01814	0.02494	0.01605	0.02204	0.06917	0.05659	0.29231	0.00899	0.00607	0.01248
22	0.01325	0.00946	0.01269	0.01514	0.01591	0.00890	0.01045	0.01535	0.02060	0.02740	0.05807	0.57753	0.06913	0.03278	0.01359	0.00434	0.00645	0.07045	0.00981	0.00869
23	0.01521	0.01090	0.01481	0.01481	0.01594	0.01203	0.01049	0.01748	0.01635	0.02293	0.03032	0.05259	0.03123	0.29875	0.37363	0.01430	0.02110	0.01295	0.00596	0.00823
24	0.01734	0.01105	0.01341	0.01280	0.01578	0.01002	0.00960	0.02147	0.02672	0.07719	0.30226	0.12480	0.18025	0.02184	0.01172	0.00334	0.00546	0.01888	0.10586	0.01021
25	0.09571	0.01827	0.02357	0.01811	0.02629	0.01603	0.01492	0.04740	0.02846	0.47470	0.03728	0.03309	0.02396	0.01230	0.01003	0.00310	0.00881	0.00981	0.01188	0.08629
26	0.70310	0.02045	0.01554	0.01390	0.02045	0.02372	0.01145	0.03108	0.01799	0.04744	0.01472	0.01718	0.01145	0.00981	0.00654	0.00327	0.00818	0.00573	0.00654	0.01145
27	0.01997	0.01879	0.03171	0.60301	0.07282	0.02349	0.02936	0.02701	0.02114	0.02701	0.01879	0.02819	0.01409	0.01057	0.01057	0.00352	0.01409	0.00940	0.00470	0.01175
28	0.01539	0.01100	0.01515	0.01759	0.01931	0.01075	0.01418	0.01906	0.02272	0.02980	0.05689	0.31789	0.06444	0.03076	0.01417	0.00464	0.00831	0.30890	0.00977	0.00928
29	0.02401	0.02573	0.04686	0.03586	0.04102	0.02966	0.26475	0.02951	0.02042	0.02951	0.01750	0.02573	0.01492	0.01388	0.02398	0.00411	0.32389	0.01081	0.00497	0.01287
30	0.02617	0.02512	0.04292	0.06490	0.56246	0.02512	0.03245	0.03245	0.02407	0.03454	0.01989	0.02617	0.01675	0.00942	0.01047	0.00314	0.01256	0.00942	0.00523	0.01675
31	0.02192	0.01879	0.02192	0.01566	0.02506	0.01409	0.01253	0.02662	0.02192	0.03445	0.01879	0.02192	0.01566	0.00783	0.00783	0.00157	0.00783	0.00626	0.00626	0.69305
32	0.01753	0.01416	0.01842	0.01657	0.01941	0.01510	0.01292	0.02373	0.06201	0.03773	0.34947	0.06000	0.06894	0.02486	0.06790	0.00466	0.09849	0.01543	0.00956	0.06310

[dist]
# distance from previous block
# <min> <max>
0	86

[block]
# block no. 3 follows, 13 sequences, length 19
# corresponding to MSA columns:
# 314-332
name=unknown_D
#
# <colnr> <probs for GDERKNQSTAVLIFYWHMCP>
#	G	D	E	R	K	N	Q	S	T	A	V	L	I	F	Y	W	H	M	C	P
0	0.02756	0.41811	0.19244	0.02196	0.03271	0.03628	0.02393	0.08179	0.02454	0.03137	0.01692	0.01925	0.01396	0.00968	0.00804	0.00265	0.01250	0.00662	0.00511	0.01456
1	0.01346	0.00952	0.01235	0.01410	0.01482	0.00898	0.00933	0.01535	0.02051	0.02760	0.10546	0.48441	0.06831	0.12006	0.01936	0.00508	0.00663	0.02677	0.00950	0.00841
2	0.01554	0.01260	0.01730	0.01763	0.01844	0.01436	0.01306	0.01801	0.02002	0.02797	0.09643	0.37634	0.05632	0.03360	0.07770	0.00559	0.13867	0.02249	0.00845	0.00946
3	0.06979	0.02672	0.12460	0.27346	0.10293	0.02545	0.02811	0.03107	0.06285	0.03147	0.01985	0.02633	0.01549	0.01184	0.01391	0.00361	0.10487	0.00905	0.00532	0.01327
4	0.03550	0.02099	0.02583	0.08016	0.03246	0.02208	0.01816	0.12946	0.17564	0.24658	0.03789	0.03980	0.02752	0.01417	0.01091	0.00347	0.00984	0.04214	0.01093	0.01646
5	0.01326	0.01015	0.01217	0.01292	0.01507	0.00905	0.00921	0.01618	0.02404	0.03138	0.19974	0.29869	0.25406	0.02797	0.01288	0.00379	0.00557	0.02454	0.01027	0.00905
6	0.02391	0.01184	0.01425	0.01281	0.01646	0.01107	0.00990	0.02868	0.02633	0.14978	0.20339	0.05139	0.05020	0.01546	0.00969	0.00291	0.00579	0.01298	0.33161	0.01157
7	0.31256	0.02367	0.02317	0.10468	0.03225	0.08128	0.01686	0.08614	0.02576	0.16666	0.02290	0.02424	0.01618	0.01110	0.00881	0.00324	0.01073	0.00791	0.00810	0.01377
8	0.01285	0.00933	0.01213	0.01437	0.01524	0.00862	0.00966	0.01476	0.02058	0.02713	0.06259	0.57563	0.11304	0.03256	0.01341	0.00423	0.00607	0.02937	0.00982	0.00862
9	0.04019	0.02962	0.03173	0.02433	0.03279	0.03279	0.02010	0.52721	0.04971	0.06663	0.02538	0.02538	0.01798	0.01269	0.01058	0.00317	0.01163	0.00952	0.01058	0.01798
10	0.01510	0.01133	0.01699	0.01699	0.01888	0.01322	0.01322	0.01888	0.01699	0.02454	0.02832	0.04154	0.02643	0.07930	0.58652	0.01699	0.02832	0.01133	0.00566	0.00944
11	0.02794	0.18435	0.12925	0.20814	0.04592	0.08491	0.02549	0.07670	0.02548	0.06909	0.01974	0.02374	0.01499	0.01049	0.00943	0.00305	0.01357	0.00802	0.00580	0.01391
12	0.70310	0.02045	0.01554	0.01390	0.02045	0.02372	0.01145	0.03108	0.01799	0.04744	0.01472	0.01718	0.01145	0.00981	0.00654	0.00327	0.00818	0.00573	0.00654	0.01145
13	0.02827	0.63478	0.05540	0.01809	0.02714	0.04184	0.01809	0.03166	0.02148	0.02488	0.01470	0.01696	0.01357	0.00905	0.00678	0.00226	0.01131	0.00565	0.00452	0.01357
14	0.01404	0.01065	0.01293	0.01262	0.01529	0.00954	0.00937	0.01807	0.02736	0.03691	0.37877	0.12979	0.23783	0.02413	0.01256	0.00348	0.00519	0.02098	0.01093	0.00954
15	0.01997	0.01879	0.03171	0.60301	0.07282	0.02349	0.02936	0.02701	0.02114	0.02701	0.01879	0.02819	0.01409	0.01057	0.01057	0.00352	0.01409	0.00940	0.00470	0.01175
16	0.01699	0.01300	0.01697	0.01743	0.01919	0.01396	0.01363	0.02207	0.05779	0.03124	0.13312	0.17615	0.05889	0.11515	0.02169	0.00519	0.07076	0.17791	0.00912	0.00975
17	0.32777	0.01762	0.01856	0.01577	0.02205	0.01799	0.01272	0.03640	0.02408	0.24387	0.08492	0.07836	0.03086	0.01412	0.00926	0.00336	0.00800	0.01090	0.00982	0.01356
18	0.01457	0.00994	0.01260	0.01328	0.01413	0.00951	0.00872	0.01619	0.02071	0.02825	0.17393	0.26850	0.06401	0.22119	0.02798	0.05107	0.00736	0.02122	0.00884	0.00798

[dist]
# distance from previous block
# <min> <max>
0	1

[block]
# block no. 4 follows, 13 sequences, length 28
# corresponding to MSA columns:
# 334-361
name=unknown_E
#
# <colnr> <probs for GDERKNQSTAVLIFYWHMCP>
#	G	D	E	R	K	N	Q	S	T	A	V	L	I	F	Y	W	H	M	C	P
0	0.04744	0.01799	0.02454	0.01881	0.02699	0.01554	0.01554	0.05153	0.03026	0.56979	0.04171	0.03599	0.02617	0.01309	0.01063	0.00327	0.00900	0.01063	0.01309	0.01799
1	0.02121	0.05469	0.57364	0.03014	0.04576	0.02455	0.03906	0.03348	0.02232	0.03348	0.01897	0.02232	0.01339	0.01005	0.01005	0.00335	0.01563	0.00781	0.00446	0.01563
2	0.02827	0.63478	0.05540	0.01809	0.02714	0.04184	0.01809	0.03166	0.02148	0.02488	0.01470	0.01696	0.01357	0.00905	0.00678	0.00226	0.01131	0.00565	0.00452	0.01357
3	0.15346	0.07338	0.02418	0.01688	0.02422	0.02041	0.01394	0.09928	0.02772	0.13346	0.11285	0.03307	0.03094	0.01218	0.00914	0.00275	0.00844	0.00946	0.00882	0.18541
4	0.08019	0.07630	0.03580	0.02930	0.07794	0.02585	0.10957	0.06241	0.02350	0.08569	0.02602	0.08298	0.02378	0.01555	0.01679	0.00375	0.16060	0.04368	0.00695	0.01333
5	0.02617	0.02512	0.04292	0.06490	0.56246	0.02512	0.03245	0.03245	0.02407	0.03454	0.01989	0.02617	0.01675	0.00942	0.01047	0.00314	0.01256	0.00942	0.00523	0.01675
6	0.01765	0.01140	0.01426	0.01342	0.01659	0.01019	0.01010	0.02170	0.02766	0.09393	0.34854	0.13255	0.19584	0.02303	0.01238	0.00347	0.00561	0.02003	0.01119	0.01045
7	0.11148	0.03324	0.21859	0.13940	0.04525	0.02350	0.09112	0.05963	0.02340	0.03615	0.01904	0.02372	0.01421	0.00981	0.00972	0.00313	0.01329	0.00833	0.00551	0.11150
8	0.01997	0.01879	0.03171	0.60301	0.07282	0.02349	0.02936	0.02701	0.02114	0.02701	0.01879	0.02819	0.01409	0.01057	0.01057	0.00352	0.01409	0.00940	0.00470	0.01175
9	0.01273	0.01057	0.01113	0.01131	0.01450	0.00898	0.00836	0.01551	0.02419	0.02950	0.13796	0.15059	0.47432	0.02699	0.01259	0.00362	0.00540	0.02282	0.00996	0.00898
10	0.02609	0.01327	0.01770	0.01519	0.01963	0.01188	0.01188	0.03077	0.03004	0.22304	0.38043	0.06425	0.07456	0.01869	0.01184	0.00331	0.00636	0.01621	0.01213	0.01272
11	0.03534	0.13040	0.10401	0.07180	0.03439	0.02549	0.02108	0.11656	0.07542	0.23562	0.02974	0.02895	0.02058	0.01183	0.00990	0.00314	0.01105	0.00925	0.00917	0.01627
12	0.58798	0.02102	0.01773	0.01524	0.02209	0.02378	0.01256	0.07580	0.02182	0.09513	0.01802	0.01954	0.01331	0.01035	0.00725	0.00326	0.00855	0.00649	0.00747	0.01259
13	0.03859	0.03314	0.03441	0.02681	0.03496	0.12880	0.06925	0.39446	0.04385	0.05633	0.02342	0.02459	0.01703	0.01201	0.01058	0.00313	0.01354	0.00933	0.00917	0.01662
14	0.20456	0.01843	0.06738	0.13957	0.03076	0.01760	0.01646	0.02326	0.01782	0.03023	0.02168	0.06823	0.02060	0.08439	0.02213	0.18122	0.01044	0.01017	0.00566	0.00940
15	0.02738	0.12920	0.27493	0.07568	0.03968	0.02537	0.02768	0.07010	0.02517	0.11124	0.02202	0.02417	0.01587	0.01035	0.00950	0.00300	0.01283	0.00800	0.00635	0.08147
16	0.32826	0.02279	0.05994	0.02381	0.08409	0.02136	0.04658	0.03839	0.02343	0.21933	0.02497	0.02542	0.01734	0.01083	0.00890	0.00328	0.00996	0.00829	0.00839	0.01464
17	0.01423	0.01011	0.01356	0.01583	0.01691	0.00972	0.01160	0.01679	0.02104	0.02783	0.05583	0.44048	0.06511	0.07488	0.01671	0.00488	0.00744	0.15874	0.00955	0.00875
18	0.08941	0.02189	0.09704	0.26729	0.04627	0.02005	0.02352	0.03008	0.02219	0.09663	0.02623	0.03703	0.02108	0.01691	0.04714	0.00435	0.01297	0.05189	0.05550	0.01252
19	0.11471	0.13276	0.26282	0.07980	0.03863	0.02541	0.02679	0.03565	0.02301	0.13425	0.02201	0.02395	0.01565	0.01048	0.00924	0.00317	0.01258	0.00788	0.00639	0.01483
20	0.01594	0.01097	0.01527	0.01745	0.01908	0.01078	0.01404	0.01889	0.02199	0.02884	0.05265	0.25987	0.05903	0.03118	0.01712	0.07803	0.00860	0.30221	0.00921	0.00884
21	0.01510	0.01133	0.01699	0.01699	0.01888	0.01322	0.01322	0.01888	0.01699	0.02454	0.02832	0.04154	0.02643	0.07930	0.58652	0.01699	0.02832	0.01133	0.00566	0.00944
22	0.02899	0.02249	0.12756	0.07181	0.03132	0.01596	0.01991	0.03438	0.02493	0.24227	0.04051	0.19099	0.03625	0.01853	0.01151	0.00368	0.01003	0.04528	0.00961	0.01400
23	0.02402	0.23361	0.09224	0.01804	0.02798	0.02471	0.01726	0.02908	0.02182	0.03107	0.01741	0.02027	0.01470	0.00848	0.00771	0.00199	0.00985	0.00622	0.00548	0.38806
24	0.07185	0.01659	0.01994	0.01763	0.02280	0.01627	0.01382	0.08556	0.07322	0.18020	0.08665	0.19283	0.04415	0.01958	0.01136	0.00355	0.00806	0.04815	0.01056	0.05722
25	0.01367	0.00986	0.01256	0.01369	0.01497	0.00916	0.00935	0.01621	0.02258	0.03048	0.19079	0.37858	0.11308	0.09309	0.01745	0.00462	0.00621	0.02500	0.00993	0.00875
26	0.02863	0.01970	0.03023	0.23647	0.09219	0.02115	0.05382	0.03806	0.10348	0.17525	0.03151	0.07180	0.02420	0.01313	0.01092	0.00349	0.01143	0.01170	0.00829	0.01456
27	0.07034	0.13890	0.19248	0.12440	0.03875	0.02505	0.02452	0.06158	0.02403	0.06814	0.06745	0.02879	0.02251	0.01306	0.01163	0.04775	0.01204	0.00895	0.00624	0.01338

[dist]
# distance from previous block
# <min> <max>
3	42

[block]
# block no. 5 follows, 13 sequences, length 16
# corresponding to MSA columns:
# 405-420
name=unknown_F
#
# <colnr> <probs for GDERKNQSTAVLIFYWHMCP>
#	G	D	E	R	K	N	Q	S	T	A	V	L	I	F	Y	W	H	M	C	P
0	0.06535	0.01583	0.02086	0.09009	0.02802	0.01558	0.01518	0.02885	0.02500	0.13878	0.16800	0.08715	0.04559	0.01656	0.01215	0.00327	0.04149	0.04271	0.00917	0.13038
1	0.20329	0.10682	0.09089	0.09706	0.03641	0.02593	0.06464	0.08696	0.02550	0.13531	0.02228	0.02439	0.01603	0.01065	0.00916	0.00319	0.01153	0.00830	0.00731	0.01434
2	0.13055	0.01833	0.02665	0.16201	0.03802	0.01920	0.07075	0.03423	0.05096	0.17673	0.03297	0.13624	0.02816	0.01522	0.01071	0.00356	0.01049	0.01336	0.00853	0.01333
3	0.49289	0.02286	0.02181	0.02145	0.08000	0.02577	0.01547	0.13531	0.02529	0.05011	0.01750	0.01984	0.01338	0.01038	0.00780	0.00324	0.00936	0.00691	0.00725	0.01338
4	0.22336	0.06414	0.10153	0.01801	0.02675	0.02135	0.01696	0.06673	0.02387	0.11288	0.02203	0.02364	0.01636	0.01015	0.00825	0.00276	0.00949	0.00735	0.05382	0.17057
5	0.17382	0.09211	0.09135	0.12066	0.03554	0.02500	0.02020	0.09486	0.05719	0.11387	0.02396	0.02606	0.01748	0.01113	0.00905	0.00317	0.01076	0.00838	0.05128	0.01414
6	0.02344	0.05451	0.02026	0.01663	0.02076	0.01630	0.01295	0.03245	0.13169	0.12425	0.19315	0.12478	0.05669	0.07345	0.01537	0.00413	0.00767	0.04866	0.01043	0.01242
7	0.01730	0.00919	0.01348	0.01396	0.01408	0.00907	0.00931	0.01396	0.01503	0.02003	0.02609	0.14622	0.02835	0.03603	0.03594	0.55919	0.00859	0.01322	0.00560	0.00536
8	0.06817	0.01975	0.02721	0.15936	0.03814	0.02133	0.06281	0.06527	0.14449	0.06687	0.08530	0.03571	0.02906	0.01429	0.01261	0.05044	0.01043	0.01089	0.00799	0.06987
9	0.02766	0.02455	0.04454	0.06893	0.04355	0.02510	0.27820	0.09492	0.02704	0.08190	0.02408	0.02936	0.01800	0.01122	0.01374	0.00348	0.07679	0.01113	0.08168	0.01411
10	0.02964	0.33166	0.11388	0.02338	0.03331	0.03349	0.07634	0.10826	0.02681	0.06694	0.01946	0.02162	0.01537	0.00989	0.00869	0.00270	0.01228	0.00760	0.00614	0.05255
11	0.06536	0.02468	0.08094	0.11318	0.23426	0.02374	0.08178	0.02983	0.02237	0.03329	0.02288	0.03445	0.01990	0.01245	0.01317	0.00353	0.07533	0.05203	0.04295	0.01388
12	0.03394	0.13596	0.03095	0.01995	0.02708	0.02767	0.01677	0.27748	0.03644	0.10766	0.02909	0.07640	0.02354	0.01372	0.00973	0.00302	0.00998	0.01068	0.09456	0.01537
13	0.02621	0.02511	0.09958	0.02369	0.03394	0.01813	0.11794	0.03260	0.02381	0.11330	0.02272	0.02536	0.01700	0.00910	0.00945	0.00244	0.01097	0.00834	0.00686	0.37345
14	0.03220	0.07138	0.15709	0.02626	0.03683	0.02253	0.11934	0.07214	0.02714	0.20705	0.02684	0.02769	0.01861	0.01063	0.01024	0.00306	0.01238	0.00939	0.00804	0.10114
15	0.04062	0.01805	0.02717	0.02114	0.02864	0.01590	0.07088	0.04496	0.02842	0.44260	0.04155	0.10864	0.03055	0.01514	0.01120	0.00343	0.00961	0.01327	0.01182	0.01640

[dist]
# distance from previous block
# <min> <max>
7	40

[block]
# block no. 6 follows, 13 sequences, length 54
# corresponding to MSA columns:
# 461-514
name=unknown_G
#
# <colnr> <probs for GDERKNQSTAVLIFYWHMCP>
#	G	D	E	R	K	N	Q	S	T	A	V	L	I	F	Y	W	H	M	C	P
0	0.03035	0.02113	0.06990	0.02225	0.02917	0.01781	0.09498	0.08705	0.02720	0.21136	0.04054	0.08621	0.07994	0.06722	0.01691	0.05077	0.01071	0.01352	0.00923	0.01374
1	0.03082	0.01972	0.06770	0.08274	0.03092	0.01695	0.01826	0.08134	0.02833	0.24222	0.07989	0.13302	0.03885	0.01783	0.01155	0.00361	0.00967	0.06203	0.01029	0.01425
2	0.08569	0.12484	0.13166	0.07573	0.03415	0.02381	0.02135	0.07423	0.02696	0.22510	0.05530	0.02971	0.02282	0.01181	0.00967	0.00314	0.01100	0.00918	0.00854	0.01531
3	0.03243	0.11119	0.02818	0.06484	0.02921	0.02152	0.01698	0.07686	0.08057	0.22999	0.09849	0.04637	0.03599	0.01518	0.01071	0.00334	0.00949	0.06368	0.01016	0.01483
4	0.08686	0.11977	0.07503	0.11722	0.03830	0.08641	0.05487	0.08225	0.02663	0.13012	0.02246	0.02480	0.01646	0.01059	0.00944	0.00298	0.01246	0.00832	0.00710	0.06791
5	0.08729	0.02234	0.02804	0.06708	0.03301	0.02232	0.05396	0.14777	0.08512	0.14303	0.02699	0.02778	0.01947	0.01106	0.00973	0.00290	0.01021	0.00907	0.00882	0.18401
6	0.24941	0.03307	0.22019	0.07185	0.03745	0.02425	0.06293	0.03298	0.02114	0.07924	0.01913	0.02271	0.01405	0.01082	0.01107	0.00345	0.05868	0.00794	0.00593	0.01369
7	0.02358	0.02238	0.07170	0.33825	0.05306	0.02351	0.02537	0.07214	0.08049	0.06310	0.02607	0.07488	0.02133	0.01342	0.01206	0.00359	0.04397	0.01122	0.00669	0.01320
8	0.02500	0.01700	0.02189	0.06231	0.02637	0.01776	0.01540	0.03139	0.07356	0.14720	0.12304	0.05084	0.13344	0.01720	0.01501	0.00343	0.10891	0.01342	0.00922	0.08760
9	0.13039	0.06277	0.03463	0.12447	0.03978	0.02323	0.13861	0.03653	0.07648	0.13632	0.06947	0.03261	0.02525	0.01171	0.01035	0.00335	0.01162	0.01061	0.00787	0.01395
10	0.02738	0.13256	0.13376	0.22487	0.04685	0.02705	0.02600	0.06912	0.02446	0.11022	0.02158	0.02573	0.01592	0.01135	0.01170	0.00330	0.05908	0.00864	0.00628	0.01413
11	0.02489	0.01760	0.02106	0.01901	0.02284	0.01893	0.01459	0.15947	0.06786	0.08252	0.09066	0.27487	0.04822	0.02247	0.01386	0.00380	0.05540	0.01903	0.01011	0.01280
12	0.01997	0.01219	0.01542	0.01510	0.01812	0.01140	0.01110	0.02511	0.06305	0.12065	0.18438	0.29148	0.12054	0.02492	0.01246	0.00375	0.00639	0.02199	0.01087	0.01110
13	0.02773	0.06934	0.03484	0.32134	0.05332	0.02543	0.06321	0.08204	0.02548	0.11962	0.02273	0.02797	0.01655	0.01148	0.01207	0.00343	0.05347	0.00954	0.00669	0.01372
14	0.03274	0.09593	0.13538	0.12368	0.03934	0.05433	0.02389	0.07605	0.02662	0.20433	0.02571	0.02724	0.01802	0.01189	0.01185	0.00329	0.05778	0.00894	0.00780	0.01518
15	0.07871	0.01927	0.02151	0.01770	0.02382	0.02004	0.01425	0.16711	0.08837	0.17945	0.07464	0.03648	0.02970	0.01339	0.00974	0.00310	0.00830	0.01064	0.16892	0.01488
16	0.01574	0.01183	0.01396	0.01468	0.01695	0.01131	0.01045	0.07051	0.02449	0.03172	0.06794	0.41591	0.19660	0.02919	0.01291	0.00398	0.00652	0.02573	0.00990	0.00970
17	0.02822	0.07777	0.03340	0.30954	0.10324	0.02415	0.02481	0.03377	0.02328	0.15789	0.02365	0.02841	0.01720	0.01152	0.01205	0.00339	0.05771	0.00933	0.00675	0.01391
18	0.19106	0.08729	0.02972	0.06545	0.03160	0.02305	0.05358	0.07835	0.02691	0.27049	0.02806	0.02764	0.01912	0.01137	0.00940	0.00320	0.01031	0.00892	0.00924	0.01525
19	0.01363	0.01170	0.01180	0.01160	0.01537	0.01035	0.00875	0.01854	0.06677	0.02985	0.10184	0.09663	0.51496	0.02576	0.01235	0.00357	0.00560	0.02146	0.00990	0.00957
20	0.01496	0.01081	0.01413	0.01330	0.01580	0.00998	0.00998	0.01995	0.02993	0.04240	0.55689	0.07898	0.09976	0.02162	0.01247	0.00333	0.00499	0.01912	0.01164	0.00998
21	0.07150	0.01811	0.02858	0.50231	0.06305	0.02226	0.02583	0.02622	0.02036	0.02795	0.01986	0.03123	0.01619	0.06889	0.01435	0.00414	0.01328	0.00968	0.00500	0.01122
22	0.03354	0.02186	0.03105	0.17905	0.14196	0.02311	0.02318	0.12199	0.06761	0.20480	0.02900	0.03058	0.02034	0.01177	0.01059	0.00332	0.01139	0.00999	0.00884	0.01605
23	0.04019	0.02962	0.03173	0.02433	0.03279	0.03279	0.02010	0.52721	0.04971	0.06663	0.02538	0.02538	0.01798	0.01269	0.01058	0.00317	0.01163	0.00952	0.01058	0.01798
24	0.03911	0.02908	0.03112	0.02411	0.03238	0.03228	0.01983	0.49050	0.08818	0.06489	0.02676	0.02648	0.01909	0.01282	0.01059	0.00321	0.01138	0.00971	0.01059	0.01788
25	0.01987	0.01206	0.01664	0.06089	0.02290	0.01161	0.01363	0.02315	0.02300	0.11617	0.05486	0.34811	0.08417	0.02699	0.01298	0.00415	0.00791	0.12037	0.00994	0.01061
26	0.01867	0.01678	0.02755	0.44836	0.05831	0.02046	0.02479	0.02498	0.02135	0.02816	0.07439	0.03546	0.02471	0.02287	0.10454	0.00570	0.01550	0.01069	0.00555	0.01119
27	0.02496	0.02852	0.06239	0.04456	0.05526	0.02674	0.52406	0.03387	0.02496	0.03387	0.02139	0.02852	0.01604	0.00891	0.01248	0.00357	0.01783	0.01248	0.00535	0.01426
28	0.03651	0.01761	0.02251	0.01895	0.02520	0.01675	0.01523	0.09472	0.06991	0.33610	0.04409	0.14510	0.03622	0.01795	0.01145	0.00359	0.00879	0.05192	0.01179	0.01558
29	0.02704	0.01357	0.01757	0.01559	0.02035	0.01200	0.01238	0.03093	0.02752	0.24133	0.17518	0.11549	0.16099	0.02106	0.01205	0.00358	0.00716	0.06202	0.01149	0.01272
30	0.03927	0.02175	0.02587	0.02061	0.02781	0.02200	0.01668	0.25227	0.03723	0.27288	0.03705	0.11652	0.02899	0.01583	0.01102	0.00338	0.00972	0.01297	0.01152	0.01662
31	0.63188	0.02018	0.01652	0.01444	0.02116	0.02283	0.01189	0.03330	0.01933	0.10418	0.01765	0.01922	0.01305	0.01017	0.00699	0.00327	0.00827	0.00626	0.00725	0.01216
32	0.02261	0.01186	0.01546	0.01522	0.01816	0.01068	0.01096	0.02501	0.02300	0.17695	0.05634	0.36673	0.10146	0.07389	0.01579	0.00441	0.00718	0.02279	0.01045	0.01105
33	0.01330	0.00950	0.01275	0.01520	0.01600	0.00895	0.01054	0.01544	0.02065	0.02746	0.05804	0.57107	0.06902	0.03273	0.01361	0.00435	0.00650	0.07638	0.00981	0.00870
34	0.13986	0.02239	0.02473	0.02010	0.02752	0.02375	0.01632	0.16374	0.16781	0.23163	0.03404	0.03149	0.02357	0.01282	0.01003	0.00333	0.00934	0.00997	0.01088	0.01667
35	0.08830	0.02141	0.02429	0.02017	0.02729	0.02260	0.01620	0.09975	0.25523	0.24937	0.03856	0.03497	0.02687	0.01334	0.01037	0.00340	0.00892	0.01072	0.01131	0.01694
36	0.34468	0.15189	0.02918	0.01820	0.02589	0.03048	0.01567	0.19386	0.02912	0.04901	0.01821	0.01982	0.01403	0.01060	0.00792	0.00303	0.00997	0.00695	0.00744	0.01403
37	0.20080	0.01641	0.01774	0.01478	0.02090	0.01528	0.01163	0.02716	0.02345	0.08151	0.15921	0.08188	0.04087	0.01419	0.00932	0.00280	0.00716	0.01154	0.00851	0.23485
38	0.20323	0.01792	0.01954	0.07147	0.02615	0.01963	0.01427	0.07348	0.10463	0.08442	0.16159	0.04114	0.04017	0.01425	0.00978	0.00328	0.00805	0.01143	0.06276	0.01281
39	0.02617	0.02512	0.04292	0.06490	0.56246	0.02512	0.03245	0.03245	0.02407	0.03454	0.01989	0.02617	0.01675	0.00942	0.01047	0.00314	0.01256	0.00942	0.00523	0.01675
40	0.03726	0.02347	0.02674	0.02125	0.02862	0.02479	0.01729	0.27566	0.11709	0.19307	0.09009	0.03612	0.03118	0.01402	0.01082	0.00328	0.00972	0.01122	0.01138	0.01693
41	0.02678	0.01327	0.01745	0.01539	0.01985	0.01176	0.01188	0.03065	0.02780	0.24004	0.22873	0.15837	0.11252	0.02086	0.01195	0.00350	0.00676	0.01808	0.01170	0.01270
42	0.02638	0.02318	0.06876	0.26552	0.05050	0.02344	0.07870	0.03940	0.15710	0.11469	0.02878	0.03190	0.02075	0.01170	0.01080	0.00349	0.01236	0.01047	0.00758	0.01451
43	0.01510	0.01133	0.01699	0.01699	0.01888	0.01322	0.01322	0.01888	0.01699	0.02454	0.02832	0.04154	0.02643	0.07930	0.58652	0.01699	0.02832	0.01133	0.00566	0.00944
44	0.13253	0.01493	0.01830	0.01612	0.02117	0.01424	0.01293	0.03300	0.02700	0.23306	0.20190	0.09471	0.05347	0.01824	0.01117	0.00352	0.00749	0.06214	0.01107	0.01300
45	0.24749	0.01516	0.01645	0.01510	0.01968	0.01563	0.01172	0.02842	0.02120	0.14943	0.03904	0.13744	0.08173	0.02582	0.07486	0.05738	0.00998	0.01350	0.00860	0.01137
46	0.10562	0.02149	0.02911	0.02215	0.03050	0.02068	0.07122	0.13454	0.03208	0.37034	0.03397	0.03146	0.02219	0.01225	0.01044	0.00329	0.01036	0.01017	0.01117	0.01697
47	0.02617	0.02512	0.04292	0.06490	0.56246	0.02512	0.03245	0.03245	0.02407	0.03454	0.01989	0.02617	0.01675	0.00942	0.01047	0.00314	0.01256	0.00942	0.00523	0.01675
48	0.01746	0.01082	0.01383	0.01383	0.01560	0.01012	0.00952	0.02004	0.02302	0.08151	0.20935	0.24954	0.06713	0.18223	0.02337	0.00544	0.00711	0.02092	0.00982	0.00935
49	0.06401	0.01762	0.02246	0.12056	0.03105	0.01874	0.01614	0.12170	0.02821	0.14491	0.10852	0.04383	0.03480	0.11704	0.05978	0.00543	0.01136	0.01203	0.00896	0.01285
50	0.02617	0.02512	0.04292	0.06490	0.56246	0.02512	0.03245	0.03245	0.02407	0.03454	0.01989	0.02617	0.01675	0.00942	0.01047	0.00314	0.01256	0.00942	0.00523	0.01675
51	0.04211	0.02017	0.02552	0.01999	0.02756	0.01960	0.01643	0.16687	0.03368	0.38480	0.03618	0.03394	0.02415	0.02018	0.07317	0.00474	0.01176	0.01043	0.01165	0.01706
52	0.09303	0.01436	0.01921	0.07989	0.02521	0.01495	0.01406	0.02718	0.02171	0.15518	0.08152	0.14427	0.03603	0.02255	0.01907	0.15617	0.04236	0.01401	0.00842	0.01083
53	0.02755	0.01759	0.02581	0.28591	0.04576	0.01918	0.02078	0.06961	0.02527	0.16736	0.03468	0.03834	0.07700	0.01576	0.01388	0.07262	0.01116	0.01110	0.00783	0.01279

[dist]
# distance from previous block
# <min> <max>
0	79

# created by:
# /st0/software/busco_prod/Augustus/scripts/msa2prfl.pl ./align_prep/7021.fa
