[name]
unknown

[dist]
# distance from previous block
# <min> <max>
2	61

[block]
# block no. 0 follows, 10 sequences, length 34
# corresponding to MSA columns:
# 65-98
name=unknown_A
#
# <colnr> <probs for GDERKNQSTAVLIFYWHMCP>
#	G	D	E	R	K	N	Q	S	T	A	V	L	I	F	Y	W	H	M	C	P
0	0.03367	0.14922	0.03248	0.02063	0.02764	0.07658	0.01679	0.08159	0.07023	0.13330	0.03363	0.09012	0.02946	0.07889	0.01597	0.00411	0.01148	0.01241	0.00918	0.07262
1	0.15094	0.08989	0.02933	0.12396	0.03696	0.02674	0.01927	0.04270	0.16253	0.09592	0.07861	0.03734	0.03151	0.01399	0.01057	0.00363	0.01047	0.01111	0.00924	0.01526
2	0.04001	0.09174	0.03502	0.08147	0.08625	0.02570	0.02144	0.12120	0.03329	0.23811	0.03165	0.03152	0.02199	0.01252	0.01085	0.00327	0.01156	0.01008	0.01022	0.08210
3	0.03034	0.01877	0.02237	0.01900	0.02511	0.01778	0.01471	0.12480	0.03173	0.13701	0.04239	0.20768	0.04010	0.02014	0.01178	0.00350	0.00886	0.01725	0.06822	0.13847
4	0.10451	0.02919	0.12170	0.02776	0.08193	0.02264	0.02338	0.09572	0.03209	0.24062	0.07506	0.03638	0.02957	0.01377	0.01126	0.00359	0.01151	0.01111	0.01054	0.01764
5	0.02921	0.02732	0.12298	0.08797	0.03792	0.02172	0.02424	0.08099	0.07907	0.12783	0.08699	0.05895	0.04052	0.01819	0.01269	0.00405	0.01190	0.10193	0.01000	0.01553
6	0.09400	0.01487	0.01781	0.01639	0.02116	0.01372	0.01250	0.03104	0.02728	0.18549	0.10742	0.21247	0.15136	0.02439	0.01276	0.00399	0.00764	0.02084	0.01171	0.01315
7	0.03011	0.01459	0.01927	0.01729	0.02210	0.01292	0.01322	0.03396	0.02938	0.23617	0.15506	0.21371	0.10547	0.02415	0.01322	0.00397	0.00769	0.02104	0.01268	0.01402
8	0.03506	0.02437	0.02934	0.18850	0.04515	0.07391	0.02227	0.08655	0.07638	0.18154	0.03561	0.09053	0.02807	0.01568	0.01189	0.00376	0.01261	0.01309	0.00984	0.01586
9	0.02375	0.07168	0.02198	0.01811	0.02179	0.01720	0.01402	0.07488	0.02763	0.08034	0.05087	0.31867	0.05446	0.02664	0.01293	0.00413	0.00852	0.06417	0.07590	0.01232
10	0.01444	0.01117	0.01317	0.01401	0.01647	0.00990	0.01000	0.01753	0.02616	0.03374	0.17466	0.28585	0.26925	0.03099	0.01416	0.00418	0.00614	0.02709	0.01119	0.00990
11	0.02350	0.02223	0.03794	0.23785	0.10720	0.02422	0.11240	0.03373	0.08102	0.03483	0.03293	0.09677	0.02985	0.01615	0.01281	0.00408	0.01401	0.05708	0.00728	0.01414
12	0.02909	0.02457	0.04066	0.29705	0.15601	0.02699	0.08326	0.08405	0.02876	0.08070	0.02427	0.03102	0.01798	0.01166	0.01186	0.00373	0.01486	0.01088	0.00690	0.01571
13	0.67341	0.02249	0.01709	0.01529	0.02249	0.02609	0.01260	0.03419	0.01979	0.05218	0.01619	0.01889	0.01260	0.01080	0.00720	0.00360	0.00900	0.00630	0.00720	0.01260
14	0.03422	0.14118	0.14837	0.08159	0.04516	0.02801	0.11619	0.04184	0.02747	0.18249	0.02804	0.02996	0.01967	0.01166	0.01115	0.00350	0.01440	0.01027	0.00801	0.01683
15	0.01668	0.01221	0.01741	0.01741	0.01904	0.01384	0.01294	0.01995	0.01831	0.02605	0.03232	0.05218	0.03189	0.19478	0.44147	0.01711	0.02691	0.01341	0.00640	0.00967
16	0.02920	0.07327	0.07548	0.02080	0.02731	0.02080	0.01802	0.08410	0.07118	0.13995	0.08879	0.21078	0.04854	0.02156	0.01244	0.00389	0.00970	0.01849	0.01081	0.01489
17	0.21686	0.14904	0.12869	0.08177	0.03724	0.02978	0.02315	0.03934	0.07157	0.08789	0.02365	0.02579	0.01772	0.01162	0.00939	0.00345	0.01211	0.00839	0.00725	0.01529
18	0.04547	0.01831	0.02484	0.01955	0.02737	0.01594	0.01594	0.05015	0.03322	0.43649	0.13363	0.04848	0.04401	0.01616	0.01208	0.00361	0.00907	0.01345	0.01410	0.01813
19	0.01444	0.01033	0.01374	0.01601	0.01693	0.00963	0.01082	0.01688	0.02353	0.03170	0.11736	0.52467	0.08082	0.03493	0.01471	0.00460	0.00660	0.03163	0.01103	0.00963
20	0.02845	0.02627	0.03908	0.19812	0.10479	0.07603	0.11544	0.03755	0.07108	0.07741	0.03033	0.08887	0.02561	0.01436	0.01228	0.00382	0.01469	0.01347	0.00748	0.01490
21	0.03534	0.02535	0.03193	0.02534	0.03235	0.02770	0.06478	0.21003	0.09286	0.10334	0.03231	0.03403	0.02384	0.01436	0.01384	0.00361	0.06660	0.01129	0.13433	0.01679
22	0.03410	0.07946	0.08117	0.02301	0.03187	0.02058	0.06470	0.04023	0.03000	0.22685	0.14316	0.04472	0.04249	0.01481	0.01162	0.00338	0.01072	0.01278	0.01065	0.07371
23	0.02514	0.01803	0.02118	0.01819	0.02441	0.01640	0.01391	0.07228	0.06965	0.08663	0.04892	0.20530	0.08750	0.02078	0.01188	0.00339	0.00835	0.01790	0.01008	0.22006
24	0.03291	0.01761	0.02598	0.07611	0.03211	0.01650	0.05599	0.03834	0.03000	0.23852	0.13546	0.05461	0.09087	0.01690	0.01206	0.00360	0.00960	0.01469	0.08309	0.01506
25	0.02671	0.01816	0.02565	0.08178	0.12311	0.01818	0.01903	0.03361	0.07144	0.12752	0.04988	0.15305	0.09439	0.08336	0.01777	0.00474	0.01022	0.01761	0.00964	0.01415
26	0.03959	0.02726	0.07905	0.08115	0.09370	0.06945	0.02295	0.04554	0.02968	0.27417	0.03461	0.03460	0.02366	0.01300	0.01112	0.00347	0.01222	0.01061	0.07700	0.01717
27	0.02734	0.01334	0.01800	0.01681	0.02000	0.01224	0.01217	0.02888	0.02470	0.17900	0.09164	0.20898	0.05096	0.09074	0.02454	0.13050	0.00872	0.01924	0.01057	0.01162
28	0.01988	0.01866	0.07409	0.02155	0.02620	0.01418	0.06607	0.02426	0.02446	0.07504	0.05877	0.37110	0.10222	0.02825	0.01395	0.00435	0.00944	0.02569	0.00996	0.01188
29	0.15168	0.02038	0.02328	0.07216	0.03091	0.02094	0.01648	0.08150	0.07413	0.13622	0.04232	0.10379	0.07453	0.01694	0.01108	0.00361	0.00961	0.01379	0.01001	0.08664
30	0.09471	0.08651	0.02588	0.01860	0.02466	0.02053	0.01502	0.07855	0.03053	0.18326	0.12718	0.15795	0.04974	0.01987	0.01179	0.00371	0.00892	0.01664	0.01125	0.01470
31	0.10311	0.18780	0.03447	0.01908	0.02758	0.02760	0.01662	0.08882	0.02955	0.17939	0.02890	0.02909	0.02114	0.01204	0.00928	0.00298	0.01021	0.00886	0.08609	0.07738
32	0.09589	0.02506	0.02876	0.03061	0.12556	0.07525	0.01994	0.08919	0.03106	0.13218	0.07886	0.09567	0.03492	0.01579	0.01137	0.00346	0.01119	0.01319	0.00955	0.07252
33	0.17009	0.03483	0.03253	0.02644	0.03450	0.18270	0.06400	0.13458	0.03433	0.13991	0.02563	0.02662	0.01843	0.01241	0.01062	0.00343	0.01460	0.00929	0.00902	0.01604

[dist]
# distance from previous block
# <min> <max>
7	58

[block]
# block no. 1 follows, 10 sequences, length 30
# corresponding to MSA columns:
# 167-196
name=unknown_B
#
# <colnr> <probs for GDERKNQSTAVLIFYWHMCP>
#	G	D	E	R	K	N	Q	S	T	A	V	L	I	F	Y	W	H	M	C	P
0	0.16276	0.08279	0.07469	0.07435	0.03601	0.02381	0.06572	0.03641	0.02649	0.13174	0.09708	0.03610	0.03155	0.01314	0.01056	0.00342	0.01137	0.01086	0.00860	0.06253
1	0.09184	0.18838	0.03719	0.02574	0.07628	0.02616	0.05732	0.03090	0.02528	0.07126	0.08557	0.16186	0.04125	0.01811	0.01111	0.00356	0.01057	0.01561	0.00828	0.01375
2	0.03223	0.15356	0.21124	0.02718	0.03894	0.02720	0.07278	0.04031	0.02766	0.16285	0.06963	0.03338	0.02702	0.01268	0.01098	0.00344	0.01354	0.01052	0.00817	0.01670
3	0.09708	0.03303	0.19945	0.07917	0.03982	0.02147	0.02644	0.04036	0.02668	0.20457	0.03372	0.09151	0.02627	0.01503	0.01136	0.00378	0.01255	0.01230	0.00906	0.01633
4	0.09325	0.02146	0.03089	0.14081	0.11056	0.02398	0.02346	0.03642	0.02493	0.16339	0.03046	0.08694	0.02535	0.01623	0.01646	0.00403	0.11524	0.01259	0.00843	0.01512
5	0.03134	0.02962	0.15050	0.07023	0.03711	0.02174	0.02411	0.08442	0.07450	0.16544	0.03970	0.14969	0.03410	0.01809	0.01220	0.00390	0.01175	0.01536	0.00996	0.01623
6	0.08581	0.02691	0.15630	0.02097	0.02649	0.01919	0.01993	0.02507	0.02037	0.03132	0.03321	0.14540	0.03547	0.21362	0.03046	0.00659	0.06862	0.01589	0.00698	0.01139
7	0.03938	0.02267	0.03349	0.07169	0.03811	0.02234	0.09212	0.09184	0.08003	0.26223	0.03765	0.03711	0.02573	0.01343	0.01167	0.00361	0.01172	0.01184	0.07585	0.01750
8	0.01677	0.01344	0.02009	0.01821	0.02151	0.01238	0.05808	0.02163	0.02922	0.04017	0.31781	0.20063	0.13308	0.02590	0.01399	0.00396	0.00726	0.02347	0.01143	0.01098
9	0.01822	0.01122	0.01467	0.01611	0.01748	0.01045	0.01085	0.02018	0.02253	0.07631	0.05829	0.45641	0.06718	0.11638	0.02110	0.00558	0.00772	0.02863	0.01059	0.01008
10	0.02312	0.01240	0.01590	0.01570	0.01871	0.01144	0.01149	0.02694	0.02683	0.12797	0.14441	0.28089	0.06545	0.02546	0.01275	0.00392	0.00683	0.02246	0.13539	0.01194
11	0.04168	0.01734	0.02350	0.01911	0.02610	0.01518	0.01532	0.04612	0.03212	0.38705	0.13519	0.10287	0.04878	0.01836	0.01239	0.00372	0.00876	0.01558	0.01374	0.01711
12	0.44699	0.02151	0.02070	0.01726	0.02512	0.02281	0.01424	0.04239	0.02471	0.22516	0.02702	0.02644	0.01850	0.01211	0.00884	0.00360	0.00932	0.00827	0.00982	0.01522
13	0.01616	0.01188	0.01513	0.01432	0.01719	0.01085	0.01074	0.02137	0.03221	0.04496	0.46900	0.08964	0.15436	0.02440	0.01372	0.00369	0.00553	0.02142	0.01258	0.01085
14	0.04767	0.01847	0.02460	0.01924	0.02730	0.01617	0.01577	0.05231	0.03197	0.45527	0.04471	0.04014	0.02894	0.01427	0.01117	0.00347	0.00923	0.01157	0.10926	0.01847
15	0.13760	0.01829	0.02210	0.01780	0.02520	0.01710	0.01453	0.04708	0.02941	0.35405	0.03981	0.03733	0.02661	0.01368	0.01027	0.00341	0.00881	0.01072	0.14936	0.01683
16	0.01417	0.01012	0.01350	0.01619	0.01687	0.00945	0.01080	0.01619	0.02227	0.02969	0.06410	0.58367	0.07692	0.03644	0.01484	0.00472	0.00675	0.03306	0.01080	0.00945
17	0.02424	0.02219	0.02197	0.02075	0.02319	0.11541	0.01604	0.02798	0.02297	0.03181	0.03083	0.09153	0.02897	0.03739	0.16456	0.00786	0.11952	0.01281	0.16857	0.01141
18	0.02678	0.01489	0.01881	0.01743	0.02181	0.01392	0.01316	0.03342	0.07629	0.17515	0.15170	0.22538	0.11388	0.02486	0.01331	0.00403	0.00754	0.02171	0.01231	0.01361
19	0.01818	0.01337	0.01608	0.01532	0.01532	0.01488	0.00977	0.01855	0.01705	0.02336	0.03348	0.06862	0.03829	0.50682	0.05609	0.01036	0.09391	0.01592	0.00676	0.00789
20	0.09182	0.01788	0.02431	0.02105	0.02616	0.01798	0.08083	0.03039	0.10795	0.04017	0.14664	0.15583	0.14833	0.02226	0.01288	0.00398	0.00891	0.01978	0.01024	0.01264
21	0.02624	0.02841	0.05835	0.17655	0.10927	0.02837	0.32604	0.03527	0.02634	0.03549	0.02267	0.03104	0.01720	0.01030	0.01300	0.00387	0.01805	0.01258	0.00570	0.01527
22	0.04321	0.02412	0.02748	0.02248	0.02946	0.07781	0.01814	0.05015	0.07604	0.33419	0.07982	0.04051	0.03347	0.01567	0.01444	0.00372	0.06763	0.01202	0.01214	0.01749
23	0.04289	0.04910	0.03175	0.02847	0.03481	0.44469	0.02157	0.04889	0.07757	0.07804	0.02346	0.02490	0.01827	0.01258	0.01073	0.00314	0.01879	0.00844	0.00736	0.01456
24	0.02066	0.01222	0.01627	0.01627	0.01896	0.01115	0.01179	0.02435	0.02792	0.10960	0.23058	0.31579	0.08218	0.02840	0.01395	0.00416	0.00674	0.02537	0.01209	0.01155
25	0.02919	0.02356	0.02476	0.02204	0.02828	0.02688	0.01721	0.09321	0.38898	0.05002	0.04425	0.04204	0.03329	0.01529	0.01127	0.00372	0.00896	0.01257	0.10707	0.01741
26	0.67341	0.02249	0.01709	0.01529	0.02249	0.02609	0.01260	0.03419	0.01979	0.05218	0.01619	0.01889	0.01260	0.01080	0.00720	0.00360	0.00900	0.00630	0.00720	0.01260
27	0.02412	0.02067	0.02412	0.01723	0.02756	0.01550	0.01378	0.02929	0.02412	0.03790	0.02067	0.02412	0.01723	0.00861	0.00861	0.00172	0.00861	0.00689	0.00689	0.66236
28	0.02785	0.07614	0.02756	0.12225	0.03495	0.02065	0.01761	0.06387	0.02705	0.11938	0.04142	0.10384	0.07854	0.07516	0.01619	0.00419	0.01063	0.01428	0.00886	0.10957
29	0.02317	0.01824	0.01875	0.01800	0.02193	0.06748	0.01336	0.02913	0.06612	0.06985	0.05135	0.22696	0.08968	0.03051	0.07108	0.00537	0.01130	0.01933	0.07430	0.07410

[dist]
# distance from previous block
# <min> <max>
0	1

[block]
# block no. 2 follows, 10 sequences, length 8
# corresponding to MSA columns:
# 198-205
name=unknown_C
#
# <colnr> <probs for GDERKNQSTAVLIFYWHMCP>
#	G	D	E	R	K	N	Q	S	T	A	V	L	I	F	Y	W	H	M	C	P
0	0.08706	0.11882	0.03376	0.12089	0.09008	0.07463	0.02140	0.05971	0.05437	0.03660	0.02860	0.11791	0.02714	0.01541	0.01071	0.00344	0.01217	0.01267	0.00732	0.06732
1	0.03205	0.02611	0.10751	0.02179	0.03013	0.01982	0.02001	0.11341	0.03335	0.17007	0.12781	0.10768	0.04507	0.01766	0.01206	0.00357	0.01027	0.01487	0.01092	0.07585
2	0.03043	0.02806	0.11022	0.07183	0.03729	0.02041	0.02161	0.07421	0.02835	0.12552	0.02574	0.02786	0.01890	0.01077	0.01009	0.00273	0.01125	0.00864	0.00813	0.32796
3	0.03244	0.03852	0.22710	0.02682	0.03863	0.02548	0.02824	0.11587	0.03078	0.13029	0.02611	0.02782	0.01861	0.01246	0.01295	0.00340	0.05667	0.00930	0.00814	0.13034
4	0.03268	0.02720	0.10685	0.02162	0.02975	0.02266	0.01996	0.11991	0.12686	0.13312	0.03666	0.03691	0.02654	0.01381	0.01060	0.00341	0.01020	0.01102	0.19370	0.01654
5	0.02399	0.02698	0.10724	0.02070	0.03068	0.01926	0.01910	0.03542	0.10798	0.04056	0.07919	0.03443	0.03013	0.01193	0.01014	0.00265	0.00979	0.00981	0.00808	0.37195
6	0.02216	0.02153	0.10209	0.01892	0.02478	0.01463	0.01652	0.02647	0.02304	0.08518	0.04156	0.22636	0.04361	0.14259	0.02219	0.00529	0.01010	0.01868	0.00874	0.12554
7	0.02351	0.15822	0.11919	0.07161	0.03672	0.02771	0.06020	0.03140	0.06008	0.03228	0.03310	0.17541	0.03338	0.01876	0.01408	0.00387	0.06385	0.01567	0.00716	0.01379

[dist]
# distance from previous block
# <min> <max>
7	75

[block]
# block no. 3 follows, 10 sequences, length 42
# corresponding to MSA columns:
# 316-357
name=unknown_D
#
# <colnr> <probs for GDERKNQSTAVLIFYWHMCP>
#	G	D	E	R	K	N	Q	S	T	A	V	L	I	F	Y	W	H	M	C	P
0	0.03717	0.02613	0.03092	0.11303	0.04044	0.02900	0.02180	0.20577	0.18282	0.13449	0.03574	0.03516	0.02544	0.01421	0.01171	0.00371	0.01165	0.01148	0.01110	0.01823
1	0.03115	0.11545	0.03332	0.02899	0.10930	0.02465	0.02033	0.07565	0.07340	0.13002	0.08370	0.09486	0.04119	0.01806	0.01199	0.00374	0.01058	0.06784	0.01001	0.01578
2	0.09205	0.08617	0.11675	0.11596	0.04270	0.03121	0.02615	0.15412	0.03175	0.08693	0.02328	0.02686	0.01731	0.01327	0.01411	0.00371	0.08427	0.00942	0.00781	0.01618
3	0.02869	0.02041	0.02759	0.20139	0.04481	0.02030	0.02067	0.07138	0.02836	0.12256	0.03806	0.04063	0.08212	0.01375	0.01108	0.00321	0.01117	0.01144	0.00853	0.19386
4	0.25692	0.01944	0.02383	0.02658	0.10412	0.02203	0.01724	0.02707	0.01906	0.03566	0.01841	0.02708	0.01654	0.02218	0.02510	0.23142	0.08160	0.00879	0.00594	0.01098
5	0.02975	0.38117	0.11375	0.11360	0.04146	0.08780	0.02516	0.03533	0.02458	0.02907	0.01769	0.02170	0.01500	0.01057	0.00891	0.00292	0.01437	0.00733	0.00510	0.01474
6	0.02507	0.01986	0.03177	0.31391	0.14169	0.02229	0.02680	0.03192	0.02561	0.07358	0.06741	0.03766	0.02701	0.01291	0.01135	0.00361	0.01261	0.01143	0.08949	0.01403
7	0.02515	0.01292	0.01890	0.06332	0.02341	0.01308	0.01327	0.02396	0.01932	0.10663	0.02682	0.03999	0.02383	0.08444	0.07745	0.38838	0.01229	0.01116	0.00689	0.00879
8	0.04627	0.01837	0.02459	0.01935	0.02684	0.01612	0.01541	0.05002	0.03054	0.44228	0.04434	0.04571	0.03105	0.11105	0.01965	0.00489	0.01013	0.01257	0.01316	0.01766
9	0.03210	0.02747	0.11570	0.16077	0.04723	0.02251	0.06277	0.04216	0.07312	0.18812	0.07830	0.03912	0.03057	0.01379	0.01194	0.00375	0.01284	0.01203	0.00939	0.01632
10	0.03523	0.03326	0.15686	0.08509	0.12241	0.02558	0.02882	0.10000	0.07153	0.17745	0.03110	0.03208	0.02173	0.01269	0.01150	0.00364	0.01320	0.01054	0.00915	0.01814
11	0.02981	0.03016	0.10625	0.07531	0.04655	0.02589	0.18647	0.11605	0.03311	0.08665	0.10762	0.03985	0.03388	0.01360	0.01266	0.00374	0.01454	0.01327	0.00864	0.01596
12	0.01417	0.01012	0.01350	0.01619	0.01687	0.00945	0.01080	0.01619	0.02227	0.02969	0.06410	0.58367	0.07692	0.03644	0.01484	0.00472	0.00675	0.03306	0.01080	0.00945
13	0.04214	0.03000	0.04055	0.03033	0.04010	0.03123	0.11662	0.31014	0.04508	0.14803	0.03026	0.03076	0.02097	0.01317	0.01208	0.00360	0.01370	0.01138	0.01093	0.01892
14	0.02151	0.02287	0.11400	0.16358	0.04078	0.01767	0.02287	0.02735	0.02399	0.07852	0.04312	0.28518	0.04492	0.02321	0.01301	0.00420	0.01124	0.02062	0.00860	0.01275
15	0.03465	0.44389	0.05357	0.02208	0.03156	0.08839	0.02054	0.11942	0.03029	0.03608	0.01854	0.02060	0.01584	0.01088	0.00851	0.00272	0.01326	0.00713	0.00632	0.01571
16	0.67341	0.02249	0.01709	0.01529	0.02249	0.02609	0.01260	0.03419	0.01979	0.05218	0.01619	0.01889	0.01260	0.01080	0.00720	0.00360	0.00900	0.00630	0.00720	0.01260
17	0.02333	0.06016	0.53100	0.03315	0.05034	0.02701	0.04297	0.03683	0.02455	0.03683	0.02087	0.02455	0.01473	0.01105	0.01105	0.00368	0.01719	0.00859	0.00491	0.01719
18	0.03011	0.52976	0.12079	0.02159	0.03246	0.04360	0.02284	0.03508	0.02375	0.02857	0.01677	0.01941	0.01490	0.01009	0.00792	0.00264	0.01304	0.00652	0.00497	0.01521
19	0.02286	0.01397	0.01778	0.01760	0.02082	0.01350	0.01285	0.02988	0.08667	0.11863	0.14460	0.32881	0.06986	0.02770	0.01372	0.00423	0.00735	0.02465	0.01191	0.01261
20	0.02086	0.01535	0.01844	0.01640	0.02035	0.01507	0.01264	0.09820	0.03598	0.04970	0.39501	0.07931	0.13190	0.02266	0.01337	0.00365	0.00675	0.01959	0.01242	0.01234
21	0.67341	0.02249	0.01709	0.01529	0.02249	0.02609	0.01260	0.03419	0.01979	0.05218	0.01619	0.01889	0.01260	0.01080	0.00720	0.00360	0.00900	0.00630	0.00720	0.01260
22	0.02161	0.02019	0.03306	0.46381	0.06975	0.02532	0.02974	0.02835	0.02265	0.02955	0.02401	0.07951	0.02093	0.01466	0.01445	0.00407	0.06775	0.01234	0.00566	0.01259
23	0.01866	0.01125	0.01206	0.01257	0.01539	0.01068	0.00954	0.02311	0.02495	0.03820	0.06309	0.12069	0.16182	0.02153	0.01094	0.00346	0.00615	0.05605	0.36941	0.01043
24	0.02695	0.12398	0.12169	0.07729	0.08483	0.02767	0.06588	0.08798	0.02715	0.03693	0.02416	0.03492	0.02129	0.11598	0.01939	0.00469	0.01382	0.01060	0.00652	0.06827
25	0.02541	0.01656	0.02326	0.02459	0.06982	0.01782	0.01733	0.02930	0.02408	0.11598	0.04224	0.19125	0.04168	0.02895	0.06599	0.00555	0.10472	0.05083	0.09165	0.01296
26	0.02230	0.01889	0.02241	0.01696	0.02572	0.01491	0.01347	0.02716	0.02362	0.03597	0.03004	0.03413	0.05982	0.02034	0.07734	0.00407	0.01126	0.00906	0.00713	0.52539
27	0.02676	0.03620	0.14610	0.04636	0.05903	0.02901	0.40384	0.03718	0.02697	0.03718	0.02308	0.03023	0.01716	0.01001	0.01328	0.00388	0.01920	0.01287	0.00572	0.01594
28	0.01888	0.01365	0.01924	0.01859	0.02034	0.01624	0.01449	0.02228	0.01924	0.02930	0.02936	0.04187	0.02671	0.06250	0.34932	0.06745	0.09369	0.01170	0.11483	0.01032
29	0.01417	0.01012	0.01350	0.01619	0.01687	0.00945	0.01080	0.01619	0.02227	0.02969	0.06410	0.58367	0.07692	0.03644	0.01484	0.00472	0.00675	0.03306	0.01080	0.00945
30	0.02117	0.01235	0.01711	0.01760	0.02003	0.01205	0.01282	0.02417	0.02318	0.11228	0.05249	0.35268	0.05642	0.04594	0.15215	0.00817	0.01362	0.02413	0.01021	0.01142
31	0.01417	0.01012	0.01350	0.01619	0.01687	0.00945	0.01080	0.01619	0.02227	0.02969	0.06410	0.58367	0.07692	0.03644	0.01484	0.00472	0.00675	0.03306	0.01080	0.00945
32	0.10730	0.02003	0.02611	0.02021	0.02905	0.01789	0.01669	0.05468	0.03209	0.48466	0.04325	0.03775	0.02735	0.01408	0.01130	0.00360	0.00982	0.01122	0.01376	0.01915
33	0.02187	0.02489	0.09598	0.35693	0.10766	0.02367	0.03041	0.02989	0.02535	0.03425	0.10323	0.03934	0.03147	0.01347	0.01189	0.00377	0.01388	0.01191	0.00647	0.01366
34	0.02749	0.02420	0.10630	0.02107	0.02837	0.01840	0.01954	0.03893	0.11617	0.14521	0.16952	0.06458	0.09374	0.01943	0.01271	0.00388	0.00959	0.05444	0.01128	0.01514
35	0.01564	0.01040	0.01324	0.01515	0.01636	0.00982	0.01037	0.01855	0.02360	0.03354	0.10103	0.44738	0.07205	0.03144	0.01362	0.00429	0.00641	0.02823	0.11906	0.00982
36	0.01417	0.01012	0.01350	0.01619	0.01687	0.00945	0.01080	0.01619	0.02227	0.02969	0.06410	0.58367	0.07692	0.03644	0.01484	0.00472	0.00675	0.03306	0.01080	0.00945
37	0.07465	0.01240	0.01544	0.01628	0.01866	0.01186	0.01158	0.02256	0.02489	0.08190	0.13340	0.40013	0.07232	0.03002	0.01370	0.00434	0.00703	0.02672	0.01117	0.01096
38	0.04005	0.22733	0.03987	0.02244	0.03113	0.16042	0.01910	0.04397	0.02902	0.18254	0.02621	0.02621	0.01943	0.01171	0.00964	0.00289	0.01345	0.00829	0.00832	0.07797
39	0.03158	0.02418	0.03093	0.11973	0.08130	0.02363	0.02126	0.14503	0.03261	0.08721	0.02475	0.02800	0.01866	0.01112	0.01041	0.00285	0.01142	0.00910	0.00832	0.27793
40	0.01843	0.01338	0.01853	0.02389	0.09966	0.01305	0.01387	0.02156	0.02248	0.03238	0.04776	0.30917	0.05288	0.11940	0.02038	0.00523	0.00844	0.02257	0.12614	0.01081
41	0.09246	0.03273	0.12587	0.03238	0.04227	0.06660	0.18079	0.03835	0.02703	0.12222	0.03097	0.09989	0.02593	0.01448	0.01216	0.00382	0.01496	0.01373	0.00796	0.01539

[dist]
# distance from previous block
# <min> <max>
21	71

[block]
# block no. 4 follows, 10 sequences, length 40
# corresponding to MSA columns:
# 436-475
name=unknown_E
#
# <colnr> <probs for GDERKNQSTAVLIFYWHMCP>
#	G	D	E	R	K	N	Q	S	T	A	V	L	I	F	Y	W	H	M	C	P
0	0.08879	0.07972	0.09323	0.02854	0.09523	0.02539	0.02231	0.09061	0.07048	0.12173	0.03237	0.09331	0.02716	0.01488	0.01093	0.00348	0.01128	0.01223	0.00901	0.06933
1	0.09005	0.03083	0.15064	0.02571	0.03589	0.02220	0.07533	0.07828	0.03055	0.18531	0.07842	0.04269	0.07288	0.01486	0.01173	0.00368	0.01222	0.01255	0.00979	0.01641
2	0.02505	0.02068	0.02808	0.17129	0.04047	0.02346	0.02080	0.08541	0.02486	0.03458	0.02260	0.03450	0.02019	0.08794	0.02562	0.08166	0.11041	0.01051	0.00653	0.12535
3	0.02200	0.11906	0.02818	0.01853	0.02407	0.02126	0.01512	0.02616	0.02515	0.03567	0.14872	0.12912	0.04924	0.01856	0.01434	0.00324	0.07757	0.01492	0.00843	0.20066
4	0.02650	0.01697	0.02128	0.01715	0.02398	0.01389	0.01324	0.03003	0.02555	0.12202	0.09087	0.10074	0.03796	0.01845	0.01483	0.07998	0.00841	0.01289	0.00918	0.31606
5	0.02732	0.01985	0.02227	0.01908	0.02487	0.02047	0.01525	0.14647	0.09653	0.05103	0.13725	0.05411	0.04673	0.01717	0.01145	0.00339	0.00866	0.05045	0.13801	0.08963
6	0.02085	0.01278	0.01761	0.08293	0.02431	0.01368	0.01325	0.02303	0.05853	0.02868	0.02964	0.08691	0.02776	0.02971	0.02912	0.34976	0.00956	0.01261	0.12073	0.00855
7	0.02974	0.09021	0.02675	0.01930	0.02562	0.02170	0.01542	0.07383	0.11029	0.12583	0.04193	0.16997	0.03816	0.01877	0.01133	0.00350	0.00904	0.01583	0.06180	0.09098
8	0.02020	0.01010	0.01515	0.01515	0.01515	0.01010	0.01010	0.01515	0.01515	0.02020	0.02020	0.03535	0.02020	0.04040	0.04545	0.66162	0.01010	0.01010	0.00505	0.00505
9	0.01922	0.01045	0.01441	0.01441	0.01441	0.01045	0.00919	0.01568	0.01568	0.02091	0.02513	0.04757	0.02682	0.20545	0.04957	0.46676	0.01045	0.01214	0.00565	0.00565
10	0.05113	0.02148	0.02803	0.02149	0.03053	0.01960	0.01775	0.11248	0.03611	0.46698	0.04352	0.03805	0.02760	0.01434	0.01169	0.00358	0.01028	0.01153	0.01403	0.01979
11	0.03520	0.01805	0.02283	0.01991	0.02554	0.01726	0.01538	0.11386	0.03250	0.24382	0.05023	0.26074	0.04696	0.02336	0.01298	0.00404	0.00911	0.02025	0.01244	0.01555
12	0.02196	0.02067	0.03488	0.56331	0.08010	0.02584	0.03230	0.02972	0.02326	0.02972	0.02067	0.03101	0.01550	0.01163	0.01163	0.00388	0.01550	0.01034	0.00517	0.01292
13	0.03229	0.01580	0.01970	0.01682	0.02226	0.01488	0.01327	0.03989	0.07340	0.22661	0.18034	0.05465	0.05328	0.01706	0.01144	0.00343	0.00747	0.01435	0.16813	0.01494
14	0.03167	0.01873	0.02360	0.02028	0.02546	0.01933	0.01601	0.07555	0.09351	0.18931	0.17380	0.11403	0.05580	0.02025	0.01505	0.00392	0.05954	0.01672	0.01212	0.01531
15	0.01930	0.01230	0.01549	0.01594	0.01896	0.01110	0.01196	0.02270	0.02661	0.09058	0.13518	0.27602	0.19132	0.02984	0.01418	0.00431	0.00718	0.07447	0.01147	0.01109
16	0.02891	0.01780	0.02157	0.01940	0.02433	0.01794	0.01485	0.08841	0.11426	0.14827	0.14223	0.20771	0.05912	0.02291	0.01304	0.00399	0.00831	0.01993	0.01225	0.01476
17	0.02641	0.02830	0.05153	0.03944	0.04511	0.03263	0.24283	0.03246	0.02246	0.03246	0.01925	0.02830	0.01641	0.01527	0.02639	0.00453	0.30472	0.01189	0.00547	0.01415
18	0.02745	0.03137	0.06863	0.04902	0.06078	0.02941	0.47647	0.03725	0.02745	0.03725	0.02353	0.03137	0.01765	0.00980	0.01373	0.00392	0.01961	0.01373	0.00588	0.01569
19	0.02283	0.02186	0.03507	0.43062	0.06776	0.02828	0.03059	0.02929	0.02190	0.02929	0.01933	0.02962	0.01544	0.01380	0.01824	0.00418	0.15359	0.01030	0.00515	0.01287
20	0.02162	0.01267	0.01638	0.01585	0.01915	0.01139	0.01171	0.02544	0.02857	0.12348	0.22791	0.24852	0.13778	0.02712	0.01374	0.00404	0.00674	0.02389	0.01215	0.01186
21	0.01417	0.01012	0.01350	0.01619	0.01687	0.00945	0.01080	0.01619	0.02227	0.02969	0.06410	0.58367	0.07692	0.03644	0.01484	0.00472	0.00675	0.03306	0.01080	0.00945
22	0.04084	0.02924	0.08786	0.02390	0.03289	0.02610	0.02115	0.24047	0.03990	0.20238	0.03370	0.03707	0.02474	0.08509	0.01746	0.00451	0.01223	0.01142	0.01113	0.01791
23	0.67341	0.02249	0.01709	0.01529	0.02249	0.02609	0.01260	0.03419	0.01979	0.05218	0.01619	0.01889	0.01260	0.01080	0.00720	0.00360	0.00900	0.00630	0.00720	0.01260
24	0.02396	0.02382	0.03468	0.36316	0.06326	0.06942	0.06651	0.03070	0.02450	0.03121	0.02423	0.07446	0.02086	0.01317	0.01162	0.00362	0.01483	0.01184	0.00596	0.08817
25	0.04325	0.03016	0.03292	0.02567	0.03461	0.03299	0.02107	0.37923	0.10695	0.12279	0.03240	0.03119	0.02277	0.01424	0.01167	0.00356	0.01202	0.01094	0.01198	0.01961
26	0.03174	0.02047	0.02549	0.02028	0.02759	0.01951	0.01633	0.04010	0.08945	0.17466	0.09132	0.03885	0.03404	0.01441	0.01399	0.00317	0.07445	0.01118	0.01014	0.24284
27	0.08829	0.02681	0.02837	0.02374	0.03144	0.03005	0.01902	0.19351	0.27939	0.09489	0.03844	0.03612	0.02805	0.01468	0.01138	0.00374	0.01040	0.01161	0.01160	0.01848
28	0.01417	0.01012	0.01350	0.01619	0.01687	0.00945	0.01080	0.01619	0.02227	0.02969	0.06410	0.58367	0.07692	0.03644	0.01484	0.00472	0.00675	0.03306	0.01080	0.00945
29	0.02066	0.01928	0.03347	0.36747	0.06212	0.02217	0.07840	0.02722	0.02350	0.03058	0.03182	0.16869	0.03105	0.01760	0.01267	0.00409	0.01380	0.01639	0.00665	0.01238
30	0.15277	0.02636	0.03159	0.07789	0.09596	0.02826	0.02196	0.21452	0.03759	0.15872	0.02831	0.02923	0.01989	0.01284	0.01085	0.00356	0.01188	0.00997	0.01013	0.01772
31	0.10095	0.02855	0.13258	0.09703	0.04087	0.02249	0.07947	0.06901	0.02689	0.08221	0.03434	0.16830	0.03230	0.01789	0.01207	0.00397	0.01267	0.01580	0.00821	0.01440
32	0.02351	0.01430	0.01757	0.01745	0.02049	0.01402	0.01270	0.08343	0.02810	0.09539	0.05396	0.37987	0.05793	0.02806	0.01322	0.00418	0.00775	0.02483	0.09103	0.01219
33	0.02220	0.01675	0.02130	0.09079	0.02968	0.01781	0.01627	0.12605	0.02995	0.03986	0.04994	0.38128	0.05551	0.02793	0.01367	0.00432	0.00931	0.02480	0.01025	0.01231
34	0.43595	0.02293	0.02863	0.02327	0.03067	0.02467	0.12047	0.03253	0.02190	0.04574	0.02422	0.09627	0.02225	0.01395	0.00973	0.00382	0.01117	0.01156	0.00737	0.01290
35	0.01642	0.01156	0.01422	0.01589	0.01716	0.01142	0.01072	0.02107	0.06131	0.03163	0.05693	0.42677	0.06490	0.10119	0.01946	0.00528	0.00739	0.02739	0.06926	0.01002
36	0.01985	0.02033	0.06288	0.02209	0.02454	0.02087	0.01873	0.02350	0.02212	0.03096	0.08277	0.13264	0.09884	0.09499	0.02812	0.00547	0.20574	0.06632	0.00802	0.01123
37	0.04284	0.02690	0.07191	0.02495	0.03505	0.02294	0.05738	0.14475	0.03583	0.29006	0.03514	0.03333	0.02341	0.01299	0.01144	0.00339	0.01177	0.01078	0.01146	0.09369
38	0.02410	0.01907	0.03314	0.09298	0.03860	0.01869	0.13044	0.02967	0.02448	0.09000	0.03730	0.17559	0.03584	0.03092	0.10667	0.00651	0.01583	0.01725	0.00819	0.06473
39	0.02874	0.01944	0.02085	0.01914	0.02392	0.06192	0.01451	0.03746	0.11082	0.15478	0.12979	0.18813	0.09662	0.02276	0.01290	0.00392	0.00890	0.01954	0.01174	0.01412

[dist]
# distance from previous block
# <min> <max>
13	47

[block]
# block no. 5 follows, 10 sequences, length 60
# corresponding to MSA columns:
# 535-556,561-587,595-605
name=unknown_F
#
# <colnr> <probs for GDERKNQSTAVLIFYWHMCP>
#	G	D	E	R	K	N	Q	S	T	A	V	L	I	F	Y	W	H	M	C	P
0	0.02859	0.02363	0.08216	0.13843	0.04276	0.02071	0.07860	0.03756	0.06799	0.14111	0.03758	0.12531	0.03175	0.01656	0.01207	0.00384	0.01205	0.01490	0.06950	0.01490
1	0.03042	0.22195	0.22680	0.02564	0.03758	0.03223	0.02794	0.04312	0.10994	0.09690	0.02720	0.02790	0.02026	0.01196	0.01012	0.00333	0.01332	0.00903	0.00735	0.01700
2	0.03572	0.22330	0.03870	0.08848	0.03506	0.07401	0.01969	0.03993	0.02732	0.18693	0.03211	0.09500	0.02687	0.01494	0.01049	0.00333	0.01208	0.01182	0.00879	0.01544
3	0.09433	0.02405	0.03370	0.02646	0.03399	0.02513	0.09329	0.09869	0.09016	0.19230	0.07651	0.03821	0.03113	0.01490	0.01455	0.00384	0.06918	0.01226	0.01058	0.01677
4	0.02429	0.01625	0.02148	0.08634	0.02966	0.01678	0.01657	0.08242	0.02915	0.09678	0.09393	0.19539	0.09431	0.03096	0.06838	0.00566	0.01165	0.05687	0.01034	0.01280
5	0.01868	0.01162	0.01522	0.01661	0.01816	0.01097	0.01167	0.02097	0.02284	0.07391	0.05709	0.38470	0.06496	0.13590	0.02287	0.00591	0.00836	0.07906	0.01042	0.01010
6	0.11050	0.03441	0.18626	0.02776	0.03873	0.02422	0.08211	0.07994	0.02867	0.16488	0.02866	0.03101	0.02033	0.01985	0.06634	0.00522	0.01571	0.01031	0.00845	0.01664
7	0.18892	0.02388	0.02693	0.02114	0.02982	0.02427	0.01745	0.16686	0.03609	0.29722	0.03436	0.03178	0.02272	0.01347	0.01067	0.00357	0.01049	0.01016	0.01203	0.01818
8	0.13526	0.01737	0.02064	0.01905	0.02446	0.01750	0.01566	0.03733	0.07721	0.16427	0.14286	0.07156	0.05417	0.02077	0.01259	0.00413	0.00898	0.13044	0.01160	0.01414
9	0.03899	0.01765	0.02273	0.01912	0.02545	0.01629	0.01508	0.08192	0.03160	0.31398	0.04791	0.17232	0.03988	0.01967	0.01209	0.00377	0.00892	0.01674	0.07956	0.01633
10	0.02212	0.01862	0.02552	0.12160	0.03424	0.02219	0.01975	0.07950	0.02541	0.03473	0.03965	0.27603	0.04340	0.02513	0.01956	0.00450	0.14696	0.02046	0.00847	0.01218
11	0.01470	0.01070	0.01397	0.01639	0.01765	0.00998	0.01159	0.01723	0.02327	0.03051	0.06934	0.47838	0.12085	0.03518	0.01488	0.00472	0.00715	0.08307	0.01079	0.00964
12	0.02333	0.06016	0.53100	0.03315	0.05034	0.02701	0.04297	0.03683	0.02455	0.03683	0.02087	0.02455	0.01473	0.01105	0.01105	0.00368	0.01719	0.00859	0.00491	0.01719
13	0.03703	0.01943	0.02391	0.02048	0.02742	0.01896	0.01662	0.04916	0.15807	0.27559	0.05715	0.06067	0.09582	0.01879	0.01251	0.00395	0.00931	0.06525	0.01281	0.01708
14	0.12513	0.02177	0.02578	0.02028	0.02852	0.02131	0.01667	0.13314	0.03492	0.33465	0.03797	0.03510	0.02512	0.01378	0.01079	0.00349	0.00993	0.01071	0.07288	0.01806
15	0.01890	0.01133	0.01518	0.01675	0.01847	0.01040	0.01158	0.02123	0.02364	0.09158	0.06183	0.51593	0.07093	0.03369	0.01445	0.00458	0.00714	0.03040	0.01124	0.01073
16	0.01817	0.01304	0.01828	0.08610	0.02771	0.01349	0.01686	0.02287	0.02475	0.03372	0.05437	0.23905	0.05896	0.02859	0.01421	0.00467	0.00952	0.21738	0.08762	0.01064
17	0.02505	0.11936	0.35499	0.03308	0.04657	0.03074	0.09003	0.03553	0.02395	0.03460	0.01991	0.02475	0.01517	0.01193	0.01431	0.00374	0.08595	0.00911	0.00506	0.01617
18	0.02484	0.02030	0.02793	0.02490	0.02677	0.02587	0.02013	0.03023	0.05659	0.07322	0.02887	0.08516	0.02715	0.03738	0.15595	0.00817	0.29316	0.01324	0.00724	0.01290
19	0.02896	0.10487	0.18053	0.03000	0.03982	0.02715	0.10948	0.03634	0.02529	0.11429	0.02938	0.09489	0.02515	0.01545	0.01505	0.00386	0.08365	0.01289	0.00739	0.01557
20	0.01669	0.01201	0.01640	0.01628	0.01779	0.01306	0.01172	0.01969	0.01990	0.02804	0.09283	0.06045	0.04330	0.23899	0.32507	0.01447	0.02166	0.01494	0.00731	0.00940
21	0.67341	0.02249	0.01709	0.01529	0.02249	0.02609	0.01260	0.03419	0.01979	0.05218	0.01619	0.01889	0.01260	0.01080	0.00720	0.00360	0.00900	0.00630	0.00720	0.01260
22	0.02192	0.02027	0.02930	0.09232	0.03295	0.02669	0.02213	0.02581	0.02027	0.02989	0.07124	0.03745	0.02845	0.03602	0.15664	0.00813	0.31049	0.01188	0.00618	0.01199
23	0.02232	0.07619	0.02367	0.01803	0.02261	0.01939	0.01455	0.07122	0.09152	0.04635	0.31833	0.07277	0.07851	0.02116	0.01285	0.00371	0.00781	0.05430	0.01158	0.01311
24	0.03147	0.37058	0.19270	0.02383	0.03576	0.03692	0.02622	0.03813	0.02510	0.09228	0.02123	0.02297	0.01660	0.01082	0.00903	0.00297	0.01350	0.00759	0.00613	0.01619
25	0.04060	0.09928	0.03989	0.02669	0.03640	0.03095	0.07691	0.24666	0.04062	0.15465	0.02909	0.02933	0.02059	0.01262	0.01116	0.00331	0.01268	0.01033	0.01030	0.06793
26	0.12688	0.02012	0.02580	0.02004	0.02882	0.01818	0.01655	0.05398	0.03167	0.46970	0.04231	0.03710	0.02684	0.01396	0.01116	0.00360	0.00979	0.01105	0.01353	0.01893
27	0.02785	0.02533	0.09477	0.20243	0.14503	0.02273	0.02837	0.03491	0.02500	0.11933	0.02731	0.03397	0.02083	0.02569	0.10962	0.00644	0.01726	0.01075	0.00708	0.01531
28	0.11074	0.02037	0.03102	0.07602	0.09486	0.02039	0.07404	0.03646	0.02760	0.16426	0.11856	0.04324	0.03788	0.02190	0.06686	0.00521	0.01332	0.01278	0.00945	0.01504
29	0.01665	0.01292	0.01799	0.01915	0.02028	0.01426	0.01439	0.01960	0.02153	0.02956	0.05086	0.34578	0.05805	0.04446	0.12817	0.00775	0.08244	0.07682	0.00913	0.01021
30	0.01792	0.01534	0.02476	0.02289	0.02613	0.01484	0.09707	0.02410	0.06528	0.03276	0.05516	0.43434	0.06236	0.02971	0.01437	0.00451	0.00933	0.02775	0.00998	0.01139
31	0.02368	0.03204	0.16132	0.18458	0.14345	0.02582	0.06650	0.03213	0.02521	0.03554	0.07985	0.03523	0.02735	0.01333	0.01420	0.00383	0.06333	0.01144	0.00618	0.01500
32	0.15019	0.01964	0.02680	0.22945	0.04639	0.02138	0.02140	0.03775	0.02687	0.18671	0.08895	0.03836	0.03077	0.01383	0.01110	0.00371	0.01136	0.01134	0.00929	0.01470
33	0.05087	0.02189	0.02829	0.02169	0.03074	0.02021	0.01792	0.12624	0.03680	0.45224	0.04293	0.03767	0.02731	0.01432	0.01169	0.00358	0.01037	0.01149	0.01394	0.01979
34	0.49259	0.02253	0.02203	0.02208	0.07510	0.02460	0.01581	0.03848	0.02297	0.13796	0.02224	0.02372	0.01617	0.01141	0.00847	0.00358	0.00966	0.00771	0.00837	0.01452
35	0.11489	0.18266	0.08865	0.03122	0.09592	0.03145	0.07764	0.08079	0.02867	0.12707	0.02458	0.02660	0.01830	0.01136	0.01015	0.00332	0.01305	0.00923	0.00775	0.01669
36	0.02876	0.01684	0.02363	0.02468	0.08515	0.01529	0.01695	0.03367	0.02936	0.17676	0.16506	0.12778	0.05789	0.02066	0.01283	0.00378	0.00884	0.06771	0.01134	0.07300
37	0.01434	0.01052	0.01312	0.01509	0.01628	0.00968	0.01011	0.01635	0.02254	0.02935	0.07122	0.45343	0.15193	0.08536	0.01866	0.00517	0.00700	0.03008	0.01046	0.00930
38	0.61845	0.02225	0.01797	0.01577	0.02313	0.02529	0.01299	0.03618	0.02099	0.09417	0.01882	0.02072	0.01403	0.01111	0.00760	0.00360	0.00908	0.00678	0.00783	0.01323
39	0.02074	0.01349	0.01594	0.01577	0.01862	0.01319	0.01123	0.02727	0.08339	0.07895	0.10661	0.22576	0.11555	0.11886	0.02063	0.00521	0.00773	0.02173	0.06791	0.01143
40	0.02711	0.03666	0.21704	0.17032	0.09464	0.02626	0.03252	0.04149	0.11680	0.08074	0.02825	0.03158	0.02053	0.01235	0.01145	0.00376	0.01426	0.01036	0.00723	0.01667
41	0.02338	0.02034	0.02582	0.02168	0.02562	0.02289	0.01753	0.06520	0.02695	0.03892	0.15208	0.04966	0.09116	0.01928	0.02140	0.00381	0.21148	0.01375	0.00853	0.14053
42	0.02815	0.10192	0.36853	0.03226	0.04710	0.02784	0.08971	0.03918	0.02591	0.09720	0.02388	0.02670	0.01686	0.01122	0.01112	0.00359	0.01612	0.00938	0.00622	0.01712
43	0.01609	0.01262	0.01711	0.02075	0.06863	0.01172	0.01305	0.01954	0.02577	0.03451	0.16595	0.33288	0.15827	0.02974	0.01406	0.00422	0.00705	0.02657	0.01071	0.01077
44	0.09092	0.02815	0.02708	0.02339	0.03024	0.07684	0.01844	0.14972	0.26797	0.05253	0.07936	0.03948	0.03463	0.01528	0.01141	0.00370	0.01077	0.01210	0.01091	0.01706
45	0.67341	0.02249	0.01709	0.01529	0.02249	0.02609	0.01260	0.03419	0.01979	0.05218	0.01619	0.01889	0.01260	0.01080	0.00720	0.00360	0.00900	0.00630	0.00720	0.01260
46	0.04535	0.02432	0.07246	0.02203	0.03124	0.01981	0.01950	0.10462	0.03514	0.38245	0.08358	0.04105	0.03371	0.01489	0.01181	0.00360	0.01052	0.01211	0.01305	0.01876
47	0.01743	0.01245	0.01723	0.01992	0.02202	0.01226	0.01646	0.02183	0.02548	0.03334	0.06230	0.26114	0.06980	0.03337	0.01571	0.00517	0.00957	0.32344	0.01073	0.01035
48	0.67341	0.02249	0.01709	0.01529	0.02249	0.02609	0.01260	0.03419	0.01979	0.05218	0.01619	0.01889	0.01260	0.01080	0.00720	0.00360	0.00900	0.00630	0.00720	0.01260
49	0.01961	0.01580	0.02370	0.02936	0.14042	0.01614	0.01736	0.02408	0.02439	0.03457	0.16892	0.05888	0.05213	0.14017	0.17393	0.00929	0.01593	0.01522	0.00816	0.01193
50	0.02196	0.02067	0.03488	0.56331	0.08010	0.02584	0.03230	0.02972	0.02326	0.02972	0.02067	0.03101	0.01550	0.01163	0.01163	0.00388	0.01550	0.01034	0.00517	0.01292
51	0.02893	0.02498	0.02630	0.02367	0.03024	0.02893	0.01841	0.06180	0.49770	0.04865	0.04734	0.04339	0.03550	0.01578	0.01183	0.00394	0.00920	0.01315	0.01183	0.01841
52	0.01520	0.01184	0.01379	0.01330	0.01660	0.01044	0.00998	0.01950	0.02993	0.03955	0.32863	0.09855	0.29811	0.02642	0.01373	0.00378	0.00568	0.02267	0.01187	0.01044
53	0.02545	0.02545	0.03562	0.03053	0.03053	0.03562	0.02545	0.02799	0.01781	0.02799	0.01527	0.02545	0.01527	0.02036	0.03817	0.00509	0.56997	0.01018	0.00509	0.01272
54	0.02745	0.03137	0.06863	0.04902	0.06078	0.02941	0.47647	0.03725	0.02745	0.03725	0.02353	0.03137	0.01765	0.00980	0.01373	0.00392	0.01961	0.01373	0.00588	0.01569
55	0.02376	0.02382	0.04397	0.03770	0.10035	0.02286	0.22466	0.03354	0.07086	0.03968	0.14117	0.05367	0.09869	0.01576	0.01328	0.00381	0.01328	0.01612	0.00847	0.01456
56	0.02982	0.50982	0.13820	0.02208	0.03322	0.04290	0.02369	0.03516	0.02378	0.02892	0.01694	0.01963	0.01489	0.01013	0.00805	0.00268	0.01322	0.00661	0.00496	0.01530
57	0.04881	0.01990	0.02665	0.02028	0.02943	0.01690	0.01670	0.05339	0.03219	0.46798	0.04285	0.03773	0.02740	0.01370	0.01133	0.00337	0.00974	0.01112	0.01349	0.09706
58	0.02712	0.02484	0.04214	0.10752	0.41756	0.02529	0.03221	0.03261	0.02479	0.03506	0.02156	0.02980	0.01839	0.01421	0.01575	0.08543	0.01350	0.01033	0.00562	0.01628
59	0.12542	0.02247	0.02726	0.02116	0.03000	0.02166	0.01747	0.13178	0.03560	0.38634	0.03901	0.03495	0.02519	0.01388	0.01114	0.00358	0.01032	0.01082	0.01302	0.01893

[dist]
# distance from previous block
# <min> <max>
0	7

[block]
# block no. 6 follows, 10 sequences, length 10
# corresponding to MSA columns:
# 614-623
name=unknown_G
#
# <colnr> <probs for GDERKNQSTAVLIFYWHMCP>
#	G	D	E	R	K	N	Q	S	T	A	V	L	I	F	Y	W	H	M	C	P
0	0.02745	0.03137	0.06863	0.04902	0.06078	0.02941	0.47647	0.03725	0.02745	0.03725	0.02353	0.03137	0.01765	0.00980	0.01373	0.00392	0.01961	0.01373	0.00588	0.01569
1	0.01506	0.01076	0.01451	0.01721	0.01827	0.01021	0.01234	0.01773	0.02314	0.03068	0.06361	0.49578	0.07498	0.03560	0.01508	0.00485	0.00752	0.11219	0.01078	0.00969
2	0.01599	0.01152	0.01512	0.01495	0.01727	0.01066	0.01094	0.02076	0.03072	0.04314	0.42005	0.18937	0.10297	0.02639	0.01395	0.00388	0.00575	0.02352	0.01239	0.01066
3	0.01534	0.01102	0.01454	0.01540	0.01713	0.01023	0.01089	0.01913	0.02770	0.03834	0.29286	0.33027	0.09366	0.02998	0.01427	0.00418	0.00610	0.02693	0.01182	0.01023
4	0.03483	0.02784	0.03234	0.14093	0.12180	0.11363	0.02396	0.08892	0.03242	0.14066	0.09363	0.03795	0.03200	0.01397	0.01171	0.00352	0.01334	0.01160	0.00909	0.01586
5	0.02794	0.01584	0.02015	0.01753	0.02251	0.01510	0.01367	0.03690	0.09652	0.17837	0.32124	0.06799	0.07743	0.02012	0.01291	0.00368	0.00720	0.01740	0.01311	0.01440
6	0.03469	0.09450	0.12855	0.07698	0.03842	0.02626	0.02402	0.10269	0.07675	0.17710	0.03894	0.03832	0.06334	0.01431	0.01126	0.00356	0.01214	0.01140	0.00967	0.01709
7	0.02101	0.02065	0.08999	0.17550	0.03932	0.01756	0.02132	0.02791	0.02417	0.03637	0.03553	0.09371	0.03186	0.01672	0.01102	0.00365	0.01066	0.06077	0.25011	0.01217
8	0.03336	0.18849	0.10187	0.03199	0.08466	0.03547	0.07363	0.17348	0.08441	0.04675	0.02494	0.02712	0.01920	0.01194	0.01067	0.00333	0.01364	0.00973	0.00790	0.01745
9	0.17365	0.02531	0.07337	0.06591	0.03341	0.02277	0.01951	0.11113	0.02980	0.13627	0.03158	0.10357	0.02657	0.01537	0.01073	0.00356	0.01080	0.01229	0.00936	0.08506

[dist]
# distance from previous block
# <min> <max>
1	62

[block]
# block no. 7 follows, 10 sequences, length 20
# corresponding to MSA columns:
# 689-708
name=unknown_H
#
# <colnr> <probs for GDERKNQSTAVLIFYWHMCP>
#	G	D	E	R	K	N	Q	S	T	A	V	L	I	F	Y	W	H	M	C	P
0	0.03693	0.12189	0.17074	0.02461	0.03542	0.06708	0.02489	0.08001	0.03072	0.20307	0.03593	0.03501	0.05575	0.01365	0.01092	0.00342	0.01312	0.01050	0.00920	0.01712
1	0.08027	0.06296	0.03273	0.02401	0.03189	0.02274	0.07601	0.08116	0.06789	0.24469	0.04026	0.11743	0.03235	0.01666	0.01184	0.00375	0.01099	0.01446	0.01116	0.01676
2	0.08346	0.02266	0.03006	0.13070	0.07832	0.02262	0.02138	0.10160	0.03130	0.21831	0.03052	0.03155	0.02117	0.01231	0.01085	0.00333	0.01143	0.01002	0.00984	0.11856
3	0.04273	0.02804	0.03156	0.02400	0.03340	0.02888	0.01975	0.32092	0.04542	0.16242	0.03054	0.02976	0.02126	0.01321	0.01117	0.00324	0.01154	0.01017	0.01147	0.12052
4	0.14126	0.02694	0.03258	0.02535	0.03414	0.08190	0.08076	0.08520	0.03221	0.29224	0.03360	0.03221	0.02246	0.01291	0.01115	0.00357	0.01261	0.01057	0.01094	0.01742
5	0.03801	0.12270	0.17155	0.02754	0.03922	0.02586	0.08385	0.04547	0.02870	0.25503	0.03169	0.03125	0.02144	0.01222	0.01112	0.00349	0.01349	0.01028	0.00930	0.01781
6	0.18626	0.02259	0.03057	0.03002	0.08671	0.02377	0.07891	0.10107	0.02948	0.04580	0.03567	0.06275	0.03425	0.01866	0.01236	0.00423	0.01212	0.16185	0.00880	0.01412
7	0.13274	0.02788	0.02491	0.02152	0.02796	0.13069	0.01689	0.08046	0.10571	0.13736	0.13170	0.04205	0.04064	0.01549	0.01120	0.00353	0.01129	0.01207	0.01058	0.01533
8	0.02368	0.11560	0.09459	0.21519	0.05092	0.02599	0.06810	0.03097	0.02524	0.03430	0.08391	0.03456	0.02798	0.01224	0.01092	0.00329	0.01326	0.01068	0.00643	0.11216
