[name]
unknown

[dist]
# distance from previous block
# <min> <max>
0	1

[block]
# block no. 0 follows, 12 sequences, length 16
# corresponding to MSA columns:
# 1-16
name=unknown_A
#
# <colnr> <probs for GDERKNQSTAVLIFYWHMCP>
#	G	D	E	R	K	N	Q	S	T	A	V	L	I	F	Y	W	H	M	C	P
0	0.12358	0.02008	0.02354	0.02039	0.02682	0.02062	0.01715	0.15841	0.03274	0.19937	0.03958	0.05862	0.03400	0.01815	0.01167	0.00386	0.01010	0.15550	0.01085	0.01498
1	0.02915	0.62337	0.05714	0.01866	0.02799	0.04314	0.01866	0.03265	0.02215	0.02565	0.01516	0.01749	0.01399	0.00933	0.00700	0.00233	0.01166	0.00583	0.00466	0.01399
2	0.02196	0.01264	0.01556	0.01397	0.01780	0.01125	0.01051	0.02562	0.02744	0.14712	0.25246	0.07733	0.20340	0.09345	0.01759	0.00435	0.00679	0.01830	0.01114	0.01132
3	0.02600	0.02490	0.04248	0.14770	0.47572	0.02565	0.03297	0.03260	0.02436	0.03442	0.02034	0.02731	0.01685	0.00990	0.01081	0.00330	0.01320	0.00971	0.00531	0.01648
4	0.02915	0.62337	0.05714	0.01866	0.02799	0.04314	0.01866	0.03265	0.02215	0.02565	0.01516	0.01749	0.01399	0.00933	0.00700	0.00233	0.01166	0.00583	0.00466	0.01399
5	0.01345	0.01123	0.01183	0.01213	0.01567	0.00961	0.00940	0.01648	0.02488	0.02984	0.10411	0.10711	0.48641	0.02792	0.01315	0.00384	0.00607	0.07745	0.01011	0.00931
6	0.01390	0.00993	0.01336	0.01589	0.01679	0.00939	0.01119	0.01625	0.02148	0.02852	0.05976	0.53963	0.07077	0.03358	0.01408	0.00451	0.00686	0.09497	0.01011	0.00903
7	0.69383	0.02109	0.01603	0.01434	0.02109	0.02446	0.01181	0.03205	0.01856	0.04892	0.01518	0.01771	0.01181	0.01012	0.00675	0.00337	0.00843	0.00590	0.00675	0.01181
8	0.01461	0.01122	0.01343	0.01320	0.01620	0.01005	0.01011	0.01880	0.02801	0.03716	0.33167	0.09420	0.27366	0.02505	0.01306	0.00366	0.00570	0.05926	0.01110	0.00984
9	0.08270	0.02549	0.07243	0.02609	0.10388	0.02118	0.01942	0.11143	0.02748	0.04220	0.02036	0.02347	0.01615	0.00953	0.00903	0.00243	0.01015	0.00759	0.00693	0.36207
10	0.11751	0.01963	0.03030	0.50764	0.06732	0.02426	0.02762	0.02846	0.02133	0.03089	0.01878	0.02743	0.01414	0.01079	0.01030	0.00360	0.01366	0.00914	0.00512	0.01207
11	0.22109	0.07319	0.12253	0.02098	0.03030	0.02590	0.02007	0.11504	0.07405	0.11968	0.02471	0.02524	0.01786	0.01137	0.00918	0.00321	0.01075	0.00827	0.00823	0.05834
12	0.36591	0.02391	0.02112	0.01763	0.02500	0.08711	0.01425	0.03914	0.02409	0.19248	0.02386	0.02404	0.01689	0.01105	0.00847	0.00314	0.01000	0.00756	0.00855	0.07580
13	0.23026	0.01954	0.02080	0.01729	0.02429	0.01946	0.01378	0.07224	0.06155	0.15254	0.03092	0.10444	0.02606	0.01421	0.00951	0.00317	0.00855	0.01122	0.00921	0.15096
14	0.13354	0.02844	0.07467	0.02152	0.03002	0.08823	0.01874	0.10450	0.07270	0.22735	0.02992	0.02875	0.02068	0.01211	0.00996	0.00320	0.01124	0.00913	0.00970	0.06562
15	0.17208	0.02055	0.02609	0.02005	0.02822	0.01935	0.05984	0.07191	0.02760	0.21429	0.06748	0.03183	0.02575	0.01186	0.00977	0.00301	0.00956	0.00970	0.00952	0.16155

[dist]
# distance from previous block
# <min> <max>
3	9

[block]
# block no. 1 follows, 12 sequences, length 16
# corresponding to MSA columns:
# 26-41
name=unknown_B
#
# <colnr> <probs for GDERKNQSTAVLIFYWHMCP>
#	G	D	E	R	K	N	Q	S	T	A	V	L	I	F	Y	W	H	M	C	P
0	0.08524	0.02952	0.14043	0.11363	0.24346	0.02345	0.02894	0.03355	0.02372	0.07269	0.02118	0.02586	0.01630	0.01012	0.01007	0.00317	0.01258	0.00876	0.00598	0.09134
1	0.03195	0.02336	0.03611	0.04719	0.33264	0.02267	0.02608	0.03990	0.07084	0.16273	0.02798	0.03029	0.02095	0.01094	0.01063	0.00318	0.01127	0.00998	0.00795	0.07335
2	0.02539	0.02621	0.08013	0.04045	0.23470	0.02213	0.06957	0.06356	0.02625	0.03818	0.05257	0.02882	0.02189	0.01022	0.01026	0.00282	0.01169	0.00950	0.00644	0.21921
3	0.02699	0.05704	0.03581	0.09671	0.30831	0.02246	0.02574	0.03245	0.02520	0.10133	0.06473	0.09772	0.03039	0.01395	0.01110	0.00339	0.01124	0.01276	0.00735	0.01531
4	0.02840	0.03372	0.17771	0.04630	0.28593	0.02589	0.03147	0.07976	0.07383	0.07451	0.02450	0.02781	0.01860	0.01091	0.01073	0.00335	0.01306	0.00961	0.00675	0.01716
5	0.02365	0.03423	0.21814	0.03232	0.13983	0.02184	0.02721	0.03401	0.07012	0.03613	0.02199	0.02532	0.01713	0.00984	0.00972	0.00279	0.01197	0.00823	0.00601	0.24952
6	0.03166	0.02386	0.03698	0.15579	0.29251	0.02477	0.02796	0.09793	0.02883	0.13479	0.02519	0.02917	0.01870	0.01108	0.01086	0.00335	0.01246	0.00995	0.00750	0.01666
7	0.01935	0.01970	0.11443	0.01984	0.02453	0.01355	0.01825	0.02430	0.02342	0.07931	0.05050	0.31230	0.05472	0.02679	0.01332	0.00432	0.00943	0.15111	0.00941	0.01140
8	0.02303	0.02143	0.03672	0.04697	0.31720	0.02093	0.07962	0.02937	0.02692	0.03822	0.19335	0.04526	0.04548	0.01381	0.01171	0.00335	0.01099	0.01338	0.00759	0.01467
9	0.02374	0.02214	0.03535	0.24162	0.26457	0.02279	0.02778	0.03014	0.02326	0.03284	0.01986	0.02676	0.01605	0.00977	0.01023	0.00302	0.01243	0.00898	0.00544	0.16322
10	0.02261	0.01938	0.02261	0.01615	0.02584	0.01453	0.01292	0.02745	0.02261	0.03553	0.01938	0.02261	0.01615	0.00807	0.00807	0.00161	0.00807	0.00646	0.00646	0.68346
11	0.02809	0.03293	0.17165	0.05085	0.32287	0.02479	0.07455	0.03608	0.02518	0.09420	0.02296	0.02736	0.01745	0.01026	0.01089	0.00334	0.01379	0.00972	0.00613	0.01691
12	0.69383	0.02109	0.01603	0.01434	0.02109	0.02446	0.01181	0.03205	0.01856	0.04892	0.01518	0.01771	0.01181	0.01012	0.00675	0.00337	0.00843	0.00590	0.00675	0.01181
13	0.01672	0.01197	0.01648	0.01824	0.02060	0.01173	0.01531	0.02150	0.02601	0.03467	0.16559	0.15610	0.07247	0.02873	0.01447	0.00462	0.00863	0.33567	0.01048	0.00999
14	0.03917	0.02968	0.03281	0.02554	0.03314	0.03376	0.02113	0.44957	0.04680	0.06323	0.02464	0.02588	0.01800	0.01386	0.01412	0.00347	0.08762	0.00978	0.01011	0.01769
15	0.02059	0.01938	0.03270	0.59060	0.07510	0.02422	0.03028	0.02786	0.02180	0.02786	0.01938	0.02907	0.01453	0.01090	0.01090	0.00363	0.01453	0.00969	0.00484	0.01211

[dist]
# distance from previous block
# <min> <max>
0	12

[block]
# block no. 2 follows, 12 sequences, length 6
# corresponding to MSA columns:
# 54-59
name=unknown_C
#
# <colnr> <probs for GDERKNQSTAVLIFYWHMCP>
#	G	D	E	R	K	N	Q	S	T	A	V	L	I	F	Y	W	H	M	C	P
0	0.02187	0.05640	0.56031	0.03108	0.04719	0.02532	0.04029	0.03453	0.02302	0.03453	0.01957	0.02302	0.01381	0.01036	0.01036	0.00345	0.01611	0.00806	0.00460	0.01611
1	0.03171	0.01475	0.01979	0.01648	0.02190	0.01308	0.01308	0.03640	0.03103	0.29291	0.29997	0.05990	0.06599	0.01802	0.01194	0.00340	0.00715	0.01546	0.01273	0.01431
2	0.01744	0.01000	0.01308	0.01308	0.01308	0.01000	0.00808	0.01501	0.01501	0.02001	0.02643	0.05172	0.02900	0.31930	0.04888	0.35600	0.01000	0.01257	0.00564	0.00564
3	0.03701	0.02413	0.04536	0.03305	0.04281	0.02196	0.26946	0.04378	0.02840	0.28839	0.03225	0.03315	0.02162	0.01128	0.01194	0.00353	0.01396	0.01194	0.00939	0.01658
4	0.01308	0.01029	0.01183	0.01306	0.01526	0.00904	0.00918	0.01542	0.02292	0.02867	0.08598	0.35030	0.31480	0.03080	0.01339	0.00404	0.00591	0.02689	0.01012	0.00904
5	0.02076	0.01593	0.01854	0.01801	0.02134	0.01683	0.01330	0.09509	0.14648	0.03992	0.11875	0.32093	0.05978	0.02501	0.01269	0.00396	0.00749	0.02208	0.01072	0.01238

[dist]
# distance from previous block
# <min> <max>
0	1

[block]
# block no. 3 follows, 12 sequences, length 6
# corresponding to MSA columns:
# 61-66
name=unknown_D
#
# <colnr> <probs for GDERKNQSTAVLIFYWHMCP>
#	G	D	E	R	K	N	Q	S	T	A	V	L	I	F	Y	W	H	M	C	P
0	0.37721	0.16506	0.02980	0.01800	0.02584	0.03115	0.01561	0.15022	0.02744	0.04831	0.01788	0.01974	0.01398	0.01066	0.00783	0.00310	0.01007	0.00685	0.00728	0.01398
1	0.14068	0.06422	0.02954	0.25160	0.04672	0.09795	0.02207	0.03721	0.07532	0.09947	0.02358	0.02735	0.01746	0.01143	0.00983	0.00337	0.01274	0.00888	0.00698	0.01359
2	0.09872	0.03357	0.13256	0.03270	0.04334	0.02912	0.20316	0.20615	0.03372	0.04843	0.02241	0.02597	0.01631	0.01089	0.01111	0.00346	0.01469	0.01024	0.00742	0.01603
3	0.14579	0.02803	0.02999	0.02485	0.02965	0.07396	0.02043	0.20775	0.03086	0.04579	0.01903	0.02334	0.01542	0.01474	0.01965	0.00383	0.23622	0.00883	0.00743	0.01440
4	0.02938	0.12500	0.03561	0.02202	0.03157	0.02385	0.08051	0.09665	0.02766	0.09220	0.02237	0.02461	0.01728	0.00967	0.00920	0.00241	0.01069	0.00811	0.00735	0.32387
5	0.01895	0.11895	0.02945	0.02072	0.02478	0.02051	0.07863	0.02233	0.02203	0.02853	0.05218	0.24566	0.14893	0.02323	0.01529	0.00386	0.08738	0.01974	0.00787	0.01099

[dist]
# distance from previous block
# <min> <max>
3	27

[block]
# block no. 4 follows, 12 sequences, length 6
# corresponding to MSA columns:
# 94-99
name=unknown_E
#
# <colnr> <probs for GDERKNQSTAVLIFYWHMCP>
#	G	D	E	R	K	N	Q	S	T	A	V	L	I	F	Y	W	H	M	C	P
0	0.02611	0.01448	0.01892	0.01744	0.02181	0.01376	0.01393	0.03307	0.07507	0.18370	0.22354	0.11714	0.06495	0.02163	0.01268	0.00383	0.00766	0.10540	0.01180	0.01308
1	0.12576	0.07589	0.15210	0.02032	0.03098	0.02235	0.02029	0.06957	0.02438	0.03925	0.01902	0.02186	0.01497	0.00943	0.00856	0.00250	0.01062	0.00698	0.00629	0.31889
2	0.12497	0.16256	0.08068	0.02041	0.02819	0.02876	0.01859	0.18676	0.03204	0.04605	0.07952	0.08849	0.03051	0.01469	0.00988	0.00322	0.01048	0.01140	0.00834	0.01445
3	0.02242	0.01240	0.01583	0.01503	0.01864	0.01099	0.01122	0.02575	0.02635	0.16166	0.16724	0.25099	0.16810	0.02520	0.01275	0.00380	0.00664	0.02201	0.01135	0.01162
4	0.02060	0.01861	0.02806	0.21092	0.15662	0.01884	0.02219	0.02597	0.02292	0.03140	0.03593	0.10740	0.08848	0.01496	0.01090	0.00323	0.01071	0.01328	0.00661	0.15238
5	0.03151	0.02504	0.03641	0.04659	0.31278	0.02589	0.02636	0.09933	0.13390	0.10658	0.02898	0.03100	0.02197	0.01165	0.01089	0.00336	0.01148	0.01043	0.00826	0.01758

[dist]
# distance from previous block
# <min> <max>
8	14

[block]
# block no. 5 follows, 12 sequences, length 35
# corresponding to MSA columns:
# 114-148
name=unknown_F
#
# <colnr> <probs for GDERKNQSTAVLIFYWHMCP>
#	G	D	E	R	K	N	Q	S	T	A	V	L	I	F	Y	W	H	M	C	P
0	0.09502	0.02468	0.02980	0.02355	0.03164	0.02590	0.06755	0.16728	0.18833	0.09489	0.03092	0.03069	0.02270	0.01227	0.01038	0.00323	0.01048	0.01017	0.00962	0.11090
1	0.03162	0.02155	0.03474	0.22153	0.23672	0.02235	0.02711	0.03766	0.02580	0.19213	0.02702	0.03075	0.01936	0.01125	0.01088	0.00341	0.01234	0.01009	0.00769	0.01600
2	0.41896	0.02039	0.02283	0.24962	0.04314	0.02436	0.01935	0.03034	0.01988	0.04032	0.01690	0.02235	0.01292	0.01044	0.00844	0.00348	0.01093	0.00745	0.00597	0.01193
3	0.02429	0.01940	0.02699	0.08376	0.16990	0.02004	0.02021	0.03543	0.14256	0.08361	0.11731	0.05251	0.12553	0.01623	0.01154	0.00350	0.00938	0.01416	0.00914	0.01451
4	0.02196	0.01467	0.01826	0.01566	0.02014	0.01368	0.01216	0.07492	0.03215	0.09308	0.38974	0.06561	0.07826	0.01907	0.01199	0.00322	0.00653	0.01653	0.01146	0.08089
5	0.02951	0.02195	0.02427	0.02087	0.02703	0.02415	0.01646	0.13212	0.30413	0.09638	0.13443	0.04539	0.04310	0.01577	0.01138	0.00354	0.00864	0.01314	0.01145	0.01630
6	0.02079	0.01092	0.01484	0.01423	0.01524	0.01080	0.00952	0.01912	0.01673	0.07541	0.02713	0.04659	0.02705	0.22548	0.08165	0.34800	0.01122	0.01184	0.00632	0.00712
7	0.02757	0.02740	0.05114	0.14452	0.10701	0.02784	0.28999	0.11402	0.02923	0.03940	0.02210	0.02855	0.01659	0.01022	0.01196	0.00356	0.01604	0.01145	0.00629	0.01514
8	0.09063	0.01191	0.01602	0.01529	0.01712	0.01236	0.01105	0.02064	0.01684	0.07391	0.02262	0.03362	0.02042	0.04037	0.12848	0.43272	0.01278	0.00963	0.00596	0.00764
9	0.02346	0.02380	0.04607	0.17296	0.14152	0.02413	0.23680	0.03107	0.02456	0.03303	0.02678	0.04365	0.02348	0.01298	0.01239	0.00380	0.01522	0.08442	0.00605	0.01381
10	0.02516	0.02144	0.02670	0.02423	0.10042	0.01811	0.01662	0.07800	0.02586	0.03894	0.02024	0.02359	0.01655	0.00882	0.00875	0.00201	0.00917	0.00726	0.00677	0.52136
11	0.01586	0.01057	0.01189	0.01189	0.01189	0.01057	0.00661	0.01586	0.01586	0.02114	0.03436	0.07135	0.03964	0.61681	0.05550	0.01057	0.01057	0.01586	0.00661	0.00661
12	0.02795	0.02304	0.03369	0.19548	0.18051	0.02607	0.02607	0.07176	0.11814	0.08504	0.02643	0.03065	0.02012	0.01254	0.01347	0.00361	0.07228	0.01029	0.00737	0.01547
13	0.04073	0.05197	0.03090	0.02809	0.03371	0.57303	0.02107	0.04354	0.03090	0.02669	0.01685	0.01966	0.01404	0.01124	0.00983	0.00281	0.01966	0.00702	0.00562	0.01264
14	0.03075	0.02889	0.08152	0.02608	0.03617	0.02553	0.10107	0.22713	0.03485	0.04888	0.02261	0.02523	0.01698	0.01051	0.01023	0.00280	0.01210	0.00904	0.00795	0.24167
15	0.10884	0.01879	0.02444	0.01893	0.02721	0.01681	0.01563	0.05118	0.03003	0.50920	0.04043	0.03531	0.02558	0.01318	0.01057	0.00337	0.00920	0.01049	0.01287	0.01793
16	0.02059	0.01938	0.03270	0.59060	0.07510	0.02422	0.03028	0.02786	0.02180	0.02786	0.01938	0.02907	0.01453	0.01090	0.01090	0.00363	0.01453	0.00969	0.00484	0.01211
17	0.12445	0.02267	0.02389	0.02052	0.02706	0.02526	0.01630	0.12449	0.28712	0.09712	0.08302	0.03849	0.03367	0.01443	0.01060	0.00353	0.00889	0.01157	0.01076	0.01618
18	0.02915	0.62337	0.05714	0.01866	0.02799	0.04314	0.01866	0.03265	0.02215	0.02565	0.01516	0.01749	0.01399	0.00933	0.00700	0.00233	0.01166	0.00583	0.00466	0.01399
19	0.41326	0.18126	0.03270	0.02232	0.07232	0.02974	0.04947	0.03253	0.02055	0.04063	0.01612	0.01928	0.01319	0.00981	0.00759	0.00311	0.01037	0.00670	0.00599	0.01307
20	0.01328	0.00949	0.01265	0.01518	0.01581	0.00886	0.01012	0.01518	0.02088	0.02783	0.06010	0.60969	0.07212	0.03416	0.01392	0.00443	0.00633	0.03100	0.01012	0.00886
21	0.02327	0.03472	0.21079	0.03906	0.09870	0.02416	0.22945	0.03257	0.02468	0.03449	0.02713	0.04293	0.02355	0.01314	0.01223	0.00379	0.01570	0.08904	0.00598	0.01463
22	0.01328	0.00949	0.01265	0.01518	0.01581	0.00886	0.01012	0.01518	0.02088	0.02783	0.06010	0.60969	0.07212	0.03416	0.01392	0.00443	0.00633	0.03100	0.01012	0.00886
23	0.02684	0.03306	0.16755	0.04428	0.24291	0.02573	0.07964	0.10968	0.02930	0.04137	0.07072	0.03128	0.02465	0.01155	0.01111	0.00336	0.01339	0.01060	0.00673	0.01627
24	0.02352	0.02340	0.03333	0.08621	0.03339	0.03246	0.02451	0.02641	0.01722	0.02641	0.01483	0.02439	0.01434	0.01825	0.03323	0.00465	0.53718	0.00956	0.00478	0.01195
25	0.01894	0.00947	0.01420	0.01420	0.01420	0.00947	0.00947	0.01420	0.01420	0.01894	0.01894	0.03314	0.01894	0.03788	0.04261	0.68277	0.00947	0.00947	0.00473	0.00473
26	0.01964	0.01294	0.01649	0.01501	0.01845	0.01233	0.01145	0.02698	0.07523	0.09232	0.45142	0.07363	0.08952	0.02079	0.01252	0.00345	0.00584	0.01823	0.01206	0.01169
27	0.02699	0.02591	0.04426	0.06693	0.54879	0.02591	0.03346	0.03346	0.02483	0.03562	0.02051	0.02699	0.01727	0.00972	0.01079	0.00324	0.01295	0.00972	0.00540	0.01727
28	0.08773	0.01742	0.02085	0.06119	0.09906	0.01874	0.01554	0.08027	0.07213	0.04316	0.03020	0.03423	0.02348	0.01213	0.00888	0.00298	0.00822	0.00983	0.34098	0.01299
29	0.08594	0.01850	0.02119	0.01918	0.02203	0.06074	0.01483	0.02758	0.02006	0.09957	0.02722	0.03999	0.02485	0.14974	0.21025	0.00963	0.11953	0.01110	0.00691	0.01115
30	0.02332	0.02193	0.03608	0.12317	0.27465	0.02252	0.07062	0.03193	0.07169	0.03602	0.10103	0.04219	0.07042	0.01339	0.01147	0.00344	0.01165	0.01263	0.00712	0.01473
31	0.27987	0.39618	0.04163	0.01703	0.02538	0.03610	0.01607	0.03242	0.02080	0.03443	0.01517	0.01757	0.01317	0.00963	0.00690	0.00273	0.01044	0.00586	0.00545	0.01317
32	0.19004	0.01829	0.02161	0.01748	0.02485	0.01707	0.01414	0.04178	0.02637	0.33256	0.03597	0.08986	0.02703	0.01428	0.01001	0.00330	0.00866	0.01140	0.01088	0.08444
33	0.03921	0.02723	0.03017	0.06351	0.03489	0.11819	0.05389	0.09267	0.12209	0.25150	0.03397	0.03257	0.02346	0.01281	0.01092	0.00336	0.01224	0.01046	0.01027	0.01657
34	0.49043	0.02096	0.02303	0.01913	0.02603	0.02280	0.07998	0.03251	0.02072	0.08399	0.02239	0.07524	0.01917	0.01246	0.00857	0.00351	0.00967	0.00955	0.00741	0.01245

[dist]
# distance from previous block
# <min> <max>
0	24

[block]
# block no. 6 follows, 12 sequences, length 19
# corresponding to MSA columns:
# 173-191
name=unknown_G
#
# <colnr> <probs for GDERKNQSTAVLIFYWHMCP>
#	G	D	E	R	K	N	Q	S	T	A	V	L	I	F	Y	W	H	M	C	P
0	0.08588	0.02158	0.02869	0.22298	0.11309	0.02456	0.02287	0.07987	0.14497	0.03898	0.03470	0.03773	0.07185	0.01345	0.01075	0.00354	0.01124	0.01130	0.00766	0.01431
1	0.02039	0.02035	0.01748	0.01652	0.02004	0.13696	0.01243	0.02419	0.02788	0.03400	0.25014	0.07091	0.20592	0.02682	0.06359	0.00466	0.01073	0.01709	0.00945	0.01045
2	0.23959	0.02035	0.02503	0.23105	0.04338	0.02331	0.02018	0.03771	0.09365	0.12689	0.02558	0.02847	0.01842	0.01164	0.00962	0.00352	0.01088	0.00908	0.00780	0.01383
3	0.17340	0.07463	0.14433	0.01908	0.02888	0.02105	0.01905	0.02986	0.02251	0.03830	0.06615	0.02659	0.02243	0.01045	0.00865	0.00265	0.00998	0.00786	0.00647	0.26769
4	0.03673	0.21033	0.03478	0.01843	0.02743	0.02428	0.01616	0.04086	0.02640	0.27080	0.02886	0.02763	0.02043	0.01095	0.00906	0.00265	0.00976	0.00832	0.00911	0.16703
5	0.02324	0.31072	0.10517	0.01920	0.02662	0.02962	0.01897	0.02811	0.02405	0.03124	0.14322	0.04110	0.08262	0.01482	0.01153	0.00304	0.05600	0.01110	0.00682	0.01283
6	0.23921	0.16280	0.11213	0.02208	0.03152	0.02801	0.07015	0.03582	0.05518	0.07732	0.02081	0.02294	0.01592	0.01030	0.00866	0.00309	0.01138	0.00777	0.00661	0.05828
7	0.54673	0.02322	0.01979	0.01676	0.02396	0.02657	0.01382	0.14037	0.02593	0.05338	0.01766	0.01962	0.01333	0.01079	0.00769	0.00335	0.00924	0.00679	0.00769	0.01333
8	0.02482	0.27652	0.30547	0.02461	0.03738	0.03124	0.02889	0.03305	0.02264	0.03113	0.01781	0.02079	0.01413	0.00971	0.00879	0.00282	0.01352	0.00701	0.00482	0.08486
9	0.01558	0.01168	0.01752	0.01752	0.01947	0.01363	0.01363	0.01947	0.01752	0.02531	0.02921	0.04283	0.02726	0.08178	0.57360	0.01752	0.02921	0.01168	0.00584	0.00974
10	0.03720	0.02238	0.02666	0.02074	0.02869	0.02221	0.01696	0.21862	0.03556	0.21181	0.03069	0.03112	0.02190	0.02103	0.08166	0.00482	0.01262	0.00982	0.01030	0.13522
11	0.01579	0.01082	0.01316	0.01316	0.01360	0.01126	0.00819	0.01667	0.01623	0.02208	0.03319	0.06492	0.03685	0.49617	0.17232	0.01214	0.01477	0.01492	0.00643	0.00731
12	0.04823	0.01967	0.02599	0.01993	0.02839	0.01768	0.01646	0.09575	0.03307	0.51110	0.04145	0.03610	0.02621	0.01346	0.01096	0.00336	0.00953	0.01086	0.01326	0.01855
13	0.02699	0.02591	0.04426	0.06693	0.54879	0.02591	0.03346	0.03346	0.02483	0.03562	0.02051	0.02699	0.01727	0.00972	0.01079	0.00324	0.01295	0.00972	0.00540	0.01727
14	0.01563	0.01146	0.01639	0.01639	0.01794	0.01301	0.01221	0.01874	0.01719	0.02447	0.03025	0.04860	0.02976	0.18992	0.46888	0.01612	0.02544	0.01253	0.00600	0.00910
15	0.04073	0.05197	0.03090	0.02809	0.03371	0.57303	0.02107	0.04354	0.03090	0.02669	0.01685	0.01966	0.01404	0.01124	0.00983	0.00281	0.01966	0.00702	0.00562	0.01264
16	0.02699	0.02591	0.04426	0.06693	0.54879	0.02591	0.03346	0.03346	0.02483	0.03562	0.02051	0.02699	0.01727	0.00972	0.01079	0.00324	0.01295	0.00972	0.00540	0.01727
17	0.02686	0.02627	0.04635	0.06474	0.49751	0.02608	0.08307	0.03362	0.02492	0.03555	0.02067	0.02724	0.01720	0.00966	0.01101	0.00328	0.01352	0.01004	0.00541	0.01700
18	0.02124	0.01418	0.01764	0.01512	0.02032	0.01207	0.01190	0.02587	0.02769	0.10396	0.26087	0.06740	0.12770	0.01894	0.01160	0.00312	0.00677	0.04720	0.01045	0.17595

[dist]
# distance from previous block
# <min> <max>
0	10

[block]
# block no. 7 follows, 12 sequences, length 17
# corresponding to MSA columns:
# 202-218
name=unknown_H
#
# <colnr> <probs for GDERKNQSTAVLIFYWHMCP>
#	G	D	E	R	K	N	Q	S	T	A	V	L	I	F	Y	W	H	M	C	P
0	0.02178	0.09190	0.19531	0.02546	0.03536	0.02173	0.09390	0.02933	0.02383	0.03380	0.06245	0.08264	0.03029	0.01430	0.01085	0.00324	0.01227	0.05841	0.00660	0.14657
1	0.01555	0.01139	0.01482	0.01522	0.01776	0.01066	0.01200	0.02013	0.02786	0.03787	0.32523	0.13460	0.14224	0.02591	0.01353	0.00396	0.00659	0.14357	0.01111	0.00999
2	0.01650	0.01212	0.01547	0.01518	0.01755	0.01160	0.01099	0.01930	0.02053	0.02864	0.09022	0.15264	0.04854	0.21239	0.12572	0.00819	0.01226	0.07120	0.00797	0.10298
3	0.02406	0.02875	0.10755	0.27045	0.17580	0.07953	0.03021	0.03120	0.02397	0.03103	0.02334	0.03636	0.01997	0.01254	0.01112	0.00357	0.01444	0.05679	0.00555	0.01376
4	0.01562	0.01153	0.01674	0.01674	0.01841	0.01320	0.01265	0.01896	0.01729	0.02473	0.02993	0.04682	0.02899	0.15661	0.50113	0.01655	0.02660	0.01227	0.00595	0.00930
5	0.03269	0.18426	0.03511	0.02350	0.03025	0.23427	0.01903	0.04625	0.21678	0.03357	0.02682	0.02705	0.02129	0.01210	0.00960	0.00303	0.01349	0.00873	0.00745	0.01472
6	0.02865	0.29968	0.21248	0.02396	0.03513	0.03469	0.02584	0.11280	0.06560	0.03699	0.02058	0.02243	0.01613	0.01068	0.00902	0.00295	0.01292	0.00768	0.00614	0.01566
7	0.02235	0.10284	0.44070	0.10821	0.04935	0.02679	0.03692	0.03343	0.02277	0.03279	0.01914	0.02336	0.01393	0.01034	0.01013	0.00338	0.01549	0.00808	0.00464	0.01536
8	0.02187	0.05640	0.56031	0.03108	0.04719	0.02532	0.04029	0.03453	0.02302	0.03453	0.01957	0.02302	0.01381	0.01036	0.01036	0.00345	0.01611	0.00806	0.00460	0.01611
9	0.01688	0.01082	0.01624	0.01624	0.01743	0.01202	0.01202	0.01743	0.01624	0.02284	0.02523	0.03908	0.02403	0.06476	0.36781	0.27534	0.02156	0.01082	0.00541	0.00780
10	0.02713	0.18450	0.20152	0.03290	0.13490	0.03087	0.02807	0.07593	0.11179	0.03714	0.02341	0.02567	0.01823	0.01095	0.00977	0.00316	0.01279	0.00869	0.00638	0.01620
11	0.03095	0.03086	0.03375	0.20073	0.04714	0.15715	0.05818	0.13533	0.08179	0.03823	0.02255	0.02706	0.01729	0.01234	0.01272	0.00346	0.05969	0.00957	0.00696	0.01426
12	0.01464	0.00992	0.01338	0.01466	0.01571	0.00932	0.01007	0.01647	0.02258	0.03078	0.18170	0.38974	0.07279	0.03155	0.01765	0.09904	0.00645	0.02501	0.00986	0.00866
13	0.01345	0.01064	0.01211	0.01264	0.01530	0.00930	0.00914	0.01640	0.02486	0.03157	0.17427	0.23657	0.33832	0.02842	0.01316	0.00384	0.00567	0.02457	0.01046	0.00930
14	0.03204	0.02194	0.03288	0.11522	0.14613	0.02190	0.05825	0.04216	0.11234	0.19051	0.03110	0.03237	0.02232	0.01167	0.01079	0.00328	0.01126	0.01043	0.00881	0.08461
15	0.09574	0.07488	0.03391	0.03462	0.17848	0.10239	0.02218	0.03212	0.02297	0.03335	0.01774	0.02276	0.01526	0.01114	0.01351	0.00302	0.10970	0.00789	0.00564	0.16270
16	0.02217	0.08575	0.13242	0.02352	0.03109	0.01941	0.09029	0.02785	0.02313	0.07284	0.03663	0.24594	0.03753	0.01909	0.01154	0.00355	0.01093	0.01726	0.00772	0.08135

[dist]
# distance from previous block
# <min> <max>
2	46

[block]
# block no. 8 follows, 12 sequences, length 23
# corresponding to MSA columns:
# 265-287
name=unknown_I
#
# <colnr> <probs for GDERKNQSTAVLIFYWHMCP>
#	G	D	E	R	K	N	Q	S	T	A	V	L	I	F	Y	W	H	M	C	P
0	0.01495	0.01174	0.01722	0.14632	0.02933	0.01236	0.01472	0.01807	0.02109	0.02784	0.05082	0.47737	0.05899	0.02886	0.01323	0.00425	0.00820	0.02614	0.00892	0.00960
1	0.01597	0.01246	0.01770	0.14594	0.02923	0.01336	0.01471	0.01913	0.02038	0.02675	0.04615	0.25639	0.07674	0.15329	0.06042	0.00643	0.01091	0.05686	0.00788	0.00930
2	0.03025	0.24064	0.14904	0.02337	0.03296	0.08255	0.02304	0.06996	0.14101	0.06883	0.02535	0.02592	0.01946	0.01146	0.00939	0.00305	0.01251	0.00846	0.00715	0.01562
3	0.01956	0.01627	0.02355	0.02211	0.02606	0.01667	0.07583	0.03023	0.13943	0.03551	0.08585	0.20732	0.05549	0.02446	0.01345	0.00430	0.00950	0.17254	0.00988	0.01199
4	0.01980	0.01085	0.01279	0.01270	0.01527	0.01034	0.00936	0.02417	0.02488	0.07600	0.15744	0.16877	0.05428	0.01944	0.01038	0.00320	0.00566	0.01677	0.33738	0.01053
5	0.02925	0.08677	0.25390	0.07772	0.04481	0.02820	0.08988	0.14412	0.03021	0.07885	0.02271	0.02563	0.01626	0.01103	0.01062	0.00336	0.01447	0.00923	0.00682	0.01616
6	0.02400	0.02070	0.03357	0.21557	0.04776	0.02250	0.12104	0.03594	0.13875	0.07145	0.03390	0.12606	0.02941	0.01538	0.01184	0.00377	0.01227	0.01447	0.00788	0.01376
7	0.02190	0.01509	0.01694	0.01538	0.01779	0.01593	0.01068	0.13012	0.02506	0.03458	0.03409	0.09497	0.03519	0.34252	0.07540	0.00822	0.01143	0.01474	0.06992	0.01004
8	0.03104	0.41749	0.11438	0.02167	0.03171	0.03879	0.02183	0.14223	0.02890	0.03658	0.01822	0.02016	0.01501	0.01031	0.00831	0.00269	0.01229	0.00702	0.00608	0.01529
9	0.01448	0.01105	0.01643	0.01761	0.01909	0.01040	0.04287	0.01714	0.02158	0.02873	0.05743	0.52733	0.06768	0.03218	0.01396	0.00443	0.00744	0.07100	0.00982	0.00934
10	0.02705	0.01919	0.03102	0.46042	0.06433	0.02236	0.02703	0.03362	0.02395	0.14830	0.02477	0.03090	0.01737	0.01149	0.01092	0.00357	0.01334	0.00998	0.00682	0.01358
11	0.02241	0.01486	0.01718	0.01544	0.01743	0.01561	0.01049	0.12864	0.02354	0.03147	0.02889	0.05214	0.03000	0.34406	0.04233	0.16584	0.01064	0.01299	0.00715	0.00889
12	0.01836	0.01533	0.01769	0.01636	0.02028	0.01562	0.01248	0.02806	0.13971	0.03619	0.16244	0.13899	0.18954	0.02207	0.01374	0.00362	0.04713	0.01850	0.01002	0.07386
13	0.02057	0.01184	0.01470	0.01345	0.01682	0.01091	0.01028	0.02544	0.02872	0.10615	0.33882	0.06804	0.10303	0.01933	0.01143	0.00324	0.00567	0.01665	0.16370	0.01123
14	0.01731	0.01174	0.01412	0.01316	0.01667	0.01036	0.01000	0.02145	0.02855	0.08214	0.33145	0.08680	0.26854	0.02361	0.01271	0.00352	0.00565	0.02025	0.01140	0.01057
15	0.03473	0.01999	0.02550	0.02336	0.07049	0.01990	0.01698	0.14670	0.06390	0.22219	0.14369	0.04327	0.04045	0.01673	0.01353	0.05006	0.00929	0.01247	0.01114	0.01563
16	0.03195	0.48826	0.05157	0.02012	0.02931	0.04102	0.01913	0.14199	0.02879	0.03547	0.01767	0.01947	0.01503	0.01019	0.00789	0.00255	0.01174	0.00674	0.00609	0.01503
17	0.02534	0.02192	0.03271	0.46172	0.06569	0.02641	0.02810	0.13829	0.02852	0.03717	0.02093	0.02841	0.01545	0.01140	0.01090	0.00355	0.01396	0.00972	0.00623	0.01358
18	0.01760	0.01064	0.01449	0.01449	0.01588	0.01146	0.01056	0.01909	0.01770	0.02673	0.02826	0.04198	0.02614	0.09700	0.25782	0.19544	0.01681	0.01107	0.15863	0.00821
19	0.02925	0.11078	0.17429	0.02826	0.03872	0.03036	0.09750	0.15385	0.14540	0.04415	0.02661	0.02805	0.01981	0.01172	0.01060	0.00336	0.01320	0.00988	0.00773	0.01648
20	0.01764	0.01238	0.01415	0.01350	0.01524	0.01240	0.00903	0.05855	0.02093	0.02725	0.04916	0.06930	0.14994	0.33414	0.08238	0.07120	0.01094	0.01604	0.00754	0.00830
21	0.08871	0.02440	0.09476	0.01997	0.02941	0.01852	0.01824	0.04299	0.06968	0.27284	0.03190	0.03038	0.02186	0.01157	0.00984	0.00297	0.00976	0.00917	0.00982	0.18323
22	0.49339	0.02106	0.01937	0.01627	0.02355	0.02296	0.01341	0.06749	0.02374	0.17558	0.02275	0.02304	0.01598	0.01114	0.00805	0.00337	0.00887	0.00740	0.00868	0.01390

[dist]
# distance from previous block
# <min> <max>
0	22

[block]
# block no. 9 follows, 12 sequences, length 28
# corresponding to MSA columns:
# 310-337
name=unknown_J
#
# <colnr> <probs for GDERKNQSTAVLIFYWHMCP>
#	G	D	E	R	K	N	Q	S	T	A	V	L	I	F	Y	W	H	M	C	P
0	0.03111	0.03189	0.14490	0.06786	0.03665	0.06729	0.02309	0.08899	0.11662	0.13154	0.02848	0.02907	0.02051	0.01170	0.01027	0.00312	0.01200	0.00928	0.00836	0.12727
1	0.02059	0.01938	0.03270	0.59060	0.07510	0.02422	0.03028	0.02786	0.02180	0.02786	0.01938	0.02907	0.01453	0.01090	0.01090	0.00363	0.01453	0.00969	0.00484	0.01211
2	0.03590	0.02691	0.02865	0.02302	0.03054	0.03000	0.01867	0.35267	0.17129	0.06030	0.03168	0.03118	0.02316	0.01349	0.01066	0.00332	0.01052	0.01049	0.07006	0.01747
3	0.01492	0.01072	0.01315	0.01368	0.01600	0.00985	0.01013	0.01870	0.02583	0.03538	0.24126	0.22094	0.18294	0.02626	0.01284	0.00379	0.00591	0.05809	0.06997	0.00965
4	0.02187	0.05640	0.56031	0.03108	0.04719	0.02532	0.04029	0.03453	0.02302	0.03453	0.01957	0.02302	0.01381	0.01036	0.01036	0.00345	0.01611	0.00806	0.00460	0.01611
5	0.02773	0.51276	0.15530	0.02108	0.03173	0.03967	0.02288	0.03302	0.02232	0.02738	0.01602	0.01857	0.01396	0.00953	0.00765	0.00255	0.01253	0.00626	0.00465	0.01441
6	0.01405	0.01039	0.01330	0.01534	0.01693	0.00965	0.01123	0.01673	0.02248	0.02909	0.06946	0.41569	0.16241	0.03209	0.01394	0.00440	0.00690	0.11667	0.01011	0.00916
7	0.02699	0.02591	0.04426	0.06693	0.54879	0.02591	0.03346	0.03346	0.02483	0.03562	0.02051	0.02699	0.01727	0.00972	0.01079	0.00324	0.01295	0.00972	0.00540	0.01727
8	0.03192	0.08871	0.15490	0.02197	0.03114	0.02279	0.02167	0.08307	0.08301	0.19509	0.11649	0.03856	0.03508	0.01389	0.01075	0.00332	0.01064	0.01125	0.00975	0.01600
9	0.02059	0.01938	0.03270	0.59060	0.07510	0.02422	0.03028	0.02786	0.02180	0.02786	0.01938	0.02907	0.01453	0.01090	0.01090	0.00363	0.01453	0.00969	0.00484	0.01211
10	0.01558	0.01168	0.01752	0.01752	0.01947	0.01363	0.01363	0.01947	0.01752	0.02531	0.02921	0.04283	0.02726	0.08178	0.57360	0.01752	0.02921	0.01168	0.00584	0.00974
11	0.01560	0.01158	0.01699	0.01699	0.01875	0.01334	0.01296	0.01913	0.01737	0.02492	0.02969	0.04553	0.02843	0.13240	0.52457	0.01687	0.02744	0.01208	0.00591	0.00944
12	0.13015	0.03061	0.13364	0.02302	0.03262	0.02554	0.02184	0.18492	0.08382	0.18199	0.02945	0.02861	0.02029	0.01240	0.01024	0.00339	0.01128	0.00946	0.00974	0.01698
13	0.01433	0.01110	0.01304	0.01256	0.01561	0.00982	0.00942	0.01844	0.02825	0.03753	0.35514	0.09165	0.29465	0.02460	0.01287	0.00354	0.00531	0.02115	0.01119	0.00982
14	0.04407	0.01851	0.02675	0.02049	0.02850	0.01631	0.05368	0.04877	0.02989	0.46078	0.04059	0.03689	0.02628	0.01307	0.01076	0.00331	0.00954	0.01103	0.08342	0.01736
15	0.02166	0.02047	0.03463	0.50343	0.15395	0.02450	0.03081	0.02879	0.02231	0.02915	0.01957	0.02872	0.01499	0.01070	0.01088	0.00357	0.01427	0.00969	0.00494	0.01297
16	0.02887	0.06785	0.03439	0.07741	0.12001	0.02335	0.07659	0.03650	0.06837	0.13677	0.06982	0.03533	0.02769	0.01310	0.01302	0.00341	0.06635	0.01108	0.07536	0.01476
17	0.01328	0.00949	0.01265	0.01518	0.01581	0.00886	0.01012	0.01518	0.02088	0.02783	0.06010	0.60969	0.07212	0.03416	0.01392	0.00443	0.00633	0.03100	0.01012	0.00886
18	0.01661	0.01073	0.01371	0.01471	0.01675	0.00970	0.01036	0.01920	0.02352	0.07667	0.11829	0.41875	0.14999	0.02998	0.01337	0.00410	0.00633	0.02669	0.01062	0.00993
19	0.02077	0.02436	0.15723	0.07981	0.03149	0.01611	0.02050	0.02776	0.02739	0.08992	0.26453	0.05853	0.10218	0.01761	0.01182	0.00347	0.00940	0.01507	0.00933	0.01271
20	0.23129	0.02190	0.02394	0.01922	0.02703	0.02266	0.01578	0.13168	0.07382	0.27723	0.03204	0.02983	0.02161	0.01256	0.00975	0.00338	0.00948	0.00941	0.01087	0.01650
21	0.02059	0.01938	0.03270	0.59060	0.07510	0.02422	0.03028	0.02786	0.02180	0.02786	0.01938	0.02907	0.01453	0.01090	0.01090	0.00363	0.01453	0.00969	0.00484	0.01211
22	0.03668	0.03390	0.23270	0.02606	0.03764	0.02053	0.06615	0.04453	0.02763	0.31401	0.03233	0.03110	0.02110	0.01194	0.01089	0.00343	0.01264	0.01001	0.00944	0.01731
23	0.45282	0.08218	0.11210	0.01866	0.02741	0.02728	0.01811	0.08357	0.02310	0.04653	0.01708	0.01948	0.01305	0.01040	0.00781	0.00328	0.01038	0.00667	0.00665	0.01344
24	0.29176	0.02960	0.02526	0.06814	0.03185	0.13471	0.01785	0.15853	0.06913	0.04761	0.02092	0.02298	0.01585	0.01152	0.00910	0.00328	0.01207	0.00793	0.00777	0.01414
25	0.02516	0.07797	0.17481	0.02665	0.08814	0.02272	0.02373	0.07631	0.02563	0.03764	0.01987	0.02313	0.01569	0.00944	0.00917	0.00250	0.01143	0.00751	0.00612	0.31637
26	0.02958	0.09757	0.37551	0.02691	0.04041	0.02450	0.03201	0.03921	0.02508	0.16980	0.02529	0.02620	0.01726	0.01108	0.01021	0.00333	0.01393	0.00861	0.00693	0.01656
27	0.02810	0.03423	0.21922	0.02364	0.03463	0.02208	0.02453	0.13044	0.02933	0.09366	0.02636	0.07041	0.02121	0.01249	0.01022	0.00301	0.01178	0.01008	0.00768	0.18690

[dist]
# distance from previous block
# <min> <max>
0	8

[block]
# block no. 10 follows, 12 sequences, length 55
# corresponding to MSA columns:
# 346-400
name=unknown_K
#
# <colnr> <probs for GDERKNQSTAVLIFYWHMCP>
#	G	D	E	R	K	N	Q	S	T	A	V	L	I	F	Y	W	H	M	C	P
0	0.02603	0.02248	0.02696	0.02402	0.02619	0.06872	0.01945	0.03146	0.06971	0.07711	0.02842	0.04566	0.02696	0.08659	0.02837	0.00507	0.29141	0.07595	0.00720	0.01224
1	0.02296	0.02051	0.02732	0.01952	0.02936	0.01601	0.06897	0.02830	0.02296	0.03546	0.01968	0.02338	0.01619	0.00820	0.00862	0.00185	0.00924	0.00718	0.00635	0.60794
2	0.01575	0.01101	0.01410	0.01410	0.01486	0.01177	0.00936	0.01727	0.01651	0.02278	0.03234	0.06017	0.03478	0.40698	0.25869	0.01330	0.01788	0.01422	0.00631	0.00783
3	0.03969	0.10489	0.03362	0.02687	0.03317	0.46577	0.02080	0.09128	0.03217	0.03096	0.01766	0.02013	0.01451	0.01124	0.00967	0.00281	0.01809	0.00720	0.00608	0.01339
4	0.03832	0.02017	0.02911	0.07280	0.13160	0.01834	0.02001	0.04331	0.02788	0.33231	0.03309	0.03224	0.02243	0.01171	0.01047	0.00309	0.01021	0.00991	0.01015	0.12286
5	0.09275	0.09364	0.05188	0.08702	0.04886	0.02752	0.31037	0.03564	0.02484	0.08885	0.02255	0.02770	0.01670	0.00990	0.01123	0.00346	0.01536	0.01091	0.00631	0.01451
6	0.02555	0.02471	0.03804	0.03052	0.03392	0.03043	0.11992	0.08244	0.02355	0.03418	0.05937	0.02983	0.02230	0.01668	0.02654	0.00427	0.36741	0.01105	0.00619	0.01310
7	0.02257	0.11129	0.51160	0.02987	0.04533	0.02705	0.03819	0.03435	0.02294	0.03367	0.01914	0.02248	0.01383	0.01026	0.01003	0.00334	0.01568	0.00784	0.00461	0.01591
8	0.01953	0.01844	0.03238	0.14406	0.11008	0.01857	0.12678	0.02513	0.02404	0.03211	0.08811	0.17991	0.09695	0.01881	0.01244	0.00376	0.01134	0.01787	0.00757	0.01212
9	0.02398	0.26451	0.16917	0.02654	0.06542	0.02950	0.07099	0.03048	0.02346	0.03040	0.03209	0.04062	0.07900	0.01366	0.01005	0.00320	0.01261	0.05455	0.00591	0.01385
10	0.02059	0.01938	0.03270	0.59060	0.07510	0.02422	0.03028	0.02786	0.02180	0.02786	0.01938	0.02907	0.01453	0.01090	0.01090	0.00363	0.01453	0.00969	0.00484	0.01211
11	0.02632	0.02523	0.04305	0.12142	0.49950	0.02573	0.03313	0.03288	0.02451	0.03481	0.02039	0.02720	0.01699	0.00984	0.01081	0.00328	0.01312	0.00971	0.00534	0.01673
12	0.02602	0.02175	0.07958	0.20534	0.12392	0.01958	0.02422	0.03228	0.02548	0.13812	0.10169	0.09041	0.03510	0.01492	0.01140	0.00355	0.01131	0.01316	0.00814	0.01405
13	0.24384	0.01932	0.02250	0.01787	0.02579	0.01857	0.01475	0.04676	0.02738	0.40298	0.03460	0.03125	0.02240	0.01248	0.00969	0.00337	0.00902	0.00944	0.01146	0.01652
14	0.01372	0.00997	0.01294	0.01454	0.01583	0.00919	0.01001	0.01639	0.02336	0.03141	0.16889	0.45500	0.11627	0.03106	0.01361	0.00415	0.00601	0.02792	0.01053	0.00919
15	0.08576	0.04829	0.38339	0.02806	0.04052	0.10101	0.03277	0.03441	0.02392	0.03456	0.02248	0.03174	0.01840	0.01237	0.01041	0.00351	0.01532	0.05296	0.00547	0.01464
16	0.02441	0.07247	0.02348	0.01940	0.02391	0.02003	0.01553	0.07952	0.14608	0.07888	0.04714	0.22467	0.04699	0.02282	0.01231	0.00398	0.00886	0.10608	0.01018	0.01326
17	0.01491	0.01166	0.01795	0.01856	0.02036	0.01099	0.05676	0.01783	0.02180	0.02903	0.05634	0.50148	0.06596	0.03141	0.01395	0.00443	0.00785	0.07952	0.00969	0.00953
18	0.01419	0.01014	0.01369	0.01622	0.01725	0.00964	0.01170	0.01675	0.02177	0.02885	0.05960	0.50672	0.07013	0.03331	0.01416	0.00455	0.00711	0.12502	0.01010	0.00911
19	0.17899	0.13453	0.08342	0.02365	0.03249	0.10316	0.07760	0.03973	0.02543	0.16844	0.02375	0.02480	0.01714	0.01091	0.00937	0.00316	0.01269	0.00837	0.00760	0.01478
20	0.02059	0.01938	0.03270	0.59060	0.07510	0.02422	0.03028	0.02786	0.02180	0.02786	0.01938	0.02907	0.01453	0.01090	0.01090	0.00363	0.01453	0.00969	0.00484	0.01211
21	0.02903	0.08236	0.02877	0.02219	0.02897	0.02947	0.01781	0.10995	0.42276	0.04645	0.03937	0.03670	0.02965	0.01406	0.01068	0.00351	0.00933	0.01140	0.01045	0.01710
22	0.03075	0.03302	0.03501	0.15733	0.08483	0.20549	0.07818	0.07559	0.07699	0.03445	0.02190	0.02623	0.01708	0.01105	0.01056	0.00315	0.01524	0.00918	0.00643	0.06753
23	0.11973	0.03521	0.24792	0.02532	0.03576	0.02259	0.06427	0.07931	0.02668	0.08813	0.07568	0.07659	0.02864	0.01383	0.01068	0.00351	0.01235	0.01152	0.00756	0.01472
24	0.02588	0.03314	0.17717	0.03693	0.04800	0.02419	0.30107	0.03478	0.02515	0.08451	0.02696	0.08184	0.02198	0.01218	0.01217	0.00366	0.01584	0.01317	0.00648	0.01489
25	0.02193	0.21029	0.17472	0.02167	0.02986	0.02660	0.02278	0.02784	0.02279	0.02979	0.04060	0.05126	0.12303	0.01699	0.01294	0.00350	0.06792	0.07611	0.00647	0.01288
26	0.02917	0.10023	0.19185	0.08666	0.16147	0.02581	0.02902	0.03873	0.06510	0.12978	0.02556	0.02788	0.01869	0.01107	0.01030	0.00330	0.01287	0.00922	0.00697	0.01632
27	0.03054	0.04201	0.34864	0.03102	0.08991	0.02257	0.03229	0.04005	0.02567	0.19235	0.02675	0.02766	0.01813	0.01124	0.01058	0.00341	0.01374	0.00910	0.00737	0.01696
28	0.02316	0.15651	0.47147	0.02888	0.04380	0.02847	0.03647	0.03420	0.02287	0.03296	0.01879	0.02204	0.01384	0.01018	0.00977	0.00326	0.01533	0.00766	0.00461	0.01574
29	0.03880	0.09752	0.03571	0.02649	0.03346	0.25048	0.06460	0.07925	0.03005	0.15618	0.02389	0.02531	0.01771	0.01216	0.01224	0.00317	0.06168	0.00879	0.00772	0.01478
30	0.03319	0.09137	0.22546	0.07212	0.07996	0.02346	0.02762	0.04084	0.02611	0.23219	0.02814	0.02865	0.01919	0.01145	0.01034	0.00331	0.01270	0.00921	0.00808	0.01662
31	0.01429	0.01110	0.01299	0.01252	0.01559	0.00980	0.00939	0.01836	0.02817	0.03732	0.34894	0.09199	0.30097	0.02468	0.01287	0.00354	0.00531	0.02120	0.01116	0.00980
32	0.01328	0.00949	0.01265	0.01518	0.01581	0.00886	0.01012	0.01518	0.02088	0.02783	0.06010	0.60969	0.07212	0.03416	0.01392	0.00443	0.00633	0.03100	0.01012	0.00886
33	0.03357	0.03315	0.17590	0.03042	0.07495	0.02494	0.08382	0.12455	0.08760	0.17469	0.02985	0.03020	0.02076	0.01194	0.01102	0.00344	0.01286	0.01028	0.00886	0.01720
34	0.02504	0.03572	0.23229	0.16910	0.08931	0.02493	0.15353	0.03445	0.02419	0.07454	0.02208	0.02746	0.01596	0.01040	0.01120	0.00353	0.01555	0.01000	0.00565	0.01508
35	0.03414	0.01534	0.02090	0.01732	0.02309	0.01387	0.01387	0.03863	0.02955	0.32778	0.20590	0.05234	0.05198	0.02410	0.07513	0.00499	0.01017	0.01392	0.01214	0.01484
36	0.03377	0.02148	0.03416	0.17880	0.23239	0.02172	0.02602	0.03958	0.02651	0.23241	0.02882	0.03137	0.02030	0.01145	0.01089	0.00339	0.01194	0.01019	0.00835	0.01648
37	0.03532	0.02635	0.10996	0.03093	0.08624	0.02033	0.12750	0.04209	0.02823	0.27907	0.07269	0.03600	0.02796	0.01246	0.01143	0.00344	0.01224	0.01154	0.00962	0.01660
38	0.01289	0.01105	0.01105	0.01105	0.01473	0.00920	0.00828	0.01565	0.02485	0.02946	0.11046	0.10493	0.54437	0.02761	0.01289	0.00368	0.00552	0.02301	0.01013	0.00920
39	0.02227	0.05359	0.50870	0.03263	0.04821	0.02556	0.08908	0.03457	0.02330	0.03457	0.01983	0.02369	0.01410	0.01024	0.01062	0.00348	0.01635	0.00856	0.00470	0.01597
40	0.03422	0.03611	0.23325	0.03153	0.10951	0.02407	0.02855	0.12360	0.03070	0.19891	0.02797	0.02840	0.01912	0.01170	0.01070	0.00337	0.01288	0.00948	0.00851	0.01744
41	0.02716	0.07885	0.03620	0.34079	0.15763	0.02509	0.02755	0.03343	0.02392	0.11255	0.02293	0.02880	0.01699	0.01092	0.01051	0.00339	0.01311	0.00952	0.00630	0.01434
42	0.02172	0.02091	0.03652	0.48823	0.12716	0.02468	0.06865	0.02905	0.02246	0.02930	0.01972	0.02886	0.01500	0.01063	0.01105	0.00359	0.01466	0.00994	0.00496	0.01290
43	0.02303	0.02187	0.03712	0.39056	0.25605	0.02487	0.03150	0.03000	0.02296	0.03082	0.01981	0.02827	0.01558	0.01045	0.01086	0.00348	0.01393	0.00970	0.00506	0.01408
44	0.04255	0.02409	0.07112	0.02326	0.03238	0.02047	0.05769	0.10245	0.06809	0.38238	0.03771	0.03442	0.02463	0.01296	0.01107	0.00342	0.01080	0.01086	0.01170	0.01796
45	0.02187	0.05640	0.56031	0.03108	0.04719	0.02532	0.04029	0.03453	0.02302	0.03453	0.01957	0.02302	0.01381	0.01036	0.01036	0.00345	0.01611	0.00806	0.00460	0.01611
46	0.03889	0.02887	0.07579	0.02714	0.03608	0.09846	0.11782	0.04714	0.07748	0.28694	0.03342	0.03235	0.02265	0.01219	0.01115	0.00339	0.01304	0.01070	0.00986	0.01663
47	0.04059	0.02370	0.03196	0.02497	0.03253	0.06476	0.08663	0.04766	0.07470	0.34276	0.03534	0.03369	0.02384	0.01337	0.01355	0.00354	0.06804	0.01091	0.01068	0.01678
48	0.11603	0.01882	0.02434	0.01887	0.02713	0.01690	0.01559	0.05094	0.02989	0.50354	0.04012	0.03509	0.02541	0.01314	0.01053	0.00337	0.00919	0.01044	0.01279	0.01785
49	0.02639	0.01589	0.02397	0.23599	0.04192	0.01680	0.01952	0.03101	0.02422	0.18085	0.03961	0.22235	0.03708	0.01930	0.01191	0.00382	0.01031	0.01707	0.00908	0.01291
50	0.02602	0.02051	0.03297	0.15841	0.16469	0.02127	0.07015	0.07421	0.02646	0.09385	0.03286	0.16692	0.03082	0.01646	0.01179	0.00367	0.01175	0.01521	0.00783	0.01416
51	0.03796	0.02129	0.03599	0.13576	0.04385	0.02034	0.13571	0.04395	0.02810	0.33087	0.03349	0.03374	0.02211	0.01197	0.01140	0.00350	0.01245	0.01117	0.00994	0.01640
52	0.03431	0.02191	0.03484	0.20135	0.11882	0.02248	0.07446	0.07685	0.02848	0.23147	0.02923	0.03161	0.02012	0.01170	0.01112	0.00346	0.01254	0.01051	0.00872	0.01603
53	0.04294	0.02732	0.08538	0.02416	0.03333	0.08101	0.06672	0.04836	0.02979	0.39190	0.03560	0.03293	0.02315	0.01250	0.01096	0.00335	0.01204	0.01040	0.01091	0.01726
54	0.17530	0.02380	0.07134	0.02372	0.03229	0.02097	0.10347	0.04212	0.06260	0.24444	0.06616	0.03386	0.02659	0.01248	0.01050	0.00346	0.01091	0.01070	0.00969	0.01560

[dist]
# distance from previous block
# <min> <max>
8	81

[block]
# block no. 11 follows, 12 sequences, length 7
# corresponding to MSA columns:
# 510-516
name=unknown_L
#
# <colnr> <probs for GDERKNQSTAVLIFYWHMCP>
#	G	D	E	R	K	N	Q	S	T	A	V	L	I	F	Y	W	H	M	C	P
