[name]
unknown

[dist]
# distance from previous block
# <min> <max>
0	61

[block]
# block no. 0 follows, 16 sequences, length 34
# corresponding to MSA columns:
# 84-117
name=unknown_A
#
# <colnr> <probs for GDERKNQSTAVLIFYWHMCP>
#	G	D	E	R	K	N	Q	S	T	A	V	L	I	F	Y	W	H	M	C	P
0	0.02178	0.01458	0.01868	0.01864	0.02232	0.01495	0.01604	0.12486	0.02710	0.08005	0.04503	0.08720	0.04592	0.02278	0.01241	0.00406	0.00920	0.39418	0.00931	0.01094
1	0.13417	0.24377	0.03354	0.08709	0.02934	0.02691	0.04252	0.07067	0.02171	0.08957	0.02084	0.07439	0.01823	0.01170	0.00984	0.00288	0.05571	0.00877	0.00614	0.01219
2	0.01178	0.00854	0.01113	0.01321	0.01398	0.00790	0.00887	0.01353	0.01883	0.02485	0.05691	0.60935	0.10555	0.02991	0.01230	0.00388	0.00557	0.02700	0.00900	0.00790
3	0.01297	0.00977	0.01089	0.01061	0.01342	0.00862	0.00796	0.01641	0.02388	0.03188	0.27405	0.07972	0.35091	0.02144	0.01097	0.00309	0.00474	0.01820	0.08184	0.00862
4	0.02575	0.61046	0.04981	0.02024	0.07382	0.03704	0.01771	0.02908	0.01990	0.02356	0.01388	0.01627	0.01269	0.00832	0.00651	0.00214	0.01046	0.00548	0.00420	0.01269
5	0.03042	0.02950	0.03142	0.12288	0.14609	0.23379	0.06765	0.03634	0.05891	0.11746	0.02146	0.02428	0.01613	0.01003	0.00950	0.00287	0.01351	0.00834	0.00623	0.01319
6	0.02013	0.08610	0.52759	0.02807	0.04164	0.02366	0.07963	0.03062	0.02062	0.03024	0.01734	0.02064	0.01249	0.00906	0.00921	0.00302	0.01425	0.00740	0.00416	0.01410
7	0.01181	0.00843	0.01125	0.01350	0.01406	0.00787	0.00900	0.01350	0.01856	0.02474	0.05342	0.65306	0.06410	0.03036	0.01237	0.00394	0.00562	0.02755	0.00900	0.00787
8	0.03684	0.02715	0.02909	0.02230	0.03006	0.03006	0.01842	0.56661	0.04557	0.06108	0.02327	0.02327	0.01648	0.01163	0.00970	0.00291	0.01067	0.00873	0.00970	0.01648
9	0.01944	0.05013	0.60917	0.02762	0.04195	0.02251	0.03581	0.03069	0.02046	0.03069	0.01739	0.02046	0.01228	0.00921	0.00921	0.00307	0.01432	0.00716	0.00409	0.01432
10	0.02010	0.01723	0.02010	0.01436	0.02297	0.01292	0.01148	0.02440	0.02010	0.03158	0.01723	0.02010	0.01436	0.00718	0.00718	0.00144	0.00718	0.00574	0.00574	0.71863
11	0.01385	0.01038	0.01558	0.01558	0.01731	0.01211	0.01211	0.01731	0.01558	0.02250	0.02596	0.03808	0.02423	0.07269	0.62098	0.01558	0.02596	0.01038	0.00519	0.00865
12	0.03587	0.02811	0.02844	0.02231	0.02970	0.07379	0.01822	0.48973	0.08311	0.05680	0.02382	0.02377	0.01713	0.01162	0.00964	0.00291	0.01096	0.00870	0.00936	0.01601
13	0.01187	0.00983	0.01039	0.01025	0.01334	0.00836	0.00769	0.01471	0.02307	0.02850	0.18875	0.08946	0.50298	0.02368	0.01145	0.00323	0.00485	0.01992	0.00931	0.00836
14	0.01408	0.00947	0.01093	0.01093	0.01106	0.00959	0.00633	0.01433	0.01420	0.01906	0.03021	0.06159	0.03444	0.61680	0.09082	0.00984	0.01060	0.01383	0.00582	0.00607
15	0.02304	0.01970	0.02100	0.01895	0.02410	0.02257	0.01471	0.04809	0.52460	0.04037	0.09631	0.03988	0.03593	0.01383	0.01002	0.00326	0.00735	0.01163	0.00994	0.01471
16	0.01364	0.01018	0.01513	0.01536	0.01697	0.01168	0.01180	0.01692	0.01588	0.02273	0.02878	0.10115	0.02832	0.06835	0.55855	0.01438	0.02387	0.01215	0.00558	0.00857
17	0.01830	0.01723	0.02907	0.63609	0.06675	0.02153	0.02692	0.02476	0.01938	0.02476	0.01723	0.02584	0.01292	0.00969	0.00969	0.00323	0.01292	0.00861	0.00431	0.01077
18	0.01385	0.01038	0.01558	0.01558	0.01731	0.01211	0.01211	0.01731	0.01558	0.02250	0.02596	0.03808	0.02423	0.07269	0.62098	0.01558	0.02596	0.01038	0.00519	0.00865
19	0.01409	0.00940	0.01057	0.01057	0.01057	0.00940	0.00587	0.01409	0.01409	0.01879	0.03054	0.06342	0.03524	0.65938	0.04933	0.00940	0.00940	0.01409	0.00587	0.00587
20	0.01212	0.00879	0.01145	0.01300	0.01406	0.00812	0.00891	0.01438	0.02038	0.02735	0.15247	0.51005	0.10691	0.02808	0.01214	0.00373	0.00539	0.02527	0.00929	0.00812
21	0.02870	0.03127	0.02976	0.05778	0.03078	0.27155	0.04888	0.03163	0.02151	0.05996	0.01583	0.02090	0.01344	0.01293	0.01869	0.00334	0.27882	0.00780	0.00507	0.01137
22	0.03289	0.03669	0.03554	0.02849	0.03535	0.33242	0.16005	0.15603	0.03037	0.03407	0.01805	0.02104	0.01396	0.00989	0.00966	0.00279	0.01564	0.00815	0.00603	0.01290
23	0.01684	0.00842	0.01263	0.01263	0.01263	0.00842	0.00842	0.01263	0.01263	0.01684	0.01684	0.02946	0.01684	0.03367	0.03788	0.71801	0.00842	0.00842	0.00421	0.00421
24	0.02010	0.01723	0.02010	0.01436	0.02297	0.01292	0.01148	0.02440	0.02010	0.03158	0.01723	0.02010	0.01436	0.00718	0.00718	0.00144	0.00718	0.00574	0.00574	0.71863
25	0.02288	0.02964	0.14155	0.03541	0.14382	0.07027	0.13371	0.02858	0.01979	0.02783	0.01617	0.02231	0.01353	0.01169	0.01767	0.00344	0.23580	0.00870	0.00451	0.01273
26	0.01181	0.00843	0.01125	0.01350	0.01406	0.00787	0.00900	0.01350	0.01856	0.02474	0.05342	0.65306	0.06410	0.03036	0.01237	0.00394	0.00562	0.02755	0.00900	0.00787
27	0.01903	0.01092	0.01110	0.01074	0.01352	0.01145	0.00815	0.02721	0.11014	0.03684	0.03287	0.03614	0.02560	0.01159	0.00727	0.00242	0.00502	0.00934	0.60061	0.01004
28	0.01434	0.00945	0.01160	0.01154	0.01192	0.00961	0.00717	0.01464	0.01507	0.02048	0.06874	0.05717	0.03586	0.47156	0.11723	0.08712	0.01103	0.01325	0.00595	0.00627
29	0.01284	0.00922	0.01178	0.01343	0.01447	0.00875	0.00951	0.01483	0.01886	0.02468	0.05383	0.40111	0.11179	0.13245	0.01853	0.00486	0.00677	0.11605	0.00847	0.00777
30	0.03991	0.01689	0.02220	0.01724	0.02426	0.01530	0.01415	0.09541	0.02946	0.49652	0.09130	0.03590	0.02988	0.01273	0.00991	0.00299	0.00812	0.01041	0.01164	0.01577
31	0.01661	0.01153	0.01619	0.04786	0.01950	0.01275	0.01239	0.01911	0.01724	0.05850	0.03366	0.05075	0.07176	0.13642	0.27781	0.06299	0.05511	0.06499	0.00621	0.00862
32	0.02663	0.50763	0.04606	0.02151	0.08126	0.03447	0.01805	0.02997	0.02014	0.06538	0.01566	0.01805	0.01357	0.00924	0.00872	0.00238	0.05755	0.00609	0.00478	0.01288
33	0.40651	0.02353	0.02031	0.07997	0.02727	0.10234	0.01463	0.11712	0.02322	0.04107	0.01590	0.01851	0.01222	0.00952	0.00742	0.00284	0.00988	0.00632	0.00628	0.05512

[dist]
# distance from previous block
# <min> <max>
1	3

[block]
# block no. 1 follows, 16 sequences, length 15
# corresponding to MSA columns:
# 121-135
name=unknown_B
#
# <colnr> <probs for GDERKNQSTAVLIFYWHMCP>
#	G	D	E	R	K	N	Q	S	T	A	V	L	I	F	Y	W	H	M	C	P
0	0.02331	0.02290	0.07408	0.11863	0.25565	0.02225	0.09078	0.03043	0.05268	0.07242	0.05528	0.02824	0.02052	0.01080	0.01227	0.00317	0.07759	0.00961	0.00580	0.01361
1	0.02025	0.01206	0.01333	0.01120	0.01578	0.01057	0.00871	0.02465	0.02070	0.06929	0.02750	0.03090	0.02150	0.01004	0.00708	0.00204	0.00558	0.00804	0.44836	0.23241
2	0.01365	0.00939	0.01098	0.01113	0.01216	0.00898	0.00718	0.01534	0.01867	0.02552	0.15617	0.14743	0.11163	0.33548	0.02991	0.00627	0.00712	0.01704	0.04870	0.00725
3	0.72785	0.01874	0.01425	0.01275	0.01874	0.02174	0.01050	0.02849	0.01649	0.04348	0.01350	0.01574	0.01050	0.00900	0.00600	0.00300	0.00750	0.00525	0.00600	0.01050
4	0.02109	0.01564	0.01800	0.01619	0.02042	0.01669	0.01251	0.03647	0.29142	0.08572	0.28452	0.05193	0.05649	0.01600	0.01055	0.00316	0.00635	0.01376	0.01039	0.01269
5	0.01293	0.00988	0.01186	0.01136	0.01399	0.00881	0.00852	0.01676	0.02557	0.03444	0.42074	0.07969	0.26729	0.02147	0.01144	0.00313	0.00469	0.01855	0.01009	0.00881
6	0.01341	0.00989	0.01253	0.01187	0.01429	0.00901	0.00890	0.01769	0.02671	0.03714	0.52629	0.07524	0.16005	0.02046	0.01143	0.00308	0.00462	0.01793	0.01044	0.00901
7	0.02449	0.01092	0.01243	0.01111	0.01469	0.01035	0.00866	0.02881	0.02220	0.17999	0.03329	0.03534	0.02463	0.01147	0.00753	0.00245	0.00546	0.00921	0.53606	0.01092
8	0.02399	0.02303	0.03934	0.05949	0.59893	0.02303	0.02974	0.02974	0.02207	0.03166	0.01823	0.02399	0.01535	0.00864	0.00960	0.00288	0.01151	0.00864	0.00480	0.01535
9	0.01744	0.01059	0.01449	0.01577	0.01791	0.01004	0.01240	0.02054	0.02128	0.10093	0.05061	0.34923	0.05553	0.02653	0.01245	0.00403	0.00732	0.23414	0.00935	0.00941
10	0.02367	0.45208	0.24427	0.02041	0.03079	0.03286	0.02325	0.02960	0.01996	0.02554	0.01483	0.01725	0.01238	0.00861	0.00725	0.00242	0.01174	0.00587	0.00413	0.01309
11	0.02005	0.08462	0.02779	0.12076	0.13897	0.02085	0.01935	0.05359	0.02273	0.03114	0.14699	0.07329	0.03700	0.01521	0.01317	0.00327	0.09537	0.05767	0.00671	0.01145
12	0.02120	0.02120	0.02969	0.02545	0.02545	0.02969	0.02120	0.02332	0.01484	0.02332	0.01272	0.02120	0.01272	0.01696	0.03181	0.00424	0.64165	0.00848	0.00424	0.01060
13	0.01908	0.01802	0.03047	0.55753	0.13926	0.02174	0.02730	0.02544	0.01975	0.02570	0.01736	0.02559	0.01325	0.00955	0.00968	0.00318	0.01273	0.00862	0.00437	0.01139
14	0.26494	0.24590	0.13755	0.01808	0.02662	0.02867	0.01828	0.10239	0.02227	0.03650	0.01553	0.01757	0.01230	0.00915	0.00716	0.00268	0.01015	0.00605	0.00552	0.01267

[dist]
# distance from previous block
# <min> <max>
1	2

[block]
# block no. 2 follows, 16 sequences, length 78
# corresponding to MSA columns:
# 138-215
name=unknown_C
#
# <colnr> <probs for GDERKNQSTAVLIFYWHMCP>
#	G	D	E	R	K	N	Q	S	T	A	V	L	I	F	Y	W	H	M	C	P
0	0.01448	0.01117	0.01710	0.01726	0.01928	0.01123	0.05478	0.01782	0.01914	0.02570	0.04263	0.25818	0.04703	0.07996	0.14619	0.00693	0.01215	0.18270	0.00762	0.00864
1	0.01830	0.01723	0.02907	0.63609	0.06675	0.02153	0.02692	0.02476	0.01938	0.02476	0.01723	0.02584	0.01292	0.00969	0.00969	0.00323	0.01292	0.00861	0.00431	0.01077
2	0.72785	0.01874	0.01425	0.01275	0.01874	0.02174	0.01050	0.02849	0.01649	0.04348	0.01350	0.01574	0.01050	0.00900	0.00600	0.00300	0.00750	0.00525	0.00600	0.01050
3	0.01385	0.01038	0.01558	0.01558	0.01731	0.01211	0.01211	0.01731	0.01558	0.02250	0.02596	0.03808	0.02423	0.07269	0.62098	0.01558	0.02596	0.01038	0.00519	0.00865
4	0.01280	0.00978	0.01174	0.01144	0.01396	0.00872	0.00851	0.01643	0.02497	0.03348	0.38392	0.11740	0.26734	0.02217	0.01150	0.00319	0.00476	0.01921	0.00997	0.00872
5	0.13443	0.01679	0.02140	0.01665	0.02394	0.01524	0.01375	0.04474	0.02625	0.53093	0.03495	0.03070	0.02220	0.01160	0.00925	0.00300	0.00815	0.00915	0.01120	0.01570
6	0.01562	0.01116	0.01562	0.01785	0.02008	0.01116	0.01562	0.02008	0.02231	0.02900	0.05132	0.10933	0.05578	0.02677	0.01339	0.00446	0.00892	0.53369	0.00892	0.00892
7	0.01194	0.00853	0.01136	0.01341	0.01409	0.00796	0.00901	0.01382	0.01916	0.02570	0.09011	0.61363	0.06596	0.02965	0.01231	0.00388	0.00555	0.02687	0.00911	0.00796
8	0.01581	0.01210	0.01476	0.01371	0.01664	0.01215	0.01039	0.02497	0.13884	0.03920	0.48233	0.06511	0.07901	0.01847	0.01112	0.00310	0.00520	0.01621	0.01051	0.01039
9	0.01372	0.00991	0.01296	0.01219	0.01448	0.00914	0.00914	0.01829	0.02743	0.03887	0.59381	0.07240	0.09145	0.01981	0.01143	0.00305	0.00457	0.01753	0.01067	0.00914
10	0.02526	0.30949	0.20355	0.02124	0.03069	0.02736	0.05834	0.03102	0.02116	0.10611	0.02132	0.06632	0.01789	0.01066	0.00836	0.00270	0.01126	0.00842	0.00562	0.01325
11	0.02258	0.02183	0.03694	0.13866	0.39776	0.02273	0.06365	0.02822	0.02102	0.02993	0.01768	0.02393	0.01467	0.00931	0.01130	0.00296	0.06085	0.00861	0.00475	0.06262
12	0.02431	0.02702	0.18214	0.14692	0.07181	0.01961	0.02321	0.05739	0.06120	0.11668	0.02225	0.02474	0.01614	0.00965	0.00906	0.00275	0.01087	0.00796	0.00635	0.15995
13	0.01816	0.01181	0.01674	0.01595	0.01808	0.01316	0.01242	0.02118	0.01729	0.09440	0.02892	0.04456	0.02704	0.13606	0.38726	0.01166	0.06286	0.04674	0.00631	0.00940
14	0.01830	0.01723	0.02907	0.63609	0.06675	0.02153	0.02692	0.02476	0.01938	0.02476	0.01723	0.02584	0.01292	0.00969	0.00969	0.00323	0.01292	0.00861	0.00431	0.01077
15	0.29907	0.01833	0.02335	0.02901	0.21235	0.01948	0.01732	0.02832	0.01996	0.08194	0.06139	0.02676	0.02083	0.01760	0.08205	0.00448	0.01091	0.00827	0.00633	0.01228
16	0.01816	0.01430	0.02227	0.07819	0.20231	0.01419	0.01727	0.02183	0.02088	0.06235	0.07582	0.32853	0.04420	0.02007	0.01106	0.00343	0.00814	0.01835	0.00760	0.01105
17	0.45253	0.01892	0.02138	0.17865	0.10815	0.02186	0.01726	0.02770	0.01797	0.03712	0.01508	0.01943	0.01176	0.00913	0.00742	0.00304	0.00942	0.00656	0.00541	0.01121
18	0.01475	0.00984	0.01305	0.01326	0.01523	0.00911	0.00978	0.01831	0.02416	0.06289	0.34953	0.26652	0.07652	0.02338	0.01178	0.00343	0.00540	0.05392	0.01007	0.00909
19	0.72785	0.01874	0.01425	0.01275	0.01874	0.02174	0.01050	0.02849	0.01649	0.04348	0.01350	0.01574	0.01050	0.00900	0.00600	0.00300	0.00750	0.00525	0.00600	0.01050
20	0.03249	0.02443	0.02709	0.06592	0.03105	0.02719	0.01804	0.44262	0.08325	0.05392	0.02652	0.07518	0.02108	0.01312	0.00992	0.00304	0.01019	0.01041	0.00926	0.01529
21	0.02301	0.03889	0.40329	0.02592	0.03748	0.02089	0.06889	0.03382	0.06545	0.10828	0.02440	0.02991	0.01837	0.01102	0.00978	0.00319	0.01277	0.04441	0.00599	0.01423
22	0.01181	0.00843	0.01125	0.01350	0.01406	0.00787	0.00900	0.01350	0.01856	0.02474	0.05342	0.65306	0.06410	0.03036	0.01237	0.00394	0.00562	0.02755	0.00900	0.00787
23	0.01626	0.01098	0.01411	0.01297	0.01578	0.01036	0.00984	0.02214	0.06033	0.07570	0.52491	0.06769	0.08341	0.01891	0.01123	0.00306	0.00499	0.01663	0.01071	0.00999
24	0.02337	0.02364	0.07533	0.16850	0.25985	0.02283	0.09130	0.09948	0.02463	0.03376	0.02146	0.03117	0.01795	0.01070	0.01013	0.00314	0.01227	0.05117	0.00564	0.01367
25	0.01744	0.01472	0.02337	0.39601	0.04803	0.01736	0.02189	0.02313	0.02037	0.02693	0.02897	0.05277	0.02724	0.01516	0.01063	0.00354	0.01105	0.17325	0.05806	0.01006
26	0.07290	0.01528	0.01925	0.01554	0.02163	0.01414	0.01260	0.04061	0.06357	0.40802	0.07697	0.03567	0.02875	0.01238	0.00922	0.00291	0.00733	0.01005	0.11877	0.01441
27	0.01157	0.00936	0.01029	0.01105	0.01341	0.00808	0.00791	0.01377	0.02091	0.02570	0.08325	0.28008	0.41783	0.02649	0.01176	0.00349	0.00515	0.02282	0.00900	0.00808
28	0.02930	0.02355	0.11308	0.11734	0.07235	0.01981	0.06080	0.08750	0.06564	0.21985	0.02743	0.03033	0.01979	0.05474	0.01246	0.00350	0.01093	0.00953	0.00789	0.01417
29	0.08115	0.02617	0.21077	0.01907	0.02710	0.01688	0.01967	0.03270	0.06523	0.17539	0.18196	0.03856	0.03800	0.01307	0.00974	0.00306	0.00912	0.01076	0.00841	0.01320
30	0.01534	0.01095	0.01530	0.01753	0.01964	0.01091	0.01513	0.01959	0.02203	0.02869	0.05147	0.14945	0.05639	0.02704	0.01331	0.00442	0.00868	0.49634	0.00893	0.00885
31	0.01656	0.01615	0.02801	0.02200	0.02701	0.01543	0.19713	0.02146	0.02320	0.03081	0.18997	0.06034	0.23213	0.01729	0.01285	0.00328	0.05258	0.01584	0.00770	0.01025
32	0.08309	0.02553	0.14300	0.07147	0.11459	0.01984	0.05013	0.07342	0.02503	0.25893	0.02591	0.02641	0.01764	0.01035	0.00942	0.00302	0.01079	0.00868	0.00788	0.01487
33	0.29298	0.02367	0.10300	0.05976	0.06128	0.05104	0.01811	0.03128	0.06534	0.08025	0.02406	0.03398	0.02035	0.01221	0.00870	0.00322	0.00984	0.08221	0.00669	0.01201
34	0.67315	0.06912	0.01709	0.01304	0.01922	0.02304	0.01097	0.02853	0.01674	0.04187	0.01349	0.01573	0.01065	0.00894	0.00602	0.00293	0.00772	0.00524	0.00585	0.01065
35	0.03018	0.01259	0.01545	0.01295	0.01770	0.01152	0.01033	0.03433	0.02386	0.30747	0.03477	0.03464	0.02444	0.01163	0.00819	0.00261	0.00629	0.00937	0.37912	0.01259
36	0.02240	0.33165	0.35361	0.02257	0.03413	0.02976	0.02701	0.02993	0.02011	0.02708	0.01560	0.01821	0.01235	0.00879	0.00784	0.00261	0.01251	0.00626	0.00412	0.01346
37	0.01944	0.05013	0.60917	0.02762	0.04195	0.02251	0.03581	0.03069	0.02046	0.03069	0.01739	0.02046	0.01228	0.00921	0.00921	0.00307	0.01432	0.00716	0.00409	0.01432
38	0.01517	0.00962	0.01165	0.01114	0.01342	0.00911	0.00835	0.01972	0.02506	0.03795	0.40621	0.06030	0.06922	0.01697	0.00988	0.00278	0.00455	0.01469	0.24510	0.00911
39	0.02153	0.01168	0.01556	0.01378	0.01742	0.01057	0.01079	0.02588	0.02726	0.18527	0.42290	0.06402	0.07220	0.01813	0.01109	0.00311	0.00574	0.04113	0.01093	0.01104
40	0.01181	0.00843	0.01125	0.01350	0.01406	0.00787	0.00900	0.01350	0.01856	0.02474	0.05342	0.65306	0.06410	0.03036	0.01237	0.00394	0.00562	0.02755	0.00900	0.00787
41	0.01944	0.05013	0.60917	0.02762	0.04195	0.02251	0.03581	0.03069	0.02046	0.03069	0.01739	0.02046	0.01228	0.00921	0.00921	0.00307	0.01432	0.00716	0.00409	0.01432
42	0.03927	0.01556	0.02114	0.01653	0.02329	0.01352	0.01352	0.04314	0.02770	0.52544	0.11685	0.03856	0.03354	0.01310	0.00998	0.00301	0.00773	0.01085	0.01181	0.01545
43	0.01944	0.05013	0.60917	0.02762	0.04195	0.02251	0.03581	0.03069	0.02046	0.03069	0.01739	0.02046	0.01228	0.00921	0.00921	0.00307	0.01432	0.00716	0.00409	0.01432
44	0.01866	0.01690	0.06449	0.01600	0.02037	0.01516	0.01355	0.09891	0.09681	0.04029	0.35919	0.05448	0.06223	0.02085	0.05504	0.00397	0.00813	0.01415	0.00951	0.01130
45	0.02431	0.02073	0.02082	0.01840	0.02335	0.06442	0.01432	0.11069	0.33170	0.04148	0.14424	0.04023	0.03854	0.01393	0.00990	0.00308	0.00800	0.01151	0.04669	0.01364
46	0.03620	0.04619	0.02747	0.02497	0.02996	0.62047	0.01873	0.03870	0.02747	0.02372	0.01498	0.01748	0.01248	0.00999	0.00874	0.00250	0.01748	0.00624	0.00499	0.01124
47	0.02509	0.02452	0.13603	0.01966	0.02674	0.02012	0.01828	0.11460	0.20241	0.10995	0.15640	0.03891	0.03742	0.01350	0.01005	0.00310	0.00879	0.01121	0.00915	0.01406
48	0.67273	0.01856	0.01491	0.01311	0.01923	0.02114	0.01080	0.03000	0.01740	0.08876	0.01549	0.01713	0.01158	0.00924	0.00630	0.00300	0.00756	0.00561	0.00648	0.01098
49	0.04348	0.01649	0.02249	0.01724	0.02474	0.01425	0.01425	0.04723	0.02774	0.60564	0.03824	0.03299	0.02399	0.01200	0.00975	0.00300	0.00825	0.00975	0.01200	0.01649
50	0.01178	0.00855	0.01113	0.01320	0.01398	0.00790	0.00887	0.01353	0.01884	0.02486	0.05702	0.60797	0.10686	0.02990	0.01230	0.00388	0.00557	0.02698	0.00900	0.00790
51	0.02303	0.01828	0.03018	0.43300	0.16668	0.02079	0.02567	0.02896	0.02111	0.10905	0.02043	0.02649	0.01498	0.00981	0.00968	0.00313	0.01197	0.00878	0.00550	0.01250
52	0.01181	0.00843	0.01125	0.01350	0.01406	0.00787	0.00900	0.01350	0.01856	0.02474	0.05342	0.65306	0.06410	0.03036	0.01237	0.00394	0.00562	0.02755	0.00900	0.00787
53	0.01385	0.01038	0.01558	0.01558	0.01731	0.01211	0.01211	0.01731	0.01558	0.02250	0.02596	0.03808	0.02423	0.07269	0.62098	0.01558	0.02596	0.01038	0.00519	0.00865
54	0.02146	0.03023	0.17641	0.12286	0.05101	0.02364	0.36925	0.03007	0.02184	0.03007	0.01877	0.02483	0.01391	0.00862	0.01069	0.00322	0.01540	0.01008	0.00464	0.01302
55	0.22623	0.02645	0.02509	0.06941	0.09757	0.15184	0.01779	0.13813	0.02675	0.10543	0.01946	0.02134	0.01444	0.01008	0.00846	0.00288	0.01124	0.00733	0.00694	0.01313
56	0.01181	0.00843	0.01125	0.01350	0.01406	0.00787	0.00900	0.01350	0.01856	0.02474	0.05342	0.65306	0.06410	0.03036	0.01237	0.00394	0.00562	0.02755	0.00900	0.00787
57	0.72785	0.01874	0.01425	0.01275	0.01874	0.02174	0.01050	0.02849	0.01649	0.04348	0.01350	0.01574	0.01050	0.00900	0.00600	0.00300	0.00750	0.00525	0.00600	0.01050
58	0.01409	0.00940	0.01057	0.01057	0.01057	0.00940	0.00587	0.01409	0.01409	0.01879	0.03054	0.06342	0.03524	0.65938	0.04933	0.00940	0.00940	0.01409	0.00587	0.00587
59	0.01212	0.00962	0.01089	0.01104	0.01362	0.00839	0.00810	0.01503	0.02298	0.02939	0.22522	0.17633	0.37459	0.02419	0.01159	0.00332	0.00493	0.02079	0.00945	0.00839
60	0.01830	0.01723	0.02907	0.63609	0.06675	0.02153	0.02692	0.02476	0.01938	0.02476	0.01723	0.02584	0.01292	0.00969	0.00969	0.00323	0.01292	0.00861	0.00431	0.01077
61	0.02556	0.63212	0.08083	0.01718	0.02579	0.03750	0.01762	0.02911	0.01973	0.02323	0.01369	0.01581	0.01243	0.00834	0.00638	0.00213	0.01058	0.00529	0.00414	0.01254
62	0.02399	0.02303	0.03934	0.05949	0.59893	0.02303	0.02974	0.02974	0.02207	0.03166	0.01823	0.02399	0.01535	0.00864	0.00960	0.00288	0.01151	0.00864	0.00480	0.01535
63	0.01991	0.01718	0.02865	0.59652	0.06407	0.02107	0.02611	0.02620	0.01991	0.06191	0.01857	0.02630	0.01363	0.00984	0.00969	0.00322	0.01262	0.00869	0.00480	0.01113
64	0.01181	0.00843	0.01125	0.01350	0.01406	0.00787	0.00900	0.01350	0.01856	0.02474	0.05342	0.65306	0.06410	0.03036	0.01237	0.00394	0.00562	0.02755	0.00900	0.00787
65	0.02189	0.02468	0.11068	0.11793	0.07588	0.02533	0.02333	0.09130	0.02120	0.03008	0.02242	0.02787	0.05872	0.01410	0.01935	0.00358	0.28501	0.00929	0.00531	0.01204
66	0.01910	0.01804	0.03051	0.55511	0.14149	0.02174	0.02731	0.02546	0.01976	0.02573	0.01737	0.02558	0.01326	0.00954	0.00968	0.00318	0.01272	0.00862	0.00438	0.01141
67	0.01385	0.01038	0.01558	0.01558	0.01731	0.01211	0.01211	0.01731	0.01558	0.02250	0.02596	0.03808	0.02423	0.07269	0.62098	0.01558	0.02596	0.01038	0.00519	0.00865
68	0.01385	0.01038	0.01558	0.01558	0.01731	0.01211	0.01211	0.01731	0.01558	0.02250	0.02596	0.03808	0.02423	0.07269	0.62098	0.01558	0.02596	0.01038	0.00519	0.00865
69	0.01211	0.00865	0.01159	0.01383	0.01453	0.00813	0.00951	0.01401	0.01885	0.02507	0.05325	0.61069	0.06345	0.03008	0.01245	0.00398	0.00588	0.06699	0.00899	0.00795
70	0.03649	0.03769	0.02819	0.02378	0.03000	0.35683	0.01859	0.27443	0.03555	0.04040	0.01868	0.02006	0.01427	0.01072	0.00917	0.00268	0.01444	0.00735	0.00709	0.01358
71	0.72785	0.01874	0.01425	0.01275	0.01874	0.02174	0.01050	0.02849	0.01649	0.04348	0.01350	0.01574	0.01050	0.00900	0.00600	0.00300	0.00750	0.00525	0.00600	0.01050
72	0.02757	0.02270	0.02347	0.05890	0.02715	0.10127	0.01618	0.17904	0.10207	0.08530	0.16613	0.03714	0.03635	0.01393	0.01163	0.00306	0.05541	0.01092	0.00877	0.01302
73	0.02591	0.66522	0.05079	0.01658	0.02488	0.03835	0.01658	0.02902	0.01969	0.02280	0.01347	0.01555	0.01244	0.00829	0.00622	0.00207	0.01036	0.00518	0.00415	0.01244
74	0.04348	0.01649	0.02249	0.01724	0.02474	0.01425	0.01425	0.04723	0.02774	0.60564	0.03824	0.03299	0.02399	0.01200	0.00975	0.00300	0.00825	0.00975	0.01200	0.01649
75	0.01395	0.00995	0.01338	0.01338	0.01435	0.01092	0.00938	0.01590	0.01493	0.02087	0.02797	0.04919	0.02906	0.32997	0.37029	0.01287	0.01870	0.01201	0.00549	0.00743
76	0.01830	0.01723	0.02907	0.63609	0.06675	0.02153	0.02692	0.02476	0.01938	0.02476	0.01723	0.02584	0.01292	0.00969	0.00969	0.00323	0.01292	0.00861	0.00431	0.01077
77	0.01235	0.00882	0.01186	0.01411	0.01491	0.00834	0.00993	0.01443	0.01909	0.02534	0.05312	0.57612	0.06292	0.02986	0.01251	0.00401	0.00609	0.09917	0.00899	0.00802

[dist]
# distance from previous block
# <min> <max>
0	82

# created by:
# /st0/software/busco_prod/Augustus/scripts/msa2prfl.pl ./align_prep/7053.fa
