[name]
unknown

[dist]
# distance from previous block
# <min> <max>
3	138

[block]
# block no. 0 follows, 12 sequences, length 21
# corresponding to MSA columns:
# 157-177
name=unknown_A
#
# <colnr> <probs for GDERKNQSTAVLIFYWHMCP>
#	G	D	E	R	K	N	Q	S	T	A	V	L	I	F	Y	W	H	M	C	P
0	0.03268	0.01798	0.02221	0.01673	0.02508	0.01461	0.01352	0.03730	0.02602	0.24069	0.03056	0.03042	0.02179	0.01075	0.00916	0.00241	0.00820	0.00866	0.08779	0.34346
1	0.01328	0.00949	0.01265	0.01518	0.01581	0.00886	0.01012	0.01518	0.02088	0.02783	0.06010	0.60969	0.07212	0.03416	0.01392	0.00443	0.00633	0.03100	0.01012	0.00886
2	0.01497	0.01110	0.01407	0.01416	0.01670	0.01019	0.01077	0.01929	0.02793	0.03798	0.35134	0.15288	0.17362	0.02557	0.01325	0.00378	0.00593	0.07535	0.01121	0.00990
3	0.04352	0.02722	0.03067	0.02351	0.03216	0.02888	0.01942	0.38514	0.04571	0.20387	0.03084	0.02921	0.02088	0.01320	0.01092	0.00330	0.01124	0.01013	0.01162	0.01855
4	0.02843	0.02144	0.02381	0.02159	0.02754	0.02393	0.01715	0.05279	0.40540	0.10374	0.04595	0.05094	0.03637	0.01663	0.01159	0.00383	0.00889	0.07224	0.01124	0.01647
5	0.01384	0.00989	0.01329	0.01582	0.01669	0.00934	0.01109	0.01614	0.02142	0.02846	0.05979	0.54655	0.07090	0.03364	0.01407	0.00450	0.00681	0.08865	0.01011	0.00901
6	0.03129	0.01523	0.01825	0.01558	0.02074	0.01445	0.01208	0.03819	0.08489	0.24506	0.04752	0.04978	0.08523	0.08616	0.01559	0.00408	0.00788	0.01280	0.18136	0.01385
7	0.44519	0.02069	0.01949	0.01660	0.02372	0.02254	0.01356	0.04066	0.08169	0.18274	0.02596	0.02553	0.01834	0.01156	0.00837	0.00341	0.00868	0.00799	0.00904	0.01423
8	0.01474	0.01054	0.01425	0.01634	0.01774	0.01006	0.01219	0.01792	0.02333	0.03121	0.12210	0.40743	0.07353	0.03151	0.01409	0.00446	0.00719	0.15164	0.01034	0.00937
9	0.02756	0.01351	0.01762	0.01590	0.02018	0.01201	0.01200	0.03084	0.02657	0.23522	0.13188	0.21314	0.11257	0.06040	0.01512	0.00417	0.00746	0.01960	0.01150	0.01274
10	0.01765	0.01051	0.01343	0.01462	0.01612	0.00985	0.00999	0.01993	0.02151	0.07696	0.05287	0.43223	0.05928	0.09254	0.01739	0.00477	0.00691	0.02508	0.08870	0.00965
11	0.04329	0.02200	0.02687	0.02083	0.02883	0.02161	0.01712	0.20800	0.03807	0.34189	0.08296	0.03741	0.03103	0.01416	0.01112	0.00334	0.00983	0.01137	0.01247	0.01780
12	0.04276	0.04369	0.02951	0.02594	0.03225	0.43512	0.01982	0.04592	0.03098	0.15783	0.02333	0.02398	0.01725	0.01180	0.01011	0.00295	0.01709	0.00800	0.00757	0.01411
13	0.10837	0.01555	0.01694	0.01580	0.02007	0.01615	0.01209	0.03222	0.14255	0.07834	0.18038	0.12281	0.11238	0.01971	0.01129	0.00357	0.00686	0.01664	0.05590	0.01240
14	0.61447	0.02089	0.01799	0.08227	0.02745	0.02443	0.01399	0.03156	0.01894	0.04644	0.01568	0.01905	0.01213	0.01021	0.00724	0.00340	0.00915	0.00635	0.00652	0.01184
15	0.01509	0.01102	0.01446	0.01461	0.01689	0.01040	0.01101	0.01940	0.02729	0.03771	0.34977	0.17468	0.12091	0.02946	0.05127	0.00472	0.00745	0.06302	0.01095	0.00990
16	0.01368	0.01056	0.01257	0.01364	0.01591	0.00944	0.00992	0.01655	0.02402	0.03073	0.13789	0.30166	0.27185	0.02974	0.01345	0.00404	0.00612	0.05864	0.01034	0.00926
17	0.09495	0.01956	0.02190	0.01595	0.02533	0.01560	0.01280	0.02795	0.02217	0.03697	0.01893	0.02208	0.01568	0.00830	0.00793	0.00180	0.00811	0.00640	0.00649	0.61107
18	0.10209	0.02112	0.02482	0.02052	0.02631	0.02305	0.01663	0.09378	0.11029	0.13871	0.09525	0.03602	0.03171	0.01481	0.01488	0.00347	0.11401	0.01087	0.00950	0.09214
19	0.06193	0.14839	0.09372	0.02110	0.02807	0.07576	0.01938	0.06109	0.02659	0.06905	0.13718	0.03561	0.03514	0.01414	0.01292	0.00317	0.07989	0.01038	0.00758	0.05890
20	0.04075	0.02085	0.02595	0.02053	0.02736	0.02132	0.01688	0.15457	0.03327	0.31773	0.03500	0.03357	0.02376	0.01390	0.01319	0.00339	0.07270	0.01044	0.09807	0.01675

[dist]
# distance from previous block
# <min> <max>
0	7

[block]
# block no. 1 follows, 12 sequences, length 31
# corresponding to MSA columns:
# 185-215
name=unknown_B
#
# <colnr> <probs for GDERKNQSTAVLIFYWHMCP>
#	G	D	E	R	K	N	Q	S	T	A	V	L	I	F	Y	W	H	M	C	P
0	0.03341	0.01979	0.02548	0.01952	0.02710	0.01826	0.01598	0.03759	0.02509	0.24365	0.02806	0.02865	0.02021	0.01208	0.01383	0.00285	0.10609	0.00878	0.00901	0.30456
1	0.02244	0.02729	0.17596	0.02088	0.02858	0.01838	0.02083	0.03461	0.12416	0.08574	0.25212	0.05282	0.05710	0.01663	0.01163	0.00348	0.00936	0.01416	0.00981	0.01403
2	0.01510	0.01108	0.01577	0.01624	0.01779	0.01209	0.01202	0.01833	0.01912	0.02691	0.07586	0.16923	0.04373	0.11330	0.36614	0.01304	0.02086	0.01678	0.00730	0.00932
3	0.25690	0.23868	0.03566	0.02153	0.06242	0.03081	0.01742	0.03497	0.02199	0.11194	0.01955	0.02163	0.01541	0.01104	0.01015	0.00310	0.05888	0.00719	0.00672	0.01398
4	0.02562	0.01911	0.02549	0.02124	0.02688	0.01942	0.06708	0.12235	0.10142	0.08533	0.21138	0.06172	0.09014	0.01851	0.01230	0.00361	0.00908	0.05469	0.01080	0.01381
5	0.01494	0.01113	0.01390	0.01321	0.01599	0.01008	0.00990	0.01963	0.02971	0.04099	0.46008	0.08595	0.18754	0.02331	0.01287	0.00348	0.00522	0.02035	0.01164	0.01008
6	0.02933	0.03216	0.02343	0.02197	0.02531	0.30396	0.01618	0.03073	0.02374	0.02450	0.02123	0.03114	0.01976	0.07800	0.13983	0.13485	0.01907	0.00916	0.00558	0.01006
7	0.13321	0.02369	0.03299	0.04117	0.25779	0.02566	0.02416	0.03918	0.11881	0.09369	0.02590	0.02886	0.02015	0.01213	0.01289	0.00352	0.07301	0.00973	0.00747	0.01598
8	0.01542	0.01112	0.01433	0.01433	0.01559	0.01180	0.00993	0.01745	0.01756	0.02389	0.04012	0.06214	0.08766	0.31450	0.28316	0.01296	0.01839	0.01475	0.00664	0.00828
9	0.01315	0.01000	0.01212	0.01382	0.01546	0.00897	0.00952	0.01534	0.02219	0.02837	0.07668	0.44348	0.22762	0.03200	0.01358	0.00418	0.00606	0.02837	0.01012	0.00897
10	0.01409	0.01007	0.01358	0.01611	0.01709	0.00955	0.01153	0.01658	0.02167	0.02874	0.05965	0.51786	0.07035	0.03340	0.01413	0.00454	0.00703	0.11485	0.01011	0.00908
11	0.02261	0.01938	0.02261	0.01615	0.02584	0.01453	0.01292	0.02745	0.02261	0.03553	0.01938	0.02261	0.01615	0.00807	0.00807	0.00161	0.00807	0.00646	0.00646	0.68346
12	0.01328	0.00949	0.01265	0.01518	0.01581	0.00886	0.01012	0.01518	0.02088	0.02783	0.06010	0.60969	0.07212	0.03416	0.01392	0.00443	0.00633	0.03100	0.01012	0.00886
13	0.04892	0.01856	0.02530	0.01940	0.02783	0.01603	0.01603	0.05314	0.03121	0.55634	0.04302	0.03711	0.02699	0.01350	0.01096	0.00337	0.00928	0.01096	0.01350	0.01856
14	0.02044	0.01249	0.01479	0.01342	0.01767	0.01081	0.01034	0.02419	0.02784	0.13312	0.22646	0.08515	0.31537	0.02337	0.01252	0.00355	0.00612	0.01976	0.01132	0.01129
15	0.02757	0.01922	0.02312	0.01676	0.02622	0.01482	0.01351	0.03230	0.02423	0.13380	0.02384	0.02535	0.01820	0.00910	0.00862	0.00195	0.00830	0.00731	0.00779	0.55800
16	0.01592	0.01055	0.01369	0.01573	0.01730	0.01023	0.01193	0.01938	0.02254	0.03172	0.05475	0.35360	0.06092	0.02888	0.01308	0.00425	0.00723	0.16286	0.13599	0.00946
17	0.01377	0.00969	0.01251	0.01456	0.01507	0.00918	0.00946	0.01531	0.01993	0.02657	0.05524	0.50811	0.06599	0.14410	0.02176	0.00559	0.00713	0.02814	0.00946	0.00843
18	0.01328	0.00949	0.01265	0.01518	0.01581	0.00886	0.01012	0.01518	0.02088	0.02783	0.06010	0.60969	0.07212	0.03416	0.01392	0.00443	0.00633	0.03100	0.01012	0.00886
19	0.01515	0.01036	0.01247	0.01314	0.01344	0.01032	0.00801	0.01592	0.01730	0.02320	0.04086	0.21255	0.04745	0.42656	0.07871	0.00940	0.01067	0.01960	0.00749	0.00741
20	0.08244	0.03182	0.12865	0.02415	0.03364	0.02786	0.02252	0.24450	0.12300	0.12654	0.02969	0.02904	0.02092	0.01272	0.01055	0.00340	0.01155	0.00980	0.00983	0.01739
21	0.04481	0.01947	0.02518	0.01993	0.02793	0.01812	0.01626	0.05404	0.12515	0.45997	0.04327	0.03779	0.02818	0.01374	0.01099	0.00344	0.00916	0.01122	0.01304	0.01831
22	0.03120	0.52241	0.05250	0.02032	0.02900	0.13677	0.01908	0.03457	0.02370	0.02584	0.01546	0.01787	0.01400	0.00967	0.00750	0.00242	0.01307	0.00604	0.00483	0.01375
23	0.01387	0.00994	0.01318	0.01478	0.01594	0.00925	0.01017	0.01666	0.02362	0.03219	0.19258	0.46478	0.08056	0.03090	0.01363	0.00415	0.00600	0.02790	0.01064	0.00925
24	0.15031	0.02372	0.03036	0.37688	0.10148	0.08266	0.02609	0.03080	0.02242	0.03238	0.01842	0.02575	0.01421	0.01069	0.00999	0.00346	0.01379	0.00869	0.00533	0.01256
25	0.02002	0.01785	0.02919	0.48837	0.06445	0.02175	0.02656	0.02691	0.02284	0.03045	0.07610	0.03545	0.02486	0.01224	0.01088	0.00353	0.01287	0.01079	0.05311	0.01178
26	0.01728	0.01143	0.01437	0.01391	0.01683	0.01027	0.01032	0.02124	0.02776	0.08031	0.32062	0.18232	0.18242	0.02491	0.01291	0.00367	0.00579	0.02180	0.01138	0.01048
27	0.01559	0.01164	0.01407	0.01473	0.01669	0.01131	0.01051	0.02057	0.06503	0.03181	0.15272	0.25344	0.13802	0.12937	0.02059	0.00518	0.00723	0.06196	0.00995	0.00959
28	0.08188	0.02204	0.03160	0.14827	0.12197	0.02341	0.05430	0.09904	0.07170	0.13777	0.03030	0.07822	0.02417	0.01358	0.01097	0.00353	0.01155	0.01187	0.00853	0.01531
29	0.08487	0.19152	0.23586	0.02348	0.03446	0.03017	0.02571	0.12343	0.02774	0.04046	0.02068	0.02325	0.01580	0.01079	0.00904	0.00304	0.01257	0.00781	0.06417	0.01514
30	0.15336	0.02269	0.02313	0.02078	0.02697	0.02598	0.01655	0.08904	0.35001	0.04714	0.03842	0.04194	0.03041	0.01504	0.01059	0.00371	0.00900	0.04933	0.01017	0.01574

[dist]
# distance from previous block
# <min> <max>
0	31

[block]
# block no. 2 follows, 12 sequences, length 68
# corresponding to MSA columns:
# 247-314
name=unknown_C
#
# <colnr> <probs for GDERKNQSTAVLIFYWHMCP>
#	G	D	E	R	K	N	Q	S	T	A	V	L	I	F	Y	W	H	M	C	P
0	0.63803	0.02087	0.01683	0.01478	0.02167	0.02373	0.01217	0.03388	0.01965	0.09282	0.01759	0.01939	0.01312	0.01041	0.00711	0.00337	0.00851	0.00634	0.00733	0.01239
1	0.03064	0.12647	0.15018	0.07072	0.03812	0.02387	0.06500	0.03737	0.02512	0.17197	0.02527	0.02686	0.01808	0.01055	0.00981	0.00295	0.01215	0.00873	0.00743	0.13871
2	0.02528	0.27548	0.16670	0.02203	0.03046	0.02978	0.02266	0.03065	0.02221	0.06367	0.02627	0.12966	0.02554	0.01535	0.01209	0.00329	0.06726	0.01169	0.00625	0.01367
3	0.46347	0.02074	0.01922	0.01624	0.02321	0.02264	0.01332	0.07706	0.02473	0.15151	0.05690	0.02657	0.02150	0.01186	0.00836	0.00337	0.00869	0.00817	0.00880	0.01364
4	0.02530	0.01289	0.01764	0.01585	0.01862	0.01227	0.01148	0.02538	0.05238	0.12093	0.02510	0.03351	0.02115	0.02939	0.03184	0.45622	0.00926	0.00969	0.00691	0.06421
5	0.02456	0.02373	0.04062	0.11508	0.27208	0.02396	0.11573	0.03346	0.07211	0.03485	0.02612	0.07685	0.02278	0.01216	0.01129	0.00340	0.01286	0.01208	0.00635	0.05992
6	0.01782	0.01168	0.01513	0.01519	0.01804	0.01074	0.01172	0.02193	0.02719	0.07919	0.26639	0.18555	0.14681	0.02587	0.01329	0.00392	0.00661	0.10124	0.01117	0.01051
7	0.04594	0.01768	0.02372	0.01844	0.02625	0.01541	0.01515	0.05024	0.03034	0.50251	0.04224	0.03748	0.02709	0.01341	0.01062	0.00329	0.00884	0.01088	0.08279	0.01768
8	0.04625	0.02284	0.02796	0.02143	0.02997	0.02239	0.01771	0.21745	0.03838	0.38190	0.03699	0.03320	0.02397	0.01335	0.01094	0.00334	0.01025	0.01055	0.01257	0.01855
9	0.04366	0.01701	0.02252	0.01770	0.02505	0.01495	0.01448	0.04804	0.02967	0.46150	0.04165	0.03776	0.02717	0.01335	0.01035	0.00322	0.00851	0.01082	0.13559	0.01701
10	0.01328	0.00949	0.01265	0.01518	0.01581	0.00886	0.01012	0.01518	0.02088	0.02783	0.06010	0.60969	0.07212	0.03416	0.01392	0.00443	0.00633	0.03100	0.01012	0.00886
11	0.02609	0.01866	0.02081	0.01937	0.02442	0.02049	0.01543	0.04536	0.30476	0.08662	0.04498	0.05476	0.03691	0.01698	0.01114	0.00369	0.00828	0.09281	0.13365	0.01480
12	0.04814	0.01981	0.02608	0.01999	0.02846	0.01788	0.01652	0.10108	0.03330	0.50544	0.04126	0.03597	0.02611	0.01345	0.01096	0.00336	0.00956	0.01085	0.01323	0.01855
13	0.02443	0.02143	0.03271	0.48659	0.06750	0.02599	0.02852	0.11698	0.02722	0.03537	0.02063	0.02854	0.01527	0.01130	0.01090	0.00357	0.01407	0.00971	0.00596	0.01330
14	0.02233	0.02162	0.03048	0.02658	0.02694	0.02976	0.02197	0.02500	0.01685	0.02607	0.01705	0.02735	0.01669	0.03061	0.13470	0.00712	0.49245	0.00994	0.00497	0.01152
15	0.01360	0.01107	0.01203	0.01179	0.01516	0.00951	0.00884	0.01702	0.02653	0.03344	0.23116	0.09838	0.42118	0.02613	0.01288	0.00361	0.00542	0.02209	0.01065	0.00951
16	0.69383	0.02109	0.01603	0.01434	0.02109	0.02446	0.01181	0.03205	0.01856	0.04892	0.01518	0.01771	0.01181	0.01012	0.00675	0.00337	0.00843	0.00590	0.00675	0.01181
17	0.69383	0.02109	0.01603	0.01434	0.02109	0.02446	0.01181	0.03205	0.01856	0.04892	0.01518	0.01771	0.01181	0.01012	0.00675	0.00337	0.00843	0.00590	0.00675	0.01181
18	0.04214	0.01944	0.02402	0.01885	0.02626	0.01856	0.01543	0.14124	0.03374	0.36254	0.03823	0.03554	0.02545	0.01327	0.01034	0.00320	0.00906	0.01058	0.13506	0.01701
19	0.01521	0.01114	0.01427	0.01349	0.01615	0.01019	0.01011	0.02015	0.03034	0.04249	0.50561	0.08348	0.14108	0.02275	0.01286	0.00345	0.00518	0.02000	0.01184	0.01019
20	0.04073	0.05197	0.03090	0.02809	0.03371	0.57303	0.02107	0.04354	0.03090	0.02669	0.01685	0.01966	0.01404	0.01124	0.00983	0.00281	0.01966	0.00702	0.00562	0.01264
21	0.01565	0.01139	0.01604	0.01604	0.01747	0.01282	0.01178	0.01852	0.01708	0.02421	0.03056	0.05036	0.03052	0.22287	0.43697	0.01569	0.02429	0.01278	0.00604	0.00891
22	0.02212	0.01286	0.01729	0.01634	0.01997	0.01190	0.01314	0.02706	0.02950	0.13526	0.33104	0.08357	0.07900	0.02261	0.01306	0.00381	0.00712	0.13081	0.01179	0.01175
23	0.04892	0.01856	0.02530	0.01940	0.02783	0.01603	0.01603	0.05314	0.03121	0.55634	0.04302	0.03711	0.02699	0.01350	0.01096	0.00337	0.00928	0.01096	0.01350	0.01856
24	0.01543	0.01115	0.01457	0.01372	0.01629	0.01029	0.01029	0.02058	0.03086	0.04372	0.54304	0.08145	0.10288	0.02229	0.01286	0.00343	0.00514	0.01972	0.01200	0.01029
25	0.04523	0.02249	0.02750	0.02130	0.02967	0.02212	0.01752	0.19191	0.07020	0.37555	0.03803	0.03405	0.02486	0.01346	0.01096	0.00336	0.01006	0.01071	0.01256	0.01847
26	0.08767	0.04360	0.31031	0.02601	0.03645	0.12309	0.02849	0.03240	0.02365	0.03322	0.02610	0.12980	0.02439	0.01488	0.01057	0.00351	0.01424	0.01188	0.00601	0.01373
27	0.03575	0.01807	0.02259	0.01885	0.02542	0.01728	0.01531	0.07474	0.10361	0.30309	0.10193	0.05508	0.08743	0.01729	0.01170	0.00359	0.00864	0.05153	0.01221	0.01591
28	0.01386	0.00993	0.01316	0.01479	0.01594	0.00924	0.01017	0.01662	0.02354	0.03207	0.18883	0.46888	0.08032	0.03100	0.01364	0.00416	0.00601	0.02799	0.01062	0.00924
29	0.08629	0.12655	0.12046	0.03004	0.04007	0.08783	0.15466	0.15117	0.03094	0.04195	0.02052	0.02388	0.01559	0.01062	0.01030	0.00322	0.01478	0.00916	0.00667	0.01528
30	0.01445	0.01074	0.01361	0.01473	0.01681	0.00990	0.01099	0.01787	0.02496	0.03304	0.19442	0.28906	0.17747	0.02908	0.01362	0.00411	0.00646	0.09861	0.01059	0.00949
31	0.03403	0.02505	0.02772	0.02156	0.03003	0.02566	0.01749	0.25087	0.13443	0.09527	0.02921	0.02890	0.02144	0.01205	0.01016	0.00290	0.01002	0.00946	0.00992	0.20383
32	0.02745	0.01923	0.02311	0.01675	0.02621	0.01481	0.01349	0.03218	0.02419	0.13132	0.02373	0.02528	0.01814	0.00907	0.00861	0.00194	0.00830	0.00729	0.00775	0.56117
33	0.04180	0.03061	0.03163	0.02846	0.08596	0.12256	0.02086	0.25799	0.03960	0.18789	0.02844	0.02804	0.01988	0.01252	0.01072	0.00321	0.01271	0.00962	0.01010	0.01738
34	0.03102	0.01711	0.02073	0.01792	0.02371	0.01668	0.01406	0.04192	0.16061	0.24093	0.10704	0.10704	0.11638	0.01878	0.01176	0.00361	0.00785	0.01590	0.01189	0.01506
35	0.01742	0.01419	0.02193	0.13379	0.03111	0.01471	0.05717	0.02173	0.02337	0.03161	0.17674	0.12228	0.05543	0.16775	0.02329	0.00549	0.01005	0.05367	0.00830	0.00996
36	0.26442	0.01836	0.01995	0.01716	0.02401	0.01800	0.01429	0.03468	0.02391	0.17377	0.03192	0.04538	0.02705	0.01475	0.00980	0.00339	0.00892	0.10441	0.00911	0.13671
37	0.16753	0.01902	0.02360	0.01847	0.02659	0.01758	0.01525	0.04926	0.02888	0.46302	0.03790	0.03354	0.02420	0.01287	0.01019	0.00337	0.00912	0.01003	0.01225	0.01731
38	0.52192	0.02041	0.01850	0.01569	0.02289	0.02221	0.01293	0.03767	0.02193	0.18418	0.02260	0.02288	0.01586	0.01102	0.00787	0.00337	0.00866	0.00725	0.00855	0.01361
39	0.01407	0.01005	0.01356	0.01608	0.01706	0.00954	0.01149	0.01654	0.02165	0.02872	0.05966	0.52018	0.07039	0.03342	0.01413	0.00454	0.00701	0.11273	0.01011	0.00907
40	0.04892	0.01856	0.02530	0.01940	0.02783	0.01603	0.01603	0.05314	0.03121	0.55634	0.04302	0.03711	0.02699	0.01350	0.01096	0.00337	0.00928	0.01096	0.01350	0.01856
41	0.04892	0.01856	0.02530	0.01940	0.02783	0.01603	0.01603	0.05314	0.03121	0.55634	0.04302	0.03711	0.02699	0.01350	0.01096	0.00337	0.00928	0.01096	0.01350	0.01856
42	0.02915	0.62337	0.05714	0.01866	0.02799	0.04314	0.01866	0.03265	0.02215	0.02565	0.01516	0.01749	0.01399	0.00933	0.00700	0.00233	0.01166	0.00583	0.00466	0.01399
43	0.03552	0.30925	0.04271	0.02384	0.03113	0.33444	0.01998	0.03864	0.02696	0.02622	0.01609	0.01868	0.01402	0.01038	0.00855	0.00259	0.01606	0.00649	0.00519	0.01325
44	0.01328	0.00949	0.01265	0.01518	0.01581	0.00886	0.01012	0.01518	0.02088	0.02783	0.06010	0.60969	0.07212	0.03416	0.01392	0.00443	0.00633	0.03100	0.01012	0.00886
45	0.01998	0.01468	0.01651	0.01569	0.01962	0.01448	0.01245	0.10962	0.02970	0.03944	0.10931	0.12863	0.23217	0.02395	0.01244	0.00377	0.00750	0.09879	0.08006	0.01123
46	0.02149	0.01960	0.01823	0.01840	0.02138	0.11559	0.01400	0.02781	0.07403	0.03453	0.14609	0.20095	0.05843	0.02309	0.01235	0.00380	0.00934	0.10245	0.06748	0.01097
47	0.03733	0.02083	0.02486	0.02041	0.02752	0.02123	0.01640	0.10657	0.19787	0.27565	0.09364	0.04160	0.03597	0.01479	0.01120	0.00347	0.00896	0.01219	0.01224	0.01726
48	0.01833	0.01129	0.01477	0.01488	0.01736	0.01027	0.01077	0.02175	0.02604	0.09733	0.23794	0.31404	0.10944	0.02690	0.01311	0.00389	0.00620	0.02393	0.01122	0.01057
49	0.01563	0.01148	0.01649	0.01649	0.01808	0.01307	0.01234	0.01881	0.01722	0.02454	0.03015	0.04808	0.02954	0.18018	0.47831	0.01624	0.02578	0.01245	0.00598	0.00916
50	0.01538	0.01037	0.01203	0.01250	0.01261	0.01026	0.00725	0.01573	0.01678	0.02237	0.03909	0.17036	0.04561	0.50965	0.04785	0.00944	0.00979	0.01864	0.00725	0.00702
51	0.02973	0.01746	0.02135	0.01901	0.02421	0.01758	0.01494	0.08360	0.13435	0.19018	0.10897	0.16542	0.04902	0.02035	0.01215	0.00378	0.00835	0.05336	0.01160	0.01460
52	0.08407	0.01776	0.02044	0.01778	0.02377	0.01773	0.01399	0.04191	0.16414	0.22408	0.05535	0.10878	0.12737	0.01833	0.01133	0.00363	0.00803	0.01524	0.01133	0.01493
53	0.01314	0.01005	0.01207	0.01369	0.01542	0.00898	0.00946	0.01535	0.02231	0.02842	0.07826	0.42768	0.24240	0.03180	0.01355	0.00416	0.00604	0.02812	0.01012	0.00898
54	0.01605	0.01144	0.01547	0.01593	0.01727	0.01231	0.01179	0.01872	0.01831	0.02513	0.03634	0.06801	0.03832	0.26800	0.28134	0.01268	0.01886	0.09850	0.00689	0.00865
55	0.03549	0.01898	0.02583	0.07479	0.03121	0.01993	0.01808	0.09675	0.02836	0.27874	0.03306	0.03518	0.02374	0.02936	0.14230	0.00676	0.06553	0.01075	0.00984	0.01534
56	0.01392	0.00990	0.01293	0.01460	0.01553	0.00928	0.00982	0.01624	0.02224	0.03012	0.14647	0.46134	0.07469	0.08739	0.01768	0.00483	0.00651	0.02748	0.01013	0.00891
57	0.04408	0.01871	0.02481	0.01880	0.02747	0.01575	0.01545	0.04841	0.02963	0.46055	0.03867	0.03444	0.02500	0.01250	0.01043	0.00305	0.00906	0.01014	0.01220	0.14085
58	0.02088	0.01912	0.03160	0.38355	0.15560	0.02199	0.02722	0.02760	0.02405	0.03227	0.11591	0.03830	0.03131	0.01277	0.01124	0.00352	0.01250	0.01154	0.00627	0.01277
59	0.20445	0.09132	0.08205	0.14052	0.11601	0.09337	0.02355	0.03453	0.02329	0.06981	0.01927	0.02336	0.01486	0.01051	0.00920	0.00323	0.01282	0.00789	0.00605	0.01387
60	0.02339	0.01560	0.02031	0.12122	0.03057	0.01541	0.01532	0.03032	0.07386	0.13147	0.12493	0.09717	0.17648	0.01915	0.01175	0.00350	0.00834	0.01632	0.00990	0.05500
61	0.02863	0.02250	0.07900	0.01882	0.02830	0.01587	0.01692	0.03415	0.02498	0.16391	0.02830	0.03425	0.02230	0.01141	0.00959	0.00251	0.00937	0.04516	0.00829	0.39574
62	0.02922	0.01835	0.02283	0.01720	0.02573	0.01486	0.01386	0.03379	0.02448	0.17978	0.02700	0.02877	0.02033	0.01728	0.06791	0.00377	0.01062	0.00826	0.00836	0.42761
63	0.02335	0.20854	0.12668	0.02584	0.07221	0.02599	0.05289	0.02957	0.02424	0.03265	0.08010	0.04650	0.03284	0.01458	0.01044	0.00322	0.01162	0.09483	0.00669	0.07722
64	0.03545	0.02536	0.08075	0.02773	0.08599	0.02173	0.05154	0.11433	0.07089	0.23020	0.03370	0.06516	0.02502	0.01333	0.01095	0.00331	0.01098	0.01141	0.00993	0.07222
65	0.10411	0.08076	0.02696	0.06376	0.02908	0.01932	0.04596	0.03270	0.02599	0.15916	0.12918	0.04453	0.08407	0.01449	0.01036	0.00313	0.00916	0.01207	0.00914	0.09608
66	0.10467	0.16372	0.03869	0.02358	0.03254	0.03030	0.07757	0.19272	0.03313	0.12323	0.02405	0.02508	0.01765	0.01117	0.00963	0.00302	0.01166	0.00881	0.00847	0.06032
67	0.12386	0.02527	0.08660	0.07161	0.03728	0.02210	0.09873	0.07071	0.05664	0.21526	0.05974	0.03321	0.02511	0.01236	0.01075	0.00347	0.01167	0.01069	0.00926	0.01567

[dist]
# distance from previous block
# <min> <max>
13	65

[block]
# block no. 3 follows, 12 sequences, length 20
# corresponding to MSA columns:
# 381-400
name=unknown_D
#
# <colnr> <probs for GDERKNQSTAVLIFYWHMCP>
#	G	D	E	R	K	N	Q	S	T	A	V	L	I	F	Y	W	H	M	C	P
0	0.07746	0.03063	0.11384	0.08937	0.08810	0.06661	0.06962	0.12972	0.02887	0.04030	0.02435	0.03472	0.02047	0.01716	0.04423	0.00439	0.04778	0.05103	0.00688	0.01446
1	0.34886	0.01877	0.01957	0.01656	0.02336	0.01923	0.01340	0.03912	0.02414	0.26041	0.03174	0.08964	0.02470	0.01413	0.00930	0.00349	0.00856	0.01074	0.00995	0.01433
2	0.03362	0.02138	0.02492	0.02108	0.02716	0.02228	0.01690	0.25691	0.03750	0.14674	0.04072	0.18299	0.03758	0.02000	0.01205	0.00374	0.00989	0.05808	0.01112	0.01534
3	0.02723	0.01707	0.02094	0.01916	0.02390	0.01803	0.01478	0.04038	0.20367	0.16068	0.04425	0.15676	0.03852	0.03176	0.12347	0.00652	0.01240	0.01569	0.01043	0.01435
4	0.10365	0.02025	0.02499	0.01970	0.02776	0.01938	0.01615	0.08802	0.08528	0.41748	0.03935	0.03490	0.02564	0.01330	0.01060	0.00340	0.00935	0.01057	0.01243	0.01781
5	0.01368	0.00996	0.01289	0.01452	0.01581	0.00917	0.00999	0.01630	0.02322	0.03115	0.16096	0.45916	0.12048	0.03121	0.01361	0.00416	0.00602	0.02803	0.01050	0.00917
6	0.04571	0.02085	0.02638	0.02053	0.02880	0.01980	0.01686	0.12383	0.08154	0.43329	0.04057	0.03578	0.02630	0.01356	0.01097	0.00339	0.00963	0.01092	0.01287	0.01843
7	0.02188	0.01347	0.01641	0.01515	0.01893	0.01281	0.01139	0.02783	0.07340	0.12884	0.16773	0.11984	0.17484	0.08449	0.05837	0.00534	0.00875	0.01828	0.01058	0.01166
8	0.04514	0.02462	0.02906	0.02228	0.03086	0.02502	0.01840	0.28542	0.04135	0.30973	0.03450	0.03158	0.02272	0.01329	0.01094	0.00332	0.01065	0.01038	0.01219	0.01855
9	0.04285	0.01831	0.02381	0.01868	0.02613	0.01666	0.01527	0.09008	0.03239	0.42337	0.08945	0.04068	0.03365	0.01425	0.01089	0.00331	0.00881	0.01165	0.06260	0.01713
10	0.03973	0.01892	0.02375	0.01899	0.02627	0.01781	0.01541	0.09497	0.08102	0.36194	0.09334	0.04646	0.07996	0.01565	0.01132	0.00343	0.00878	0.01286	0.01256	0.01683
11	0.01965	0.01308	0.01541	0.01439	0.01816	0.01201	0.01089	0.05795	0.02847	0.09271	0.20532	0.16819	0.25297	0.02465	0.01269	0.00367	0.00644	0.02115	0.01105	0.01114
12	0.09028	0.01130	0.01077	0.01060	0.01357	0.01165	0.00806	0.02610	0.02242	0.04151	0.03345	0.03827	0.02627	0.01244	0.00753	0.00263	0.00543	0.00972	0.60769	0.01033
13	0.02236	0.01295	0.01846	0.01727	0.02031	0.01377	0.01332	0.02588	0.02011	0.13244	0.03259	0.04490	0.02861	0.12851	0.40093	0.01387	0.02306	0.01201	0.00748	0.01117
14	0.02727	0.01490	0.01862	0.01660	0.02088	0.01406	0.01253	0.08079	0.02863	0.18845	0.13192	0.20260	0.09240	0.07872	0.01643	0.00436	0.00794	0.01896	0.01116	0.01278
15	0.34392	0.02246	0.02195	0.01796	0.02525	0.02447	0.01476	0.16957	0.03032	0.14659	0.02485	0.02532	0.01766	0.01176	0.00874	0.00328	0.00934	0.00824	0.05877	0.01480
16	0.02498	0.02256	0.03434	0.03332	0.12453	0.02361	0.11596	0.07347	0.17846	0.04119	0.10915	0.04138	0.03609	0.02030	0.06625	0.00488	0.01304	0.01285	0.00859	0.01506
17	0.02841	0.02167	0.03495	0.02752	0.03441	0.02191	0.16096	0.10569	0.07706	0.11832	0.03345	0.09420	0.02801	0.02828	0.12584	0.00646	0.01603	0.01371	0.00863	0.01450
18	0.02070	0.01191	0.01502	0.01484	0.01805	0.01055	0.01088	0.02360	0.02497	0.13819	0.11541	0.31208	0.18740	0.02711	0.01295	0.00392	0.00661	0.02376	0.01099	0.01107
19	0.04686	0.02186	0.02735	0.02097	0.02948	0.02092	0.01732	0.17964	0.03673	0.42203	0.03838	0.03410	0.02466	0.01338	0.01095	0.00335	0.01003	0.01065	0.01278	0.01855

[dist]
# distance from previous block
# <min> <max>
0	1

[block]
# block no. 4 follows, 12 sequences, length 26
# corresponding to MSA columns:
# 402-427
name=unknown_E
#
# <colnr> <probs for GDERKNQSTAVLIFYWHMCP>
#	G	D	E	R	K	N	Q	S	T	A	V	L	I	F	Y	W	H	M	C	P
0	0.03383	0.01890	0.02875	0.08775	0.03474	0.01828	0.07922	0.04152	0.07853	0.27743	0.07814	0.10517	0.03591	0.01585	0.01170	0.00360	0.01031	0.01419	0.01074	0.01544
1	0.04091	0.01684	0.02242	0.01778	0.02499	0.01458	0.01447	0.04506	0.03043	0.43654	0.10826	0.05005	0.09552	0.01614	0.01140	0.00342	0.00837	0.01336	0.01293	0.01653
2	0.02329	0.01891	0.01811	0.01809	0.02049	0.12055	0.01317	0.02460	0.02332	0.07062	0.07823	0.24626	0.04722	0.02757	0.01907	0.15047	0.01004	0.05179	0.00849	0.00970
3	0.29776	0.06556	0.02492	0.07873	0.03063	0.16148	0.01680	0.03575	0.02449	0.09053	0.06130	0.02646	0.02165	0.01175	0.00889	0.00320	0.01192	0.00820	0.00724	0.01275
4	0.07373	0.01523	0.01883	0.06462	0.02545	0.01620	0.01556	0.07817	0.02549	0.03533	0.04952	0.11607	0.10514	0.07537	0.07467	0.00609	0.01172	0.17320	0.00876	0.01085
5	0.03231	0.02062	0.02762	0.06561	0.08520	0.01992	0.01875	0.04009	0.08372	0.20892	0.02985	0.03056	0.02159	0.01194	0.01215	0.00302	0.05782	0.00946	0.00897	0.21188
6	0.32832	0.02422	0.02599	0.02036	0.02856	0.02568	0.05462	0.17241	0.02946	0.05120	0.01971	0.02202	0.01494	0.01055	0.00870	0.00305	0.01022	0.00771	0.00782	0.13446
7	0.09383	0.01904	0.03102	0.02538	0.03101	0.01872	0.15651	0.06440	0.02499	0.07821	0.03691	0.20675	0.03697	0.02112	0.01478	0.05852	0.01123	0.05012	0.00833	0.01215
8	0.03581	0.06762	0.02920	0.02137	0.02875	0.02744	0.01746	0.28230	0.09677	0.12702	0.03731	0.03847	0.06498	0.05859	0.01409	0.00384	0.01056	0.01149	0.01048	0.01644
9	0.01296	0.01077	0.01133	0.01179	0.01492	0.00914	0.00861	0.01556	0.02414	0.02916	0.10143	0.19545	0.45968	0.02879	0.01307	0.00382	0.00567	0.02444	0.01012	0.00914
10	0.02416	0.02006	0.02241	0.01904	0.02564	0.01995	0.01473	0.07449	0.22399	0.04067	0.03705	0.13528	0.03312	0.01578	0.01053	0.00307	0.00828	0.01343	0.00928	0.24906
11	0.01678	0.01125	0.01316	0.01311	0.01573	0.01007	0.00927	0.01929	0.02366	0.07265	0.13528	0.19937	0.25344	0.13285	0.02059	0.00502	0.00686	0.02205	0.01001	0.00957
12	0.01944	0.01320	0.01556	0.01523	0.01927	0.01221	0.01225	0.02517	0.06317	0.09347	0.11982	0.09486	0.29480	0.02522	0.01306	0.00395	0.00725	0.13019	0.01072	0.01117
13	0.03103	0.02255	0.02477	0.02169	0.02826	0.02513	0.01704	0.05708	0.43981	0.13719	0.04413	0.04004	0.03216	0.01456	0.01107	0.00364	0.00875	0.01208	0.01153	0.01749
14	0.13347	0.01395	0.01627	0.01527	0.01940	0.01336	0.01157	0.02769	0.02512	0.15578	0.14122	0.22791	0.11196	0.02258	0.01175	0.00375	0.00705	0.01933	0.01068	0.01187
15	0.01567	0.01221	0.01401	0.01422	0.01677	0.01182	0.01013	0.02199	0.09011	0.03273	0.15676	0.22653	0.21040	0.09488	0.01785	0.00464	0.00667	0.02237	0.01018	0.01006
16	0.03386	0.02396	0.02637	0.02226	0.02934	0.02645	0.01772	0.14691	0.34537	0.14176	0.04054	0.03717	0.02924	0.01422	0.01103	0.00356	0.00941	0.01159	0.01149	0.01774
17	0.13708	0.01293	0.01483	0.01383	0.01715	0.01283	0.01056	0.02263	0.02866	0.04466	0.44838	0.07002	0.08655	0.02011	0.01176	0.00342	0.00573	0.01724	0.01106	0.01056
18	0.15311	0.01738	0.02029	0.01727	0.02349	0.01695	0.01373	0.04037	0.07927	0.27529	0.08109	0.10837	0.07361	0.01709	0.01084	0.00356	0.00814	0.01403	0.01129	0.01481
19	0.01696	0.01543	0.06856	0.01591	0.01965	0.01121	0.01311	0.02039	0.02311	0.07235	0.06945	0.35457	0.20180	0.02813	0.01301	0.00402	0.00732	0.02468	0.00984	0.01049
20	0.04892	0.01856	0.02530	0.01940	0.02783	0.01603	0.01603	0.05314	0.03121	0.55634	0.04302	0.03711	0.02699	0.01350	0.01096	0.00337	0.00928	0.01096	0.01350	0.01856
21	0.02594	0.02218	0.02364	0.02133	0.02713	0.02542	0.01655	0.05416	0.47874	0.04542	0.09477	0.04480	0.04032	0.01555	0.01127	0.00367	0.00828	0.01307	0.01119	0.01655
22	0.03161	0.01547	0.01980	0.01721	0.02244	0.01450	0.01340	0.03871	0.08615	0.26808	0.13542	0.15161	0.04974	0.01898	0.01161	0.00355	0.00759	0.01633	0.06328	0.01449
23	0.14129	0.01341	0.01447	0.01372	0.01642	0.01346	0.00940	0.02365	0.01973	0.09930	0.04107	0.13303	0.07372	0.30530	0.03205	0.00698	0.00907	0.01600	0.00829	0.00963
24	0.02507	0.02231	0.03111	0.02240	0.03223	0.01882	0.10270	0.07781	0.02607	0.03878	0.02055	0.02419	0.01646	0.00878	0.00922	0.00215	0.01032	0.00795	0.00674	0.49635
25	0.02381	0.02144	0.03396	0.25041	0.23972	0.02380	0.02742	0.03310	0.09838	0.03254	0.02351	0.03044	0.01882	0.01377	0.01409	0.07213	0.01254	0.01007	0.00598	0.01408

[dist]
# distance from previous block
# <min> <max>
0	5

[block]
# block no. 5 follows, 12 sequences, length 54
# corresponding to MSA columns:
# 433-486
name=unknown_F
#
# <colnr> <probs for GDERKNQSTAVLIFYWHMCP>
#	G	D	E	R	K	N	Q	S	T	A	V	L	I	F	Y	W	H	M	C	P
0	0.08636	0.02255	0.06854	0.01785	0.02761	0.01660	0.01572	0.03309	0.02384	0.13043	0.02328	0.02483	0.01752	0.00943	0.00867	0.00224	0.00901	0.00736	0.00759	0.44747
1	0.01940	0.01100	0.01488	0.01560	0.01751	0.01012	0.01096	0.02127	0.02263	0.10801	0.09482	0.42161	0.06273	0.03039	0.01620	0.07071	0.00698	0.02490	0.01026	0.01004
2	0.02711	0.01460	0.02017	0.08766	0.02727	0.01413	0.01478	0.03143	0.02702	0.20196	0.19295	0.06324	0.05404	0.10846	0.01865	0.00467	0.00894	0.05976	0.01059	0.01259
3	0.08430	0.02093	0.02798	0.02163	0.02940	0.02014	0.05800	0.04066	0.07476	0.22616	0.02982	0.03000	0.02129	0.01210	0.01261	0.00310	0.07056	0.00950	0.00924	0.19782
4	0.13632	0.02785	0.03226	0.02459	0.03334	0.02979	0.06647	0.34286	0.04086	0.05898	0.02341	0.02485	0.01708	0.01174	0.01018	0.00316	0.01168	0.00918	0.00929	0.08613
5	0.41985	0.02108	0.02062	0.01699	0.02448	0.02247	0.01401	0.08183	0.02570	0.22060	0.02548	0.02496	0.01749	0.01152	0.00853	0.00336	0.00903	0.00795	0.00938	0.01467
6	0.02775	0.04686	0.39292	0.03009	0.04397	0.02585	0.06840	0.10844	0.02828	0.09089	0.02304	0.02533	0.01601	0.01099	0.01068	0.00343	0.01498	0.00895	0.00649	0.01662
7	0.29476	0.01954	0.02515	0.02039	0.02717	0.01982	0.08753	0.03491	0.02431	0.17105	0.08234	0.08899	0.03168	0.01444	0.01006	0.00353	0.00960	0.01211	0.00912	0.01348
8	0.01420	0.01031	0.01360	0.01590	0.01722	0.00971	0.01161	0.01687	0.02217	0.02904	0.06405	0.45671	0.11203	0.03268	0.01408	0.00449	0.00708	0.12899	0.01010	0.00915
9	0.14388	0.02000	0.02773	0.02124	0.02968	0.01843	0.06375	0.04817	0.02876	0.42870	0.03676	0.03343	0.02368	0.01256	0.01052	0.00340	0.01004	0.01039	0.01170	0.01716
10	0.10506	0.02657	0.03178	0.02512	0.03253	0.10494	0.10681	0.08362	0.06727	0.19833	0.03018	0.03341	0.02240	0.06573	0.01467	0.00400	0.01274	0.01063	0.00911	0.01509
11	0.01703	0.01107	0.01323	0.01368	0.01603	0.00994	0.00954	0.01917	0.02249	0.07921	0.07178	0.29961	0.22442	0.11774	0.01954	0.00500	0.00698	0.02402	0.00992	0.00959
12	0.02006	0.01149	0.01548	0.01628	0.01860	0.01057	0.01189	0.02291	0.02385	0.12127	0.09379	0.42222	0.06571	0.02927	0.01344	0.00423	0.00711	0.07024	0.01084	0.01077
13	0.08351	0.01312	0.01698	0.01908	0.02184	0.01339	0.01634	0.02286	0.02408	0.03380	0.05377	0.15595	0.05859	0.02852	0.01414	0.00481	0.00955	0.38984	0.00972	0.01011
14	0.12653	0.02813	0.04912	0.03664	0.04554	0.07195	0.34348	0.03329	0.02462	0.03564	0.02431	0.08372	0.02107	0.01196	0.01179	0.00363	0.01581	0.01310	0.00616	0.01352
15	0.01943	0.01221	0.01448	0.01397	0.01783	0.01067	0.01078	0.02276	0.02600	0.11627	0.13105	0.15603	0.31613	0.02584	0.01289	0.00382	0.00659	0.06155	0.01085	0.01086
16	0.01586	0.01057	0.01189	0.01189	0.01189	0.01057	0.00661	0.01586	0.01586	0.02114	0.03436	0.07135	0.03964	0.61681	0.05550	0.01057	0.01057	0.01586	0.00661	0.00661
17	0.01580	0.01078	0.01293	0.01293	0.01329	0.01113	0.00790	0.01652	0.01616	0.02191	0.03341	0.06610	0.03736	0.51831	0.15088	0.01185	0.01400	0.01509	0.00647	0.00718
18	0.04342	0.01734	0.02354	0.01847	0.02594	0.01508	0.01508	0.04778	0.03115	0.47207	0.12521	0.04440	0.03947	0.01494	0.01128	0.00338	0.00860	0.01240	0.01325	0.01720
19	0.03412	0.01959	0.02349	0.01950	0.02596	0.01986	0.01557	0.10380	0.16789	0.23554	0.16069	0.04730	0.04576	0.01589	0.01145	0.00346	0.00845	0.01328	0.01217	0.01623
20	0.01436	0.01110	0.01308	0.01259	0.01563	0.00983	0.00944	0.01849	0.02832	0.03769	0.36011	0.09138	0.28958	0.02454	0.01287	0.00354	0.00530	0.02111	0.01121	0.00983
21	0.69383	0.02109	0.01603	0.01434	0.02109	0.02446	0.01181	0.03205	0.01856	0.04892	0.01518	0.01771	0.01181	0.01012	0.00675	0.00337	0.00843	0.00590	0.00675	0.01181
22	0.04892	0.01856	0.02530	0.01940	0.02783	0.01603	0.01603	0.05314	0.03121	0.55634	0.04302	0.03711	0.02699	0.01350	0.01096	0.00337	0.00928	0.01096	0.01350	0.01856
23	0.04145	0.03054	0.03272	0.02509	0.03381	0.03381	0.02072	0.51243	0.05127	0.06872	0.02618	0.02618	0.01854	0.01309	0.01091	0.00327	0.01200	0.00982	0.01091	0.01854
24	0.41462	0.01999	0.02004	0.01653	0.02401	0.02081	0.01363	0.04118	0.02403	0.26861	0.02723	0.02611	0.01838	0.01158	0.00857	0.00337	0.00880	0.00810	0.00967	0.01473
25	0.13694	0.09656	0.03503	0.02550	0.03332	0.18497	0.06270	0.21546	0.03530	0.04640	0.02038	0.02245	0.01561	0.01138	0.00975	0.00310	0.01416	0.00830	0.00766	0.01505
26	0.01818	0.01402	0.01568	0.01419	0.01821	0.01333	0.01093	0.09245	0.03116	0.04088	0.26469	0.08400	0.29471	0.02337	0.01258	0.00352	0.00635	0.01975	0.01097	0.01103
27	0.18326	0.01828	0.02255	0.11890	0.03289	0.01916	0.01679	0.03852	0.06314	0.22896	0.03520	0.11789	0.02863	0.01549	0.01045	0.00360	0.00952	0.01272	0.00974	0.01432
28	0.02868	0.07080	0.02894	0.02188	0.02732	0.02172	0.05903	0.10462	0.06090	0.13824	0.06906	0.19655	0.04042	0.01957	0.01363	0.00372	0.05445	0.01668	0.00978	0.01400
29	0.01989	0.01442	0.01806	0.01702	0.02051	0.01440	0.01368	0.09524	0.03250	0.04472	0.34379	0.08350	0.08013	0.02286	0.01312	0.00380	0.00740	0.13214	0.01135	0.01147
30	0.01792	0.01125	0.01485	0.01564	0.01792	0.01037	0.01156	0.02116	0.02476	0.08657	0.15859	0.34768	0.10613	0.02866	0.01347	0.00414	0.00680	0.08137	0.01084	0.01032
31	0.03495	0.02410	0.03376	0.11980	0.07170	0.02544	0.07636	0.15908	0.11590	0.17658	0.03156	0.03224	0.02218	0.01248	0.01117	0.00347	0.01194	0.01084	0.00967	0.01678
32	0.02938	0.02292	0.02472	0.02190	0.02830	0.02597	0.01713	0.05744	0.47744	0.09860	0.04424	0.04031	0.03263	0.01466	0.01108	0.00366	0.00870	0.01219	0.01134	0.01739
33	0.11151	0.01755	0.02206	0.01748	0.02485	0.01602	0.01432	0.04677	0.02864	0.42595	0.03901	0.03563	0.02556	0.01303	0.01002	0.00325	0.00856	0.01032	0.11289	0.01659
34	0.12381	0.01964	0.02162	0.01588	0.02512	0.01603	0.01275	0.02815	0.02200	0.03755	0.01875	0.02187	0.01550	0.00838	0.00787	0.00188	0.00813	0.00638	0.00650	0.58219
35	0.03210	0.01908	0.02297	0.01871	0.02470	0.01908	0.01500	0.18192	0.03730	0.18271	0.25426	0.05291	0.05722	0.01718	0.01177	0.00337	0.00833	0.01440	0.01204	0.01497
36	0.01328	0.00949	0.01265	0.01518	0.01581	0.00886	0.01012	0.01518	0.02088	0.02783	0.06010	0.60969	0.07212	0.03416	0.01392	0.00443	0.00633	0.03100	0.01012	0.00886
37	0.01553	0.01055	0.01238	0.01251	0.01296	0.01035	0.00753	0.01650	0.01864	0.02524	0.11372	0.12872	0.05254	0.46672	0.04475	0.00886	0.00931	0.01801	0.00778	0.00740
38	0.02265	0.01324	0.01686	0.01539	0.01914	0.01167	0.01115	0.02561	0.02383	0.13684	0.11737	0.23414	0.05348	0.12545	0.01950	0.00471	0.00775	0.01896	0.00992	0.11235
39	0.01656	0.01032	0.01242	0.01242	0.01242	0.01032	0.00726	0.01548	0.01548	0.02064	0.03084	0.06264	0.03492	0.48472	0.05256	0.16393	0.01032	0.01440	0.00618	0.00618
40	0.03597	0.02602	0.02843	0.02301	0.03024	0.02850	0.01908	0.39527	0.04479	0.06078	0.03177	0.04206	0.02604	0.01562	0.01124	0.00347	0.01109	0.08005	0.07004	0.01652
41	0.03379	0.01490	0.01943	0.01665	0.02158	0.01351	0.01284	0.03696	0.02564	0.30882	0.04254	0.08621	0.03586	0.16582	0.02229	0.00530	0.00917	0.05302	0.06200	0.01366
42	0.01442	0.01066	0.01244	0.01273	0.01529	0.00955	0.00927	0.01794	0.02571	0.03457	0.22971	0.20330	0.25646	0.02610	0.01265	0.00367	0.00554	0.02263	0.06782	0.00955
43	0.03556	0.02257	0.03814	0.02909	0.03754	0.02126	0.18388	0.09001	0.03051	0.25008	0.03639	0.04632	0.02797	0.01450	0.01222	0.00371	0.01276	0.08152	0.01000	0.01597
44	0.01460	0.01067	0.01372	0.01389	0.01602	0.00979	0.01006	0.01862	0.02751	0.03797	0.36830	0.23259	0.13346	0.02611	0.01316	0.00373	0.00551	0.02319	0.01130	0.00979
45	0.17816	0.01928	0.02251	0.01874	0.02566	0.01910	0.01535	0.09989	0.02961	0.29736	0.03781	0.08823	0.02975	0.01597	0.01068	0.00360	0.00925	0.05234	0.01116	0.01555
46	0.07741	0.01783	0.02047	0.01763	0.02360	0.01794	0.01395	0.04196	0.17757	0.20356	0.12798	0.05469	0.12475	0.01730	0.01131	0.00353	0.00778	0.01432	0.01152	0.01490
47	0.02385	0.02385	0.03340	0.02863	0.02863	0.03340	0.02385	0.02624	0.01670	0.02624	0.01431	0.02385	0.01431	0.01908	0.03578	0.00477	0.59685	0.00954	0.00477	0.01193
48	0.01472	0.00991	0.01352	0.01545	0.01631	0.00942	0.01081	0.01615	0.02095	0.02801	0.08465	0.43835	0.06510	0.03354	0.01829	0.10670	0.00711	0.07313	0.00942	0.00845
49	0.21064	0.01850	0.02137	0.01774	0.02455	0.01856	0.01441	0.04274	0.06928	0.29644	0.07029	0.03600	0.02899	0.01936	0.05952	0.00465	0.01046	0.01044	0.01074	0.01531
50	0.08496	0.01146	0.01308	0.01359	0.01539	0.01124	0.00929	0.01830	0.02188	0.03191	0.15731	0.25525	0.10635	0.17418	0.02325	0.00557	0.00728	0.02147	0.00930	0.00894
51	0.01493	0.01134	0.01389	0.01480	0.01685	0.01085	0.01049	0.02025	0.06852	0.03328	0.17697	0.35821	0.15139	0.02870	0.01326	0.00402	0.00613	0.02550	0.01064	0.00998
52	0.01380	0.00988	0.01311	0.01483	0.01593	0.00920	0.01016	0.01647	0.02326	0.03163	0.17542	0.48355	0.07946	0.03133	0.01366	0.00419	0.00604	0.02830	0.01057	0.00920
53	0.23691	0.01658	0.01831	0.01644	0.02076	0.01775	0.01277	0.02998	0.02293	0.14230	0.10906	0.13043	0.04078	0.06917	0.01638	0.00429	0.05974	0.01416	0.00924	0.01203

[dist]
# distance from previous block
# <min> <max>
0	1

[block]
# block no. 6 follows, 12 sequences, length 67
# corresponding to MSA columns:
# 488-554
name=unknown_G
#
# <colnr> <probs for GDERKNQSTAVLIFYWHMCP>
#	G	D	E	R	K	N	Q	S	T	A	V	L	I	F	Y	W	H	M	C	P
0	0.20282	0.01811	0.05777	0.01652	0.02178	0.01586	0.01391	0.02896	0.02463	0.12801	0.16054	0.17937	0.05139	0.01948	0.01096	0.00365	0.00785	0.01635	0.00984	0.01220
1	0.47674	0.02903	0.14312	0.01870	0.02778	0.02386	0.01881	0.03463	0.02079	0.09379	0.01884	0.02079	0.01372	0.01050	0.00799	0.00339	0.01030	0.00688	0.00689	0.01345
2	0.11014	0.02386	0.07202	0.28694	0.14937	0.02453	0.02760	0.03211	0.02256	0.07958	0.02085	0.02715	0.01575	0.01131	0.01196	0.00356	0.05163	0.00919	0.00594	0.01392
3	0.02516	0.01437	0.01949	0.02083	0.06039	0.01364	0.01409	0.03049	0.06717	0.17322	0.05114	0.36209	0.05244	0.02507	0.01264	0.00399	0.00782	0.02237	0.01076	0.01284
4	0.02486	0.01237	0.01657	0.01609	0.01902	0.01126	0.01155	0.02682	0.02310	0.18872	0.04949	0.34196	0.05141	0.08344	0.01900	0.05282	0.00786	0.02188	0.01044	0.01133
5	0.43382	0.02352	0.02234	0.18510	0.03817	0.07651	0.01812	0.03191	0.02068	0.04061	0.01658	0.02124	0.01282	0.01046	0.00826	0.00340	0.01130	0.00712	0.00608	0.01198
6	0.01566	0.01058	0.01242	0.01293	0.01320	0.01050	0.00788	0.01628	0.01719	0.02286	0.03939	0.14361	0.04551	0.49852	0.04716	0.00937	0.00999	0.05248	0.00731	0.00715
7	0.03315	0.08233	0.03124	0.07589	0.03436	0.02825	0.01922	0.21200	0.15314	0.09284	0.02935	0.02953	0.02163	0.01232	0.01022	0.00312	0.01068	0.00969	0.00943	0.10162
8	0.02053	0.01890	0.03148	0.46388	0.11319	0.02260	0.02842	0.02722	0.02226	0.02894	0.02475	0.07227	0.02182	0.01361	0.01137	0.00374	0.01355	0.04360	0.00560	0.01226
9	0.02917	0.02661	0.10128	0.23862	0.17637	0.02428	0.02898	0.08046	0.02712	0.12521	0.02438	0.02889	0.01764	0.01119	0.01082	0.00343	0.01320	0.00972	0.00701	0.01561
10	0.02988	0.26668	0.25023	0.02459	0.03614	0.08356	0.02714	0.03704	0.02449	0.09666	0.02061	0.02239	0.01558	0.01045	0.00911	0.00295	0.01389	0.00748	0.00585	0.01528
11	0.02458	0.01514	0.01864	0.01770	0.02148	0.01510	0.01318	0.06734	0.10531	0.13613	0.09491	0.32007	0.05611	0.02453	0.01259	0.00394	0.00757	0.02164	0.01115	0.01288
12	0.01450	0.00973	0.01245	0.01432	0.01540	0.00917	0.00977	0.01714	0.02202	0.03107	0.09754	0.48121	0.06824	0.03000	0.01290	0.00407	0.00604	0.02698	0.10829	0.00917
13	0.01319	0.00985	0.01228	0.01421	0.01556	0.00894	0.00969	0.01529	0.02181	0.02821	0.07188	0.49160	0.18260	0.03263	0.01368	0.00425	0.00614	0.02913	0.01012	0.00894
