[name]
unknown

[dist]
# distance from previous block
# <min> <max>
0	0

[block]
# block no. 0 follows, 11 sequences, length 12
# corresponding to MSA columns:
# 57-68
name=unknown_A
#
# <colnr> <probs for GDERKNQSTAVLIFYWHMCP>
#	G	D	E	R	K	N	Q	S	T	A	V	L	I	F	Y	W	H	M	C	P
0	0.01814	0.01296	0.01814	0.02073	0.02332	0.01296	0.01814	0.02332	0.02591	0.03368	0.05959	0.12696	0.06478	0.03109	0.01555	0.00518	0.01036	0.45848	0.01036	0.01036
1	0.02547	0.02431	0.04138	0.25251	0.36943	0.02612	0.03336	0.03245	0.02450	0.03388	0.02075	0.02863	0.01681	0.01047	0.01118	0.00349	0.01396	0.01002	0.00537	0.01591
2	0.02453	0.01335	0.01761	0.01694	0.02071	0.01172	0.01237	0.02744	0.02458	0.16657	0.05298	0.38858	0.05603	0.02678	0.01293	0.00398	0.00753	0.02386	0.01099	0.08052
3	0.02609	0.02494	0.04250	0.20477	0.41232	0.02628	0.03367	0.03300	0.02479	0.03463	0.02086	0.02843	0.01707	0.01036	0.01117	0.00345	0.01381	0.01002	0.00542	0.01641
4	0.02464	0.09204	0.23829	0.10027	0.05242	0.02909	0.19368	0.03418	0.02403	0.03352	0.02026	0.02633	0.01538	0.01089	0.01323	0.00366	0.05770	0.01014	0.00513	0.01513
5	0.01371	0.00979	0.01306	0.01567	0.01632	0.00914	0.01045	0.01567	0.02155	0.02873	0.06203	0.59710	0.07444	0.03526	0.01437	0.00457	0.00653	0.03200	0.01045	0.00914
6	0.02307	0.05009	0.42235	0.03147	0.04408	0.02816	0.03748	0.03357	0.02218	0.03357	0.01889	0.02397	0.01438	0.01287	0.01704	0.00389	0.15385	0.00869	0.00479	0.01559
7	0.04468	0.02848	0.03189	0.02445	0.03339	0.03039	0.02020	0.38799	0.04782	0.18685	0.03130	0.02980	0.02129	0.01361	0.01127	0.00340	0.01169	0.01043	0.01192	0.01914
8	0.02008	0.01634	0.07002	0.01765	0.02143	0.01204	0.01441	0.02362	0.02373	0.10617	0.05960	0.41190	0.10087	0.02895	0.01344	0.00424	0.00796	0.02574	0.01038	0.01144
9	0.01536	0.01097	0.01495	0.01756	0.01893	0.01056	0.01331	0.01852	0.02317	0.03058	0.06113	0.42197	0.07084	0.03371	0.01481	0.00480	0.00796	0.19087	0.01042	0.00960
10	0.03052	0.03329	0.10275	0.04025	0.05149	0.02996	0.32495	0.15898	0.03334	0.04533	0.02366	0.02885	0.01736	0.01067	0.01250	0.00366	0.01700	0.01198	0.00709	0.01637
11	0.03192	0.43350	0.13282	0.02145	0.03207	0.03739	0.02246	0.03717	0.02441	0.10487	0.02067	0.02200	0.01642	0.01044	0.00839	0.00275	0.01241	0.00718	0.00616	0.01550

[dist]
# distance from previous block
# <min> <max>
0	2

[block]
# block no. 1 follows, 11 sequences, length 28
# corresponding to MSA columns:
# 71-98
name=unknown_B
#
# <colnr> <probs for GDERKNQSTAVLIFYWHMCP>
#	G	D	E	R	K	N	Q	S	T	A	V	L	I	F	Y	W	H	M	C	P
0	0.01581	0.07284	0.01752	0.01354	0.01720	0.01336	0.01048	0.01929	0.02653	0.03384	0.21124	0.15777	0.29899	0.02595	0.01281	0.00369	0.00635	0.02210	0.01041	0.01027
1	0.03582	0.08911	0.17703	0.03012	0.10203	0.02426	0.02631	0.04513	0.06813	0.24172	0.03186	0.03119	0.02196	0.01220	0.01073	0.00341	0.01224	0.00991	0.00916	0.01770
2	0.02489	0.02140	0.02404	0.01875	0.02754	0.01934	0.01483	0.03885	0.18713	0.04015	0.02862	0.02957	0.02258	0.01065	0.00938	0.00239	0.00853	0.00869	0.00827	0.45441
3	0.01637	0.01091	0.01228	0.01228	0.01228	0.01091	0.00682	0.01637	0.01637	0.02182	0.03546	0.07365	0.04092	0.60445	0.05729	0.01091	0.01091	0.01637	0.00682	0.00682
4	0.03208	0.03384	0.15437	0.17150	0.04767	0.07623	0.02734	0.09943	0.02966	0.13199	0.02527	0.02818	0.01785	0.01172	0.01079	0.00336	0.01403	0.00933	0.00765	0.06770
5	0.03155	0.12712	0.16547	0.07324	0.03876	0.06963	0.02539	0.04468	0.14165	0.12791	0.02971	0.03009	0.02161	0.01232	0.01044	0.00339	0.01294	0.00961	0.00812	0.01638
6	0.02572	0.01993	0.02358	0.01696	0.02685	0.01514	0.01362	0.03066	0.02412	0.08098	0.02214	0.02465	0.01765	0.00883	0.00860	0.00183	0.00844	0.00708	0.00731	0.61591
7	0.03036	0.03149	0.04325	0.06201	0.44613	0.12068	0.03229	0.03638	0.02673	0.03514	0.02051	0.02652	0.01724	0.01031	0.01097	0.00326	0.01459	0.00954	0.00561	0.01699
8	0.02241	0.02287	0.03396	0.02687	0.03333	0.06928	0.17383	0.03067	0.07095	0.03731	0.17557	0.06182	0.15638	0.01796	0.01283	0.00365	0.01170	0.01685	0.00901	0.01276
9	0.02871	0.10085	0.28345	0.08504	0.04432	0.09890	0.03181	0.03719	0.02493	0.08239	0.02131	0.02490	0.01577	0.01183	0.01257	0.00349	0.06273	0.00855	0.00585	0.01541
10	0.01371	0.00979	0.01306	0.01567	0.01632	0.00914	0.01045	0.01567	0.02155	0.02873	0.06203	0.59710	0.07444	0.03526	0.01437	0.00457	0.00653	0.03200	0.01045	0.00914
11	0.02257	0.05822	0.54613	0.03208	0.04871	0.02614	0.04158	0.03564	0.02376	0.03564	0.02020	0.02376	0.01426	0.01069	0.01069	0.00356	0.01663	0.00832	0.00475	0.01663
12	0.02657	0.03036	0.06641	0.04744	0.05882	0.02846	0.49336	0.03605	0.02657	0.03605	0.02277	0.03036	0.01708	0.00949	0.01328	0.00380	0.01898	0.01328	0.00569	0.01518
13	0.01608	0.01206	0.01809	0.01809	0.02010	0.01407	0.01407	0.02010	0.01809	0.02613	0.03015	0.04422	0.02814	0.08441	0.55984	0.01809	0.03015	0.01206	0.00603	0.01005
14	0.02697	0.01989	0.02371	0.01712	0.02695	0.01521	0.01377	0.03189	0.02453	0.10431	0.02327	0.02534	0.01817	0.00908	0.00873	0.00191	0.00850	0.00729	0.00764	0.58571
15	0.02800	0.02418	0.02545	0.02291	0.02927	0.02800	0.01782	0.05981	0.51390	0.04708	0.04581	0.04199	0.03436	0.01527	0.01145	0.00382	0.00891	0.01273	0.01145	0.01782
16	0.41171	0.02837	0.02140	0.01891	0.02581	0.13250	0.01497	0.03866	0.08829	0.04426	0.02041	0.02228	0.01599	0.01115	0.00832	0.00326	0.01104	0.00726	0.00731	0.06810
17	0.03092	0.01977	0.02412	0.01761	0.02725	0.01543	0.01423	0.03574	0.02582	0.17774	0.02682	0.02752	0.01979	0.00990	0.00917	0.00217	0.00868	0.00797	0.00870	0.49067
18	0.02542	0.02867	0.13120	0.02721	0.03146	0.02761	0.02523	0.03009	0.02063	0.08189	0.02521	0.10248	0.02400	0.01942	0.02613	0.00446	0.33622	0.01266	0.00656	0.01344
19	0.01364	0.01007	0.01277	0.01493	0.01613	0.00920	0.01012	0.01576	0.02226	0.02902	0.07105	0.51238	0.15335	0.03409	0.01418	0.00444	0.00639	0.03057	0.01045	0.00920
20	0.05050	0.01915	0.02612	0.02003	0.02873	0.01654	0.01654	0.05485	0.03221	0.54203	0.04440	0.03831	0.02786	0.01393	0.01132	0.00348	0.00958	0.01132	0.01393	0.01915
21	0.04431	0.02492	0.02919	0.02283	0.03135	0.02564	0.01871	0.23756	0.10521	0.28169	0.03743	0.03415	0.02514	0.01394	0.01131	0.00348	0.01064	0.01102	0.01250	0.01897
22	0.15532	0.01950	0.02875	0.32216	0.05344	0.02277	0.05967	0.02976	0.02234	0.03605	0.02230	0.02978	0.01704	0.01128	0.00995	0.00350	0.01232	0.00956	0.12222	0.01230
23	0.01561	0.01122	0.01496	0.01577	0.01779	0.01056	0.01187	0.01985	0.02758	0.03799	0.30033	0.25295	0.08903	0.02827	0.01401	0.00415	0.00657	0.09996	0.01143	0.01011
24	0.01393	0.00996	0.01326	0.01552	0.01637	0.00929	0.01046	0.01622	0.02257	0.03036	0.10820	0.54631	0.07759	0.03405	0.01426	0.00447	0.00641	0.03084	0.01064	0.00929
25	0.02298	0.01758	0.02368	0.02105	0.02215	0.02174	0.01620	0.02498	0.01846	0.07337	0.02690	0.04568	0.02696	0.23114	0.11538	0.00872	0.25316	0.01256	0.00658	0.01073
26	0.09843	0.02424	0.07298	0.02171	0.02855	0.02305	0.01886	0.04518	0.18563	0.16521	0.10147	0.04086	0.03628	0.01549	0.01365	0.00375	0.06622	0.01202	0.01045	0.01595
27	0.03315	0.01540	0.02006	0.01667	0.02263	0.01345	0.01328	0.03753	0.03092	0.29688	0.20578	0.06502	0.14253	0.01935	0.01228	0.00356	0.00757	0.01634	0.01283	0.01479

[dist]
# distance from previous block
# <min> <max>
0	1

[block]
# block no. 2 follows, 11 sequences, length 51
# corresponding to MSA columns:
# 100-150
name=unknown_C
#
# <colnr> <probs for GDERKNQSTAVLIFYWHMCP>
#	G	D	E	R	K	N	Q	S	T	A	V	L	I	F	Y	W	H	M	C	P
0	0.03280	0.03003	0.03459	0.13614	0.04308	0.14167	0.07659	0.11589	0.03163	0.08857	0.07306	0.03304	0.02610	0.01379	0.01404	0.00358	0.07197	0.01094	0.00794	0.01453
1	0.03880	0.03139	0.13090	0.02436	0.03424	0.02564	0.02301	0.23369	0.03921	0.20187	0.07378	0.03462	0.02823	0.01389	0.01134	0.00346	0.01178	0.01100	0.01087	0.01792
2	0.01819	0.01496	0.02305	0.23819	0.04115	0.01772	0.01932	0.02273	0.01947	0.02625	0.02727	0.04489	0.02568	0.16677	0.23517	0.01088	0.02004	0.01217	0.00579	0.01033
3	0.22369	0.37218	0.10250	0.01941	0.02905	0.03668	0.01973	0.03374	0.02187	0.03468	0.01618	0.01878	0.01375	0.01000	0.00755	0.00286	0.01158	0.00631	0.00545	0.01403
4	0.10316	0.37486	0.20246	0.02265	0.03411	0.03671	0.02524	0.03422	0.02271	0.03204	0.01704	0.01982	0.01413	0.01005	0.00825	0.00288	0.01305	0.00673	0.00504	0.01485
5	0.01535	0.01097	0.01344	0.01362	0.01518	0.01030	0.00923	0.01813	0.02447	0.03330	0.24365	0.18745	0.12184	0.20191	0.02681	0.00600	0.00729	0.02185	0.01012	0.00906
6	0.03065	0.14397	0.33598	0.02695	0.04045	0.02698	0.03166	0.03997	0.02566	0.15701	0.02529	0.02631	0.01759	0.01130	0.01025	0.00335	0.01413	0.00865	0.00699	0.01687
7	0.55572	0.08206	0.07295	0.01694	0.02511	0.02719	0.01577	0.03340	0.01997	0.04672	0.01612	0.01880	0.01261	0.01039	0.00736	0.00339	0.00981	0.00631	0.00654	0.01285
8	0.02588	0.02453	0.04210	0.30070	0.20596	0.02690	0.09949	0.07259	0.02669	0.03590	0.02137	0.02916	0.01651	0.01083	0.01152	0.00360	0.01488	0.01051	0.00582	0.01505
9	0.02643	0.02068	0.02284	0.01990	0.02509	0.02263	0.01535	0.13757	0.22291	0.04907	0.18321	0.05440	0.05297	0.07638	0.01655	0.00435	0.00879	0.01479	0.01122	0.01487
10	0.01593	0.01150	0.01504	0.01416	0.01681	0.01062	0.01062	0.02124	0.03186	0.04513	0.52830	0.08407	0.10620	0.02301	0.01327	0.00354	0.00531	0.02035	0.01239	0.01062
11	0.02091	0.01258	0.01580	0.01465	0.01839	0.01118	0.01110	0.02507	0.02920	0.12417	0.29022	0.14138	0.19347	0.02423	0.01307	0.00371	0.00627	0.02100	0.01195	0.01163
12	0.03009	0.61122	0.05898	0.01926	0.02889	0.04454	0.01926	0.03370	0.02287	0.02648	0.01565	0.01805	0.01444	0.00963	0.00722	0.00241	0.01204	0.00602	0.00481	0.01444
13	0.01371	0.00979	0.01306	0.01567	0.01632	0.00914	0.01045	0.01567	0.02155	0.02873	0.06203	0.59710	0.07444	0.03526	0.01437	0.00457	0.00653	0.03200	0.01045	0.00914
14	0.68395	0.02177	0.01654	0.01480	0.02177	0.02525	0.01219	0.03309	0.01915	0.05050	0.01567	0.01828	0.01219	0.01045	0.00697	0.00348	0.00871	0.00609	0.00697	0.01219
15	0.01948	0.01079	0.01185	0.01158	0.01422	0.01053	0.00869	0.02474	0.02606	0.04291	0.18315	0.05451	0.05189	0.01606	0.00948	0.00290	0.00526	0.01343	0.47195	0.01053
16	0.68395	0.02177	0.01654	0.01480	0.02177	0.02525	0.01219	0.03309	0.01915	0.05050	0.01567	0.01828	0.01219	0.01045	0.00697	0.00348	0.00871	0.00609	0.00697	0.01219
17	0.15859	0.02370	0.02368	0.02129	0.02777	0.02745	0.01670	0.05449	0.41541	0.04776	0.03981	0.03727	0.02994	0.01431	0.01056	0.00375	0.00887	0.01141	0.01056	0.01670
18	0.49102	0.02097	0.01946	0.01639	0.02389	0.02260	0.01352	0.03971	0.02313	0.20020	0.02442	0.02438	0.01696	0.01151	0.00829	0.00348	0.00897	0.00769	0.00909	0.01431
19	0.01699	0.01237	0.01654	0.01783	0.02057	0.01191	0.01493	0.02198	0.02766	0.03676	0.20468	0.11231	0.12383	0.02842	0.01464	0.00455	0.00839	0.28429	0.01098	0.01035
20	0.01371	0.00979	0.01306	0.01567	0.01632	0.00914	0.01045	0.01567	0.02155	0.02873	0.06203	0.59710	0.07444	0.03526	0.01437	0.00457	0.00653	0.03200	0.01045	0.00914
21	0.16360	0.02516	0.02778	0.02169	0.03021	0.02634	0.01791	0.24810	0.03905	0.24129	0.03136	0.02959	0.02108	0.01310	0.01049	0.00344	0.01067	0.00983	0.01146	0.01787
22	0.01387	0.01142	0.01219	0.01200	0.01555	0.00974	0.00900	0.01725	0.02699	0.03358	0.20339	0.10309	0.43831	0.02732	0.01330	0.00374	0.00562	0.02302	0.01087	0.00974
23	0.43326	0.02073	0.02033	0.01687	0.02452	0.02180	0.01391	0.04170	0.02432	0.24502	0.02704	0.02621	0.01839	0.01183	0.00869	0.00348	0.00905	0.00816	0.00972	0.01495
24	0.04972	0.02040	0.02689	0.02062	0.02935	0.01839	0.01703	0.09937	0.03430	0.49457	0.04265	0.03717	0.02698	0.01389	0.01131	0.00347	0.00986	0.01120	0.01366	0.01915
25	0.03796	0.01994	0.02601	0.02447	0.07678	0.01908	0.01754	0.08913	0.08030	0.29513	0.04901	0.09956	0.07962	0.01719	0.01181	0.00363	0.00948	0.01450	0.01191	0.01695
26	0.01925	0.01181	0.01600	0.01727	0.01952	0.01107	0.01306	0.02260	0.02484	0.09068	0.10425	0.36782	0.06975	0.03060	0.01420	0.00450	0.00771	0.13331	0.01102	0.01074
27	0.01972	0.01150	0.01487	0.01609	0.01832	0.01090	0.01207	0.02320	0.02389	0.08402	0.05480	0.33895	0.05888	0.02794	0.01301	0.00420	0.00734	0.10976	0.13989	0.01066
28	0.55536	0.13769	0.02489	0.01568	0.02317	0.02904	0.01358	0.03321	0.01989	0.04578	0.01567	0.01824	0.01263	0.01029	0.00702	0.00327	0.00936	0.00608	0.00654	0.01263
29	0.04916	0.02130	0.02745	0.02104	0.02980	0.01973	0.01738	0.13145	0.03580	0.46036	0.04139	0.03635	0.02635	0.01386	0.01131	0.00346	0.01006	0.01111	0.01347	0.01915
30	0.15635	0.02145	0.02971	0.16914	0.09035	0.02336	0.05585	0.08608	0.02696	0.09189	0.02726	0.07076	0.02221	0.01330	0.01050	0.00356	0.01160	0.01129	0.06420	0.01418
31	0.08947	0.02148	0.02969	0.13455	0.03698	0.02724	0.02241	0.03061	0.02167	0.09083	0.07092	0.03264	0.02527	0.01680	0.02361	0.00425	0.29097	0.01074	0.00692	0.01296
32	0.01593	0.01150	0.01504	0.01416	0.01681	0.01062	0.01062	0.02124	0.03186	0.04513	0.52830	0.08407	0.10620	0.02301	0.01327	0.00354	0.00531	0.02035	0.01239	0.01062
33	0.01504	0.01117	0.01401	0.01394	0.01643	0.01014	0.01021	0.01928	0.02881	0.03940	0.36601	0.18417	0.17727	0.02629	0.01348	0.00378	0.00561	0.02314	0.01168	0.01014
34	0.68395	0.02177	0.01654	0.01480	0.02177	0.02525	0.01219	0.03309	0.01915	0.05050	0.01567	0.01828	0.01219	0.01045	0.00697	0.00348	0.00871	0.00609	0.00697	0.01219
35	0.01522	0.01133	0.01416	0.01375	0.01646	0.01027	0.01020	0.01976	0.02975	0.04082	0.40662	0.13381	0.18598	0.02516	0.01338	0.00368	0.00549	0.02204	0.01184	0.01027
36	0.03009	0.61122	0.05898	0.01926	0.02889	0.04454	0.01926	0.03370	0.02287	0.02648	0.01565	0.01805	0.01444	0.00963	0.00722	0.00241	0.01204	0.00602	0.00481	0.01444
37	0.01928	0.01236	0.01544	0.01417	0.01780	0.01103	0.01080	0.02388	0.03039	0.09883	0.37195	0.08469	0.19998	0.02330	0.01306	0.00360	0.00590	0.02014	0.01210	0.01133
38	0.03009	0.61122	0.05898	0.01926	0.02889	0.04454	0.01926	0.03370	0.02287	0.02648	0.01565	0.01805	0.01444	0.00963	0.00722	0.00241	0.01204	0.00602	0.00481	0.01444
39	0.07816	0.03203	0.17668	0.07780	0.03880	0.02196	0.02448	0.07583	0.02724	0.13248	0.02483	0.02682	0.01775	0.01093	0.01000	0.00304	0.01200	0.00858	0.00770	0.19288
40	0.09644	0.38137	0.15035	0.02149	0.03218	0.03611	0.02281	0.03611	0.02360	0.08146	0.01940	0.02123	0.01550	0.01035	0.00830	0.00286	0.01239	0.00701	0.00592	0.01512
41	0.05050	0.01915	0.02612	0.02003	0.02873	0.01654	0.01654	0.05485	0.03221	0.54203	0.04440	0.03831	0.02786	0.01393	0.01132	0.00348	0.00958	0.01132	0.01393	0.01915
42	0.01367	0.00995	0.01290	0.01525	0.01621	0.00918	0.01026	0.01572	0.02195	0.02890	0.06715	0.54903	0.11921	0.03460	0.01426	0.00450	0.00645	0.03119	0.01045	0.00918
43	0.02947	0.08826	0.26661	0.10790	0.04508	0.02571	0.03047	0.04095	0.07454	0.14206	0.02747	0.02910	0.01928	0.01183	0.01069	0.00350	0.01373	0.00945	0.00741	0.01649
44	0.02010	0.02111	0.07681	0.07825	0.03307	0.01852	0.07266	0.03103	0.11510	0.03859	0.18821	0.16098	0.05830	0.02009	0.01270	0.00385	0.00987	0.01824	0.00956	0.01294
45	0.03824	0.01556	0.01963	0.01607	0.02225	0.01403	0.01294	0.04296	0.02864	0.33437	0.04121	0.03983	0.02827	0.01359	0.00989	0.00313	0.00778	0.01097	0.28510	0.01556
46	0.08625	0.02309	0.03974	0.25961	0.10510	0.02457	0.13511	0.03584	0.02512	0.12037	0.02453	0.03026	0.01770	0.01110	0.01135	0.00365	0.01429	0.01065	0.00691	0.01476
47	0.08501	0.10212	0.32799	0.02839	0.04175	0.02646	0.06579	0.03853	0.02492	0.12213	0.02366	0.02568	0.01662	0.01103	0.01032	0.00344	0.01446	0.00877	0.00658	0.01635
48	0.04043	0.05025	0.03115	0.02829	0.03416	0.49803	0.02129	0.04666	0.08745	0.02980	0.02067	0.02280	0.01679	0.01202	0.01030	0.00301	0.01898	0.00788	0.00645	0.01360
49	0.02193	0.01175	0.01444	0.01444	0.01734	0.01087	0.01055	0.02555	0.02492	0.11675	0.08977	0.27124	0.08742	0.02391	0.01180	0.00369	0.00649	0.02088	0.20499	0.01129
50	0.03045	0.19950	0.17172	0.08384	0.04416	0.02993	0.11301	0.03801	0.02545	0.12554	0.02381	0.02666	0.01741	0.01082	0.01035	0.00328	0.01430	0.00930	0.00666	0.01579

[dist]
# distance from previous block
# <min> <max>
0	11

[block]
# block no. 3 follows, 11 sequences, length 13
# corresponding to MSA columns:
# 167-179
name=unknown_D
#
# <colnr> <probs for GDERKNQSTAVLIFYWHMCP>
#	G	D	E	R	K	N	Q	S	T	A	V	L	I	F	Y	W	H	M	C	P
0	0.02626	0.03731	0.24953	0.09945	0.04704	0.02296	0.09373	0.03549	0.02485	0.09208	0.02321	0.02702	0.01676	0.01048	0.01071	0.00322	0.01426	0.00922	0.00634	0.15007
1	0.01688	0.01349	0.01595	0.01462	0.01924	0.01148	0.01150	0.02124	0.02701	0.03651	0.20785	0.08559	0.23197	0.02293	0.01254	0.00346	0.00679	0.07880	0.01020	0.15194
2	0.02712	0.33690	0.23018	0.02434	0.03608	0.03579	0.02712	0.03774	0.08601	0.03242	0.02115	0.02317	0.01692	0.01073	0.00901	0.00300	0.01329	0.00770	0.00564	0.01566
3	0.01448	0.01012	0.01283	0.01469	0.01515	0.00966	0.00940	0.01587	0.02005	0.02673	0.05433	0.44536	0.06472	0.20026	0.02681	0.00641	0.00780	0.02747	0.00940	0.00847
4	0.01712	0.01296	0.01839	0.13903	0.02985	0.01350	0.01491	0.02225	0.02699	0.03795	0.27846	0.17055	0.07269	0.02195	0.01256	0.00371	0.00770	0.01949	0.06920	0.01073
5	0.01844	0.01580	0.02550	0.10084	0.03204	0.01702	0.08108	0.02257	0.02207	0.03075	0.04306	0.32404	0.04728	0.02456	0.01573	0.00421	0.07436	0.02186	0.06783	0.01093
6	0.23717	0.01699	0.01805	0.01579	0.02171	0.01725	0.01290	0.03723	0.02516	0.20319	0.03465	0.04104	0.02656	0.01416	0.00938	0.00340	0.00817	0.04965	0.19378	0.01377
7	0.02853	0.33323	0.04556	0.08726	0.08100	0.03482	0.02121	0.09450	0.02705	0.03410	0.02415	0.09563	0.02315	0.01366	0.00951	0.00306	0.01184	0.01073	0.00651	0.01451
8	0.10606	0.01485	0.01696	0.01534	0.01974	0.01464	0.01188	0.02946	0.07465	0.09996	0.30604	0.06988	0.13676	0.02041	0.01208	0.00359	0.00662	0.01726	0.01152	0.01230
9	0.08096	0.02198	0.08298	0.19059	0.04210	0.01926	0.02177	0.03346	0.02655	0.15300	0.12322	0.04686	0.08029	0.01537	0.01139	0.00361	0.01087	0.01286	0.00899	0.01388
10	0.02765	0.16077	0.16019	0.07671	0.04375	0.03036	0.12157	0.04081	0.12572	0.06484	0.02640	0.02901	0.01988	0.01140	0.01070	0.00342	0.01396	0.01006	0.00689	0.01589
11	0.07812	0.06500	0.01977	0.01600	0.02023	0.01507	0.01202	0.02207	0.02269	0.03362	0.08284	0.32551	0.05344	0.02383	0.01165	0.00356	0.00750	0.02084	0.00897	0.15727
12	0.03446	0.02712	0.09700	0.02160	0.03078	0.02217	0.01971	0.18021	0.03530	0.17477	0.04497	0.04331	0.11019	0.01525	0.01121	0.00330	0.01059	0.01217	0.01035	0.09555

[dist]
# distance from previous block
# <min> <max>
4	31

[block]
# block no. 4 follows, 11 sequences, length 32
# corresponding to MSA columns:
# 211-242
name=unknown_E
#
# <colnr> <probs for GDERKNQSTAVLIFYWHMCP>
#	G	D	E	R	K	N	Q	S	T	A	V	L	I	F	Y	W	H	M	C	P
0	0.02045	0.01504	0.02152	0.10231	0.08248	0.01456	0.01666	0.02431	0.02362	0.07580	0.05080	0.30415	0.09235	0.02398	0.01262	0.00387	0.00885	0.02143	0.00908	0.07610
1	0.02533	0.02245	0.03398	0.42027	0.10005	0.02678	0.02906	0.09886	0.06414	0.03678	0.02304	0.03033	0.01726	0.01179	0.01126	0.00367	0.01405	0.01023	0.00643	0.01424
2	0.10122	0.01728	0.02157	0.01741	0.02405	0.01589	0.01381	0.04423	0.02780	0.36810	0.03963	0.04193	0.02839	0.09851	0.01716	0.00446	0.00923	0.01147	0.08204	0.01581
3	0.03009	0.61122	0.05898	0.01926	0.02889	0.04454	0.01926	0.03370	0.02287	0.02648	0.01565	0.01805	0.01444	0.00963	0.00722	0.00241	0.01204	0.00602	0.00481	0.01444
4	0.02512	0.02116	0.02297	0.02082	0.02631	0.02386	0.01610	0.05063	0.39923	0.04662	0.16059	0.05200	0.05145	0.01711	0.01189	0.00375	0.00805	0.01454	0.01168	0.01610
5	0.01593	0.01150	0.01504	0.01416	0.01681	0.01062	0.01062	0.02124	0.03186	0.04513	0.52830	0.08407	0.10620	0.02301	0.01327	0.00354	0.00531	0.02035	0.01239	0.01062
6	0.01459	0.01097	0.01352	0.01390	0.01625	0.00989	0.01004	0.01828	0.02720	0.03647	0.28312	0.24268	0.20584	0.02806	0.01361	0.00391	0.00577	0.02469	0.01131	0.00989
7	0.02264	0.01672	0.02110	0.02168	0.02557	0.01758	0.01857	0.09500	0.07729	0.04035	0.05356	0.10431	0.05525	0.02702	0.01453	0.00479	0.01051	0.35057	0.01060	0.01235
8	0.04204	0.05364	0.03190	0.02900	0.03480	0.55926	0.02175	0.04494	0.03190	0.02755	0.01740	0.02030	0.01450	0.01160	0.01015	0.00290	0.02030	0.00725	0.00580	0.01305
9	0.02334	0.02001	0.02334	0.01667	0.02667	0.01500	0.01334	0.02834	0.02334	0.03668	0.02001	0.02334	0.01667	0.00834	0.00834	0.00167	0.00834	0.00667	0.00667	0.67325
10	0.02334	0.02001	0.02334	0.01667	0.02667	0.01500	0.01334	0.02834	0.02334	0.03668	0.02001	0.02334	0.01667	0.00834	0.00834	0.00167	0.00834	0.00667	0.00667	0.67325
11	0.01637	0.01091	0.01228	0.01228	0.01228	0.01091	0.00682	0.01637	0.01637	0.02182	0.03546	0.07365	0.04092	0.60445	0.05729	0.01091	0.01091	0.01637	0.00682	0.00682
12	0.68395	0.02177	0.01654	0.01480	0.02177	0.02525	0.01219	0.03309	0.01915	0.05050	0.01567	0.01828	0.01219	0.01045	0.00697	0.00348	0.00871	0.00609	0.00697	0.01219
13	0.03040	0.02364	0.02552	0.02260	0.02921	0.02677	0.01768	0.05928	0.46243	0.09998	0.04566	0.04160	0.03366	0.01513	0.01144	0.00378	0.00898	0.01257	0.01172	0.01796
14	0.02228	0.02014	0.03389	0.42465	0.15401	0.02369	0.02956	0.02830	0.02224	0.02923	0.02017	0.03007	0.01600	0.01401	0.01473	0.07515	0.01415	0.00998	0.00509	0.01266
15	0.02481	0.02045	0.03567	0.34912	0.06046	0.02279	0.11075	0.03207	0.02428	0.07815	0.02511	0.03254	0.01853	0.01144	0.01114	0.00357	0.01383	0.01079	0.10120	0.01330
16	0.09948	0.02490	0.03968	0.10445	0.39148	0.02548	0.03019	0.03575	0.02527	0.08441	0.02263	0.02800	0.01790	0.01055	0.01072	0.00341	0.01267	0.00973	0.00644	0.01687
17	0.68395	0.02177	0.01654	0.01480	0.02177	0.02525	0.01219	0.03309	0.01915	0.05050	0.01567	0.01828	0.01219	0.01045	0.00697	0.00348	0.00871	0.00609	0.00697	0.01219
18	0.04109	0.01707	0.02311	0.01843	0.02549	0.01493	0.01493	0.04571	0.03212	0.40681	0.17608	0.05076	0.04918	0.01640	0.01185	0.00350	0.00842	0.01378	0.01351	0.01683
19	0.03009	0.61122	0.05898	0.01926	0.02889	0.04454	0.01926	0.03370	0.02287	0.02648	0.01565	0.01805	0.01444	0.00963	0.00722	0.00241	0.01204	0.00602	0.00481	0.01444
20	0.02330	0.01316	0.01775	0.01718	0.02075	0.01216	0.01359	0.02781	0.02879	0.14358	0.23819	0.17144	0.07472	0.02508	0.01358	0.00409	0.00759	0.12322	0.01191	0.01209
21	0.08580	0.06848	0.09810	0.07144	0.03454	0.02086	0.02138	0.04211	0.02759	0.27782	0.03676	0.04530	0.02797	0.01513	0.01120	0.00368	0.01126	0.07436	0.01015	0.01607
22	0.01637	0.01091	0.01228	0.01228	0.01228	0.01091	0.00682	0.01637	0.01637	0.02182	0.03546	0.07365	0.04092	0.60445	0.05729	0.01091	0.01091	0.01637	0.00682	0.00682
23	0.01403	0.01004	0.01335	0.01545	0.01640	0.00935	0.01047	0.01647	0.02303	0.03109	0.12914	0.52326	0.07901	0.03350	0.01421	0.00442	0.00635	0.03032	0.01073	0.00935
24	0.02729	0.02047	0.03345	0.42681	0.11085	0.02360	0.02883	0.03414	0.02460	0.12473	0.02464	0.03135	0.01765	0.01164	0.01125	0.00366	0.01385	0.01025	0.00671	0.01423
25	0.04367	0.02115	0.03123	0.02366	0.03224	0.01944	0.08484	0.09109	0.03257	0.37996	0.03897	0.03643	0.02558	0.01318	0.01129	0.00344	0.01080	0.01142	0.07122	0.01780
26	0.14167	0.01953	0.02474	0.01927	0.02773	0.01780	0.01592	0.05172	0.03033	0.47129	0.04027	0.03543	0.02561	0.01343	0.01069	0.00348	0.00945	0.01057	0.01293	0.01815
27	0.01572	0.01076	0.01309	0.01415	0.01460	0.01056	0.00904	0.01683	0.01890	0.02512	0.04604	0.24086	0.05362	0.37248	0.03994	0.00839	0.00950	0.06423	0.00829	0.00788
28	0.13589	0.02516	0.03896	0.16110	0.19312	0.02779	0.09040	0.07331	0.02562	0.03929	0.02014	0.02671	0.01600	0.01151	0.01320	0.00367	0.06724	0.00981	0.00613	0.01496
29	0.01475	0.01114	0.01372	0.01441	0.01684	0.01011	0.01070	0.01839	0.02657	0.03510	0.23055	0.23894	0.21763	0.02884	0.01381	0.00406	0.00626	0.06725	0.01108	0.00985
30	0.04649	0.02324	0.02836	0.02200	0.03062	0.02291	0.01809	0.18757	0.07485	0.36348	0.03930	0.03521	0.02574	0.01391	0.01131	0.00348	0.01037	0.01107	0.01294	0.01905
31	0.02429	0.08747	0.08371	0.31184	0.05563	0.02700	0.02697	0.07515	0.07158	0.03482	0.02634	0.07900	0.02232	0.01373	0.01106	0.00363	0.01328	0.01162	0.00662	0.01393

[dist]
# distance from previous block
# <min> <max>
0	2

[block]
# block no. 5 follows, 11 sequences, length 59
# corresponding to MSA columns:
# 246-270,273-306
name=unknown_F
#
# <colnr> <probs for GDERKNQSTAVLIFYWHMCP>
#	G	D	E	R	K	N	Q	S	T	A	V	L	I	F	Y	W	H	M	C	P
0	0.25616	0.02717	0.02498	0.08367	0.03290	0.10406	0.01851	0.04220	0.17647	0.04172	0.02579	0.02786	0.02001	0.01299	0.01181	0.00365	0.05902	0.00909	0.00781	0.01412
1	0.04629	0.02331	0.02838	0.02204	0.03064	0.02304	0.01811	0.18879	0.07856	0.35847	0.03927	0.03520	0.02577	0.01392	0.01131	0.00348	0.01037	0.01108	0.01292	0.01904
2	0.01508	0.01147	0.01386	0.01327	0.01629	0.01026	0.00995	0.01959	0.02985	0.04036	0.39407	0.09193	0.24340	0.02479	0.01328	0.00362	0.00544	0.02146	0.01176	0.01026
3	0.01608	0.01206	0.01809	0.01809	0.02010	0.01407	0.01407	0.02010	0.01809	0.02613	0.03015	0.04422	0.02814	0.08441	0.55984	0.01809	0.03015	0.01206	0.00603	0.01005
4	0.04279	0.03153	0.03378	0.02590	0.03490	0.03490	0.02139	0.49671	0.05292	0.07093	0.02702	0.02702	0.01914	0.01351	0.01126	0.00338	0.01239	0.01013	0.01126	0.01914
5	0.01434	0.01006	0.01288	0.01487	0.01537	0.00956	0.00959	0.01584	0.02033	0.02711	0.05578	0.47386	0.06655	0.16927	0.02447	0.00606	0.00756	0.02832	0.00959	0.00860
6	0.02462	0.02462	0.03447	0.02955	0.02955	0.03447	0.02462	0.02709	0.01724	0.02709	0.01477	0.02462	0.01477	0.01970	0.03694	0.00492	0.58385	0.00985	0.00492	0.01231
7	0.02786	0.02674	0.04568	0.06908	0.53424	0.02674	0.03454	0.03454	0.02563	0.03677	0.02117	0.02786	0.01783	0.01003	0.01114	0.00334	0.01337	0.01003	0.00557	0.01783
8	0.03686	0.02858	0.03044	0.02470	0.03265	0.03214	0.01996	0.32168	0.23759	0.06138	0.03455	0.03302	0.02524	0.01422	0.01134	0.00355	0.01099	0.01117	0.01134	0.01861
9	0.04279	0.03153	0.03378	0.02590	0.03490	0.03490	0.02139	0.49671	0.05292	0.07093	0.02702	0.02702	0.01914	0.01351	0.01126	0.00338	0.01239	0.01013	0.01126	0.01914
10	0.02800	0.02418	0.02545	0.02291	0.02927	0.02800	0.01782	0.05981	0.51390	0.04708	0.04581	0.04199	0.03436	0.01527	0.01145	0.00382	0.00891	0.01273	0.01145	0.01782
11	0.02126	0.02001	0.03376	0.57739	0.07752	0.02501	0.03126	0.02876	0.02251	0.02876	0.02001	0.03001	0.01500	0.01125	0.01125	0.00375	0.01500	0.01000	0.00500	0.01250
12	0.03615	0.19054	0.18792	0.02388	0.03518	0.02853	0.02504	0.08360	0.02911	0.21274	0.02803	0.02759	0.01949	0.01179	0.01003	0.00321	0.01256	0.00891	0.00856	0.01715
13	0.01908	0.01623	0.02284	0.02113	0.02212	0.02063	0.01657	0.02192	0.01752	0.02577	0.02567	0.04213	0.02555	0.14502	0.29852	0.01238	0.21884	0.01198	0.00577	0.01032
14	0.01362	0.01108	0.01207	0.01253	0.01558	0.00953	0.00913	0.01651	0.02538	0.03140	0.14088	0.20614	0.39818	0.02939	0.01352	0.00393	0.00584	0.02513	0.01063	0.00953
15	0.02836	0.03738	0.22792	0.09695	0.05250	0.02534	0.20385	0.03809	0.02601	0.11587	0.02499	0.02923	0.01756	0.01083	0.01182	0.00366	0.01619	0.01083	0.00659	0.01603
16	0.02456	0.02338	0.03973	0.32299	0.30610	0.02588	0.03290	0.03165	0.02407	0.03277	0.02059	0.02893	0.01642	0.01064	0.01120	0.00355	0.01419	0.01002	0.00529	0.01517
17	0.01937	0.01585	0.02032	0.01933	0.02179	0.01781	0.01515	0.02790	0.10398	0.03849	0.23731	0.14545	0.06876	0.02385	0.01773	0.00417	0.11256	0.06799	0.01037	0.01184
18	0.05050	0.01915	0.02612	0.02003	0.02873	0.01654	0.01654	0.05485	0.03221	0.54203	0.04440	0.03831	0.02786	0.01393	0.01132	0.00348	0.00958	0.01132	0.01393	0.01915
19	0.02060	0.02065	0.06517	0.03321	0.14992	0.01815	0.05901	0.02807	0.06092	0.03594	0.11201	0.21394	0.05248	0.02165	0.01297	0.00399	0.01028	0.05899	0.00881	0.01324
20	0.02334	0.02139	0.03358	0.22671	0.19516	0.02426	0.02744	0.03177	0.06537	0.03447	0.07164	0.04355	0.03022	0.01487	0.01419	0.00385	0.06536	0.05181	0.00686	0.01416
21	0.02252	0.08446	0.24641	0.12831	0.11656	0.02472	0.03123	0.03148	0.02522	0.03558	0.11296	0.03601	0.03175	0.01286	0.01104	0.00346	0.01342	0.01087	0.00632	0.01480
22	0.01526	0.01113	0.01407	0.01519	0.01678	0.01011	0.01014	0.01721	0.02084	0.02842	0.05269	0.44141	0.06211	0.13163	0.02118	0.00535	0.00750	0.02643	0.00939	0.08315
23	0.35937	0.02222	0.02509	0.20129	0.04176	0.02673	0.02023	0.06880	0.02283	0.04307	0.01794	0.02337	0.01389	0.01174	0.01124	0.00368	0.05937	0.00802	0.00650	0.01287
24	0.04719	0.01818	0.02437	0.01896	0.02698	0.01586	0.01557	0.05164	0.03125	0.48599	0.04354	0.03872	0.02797	0.01384	0.01093	0.00339	0.00909	0.01123	0.08710	0.01818
25	0.08376	0.02394	0.03580	0.13192	0.15864	0.02547	0.05901	0.08974	0.02866	0.16442	0.02655	0.02991	0.01923	0.01238	0.01315	0.00362	0.05898	0.01028	0.00824	0.01630
26	0.11110	0.03509	0.12131	0.02573	0.03584	0.03229	0.02389	0.36425	0.04404	0.06248	0.02456	0.02547	0.01751	0.01268	0.01068	0.00342	0.01271	0.00936	0.00964	0.01792
27	0.05050	0.01915	0.02612	0.02003	0.02873	0.01654	0.01654	0.05485	0.03221	0.54203	0.04440	0.03831	0.02786	0.01393	0.01132	0.00348	0.00958	0.01132	0.01393	0.01915
28	0.02384	0.05051	0.42546	0.03659	0.11722	0.02640	0.03836	0.03772	0.06941	0.03687	0.02271	0.02604	0.01664	0.01102	0.01083	0.00356	0.01545	0.00897	0.00549	0.01692
29	0.01593	0.01150	0.01504	0.01416	0.01681	0.01062	0.01062	0.02124	0.03186	0.04513	0.52830	0.08407	0.10620	0.02301	0.01327	0.00354	0.00531	0.02035	0.01239	0.01062
30	0.01438	0.01031	0.01366	0.01521	0.01647	0.00959	0.01050	0.01736	0.02467	0.03369	0.20304	0.44195	0.08405	0.03156	0.01404	0.00426	0.00616	0.02848	0.01104	0.00959
31	0.05050	0.01915	0.02612	0.02003	0.02873	0.01654	0.01654	0.05485	0.03221	0.54203	0.04440	0.03831	0.02786	0.01393	0.01132	0.00348	0.00958	0.01132	0.01393	0.01915
32	0.02526	0.03950	0.22372	0.04240	0.05551	0.02770	0.34522	0.03592	0.02565	0.03592	0.02193	0.02820	0.01615	0.00988	0.01243	0.00372	0.01821	0.01165	0.00538	0.01566
33	0.01475	0.01054	0.01426	0.01686	0.01797	0.01004	0.01226	0.01747	0.02258	0.02990	0.06146	0.48641	0.07217	0.03428	0.01464	0.00471	0.00743	0.13241	0.01043	0.00943
34	0.02336	0.02216	0.03757	0.41503	0.22341	0.02556	0.03231	0.03061	0.02350	0.03132	0.02038	0.02932	0.01591	0.01086	0.01122	0.00362	0.01448	0.01001	0.00518	0.01420
35	0.01611	0.01193	0.01744	0.01744	0.01922	0.01372	0.01326	0.01968	0.01790	0.02565	0.03074	0.04752	0.02957	0.14269	0.50353	0.01728	0.02799	0.01254	0.00612	0.00969
36	0.12340	0.42460	0.14203	0.02096	0.03149	0.03837	0.02232	0.03397	0.02250	0.03164	0.01648	0.01913	0.01408	0.00994	0.00782	0.00277	0.01240	0.00645	0.00511	0.01452
37	0.01371	0.00979	0.01306	0.01567	0.01632	0.00914	0.01045	0.01567	0.02155	0.02873	0.06203	0.59710	0.07444	0.03526	0.01437	0.00457	0.00653	0.03200	0.01045	0.00914
38	0.02399	0.02098	0.02658	0.02426	0.10018	0.01670	0.01641	0.02924	0.02367	0.03669	0.02017	0.02399	0.01684	0.00858	0.00874	0.00191	0.00906	0.00715	0.00651	0.57834
39	0.04124	0.02556	0.03287	0.12645	0.04191	0.09802	0.07342	0.04653	0.02976	0.31685	0.03360	0.03329	0.02236	0.01260	0.01136	0.00348	0.01318	0.01071	0.01019	0.01661
40	0.02784	0.02388	0.03075	0.02531	0.03213	0.02594	0.08591	0.11607	0.28462	0.04877	0.12794	0.04573	0.04268	0.01558	0.01202	0.00370	0.01024	0.01381	0.01076	0.01632
41	0.01641	0.01220	0.01810	0.01851	0.02061	0.01389	0.01472	0.02061	0.01934	0.02733	0.03485	0.05743	0.03399	0.07590	0.47295	0.01603	0.02699	0.08333	0.00672	0.01010
42	0.18784	0.02318	0.03057	0.03429	0.18149	0.02330	0.02146	0.08369	0.02910	0.23321	0.02919	0.02953	0.02043	0.01191	0.01026	0.00343	0.01079	0.00962	0.00955	0.01716
43	0.02052	0.01780	0.02343	0.02096	0.02096	0.02275	0.01577	0.02175	0.01680	0.02447	0.02507	0.04902	0.02778	0.31060	0.04706	0.00790	0.29882	0.01309	0.00587	0.00958
44	0.02462	0.02462	0.03447	0.02955	0.02955	0.03447	0.02462	0.02709	0.01724	0.02709	0.01477	0.02462	0.01477	0.01970	0.03694	0.00492	0.58385	0.00985	0.00492	0.01231
45	0.02454	0.02336	0.03969	0.32452	0.30473	0.02587	0.03289	0.03164	0.02406	0.03274	0.02059	0.02894	0.01641	0.01064	0.01120	0.00355	0.01419	0.01002	0.00528	0.01515
46	0.02703	0.03534	0.17493	0.09272	0.16567	0.02837	0.13515	0.08580	0.02744	0.03862	0.02129	0.02720	0.01639	0.01138	0.01367	0.00367	0.06296	0.01030	0.00592	0.01614
47	0.02697	0.13777	0.11962	0.09587	0.33432	0.02977	0.03250	0.03408	0.02460	0.03407	0.01992	0.02564	0.01646	0.01015	0.01037	0.00324	0.01373	0.00904	0.00527	0.01660
48	0.03641	0.03159	0.10461	0.02484	0.03404	0.02895	0.02248	0.29697	0.09653	0.10341	0.07612	0.03453	0.02899	0.01422	0.01139	0.00348	0.01170	0.01121	0.01069	0.01784
49	0.01895	0.01562	0.02357	0.11039	0.12183	0.01580	0.01820	0.02485	0.02928	0.04108	0.35679	0.06541	0.07591	0.01881	0.01257	0.00354	0.00828	0.01686	0.01000	0.01224
50	0.02750	0.38023	0.21148	0.02369	0.03526	0.03713	0.02626	0.03674	0.06861	0.03131	0.01989	0.02209	0.01623	0.01049	0.00872	0.00291	0.01322	0.00737	0.00541	0.01546
51	0.01368	0.01142	0.01193	0.01180	0.01544	0.00966	0.00885	0.01689	0.02655	0.03254	0.17401	0.10481	0.46834	0.02771	0.01330	0.00376	0.00564	0.02326	0.01073	0.00966
52	0.02655	0.04455	0.37802	0.02711	0.03995	0.02226	0.03218	0.03621	0.02417	0.12206	0.02664	0.03353	0.02049	0.09724	0.01755	0.00461	0.01457	0.01001	0.00665	0.01565
53	0.01593	0.01150	0.01504	0.01416	0.01681	0.01062	0.01062	0.02124	0.03186	0.04513	0.52830	0.08407	0.10620	0.02301	0.01327	0.00354	0.00531	0.02035	0.01239	0.01062
54	0.03009	0.61122	0.05898	0.01926	0.02889	0.04454	0.01926	0.03370	0.02287	0.02648	0.01565	0.01805	0.01444	0.00963	0.00722	0.00241	0.01204	0.00602	0.00481	0.01444
55	0.01403	0.01004	0.01335	0.01545	0.01640	0.00936	0.01047	0.01648	0.02304	0.03111	0.12956	0.52281	0.07904	0.03349	0.01421	0.00442	0.00635	0.03031	0.01073	0.00936
56	0.01955	0.00978	0.01466	0.01466	0.01466	0.00978	0.00978	0.01466	0.01466	0.01955	0.01955	0.03421	0.01955	0.03910	0.04399	0.67253	0.00978	0.00978	0.00489	0.00489
57	0.02126	0.02001	0.03376	0.57739	0.07752	0.02501	0.03126	0.02876	0.02251	0.02876	0.02001	0.03001	0.01500	0.01125	0.01125	0.00375	0.01500	0.01000	0.00500	0.01250
58	0.01592	0.01098	0.01215	0.01215	0.01270	0.01071	0.00707	0.01634	0.01771	0.02307	0.04684	0.07867	0.11170	0.52104	0.05092	0.00988	0.01016	0.01744	0.00735	0.00721

[dist]
# distance from previous block
# <min> <max>
0	63

# created by:
# /st0/software/busco_prod/Augustus/scripts/msa2prfl.pl ./align_prep/7058.fa
