[name]
unknown

[dist]
# distance from previous block
# <min> <max>
0	46

[block]
# block no. 0 follows, 13 sequences, length 28
# corresponding to MSA columns:
# 46-73
name=unknown_A
#
# <colnr> <probs for GDERKNQSTAVLIFYWHMCP>
#	G	D	E	R	K	N	Q	S	T	A	V	L	I	F	Y	W	H	M	C	P
0	0.01659	0.01185	0.01653	0.01896	0.02120	0.01178	0.01626	0.02113	0.02390	0.03114	0.05623	0.17326	0.06183	0.02963	0.01448	0.00481	0.00935	0.44172	0.00974	0.00961
1	0.02389	0.01996	0.02298	0.01659	0.02589	0.01610	0.01334	0.08044	0.02491	0.03791	0.01950	0.02230	0.01591	0.00835	0.00813	0.00174	0.00824	0.00661	0.00673	0.62048
2	0.02121	0.05469	0.57364	0.03014	0.04576	0.02455	0.03906	0.03348	0.02232	0.03348	0.01897	0.02232	0.01339	0.01005	0.01005	0.00335	0.01563	0.00781	0.00446	0.01563
3	0.01288	0.00920	0.01227	0.01472	0.01534	0.00859	0.00981	0.01472	0.02024	0.02699	0.05828	0.62152	0.06993	0.03312	0.01350	0.00429	0.00613	0.03006	0.00981	0.00859
4	0.02192	0.01879	0.02192	0.01566	0.02506	0.01409	0.01253	0.02662	0.02192	0.03445	0.01879	0.02192	0.01566	0.00783	0.00783	0.00157	0.00783	0.00626	0.00626	0.69305
5	0.02121	0.05469	0.57364	0.03014	0.04576	0.02455	0.03906	0.03348	0.02232	0.03348	0.01897	0.02232	0.01339	0.01005	0.01005	0.00335	0.01563	0.00781	0.00446	0.01563
6	0.01496	0.01081	0.01413	0.01330	0.01580	0.00998	0.00998	0.01995	0.02993	0.04240	0.55689	0.07898	0.09976	0.02162	0.01247	0.00333	0.00499	0.01912	0.01164	0.00998
7	0.02121	0.05469	0.57364	0.03014	0.04576	0.02455	0.03906	0.03348	0.02232	0.03348	0.01897	0.02232	0.01339	0.01005	0.01005	0.00335	0.01563	0.00781	0.00446	0.01563
8	0.08599	0.09231	0.03153	0.06567	0.07241	0.02551	0.01944	0.14129	0.03005	0.23691	0.02750	0.02779	0.01929	0.01231	0.01196	0.00326	0.06256	0.00917	0.00916	0.01590
9	0.04744	0.01799	0.02454	0.01881	0.02699	0.01554	0.01554	0.05153	0.03026	0.56979	0.04171	0.03599	0.02617	0.01309	0.01063	0.00327	0.00900	0.01063	0.01309	0.01799
10	0.02042	0.01925	0.03252	0.56410	0.10823	0.02361	0.02959	0.02741	0.02135	0.02756	0.01887	0.02804	0.01429	0.01049	0.01056	0.00350	0.01398	0.00940	0.00474	0.01211
11	0.06873	0.01683	0.02555	0.23569	0.14263	0.01854	0.02122	0.02519	0.02261	0.03293	0.10006	0.13326	0.03633	0.01567	0.01078	0.00346	0.01016	0.01393	0.05462	0.01180
12	0.01464	0.08087	0.01721	0.01511	0.01669	0.01240	0.01076	0.01666	0.02039	0.02675	0.05328	0.55226	0.06347	0.03037	0.01273	0.00406	0.00673	0.02726	0.00921	0.00916
13	0.01735	0.01099	0.01436	0.01423	0.01670	0.01021	0.01067	0.02153	0.02674	0.07643	0.32964	0.20168	0.07940	0.02354	0.01236	0.00360	0.00589	0.05451	0.05996	0.01021
14	0.02255	0.03674	0.25866	0.03066	0.03832	0.02851	0.08708	0.02972	0.01972	0.02972	0.01684	0.02342	0.01393	0.01392	0.02200	0.00398	0.29701	0.00903	0.00464	0.01355
15	0.02810	0.11782	0.09490	0.17762	0.07967	0.08478	0.02366	0.03532	0.05766	0.11424	0.02605	0.06962	0.02119	0.01251	0.01006	0.00322	0.01253	0.01024	0.00684	0.01395
16	0.15368	0.01832	0.02249	0.02063	0.02269	0.02307	0.01645	0.02579	0.05608	0.03137	0.02726	0.15353	0.02812	0.02617	0.08219	0.00554	0.25544	0.01345	0.00668	0.01105
17	0.06552	0.01117	0.01170	0.01143	0.01447	0.01099	0.00861	0.02532	0.02244	0.07867	0.04172	0.10888	0.06925	0.01564	0.00865	0.00287	0.00562	0.01286	0.46381	0.01038
18	0.01691	0.01450	0.02277	0.02383	0.09496	0.01357	0.07164	0.02162	0.02596	0.03555	0.26635	0.16647	0.14099	0.02131	0.01238	0.00354	0.00776	0.01946	0.00945	0.01099
19	0.64541	0.02305	0.01679	0.01506	0.02151	0.07260	0.01223	0.03205	0.01903	0.04556	0.01486	0.01734	0.01164	0.00991	0.00680	0.00322	0.00913	0.00582	0.00645	0.01152
20	0.03087	0.02436	0.03790	0.08771	0.37521	0.02479	0.02800	0.10841	0.02858	0.11503	0.02374	0.02758	0.01810	0.01050	0.01051	0.00319	0.01202	0.00961	0.00711	0.01678
21	0.02463	0.01897	0.02553	0.20327	0.07678	0.02067	0.01996	0.03704	0.16997	0.09226	0.03686	0.03870	0.06897	0.01314	0.01037	0.00327	0.00999	0.01116	0.05209	0.06638
22	0.01389	0.01076	0.01170	0.01172	0.01493	0.00943	0.00897	0.01733	0.02498	0.03218	0.17705	0.09354	0.39496	0.02478	0.01220	0.00352	0.00557	0.05424	0.06902	0.00925
23	0.02051	0.02148	0.09438	0.01857	0.02428	0.01809	0.01640	0.07018	0.17289	0.04086	0.21058	0.09788	0.11307	0.01873	0.01159	0.00349	0.00803	0.01598	0.00999	0.01304
24	0.02645	0.02735	0.07303	0.18677	0.13813	0.07365	0.05769	0.10497	0.08733	0.03795	0.06162	0.03119	0.02344	0.01179	0.01071	0.00332	0.01294	0.01027	0.00693	0.01447
25	0.02796	0.01345	0.01763	0.01502	0.01969	0.01210	0.01181	0.03260	0.02917	0.24436	0.29942	0.05796	0.06321	0.01728	0.01118	0.00321	0.00652	0.01480	0.08958	0.01304
26	0.01692	0.01939	0.09673	0.05976	0.02517	0.01616	0.01666	0.02164	0.02329	0.03203	0.20317	0.06300	0.16497	0.08510	0.01974	0.00434	0.09767	0.01565	0.00810	0.01053
27	0.02546	0.01404	0.01905	0.10210	0.02658	0.01366	0.01359	0.02917	0.02496	0.19392	0.16773	0.05782	0.08420	0.15691	0.02111	0.00494	0.00879	0.01448	0.00971	0.01177

[dist]
# distance from previous block
# <min> <max>
0	6

[block]
# block no. 1 follows, 13 sequences, length 30
# corresponding to MSA columns:
# 80-109
name=unknown_B
#
# <colnr> <probs for GDERKNQSTAVLIFYWHMCP>
#	G	D	E	R	K	N	Q	S	T	A	V	L	I	F	Y	W	H	M	C	P
0	0.03581	0.01736	0.02191	0.01777	0.02430	0.01627	0.01432	0.08046	0.07826	0.33606	0.14427	0.04916	0.08457	0.01594	0.01115	0.00333	0.00808	0.01326	0.01213	0.01559
1	0.02118	0.27833	0.07088	0.02003	0.05741	0.02538	0.01665	0.02477	0.02079	0.02642	0.03407	0.14669	0.07315	0.07056	0.06586	0.00487	0.01167	0.01338	0.00627	0.01163
2	0.02827	0.63478	0.05540	0.01809	0.02714	0.04184	0.01809	0.03166	0.02148	0.02488	0.01470	0.01696	0.01357	0.00905	0.00678	0.00226	0.01131	0.00565	0.00452	0.01357
3	0.02768	0.27067	0.25892	0.02381	0.03503	0.06538	0.02642	0.03635	0.05583	0.07785	0.02070	0.02235	0.01579	0.01025	0.00886	0.00290	0.01315	0.00743	0.00571	0.01491
4	0.02617	0.02512	0.04292	0.06490	0.56246	0.02512	0.03245	0.03245	0.02407	0.03454	0.01989	0.02617	0.01675	0.00942	0.01047	0.00314	0.01256	0.00942	0.00523	0.01675
5	0.01504	0.01069	0.01310	0.01250	0.01517	0.00978	0.00937	0.01963	0.02812	0.03973	0.42547	0.07873	0.17038	0.02152	0.01194	0.00328	0.00504	0.01870	0.08201	0.00978
6	0.01454	0.01033	0.01182	0.01192	0.01303	0.00981	0.00755	0.01596	0.01964	0.02587	0.12723	0.12577	0.15021	0.37025	0.03618	0.00741	0.00817	0.01856	0.00814	0.00761
7	0.02291	0.03338	0.21828	0.03806	0.22120	0.05526	0.02846	0.03074	0.02469	0.03532	0.11146	0.03428	0.03020	0.01199	0.01039	0.00317	0.01220	0.01038	0.05314	0.01446
8	0.31313	0.28206	0.08434	0.01806	0.02640	0.07017	0.01737	0.03231	0.02067	0.03525	0.01521	0.01769	0.01266	0.00959	0.00717	0.00282	0.01092	0.00596	0.00543	0.01277
9	0.01758	0.01187	0.01435	0.01332	0.01632	0.01142	0.01023	0.02170	0.02633	0.07089	0.28791	0.07315	0.20559	0.02092	0.01299	0.00334	0.04290	0.01747	0.11145	0.01028
10	0.09930	0.13333	0.07334	0.02271	0.06460	0.02634	0.01867	0.09994	0.13611	0.08451	0.03160	0.03161	0.05630	0.01226	0.00938	0.00303	0.00995	0.00951	0.00808	0.06944
11	0.02266	0.02644	0.13208	0.06648	0.03298	0.01972	0.02042	0.06914	0.02444	0.03625	0.06527	0.02781	0.02237	0.01102	0.01149	0.00263	0.06313	0.00846	0.00647	0.33076
12	0.14252	0.10809	0.17475	0.03353	0.15475	0.02704	0.06054	0.07902	0.02507	0.07143	0.02010	0.02321	0.01525	0.01009	0.00939	0.00315	0.01250	0.00821	0.00616	0.01518
13	0.02709	0.11385	0.22421	0.03087	0.08076	0.02448	0.11456	0.03499	0.02434	0.12083	0.02653	0.03541	0.02122	0.01217	0.01065	0.00337	0.01348	0.05953	0.00666	0.01498
14	0.01462	0.01013	0.01260	0.01354	0.01428	0.00982	0.00896	0.01631	0.01966	0.02646	0.10994	0.26281	0.05888	0.29619	0.03140	0.00687	0.00814	0.06295	0.00852	0.00789
15	0.02273	0.02783	0.12987	0.11051	0.18014	0.02313	0.13269	0.03266	0.07203	0.03528	0.09784	0.03494	0.02884	0.01174	0.01114	0.00338	0.01293	0.01139	0.00647	0.01445
16	0.03657	0.02582	0.03176	0.11535	0.12481	0.06071	0.02244	0.22821	0.03540	0.17248	0.02682	0.02805	0.01888	0.01182	0.01051	0.00321	0.01199	0.00958	0.00910	0.01650
17	0.04744	0.01799	0.02454	0.01881	0.02699	0.01554	0.01554	0.05153	0.03026	0.56979	0.04171	0.03599	0.02617	0.01309	0.01063	0.00327	0.00900	0.01063	0.01309	0.01799
18	0.01310	0.00937	0.01246	0.01457	0.01538	0.00873	0.00983	0.01527	0.02126	0.02860	0.11045	0.56475	0.07305	0.03192	0.01339	0.00419	0.00601	0.02891	0.01001	0.00873
19	0.02400	0.02937	0.18404	0.06582	0.08582	0.02082	0.09587	0.07146	0.02590	0.08160	0.06623	0.13928	0.03195	0.01538	0.01136	0.00352	0.01218	0.01397	0.00741	0.01401
20	0.52298	0.02635	0.02055	0.02074	0.06936	0.12707	0.01491	0.03324	0.02071	0.04237	0.01546	0.01830	0.01230	0.00998	0.00743	0.00316	0.01056	0.00624	0.00623	0.01205
21	0.02224	0.02017	0.03245	0.41787	0.15561	0.02352	0.02786	0.06724	0.02391	0.03157	0.02221	0.06792	0.01869	0.01206	0.01075	0.00348	0.01307	0.01081	0.00562	0.01295
22	0.02510	0.02292	0.03153	0.12885	0.12812	0.02566	0.06217	0.04545	0.32561	0.03885	0.03328	0.03442	0.02527	0.01244	0.01082	0.00350	0.01080	0.01113	0.00837	0.01570
23	0.01351	0.01038	0.01237	0.01266	0.01511	0.00924	0.00920	0.01685	0.02534	0.03336	0.26359	0.22013	0.26733	0.02639	0.01273	0.00366	0.00541	0.02301	0.01050	0.00924
24	0.01830	0.01824	0.06766	0.02163	0.07099	0.01590	0.01595	0.02863	0.14357	0.03538	0.14960	0.22879	0.09925	0.02178	0.01199	0.00369	0.00779	0.01922	0.00950	0.01214
25	0.03865	0.06316	0.03254	0.05886	0.03379	0.08231	0.06335	0.11451	0.03036	0.27848	0.02944	0.02925	0.02020	0.01248	0.01244	0.00329	0.06181	0.00973	0.00948	0.01587
26	0.03943	0.02020	0.02472	0.01976	0.02708	0.01996	0.01604	0.13029	0.12832	0.34068	0.08477	0.03863	0.03242	0.01401	0.01081	0.00332	0.00897	0.01144	0.01210	0.01705
27	0.08328	0.07334	0.07931	0.11892	0.11608	0.02769	0.02438	0.02839	0.01967	0.03062	0.01753	0.02439	0.01497	0.01322	0.01858	0.00366	0.23331	0.00862	0.05126	0.01277
28	0.01997	0.01879	0.03171	0.60301	0.07282	0.02349	0.02936	0.02701	0.02114	0.02701	0.01879	0.02819	0.01409	0.01057	0.01057	0.00352	0.01409	0.00940	0.00470	0.01175
29	0.02281	0.02175	0.03505	0.17422	0.27357	0.02496	0.02746	0.02792	0.02118	0.02997	0.02173	0.08049	0.02034	0.01401	0.01653	0.00369	0.15406	0.01127	0.00539	0.01363

[dist]
# distance from previous block
# <min> <max>
0	21

[block]
# block no. 2 follows, 13 sequences, length 13
# corresponding to MSA columns:
# 131-143
name=unknown_C
#
# <colnr> <probs for GDERKNQSTAVLIFYWHMCP>
#	G	D	E	R	K	N	Q	S	T	A	V	L	I	F	Y	W	H	M	C	P
0	0.70310	0.02045	0.01554	0.01390	0.02045	0.02372	0.01145	0.03108	0.01799	0.04744	0.01472	0.01718	0.01145	0.00981	0.00654	0.00327	0.00818	0.00573	0.00654	0.01145
1	0.01704	0.01217	0.01704	0.01947	0.02191	0.01217	0.01704	0.02191	0.02434	0.03164	0.05598	0.11926	0.06085	0.02921	0.01460	0.00487	0.00974	0.49130	0.00974	0.00974
2	0.02817	0.08766	0.02784	0.02190	0.02812	0.09892	0.01734	0.05195	0.42579	0.03996	0.03680	0.03460	0.02803	0.01337	0.01020	0.00334	0.01002	0.01067	0.00946	0.01585
3	0.70310	0.02045	0.01554	0.01390	0.02045	0.02372	0.01145	0.03108	0.01799	0.04744	0.01472	0.01718	0.01145	0.00981	0.00654	0.00327	0.00818	0.00573	0.00654	0.01145
4	0.28135	0.02142	0.07493	0.01800	0.02521	0.01895	0.01628	0.03636	0.02309	0.22244	0.02929	0.03520	0.02238	0.01964	0.06787	0.00481	0.01138	0.04886	0.00877	0.01378
5	0.01449	0.01052	0.01290	0.01381	0.01542	0.00993	0.00994	0.01698	0.02171	0.02842	0.12413	0.21461	0.15858	0.18480	0.02388	0.00569	0.00758	0.10899	0.00914	0.00847
6	0.02510	0.01722	0.02029	0.01751	0.02217	0.01771	0.01367	0.15929	0.07742	0.09158	0.27987	0.11233	0.06330	0.01908	0.01177	0.00340	0.00748	0.01637	0.01122	0.01319
7	0.01908	0.01184	0.01473	0.01340	0.01703	0.01051	0.01026	0.02330	0.02837	0.11646	0.35688	0.07891	0.21522	0.02178	0.01221	0.00338	0.00568	0.01875	0.01135	0.01087
8	0.02439	0.02726	0.09652	0.16033	0.37076	0.02491	0.07855	0.03167	0.02343	0.03296	0.01973	0.02638	0.01584	0.00965	0.01063	0.00327	0.01365	0.00954	0.00507	0.01546
9	0.55505	0.02384	0.02037	0.02163	0.09041	0.07651	0.01496	0.03230	0.01989	0.04378	0.01553	0.01849	0.01233	0.00987	0.00732	0.00320	0.00975	0.00630	0.00627	0.01220
10	0.07595	0.02126	0.10540	0.02022	0.05859	0.01534	0.01712	0.02467	0.02378	0.03564	0.14300	0.08692	0.10050	0.01686	0.01067	0.00314	0.00861	0.05786	0.00796	0.16649
11	0.34901	0.16119	0.02811	0.05977	0.02779	0.09816	0.01549	0.03187	0.02092	0.03685	0.01563	0.01865	0.01282	0.00963	0.00740	0.00282	0.01066	0.00617	0.00579	0.08125
12	0.26786	0.01843	0.01935	0.01595	0.02263	0.01852	0.01295	0.07571	0.02633	0.19737	0.08761	0.03847	0.08097	0.01377	0.00936	0.00317	0.00807	0.01054	0.00961	0.06331

[dist]
# distance from previous block
# <min> <max>
3	8

[block]
# block no. 3 follows, 13 sequences, length 13
# corresponding to MSA columns:
# 152-164
name=unknown_D
#
# <colnr> <probs for GDERKNQSTAVLIFYWHMCP>
#	G	D	E	R	K	N	Q	S	T	A	V	L	I	F	Y	W	H	M	C	P
0	0.02525	0.02215	0.02854	0.22195	0.14531	0.09258	0.02265	0.03063	0.02550	0.08809	0.11745	0.04098	0.06739	0.01361	0.01087	0.00329	0.01178	0.01171	0.00730	0.01296
1	0.08430	0.03210	0.15021	0.02410	0.03148	0.07957	0.02272	0.13591	0.02809	0.10174	0.02531	0.08210	0.02128	0.01472	0.01450	0.00355	0.11577	0.01064	0.00756	0.01434
2	0.08766	0.01863	0.06413	0.02207	0.09079	0.01546	0.01532	0.02572	0.02063	0.08271	0.03151	0.14003	0.03172	0.17888	0.02175	0.00503	0.00957	0.01373	0.00733	0.11733
3	0.13562	0.02513	0.08271	0.02660	0.11657	0.06427	0.01956	0.03580	0.02560	0.17513	0.09709	0.03309	0.02891	0.01211	0.00980	0.00306	0.01032	0.00979	0.00837	0.08045
4	0.03002	0.02035	0.02477	0.02319	0.07702	0.02090	0.01669	0.19531	0.07177	0.13072	0.17768	0.04850	0.08465	0.01606	0.01125	0.00329	0.00881	0.01344	0.01069	0.01491
5	0.11368	0.30321	0.09278	0.16726	0.04001	0.07036	0.02228	0.03131	0.02161	0.02924	0.01626	0.02049	0.01341	0.00975	0.00821	0.00285	0.01256	0.00690	0.00489	0.01294
6	0.09288	0.06819	0.02881	0.02421	0.07879	0.02141	0.05220	0.03630	0.11435	0.11595	0.02758	0.03021	0.02141	0.02141	0.09920	0.00509	0.01276	0.00936	0.00772	0.13217
7	0.28764	0.15854	0.09634	0.01860	0.02696	0.02750	0.01773	0.09978	0.02530	0.08505	0.05169	0.02414	0.01957	0.01104	0.00827	0.00305	0.01012	0.00769	0.00723	0.01375
8	0.03317	0.11742	0.20424	0.02525	0.03566	0.09499	0.02547	0.21349	0.03360	0.08566	0.02221	0.02342	0.01610	0.01121	0.00980	0.00307	0.01351	0.00825	0.00747	0.01600
9	0.01861	0.01068	0.01657	0.10547	0.02296	0.01141	0.01232	0.01583	0.01492	0.01971	0.01843	0.03152	0.01770	0.03266	0.03654	0.58518	0.00995	0.00922	0.00461	0.00570
10	0.02240	0.02031	0.02822	0.02016	0.02976	0.01606	0.09213	0.02775	0.02240	0.03436	0.01920	0.02295	0.01572	0.00800	0.00855	0.00188	0.00939	0.00723	0.00612	0.58743
11	0.02192	0.01879	0.02192	0.01566	0.02506	0.01409	0.01253	0.02662	0.02192	0.03445	0.01879	0.02192	0.01566	0.00783	0.00783	0.00157	0.00783	0.00626	0.00626	0.69305
12	0.02161	0.02047	0.03468	0.46049	0.20250	0.02392	0.03018	0.02845	0.02192	0.02901	0.01908	0.02765	0.01480	0.01027	0.01054	0.00342	0.01369	0.00940	0.00484	0.01307

[dist]
# distance from previous block
# <min> <max>
0	3

[block]
# block no. 4 follows, 13 sequences, length 12
# corresponding to MSA columns:
# 168-179
name=unknown_E
#
# <colnr> <probs for GDERKNQSTAVLIFYWHMCP>
#	G	D	E	R	K	N	Q	S	T	A	V	L	I	F	Y	W	H	M	C	P
0	0.01659	0.01191	0.01406	0.01379	0.01486	0.01271	0.00897	0.02082	0.07700	0.02407	0.03344	0.06019	0.03531	0.44690	0.15574	0.01083	0.01366	0.01417	0.00676	0.00821
1	0.02746	0.01543	0.02024	0.08465	0.02685	0.01619	0.01467	0.03515	0.12193	0.16929	0.03233	0.03592	0.02449	0.02321	0.06369	0.14617	0.01049	0.01039	0.10910	0.01236
2	0.02415	0.02278	0.03849	0.10076	0.46100	0.02308	0.02958	0.02997	0.02340	0.03308	0.02426	0.09545	0.02272	0.01226	0.01083	0.00330	0.01193	0.01181	0.00572	0.01541
3	0.01633	0.01048	0.01327	0.01405	0.01595	0.00955	0.00979	0.01870	0.02242	0.07657	0.11881	0.38321	0.14161	0.07786	0.01628	0.00447	0.00648	0.02471	0.01003	0.00945
4	0.02019	0.08363	0.22657	0.02199	0.02997	0.02165	0.02322	0.02968	0.07063	0.03618	0.21557	0.04402	0.04649	0.01532	0.01298	0.00338	0.06553	0.01223	0.00765	0.01312
5	0.01368	0.00966	0.01245	0.01391	0.01472	0.00912	0.00923	0.01572	0.02099	0.02840	0.13736	0.43060	0.06923	0.13892	0.02062	0.00521	0.00669	0.02557	0.00950	0.00843
6	0.02765	0.11342	0.22453	0.03346	0.13087	0.02602	0.07406	0.03826	0.08349	0.10994	0.02478	0.02678	0.01823	0.01062	0.01009	0.00321	0.01296	0.00912	0.00663	0.01589
7	0.01575	0.01130	0.01319	0.01377	0.01465	0.01150	0.00875	0.01978	0.07696	0.02543	0.04303	0.25631	0.04860	0.35343	0.03502	0.00744	0.00862	0.02005	0.00808	0.00833
8	0.02701	0.25031	0.23793	0.02903	0.08309	0.03195	0.05859	0.10202	0.02619	0.03523	0.01860	0.02159	0.01456	0.00994	0.00916	0.00294	0.01342	0.00773	0.00546	0.01525
9	0.21491	0.24591	0.03280	0.01836	0.02505	0.17272	0.01566	0.03341	0.02278	0.03296	0.01737	0.02011	0.01454	0.01010	0.00749	0.00268	0.01172	0.00645	0.08276	0.01223
10	0.70310	0.02045	0.01554	0.01390	0.02045	0.02372	0.01145	0.03108	0.01799	0.04744	0.01472	0.01718	0.01145	0.00981	0.00654	0.00327	0.00818	0.00573	0.00654	0.01145
11	0.12046	0.02072	0.06469	0.01768	0.02400	0.01881	0.01526	0.09074	0.10515	0.11968	0.15978	0.05072	0.11659	0.01642	0.01071	0.00337	0.00821	0.01338	0.01003	0.01358

[dist]
# distance from previous block
# <min> <max>
0	1

[block]
# block no. 5 follows, 13 sequences, length 9
# corresponding to MSA columns:
# 181-189
name=unknown_F
#
# <colnr> <probs for GDERKNQSTAVLIFYWHMCP>
#	G	D	E	R	K	N	Q	S	T	A	V	L	I	F	Y	W	H	M	C	P
0	0.13334	0.02836	0.13967	0.07069	0.11417	0.02391	0.08990	0.03403	0.05797	0.07278	0.02256	0.02665	0.01714	0.01123	0.01203	0.00341	0.06580	0.00918	0.05303	0.01416
1	0.01368	0.00994	0.01297	0.01450	0.01594	0.00924	0.01035	0.01654	0.02304	0.03089	0.17047	0.41494	0.11657	0.02974	0.01329	0.00407	0.00614	0.06847	0.01020	0.00902
2	0.04744	0.01799	0.02454	0.01881	0.02699	0.01554	0.01554	0.05153	0.03026	0.56979	0.04171	0.03599	0.02617	0.01309	0.01063	0.00327	0.00900	0.01063	0.01309	0.01799
3	0.01529	0.01061	0.01335	0.01335	0.01398	0.01124	0.00868	0.01655	0.01592	0.02185	0.03165	0.05996	0.03443	0.44513	0.23162	0.01250	0.01628	0.01402	0.00616	0.00742
4	0.02145	0.11366	0.02270	0.01577	0.02033	0.01987	0.01272	0.03354	0.17899	0.03951	0.20740	0.04899	0.05061	0.01548	0.00998	0.00305	0.00698	0.01288	0.15353	0.01253
5	0.02714	0.54225	0.13807	0.02001	0.03011	0.03908	0.02144	0.03195	0.02162	0.02625	0.01538	0.01782	0.01354	0.00921	0.00730	0.00243	0.01200	0.00600	0.00451	0.01390
6	0.02758	0.02061	0.02362	0.01839	0.02535	0.01994	0.01460	0.21086	0.03169	0.04458	0.06745	0.02975	0.02419	0.01544	0.01460	0.11251	0.00922	0.00905	0.00807	0.27250
7	0.01997	0.01879	0.03171	0.60301	0.07282	0.02349	0.02936	0.02701	0.02114	0.02701	0.01879	0.02819	0.01409	0.01057	0.01057	0.00352	0.01409	0.00940	0.00470	0.01175
8	0.01997	0.01879	0.03171	0.60301	0.07282	0.02349	0.02936	0.02701	0.02114	0.02701	0.01879	0.02819	0.01409	0.01057	0.01057	0.00352	0.01409	0.00940	0.00470	0.01175

[dist]
# distance from previous block
# <min> <max>
0	42

[block]
# block no. 6 follows, 13 sequences, length 7
# corresponding to MSA columns:
# 232-238
name=unknown_G
#
# <colnr> <probs for GDERKNQSTAVLIFYWHMCP>
#	G	D	E	R	K	N	Q	S	T	A	V	L	I	F	Y	W	H	M	C	P
0	0.01538	0.01025	0.01153	0.01153	0.01153	0.01025	0.00641	0.01538	0.01538	0.02050	0.03331	0.06919	0.03844	0.62842	0.05382	0.01025	0.01025	0.01538	0.00641	0.00641
1	0.46145	0.01954	0.01886	0.01571	0.02286	0.02070	0.01296	0.03862	0.02252	0.23995	0.02467	0.02411	0.01688	0.01102	0.00805	0.00327	0.00848	0.00753	0.00895	0.01386
2	0.02183	0.02069	0.03508	0.44130	0.21996	0.02398	0.03029	0.02865	0.02202	0.02928	0.01912	0.02758	0.01489	0.01023	0.01054	0.00341	0.01363	0.00940	0.00486	0.01325
3	0.01383	0.01062	0.01266	0.01245	0.01518	0.00945	0.00922	0.01765	0.02681	0.03569	0.33917	0.13818	0.27155	0.02465	0.01258	0.00351	0.00523	0.02136	0.01078	0.00945
4	0.02356	0.02350	0.04309	0.26315	0.26328	0.02487	0.14236	0.03072	0.02317	0.03155	0.01981	0.02746	0.01559	0.00974	0.01096	0.00338	0.01433	0.01010	0.00506	0.01430
5	0.01411	0.00972	0.01305	0.01437	0.01523	0.00946	0.00978	0.01577	0.02002	0.02719	0.11033	0.38579	0.06126	0.09731	0.07903	0.06812	0.00897	0.02341	0.00879	0.00826
6	0.01644	0.01394	0.02292	0.09086	0.02854	0.01372	0.08889	0.02132	0.02519	0.03459	0.26066	0.22879	0.06777	0.02184	0.01255	0.00368	0.00837	0.02023	0.00930	0.01041

[dist]
# distance from previous block
# <min> <max>
2	6

[block]
# block no. 7 follows, 13 sequences, length 19
# corresponding to MSA columns:
# 245-263
name=unknown_H
#
# <colnr> <probs for GDERKNQSTAVLIFYWHMCP>
#	G	D	E	R	K	N	Q	S	T	A	V	L	I	F	Y	W	H	M	C	P
0	0.07718	0.02252	0.05698	0.02807	0.13473	0.05518	0.01937	0.03915	0.02770	0.26869	0.12365	0.03851	0.03478	0.01333	0.01056	0.00322	0.01000	0.01116	0.00983	0.01540
1	0.02990	0.02547	0.02879	0.10212	0.09081	0.11787	0.05022	0.13822	0.03005	0.07643	0.02750	0.07718	0.02284	0.01318	0.01022	0.00315	0.01196	0.01104	0.11933	0.01372
2	0.02502	0.09274	0.32925	0.02421	0.03687	0.02247	0.02799	0.03371	0.02306	0.09461	0.02117	0.02332	0.01544	0.00976	0.00928	0.00281	0.01257	0.00757	0.00590	0.18226
3	0.02445	0.01820	0.02159	0.01624	0.02423	0.01504	0.01297	0.06895	0.02637	0.08566	0.11644	0.03353	0.03164	0.01113	0.00912	0.00216	0.00774	0.00919	0.00817	0.45719
4	0.01313	0.01029	0.01158	0.01212	0.01449	0.00908	0.00858	0.01562	0.02300	0.02903	0.13962	0.23126	0.33290	0.08082	0.01639	0.00432	0.00595	0.02335	0.00973	0.00874
5	0.15686	0.02907	0.02559	0.02108	0.02804	0.14802	0.01690	0.21353	0.03435	0.13805	0.02499	0.02543	0.01796	0.01183	0.00940	0.00305	0.01170	0.00847	0.06075	0.01495
6	0.09831	0.06004	0.09470	0.18096	0.21839	0.02477	0.06223	0.03270	0.02294	0.07753	0.02058	0.02575	0.01572	0.01006	0.00998	0.00326	0.01280	0.00895	0.00577	0.01457
7	0.01288	0.00920	0.01227	0.01472	0.01534	0.00859	0.00981	0.01472	0.02024	0.02699	0.05828	0.62152	0.06993	0.03312	0.01350	0.00429	0.00613	0.03006	0.00981	0.00859
8	0.63443	0.02019	0.01648	0.01442	0.02113	0.02286	0.01188	0.03322	0.01928	0.10215	0.01755	0.01915	0.01299	0.01016	0.00697	0.00327	0.00826	0.00624	0.00723	0.01214
9	0.01737	0.01213	0.01584	0.07473	0.02075	0.01189	0.01064	0.01826	0.01807	0.02495	0.08250	0.05127	0.03488	0.28269	0.03583	0.15940	0.00952	0.01253	0.00636	0.10038
10	0.02827	0.63478	0.05540	0.01809	0.02714	0.04184	0.01809	0.03166	0.02148	0.02488	0.01470	0.01696	0.01357	0.00905	0.00678	0.00226	0.01131	0.00565	0.00452	0.01357
11	0.02533	0.01756	0.02130	0.01588	0.02412	0.01378	0.01269	0.02997	0.02445	0.12713	0.09662	0.03217	0.02901	0.01062	0.00895	0.00210	0.00764	0.00878	0.00817	0.48374
12	0.01627	0.01195	0.01529	0.01598	0.01791	0.01222	0.01154	0.07049	0.02294	0.03080	0.05140	0.39603	0.08704	0.04066	0.13900	0.00692	0.01155	0.02324	0.00898	0.00980
13	0.01855	0.09293	0.02303	0.02168	0.07744	0.01762	0.01447	0.02585	0.11005	0.03047	0.04602	0.38149	0.05063	0.02432	0.01185	0.00379	0.00786	0.02165	0.00881	0.01149
14	0.08808	0.09868	0.21405	0.02498	0.03563	0.06033	0.06271	0.07119	0.02654	0.18182	0.02482	0.02553	0.01726	0.01089	0.00976	0.00317	0.01287	0.00859	0.00753	0.01555
15	0.01592	0.01189	0.01706	0.08488	0.02546	0.01222	0.01593	0.01999	0.02254	0.02949	0.05251	0.28412	0.05865	0.02843	0.01375	0.00451	0.00898	0.27490	0.00918	0.00957
16	0.02084	0.01786	0.02064	0.01509	0.02382	0.01350	0.01201	0.02531	0.02217	0.03378	0.02894	0.03110	0.07802	0.01001	0.00837	0.00180	0.00755	0.00811	0.00667	0.61442
17	0.13131	0.12964	0.08846	0.02073	0.02941	0.06628	0.01885	0.13625	0.08266	0.07578	0.02270	0.02367	0.01718	0.01078	0.00886	0.00285	0.01098	0.00782	0.00755	0.10822
18	0.09110	0.02530	0.17407	0.01933	0.02619	0.01672	0.01904	0.02674	0.06241	0.03572	0.13203	0.20079	0.04672	0.01881	0.01099	0.00350	0.00912	0.01612	0.00812	0.05718

[dist]
# distance from previous block
# <min> <max>
0	1

[block]
# block no. 8 follows, 13 sequences, length 12
# corresponding to MSA columns:
# 265-276
name=unknown_I
#
# <colnr> <probs for GDERKNQSTAVLIFYWHMCP>
#	G	D	E	R	K	N	Q	S	T	A	V	L	I	F	Y	W	H	M	C	P
0	0.16306	0.10270	0.17660	0.02441	0.06983	0.02430	0.02275	0.03927	0.06672	0.17485	0.02557	0.02591	0.01815	0.01098	0.00921	0.00319	0.01112	0.00834	0.00769	0.01535
1	0.03047	0.08313	0.21244	0.02689	0.03762	0.02408	0.10283	0.04197	0.10638	0.18389	0.02910	0.02933	0.02033	0.01131	0.01043	0.00331	0.01263	0.00979	0.00799	0.01608
2	0.01511	0.01014	0.01161	0.01188	0.01194	0.01007	0.00678	0.01531	0.01590	0.02120	0.03601	0.12895	0.04185	0.56401	0.04945	0.00961	0.00981	0.01696	0.00678	0.00664
3	0.09803	0.02555	0.11610	0.02201	0.03047	0.02044	0.05810	0.08061	0.08409	0.21208	0.08134	0.03833	0.05883	0.01358	0.01055	0.00335	0.01029	0.01129	0.00964	0.01531
4	0.09417	0.02372	0.03483	0.02884	0.07802	0.02342	0.12266	0.15732	0.03224	0.25187	0.02958	0.02955	0.02013	0.01155	0.01064	0.00330	0.01167	0.01024	0.00970	0.01657
5	0.02487	0.01416	0.01959	0.10936	0.02876	0.01373	0.01542	0.02911	0.02555	0.18788	0.10411	0.13706	0.13299	0.02088	0.01209	0.00374	0.00855	0.08981	0.01012	0.01221
6	0.01457	0.00977	0.01267	0.01357	0.01435	0.00933	0.00898	0.01582	0.02029	0.02756	0.14934	0.30922	0.06230	0.16953	0.02611	0.09092	0.00724	0.02182	0.00875	0.00787
7	0.09145	0.01850	0.02687	0.22074	0.07936	0.01936	0.02121	0.03760	0.02516	0.25712	0.03118	0.03785	0.02296	0.01301	0.01057	0.00348	0.01097	0.04925	0.00883	0.01452
8	0.07555	0.02795	0.13529	0.25018	0.24634	0.02431	0.03093	0.03056	0.02221	0.03261	0.01892	0.02549	0.01475	0.00999	0.01012	0.00333	0.01335	0.00883	0.00500	0.01431
9	0.02131	0.02141	0.03998	0.45251	0.06809	0.02437	0.16268	0.02886	0.02217	0.02886	0.01949	0.02828	0.01462	0.01012	0.01108	0.00353	0.01510	0.01023	0.00487	0.01242
10	0.07756	0.02106	0.02585	0.17976	0.08110	0.06716	0.01997	0.09077	0.02751	0.07645	0.13157	0.03818	0.03401	0.01916	0.06096	0.00448	0.01264	0.01116	0.00779	0.01284
11	0.08248	0.01783	0.02598	0.27452	0.04552	0.01911	0.02075	0.03609	0.02528	0.23947	0.08018	0.03534	0.02697	0.01257	0.01047	0.00339	0.01078	0.01055	0.00876	0.01396

[dist]
# distance from previous block
# <min> <max>
0	5

[block]
# block no. 9 follows, 13 sequences, length 8
# corresponding to MSA columns:
# 282-289
name=unknown_J
#
# <colnr> <probs for GDERKNQSTAVLIFYWHMCP>
#	G	D	E	R	K	N	Q	S	T	A	V	L	I	F	Y	W	H	M	C	P
0	0.03068	0.02186	0.02918	0.06663	0.14277	0.02056	0.01970	0.11982	0.02874	0.14050	0.02449	0.02648	0.01817	0.01018	0.00957	0.00263	0.01012	0.00852	0.00798	0.26141
1	0.01328	0.01073	0.01187	0.01214	0.01522	0.00933	0.00921	0.01642	0.02471	0.03080	0.16764	0.14031	0.40926	0.02669	0.01274	0.00370	0.00572	0.06101	0.01009	0.00913
2	0.02617	0.02512	0.04292	0.06490	0.56246	0.02512	0.03245	0.03245	0.02407	0.03454	0.01989	0.02617	0.01675	0.00942	0.01047	0.00314	0.01256	0.00942	0.00523	0.01675
3	0.03794	0.02087	0.02498	0.01999	0.02766	0.02068	0.01617	0.10811	0.18407	0.30378	0.03802	0.03444	0.02603	0.01293	0.01041	0.00320	0.00902	0.01049	0.01146	0.07975
4	0.02195	0.01188	0.01587	0.01523	0.01831	0.01074	0.01125	0.02541	0.02597	0.16350	0.22460	0.29460	0.06954	0.02435	0.01245	0.00372	0.00643	0.02162	0.01123	0.01134
5	0.01282	0.00943	0.01204	0.01412	0.01518	0.00864	0.00955	0.01479	0.02082	0.02723	0.06558	0.54379	0.14294	0.03218	0.01335	0.00419	0.00602	0.02890	0.00982	0.00864
6	0.01389	0.00992	0.01342	0.01587	0.01692	0.00945	0.01156	0.01646	0.02123	0.02812	0.05772	0.50007	0.06773	0.03218	0.01376	0.00443	0.00701	0.14159	0.00980	0.00887
7	0.02752	0.57316	0.11045	0.01937	0.02912	0.04000	0.02032	0.03185	0.02157	0.02579	0.01515	0.01753	0.01355	0.00915	0.00713	0.00238	0.01177	0.00588	0.00452	0.01379

[dist]
# distance from previous block
# <min> <max>
1	11

[block]
# block no. 10 follows, 13 sequences, length 67
# corresponding to MSA columns:
# 302-368
name=unknown_K
#
# <colnr> <probs for GDERKNQSTAVLIFYWHMCP>
#	G	D	E	R	K	N	Q	S	T	A	V	L	I	F	Y	W	H	M	C	P
0	0.03331	0.07048	0.10818	0.03309	0.15195	0.02851	0.02465	0.23858	0.07320	0.09602	0.02536	0.02659	0.01859	0.01152	0.01025	0.00317	0.01188	0.00929	0.00839	0.01700
1	0.01464	0.01036	0.01208	0.01209	0.01326	0.00985	0.00777	0.01637	0.02050	0.02738	0.16928	0.12237	0.13306	0.34658	0.03458	0.00713	0.00794	0.01851	0.00843	0.00780
2	0.02941	0.01566	0.01896	0.01656	0.02166	0.01496	0.01315	0.10504	0.02908	0.21239	0.05219	0.14358	0.11760	0.01943	0.01122	0.00347	0.00787	0.05140	0.10299	0.01337
3	0.04164	0.01930	0.02388	0.01866	0.02603	0.01846	0.01530	0.15169	0.03330	0.37892	0.03704	0.03419	0.02452	0.01288	0.01013	0.00313	0.00896	0.01027	0.11497	0.01675
4	0.70310	0.02045	0.01554	0.01390	0.02045	0.02372	0.01145	0.03108	0.01799	0.04744	0.01472	0.01718	0.01145	0.00981	0.00654	0.00327	0.00818	0.00573	0.00654	0.01145
5	0.01373	0.01076	0.01242	0.01200	0.01504	0.00945	0.00900	0.01755	0.02700	0.03545	0.33113	0.09041	0.32985	0.02421	0.01248	0.00345	0.00517	0.02072	0.01073	0.00945
6	0.70310	0.02045	0.01554	0.01390	0.02045	0.02372	0.01145	0.03108	0.01799	0.04744	0.01472	0.01718	0.01145	0.00981	0.00654	0.00327	0.00818	0.00573	0.00654	0.01145
7	0.03950	0.05039	0.02996	0.02724	0.03269	0.58597	0.02043	0.04222	0.02996	0.02588	0.01634	0.01907	0.01362	0.01090	0.00953	0.00272	0.01907	0.00681	0.00545	0.01226
8	0.01837	0.00918	0.01377	0.01377	0.01377	0.00918	0.00918	0.01377	0.01377	0.01837	0.01837	0.03214	0.01837	0.03673	0.04132	0.69238	0.00918	0.00918	0.00459	0.00459
9	0.01527	0.01112	0.01456	0.01455	0.01711	0.01041	0.01148	0.02006	0.02819	0.03886	0.40645	0.09009	0.12463	0.02377	0.01297	0.00370	0.00613	0.12975	0.01106	0.00984
10	0.13759	0.01833	0.02330	0.01814	0.02609	0.01666	0.01498	0.04872	0.02858	0.49797	0.03800	0.03340	0.02415	0.01264	0.01007	0.00327	0.00888	0.00996	0.01219	0.01709
11	0.02827	0.63478	0.05540	0.01809	0.02714	0.04184	0.01809	0.03166	0.02148	0.02488	0.01470	0.01696	0.01357	0.00905	0.00678	0.00226	0.01131	0.00565	0.00452	0.01357
12	0.02121	0.05469	0.57364	0.03014	0.04576	0.02455	0.03906	0.03348	0.02232	0.03348	0.01897	0.02232	0.01339	0.01005	0.01005	0.00335	0.01563	0.00781	0.00446	0.01563
13	0.01436	0.01089	0.01329	0.01301	0.01584	0.00983	0.00996	0.01860	0.02759	0.03707	0.37054	0.08970	0.24253	0.02391	0.01266	0.00354	0.00551	0.06066	0.01090	0.00962
14	0.01288	0.00920	0.01227	0.01472	0.01534	0.00859	0.00981	0.01472	0.02024	0.02699	0.05828	0.62152	0.06993	0.03312	0.01350	0.00429	0.00613	0.03006	0.00981	0.00859
15	0.01512	0.01125	0.01658	0.01658	0.01832	0.01299	0.01270	0.01861	0.01687	0.02424	0.02870	0.04364	0.02735	0.12109	0.54598	0.01648	0.02695	0.01164	0.00572	0.00921
16	0.02304	0.02375	0.04596	0.16946	0.05135	0.02530	0.28644	0.03017	0.02250	0.03150	0.02084	0.02862	0.01626	0.01105	0.01491	0.00362	0.10459	0.01104	0.06675	0.01287
17	0.04592	0.02042	0.02604	0.01996	0.02820	0.01914	0.01649	0.15090	0.03433	0.46468	0.03830	0.03377	0.02446	0.01300	0.01062	0.00325	0.00955	0.01040	0.01256	0.01799
18	0.02100	0.01984	0.03357	0.51361	0.15417	0.02376	0.02988	0.02792	0.02163	0.02826	0.01897	0.02785	0.01454	0.01038	0.01055	0.00346	0.01384	0.00940	0.00479	0.01258
19	0.01331	0.01039	0.01207	0.01239	0.01497	0.00916	0.00901	0.01647	0.02492	0.03225	0.22751	0.21499	0.31135	0.02673	0.01272	0.00367	0.00543	0.02317	0.01035	0.00916
20	0.02313	0.02313	0.03238	0.02776	0.02776	0.03238	0.02313	0.02545	0.01619	0.02545	0.01388	0.02313	0.01388	0.01851	0.03470	0.00463	0.60907	0.00925	0.00463	0.01157
21	0.02192	0.01879	0.02192	0.01566	0.02506	0.01409	0.01253	0.02662	0.02192	0.03445	0.01879	0.02192	0.01566	0.00783	0.00783	0.00157	0.00783	0.00626	0.00626	0.69305
22	0.02121	0.05469	0.57364	0.03014	0.04576	0.02455	0.03906	0.03348	0.02232	0.03348	0.01897	0.02232	0.01339	0.01005	0.01005	0.00335	0.01563	0.00781	0.00446	0.01563
23	0.02398	0.02832	0.09515	0.03727	0.04697	0.02505	0.36446	0.03594	0.10187	0.03610	0.07035	0.03395	0.02541	0.01090	0.01202	0.00353	0.01514	0.01258	0.00661	0.01437
24	0.02587	0.02080	0.02880	0.16563	0.12664	0.02042	0.02093	0.06738	0.05840	0.08022	0.02292	0.02668	0.01758	0.00996	0.00954	0.00268	0.01052	0.00850	0.00688	0.26966
25	0.04180	0.01674	0.02273	0.01785	0.02505	0.01457	0.01457	0.04604	0.03020	0.47814	0.13123	0.04346	0.03896	0.01457	0.01095	0.00328	0.00830	0.01211	0.01283	0.01660
26	0.03818	0.08466	0.03247	0.02860	0.10968	0.14656	0.02022	0.12559	0.06484	0.20282	0.02780	0.02754	0.01989	0.01171	0.01002	0.00304	0.01233	0.00906	0.00890	0.01608
27	0.03438	0.08868	0.15937	0.02442	0.03442	0.02966	0.02370	0.29119	0.07288	0.09950	0.02562	0.02584	0.01824	0.01189	0.01013	0.00317	0.01207	0.00904	0.00884	0.01695
28	0.01317	0.00953	0.01252	0.01480	0.01576	0.00888	0.01024	0.01529	0.02082	0.02745	0.06146	0.54804	0.10277	0.03239	0.01351	0.00429	0.00635	0.06423	0.00981	0.00870
29	0.13885	0.11403	0.02858	0.02027	0.02732	0.07623	0.01657	0.11076	0.23438	0.04281	0.02794	0.02768	0.02147	0.01187	0.00917	0.00307	0.01010	0.00886	0.00838	0.06165
30	0.08654	0.19782	0.12872	0.07428	0.03466	0.02966	0.02225	0.10936	0.02594	0.07317	0.01957	0.02237	0.01514	0.01090	0.01072	0.00299	0.05716	0.00763	0.00637	0.06476
31	0.17045	0.12411	0.17529	0.02172	0.03157	0.02695	0.02213	0.10952	0.06444	0.12351	0.02365	0.02425	0.01704	0.01102	0.00905	0.00315	0.01129	0.00804	0.00759	0.01524
32	0.02906	0.02818	0.08556	0.03674	0.04625	0.02573	0.33426	0.06767	0.02642	0.11943	0.02400	0.02859	0.01739	0.01075	0.01391	0.00358	0.06937	0.01140	0.00678	0.01493
33	0.02042	0.01149	0.01523	0.01553	0.01819	0.01066	0.01173	0.02386	0.02430	0.12592	0.13246	0.31071	0.06223	0.02553	0.01251	0.00390	0.00690	0.09263	0.06506	0.01073
34	0.03646	0.02295	0.10607	0.11345	0.03616	0.01768	0.02077	0.04231	0.02760	0.35969	0.07761	0.03630	0.02848	0.01294	0.01069	0.00333	0.01046	0.01073	0.01035	0.01598
35	0.03660	0.10452	0.02870	0.07211	0.03037	0.02071	0.01720	0.08244	0.02939	0.31574	0.07844	0.04162	0.03137	0.01419	0.01054	0.00327	0.00973	0.04702	0.01053	0.01551
36	0.01317	0.00969	0.01235	0.01389	0.01526	0.00887	0.00958	0.01566	0.02244	0.02980	0.14897	0.45379	0.14717	0.03026	0.01318	0.00402	0.00583	0.02708	0.01012	0.00887
37	0.02169	0.02116	0.03208	0.28969	0.04828	0.02833	0.02597	0.02616	0.01845	0.02616	0.01612	0.02543	0.01398	0.01489	0.02371	0.00412	0.33815	0.00932	0.00466	0.01165
38	0.08948	0.12562	0.25107	0.02304	0.03298	0.02487	0.02505	0.03462	0.02239	0.13875	0.02311	0.02724	0.01765	0.05614	0.01452	0.00377	0.06024	0.00853	0.00654	0.01441
39	0.03928	0.02038	0.03068	0.11155	0.08107	0.01964	0.06016	0.07883	0.02936	0.36594	0.03371	0.03266	0.02220	0.01205	0.01075	0.00331	0.01095	0.01042	0.01039	0.01666
40	0.01456	0.01120	0.01358	0.01414	0.01708	0.01022	0.01138	0.01852	0.02566	0.03306	0.20539	0.10150	0.28420	0.02623	0.01316	0.00392	0.00665	0.16986	0.01026	0.00945
41	0.06727	0.02261	0.07074	0.24604	0.08914	0.02267	0.06924	0.06709	0.06120	0.03378	0.02534	0.07566	0.02217	0.06540	0.01438	0.00408	0.01250	0.01158	0.00632	0.01279
42	0.02863	0.16881	0.14895	0.02257	0.03073	0.02824	0.02221	0.14393	0.02803	0.08019	0.02483	0.03425	0.02125	0.06442	0.01571	0.00386	0.06648	0.04549	0.00714	0.01430
43	0.01474	0.01080	0.01382	0.01307	0.01566	0.00988	0.00980	0.01952	0.02940	0.04114	0.51583	0.08106	0.14161	0.02209	0.01247	0.00335	0.00502	0.01941	0.01147	0.00988
44	0.01600	0.01143	0.01348	0.01326	0.01594	0.01099	0.00981	0.02229	0.07042	0.03764	0.28540	0.15230	0.15014	0.02200	0.01167	0.00339	0.00549	0.01913	0.11906	0.01017
45	0.06992	0.07274	0.03437	0.21009	0.12188	0.02544	0.06339	0.03772	0.13882	0.08273	0.02603	0.02949	0.01957	0.01116	0.01018	0.00334	0.01182	0.00978	0.00704	0.01449
46	0.01907	0.01575	0.02049	0.01858	0.02245	0.01638	0.04890	0.03208	0.20023	0.03933	0.24659	0.17021	0.06516	0.02056	0.01210	0.00362	0.00727	0.01842	0.01053	0.01228
47	0.04744	0.01799	0.02454	0.01881	0.02699	0.01554	0.01554	0.05153	0.03026	0.56979	0.04171	0.03599	0.02617	0.01309	0.01063	0.00327	0.00900	0.01063	0.01309	0.01799
48	0.02041	0.01353	0.01567	0.01404	0.01748	0.01359	0.01082	0.10249	0.03078	0.04539	0.31611	0.05861	0.06502	0.01742	0.01065	0.00304	0.00603	0.01482	0.21288	0.01122
49	0.02873	0.18846	0.27509	0.06200	0.03873	0.07402	0.02784	0.03634	0.02399	0.11917	0.02146	0.02338	0.01562	0.01041	0.00933	0.00303	0.01365	0.00777	0.00600	0.01498
50	0.03123	0.01536	0.01997	0.01693	0.02216	0.01418	0.01329	0.07668	0.03020	0.27646	0.20112	0.14350	0.05517	0.01893	0.01166	0.00345	0.00753	0.01630	0.01189	0.01400
51	0.18385	0.14064	0.17824	0.07548	0.03609	0.16151	0.02382	0.03413	0.02290	0.03284	0.01663	0.01998	0.01309	0.01007	0.00861	0.00301	0.01386	0.00687	0.00521	0.01316
52	0.04576	0.02068	0.02620	0.02009	0.02833	0.01953	0.01659	0.16155	0.03476	0.45341	0.03794	0.03354	0.02428	0.01300	0.01062	0.00325	0.00961	0.01038	0.01251	0.01799
53	0.02642	0.53433	0.09931	0.01863	0.02786	0.03775	0.01924	0.03057	0.02176	0.02594	0.02212	0.02390	0.05500	0.01049	0.00752	0.00246	0.01125	0.00712	0.00492	0.01340
54	0.03816	0.02364	0.02829	0.02230	0.02900	0.02564	0.01838	0.26621	0.03718	0.21807	0.06677	0.03223	0.02580	0.01431	0.01430	0.00343	0.09873	0.01052	0.01057	0.01646
55	0.08699	0.24954	0.24329	0.02244	0.03361	0.02894	0.02503	0.03591	0.02310	0.12911	0.02123	0.02247	0.01561	0.01023	0.00870	0.00294	0.01226	0.00739	0.00623	0.01497
56	0.01967	0.01787	0.02950	0.38855	0.13713	0.02070	0.02604	0.02567	0.02170	0.02853	0.02756	0.12241	0.02624	0.01511	0.01129	0.00368	0.01235	0.04816	0.00591	0.01191
57	0.01512	0.01025	0.01209	0.01232	0.01254	0.01037	0.00733	0.01563	0.01597	0.02146	0.03514	0.11711	0.04023	0.52441	0.09831	0.01032	0.01151	0.01635	0.00665	0.00688
58	0.02192	0.01879	0.02192	0.01566	0.02506	0.01409	0.01253	0.02662	0.02192	0.03445	0.01879	0.02192	0.01566	0.00783	0.00783	0.00157	0.00783	0.00626	0.00626	0.69305
59	0.02754	0.11349	0.07295	0.09941	0.07709	0.02384	0.02047	0.11048	0.02708	0.08555	0.02416	0.06540	0.02012	0.01166	0.00950	0.00279	0.01073	0.00951	0.00715	0.18107
60	0.08846	0.43280	0.08337	0.01916	0.02792	0.03630	0.01875	0.03595	0.11078	0.03085	0.01987	0.02122	0.01657	0.01010	0.00768	0.00266	0.01083	0.00690	0.00577	0.01407
61	0.01837	0.00918	0.01377	0.01377	0.01377	0.00918	0.00918	0.01377	0.01377	0.01837	0.01837	0.03214	0.01837	0.03673	0.04132	0.69238	0.00918	0.00918	0.00459	0.00459
62	0.01285	0.00934	0.01213	0.01436	0.01524	0.00862	0.00965	0.01476	0.02059	0.02713	0.06269	0.57451	0.11409	0.03255	0.01340	0.00423	0.00606	0.02936	0.00982	0.00862
63	0.01538	0.01025	0.01153	0.01153	0.01153	0.01025	0.00641	0.01538	0.01538	0.02050	0.03331	0.06919	0.03844	0.62842	0.05382	0.01025	0.01025	0.01538	0.00641	0.00641
64	0.02313	0.02313	0.03238	0.02776	0.02776	0.03238	0.02313	0.02545	0.01619	0.02545	0.01388	0.02313	0.01388	0.01851	0.03470	0.00463	0.60907	0.00925	0.00463	0.01157
65	0.02490	0.02071	0.03169	0.02590	0.02965	0.02432	0.09701	0.07275	0.02318	0.08141	0.06675	0.03367	0.02537	0.02837	0.13498	0.00656	0.24222	0.01114	0.00684	0.01260
66	0.02047	0.01930	0.03261	0.55979	0.11214	0.02362	0.02961	0.02745	0.02138	0.02762	0.01888	0.02803	0.01431	0.01048	0.01056	0.00349	0.01397	0.00940	0.00474	0.01215

[dist]
# distance from previous block
# <min> <max>
7	24

[block]
# block no. 11 follows, 13 sequences, length 14
# corresponding to MSA columns:
# 395-408
name=unknown_L
#
# <colnr> <probs for GDERKNQSTAVLIFYWHMCP>
#	G	D	E	R	K	N	Q	S	T	A	V	L	I	F	Y	W	H	M	C	P
0	0.02532	0.02881	0.12366	0.02730	0.06828	0.02594	0.05167	0.04930	0.38666	0.04109	0.03599	0.03491	0.02697	0.01294	0.01072	0.00351	0.01048	0.01109	0.00897	0.01640
1	0.01772	0.01142	0.01501	0.01377	0.01674	0.01045	0.01045	0.02263	0.02996	0.08710	0.51322	0.07534	0.09353	0.02089	0.01231	0.00332	0.00533	0.01840	0.01176	0.01066
2	0.64997	0.02025	0.01627	0.01430	0.02098	0.02306	0.01178	0.03274	0.01899	0.08977	0.01691	0.01870	0.01264	0.01008	0.00687	0.00327	0.00825	0.00612	0.00707	0.01198
3	0.38108	0.03249	0.18898	0.02065	0.03030	0.02553	0.02138	0.11676	0.02475	0.04646	0.01785	0.02016	0.01316	0.01038	0.00830	0.00328	0.01105	0.00701	0.00660	0.01385
4	0.02035	0.02977	0.19743	0.42782	0.06455	0.02382	0.03233	0.02899	0.02150	0.02899	0.01885	0.02639	0.01388	0.01041	0.01041	0.00347	0.01456	0.00891	0.00463	0.01293
5	0.03033	0.03118	0.02576	0.02327	0.02908	0.19745	0.01786	0.05191	0.38636	0.03862	0.03487	0.03322	0.02657	0.01329	0.01038	0.00332	0.01164	0.01038	0.00913	0.01537
6	0.03020	0.03520	0.19509	0.02526	0.03516	0.02832	0.02488	0.23431	0.19006	0.04975	0.02874	0.02869	0.02088	0.01238	0.01047	0.00335	0.01187	0.00973	0.00876	0.01689
7	0.03904	0.01824	0.02673	0.19746	0.04101	0.01797	0.01977	0.04403	0.02747	0.40381	0.03470	0.03360	0.02248	0.01232	0.01061	0.00335	0.01056	0.01025	0.01052	0.01608
8	0.01708	0.02408	0.18462	0.01837	0.02366	0.01518	0.01791	0.02185	0.01863	0.02648	0.05724	0.05007	0.03189	0.29941	0.14093	0.00905	0.01509	0.01249	0.00596	0.01001
