[name]
unknown

[dist]
# distance from previous block
# <min> <max>
0	64

[block]
# block no. 0 follows, 10 sequences, length 7
# corresponding to MSA columns:
# 64-70
name=unknown_A
#
# <colnr> <probs for GDERKNQSTAVLIFYWHMCP>
#	G	D	E	R	K	N	Q	S	T	A	V	L	I	F	Y	W	H	M	C	P
0	0.01585	0.01153	0.01513	0.01638	0.01844	0.01081	0.01233	0.01980	0.02713	0.03659	0.21871	0.28357	0.12262	0.03071	0.01463	0.00443	0.00707	0.11257	0.01145	0.01025
1	0.02973	0.02621	0.03184	0.03128	0.08954	0.03105	0.02247	0.09502	0.28531	0.04527	0.03494	0.03593	0.02719	0.01598	0.01777	0.00410	0.13771	0.01186	0.00955	0.01726
2	0.01532	0.01141	0.01425	0.01447	0.01691	0.01034	0.01050	0.01939	0.02885	0.03916	0.31621	0.22141	0.18256	0.02822	0.01402	0.00399	0.00590	0.02488	0.01188	0.01034
3	0.02556	0.01900	0.02398	0.09661	0.03221	0.02159	0.01802	0.03904	0.17224	0.08361	0.09695	0.11130	0.04335	0.01882	0.01476	0.00395	0.06805	0.01546	0.08117	0.01433
4	0.02661	0.02303	0.02301	0.02040	0.02543	0.07787	0.01576	0.09955	0.15839	0.04892	0.26754	0.05989	0.06712	0.01899	0.01257	0.00364	0.00920	0.01598	0.01164	0.01445
5	0.12442	0.02090	0.02799	0.02182	0.02986	0.01951	0.06543	0.04041	0.06674	0.18985	0.03041	0.03203	0.02215	0.01538	0.01476	0.08442	0.01051	0.00998	0.00935	0.16406
6	0.02868	0.11204	0.12857	0.09180	0.04067	0.03122	0.02532	0.08691	0.24339	0.04331	0.03293	0.03344	0.02481	0.01339	0.01103	0.00364	0.01227	0.01073	0.00872	0.01714

[dist]
# distance from previous block
# <min> <max>
3	11

[block]
# block no. 1 follows, 10 sequences, length 30
# corresponding to MSA columns:
# 82-111
name=unknown_B
#
# <colnr> <probs for GDERKNQSTAVLIFYWHMCP>
#	G	D	E	R	K	N	Q	S	T	A	V	L	I	F	Y	W	H	M	C	P
0	0.02296	0.01642	0.02596	0.02113	0.02609	0.01510	0.09686	0.02795	0.02868	0.10287	0.23811	0.07173	0.12067	0.10928	0.02056	0.00492	0.00963	0.01823	0.01059	0.01226
1	0.02935	0.03063	0.03989	0.03160	0.03997	0.11525	0.16366	0.04303	0.15337	0.03866	0.03175	0.04023	0.02612	0.01351	0.01206	0.00355	0.01459	0.04812	0.00806	0.11661
2	0.01819	0.01428	0.01673	0.01569	0.01940	0.01404	0.01189	0.02819	0.11738	0.04378	0.34278	0.08417	0.18194	0.02351	0.01338	0.00377	0.00626	0.02032	0.01220	0.01210
3	0.03172	0.25010	0.22162	0.02570	0.03725	0.03297	0.02814	0.03901	0.02526	0.12303	0.02327	0.02521	0.01744	0.01204	0.01210	0.00334	0.06023	0.00842	0.00670	0.01645
4	0.01671	0.01334	0.01816	0.11548	0.02857	0.01335	0.01445	0.02179	0.02888	0.03888	0.30086	0.12451	0.17382	0.02381	0.01343	0.00385	0.00753	0.02083	0.01080	0.01096
5	0.03404	0.37022	0.05002	0.02376	0.03170	0.13579	0.02128	0.08186	0.02784	0.03236	0.01760	0.02086	0.01548	0.01200	0.01219	0.00300	0.08189	0.00737	0.00586	0.01489
6	0.12903	0.02564	0.08478	0.01993	0.02896	0.02058	0.01801	0.09158	0.02993	0.08712	0.11389	0.03674	0.03459	0.01324	0.01029	0.00300	0.00980	0.01049	0.00904	0.22335
7	0.08356	0.20096	0.09994	0.02459	0.03412	0.14550	0.02270	0.11170	0.03183	0.10871	0.02323	0.02435	0.01749	0.01186	0.00981	0.00314	0.01433	0.00825	0.00775	0.01619
8	0.15151	0.06953	0.02426	0.01828	0.02491	0.02326	0.01487	0.04549	0.16220	0.14952	0.03648	0.03591	0.02678	0.01356	0.00974	0.00340	0.00874	0.01046	0.15545	0.01564
9	0.03484	0.02865	0.06843	0.02624	0.03494	0.02754	0.05747	0.19284	0.08480	0.11035	0.05919	0.03390	0.02681	0.01409	0.01373	0.00351	0.05845	0.01118	0.00995	0.10309
10	0.01800	0.01424	0.02011	0.02497	0.10894	0.01361	0.01470	0.02180	0.02599	0.03570	0.20072	0.20280	0.10776	0.11363	0.02070	0.00510	0.00828	0.02177	0.00993	0.01125
11	0.10966	0.08501	0.22929	0.02416	0.03548	0.02384	0.02635	0.03951	0.02727	0.16604	0.09149	0.03550	0.03071	0.01348	0.01079	0.00354	0.01235	0.01056	0.00870	0.01629
12	0.03351	0.30029	0.05196	0.02827	0.03722	0.17373	0.10476	0.04068	0.06758	0.03131	0.02069	0.02375	0.01721	0.01096	0.00980	0.00301	0.01575	0.00854	0.00600	0.01498
13	0.01431	0.01039	0.01351	0.01572	0.01681	0.00959	0.01065	0.01667	0.02342	0.03112	0.10254	0.50808	0.11442	0.03491	0.01467	0.00458	0.00658	0.03147	0.01095	0.00959
14	0.02778	0.02728	0.04854	0.12828	0.40470	0.02765	0.09365	0.03517	0.02622	0.03689	0.02195	0.02940	0.01796	0.01044	0.01182	0.00357	0.01479	0.01080	0.00570	0.01739
15	0.04516	0.01801	0.02450	0.01986	0.02732	0.01568	0.01593	0.04920	0.03125	0.43498	0.04925	0.14005	0.03768	0.01846	0.01228	0.00381	0.00932	0.01564	0.01373	0.01788
16	0.02334	0.01349	0.01676	0.01612	0.02031	0.01195	0.01255	0.02701	0.02783	0.14401	0.11826	0.18320	0.23044	0.02723	0.01379	0.00417	0.00755	0.07801	0.01177	0.01221
17	0.01665	0.01145	0.01428	0.01539	0.01765	0.01078	0.01163	0.02071	0.02638	0.03680	0.16730	0.24178	0.13296	0.02830	0.01362	0.00418	0.00688	0.10098	0.11198	0.01029
18	0.02944	0.03524	0.22308	0.02634	0.03795	0.02059	0.05837	0.03763	0.02646	0.15140	0.03217	0.09652	0.02627	0.01439	0.01140	0.00344	0.01279	0.01235	0.00829	0.13588
19	0.15495	0.01722	0.01953	0.01631	0.02289	0.01639	0.01316	0.04059	0.02790	0.26506	0.04815	0.04619	0.09028	0.01554	0.01034	0.00344	0.00820	0.01221	0.15653	0.01513
20	0.02372	0.05375	0.43953	0.03267	0.04668	0.02860	0.03974	0.03520	0.02331	0.03520	0.01984	0.02472	0.01483	0.01277	0.01606	0.00394	0.11926	0.00889	0.00494	0.01636
21	0.02657	0.02562	0.02267	0.02127	0.02595	0.11742	0.01582	0.04283	0.24221	0.03764	0.05161	0.12250	0.09611	0.07860	0.01708	0.00462	0.01086	0.01651	0.01000	0.01410
22	0.26616	0.10563	0.03674	0.02523	0.03398	0.09776	0.10144	0.07318	0.02682	0.04328	0.01922	0.02273	0.01523	0.01070	0.00939	0.00323	0.01328	0.00823	0.00684	0.08094
23	0.02520	0.14447	0.02655	0.01673	0.02197	0.01935	0.01362	0.02872	0.02691	0.12356	0.12076	0.19205	0.14963	0.02329	0.01223	0.00371	0.00826	0.01972	0.01042	0.01287
24	0.10156	0.02218	0.02565	0.01929	0.02878	0.01977	0.01572	0.09735	0.03036	0.18473	0.02843	0.02854	0.02042	0.01121	0.00975	0.00269	0.00958	0.00869	0.00971	0.32561
25	0.03844	0.09027	0.10152	0.02896	0.07552	0.03030	0.02424	0.19499	0.09956	0.15170	0.03159	0.03107	0.02246	0.01319	0.01116	0.00349	0.01235	0.01039	0.01017	0.01864
26	0.07017	0.02725	0.13374	0.05652	0.03365	0.02086	0.02286	0.03282	0.06009	0.07542	0.03699	0.14343	0.03547	0.01947	0.01425	0.00401	0.05787	0.06615	0.00839	0.08059
27	0.02835	0.06964	0.07863	0.09410	0.11142	0.02864	0.18564	0.10336	0.03136	0.04262	0.08252	0.03588	0.02869	0.01250	0.01228	0.00364	0.01498	0.01246	0.00741	0.01587
28	0.02595	0.08879	0.10754	0.03374	0.04318	0.02790	0.21892	0.03831	0.11189	0.03600	0.02889	0.03844	0.02416	0.10189	0.01951	0.00490	0.01535	0.01272	0.00695	0.01494
29	0.13912	0.01673	0.01959	0.12858	0.03191	0.01800	0.01567	0.02754	0.06533	0.03966	0.15905	0.06676	0.18981	0.01993	0.01193	0.00380	0.00865	0.01651	0.00949	0.01194

[dist]
# distance from previous block
# <min> <max>
9	35

[block]
# block no. 2 follows, 10 sequences, length 11
# corresponding to MSA columns:
# 147-157
name=unknown_C
#
# <colnr> <probs for GDERKNQSTAVLIFYWHMCP>
#	G	D	E	R	K	N	Q	S	T	A	V	L	I	F	Y	W	H	M	C	P
0	0.14686	0.14821	0.03919	0.02486	0.03373	0.03181	0.07788	0.12021	0.11346	0.11111	0.02861	0.02910	0.02118	0.01239	0.01029	0.00345	0.01193	0.00990	0.00910	0.01672
1	0.09634	0.10466	0.04645	0.07355	0.04448	0.03093	0.17688	0.13953	0.03221	0.04513	0.02662	0.03808	0.02231	0.01341	0.01180	0.00374	0.01468	0.05598	0.00771	0.01550
2	0.02865	0.02366	0.02570	0.02202	0.02893	0.02570	0.01729	0.10778	0.31424	0.05026	0.10418	0.04470	0.04107	0.01568	0.01164	0.00356	0.00910	0.01304	0.01129	0.10151
3	0.01556	0.01181	0.01485	0.01588	0.01829	0.01036	0.01102	0.01813	0.02297	0.03105	0.06343	0.45398	0.11377	0.03170	0.01383	0.00421	0.00693	0.02841	0.01023	0.10357
4	0.14828	0.02849	0.07069	0.10136	0.10245	0.02782	0.02432	0.17558	0.03465	0.13636	0.02675	0.02867	0.01898	0.01248	0.01081	0.00359	0.01246	0.00978	0.00920	0.01724
5	0.10377	0.10292	0.03810	0.02590	0.03494	0.03062	0.07851	0.17140	0.10294	0.14895	0.03104	0.03082	0.02222	0.01291	0.01094	0.00351	0.01214	0.01054	0.01014	0.01767
6	0.03943	0.02537	0.03336	0.03933	0.20932	0.07404	0.02357	0.04476	0.02980	0.24438	0.03333	0.03410	0.02366	0.01257	0.01113	0.00339	0.01200	0.01068	0.07809	0.01770
7	0.58825	0.02695	0.01924	0.01728	0.02431	0.09618	0.01393	0.03584	0.02157	0.04898	0.01644	0.01917	0.01292	0.01096	0.00764	0.00352	0.01062	0.00646	0.00703	0.01272
8	0.01873	0.01419	0.01643	0.01561	0.01917	0.01356	0.01170	0.07875	0.03149	0.04169	0.22923	0.18955	0.22223	0.02694	0.01369	0.00394	0.00683	0.02327	0.01159	0.01143
9	0.31532	0.02737	0.03485	0.02742	0.03534	0.07989	0.16007	0.03482	0.02535	0.04422	0.08471	0.03210	0.02736	0.01233	0.01048	0.00365	0.01315	0.01073	0.00740	0.01345
10	0.03039	0.15444	0.14712	0.02780	0.03868	0.08301	0.08453	0.04099	0.08781	0.06908	0.02507	0.02728	0.01921	0.01125	0.01040	0.00314	0.01415	0.00923	0.00700	0.10944

[dist]
# distance from previous block
# <min> <max>
0	36

[block]
# block no. 3 follows, 10 sequences, length 14
# corresponding to MSA columns:
# 194-207
name=unknown_D
#
# <colnr> <probs for GDERKNQSTAVLIFYWHMCP>
#	G	D	E	R	K	N	Q	S	T	A	V	L	I	F	Y	W	H	M	C	P
0	0.25034	0.16291	0.11590	0.02335	0.03245	0.17569	0.02196	0.03819	0.02510	0.03762	0.01746	0.02036	0.01412	0.01099	0.00881	0.00320	0.01445	0.00699	0.00600	0.01411
1	0.03071	0.50405	0.05868	0.02840	0.11056	0.04298	0.02251	0.03497	0.02410	0.02912	0.01711	0.02033	0.01550	0.01002	0.00813	0.00265	0.01267	0.00690	0.00510	0.01550
2	0.01729	0.01978	0.10054	0.01959	0.02428	0.01373	0.01804	0.02287	0.02637	0.03569	0.14886	0.22284	0.11886	0.02788	0.01420	0.00443	0.00919	0.13399	0.01019	0.01140
3	0.01431	0.01067	0.01332	0.01505	0.01666	0.00969	0.01038	0.01689	0.02430	0.03181	0.12197	0.42792	0.17745	0.03359	0.01449	0.00444	0.00643	0.02994	0.01100	0.00969
4	0.01790	0.01447	0.02188	0.02099	0.02470	0.01367	0.06555	0.02295	0.02731	0.03583	0.14255	0.15958	0.15267	0.02825	0.01485	0.00458	0.00950	0.20123	0.01055	0.01100
5	0.01460	0.01078	0.01366	0.01513	0.01679	0.00984	0.01051	0.01753	0.02528	0.03365	0.17032	0.39795	0.15621	0.03254	0.01442	0.00436	0.00633	0.02905	0.01123	0.00984
6	0.02534	0.02304	0.06803	0.02056	0.02661	0.02086	0.01747	0.15033	0.08743	0.04894	0.17304	0.14214	0.10466	0.02167	0.01288	0.00384	0.00918	0.01844	0.01114	0.01439
7	0.02600	0.02916	0.09869	0.12247	0.09902	0.02534	0.17049	0.07289	0.02791	0.03862	0.02698	0.08758	0.02348	0.01335	0.01223	0.00364	0.01489	0.01326	0.00680	0.08719
8	0.09735	0.07833	0.04281	0.08647	0.17882	0.02834	0.09941	0.08352	0.02816	0.04159	0.02141	0.02662	0.01707	0.01052	0.01063	0.00323	0.01337	0.00959	0.00664	0.11612
9	0.03273	0.02930	0.04943	0.07567	0.04955	0.08232	0.26320	0.04022	0.02938	0.13271	0.06954	0.03662	0.02738	0.01229	0.01281	0.00373	0.01633	0.01302	0.00812	0.01564
10	0.13601	0.02617	0.04295	0.12041	0.04904	0.02652	0.19216	0.08362	0.02870	0.09244	0.02437	0.02912	0.01780	0.01107	0.01144	0.00359	0.01453	0.01081	0.00755	0.07170
11	0.20658	0.02943	0.11614	0.08694	0.04254	0.02441	0.10703	0.04075	0.02602	0.17212	0.02682	0.02906	0.01857	0.01172	0.01075	0.00370	0.01328	0.00996	0.00829	0.01590
12	0.32500	0.02558	0.03917	0.06957	0.04219	0.02664	0.19414	0.03684	0.02410	0.08268	0.02174	0.02628	0.01606	0.01076	0.01042	0.00374	0.01366	0.00991	0.00711	0.01439
13	0.13469	0.02641	0.08857	0.02851	0.03764	0.02188	0.15410	0.03627	0.02588	0.13106	0.03275	0.12077	0.02838	0.01527	0.01177	0.00374	0.01278	0.01423	0.00850	0.06680

[dist]
# distance from previous block
# <min> <max>
0	34

[block]
# block no. 4 follows, 10 sequences, length 18
# corresponding to MSA columns:
# 242-259
name=unknown_E
#
# <colnr> <probs for GDERKNQSTAVLIFYWHMCP>
#	G	D	E	R	K	N	Q	S	T	A	V	L	I	F	Y	W	H	M	C	P
0	0.10295	0.03396	0.02935	0.07370	0.03635	0.18462	0.02037	0.11142	0.11602	0.08526	0.02741	0.02859	0.02055	0.01273	0.01061	0.00333	0.01390	0.00940	0.00874	0.07074
1	0.13010	0.02514	0.02615	0.02050	0.02880	0.06497	0.01656	0.07374	0.02764	0.11606	0.02376	0.02587	0.01815	0.01159	0.01187	0.00284	0.05946	0.00818	0.00825	0.30036
2	0.03170	0.41686	0.14068	0.02330	0.03444	0.04113	0.02434	0.10255	0.02850	0.03600	0.01879	0.02111	0.01563	0.01075	0.00873	0.00285	0.01334	0.00729	0.00597	0.01606
3	0.55769	0.02920	0.10858	0.01847	0.02745	0.02625	0.01800	0.03466	0.02064	0.04945	0.01703	0.01990	0.01298	0.01084	0.00788	0.00361	0.01046	0.00671	0.00679	0.01341
4	0.03445	0.02362	0.02677	0.02221	0.02877	0.02509	0.01764	0.25616	0.07347	0.10649	0.11088	0.13803	0.04556	0.01962	0.01254	0.00378	0.01007	0.01640	0.01196	0.01652
5	0.13140	0.02493	0.11179	0.02095	0.02902	0.01828	0.01942	0.03946	0.02689	0.24142	0.04157	0.17203	0.03607	0.01886	0.01170	0.00390	0.01026	0.01576	0.01070	0.01561
6	0.01924	0.01555	0.02307	0.02866	0.13980	0.01489	0.01699	0.02471	0.03025	0.04278	0.34655	0.12380	0.08405	0.02180	0.01330	0.00372	0.00765	0.01966	0.01088	0.01264
7	0.03725	0.20005	0.04746	0.03005	0.03868	0.23597	0.10251	0.10715	0.03265	0.03651	0.01996	0.02323	0.01617	0.01132	0.01039	0.00309	0.01710	0.00869	0.00654	0.01523
8	0.02896	0.02139	0.02499	0.01883	0.02772	0.01862	0.01512	0.11076	0.03168	0.08777	0.09859	0.03563	0.03268	0.01236	0.01019	0.00249	0.00900	0.01008	0.00928	0.39386
9	0.08791	0.03202	0.15589	0.12517	0.04887	0.02412	0.11257	0.04155	0.02717	0.18828	0.02867	0.03116	0.01958	0.01193	0.01153	0.00373	0.01440	0.01064	0.00826	0.01656
10	0.13528	0.02996	0.15677	0.02276	0.03290	0.02039	0.02266	0.04451	0.02798	0.28261	0.03641	0.08019	0.02686	0.01490	0.01112	0.00372	0.01140	0.01194	0.01050	0.01711
11	0.02388	0.01609	0.02555	0.02275	0.02688	0.01545	0.08391	0.02812	0.02457	0.10574	0.04641	0.15393	0.04725	0.14003	0.06811	0.00706	0.01317	0.12974	0.00946	0.01190
12	0.01784	0.01449	0.02094	0.02068	0.02461	0.01364	0.05721	0.02279	0.02675	0.03388	0.07716	0.11554	0.21394	0.02918	0.01506	0.00474	0.00989	0.26049	0.01030	0.01086
13	0.09089	0.02998	0.07873	0.12268	0.04566	0.07769	0.09395	0.07232	0.03012	0.19984	0.02927	0.03109	0.02013	0.01233	0.01144	0.00364	0.01428	0.01054	0.00898	0.01647
14	0.03313	0.12849	0.10658	0.02116	0.02914	0.02504	0.01951	0.10347	0.02901	0.15564	0.03152	0.04186	0.02653	0.17187	0.02391	0.00551	0.01228	0.01150	0.00884	0.01502
15	0.01885	0.01172	0.01504	0.01615	0.01804	0.01088	0.01135	0.02118	0.02334	0.08032	0.06269	0.36856	0.10573	0.11876	0.02136	0.00560	0.00802	0.06156	0.01058	0.01028
16	0.02491	0.02702	0.08347	0.31317	0.25909	0.02669	0.03464	0.03281	0.02471	0.03377	0.02119	0.02952	0.01664	0.01105	0.01153	0.00368	0.01495	0.01019	0.00539	0.01557
17	0.24220	0.02834	0.06980	0.11855	0.04013	0.02854	0.02213	0.18038	0.03337	0.09713	0.02390	0.02634	0.01710	0.01232	0.01016	0.00362	0.01215	0.00906	0.00874	0.01603

[dist]
# distance from previous block
# <min> <max>
8	12

[block]
# block no. 5 follows, 10 sequences, length 26
# corresponding to MSA columns:
# 272-297
name=unknown_F
#
# <colnr> <probs for GDERKNQSTAVLIFYWHMCP>
#	G	D	E	R	K	N	Q	S	T	A	V	L	I	F	Y	W	H	M	C	P
0	0.10006	0.02467	0.02583	0.02080	0.02831	0.06875	0.01660	0.08082	0.02819	0.10926	0.02756	0.07516	0.02349	0.01405	0.01266	0.00306	0.06204	0.01053	0.00857	0.25957
1	0.02971	0.02183	0.02562	0.01867	0.02873	0.01788	0.01507	0.08048	0.02849	0.10191	0.02455	0.02643	0.01892	0.00989	0.00931	0.00214	0.00922	0.00786	0.00832	0.51498
2	0.17616	0.09588	0.12780	0.09892	0.03805	0.02907	0.02397	0.07239	0.02430	0.03906	0.02081	0.02925	0.01776	0.07271	0.01823	0.00450	0.08162	0.00927	0.00634	0.01390
3	0.01409	0.01042	0.01319	0.01540	0.01666	0.00951	0.01044	0.01628	0.02303	0.03000	0.07375	0.49899	0.15538	0.03518	0.01465	0.00458	0.00659	0.03153	0.01080	0.00951
4	0.02704	0.01917	0.02922	0.02409	0.02836	0.02081	0.06963	0.03199	0.02759	0.13377	0.20666	0.05287	0.05393	0.02358	0.05408	0.00502	0.15356	0.01504	0.00993	0.01365
5	0.09443	0.16676	0.04229	0.02972	0.08440	0.03098	0.07655	0.08258	0.09487	0.14249	0.02921	0.02990	0.02158	0.01214	0.01049	0.00339	0.01220	0.01006	0.00887	0.01709
6	0.04359	0.01773	0.02316	0.01840	0.02603	0.01542	0.01499	0.04797	0.03140	0.40641	0.05507	0.05007	0.09654	0.01640	0.01160	0.00355	0.00886	0.01340	0.08196	0.01745
7	0.01494	0.01160	0.01360	0.01359	0.01657	0.01025	0.01000	0.01882	0.02860	0.03755	0.27552	0.16722	0.28389	0.02805	0.01389	0.00393	0.00584	0.02426	0.01164	0.01025
8	0.02486	0.08054	0.08533	0.16617	0.09390	0.08760	0.02636	0.03110	0.02567	0.03212	0.03339	0.10119	0.03298	0.01828	0.01234	0.00399	0.01400	0.10972	0.00707	0.01338
9	0.08185	0.03614	0.15694	0.12614	0.04840	0.07375	0.08348	0.09064	0.03005	0.12400	0.02563	0.02876	0.01808	0.01197	0.01132	0.00364	0.01516	0.01001	0.00774	0.01629
10	0.11164	0.29800	0.09730	0.02863	0.08851	0.13838	0.02373	0.03736	0.02543	0.03285	0.01768	0.02092	0.01503	0.01062	0.00887	0.00296	0.01436	0.00720	0.00553	0.01499
11	0.03252	0.53583	0.05773	0.02106	0.03055	0.10336	0.02020	0.03616	0.02470	0.02749	0.01638	0.01892	0.01493	0.01018	0.00781	0.00255	0.01342	0.00637	0.00509	0.01476
12	0.02043	0.01458	0.01801	0.01596	0.02010	0.01377	0.01242	0.02476	0.02888	0.08390	0.26124	0.07895	0.20789	0.02294	0.01522	0.00368	0.05593	0.01899	0.01112	0.07122
13	0.03955	0.09945	0.08896	0.03045	0.10138	0.02798	0.02388	0.13219	0.07726	0.21228	0.03284	0.03198	0.02300	0.01297	0.01108	0.00346	0.01203	0.01040	0.01025	0.01860
14	0.22839	0.02851	0.11479	0.02170	0.03134	0.02301	0.02058	0.04706	0.08495	0.23878	0.03275	0.03121	0.02228	0.01290	0.01026	0.00366	0.01086	0.00971	0.01024	0.01702
15	0.01657	0.01141	0.01415	0.01541	0.01615	0.01123	0.01045	0.01821	0.02036	0.02696	0.04904	0.22133	0.05651	0.32946	0.03859	0.00832	0.00996	0.10865	0.00879	0.00844
16	0.02766	0.03048	0.06273	0.04549	0.05653	0.02934	0.41261	0.04068	0.09301	0.03884	0.02685	0.03305	0.02014	0.01064	0.01346	0.00392	0.01816	0.01365	0.00671	0.01607
17	0.02583	0.09632	0.11696	0.21395	0.16608	0.02943	0.12000	0.03414	0.02504	0.03380	0.02101	0.02825	0.01641	0.01071	0.01145	0.00360	0.01581	0.01029	0.00538	0.01554
18	0.09030	0.02119	0.09046	0.02028	0.02623	0.01660	0.01890	0.02930	0.02609	0.09355	0.10563	0.07492	0.08887	0.03133	0.08721	0.00626	0.01313	0.13739	0.00960	0.01277
19	0.01573	0.01116	0.01472	0.01658	0.01786	0.01067	0.01194	0.01865	0.02399	0.03219	0.12274	0.36208	0.07525	0.10220	0.02040	0.00551	0.00792	0.11022	0.01060	0.00961
20	0.02151	0.01966	0.03263	0.48776	0.07229	0.02410	0.03041	0.02893	0.02375	0.03043	0.02638	0.04498	0.02267	0.01449	0.01225	0.00408	0.01484	0.07030	0.00594	0.01261
21	0.02446	0.08278	0.13943	0.11537	0.16743	0.02608	0.08559	0.03227	0.02516	0.03448	0.02903	0.08708	0.02705	0.01513	0.01211	0.00384	0.01437	0.05677	0.00641	0.01516
22	0.02881	0.01594	0.02007	0.01833	0.02349	0.01482	0.01484	0.06558	0.03092	0.18316	0.10902	0.12760	0.15851	0.02451	0.01359	0.00416	0.00870	0.11207	0.01209	0.01379
23	0.03110	0.02873	0.03365	0.08891	0.08719	0.10163	0.02460	0.04118	0.12230	0.07922	0.02636	0.03077	0.02101	0.01573	0.02084	0.00412	0.20924	0.01059	0.00754	0.01527
24	0.03128	0.02999	0.09677	0.11040	0.09772	0.02743	0.11311	0.08490	0.13827	0.10252	0.03131	0.03373	0.02279	0.01259	0.01201	0.00376	0.01391	0.01162	0.00861	0.01727
25	0.03238	0.02522	0.08855	0.16039	0.08626	0.02296	0.02583	0.03878	0.02728	0.19399	0.07947	0.03798	0.02975	0.01469	0.01506	0.00385	0.08103	0.01167	0.00897	0.01590

[dist]
# distance from previous block
# <min> <max>
0	4

[block]
# block no. 6 follows, 10 sequences, length 50
# corresponding to MSA columns:
# 302-325,330-355
name=unknown_G
#
# <colnr> <probs for GDERKNQSTAVLIFYWHMCP>
#	G	D	E	R	K	N	Q	S	T	A	V	L	I	F	Y	W	H	M	C	P
0	0.02286	0.02375	0.07696	0.09064	0.07750	0.02207	0.06672	0.03538	0.13521	0.03584	0.03777	0.09993	0.03501	0.07912	0.06371	0.00607	0.01412	0.05513	0.00816	0.01403
1	0.03686	0.12823	0.09014	0.07726	0.09666	0.02689	0.09100	0.04341	0.02827	0.22225	0.03010	0.03130	0.02106	0.01192	0.01116	0.00347	0.01339	0.01047	0.00881	0.01735
2	0.04125	0.02413	0.03475	0.08070	0.08564	0.02407	0.06500	0.11298	0.07996	0.27225	0.03656	0.03561	0.02481	0.01338	0.01187	0.00366	0.01209	0.01160	0.01122	0.01848
3	0.03138	0.04315	0.22228	0.08986	0.16128	0.11709	0.03363	0.03987	0.02738	0.09125	0.02346	0.02727	0.01735	0.01149	0.01119	0.00352	0.01605	0.00935	0.00642	0.01673
4	0.03224	0.13026	0.14237	0.15966	0.09485	0.02896	0.02890	0.07714	0.02858	0.13082	0.02553	0.02869	0.01845	0.01183	0.01079	0.00347	0.01385	0.00954	0.00747	0.01661
5	0.02953	0.04173	0.27955	0.08859	0.11932	0.02545	0.07672	0.03957	0.02654	0.12373	0.02571	0.02911	0.01813	0.01148	0.01154	0.00368	0.01546	0.01005	0.00684	0.01729
6	0.01982	0.03104	0.20373	0.17436	0.04668	0.02072	0.02855	0.02771	0.02302	0.03198	0.03358	0.18085	0.03326	0.02533	0.06267	0.00544	0.01519	0.01612	0.00671	0.01325
7	0.03178	0.03479	0.17781	0.09913	0.09637	0.02522	0.15573	0.04079	0.02750	0.15398	0.02770	0.03121	0.01936	0.01151	0.01206	0.00373	0.01560	0.01114	0.00757	0.01702
8	0.03147	0.03432	0.19994	0.18768	0.09851	0.02398	0.03198	0.04016	0.02679	0.17090	0.02786	0.03102	0.01922	0.01208	0.01144	0.00369	0.01435	0.01013	0.00770	0.01679
9	0.01902	0.02974	0.20714	0.02333	0.03061	0.01772	0.02418	0.02597	0.02248	0.03176	0.03825	0.14869	0.03927	0.09982	0.12000	0.00785	0.01638	0.07808	0.00730	0.01241
10	0.02109	0.01454	0.01973	0.01978	0.02290	0.01531	0.01640	0.02540	0.02465	0.07821	0.05896	0.08969	0.13004	0.04194	0.14198	0.00806	0.06341	0.18689	0.00953	0.01151
11	0.03987	0.13261	0.14132	0.02408	0.03420	0.02604	0.02386	0.04598	0.02832	0.28843	0.03250	0.03137	0.02210	0.01341	0.01315	0.00355	0.06169	0.00992	0.00986	0.01774
12	0.01612	0.01225	0.01756	0.09754	0.02744	0.01255	0.01536	0.01957	0.02321	0.03059	0.05727	0.42271	0.06613	0.03203	0.01459	0.00471	0.00873	0.10149	0.00995	0.01018
13	0.02856	0.01713	0.02783	0.02384	0.02920	0.01567	0.09550	0.03303	0.02697	0.18354	0.05115	0.27773	0.05083	0.02460	0.01380	0.00430	0.01035	0.06113	0.01102	0.01383
14	0.03227	0.04945	0.29820	0.02986	0.04251	0.11985	0.03249	0.08467	0.07391	0.08808	0.02595	0.02747	0.01857	0.01226	0.01114	0.00356	0.01599	0.00930	0.00732	0.01714
15	0.04100	0.02970	0.11859	0.10392	0.04207	0.02408	0.02493	0.13733	0.03473	0.27299	0.03403	0.03325	0.02248	0.01331	0.01156	0.00363	0.01261	0.01069	0.01079	0.01832
16	0.03109	0.59826	0.06095	0.01990	0.02985	0.04602	0.01990	0.03483	0.02363	0.02736	0.01617	0.01866	0.01493	0.00995	0.00746	0.00249	0.01244	0.00622	0.00498	0.01493
17	0.02412	0.02067	0.02412	0.01723	0.02756	0.01550	0.01378	0.02929	0.02412	0.03790	0.02067	0.02412	0.01723	0.00861	0.00861	0.00172	0.00861	0.00689	0.00689	0.66236
18	0.01691	0.01128	0.01268	0.01268	0.01268	0.01128	0.00705	0.01691	0.01691	0.02255	0.03665	0.07611	0.04228	0.59126	0.05920	0.01128	0.01128	0.01691	0.00705	0.00705
19	0.03588	0.38784	0.05010	0.02380	0.03222	0.23927	0.02090	0.03933	0.02725	0.02779	0.01687	0.01955	0.01495	0.01074	0.00863	0.00268	0.01575	0.00671	0.00537	0.01437
20	0.01968	0.01544	0.01932	0.01708	0.02258	0.01307	0.01355	0.02473	0.02742	0.03954	0.19689	0.11282	0.06283	0.02058	0.01229	0.00333	0.00782	0.09781	0.00994	0.26329
21	0.02398	0.10531	0.49156	0.03204	0.04862	0.02861	0.04104	0.03666	0.02448	0.03604	0.02048	0.02406	0.01475	0.01096	0.01075	0.00358	0.01679	0.00839	0.00492	0.01700
22	0.03793	0.01642	0.02219	0.01862	0.02483	0.01445	0.01469	0.04220	0.03127	0.33767	0.14778	0.14544	0.05439	0.02026	0.01268	0.00381	0.00841	0.01743	0.01342	0.01611
23	0.02745	0.03137	0.06863	0.04902	0.06078	0.02941	0.47647	0.03725	0.02745	0.03725	0.02353	0.03137	0.01765	0.00980	0.01373	0.00392	0.01961	0.01373	0.00588	0.01569
24	0.02989	0.02258	0.03566	0.29476	0.17315	0.02491	0.02907	0.03902	0.06733	0.12647	0.02801	0.03315	0.02045	0.01220	0.01163	0.00373	0.01349	0.01084	0.00762	0.01603
25	0.02708	0.03194	0.11878	0.12032	0.35951	0.02749	0.07485	0.03531	0.02591	0.03681	0.02173	0.02864	0.01748	0.01056	0.01165	0.00358	0.01501	0.01039	0.00558	0.01737
26	0.01379	0.01159	0.01198	0.01229	0.01584	0.00978	0.00906	0.01663	0.02602	0.03122	0.11165	0.16612	0.46379	0.03026	0.01387	0.00402	0.00599	0.02552	0.01080	0.00978
27	0.02603	0.04807	0.37848	0.03209	0.04629	0.02470	0.07898	0.03736	0.02595	0.08484	0.02826	0.03893	0.02239	0.01368	0.01194	0.00389	0.01596	0.05899	0.00660	0.01656
28	0.02382	0.10219	0.41629	0.10991	0.05289	0.02853	0.03935	0.03561	0.02428	0.03494	0.02042	0.02498	0.01486	0.01104	0.01082	0.00361	0.01652	0.00864	0.00495	0.01636
29	0.02978	0.01633	0.02286	0.12233	0.03411	0.01591	0.01764	0.03463	0.02864	0.20859	0.10849	0.11530	0.11515	0.02098	0.01294	0.00398	0.00965	0.05735	0.01122	0.01413
30	0.01381	0.01154	0.01203	0.01243	0.01588	0.00976	0.00912	0.01662	0.02589	0.03116	0.10992	0.18128	0.44974	0.03048	0.01391	0.00404	0.00602	0.02580	0.01080	0.00976
31	0.02607	0.08467	0.09598	0.32676	0.13210	0.07827	0.03189	0.03351	0.02485	0.03141	0.02018	0.02779	0.01574	0.01125	0.01104	0.00357	0.01569	0.00947	0.00529	0.01446
32	0.02597	0.02848	0.05950	0.18817	0.06601	0.02845	0.35629	0.03521	0.02632	0.03521	0.02276	0.03127	0.01707	0.01030	0.01316	0.00391	0.01850	0.01281	0.00569	0.01494
33	0.03075	0.03264	0.13344	0.11147	0.28628	0.02708	0.03354	0.07965	0.02911	0.08828	0.02449	0.02923	0.01854	0.01138	0.01147	0.00356	0.01416	0.01017	0.00694	0.01782
34	0.03722	0.04571	0.04008	0.11202	0.04720	0.36957	0.11094	0.04222	0.03048	0.03033	0.01944	0.02444	0.01557	0.01151	0.01128	0.00330	0.01991	0.00910	0.00585	0.01382
35	0.01969	0.01826	0.01708	0.01611	0.01965	0.08910	0.01208	0.02411	0.03118	0.03982	0.33219	0.08402	0.20608	0.02359	0.01325	0.00363	0.00787	0.02000	0.01126	0.01103
36	0.02819	0.26739	0.14331	0.02707	0.03621	0.08368	0.06753	0.03403	0.02427	0.03054	0.02232	0.07473	0.02097	0.01401	0.01326	0.00341	0.07837	0.01047	0.00570	0.01454
37	0.08608	0.18445	0.32178	0.02801	0.04088	0.03237	0.03286	0.03526	0.02325	0.03512	0.01876	0.02267	0.01463	0.01164	0.01238	0.00352	0.06745	0.00795	0.00516	0.01579
38	0.03981	0.04925	0.03087	0.02871	0.03421	0.46649	0.02192	0.04316	0.03205	0.02940	0.02439	0.03718	0.02262	0.01495	0.01131	0.00334	0.01946	0.07113	0.00669	0.01308
39	0.01711	0.01244	0.01764	0.01820	0.02003	0.01372	0.01409	0.02078	0.02007	0.02784	0.03849	0.06897	0.03934	0.16502	0.34832	0.01459	0.02335	0.10281	0.00731	0.00986
40	0.02718	0.10554	0.39308	0.03227	0.04746	0.02816	0.08097	0.03853	0.02557	0.08167	0.02301	0.02606	0.01635	0.01113	0.01103	0.00358	0.01629	0.00916	0.00590	0.01707
41	0.02915	0.02183	0.03216	0.07741	0.03725	0.02355	0.08666	0.04216	0.15609	0.12393	0.04125	0.10848	0.03561	0.01864	0.01536	0.00421	0.06548	0.05546	0.00990	0.01542
42	0.04693	0.01863	0.02531	0.01980	0.02788	0.01619	0.01619	0.05157	0.03323	0.45619	0.11449	0.04654	0.04069	0.01577	0.01199	0.00361	0.00925	0.01307	0.01416	0.01850
43	0.01754	0.01277	0.01748	0.01964	0.02215	0.01271	0.01648	0.02216	0.02544	0.03313	0.06419	0.17294	0.10656	0.03779	0.06776	0.00646	0.01181	0.31227	0.01029	0.01045
44	0.02333	0.06016	0.53100	0.03315	0.05034	0.02701	0.04297	0.03683	0.02455	0.03683	0.02087	0.02455	0.01473	0.01105	0.01105	0.00368	0.01719	0.00859	0.00491	0.01719
45	0.02706	0.11762	0.12908	0.02711	0.03292	0.08115	0.02527	0.03418	0.06156	0.03081	0.02147	0.03025	0.01940	0.07104	0.02575	0.00474	0.23087	0.00994	0.00588	0.01389
46	0.03363	0.03344	0.02832	0.02558	0.03186	0.17816	0.01998	0.09401	0.27332	0.04380	0.03832	0.04401	0.03110	0.01611	0.01184	0.00376	0.01312	0.05328	0.01000	0.01635
47	0.02412	0.02067	0.02412	0.01723	0.02756	0.01550	0.01378	0.02929	0.02412	0.03790	0.02067	0.02412	0.01723	0.00861	0.00861	0.00172	0.00861	0.00689	0.00689	0.66236
48	0.02333	0.06016	0.53100	0.03315	0.05034	0.02701	0.04297	0.03683	0.02455	0.03683	0.02087	0.02455	0.01473	0.01105	0.01105	0.00368	0.01719	0.00859	0.00491	0.01719
49	0.04158	0.02203	0.02521	0.02087	0.02780	0.06413	0.01655	0.08810	0.03371	0.31841	0.08939	0.12133	0.04157	0.01828	0.01224	0.00371	0.01028	0.01524	0.01269	0.01686

[dist]
# distance from previous block
# <min> <max>
0	69

[block]
# block no. 7 follows, 10 sequences, length 18
# corresponding to MSA columns:
# 425-442
name=unknown_H
#
# <colnr> <probs for GDERKNQSTAVLIFYWHMCP>
#	G	D	E	R	K	N	Q	S	T	A	V	L	I	F	Y	W	H	M	C	P
0	0.02855	0.02643	0.04187	0.03559	0.10925	0.02414	0.15241	0.09504	0.02967	0.04264	0.02268	0.02742	0.01788	0.00995	0.01093	0.00286	0.01314	0.00987	0.00709	0.29258
1	0.01576	0.01192	0.01483	0.01613	0.01879	0.01100	0.01263	0.01960	0.02654	0.03419	0.14331	0.21908	0.22294	0.03104	0.01470	0.00451	0.00751	0.15431	0.01105	0.01017
2	0.02818	0.02674	0.04399	0.11128	0.42995	0.02760	0.03365	0.03777	0.07338	0.03831	0.02432	0.03045	0.01987	0.01102	0.01156	0.00354	0.01351	0.01064	0.00631	0.01792
3	0.02164	0.01303	0.01720	0.01551	0.01916	0.01186	0.01186	0.02698	0.03297	0.11621	0.44495	0.08002	0.09801	0.02242	0.01342	0.00365	0.00613	0.01968	0.01303	0.01225
4	0.32219	0.02274	0.02377	0.01918	0.02743	0.02365	0.01583	0.10558	0.03037	0.25674	0.03044	0.02894	0.02047	0.01276	0.00972	0.00358	0.00991	0.00917	0.01087	0.01665
5	0.15725	0.16171	0.10982	0.02265	0.03246	0.03134	0.02169	0.10662	0.09472	0.11553	0.02722	0.02740	0.02002	0.01231	0.00978	0.00339	0.01173	0.00896	0.00867	0.01672
6	0.03194	0.02910	0.04409	0.03691	0.08283	0.03121	0.16427	0.15190	0.16693	0.04871	0.03062	0.03329	0.02313	0.01334	0.01428	0.00387	0.05496	0.01222	0.00891	0.01748
7	0.01765	0.01323	0.01791	0.01761	0.01905	0.01474	0.01316	0.02075	0.02095	0.02938	0.10394	0.06747	0.04724	0.21601	0.22850	0.01183	0.06542	0.05768	0.00777	0.00971
8	0.01549	0.01116	0.01420	0.01546	0.01699	0.01048	0.01091	0.01841	0.02469	0.03308	0.16399	0.31202	0.11786	0.11297	0.02104	0.00543	0.00744	0.06809	0.01069	0.00960
9	0.03172	0.02148	0.02529	0.01954	0.02868	0.01903	0.01563	0.04325	0.13757	0.15314	0.03275	0.03222	0.02419	0.01163	0.01008	0.00268	0.00905	0.00947	0.00978	0.36281
10	0.02167	0.01465	0.01591	0.01566	0.01898	0.01543	0.01192	0.03256	0.13508	0.03948	0.04939	0.06558	0.07539	0.10159	0.01793	0.00470	0.00793	0.07292	0.27123	0.01197
11	0.04689	0.02828	0.03225	0.02472	0.03393	0.02969	0.02042	0.33777	0.04750	0.22561	0.03396	0.03184	0.02281	0.01411	0.01166	0.00353	0.01182	0.01088	0.01256	0.01978
12	0.01381	0.01154	0.01203	0.01242	0.01588	0.00976	0.00912	0.01662	0.02589	0.03117	0.11001	0.18051	0.45045	0.03047	0.01391	0.00404	0.00602	0.02578	0.01080	0.00976
13	0.03115	0.02609	0.02755	0.02412	0.03109	0.02997	0.01895	0.12258	0.43330	0.05224	0.04452	0.04114	0.03322	0.01551	0.01181	0.00388	0.00973	0.01276	0.01181	0.01861
14	0.01646	0.01189	0.01555	0.01463	0.01738	0.01097	0.01097	0.02195	0.03292	0.04664	0.51257	0.08688	0.10974	0.02378	0.01372	0.00366	0.00549	0.02103	0.01280	0.01097
15	0.01480	0.01057	0.01422	0.01692	0.01787	0.00999	0.01190	0.01729	0.02289	0.03040	0.06375	0.52090	0.07554	0.03584	0.01501	0.00481	0.00730	0.08958	0.01078	0.00962
16	0.02445	0.13813	0.46289	0.03123	0.04737	0.02977	0.03963	0.03654	0.02442	0.03546	0.02019	0.02370	0.01476	0.01089	0.01053	0.00351	0.01650	0.00825	0.00492	0.01686
17	0.12199	0.02831	0.05097	0.05473	0.27256	0.02809	0.19984	0.03607	0.02588	0.03978	0.02168	0.02833	0.01728	0.01021	0.01173	0.00365	0.01532	0.01105	0.00601	0.01654

[dist]
# distance from previous block
# <min> <max>
0	2

[block]
# block no. 8 follows, 10 sequences, length 32
# corresponding to MSA columns:
# 445-476
name=unknown_I
#
# <colnr> <probs for GDERKNQSTAVLIFYWHMCP>
#	G	D	E	R	K	N	Q	S	T	A	V	L	I	F	Y	W	H	M	C	P
0	0.35585	0.24950	0.03738	0.02275	0.07534	0.03409	0.01779	0.03459	0.02198	0.04099	0.01676	0.01980	0.01410	0.01042	0.00774	0.00315	0.01084	0.00668	0.00618	0.01410
1	0.02050	0.01627	0.02030	0.01872	0.02472	0.01392	0.01570	0.02554	0.02564	0.03576	0.05002	0.08461	0.09000	0.02205	0.01273	0.00370	0.00936	0.21870	0.00912	0.28264
2	0.02860	0.33640	0.15205	0.03063	0.04246	0.03773	0.15317	0.03589	0.02488	0.03195	0.01914	0.02336	0.01566	0.01012	0.00991	0.00312	0.01536	0.00879	0.00522	0.01557
3	0.01691	0.01128	0.01268	0.01268	0.01268	0.01128	0.00705	0.01691	0.01691	0.02255	0.03665	0.07611	0.04228	0.59126	0.05920	0.01128	0.01128	0.01691	0.00705	0.00705
4	0.01388	0.01124	0.01234	0.01321	0.01609	0.00970	0.00947	0.01653	0.02513	0.03086	0.10040	0.26492	0.37224	0.03172	0.01410	0.00419	0.00617	0.02731	0.01080	0.00970
5	0.01664	0.01116	0.01277	0.01304	0.01311	0.01109	0.00742	0.01684	0.01745	0.02327	0.03941	0.12721	0.04577	0.53540	0.05473	0.01062	0.01082	0.01854	0.00742	0.00729
6	0.67341	0.02249	0.01709	0.01529	0.02249	0.02609	0.01260	0.03419	0.01979	0.05218	0.01619	0.01889	0.01260	0.01080	0.00720	0.00360	0.00900	0.00630	0.00720	0.01260
7	0.01417	0.01012	0.01350	0.01619	0.01687	0.00945	0.01080	0.01619	0.02227	0.02969	0.06410	0.58367	0.07692	0.03644	0.01484	0.00472	0.00675	0.03306	0.01080	0.00945
8	0.03109	0.59826	0.06095	0.01990	0.02985	0.04602	0.01990	0.03483	0.02363	0.02736	0.01617	0.01866	0.01493	0.00995	0.00746	0.00249	0.01244	0.00622	0.00498	0.01493
9	0.02327	0.02110	0.02135	0.02299	0.02627	0.11081	0.01943	0.02819	0.02791	0.03364	0.05358	0.11098	0.05741	0.02843	0.01504	0.00492	0.01259	0.36103	0.00984	0.01122
10	0.01417	0.01012	0.01350	0.01619	0.01687	0.00945	0.01080	0.01619	0.02227	0.02969	0.06410	0.58367	0.07692	0.03644	0.01484	0.00472	0.00675	0.03306	0.01080	0.00945
11	0.02459	0.02335	0.03963	0.37404	0.24886	0.02653	0.03361	0.03202	0.02450	0.03290	0.02114	0.03015	0.01663	0.01114	0.01158	0.00371	0.01485	0.01035	0.00539	0.01504
12	0.02196	0.02067	0.03488	0.56331	0.08010	0.02584	0.03230	0.02972	0.02326	0.02972	0.02067	0.03101	0.01550	0.01163	0.01163	0.00388	0.01550	0.01034	0.00517	0.01292
13	0.02425	0.02369	0.03334	0.02893	0.02921	0.03277	0.02397	0.02701	0.01793	0.02786	0.01741	0.02818	0.01713	0.02939	0.10667	0.00693	0.49718	0.01049	0.00524	0.01241
14	0.03224	0.02913	0.06056	0.04353	0.05476	0.02702	0.38744	0.04102	0.02858	0.13213	0.02786	0.03296	0.01981	0.01069	0.01333	0.00386	0.01773	0.01333	0.00753	0.01648
15	0.02168	0.01084	0.01084	0.01084	0.01355	0.01084	0.00813	0.02710	0.02439	0.04336	0.03794	0.04336	0.02981	0.01355	0.00813	0.00271	0.00542	0.01084	0.65583	0.01084
16	0.02903	0.02321	0.02468	0.02067	0.02600	0.08969	0.05937	0.11796	0.03258	0.04688	0.07966	0.04054	0.03271	0.01408	0.01024	0.00312	0.01036	0.01163	0.31418	0.01342
17	0.01405	0.01179	0.01220	0.01210	0.01589	0.00995	0.00907	0.01728	0.02722	0.03311	0.16168	0.10915	0.46908	0.02882	0.01374	0.00390	0.00585	0.02416	0.01102	0.00995
18	0.03109	0.59826	0.06095	0.01990	0.02985	0.04602	0.01990	0.03483	0.02363	0.02736	0.01617	0.01866	0.01493	0.00995	0.00746	0.00249	0.01244	0.00622	0.00498	0.01493
19	0.01417	0.01012	0.01350	0.01619	0.01687	0.00945	0.01080	0.01619	0.02227	0.02969	0.06410	0.58367	0.07692	0.03644	0.01484	0.00472	0.00675	0.03306	0.01080	0.00945
20	0.02924	0.02817	0.09007	0.10470	0.33693	0.02496	0.03215	0.03652	0.02723	0.09205	0.06180	0.03421	0.02590	0.01203	0.01167	0.00355	0.01325	0.01115	0.00711	0.01735
21	0.03003	0.13401	0.04458	0.09927	0.27232	0.03188	0.02878	0.08062	0.09197	0.03998	0.02470	0.02900	0.01992	0.01148	0.01082	0.00338	0.01300	0.00997	0.00693	0.01735
22	0.11343	0.05177	0.03120	0.02833	0.03446	0.48697	0.02137	0.04508	0.03150	0.03110	0.01778	0.02074	0.01472	0.01185	0.01012	0.00306	0.01964	0.00736	0.00613	0.01338
23	0.02289	0.02421	0.12171	0.02650	0.09273	0.01695	0.02116	0.03004	0.03045	0.08955	0.30542	0.06231	0.07107	0.01858	0.01270	0.00363	0.00932	0.01626	0.01046	0.01404
24	0.01417	0.01012	0.01350	0.01619	0.01687	0.00945	0.01080	0.01619	0.02227	0.02969	0.06410	0.58367	0.07692	0.03644	0.01484	0.00472	0.00675	0.03306	0.01080	0.00945
25	0.02106	0.01884	0.03054	0.35540	0.10615	0.02173	0.02649	0.02808	0.02637	0.03543	0.16279	0.04691	0.04300	0.01501	0.01222	0.00377	0.01244	0.01343	0.00743	0.01291
26	0.01537	0.01148	0.01304	0.01311	0.01521	0.01049	0.00891	0.01783	0.02439	0.03165	0.17025	0.14186	0.23492	0.20788	0.02832	0.00629	0.00761	0.02221	0.01003	0.00914
27	0.58587	0.02289	0.01960	0.01735	0.02358	0.02738	0.01433	0.03335	0.01953	0.04891	0.01607	0.01978	0.01296	0.01209	0.01138	0.00380	0.08479	0.00682	0.00691	0.01261
28	0.03741	0.02827	0.03057	0.02450	0.03238	0.03125	0.01986	0.33461	0.14015	0.06478	0.09728	0.03898	0.03507	0.01565	0.01196	0.00360	0.01109	0.01243	0.01183	0.01832
29	0.02712	0.02333	0.08849	0.01926	0.02604	0.01939	0.01736	0.07685	0.12305	0.09398	0.09079	0.05003	0.08345	0.01633	0.01102	0.00346	0.00892	0.01338	0.19295	0.01481
30	0.32895	0.13941	0.07898	0.01983	0.02883	0.08615	0.01825	0.03527	0.02304	0.04137	0.01746	0.02034	0.01414	0.01050	0.00819	0.00307	0.01174	0.00672	0.00637	0.10138
31	0.02452	0.03113	0.18798	0.02771	0.08007	0.02016	0.02510	0.03534	0.07516	0.08835	0.21472	0.05217	0.05494	0.01665	0.01226	0.00367	0.01089	0.01429	0.00960	0.01529

[dist]
# distance from previous block
# <min> <max>
0	7

[block]
# block no. 9 follows, 10 sequences, length 25
# corresponding to MSA columns:
# 484-508
name=unknown_J
#
# <colnr> <probs for GDERKNQSTAVLIFYWHMCP>
#	G	D	E	R	K	N	Q	S	T	A	V	L	I	F	Y	W	H	M	C	P
0	0.03478	0.04118	0.27017	0.02834	0.04041	0.02590	0.03090	0.09391	0.03008	0.18959	0.02877	0.02962	0.01966	0.01333	0.01400	0.00377	0.06920	0.00992	0.00861	0.01784
1	0.01408	0.01047	0.01313	0.01526	0.01662	0.00953	0.01038	0.01630	0.02316	0.03006	0.07546	0.48390	0.16937	0.03496	0.01461	0.00455	0.00657	0.03126	0.01080	0.00953
2	0.02412	0.02067	0.02412	0.01723	0.02756	0.01550	0.01378	0.02929	0.02412	0.03790	0.02067	0.02412	0.01723	0.00861	0.00861	0.00172	0.00861	0.00689	0.00689	0.66236
3	0.01691	0.01128	0.01268	0.01268	0.01268	0.01128	0.00705	0.01691	0.01691	0.02255	0.03665	0.07611	0.04228	0.59126	0.05920	0.01128	0.01128	0.01691	0.00705	0.00705
4	0.01417	0.01012	0.01350	0.01619	0.01687	0.00945	0.01080	0.01619	0.02227	0.02969	0.06410	0.58367	0.07692	0.03644	0.01484	0.00472	0.00675	0.03306	0.01080	0.00945
5	0.24339	0.02507	0.02778	0.02170	0.03020	0.02603	0.05001	0.17052	0.03309	0.05419	0.05973	0.02897	0.02369	0.01225	0.00986	0.00320	0.01061	0.00941	0.00884	0.15146
6	0.02333	0.06016	0.53100	0.03315	0.05034	0.02701	0.04297	0.03683	0.02455	0.03683	0.02087	0.02455	0.01473	0.01105	0.01105	0.00368	0.01719	0.00859	0.00491	0.01719
7	0.11229	0.02920	0.03098	0.02512	0.03188	0.08069	0.02057	0.19349	0.03597	0.16578	0.02734	0.02851	0.01974	0.01483	0.01647	0.00381	0.12657	0.00994	0.00990	0.01691
8	0.02573	0.17877	0.35356	0.03252	0.04724	0.03172	0.10335	0.03644	0.02478	0.03473	0.02020	0.02424	0.01522	0.01061	0.01064	0.00345	0.01647	0.00883	0.00507	0.01644
9	0.01452	0.01123	0.01286	0.01359	0.01597	0.00999	0.00953	0.01720	0.02502	0.03186	0.14133	0.25200	0.28196	0.08658	0.01859	0.00487	0.00664	0.02601	0.01067	0.00957
10	0.16444	0.02107	0.02260	0.01681	0.02647	0.01779	0.01352	0.03034	0.02318	0.04099	0.01970	0.02299	0.01623	0.00909	0.00831	0.00213	0.00870	0.00676	0.00696	0.52193
11	0.03258	0.02979	0.08523	0.04898	0.28305	0.02741	0.02979	0.08734	0.11307	0.10056	0.02969	0.03215	0.02244	0.01222	0.01156	0.00358	0.01276	0.01086	0.00835	0.01860
12	0.03064	0.17031	0.04636	0.02898	0.03675	0.03380	0.12624	0.12646	0.07403	0.04067	0.02517	0.03239	0.02127	0.07070	0.01897	0.00435	0.07908	0.01103	0.00742	0.01538
13	0.02973	0.02125	0.07827	0.02069	0.02598	0.01778	0.01801	0.03408	0.02566	0.18538	0.08301	0.06112	0.04135	0.16223	0.02719	0.00592	0.07312	0.06577	0.00986	0.01359
14	0.10670	0.02933	0.09246	0.19930	0.09967	0.02915	0.07081	0.10035	0.02785	0.04120	0.02103	0.02753	0.01618	0.01249	0.01416	0.00386	0.07629	0.00997	0.00648	0.01518
15	0.02857	0.09421	0.16450	0.02766	0.08619	0.02265	0.02430	0.03544	0.02647	0.12286	0.08646	0.03943	0.03215	0.06706	0.01537	0.00399	0.01200	0.01118	0.00809	0.09140
16	0.02525	0.02488	0.08180	0.02939	0.03488	0.02355	0.12483	0.03057	0.02338	0.07797	0.03323	0.10683	0.03235	0.08927	0.02532	0.00529	0.15299	0.05742	0.00756	0.01322
17	0.09351	0.02691	0.07845	0.02088	0.02741	0.08067	0.01824	0.08675	0.03067	0.09568	0.11307	0.05857	0.08804	0.07206	0.01640	0.00445	0.01141	0.05350	0.00966	0.01367
18	0.10103	0.09704	0.16357	0.02969	0.03940	0.14831	0.10962	0.03633	0.02555	0.03405	0.02156	0.02982	0.01835	0.07887	0.01628	0.00433	0.01645	0.00978	0.00586	0.01412
19	0.29770	0.11305	0.08722	0.02393	0.07590	0.02646	0.01947	0.03225	0.02230	0.04128	0.02309	0.08393	0.02140	0.01329	0.00911	0.00336	0.01067	0.01000	0.00682	0.07877
20	0.10306	0.09656	0.18755	0.03271	0.13254	0.02512	0.02719	0.03232	0.02636	0.04035	0.14315	0.03969	0.03905	0.01394	0.01094	0.00349	0.01204	0.01153	0.00735	0.01507
21	0.03230	0.09545	0.04058	0.02742	0.03658	0.02704	0.12233	0.14578	0.03313	0.09031	0.02978	0.08967	0.02540	0.01402	0.01138	0.00327	0.01255	0.01263	0.00875	0.14163
22	0.02794	0.04049	0.25957	0.03180	0.04533	0.02390	0.13009	0.03776	0.02617	0.09704	0.02448	0.02782	0.01763	0.01067	0.01121	0.00331	0.01503	0.00976	0.00670	0.15332
23	0.11600	0.09391	0.12788	0.02263	0.03329	0.02526	0.02205	0.09145	0.03017	0.21044	0.02914	0.02870	0.02018	0.01209	0.01018	0.00326	0.01166	0.00913	0.00944	0.09314
