[name]
unknown

[dist]
# distance from previous block
# <min> <max>
0	127

[block]
# block no. 0 follows, 12 sequences, length 27
# corresponding to MSA columns:
# 136-162
name=unknown_A
#
# <colnr> <probs for GDERKNQSTAVLIFYWHMCP>
#	G	D	E	R	K	N	Q	S	T	A	V	L	I	F	Y	W	H	M	C	P
0	0.02718	0.01697	0.02148	0.02013	0.02486	0.01711	0.01699	0.12625	0.03215	0.12607	0.11379	0.08399	0.05339	0.02295	0.01327	0.00419	0.00966	0.24537	0.01104	0.01317
1	0.02836	0.01642	0.02018	0.01643	0.02192	0.01583	0.01321	0.03281	0.02401	0.16310	0.03035	0.03287	0.02284	0.01255	0.01231	0.00280	0.08591	0.00932	0.25199	0.18679
2	0.01535	0.01144	0.01419	0.01584	0.01715	0.01144	0.01077	0.02095	0.08832	0.02964	0.05580	0.48768	0.06415	0.08138	0.01709	0.00486	0.00700	0.02721	0.00995	0.00979
3	0.01427	0.01103	0.01314	0.01364	0.01638	0.00989	0.01036	0.01785	0.02590	0.03353	0.21383	0.18080	0.28449	0.02753	0.01333	0.00391	0.00615	0.08379	0.01063	0.00956
4	0.01501	0.01092	0.01364	0.01329	0.01548	0.01008	0.00955	0.01891	0.02731	0.03769	0.38340	0.12775	0.14352	0.10332	0.01865	0.00450	0.00601	0.02055	0.01090	0.00955
5	0.01943	0.01189	0.01534	0.01537	0.01816	0.01095	0.01162	0.02288	0.02546	0.10271	0.17967	0.21540	0.12919	0.07683	0.01687	0.00457	0.00729	0.09511	0.01072	0.01054
6	0.02575	0.01565	0.01739	0.01551	0.01976	0.01668	0.01216	0.10564	0.08640	0.07949	0.03482	0.03846	0.02696	0.02229	0.08435	0.00485	0.01008	0.01062	0.36033	0.01282
7	0.60392	0.02086	0.01825	0.09130	0.02830	0.02443	0.01428	0.03149	0.01899	0.04611	0.01574	0.01923	0.01217	0.01023	0.00730	0.00341	0.00925	0.00641	0.00649	0.01185
8	0.02328	0.02416	0.04613	0.04063	0.12395	0.02479	0.25603	0.02951	0.02314	0.03223	0.02761	0.13680	0.02669	0.01564	0.01664	0.00393	0.11387	0.01519	0.00623	0.01355
9	0.02261	0.01938	0.02261	0.01615	0.02584	0.01453	0.01292	0.02745	0.02261	0.03553	0.01938	0.02261	0.01615	0.00807	0.00807	0.00161	0.00807	0.00646	0.00646	0.68346
10	0.03545	0.02287	0.02709	0.02525	0.08773	0.02402	0.01810	0.25929	0.03772	0.13304	0.03055	0.03171	0.02213	0.01266	0.01005	0.00309	0.00990	0.01007	0.18305	0.01623
11	0.03956	0.02872	0.03071	0.02376	0.03193	0.03170	0.01956	0.46900	0.04873	0.06621	0.02702	0.02747	0.01938	0.01305	0.01061	0.00321	0.01138	0.00985	0.07034	0.01780
12	0.53023	0.02596	0.02000	0.01738	0.02426	0.08994	0.01408	0.09755	0.02437	0.04896	0.01685	0.01907	0.01297	0.01065	0.00766	0.00329	0.01023	0.00656	0.00717	0.01281
13	0.02699	0.02591	0.04426	0.06693	0.54879	0.02591	0.03346	0.03346	0.02483	0.03562	0.02051	0.02699	0.01727	0.00972	0.01079	0.00324	0.01295	0.00972	0.00540	0.01727
14	0.04014	0.02989	0.03199	0.02482	0.03332	0.03320	0.02041	0.47108	0.09474	0.06661	0.02783	0.02750	0.01988	0.01324	0.01092	0.00331	0.01169	0.01005	0.01092	0.01843
15	0.13107	0.02061	0.02389	0.07211	0.07637	0.02311	0.01777	0.07249	0.22196	0.04175	0.03732	0.14903	0.03363	0.01706	0.01092	0.00372	0.00927	0.01445	0.00914	0.01434
16	0.02490	0.01532	0.01845	0.01671	0.02129	0.01499	0.01282	0.03478	0.14048	0.15508	0.18435	0.14148	0.13217	0.02113	0.01219	0.00366	0.00708	0.01820	0.01158	0.01335
17	0.07553	0.01586	0.02061	0.01691	0.02298	0.01434	0.01356	0.03933	0.03030	0.32823	0.23352	0.05297	0.05523	0.01667	0.01144	0.00340	0.00764	0.01402	0.01251	0.01496
18	0.04083	0.02371	0.07643	0.07838	0.09528	0.02002	0.02186	0.07934	0.03029	0.36628	0.03495	0.03317	0.02295	0.01251	0.01088	0.00338	0.01099	0.01036	0.01078	0.01760
19	0.02751	0.15070	0.12855	0.09140	0.25184	0.02857	0.06325	0.03447	0.02425	0.06931	0.02087	0.02549	0.01645	0.01007	0.01012	0.00316	0.01345	0.00897	0.00565	0.01589
20	0.01320	0.00980	0.01233	0.01435	0.01560	0.00893	0.00975	0.01528	0.02168	0.02816	0.07027	0.50768	0.16755	0.03284	0.01371	0.00428	0.00616	0.02938	0.01012	0.00893
21	0.03389	0.02022	0.03007	0.06763	0.10158	0.01976	0.06090	0.07366	0.06382	0.24415	0.06632	0.10362	0.03343	0.01543	0.01156	0.00354	0.01048	0.01374	0.01030	0.01590
22	0.03170	0.07378	0.12584	0.09890	0.08816	0.05831	0.12420	0.10696	0.02941	0.12078	0.02436	0.02748	0.01756	0.01101	0.01088	0.00335	0.01432	0.00987	0.00728	0.01585
23	0.02469	0.01570	0.02366	0.22609	0.04114	0.01672	0.01993	0.02977	0.02487	0.14741	0.07505	0.15860	0.04183	0.01964	0.01226	0.00393	0.01046	0.08669	0.00907	0.01248
24	0.01483	0.01022	0.01315	0.01463	0.01581	0.00973	0.01022	0.01756	0.02250	0.03108	0.13744	0.37223	0.06956	0.09955	0.01834	0.00491	0.00687	0.06544	0.05690	0.00903
25	0.02373	0.02692	0.12398	0.16081	0.04947	0.02207	0.18878	0.03148	0.02464	0.07733	0.06327	0.10050	0.02900	0.01397	0.01197	0.00368	0.01403	0.01380	0.00688	0.01367
26	0.07489	0.10275	0.21247	0.07696	0.03999	0.02420	0.06911	0.03642	0.02444	0.15135	0.02708	0.06723	0.02105	0.01254	0.01037	0.00340	0.01289	0.01048	0.00726	0.01512

[dist]
# distance from previous block
# <min> <max>
2	8

[block]
# block no. 1 follows, 12 sequences, length 12
# corresponding to MSA columns:
# 171-182
name=unknown_B
#
# <colnr> <probs for GDERKNQSTAVLIFYWHMCP>
#	G	D	E	R	K	N	Q	S	T	A	V	L	I	F	Y	W	H	M	C	P
0	0.03000	0.07679	0.21862	0.02384	0.03494	0.07707	0.02477	0.03879	0.05572	0.13588	0.02503	0.02603	0.01811	0.01075	0.00974	0.00291	0.01261	0.00828	0.00724	0.16287
1	0.02213	0.01297	0.01635	0.01428	0.01847	0.01158	0.01102	0.02709	0.02883	0.12204	0.33268	0.06222	0.07056	0.01798	0.01126	0.00310	0.00607	0.01552	0.11689	0.07896
2	0.01736	0.02209	0.13477	0.01807	0.02394	0.01489	0.01722	0.02592	0.07460	0.03818	0.26814	0.11855	0.14169	0.02090	0.01225	0.00359	0.00806	0.01803	0.00982	0.01193
3	0.01423	0.01076	0.01314	0.01326	0.01574	0.00967	0.00967	0.01798	0.02696	0.03616	0.31354	0.20280	0.22352	0.02640	0.01310	0.00372	0.00551	0.02311	0.01105	0.00967
4	0.01810	0.01179	0.01456	0.01364	0.01703	0.01049	0.01031	0.02224	0.02851	0.09274	0.33354	0.11841	0.22017	0.02368	0.01274	0.00356	0.00577	0.02049	0.01149	0.01075
5	0.09784	0.44759	0.04827	0.01948	0.02843	0.03946	0.01838	0.12623	0.02748	0.03638	0.01731	0.01921	0.01466	0.01014	0.00773	0.00262	0.01140	0.00662	0.00609	0.01466
6	0.02187	0.05640	0.56031	0.03108	0.04719	0.02532	0.04029	0.03453	0.02302	0.03453	0.01957	0.02302	0.01381	0.01036	0.01036	0.00345	0.01611	0.00806	0.00460	0.01611
7	0.02823	0.12710	0.13302	0.02007	0.03010	0.02136	0.01965	0.03405	0.02422	0.13769	0.02614	0.06356	0.02121	0.01154	0.00931	0.00263	0.01037	0.00919	0.00745	0.26312
8	0.17024	0.02803	0.02869	0.02269	0.03080	0.03136	0.01864	0.37681	0.08665	0.06274	0.02558	0.02576	0.01849	0.01265	0.01009	0.00333	0.01099	0.00926	0.01009	0.01709
9	0.01372	0.00982	0.01304	0.01489	0.01591	0.00914	0.01015	0.01626	0.02288	0.03102	0.15702	0.50368	0.07829	0.03178	0.01370	0.00423	0.00609	0.02873	0.01050	0.00914
10	0.16197	0.03247	0.02919	0.02513	0.02944	0.18734	0.02021	0.10857	0.02657	0.03744	0.01707	0.02181	0.01441	0.01414	0.01874	0.00370	0.22412	0.00815	0.00636	0.01315
11	0.02080	0.01175	0.01549	0.01607	0.01875	0.01068	0.01182	0.02354	0.02374	0.13451	0.06149	0.39865	0.10947	0.02898	0.01333	0.00420	0.00719	0.06780	0.01079	0.01095

[dist]
# distance from previous block
# <min> <max>
0	1

[block]
# block no. 2 follows, 12 sequences, length 6
# corresponding to MSA columns:
# 184-189
name=unknown_C
#
# <colnr> <probs for GDERKNQSTAVLIFYWHMCP>
#	G	D	E	R	K	N	Q	S	T	A	V	L	I	F	Y	W	H	M	C	P
0	0.02938	0.02765	0.11856	0.07698	0.08380	0.02375	0.02338	0.08467	0.18659	0.12584	0.03515	0.07889	0.02758	0.01440	0.01111	0.00358	0.01105	0.01217	0.00921	0.01627
1	0.02059	0.01938	0.03270	0.59060	0.07510	0.02422	0.03028	0.02786	0.02180	0.02786	0.01938	0.02907	0.01453	0.01090	0.01090	0.00363	0.01453	0.00969	0.00484	0.01211
2	0.03790	0.19142	0.03730	0.02579	0.03231	0.44372	0.02048	0.04088	0.02876	0.02643	0.01644	0.01913	0.01403	0.01077	0.00914	0.00269	0.01771	0.00673	0.00539	0.01297
3	0.13011	0.13359	0.12554	0.02893	0.08327	0.02623	0.09626	0.03877	0.02498	0.17481	0.02489	0.02638	0.01781	0.01074	0.00982	0.00324	0.01242	0.00901	0.00752	0.01566
4	0.10519	0.02053	0.02402	0.01896	0.02644	0.02038	0.01555	0.16058	0.03372	0.31104	0.03507	0.03305	0.02358	0.01295	0.01005	0.00323	0.00925	0.01007	0.10967	0.01667
5	0.01558	0.01168	0.01752	0.01752	0.01947	0.01363	0.01363	0.01947	0.01752	0.02531	0.02921	0.04283	0.02726	0.08178	0.57360	0.01752	0.02921	0.01168	0.00584	0.00974

[dist]
# distance from previous block
# <min> <max>
1	1

[block]
# block no. 3 follows, 12 sequences, length 23
# corresponding to MSA columns:
# 192-214
name=unknown_D
#
# <colnr> <probs for GDERKNQSTAVLIFYWHMCP>
#	G	D	E	R	K	N	Q	S	T	A	V	L	I	F	Y	W	H	M	C	P
0	0.09003	0.28508	0.03980	0.02111	0.02821	0.12738	0.01842	0.10892	0.02752	0.03579	0.01861	0.02148	0.01558	0.01137	0.01050	0.00287	0.06077	0.00729	0.05543	0.01383
1	0.16917	0.02003	0.02304	0.01876	0.02606	0.02014	0.01525	0.08074	0.10335	0.30304	0.07811	0.03671	0.03062	0.01372	0.01031	0.00342	0.00887	0.01081	0.01150	0.01635
2	0.02767	0.01875	0.02547	0.12688	0.03386	0.02139	0.01878	0.03596	0.10190	0.15477	0.10383	0.04288	0.03509	0.06826	0.02001	0.00438	0.12520	0.01233	0.00898	0.01362
3	0.03347	0.02686	0.02804	0.02648	0.07253	0.11696	0.01956	0.14133	0.07621	0.12386	0.08933	0.04362	0.03385	0.01584	0.01319	0.00354	0.05467	0.05605	0.00955	0.01507
4	0.02187	0.05640	0.56031	0.03108	0.04719	0.02532	0.04029	0.03453	0.02302	0.03453	0.01957	0.02302	0.01381	0.01036	0.01036	0.00345	0.01611	0.00806	0.00460	0.01611
5	0.02699	0.02591	0.04426	0.06693	0.54879	0.02591	0.03346	0.03346	0.02483	0.03562	0.02051	0.02699	0.01727	0.00972	0.01079	0.00324	0.01295	0.00972	0.00540	0.01727
6	0.02572	0.02701	0.02491	0.02287	0.02752	0.19006	0.05307	0.03309	0.08520	0.03386	0.12232	0.06604	0.09381	0.01944	0.01225	0.00370	0.01230	0.12608	0.00876	0.01198
7	0.03006	0.02032	0.02288	0.01996	0.02616	0.02176	0.01568	0.05041	0.33363	0.16204	0.08678	0.04842	0.08108	0.01616	0.01135	0.00360	0.00825	0.01348	0.01163	0.01635
8	0.02059	0.01938	0.03270	0.59060	0.07510	0.02422	0.03028	0.02786	0.02180	0.02786	0.01938	0.02907	0.01453	0.01090	0.01090	0.00363	0.01453	0.00969	0.00484	0.01211
9	0.34973	0.02217	0.02557	0.02024	0.02817	0.02315	0.06247	0.09370	0.02700	0.21110	0.02595	0.02598	0.01786	0.01144	0.00916	0.00339	0.01007	0.00863	0.00925	0.01500
10	0.03177	0.02256	0.03364	0.03672	0.18825	0.02262	0.06550	0.08004	0.11419	0.16342	0.03507	0.09820	0.02860	0.01450	0.01144	0.00353	0.01099	0.01317	0.00931	0.01649
11	0.01324	0.00967	0.01247	0.01471	0.01569	0.00890	0.00991	0.01524	0.02133	0.02802	0.06583	0.55225	0.12586	0.03342	0.01380	0.00434	0.00623	0.03009	0.01012	0.00890
12	0.02431	0.02348	0.04113	0.19446	0.34453	0.02449	0.07727	0.03094	0.02388	0.03305	0.02306	0.06725	0.02022	0.01162	0.01123	0.00346	0.01343	0.01146	0.00559	0.01514
13	0.04212	0.02947	0.03206	0.02458	0.03328	0.03222	0.02030	0.47124	0.04947	0.11246	0.02769	0.02716	0.01930	0.01313	0.01091	0.00328	0.01175	0.00992	0.01114	0.01854
14	0.03316	0.03148	0.18253	0.02820	0.07910	0.02302	0.02545	0.04465	0.11665	0.22368	0.03211	0.03168	0.02240	0.01295	0.01286	0.00356	0.06034	0.01014	0.00905	0.01695
15	0.01666	0.01213	0.01479	0.01393	0.01691	0.01166	0.01050	0.02384	0.07320	0.04244	0.42053	0.07639	0.12719	0.02127	0.01226	0.00340	0.00547	0.01854	0.06811	0.01080
16	0.02455	0.26477	0.37539	0.02651	0.04013	0.03187	0.03234	0.03384	0.02270	0.03127	0.01795	0.02099	0.01388	0.00998	0.00912	0.00304	0.01448	0.00724	0.00463	0.01533
17	0.02059	0.01938	0.03270	0.59060	0.07510	0.02422	0.03028	0.02786	0.02180	0.02786	0.01938	0.02907	0.01453	0.01090	0.01090	0.00363	0.01453	0.00969	0.00484	0.01211
18	0.02188	0.01492	0.01918	0.08118	0.02589	0.01540	0.01422	0.08596	0.02911	0.07857	0.20843	0.10347	0.09722	0.02552	0.06632	0.00482	0.00985	0.01624	0.06993	0.01189
19	0.01359	0.01016	0.01263	0.01395	0.01565	0.00920	0.00972	0.01629	0.02364	0.03114	0.16089	0.39488	0.18761	0.03045	0.01348	0.00407	0.00592	0.02706	0.01047	0.00920
20	0.20329	0.02256	0.02651	0.12358	0.03559	0.02661	0.01963	0.10067	0.09676	0.10118	0.02455	0.02739	0.01839	0.01323	0.01411	0.00369	0.11071	0.00921	0.00801	0.01432
21	0.02583	0.02155	0.03261	0.22011	0.19412	0.02222	0.02521	0.03413	0.06740	0.07801	0.02387	0.02879	0.01834	0.01052	0.01030	0.00308	0.01176	0.00935	0.00662	0.15619
22	0.02981	0.08057	0.04269	0.15268	0.17169	0.14336	0.11084	0.07596	0.02772	0.03409	0.01983	0.02543	0.01575	0.01044	0.01067	0.00323	0.01544	0.00938	0.00577	0.01465

[dist]
# distance from previous block
# <min> <max>
0	1

[block]
# block no. 4 follows, 12 sequences, length 43
# corresponding to MSA columns:
# 216-258
name=unknown_E
#
# <colnr> <probs for GDERKNQSTAVLIFYWHMCP>
#	G	D	E	R	K	N	Q	S	T	A	V	L	I	F	Y	W	H	M	C	P
0	0.06689	0.02062	0.02554	0.10387	0.03309	0.02191	0.01790	0.07698	0.06600	0.03888	0.08312	0.03223	0.02726	0.01304	0.01375	0.00306	0.09952	0.00975	0.00745	0.23914
1	0.01900	0.01473	0.01768	0.01671	0.01935	0.01631	0.01267	0.02787	0.12281	0.03569	0.15005	0.11127	0.09231	0.07048	0.06303	0.00531	0.07648	0.01623	0.10075	0.01128
2	0.01679	0.01277	0.01565	0.01464	0.01778	0.01244	0.01106	0.02517	0.09664	0.04290	0.44406	0.07780	0.12700	0.02170	0.01263	0.00348	0.00564	0.01899	0.01174	0.01113
3	0.01319	0.01106	0.01146	0.01136	0.01491	0.00933	0.00852	0.01623	0.02557	0.03115	0.16176	0.10215	0.49201	0.02698	0.01288	0.00365	0.00548	0.02262	0.01035	0.00933
4	0.01428	0.00988	0.01285	0.01449	0.01567	0.00925	0.00996	0.01709	0.02307	0.03208	0.15650	0.45726	0.07490	0.03005	0.01321	0.00408	0.00599	0.02706	0.06312	0.00925
5	0.02915	0.62337	0.05714	0.01866	0.02799	0.04314	0.01866	0.03265	0.02215	0.02565	0.01516	0.01749	0.01399	0.00933	0.00700	0.00233	0.01166	0.00583	0.00466	0.01399
6	0.04145	0.03054	0.03272	0.02509	0.03381	0.03381	0.02072	0.51243	0.05127	0.06872	0.02618	0.02618	0.01854	0.01309	0.01091	0.00327	0.01200	0.00982	0.01091	0.01854
7	0.07334	0.01325	0.01815	0.01798	0.02114	0.01280	0.05127	0.02059	0.02359	0.03285	0.09510	0.25624	0.14852	0.02707	0.01327	0.00423	0.00821	0.14279	0.00958	0.01004
8	0.03900	0.04841	0.02914	0.02657	0.03192	0.52518	0.01992	0.04200	0.03022	0.02787	0.01845	0.02145	0.01523	0.01136	0.00964	0.00279	0.01842	0.00729	0.06273	0.01243
9	0.17231	0.03361	0.02457	0.02194	0.02782	0.27675	0.01684	0.03999	0.02730	0.14508	0.02711	0.09097	0.02306	0.01413	0.00992	0.00323	0.01361	0.01040	0.00806	0.01331
10	0.01318	0.01106	0.01145	0.01135	0.01491	0.00933	0.00852	0.01622	0.02555	0.03110	0.16028	0.10223	0.49352	0.02700	0.01288	0.00365	0.00548	0.02263	0.01034	0.00933
11	0.02699	0.02591	0.04426	0.06693	0.54879	0.02591	0.03346	0.03346	0.02483	0.03562	0.02051	0.02699	0.01727	0.00972	0.01079	0.00324	0.01295	0.00972	0.00540	0.01727
12	0.69383	0.02109	0.01603	0.01434	0.02109	0.02446	0.01181	0.03205	0.01856	0.04892	0.01518	0.01771	0.01181	0.01012	0.00675	0.00337	0.00843	0.00590	0.00675	0.01181
13	0.01567	0.01131	0.01563	0.01563	0.01692	0.01260	0.01126	0.01825	0.01696	0.02391	0.03094	0.05245	0.03143	0.26208	0.39900	0.01518	0.02293	0.01309	0.00610	0.00868
14	0.02059	0.01938	0.03270	0.59060	0.07510	0.02422	0.03028	0.02786	0.02180	0.02786	0.01938	0.02907	0.01453	0.01090	0.01090	0.00363	0.01453	0.00969	0.00484	0.01211
15	0.01558	0.01168	0.01752	0.01752	0.01947	0.01363	0.01363	0.01947	0.01752	0.02531	0.02921	0.04283	0.02726	0.08178	0.57360	0.01752	0.02921	0.01168	0.00584	0.00974
16	0.02262	0.05116	0.46407	0.03396	0.04909	0.02576	0.13127	0.03461	0.02355	0.03461	0.02005	0.02426	0.01434	0.01013	0.01085	0.00350	0.01655	0.00899	0.00478	0.01584
17	0.01345	0.00984	0.01265	0.01455	0.01573	0.00904	0.00992	0.01577	0.02233	0.02959	0.11358	0.49786	0.13115	0.03222	0.01369	0.00424	0.00611	0.02894	0.01031	0.00904
18	0.01868	0.00964	0.01446	0.01446	0.01461	0.00979	0.00979	0.01461	0.01446	0.01944	0.01974	0.03390	0.01959	0.04130	0.08400	0.63092	0.01101	0.00964	0.00482	0.00512
19	0.02033	0.01016	0.01016	0.01016	0.01270	0.01016	0.00762	0.02541	0.02287	0.04065	0.03557	0.04065	0.02795	0.01270	0.00762	0.00254	0.00508	0.01016	0.67734	0.01016
20	0.01839	0.01197	0.01388	0.01308	0.01694	0.01034	0.00991	0.02179	0.02670	0.10445	0.18973	0.12998	0.34247	0.02506	0.01270	0.00364	0.00602	0.02128	0.01099	0.01069
21	0.04892	0.01856	0.02530	0.01940	0.02783	0.01603	0.01603	0.05314	0.03121	0.55634	0.04302	0.03711	0.02699	0.01350	0.01096	0.00337	0.00928	0.01096	0.01350	0.01856
22	0.02059	0.01938	0.03270	0.59060	0.07510	0.02422	0.03028	0.02786	0.02180	0.02786	0.01938	0.02907	0.01453	0.01090	0.01090	0.00363	0.01453	0.00969	0.00484	0.01211
23	0.09060	0.02684	0.09070	0.02385	0.03308	0.02330	0.05844	0.13993	0.08183	0.26814	0.03327	0.03154	0.02240	0.01258	0.01072	0.00342	0.01120	0.01029	0.01056	0.01731
24	0.04147	0.02195	0.02454	0.02004	0.02699	0.08050	0.01599	0.08304	0.03175	0.36734	0.07607	0.09372	0.03468	0.01586	0.01126	0.00341	0.01011	0.01301	0.01194	0.01633
25	0.35037	0.01985	0.02180	0.08475	0.03025	0.02098	0.01572	0.04017	0.02411	0.25384	0.02706	0.02699	0.01834	0.01159	0.00896	0.00340	0.00950	0.00842	0.00928	0.01460
26	0.02971	0.01879	0.02117	0.01855	0.02423	0.02003	0.01455	0.04759	0.28066	0.15778	0.08121	0.04306	0.03627	0.01468	0.01052	0.00338	0.00781	0.01218	0.14221	0.01561
27	0.02135	0.02015	0.03407	0.52849	0.13128	0.02442	0.03066	0.02852	0.02216	0.02878	0.01951	0.02882	0.01486	0.01076	0.01089	0.00359	0.01435	0.00969	0.00491	0.01272
28	0.01722	0.01230	0.01680	0.01640	0.01806	0.01429	0.01252	0.02075	0.01827	0.02782	0.02976	0.04419	0.02776	0.12672	0.35846	0.01276	0.07066	0.01171	0.13393	0.00963
29	0.02315	0.01127	0.01247	0.01167	0.01491	0.01087	0.00893	0.02814	0.02478	0.10216	0.09490	0.04493	0.03646	0.01390	0.00862	0.00274	0.00559	0.01136	0.52197	0.01117
30	0.01866	0.01433	0.01770	0.01772	0.02098	0.01481	0.01410	0.02955	0.14491	0.03973	0.24685	0.12081	0.07239	0.02372	0.01318	0.00404	0.00752	0.15621	0.01107	0.01174
31	0.01472	0.01075	0.01384	0.01384	0.01605	0.00987	0.01009	0.01892	0.02804	0.03886	0.39522	0.20683	0.13132	0.02550	0.01311	0.00368	0.00545	0.02262	0.01141	0.00987
32	0.02148	0.02022	0.02868	0.08047	0.03002	0.02716	0.02110	0.02428	0.01722	0.02569	0.01916	0.03244	0.01902	0.09570	0.10917	0.00707	0.39438	0.01058	0.00514	0.01103
33	0.01704	0.01188	0.01575	0.07030	0.02189	0.01181	0.01232	0.02237	0.02799	0.04070	0.35644	0.07179	0.07673	0.01996	0.01184	0.00341	0.00644	0.05284	0.13806	0.01042
34	0.03318	0.36075	0.08271	0.02112	0.02995	0.03499	0.02032	0.08338	0.02637	0.13180	0.02180	0.02300	0.01693	0.01135	0.01070	0.00290	0.05879	0.00766	0.00697	0.01530
35	0.03418	0.08933	0.02774	0.02017	0.02704	0.02286	0.01674	0.07953	0.17522	0.22212	0.07824	0.04690	0.03597	0.01566	0.01109	0.00351	0.00932	0.05704	0.01114	0.01619
36	0.03141	0.11529	0.06529	0.02077	0.03003	0.02600	0.01832	0.15703	0.09070	0.09479	0.02576	0.02634	0.01938	0.01100	0.00942	0.00268	0.01030	0.00845	0.00843	0.22860
37	0.02297	0.09911	0.02606	0.08551	0.06714	0.01938	0.01613	0.02923	0.05894	0.07448	0.07576	0.09172	0.11510	0.01624	0.01041	0.00312	0.00877	0.01364	0.07407	0.09220
38	0.02729	0.14008	0.29853	0.03044	0.04324	0.03017	0.11158	0.12160	0.02849	0.03939	0.02047	0.02376	0.01516	0.01049	0.01033	0.00327	0.01501	0.00882	0.00592	0.01597
39	0.02231	0.07178	0.03689	0.15946	0.04352	0.02346	0.14565	0.03288	0.10479	0.03648	0.16226	0.04386	0.04134	0.01395	0.01163	0.00349	0.01187	0.01325	0.00788	0.01327
40	0.09415	0.01362	0.01520	0.01335	0.01794	0.01319	0.01053	0.03339	0.02526	0.18388	0.06876	0.04008	0.03099	0.01329	0.00880	0.00291	0.00657	0.01059	0.38484	0.01265
41	0.02664	0.02020	0.02895	0.26612	0.08907	0.02297	0.02334	0.03924	0.16733	0.10376	0.02973	0.03360	0.02210	0.01430	0.01335	0.05491	0.01164	0.01060	0.00782	0.01430
42	0.02955	0.03039	0.13709	0.12297	0.04620	0.02556	0.12647	0.09537	0.11705	0.11476	0.02858	0.03087	0.02038	0.01175	0.01125	0.00354	0.01354	0.01071	0.00799	0.01599

[dist]
# distance from previous block
# <min> <max>
0	12

[block]
# block no. 5 follows, 12 sequences, length 6
# corresponding to MSA columns:
# 271-276
name=unknown_F
#
# <colnr> <probs for GDERKNQSTAVLIFYWHMCP>
#	G	D	E	R	K	N	Q	S	T	A	V	L	I	F	Y	W	H	M	C	P
0	0.01901	0.01292	0.01918	0.08660	0.02472	0.01465	0.01500	0.01865	0.01763	0.02375	0.02795	0.10147	0.02926	0.03079	0.03120	0.35242	0.08409	0.07701	0.00603	0.00769
1	0.04073	0.05197	0.03090	0.02809	0.03371	0.57303	0.02107	0.04354	0.03090	0.02669	0.01685	0.01966	0.01404	0.01124	0.00983	0.00281	0.01966	0.00702	0.00562	0.01264
2	0.02958	0.11025	0.11997	0.08120	0.03791	0.02366	0.08108	0.06602	0.02676	0.15602	0.03226	0.09825	0.02744	0.01503	0.01114	0.00353	0.01224	0.04468	0.00822	0.01476
3	0.16627	0.09583	0.13850	0.02211	0.03196	0.02691	0.02161	0.15542	0.03096	0.17208	0.02556	0.02558	0.01781	0.01163	0.00956	0.00325	0.01144	0.00853	0.00875	0.01623
4	0.03157	0.01906	0.02984	0.36926	0.05678	0.02105	0.02476	0.03765	0.02545	0.23265	0.02854	0.03219	0.01936	0.01191	0.01093	0.00353	0.01250	0.01018	0.00820	0.01461
5	0.12195	0.09014	0.09552	0.10988	0.03630	0.02223	0.02018	0.03439	0.02351	0.13167	0.02274	0.02513	0.01677	0.01024	0.00904	0.00282	0.01078	0.00786	0.00712	0.20171

[dist]
# distance from previous block
# <min> <max>
1	12

[block]
# block no. 6 follows, 12 sequences, length 38
# corresponding to MSA columns:
# 299-336
name=unknown_G
#
# <colnr> <probs for GDERKNQSTAVLIFYWHMCP>
#	G	D	E	R	K	N	Q	S	T	A	V	L	I	F	Y	W	H	M	C	P
0	0.08869	0.18182	0.22401	0.02347	0.03475	0.02833	0.02540	0.08127	0.02680	0.15237	0.02391	0.02462	0.01704	0.01103	0.00941	0.00314	0.01248	0.00813	0.00734	0.01599
1	0.09372	0.02048	0.02848	0.18616	0.07526	0.02121	0.02127	0.08072	0.02867	0.28752	0.03102	0.03159	0.02080	0.01218	0.01057	0.00343	0.01118	0.00999	0.00970	0.01605
2	0.01837	0.01218	0.01781	0.01731	0.01968	0.01363	0.01337	0.02204	0.01855	0.06926	0.03069	0.04421	0.02804	0.11079	0.49314	0.01589	0.02634	0.01189	0.00653	0.01027
3	0.03118	0.13439	0.11079	0.06004	0.06885	0.02919	0.02292	0.18383	0.07594	0.08217	0.03232	0.03303	0.06241	0.01306	0.01032	0.00323	0.01172	0.01025	0.00831	0.01603
4	0.03096	0.11902	0.19761	0.07397	0.04140	0.02572	0.08762	0.04048	0.06258	0.17388	0.02736	0.02863	0.01922	0.01128	0.01045	0.00333	0.01324	0.00958	0.00762	0.01604
5	0.03109	0.07189	0.19216	0.07252	0.03801	0.02474	0.02543	0.10777	0.07415	0.15563	0.02852	0.03004	0.02041	0.01778	0.05737	0.00454	0.01397	0.00964	0.00822	0.01610
6	0.01396	0.01176	0.01345	0.05976	0.02002	0.01064	0.01046	0.01751	0.02563	0.03177	0.17698	0.09459	0.42461	0.02531	0.01272	0.00363	0.00621	0.02134	0.01001	0.00963
7	0.01519	0.01029	0.01209	0.01274	0.01291	0.01013	0.00752	0.01568	0.01716	0.02288	0.04102	0.21082	0.04805	0.46586	0.04472	0.00898	0.00947	0.01978	0.00752	0.00719
8	0.02627	0.25207	0.24780	0.12259	0.04366	0.03089	0.02895	0.03406	0.02310	0.06856	0.01967	0.02311	0.01497	0.01031	0.00928	0.00307	0.01373	0.00775	0.00532	0.01483
9	0.02915	0.62337	0.05714	0.01866	0.02799	0.04314	0.01866	0.03265	0.02215	0.02565	0.01516	0.01749	0.01399	0.00933	0.00700	0.00233	0.01166	0.00583	0.00466	0.01399
10	0.01328	0.00949	0.01265	0.01518	0.01581	0.00886	0.01012	0.01518	0.02088	0.02783	0.06010	0.60969	0.07212	0.03416	0.01392	0.00443	0.00633	0.03100	0.01012	0.00886
11	0.03100	0.01359	0.01741	0.01511	0.01968	0.01242	0.01172	0.03450	0.02598	0.25109	0.08238	0.09085	0.03685	0.01815	0.01341	0.06960	0.00736	0.01303	0.22284	0.01300
12	0.30262	0.02265	0.02081	0.12062	0.03131	0.10014	0.01604	0.02947	0.02164	0.03700	0.06406	0.03241	0.02418	0.07233	0.05966	0.00516	0.01278	0.00931	0.00660	0.01121
13	0.02059	0.01938	0.03270	0.59060	0.07510	0.02422	0.03028	0.02786	0.02180	0.02786	0.01938	0.02907	0.01453	0.01090	0.01090	0.00363	0.01453	0.00969	0.00484	0.01211
14	0.01579	0.01084	0.01325	0.01325	0.01373	0.01131	0.00831	0.01673	0.01626	0.02215	0.03311	0.06445	0.03665	0.48739	0.18082	0.01225	0.01508	0.01485	0.00642	0.00736
15	0.02187	0.05640	0.56031	0.03108	0.04719	0.02532	0.04029	0.03453	0.02302	0.03453	0.01957	0.02302	0.01381	0.01036	0.01036	0.00345	0.01611	0.00806	0.00460	0.01611
16	0.02029	0.02202	0.08051	0.30796	0.05148	0.02294	0.02621	0.02674	0.02262	0.03092	0.09721	0.04295	0.03118	0.01551	0.01578	0.00390	0.11376	0.04973	0.00627	0.01204
17	0.02261	0.01938	0.02261	0.01615	0.02584	0.01453	0.01292	0.02745	0.02261	0.03553	0.01938	0.02261	0.01615	0.00807	0.00807	0.00161	0.00807	0.00646	0.00646	0.68346
18	0.02634	0.51737	0.04916	0.01734	0.02569	0.03727	0.01686	0.02971	0.02262	0.02631	0.03166	0.03263	0.10580	0.01249	0.00802	0.00257	0.01060	0.00880	0.00561	0.01316
19	0.09844	0.02316	0.02670	0.02112	0.02917	0.02382	0.01729	0.19335	0.10808	0.28944	0.03566	0.03261	0.02400	0.01327	0.01061	0.00339	0.00995	0.01038	0.01178	0.01779
20	0.07891	0.02342	0.03285	0.41571	0.13598	0.07420	0.02839	0.03044	0.02280	0.03062	0.01897	0.02698	0.01466	0.01069	0.01045	0.00348	0.01427	0.00914	0.00515	0.01289
21	0.03649	0.13048	0.04041	0.02979	0.03687	0.40320	0.10434	0.04049	0.02875	0.02795	0.01750	0.02102	0.01447	0.01061	0.00994	0.00289	0.01829	0.00785	0.00546	0.01319
22	0.02059	0.01938	0.03270	0.59060	0.07510	0.02422	0.03028	0.02786	0.02180	0.02786	0.01938	0.02907	0.01453	0.01090	0.01090	0.00363	0.01453	0.00969	0.00484	0.01211
23	0.01894	0.00947	0.01420	0.01420	0.01420	0.00947	0.00947	0.01420	0.01420	0.01894	0.01894	0.03314	0.01894	0.03788	0.04261	0.68277	0.00947	0.00947	0.00473	0.00473
24	0.02839	0.53694	0.05371	0.02009	0.02808	0.04174	0.01941	0.03173	0.02137	0.02574	0.01504	0.01841	0.01404	0.01073	0.01115	0.00268	0.09602	0.00637	0.00468	0.01369
25	0.04177	0.02117	0.02866	0.02729	0.10352	0.02023	0.01949	0.12718	0.03324	0.35184	0.03812	0.04114	0.02720	0.01431	0.01128	0.00348	0.01034	0.05051	0.01158	0.01764
26	0.02261	0.01938	0.02261	0.01615	0.02584	0.01453	0.01292	0.02745	0.02261	0.03553	0.01938	0.02261	0.01615	0.00807	0.00807	0.00161	0.00807	0.00646	0.00646	0.68346
27	0.01390	0.00993	0.01336	0.01589	0.01679	0.00939	0.01120	0.01625	0.02148	0.02853	0.05976	0.53953	0.07077	0.03358	0.01408	0.00451	0.00686	0.09506	0.01011	0.00903
28	0.01560	0.01061	0.01182	0.01182	0.01214	0.01045	0.00675	0.01584	0.01663	0.02186	0.04090	0.07424	0.08303	0.56616	0.05183	0.00998	0.01014	0.01647	0.00691	0.00683
29	0.02648	0.02303	0.02544	0.07774	0.03292	0.02684	0.01853	0.05500	0.47951	0.04388	0.04194	0.03955	0.03145	0.01441	0.01108	0.00369	0.00921	0.01207	0.01048	0.01676
30	0.01722	0.01079	0.01399	0.01468	0.01626	0.01005	0.01005	0.01964	0.02289	0.07528	0.15047	0.36194	0.06875	0.13088	0.02065	0.00520	0.00708	0.02441	0.01018	0.00959
31	0.02491	0.02110	0.03378	0.35133	0.12984	0.02543	0.02811	0.03083	0.02218	0.08032	0.02088	0.02855	0.01610	0.01256	0.01567	0.00377	0.12566	0.00979	0.00576	0.01345
32	0.02326	0.01996	0.02290	0.01702	0.02620	0.01635	0.01355	0.03185	0.09563	0.03698	0.02298	0.02521	0.01862	0.00904	0.00851	0.00192	0.00815	0.00731	0.00713	0.58742
33	0.09709	0.11880	0.03268	0.02599	0.10223	0.02363	0.01883	0.04112	0.02599	0.27008	0.02884	0.02860	0.02035	0.01187	0.01128	0.00313	0.04813	0.00901	0.00911	0.07325
34	0.12146	0.02307	0.07110	0.02162	0.02895	0.02050	0.06448	0.06625	0.11013	0.07886	0.06591	0.12203	0.03355	0.01551	0.01068	0.00337	0.00980	0.01336	0.00877	0.11059
35	0.23441	0.17588	0.06448	0.05445	0.02826	0.02575	0.01682	0.03308	0.02290	0.11840	0.03390	0.03440	0.09186	0.01304	0.00888	0.00317	0.00988	0.00954	0.00751	0.01337
36	0.03217	0.02757	0.11284	0.02704	0.08161	0.02354	0.02229	0.10110	0.11300	0.16307	0.03077	0.03129	0.02224	0.01285	0.01252	0.00336	0.05953	0.01000	0.05337	0.05984
37	0.13778	0.08425	0.05959	0.02002	0.02821	0.05979	0.01741	0.10790	0.07195	0.16318	0.03284	0.03208	0.05433	0.01272	0.00968	0.00311	0.01045	0.00958	0.00909	0.07602

[dist]
# distance from previous block
# <min> <max>
22	162

[block]
# block no. 7 follows, 12 sequences, length 11
# corresponding to MSA columns:
# 519-529
name=unknown_H
#
# <colnr> <probs for GDERKNQSTAVLIFYWHMCP>
#	G	D	E	R	K	N	Q	S	T	A	V	L	I	F	Y	W	H	M	C	P
0	0.03165	0.02046	0.02784	0.05945	0.07068	0.05042	0.06056	0.03642	0.02714	0.22078	0.07140	0.08821	0.07113	0.01521	0.01119	0.00326	0.01037	0.01330	0.00961	0.10091
1	0.02901	0.02224	0.03358	0.02545	0.03352	0.02117	0.13818	0.10580	0.07538	0.11749	0.12366	0.03942	0.03575	0.01310	0.01126	0.00315	0.01090	0.01218	0.00933	0.13944
2	0.09540	0.01998	0.02683	0.06855	0.03186	0.01996	0.05983	0.10834	0.03014	0.25451	0.03288	0.03311	0.02263	0.01239	0.01012	0.00325	0.01007	0.01026	0.13438	0.01551
3	0.02636	0.02393	0.04404	0.24015	0.20168	0.02490	0.16144	0.03365	0.02459	0.07903	0.02254	0.02928	0.01698	0.01032	0.01142	0.00351	0.01467	0.01068	0.00596	0.01488
4	0.03557	0.09575	0.03784	0.02588	0.03419	0.02378	0.13241	0.08205	0.06780	0.24134	0.03487	0.08314	0.02672	0.01387	0.01119	0.00343	0.01163	0.01257	0.00983	0.01613
5	0.01585	0.01208	0.01488	0.01648	0.01814	0.01225	0.01145	0.02312	0.11526	0.03114	0.05718	0.50401	0.06490	0.03056	0.01339	0.00429	0.00675	0.02753	0.01030	0.01042
6	0.02548	0.02606	0.08239	0.08516	0.13154	0.02360	0.18786	0.03606	0.08775	0.07131	0.09822	0.03762	0.03108	0.01231	0.01181	0.00353	0.01330	0.01245	0.00748	0.01499
7	0.02261	0.01938	0.02261	0.01615	0.02584	0.01453	0.01292	0.02745	0.02261	0.03553	0.01938	0.02261	0.01615	0.00807	0.00807	0.00161	0.00807	0.00646	0.00646	0.68346
8	0.15283	0.02718	0.02556	0.02530	0.07131	0.10274	0.01813	0.04907	0.32251	0.04275	0.03312	0.03233	0.02527	0.01300	0.01009	0.00348	0.01050	0.01018	0.00905	0.01560
9	0.01941	0.01573	0.02236	0.02444	0.09434	0.01542	0.04563	0.06211	0.02532	0.03370	0.08994	0.17103	0.12519	0.12591	0.02026	0.00506	0.00946	0.07479	0.00877	0.01113
10	0.16870	0.01903	0.02358	0.01846	0.02658	0.01759	0.01524	0.04922	0.02886	0.46210	0.03785	0.03351	0.02417	0.01287	0.01018	0.00337	0.00912	0.01003	0.01224	0.01730

[dist]
# distance from previous block
# <min> <max>
0	2

[block]
# block no. 8 follows, 12 sequences, length 43
# corresponding to MSA columns:
# 532-574
name=unknown_I
#
# <colnr> <probs for GDERKNQSTAVLIFYWHMCP>
#	G	D	E	R	K	N	Q	S	T	A	V	L	I	F	Y	W	H	M	C	P
0	0.09626	0.03737	0.02791	0.07330	0.03448	0.31216	0.01976	0.04496	0.12807	0.08518	0.02499	0.02621	0.01900	0.01204	0.01001	0.00316	0.01498	0.00860	0.00753	0.01403
1	0.03561	0.02076	0.02489	0.01946	0.02741	0.01964	0.01574	0.12360	0.09680	0.23801	0.08004	0.03630	0.03068	0.01312	0.01046	0.00299	0.00900	0.01068	0.01095	0.17383
2	0.08481	0.01996	0.02805	0.13867	0.03864	0.01944	0.06256	0.03444	0.05557	0.12355	0.02812	0.03637	0.02239	0.01217	0.01026	0.00309	0.01078	0.04921	0.00785	0.21405
3	0.01367	0.00977	0.01310	0.01563	0.01643	0.00919	0.01080	0.01585	0.02126	0.02827	0.05988	0.56561	0.07127	0.03379	0.01402	0.00448	0.00666	0.07125	0.01011	0.00896
4	0.03559	0.02457	0.02721	0.02193	0.02864	0.02646	0.01746	0.35391	0.04181	0.10036	0.03341	0.11799	0.02915	0.07094	0.01540	0.00411	0.01079	0.01361	0.01062	0.01602
5	0.20152	0.13187	0.09878	0.02046	0.02967	0.02702	0.01934	0.11802	0.02874	0.18887	0.02539	0.02521	0.01783	0.01145	0.00913	0.00318	0.01082	0.00824	0.00869	0.01576
6	0.02712	0.02342	0.02465	0.02219	0.02835	0.02712	0.01726	0.05794	0.52909	0.04561	0.04438	0.04068	0.03328	0.01479	0.01109	0.00370	0.00863	0.01233	0.01109	0.01726
7	0.04073	0.05197	0.03090	0.02809	0.03371	0.57303	0.02107	0.04354	0.03090	0.02669	0.01685	0.01966	0.01404	0.01124	0.00983	0.00281	0.01966	0.00702	0.00562	0.01264
8	0.01698	0.01273	0.01561	0.01654	0.01853	0.01309	0.01168	0.02510	0.13441	0.03249	0.09524	0.39372	0.06211	0.02910	0.01537	0.05547	0.00697	0.02424	0.01009	0.01054
9	0.01711	0.01493	0.02465	0.23430	0.04167	0.01625	0.06073	0.02165	0.02164	0.02845	0.04150	0.34125	0.04566	0.02326	0.01269	0.00406	0.01045	0.02142	0.00774	0.01059
10	0.02347	0.01930	0.02899	0.02489	0.02720	0.02409	0.05327	0.02706	0.01907	0.07918	0.02311	0.03245	0.02043	0.04060	0.22697	0.00919	0.29199	0.01069	0.00608	0.01198
11	0.02439	0.05307	0.49228	0.03030	0.04547	0.02642	0.03776	0.09616	0.02666	0.03894	0.02042	0.02343	0.01442	0.01071	0.01043	0.00343	0.01558	0.00828	0.00542	0.01643
12	0.01410	0.01122	0.01287	0.01381	0.01681	0.00999	0.01082	0.01730	0.02440	0.03003	0.09093	0.17449	0.36440	0.02908	0.01356	0.00411	0.00674	0.13589	0.01010	0.00937
13	0.02915	0.62337	0.05714	0.01866	0.02799	0.04314	0.01866	0.03265	0.02215	0.02565	0.01516	0.01749	0.01399	0.00933	0.00700	0.00233	0.01166	0.00583	0.00466	0.01399
14	0.06652	0.02279	0.03738	0.21634	0.20469	0.02450	0.09053	0.07140	0.02550	0.03602	0.02445	0.08520	0.02153	0.01276	0.01117	0.00355	0.01314	0.01201	0.00627	0.01425
15	0.20078	0.01863	0.02240	0.01825	0.02575	0.01774	0.01515	0.04539	0.02764	0.38857	0.03764	0.04002	0.02650	0.01415	0.01031	0.00352	0.00914	0.05065	0.01157	0.01619
16	0.03359	0.01793	0.02185	0.01836	0.02457	0.01737	0.01457	0.08304	0.11397	0.26409	0.10161	0.09925	0.10544	0.01815	0.01167	0.00355	0.00826	0.01524	0.01199	0.01548
17	0.02559	0.02898	0.06193	0.04461	0.05478	0.02803	0.47149	0.03425	0.02503	0.03425	0.02146	0.02898	0.01637	0.00996	0.01465	0.00376	0.06332	0.01261	0.00546	0.01449
18	0.02548	0.25328	0.17925	0.10032	0.04369	0.03227	0.10589	0.03507	0.06674	0.03142	0.02047	0.02434	0.01610	0.01024	0.00966	0.00312	0.01399	0.00860	0.00537	0.01468
19	0.01486	0.01112	0.01378	0.01311	0.01594	0.01004	0.00984	0.01946	0.02951	0.04050	0.44531	0.08675	0.20262	0.02349	0.01287	0.00349	0.00523	0.02046	0.01158	0.01004
20	0.01412	0.01096	0.01292	0.01321	0.01600	0.00976	0.00992	0.01769	0.02620	0.03402	0.23695	0.17378	0.29593	0.02708	0.01320	0.00382	0.00587	0.05829	0.01072	0.00956
21	0.07241	0.31320	0.08291	0.02409	0.03280	0.15593	0.06340	0.03756	0.06808	0.03053	0.01899	0.02144	0.01575	0.01034	0.00873	0.00282	0.01389	0.00744	0.00563	0.01405
22	0.03434	0.01954	0.02486	0.10427	0.03325	0.02026	0.01765	0.10371	0.11271	0.23524	0.08657	0.03980	0.03270	0.01407	0.01086	0.00338	0.00953	0.01165	0.06979	0.01582
23	0.01311	0.01105	0.01135	0.01128	0.01486	0.00930	0.00846	0.01607	0.02537	0.03069	0.14775	0.10291	0.50631	0.02716	0.01288	0.00366	0.00549	0.02273	0.01029	0.00930
24	0.03024	0.02042	0.02178	0.01936	0.02462	0.06758	0.01549	0.11260	0.06270	0.15253	0.09554	0.10038	0.07771	0.01934	0.01185	0.00364	0.00959	0.08814	0.05265	0.01384
25	0.03119	0.03636	0.19527	0.08772	0.10713	0.07275	0.02842	0.10986	0.07370	0.11263	0.02589	0.02784	0.01861	0.01164	0.01065	0.00337	0.01363	0.00939	0.00757	0.01637
26	0.04593	0.01996	0.03034	0.02282	0.03159	0.01751	0.07962	0.05079	0.03050	0.48910	0.04031	0.03612	0.02564	0.01294	0.01121	0.00341	0.01045	0.01121	0.01247	0.01806
27	0.02728	0.03500	0.10930	0.04217	0.05301	0.09769	0.39966	0.03600	0.02613	0.03382	0.02114	0.02752	0.01595	0.00957	0.01223	0.00354	0.01832	0.01164	0.00544	0.01458
28	0.03379	0.02937	0.14383	0.02512	0.03451	0.02278	0.05787	0.10510	0.11797	0.20649	0.03584	0.04050	0.02664	0.01419	0.01136	0.00361	0.01172	0.05263	0.00993	0.01675
29	0.03361	0.02549	0.12675	0.02338	0.03182	0.01850	0.06227	0.07307	0.02842	0.26407	0.03928	0.15670	0.03275	0.01697	0.01165	0.00364	0.01091	0.01483	0.01022	0.01567
30	0.04305	0.03012	0.02882	0.06725	0.03425	0.17420	0.01941	0.13459	0.03415	0.27727	0.03078	0.02961	0.02086	0.01259	0.01064	0.00322	0.01307	0.00956	0.01016	0.01642
31	0.35187	0.02058	0.02038	0.01683	0.02433	0.02111	0.01387	0.07596	0.02466	0.12431	0.02424	0.02979	0.01918	0.01187	0.00861	0.00312	0.00892	0.03993	0.00832	0.15210
32	0.40442	0.02107	0.01914	0.01670	0.02284	0.02367	0.01341	0.14325	0.02691	0.05031	0.02500	0.09766	0.02231	0.01410	0.00872	0.00343	0.00877	0.01036	0.05501	0.01291
33	0.49575	0.02239	0.01935	0.01645	0.02332	0.02549	0.01350	0.13991	0.02626	0.05276	0.01920	0.02136	0.01455	0.01099	0.00775	0.00329	0.00898	0.00711	0.05839	0.01320
34	0.15764	0.01626	0.01874	0.01556	0.02164	0.01539	0.01247	0.03575	0.02675	0.22743	0.14310	0.04232	0.03978	0.01418	0.00983	0.00311	0.00750	0.01140	0.10945	0.07173
35	0.10110	0.01932	0.02241	0.01744	0.02519	0.01791	0.01418	0.09964	0.02912	0.23425	0.03096	0.03061	0.02178	0.01161	0.00931	0.00279	0.00862	0.00905	0.10887	0.18585
36	0.36413	0.03301	0.17166	0.02135	0.03115	0.02674	0.02170	0.13734	0.02692	0.04921	0.01880	0.02104	0.01383	0.01083	0.00866	0.00337	0.01136	0.00736	0.00705	0.01448
37	0.02038	0.01632	0.02126	0.15845	0.03385	0.01705	0.01648	0.06250	0.06499	0.03672	0.10832	0.13462	0.08656	0.01784	0.01118	0.00336	0.00886	0.01542	0.06748	0.09838
38	0.02010	0.01340	0.01721	0.01606	0.01942	0.01340	0.01224	0.02800	0.09231	0.09080	0.31132	0.11175	0.07252	0.03027	0.09546	0.00563	0.00966	0.01768	0.01096	0.01180
39	0.07319	0.07887	0.09092	0.15421	0.04662	0.02759	0.13456	0.03960	0.17012	0.03663	0.02661	0.03010	0.02013	0.01140	0.01072	0.00351	0.01316	0.01041	0.00691	0.01474
40	0.01604	0.01095	0.01331	0.01347	0.01461	0.01124	0.00913	0.01793	0.01821	0.02525	0.04133	0.06828	0.08087	0.35373	0.16335	0.01051	0.01387	0.04384	0.06601	0.00807
41	0.22884	0.02469	0.06870	0.01947	0.02778	0.02293	0.01703	0.07815	0.13631	0.13234	0.02816	0.02789	0.02044	0.01166	0.00925	0.00318	0.00950	0.00874	0.00894	0.11600
42	0.23388	0.02893	0.13212	0.01920	0.02616	0.06963	0.01795	0.07294	0.02323	0.03881	0.02305	0.03362	0.02052	0.14923	0.01935	0.00492	0.01162	0.00938	0.05339	0.01210

[dist]
# distance from previous block
# <min> <max>
0	21

[block]
# block no. 9 follows, 12 sequences, length 31
# corresponding to MSA columns:
# 596-626
name=unknown_J
#
# <colnr> <probs for GDERKNQSTAVLIFYWHMCP>
#	G	D	E	R	K	N	Q	S	T	A	V	L	I	F	Y	W	H	M	C	P
0	0.01323	0.00969	0.01244	0.01464	0.01567	0.00890	0.00988	0.01524	0.02140	0.02805	0.06675	0.54301	0.13450	0.03330	0.01378	0.00433	0.00622	0.02994	0.01012	0.00890
1	0.02221	0.08043	0.09911	0.40125	0.06516	0.02654	0.09477	0.03001	0.02250	0.02936	0.01937	0.02736	0.01467	0.01047	0.01075	0.00350	0.01497	0.00958	0.00489	0.01309
2	0.01831	0.01229	0.01531	0.01613	0.01854	0.01223	0.01256	0.05744	0.02605	0.03689	0.11432	0.24498	0.06055	0.02560	0.01262	0.00400	0.00741	0.15051	0.14385	0.01037
3	0.02873	0.12050	0.03016	0.08458	0.03130	0.06167	0.01801	0.03476	0.05745	0.13497	0.09440	0.03605	0.03102	0.01997	0.06419	0.00451	0.06497	0.01054	0.00813	0.06409
4	0.02457	0.01990	0.03372	0.48286	0.06786	0.02338	0.05832	0.03156	0.02326	0.09654	0.02260	0.03013	0.01627	0.01113	0.01103	0.00360	0.01410	0.01005	0.00600	0.01311
5	0.02175	0.01941	0.02711	0.02080	0.02827	0.01720	0.07885	0.02850	0.05534	0.03620	0.09856	0.07097	0.03318	0.01302	0.01162	0.00265	0.04424	0.01134	0.00755	0.37346
6	0.01761	0.01346	0.01725	0.01638	0.02051	0.01184	0.01303	0.02218	0.02563	0.03615	0.19872	0.15353	0.06438	0.02251	0.01239	0.00355	0.00748	0.14782	0.00973	0.18587
7	0.02767	0.02296	0.02554	0.02151	0.02748	0.02553	0.01693	0.12913	0.26348	0.04403	0.03317	0.03632	0.02657	0.06920	0.01723	0.00404	0.07015	0.01100	0.00928	0.11879
8	0.01351	0.00966	0.01285	0.01503	0.01586	0.00900	0.01014	0.01574	0.02191	0.02948	0.11003	0.55508	0.07530	0.03293	0.01381	0.00432	0.00620	0.02983	0.01032	0.00900
9	0.03666	0.02002	0.03172	0.02381	0.03230	0.01752	0.12273	0.04184	0.02838	0.32468	0.04516	0.04305	0.09206	0.01392	0.01137	0.00332	0.01067	0.01256	0.01066	0.07757
10	0.02237	0.05291	0.49627	0.03300	0.04846	0.02561	0.10083	0.03458	0.02337	0.03458	0.01989	0.02385	0.01416	0.01021	0.01068	0.00348	0.01641	0.00868	0.00472	0.01593
11	0.01328	0.00949	0.01265	0.01518	0.01581	0.00886	0.01012	0.01518	0.02088	0.02783	0.06010	0.60969	0.07212	0.03416	0.01392	0.00443	0.00633	0.03100	0.01012	0.00886
12	0.02059	0.01938	0.03270	0.59060	0.07510	0.02422	0.03028	0.02786	0.02180	0.02786	0.01938	0.02907	0.01453	0.01090	0.01090	0.00363	0.01453	0.00969	0.00484	0.01211
13	0.02059	0.01938	0.03270	0.59060	0.07510	0.02422	0.03028	0.02786	0.02180	0.02786	0.01938	0.02907	0.01453	0.01090	0.01090	0.00363	0.01453	0.00969	0.00484	0.01211
14	0.02152	0.02000	0.02841	0.10575	0.03229	0.02638	0.02168	0.02463	0.01840	0.02662	0.02329	0.04368	0.02395	0.09830	0.03215	0.00541	0.36028	0.07055	0.00570	0.01101
15	0.02699	0.02591	0.04426	0.06693	0.54879	0.02591	0.03346	0.03346	0.02483	0.03562	0.02051	0.02699	0.01727	0.00972	0.01079	0.00324	0.01295	0.00972	0.00540	0.01727
16	0.02059	0.01938	0.03270	0.59060	0.07510	0.02422	0.03028	0.02786	0.02180	0.02786	0.01938	0.02907	0.01453	0.01090	0.01090	0.00363	0.01453	0.00969	0.00484	0.01211
17	0.09535	0.24046	0.03568	0.01897	0.02689	0.02880	0.01664	0.06959	0.09221	0.18484	0.06449	0.03108	0.02647	0.01242	0.00927	0.00303	0.00986	0.00935	0.00908	0.01552
18	0.01586	0.01057	0.01189	0.01189	0.01189	0.01057	0.00661	0.01586	0.01586	0.02114	0.03436	0.07135	0.03964	0.61681	0.05550	0.01057	0.01057	0.01586	0.00661	0.00661
19	0.01406	0.01005	0.01355	0.01607	0.01705	0.00953	0.01148	0.01653	0.02164	0.02871	0.05967	0.52122	0.07041	0.03343	0.01412	0.00454	0.00700	0.11178	0.01011	0.00907
20	0.02615	0.02573	0.04594	0.11807	0.42942	0.02597	0.10122	0.03309	0.02464	0.03472	0.02061	0.02755	0.01688	0.00976	0.01110	0.00334	0.01389	0.01016	0.00536	0.01637
