[name]
unknown

[dist]
# distance from previous block
# <min> <max>
0	43

[block]
# block no. 0 follows, 12 sequences, length 203
# corresponding to MSA columns:
# 43-87,89-102,121-264
name=unknown_A
#
# <colnr> <probs for GDERKNQSTAVLIFYWHMCP>
#	G	D	E	R	K	N	Q	S	T	A	V	L	I	F	Y	W	H	M	C	P
0	0.08001	0.02128	0.03029	0.02697	0.07520	0.02078	0.09157	0.11441	0.02949	0.08244	0.07196	0.08483	0.03396	0.01560	0.01132	0.00340	0.01075	0.06977	0.00872	0.11723
1	0.02964	0.01973	0.02979	0.11533	0.03720	0.02000	0.08773	0.11242	0.02998	0.16359	0.07311	0.16028	0.03733	0.01751	0.01199	0.00367	0.01094	0.01581	0.00969	0.01426
2	0.09429	0.02370	0.03078	0.02344	0.03214	0.02338	0.07784	0.16267	0.07260	0.20250	0.03017	0.02973	0.02105	0.01183	0.01039	0.00314	0.01080	0.00988	0.00998	0.11971
3	0.02059	0.01938	0.03270	0.59060	0.07510	0.02422	0.03028	0.02786	0.02180	0.02786	0.01938	0.02907	0.01453	0.01090	0.01090	0.00363	0.01453	0.00969	0.00484	0.01211
4	0.69383	0.02109	0.01603	0.01434	0.02109	0.02446	0.01181	0.03205	0.01856	0.04892	0.01518	0.01771	0.01181	0.01012	0.00675	0.00337	0.00843	0.00590	0.00675	0.01181
5	0.04892	0.01856	0.02530	0.01940	0.02783	0.01603	0.01603	0.05314	0.03121	0.55634	0.04302	0.03711	0.02699	0.01350	0.01096	0.00337	0.00928	0.01096	0.01350	0.01856
6	0.01502	0.01022	0.01214	0.01296	0.01317	0.01001	0.00775	0.01564	0.01749	0.02331	0.04271	0.24613	0.05018	0.42765	0.04200	0.00858	0.00919	0.02077	0.00775	0.00734
7	0.01333	0.01093	0.01176	0.01184	0.01508	0.00935	0.00877	0.01641	0.02548	0.03163	0.17632	0.14490	0.43173	0.02732	0.01297	0.00371	0.00553	0.02317	0.01043	0.00935
8	0.01411	0.01013	0.01339	0.01462	0.01600	0.00941	0.01019	0.01726	0.02472	0.03394	0.24577	0.40660	0.08394	0.02960	0.01351	0.00404	0.00587	0.02666	0.01084	0.00941
9	0.01586	0.01057	0.01189	0.01189	0.01189	0.01057	0.00661	0.01586	0.01586	0.02114	0.03436	0.07135	0.03964	0.61681	0.05550	0.01057	0.01057	0.01586	0.00661	0.00661
10	0.02187	0.05640	0.56031	0.03108	0.04719	0.02532	0.04029	0.03453	0.02302	0.03453	0.01957	0.02302	0.01381	0.01036	0.01036	0.00345	0.01611	0.00806	0.00460	0.01611
11	0.69383	0.02109	0.01603	0.01434	0.02109	0.02446	0.01181	0.03205	0.01856	0.04892	0.01518	0.01771	0.01181	0.01012	0.00675	0.00337	0.00843	0.00590	0.00675	0.01181
12	0.18943	0.01580	0.01776	0.01527	0.02078	0.01533	0.01216	0.03267	0.02724	0.19951	0.20907	0.05543	0.11264	0.01733	0.01081	0.00343	0.00725	0.01412	0.01095	0.01304
13	0.02915	0.62337	0.05714	0.01866	0.02799	0.04314	0.01866	0.03265	0.02215	0.02565	0.01516	0.01749	0.01399	0.00933	0.00700	0.00233	0.01166	0.00583	0.00466	0.01399
14	0.02059	0.01938	0.03270	0.59060	0.07510	0.02422	0.03028	0.02786	0.02180	0.02786	0.01938	0.02907	0.01453	0.01090	0.01090	0.00363	0.01453	0.00969	0.00484	0.01211
15	0.02703	0.01389	0.01513	0.01334	0.01749	0.01394	0.01045	0.08995	0.02759	0.11766	0.03546	0.03835	0.02664	0.01286	0.00851	0.00275	0.00654	0.01023	0.49979	0.01240
16	0.69383	0.02109	0.01603	0.01434	0.02109	0.02446	0.01181	0.03205	0.01856	0.04892	0.01518	0.01771	0.01181	0.01012	0.00675	0.00337	0.00843	0.00590	0.00675	0.01181
17	0.02699	0.02591	0.04426	0.06693	0.54879	0.02591	0.03346	0.03346	0.02483	0.03562	0.02051	0.02699	0.01727	0.00972	0.01079	0.00324	0.01295	0.00972	0.00540	0.01727
18	0.03149	0.02559	0.02711	0.02307	0.03002	0.02916	0.01832	0.19652	0.38340	0.05266	0.03883	0.03626	0.02879	0.01427	0.01104	0.00357	0.00966	0.01156	0.01104	0.01765
19	0.02712	0.02342	0.02465	0.02219	0.02835	0.02712	0.01726	0.05794	0.52909	0.04561	0.04438	0.04068	0.03328	0.01479	0.01109	0.00370	0.00863	0.01233	0.01109	0.01726
20	0.02574	0.02941	0.06434	0.04596	0.05699	0.02757	0.50919	0.03493	0.02574	0.03493	0.02206	0.02941	0.01654	0.00919	0.01287	0.00368	0.01838	0.01287	0.00551	0.01471
21	0.03260	0.01712	0.01935	0.01604	0.02155	0.01725	0.01286	0.14755	0.03170	0.17870	0.03525	0.03633	0.02548	0.01300	0.00925	0.00293	0.00779	0.01029	0.35070	0.01428
22	0.08191	0.02789	0.03601	0.12056	0.04311	0.09448	0.13285	0.12082	0.10488	0.04120	0.02733	0.03579	0.02206	0.01298	0.01125	0.00358	0.01389	0.04728	0.00766	0.01448
23	0.02405	0.02238	0.03757	0.19069	0.35579	0.02358	0.03040	0.03052	0.02411	0.03326	0.02553	0.04119	0.02307	0.01292	0.01143	0.00359	0.01293	0.07610	0.00592	0.01496
24	0.01364	0.00974	0.01306	0.01559	0.01638	0.00916	0.01074	0.01580	0.02123	0.02823	0.05990	0.56935	0.07134	0.03383	0.01401	0.00448	0.00663	0.06783	0.01011	0.00895
25	0.01543	0.01115	0.01457	0.01372	0.01629	0.01029	0.01029	0.02058	0.03086	0.04372	0.54304	0.08145	0.10288	0.02229	0.01286	0.00343	0.00514	0.01972	0.01200	0.01029
26	0.02245	0.05129	0.47566	0.03385	0.08722	0.02601	0.03841	0.03378	0.02267	0.03396	0.01923	0.02341	0.01414	0.01100	0.01242	0.00354	0.06208	0.00831	0.00468	0.01588
27	0.02723	0.02070	0.02684	0.15900	0.03787	0.02437	0.02034	0.11569	0.10888	0.07689	0.02844	0.03293	0.02190	0.01963	0.06288	0.00479	0.09588	0.01044	0.09126	0.01403
28	0.01328	0.00949	0.01265	0.01518	0.01581	0.00886	0.01012	0.01518	0.02088	0.02783	0.06010	0.60969	0.07212	0.03416	0.01392	0.00443	0.00633	0.03100	0.01012	0.00886
29	0.02648	0.03396	0.13283	0.09212	0.21166	0.07686	0.19780	0.03463	0.02517	0.03376	0.02046	0.02667	0.01594	0.00987	0.01136	0.00342	0.01609	0.01029	0.00529	0.01535
30	0.09572	0.02535	0.03603	0.03131	0.09905	0.02559	0.10573	0.18985	0.03465	0.20310	0.02884	0.02939	0.01998	0.01185	0.01089	0.00338	0.01211	0.01034	0.00969	0.01713
31	0.03299	0.02619	0.04253	0.12623	0.09155	0.02697	0.17580	0.17432	0.03321	0.12105	0.02579	0.02936	0.01841	0.01128	0.01152	0.00347	0.01409	0.01091	0.00814	0.01619
32	0.61022	0.02548	0.08374	0.01642	0.02433	0.02457	0.01535	0.03236	0.01911	0.04713	0.01573	0.01837	0.01206	0.01015	0.00720	0.00338	0.00939	0.00617	0.00648	0.01234
33	0.01607	0.01217	0.01683	0.08549	0.02361	0.01202	0.01278	0.02148	0.02974	0.04175	0.47789	0.07493	0.09189	0.02087	0.01262	0.00345	0.00631	0.01847	0.01111	0.01052
34	0.03569	0.17385	0.07940	0.07463	0.09902	0.10854	0.02270	0.04073	0.02675	0.19870	0.02574	0.02671	0.01862	0.01121	0.00976	0.00305	0.01284	0.00864	0.00775	0.01568
35	0.04496	0.01977	0.02565	0.01952	0.02814	0.01749	0.01607	0.09242	0.03199	0.44645	0.03852	0.03430	0.02486	0.01278	0.01060	0.00315	0.00938	0.01030	0.01238	0.10128
36	0.02070	0.04537	0.42795	0.02660	0.03943	0.02168	0.03282	0.03154	0.02429	0.03651	0.10606	0.03393	0.02943	0.01249	0.01055	0.00338	0.01346	0.01012	0.05901	0.01469
37	0.01564	0.01202	0.01642	0.01804	0.01905	0.01280	0.01363	0.01835	0.02138	0.02880	0.05383	0.41907	0.06266	0.03131	0.01691	0.00461	0.08070	0.13583	0.00944	0.00952
38	0.01894	0.00947	0.01420	0.01420	0.01420	0.00947	0.00947	0.01420	0.01420	0.01894	0.01894	0.03314	0.01894	0.03788	0.04261	0.68277	0.00947	0.00947	0.00473	0.00473
39	0.02059	0.01938	0.03270	0.59060	0.07510	0.02422	0.03028	0.02786	0.02180	0.02786	0.01938	0.02907	0.01453	0.01090	0.01090	0.00363	0.01453	0.00969	0.00484	0.01211
40	0.01574	0.01102	0.01417	0.01417	0.01496	0.01181	0.00945	0.01732	0.01653	0.02283	0.03227	0.05982	0.03463	0.40044	0.26502	0.01338	0.01811	0.01417	0.00630	0.00787
41	0.02261	0.01938	0.02261	0.01615	0.02584	0.01453	0.01292	0.02745	0.02261	0.03553	0.01938	0.02261	0.01615	0.00807	0.00807	0.00161	0.00807	0.00646	0.00646	0.68346
42	0.02915	0.62337	0.05714	0.01866	0.02799	0.04314	0.01866	0.03265	0.02215	0.02565	0.01516	0.01749	0.01399	0.00933	0.00700	0.00233	0.01166	0.00583	0.00466	0.01399
43	0.02059	0.01938	0.03270	0.59060	0.07510	0.02422	0.03028	0.02786	0.02180	0.02786	0.01938	0.02907	0.01453	0.01090	0.01090	0.00363	0.01453	0.00969	0.00484	0.01211
44	0.03310	0.02462	0.02704	0.02262	0.02954	0.02752	0.01812	0.22071	0.27006	0.09297	0.03629	0.03527	0.02686	0.01987	0.05980	0.00472	0.01170	0.01124	0.01076	0.01718
45	0.02712	0.02342	0.02465	0.02219	0.02835	0.02712	0.01726	0.05794	0.52909	0.04561	0.04438	0.04068	0.03328	0.01479	0.01109	0.00370	0.00863	0.01233	0.01109	0.01726
46	0.03599	0.03013	0.13641	0.02705	0.07616	0.02382	0.02336	0.15422	0.07917	0.20885	0.03090	0.03015	0.02135	0.01219	0.01062	0.00326	0.01146	0.00981	0.00970	0.06541
47	0.01519	0.01222	0.01387	0.01455	0.01779	0.01141	0.01138	0.02068	0.06614	0.03132	0.08664	0.16655	0.33295	0.02794	0.01336	0.00408	0.00691	0.12679	0.01019	0.01002
48	0.69383	0.02109	0.01603	0.01434	0.02109	0.02446	0.01181	0.03205	0.01856	0.04892	0.01518	0.01771	0.01181	0.01012	0.00675	0.00337	0.00843	0.00590	0.00675	0.01181
49	0.02754	0.02806	0.08903	0.10059	0.30940	0.02528	0.14221	0.03503	0.02515	0.07786	0.02256	0.02824	0.01739	0.01006	0.01126	0.00340	0.01430	0.01041	0.00598	0.01624
50	0.02489	0.01383	0.01907	0.01912	0.02307	0.01311	0.01629	0.02973	0.02729	0.16070	0.11455	0.09705	0.05909	0.02512	0.01380	0.00442	0.00925	0.30636	0.01112	0.01213
51	0.01289	0.01105	0.01105	0.01105	0.01473	0.00920	0.00828	0.01565	0.02485	0.02946	0.11046	0.10493	0.54437	0.02761	0.01289	0.00368	0.00552	0.02301	0.01013	0.00920
52	0.03678	0.24714	0.03986	0.02487	0.03175	0.39204	0.02024	0.03982	0.02791	0.02633	0.01627	0.01892	0.01403	0.01058	0.00886	0.00265	0.01693	0.00662	0.00529	0.01310
53	0.04198	0.08313	0.03429	0.02424	0.03270	0.09411	0.05757	0.18699	0.03594	0.25293	0.03044	0.02922	0.02080	0.01236	0.01059	0.00320	0.01233	0.00981	0.01028	0.01709
54	0.01561	0.01154	0.01682	0.01682	0.01853	0.01325	0.01276	0.01902	0.01732	0.02479	0.02985	0.04638	0.02880	0.14834	0.50914	0.01666	0.02689	0.01220	0.00594	0.00935
55	0.01328	0.00949	0.01265	0.01518	0.01581	0.00886	0.01012	0.01518	0.02088	0.02783	0.06010	0.60969	0.07212	0.03416	0.01392	0.00443	0.00633	0.03100	0.01012	0.00886
56	0.03073	0.02494	0.03718	0.12018	0.04347	0.02651	0.13881	0.17776	0.10520	0.08718	0.06932	0.03478	0.02692	0.01280	0.01157	0.00351	0.01271	0.01177	0.00894	0.01573
57	0.09290	0.03372	0.11293	0.02398	0.03288	0.07416	0.02188	0.31087	0.03962	0.05548	0.02427	0.02574	0.01770	0.01221	0.01007	0.00320	0.01234	0.00900	0.07074	0.01631
58	0.02661	0.03234	0.13610	0.04817	0.23253	0.02752	0.17815	0.07066	0.02621	0.03705	0.02077	0.02674	0.01633	0.01067	0.01334	0.00353	0.06125	0.01039	0.00568	0.01597
59	0.03497	0.02341	0.02641	0.02151	0.02839	0.02498	0.01729	0.26544	0.11894	0.13849	0.09876	0.08239	0.03691	0.01620	0.01142	0.00347	0.00973	0.01328	0.01144	0.01656
60	0.02678	0.27366	0.23644	0.02673	0.03787	0.03387	0.06774	0.07095	0.02463	0.03309	0.01813	0.02168	0.01452	0.01077	0.01131	0.00312	0.06064	0.00783	0.00522	0.01502
61	0.02173	0.01479	0.01828	0.01836	0.02203	0.01478	0.01483	0.07094	0.06885	0.08102	0.06044	0.19810	0.12372	0.02632	0.01345	0.00429	0.00862	0.19712	0.01054	0.01180
62	0.03021	0.52819	0.09456	0.01971	0.02950	0.03948	0.02016	0.03449	0.02297	0.07028	0.01781	0.01955	0.01505	0.00976	0.00759	0.00251	0.01182	0.00643	0.00539	0.01454
63	0.02915	0.62337	0.05714	0.01866	0.02799	0.04314	0.01866	0.03265	0.02215	0.02565	0.01516	0.01749	0.01399	0.00933	0.00700	0.00233	0.01166	0.00583	0.00466	0.01399
64	0.19670	0.01914	0.02318	0.01824	0.02629	0.01796	0.01506	0.04831	0.02831	0.44006	0.03664	0.03267	0.02351	0.01272	0.01000	0.00337	0.00908	0.00981	0.01195	0.01701
65	0.04013	0.01787	0.02339	0.01855	0.02559	0.01628	0.01507	0.08774	0.03298	0.38724	0.16241	0.04683	0.04457	0.01559	0.01142	0.00338	0.00853	0.01298	0.01289	0.01655
66	0.01710	0.01182	0.01404	0.01349	0.01705	0.01044	0.01047	0.02103	0.02751	0.07691	0.25320	0.09288	0.30231	0.02483	0.01292	0.00369	0.00611	0.06272	0.01105	0.01041
67	0.02385	0.02385	0.03340	0.02863	0.02863	0.03340	0.02385	0.02624	0.01670	0.02624	0.01431	0.02385	0.01431	0.01908	0.03578	0.00477	0.59685	0.00954	0.00477	0.01193
68	0.01398	0.00998	0.01345	0.01598	0.01691	0.00945	0.01133	0.01638	0.02156	0.02861	0.05971	0.53086	0.07060	0.03351	0.01410	0.00452	0.00693	0.10298	0.01011	0.00905
69	0.01355	0.00969	0.01289	0.01500	0.01587	0.00903	0.01014	0.01585	0.02212	0.02981	0.12018	0.54397	0.07594	0.03268	0.01379	0.00430	0.00618	0.02959	0.01036	0.00903
70	0.01586	0.01057	0.01189	0.01189	0.01189	0.01057	0.00661	0.01586	0.01586	0.02114	0.03436	0.07135	0.03964	0.61681	0.05550	0.01057	0.01057	0.01586	0.00661	0.00661
71	0.04120	0.02103	0.02584	0.02022	0.02780	0.02055	0.01654	0.18879	0.03731	0.32370	0.11884	0.04094	0.03669	0.01480	0.01125	0.00335	0.00944	0.01203	0.01246	0.01721
72	0.04892	0.01856	0.02530	0.01940	0.02783	0.01603	0.01603	0.05314	0.03121	0.55634	0.04302	0.03711	0.02699	0.01350	0.01096	0.00337	0.00928	0.01096	0.01350	0.01856
73	0.04073	0.05197	0.03090	0.02809	0.03371	0.57303	0.02107	0.04354	0.03090	0.02669	0.01685	0.01966	0.01404	0.01124	0.00983	0.00281	0.01966	0.00702	0.00562	0.01264
74	0.02059	0.01938	0.03270	0.59060	0.07510	0.02422	0.03028	0.02786	0.02180	0.02786	0.01938	0.02907	0.01453	0.01090	0.01090	0.00363	0.01453	0.00969	0.00484	0.01211
75	0.01812	0.01095	0.01652	0.08655	0.02271	0.01145	0.01281	0.01673	0.01710	0.02258	0.02876	0.13320	0.03051	0.03330	0.03182	0.43423	0.00964	0.05023	0.00605	0.00674
76	0.02187	0.05640	0.56031	0.03108	0.04719	0.02532	0.04029	0.03453	0.02302	0.03453	0.01957	0.02302	0.01381	0.01036	0.01036	0.00345	0.01611	0.00806	0.00460	0.01611
77	0.02699	0.02591	0.04426	0.06693	0.54879	0.02591	0.03346	0.03346	0.02483	0.03562	0.02051	0.02699	0.01727	0.00972	0.01079	0.00324	0.01295	0.00972	0.00540	0.01727
78	0.02219	0.01990	0.03284	0.38493	0.18805	0.02290	0.02827	0.02898	0.02271	0.03143	0.02168	0.02998	0.01690	0.01082	0.01047	0.00340	0.01296	0.00976	0.08865	0.01318
79	0.03202	0.08498	0.23980	0.03418	0.14836	0.02403	0.02945	0.03995	0.02589	0.19679	0.02672	0.02782	0.01869	0.01111	0.01036	0.00329	0.01293	0.00914	0.00755	0.01695
80	0.02738	0.10633	0.23218	0.02317	0.03286	0.02149	0.02486	0.03445	0.02469	0.15546	0.03467	0.13016	0.03094	0.01666	0.01110	0.00360	0.01179	0.05541	0.00811	0.01469
81	0.01696	0.01211	0.01687	0.01938	0.02162	0.01202	0.01651	0.02153	0.02450	0.03195	0.05807	0.19238	0.06409	0.03070	0.01490	0.00494	0.00951	0.41205	0.01005	0.00987
82	0.01708	0.02859	0.23403	0.02120	0.02802	0.01573	0.02188	0.02309	0.02112	0.02971	0.04050	0.30547	0.04450	0.09703	0.01765	0.00480	0.01081	0.01984	0.00745	0.01151
83	0.02861	0.02803	0.08350	0.29452	0.09516	0.09170	0.06592	0.03543	0.02509	0.11338	0.02313	0.02848	0.01676	0.01108	0.01088	0.00345	0.01467	0.00966	0.00639	0.01418
84	0.02727	0.02073	0.03350	0.04660	0.33429	0.02016	0.02495	0.03227	0.02492	0.11928	0.03378	0.16961	0.03213	0.01625	0.01158	0.00355	0.01075	0.01507	0.00787	0.01545
85	0.01328	0.00949	0.01265	0.01518	0.01581	0.00886	0.01012	0.01518	0.02088	0.02783	0.06010	0.60969	0.07212	0.03416	0.01392	0.00443	0.00633	0.03100	0.01012	0.00886
86	0.08871	0.02484	0.02836	0.11539	0.03637	0.09149	0.02027	0.07863	0.02796	0.24181	0.02785	0.02915	0.01948	0.01338	0.01441	0.00356	0.10459	0.00956	0.00899	0.01519
87	0.19635	0.12399	0.10649	0.02089	0.03023	0.02738	0.01987	0.13579	0.02961	0.17413	0.02502	0.02502	0.01762	0.01148	0.00921	0.00320	0.01099	0.00827	0.00864	0.01584
88	0.64001	0.02095	0.01736	0.06040	0.02540	0.02444	0.01328	0.03172	0.01882	0.04724	0.01552	0.01862	0.01203	0.01018	0.00708	0.00339	0.00892	0.00621	0.00660	0.01183
89	0.02034	0.01696	0.01964	0.01794	0.02180	0.01863	0.01390	0.03482	0.22044	0.04116	0.25165	0.06370	0.12337	0.01979	0.01417	0.00368	0.05785	0.01640	0.01079	0.01298
90	0.02890	0.02431	0.02566	0.02255	0.02903	0.02795	0.01769	0.11449	0.46964	0.04849	0.04211	0.03888	0.03145	0.01458	0.01107	0.00365	0.00905	0.01202	0.01107	0.01742
91	0.01328	0.00949	0.01265	0.01518	0.01581	0.00886	0.01012	0.01518	0.02088	0.02783	0.06010	0.60969	0.07212	0.03416	0.01392	0.00443	0.00633	0.03100	0.01012	0.00886
92	0.01543	0.01115	0.01457	0.01372	0.01629	0.01029	0.01029	0.02058	0.03086	0.04372	0.54304	0.08145	0.10288	0.02229	0.01286	0.00343	0.00514	0.01972	0.01200	0.01029
93	0.01588	0.01072	0.01355	0.01338	0.01563	0.01004	0.00983	0.02049	0.02795	0.04065	0.38243	0.16038	0.08573	0.02266	0.01218	0.00345	0.00533	0.01999	0.11972	0.01004
94	0.02915	0.62337	0.05714	0.01866	0.02799	0.04314	0.01866	0.03265	0.02215	0.02565	0.01516	0.01749	0.01399	0.00933	0.00700	0.00233	0.01166	0.00583	0.00466	0.01399
95	0.02059	0.01938	0.03270	0.59060	0.07510	0.02422	0.03028	0.02786	0.02180	0.02786	0.01938	0.02907	0.01453	0.01090	0.01090	0.00363	0.01453	0.00969	0.00484	0.01211
96	0.01558	0.01168	0.01752	0.01752	0.01947	0.01363	0.01363	0.01947	0.01752	0.02531	0.02921	0.04283	0.02726	0.08178	0.57360	0.01752	0.02921	0.01168	0.00584	0.00974
97	0.10350	0.02692	0.02948	0.02279	0.03127	0.02887	0.01882	0.36269	0.04364	0.17869	0.02902	0.02790	0.01986	0.01291	0.01054	0.00330	0.01104	0.00972	0.01112	0.01792
98	0.01558	0.01168	0.01752	0.01752	0.01947	0.01363	0.01363	0.01947	0.01752	0.02531	0.02921	0.04283	0.02726	0.08178	0.57360	0.01752	0.02921	0.01168	0.00584	0.00974
99	0.04145	0.03054	0.03272	0.02509	0.03381	0.03381	0.02072	0.51243	0.05127	0.06872	0.02618	0.02618	0.01854	0.01309	0.01091	0.00327	0.01200	0.00982	0.01091	0.01854
100	0.69383	0.02109	0.01603	0.01434	0.02109	0.02446	0.01181	0.03205	0.01856	0.04892	0.01518	0.01771	0.01181	0.01012	0.00675	0.00337	0.00843	0.00590	0.00675	0.01181
101	0.01940	0.01180	0.01516	0.01442	0.01749	0.01105	0.01126	0.02444	0.02888	0.08630	0.35690	0.07615	0.07914	0.02095	0.01212	0.00348	0.00610	0.07410	0.11991	0.01095
102	0.04892	0.01856	0.02530	0.01940	0.02783	0.01603	0.01603	0.05314	0.03121	0.55634	0.04302	0.03711	0.02699	0.01350	0.01096	0.00337	0.00928	0.01096	0.01350	0.01856
103	0.01575	0.01098	0.01395	0.01395	0.01467	0.01169	0.00918	0.01718	0.01647	0.02267	0.03247	0.06091	0.03510	0.42082	0.24529	0.01312	0.01740	0.01433	0.00633	0.00775
104	0.02712	0.02342	0.02465	0.02219	0.02835	0.02712	0.01726	0.05794	0.52909	0.04561	0.04438	0.04068	0.03328	0.01479	0.01109	0.00370	0.00863	0.01233	0.01109	0.01726
105	0.04380	0.01854	0.02442	0.01940	0.02689	0.01678	0.01573	0.09089	0.03178	0.44549	0.04358	0.10734	0.03182	0.01603	0.01133	0.00350	0.00916	0.01335	0.01284	0.01735
106	0.04892	0.01856	0.02530	0.01940	0.02783	0.01603	0.01603	0.05314	0.03121	0.55634	0.04302	0.03711	0.02699	0.01350	0.01096	0.00337	0.00928	0.01096	0.01350	0.01856
107	0.02699	0.02591	0.04426	0.06693	0.54879	0.02591	0.03346	0.03346	0.02483	0.03562	0.02051	0.02699	0.01727	0.00972	0.01079	0.00324	0.01295	0.00972	0.00540	0.01727
108	0.43952	0.09962	0.06840	0.02560	0.11854	0.02711	0.01875	0.03257	0.02047	0.04253	0.01647	0.01976	0.01321	0.00997	0.00778	0.00323	0.01024	0.00674	0.00608	0.01339
109	0.01696	0.01138	0.01433	0.01384	0.01672	0.01025	0.01027	0.02104	0.02807	0.07471	0.34334	0.16957	0.17917	0.02466	0.01290	0.00364	0.00571	0.02159	0.01143	0.01043
110	0.02307	0.07052	0.06985	0.01758	0.02778	0.01770	0.01564	0.02845	0.02261	0.03466	0.01906	0.02224	0.01578	0.00836	0.00818	0.00182	0.00903	0.00654	0.00616	0.57495
111	0.44906	0.09669	0.02534	0.01833	0.02377	0.02895	0.01557	0.03072	0.01855	0.04054	0.01497	0.01917	0.01269	0.01219	0.01380	0.00358	0.15117	0.00677	0.00601	0.01211
112	0.01382	0.00987	0.01326	0.01579	0.01666	0.00932	0.01105	0.01610	0.02140	0.02843	0.05980	0.54914	0.07095	0.03366	0.01406	0.00450	0.00679	0.08629	0.01011	0.00900
113	0.03213	0.47996	0.05123	0.02021	0.02939	0.04089	0.01916	0.14871	0.02920	0.03607	0.01782	0.01959	0.01509	0.01024	0.00794	0.00256	0.01174	0.00679	0.00617	0.01509
114	0.01734	0.01559	0.02698	0.10394	0.03365	0.01543	0.12169	0.02190	0.02273	0.02989	0.05003	0.32031	0.09025	0.02456	0.01327	0.00414	0.01034	0.05889	0.00836	0.01071
115	0.02818	0.13473	0.25021	0.02988	0.04187	0.02754	0.13311	0.03890	0.06651	0.10848	0.02479	0.02698	0.01792	0.01075	0.01050	0.00333	0.01429	0.00951	0.00662	0.01591
116	0.01813	0.01000	0.01501	0.01501	0.01548	0.01048	0.01048	0.01548	0.01501	0.02048	0.02142	0.03549	0.02095	0.04850	0.17106	0.52184	0.01424	0.01000	0.00500	0.00594
117	0.02033	0.01016	0.01016	0.01016	0.01270	0.01016	0.00762	0.02541	0.02287	0.04065	0.03557	0.04065	0.02795	0.01270	0.00762	0.00254	0.00508	0.01016	0.67734	0.01016
118	0.02345	0.02130	0.03529	0.13796	0.33274	0.02207	0.02871	0.02967	0.02442	0.03358	0.03027	0.05295	0.02898	0.01535	0.01195	0.00378	0.01243	0.13404	0.00655	0.01452
119	0.04042	0.02195	0.02735	0.02207	0.02908	0.02262	0.01837	0.18693	0.03522	0.29344	0.03706	0.04324	0.02769	0.01596	0.01375	0.00368	0.06455	0.06827	0.01147	0.01688
120	0.02227	0.01815	0.02129	0.01663	0.02419	0.01506	0.01298	0.06977	0.02564	0.03801	0.06846	0.12273	0.03237	0.01390	0.00967	0.00237	0.00792	0.01180	0.00791	0.45889
121	0.02354	0.18640	0.44494	0.02823	0.04279	0.02941	0.03533	0.03410	0.02282	0.03249	0.01856	0.02175	0.01385	0.01012	0.00959	0.00320	0.01509	0.00755	0.00462	0.01563
122	0.02141	0.01897	0.06126	0.13726	0.07849	0.01749	0.01952	0.02994	0.07406	0.07602	0.27290	0.05505	0.05942	0.01673	0.01181	0.00348	0.00911	0.01469	0.00948	0.01291
123	0.58395	0.01948	0.01579	0.01424	0.02031	0.02216	0.01156	0.03019	0.02055	0.04808	0.10068	0.02804	0.02656	0.01209	0.00774	0.00338	0.00790	0.00814	0.00760	0.01156
124	0.01328	0.00949	0.01265	0.01518	0.01581	0.00886	0.01012	0.01518	0.02088	0.02783	0.06010	0.60969	0.07212	0.03416	0.01392	0.00443	0.00633	0.03100	0.01012	0.00886
125	0.02055	0.01714	0.02038	0.01578	0.02346	0.01329	0.01226	0.02498	0.02311	0.03514	0.07390	0.11585	0.03254	0.01329	0.00939	0.00220	0.00754	0.01136	0.00752	0.52031
126	0.03469	0.02420	0.09593	0.20341	0.09317	0.02065	0.02510	0.04112	0.02667	0.27842	0.03064	0.03191	0.02057	0.01195	0.01085	0.00345	0.01211	0.01009	0.00894	0.01612
127	0.02897	0.01918	0.02326	0.01694	0.02632	0.01490	0.01367	0.03367	0.02469	0.16151	0.02510	0.02612	0.01877	0.00939	0.00877	0.00204	0.00837	0.00755	0.00816	0.52262
128	0.02915	0.62337	0.05714	0.01866	0.02799	0.04314	0.01866	0.03265	0.02215	0.02565	0.01516	0.01749	0.01399	0.00933	0.00700	0.00233	0.01166	0.00583	0.00466	0.01399
129	0.03322	0.01446	0.01927	0.01700	0.02203	0.01286	0.01309	0.03667	0.02665	0.31505	0.04858	0.24718	0.04361	0.02099	0.01174	0.00368	0.00781	0.01823	0.07366	0.01423
130	0.01488	0.01072	0.01408	0.01409	0.01617	0.00992	0.01025	0.01920	0.02832	0.03967	0.41996	0.21607	0.09504	0.02532	0.01313	0.00368	0.00545	0.02259	0.01152	0.00992
131	0.01485	0.01082	0.01369	0.01515	0.01684	0.01022	0.01123	0.01769	0.02273	0.02969	0.10425	0.28101	0.14636	0.11412	0.01988	0.00525	0.00765	0.13983	0.00976	0.00901
132	0.01698	0.01341	0.01884	0.01807	0.01927	0.01615	0.01372	0.01976	0.01702	0.02453	0.02794	0.04611	0.02792	0.19066	0.37122	0.01391	0.11700	0.01226	0.00584	0.00939
133	0.01525	0.01089	0.01491	0.01743	0.01892	0.01055	0.01354	0.01858	0.02281	0.03003	0.05901	0.38639	0.06782	0.03231	0.01444	0.00470	0.00803	0.23489	0.01008	0.00940
134	0.03036	0.12918	0.16927	0.09511	0.03992	0.06907	0.02566	0.18619	0.03232	0.04310	0.02191	0.02493	0.01647	0.01137	0.00984	0.00313	0.01337	0.00855	0.05487	0.01538
135	0.01556	0.01130	0.01509	0.01696	0.01901	0.01083	0.01353	0.01944	0.02451	0.03225	0.12371	0.26455	0.11514	0.03015	0.01424	0.00452	0.00788	0.24136	0.01032	0.00963
136	0.03431	0.02672	0.02878	0.02288	0.03097	0.02891	0.01851	0.30284	0.19108	0.05679	0.03065	0.03002	0.02263	0.01285	0.01054	0.00315	0.01040	0.01007	0.01030	0.11760
137	0.02530	0.01859	0.06903	0.01745	0.02388	0.01373	0.01498	0.03032	0.02686	0.16257	0.18469	0.13866	0.05298	0.01799	0.01133	0.00320	0.00797	0.01555	0.01020	0.15473
138	0.02311	0.15280	0.47476	0.02897	0.04393	0.02835	0.03661	0.03421	0.02287	0.03302	0.01882	0.02208	0.01384	0.01018	0.00979	0.00326	0.01536	0.00768	0.00461	0.01575
139	0.03824	0.11738	0.03470	0.02236	0.03058	0.02136	0.08604	0.04316	0.02892	0.33207	0.09772	0.03834	0.03283	0.01330	0.01083	0.00325	0.01045	0.01149	0.01074	0.01624
140	0.04365	0.01973	0.02515	0.02007	0.02796	0.01871	0.01632	0.05430	0.15165	0.43280	0.04335	0.03798	0.02851	0.01381	0.01100	0.00345	0.00912	0.01129	0.01291	0.01824
141	0.04519	0.01981	0.02853	0.02748	0.11641	0.01771	0.01899	0.04979	0.03012	0.46781	0.03919	0.03539	0.02534	0.01285	0.01094	0.00335	0.00990	0.01075	0.01212	0.01834
142	0.03709	0.02097	0.02895	0.07541	0.12114	0.02086	0.02037	0.10188	0.06954	0.27689	0.03668	0.08328	0.02764	0.01447	0.01119	0.00348	0.01038	0.01234	0.01059	0.01686
143	0.02059	0.01938	0.03270	0.59060	0.07510	0.02422	0.03028	0.02786	0.02180	0.02786	0.01938	0.02907	0.01453	0.01090	0.01090	0.00363	0.01453	0.00969	0.00484	0.01211
144	0.69383	0.02109	0.01603	0.01434	0.02109	0.02446	0.01181	0.03205	0.01856	0.04892	0.01518	0.01771	0.01181	0.01012	0.00675	0.00337	0.00843	0.00590	0.00675	0.01181
145	0.69383	0.02109	0.01603	0.01434	0.02109	0.02446	0.01181	0.03205	0.01856	0.04892	0.01518	0.01771	0.01181	0.01012	0.00675	0.00337	0.00843	0.00590	0.00675	0.01181
146	0.01569	0.01123	0.01525	0.01525	0.01641	0.01239	0.01079	0.01801	0.01685	0.02363	0.03129	0.05437	0.03227	0.29814	0.36408	0.01471	0.02167	0.01337	0.00615	0.00847
147	0.69383	0.02109	0.01603	0.01434	0.02109	0.02446	0.01181	0.03205	0.01856	0.04892	0.01518	0.01771	0.01181	0.01012	0.00675	0.00337	0.00843	0.00590	0.00675	0.01181
148	0.02262	0.05160	0.47591	0.03538	0.09148	0.02555	0.07717	0.03447	0.02339	0.03466	0.01985	0.02388	0.01433	0.01021	0.01060	0.00345	0.01602	0.00859	0.00475	0.01610
149	0.02187	0.05640	0.56031	0.03108	0.04719	0.02532	0.04029	0.03453	0.02302	0.03453	0.01957	0.02302	0.01381	0.01036	0.01036	0.00345	0.01611	0.00806	0.00460	0.01611
150	0.02059	0.01938	0.03270	0.59060	0.07510	0.02422	0.03028	0.02786	0.02180	0.02786	0.01938	0.02907	0.01453	0.01090	0.01090	0.00363	0.01453	0.00969	0.00484	0.01211
151	0.01558	0.01168	0.01752	0.01752	0.01947	0.01363	0.01363	0.01947	0.01752	0.02531	0.02921	0.04283	0.02726	0.08178	0.57360	0.01752	0.02921	0.01168	0.00584	0.00974
152	0.02187	0.05640	0.56031	0.03108	0.04719	0.02532	0.04029	0.03453	0.02302	0.03453	0.01957	0.02302	0.01381	0.01036	0.01036	0.00345	0.01611	0.00806	0.00460	0.01611
153	0.02704	0.02490	0.03633	0.04883	0.33833	0.02640	0.02691	0.04336	0.22875	0.03966	0.03016	0.03252	0.02375	0.01177	0.01092	0.00342	0.01120	0.01077	0.00770	0.01727
154	0.08097	0.06562	0.07104	0.01971	0.02677	0.02215	0.01726	0.07485	0.15711	0.14449	0.15692	0.04383	0.04309	0.01509	0.01079	0.00339	0.00901	0.01233	0.01041	0.01516
155	0.02407	0.22764	0.40834	0.02733	0.04139	0.03070	0.03375	0.03396	0.02276	0.03185	0.01824	0.02135	0.01387	0.01005	0.00934	0.00311	0.01477	0.00738	0.00462	0.01547
156	0.01606	0.01109	0.01395	0.01518	0.01613	0.01099	0.01088	0.01806	0.01976	0.02607	0.04619	0.16950	0.05239	0.32927	0.03547	0.00776	0.00975	0.17509	0.00831	0.00812
157	0.02574	0.02941	0.06434	0.04596	0.05699	0.02757	0.50919	0.03493	0.02574	0.03493	0.02206	0.02941	0.01654	0.00919	0.01287	0.00368	0.01838	0.01287	0.00551	0.01471
158	0.02585	0.02544	0.07987	0.25962	0.24551	0.02453	0.06935	0.03314	0.02413	0.07566	0.02199	0.02851	0.01670	0.01049	0.01098	0.00345	0.01394	0.00993	0.00580	0.01510
159	0.03193	0.02819	0.08148	0.13310	0.25956	0.07387	0.02831	0.03820	0.02624	0.15550	0.02518	0.02867	0.01851	0.01099	0.01072	0.00331	0.01324	0.00961	0.00716	0.01622
160	0.01543	0.01115	0.01457	0.01372	0.01629	0.01029	0.01029	0.02058	0.03086	0.04372	0.54304	0.08145	0.10288	0.02229	0.01286	0.00343	0.00514	0.01972	0.01200	0.01029
161	0.02519	0.01824	0.02714	0.16543	0.12139	0.01929	0.02225	0.07086	0.02668	0.09957	0.03818	0.13497	0.03675	0.01919	0.01233	0.00395	0.01115	0.12556	0.00855	0.01334
162	0.03056	0.07832	0.24808	0.07767	0.08153	0.02412	0.02884	0.04068	0.06450	0.17830	0.02771	0.02873	0.01931	0.01149	0.01042	0.00337	0.01294	0.00931	0.00765	0.01647
163	0.03092	0.02720	0.03381	0.02723	0.03367	0.12949	0.13006	0.07305	0.02932	0.12041	0.08230	0.04659	0.07129	0.01577	0.01376	0.00360	0.05857	0.05062	0.00855	0.01379
164	0.01586	0.01057	0.01189	0.01189	0.01189	0.01057	0.00661	0.01586	0.01586	0.02114	0.03436	0.07135	0.03964	0.61681	0.05550	0.01057	0.01057	0.01586	0.00661	0.00661
165	0.13730	0.14815	0.16360	0.06810	0.03725	0.02767	0.05842	0.03601	0.02324	0.12755	0.02198	0.02458	0.01617	0.01126	0.01126	0.00333	0.05436	0.00837	0.00665	0.01473
166	0.03338	0.07481	0.03057	0.02470	0.06569	0.02018	0.05803	0.07671	0.02943	0.23545	0.07777	0.09681	0.03777	0.01699	0.01165	0.00358	0.01026	0.07066	0.01038	0.01518
167	0.01459	0.01042	0.01415	0.01668	0.01788	0.00998	0.01239	0.01744	0.02216	0.02930	0.05937	0.46129	0.06926	0.03293	0.01427	0.00461	0.00746	0.16650	0.01010	0.00922
168	0.02384	0.02012	0.03350	0.47591	0.12993	0.02372	0.02944	0.03075	0.02299	0.07466	0.02157	0.02951	0.01596	0.01098	0.01089	0.00356	0.01388	0.00980	0.00566	0.01331
169	0.20366	0.23329	0.24964	0.02253	0.03391	0.03095	0.02557	0.03325	0.02154	0.03545	0.01695	0.01979	0.01334	0.00996	0.00829	0.00306	0.01260	0.00675	0.00520	0.01427
170	0.02891	0.32223	0.13112	0.02739	0.09656	0.03440	0.02384	0.10102	0.02682	0.03530	0.01846	0.02123	0.01520	0.00998	0.00866	0.00270	0.01230	0.00730	0.00578	0.07080
171	0.02597	0.02137	0.02430	0.15761	0.03538	0.08816	0.01823	0.09598	0.06806	0.03147	0.02202	0.03014	0.01845	0.02250	0.02361	0.27812	0.01225	0.00952	0.00630	0.01056
172	0.01894	0.00947	0.01420	0.01420	0.01420	0.00947	0.00947	0.01420	0.01420	0.01894	0.01894	0.03314	0.01894	0.03788	0.04261	0.68277	0.00947	0.00947	0.00473	0.00473
173	0.03131	0.12022	0.03131	0.10202	0.03385	0.07557	0.01910	0.03965	0.10153	0.15972	0.09263	0.03607	0.03119	0.01401	0.01261	0.00337	0.06172	0.01075	0.00880	0.01455
174	0.01964	0.01844	0.08371	0.01668	0.02190	0.01393	0.01480	0.02751	0.07223	0.08310	0.32852	0.07048	0.14550	0.02022	0.01224	0.00349	0.00721	0.01739	0.01085	0.01214
175	0.01391	0.01109	0.01246	0.01212	0.01536	0.00964	0.00909	0.01763	0.02727	0.03519	0.28430	0.09550	0.36695	0.02547	0.01288	0.00358	0.00537	0.02169	0.01088	0.00964
176	0.02915	0.62337	0.05714	0.01866	0.02799	0.04314	0.01866	0.03265	0.02215	0.02565	0.01516	0.01749	0.01399	0.00933	0.00700	0.00233	0.01166	0.00583	0.00466	0.01399
177	0.04892	0.01856	0.02530	0.01940	0.02783	0.01603	0.01603	0.05314	0.03121	0.55634	0.04302	0.03711	0.02699	0.01350	0.01096	0.00337	0.00928	0.01096	0.01350	0.01856
178	0.12160	0.08513	0.03077	0.02247	0.03027	0.11756	0.01843	0.22153	0.07221	0.13649	0.02644	0.02616	0.01905	0.01226	0.00988	0.00317	0.01206	0.00888	0.00941	0.01624
179	0.23436	0.02434	0.03868	0.17323	0.04855	0.02624	0.19315	0.06999	0.02451	0.04017	0.01955	0.02541	0.01471	0.01023	0.01030	0.00354	0.01379	0.00964	0.00616	0.01344
180	0.02959	0.07682	0.07158	0.02252	0.03076	0.02827	0.01946	0.15440	0.27428	0.04712	0.03270	0.03178	0.02463	0.01276	0.01028	0.00321	0.01018	0.01014	0.00943	0.10008
181	0.01481	0.01548	0.05798	0.01353	0.01855	0.01113	0.01162	0.01893	0.02548	0.03262	0.16436	0.08787	0.38833	0.02379	0.01229	0.00346	0.00654	0.01993	0.00967	0.06362
182	0.02617	0.31320	0.22061	0.03028	0.08301	0.03391	0.08801	0.03362	0.02311	0.03056	0.01792	0.02160	0.01454	0.00968	0.00915	0.00294	0.01406	0.00777	0.00481	0.01506
183	0.03179	0.16268	0.12120	0.02614	0.09399	0.02405	0.02186	0.03766	0.02694	0.20124	0.11117	0.03625	0.03296	0.01299	0.01025	0.00314	0.01073	0.01058	0.00877	0.01561
184	0.01372	0.01108	0.01221	0.01192	0.01524	0.00956	0.00894	0.01727	0.02683	0.03415	0.25268	0.09721	0.39922	0.02586	0.01288	0.00360	0.00540	0.02193	0.01074	0.00956
185	0.02411	0.03112	0.13244	0.03449	0.04070	0.03020	0.17935	0.03038	0.02061	0.03038	0.01764	0.02546	0.01493	0.01449	0.02426	0.00420	0.31641	0.01034	0.00498	0.01351
186	0.02975	0.15321	0.13072	0.07965	0.09056	0.03015	0.13378	0.11343	0.02874	0.07555	0.02207	0.02572	0.01656	0.01055	0.01045	0.00323	0.01412	0.00946	0.00659	0.01572
187	0.02681	0.09075	0.19993	0.04055	0.12684	0.02727	0.21893	0.03568	0.02488	0.07161	0.02197	0.02665	0.01639	0.00993	0.01114	0.00340	0.01560	0.01020	0.00573	0.01572
188	0.01586	0.01076	0.01364	0.01339	0.01569	0.01007	0.00987	0.02053	0.02824	0.04100	0.39830	0.15065	0.08729	0.02255	0.01223	0.00344	0.00530	0.01990	0.11124	0.01007
189	0.02635	0.01787	0.03002	0.14567	0.03968	0.01780	0.10625	0.03191	0.02574	0.15799	0.07833	0.14116	0.04022	0.01829	0.01243	0.00386	0.01133	0.07276	0.00911	0.01320
190	0.03348	0.03179	0.19514	0.07468	0.10250	0.02183	0.02701	0.04332	0.07316	0.23943	0.03114	0.03114	0.02126	0.01196	0.01076	0.00343	0.01223	0.00993	0.00880	0.01700
191	0.02372	0.01618	0.02343	0.01922	0.02484	0.01487	0.08244	0.03047	0.06755	0.14127	0.18059	0.06987	0.22054	0.01987	0.01235	0.00356	0.00827	0.01751	0.01067	0.01277
192	0.03933	0.01643	0.02223	0.01777	0.02453	0.01438	0.01438	0.04381	0.03111	0.40954	0.18621	0.04981	0.04872	0.01601	0.01151	0.00339	0.00809	0.01347	0.01307	0.01619
193	0.02646	0.19243	0.16662	0.02587	0.07852	0.02525	0.02358	0.03248	0.02393	0.10535	0.03139	0.12704	0.02940	0.01589	0.01051	0.00340	0.01156	0.04870	0.00729	0.01433
194	0.14345	0.19781	0.07435	0.01890	0.02823	0.02707	0.01757	0.07255	0.02533	0.11176	0.02137	0.02268	0.01635	0.01013	0.00835	0.00265	0.01028	0.00722	0.00720	0.17674
195	0.03161	0.01458	0.01960	0.01669	0.02190	0.01293	0.01309	0.03590	0.02979	0.29351	0.23738	0.12540	0.06178	0.01945	0.01206	0.00353	0.00732	0.01682	0.01250	0.01417
196	0.01504	0.01120	0.01438	0.01376	0.01643	0.01053	0.01038	0.01965	0.02824	0.03915	0.40977	0.08041	0.16424	0.03054	0.08263	0.00522	0.00820	0.01925	0.01094	0.01005
197	0.03296	0.03446	0.21164	0.07553	0.04355	0.02384	0.10355	0.09911	0.02933	0.19552	0.02783	0.02917	0.01886	0.01150	0.01105	0.00346	0.01377	0.01005	0.00823	0.01660
198	0.02596	0.02273	0.03446	0.39180	0.13820	0.02650	0.02875	0.13102	0.02848	0.03766	0.02099	0.02814	0.01580	0.01118	0.01089	0.00350	0.01376	0.00972	0.00621	0.01425
199	0.03043	0.01583	0.01783	0.01525	0.02028	0.01593	0.01208	0.09540	0.07038	0.16923	0.03693	0.03800	0.02699	0.01312	0.00913	0.00293	0.00725	0.01049	0.37871	0.01382
200	0.02269	0.02072	0.03467	0.23691	0.13806	0.02232	0.09356	0.06929	0.02595	0.03491	0.06489	0.12681	0.03139	0.01525	0.01180	0.00365	0.01257	0.01435	0.00694	0.01328
201	0.08229	0.02329	0.07171	0.16043	0.08651	0.02173	0.06297	0.07416	0.02673	0.15705	0.03048	0.10141	0.02505	0.01423	0.01107	0.00358	0.01191	0.01249	0.00824	0.01468
202	0.61266	0.02226	0.01810	0.01568	0.02267	0.02562	0.01292	0.09182	0.02263	0.05138	0.01655	0.01877	0.01265	0.01049	0.00727	0.00336	0.00888	0.00639	0.00727	0.01265

[dist]
# distance from previous block
# <min> <max>
0	1

[block]
# block no. 1 follows, 12 sequences, length 7
# corresponding to MSA columns:
# 266-272
name=unknown_B
#
# <colnr> <probs for GDERKNQSTAVLIFYWHMCP>
#	G	D	E	R	K	N	Q	S	T	A	V	L	I	F	Y	W	H	M	C	P
0	0.10832	0.02814	0.11499	0.06889	0.14236	0.02328	0.02433	0.09995	0.02833	0.15865	0.02541	0.02721	0.01817	0.01109	0.01007	0.00320	0.01163	0.00900	0.00804	0.07894
1	0.02375	0.03083	0.19728	0.02108	0.03231	0.01787	0.02187	0.03112	0.02389	0.07239	0.05528	0.02760	0.02181	0.01013	0.00933	0.00246	0.01058	0.00816	0.00671	0.37553
2	0.01379	0.01010	0.01320	0.01469	0.01606	0.00950	0.01023	0.01650	0.02277	0.03059	0.14745	0.42371	0.12152	0.03501	0.05584	0.00517	0.00776	0.02676	0.01013	0.00921
3	0.29824	0.02876	0.13679	0.08117	0.12038	0.02379	0.02361	0.03508	0.02243	0.10588	0.02089	0.02388	0.01531	0.01060	0.00910	0.00339	0.01146	0.00798	0.00675	0.01450
4	0.02261	0.02178	0.03569	0.23942	0.13827	0.02550	0.07491	0.02982	0.05181	0.03065	0.02409	0.08270	0.02168	0.01463	0.01655	0.00388	0.13477	0.01213	0.00586	0.01324
5	0.01382	0.00971	0.01249	0.01450	0.01500	0.00921	0.00939	0.01532	0.01983	0.02644	0.05474	0.49761	0.06535	0.15547	0.02257	0.00571	0.00721	0.02784	0.00939	0.00839
6	0.01917	0.01949	0.12829	0.01810	0.02167	0.01325	0.01636	0.01904	0.01642	0.02291	0.02024	0.03214	0.01882	0.03716	0.09651	0.46539	0.01311	0.00943	0.00483	0.00767

[dist]
# distance from previous block
# <min> <max>
0	328

# created by:
# /st0/software/busco_prod/Augustus/scripts/msa2prfl.pl ./align_prep/7072.fa
