[name]
unknown

[dist]
# distance from previous block
# <min> <max>
0	1401

[block]
# block no. 0 follows, 13 sequences, length 18
# corresponding to MSA columns:
# 1813-1830
name=unknown_A
#
# <colnr> <probs for GDERKNQSTAVLIFYWHMCP>
#	G	D	E	R	K	N	Q	S	T	A	V	L	I	F	Y	W	H	M	C	P
0	0.01908	0.01507	0.02284	0.02965	0.14302	0.01507	0.02049	0.02427	0.02428	0.03229	0.04789	0.09841	0.05097	0.02477	0.01368	0.00448	0.01037	0.38334	0.00873	0.01131
1	0.01519	0.01171	0.01706	0.01727	0.01873	0.01358	0.01318	0.01843	0.01766	0.02516	0.03398	0.17014	0.03526	0.06452	0.41790	0.01325	0.06570	0.01537	0.00652	0.00940
2	0.12668	0.02722	0.02880	0.11739	0.03685	0.14865	0.05419	0.03995	0.06911	0.16730	0.02530	0.02719	0.01831	0.01194	0.01167	0.00333	0.05533	0.00904	0.00777	0.01397
3	0.02155	0.16372	0.30396	0.02489	0.03585	0.02504	0.06278	0.03010	0.02404	0.03372	0.13877	0.03434	0.03297	0.01235	0.01008	0.00313	0.01250	0.01023	0.00615	0.01383
4	0.02302	0.01211	0.01436	0.01288	0.01691	0.01093	0.00998	0.02722	0.02628	0.15626	0.17684	0.06335	0.17519	0.01825	0.01057	0.00312	0.00596	0.01529	0.20998	0.01148
5	0.02162	0.02340	0.04767	0.03524	0.04377	0.02174	0.37332	0.02885	0.02472	0.03253	0.04299	0.05122	0.14061	0.01432	0.01263	0.00366	0.01447	0.04786	0.00665	0.01275
6	0.02274	0.13525	0.33189	0.02607	0.03891	0.02507	0.06521	0.03169	0.02229	0.03239	0.01844	0.02185	0.01412	0.00931	0.00922	0.00280	0.01337	0.00747	0.00494	0.16698
7	0.01323	0.00945	0.01267	0.01512	0.01589	0.00889	0.01043	0.01533	0.02059	0.02738	0.05808	0.57898	0.06916	0.03279	0.01359	0.00434	0.00644	0.06912	0.00981	0.00869
8	0.02062	0.01117	0.01502	0.01564	0.01795	0.01015	0.01110	0.02297	0.02249	0.14860	0.05456	0.49033	0.06013	0.02864	0.01285	0.00406	0.00678	0.02571	0.01055	0.01070
9	0.03163	0.02177	0.03391	0.05691	0.03645	0.02188	0.14734	0.04504	0.18466	0.20538	0.03670	0.04058	0.02724	0.01340	0.01142	0.00357	0.01139	0.04527	0.00971	0.01574
10	0.01432	0.01017	0.01304	0.01479	0.01585	0.00976	0.01051	0.01646	0.02028	0.02664	0.05519	0.35654	0.09098	0.16525	0.02271	0.00571	0.00779	0.12658	0.00903	0.00837
11	0.01777	0.01368	0.01912	0.02444	0.13618	0.01364	0.01345	0.01975	0.01848	0.02512	0.03413	0.10297	0.03784	0.39329	0.03770	0.00775	0.01043	0.05841	0.00669	0.00918
12	0.70310	0.02045	0.01554	0.01390	0.02045	0.02372	0.01145	0.03108	0.01799	0.04744	0.01472	0.01718	0.01145	0.00981	0.00654	0.00327	0.00818	0.00573	0.00654	0.01145
13	0.01392	0.01042	0.01291	0.01301	0.01534	0.00942	0.00948	0.01765	0.02638	0.03569	0.33921	0.20615	0.20081	0.02541	0.01271	0.00360	0.00533	0.02233	0.01080	0.00942
14	0.02192	0.01879	0.02192	0.01566	0.02506	0.01409	0.01253	0.02662	0.02192	0.03445	0.01879	0.02192	0.01566	0.00783	0.00783	0.00157	0.00783	0.00626	0.00626	0.69305
15	0.01794	0.01355	0.01757	0.01703	0.01943	0.01541	0.01279	0.02633	0.13443	0.02789	0.03134	0.04367	0.02851	0.12955	0.34125	0.07464	0.01985	0.01178	0.00680	0.01025
16	0.01343	0.01061	0.01210	0.01202	0.01493	0.00928	0.00891	0.01688	0.02588	0.03348	0.26717	0.14075	0.34605	0.02547	0.01258	0.00355	0.00529	0.02185	0.01048	0.00928
17	0.02181	0.01544	0.01753	0.01521	0.01978	0.01507	0.01191	0.13392	0.03233	0.07642	0.24662	0.07227	0.23830	0.02089	0.01194	0.00337	0.00686	0.01756	0.01085	0.01191

[dist]
# distance from previous block
# <min> <max>
0	5

[block]
# block no. 1 follows, 13 sequences, length 93
# corresponding to MSA columns:
# 1836-1928
name=unknown_B
#
# <colnr> <probs for GDERKNQSTAVLIFYWHMCP>
#	G	D	E	R	K	N	Q	S	T	A	V	L	I	F	Y	W	H	M	C	P
0	0.02121	0.05469	0.57364	0.03014	0.04576	0.02455	0.03906	0.03348	0.02232	0.03348	0.01897	0.02232	0.01339	0.01005	0.01005	0.00335	0.01563	0.00781	0.00446	0.01563
1	0.04744	0.01799	0.02454	0.01881	0.02699	0.01554	0.01554	0.05153	0.03026	0.56979	0.04171	0.03599	0.02617	0.01309	0.01063	0.00327	0.00900	0.01063	0.01309	0.01799
2	0.02452	0.03157	0.12198	0.04288	0.05415	0.02648	0.46753	0.03382	0.02465	0.03382	0.02111	0.02780	0.01573	0.00904	0.01219	0.00354	0.01757	0.01193	0.00524	0.01442
3	0.01971	0.00985	0.00985	0.00985	0.01232	0.00985	0.00739	0.02464	0.02217	0.03942	0.03449	0.03942	0.02710	0.01232	0.00739	0.00246	0.00493	0.00985	0.68712	0.00985
4	0.04692	0.01882	0.02505	0.01920	0.02740	0.01676	0.01586	0.08529	0.03164	0.53408	0.04055	0.03523	0.02559	0.01306	0.01063	0.00326	0.00918	0.01055	0.01291	0.01799
5	0.01807	0.01131	0.01646	0.01592	0.01631	0.01278	0.01146	0.01628	0.01481	0.02058	0.02080	0.03530	0.02073	0.07997	0.15255	0.43214	0.08308	0.01001	0.00493	0.00651
6	0.01324	0.00945	0.01268	0.01513	0.01590	0.00889	0.01043	0.01533	0.02059	0.02739	0.05808	0.57867	0.06916	0.03279	0.01359	0.00434	0.00644	0.06940	0.00981	0.00869
7	0.03166	0.26982	0.14748	0.02439	0.03321	0.27094	0.02326	0.03654	0.02527	0.02701	0.01625	0.01893	0.01356	0.01003	0.00861	0.00267	0.01548	0.00658	0.00491	0.01342
8	0.08103	0.02178	0.06734	0.17624	0.04110	0.02040	0.05588	0.07729	0.02699	0.20096	0.06209	0.06890	0.02679	0.01339	0.01068	0.00342	0.01119	0.01149	0.00870	0.01433
9	0.03213	0.03339	0.15692	0.02533	0.03387	0.10789	0.05902	0.07115	0.08750	0.15969	0.02782	0.02874	0.01994	0.01219	0.01196	0.00330	0.05454	0.00947	0.04994	0.01520
10	0.60679	0.02111	0.01944	0.02116	0.09756	0.02392	0.01444	0.03127	0.01886	0.04560	0.01546	0.01846	0.01220	0.00976	0.00710	0.00325	0.00880	0.00625	0.00636	0.01220
11	0.01463	0.01114	0.01578	0.02032	0.07881	0.01065	0.01219	0.01684	0.02031	0.02736	0.05185	0.50887	0.06127	0.07698	0.01630	0.00463	0.00721	0.02650	0.00901	0.00937
12	0.01496	0.01081	0.01413	0.01330	0.01580	0.00998	0.00998	0.01995	0.02993	0.04240	0.55689	0.07898	0.09976	0.02162	0.01247	0.00333	0.00499	0.01912	0.01164	0.00998
13	0.02827	0.63478	0.05540	0.01809	0.02714	0.04184	0.01809	0.03166	0.02148	0.02488	0.01470	0.01696	0.01357	0.00905	0.00678	0.00226	0.01131	0.00565	0.00452	0.01357
14	0.50254	0.01970	0.01829	0.01541	0.02245	0.02122	0.01270	0.03733	0.02175	0.20722	0.02298	0.02293	0.01595	0.01082	0.00779	0.00327	0.00843	0.00723	0.00854	0.01345
15	0.01581	0.01170	0.01487	0.01392	0.01667	0.01120	0.01048	0.02267	0.06840	0.04254	0.51839	0.07602	0.09471	0.02107	0.01234	0.00334	0.00524	0.01858	0.01157	0.01048
16	0.01408	0.01071	0.01253	0.01211	0.01472	0.00961	0.00882	0.01761	0.02602	0.03460	0.32522	0.08648	0.26653	0.09430	0.01730	0.00423	0.00574	0.01990	0.01034	0.00916
17	0.02630	0.02271	0.02391	0.02152	0.02749	0.02630	0.01674	0.05618	0.54336	0.04423	0.04303	0.03945	0.03228	0.01434	0.01076	0.00359	0.00837	0.01195	0.01076	0.01674
18	0.02897	0.51718	0.09665	0.02019	0.02937	0.10379	0.02015	0.03305	0.02254	0.02573	0.01526	0.01766	0.01356	0.00935	0.00738	0.00241	0.01258	0.00597	0.00463	0.01359
19	0.02827	0.63478	0.05540	0.01809	0.02714	0.04184	0.01809	0.03166	0.02148	0.02488	0.01470	0.01696	0.01357	0.00905	0.00678	0.00226	0.01131	0.00565	0.00452	0.01357
20	0.03897	0.08456	0.03258	0.02534	0.03232	0.31229	0.02012	0.24633	0.03768	0.04302	0.02004	0.02158	0.01546	0.01152	0.00977	0.00288	0.01536	0.00787	0.00755	0.01477
21	0.02827	0.63478	0.05540	0.01809	0.02714	0.04184	0.01809	0.03166	0.02148	0.02488	0.01470	0.01696	0.01357	0.00905	0.00678	0.00226	0.01131	0.00565	0.00452	0.01357
22	0.03027	0.01419	0.01904	0.01590	0.02107	0.01260	0.01260	0.03483	0.03009	0.29095	0.31409	0.05872	0.06508	0.01760	0.01160	0.00330	0.00688	0.01512	0.01232	0.01375
23	0.01517	0.01016	0.01159	0.01180	0.01185	0.01011	0.00669	0.01532	0.01578	0.02104	0.03539	0.11514	0.04106	0.57889	0.05046	0.00975	0.00991	0.01660	0.00669	0.00659
24	0.01306	0.00933	0.01242	0.01460	0.01537	0.00870	0.00983	0.01516	0.02105	0.02827	0.09976	0.57638	0.07241	0.03217	0.01341	0.00421	0.00604	0.02915	0.00997	0.00870
25	0.01538	0.01025	0.01153	0.01153	0.01153	0.01025	0.00641	0.01538	0.01538	0.02050	0.03331	0.06919	0.03844	0.62842	0.05382	0.01025	0.01025	0.01538	0.00641	0.00641
26	0.70310	0.02045	0.01554	0.01390	0.02045	0.02372	0.01145	0.03108	0.01799	0.04744	0.01472	0.01718	0.01145	0.00981	0.00654	0.00327	0.00818	0.00573	0.00654	0.01145
27	0.09605	0.01900	0.02437	0.01884	0.02691	0.01738	0.01556	0.08375	0.03072	0.49494	0.03853	0.03383	0.02449	0.01281	0.01032	0.00326	0.00912	0.01019	0.01242	0.01750
28	0.02721	0.02365	0.03337	0.19189	0.12316	0.02583	0.06031	0.14760	0.12636	0.04151	0.02519	0.02886	0.01906	0.01124	0.01050	0.00324	0.01198	0.00987	0.00743	0.07172
29	0.02143	0.01969	0.02647	0.11770	0.03270	0.02500	0.02012	0.03096	0.14276	0.03045	0.02998	0.14084	0.02886	0.01899	0.02108	0.00414	0.25565	0.01385	0.00707	0.01226
30	0.01477	0.01080	0.01387	0.01310	0.01568	0.00989	0.00982	0.01958	0.02947	0.04132	0.52167	0.08076	0.13566	0.02202	0.01247	0.00334	0.00502	0.01937	0.01150	0.00989
31	0.01514	0.01120	0.01636	0.01636	0.01802	0.01287	0.01242	0.01847	0.01680	0.02407	0.02890	0.04476	0.02783	0.14330	0.52443	0.01621	0.02621	0.01180	0.00575	0.00909
32	0.01997	0.01879	0.03171	0.60301	0.07282	0.02349	0.02936	0.02701	0.02114	0.02701	0.01879	0.02819	0.01409	0.01057	0.01057	0.00352	0.01409	0.00940	0.00470	0.01175
33	0.03005	0.03465	0.03136	0.02754	0.02984	0.26625	0.02199	0.03253	0.02201	0.02563	0.01492	0.02141	0.01377	0.01529	0.02407	0.00382	0.35982	0.00822	0.00497	0.01186
34	0.01741	0.01140	0.01312	0.01250	0.01570	0.01003	0.00913	0.02019	0.02424	0.09265	0.15892	0.12467	0.31063	0.11041	0.01823	0.00450	0.00647	0.02002	0.01001	0.00977
35	0.01538	0.01025	0.01153	0.01153	0.01153	0.01025	0.00641	0.01538	0.01538	0.02050	0.03331	0.06919	0.03844	0.62842	0.05382	0.01025	0.01025	0.01538	0.00641	0.00641
36	0.02837	0.13138	0.29186	0.02786	0.03968	0.07699	0.06519	0.14590	0.02925	0.03912	0.01975	0.02240	0.01467	0.01049	0.00982	0.00311	0.01454	0.00814	0.00601	0.01547
37	0.03349	0.21625	0.07431	0.02288	0.03066	0.20477	0.02002	0.07943	0.11000	0.07747	0.02309	0.02381	0.01794	0.01116	0.00912	0.00285	0.01339	0.00788	0.00698	0.01452
38	0.08206	0.02400	0.03762	0.09393	0.42014	0.02503	0.02865	0.03471	0.08389	0.03621	0.02208	0.02711	0.01793	0.01011	0.01018	0.00323	0.01182	0.00941	0.00595	0.01595
39	0.02554	0.02521	0.04517	0.09990	0.44824	0.02526	0.10926	0.03229	0.02400	0.03390	0.02005	0.02668	0.01645	0.00942	0.01079	0.00323	0.01349	0.00990	0.00521	0.01600
40	0.01970	0.01294	0.01838	0.01754	0.02046	0.01445	0.01375	0.02543	0.05722	0.08955	0.03096	0.04074	0.02683	0.06681	0.47708	0.01441	0.02460	0.01129	0.00690	0.01097
41	0.02065	0.01183	0.01482	0.01341	0.01695	0.01074	0.01029	0.02522	0.02820	0.12644	0.34605	0.06899	0.13085	0.01950	0.01145	0.00322	0.00568	0.01679	0.10777	0.01115
42	0.02164	0.05164	0.51404	0.03182	0.04687	0.02481	0.09560	0.03353	0.02263	0.03353	0.01926	0.02305	0.01370	0.00991	0.01033	0.00337	0.01588	0.00836	0.00457	0.01547
43	0.01884	0.03627	0.33741	0.02360	0.03348	0.01867	0.02732	0.02764	0.02374	0.03428	0.14683	0.05019	0.04054	0.06333	0.01456	0.00406	0.01210	0.06733	0.00686	0.01293
44	0.01512	0.01125	0.01658	0.01658	0.01833	0.01299	0.01271	0.01862	0.01687	0.02424	0.02869	0.04361	0.02733	0.12044	0.54661	0.01649	0.02697	0.01163	0.00572	0.00921
45	0.02672	0.07262	0.03617	0.24933	0.10989	0.06237	0.05614	0.11014	0.06296	0.03541	0.02098	0.02650	0.01632	0.01143	0.01214	0.00337	0.05802	0.00932	0.00618	0.01398
46	0.03257	0.01785	0.02238	0.01955	0.02541	0.01772	0.01617	0.09697	0.10516	0.24500	0.08780	0.06137	0.04173	0.01830	0.01187	0.00374	0.00907	0.14101	0.01143	0.01490
47	0.03408	0.16721	0.12064	0.06581	0.03566	0.07365	0.02267	0.19609	0.03268	0.11898	0.02318	0.02428	0.01684	0.01123	0.00958	0.00300	0.01257	0.00833	0.00780	0.01573
48	0.02643	0.37725	0.04525	0.21607	0.04301	0.08207	0.02209	0.03099	0.02209	0.02568	0.01622	0.02093	0.01375	0.00972	0.00830	0.00273	0.01291	0.00701	0.00466	0.01284
49	0.01377	0.01064	0.01256	0.01234	0.01513	0.00943	0.00916	0.01755	0.02673	0.03542	0.33028	0.13184	0.28767	0.02468	0.01256	0.00350	0.00523	0.02132	0.01074	0.00943
50	0.02265	0.09104	0.37059	0.07548	0.08401	0.02624	0.11798	0.03287	0.02274	0.03248	0.01910	0.02364	0.01414	0.00977	0.01027	0.00330	0.01533	0.00866	0.00469	0.01503
51	0.02864	0.02213	0.03525	0.28417	0.15117	0.02407	0.06766	0.10013	0.02732	0.12030	0.02374	0.02869	0.01720	0.01090	0.01072	0.00337	0.01298	0.00987	0.00698	0.01473
52	0.02298	0.18509	0.34725	0.02812	0.04057	0.02790	0.08889	0.03217	0.02259	0.03135	0.02121	0.02954	0.01754	0.01121	0.00992	0.00324	0.01439	0.04653	0.00500	0.01451
53	0.01279	0.00956	0.01190	0.01377	0.01509	0.00867	0.00939	0.01483	0.02116	0.02736	0.06988	0.49801	0.18595	0.03162	0.01326	0.00412	0.00595	0.02822	0.00982	0.00867
54	0.70310	0.02045	0.01554	0.01390	0.02045	0.02372	0.01145	0.03108	0.01799	0.04744	0.01472	0.01718	0.01145	0.00981	0.00654	0.00327	0.00818	0.00573	0.00654	0.01145
55	0.01288	0.00920	0.01227	0.01472	0.01534	0.00859	0.00981	0.01472	0.02024	0.02699	0.05828	0.62152	0.06993	0.03312	0.01350	0.00429	0.00613	0.03006	0.00981	0.00859
56	0.13844	0.25479	0.03824	0.02399	0.07358	0.09814	0.01887	0.13657	0.06031	0.03919	0.01930	0.02116	0.01558	0.01050	0.00841	0.00282	0.01171	0.00731	0.00665	0.01446
57	0.02032	0.01949	0.03390	0.56323	0.07157	0.02372	0.06460	0.02750	0.02141	0.02750	0.01898	0.02821	0.01423	0.01045	0.01071	0.00353	0.01436	0.00962	0.00474	0.01192
58	0.02793	0.12477	0.28662	0.02415	0.03594	0.06451	0.02683	0.03576	0.02399	0.11961	0.02187	0.02350	0.01587	0.01012	0.00930	0.00286	0.01298	0.00766	0.00623	0.11947
59	0.07229	0.02631	0.11933	0.29468	0.13744	0.02361	0.07126	0.03160	0.02258	0.07193	0.02064	0.02678	0.01529	0.01030	0.01035	0.00340	0.01361	0.00925	0.00556	0.01381
60	0.01458	0.01026	0.01345	0.01536	0.01636	0.00995	0.01110	0.01688	0.02034	0.02689	0.05225	0.36162	0.06059	0.16048	0.02251	0.00574	0.00803	0.15612	0.00906	0.00844
61	0.02600	0.01343	0.01661	0.01430	0.01933	0.01161	0.01125	0.02972	0.02770	0.23223	0.18449	0.07224	0.25749	0.02054	0.01180	0.00340	0.00662	0.01726	0.01144	0.01252
62	0.02864	0.03342	0.19147	0.03150	0.04228	0.02481	0.19410	0.07622	0.10881	0.11886	0.02750	0.02941	0.01954	0.01100	0.01111	0.00343	0.01392	0.01059	0.00751	0.01587
63	0.01340	0.00957	0.01286	0.01531	0.01615	0.00903	0.01071	0.01561	0.02075	0.02757	0.05799	0.55938	0.06881	0.03264	0.01363	0.00436	0.00658	0.08712	0.00980	0.00873
64	0.04744	0.01799	0.02454	0.01881	0.02699	0.01554	0.01554	0.05153	0.03026	0.56979	0.04171	0.03599	0.02617	0.01309	0.01063	0.00327	0.00900	0.01063	0.01309	0.01799
65	0.01563	0.01291	0.02134	0.02048	0.02308	0.01222	0.09510	0.01919	0.02178	0.02899	0.05182	0.43055	0.05943	0.02844	0.01354	0.00428	0.00872	0.11369	0.00907	0.00973
66	0.01288	0.00920	0.01227	0.01472	0.01534	0.00859	0.00981	0.01472	0.02024	0.02699	0.05828	0.62152	0.06993	0.03312	0.01350	0.00429	0.00613	0.03006	0.00981	0.00859
67	0.01288	0.00920	0.01227	0.01472	0.01534	0.00859	0.00981	0.01472	0.02024	0.02699	0.05828	0.62152	0.06993	0.03312	0.01350	0.00429	0.00613	0.03006	0.00981	0.00859
68	0.70310	0.02045	0.01554	0.01390	0.02045	0.02372	0.01145	0.03108	0.01799	0.04744	0.01472	0.01718	0.01145	0.00981	0.00654	0.00327	0.00818	0.00573	0.00654	0.01145
69	0.09323	0.02888	0.03044	0.02349	0.03180	0.03206	0.01940	0.48751	0.04717	0.06510	0.02453	0.02473	0.01746	0.01246	0.01025	0.00318	0.01136	0.00922	0.01025	0.01746
70	0.02827	0.63478	0.05540	0.01809	0.02714	0.04184	0.01809	0.03166	0.02148	0.02488	0.01470	0.01696	0.01357	0.00905	0.00678	0.00226	0.01131	0.00565	0.00452	0.01357
71	0.01510	0.01133	0.01699	0.01699	0.01888	0.01322	0.01322	0.01888	0.01699	0.02454	0.02832	0.04154	0.02643	0.07930	0.58652	0.01699	0.02832	0.01133	0.00566	0.00944
72	0.02753	0.02129	0.02284	0.02036	0.02624	0.02409	0.01589	0.05327	0.45897	0.08757	0.04224	0.03916	0.03135	0.01408	0.01048	0.00347	0.00814	0.01168	0.06507	0.01629
73	0.02271	0.04388	0.42219	0.02617	0.03919	0.02134	0.03177	0.03290	0.02384	0.07921	0.08355	0.03003	0.02469	0.01148	0.01021	0.00321	0.01326	0.00925	0.00615	0.06495
74	0.70310	0.02045	0.01554	0.01390	0.02045	0.02372	0.01145	0.03108	0.01799	0.04744	0.01472	0.01718	0.01145	0.00981	0.00654	0.00327	0.00818	0.00573	0.00654	0.01145
75	0.01541	0.01060	0.01259	0.01209	0.01480	0.00974	0.00907	0.01992	0.02721	0.03901	0.36232	0.07572	0.17787	0.02081	0.01147	0.00320	0.00505	0.01793	0.14545	0.00974
76	0.12137	0.09240	0.03116	0.11189	0.03574	0.02374	0.05573	0.07399	0.06667	0.18894	0.02686	0.02781	0.01910	0.01110	0.00954	0.00309	0.01066	0.00900	0.00838	0.07284
77	0.70310	0.02045	0.01554	0.01390	0.02045	0.02372	0.01145	0.03108	0.01799	0.04744	0.01472	0.01718	0.01145	0.00981	0.00654	0.00327	0.00818	0.00573	0.00654	0.01145
78	0.01366	0.01076	0.01233	0.01193	0.01500	0.00942	0.00895	0.01743	0.02685	0.03509	0.31927	0.09101	0.34194	0.02434	0.01248	0.00345	0.00518	0.02081	0.01068	0.00942
79	0.70310	0.02045	0.01554	0.01390	0.02045	0.02372	0.01145	0.03108	0.01799	0.04744	0.01472	0.01718	0.01145	0.00981	0.00654	0.00327	0.00818	0.00573	0.00654	0.01145
80	0.01269	0.01072	0.01098	0.01092	0.01440	0.00901	0.00819	0.01556	0.02457	0.02967	0.14310	0.09993	0.52149	0.02636	0.01249	0.00355	0.00533	0.02206	0.00996	0.00901
81	0.01496	0.01081	0.01413	0.01330	0.01580	0.00998	0.00998	0.01995	0.02993	0.04240	0.55689	0.07898	0.09976	0.02162	0.01247	0.00333	0.00499	0.01912	0.01164	0.00998
82	0.03950	0.05039	0.02996	0.02724	0.03269	0.58597	0.02043	0.04222	0.02996	0.02588	0.01634	0.01907	0.01362	0.01090	0.00953	0.00272	0.01907	0.00681	0.00545	0.01226
83	0.04744	0.01799	0.02454	0.01881	0.02699	0.01554	0.01554	0.05153	0.03026	0.56979	0.04171	0.03599	0.02617	0.01309	0.01063	0.00327	0.00900	0.01063	0.01309	0.01799
84	0.01785	0.01192	0.01532	0.01593	0.01849	0.01146	0.01213	0.02322	0.06251	0.07579	0.15790	0.28676	0.10255	0.02662	0.01301	0.00403	0.00696	0.11659	0.01049	0.01047
85	0.02121	0.05469	0.57364	0.03014	0.04576	0.02455	0.03906	0.03348	0.02232	0.03348	0.01897	0.02232	0.01339	0.01005	0.01005	0.00335	0.01563	0.00781	0.00446	0.01563
86	0.01481	0.01162	0.01349	0.01287	0.01604	0.01073	0.00970	0.02067	0.06422	0.03712	0.34451	0.08506	0.27410	0.02311	0.01236	0.00344	0.00537	0.01986	0.01086	0.01005
87	0.01732	0.01123	0.01456	0.01375	0.01659	0.01021	0.01029	0.02170	0.02841	0.08461	0.42290	0.14017	0.12254	0.02260	0.01243	0.00345	0.00549	0.01990	0.01142	0.01042
88	0.03013	0.02347	0.03461	0.02947	0.07065	0.02509	0.11735	0.18323	0.03106	0.10410	0.02972	0.12323	0.02625	0.01593	0.01500	0.00366	0.10038	0.01350	0.00846	0.01470
89	0.11820	0.01970	0.02230	0.01804	0.02494	0.06030	0.01458	0.04351	0.02876	0.38442	0.11657	0.03915	0.03490	0.01386	0.01036	0.00324	0.00907	0.01108	0.01150	0.01554
90	0.01538	0.01025	0.01153	0.01153	0.01153	0.01025	0.00641	0.01538	0.01538	0.02050	0.03331	0.06919	0.03844	0.62842	0.05382	0.01025	0.01025	0.01538	0.00641	0.00641
91	0.02735	0.02360	0.03342	0.11512	0.07641	0.02323	0.09258	0.16472	0.02998	0.04202	0.02104	0.02507	0.01619	0.00984	0.00985	0.00270	0.01160	0.00875	0.00700	0.25953
92	0.48708	0.09515	0.05774	0.01977	0.06227	0.02663	0.01604	0.06660	0.02135	0.04439	0.01611	0.01869	0.01266	0.00992	0.00735	0.00314	0.00956	0.00638	0.00637	0.01280

[dist]
# distance from previous block
# <min> <max>
1	11

[block]
# block no. 2 follows, 13 sequences, length 19
# corresponding to MSA columns:
# 1940-1958
name=unknown_C
#
# <colnr> <probs for GDERKNQSTAVLIFYWHMCP>
#	G	D	E	R	K	N	Q	S	T	A	V	L	I	F	Y	W	H	M	C	P
0	0.02527	0.22458	0.29537	0.07040	0.03962	0.02935	0.02868	0.03530	0.06355	0.06389	0.02094	0.02333	0.01577	0.01031	0.00918	0.00304	0.01321	0.00778	0.00552	0.01492
1	0.54323	0.01985	0.01773	0.01510	0.02204	0.02172	0.01245	0.03607	0.02099	0.17481	0.02130	0.02176	0.01504	0.01061	0.00754	0.00327	0.00838	0.00692	0.00814	0.01305
2	0.01739	0.01257	0.01548	0.01631	0.01821	0.01258	0.01151	0.09926	0.02510	0.03353	0.05285	0.52318	0.06136	0.02975	0.01301	0.00411	0.00704	0.02667	0.00994	0.01014
3	0.02583	0.02583	0.08137	0.15829	0.18627	0.02457	0.12073	0.03748	0.12072	0.07335	0.02577	0.02991	0.01938	0.01080	0.01090	0.00341	0.01307	0.01042	0.00668	0.01524
4	0.02936	0.06812	0.03607	0.22177	0.13232	0.02379	0.07496	0.03741	0.06861	0.16259	0.02657	0.02989	0.01917	0.01103	0.01049	0.00331	0.01228	0.00995	0.00740	0.01490
5	0.01538	0.01025	0.01153	0.01153	0.01153	0.01025	0.00641	0.01538	0.01538	0.02050	0.03331	0.06919	0.03844	0.62842	0.05382	0.01025	0.01025	0.01538	0.00641	0.00641
6	0.02530	0.02131	0.03558	0.32300	0.26904	0.02335	0.02923	0.03173	0.02327	0.08515	0.02157	0.02815	0.01641	0.01035	0.01053	0.00334	0.01295	0.00953	0.00577	0.01443
7	0.02976	0.08132	0.24292	0.02927	0.08962	0.07213	0.02766	0.09378	0.02770	0.11956	0.02574	0.03218	0.02004	0.01228	0.01032	0.00328	0.01333	0.04651	0.00711	0.01549
8	0.01837	0.00918	0.01377	0.01377	0.01377	0.00918	0.00918	0.01377	0.01377	0.01837	0.01837	0.03214	0.01837	0.03673	0.04132	0.69238	0.00918	0.00918	0.00459	0.00459
9	0.01683	0.01295	0.01571	0.01514	0.01823	0.01292	0.01158	0.02590	0.12126	0.03965	0.35205	0.11309	0.12239	0.02211	0.01240	0.00358	0.00608	0.05607	0.01105	0.01100
10	0.09128	0.17470	0.23997	0.06642	0.03769	0.02654	0.06418	0.03018	0.02177	0.03184	0.02311	0.07483	0.02088	0.01275	0.00971	0.00329	0.01281	0.03910	0.00552	0.01342
11	0.07651	0.03023	0.08035	0.02221	0.02931	0.16004	0.01917	0.10233	0.02986	0.19411	0.03188	0.08076	0.02623	0.01495	0.01061	0.00335	0.01230	0.05230	0.00904	0.01448
12	0.08182	0.02694	0.11751	0.02172	0.03194	0.01982	0.06970	0.07964	0.02478	0.03860	0.01941	0.02261	0.01520	0.00897	0.00884	0.00237	0.01055	0.00744	0.00634	0.38579
13	0.02619	0.41789	0.19025	0.02165	0.03213	0.03565	0.02354	0.03464	0.07488	0.02914	0.01872	0.02068	0.01543	0.00985	0.00806	0.00269	0.01216	0.00687	0.00514	0.01444
14	0.02155	0.10822	0.09924	0.01744	0.02260	0.01697	0.01559	0.02560	0.02279	0.10350	0.10299	0.24594	0.04824	0.08258	0.01560	0.00421	0.00889	0.01787	0.00862	0.01155
15	0.16011	0.02347	0.06023	0.06196	0.03087	0.02277	0.01785	0.09224	0.16469	0.15851	0.03014	0.02958	0.02154	0.01193	0.00960	0.00322	0.00965	0.00929	0.00920	0.07313
16	0.13550	0.06787	0.05182	0.01604	0.02010	0.01576	0.01361	0.02180	0.02193	0.03289	0.08784	0.24576	0.10681	0.02337	0.01150	0.00383	0.00793	0.09677	0.00859	0.01028
17	0.01981	0.01698	0.02660	0.02514	0.07983	0.01605	0.09758	0.06159	0.02657	0.03703	0.18251	0.20401	0.05461	0.01936	0.01193	0.00342	0.00897	0.01800	0.00883	0.08119
18	0.09444	0.02036	0.06592	0.05824	0.03002	0.01669	0.05603	0.03079	0.02379	0.13685	0.07396	0.11028	0.03140	0.01403	0.01011	0.00300	0.00942	0.01214	0.00821	0.19432

[dist]
# distance from previous block
# <min> <max>
18	1372

# created by:
# /st0/software/busco_prod/Augustus/scripts/msa2prfl.pl ./align_prep/7087.fa
