[name]
unknown

[dist]
# distance from previous block
# <min> <max>
4	117

[block]
# block no. 0 follows, 10 sequences, length 15
# corresponding to MSA columns:
# 130-144
name=unknown_A
#
# <colnr> <probs for GDERKNQSTAVLIFYWHMCP>
#	G	D	E	R	K	N	Q	S	T	A	V	L	I	F	Y	W	H	M	C	P
0	0.10761	0.02710	0.03428	0.02691	0.03521	0.02902	0.09985	0.21078	0.12588	0.05439	0.04092	0.04114	0.08464	0.01517	0.01180	0.00372	0.01201	0.01287	0.01002	0.01668
1	0.09889	0.08729	0.17248	0.03084	0.04089	0.02555	0.16081	0.03189	0.02428	0.03626	0.03025	0.14917	0.02915	0.01616	0.01191	0.00386	0.01420	0.01507	0.00678	0.01427
2	0.02439	0.09848	0.11395	0.02099	0.02841	0.02198	0.01994	0.08014	0.02727	0.03819	0.03524	0.10576	0.03459	0.07249	0.01587	0.00427	0.01118	0.08199	0.06870	0.09617
3	0.02353	0.01779	0.02703	0.02217	0.02657	0.01771	0.08712	0.02772	0.02413	0.07658	0.09471	0.10117	0.04218	0.14191	0.02529	0.00532	0.07548	0.01563	0.06914	0.07882
4	0.22051	0.09385	0.02808	0.02463	0.08683	0.02539	0.01749	0.07208	0.02451	0.04178	0.02385	0.03016	0.02015	0.03132	0.15014	0.00733	0.01594	0.00922	0.06317	0.01357
5	0.16165	0.02377	0.02414	0.02119	0.02775	0.02697	0.01674	0.10444	0.28373	0.05227	0.09778	0.04193	0.03826	0.01554	0.01110	0.00378	0.00915	0.01241	0.01098	0.01644
6	0.02878	0.02405	0.03899	0.02803	0.03866	0.02024	0.16505	0.03538	0.02637	0.10002	0.02482	0.02845	0.01884	0.00974	0.01067	0.00268	0.01236	0.00973	0.00752	0.36961
7	0.03109	0.59826	0.06095	0.01990	0.02985	0.04602	0.01990	0.03483	0.02363	0.02736	0.01617	0.01866	0.01493	0.00995	0.00746	0.00249	0.01244	0.00622	0.00498	0.01493
8	0.01771	0.01315	0.01756	0.01741	0.01848	0.01481	0.01269	0.02007	0.01869	0.02598	0.03529	0.06581	0.03746	0.29177	0.23944	0.01299	0.06628	0.05828	0.00695	0.00919
9	0.02216	0.01276	0.01498	0.01448	0.01838	0.01124	0.01081	0.02548	0.02645	0.12653	0.08032	0.20944	0.24899	0.02634	0.01292	0.00391	0.00681	0.02253	0.09372	0.01175
10	0.02893	0.02498	0.02630	0.02367	0.03024	0.02893	0.01841	0.06180	0.49770	0.04865	0.04734	0.04339	0.03550	0.01578	0.01183	0.00394	0.00920	0.01315	0.01183	0.01841
11	0.02412	0.02067	0.02412	0.01723	0.02756	0.01550	0.01378	0.02929	0.02412	0.03790	0.02067	0.02412	0.01723	0.00861	0.00861	0.00172	0.00861	0.00689	0.00689	0.66236
12	0.03272	0.02149	0.03690	0.03264	0.09653	0.01983	0.13457	0.03916	0.03083	0.20297	0.17018	0.04960	0.04771	0.01539	0.01277	0.00368	0.01161	0.01470	0.01067	0.01606
13	0.02733	0.33723	0.28897	0.02633	0.03979	0.03680	0.03109	0.03580	0.02408	0.03196	0.01845	0.02152	0.01483	0.01048	0.00920	0.00307	0.01474	0.00737	0.00494	0.01602
14	0.03253	0.02899	0.06008	0.04320	0.05440	0.02688	0.38213	0.04124	0.02865	0.13779	0.02812	0.03306	0.01994	0.01075	0.01331	0.00386	0.01761	0.01331	0.00763	0.01653

[dist]
# distance from previous block
# <min> <max>
7	60

[block]
# block no. 1 follows, 10 sequences, length 8
# corresponding to MSA columns:
# 205-212
name=unknown_B
#
# <colnr> <probs for GDERKNQSTAVLIFYWHMCP>
#	G	D	E	R	K	N	Q	S	T	A	V	L	I	F	Y	W	H	M	C	P
0	0.10382	0.29241	0.04699	0.02740	0.08116	0.03348	0.07996	0.03206	0.02282	0.03190	0.02131	0.03143	0.02013	0.11100	0.01768	0.00444	0.01294	0.00953	0.00580	0.01375
1	0.08283	0.17222	0.09413	0.12150	0.04542	0.03002	0.13697	0.03228	0.02337	0.03274	0.02203	0.03235	0.01917	0.08870	0.01706	0.00449	0.01478	0.01051	0.00571	0.01372
2	0.23020	0.02654	0.09121	0.02141	0.02890	0.02407	0.01960	0.07556	0.02797	0.13775	0.10401	0.03618	0.03267	0.01503	0.01367	0.00379	0.07633	0.01085	0.00930	0.01496
3	0.03700	0.02460	0.03011	0.02839	0.08142	0.02569	0.02086	0.24389	0.04044	0.13800	0.03922	0.10964	0.03431	0.01877	0.01261	0.00390	0.01140	0.07127	0.01128	0.01720
4	0.02288	0.02160	0.03653	0.49751	0.13877	0.02608	0.03275	0.03052	0.02369	0.03082	0.02083	0.03071	0.01589	0.01146	0.01161	0.00382	0.01528	0.01034	0.00525	0.01366
5	0.04421	0.03258	0.03490	0.02676	0.03607	0.03607	0.02211	0.47993	0.05468	0.07330	0.02792	0.02792	0.01978	0.01396	0.01163	0.00349	0.01280	0.01047	0.01163	0.01978
6	0.02412	0.02067	0.02412	0.01723	0.02756	0.01550	0.01378	0.02929	0.02412	0.03790	0.02067	0.02412	0.01723	0.00861	0.00861	0.00172	0.00861	0.00689	0.00689	0.66236
7	0.03552	0.01568	0.02062	0.01779	0.02350	0.01412	0.01423	0.04014	0.03006	0.28787	0.11049	0.10776	0.04781	0.01917	0.01203	0.00371	0.00828	0.05105	0.12488	0.01527

[dist]
# distance from previous block
# <min> <max>
0	1

[block]
# block no. 2 follows, 10 sequences, length 17
# corresponding to MSA columns:
# 214-230
name=unknown_C
#
# <colnr> <probs for GDERKNQSTAVLIFYWHMCP>
#	G	D	E	R	K	N	Q	S	T	A	V	L	I	F	Y	W	H	M	C	P
0	0.02256	0.01752	0.02075	0.01825	0.02380	0.01588	0.01368	0.09492	0.02811	0.03962	0.04262	0.29265	0.04622	0.02279	0.01208	0.00344	0.00839	0.01999	0.00952	0.24721
1	0.03932	0.02984	0.03223	0.02490	0.03407	0.03200	0.02037	0.36180	0.09879	0.06493	0.02891	0.02903	0.02111	0.01331	0.01117	0.00326	0.01173	0.01020	0.01090	0.12215
2	0.02290	0.01927	0.02275	0.01681	0.02594	0.01478	0.01333	0.02811	0.02552	0.03929	0.09915	0.03413	0.03199	0.01103	0.00943	0.00203	0.00811	0.00915	0.00783	0.55843
3	0.02914	0.02267	0.02809	0.21570	0.04684	0.07847	0.02368	0.03720	0.06589	0.11699	0.03834	0.06052	0.03379	0.01824	0.01278	0.00415	0.01329	0.13133	0.00893	0.01398
4	0.02905	0.02205	0.03357	0.28370	0.05410	0.02729	0.02708	0.03447	0.02347	0.12713	0.02389	0.03090	0.01805	0.01500	0.02024	0.00421	0.19408	0.01055	0.00696	0.01421
5	0.02392	0.02486	0.02990	0.02557	0.02950	0.10063	0.07685	0.02809	0.02589	0.03268	0.10160	0.06205	0.15941	0.02128	0.02027	0.00418	0.16871	0.04443	0.00805	0.01213
6	0.02802	0.02649	0.04341	0.06248	0.43791	0.02564	0.03209	0.03464	0.02609	0.03798	0.02168	0.02802	0.01823	0.01007	0.01104	0.00317	0.01296	0.00979	0.00594	0.12436
7	0.02311	0.02138	0.03347	0.47453	0.07190	0.02635	0.03001	0.03499	0.10131	0.03283	0.02506	0.03305	0.01879	0.01231	0.01166	0.00389	0.01447	0.01080	0.00626	0.01382
8	0.02815	0.02171	0.02825	0.02654	0.10861	0.01768	0.01777	0.03353	0.02557	0.09485	0.02381	0.02669	0.01877	0.00957	0.00945	0.00223	0.00962	0.00802	0.00758	0.48159
9	0.02196	0.02067	0.03488	0.56331	0.08010	0.02584	0.03230	0.02972	0.02326	0.02972	0.02067	0.03101	0.01550	0.01163	0.01163	0.00388	0.01550	0.01034	0.00517	0.01292
10	0.02425	0.02308	0.02578	0.02202	0.02588	0.07409	0.01708	0.02721	0.02166	0.03046	0.02612	0.09724	0.02710	0.10389	0.02674	0.00473	0.19196	0.01258	0.00669	0.21145
11	0.27086	0.01825	0.02073	0.10642	0.03149	0.01981	0.01604	0.03226	0.02433	0.11921	0.08122	0.14238	0.03814	0.01787	0.01081	0.00387	0.00941	0.01459	0.00929	0.01301
12	0.02983	0.01801	0.02522	0.02784	0.12063	0.01626	0.01759	0.03440	0.02663	0.16854	0.04067	0.17235	0.03708	0.01810	0.01153	0.00344	0.00914	0.01592	0.08525	0.12159
13	0.12624	0.10430	0.02434	0.01654	0.02195	0.02131	0.01356	0.07587	0.03109	0.04579	0.25894	0.06214	0.11707	0.01920	0.01151	0.00348	0.00795	0.01569	0.01037	0.01267
14	0.01942	0.07271	0.02047	0.01627	0.02005	0.01641	0.01244	0.07034	0.02876	0.03727	0.13671	0.25913	0.19200	0.02744	0.01327	0.00398	0.00756	0.02368	0.01060	0.01147
15	0.19737	0.09462	0.10773	0.01992	0.03035	0.02382	0.01918	0.03518	0.02393	0.08959	0.02155	0.02375	0.01652	0.01031	0.00881	0.00280	0.01066	0.00741	0.00719	0.24930
16	0.14799	0.08751	0.10929	0.02286	0.03192	0.02799	0.02132	0.12205	0.10791	0.11130	0.03205	0.07446	0.02566	0.01472	0.01063	0.00363	0.01131	0.01145	0.00943	0.01652

[dist]
# distance from previous block
# <min> <max>
8	119

[block]
# block no. 3 follows, 10 sequences, length 25
# corresponding to MSA columns:
# 353-377
name=unknown_D
#
# <colnr> <probs for GDERKNQSTAVLIFYWHMCP>
#	G	D	E	R	K	N	Q	S	T	A	V	L	I	F	Y	W	H	M	C	P
0	0.03007	0.02179	0.03151	0.32036	0.05740	0.02485	0.02581	0.12073	0.03083	0.11301	0.03034	0.08833	0.02463	0.01504	0.01197	0.00385	0.01323	0.01290	0.00840	0.01494
1	0.02784	0.06561	0.09833	0.02435	0.03269	0.02215	0.06575	0.03916	0.11839	0.11080	0.03913	0.15209	0.03505	0.01747	0.01183	0.00363	0.01106	0.01540	0.00933	0.09995
2	0.02424	0.02340	0.03585	0.02871	0.03395	0.02611	0.11799	0.03362	0.09536	0.03688	0.09710	0.04360	0.06617	0.01728	0.02091	0.00405	0.19382	0.01353	0.00790	0.07954
3	0.03710	0.03093	0.04195	0.03206	0.04004	0.03462	0.11579	0.30061	0.04187	0.05703	0.02454	0.02814	0.01846	0.01437	0.01727	0.00389	0.12352	0.01108	0.00917	0.01756
4	0.02412	0.02067	0.02412	0.01723	0.02756	0.01550	0.01378	0.02929	0.02412	0.03790	0.02067	0.02412	0.01723	0.00861	0.00861	0.00172	0.00861	0.00689	0.00689	0.66236
5	0.03328	0.02038	0.02506	0.01836	0.02826	0.01602	0.01486	0.03823	0.02711	0.19757	0.02891	0.02917	0.02100	0.01050	0.00962	0.00234	0.00903	0.00846	0.00934	0.45249
6	0.02563	0.01757	0.01929	0.01790	0.02253	0.01857	0.01446	0.11880	0.09275	0.04695	0.05023	0.06535	0.08580	0.01936	0.01150	0.00369	0.00849	0.10043	0.24727	0.01345
7	0.02949	0.01743	0.02175	0.01845	0.02415	0.01616	0.01409	0.07720	0.02763	0.15967	0.03956	0.14745	0.03674	0.10105	0.07899	0.00615	0.01193	0.01555	0.00998	0.14658
8	0.02124	0.01984	0.03196	0.39095	0.12466	0.02293	0.02814	0.02794	0.02431	0.03113	0.03989	0.04660	0.11370	0.01496	0.01203	0.00383	0.01340	0.01313	0.00635	0.01303
9	0.04060	0.04946	0.03165	0.02873	0.03483	0.44339	0.02167	0.04946	0.12415	0.03243	0.02374	0.02537	0.01901	0.01273	0.01075	0.00318	0.01866	0.00860	0.00714	0.01445
10	0.02951	0.01948	0.02482	0.01983	0.02629	0.01874	0.01606	0.03377	0.02636	0.15971	0.08691	0.04470	0.08604	0.01630	0.01630	0.00331	0.11846	0.01220	0.00948	0.23172
11	0.01685	0.01152	0.01391	0.01391	0.01434	0.01194	0.00858	0.01770	0.01728	0.02346	0.03552	0.06988	0.03958	0.48806	0.15870	0.01279	0.01535	0.01600	0.00688	0.00773
12	0.02242	0.01263	0.01685	0.01654	0.01956	0.01148	0.01209	0.02613	0.02812	0.13309	0.21578	0.30493	0.07884	0.02773	0.01384	0.00413	0.00693	0.02471	0.01220	0.01201
13	0.02449	0.08379	0.09008	0.08622	0.13043	0.02417	0.02397	0.03475	0.08805	0.03908	0.12467	0.04060	0.03809	0.01372	0.01112	0.00327	0.01115	0.01176	0.00793	0.11267
14	0.25021	0.16735	0.03320	0.12904	0.03714	0.02900	0.01871	0.03247	0.02232	0.03850	0.01798	0.02234	0.01469	0.01032	0.00845	0.00301	0.01112	0.00722	0.00616	0.14075
15	0.11357	0.13245	0.08110	0.05999	0.03175	0.02383	0.01888	0.03492	0.02579	0.13586	0.04348	0.04336	0.11564	0.01490	0.01033	0.00329	0.01052	0.01157	0.00854	0.08023
16	0.03398	0.22941	0.21774	0.02553	0.03779	0.03247	0.02777	0.09082	0.02941	0.13397	0.02501	0.02591	0.01813	0.01167	0.01004	0.00324	0.01366	0.00862	0.00756	0.01724
17	0.03312	0.20536	0.10829	0.03565	0.10373	0.03157	0.13950	0.04007	0.02697	0.13033	0.02514	0.02798	0.01877	0.01097	0.01082	0.00333	0.01448	0.01000	0.00715	0.01679
18	0.03127	0.21988	0.09592	0.02127	0.03202	0.02929	0.02036	0.08043	0.02804	0.08793	0.02250	0.02431	0.01761	0.01047	0.00913	0.00257	0.01143	0.00772	0.00727	0.24058
19	0.04035	0.03170	0.03799	0.03280	0.08689	0.09833	0.08122	0.20356	0.03893	0.14243	0.02825	0.02945	0.02023	0.01246	0.01152	0.00336	0.01404	0.01044	0.00968	0.06636
20	0.02998	0.09038	0.16412	0.02924	0.03813	0.02764	0.08524	0.03693	0.02450	0.12913	0.02568	0.03040	0.01964	0.02207	0.07791	0.00558	0.13037	0.01040	0.00709	0.01558
21	0.02832	0.02027	0.02518	0.02198	0.02602	0.02271	0.01736	0.11885	0.06675	0.09973	0.13543	0.15518	0.05112	0.02205	0.01820	0.00415	0.12419	0.01752	0.01069	0.01432
22	0.02990	0.13459	0.03057	0.01925	0.02581	0.02701	0.01564	0.16099	0.06723	0.04450	0.02943	0.03876	0.02567	0.13091	0.01980	0.00464	0.01075	0.01084	0.09291	0.08080
23	0.03057	0.02098	0.03366	0.02915	0.08165	0.01862	0.11050	0.03523	0.02664	0.15852	0.04037	0.04272	0.08547	0.01686	0.01562	0.07871	0.01153	0.01253	0.00877	0.14191
24	0.15800	0.09726	0.03244	0.02692	0.08312	0.02779	0.01998	0.03571	0.02400	0.13627	0.03297	0.03531	0.06831	0.01568	0.01714	0.00385	0.15171	0.01069	0.00805	0.01479

[dist]
# distance from previous block
# <min> <max>
5	19

[block]
# block no. 4 follows, 10 sequences, length 48
# corresponding to MSA columns:
# 397-444
name=unknown_E
#
# <colnr> <probs for GDERKNQSTAVLIFYWHMCP>
#	G	D	E	R	K	N	Q	S	T	A	V	L	I	F	Y	W	H	M	C	P
0	0.02829	0.03006	0.03507	0.02925	0.03464	0.14696	0.12190	0.03777	0.11218	0.03351	0.03252	0.10496	0.03062	0.09116	0.02105	0.00487	0.06942	0.01461	0.00769	0.01348
1	0.02098	0.01302	0.01815	0.01864	0.02151	0.01292	0.01477	0.02522	0.02545	0.09295	0.11152	0.19480	0.06113	0.04289	0.14011	0.00794	0.01389	0.14224	0.01039	0.01149
2	0.03761	0.02850	0.03071	0.02495	0.03273	0.03164	0.02008	0.33752	0.14980	0.06317	0.03609	0.09053	0.02936	0.01676	0.01202	0.00372	0.01135	0.01347	0.01159	0.01837
3	0.02473	0.02215	0.03489	0.49664	0.07463	0.02711	0.03103	0.08565	0.02716	0.03513	0.02157	0.03062	0.01604	0.01192	0.01163	0.00383	0.01517	0.01035	0.00597	0.01377
4	0.01615	0.01136	0.01473	0.01540	0.01620	0.01183	0.01028	0.01792	0.01878	0.02567	0.04169	0.19128	0.04671	0.29979	0.19808	0.01195	0.01629	0.01950	0.00772	0.00866
5	0.02081	0.01900	0.02973	0.30288	0.05290	0.02391	0.02539	0.02617	0.02144	0.02903	0.02762	0.11802	0.02670	0.02645	0.08219	0.00605	0.12942	0.01411	0.00616	0.01203
6	0.02670	0.02043	0.03258	0.02599	0.03120	0.02102	0.12007	0.07572	0.02719	0.07918	0.08270	0.04727	0.08965	0.02295	0.02379	0.15953	0.07939	0.01396	0.00822	0.01243
7	0.02897	0.40030	0.17024	0.02943	0.09543	0.03925	0.02731	0.03541	0.02420	0.03092	0.01799	0.02131	0.01531	0.01026	0.00881	0.00289	0.01373	0.00729	0.00506	0.01589
8	0.01677	0.01185	0.01561	0.01561	0.01662	0.01287	0.01070	0.01879	0.01778	0.02472	0.03397	0.06129	0.03585	0.34563	0.29603	0.01489	0.02096	0.01474	0.00665	0.00867
9	0.02921	0.02309	0.03341	0.10428	0.14374	0.02613	0.02466	0.08662	0.02934	0.09246	0.11358	0.04000	0.03534	0.01622	0.01827	0.00395	0.14352	0.01243	0.00845	0.01530
10	0.02487	0.19764	0.15876	0.02852	0.03878	0.02916	0.13097	0.03270	0.02703	0.03659	0.14079	0.03975	0.03879	0.01356	0.01130	0.00339	0.01351	0.01217	0.00710	0.01465
11	0.01855	0.02884	0.19973	0.02259	0.02989	0.01658	0.02337	0.02588	0.02604	0.03668	0.14810	0.21448	0.06069	0.02398	0.01339	0.00420	0.01072	0.07446	0.00913	0.01272
12	0.28472	0.02344	0.02802	0.03142	0.14696	0.02471	0.02008	0.04346	0.08660	0.16050	0.02865	0.02939	0.02083	0.01219	0.00992	0.00361	0.01042	0.00946	0.00915	0.01648
13	0.01991	0.03458	0.26218	0.02281	0.03224	0.01822	0.02556	0.02821	0.02431	0.03587	0.04543	0.15380	0.09497	0.01909	0.01164	0.00375	0.01142	0.01608	0.12645	0.01348
14	0.01399	0.01081	0.01279	0.01437	0.01639	0.00960	0.00998	0.01640	0.02403	0.03041	0.08636	0.38818	0.25805	0.03354	0.01439	0.00439	0.00639	0.02953	0.01080	0.00960
15	0.49315	0.02171	0.01997	0.01686	0.02458	0.02348	0.01390	0.04071	0.02371	0.18989	0.02481	0.02490	0.01729	0.01184	0.00850	0.00360	0.00926	0.00786	0.00929	0.01468
16	0.02795	0.02704	0.04415	0.13650	0.09920	0.03161	0.13018	0.08739	0.02651	0.03711	0.02042	0.02848	0.01675	0.01449	0.02159	0.00423	0.21424	0.01107	0.00617	0.01492
17	0.67341	0.02249	0.01709	0.01529	0.02249	0.02609	0.01260	0.03419	0.01979	0.05218	0.01619	0.01889	0.01260	0.01080	0.00720	0.00360	0.00900	0.00630	0.00720	0.01260
18	0.22458	0.03935	0.02779	0.02455	0.03137	0.26849	0.01907	0.09861	0.08813	0.04336	0.02225	0.02395	0.01737	0.01235	0.00984	0.00335	0.01506	0.00820	0.00775	0.01460
19	0.01691	0.01128	0.01268	0.01268	0.01268	0.01128	0.00705	0.01691	0.01691	0.02255	0.03665	0.07611	0.04228	0.59126	0.05920	0.01128	0.01128	0.01691	0.00705	0.00705
20	0.18742	0.03028	0.03085	0.02415	0.03298	0.03380	0.01994	0.37848	0.04674	0.06849	0.02525	0.02587	0.01814	0.01324	0.01062	0.00352	0.01193	0.00952	0.01062	0.01814
21	0.02644	0.02486	0.04184	0.12563	0.40349	0.02539	0.03228	0.03329	0.02686	0.03801	0.08117	0.03610	0.02912	0.01214	0.01180	0.00353	0.01302	0.01165	0.00654	0.01684
22	0.01646	0.01189	0.01555	0.01463	0.01738	0.01097	0.01097	0.02195	0.03292	0.04664	0.51257	0.08688	0.10974	0.02378	0.01372	0.00366	0.00549	0.02103	0.01280	0.01097
23	0.02124	0.01672	0.02216	0.02036	0.02235	0.01996	0.01564	0.07010	0.02196	0.03110	0.02914	0.04701	0.02856	0.18202	0.28447	0.01288	0.12365	0.01284	0.00678	0.01105
24	0.02456	0.02332	0.03957	0.37613	0.24700	0.02652	0.03359	0.03199	0.02448	0.03287	0.02113	0.03016	0.01661	0.01115	0.01158	0.00372	0.01486	0.01035	0.00539	0.01501
25	0.03304	0.01672	0.02170	0.01804	0.02382	0.01545	0.01433	0.07266	0.03482	0.24162	0.28623	0.06315	0.07001	0.01922	0.01274	0.00362	0.00784	0.01644	0.01335	0.01522
26	0.01877	0.01550	0.02060	0.14028	0.03296	0.01638	0.01637	0.02770	0.08729	0.04024	0.27014	0.07334	0.15330	0.02106	0.01301	0.00379	0.00831	0.01826	0.01057	0.01213
27	0.14691	0.02583	0.03213	0.02725	0.02977	0.03393	0.02265	0.08773	0.02296	0.03831	0.01708	0.02456	0.01536	0.01777	0.02904	0.00461	0.39468	0.00950	0.00633	0.01361
28	0.02285	0.02157	0.03648	0.49952	0.13698	0.02607	0.03274	0.03049	0.02367	0.03079	0.02083	0.03072	0.01588	0.01146	0.01161	0.00382	0.01529	0.01034	0.00524	0.01363
29	0.01640	0.01296	0.01999	0.01937	0.02124	0.01228	0.06635	0.01891	0.02167	0.02898	0.05293	0.40109	0.06185	0.15967	0.02482	0.00612	0.00934	0.02704	0.00935	0.00966
30	0.03107	0.32122	0.04345	0.02055	0.02874	0.03648	0.01840	0.09557	0.13972	0.04004	0.02764	0.02865	0.02220	0.01226	0.00910	0.00298	0.01087	0.00895	0.08626	0.01586
31	0.67341	0.02249	0.01709	0.01529	0.02249	0.02609	0.01260	0.03419	0.01979	0.05218	0.01619	0.01889	0.01260	0.01080	0.00720	0.00360	0.00900	0.00630	0.00720	0.01260
32	0.02057	0.01611	0.02366	0.08162	0.13762	0.01624	0.01900	0.02595	0.02633	0.03761	0.12130	0.12954	0.08598	0.02074	0.01243	0.00383	0.00922	0.07182	0.12790	0.01252
33	0.03214	0.10144	0.14965	0.07368	0.04106	0.02437	0.06856	0.03953	0.02722	0.17069	0.03177	0.04053	0.02476	0.01382	0.01143	0.00357	0.01328	0.05564	0.00844	0.06842
34	0.01664	0.01237	0.01821	0.01821	0.02012	0.01427	0.01393	0.02046	0.01855	0.02664	0.03160	0.04814	0.03014	0.12785	0.50600	0.01809	0.02955	0.01282	0.00630	0.01012
35	0.05218	0.01979	0.02699	0.02069	0.02969	0.01709	0.01709	0.05668	0.03329	0.52677	0.04588	0.03959	0.02879	0.01439	0.01170	0.00360	0.00990	0.01170	0.01439	0.01979
36	0.01550	0.01152	0.01457	0.01542	0.01776	0.01058	0.01150	0.01940	0.02755	0.03682	0.23649	0.25065	0.17550	0.02990	0.01437	0.00426	0.00663	0.07983	0.01151	0.01024
37	0.02879	0.02763	0.04721	0.07139	0.51871	0.02763	0.03569	0.03569	0.02648	0.03800	0.02188	0.02879	0.01842	0.01036	0.01151	0.00345	0.01382	0.01036	0.00576	0.01842
38	0.02444	0.02254	0.03435	0.37607	0.12144	0.02679	0.02943	0.03803	0.13587	0.03520	0.02713	0.03367	0.02059	0.01246	0.01166	0.00384	0.01381	0.01100	0.00682	0.01488
39	0.03809	0.03503	0.03110	0.02632	0.03378	0.15358	0.02076	0.21499	0.22162	0.05312	0.03311	0.03229	0.02475	0.01420	0.01144	0.00355	0.01334	0.01081	0.01038	0.01776
40	0.02544	0.07719	0.09137	0.24854	0.09085	0.02732	0.07199	0.07355	0.02627	0.03488	0.02343	0.03465	0.01968	0.08653	0.01757	0.00463	0.01488	0.01099	0.00610	0.01413
41	0.03011	0.03121	0.08464	0.16308	0.19836	0.06912	0.02990	0.12526	0.03235	0.04312	0.05957	0.03248	0.02432	0.01260	0.01160	0.00356	0.01426	0.01079	0.00730	0.01637
42	0.02891	0.02682	0.08304	0.03282	0.12876	0.02053	0.06563	0.03559	0.02613	0.10114	0.02447	0.02777	0.01875	0.01006	0.01031	0.00271	0.01169	0.00901	0.00735	0.32854
43	0.02271	0.01287	0.01632	0.01593	0.01947	0.01141	0.01174	0.02594	0.02707	0.14135	0.13096	0.28830	0.17400	0.02831	0.01375	0.00415	0.00707	0.02480	0.01185	0.01200
44	0.02465	0.02141	0.03066	0.08201	0.08104	0.02433	0.06092	0.03819	0.15888	0.03819	0.03455	0.04483	0.02901	0.02352	0.07180	0.00556	0.08110	0.04623	0.08858	0.01453
45	0.10230	0.02911	0.02790	0.02352	0.03116	0.07845	0.01865	0.15906	0.24470	0.05222	0.03372	0.03286	0.02536	0.01373	0.01085	0.00348	0.01115	0.01059	0.01025	0.08093
46	0.02739	0.23293	0.18200	0.02296	0.03271	0.02835	0.02410	0.03365	0.02475	0.09116	0.03247	0.15655	0.03121	0.01707	0.01076	0.00350	0.01216	0.01392	0.00747	0.01488
47	0.03230	0.02215	0.03606	0.12596	0.04380	0.02223	0.12741	0.08479	0.03142	0.16164	0.09379	0.04133	0.03335	0.01389	0.01207	0.00363	0.01252	0.01292	0.07321	0.01553

[dist]
# distance from previous block
# <min> <max>
0	1

[block]
# block no. 5 follows, 10 sequences, length 17
# corresponding to MSA columns:
# 446-462
name=unknown_F
#
# <colnr> <probs for GDERKNQSTAVLIFYWHMCP>
#	G	D	E	R	K	N	Q	S	T	A	V	L	I	F	Y	W	H	M	C	P
0	0.03478	0.18144	0.24732	0.02573	0.03841	0.02850	0.02867	0.04287	0.02720	0.19594	0.02794	0.02803	0.01941	0.01188	0.01037	0.00336	0.01360	0.00902	0.00805	0.01748
1	0.02524	0.01908	0.03014	0.30258	0.10252	0.02139	0.02572	0.03119	0.02448	0.09066	0.03151	0.05133	0.02789	0.08859	0.01830	0.00495	0.01345	0.07038	0.00735	0.01326
2	0.04147	0.03836	0.03849	0.03521	0.09658	0.23803	0.08517	0.09505	0.03394	0.14520	0.02646	0.02822	0.01934	0.01224	0.01145	0.00337	0.01657	0.00995	0.00843	0.01648
3	0.02804	0.08885	0.14314	0.08732	0.04583	0.02531	0.13895	0.03614	0.02669	0.10206	0.03269	0.04993	0.02803	0.01541	0.01251	0.00397	0.01482	0.09747	0.00766	0.01518
4	0.02960	0.01322	0.01847	0.01654	0.01930	0.01240	0.01186	0.02812	0.02094	0.17594	0.03018	0.04185	0.02565	0.10269	0.03685	0.37674	0.01019	0.01146	0.00817	0.00983
5	0.01635	0.01336	0.02069	0.02033	0.02304	0.01246	0.06814	0.01990	0.02406	0.03153	0.06569	0.39437	0.12412	0.03172	0.01474	0.00461	0.00874	0.08554	0.01019	0.01042
6	0.02950	0.11076	0.05001	0.19899	0.05745	0.13467	0.18579	0.03646	0.02675	0.03181	0.02052	0.02741	0.01608	0.01082	0.01157	0.00352	0.01764	0.01040	0.00556	0.01429
7	0.02333	0.06016	0.53100	0.03315	0.05034	0.02701	0.04297	0.03683	0.02455	0.03683	0.02087	0.02455	0.01473	0.01105	0.01105	0.00368	0.01719	0.00859	0.00491	0.01719
8	0.02581	0.01416	0.01904	0.01751	0.02180	0.01298	0.01407	0.03103	0.03177	0.16375	0.30531	0.08406	0.08094	0.02313	0.01369	0.00399	0.00764	0.10343	0.01278	0.01312
9	0.02569	0.02710	0.05095	0.03916	0.04568	0.02966	0.26203	0.03239	0.02397	0.03369	0.02524	0.04140	0.02279	0.01623	0.02262	0.00451	0.21243	0.06425	0.00619	0.01404
10	0.03541	0.01608	0.02162	0.01785	0.02391	0.01422	0.01422	0.04037	0.03312	0.30135	0.26499	0.06179	0.06679	0.01880	0.01264	0.00363	0.00783	0.01608	0.01365	0.01565
11	0.01634	0.01243	0.01695	0.01882	0.01986	0.01304	0.01404	0.01913	0.02277	0.03061	0.05843	0.42777	0.06830	0.03382	0.01756	0.00490	0.06672	0.11827	0.01018	0.01006
12	0.05218	0.01979	0.02699	0.02069	0.02969	0.01709	0.01709	0.05668	0.03329	0.52677	0.04588	0.03959	0.02879	0.01439	0.01170	0.00360	0.00990	0.01170	0.01439	0.01979
13	0.03972	0.02308	0.02970	0.02390	0.02993	0.02524	0.01969	0.13206	0.03353	0.25147	0.08309	0.03842	0.03186	0.01687	0.01891	0.00398	0.15835	0.01202	0.01120	0.01699
14	0.01547	0.01112	0.01466	0.01531	0.01716	0.01031	0.01090	0.01945	0.02829	0.03928	0.31775	0.30270	0.09548	0.02928	0.01421	0.00412	0.00603	0.02626	0.01193	0.01031
15	0.17325	0.02929	0.10143	0.02667	0.03622	0.02511	0.11195	0.08125	0.07147	0.04645	0.07897	0.03370	0.02830	0.01260	0.01084	0.00346	0.01223	0.01091	0.00809	0.09782
16	0.12162	0.02530	0.03102	0.02405	0.03255	0.02594	0.05966	0.13787	0.08463	0.09954	0.02721	0.02881	0.02034	0.01247	0.01235	0.00326	0.05071	0.00968	0.00912	0.18388

[dist]
# distance from previous block
# <min> <max>
1	3

[block]
# block no. 6 follows, 10 sequences, length 12
# corresponding to MSA columns:
# 466-477
name=unknown_G
#
# <colnr> <probs for GDERKNQSTAVLIFYWHMCP>
#	G	D	E	R	K	N	Q	S	T	A	V	L	I	F	Y	W	H	M	C	P
0	0.02814	0.02055	0.02453	0.01772	0.02787	0.01573	0.01426	0.03321	0.02543	0.10791	0.02428	0.02633	0.01888	0.00944	0.00905	0.00199	0.00880	0.00758	0.00797	0.57033
1	0.03719	0.05077	0.10832	0.03250	0.04015	0.36846	0.07389	0.04238	0.02976	0.03055	0.01873	0.02301	0.01526	0.01240	0.01348	0.00339	0.07129	0.00856	0.00574	0.01418
2	0.01415	0.01180	0.01234	0.01221	0.01596	0.00999	0.00916	0.01748	0.02747	0.03369	0.17671	0.10819	0.45369	0.02861	0.01374	0.00389	0.00583	0.02402	0.01110	0.00999
3	0.01646	0.01189	0.01555	0.01463	0.01738	0.01097	0.01097	0.02195	0.03292	0.04664	0.51257	0.08688	0.10974	0.02378	0.01372	0.00366	0.00549	0.02103	0.01280	0.01097
4	0.19235	0.02407	0.03766	0.25322	0.05641	0.02702	0.13262	0.03535	0.06290	0.03891	0.02242	0.02899	0.01693	0.01132	0.01100	0.00382	0.01428	0.01034	0.00642	0.01396
5	0.01598	0.01186	0.01735	0.01805	0.01976	0.01322	0.01357	0.01959	0.01962	0.02769	0.03967	0.18483	0.04145	0.07409	0.40801	0.01508	0.02484	0.01779	0.00741	0.01014
6	0.01913	0.01644	0.02710	0.02375	0.02680	0.01861	0.08117	0.02355	0.01969	0.02817	0.02887	0.04425	0.02717	0.11478	0.37112	0.01446	0.08491	0.01280	0.00613	0.01109
7	0.03378	0.27341	0.04180	0.02113	0.02949	0.03596	0.01873	0.18160	0.07718	0.04671	0.02610	0.02763	0.02061	0.01233	0.00932	0.00298	0.01121	0.00893	0.10487	0.01622
8	0.04277	0.02334	0.02725	0.02159	0.02953	0.02378	0.01760	0.19873	0.08145	0.25488	0.03864	0.03647	0.02644	0.01424	0.01116	0.00346	0.01017	0.01128	0.10890	0.01833
9	0.02020	0.01010	0.01515	0.01515	0.01515	0.01010	0.01010	0.01515	0.01515	0.02020	0.02020	0.03535	0.02020	0.04040	0.04545	0.66162	0.01010	0.01010	0.00505	0.00505
10	0.02904	0.01690	0.02071	0.01844	0.02215	0.01725	0.01375	0.09660	0.06308	0.12045	0.03596	0.05490	0.03280	0.17174	0.03280	0.16987	0.01076	0.05172	0.00922	0.01188
11	0.02333	0.06016	0.53100	0.03315	0.05034	0.02701	0.04297	0.03683	0.02455	0.03683	0.02087	0.02455	0.01473	0.01105	0.01105	0.00368	0.01719	0.00859	0.00491	0.01719

[dist]
# distance from previous block
# <min> <max>
1	7

[block]
# block no. 7 follows, 10 sequences, length 18
# corresponding to MSA columns:
# 485-502
name=unknown_H
#
# <colnr> <probs for GDERKNQSTAVLIFYWHMCP>
#	G	D	E	R	K	N	Q	S	T	A	V	L	I	F	Y	W	H	M	C	P
0	0.02688	0.26550	0.28868	0.03005	0.04373	0.03471	0.08998	0.03611	0.02457	0.03321	0.01939	0.02314	0.01518	0.01046	0.01000	0.00325	0.01566	0.00833	0.00506	0.01612
1	0.02359	0.02367	0.03979	0.03213	0.03577	0.02790	0.14718	0.02840	0.02267	0.03276	0.07663	0.10568	0.03391	0.01987	0.02578	0.00457	0.28463	0.01527	0.00686	0.01294
2	0.02691	0.01551	0.02347	0.02096	0.02522	0.01429	0.06221	0.03049	0.02560	0.16799	0.05096	0.26641	0.05187	0.09873	0.01969	0.00523	0.00994	0.06094	0.01078	0.01279
3	0.01761	0.01360	0.01929	0.01875	0.02019	0.01612	0.01420	0.02077	0.01824	0.02622	0.03056	0.04961	0.03024	0.18059	0.39452	0.01577	0.08436	0.01311	0.00627	0.00997
4	0.01383	0.01145	0.01212	0.01266	0.01594	0.00974	0.00923	0.01659	0.02566	0.03107	0.10711	0.20595	0.42688	0.03085	0.01396	0.00409	0.00606	0.02624	0.01080	0.00974
5	0.02603	0.02654	0.04965	0.05132	0.22744	0.02684	0.19754	0.03292	0.02535	0.03554	0.02722	0.10103	0.02534	0.01462	0.01572	0.00397	0.07640	0.01454	0.00638	0.01560
6	0.01806	0.01382	0.02108	0.02202	0.02481	0.01347	0.05216	0.02277	0.02548	0.03347	0.05936	0.25826	0.06606	0.03167	0.01552	0.00505	0.01022	0.28564	0.01036	0.01072
7	0.02333	0.06016	0.53100	0.03315	0.05034	0.02701	0.04297	0.03683	0.02455	0.03683	0.02087	0.02455	0.01473	0.01105	0.01105	0.00368	0.01719	0.00859	0.00491	0.01719
8	0.01793	0.01442	0.02167	0.02926	0.13190	0.01396	0.01721	0.02137	0.02365	0.03206	0.05425	0.41508	0.06266	0.03009	0.01420	0.00449	0.00873	0.06583	0.00964	0.01161
9	0.02168	0.01084	0.01084	0.01084	0.01355	0.01084	0.00813	0.02710	0.02439	0.04336	0.03794	0.04336	0.02981	0.01355	0.00813	0.00271	0.00542	0.01084	0.65583	0.01084
10	0.21058	0.21156	0.14633	0.02484	0.03565	0.03383	0.06550	0.08123	0.02631	0.04199	0.01907	0.02211	0.01499	0.01082	0.00916	0.00329	0.01319	0.00788	0.00636	0.01532
11	0.07657	0.09373	0.27502	0.08012	0.04156	0.02499	0.02984	0.03230	0.02584	0.03871	0.13206	0.03837	0.03630	0.01388	0.01105	0.00358	0.01321	0.01119	0.00693	0.01474
12	0.17753	0.03270	0.03094	0.02465	0.03318	0.08417	0.02013	0.34262	0.04514	0.06439	0.02445	0.02532	0.01778	0.01310	0.01058	0.00346	0.01280	0.00929	0.01014	0.01763
13	0.02251	0.01233	0.01624	0.01698	0.01962	0.01142	0.01249	0.02571	0.02501	0.12375	0.05759	0.37669	0.06179	0.02939	0.01365	0.00436	0.00759	0.06869	0.08256	0.01165
14	0.29834	0.02143	0.02463	0.17432	0.04046	0.02432	0.01938	0.07130	0.02652	0.09924	0.07225	0.03233	0.02570	0.01302	0.01000	0.00368	0.01093	0.00990	0.00835	0.01392
15	0.09533	0.12890	0.03596	0.03015	0.11955	0.02982	0.02099	0.12946	0.09262	0.09720	0.03684	0.03707	0.06975	0.01407	0.01067	0.00343	0.01110	0.01114	0.00915	0.01680
16	0.02304	0.02117	0.02612	0.08717	0.09352	0.07446	0.02074	0.02781	0.02634	0.03442	0.13010	0.07035	0.05041	0.07899	0.02050	0.00493	0.06698	0.12237	0.00845	0.01212
17	0.09197	0.01700	0.02431	0.02051	0.02530	0.01642	0.07218	0.03067	0.02583	0.13014	0.12757	0.06561	0.04899	0.17725	0.02555	0.00598	0.01070	0.06189	0.00982	0.01232

[dist]
# distance from previous block
# <min> <max>
2	5

[block]
# block no. 8 follows, 10 sequences, length 25
# corresponding to MSA columns:
# 523-547
name=unknown_I
#
# <colnr> <probs for GDERKNQSTAVLIFYWHMCP>
#	G	D	E	R	K	N	Q	S	T	A	V	L	I	F	Y	W	H	M	C	P
0	0.24528	0.02268	0.03057	0.12067	0.19702	0.02439	0.02367	0.03470	0.02404	0.08718	0.02540	0.07074	0.02162	0.01315	0.01036	0.00368	0.01153	0.01092	0.00737	0.01502
1	0.07581	0.09170	0.19597	0.07378	0.03655	0.02318	0.02483	0.03226	0.02526	0.07691	0.11289	0.04291	0.03636	0.08436	0.01684	0.00448	0.01244	0.01185	0.00759	0.01404
2	0.02714	0.02577	0.04242	0.16594	0.05254	0.02616	0.16859	0.07868	0.08567	0.04031	0.02553	0.03089	0.01940	0.01113	0.01169	0.00341	0.01434	0.01106	0.00719	0.15213
3	0.02296	0.01454	0.02069	0.02388	0.08053	0.01403	0.01577	0.02586	0.02438	0.09197	0.08237	0.16063	0.05234	0.12292	0.02496	0.07433	0.00994	0.11702	0.00952	0.01136
4	0.03318	0.10064	0.04190	0.14304	0.20348	0.09760	0.02832	0.13752	0.03281	0.04199	0.02184	0.02677	0.01731	0.01158	0.01094	0.00337	0.01465	0.00951	0.00693	0.01663
5	0.02646	0.12850	0.41790	0.03112	0.04619	0.08448	0.03784	0.03760	0.02533	0.03473	0.01996	0.02342	0.01478	0.01101	0.01053	0.00346	0.01698	0.00817	0.00503	0.01650
6	0.17338	0.02081	0.02723	0.02110	0.02963	0.01936	0.05333	0.04496	0.02902	0.30097	0.07000	0.03652	0.02933	0.01336	0.01076	0.00343	0.01005	0.01094	0.01129	0.08453
7	0.02931	0.18452	0.29390	0.03038	0.04408	0.03080	0.08956	0.03882	0.02577	0.09460	0.02312	0.02581	0.01688	0.01103	0.01058	0.00341	0.01543	0.00904	0.00621	0.01676
8	0.01499	0.01075	0.01423	0.01563	0.01705	0.00999	0.01086	0.01826	0.02608	0.03576	0.22479	0.40567	0.08868	0.03190	0.01444	0.00434	0.00630	0.02875	0.01152	0.00999
9	0.02047	0.01194	0.01626	0.01714	0.01927	0.01114	0.01252	0.02283	0.02459	0.09467	0.10371	0.34832	0.06694	0.03219	0.01773	0.07440	0.00786	0.07656	0.01084	0.01062
10	0.02312	0.17204	0.17317	0.15847	0.04471	0.02763	0.02691	0.02995	0.02292	0.03034	0.02659	0.09834	0.02545	0.07472	0.01581	0.00436	0.01370	0.01230	0.00593	0.01355
11	0.01744	0.01167	0.01403	0.01446	0.01717	0.01098	0.01114	0.02209	0.02759	0.03955	0.20694	0.13936	0.14782	0.02485	0.01282	0.00385	0.00652	0.08819	0.17299	0.01054
12	0.01541	0.01103	0.01485	0.01711	0.01846	0.01046	0.01249	0.01856	0.02452	0.03284	0.11830	0.42759	0.07882	0.03398	0.01496	0.00473	0.00743	0.11753	0.01102	0.00990
13	0.02256	0.02422	0.07721	0.34722	0.16234	0.02431	0.03129	0.02993	0.02393	0.03207	0.02627	0.09773	0.02358	0.01435	0.01195	0.00387	0.01422	0.01298	0.00596	0.01402
14	0.02881	0.24256	0.06577	0.03817	0.04926	0.03560	0.30638	0.03635	0.02603	0.03357	0.02079	0.02664	0.01663	0.00986	0.01139	0.00339	0.01694	0.01093	0.00554	0.01540
15	0.01692	0.01254	0.01619	0.01709	0.02005	0.01182	0.01402	0.02181	0.02881	0.03811	0.22653	0.11209	0.17562	0.02873	0.01478	0.00448	0.00792	0.21046	0.01144	0.01061
16	0.05019	0.02300	0.02897	0.02221	0.03129	0.02185	0.01835	0.16270	0.03865	0.41317	0.04138	0.03666	0.02653	0.01429	0.01168	0.00357	0.01062	0.01139	0.01370	0.01979
17	0.04116	0.03544	0.07966	0.02662	0.03588	0.09403	0.02304	0.27962	0.10323	0.11679	0.03073	0.03016	0.02183	0.01373	0.01147	0.00352	0.01340	0.01042	0.01067	0.01859
18	0.05218	0.01979	0.02699	0.02069	0.02969	0.01709	0.01709	0.05668	0.03329	0.52677	0.04588	0.03959	0.02879	0.01439	0.01170	0.00360	0.00990	0.01170	0.01439	0.01979
19	0.01417	0.01012	0.01350	0.01619	0.01687	0.00945	0.01080	0.01619	0.02227	0.02969	0.06410	0.58367	0.07692	0.03644	0.01484	0.00472	0.00675	0.03306	0.01080	0.00945
20	0.04143	0.02966	0.03829	0.03783	0.15041	0.08148	0.06687	0.15232	0.03632	0.20093	0.03073	0.03142	0.02161	0.01264	0.01170	0.00350	0.01363	0.01083	0.00998	0.01841
21	0.02135	0.01926	0.02799	0.15074	0.03716	0.02460	0.02161	0.02536	0.02093	0.02986	0.08192	0.04322	0.03200	0.09995	0.09375	0.00709	0.23256	0.01268	0.00644	0.01154
22	0.02976	0.01587	0.01930	0.01716	0.02267	0.01449	0.01328	0.03630	0.07838	0.21748	0.07384	0.16271	0.20358	0.02365	0.01298	0.00395	0.00789	0.02008	0.01225	0.01438
23	0.02545	0.02545	0.03562	0.03053	0.03053	0.03562	0.02545	0.02799	0.01781	0.02799	0.01527	0.02545	0.01527	0.02036	0.03817	0.00509	0.56997	0.01018	0.00509	0.01272
24	0.03548	0.21052	0.18225	0.02831	0.07734	0.02974	0.02689	0.04251	0.02725	0.19180	0.02756	0.02794	0.01963	0.01173	0.01019	0.00327	0.01309	0.00901	0.00806	0.01743

[dist]
# distance from previous block
# <min> <max>
0	2

[block]
# block no. 9 follows, 10 sequences, length 16
# corresponding to MSA columns:
# 550-565
name=unknown_J
#
# <colnr> <probs for GDERKNQSTAVLIFYWHMCP>
#	G	D	E	R	K	N	Q	S	T	A	V	L	I	F	Y	W	H	M	C	P
0	0.02049	0.02367	0.09779	0.18891	0.09634	0.02138	0.02586	0.02640	0.02289	0.03143	0.03566	0.22491	0.03743	0.02107	0.01533	0.00422	0.06805	0.01812	0.00718	0.01286
1	0.58273	0.02224	0.01957	0.09158	0.03051	0.02606	0.01534	0.03357	0.02028	0.04905	0.01682	0.02058	0.01300	0.01091	0.00781	0.00364	0.00990	0.00686	0.00691	0.01264
2	0.01575	0.01175	0.01489	0.01618	0.01860	0.01090	0.01245	0.01960	0.02671	0.03500	0.17023	0.24613	0.18706	0.03096	0.01466	0.00447	0.00732	0.13593	0.01119	0.01019
3	0.03908	0.01689	0.02279	0.01847	0.02517	0.01485	0.01485	0.04394	0.03315	0.35062	0.21710	0.05694	0.05849	0.01784	0.01244	0.00362	0.00828	0.01512	0.01381	0.01656
4	0.02545	0.02545	0.03562	0.03053	0.03053	0.03562	0.02545	0.02799	0.01781	0.02799	0.01527	0.02545	0.01527	0.02036	0.03817	0.00509	0.56997	0.01018	0.00509	0.01272
5	0.01617	0.01155	0.01579	0.01848	0.02003	0.01117	0.01427	0.01965	0.02424	0.03193	0.06300	0.38595	0.07256	0.03455	0.01538	0.00500	0.00848	0.21107	0.01076	0.01000
6	0.03109	0.59826	0.06095	0.01990	0.02985	0.04602	0.01990	0.03483	0.02363	0.02736	0.01617	0.01866	0.01493	0.00995	0.00746	0.00249	0.01244	0.00622	0.00498	0.01493
7	0.01548	0.01185	0.01418	0.01360	0.01677	0.01056	0.01020	0.02004	0.03060	0.04112	0.36952	0.09596	0.25624	0.02583	0.01373	0.00376	0.00563	0.02231	0.01208	0.01056
8	0.02879	0.02763	0.04721	0.07139	0.51871	0.02763	0.03569	0.03569	0.02648	0.03800	0.02188	0.02879	0.01842	0.01036	0.01151	0.00345	0.01382	0.01036	0.00576	0.01842
9	0.02412	0.02067	0.02412	0.01723	0.02756	0.01550	0.01378	0.02929	0.02412	0.03790	0.02067	0.02412	0.01723	0.00861	0.00861	0.00172	0.00861	0.00689	0.00689	0.66236
10	0.03109	0.59826	0.06095	0.01990	0.02985	0.04602	0.01990	0.03483	0.02363	0.02736	0.01617	0.01866	0.01493	0.00995	0.00746	0.00249	0.01244	0.00622	0.00498	0.01493
11	0.04345	0.05543	0.03296	0.02996	0.03596	0.54457	0.02247	0.04644	0.03296	0.02846	0.01798	0.02097	0.01498	0.01199	0.01049	0.00300	0.02097	0.00749	0.00599	0.01348
12	0.01375	0.01178	0.01178	0.01178	0.01571	0.00982	0.00884	0.01669	0.02651	0.03142	0.11782	0.11193	0.51399	0.02946	0.01375	0.00393	0.00589	0.02455	0.01080	0.00982
13	0.01675	0.01194	0.01603	0.01603	0.01719	0.01309	0.01122	0.01906	0.01790	0.02503	0.03358	0.05916	0.03492	0.31037	0.33003	0.01541	0.02235	0.01443	0.00659	0.00891
14	0.02106	0.02250	0.09097	0.06880	0.03052	0.01849	0.01886	0.07607	0.07701	0.03925	0.09939	0.20321	0.14028	0.02359	0.01305	0.00404	0.00962	0.02035	0.00985	0.01310
15	0.10824	0.02326	0.03042	0.02412	0.03150	0.02440	0.06346	0.10606	0.07971	0.21799	0.03428	0.03425	0.02411	0.01413	0.01368	0.00371	0.06592	0.01106	0.07279	0.01690

[dist]
# distance from previous block
# <min> <max>
0	30

[block]
# block no. 10 follows, 10 sequences, length 18
# corresponding to MSA columns:
# 596-613
name=unknown_K
#
# <colnr> <probs for GDERKNQSTAVLIFYWHMCP>
#	G	D	E	R	K	N	Q	S	T	A	V	L	I	F	Y	W	H	M	C	P
0	0.15074	0.03094	0.03446	0.03430	0.13157	0.13495	0.07011	0.03848	0.02689	0.08238	0.02209	0.02561	0.01723	0.01074	0.01017	0.00309	0.01369	0.00878	0.00709	0.14669
1	0.15662	0.07921	0.08038	0.02910	0.08479	0.07371	0.07526	0.03278	0.02559	0.03906	0.07968	0.07988	0.03163	0.01423	0.01069	0.00341	0.01238	0.01204	0.00729	0.07226
2	0.16005	0.01754	0.01964	0.07888	0.02781	0.01906	0.01488	0.03215	0.11294	0.04461	0.22230	0.06069	0.10839	0.01876	0.01174	0.00375	0.00811	0.01559	0.01033	0.01277
3	0.01670	0.01212	0.01695	0.01695	0.01842	0.01359	0.01236	0.01965	0.01818	0.02571	0.03275	0.05452	0.03291	0.23354	0.40410	0.01654	0.02538	0.01375	0.00647	0.00942
4	0.02879	0.02763	0.04721	0.07139	0.51871	0.02763	0.03569	0.03569	0.02648	0.03800	0.02188	0.02879	0.01842	0.01036	0.01151	0.00345	0.01382	0.01036	0.00576	0.01842
5	0.01417	0.01012	0.01350	0.01619	0.01687	0.00945	0.01080	0.01619	0.02227	0.02969	0.06410	0.58367	0.07692	0.03644	0.01484	0.00472	0.00675	0.03306	0.01080	0.00945
6	0.67341	0.02249	0.01709	0.01529	0.02249	0.02609	0.01260	0.03419	0.01979	0.05218	0.01619	0.01889	0.01260	0.01080	0.00720	0.00360	0.00900	0.00630	0.00720	0.01260
7	0.03109	0.59826	0.06095	0.01990	0.02985	0.04602	0.01990	0.03483	0.02363	0.02736	0.01617	0.01866	0.01493	0.00995	0.00746	0.00249	0.01244	0.00622	0.00498	0.01493
8	0.01798	0.01090	0.01348	0.01348	0.01348	0.01090	0.00803	0.01634	0.01634	0.02179	0.03134	0.06295	0.03515	0.41337	0.05476	0.22129	0.01090	0.01471	0.00640	0.00640
9	0.67341	0.02249	0.01709	0.01529	0.02249	0.02609	0.01260	0.03419	0.01979	0.05218	0.01619	0.01889	0.01260	0.01080	0.00720	0.00360	0.00900	0.00630	0.00720	0.01260
10	0.01863	0.01627	0.02720	0.19712	0.04299	0.01739	0.07176	0.02371	0.02360	0.03104	0.04520	0.29960	0.04937	0.02497	0.01379	0.00442	0.01142	0.06170	0.00841	0.01140
11	0.04787	0.01884	0.02561	0.01996	0.02820	0.01636	0.01636	0.05249	0.03324	0.46885	0.10218	0.04529	0.03856	0.01553	0.01194	0.00361	0.00936	0.01282	0.01420	0.01873
12	0.03141	0.02160	0.02438	0.02172	0.02819	0.02325	0.01725	0.05305	0.31384	0.14531	0.05502	0.05701	0.08247	0.01826	0.01237	0.00400	0.00917	0.05234	0.01217	0.01719
13	0.07971	0.01911	0.02884	0.08575	0.03501	0.01983	0.10001	0.07532	0.02728	0.03973	0.04056	0.20870	0.04123	0.02118	0.01265	0.00409	0.01118	0.05852	0.07866	0.01265
14	0.02230	0.01995	0.03046	0.08943	0.12261	0.01961	0.06333	0.03047	0.07547	0.03544	0.03834	0.21258	0.03892	0.01930	0.01235	0.00371	0.01080	0.01783	0.00822	0.12888
15	0.15439	0.14402	0.03342	0.02173	0.02876	0.09315	0.01830	0.12642	0.03070	0.08689	0.02364	0.02600	0.01834	0.01292	0.01194	0.00332	0.06418	0.00860	0.07820	0.01508
16	0.52764	0.01982	0.01601	0.01492	0.02088	0.02254	0.01191	0.03136	0.02057	0.04866	0.02402	0.08614	0.02181	0.01403	0.00817	0.00363	0.00835	0.00985	0.07763	0.01205
17	0.02984	0.09896	0.10030	0.15178	0.05228	0.03037	0.15008	0.07531	0.02779	0.08265	0.02343	0.02893	0.01754	0.01215	0.01413	0.00375	0.06764	0.01070	0.00674	0.01561

[dist]
# distance from previous block
# <min> <max>
1	9

[block]
# block no. 11 follows, 10 sequences, length 7
# corresponding to MSA columns:
# 623-629
name=unknown_L
#
# <colnr> <probs for GDERKNQSTAVLIFYWHMCP>
#	G	D	E	R	K	N	Q	S	T	A	V	L	I	F	Y	W	H	M	C	P
0	0.25144	0.02473	0.02694	0.07258	0.03411	0.02677	0.01862	0.17779	0.03451	0.18257	0.02814	0.02834	0.01940	0.01281	0.01019	0.00359	0.01103	0.00941	0.01029	0.01676
1	0.02037	0.02497	0.12614	0.02063	0.02719	0.01836	0.01928	0.03344	0.14049	0.04161	0.20727	0.12632	0.10436	0.02124	0.01285	0.00389	0.00903	0.01831	0.01048	0.01377
2	0.03081	0.22260	0.09946	0.02207	0.03142	0.03279	0.02112	0.17785	0.03458	0.04450	0.04203	0.04208	0.12166	0.01552	0.01060	0.00327	0.01176	0.01177	0.00839	0.01572
3	0.02496	0.17354	0.43195	0.03036	0.04602	0.03102	0.03811	0.03641	0.02436	0.03484	0.01988	0.02331	0.01477	0.01082	0.01029	0.00343	0.01619	0.00809	0.00492	0.01671
4	0.67341	0.02249	0.01709	0.01529	0.02249	0.02609	0.01260	0.03419	0.01979	0.05218	0.01619	0.01889	0.01260	0.01080	0.00720	0.00360	0.00900	0.00630	0.00720	0.01260
5	0.03109	0.59826	0.06095	0.01990	0.02985	0.04602	0.01990	0.03483	0.02363	0.02736	0.01617	0.01866	0.01493	0.00995	0.00746	0.00249	0.01244	0.00622	0.00498	0.01493
6	0.03850	0.02406	0.03524	0.02676	0.03522	0.02361	0.11379	0.16032	0.03690	0.20936	0.07871	0.03946	0.03160	0.01409	0.01194	0.00356	0.01187	0.01257	0.07522	0.01722

[dist]
# distance from previous block
# <min> <max>
0	30

[block]
# block no. 12 follows, 10 sequences, length 11
# corresponding to MSA columns:
# 660-670
