[name]
unknown

[dist]
# distance from previous block
# <min> <max>
0	116

[block]
# block no. 0 follows, 14 sequences, length 180
# corresponding to MSA columns:
# 126-191,193-306
name=unknown_A
#
# <colnr> <probs for GDERKNQSTAVLIFYWHMCP>
#	G	D	E	R	K	N	Q	S	T	A	V	L	I	F	Y	W	H	M	C	P
0	0.01869	0.01506	0.01725	0.01900	0.02164	0.06529	0.01625	0.02323	0.02399	0.03067	0.04951	0.10202	0.05282	0.02570	0.01329	0.00439	0.00999	0.42951	0.05201	0.00968
1	0.02295	0.20592	0.03204	0.02041	0.07433	0.02310	0.01553	0.02916	0.06301	0.03238	0.09026	0.02867	0.02647	0.01030	0.00833	0.00223	0.00871	0.00822	0.00649	0.29147
2	0.02527	0.02457	0.04227	0.05673	0.46149	0.02468	0.09192	0.03377	0.07225	0.03431	0.02154	0.02686	0.01755	0.00952	0.01042	0.00314	0.01244	0.00973	0.00558	0.01596
3	0.02047	0.02090	0.08047	0.01845	0.02404	0.01906	0.01587	0.03796	0.29174	0.03987	0.20306	0.05350	0.09831	0.01669	0.01102	0.00338	0.00764	0.01417	0.00995	0.01347
4	0.01391	0.01047	0.01286	0.01226	0.01495	0.00942	0.00920	0.01817	0.02759	0.03770	0.45006	0.08234	0.21884	0.02227	0.01211	0.00329	0.00493	0.01936	0.01084	0.00942
5	0.01435	0.01048	0.01347	0.01272	0.01522	0.00961	0.00954	0.01902	0.02863	0.04016	0.53545	0.07829	0.13191	0.02135	0.01211	0.00325	0.00487	0.01879	0.01117	0.00961
6	0.01280	0.01042	0.01133	0.01110	0.01427	0.00895	0.00833	0.01603	0.02498	0.03149	0.23455	0.09257	0.43823	0.02459	0.01212	0.00340	0.00510	0.02079	0.01002	0.00895
7	0.02744	0.64552	0.05378	0.01756	0.02634	0.04061	0.01756	0.03073	0.02085	0.02414	0.01427	0.01646	0.01317	0.00878	0.00658	0.00219	0.01097	0.00549	0.00439	0.01317
8	0.25006	0.01580	0.01666	0.01407	0.01980	0.01592	0.01139	0.03568	0.02317	0.24445	0.02998	0.03013	0.02112	0.01146	0.00809	0.00293	0.00727	0.00857	0.22043	0.01302
9	0.02082	0.01971	0.03339	0.48237	0.19171	0.02318	0.02922	0.02748	0.02120	0.02797	0.01849	0.02689	0.01430	0.00999	0.01024	0.00333	0.01332	0.00913	0.00468	0.01256
10	0.50356	0.01945	0.01775	0.01517	0.02185	0.02135	0.01243	0.03667	0.06121	0.17162	0.02252	0.02259	0.01600	0.01060	0.00759	0.00320	0.00814	0.00713	0.00815	0.01299
11	0.02245	0.02245	0.03143	0.02694	0.02694	0.03143	0.02245	0.02470	0.01572	0.02470	0.01347	0.02245	0.01347	0.01796	0.03368	0.00449	0.62057	0.00898	0.00449	0.01123
12	0.01519	0.01085	0.01499	0.01736	0.01913	0.01065	0.01420	0.01894	0.02230	0.02921	0.05508	0.28813	0.06200	0.02962	0.01382	0.00454	0.00828	0.34716	0.00948	0.00908
13	0.01286	0.00908	0.01180	0.01383	0.01434	0.00857	0.00904	0.01438	0.01895	0.02526	0.05297	0.54874	0.06334	0.12225	0.01891	0.00503	0.00655	0.02706	0.00904	0.00802
14	0.71184	0.01985	0.01508	0.01350	0.01985	0.02302	0.01111	0.03017	0.01746	0.04604	0.01429	0.01667	0.01111	0.00953	0.00635	0.00318	0.00794	0.00556	0.00635	0.01111
15	0.01938	0.01824	0.03078	0.61468	0.07068	0.02280	0.02850	0.02622	0.02052	0.02622	0.01824	0.02736	0.01368	0.01026	0.01026	0.00342	0.01368	0.00912	0.00456	0.01140
16	0.01250	0.00893	0.01191	0.01429	0.01488	0.00834	0.00953	0.01429	0.01965	0.02620	0.05656	0.63265	0.06787	0.03215	0.01310	0.00417	0.00595	0.02917	0.00953	0.00834
17	0.04604	0.01746	0.02382	0.01826	0.02620	0.01508	0.01508	0.05001	0.02937	0.58244	0.04049	0.03493	0.02540	0.01270	0.01032	0.00318	0.00873	0.01032	0.01270	0.01746
18	0.03901	0.02874	0.03080	0.02361	0.03182	0.03182	0.01951	0.54111	0.04825	0.06468	0.02464	0.02464	0.01745	0.01232	0.01027	0.00308	0.01129	0.00924	0.01027	0.01745
19	0.01441	0.01150	0.01303	0.01246	0.01568	0.01065	0.00940	0.02041	0.07466	0.03503	0.30355	0.08349	0.31283	0.02268	0.01196	0.00336	0.00531	0.01937	0.01039	0.00981
20	0.01410	0.01029	0.01324	0.01289	0.01517	0.00944	0.00952	0.01839	0.02747	0.03831	0.47188	0.14619	0.12932	0.02272	0.01223	0.00336	0.00500	0.02009	0.01095	0.00944
21	0.04553	0.01829	0.02433	0.01865	0.02661	0.01631	0.01541	0.08615	0.03076	0.54434	0.03932	0.03417	0.02482	0.01267	0.01032	0.00317	0.00892	0.01024	0.01252	0.01746
22	0.02540	0.02438	0.04165	0.06299	0.57533	0.02438	0.03149	0.03149	0.02337	0.03353	0.01930	0.02540	0.01626	0.00914	0.01016	0.00305	0.01219	0.00914	0.00508	0.01626
23	0.02422	0.02768	0.06055	0.04325	0.05363	0.02595	0.53806	0.03287	0.02422	0.03287	0.02076	0.02768	0.01557	0.00865	0.01211	0.00346	0.01730	0.01211	0.00519	0.01384
24	0.01469	0.00985	0.01236	0.01364	0.01541	0.00887	0.00950	0.01681	0.02118	0.06423	0.06659	0.46694	0.18304	0.02939	0.01268	0.00394	0.00596	0.02613	0.00974	0.00903
25	0.01250	0.00893	0.01191	0.01429	0.01488	0.00834	0.00953	0.01429	0.01965	0.02620	0.05656	0.63265	0.06787	0.03215	0.01310	0.00417	0.00595	0.02917	0.00953	0.00834
26	0.03356	0.02909	0.04194	0.03119	0.04004	0.06699	0.22199	0.28206	0.03654	0.07752	0.02338	0.02597	0.01686	0.01079	0.01092	0.00320	0.01399	0.01024	0.00808	0.01566
27	0.71184	0.01985	0.01508	0.01350	0.01985	0.02302	0.01111	0.03017	0.01746	0.04604	0.01429	0.01667	0.01111	0.00953	0.00635	0.00318	0.00794	0.00556	0.00635	0.01111
28	0.02391	0.02676	0.05544	0.04039	0.04895	0.02691	0.44751	0.03144	0.02273	0.03144	0.01948	0.02676	0.01520	0.01029	0.01590	0.00364	0.12325	0.01156	0.00507	0.01338
29	0.02241	0.02287	0.03625	0.09365	0.03618	0.02957	0.10962	0.02623	0.01767	0.02623	0.01521	0.02386	0.01385	0.01556	0.02751	0.00420	0.45330	0.00952	0.00462	0.01168
30	0.01321	0.01044	0.01190	0.01154	0.01453	0.00913	0.00865	0.01683	0.02596	0.03381	0.31523	0.08874	0.35610	0.02372	0.01212	0.00336	0.00504	0.02025	0.01033	0.00913
31	0.01452	0.01049	0.01372	0.01291	0.01533	0.00968	0.00968	0.01937	0.02905	0.04115	0.56992	0.07666	0.09683	0.02098	0.01210	0.00323	0.00484	0.01856	0.01130	0.00968
32	0.02104	0.01175	0.01526	0.01389	0.01732	0.01081	0.01083	0.02571	0.02783	0.14013	0.37219	0.06687	0.07250	0.01884	0.01131	0.00322	0.00586	0.04850	0.09503	0.01109
33	0.01578	0.01187	0.01480	0.01413	0.01681	0.01167	0.01055	0.02354	0.09901	0.03976	0.44300	0.13201	0.08487	0.02125	0.01199	0.00336	0.00540	0.01878	0.01099	0.01042
34	0.02087	0.01904	0.03078	0.56980	0.06773	0.02349	0.02782	0.06532	0.02263	0.02914	0.01873	0.02715	0.01397	0.01042	0.01026	0.00339	0.01350	0.00913	0.00499	0.01186
35	0.03135	0.01472	0.01756	0.01489	0.02011	0.01424	0.01183	0.03939	0.10423	0.26685	0.03764	0.03687	0.02667	0.01256	0.00898	0.00288	0.00693	0.01018	0.30826	0.01386
36	0.02058	0.05308	0.58618	0.02925	0.04442	0.02383	0.03792	0.03250	0.02167	0.03250	0.01842	0.02167	0.01300	0.00975	0.00975	0.00325	0.01517	0.00758	0.00433	0.01517
37	0.29291	0.10718	0.26006	0.02155	0.03179	0.06904	0.02375	0.03203	0.02049	0.03628	0.01614	0.01888	0.01230	0.00961	0.00802	0.00305	0.01212	0.00648	0.00520	0.01311
38	0.01213	0.01040	0.01040	0.01040	0.01386	0.00866	0.00780	0.01473	0.02339	0.02772	0.10396	0.09876	0.57117	0.02599	0.01213	0.00347	0.00520	0.02166	0.00953	0.00866
39	0.02615	0.02533	0.02026	0.01862	0.02294	0.19030	0.01415	0.03783	0.19111	0.03622	0.11182	0.03817	0.03461	0.01352	0.00955	0.00293	0.00993	0.01067	0.17353	0.01235
40	0.01349	0.01052	0.01245	0.01341	0.01604	0.00949	0.01046	0.01665	0.02321	0.02915	0.11482	0.19100	0.32306	0.02729	0.01282	0.00389	0.00639	0.14736	0.00963	0.00888
41	0.03901	0.02874	0.03080	0.02361	0.03182	0.03182	0.01951	0.54111	0.04825	0.06468	0.02464	0.02464	0.01745	0.01232	0.01027	0.00308	0.01129	0.00924	0.01027	0.01745
42	0.71184	0.01985	0.01508	0.01350	0.01985	0.02302	0.01111	0.03017	0.01746	0.04604	0.01429	0.01667	0.01111	0.00953	0.00635	0.00318	0.00794	0.00556	0.00635	0.01111
43	0.71184	0.01985	0.01508	0.01350	0.01985	0.02302	0.01111	0.03017	0.01746	0.04604	0.01429	0.01667	0.01111	0.00953	0.00635	0.00318	0.00794	0.00556	0.00635	0.01111
44	0.01498	0.01083	0.01466	0.01685	0.01876	0.01052	0.01374	0.01865	0.02240	0.02912	0.05883	0.27070	0.10120	0.02932	0.01369	0.00446	0.00807	0.32469	0.00948	0.00905
45	0.01452	0.01049	0.01372	0.01291	0.01533	0.00968	0.00968	0.01937	0.02905	0.04115	0.56992	0.07666	0.09683	0.02098	0.01210	0.00323	0.00484	0.01856	0.01130	0.00968
46	0.01938	0.01824	0.03078	0.61468	0.07068	0.02280	0.02850	0.02622	0.02052	0.02622	0.01824	0.02736	0.01368	0.01026	0.01026	0.00342	0.01368	0.00912	0.00456	0.01140
47	0.02636	0.02387	0.04786	0.17652	0.05358	0.02355	0.33685	0.03387	0.02411	0.11429	0.02314	0.02870	0.01660	0.00965	0.01140	0.00341	0.01514	0.01112	0.00617	0.01380
48	0.02395	0.02324	0.04060	0.18592	0.42296	0.02414	0.06829	0.03041	0.02279	0.03183	0.01917	0.02601	0.01562	0.00936	0.01033	0.00316	0.01290	0.00936	0.00497	0.01498
49	0.02745	0.01739	0.02944	0.02461	0.03063	0.01624	0.14256	0.03290	0.02553	0.20052	0.04194	0.06960	0.03819	0.01877	0.01249	0.00394	0.01113	0.23426	0.00941	0.01297
50	0.02800	0.02288	0.03817	0.09888	0.45495	0.02288	0.02883	0.03384	0.02404	0.11441	0.02236	0.02696	0.01741	0.00976	0.01019	0.00310	0.01179	0.00932	0.00617	0.01606
51	0.01611	0.01250	0.01842	0.01776	0.01915	0.01523	0.01390	0.01882	0.01609	0.02340	0.02452	0.03683	0.02313	0.06443	0.46376	0.07735	0.11379	0.01051	0.00525	0.00904
52	0.02441	0.38406	0.28874	0.02272	0.03432	0.03320	0.02654	0.03151	0.02121	0.02783	0.01610	0.01876	0.01309	0.00921	0.00798	0.00266	0.01282	0.00641	0.00436	0.01405
53	0.01825	0.01641	0.02692	0.46923	0.05746	0.02017	0.02421	0.02405	0.01943	0.02535	0.02084	0.03249	0.01745	0.06803	0.11254	0.00611	0.01573	0.00987	0.00484	0.01064
54	0.01486	0.01020	0.01246	0.01246	0.01290	0.01064	0.00780	0.01574	0.01530	0.02084	0.03117	0.06072	0.03451	0.50447	0.18329	0.01152	0.01416	0.01398	0.00605	0.00692
55	0.01754	0.01497	0.02354	0.03333	0.23396	0.01461	0.01811	0.02101	0.02110	0.02906	0.04200	0.39528	0.04770	0.02316	0.01195	0.00373	0.00839	0.02134	0.00779	0.01143
56	0.02319	0.02441	0.02884	0.42769	0.05688	0.15066	0.02483	0.02890	0.02322	0.02734	0.06816	0.02988	0.02118	0.01131	0.01020	0.00323	0.01395	0.00942	0.00534	0.01135
57	0.02345	0.02205	0.03716	0.05563	0.49067	0.02196	0.02818	0.02890	0.02281	0.03242	0.02493	0.11713	0.02405	0.01262	0.01060	0.00322	0.01125	0.01217	0.00575	0.01506
58	0.01938	0.01824	0.03078	0.61468	0.07068	0.02280	0.02850	0.02622	0.02052	0.02622	0.01824	0.02736	0.01368	0.01026	0.01026	0.00342	0.01368	0.00912	0.00456	0.01140
59	0.02343	0.01701	0.02091	0.02035	0.02450	0.01795	0.01745	0.18076	0.03118	0.04113	0.04522	0.08780	0.04629	0.02343	0.01298	0.00422	0.01002	0.35376	0.00970	0.01190
60	0.03109	0.03528	0.02452	0.02203	0.02670	0.36580	0.01669	0.08008	0.03082	0.03365	0.18666	0.03691	0.03926	0.01393	0.01022	0.00286	0.01365	0.01052	0.00759	0.01173
61	0.02893	0.02374	0.02512	0.02157	0.02798	0.02712	0.01707	0.17741	0.42837	0.04842	0.03744	0.03484	0.02782	0.01352	0.01040	0.00338	0.00892	0.01101	0.01040	0.01655
62	0.03638	0.04520	0.03098	0.03196	0.11384	0.51148	0.02159	0.03955	0.02822	0.02639	0.01638	0.01955	0.01368	0.01036	0.00939	0.00270	0.01755	0.00699	0.00526	0.01256
63	0.02128	0.01824	0.02128	0.01520	0.02432	0.01368	0.01216	0.02584	0.02128	0.03344	0.01824	0.02128	0.01520	0.00760	0.00760	0.00152	0.00760	0.00608	0.00608	0.70208
64	0.02564	0.02261	0.03235	0.21644	0.20971	0.02529	0.02519	0.11226	0.15137	0.03819	0.02505	0.02891	0.01918	0.01109	0.01027	0.00327	0.01156	0.00973	0.00696	0.01494
65	0.02181	0.02108	0.03353	0.28888	0.17346	0.02607	0.02717	0.02694	0.01957	0.02741	0.01689	0.02525	0.01421	0.01259	0.01810	0.00369	0.21715	0.00908	0.00466	0.01247
66	0.71184	0.01985	0.01508	0.01350	0.01985	0.02302	0.01111	0.03017	0.01746	0.04604	0.01429	0.01667	0.01111	0.00953	0.00635	0.00318	0.00794	0.00556	0.00635	0.01111
67	0.02888	0.01800	0.02206	0.01614	0.02490	0.01411	0.01306	0.03326	0.02376	0.20189	0.02507	0.02547	0.01833	0.00917	0.00843	0.00203	0.00795	0.00738	0.00811	0.49203
68	0.01455	0.01040	0.01318	0.01294	0.01435	0.01047	0.00897	0.01709	0.02021	0.02789	0.20097	0.06577	0.08894	0.27319	0.16826	0.00902	0.01227	0.01555	0.00783	0.00815
69	0.02336	0.02304	0.03457	0.03800	0.19520	0.02927	0.02523	0.02678	0.01806	0.02741	0.01526	0.02336	0.01433	0.01526	0.02646	0.00405	0.43390	0.00903	0.00467	0.01277
70	0.01484	0.01026	0.01278	0.01278	0.01333	0.01081	0.00820	0.01594	0.01539	0.02107	0.03088	0.05912	0.03382	0.47095	0.21586	0.01191	0.01520	0.01375	0.00600	0.00710
71	0.02488	0.01904	0.02791	0.38218	0.05341	0.02229	0.02353	0.03660	0.15047	0.11425	0.02724	0.03112	0.01968	0.01151	0.01031	0.00340	0.01160	0.00990	0.00720	0.01348
72	0.04248	0.02091	0.02873	0.02173	0.02996	0.01980	0.06389	0.15764	0.03310	0.41706	0.03516	0.03198	0.02274	0.01225	0.01047	0.00318	0.01009	0.01024	0.01147	0.01713
73	0.02128	0.01824	0.02128	0.01520	0.02432	0.01368	0.01216	0.02584	0.02128	0.03344	0.01824	0.02128	0.01520	0.00760	0.00760	0.00152	0.00760	0.00608	0.00608	0.70208
74	0.03955	0.02787	0.03026	0.02320	0.03139	0.03053	0.01916	0.50326	0.04679	0.10459	0.02586	0.02543	0.01806	0.01235	0.01027	0.00309	0.01110	0.00932	0.01045	0.01745
75	0.02003	0.01891	0.03196	0.55463	0.12561	0.02297	0.02883	0.02679	0.02083	0.02702	0.01836	0.02715	0.01396	0.01014	0.01025	0.00338	0.01352	0.00912	0.00462	0.01193
76	0.01308	0.01046	0.01151	0.01204	0.01481	0.00923	0.00910	0.01570	0.02238	0.02735	0.08643	0.13772	0.40796	0.08289	0.01618	0.00430	0.00633	0.09480	0.00921	0.00853
77	0.01390	0.00952	0.01150	0.01251	0.01276	0.00927	0.00762	0.01465	0.01693	0.02257	0.04260	0.30683	0.05026	0.38200	0.03565	0.00750	0.00826	0.02096	0.00762	0.00712
78	0.01769	0.00923	0.01371	0.01397	0.01423	0.00923	0.00974	0.01423	0.01449	0.01923	0.02180	0.04040	0.02231	0.03486	0.03728	0.62559	0.00897	0.06305	0.00500	0.00500
79	0.02027	0.01915	0.03239	0.53282	0.14556	0.02303	0.02894	0.02700	0.02094	0.02730	0.01840	0.02707	0.01406	0.01009	0.01025	0.00336	0.01346	0.00912	0.00464	0.01212
80	0.02452	0.02099	0.02234	0.02015	0.02565	0.02408	0.01564	0.05131	0.50853	0.04277	0.09007	0.04180	0.03732	0.01457	0.01059	0.00346	0.00782	0.01224	0.01052	0.01564
81	0.01440	0.01040	0.01361	0.01299	0.01530	0.00960	0.00967	0.01907	0.02849	0.04027	0.53951	0.10959	0.09511	0.02164	0.01216	0.00328	0.00491	0.01919	0.01119	0.00960
82	0.01938	0.01824	0.03078	0.61468	0.07068	0.02280	0.02850	0.02622	0.02052	0.02622	0.01824	0.02736	0.01368	0.01026	0.01026	0.00342	0.01368	0.00912	0.00456	0.01140
83	0.71184	0.01985	0.01508	0.01350	0.01985	0.02302	0.01111	0.03017	0.01746	0.04604	0.01429	0.01667	0.01111	0.00953	0.00635	0.00318	0.00794	0.00556	0.00635	0.01111
84	0.01654	0.01181	0.01654	0.01890	0.02126	0.01181	0.01654	0.02126	0.02362	0.03071	0.05433	0.11576	0.05906	0.02835	0.01417	0.00472	0.00945	0.50626	0.00945	0.00945
85	0.01400	0.01081	0.01287	0.01298	0.01549	0.01004	0.00949	0.01893	0.05806	0.03359	0.27184	0.21555	0.22902	0.02476	0.01225	0.00354	0.00542	0.02163	0.01028	0.00946
86	0.02128	0.01824	0.02128	0.01520	0.02432	0.01368	0.01216	0.02584	0.02128	0.03344	0.01824	0.02128	0.01520	0.00760	0.00760	0.00152	0.00760	0.00608	0.00608	0.70208
87	0.02127	0.02072	0.02918	0.02536	0.02564	0.02862	0.02100	0.02373	0.01583	0.02456	0.01559	0.02515	0.01531	0.02687	0.11902	0.00630	0.53098	0.00928	0.00464	0.01091
88	0.02540	0.02438	0.04165	0.06299	0.57533	0.02438	0.03149	0.03149	0.02337	0.03353	0.01930	0.02540	0.01626	0.00914	0.01016	0.00305	0.01219	0.00914	0.00508	0.01626
89	0.02553	0.02204	0.02320	0.02088	0.02669	0.02553	0.01624	0.05453	0.55679	0.04293	0.04177	0.03829	0.03133	0.01392	0.01044	0.00348	0.00812	0.01160	0.01044	0.01624
90	0.02752	0.02166	0.07684	0.02730	0.14035	0.01751	0.01922	0.03485	0.06618	0.17085	0.10765	0.03507	0.03109	0.01185	0.00989	0.00281	0.00916	0.01018	0.00846	0.17157
91	0.01938	0.01824	0.03078	0.61468	0.07068	0.02280	0.02850	0.02622	0.02052	0.02622	0.01824	0.02736	0.01368	0.01026	0.01026	0.00342	0.01368	0.00912	0.00456	0.01140
92	0.71184	0.01985	0.01508	0.01350	0.01985	0.02302	0.01111	0.03017	0.01746	0.04604	0.01429	0.01667	0.01111	0.00953	0.00635	0.00318	0.00794	0.00556	0.00635	0.01111
93	0.04415	0.01810	0.02545	0.02235	0.07642	0.01593	0.01658	0.04832	0.02882	0.53224	0.03855	0.03406	0.02457	0.01238	0.01031	0.00316	0.00905	0.01021	0.01200	0.01735
94	0.04104	0.01600	0.02117	0.01664	0.02355	0.01406	0.01361	0.04516	0.02791	0.48126	0.03918	0.03555	0.02557	0.01256	0.00973	0.00303	0.00800	0.01018	0.13981	0.01600
95	0.04604	0.01746	0.02382	0.01826	0.02620	0.01508	0.01508	0.05001	0.02937	0.58244	0.04049	0.03493	0.02540	0.01270	0.01032	0.00318	0.00873	0.01032	0.01270	0.01746
96	0.01389	0.00964	0.01213	0.01358	0.01414	0.00934	0.00900	0.01530	0.01823	0.02423	0.04685	0.35534	0.05497	0.26908	0.02851	0.00649	0.00790	0.07553	0.00822	0.00763
97	0.02252	0.05038	0.54347	0.02841	0.04303	0.02317	0.03618	0.03383	0.02225	0.07426	0.02009	0.02267	0.01394	0.00997	0.00979	0.00324	0.01468	0.00779	0.00497	0.01534
98	0.01938	0.01824	0.03078	0.61468	0.07068	0.02280	0.02850	0.02622	0.02052	0.02622	0.01824	0.02736	0.01368	0.01026	0.01026	0.00342	0.01368	0.00912	0.00456	0.01140
99	0.01323	0.00924	0.01169	0.01336	0.01378	0.00882	0.00854	0.01448	0.01823	0.02431	0.04931	0.46332	0.05872	0.21397	0.02482	0.00590	0.00715	0.02491	0.00854	0.00770
100	0.02688	0.02486	0.04047	0.05870	0.51617	0.02519	0.03019	0.08696	0.02608	0.03692	0.01988	0.02532	0.01639	0.00949	0.01017	0.00305	0.01209	0.00915	0.00564	0.01639
101	0.03268	0.01556	0.01912	0.01579	0.02137	0.01482	0.01265	0.07553	0.06435	0.28909	0.10909	0.04093	0.03511	0.01368	0.00973	0.00299	0.00730	0.01124	0.19475	0.01422
102	0.01516	0.01015	0.01302	0.01302	0.01357	0.01070	0.00849	0.01577	0.01522	0.02085	0.02930	0.05520	0.03170	0.40524	0.21454	0.08717	0.01509	0.01309	0.00581	0.00691
103	0.02104	0.09264	0.55063	0.02847	0.04321	0.02495	0.03656	0.03238	0.02161	0.03194	0.01814	0.02132	0.01301	0.00968	0.00954	0.00318	0.01489	0.00744	0.00434	0.01503
104	0.71184	0.01985	0.01508	0.01350	0.01985	0.02302	0.01111	0.03017	0.01746	0.04604	0.01429	0.01667	0.01111	0.00953	0.00635	0.00318	0.00794	0.00556	0.00635	0.01111
105	0.01287	0.01042	0.01142	0.01117	0.01431	0.00898	0.00838	0.01616	0.02513	0.03186	0.24739	0.09196	0.42516	0.02445	0.01212	0.00339	0.00509	0.02070	0.01007	0.00898
106	0.02128	0.01824	0.02128	0.01520	0.02432	0.01368	0.01216	0.02584	0.02128	0.03344	0.01824	0.02128	0.01520	0.00760	0.00760	0.00152	0.00760	0.00608	0.00608	0.70208
107	0.03055	0.01852	0.02378	0.01881	0.02528	0.01803	0.01532	0.03630	0.06372	0.23477	0.02799	0.02894	0.02052	0.01583	0.04837	0.00367	0.11208	0.00884	0.00855	0.24014
108	0.02141	0.01870	0.02238	0.01648	0.02461	0.01561	0.01328	0.02572	0.02067	0.03249	0.01772	0.02141	0.01501	0.00873	0.01044	0.00184	0.07432	0.00640	0.00591	0.62689
109	0.01443	0.01077	0.01599	0.01625	0.01795	0.01234	0.01247	0.01789	0.01684	0.02408	0.03065	0.10479	0.03025	0.07209	0.53494	0.01515	0.02514	0.01297	0.00594	0.00907
110	0.02862	0.58058	0.05109	0.01853	0.02693	0.10129	0.01781	0.03184	0.02175	0.02425	0.01444	0.01668	0.01317	0.00898	0.00688	0.00224	0.01179	0.00561	0.00449	0.01303
111	0.02541	0.02413	0.03965	0.05841	0.51561	0.02451	0.02983	0.03400	0.08143	0.03455	0.02175	0.02680	0.01790	0.00966	0.01019	0.00309	0.01175	0.00941	0.00566	0.01625
112	0.01605	0.01193	0.01645	0.01811	0.07604	0.01127	0.01187	0.02102	0.02787	0.04011	0.47031	0.06824	0.08284	0.01902	0.01153	0.00315	0.00564	0.01687	0.06129	0.01039
113	0.02540	0.02438	0.04165	0.06299	0.57533	0.02438	0.03149	0.03149	0.02337	0.03353	0.01930	0.02540	0.01626	0.00914	0.01016	0.00305	0.01219	0.00914	0.00508	0.01626
114	0.01938	0.01824	0.03078	0.61468	0.07068	0.02280	0.02850	0.02622	0.02052	0.02622	0.01824	0.02736	0.01368	0.01026	0.01026	0.00342	0.01368	0.00912	0.00456	0.01140
115	0.02697	0.01326	0.01803	0.01671	0.02095	0.01207	0.01344	0.03089	0.02616	0.24749	0.14460	0.16998	0.05447	0.02155	0.01209	0.00374	0.00769	0.13641	0.01108	0.01243
116	0.01487	0.01042	0.01341	0.01266	0.01508	0.00967	0.00950	0.01971	0.02849	0.04094	0.52979	0.07378	0.09155	0.02030	0.01173	0.00317	0.00484	0.01789	0.06254	0.00967
117	0.01387	0.01046	0.01281	0.01222	0.01493	0.00940	0.00917	0.01810	0.02751	0.03749	0.44281	0.08269	0.22622	0.02235	0.01211	0.00329	0.00494	0.01940	0.01081	0.00940
118	0.02128	0.01824	0.02128	0.01520	0.02432	0.01368	0.01216	0.02584	0.02128	0.03344	0.01824	0.02128	0.01520	0.00760	0.00760	0.00152	0.00760	0.00608	0.00608	0.70208
119	0.02476	0.41395	0.26188	0.02213	0.03340	0.03405	0.02552	0.03142	0.02117	0.02741	0.01589	0.01850	0.01310	0.00916	0.00782	0.00261	0.01261	0.00631	0.00437	0.01395
120	0.04604	0.01746	0.02382	0.01826	0.02620	0.01508	0.01508	0.05001	0.02937	0.58244	0.04049	0.03493	0.02540	0.01270	0.01032	0.00318	0.00873	0.01032	0.01270	0.01746
121	0.01250	0.00893	0.01191	0.01429	0.01488	0.00834	0.00953	0.01429	0.01965	0.02620	0.05656	0.63265	0.06787	0.03215	0.01310	0.00417	0.00595	0.02917	0.00953	0.00834
122	0.02474	0.02371	0.04047	0.12304	0.52040	0.02421	0.03117	0.03092	0.02306	0.03273	0.01919	0.02561	0.01597	0.00927	0.01017	0.00309	0.01235	0.00914	0.00502	0.01573
123	0.01641	0.01095	0.01409	0.01304	0.01592	0.00995	0.00987	0.02099	0.02855	0.07607	0.49195	0.07589	0.13544	0.02088	0.01199	0.00325	0.00513	0.01829	0.01123	0.01011
124	0.01601	0.01002	0.01350	0.01515	0.01661	0.00933	0.01080	0.01831	0.02097	0.07756	0.05485	0.52173	0.06303	0.02996	0.01296	0.00414	0.00659	0.07938	0.00981	0.00929
125	0.01938	0.01824	0.03078	0.61468	0.07068	0.02280	0.02850	0.02622	0.02052	0.02622	0.01824	0.02736	0.01368	0.01026	0.01026	0.00342	0.01368	0.00912	0.00456	0.01140
126	0.01250	0.00893	0.01191	0.01429	0.01488	0.00834	0.00953	0.01429	0.01965	0.02620	0.05656	0.63265	0.06787	0.03215	0.01310	0.00417	0.00595	0.02917	0.00953	0.00834
127	0.18246	0.02598	0.04073	0.03045	0.03902	0.07561	0.27626	0.03620	0.02412	0.13727	0.02254	0.02574	0.01619	0.00977	0.01024	0.00327	0.01374	0.00982	0.00685	0.01373
128	0.02556	0.02894	0.16417	0.02599	0.03252	0.02484	0.05836	0.03106	0.02038	0.11232	0.01974	0.02437	0.01549	0.01345	0.02013	0.00360	0.27595	0.00874	0.00591	0.08849
129	0.71184	0.01985	0.01508	0.01350	0.01985	0.02302	0.01111	0.03017	0.01746	0.04604	0.01429	0.01667	0.01111	0.00953	0.00635	0.00318	0.00794	0.00556	0.00635	0.01111
130	0.02302	0.02359	0.03113	0.14463	0.03606	0.07210	0.02347	0.02622	0.01768	0.02503	0.01461	0.02314	0.01349	0.01587	0.02716	0.00414	0.45397	0.00883	0.00456	0.01131
131	0.02070	0.01958	0.03316	0.49398	0.18109	0.02315	0.02915	0.02737	0.02114	0.02782	0.01847	0.02693	0.01424	0.01002	0.01024	0.00334	0.01335	0.00913	0.00467	0.01246
132	0.01948	0.01770	0.01651	0.01601	0.01784	0.12229	0.01137	0.02164	0.01856	0.02339	0.02743	0.04613	0.02770	0.27139	0.25035	0.01065	0.01798	0.01156	0.04341	0.00860
133	0.01878	0.00964	0.00988	0.00982	0.01221	0.00957	0.00736	0.02357	0.02209	0.03848	0.07421	0.04118	0.03166	0.01264	0.00755	0.00245	0.00479	0.01025	0.64430	0.00957
134	0.02405	0.01930	0.03050	0.03332	0.19191	0.01893	0.08224	0.08380	0.02886	0.08150	0.23690	0.04635	0.04849	0.01433	0.01118	0.00318	0.00958	0.01329	0.00867	0.01361
135	0.01250	0.00893	0.01191	0.01429	0.01488	0.00834	0.00953	0.01429	0.01965	0.02620	0.05656	0.63265	0.06787	0.03215	0.01310	0.00417	0.00595	0.02917	0.00953	0.00834
136	0.71184	0.01985	0.01508	0.01350	0.01985	0.02302	0.01111	0.03017	0.01746	0.04604	0.01429	0.01667	0.01111	0.00953	0.00635	0.00318	0.00794	0.00556	0.00635	0.01111
137	0.02735	0.53580	0.08183	0.01867	0.02763	0.07287	0.01859	0.03118	0.02144	0.02525	0.01485	0.01718	0.01328	0.00888	0.00700	0.00225	0.01149	0.00572	0.00454	0.05421
138	0.01279	0.00935	0.01152	0.01311	0.01415	0.00864	0.00872	0.01446	0.01964	0.02554	0.06172	0.45009	0.15634	0.12111	0.01873	0.00490	0.00641	0.02567	0.00904	0.00808
139	0.03611	0.02115	0.02385	0.01882	0.02556	0.02204	0.01537	0.28658	0.03682	0.19592	0.03097	0.03064	0.02169	0.01233	0.00954	0.00294	0.00905	0.00960	0.17545	0.01556
140	0.03291	0.02537	0.10959	0.02284	0.02951	0.02309	0.02082	0.07215	0.09730	0.25043	0.02937	0.02953	0.02077	0.01377	0.01632	0.00356	0.16878	0.00967	0.00887	0.01534
141	0.03414	0.02559	0.03897	0.07259	0.04059	0.02627	0.18371	0.25328	0.03518	0.14524	0.02580	0.02766	0.01801	0.01107	0.01086	0.00324	0.01291	0.01034	0.00868	0.01586
142	0.01351	0.01045	0.01231	0.01184	0.01471	0.00925	0.00888	0.01740	0.02665	0.03545	0.37206	0.08604	0.29824	0.02311	0.01211	0.00333	0.00499	0.01987	0.01055	0.00925
143	0.71184	0.01985	0.01508	0.01350	0.01985	0.02302	0.01111	0.03017	0.01746	0.04604	0.01429	0.01667	0.01111	0.00953	0.00635	0.00318	0.00794	0.00556	0.00635	0.01111
144	0.01783	0.00891	0.01337	0.01337	0.01337	0.00891	0.00891	0.01337	0.01337	0.01783	0.01783	0.03119	0.01783	0.03565	0.04011	0.70143	0.00891	0.00891	0.00446	0.00446
145	0.02540	0.02438	0.04165	0.06299	0.57533	0.02438	0.03149	0.03149	0.02337	0.03353	0.01930	0.02540	0.01626	0.00914	0.01016	0.00305	0.01219	0.00914	0.00508	0.01626
146	0.02160	0.02120	0.02981	0.02580	0.02600	0.02941	0.02140	0.02400	0.01580	0.02460	0.01500	0.02440	0.01480	0.02438	0.09518	0.00580	0.55601	0.00920	0.00460	0.01100
147	0.12733	0.02924	0.11249	0.03819	0.12106	0.02557	0.27805	0.07870	0.02498	0.03778	0.01966	0.02470	0.01487	0.00932	0.01052	0.00330	0.01436	0.00989	0.00571	0.01428
148	0.03419	0.02821	0.18729	0.08656	0.03635	0.01926	0.02324	0.04270	0.06684	0.32114	0.03178	0.03053	0.02099	0.01168	0.01016	0.00325	0.01109	0.00950	0.00922	0.01605
149	0.02920	0.01818	0.02096	0.01788	0.02375	0.01870	0.01416	0.07645	0.23290	0.19831	0.10695	0.04954	0.11590	0.01602	0.01083	0.00334	0.00772	0.01332	0.01104	0.01484
150	0.01439	0.01039	0.01360	0.01300	0.01530	0.00959	0.00967	0.01903	0.02842	0.04015	0.53564	0.11378	0.09490	0.02173	0.01217	0.00329	0.00492	0.01927	0.01118	0.00959
151	0.02944	0.02451	0.07861	0.09112	0.36733	0.02203	0.02790	0.03554	0.02444	0.16218	0.02414	0.02750	0.01797	0.01011	0.01017	0.00312	0.01172	0.00930	0.00678	0.01609
152	0.02562	0.10701	0.35798	0.02456	0.03637	0.02376	0.02864	0.07112	0.02527	0.10988	0.07187	0.02816	0.02271	0.01126	0.00974	0.00311	0.01260	0.00886	0.00656	0.01493
153	0.01250	0.00893	0.01191	0.01429	0.01488	0.00834	0.00953	0.01429	0.01965	0.02620	0.05656	0.63265	0.06787	0.03215	0.01310	0.00417	0.00595	0.02917	0.00953	0.00834
154	0.02058	0.05308	0.58618	0.02925	0.04442	0.02383	0.03792	0.03250	0.02167	0.03250	0.01842	0.02167	0.01300	0.00975	0.00975	0.00325	0.01517	0.00758	0.00433	0.01517
155	0.08369	0.09464	0.16403	0.02082	0.02953	0.02148	0.02085	0.03817	0.02461	0.26839	0.06357	0.03014	0.02383	0.01227	0.01137	0.00319	0.05670	0.00922	0.00856	0.01497
156	0.02499	0.02397	0.04092	0.10036	0.54115	0.02428	0.03129	0.03114	0.02317	0.03303	0.01923	0.02553	0.01608	0.00922	0.01017	0.00307	0.01229	0.00914	0.00504	0.01593
157	0.01938	0.01824	0.03078	0.61468	0.07068	0.02280	0.02850	0.02622	0.02052	0.02622	0.01824	0.02736	0.01368	0.01026	0.01026	0.00342	0.01368	0.00912	0.00456	0.01140
158	0.02747	0.02478	0.07971	0.04673	0.32814	0.02192	0.10288	0.03373	0.02413	0.12537	0.02555	0.06820	0.02095	0.01127	0.01064	0.00322	0.01216	0.01102	0.00663	0.01548
159	0.03406	0.02208	0.11104	0.01895	0.02687	0.01610	0.01759	0.04114	0.06646	0.34702	0.10650	0.04300	0.07403	0.01434	0.01059	0.00324	0.00897	0.01185	0.01079	0.01539
160	0.03194	0.02219	0.03600	0.04881	0.40130	0.02144	0.02629	0.03736	0.02527	0.20749	0.02602	0.02842	0.01915	0.01027	0.01021	0.00309	0.01110	0.00952	0.00750	0.01664
161	0.10430	0.02190	0.02563	0.01982	0.02772	0.02206	0.01637	0.23167	0.03534	0.33995	0.03217	0.02941	0.02113	0.01227	0.00994	0.00314	0.00962	0.00948	0.01121	0.01688
162	0.03719	0.02310	0.03174	0.03449	0.20743	0.02314	0.02177	0.19101	0.03306	0.24793	0.02881	0.02873	0.02003	0.01142	0.01025	0.00311	0.01063	0.00961	0.00948	0.01707
163	0.07819	0.08694	0.19749	0.02902	0.12767	0.02221	0.02476	0.03841	0.02442	0.23398	0.02598	0.02636	0.01800	0.01062	0.00951	0.00309	0.01142	0.00853	0.00767	0.01574
164	0.01510	0.01123	0.01598	0.06032	0.02014	0.01271	0.01202	0.01790	0.01632	0.02282	0.02825	0.04744	0.02827	0.24190	0.38881	0.01352	0.02114	0.01204	0.00564	0.00844
165	0.01590	0.01018	0.01527	0.01527	0.01639	0.01130	0.01130	0.01639	0.01527	0.02148	0.02371	0.03675	0.02259	0.06082	0.38034	0.28422	0.02023	0.01018	0.00509	0.00732
166	0.02612	0.02728	0.20585	0.02051	0.02882	0.01700	0.02101	0.03470	0.06675	0.18999	0.16343	0.08148	0.04206	0.01516	0.01076	0.00330	0.00967	0.01280	0.00921	0.01410
167	0.04043	0.02023	0.03005	0.02804	0.12119	0.01870	0.05666	0.08237	0.02939	0.41076	0.03428	0.03202	0.02254	0.01178	0.01042	0.00317	0.01014	0.01017	0.01068	0.01699
168	0.02540	0.02438	0.04165	0.06299	0.57533	0.02438	0.03149	0.03149	0.02337	0.03353	0.01930	0.02540	0.01626	0.00914	0.01016	0.00305	0.01219	0.00914	0.00508	0.01626
169	0.02422	0.02287	0.03861	0.05754	0.51438	0.02278	0.02912	0.03017	0.02399	0.03436	0.07924	0.03098	0.02503	0.01043	0.01037	0.00307	0.01139	0.01017	0.00576	0.01554
170	0.02997	0.02896	0.15953	0.04311	0.30502	0.02171	0.02844	0.03680	0.02463	0.18384	0.02491	0.02717	0.01803	0.01026	0.01011	0.00313	0.01191	0.00911	0.00700	0.01634
171	0.02701	0.01378	0.01770	0.01633	0.02053	0.01286	0.01233	0.03266	0.08214	0.24554	0.05147	0.30269	0.07711	0.02220	0.01167	0.00366	0.00723	0.01945	0.01087	0.01278
172	0.07562	0.02898	0.02380	0.05825	0.02915	0.22704	0.01728	0.06706	0.11203	0.07570	0.06133	0.04180	0.05711	0.01462	0.01030	0.00323	0.01223	0.06378	0.00800	0.01269
173	0.04084	0.02130	0.02970	0.02594	0.08900	0.02039	0.05273	0.15155	0.03240	0.37562	0.03348	0.03121	0.02206	0.01196	0.01041	0.00316	0.01023	0.01008	0.01085	0.01709
174	0.01754	0.01497	0.02354	0.03333	0.23396	0.01461	0.01811	0.02101	0.02110	0.02906	0.04200	0.39528	0.04770	0.02316	0.01195	0.00373	0.00839	0.02134	0.00779	0.01143
175	0.01752	0.01457	0.02200	0.27591	0.07559	0.01646	0.01794	0.02142	0.01945	0.02587	0.08387	0.04815	0.03214	0.25725	0.02686	0.00593	0.01116	0.01242	0.00598	0.00952
176	0.04040	0.02122	0.07503	0.01942	0.02760	0.01711	0.01718	0.07352	0.06091	0.44271	0.06657	0.03564	0.02809	0.01293	0.01037	0.00320	0.00921	0.01054	0.01159	0.01676
177	0.03311	0.02233	0.03828	0.04220	0.26875	0.02110	0.11823	0.03885	0.02583	0.24409	0.02770	0.02948	0.01964	0.01042	0.01058	0.00317	0.01180	0.01014	0.00803	0.01628
178	0.04604	0.01746	0.02382	0.01826	0.02620	0.01508	0.01508	0.05001	0.02937	0.58244	0.04049	0.03493	0.02540	0.01270	0.01032	0.00318	0.00873	0.01032	0.01270	0.01746
179	0.02777	0.02683	0.14198	0.10231	0.24847	0.02086	0.02699	0.03436	0.02414	0.16142	0.02965	0.03202	0.05454	0.01135	0.01026	0.00319	0.01166	0.00994	0.00697	0.01529

[dist]
# distance from previous block
# <min> <max>
0	19

# created by:
# /st0/software/busco_prod/Augustus/scripts/msa2prfl.pl ./align_prep/7101.fa
