[name]
unknown

[dist]
# distance from previous block
# <min> <max>
0	151

[block]
# block no. 0 follows, 12 sequences, length 11
# corresponding to MSA columns:
# 151-161
name=unknown_A
#
# <colnr> <probs for GDERKNQSTAVLIFYWHMCP>
#	G	D	E	R	K	N	Q	S	T	A	V	L	I	F	Y	W	H	M	C	P
0	0.01905	0.01423	0.01867	0.02041	0.02348	0.01481	0.01752	0.02806	0.10310	0.03464	0.05566	0.11025	0.05819	0.02775	0.01445	0.00482	0.00982	0.40373	0.01020	0.01116
1	0.01602	0.01220	0.01523	0.01402	0.01756	0.01066	0.01048	0.02047	0.02772	0.03904	0.35821	0.14226	0.12833	0.02213	0.01226	0.00330	0.00579	0.01943	0.01072	0.11419
2	0.01895	0.01117	0.01464	0.01536	0.01762	0.01012	0.01089	0.02156	0.02368	0.11115	0.10355	0.43266	0.10769	0.02938	0.01328	0.00412	0.00661	0.02624	0.01081	0.01051
3	0.01458	0.01059	0.01311	0.01342	0.01519	0.00980	0.00933	0.01763	0.02477	0.03360	0.26611	0.22427	0.14530	0.12844	0.02048	0.00496	0.00645	0.02253	0.01031	0.00912
4	0.01543	0.01115	0.01457	0.01372	0.01629	0.01029	0.01029	0.02058	0.03086	0.04372	0.54304	0.08145	0.10288	0.02229	0.01286	0.00343	0.00514	0.01972	0.01200	0.01029
5	0.01379	0.00977	0.01272	0.01464	0.01535	0.00920	0.00969	0.01572	0.02108	0.02832	0.09756	0.49618	0.07055	0.10776	0.01915	0.00513	0.00677	0.02811	0.00983	0.00869
6	0.20689	0.01703	0.01931	0.01629	0.02241	0.01650	0.01286	0.03765	0.02502	0.28324	0.04211	0.08998	0.07183	0.07408	0.01460	0.00419	0.00862	0.01285	0.01050	0.01403
7	0.01354	0.01026	0.01215	0.01331	0.01508	0.00924	0.00915	0.01578	0.02248	0.02885	0.10856	0.34343	0.23734	0.08754	0.01751	0.00469	0.00637	0.02594	0.00991	0.00886
8	0.02326	0.01508	0.01808	0.01569	0.02018	0.01446	0.01225	0.09993	0.03291	0.11050	0.31620	0.07171	0.16464	0.02076	0.01232	0.00345	0.00681	0.01770	0.01166	0.01242
9	0.22020	0.01430	0.01579	0.01545	0.01901	0.01464	0.01144	0.02585	0.02092	0.11393	0.03896	0.27349	0.04060	0.02438	0.01502	0.09081	0.00780	0.01777	0.00895	0.01069
10	0.07678	0.01282	0.01509	0.01530	0.01748	0.01275	0.01059	0.05066	0.02224	0.07634	0.04654	0.34492	0.05200	0.16838	0.02281	0.00564	0.00813	0.02220	0.00933	0.01001

[dist]
# distance from previous block
# <min> <max>
0	1

[block]
# block no. 1 follows, 12 sequences, length 18
# corresponding to MSA columns:
# 163-180
name=unknown_B
#
# <colnr> <probs for GDERKNQSTAVLIFYWHMCP>
#	G	D	E	R	K	N	Q	S	T	A	V	L	I	F	Y	W	H	M	C	P
0	0.01835	0.01446	0.01888	0.01817	0.02122	0.01647	0.01408	0.02893	0.14311	0.03257	0.09823	0.04722	0.03834	0.05799	0.36605	0.01238	0.02116	0.01286	0.00790	0.01163
1	0.02297	0.01593	0.02449	0.02109	0.02515	0.01665	0.07633	0.02961	0.08358	0.09574	0.03122	0.04150	0.02674	0.09704	0.25438	0.08784	0.01884	0.01193	0.00737	0.01159
2	0.03887	0.02001	0.02468	0.01969	0.02683	0.01954	0.01597	0.14526	0.07432	0.30871	0.14035	0.04399	0.04098	0.01528	0.01134	0.00339	0.00898	0.01259	0.01245	0.01678
3	0.02494	0.01759	0.02046	0.01824	0.02316	0.01856	0.01414	0.04146	0.25396	0.10999	0.25598	0.05754	0.06204	0.01781	0.01183	0.00354	0.00723	0.01529	0.01179	0.01446
4	0.01583	0.01127	0.01485	0.01551	0.01748	0.01079	0.01190	0.01987	0.02602	0.03563	0.27690	0.15955	0.07935	0.10167	0.01905	0.00492	0.00740	0.15194	0.01051	0.00957
5	0.02704	0.01822	0.02391	0.07145	0.07330	0.01739	0.01670	0.09092	0.02897	0.13220	0.10668	0.11562	0.07702	0.01678	0.01118	0.00322	0.00897	0.01441	0.00954	0.13648
6	0.02471	0.01773	0.02180	0.01943	0.02262	0.01992	0.01521	0.12839	0.02873	0.07079	0.10286	0.19163	0.04479	0.02112	0.01655	0.00382	0.12609	0.01684	0.09452	0.01247
7	0.16442	0.01945	0.02132	0.01806	0.02417	0.02044	0.01443	0.09927	0.12221	0.15836	0.17262	0.04463	0.04482	0.01541	0.01065	0.00344	0.00820	0.01245	0.01096	0.01469
8	0.01487	0.01110	0.01478	0.01510	0.01684	0.01171	0.01101	0.01762	0.01893	0.02561	0.04815	0.13077	0.12489	0.16128	0.31317	0.01222	0.01888	0.01685	0.00726	0.00898
9	0.24035	0.01588	0.01758	0.01553	0.02048	0.01606	0.01213	0.03139	0.02437	0.17196	0.15091	0.08424	0.04259	0.01886	0.01392	0.08130	0.00783	0.01277	0.00973	0.01213
10	0.02261	0.01938	0.02261	0.01615	0.02584	0.01453	0.01292	0.02745	0.02261	0.03553	0.01938	0.02261	0.01615	0.00807	0.00807	0.00161	0.00807	0.00646	0.00646	0.68346
11	0.08515	0.01932	0.06265	0.09399	0.06292	0.01682	0.01851	0.03243	0.02492	0.18563	0.04615	0.15051	0.09212	0.01878	0.01154	0.00373	0.00969	0.04217	0.00943	0.01354
12	0.02409	0.01348	0.01710	0.01597	0.01933	0.01274	0.01198	0.05651	0.02533	0.14121	0.09442	0.16451	0.11085	0.09347	0.02139	0.09098	0.00831	0.05737	0.00995	0.01100
13	0.02217	0.02102	0.06155	0.23579	0.04461	0.02268	0.02327	0.03068	0.08607	0.05966	0.03128	0.14745	0.02921	0.01764	0.01582	0.00397	0.11297	0.01429	0.00717	0.01269
14	0.08405	0.07687	0.10019	0.02695	0.03561	0.02993	0.08423	0.20568	0.03316	0.10588	0.02358	0.02585	0.01728	0.01256	0.01365	0.00348	0.08734	0.00948	0.00817	0.01606
15	0.23084	0.14833	0.07208	0.10672	0.06737	0.02810	0.02038	0.07282	0.02380	0.03925	0.01790	0.02163	0.01424	0.01009	0.00846	0.00299	0.01114	0.00726	0.00612	0.09050
16	0.28856	0.02871	0.02550	0.06587	0.03116	0.12762	0.01823	0.11819	0.05965	0.04383	0.01952	0.02262	0.01528	0.01223	0.01197	0.00345	0.07901	0.00792	0.00717	0.01352
17	0.02882	0.07047	0.12857	0.01980	0.02756	0.01768	0.01884	0.03438	0.02640	0.20551	0.11296	0.14475	0.04247	0.01737	0.01119	0.00340	0.00956	0.01474	0.00978	0.05576

[dist]
# distance from previous block
# <min> <max>
2	11

[block]
# block no. 2 follows, 12 sequences, length 33
# corresponding to MSA columns:
# 192-205,211-229
name=unknown_C
#
# <colnr> <probs for GDERKNQSTAVLIFYWHMCP>
#	G	D	E	R	K	N	Q	S	T	A	V	L	I	F	Y	W	H	M	C	P
0	0.09094	0.01690	0.02193	0.02175	0.06596	0.01633	0.01553	0.03729	0.05970	0.24531	0.04234	0.13911	0.03747	0.07195	0.01547	0.00437	0.00918	0.06370	0.01054	0.01423
1	0.23658	0.01558	0.01705	0.01567	0.02042	0.01572	0.01209	0.03045	0.02431	0.16299	0.12430	0.19670	0.04762	0.01964	0.01077	0.00367	0.00749	0.01640	0.01018	0.01234
2	0.08412	0.02114	0.02487	0.01974	0.02694	0.02128	0.01609	0.19641	0.03688	0.25361	0.13966	0.04140	0.03896	0.01496	0.01105	0.00335	0.00926	0.01206	0.01186	0.01636
3	0.08760	0.01572	0.01983	0.05911	0.06625	0.01665	0.01485	0.02861	0.11439	0.03855	0.20666	0.14587	0.05758	0.02094	0.01374	0.04779	0.00786	0.01674	0.00949	0.01177
4	0.07548	0.01229	0.01388	0.01433	0.01698	0.01206	0.01035	0.02096	0.06416	0.03312	0.13005	0.26802	0.18803	0.02738	0.01459	0.05003	0.00655	0.02217	0.00979	0.00981
5	0.20427	0.01678	0.01852	0.01609	0.02152	0.01711	0.01276	0.03512	0.07830	0.16657	0.23424	0.04993	0.05373	0.01622	0.01061	0.00343	0.00735	0.01324	0.01087	0.01336
6	0.09240	0.01356	0.01648	0.01537	0.01921	0.01275	0.01146	0.02795	0.02499	0.17228	0.13459	0.22470	0.09502	0.07018	0.01546	0.00430	0.00740	0.01938	0.01071	0.01182
7	0.02942	0.01406	0.01852	0.01570	0.02064	0.01260	0.01237	0.03418	0.03029	0.25086	0.29561	0.05988	0.06551	0.01788	0.01163	0.00333	0.00681	0.01533	0.07175	0.01362
8	0.02500	0.01367	0.01764	0.01602	0.01995	0.01279	0.01214	0.03041	0.06814	0.17312	0.21407	0.15282	0.09319	0.02310	0.01505	0.06429	0.00713	0.01801	0.01123	0.01223
9	0.01567	0.01129	0.01554	0.01554	0.01680	0.01255	0.01116	0.01820	0.01694	0.02384	0.03102	0.05287	0.03162	0.27007	0.39126	0.01508	0.02265	0.01315	0.00611	0.00863
10	0.02372	0.02037	0.02464	0.02194	0.02500	0.02459	0.01722	0.07278	0.18982	0.03761	0.08778	0.09902	0.03823	0.06674	0.02259	0.00458	0.18702	0.01425	0.00880	0.01330
11	0.08824	0.01537	0.01854	0.01633	0.02126	0.01468	0.01254	0.03464	0.06716	0.22190	0.12548	0.13701	0.09179	0.06712	0.01506	0.00417	0.00784	0.01644	0.01111	0.01334
12	0.01721	0.01114	0.01479	0.01574	0.01763	0.01050	0.01161	0.02042	0.02420	0.06768	0.16731	0.31217	0.07152	0.08107	0.01738	0.00478	0.00731	0.10719	0.01046	0.00986
13	0.01991	0.01376	0.01663	0.01519	0.01903	0.01335	0.01162	0.02876	0.11014	0.08750	0.35491	0.07440	0.14974	0.02108	0.01241	0.00350	0.00613	0.01824	0.01171	0.01199
14	0.19198	0.01429	0.01508	0.01378	0.01750	0.01446	0.01020	0.02525	0.02364	0.09047	0.19741	0.06035	0.09625	0.16062	0.02128	0.00514	0.00773	0.01467	0.00936	0.01054
15	0.01596	0.01140	0.01572	0.01823	0.02004	0.01116	0.01476	0.01980	0.02351	0.03082	0.05862	0.30641	0.06628	0.03164	0.01463	0.00480	0.00864	0.30793	0.01007	0.00959
16	0.02064	0.01254	0.01553	0.01554	0.01874	0.01180	0.01176	0.02579	0.05762	0.11086	0.10591	0.25597	0.14182	0.02548	0.01263	0.00392	0.00697	0.07014	0.06508	0.01126
17	0.01475	0.01088	0.01393	0.01549	0.01689	0.01055	0.01072	0.01950	0.06309	0.03193	0.14039	0.47512	0.07421	0.03061	0.01351	0.00420	0.00631	0.02760	0.01052	0.00977
18	0.01894	0.00947	0.01420	0.01420	0.01420	0.00947	0.00947	0.01420	0.01420	0.01894	0.01894	0.03314	0.01894	0.03788	0.04261	0.68277	0.00947	0.00947	0.00473	0.00473
19	0.04300	0.02805	0.03118	0.02390	0.03257	0.03011	0.01975	0.41679	0.04709	0.17027	0.02968	0.02846	0.02030	0.01317	0.01092	0.00329	0.01143	0.01006	0.01145	0.01855
20	0.01558	0.01168	0.01752	0.01752	0.01947	0.01363	0.01363	0.01947	0.01752	0.02531	0.02921	0.04283	0.02726	0.08178	0.57360	0.01752	0.02921	0.01168	0.00584	0.00974
21	0.08715	0.01135	0.01306	0.01417	0.01534	0.01143	0.00947	0.01775	0.01900	0.02785	0.04527	0.30650	0.05259	0.25467	0.02917	0.00671	0.00844	0.05328	0.00841	0.00839
22	0.04215	0.01715	0.02320	0.01845	0.02577	0.01516	0.01508	0.04620	0.02918	0.45266	0.04757	0.04378	0.07322	0.02204	0.07114	0.00491	0.01107	0.01212	0.01238	0.01678
23	0.02689	0.01541	0.01700	0.01523	0.01995	0.01579	0.01186	0.03863	0.16237	0.13711	0.04548	0.04526	0.07145	0.01464	0.00962	0.00310	0.00686	0.01195	0.31783	0.01358
24	0.01527	0.01099	0.01350	0.01296	0.01498	0.01025	0.00912	0.01882	0.02632	0.03633	0.36471	0.08133	0.13353	0.17736	0.02394	0.00531	0.00659	0.01907	0.01040	0.00922
25	0.02097	0.01365	0.01676	0.01658	0.01926	0.01357	0.01187	0.06736	0.06534	0.08717	0.09059	0.35380	0.05869	0.08981	0.01747	0.00473	0.00767	0.02305	0.01039	0.01125
26	0.03110	0.02024	0.02607	0.02214	0.02846	0.02100	0.05488	0.04783	0.26281	0.19003	0.04474	0.13038	0.03638	0.01709	0.01165	0.00372	0.00922	0.01498	0.01119	0.01608
27	0.02825	0.18374	0.29627	0.02813	0.04045	0.08454	0.07284	0.03669	0.02459	0.07806	0.02056	0.02320	0.01529	0.01038	0.00979	0.00314	0.01502	0.00811	0.00559	0.01535
28	0.02261	0.01938	0.02261	0.01615	0.02584	0.01453	0.01292	0.02745	0.02261	0.03553	0.01938	0.02261	0.01615	0.00807	0.00807	0.00161	0.00807	0.00646	0.00646	0.68346
29	0.69383	0.02109	0.01603	0.01434	0.02109	0.02446	0.01181	0.03205	0.01856	0.04892	0.01518	0.01771	0.01181	0.01012	0.00675	0.00337	0.00843	0.00590	0.00675	0.01181
30	0.12869	0.07353	0.02903	0.15201	0.07670	0.02530	0.02023	0.06620	0.02244	0.03396	0.02392	0.08853	0.02310	0.07900	0.01889	0.00442	0.10390	0.01156	0.00638	0.01222
31	0.01841	0.01181	0.01553	0.01422	0.01732	0.01080	0.01080	0.02348	0.03089	0.08938	0.49851	0.07750	0.09612	0.02151	0.01269	0.00342	0.00551	0.01894	0.01214	0.01102
32	0.02709	0.01924	0.02307	0.01670	0.02618	0.01479	0.01345	0.03183	0.02407	0.12425	0.02341	0.02508	0.01800	0.00900	0.00857	0.00191	0.00828	0.00723	0.00766	0.57020

[dist]
# distance from previous block
# <min> <max>
15	104

[block]
# block no. 3 follows, 12 sequences, length 84
# corresponding to MSA columns:
# 337-420
name=unknown_D
#
# <colnr> <probs for GDERKNQSTAVLIFYWHMCP>
#	G	D	E	R	K	N	Q	S	T	A	V	L	I	F	Y	W	H	M	C	P
0	0.13886	0.16110	0.03116	0.02335	0.09346	0.02491	0.01684	0.03362	0.07250	0.07883	0.07870	0.03651	0.07020	0.01299	0.00934	0.00298	0.00929	0.01021	0.00779	0.08736
1	0.02610	0.02246	0.03221	0.25030	0.04960	0.02491	0.06817	0.14158	0.08450	0.04046	0.02742	0.07897	0.02277	0.01343	0.01113	0.00346	0.01242	0.01186	0.00757	0.07070
2	0.02783	0.02497	0.02672	0.15813	0.08050	0.14539	0.02029	0.03317	0.06762	0.07201	0.06616	0.03355	0.02547	0.01784	0.01727	0.14119	0.01284	0.01020	0.00687	0.01198
3	0.08933	0.16442	0.03389	0.02062	0.02808	0.02968	0.01768	0.18238	0.03195	0.08761	0.06399	0.02818	0.02376	0.01274	0.01181	0.00304	0.06499	0.00905	0.00833	0.08849
4	0.01970	0.02796	0.18781	0.02075	0.02914	0.01715	0.02086	0.02867	0.06718	0.03586	0.11549	0.15304	0.04243	0.01698	0.01102	0.00324	0.00981	0.01461	0.00793	0.17037
5	0.08390	0.02389	0.03024	0.16520	0.15733	0.06887	0.02381	0.10907	0.02811	0.03861	0.02820	0.09084	0.02621	0.01523	0.01117	0.00362	0.01240	0.06220	0.00726	0.01384
6	0.02113	0.01993	0.03368	0.54646	0.11502	0.02437	0.03055	0.02833	0.02206	0.02851	0.01948	0.02889	0.01477	0.01080	0.01089	0.00360	0.01440	0.00969	0.00489	0.01255
7	0.02198	0.01938	0.02577	0.19602	0.04126	0.01757	0.01836	0.02758	0.02236	0.03313	0.01938	0.02463	0.01564	0.00896	0.00896	0.00225	0.01010	0.00747	0.00595	0.47325
8	0.02059	0.01938	0.03270	0.59060	0.07510	0.02422	0.03028	0.02786	0.02180	0.02786	0.01938	0.02907	0.01453	0.01090	0.01090	0.00363	0.01453	0.00969	0.00484	0.01211
9	0.01572	0.01102	0.01414	0.01407	0.01498	0.01164	0.00944	0.01755	0.01772	0.02454	0.07538	0.06197	0.04053	0.37466	0.23786	0.01246	0.01680	0.01468	0.00679	0.00804
10	0.02033	0.01016	0.01016	0.01016	0.01270	0.01016	0.00762	0.02541	0.02287	0.04065	0.03557	0.04065	0.02795	0.01270	0.00762	0.00254	0.00508	0.01016	0.67734	0.01016
11	0.02408	0.02294	0.03900	0.30528	0.33319	0.02514	0.03201	0.03091	0.02345	0.03209	0.02000	0.02793	0.01603	0.01025	0.01084	0.00342	0.01367	0.00970	0.00515	0.01492
12	0.02514	0.02415	0.04036	0.18560	0.38064	0.02633	0.03166	0.03136	0.02323	0.03277	0.01957	0.02713	0.01630	0.01102	0.01356	0.00350	0.07732	0.00969	0.00520	0.01548
13	0.02033	0.01016	0.01016	0.01016	0.01270	0.01016	0.00762	0.02541	0.02287	0.04065	0.03557	0.04065	0.02795	0.01270	0.00762	0.00254	0.00508	0.01016	0.67734	0.01016
14	0.02906	0.02425	0.04258	0.09653	0.08713	0.02406	0.21671	0.06956	0.07617	0.11985	0.03484	0.03763	0.06428	0.01246	0.01188	0.00356	0.01362	0.01255	0.00799	0.01528
15	0.04718	0.01894	0.02525	0.01962	0.02788	0.01691	0.01612	0.05352	0.07097	0.51555	0.04313	0.03740	0.02749	0.01360	0.01098	0.00340	0.00923	0.01107	0.01330	0.01845
16	0.01857	0.00971	0.01457	0.01457	0.01478	0.00993	0.00993	0.01478	0.01457	0.01964	0.02006	0.03421	0.01985	0.04269	0.10081	0.60986	0.01163	0.00971	0.00486	0.00528
17	0.02699	0.02591	0.04426	0.06693	0.54879	0.02591	0.03346	0.03346	0.02483	0.03562	0.02051	0.02699	0.01727	0.00972	0.01079	0.00324	0.01295	0.00972	0.00540	0.01727
18	0.02261	0.01938	0.02261	0.01615	0.02584	0.01453	0.01292	0.02745	0.02261	0.03553	0.01938	0.02261	0.01615	0.00807	0.00807	0.00161	0.00807	0.00646	0.00646	0.68346
19	0.02271	0.03603	0.25315	0.06377	0.04079	0.02159	0.06553	0.03305	0.05614	0.03521	0.02131	0.02494	0.01621	0.00976	0.00981	0.00283	0.01275	0.00825	0.00580	0.26038
20	0.02059	0.01938	0.03270	0.59060	0.07510	0.02422	0.03028	0.02786	0.02180	0.02786	0.01938	0.02907	0.01453	0.01090	0.01090	0.00363	0.01453	0.00969	0.00484	0.01211
21	0.04347	0.02076	0.02588	0.02055	0.02852	0.02014	0.01675	0.09837	0.14112	0.39865	0.04169	0.03683	0.02754	0.01374	0.01099	0.00343	0.00940	0.01115	0.01273	0.01827
22	0.02385	0.02385	0.03340	0.02863	0.02863	0.03340	0.02385	0.02624	0.01670	0.02624	0.01431	0.02385	0.01431	0.01908	0.03578	0.00477	0.59685	0.00954	0.00477	0.01193
23	0.02385	0.02385	0.03340	0.02863	0.02863	0.03340	0.02385	0.02624	0.01670	0.02624	0.01431	0.02385	0.01431	0.01908	0.03578	0.00477	0.59685	0.00954	0.00477	0.01193
24	0.02253	0.16305	0.02187	0.01228	0.01651	0.01839	0.01037	0.02721	0.02269	0.03691	0.03048	0.03488	0.02447	0.01186	0.00747	0.00249	0.00672	0.00908	0.50962	0.01112
25	0.03950	0.02950	0.03272	0.07786	0.03767	0.03292	0.02162	0.46721	0.04852	0.06490	0.02554	0.02645	0.01817	0.01288	0.01091	0.00331	0.01223	0.00980	0.01034	0.01794
26	0.01579	0.01151	0.01508	0.01517	0.01781	0.01079	0.01203	0.02071	0.02888	0.03968	0.38145	0.09420	0.12764	0.02477	0.01344	0.00387	0.00646	0.13927	0.01134	0.01014
27	0.02658	0.01946	0.02065	0.01838	0.02344	0.02154	0.01430	0.13223	0.23432	0.04701	0.03944	0.08666	0.03208	0.01547	0.01021	0.00332	0.00797	0.01276	0.21958	0.01457
28	0.41296	0.02302	0.03018	0.09008	0.10336	0.02518	0.10505	0.03229	0.02102	0.04236	0.01757	0.02226	0.01367	0.00999	0.00883	0.00344	0.01147	0.00806	0.00614	0.01308
29	0.02059	0.01938	0.03270	0.59060	0.07510	0.02422	0.03028	0.02786	0.02180	0.02786	0.01938	0.02907	0.01453	0.01090	0.01090	0.00363	0.01453	0.00969	0.00484	0.01211
30	0.02033	0.01016	0.01016	0.01016	0.01270	0.01016	0.00762	0.02541	0.02287	0.04065	0.03557	0.04065	0.02795	0.01270	0.00762	0.00254	0.00508	0.01016	0.67734	0.01016
31	0.01522	0.01114	0.01428	0.01349	0.01616	0.01020	0.01012	0.02016	0.03036	0.04252	0.50655	0.08343	0.14012	0.02274	0.01286	0.00345	0.00518	0.02000	0.01184	0.01020
32	0.01328	0.00949	0.01265	0.01518	0.01581	0.00886	0.01012	0.01518	0.02088	0.02783	0.06010	0.60969	0.07212	0.03416	0.01392	0.00443	0.00633	0.03100	0.01012	0.00886
33	0.02440	0.02327	0.03959	0.27851	0.35740	0.02523	0.03218	0.03120	0.02361	0.03249	0.02005	0.02783	0.01617	0.01019	0.01084	0.00340	0.01359	0.00970	0.00517	0.01519
34	0.01710	0.01221	0.01703	0.01954	0.02185	0.01215	0.01675	0.02178	0.02464	0.03210	0.05799	0.17633	0.06378	0.03056	0.01493	0.00496	0.00963	0.42670	0.01005	0.00991
35	0.02915	0.62337	0.05714	0.01866	0.02799	0.04314	0.01866	0.03265	0.02215	0.02565	0.01516	0.01749	0.01399	0.00933	0.00700	0.00233	0.01166	0.00583	0.00466	0.01399
36	0.02385	0.02385	0.03340	0.02863	0.02863	0.03340	0.02385	0.02624	0.01670	0.02624	0.01431	0.02385	0.01431	0.01908	0.03578	0.00477	0.59685	0.00954	0.00477	0.01193
37	0.01936	0.01471	0.02132	0.01983	0.02048	0.01835	0.01536	0.01973	0.01609	0.02335	0.02092	0.03347	0.02027	0.04664	0.21765	0.24850	0.19997	0.01023	0.00512	0.00866
38	0.02033	0.01016	0.01016	0.01016	0.01270	0.01016	0.00762	0.02541	0.02287	0.04065	0.03557	0.04065	0.02795	0.01270	0.00762	0.00254	0.00508	0.01016	0.67734	0.01016
39	0.01445	0.01098	0.01330	0.01299	0.01576	0.00983	0.00964	0.01858	0.02815	0.03791	0.36671	0.13162	0.24048	0.02494	0.01295	0.00359	0.00536	0.02168	0.01125	0.00983
40	0.01894	0.00947	0.01420	0.01420	0.01420	0.00947	0.00947	0.01420	0.01420	0.01894	0.01894	0.03314	0.01894	0.03788	0.04261	0.68277	0.00947	0.00947	0.00473	0.00473
41	0.01543	0.01115	0.01457	0.01372	0.01629	0.01029	0.01029	0.02058	0.03086	0.04372	0.54304	0.08145	0.10288	0.02229	0.01286	0.00343	0.00514	0.01972	0.01200	0.01029
42	0.02779	0.01349	0.01785	0.01630	0.02059	0.01196	0.01235	0.03117	0.02683	0.24117	0.13011	0.25933	0.09857	0.02358	0.01249	0.00379	0.00726	0.02064	0.01175	0.01297
43	0.04080	0.04990	0.03107	0.02780	0.03372	0.52115	0.02103	0.08866	0.03286	0.03073	0.01775	0.02029	0.01448	0.01141	0.00994	0.00285	0.01893	0.00729	0.00613	0.01321
44	0.02527	0.01283	0.01376	0.01246	0.01617	0.01283	0.00967	0.07022	0.02622	0.09958	0.03558	0.03902	0.02704	0.01282	0.00827	0.00269	0.00613	0.01022	0.54742	0.01180
45	0.01543	0.01115	0.01457	0.01372	0.01629	0.01029	0.01029	0.02058	0.03086	0.04372	0.54304	0.08145	0.10288	0.02229	0.01286	0.00343	0.00514	0.01972	0.01200	0.01029
46	0.69383	0.02109	0.01603	0.01434	0.02109	0.02446	0.01181	0.03205	0.01856	0.04892	0.01518	0.01771	0.01181	0.01012	0.00675	0.00337	0.00843	0.00590	0.00675	0.01181
47	0.02444	0.01233	0.01661	0.01650	0.01958	0.01110	0.01197	0.02707	0.02411	0.19332	0.05475	0.43041	0.05799	0.02769	0.01299	0.00410	0.00725	0.02472	0.01118	0.01189
48	0.01466	0.01093	0.01539	0.06391	0.02128	0.01140	0.01230	0.01729	0.01972	0.02663	0.04719	0.38080	0.05397	0.09747	0.14561	0.00793	0.01265	0.02337	0.00837	0.00912
49	0.03924	0.04884	0.03021	0.02744	0.03312	0.51320	0.02065	0.04512	0.08550	0.02876	0.01987	0.02197	0.01615	0.01163	0.00997	0.00291	0.01845	0.00760	0.00622	0.01315
50	0.01558	0.01168	0.01752	0.01752	0.01947	0.01363	0.01363	0.01947	0.01752	0.02531	0.02921	0.04283	0.02726	0.08178	0.57360	0.01752	0.02921	0.01168	0.00584	0.00974
51	0.02699	0.02591	0.04426	0.06693	0.54879	0.02591	0.03346	0.03346	0.02483	0.03562	0.02051	0.02699	0.01727	0.00972	0.01079	0.00324	0.01295	0.00972	0.00540	0.01727
52	0.02818	0.01653	0.02086	0.01785	0.02079	0.01775	0.01325	0.06292	0.02272	0.17270	0.03261	0.05034	0.03019	0.30238	0.03661	0.00705	0.11415	0.01297	0.00848	0.01168
53	0.01586	0.01057	0.01189	0.01189	0.01189	0.01057	0.00661	0.01586	0.01586	0.02114	0.03436	0.07135	0.03964	0.61681	0.05550	0.01057	0.01057	0.01586	0.00661	0.00661
54	0.01639	0.01054	0.01372	0.01500	0.01675	0.00962	0.01045	0.01887	0.02304	0.07317	0.10860	0.46448	0.11670	0.03071	0.01348	0.00418	0.00638	0.02752	0.01058	0.00983
55	0.01598	0.01381	0.02386	0.02186	0.02474	0.01292	0.11836	0.01946	0.02193	0.02937	0.05185	0.48383	0.06006	0.02874	0.01369	0.00427	0.00894	0.02706	0.00912	0.01012
56	0.01586	0.01057	0.01189	0.01189	0.01189	0.01057	0.00661	0.01586	0.01586	0.02114	0.03436	0.07135	0.03964	0.61681	0.05550	0.01057	0.01057	0.01586	0.00661	0.00661
57	0.01318	0.00989	0.01223	0.01411	0.01553	0.00895	0.00964	0.01530	0.02191	0.02826	0.07318	0.47852	0.19484	0.03246	0.01365	0.00423	0.00612	0.02892	0.01012	0.00895
58	0.09235	0.01470	0.01781	0.01550	0.01962	0.01392	0.01127	0.03249	0.02284	0.24240	0.03857	0.10420	0.03501	0.25835	0.02881	0.00638	0.00944	0.01439	0.00976	0.01218
59	0.01558	0.01168	0.01752	0.01752	0.01947	0.01363	0.01363	0.01947	0.01752	0.02531	0.02921	0.04283	0.02726	0.08178	0.57360	0.01752	0.02921	0.01168	0.00584	0.00974
60	0.03819	0.02095	0.02498	0.02077	0.02809	0.02149	0.01663	0.05550	0.27627	0.30495	0.04369	0.03887	0.03009	0.01413	0.01103	0.00353	0.00896	0.01164	0.01231	0.01792
61	0.02006	0.06824	0.01768	0.01408	0.01601	0.01386	0.00995	0.02114	0.01907	0.06208	0.03553	0.10485	0.03759	0.31025	0.03587	0.08136	0.00962	0.05133	0.06272	0.00868
62	0.01743	0.01118	0.01441	0.01506	0.01744	0.01018	0.01104	0.02059	0.02484	0.08254	0.16389	0.33210	0.14477	0.02845	0.01335	0.00406	0.00655	0.06107	0.01082	0.01023
63	0.30285	0.01857	0.02021	0.01691	0.02382	0.01861	0.01369	0.04055	0.02502	0.29555	0.03376	0.09211	0.02587	0.01441	0.00960	0.00349	0.00862	0.01114	0.01043	0.01480
64	0.02358	0.01476	0.01521	0.01403	0.01788	0.01584	0.01082	0.07354	0.13506	0.04409	0.03669	0.03944	0.02831	0.01319	0.00865	0.00285	0.00643	0.01060	0.47662	0.01241
65	0.02573	0.01649	0.01991	0.01773	0.02218	0.01690	0.01361	0.06878	0.15516	0.12469	0.21061	0.10098	0.05678	0.02082	0.01484	0.06696	0.00767	0.01577	0.01110	0.01331
66	0.01924	0.01266	0.01518	0.01489	0.01748	0.01208	0.01057	0.06106	0.02517	0.07579	0.11288	0.27013	0.14364	0.13341	0.02063	0.00511	0.00755	0.02219	0.01004	0.01029
67	0.09290	0.21183	0.03592	0.02004	0.02822	0.03126	0.01750	0.21090	0.03394	0.12445	0.02511	0.02560	0.01860	0.01169	0.00906	0.00294	0.01059	0.00843	0.06520	0.01584
68	0.03799	0.01607	0.02166	0.01799	0.02415	0.01425	0.01440	0.04184	0.02867	0.38432	0.09133	0.09131	0.04117	0.06799	0.01543	0.00419	0.00885	0.05070	0.01226	0.01541
69	0.02183	0.01351	0.01607	0.01502	0.01870	0.01256	0.01115	0.06476	0.02694	0.11925	0.11432	0.21317	0.20686	0.07495	0.01626	0.00435	0.00729	0.02106	0.01063	0.01133
70	0.01767	0.01068	0.01408	0.01559	0.01729	0.00997	0.01112	0.02033	0.02240	0.08018	0.05618	0.46489	0.06325	0.03002	0.01320	0.00422	0.00682	0.06543	0.06668	0.01000
71	0.01328	0.00949	0.01265	0.01518	0.01581	0.00886	0.01012	0.01518	0.02088	0.02783	0.06010	0.60969	0.07212	0.03416	0.01392	0.00443	0.00633	0.03100	0.01012	0.00886
72	0.01681	0.01079	0.01372	0.01467	0.01680	0.00973	0.01035	0.01936	0.02344	0.08029	0.10720	0.41482	0.16106	0.02995	0.01335	0.00410	0.00636	0.02662	0.01060	0.00997
73	0.15151	0.02674	0.03588	0.08094	0.15738	0.02884	0.07640	0.22329	0.03407	0.05045	0.02189	0.02544	0.01650	0.01117	0.01035	0.00336	0.01249	0.00942	0.00780	0.01610
74	0.03098	0.12942	0.03215	0.02084	0.02936	0.09919	0.01722	0.14720	0.07909	0.04143	0.02233	0.02392	0.01771	0.01053	0.00908	0.00248	0.01120	0.00778	0.00753	0.26054
75	0.02066	0.01431	0.01643	0.01565	0.01841	0.01488	0.01169	0.07761	0.07264	0.03724	0.11788	0.06857	0.04849	0.20645	0.02534	0.00579	0.00871	0.09000	0.11861	0.01063
76	0.01735	0.01171	0.01427	0.01389	0.01718	0.01044	0.01063	0.02122	0.02728	0.08005	0.25610	0.13900	0.25231	0.02525	0.01299	0.00374	0.00615	0.05890	0.01110	0.01045
77	0.03039	0.29170	0.04814	0.12639	0.04186	0.03326	0.10337	0.08059	0.02649	0.08992	0.02119	0.02456	0.01638	0.01041	0.00950	0.00300	0.01308	0.00865	0.00641	0.01471
78	0.01928	0.01301	0.01850	0.01650	0.01847	0.01276	0.05525	0.02101	0.01861	0.06762	0.03551	0.10541	0.03787	0.41161	0.09433	0.00950	0.01264	0.01600	0.00728	0.00883
79	0.01594	0.01037	0.01218	0.01239	0.01245	0.01032	0.00718	0.01564	0.01612	0.02149	0.03504	0.11308	0.04039	0.51196	0.05075	0.07473	0.01011	0.01652	0.00672	0.00662
80	0.08489	0.02769	0.03744	0.15666	0.24002	0.10686	0.06761	0.03574	0.02530	0.08385	0.02159	0.02672	0.01665	0.01054	0.01053	0.00332	0.01401	0.00938	0.00622	0.01498
81	0.20690	0.21621	0.03758	0.02214	0.03004	0.11425	0.05700	0.08899	0.06791	0.03906	0.01960	0.02171	0.01573	0.01068	0.00860	0.00300	0.01234	0.00757	0.00664	0.01404
82	0.02384	0.01836	0.02487	0.10850	0.07477	0.02012	0.01854	0.06974	0.07514	0.08122	0.19550	0.05272	0.09094	0.01745	0.01443	0.00362	0.07332	0.01432	0.00936	0.01324
83	0.02593	0.11611	0.11038	0.02266	0.02867	0.02580	0.02081	0.07114	0.06512	0.08233	0.03207	0.16301	0.03082	0.01846	0.01608	0.00378	0.13109	0.01417	0.00782	0.01375

[dist]
# distance from previous block
# <min> <max>
0	19

[block]
# block no. 4 follows, 12 sequences, length 47
# corresponding to MSA columns:
# 457-490,492-504
name=unknown_E
#
# <colnr> <probs for GDERKNQSTAVLIFYWHMCP>
#	G	D	E	R	K	N	Q	S	T	A	V	L	I	F	Y	W	H	M	C	P
0	0.02396	0.03405	0.18635	0.11097	0.03975	0.08594	0.02524	0.03265	0.06161	0.03176	0.02216	0.02957	0.01842	0.06960	0.01619	0.00386	0.05524	0.00908	0.00581	0.13780
1	0.32973	0.01747	0.01861	0.01939	0.06432	0.01847	0.01356	0.02967	0.02292	0.10189	0.11061	0.14066	0.03961	0.01686	0.00987	0.00357	0.00800	0.01365	0.00887	0.01226
2	0.26610	0.02131	0.02118	0.01795	0.02513	0.02241	0.01456	0.07937	0.13352	0.04530	0.02711	0.03349	0.02242	0.01257	0.00909	0.00313	0.00885	0.04711	0.00827	0.18115
3	0.08185	0.02829	0.09936	0.08863	0.03685	0.02602	0.02183	0.15953	0.15941	0.08367	0.02886	0.02958	0.02106	0.01223	0.01029	0.00331	0.01115	0.00967	0.00884	0.07957
4	0.02267	0.01361	0.01713	0.01685	0.01962	0.01330	0.01247	0.07026	0.02499	0.11209	0.04842	0.27671	0.05174	0.15104	0.02211	0.00554	0.00880	0.09171	0.00996	0.01099
5	0.02848	0.01624	0.01998	0.01668	0.02307	0.01404	0.01302	0.03410	0.06177	0.20842	0.05104	0.15071	0.11487	0.01830	0.01110	0.00320	0.00779	0.01556	0.01041	0.18120
6	0.01771	0.01160	0.01574	0.06923	0.02180	0.01141	0.01192	0.02041	0.02229	0.07306	0.11568	0.33976	0.06130	0.13192	0.02061	0.00522	0.00794	0.02309	0.00954	0.00977
7	0.02126	0.01517	0.01773	0.01611	0.02039	0.01524	0.01239	0.03296	0.16640	0.08847	0.28934	0.07014	0.15003	0.02032	0.01221	0.00354	0.00654	0.01744	0.01158	0.01277
8	0.01605	0.01080	0.01255	0.01284	0.01313	0.01080	0.00788	0.01664	0.01693	0.02247	0.03706	0.07734	0.04232	0.54880	0.05081	0.00993	0.01051	0.06913	0.00700	0.00700
9	0.01710	0.01318	0.01490	0.01434	0.01774	0.01297	0.01076	0.02605	0.12009	0.03840	0.24353	0.11994	0.20905	0.02259	0.01219	0.00356	0.00599	0.01941	0.06708	0.01114
10	0.03590	0.02115	0.02489	0.02044	0.02736	0.02184	0.01641	0.13737	0.18259	0.23318	0.11681	0.04287	0.03887	0.01515	0.01128	0.00346	0.00897	0.01249	0.01206	0.01690
11	0.01949	0.01358	0.01541	0.01440	0.01605	0.01394	0.00946	0.09233	0.02320	0.03124	0.08462	0.11637	0.04558	0.41180	0.04062	0.00818	0.00986	0.01674	0.00812	0.00900
12	0.01449	0.01106	0.01299	0.01254	0.01532	0.00989	0.00921	0.01828	0.02729	0.03634	0.33382	0.08965	0.26763	0.07413	0.01644	0.00412	0.00574	0.02066	0.01083	0.00956
13	0.01610	0.01177	0.01415	0.01438	0.01615	0.01160	0.01004	0.02096	0.06520	0.03179	0.17968	0.18052	0.10143	0.21399	0.02663	0.00605	0.00777	0.05288	0.00957	0.00933
14	0.03780	0.15165	0.03434	0.02326	0.03053	0.19428	0.01931	0.14908	0.03335	0.12767	0.02703	0.03351	0.02190	0.01346	0.01020	0.00313	0.01360	0.05245	0.00842	0.01504
15	0.02245	0.01318	0.01649	0.01517	0.01825	0.01262	0.01098	0.02783	0.06629	0.13152	0.22696	0.12864	0.06382	0.16987	0.02313	0.00534	0.00768	0.01784	0.01064	0.01130
16	0.04892	0.01856	0.02530	0.01940	0.02783	0.01603	0.01603	0.05314	0.03121	0.55634	0.04302	0.03711	0.02699	0.01350	0.01096	0.00337	0.00928	0.01096	0.01350	0.01856
17	0.01586	0.01057	0.01189	0.01189	0.01189	0.01057	0.00661	0.01586	0.01586	0.02114	0.03436	0.07135	0.03964	0.61681	0.05550	0.01057	0.01057	0.01586	0.00661	0.00661
18	0.03949	0.02373	0.02757	0.02227	0.02991	0.02482	0.01833	0.24360	0.11369	0.22466	0.03758	0.04135	0.02784	0.01512	0.01136	0.00354	0.01040	0.05549	0.01172	0.01753
19	0.02365	0.01213	0.01633	0.01641	0.01931	0.01094	0.01184	0.02622	0.02388	0.18152	0.05513	0.44319	0.05899	0.02815	0.01306	0.00412	0.00718	0.02517	0.01110	0.01168
20	0.04474	0.02527	0.02946	0.02258	0.03118	0.02599	0.01866	0.31031	0.04244	0.28331	0.03359	0.03099	0.02226	0.01327	0.01093	0.00332	0.01080	0.01032	0.01205	0.01855
21	0.01328	0.00949	0.01265	0.01518	0.01581	0.00886	0.01012	0.01518	0.02088	0.02783	0.06010	0.60969	0.07212	0.03416	0.01392	0.00443	0.00633	0.03100	0.01012	0.00886
22	0.10140	0.01333	0.01658	0.01652	0.01995	0.01274	0.01237	0.02719	0.02351	0.16261	0.05044	0.36051	0.05313	0.02590	0.01244	0.00409	0.00759	0.05741	0.01057	0.01171
23	0.63521	0.02086	0.01687	0.01480	0.02170	0.02369	0.01219	0.03397	0.01971	0.09504	0.01771	0.01948	0.01319	0.01043	0.00713	0.00337	0.00851	0.00636	0.00736	0.01242
24	0.01556	0.01045	0.01198	0.01227	0.01235	0.01037	0.00701	0.01578	0.01644	0.02192	0.03734	0.13376	0.04341	0.54927	0.05068	0.00986	0.01008	0.01761	0.00701	0.00687
25	0.01418	0.01044	0.01336	0.01464	0.01642	0.00963	0.01060	0.01733	0.02443	0.03256	0.18973	0.35085	0.15233	0.02975	0.01360	0.00412	0.00626	0.06978	0.01059	0.00939
26	0.08802	0.01401	0.01645	0.01445	0.01909	0.01291	0.01115	0.02874	0.02702	0.17661	0.20320	0.06900	0.18735	0.06611	0.01507	0.00403	0.00709	0.01664	0.01099	0.01208
27	0.01757	0.01255	0.01757	0.02008	0.02259	0.01255	0.01757	0.02259	0.02510	0.03263	0.05773	0.12299	0.06275	0.03012	0.01506	0.00502	0.01004	0.47540	0.01004	0.01004
28	0.02385	0.02385	0.03340	0.02863	0.02863	0.03340	0.02385	0.02624	0.01670	0.02624	0.01431	0.02385	0.01431	0.01908	0.03578	0.00477	0.59685	0.00954	0.00477	0.01193
29	0.22504	0.01712	0.01863	0.01655	0.02171	0.01749	0.01273	0.06831	0.02490	0.18468	0.03711	0.17974	0.03462	0.07595	0.01477	0.00433	0.00861	0.01497	0.00980	0.01295
30	0.02773	0.03136	0.04008	0.29104	0.05854	0.18465	0.14718	0.03418	0.02543	0.02928	0.01931	0.02642	0.01489	0.01057	0.01108	0.00340	0.01699	0.00971	0.00524	0.01291
31	0.01419	0.01014	0.01370	0.01622	0.01725	0.00964	0.01170	0.01676	0.02177	0.02885	0.05959	0.50632	0.07013	0.03330	0.01416	0.00455	0.00711	0.12539	0.01010	0.00911
32	0.01736	0.01435	0.01401	0.01410	0.01715	0.05707	0.01070	0.02108	0.02582	0.03382	0.16203	0.13276	0.24440	0.02375	0.01210	0.00358	0.00708	0.06343	0.11554	0.00989
33	0.08809	0.01746	0.02091	0.01796	0.02301	0.01743	0.01380	0.12366	0.02858	0.20393	0.03748	0.15435	0.03357	0.07076	0.01861	0.08293	0.00925	0.01470	0.01014	0.01338
34	0.03361	0.02037	0.02763	0.12023	0.08408	0.02094	0.01995	0.14069	0.03219	0.20860	0.07561	0.10236	0.03349	0.01572	0.01142	0.00351	0.01043	0.01341	0.01020	0.01556
35	0.04073	0.05197	0.03090	0.02809	0.03371	0.57303	0.02107	0.04354	0.03090	0.02669	0.01685	0.01966	0.01404	0.01124	0.00983	0.00281	0.01966	0.00702	0.00562	0.01264
36	0.01912	0.01418	0.02166	0.02298	0.06477	0.01417	0.05989	0.02423	0.02330	0.03378	0.04286	0.12295	0.04296	0.02859	0.07730	0.00553	0.01167	0.18374	0.17539	0.01093
37	0.02820	0.02396	0.02526	0.02241	0.02876	0.02762	0.01752	0.09219	0.49308	0.04735	0.04301	0.03959	0.03217	0.01466	0.01108	0.00367	0.00888	0.01214	0.01108	0.01736
38	0.02832	0.02402	0.02533	0.02243	0.02881	0.02768	0.01755	0.09615	0.48892	0.04755	0.04285	0.03946	0.03204	0.01465	0.01108	0.00366	0.00891	0.01212	0.01108	0.01737
39	0.01289	0.01105	0.01105	0.01105	0.01473	0.00920	0.00828	0.01565	0.02485	0.02946	0.11046	0.10493	0.54437	0.02761	0.01289	0.00368	0.00552	0.02301	0.01013	0.00920
40	0.02187	0.05640	0.56031	0.03108	0.04719	0.02532	0.04029	0.03453	0.02302	0.03453	0.01957	0.02302	0.01381	0.01036	0.01036	0.00345	0.01611	0.00806	0.00460	0.01611
41	0.02834	0.01461	0.02023	0.01985	0.02439	0.01374	0.01704	0.03309	0.02720	0.21258	0.05267	0.09348	0.05046	0.02441	0.01365	0.00445	0.00978	0.31582	0.01123	0.01297
42	0.01563	0.01145	0.01636	0.01636	0.01790	0.01300	0.01218	0.01872	0.01718	0.02445	0.03027	0.04873	0.02982	0.19243	0.46645	0.01609	0.02535	0.01255	0.00600	0.00909
43	0.02187	0.05640	0.56031	0.03108	0.04719	0.02532	0.04029	0.03453	0.02302	0.03453	0.01957	0.02302	0.01381	0.01036	0.01036	0.00345	0.01611	0.00806	0.00460	0.01611
44	0.02699	0.02591	0.04426	0.06693	0.54879	0.02591	0.03346	0.03346	0.02483	0.03562	0.02051	0.02699	0.01727	0.00972	0.01079	0.00324	0.01295	0.00972	0.00540	0.01727
45	0.03044	0.17310	0.04446	0.12639	0.19021	0.02830	0.08118	0.03619	0.02497	0.12845	0.02335	0.02710	0.01774	0.01045	0.01013	0.00315	0.01283	0.00934	0.00664	0.01558
46	0.02314	0.02128	0.03260	0.24094	0.19592	0.02138	0.02524	0.02935	0.02296	0.03275	0.01971	0.02624	0.01589	0.00959	0.00990	0.00283	0.01186	0.00859	0.00556	0.24429

[dist]
# distance from previous block
# <min> <max>
0	3

[block]
# block no. 5 follows, 12 sequences, length 44
# corresponding to MSA columns:
# 508-551
name=unknown_F
#
# <colnr> <probs for GDERKNQSTAVLIFYWHMCP>
#	G	D	E	R	K	N	Q	S	T	A	V	L	I	F	Y	W	H	M	C	P
0	0.02075	0.01482	0.01706	0.01594	0.02006	0.01476	0.01210	0.03146	0.15770	0.08761	0.19224	0.13779	0.18980	0.02236	0.01236	0.00368	0.00669	0.01921	0.01118	0.01243
1	0.02468	0.02104	0.02791	0.03318	0.16428	0.06482	0.02054	0.02820	0.02293	0.08014	0.03534	0.23554	0.03701	0.02079	0.01674	0.00394	0.12498	0.01721	0.00776	0.01296
2	0.02291	0.02034	0.02661	0.01900	0.02882	0.01578	0.06045	0.02817	0.02291	0.03547	0.01964	0.02326	0.01619	0.00818	0.00853	0.00181	0.00906	0.00707	0.00637	0.61941
3	0.01894	0.00947	0.01420	0.01420	0.01420	0.00947	0.00947	0.01420	0.01420	0.01894	0.01894	0.03314	0.01894	0.03788	0.04261	0.68277	0.00947	0.00947	0.00473	0.00473
4	0.02358	0.02111	0.02929	0.08313	0.16909	0.01845	0.01998	0.02909	0.02312	0.03484	0.01968	0.02437	0.01630	0.00877	0.00906	0.00223	0.00997	0.00762	0.00603	0.44428
5	0.01560	0.01158	0.01698	0.01698	0.01874	0.01334	0.01296	0.01912	0.01736	0.02491	0.02970	0.04557	0.02844	0.13302	0.52398	0.01686	0.02742	0.01208	0.00591	0.00944
6	0.03142	0.51160	0.05200	0.02050	0.02910	0.14679	0.01913	0.03478	0.02387	0.02585	0.01549	0.01792	0.01400	0.00970	0.00755	0.00243	0.01323	0.00606	0.00485	0.01373
7	0.02072	0.01934	0.03250	0.23548	0.15624	0.02153	0.06386	0.02615	0.02211	0.02997	0.03022	0.18206	0.03053	0.01734	0.01386	0.00385	0.05970	0.01559	0.00641	0.01256
8	0.69383	0.02109	0.01603	0.01434	0.02109	0.02446	0.01181	0.03205	0.01856	0.04892	0.01518	0.01771	0.01181	0.01012	0.00675	0.00337	0.00843	0.00590	0.00675	0.01181
9	0.02337	0.01671	0.02488	0.12204	0.12975	0.01753	0.01927	0.02853	0.06275	0.07949	0.03229	0.08739	0.03042	0.09402	0.02250	0.12220	0.01086	0.05690	0.00737	0.01175
10	0.02149	0.01768	0.02661	0.29844	0.08412	0.02029	0.02194	0.07031	0.02304	0.03035	0.02597	0.08355	0.02454	0.12005	0.02177	0.06762	0.01236	0.01248	0.00619	0.01120
11	0.08640	0.02472	0.03577	0.33895	0.15530	0.07740	0.06725	0.03140	0.02327	0.03175	0.01918	0.02675	0.01492	0.01050	0.01055	0.00346	0.01447	0.00935	0.00526	0.01333
12	0.04073	0.05197	0.03090	0.02809	0.03371	0.57303	0.02107	0.04354	0.03090	0.02669	0.01685	0.01966	0.01404	0.01124	0.00983	0.00281	0.01966	0.00702	0.00562	0.01264
13	0.01562	0.01047	0.01196	0.01220	0.01225	0.01041	0.00693	0.01579	0.01632	0.02176	0.03673	0.12102	0.04264	0.56306	0.05166	0.01000	0.01018	0.01725	0.00693	0.00681
14	0.02369	0.03676	0.24315	0.04105	0.17759	0.02470	0.11529	0.03493	0.07095	0.03538	0.02584	0.07431	0.02174	0.01233	0.01127	0.00354	0.01418	0.01159	0.00602	0.01570
15	0.02347	0.14916	0.42695	0.03045	0.04492	0.02854	0.08267	0.03425	0.02314	0.03308	0.01907	0.02272	0.01411	0.01007	0.01004	0.00329	0.01559	0.00815	0.00470	0.01562
16	0.01495	0.01113	0.01391	0.01321	0.01600	0.01008	0.00991	0.01965	0.02973	0.04104	0.46162	0.08587	0.18598	0.02329	0.01287	0.00348	0.00522	0.02034	0.01165	0.01008
17	0.01586	0.01057	0.01189	0.01189	0.01189	0.01057	0.00661	0.01586	0.01586	0.02114	0.03436	0.07135	0.03964	0.61681	0.05550	0.01057	0.01057	0.01586	0.00661	0.00661
18	0.69383	0.02109	0.01603	0.01434	0.02109	0.02446	0.01181	0.03205	0.01856	0.04892	0.01518	0.01771	0.01181	0.01012	0.00675	0.00337	0.00843	0.00590	0.00675	0.01181
19	0.02545	0.08230	0.12387	0.28100	0.05273	0.02595	0.02716	0.03747	0.11877	0.08092	0.02593	0.02989	0.01905	0.01164	0.01049	0.00347	0.01294	0.00967	0.00677	0.01454
20	0.03325	0.19673	0.04040	0.08010	0.03752	0.24362	0.06043	0.07375	0.07515	0.03200	0.02030	0.02320	0.01640	0.01099	0.00961	0.00295	0.01533	0.00813	0.00617	0.01398
21	0.01890	0.01593	0.02409	0.17235	0.13471	0.01668	0.01917	0.02299	0.02322	0.03087	0.12586	0.05635	0.13401	0.07629	0.01878	0.06685	0.01009	0.01449	0.00732	0.01105
22	0.02096	0.01502	0.02350	0.17199	0.03508	0.01580	0.05551	0.02421	0.02124	0.07618	0.06871	0.11672	0.03643	0.17793	0.02644	0.07058	0.01113	0.01503	0.00733	0.01022
23	0.01960	0.01602	0.02382	0.23782	0.04167	0.01857	0.02030	0.06767	0.02349	0.03133	0.03319	0.15045	0.03280	0.03528	0.15699	0.00744	0.01618	0.04900	0.00706	0.01132
24	0.01894	0.00947	0.01420	0.01420	0.01420	0.00947	0.00947	0.01420	0.01420	0.01894	0.01894	0.03314	0.01894	0.03788	0.04261	0.68277	0.00947	0.00947	0.00473	0.00473
25	0.01850	0.01089	0.01364	0.01388	0.01489	0.01044	0.00890	0.01905	0.01876	0.07432	0.04188	0.23531	0.04676	0.31861	0.03680	0.07231	0.00899	0.01958	0.00820	0.00829
26	0.01394	0.00991	0.01294	0.01458	0.01552	0.00929	0.00981	0.01626	0.02226	0.03016	0.14838	0.45752	0.07471	0.08912	0.01780	0.00484	0.00652	0.02739	0.01013	0.00890
27	0.02261	0.01938	0.02261	0.01615	0.02584	0.01453	0.01292	0.02745	0.02261	0.03553	0.01938	0.02261	0.01615	0.00807	0.00807	0.00161	0.00807	0.00646	0.00646	0.68346
28	0.01885	0.01581	0.01652	0.01692	0.01906	0.06394	0.01237	0.02429	0.07182	0.03152	0.13178	0.20203	0.05938	0.15871	0.02266	0.00553	0.00919	0.10035	0.00932	0.00996
29	0.02144	0.02031	0.02877	0.02539	0.02596	0.02764	0.02088	0.02427	0.01694	0.02597	0.01865	0.02939	0.01809	0.03735	0.19249	0.00849	0.43145	0.01017	0.00508	0.01129
30	0.03182	0.02762	0.02721	0.02302	0.03010	0.07824	0.01818	0.17498	0.31510	0.04919	0.03498	0.03342	0.02620	0.01347	0.01068	0.00333	0.01050	0.01070	0.01016	0.07109
31	0.03301	0.02393	0.06274	0.03085	0.14596	0.02096	0.02118	0.11876	0.03024	0.18104	0.03110	0.08438	0.02496	0.01341	0.01066	0.00313	0.01051	0.01144	0.00912	0.13261
32	0.03509	0.03017	0.10096	0.12955	0.04129	0.07048	0.02428	0.16602	0.03239	0.16601	0.02621	0.02816	0.01844	0.01283	0.01308	0.00349	0.06748	0.00958	0.00857	0.01594
33	0.02487	0.08252	0.23647	0.02724	0.03614	0.02504	0.07202	0.03153	0.02158	0.07842	0.02143	0.02720	0.01697	0.02041	0.06367	0.06981	0.11605	0.00928	0.00566	0.01371
34	0.02834	0.02087	0.03113	0.03838	0.22575	0.02156	0.02302	0.07607	0.02687	0.12066	0.03440	0.13783	0.03239	0.01766	0.01416	0.00378	0.06678	0.05697	0.00841	0.01496
35	0.02458	0.09118	0.21387	0.28941	0.05645	0.02567	0.03118	0.03302	0.02315	0.08053	0.02129	0.02665	0.01543	0.01081	0.01034	0.00342	0.01429	0.00888	0.00557	0.01428
36	0.02745	0.02192	0.03429	0.13888	0.12645	0.02276	0.10014	0.11592	0.02913	0.08158	0.03306	0.07666	0.05443	0.01389	0.01124	0.00345	0.01200	0.01272	0.06956	0.01446
37	0.01529	0.01111	0.01480	0.01675	0.01866	0.01061	0.01316	0.01893	0.02403	0.03160	0.11115	0.30269	0.11478	0.03066	0.01421	0.00451	0.00773	0.21952	0.01027	0.00954
38	0.01731	0.06989	0.02513	0.10785	0.03024	0.01638	0.06305	0.02120	0.02254	0.02980	0.09043	0.35898	0.05517	0.02470	0.01261	0.00394	0.00917	0.02254	0.00852	0.01054
39	0.02459	0.23412	0.15308	0.12002	0.03872	0.02932	0.02395	0.07392	0.02588	0.03367	0.06657	0.03486	0.07315	0.01293	0.00979	0.00310	0.01208	0.01008	0.00634	0.01380
40	0.03553	0.07782	0.07920	0.02175	0.02921	0.11454	0.01886	0.13123	0.03202	0.17908	0.07658	0.03661	0.02917	0.07244	0.01493	0.00389	0.01213	0.01068	0.00929	0.01502
41	0.03100	0.01815	0.02151	0.01855	0.02412	0.01910	0.01474	0.08596	0.16274	0.18095	0.03796	0.03873	0.02813	0.02548	0.10778	0.00574	0.01199	0.01119	0.14113	0.01504
42	0.19441	0.01349	0.01541	0.06857	0.02274	0.01443	0.01245	0.02084	0.02035	0.03343	0.04439	0.39863	0.05076	0.02562	0.01174	0.00407	0.00765	0.02236	0.00874	0.00994
