[name]
unknown

[dist]
# distance from previous block
# <min> <max>
12	149

[block]
# block no. 0 follows, 13 sequences, length 12
# corresponding to MSA columns:
# 175-186
name=unknown_A
#
# <colnr> <probs for GDERKNQSTAVLIFYWHMCP>
#	G	D	E	R	K	N	Q	S	T	A	V	L	I	F	Y	W	H	M	C	P
0	0.02132	0.01824	0.02202	0.01930	0.02304	0.04737	0.04569	0.08849	0.05568	0.03672	0.13310	0.12316	0.12885	0.02377	0.05135	0.00444	0.07904	0.01610	0.05074	0.01156
1	0.02543	0.07415	0.02120	0.01590	0.01888	0.01623	0.01191	0.08403	0.02126	0.09594	0.02351	0.03439	0.02106	0.09306	0.03158	0.37628	0.00979	0.00975	0.00661	0.00904
2	0.02413	0.04431	0.38549	0.08973	0.11063	0.02558	0.03486	0.09606	0.02594	0.03723	0.01989	0.02376	0.01447	0.01036	0.01022	0.00332	0.01459	0.00839	0.00537	0.01569
3	0.02280	0.02174	0.03565	0.28416	0.14625	0.02342	0.09305	0.03260	0.08927	0.03241	0.02245	0.02854	0.01736	0.01029	0.01050	0.00323	0.01282	0.00976	0.00585	0.09786
4	0.02729	0.02104	0.06268	0.13673	0.15645	0.01982	0.02269	0.06301	0.02620	0.14822	0.09452	0.03700	0.02997	0.02085	0.08198	0.00499	0.01320	0.01106	0.00796	0.01433
5	0.02106	0.01695	0.01953	0.01537	0.02239	0.01449	0.01207	0.02906	0.09020	0.03760	0.11519	0.03580	0.03336	0.01150	0.00895	0.00222	0.00710	0.00958	0.08259	0.41497
6	0.01960	0.01138	0.01463	0.04984	0.01925	0.01105	0.01081	0.02308	0.02310	0.09610	0.13402	0.22716	0.05343	0.08805	0.01585	0.00419	0.00694	0.01836	0.16297	0.01019
7	0.01730	0.01448	0.01984	0.01819	0.01972	0.01701	0.01430	0.02112	0.02363	0.03417	0.29776	0.09717	0.06347	0.02793	0.08318	0.00531	0.19034	0.01606	0.00872	0.01030
8	0.01875	0.01438	0.02072	0.15852	0.08271	0.01478	0.01632	0.02307	0.02386	0.06458	0.16778	0.09107	0.14365	0.09442	0.01692	0.00431	0.00893	0.01605	0.00836	0.01084
9	0.02413	0.02229	0.03629	0.30863	0.14469	0.02411	0.08806	0.08444	0.02539	0.03443	0.02004	0.02684	0.01541	0.01008	0.01047	0.00320	0.01329	0.00943	0.00571	0.09307
10	0.22549	0.02010	0.02831	0.19977	0.04230	0.02157	0.07451	0.03616	0.02334	0.19352	0.02466	0.02735	0.01710	0.01091	0.00964	0.00338	0.01130	0.00904	0.00777	0.01378
11	0.18302	0.06652	0.02592	0.01982	0.02711	0.11691	0.01596	0.11777	0.12419	0.04245	0.02281	0.02390	0.01772	0.01087	0.00875	0.00283	0.01069	0.00779	0.00762	0.14735

[dist]
# distance from previous block
# <min> <max>
0	3

[block]
# block no. 1 follows, 13 sequences, length 20
# corresponding to MSA columns:
# 190-209
name=unknown_B
#
# <colnr> <probs for GDERKNQSTAVLIFYWHMCP>
#	G	D	E	R	K	N	Q	S	T	A	V	L	I	F	Y	W	H	M	C	P
0	0.02661	0.02191	0.03273	0.13368	0.25438	0.02219	0.02444	0.03615	0.10352	0.08923	0.02529	0.02882	0.01947	0.01047	0.01010	0.00302	0.01101	0.00939	0.00697	0.13062
1	0.07081	0.08023	0.03279	0.02770	0.09688	0.06585	0.04833	0.12206	0.11646	0.18725	0.02971	0.02927	0.02129	0.01184	0.01009	0.00318	0.01116	0.00965	0.00920	0.01626
2	0.06601	0.01631	0.06450	0.01668	0.01901	0.01518	0.01334	0.01978	0.01737	0.02597	0.03161	0.13888	0.03425	0.25775	0.14653	0.00896	0.07745	0.01488	0.00645	0.00909
3	0.01859	0.01192	0.01620	0.06602	0.02102	0.01250	0.01169	0.02092	0.01856	0.07902	0.03530	0.13761	0.03655	0.27464	0.18296	0.00987	0.01471	0.01548	0.00725	0.00920
4	0.09923	0.21726	0.11861	0.13168	0.03880	0.06743	0.02291	0.07855	0.07068	0.03454	0.01972	0.02282	0.01548	0.01049	0.00885	0.00300	0.01243	0.00768	0.00592	0.01390
5	0.28243	0.12488	0.03035	0.08211	0.07771	0.07844	0.01860	0.12409	0.02637	0.04222	0.01771	0.02074	0.01393	0.01036	0.00835	0.00305	0.01128	0.00721	0.00656	0.01357
6	0.01472	0.00920	0.01277	0.01441	0.01481	0.00879	0.00960	0.01441	0.01808	0.02411	0.04493	0.42437	0.05268	0.03433	0.02280	0.23446	0.00715	0.02307	0.00807	0.00725
7	0.01618	0.01163	0.01401	0.01448	0.01563	0.01205	0.00984	0.02042	0.07110	0.02567	0.04091	0.17160	0.04497	0.34196	0.08579	0.00850	0.01087	0.06814	0.00777	0.00849
8	0.03460	0.11207	0.03261	0.02295	0.03052	0.08139	0.01891	0.28427	0.18268	0.05103	0.02808	0.02762	0.02100	0.01250	0.01002	0.00312	0.01133	0.00943	0.00935	0.01652
9	0.02153	0.01636	0.02222	0.02619	0.12401	0.01676	0.01655	0.10287	0.02519	0.03396	0.03762	0.16638	0.03997	0.14029	0.02231	0.05045	0.00997	0.10810	0.00804	0.01122
10	0.12743	0.16685	0.16337	0.02449	0.07866	0.02553	0.02239	0.03550	0.02319	0.13979	0.02195	0.02338	0.01621	0.01011	0.00873	0.00288	0.01119	0.00757	0.00674	0.08405
11	0.07475	0.25103	0.14316	0.02121	0.03086	0.03002	0.02133	0.08223	0.07866	0.13499	0.02439	0.02460	0.01804	0.01091	0.00886	0.00294	0.01125	0.00799	0.00741	0.01537
12	0.01366	0.01017	0.01279	0.01387	0.01575	0.00930	0.01005	0.01672	0.02387	0.03163	0.19586	0.33156	0.18173	0.02851	0.01311	0.00394	0.00596	0.06215	0.01027	0.00911
13	0.02408	0.09774	0.16394	0.08062	0.08455	0.02366	0.08601	0.03369	0.07846	0.06750	0.02800	0.08825	0.02368	0.01295	0.01033	0.00330	0.01206	0.01146	0.05561	0.01411
14	0.07214	0.02413	0.10552	0.23779	0.08463	0.02092	0.02490	0.03736	0.02460	0.22442	0.02687	0.02934	0.01836	0.01127	0.01027	0.00337	0.01201	0.00939	0.00783	0.01488
15	0.01985	0.01177	0.01575	0.01546	0.01759	0.01169	0.01118	0.02322	0.06653	0.08617	0.12125	0.19906	0.04802	0.03269	0.07245	0.20292	0.00933	0.01695	0.00866	0.00946
16	0.02538	0.01529	0.01877	0.01763	0.02149	0.01525	0.01317	0.09687	0.08218	0.14958	0.04864	0.35371	0.04953	0.02408	0.01220	0.00385	0.00773	0.02120	0.01071	0.01274
17	0.02887	0.10372	0.03515	0.28726	0.14066	0.02434	0.02500	0.03456	0.02392	0.16023	0.02401	0.02821	0.01743	0.01078	0.01005	0.00322	0.01221	0.00919	0.00681	0.01439
18	0.03120	0.09515	0.17327	0.02534	0.07384	0.02372	0.02322	0.12320	0.02944	0.17190	0.03630	0.03583	0.08501	0.01319	0.01028	0.00319	0.01129	0.01051	0.00843	0.01568
19	0.23071	0.01922	0.06312	0.12255	0.06868	0.01853	0.01743	0.02596	0.02038	0.03593	0.02897	0.16685	0.02831	0.01580	0.00958	0.00346	0.00924	0.01311	0.09084	0.01134

[dist]
# distance from previous block
# <min> <max>
0	34

[block]
# block no. 2 follows, 13 sequences, length 23
# corresponding to MSA columns:
# 244-266
name=unknown_C
#
# <colnr> <probs for GDERKNQSTAVLIFYWHMCP>
#	G	D	E	R	K	N	Q	S	T	A	V	L	I	F	Y	W	H	M	C	P
0	0.02409	0.06811	0.06978	0.03006	0.12810	0.02203	0.08094	0.03354	0.09625	0.03503	0.02245	0.02564	0.01795	0.00940	0.00936	0.00255	0.01074	0.00845	0.00636	0.29919
1	0.01891	0.01106	0.01402	0.01470	0.01721	0.01018	0.01092	0.02191	0.02289	0.10398	0.05973	0.33683	0.12651	0.02648	0.01235	0.00390	0.00670	0.07909	0.09242	0.01022
2	0.02225	0.02316	0.09010	0.17352	0.04212	0.02129	0.08293	0.09810	0.05872	0.03669	0.06977	0.13235	0.03453	0.01663	0.01166	0.00367	0.01177	0.05021	0.00765	0.01289
3	0.01522	0.01088	0.01471	0.01471	0.01580	0.01198	0.01037	0.01741	0.01632	0.02285	0.03041	0.05311	0.03146	0.30911	0.36357	0.01417	0.02076	0.01302	0.00597	0.00817
4	0.48605	0.02174	0.02182	0.01786	0.02513	0.02386	0.04643	0.09433	0.02403	0.12258	0.02026	0.02156	0.01462	0.01057	0.00800	0.00328	0.00934	0.00732	0.00788	0.01335
5	0.01791	0.01566	0.02499	0.17527	0.03658	0.01712	0.07016	0.02491	0.05492	0.03184	0.15456	0.04950	0.07750	0.03239	0.16249	0.00702	0.01512	0.01357	0.00737	0.01110
6	0.03325	0.37539	0.04411	0.02215	0.02960	0.28336	0.01913	0.03635	0.02525	0.02532	0.01543	0.01790	0.01359	0.00987	0.00800	0.00247	0.01475	0.00617	0.00493	0.01299
7	0.01680	0.01120	0.01427	0.01342	0.01635	0.01013	0.01009	0.02119	0.02849	0.07715	0.42362	0.11498	0.15721	0.02249	0.01241	0.00342	0.00540	0.01969	0.01137	0.01031
8	0.02933	0.38433	0.04241	0.01985	0.02695	0.18407	0.01752	0.03277	0.02503	0.02775	0.09562	0.02674	0.02638	0.01141	0.00837	0.00254	0.01246	0.00796	0.00583	0.01268
9	0.02856	0.01382	0.01849	0.01561	0.02048	0.01230	0.01230	0.03317	0.03007	0.26312	0.34128	0.06099	0.06896	0.01805	0.01170	0.00330	0.00667	0.01557	0.01224	0.01333
10	0.02895	0.01823	0.02144	0.01857	0.02420	0.01899	0.01459	0.04515	0.26629	0.18568	0.18128	0.04918	0.04883	0.01597	0.01119	0.00343	0.00763	0.01353	0.01162	0.01525
11	0.02730	0.02314	0.03330	0.34244	0.12913	0.02669	0.02684	0.18738	0.03067	0.04072	0.02105	0.02701	0.01571	0.01109	0.01056	0.00336	0.01309	0.00944	0.00665	0.01444
12	0.01510	0.01133	0.01699	0.01699	0.01888	0.01322	0.01322	0.01888	0.01699	0.02454	0.02832	0.04154	0.02643	0.07930	0.58652	0.01699	0.02832	0.01133	0.00566	0.00944
13	0.01963	0.17652	0.02900	0.05263	0.09092	0.02068	0.01582	0.02379	0.02452	0.03249	0.20458	0.14119	0.09200	0.01840	0.01079	0.00321	0.00830	0.01582	0.00816	0.01157
14	0.24677	0.31326	0.03721	0.01870	0.02618	0.15222	0.01646	0.03373	0.02218	0.03231	0.01506	0.01748	0.01290	0.00969	0.00729	0.00268	0.01196	0.00592	0.00537	0.01261
15	0.52701	0.02270	0.02411	0.01949	0.02686	0.02525	0.08483	0.09166	0.02282	0.04785	0.01696	0.01977	0.01289	0.01004	0.00787	0.00330	0.00996	0.00714	0.00686	0.01264
16	0.02144	0.02545	0.14232	0.06233	0.13496	0.01925	0.02281	0.07889	0.02871	0.04060	0.24924	0.04790	0.05141	0.01516	0.01125	0.00329	0.00998	0.01322	0.00833	0.01346
17	0.02062	0.01946	0.03289	0.54660	0.12414	0.02366	0.02969	0.02758	0.02145	0.02780	0.01891	0.02798	0.01437	0.01045	0.01056	0.00348	0.01393	0.00940	0.00475	0.01227
18	0.02109	0.03553	0.28528	0.17908	0.04744	0.02302	0.03068	0.03357	0.09577	0.03307	0.02681	0.03805	0.02200	0.01312	0.01084	0.00361	0.01348	0.06747	0.00605	0.01404
19	0.02866	0.02621	0.02469	0.02180	0.02764	0.10434	0.01696	0.10755	0.35723	0.04417	0.09099	0.03901	0.03498	0.01442	0.01074	0.00339	0.00992	0.01168	0.01008	0.01555
20	0.01866	0.01639	0.02190	0.01938	0.02225	0.01861	0.01541	0.02184	0.01875	0.02759	0.03141	0.10951	0.06585	0.03463	0.16932	0.00709	0.20465	0.01278	0.00630	0.15768
21	0.03677	0.04881	0.12769	0.02715	0.03463	0.44313	0.02344	0.04132	0.02861	0.06683	0.01866	0.02089	0.01449	0.01090	0.00971	0.00288	0.01771	0.00727	0.00583	0.01328
22	0.23563	0.02088	0.07673	0.05658	0.02713	0.01926	0.01703	0.06304	0.02279	0.07071	0.03268	0.07996	0.05502	0.02490	0.09130	0.00550	0.01239	0.06894	0.00755	0.01196

[dist]
# distance from previous block
# <min> <max>
9	27

[block]
# block no. 3 follows, 13 sequences, length 9
# corresponding to MSA columns:
# 294-302
name=unknown_D
#
# <colnr> <probs for GDERKNQSTAVLIFYWHMCP>
#	G	D	E	R	K	N	Q	S	T	A	V	L	I	F	Y	W	H	M	C	P
0	0.02439	0.01636	0.02544	0.26344	0.08542	0.01760	0.02097	0.02923	0.02310	0.14550	0.03525	0.20085	0.03303	0.01753	0.01142	0.00366	0.01057	0.01563	0.00804	0.01259
1	0.01660	0.01321	0.01765	0.01706	0.01762	0.01563	0.01241	0.01836	0.01682	0.02375	0.03223	0.15130	0.03569	0.25280	0.17036	0.00954	0.14817	0.01566	0.00644	0.00868
2	0.10417	0.11467	0.20486	0.12478	0.03803	0.05930	0.02414	0.02910	0.02071	0.03004	0.02026	0.03022	0.01782	0.12096	0.01709	0.00442	0.01312	0.00884	0.00517	0.01229
3	0.02579	0.09377	0.24683	0.03526	0.10215	0.02627	0.16151	0.03636	0.06258	0.07429	0.02283	0.02621	0.01687	0.01013	0.01053	0.00329	0.01441	0.00955	0.00591	0.01546
4	0.02489	0.07870	0.33005	0.09970	0.14076	0.02479	0.03320	0.03414	0.02320	0.08280	0.02099	0.02464	0.01530	0.01021	0.01003	0.00325	0.01399	0.00842	0.00545	0.01548
5	0.62083	0.02025	0.01749	0.08485	0.02676	0.02369	0.01361	0.03059	0.01837	0.04498	0.01521	0.01850	0.01177	0.00991	0.00703	0.00330	0.00889	0.00617	0.00632	0.01149
6	0.02396	0.01347	0.01818	0.15086	0.02962	0.01435	0.01451	0.02913	0.02276	0.12435	0.03140	0.03643	0.02383	0.01898	0.06874	0.00435	0.01018	0.01003	0.34322	0.01163
7	0.03369	0.02639	0.02807	0.02301	0.03031	0.02975	0.01852	0.30685	0.28065	0.05615	0.03364	0.03196	0.02467	0.01347	0.01066	0.00337	0.01011	0.01066	0.01066	0.01740
8	0.01447	0.01057	0.01380	0.01500	0.01695	0.00991	0.01142	0.01807	0.02454	0.03286	0.21078	0.27970	0.13196	0.02805	0.01335	0.00407	0.00658	0.13826	0.01034	0.00932

[dist]
# distance from previous block
# <min> <max>
0	5

[block]
# block no. 4 follows, 13 sequences, length 63
# corresponding to MSA columns:
# 308-361,363-371
name=unknown_E
#
# <colnr> <probs for GDERKNQSTAVLIFYWHMCP>
#	G	D	E	R	K	N	Q	S	T	A	V	L	I	F	Y	W	H	M	C	P
0	0.02496	0.02852	0.06239	0.04456	0.05526	0.02674	0.52406	0.03387	0.02496	0.03387	0.02139	0.02852	0.01604	0.00891	0.01248	0.00357	0.01783	0.01248	0.00535	0.01426
1	0.02136	0.02023	0.03319	0.46657	0.06444	0.02420	0.07035	0.03202	0.10051	0.03021	0.02269	0.02992	0.01702	0.01100	0.01076	0.00354	0.01355	0.01005	0.00567	0.01272
2	0.01793	0.01231	0.01774	0.10381	0.02371	0.01398	0.01300	0.01764	0.01580	0.02137	0.02297	0.04177	0.02353	0.19841	0.08291	0.28588	0.06377	0.01111	0.00520	0.00717
3	0.02586	0.07020	0.02633	0.06505	0.06594	0.02305	0.01682	0.17026	0.02975	0.04134	0.06864	0.04058	0.06477	0.07415	0.01612	0.00385	0.05635	0.01139	0.11667	0.01291
4	0.02936	0.50923	0.08947	0.02027	0.02928	0.11820	0.01995	0.03330	0.02275	0.02564	0.01524	0.01765	0.01356	0.00938	0.00741	0.00241	0.01273	0.00598	0.00465	0.01353
5	0.13353	0.07595	0.10303	0.02772	0.11614	0.02326	0.02158	0.03684	0.02361	0.19310	0.02435	0.02583	0.01766	0.01139	0.01173	0.00318	0.06904	0.00844	0.00761	0.06602
6	0.01711	0.01316	0.01540	0.01594	0.01846	0.01332	0.01144	0.06339	0.10244	0.03311	0.06062	0.40574	0.13363	0.02764	0.01269	0.00399	0.00681	0.02445	0.01002	0.01065
7	0.02120	0.01004	0.01482	0.01427	0.01506	0.00980	0.00980	0.01746	0.01538	0.07220	0.02065	0.03252	0.01913	0.03442	0.03833	0.62510	0.00916	0.00932	0.00542	0.00590
8	0.02926	0.02083	0.03325	0.24334	0.20397	0.02261	0.02618	0.03492	0.02401	0.17101	0.02472	0.02922	0.01803	0.01151	0.01247	0.00343	0.05962	0.00972	0.00705	0.01486
9	0.01580	0.01209	0.01488	0.01632	0.01835	0.01221	0.01197	0.02299	0.11137	0.03078	0.05888	0.40694	0.09786	0.02883	0.01312	0.00421	0.00701	0.09623	0.00997	0.01019
10	0.01370	0.00982	0.01310	0.01482	0.01601	0.00921	0.01048	0.01651	0.02275	0.03082	0.16885	0.45743	0.07577	0.03023	0.01336	0.00413	0.00619	0.06763	0.01021	0.00900
11	0.04514	0.02167	0.02682	0.02056	0.02883	0.02100	0.01698	0.20217	0.03642	0.41045	0.03654	0.03263	0.02358	0.01296	0.01062	0.00324	0.00983	0.01028	0.01229	0.01799
12	0.03762	0.02231	0.02723	0.07523	0.08380	0.06351	0.01903	0.04787	0.14418	0.31043	0.03594	0.03383	0.02461	0.01262	0.01055	0.00331	0.01042	0.01041	0.01048	0.01661
13	0.01352	0.00966	0.01300	0.01545	0.01634	0.00914	0.01092	0.01582	0.02087	0.02770	0.05792	0.54470	0.06854	0.03253	0.01366	0.00438	0.00669	0.10060	0.00980	0.00876
14	0.02121	0.05469	0.57364	0.03014	0.04576	0.02455	0.03906	0.03348	0.02232	0.03348	0.01897	0.02232	0.01339	0.01005	0.01005	0.00335	0.01563	0.00781	0.00446	0.01563
15	0.07183	0.02730	0.08269	0.19700	0.08591	0.06766	0.02421	0.11586	0.07315	0.11469	0.02489	0.02771	0.01796	0.01143	0.01021	0.00331	0.01252	0.00924	0.00756	0.01487
16	0.02445	0.01870	0.03097	0.02741	0.07251	0.01960	0.12036	0.02885	0.02220	0.11478	0.07841	0.04167	0.03046	0.11677	0.10604	0.00661	0.10828	0.01235	0.00727	0.01231
17	0.01937	0.01163	0.01462	0.01441	0.01578	0.01150	0.00967	0.05386	0.01997	0.06445	0.03738	0.21904	0.04092	0.23090	0.03289	0.16115	0.00880	0.01758	0.00778	0.00830
18	0.38455	0.03159	0.10734	0.02172	0.02998	0.10833	0.05728	0.08175	0.02406	0.04296	0.01716	0.01991	0.01306	0.01022	0.00837	0.00321	0.01200	0.00709	0.00637	0.01306
19	0.02498	0.01494	0.01548	0.01358	0.01758	0.01575	0.01066	0.15391	0.02926	0.04642	0.03215	0.03581	0.02475	0.01241	0.00821	0.00265	0.00665	0.00977	0.51309	0.01194
20	0.02412	0.01442	0.01731	0.01594	0.01988	0.01389	0.01197	0.09903	0.02661	0.11789	0.04347	0.29101	0.04353	0.02128	0.01107	0.00343	0.00729	0.01852	0.13502	0.06435
21	0.02060	0.01387	0.01644	0.01503	0.01872	0.01404	0.01151	0.03112	0.14445	0.08072	0.32459	0.06096	0.06821	0.01795	0.01118	0.00325	0.00603	0.01549	0.11378	0.01206
22	0.70310	0.02045	0.01554	0.01390	0.02045	0.02372	0.01145	0.03108	0.01799	0.04744	0.01472	0.01718	0.01145	0.00981	0.00654	0.00327	0.00818	0.00573	0.00654	0.01145
23	0.02140	0.01149	0.01166	0.01105	0.01401	0.01175	0.00844	0.06614	0.02445	0.04167	0.03374	0.03826	0.02635	0.01235	0.00765	0.00252	0.00548	0.00983	0.63125	0.01053
24	0.03950	0.05039	0.02996	0.02724	0.03269	0.58597	0.02043	0.04222	0.02996	0.02588	0.01634	0.01907	0.01362	0.01090	0.00953	0.00272	0.01907	0.00681	0.00545	0.01226
25	0.03489	0.01507	0.02008	0.01636	0.02228	0.01332	0.01314	0.03933	0.02955	0.36005	0.20728	0.05011	0.04997	0.01578	0.01098	0.00323	0.00740	0.01331	0.06307	0.01480
26	0.01510	0.01133	0.01699	0.01699	0.01888	0.01322	0.01322	0.01888	0.01699	0.02454	0.02832	0.04154	0.02643	0.07930	0.58652	0.01699	0.02832	0.01133	0.00566	0.00944
27	0.01371	0.00979	0.01256	0.01373	0.01516	0.00899	0.00953	0.01588	0.02248	0.02999	0.17356	0.37692	0.14629	0.02988	0.01526	0.05696	0.00600	0.02485	0.00982	0.00864
28	0.02630	0.02271	0.02391	0.02152	0.02749	0.02630	0.01674	0.05618	0.54336	0.04423	0.04303	0.03945	0.03228	0.01434	0.01076	0.00359	0.00837	0.01195	0.01076	0.01674
29	0.02192	0.01879	0.02192	0.01566	0.02506	0.01409	0.01253	0.02662	0.02192	0.03445	0.01879	0.02192	0.01566	0.00783	0.00783	0.00157	0.00783	0.00626	0.00626	0.69305
30	0.15042	0.01912	0.02372	0.02057	0.06436	0.01727	0.01535	0.04064	0.02572	0.31270	0.03000	0.02868	0.02045	0.01099	0.00925	0.00285	0.00883	0.00866	0.00975	0.18066
31	0.28527	0.13643	0.03011	0.02344	0.06928	0.19623	0.01759	0.07101	0.02499	0.03746	0.01640	0.01902	0.01337	0.01019	0.00809	0.00292	0.01259	0.00661	0.00606	0.01296
32	0.13120	0.02536	0.02654	0.02158	0.02901	0.02823	0.01751	0.27973	0.18997	0.09652	0.03037	0.02921	0.02192	0.01280	0.01006	0.00332	0.00997	0.00979	0.01025	0.01668
33	0.02507	0.02819	0.06049	0.04655	0.10478	0.02658	0.47606	0.03373	0.02487	0.03393	0.02124	0.02829	0.01611	0.00896	0.01228	0.00352	0.01731	0.01218	0.00534	0.01450
34	0.70310	0.02045	0.01554	0.01390	0.02045	0.02372	0.01145	0.03108	0.01799	0.04744	0.01472	0.01718	0.01145	0.00981	0.00654	0.00327	0.00818	0.00573	0.00654	0.01145
35	0.01428	0.00979	0.01186	0.01293	0.01320	0.00952	0.00790	0.01509	0.01751	0.02335	0.04427	0.31166	0.05226	0.36708	0.03611	0.00764	0.00844	0.02182	0.00790	0.00736
36	0.04636	0.01972	0.02560	0.01963	0.02785	0.01810	0.01622	0.12206	0.03315	0.49518	0.03929	0.03442	0.02496	0.01303	0.01062	0.00326	0.00939	0.01047	0.01271	0.01799
37	0.02192	0.01879	0.02192	0.01566	0.02506	0.01409	0.01253	0.02662	0.02192	0.03445	0.01879	0.02192	0.01566	0.00783	0.00783	0.00157	0.00783	0.00626	0.00626	0.69305
38	0.02313	0.02313	0.03238	0.02776	0.02776	0.03238	0.02313	0.02545	0.01619	0.02545	0.01388	0.02313	0.01388	0.01851	0.03470	0.00463	0.60907	0.00925	0.00463	0.01157
39	0.01805	0.01444	0.02030	0.01889	0.01962	0.01799	0.01451	0.01957	0.01603	0.02327	0.02339	0.03936	0.02354	0.14881	0.25170	0.10563	0.19956	0.01109	0.00533	0.00890
40	0.02827	0.63478	0.05540	0.01809	0.02714	0.04184	0.01809	0.03166	0.02148	0.02488	0.01470	0.01696	0.01357	0.00905	0.00678	0.00226	0.01131	0.00565	0.00452	0.01357
41	0.02827	0.63478	0.05540	0.01809	0.02714	0.04184	0.01809	0.03166	0.02148	0.02488	0.01470	0.01696	0.01357	0.00905	0.00678	0.00226	0.01131	0.00565	0.00452	0.01357
42	0.01358	0.01075	0.01221	0.01185	0.01495	0.00939	0.00889	0.01727	0.02666	0.03464	0.30456	0.09176	0.35693	0.02451	0.01248	0.00346	0.00519	0.02091	0.01062	0.00939
43	0.02517	0.38012	0.28291	0.02338	0.03531	0.03425	0.02730	0.03246	0.02185	0.02865	0.01658	0.01931	0.01349	0.00948	0.00822	0.00274	0.01320	0.00660	0.00450	0.01447
44	0.03222	0.01434	0.01894	0.01648	0.02173	0.01253	0.01279	0.03543	0.02638	0.33171	0.05554	0.22326	0.11093	0.02103	0.01176	0.00362	0.00764	0.01812	0.01165	0.01391
45	0.01584	0.01016	0.01232	0.01232	0.01247	0.01031	0.00739	0.01539	0.01524	0.02047	0.03050	0.06103	0.03425	0.48966	0.09336	0.12135	0.01149	0.01406	0.00605	0.00635
46	0.01437	0.01078	0.01331	0.01268	0.01543	0.00972	0.00951	0.01880	0.02852	0.03906	0.44845	0.08447	0.21028	0.02286	0.01248	0.00338	0.00508	0.01989	0.01120	0.00972
47	0.01468	0.00956	0.01198	0.01345	0.01473	0.00906	0.00930	0.01763	0.02197	0.03182	0.11993	0.41936	0.06442	0.02696	0.01200	0.00376	0.00571	0.02410	0.16053	0.00906
48	0.02496	0.02852	0.06239	0.04456	0.05526	0.02674	0.52406	0.03387	0.02496	0.03387	0.02139	0.02852	0.01604	0.00891	0.01248	0.00357	0.01783	0.01248	0.00535	0.01426
49	0.01889	0.01563	0.01720	0.01665	0.02048	0.01658	0.01246	0.03354	0.25172	0.03642	0.11142	0.19432	0.16781	0.02231	0.01197	0.00372	0.00682	0.01927	0.01041	0.01238
50	0.02613	0.04324	0.37917	0.03290	0.08102	0.02351	0.10338	0.03624	0.02404	0.11620	0.02288	0.02558	0.01597	0.01031	0.01051	0.00335	0.01470	0.00902	0.00597	0.01588
51	0.70310	0.02045	0.01554	0.01390	0.02045	0.02372	0.01145	0.03108	0.01799	0.04744	0.01472	0.01718	0.01145	0.00981	0.00654	0.00327	0.00818	0.00573	0.00654	0.01145
52	0.03246	0.02610	0.07326	0.12418	0.11710	0.02556	0.02364	0.18101	0.11028	0.13544	0.02845	0.02966	0.02036	0.01197	0.01056	0.00332	0.01154	0.00991	0.00880	0.01641
53	0.02617	0.02512	0.04292	0.06490	0.56246	0.02512	0.03245	0.03245	0.02407	0.03454	0.01989	0.02617	0.01675	0.00942	0.01047	0.00314	0.01256	0.00942	0.00523	0.01675
54	0.02305	0.01920	0.03069	0.39128	0.13125	0.02216	0.02627	0.03104	0.06059	0.07417	0.02558	0.07378	0.02098	0.01258	0.01079	0.00351	0.01244	0.01124	0.00630	0.01311
55	0.01837	0.00918	0.01377	0.01377	0.01377	0.00918	0.00918	0.01377	0.01377	0.01837	0.01837	0.03214	0.01837	0.03673	0.04132	0.69238	0.00918	0.00918	0.00459	0.00459
56	0.02317	0.02121	0.03433	0.42717	0.18369	0.02468	0.02928	0.07166	0.02430	0.03221	0.01962	0.02747	0.01505	0.01049	0.01055	0.00340	0.01352	0.00941	0.00533	0.01345
57	0.01407	0.00974	0.01263	0.01389	0.01522	0.00911	0.00966	0.01711	0.02330	0.03263	0.20571	0.41089	0.07533	0.02796	0.01268	0.00385	0.00569	0.02511	0.06629	0.00911
58	0.01647	0.01334	0.01961	0.01883	0.02039	0.01648	0.01491	0.02000	0.01686	0.02470	0.02586	0.03840	0.02429	0.06894	0.49251	0.01489	0.12726	0.01097	0.00549	0.00980
59	0.02972	0.02234	0.07015	0.07003	0.10944	0.01843	0.06917	0.03563	0.02571	0.19597	0.07280	0.03285	0.02604	0.01131	0.01027	0.00293	0.01061	0.01010	0.00831	0.16821
60	0.02281	0.07252	0.02498	0.01632	0.02542	0.01744	0.01333	0.02934	0.06204	0.03438	0.02030	0.02284	0.01676	0.00844	0.00797	0.00178	0.00817	0.00665	0.00646	0.58204
61	0.01735	0.05180	0.02071	0.14663	0.02992	0.01525	0.01448	0.02095	0.02112	0.02832	0.07691	0.18206	0.09026	0.11119	0.01745	0.00432	0.00898	0.01635	0.00738	0.11855
62	0.03652	0.12035	0.07420	0.02396	0.03240	0.11469	0.05889	0.11539	0.08090	0.19594	0.02815	0.02767	0.01997	0.01166	0.00999	0.00308	0.01244	0.00919	0.00877	0.01584

[dist]
# distance from previous block
# <min> <max>
0	20

[block]
# block no. 5 follows, 13 sequences, length 14
# corresponding to MSA columns:
# 418-422,433-441
name=unknown_F
#
# <colnr> <probs for GDERKNQSTAVLIFYWHMCP>
#	G	D	E	R	K	N	Q	S	T	A	V	L	I	F	Y	W	H	M	C	P
0	0.02555	0.07946	0.18790	0.02284	0.03006	0.11206	0.02238	0.07851	0.02430	0.03239	0.02226	0.03144	0.01954	0.11720	0.01966	0.00438	0.07745	0.00930	0.07072	0.01261
1	0.02047	0.02876	0.18879	0.02842	0.08963	0.02171	0.02497	0.02879	0.06421	0.03220	0.05933	0.13166	0.03386	0.01819	0.01607	0.00390	0.12705	0.06210	0.00687	0.01304
2	0.01400	0.01046	0.01383	0.01543	0.01593	0.01072	0.01052	0.01567	0.01937	0.02614	0.05186	0.51092	0.06183	0.09842	0.01973	0.00499	0.05587	0.02672	0.00901	0.00859
3	0.02687	0.01864	0.02243	0.01627	0.02543	0.01437	0.01311	0.03145	0.02354	0.13822	0.02324	0.02465	0.01770	0.00885	0.00837	0.00190	0.00806	0.00711	0.00759	0.56220
4	0.02713	0.02720	0.02820	0.26921	0.04701	0.16877	0.02250	0.10816	0.02781	0.03298	0.02542	0.11881	0.02338	0.01454	0.01076	0.00338	0.01374	0.01200	0.00663	0.01237
5	0.02255	0.02121	0.03420	0.03457	0.14932	0.02308	0.11753	0.03111	0.10194	0.03114	0.02594	0.03694	0.02318	0.12152	0.08075	0.00612	0.10809	0.01157	0.00626	0.01298
6	0.03134	0.02655	0.02555	0.02092	0.02719	0.11185	0.01663	0.26624	0.03886	0.05085	0.18233	0.04017	0.04158	0.01475	0.01080	0.00304	0.01057	0.01175	0.00980	0.05924
7	0.03701	0.02791	0.03173	0.11546	0.03909	0.03132	0.02156	0.44844	0.04521	0.06040	0.02435	0.02583	0.01737	0.01236	0.01058	0.00323	0.01202	0.00950	0.00965	0.01700
8	0.26602	0.02437	0.08674	0.07073	0.07196	0.02130	0.05220	0.03382	0.02219	0.12258	0.02124	0.02378	0.01556	0.01002	0.00879	0.00304	0.01053	0.00784	0.00697	0.12029
9	0.03098	0.38791	0.10536	0.02229	0.03095	0.20944	0.02116	0.03515	0.02422	0.02615	0.01569	0.01822	0.01356	0.00973	0.00801	0.00253	0.01421	0.00625	0.00480	0.01339
10	0.01429	0.00998	0.01215	0.01303	0.01361	0.00980	0.00823	0.01539	0.01776	0.02361	0.04629	0.26704	0.07982	0.33830	0.07656	0.00822	0.00983	0.02075	0.00778	0.00756
11	0.06378	0.11952	0.06083	0.02160	0.02961	0.02434	0.06512	0.09065	0.10720	0.09335	0.02897	0.08513	0.02431	0.01294	0.00977	0.00299	0.01023	0.01086	0.00806	0.13074
12	0.02309	0.03156	0.16111	0.12672	0.05315	0.02456	0.29544	0.03202	0.02351	0.03276	0.02023	0.02654	0.01514	0.00931	0.01122	0.00332	0.01582	0.01042	0.00515	0.07893
13	0.03257	0.16110	0.24488	0.02360	0.03488	0.02618	0.02565	0.08722	0.02728	0.19916	0.02568	0.02570	0.01779	0.01103	0.00960	0.00308	0.01231	0.00840	0.00772	0.01616

[dist]
# distance from previous block
# <min> <max>
3	30

[block]
# block no. 6 follows, 13 sequences, length 28
# corresponding to MSA columns:
# 561-588
name=unknown_G
#
# <colnr> <probs for GDERKNQSTAVLIFYWHMCP>
#	G	D	E	R	K	N	Q	S	T	A	V	L	I	F	Y	W	H	M	C	P
0	0.02563	0.08026	0.32872	0.07182	0.04079	0.02374	0.03023	0.06831	0.02528	0.09947	0.02601	0.03514	0.02064	0.01272	0.01048	0.00344	0.01347	0.06234	0.00655	0.01497
1	0.02129	0.01823	0.02303	0.02079	0.08370	0.01467	0.01435	0.02621	0.02344	0.03573	0.10466	0.03149	0.02918	0.01020	0.00886	0.00202	0.00791	0.00867	0.00701	0.50856
2	0.01672	0.01194	0.01415	0.01353	0.01631	0.01167	0.01009	0.05572	0.02596	0.03608	0.22218	0.11376	0.17014	0.06952	0.07882	0.00534	0.00861	0.01774	0.09182	0.00990
3	0.01459	0.01032	0.01360	0.01529	0.01648	0.00994	0.01116	0.01727	0.02161	0.02889	0.10948	0.34270	0.06590	0.12568	0.02009	0.00528	0.00760	0.14599	0.00946	0.00869
4	0.02327	0.22410	0.42229	0.02662	0.04032	0.02960	0.03294	0.03295	0.02208	0.03097	0.01773	0.02076	0.01344	0.00975	0.00909	0.00303	0.01436	0.00718	0.00448	0.01503
5	0.07319	0.06157	0.01784	0.01382	0.01744	0.01395	0.01074	0.02334	0.02689	0.07584	0.36698	0.06686	0.10594	0.06378	0.01444	0.00376	0.00643	0.01632	0.01027	0.01061
6	0.01771	0.01425	0.01622	0.01512	0.01886	0.01449	0.01151	0.02943	0.17808	0.03985	0.30722	0.07254	0.18213	0.02065	0.01198	0.00346	0.00605	0.01775	0.01098	0.01171
7	0.01352	0.00966	0.01300	0.01545	0.01634	0.00914	0.01092	0.01582	0.02087	0.02770	0.05792	0.54461	0.06854	0.03252	0.01367	0.00438	0.00669	0.10069	0.00980	0.00876
8	0.10724	0.04465	0.35381	0.03074	0.07484	0.06966	0.06533	0.07038	0.02472	0.03712	0.01895	0.02234	0.01391	0.01016	0.00981	0.00328	0.01465	0.00803	0.00536	0.01501
9	0.02671	0.02002	0.06008	0.01707	0.02567	0.01459	0.01472	0.03185	0.02495	0.15719	0.09824	0.03302	0.02949	0.01108	0.00926	0.00232	0.00825	0.00914	0.00843	0.39791
10	0.65851	0.02028	0.01615	0.01424	0.02089	0.02316	0.01173	0.03247	0.01883	0.08296	0.01656	0.01846	0.01245	0.01004	0.00682	0.00327	0.00823	0.00606	0.00699	0.01190
11	0.02827	0.63478	0.05540	0.01809	0.02714	0.04184	0.01809	0.03166	0.02148	0.02488	0.01470	0.01696	0.01357	0.00905	0.00678	0.00226	0.01131	0.00565	0.00452	0.01357
12	0.01703	0.01096	0.01415	0.01368	0.01585	0.01018	0.00979	0.02060	0.02590	0.07471	0.34654	0.17139	0.07927	0.11974	0.01911	0.00460	0.00632	0.01986	0.01058	0.00975
13	0.01335	0.00953	0.01280	0.01525	0.01607	0.00899	0.01062	0.01553	0.02070	0.02751	0.05802	0.56534	0.06891	0.03269	0.01362	0.00436	0.00654	0.08165	0.00981	0.00872
14	0.01479	0.01125	0.01623	0.01623	0.01832	0.01270	0.01259	0.01843	0.01785	0.02503	0.03786	0.04883	0.09084	0.07294	0.51699	0.01537	0.02554	0.01266	0.00617	0.00938
15	0.01447	0.01074	0.01380	0.01545	0.01753	0.01007	0.01206	0.01785	0.02335	0.03025	0.10773	0.28063	0.17737	0.02938	0.01360	0.00427	0.00718	0.19515	0.00993	0.00919
16	0.02192	0.01879	0.02192	0.01566	0.02506	0.01409	0.01253	0.02662	0.02192	0.03445	0.01879	0.02192	0.01566	0.00783	0.00783	0.00157	0.00783	0.00626	0.00626	0.69305
17	0.01997	0.01879	0.03171	0.60301	0.07282	0.02349	0.02936	0.02701	0.02114	0.02701	0.01879	0.02819	0.01409	0.01057	0.01057	0.00352	0.01409	0.00940	0.00470	0.01175
18	0.70310	0.02045	0.01554	0.01390	0.02045	0.02372	0.01145	0.03108	0.01799	0.04744	0.01472	0.01718	0.01145	0.00981	0.00654	0.00327	0.00818	0.00573	0.00654	0.01145
19	0.02238	0.01787	0.01932	0.01779	0.02211	0.01987	0.01344	0.04132	0.34192	0.03855	0.08277	0.04910	0.07789	0.06660	0.01665	0.05870	0.00784	0.01320	0.05936	0.01332
20	0.01647	0.01191	0.01351	0.01238	0.01647	0.01010	0.00945	0.02002	0.02590	0.07269	0.21252	0.08463	0.35639	0.02292	0.01198	0.00333	0.00573	0.01935	0.01025	0.06400
21	0.02313	0.02313	0.03238	0.02776	0.02776	0.03238	0.02313	0.02545	0.01619	0.02545	0.01388	0.02313	0.01388	0.01851	0.03470	0.00463	0.60907	0.00925	0.00463	0.01157
22	0.02408	0.03462	0.18151	0.04120	0.05305	0.02623	0.41106	0.03378	0.02434	0.03378	0.02083	0.02708	0.01543	0.00918	0.01191	0.00351	0.01731	0.01139	0.00514	0.01458
23	0.12686	0.01829	0.02345	0.01822	0.02620	0.01653	0.01504	0.04905	0.02878	0.50651	0.03844	0.03371	0.02439	0.01269	0.01014	0.00327	0.00890	0.01004	0.01229	0.01720
24	0.02223	0.02749	0.14953	0.09265	0.03478	0.05223	0.05528	0.08792	0.02760	0.03750	0.17793	0.04538	0.04218	0.08295	0.01591	0.00409	0.01160	0.01261	0.00767	0.01248
25	0.03597	0.01629	0.01980	0.01606	0.02209	0.01546	0.01298	0.09888	0.02953	0.30630	0.03698	0.03601	0.02553	0.01275	0.00939	0.00295	0.00776	0.01020	0.27018	0.01488
26	0.02367	0.02117	0.03476	0.02703	0.03361	0.02085	0.19665	0.13977	0.03020	0.04043	0.09813	0.15366	0.09658	0.01776	0.01224	0.00359	0.01138	0.01696	0.00859	0.01297
27	0.02743	0.10637	0.14756	0.02163	0.03124	0.02420	0.02119	0.11325	0.08546	0.07655	0.02621	0.03150	0.02094	0.01179	0.00960	0.00287	0.01084	0.04097	0.00756	0.18287

[dist]
# distance from previous block
# <min> <max>
4	14

[block]
# block no. 7 follows, 13 sequences, length 26
# corresponding to MSA columns:
# 603-628
name=unknown_H
#
# <colnr> <probs for GDERKNQSTAVLIFYWHMCP>
#	G	D	E	R	K	N	Q	S	T	A	V	L	I	F	Y	W	H	M	C	P
0	0.02313	0.02313	0.03238	0.02776	0.02776	0.03238	0.02313	0.02545	0.01619	0.02545	0.01388	0.02313	0.01388	0.01851	0.03470	0.00463	0.60907	0.00925	0.00463	0.01157
1	0.01921	0.01109	0.01453	0.01491	0.01736	0.01002	0.01069	0.02191	0.02354	0.12495	0.12085	0.40529	0.10925	0.02761	0.01277	0.00393	0.00643	0.02459	0.01062	0.01045
2	0.02630	0.02271	0.02391	0.02152	0.02749	0.02630	0.01674	0.05618	0.54336	0.04423	0.04303	0.03945	0.03228	0.01434	0.01076	0.00359	0.00837	0.01195	0.01076	0.01674
3	0.01285	0.01004	0.01166	0.01270	0.01486	0.00885	0.00897	0.01531	0.02279	0.02885	0.11756	0.33315	0.30631	0.02925	0.01294	0.00388	0.00568	0.02556	0.00995	0.00885
4	0.04019	0.02962	0.03173	0.02433	0.03279	0.03279	0.02010	0.52721	0.04971	0.06663	0.02538	0.02538	0.01798	0.01269	0.01058	0.00317	0.01163	0.00952	0.01058	0.01798
5	0.02882	0.02103	0.02325	0.02044	0.02651	0.02330	0.01602	0.05262	0.42104	0.12859	0.08268	0.04196	0.03653	0.01471	0.01087	0.00352	0.00821	0.01230	0.01120	0.01641
6	0.02822	0.03233	0.02397	0.02250	0.02630	0.32121	0.01709	0.03143	0.02397	0.02526	0.02188	0.02945	0.01954	0.04251	0.27625	0.00932	0.02334	0.00890	0.00555	0.01096
7	0.02496	0.02852	0.06239	0.04456	0.05526	0.02674	0.52406	0.03387	0.02496	0.03387	0.02139	0.02852	0.01604	0.00891	0.01248	0.00357	0.01783	0.01248	0.00535	0.01426
8	0.15213	0.02207	0.02543	0.22179	0.04084	0.07470	0.01985	0.06905	0.02342	0.08647	0.02200	0.03050	0.01803	0.08726	0.01686	0.00426	0.05723	0.00933	0.00660	0.01217
9	0.02873	0.02904	0.02167	0.02021	0.02345	0.26979	0.01480	0.03159	0.07270	0.02609	0.02126	0.02762	0.01835	0.02081	0.02110	0.25527	0.01316	0.00844	0.06623	0.00967
10	0.03422	0.02546	0.02749	0.02258	0.02985	0.02839	0.01816	0.26854	0.28042	0.09532	0.03496	0.03283	0.02534	0.01350	0.01067	0.00338	0.00989	0.01075	0.01086	0.01740
11	0.02033	0.01224	0.01698	0.01565	0.01711	0.01280	0.01127	0.01912	0.01626	0.05763	0.02241	0.03645	0.02163	0.11251	0.09008	0.37100	0.07030	0.01007	0.00563	0.06054
12	0.27239	0.01884	0.02145	0.01713	0.02475	0.01835	0.01414	0.04451	0.02605	0.39058	0.03245	0.02953	0.02112	0.01196	0.00923	0.00327	0.00872	0.00895	0.01084	0.01575
13	0.03186	0.48162	0.04838	0.01969	0.02806	0.13107	0.01826	0.03520	0.02369	0.07347	0.01738	0.01901	0.01470	0.00972	0.00759	0.00243	0.01241	0.00629	0.00544	0.01374
14	0.02162	0.01162	0.01499	0.01488	0.01745	0.01057	0.01050	0.02377	0.02216	0.15736	0.05395	0.34859	0.09203	0.12582	0.01936	0.00497	0.00744	0.02234	0.01005	0.01053
15	0.02352	0.01278	0.01648	0.01592	0.01903	0.01204	0.01154	0.02811	0.06259	0.17390	0.08318	0.33048	0.05424	0.08438	0.01644	0.00449	0.00740	0.02132	0.01055	0.01160
16	0.02375	0.04039	0.32014	0.03045	0.04242	0.02479	0.13377	0.08048	0.07610	0.03837	0.06470	0.03000	0.02298	0.01138	0.01086	0.00340	0.01418	0.01023	0.00638	0.01522
17	0.02353	0.01693	0.02262	0.02219	0.06434	0.01862	0.01613	0.02948	0.07152	0.12017	0.11221	0.08835	0.12962	0.02335	0.05490	0.00463	0.14524	0.01482	0.00887	0.01250
18	0.03322	0.01454	0.01966	0.01687	0.02216	0.01283	0.01316	0.03685	0.02753	0.34382	0.12501	0.19924	0.04915	0.01975	0.01168	0.00355	0.00762	0.01713	0.01199	0.01425
19	0.01476	0.01101	0.01340	0.01442	0.01598	0.01076	0.00989	0.01957	0.07277	0.02980	0.11735	0.37658	0.11080	0.10969	0.01845	0.00485	0.00670	0.02427	0.00967	0.00929
20	0.09305	0.02821	0.07382	0.02693	0.07218	0.06788	0.06963	0.12834	0.02760	0.04040	0.01941	0.02304	0.01533	0.01061	0.01170	0.00288	0.06722	0.00815	0.00661	0.20702
21	0.08951	0.07056	0.02695	0.06227	0.02958	0.06852	0.01742	0.08694	0.16722	0.10533	0.09167	0.03503	0.03074	0.01386	0.01195	0.00335	0.05518	0.01058	0.00896	0.01439
22	0.04132	0.01649	0.02176	0.01715	0.02432	0.01434	0.01402	0.04535	0.02888	0.46534	0.04748	0.04281	0.07881	0.01436	0.01051	0.00322	0.00825	0.01171	0.07757	0.01632
23	0.01683	0.01092	0.01491	0.06114	0.02094	0.01047	0.01180	0.01935	0.02155	0.08071	0.05672	0.48312	0.09305	0.02896	0.01292	0.00409	0.00699	0.02601	0.00974	0.00979
24	0.03175	0.07247	0.08734	0.15774	0.09492	0.02293	0.10437	0.03819	0.02537	0.21936	0.02704	0.02935	0.01879	0.01091	0.01054	0.00329	0.01268	0.00989	0.00776	0.01532
25	0.09719	0.11543	0.08012	0.02242	0.03056	0.09202	0.04781	0.12449	0.02954	0.17230	0.02745	0.06810	0.02149	0.01281	0.00982	0.00314	0.01181	0.01007	0.00846	0.01497

[dist]
# distance from previous block
# <min> <max>
3	8

[block]
# block no. 8 follows, 13 sequences, length 19
# corresponding to MSA columns:
# 637-655
name=unknown_I
#
# <colnr> <probs for GDERKNQSTAVLIFYWHMCP>
#	G	D	E	R	K	N	Q	S	T	A	V	L	I	F	Y	W	H	M	C	P
0	0.09412	0.02647	0.18672	0.08113	0.03243	0.01814	0.02194	0.02700	0.05317	0.03386	0.07533	0.19223	0.03977	0.01882	0.01121	0.00374	0.01041	0.05394	0.00748	0.01207
1	0.02631	0.02073	0.02323	0.08287	0.03017	0.05224	0.01578	0.09233	0.08081	0.07817	0.05302	0.06423	0.02619	0.01244	0.00960	0.00270	0.00935	0.01022	0.06048	0.24913
2	0.02120	0.01573	0.02332	0.02341	0.08824	0.01405	0.05534	0.02541	0.02410	0.09232	0.11335	0.21798	0.08210	0.01949	0.01150	0.00331	0.00828	0.01765	0.00887	0.13436
3	0.02869	0.07824	0.22946	0.02186	0.03207	0.01992	0.02324	0.03481	0.02333	0.17789	0.02476	0.02678	0.01786	0.01371	0.01342	0.08688	0.01148	0.00834	0.00712	0.12012
4	0.01543	0.01000	0.01343	0.01536	0.01660	0.00932	0.01075	0.01765	0.02121	0.06225	0.05703	0.54453	0.06641	0.03153	0.01340	0.00427	0.00660	0.06494	0.01002	0.00928
5	0.02093	0.01978	0.03345	0.51933	0.14896	0.02374	0.02984	0.02786	0.02160	0.02818	0.01896	0.02787	0.01451	0.01039	0.01055	0.00346	0.01386	0.00940	0.00478	0.01252
6	0.02500	0.01944	0.03197	0.44617	0.12574	0.02245	0.02759	0.03149	0.02292	0.11234	0.02249	0.02915	0.01630	0.01082	0.01057	0.00344	0.01311	0.00959	0.00607	0.01333
7	0.31929	0.02382	0.01993	0.01691	0.02329	0.09053	0.01354	0.12010	0.02625	0.04559	0.02053	0.02305	0.01591	0.01067	0.00791	0.00288	0.00955	0.00728	0.11968	0.08328
8	0.01610	0.01237	0.01522	0.01484	0.01824	0.01084	0.01116	0.01929	0.02206	0.03022	0.09102	0.22575	0.11412	0.09105	0.01667	0.00427	0.00745	0.10464	0.00875	0.16593
9	0.09110	0.01717	0.01980	0.01538	0.02280	0.01453	0.01222	0.02540	0.02180	0.03548	0.07930	0.03016	0.02588	0.01827	0.07868	0.00382	0.01005	0.00825	0.00682	0.46312
10	0.02092	0.01716	0.02309	0.12678	0.06849	0.01691	0.01737	0.07892	0.02472	0.03432	0.03382	0.20315	0.03480	0.01790	0.01097	0.00325	0.00938	0.05222	0.00768	0.19816
11	0.25700	0.18569	0.03050	0.10770	0.03174	0.02768	0.01674	0.03285	0.07825	0.03625	0.01899	0.02188	0.01526	0.00999	0.00786	0.00287	0.00992	0.00703	0.00615	0.09566
12	0.01608	0.01158	0.01565	0.01598	0.01654	0.01275	0.01139	0.01697	0.01744	0.02391	0.03698	0.22713	0.04180	0.17591	0.10157	0.11434	0.08397	0.04498	0.00705	0.00799
13	0.02054	0.01812	0.02331	0.08097	0.02921	0.07724	0.07634	0.02436	0.02346	0.06317	0.05024	0.27565	0.11237	0.02293	0.01240	0.00383	0.01018	0.05647	0.00846	0.01075
14	0.15755	0.08921	0.03209	0.11705	0.03610	0.02473	0.08540	0.10810	0.02567	0.09772	0.02226	0.02785	0.01740	0.04601	0.01439	0.05758	0.01161	0.00916	0.00706	0.01305
15	0.02640	0.06893	0.08983	0.06002	0.10094	0.02215	0.02136	0.06461	0.02412	0.11079	0.02675	0.08874	0.02327	0.01892	0.05720	0.00430	0.07674	0.01103	0.00714	0.09675
16	0.09678	0.01746	0.02355	0.15495	0.03479	0.01956	0.01848	0.03256	0.05834	0.15741	0.03421	0.13421	0.03071	0.01745	0.01383	0.00380	0.08057	0.05002	0.00849	0.01282
17	0.34140	0.02078	0.02193	0.15272	0.03425	0.02403	0.01692	0.12798	0.02546	0.04566	0.01984	0.02368	0.01499	0.01082	0.00837	0.00323	0.00990	0.00776	0.07763	0.01265
18	0.01645	0.01290	0.01775	0.11592	0.02654	0.01420	0.01465	0.02018	0.02172	0.03009	0.08769	0.24655	0.10524	0.02330	0.01435	0.00387	0.07011	0.05764	0.09102	0.00983

[dist]
# distance from previous block
# <min> <max>
0	37

[block]
# block no. 9 follows, 13 sequences, length 15
# corresponding to MSA columns:
# 693-707
name=unknown_J
#
# <colnr> <probs for GDERKNQSTAVLIFYWHMCP>
#	G	D	E	R	K	N	Q	S	T	A	V	L	I	F	Y	W	H	M	C	P
0	0.03063	0.11253	0.02964	0.05739	0.08844	0.02055	0.01761	0.03392	0.02363	0.21137	0.03027	0.09615	0.02529	0.01630	0.01427	0.06781	0.04100	0.01134	0.00826	0.06361
1	0.10426	0.14377	0.08028	0.01931	0.02721	0.02354	0.01757	0.07467	0.05672	0.22711	0.03219	0.09556	0.02571	0.01400	0.00972	0.00321	0.00982	0.01109	0.00920	0.01506
2	0.01826	0.04415	0.01688	0.01558	0.01776	0.01286	0.01143	0.04759	0.02291	0.06136	0.08535	0.33431	0.05749	0.12664	0.01953	0.00504	0.00788	0.07586	0.00933	0.00979
3	0.02709	0.02853	0.18910	0.02335	0.03293	0.01801	0.07879	0.03423	0.02595	0.17795	0.11007	0.04145	0.07537	0.01359	0.01083	0.00320	0.01098	0.01179	0.00852	0.07827
4	0.25743	0.02144	0.02893	0.14923	0.06814	0.02308	0.07640	0.07115	0.02465	0.14939	0.02297	0.02581	0.01634	0.01074	0.00944	0.00334	0.01122	0.00878	0.00757	0.01395
5	0.02614	0.06383	0.05633	0.02072	0.02661	0.01845	0.06690	0.03485	0.10374	0.14459	0.04042	0.14979	0.03645	0.01778	0.01112	0.00355	0.00943	0.06873	0.08718	0.01338
6	0.15618	0.01238	0.01381	0.01439	0.01712	0.01244	0.01041	0.02264	0.02096	0.08393	0.04519	0.37740	0.04908	0.02414	0.01112	0.00378	0.00668	0.02099	0.08716	0.01020
7	0.03379	0.03225	0.13225	0.02734	0.03641	0.12474	0.12636	0.04020	0.02763	0.21566	0.07179	0.03241	0.02558	0.01197	0.01086	0.00325	0.01357	0.01051	0.00837	0.01505
8	0.03309	0.05974	0.15923	0.07620	0.03511	0.02085	0.02246	0.08522	0.02883	0.25221	0.09018	0.03487	0.02895	0.01284	0.01049	0.00326	0.01099	0.01044	0.00936	0.01568
9	0.13520	0.01415	0.01766	0.07060	0.02434	0.01437	0.01364	0.02689	0.02430	0.12909	0.15826	0.19157	0.05330	0.02063	0.01144	0.00371	0.00780	0.06185	0.00977	0.01143
10	0.01996	0.01180	0.01601	0.06618	0.02197	0.01139	0.01220	0.02358	0.02409	0.11524	0.15425	0.30658	0.06019	0.02354	0.01196	0.00368	0.00691	0.02091	0.07882	0.01074
11	0.02797	0.02525	0.09790	0.27897	0.05451	0.02324	0.11529	0.06922	0.02581	0.14127	0.02437	0.02895	0.01707	0.01087	0.01086	0.00344	0.01373	0.01002	0.00689	0.01434
12	0.03192	0.02006	0.02309	0.12829	0.03265	0.08158	0.01679	0.05931	0.02633	0.22620	0.03424	0.10201	0.02820	0.06855	0.01434	0.00391	0.01068	0.01247	0.06599	0.01339
13	0.09640	0.01257	0.01566	0.01611	0.01909	0.01238	0.01278	0.02334	0.02455	0.08222	0.17529	0.21060	0.06404	0.02463	0.01254	0.00402	0.00745	0.16573	0.01016	0.01044
14	0.03123	0.01700	0.02125	0.01870	0.02378	0.01671	0.01495	0.13214	0.02996	0.22028	0.04320	0.15024	0.03978	0.07723	0.01593	0.00439	0.00932	0.10945	0.01075	0.01371

[dist]
# distance from previous block
# <min> <max>
7	16

[block]
# block no. 10 follows, 13 sequences, length 22
# corresponding to MSA columns:
# 724-745
