[name]
unknown

[dist]
# distance from previous block
# <min> <max>
0	26

[block]
# block no. 0 follows, 14 sequences, length 26
# corresponding to MSA columns:
# 26-51
name=unknown_A
#
# <colnr> <probs for GDERKNQSTAVLIFYWHMCP>
#	G	D	E	R	K	N	Q	S	T	A	V	L	I	F	Y	W	H	M	C	P
0	0.01589	0.01136	0.01574	0.01775	0.01993	0.01121	0.01504	0.02031	0.02380	0.03138	0.11119	0.16628	0.06414	0.02794	0.01383	0.00450	0.00857	0.40211	0.00966	0.00936
1	0.02131	0.11591	0.52972	0.02801	0.04250	0.02561	0.03576	0.03231	0.02158	0.03161	0.01798	0.02111	0.01302	0.00965	0.00941	0.00314	0.01472	0.00736	0.00434	0.01495
2	0.01283	0.00933	0.01219	0.01435	0.01537	0.00868	0.01000	0.01496	0.02035	0.02675	0.06072	0.53665	0.11337	0.03124	0.01311	0.00415	0.00620	0.07176	0.00952	0.00847
3	0.03698	0.02148	0.02525	0.01979	0.02685	0.02195	0.01617	0.27491	0.03817	0.24054	0.12978	0.03772	0.03472	0.01403	0.01062	0.00314	0.00922	0.01132	0.01130	0.01604
4	0.01309	0.00939	0.01244	0.01389	0.01502	0.00873	0.00957	0.01577	0.02240	0.03057	0.20673	0.47001	0.07634	0.02888	0.01281	0.00389	0.00563	0.02607	0.01004	0.00873
5	0.01425	0.01170	0.01271	0.01223	0.01567	0.01079	0.00924	0.02036	0.08351	0.03305	0.22401	0.08610	0.38272	0.02330	0.01194	0.00340	0.00542	0.01971	0.01011	0.00977
6	0.71184	0.01985	0.01508	0.01350	0.01985	0.02302	0.01111	0.03017	0.01746	0.04604	0.01429	0.01667	0.01111	0.00953	0.00635	0.00318	0.00794	0.00556	0.00635	0.01111
7	0.01250	0.00893	0.01191	0.01429	0.01488	0.00834	0.00953	0.01429	0.01965	0.02620	0.05656	0.63265	0.06787	0.03215	0.01310	0.00417	0.00595	0.02917	0.00953	0.00834
8	0.02627	0.03021	0.05095	0.03735	0.04673	0.12078	0.39320	0.03346	0.02472	0.03163	0.01966	0.02544	0.01513	0.00886	0.01114	0.00311	0.01644	0.01052	0.00530	0.08910
9	0.11012	0.04160	0.02966	0.03116	0.12179	0.43855	0.02083	0.03820	0.02685	0.02883	0.01627	0.01946	0.01350	0.01022	0.00909	0.00277	0.01628	0.00692	0.00537	0.01254
10	0.15795	0.01786	0.02235	0.01746	0.02513	0.01642	0.01442	0.04668	0.02737	0.49228	0.03608	0.03186	0.02300	0.01217	0.00965	0.00318	0.00860	0.00952	0.01163	0.01640
11	0.71184	0.01985	0.01508	0.01350	0.01985	0.02302	0.01111	0.03017	0.01746	0.04604	0.01429	0.01667	0.01111	0.00953	0.00635	0.00318	0.00794	0.00556	0.00635	0.01111
12	0.02540	0.02438	0.04165	0.06299	0.57533	0.02438	0.03149	0.03149	0.02337	0.03353	0.01930	0.02540	0.01626	0.00914	0.01016	0.00305	0.01219	0.00914	0.00508	0.01626
13	0.02799	0.02327	0.02459	0.02138	0.02762	0.02668	0.01684	0.14340	0.46392	0.04690	0.03864	0.03579	0.02879	0.01363	0.01041	0.00341	0.00870	0.01117	0.01041	0.01646
14	0.03674	0.02762	0.02952	0.02315	0.03096	0.03077	0.01896	0.45933	0.13372	0.06102	0.02752	0.02693	0.01978	0.01259	0.01030	0.00315	0.01076	0.00964	0.01030	0.01725
15	0.01384	0.00949	0.01151	0.01258	0.01284	0.00923	0.00770	0.01464	0.01703	0.02271	0.04315	0.31967	0.05096	0.36821	0.03476	0.00737	0.00816	0.02129	0.00770	0.00716
16	0.02089	0.01198	0.01529	0.01361	0.01741	0.01066	0.01050	0.02513	0.02808	0.15554	0.37050	0.07169	0.16808	0.02011	0.01172	0.00326	0.00575	0.01735	0.01128	0.01118
17	0.03166	0.09256	0.03429	0.08894	0.03643	0.29395	0.06514	0.07785	0.05841	0.03007	0.01838	0.02216	0.01491	0.01136	0.01220	0.00304	0.08211	0.00802	0.00575	0.01277
18	0.02028	0.01176	0.01556	0.01389	0.01732	0.01067	0.01067	0.02497	0.02911	0.14005	0.47319	0.06903	0.08378	0.01947	0.01178	0.00322	0.00555	0.01705	0.01155	0.01110
19	0.01263	0.00913	0.01195	0.01397	0.01486	0.00845	0.00944	0.01468	0.02055	0.02737	0.09664	0.56155	0.09886	0.03098	0.01297	0.00406	0.00583	0.02797	0.00966	0.00845
20	0.09561	0.02170	0.02389	0.01995	0.02678	0.02348	0.01600	0.13126	0.27996	0.19421	0.03610	0.03316	0.02559	0.01293	0.01001	0.00330	0.00879	0.01031	0.01066	0.01631
21	0.20099	0.02056	0.02013	0.01796	0.02368	0.02357	0.01416	0.07392	0.33208	0.04452	0.03285	0.03195	0.02481	0.01250	0.00904	0.00326	0.00791	0.00970	0.08212	0.01430
22	0.71184	0.01985	0.01508	0.01350	0.01985	0.02302	0.01111	0.03017	0.01746	0.04604	0.01429	0.01667	0.01111	0.00953	0.00635	0.00318	0.00794	0.00556	0.00635	0.01111
23	0.03359	0.02643	0.07643	0.02759	0.03649	0.02453	0.15947	0.17439	0.10555	0.18230	0.02954	0.02975	0.02056	0.01146	0.01077	0.00327	0.01211	0.01050	0.00911	0.01614
24	0.08864	0.01112	0.01254	0.01251	0.01352	0.01173	0.00804	0.01708	0.01573	0.02369	0.03100	0.08983	0.03433	0.44310	0.13696	0.01000	0.01245	0.01409	0.00630	0.00735
25	0.02468	0.16189	0.13766	0.02457	0.03196	0.02791	0.07768	0.03439	0.11153	0.06324	0.06214	0.02891	0.02330	0.01271	0.01430	0.00332	0.13006	0.00953	0.00648	0.01374

[dist]
# distance from previous block
# <min> <max>
0	2

[block]
# block no. 1 follows, 14 sequences, length 56
# corresponding to MSA columns:
# 54-109
name=unknown_B
#
# <colnr> <probs for GDERKNQSTAVLIFYWHMCP>
#	G	D	E	R	K	N	Q	S	T	A	V	L	I	F	Y	W	H	M	C	P
0	0.02290	0.14372	0.35726	0.02641	0.03839	0.02707	0.05751	0.03661	0.12814	0.03321	0.02250	0.02444	0.01681	0.01036	0.00949	0.00313	0.01319	0.00828	0.00560	0.01498
1	0.02755	0.41477	0.04048	0.01702	0.02404	0.02996	0.01555	0.03065	0.02202	0.11709	0.02703	0.14212	0.02608	0.01408	0.00850	0.00275	0.00960	0.01100	0.00679	0.01292
2	0.01870	0.01465	0.01859	0.01765	0.02264	0.01315	0.01493	0.02454	0.04848	0.03230	0.04056	0.07756	0.04173	0.02009	0.01160	0.00350	0.00871	0.29999	0.00827	0.26238
3	0.01893	0.01536	0.01818	0.11345	0.02701	0.01572	0.01376	0.12185	0.02846	0.03625	0.12325	0.06984	0.31844	0.02013	0.01145	0.00336	0.00778	0.01678	0.00904	0.01097
4	0.02090	0.01824	0.02317	0.13447	0.03354	0.01549	0.01541	0.02592	0.02113	0.03200	0.01824	0.02249	0.01490	0.00813	0.00813	0.00190	0.00881	0.00668	0.00578	0.56467
5	0.02961	0.02113	0.02333	0.02036	0.02659	0.02345	0.01601	0.05363	0.45186	0.15027	0.04151	0.03762	0.03015	0.01368	0.01042	0.00342	0.00824	0.01135	0.01089	0.01649
6	0.01610	0.01287	0.01724	0.01570	0.01764	0.01401	0.01222	0.02043	0.02640	0.03788	0.45921	0.06587	0.08024	0.02038	0.01640	0.00348	0.12734	0.01665	0.00994	0.00999
7	0.57529	0.02028	0.01670	0.01497	0.02121	0.02352	0.01213	0.03501	0.12477	0.04542	0.01976	0.02097	0.01514	0.01040	0.00716	0.00324	0.00797	0.00676	0.00716	0.01213
8	0.01487	0.01016	0.01225	0.01225	0.01261	0.01052	0.00753	0.01560	0.01524	0.02068	0.03137	0.06182	0.03499	0.52746	0.16095	0.01125	0.01344	0.01414	0.00607	0.00680
9	0.03322	0.16830	0.12633	0.02514	0.03276	0.39203	0.02237	0.03753	0.02621	0.02615	0.01597	0.01862	0.01317	0.01008	0.00880	0.00265	0.01645	0.00655	0.00495	0.01269
10	0.01788	0.01341	0.01744	0.01880	0.02174	0.01393	0.01600	0.02664	0.11238	0.03348	0.08917	0.10012	0.05717	0.02543	0.01341	0.00441	0.00890	0.38935	0.00975	0.01059
11	0.02418	0.02107	0.02987	0.36849	0.08301	0.02492	0.02473	0.11748	0.13197	0.03632	0.02404	0.02898	0.01796	0.01127	0.01029	0.00336	0.01210	0.00963	0.00670	0.01363
12	0.02273	0.02052	0.03126	0.08350	0.30819	0.02140	0.02385	0.03315	0.13025	0.03599	0.11680	0.04133	0.03467	0.01314	0.01076	0.00328	0.01013	0.03724	0.00737	0.01446
13	0.01369	0.01027	0.01276	0.01309	0.01540	0.00934	0.00979	0.01732	0.02521	0.03376	0.30082	0.19919	0.20778	0.02519	0.01250	0.00361	0.00557	0.06526	0.01032	0.00913
14	0.02486	0.02147	0.02633	0.20959	0.04114	0.02526	0.02044	0.09177	0.33829	0.03969	0.03267	0.03352	0.02441	0.01261	0.01037	0.00342	0.01019	0.01059	0.00856	0.01482
15	0.02257	0.02082	0.03487	0.27247	0.33473	0.02258	0.02839	0.02884	0.02212	0.03107	0.02003	0.02719	0.01606	0.00980	0.00996	0.00314	0.01218	0.00917	0.06018	0.01384
16	0.37030	0.07273	0.13491	0.11734	0.03433	0.05876	0.02031	0.03066	0.01974	0.03724	0.01586	0.01953	0.01219	0.00970	0.00787	0.00313	0.01118	0.00661	0.00545	0.01216
17	0.49698	0.01964	0.02005	0.11652	0.06202	0.02236	0.01557	0.03135	0.01938	0.08960	0.01757	0.02058	0.01311	0.00991	0.00758	0.00321	0.00921	0.00678	0.00654	0.01203
18	0.01414	0.01012	0.01274	0.01266	0.01436	0.00946	0.00887	0.01739	0.02438	0.03373	0.35301	0.16810	0.10549	0.14613	0.02025	0.00473	0.00606	0.01976	0.00990	0.00872
19	0.03144	0.02192	0.02619	0.11936	0.03497	0.02433	0.01873	0.15178	0.25549	0.15209	0.03399	0.03292	0.02429	0.01273	0.01035	0.00333	0.00983	0.01044	0.00988	0.01594
20	0.01264	0.00981	0.01152	0.01236	0.01450	0.00868	0.00879	0.01525	0.02272	0.02914	0.15529	0.31289	0.29424	0.02774	0.01252	0.00372	0.00545	0.02425	0.00980	0.00868
21	0.02440	0.02336	0.03985	0.15443	0.49169	0.02412	0.03100	0.03062	0.02289	0.03232	0.01913	0.02572	0.01583	0.00933	0.01018	0.00311	0.01244	0.00914	0.00499	0.01545
22	0.01726	0.01208	0.01464	0.01518	0.01774	0.01233	0.01183	0.02514	0.10433	0.03534	0.15109	0.17969	0.05724	0.02201	0.01153	0.00364	0.00669	0.13880	0.15312	0.01034
23	0.01728	0.00917	0.01343	0.01329	0.01369	0.00904	0.00904	0.01436	0.01597	0.02169	0.10933	0.03873	0.03092	0.03322	0.03547	0.58570	0.00824	0.01051	0.00559	0.00532
24	0.02744	0.64552	0.05378	0.01756	0.02634	0.04061	0.01756	0.03073	0.02085	0.02414	0.01427	0.01646	0.01317	0.00878	0.00658	0.00219	0.01097	0.00549	0.00439	0.01317
25	0.01398	0.01002	0.01346	0.01494	0.01645	0.00950	0.01115	0.01728	0.02317	0.03139	0.19927	0.36100	0.07396	0.02818	0.01306	0.00403	0.00643	0.13379	0.01000	0.00896
26	0.57937	0.01937	0.01682	0.01444	0.02111	0.02144	0.01190	0.03411	0.01983	0.15276	0.01950	0.02030	0.01396	0.01016	0.00714	0.00318	0.00810	0.00650	0.00761	0.01238
27	0.57407	0.01953	0.01821	0.13310	0.02996	0.02298	0.01457	0.02938	0.01807	0.04210	0.01508	0.01880	0.01162	0.00967	0.00713	0.00322	0.00908	0.00627	0.00599	0.01117
28	0.16348	0.02630	0.04657	0.03408	0.04330	0.02634	0.34727	0.11657	0.02686	0.04076	0.02012	0.02499	0.01500	0.00943	0.01066	0.00334	0.01444	0.01033	0.00626	0.01390
29	0.16400	0.02657	0.14327	0.02141	0.03045	0.02000	0.06544	0.03619	0.07436	0.15139	0.05352	0.02840	0.02191	0.01090	0.00929	0.00301	0.01028	0.00890	0.00776	0.11295
30	0.02468	0.01809	0.02939	0.49602	0.06183	0.02126	0.02583	0.03095	0.02228	0.13688	0.02267	0.02887	0.01601	0.01075	0.01027	0.00337	0.01270	0.00936	0.00618	0.01261
31	0.01492	0.00995	0.01119	0.01119	0.01119	0.00995	0.00622	0.01492	0.01492	0.01990	0.03233	0.06716	0.03731	0.63935	0.05223	0.00995	0.00995	0.01492	0.00622	0.00622
32	0.02034	0.02012	0.03670	0.50099	0.06729	0.02343	0.12988	0.02754	0.02126	0.02754	0.01874	0.02742	0.01406	0.00994	0.01063	0.00343	0.01440	0.00971	0.00469	0.01189
33	0.13943	0.02637	0.02556	0.02095	0.02804	0.08760	0.01689	0.23145	0.13956	0.13907	0.02816	0.02719	0.02011	0.01209	0.00961	0.00314	0.01051	0.00905	0.00957	0.01565
34	0.01704	0.01362	0.01874	0.13610	0.02966	0.01485	0.01639	0.02482	0.10243	0.03007	0.04604	0.26959	0.04895	0.02391	0.01245	0.00408	0.00885	0.16329	0.00865	0.01047
35	0.01783	0.00891	0.01337	0.01337	0.01337	0.00891	0.00891	0.01337	0.01337	0.01783	0.01783	0.03119	0.01783	0.03565	0.04011	0.70143	0.00891	0.00891	0.00446	0.00446
36	0.02058	0.05308	0.58618	0.02925	0.04442	0.02383	0.03792	0.03250	0.02167	0.03250	0.01842	0.02167	0.01300	0.00975	0.00975	0.00325	0.01517	0.00758	0.00433	0.01517
37	0.01938	0.01824	0.03078	0.61468	0.07068	0.02280	0.02850	0.02622	0.02052	0.02622	0.01824	0.02736	0.01368	0.01026	0.01026	0.00342	0.01368	0.00912	0.00456	0.01140
38	0.01595	0.01289	0.01897	0.01822	0.01975	0.01591	0.01442	0.01938	0.01636	0.02397	0.02516	0.03735	0.02364	0.06719	0.50503	0.01450	0.12579	0.01066	0.00533	0.00950
39	0.01913	0.00956	0.00956	0.00956	0.01196	0.00956	0.00717	0.02391	0.02152	0.03826	0.03348	0.03826	0.02630	0.01196	0.00717	0.00239	0.00478	0.00956	0.69632	0.00956
40	0.01958	0.02401	0.12284	0.51765	0.06633	0.02297	0.03006	0.02726	0.02071	0.02726	0.01827	0.02642	0.01357	0.01018	0.01018	0.00339	0.01393	0.00887	0.00452	0.01202
41	0.46440	0.12933	0.02428	0.01674	0.02329	0.14036	0.01392	0.03241	0.02034	0.03825	0.01460	0.01700	0.01187	0.00961	0.00697	0.00291	0.01054	0.00575	0.00581	0.01161
42	0.02083	0.01157	0.01479	0.01361	0.01694	0.01072	0.01063	0.02550	0.02717	0.12946	0.33419	0.06523	0.06794	0.01840	0.01099	0.00317	0.00584	0.05442	0.14767	0.01093
43	0.02421	0.07187	0.07211	0.14898	0.04680	0.07293	0.21511	0.03196	0.05390	0.02953	0.01933	0.02553	0.01529	0.01105	0.01447	0.00346	0.11555	0.00981	0.00517	0.01293
44	0.03674	0.01511	0.01998	0.01605	0.02224	0.01335	0.01299	0.04098	0.02813	0.41022	0.12718	0.04235	0.03738	0.01396	0.01014	0.00307	0.00749	0.01157	0.11611	0.01498
45	0.01322	0.01044	0.01191	0.01154	0.01453	0.00913	0.00865	0.01684	0.02596	0.03383	0.31581	0.08871	0.35551	0.02371	0.01212	0.00336	0.00504	0.02025	0.01033	0.00913
46	0.01452	0.01049	0.01372	0.01291	0.01533	0.00968	0.00968	0.01937	0.02905	0.04115	0.56992	0.07666	0.09683	0.02098	0.01210	0.00323	0.00484	0.01856	0.01130	0.00968
47	0.01532	0.01011	0.01323	0.01323	0.01382	0.01069	0.00876	0.01574	0.01516	0.02080	0.02839	0.05268	0.03038	0.36088	0.22358	0.12664	0.01534	0.01268	0.00570	0.00686
48	0.01469	0.01060	0.01394	0.01339	0.01581	0.00985	0.01023	0.01952	0.02861	0.04032	0.52867	0.07978	0.09381	0.02157	0.01227	0.00335	0.00521	0.05758	0.01115	0.00966
49	0.01409	0.01027	0.01256	0.01223	0.01424	0.00949	0.00867	0.01741	0.02474	0.03380	0.35506	0.11164	0.16188	0.14551	0.02015	0.00466	0.00598	0.01898	0.00989	0.00874
50	0.02744	0.64552	0.05378	0.01756	0.02634	0.04061	0.01756	0.03073	0.02085	0.02414	0.01427	0.01646	0.01317	0.00878	0.00658	0.00219	0.01097	0.00549	0.00439	0.01317
51	0.04322	0.02199	0.02662	0.02041	0.02845	0.02180	0.01686	0.24699	0.03694	0.37477	0.03413	0.03080	0.02221	0.01255	0.01030	0.00314	0.00976	0.00989	0.01172	0.01746
52	0.08016	0.01984	0.02474	0.01907	0.02698	0.01884	0.01575	0.14666	0.03249	0.45081	0.03594	0.03191	0.02306	0.01246	0.01010	0.00316	0.00920	0.00985	0.01188	0.01712
53	0.03026	0.55030	0.04923	0.01767	0.02632	0.03674	0.01718	0.03365	0.02214	0.10879	0.01824	0.01926	0.01502	0.00937	0.00715	0.00234	0.01063	0.00622	0.00565	0.01382
54	0.02622	0.01715	0.02512	0.14214	0.10455	0.01760	0.01890	0.03186	0.04696	0.17350	0.06004	0.11297	0.03028	0.01817	0.04366	0.00401	0.03763	0.01258	0.00819	0.06846
55	0.02919	0.35371	0.15782	0.01992	0.02953	0.03001	0.02091	0.03454	0.02326	0.14415	0.05096	0.02472	0.02027	0.01047	0.00834	0.00268	0.01105	0.00766	0.00650	0.01430

[dist]
# distance from previous block
# <min> <max>
0	2

[block]
# block no. 2 follows, 14 sequences, length 49
# corresponding to MSA columns:
# 112-160
name=unknown_C
#
# <colnr> <probs for GDERKNQSTAVLIFYWHMCP>
#	G	D	E	R	K	N	Q	S	T	A	V	L	I	F	Y	W	H	M	C	P
0	0.14333	0.02655	0.02540	0.02135	0.02708	0.11553	0.01710	0.19127	0.06441	0.10761	0.02553	0.06825	0.02076	0.01385	0.01250	0.00331	0.08378	0.00992	0.00841	0.01408
1	0.01674	0.01060	0.01297	0.01296	0.01505	0.00970	0.00901	0.01905	0.02198	0.08380	0.15208	0.23553	0.16060	0.16749	0.02150	0.00510	0.00681	0.02057	0.00940	0.00907
2	0.02168	0.10343	0.27886	0.02284	0.03356	0.02247	0.02528	0.03235	0.08561	0.03284	0.02432	0.03247	0.02033	0.01154	0.00946	0.00293	0.01163	0.05774	0.00597	0.16469
3	0.02938	0.09836	0.08278	0.02043	0.02725	0.05896	0.01820	0.07704	0.13013	0.15836	0.03581	0.09721	0.03065	0.01579	0.01051	0.00337	0.01018	0.07229	0.00906	0.01426
4	0.04550	0.01833	0.02435	0.01867	0.02663	0.01637	0.01542	0.08776	0.03082	0.54264	0.03927	0.03414	0.02479	0.01267	0.01032	0.00317	0.00893	0.01024	0.01251	0.01746
5	0.02412	0.02000	0.03404	0.39370	0.16854	0.02240	0.05917	0.03058	0.02240	0.09483	0.02128	0.02788	0.01573	0.01022	0.01036	0.00332	0.01300	0.00945	0.00568	0.01328
6	0.02528	0.09365	0.15776	0.09772	0.06768	0.10159	0.02339	0.03573	0.11610	0.06220	0.09176	0.03207	0.02761	0.01207	0.00989	0.00310	0.01199	0.00973	0.00691	0.01374
7	0.02619	0.04524	0.46234	0.02683	0.04040	0.02191	0.03289	0.03636	0.02336	0.15360	0.02328	0.02459	0.01573	0.01040	0.00988	0.00323	0.01375	0.00819	0.00618	0.01567
8	0.01250	0.00893	0.01191	0.01429	0.01488	0.00834	0.00953	0.01429	0.01965	0.02620	0.05656	0.63265	0.06787	0.03215	0.01310	0.00417	0.00595	0.02917	0.00953	0.00834
9	0.02225	0.02233	0.03306	0.08710	0.03290	0.03024	0.05308	0.02533	0.01670	0.02533	0.01438	0.02325	0.01361	0.01664	0.03006	0.00432	0.52431	0.00918	0.00454	0.01140
10	0.21675	0.10378	0.18240	0.02028	0.02993	0.02377	0.02095	0.06796	0.02415	0.18470	0.02311	0.02343	0.01611	0.01052	0.00864	0.00307	0.01074	0.00762	0.00750	0.01459
11	0.01381	0.01025	0.01305	0.01495	0.01607	0.01007	0.01020	0.01834	0.07376	0.02788	0.05507	0.57277	0.06419	0.03031	0.01283	0.00410	0.00617	0.02740	0.00962	0.00913
12	0.01337	0.00955	0.01290	0.01528	0.01626	0.00908	0.01103	0.01579	0.02050	0.02717	0.05608	0.52156	0.06598	0.03133	0.01333	0.00429	0.00671	0.13171	0.00951	0.00857
13	0.06756	0.02879	0.17497	0.10029	0.11230	0.02153	0.07420	0.06561	0.02548	0.12057	0.08358	0.03147	0.02517	0.01148	0.01027	0.00323	0.01196	0.01004	0.00711	0.01439
14	0.02383	0.02182	0.03524	0.32883	0.27377	0.02436	0.02882	0.08026	0.02448	0.03309	0.01932	0.02628	0.01512	0.01001	0.01022	0.00323	0.01283	0.00914	0.00535	0.01400
15	0.02323	0.02774	0.15615	0.01953	0.02997	0.01825	0.01913	0.08897	0.02459	0.03695	0.01905	0.02177	0.01495	0.00867	0.00843	0.00212	0.00983	0.00681	0.00617	0.45768
16	0.10402	0.02506	0.02661	0.02138	0.02877	0.02773	0.01740	0.31846	0.17325	0.10667	0.02948	0.02830	0.02112	0.01248	0.00992	0.00320	0.00990	0.00958	0.01015	0.01651
17	0.01270	0.00908	0.01208	0.01416	0.01493	0.00846	0.00954	0.01477	0.02055	0.02762	0.10557	0.57957	0.07064	0.03108	0.01300	0.00408	0.00585	0.02816	0.00970	0.00846
18	0.03391	0.05603	0.03017	0.15172	0.10341	0.02133	0.02099	0.03851	0.02462	0.29695	0.02837	0.02957	0.01964	0.01214	0.01286	0.00331	0.08343	0.00948	0.00856	0.01503
19	0.49649	0.02612	0.05966	0.01712	0.02420	0.09182	0.01487	0.06466	0.02184	0.07837	0.01711	0.01893	0.01282	0.01005	0.00744	0.00311	0.00998	0.00637	0.00673	0.01230
20	0.01367	0.01131	0.01209	0.01174	0.01516	0.01018	0.00885	0.01878	0.06561	0.03178	0.19933	0.08936	0.42773	0.02399	0.01199	0.00342	0.00535	0.02022	0.00998	0.00947
21	0.02128	0.01824	0.02128	0.01520	0.02432	0.01368	0.01216	0.02584	0.02128	0.03344	0.01824	0.02128	0.01520	0.00760	0.00760	0.00152	0.00760	0.00608	0.00608	0.70208
22	0.01250	0.00893	0.01191	0.01429	0.01488	0.00834	0.00953	0.01429	0.01965	0.02620	0.05656	0.63265	0.06787	0.03215	0.01310	0.00417	0.00595	0.02917	0.00953	0.00834
23	0.01250	0.00893	0.01191	0.01429	0.01488	0.00834	0.00953	0.01429	0.01965	0.02620	0.05656	0.63265	0.06787	0.03215	0.01310	0.00417	0.00595	0.02917	0.00953	0.00834
24	0.01452	0.01049	0.01372	0.01291	0.01533	0.00968	0.00968	0.01937	0.02905	0.04115	0.56992	0.07666	0.09683	0.02098	0.01210	0.00323	0.00484	0.01856	0.01130	0.00968
25	0.01250	0.00893	0.01191	0.01429	0.01488	0.00834	0.00953	0.01429	0.01965	0.02620	0.05656	0.63265	0.06787	0.03215	0.01310	0.00417	0.00595	0.02917	0.00953	0.00834
26	0.71184	0.01985	0.01508	0.01350	0.01985	0.02302	0.01111	0.03017	0.01746	0.04604	0.01429	0.01667	0.01111	0.00953	0.00635	0.00318	0.00794	0.00556	0.00635	0.01111
27	0.03833	0.04891	0.02908	0.02644	0.03173	0.59815	0.01983	0.04098	0.02908	0.02512	0.01586	0.01851	0.01322	0.01058	0.00925	0.00264	0.01851	0.00661	0.00529	0.01190
28	0.02540	0.02438	0.04165	0.06299	0.57533	0.02438	0.03149	0.03149	0.02337	0.03353	0.01930	0.02540	0.01626	0.00914	0.01016	0.00305	0.01219	0.00914	0.00508	0.01626
29	0.03869	0.03825	0.02999	0.02494	0.03178	0.29883	0.01966	0.30531	0.03921	0.04602	0.02050	0.02175	0.01546	0.01150	0.00979	0.00287	0.01469	0.00800	0.00792	0.01483
30	0.02744	0.64552	0.05378	0.01756	0.02634	0.04061	0.01756	0.03073	0.02085	0.02414	0.01427	0.01646	0.01317	0.00878	0.00658	0.00219	0.01097	0.00549	0.00439	0.01317
31	0.01359	0.01023	0.01446	0.08631	0.02196	0.01029	0.01225	0.01616	0.02001	0.02649	0.05184	0.52695	0.06083	0.02929	0.01283	0.00411	0.00710	0.05760	0.00893	0.00877
32	0.06601	0.02219	0.06618	0.02638	0.14392	0.01731	0.01811	0.02781	0.02151	0.03419	0.01823	0.02190	0.01501	0.00821	0.00823	0.00208	0.00916	0.00681	0.00576	0.46101
33	0.36188	0.09117	0.15000	0.01970	0.02828	0.09423	0.01940	0.06904	0.02235	0.03976	0.01615	0.01857	0.01244	0.00983	0.00777	0.00303	0.01136	0.00640	0.00587	0.01277
34	0.04550	0.01833	0.02435	0.01867	0.02663	0.01637	0.01542	0.08776	0.03082	0.54264	0.03927	0.03414	0.02479	0.01267	0.01032	0.00317	0.00893	0.01024	0.01251	0.01746
35	0.01715	0.01124	0.01574	0.07552	0.02241	0.01104	0.01283	0.02042	0.02242	0.08187	0.12071	0.37725	0.06124	0.02612	0.01254	0.00394	0.00726	0.08090	0.00956	0.00983
36	0.18293	0.08284	0.02830	0.06515	0.06466	0.02747	0.01788	0.19400	0.12438	0.04632	0.02324	0.02457	0.01763	0.01104	0.00892	0.00303	0.00998	0.00829	0.00789	0.05148
37	0.02700	0.01512	0.01865	0.01604	0.02108	0.01455	0.01261	0.03616	0.13430	0.22063	0.24066	0.05728	0.10768	0.01731	0.01118	0.00328	0.00683	0.01473	0.01142	0.01349
38	0.10819	0.02732	0.07019	0.08425	0.04031	0.08618	0.19202	0.03414	0.05771	0.06679	0.02122	0.02508	0.01599	0.00961	0.00987	0.00300	0.01324	0.00908	0.00616	0.11964
39	0.02330	0.12217	0.27044	0.03188	0.04356	0.02705	0.21293	0.03449	0.07356	0.03248	0.02092	0.02470	0.01570	0.00962	0.01023	0.00320	0.01469	0.00931	0.00523	0.01452
40	0.01376	0.00937	0.01205	0.01341	0.01464	0.00879	0.00928	0.01661	0.02205	0.03110	0.17262	0.43296	0.06961	0.02715	0.01216	0.00374	0.00556	0.02437	0.09198	0.00879
41	0.01933	0.01355	0.01644	0.01656	0.05161	0.01275	0.01170	0.02618	0.09105	0.10010	0.21880	0.07284	0.26836	0.02044	0.01158	0.00334	0.00630	0.01741	0.01026	0.01140
42	0.02856	0.30843	0.22497	0.02220	0.03295	0.03115	0.02427	0.09023	0.02514	0.09492	0.01978	0.02120	0.01498	0.00994	0.00847	0.00276	0.01215	0.00715	0.00597	0.01480
43	0.03327	0.01782	0.02699	0.23861	0.07523	0.01826	0.02106	0.03846	0.02543	0.31272	0.03194	0.03653	0.02263	0.01255	0.01052	0.00335	0.01079	0.04009	0.00907	0.01469
44	0.01399	0.00999	0.01362	0.01599	0.01724	0.00962	0.01212	0.01686	0.02112	0.02786	0.05574	0.44172	0.06462	0.03075	0.01350	0.00437	0.00725	0.20540	0.00950	0.00875
45	0.13436	0.11281	0.26480	0.09479	0.03920	0.13010	0.02684	0.03271	0.02211	0.03157	0.01678	0.02036	0.01284	0.00981	0.00881	0.00302	0.01395	0.00702	0.00486	0.01324
46	0.01250	0.00893	0.01191	0.01429	0.01488	0.00834	0.00953	0.01429	0.01965	0.02620	0.05656	0.63265	0.06787	0.03215	0.01310	0.00417	0.00595	0.02917	0.00953	0.00834
47	0.02401	0.09956	0.07636	0.16110	0.30793	0.02619	0.09837	0.03062	0.02252	0.03082	0.01864	0.02480	0.01509	0.00929	0.00999	0.00309	0.01321	0.00901	0.00487	0.01454
48	0.03272	0.19287	0.03379	0.15646	0.03660	0.02479	0.01921	0.06651	0.02576	0.23860	0.02784	0.03171	0.02060	0.01185	0.00947	0.00304	0.01069	0.03487	0.00819	0.01444

[dist]
# distance from previous block
# <min> <max>
0	7

[block]
# block no. 3 follows, 14 sequences, length 24
# corresponding to MSA columns:
# 168-191
name=unknown_D
#
# <colnr> <probs for GDERKNQSTAVLIFYWHMCP>
#	G	D	E	R	K	N	Q	S	T	A	V	L	I	F	Y	W	H	M	C	P
0	0.01660	0.01001	0.01125	0.01094	0.01346	0.00951	0.00821	0.02117	0.02462	0.03823	0.24766	0.05960	0.11250	0.01695	0.00961	0.00283	0.00485	0.01434	0.35815	0.00951
1	0.02036	0.01206	0.01731	0.01630	0.01906	0.01296	0.01260	0.02373	0.01867	0.12446	0.03030	0.04192	0.02673	0.11938	0.43978	0.01346	0.02241	0.01125	0.00687	0.01038
2	0.03732	0.03124	0.02879	0.02307	0.03025	0.14236	0.01860	0.40146	0.04236	0.05476	0.02359	0.02449	0.01731	0.01194	0.00982	0.00294	0.01221	0.00874	0.06300	0.01573
3	0.01333	0.01056	0.01207	0.01202	0.01503	0.00929	0.00923	0.01687	0.02529	0.03246	0.25419	0.09298	0.36637	0.02454	0.01231	0.00350	0.00547	0.06530	0.01011	0.00907
4	0.03901	0.02874	0.03080	0.02361	0.03182	0.03182	0.01951	0.54111	0.04825	0.06468	0.02464	0.02464	0.01745	0.01232	0.01027	0.00308	0.01129	0.00924	0.01027	0.01745
5	0.01913	0.00956	0.00956	0.00956	0.01196	0.00956	0.00717	0.02391	0.02152	0.03826	0.03348	0.03826	0.02630	0.01196	0.00717	0.00239	0.00478	0.00956	0.69632	0.00956
6	0.02858	0.02257	0.03743	0.10575	0.42951	0.02256	0.02825	0.03436	0.02419	0.13212	0.02304	0.02730	0.01767	0.00989	0.01020	0.00311	0.01170	0.00935	0.00641	0.01603
7	0.02569	0.02342	0.02601	0.24870	0.04276	0.10915	0.02058	0.12313	0.07629	0.03571	0.02633	0.08573	0.02232	0.01328	0.01011	0.00322	0.01188	0.01096	0.07218	0.01255
8	0.09201	0.02361	0.03868	0.03134	0.06901	0.02389	0.22959	0.15852	0.02881	0.04106	0.02751	0.13511	0.02512	0.01395	0.01115	0.00344	0.01251	0.01366	0.00737	0.01365
9	0.03201	0.13772	0.03118	0.02130	0.02783	0.08326	0.01763	0.11910	0.21001	0.12164	0.02931	0.02863	0.02191	0.01256	0.01140	0.00314	0.05816	0.00926	0.00870	0.01524
10	0.16013	0.04365	0.02655	0.02410	0.02958	0.49415	0.01825	0.03902	0.02698	0.02890	0.01558	0.01817	0.01284	0.01039	0.00873	0.00274	0.01660	0.00642	0.00548	0.01176
11	0.01265	0.01001	0.01139	0.01190	0.01440	0.00875	0.00860	0.01542	0.02336	0.02965	0.17228	0.24066	0.35105	0.02680	0.01239	0.00362	0.00534	0.02317	0.00984	0.00875
12	0.02679	0.58949	0.10413	0.01866	0.02805	0.03902	0.01948	0.03090	0.02093	0.02493	0.01466	0.01695	0.01315	0.00887	0.00688	0.00229	0.01137	0.00569	0.00438	0.01336
13	0.01839	0.01234	0.01577	0.01459	0.01785	0.01217	0.01121	0.02500	0.07618	0.08891	0.32649	0.06456	0.11622	0.03012	0.11785	0.00567	0.00965	0.01604	0.01013	0.01086
14	0.02570	0.01617	0.01840	0.01631	0.02108	0.01699	0.01272	0.04006	0.23911	0.13908	0.13906	0.04490	0.04143	0.01458	0.00998	0.00313	0.00685	0.01221	0.16855	0.01369
15	0.01323	0.00945	0.01274	0.01512	0.01604	0.00896	0.01079	0.01555	0.02037	0.02701	0.05616	0.53918	0.06628	0.03146	0.01329	0.00427	0.00659	0.11545	0.00951	0.00854
16	0.02389	0.23741	0.16337	0.14212	0.15222	0.02945	0.02694	0.03159	0.04760	0.02924	0.01831	0.02258	0.01475	0.00960	0.00890	0.00290	0.01252	0.00769	0.00485	0.01407
17	0.01783	0.00891	0.01337	0.01337	0.01337	0.00891	0.00891	0.01337	0.01337	0.01783	0.01783	0.03119	0.01783	0.03565	0.04011	0.70143	0.00891	0.00891	0.00446	0.00446
18	0.01250	0.00893	0.01191	0.01429	0.01488	0.00834	0.00953	0.01429	0.01965	0.02620	0.05656	0.63265	0.06787	0.03215	0.01310	0.00417	0.00595	0.02917	0.00953	0.00834
19	0.03133	0.02230	0.02946	0.02377	0.03095	0.02357	0.09321	0.08835	0.31150	0.17296	0.03702	0.03485	0.02649	0.01273	0.01065	0.00337	0.00987	0.01118	0.01020	0.01628
20	0.02814	0.02189	0.03733	0.17733	0.29911	0.02227	0.07537	0.03421	0.02403	0.14398	0.02353	0.02801	0.01747	0.01008	0.01040	0.00320	0.01231	0.00966	0.00653	0.01517
21	0.02211	0.02799	0.13175	0.02736	0.03010	0.03006	0.02525	0.02611	0.01679	0.02611	0.01437	0.02231	0.01339	0.01648	0.02935	0.00427	0.51109	0.00873	0.00446	0.01194
22	0.04604	0.01746	0.02382	0.01826	0.02620	0.01508	0.01508	0.05001	0.02937	0.58244	0.04049	0.03493	0.02540	0.01270	0.01032	0.00318	0.00873	0.01032	0.01270	0.01746
23	0.02678	0.02705	0.03539	0.10291	0.34612	0.11047	0.02670	0.03658	0.12041	0.03326	0.02275	0.02688	0.01828	0.01033	0.01008	0.00310	0.01255	0.00921	0.00603	0.01513

[dist]
# distance from previous block
# <min> <max>
0	824

# created by:
# /st0/software/busco_prod/Augustus/scripts/msa2prfl.pl ./align_prep/7128.fa
