[name]
unknown

[dist]
# distance from previous block
# <min> <max>
13	102

[block]
# block no. 0 follows, 12 sequences, length 14
# corresponding to MSA columns:
# 121-134
name=unknown_A
#
# <colnr> <probs for GDERKNQSTAVLIFYWHMCP>
#	G	D	E	R	K	N	Q	S	T	A	V	L	I	F	Y	W	H	M	C	P
0	0.03819	0.02035	0.02563	0.02053	0.02751	0.02011	0.01664	0.11034	0.06671	0.30290	0.03730	0.08452	0.02806	0.01534	0.01316	0.00343	0.06190	0.01211	0.01116	0.08410
1	0.01797	0.01371	0.01681	0.01524	0.01851	0.01344	0.01103	0.02347	0.06624	0.03109	0.12438	0.05484	0.04343	0.21761	0.15505	0.00861	0.01326	0.01354	0.00779	0.13397
2	0.08689	0.01663	0.02093	0.02072	0.06865	0.01623	0.01458	0.03484	0.08537	0.17267	0.22702	0.05702	0.09877	0.01745	0.01145	0.00345	0.00762	0.01481	0.01105	0.01385
3	0.14354	0.01382	0.01456	0.01386	0.01680	0.01527	0.01074	0.02471	0.02203	0.03889	0.08152	0.09357	0.06982	0.01675	0.01205	0.00327	0.07307	0.01291	0.31232	0.01049
4	0.02574	0.24252	0.15769	0.02627	0.03714	0.03047	0.11284	0.03491	0.06854	0.03263	0.02067	0.02377	0.01650	0.00981	0.00934	0.00283	0.01301	0.00829	0.00567	0.12135
5	0.04489	0.01945	0.02518	0.01991	0.02793	0.01807	0.01625	0.05402	0.12316	0.46201	0.04327	0.03777	0.02815	0.01373	0.01099	0.00343	0.00916	0.01122	0.01305	0.01832
6	0.03189	0.03928	0.11608	0.07732	0.03919	0.23107	0.06002	0.12372	0.03172	0.03762	0.05729	0.05663	0.02397	0.01315	0.01084	0.00326	0.01549	0.01043	0.00701	0.01404
7	0.02880	0.30932	0.23417	0.02433	0.03599	0.03499	0.02684	0.12194	0.02784	0.03681	0.01878	0.02109	0.01477	0.01039	0.00893	0.00291	0.01333	0.00737	0.00580	0.01560
8	0.03182	0.01462	0.01940	0.01618	0.02156	0.01303	0.01284	0.03652	0.03045	0.28904	0.26709	0.05728	0.06115	0.01739	0.01158	0.00334	0.00712	0.01484	0.06049	0.01424
9	0.13982	0.01250	0.01338	0.01343	0.01617	0.01242	0.00965	0.01988	0.02308	0.03524	0.18341	0.19498	0.15088	0.10682	0.01794	0.00469	0.00685	0.01984	0.00950	0.00952
10	0.02460	0.02668	0.09061	0.06984	0.07024	0.02532	0.04902	0.03943	0.19677	0.03681	0.02744	0.03024	0.02148	0.01280	0.01446	0.00342	0.10474	0.00997	0.00733	0.13880
11	0.02195	0.01182	0.01466	0.01386	0.01549	0.01128	0.00900	0.02252	0.01911	0.12055	0.03750	0.12275	0.03914	0.38727	0.04139	0.06884	0.00975	0.01610	0.00811	0.00890
12	0.02073	0.01922	0.02765	0.13043	0.03373	0.02477	0.02102	0.02486	0.02189	0.03176	0.17298	0.04202	0.04077	0.01849	0.02424	0.00416	0.31026	0.01261	0.00694	0.01147
13	0.01939	0.01313	0.01656	0.01579	0.01946	0.01139	0.01150	0.02225	0.02197	0.07596	0.04522	0.31371	0.04964	0.09164	0.01699	0.00437	0.00779	0.05448	0.00909	0.17966

[dist]
# distance from previous block
# <min> <max>
4	13

[block]
# block no. 1 follows, 12 sequences, length 26
# corresponding to MSA columns:
# 148-173
name=unknown_B
#
# <colnr> <probs for GDERKNQSTAVLIFYWHMCP>
#	G	D	E	R	K	N	Q	S	T	A	V	L	I	F	Y	W	H	M	C	P
0	0.02536	0.06437	0.15152	0.06789	0.07268	0.02250	0.02402	0.08560	0.06688	0.07739	0.03910	0.08887	0.06838	0.01704	0.01152	0.00369	0.01154	0.07908	0.00818	0.01441
1	0.08721	0.15784	0.07358	0.02126	0.03026	0.02825	0.01930	0.15339	0.06708	0.21290	0.02921	0.02798	0.02047	0.01209	0.00973	0.00315	0.01085	0.00907	0.00961	0.01677
2	0.31940	0.11840	0.17163	0.02045	0.03021	0.02697	0.02126	0.03619	0.05685	0.07915	0.02048	0.02217	0.01530	0.01065	0.00839	0.00327	0.01107	0.00730	0.00667	0.01418
3	0.33068	0.07531	0.16186	0.02073	0.03024	0.06610	0.02095	0.03664	0.02272	0.11503	0.02045	0.02201	0.01484	0.01070	0.00854	0.00328	0.01161	0.00727	0.00693	0.01411
4	0.12552	0.10931	0.11303	0.02908	0.07217	0.02890	0.08277	0.03636	0.07788	0.07629	0.02229	0.02579	0.01741	0.01237	0.01463	0.00357	0.12232	0.00913	0.00654	0.01464
5	0.03347	0.02327	0.02471	0.06468	0.03084	0.09962	0.01759	0.04283	0.12088	0.20631	0.07459	0.04627	0.03405	0.01527	0.01119	0.00342	0.01077	0.06235	0.01018	0.06771
6	0.01576	0.01080	0.01300	0.01287	0.01351	0.01090	0.00804	0.01704	0.01840	0.02517	0.11301	0.06942	0.04798	0.45839	0.11252	0.01031	0.01202	0.01595	0.00735	0.00757
7	0.02830	0.08336	0.18000	0.02986	0.09220	0.15300	0.02584	0.03898	0.10381	0.03404	0.02255	0.02496	0.01764	0.01077	0.00981	0.00296	0.01391	0.00827	0.00622	0.11351
8	0.09707	0.01720	0.01945	0.01515	0.02252	0.01459	0.01203	0.02856	0.02411	0.07739	0.10409	0.03432	0.03130	0.01143	0.00884	0.00232	0.00741	0.00921	0.08229	0.38071
9	0.02276	0.12608	0.49848	0.02955	0.04483	0.02751	0.03763	0.03430	0.02291	0.03344	0.01903	0.02234	0.01383	0.01023	0.00995	0.00332	0.01557	0.00778	0.00461	0.01585
10	0.01629	0.01123	0.01405	0.01473	0.01562	0.01144	0.01034	0.01807	0.01854	0.02470	0.04009	0.08212	0.04450	0.39916	0.10206	0.00984	0.01249	0.13939	0.00745	0.00788
11	0.02323	0.01654	0.01886	0.01776	0.02164	0.01805	0.01329	0.03802	0.23741	0.07525	0.04286	0.13272	0.03824	0.09116	0.07838	0.00594	0.01038	0.01519	0.09192	0.01317
12	0.02480	0.02557	0.03105	0.02693	0.02783	0.09071	0.02205	0.02754	0.01983	0.02821	0.07280	0.02973	0.02403	0.01857	0.03038	0.00441	0.46769	0.01038	0.00566	0.01183
13	0.02574	0.02941	0.06434	0.04596	0.05699	0.02757	0.50919	0.03493	0.02574	0.03493	0.02206	0.02941	0.01654	0.00919	0.01287	0.00368	0.01838	0.01287	0.00551	0.01471
14	0.01771	0.01499	0.01971	0.01816	0.02039	0.01644	0.01400	0.02105	0.02307	0.03288	0.18385	0.20377	0.09220	0.02343	0.01871	0.00387	0.16318	0.01881	0.00883	0.08494
15	0.01586	0.01057	0.01189	0.01189	0.01189	0.01057	0.00661	0.01586	0.01586	0.02114	0.03436	0.07135	0.03964	0.61681	0.05550	0.01057	0.01057	0.01586	0.00661	0.00661
16	0.45597	0.02048	0.02192	0.21793	0.04017	0.02438	0.01833	0.03057	0.01970	0.04148	0.01667	0.02173	0.01277	0.01040	0.00822	0.00347	0.01059	0.00724	0.00608	0.01192
17	0.02397	0.18401	0.38983	0.02985	0.04385	0.02967	0.08692	0.03414	0.02312	0.03253	0.01883	0.02245	0.01415	0.00999	0.00986	0.00322	0.01534	0.00807	0.00472	0.01547
18	0.03053	0.24653	0.14592	0.03207	0.12980	0.09381	0.02620	0.10916	0.02833	0.03605	0.01891	0.02192	0.01528	0.01040	0.00928	0.00292	0.01371	0.00774	0.00587	0.01557
19	0.02187	0.05640	0.56031	0.03108	0.04719	0.02532	0.04029	0.03453	0.02302	0.03453	0.01957	0.02302	0.01381	0.01036	0.01036	0.00345	0.01611	0.00806	0.00460	0.01611
20	0.02558	0.03337	0.18916	0.02806	0.03759	0.02532	0.10035	0.10341	0.17384	0.04159	0.03303	0.10166	0.02769	0.01476	0.01147	0.00365	0.01254	0.01310	0.00816	0.01566
21	0.01342	0.01107	0.01178	0.01160	0.01505	0.00943	0.00870	0.01668	0.02611	0.03244	0.20096	0.10002	0.45201	0.02650	0.01288	0.00363	0.00544	0.02232	0.01052	0.00943
22	0.02021	0.01727	0.02521	0.10925	0.03213	0.01863	0.07548	0.03033	0.13376	0.03292	0.10708	0.05219	0.03986	0.18752	0.06574	0.00659	0.01231	0.01401	0.00793	0.01159
23	0.69383	0.02109	0.01603	0.01434	0.02109	0.02446	0.01181	0.03205	0.01856	0.04892	0.01518	0.01771	0.01181	0.01012	0.00675	0.00337	0.00843	0.00590	0.00675	0.01181
24	0.01662	0.01306	0.01885	0.01827	0.01976	0.01572	0.01411	0.01990	0.01724	0.02497	0.02794	0.04364	0.02703	0.13297	0.45047	0.01519	0.09691	0.01188	0.00579	0.00966
25	0.03130	0.11250	0.04054	0.07752	0.17036	0.02697	0.07661	0.10758	0.02890	0.10868	0.02356	0.02672	0.01787	0.01051	0.01018	0.00301	0.01224	0.00927	0.00732	0.09836

[dist]
# distance from previous block
# <min> <max>
0	1

[block]
# block no. 2 follows, 12 sequences, length 9
# corresponding to MSA columns:
# 175-183
name=unknown_C
#
# <colnr> <probs for GDERKNQSTAVLIFYWHMCP>
#	G	D	E	R	K	N	Q	S	T	A	V	L	I	F	Y	W	H	M	C	P
0	0.29776	0.24153	0.12434	0.01971	0.02888	0.07099	0.01975	0.03352	0.02148	0.03666	0.01604	0.01868	0.01308	0.00996	0.00767	0.00298	0.01169	0.00633	0.00557	0.01337
1	0.01487	0.01117	0.01435	0.01535	0.01752	0.00982	0.01060	0.01727	0.02117	0.02915	0.05316	0.50964	0.06258	0.02971	0.01292	0.00395	0.00662	0.02682	0.00950	0.12382
2	0.03653	0.02802	0.08731	0.11087	0.03843	0.06655	0.02209	0.16030	0.03387	0.21343	0.06724	0.03342	0.02602	0.01311	0.01092	0.00336	0.01206	0.01049	0.00978	0.01621
3	0.01388	0.01093	0.01253	0.01245	0.01542	0.00958	0.00922	0.01746	0.02673	0.03467	0.26829	0.14494	0.33261	0.02625	0.01298	0.00366	0.00546	0.02255	0.01083	0.00958
4	0.03005	0.27465	0.04114	0.02661	0.08674	0.11812	0.02022	0.04260	0.18770	0.03337	0.02546	0.02638	0.02060	0.01143	0.00918	0.00295	0.01206	0.00855	0.00697	0.01520
5	0.01409	0.01082	0.01289	0.01294	0.01561	0.00963	0.00949	0.01777	0.02686	0.03555	0.29488	0.18047	0.26691	0.02635	0.01305	0.00370	0.00549	0.02290	0.01096	0.00963
6	0.01925	0.01386	0.02096	0.02468	0.10720	0.01487	0.01511	0.01959	0.01756	0.02448	0.02600	0.08794	0.02674	0.10331	0.12946	0.26455	0.05736	0.01251	0.00573	0.00886
7	0.01807	0.01128	0.01420	0.01447	0.01671	0.01057	0.01058	0.02133	0.02425	0.07463	0.16886	0.21841	0.10343	0.11207	0.01901	0.00485	0.00715	0.07138	0.06885	0.00991
8	0.03414	0.06140	0.03008	0.02279	0.02915	0.02931	0.01880	0.24283	0.12233	0.09567	0.02923	0.03016	0.02182	0.01407	0.01419	0.00346	0.09991	0.01010	0.07433	0.01622

[dist]
# distance from previous block
# <min> <max>
4	6

[block]
# block no. 3 follows, 12 sequences, length 11
# corresponding to MSA columns:
# 190-200
name=unknown_D
#
# <colnr> <probs for GDERKNQSTAVLIFYWHMCP>
#	G	D	E	R	K	N	Q	S	T	A	V	L	I	F	Y	W	H	M	C	P
0	0.03796	0.02056	0.02563	0.06597	0.03180	0.02111	0.01765	0.05304	0.22928	0.31033	0.04168	0.03790	0.02851	0.01381	0.01101	0.00352	0.00944	0.01141	0.01185	0.01753
1	0.01645	0.01025	0.01397	0.01489	0.01549	0.01025	0.01028	0.01621	0.01776	0.02373	0.03785	0.19440	0.04241	0.16709	0.07598	0.23622	0.01053	0.07188	0.00719	0.00718
2	0.01484	0.01050	0.01266	0.01312	0.01535	0.00960	0.00946	0.01848	0.02553	0.03541	0.23864	0.24026	0.18157	0.02583	0.01252	0.00367	0.00557	0.02263	0.09473	0.00960
3	0.02534	0.29458	0.23216	0.09571	0.08833	0.03296	0.02910	0.03282	0.02267	0.02999	0.01772	0.02171	0.01429	0.00992	0.00901	0.00297	0.01371	0.00744	0.00473	0.01483
4	0.01506	0.01141	0.01407	0.01420	0.01712	0.01042	0.01118	0.01941	0.02771	0.03678	0.30108	0.09779	0.23674	0.02566	0.01333	0.00385	0.00630	0.11701	0.01098	0.00989
5	0.02841	0.07709	0.03660	0.16140	0.13713	0.02721	0.06102	0.07120	0.16523	0.08096	0.02870	0.03136	0.02160	0.01184	0.01074	0.00342	0.01205	0.01043	0.00781	0.01579
6	0.01850	0.01308	0.01804	0.01756	0.01977	0.01459	0.01353	0.06285	0.02062	0.02868	0.03040	0.04895	0.02932	0.10669	0.37061	0.09838	0.02217	0.05002	0.00656	0.00968
7	0.14621	0.02496	0.10198	0.02052	0.02857	0.02062	0.01868	0.07795	0.08746	0.22832	0.03585	0.10337	0.02825	0.01518	0.01054	0.00355	0.00991	0.01227	0.01013	0.01568
8	0.14429	0.10045	0.14868	0.03091	0.14348	0.02446	0.02430	0.03608	0.02473	0.13645	0.06462	0.02965	0.02384	0.01160	0.00975	0.00324	0.01139	0.00926	0.00744	0.01537
9	0.02567	0.02457	0.04188	0.17449	0.45150	0.02556	0.03281	0.03231	0.02421	0.03403	0.02028	0.02741	0.01671	0.00996	0.01082	0.00332	0.01328	0.00971	0.00528	0.01621
10	0.11409	0.01745	0.02427	0.14716	0.14371	0.01838	0.01931	0.02547	0.02464	0.03633	0.15367	0.05458	0.14610	0.01658	0.01114	0.00348	0.00936	0.01419	0.00792	0.01216

[dist]
# distance from previous block
# <min> <max>
0	4

[block]
# block no. 4 follows, 12 sequences, length 20
# corresponding to MSA columns:
# 205-224
name=unknown_E
#
# <colnr> <probs for GDERKNQSTAVLIFYWHMCP>
#	G	D	E	R	K	N	Q	S	T	A	V	L	I	F	Y	W	H	M	C	P
0	0.03012	0.03289	0.02605	0.02110	0.02910	0.24615	0.01630	0.03413	0.02605	0.03186	0.01833	0.02139	0.01528	0.00939	0.00880	0.00211	0.01288	0.00669	0.00611	0.40527
1	0.35809	0.02079	0.02119	0.01962	0.06847	0.02047	0.01413	0.03027	0.02078	0.04222	0.01738	0.02054	0.01408	0.00924	0.00765	0.00263	0.00867	0.00646	0.00651	0.29082
2	0.04892	0.01856	0.02530	0.01940	0.02783	0.01603	0.01603	0.05314	0.03121	0.55634	0.04302	0.03711	0.02699	0.01350	0.01096	0.00337	0.00928	0.01096	0.01350	0.01856
3	0.02844	0.41274	0.04573	0.01990	0.02811	0.03752	0.01817	0.04153	0.20013	0.03266	0.02542	0.02563	0.02077	0.01125	0.00844	0.00281	0.01060	0.00811	0.00692	0.01514
4	0.02637	0.28416	0.09632	0.03061	0.15139	0.03057	0.02294	0.03180	0.02297	0.03121	0.01785	0.02148	0.01525	0.00923	0.00848	0.00249	0.01156	0.00711	0.00525	0.17296
5	0.01401	0.01055	0.01297	0.01349	0.01571	0.00951	0.00969	0.01741	0.02584	0.03446	0.26169	0.26756	0.21182	0.02777	0.01323	0.00384	0.00565	0.02445	0.01085	0.00951
6	0.07171	0.02062	0.06175	0.12122	0.08512	0.02035	0.02091	0.06332	0.02701	0.03924	0.19087	0.05336	0.04809	0.01718	0.01374	0.00371	0.06047	0.06045	0.00831	0.01256
7	0.08466	0.03287	0.19932	0.02558	0.03671	0.02204	0.07291	0.07705	0.02798	0.22277	0.02826	0.02845	0.01913	0.01137	0.01042	0.00329	0.01242	0.00942	0.00862	0.06673
8	0.02620	0.02072	0.02666	0.02127	0.02847	0.06076	0.08663	0.03094	0.02598	0.12101	0.04884	0.05544	0.14639	0.01626	0.01126	0.00315	0.01035	0.06036	0.00867	0.19065
9	0.01469	0.01018	0.01272	0.01419	0.01471	0.00986	0.00924	0.01604	0.01912	0.02542	0.04919	0.34731	0.05785	0.27659	0.03133	0.00703	0.00839	0.05948	0.00865	0.00801
10	0.03037	0.07260	0.07928	0.16729	0.17971	0.06965	0.07005	0.03681	0.02555	0.12913	0.02380	0.02795	0.01761	0.01079	0.01064	0.00331	0.01381	0.00958	0.00669	0.01538
11	0.18987	0.09262	0.19511	0.02959	0.11847	0.02528	0.02568	0.03700	0.02367	0.13351	0.02255	0.02445	0.01635	0.01067	0.00934	0.00327	0.01204	0.00813	0.00690	0.01551
12	0.03082	0.01755	0.02392	0.02049	0.02380	0.01961	0.01617	0.03408	0.06609	0.19953	0.02785	0.03262	0.02161	0.02279	0.02761	0.21770	0.16704	0.01023	0.00818	0.01231
13	0.01559	0.01046	0.01197	0.01223	0.01230	0.01039	0.00697	0.01579	0.01637	0.02183	0.03701	0.12677	0.04298	0.55683	0.05122	0.00994	0.01013	0.01741	0.00697	0.00684
14	0.15203	0.11318	0.08129	0.01865	0.02819	0.02328	0.01717	0.06908	0.02478	0.08516	0.02061	0.02254	0.01593	0.00973	0.00837	0.00251	0.00988	0.00708	0.00703	0.28351
15	0.03573	0.18623	0.12056	0.02308	0.03233	0.03000	0.02224	0.14472	0.03080	0.18248	0.02589	0.02621	0.01857	0.01228	0.01187	0.00321	0.06013	0.00879	0.00848	0.01642
16	0.31669	0.17416	0.07369	0.01802	0.02660	0.02718	0.01690	0.03748	0.02287	0.16389	0.02223	0.02276	0.01617	0.01075	0.00812	0.00312	0.01008	0.00728	0.00767	0.01433
17	0.17120	0.01335	0.01484	0.01477	0.01750	0.01445	0.01111	0.02220	0.02014	0.03389	0.08511	0.09618	0.04027	0.14659	0.15260	0.00825	0.01313	0.05178	0.06298	0.00967
18	0.01962	0.01375	0.01552	0.01471	0.01730	0.01379	0.01017	0.06427	0.06349	0.03292	0.03934	0.18026	0.04107	0.23975	0.02729	0.00601	0.00852	0.01690	0.10983	0.06548
19	0.02418	0.02360	0.07571	0.15821	0.04114	0.02298	0.06991	0.07607	0.15792	0.04036	0.07256	0.03741	0.02919	0.01309	0.01078	0.00343	0.01114	0.01146	0.10671	0.01416

[dist]
# distance from previous block
# <min> <max>
15	31

[block]
# block no. 5 follows, 12 sequences, length 9
# corresponding to MSA columns:
# 257-265
name=unknown_F
#
# <colnr> <probs for GDERKNQSTAVLIFYWHMCP>
#	G	D	E	R	K	N	Q	S	T	A	V	L	I	F	Y	W	H	M	C	P
0	0.02349	0.25822	0.10910	0.01897	0.02744	0.02762	0.01858	0.03196	0.08964	0.03238	0.07250	0.04116	0.11361	0.01408	0.00952	0.00290	0.01003	0.01095	0.00711	0.08074
1	0.02148	0.01444	0.01820	0.01570	0.02081	0.01203	0.01177	0.02453	0.02334	0.08833	0.10510	0.19532	0.04496	0.02079	0.01411	0.07110	0.00746	0.01584	0.00881	0.26588
2	0.29988	0.01636	0.01661	0.01558	0.02062	0.01722	0.01257	0.03122	0.02262	0.13110	0.03494	0.11698	0.03200	0.01712	0.00975	0.00363	0.00807	0.07887	0.10277	0.01211
3	0.11300	0.09465	0.08080	0.02054	0.02792	0.02507	0.01824	0.13050	0.10151	0.11557	0.02950	0.06886	0.02382	0.01642	0.01351	0.07570	0.01039	0.01066	0.00872	0.01461
4	0.27543	0.01665	0.01656	0.01616	0.02017	0.01804	0.01215	0.08658	0.02397	0.04119	0.03860	0.30859	0.04221	0.02228	0.01080	0.00388	0.00787	0.01870	0.00894	0.01124
5	0.69383	0.02109	0.01603	0.01434	0.02109	0.02446	0.01181	0.03205	0.01856	0.04892	0.01518	0.01771	0.01181	0.01012	0.00675	0.00337	0.00843	0.00590	0.00675	0.01181
6	0.02266	0.07954	0.20161	0.14633	0.10309	0.02482	0.02840	0.03433	0.09582	0.03538	0.09318	0.03465	0.02912	0.01255	0.01069	0.00341	0.01253	0.01058	0.00667	0.01463
7	0.01931	0.02051	0.08022	0.07686	0.03073	0.01693	0.05143	0.02495	0.02403	0.03448	0.13288	0.08931	0.09853	0.01676	0.01301	0.00326	0.05597	0.01414	0.05172	0.14495
8	0.01463	0.01074	0.01371	0.01375	0.01599	0.00982	0.01001	0.01872	0.02779	0.03829	0.37805	0.20948	0.14706	0.02573	0.01311	0.00370	0.00547	0.02278	0.01134	0.00982

[dist]
# distance from previous block
# <min> <max>
7	93

[block]
# block no. 6 follows, 12 sequences, length 12
# corresponding to MSA columns:
# 368-379
name=unknown_G
#
# <colnr> <probs for GDERKNQSTAVLIFYWHMCP>
#	G	D	E	R	K	N	Q	S	T	A	V	L	I	F	Y	W	H	M	C	P
0	0.08416	0.01692	0.02029	0.01839	0.02257	0.01779	0.01447	0.10124	0.02724	0.07077	0.10088	0.17743	0.04550	0.02694	0.06781	0.00507	0.05118	0.05388	0.00928	0.06819
1	0.02455	0.02588	0.10748	0.18171	0.04265	0.02352	0.02350	0.12213	0.10981	0.04282	0.14153	0.04114	0.03786	0.01438	0.01129	0.00350	0.01127	0.01212	0.00852	0.01432
2	0.02103	0.07225	0.02006	0.01589	0.01950	0.01611	0.01218	0.02776	0.08727	0.08041	0.11775	0.17062	0.08709	0.07695	0.07478	0.00560	0.00987	0.01742	0.05594	0.01153
3	0.03032	0.02902	0.08090	0.12256	0.10856	0.02869	0.08630	0.19959	0.11719	0.04712	0.02634	0.02929	0.01955	0.01188	0.01112	0.00346	0.01311	0.01044	0.00808	0.01646
4	0.01771	0.01135	0.01459	0.01437	0.01707	0.01028	0.01054	0.02149	0.02714	0.08680	0.29494	0.23872	0.14209	0.02568	0.01300	0.00376	0.00595	0.02267	0.01135	0.01052
5	0.02215	0.01707	0.02509	0.30275	0.04765	0.01961	0.02133	0.03112	0.08743	0.07260	0.07842	0.10985	0.03423	0.01570	0.01122	0.00361	0.01072	0.01375	0.06318	0.01251
6	0.02879	0.02054	0.03240	0.10925	0.08333	0.02257	0.07291	0.03389	0.02514	0.16479	0.11163	0.03840	0.03278	0.01514	0.01746	0.00378	0.15277	0.01198	0.00832	0.01413
7	0.02421	0.01463	0.01808	0.01612	0.01919	0.01500	0.01171	0.08536	0.02435	0.11466	0.07609	0.05490	0.03758	0.27942	0.15189	0.00943	0.01414	0.01374	0.00852	0.01099
8	0.02635	0.03386	0.16698	0.09440	0.12650	0.02774	0.17945	0.09323	0.02705	0.03779	0.02086	0.02666	0.01589	0.01102	0.01342	0.00359	0.06365	0.01030	0.00584	0.01543
9	0.01368	0.00994	0.01253	0.01419	0.01530	0.00920	0.00953	0.01576	0.02166	0.02863	0.10343	0.44566	0.13056	0.09419	0.01811	0.00490	0.00658	0.02746	0.00990	0.00878
10	0.04480	0.02221	0.02909	0.02580	0.08454	0.02133	0.01900	0.16100	0.03533	0.38435	0.03660	0.03342	0.02394	0.01300	0.01093	0.00334	0.01032	0.01056	0.01202	0.01842
11	0.03023	0.13035	0.13583	0.03046	0.11471	0.02909	0.02474	0.10212	0.16374	0.08798	0.02863	0.02916	0.02143	0.01191	0.01019	0.00327	0.01172	0.00958	0.00809	0.01678

[dist]
# distance from previous block
# <min> <max>
0	3

[block]
# block no. 7 follows, 12 sequences, length 39
# corresponding to MSA columns:
# 383-421
name=unknown_H
#
# <colnr> <probs for GDERKNQSTAVLIFYWHMCP>
#	G	D	E	R	K	N	Q	S	T	A	V	L	I	F	Y	W	H	M	C	P
0	0.02838	0.03381	0.21072	0.02512	0.03683	0.02142	0.06559	0.08154	0.02709	0.11599	0.02386	0.02584	0.01724	0.01024	0.00997	0.00284	0.01225	0.00855	0.00723	0.23552
1	0.02502	0.08202	0.24130	0.02881	0.07393	0.02360	0.06391	0.03538	0.08090	0.07689	0.07506	0.03303	0.02665	0.01439	0.01343	0.06104	0.01267	0.01034	0.00692	0.01472
2	0.02251	0.01248	0.01629	0.01512	0.01872	0.01119	0.01140	0.02646	0.02805	0.15838	0.27271	0.19546	0.12084	0.02350	0.01266	0.00367	0.00642	0.02060	0.01173	0.01178
3	0.09903	0.02188	0.03465	0.13014	0.32560	0.02333	0.02705	0.03000	0.02238	0.03414	0.02128	0.02905	0.01801	0.02265	0.10967	0.00583	0.01555	0.00963	0.00555	0.01456
4	0.09893	0.07146	0.03028	0.08959	0.10960	0.02128	0.01949	0.03905	0.02568	0.23315	0.02777	0.02859	0.01965	0.01100	0.00968	0.00298	0.01032	0.00891	0.00867	0.13393
5	0.01607	0.00988	0.01357	0.01475	0.01555	0.00946	0.01026	0.01540	0.01868	0.02449	0.04680	0.26896	0.09406	0.03482	0.02647	0.30125	0.00792	0.05668	0.00776	0.00718
6	0.02385	0.02385	0.03340	0.02863	0.02863	0.03340	0.02385	0.02624	0.01670	0.02624	0.01431	0.02385	0.01431	0.01908	0.03578	0.00477	0.59685	0.00954	0.00477	0.01193
7	0.09783	0.08710	0.02789	0.01937	0.02721	0.02077	0.01646	0.07995	0.03000	0.36663	0.03771	0.04081	0.02710	0.01433	0.01055	0.00341	0.00975	0.05508	0.01140	0.01664
8	0.02707	0.02292	0.03140	0.44241	0.06342	0.08474	0.02713	0.03338	0.02422	0.10629	0.02261	0.02921	0.01633	0.01132	0.01079	0.00350	0.01433	0.00958	0.00622	0.01313
9	0.01535	0.01085	0.01431	0.01600	0.01734	0.01050	0.01190	0.01828	0.02246	0.02997	0.10912	0.29964	0.06685	0.13435	0.02150	0.00559	0.00813	0.16916	0.00969	0.00900
10	0.02248	0.05215	0.48227	0.03342	0.04873	0.02568	0.11407	0.03459	0.02345	0.03459	0.01996	0.02403	0.01424	0.01018	0.01075	0.00349	0.01647	0.00881	0.00475	0.01589
11	0.02652	0.01926	0.02301	0.01663	0.02614	0.01476	0.01338	0.03127	0.02389	0.11295	0.02289	0.02477	0.01776	0.00888	0.00850	0.00188	0.00825	0.00713	0.00751	0.58462
12	0.01478	0.01042	0.01363	0.01505	0.01588	0.01042	0.01035	0.01673	0.01933	0.02599	0.04783	0.32247	0.05514	0.20944	0.10926	0.00821	0.01132	0.06682	0.00846	0.00845
13	0.01989	0.01228	0.01555	0.01580	0.01855	0.01157	0.01141	0.02488	0.06434	0.10976	0.11551	0.37097	0.11155	0.02758	0.01303	0.00403	0.00674	0.02449	0.01091	0.01116
14	0.01795	0.01114	0.01456	0.01503	0.01715	0.01042	0.01068	0.02069	0.02322	0.08909	0.12985	0.33843	0.10568	0.07634	0.06160	0.00561	0.00857	0.02371	0.01018	0.01009
15	0.01586	0.01057	0.01189	0.01189	0.01189	0.01057	0.00661	0.01586	0.01586	0.02114	0.03436	0.07135	0.03964	0.61681	0.05550	0.01057	0.01057	0.01586	0.00661	0.00661
16	0.01839	0.01398	0.01694	0.01636	0.01851	0.01556	0.01167	0.02702	0.13652	0.02839	0.03482	0.05375	0.03363	0.28039	0.23451	0.01150	0.01693	0.01350	0.00738	0.01024
17	0.01350	0.01107	0.01189	0.01169	0.01510	0.00946	0.00876	0.01683	0.02629	0.03287	0.21401	0.09931	0.43868	0.02634	0.01288	0.00362	0.00543	0.02222	0.01057	0.00946
18	0.02915	0.62337	0.05714	0.01866	0.02799	0.04314	0.01866	0.03265	0.02215	0.02565	0.01516	0.01749	0.01399	0.00933	0.00700	0.00233	0.01166	0.00583	0.00466	0.01399
19	0.37635	0.01984	0.02059	0.01683	0.02441	0.02031	0.01388	0.04243	0.02478	0.29871	0.02888	0.02726	0.01928	0.01178	0.00882	0.00337	0.00885	0.00840	0.01007	0.01513
20	0.04892	0.01856	0.02530	0.01940	0.02783	0.01603	0.01603	0.05314	0.03121	0.55634	0.04302	0.03711	0.02699	0.01350	0.01096	0.00337	0.00928	0.01096	0.01350	0.01856
21	0.04022	0.03205	0.03494	0.02687	0.03553	0.07351	0.05717	0.44191	0.04784	0.06307	0.02518	0.02593	0.01806	0.01266	0.01097	0.00327	0.01305	0.00984	0.01011	0.01782
22	0.02728	0.01854	0.02579	0.03034	0.15906	0.01857	0.01837	0.06751	0.06616	0.12638	0.03677	0.10427	0.03443	0.15699	0.02194	0.00527	0.01046	0.04934	0.00879	0.01372
23	0.01313	0.01106	0.01139	0.01130	0.01488	0.00931	0.00848	0.01613	0.02544	0.03084	0.15239	0.10266	0.50157	0.02710	0.01288	0.00366	0.00549	0.02269	0.01031	0.00931
24	0.03028	0.56775	0.05458	0.01957	0.02854	0.09472	0.01889	0.03371	0.02301	0.02575	0.01532	0.01770	0.01400	0.00951	0.00727	0.00238	0.01244	0.00595	0.00476	0.01386
25	0.08071	0.07628	0.03688	0.03089	0.09228	0.16100	0.09678	0.08343	0.06812	0.03755	0.02133	0.02448	0.01693	0.01048	0.00990	0.00293	0.01381	0.00868	0.00667	0.12088
26	0.02611	0.09374	0.42316	0.02902	0.04323	0.02825	0.03498	0.12468	0.02829	0.04033	0.02049	0.02321	0.01472	0.01080	0.01021	0.00334	0.01500	0.00822	0.00580	0.01642
27	0.02915	0.62337	0.05714	0.01866	0.02799	0.04314	0.01866	0.03265	0.02215	0.02565	0.01516	0.01749	0.01399	0.00933	0.00700	0.00233	0.01166	0.00583	0.00466	0.01399
28	0.10444	0.07404	0.11288	0.02095	0.03069	0.02427	0.01966	0.11892	0.07699	0.08707	0.02422	0.02534	0.01812	0.01075	0.00924	0.00280	0.01052	0.00814	0.00788	0.21309
29	0.07858	0.07054	0.09015	0.28126	0.09636	0.02711	0.09981	0.06783	0.02477	0.03485	0.01976	0.02637	0.01503	0.01049	0.01051	0.00345	0.01424	0.00943	0.00557	0.01391
30	0.01894	0.00947	0.01420	0.01420	0.01420	0.00947	0.00947	0.01420	0.01420	0.01894	0.01894	0.03314	0.01894	0.03788	0.04261	0.68277	0.00947	0.00947	0.00473	0.00473
31	0.02103	0.07636	0.20247	0.02383	0.03098	0.02344	0.02395	0.03099	0.09659	0.03228	0.03382	0.19487	0.03364	0.01916	0.01517	0.00389	0.10156	0.01538	0.00719	0.01338
32	0.01424	0.00971	0.01319	0.01544	0.01614	0.00920	0.01060	0.01562	0.02044	0.02719	0.05529	0.50854	0.06544	0.03428	0.01723	0.08078	0.00696	0.06171	0.00951	0.00848
33	0.01414	0.01021	0.01232	0.01339	0.01453	0.00953	0.00880	0.01592	0.02096	0.02753	0.10241	0.32150	0.14750	0.20037	0.02566	0.00599	0.00731	0.02428	0.00927	0.00839
34	0.02555	0.01455	0.01824	0.01666	0.02064	0.01409	0.01247	0.03318	0.10422	0.17220	0.17682	0.18179	0.05920	0.07938	0.01648	0.00438	0.00756	0.01846	0.01130	0.01284
35	0.03601	0.01733	0.02239	0.01811	0.02511	0.01532	0.01444	0.04227	0.06833	0.32896	0.08999	0.10394	0.03831	0.01597	0.01106	0.00326	0.00831	0.01350	0.01173	0.11566
36	0.01606	0.01265	0.01472	0.01446	0.01755	0.01223	0.01072	0.02377	0.10146	0.03712	0.25990	0.17407	0.21475	0.02478	0.01279	0.00372	0.00598	0.02153	0.01100	0.01076
37	0.02441	0.02216	0.10697	0.20630	0.04329	0.01834	0.02364	0.03065	0.02414	0.12959	0.03699	0.14439	0.03436	0.01837	0.01201	0.00391	0.01166	0.08759	0.00818	0.01306
38	0.02600	0.08274	0.17033	0.11414	0.04549	0.02774	0.12096	0.03597	0.07205	0.07420	0.02314	0.02764	0.01747	0.01210	0.01454	0.00364	0.10100	0.00991	0.00618	0.01475

[dist]
# distance from previous block
# <min> <max>
0	16

[block]
# block no. 8 follows, 12 sequences, length 21
# corresponding to MSA columns:
# 438-458
name=unknown_I
#
# <colnr> <probs for GDERKNQSTAVLIFYWHMCP>
#	G	D	E	R	K	N	Q	S	T	A	V	L	I	F	Y	W	H	M	C	P
0	0.03208	0.14113	0.11229	0.09426	0.03828	0.14087	0.02341	0.07544	0.11060	0.09102	0.02529	0.02674	0.01895	0.01169	0.00994	0.00316	0.01358	0.00879	0.00733	0.01515
1	0.07843	0.23311	0.07860	0.01777	0.02586	0.02525	0.01660	0.02819	0.02300	0.03332	0.08638	0.08639	0.03115	0.01325	0.00896	0.00268	0.00952	0.01042	0.00674	0.18438
2	0.33577	0.03095	0.10878	0.02507	0.08099	0.08263	0.02060	0.07548	0.02511	0.09364	0.02018	0.02226	0.01493	0.01081	0.00880	0.00330	0.01166	0.00756	0.00715	0.01433
3	0.28452	0.08628	0.02889	0.18442	0.04029	0.02843	0.01986	0.13671	0.02708	0.04471	0.01882	0.02285	0.01431	0.01092	0.00890	0.00332	0.01133	0.00786	0.00689	0.01361
4	0.02130	0.01588	0.02498	0.02116	0.02402	0.01703	0.09215	0.02491	0.06326	0.02970	0.06120	0.03662	0.02658	0.02412	0.02697	0.28202	0.08250	0.01111	0.10499	0.00951
5	0.02422	0.02482	0.12155	0.06795	0.03392	0.01969	0.06254	0.07772	0.07939	0.08830	0.03969	0.23498	0.03854	0.01976	0.01207	0.00383	0.01085	0.01762	0.00883	0.01371
6	0.01725	0.01322	0.01612	0.01589	0.01866	0.01338	0.01169	0.02680	0.13151	0.03959	0.30193	0.22341	0.07966	0.02411	0.01279	0.00377	0.00620	0.02140	0.01128	0.01133
7	0.02274	0.01322	0.01661	0.01576	0.01921	0.01268	0.01178	0.02942	0.07970	0.13422	0.19904	0.22615	0.06451	0.02253	0.01212	0.00366	0.00664	0.01980	0.07810	0.01211
8	0.56268	0.02173	0.01862	0.01591	0.02303	0.02447	0.01312	0.08070	0.02305	0.10442	0.01918	0.02058	0.01406	0.01076	0.00760	0.00336	0.00887	0.00682	0.00786	0.01317
9	0.01569	0.01066	0.01271	0.01339	0.01379	0.01056	0.00848	0.01659	0.01774	0.02355	0.04104	0.15702	0.04728	0.45846	0.04437	0.00898	0.00988	0.07490	0.00755	0.00736
10	0.03716	0.02184	0.03007	0.02402	0.03174	0.02177	0.07791	0.09549	0.15901	0.26966	0.04030	0.04307	0.02941	0.01463	0.01157	0.00362	0.01057	0.04977	0.01135	0.01704
11	0.02712	0.02342	0.02465	0.02219	0.02835	0.02712	0.01726	0.05794	0.52909	0.04561	0.04438	0.04068	0.03328	0.01479	0.01109	0.00370	0.00863	0.01233	0.01109	0.01726
12	0.01917	0.01164	0.01526	0.01513	0.01787	0.01084	0.01153	0.02346	0.02724	0.09264	0.27745	0.19761	0.07650	0.02418	0.01272	0.00377	0.00645	0.07686	0.06888	0.01080
13	0.01562	0.01152	0.01669	0.01669	0.01835	0.01318	0.01260	0.01894	0.01728	0.02470	0.02996	0.04703	0.02908	0.16057	0.49730	0.01650	0.02646	0.01230	0.00595	0.00927
14	0.03053	0.03741	0.08955	0.18140	0.05081	0.21975	0.12568	0.07351	0.02825	0.03275	0.01959	0.02500	0.01502	0.01079	0.01088	0.00331	0.01709	0.00925	0.00571	0.01372
15	0.01712	0.01267	0.01529	0.01454	0.01454	0.01418	0.00933	0.01750	0.01599	0.02195	0.03119	0.06384	0.03563	0.52227	0.05238	0.00965	0.10330	0.01486	0.00632	0.00745
16	0.01630	0.01097	0.01546	0.01546	0.01654	0.01205	0.01106	0.01754	0.01646	0.02302	0.02849	0.04809	0.02874	0.20726	0.34002	0.14578	0.02068	0.01230	0.00582	0.00797
17	0.08551	0.01960	0.02417	0.02009	0.02561	0.02099	0.01628	0.07591	0.09092	0.22907	0.13632	0.04208	0.03928	0.01602	0.01495	0.00364	0.10143	0.01220	0.01079	0.01514
18	0.01666	0.01227	0.01797	0.01781	0.01909	0.01435	0.01355	0.01877	0.01732	0.02469	0.02988	0.10946	0.03017	0.06256	0.36517	0.12172	0.07993	0.01350	0.00609	0.00904
19	0.02261	0.01938	0.02261	0.01615	0.02584	0.01453	0.01292	0.02745	0.02261	0.03553	0.01938	0.02261	0.01615	0.00807	0.00807	0.00161	0.00807	0.00646	0.00646	0.68346
20	0.03420	0.16489	0.06451	0.02579	0.09239	0.02625	0.01978	0.08589	0.06932	0.19483	0.02997	0.03310	0.02295	0.07223	0.01443	0.00385	0.01102	0.00993	0.00878	0.01588

[dist]
# distance from previous block
# <min> <max>
0	22

[block]
# block no. 9 follows, 12 sequences, length 33
# corresponding to MSA columns:
# 481-513
name=unknown_J
#
# <colnr> <probs for GDERKNQSTAVLIFYWHMCP>
#	G	D	E	R	K	N	Q	S	T	A	V	L	I	F	Y	W	H	M	C	P
0	0.14586	0.02969	0.03288	0.02888	0.07952	0.07677	0.06258	0.26873	0.08054	0.05392	0.02425	0.02581	0.01802	0.01194	0.01030	0.00332	0.01242	0.00940	0.00881	0.01636
1	0.02758	0.02510	0.09313	0.07775	0.10047	0.02234	0.06356	0.07887	0.11755	0.08962	0.03064	0.03325	0.02281	0.01207	0.01031	0.00328	0.01100	0.01048	0.15504	0.01513
2	0.02059	0.01938	0.03270	0.59060	0.07510	0.02422	0.03028	0.02786	0.02180	0.02786	0.01938	0.02907	0.01453	0.01090	0.01090	0.00363	0.01453	0.00969	0.00484	0.01211
3	0.02550	0.01548	0.01939	0.01816	0.02256	0.01486	0.01400	0.06673	0.07171	0.14479	0.04872	0.28154	0.04908	0.02372	0.01246	0.00389	0.00821	0.07805	0.01065	0.07050
4	0.02119	0.02000	0.03379	0.54120	0.11978	0.02438	0.03058	0.02839	0.02209	0.02859	0.01949	0.02887	0.01479	0.01079	0.01089	0.00360	0.01439	0.00969	0.00490	0.01260
5	0.01375	0.01001	0.01296	0.01448	0.01583	0.00922	0.01000	0.01648	0.02356	0.03169	0.17733	0.44238	0.12035	0.03082	0.01358	0.00413	0.00598	0.02767	0.01056	0.00922
6	0.04333	0.02752	0.03085	0.02365	0.03231	0.02933	0.01954	0.39667	0.04621	0.19162	0.03042	0.02893	0.02067	0.01319	0.01092	0.00330	0.01131	0.01011	0.01156	0.01855
7	0.02574	0.02941	0.06434	0.04596	0.05699	0.02757	0.50919	0.03493	0.02574	0.03493	0.02206	0.02941	0.01654	0.00919	0.01287	0.00368	0.01838	0.01287	0.00551	0.01471
8	0.01425	0.01110	0.01293	0.01247	0.01556	0.00978	0.00935	0.01828	0.02806	0.03708	0.34146	0.09239	0.30860	0.02477	0.01287	0.00355	0.00532	0.02125	0.01113	0.00978
9	0.01400	0.00992	0.01290	0.01450	0.01540	0.00933	0.00970	0.01624	0.02203	0.02984	0.14367	0.44606	0.07351	0.10630	0.01903	0.00503	0.00665	0.02704	0.01001	0.00883
10	0.01543	0.01115	0.01457	0.01372	0.01629	0.01029	0.01029	0.02058	0.03086	0.04372	0.54304	0.08145	0.10288	0.02229	0.01286	0.00343	0.00514	0.01972	0.01200	0.01029
11	0.01323	0.00969	0.01245	0.01465	0.01568	0.00890	0.00989	0.01524	0.02138	0.02804	0.06652	0.54534	0.13232	0.03333	0.01379	0.00433	0.00622	0.02998	0.01012	0.00890
12	0.02539	0.02103	0.02410	0.01747	0.02702	0.01738	0.01407	0.09911	0.02684	0.04043	0.02038	0.02314	0.01650	0.00882	0.00849	0.00186	0.00865	0.00696	0.00712	0.58522
13	0.02596	0.01927	0.02295	0.01656	0.02609	0.01472	0.01332	0.03073	0.02371	0.10193	0.02239	0.02446	0.01753	0.00877	0.00844	0.00184	0.00823	0.00703	0.00736	0.59870
14	0.01825	0.01423	0.01987	0.01865	0.01939	0.01741	0.01411	0.01964	0.01646	0.02370	0.02499	0.04274	0.02541	0.17553	0.24481	0.11104	0.16761	0.01171	0.00557	0.00888
15	0.02574	0.02941	0.06434	0.04596	0.05699	0.02757	0.50919	0.03493	0.02574	0.03493	0.02206	0.02941	0.01654	0.00919	0.01287	0.00368	0.01838	0.01287	0.00551	0.01471
16	0.34842	0.02104	0.02608	0.24393	0.10925	0.02455	0.02171	0.03061	0.02061	0.03908	0.01748	0.02329	0.01356	0.01037	0.00887	0.00346	0.01137	0.00785	0.00584	0.01262
17	0.02290	0.01877	0.03178	0.19711	0.13354	0.01951	0.08062	0.02879	0.02498	0.08019	0.11319	0.12956	0.03976	0.01623	0.01192	0.00364	0.01143	0.01518	0.00779	0.01311
18	0.69383	0.02109	0.01603	0.01434	0.02109	0.02446	0.01181	0.03205	0.01856	0.04892	0.01518	0.01771	0.01181	0.01012	0.00675	0.00337	0.00843	0.00590	0.00675	0.01181
19	0.01748	0.01091	0.01433	0.01488	0.01674	0.01009	0.01042	0.02036	0.02426	0.08164	0.19398	0.35823	0.07381	0.07947	0.01695	0.00458	0.00664	0.02457	0.01067	0.00998
20	0.69383	0.02109	0.01603	0.01434	0.02109	0.02446	0.01181	0.03205	0.01856	0.04892	0.01518	0.01771	0.01181	0.01012	0.00675	0.00337	0.00843	0.00590	0.00675	0.01181
21	0.17175	0.02461	0.03226	0.10780	0.20048	0.02655	0.02373	0.15682	0.03045	0.09116	0.02266	0.02598	0.01695	0.01114	0.01000	0.00334	0.01164	0.00905	0.00773	0.01590
22	0.03213	0.01976	0.03012	0.03718	0.22733	0.01868	0.02236	0.03723	0.02718	0.22266	0.04255	0.05329	0.07364	0.01601	0.01174	0.00362	0.01050	0.08867	0.00950	0.01584
23	0.01452	0.01053	0.01396	0.01626	0.01772	0.00998	0.01216	0.01742	0.02248	0.02940	0.06392	0.42030	0.11179	0.03238	0.01416	0.00454	0.00735	0.16179	0.01010	0.00924
24	0.01343	0.00976	0.01268	0.01470	0.01576	0.00901	0.00998	0.01569	0.02208	0.02934	0.10592	0.52092	0.11535	0.03258	0.01374	0.00428	0.00616	0.02934	0.01028	0.00901
25	0.08867	0.08332	0.15095	0.03742	0.15833	0.02628	0.11404	0.03802	0.06083	0.10270	0.02423	0.02721	0.01803	0.01061	0.01043	0.00335	0.01330	0.00960	0.00675	0.01595
26	0.04059	0.01644	0.02235	0.01841	0.02503	0.01435	0.01465	0.04427	0.02879	0.43283	0.04701	0.17092	0.03754	0.01832	0.01165	0.00362	0.00859	0.01565	0.01271	0.01629
27	0.03506	0.01759	0.02252	0.01861	0.02482	0.01664	0.01516	0.10859	0.03352	0.28503	0.19031	0.05638	0.05149	0.01754	0.01189	0.00352	0.00852	0.05513	0.01236	0.01533
28	0.02068	0.01910	0.03208	0.24449	0.04835	0.02176	0.10285	0.03019	0.08576	0.03048	0.02615	0.03501	0.02133	0.03377	0.19110	0.00809	0.01911	0.01119	0.00607	0.01244
29	0.08831	0.16270	0.08037	0.02719	0.12538	0.02414	0.02002	0.03101	0.02583	0.08166	0.17960	0.04098	0.04256	0.01387	0.01013	0.00313	0.00982	0.01145	0.00799	0.01387
30	0.01785	0.01589	0.01812	0.01863	0.02022	0.06387	0.01400	0.02056	0.02126	0.02759	0.04783	0.30853	0.08012	0.03785	0.11537	0.00665	0.08712	0.06039	0.00827	0.00987
31	0.04635	0.01780	0.02394	0.01857	0.02647	0.01550	0.01527	0.05064	0.03046	0.50995	0.04235	0.03743	0.02708	0.01342	0.01066	0.00330	0.00890	0.01089	0.07322	0.01780
32	0.02630	0.06674	0.08533	0.03093	0.10916	0.02086	0.12470	0.03245	0.02633	0.12565	0.08986	0.04918	0.13453	0.01512	0.01157	0.00342	0.01144	0.01381	0.00829	0.01431

[dist]
# distance from previous block
# <min> <max>
0	6

[block]
# block no. 10 follows, 12 sequences, length 7
# corresponding to MSA columns:
# 520-526
name=unknown_K
#
# <colnr> <probs for GDERKNQSTAVLIFYWHMCP>
#	G	D	E	R	K	N	Q	S	T	A	V	L	I	F	Y	W	H	M	C	P
0	0.11035	0.15298	0.07667	0.02452	0.03395	0.02819	0.09346	0.12158	0.02992	0.18663	0.02624	0.02672	0.01855	0.01129	0.00989	0.00319	0.01203	0.00919	0.00858	0.01607
1	0.02769	0.02443	0.03342	0.22982	0.20036	0.08136	0.02687	0.03541	0.06048	0.08461	0.02674	0.03682	0.02184	0.01270	0.01112	0.00352	0.01329	0.04815	0.00683	0.01455
2	0.33076	0.08035	0.12002	0.06020	0.03447	0.06784	0.06034	0.06668	0.02361	0.04171	0.01766	0.02104	0.01353	0.01036	0.00868	0.00329	0.01232	0.00744	0.00619	0.01351
3	0.02832	0.01479	0.01878	0.01668	0.02072	0.01477	0.01332	0.03203	0.02469	0.20222	0.04686	0.05878	0.08984	0.08163	0.01832	0.00435	0.07048	0.07225	0.15861	0.01257
4	0.03209	0.02100	0.02558	0.09736	0.08657	0.06013	0.01865	0.07248	0.06902	0.18539	0.03512	0.09107	0.02796	0.01462	0.01065	0.00335	0.01032	0.01229	0.11156	0.01479
5	0.02915	0.62337	0.05714	0.01866	0.02799	0.04314	0.01866	0.03265	0.02215	0.02565	0.01516	0.01749	0.01399	0.00933	0.00700	0.00233	0.01166	0.00583	0.00466	0.01399
6	0.01417	0.01026	0.01309	0.01470	0.01601	0.00960	0.01031	0.01662	0.02227	0.02947	0.11400	0.39121	0.12398	0.09356	0.01821	0.00495	0.00693	0.07179	0.00994	0.00893

[dist]
# distance from previous block
# <min> <max>
0	73

[block]
# block no. 11 follows, 12 sequences, length 22
# corresponding to MSA columns:
# 600-621
name=unknown_L
#
# <colnr> <probs for GDERKNQSTAVLIFYWHMCP>
#	G	D	E	R	K	N	Q	S	T	A	V	L	I	F	Y	W	H	M	C	P
0	0.03341	0.02313	0.02567	0.02190	0.02883	0.02543	0.01737	0.10600	0.36928	0.15908	0.04212	0.03834	0.03032	0.01433	0.01105	0.00358	0.00913	0.01176	0.01160	0.01768
1	0.01585	0.01082	0.01285	0.01247	0.01409	0.01031	0.00843	0.01874	0.02369	0.03334	0.26215	0.07553	0.10345	0.26047	0.02951	0.00624	0.00734	0.01757	0.06844	0.00872
2	0.02187	0.05640	0.56031	0.03108	0.04719	0.02532	0.04029	0.03453	0.02302	0.03453	0.01957	0.02302	0.01381	0.01036	0.01036	0.00345	0.01611	0.00806	0.00460	0.01611
3	0.02823	0.55200	0.12047	0.02022	0.03040	0.04090	0.02138	0.03289	0.02226	0.02677	0.01571	0.01819	0.01397	0.00946	0.00742	0.00247	0.01222	0.00611	0.00466	0.01426
4	0.02261	0.01938	0.02261	0.01615	0.02584	0.01453	0.01292	0.02745	0.02261	0.03553	0.01938	0.02261	0.01615	0.00807	0.00807	0.00161	0.00807	0.00646	0.00646	0.68346
5	0.03462	0.02348	0.02616	0.02202	0.02915	0.02565	0.01755	0.13292	0.33261	0.16896	0.04101	0.03742	0.02934	0.01420	0.01103	0.00355	0.00935	0.01159	0.01162	0.01778
6	0.02468	0.23269	0.14951	0.02020	0.03114	0.02657	0.02073	0.03074	0.02254	0.03196	0.01798	0.02096	0.01492	0.00899	0.00820	0.00225	0.01102	0.00659	0.00545	0.31289
7	0.02887	0.08381	0.09415	0.03290	0.04219	0.09720	0.24261	0.03599	0.02709	0.09043	0.08838	0.03387	0.02774	0.01169	0.01151	0.00336	0.01510	0.01169	0.00705	0.01436
8	0.01328	0.00949	0.01265	0.01518	0.01581	0.00886	0.01012	0.01518	0.02088	0.02783	0.06010	0.60969	0.07212	0.03416	0.01392	0.00443	0.00633	0.03100	0.01012	0.00886
9	0.02574	0.02941	0.06434	0.04596	0.05699	0.02757	0.50919	0.03493	0.02574	0.03493	0.02206	0.02941	0.01654	0.00919	0.01287	0.00368	0.01838	0.01287	0.00551	0.01471
10	0.02722	0.01919	0.03097	0.45698	0.06404	0.02231	0.02695	0.03377	0.02400	0.15149	0.02491	0.03095	0.01745	0.01151	0.01092	0.00357	0.01331	0.00999	0.00687	0.01362
11	0.01495	0.01130	0.01395	0.01500	0.01692	0.01087	0.01058	0.02027	0.06990	0.03297	0.16537	0.38436	0.13441	0.02910	0.01331	0.00406	0.00619	0.02594	0.01060	0.00997
12	0.02059	0.01938	0.03270	0.59060	0.07510	0.02422	0.03028	0.02786	0.02180	0.02786	0.01938	0.02907	0.01453	0.01090	0.01090	0.00363	0.01453	0.00969	0.00484	0.01211
13	0.02650	0.31337	0.20011	0.02320	0.03382	0.03406	0.02480	0.03913	0.14100	0.03298	0.02331	0.02457	0.01845	0.01092	0.00896	0.00299	0.01228	0.00802	0.00615	0.01539
14	0.09510	0.01791	0.02600	0.08105	0.18219	0.01814	0.01957	0.02870	0.02695	0.07800	0.24680	0.05039	0.05407	0.01556	0.01127	0.00338	0.00897	0.01371	0.00894	0.01331
15	0.02010	0.01461	0.01980	0.07212	0.02535	0.01604	0.01512	0.05715	0.02337	0.06931	0.04621	0.38955	0.05149	0.02684	0.01622	0.00424	0.08926	0.02301	0.00919	0.01101
16	0.02697	0.45371	0.20771	0.02237	0.03373	0.03781	0.02513	0.03321	0.02241	0.02831	0.01648	0.01915	0.01394	0.00964	0.00800	0.00267	0.01299	0.00650	0.00465	0.01463
17	0.01589	0.01105	0.01416	0.01338	0.01595	0.01028	0.01004	0.02103	0.03011	0.04344	0.49537	0.07761	0.09584	0.02139	0.01237	0.00335	0.00514	0.01882	0.07450	0.01028
18	0.02238	0.03255	0.19669	0.18975	0.12306	0.02413	0.12586	0.03133	0.02421	0.03380	0.06931	0.03196	0.02339	0.01131	0.01129	0.00351	0.01466	0.01077	0.00565	0.01436
19	0.03041	0.01702	0.02537	0.20365	0.04149	0.01763	0.02108	0.03585	0.02635	0.22934	0.03980	0.06022	0.03368	0.01763	0.01217	0.00395	0.01120	0.14953	0.00967	0.01393
20	0.03029	0.01422	0.01896	0.01762	0.02229	0.01306	0.01433	0.03447	0.02664	0.25089	0.04894	0.15606	0.04461	0.02146	0.01214	0.00390	0.00843	0.14469	0.10362	0.01341
21	0.01771	0.01416	0.01876	0.14230	0.03064	0.01542	0.01543	0.02593	0.10647	0.03190	0.05034	0.30651	0.08423	0.02369	0.01223	0.00393	0.00836	0.02102	0.05987	0.01110

[dist]
# distance from previous block
# <min> <max>
0	7

[block]
# block no. 12 follows, 12 sequences, length 16
# corresponding to MSA columns:
# 629-644
name=unknown_M
#
# <colnr> <probs for GDERKNQSTAVLIFYWHMCP>
#	G	D	E	R	K	N	Q	S	T	A	V	L	I	F	Y	W	H	M	C	P
0	0.13623	0.02796	0.08905	0.02841	0.07512	0.05221	0.07432	0.07603	0.02737	0.20759	0.02670	0.02795	0.01878	0.01227	0.01283	0.00350	0.06980	0.00956	0.00853	0.01579
1	0.08203	0.08424	0.02309	0.01823	0.02221	0.07775	0.01417	0.02815	0.02342	0.10864	0.04435	0.26426	0.07758	0.02222	0.01325	0.00375	0.05368	0.01833	0.00886	0.01179
