[name]
unknown

[dist]
# distance from previous block
# <min> <max>
0	7

[block]
# block no. 0 follows, 16 sequences, length 17
# corresponding to MSA columns:
# 7-23
name=unknown_A
#
# <colnr> <probs for GDERKNQSTAVLIFYWHMCP>
#	G	D	E	R	K	N	Q	S	T	A	V	L	I	F	Y	W	H	M	C	P
0	0.01288	0.00920	0.01247	0.01472	0.01575	0.00879	0.01086	0.01534	0.01961	0.02594	0.05283	0.50033	0.06176	0.02936	0.01266	0.00408	0.00655	0.16972	0.00898	0.00817
1	0.01372	0.00991	0.01296	0.01219	0.01448	0.00914	0.00914	0.01829	0.02743	0.03887	0.59381	0.07240	0.09145	0.01981	0.01143	0.00305	0.00457	0.01753	0.01067	0.00914
2	0.03620	0.04619	0.02747	0.02497	0.02996	0.62047	0.01873	0.03870	0.02747	0.02372	0.01498	0.01748	0.01248	0.00999	0.00874	0.00250	0.01748	0.00624	0.00499	0.01124
3	0.02399	0.02303	0.03934	0.05949	0.59893	0.02303	0.02974	0.02974	0.02207	0.03166	0.01823	0.02399	0.01535	0.00864	0.00960	0.00288	0.01151	0.00864	0.00480	0.01535
4	0.02167	0.02422	0.05219	0.03787	0.04667	0.02270	0.50335	0.02914	0.02241	0.03036	0.02329	0.09437	0.02008	0.01059	0.01154	0.00334	0.01517	0.01319	0.00535	0.01251
5	0.72785	0.01874	0.01425	0.01275	0.01874	0.02174	0.01050	0.02849	0.01649	0.04348	0.01350	0.01574	0.01050	0.00900	0.00600	0.00300	0.00750	0.00525	0.00600	0.01050
6	0.02288	0.02614	0.05719	0.04085	0.05065	0.02451	0.56373	0.03105	0.02288	0.03105	0.01961	0.02614	0.01471	0.00817	0.01144	0.00327	0.01634	0.01144	0.00490	0.01307
7	0.02411	0.02082	0.02192	0.01972	0.02520	0.02411	0.01534	0.05150	0.58142	0.04054	0.03945	0.03616	0.02959	0.01315	0.00986	0.00329	0.00767	0.01096	0.00986	0.01534
8	0.01830	0.01723	0.02907	0.63609	0.06675	0.02153	0.02692	0.02476	0.01938	0.02476	0.01723	0.02584	0.01292	0.00969	0.00969	0.00323	0.01292	0.00861	0.00431	0.01077
9	0.01181	0.00843	0.01125	0.01350	0.01406	0.00787	0.00900	0.01350	0.01856	0.02474	0.05342	0.65306	0.06410	0.03036	0.01237	0.00394	0.00562	0.02755	0.00900	0.00787
10	0.04348	0.01649	0.02249	0.01724	0.02474	0.01425	0.01425	0.04723	0.02774	0.60564	0.03824	0.03299	0.02399	0.01200	0.00975	0.00300	0.00825	0.00975	0.01200	0.01649
11	0.02391	0.02433	0.03879	0.11479	0.38762	0.06721	0.09334	0.02952	0.02171	0.02961	0.01762	0.02376	0.01459	0.00944	0.01150	0.00304	0.06181	0.00879	0.00473	0.01390
12	0.01385	0.01038	0.01558	0.01558	0.01731	0.01211	0.01211	0.01731	0.01558	0.02250	0.02596	0.03808	0.02423	0.07269	0.62098	0.01558	0.02596	0.01038	0.00519	0.00865
13	0.02113	0.01879	0.01743	0.01612	0.01881	0.10663	0.01145	0.06169	0.14774	0.02758	0.02926	0.04496	0.02813	0.30897	0.09390	0.00722	0.01211	0.01145	0.00682	0.00982
14	0.02801	0.28525	0.15969	0.01962	0.02857	0.02736	0.02000	0.03708	0.11581	0.15314	0.02401	0.02382	0.01777	0.01010	0.00823	0.00269	0.01031	0.00756	0.00679	0.01420
15	0.10248	0.03624	0.24980	0.02380	0.03328	0.10491	0.05599	0.15536	0.02712	0.03790	0.02444	0.02621	0.05866	0.01099	0.00922	0.00297	0.01254	0.00848	0.00616	0.01344
16	0.02276	0.01858	0.01953	0.01727	0.02074	0.05766	0.01314	0.14621	0.12221	0.03618	0.11478	0.04863	0.03709	0.18760	0.02206	0.00488	0.04623	0.04510	0.00817	0.01117

[dist]
# distance from previous block
# <min> <max>
2	4

[block]
# block no. 1 follows, 16 sequences, length 19
# corresponding to MSA columns:
# 28-46
name=unknown_B
#
# <colnr> <probs for GDERKNQSTAVLIFYWHMCP>
#	G	D	E	R	K	N	Q	S	T	A	V	L	I	F	Y	W	H	M	C	P
0	0.02743	0.28101	0.22686	0.02144	0.03153	0.02957	0.02308	0.14267	0.02595	0.07853	0.01871	0.02011	0.01412	0.00957	0.00819	0.00264	0.01156	0.00692	0.00589	0.01421
1	0.02231	0.09829	0.50565	0.02570	0.03885	0.02303	0.03211	0.03216	0.02110	0.08574	0.01908	0.02127	0.01343	0.00940	0.00901	0.00298	0.01340	0.00725	0.00486	0.01438
2	0.01923	0.01818	0.03075	0.54172	0.15385	0.02178	0.02738	0.02558	0.01982	0.02589	0.01739	0.02554	0.01332	0.00952	0.00967	0.00317	0.01269	0.00862	0.00439	0.01152
3	0.02002	0.01935	0.02724	0.52446	0.05855	0.07852	0.02444	0.02593	0.02024	0.02561	0.01821	0.02589	0.01387	0.00985	0.00935	0.00308	0.01266	0.00842	0.06364	0.01067
4	0.03398	0.02166	0.03806	0.02789	0.03640	0.02016	0.25121	0.08946	0.02733	0.30668	0.02880	0.02912	0.01928	0.01031	0.01047	0.00311	0.01196	0.01038	0.00872	0.01502
5	0.01198	0.00870	0.01100	0.01275	0.01360	0.00806	0.00849	0.01360	0.01858	0.02436	0.05696	0.52580	0.12909	0.08920	0.01575	0.00437	0.00589	0.02537	0.00870	0.00772
6	0.01944	0.05013	0.60917	0.02762	0.04195	0.02251	0.03581	0.03069	0.02046	0.03069	0.01739	0.02046	0.01228	0.00921	0.00921	0.00307	0.01432	0.00716	0.00409	0.01432
7	0.42790	0.01894	0.01858	0.01527	0.02196	0.02022	0.01260	0.09427	0.02339	0.22888	0.02265	0.02221	0.01556	0.01027	0.00763	0.00299	0.00809	0.00710	0.00837	0.01312
8	0.01988	0.04734	0.55326	0.02687	0.04035	0.02266	0.03386	0.03267	0.07387	0.03163	0.01949	0.02196	0.01393	0.00958	0.00927	0.00309	0.01369	0.00752	0.00464	0.01442
9	0.01244	0.00995	0.01118	0.01113	0.01404	0.00869	0.00852	0.01567	0.02367	0.03010	0.23909	0.08843	0.40633	0.02334	0.01160	0.00330	0.00512	0.05940	0.00948	0.00852
10	0.01372	0.00991	0.01296	0.01219	0.01448	0.00914	0.00914	0.01829	0.02743	0.03887	0.59381	0.07240	0.09145	0.01981	0.01143	0.00305	0.00457	0.01753	0.01067	0.00914
11	0.01830	0.01723	0.02907	0.63609	0.06675	0.02153	0.02692	0.02476	0.01938	0.02476	0.01723	0.02584	0.01292	0.00969	0.00969	0.00323	0.01292	0.00861	0.00431	0.01077
12	0.02290	0.02191	0.03737	0.17025	0.49670	0.02274	0.02920	0.02879	0.02155	0.03034	0.01804	0.02434	0.01488	0.00884	0.00961	0.00295	0.01178	0.00863	0.00470	0.01447
13	0.02015	0.01104	0.01126	0.01050	0.01337	0.01136	0.00807	0.08291	0.02312	0.03890	0.03069	0.03471	0.02392	0.01133	0.00710	0.00233	0.00520	0.00900	0.63519	0.00986
14	0.01174	0.00870	0.01097	0.01280	0.01387	0.00793	0.00869	0.01357	0.01923	0.02502	0.06192	0.54674	0.16493	0.02926	0.01220	0.00381	0.00549	0.02620	0.00900	0.00793
15	0.03333	0.01989	0.02325	0.01895	0.02538	0.02066	0.01541	0.20421	0.15272	0.23890	0.08101	0.03788	0.03016	0.01354	0.01008	0.00311	0.00859	0.03713	0.01056	0.01524
16	0.01830	0.01723	0.02907	0.63609	0.06675	0.02153	0.02692	0.02476	0.01938	0.02476	0.01723	0.02584	0.01292	0.00969	0.00969	0.00323	0.01292	0.00861	0.00431	0.01077
17	0.23862	0.01975	0.01974	0.01684	0.02246	0.02208	0.01349	0.17080	0.16711	0.04640	0.13272	0.03354	0.03218	0.01277	0.00895	0.00306	0.00780	0.00990	0.00880	0.01299
18	0.02959	0.38316	0.12164	0.01890	0.02783	0.03057	0.01905	0.09236	0.02422	0.14012	0.01987	0.02045	0.01508	0.00950	0.00770	0.00248	0.01055	0.00673	0.00626	0.01393

[dist]
# distance from previous block
# <min> <max>
0	7

[block]
# block no. 2 follows, 16 sequences, length 9
# corresponding to MSA columns:
# 54-62
name=unknown_C
#
# <colnr> <probs for GDERKNQSTAVLIFYWHMCP>
#	G	D	E	R	K	N	Q	S	T	A	V	L	I	F	Y	W	H	M	C	P
0	0.02622	0.06397	0.06636	0.10350	0.39757	0.02254	0.02665	0.03187	0.02242	0.11547	0.02075	0.02477	0.01606	0.00924	0.00939	0.00289	0.01124	0.00850	0.00574	0.01485
1	0.02088	0.02841	0.15694	0.03457	0.04404	0.02229	0.38066	0.02894	0.02133	0.02971	0.02012	0.02682	0.01565	0.01793	0.10136	0.00505	0.01738	0.01046	0.00479	0.01266
2	0.02363	0.01067	0.01198	0.01083	0.01424	0.01017	0.00841	0.02798	0.02195	0.16083	0.03307	0.03545	0.02466	0.01145	0.00743	0.00242	0.00533	0.00919	0.55966	0.01067
3	0.03401	0.02810	0.02723	0.15638	0.03694	0.19176	0.01948	0.18853	0.03093	0.15809	0.02278	0.02426	0.01617	0.01082	0.00943	0.00288	0.01257	0.00822	0.00767	0.01375
4	0.01309	0.00927	0.01057	0.01107	0.01182	0.00883	0.00684	0.01393	0.01660	0.02151	0.04852	0.19825	0.14886	0.39996	0.03398	0.00703	0.00771	0.01826	0.00716	0.00675
5	0.17048	0.01256	0.01361	0.01320	0.01626	0.01319	0.00995	0.02191	0.06776	0.03429	0.21416	0.14117	0.10327	0.04828	0.07403	0.00473	0.00803	0.01519	0.00843	0.00951
6	0.02439	0.03279	0.30242	0.11571	0.04067	0.01991	0.07200	0.03242	0.02172	0.15510	0.02278	0.02585	0.01607	0.01475	0.05722	0.00407	0.01386	0.00855	0.00601	0.01373
7	0.02001	0.01972	0.03051	0.15950	0.03582	0.02580	0.06689	0.02371	0.01658	0.02421	0.01554	0.02423	0.01402	0.01992	0.08114	0.00501	0.39339	0.00894	0.00440	0.01066
8	0.17691	0.07231	0.02728	0.36078	0.04753	0.11167	0.02130	0.02798	0.01997	0.02856	0.01578	0.02159	0.01229	0.00947	0.00847	0.00298	0.01221	0.00726	0.00477	0.01091

[dist]
# distance from previous block
# <min> <max>
0	6

[block]
# block no. 3 follows, 16 sequences, length 10
# corresponding to MSA columns:
# 69-78
name=unknown_D
#
# <colnr> <probs for GDERKNQSTAVLIFYWHMCP>
#	G	D	E	R	K	N	Q	S	T	A	V	L	I	F	Y	W	H	M	C	P
0	0.02108	0.25347	0.03699	0.41023	0.05149	0.02766	0.02315	0.02632	0.01949	0.02405	0.01586	0.02209	0.01274	0.00918	0.00842	0.00281	0.01199	0.00736	0.00425	0.01138
1	0.01830	0.01723	0.02907	0.63609	0.06675	0.02153	0.02692	0.02476	0.01938	0.02476	0.01723	0.02584	0.01292	0.00969	0.00969	0.00323	0.01292	0.00861	0.00431	0.01077
2	0.27416	0.01343	0.01509	0.01454	0.01783	0.01562	0.01152	0.02138	0.01591	0.03015	0.02142	0.02993	0.01922	0.04947	0.39677	0.01099	0.01923	0.00851	0.00549	0.00933
3	0.03472	0.02876	0.23638	0.02103	0.03101	0.01726	0.02211	0.04120	0.02509	0.39602	0.03064	0.02842	0.01972	0.01098	0.00955	0.00302	0.01046	0.00880	0.00911	0.01570
4	0.28877	0.02408	0.02368	0.01882	0.02593	0.02703	0.01553	0.37042	0.03497	0.05467	0.01971	0.02053	0.01430	0.01067	0.00835	0.00294	0.00951	0.00746	0.00835	0.01430
5	0.01629	0.01295	0.01514	0.01577	0.01812	0.01379	0.01131	0.02735	0.22377	0.03050	0.04833	0.42815	0.05152	0.02409	0.01146	0.00370	0.00637	0.02150	0.00931	0.01060
6	0.01324	0.00913	0.01125	0.01207	0.01242	0.00908	0.00755	0.01415	0.01585	0.02128	0.03849	0.27621	0.04481	0.37945	0.08516	0.00794	0.00945	0.01868	0.00695	0.00684
7	0.01396	0.00958	0.01144	0.01116	0.01200	0.00930	0.00707	0.01562	0.01896	0.02611	0.23590	0.06670	0.05573	0.42621	0.03551	0.00708	0.00764	0.01535	0.00762	0.00707
8	0.01272	0.00939	0.01207	0.01366	0.01521	0.00874	0.01013	0.01539	0.02075	0.02712	0.10748	0.38828	0.15838	0.02766	0.01234	0.00385	0.00611	0.13332	0.00913	0.00826
9	0.27565	0.01354	0.01391	0.01284	0.01681	0.01407	0.01016	0.02342	0.02290	0.06974	0.29677	0.05273	0.08341	0.01608	0.00947	0.00312	0.00609	0.04047	0.00885	0.00997

[dist]
# distance from previous block
# <min> <max>
5	80

[block]
# block no. 4 follows, 16 sequences, length 52
# corresponding to MSA columns:
# 159-210
name=unknown_E
#
# <colnr> <probs for GDERKNQSTAVLIFYWHMCP>
#	G	D	E	R	K	N	Q	S	T	A	V	L	I	F	Y	W	H	M	C	P
0	0.01990	0.04485	0.49639	0.06016	0.04451	0.02276	0.11538	0.03045	0.02077	0.03045	0.01772	0.02159	0.01268	0.00907	0.00957	0.00311	0.01456	0.00788	0.00423	0.01396
1	0.03620	0.04619	0.02747	0.02497	0.02996	0.62047	0.01873	0.03870	0.02747	0.02372	0.01498	0.01748	0.01248	0.00999	0.00874	0.00250	0.01748	0.00624	0.00499	0.01124
2	0.01944	0.05013	0.60917	0.02762	0.04195	0.02251	0.03581	0.03069	0.02046	0.03069	0.01739	0.02046	0.01228	0.00921	0.00921	0.00307	0.01432	0.00716	0.00409	0.01432
3	0.01181	0.00843	0.01125	0.01350	0.01406	0.00787	0.00900	0.01350	0.01856	0.02474	0.05342	0.65306	0.06410	0.03036	0.01237	0.00394	0.00562	0.02755	0.00900	0.00787
4	0.18884	0.02288	0.11011	0.01821	0.02643	0.01831	0.01701	0.07924	0.02551	0.35522	0.02856	0.02660	0.01871	0.01089	0.00884	0.00300	0.00918	0.00830	0.00932	0.01485
5	0.01474	0.01148	0.01381	0.01423	0.01717	0.01112	0.01154	0.02096	0.08205	0.03121	0.17253	0.08897	0.24131	0.02322	0.01198	0.00366	0.00659	0.20465	0.00939	0.00939
6	0.01310	0.01000	0.01354	0.01510	0.01572	0.01045	0.01079	0.01504	0.01844	0.02491	0.04891	0.54511	0.05799	0.02867	0.01452	0.00401	0.07385	0.06314	0.00848	0.00824
7	0.01992	0.09585	0.56766	0.02680	0.04068	0.02369	0.03438	0.03057	0.02041	0.03011	0.01710	0.02010	0.01229	0.00914	0.00899	0.00300	0.01403	0.00701	0.00410	0.01418
8	0.01427	0.00960	0.01116	0.01141	0.01167	0.00960	0.00700	0.01479	0.01505	0.01998	0.03295	0.06875	0.03762	0.58603	0.04516	0.00882	0.00934	0.07434	0.00623	0.00623
9	0.01357	0.01023	0.01082	0.01045	0.01390	0.00862	0.00792	0.01626	0.02284	0.06231	0.13189	0.08804	0.52239	0.02343	0.01135	0.00324	0.00509	0.01958	0.00931	0.00876
10	0.02120	0.02120	0.02969	0.02545	0.02545	0.02969	0.02120	0.02332	0.01484	0.02332	0.01272	0.02120	0.01272	0.01696	0.03181	0.00424	0.64165	0.00848	0.00424	0.01060
11	0.07155	0.00977	0.00943	0.00931	0.01185	0.00999	0.00706	0.02303	0.02004	0.03669	0.03025	0.03460	0.02376	0.01112	0.00672	0.00231	0.00474	0.00875	0.65990	0.00914
12	0.01579	0.01012	0.01263	0.01251	0.01392	0.00972	0.00869	0.01798	0.02005	0.06182	0.19752	0.10997	0.05518	0.31758	0.02921	0.00622	0.00762	0.07730	0.00820	0.00796
13	0.01372	0.00991	0.01296	0.01219	0.01448	0.00914	0.00914	0.01829	0.02743	0.03887	0.59381	0.07240	0.09145	0.01981	0.01143	0.00305	0.00457	0.01753	0.01067	0.00914
14	0.01944	0.05013	0.60917	0.02762	0.04195	0.02251	0.03581	0.03069	0.02046	0.03069	0.01739	0.02046	0.01228	0.00921	0.00921	0.00307	0.01432	0.00716	0.00409	0.01432
15	0.01994	0.01656	0.01826	0.01666	0.02095	0.01823	0.01283	0.03833	0.36532	0.03921	0.22883	0.05140	0.08069	0.01600	0.01047	0.00321	0.00648	0.01367	0.01009	0.01288
16	0.01181	0.00843	0.01125	0.01350	0.01406	0.00787	0.00900	0.01350	0.01856	0.02474	0.05342	0.65306	0.06410	0.03036	0.01237	0.00394	0.00562	0.02755	0.00900	0.00787
17	0.02591	0.66522	0.05079	0.01658	0.02488	0.03835	0.01658	0.02902	0.01969	0.02280	0.01347	0.01555	0.01244	0.00829	0.00622	0.00207	0.01036	0.00518	0.00415	0.01244
18	0.02138	0.01982	0.03361	0.26648	0.36109	0.02140	0.02713	0.02665	0.02039	0.02804	0.01776	0.02507	0.01457	0.01088	0.01173	0.05616	0.01180	0.00861	0.00457	0.01285
19	0.01972	0.01759	0.02489	0.02189	0.02201	0.02370	0.01771	0.02051	0.01440	0.02181	0.01455	0.02421	0.01443	0.02453	0.07351	0.16540	0.45720	0.00860	0.00430	0.00903
20	0.01409	0.00940	0.01057	0.01057	0.01057	0.00940	0.00587	0.01409	0.01409	0.01879	0.03054	0.06342	0.03524	0.65938	0.04933	0.00940	0.00940	0.01409	0.00587	0.00587
21	0.52526	0.02121	0.01860	0.01555	0.02206	0.02418	0.01282	0.18625	0.02502	0.04864	0.01636	0.01795	0.01225	0.00977	0.00708	0.00297	0.00843	0.00627	0.00708	0.01225
22	0.03101	0.03838	0.03904	0.03116	0.03802	0.38831	0.23104	0.03572	0.02568	0.02657	0.01678	0.02085	0.01335	0.00928	0.00979	0.00280	0.01703	0.00827	0.00496	0.01195
23	0.01372	0.00991	0.01296	0.01219	0.01448	0.00914	0.00914	0.01829	0.02743	0.03887	0.59381	0.07240	0.09145	0.01981	0.01143	0.00305	0.00457	0.01753	0.01067	0.00914
24	0.01807	0.00903	0.00903	0.00903	0.01129	0.00903	0.00678	0.02258	0.02033	0.03613	0.03162	0.03613	0.02484	0.01129	0.00678	0.00226	0.00452	0.00903	0.71319	0.00903
25	0.01944	0.05013	0.60917	0.02762	0.04195	0.02251	0.03581	0.03069	0.02046	0.03069	0.01739	0.02046	0.01228	0.00921	0.00921	0.00307	0.01432	0.00716	0.00409	0.01432
26	0.01181	0.00843	0.01125	0.01350	0.01406	0.00787	0.00900	0.01350	0.01856	0.02474	0.05342	0.65306	0.06410	0.03036	0.01237	0.00394	0.00562	0.02755	0.00900	0.00787
27	0.02591	0.66522	0.05079	0.01658	0.02488	0.03835	0.01658	0.02902	0.01969	0.02280	0.01347	0.01555	0.01244	0.00829	0.00622	0.00207	0.01036	0.00518	0.00415	0.01244
28	0.01148	0.00972	0.00992	0.01007	0.01316	0.00816	0.00748	0.01388	0.02185	0.02608	0.09512	0.13160	0.55864	0.02494	0.01152	0.00332	0.00496	0.02094	0.00900	0.00816
29	0.01539	0.01099	0.01536	0.01759	0.01972	0.01096	0.01522	0.01969	0.02209	0.02875	0.05144	0.14189	0.05628	0.02699	0.01333	0.00443	0.00873	0.50338	0.00893	0.00886
30	0.02401	0.01952	0.01733	0.01624	0.01896	0.15593	0.01183	0.02595	0.02054	0.11049	0.03061	0.05288	0.03037	0.29197	0.05672	0.00642	0.01189	0.08208	0.00697	0.00931
31	0.02604	0.12875	0.17051	0.02388	0.03063	0.06982	0.02318	0.14907	0.02468	0.03351	0.01647	0.02038	0.01340	0.01213	0.01600	0.00321	0.21215	0.00757	0.00547	0.01313
32	0.01504	0.01186	0.01469	0.01383	0.01753	0.00984	0.00997	0.01774	0.01916	0.02741	0.03932	0.40648	0.04472	0.02133	0.01035	0.00296	0.00623	0.01906	0.00773	0.28476
33	0.02216	0.30881	0.37434	0.02298	0.03477	0.02917	0.02772	0.02999	0.02014	0.02738	0.01575	0.01840	0.01234	0.00882	0.00795	0.00265	0.01266	0.00633	0.00411	0.01353
34	0.02159	0.01745	0.02280	0.02571	0.12889	0.01846	0.01756	0.10085	0.15175	0.03782	0.12105	0.06012	0.04262	0.01730	0.01111	0.00349	0.00869	0.17142	0.00874	0.01259
35	0.02235	0.01377	0.01860	0.10878	0.02597	0.01391	0.01371	0.02967	0.09052	0.16521	0.31639	0.05222	0.05710	0.01574	0.01060	0.00309	0.00703	0.01365	0.00991	0.01177
36	0.01863	0.01786	0.02456	0.02160	0.02235	0.02380	0.01775	0.02100	0.01605	0.02363	0.02766	0.03465	0.10270	0.02645	0.11691	0.00579	0.45298	0.01058	0.00510	0.00994
37	0.01528	0.01122	0.01509	0.01442	0.01593	0.01271	0.01097	0.01853	0.01863	0.02767	0.15406	0.04686	0.03958	0.12123	0.25803	0.00883	0.08748	0.01207	0.10273	0.00869
38	0.01675	0.01094	0.01236	0.01169	0.01546	0.00938	0.00913	0.01968	0.02327	0.11496	0.11419	0.08414	0.43873	0.02254	0.01134	0.00331	0.00570	0.05734	0.00954	0.00955
39	0.01239	0.00922	0.01200	0.01331	0.01473	0.00883	0.00955	0.01483	0.01954	0.02585	0.09401	0.39250	0.15283	0.03484	0.10445	0.00555	0.00869	0.05016	0.00853	0.00819
40	0.13111	0.45333	0.14865	0.01805	0.02711	0.03290	0.01922	0.02925	0.01935	0.02740	0.01420	0.01649	0.01211	0.00857	0.00674	0.00240	0.01066	0.00556	0.00442	0.01249
41	0.01823	0.04402	0.51832	0.02493	0.03757	0.02034	0.03150	0.02815	0.02071	0.03001	0.02964	0.03150	0.10060	0.01153	0.00955	0.00310	0.01290	0.00918	0.00484	0.01339
42	0.01984	0.01196	0.01666	0.01776	0.02079	0.01162	0.01541	0.02420	0.02313	0.11641	0.04933	0.09776	0.05096	0.02453	0.01284	0.00424	0.00882	0.45427	0.00939	0.01007
43	0.01810	0.01043	0.01342	0.01320	0.01580	0.00958	0.00989	0.02153	0.02338	0.11885	0.22309	0.24376	0.09242	0.02161	0.01107	0.00332	0.00572	0.04848	0.08656	0.00979
44	0.02194	0.01401	0.01740	0.01673	0.02034	0.01420	0.01365	0.10668	0.05373	0.10214	0.09481	0.15321	0.04710	0.02081	0.01141	0.00363	0.00784	0.20729	0.06197	0.01114
45	0.03014	0.03377	0.02131	0.01964	0.02372	0.41613	0.01473	0.03331	0.02508	0.02787	0.02054	0.02371	0.01661	0.01042	0.00808	0.00242	0.01315	0.00718	0.24168	0.01050
46	0.62411	0.01840	0.01550	0.01343	0.01965	0.02061	0.01106	0.03133	0.01820	0.12869	0.01725	0.01836	0.01254	0.00945	0.00657	0.00300	0.00761	0.00593	0.00691	0.01141
47	0.02549	0.02242	0.06727	0.02488	0.03182	0.06327	0.21469	0.03285	0.05653	0.11959	0.02658	0.02965	0.01960	0.01014	0.00941	0.00287	0.01117	0.00981	0.20945	0.01251
48	0.01194	0.00963	0.01063	0.01083	0.01350	0.00832	0.00795	0.01468	0.02258	0.02839	0.18621	0.17413	0.41819	0.02452	0.01159	0.00333	0.00495	0.02097	0.00932	0.00832
49	0.01825	0.01088	0.01426	0.01287	0.01581	0.00993	0.00973	0.02243	0.02671	0.12361	0.47707	0.06591	0.07798	0.05557	0.01336	0.00341	0.00541	0.01615	0.01059	0.01007
50	0.02462	0.19142	0.38736	0.02342	0.03528	0.02503	0.02797	0.03280	0.02138	0.11596	0.01962	0.02119	0.01409	0.00941	0.00858	0.00282	0.01246	0.00708	0.00530	0.01420
51	0.02224	0.01894	0.02030	0.01878	0.02351	0.02165	0.01438	0.04574	0.49610	0.03815	0.04157	0.12967	0.03482	0.01576	0.01024	0.00339	0.00736	0.01347	0.00973	0.01421

[dist]
# distance from previous block
# <min> <max>
0	6

[block]
# block no. 5 follows, 16 sequences, length 8
# corresponding to MSA columns:
# 217-224
name=unknown_F
#
# <colnr> <probs for GDERKNQSTAVLIFYWHMCP>
#	G	D	E	R	K	N	Q	S	T	A	V	L	I	F	Y	W	H	M	C	P
0	0.18702	0.02790	0.09657	0.02203	0.02963	0.11252	0.07834	0.09989	0.04773	0.14728	0.02336	0.02650	0.01737	0.01085	0.00902	0.00302	0.01141	0.02884	0.00737	0.01337
1	0.02130	0.02872	0.18260	0.02588	0.03581	0.02028	0.17009	0.03198	0.10641	0.03257	0.02131	0.02430	0.01623	0.00888	0.00928	0.00264	0.01161	0.00847	0.00571	0.23592
2	0.02281	0.01328	0.01654	0.01446	0.01866	0.01268	0.01127	0.03051	0.11227	0.18435	0.32424	0.05838	0.10610	0.01716	0.01076	0.00309	0.00603	0.01475	0.01075	0.01192
3	0.02613	0.01967	0.03135	0.02766	0.09814	0.01990	0.14651	0.10859	0.02666	0.12418	0.11193	0.03435	0.02924	0.01213	0.01175	0.00306	0.05857	0.01089	0.08619	0.01313
4	0.02128	0.01889	0.09322	0.02832	0.17093	0.01503	0.01941	0.02592	0.02167	0.11633	0.03734	0.23615	0.03786	0.01885	0.01103	0.00350	0.00910	0.09533	0.00777	0.01206
5	0.02108	0.01274	0.01948	0.01716	0.02042	0.01213	0.07171	0.02391	0.01984	0.15767	0.03760	0.23406	0.03776	0.14972	0.11229	0.00647	0.01126	0.01647	0.00805	0.01017
6	0.02337	0.20640	0.25313	0.01964	0.02918	0.02290	0.02187	0.02958	0.02167	0.11520	0.03476	0.03478	0.12425	0.01228	0.00889	0.00282	0.01053	0.00952	0.00624	0.01297
7	0.02752	0.14298	0.03412	0.07395	0.09697	0.02450	0.06912	0.11445	0.07932	0.10414	0.02246	0.02429	0.01698	0.00968	0.00882	0.00263	0.01030	0.00817	0.00689	0.12269

[dist]
# distance from previous block
# <min> <max>
0	20

# created by:
# /st0/software/busco_prod/Augustus/scripts/msa2prfl.pl ./align_prep/7132.fa
