[name]
unknown

[dist]
# distance from previous block
# <min> <max>
0	341

[block]
# block no. 0 follows, 12 sequences, length 8
# corresponding to MSA columns:
# 396-403
name=unknown_A
#
# <colnr> <probs for GDERKNQSTAVLIFYWHMCP>
#	G	D	E	R	K	N	Q	S	T	A	V	L	I	F	Y	W	H	M	C	P
0	0.11829	0.01531	0.01893	0.01732	0.02210	0.01468	0.01375	0.03375	0.02484	0.23557	0.04388	0.14196	0.04071	0.09377	0.01718	0.00476	0.00904	0.11066	0.01053	0.01297
1	0.01419	0.01003	0.01314	0.01529	0.01606	0.00957	0.01051	0.01619	0.02065	0.02743	0.05597	0.46965	0.06613	0.12047	0.02025	0.00542	0.00741	0.08338	0.00959	0.00867
2	0.01452	0.01115	0.01348	0.01418	0.01690	0.01011	0.01097	0.01819	0.02573	0.03325	0.19433	0.17834	0.26917	0.02785	0.01349	0.00401	0.00649	0.11769	0.01055	0.00958
3	0.02144	0.02024	0.03423	0.52135	0.13774	0.02445	0.03070	0.02860	0.02220	0.02889	0.01953	0.02879	0.01490	0.01074	0.01089	0.00358	0.01433	0.00969	0.00492	0.01279
4	0.02366	0.02251	0.03825	0.33907	0.30262	0.02503	0.03181	0.03055	0.02326	0.03159	0.01992	0.02807	0.01585	0.01033	0.01085	0.00344	0.01378	0.00970	0.00511	0.01459
5	0.02468	0.02355	0.04009	0.25562	0.37810	0.02530	0.03232	0.03144	0.02374	0.03282	0.02010	0.02774	0.01629	0.01014	0.01083	0.00338	0.01352	0.00971	0.00520	0.01541
6	0.02023	0.01746	0.02747	0.10111	0.21612	0.01759	0.02104	0.02610	0.02761	0.03892	0.29193	0.05553	0.06144	0.01639	0.01188	0.00338	0.00908	0.01491	0.00876	0.01303
7	0.02165	0.02140	0.08689	0.15646	0.06426	0.01910	0.02045	0.02813	0.05107	0.06074	0.07337	0.04495	0.03130	0.17722	0.02434	0.00539	0.04340	0.01211	0.00693	0.05083

[dist]
# distance from previous block
# <min> <max>
1	8

[block]
# block no. 1 follows, 12 sequences, length 11
# corresponding to MSA columns:
# 412-422
name=unknown_B
#
# <colnr> <probs for GDERKNQSTAVLIFYWHMCP>
#	G	D	E	R	K	N	Q	S	T	A	V	L	I	F	Y	W	H	M	C	P
0	0.12645	0.35938	0.09989	0.02284	0.03260	0.03607	0.07365	0.07694	0.02477	0.03490	0.01737	0.02017	0.01435	0.00988	0.00830	0.00283	0.01240	0.00720	0.00563	0.01438
1	0.12253	0.01862	0.02297	0.12592	0.03372	0.01753	0.01613	0.03024	0.02373	0.09390	0.07990	0.03129	0.02609	0.01110	0.00927	0.00265	0.00917	0.00897	0.00758	0.30868
2	0.08088	0.18512	0.14844	0.14246	0.04208	0.02935	0.02504	0.08716	0.02636	0.10437	0.02186	0.02466	0.01611	0.01090	0.00946	0.00316	0.01268	0.00823	0.00670	0.01498
3	0.12836	0.08746	0.19226	0.02533	0.03594	0.02505	0.07704	0.04111	0.08113	0.16211	0.02719	0.02779	0.01917	0.01135	0.01002	0.00337	0.01236	0.00924	0.00788	0.01585
4	0.01562	0.01215	0.01481	0.01415	0.01766	0.01042	0.01035	0.01919	0.02490	0.03428	0.20379	0.24686	0.16021	0.02446	0.01230	0.00346	0.00616	0.02150	0.00998	0.13777
5	0.02021	0.01865	0.02093	0.02292	0.07920	0.09306	0.01537	0.02458	0.02560	0.03390	0.22571	0.09372	0.05651	0.03741	0.17475	0.00748	0.01514	0.01528	0.00843	0.01114
6	0.02064	0.02065	0.03537	0.08338	0.03758	0.02177	0.16978	0.02581	0.02252	0.03056	0.04206	0.10785	0.12843	0.01786	0.01726	0.00384	0.13436	0.01549	0.00680	0.05799
7	0.01357	0.01027	0.01223	0.01336	0.01518	0.00926	0.00923	0.01593	0.02283	0.02944	0.12346	0.34150	0.23403	0.07720	0.01678	0.00456	0.00627	0.02593	0.01003	0.00894
8	0.02352	0.02284	0.04020	0.33830	0.25308	0.02519	0.07859	0.03068	0.02334	0.03150	0.02007	0.02831	0.01577	0.01028	0.01105	0.00349	0.01431	0.01001	0.00512	0.01433
9	0.01459	0.01050	0.01382	0.01429	0.01610	0.00973	0.01022	0.01846	0.02695	0.03749	0.35359	0.28867	0.09081	0.02695	0.01327	0.00382	0.00561	0.02414	0.01126	0.00973
10	0.02261	0.01938	0.02261	0.01615	0.02584	0.01453	0.01292	0.02745	0.02261	0.03553	0.01938	0.02261	0.01615	0.00807	0.00807	0.00161	0.00807	0.00646	0.00646	0.68346

[dist]
# distance from previous block
# <min> <max>
1	7

[block]
# block no. 2 follows, 12 sequences, length 25
# corresponding to MSA columns:
# 430-454
name=unknown_C
#
# <colnr> <probs for GDERKNQSTAVLIFYWHMCP>
#	G	D	E	R	K	N	Q	S	T	A	V	L	I	F	Y	W	H	M	C	P
0	0.02261	0.01938	0.02261	0.01615	0.02584	0.01453	0.01292	0.02745	0.02261	0.03553	0.01938	0.02261	0.01615	0.00807	0.00807	0.00161	0.00807	0.00646	0.00646	0.68346
1	0.01312	0.01012	0.01200	0.01350	0.01537	0.00900	0.00937	0.01537	0.02249	0.02849	0.08058	0.40437	0.26421	0.03150	0.01350	0.00412	0.00600	0.02775	0.01012	0.00900
2	0.02300	0.01973	0.02279	0.01667	0.02606	0.01562	0.01329	0.03007	0.06608	0.03640	0.02153	0.02416	0.01762	0.00865	0.00833	0.00179	0.00812	0.00696	0.00686	0.62628
3	0.02002	0.01702	0.06325	0.06863	0.02613	0.01431	0.01556	0.02689	0.06859	0.08870	0.16917	0.22470	0.10804	0.02280	0.01244	0.00379	0.00804	0.02000	0.01006	0.01186
4	0.04062	0.02888	0.03133	0.02435	0.03280	0.03174	0.02001	0.43093	0.09698	0.10519	0.02932	0.02848	0.02067	0.01329	0.01093	0.00332	0.01145	0.01016	0.01113	0.01842
5	0.01894	0.00947	0.01420	0.01420	0.01420	0.00947	0.00947	0.01420	0.01420	0.01894	0.01894	0.03314	0.01894	0.03788	0.04261	0.68277	0.00947	0.00947	0.00473	0.00473
6	0.69383	0.02109	0.01603	0.01434	0.02109	0.02446	0.01181	0.03205	0.01856	0.04892	0.01518	0.01771	0.01181	0.01012	0.00675	0.00337	0.00843	0.00590	0.00675	0.01181
7	0.02168	0.02049	0.03467	0.50133	0.15584	0.02451	0.03082	0.02881	0.02232	0.02918	0.01957	0.02871	0.01500	0.01070	0.01088	0.00357	0.01427	0.00969	0.00494	0.01299
8	0.03032	0.02010	0.02426	0.07126	0.03028	0.02140	0.01697	0.11963	0.17582	0.15091	0.16665	0.04697	0.04572	0.01582	0.01147	0.00349	0.00896	0.01329	0.01122	0.01548
9	0.01478	0.01112	0.01367	0.01303	0.01589	0.01001	0.00977	0.01931	0.02932	0.04007	0.43217	0.08747	0.21603	0.02366	0.01287	0.00349	0.00524	0.02056	0.01152	0.01001
10	0.02651	0.02711	0.12768	0.30704	0.10797	0.02346	0.06399	0.03428	0.02415	0.11786	0.02363	0.02916	0.01688	0.01100	0.01095	0.00352	0.01406	0.00984	0.00634	0.01458
11	0.02499	0.01931	0.02285	0.01644	0.02602	0.01467	0.01320	0.02977	0.02339	0.08256	0.02151	0.02392	0.01713	0.00856	0.00834	0.00177	0.00818	0.00687	0.00710	0.62342
12	0.01563	0.01147	0.01646	0.01646	0.01804	0.01305	0.01230	0.01879	0.01721	0.02452	0.03018	0.04823	0.02960	0.18294	0.47563	0.01621	0.02568	0.01247	0.00599	0.00914
13	0.08959	0.01826	0.03003	0.07426	0.07682	0.01818	0.12664	0.02673	0.02715	0.04024	0.28159	0.05399	0.05913	0.01603	0.01188	0.00348	0.00994	0.01503	0.00882	0.01220
14	0.02534	0.01929	0.02289	0.01649	0.02605	0.01469	0.01324	0.03012	0.02350	0.08958	0.02183	0.02411	0.01727	0.00864	0.00837	0.00180	0.00820	0.00693	0.00719	0.61445
15	0.02653	0.02152	0.03047	0.02896	0.12523	0.01892	0.06012	0.06668	0.02599	0.07883	0.02510	0.06710	0.02140	0.01113	0.00985	0.00256	0.01013	0.00996	0.00733	0.35218
16	0.08047	0.13021	0.10712	0.02463	0.03295	0.02876	0.06519	0.15556	0.03004	0.08854	0.02631	0.08529	0.02243	0.01421	0.01233	0.00343	0.05846	0.01116	0.00786	0.01506
17	0.02278	0.02415	0.11421	0.06103	0.03108	0.01903	0.01987	0.03098	0.06966	0.07464	0.12294	0.08352	0.03828	0.01552	0.01338	0.00328	0.07047	0.01255	0.00811	0.16453
18	0.02026	0.01521	0.02176	0.20772	0.03774	0.01614	0.01768	0.02540	0.02328	0.07030	0.08665	0.04987	0.11698	0.02668	0.10493	0.00566	0.01295	0.01303	0.05574	0.07202
19	0.02748	0.12288	0.12032	0.06143	0.03245	0.02393	0.02034	0.10322	0.02775	0.08902	0.07082	0.03465	0.02697	0.07462	0.01456	0.00370	0.01119	0.00998	0.00762	0.11706
20	0.02873	0.02030	0.03401	0.02912	0.08375	0.01825	0.14129	0.03451	0.02706	0.16967	0.11552	0.08044	0.03747	0.01413	0.01151	0.00325	0.01088	0.01352	0.00910	0.11750
21	0.02656	0.02707	0.12831	0.15825	0.04495	0.02040	0.07404	0.03376	0.02420	0.11734	0.02350	0.02725	0.01713	0.01015	0.01012	0.00293	0.01234	0.00891	0.00677	0.22603
22	0.02752	0.06050	0.06839	0.02606	0.07301	0.02114	0.06900	0.07671	0.07186	0.11639	0.03483	0.14030	0.03179	0.06775	0.01504	0.00404	0.01084	0.01435	0.00862	0.06184
23	0.02676	0.02361	0.11939	0.02262	0.03042	0.01665	0.06994	0.03288	0.02619	0.16943	0.07636	0.10287	0.08339	0.01818	0.01201	0.00366	0.01061	0.08353	0.00939	0.06210
24	0.03129	0.01994	0.03024	0.02380	0.03092	0.01899	0.10851	0.06851	0.07814	0.20497	0.08193	0.09034	0.03522	0.01995	0.05204	0.00444	0.01182	0.01370	0.01006	0.06521

[dist]
# distance from previous block
# <min> <max>
17	146

[block]
# block no. 3 follows, 12 sequences, length 19
# corresponding to MSA columns:
# 605-623
name=unknown_D
#
# <colnr> <probs for GDERKNQSTAVLIFYWHMCP>
#	G	D	E	R	K	N	Q	S	T	A	V	L	I	F	Y	W	H	M	C	P
0	0.07123	0.06629	0.02456	0.02293	0.07518	0.02007	0.01586	0.09910	0.06534	0.08145	0.04179	0.28555	0.04315	0.02174	0.01165	0.00375	0.00882	0.01889	0.00945	0.01319
1	0.20055	0.01544	0.01643	0.01574	0.01969	0.01609	0.01187	0.06916	0.02490	0.08361	0.08455	0.26645	0.04717	0.02163	0.01097	0.00374	0.00746	0.01833	0.05468	0.01155
2	0.56924	0.02188	0.01917	0.06609	0.02711	0.02538	0.01433	0.07982	0.02212	0.04905	0.01665	0.01956	0.01272	0.01049	0.00753	0.00339	0.00933	0.00663	0.00700	0.01251
3	0.13312	0.07669	0.03519	0.12800	0.22613	0.02767	0.02479	0.06928	0.10405	0.03948	0.02315	0.02710	0.01828	0.01097	0.00989	0.00332	0.01163	0.00918	0.00673	0.01538
4	0.14633	0.27568	0.04181	0.02177	0.03039	0.03241	0.07055	0.07228	0.07128	0.10804	0.02316	0.02424	0.01775	0.01078	0.00879	0.00299	0.01126	0.00819	0.00735	0.01494
5	0.01638	0.01225	0.01659	0.01619	0.01720	0.01406	0.01167	0.01859	0.01679	0.02372	0.03003	0.05269	0.03114	0.29115	0.32081	0.01367	0.06919	0.01318	0.00606	0.00866
6	0.01817	0.01738	0.03229	0.02629	0.03139	0.01614	0.19959	0.02323	0.02406	0.03215	0.09498	0.28625	0.10521	0.02288	0.01331	0.00397	0.01071	0.02221	0.00854	0.01125
7	0.26573	0.01941	0.02218	0.01770	0.02557	0.01886	0.01461	0.04605	0.02695	0.38575	0.03366	0.03059	0.02189	0.01236	0.00955	0.00337	0.00899	0.00926	0.01123	0.01629
8	0.01515	0.01113	0.01419	0.01343	0.01612	0.01017	0.01007	0.02004	0.03021	0.04217	0.49594	0.08400	0.15095	0.02287	0.01286	0.00346	0.00519	0.02008	0.01180	0.01017
9	0.01616	0.01261	0.01730	0.01869	0.01976	0.01374	0.01441	0.01904	0.02144	0.02897	0.05228	0.37834	0.06041	0.03065	0.01765	0.00465	0.09940	0.15556	0.00926	0.00968
10	0.01968	0.01227	0.01499	0.01428	0.01806	0.01087	0.01110	0.02346	0.02717	0.11555	0.20633	0.12844	0.26155	0.02474	0.01288	0.00376	0.00652	0.06620	0.01114	0.01101
11	0.04073	0.05197	0.03090	0.02809	0.03371	0.57303	0.02107	0.04354	0.03090	0.02669	0.01685	0.01966	0.01404	0.01124	0.00983	0.00281	0.01966	0.00702	0.00562	0.01264
12	0.02938	0.02173	0.03028	0.02292	0.03178	0.01974	0.09383	0.04062	0.13855	0.14169	0.03014	0.03065	0.02222	0.01084	0.01010	0.00276	0.01009	0.00970	0.00875	0.29423
13	0.47074	0.02052	0.01821	0.01494	0.02267	0.02116	0.01218	0.03052	0.01990	0.04447	0.01658	0.01934	0.01325	0.00944	0.00719	0.00279	0.00832	0.00609	0.00665	0.23504
14	0.01894	0.00947	0.01420	0.01420	0.01420	0.00947	0.00947	0.01420	0.01420	0.01894	0.01894	0.03314	0.01894	0.03788	0.04261	0.68277	0.00947	0.00947	0.00473	0.00473
15	0.02807	0.13166	0.25545	0.03193	0.04398	0.08277	0.15834	0.03675	0.02506	0.07453	0.02118	0.02469	0.01565	0.01023	0.01052	0.00327	0.01585	0.00913	0.00567	0.01526
16	0.08158	0.01463	0.01587	0.01352	0.01923	0.01282	0.01062	0.02676	0.02453	0.11591	0.06195	0.06045	0.23268	0.01770	0.01028	0.00302	0.00680	0.01436	0.11160	0.14567
17	0.02876	0.19198	0.19307	0.02846	0.07368	0.02900	0.06851	0.07694	0.02634	0.08279	0.02138	0.02392	0.01622	0.01021	0.00958	0.00294	0.01305	0.00826	0.00632	0.08861
18	0.31146	0.11579	0.03123	0.06394	0.03226	0.11688	0.06568	0.03360	0.02244	0.03766	0.01683	0.02046	0.01356	0.00997	0.00833	0.00302	0.01218	0.00711	0.00596	0.07165

[dist]
# distance from previous block
# <min> <max>
2	54

[block]
# block no. 4 follows, 12 sequences, length 60
# corresponding to MSA columns:
# 678-737
name=unknown_E
#
# <colnr> <probs for GDERKNQSTAVLIFYWHMCP>
#	G	D	E	R	K	N	Q	S	T	A	V	L	I	F	Y	W	H	M	C	P
0	0.08545	0.02524	0.14696	0.01960	0.02787	0.01693	0.01931	0.03574	0.02754	0.21940	0.16097	0.04899	0.08831	0.01587	0.01110	0.00343	0.00949	0.01305	0.01016	0.01457
1	0.02617	0.01765	0.02070	0.01863	0.02342	0.01843	0.01432	0.07822	0.19566	0.12144	0.16346	0.16022	0.05514	0.02002	0.01203	0.00369	0.00774	0.01732	0.01147	0.01427
2	0.01669	0.01240	0.01583	0.01567	0.01839	0.01214	0.01208	0.02401	0.07779	0.04064	0.37202	0.13579	0.08686	0.02393	0.01313	0.00380	0.00636	0.09024	0.01143	0.01079
3	0.03003	0.13685	0.17338	0.12757	0.04558	0.02638	0.10030	0.03756	0.02504	0.15748	0.02478	0.02748	0.01756	0.01085	0.01039	0.00330	0.01375	0.00939	0.00694	0.01540
4	0.07584	0.16339	0.03583	0.35556	0.05471	0.02770	0.02486	0.02885	0.02193	0.02944	0.02156	0.03403	0.01862	0.01223	0.01002	0.00343	0.01295	0.05127	0.00543	0.01235
5	0.01378	0.01018	0.01233	0.01355	0.01499	0.00934	0.00916	0.01589	0.02197	0.02865	0.11257	0.35752	0.18293	0.12118	0.01997	0.00510	0.00668	0.02572	0.00975	0.00872
6	0.03737	0.02166	0.06931	0.11414	0.08703	0.01844	0.02141	0.04277	0.02764	0.33941	0.03662	0.07923	0.02663	0.01411	0.01113	0.00349	0.01077	0.01201	0.01038	0.01646
7	0.02995	0.02306	0.03648	0.21024	0.18812	0.02451	0.06576	0.07539	0.06864	0.12850	0.02667	0.03067	0.01951	0.01139	0.01106	0.00346	0.01280	0.01041	0.00757	0.01581
8	0.01311	0.01016	0.01196	0.01339	0.01534	0.00901	0.00933	0.01538	0.02259	0.02853	0.08186	0.39150	0.27625	0.03133	0.01347	0.00411	0.00598	0.02755	0.01012	0.00901
9	0.02261	0.01938	0.02261	0.01615	0.02584	0.01453	0.01292	0.02745	0.02261	0.03553	0.01938	0.02261	0.01615	0.00807	0.00807	0.00161	0.00807	0.00646	0.00646	0.68346
10	0.01446	0.01080	0.01295	0.01390	0.01587	0.00996	0.01008	0.01710	0.02291	0.02949	0.11875	0.22993	0.21936	0.13012	0.02078	0.00523	0.00725	0.09246	0.00969	0.00890
11	0.02686	0.03262	0.15837	0.11240	0.04230	0.07649	0.06596	0.03382	0.02396	0.08335	0.02125	0.02551	0.01606	0.01100	0.01246	0.00312	0.06722	0.00865	0.00614	0.17246
12	0.02418	0.02370	0.04164	0.27136	0.22527	0.02563	0.11746	0.03345	0.06478	0.03317	0.02228	0.02938	0.01733	0.01051	0.01124	0.00352	0.01423	0.01049	0.00566	0.01472
13	0.01328	0.00949	0.01265	0.01518	0.01581	0.00886	0.01012	0.01518	0.02088	0.02783	0.06010	0.60969	0.07212	0.03416	0.01392	0.00443	0.00633	0.03100	0.01012	0.00886
14	0.02520	0.01394	0.01607	0.01447	0.01861	0.01391	0.01121	0.03426	0.10701	0.13050	0.15338	0.04930	0.04564	0.01535	0.00994	0.00307	0.00638	0.01281	0.30618	0.01276
15	0.02170	0.01841	0.02163	0.01606	0.02486	0.01398	0.01265	0.02625	0.02244	0.03478	0.02337	0.08010	0.02163	0.01063	0.00865	0.00189	0.00790	0.00886	0.00682	0.61740
16	0.02121	0.01840	0.02942	0.19992	0.08427	0.02019	0.06875	0.07258	0.02521	0.03410	0.07264	0.12820	0.03416	0.02767	0.10815	0.00606	0.01494	0.01461	0.00717	0.01234
17	0.69383	0.02109	0.01603	0.01434	0.02109	0.02446	0.01181	0.03205	0.01856	0.04892	0.01518	0.01771	0.01181	0.01012	0.00675	0.00337	0.00843	0.00590	0.00675	0.01181
18	0.01586	0.01057	0.01189	0.01189	0.01189	0.01057	0.00661	0.01586	0.01586	0.02114	0.03436	0.07135	0.03964	0.61681	0.05550	0.01057	0.01057	0.01586	0.00661	0.00661
19	0.01482	0.01112	0.01373	0.01308	0.01592	0.01003	0.00981	0.01940	0.02943	0.04031	0.43955	0.08707	0.20850	0.02356	0.01287	0.00349	0.00523	0.02051	0.01155	0.01003
20	0.01581	0.01065	0.01242	0.01281	0.01306	0.01061	0.00777	0.01636	0.01699	0.02258	0.03819	0.11570	0.04396	0.52519	0.04908	0.00966	0.01021	0.05475	0.00715	0.00706
21	0.01787	0.01207	0.01445	0.01409	0.01776	0.01072	0.01114	0.02177	0.02703	0.08540	0.20374	0.09544	0.29978	0.02531	0.01306	0.00382	0.00657	0.09851	0.01091	0.01054
22	0.01869	0.00956	0.01401	0.01401	0.01401	0.00956	0.00923	0.01434	0.01434	0.01912	0.02021	0.03629	0.02064	0.08549	0.04367	0.62749	0.00956	0.00999	0.00489	0.00489
23	0.02918	0.01553	0.01994	0.01673	0.02187	0.01452	0.01323	0.07982	0.03298	0.21741	0.32519	0.06120	0.06924	0.01845	0.01204	0.00340	0.00720	0.01582	0.01239	0.01386
24	0.02359	0.14593	0.25473	0.08198	0.04054	0.02962	0.02956	0.03108	0.02122	0.03037	0.01749	0.02277	0.01420	0.01212	0.01564	0.00345	0.15170	0.00805	0.00481	0.06116
25	0.02699	0.02591	0.04426	0.06693	0.54879	0.02591	0.03346	0.03346	0.02483	0.03562	0.02051	0.02699	0.01727	0.00972	0.01079	0.00324	0.01295	0.00972	0.00540	0.01727
26	0.18082	0.03386	0.20988	0.08441	0.04362	0.02431	0.14743	0.03221	0.02319	0.03814	0.06316	0.02888	0.02159	0.01107	0.01040	0.00351	0.01379	0.00989	0.00598	0.01386
27	0.02609	0.02850	0.02580	0.02384	0.02607	0.20402	0.01836	0.02872	0.02362	0.02823	0.07014	0.17474	0.03606	0.02055	0.01980	0.00392	0.20836	0.01495	0.00699	0.01126
28	0.01376	0.01001	0.01297	0.01450	0.01584	0.00922	0.01001	0.01650	0.02356	0.03173	0.17844	0.44329	0.11820	0.03082	0.01358	0.00413	0.00598	0.02767	0.01057	0.00922
29	0.03689	0.02700	0.04386	0.03223	0.04183	0.02668	0.22092	0.19773	0.03559	0.17987	0.02880	0.03032	0.01989	0.01159	0.01173	0.00346	0.01393	0.01137	0.00935	0.01696
30	0.03865	0.02051	0.06702	0.02330	0.06810	0.01625	0.01826	0.04330	0.02820	0.37907	0.04246	0.13807	0.03329	0.01666	0.01143	0.00356	0.00958	0.01423	0.01155	0.01652
31	0.01501	0.01100	0.01407	0.01358	0.01610	0.01006	0.01008	0.01965	0.02945	0.04101	0.46079	0.12720	0.14376	0.02379	0.01295	0.00354	0.00528	0.02097	0.01166	0.01006
32	0.02010	0.01165	0.01239	0.01199	0.01489	0.01185	0.00905	0.02773	0.07410	0.04170	0.12881	0.04808	0.04211	0.01465	0.00892	0.00282	0.00544	0.01212	0.49071	0.01088
33	0.02664	0.22168	0.04290	0.25028	0.14187	0.03174	0.02608	0.07792	0.02536	0.03255	0.01885	0.02457	0.01525	0.01038	0.00959	0.00310	0.01305	0.00843	0.00548	0.01431
34	0.02517	0.01987	0.03715	0.02858	0.03541	0.01835	0.22234	0.03133	0.02709	0.12519	0.15662	0.13967	0.04823	0.01721	0.01271	0.00369	0.01165	0.01720	0.00920	0.01334
35	0.01613	0.01152	0.01592	0.01843	0.02031	0.01131	0.01507	0.02010	0.02368	0.03102	0.05853	0.28650	0.06590	0.03148	0.01468	0.00482	0.00879	0.32610	0.01007	0.00964
36	0.09358	0.01991	0.02588	0.10806	0.03346	0.02300	0.01950	0.10820	0.02640	0.11758	0.02821	0.03904	0.02355	0.02758	0.11752	0.00635	0.10804	0.05268	0.00799	0.01346
37	0.14516	0.08122	0.11382	0.02438	0.07367	0.02220	0.02093	0.04322	0.02649	0.29838	0.03032	0.02907	0.02042	0.01175	0.00981	0.00328	0.01076	0.00911	0.00949	0.01655
38	0.02149	0.01524	0.02600	0.02974	0.14604	0.01507	0.06114	0.02072	0.01781	0.02440	0.01960	0.03133	0.01832	0.02850	0.03227	0.45778	0.01112	0.00984	0.00496	0.00865
39	0.47510	0.02713	0.02484	0.02388	0.07445	0.11251	0.05479	0.03425	0.02168	0.04303	0.01649	0.01981	0.01304	0.01019	0.00810	0.00330	0.01143	0.00699	0.00635	0.01267
40	0.01575	0.01100	0.01409	0.01409	0.01485	0.01176	0.00935	0.01727	0.01651	0.02277	0.03234	0.06022	0.03481	0.40793	0.25777	0.01329	0.01785	0.01423	0.00631	0.00783
41	0.08010	0.01806	0.01846	0.01611	0.02094	0.06007	0.01259	0.07084	0.02986	0.13531	0.20492	0.05482	0.09965	0.01713	0.01083	0.00324	0.00793	0.01405	0.11244	0.01266
42	0.01558	0.01168	0.01752	0.01752	0.01947	0.01363	0.01363	0.01947	0.01752	0.02531	0.02921	0.04283	0.02726	0.08178	0.57360	0.01752	0.02921	0.01168	0.00584	0.00974
43	0.01484	0.01112	0.01375	0.01309	0.01592	0.01003	0.00982	0.01942	0.02945	0.04038	0.44157	0.08696	0.20644	0.02354	0.01287	0.00349	0.00523	0.02049	0.01156	0.01003
44	0.02187	0.05640	0.56031	0.03108	0.04719	0.02532	0.04029	0.03453	0.02302	0.03453	0.01957	0.02302	0.01381	0.01036	0.01036	0.00345	0.01611	0.00806	0.00460	0.01611
45	0.04073	0.05197	0.03090	0.02809	0.03371	0.57303	0.02107	0.04354	0.03090	0.02669	0.01685	0.01966	0.01404	0.01124	0.00983	0.00281	0.01966	0.00702	0.00562	0.01264
46	0.01402	0.01001	0.01349	0.01602	0.01698	0.00949	0.01140	0.01645	0.02160	0.02866	0.05969	0.52630	0.07051	0.03347	0.01411	0.00453	0.00696	0.10714	0.01011	0.00906
47	0.02712	0.02342	0.02465	0.02219	0.02835	0.02712	0.01726	0.05794	0.52909	0.04561	0.04438	0.04068	0.03328	0.01479	0.01109	0.00370	0.00863	0.01233	0.01109	0.01726
48	0.01894	0.00947	0.01420	0.01420	0.01420	0.00947	0.00947	0.01420	0.01420	0.01894	0.01894	0.03314	0.01894	0.03788	0.04261	0.68277	0.00947	0.00947	0.00473	0.00473
49	0.01543	0.01115	0.01457	0.01372	0.01629	0.01029	0.01029	0.02058	0.03086	0.04372	0.54304	0.08145	0.10288	0.02229	0.01286	0.00343	0.00514	0.01972	0.01200	0.01029
50	0.02210	0.02089	0.03729	0.02978	0.03370	0.02339	0.18268	0.02547	0.01961	0.02777	0.02227	0.07020	0.02109	0.02565	0.07210	0.13849	0.19865	0.01233	0.00548	0.01106
51	0.01544	0.01178	0.01609	0.07260	0.02383	0.01171	0.01442	0.01910	0.02308	0.02978	0.06327	0.30194	0.13809	0.02943	0.01386	0.00444	0.00831	0.18363	0.00958	0.00965
52	0.02825	0.02132	0.03161	0.15933	0.08176	0.02365	0.06201	0.03993	0.14364	0.12972	0.03292	0.04126	0.02602	0.01463	0.01394	0.00381	0.06922	0.05359	0.00846	0.01491
53	0.02261	0.01938	0.02261	0.01615	0.02584	0.01453	0.01292	0.02745	0.02261	0.03553	0.01938	0.02261	0.01615	0.00807	0.00807	0.00161	0.00807	0.00646	0.00646	0.68346
54	0.04266	0.04408	0.02958	0.02604	0.03232	0.44152	0.01988	0.04581	0.03097	0.15174	0.02303	0.02378	0.01710	0.01177	0.01010	0.00294	0.01721	0.00795	0.00748	0.01404
55	0.04073	0.05197	0.03090	0.02809	0.03371	0.57303	0.02107	0.04354	0.03090	0.02669	0.01685	0.01966	0.01404	0.01124	0.00983	0.00281	0.01966	0.00702	0.00562	0.01264
56	0.09721	0.02229	0.02503	0.02088	0.02701	0.02464	0.01683	0.15997	0.16046	0.12844	0.11444	0.03942	0.03615	0.01527	0.01292	0.00355	0.05737	0.01182	0.01062	0.01569
57	0.01352	0.01107	0.01193	0.01171	0.01512	0.00947	0.00878	0.01688	0.02635	0.03301	0.21834	0.09908	0.43426	0.02629	0.01288	0.00362	0.00543	0.02219	0.01059	0.00947
58	0.02522	0.01270	0.01707	0.01632	0.01980	0.01142	0.01207	0.02839	0.02583	0.20228	0.13172	0.33903	0.06235	0.02554	0.01279	0.00393	0.00710	0.02268	0.01152	0.01224
59	0.14694	0.02777	0.10914	0.06758	0.03272	0.06514	0.02014	0.04171	0.10750	0.16484	0.02990	0.03037	0.02131	0.01215	0.00973	0.00333	0.01097	0.00935	0.07444	0.01496

[dist]
# distance from previous block
# <min> <max>
4	5

[block]
# block no. 5 follows, 12 sequences, length 15
# corresponding to MSA columns:
# 744-758
name=unknown_F
#
# <colnr> <probs for GDERKNQSTAVLIFYWHMCP>
#	G	D	E	R	K	N	Q	S	T	A	V	L	I	F	Y	W	H	M	C	P
0	0.01853	0.01569	0.02212	0.02012	0.02256	0.01867	0.01609	0.02217	0.01796	0.02684	0.02425	0.03554	0.02263	0.05682	0.36795	0.01233	0.16806	0.01049	0.00565	0.09553
1	0.02591	0.01518	0.01856	0.01715	0.02105	0.01510	0.01266	0.03481	0.13618	0.16511	0.09457	0.20653	0.05013	0.11307	0.01884	0.00485	0.00812	0.01842	0.01082	0.01295
2	0.07784	0.02649	0.03310	0.20673	0.08491	0.11989	0.06886	0.03887	0.02635	0.17385	0.02541	0.02870	0.01804	0.01136	0.01063	0.00337	0.01385	0.00961	0.00756	0.01456
3	0.02669	0.02067	0.03110	0.41769	0.06134	0.02434	0.02649	0.07952	0.06772	0.10007	0.02508	0.03077	0.01804	0.01176	0.01093	0.00357	0.01314	0.01008	0.00703	0.01396
4	0.12399	0.02934	0.03061	0.02373	0.03220	0.03263	0.01960	0.45165	0.04713	0.06621	0.02479	0.02511	0.01769	0.01271	0.01038	0.00329	0.01155	0.00932	0.01038	0.01769
5	0.02385	0.02385	0.03340	0.02863	0.02863	0.03340	0.02385	0.02624	0.01670	0.02624	0.01431	0.02385	0.01431	0.01908	0.03578	0.00477	0.59685	0.00954	0.00477	0.01193
6	0.02093	0.01695	0.02230	0.17690	0.03615	0.01874	0.01786	0.09924	0.07480	0.03598	0.04684	0.25634	0.08897	0.02198	0.01225	0.00389	0.00962	0.01928	0.00887	0.01209
7	0.02712	0.02342	0.02465	0.02219	0.02835	0.02712	0.01726	0.05794	0.52909	0.04561	0.04438	0.04068	0.03328	0.01479	0.01109	0.00370	0.00863	0.01233	0.01109	0.01726
8	0.01428	0.01020	0.01379	0.01632	0.01739	0.00971	0.01185	0.01690	0.02186	0.02895	0.05955	0.49675	0.06994	0.03322	0.01418	0.00457	0.00719	0.13412	0.01010	0.00913
9	0.01411	0.01012	0.01360	0.01517	0.01613	0.00998	0.01043	0.01645	0.02062	0.02805	0.09153	0.41534	0.06360	0.09650	0.11711	0.00725	0.01069	0.02522	0.00918	0.00892
10	0.01525	0.01181	0.01434	0.01561	0.01870	0.01090	0.01298	0.01916	0.02498	0.03106	0.08382	0.11406	0.30102	0.02888	0.01398	0.00436	0.00781	0.25159	0.01008	0.00963
11	0.01586	0.01057	0.01189	0.01189	0.01189	0.01057	0.00661	0.01586	0.01586	0.02114	0.03436	0.07135	0.03964	0.61681	0.05550	0.01057	0.01057	0.01586	0.00661	0.00661
12	0.02059	0.01938	0.03270	0.59060	0.07510	0.02422	0.03028	0.02786	0.02180	0.02786	0.01938	0.02907	0.01453	0.01090	0.01090	0.00363	0.01453	0.00969	0.00484	0.01211
13	0.02221	0.02103	0.03563	0.45793	0.19511	0.02465	0.03109	0.02928	0.02257	0.02983	0.01967	0.02854	0.01523	0.01060	0.01087	0.00353	0.01413	0.00970	0.00498	0.01342
14	0.02972	0.21818	0.27548	0.02530	0.03749	0.03110	0.02841	0.11115	0.02800	0.08719	0.02154	0.02321	0.01587	0.01078	0.00950	0.00308	0.01348	0.00795	0.00647	0.01610

[dist]
# distance from previous block
# <min> <max>
0	8

[block]
# block no. 6 follows, 12 sequences, length 25
# corresponding to MSA columns:
# 801-825
name=unknown_G
#
# <colnr> <probs for GDERKNQSTAVLIFYWHMCP>
#	G	D	E	R	K	N	Q	S	T	A	V	L	I	F	Y	W	H	M	C	P
0	0.11328	0.09151	0.30681	0.02396	0.03543	0.02359	0.02761	0.03390	0.02437	0.09133	0.09876	0.03197	0.02816	0.01233	0.01002	0.00333	0.01236	0.00961	0.00692	0.01474
1	0.55473	0.02054	0.01803	0.01543	0.02254	0.02264	0.01272	0.03660	0.02128	0.15836	0.02119	0.02190	0.01508	0.01085	0.00766	0.00337	0.00862	0.00700	0.00820	0.01326
2	0.02436	0.02322	0.03951	0.28232	0.35396	0.02521	0.03215	0.03116	0.02358	0.03243	0.02004	0.02784	0.01615	0.01020	0.01084	0.00340	0.01360	0.00970	0.00517	0.01515
3	0.03350	0.31618	0.10255	0.02560	0.07579	0.10454	0.02216	0.03833	0.02539	0.13011	0.02172	0.02300	0.01677	0.01053	0.00884	0.00280	0.01287	0.00756	0.00655	0.01521
4	0.01344	0.01107	0.01181	0.01162	0.01506	0.00944	0.00872	0.01671	0.02615	0.03253	0.20376	0.09987	0.44914	0.02647	0.01288	0.00363	0.00544	0.02230	0.01053	0.00944
5	0.02187	0.05640	0.56031	0.03108	0.04719	0.02532	0.04029	0.03453	0.02302	0.03453	0.01957	0.02302	0.01381	0.01036	0.01036	0.00345	0.01611	0.00806	0.00460	0.01611
6	0.01328	0.00949	0.01265	0.01518	0.01581	0.00886	0.01012	0.01518	0.02088	0.02783	0.06010	0.60969	0.07212	0.03416	0.01392	0.00443	0.00633	0.03100	0.01012	0.00886
7	0.02144	0.02024	0.03423	0.52132	0.13777	0.02445	0.03070	0.02860	0.02220	0.02889	0.01953	0.02879	0.01490	0.01074	0.01089	0.00358	0.01433	0.00969	0.00492	0.01279
8	0.02385	0.02385	0.03340	0.02863	0.02863	0.03340	0.02385	0.02624	0.01670	0.02624	0.01431	0.02385	0.01431	0.01908	0.03578	0.00477	0.59685	0.00954	0.00477	0.01193
9	0.02574	0.02941	0.06434	0.04596	0.05699	0.02757	0.50919	0.03493	0.02574	0.03493	0.02206	0.02941	0.01654	0.00919	0.01287	0.00368	0.01838	0.01287	0.00551	0.01471
10	0.02059	0.01938	0.03270	0.59060	0.07510	0.02422	0.03028	0.02786	0.02180	0.02786	0.01938	0.02907	0.01453	0.01090	0.01090	0.00363	0.01453	0.00969	0.00484	0.01211
11	0.03934	0.04493	0.03053	0.02689	0.03313	0.41512	0.02058	0.12950	0.09015	0.03636	0.02160	0.02318	0.01700	0.01197	0.01017	0.00299	0.01705	0.00812	0.00718	0.01422
12	0.03507	0.02105	0.02532	0.01885	0.02793	0.01843	0.01537	0.12139	0.03062	0.22258	0.02880	0.02828	0.02034	0.01084	0.00958	0.00252	0.00918	0.00862	0.00969	0.33555
13	0.02915	0.62337	0.05714	0.01866	0.02799	0.04314	0.01866	0.03265	0.02215	0.02565	0.01516	0.01749	0.01399	0.00933	0.00700	0.00233	0.01166	0.00583	0.00466	0.01399
14	0.01986	0.01213	0.01599	0.01447	0.01782	0.01105	0.01105	0.02488	0.03091	0.11154	0.47689	0.07558	0.09284	0.02113	0.01261	0.00342	0.00569	0.01856	0.01220	0.01138
15	0.02117	0.01727	0.01903	0.01776	0.02178	0.01882	0.01324	0.03846	0.28439	0.03955	0.15327	0.09959	0.08709	0.09833	0.01767	0.00460	0.00777	0.01646	0.01055	0.01321
16	0.01466	0.01007	0.01224	0.01342	0.01371	0.00978	0.00824	0.01554	0.01818	0.02424	0.04629	0.32094	0.05470	0.34668	0.03622	0.00772	0.00860	0.02288	0.00824	0.00765
17	0.02915	0.62337	0.05714	0.01866	0.02799	0.04314	0.01866	0.03265	0.02215	0.02565	0.01516	0.01749	0.01399	0.00933	0.00700	0.00233	0.01166	0.00583	0.00466	0.01399
18	0.02168	0.01131	0.01270	0.01191	0.01517	0.01072	0.00909	0.02648	0.02551	0.09399	0.14458	0.05401	0.08743	0.01600	0.00947	0.00290	0.00557	0.01327	0.41722	0.01098
19	0.01491	0.01164	0.01395	0.01376	0.01693	0.01005	0.00999	0.01821	0.02462	0.03306	0.18303	0.26008	0.21013	0.02600	0.01259	0.00360	0.00604	0.02276	0.01008	0.09855
20	0.02559	0.02336	0.08214	0.25854	0.05302	0.02168	0.12078	0.03292	0.02550	0.11791	0.09798	0.03733	0.02941	0.01255	0.01153	0.00355	0.01325	0.01180	0.00738	0.01377
21	0.07232	0.02279	0.02542	0.02430	0.06592	0.02510	0.01767	0.05177	0.38377	0.08145	0.03870	0.03653	0.02893	0.01351	0.01055	0.00346	0.00894	0.01117	0.01021	0.06749
22	0.02703	0.01960	0.02538	0.06091	0.03053	0.02052	0.05254	0.09092	0.16896	0.11335	0.05036	0.11928	0.10260	0.01886	0.01203	0.00378	0.00964	0.04901	0.01025	0.01445
23	0.02594	0.03078	0.14359	0.03610	0.17765	0.02461	0.02670	0.08457	0.02573	0.03782	0.01982	0.02448	0.01600	0.01103	0.01329	0.00306	0.08945	0.00849	0.00605	0.19484
24	0.34960	0.10080	0.02552	0.01797	0.02525	0.02753	0.01502	0.08104	0.13309	0.09203	0.02490	0.02509	0.01866	0.01158	0.00845	0.00330	0.00928	0.00807	0.00837	0.01445

[dist]
# distance from previous block
# <min> <max>
1	2

[block]
# block no. 7 follows, 12 sequences, length 19
# corresponding to MSA columns:
# 828-846
name=unknown_H
#
# <colnr> <probs for GDERKNQSTAVLIFYWHMCP>
#	G	D	E	R	K	N	Q	S	T	A	V	L	I	F	Y	W	H	M	C	P
0	0.22457	0.02350	0.06672	0.23633	0.08802	0.02420	0.02330	0.07110	0.02444	0.04013	0.06162	0.02907	0.02146	0.01165	0.00977	0.00346	0.01171	0.00926	0.00655	0.01316
1	0.02069	0.01564	0.02271	0.23089	0.03919	0.01809	0.01834	0.02690	0.10493	0.02700	0.02473	0.03610	0.02147	0.07222	0.02646	0.25696	0.01131	0.01057	0.00602	0.00978
2	0.08563	0.09356	0.17588	0.06815	0.07576	0.02308	0.02459	0.03812	0.02574	0.19447	0.06748	0.03170	0.02508	0.01212	0.01016	0.00330	0.01169	0.00971	0.00817	0.01561
3	0.01413	0.01093	0.01288	0.01274	0.01558	0.00968	0.00942	0.01792	0.02727	0.03601	0.30911	0.14682	0.28668	0.02579	0.01298	0.00364	0.00543	0.02230	0.01101	0.00968
4	0.02261	0.01938	0.02261	0.01615	0.02584	0.01453	0.01292	0.02745	0.02261	0.03553	0.01938	0.02261	0.01615	0.00807	0.00807	0.00161	0.00807	0.00646	0.00646	0.68346
5	0.03125	0.03718	0.19774	0.02857	0.03944	0.08181	0.10045	0.09065	0.07079	0.11982	0.02609	0.02763	0.01864	0.01122	0.01071	0.00325	0.01402	0.00955	0.00761	0.07358
6	0.02249	0.04629	0.39663	0.03032	0.04142	0.02783	0.03518	0.03196	0.02106	0.03196	0.01794	0.02328	0.01397	0.01307	0.01826	0.00386	0.19652	0.00852	0.00466	0.01481
7	0.02010	0.01358	0.01699	0.01545	0.01906	0.01324	0.01181	0.02888	0.10314	0.08945	0.42639	0.07160	0.08606	0.02042	0.01244	0.00346	0.00602	0.01787	0.01200	0.01203
8	0.01577	0.01086	0.01486	0.01513	0.01611	0.01171	0.01058	0.01731	0.01700	0.02358	0.03306	0.11126	0.03512	0.24307	0.29276	0.08371	0.01875	0.01484	0.00643	0.00812
9	0.09561	0.02333	0.02847	0.07983	0.15082	0.06587	0.02106	0.06849	0.08076	0.04031	0.14412	0.03948	0.03777	0.01449	0.01291	0.00348	0.05956	0.01171	0.00802	0.01391
10	0.03781	0.02266	0.02617	0.02156	0.02901	0.02388	0.01733	0.12747	0.26124	0.24702	0.04099	0.03702	0.02853	0.01402	0.01102	0.00351	0.00941	0.01141	0.01199	0.01796
11	0.01391	0.01115	0.01256	0.01308	0.01620	0.00980	0.01008	0.01719	0.02517	0.03130	0.14328	0.15000	0.38221	0.02802	0.01331	0.00393	0.00625	0.09285	0.01031	0.00942
12	0.02187	0.05640	0.56031	0.03108	0.04719	0.02532	0.04029	0.03453	0.02302	0.03453	0.01957	0.02302	0.01381	0.01036	0.01036	0.00345	0.01611	0.00806	0.00460	0.01611
13	0.02712	0.02342	0.02465	0.02219	0.02835	0.02712	0.01726	0.05794	0.52909	0.04561	0.04438	0.04068	0.03328	0.01479	0.01109	0.00370	0.00863	0.01233	0.01109	0.01726
14	0.01411	0.01008	0.01360	0.01612	0.01712	0.00957	0.01155	0.01661	0.02169	0.02876	0.05964	0.51610	0.07031	0.03338	0.01414	0.00454	0.00704	0.11646	0.01011	0.00908
15	0.01328	0.00949	0.01265	0.01518	0.01581	0.00886	0.01012	0.01518	0.02088	0.02783	0.06010	0.60969	0.07212	0.03416	0.01392	0.00443	0.00633	0.03100	0.01012	0.00886
16	0.02261	0.01938	0.02261	0.01615	0.02584	0.01453	0.01292	0.02745	0.02261	0.03553	0.01938	0.02261	0.01615	0.00807	0.00807	0.00161	0.00807	0.00646	0.00646	0.68346
17	0.09726	0.02843	0.10755	0.02627	0.07173	0.02646	0.02150	0.04965	0.35706	0.04347	0.03557	0.03444	0.02674	0.01321	0.01050	0.00359	0.01010	0.01078	0.00918	0.01650
18	0.49349	0.02030	0.01891	0.01591	0.02318	0.02184	0.01312	0.03860	0.02249	0.20655	0.02383	0.02374	0.01652	0.01117	0.00806	0.00337	0.00870	0.00748	0.00884	0.01390

[dist]
# distance from previous block
# <min> <max>
0	8

[block]
# block no. 8 follows, 12 sequences, length 10
# corresponding to MSA columns:
# 855-864
name=unknown_I
#
# <colnr> <probs for GDERKNQSTAVLIFYWHMCP>
#	G	D	E	R	K	N	Q	S	T	A	V	L	I	F	Y	W	H	M	C	P
0	0.02487	0.02327	0.03724	0.14433	0.34601	0.02297	0.02813	0.03111	0.02379	0.03428	0.02005	0.02632	0.01654	0.00953	0.01018	0.00293	0.01208	0.00895	0.00555	0.17187
1	0.58981	0.02655	0.10028	0.01693	0.02513	0.02459	0.01622	0.03244	0.01925	0.04669	0.01586	0.01853	0.01212	0.01016	0.00731	0.00339	0.00962	0.00624	0.00642	0.01247
2	0.03110	0.02168	0.03509	0.22542	0.24558	0.02255	0.02748	0.03720	0.02564	0.18067	0.02652	0.03054	0.01913	0.01118	0.01088	0.00341	0.01243	0.01006	0.00751	0.01594
3	0.01481	0.01013	0.01220	0.01323	0.01349	0.00987	0.00804	0.01558	0.01790	0.02386	0.04483	0.29039	0.05285	0.37974	0.03858	0.00807	0.00884	0.02202	0.00804	0.00752
4	0.01328	0.00949	0.01265	0.01518	0.01581	0.00886	0.01012	0.01518	0.02088	0.02783	0.06010	0.60969	0.07212	0.03416	0.01392	0.00443	0.00633	0.03100	0.01012	0.00886
5	0.02187	0.05640	0.56031	0.03108	0.04719	0.02532	0.04029	0.03453	0.02302	0.03453	0.01957	0.02302	0.01381	0.01036	0.01036	0.00345	0.01611	0.00806	0.00460	0.01611
6	0.01328	0.00949	0.01265	0.01518	0.01581	0.00886	0.01012	0.01518	0.02088	0.02783	0.06010	0.60969	0.07212	0.03416	0.01392	0.00443	0.00633	0.03100	0.01012	0.00886
7	0.01842	0.00981	0.01472	0.01472	0.01502	0.01011	0.01011	0.01502	0.01472	0.01993	0.02053	0.03464	0.02023	0.04467	0.12481	0.57979	0.01252	0.00981	0.00491	0.00551
8	0.04701	0.02161	0.02720	0.02085	0.02936	0.02056	0.01722	0.17028	0.03632	0.43197	0.03872	0.03432	0.02484	0.01339	0.01095	0.00335	0.00997	0.01067	0.01284	0.01855
9	0.02437	0.03048	0.19158	0.02509	0.07356	0.01844	0.02314	0.03146	0.02357	0.08382	0.02547	0.07788	0.02163	0.01181	0.00981	0.00274	0.01093	0.00988	0.00679	0.29756

[dist]
# distance from previous block
# <min> <max>
2	4

[block]
# block no. 9 follows, 12 sequences, length 13
# corresponding to MSA columns:
# 869-881
name=unknown_J
#
# <colnr> <probs for GDERKNQSTAVLIFYWHMCP>
#	G	D	E	R	K	N	Q	S	T	A	V	L	I	F	Y	W	H	M	C	P
0	0.07925	0.02172	0.02594	0.02119	0.02702	0.06597	0.04978	0.08654	0.03082	0.18785	0.18769	0.04521	0.04563	0.01587	0.01321	0.00346	0.05536	0.01287	0.01038	0.01424
1	0.02633	0.02189	0.03304	0.32949	0.13142	0.02544	0.02712	0.07324	0.07934	0.07519	0.02433	0.03010	0.01823	0.01198	0.01231	0.00360	0.04569	0.01008	0.00676	0.01445
2	0.02059	0.01938	0.03270	0.59060	0.07510	0.02422	0.03028	0.02786	0.02180	0.02786	0.01938	0.02907	0.01453	0.01090	0.01090	0.00363	0.01453	0.00969	0.00484	0.01211
3	0.02998	0.08545	0.02817	0.01820	0.02752	0.02061	0.01513	0.10206	0.02800	0.11730	0.02345	0.02475	0.01789	0.00975	0.00880	0.00220	0.00921	0.00755	0.00797	0.41603
4	0.55471	0.02073	0.01739	0.01471	0.02207	0.02240	0.01204	0.03110	0.01940	0.04614	0.01605	0.01873	0.01271	0.00970	0.00702	0.00301	0.00836	0.00602	0.00669	0.15102
5	0.15882	0.01188	0.01458	0.01423	0.01563	0.01258	0.00995	0.01790	0.01511	0.02515	0.01816	0.02995	0.01746	0.03213	0.03518	0.54195	0.00926	0.00873	0.00515	0.00620
6	0.02945	0.10241	0.02979	0.02167	0.02850	0.02930	0.01762	0.14593	0.32507	0.04764	0.07550	0.03781	0.03311	0.01431	0.01066	0.00341	0.00945	0.01153	0.01029	0.01656
7	0.02588	0.02343	0.03222	0.02591	0.03089	0.02667	0.07153	0.10168	0.06070	0.03695	0.02348	0.06900	0.02118	0.01566	0.02050	0.00367	0.24004	0.01108	0.00696	0.15255
8	0.02189	0.01266	0.01612	0.01438	0.01838	0.01127	0.01109	0.02638	0.02978	0.14724	0.35660	0.07675	0.17166	0.02149	0.01247	0.00347	0.00607	0.01853	0.01195	0.01179
9	0.17180	0.01848	0.02121	0.01743	0.02384	0.01842	0.01409	0.09931	0.03111	0.23728	0.18147	0.04464	0.04496	0.01532	0.01064	0.00338	0.00825	0.01233	0.01132	0.01473
10	0.02910	0.21187	0.25678	0.02359	0.03501	0.02742	0.02644	0.03670	0.02510	0.14082	0.06575	0.02907	0.02385	0.01168	0.00970	0.00310	0.01249	0.00895	0.00707	0.01552
11	0.02517	0.01952	0.06211	0.01979	0.02591	0.01650	0.05507	0.06277	0.07105	0.13885	0.14782	0.11860	0.15139	0.01978	0.01215	0.00361	0.00878	0.01722	0.01048	0.01343
12	0.13594	0.02133	0.02338	0.06124	0.06640	0.06331	0.01639	0.06015	0.02513	0.09745	0.03018	0.14593	0.02825	0.01533	0.01012	0.00315	0.00990	0.01270	0.00810	0.16565

[dist]
# distance from previous block
# <min> <max>
0	1010

# created by:
# /st0/software/busco_prod/Augustus/scripts/msa2prfl.pl ./align_prep/7143.fa
