[name]
unknown

[dist]
# distance from previous block
# <min> <max>
0	1591

[block]
# block no. 0 follows, 12 sequences, length 49
# corresponding to MSA columns:
# 2020-2068
name=unknown_A
#
# <colnr> <probs for GDERKNQSTAVLIFYWHMCP>
#	G	D	E	R	K	N	Q	S	T	A	V	L	I	F	Y	W	H	M	C	P
0	0.01720	0.01305	0.01636	0.01748	0.01988	0.01334	0.01331	0.02565	0.11677	0.03455	0.12507	0.30886	0.06700	0.02791	0.01353	0.00430	0.00751	0.13678	0.01055	0.01090
1	0.02261	0.01938	0.02261	0.01615	0.02584	0.01453	0.01292	0.02745	0.02261	0.03553	0.01938	0.02261	0.01615	0.00807	0.00807	0.00161	0.00807	0.00646	0.00646	0.68346
2	0.10694	0.02567	0.09921	0.02035	0.02942	0.02077	0.01850	0.04270	0.15386	0.15942	0.03077	0.03007	0.02220	0.01160	0.00968	0.00302	0.00967	0.00916	0.00904	0.18794
3	0.01894	0.00947	0.01420	0.01420	0.01420	0.00947	0.00947	0.01420	0.01420	0.01894	0.01894	0.03314	0.01894	0.03788	0.04261	0.68277	0.00947	0.00947	0.00473	0.00473
4	0.02093	0.01211	0.01254	0.01213	0.01518	0.01258	0.00918	0.02967	0.09520	0.04158	0.07381	0.04363	0.03417	0.01370	0.00850	0.00277	0.00559	0.01117	0.53441	0.01118
5	0.17484	0.02457	0.02513	0.06913	0.03180	0.05901	0.01773	0.11264	0.19979	0.12817	0.03155	0.03089	0.02285	0.01280	0.01003	0.00346	0.01035	0.00984	0.00966	0.01577
6	0.03616	0.02172	0.03185	0.02486	0.03225	0.02176	0.09896	0.07444	0.11717	0.26871	0.07858	0.03853	0.03127	0.01412	0.01327	0.00358	0.05334	0.01208	0.01082	0.01651
7	0.01325	0.00962	0.01252	0.01484	0.01572	0.00889	0.00997	0.01522	0.02121	0.02797	0.06432	0.56734	0.11174	0.03361	0.01383	0.00437	0.00626	0.03033	0.01012	0.00889
8	0.03542	0.01557	0.02098	0.01711	0.02318	0.01371	0.01371	0.04001	0.03107	0.34961	0.24467	0.05499	0.05760	0.01704	0.01173	0.00340	0.00761	0.01450	0.01289	0.01522
9	0.10546	0.02072	0.02828	0.21287	0.11479	0.02303	0.02201	0.10939	0.02746	0.06955	0.06755	0.03618	0.02605	0.07393	0.01511	0.00416	0.01166	0.01082	0.00745	0.01353
10	0.08606	0.08343	0.02735	0.01961	0.02703	0.02510	0.01603	0.11948	0.18439	0.08262	0.07644	0.03419	0.02986	0.01295	0.00989	0.00305	0.00912	0.01024	0.00948	0.13369
11	0.02670	0.01233	0.01455	0.01313	0.01702	0.01192	0.01025	0.03145	0.02432	0.16279	0.03671	0.04002	0.02765	0.01994	0.06616	0.00427	0.00855	0.01051	0.44960	0.01213
12	0.02268	0.02052	0.02986	0.22231	0.13422	0.01985	0.02248	0.02864	0.02272	0.03291	0.01958	0.02559	0.01579	0.00933	0.00952	0.00259	0.01115	0.00814	0.00572	0.33638
13	0.01686	0.01021	0.01265	0.01265	0.01265	0.01021	0.00754	0.01532	0.01532	0.02042	0.02934	0.05891	0.03290	0.42833	0.05130	0.22941	0.01021	0.01378	0.00600	0.00600
14	0.01372	0.00980	0.01315	0.01568	0.01651	0.00923	0.01088	0.01594	0.02131	0.02832	0.05985	0.56005	0.07116	0.03375	0.01403	0.00449	0.00670	0.07633	0.01011	0.00898
15	0.01559	0.01046	0.01197	0.01223	0.01229	0.01040	0.00697	0.01579	0.01637	0.02182	0.03698	0.12627	0.04295	0.55737	0.05126	0.00994	0.01014	0.01740	0.00697	0.00684
16	0.02325	0.01995	0.02290	0.01701	0.02620	0.01632	0.01353	0.03178	0.09440	0.03696	0.02292	0.02517	0.01858	0.00903	0.00850	0.00191	0.00815	0.00729	0.00712	0.58904
17	0.01549	0.01042	0.01200	0.01236	0.01245	0.01033	0.00710	0.01576	0.01657	0.02209	0.03800	0.14766	0.04424	0.53422	0.04960	0.00970	0.00997	0.01800	0.00710	0.00693
18	0.02566	0.13290	0.43442	0.02813	0.04249	0.02690	0.03475	0.03616	0.02373	0.08650	0.02133	0.02367	0.01518	0.01053	0.00994	0.00329	0.01479	0.00804	0.00552	0.01606
19	0.02065	0.01829	0.09228	0.01687	0.02206	0.01269	0.01494	0.02519	0.02546	0.11938	0.13997	0.22266	0.17895	0.02386	0.01250	0.00377	0.00782	0.02066	0.01020	0.01181
20	0.02059	0.01938	0.03270	0.59060	0.07510	0.02422	0.03028	0.02786	0.02180	0.02786	0.01938	0.02907	0.01453	0.01090	0.01090	0.00363	0.01453	0.00969	0.00484	0.01211
21	0.02353	0.02155	0.03530	0.16916	0.13357	0.02344	0.09933	0.07702	0.02669	0.03660	0.09826	0.08969	0.03362	0.01518	0.01400	0.00368	0.06511	0.01360	0.00717	0.01350
22	0.02153	0.02074	0.03692	0.32776	0.15095	0.02288	0.10277	0.02820	0.02284	0.03039	0.02578	0.11104	0.02351	0.01371	0.01162	0.00368	0.01368	0.01321	0.00580	0.01300
23	0.01490	0.01082	0.01517	0.01639	0.01772	0.01142	0.01206	0.01780	0.01940	0.02663	0.04429	0.27272	0.04901	0.10236	0.26162	0.01070	0.01700	0.06287	0.00796	0.00917
24	0.01586	0.01057	0.01189	0.01189	0.01189	0.01057	0.00661	0.01586	0.01586	0.02114	0.03436	0.07135	0.03964	0.61681	0.05550	0.01057	0.01057	0.01586	0.00661	0.00661
25	0.01969	0.01726	0.02631	0.02931	0.11901	0.02070	0.01977	0.02369	0.01866	0.02743	0.02398	0.03530	0.02227	0.05325	0.33905	0.01179	0.16458	0.01080	0.00550	0.01165
26	0.02212	0.01189	0.01208	0.01143	0.01450	0.01217	0.00873	0.06677	0.02528	0.04303	0.03477	0.03942	0.02715	0.01274	0.00790	0.00260	0.00567	0.01013	0.62073	0.01087
27	0.02806	0.02048	0.02289	0.02024	0.02606	0.02245	0.01580	0.05039	0.36694	0.11765	0.13585	0.04767	0.04519	0.01599	0.01140	0.00360	0.00808	0.01349	0.01160	0.01616
28	0.04247	0.02420	0.02823	0.02215	0.03035	0.02501	0.01813	0.24110	0.11710	0.27786	0.03637	0.03321	0.02453	0.01353	0.01096	0.00338	0.01029	0.01071	0.01207	0.01835
29	0.01586	0.01057	0.01189	0.01189	0.01189	0.01057	0.00661	0.01586	0.01586	0.02114	0.03436	0.07135	0.03964	0.61681	0.05550	0.01057	0.01057	0.01586	0.00661	0.00661
30	0.48143	0.02416	0.02146	0.01784	0.02523	0.02751	0.01471	0.18845	0.02921	0.05537	0.01876	0.02047	0.01400	0.01109	0.00810	0.00334	0.00959	0.00718	0.00810	0.01400
31	0.01359	0.00972	0.01292	0.01497	0.01588	0.00906	0.01015	0.01595	0.02229	0.03009	0.12855	0.53482	0.07648	0.03248	0.01377	0.00429	0.00616	0.02940	0.01039	0.00906
32	0.20835	0.02139	0.02435	0.01918	0.02725	0.02140	0.01584	0.13231	0.03174	0.34018	0.03298	0.03026	0.02165	0.01258	0.00990	0.00336	0.00957	0.00949	0.01134	0.01687
33	0.02059	0.01938	0.03270	0.59060	0.07510	0.02422	0.03028	0.02786	0.02180	0.02786	0.01938	0.02907	0.01453	0.01090	0.01090	0.00363	0.01453	0.00969	0.00484	0.01211
34	0.04402	0.01843	0.02452	0.01972	0.02739	0.01670	0.01628	0.05072	0.07562	0.46124	0.04451	0.04546	0.03090	0.01517	0.01136	0.00356	0.00929	0.05450	0.01296	0.01764
35	0.01328	0.00949	0.01265	0.01518	0.01581	0.00886	0.01012	0.01518	0.02088	0.02783	0.06010	0.60969	0.07212	0.03416	0.01392	0.00443	0.00633	0.03100	0.01012	0.00886
36	0.02454	0.02587	0.04464	0.03492	0.03893	0.03128	0.20023	0.02940	0.01998	0.02940	0.01713	0.02587	0.01512	0.01549	0.02746	0.00437	0.38664	0.01075	0.00504	0.01294
37	0.02293	0.02295	0.03637	0.11790	0.03915	0.02952	0.09281	0.02717	0.01884	0.02765	0.01742	0.02701	0.01573	0.02155	0.07277	0.00548	0.37739	0.01021	0.00498	0.01217
38	0.01503	0.01073	0.01465	0.01717	0.01857	0.01036	0.01315	0.01819	0.02259	0.02978	0.05913	0.41185	0.06831	0.03252	0.01438	0.00467	0.00784	0.21164	0.01009	0.00934
39	0.02483	0.02674	0.04943	0.03761	0.04333	0.03038	0.27542	0.03074	0.02138	0.03074	0.01833	0.02674	0.01547	0.01396	0.02390	0.00420	0.29701	0.01127	0.00516	0.01337
40	0.34557	0.02226	0.03291	0.02587	0.03320	0.02312	0.19085	0.03043	0.02151	0.04055	0.02475	0.11536	0.02303	0.01358	0.01009	0.00365	0.01169	0.01237	0.00684	0.01239
41	0.02394	0.16469	0.04265	0.02760	0.03446	0.07443	0.18434	0.02907	0.02457	0.03095	0.07219	0.17469	0.03666	0.01671	0.01147	0.00345	0.01282	0.01577	0.00700	0.01253
42	0.24387	0.02444	0.03274	0.02642	0.03182	0.02890	0.10988	0.06752	0.06448	0.03994	0.01942	0.02447	0.01581	0.01352	0.01818	0.00391	0.20556	0.00923	0.00653	0.01333
43	0.03628	0.02719	0.03581	0.03256	0.10791	0.07177	0.09699	0.13197	0.12096	0.17639	0.03148	0.03161	0.02244	0.01225	0.01115	0.00339	0.01249	0.01078	0.00953	0.01704
44	0.04098	0.17757	0.07895	0.02066	0.02999	0.02521	0.01912	0.08401	0.02985	0.33669	0.03254	0.03001	0.02186	0.01213	0.00989	0.00311	0.01068	0.00931	0.01028	0.01718
45	0.03189	0.04617	0.30521	0.02813	0.04017	0.11192	0.03048	0.14859	0.03157	0.09002	0.02287	0.02455	0.01618	0.01142	0.01046	0.00330	0.01507	0.00858	0.00706	0.01636
46	0.33779	0.02816	0.02349	0.02013	0.02652	0.14175	0.01617	0.07277	0.02566	0.13328	0.02118	0.02267	0.01566	0.01191	0.01084	0.00336	0.05952	0.00762	0.00784	0.01368
47	0.45169	0.01938	0.01839	0.01586	0.02257	0.02072	0.01287	0.03665	0.02237	0.19217	0.02695	0.07354	0.02127	0.01313	0.00856	0.00346	0.00850	0.00948	0.00896	0.01349
48	0.35686	0.01850	0.01856	0.01561	0.02224	0.01898	0.01265	0.03470	0.02423	0.17055	0.11935	0.03456	0.03261	0.01301	0.00901	0.00324	0.00801	0.00972	0.00933	0.06827

[dist]
# distance from previous block
# <min> <max>
7	22

[block]
# block no. 1 follows, 12 sequences, length 72
# corresponding to MSA columns:
# 2091-2162
name=unknown_B
#
# <colnr> <probs for GDERKNQSTAVLIFYWHMCP>
#	G	D	E	R	K	N	Q	S	T	A	V	L	I	F	Y	W	H	M	C	P
0	0.61598	0.01995	0.01586	0.01427	0.02054	0.02283	0.01163	0.03073	0.01997	0.04832	0.07575	0.02503	0.02226	0.01152	0.00745	0.00338	0.00806	0.00749	0.00735	0.01163
1	0.02298	0.02066	0.03271	0.52571	0.07036	0.02533	0.02918	0.08346	0.02518	0.03255	0.02016	0.02874	0.01499	0.01115	0.01090	0.00359	0.01424	0.00970	0.00554	0.01285
2	0.09152	0.01108	0.01307	0.01464	0.01637	0.01079	0.01018	0.01761	0.02176	0.03172	0.09956	0.45751	0.10502	0.02989	0.01292	0.00416	0.00641	0.02654	0.00989	0.00934
3	0.02589	0.02872	0.05978	0.04323	0.05370	0.02752	0.45274	0.03757	0.08349	0.03615	0.02462	0.03070	0.01846	0.00983	0.01266	0.00368	0.01726	0.01281	0.00615	0.01500
4	0.02059	0.01938	0.03270	0.59060	0.07510	0.02422	0.03028	0.02786	0.02180	0.02786	0.01938	0.02907	0.01453	0.01090	0.01090	0.00363	0.01453	0.00969	0.00484	0.01211
5	0.02455	0.02732	0.05863	0.04226	0.05232	0.02559	0.45194	0.03328	0.02632	0.03594	0.08184	0.03538	0.02645	0.01069	0.01287	0.00365	0.01686	0.01365	0.00626	0.01420
6	0.02684	0.02631	0.04656	0.06452	0.49236	0.02610	0.08805	0.03363	0.02493	0.03554	0.02069	0.02726	0.01719	0.00965	0.01103	0.00329	0.01358	0.01008	0.00541	0.01698
7	0.01543	0.01115	0.01457	0.01372	0.01629	0.01029	0.01029	0.02058	0.03086	0.04372	0.54304	0.08145	0.10288	0.02229	0.01286	0.00343	0.00514	0.01972	0.01200	0.01029
8	0.02059	0.01938	0.03270	0.59060	0.07510	0.02422	0.03028	0.02786	0.02180	0.02786	0.01938	0.02907	0.01453	0.01090	0.01090	0.00363	0.01453	0.00969	0.00484	0.01211
9	0.01466	0.01112	0.01351	0.01291	0.01582	0.00996	0.00968	0.01909	0.02905	0.03941	0.41219	0.08855	0.23642	0.02390	0.01287	0.00351	0.00526	0.02071	0.01143	0.00996
10	0.03842	0.03261	0.03241	0.10448	0.03955	0.12373	0.02212	0.36549	0.04371	0.05590	0.02365	0.02548	0.01722	0.01247	0.01072	0.00324	0.01365	0.00933	0.00917	0.01665
11	0.02059	0.01938	0.03270	0.59060	0.07510	0.02422	0.03028	0.02786	0.02180	0.02786	0.01938	0.02907	0.01453	0.01090	0.01090	0.00363	0.01453	0.00969	0.00484	0.01211
12	0.08207	0.03365	0.15263	0.12845	0.23893	0.07211	0.07178	0.03371	0.02405	0.03452	0.01951	0.02524	0.01531	0.01015	0.01047	0.00336	0.01453	0.00907	0.00528	0.01517
13	0.02192	0.02170	0.03815	0.42004	0.06555	0.02607	0.11043	0.02883	0.02176	0.02883	0.01913	0.02840	0.01484	0.01175	0.01470	0.00380	0.09641	0.01021	0.00495	0.01253
14	0.01795	0.01196	0.01317	0.01256	0.01665	0.01013	0.00952	0.02084	0.02540	0.10281	0.09681	0.13796	0.43245	0.02620	0.01271	0.00370	0.00611	0.02200	0.01059	0.01048
15	0.01372	0.00967	0.01252	0.01463	0.01515	0.00915	0.00953	0.01530	0.02003	0.02670	0.05574	0.51859	0.06662	0.13276	0.02095	0.00547	0.00704	0.02843	0.00953	0.00848
16	0.02570	0.13811	0.41101	0.02837	0.04244	0.02919	0.03430	0.10091	0.02683	0.03796	0.01983	0.02263	0.01450	0.01058	0.00993	0.00326	0.01487	0.00797	0.00549	0.01613
17	0.04145	0.03054	0.03272	0.02509	0.03381	0.03381	0.02072	0.51243	0.05127	0.06872	0.02618	0.02618	0.01854	0.01309	0.01091	0.00327	0.01200	0.00982	0.01091	0.01854
18	0.04892	0.01856	0.02530	0.01940	0.02783	0.01603	0.01603	0.05314	0.03121	0.55634	0.04302	0.03711	0.02699	0.01350	0.01096	0.00337	0.00928	0.01096	0.01350	0.01856
19	0.02972	0.01611	0.02237	0.06952	0.07085	0.01502	0.01640	0.03428	0.02798	0.24016	0.12623	0.06330	0.14654	0.01856	0.01196	0.00360	0.00872	0.05375	0.01087	0.01405
20	0.02699	0.02591	0.04426	0.06693	0.54879	0.02591	0.03346	0.03346	0.02483	0.03562	0.02051	0.02699	0.01727	0.00972	0.01079	0.00324	0.01295	0.00972	0.00540	0.01727
21	0.01543	0.01115	0.01457	0.01372	0.01629	0.01029	0.01029	0.02058	0.03086	0.04372	0.54304	0.08145	0.10288	0.02229	0.01286	0.00343	0.00514	0.01972	0.01200	0.01029
22	0.01646	0.01139	0.01445	0.01537	0.01645	0.01155	0.01122	0.01863	0.01938	0.02570	0.04248	0.08786	0.04706	0.35665	0.08446	0.00912	0.01195	0.18387	0.00780	0.00813
23	0.02640	0.19263	0.36262	0.02718	0.04059	0.03090	0.03222	0.10073	0.02675	0.03711	0.01940	0.02210	0.01452	0.01049	0.00961	0.00315	0.01444	0.00775	0.00550	0.01593
24	0.01818	0.01343	0.01636	0.01704	0.01977	0.01329	0.01308	0.08640	0.02680	0.03497	0.06332	0.32571	0.14231	0.02914	0.01360	0.00428	0.00788	0.13368	0.01021	0.01055
25	0.01924	0.01562	0.02008	0.01734	0.02266	0.01503	0.01363	0.02559	0.05912	0.03090	0.02652	0.03472	0.02336	0.04761	0.30769	0.01020	0.01930	0.00968	0.00649	0.27523
26	0.19956	0.02633	0.02946	0.02336	0.03127	0.11393	0.08465	0.04390	0.02735	0.27182	0.02896	0.02841	0.01969	0.01170	0.01002	0.00332	0.01210	0.00934	0.00942	0.01539
27	0.08609	0.02057	0.02703	0.22911	0.04474	0.02316	0.02127	0.04358	0.18040	0.16234	0.03243	0.03363	0.02309	0.01266	0.01063	0.00357	0.01093	0.01049	0.00902	0.01523
28	0.03043	0.02467	0.03085	0.10401	0.03676	0.06202	0.05375	0.17962	0.03163	0.08517	0.02957	0.12566	0.02664	0.01697	0.01551	0.00377	0.10680	0.01346	0.00843	0.01428
29	0.02456	0.02343	0.03988	0.26535	0.36931	0.02527	0.03226	0.03134	0.02368	0.03268	0.02008	0.02778	0.01623	0.01016	0.01083	0.00339	0.01355	0.00971	0.00519	0.01532
30	0.03355	0.01764	0.02383	0.02110	0.02624	0.01806	0.01771	0.03960	0.06116	0.27411	0.04398	0.06394	0.03749	0.01987	0.01579	0.00414	0.09144	0.16465	0.01097	0.01472
31	0.01630	0.01268	0.01876	0.01643	0.01971	0.01174	0.05228	0.02178	0.03043	0.04298	0.49919	0.07707	0.09561	0.02119	0.01286	0.00345	0.00626	0.01914	0.01146	0.01066
32	0.01328	0.00949	0.01265	0.01518	0.01581	0.00886	0.01012	0.01518	0.02088	0.02783	0.06010	0.60969	0.07212	0.03416	0.01392	0.00443	0.00633	0.03100	0.01012	0.00886
33	0.02187	0.05640	0.56031	0.03108	0.04719	0.02532	0.04029	0.03453	0.02302	0.03453	0.01957	0.02302	0.01381	0.01036	0.01036	0.00345	0.01611	0.00806	0.00460	0.01611
34	0.01423	0.01052	0.01329	0.01382	0.01586	0.00959	0.00990	0.01780	0.02622	0.03558	0.29559	0.27881	0.16357	0.02751	0.01325	0.00384	0.00564	0.02439	0.01101	0.00959
35	0.02187	0.05640	0.56031	0.03108	0.04719	0.02532	0.04029	0.03453	0.02302	0.03453	0.01957	0.02302	0.01381	0.01036	0.01036	0.00345	0.01611	0.00806	0.00460	0.01611
36	0.01573	0.01107	0.01440	0.01440	0.01527	0.01193	0.00973	0.01747	0.01660	0.02300	0.03206	0.05866	0.03413	0.37860	0.28617	0.01367	0.01887	0.01400	0.00627	0.00800
37	0.01562	0.01064	0.01274	0.01293	0.01325	0.01086	0.00786	0.01631	0.01648	0.02224	0.03563	0.10905	0.04043	0.49708	0.12455	0.01107	0.01284	0.01645	0.00677	0.00722
38	0.25026	0.12228	0.11927	0.02277	0.03105	0.22640	0.02094	0.03673	0.02430	0.03517	0.01653	0.01929	0.01326	0.01046	0.00851	0.00304	0.01426	0.00666	0.00568	0.01314
39	0.02187	0.05640	0.56031	0.03108	0.04719	0.02532	0.04029	0.03453	0.02302	0.03453	0.01957	0.02302	0.01381	0.01036	0.01036	0.00345	0.01611	0.00806	0.00460	0.01611
40	0.01543	0.01115	0.01457	0.01372	0.01629	0.01029	0.01029	0.02058	0.03086	0.04372	0.54304	0.08145	0.10288	0.02229	0.01286	0.00343	0.00514	0.01972	0.01200	0.01029
41	0.69383	0.02109	0.01603	0.01434	0.02109	0.02446	0.01181	0.03205	0.01856	0.04892	0.01518	0.01771	0.01181	0.01012	0.00675	0.00337	0.00843	0.00590	0.00675	0.01181
42	0.02712	0.02342	0.02465	0.02219	0.02835	0.02712	0.01726	0.05794	0.52909	0.04561	0.04438	0.04068	0.03328	0.01479	0.01109	0.00370	0.00863	0.01233	0.01109	0.01726
43	0.69383	0.02109	0.01603	0.01434	0.02109	0.02446	0.01181	0.03205	0.01856	0.04892	0.01518	0.01771	0.01181	0.01012	0.00675	0.00337	0.00843	0.00590	0.00675	0.01181
44	0.01781	0.01432	0.01640	0.01693	0.01981	0.01495	0.01223	0.02941	0.18972	0.03395	0.06192	0.35087	0.12513	0.02683	0.01284	0.00408	0.00698	0.02370	0.01044	0.01169
45	0.69383	0.02109	0.01603	0.01434	0.02109	0.02446	0.01181	0.03205	0.01856	0.04892	0.01518	0.01771	0.01181	0.01012	0.00675	0.00337	0.00843	0.00590	0.00675	0.01181
46	0.02261	0.01938	0.02261	0.01615	0.02584	0.01453	0.01292	0.02745	0.02261	0.03553	0.01938	0.02261	0.01615	0.00807	0.00807	0.00161	0.00807	0.00646	0.00646	0.68346
47	0.02712	0.02342	0.02465	0.02219	0.02835	0.02712	0.01726	0.05794	0.52909	0.04561	0.04438	0.04068	0.03328	0.01479	0.01109	0.00370	0.00863	0.01233	0.01109	0.01726
48	0.01711	0.01541	0.01520	0.01698	0.01831	0.08755	0.01165	0.01914	0.02227	0.02767	0.05406	0.52739	0.06402	0.03096	0.01335	0.00420	0.00819	0.02765	0.00949	0.00938
49	0.02187	0.05640	0.56031	0.03108	0.04719	0.02532	0.04029	0.03453	0.02302	0.03453	0.01957	0.02302	0.01381	0.01036	0.01036	0.00345	0.01611	0.00806	0.00460	0.01611
50	0.01586	0.01057	0.01189	0.01189	0.01189	0.01057	0.00661	0.01586	0.01586	0.02114	0.03436	0.07135	0.03964	0.61681	0.05550	0.01057	0.01057	0.01586	0.00661	0.00661
51	0.01566	0.01134	0.01581	0.01581	0.01717	0.01270	0.01150	0.01837	0.01702	0.02404	0.03077	0.05150	0.03102	0.24433	0.41618	0.01541	0.02354	0.01295	0.00607	0.00878
52	0.03016	0.02274	0.02475	0.02180	0.02828	0.02557	0.01709	0.05727	0.45965	0.11685	0.04419	0.04018	0.03241	0.01461	0.01108	0.00365	0.00872	0.01214	0.01143	0.01744
53	0.01362	0.00973	0.01304	0.01557	0.01635	0.00915	0.01071	0.01577	0.02121	0.02821	0.05991	0.57132	0.07138	0.03384	0.01401	0.00447	0.00662	0.06603	0.01012	0.00895
54	0.01395	0.00998	0.01334	0.01539	0.01645	0.00937	0.01077	0.01656	0.02263	0.03046	0.12726	0.49489	0.07562	0.03216	0.01387	0.00434	0.00647	0.06697	0.01038	0.00916
55	0.03902	0.02820	0.03013	0.02337	0.03139	0.03110	0.01922	0.45655	0.04801	0.06550	0.02726	0.02784	0.01962	0.01304	0.01053	0.00319	0.01120	0.00986	0.08738	0.01758
56	0.02533	0.02482	0.03851	0.04665	0.27342	0.02987	0.02838	0.02964	0.02052	0.03066	0.01723	0.02533	0.01571	0.01467	0.02402	0.00405	0.32206	0.00962	0.00507	0.01444
57	0.02461	0.21433	0.33216	0.03004	0.04334	0.03081	0.11344	0.03406	0.02323	0.03205	0.01873	0.02252	0.01433	0.00987	0.00982	0.00317	0.01522	0.00823	0.00478	0.01527
58	0.01390	0.00981	0.01269	0.01450	0.01519	0.00927	0.00954	0.01575	0.02087	0.02804	0.09655	0.47395	0.06922	0.13176	0.02086	0.00538	0.00694	0.02748	0.00969	0.00860
59	0.02583	0.02718	0.05242	0.08177	0.13678	0.02700	0.31728	0.03794	0.10682	0.03631	0.02523	0.03080	0.01924	0.01030	0.01210	0.00360	0.01563	0.01204	0.00635	0.01538
60	0.02186	0.02145	0.03861	0.46666	0.10451	0.02488	0.10803	0.02939	0.02265	0.02953	0.01989	0.02898	0.01505	0.01054	0.01121	0.00361	0.01505	0.01021	0.00499	0.01288
61	0.02695	0.02173	0.03603	0.31354	0.24706	0.02372	0.02949	0.03350	0.02425	0.10450	0.02310	0.02941	0.01730	0.01082	0.01087	0.00345	0.01321	0.00988	0.00626	0.01496
62	0.08866	0.16469	0.03795	0.02901	0.11775	0.03134	0.02102	0.21629	0.03458	0.12166	0.02422	0.02521	0.01796	0.01147	0.00966	0.00307	0.01141	0.00873	0.00857	0.01674
63	0.01476	0.01149	0.01555	0.01706	0.01760	0.01228	0.01204	0.01672	0.02029	0.02761	0.05371	0.52798	0.06405	0.03206	0.01697	0.00448	0.08870	0.02800	0.00938	0.00928
64	0.36203	0.02487	0.02656	0.02425	0.07185	0.06992	0.05810	0.06604	0.02513	0.14414	0.02240	0.02391	0.01620	0.01093	0.00893	0.00333	0.01098	0.00813	0.00799	0.01429
65	0.02087	0.01267	0.01653	0.01712	0.02053	0.01174	0.01398	0.02473	0.02532	0.11590	0.06754	0.18741	0.16626	0.02755	0.01372	0.00435	0.00828	0.22383	0.01063	0.01103
66	0.01786	0.00963	0.01370	0.01399	0.01407	0.00955	0.00915	0.01455	0.01520	0.02027	0.02581	0.10463	0.02793	0.11820	0.04112	0.51117	0.00926	0.01283	0.00561	0.00547
67	0.09784	0.01958	0.03079	0.52448	0.06890	0.02425	0.02816	0.02834	0.02143	0.03028	0.01890	0.02777	0.01422	0.01081	0.01042	0.00360	0.01383	0.00926	0.00506	0.01208
68	0.08066	0.22682	0.10026	0.02399	0.03067	0.03505	0.02263	0.09759	0.02420	0.03471	0.01692	0.02149	0.01454	0.01331	0.01757	0.00349	0.20847	0.00789	0.00573	0.01401
69	0.10509	0.08319	0.23637	0.02409	0.03480	0.02627	0.02569	0.11744	0.07111	0.08700	0.06443	0.02971	0.02404	0.01227	0.01008	0.00334	0.01213	0.00944	0.00779	0.01572
70	0.13981	0.15772	0.15523	0.02185	0.03100	0.02758	0.02209	0.03297	0.02182	0.07799	0.01909	0.02218	0.01507	0.01121	0.01226	0.00308	0.09299	0.00741	0.00605	0.12260
71	0.03240	0.09482	0.03294	0.02326	0.03036	0.10398	0.07418	0.13885	0.03326	0.11952	0.11993	0.04228	0.07738	0.01478	0.01104	0.00322	0.01171	0.01227	0.00930	0.01453

[dist]
# distance from previous block
# <min> <max>
0	86

[block]
# block no. 2 follows, 12 sequences, length 24
# corresponding to MSA columns:
# 2254-2277
name=unknown_C
#
# <colnr> <probs for GDERKNQSTAVLIFYWHMCP>
#	G	D	E	R	K	N	Q	S	T	A	V	L	I	F	Y	W	H	M	C	P
0	0.27308	0.12434	0.02782	0.01838	0.02461	0.02595	0.01568	0.03527	0.02283	0.15929	0.06358	0.02820	0.02336	0.01310	0.01266	0.00341	0.09800	0.00872	0.00808	0.01366
1	0.17685	0.07418	0.07271	0.12562	0.03847	0.17007	0.02135	0.07871	0.02641	0.03707	0.01815	0.02194	0.01423	0.01061	0.00914	0.00304	0.01365	0.00747	0.00614	0.07418
2	0.08304	0.08450	0.15071	0.02174	0.03205	0.02241	0.02157	0.07618	0.02817	0.26293	0.02945	0.02841	0.01997	0.01157	0.00986	0.00311	0.01108	0.00892	0.00925	0.08508
3	0.12801	0.19286	0.12954	0.02046	0.02950	0.02947	0.02032	0.14166	0.02880	0.04211	0.02879	0.03028	0.06488	0.01244	0.00907	0.00305	0.01104	0.00907	0.05426	0.01439
4	0.09125	0.13206	0.23460	0.02824	0.08353	0.02740	0.02735	0.08621	0.02697	0.12924	0.02333	0.02481	0.01677	0.01094	0.00969	0.00321	0.01279	0.00835	0.00708	0.01617
5	0.01484	0.01074	0.01491	0.01578	0.01695	0.01148	0.01125	0.01739	0.01839	0.02548	0.04066	0.24192	0.04471	0.15527	0.29479	0.01187	0.01824	0.01900	0.00744	0.00891
6	0.01543	0.01115	0.01457	0.01372	0.01629	0.01029	0.01029	0.02058	0.03086	0.04372	0.54304	0.08145	0.10288	0.02229	0.01286	0.00343	0.00514	0.01972	0.01200	0.01029
7	0.03118	0.03675	0.02937	0.02565	0.03081	0.33901	0.06782	0.03529	0.02933	0.03151	0.14468	0.03728	0.03665	0.01912	0.05434	0.00418	0.01678	0.01103	0.00716	0.01206
8	0.04892	0.01856	0.02530	0.01940	0.02783	0.01603	0.01603	0.05314	0.03121	0.55634	0.04302	0.03711	0.02699	0.01350	0.01096	0.00337	0.00928	0.01096	0.01350	0.01856
9	0.02261	0.01938	0.02261	0.01615	0.02584	0.01453	0.01292	0.02745	0.02261	0.03553	0.01938	0.02261	0.01615	0.00807	0.00807	0.00161	0.00807	0.00646	0.00646	0.68346
10	0.02237	0.01952	0.03190	0.02642	0.02843	0.02345	0.10680	0.02335	0.01742	0.02511	0.01744	0.02832	0.01644	0.02427	0.03415	0.25640	0.27345	0.01012	0.00489	0.00976
11	0.69383	0.02109	0.01603	0.01434	0.02109	0.02446	0.01181	0.03205	0.01856	0.04892	0.01518	0.01771	0.01181	0.01012	0.00675	0.00337	0.00843	0.00590	0.00675	0.01181
12	0.01328	0.00949	0.01265	0.01518	0.01581	0.00886	0.01012	0.01518	0.02088	0.02783	0.06010	0.60969	0.07212	0.03416	0.01392	0.00443	0.00633	0.03100	0.01012	0.00886
13	0.01586	0.01057	0.01189	0.01189	0.01189	0.01057	0.00661	0.01586	0.01586	0.02114	0.03436	0.07135	0.03964	0.61681	0.05550	0.01057	0.01057	0.01586	0.00661	0.00661
14	0.02261	0.01938	0.02261	0.01615	0.02584	0.01453	0.01292	0.02745	0.02261	0.03553	0.01938	0.02261	0.01615	0.00807	0.00807	0.00161	0.00807	0.00646	0.00646	0.68346
15	0.04005	0.02047	0.02943	0.14591	0.09182	0.02024	0.02123	0.08351	0.03021	0.35070	0.03431	0.03347	0.02266	0.01252	0.01093	0.00341	0.01099	0.01047	0.01062	0.01706
16	0.02261	0.01938	0.02261	0.01615	0.02584	0.01453	0.01292	0.02745	0.02261	0.03553	0.01938	0.02261	0.01615	0.00807	0.00807	0.00161	0.00807	0.00646	0.00646	0.68346
17	0.01469	0.01059	0.01369	0.01513	0.01664	0.01000	0.01100	0.01763	0.02328	0.03107	0.14974	0.32815	0.11083	0.09052	0.01812	0.00492	0.00716	0.10761	0.01009	0.00913
18	0.02800	0.02203	0.02946	0.08048	0.03521	0.02114	0.06728	0.12094	0.06954	0.08259	0.02762	0.06784	0.02258	0.01218	0.01025	0.00284	0.01053	0.01059	0.00820	0.27067
19	0.03181	0.02407	0.07001	0.02207	0.03196	0.01890	0.06735	0.08078	0.02797	0.18075	0.02676	0.02763	0.01919	0.01031	0.00979	0.00260	0.01044	0.00878	0.00855	0.32029
20	0.08857	0.02212	0.02681	0.02378	0.07474	0.02170	0.01749	0.16955	0.03377	0.19728	0.08162	0.03384	0.02861	0.01280	0.01033	0.00306	0.00968	0.01031	0.01022	0.12373
21	0.03463	0.07715	0.03530	0.11850	0.09174	0.02433	0.06003	0.11221	0.03001	0.19966	0.02769	0.02921	0.01957	0.01135	0.01042	0.00313	0.01174	0.00968	0.00872	0.08492
22	0.02362	0.01919	0.02349	0.18772	0.03783	0.07352	0.01866	0.02818	0.02367	0.08309	0.06815	0.09165	0.03425	0.07678	0.06754	0.00543	0.01329	0.04962	0.00755	0.06674
23	0.23956	0.13363	0.03151	0.02289	0.06995	0.02836	0.01770	0.14359	0.02961	0.15193	0.02377	0.02429	0.01727	0.01129	0.00892	0.00315	0.01036	0.00811	0.00856	0.01554

[dist]
# distance from previous block
# <min> <max>
0	9

[block]
# block no. 3 follows, 12 sequences, length 65
# corresponding to MSA columns:
# 2287-2322,2331-2359
name=unknown_D
#
# <colnr> <probs for GDERKNQSTAVLIFYWHMCP>
#	G	D	E	R	K	N	Q	S	T	A	V	L	I	F	Y	W	H	M	C	P
0	0.03234	0.02119	0.02683	0.02195	0.02847	0.02159	0.05391	0.18897	0.07964	0.15919	0.04543	0.15628	0.07803	0.01860	0.01188	0.00364	0.00987	0.01600	0.01085	0.01534
1	0.03011	0.02635	0.03884	0.09324	0.34005	0.02785	0.02868	0.15452	0.07351	0.04411	0.02384	0.02810	0.01872	0.01107	0.01086	0.00332	0.01247	0.00996	0.00721	0.01719
2	0.02683	0.01600	0.02365	0.20535	0.03900	0.01654	0.01853	0.03241	0.02798	0.18699	0.22574	0.05135	0.05180	0.01599	0.01167	0.00348	0.00943	0.01388	0.01008	0.01328
3	0.13309	0.01333	0.01453	0.01363	0.01761	0.01276	0.01043	0.02346	0.02614	0.08432	0.23681	0.11721	0.21317	0.02204	0.01175	0.00357	0.00628	0.01852	0.01051	0.01083
4	0.02809	0.14252	0.29744	0.03308	0.12068	0.02840	0.03160	0.07894	0.02644	0.08248	0.02164	0.02424	0.01599	0.01061	0.00996	0.00320	0.01388	0.00836	0.00610	0.01637
5	0.02211	0.02281	0.02307	0.11004	0.03110	0.13779	0.01777	0.02543	0.02282	0.02735	0.04168	0.18190	0.10328	0.02669	0.06632	0.00508	0.10044	0.01640	0.00713	0.01077
6	0.01583	0.01068	0.01243	0.01243	0.01261	0.01086	0.00727	0.01620	0.01601	0.02154	0.03387	0.06865	0.03847	0.56617	0.10453	0.01123	0.01233	0.01546	0.00653	0.00690
7	0.02219	0.02101	0.03558	0.46002	0.19322	0.02464	0.03107	0.02926	0.02256	0.02979	0.01966	0.02855	0.01522	0.01061	0.01087	0.00354	0.01414	0.00970	0.00498	0.01340
8	0.01463	0.00985	0.01273	0.01491	0.01597	0.00936	0.01042	0.01724	0.02152	0.03003	0.05649	0.48868	0.06518	0.03084	0.01314	0.00422	0.00647	0.06656	0.10262	0.00914
9	0.01358	0.00972	0.01292	0.01498	0.01588	0.00905	0.01014	0.01593	0.02226	0.03004	0.12706	0.53645	0.07638	0.03251	0.01377	0.00429	0.00616	0.02943	0.01038	0.00905
10	0.69383	0.02109	0.01603	0.01434	0.02109	0.02446	0.01181	0.03205	0.01856	0.04892	0.01518	0.01771	0.01181	0.01012	0.00675	0.00337	0.00843	0.00590	0.00675	0.01181
11	0.02141	0.02097	0.03773	0.50408	0.07222	0.02476	0.10636	0.02898	0.02243	0.02898	0.01981	0.02912	0.01485	0.01063	0.01121	0.00364	0.01515	0.01019	0.00495	0.01252
12	0.03919	0.02126	0.02552	0.02062	0.02803	0.02148	0.01667	0.13092	0.16327	0.29720	0.08243	0.03987	0.03353	0.01450	0.01115	0.00344	0.00923	0.01185	0.01230	0.01752
13	0.01429	0.01080	0.01329	0.01392	0.01629	0.00979	0.01034	0.01784	0.02582	0.03411	0.23729	0.23579	0.22208	0.02784	0.01336	0.00393	0.00604	0.06689	0.01075	0.00955
14	0.35072	0.01974	0.02096	0.01703	0.02468	0.01997	0.01405	0.04327	0.02529	0.31888	0.02999	0.02803	0.01989	0.01192	0.00899	0.00337	0.00888	0.00860	0.01034	0.01540
15	0.02699	0.02591	0.04426	0.06693	0.54879	0.02591	0.03346	0.03346	0.02483	0.03562	0.02051	0.02699	0.01727	0.00972	0.01079	0.00324	0.01295	0.00972	0.00540	0.01727
16	0.03896	0.01635	0.02211	0.01771	0.02440	0.01432	0.01432	0.04345	0.03111	0.40383	0.19178	0.05030	0.04957	0.01611	0.01153	0.00339	0.00805	0.01357	0.01305	0.01610
17	0.01328	0.00949	0.01265	0.01518	0.01581	0.00886	0.01012	0.01518	0.02088	0.02783	0.06010	0.60969	0.07212	0.03416	0.01392	0.00443	0.00633	0.03100	0.01012	0.00886
18	0.02574	0.02941	0.06434	0.04596	0.05699	0.02757	0.50919	0.03493	0.02574	0.03493	0.02206	0.02941	0.01654	0.00919	0.01287	0.00368	0.01838	0.01287	0.00551	0.01471
19	0.02915	0.62337	0.05714	0.01866	0.02799	0.04314	0.01866	0.03265	0.02215	0.02565	0.01516	0.01749	0.01399	0.00933	0.00700	0.00233	0.01166	0.00583	0.00466	0.01399
20	0.34464	0.03005	0.02238	0.01952	0.02592	0.17264	0.01546	0.11716	0.02790	0.04558	0.01937	0.02177	0.01503	0.01117	0.00837	0.00313	0.01177	0.00726	0.06785	0.01304
21	0.02059	0.01938	0.03270	0.59060	0.07510	0.02422	0.03028	0.02786	0.02180	0.02786	0.01938	0.02907	0.01453	0.01090	0.01090	0.00363	0.01453	0.00969	0.00484	0.01211
22	0.01397	0.00998	0.01343	0.01596	0.01689	0.00944	0.01130	0.01636	0.02155	0.02860	0.05972	0.53238	0.07063	0.03352	0.01410	0.00452	0.00692	0.10159	0.01011	0.00904
23	0.01367	0.00977	0.01310	0.01563	0.01643	0.00919	0.01080	0.01585	0.02126	0.02827	0.05988	0.56564	0.07127	0.03379	0.01402	0.00448	0.00666	0.07122	0.01011	0.00896
24	0.02915	0.62337	0.05714	0.01866	0.02799	0.04314	0.01866	0.03265	0.02215	0.02565	0.01516	0.01749	0.01399	0.00933	0.00700	0.00233	0.01166	0.00583	0.00466	0.01399
25	0.01392	0.01013	0.01319	0.01501	0.01636	0.00941	0.01062	0.01662	0.02300	0.03061	0.13162	0.44656	0.12026	0.03155	0.01377	0.00427	0.00641	0.06713	0.01038	0.00919
26	0.08184	0.02036	0.02529	0.02332	0.09812	0.01707	0.01594	0.03090	0.02332	0.08173	0.02123	0.02406	0.01688	0.00894	0.00859	0.00214	0.00889	0.00725	0.00695	0.47718
27	0.01364	0.00964	0.01255	0.01473	0.01527	0.00909	0.00963	0.01528	0.02018	0.02691	0.05653	0.53505	0.06761	0.11494	0.01968	0.00528	0.00691	0.02890	0.00963	0.00854
28	0.04254	0.03161	0.03129	0.02460	0.03285	0.10575	0.02003	0.37446	0.04526	0.14035	0.02756	0.02701	0.01926	0.01290	0.01077	0.00322	0.01263	0.00961	0.01059	0.01773
29	0.02163	0.01911	0.02445	0.01963	0.02538	0.01924	0.01588	0.02566	0.02014	0.03124	0.01989	0.02668	0.01773	0.02456	0.11994	0.00538	0.16410	0.00822	0.00591	0.38524
30	0.02782	0.01949	0.02008	0.01813	0.02257	0.09106	0.01381	0.03431	0.07645	0.16337	0.22138	0.14588	0.06045	0.01988	0.01199	0.00352	0.00869	0.01700	0.01108	0.01304
31	0.01586	0.01057	0.01189	0.01189	0.01189	0.01057	0.00661	0.01586	0.01586	0.02114	0.03436	0.07135	0.03964	0.61681	0.05550	0.01057	0.01057	0.01586	0.00661	0.00661
32	0.01570	0.01119	0.01501	0.01501	0.01608	0.01226	0.01049	0.01786	0.01678	0.02345	0.03151	0.05558	0.03279	0.32088	0.34206	0.01442	0.02088	0.01355	0.00618	0.00834
33	0.02661	0.02014	0.03297	0.41460	0.13222	0.02297	0.02814	0.03321	0.02392	0.12459	0.02381	0.03024	0.01717	0.01121	0.01090	0.00353	0.01336	0.00992	0.00649	0.01399
34	0.04015	0.01828	0.02618	0.02567	0.09857	0.01648	0.01805	0.04454	0.02891	0.39436	0.04262	0.09345	0.03257	0.01617	0.01154	0.00358	0.00959	0.05070	0.01179	0.01682
35	0.02658	0.01319	0.01744	0.01613	0.02018	0.01173	0.01214	0.02993	0.02661	0.22304	0.13724	0.27224	0.10036	0.02414	0.01258	0.00382	0.00714	0.02118	0.01166	0.01265
36	0.01753	0.01302	0.01645	0.01733	0.01946	0.01350	0.01270	0.06297	0.06603	0.03289	0.05138	0.39520	0.05728	0.03700	0.09111	0.00613	0.01047	0.05929	0.00967	0.01061
37	0.57145	0.02261	0.02488	0.02013	0.02766	0.02503	0.10291	0.03258	0.01987	0.04636	0.01644	0.01986	0.01268	0.00995	0.00787	0.00343	0.01026	0.00718	0.00652	0.01234
38	0.02393	0.02062	0.03097	0.36106	0.10228	0.02398	0.02604	0.11432	0.02728	0.03595	0.02636	0.10886	0.02349	0.01441	0.01131	0.00364	0.01279	0.01267	0.00672	0.01329
39	0.08532	0.02043	0.02313	0.06815	0.02985	0.01968	0.01533	0.07276	0.11089	0.04090	0.02506	0.02750	0.01964	0.01042	0.00892	0.00252	0.00887	0.00826	0.05899	0.34340
40	0.01344	0.00978	0.01267	0.01466	0.01575	0.00902	0.00996	0.01570	0.02214	0.02939	0.10762	0.51516	0.11953	0.03249	0.01373	0.00427	0.00615	0.02924	0.01029	0.00902
41	0.19704	0.28506	0.03495	0.01653	0.02412	0.02929	0.01497	0.03499	0.02290	0.12400	0.02274	0.02410	0.01760	0.01070	0.00770	0.00280	0.00954	0.00732	0.09996	0.01369
42	0.01381	0.00987	0.01326	0.01578	0.01665	0.00931	0.01104	0.01609	0.02139	0.02842	0.05981	0.54986	0.07096	0.03366	0.01406	0.00450	0.00678	0.08563	0.01011	0.00900
43	0.02425	0.15306	0.03283	0.02143	0.02560	0.02421	0.05401	0.02667	0.01960	0.06971	0.02222	0.03059	0.01969	0.03539	0.16680	0.13006	0.11716	0.00963	0.00581	0.01129
44	0.02915	0.62337	0.05714	0.01866	0.02799	0.04314	0.01866	0.03265	0.02215	0.02565	0.01516	0.01749	0.01399	0.00933	0.00700	0.00233	0.01166	0.00583	0.00466	0.01399
45	0.01351	0.01033	0.01240	0.01344	0.01550	0.00923	0.00949	0.01628	0.02403	0.03115	0.16128	0.33711	0.24744	0.02976	0.01336	0.00399	0.00583	0.02618	0.01045	0.00923
46	0.03295	0.02485	0.09987	0.12531	0.03814	0.02084	0.02159	0.12009	0.03084	0.21843	0.04321	0.04255	0.10360	0.01476	0.01116	0.00346	0.01107	0.01204	0.00969	0.01555
47	0.02280	0.03075	0.20420	0.23281	0.09886	0.02198	0.02998	0.03078	0.02309	0.07166	0.02702	0.10801	0.02350	0.01404	0.01114	0.00363	0.01336	0.01221	0.00622	0.01397
48	0.01410	0.01056	0.01197	0.01247	0.01425	0.00963	0.00837	0.01603	0.02174	0.02780	0.11334	0.20738	0.24562	0.20755	0.02606	0.00592	0.00721	0.02237	0.00922	0.00843
49	0.02814	0.54476	0.12690	0.02038	0.03065	0.04067	0.02166	0.03291	0.02227	0.02688	0.01577	0.01826	0.01397	0.00947	0.00746	0.00249	0.01228	0.00614	0.00466	0.01429
50	0.02830	0.02024	0.02392	0.01744	0.02685	0.01647	0.01409	0.07431	0.02646	0.11800	0.02359	0.02514	0.01802	0.00935	0.00877	0.00203	0.00861	0.00745	0.00793	0.52306
51	0.25698	0.03316	0.19172	0.02420	0.03469	0.02439	0.06714	0.07923	0.02566	0.13223	0.02292	0.02450	0.01606	0.01095	0.00951	0.00342	0.01217	0.00842	0.00750	0.01516
52	0.01328	0.00949	0.01265	0.01518	0.01581	0.00886	0.01012	0.01518	0.02088	0.02783	0.06010	0.60969	0.07212	0.03416	0.01392	0.00443	0.00633	0.03100	0.01012	0.00886
53	0.59983	0.01963	0.01545	0.01400	0.01981	0.02253	0.01109	0.02981	0.01818	0.04507	0.01784	0.02515	0.01567	0.09424	0.01351	0.00437	0.00873	0.00728	0.00673	0.01109
54	0.03928	0.02759	0.03217	0.12151	0.04045	0.11088	0.05847	0.15114	0.03373	0.23004	0.02935	0.02987	0.02007	0.01227	0.01091	0.00333	0.01315	0.01001	0.00956	0.01622
55	0.03085	0.02528	0.02676	0.02294	0.02978	0.02886	0.01816	0.17634	0.40461	0.05163	0.03964	0.03690	0.02944	0.01435	0.01105	0.00359	0.00951	0.01167	0.01105	0.01759
56	0.01328	0.00949	0.01265	0.01518	0.01581	0.00886	0.01012	0.01518	0.02088	0.02783	0.06010	0.60969	0.07212	0.03416	0.01392	0.00443	0.00633	0.03100	0.01012	0.00886
57	0.02941	0.03444	0.21749	0.12155	0.11493	0.02443	0.02973	0.08001	0.06948	0.13196	0.02657	0.02884	0.01884	0.01153	0.01072	0.00344	0.01320	0.00958	0.00745	0.01639
58	0.02336	0.02302	0.04151	0.34286	0.21212	0.02529	0.11286	0.03072	0.02337	0.03136	0.02017	0.02851	0.01569	0.01026	0.01120	0.00352	0.01472	0.01024	0.00512	0.01408
59	0.01328	0.00949	0.01265	0.01518	0.01581	0.00886	0.01012	0.01518	0.02088	0.02783	0.06010	0.60969	0.07212	0.03416	0.01392	0.00443	0.00633	0.03100	0.01012	0.00886
60	0.03203	0.12379	0.10793	0.02461	0.03182	0.03034	0.02283	0.11879	0.07320	0.12746	0.02486	0.02693	0.01881	0.01395	0.01694	0.00361	0.16938	0.00929	0.00785	0.01559
61	0.08955	0.02090	0.02446	0.02014	0.02728	0.02129	0.01618	0.12131	0.14327	0.27896	0.04007	0.08651	0.02997	0.01533	0.01093	0.00353	0.00923	0.01251	0.01173	0.01687
62	0.04892	0.01856	0.02530	0.01940	0.02783	0.01603	0.01603	0.05314	0.03121	0.55634	0.04302	0.03711	0.02699	0.01350	0.01096	0.00337	0.00928	0.01096	0.01350	0.01856
63	0.02655	0.01416	0.01898	0.01735	0.02070	0.01389	0.01308	0.02954	0.02482	0.20335	0.11482	0.24478	0.05317	0.07586	0.01855	0.00452	0.06340	0.01947	0.01068	0.01234
64	0.03040	0.02432	0.02958	0.20621	0.08749	0.10880	0.02285	0.03551	0.02630	0.14954	0.08835	0.03519	0.02835	0.01356	0.01318	0.00349	0.06442	0.01078	0.00784	0.01386

[dist]
# distance from previous block
# <min> <max>
0	14

[block]
# block no. 4 follows, 12 sequences, length 24
# corresponding to MSA columns:
# 2374-2391,2393-2398
name=unknown_E
#
# <colnr> <probs for GDERKNQSTAVLIFYWHMCP>
#	G	D	E	R	K	N	Q	S	T	A	V	L	I	F	Y	W	H	M	C	P
0	0.03010	0.09898	0.02760	0.01903	0.02420	0.02244	0.01531	0.12153	0.02632	0.12071	0.02478	0.03194	0.02068	0.07139	0.02402	0.16920	0.06362	0.00960	0.00768	0.07087
1	0.30641	0.02382	0.07032	0.11219	0.07815	0.02225	0.01956	0.03241	0.02162	0.07701	0.01942	0.02302	0.01474	0.01011	0.00860	0.00310	0.01045	0.00748	0.00657	0.13279
2	0.03077	0.02890	0.07832	0.02364	0.03315	0.06696	0.06056	0.14089	0.06524	0.08306	0.02446	0.02614	0.01834	0.01062	0.00989	0.00270	0.01161	0.00869	0.00798	0.26808
3	0.10430	0.01171	0.01332	0.01400	0.01645	0.01135	0.01008	0.01887	0.02376	0.03493	0.18479	0.31223	0.15146	0.02686	0.01252	0.00391	0.00617	0.02346	0.01015	0.00967
4	0.01947	0.01627	0.02103	0.14419	0.03301	0.01828	0.01692	0.03211	0.18907	0.03372	0.04594	0.29377	0.04660	0.02264	0.01232	0.00401	0.00889	0.02013	0.00928	0.01235
5	0.01495	0.01077	0.01414	0.01405	0.01618	0.00997	0.01025	0.01937	0.02863	0.04016	0.43485	0.19978	0.09599	0.02495	0.01310	0.00365	0.00541	0.02225	0.01158	0.00997
6	0.13861	0.52419	0.05037	0.01795	0.02685	0.04007	0.01753	0.03255	0.02156	0.02948	0.01516	0.01753	0.01363	0.00946	0.00696	0.00250	0.01113	0.00584	0.00501	0.01363
7	0.63592	0.07356	0.01961	0.01471	0.02169	0.02609	0.01241	0.03210	0.01887	0.04689	0.01518	0.01769	0.01200	0.01005	0.00677	0.00328	0.00872	0.00590	0.00657	0.01200
8	0.03045	0.01530	0.01967	0.01646	0.02171	0.01415	0.01304	0.06847	0.03190	0.24154	0.27948	0.05770	0.06260	0.01760	0.01163	0.00334	0.00721	0.01500	0.05873	0.01403
9	0.03411	0.02621	0.02824	0.02632	0.09777	0.11038	0.01832	0.07060	0.02841	0.16749	0.02553	0.02660	0.01884	0.01053	0.00965	0.00259	0.01122	0.00835	0.00825	0.27060
10	0.01357	0.01056	0.01233	0.01297	0.01542	0.00932	0.00932	0.01656	0.02485	0.03200	0.18722	0.26497	0.29474	0.02861	0.01322	0.00387	0.00570	0.02491	0.01053	0.00932
11	0.02365	0.05405	0.51232	0.03053	0.04597	0.02609	0.03851	0.07800	0.02559	0.03764	0.02017	0.02331	0.01424	0.01061	0.01041	0.00344	0.01574	0.00822	0.00518	0.01634
12	0.02845	0.56889	0.10549	0.01985	0.02983	0.04143	0.02073	0.03283	0.02224	0.02651	0.01558	0.01802	0.01398	0.00943	0.00732	0.00244	0.01209	0.00604	0.00466	0.01420
13	0.01328	0.00949	0.01265	0.01518	0.01581	0.00886	0.01012	0.01518	0.02088	0.02783	0.06010	0.60969	0.07212	0.03416	0.01392	0.00443	0.00633	0.03100	0.01012	0.00886
14	0.02033	0.01016	0.01016	0.01016	0.01270	0.01016	0.00762	0.02541	0.02287	0.04065	0.03557	0.04065	0.02795	0.01270	0.00762	0.00254	0.00508	0.01016	0.67734	0.01016
15	0.01357	0.01008	0.01275	0.01475	0.01618	0.00925	0.01039	0.01592	0.02207	0.02859	0.07039	0.46204	0.16977	0.03244	0.01380	0.00432	0.00648	0.06805	0.01012	0.00903
16	0.02896	0.02798	0.09654	0.02338	0.03121	0.02659	0.02048	0.08691	0.39307	0.08128	0.03968	0.03705	0.02920	0.01399	0.01097	0.00361	0.00991	0.01149	0.01038	0.01729
17	0.01615	0.01047	0.01211	0.01211	0.01211	0.01047	0.00688	0.01570	0.01570	0.02093	0.03287	0.06768	0.03765	0.56118	0.05426	0.07516	0.01047	0.01524	0.00643	0.00643
18	0.02431	0.02047	0.07172	0.01890	0.02472	0.01797	0.01620	0.03840	0.19215	0.11166	0.26408	0.05668	0.06160	0.01754	0.01179	0.00351	0.00788	0.01503	0.01120	0.01421
19	0.01344	0.00976	0.01269	0.01472	0.01577	0.00901	0.00999	0.01568	0.02205	0.02932	0.10526	0.52397	0.11288	0.03262	0.01374	0.00428	0.00616	0.02939	0.01028	0.00901
20	0.02261	0.01938	0.02261	0.01615	0.02584	0.01453	0.01292	0.02745	0.02261	0.03553	0.01938	0.02261	0.01615	0.00807	0.00807	0.00161	0.00807	0.00646	0.00646	0.68346
21	0.60539	0.10122	0.02150	0.01491	0.02200	0.02695	0.01272	0.03213	0.01903	0.04582	0.01518	0.01768	0.01210	0.01002	0.00678	0.00324	0.00886	0.00589	0.00647	0.01210
22	0.11516	0.11911	0.03281	0.02238	0.02885	0.02472	0.08466	0.07279	0.05858	0.07783	0.02592	0.03141	0.02117	0.03420	0.19450	0.00790	0.01755	0.00994	0.00713	0.01339
23	0.03031	0.12058	0.03033	0.01848	0.02778	0.02264	0.01557	0.11217	0.02843	0.10870	0.02296	0.02429	0.01763	0.00983	0.00875	0.00224	0.00948	0.00751	0.00784	0.37446

[dist]
# distance from previous block
# <min> <max>
0	1

[block]
# block no. 5 follows, 12 sequences, length 11
# corresponding to MSA columns:
# 2400-2409,2411
name=unknown_F
#
# <colnr> <probs for GDERKNQSTAVLIFYWHMCP>
#	G	D	E	R	K	N	Q	S	T	A	V	L	I	F	Y	W	H	M	C	P
0	0.01580	0.01219	0.01615	0.01595	0.01786	0.01321	0.01212	0.01892	0.02028	0.02759	0.09081	0.06739	0.13420	0.14887	0.25574	0.01077	0.05515	0.05012	0.00755	0.00932
