[name]
unknown

[dist]
# distance from previous block
# <min> <max>
0	134

[block]
# block no. 0 follows, 12 sequences, length 16
# corresponding to MSA columns:
# 154-169
name=unknown_A
#
# <colnr> <probs for GDERKNQSTAVLIFYWHMCP>
#	G	D	E	R	K	N	Q	S	T	A	V	L	I	F	Y	W	H	M	C	P
0	0.01515	0.01113	0.01418	0.01342	0.01611	0.01017	0.01006	0.02002	0.03019	0.04212	0.49447	0.08408	0.15245	0.02289	0.01286	0.00346	0.00519	0.02009	0.01179	0.01017
1	0.01726	0.01416	0.02076	0.01979	0.02134	0.01766	0.01571	0.02085	0.01736	0.02550	0.02617	0.03897	0.02462	0.06900	0.46398	0.01492	0.14490	0.01125	0.00562	0.01018
2	0.02857	0.02133	0.02471	0.01809	0.02748	0.01819	0.01464	0.11829	0.02866	0.09165	0.02289	0.02465	0.01763	0.00951	0.00887	0.00209	0.00891	0.00750	0.00795	0.49838
3	0.01450	0.01043	0.01374	0.01435	0.01608	0.00967	0.01022	0.01823	0.02652	0.03682	0.33318	0.31099	0.08951	0.02745	0.01332	0.00386	0.00566	0.02462	0.01119	0.00967
4	0.25282	0.02362	0.02360	0.01990	0.02706	0.02642	0.01606	0.14570	0.20275	0.10897	0.03070	0.02960	0.02234	0.01274	0.00960	0.00346	0.00936	0.00952	0.00989	0.01588
5	0.10551	0.04682	0.02960	0.02643	0.03247	0.46615	0.02012	0.08807	0.03166	0.03298	0.01760	0.02010	0.01426	0.01131	0.00963	0.00291	0.01780	0.00718	0.00625	0.01313
6	0.01558	0.01168	0.01752	0.01752	0.01947	0.01363	0.01363	0.01947	0.01752	0.02531	0.02921	0.04283	0.02726	0.08178	0.57360	0.01752	0.02921	0.01168	0.00584	0.00974
7	0.03172	0.02841	0.02904	0.02791	0.08170	0.08974	0.02004	0.15186	0.32020	0.04748	0.03500	0.03384	0.02636	0.01352	0.01088	0.00346	0.01102	0.01093	0.00987	0.01702
8	0.01586	0.01057	0.01189	0.01189	0.01189	0.01057	0.00661	0.01586	0.01586	0.02114	0.03436	0.07135	0.03964	0.61681	0.05550	0.01057	0.01057	0.01586	0.00661	0.00661
9	0.69383	0.02109	0.01603	0.01434	0.02109	0.02446	0.01181	0.03205	0.01856	0.04892	0.01518	0.01771	0.01181	0.01012	0.00675	0.00337	0.00843	0.00590	0.00675	0.01181
10	0.03105	0.02810	0.03731	0.02906	0.03692	0.06807	0.15078	0.19087	0.15086	0.04845	0.08422	0.03586	0.03015	0.01328	0.01161	0.00346	0.01278	0.01208	0.00922	0.01588
11	0.02699	0.02591	0.04426	0.06693	0.54879	0.02591	0.03346	0.03346	0.02483	0.03562	0.02051	0.02699	0.01727	0.00972	0.01079	0.00324	0.01295	0.00972	0.00540	0.01727
12	0.09869	0.02211	0.07106	0.11850	0.03761	0.01916	0.05581	0.03864	0.02666	0.24455	0.08501	0.03590	0.02895	0.01273	0.01064	0.00334	0.01080	0.01079	0.00940	0.05965
13	0.08201	0.01757	0.02149	0.01676	0.02443	0.01503	0.01354	0.03735	0.02716	0.26535	0.09328	0.04169	0.07322	0.01374	0.01015	0.00288	0.00810	0.01118	0.01046	0.21460
14	0.02430	0.02287	0.03854	0.18969	0.38118	0.02397	0.03043	0.03084	0.02468	0.03451	0.07113	0.03280	0.02494	0.01123	0.01102	0.00335	0.01258	0.01068	0.00591	0.01533
15	0.13929	0.01837	0.02245	0.02278	0.07890	0.01917	0.01568	0.03247	0.07978	0.10483	0.08172	0.11399	0.03623	0.05634	0.01553	0.00396	0.05679	0.01342	0.00873	0.07956

[dist]
# distance from previous block
# <min> <max>
0	10

[block]
# block no. 1 follows, 12 sequences, length 21
# corresponding to MSA columns:
# 180-200
name=unknown_B
#
# <colnr> <probs for GDERKNQSTAVLIFYWHMCP>
#	G	D	E	R	K	N	Q	S	T	A	V	L	I	F	Y	W	H	M	C	P
0	0.02638	0.14364	0.41286	0.02763	0.04169	0.02707	0.03379	0.03652	0.02389	0.09736	0.02174	0.02386	0.01546	0.01058	0.00989	0.00326	0.01455	0.00805	0.00571	0.01607
1	0.02699	0.02591	0.04426	0.06693	0.54879	0.02591	0.03346	0.03346	0.02483	0.03562	0.02051	0.02699	0.01727	0.00972	0.01079	0.00324	0.01295	0.00972	0.00540	0.01727
2	0.03054	0.55627	0.05437	0.01938	0.02864	0.04209	0.01889	0.08695	0.02545	0.03053	0.01641	0.01847	0.01451	0.00975	0.00744	0.00244	0.01170	0.00628	0.00537	0.01451
3	0.08356	0.02501	0.02504	0.02047	0.02788	0.08407	0.01637	0.13102	0.11428	0.18221	0.03821	0.03641	0.06652	0.01373	0.01038	0.00317	0.01034	0.01068	0.01017	0.09046
4	0.03669	0.03153	0.02840	0.02405	0.03104	0.15630	0.01896	0.17772	0.22530	0.10524	0.03279	0.03138	0.02403	0.01334	0.01073	0.00334	0.01222	0.01024	0.01003	0.01667
5	0.02407	0.01533	0.02118	0.02164	0.08042	0.01384	0.01492	0.02914	0.02874	0.13669	0.28480	0.06327	0.06492	0.01814	0.01187	0.00331	0.00758	0.05393	0.01069	0.09551
6	0.03437	0.14310	0.03765	0.02411	0.03233	0.06066	0.09766	0.09818	0.06170	0.18117	0.03793	0.03729	0.07887	0.01343	0.01064	0.00322	0.01178	0.01130	0.00909	0.01552
7	0.03358	0.07515	0.18642	0.02762	0.03775	0.02427	0.09692	0.04068	0.02580	0.23350	0.02804	0.02907	0.01935	0.01229	0.01355	0.00352	0.07819	0.00989	0.00818	0.01622
8	0.02394	0.01980	0.03105	0.46922	0.06509	0.02384	0.02740	0.03384	0.08512	0.07758	0.02458	0.03122	0.01796	0.01161	0.01093	0.00362	0.01333	0.01013	0.00639	0.01333
9	0.01873	0.01136	0.01542	0.01691	0.01897	0.01065	0.01269	0.02169	0.02319	0.09411	0.05741	0.41904	0.06425	0.03062	0.01384	0.00444	0.00761	0.13823	0.01052	0.01034
10	0.02985	0.02595	0.11782	0.08605	0.03497	0.02119	0.02136	0.10918	0.09130	0.16094	0.04190	0.10436	0.07450	0.01639	0.01137	0.00359	0.01072	0.01369	0.00959	0.01528
11	0.02059	0.01938	0.03270	0.59060	0.07510	0.02422	0.03028	0.02786	0.02180	0.02786	0.01938	0.02907	0.01453	0.01090	0.01090	0.00363	0.01453	0.00969	0.00484	0.01211
12	0.01491	0.01055	0.01416	0.01595	0.01741	0.01021	0.01186	0.01721	0.02140	0.02810	0.05888	0.34099	0.11475	0.03711	0.06691	0.06507	0.00941	0.12699	0.00925	0.00888
13	0.02365	0.02563	0.08423	0.30062	0.29063	0.02509	0.03262	0.03102	0.02330	0.03202	0.01992	0.02758	0.01573	0.01031	0.01080	0.00344	0.01395	0.00956	0.00508	0.01484
14	0.02981	0.09395	0.29868	0.02801	0.04046	0.02611	0.07058	0.07597	0.05740	0.13616	0.02584	0.02705	0.01810	0.01124	0.01047	0.00336	0.01384	0.00921	0.00725	0.01652
15	0.03261	0.02820	0.04379	0.04708	0.25682	0.06096	0.13693	0.11416	0.03047	0.10437	0.02432	0.02819	0.01830	0.01070	0.01125	0.00333	0.01401	0.01043	0.00732	0.01676
16	0.01561	0.01156	0.01690	0.01690	0.01863	0.01329	0.01285	0.01907	0.01734	0.02485	0.02978	0.04601	0.02864	0.14138	0.51588	0.01675	0.02713	0.01215	0.00593	0.00939
17	0.02704	0.04712	0.42173	0.03218	0.08775	0.02375	0.03545	0.03768	0.02461	0.12570	0.02374	0.02583	0.01642	0.01085	0.01050	0.00342	0.01464	0.00871	0.00623	0.01664
18	0.02646	0.02461	0.04083	0.22756	0.30275	0.02638	0.06749	0.08515	0.02688	0.03678	0.02090	0.02775	0.01648	0.01043	0.01100	0.00340	0.01377	0.00996	0.00584	0.01557
19	0.02484	0.11382	0.29658	0.02899	0.04032	0.02795	0.08383	0.08615	0.02575	0.03615	0.02308	0.07319	0.01965	0.01310	0.01254	0.00350	0.05904	0.01058	0.00591	0.01503
20	0.69383	0.02109	0.01603	0.01434	0.02109	0.02446	0.01181	0.03205	0.01856	0.04892	0.01518	0.01771	0.01181	0.01012	0.00675	0.00337	0.00843	0.00590	0.00675	0.01181

[dist]
# distance from previous block
# <min> <max>
0	2

[block]
# block no. 2 follows, 12 sequences, length 25
# corresponding to MSA columns:
# 203-227
name=unknown_C
#
# <colnr> <probs for GDERKNQSTAVLIFYWHMCP>
#	G	D	E	R	K	N	Q	S	T	A	V	L	I	F	Y	W	H	M	C	P
0	0.02482	0.01579	0.02269	0.02584	0.11005	0.01464	0.01725	0.02918	0.02550	0.13969	0.08003	0.19189	0.04879	0.02177	0.01247	0.00384	0.00898	0.12507	0.00981	0.07190
1	0.02059	0.01938	0.03270	0.59060	0.07510	0.02422	0.03028	0.02786	0.02180	0.02786	0.01938	0.02907	0.01453	0.01090	0.01090	0.00363	0.01453	0.00969	0.00484	0.01211
2	0.02059	0.01938	0.03270	0.59060	0.07510	0.02422	0.03028	0.02786	0.02180	0.02786	0.01938	0.02907	0.01453	0.01090	0.01090	0.00363	0.01453	0.00969	0.00484	0.01211
3	0.03910	0.02938	0.03140	0.02461	0.03292	0.03272	0.02016	0.43804	0.12948	0.06493	0.02916	0.02855	0.02096	0.01337	0.01094	0.00334	0.01145	0.01023	0.01094	0.01833
4	0.01853	0.01183	0.01557	0.01424	0.01736	0.01082	0.01082	0.02359	0.03090	0.09115	0.49678	0.07735	0.09586	0.02148	0.01268	0.00342	0.00553	0.01891	0.01214	0.01105
5	0.13965	0.23171	0.24858	0.02299	0.03451	0.03002	0.02590	0.03546	0.02285	0.08885	0.01986	0.02181	0.01492	0.01031	0.00872	0.00307	0.01265	0.00727	0.00592	0.01496
6	0.16950	0.01903	0.02357	0.01845	0.02657	0.01760	0.01524	0.04920	0.02884	0.46147	0.03781	0.03348	0.02415	0.01286	0.01018	0.00337	0.00912	0.01002	0.01223	0.01729
7	0.01456	0.01111	0.01337	0.01280	0.01576	0.00992	0.00960	0.01889	0.02881	0.03885	0.39519	0.08947	0.25377	0.02411	0.01287	0.00352	0.00527	0.02084	0.01136	0.00992
8	0.01555	0.01005	0.01229	0.01396	0.01549	0.00956	0.00997	0.01865	0.02207	0.03186	0.05670	0.37679	0.09204	0.02750	0.01223	0.00391	0.00626	0.06381	0.19196	0.00934
9	0.01486	0.01067	0.01425	0.01542	0.01714	0.01005	0.01144	0.01859	0.02559	0.03501	0.25336	0.31634	0.08288	0.02872	0.01368	0.00413	0.00647	0.10092	0.01086	0.00963
10	0.01543	0.01115	0.01457	0.01372	0.01629	0.01029	0.01029	0.02058	0.03086	0.04372	0.54304	0.08145	0.10288	0.02229	0.01286	0.00343	0.00514	0.01972	0.01200	0.01029
11	0.03166	0.03337	0.04068	0.03215	0.03852	0.17821	0.16964	0.11423	0.02897	0.03561	0.01969	0.02545	0.01596	0.01424	0.01798	0.05163	0.12228	0.00991	0.00626	0.01357
12	0.02423	0.03993	0.25768	0.04016	0.05317	0.02670	0.32640	0.03477	0.02468	0.03477	0.02109	0.02692	0.01548	0.00965	0.01189	0.00359	0.01750	0.01099	0.00516	0.01525
13	0.02385	0.02385	0.03340	0.02863	0.02863	0.03340	0.02385	0.02624	0.01670	0.02624	0.01431	0.02385	0.01431	0.01908	0.03578	0.00477	0.59685	0.00954	0.00477	0.01193
14	0.20478	0.08526	0.02951	0.11800	0.03692	0.29636	0.02003	0.03706	0.02548	0.03253	0.01671	0.02056	0.01355	0.01074	0.00898	0.00305	0.01525	0.00708	0.00570	0.01245
15	0.02452	0.02228	0.02819	0.02465	0.02687	0.02897	0.02006	0.03619	0.17959	0.03389	0.02607	0.03095	0.02175	0.01706	0.02501	0.00420	0.34844	0.01049	0.07742	0.01343
16	0.02190	0.01857	0.02182	0.01591	0.02490	0.01412	0.01266	0.02678	0.02342	0.03634	0.07101	0.02841	0.02470	0.00948	0.00855	0.00179	0.00779	0.00777	0.00701	0.61710
17	0.02385	0.02385	0.03340	0.02863	0.02863	0.03340	0.02385	0.02624	0.01670	0.02624	0.01431	0.02385	0.01431	0.01908	0.03578	0.00477	0.59685	0.00954	0.00477	0.01193
18	0.01475	0.01112	0.01363	0.01301	0.01587	0.01000	0.00975	0.01926	0.02926	0.03992	0.42775	0.08771	0.22054	0.02371	0.01287	0.00350	0.00524	0.02060	0.01150	0.01000
19	0.01328	0.00949	0.01265	0.01518	0.01581	0.00886	0.01012	0.01518	0.02088	0.02783	0.06010	0.60969	0.07212	0.03416	0.01392	0.00443	0.00633	0.03100	0.01012	0.00886
20	0.01346	0.00963	0.01281	0.01506	0.01585	0.00898	0.01014	0.01563	0.02171	0.02916	0.10035	0.56567	0.07468	0.03317	0.01383	0.00434	0.00623	0.03006	0.01028	0.00898
21	0.01348	0.00974	0.01242	0.01447	0.01534	0.00905	0.00962	0.01529	0.02080	0.02737	0.06268	0.51013	0.11567	0.08741	0.01766	0.00492	0.00664	0.02881	0.00980	0.00868
22	0.02574	0.02941	0.06434	0.04596	0.05699	0.02757	0.50919	0.03493	0.02574	0.03493	0.02206	0.02941	0.01654	0.00919	0.01287	0.00368	0.01838	0.01287	0.00551	0.01471
23	0.01857	0.01870	0.07585	0.11211	0.03145	0.01602	0.01857	0.06441	0.02536	0.03328	0.05420	0.22866	0.12926	0.02417	0.01282	0.00408	0.00974	0.10275	0.00873	0.01128
24	0.40245	0.02244	0.02075	0.01787	0.02483	0.02536	0.01447	0.09081	0.15036	0.09476	0.02606	0.02603	0.01920	0.01189	0.00864	0.00344	0.00893	0.00836	0.00886	0.01447

[dist]
# distance from previous block
# <min> <max>
1	30

[block]
# block no. 3 follows, 12 sequences, length 35
# corresponding to MSA columns:
# 258-292
name=unknown_D
#
# <colnr> <probs for GDERKNQSTAVLIFYWHMCP>
#	G	D	E	R	K	N	Q	S	T	A	V	L	I	F	Y	W	H	M	C	P
0	0.03745	0.02939	0.02820	0.02318	0.03030	0.12055	0.01850	0.23994	0.12442	0.12595	0.08012	0.03447	0.02967	0.01401	0.01095	0.00330	0.01168	0.01089	0.01051	0.01651
1	0.02219	0.02103	0.07162	0.01876	0.02267	0.01995	0.01509	0.07436	0.14849	0.03329	0.03322	0.05137	0.03176	0.30817	0.03448	0.00707	0.05380	0.01320	0.00780	0.01168
2	0.01583	0.01068	0.01244	0.01244	0.01263	0.01087	0.00729	0.01621	0.01602	0.02155	0.03386	0.06859	0.03844	0.56505	0.10561	0.01124	0.01237	0.01545	0.00653	0.00691
3	0.02544	0.02433	0.04146	0.19370	0.43411	0.02550	0.03269	0.03211	0.02409	0.03374	0.02024	0.02749	0.01661	0.01000	0.01082	0.00333	0.01334	0.00971	0.00526	0.01602
4	0.01328	0.00949	0.01265	0.01518	0.01581	0.00886	0.01012	0.01518	0.02088	0.02783	0.06010	0.60969	0.07212	0.03416	0.01392	0.00443	0.00633	0.03100	0.01012	0.00886
5	0.02261	0.01938	0.02261	0.01615	0.02584	0.01453	0.01292	0.02745	0.02261	0.03553	0.01938	0.02261	0.01615	0.00807	0.00807	0.00161	0.00807	0.00646	0.00646	0.68346
6	0.69383	0.02109	0.01603	0.01434	0.02109	0.02446	0.01181	0.03205	0.01856	0.04892	0.01518	0.01771	0.01181	0.01012	0.00675	0.00337	0.00843	0.00590	0.00675	0.01181
7	0.69383	0.02109	0.01603	0.01434	0.02109	0.02446	0.01181	0.03205	0.01856	0.04892	0.01518	0.01771	0.01181	0.01012	0.00675	0.00337	0.00843	0.00590	0.00675	0.01181
8	0.02122	0.02002	0.03384	0.53899	0.12178	0.02439	0.03059	0.02841	0.02210	0.02862	0.01949	0.02886	0.01480	0.01078	0.01089	0.00359	0.01438	0.00969	0.00490	0.01262
9	0.01328	0.00949	0.01265	0.01518	0.01581	0.00886	0.01012	0.01518	0.02088	0.02783	0.06010	0.60969	0.07212	0.03416	0.01392	0.00443	0.00633	0.03100	0.01012	0.00886
10	0.02122	0.02002	0.03384	0.53899	0.12178	0.02439	0.03059	0.02841	0.02210	0.02862	0.01949	0.02886	0.01480	0.01078	0.01089	0.00359	0.01438	0.00969	0.00490	0.01262
11	0.02896	0.01888	0.02444	0.06154	0.02954	0.01712	0.01589	0.03361	0.02498	0.17344	0.07060	0.03218	0.02626	0.01203	0.01215	0.00270	0.06558	0.00935	0.00853	0.33220
12	0.69383	0.02109	0.01603	0.01434	0.02109	0.02446	0.01181	0.03205	0.01856	0.04892	0.01518	0.01771	0.01181	0.01012	0.00675	0.00337	0.00843	0.00590	0.00675	0.01181
13	0.02187	0.05640	0.56031	0.03108	0.04719	0.02532	0.04029	0.03453	0.02302	0.03453	0.01957	0.02302	0.01381	0.01036	0.01036	0.00345	0.01611	0.00806	0.00460	0.01611
14	0.32027	0.31746	0.07604	0.01767	0.02637	0.03364	0.01724	0.03252	0.02064	0.03651	0.01549	0.01799	0.01302	0.00975	0.00713	0.00287	0.01057	0.00603	0.00557	0.01319
15	0.02304	0.10507	0.46310	0.02909	0.04363	0.02712	0.03611	0.03660	0.07133	0.03478	0.02154	0.02420	0.01569	0.01069	0.01012	0.00337	0.01499	0.00826	0.00523	0.01603
16	0.02049	0.01455	0.01958	0.06434	0.05989	0.01442	0.01449	0.02781	0.07612	0.08736	0.29701	0.10756	0.11219	0.02034	0.01230	0.00355	0.00727	0.01785	0.01072	0.01215
17	0.02600	0.04505	0.38786	0.02800	0.04105	0.02428	0.03301	0.07073	0.06981	0.08821	0.02709	0.03306	0.02049	0.01261	0.01085	0.00356	0.01410	0.04121	0.00684	0.01620
18	0.69383	0.02109	0.01603	0.01434	0.02109	0.02446	0.01181	0.03205	0.01856	0.04892	0.01518	0.01771	0.01181	0.01012	0.00675	0.00337	0.00843	0.00590	0.00675	0.01181
19	0.01368	0.00977	0.01311	0.01564	0.01645	0.00920	0.01081	0.01587	0.02127	0.02828	0.05988	0.56439	0.07124	0.03378	0.01402	0.00448	0.00667	0.07236	0.01011	0.00897
20	0.02732	0.02177	0.03808	0.20754	0.18327	0.02242	0.10943	0.03369	0.02480	0.12132	0.02796	0.08399	0.02309	0.01290	0.01150	0.00357	0.01312	0.01245	0.00707	0.01472
21	0.02059	0.01938	0.03270	0.59060	0.07510	0.02422	0.03028	0.02786	0.02180	0.02786	0.01938	0.02907	0.01453	0.01090	0.01090	0.00363	0.01453	0.00969	0.00484	0.01211
22	0.02699	0.02591	0.04426	0.06693	0.54879	0.02591	0.03346	0.03346	0.02483	0.03562	0.02051	0.02699	0.01727	0.00972	0.01079	0.00324	0.01295	0.00972	0.00540	0.01727
23	0.01402	0.01001	0.01349	0.01602	0.01697	0.00949	0.01139	0.01645	0.02160	0.02865	0.05969	0.52663	0.07052	0.03347	0.01411	0.00453	0.00696	0.10684	0.01011	0.00906
24	0.02713	0.02475	0.06760	0.07746	0.03542	0.02619	0.06022	0.07131	0.14120	0.08751	0.07835	0.03569	0.02907	0.01532	0.01787	0.00387	0.16664	0.01151	0.00826	0.01462
25	0.03832	0.04328	0.03175	0.03037	0.07787	0.38074	0.02171	0.12326	0.08291	0.03642	0.02146	0.02347	0.01698	0.01177	0.01022	0.00301	0.01670	0.00825	0.00703	0.01449
26	0.02635	0.02345	0.03324	0.08166	0.25834	0.06094	0.02502	0.03322	0.06071	0.06881	0.02750	0.08386	0.02454	0.02073	0.06869	0.00493	0.06458	0.01197	0.00678	0.01468
27	0.01328	0.00949	0.01265	0.01518	0.01581	0.00886	0.01012	0.01518	0.02088	0.02783	0.06010	0.60969	0.07212	0.03416	0.01392	0.00443	0.00633	0.03100	0.01012	0.00886
28	0.04177	0.02553	0.03513	0.02636	0.03536	0.02559	0.10220	0.24617	0.03884	0.25911	0.03225	0.03113	0.02160	0.01259	0.01127	0.00338	0.01199	0.01080	0.01103	0.01789
29	0.02513	0.01930	0.02287	0.01646	0.02603	0.01468	0.01322	0.02991	0.02343	0.08533	0.02164	0.02400	0.01719	0.00859	0.00835	0.00178	0.00819	0.00689	0.00713	0.61988
30	0.02962	0.03721	0.25352	0.02493	0.03676	0.02355	0.02665	0.11995	0.06476	0.11596	0.02578	0.02675	0.01833	0.01116	0.01016	0.00308	0.01238	0.00878	0.00777	0.14289
31	0.03484	0.13916	0.08624	0.12106	0.04013	0.19683	0.02323	0.08032	0.02888	0.11710	0.02231	0.02461	0.01659	0.01129	0.00985	0.00306	0.01470	0.00825	0.00696	0.01459
32	0.02937	0.08587	0.17634	0.02837	0.08055	0.02261	0.07123	0.03661	0.02503	0.14667	0.02450	0.02642	0.01780	0.01022	0.00991	0.00289	0.01224	0.00870	0.00713	0.17754
33	0.09273	0.13005	0.03515	0.02326	0.03117	0.08077	0.05220	0.23114	0.03636	0.08540	0.07432	0.02980	0.02553	0.01268	0.01011	0.00313	0.01192	0.00981	0.00891	0.01555
34	0.13245	0.01581	0.01543	0.01673	0.01906	0.06581	0.01215	0.02146	0.02183	0.03177	0.04808	0.40694	0.05540	0.02749	0.01241	0.00415	0.00831	0.06578	0.00911	0.00983

[dist]
# distance from previous block
# <min> <max>
0	4

[block]
# block no. 4 follows, 12 sequences, length 87
# corresponding to MSA columns:
# 297-383
name=unknown_E
#
# <colnr> <probs for GDERKNQSTAVLIFYWHMCP>
#	G	D	E	R	K	N	Q	S	T	A	V	L	I	F	Y	W	H	M	C	P
0	0.02909	0.02193	0.03885	0.17175	0.04782	0.02250	0.17566	0.03537	0.02536	0.16683	0.03438	0.03788	0.06750	0.01323	0.01371	0.00368	0.06010	0.01225	0.00778	0.01432
1	0.02341	0.02101	0.07290	0.02395	0.07349	0.01858	0.01887	0.06752	0.02590	0.08143	0.07864	0.05414	0.11407	0.02733	0.09661	0.00563	0.06604	0.05409	0.00825	0.06815
2	0.02771	0.08092	0.15745	0.02367	0.03293	0.02682	0.02310	0.15445	0.07046	0.04343	0.05973	0.02895	0.02341	0.01257	0.01240	0.00312	0.06572	0.00934	0.00761	0.13620
3	0.01821	0.00973	0.01366	0.01366	0.01366	0.00973	0.00879	0.01459	0.01459	0.01946	0.02258	0.04216	0.02383	0.17452	0.04565	0.52411	0.00973	0.01098	0.00518	0.00518
4	0.02627	0.36807	0.19203	0.07317	0.08083	0.03525	0.02679	0.03284	0.02259	0.02911	0.01716	0.02076	0.01426	0.00977	0.00856	0.00282	0.01323	0.00708	0.00472	0.01469
5	0.01610	0.01215	0.01389	0.01326	0.01654	0.01146	0.01000	0.02279	0.07406	0.03875	0.30239	0.08191	0.24011	0.02253	0.01222	0.00346	0.00559	0.01927	0.07297	0.01055
6	0.57978	0.02084	0.01710	0.01530	0.02167	0.02385	0.01239	0.07008	0.02145	0.04868	0.02007	0.07092	0.01771	0.01250	0.00773	0.00346	0.00854	0.00845	0.00739	0.01210
7	0.02650	0.38688	0.21963	0.02514	0.03681	0.03599	0.07032	0.03346	0.02276	0.02935	0.01721	0.02036	0.01417	0.00965	0.00861	0.00282	0.01371	0.00719	0.00472	0.01474
8	0.01969	0.01474	0.02403	0.01998	0.02421	0.01407	0.12682	0.02522	0.02442	0.03763	0.11326	0.13873	0.04394	0.01689	0.01070	0.00326	0.00844	0.01571	0.30721	0.01104
9	0.01390	0.01030	0.01298	0.01397	0.01577	0.00938	0.00984	0.01700	0.02480	0.03323	0.22427	0.34902	0.16717	0.02917	0.01339	0.00397	0.00580	0.02594	0.01073	0.00938
10	0.26215	0.02132	0.02341	0.01863	0.02655	0.02168	0.01538	0.11967	0.03021	0.30955	0.03107	0.02891	0.02059	0.01231	0.00955	0.00336	0.00943	0.00910	0.01084	0.01631
11	0.02536	0.02336	0.02518	0.12660	0.03565	0.07274	0.01895	0.04543	0.31539	0.04035	0.11276	0.04283	0.03863	0.01489	0.01121	0.00357	0.01018	0.01248	0.00959	0.01484
12	0.01846	0.01155	0.01803	0.01654	0.01761	0.01158	0.04970	0.01675	0.01583	0.02133	0.02375	0.04271	0.02437	0.17574	0.09163	0.40894	0.01225	0.01145	0.00534	0.00644
13	0.01752	0.01194	0.01733	0.01689	0.01780	0.01374	0.01249	0.01795	0.01615	0.02282	0.02478	0.04040	0.02435	0.11051	0.29341	0.24435	0.07309	0.01111	0.00543	0.00793
14	0.02059	0.01938	0.03270	0.59060	0.07510	0.02422	0.03028	0.02786	0.02180	0.02786	0.01938	0.02907	0.01453	0.01090	0.01090	0.00363	0.01453	0.00969	0.00484	0.01211
15	0.02241	0.01924	0.02189	0.01659	0.02522	0.01592	0.01315	0.03090	0.09742	0.03648	0.03114	0.03257	0.06553	0.01080	0.00895	0.00211	0.00793	0.00879	0.00747	0.52551
16	0.10029	0.03989	0.02881	0.02482	0.03152	0.34188	0.01926	0.11337	0.03286	0.13285	0.02292	0.02368	0.01690	0.01183	0.00993	0.00303	0.01562	0.00806	0.00795	0.01453
17	0.01657	0.01188	0.01428	0.01384	0.01398	0.01290	0.00870	0.01708	0.01605	0.02191	0.03213	0.06491	0.03641	0.52308	0.09101	0.01054	0.06603	0.01497	0.00638	0.00732
18	0.02555	0.34276	0.30617	0.02480	0.03749	0.03432	0.02936	0.03358	0.02258	0.03005	0.01734	0.02023	0.01390	0.00984	0.00866	0.00289	0.01386	0.00693	0.00463	0.01504
19	0.03014	0.02771	0.02494	0.02121	0.02828	0.15562	0.01669	0.04069	0.14751	0.08357	0.03045	0.03672	0.02500	0.01298	0.01014	0.00288	0.01136	0.05117	0.00834	0.23459
20	0.02220	0.02161	0.03079	0.02591	0.03068	0.07044	0.13203	0.02988	0.07204	0.03559	0.16193	0.10511	0.05100	0.01939	0.01496	0.00391	0.06540	0.08629	0.00867	0.01218
21	0.01593	0.01111	0.01435	0.01560	0.01669	0.01118	0.01136	0.01822	0.01983	0.02636	0.04582	0.17938	0.05153	0.27847	0.08339	0.00837	0.01139	0.16439	0.00824	0.00838
22	0.01558	0.01168	0.01752	0.01752	0.01947	0.01363	0.01363	0.01947	0.01752	0.02531	0.02921	0.04283	0.02726	0.08178	0.57360	0.01752	0.02921	0.01168	0.00584	0.00974
23	0.02261	0.01938	0.02261	0.01615	0.02584	0.01453	0.01292	0.02745	0.02261	0.03553	0.01938	0.02261	0.01615	0.00807	0.00807	0.00161	0.00807	0.00646	0.00646	0.68346
24	0.01558	0.01168	0.01752	0.01752	0.01947	0.01363	0.01363	0.01947	0.01752	0.02531	0.02921	0.04283	0.02726	0.08178	0.57360	0.01752	0.02921	0.01168	0.00584	0.00974
25	0.01497	0.01000	0.01270	0.01400	0.01541	0.00942	0.00975	0.01818	0.02361	0.03379	0.17219	0.38806	0.07218	0.02774	0.01262	0.00387	0.00583	0.02482	0.12145	0.00942
26	0.02261	0.01938	0.02261	0.01615	0.02584	0.01453	0.01292	0.02745	0.02261	0.03553	0.01938	0.02261	0.01615	0.00807	0.00807	0.00161	0.00807	0.00646	0.00646	0.68346
27	0.03390	0.01941	0.02391	0.01805	0.02690	0.01631	0.01460	0.04089	0.07291	0.25179	0.03146	0.03027	0.02221	0.01094	0.00955	0.00253	0.00862	0.00886	0.00980	0.34706
28	0.02385	0.02385	0.03340	0.02863	0.02863	0.03340	0.02385	0.02624	0.01670	0.02624	0.01431	0.02385	0.01431	0.01908	0.03578	0.00477	0.59685	0.00954	0.00477	0.01193
29	0.01688	0.01177	0.01329	0.01252	0.01635	0.01012	0.00953	0.02041	0.02702	0.08185	0.21831	0.09248	0.38019	0.02491	0.01270	0.00359	0.00577	0.02103	0.01093	0.01035
30	0.02891	0.02302	0.02471	0.02196	0.02831	0.02621	0.01716	0.05754	0.48813	0.08763	0.04427	0.04039	0.03277	0.01469	0.01108	0.00367	0.00868	0.01222	0.01129	0.01737
31	0.02321	0.02205	0.03744	0.37598	0.26924	0.02491	0.03159	0.03016	0.02304	0.03104	0.01984	0.02822	0.01566	0.01042	0.01086	0.00347	0.01389	0.00970	0.00507	0.01423
32	0.02261	0.01938	0.02261	0.01615	0.02584	0.01453	0.01292	0.02745	0.02261	0.03553	0.01938	0.02261	0.01615	0.00807	0.00807	0.00161	0.00807	0.00646	0.00646	0.68346
33	0.02699	0.02591	0.04426	0.06693	0.54879	0.02591	0.03346	0.03346	0.02483	0.03562	0.02051	0.02699	0.01727	0.00972	0.01079	0.00324	0.01295	0.00972	0.00540	0.01727
34	0.02187	0.05640	0.56031	0.03108	0.04719	0.02532	0.04029	0.03453	0.02302	0.03453	0.01957	0.02302	0.01381	0.01036	0.01036	0.00345	0.01611	0.00806	0.00460	0.01611
35	0.02496	0.02275	0.09945	0.01948	0.02583	0.01863	0.01755	0.11323	0.07441	0.08984	0.12902	0.09864	0.08483	0.02311	0.05702	0.00461	0.01072	0.01478	0.05747	0.01368
36	0.02256	0.02108	0.03482	0.23204	0.26489	0.02351	0.02817	0.02840	0.02232	0.03087	0.02380	0.08028	0.02171	0.01818	0.05355	0.00462	0.05801	0.01172	0.00562	0.01384
37	0.02623	0.02541	0.08181	0.22200	0.21053	0.02514	0.02912	0.03522	0.07035	0.08121	0.02383	0.02925	0.01821	0.01176	0.01293	0.00357	0.06200	0.00990	0.00637	0.01516
38	0.01468	0.01067	0.01397	0.01510	0.01694	0.00996	0.01118	0.01828	0.02539	0.03437	0.23624	0.30825	0.11722	0.02880	0.01364	0.00411	0.00641	0.09443	0.01078	0.00958
39	0.01573	0.01106	0.01438	0.01438	0.01524	0.01192	0.00970	0.01745	0.01659	0.02298	0.03208	0.05877	0.03418	0.38077	0.28406	0.01364	0.01879	0.01401	0.00627	0.00799
40	0.01753	0.01135	0.01455	0.01482	0.01744	0.01032	0.01101	0.02105	0.02596	0.08224	0.21776	0.26746	0.15614	0.02712	0.01323	0.00394	0.00640	0.06032	0.01101	0.01035
41	0.02128	0.01337	0.01629	0.01468	0.01881	0.01237	0.01131	0.02782	0.07119	0.12473	0.30871	0.07670	0.19689	0.02157	0.01241	0.00351	0.00621	0.01849	0.01169	0.01196
42	0.02688	0.02682	0.08624	0.03034	0.03867	0.02406	0.18462	0.07570	0.02600	0.07910	0.02553	0.07589	0.02161	0.01337	0.01496	0.00347	0.09930	0.01195	0.00702	0.12849
43	0.01328	0.00949	0.01265	0.01518	0.01581	0.00886	0.01012	0.01518	0.02088	0.02783	0.06010	0.60969	0.07212	0.03416	0.01392	0.00443	0.00633	0.03100	0.01012	0.00886
44	0.02178	0.01850	0.02172	0.01606	0.02495	0.01403	0.01267	0.02636	0.02246	0.03484	0.02301	0.07498	0.02114	0.01040	0.00860	0.00187	0.00792	0.00865	0.00679	0.62328
45	0.02246	0.10237	0.51951	0.03007	0.04563	0.02677	0.03853	0.03438	0.02295	0.03381	0.01921	0.02257	0.01383	0.01028	0.01009	0.00336	0.01575	0.00788	0.00461	0.01594
46	0.02433	0.02319	0.03946	0.28453	0.35195	0.02521	0.03214	0.03113	0.02357	0.03240	0.02004	0.02785	0.01613	0.01021	0.01084	0.00340	0.01361	0.00970	0.00517	0.01513
47	0.02668	0.01329	0.01454	0.01294	0.01695	0.01319	0.01010	0.07319	0.02670	0.12378	0.03590	0.03881	0.02696	0.01286	0.00844	0.00274	0.00635	0.01026	0.51410	0.01222
48	0.02059	0.01457	0.02171	0.02526	0.11669	0.01500	0.01617	0.02538	0.02348	0.07283	0.14863	0.04825	0.04303	0.04332	0.24631	0.00920	0.01695	0.01300	0.06767	0.01196
49	0.01541	0.01038	0.01202	0.01246	0.01257	0.01027	0.00722	0.01574	0.01673	0.02230	0.03882	0.16471	0.04527	0.51577	0.04829	0.00951	0.00983	0.01848	0.00722	0.00700
50	0.09976	0.01898	0.02373	0.01859	0.02636	0.01765	0.01528	0.08658	0.03102	0.42583	0.03861	0.03491	0.02511	0.01311	0.01030	0.00329	0.00904	0.01037	0.07427	0.01721
51	0.01543	0.01115	0.01457	0.01372	0.01629	0.01029	0.01029	0.02058	0.03086	0.04372	0.54304	0.08145	0.10288	0.02229	0.01286	0.00343	0.00514	0.01972	0.01200	0.01029
52	0.02261	0.01938	0.02261	0.01615	0.02584	0.01453	0.01292	0.02745	0.02261	0.03553	0.01938	0.02261	0.01615	0.00807	0.00807	0.00161	0.00807	0.00646	0.00646	0.68346
53	0.08048	0.02492	0.04091	0.11039	0.46283	0.02564	0.03142	0.03284	0.02404	0.03599	0.01997	0.02642	0.01658	0.00986	0.01048	0.00329	0.01273	0.00940	0.00546	0.01636
54	0.03959	0.04746	0.03051	0.02729	0.03324	0.47484	0.02070	0.08809	0.07697	0.03224	0.02016	0.02213	0.01617	0.01172	0.01004	0.00293	0.01798	0.00775	0.00659	0.01359
55	0.02165	0.01491	0.02140	0.02028	0.02374	0.01461	0.05550	0.06680	0.02580	0.08114	0.04930	0.25587	0.05274	0.07902	0.01736	0.00490	0.00966	0.16427	0.00977	0.01126
56	0.02595	0.02485	0.04238	0.15186	0.47196	0.02563	0.03295	0.03255	0.02434	0.03436	0.02033	0.02732	0.01683	0.00991	0.01081	0.00330	0.01321	0.00971	0.00531	0.01643
57	0.01328	0.00949	0.01265	0.01518	0.01581	0.00886	0.01012	0.01518	0.02088	0.02783	0.06010	0.60969	0.07212	0.03416	0.01392	0.00443	0.00633	0.03100	0.01012	0.00886
58	0.01449	0.01059	0.01361	0.01396	0.01599	0.00971	0.01005	0.01833	0.02700	0.03714	0.34311	0.25914	0.13289	0.02672	0.01321	0.00378	0.00557	0.02377	0.01121	0.00971
59	0.04892	0.01856	0.02530	0.01940	0.02783	0.01603	0.01603	0.05314	0.03121	0.55634	0.04302	0.03711	0.02699	0.01350	0.01096	0.00337	0.00928	0.01096	0.01350	0.01856
60	0.01543	0.01115	0.01457	0.01372	0.01629	0.01029	0.01029	0.02058	0.03086	0.04372	0.54304	0.08145	0.10288	0.02229	0.01286	0.00343	0.00514	0.01972	0.01200	0.01029
61	0.02261	0.01938	0.02261	0.01615	0.02584	0.01453	0.01292	0.02745	0.02261	0.03553	0.01938	0.02261	0.01615	0.00807	0.00807	0.00161	0.00807	0.00646	0.00646	0.68346
62	0.01340	0.00975	0.01265	0.01471	0.01575	0.00899	0.00997	0.01561	0.02194	0.02911	0.09905	0.52719	0.11620	0.03273	0.01375	0.00429	0.00617	0.02948	0.01026	0.00899
63	0.01586	0.01057	0.01189	0.01189	0.01189	0.01057	0.00661	0.01586	0.01586	0.02114	0.03436	0.07135	0.03964	0.61681	0.05550	0.01057	0.01057	0.01586	0.00661	0.00661
64	0.02245	0.10172	0.52010	0.03008	0.04566	0.02675	0.03856	0.03438	0.02295	0.03382	0.01921	0.02258	0.01383	0.01028	0.01009	0.00336	0.01576	0.00788	0.00461	0.01594
65	0.01386	0.00991	0.01327	0.01551	0.01648	0.00932	0.01083	0.01632	0.02211	0.02961	0.10040	0.52024	0.07383	0.03279	0.01393	0.00440	0.00657	0.07126	0.01027	0.00909
66	0.01693	0.01368	0.02012	0.01934	0.02097	0.01687	0.01530	0.02058	0.01739	0.02546	0.02677	0.03973	0.02514	0.07150	0.48549	0.01543	0.12220	0.01133	0.00567	0.01009
67	0.18959	0.37130	0.09019	0.01882	0.02807	0.03453	0.01874	0.03458	0.02221	0.08125	0.01815	0.01987	0.01466	0.01000	0.00761	0.00278	0.01107	0.00653	0.00598	0.01409
68	0.04073	0.05197	0.03090	0.02809	0.03371	0.57303	0.02107	0.04354	0.03090	0.02669	0.01685	0.01966	0.01404	0.01124	0.00983	0.00281	0.01966	0.00702	0.00562	0.01264
69	0.02472	0.02369	0.11952	0.01897	0.02706	0.01631	0.01777	0.03274	0.07128	0.12806	0.08709	0.09142	0.11214	0.01635	0.01089	0.00315	0.00905	0.01371	0.00911	0.16695
70	0.13366	0.02802	0.11394	0.02509	0.07857	0.02235	0.02100	0.11519	0.02860	0.13870	0.02435	0.02559	0.01760	0.01074	0.00950	0.00293	0.01077	0.00832	0.00813	0.17694
71	0.02269	0.02153	0.03650	0.41844	0.23082	0.02478	0.03133	0.02970	0.02280	0.03041	0.01975	0.02838	0.01543	0.01051	0.01087	0.00350	0.01401	0.00970	0.00503	0.01381
72	0.01567	0.01129	0.01555	0.01555	0.01682	0.01256	0.01117	0.01820	0.01694	0.02385	0.03101	0.05282	0.03159	0.26912	0.39219	0.01509	0.02268	0.01314	0.00611	0.00864
73	0.69383	0.02109	0.01603	0.01434	0.02109	0.02446	0.01181	0.03205	0.01856	0.04892	0.01518	0.01771	0.01181	0.01012	0.00675	0.00337	0.00843	0.00590	0.00675	0.01181
74	0.03487	0.01924	0.02407	0.01858	0.02700	0.01645	0.01527	0.07454	0.02869	0.26156	0.03354	0.03826	0.02524	0.01279	0.01017	0.00281	0.00907	0.05139	0.01014	0.28634
75	0.01831	0.01938	0.09619	0.01701	0.02215	0.01433	0.01541	0.06216	0.03093	0.04338	0.39312	0.07004	0.11445	0.02017	0.01234	0.00344	0.00734	0.01743	0.01069	0.01174
76	0.02011	0.01243	0.01467	0.01395	0.01804	0.01081	0.01085	0.02349	0.02626	0.12652	0.12936	0.13300	0.32849	0.02532	0.01281	0.00378	0.00664	0.06153	0.01090	0.01105
77	0.04400	0.02405	0.02841	0.02204	0.03042	0.02449	0.01812	0.24910	0.07954	0.30788	0.03595	0.03274	0.02390	0.01343	0.01095	0.00336	0.01038	0.01058	0.01220	0.01845
78	0.10092	0.02765	0.02996	0.02316	0.03166	0.02994	0.01913	0.39101	0.04492	0.15037	0.02808	0.02729	0.01939	0.01289	0.01055	0.00330	0.01121	0.00966	0.01098	0.01794
79	0.01328	0.01042	0.01203	0.01298	0.01532	0.00916	0.00922	0.01592	0.02379	0.03012	0.13005	0.30843	0.31100	0.02979	0.01330	0.00396	0.00581	0.02596	0.01030	0.00916
80	0.02261	0.01938	0.02261	0.01615	0.02584	0.01453	0.01292	0.02745	0.02261	0.03553	0.01938	0.02261	0.01615	0.00807	0.00807	0.00161	0.00807	0.00646	0.00646	0.68346
81	0.03248	0.01999	0.02999	0.02444	0.02915	0.02230	0.06214	0.03648	0.02344	0.23814	0.02920	0.03315	0.02196	0.02757	0.12335	0.00648	0.20601	0.01080	0.00851	0.01441
82	0.01430	0.01040	0.01363	0.01542	0.01694	0.00973	0.01125	0.01730	0.02347	0.03120	0.13737	0.40086	0.11822	0.03108	0.01386	0.00431	0.00671	0.10424	0.01039	0.00931
83	0.01321	0.00978	0.01235	0.01442	0.01561	0.00892	0.00978	0.01527	0.02161	0.02813	0.06941	0.51630	0.15949	0.03295	0.01373	0.00429	0.00618	0.02952	0.01012	0.00892
84	0.09430	0.02793	0.02931	0.02285	0.03086	0.03092	0.01881	0.42868	0.04599	0.06455	0.02609	0.02676	0.01882	0.01281	0.01027	0.00322	0.01108	0.00952	0.07001	0.01723
85	0.02059	0.01938	0.03270	0.59060	0.07510	0.02422	0.03028	0.02786	0.02180	0.02786	0.01938	0.02907	0.01453	0.01090	0.01090	0.00363	0.01453	0.00969	0.00484	0.01211
86	0.01493	0.01052	0.01283	0.01344	0.01420	0.01049	0.00864	0.01621	0.01811	0.02410	0.04654	0.19963	0.09040	0.34557	0.11804	0.00951	0.01185	0.01952	0.00765	0.00784

[dist]
# distance from previous block
# <min> <max>
0	105

# created by:
# /st0/software/busco_prod/Augustus/scripts/msa2prfl.pl ./align_prep/7167.fa
