[name]
unknown

[dist]
# distance from previous block
# <min> <max>
10	176

[block]
# block no. 0 follows, 16 sequences, length 7
# corresponding to MSA columns:
# 180-186
name=unknown_A
#
# <colnr> <probs for GDERKNQSTAVLIFYWHMCP>
#	G	D	E	R	K	N	Q	S	T	A	V	L	I	F	Y	W	H	M	C	P
0	0.01409	0.00940	0.01057	0.01057	0.01057	0.00940	0.00587	0.01409	0.01409	0.01879	0.03054	0.06342	0.03524	0.65938	0.04933	0.00940	0.00940	0.01409	0.00587	0.00587
1	0.11093	0.06431	0.02581	0.05191	0.07310	0.02257	0.01663	0.14470	0.13505	0.17814	0.02907	0.05934	0.02205	0.01211	0.00921	0.00302	0.00904	0.00972	0.00878	0.01449
2	0.02629	0.02375	0.02552	0.02256	0.02506	0.14680	0.01838	0.02909	0.02022	0.10667	0.02231	0.03366	0.02016	0.02007	0.06524	0.00457	0.30252	0.06979	0.00612	0.01123
3	0.01857	0.01460	0.01673	0.01653	0.01952	0.01571	0.01214	0.08191	0.21629	0.03385	0.04557	0.37639	0.04739	0.02253	0.01123	0.00361	0.00684	0.01992	0.00937	0.01132
4	0.02103	0.02376	0.17109	0.01980	0.05411	0.01649	0.01760	0.08890	0.02254	0.07052	0.08169	0.04190	0.02972	0.23591	0.02334	0.00514	0.01026	0.01097	0.00671	0.04851
5	0.02857	0.01580	0.01881	0.01574	0.02000	0.01575	0.01178	0.15717	0.02632	0.21336	0.03321	0.09587	0.02973	0.24583	0.02417	0.00535	0.00901	0.01262	0.00898	0.01193
6	0.01595	0.00972	0.01295	0.01364	0.01540	0.00891	0.00964	0.01854	0.02167	0.09595	0.17567	0.44724	0.06569	0.02579	0.01185	0.00362	0.00569	0.02317	0.00973	0.00917

[dist]
# distance from previous block
# <min> <max>
0	7

[block]
# block no. 1 follows, 16 sequences, length 10
# corresponding to MSA columns:
# 194-203
name=unknown_B
#
# <colnr> <probs for GDERKNQSTAVLIFYWHMCP>
#	G	D	E	R	K	N	Q	S	T	A	V	L	I	F	Y	W	H	M	C	P
0	0.03711	0.04248	0.02684	0.02400	0.02931	0.54478	0.01817	0.03977	0.02750	0.09638	0.01789	0.01941	0.01392	0.01024	0.00886	0.00256	0.01633	0.00668	0.00587	0.01189
1	0.24370	0.01627	0.01765	0.01486	0.02062	0.01662	0.01199	0.03659	0.08732	0.25545	0.09241	0.03280	0.02815	0.01203	0.00854	0.00297	0.00721	0.00933	0.07243	0.01305
2	0.02922	0.01482	0.01911	0.01639	0.02136	0.01399	0.01317	0.09866	0.02818	0.27941	0.16044	0.12416	0.04614	0.01753	0.01083	0.00328	0.00751	0.07208	0.01071	0.01300
3	0.01829	0.01686	0.03162	0.02420	0.02957	0.01588	0.25118	0.02402	0.02339	0.03332	0.22402	0.04696	0.04477	0.07083	0.01426	0.00362	0.01014	0.01353	0.09301	0.01056
4	0.11848	0.01828	0.02167	0.01702	0.02391	0.01791	0.01399	0.15070	0.02946	0.37506	0.03167	0.02928	0.02096	0.01151	0.00903	0.00291	0.00832	0.00895	0.07580	0.01511
5	0.02388	0.01141	0.01545	0.01442	0.01755	0.01029	0.01067	0.02548	0.02141	0.22853	0.07162	0.27292	0.06930	0.02364	0.01566	0.12394	0.00693	0.01721	0.00933	0.01037
6	0.02196	0.01257	0.01560	0.01474	0.01831	0.01202	0.01118	0.02827	0.09943	0.17401	0.10179	0.24909	0.10928	0.02084	0.01099	0.00341	0.00647	0.03900	0.03975	0.01129
7	0.24879	0.01394	0.01400	0.01223	0.01696	0.01434	0.00979	0.03052	0.02094	0.17871	0.02752	0.02891	0.02010	0.01074	0.00726	0.00267	0.00638	0.00801	0.31685	0.01133
8	0.01349	0.00909	0.01052	0.01126	0.01210	0.00871	0.00718	0.01485	0.01724	0.02362	0.04634	0.25617	0.11141	0.30265	0.02778	0.00605	0.00706	0.01867	0.08864	0.00717
9	0.09751	0.01150	0.01345	0.01282	0.01579	0.01094	0.00941	0.02167	0.02177	0.12013	0.17538	0.20038	0.12917	0.09822	0.01539	0.00405	0.00636	0.01733	0.00914	0.00961

[dist]
# distance from previous block
# <min> <max>
4	21

[block]
# block no. 2 follows, 16 sequences, length 52
# corresponding to MSA columns:
# 225-276
name=unknown_C
#
# <colnr> <probs for GDERKNQSTAVLIFYWHMCP>
#	G	D	E	R	K	N	Q	S	T	A	V	L	I	F	Y	W	H	M	C	P
0	0.19483	0.05734	0.02329	0.01908	0.04798	0.02321	0.01480	0.17580	0.09598	0.04383	0.11284	0.03024	0.02810	0.01220	0.00986	0.00294	0.03971	0.00920	0.00797	0.05080
1	0.27934	0.01854	0.02133	0.11713	0.05598	0.02020	0.01573	0.10597	0.02458	0.14968	0.08014	0.02794	0.02287	0.01115	0.00856	0.00302	0.00884	0.00856	0.00782	0.01262
2	0.02266	0.13617	0.11265	0.02134	0.08508	0.01922	0.01771	0.02768	0.02204	0.10641	0.09758	0.03496	0.07074	0.01617	0.05351	0.00352	0.01027	0.00964	0.00677	0.12589
3	0.05003	0.06396	0.02017	0.06504	0.06383	0.01521	0.01396	0.02221	0.05131	0.03075	0.16592	0.16544	0.04747	0.02335	0.06724	0.00436	0.00921	0.06290	0.00771	0.04995
4	0.02814	0.01446	0.01872	0.01516	0.02110	0.01216	0.01196	0.03185	0.02436	0.28359	0.12133	0.12811	0.03796	0.01471	0.00974	0.00274	0.00701	0.01258	0.00974	0.19458
5	0.02417	0.01880	0.02365	0.01895	0.05160	0.01622	0.03794	0.10481	0.02451	0.07910	0.02179	0.05592	0.01813	0.00955	0.00832	0.00205	0.00829	0.00804	0.00688	0.46128
6	0.01987	0.01139	0.01596	0.10815	0.02271	0.01144	0.01171	0.02048	0.01795	0.11461	0.03545	0.08818	0.09750	0.11887	0.02553	0.24429	0.00857	0.01245	0.00668	0.00821
7	0.07453	0.01837	0.02417	0.11742	0.07125	0.02116	0.01777	0.02871	0.12422	0.02954	0.02014	0.02531	0.01670	0.01423	0.01737	0.08451	0.15582	0.00829	0.00573	0.12477
8	0.03016	0.13659	0.22575	0.02081	0.03048	0.02217	0.02201	0.08302	0.02550	0.23382	0.05696	0.02720	0.02123	0.01084	0.00907	0.00286	0.01066	0.00846	0.00773	0.01467
9	0.01329	0.01022	0.01407	0.01401	0.01613	0.01099	0.01081	0.01661	0.01797	0.02460	0.08609	0.05325	0.15903	0.05768	0.43562	0.01182	0.01953	0.01322	0.00648	0.00858
10	0.01992	0.00986	0.01369	0.01320	0.01449	0.00941	0.00906	0.01853	0.01619	0.11285	0.02799	0.13187	0.02806	0.12284	0.03111	0.38692	0.00810	0.01245	0.00645	0.00700
11	0.02021	0.01861	0.02940	0.20953	0.17643	0.02026	0.06280	0.06582	0.02305	0.03094	0.07588	0.03934	0.11347	0.01317	0.01183	0.00319	0.05656	0.01143	0.00613	0.01194
12	0.03069	0.01886	0.02235	0.01723	0.02426	0.01789	0.01399	0.19468	0.03115	0.20183	0.11746	0.03305	0.03006	0.01190	0.00934	0.00258	0.00812	0.00966	0.00948	0.19540
13	0.47947	0.01964	0.01828	0.01518	0.02176	0.02157	0.01252	0.11862	0.02342	0.15923	0.02003	0.02042	0.01417	0.01002	0.00734	0.00298	0.00816	0.00671	0.00780	0.01266
14	0.02378	0.01303	0.01591	0.01389	0.01833	0.01181	0.01082	0.06536	0.02610	0.21243	0.15517	0.12936	0.22567	0.01951	0.01089	0.00320	0.00640	0.01654	0.01028	0.01153
15	0.03066	0.02407	0.02560	0.02105	0.02770	0.02717	0.01693	0.31639	0.30586	0.05111	0.03113	0.02953	0.02285	0.01237	0.00978	0.00309	0.00921	0.00981	0.00978	0.01593
16	0.03215	0.04010	0.03650	0.02980	0.03625	0.43924	0.18446	0.03637	0.02607	0.02595	0.01639	0.02011	0.01316	0.00943	0.00956	0.00273	0.01713	0.00782	0.00497	0.01179
17	0.02545	0.01650	0.01932	0.01703	0.02168	0.01719	0.01395	0.17951	0.07251	0.10713	0.12534	0.05467	0.04050	0.01651	0.01043	0.00323	0.00793	0.13022	0.10844	0.01245
18	0.01267	0.00944	0.01179	0.01210	0.01406	0.00856	0.00873	0.01592	0.02363	0.03194	0.32677	0.25331	0.18748	0.02400	0.01172	0.00336	0.00496	0.02118	0.00981	0.00856
19	0.40989	0.01770	0.01808	0.01484	0.02153	0.01826	0.01224	0.03720	0.02172	0.30466	0.02499	0.02376	0.01677	0.01039	0.00774	0.00300	0.00785	0.00734	0.00878	0.01328
20	0.01938	0.01596	0.01903	0.01628	0.02245	0.01418	0.01336	0.02744	0.11086	0.03224	0.03116	0.04981	0.02940	0.01410	0.00950	0.00265	0.00779	0.16713	0.00737	0.38993
21	0.04037	0.01719	0.02240	0.01764	0.02482	0.01583	0.01442	0.04792	0.11660	0.51494	0.03843	0.03350	0.02489	0.01218	0.00977	0.00305	0.00815	0.00994	0.01165	0.01631
22	0.02343	0.01160	0.01339	0.01226	0.01565	0.01129	0.00930	0.02902	0.06535	0.16299	0.03584	0.09867	0.02954	0.05084	0.01070	0.00309	0.00600	0.01149	0.38864	0.01091
23	0.45861	0.02183	0.02449	0.01941	0.02642	0.02406	0.10108	0.15046	0.02409	0.04546	0.01668	0.01911	0.01252	0.00946	0.00771	0.00302	0.00963	0.00703	0.00666	0.01226
24	0.02201	0.02202	0.01918	0.01920	0.02220	0.19699	0.01514	0.04964	0.02331	0.02720	0.03521	0.14744	0.03698	0.02887	0.10917	0.00550	0.01385	0.18914	0.00718	0.00978
25	0.01829	0.03349	0.32510	0.02511	0.03461	0.01937	0.10812	0.02657	0.02182	0.03146	0.13633	0.03585	0.05598	0.01504	0.03821	0.00371	0.04205	0.01070	0.00581	0.01239
26	0.04348	0.01649	0.02249	0.01724	0.02474	0.01425	0.01425	0.04723	0.02774	0.60564	0.03824	0.03299	0.02399	0.01200	0.00975	0.00300	0.00825	0.00975	0.01200	0.01649
27	0.01181	0.00843	0.01125	0.01350	0.01406	0.00787	0.00900	0.01350	0.01856	0.02474	0.05342	0.65306	0.06410	0.03036	0.01237	0.00394	0.00562	0.02755	0.00900	0.00787
28	0.02226	0.02126	0.03622	0.23484	0.43709	0.02257	0.02888	0.02823	0.02125	0.02957	0.01793	0.02455	0.01461	0.00896	0.00962	0.00299	0.01194	0.00863	0.00465	0.01396
29	0.02136	0.02241	0.01957	0.01873	0.02156	0.21648	0.01434	0.02449	0.01957	0.02291	0.02227	0.03116	0.02028	0.05163	0.41531	0.01118	0.02311	0.00899	0.00513	0.00952
30	0.01251	0.00986	0.01128	0.01092	0.01374	0.00863	0.00819	0.01594	0.02457	0.03208	0.32845	0.08358	0.36105	0.02235	0.01144	0.00317	0.00475	0.01909	0.00978	0.00863
31	0.03389	0.02568	0.02742	0.02170	0.02893	0.02868	0.01771	0.44712	0.16987	0.05632	0.02702	0.02626	0.01952	0.01199	0.00973	0.00300	0.00997	0.00924	0.00973	0.01622
32	0.01391	0.01015	0.01438	0.01438	0.01570	0.01147	0.01062	0.01654	0.01522	0.02161	0.02705	0.04413	0.02686	0.21274	0.48452	0.01410	0.02201	0.01127	0.00535	0.00799
33	0.02675	0.02003	0.02288	0.01687	0.02515	0.01796	0.01370	0.18244	0.02804	0.08498	0.02061	0.02202	0.01572	0.00884	0.00810	0.00198	0.00827	0.00692	0.00737	0.46138
34	0.03759	0.01781	0.02232	0.01800	0.02488	0.01724	0.01458	0.04853	0.19612	0.43379	0.03860	0.03395	0.02569	0.01235	0.00978	0.00309	0.00807	0.01011	0.01135	0.01614
35	0.02288	0.02614	0.05719	0.04085	0.05065	0.02451	0.56373	0.03105	0.02288	0.03105	0.01961	0.02614	0.01471	0.00817	0.01144	0.00327	0.01634	0.01144	0.00490	0.01307
36	0.01538	0.01166	0.01439	0.01340	0.01620	0.01155	0.01014	0.02362	0.11635	0.03914	0.50484	0.06658	0.08152	0.01874	0.01118	0.00309	0.00507	0.01647	0.01054	0.01014
37	0.01242	0.00887	0.01195	0.01419	0.01502	0.00840	0.01006	0.01455	0.01916	0.02543	0.05308	0.56579	0.06277	0.02979	0.01253	0.00402	0.00615	0.10879	0.00899	0.00804
38	0.24892	0.01707	0.01944	0.01574	0.02239	0.01681	0.01289	0.04022	0.05543	0.37253	0.06057	0.03004	0.02382	0.01157	0.00870	0.00302	0.00779	0.00886	0.00998	0.01421
39	0.02399	0.02303	0.03934	0.05949	0.59893	0.02303	0.02974	0.02974	0.02207	0.03166	0.01823	0.02399	0.01535	0.00864	0.00960	0.00288	0.01151	0.00864	0.00480	0.01535
40	0.03684	0.02715	0.02909	0.02230	0.03006	0.03006	0.01842	0.56661	0.04557	0.06108	0.02327	0.02327	0.01648	0.01163	0.00970	0.00291	0.01067	0.00873	0.00970	0.01648
41	0.02624	0.01452	0.01594	0.01361	0.01799	0.01493	0.01079	0.13673	0.05888	0.13277	0.03147	0.03306	0.02331	0.01158	0.00801	0.00257	0.00652	0.00920	0.41980	0.01208
42	0.02399	0.02303	0.03934	0.05949	0.59893	0.02303	0.02974	0.02974	0.02207	0.03166	0.01823	0.02399	0.01535	0.00864	0.00960	0.00288	0.01151	0.00864	0.00480	0.01535
43	0.01495	0.01094	0.01469	0.01656	0.01896	0.01068	0.01429	0.01909	0.02228	0.02855	0.05884	0.10675	0.14232	0.02642	0.01308	0.00427	0.00828	0.45132	0.00894	0.00881
44	0.01285	0.00965	0.01191	0.01182	0.01407	0.00870	0.00868	0.01644	0.02470	0.03348	0.38525	0.17072	0.21084	0.02267	0.01159	0.00325	0.00482	0.01986	0.00999	0.00870
45	0.02010	0.01723	0.02010	0.01436	0.02297	0.01292	0.01148	0.02440	0.02010	0.03158	0.01723	0.02010	0.01436	0.00718	0.00718	0.00144	0.00718	0.00574	0.00574	0.71863
46	0.01849	0.01096	0.01449	0.01300	0.01613	0.00996	0.00996	0.02294	0.02748	0.12983	0.50464	0.06607	0.08062	0.01856	0.01116	0.00304	0.00516	0.01628	0.01088	0.01032
47	0.01486	0.01062	0.01471	0.01671	0.01868	0.01047	0.01406	0.01889	0.02210	0.02908	0.09343	0.19375	0.05986	0.02681	0.01307	0.00427	0.00806	0.41271	0.00907	0.00877
48	0.01723	0.01030	0.01314	0.01313	0.01568	0.00922	0.00956	0.02000	0.02256	0.12122	0.17321	0.32599	0.16325	0.02410	0.01158	0.00347	0.00569	0.02125	0.00983	0.00958
49	0.23220	0.01289	0.01443	0.01485	0.01788	0.01372	0.01221	0.02125	0.01954	0.03251	0.09247	0.06409	0.03958	0.02173	0.01486	0.11839	0.00794	0.23332	0.00746	0.00867
50	0.72785	0.01874	0.01425	0.01275	0.01874	0.02174	0.01050	0.02849	0.01649	0.04348	0.01350	0.01574	0.01050	0.00900	0.00600	0.00300	0.00750	0.00525	0.00600	0.01050
51	0.01729	0.01368	0.01610	0.01551	0.01867	0.01445	0.01183	0.02957	0.22352	0.03660	0.27364	0.14931	0.06255	0.01954	0.01116	0.00337	0.00617	0.05591	0.01000	0.01115

[dist]
# distance from previous block
# <min> <max>
0	1

[block]
# block no. 3 follows, 16 sequences, length 31
# corresponding to MSA columns:
# 278-308
name=unknown_D
#
# <colnr> <probs for GDERKNQSTAVLIFYWHMCP>
#	G	D	E	R	K	N	Q	S	T	A	V	L	I	F	Y	W	H	M	C	P
0	0.01497	0.00958	0.01230	0.01313	0.01497	0.00868	0.00926	0.01732	0.02105	0.08133	0.12558	0.43798	0.14432	0.02645	0.01187	0.00364	0.00563	0.02356	0.00949	0.00889
1	0.29668	0.02290	0.02280	0.01974	0.02336	0.09821	0.01613	0.02946	0.01825	0.08588	0.01570	0.01975	0.01290	0.01257	0.01696	0.00343	0.26126	0.00708	0.00574	0.01119
2	0.60232	0.01889	0.01738	0.04787	0.06726	0.02146	0.01303	0.02935	0.01764	0.06989	0.01530	0.01777	0.01168	0.00915	0.00666	0.00300	0.00812	0.00591	0.00612	0.01119
3	0.02044	0.01937	0.03239	0.31507	0.31316	0.02118	0.02670	0.02625	0.02086	0.02813	0.02409	0.03029	0.06003	0.01037	0.00978	0.00307	0.01163	0.00956	0.00491	0.01272
4	0.02539	0.02270	0.02835	0.21222	0.13965	0.07048	0.02163	0.14989	0.10987	0.03586	0.02285	0.02856	0.01822	0.05782	0.01251	0.00350	0.01149	0.00920	0.00658	0.01321
5	0.01390	0.01015	0.01441	0.01441	0.01574	0.01148	0.01066	0.01656	0.01523	0.02164	0.02702	0.04397	0.02679	0.20904	0.48812	0.01414	0.02211	0.01125	0.00535	0.00801
6	0.11649	0.02309	0.02405	0.01952	0.02639	0.02546	0.01578	0.27947	0.21605	0.04937	0.02682	0.02629	0.01986	0.01139	0.00906	0.00291	0.00896	0.00875	0.00892	0.08140
7	0.08845	0.01619	0.01999	0.06807	0.02554	0.01665	0.01450	0.07329	0.10029	0.22031	0.08144	0.07162	0.03389	0.04904	0.01221	0.00361	0.00839	0.07417	0.00945	0.01289
8	0.02008	0.01515	0.01909	0.02057	0.08955	0.01560	0.01321	0.15075	0.02551	0.03460	0.09100	0.23881	0.04310	0.15544	0.01912	0.00462	0.00827	0.01677	0.00815	0.01060
9	0.02136	0.11833	0.35996	0.03058	0.04268	0.02512	0.20577	0.03060	0.02116	0.02983	0.01763	0.02171	0.01309	0.00876	0.00957	0.00301	0.01449	0.00831	0.00436	0.01368
10	0.01385	0.01038	0.01558	0.01558	0.01731	0.01211	0.01211	0.01731	0.01558	0.02250	0.02596	0.03808	0.02423	0.07269	0.62098	0.01558	0.02596	0.01038	0.00519	0.00865
11	0.07106	0.01233	0.01523	0.01509	0.01816	0.01219	0.01160	0.02541	0.07692	0.12162	0.13688	0.26792	0.05383	0.02193	0.01125	0.00359	0.00671	0.09816	0.00960	0.01052
12	0.02135	0.01489	0.02072	0.01683	0.02122	0.01499	0.10117	0.11096	0.02569	0.03964	0.09778	0.03689	0.03005	0.01188	0.00859	0.00263	0.00747	0.01043	0.39591	0.01091
13	0.02173	0.01226	0.01559	0.01486	0.01840	0.01188	0.01210	0.02787	0.06780	0.14696	0.17910	0.06608	0.05071	0.01825	0.01070	0.00333	0.00681	0.16586	0.13872	0.01099
14	0.05451	0.01594	0.01862	0.01636	0.02093	0.01615	0.01267	0.15109	0.06785	0.15874	0.08260	0.22515	0.08070	0.01891	0.01063	0.00331	0.00743	0.01614	0.00985	0.01242
15	0.10399	0.01095	0.01290	0.01324	0.01521	0.01084	0.00940	0.01929	0.01915	0.07669	0.09254	0.29031	0.04932	0.17110	0.01994	0.00496	0.00710	0.05610	0.00831	0.00866
16	0.01230	0.00985	0.01099	0.01070	0.01361	0.00854	0.00803	0.01554	0.02408	0.03090	0.28267	0.08550	0.40756	0.02278	0.01145	0.00319	0.00478	0.01937	0.00962	0.00854
17	0.23738	0.02051	0.02108	0.01765	0.02410	0.02256	0.01426	0.13801	0.20843	0.15619	0.02861	0.02717	0.02047	0.01142	0.00867	0.00308	0.00828	0.00863	0.00911	0.01435
18	0.02031	0.01087	0.01417	0.01376	0.01648	0.00982	0.00997	0.02282	0.02195	0.17466	0.12085	0.32713	0.09630	0.07608	0.01458	0.00398	0.00642	0.02004	0.00972	0.01010
19	0.72785	0.01874	0.01425	0.01275	0.01874	0.02174	0.01050	0.02849	0.01649	0.04348	0.01350	0.01574	0.01050	0.00900	0.00600	0.00300	0.00750	0.00525	0.00600	0.01050
20	0.01387	0.00978	0.01194	0.01140	0.01385	0.00897	0.00855	0.01807	0.02564	0.03636	0.43976	0.07148	0.16913	0.01957	0.01086	0.00299	0.00462	0.01698	0.09722	0.00897
21	0.12723	0.01689	0.01987	0.01608	0.02190	0.01668	0.01288	0.12559	0.02808	0.29068	0.12719	0.03830	0.03341	0.06662	0.01281	0.00352	0.00802	0.01066	0.01006	0.01354
22	0.02154	0.01143	0.01493	0.01417	0.01755	0.01024	0.01083	0.02465	0.02354	0.19555	0.14821	0.25032	0.13324	0.02212	0.01140	0.00346	0.00636	0.05963	0.01015	0.01071
23	0.01409	0.00940	0.01057	0.01057	0.01057	0.00940	0.00587	0.01409	0.01409	0.01879	0.03054	0.06342	0.03524	0.65938	0.04933	0.00940	0.00940	0.01409	0.00587	0.00587
24	0.15331	0.02656	0.02276	0.01903	0.02546	0.21337	0.01509	0.04138	0.02581	0.32350	0.02659	0.02510	0.01802	0.01085	0.00880	0.00284	0.01114	0.00787	0.00873	0.01379
25	0.01928	0.01682	0.02690	0.05339	0.02915	0.01733	0.14478	0.06815	0.09144	0.03122	0.03515	0.15575	0.03488	0.06832	0.06485	0.00503	0.01174	0.10746	0.00740	0.01097
26	0.25285	0.02073	0.02878	0.12317	0.22000	0.02263	0.06018	0.03138	0.08905	0.03556	0.01926	0.02323	0.01512	0.00943	0.00860	0.00305	0.01029	0.00802	0.00575	0.01292
27	0.23521	0.02240	0.02563	0.02537	0.12672	0.02405	0.01751	0.23849	0.03034	0.13214	0.02179	0.02267	0.01567	0.01040	0.00862	0.00294	0.00954	0.00786	0.00810	0.01455
28	0.03263	0.12390	0.10348	0.05404	0.03225	0.02860	0.02040	0.34837	0.03574	0.09490	0.02200	0.02271	0.01579	0.01076	0.00912	0.00283	0.01099	0.00808	0.00808	0.01531
29	0.03160	0.02699	0.10008	0.02574	0.08339	0.02566	0.02094	0.27789	0.09926	0.12023	0.02512	0.02563	0.01810	0.01170	0.01140	0.00309	0.06035	0.00890	0.00843	0.01551
30	0.06271	0.02242	0.03287	0.11356	0.33345	0.02328	0.02434	0.13951	0.02613	0.03754	0.01881	0.02326	0.01495	0.00926	0.00921	0.00280	0.01089	0.00820	0.00590	0.08092

[dist]
# distance from previous block
# <min> <max>
2	14

[block]
# block no. 4 follows, 16 sequences, length 31
# corresponding to MSA columns:
# 323-353
name=unknown_E
#
# <colnr> <probs for GDERKNQSTAVLIFYWHMCP>
#	G	D	E	R	K	N	Q	S	T	A	V	L	I	F	Y	W	H	M	C	P
0	0.03413	0.01905	0.05387	0.01815	0.02462	0.01719	0.01553	0.12272	0.02937	0.34454	0.13875	0.03753	0.03430	0.01357	0.01135	0.00307	0.04630	0.01085	0.01048	0.01462
1	0.14693	0.02166	0.02300	0.01876	0.02507	0.05730	0.01521	0.17803	0.07408	0.23539	0.02843	0.05495	0.02088	0.01249	0.01032	0.00307	0.04128	0.00940	0.00930	0.01442
2	0.02245	0.09184	0.07009	0.01630	0.02340	0.06394	0.01418	0.02597	0.02080	0.06316	0.06458	0.02559	0.02096	0.01227	0.01165	0.09048	0.00893	0.00736	0.00596	0.34009
3	0.12000	0.14210	0.02957	0.02211	0.02776	0.45312	0.01737	0.03589	0.02486	0.02601	0.01456	0.01695	0.01223	0.00959	0.00800	0.00249	0.01510	0.00595	0.00498	0.01134
4	0.03342	0.02002	0.02363	0.01798	0.02554	0.01915	0.01470	0.22200	0.03204	0.23440	0.06100	0.02866	0.02296	0.01111	0.00918	0.00257	0.00860	0.00884	0.00952	0.19468
5	0.03002	0.01659	0.02057	0.01625	0.02322	0.01454	0.01297	0.03695	0.09876	0.28113	0.03263	0.08564	0.02513	0.01219	0.00913	0.00259	0.00757	0.01017	0.00931	0.25464
6	0.01280	0.00925	0.01275	0.01393	0.01486	0.00959	0.00979	0.01495	0.01698	0.02327	0.04089	0.36399	0.04639	0.11509	0.23822	0.00878	0.01345	0.01981	0.00727	0.00794
7	0.72785	0.01874	0.01425	0.01275	0.01874	0.02174	0.01050	0.02849	0.01649	0.04348	0.01350	0.01574	0.01050	0.00900	0.00600	0.00300	0.00750	0.00525	0.00600	0.01050
8	0.01311	0.00964	0.01373	0.01443	0.01582	0.01026	0.01065	0.01609	0.01809	0.02531	0.10576	0.25819	0.04653	0.05130	0.33203	0.00994	0.01618	0.01729	0.00720	0.00844
9	0.15137	0.02185	0.02293	0.01878	0.02522	0.02409	0.01511	0.24881	0.17575	0.11788	0.02801	0.02856	0.02074	0.04448	0.01112	0.00336	0.00898	0.00911	0.00920	0.01463
10	0.01181	0.00843	0.01125	0.01350	0.01406	0.00787	0.00900	0.01350	0.01856	0.02474	0.05342	0.65306	0.06410	0.03036	0.01237	0.00394	0.00562	0.02755	0.00900	0.00787
11	0.01544	0.00957	0.01012	0.01040	0.01301	0.00900	0.00807	0.01923	0.02119	0.03176	0.05742	0.06523	0.22880	0.01786	0.00923	0.00289	0.00520	0.07786	0.37899	0.00872
12	0.07944	0.01257	0.01504	0.01406	0.01698	0.01226	0.01008	0.05647	0.02098	0.16372	0.03854	0.25648	0.03955	0.19441	0.02114	0.00506	0.00773	0.01674	0.00865	0.01010
13	0.01832	0.01067	0.01378	0.01319	0.01605	0.00958	0.00980	0.02160	0.02415	0.13706	0.26576	0.23978	0.13816	0.02213	0.01140	0.00333	0.00560	0.01946	0.01020	0.00999
14	0.03367	0.03508	0.02657	0.02287	0.02843	0.33806	0.01780	0.22137	0.03235	0.03668	0.01925	0.02206	0.01534	0.01831	0.08471	0.00426	0.01613	0.00763	0.00667	0.01276
15	0.01181	0.00843	0.01125	0.01350	0.01406	0.00787	0.00900	0.01350	0.01856	0.02474	0.05342	0.65306	0.06410	0.03036	0.01237	0.00394	0.00562	0.02755	0.00900	0.00787
16	0.10383	0.01380	0.01667	0.01422	0.01880	0.01315	0.01106	0.03112	0.05280	0.24562	0.21487	0.04981	0.07181	0.08297	0.01412	0.00372	0.00693	0.01275	0.01002	0.01193
17	0.01689	0.01025	0.01318	0.01349	0.01512	0.00976	0.00964	0.01906	0.01981	0.08923	0.11071	0.23345	0.05231	0.23164	0.02418	0.00559	0.00754	0.10115	0.00850	0.00850
18	0.02591	0.66522	0.05079	0.01658	0.02488	0.03835	0.01658	0.02902	0.01969	0.02280	0.01347	0.01555	0.01244	0.00829	0.00622	0.00207	0.01036	0.00518	0.00415	0.01244
19	0.48438	0.01717	0.01583	0.01359	0.01929	0.01858	0.01089	0.03142	0.01894	0.17616	0.02133	0.02515	0.01647	0.08137	0.01167	0.00370	0.00789	0.00731	0.00743	0.01143
20	0.01347	0.01008	0.01353	0.01339	0.01526	0.01058	0.01001	0.01655	0.01869	0.02574	0.14583	0.05663	0.13050	0.12738	0.33639	0.01045	0.01646	0.01382	0.00693	0.00833
21	0.02411	0.02082	0.02192	0.01972	0.02520	0.02411	0.01534	0.05150	0.58142	0.04054	0.03945	0.03616	0.02959	0.01315	0.00986	0.00329	0.00767	0.01096	0.00986	0.01534
22	0.20367	0.03396	0.02393	0.02084	0.02670	0.33653	0.01621	0.10240	0.02709	0.09721	0.01821	0.01948	0.01377	0.01017	0.00831	0.00272	0.01322	0.00670	0.00659	0.01229
23	0.20525	0.01645	0.01975	0.01623	0.02278	0.01571	0.01349	0.03973	0.02443	0.40671	0.03372	0.03725	0.02424	0.01290	0.00924	0.00316	0.00814	0.06639	0.01021	0.01422
24	0.02581	0.01256	0.01671	0.01562	0.01941	0.01151	0.01189	0.02978	0.05004	0.26733	0.04630	0.33206	0.04523	0.02167	0.01122	0.00355	0.00701	0.05013	0.01028	0.01189
25	0.02288	0.02614	0.05719	0.04085	0.05065	0.02451	0.56373	0.03105	0.02288	0.03105	0.01961	0.02614	0.01471	0.00817	0.01144	0.00327	0.01634	0.01144	0.00490	0.01307
26	0.02591	0.66522	0.05079	0.01658	0.02488	0.03835	0.01658	0.02902	0.01969	0.02280	0.01347	0.01555	0.01244	0.00829	0.00622	0.00207	0.01036	0.00518	0.00415	0.01244
27	0.02078	0.03284	0.29067	0.12573	0.08487	0.02246	0.02819	0.02812	0.01983	0.05920	0.02258	0.02686	0.04880	0.01181	0.01383	0.00331	0.13360	0.00872	0.00494	0.01286
28	0.01231	0.00962	0.01115	0.01126	0.01374	0.00847	0.00826	0.01538	0.02338	0.03040	0.26479	0.17814	0.33080	0.02384	0.01160	0.00330	0.00491	0.02060	0.00959	0.00847
29	0.02564	0.02762	0.03007	0.03542	0.22622	0.19583	0.02159	0.02889	0.02094	0.02581	0.01751	0.02632	0.01636	0.09139	0.01950	0.00389	0.16168	0.00858	0.00486	0.01187
30	0.02324	0.02353	0.10933	0.26533	0.18555	0.02180	0.02625	0.03137	0.06613	0.09248	0.02140	0.02606	0.01599	0.01022	0.01060	0.00315	0.03978	0.00873	0.00569	0.01338

[dist]
# distance from previous block
# <min> <max>
0	10

[block]
# block no. 5 follows, 16 sequences, length 28
# corresponding to MSA columns:
# 364-391
name=unknown_F
#
# <colnr> <probs for GDERKNQSTAVLIFYWHMCP>
#	G	D	E	R	K	N	Q	S	T	A	V	L	I	F	Y	W	H	M	C	P
0	0.02456	0.01950	0.03086	0.28084	0.23893	0.02126	0.02478	0.03265	0.08253	0.11357	0.02305	0.02737	0.01718	0.01004	0.00968	0.00308	0.01119	0.00904	0.00620	0.01367
1	0.02351	0.02348	0.02521	0.02228	0.02461	0.13118	0.01789	0.06740	0.06367	0.02736	0.01921	0.02595	0.01707	0.02855	0.16742	0.00651	0.28346	0.00875	0.00545	0.01105
2	0.02799	0.01947	0.05441	0.18092	0.12631	0.01760	0.02036	0.03322	0.02278	0.22052	0.02437	0.02647	0.01725	0.00974	0.00915	0.00272	0.01002	0.00833	0.00723	0.16114
3	0.12521	0.06277	0.03127	0.14624	0.24793	0.02433	0.02279	0.03102	0.09730	0.03201	0.01947	0.02400	0.01574	0.01025	0.01096	0.00309	0.06873	0.00822	0.00549	0.01318
4	0.16339	0.02971	0.10278	0.01955	0.02704	0.15717	0.01726	0.05614	0.11971	0.03475	0.02012	0.02162	0.01562	0.00967	0.00815	0.00259	0.01081	0.00698	0.00627	0.17066
5	0.03573	0.02917	0.02831	0.02218	0.02961	0.11065	0.01804	0.46034	0.04150	0.05411	0.02175	0.02227	0.01580	0.01113	0.00941	0.00276	0.01139	0.00820	0.00880	0.05884
6	0.02655	0.01473	0.01884	0.01549	0.02119	0.01295	0.01255	0.05680	0.02627	0.22915	0.19217	0.04916	0.04412	0.01475	0.01005	0.00282	0.00716	0.06790	0.00980	0.16752
7	0.01353	0.01054	0.01381	0.01420	0.01566	0.01121	0.01056	0.01590	0.01790	0.02391	0.04912	0.21566	0.15527	0.10820	0.19069	0.00775	0.06135	0.04931	0.00720	0.00822
8	0.02256	0.03389	0.22331	0.02669	0.03304	0.10713	0.07494	0.02791	0.01905	0.02612	0.01549	0.02144	0.01299	0.01370	0.01963	0.05009	0.24792	0.00800	0.00435	0.01174
9	0.02506	0.01958	0.02672	0.02280	0.02827	0.02051	0.09253	0.23881	0.03163	0.04204	0.03578	0.06362	0.03448	0.01818	0.01165	0.00368	0.01064	0.25283	0.00867	0.01250
10	0.01562	0.01116	0.01562	0.01785	0.02008	0.01116	0.01562	0.02008	0.02231	0.02900	0.05132	0.10933	0.05578	0.02677	0.01339	0.00446	0.00892	0.53369	0.00892	0.00892
11	0.01997	0.01004	0.01204	0.01199	0.01450	0.00947	0.00880	0.02333	0.02090	0.12532	0.04059	0.25891	0.03891	0.01831	0.00929	0.00299	0.00553	0.01585	0.34343	0.00984
12	0.01617	0.00886	0.01329	0.01329	0.01367	0.00924	0.00924	0.01367	0.01329	0.01810	0.01888	0.03139	0.01849	0.04240	0.16829	0.56091	0.01234	0.00886	0.00443	0.00520
13	0.01818	0.01419	0.01734	0.01769	0.02101	0.01518	0.01463	0.03027	0.20876	0.03420	0.12239	0.07991	0.05201	0.02129	0.01195	0.00388	0.00791	0.28866	0.00948	0.01109
14	0.03620	0.04619	0.02747	0.02497	0.02996	0.62047	0.01873	0.03870	0.02747	0.02372	0.01498	0.01748	0.01248	0.00999	0.00874	0.00250	0.01748	0.00624	0.00499	0.01124
15	0.02084	0.01093	0.01366	0.01287	0.01485	0.01025	0.00864	0.02214	0.01846	0.16498	0.03756	0.18778	0.03892	0.35890	0.03129	0.00660	0.00827	0.01603	0.00808	0.00894
16	0.09811	0.01386	0.01620	0.01452	0.01690	0.01484	0.01053	0.13845	0.02062	0.02989	0.01981	0.03128	0.01861	0.11259	0.02970	0.38247	0.00896	0.00893	0.00586	0.00787
17	0.25782	0.01743	0.01646	0.01452	0.01951	0.01958	0.01156	0.10633	0.14965	0.04302	0.02622	0.02759	0.01999	0.01100	0.00762	0.00283	0.00707	0.00817	0.22164	0.01198
18	0.17024	0.01659	0.01909	0.01562	0.02135	0.01646	0.01232	0.07164	0.05817	0.31802	0.03109	0.03476	0.02327	0.13009	0.01627	0.00418	0.00843	0.00967	0.00942	0.01330
19	0.01663	0.01010	0.01305	0.01321	0.01552	0.00912	0.00955	0.01943	0.02254	0.10885	0.19450	0.34829	0.13314	0.02440	0.01165	0.00350	0.00563	0.02164	0.00984	0.00943
20	0.11580	0.01199	0.01504	0.01409	0.01699	0.01273	0.01081	0.02199	0.01952	0.09198	0.15304	0.04473	0.03847	0.10600	0.27428	0.00903	0.01499	0.01159	0.00734	0.00958
21	0.02926	0.01554	0.01933	0.01670	0.02126	0.05266	0.01320	0.03261	0.02199	0.29673	0.03127	0.03574	0.02396	0.07248	0.26185	0.00846	0.01616	0.01002	0.00842	0.01236
22	0.10129	0.01232	0.01366	0.01325	0.01621	0.01248	0.00988	0.07585	0.02312	0.06352	0.10701	0.26106	0.07243	0.01961	0.00993	0.00320	0.00610	0.01682	0.15239	0.00989
23	0.12683	0.01414	0.01681	0.01430	0.01946	0.01287	0.01115	0.02793	0.02286	0.18906	0.14686	0.14973	0.04128	0.01558	0.00952	0.00288	0.00670	0.01316	0.00908	0.14977
24	0.01523	0.01087	0.01369	0.01345	0.01493	0.01165	0.00948	0.01901	0.07671	0.02280	0.03432	0.05005	0.08005	0.24814	0.23093	0.10822	0.01419	0.01232	0.00614	0.00781
25	0.02089	0.01124	0.01504	0.01536	0.01823	0.01056	0.01222	0.02431	0.02210	0.15737	0.04693	0.25906	0.04799	0.02294	0.01153	0.00373	0.00723	0.19689	0.08608	0.01029
26	0.01602	0.01110	0.01273	0.01270	0.01415	0.01121	0.00833	0.02052	0.09472	0.04848	0.04236	0.18958	0.08384	0.35576	0.03117	0.00661	0.00794	0.01691	0.00761	0.00825
27	0.13723	0.01236	0.01475	0.01382	0.01733	0.01195	0.01045	0.02489	0.02291	0.16108	0.20468	0.23723	0.05453	0.01962	0.01046	0.00331	0.00620	0.01694	0.00967	0.01060

[dist]
# distance from previous block
# <min> <max>
1	10

[block]
# block no. 6 follows, 16 sequences, length 16
# corresponding to MSA columns:
# 402-417
name=unknown_G
#
# <colnr> <probs for GDERKNQSTAVLIFYWHMCP>
#	G	D	E	R	K	N	Q	S	T	A	V	L	I	F	Y	W	H	M	C	P
0	0.35708	0.02233	0.02048	0.09091	0.02786	0.08795	0.01487	0.11823	0.02403	0.09606	0.01887	0.02092	0.01390	0.01001	0.00774	0.00292	0.00971	0.00693	0.03708	0.01210
1	0.02734	0.02134	0.03501	0.02652	0.03384	0.02115	0.22157	0.10775	0.11973	0.14062	0.10919	0.03528	0.03009	0.01182	0.01064	0.00314	0.01100	0.01156	0.00847	0.01396
2	0.38911	0.01456	0.01366	0.01375	0.01775	0.01590	0.01109	0.02284	0.01857	0.03564	0.03553	0.15534	0.07633	0.01789	0.00917	0.00350	0.00727	0.12518	0.00740	0.00951
3	0.09364	0.02165	0.09297	0.05024	0.02836	0.01924	0.04589	0.08760	0.12747	0.12634	0.06423	0.03975	0.02789	0.01476	0.01168	0.04739	0.00956	0.07027	0.00817	0.01289
4	0.06173	0.24240	0.10296	0.02005	0.02791	0.06237	0.01886	0.13315	0.09299	0.09044	0.02132	0.02208	0.01627	0.01045	0.00920	0.00274	0.03701	0.00741	0.00675	0.01392
5	0.28548	0.01342	0.01398	0.01409	0.01757	0.01411	0.01085	0.02319	0.01911	0.08860	0.03664	0.28879	0.03902	0.02010	0.00983	0.00355	0.00697	0.07674	0.00815	0.00982
6	0.01400	0.00963	0.01180	0.01212	0.01399	0.00877	0.00850	0.01648	0.02149	0.05500	0.19970	0.26998	0.18519	0.10832	0.01667	0.00423	0.00581	0.02075	0.00916	0.00841
7	0.16286	0.04943	0.06691	0.15751	0.03507	0.05476	0.01871	0.07839	0.05846	0.19077	0.02383	0.02502	0.01670	0.01048	0.00878	0.00300	0.01036	0.00806	0.00752	0.01337
8	0.02002	0.01211	0.01395	0.01260	0.01432	0.01215	0.00820	0.07607	0.01904	0.09382	0.03070	0.05555	0.03192	0.51352	0.04041	0.00795	0.00939	0.01301	0.00701	0.00826
9	0.01808	0.00997	0.01035	0.01011	0.01261	0.01014	0.00763	0.02426	0.06170	0.03672	0.08666	0.03965	0.03164	0.01225	0.00745	0.00241	0.00475	0.01000	0.59412	0.00950
10	0.02225	0.01439	0.01997	0.19068	0.03219	0.01504	0.01558	0.06866	0.02392	0.14482	0.09834	0.15167	0.09800	0.04579	0.01233	0.00354	0.00860	0.01468	0.00836	0.01118
11	0.02387	0.02272	0.10185	0.32256	0.13014	0.02093	0.07681	0.03051	0.02161	0.12387	0.02111	0.02615	0.01520	0.00972	0.00979	0.00313	0.01243	0.00890	0.00569	0.01301
12	0.02015	0.01972	0.02571	0.02263	0.02322	0.05593	0.01840	0.02241	0.01560	0.02291	0.01646	0.02682	0.01629	0.06684	0.14364	0.00662	0.45305	0.00907	0.00456	0.00997
13	0.02224	0.01637	0.01964	0.01448	0.02229	0.01268	0.01157	0.02651	0.02179	0.10140	0.08027	0.02714	0.02361	0.00908	0.00793	0.00179	0.00703	0.00746	0.00701	0.55970
14	0.02806	0.19655	0.25963	0.02448	0.07714	0.02435	0.02448	0.03473	0.02239	0.18649	0.02217	0.02292	0.01578	0.00969	0.00862	0.00278	0.01142	0.00748	0.00633	0.01452
15	0.03000	0.01327	0.01793	0.01532	0.02015	0.01172	0.01198	0.03346	0.02561	0.35393	0.16013	0.18106	0.04741	0.01780	0.01070	0.00322	0.00687	0.01542	0.01104	0.01298

[dist]
# distance from previous block
# <min> <max>
0	25

[block]
# block no. 7 follows, 16 sequences, length 50
# corresponding to MSA columns:
# 443-492
name=unknown_H
#
# <colnr> <probs for GDERKNQSTAVLIFYWHMCP>
#	G	D	E	R	K	N	Q	S	T	A	V	L	I	F	Y	W	H	M	C	P
0	0.15573	0.01405	0.01622	0.01444	0.01861	0.01387	0.01085	0.03037	0.05186	0.23249	0.03538	0.16534	0.03243	0.14469	0.01752	0.00449	0.00776	0.01357	0.00893	0.01141
1	0.02294	0.01714	0.02184	0.17232	0.07153	0.07763	0.01694	0.02604	0.02101	0.11732	0.07475	0.08942	0.02798	0.02212	0.06984	0.11116	0.01167	0.01120	0.00669	0.01047
2	0.03088	0.42581	0.04001	0.01674	0.02445	0.02936	0.01561	0.03422	0.02204	0.20803	0.02198	0.02223	0.01671	0.01274	0.03853	0.00305	0.01048	0.00690	0.00669	0.01354
3	0.01307	0.00957	0.01058	0.01063	0.01323	0.00851	0.00786	0.01627	0.02269	0.03058	0.19895	0.13772	0.33108	0.02194	0.01080	0.00313	0.00484	0.01869	0.12134	0.00851
4	0.08856	0.01066	0.01255	0.01259	0.01510	0.01015	0.00924	0.01859	0.02258	0.06157	0.25356	0.26060	0.14368	0.02249	0.01110	0.00337	0.00546	0.01961	0.00945	0.00910
5	0.02084	0.01087	0.01423	0.01380	0.01669	0.00983	0.01016	0.02371	0.02254	0.18042	0.12773	0.33628	0.08036	0.02240	0.01111	0.00341	0.00605	0.01979	0.05936	0.01042
6	0.01365	0.00956	0.01227	0.01263	0.01327	0.01002	0.00835	0.01502	0.01527	0.02092	0.03272	0.14910	0.03633	0.37292	0.22514	0.01049	0.01406	0.01505	0.00615	0.00707
7	0.02771	0.01656	0.01791	0.01483	0.01969	0.01741	0.01189	0.22794	0.03051	0.10468	0.02919	0.03101	0.02164	0.01149	0.00817	0.00258	0.00720	0.00899	0.37800	0.01259
8	0.01217	0.00873	0.01132	0.01297	0.01381	0.00814	0.00871	0.01409	0.01939	0.02595	0.11423	0.51935	0.08968	0.07463	0.01491	0.00420	0.00575	0.02513	0.00896	0.00788
9	0.02950	0.01370	0.01614	0.01347	0.01826	0.01316	0.01077	0.08837	0.02572	0.25102	0.03322	0.03362	0.02366	0.01159	0.00819	0.00260	0.00655	0.00927	0.37862	0.01259
10	0.39837	0.02275	0.02132	0.01730	0.02414	0.02571	0.01428	0.28507	0.03036	0.05188	0.01816	0.01933	0.01335	0.01025	0.00776	0.00296	0.00901	0.00691	0.00776	0.01335
11	0.03731	0.01650	0.02141	0.01711	0.02375	0.01528	0.01389	0.04490	0.11573	0.45684	0.09623	0.03759	0.03190	0.01299	0.00994	0.00305	0.00777	0.01075	0.01152	0.01555
12	0.01413	0.00982	0.01194	0.01160	0.01405	0.00907	0.00883	0.01832	0.02510	0.03570	0.38891	0.07229	0.16531	0.01966	0.01080	0.00304	0.00487	0.04563	0.12197	0.00895
13	0.72785	0.01874	0.01425	0.01275	0.01874	0.02174	0.01050	0.02849	0.01649	0.04348	0.01350	0.01574	0.01050	0.00900	0.00600	0.00300	0.00750	0.00525	0.00600	0.01050
14	0.02288	0.02614	0.05719	0.04085	0.05065	0.02451	0.56373	0.03105	0.02288	0.03105	0.01961	0.02614	0.01471	0.00817	0.01144	0.00327	0.01634	0.01144	0.00490	0.01307
15	0.01543	0.01393	0.01368	0.01504	0.01636	0.09541	0.01040	0.01743	0.02046	0.02560	0.08633	0.52108	0.05868	0.02671	0.01179	0.00367	0.00724	0.02380	0.00854	0.00844
16	0.01473	0.00934	0.01033	0.01033	0.01069	0.00934	0.00602	0.01544	0.01508	0.02155	0.03071	0.05909	0.03358	0.55635	0.04257	0.00826	0.00862	0.01329	0.11832	0.00638
17	0.01169	0.00983	0.01014	0.01007	0.01324	0.00828	0.00755	0.01437	0.02265	0.02750	0.14974	0.09110	0.54261	0.02405	0.01145	0.00325	0.00487	0.02015	0.00917	0.00828
18	0.01365	0.00956	0.01227	0.01263	0.01327	0.01002	0.00835	0.01502	0.01527	0.02092	0.03272	0.14910	0.03633	0.37292	0.22514	0.01049	0.01406	0.01505	0.00615	0.00707
19	0.08481	0.01262	0.01594	0.01486	0.01667	0.01432	0.01102	0.02050	0.01609	0.07305	0.02588	0.04245	0.02542	0.26101	0.24049	0.00981	0.08941	0.01092	0.00598	0.00875
20	0.02411	0.02082	0.02192	0.01972	0.02520	0.02411	0.01534	0.05150	0.58142	0.04054	0.03945	0.03616	0.02959	0.01315	0.00986	0.00329	0.00767	0.01096	0.00986	0.01534
21	0.01145	0.00982	0.00982	0.00982	0.01309	0.00818	0.00736	0.01391	0.02209	0.02618	0.09818	0.09327	0.59499	0.02455	0.01145	0.00327	0.00491	0.02045	0.00900	0.00818
22	0.02285	0.02113	0.03168	0.16603	0.30658	0.02306	0.02458	0.03563	0.19929	0.03306	0.02477	0.02824	0.01937	0.01029	0.00970	0.00308	0.01058	0.00937	0.00631	0.01440
23	0.02277	0.02981	0.17988	0.20021	0.04227	0.06710	0.02494	0.07149	0.15403	0.03240	0.02244	0.02574	0.01688	0.01105	0.01111	0.00320	0.05690	0.00861	0.00598	0.01320
24	0.01409	0.00940	0.01057	0.01057	0.01057	0.00940	0.00587	0.01409	0.01409	0.01879	0.03054	0.06342	0.03524	0.65938	0.04933	0.00940	0.00940	0.01409	0.00587	0.00587
25	0.50475	0.22421	0.02586	0.01397	0.02069	0.02702	0.01243	0.02866	0.01751	0.03691	0.01349	0.01568	0.01111	0.00877	0.00607	0.00270	0.00841	0.00523	0.00541	0.01111
26	0.03384	0.02035	0.02371	0.01866	0.02517	0.02097	0.01522	0.29775	0.03649	0.21532	0.14962	0.03661	0.03470	0.01349	0.01008	0.00296	0.00866	0.01091	0.01058	0.01492
27	0.01211	0.00867	0.01152	0.01329	0.01412	0.00807	0.00902	0.01426	0.01997	0.02699	0.13933	0.56075	0.06845	0.02869	0.01222	0.00379	0.00546	0.02596	0.00926	0.00807
28	0.01293	0.00953	0.01210	0.01219	0.01418	0.00870	0.00886	0.01649	0.02449	0.03360	0.39100	0.21929	0.15457	0.02309	0.01167	0.00330	0.00488	0.02042	0.01002	0.00870
29	0.02382	0.02601	0.01911	0.01855	0.02139	0.27374	0.01328	0.02796	0.07349	0.02481	0.03192	0.22851	0.03408	0.11999	0.01645	0.00412	0.01152	0.01470	0.00685	0.00969
30	0.02851	0.02079	0.02275	0.01960	0.02563	0.02316	0.01549	0.10441	0.43765	0.13252	0.03757	0.03432	0.02733	0.01281	0.00983	0.00320	0.00807	0.01053	0.01018	0.01564
31	0.01766	0.01441	0.01626	0.01629	0.01932	0.01563	0.01194	0.03164	0.28710	0.03235	0.04892	0.33184	0.07333	0.02187	0.01113	0.00359	0.00656	0.01930	0.00941	0.01145
32	0.01290	0.00987	0.01182	0.01133	0.01398	0.00880	0.00850	0.01671	0.02550	0.03428	0.41464	0.07994	0.27348	0.02152	0.01144	0.00313	0.00469	0.01859	0.01007	0.00880
33	0.02069	0.01526	0.01651	0.01577	0.01963	0.01690	0.01246	0.03662	0.30078	0.03720	0.03866	0.04778	0.03213	0.01468	0.00937	0.00312	0.00679	0.09340	0.25007	0.01217
34	0.02411	0.02082	0.02192	0.01972	0.02520	0.02411	0.01534	0.05150	0.58142	0.04054	0.03945	0.03616	0.02959	0.01315	0.00986	0.00329	0.00767	0.01096	0.00986	0.01534
35	0.02411	0.02082	0.02192	0.01972	0.02520	0.02411	0.01534	0.05150	0.58142	0.04054	0.03945	0.03616	0.02959	0.01315	0.00986	0.00329	0.00767	0.01096	0.00986	0.01534
36	0.01830	0.01723	0.02907	0.63609	0.06675	0.02153	0.02692	0.02476	0.01938	0.02476	0.01723	0.02584	0.01292	0.00969	0.00969	0.00323	0.01292	0.00861	0.00431	0.01077
37	0.02381	0.02352	0.04218	0.05653	0.51176	0.02326	0.11463	0.02995	0.02220	0.03157	0.01845	0.02433	0.01525	0.00856	0.00989	0.00294	0.01228	0.00908	0.00481	0.01499
38	0.01320	0.00961	0.01071	0.01059	0.01199	0.00897	0.00687	0.01470	0.01876	0.02433	0.14158	0.07434	0.22208	0.35594	0.03127	0.00644	0.00720	0.01666	0.00763	0.00713
39	0.01373	0.00924	0.01068	0.01104	0.01113	0.00915	0.00637	0.01400	0.01480	0.01974	0.03418	0.15716	0.03983	0.55939	0.04345	0.00853	0.00880	0.01623	0.00637	0.00619
40	0.03654	0.03623	0.02831	0.02357	0.03001	0.31159	0.01857	0.31489	0.03694	0.04327	0.01932	0.02051	0.01458	0.01085	0.00924	0.00271	0.01391	0.00754	0.00745	0.01398
41	0.01548	0.01331	0.01366	0.01297	0.01694	0.01324	0.00990	0.02586	0.19986	0.03075	0.07952	0.07512	0.41529	0.02092	0.01095	0.00328	0.00579	0.01744	0.00927	0.01046
42	0.01242	0.00890	0.01179	0.01308	0.01419	0.00828	0.00904	0.01502	0.02138	0.02923	0.22517	0.46851	0.07279	0.02701	0.01207	0.00365	0.00529	0.02437	0.00953	0.00828
43	0.01239	0.00915	0.01210	0.01338	0.01454	0.00904	0.00938	0.01452	0.01802	0.02404	0.05106	0.39729	0.12016	0.07509	0.16450	0.00703	0.01076	0.02166	0.00788	0.00799
44	0.03684	0.02715	0.02909	0.02230	0.03006	0.03006	0.01842	0.56661	0.04557	0.06108	0.02327	0.02327	0.01648	0.01163	0.00970	0.00291	0.01067	0.00873	0.00970	0.01648
45	0.02039	0.01636	0.01625	0.01475	0.01801	0.10686	0.01120	0.02455	0.02747	0.09542	0.44399	0.05957	0.07188	0.01744	0.01083	0.00296	0.00701	0.01492	0.00990	0.01024
46	0.01783	0.01038	0.01336	0.01353	0.01553	0.00964	0.00968	0.02004	0.02041	0.11758	0.09817	0.29515	0.08311	0.16031	0.01981	0.00488	0.00700	0.06561	0.00895	0.00904
47	0.01617	0.01144	0.01733	0.21038	0.02998	0.01252	0.01416	0.01674	0.01661	0.02128	0.03193	0.07318	0.11013	0.02441	0.02330	0.33745	0.00914	0.01146	0.00527	0.00713
48	0.02868	0.12413	0.02943	0.02502	0.08555	0.31572	0.01797	0.05704	0.02476	0.02685	0.04947	0.02449	0.01923	0.02020	0.10599	0.00461	0.01614	0.00774	0.00542	0.01156
49	0.29694	0.01818	0.01895	0.01489	0.02219	0.01757	0.01217	0.06196	0.02202	0.17804	0.02127	0.02176	0.01536	0.00930	0.00750	0.00250	0.00776	0.00670	0.00759	0.23736

[dist]
# distance from previous block
# <min> <max>
0	1

[block]
# block no. 8 follows, 16 sequences, length 35
# corresponding to MSA columns:
# 494-528
name=unknown_I
#
# <colnr> <probs for GDERKNQSTAVLIFYWHMCP>
#	G	D	E	R	K	N	Q	S	T	A	V	L	I	F	Y	W	H	M	C	P
0	0.03266	0.04061	0.03063	0.10199	0.03657	0.48699	0.07419	0.03622	0.02601	0.02458	0.01572	0.01938	0.01276	0.00977	0.00913	0.00266	0.01680	0.00705	0.00490	0.01136
1	0.02671	0.01962	0.06079	0.01656	0.02495	0.01504	0.01425	0.03364	0.07825	0.18598	0.02508	0.02518	0.01831	0.00920	0.00827	0.00215	0.00800	0.00743	0.00772	0.41286
2	0.01228	0.00877	0.01179	0.01403	0.01480	0.00828	0.00981	0.01431	0.01902	0.02527	0.05316	0.58594	0.06308	0.02992	0.01250	0.00400	0.00603	0.09003	0.00899	0.00800
3	0.01972	0.01920	0.01706	0.01732	0.01992	0.14122	0.01247	0.02732	0.14616	0.02805	0.04216	0.38068	0.04546	0.02220	0.01104	0.00349	0.00859	0.01933	0.00834	0.01025
4	0.13035	0.02141	0.02215	0.10169	0.02975	0.07892	0.01534	0.09610	0.06576	0.06423	0.02154	0.05089	0.01753	0.01036	0.00838	0.00253	0.00949	0.00806	0.00677	0.23877
5	0.02346	0.02369	0.03133	0.10055	0.03578	0.12463	0.17189	0.03178	0.10331	0.05924	0.06619	0.04017	0.11885	0.01297	0.01044	0.00311	0.01191	0.01187	0.00691	0.01193
