[name]
unknown

[dist]
# distance from previous block
# <min> <max>
0	64

[block]
# block no. 0 follows, 11 sequences, length 20
# corresponding to MSA columns:
# 65-84
name=unknown_A
#
# <colnr> <probs for GDERKNQSTAVLIFYWHMCP>
#	G	D	E	R	K	N	Q	S	T	A	V	L	I	F	Y	W	H	M	C	P
0	0.22897	0.02554	0.04338	0.03216	0.04168	0.02512	0.25357	0.03891	0.02546	0.14134	0.02495	0.02832	0.01776	0.01066	0.01099	0.00364	0.01401	0.01073	0.00772	0.01507
1	0.02479	0.04321	0.29555	0.03703	0.05038	0.02727	0.21647	0.03868	0.08312	0.03716	0.02425	0.02852	0.01776	0.01076	0.01180	0.00369	0.01664	0.01079	0.00592	0.01620
2	0.01816	0.01506	0.01661	0.01507	0.01984	0.01421	0.01153	0.02780	0.12663	0.03827	0.19341	0.07856	0.26076	0.02202	0.01233	0.00348	0.00657	0.01861	0.01070	0.09037
3	0.02453	0.02327	0.04043	0.03174	0.03884	0.02321	0.22361	0.07903	0.10784	0.03909	0.03878	0.20233	0.03737	0.01858	0.01311	0.00399	0.01293	0.01851	0.00862	0.01419
4	0.01822	0.01221	0.01460	0.01358	0.01731	0.01073	0.01033	0.02240	0.02929	0.08771	0.30704	0.08975	0.27615	0.02442	0.01309	0.00364	0.00589	0.02089	0.01173	0.01099
5	0.03242	0.18068	0.18047	0.02838	0.03985	0.03419	0.08015	0.20747	0.03476	0.04663	0.02193	0.02433	0.01645	0.01135	0.01035	0.00324	0.01419	0.00900	0.00731	0.01687
6	0.01502	0.01147	0.01378	0.01320	0.01625	0.01023	0.00990	0.01947	0.02970	0.04001	0.38428	0.09250	0.25341	0.02492	0.01328	0.00363	0.00545	0.02154	0.01172	0.01023
7	0.02860	0.50126	0.15584	0.02181	0.03283	0.04088	0.02370	0.03409	0.02305	0.02830	0.01655	0.01919	0.01441	0.00984	0.00791	0.00264	0.01295	0.00648	0.00480	0.01488
8	0.02786	0.02674	0.04568	0.06908	0.53424	0.02674	0.03454	0.03454	0.02563	0.03677	0.02117	0.02786	0.01783	0.01003	0.01114	0.00334	0.01337	0.01003	0.00557	0.01783
9	0.02334	0.02001	0.02334	0.01667	0.02667	0.01500	0.01334	0.02834	0.02334	0.03668	0.02001	0.02334	0.01667	0.00834	0.00834	0.00167	0.00834	0.00667	0.00667	0.67325
10	0.01371	0.00979	0.01306	0.01567	0.01632	0.00914	0.01045	0.01567	0.02155	0.02873	0.06203	0.59710	0.07444	0.03526	0.01437	0.00457	0.00653	0.03200	0.01045	0.00914
11	0.68395	0.02177	0.01654	0.01480	0.02177	0.02525	0.01219	0.03309	0.01915	0.05050	0.01567	0.01828	0.01219	0.01045	0.00697	0.00348	0.00871	0.00609	0.00697	0.01219
12	0.01413	0.01011	0.01343	0.01539	0.01642	0.00942	0.01048	0.01671	0.02347	0.03179	0.14897	0.50145	0.08036	0.03298	0.01416	0.00438	0.00630	0.02983	0.01081	0.00942
13	0.02768	0.02831	0.03269	0.03113	0.09174	0.13213	0.08928	0.04079	0.16706	0.03976	0.15199	0.04448	0.04340	0.01494	0.01187	0.00350	0.01237	0.01324	0.00898	0.01469
14	0.01420	0.01009	0.01322	0.01520	0.01602	0.00947	0.01014	0.01637	0.02226	0.02999	0.11291	0.49191	0.07508	0.08455	0.01806	0.00502	0.00678	0.02928	0.01035	0.00910
15	0.02934	0.17108	0.12538	0.04635	0.27920	0.03185	0.03045	0.08944	0.02793	0.03821	0.02040	0.02479	0.01662	0.01045	0.01016	0.00316	0.01345	0.00882	0.00594	0.01699
16	0.03254	0.03552	0.20110	0.03450	0.04668	0.02417	0.21176	0.04158	0.02741	0.18804	0.02849	0.03073	0.01946	0.01119	0.01190	0.00363	0.01543	0.01117	0.00788	0.01682
17	0.03668	0.02826	0.03377	0.18231	0.04699	0.03210	0.02419	0.36399	0.04429	0.05897	0.02503	0.02787	0.01797	0.01287	0.01126	0.00348	0.01313	0.01010	0.00948	0.01726
18	0.21739	0.03191	0.02951	0.07602	0.13530	0.17509	0.02180	0.04045	0.10033	0.03903	0.02225	0.02537	0.01761	0.01149	0.00974	0.00336	0.01343	0.00855	0.00689	0.01447
19	0.10188	0.13380	0.03660	0.03036	0.13232	0.02773	0.02110	0.11736	0.03127	0.21744	0.02865	0.02860	0.02035	0.01192	0.01009	0.00324	0.01119	0.00936	0.00941	0.01733

[dist]
# distance from previous block
# <min> <max>
3	4

[block]
# block no. 1 follows, 11 sequences, length 6
# corresponding to MSA columns:
# 89-94
name=unknown_B
#
# <colnr> <probs for GDERKNQSTAVLIFYWHMCP>
#	G	D	E	R	K	N	Q	S	T	A	V	L	I	F	Y	W	H	M	C	P
0	0.68395	0.02177	0.01654	0.01480	0.02177	0.02525	0.01219	0.03309	0.01915	0.05050	0.01567	0.01828	0.01219	0.01045	0.00697	0.00348	0.00871	0.00609	0.00697	0.01219
1	0.01494	0.01074	0.01416	0.01483	0.01660	0.00996	0.01054	0.01876	0.02726	0.03781	0.32022	0.31302	0.09203	0.02848	0.01376	0.00400	0.00585	0.02555	0.01152	0.00996
2	0.02252	0.02603	0.11783	0.03438	0.13004	0.02018	0.12693	0.03027	0.02677	0.03943	0.15294	0.04443	0.04142	0.01384	0.01153	0.00341	0.01172	0.01318	0.11918	0.01397
3	0.01468	0.01146	0.01331	0.01284	0.01605	0.01009	0.00963	0.01881	0.02890	0.03811	0.33070	0.09564	0.30818	0.02563	0.01329	0.00366	0.00550	0.02198	0.01147	0.01009
4	0.03696	0.12248	0.03798	0.03624	0.19369	0.02598	0.02303	0.04524	0.08634	0.23050	0.03213	0.03191	0.02310	0.01209	0.01058	0.00330	0.01115	0.01017	0.00936	0.01776
5	0.17866	0.02728	0.03393	0.11944	0.04212	0.03032	0.07833	0.25924	0.03712	0.05505	0.02281	0.02600	0.01666	0.01196	0.01056	0.00351	0.01282	0.00960	0.00858	0.01600

[dist]
# distance from previous block
# <min> <max>
0	7

[block]
# block no. 2 follows, 11 sequences, length 48
# corresponding to MSA columns:
# 102-149
name=unknown_C
#
# <colnr> <probs for GDERKNQSTAVLIFYWHMCP>
#	G	D	E	R	K	N	Q	S	T	A	V	L	I	F	Y	W	H	M	C	P
0	0.04665	0.01957	0.02580	0.02002	0.02820	0.01765	0.01644	0.09149	0.03404	0.45440	0.08696	0.04147	0.03422	0.01472	0.01149	0.00348	0.00944	0.01204	0.01355	0.01838
1	0.68395	0.02177	0.01654	0.01480	0.02177	0.02525	0.01219	0.03309	0.01915	0.05050	0.01567	0.01828	0.01219	0.01045	0.00697	0.00348	0.00871	0.00609	0.00697	0.01219
2	0.01349	0.01067	0.01216	0.01336	0.01572	0.00934	0.00942	0.01593	0.02377	0.02964	0.09020	0.33231	0.32105	0.03160	0.01379	0.00415	0.00608	0.02753	0.01045	0.00934
3	0.03209	0.02810	0.04231	0.05685	0.39274	0.02906	0.03082	0.16551	0.03336	0.04645	0.02283	0.02762	0.01820	0.01102	0.01118	0.00335	0.01309	0.01006	0.00718	0.01820
4	0.04051	0.01990	0.02885	0.02227	0.03009	0.01822	0.06606	0.08452	0.03334	0.35012	0.13584	0.04550	0.04138	0.01521	0.01191	0.00352	0.00997	0.01320	0.01253	0.01706
5	0.68395	0.02177	0.01654	0.01480	0.02177	0.02525	0.01219	0.03309	0.01915	0.05050	0.01567	0.01828	0.01219	0.01045	0.00697	0.00348	0.00871	0.00609	0.00697	0.01219
6	0.03009	0.61122	0.05898	0.01926	0.02889	0.04454	0.01926	0.03370	0.02287	0.02648	0.01565	0.01805	0.01444	0.00963	0.00722	0.00241	0.01204	0.00602	0.00481	0.01444
7	0.02229	0.01835	0.02034	0.01881	0.02323	0.02027	0.01424	0.04106	0.28957	0.04071	0.13318	0.05877	0.09126	0.08611	0.06602	0.00580	0.01012	0.01536	0.01055	0.01397
8	0.01497	0.01147	0.01372	0.01316	0.01623	0.01021	0.00987	0.01939	0.02960	0.03978	0.37760	0.09289	0.26025	0.02501	0.01328	0.00363	0.00545	0.02159	0.01168	0.01021
9	0.01703	0.01442	0.01907	0.02362	0.10848	0.01331	0.01516	0.02123	0.02626	0.03348	0.12439	0.09552	0.31206	0.02525	0.01335	0.00396	0.00791	0.10450	0.00975	0.01124
10	0.01608	0.01206	0.01809	0.01809	0.02010	0.01407	0.01407	0.02010	0.01809	0.02613	0.03015	0.04422	0.02814	0.08441	0.55984	0.01809	0.03015	0.01206	0.00603	0.01005
11	0.02711	0.02430	0.02782	0.02465	0.02934	0.02970	0.01961	0.05120	0.38325	0.04182	0.03765	0.03742	0.02921	0.01644	0.01816	0.00411	0.16014	0.01197	0.00974	0.01637
12	0.04279	0.03153	0.03378	0.02590	0.03490	0.03490	0.02139	0.49671	0.05292	0.07093	0.02702	0.02702	0.01914	0.01351	0.01126	0.00338	0.01239	0.01013	0.01126	0.01914
13	0.04279	0.03153	0.03378	0.02590	0.03490	0.03490	0.02139	0.49671	0.05292	0.07093	0.02702	0.02702	0.01914	0.01351	0.01126	0.00338	0.01239	0.01013	0.01126	0.01914
14	0.01637	0.01091	0.01228	0.01228	0.01228	0.01091	0.00682	0.01637	0.01637	0.02182	0.03546	0.07365	0.04092	0.60445	0.05729	0.01091	0.01091	0.01637	0.00682	0.00682
15	0.01637	0.01091	0.01228	0.01228	0.01228	0.01091	0.00682	0.01637	0.01637	0.02182	0.03546	0.07365	0.04092	0.60445	0.05729	0.01091	0.01091	0.01637	0.00682	0.00682
16	0.68395	0.02177	0.01654	0.01480	0.02177	0.02525	0.01219	0.03309	0.01915	0.05050	0.01567	0.01828	0.01219	0.01045	0.00697	0.00348	0.00871	0.00609	0.00697	0.01219
17	0.03009	0.61122	0.05898	0.01926	0.02889	0.04454	0.01926	0.03370	0.02287	0.02648	0.01565	0.01805	0.01444	0.00963	0.00722	0.00241	0.01204	0.00602	0.00481	0.01444
18	0.02257	0.05822	0.54613	0.03208	0.04871	0.02614	0.04158	0.03564	0.02376	0.03564	0.02020	0.02376	0.01426	0.01069	0.01069	0.00356	0.01663	0.00832	0.00475	0.01663
19	0.01371	0.00979	0.01306	0.01567	0.01632	0.00914	0.01045	0.01567	0.02155	0.02873	0.06203	0.59710	0.07444	0.03526	0.01437	0.00457	0.00653	0.03200	0.01045	0.00914
20	0.01955	0.00978	0.01466	0.01466	0.01466	0.00978	0.00978	0.01466	0.01466	0.01955	0.01955	0.03421	0.01955	0.03910	0.04399	0.67253	0.00978	0.00978	0.00489	0.00489
21	0.02624	0.01991	0.02364	0.01703	0.02689	0.01517	0.01368	0.03118	0.02429	0.09071	0.02261	0.02494	0.01787	0.00893	0.00865	0.00186	0.00847	0.00717	0.00744	0.60332
22	0.05050	0.01915	0.02612	0.02003	0.02873	0.01654	0.01654	0.05485	0.03221	0.54203	0.04440	0.03831	0.02786	0.01393	0.01132	0.00348	0.00958	0.01132	0.01393	0.01915
23	0.03009	0.61122	0.05898	0.01926	0.02889	0.04454	0.01926	0.03370	0.02287	0.02648	0.01565	0.01805	0.01444	0.00963	0.00722	0.00241	0.01204	0.00602	0.00481	0.01444
24	0.03149	0.02642	0.04807	0.05433	0.31106	0.02543	0.16067	0.03855	0.02705	0.12572	0.02572	0.03041	0.01939	0.01056	0.01178	0.00349	0.01428	0.01117	0.00708	0.01732
25	0.01395	0.00998	0.01327	0.01551	0.01638	0.00930	0.01047	0.01626	0.02264	0.03046	0.11118	0.54303	0.07779	0.03397	0.01425	0.00446	0.00640	0.03077	0.01065	0.00930
26	0.40653	0.02383	0.02269	0.01859	0.02639	0.02621	0.01534	0.15671	0.03018	0.14250	0.02367	0.02407	0.01675	0.01185	0.00884	0.00346	0.00981	0.00806	0.00930	0.01521
27	0.01637	0.01091	0.01228	0.01228	0.01228	0.01091	0.00682	0.01637	0.01637	0.02182	0.03546	0.07365	0.04092	0.60445	0.05729	0.01091	0.01091	0.01637	0.00682	0.00682
28	0.03152	0.02322	0.02569	0.02174	0.02829	0.02545	0.01725	0.16802	0.25551	0.09590	0.13488	0.04591	0.04377	0.01620	0.01175	0.00362	0.00919	0.01340	0.01180	0.01688
29	0.02663	0.02870	0.03328	0.43571	0.06648	0.16304	0.02880	0.03294	0.02493	0.02844	0.01933	0.02750	0.01487	0.01134	0.01097	0.00353	0.01637	0.00929	0.00521	0.01264
30	0.04259	0.03724	0.03329	0.02670	0.03488	0.17038	0.02148	0.37999	0.04749	0.05972	0.02454	0.02528	0.01794	0.01302	0.01097	0.00325	0.01443	0.00939	0.00985	0.01757
31	0.05050	0.01915	0.02612	0.02003	0.02873	0.01654	0.01654	0.05485	0.03221	0.54203	0.04440	0.03831	0.02786	0.01393	0.01132	0.00348	0.00958	0.01132	0.01393	0.01915
32	0.01407	0.01109	0.01270	0.01302	0.01586	0.00971	0.00949	0.01737	0.02639	0.03386	0.21002	0.20584	0.32360	0.02852	0.01352	0.00390	0.00578	0.02463	0.01095	0.00971
33	0.09389	0.03221	0.03902	0.03056	0.03897	0.13007	0.15331	0.12446	0.11357	0.08984	0.02768	0.02942	0.02038	0.01206	0.01127	0.00350	0.01460	0.01065	0.00852	0.01600
34	0.04831	0.02807	0.02761	0.02234	0.03030	0.15676	0.01789	0.05229	0.03213	0.40911	0.03743	0.03366	0.02441	0.01333	0.01102	0.00333	0.01235	0.01027	0.01183	0.01758
35	0.02669	0.01217	0.01351	0.01234	0.01614	0.01166	0.00955	0.03177	0.02527	0.13873	0.03820	0.04125	0.02866	0.01327	0.00854	0.00279	0.00608	0.01065	0.54056	0.01217
36	0.02334	0.02001	0.02334	0.01667	0.02667	0.01500	0.01334	0.02834	0.02334	0.03668	0.02001	0.02334	0.01667	0.00834	0.00834	0.00167	0.00834	0.00667	0.00667	0.67325
37	0.04245	0.04166	0.03292	0.02732	0.03485	0.27520	0.02156	0.28968	0.04328	0.05105	0.02261	0.02394	0.01701	0.01263	0.01075	0.00316	0.01601	0.00881	0.00876	0.01635
38	0.02519	0.02312	0.03230	0.02432	0.03363	0.02105	0.10822	0.03812	0.15301	0.03929	0.02733	0.02962	0.02140	0.01038	0.01012	0.00265	0.01056	0.00955	0.00774	0.37237
39	0.01593	0.01150	0.01504	0.01416	0.01681	0.01062	0.01062	0.02124	0.03186	0.04513	0.52830	0.08407	0.10620	0.02301	0.01327	0.00354	0.00531	0.02035	0.01239	0.01062
40	0.02708	0.29055	0.03806	0.01898	0.02583	0.03218	0.01641	0.04018	0.19163	0.03448	0.03006	0.03441	0.02544	0.07549	0.01409	0.00382	0.01023	0.00984	0.06681	0.01444
41	0.01585	0.01070	0.01243	0.01293	0.01306	0.01057	0.00752	0.01623	0.01737	0.02316	0.04061	0.17495	0.04741	0.49430	0.04898	0.00968	0.01006	0.01939	0.00752	0.00727
42	0.01476	0.01146	0.01342	0.01293	0.01610	0.01012	0.00970	0.01897	0.02909	0.03856	0.34344	0.09489	0.29516	0.02546	0.01329	0.00366	0.00548	0.02187	0.01153	0.01012
43	0.01574	0.01152	0.01589	0.01569	0.01791	0.01166	0.01180	0.02025	0.02596	0.03676	0.30498	0.12505	0.07562	0.04570	0.20372	0.00872	0.01409	0.01871	0.00997	0.01026
44	0.01593	0.01150	0.01504	0.01416	0.01681	0.01062	0.01062	0.02124	0.03186	0.04513	0.52830	0.08407	0.10620	0.02301	0.01327	0.00354	0.00531	0.02035	0.01239	0.01062
45	0.02366	0.02191	0.03445	0.28848	0.19380	0.02291	0.02756	0.03029	0.02361	0.03307	0.02034	0.02768	0.01623	0.01015	0.01047	0.00310	0.01282	0.00915	0.00559	0.18473
46	0.55631	0.13684	0.02483	0.01567	0.02316	0.02901	0.01357	0.03321	0.01988	0.04581	0.01567	0.01824	0.01263	0.01029	0.00702	0.00327	0.00936	0.00608	0.00655	0.01263
47	0.08771	0.03751	0.25434	0.02654	0.03902	0.02224	0.06791	0.03783	0.02518	0.13683	0.02474	0.02663	0.01746	0.01075	0.01026	0.00320	0.01315	0.00882	0.00721	0.14268

[dist]
# distance from previous block
# <min> <max>
0	3

[block]
# block no. 3 follows, 11 sequences, length 80
# corresponding to MSA columns:
# 153-232
name=unknown_D
#
# <colnr> <probs for GDERKNQSTAVLIFYWHMCP>
#	G	D	E	R	K	N	Q	S	T	A	V	L	I	F	Y	W	H	M	C	P
0	0.03336	0.08428	0.03698	0.03395	0.14058	0.02676	0.06270	0.04844	0.20217	0.15854	0.03506	0.03461	0.02571	0.01274	0.01108	0.00349	0.01123	0.01117	0.00959	0.01756
1	0.02863	0.12461	0.14913	0.03672	0.16624	0.03056	0.02791	0.08871	0.15636	0.04114	0.02720	0.02909	0.02102	0.01185	0.01053	0.00337	0.01259	0.00976	0.00741	0.01717
2	0.01488	0.01131	0.01273	0.01246	0.01495	0.01020	0.00874	0.01776	0.02518	0.03270	0.22010	0.09211	0.27635	0.17347	0.02449	0.00553	0.00691	0.02084	0.01012	0.00916
3	0.03281	0.39710	0.05276	0.02511	0.03394	0.17747	0.07547	0.03692	0.02567	0.02788	0.01694	0.02008	0.01477	0.01013	0.00870	0.00270	0.01501	0.00719	0.00518	0.01416
4	0.01593	0.01150	0.01504	0.01416	0.01681	0.01062	0.01062	0.02124	0.03186	0.04513	0.52830	0.08407	0.10620	0.02301	0.01327	0.00354	0.00531	0.02035	0.01239	0.01062
5	0.02786	0.02674	0.04568	0.06908	0.53424	0.02674	0.03454	0.03454	0.02563	0.03677	0.02117	0.02786	0.01783	0.01003	0.01114	0.00334	0.01337	0.01003	0.00557	0.01783
6	0.02257	0.02135	0.03614	0.47603	0.16859	0.02535	0.03191	0.02991	0.02313	0.03036	0.02024	0.02958	0.01557	0.01101	0.01123	0.00367	0.01468	0.01001	0.00511	0.01357
7	0.01371	0.00979	0.01306	0.01567	0.01632	0.00914	0.01045	0.01567	0.02155	0.02873	0.06203	0.59710	0.07444	0.03526	0.01437	0.00457	0.00653	0.03200	0.01045	0.00914
8	0.02334	0.02001	0.02334	0.01667	0.02667	0.01500	0.01334	0.02834	0.02334	0.03668	0.02001	0.02334	0.01667	0.00834	0.00834	0.00167	0.00834	0.00667	0.00667	0.67325
9	0.02786	0.02674	0.04568	0.06908	0.53424	0.02674	0.03454	0.03454	0.02563	0.03677	0.02117	0.02786	0.01783	0.01003	0.01114	0.00334	0.01337	0.01003	0.00557	0.01783
10	0.02255	0.02113	0.03554	0.38956	0.20250	0.02427	0.03058	0.02939	0.02332	0.03103	0.02359	0.07328	0.02041	0.01276	0.01146	0.00370	0.01388	0.01171	0.00558	0.01376
11	0.02334	0.02001	0.02334	0.01667	0.02667	0.01500	0.01334	0.02834	0.02334	0.03668	0.02001	0.02334	0.01667	0.00834	0.00834	0.00167	0.00834	0.00667	0.00667	0.67325
12	0.04671	0.01843	0.02518	0.02011	0.02810	0.01612	0.01673	0.05116	0.03148	0.48246	0.04618	0.04870	0.03219	0.01594	0.01181	0.00368	0.00967	0.06372	0.01351	0.01812
13	0.02334	0.02001	0.02334	0.01667	0.02667	0.01500	0.01334	0.02834	0.02334	0.03668	0.02001	0.02334	0.01667	0.00834	0.00834	0.00167	0.00834	0.00667	0.00667	0.67325
14	0.03587	0.01961	0.02462	0.01822	0.02762	0.01571	0.01482	0.04057	0.02743	0.26981	0.03126	0.03025	0.02183	0.01092	0.00971	0.00250	0.00891	0.00881	0.01002	0.37150
15	0.02294	0.02172	0.03680	0.44797	0.19380	0.02545	0.03209	0.03023	0.02330	0.03080	0.02030	0.02946	0.01572	0.01094	0.01122	0.00365	0.01459	0.01001	0.00515	0.01386
16	0.01637	0.01091	0.01228	0.01228	0.01228	0.01091	0.00682	0.01637	0.01637	0.02182	0.03546	0.07365	0.04092	0.60445	0.05729	0.01091	0.01091	0.01637	0.00682	0.00682
17	0.68395	0.02177	0.01654	0.01480	0.02177	0.02525	0.01219	0.03309	0.01915	0.05050	0.01567	0.01828	0.01219	0.01045	0.00697	0.00348	0.00871	0.00609	0.00697	0.01219
18	0.02236	0.02113	0.03575	0.49258	0.15373	0.02530	0.03181	0.02972	0.02303	0.03009	0.02020	0.02965	0.01548	0.01105	0.01123	0.00368	0.01473	0.01001	0.00510	0.01339
19	0.02718	0.02605	0.04446	0.12121	0.48740	0.02656	0.03421	0.03395	0.02531	0.03595	0.02105	0.02808	0.01754	0.01015	0.01115	0.00338	0.01354	0.01003	0.00551	0.01728
20	0.01415	0.01011	0.01356	0.01617	0.01701	0.00952	0.01121	0.01642	0.02198	0.02922	0.06179	0.55081	0.07349	0.03485	0.01448	0.00463	0.00691	0.07399	0.01044	0.00926
21	0.03306	0.02670	0.02830	0.02393	0.03120	0.03036	0.01904	0.20954	0.35592	0.05526	0.03937	0.03686	0.02914	0.01467	0.01139	0.00367	0.01010	0.01184	0.01139	0.01827
22	0.04464	0.07669	0.07749	0.02223	0.03180	0.02355	0.02002	0.14044	0.03482	0.35638	0.03621	0.03296	0.02371	0.01318	0.01089	0.00338	0.01100	0.01035	0.01177	0.01851
23	0.04715	0.01841	0.02505	0.01946	0.02758	0.01597	0.01597	0.05160	0.03218	0.49390	0.09127	0.04274	0.03545	0.01481	0.01151	0.00349	0.00916	0.01219	0.01378	0.01833
24	0.02552	0.03766	0.19206	0.04342	0.05618	0.02785	0.37503	0.03595	0.02583	0.03595	0.02210	0.02863	0.01634	0.00980	0.01260	0.00373	0.01836	0.01198	0.00545	0.01556
25	0.02892	0.02480	0.04164	0.15439	0.40348	0.02543	0.03219	0.03552	0.02572	0.08510	0.02325	0.02927	0.01832	0.01063	0.01118	0.00343	0.01329	0.01015	0.00629	0.01701
26	0.03342	0.04065	0.30617	0.02678	0.03954	0.02275	0.03015	0.04495	0.07117	0.22455	0.03149	0.03081	0.02112	0.01231	0.01099	0.00356	0.01332	0.00983	0.00876	0.01768
27	0.01840	0.01613	0.02591	0.36444	0.05432	0.01899	0.02337	0.02380	0.02214	0.02875	0.03594	0.24500	0.03754	0.02036	0.01243	0.00406	0.01179	0.01834	0.00707	0.01123
28	0.05050	0.01915	0.02612	0.02003	0.02873	0.01654	0.01654	0.05485	0.03221	0.54203	0.04440	0.03831	0.02786	0.01393	0.01132	0.00348	0.00958	0.01132	0.01393	0.01915
29	0.03435	0.02733	0.02903	0.02419	0.03169	0.03096	0.01935	0.24747	0.31589	0.05733	0.03774	0.03556	0.02782	0.01451	0.01137	0.00363	0.01040	0.01161	0.01137	0.01838
30	0.02462	0.02462	0.03447	0.02955	0.02955	0.03447	0.02462	0.02709	0.01724	0.02709	0.01477	0.02462	0.01477	0.01970	0.03694	0.00492	0.58385	0.00985	0.00492	0.01231
31	0.01338	0.01108	0.01173	0.01225	0.01543	0.00943	0.00893	0.01606	0.02484	0.03007	0.10365	0.20579	0.43889	0.02985	0.01351	0.00395	0.00587	0.02540	0.01045	0.00943
32	0.02098	0.01049	0.01049	0.01049	0.01311	0.01049	0.00787	0.02623	0.02360	0.04196	0.03672	0.04196	0.02885	0.01311	0.00787	0.00262	0.00525	0.01049	0.66693	0.01049
33	0.01568	0.01149	0.01469	0.01389	0.01666	0.01051	0.01042	0.02075	0.03126	0.04371	0.48817	0.08642	0.14722	0.02354	0.01328	0.00357	0.00535	0.02068	0.01220	0.01051
34	0.03009	0.61122	0.05898	0.01926	0.02889	0.04454	0.01926	0.03370	0.02287	0.02648	0.01565	0.01805	0.01444	0.00963	0.00722	0.00241	0.01204	0.00602	0.00481	0.01444
35	0.02098	0.01049	0.01049	0.01049	0.01311	0.01049	0.00787	0.02623	0.02360	0.04196	0.03672	0.04196	0.02885	0.01311	0.00787	0.00262	0.00525	0.01049	0.66693	0.01049
36	0.68395	0.02177	0.01654	0.01480	0.02177	0.02525	0.01219	0.03309	0.01915	0.05050	0.01567	0.01828	0.01219	0.01045	0.00697	0.00348	0.00871	0.00609	0.00697	0.01219
37	0.01651	0.01168	0.01711	0.01711	0.01869	0.01325	0.01285	0.01909	0.01752	0.02493	0.02943	0.04594	0.02839	0.13031	0.44990	0.09408	0.02587	0.01222	0.00597	0.00913
38	0.01441	0.01145	0.01294	0.01256	0.01588	0.00997	0.00942	0.01830	0.02827	0.03661	0.28863	0.09810	0.35119	0.02619	0.01329	0.00369	0.00554	0.02232	0.01127	0.00997
39	0.01608	0.01206	0.01809	0.01809	0.02010	0.01407	0.01407	0.02010	0.01809	0.02613	0.03015	0.04422	0.02814	0.08441	0.55984	0.01809	0.03015	0.01206	0.00603	0.01005
40	0.02615	0.01576	0.01686	0.01544	0.01987	0.01674	0.01194	0.03989	0.18282	0.09286	0.04041	0.04161	0.03053	0.01389	0.00937	0.00309	0.00685	0.01129	0.39091	0.01371
41	0.02558	0.28835	0.03577	0.01784	0.02357	0.02634	0.01523	0.02858	0.02341	0.08785	0.03857	0.26448	0.04130	0.02094	0.01071	0.00345	0.00943	0.01759	0.00826	0.01276
42	0.02605	0.03091	0.13693	0.03401	0.13831	0.02252	0.06734	0.07138	0.02668	0.03933	0.02113	0.02529	0.01667	0.00969	0.01007	0.00272	0.01232	0.00857	0.00636	0.29370
43	0.02586	0.02193	0.02361	0.02135	0.02706	0.02491	0.01654	0.05297	0.42843	0.04674	0.13137	0.04945	0.04710	0.01664	0.01178	0.00377	0.00827	0.01408	0.01162	0.01654
44	0.02548	0.01994	0.02356	0.01694	0.02684	0.01512	0.01359	0.03043	0.02404	0.07648	0.02193	0.02452	0.01755	0.00878	0.00857	0.00181	0.00843	0.00703	0.00724	0.62173
45	0.01637	0.01091	0.01228	0.01228	0.01228	0.01091	0.00682	0.01637	0.01637	0.02182	0.03546	0.07365	0.04092	0.60445	0.05729	0.01091	0.01091	0.01637	0.00682	0.00682
46	0.08299	0.19384	0.19598	0.02749	0.07517	0.03003	0.02644	0.07471	0.02718	0.13115	0.02372	0.02507	0.01734	0.01115	0.00966	0.00320	0.01287	0.00836	0.00722	0.01646
47	0.02681	0.15545	0.40362	0.02850	0.04304	0.02852	0.03493	0.03726	0.02447	0.08590	0.02185	0.02421	0.01569	0.01083	0.01012	0.00334	0.01507	0.00820	0.00571	0.01649
48	0.02434	0.02370	0.04006	0.03170	0.03895	0.02416	0.21667	0.04035	0.20311	0.03851	0.03957	0.15591	0.03565	0.01711	0.01285	0.00397	0.01264	0.01709	0.00881	0.01485
49	0.13733	0.14773	0.03013	0.01720	0.02651	0.02321	0.01469	0.03253	0.02329	0.07954	0.02041	0.02262	0.01639	0.00944	0.00812	0.00228	0.00930	0.00683	0.00693	0.36553
50	0.03463	0.02864	0.09598	0.04298	0.24478	0.02492	0.02766	0.08735	0.07985	0.17334	0.03024	0.03148	0.02186	0.01200	0.01118	0.00346	0.01221	0.01045	0.00882	0.01816
51	0.03595	0.25227	0.09296	0.02489	0.03403	0.17491	0.02269	0.16339	0.03354	0.03981	0.01966	0.02166	0.01572	0.01131	0.00943	0.00292	0.01475	0.00769	0.00683	0.01558
52	0.01611	0.01192	0.01741	0.01741	0.01918	0.01370	0.01322	0.01966	0.01789	0.02562	0.03077	0.04767	0.02964	0.14536	0.50095	0.01725	0.02789	0.01256	0.00612	0.00967
53	0.02333	0.02124	0.03435	0.34822	0.09851	0.02409	0.06742	0.07436	0.02707	0.03558	0.06777	0.03992	0.06341	0.01349	0.01174	0.00367	0.01348	0.01219	0.00672	0.01343
54	0.02098	0.01049	0.01049	0.01049	0.01311	0.01049	0.00787	0.02623	0.02360	0.04196	0.03672	0.04196	0.02885	0.01311	0.00787	0.00262	0.00525	0.01049	0.66693	0.01049
55	0.02334	0.02001	0.02334	0.01667	0.02667	0.01500	0.01334	0.02834	0.02334	0.03668	0.02001	0.02334	0.01667	0.00834	0.00834	0.00167	0.00834	0.00667	0.00667	0.67325
56	0.02657	0.03036	0.06641	0.04744	0.05882	0.02846	0.49336	0.03605	0.02657	0.03605	0.02277	0.03036	0.01708	0.00949	0.01328	0.00380	0.01898	0.01328	0.00569	0.01518
57	0.02098	0.01049	0.01049	0.01049	0.01311	0.01049	0.00787	0.02623	0.02360	0.04196	0.03672	0.04196	0.02885	0.01311	0.00787	0.00262	0.00525	0.01049	0.66693	0.01049
58	0.04086	0.04684	0.03531	0.02993	0.03691	0.39994	0.06275	0.14160	0.03597	0.03764	0.01994	0.02262	0.01572	0.01183	0.01066	0.00308	0.01848	0.00840	0.00697	0.01455
59	0.05050	0.01915	0.02612	0.02003	0.02873	0.01654	0.01654	0.05485	0.03221	0.54203	0.04440	0.03831	0.02786	0.01393	0.01132	0.00348	0.00958	0.01132	0.01393	0.01915
60	0.02249	0.01907	0.02272	0.01684	0.02590	0.01489	0.01342	0.02737	0.02272	0.03544	0.02119	0.02579	0.01801	0.01725	0.07297	0.00359	0.01089	0.00730	0.00659	0.59553
61	0.02611	0.02495	0.04252	0.20395	0.41306	0.02628	0.03367	0.03301	0.02480	0.03464	0.02086	0.02843	0.01708	0.01035	0.01117	0.00345	0.01380	0.01002	0.00542	0.01642
62	0.03110	0.02565	0.03516	0.28538	0.11308	0.02938	0.02748	0.22666	0.03569	0.04747	0.02310	0.02850	0.01708	0.01206	0.01124	0.00355	0.01371	0.01006	0.00771	0.01592
63	0.02126	0.02001	0.03376	0.57739	0.07752	0.02501	0.03126	0.02876	0.02251	0.02876	0.02001	0.03001	0.01500	0.01125	0.01125	0.00375	0.01500	0.01000	0.00500	0.01250
64	0.01637	0.01091	0.01228	0.01228	0.01228	0.01091	0.00682	0.01637	0.01637	0.02182	0.03546	0.07365	0.04092	0.60445	0.05729	0.01091	0.01091	0.01637	0.00682	0.00682
65	0.04070	0.01835	0.02396	0.01906	0.02621	0.01677	0.01546	0.08885	0.03413	0.36625	0.16946	0.04920	0.04754	0.01627	0.01183	0.00349	0.00873	0.01357	0.01327	0.01692
66	0.02811	0.02975	0.08044	0.09828	0.23804	0.06689	0.02750	0.07513	0.02756	0.03818	0.02091	0.02596	0.01680	0.01024	0.01037	0.00297	0.01307	0.00886	0.00624	0.17470
67	0.01614	0.01183	0.01693	0.01693	0.01854	0.01344	0.01262	0.01935	0.01775	0.02527	0.03121	0.05009	0.03069	0.18811	0.45963	0.01666	0.02631	0.01292	0.00619	0.00941
68	0.03247	0.50003	0.05358	0.02120	0.03007	0.14718	0.01975	0.03594	0.02467	0.02669	0.01600	0.01850	0.01445	0.01002	0.00781	0.00251	0.01368	0.00626	0.00501	0.01417
69	0.02630	0.01502	0.01942	0.01614	0.02169	0.01295	0.01266	0.03131	0.03043	0.17378	0.31097	0.06126	0.06973	0.01802	0.01188	0.00319	0.00697	0.01555	0.01177	0.13095
70	0.02698	0.09891	0.39760	0.03289	0.08850	0.02667	0.03607	0.03763	0.02484	0.09430	0.02273	0.02534	0.01619	0.01092	0.01051	0.00343	0.01511	0.00862	0.00591	0.01685
71	0.03187	0.02610	0.02763	0.02369	0.03074	0.02980	0.01875	0.17424	0.39316	0.05333	0.04089	0.03807	0.03037	0.01481	0.01140	0.00370	0.00982	0.01205	0.01140	0.01816
72	0.68395	0.02177	0.01654	0.01480	0.02177	0.02525	0.01219	0.03309	0.01915	0.05050	0.01567	0.01828	0.01219	0.01045	0.00697	0.00348	0.00871	0.00609	0.00697	0.01219
73	0.02560	0.02444	0.04161	0.24278	0.37817	0.02615	0.03342	0.03257	0.02456	0.03403	0.02077	0.02859	0.01686	0.01045	0.01118	0.00348	0.01393	0.01002	0.00538	0.01601
74	0.03572	0.01931	0.02317	0.01890	0.02576	0.01865	0.01521	0.12092	0.07639	0.25631	0.11208	0.05598	0.13615	0.01794	0.01194	0.00356	0.00874	0.01477	0.01237	0.01611
75	0.02675	0.02375	0.03392	0.03666	0.16846	0.02503	0.07010	0.07815	0.20424	0.04467	0.12475	0.04355	0.04019	0.01454	0.01188	0.00360	0.01077	0.01325	0.00941	0.01632
76	0.56302	0.02254	0.01914	0.01639	0.02372	0.02548	0.01351	0.08253	0.02375	0.09541	0.01934	0.02092	0.01427	0.01107	0.00778	0.00347	0.00916	0.00696	0.00801	0.01351
77	0.43329	0.02280	0.01730	0.01581	0.02171	0.08380	0.01253	0.03047	0.02288	0.04379	0.07668	0.04005	0.11217	0.01485	0.00900	0.00348	0.00924	0.01057	0.00791	0.01168
78	0.20299	0.13806	0.02960	0.01837	0.02613	0.02525	0.01570	0.07964	0.02879	0.21481	0.08655	0.03355	0.02962	0.01321	0.00962	0.00327	0.00959	0.00989	0.00993	0.01544
79	0.08351	0.02785	0.15777	0.02152	0.03001	0.01892	0.02093	0.03535	0.07450	0.12591	0.03733	0.17365	0.03415	0.01769	0.01122	0.00360	0.01036	0.01494	0.00893	0.09186

[dist]
# distance from previous block
# <min> <max>
1	3

[block]
# block no. 4 follows, 11 sequences, length 20
# corresponding to MSA columns:
# 240-259
name=unknown_E
#
# <colnr> <probs for GDERKNQSTAVLIFYWHMCP>
#	G	D	E	R	K	N	Q	S	T	A	V	L	I	F	Y	W	H	M	C	P
0	0.28527	0.02185	0.02223	0.01900	0.02625	0.02373	0.01531	0.04819	0.18953	0.18719	0.03388	0.03189	0.02405	0.01305	0.00970	0.00360	0.00902	0.00979	0.01043	0.01604
1	0.02547	0.02192	0.02431	0.01952	0.02786	0.02095	0.01539	0.04275	0.24792	0.04144	0.03182	0.03188	0.02477	0.01151	0.00976	0.00265	0.00860	0.00944	0.00886	0.37319
2	0.01351	0.01059	0.01224	0.01356	0.01577	0.00932	0.00951	0.01591	0.02358	0.02956	0.08776	0.35520	0.29974	0.03192	0.01384	0.00419	0.00612	0.02792	0.01045	0.00932
3	0.03090	0.01497	0.01892	0.01594	0.02174	0.01297	0.01266	0.03496	0.02999	0.26780	0.17131	0.07105	0.20880	0.02065	0.01239	0.00360	0.00739	0.01733	0.01246	0.01416
4	0.02800	0.02418	0.02545	0.02291	0.02927	0.02800	0.01782	0.05981	0.51390	0.04708	0.04581	0.04199	0.03436	0.01527	0.01145	0.00382	0.00891	0.01273	0.01145	0.01782
5	0.02212	0.01493	0.01837	0.01659	0.02066	0.01483	0.01274	0.03278	0.13098	0.09893	0.37713	0.07051	0.08302	0.02044	0.01269	0.00359	0.00651	0.01782	0.01236	0.01302
6	0.02648	0.01395	0.01779	0.01543	0.02029	0.01228	0.01206	0.03093	0.03057	0.20202	0.27875	0.07479	0.17655	0.02132	0.01265	0.00358	0.00677	0.01821	0.01245	0.01312
7	0.33873	0.02319	0.02349	0.01898	0.02696	0.02474	0.01566	0.14616	0.03098	0.20903	0.02727	0.02655	0.01869	0.01224	0.00931	0.00346	0.00982	0.00866	0.01013	0.01596
8	0.32830	0.02307	0.02137	0.01920	0.02583	0.02674	0.01524	0.04757	0.28740	0.04865	0.03201	0.03114	0.02421	0.01306	0.00940	0.00366	0.00882	0.00969	0.00940	0.01524
9	0.01491	0.01072	0.01414	0.01485	0.01659	0.00994	0.01054	0.01869	0.02714	0.03763	0.31484	0.31894	0.09166	0.02862	0.01377	0.00401	0.00587	0.02568	0.01150	0.00994
10	0.01852	0.01160	0.01498	0.01517	0.01775	0.01050	0.01097	0.02196	0.02661	0.09196	0.21916	0.30883	0.13284	0.02806	0.01354	0.00402	0.00637	0.02489	0.01148	0.01079
11	0.68395	0.02177	0.01654	0.01480	0.02177	0.02525	0.01219	0.03309	0.01915	0.05050	0.01567	0.01828	0.01219	0.01045	0.00697	0.00348	0.00871	0.00609	0.00697	0.01219
12	0.01410	0.01055	0.01310	0.01433	0.01617	0.00955	0.01004	0.01701	0.02480	0.03274	0.17716	0.36799	0.18950	0.03096	0.01387	0.00416	0.00606	0.02747	0.01088	0.00955
13	0.46175	0.02085	0.01990	0.01663	0.02421	0.02220	0.01372	0.04072	0.02374	0.22291	0.02575	0.02531	0.01769	0.01167	0.00849	0.00348	0.00901	0.00793	0.00941	0.01463
14	0.37754	0.01705	0.01505	0.01390	0.01914	0.01831	0.01101	0.02654	0.02360	0.04480	0.15903	0.05375	0.14858	0.01741	0.00986	0.00357	0.00724	0.01337	0.00902	0.01122
15	0.01451	0.01099	0.01358	0.01532	0.01742	0.01006	0.01143	0.01744	0.02383	0.03033	0.07879	0.33600	0.22359	0.03214	0.01426	0.00444	0.00706	0.11886	0.01043	0.00952
16	0.24353	0.01891	0.02068	0.01734	0.02392	0.01920	0.01383	0.04154	0.06858	0.24573	0.08903	0.04019	0.03327	0.06063	0.01380	0.00411	0.00887	0.01119	0.01076	0.01489
17	0.01611	0.01192	0.01741	0.01741	0.01918	0.01370	0.01322	0.01966	0.01789	0.02562	0.03077	0.04766	0.02963	0.14519	0.50111	0.01725	0.02790	0.01256	0.00612	0.00967
18	0.01845	0.01139	0.01541	0.01626	0.01798	0.01115	0.01144	0.02087	0.02140	0.08258	0.05060	0.36462	0.05615	0.10700	0.13098	0.00794	0.01220	0.02392	0.00951	0.01014
19	0.26580	0.01523	0.01570	0.01556	0.01947	0.01592	0.01164	0.02613	0.02270	0.08313	0.09355	0.27856	0.05072	0.02288	0.01124	0.00396	0.00747	0.01934	0.00967	0.01130

[dist]
# distance from previous block
# <min> <max>
0	7

# created by:
# /st0/software/busco_prod/Augustus/scripts/msa2prfl.pl ./align_prep/7205.fa
