[name]
unknown

[dist]
# distance from previous block
# <min> <max>
0	18

[block]
# block no. 0 follows, 13 sequences, length 19
# corresponding to MSA columns:
# 18-36
name=unknown_A
#
# <colnr> <probs for GDERKNQSTAVLIFYWHMCP>
#	G	D	E	R	K	N	Q	S	T	A	V	L	I	F	Y	W	H	M	C	P
0	0.07935	0.02199	0.05934	0.02786	0.12681	0.02054	0.01997	0.13650	0.02968	0.08986	0.04391	0.05697	0.11287	0.01733	0.01134	0.00360	0.01016	0.10914	0.00881	0.01397
1	0.02424	0.18719	0.31460	0.02520	0.03651	0.07120	0.02856	0.03444	0.06648	0.03100	0.02056	0.02383	0.01614	0.01598	0.05709	0.00419	0.01529	0.00786	0.00519	0.01445
2	0.12410	0.01839	0.02313	0.01784	0.02597	0.01636	0.01469	0.04610	0.02778	0.44296	0.03572	0.03204	0.02314	0.01207	0.00980	0.00307	0.00876	0.00952	0.01148	0.09708
3	0.02734	0.24424	0.17044	0.03609	0.19296	0.09888	0.02762	0.03361	0.02349	0.02992	0.01746	0.02124	0.01449	0.00962	0.00899	0.00284	0.01364	0.00743	0.00484	0.01485
4	0.03159	0.06169	0.12843	0.13040	0.14919	0.11304	0.02640	0.03781	0.02557	0.15960	0.02395	0.02660	0.01731	0.01082	0.01012	0.00316	0.01348	0.00882	0.00689	0.01513
5	0.01475	0.08523	0.01751	0.01513	0.01677	0.01263	0.01082	0.01678	0.02039	0.02673	0.05298	0.54804	0.06308	0.03020	0.01268	0.00405	0.00676	0.02709	0.00917	0.00919
6	0.01522	0.01076	0.01469	0.06029	0.02016	0.01086	0.01200	0.01718	0.01960	0.02588	0.04635	0.31127	0.05309	0.15769	0.02424	0.05903	0.00859	0.11654	0.00827	0.00829
7	0.02792	0.02777	0.10351	0.11672	0.34783	0.02475	0.03032	0.07882	0.02639	0.08188	0.02200	0.02670	0.01694	0.01024	0.01045	0.00323	0.01273	0.00933	0.00623	0.01624
8	0.02282	0.02733	0.12749	0.16254	0.32443	0.02312	0.03079	0.02984	0.02282	0.03213	0.02317	0.08263	0.02071	0.01202	0.01071	0.00336	0.01278	0.01111	0.00543	0.01477
9	0.18501	0.01851	0.02265	0.01778	0.02562	0.01726	0.01468	0.04724	0.02769	0.46019	0.03605	0.03204	0.02308	0.01240	0.00977	0.00327	0.00883	0.00960	0.01171	0.01662
10	0.02742	0.26140	0.15247	0.02873	0.10675	0.09348	0.02446	0.03746	0.11121	0.03139	0.02128	0.02339	0.01715	0.01041	0.00895	0.00288	0.01274	0.00782	0.00577	0.01483
11	0.17712	0.02284	0.03369	0.04560	0.34922	0.02311	0.02487	0.03555	0.02386	0.13272	0.02265	0.02596	0.01728	0.01016	0.00964	0.00319	0.01097	0.00883	0.00692	0.01582
12	0.01934	0.01754	0.04944	0.07554	0.13468	0.01662	0.01869	0.06939	0.02375	0.03243	0.03986	0.32090	0.04346	0.02694	0.05638	0.00482	0.01079	0.01968	0.00795	0.01181
13	0.02336	0.01471	0.01795	0.01750	0.02149	0.01500	0.01427	0.03285	0.13865	0.11012	0.05084	0.07319	0.08841	0.02185	0.01379	0.04679	0.00831	0.18640	0.09245	0.01206
14	0.05771	0.02446	0.03169	0.08983	0.18321	0.07476	0.05338	0.03929	0.17078	0.06346	0.07708	0.03460	0.02851	0.01235	0.01061	0.00332	0.01137	0.01088	0.00781	0.01489
15	0.08636	0.01834	0.02056	0.01571	0.02373	0.01556	0.01248	0.02877	0.06674	0.03746	0.08413	0.02971	0.02662	0.01020	0.00851	0.00211	0.00757	0.00822	0.00731	0.48991
16	0.08940	0.02779	0.02921	0.02306	0.03097	0.03103	0.01888	0.41241	0.12721	0.06152	0.02742	0.02703	0.01979	0.01274	0.01029	0.00325	0.01084	0.00962	0.01029	0.01727
17	0.01358	0.00983	0.01241	0.01361	0.01487	0.00912	0.00925	0.01596	0.02214	0.02967	0.16679	0.38472	0.12504	0.10043	0.01794	0.00471	0.00629	0.02516	0.00980	0.00866
18	0.01722	0.01333	0.01586	0.01672	0.01893	0.01401	0.01203	0.02700	0.16675	0.03159	0.05144	0.36410	0.05562	0.08424	0.01666	0.00471	0.00745	0.06184	0.00975	0.01076

[dist]
# distance from previous block
# <min> <max>
0	3

[block]
# block no. 1 follows, 13 sequences, length 64
# corresponding to MSA columns:
# 40-103
name=unknown_B
#
# <colnr> <probs for GDERKNQSTAVLIFYWHMCP>
#	G	D	E	R	K	N	Q	S	T	A	V	L	I	F	Y	W	H	M	C	P
0	0.01756	0.01170	0.01680	0.02017	0.08817	0.01151	0.01170	0.01693	0.01709	0.02293	0.03290	0.13346	0.05889	0.17742	0.03448	0.29076	0.00924	0.01459	0.00619	0.00752
1	0.03007	0.02637	0.03980	0.05361	0.41509	0.02725	0.02901	0.17011	0.03121	0.04347	0.02142	0.02595	0.01709	0.01033	0.01050	0.00315	0.01230	0.00945	0.00672	0.01709
2	0.02724	0.01871	0.02456	0.02296	0.09783	0.01546	0.01567	0.03179	0.02387	0.14850	0.02703	0.07388	0.02244	0.01121	0.00925	0.00237	0.00859	0.00955	0.00787	0.40123
3	0.02902	0.53804	0.05366	0.02086	0.02971	0.08913	0.05565	0.03276	0.02249	0.02563	0.01534	0.01800	0.01376	0.00920	0.00745	0.00240	0.01248	0.00626	0.00467	0.01350
4	0.01638	0.00964	0.01380	0.01432	0.01477	0.00983	0.00975	0.01498	0.01584	0.02143	0.02987	0.16268	0.03250	0.09555	0.12813	0.37169	0.01184	0.01454	0.00605	0.00642
5	0.02378	0.14919	0.44756	0.02771	0.04171	0.02803	0.03418	0.06963	0.02421	0.03450	0.01874	0.02166	0.01376	0.01007	0.00954	0.00315	0.01461	0.00758	0.00493	0.01546
6	0.07962	0.02899	0.12469	0.08311	0.11155	0.02475	0.09576	0.11525	0.06659	0.12726	0.02560	0.02784	0.01834	0.01106	0.01047	0.00334	0.01260	0.00972	0.00770	0.01577
7	0.04744	0.01799	0.02454	0.01881	0.02699	0.01554	0.01554	0.05153	0.03026	0.56979	0.04171	0.03599	0.02617	0.01309	0.01063	0.00327	0.00900	0.01063	0.01309	0.01799
8	0.03350	0.01901	0.02274	0.01910	0.02550	0.01911	0.01546	0.10935	0.15159	0.24727	0.08648	0.05111	0.08223	0.01648	0.01128	0.00349	0.00863	0.05051	0.01153	0.01562
9	0.01970	0.02310	0.11858	0.06333	0.03033	0.01549	0.01796	0.02531	0.02157	0.03210	0.02732	0.15152	0.02682	0.01388	0.00965	0.00262	0.00933	0.01190	0.00659	0.37290
10	0.01416	0.00983	0.01312	0.01519	0.01629	0.00955	0.01090	0.01681	0.02070	0.02840	0.05375	0.46107	0.06193	0.03463	0.05851	0.00524	0.00830	0.09100	0.06171	0.00891
11	0.01483	0.01065	0.01455	0.01495	0.01605	0.01156	0.01058	0.01713	0.01702	0.02370	0.03472	0.14421	0.03718	0.24008	0.33021	0.01286	0.01918	0.01561	0.00657	0.00837
12	0.02387	0.27375	0.37794	0.02559	0.03873	0.03108	0.03114	0.03280	0.02201	0.03023	0.01736	0.02030	0.01346	0.00967	0.00881	0.00294	0.01399	0.00700	0.00449	0.01485
13	0.02327	0.16738	0.17179	0.23275	0.14539	0.02818	0.02977	0.03064	0.02204	0.02949	0.01812	0.02386	0.01429	0.00989	0.00957	0.00313	0.01356	0.00817	0.00470	0.01402
14	0.04744	0.01799	0.02454	0.01881	0.02699	0.01554	0.01554	0.05153	0.03026	0.56979	0.04171	0.03599	0.02617	0.01309	0.01063	0.00327	0.00900	0.01063	0.01309	0.01799
15	0.19831	0.02014	0.02343	0.01843	0.02626	0.01978	0.01521	0.11154	0.03007	0.38032	0.03324	0.03019	0.02165	0.01227	0.00968	0.00326	0.00917	0.00934	0.01123	0.01648
16	0.02100	0.01661	0.02608	0.12909	0.10518	0.01709	0.05887	0.02777	0.06482	0.07488	0.10966	0.21988	0.04613	0.01928	0.01190	0.00367	0.00961	0.01768	0.00851	0.01230
17	0.02365	0.01551	0.02154	0.02450	0.10529	0.01502	0.01635	0.06570	0.02665	0.12147	0.09376	0.21232	0.08139	0.02242	0.01238	0.00384	0.00856	0.10732	0.00984	0.01249
18	0.01503	0.01075	0.01455	0.01475	0.01582	0.01173	0.01037	0.01723	0.01664	0.02321	0.03258	0.09788	0.03442	0.28335	0.33969	0.01344	0.01973	0.01434	0.00627	0.00823
19	0.02346	0.02298	0.04096	0.28325	0.29222	0.02467	0.09810	0.03041	0.02299	0.03136	0.01964	0.02732	0.01556	0.00982	0.01078	0.00336	0.01391	0.00983	0.00503	0.01435
20	0.03276	0.02599	0.04857	0.03525	0.04500	0.02471	0.32594	0.10552	0.02968	0.17483	0.02711	0.03000	0.01889	0.01049	0.01175	0.00344	0.01473	0.01161	0.00803	0.01572
21	0.03267	0.02124	0.02484	0.02030	0.02632	0.02263	0.01638	0.22292	0.07522	0.16040	0.10863	0.07514	0.06786	0.01660	0.01293	0.00344	0.05332	0.01321	0.01074	0.01522
22	0.38627	0.02394	0.02387	0.14566	0.07654	0.07460	0.01849	0.07528	0.02302	0.04185	0.01709	0.02113	0.01320	0.01030	0.00833	0.00326	0.01106	0.00723	0.00631	0.01258
23	0.02959	0.02837	0.10599	0.11320	0.03621	0.10058	0.02171	0.10255	0.02775	0.12580	0.02919	0.10803	0.02479	0.01489	0.01199	0.00341	0.04678	0.01185	0.04355	0.01378
24	0.01957	0.01763	0.02184	0.02661	0.13573	0.06139	0.01564	0.02197	0.02025	0.02653	0.03785	0.19225	0.06761	0.20544	0.02659	0.00571	0.06321	0.01693	0.00697	0.01028
25	0.03030	0.14438	0.13972	0.03169	0.12179	0.02697	0.06447	0.03629	0.02376	0.16134	0.02334	0.02587	0.01737	0.01155	0.01319	0.00328	0.09364	0.00892	0.00679	0.01534
26	0.02398	0.07984	0.08486	0.13673	0.27139	0.02539	0.10404	0.03087	0.02340	0.03204	0.02262	0.03401	0.01959	0.01130	0.01080	0.00336	0.01348	0.05229	0.00544	0.01458
27	0.04691	0.01884	0.02506	0.01921	0.02741	0.01680	0.01587	0.08619	0.03168	0.53313	0.04052	0.03521	0.02558	0.01306	0.01063	0.00326	0.00919	0.01055	0.01290	0.01799
28	0.01991	0.01414	0.02061	0.15118	0.07372	0.01458	0.01681	0.02465	0.02426	0.08020	0.13999	0.15421	0.08791	0.01954	0.01161	0.00358	0.00860	0.05405	0.06917	0.01128
29	0.02274	0.16422	0.21494	0.02109	0.03001	0.02329	0.02241	0.03103	0.06162	0.07087	0.07528	0.11561	0.07321	0.01572	0.01027	0.00327	0.01073	0.01290	0.00728	0.01350
30	0.04520	0.01734	0.02335	0.01809	0.02581	0.01508	0.01488	0.04936	0.02961	0.52701	0.04113	0.03626	0.02625	0.01302	0.01037	0.00321	0.00867	0.01057	0.06745	0.01734
31	0.01801	0.02049	0.11786	0.02434	0.09555	0.01585	0.01854	0.02211	0.01828	0.02607	0.02587	0.04164	0.02492	0.18031	0.24019	0.06456	0.01825	0.01120	0.00548	0.01045
32	0.02121	0.05469	0.57364	0.03014	0.04576	0.02455	0.03906	0.03348	0.02232	0.03348	0.01897	0.02232	0.01339	0.01005	0.01005	0.00335	0.01563	0.00781	0.00446	0.01563
33	0.02198	0.02084	0.03534	0.42863	0.23149	0.02402	0.03036	0.02878	0.02209	0.02945	0.01915	0.02753	0.01495	0.01020	0.01054	0.00340	0.01360	0.00940	0.00487	0.01337
34	0.03804	0.01768	0.02152	0.01717	0.02373	0.01694	0.01397	0.12814	0.03135	0.32538	0.03670	0.03511	0.02499	0.01279	0.00968	0.00302	0.00828	0.01021	0.20969	0.01561
35	0.04744	0.01799	0.02454	0.01881	0.02699	0.01554	0.01554	0.05153	0.03026	0.56979	0.04171	0.03599	0.02617	0.01309	0.01063	0.00327	0.00900	0.01063	0.01309	0.01799
36	0.02062	0.08271	0.18719	0.07688	0.07326	0.02241	0.02461	0.02941	0.06332	0.03195	0.07272	0.04257	0.06051	0.02137	0.07216	0.00489	0.04816	0.04569	0.00647	0.01309
37	0.19891	0.02099	0.02394	0.01882	0.02668	0.02105	0.01554	0.14616	0.03146	0.34276	0.03200	0.02938	0.02103	0.01224	0.00967	0.00325	0.00936	0.00925	0.01104	0.01646
38	0.02994	0.03318	0.04314	0.03333	0.04069	0.19626	0.24671	0.07298	0.02745	0.03379	0.02073	0.02594	0.01626	0.01087	0.01274	0.00327	0.06321	0.01004	0.06614	0.01334
39	0.02146	0.09099	0.44579	0.02890	0.04249	0.02469	0.07319	0.03218	0.02315	0.03368	0.06671	0.02746	0.02130	0.01091	0.01022	0.00328	0.01454	0.00903	0.00518	0.01487
40	0.02034	0.02368	0.10526	0.40062	0.12982	0.02253	0.02937	0.02754	0.02162	0.02890	0.02246	0.07970	0.01930	0.01234	0.01074	0.00352	0.01339	0.01102	0.00519	0.01267
41	0.02020	0.02234	0.07987	0.02628	0.03290	0.01949	0.17331	0.03131	0.13499	0.03362	0.04662	0.18922	0.10567	0.01867	0.01215	0.00373	0.01098	0.01769	0.00816	0.01277
42	0.38872	0.08480	0.07378	0.02263	0.06958	0.14355	0.01807	0.03379	0.02169	0.03863	0.01585	0.01874	0.01269	0.00996	0.00782	0.00306	0.01176	0.00643	0.00584	0.01261
43	0.03992	0.03778	0.03104	0.02547	0.03275	0.25008	0.02023	0.33670	0.04195	0.05062	0.02183	0.02290	0.01627	0.01199	0.01017	0.00300	0.01455	0.00845	0.00856	0.01573
44	0.12721	0.07051	0.07008	0.02157	0.02784	0.02249	0.07225	0.05505	0.06114	0.03691	0.09633	0.06948	0.03163	0.01999	0.06343	0.00452	0.06471	0.01145	0.00724	0.06618
45	0.01796	0.00933	0.01347	0.01347	0.01347	0.00933	0.00880	0.01399	0.01399	0.01866	0.02040	0.03718	0.02110	0.11727	0.04302	0.59953	0.00933	0.01003	0.00484	0.00484
46	0.02174	0.02124	0.02965	0.02598	0.02607	0.02915	0.02132	0.02399	0.01674	0.02566	0.01992	0.10458	0.02151	0.02050	0.03181	0.00458	0.52700	0.01208	0.00533	0.01116
47	0.04687	0.01891	0.02510	0.01925	0.02745	0.01690	0.01590	0.08904	0.03180	0.53011	0.04043	0.03515	0.02553	0.01306	0.01063	0.00326	0.00920	0.01054	0.01289	0.01799
48	0.27663	0.01885	0.02139	0.01710	0.02470	0.01840	0.01411	0.04438	0.02597	0.38719	0.03228	0.02941	0.02103	0.01194	0.00920	0.00327	0.00871	0.00892	0.01080	0.01571
49	0.02532	0.02426	0.04139	0.13814	0.49582	0.02490	0.03203	0.03171	0.02368	0.03352	0.01974	0.02644	0.01639	0.00958	0.01048	0.00319	0.01277	0.00942	0.00516	0.01607
50	0.03428	0.02521	0.03004	0.02467	0.02901	0.06899	0.02032	0.14128	0.02805	0.17491	0.02372	0.02664	0.01792	0.01529	0.02144	0.00382	0.28212	0.00949	0.00815	0.01466
51	0.01462	0.01039	0.01488	0.01605	0.01734	0.01100	0.01188	0.01710	0.01864	0.02563	0.04171	0.27732	0.04588	0.05379	0.27270	0.06083	0.01660	0.05732	0.00756	0.00877
52	0.02217	0.13365	0.50310	0.02850	0.04323	0.02691	0.03621	0.03324	0.02221	0.03231	0.01839	0.02159	0.01342	0.00991	0.00960	0.00320	0.01504	0.00752	0.00447	0.01535
53	0.02335	0.02220	0.03954	0.14038	0.16663	0.02261	0.17013	0.06527	0.02665	0.03644	0.10996	0.04146	0.03235	0.01291	0.01166	0.00347	0.01290	0.04151	0.00688	0.01369
54	0.03197	0.01385	0.01718	0.01454	0.01979	0.01244	0.01153	0.03609	0.02620	0.29415	0.04721	0.07518	0.08726	0.01537	0.00984	0.00307	0.00701	0.01266	0.25104	0.01362
55	0.13192	0.01905	0.02225	0.01825	0.02505	0.01911	0.01475	0.07981	0.12101	0.29377	0.10704	0.03901	0.03458	0.01398	0.01032	0.00333	0.00842	0.01124	0.01136	0.01575
56	0.02345	0.19922	0.23312	0.02453	0.03438	0.02694	0.06151	0.06863	0.02433	0.03277	0.02670	0.11059	0.02535	0.01452	0.01020	0.00330	0.01255	0.04802	0.00616	0.01374
57	0.01636	0.01066	0.01356	0.01451	0.01670	0.00967	0.01053	0.01907	0.02304	0.07703	0.10701	0.37808	0.16937	0.02879	0.01304	0.00402	0.00642	0.06221	0.01025	0.00969
58	0.03595	0.01679	0.02128	0.01752	0.02356	0.01603	0.01407	0.10317	0.02940	0.31936	0.03866	0.08775	0.02917	0.02056	0.06138	0.00443	0.01013	0.01215	0.12358	0.01505
59	0.02928	0.02186	0.03224	0.25661	0.16205	0.02401	0.02531	0.10302	0.07367	0.12746	0.02596	0.02969	0.01886	0.01137	0.01058	0.00336	0.01205	0.00986	0.00757	0.01518
60	0.02917	0.16216	0.03882	0.11076	0.15773	0.02685	0.05186	0.06538	0.05296	0.11620	0.02641	0.03398	0.02144	0.01205	0.01013	0.00320	0.01174	0.04706	0.00719	0.01491
61	0.08377	0.01730	0.02485	0.02058	0.02647	0.01653	0.08078	0.06454	0.02655	0.22579	0.03979	0.15923	0.03497	0.01757	0.01117	0.00357	0.00937	0.05308	0.07042	0.01368
62	0.23760	0.02685	0.09875	0.01945	0.02714	0.05491	0.01768	0.10128	0.07295	0.08649	0.09551	0.03124	0.02799	0.01246	0.00933	0.00318	0.00996	0.00939	0.00830	0.04955
63	0.07368	0.06907	0.12694	0.05417	0.03037	0.01937	0.04483	0.02779	0.06149	0.03267	0.03189	0.20073	0.03202	0.01669	0.01037	0.00327	0.00999	0.01445	0.00708	0.13315

[dist]
# distance from previous block
# <min> <max>
0	13

[block]
# block no. 2 follows, 13 sequences, length 38
# corresponding to MSA columns:
# 117-154
name=unknown_C
#
# <colnr> <probs for GDERKNQSTAVLIFYWHMCP>
#	G	D	E	R	K	N	Q	S	T	A	V	L	I	F	Y	W	H	M	C	P
0	0.13252	0.07534	0.10994	0.02559	0.07189	0.02159	0.07289	0.03807	0.02476	0.23015	0.02967	0.07360	0.02271	0.01266	0.01003	0.00330	0.01101	0.01070	0.00849	0.01510
1	0.09539	0.11595	0.14614	0.10226	0.03805	0.02460	0.06382	0.06964	0.02482	0.11389	0.02608	0.08760	0.02171	0.01293	0.00998	0.00330	0.01195	0.01077	0.00708	0.01405
2	0.01690	0.01268	0.01538	0.01466	0.01759	0.01240	0.01095	0.05522	0.06832	0.04004	0.34838	0.17078	0.12995	0.02302	0.01240	0.00353	0.00593	0.02019	0.01099	0.01068
3	0.07388	0.02755	0.16068	0.02126	0.02968	0.01990	0.02070	0.12192	0.02941	0.18861	0.07615	0.11958	0.03308	0.01571	0.01079	0.00343	0.01033	0.01298	0.00945	0.01493
4	0.02990	0.13141	0.03696	0.06515	0.07414	0.02509	0.09287	0.08337	0.02740	0.15032	0.07196	0.03638	0.06330	0.01325	0.01201	0.00324	0.04954	0.01113	0.00810	0.01445
5	0.01807	0.01296	0.01644	0.01592	0.01757	0.01438	0.01177	0.05651	0.02018	0.02869	0.03358	0.09814	0.03459	0.22651	0.19293	0.00962	0.05856	0.04893	0.07536	0.00928
6	0.03204	0.01743	0.02235	0.01874	0.02413	0.01786	0.01495	0.13508	0.02843	0.23114	0.03297	0.03832	0.02552	0.08363	0.21778	0.00864	0.01648	0.01101	0.00943	0.01407
7	0.02572	0.03068	0.18876	0.12391	0.18843	0.02260	0.02893	0.06839	0.02527	0.09097	0.02602	0.08623	0.02181	0.01279	0.01069	0.00339	0.01259	0.01116	0.00661	0.01506
8	0.02287	0.06572	0.03176	0.33565	0.05235	0.02178	0.06096	0.02883	0.02277	0.08263	0.02885	0.07929	0.02571	0.01470	0.01119	0.00365	0.01251	0.07994	0.00663	0.01221
9	0.04744	0.01799	0.02454	0.01881	0.02699	0.01554	0.01554	0.05153	0.03026	0.56979	0.04171	0.03599	0.02617	0.01309	0.01063	0.00327	0.00900	0.01063	0.01309	0.01799
10	0.04014	0.02051	0.02415	0.06214	0.02935	0.05913	0.01626	0.09525	0.03047	0.36168	0.03541	0.03353	0.02362	0.01259	0.01008	0.00313	0.00982	0.01003	0.10677	0.01596
11	0.08092	0.24527	0.17158	0.06638	0.03477	0.02830	0.02305	0.03660	0.02357	0.16307	0.02273	0.02387	0.01651	0.01046	0.00882	0.00295	0.01179	0.00771	0.00678	0.01487
12	0.03216	0.01690	0.02470	0.02030	0.02623	0.01612	0.06548	0.06894	0.02701	0.26549	0.03803	0.08462	0.03045	0.02520	0.09807	0.00547	0.01240	0.04681	0.08142	0.01418
13	0.01514	0.01117	0.01619	0.01619	0.01779	0.01278	0.01221	0.01836	0.01675	0.02395	0.02906	0.04562	0.02821	0.16047	0.50777	0.01600	0.02565	0.01193	0.00577	0.00899
14	0.02541	0.01409	0.01854	0.05862	0.02429	0.01390	0.01433	0.03189	0.06437	0.17095	0.12350	0.10521	0.04796	0.01911	0.01145	0.00360	0.00798	0.11365	0.11869	0.01246
15	0.09415	0.03293	0.19181	0.07005	0.03996	0.02555	0.09477	0.12742	0.09569	0.04194	0.02594	0.03305	0.02044	0.01237	0.01060	0.00349	0.01294	0.04481	0.00717	0.01488
16	0.03582	0.02477	0.11824	0.01991	0.02825	0.01902	0.01875	0.12816	0.03069	0.27610	0.03333	0.03242	0.02267	0.01233	0.00985	0.00310	0.00978	0.00978	0.15114	0.01589
17	0.53443	0.06924	0.02127	0.01629	0.02314	0.06740	0.01351	0.08412	0.02247	0.04619	0.01596	0.01816	0.01245	0.01014	0.00721	0.00315	0.00958	0.00620	0.00674	0.01235
18	0.02170	0.02056	0.03485	0.45248	0.20979	0.02395	0.03023	0.02853	0.02196	0.02912	0.01910	0.02762	0.01484	0.01025	0.01054	0.00342	0.01367	0.00940	0.00485	0.01314
19	0.07571	0.01767	0.02084	0.01741	0.02420	0.01619	0.01394	0.03509	0.10240	0.15114	0.03499	0.09782	0.03035	0.01488	0.01007	0.00298	0.00822	0.06143	0.00916	0.25553
20	0.02522	0.02506	0.04187	0.03180	0.04035	0.02528	0.25569	0.04268	0.24630	0.03836	0.03038	0.03253	0.02294	0.01113	0.01128	0.00337	0.01278	0.01163	0.00775	0.08361
21	0.03389	0.02050	0.02915	0.10453	0.03613	0.02091	0.07113	0.07911	0.13637	0.25261	0.07336	0.03722	0.02950	0.01315	0.01098	0.00340	0.01041	0.01147	0.01032	0.01587
22	0.33228	0.02028	0.02137	0.01725	0.02475	0.02092	0.01424	0.09264	0.02696	0.28934	0.02824	0.02668	0.01890	0.01162	0.00885	0.00326	0.00892	0.00838	0.00997	0.01514
23	0.25258	0.01876	0.02172	0.01728	0.02494	0.01810	0.01426	0.04513	0.02642	0.40636	0.03327	0.03010	0.02157	0.01206	0.00935	0.00327	0.00874	0.00910	0.01104	0.01595
24	0.02295	0.19808	0.44554	0.02716	0.04116	0.02883	0.03388	0.03303	0.02212	0.03136	0.01792	0.02100	0.01344	0.00980	0.00924	0.00308	0.01456	0.00728	0.00448	0.01512
25	0.03341	0.01609	0.01926	0.01582	0.02145	0.01552	0.01271	0.10930	0.03006	0.25482	0.07608	0.03901	0.03095	0.01339	0.00954	0.00296	0.00754	0.01083	0.26694	0.01431
26	0.01889	0.01073	0.01440	0.01543	0.01736	0.00980	0.01081	0.02112	0.02198	0.12136	0.05540	0.51972	0.06232	0.02964	0.01300	0.00412	0.00663	0.02668	0.01038	0.01022
27	0.13083	0.01949	0.02225	0.01819	0.02493	0.01986	0.01473	0.11475	0.10449	0.25913	0.08704	0.03681	0.03122	0.01356	0.01004	0.00326	0.00852	0.01077	0.05459	0.01556
28	0.02212	0.02099	0.03560	0.41634	0.24268	0.02406	0.03043	0.02890	0.02216	0.02963	0.01917	0.02749	0.01501	0.01017	0.01053	0.00339	0.01356	0.00940	0.00488	0.01348
29	0.38631	0.01736	0.01624	0.01408	0.02008	0.01838	0.01143	0.03333	0.02195	0.16239	0.03165	0.03202	0.06226	0.01236	0.00809	0.00316	0.00760	0.00887	0.11999	0.01246
30	0.04744	0.01799	0.02454	0.01881	0.02699	0.01554	0.01554	0.05153	0.03026	0.56979	0.04171	0.03599	0.02617	0.01309	0.01063	0.00327	0.00900	0.01063	0.01309	0.01799
31	0.02069	0.01935	0.03251	0.44670	0.16901	0.02267	0.02848	0.02718	0.02167	0.02856	0.02208	0.07386	0.01898	0.01209	0.01078	0.00350	0.01316	0.01101	0.00521	0.01253
32	0.02347	0.01438	0.02081	0.01825	0.02213	0.01382	0.05045	0.02717	0.02516	0.16421	0.15671	0.21950	0.10834	0.02220	0.01404	0.00374	0.05422	0.01927	0.01026	0.01188
33	0.01280	0.00953	0.01193	0.01386	0.01511	0.00866	0.00943	0.01482	0.02107	0.02733	0.06879	0.50956	0.17510	0.03176	0.01328	0.00414	0.00597	0.02839	0.00982	0.00866
34	0.02179	0.10235	0.53106	0.02915	0.04423	0.02597	0.03734	0.03333	0.02225	0.03278	0.01862	0.02188	0.01341	0.00996	0.00978	0.00326	0.01527	0.00764	0.00447	0.01546
35	0.07749	0.19967	0.23907	0.02778	0.08993	0.02951	0.02668	0.03665	0.11271	0.03423	0.02178	0.02387	0.01693	0.01044	0.00906	0.00307	0.01230	0.00796	0.00582	0.01506
36	0.07485	0.02085	0.02444	0.02057	0.02647	0.05915	0.05177	0.10650	0.06137	0.15341	0.03720	0.19650	0.03432	0.01770	0.01101	0.00342	0.00976	0.01526	0.00956	0.06588
37	0.10245	0.32544	0.03903	0.06054	0.02918	0.03097	0.01719	0.07137	0.02485	0.13108	0.02206	0.02341	0.01692	0.01047	0.00806	0.00273	0.01036	0.00741	0.05238	0.01410

[dist]
# distance from previous block
# <min> <max>
0	3

[block]
# block no. 3 follows, 13 sequences, length 138
# corresponding to MSA columns:
# 158-295
name=unknown_D
#
# <colnr> <probs for GDERKNQSTAVLIFYWHMCP>
#	G	D	E	R	K	N	Q	S	T	A	V	L	I	F	Y	W	H	M	C	P
0	0.08541	0.02392	0.08725	0.01874	0.02770	0.01866	0.01692	0.07336	0.06585	0.03888	0.02389	0.03093	0.02011	0.01090	0.00898	0.00249	0.00931	0.04546	0.00708	0.38415
1	0.02525	0.18272	0.29382	0.03495	0.15988	0.02929	0.03137	0.06497	0.02431	0.03386	0.01860	0.02215	0.01451	0.00984	0.00941	0.00303	0.01364	0.00779	0.00505	0.01555
2	0.02625	0.06661	0.13697	0.02639	0.09236	0.02259	0.02185	0.04039	0.18704	0.10921	0.12161	0.03930	0.03620	0.01363	0.01060	0.00331	0.01002	0.01147	0.00890	0.01532
3	0.04504	0.02184	0.02692	0.02064	0.02891	0.02125	0.01705	0.20901	0.03670	0.40321	0.03631	0.03248	0.02346	0.01296	0.01061	0.00324	0.00987	0.01026	0.01226	0.01799
4	0.02562	0.01683	0.01997	0.01730	0.02193	0.01769	0.01372	0.09644	0.10162	0.12471	0.13977	0.05284	0.11975	0.02234	0.05787	0.00445	0.04820	0.01389	0.07190	0.01314
5	0.09274	0.07014	0.03414	0.10259	0.15878	0.02398	0.05787	0.09344	0.02721	0.15720	0.02686	0.06334	0.02113	0.01218	0.01021	0.00326	0.01133	0.01054	0.00791	0.01515
6	0.01350	0.00964	0.01297	0.01542	0.01631	0.00912	0.01088	0.01578	0.02085	0.02768	0.05794	0.54731	0.06859	0.03255	0.01366	0.00438	0.00667	0.09820	0.00980	0.00876
7	0.01824	0.06554	0.01975	0.01666	0.01935	0.01473	0.01297	0.02152	0.01924	0.06811	0.03568	0.18390	0.03616	0.05644	0.34757	0.01146	0.01978	0.01546	0.00719	0.01026
8	0.02142	0.01985	0.08687	0.10362	0.06567	0.01708	0.01957	0.06427	0.02361	0.07476	0.03618	0.18759	0.03618	0.06307	0.08828	0.00586	0.01284	0.05356	0.00775	0.01196
9	0.02168	0.18319	0.11809	0.22723	0.08714	0.02618	0.02506	0.02769	0.02150	0.02805	0.02412	0.11846	0.02293	0.01358	0.00996	0.00326	0.01222	0.01147	0.00547	0.01271
10	0.04256	0.01746	0.02268	0.01775	0.02504	0.01577	0.01454	0.07842	0.03025	0.45258	0.03950	0.03584	0.02578	0.01294	0.01011	0.00314	0.00852	0.01044	0.11998	0.01670
11	0.01445	0.00978	0.01213	0.01327	0.01484	0.00913	0.00929	0.01755	0.02294	0.03251	0.16425	0.36541	0.10832	0.02663	0.01216	0.00372	0.00562	0.02368	0.12520	0.00913
12	0.02444	0.32033	0.33632	0.02462	0.03723	0.03247	0.02946	0.03265	0.02194	0.02954	0.01702	0.01987	0.01347	0.00959	0.00855	0.00285	0.01365	0.00682	0.00449	0.01468
13	0.01888	0.06345	0.01920	0.01653	0.01950	0.05894	0.01334	0.02197	0.02476	0.03179	0.20189	0.07703	0.10249	0.02468	0.01652	0.10106	0.00869	0.16093	0.00884	0.00952
14	0.01364	0.00992	0.01387	0.01549	0.01654	0.01016	0.01097	0.01613	0.01914	0.02616	0.04810	0.42455	0.05516	0.04881	0.20810	0.00861	0.01367	0.02370	0.00841	0.00888
15	0.02179	0.04438	0.41606	0.02810	0.04090	0.02315	0.07200	0.03453	0.06996	0.03520	0.02319	0.02640	0.01695	0.01062	0.00999	0.00328	0.01387	0.00880	0.08588	0.01494
16	0.02707	0.26944	0.23698	0.02333	0.03424	0.03177	0.02558	0.12449	0.02763	0.03698	0.05357	0.02453	0.01995	0.01091	0.00905	0.00290	0.01253	0.00804	0.00610	0.01491
17	0.03334	0.31548	0.08924	0.02194	0.03092	0.10069	0.02057	0.16711	0.03066	0.07006	0.01977	0.02109	0.01551	0.01057	0.00864	0.00272	0.01255	0.00732	0.00677	0.01504
18	0.43310	0.08686	0.18986	0.01925	0.02880	0.02562	0.02050	0.03187	0.01964	0.04112	0.01602	0.01873	0.01224	0.00982	0.00764	0.00320	0.01074	0.00636	0.00572	0.01292
19	0.02384	0.02247	0.03792	0.12462	0.43799	0.02297	0.02939	0.02969	0.02326	0.03273	0.02430	0.09686	0.02272	0.01237	0.01084	0.00332	0.01199	0.01186	0.00571	0.01517
20	0.02630	0.25916	0.25474	0.02566	0.03652	0.03103	0.06308	0.03353	0.02227	0.07186	0.01891	0.02196	0.01470	0.01061	0.01132	0.00308	0.06772	0.00771	0.00524	0.01459
21	0.17734	0.01851	0.01900	0.01661	0.02188	0.06471	0.01301	0.03402	0.02630	0.21271	0.16433	0.11044	0.04544	0.01669	0.01044	0.00336	0.00835	0.01365	0.01025	0.01295
22	0.01844	0.01623	0.02090	0.01987	0.02282	0.05954	0.04721	0.02441	0.06199	0.02778	0.03450	0.12260	0.03399	0.05361	0.33145	0.01117	0.02074	0.05533	0.00694	0.01048
23	0.10297	0.02059	0.02523	0.01951	0.02761	0.01978	0.01612	0.14715	0.03318	0.42134	0.03602	0.03218	0.02322	0.01272	0.01027	0.00325	0.00947	0.00998	0.01200	0.01742
24	0.21704	0.02149	0.02604	0.06666	0.03107	0.02323	0.06247	0.16749	0.03048	0.07857	0.09361	0.03929	0.03042	0.01399	0.01022	0.00344	0.01025	0.05192	0.00873	0.01358
25	0.02771	0.58895	0.09635	0.01904	0.02861	0.04047	0.01975	0.03180	0.02155	0.02556	0.01504	0.01738	0.01355	0.00912	0.00704	0.00235	0.01165	0.00582	0.00452	0.01373
26	0.02634	0.01635	0.02095	0.01839	0.02202	0.01744	0.01429	0.06229	0.06770	0.16507	0.14807	0.14087	0.04796	0.06755	0.01872	0.00423	0.10321	0.01580	0.01003	0.01272
27	0.01654	0.01256	0.01619	0.01545	0.01592	0.01450	0.01074	0.01784	0.01590	0.02228	0.02900	0.05507	0.03158	0.39634	0.18194	0.01102	0.10982	0.01341	0.00594	0.00797
28	0.02205	0.02015	0.03261	0.51449	0.10876	0.02435	0.02888	0.06683	0.02363	0.03073	0.01940	0.02781	0.01461	0.01065	0.01056	0.00347	0.01378	0.00941	0.00520	0.01264
29	0.02810	0.01996	0.03368	0.07220	0.03623	0.02012	0.15749	0.03562	0.07149	0.17601	0.03440	0.12634	0.02914	0.01928	0.04700	0.00446	0.05179	0.01421	0.00855	0.01393
30	0.03602	0.01597	0.02108	0.01791	0.02380	0.01455	0.01406	0.04173	0.07210	0.37364	0.04642	0.19858	0.03883	0.01875	0.01144	0.00358	0.00815	0.01613	0.01198	0.01528
31	0.24488	0.01471	0.01433	0.01299	0.01782	0.01484	0.01025	0.02658	0.02338	0.10389	0.11893	0.05558	0.19088	0.01715	0.00971	0.00327	0.00663	0.01355	0.08952	0.01111
32	0.09299	0.02098	0.02562	0.01979	0.02792	0.02029	0.01634	0.16483	0.03407	0.41069	0.03583	0.03207	0.02313	0.01276	0.01032	0.00325	0.00957	0.01001	0.01201	0.01752
33	0.06631	0.01401	0.01769	0.01636	0.01905	0.01467	0.04173	0.02250	0.06243	0.03121	0.08956	0.17463	0.13147	0.13559	0.02133	0.00494	0.05619	0.01787	0.05258	0.00987
34	0.01950	0.01490	0.02391	0.13811	0.08087	0.01521	0.05391	0.02373	0.02227	0.07229	0.04281	0.31679	0.04588	0.02282	0.01244	0.00395	0.00968	0.06138	0.00832	0.01122
35	0.01493	0.01048	0.01307	0.01391	0.01606	0.00979	0.01052	0.01867	0.02453	0.03388	0.20454	0.23049	0.14948	0.02572	0.01251	0.00378	0.00615	0.10164	0.09046	0.00938
36	0.02107	0.01991	0.03370	0.50774	0.15951	0.02378	0.02991	0.02798	0.02166	0.02835	0.01899	0.02783	0.01456	0.01037	0.01055	0.00346	0.01382	0.00940	0.00479	0.01263
37	0.08571	0.02277	0.03163	0.02537	0.03248	0.05751	0.13517	0.04161	0.13227	0.18514	0.03545	0.07539	0.02831	0.01439	0.01116	0.00355	0.01141	0.04660	0.00931	0.01477
38	0.19077	0.03822	0.30851	0.02750	0.08170	0.02303	0.02821	0.03557	0.02264	0.11883	0.02150	0.02350	0.01517	0.01040	0.00932	0.00330	0.01254	0.00788	0.00635	0.01507
39	0.02447	0.01964	0.03217	0.25093	0.23919	0.02100	0.02604	0.03014	0.02317	0.09400	0.02761	0.11412	0.02457	0.01371	0.01096	0.00346	0.01178	0.01254	0.00663	0.01387
40	0.01625	0.01031	0.01436	0.01436	0.01508	0.01104	0.00993	0.01619	0.01547	0.02135	0.02649	0.04641	0.02724	0.22350	0.25376	0.23714	0.01682	0.01179	0.00553	0.00697
41	0.13279	0.02626	0.10975	0.09497	0.04096	0.02167	0.14669	0.03680	0.02428	0.17891	0.02500	0.02742	0.01744	0.01045	0.01018	0.00326	0.01252	0.00949	0.00747	0.06369
42	0.02459	0.37079	0.24304	0.02214	0.03309	0.03290	0.02517	0.03139	0.02247	0.02946	0.05993	0.02393	0.02044	0.01043	0.00844	0.00275	0.01239	0.00753	0.00507	0.01404
43	0.04744	0.01799	0.02454	0.01881	0.02699	0.01554	0.01554	0.05153	0.03026	0.56979	0.04171	0.03599	0.02617	0.01309	0.01063	0.00327	0.00900	0.01063	0.01309	0.01799
44	0.08917	0.01695	0.02113	0.01715	0.02340	0.01599	0.01384	0.08307	0.03094	0.31291	0.20314	0.04728	0.04782	0.01552	0.01089	0.00328	0.00789	0.01286	0.01187	0.01490
45	0.10961	0.09224	0.25298	0.02566	0.03692	0.02660	0.06949	0.09992	0.06672	0.03980	0.02101	0.02346	0.01568	0.01034	0.00947	0.00311	0.01277	0.00819	0.00626	0.06975
46	0.02326	0.01305	0.01701	0.01616	0.01969	0.01230	0.01225	0.02893	0.06684	0.16634	0.19177	0.25010	0.06397	0.02328	0.01236	0.00375	0.00691	0.04885	0.01120	0.01200
47	0.01627	0.01115	0.01569	0.01613	0.01823	0.01074	0.04406	0.01994	0.02178	0.03168	0.04888	0.33606	0.05299	0.02511	0.01192	0.00384	0.00718	0.10162	0.19723	0.00951
48	0.01431	0.01040	0.01371	0.01529	0.01700	0.00980	0.01152	0.01761	0.02353	0.03136	0.16074	0.34192	0.11600	0.02930	0.01349	0.00418	0.00675	0.14375	0.01016	0.00918
49	0.02140	0.02025	0.03430	0.47872	0.18592	0.02387	0.03008	0.02827	0.02182	0.02875	0.01905	0.02772	0.01471	0.01031	0.01055	0.00344	0.01374	0.00940	0.00482	0.01290
50	0.01548	0.01059	0.01288	0.01309	0.01360	0.01089	0.00841	0.01650	0.01641	0.02211	0.03449	0.06915	0.03848	0.48909	0.13502	0.01085	0.01308	0.05612	0.00658	0.00718
51	0.37675	0.01923	0.02002	0.01635	0.02370	0.01965	0.01349	0.04126	0.02410	0.30743	0.02816	0.02654	0.01878	0.01144	0.00858	0.00327	0.00859	0.00817	0.00980	0.01471
52	0.03432	0.02103	0.10050	0.01914	0.02652	0.01507	0.01736	0.03934	0.02748	0.34373	0.10203	0.13226	0.04000	0.01685	0.01122	0.00345	0.00902	0.01432	0.01115	0.01521
53	0.03595	0.02021	0.02386	0.01914	0.02572	0.02043	0.01547	0.22305	0.03622	0.23099	0.09992	0.07468	0.03507	0.01519	0.01073	0.00323	0.00895	0.01242	0.07312	0.01566
54	0.02355	0.01356	0.01396	0.01257	0.01616	0.01416	0.00977	0.11888	0.02734	0.04452	0.03278	0.03679	0.02539	0.01239	0.00799	0.00260	0.00619	0.00979	0.56025	0.01138
55	0.02991	0.45560	0.08336	0.02013	0.02884	0.03721	0.01978	0.07207	0.02409	0.07228	0.01792	0.01994	0.01493	0.01040	0.00962	0.00266	0.05455	0.00676	0.00569	0.01426
56	0.07008	0.02146	0.03142	0.17646	0.20141	0.02278	0.02398	0.10084	0.02802	0.12384	0.07243	0.03238	0.02500	0.01187	0.01048	0.00328	0.01129	0.01028	0.00775	0.01495
57	0.02941	0.01702	0.01947	0.01733	0.02232	0.05109	0.01354	0.03539	0.07425	0.23658	0.11754	0.14654	0.10730	0.01991	0.01172	0.00356	0.00824	0.04429	0.01108	0.01342
58	0.41858	0.08237	0.02655	0.01965	0.02679	0.10776	0.05135	0.09164	0.02429	0.04357	0.01670	0.01922	0.01306	0.01018	0.00790	0.00311	0.01114	0.00681	0.00659	0.01274
59	0.03986	0.02146	0.03117	0.02376	0.03185	0.02043	0.09685	0.14566	0.03277	0.34016	0.03626	0.07482	0.02601	0.01379	0.01112	0.00337	0.01074	0.01209	0.01110	0.01672
60	0.02563	0.02018	0.02827	0.20769	0.08774	0.02309	0.02277	0.07462	0.12411	0.08417	0.03164	0.04471	0.02661	0.01517	0.01314	0.00375	0.05836	0.08654	0.00793	0.01387
61	0.03764	0.03141	0.02900	0.02370	0.03029	0.18414	0.01898	0.18835	0.03360	0.14620	0.02401	0.02509	0.01764	0.01254	0.01304	0.00310	0.08709	0.00864	0.00849	0.07703
62	0.03767	0.02836	0.03031	0.02382	0.03183	0.03161	0.01949	0.44167	0.13936	0.06257	0.02859	0.02794	0.02058	0.01299	0.01061	0.00325	0.01104	0.00996	0.01061	0.01775
63	0.02099	0.02217	0.04592	0.03476	0.04214	0.02077	0.35507	0.02758	0.02341	0.03161	0.03351	0.22339	0.03375	0.01687	0.01281	0.00380	0.01398	0.01825	0.00682	0.01240
64	0.03011	0.02117	0.02145	0.13214	0.03157	0.12194	0.01612	0.03484	0.02537	0.16139	0.02972	0.03257	0.02179	0.01189	0.00920	0.00291	0.01036	0.00938	0.26347	0.01263
65	0.02543	0.02437	0.04159	0.12857	0.50453	0.02493	0.03208	0.03181	0.02373	0.03365	0.01976	0.02641	0.01643	0.00956	0.01048	0.00319	0.01274	0.00942	0.00517	0.01616
66	0.04370	0.01777	0.02325	0.01810	0.02562	0.01596	0.01486	0.07845	0.03054	0.47519	0.03982	0.03572	0.02576	0.01297	0.01025	0.00317	0.00868	0.01047	0.09268	0.01703
67	0.01513	0.01123	0.01652	0.01652	0.01824	0.01296	0.01262	0.01858	0.01685	0.02419	0.02875	0.04394	0.02748	0.12705	0.54020	0.01641	0.02675	0.01168	0.00573	0.00918
68	0.01288	0.00920	0.01227	0.01472	0.01534	0.00859	0.00981	0.01472	0.02024	0.02699	0.05828	0.62152	0.06993	0.03312	0.01350	0.00429	0.00613	0.03006	0.00981	0.00859
69	0.40480	0.02378	0.02285	0.01897	0.02537	0.02772	0.01567	0.19345	0.02820	0.05114	0.01813	0.02058	0.01388	0.01179	0.01120	0.00340	0.08041	0.00739	0.00764	0.01361
70	0.04744	0.01799	0.02454	0.01881	0.02699	0.01554	0.01554	0.05153	0.03026	0.56979	0.04171	0.03599	0.02617	0.01309	0.01063	0.00327	0.00900	0.01063	0.01309	0.01799
71	0.01424	0.01089	0.01313	0.01288	0.01577	0.00978	0.00987	0.01836	0.02730	0.03637	0.34771	0.09087	0.26517	0.02418	0.01267	0.00355	0.00554	0.06136	0.01080	0.00957
72	0.01425	0.01078	0.01314	0.01255	0.01536	0.00967	0.00941	0.01857	0.02824	0.03840	0.42681	0.08557	0.23234	0.02311	0.01248	0.00340	0.00509	0.02004	0.01111	0.00967
73	0.03284	0.01601	0.02042	0.01696	0.02290	0.01484	0.01353	0.04037	0.09573	0.31149	0.18779	0.05385	0.09325	0.01676	0.01131	0.00335	0.00751	0.01413	0.01211	0.01486
74	0.01754	0.01218	0.01922	0.01803	0.01925	0.01291	0.05157	0.01721	0.01686	0.02309	0.02936	0.17946	0.03163	0.03709	0.09603	0.32648	0.06353	0.01492	0.00609	0.00753
75	0.01288	0.00920	0.01227	0.01472	0.01534	0.00859	0.00981	0.01472	0.02024	0.02699	0.05828	0.62152	0.06993	0.03312	0.01350	0.00429	0.00613	0.03006	0.00981	0.00859
76	0.01884	0.01309	0.01814	0.01714	0.01868	0.01501	0.01291	0.05857	0.01846	0.02583	0.02414	0.03776	0.02306	0.09524	0.28698	0.22088	0.07032	0.01064	0.00569	0.00861
77	0.03986	0.11793	0.02868	0.01878	0.02618	0.06866	0.01571	0.04383	0.02880	0.37353	0.09617	0.03658	0.03179	0.01326	0.01014	0.00307	0.00977	0.01051	0.01089	0.01584
78	0.49825	0.02206	0.02677	0.02117	0.02878	0.02374	0.12672	0.03335	0.02054	0.08646	0.01839	0.02123	0.01367	0.00988	0.00820	0.00334	0.01041	0.00763	0.00680	0.01261
79	0.02836	0.50211	0.05073	0.06876	0.06379	0.08218	0.02006	0.03217	0.02228	0.02571	0.01547	0.01859	0.01381	0.00934	0.00753	0.00245	0.01222	0.00627	0.00465	0.01351
80	0.25701	0.01801	0.02014	0.01629	0.02336	0.01745	0.01330	0.03907	0.02552	0.29262	0.09195	0.03376	0.02920	0.01260	0.00928	0.00314	0.00816	0.00967	0.01022	0.06925
81	0.07874	0.02603	0.09786	0.06713	0.13729	0.05480	0.02224	0.07396	0.02799	0.15831	0.11620	0.03589	0.03197	0.01286	0.01047	0.00324	0.01097	0.01072	0.00849	0.01484
82	0.19322	0.07107	0.25251	0.05921	0.06991	0.02341	0.02585	0.03184	0.02156	0.06951	0.02256	0.07428	0.01890	0.01212	0.00937	0.00334	0.01197	0.00947	0.00606	0.01384
83	0.04744	0.01799	0.02454	0.01881	0.02699	0.01554	0.01554	0.05153	0.03026	0.56979	0.04171	0.03599	0.02617	0.01309	0.01063	0.00327	0.00900	0.01063	0.01309	0.01799
84	0.02087	0.02092	0.09599	0.02583	0.03119	0.01677	0.18192	0.02271	0.01846	0.02525	0.01943	0.02979	0.01701	0.02443	0.02814	0.38449	0.01279	0.01010	0.00482	0.00907
85	0.03320	0.01928	0.03075	0.02395	0.03106	0.01781	0.13176	0.07606	0.02836	0.27365	0.04275	0.14507	0.06357	0.01661	0.01169	0.00354	0.01050	0.01525	0.01030	0.01485
86	0.02523	0.02028	0.02225	0.01969	0.02493	0.02250	0.01531	0.12842	0.30296	0.04644	0.15302	0.09139	0.04741	0.01711	0.01131	0.00351	0.00803	0.01451	0.01084	0.01484
87	0.01524	0.01079	0.01427	0.01427	0.01522	0.01174	0.00982	0.01713	0.01619	0.02253	0.03081	0.05532	0.03242	0.35301	0.32100	0.01363	0.01931	0.01335	0.00603	0.00793
88	0.03380	0.02732	0.04647	0.03416	0.04354	0.06863	0.29753	0.07860	0.02884	0.19022	0.02716	0.02967	0.01892	0.01057	0.01156	0.00338	0.01489	0.01126	0.00800	0.01547
89	0.02827	0.63478	0.05540	0.01809	0.02714	0.04184	0.01809	0.03166	0.02148	0.02488	0.01470	0.01696	0.01357	0.00905	0.00678	0.00226	0.01131	0.00565	0.00452	0.01357
90	0.03297	0.01472	0.01958	0.01614	0.02148	0.01309	0.01263	0.03687	0.02839	0.33148	0.21002	0.05404	0.05181	0.08870	0.01635	0.00412	0.00783	0.01398	0.01182	0.01399
91	0.07318	0.01547	0.01961	0.01971	0.02221	0.01735	0.01620	0.06756	0.02392	0.03403	0.04378	0.20206	0.04767	0.02537	0.01654	0.00442	0.10416	0.22735	0.00877	0.01065
92	0.22755	0.08574	0.22049	0.02190	0.03181	0.02450	0.02341	0.03572	0.02218	0.14361	0.02158	0.02313	0.01542	0.01103	0.01041	0.00330	0.04929	0.00767	0.00682	0.01444
93	0.01431	0.01066	0.01331	0.01290	0.01546	0.00966	0.00958	0.01859	0.02801	0.03844	0.42845	0.12678	0.18771	0.02355	0.01256	0.00345	0.00515	0.02062	0.01113	0.00966
94	0.02528	0.23763	0.21888	0.02202	0.03332	0.02838	0.02389	0.07092	0.02415	0.03352	0.01802	0.02068	0.01439	0.00937	0.00844	0.00253	0.01191	0.00684	0.00543	0.18441
95	0.14577	0.02257	0.02363	0.01923	0.02631	0.07128	0.01554	0.10939	0.06208	0.29134	0.07778	0.03397	0.02835	0.01313	0.01004	0.00323	0.00975	0.01017	0.01074	0.01566
96	0.01538	0.01025	0.01153	0.01153	0.01153	0.01025	0.00641	0.01538	0.01538	0.02050	0.03331	0.06919	0.03844	0.62842	0.05382	0.01025	0.01025	0.01538	0.00641	0.00641
97	0.03458	0.07606	0.11191	0.02519	0.03453	0.02404	0.10574	0.14347	0.03102	0.20917	0.02881	0.02928	0.01996	0.01148	0.01028	0.00317	0.01186	0.00985	0.06360	0.01601
98	0.09655	0.07850	0.03165	0.02637	0.07239	0.13966	0.01986	0.20908	0.07507	0.07604	0.02298	0.02440	0.01744	0.01206	0.01129	0.00315	0.05156	0.00857	0.00807	0.01529
99	0.03928	0.02916	0.03122	0.02414	0.03244	0.03236	0.01988	0.49635	0.08205	0.06517	0.02654	0.02631	0.01892	0.01280	0.01059	0.00320	0.01142	0.00968	0.01059	0.01790
100	0.02525	0.26534	0.34136	0.02552	0.03793	0.07605	0.02994	0.03352	0.02263	0.02974	0.01721	0.02011	0.01348	0.00975	0.00882	0.00290	0.01433	0.00695	0.00456	0.01461
101	0.07040	0.05222	0.53338	0.02896	0.04394	0.02449	0.03707	0.03331	0.02201	0.03449	0.01867	0.02195	0.01325	0.01003	0.00979	0.00334	0.01509	0.00766	0.00461	0.01532
102	0.03840	0.02128	0.03295	0.11663	0.03976	0.02075	0.10461	0.10092	0.03021	0.33305	0.03269	0.03223	0.02157	0.01193	0.01093	0.00335	0.01162	0.01062	0.01014	0.01637
103	0.01734	0.06447	0.06338	0.11433	0.02635	0.01594	0.01424	0.02001	0.01797	0.02376	0.03119	0.11971	0.03407	0.35478	0.03449	0.00722	0.01093	0.01473	0.00622	0.00887
104	0.03301	0.01705	0.02068	0.01734	0.02348	0.01651	0.01383	0.04353	0.15709	0.28680	0.09401	0.04864	0.09712	0.01570	0.01079	0.00333	0.00774	0.01302	0.06506	0.01527
105	0.04406	0.01863	0.02405	0.01865	0.02634	0.01706	0.01534	0.10536	0.03183	0.46196	0.03912	0.03505	0.02529	0.01297	0.01033	0.00319	0.00894	0.01043	0.07416	0.01725
106	0.02131	0.26757	0.11735	0.01944	0.02629	0.02641	0.01911	0.02623	0.01960	0.02604	0.02144	0.02876	0.01929	0.04060	0.26639	0.00901	0.01957	0.00852	0.00502	0.01204
107	0.09854	0.02284	0.08886	0.06645	0.03181	0.01879	0.01896	0.08012	0.02822	0.33294	0.03476	0.07747	0.02517	0.01378	0.01041	0.00337	0.01010	0.01120	0.01034	0.01587
108	0.01288	0.00920	0.01227	0.01472	0.01534	0.00859	0.00981	0.01472	0.02024	0.02699	0.05828	0.62152	0.06993	0.03312	0.01350	0.00429	0.00613	0.03006	0.00981	0.00859
109	0.01420	0.01004	0.01160	0.01228	0.01305	0.00956	0.00763	0.01516	0.01821	0.02367	0.05276	0.22780	0.13541	0.36128	0.03562	0.00747	0.00828	0.02062	0.00793	0.00744
110	0.02514	0.17371	0.17463	0.09182	0.03707	0.07147	0.02447	0.07144	0.06638	0.03300	0.02595	0.07057	0.02321	0.01366	0.01003	0.00327	0.01269	0.05138	0.00637	0.01373
111	0.12249	0.01859	0.02328	0.01824	0.02589	0.01728	0.01500	0.07809	0.03006	0.44184	0.07006	0.03579	0.02855	0.01321	0.01026	0.00327	0.00882	0.01052	0.01206	0.01671
112	0.01513	0.01123	0.01650	0.01650	0.01821	0.01295	0.01260	0.01856	0.01685	0.02418	0.02878	0.04405	0.02753	0.12930	0.53802	0.01638	0.02668	0.01170	0.00573	0.00916
113	0.02249	0.01949	0.03257	0.50129	0.12777	0.02317	0.02883	0.02925	0.02208	0.06325	0.02041	0.02846	0.01519	0.01060	0.01056	0.00346	0.01358	0.00948	0.00531	0.01274
114	0.03077	0.22261	0.13255	0.02231	0.03131	0.06698	0.02156	0.14413	0.07104	0.08084	0.02511	0.06149	0.02059	0.01242	0.00943	0.00300	0.01190	0.00941	0.00742	0.01511
115	0.28152	0.02930	0.08725	0.01995	0.02790	0.12655	0.01775	0.04020	0.02480	0.21419	0.02444	0.02435	0.01695	0.01112	0.00887	0.00318	0.01137	0.00780	0.00825	0.01426
116	0.02951	0.41073	0.07779	0.01993	0.02831	0.07218	0.01891	0.11339	0.02628	0.03204	0.01834	0.02303	0.01630	0.05971	0.01158	0.00315	0.01204	0.00728	0.00574	0.01376
117	0.03442	0.02240	0.10491	0.01914	0.02764	0.01575	0.01771	0.03998	0.02785	0.32497	0.12272	0.03929	0.03530	0.01335	0.01047	0.00305	0.00915	0.01104	0.01059	0.11027
