[name]
unknown

[dist]
# distance from previous block
# <min> <max>
0	471

[block]
# block no. 0 follows, 15 sequences, length 56
# corresponding to MSA columns:
# 480-528,532-538
name=unknown_A
#
# <colnr> <probs for GDERKNQSTAVLIFYWHMCP>
#	G	D	E	R	K	N	Q	S	T	A	V	L	I	F	Y	W	H	M	C	P
0	0.02067	0.01772	0.02067	0.01477	0.02362	0.01329	0.01181	0.02510	0.02067	0.03248	0.01772	0.02067	0.01477	0.00738	0.00738	0.00148	0.00738	0.00591	0.00591	0.71059
1	0.02820	0.01547	0.02285	0.06624	0.02743	0.01476	0.06065	0.03400	0.06666	0.26283	0.07284	0.20903	0.03929	0.01777	0.01105	0.00343	0.00854	0.01588	0.00995	0.01313
2	0.03010	0.02085	0.02321	0.01879	0.02477	0.02234	0.01515	0.30032	0.08859	0.09510	0.16007	0.03897	0.03781	0.01412	0.01019	0.00302	0.00852	0.01145	0.06217	0.01448
3	0.02602	0.59841	0.10395	0.01813	0.02725	0.03790	0.01893	0.03001	0.02033	0.02422	0.01424	0.01647	0.01278	0.00862	0.00669	0.00223	0.01105	0.00552	0.00426	0.01298
4	0.02210	0.01402	0.01814	0.07327	0.02401	0.01402	0.01352	0.06765	0.05893	0.13392	0.19569	0.14623	0.09996	0.01951	0.01135	0.00342	0.00740	0.05540	0.00992	0.01157
5	0.03351	0.01635	0.02104	0.01771	0.02346	0.01548	0.01441	0.11457	0.02945	0.32610	0.08786	0.11598	0.03860	0.01716	0.01097	0.00338	0.00831	0.08029	0.01109	0.01426
6	0.02095	0.01988	0.03373	0.42103	0.25675	0.02271	0.02874	0.02733	0.02094	0.02804	0.01809	0.02589	0.01420	0.00957	0.00993	0.00319	0.01276	0.00887	0.00461	0.01278
7	0.02506	0.02297	0.03791	0.08658	0.03790	0.02701	0.17248	0.06944	0.02155	0.07406	0.01844	0.02482	0.01489	0.01334	0.02105	0.00377	0.30079	0.00972	0.00562	0.01259
8	0.06719	0.02160	0.07542	0.06568	0.02751	0.05018	0.01666	0.13091	0.02921	0.11957	0.19246	0.08755	0.04350	0.01537	0.01040	0.00315	0.00908	0.01280	0.00908	0.01269
9	0.03854	0.01832	0.02365	0.01901	0.02561	0.01817	0.01551	0.04736	0.14117	0.42843	0.03731	0.03356	0.02488	0.01303	0.01203	0.00326	0.06261	0.01017	0.01118	0.01619
10	0.72007	0.01928	0.01465	0.01311	0.01928	0.02236	0.01080	0.02930	0.01697	0.04473	0.01388	0.01619	0.01080	0.00925	0.00617	0.00308	0.00771	0.00540	0.00617	0.01080
11	0.01751	0.01467	0.02104	0.14155	0.09263	0.01593	0.01677	0.06109	0.02191	0.02923	0.04230	0.31384	0.08758	0.02154	0.01286	0.00366	0.04905	0.01883	0.00754	0.01047
12	0.02193	0.04886	0.55299	0.02758	0.04176	0.02249	0.03510	0.03290	0.02163	0.07563	0.01957	0.02206	0.01357	0.00970	0.00951	0.00315	0.01424	0.00757	0.00485	0.01491
13	0.01541	0.01230	0.01785	0.01718	0.01856	0.01500	0.01341	0.01850	0.01579	0.02299	0.02498	0.03846	0.02396	0.10885	0.48061	0.01377	0.11746	0.01067	0.00524	0.00899
14	0.01999	0.05157	0.59800	0.02841	0.04315	0.02315	0.03683	0.03157	0.02105	0.03157	0.01789	0.02105	0.01263	0.00947	0.00947	0.00316	0.01473	0.00737	0.00421	0.01473
15	0.02407	0.09510	0.13721	0.07610	0.02959	0.01788	0.01905	0.02916	0.02248	0.16289	0.03853	0.16680	0.06862	0.01708	0.01046	0.00335	0.00968	0.05153	0.00795	0.01246
16	0.01692	0.01223	0.01794	0.11081	0.06152	0.01272	0.01439	0.02030	0.01988	0.06969	0.04411	0.28253	0.09183	0.03365	0.13749	0.00625	0.01186	0.01827	0.00765	0.00994
17	0.01215	0.00868	0.01157	0.01388	0.01446	0.00810	0.00925	0.01388	0.01909	0.02545	0.05495	0.64315	0.06593	0.03123	0.01272	0.00405	0.00578	0.02834	0.00925	0.00810
18	0.02084	0.03606	0.30550	0.02750	0.03753	0.05891	0.13750	0.02931	0.02124	0.03035	0.02086	0.02630	0.01621	0.01966	0.10332	0.00509	0.01637	0.00891	0.06566	0.01287
19	0.02786	0.03244	0.23441	0.07219	0.10967	0.02218	0.11136	0.07377	0.02515	0.15803	0.02354	0.02587	0.01645	0.01008	0.01008	0.00315	0.01294	0.00907	0.00667	0.01507
20	0.02786	0.01847	0.02654	0.19291	0.11673	0.01958	0.02033	0.11079	0.02620	0.16705	0.02910	0.07194	0.02417	0.06054	0.01338	0.00375	0.01064	0.03873	0.00789	0.01339
21	0.01215	0.00868	0.01157	0.01388	0.01446	0.00810	0.00925	0.01388	0.01909	0.02545	0.05495	0.64315	0.06593	0.03123	0.01272	0.00405	0.00578	0.02834	0.00925	0.00810
22	0.02981	0.02523	0.11124	0.16892	0.04057	0.05372	0.05686	0.03736	0.06437	0.22098	0.02645	0.02823	0.01842	0.01147	0.01177	0.00326	0.06035	0.00926	0.00758	0.01412
23	0.03464	0.09106	0.19455	0.02187	0.03150	0.07251	0.02207	0.07882	0.02691	0.28677	0.02743	0.02634	0.01843	0.01093	0.00943	0.00296	0.01153	0.00841	0.00840	0.01545
24	0.02839	0.01837	0.08464	0.01748	0.02352	0.01420	0.01533	0.03412	0.05897	0.27829	0.04480	0.15968	0.08481	0.02249	0.06294	0.00446	0.00989	0.01453	0.00976	0.01336
25	0.62806	0.01946	0.01734	0.05749	0.05916	0.02243	0.01321	0.02913	0.01753	0.04265	0.01445	0.01744	0.01129	0.00928	0.00666	0.00309	0.00835	0.00586	0.00597	0.01114
26	0.01622	0.01056	0.01331	0.01276	0.01553	0.00949	0.00951	0.01991	0.02563	0.08748	0.34676	0.16889	0.18138	0.02239	0.01176	0.00333	0.00531	0.01958	0.01047	0.00971
27	0.02777	0.02150	0.07667	0.01739	0.02646	0.01587	0.01541	0.07094	0.02458	0.17192	0.02348	0.02419	0.01715	0.00913	0.00842	0.00214	0.00862	0.00728	0.00762	0.42345
28	0.01559	0.01158	0.01419	0.01353	0.01364	0.01302	0.00885	0.01615	0.01471	0.02028	0.02832	0.05696	0.03199	0.51656	0.08399	0.00927	0.10527	0.01337	0.00574	0.00696
29	0.01656	0.01318	0.06832	0.01416	0.01611	0.01030	0.01128	0.01626	0.01750	0.02423	0.15288	0.04297	0.03676	0.08243	0.03073	0.41397	0.00838	0.01127	0.00605	0.00667
30	0.02978	0.02389	0.02535	0.02130	0.02782	0.02712	0.01698	0.24365	0.37067	0.04974	0.03424	0.03215	0.02530	0.01293	0.01008	0.00323	0.00906	0.01040	0.01008	0.01623
31	0.01999	0.05157	0.59800	0.02841	0.04315	0.02315	0.03683	0.03157	0.02105	0.03157	0.01789	0.02105	0.01263	0.00947	0.00947	0.00316	0.01473	0.00737	0.00421	0.01473
32	0.22168	0.16020	0.03103	0.08841	0.03119	0.02670	0.05767	0.06840	0.11482	0.07854	0.02187	0.02354	0.01661	0.01024	0.00829	0.00297	0.01000	0.00784	0.00684	0.01317
33	0.08253	0.25713	0.15927	0.02306	0.03276	0.02838	0.09503	0.06274	0.02339	0.11842	0.02009	0.02181	0.01500	0.00955	0.00854	0.00279	0.01183	0.00759	0.00608	0.01401
34	0.01215	0.00868	0.01157	0.01388	0.01446	0.00810	0.00925	0.01388	0.01909	0.02545	0.05495	0.64315	0.06593	0.03123	0.01272	0.00405	0.00578	0.02834	0.00925	0.00810
35	0.01883	0.01772	0.02990	0.62569	0.06866	0.02215	0.02769	0.02547	0.01993	0.02547	0.01772	0.02658	0.01329	0.00997	0.00997	0.00332	0.01329	0.00886	0.00443	0.01107
36	0.03633	0.07203	0.08157	0.02296	0.03164	0.02057	0.10281	0.07614	0.05503	0.34864	0.03149	0.02981	0.02097	0.01120	0.00998	0.00307	0.01066	0.00970	0.00957	0.01582
37	0.02080	0.09902	0.15976	0.08037	0.15706	0.02239	0.11025	0.02736	0.02141	0.02938	0.02566	0.12662	0.02457	0.01349	0.01035	0.00326	0.01215	0.03762	0.00558	0.01291
38	0.72007	0.01928	0.01465	0.01311	0.01928	0.02236	0.01080	0.02930	0.01697	0.04473	0.01388	0.01619	0.01080	0.00925	0.00617	0.00308	0.00771	0.00540	0.00617	0.01080
39	0.01920	0.01345	0.01745	0.01608	0.01710	0.01542	0.01180	0.02068	0.01676	0.07599	0.02916	0.05391	0.03054	0.35329	0.07616	0.00780	0.15842	0.05168	0.00644	0.00866
40	0.02584	0.01668	0.02204	0.01883	0.02189	0.01905	0.01496	0.07722	0.02239	0.16360	0.06778	0.03831	0.02773	0.12205	0.12143	0.00657	0.18322	0.01096	0.00770	0.01173
41	0.02302	0.02199	0.03747	0.22122	0.44039	0.02325	0.02977	0.02914	0.02192	0.03056	0.01846	0.02521	0.01508	0.00919	0.00990	0.00306	0.01225	0.00888	0.00479	0.01445
42	0.02480	0.02141	0.02254	0.02029	0.02592	0.02480	0.01578	0.05297	0.56946	0.04170	0.04057	0.03719	0.03043	0.01352	0.01014	0.00338	0.00789	0.01127	0.01014	0.01578
43	0.02067	0.01772	0.02067	0.01477	0.02362	0.01329	0.01181	0.02510	0.02067	0.03248	0.01772	0.02067	0.01477	0.00738	0.00738	0.00148	0.00738	0.00591	0.00591	0.71059
44	0.02665	0.65565	0.05224	0.01706	0.02559	0.03945	0.01706	0.02985	0.02026	0.02345	0.01386	0.01599	0.01279	0.00853	0.00640	0.00213	0.01066	0.00533	0.00426	0.01279
45	0.02337	0.01204	0.01502	0.01314	0.01726	0.01075	0.01025	0.02740	0.02621	0.20089	0.25065	0.06110	0.15600	0.01764	0.01055	0.00305	0.00588	0.01496	0.11240	0.01144
46	0.02178	0.02000	0.03370	0.18621	0.37857	0.02100	0.02662	0.02678	0.02105	0.02921	0.02121	0.07350	0.01921	0.01279	0.01228	0.05590	0.01147	0.01037	0.00511	0.01323
47	0.01215	0.00868	0.01157	0.01388	0.01446	0.00810	0.00925	0.01388	0.01909	0.02545	0.05495	0.64315	0.06593	0.03123	0.01272	0.00405	0.00578	0.02834	0.00925	0.00810
48	0.02345	0.02951	0.14123	0.04552	0.25212	0.02425	0.22983	0.03278	0.05959	0.03277	0.02062	0.02575	0.01598	0.00911	0.01055	0.00318	0.01397	0.00989	0.00520	0.01471
49	0.01387	0.01000	0.01311	0.01271	0.01484	0.00924	0.00939	0.01820	0.02709	0.03818	0.51712	0.14467	0.09059	0.02172	0.01188	0.00325	0.00484	0.01930	0.01076	0.00924
50	0.02067	0.01772	0.02067	0.01477	0.02362	0.01329	0.01181	0.02510	0.02067	0.03248	0.01772	0.02067	0.01477	0.00738	0.00738	0.00148	0.00738	0.00591	0.00591	0.71059
51	0.01276	0.01003	0.01153	0.01138	0.01412	0.00880	0.00845	0.01611	0.02469	0.03214	0.29396	0.12792	0.34516	0.02371	0.01184	0.00332	0.00496	0.02035	0.00996	0.00880
52	0.04073	0.01810	0.02328	0.01828	0.02542	0.01684	0.01491	0.13121	0.03082	0.45478	0.03808	0.08530	0.02696	0.01392	0.01025	0.00315	0.00867	0.01144	0.01167	0.01619
53	0.01379	0.00995	0.01304	0.01276	0.01482	0.00919	0.00938	0.01802	0.02674	0.03763	0.49702	0.16634	0.08952	0.02213	0.01191	0.00328	0.00488	0.01969	0.01070	0.00919
54	0.07491	0.01831	0.02531	0.34129	0.04648	0.05869	0.05451	0.02593	0.02027	0.02900	0.02114	0.03002	0.01713	0.05787	0.01222	0.00355	0.01156	0.00911	0.13217	0.01054
55	0.53493	0.06657	0.01832	0.01406	0.02017	0.02321	0.01170	0.05675	0.05456	0.04327	0.01755	0.01955	0.01366	0.00979	0.00669	0.00297	0.00787	0.00625	0.06067	0.01146

[dist]
# distance from previous block
# <min> <max>
0	6

[block]
# block no. 1 follows, 15 sequences, length 20
# corresponding to MSA columns:
# 545-564
name=unknown_B
#
# <colnr> <probs for GDERKNQSTAVLIFYWHMCP>
#	G	D	E	R	K	N	Q	S	T	A	V	L	I	F	Y	W	H	M	C	P
0	0.02032	0.01960	0.03098	0.37548	0.09673	0.02513	0.02593	0.02539	0.01857	0.02555	0.01623	0.02480	0.01343	0.01242	0.01770	0.00365	0.22344	0.00882	0.00445	0.01140
1	0.01402	0.01114	0.01280	0.01305	0.01586	0.01050	0.00987	0.01961	0.07823	0.03094	0.17417	0.18179	0.29391	0.02439	0.01197	0.00356	0.00580	0.06937	0.00967	0.00937
2	0.01387	0.01018	0.01300	0.01230	0.01475	0.00931	0.00922	0.01836	0.02767	0.03866	0.53374	0.07663	0.14335	0.02087	0.01176	0.00316	0.00474	0.01833	0.01080	0.00931
3	0.02870	0.02999	0.02480	0.02193	0.02520	0.26207	0.01721	0.07373	0.02442	0.03029	0.01927	0.02386	0.01609	0.01277	0.01541	0.00306	0.18994	0.00793	0.16203	0.01131
4	0.01732	0.00866	0.01299	0.01299	0.01299	0.00866	0.00866	0.01299	0.01299	0.01732	0.01732	0.03030	0.01732	0.03463	0.03896	0.70996	0.00866	0.00866	0.00433	0.00433
5	0.01244	0.01012	0.01101	0.01079	0.01387	0.00870	0.00809	0.01558	0.02428	0.03062	0.23698	0.08987	0.44513	0.02387	0.01178	0.00330	0.00495	0.02019	0.00974	0.00870
6	0.02665	0.65565	0.05224	0.01706	0.02559	0.03945	0.01706	0.02985	0.02026	0.02345	0.01386	0.01599	0.01279	0.00853	0.00640	0.00213	0.01066	0.00533	0.00426	0.01279
7	0.03790	0.02792	0.02992	0.02294	0.03091	0.03091	0.01895	0.55423	0.04687	0.06283	0.02393	0.02393	0.01695	0.01197	0.00997	0.00299	0.01097	0.00898	0.00997	0.01695
8	0.02467	0.02369	0.04046	0.06119	0.58747	0.02369	0.03059	0.03059	0.02270	0.03257	0.01875	0.02467	0.01579	0.00888	0.00987	0.00296	0.01184	0.00888	0.00493	0.01579
9	0.04473	0.01697	0.02313	0.01774	0.02545	0.01465	0.01465	0.04858	0.02853	0.59437	0.03933	0.03393	0.02468	0.01234	0.01003	0.00308	0.00848	0.01003	0.01234	0.01697
10	0.03004	0.02402	0.02549	0.02135	0.02792	0.02724	0.01705	0.25356	0.36033	0.05016	0.03392	0.03189	0.02504	0.01290	0.01008	0.00323	0.00912	0.01035	0.01008	0.01625
11	0.01450	0.00966	0.01087	0.01087	0.01087	0.00966	0.00604	0.01450	0.01450	0.01933	0.03141	0.06524	0.03624	0.64965	0.05074	0.00966	0.00966	0.01450	0.00604	0.00604
12	0.48162	0.01800	0.01537	0.01368	0.01909	0.02035	0.01103	0.08889	0.02125	0.04442	0.02064	0.05911	0.01733	0.01131	0.00715	0.00301	0.00747	0.00787	0.12131	0.01111
13	0.02775	0.59451	0.05006	0.01763	0.02611	0.03861	0.01724	0.08093	0.02285	0.02729	0.01484	0.01677	0.01320	0.00886	0.00674	0.00222	0.01069	0.00569	0.00482	0.01320
14	0.02602	0.15176	0.03063	0.07749	0.02950	0.02366	0.01688	0.06024	0.02218	0.10213	0.01928	0.02235	0.01533	0.01044	0.01209	0.00256	0.11183	0.00725	0.00623	0.25215
15	0.01802	0.01712	0.02884	0.37946	0.08935	0.01922	0.07586	0.02375	0.02094	0.02687	0.03532	0.07715	0.11949	0.01380	0.01064	0.00335	0.01160	0.01255	0.00569	0.01097
16	0.01787	0.01435	0.01653	0.01586	0.01931	0.01515	0.01212	0.03093	0.23192	0.03703	0.23374	0.13651	0.10390	0.02004	0.01141	0.00346	0.00639	0.05175	0.01018	0.01157
17	0.02181	0.02181	0.03053	0.02617	0.02617	0.03053	0.02181	0.02399	0.01527	0.02399	0.01309	0.02181	0.01309	0.01745	0.03272	0.00436	0.63141	0.00872	0.00436	0.01091
18	0.02148	0.01689	0.07669	0.10034	0.02790	0.01392	0.01646	0.02676	0.02481	0.14419	0.22465	0.05720	0.08217	0.02067	0.04891	0.00412	0.00949	0.06275	0.00903	0.01156
19	0.02494	0.03194	0.22755	0.03624	0.20512	0.02162	0.06380	0.03412	0.06048	0.09812	0.02235	0.02514	0.01661	0.00963	0.00966	0.00295	0.01208	0.00857	0.00601	0.08308

[dist]
# distance from previous block
# <min> <max>
0	1

[block]
# block no. 2 follows, 15 sequences, length 29
# corresponding to MSA columns:
# 566-594
name=unknown_C
#
# <colnr> <probs for GDERKNQSTAVLIFYWHMCP>
#	G	D	E	R	K	N	Q	S	T	A	V	L	I	F	Y	W	H	M	C	P
0	0.25839	0.01516	0.01654	0.05955	0.02253	0.01632	0.01270	0.02752	0.06031	0.08953	0.13890	0.12860	0.04171	0.01673	0.00975	0.00340	0.00747	0.05539	0.00853	0.01095
1	0.02866	0.07456	0.20231	0.02177	0.03079	0.01974	0.04976	0.06961	0.02602	0.21432	0.09555	0.06679	0.02981	0.01298	0.01004	0.00311	0.01057	0.01089	0.00836	0.01437
2	0.08021	0.17782	0.35054	0.02609	0.07273	0.02609	0.02831	0.03219	0.02120	0.07232	0.01831	0.02073	0.01362	0.00942	0.00859	0.00291	0.01261	0.00706	0.00503	0.01422
3	0.02353	0.02689	0.05882	0.04202	0.05210	0.02521	0.55126	0.03193	0.02353	0.03193	0.02017	0.02689	0.01513	0.00840	0.01176	0.00336	0.01681	0.01176	0.00504	0.01345
4	0.01435	0.01024	0.01379	0.01379	0.01479	0.01125	0.00967	0.01637	0.01536	0.02149	0.02875	0.05048	0.02984	0.32427	0.36736	0.01326	0.01931	0.01234	0.00564	0.00766
5	0.02184	0.02562	0.10744	0.14456	0.04119	0.06967	0.16568	0.03063	0.07318	0.03119	0.02528	0.07313	0.02095	0.01164	0.01009	0.00316	0.01250	0.01097	0.10908	0.01220
6	0.21673	0.01924	0.02165	0.06330	0.06766	0.02121	0.01577	0.03982	0.21885	0.12861	0.03074	0.06629	0.02402	0.01266	0.00916	0.00326	0.00848	0.01016	0.00857	0.01381
7	0.01424	0.01068	0.01602	0.01602	0.01780	0.01246	0.01246	0.01780	0.01602	0.02314	0.02670	0.03916	0.02492	0.07477	0.61015	0.01602	0.02670	0.01068	0.00534	0.00890
8	0.01395	0.01007	0.01318	0.01265	0.01486	0.00930	0.00939	0.01841	0.02748	0.03880	0.53957	0.12046	0.09179	0.02126	0.01184	0.00321	0.00479	0.01886	0.01083	0.00930
9	0.03623	0.10565	0.03054	0.02486	0.03032	0.55512	0.01905	0.03886	0.02749	0.02431	0.01526	0.01779	0.01284	0.01011	0.00874	0.00253	0.01728	0.00632	0.00505	0.01168
10	0.01883	0.01772	0.02990	0.62569	0.06866	0.02215	0.02769	0.02547	0.01993	0.02547	0.01772	0.02658	0.01329	0.00997	0.00997	0.00332	0.01329	0.00886	0.00443	0.01107
11	0.01440	0.01003	0.01273	0.01273	0.01337	0.01067	0.00836	0.01569	0.01505	0.02070	0.02971	0.05583	0.03216	0.44232	0.25249	0.01196	0.01581	0.01312	0.00579	0.00707
12	0.72007	0.01928	0.01465	0.01311	0.01928	0.02236	0.01080	0.02930	0.01697	0.04473	0.01388	0.01619	0.01080	0.00925	0.00617	0.00308	0.00771	0.00540	0.00617	0.01080
13	0.02692	0.02002	0.02305	0.01694	0.02549	0.01751	0.01373	0.15010	0.02749	0.09202	0.02118	0.02267	0.01620	0.00891	0.00823	0.00198	0.00832	0.00700	0.00745	0.48481
14	0.72007	0.01928	0.01465	0.01311	0.01928	0.02236	0.01080	0.02930	0.01697	0.04473	0.01388	0.01619	0.01080	0.00925	0.00617	0.00308	0.00771	0.00540	0.00617	0.01080
15	0.01968	0.01174	0.01622	0.01733	0.02011	0.01126	0.01443	0.02356	0.02301	0.11611	0.05115	0.21075	0.05410	0.02596	0.01297	0.00424	0.00837	0.33917	0.00968	0.01016
16	0.01411	0.01019	0.01333	0.01254	0.01489	0.00941	0.00941	0.01881	0.02822	0.03998	0.58221	0.07447	0.09406	0.02038	0.01176	0.00314	0.00470	0.01803	0.01097	0.00941
17	0.01200	0.01011	0.01041	0.01033	0.01360	0.00851	0.00775	0.01474	0.02325	0.02818	0.14699	0.09389	0.53664	0.02478	0.01178	0.00334	0.00502	0.02075	0.00942	0.00851
18	0.01424	0.01068	0.01602	0.01602	0.01780	0.01246	0.01246	0.01780	0.01602	0.02314	0.02670	0.03916	0.02492	0.07477	0.61015	0.01602	0.02670	0.01068	0.00534	0.00890
19	0.01732	0.00866	0.01299	0.01299	0.01299	0.00866	0.00866	0.01299	0.01299	0.01732	0.01732	0.03030	0.01732	0.03463	0.03896	0.70996	0.00866	0.00866	0.00433	0.00433
20	0.01766	0.01539	0.02052	0.01878	0.01887	0.01953	0.01421	0.01900	0.01561	0.02258	0.02633	0.13768	0.02982	0.24307	0.03585	0.00619	0.31049	0.01394	0.00575	0.00873
21	0.72007	0.01928	0.01465	0.01311	0.01928	0.02236	0.01080	0.02930	0.01697	0.04473	0.01388	0.01619	0.01080	0.00925	0.00617	0.00308	0.00771	0.00540	0.00617	0.01080
22	0.01453	0.00999	0.01232	0.01210	0.01347	0.00999	0.00832	0.01704	0.01968	0.02782	0.19172	0.06252	0.07998	0.27870	0.13444	0.00798	0.01064	0.01474	0.06608	0.00792
23	0.01347	0.00981	0.01268	0.01271	0.01469	0.00902	0.00925	0.01729	0.02559	0.03551	0.41966	0.21686	0.11948	0.02339	0.01200	0.00338	0.00499	0.02078	0.01043	0.00902
24	0.02407	0.23424	0.23528	0.12745	0.03927	0.02773	0.02557	0.03295	0.06709	0.06852	0.01998	0.02265	0.01514	0.00980	0.00867	0.00287	0.01216	0.00749	0.00534	0.01372
25	0.18966	0.29823	0.22916	0.01998	0.03006	0.02982	0.02230	0.03031	0.01974	0.03129	0.01524	0.01776	0.01226	0.00902	0.00739	0.00271	0.01134	0.00604	0.00470	0.01298
26	0.01229	0.00895	0.01159	0.01339	0.01440	0.00825	0.00911	0.01438	0.02029	0.02695	0.10861	0.53770	0.11803	0.02965	0.01254	0.00390	0.00561	0.02668	0.00941	0.00825
27	0.09278	0.02918	0.02744	0.06336	0.03169	0.24130	0.06676	0.03842	0.02583	0.20718	0.02586	0.06249	0.01990	0.01193	0.00963	0.00299	0.01294	0.00948	0.00770	0.01314
28	0.02318	0.16364	0.19711	0.11527	0.03751	0.05880	0.02382	0.03432	0.12856	0.03059	0.02131	0.02380	0.01647	0.00999	0.00881	0.00282	0.01181	0.00775	0.00563	0.07880

[dist]
# distance from previous block
# <min> <max>
0	27

[block]
# block no. 3 follows, 15 sequences, length 11
# corresponding to MSA columns:
# 622-632
name=unknown_D
#
# <colnr> <probs for GDERKNQSTAVLIFYWHMCP>
#	G	D	E	R	K	N	Q	S	T	A	V	L	I	F	Y	W	H	M	C	P
0	0.15842	0.37884	0.03935	0.05739	0.02787	0.10473	0.01713	0.03032	0.02028	0.02776	0.01426	0.01733	0.01247	0.00954	0.00857	0.00258	0.05046	0.00592	0.00475	0.01203
1	0.19399	0.06495	0.02395	0.01993	0.08407	0.01868	0.01433	0.02995	0.02093	0.10399	0.01928	0.02131	0.01499	0.00869	0.00761	0.00227	0.00832	0.00657	0.00654	0.32964
2	0.14777	0.19888	0.08015	0.02237	0.02899	0.21233	0.04606	0.03243	0.02183	0.02856	0.01490	0.01831	0.01261	0.01034	0.01084	0.00284	0.08728	0.00658	0.00491	0.01203
3	0.01387	0.01018	0.01300	0.01229	0.01475	0.00931	0.00922	0.01835	0.02766	0.03865	0.53327	0.07665	0.14383	0.02088	0.01176	0.00316	0.00474	0.01833	0.01080	0.00931
4	0.01286	0.00912	0.01205	0.01414	0.01488	0.00866	0.00978	0.01477	0.01912	0.02540	0.05240	0.52197	0.06201	0.09053	0.01653	0.00466	0.00658	0.08758	0.00893	0.00803
5	0.01260	0.00919	0.01187	0.01318	0.01447	0.00846	0.00913	0.01516	0.02173	0.02924	0.19186	0.44741	0.12300	0.02793	0.01239	0.00375	0.00544	0.02504	0.00969	0.00846
6	0.01396	0.00948	0.01219	0.01314	0.01468	0.00895	0.00950	0.01730	0.02274	0.03230	0.23258	0.32929	0.06960	0.02464	0.01171	0.00355	0.00551	0.05799	0.10212	0.00878
7	0.02544	0.54535	0.15189	0.01913	0.02879	0.03647	0.02067	0.03016	0.02040	0.02494	0.01460	0.01691	0.01276	0.00870	0.00696	0.00232	0.01140	0.00570	0.00425	0.01315
8	0.02733	0.27099	0.03793	0.23915	0.04189	0.02918	0.02087	0.09503	0.02439	0.09646	0.01951	0.02294	0.01489	0.00992	0.00856	0.00278	0.01140	0.00762	0.00598	0.01317
9	0.01517	0.01054	0.01194	0.01129	0.01226	0.01006	0.00667	0.01565	0.01517	0.02076	0.02993	0.06041	0.03391	0.58002	0.04604	0.00878	0.00942	0.01357	0.00603	0.08243
10	0.02067	0.01772	0.02067	0.01477	0.02362	0.01329	0.01181	0.02510	0.02067	0.03248	0.01772	0.02067	0.01477	0.00738	0.00738	0.00148	0.00738	0.00591	0.00591	0.71059

[dist]
# distance from previous block
# <min> <max>
0	324

# created by:
# /st0/software/busco_prod/Augustus/scripts/msa2prfl.pl ./align_prep/7237.fa
