[name]
unknown

[dist]
# distance from previous block
# <min> <max>
0	519

[block]
# block no. 0 follows, 14 sequences, length 26
# corresponding to MSA columns:
# 538-563
name=unknown_A
#
# <colnr> <probs for GDERKNQSTAVLIFYWHMCP>
#	G	D	E	R	K	N	Q	S	T	A	V	L	I	F	Y	W	H	M	C	P
0	0.01492	0.00995	0.01119	0.01119	0.01119	0.00995	0.00622	0.01492	0.01492	0.01990	0.03233	0.06716	0.03731	0.63935	0.05223	0.00995	0.00995	0.01492	0.00622	0.00622
1	0.01349	0.01004	0.01256	0.01279	0.01492	0.00911	0.00927	0.01705	0.02534	0.03438	0.33645	0.23367	0.18309	0.02504	0.01238	0.00353	0.00522	0.02209	0.01046	0.00911
2	0.13284	0.03916	0.35247	0.02721	0.07598	0.02211	0.02901	0.03535	0.02258	0.13776	0.02198	0.02365	0.01527	0.01022	0.00936	0.00321	0.01262	0.00790	0.00627	0.01505
3	0.02058	0.05308	0.58618	0.02925	0.04442	0.02383	0.03792	0.03250	0.02167	0.03250	0.01842	0.02167	0.01300	0.00975	0.00975	0.00325	0.01517	0.00758	0.00433	0.01517
4	0.01543	0.01102	0.01527	0.01763	0.01951	0.01086	0.01461	0.01935	0.02253	0.02947	0.05495	0.25765	0.06148	0.02939	0.01388	0.00457	0.00849	0.37530	0.00947	0.00914
5	0.01938	0.01824	0.03078	0.61468	0.07068	0.02280	0.02850	0.02622	0.02052	0.02622	0.01824	0.02736	0.01368	0.01026	0.01026	0.00342	0.01368	0.00912	0.00456	0.01140
6	0.02296	0.08146	0.08325	0.11241	0.13570	0.02156	0.06518	0.02963	0.05988	0.06657	0.02514	0.03690	0.02233	0.17035	0.02071	0.00487	0.01189	0.01063	0.00609	0.01249
7	0.01456	0.01063	0.01448	0.01389	0.01615	0.01055	0.01055	0.01908	0.02560	0.03640	0.42102	0.06668	0.07729	0.03635	0.17312	0.00687	0.01106	0.01648	0.00970	0.00954
8	0.04472	0.01959	0.02513	0.01927	0.02726	0.01824	0.01592	0.14263	0.03293	0.48480	0.03750	0.03299	0.02390	0.01263	0.01031	0.00316	0.00922	0.01012	0.01224	0.01746
9	0.01654	0.01181	0.01654	0.01890	0.02126	0.01181	0.01654	0.02126	0.02362	0.03071	0.05433	0.11576	0.05906	0.02835	0.01417	0.00472	0.00945	0.50626	0.00945	0.00945
10	0.02632	0.02398	0.03831	0.14906	0.41472	0.02517	0.02930	0.10262	0.02641	0.03671	0.01988	0.02562	0.01600	0.00978	0.01019	0.00311	0.01231	0.00915	0.00573	0.01562
11	0.01283	0.00916	0.01228	0.01466	0.01540	0.00861	0.01009	0.01485	0.01997	0.02656	0.05638	0.59121	0.06717	0.03185	0.01318	0.00421	0.00623	0.06742	0.00952	0.00842
12	0.02245	0.02245	0.03143	0.02694	0.02694	0.03143	0.02245	0.02470	0.01572	0.02470	0.01347	0.02245	0.01347	0.01796	0.03368	0.00449	0.62057	0.00898	0.00449	0.01123
13	0.02553	0.02204	0.02320	0.02088	0.02669	0.02553	0.01624	0.05453	0.55679	0.04293	0.04177	0.03829	0.03133	0.01392	0.01044	0.00348	0.00812	0.01160	0.01044	0.01624
14	0.02164	0.02055	0.03487	0.40723	0.26045	0.02340	0.02963	0.02820	0.02159	0.02897	0.01864	0.02662	0.01465	0.00984	0.01022	0.00328	0.01312	0.00913	0.00476	0.01323
15	0.02605	0.16315	0.37681	0.02540	0.03799	0.02706	0.03006	0.08235	0.02476	0.08513	0.02025	0.02217	0.01461	0.01008	0.00923	0.00302	0.01338	0.00759	0.00569	0.01521
16	0.02422	0.02768	0.06055	0.04325	0.05363	0.02595	0.53806	0.03287	0.02422	0.03287	0.02076	0.02768	0.01557	0.00865	0.01211	0.00346	0.01730	0.01211	0.00519	0.01384
17	0.04604	0.01746	0.02382	0.01826	0.02620	0.01508	0.01508	0.05001	0.02937	0.58244	0.04049	0.03493	0.02540	0.01270	0.01032	0.00318	0.00873	0.01032	0.01270	0.01746
18	0.02128	0.01824	0.02128	0.01520	0.02432	0.01368	0.01216	0.02584	0.02128	0.03344	0.01824	0.02128	0.01520	0.00760	0.00760	0.00152	0.00760	0.00608	0.00608	0.70208
19	0.02403	0.02299	0.03918	0.18834	0.46067	0.02402	0.03081	0.03030	0.02272	0.03187	0.01906	0.02584	0.01567	0.00940	0.01018	0.00313	0.01253	0.00914	0.00496	0.01515
20	0.02058	0.05308	0.58618	0.02925	0.04442	0.02383	0.03792	0.03250	0.02167	0.03250	0.01842	0.02167	0.01300	0.00975	0.00975	0.00325	0.01517	0.00758	0.00433	0.01517
21	0.71184	0.01985	0.01508	0.01350	0.01985	0.02302	0.01111	0.03017	0.01746	0.04604	0.01429	0.01667	0.01111	0.00953	0.00635	0.00318	0.00794	0.00556	0.00635	0.01111
22	0.16571	0.03141	0.17462	0.03880	0.17962	0.02442	0.17575	0.03186	0.02198	0.03567	0.01847	0.02335	0.01420	0.00923	0.00984	0.00324	0.01352	0.00888	0.00519	0.01423
23	0.03365	0.02221	0.03820	0.04052	0.24207	0.02088	0.12892	0.03940	0.02601	0.25927	0.02832	0.02979	0.01988	0.01051	0.01063	0.00319	0.01182	0.01024	0.00824	0.01626
24	0.02659	0.03187	0.21746	0.07681	0.17479	0.02152	0.06564	0.03433	0.02354	0.13088	0.02273	0.02578	0.01648	0.00988	0.00996	0.00305	0.01260	0.00876	0.00626	0.08108
25	0.03385	0.02486	0.12925	0.02008	0.02904	0.01798	0.01899	0.07288	0.06522	0.29635	0.06776	0.03293	0.02635	0.01206	0.00996	0.00298	0.00965	0.00980	0.00981	0.11021

[dist]
# distance from previous block
# <min> <max>
5	12

[block]
# block no. 1 follows, 14 sequences, length 28
# corresponding to MSA columns:
# 577-604
name=unknown_B
#
# <colnr> <probs for GDERKNQSTAVLIFYWHMCP>
#	G	D	E	R	K	N	Q	S	T	A	V	L	I	F	Y	W	H	M	C	P
0	0.01733	0.00909	0.01300	0.01300	0.01300	0.00909	0.00845	0.01363	0.01363	0.01818	0.02030	0.03733	0.02115	0.13872	0.04218	0.58337	0.00909	0.00994	0.00476	0.00476
1	0.02521	0.03550	0.26304	0.02835	0.03910	0.02390	0.12451	0.04086	0.18340	0.08865	0.02799	0.02907	0.02018	0.01108	0.01046	0.00335	0.01284	0.00991	0.00713	0.01546
2	0.02128	0.01824	0.02128	0.01520	0.02432	0.01368	0.01216	0.02584	0.02128	0.03344	0.01824	0.02128	0.01520	0.00760	0.00760	0.00152	0.00760	0.00608	0.00608	0.70208
3	0.02550	0.02245	0.02637	0.02811	0.12081	0.02533	0.01886	0.05058	0.46528	0.04132	0.03791	0.03608	0.02874	0.01310	0.01039	0.00341	0.00882	0.01118	0.00952	0.01625
4	0.06266	0.01722	0.02714	0.42282	0.08293	0.02026	0.02394	0.02641	0.02089	0.06184	0.02514	0.11752	0.02247	0.01358	0.01044	0.00348	0.01179	0.01197	0.00594	0.01155
5	0.02269	0.03938	0.37337	0.02409	0.03642	0.01987	0.02833	0.03181	0.02280	0.08453	0.05778	0.02654	0.02031	0.01032	0.00950	0.00287	0.01224	0.00826	0.00596	0.16293
6	0.64352	0.02030	0.01773	0.01842	0.07513	0.02316	0.01314	0.03030	0.01805	0.04480	0.01479	0.01754	0.01163	0.00949	0.00673	0.00316	0.00836	0.00591	0.00622	0.01163
7	0.01471	0.01082	0.01559	0.01559	0.01711	0.01234	0.01170	0.01774	0.01622	0.02315	0.02832	0.04490	0.02764	0.17298	0.50538	0.01538	0.02449	0.01167	0.00562	0.00866
8	0.01307	0.00934	0.01251	0.01459	0.01552	0.00878	0.01019	0.01541	0.02089	0.02801	0.10406	0.53282	0.06974	0.03076	0.01311	0.00413	0.00618	0.07264	0.00968	0.00856
9	0.02750	0.02709	0.03250	0.29894	0.05075	0.16651	0.07190	0.03274	0.02342	0.08177	0.01964	0.02546	0.01489	0.01117	0.01244	0.00331	0.07316	0.00888	0.00560	0.01234
10	0.01490	0.01005	0.01172	0.01172	0.01190	0.01024	0.00688	0.01526	0.01508	0.02029	0.03185	0.06448	0.03615	0.58338	0.10661	0.01060	0.01169	0.01453	0.00615	0.00651
11	0.01357	0.00969	0.01313	0.01551	0.01657	0.00925	0.01138	0.01613	0.02070	0.02739	0.05597	0.49624	0.06555	0.03115	0.01338	0.00431	0.00688	0.15508	0.00951	0.00863
12	0.09407	0.01574	0.01887	0.01615	0.02137	0.01555	0.01277	0.03677	0.12091	0.22177	0.24759	0.05027	0.05332	0.01588	0.01066	0.00325	0.00701	0.01335	0.01114	0.01356
13	0.02058	0.05308	0.58618	0.02925	0.04442	0.02383	0.03792	0.03250	0.02167	0.03250	0.01842	0.02167	0.01300	0.00975	0.00975	0.00325	0.01517	0.00758	0.00433	0.01517
14	0.03901	0.02874	0.03080	0.02361	0.03182	0.03182	0.01951	0.54111	0.04825	0.06468	0.02464	0.02464	0.01745	0.01232	0.01027	0.00308	0.01129	0.00924	0.01027	0.01745
15	0.02326	0.02192	0.03700	0.10830	0.45986	0.02227	0.02853	0.02890	0.02265	0.03195	0.02376	0.09988	0.02233	0.01206	0.01053	0.00322	0.01157	0.01159	0.00558	0.01483
16	0.03440	0.02027	0.09455	0.01828	0.02571	0.01480	0.01664	0.03964	0.02828	0.36781	0.17732	0.04421	0.04263	0.01450	0.01072	0.00320	0.00855	0.01214	0.01124	0.01511
17	0.01472	0.01062	0.01400	0.01351	0.01592	0.00989	0.01036	0.01955	0.02851	0.04011	0.51861	0.08055	0.09307	0.02171	0.01231	0.00338	0.00530	0.06709	0.01111	0.00966
18	0.01469	0.01087	0.01585	0.01585	0.01746	0.01248	0.01203	0.01791	0.01630	0.02335	0.02808	0.04357	0.02707	0.14520	0.53238	0.01570	0.02536	0.01147	0.00558	0.00881
19	0.02587	0.35960	0.25708	0.02263	0.03382	0.03332	0.02560	0.07884	0.02371	0.03113	0.01683	0.01923	0.01350	0.00948	0.00815	0.00268	0.01262	0.00664	0.00491	0.01434
20	0.03783	0.01820	0.02285	0.01857	0.02548	0.01758	0.01498	0.04887	0.17700	0.38897	0.08235	0.03914	0.03266	0.01369	0.01049	0.00326	0.00826	0.01132	0.01196	0.01651
21	0.01509	0.01040	0.01300	0.01411	0.01495	0.01031	0.01000	0.01686	0.01839	0.02427	0.04290	0.16531	0.04872	0.35544	0.03436	0.00744	0.00921	0.17397	0.00773	0.00756
22	0.02058	0.05308	0.58618	0.02925	0.04442	0.02383	0.03792	0.03250	0.02167	0.03250	0.01842	0.02167	0.01300	0.00975	0.00975	0.00325	0.01517	0.00758	0.00433	0.01517
23	0.02582	0.13584	0.19327	0.16464	0.04255	0.06467	0.02578	0.03606	0.09720	0.08422	0.02292	0.02555	0.01697	0.01064	0.00946	0.00310	0.01272	0.00836	0.00613	0.01409
24	0.01256	0.01001	0.01127	0.01180	0.01434	0.00872	0.00853	0.01526	0.02317	0.02918	0.15616	0.24023	0.36869	0.02696	0.01239	0.00362	0.00535	0.02326	0.00978	0.00872
25	0.01419	0.01036	0.01344	0.01373	0.01590	0.00962	0.01039	0.01823	0.02602	0.03568	0.36079	0.18924	0.13040	0.02454	0.01257	0.00363	0.00570	0.08571	0.01055	0.00930
26	0.03448	0.08560	0.09773	0.06666	0.03409	0.05780	0.06045	0.08601	0.02776	0.26395	0.03000	0.06207	0.02198	0.01240	0.01011	0.00314	0.01145	0.01031	0.00883	0.01518
27	0.03143	0.07745	0.11512	0.02944	0.08554	0.02645	0.10111	0.16985	0.09431	0.12649	0.02635	0.02733	0.01897	0.01107	0.01020	0.00315	0.01204	0.00959	0.00810	0.01599

[dist]
# distance from previous block
# <min> <max>
0	3

[block]
# block no. 2 follows, 14 sequences, length 35
# corresponding to MSA columns:
# 608-642
name=unknown_C
#
# <colnr> <probs for GDERKNQSTAVLIFYWHMCP>
#	G	D	E	R	K	N	Q	S	T	A	V	L	I	F	Y	W	H	M	C	P
0	0.02815	0.07353	0.07531	0.06923	0.03571	0.06455	0.11032	0.20655	0.03211	0.04230	0.08605	0.03315	0.02657	0.05511	0.01331	0.00358	0.01243	0.01064	0.00758	0.01382
1	0.08332	0.10635	0.06502	0.01986	0.06629	0.01964	0.01598	0.02776	0.02107	0.03323	0.01744	0.02055	0.01449	0.00819	0.00769	0.00199	0.00894	0.00628	0.00568	0.45025
2	0.01978	0.02671	0.21256	0.02063	0.02789	0.01686	0.02138	0.02814	0.06151	0.06960	0.08294	0.05208	0.06756	0.06392	0.11090	0.00607	0.01361	0.07834	0.00731	0.01221
3	0.01466	0.01100	0.01649	0.01649	0.01833	0.01283	0.01283	0.01833	0.01649	0.02382	0.02749	0.04032	0.02566	0.07697	0.59868	0.01649	0.02749	0.01100	0.00550	0.00916
4	0.18442	0.02504	0.10480	0.03257	0.19746	0.02094	0.02243	0.03744	0.02380	0.21718	0.02505	0.02608	0.01768	0.01049	0.00931	0.00315	0.01051	0.00852	0.00777	0.01536
5	0.03052	0.06332	0.09820	0.11258	0.12890	0.02336	0.12280	0.07078	0.02614	0.18388	0.02519	0.02771	0.01782	0.01043	0.01034	0.00318	0.01262	0.00965	0.00734	0.01524
6	0.01431	0.00969	0.01137	0.01198	0.01213	0.00954	0.00705	0.01476	0.01612	0.02149	0.03846	0.21015	0.04504	0.48581	0.04234	0.00849	0.00894	0.01853	0.00705	0.00675
7	0.02601	0.02110	0.03003	0.14703	0.08583	0.06218	0.09357	0.03422	0.09027	0.12492	0.06740	0.07565	0.06835	0.01402	0.01090	0.00334	0.01125	0.01265	0.00794	0.01334
8	0.08387	0.25032	0.03786	0.02637	0.10146	0.21805	0.01943	0.03627	0.02458	0.08813	0.01833	0.02036	0.01478	0.00990	0.00833	0.00264	0.01315	0.00688	0.00583	0.01348
9	0.02571	0.02256	0.02170	0.01969	0.02494	0.07369	0.01521	0.04879	0.43072	0.04066	0.03825	0.03654	0.02898	0.01334	0.00985	0.00325	0.00854	0.01086	0.11185	0.01487
10	0.71184	0.01985	0.01508	0.01350	0.01985	0.02302	0.01111	0.03017	0.01746	0.04604	0.01429	0.01667	0.01111	0.00953	0.00635	0.00318	0.00794	0.00556	0.00635	0.01111
11	0.01250	0.00893	0.01191	0.01429	0.01488	0.00834	0.00953	0.01429	0.01965	0.02620	0.05656	0.63265	0.06787	0.03215	0.01310	0.00417	0.00595	0.02917	0.00953	0.00834
12	0.02098	0.05032	0.52896	0.03077	0.04542	0.02406	0.09235	0.03254	0.02194	0.03254	0.01867	0.02232	0.01328	0.00963	0.01001	0.00327	0.01540	0.00808	0.00443	0.01502
13	0.01938	0.01824	0.03078	0.61468	0.07068	0.02280	0.02850	0.02622	0.02052	0.02622	0.01824	0.02736	0.01368	0.01026	0.01026	0.00342	0.01368	0.00912	0.00456	0.01140
14	0.19746	0.02415	0.02487	0.01990	0.02707	0.02666	0.01629	0.31974	0.07035	0.08845	0.06491	0.02810	0.02322	0.01242	0.00948	0.00314	0.00966	0.00927	0.00957	0.01528
15	0.03265	0.08426	0.17984	0.02587	0.06965	0.02196	0.05710	0.07054	0.02646	0.24325	0.02704	0.02706	0.01856	0.01069	0.00975	0.00300	0.01152	0.00884	0.00812	0.06384
16	0.26480	0.01835	0.02060	0.01631	0.02386	0.01756	0.01341	0.04051	0.02444	0.33805	0.02910	0.02721	0.01942	0.01103	0.00867	0.00298	0.00833	0.00823	0.00979	0.09735
17	0.01243	0.00920	0.01163	0.01357	0.01470	0.00840	0.00921	0.01437	0.02033	0.02648	0.06526	0.53468	0.16023	0.03102	0.01292	0.00404	0.00582	0.02779	0.00953	0.00840
18	0.03443	0.18337	0.06756	0.11618	0.03531	0.02571	0.01987	0.10637	0.02782	0.24511	0.02664	0.02675	0.01852	0.01106	0.00930	0.00295	0.01085	0.00857	0.00840	0.01523
19	0.02522	0.03142	0.18600	0.04686	0.33436	0.02435	0.03110	0.03232	0.02249	0.07052	0.01990	0.02474	0.01571	0.01051	0.01262	0.00327	0.07897	0.00879	0.00535	0.01550
20	0.02744	0.64552	0.05378	0.01756	0.02634	0.04061	0.01756	0.03073	0.02085	0.02414	0.01427	0.01646	0.01317	0.00878	0.00658	0.00219	0.01097	0.00549	0.00439	0.01317
21	0.01222	0.01003	0.01078	0.01137	0.01412	0.00858	0.00823	0.01462	0.02245	0.02734	0.09204	0.23299	0.44463	0.02754	0.01237	0.00364	0.00539	0.02355	0.00953	0.00858
22	0.03585	0.02864	0.18738	0.02769	0.10856	0.01890	0.02393	0.04239	0.02632	0.34782	0.03119	0.02979	0.02057	0.01136	0.01013	0.00318	0.01106	0.00937	0.00923	0.01664
23	0.01660	0.00972	0.01458	0.01458	0.01529	0.01043	0.01043	0.01529	0.01458	0.02015	0.02158	0.03473	0.02086	0.05169	0.25691	0.43558	0.01612	0.00972	0.00486	0.00628
24	0.01493	0.01056	0.01331	0.01435	0.01562	0.01046	0.01055	0.01715	0.01916	0.02510	0.04822	0.14574	0.09415	0.28064	0.06800	0.00746	0.01009	0.17871	0.00789	0.00792
25	0.02336	0.03858	0.31240	0.07477	0.04544	0.02431	0.16369	0.08697	0.02513	0.03598	0.02060	0.02499	0.01501	0.00991	0.01030	0.00325	0.01456	0.00918	0.04712	0.01445
26	0.02339	0.03429	0.22600	0.12909	0.11912	0.02494	0.19251	0.06537	0.02428	0.03391	0.01966	0.02514	0.01464	0.00957	0.01066	0.00331	0.01497	0.00957	0.00513	0.01445
27	0.02431	0.02428	0.06890	0.18519	0.04334	0.02516	0.08240	0.07670	0.27684	0.03802	0.03013	0.03199	0.02247	0.01191	0.01053	0.00342	0.01141	0.01055	0.00780	0.01466
28	0.01545	0.01111	0.01554	0.01542	0.01640	0.01260	0.01123	0.01708	0.01595	0.02245	0.02872	0.08848	0.02978	0.19525	0.32555	0.09349	0.05883	0.01289	0.00578	0.00800
29	0.47503	0.02386	0.06561	0.01978	0.02757	0.02356	0.08645	0.06719	0.02162	0.08022	0.01794	0.02032	0.01326	0.00983	0.00793	0.00321	0.01005	0.00718	0.00673	0.01265
30	0.01374	0.00996	0.01319	0.01505	0.01651	0.00941	0.01124	0.01669	0.02198	0.02911	0.11540	0.39795	0.10631	0.02949	0.01320	0.00416	0.00668	0.15144	0.00970	0.00880
31	0.03049	0.02858	0.13838	0.02738	0.07024	0.02270	0.08749	0.12121	0.09808	0.15612	0.02751	0.02811	0.01954	0.01093	0.01014	0.00306	0.01150	0.00947	0.00822	0.09084
32	0.03124	0.01700	0.02246	0.02009	0.07198	0.01441	0.01452	0.03548	0.02590	0.27935	0.07879	0.04032	0.08647	0.01302	0.00987	0.00274	0.00805	0.01088	0.00972	0.20772
33	0.02051	0.01771	0.02230	0.11225	0.03122	0.01488	0.01464	0.02546	0.02169	0.03280	0.05620	0.02608	0.02057	0.00895	0.00834	0.00195	0.00840	0.00743	0.00619	0.54244
34	0.02275	0.12632	0.17838	0.02472	0.03392	0.02225	0.12945	0.02988	0.02435	0.07076	0.15247	0.03621	0.03473	0.01213	0.01021	0.00300	0.01153	0.01093	0.00688	0.05915

[dist]
# distance from previous block
# <min> <max>
0	2

[block]
# block no. 3 follows, 14 sequences, length 61
# corresponding to MSA columns:
# 645-705
name=unknown_D
#
# <colnr> <probs for GDERKNQSTAVLIFYWHMCP>
#	G	D	E	R	K	N	Q	S	T	A	V	L	I	F	Y	W	H	M	C	P
0	0.03080	0.02800	0.17712	0.02216	0.03254	0.01783	0.05779	0.03740	0.02470	0.24362	0.02700	0.02707	0.01855	0.01021	0.00954	0.00276	0.01076	0.00854	0.00808	0.20554
1	0.02784	0.53379	0.04994	0.02114	0.06356	0.03817	0.01853	0.06074	0.05301	0.02811	0.01675	0.01876	0.01465	0.00929	0.00725	0.00237	0.01091	0.00629	0.00511	0.01379
2	0.65667	0.02058	0.01637	0.01432	0.02083	0.02374	0.01180	0.07206	0.01999	0.04757	0.01514	0.01732	0.01163	0.00976	0.00667	0.00317	0.00821	0.00586	0.00667	0.01163
3	0.02826	0.01747	0.02132	0.01581	0.02419	0.01377	0.01276	0.03251	0.02391	0.20170	0.03090	0.03074	0.05612	0.01042	0.00874	0.00216	0.00778	0.00844	0.00835	0.44464
4	0.62720	0.01954	0.01619	0.01410	0.02065	0.02201	0.01162	0.03269	0.01898	0.11423	0.01762	0.01899	0.01293	0.00993	0.00686	0.00318	0.00804	0.00616	0.00716	0.01192
5	0.02592	0.01714	0.02526	0.10204	0.09711	0.01877	0.01882	0.02974	0.02251	0.17307	0.06372	0.16535	0.03388	0.01782	0.01579	0.00368	0.13398	0.01441	0.00823	0.01277
6	0.02682	0.03042	0.19349	0.06335	0.03494	0.02320	0.02343	0.04526	0.27671	0.12289	0.03293	0.03201	0.02368	0.01223	0.01020	0.00336	0.01072	0.01002	0.00855	0.01578
7	0.01466	0.01100	0.01649	0.01649	0.01833	0.01283	0.01283	0.01833	0.01649	0.02382	0.02749	0.04032	0.02566	0.07697	0.59868	0.01649	0.02749	0.01100	0.00550	0.00916
8	0.07605	0.01651	0.02083	0.01671	0.02310	0.01533	0.01356	0.07742	0.02946	0.36811	0.14092	0.04151	0.03803	0.01406	0.01021	0.00312	0.00783	0.01152	0.06072	0.01501
9	0.03136	0.02995	0.13313	0.11310	0.10891	0.05723	0.06726	0.14503	0.02961	0.14722	0.02426	0.02651	0.01715	0.01084	0.01026	0.00318	0.01284	0.00921	0.00752	0.01543
10	0.01734	0.01654	0.06225	0.02267	0.10307	0.01445	0.01481	0.02308	0.07951	0.02771	0.03857	0.24659	0.04193	0.21649	0.02444	0.00567	0.00913	0.01795	0.00750	0.01030
11	0.01248	0.00903	0.01180	0.01401	0.01481	0.00836	0.00940	0.01432	0.01991	0.02630	0.05992	0.59477	0.10358	0.03171	0.01303	0.00412	0.00590	0.02864	0.00953	0.00836
12	0.02309	0.02882	0.18090	0.19465	0.21378	0.02220	0.02971	0.03059	0.02201	0.06945	0.02096	0.02683	0.01612	0.01542	0.05834	0.00431	0.01439	0.00896	0.00532	0.01417
13	0.08305	0.07590	0.25925	0.03480	0.18020	0.06258	0.02892	0.03447	0.02309	0.09493	0.02037	0.02321	0.01514	0.00990	0.00941	0.00307	0.01301	0.00794	0.00571	0.01504
14	0.01262	0.00913	0.01194	0.01395	0.01485	0.00845	0.00943	0.01467	0.02053	0.02732	0.09478	0.56070	0.10173	0.03099	0.01297	0.00406	0.00583	0.02797	0.00965	0.00845
15	0.04560	0.01818	0.02426	0.01860	0.02655	0.01614	0.01536	0.08111	0.03057	0.54966	0.03948	0.03428	0.02490	0.01268	0.01032	0.00317	0.00889	0.01025	0.01255	0.01746
16	0.02694	0.01961	0.03135	0.08424	0.30798	0.01928	0.02334	0.03239	0.02558	0.14774	0.13835	0.03819	0.03474	0.01243	0.01061	0.00314	0.01006	0.01135	0.00791	0.01477
17	0.02936	0.08005	0.14461	0.02376	0.03216	0.11115	0.02205	0.14909	0.22165	0.04137	0.02749	0.02745	0.02061	0.01185	0.00980	0.00313	0.01198	0.00909	0.00794	0.01541
18	0.03157	0.28748	0.03961	0.02329	0.07038	0.07177	0.01873	0.21464	0.03152	0.04057	0.01992	0.02186	0.01593	0.01044	0.00841	0.00262	0.01124	0.00750	0.05793	0.01460
19	0.02128	0.01824	0.02128	0.01520	0.02432	0.01368	0.01216	0.02584	0.02128	0.03344	0.01824	0.02128	0.01520	0.00760	0.00760	0.00152	0.00760	0.00608	0.00608	0.70208
20	0.07508	0.01836	0.02080	0.01507	0.02397	0.01441	0.01208	0.02618	0.02098	0.03442	0.01793	0.02092	0.01488	0.00775	0.00750	0.00165	0.00763	0.00604	0.00610	0.64825
21	0.03483	0.02643	0.15710	0.06399	0.07403	0.01823	0.02232	0.04106	0.02590	0.33280	0.03052	0.02954	0.02024	0.01118	0.00996	0.00307	0.01074	0.00918	0.00911	0.06977
22	0.01492	0.00995	0.01119	0.01119	0.01119	0.00995	0.00622	0.01492	0.01492	0.01990	0.03233	0.06716	0.03731	0.63935	0.05223	0.00995	0.00995	0.01492	0.00622	0.00622
23	0.01223	0.00999	0.01082	0.01148	0.01415	0.00857	0.00828	0.01461	0.02235	0.02730	0.09080	0.24704	0.43139	0.02770	0.01240	0.00366	0.00541	0.02375	0.00953	0.00857
24	0.01913	0.00956	0.00956	0.00956	0.01196	0.00956	0.00717	0.02391	0.02152	0.03826	0.03348	0.03826	0.02630	0.01196	0.00717	0.00239	0.00478	0.00956	0.69632	0.00956
25	0.02245	0.02245	0.03143	0.02694	0.02694	0.03143	0.02245	0.02470	0.01572	0.02470	0.01347	0.02245	0.01347	0.01796	0.03368	0.00449	0.62057	0.00898	0.00449	0.01123
26	0.01478	0.01051	0.01401	0.01401	0.01498	0.01148	0.00973	0.01673	0.01576	0.02198	0.02976	0.05289	0.03111	0.34036	0.34274	0.01343	0.01927	0.01283	0.00584	0.00778
27	0.01466	0.01100	0.01649	0.01649	0.01833	0.01283	0.01283	0.01833	0.01649	0.02382	0.02749	0.04032	0.02566	0.07697	0.59868	0.01649	0.02749	0.01100	0.00550	0.00916
28	0.03833	0.04891	0.02908	0.02644	0.03173	0.59815	0.01983	0.04098	0.02908	0.02512	0.01586	0.01851	0.01322	0.01058	0.00925	0.00264	0.01851	0.00661	0.00529	0.01190
29	0.01629	0.01279	0.01671	0.01549	0.01655	0.01447	0.01138	0.01887	0.02052	0.02918	0.22997	0.05939	0.05383	0.23404	0.07818	0.00685	0.13424	0.01475	0.00771	0.00878
30	0.01468	0.01091	0.01606	0.01606	0.01774	0.01259	0.01229	0.01805	0.01636	0.02350	0.02789	0.04252	0.02661	0.12308	0.55387	0.01596	0.02605	0.01132	0.00556	0.00892
31	0.01492	0.00995	0.01119	0.01119	0.01119	0.00995	0.00622	0.01492	0.01492	0.01990	0.03233	0.06716	0.03731	0.63935	0.05223	0.00995	0.00995	0.01492	0.00622	0.00622
32	0.04604	0.01746	0.02382	0.01826	0.02620	0.01508	0.01508	0.05001	0.02937	0.58244	0.04049	0.03493	0.02540	0.01270	0.01032	0.00318	0.00873	0.01032	0.01270	0.01746
33	0.02245	0.02245	0.03143	0.02694	0.02694	0.03143	0.02245	0.02470	0.01572	0.02470	0.01347	0.02245	0.01347	0.01796	0.03368	0.00449	0.62057	0.00898	0.00449	0.01123
34	0.02959	0.02406	0.02549	0.02171	0.02823	0.02742	0.01723	0.20118	0.40353	0.04948	0.03661	0.03417	0.02714	0.01344	0.01039	0.00336	0.00908	0.01089	0.01039	0.01661
35	0.04604	0.01746	0.02382	0.01826	0.02620	0.01508	0.01508	0.05001	0.02937	0.58244	0.04049	0.03493	0.02540	0.01270	0.01032	0.00318	0.00873	0.01032	0.01270	0.01746
36	0.71184	0.01985	0.01508	0.01350	0.01985	0.02302	0.01111	0.03017	0.01746	0.04604	0.01429	0.01667	0.01111	0.00953	0.00635	0.00318	0.00794	0.00556	0.00635	0.01111
37	0.71184	0.01985	0.01508	0.01350	0.01985	0.02302	0.01111	0.03017	0.01746	0.04604	0.01429	0.01667	0.01111	0.00953	0.00635	0.00318	0.00794	0.00556	0.00635	0.01111
38	0.01929	0.01811	0.03011	0.53615	0.10070	0.02194	0.02728	0.02579	0.02091	0.02681	0.02419	0.03213	0.05210	0.01126	0.01038	0.00340	0.01300	0.00998	0.00494	0.01154
39	0.01654	0.01181	0.01654	0.01890	0.02126	0.01181	0.01654	0.02126	0.02362	0.03071	0.05433	0.11576	0.05906	0.02835	0.01417	0.00472	0.00945	0.50626	0.00945	0.00945
40	0.01213	0.01040	0.01040	0.01040	0.01386	0.00866	0.00780	0.01473	0.02339	0.02772	0.10396	0.09876	0.57117	0.02599	0.01213	0.00347	0.00520	0.02166	0.00953	0.00866
41	0.71184	0.01985	0.01508	0.01350	0.01985	0.02302	0.01111	0.03017	0.01746	0.04604	0.01429	0.01667	0.01111	0.00953	0.00635	0.00318	0.00794	0.00556	0.00635	0.01111
42	0.02824	0.02790	0.03285	0.21286	0.19148	0.13906	0.02531	0.11144	0.06701	0.03512	0.02078	0.02546	0.01618	0.01060	0.01005	0.00312	0.01345	0.00883	0.00616	0.01411
43	0.02661	0.02477	0.04101	0.09432	0.43135	0.02534	0.06924	0.09567	0.02638	0.03691	0.02002	0.02561	0.01618	0.00958	0.01033	0.00311	0.01258	0.00939	0.00571	0.01589
44	0.10300	0.01167	0.01366	0.01281	0.01580	0.01131	0.00973	0.02041	0.02717	0.04082	0.46622	0.07060	0.11959	0.01988	0.01137	0.00324	0.00526	0.01713	0.01054	0.00979
45	0.03692	0.02478	0.02761	0.02147	0.02891	0.02657	0.01761	0.40328	0.04306	0.13707	0.09627	0.03275	0.02870	0.01348	0.01051	0.00311	0.01010	0.01058	0.01075	0.01647
46	0.02953	0.03933	0.24297	0.02971	0.04057	0.09805	0.13241	0.14921	0.02965	0.07816	0.02155	0.02412	0.01544	0.01042	0.01033	0.00317	0.01470	0.00896	0.00656	0.01516
47	0.02064	0.01396	0.01974	0.06531	0.02531	0.01503	0.01676	0.02480	0.02304	0.09959	0.08166	0.14233	0.04917	0.02354	0.01559	0.00423	0.08665	0.25292	0.00899	0.01073
48	0.01696	0.01110	0.01296	0.01244	0.01586	0.00963	0.00934	0.02006	0.02472	0.10064	0.18002	0.16236	0.33761	0.02420	0.01203	0.00348	0.00569	0.02068	0.01028	0.00993
49	0.01677	0.01002	0.01342	0.01479	0.01632	0.00919	0.01023	0.01883	0.02088	0.09691	0.05452	0.55666	0.06247	0.02968	0.01275	0.00404	0.00631	0.02678	0.00993	0.00950
50	0.11507	0.53138	0.04742	0.01756	0.02583	0.07071	0.01687	0.03125	0.02090	0.02698	0.01436	0.01661	0.01291	0.00898	0.00671	0.00235	0.01103	0.00556	0.00469	0.01283
51	0.42382	0.02362	0.02236	0.09594	0.06841	0.07150	0.01668	0.10359	0.02362	0.04358	0.01675	0.01994	0.01288	0.01008	0.00791	0.00314	0.01032	0.00688	0.00650	0.01248
52	0.02416	0.01915	0.02958	0.07897	0.23120	0.01997	0.02159	0.02725	0.02027	0.07354	0.01971	0.02657	0.01661	0.01597	0.01927	0.14580	0.09597	0.00878	0.00558	0.10007
53	0.02407	0.11963	0.32504	0.02528	0.03637	0.06746	0.02812	0.03889	0.16815	0.03376	0.02408	0.02532	0.01804	0.01082	0.00950	0.00314	0.01295	0.00834	0.00608	0.01497
54	0.15652	0.01234	0.01375	0.01424	0.01710	0.01202	0.01019	0.01900	0.01941	0.03117	0.04305	0.42906	0.04958	0.02441	0.01102	0.00363	0.00657	0.02141	0.00844	0.09710
55	0.11382	0.03873	0.28952	0.02856	0.03992	0.06781	0.13446	0.03515	0.02322	0.10325	0.02097	0.02372	0.01488	0.00993	0.00984	0.00323	0.01414	0.00854	0.00590	0.01441
56	0.01487	0.01002	0.01151	0.01141	0.01172	0.00992	0.00666	0.01549	0.01672	0.02260	0.10068	0.06836	0.04488	0.56074	0.04713	0.00909	0.00930	0.01539	0.00686	0.00666
57	0.01439	0.01073	0.01591	0.01621	0.01789	0.01226	0.01241	0.01781	0.01689	0.02412	0.03118	0.11562	0.03102	0.07127	0.52424	0.01493	0.02475	0.01331	0.00601	0.00906
58	0.02243	0.03046	0.17892	0.12181	0.23919	0.02333	0.12526	0.03048	0.02310	0.03267	0.05621	0.02859	0.02038	0.01015	0.01056	0.00324	0.01360	0.00993	0.00526	0.01444
59	0.01669	0.00959	0.01412	0.01402	0.01474	0.00990	0.00990	0.01526	0.01607	0.02215	0.09021	0.03905	0.02965	0.04317	0.16340	0.45711	0.01261	0.01061	0.00556	0.00619
60	0.02867	0.21513	0.18082	0.05882	0.06508	0.06732	0.02454	0.07016	0.02443	0.10092	0.01997	0.02241	0.01521	0.01064	0.01059	0.00296	0.05435	0.00764	0.00597	0.01439

[dist]
# distance from previous block
# <min> <max>
0	7

[block]
# block no. 4 follows, 14 sequences, length 24
# corresponding to MSA columns:
# 713-736
name=unknown_E
#
# <colnr> <probs for GDERKNQSTAVLIFYWHMCP>
#	G	D	E	R	K	N	Q	S	T	A	V	L	I	F	Y	W	H	M	C	P
0	0.71184	0.01985	0.01508	0.01350	0.01985	0.02302	0.01111	0.03017	0.01746	0.04604	0.01429	0.01667	0.01111	0.00953	0.00635	0.00318	0.00794	0.00556	0.00635	0.01111
1	0.33510	0.30869	0.03410	0.01658	0.02394	0.08553	0.01489	0.03145	0.02011	0.03405	0.01443	0.01675	0.01225	0.00928	0.00673	0.00268	0.01033	0.00562	0.00535	0.01213
2	0.01505	0.01156	0.01641	0.12344	0.02551	0.01190	0.01339	0.01913	0.02368	0.03230	0.25887	0.21773	0.06726	0.06181	0.01474	0.00405	0.00743	0.05719	0.00913	0.00940
3	0.03218	0.10613	0.11471	0.06940	0.15686	0.14067	0.02422	0.03762	0.02525	0.16268	0.02292	0.02481	0.01684	0.01041	0.00953	0.00295	0.01302	0.00824	0.00674	0.01482
4	0.02847	0.08589	0.13488	0.02789	0.06390	0.02239	0.13958	0.03700	0.06605	0.16586	0.06347	0.03097	0.02405	0.01105	0.01024	0.00308	0.01185	0.01014	0.00764	0.05558
5	0.02230	0.01690	0.02169	0.06428	0.06067	0.01781	0.01668	0.16110	0.03033	0.04085	0.13595	0.16251	0.05025	0.02081	0.01201	0.00371	0.00897	0.13176	0.00939	0.01203
6	0.01461	0.01161	0.01581	0.01693	0.01755	0.01280	0.01240	0.01670	0.01922	0.02625	0.04854	0.48360	0.05730	0.02928	0.01693	0.00427	0.11836	0.06028	0.00860	0.00894
7	0.02896	0.33240	0.07766	0.02342	0.03238	0.03143	0.11319	0.03688	0.08650	0.11031	0.02281	0.02411	0.01755	0.01000	0.00878	0.00278	0.01170	0.00825	0.00647	0.01440
8	0.07478	0.11149	0.09608	0.26173	0.04630	0.02437	0.02353	0.06303	0.02397	0.14656	0.02245	0.02585	0.01603	0.01057	0.00943	0.00314	0.01190	0.00844	0.00667	0.01369
9	0.01768	0.12721	0.02172	0.01434	0.01817	0.01648	0.01160	0.02400	0.06604	0.03818	0.43000	0.06287	0.07679	0.01824	0.01098	0.00306	0.00620	0.01567	0.00997	0.01080
10	0.14678	0.01959	0.02979	0.40991	0.14836	0.02311	0.02584	0.02785	0.02045	0.03110	0.01770	0.02507	0.01366	0.00993	0.00953	0.00331	0.01238	0.00847	0.00498	0.01218
11	0.09636	0.02667	0.05837	0.17590	0.11332	0.10982	0.02268	0.08926	0.02676	0.14953	0.02298	0.02573	0.01653	0.01079	0.00971	0.00313	0.01246	0.00859	0.00720	0.01421
12	0.15139	0.02252	0.03016	0.03447	0.20572	0.02404	0.05325	0.10843	0.12634	0.04140	0.02697	0.08289	0.02311	0.01269	0.00993	0.00329	0.01026	0.01102	0.00750	0.01460
13	0.01250	0.00951	0.01151	0.01290	0.01457	0.00852	0.00896	0.01473	0.02145	0.02759	0.10255	0.42112	0.23824	0.02943	0.01272	0.00388	0.00564	0.02603	0.00963	0.00852
14	0.03466	0.15818	0.08635	0.02508	0.03194	0.44202	0.02113	0.03830	0.02688	0.02564	0.01581	0.01843	0.01319	0.01017	0.00881	0.00262	0.01682	0.00650	0.00503	0.01244
15	0.07590	0.10126	0.15110	0.01954	0.02857	0.02186	0.01934	0.08054	0.05658	0.10389	0.05989	0.03194	0.05934	0.01183	0.00919	0.00280	0.00991	0.00924	0.00751	0.13978
16	0.14800	0.01454	0.01634	0.01514	0.01959	0.01456	0.01206	0.02914	0.07411	0.13127	0.16284	0.09604	0.12744	0.01915	0.01092	0.00351	0.00708	0.07669	0.00995	0.01163
17	0.16658	0.01944	0.02318	0.01812	0.02581	0.01882	0.01496	0.11344	0.02978	0.41386	0.03354	0.03019	0.02171	0.01207	0.00959	0.00316	0.00894	0.00930	0.01121	0.01630
18	0.02277	0.04809	0.49561	0.02978	0.04397	0.02340	0.08363	0.03380	0.02247	0.07242	0.02024	0.02320	0.01414	0.00986	0.01001	0.00326	0.01490	0.00821	0.00502	0.01521
19	0.30825	0.02502	0.06865	0.02675	0.09812	0.02460	0.08241	0.09925	0.07491	0.06928	0.02118	0.02342	0.01584	0.01031	0.00886	0.00322	0.01064	0.00823	0.00709	0.01398
20	0.02297	0.01047	0.01528	0.01426	0.01571	0.01004	0.01004	0.02006	0.01629	0.12086	0.02196	0.03188	0.01921	0.03146	0.03467	0.57401	0.00888	0.00917	0.00596	0.00683
21	0.03086	0.02348	0.02548	0.02124	0.02747	0.02599	0.01688	0.32528	0.16813	0.05230	0.03468	0.13895	0.03007	0.01633	0.01083	0.00338	0.00954	0.01346	0.01017	0.01549
22	0.02363	0.12145	0.03446	0.28636	0.04778	0.02417	0.05931	0.02912	0.02139	0.07067	0.01922	0.02480	0.01491	0.01005	0.01066	0.00292	0.04698	0.00827	0.00548	0.13836
23	0.14900	0.09046	0.40224	0.02472	0.03729	0.02438	0.02989	0.03313	0.02136	0.07196	0.01885	0.02126	0.01352	0.00984	0.00892	0.00315	0.01308	0.00724	0.00528	0.01443

[dist]
# distance from previous block
# <min> <max>
0	1

[block]
# block no. 5 follows, 14 sequences, length 24
# corresponding to MSA columns:
# 738-761
name=unknown_F
#
# <colnr> <probs for GDERKNQSTAVLIFYWHMCP>
#	G	D	E	R	K	N	Q	S	T	A	V	L	I	F	Y	W	H	M	C	P
0	0.02600	0.19652	0.30167	0.02703	0.03896	0.02738	0.10557	0.03424	0.02279	0.09763	0.02041	0.02287	0.01495	0.00970	0.00937	0.00300	0.01363	0.00807	0.00550	0.01474
1	0.02346	0.02240	0.03815	0.24101	0.41249	0.02387	0.03053	0.02979	0.02245	0.03117	0.01896	0.02603	0.01542	0.00950	0.01019	0.00317	0.01267	0.00914	0.00491	0.01469
2	0.02853	0.31855	0.03594	0.01712	0.02387	0.06632	0.01522	0.03231	0.02519	0.13799	0.16173	0.03563	0.03698	0.01280	0.00891	0.00268	0.00949	0.00986	0.00785	0.01303
3	0.02817	0.02184	0.03627	0.11754	0.03998	0.02415	0.15298	0.05966	0.02396	0.15310	0.04772	0.02985	0.02065	0.01309	0.01723	0.00364	0.17896	0.01054	0.00711	0.01356
4	0.01743	0.00940	0.01016	0.01077	0.01271	0.00925	0.00778	0.02145	0.02104	0.03517	0.03939	0.19039	0.03694	0.01712	0.00869	0.00285	0.00508	0.01458	0.52054	0.00925
5	0.01580	0.01394	0.02469	0.02204	0.02526	0.01310	0.14531	0.01955	0.02111	0.02823	0.04724	0.44028	0.05385	0.02586	0.01292	0.00403	0.00911	0.05945	0.00841	0.00983
6	0.02004	0.07791	0.32523	0.02639	0.03715	0.02165	0.10440	0.02908	0.02388	0.03421	0.15964	0.03630	0.03485	0.01239	0.01050	0.00321	0.01256	0.01093	0.00625	0.01343
7	0.02353	0.04377	0.40720	0.03196	0.04533	0.02368	0.16412	0.03398	0.02293	0.07606	0.02076	0.02425	0.01464	0.00970	0.01040	0.00330	0.01520	0.00896	0.00521	0.01501
8	0.02395	0.02107	0.02514	0.17286	0.03795	0.02483	0.01938	0.04728	0.41954	0.03865	0.03575	0.03549	0.02681	0.01299	0.01040	0.00347	0.00954	0.01097	0.00894	0.01500
9	0.10393	0.02392	0.09311	0.01962	0.02890	0.01849	0.04427	0.07785	0.02521	0.15849	0.02343	0.02446	0.01695	0.00967	0.00880	0.00252	0.00965	0.00774	0.00768	0.29534
10	0.08580	0.22929	0.03886	0.03206	0.20270	0.02722	0.02088	0.03605	0.02365	0.17701	0.02285	0.02426	0.01725	0.01000	0.00871	0.00281	0.01053	0.00795	0.00697	0.01514
11	0.03045	0.02406	0.02610	0.02064	0.02837	0.02530	0.01665	0.26403	0.19311	0.05019	0.02811	0.02785	0.02102	0.01159	0.00964	0.00280	0.00940	0.00914	0.00925	0.19232
12	0.02289	0.01187	0.01442	0.01300	0.01503	0.01126	0.00849	0.02390	0.01862	0.16388	0.03442	0.05891	0.03426	0.47896	0.04151	0.00822	0.00964	0.01375	0.00788	0.00910
13	0.07428	0.02426	0.05934	0.19010	0.22178	0.02471	0.10702	0.06744	0.06616	0.03532	0.02101	0.02644	0.01626	0.01000	0.01023	0.00326	0.01280	0.00948	0.00581	0.01430
14	0.01512	0.01017	0.01470	0.01517	0.01630	0.01101	0.01112	0.01648	0.01648	0.02287	0.03134	0.13501	0.03272	0.10035	0.31975	0.16494	0.01800	0.03456	0.00611	0.00779
15	0.18343	0.02517	0.02749	0.02223	0.02793	0.02978	0.01841	0.29605	0.03312	0.05033	0.01949	0.02232	0.01503	0.01315	0.01539	0.00346	0.16649	0.00836	0.00792	0.01446
16	0.53461	0.01943	0.01910	0.16736	0.03286	0.02296	0.01556	0.02916	0.01825	0.04097	0.01530	0.01941	0.01177	0.00971	0.00735	0.00324	0.00941	0.00647	0.00589	0.01119
17	0.23724	0.02141	0.03111	0.07289	0.13218	0.02243	0.11738	0.06952	0.02387	0.06402	0.05814	0.06076	0.02310	0.01172	0.00967	0.00328	0.01090	0.01040	0.00686	0.01312
18	0.01236	0.00950	0.01133	0.01279	0.01449	0.00846	0.00886	0.01446	0.02109	0.02678	0.07482	0.42700	0.26174	0.02978	0.01272	0.00390	0.00566	0.02628	0.00953	0.00846
19	0.01672	0.01356	0.02050	0.02724	0.15936	0.01317	0.01623	0.02052	0.02263	0.03102	0.12454	0.31472	0.05772	0.02399	0.01236	0.00382	0.00791	0.09460	0.00865	0.01074
20	0.02303	0.02527	0.08246	0.25888	0.05553	0.02409	0.22291	0.06990	0.02428	0.03284	0.01973	0.02638	0.01477	0.00956	0.01073	0.00325	0.01452	0.00993	0.00535	0.06661
21	0.01675	0.02113	0.15897	0.01730	0.02221	0.01358	0.01643	0.02301	0.04855	0.03057	0.03961	0.28455	0.04138	0.06854	0.01397	0.00400	0.00851	0.01777	0.14260	0.01058
22	0.02097	0.01221	0.01406	0.01258	0.01712	0.01038	0.00979	0.02408	0.02531	0.17063	0.12000	0.08089	0.39862	0.02224	0.01166	0.00337	0.00608	0.01854	0.01046	0.01099
23	0.02847	0.01757	0.02098	0.01819	0.02361	0.01809	0.01452	0.07765	0.20255	0.18669	0.17631	0.05221	0.04764	0.01640	0.01111	0.00340	0.00778	0.05119	0.01117	0.01445

[dist]
# distance from previous block
# <min> <max>
0	217

# created by:
# /st0/software/busco_prod/Augustus/scripts/msa2prfl.pl ./align_prep/7248.fa
