[name]
unknown

[dist]
# distance from previous block
# <min> <max>
5	249

[block]
# block no. 0 follows, 10 sequences, length 17
# corresponding to MSA columns:
# 267-283
name=unknown_A
#
# <colnr> <probs for GDERKNQSTAVLIFYWHMCP>
#	G	D	E	R	K	N	Q	S	T	A	V	L	I	F	Y	W	H	M	C	P
0	0.03539	0.03809	0.14867	0.03396	0.04558	0.03240	0.14593	0.26990	0.04116	0.05611	0.02528	0.02812	0.01815	0.01225	0.01206	0.00364	0.01552	0.01093	0.00870	0.01816
1	0.56483	0.02202	0.01882	0.01624	0.02375	0.02452	0.01338	0.03812	0.02215	0.13513	0.02138	0.02251	0.01543	0.01143	0.00798	0.00360	0.00915	0.00724	0.00846	0.01385
2	0.01787	0.01093	0.01341	0.01341	0.01341	0.01093	0.00794	0.01640	0.01640	0.02186	0.03184	0.06420	0.03583	0.43028	0.05518	0.20133	0.01093	0.01492	0.00646	0.00646
3	0.02902	0.02400	0.02663	0.02075	0.02982	0.02297	0.01657	0.11743	0.16606	0.04719	0.02963	0.03034	0.02294	0.01161	0.01007	0.00267	0.00952	0.00932	0.00915	0.36431
4	0.08389	0.03175	0.15825	0.08698	0.09655	0.02209	0.02607	0.03487	0.02484	0.08103	0.02269	0.02643	0.01715	0.01047	0.01005	0.00299	0.01233	0.00848	0.00675	0.23634
5	0.04198	0.12678	0.09253	0.02222	0.03248	0.02475	0.02075	0.08321	0.03154	0.30139	0.03405	0.03184	0.02295	0.01268	0.01060	0.00324	0.01133	0.00985	0.01075	0.07508
6	0.01512	0.01066	0.01389	0.01612	0.01688	0.01017	0.01096	0.01714	0.02180	0.02897	0.05904	0.44829	0.06984	0.13297	0.02272	0.00593	0.00795	0.07226	0.01013	0.00916
7	0.02827	0.02096	0.07733	0.08436	0.03306	0.01727	0.01974	0.03573	0.06221	0.17182	0.08500	0.19165	0.04849	0.02174	0.01296	0.00410	0.01016	0.04997	0.01073	0.01446
8	0.03085	0.17123	0.03772	0.17933	0.04372	0.03041	0.02234	0.12734	0.03050	0.07622	0.02522	0.02998	0.01952	0.01775	0.05038	0.00443	0.01401	0.00960	0.06441	0.01503
9	0.01417	0.01012	0.01350	0.01619	0.01687	0.00945	0.01080	0.01619	0.02227	0.02969	0.06410	0.58367	0.07692	0.03644	0.01484	0.00472	0.00675	0.03306	0.01080	0.00945
10	0.02879	0.02763	0.04721	0.07139	0.51871	0.02763	0.03569	0.03569	0.02648	0.03800	0.02188	0.02879	0.01842	0.01036	0.01151	0.00345	0.01382	0.01036	0.00576	0.01842
11	0.02798	0.08030	0.10499	0.18519	0.05957	0.02853	0.22552	0.03661	0.02615	0.07733	0.02377	0.03014	0.01748	0.01086	0.01212	0.00373	0.01672	0.01139	0.00625	0.01537
12	0.03372	0.02437	0.03258	0.22004	0.04962	0.02816	0.02485	0.14485	0.08760	0.12897	0.02935	0.03263	0.02116	0.01410	0.01454	0.00388	0.07320	0.01092	0.00909	0.01637
13	0.01418	0.01104	0.01289	0.01404	0.01638	0.00975	0.00992	0.01693	0.02514	0.03197	0.12812	0.32459	0.27931	0.03214	0.01424	0.00427	0.00625	0.02812	0.01097	0.00975
14	0.04153	0.04001	0.02997	0.02637	0.03315	0.29948	0.02028	0.05258	0.15339	0.13906	0.03148	0.03072	0.02322	0.01348	0.01109	0.00337	0.01558	0.00985	0.00928	0.01609
15	0.03654	0.11983	0.16704	0.08118	0.04178	0.02921	0.02701	0.14098	0.03335	0.16980	0.02822	0.02899	0.01962	0.01247	0.01087	0.00346	0.01342	0.00965	0.00892	0.01767
16	0.03484	0.03136	0.08454	0.02312	0.03103	0.12336	0.02006	0.04656	0.14122	0.17135	0.05039	0.04771	0.11083	0.01649	0.01177	0.00363	0.01206	0.01310	0.01040	0.01618

[dist]
# distance from previous block
# <min> <max>
1	3

[block]
# block no. 1 follows, 10 sequences, length 22
# corresponding to MSA columns:
# 287-308
name=unknown_B
#
# <colnr> <probs for GDERKNQSTAVLIFYWHMCP>
#	G	D	E	R	K	N	Q	S	T	A	V	L	I	F	Y	W	H	M	C	P
0	0.25341	0.02295	0.02481	0.02004	0.02828	0.02378	0.01644	0.11027	0.07155	0.26496	0.03367	0.03144	0.02275	0.01327	0.01022	0.00361	0.00996	0.00987	0.01141	0.01731
1	0.01486	0.01061	0.01428	0.01698	0.01795	0.01004	0.01199	0.01738	0.02294	0.03046	0.06372	0.51579	0.07542	0.03579	0.01503	0.00482	0.00734	0.09417	0.01078	0.00964
2	0.02848	0.02594	0.03897	0.02851	0.03880	0.02375	0.15127	0.10141	0.06836	0.04386	0.02477	0.02839	0.01922	0.01035	0.01083	0.00281	0.01251	0.00994	0.00771	0.32411
3	0.03416	0.02160	0.02759	0.09765	0.03659	0.01951	0.01826	0.08241	0.02977	0.18572	0.02890	0.03009	0.02067	0.01130	0.01026	0.00277	0.01040	0.00917	0.00935	0.31382
4	0.02333	0.06016	0.53100	0.03315	0.05034	0.02701	0.04297	0.03683	0.02455	0.03683	0.02087	0.02455	0.01473	0.01105	0.01105	0.00368	0.01719	0.00859	0.00491	0.01719
5	0.03483	0.03369	0.03447	0.03406	0.10592	0.21557	0.06706	0.03957	0.02822	0.10517	0.02632	0.03163	0.02106	0.02914	0.13375	0.00685	0.02044	0.01031	0.00726	0.01467
6	0.02909	0.02285	0.02565	0.01942	0.02789	0.02106	0.01528	0.16317	0.03224	0.04626	0.02525	0.03306	0.02175	0.09763	0.01711	0.00369	0.01027	0.00947	0.00834	0.37050
7	0.67341	0.02249	0.01709	0.01529	0.02249	0.02609	0.01260	0.03419	0.01979	0.05218	0.01619	0.01889	0.01260	0.01080	0.00720	0.00360	0.00900	0.00630	0.00720	0.01260
8	0.04421	0.03258	0.03490	0.02676	0.03607	0.03607	0.02211	0.47993	0.05468	0.07330	0.02792	0.02792	0.01978	0.01396	0.01163	0.00349	0.01280	0.01047	0.01163	0.01978
9	0.02967	0.02373	0.03911	0.13188	0.33312	0.02404	0.03004	0.03587	0.02656	0.10615	0.02935	0.08596	0.02531	0.01373	0.01189	0.00366	0.01280	0.01281	0.00741	0.01691
10	0.02020	0.01010	0.01515	0.01515	0.01515	0.01010	0.01010	0.01515	0.01515	0.02020	0.02020	0.03535	0.02020	0.04040	0.04545	0.66162	0.01010	0.01010	0.00505	0.00505
11	0.02830	0.02054	0.02455	0.01774	0.02788	0.01574	0.01427	0.03337	0.02548	0.11072	0.02443	0.02642	0.01895	0.00947	0.00907	0.00200	0.00880	0.00761	0.00801	0.56665
12	0.02879	0.02763	0.04721	0.07139	0.51871	0.02763	0.03569	0.03569	0.02648	0.03800	0.02188	0.02879	0.01842	0.01036	0.01151	0.00345	0.01382	0.01036	0.00576	0.01842
13	0.02665	0.02300	0.02412	0.02189	0.02806	0.02606	0.01697	0.05503	0.42702	0.04607	0.05791	0.05367	0.10728	0.01783	0.01212	0.00394	0.00871	0.01486	0.01168	0.01712
14	0.04194	0.03145	0.03362	0.02630	0.03520	0.03500	0.02156	0.41765	0.12067	0.06963	0.03082	0.03023	0.02212	0.01423	0.01166	0.00356	0.01226	0.01087	0.01166	0.01957
15	0.01407	0.01050	0.01310	0.01518	0.01660	0.00953	0.01035	0.01631	0.02324	0.03009	0.07640	0.47564	0.17702	0.03484	0.01459	0.00454	0.00655	0.03111	0.01080	0.00953
16	0.58417	0.02210	0.01852	0.01607	0.02353	0.02480	0.01324	0.03742	0.02173	0.12036	0.02046	0.02187	0.01492	0.01131	0.00784	0.00360	0.00913	0.00707	0.00823	0.01363
17	0.02867	0.01289	0.01454	0.01310	0.01725	0.01227	0.01019	0.03388	0.02643	0.15421	0.03976	0.04249	0.02958	0.01374	0.00895	0.00291	0.00645	0.01104	0.50875	0.01289
18	0.01450	0.01038	0.01379	0.01597	0.01694	0.00967	0.01082	0.01702	0.02380	0.03212	0.12853	0.51231	0.08164	0.03462	0.01468	0.00457	0.00657	0.03134	0.01108	0.00967
19	0.03166	0.02413	0.03711	0.12402	0.18406	0.02771	0.02778	0.03675	0.02459	0.13877	0.02469	0.03036	0.01916	0.01472	0.02034	0.00409	0.19618	0.01059	0.00731	0.01598
20	0.03191	0.43325	0.12706	0.02290	0.03383	0.04170	0.02367	0.10189	0.02843	0.03566	0.01863	0.02093	0.01562	0.01072	0.00862	0.00282	0.01320	0.00721	0.00596	0.01599
21	0.27206	0.19257	0.03865	0.08412	0.14418	0.03227	0.02200	0.03427	0.02280	0.03940	0.01794	0.02230	0.01491	0.01053	0.00871	0.00327	0.01176	0.00761	0.00601	0.01465

[dist]
# distance from previous block
# <min> <max>
0	3

[block]
# block no. 2 follows, 10 sequences, length 23
# corresponding to MSA columns:
# 312-334
name=unknown_C
#
# <colnr> <probs for GDERKNQSTAVLIFYWHMCP>
#	G	D	E	R	K	N	Q	S	T	A	V	L	I	F	Y	W	H	M	C	P
0	0.11573	0.02131	0.03044	0.07129	0.07328	0.02010	0.06570	0.03846	0.02772	0.18302	0.08439	0.03689	0.03064	0.01285	0.01094	0.00328	0.01082	0.01112	0.00947	0.14257
1	0.02788	0.02050	0.03334	0.45705	0.07023	0.02413	0.02932	0.03500	0.02522	0.12705	0.02561	0.03269	0.01811	0.01217	0.01164	0.00382	0.01441	0.01060	0.00697	0.01427
2	0.01502	0.01095	0.01433	0.01671	0.01815	0.01026	0.01213	0.01780	0.02364	0.03089	0.06978	0.44085	0.12520	0.03479	0.01496	0.00476	0.00743	0.11186	0.01078	0.00974
3	0.03192	0.02647	0.02798	0.02427	0.03138	0.03033	0.01913	0.14368	0.41095	0.05348	0.04354	0.04036	0.03242	0.01542	0.01180	0.00386	0.00991	0.01262	0.01180	0.01868
4	0.02300	0.01973	0.02553	0.12470	0.03740	0.01725	0.01805	0.02870	0.02429	0.03590	0.02595	0.03928	0.02330	0.01224	0.01016	0.00261	0.01023	0.06348	0.00705	0.45114
5	0.02867	0.14942	0.30844	0.03210	0.04611	0.02982	0.11130	0.03874	0.02586	0.08946	0.02324	0.02632	0.01683	0.01100	0.01093	0.00350	0.01593	0.00939	0.00614	0.01680
6	0.02611	0.04072	0.21881	0.04386	0.05739	0.02863	0.33567	0.03712	0.02651	0.03712	0.02267	0.02916	0.01670	0.01021	0.01286	0.00384	0.01882	0.01206	0.00557	0.01617
7	0.01549	0.01126	0.01579	0.01761	0.01897	0.01155	0.01292	0.01859	0.02162	0.02940	0.05311	0.35693	0.06023	0.05244	0.18724	0.00933	0.01513	0.07319	0.00930	0.00990
8	0.03080	0.24964	0.22201	0.08132	0.04243	0.03234	0.02904	0.03859	0.02551	0.11277	0.02320	0.02549	0.01719	0.01125	0.00988	0.00324	0.01405	0.00840	0.00651	0.01633
9	0.02952	0.01643	0.02231	0.08485	0.03010	0.01612	0.01618	0.03688	0.06977	0.19873	0.20993	0.11809	0.06186	0.02002	0.01278	0.00381	0.00861	0.01741	0.01207	0.01453
10	0.01417	0.01012	0.01350	0.01619	0.01687	0.00945	0.01080	0.01619	0.02227	0.02969	0.06410	0.58367	0.07692	0.03644	0.01484	0.00472	0.00675	0.03306	0.01080	0.00945
11	0.02351	0.02210	0.02377	0.19535	0.04039	0.11243	0.01949	0.02851	0.02606	0.03359	0.08702	0.15839	0.04164	0.01879	0.01178	0.00369	0.01182	0.01606	0.11391	0.01171
12	0.03773	0.22056	0.04496	0.07419	0.09266	0.02997	0.05799	0.04294	0.02788	0.21813	0.02901	0.02977	0.02083	0.01181	0.01038	0.00325	0.01246	0.00971	0.00871	0.01706
13	0.01472	0.01146	0.01337	0.01366	0.01650	0.01011	0.00995	0.01829	0.02768	0.03599	0.23450	0.20513	0.28880	0.02911	0.01397	0.00401	0.00594	0.02523	0.01145	0.01011
14	0.02013	0.01102	0.01102	0.01102	0.01397	0.01064	0.00827	0.02506	0.02481	0.04102	0.05358	0.05679	0.12462	0.01666	0.00923	0.00295	0.00551	0.01352	0.52951	0.01064
15	0.15701	0.10096	0.08906	0.06621	0.12852	0.02712	0.02370	0.07225	0.02616	0.09050	0.02265	0.02702	0.01763	0.01473	0.01403	0.07907	0.01226	0.00895	0.00712	0.01505
16	0.10866	0.04117	0.26469	0.10106	0.19048	0.02695	0.03569	0.03536	0.02437	0.03837	0.02055	0.02581	0.01565	0.01088	0.01076	0.00363	0.01493	0.00902	0.00549	0.01649
17	0.02075	0.03525	0.25369	0.02396	0.03188	0.02105	0.02550	0.02724	0.02052	0.02969	0.02716	0.04711	0.02679	0.26476	0.03484	0.00714	0.07211	0.01238	0.00586	0.01231
18	0.10671	0.02759	0.03292	0.19976	0.04887	0.03164	0.02436	0.28431	0.04061	0.05680	0.02427	0.02792	0.01759	0.01285	0.01114	0.00363	0.01326	0.00996	0.00904	0.01676
19	0.22935	0.02984	0.12752	0.02477	0.03516	0.02314	0.07361	0.04384	0.02687	0.23273	0.02954	0.02951	0.01992	0.01214	0.01046	0.00365	0.01217	0.00971	0.00941	0.01666
20	0.08863	0.08258	0.03667	0.10500	0.17871	0.02503	0.02443	0.04300	0.02793	0.22999	0.03016	0.03150	0.02131	0.01211	0.01084	0.00348	0.01196	0.01013	0.00913	0.01743
21	0.02040	0.01229	0.01517	0.01479	0.01708	0.01139	0.01016	0.02284	0.02444	0.09490	0.14625	0.19254	0.11387	0.21770	0.02907	0.00649	0.00834	0.02155	0.01039	0.01031
22	0.03448	0.03220	0.13602	0.02709	0.03706	0.02609	0.06197	0.12358	0.15221	0.15209	0.06656	0.03779	0.03035	0.01420	0.01189	0.00372	0.01228	0.01199	0.01047	0.01797

[dist]
# distance from previous block
# <min> <max>
1	42

[block]
# block no. 3 follows, 10 sequences, length 32
# corresponding to MSA columns:
# 377-408
name=unknown_D
#
# <colnr> <probs for GDERKNQSTAVLIFYWHMCP>
#	G	D	E	R	K	N	Q	S	T	A	V	L	I	F	Y	W	H	M	C	P
0	0.09417	0.02141	0.03371	0.02626	0.03453	0.01966	0.12533	0.04056	0.02814	0.22716	0.03846	0.09238	0.03144	0.01606	0.01215	0.00376	0.01179	0.05293	0.01029	0.07982
1	0.03823	0.02146	0.03041	0.16948	0.08704	0.02210	0.02262	0.09604	0.03177	0.25056	0.03408	0.03526	0.02331	0.01316	0.01133	0.00356	0.01168	0.01099	0.06991	0.01701
2	0.02090	0.01260	0.01669	0.01580	0.01896	0.01149	0.01178	0.02551	0.03071	0.10920	0.35309	0.18580	0.09162	0.02517	0.01368	0.00388	0.00636	0.02230	0.01260	0.01187
3	0.02678	0.09875	0.03061	0.15459	0.03941	0.02288	0.01961	0.07090	0.02709	0.08396	0.03355	0.16021	0.03207	0.01723	0.01127	0.00343	0.01092	0.01469	0.00830	0.13374
4	0.02104	0.01290	0.01701	0.01541	0.01895	0.01176	0.01176	0.02640	0.03297	0.10819	0.45275	0.08081	0.09936	0.02257	0.01346	0.00365	0.00605	0.01984	0.01301	0.01210
5	0.03167	0.45591	0.05446	0.08648	0.03672	0.04230	0.02168	0.09127	0.02757	0.03354	0.01822	0.02134	0.01562	0.01067	0.00850	0.00278	0.01285	0.00726	0.00585	0.01531
6	0.09199	0.10532	0.17231	0.03481	0.11485	0.03032	0.06525	0.12227	0.03108	0.08970	0.02391	0.02657	0.01764	0.01155	0.01072	0.00347	0.01402	0.00944	0.00750	0.01730
7	0.02636	0.01340	0.01812	0.01802	0.02145	0.01215	0.01340	0.02943	0.02606	0.18469	0.05823	0.37755	0.06114	0.02923	0.01397	0.00443	0.00805	0.05965	0.01191	0.01277
8	0.03079	0.02670	0.03897	0.04315	0.20859	0.02805	0.07966	0.12274	0.14379	0.04745	0.03084	0.03386	0.02377	0.01256	0.01155	0.00356	0.01240	0.01150	0.07249	0.01759
9	0.01592	0.01166	0.01493	0.01454	0.01715	0.01068	0.01074	0.02073	0.03100	0.04309	0.41937	0.14942	0.14569	0.02587	0.01386	0.00381	0.00568	0.02283	0.01236	0.01068
10	0.02325	0.01339	0.01772	0.01578	0.01972	0.01214	0.01214	0.02855	0.03299	0.13790	0.42387	0.07789	0.09435	0.02199	0.01333	0.00365	0.00633	0.01926	0.01311	0.01265
11	0.01592	0.01124	0.01429	0.01461	0.01612	0.01061	0.00999	0.01913	0.02610	0.03612	0.27267	0.22451	0.08441	0.16250	0.02487	0.00577	0.00722	0.02345	0.01087	0.00961
12	0.01785	0.01338	0.01745	0.01683	0.01752	0.01530	0.01175	0.01953	0.01761	0.02468	0.03224	0.05992	0.03465	0.35544	0.21747	0.01298	0.08540	0.01463	0.00654	0.00884
13	0.19747	0.04155	0.25635	0.03314	0.04605	0.02748	0.16424	0.03626	0.02415	0.04104	0.02042	0.02508	0.01503	0.01061	0.01082	0.00373	0.01573	0.00951	0.00581	0.01552
14	0.02877	0.01486	0.01615	0.01424	0.01866	0.01494	0.01116	0.08923	0.02950	0.11381	0.03775	0.04086	0.02838	0.01372	0.00907	0.00293	0.00698	0.01091	0.48486	0.01322
15	0.02196	0.02067	0.03488	0.56331	0.08010	0.02584	0.03230	0.02972	0.02326	0.02972	0.02067	0.03101	0.01550	0.01163	0.01163	0.00388	0.01550	0.01034	0.00517	0.01292
16	0.03285	0.02162	0.02277	0.01873	0.02472	0.02335	0.01506	0.25164	0.03941	0.05821	0.03297	0.03571	0.02484	0.01375	0.00987	0.00310	0.00908	0.01066	0.33639	0.01527
17	0.01617	0.01031	0.01279	0.01477	0.01599	0.00982	0.01009	0.01910	0.02283	0.03333	0.05714	0.43996	0.06439	0.03035	0.01306	0.00419	0.00639	0.02715	0.18236	0.00982
18	0.02333	0.06016	0.53100	0.03315	0.05034	0.02701	0.04297	0.03683	0.02455	0.03683	0.02087	0.02455	0.01473	0.01105	0.01105	0.00368	0.01719	0.00859	0.00491	0.01719
19	0.02290	0.02163	0.03658	0.49553	0.14054	0.02609	0.03277	0.03054	0.02370	0.03086	0.02084	0.03070	0.01591	0.01145	0.01161	0.00382	0.01527	0.01034	0.00525	0.01368
20	0.02082	0.01838	0.02800	0.34352	0.05628	0.02173	0.02457	0.03031	0.08132	0.03356	0.07746	0.14270	0.03828	0.01796	0.01246	0.00403	0.01216	0.01598	0.00775	0.01274
21	0.01478	0.01090	0.01393	0.01572	0.01736	0.01004	0.01118	0.01769	0.02471	0.03258	0.13019	0.40401	0.15195	0.03330	0.01462	0.00451	0.00678	0.06489	0.01105	0.00981
22	0.03706	0.02723	0.02981	0.02424	0.03150	0.02973	0.01941	0.36949	0.04696	0.06291	0.03654	0.16027	0.03339	0.01931	0.01240	0.00378	0.01136	0.01585	0.01143	0.01732
23	0.02020	0.02753	0.18445	0.01968	0.02718	0.01623	0.02074	0.02832	0.02775	0.04247	0.21594	0.05399	0.05575	0.01668	0.01126	0.00340	0.00933	0.01404	0.19207	0.01299
24	0.02566	0.02640	0.04700	0.16743	0.11407	0.03039	0.16594	0.03221	0.02315	0.03251	0.01991	0.02900	0.01645	0.01379	0.02102	0.00424	0.19966	0.01132	0.00544	0.01440
25	0.02768	0.02554	0.03134	0.10002	0.10263	0.07412	0.02355	0.08721	0.06972	0.04048	0.10640	0.04670	0.03762	0.01744	0.01727	0.00401	0.11828	0.04714	0.00836	0.01449
26	0.01754	0.01351	0.01625	0.01558	0.01884	0.01313	0.01165	0.02608	0.09497	0.04296	0.34506	0.13089	0.15976	0.02474	0.01357	0.00384	0.00618	0.02161	0.01217	0.01168
27	0.02428	0.02393	0.07570	0.02638	0.09093	0.01887	0.02002	0.07024	0.02952	0.04281	0.13771	0.04863	0.04281	0.01505	0.01131	0.00305	0.00998	0.04807	0.00867	0.25205
28	0.01699	0.01252	0.01696	0.09108	0.02514	0.01301	0.01360	0.01956	0.02110	0.02782	0.04743	0.24636	0.05391	0.24038	0.03122	0.00716	0.01027	0.08765	0.00860	0.00922
29	0.08319	0.02245	0.03934	0.29689	0.06022	0.02483	0.14766	0.03041	0.02320	0.03286	0.02323	0.03620	0.01951	0.09092	0.01834	0.00488	0.01543	0.01179	0.00581	0.01283
30	0.19466	0.02897	0.09297	0.06505	0.03363	0.06653	0.01990	0.03489	0.06719	0.04024	0.02578	0.07679	0.02256	0.01329	0.00986	0.00325	0.01139	0.01031	0.00730	0.17543
31	0.31000	0.03125	0.08874	0.02135	0.03051	0.07328	0.01936	0.09934	0.02846	0.10699	0.02258	0.02404	0.01647	0.01161	0.00928	0.00337	0.01175	0.00798	0.00825	0.07540

[dist]
# distance from previous block
# <min> <max>
3	43

[block]
# block no. 4 follows, 10 sequences, length 18
# corresponding to MSA columns:
# 481-488,491-500
name=unknown_E
#
# <colnr> <probs for GDERKNQSTAVLIFYWHMCP>
#	G	D	E	R	K	N	Q	S	T	A	V	L	I	F	Y	W	H	M	C	P
0	0.03062	0.09024	0.09341	0.15396	0.04193	0.02411	0.02307	0.07660	0.02935	0.13560	0.07340	0.03701	0.02895	0.01350	0.01081	0.00343	0.01173	0.01098	0.09610	0.01520
1	0.03084	0.02871	0.09832	0.08991	0.04280	0.02545	0.09788	0.11603	0.03070	0.10749	0.03003	0.08828	0.02497	0.01517	0.01426	0.00376	0.06111	0.01297	0.00842	0.07291
2	0.02623	0.01936	0.02281	0.01693	0.02623	0.01494	0.01353	0.03102	0.02559	0.09825	0.03695	0.03791	0.08576	0.01215	0.00969	0.00226	0.00841	0.00988	0.00836	0.49376
3	0.03731	0.16155	0.08194	0.02500	0.03499	0.07173	0.02255	0.26391	0.04038	0.05297	0.02322	0.02467	0.01765	0.01211	0.01025	0.00306	0.01324	0.00877	0.00867	0.08605
4	0.02962	0.03055	0.14390	0.21071	0.05197	0.02381	0.02807	0.07683	0.02821	0.11804	0.02550	0.02947	0.01819	0.01164	0.01099	0.00338	0.01352	0.00958	0.00751	0.12850
5	0.02693	0.11345	0.34693	0.03603	0.09054	0.03025	0.07772	0.07557	0.02755	0.03911	0.02129	0.02519	0.01580	0.01100	0.01098	0.00353	0.01617	0.00912	0.00568	0.01713
6	0.02920	0.04993	0.35292	0.03317	0.04773	0.02962	0.08343	0.15221	0.03270	0.04637	0.02299	0.02615	0.01635	0.01168	0.01149	0.00366	0.01630	0.00963	0.00676	0.01770
7	0.02579	0.02609	0.08937	0.23833	0.05563	0.02434	0.10744	0.03682	0.08030	0.07869	0.08801	0.03953	0.03103	0.01347	0.01223	0.00382	0.01396	0.01254	0.00778	0.01484
8	0.03922	0.03583	0.21781	0.02789	0.04018	0.02190	0.06852	0.04755	0.02952	0.30039	0.03457	0.03326	0.02256	0.01274	0.01164	0.00366	0.01349	0.01073	0.01010	0.01845
9	0.01964	0.01724	0.02781	0.35869	0.05702	0.02057	0.02478	0.02593	0.02362	0.03127	0.08360	0.10857	0.03577	0.02633	0.08433	0.00596	0.01538	0.01469	0.00689	0.01192
10	0.01646	0.01189	0.01555	0.01463	0.01738	0.01097	0.01097	0.02195	0.03292	0.04664	0.51257	0.08688	0.10974	0.02378	0.01372	0.00366	0.00549	0.02103	0.01280	0.01097
11	0.03593	0.16954	0.09988	0.11663	0.04113	0.02815	0.02380	0.04454	0.07078	0.21066	0.03110	0.03135	0.02189	0.01252	0.01056	0.00341	0.01235	0.00984	0.00902	0.01693
12	0.25603	0.02589	0.02893	0.02767	0.09536	0.02767	0.01970	0.18277	0.03472	0.15439	0.02683	0.02738	0.01902	0.01250	0.01013	0.00354	0.01106	0.00930	0.00991	0.01718
13	0.01568	0.01186	0.01446	0.01381	0.01689	0.01064	0.01036	0.02043	0.03107	0.04224	0.39852	0.09412	0.22654	0.02542	0.01373	0.00374	0.00560	0.02205	0.01222	0.01064
14	0.01504	0.01079	0.01428	0.01560	0.01706	0.01003	0.01086	0.01838	0.02632	0.03614	0.23470	0.39469	0.08941	0.03162	0.01442	0.00432	0.00627	0.02849	0.01156	0.01003
15	0.04040	0.02280	0.03107	0.09028	0.10167	0.02286	0.02183	0.13736	0.03478	0.26190	0.03760	0.08441	0.02835	0.01546	0.01194	0.00369	0.01140	0.01305	0.01126	0.01788
16	0.02333	0.06016	0.53100	0.03315	0.05034	0.02701	0.04297	0.03683	0.02455	0.03683	0.02087	0.02455	0.01473	0.01105	0.01105	0.00368	0.01719	0.00859	0.00491	0.01719
17	0.20699	0.02347	0.02563	0.01999	0.02883	0.02332	0.01642	0.13886	0.03280	0.21405	0.02959	0.02880	0.02048	0.01230	0.00995	0.00323	0.01007	0.00914	0.01054	0.13555

[dist]
# distance from previous block
# <min> <max>
1	4

[block]
# block no. 5 follows, 10 sequences, length 21
# corresponding to MSA columns:
# 505-525
name=unknown_F
#
# <colnr> <probs for GDERKNQSTAVLIFYWHMCP>
#	G	D	E	R	K	N	Q	S	T	A	V	L	I	F	Y	W	H	M	C	P
0	0.04128	0.12382	0.03364	0.02183	0.03004	0.02696	0.01831	0.17627	0.03670	0.23892	0.03752	0.10095	0.02969	0.01626	0.01133	0.00351	0.01083	0.01306	0.01145	0.01763
1	0.02308	0.03499	0.21888	0.02351	0.03510	0.02034	0.02501	0.03367	0.06246	0.03959	0.09389	0.03486	0.03105	0.01230	0.01054	0.00293	0.01152	0.01008	0.00737	0.26882
2	0.13415	0.17918	0.12590	0.03045	0.09523	0.14392	0.02521	0.03976	0.06167	0.03617	0.02048	0.02339	0.01654	0.01121	0.00955	0.00322	0.01450	0.00797	0.00616	0.01534
3	0.01661	0.01246	0.01869	0.01869	0.02077	0.01454	0.01454	0.02077	0.01869	0.02700	0.03115	0.04569	0.02908	0.08723	0.54517	0.01869	0.03115	0.01246	0.00623	0.01038
4	0.01827	0.01011	0.01462	0.01548	0.01570	0.00989	0.01032	0.01548	0.01743	0.02324	0.03424	0.21065	0.03834	0.03914	0.03567	0.45161	0.00903	0.01744	0.00689	0.00646
5	0.02340	0.02726	0.09256	0.01924	0.02408	0.10753	0.01579	0.02652	0.02174	0.02758	0.02908	0.05245	0.03036	0.33250	0.03733	0.00752	0.01349	0.01280	0.00653	0.09223
6	0.02514	0.02705	0.10460	0.19789	0.04849	0.05936	0.06357	0.03168	0.02526	0.08128	0.03511	0.18071	0.03359	0.01845	0.01252	0.00399	0.01356	0.01648	0.00771	0.01358
7	0.04076	0.01727	0.02333	0.01876	0.02575	0.01514	0.01514	0.04558	0.03317	0.37327	0.19508	0.05471	0.05467	0.01739	0.01234	0.00362	0.00849	0.01468	0.01389	0.01697
8	0.04497	0.03827	0.03328	0.02702	0.03523	0.19624	0.02159	0.28800	0.04504	0.11612	0.02701	0.02717	0.01938	0.01338	0.01128	0.00335	0.01505	0.00967	0.01018	0.01777
9	0.02955	0.02360	0.04109	0.28555	0.16511	0.02522	0.09455	0.03685	0.02633	0.11973	0.02577	0.03207	0.01878	0.01157	0.01192	0.00374	0.01474	0.01107	0.00702	0.01574
10	0.02886	0.41360	0.04917	0.01905	0.02912	0.03626	0.01794	0.03305	0.02379	0.03073	0.01761	0.02040	0.01566	0.00952	0.00783	0.00224	0.01122	0.00643	0.00559	0.22191
11	0.67341	0.02249	0.01709	0.01529	0.02249	0.02609	0.01260	0.03419	0.01979	0.05218	0.01619	0.01889	0.01260	0.01080	0.00720	0.00360	0.00900	0.00630	0.00720	0.01260
12	0.11726	0.03641	0.03226	0.02756	0.03255	0.19886	0.02209	0.13930	0.03148	0.04168	0.01919	0.02375	0.01588	0.01497	0.01919	0.00386	0.19309	0.00889	0.00716	0.01458
13	0.02196	0.02067	0.03488	0.56331	0.08010	0.02584	0.03230	0.02972	0.02326	0.02972	0.02067	0.03101	0.01550	0.01163	0.01163	0.00388	0.01550	0.01034	0.00517	0.01292
14	0.02825	0.04912	0.39282	0.08426	0.04971	0.02516	0.03736	0.03959	0.02595	0.12197	0.02523	0.02784	0.01727	0.01169	0.01122	0.00369	0.01574	0.00931	0.00660	0.01722
15	0.03965	0.02603	0.02719	0.02153	0.02945	0.06760	0.01739	0.20157	0.03835	0.17263	0.03239	0.03246	0.02305	0.01316	0.01056	0.00312	0.01095	0.01014	0.12412	0.09866
16	0.02545	0.02545	0.03562	0.03053	0.03053	0.03562	0.02545	0.02799	0.01781	0.02799	0.01527	0.02545	0.01527	0.02036	0.03817	0.00509	0.56997	0.01018	0.00509	0.01272
17	0.01661	0.01246	0.01869	0.01869	0.02077	0.01454	0.01454	0.02077	0.01869	0.02700	0.03115	0.04569	0.02908	0.08723	0.54517	0.01869	0.03115	0.01246	0.00623	0.01038
18	0.02520	0.02608	0.11755	0.33605	0.06020	0.02300	0.02915	0.03330	0.02466	0.08290	0.02574	0.03252	0.01877	0.01208	0.01103	0.00365	0.01378	0.01024	0.10005	0.01406
19	0.18508	0.16151	0.04227	0.02690	0.03580	0.10922	0.09906	0.13405	0.03155	0.04509	0.02030	0.02330	0.01593	0.01130	0.00985	0.00329	0.01422	0.00867	0.00726	0.01536
20	0.24131	0.09954	0.03071	0.05990	0.03282	0.07319	0.01842	0.13507	0.03102	0.09668	0.02258	0.02438	0.01687	0.01174	0.00937	0.00326	0.01182	0.00819	0.00835	0.06478

[dist]
# distance from previous block
# <min> <max>
0	1

[block]
# block no. 6 follows, 10 sequences, length 11
# corresponding to MSA columns:
# 527-537
name=unknown_G
#
# <colnr> <probs for GDERKNQSTAVLIFYWHMCP>
#	G	D	E	R	K	N	Q	S	T	A	V	L	I	F	Y	W	H	M	C	P
0	0.02417	0.01464	0.01819	0.01776	0.02071	0.01429	0.01270	0.08235	0.02739	0.10937	0.05292	0.36025	0.05753	0.10613	0.02002	0.00529	0.00862	0.02471	0.01093	0.01202
1	0.67341	0.02249	0.01709	0.01529	0.02249	0.02609	0.01260	0.03419	0.01979	0.05218	0.01619	0.01889	0.01260	0.01080	0.00720	0.00360	0.00900	0.00630	0.00720	0.01260
2	0.02850	0.01455	0.01940	0.01667	0.02152	0.01304	0.01304	0.03365	0.03305	0.20842	0.35532	0.07094	0.08246	0.02062	0.01304	0.00364	0.00697	0.01789	0.01334	0.01395
3	0.02893	0.02498	0.02630	0.02367	0.03024	0.02893	0.01841	0.06180	0.49770	0.04865	0.04734	0.04339	0.03550	0.01578	0.01183	0.00394	0.00920	0.01315	0.01183	0.01841
4	0.01417	0.01012	0.01350	0.01619	0.01687	0.00945	0.01080	0.01619	0.02227	0.02969	0.06410	0.58367	0.07692	0.03644	0.01484	0.00472	0.00675	0.03306	0.01080	0.00945
5	0.01692	0.01219	0.01619	0.01599	0.01872	0.01146	0.01253	0.02238	0.03169	0.04427	0.42233	0.09574	0.10117	0.02545	0.01419	0.00400	0.00653	0.10496	0.01238	0.01092
6	0.03286	0.02484	0.03831	0.03071	0.03487	0.02975	0.09129	0.03702	0.02339	0.16213	0.02466	0.03010	0.01923	0.01718	0.02743	0.00452	0.33786	0.01112	0.00769	0.01505
7	0.02706	0.34618	0.04528	0.09302	0.03459	0.03375	0.01911	0.03126	0.02302	0.02932	0.01969	0.02706	0.01814	0.06682	0.01333	0.00338	0.01198	0.00796	0.00559	0.14344
8	0.02022	0.01148	0.01484	0.01597	0.01803	0.01065	0.01121	0.02307	0.02401	0.09601	0.05780	0.43179	0.06359	0.03013	0.01342	0.00427	0.00695	0.02695	0.10861	0.01099
9	0.12282	0.02498	0.10973	0.09682	0.03726	0.01992	0.05704	0.03207	0.02540	0.10574	0.08188	0.16154	0.04027	0.01853	0.01198	0.00394	0.01136	0.01615	0.00881	0.01377
10	0.08964	0.11064	0.09453	0.09535	0.03519	0.02431	0.02146	0.03204	0.02455	0.09995	0.06685	0.14247	0.03591	0.01812	0.01339	0.00383	0.05517	0.01459	0.00821	0.01381

[dist]
# distance from previous block
# <min> <max>
0	40

[block]
# block no. 7 follows, 10 sequences, length 37
# corresponding to MSA columns:
# 578-614
name=unknown_H
#
# <colnr> <probs for GDERKNQSTAVLIFYWHMCP>
#	G	D	E	R	K	N	Q	S	T	A	V	L	I	F	Y	W	H	M	C	P
0	0.01510	0.01137	0.01433	0.01575	0.01778	0.01009	0.01085	0.01755	0.02298	0.03072	0.06652	0.46946	0.12562	0.03282	0.01409	0.00433	0.00682	0.02941	0.01041	0.07400
1	0.10326	0.01935	0.02464	0.02024	0.02717	0.01792	0.05676	0.03079	0.07664	0.03979	0.07490	0.15240	0.03953	0.01710	0.01106	0.00322	0.00909	0.01501	0.00873	0.25239
2	0.10156	0.02741	0.11708	0.14375	0.04392	0.02169	0.02464	0.04491	0.02817	0.28198	0.03289	0.03296	0.02173	0.01283	0.01112	0.00368	0.01235	0.01031	0.00994	0.01708
3	0.02955	0.01431	0.01891	0.01742	0.02193	0.01268	0.01314	0.03296	0.02804	0.23037	0.10172	0.27545	0.10364	0.02581	0.01338	0.00410	0.00781	0.02261	0.01241	0.01376
4	0.01549	0.01151	0.01443	0.01443	0.01696	0.01045	0.01054	0.01980	0.02956	0.04036	0.34801	0.19317	0.17756	0.02741	0.01395	0.00393	0.00582	0.02414	0.01202	0.01045
5	0.02603	0.10031	0.13499	0.22729	0.05415	0.02626	0.07274	0.03365	0.02485	0.08065	0.02773	0.09023	0.02360	0.01414	0.01156	0.00374	0.01433	0.01247	0.00670	0.01457
6	0.03386	0.03024	0.13645	0.18038	0.04911	0.02537	0.02822	0.07906	0.02879	0.18729	0.02850	0.03141	0.01977	0.01351	0.01442	0.00385	0.07437	0.01038	0.00851	0.01651
7	0.01691	0.01128	0.01268	0.01268	0.01268	0.01128	0.00705	0.01691	0.01691	0.02255	0.03665	0.07611	0.04228	0.59126	0.05920	0.01128	0.01128	0.01691	0.00705	0.00705
8	0.02196	0.02067	0.03488	0.56331	0.08010	0.02584	0.03230	0.02972	0.02326	0.02972	0.02067	0.03101	0.01550	0.01163	0.01163	0.00388	0.01550	0.01034	0.00517	0.01292
9	0.03687	0.08069	0.07874	0.18662	0.04807	0.02730	0.02528	0.13329	0.03306	0.19177	0.02952	0.03126	0.02035	0.01276	0.01121	0.00356	0.01308	0.01024	0.00931	0.01703
10	0.03169	0.02533	0.09436	0.32554	0.06045	0.02322	0.02883	0.03913	0.02659	0.18774	0.02867	0.03291	0.01961	0.01243	0.01158	0.00376	0.01394	0.01055	0.00805	0.01563
11	0.01646	0.01189	0.01555	0.01463	0.01738	0.01097	0.01097	0.02195	0.03292	0.04664	0.51257	0.08688	0.10974	0.02378	0.01372	0.00366	0.00549	0.02103	0.01280	0.01097
12	0.02959	0.49398	0.15204	0.02247	0.03382	0.04234	0.02437	0.03521	0.02381	0.02920	0.01708	0.01980	0.01489	0.01016	0.00816	0.00272	0.01336	0.00668	0.00496	0.01536
13	0.03911	0.01893	0.02739	0.07621	0.08592	0.01766	0.01929	0.04404	0.03047	0.32459	0.09355	0.09638	0.03997	0.01689	0.01220	0.00373	0.01007	0.01455	0.01204	0.01701
14	0.03015	0.03607	0.25016	0.02420	0.03569	0.01984	0.02679	0.03833	0.02776	0.18968	0.05158	0.04986	0.13675	0.01644	0.01189	0.00371	0.01223	0.01333	0.00928	0.01627
15	0.01417	0.01012	0.01350	0.01619	0.01687	0.00945	0.01080	0.01619	0.02227	0.02969	0.06410	0.58367	0.07692	0.03644	0.01484	0.00472	0.00675	0.03306	0.01080	0.00945
16	0.02412	0.02067	0.02412	0.01723	0.02756	0.01550	0.01378	0.02929	0.02412	0.03790	0.02067	0.02412	0.01723	0.00861	0.00861	0.00172	0.00861	0.00689	0.00689	0.66236
17	0.60251	0.02660	0.07314	0.01724	0.02553	0.02619	0.01591	0.03448	0.02031	0.05051	0.01670	0.01951	0.01283	0.01082	0.00762	0.00361	0.00989	0.00655	0.00695	0.01310
18	0.01853	0.01487	0.02099	0.14695	0.03469	0.01621	0.01833	0.02589	0.07417	0.03278	0.05156	0.30179	0.05596	0.02749	0.01402	0.00457	0.00990	0.11026	0.00956	0.01148
19	0.01665	0.01233	0.01803	0.01803	0.01987	0.01418	0.01371	0.02034	0.01849	0.02651	0.03176	0.04906	0.03054	0.14299	0.49141	0.01787	0.02895	0.01295	0.00632	0.01002
20	0.02812	0.01928	0.02929	0.29213	0.05239	0.02231	0.02420	0.03421	0.02570	0.13564	0.06924	0.03821	0.02774	0.01437	0.01431	0.00381	0.07165	0.01157	0.07188	0.01396
21	0.02020	0.01010	0.01515	0.01515	0.01515	0.01010	0.01010	0.01515	0.01515	0.02020	0.02020	0.03535	0.02020	0.04040	0.04545	0.66162	0.01010	0.01010	0.00505	0.00505
22	0.01691	0.01128	0.01268	0.01268	0.01268	0.01128	0.00705	0.01691	0.01691	0.02255	0.03665	0.07611	0.04228	0.59126	0.05920	0.01128	0.01128	0.01691	0.00705	0.00705
23	0.03614	0.08970	0.03534	0.13773	0.04242	0.09454	0.02317	0.12755	0.07642	0.12465	0.02756	0.02992	0.02035	0.01368	0.01370	0.00362	0.06856	0.01005	0.00871	0.01622
24	0.03130	0.46691	0.05464	0.08888	0.03679	0.09787	0.02173	0.03545	0.02460	0.02778	0.01693	0.02045	0.01500	0.01038	0.00831	0.00272	0.01375	0.00687	0.00511	0.01452
25	0.03746	0.25896	0.10424	0.02271	0.03294	0.03262	0.02201	0.08323	0.06882	0.18498	0.02935	0.02858	0.02122	0.01227	0.00992	0.00318	0.01203	0.00912	0.00897	0.01739
26	0.04225	0.02850	0.03105	0.02412	0.03257	0.03089	0.01983	0.37820	0.04862	0.11795	0.03109	0.03110	0.02199	0.01396	0.01120	0.00340	0.01157	0.01065	0.09240	0.01866
27	0.01417	0.01012	0.01350	0.01619	0.01687	0.00945	0.01080	0.01619	0.02227	0.02969	0.06410	0.58367	0.07692	0.03644	0.01484	0.00472	0.00675	0.03306	0.01080	0.00945
28	0.02545	0.02545	0.03562	0.03053	0.03053	0.03562	0.02545	0.02799	0.01781	0.02799	0.01527	0.02545	0.01527	0.02036	0.03817	0.00509	0.56997	0.01018	0.00509	0.01272
29	0.02309	0.01744	0.01957	0.01700	0.02189	0.01738	0.01330	0.14396	0.03675	0.04897	0.25545	0.07897	0.21471	0.02294	0.01316	0.00370	0.00759	0.01930	0.01185	0.01298
30	0.02893	0.02498	0.02630	0.02367	0.03024	0.02893	0.01841	0.06180	0.49770	0.04865	0.04734	0.04339	0.03550	0.01578	0.01183	0.00394	0.00920	0.01315	0.01183	0.01841
31	0.01494	0.01118	0.01388	0.01458	0.01679	0.01011	0.01041	0.01850	0.02731	0.03654	0.24728	0.28527	0.19065	0.03000	0.01416	0.00413	0.00607	0.02651	0.01156	0.01011
32	0.02196	0.02067	0.03488	0.56331	0.08010	0.02584	0.03230	0.02972	0.02326	0.02972	0.02067	0.03101	0.01550	0.01163	0.01163	0.00388	0.01550	0.01034	0.00517	0.01292
33	0.25773	0.02415	0.02582	0.02053	0.02901	0.02523	0.01694	0.16347	0.03455	0.24562	0.03111	0.02952	0.02094	0.01307	0.01018	0.00357	0.01038	0.00956	0.01124	0.01738
34	0.01463	0.01048	0.01391	0.01588	0.01697	0.00975	0.01083	0.01735	0.02441	0.03309	0.15413	0.48395	0.08351	0.03390	0.01462	0.00451	0.00649	0.03065	0.01120	0.00975
35	0.01676	0.01241	0.01598	0.01655	0.01950	0.01163	0.01339	0.02171	0.02943	0.03937	0.27145	0.10789	0.17292	0.02792	0.01458	0.00433	0.00747	0.17442	0.01165	0.01065
36	0.27005	0.09382	0.02924	0.02296	0.02984	0.25151	0.01819	0.04247	0.07684	0.03915	0.02028	0.02238	0.01630	0.01176	0.00913	0.00327	0.01451	0.00753	0.00695	0.01383

[dist]
# distance from previous block
# <min> <max>
0	2

# created by:
# /st0/software/busco_prod/Augustus/scripts/msa2prfl.pl ./align_prep/7254.fa
