[name]
unknown

[dist]
# distance from previous block
# <min> <max>
0	187

[block]
# block no. 0 follows, 11 sequences, length 22
# corresponding to MSA columns:
# 203-224
name=unknown_A
#
# <colnr> <probs for GDERKNQSTAVLIFYWHMCP>
#	G	D	E	R	K	N	Q	S	T	A	V	L	I	F	Y	W	H	M	C	P
0	0.02953	0.03112	0.03142	0.24075	0.04954	0.19249	0.02527	0.07235	0.02788	0.03234	0.02391	0.03755	0.02100	0.01470	0.01392	0.00374	0.07146	0.06169	0.00640	0.01296
1	0.02676	0.02923	0.12103	0.03630	0.16131	0.02455	0.06306	0.09301	0.10731	0.04374	0.07556	0.03649	0.02961	0.01295	0.01112	0.00343	0.01183	0.01147	0.08522	0.01603
2	0.01632	0.01098	0.01260	0.01250	0.01281	0.01088	0.00727	0.01694	0.01818	0.02456	0.09321	0.07488	0.04857	0.53631	0.05213	0.01005	0.01026	0.01683	0.00747	0.00727
3	0.02731	0.02520	0.07713	0.33875	0.10221	0.02564	0.02906	0.08035	0.06363	0.08405	0.02505	0.03068	0.01826	0.01187	0.01122	0.00364	0.01378	0.01020	0.00697	0.01499
4	0.01608	0.01206	0.01809	0.01809	0.02010	0.01407	0.01407	0.02010	0.01809	0.02613	0.03015	0.04422	0.02814	0.08441	0.55984	0.01809	0.03015	0.01206	0.00603	0.01005
5	0.03025	0.02482	0.02900	0.02166	0.03110	0.08034	0.06173	0.03534	0.02610	0.11746	0.02392	0.02610	0.01827	0.00974	0.00951	0.00231	0.01098	0.00814	0.00765	0.42559
6	0.01532	0.01101	0.01461	0.01534	0.01725	0.01030	0.01127	0.01938	0.02750	0.03800	0.31206	0.27730	0.09057	0.02829	0.01389	0.00408	0.00624	0.06606	0.01148	0.01005
7	0.02126	0.02001	0.03376	0.57739	0.07752	0.02501	0.03126	0.02876	0.02251	0.02876	0.02001	0.03001	0.01500	0.01125	0.01125	0.00375	0.01500	0.01000	0.00500	0.01250
8	0.01777	0.01184	0.01557	0.01659	0.01853	0.01166	0.01312	0.02124	0.02432	0.03346	0.14322	0.09414	0.06199	0.12581	0.02393	0.06250	0.00896	0.21945	0.06654	0.00936
9	0.05050	0.01915	0.02612	0.02003	0.02873	0.01654	0.01654	0.05485	0.03221	0.54203	0.04440	0.03831	0.02786	0.01393	0.01132	0.00348	0.00958	0.01132	0.01393	0.01915
10	0.01521	0.01095	0.01440	0.01465	0.01666	0.01014	0.01056	0.01943	0.02852	0.03981	0.37707	0.25047	0.09590	0.02698	0.01363	0.00387	0.00571	0.02413	0.01176	0.01014
11	0.01530	0.01135	0.01426	0.01381	0.01650	0.01031	0.01025	0.01992	0.02997	0.04130	0.42017	0.12955	0.17575	0.02493	0.01337	0.00367	0.00547	0.02187	0.01190	0.01031
12	0.03155	0.54325	0.05568	0.02045	0.02961	0.10728	0.01956	0.03507	0.02397	0.02661	0.01586	0.01833	0.01445	0.00987	0.00758	0.00247	0.01304	0.00617	0.00493	0.01427
13	0.01371	0.00979	0.01306	0.01567	0.01632	0.00914	0.01045	0.01567	0.02155	0.02873	0.06203	0.59710	0.07444	0.03526	0.01437	0.00457	0.00653	0.03200	0.01045	0.00914
14	0.03103	0.49549	0.09560	0.02111	0.03124	0.04186	0.02134	0.09030	0.02661	0.03265	0.01741	0.01961	0.01500	0.01019	0.00800	0.00262	0.01245	0.00671	0.00560	0.01519
15	0.04149	0.14369	0.03667	0.02697	0.07362	0.14508	0.02054	0.12180	0.03330	0.20727	0.02803	0.02765	0.02002	0.01219	0.01025	0.00312	0.01320	0.00909	0.00923	0.01679
16	0.02805	0.01986	0.02382	0.01725	0.02703	0.01527	0.01389	0.03294	0.02488	0.12432	0.02424	0.02594	0.01861	0.00931	0.00885	0.00198	0.00855	0.00747	0.00793	0.55981
17	0.02334	0.02001	0.02334	0.01667	0.02667	0.01500	0.01334	0.02834	0.02334	0.03668	0.02001	0.02334	0.01667	0.00834	0.00834	0.00167	0.00834	0.00667	0.00667	0.67325
18	0.19728	0.02479	0.02703	0.06940	0.03347	0.02720	0.01860	0.20189	0.09412	0.15297	0.02939	0.02921	0.02067	0.01287	0.01025	0.00351	0.01073	0.00969	0.01022	0.01671
19	0.01955	0.00978	0.01466	0.01466	0.01466	0.00978	0.00978	0.01466	0.01466	0.01955	0.01955	0.03421	0.01955	0.03910	0.04399	0.67253	0.00978	0.00978	0.00489	0.00489
20	0.01733	0.01057	0.01300	0.01300	0.01300	0.01057	0.00772	0.01585	0.01585	0.02113	0.03063	0.06168	0.03443	0.43280	0.05325	0.21179	0.01057	0.01437	0.00623	0.00623
21	0.08330	0.02244	0.03209	0.10459	0.20245	0.02449	0.02421	0.03757	0.10807	0.08262	0.08564	0.03692	0.03077	0.01377	0.01329	0.00365	0.05909	0.01145	0.00809	0.01550

[dist]
# distance from previous block
# <min> <max>
1	3

[block]
# block no. 1 follows, 11 sequences, length 17
# corresponding to MSA columns:
# 228-244
name=unknown_B
#
# <colnr> <probs for GDERKNQSTAVLIFYWHMCP>
#	G	D	E	R	K	N	Q	S	T	A	V	L	I	F	Y	W	H	M	C	P
0	0.02956	0.02830	0.05679	0.04129	0.05176	0.02700	0.38059	0.04109	0.08520	0.09701	0.02806	0.03268	0.02040	0.01070	0.01283	0.00376	0.01667	0.01298	0.00735	0.01596
1	0.04101	0.02127	0.03105	0.08834	0.03753	0.01975	0.06367	0.07704	0.03089	0.34099	0.03538	0.03402	0.02339	0.01250	0.01114	0.00332	0.01116	0.01072	0.01105	0.09580
2	0.20415	0.02836	0.03090	0.06787	0.06746	0.11740	0.06438	0.07441	0.02864	0.17385	0.02573	0.02719	0.01827	0.01173	0.01017	0.00341	0.01297	0.00920	0.00855	0.01535
3	0.02723	0.50606	0.05095	0.01863	0.02669	0.03835	0.01772	0.03055	0.02264	0.02687	0.02376	0.11930	0.02493	0.01411	0.00847	0.00279	0.01107	0.01056	0.00580	0.01352
4	0.02670	0.02808	0.03417	0.02948	0.03017	0.09690	0.02428	0.02921	0.01898	0.02714	0.01509	0.02411	0.01474	0.01874	0.03375	0.00468	0.51681	0.00954	0.00503	0.01240
5	0.01432	0.01023	0.01375	0.01636	0.01728	0.00966	0.01150	0.01672	0.02214	0.02941	0.06170	0.53295	0.07312	0.03469	0.01453	0.00465	0.00705	0.09019	0.01044	0.00931
6	0.03511	0.03164	0.02920	0.02491	0.03201	0.12306	0.01963	0.19474	0.28452	0.05117	0.03493	0.03349	0.02610	0.01407	0.01116	0.00352	0.01199	0.01095	0.01040	0.01740
7	0.04842	0.01922	0.02591	0.01977	0.02857	0.01642	0.01630	0.05282	0.03153	0.50328	0.04253	0.03716	0.02700	0.01350	0.01109	0.00334	0.00948	0.01096	0.01337	0.06931
8	0.16059	0.25238	0.03941	0.02416	0.06498	0.12633	0.01915	0.08945	0.02799	0.03845	0.04808	0.02417	0.02025	0.01141	0.00880	0.00295	0.01257	0.00787	0.00667	0.01433
9	0.02296	0.05556	0.50041	0.03354	0.04968	0.02636	0.08464	0.03568	0.02403	0.03568	0.02044	0.02439	0.01453	0.01058	0.01094	0.00359	0.01686	0.00879	0.00484	0.01650
10	0.03782	0.01618	0.02084	0.01694	0.02360	0.01414	0.01366	0.04209	0.03002	0.35489	0.09339	0.05455	0.12182	0.01709	0.01141	0.00344	0.00806	0.01410	0.09017	0.01578
11	0.02096	0.01822	0.03042	0.47900	0.06653	0.02234	0.02750	0.02629	0.02113	0.02715	0.01993	0.03074	0.01580	0.01612	0.01698	0.12068	0.01409	0.00996	0.00498	0.01117
12	0.02712	0.03883	0.26555	0.13933	0.12089	0.02497	0.07842	0.03676	0.02517	0.10110	0.02373	0.02805	0.01696	0.01101	0.01119	0.00358	0.01516	0.00974	0.00621	0.01622
13	0.01850	0.01544	0.02360	0.29804	0.04619	0.01802	0.02007	0.02279	0.02020	0.02644	0.03047	0.11190	0.03096	0.20206	0.06333	0.00704	0.01377	0.01472	0.00628	0.01018
14	0.03701	0.01832	0.02236	0.01863	0.02521	0.01793	0.01489	0.04854	0.15243	0.29140	0.07936	0.04329	0.03550	0.01480	0.01089	0.00342	0.00832	0.01220	0.12887	0.01665
15	0.49012	0.02576	0.08198	0.11520	0.03469	0.02531	0.01899	0.03263	0.02028	0.04495	0.01696	0.02098	0.01293	0.01062	0.00815	0.00354	0.01074	0.00704	0.00636	0.01277
16	0.02572	0.02910	0.11627	0.02449	0.03173	0.02677	0.02195	0.04975	0.35290	0.04216	0.04012	0.07870	0.03230	0.01630	0.01352	0.00392	0.05490	0.01316	0.00970	0.01654

[dist]
# distance from previous block
# <min> <max>
0	9

[block]
# block no. 2 follows, 11 sequences, length 28
# corresponding to MSA columns:
# 254-281
name=unknown_C
#
# <colnr> <probs for GDERKNQSTAVLIFYWHMCP>
#	G	D	E	R	K	N	Q	S	T	A	V	L	I	F	Y	W	H	M	C	P
0	0.03205	0.31586	0.12718	0.02374	0.03372	0.08899	0.02332	0.11701	0.07277	0.03753	0.02119	0.02286	0.01700	0.01116	0.00914	0.00293	0.01337	0.00781	0.00660	0.01577
1	0.59898	0.02046	0.01635	0.01472	0.02114	0.02339	0.01199	0.03158	0.02077	0.04982	0.08087	0.02665	0.02415	0.01205	0.00777	0.00349	0.00827	0.00791	0.00766	0.01199
2	0.03210	0.07414	0.03239	0.07971	0.07867	0.06361	0.02008	0.13481	0.03127	0.08684	0.02326	0.02586	0.01780	0.01074	0.00981	0.00270	0.01160	0.00845	0.00784	0.24835
3	0.01560	0.01149	0.01458	0.01381	0.01661	0.01048	0.01036	0.02059	0.03107	0.04326	0.47560	0.08716	0.16006	0.02371	0.01328	0.00357	0.00536	0.02079	0.01214	0.01048
4	0.02287	0.02343	0.07596	0.22834	0.09208	0.02384	0.02638	0.06890	0.02509	0.03407	0.03007	0.12481	0.02910	0.01783	0.01532	0.00407	0.08540	0.05237	0.00689	0.01321
5	0.01371	0.00979	0.01306	0.01567	0.01632	0.00914	0.01045	0.01567	0.02155	0.02873	0.06203	0.59710	0.07444	0.03526	0.01437	0.00457	0.00653	0.03200	0.01045	0.00914
6	0.01401	0.00992	0.01297	0.01530	0.01588	0.00934	0.01005	0.01575	0.02097	0.02797	0.05909	0.53908	0.07073	0.09835	0.01912	0.00527	0.00702	0.03026	0.01005	0.00888
7	0.02800	0.02418	0.02545	0.02291	0.02927	0.02800	0.01782	0.05981	0.51390	0.04708	0.04581	0.04199	0.03436	0.01527	0.01145	0.00382	0.00891	0.01273	0.01145	0.01782
8	0.03206	0.12326	0.03278	0.02309	0.02918	0.11562	0.01880	0.17439	0.07414	0.04397	0.07726	0.09431	0.03320	0.01657	0.01308	0.00345	0.05858	0.01262	0.00885	0.01478
9	0.02334	0.02001	0.02334	0.01667	0.02667	0.01500	0.01334	0.02834	0.02334	0.03668	0.02001	0.02334	0.01667	0.00834	0.00834	0.00167	0.00834	0.00667	0.00667	0.67325
10	0.02180	0.01415	0.01995	0.02117	0.06556	0.01322	0.01480	0.02497	0.02587	0.07941	0.20014	0.06822	0.05787	0.02483	0.01938	0.14352	0.00858	0.10229	0.00948	0.06479
11	0.04417	0.02653	0.03035	0.02357	0.03224	0.02785	0.01937	0.30271	0.08676	0.23411	0.03480	0.03232	0.02356	0.01382	0.01130	0.00345	0.01109	0.01078	0.01221	0.01903
12	0.03298	0.01506	0.01967	0.01670	0.02117	0.01401	0.01236	0.03555	0.02429	0.27595	0.03923	0.05316	0.03314	0.25888	0.09058	0.00808	0.01239	0.01343	0.01020	0.01319
13	0.68395	0.02177	0.01654	0.01480	0.02177	0.02525	0.01219	0.03309	0.01915	0.05050	0.01567	0.01828	0.01219	0.01045	0.00697	0.00348	0.00871	0.00609	0.00697	0.01219
14	0.01608	0.01206	0.01809	0.01809	0.02010	0.01407	0.01407	0.02010	0.01809	0.02613	0.03015	0.04422	0.02814	0.08441	0.55984	0.01809	0.03015	0.01206	0.00603	0.01005
15	0.03170	0.02649	0.07124	0.02264	0.02892	0.06669	0.01949	0.11546	0.06812	0.13812	0.16528	0.04463	0.04424	0.01669	0.01496	0.00365	0.08339	0.01290	0.01026	0.01514
16	0.02514	0.02742	0.05827	0.04293	0.05283	0.02585	0.41317	0.03390	0.02645	0.03565	0.02898	0.04666	0.02513	0.01313	0.01366	0.00403	0.01752	0.08841	0.00648	0.01437
17	0.04204	0.05364	0.03190	0.02900	0.03480	0.55926	0.02175	0.04494	0.03190	0.02755	0.01740	0.02030	0.01450	0.01160	0.01015	0.00290	0.02030	0.00725	0.00580	0.01305
18	0.02334	0.02001	0.02334	0.01667	0.02667	0.01500	0.01334	0.02834	0.02334	0.03668	0.02001	0.02334	0.01667	0.00834	0.00834	0.00167	0.00834	0.00667	0.00667	0.67325
19	0.01330	0.01140	0.01140	0.01140	0.01520	0.00950	0.00855	0.01615	0.02565	0.03041	0.11402	0.10832	0.52967	0.02850	0.01330	0.00380	0.00570	0.02375	0.01045	0.00950
20	0.04272	0.03352	0.03361	0.02618	0.03489	0.08226	0.02142	0.45590	0.05102	0.06702	0.02615	0.02642	0.01872	0.01334	0.01116	0.00333	0.01310	0.00987	0.01077	0.01859
21	0.01567	0.01149	0.01469	0.01389	0.01666	0.01051	0.01042	0.02074	0.03125	0.04369	0.48763	0.08645	0.14777	0.02355	0.01328	0.00357	0.00535	0.02069	0.01220	0.01051
22	0.01608	0.01206	0.01809	0.01809	0.02010	0.01407	0.01407	0.02010	0.01809	0.02613	0.03015	0.04422	0.02814	0.08441	0.55984	0.01809	0.03015	0.01206	0.00603	0.01005
23	0.01608	0.01206	0.01809	0.01809	0.02010	0.01407	0.01407	0.02010	0.01809	0.02613	0.03015	0.04422	0.02814	0.08441	0.55984	0.01809	0.03015	0.01206	0.00603	0.01005
24	0.02276	0.01295	0.01365	0.01266	0.01600	0.01321	0.00972	0.07774	0.02790	0.04558	0.09817	0.04566	0.03761	0.01442	0.00893	0.00282	0.00604	0.01171	0.51100	0.01147
25	0.01715	0.01348	0.02050	0.11746	0.03018	0.01549	0.01703	0.02205	0.02127	0.02964	0.09413	0.05356	0.03874	0.05918	0.34778	0.01262	0.02266	0.04949	0.00701	0.01058
26	0.13248	0.13077	0.07991	0.02046	0.02793	0.07370	0.01836	0.11276	0.02893	0.07761	0.02849	0.09814	0.02507	0.01466	0.00975	0.00327	0.01114	0.01125	0.08109	0.01421
27	0.09367	0.07963	0.03088	0.10580	0.08022	0.14344	0.02062	0.03885	0.02696	0.15981	0.02953	0.09044	0.02465	0.01434	0.01061	0.00340	0.01292	0.01144	0.00824	0.01454

[dist]
# distance from previous block
# <min> <max>
1	40

[block]
# block no. 3 follows, 11 sequences, length 27
# corresponding to MSA columns:
# 322-348
name=unknown_D
#
# <colnr> <probs for GDERKNQSTAVLIFYWHMCP>
#	G	D	E	R	K	N	Q	S	T	A	V	L	I	F	Y	W	H	M	C	P
0	0.34664	0.02441	0.06555	0.01852	0.02575	0.02356	0.01611	0.10972	0.02644	0.09825	0.02619	0.07254	0.02245	0.06369	0.01330	0.00419	0.01011	0.01040	0.00845	0.01374
1	0.02835	0.03412	0.20479	0.15506	0.09306	0.02469	0.03019	0.04151	0.11331	0.11979	0.02885	0.03123	0.02062	0.01212	0.01110	0.00362	0.01341	0.01014	0.00760	0.01644
2	0.01613	0.01110	0.01385	0.01475	0.01687	0.01010	0.01032	0.01926	0.02303	0.03330	0.09633	0.39727	0.06374	0.02764	0.01255	0.00385	0.00638	0.02470	0.12206	0.07678
3	0.02145	0.02599	0.11850	0.17009	0.16905	0.02156	0.06041	0.02830	0.02352	0.03241	0.03194	0.18249	0.03188	0.01725	0.01212	0.00384	0.01284	0.01593	0.00663	0.01380
4	0.02214	0.01728	0.02676	0.19532	0.04133	0.01844	0.05776	0.03036	0.06853	0.07867	0.20616	0.09973	0.05497	0.01786	0.01242	0.00374	0.01024	0.01614	0.00940	0.01277
5	0.08664	0.02103	0.01872	0.01649	0.02160	0.10675	0.01286	0.03747	0.02690	0.17104	0.03371	0.03538	0.02478	0.01285	0.00909	0.00297	0.00923	0.00979	0.32937	0.01333
6	0.01407	0.01103	0.01274	0.01316	0.01589	0.00970	0.00955	0.01733	0.02622	0.03375	0.20690	0.22279	0.30924	0.02877	0.01356	0.00392	0.00581	0.02492	0.01095	0.00970
7	0.04667	0.02001	0.02601	0.02052	0.02882	0.01849	0.01676	0.05570	0.11426	0.45773	0.04464	0.03894	0.02897	0.01416	0.01134	0.00354	0.00946	0.01156	0.01351	0.01893
8	0.02257	0.05822	0.54613	0.03208	0.04871	0.02614	0.04158	0.03564	0.02376	0.03564	0.02020	0.02376	0.01426	0.01069	0.01069	0.00356	0.01663	0.00832	0.00475	0.01663
9	0.01593	0.01150	0.01504	0.01416	0.01681	0.01062	0.01062	0.02124	0.03186	0.04513	0.52830	0.08407	0.10620	0.02301	0.01327	0.00354	0.00531	0.02035	0.01239	0.01062
10	0.02800	0.02418	0.02545	0.02291	0.02927	0.02800	0.01782	0.05981	0.51390	0.04708	0.04581	0.04199	0.03436	0.01527	0.01145	0.00382	0.00891	0.01273	0.01145	0.01782
11	0.04204	0.05364	0.03190	0.02900	0.03480	0.55926	0.02175	0.04494	0.03190	0.02755	0.01740	0.02030	0.01450	0.01160	0.01015	0.00290	0.02030	0.00725	0.00580	0.01305
12	0.02800	0.02418	0.02545	0.02291	0.02927	0.02800	0.01782	0.05981	0.51390	0.04708	0.04581	0.04199	0.03436	0.01527	0.01145	0.00382	0.00891	0.01273	0.01145	0.01782
13	0.02334	0.02001	0.02334	0.01667	0.02667	0.01500	0.01334	0.02834	0.02334	0.03668	0.02001	0.02334	0.01667	0.00834	0.00834	0.00167	0.00834	0.00667	0.00667	0.67325
14	0.01955	0.00978	0.01466	0.01466	0.01466	0.00978	0.00978	0.01466	0.01466	0.01955	0.01955	0.03421	0.01955	0.03910	0.04399	0.67253	0.00978	0.00978	0.00489	0.00489
15	0.38249	0.03674	0.02375	0.02147	0.02789	0.27604	0.01668	0.03865	0.02514	0.03972	0.01648	0.01923	0.01327	0.01099	0.00846	0.00321	0.01415	0.00664	0.00642	0.01259
16	0.02334	0.11423	0.49679	0.03078	0.04671	0.02800	0.03932	0.03545	0.02367	0.03472	0.01974	0.02318	0.01428	0.01059	0.01034	0.00345	0.01617	0.00808	0.00476	0.01641
17	0.02240	0.02072	0.03234	0.48295	0.06930	0.02552	0.02897	0.03405	0.10620	0.03188	0.02440	0.03205	0.01830	0.01194	0.01129	0.00376	0.01397	0.01047	0.00610	0.01341
18	0.01593	0.01150	0.01504	0.01416	0.01681	0.01062	0.01062	0.02124	0.03186	0.04513	0.52830	0.08407	0.10620	0.02301	0.01327	0.00354	0.00531	0.02035	0.01239	0.01062
19	0.02508	0.01934	0.02679	0.25685	0.04699	0.02179	0.02174	0.06855	0.10642	0.08478	0.11655	0.04792	0.07875	0.01569	0.01179	0.00368	0.01097	0.01342	0.00898	0.01390
20	0.01667	0.01126	0.01327	0.01372	0.01416	0.01126	0.00875	0.01755	0.01799	0.02384	0.03957	0.08273	0.04498	0.50679	0.05018	0.00994	0.01082	0.09167	0.00742	0.00742
21	0.03057	0.02485	0.02200	0.01981	0.02446	0.15342	0.01506	0.07337	0.03133	0.11963	0.15683	0.13413	0.05049	0.01888	0.01167	0.00343	0.01062	0.01564	0.07072	0.01310
22	0.01637	0.01091	0.01228	0.01228	0.01228	0.01091	0.00682	0.01637	0.01637	0.02182	0.03546	0.07365	0.04092	0.60445	0.05729	0.01091	0.01091	0.01637	0.00682	0.00682
23	0.02800	0.21335	0.04072	0.13399	0.07814	0.12246	0.02330	0.03216	0.02356	0.02820	0.02102	0.07168	0.01997	0.01406	0.01405	0.00340	0.10293	0.01012	0.00557	0.01332
24	0.02665	0.02197	0.02512	0.01824	0.02808	0.01839	0.01471	0.10811	0.02838	0.04251	0.02120	0.02397	0.01709	0.00922	0.00883	0.00196	0.00903	0.00726	0.00745	0.56184
25	0.19601	0.03489	0.16238	0.02425	0.03432	0.02908	0.02380	0.18949	0.11072	0.05273	0.02540	0.02638	0.01856	0.01229	0.01006	0.00352	0.01202	0.00906	0.00851	0.01653
26	0.46627	0.02233	0.02260	0.02435	0.10984	0.02386	0.01618	0.03257	0.02093	0.04594	0.01730	0.02072	0.01387	0.01004	0.00790	0.00317	0.00944	0.00686	0.00668	0.11915

[dist]
# distance from previous block
# <min> <max>
0	14

[block]
# block no. 4 follows, 11 sequences, length 26
# corresponding to MSA columns:
# 363-388
name=unknown_E
#
# <colnr> <probs for GDERKNQSTAVLIFYWHMCP>
#	G	D	E	R	K	N	Q	S	T	A	V	L	I	F	Y	W	H	M	C	P
0	0.02961	0.08415	0.17227	0.03163	0.04240	0.02570	0.17582	0.03939	0.06764	0.12283	0.02700	0.03031	0.01970	0.01340	0.01401	0.05603	0.01455	0.01073	0.00725	0.01559
1	0.02956	0.08057	0.07694	0.12108	0.03918	0.02795	0.02290	0.13056	0.10543	0.08266	0.03099	0.08950	0.02603	0.01571	0.01369	0.00372	0.06725	0.01235	0.00854	0.01540
2	0.02126	0.01392	0.01764	0.01569	0.01943	0.01326	0.01207	0.06577	0.03373	0.09027	0.44265	0.07513	0.09182	0.02139	0.01293	0.00352	0.00630	0.01868	0.01242	0.01210
3	0.02397	0.02188	0.03147	0.07041	0.08014	0.01852	0.07569	0.02988	0.02387	0.03597	0.02045	0.02514	0.01669	0.00886	0.00943	0.00225	0.01063	0.00805	0.00632	0.48038
4	0.02786	0.02674	0.04568	0.06908	0.53424	0.02674	0.03454	0.03454	0.02563	0.03677	0.02117	0.02786	0.01783	0.01003	0.01114	0.00334	0.01337	0.01003	0.00557	0.01783
5	0.04698	0.02480	0.02962	0.02271	0.03155	0.02493	0.01876	0.25660	0.04167	0.32693	0.03647	0.03316	0.02388	0.01374	0.01129	0.00343	0.01086	0.01078	0.01271	0.01915
6	0.01436	0.01027	0.01374	0.01598	0.01703	0.00965	0.01118	0.01697	0.02304	0.03092	0.11092	0.49938	0.07689	0.03358	0.01436	0.00452	0.00676	0.07039	0.01064	0.00941
7	0.02462	0.02462	0.03447	0.02955	0.02955	0.03447	0.02462	0.02709	0.01724	0.02709	0.01477	0.02462	0.01477	0.01970	0.03694	0.00492	0.58385	0.00985	0.00492	0.01231
8	0.01593	0.01150	0.01504	0.01416	0.01681	0.01062	0.01062	0.02124	0.03186	0.04513	0.52830	0.08407	0.10620	0.02301	0.01327	0.00354	0.00531	0.02035	0.01239	0.01062
9	0.04279	0.03153	0.03378	0.02590	0.03490	0.03490	0.02139	0.49671	0.05292	0.07093	0.02702	0.02702	0.01914	0.01351	0.01126	0.00338	0.01239	0.01013	0.01126	0.01914
10	0.02334	0.02001	0.02334	0.01667	0.02667	0.01500	0.01334	0.02834	0.02334	0.03668	0.02001	0.02334	0.01667	0.00834	0.00834	0.00167	0.00834	0.00667	0.00667	0.67325
11	0.01587	0.01084	0.01303	0.01348	0.01381	0.01093	0.00822	0.01664	0.01746	0.02349	0.03956	0.16225	0.04545	0.44996	0.10271	0.01056	0.01217	0.01865	0.00737	0.00757
12	0.01814	0.01296	0.01814	0.02073	0.02332	0.01296	0.01814	0.02332	0.02591	0.03368	0.05959	0.12696	0.06478	0.03109	0.01555	0.00518	0.01036	0.45848	0.01036	0.01036
13	0.03009	0.61122	0.05898	0.01926	0.02889	0.04454	0.01926	0.03370	0.02287	0.02648	0.01565	0.01805	0.01444	0.00963	0.00722	0.00241	0.01204	0.00602	0.00481	0.01444
14	0.01814	0.01296	0.01814	0.02073	0.02332	0.01296	0.01814	0.02332	0.02591	0.03368	0.05959	0.12696	0.06478	0.03109	0.01555	0.00518	0.01036	0.45848	0.01036	0.01036
15	0.02361	0.03559	0.21590	0.03991	0.13059	0.02414	0.16559	0.03244	0.02432	0.03433	0.02625	0.04088	0.02303	0.07460	0.01687	0.00451	0.01558	0.05118	0.00589	0.01483
16	0.32312	0.03269	0.02508	0.02147	0.02863	0.18188	0.01708	0.12639	0.03035	0.08814	0.02069	0.02218	0.01547	0.01165	0.00907	0.00329	0.01285	0.00763	0.00801	0.01433
17	0.02827	0.09710	0.15549	0.02533	0.03447	0.08084	0.02410	0.04977	0.29690	0.04025	0.03368	0.03296	0.02547	0.01321	0.01070	0.00352	0.01221	0.01042	0.00858	0.01671
18	0.01955	0.00978	0.01466	0.01466	0.01466	0.00978	0.00978	0.01466	0.01466	0.01955	0.01955	0.03421	0.01955	0.03910	0.04399	0.67253	0.00978	0.00978	0.00489	0.00489
19	0.02062	0.01852	0.03044	0.12966	0.03783	0.02116	0.09865	0.02601	0.02157	0.03079	0.03270	0.04134	0.06648	0.03323	0.15876	0.00756	0.11332	0.01236	0.08723	0.01177
20	0.01845	0.01183	0.01438	0.01436	0.01751	0.01043	0.01052	0.02159	0.02611	0.09518	0.15692	0.26033	0.24413	0.02807	0.01341	0.00398	0.00639	0.02444	0.01120	0.01075
21	0.10902	0.02672	0.07313	0.17028	0.04506	0.02691	0.06498	0.15402	0.07230	0.04455	0.02529	0.03258	0.02005	0.06945	0.01535	0.00431	0.01311	0.01057	0.00765	0.01468
22	0.12717	0.02140	0.02613	0.02030	0.02884	0.02047	0.01676	0.12087	0.03383	0.40837	0.03817	0.03409	0.02458	0.01344	0.01077	0.00347	0.00991	0.01049	0.01266	0.01830
23	0.02801	0.02280	0.02506	0.02098	0.02813	0.02366	0.01646	0.13452	0.23103	0.04692	0.03721	0.10229	0.03155	0.01555	0.01095	0.00326	0.00917	0.01298	0.01003	0.18946
24	0.02594	0.24766	0.12076	0.06378	0.03252	0.02784	0.02076	0.03098	0.02283	0.06839	0.02607	0.08257	0.02451	0.08565	0.01533	0.00397	0.01186	0.01086	0.00645	0.07126
25	0.02198	0.01820	0.02147	0.01652	0.02458	0.01430	0.01300	0.02638	0.02273	0.03456	0.02575	0.03958	0.02432	0.08382	0.01505	0.00314	0.00885	0.05170	0.00705	0.52701

[dist]
# distance from previous block
# <min> <max>
0	3

[block]
# block no. 5 follows, 11 sequences, length 7
# corresponding to MSA columns:
# 392-398
name=unknown_F
#
# <colnr> <probs for GDERKNQSTAVLIFYWHMCP>
#	G	D	E	R	K	N	Q	S	T	A	V	L	I	F	Y	W	H	M	C	P
0	0.25258	0.02697	0.08530	0.02742	0.10870	0.02485	0.02068	0.11928	0.02854	0.09189	0.02413	0.02658	0.01793	0.01159	0.00933	0.00335	0.01070	0.00869	0.08622	0.01527
1	0.02441	0.13108	0.25400	0.03594	0.11645	0.02767	0.10548	0.03353	0.02531	0.03555	0.08035	0.03169	0.02619	0.01169	0.01093	0.00338	0.01444	0.01043	0.00594	0.01552
2	0.13659	0.13317	0.06446	0.15385	0.03927	0.02823	0.02162	0.07355	0.02598	0.03888	0.09987	0.03329	0.02931	0.01362	0.01233	0.00348	0.06193	0.01015	0.00705	0.01338
3	0.01647	0.01173	0.01464	0.01566	0.01726	0.01194	0.01093	0.02181	0.06783	0.03176	0.08479	0.33092	0.05938	0.10169	0.08310	0.00658	0.00985	0.02320	0.07043	0.01003
4	0.02677	0.02365	0.03346	0.03420	0.14451	0.02419	0.07468	0.08177	0.17139	0.04274	0.07761	0.03976	0.03230	0.04893	0.01416	0.00382	0.01111	0.01216	0.00869	0.09410
5	0.01407	0.01007	0.01338	0.01543	0.01640	0.00938	0.01048	0.01656	0.02320	0.03135	0.13652	0.51514	0.07951	0.03330	0.01419	0.00441	0.00634	0.03014	0.01076	0.00938
6	0.02355	0.02364	0.07698	0.30393	0.05437	0.02384	0.02663	0.08290	0.07061	0.03769	0.07166	0.04598	0.03072	0.01510	0.01189	0.00384	0.01295	0.06253	0.00750	0.01368

[dist]
# distance from previous block
# <min> <max>
16	56

[block]
# block no. 6 follows, 11 sequences, length 8
# corresponding to MSA columns:
# 457-464
name=unknown_G
#
# <colnr> <probs for GDERKNQSTAVLIFYWHMCP>
#	G	D	E	R	K	N	Q	S	T	A	V	L	I	F	Y	W	H	M	C	P
0	0.04869	0.02206	0.02792	0.02141	0.03018	0.02086	0.01768	0.15874	0.03708	0.43127	0.04032	0.03566	0.02581	0.01383	0.01130	0.00346	0.01024	0.01104	0.01330	0.01915
1	0.01500	0.01102	0.01406	0.01424	0.01648	0.01008	0.01032	0.01909	0.02827	0.03883	0.34963	0.22808	0.14906	0.02705	0.01358	0.00386	0.00569	0.02397	0.01162	0.01008
2	0.08364	0.01825	0.02295	0.07851	0.08728	0.01944	0.01735	0.03517	0.13961	0.07659	0.07622	0.13802	0.08130	0.01855	0.01150	0.00373	0.00892	0.01594	0.05326	0.01377
3	0.01539	0.01258	0.01753	0.14671	0.03044	0.01296	0.01488	0.01886	0.02277	0.02914	0.06473	0.34550	0.17062	0.02798	0.01338	0.00419	0.00832	0.02483	0.00917	0.01002
4	0.01644	0.01166	0.01432	0.01519	0.01671	0.01201	0.01096	0.01935	0.02222	0.03193	0.05918	0.33714	0.12577	0.02751	0.01491	0.00403	0.06307	0.02352	0.16425	0.00983
5	0.03007	0.01478	0.01961	0.01744	0.02133	0.01417	0.01302	0.06137	0.02494	0.20535	0.03876	0.13845	0.03517	0.09822	0.07109	0.14800	0.01119	0.01516	0.00972	0.01216
6	0.18507	0.02429	0.03501	0.04570	0.29552	0.02563	0.02581	0.03643	0.02429	0.11152	0.02263	0.02681	0.01766	0.01156	0.01253	0.00354	0.06350	0.00927	0.00704	0.01619
7	0.44716	0.02339	0.08062	0.01687	0.02338	0.02172	0.01520	0.02907	0.01866	0.04141	0.01714	0.02270	0.01417	0.01721	0.01612	0.16080	0.00992	0.00723	0.00621	0.01101

[dist]
# distance from previous block
# <min> <max>
29	103

[block]
# block no. 7 follows, 11 sequences, length 6
# corresponding to MSA columns:
# 573-578
name=unknown_H
#
# <colnr> <probs for GDERKNQSTAVLIFYWHMCP>
#	G	D	E	R	K	N	Q	S	T	A	V	L	I	F	Y	W	H	M	C	P
0	0.02257	0.01746	0.02088	0.09572	0.02833	0.01774	0.01420	0.10724	0.02619	0.03520	0.03950	0.05550	0.09301	0.24314	0.02888	0.00613	0.01067	0.01375	0.00782	0.11606
1	0.03016	0.02671	0.09327	0.02297	0.03064	0.02408	0.02046	0.11088	0.22823	0.11213	0.09728	0.04829	0.03942	0.01634	0.01183	0.00375	0.01019	0.04586	0.01090	0.01662
2	0.01904	0.00996	0.01428	0.01428	0.01428	0.00996	0.00931	0.01493	0.01493	0.01991	0.02208	0.04048	0.02294	0.12889	0.04610	0.56745	0.00996	0.01082	0.00519	0.00519
3	0.02730	0.02220	0.03590	0.30645	0.05744	0.02551	0.08691	0.03734	0.08841	0.10497	0.02674	0.03232	0.01962	0.01270	0.01389	0.00383	0.06583	0.01096	0.00720	0.01448
4	0.25713	0.10377	0.06652	0.05502	0.03116	0.06444	0.01828	0.03772	0.06758	0.08592	0.02232	0.02418	0.01700	0.01097	0.00876	0.00312	0.01102	0.00773	0.00731	0.10004
5	0.03900	0.02117	0.02743	0.09976	0.03602	0.02070	0.01881	0.08814	0.09470	0.29285	0.03623	0.03456	0.02458	0.01293	0.01092	0.00331	0.01035	0.01058	0.01111	0.10687

[dist]
# distance from previous block
# <min> <max>
0	4

[block]
# block no. 8 follows, 11 sequences, length 7
# corresponding to MSA columns:
# 583-589
name=unknown_I
#
# <colnr> <probs for GDERKNQSTAVLIFYWHMCP>
#	G	D	E	R	K	N	Q	S	T	A	V	L	I	F	Y	W	H	M	C	P
0	0.02196	0.02754	0.13143	0.18892	0.09099	0.02160	0.07509	0.02941	0.02346	0.03302	0.02633	0.10696	0.02398	0.01367	0.01123	0.00340	0.01313	0.01247	0.00616	0.13924
1	0.02882	0.02100	0.02867	0.07168	0.08358	0.02386	0.02084	0.10558	0.06748	0.10770	0.02903	0.03495	0.02322	0.03525	0.17895	0.00807	0.09752	0.01103	0.00810	0.01469
2	0.02499	0.01189	0.01734	0.01617	0.01812	0.01167	0.01167	0.02312	0.01851	0.12056	0.02580	0.03640	0.02235	0.04064	0.11011	0.45254	0.01260	0.01039	0.00678	0.00834
3	0.02706	0.02221	0.02534	0.01844	0.02825	0.01882	0.01488	0.11806	0.02901	0.04324	0.02135	0.02404	0.01714	0.00933	0.00890	0.00199	0.00911	0.00733	0.00755	0.54795
4	0.01955	0.00978	0.01466	0.01466	0.01466	0.00978	0.00978	0.01466	0.01466	0.01955	0.01955	0.03421	0.01955	0.03910	0.04399	0.67253	0.00978	0.00978	0.00489	0.00489
5	0.02760	0.06786	0.03539	0.23508	0.05046	0.10196	0.06431	0.07372	0.10486	0.03514	0.02513	0.03074	0.01963	0.01814	0.05809	0.00475	0.01599	0.01024	0.00678	0.01412
6	0.03069	0.02201	0.06810	0.12757	0.03734	0.02044	0.02052	0.04196	0.14540	0.18191	0.03701	0.08394	0.02901	0.01792	0.01493	0.07306	0.01079	0.01278	0.00962	0.01500

[dist]
# distance from previous block
# <min> <max>
0	66

# created by:
# /st0/software/busco_prod/Augustus/scripts/msa2prfl.pl ./align_prep/7265.fa
