[name]
unknown

[dist]
# distance from previous block
# <min> <max>
0	4

[block]
# block no. 0 follows, 15 sequences, length 35
# corresponding to MSA columns:
# 4-38
name=unknown_A
#
# <colnr> <probs for GDERKNQSTAVLIFYWHMCP>
#	G	D	E	R	K	N	Q	S	T	A	V	L	I	F	Y	W	H	M	C	P
0	0.01709	0.01380	0.02122	0.24479	0.03855	0.01545	0.02040	0.02245	0.02182	0.02821	0.03971	0.08044	0.04094	0.02099	0.01235	0.00412	0.01071	0.32967	0.00741	0.00989
1	0.02964	0.01744	0.02159	0.01587	0.02430	0.01380	0.01287	0.03386	0.02360	0.24197	0.02578	0.02562	0.01846	0.00923	0.00837	0.00208	0.00779	0.00744	0.00830	0.45200
2	0.39820	0.01849	0.02110	0.24191	0.03824	0.02159	0.01744	0.02960	0.01911	0.08673	0.01759	0.02165	0.01297	0.00980	0.00793	0.00317	0.00986	0.00710	0.00607	0.01145
3	0.39226	0.02273	0.02118	0.01753	0.02432	0.02581	0.01436	0.22751	0.08650	0.05116	0.02045	0.02130	0.01517	0.01072	0.00801	0.00308	0.00895	0.00735	0.00801	0.01362
4	0.02314	0.02313	0.04245	0.25619	0.05372	0.02515	0.25243	0.08401	0.02392	0.03208	0.01902	0.02601	0.01445	0.01017	0.01278	0.00340	0.06987	0.01011	0.00527	0.01270
5	0.72007	0.01928	0.01465	0.01311	0.01928	0.02236	0.01080	0.02930	0.01697	0.04473	0.01388	0.01619	0.01080	0.00925	0.00617	0.00308	0.00771	0.00540	0.00617	0.01080
6	0.01369	0.01021	0.01342	0.01487	0.01614	0.01045	0.01047	0.01815	0.06773	0.02645	0.04811	0.47033	0.05470	0.03820	0.12981	0.00634	0.01008	0.02335	0.00857	0.00894
7	0.01883	0.01772	0.02990	0.62569	0.06866	0.02215	0.02769	0.02547	0.01993	0.02547	0.01772	0.02658	0.01329	0.00997	0.00997	0.00332	0.01329	0.00886	0.00443	0.01107
8	0.03217	0.01912	0.02702	0.08560	0.03033	0.02225	0.01910	0.03560	0.02194	0.28976	0.02580	0.02796	0.01851	0.01428	0.01974	0.00366	0.27600	0.00934	0.00808	0.01375
9	0.28086	0.01823	0.02362	0.28631	0.10033	0.02132	0.01997	0.02725	0.01920	0.03437	0.01763	0.02339	0.01365	0.00972	0.00829	0.00311	0.01034	0.00761	0.06349	0.01132
10	0.02480	0.02141	0.02254	0.02029	0.02592	0.02480	0.01578	0.05297	0.56946	0.04170	0.04057	0.03719	0.03043	0.01352	0.01014	0.00338	0.00789	0.01127	0.01014	0.01578
11	0.01883	0.01772	0.02990	0.62569	0.06866	0.02215	0.02769	0.02547	0.01993	0.02547	0.01772	0.02658	0.01329	0.00997	0.00997	0.00332	0.01329	0.00886	0.00443	0.01107
12	0.02881	0.19515	0.03529	0.02363	0.02775	0.24874	0.01963	0.03140	0.02140	0.02400	0.01415	0.01888	0.01292	0.01247	0.01707	0.00312	0.24233	0.00699	0.00463	0.01164
13	0.02005	0.01582	0.02231	0.02084	0.02474	0.01626	0.07172	0.10205	0.07132	0.03508	0.04447	0.18596	0.04634	0.02276	0.01249	0.00402	0.00949	0.25420	0.00895	0.01112
14	0.01450	0.00966	0.01087	0.01087	0.01087	0.00966	0.00604	0.01450	0.01450	0.01933	0.03141	0.06524	0.03624	0.64965	0.05074	0.00966	0.00966	0.01450	0.00604	0.00604
15	0.03608	0.02529	0.03213	0.02444	0.03248	0.02671	0.09198	0.35050	0.08216	0.15243	0.02751	0.02720	0.01917	0.01166	0.01025	0.00309	0.01109	0.00974	0.00973	0.01637
16	0.01883	0.01772	0.02990	0.62569	0.06866	0.02215	0.02769	0.02547	0.01993	0.02547	0.01772	0.02658	0.01329	0.00997	0.00997	0.00332	0.01329	0.00886	0.00443	0.01107
17	0.54797	0.01890	0.01613	0.01352	0.02035	0.02013	0.01105	0.02827	0.01788	0.04171	0.01483	0.01730	0.01177	0.00879	0.00647	0.00269	0.00763	0.00552	0.00610	0.18299
18	0.01547	0.01140	0.01398	0.01339	0.01353	0.01274	0.00872	0.01607	0.01473	0.02028	0.02852	0.05715	0.03215	0.51567	0.09488	0.00947	0.09575	0.01339	0.00575	0.00694
19	0.09293	0.01788	0.02829	0.56095	0.06344	0.02217	0.02590	0.02588	0.01962	0.02751	0.01731	0.02548	0.01303	0.00989	0.00957	0.00330	0.01270	0.00849	0.00461	0.01104
20	0.08566	0.02861	0.12240	0.03877	0.12960	0.02440	0.30671	0.03319	0.06795	0.03394	0.02077	0.02565	0.01578	0.00913	0.01052	0.00325	0.01419	0.01010	0.00544	0.01395
21	0.02473	0.02497	0.03620	0.04674	0.35693	0.07286	0.02678	0.02914	0.02068	0.02907	0.01661	0.02319	0.01466	0.01183	0.01737	0.00339	0.21762	0.00863	0.00476	0.01383
22	0.72007	0.01928	0.01465	0.01311	0.01928	0.02236	0.01080	0.02930	0.01697	0.04473	0.01388	0.01619	0.01080	0.00925	0.00617	0.00308	0.00771	0.00540	0.00617	0.01080
23	0.01765	0.01373	0.01618	0.01479	0.01781	0.01424	0.01062	0.02543	0.13885	0.02720	0.03024	0.04601	0.02898	0.27312	0.16990	0.00857	0.01303	0.01156	0.00676	0.11533
24	0.01470	0.01353	0.01414	0.01613	0.06087	0.05227	0.01062	0.01733	0.02231	0.02687	0.07812	0.20603	0.38271	0.02420	0.01164	0.00343	0.00667	0.02065	0.00862	0.00916
25	0.02685	0.02883	0.02350	0.01884	0.02631	0.23562	0.01459	0.03058	0.02350	0.02947	0.01686	0.01967	0.01405	0.00846	0.00798	0.00188	0.01133	0.00610	0.00562	0.44998
26	0.02099	0.01331	0.01638	0.01611	0.01909	0.01331	0.01179	0.07068	0.09784	0.11681	0.04798	0.41561	0.05068	0.02432	0.01173	0.00372	0.00692	0.02159	0.00990	0.01124
27	0.02818	0.02310	0.02445	0.02097	0.02721	0.02638	0.01660	0.18248	0.43444	0.04716	0.03628	0.03377	0.02695	0.01312	0.01010	0.00328	0.00869	0.01068	0.01010	0.01608
28	0.02271	0.01922	0.02074	0.01878	0.02377	0.02179	0.01454	0.04631	0.46383	0.04137	0.14628	0.04447	0.04285	0.01486	0.01046	0.00333	0.00727	0.01259	0.01031	0.01454
29	0.01489	0.01163	0.01726	0.01689	0.01852	0.01401	0.01326	0.01833	0.01596	0.02321	0.02554	0.03768	0.02391	0.06986	0.56074	0.01502	0.07844	0.01051	0.00526	0.00907
30	0.01215	0.00868	0.01157	0.01388	0.01446	0.00810	0.00925	0.01388	0.01909	0.02545	0.05495	0.64315	0.06593	0.03123	0.01272	0.00405	0.00578	0.02834	0.00925	0.00810
31	0.01950	0.01814	0.02907	0.55724	0.06383	0.02245	0.02634	0.02858	0.08207	0.02731	0.02030	0.02778	0.01523	0.01037	0.00999	0.00333	0.01268	0.00913	0.00508	0.01161
32	0.02498	0.02431	0.02183	0.01941	0.02491	0.13075	0.01495	0.04235	0.33320	0.03613	0.06885	0.03896	0.07635	0.01365	0.00987	0.00301	0.00930	0.01101	0.00873	0.08743
33	0.01436	0.01019	0.01356	0.01356	0.01449	0.01112	0.00939	0.01622	0.01529	0.02132	0.02896	0.05164	0.03034	0.34985	0.34247	0.01298	0.01855	0.01251	0.00568	0.00753
34	0.02276	0.02182	0.03660	0.22043	0.39168	0.02381	0.02903	0.02857	0.02129	0.02982	0.01798	0.02498	0.01485	0.00991	0.01180	0.00318	0.06387	0.00886	0.00474	0.01403

[dist]
# distance from previous block
# <min> <max>
0	62

[block]
# block no. 1 follows, 15 sequences, length 44
# corresponding to MSA columns:
# 101-144
name=unknown_B
#
# <colnr> <probs for GDERKNQSTAVLIFYWHMCP>
#	G	D	E	R	K	N	Q	S	T	A	V	L	I	F	Y	W	H	M	C	P
0	0.01283	0.00960	0.01192	0.01248	0.01440	0.00868	0.00892	0.01591	0.02351	0.03149	0.27226	0.29342	0.19692	0.02559	0.01213	0.00353	0.00519	0.02261	0.00993	0.00868
1	0.72007	0.01928	0.01465	0.01311	0.01928	0.02236	0.01080	0.02930	0.01697	0.04473	0.01388	0.01619	0.01080	0.00925	0.00617	0.00308	0.00771	0.00540	0.00617	0.01080
2	0.02643	0.61013	0.05272	0.01886	0.02751	0.03842	0.05573	0.03000	0.02049	0.02407	0.01432	0.01678	0.01296	0.00852	0.00679	0.00222	0.01111	0.00580	0.00432	0.01284
3	0.01437	0.01067	0.01571	0.01586	0.01757	0.01223	0.01230	0.01778	0.01637	0.02334	0.02866	0.04543	0.02768	0.10648	0.53818	0.01491	0.02455	0.04354	0.00563	0.00875
4	0.01411	0.01019	0.01333	0.01254	0.01489	0.00941	0.00941	0.01881	0.02822	0.03998	0.58221	0.07447	0.09406	0.02038	0.01176	0.00314	0.00470	0.01803	0.01097	0.00941
5	0.02665	0.65565	0.05224	0.01706	0.02559	0.03945	0.01706	0.02985	0.02026	0.02345	0.01386	0.01599	0.01279	0.00853	0.00640	0.00213	0.01066	0.00533	0.00426	0.01279
6	0.01178	0.01010	0.01010	0.01010	0.01347	0.00842	0.00757	0.01431	0.02272	0.02693	0.10099	0.09594	0.58342	0.02525	0.01178	0.00337	0.00505	0.02104	0.00926	0.00842
7	0.02389	0.02268	0.03845	0.05758	0.54497	0.02263	0.02902	0.02972	0.02311	0.03312	0.06057	0.02837	0.02160	0.00974	0.01001	0.00297	0.01131	0.00956	0.00538	0.01532
8	0.01427	0.01030	0.01356	0.01303	0.01538	0.00958	0.00997	0.01897	0.02777	0.03912	0.53748	0.07767	0.09096	0.02098	0.01193	0.00326	0.00508	0.06046	0.01082	0.00939
9	0.03622	0.10584	0.03055	0.02485	0.03032	0.55494	0.01905	0.03885	0.02748	0.02431	0.01526	0.01779	0.01284	0.01011	0.00874	0.00253	0.01728	0.00632	0.00505	0.01168
10	0.24701	0.02160	0.02254	0.01771	0.02520	0.02250	0.01456	0.21530	0.03026	0.16187	0.02312	0.02314	0.01633	0.01057	0.00845	0.00283	0.00896	0.00766	0.00872	0.11169
11	0.04361	0.01875	0.02424	0.01858	0.02634	0.01730	0.01535	0.13091	0.03152	0.50783	0.03682	0.03230	0.02342	0.01228	0.01002	0.00307	0.00889	0.00985	0.01195	0.01696
12	0.01692	0.01612	0.02878	0.02247	0.02782	0.01480	0.20206	0.02243	0.02525	0.03403	0.26845	0.06258	0.18134	0.01726	0.01177	0.00327	0.00910	0.01651	0.00846	0.01061
13	0.02252	0.02391	0.04224	0.03273	0.03690	0.02833	0.24096	0.02728	0.01869	0.02728	0.01602	0.02391	0.01393	0.01370	0.02404	0.00395	0.37701	0.00998	0.00464	0.01196
14	0.02467	0.02369	0.04046	0.06119	0.58747	0.02369	0.03059	0.03059	0.02270	0.03257	0.01875	0.02467	0.01579	0.00888	0.00987	0.00296	0.01184	0.00888	0.00493	0.01579
15	0.72007	0.01928	0.01465	0.01311	0.01928	0.02236	0.01080	0.02930	0.01697	0.04473	0.01388	0.01619	0.01080	0.00925	0.00617	0.00308	0.00771	0.00540	0.00617	0.01080
16	0.01606	0.01147	0.01606	0.01836	0.02065	0.01147	0.01606	0.02065	0.02295	0.02983	0.05278	0.11245	0.05737	0.02754	0.01377	0.00459	0.00918	0.52037	0.00918	0.00918
17	0.02270	0.01766	0.02088	0.01502	0.02378	0.01340	0.01205	0.02709	0.02134	0.07995	0.01954	0.02179	0.01560	0.00780	0.00761	0.00161	0.00748	0.00625	0.00645	0.65200
18	0.01850	0.01682	0.02370	0.02126	0.02190	0.02233	0.01715	0.02098	0.01547	0.02329	0.01949	0.03166	0.01926	0.09128	0.24000	0.00896	0.36340	0.00991	0.00485	0.00978
19	0.02021	0.01834	0.03017	0.04433	0.38328	0.01813	0.02299	0.02464	0.02141	0.03003	0.03165	0.24506	0.03366	0.01685	0.01089	0.00335	0.00968	0.01582	0.00647	0.01305
20	0.02084	0.01251	0.01992	0.01700	0.01978	0.01196	0.07523	0.02166	0.01930	0.10379	0.11617	0.04251	0.03351	0.10463	0.06057	0.28354	0.01010	0.01161	0.00690	0.00850
21	0.01424	0.01068	0.01602	0.01602	0.01780	0.01246	0.01246	0.01780	0.01602	0.02314	0.02670	0.03916	0.02492	0.07477	0.61015	0.01602	0.02670	0.01068	0.00534	0.00890
22	0.02286	0.02490	0.04775	0.03581	0.04195	0.02730	0.34393	0.02882	0.02029	0.02882	0.01739	0.02490	0.01433	0.01195	0.01997	0.00375	0.25748	0.01057	0.00478	0.01245
23	0.72007	0.01928	0.01465	0.01311	0.01928	0.02236	0.01080	0.02930	0.01697	0.04473	0.01388	0.01619	0.01080	0.00925	0.00617	0.00308	0.00771	0.00540	0.00617	0.01080
24	0.02253	0.02150	0.03660	0.26766	0.39771	0.02312	0.02953	0.02872	0.02169	0.02997	0.01837	0.02537	0.01488	0.00928	0.00990	0.00309	0.01237	0.00887	0.00475	0.01407
25	0.02480	0.02141	0.02254	0.02029	0.02592	0.02480	0.01578	0.05297	0.56946	0.04170	0.04057	0.03719	0.03043	0.01352	0.01014	0.00338	0.00789	0.01127	0.01014	0.01578
26	0.72007	0.01928	0.01465	0.01311	0.01928	0.02236	0.01080	0.02930	0.01697	0.04473	0.01388	0.01619	0.01080	0.00925	0.00617	0.00308	0.00771	0.00540	0.00617	0.01080
27	0.01521	0.01276	0.01779	0.09041	0.02415	0.01260	0.04492	0.02112	0.05951	0.03339	0.28085	0.10204	0.20712	0.01987	0.01150	0.00330	0.00688	0.01749	0.00917	0.00992
28	0.01411	0.01019	0.01333	0.01254	0.01489	0.00941	0.00941	0.01881	0.02822	0.03998	0.58221	0.07447	0.09406	0.02038	0.01176	0.00314	0.00470	0.01803	0.01097	0.00941
29	0.01732	0.00866	0.01299	0.01299	0.01299	0.00866	0.00866	0.01299	0.01299	0.01732	0.01732	0.03030	0.01732	0.03463	0.03896	0.70996	0.00866	0.00866	0.00433	0.00433
30	0.03622	0.10584	0.03055	0.02485	0.03032	0.55494	0.01905	0.03885	0.02748	0.02431	0.01526	0.01779	0.01284	0.01011	0.00874	0.00253	0.01728	0.00632	0.00505	0.01168
31	0.01411	0.01019	0.01333	0.01254	0.01489	0.00941	0.00941	0.01881	0.02822	0.03998	0.58221	0.07447	0.09406	0.02038	0.01176	0.00314	0.00470	0.01803	0.01097	0.00941
32	0.02577	0.02190	0.02309	0.02048	0.02629	0.02525	0.01601	0.09017	0.53067	0.04327	0.03934	0.03621	0.02943	0.01341	0.01013	0.00335	0.00812	0.01110	0.01013	0.01587
33	0.02325	0.02156	0.03341	0.04465	0.38654	0.01998	0.02390	0.02864	0.02198	0.03254	0.01838	0.02325	0.01543	0.00835	0.00898	0.00243	0.01025	0.00782	0.00528	0.26338
34	0.01911	0.01811	0.02996	0.56819	0.06459	0.02295	0.02712	0.02533	0.01949	0.02533	0.01727	0.02612	0.01327	0.01068	0.01215	0.00342	0.07257	0.00885	0.00442	0.01106
35	0.04473	0.01697	0.02313	0.01774	0.02545	0.01465	0.01465	0.04858	0.02853	0.59437	0.03933	0.03393	0.02468	0.01234	0.01003	0.00308	0.00848	0.01003	0.01234	0.01697
36	0.01311	0.01005	0.01200	0.01173	0.01433	0.00895	0.00871	0.01680	0.02554	0.03412	0.36685	0.12170	0.27412	0.02294	0.01183	0.00328	0.00491	0.01986	0.01022	0.00895
37	0.72007	0.01928	0.01465	0.01311	0.01928	0.02236	0.01080	0.02930	0.01697	0.04473	0.01388	0.01619	0.01080	0.00925	0.00617	0.00308	0.00771	0.00540	0.00617	0.01080
38	0.01411	0.01019	0.01333	0.01254	0.01489	0.00941	0.00941	0.01881	0.02822	0.03998	0.58221	0.07447	0.09406	0.02038	0.01176	0.00314	0.00470	0.01803	0.01097	0.00941
39	0.01999	0.05157	0.59800	0.02841	0.04315	0.02315	0.03683	0.03157	0.02105	0.03157	0.01789	0.02105	0.01263	0.00947	0.00947	0.00316	0.01473	0.00737	0.00421	0.01473
40	0.01274	0.00985	0.01161	0.01177	0.01420	0.00873	0.00860	0.01594	0.02410	0.03160	0.27495	0.19535	0.29558	0.02457	0.01196	0.00341	0.00506	0.02133	0.00991	0.00873
41	0.03412	0.04269	0.02618	0.02422	0.02879	0.53492	0.01802	0.03659	0.02711	0.02453	0.02032	0.09562	0.01943	0.01288	0.00945	0.00275	0.01646	0.00914	0.00565	0.01113
42	0.02467	0.02369	0.04046	0.06119	0.58747	0.02369	0.03059	0.03059	0.02270	0.03257	0.01875	0.02467	0.01579	0.00888	0.00987	0.00296	0.01184	0.00888	0.00493	0.01579
43	0.02147	0.02200	0.04137	0.21790	0.05087	0.02302	0.27439	0.03171	0.10076	0.03089	0.02475	0.07081	0.02027	0.01120	0.01104	0.00340	0.01367	0.01194	0.00588	0.01268

[dist]
# distance from previous block
# <min> <max>
0	42

[block]
# block no. 2 follows, 15 sequences, length 58
# corresponding to MSA columns:
# 187-235,238-246
name=unknown_C
#
# <colnr> <probs for GDERKNQSTAVLIFYWHMCP>
#	G	D	E	R	K	N	Q	S	T	A	V	L	I	F	Y	W	H	M	C	P
0	0.01329	0.01016	0.01218	0.01168	0.01439	0.00906	0.00876	0.01722	0.02627	0.03536	0.41181	0.08207	0.26734	0.02210	0.01177	0.00322	0.00483	0.01909	0.01037	0.00906
1	0.52889	0.02496	0.01855	0.06019	0.02524	0.14297	0.01376	0.03118	0.01950	0.03915	0.01447	0.01731	0.01140	0.00951	0.00702	0.00300	0.01023	0.00586	0.00583	0.01097
2	0.46813	0.02221	0.01970	0.01742	0.02213	0.07080	0.01419	0.03056	0.05432	0.03842	0.01561	0.01895	0.01276	0.01140	0.01242	0.00334	0.14389	0.00659	0.00596	0.01121
3	0.01883	0.01772	0.02990	0.62569	0.06866	0.02215	0.02769	0.02547	0.01993	0.02547	0.01772	0.02658	0.01329	0.00997	0.00997	0.00332	0.01329	0.00886	0.00443	0.01107
4	0.01261	0.01023	0.01176	0.01165	0.01455	0.00938	0.00883	0.01564	0.02210	0.02794	0.15170	0.08133	0.40162	0.03475	0.13468	0.00593	0.00945	0.01850	0.00869	0.00865
5	0.02186	0.01231	0.01510	0.01416	0.01847	0.01086	0.01154	0.02524	0.02437	0.18361	0.07257	0.08282	0.30467	0.02224	0.01177	0.00358	0.00698	0.13681	0.01009	0.01095
6	0.02169	0.02064	0.03507	0.34962	0.32239	0.02290	0.02911	0.02798	0.02129	0.02894	0.01822	0.02565	0.01451	0.00944	0.00992	0.00315	0.01258	0.00887	0.00468	0.01338
7	0.02467	0.02369	0.04046	0.06119	0.58747	0.02369	0.03059	0.03059	0.02270	0.03257	0.01875	0.02467	0.01579	0.00888	0.00987	0.00296	0.01184	0.00888	0.00493	0.01579
8	0.01883	0.01772	0.02990	0.62569	0.06866	0.02215	0.02769	0.02547	0.01993	0.02547	0.01772	0.02658	0.01329	0.00997	0.00997	0.00332	0.01329	0.00886	0.00443	0.01107
9	0.01181	0.00998	0.01022	0.01042	0.01355	0.00839	0.00772	0.01427	0.02242	0.02681	0.09711	0.14202	0.53984	0.02575	0.01186	0.00342	0.00511	0.02165	0.00926	0.00839
10	0.02181	0.02181	0.03053	0.02617	0.02617	0.03053	0.02181	0.02399	0.01527	0.02399	0.01309	0.02181	0.01309	0.01745	0.03272	0.00436	0.63141	0.00872	0.00436	0.01091
11	0.01391	0.01018	0.01305	0.01234	0.01477	0.00932	0.00925	0.01843	0.02776	0.03888	0.54168	0.07627	0.13527	0.02079	0.01176	0.00315	0.00473	0.01828	0.01083	0.00932
12	0.01883	0.01772	0.02990	0.62569	0.06866	0.02215	0.02769	0.02547	0.01993	0.02547	0.01772	0.02658	0.01329	0.00997	0.00997	0.00332	0.01329	0.00886	0.00443	0.01107
13	0.01294	0.01019	0.01192	0.01160	0.01441	0.00916	0.00873	0.01644	0.02440	0.03194	0.29140	0.08238	0.33639	0.02743	0.06216	0.00434	0.00673	0.01894	0.00963	0.00886
14	0.01999	0.05157	0.59800	0.02841	0.04315	0.02315	0.03683	0.03157	0.02105	0.03157	0.01789	0.02105	0.01263	0.00947	0.00947	0.00316	0.01473	0.00737	0.00421	0.01473
15	0.02181	0.02181	0.03053	0.02617	0.02617	0.03053	0.02181	0.02399	0.01527	0.02399	0.01309	0.02181	0.01309	0.01745	0.03272	0.00436	0.63141	0.00872	0.00436	0.01091
16	0.01571	0.01062	0.01337	0.01243	0.01533	0.00957	0.00941	0.01995	0.02720	0.07447	0.45539	0.07581	0.18160	0.02076	0.01165	0.00318	0.00502	0.01806	0.01074	0.00972
17	0.02532	0.02170	0.04058	0.03025	0.03803	0.02074	0.30331	0.03493	0.09580	0.12186	0.12473	0.03769	0.03249	0.01179	0.01128	0.00328	0.01223	0.01253	0.00788	0.01358
18	0.02108	0.01919	0.02421	0.01886	0.02454	0.01948	0.01540	0.02470	0.01873	0.02943	0.01606	0.02108	0.01416	0.01100	0.01648	0.00251	0.23148	0.00692	0.00535	0.45932
19	0.03790	0.02792	0.02992	0.02294	0.03091	0.03091	0.01895	0.55423	0.04687	0.06283	0.02393	0.02393	0.01695	0.01197	0.00997	0.00299	0.01097	0.00898	0.00997	0.01695
20	0.02026	0.02004	0.02977	0.57895	0.06571	0.06791	0.02703	0.02659	0.02058	0.02539	0.01754	0.02591	0.01325	0.00999	0.00989	0.00326	0.01365	0.00867	0.00448	0.01111
21	0.01858	0.00929	0.00929	0.00929	0.01161	0.00929	0.00697	0.02323	0.02091	0.03717	0.03252	0.03717	0.02555	0.01161	0.00697	0.00232	0.00465	0.00929	0.70499	0.00929
22	0.01966	0.01870	0.03078	0.50522	0.10255	0.02335	0.02715	0.02567	0.01954	0.02582	0.01720	0.02582	0.01345	0.01085	0.01290	0.00343	0.09320	0.00884	0.00446	0.01141
23	0.02372	0.04636	0.51146	0.02681	0.04048	0.02187	0.03349	0.03413	0.02217	0.11629	0.02112	0.02299	0.01444	0.00990	0.00955	0.00315	0.01379	0.00777	0.00543	0.01507
24	0.02298	0.32250	0.35323	0.02332	0.03527	0.03046	0.02796	0.03080	0.02069	0.02793	0.01608	0.01878	0.01270	0.00905	0.00809	0.00270	0.01291	0.00645	0.00423	0.01386
25	0.01450	0.00966	0.01087	0.01087	0.01087	0.00966	0.00604	0.01450	0.01450	0.01933	0.03141	0.06524	0.03624	0.64965	0.05074	0.00966	0.00966	0.01450	0.00604	0.00604
26	0.01210	0.00887	0.01137	0.01336	0.01432	0.00814	0.00902	0.01394	0.01959	0.02565	0.06129	0.56773	0.13725	0.03041	0.01259	0.00395	0.00568	0.02733	0.00925	0.00814
27	0.03175	0.02162	0.05933	0.14694	0.07588	0.05765	0.01987	0.03913	0.08247	0.26970	0.03169	0.07017	0.02350	0.01266	0.01009	0.00319	0.01048	0.01064	0.00878	0.01447
28	0.01883	0.01772	0.02990	0.62569	0.06866	0.02215	0.02769	0.02547	0.01993	0.02547	0.01772	0.02658	0.01329	0.00997	0.00997	0.00332	0.01329	0.00886	0.00443	0.01107
29	0.01891	0.01635	0.02539	0.45140	0.05381	0.01973	0.02267	0.02685	0.06420	0.02937	0.06431	0.03243	0.02237	0.01125	0.00973	0.00318	0.01109	0.00980	0.09607	0.01109
30	0.03165	0.02596	0.11593	0.03752	0.23703	0.02112	0.06649	0.07190	0.02613	0.22654	0.02612	0.02744	0.01840	0.01032	0.01002	0.00307	0.01145	0.00929	0.00771	0.01593
31	0.03732	0.07047	0.10234	0.02351	0.07330	0.02139	0.01978	0.14050	0.03001	0.33369	0.03012	0.02831	0.02007	0.01135	0.00967	0.00300	0.01019	0.00905	0.00966	0.01628
32	0.03724	0.04751	0.02825	0.02568	0.03082	0.60963	0.01926	0.03981	0.02825	0.02440	0.01541	0.01798	0.01284	0.01027	0.00899	0.00257	0.01798	0.00642	0.00514	0.01156
33	0.02665	0.65565	0.05224	0.01706	0.02559	0.03945	0.01706	0.02985	0.02026	0.02345	0.01386	0.01599	0.01279	0.00853	0.00640	0.00213	0.01066	0.00533	0.00426	0.01279
34	0.03198	0.02936	0.20274	0.03115	0.14655	0.01965	0.05442	0.03885	0.02480	0.27845	0.02759	0.02776	0.01869	0.01055	0.00992	0.00310	0.01152	0.00908	0.00797	0.01585
35	0.03558	0.01493	0.01978	0.01601	0.02222	0.01294	0.01290	0.03918	0.02708	0.43417	0.09193	0.08568	0.11070	0.01601	0.01058	0.00319	0.00753	0.01339	0.01160	0.01460
36	0.02244	0.02179	0.03473	0.16456	0.27934	0.02583	0.02684	0.02717	0.01946	0.02803	0.01650	0.02404	0.01431	0.01218	0.01809	0.00354	0.23464	0.00882	0.00463	0.01307
37	0.03123	0.02175	0.07153	0.06827	0.03041	0.02254	0.02037	0.03520	0.02174	0.26829	0.02502	0.02729	0.01802	0.01408	0.01949	0.00364	0.27040	0.00918	0.00776	0.01380
38	0.03371	0.07106	0.21898	0.02309	0.03337	0.01991	0.06293	0.04043	0.02512	0.32705	0.02907	0.02794	0.01917	0.01084	0.00974	0.00307	0.01134	0.00897	0.00855	0.01568
39	0.04473	0.01697	0.02313	0.01774	0.02545	0.01465	0.01465	0.04858	0.02853	0.59437	0.03933	0.03393	0.02468	0.01234	0.01003	0.00308	0.00848	0.01003	0.01234	0.01697
40	0.02407	0.02329	0.03839	0.05387	0.47011	0.02512	0.02876	0.02921	0.02115	0.03078	0.01757	0.02407	0.01523	0.01067	0.01465	0.00325	0.14139	0.00885	0.00481	0.01477
41	0.02639	0.01910	0.07000	0.02936	0.18299	0.01593	0.01914	0.03132	0.02492	0.19963	0.14365	0.12243	0.04090	0.01536	0.01066	0.00320	0.00880	0.01363	0.00889	0.01370
42	0.03387	0.02606	0.06694	0.08033	0.19040	0.09825	0.02258	0.07878	0.02711	0.23703	0.02604	0.02701	0.01831	0.01068	0.00980	0.00300	0.01167	0.00888	0.00795	0.01531
43	0.72007	0.01928	0.01465	0.01311	0.01928	0.02236	0.01080	0.02930	0.01697	0.04473	0.01388	0.01619	0.01080	0.00925	0.00617	0.00308	0.00771	0.00540	0.00617	0.01080
44	0.02380	0.03707	0.31522	0.03753	0.19742	0.02293	0.07207	0.03400	0.05783	0.07528	0.02141	0.02457	0.01580	0.00970	0.00985	0.00313	0.01315	0.00860	0.00548	0.01517
45	0.02374	0.02026	0.02938	0.03503	0.26789	0.01787	0.02010	0.02878	0.02199	0.06374	0.01937	0.02314	0.01576	0.00831	0.00861	0.00221	0.00938	0.00742	0.00584	0.37118
46	0.02504	0.01443	0.01864	0.01764	0.06268	0.01241	0.01254	0.02870	0.02459	0.21327	0.10532	0.09231	0.19248	0.01703	0.01046	0.00298	0.00705	0.01443	0.00958	0.11843
47	0.01998	0.01686	0.01970	0.01483	0.02248	0.01353	0.01174	0.02616	0.06131	0.03427	0.10406	0.02993	0.02779	0.00978	0.00824	0.00186	0.00702	0.00811	0.00697	0.55537
48	0.02337	0.02310	0.06481	0.03586	0.23129	0.02179	0.06305	0.07141	0.14605	0.03673	0.06663	0.03573	0.06698	0.01202	0.01017	0.00305	0.01019	0.01088	0.00720	0.05969
49	0.02197	0.01857	0.02355	0.02749	0.14755	0.02017	0.01749	0.03819	0.29365	0.03631	0.03786	0.12247	0.03341	0.01568	0.01042	0.00337	0.00831	0.04592	0.06382	0.01379
50	0.02281	0.02156	0.03652	0.18372	0.43515	0.02254	0.02900	0.02881	0.02210	0.03081	0.02075	0.03085	0.01796	0.01035	0.01015	0.00315	0.01199	0.04238	0.00510	0.01431
51	0.02121	0.02009	0.06962	0.49128	0.06022	0.02101	0.02620	0.02783	0.02079	0.07428	0.01955	0.02641	0.01430	0.00996	0.00977	0.00317	0.01260	0.00866	0.00518	0.05787
52	0.02130	0.01763	0.02882	0.02278	0.02871	0.01679	0.16199	0.03015	0.10015	0.08057	0.22588	0.05092	0.04878	0.01486	0.01117	0.00319	0.00933	0.04719	0.00877	0.07104
53	0.01895	0.01595	0.01828	0.01452	0.02112	0.01357	0.01138	0.02643	0.09781	0.03420	0.12390	0.04208	0.10847	0.01281	0.00908	0.00227	0.00670	0.01070	0.00778	0.40400
54	0.17815	0.01798	0.02508	0.06754	0.10017	0.01777	0.06966	0.02877	0.02234	0.10616	0.10473	0.07154	0.03011	0.01237	0.00939	0.00296	0.00906	0.01074	0.00741	0.10807
55	0.41441	0.01857	0.02210	0.01812	0.02433	0.01963	0.09278	0.03019	0.02049	0.11364	0.06294	0.07719	0.02398	0.01219	0.00848	0.00321	0.00881	0.00982	0.00742	0.01169
56	0.02067	0.01772	0.02067	0.01477	0.02362	0.01329	0.01181	0.02510	0.02067	0.03248	0.01772	0.02067	0.01477	0.00738	0.00738	0.00148	0.00738	0.00591	0.00591	0.71059
57	0.01883	0.01772	0.02990	0.62569	0.06866	0.02215	0.02769	0.02547	0.01993	0.02547	0.01772	0.02658	0.01329	0.00997	0.00997	0.00332	0.01329	0.00886	0.00443	0.01107

[dist]
# distance from previous block
# <min> <max>
0	1

[block]
# block no. 3 follows, 15 sequences, length 23
# corresponding to MSA columns:
# 248-270
name=unknown_D
#
# <colnr> <probs for GDERKNQSTAVLIFYWHMCP>
#	G	D	E	R	K	N	Q	S	T	A	V	L	I	F	Y	W	H	M	C	P
0	0.06975	0.12274	0.27742	0.02405	0.03470	0.02518	0.05647	0.06874	0.09230	0.10120	0.02298	0.02412	0.01662	0.01027	0.00915	0.00303	0.01201	0.00813	0.00646	0.01468
1	0.67661	0.01913	0.01520	0.01341	0.01968	0.02187	0.01104	0.03054	0.01771	0.08010	0.01552	0.01734	0.01169	0.00945	0.00642	0.00308	0.00776	0.00570	0.00657	0.01119
2	0.01431	0.00959	0.01093	0.01111	0.01116	0.00954	0.00630	0.01445	0.01486	0.01982	0.03328	0.11115	0.03860	0.60052	0.04772	0.00922	0.00936	0.01560	0.00630	0.00620
3	0.02390	0.02791	0.17075	0.02171	0.02944	0.02236	0.02064	0.04403	0.34707	0.07521	0.03576	0.08094	0.02825	0.01380	0.01017	0.00336	0.00953	0.01153	0.00868	0.01498
4	0.01210	0.00884	0.01140	0.01345	0.01435	0.00813	0.00906	0.01393	0.01950	0.02562	0.06023	0.58038	0.12529	0.03055	0.01262	0.00397	0.00570	0.02750	0.00925	0.00813
5	0.01730	0.03380	0.33833	0.02144	0.03097	0.01772	0.02462	0.02656	0.05951	0.03037	0.04524	0.11293	0.16781	0.01634	0.01049	0.00333	0.01072	0.01359	0.00651	0.01241
6	0.03295	0.03980	0.02629	0.02285	0.02896	0.45518	0.01733	0.03600	0.02629	0.02649	0.01601	0.01868	0.01334	0.00952	0.00857	0.00229	0.01523	0.00629	0.00534	0.19260
7	0.01735	0.01851	0.12488	0.01591	0.02098	0.01238	0.01497	0.02330	0.02688	0.07683	0.43754	0.06152	0.07381	0.01775	0.01120	0.00314	0.00687	0.01545	0.00979	0.01094
8	0.02402	0.02143	0.03373	0.08130	0.38794	0.02191	0.02524	0.09075	0.02641	0.03709	0.12003	0.03360	0.02977	0.01137	0.01022	0.00302	0.01055	0.01053	0.00659	0.01451
9	0.02284	0.01539	0.01870	0.01734	0.02145	0.01585	0.01395	0.09570	0.12500	0.10313	0.18272	0.11124	0.05392	0.01978	0.01161	0.00358	0.00767	0.13765	0.01028	0.01220
10	0.02040	0.04874	0.53615	0.02997	0.04417	0.02339	0.09584	0.03161	0.02133	0.03161	0.01815	0.02172	0.01291	0.00935	0.00973	0.00318	0.01497	0.00787	0.00430	0.01459
11	0.02089	0.01780	0.01895	0.01767	0.02226	0.01978	0.01350	0.04117	0.40286	0.03703	0.05314	0.12386	0.13339	0.01784	0.01076	0.00346	0.00712	0.01516	0.00987	0.01350
12	0.01246	0.00977	0.01133	0.01210	0.01443	0.00865	0.00889	0.01514	0.02226	0.02818	0.13883	0.26091	0.33334	0.02667	0.01220	0.00363	0.00552	0.05775	0.00945	0.00849
13	0.02996	0.02026	0.02270	0.01963	0.02580	0.02217	0.01549	0.05184	0.42936	0.18484	0.04025	0.03635	0.02894	0.01322	0.01011	0.00330	0.00804	0.01095	0.01071	0.01609
14	0.03518	0.01726	0.02216	0.01656	0.02472	0.01411	0.01352	0.03926	0.02541	0.37132	0.03075	0.02867	0.02074	0.01037	0.00898	0.00245	0.00805	0.00839	0.00979	0.29232
15	0.01195	0.01011	0.01033	0.01027	0.01357	0.00849	0.00770	0.01463	0.02311	0.02786	0.13532	0.09441	0.54851	0.02490	0.01178	0.00335	0.00502	0.02082	0.00938	0.00849
16	0.02067	0.01772	0.02067	0.01477	0.02362	0.01329	0.01181	0.02510	0.02067	0.03248	0.01772	0.02067	0.01477	0.00738	0.00738	0.00148	0.00738	0.00591	0.00591	0.71059
17	0.01424	0.01068	0.01602	0.01602	0.01780	0.01246	0.01246	0.01780	0.01602	0.02314	0.02670	0.03916	0.02492	0.07477	0.61015	0.01602	0.02670	0.01068	0.00534	0.00890
18	0.02665	0.65565	0.05224	0.01706	0.02559	0.03945	0.01706	0.02985	0.02026	0.02345	0.01386	0.01599	0.01279	0.00853	0.00640	0.00213	0.01066	0.00533	0.00426	0.01279
19	0.01178	0.01010	0.01010	0.01010	0.01347	0.00842	0.00757	0.01431	0.02272	0.02693	0.10099	0.09594	0.58342	0.02525	0.01178	0.00337	0.00505	0.02104	0.00926	0.00842
20	0.01276	0.00971	0.01174	0.01214	0.01429	0.00869	0.00876	0.01586	0.02368	0.03134	0.26637	0.25155	0.24653	0.02522	0.01205	0.00348	0.00514	0.02210	0.00990	0.00869
21	0.02290	0.02187	0.03725	0.23272	0.42982	0.02322	0.02971	0.02904	0.02186	0.03041	0.01844	0.02525	0.01503	0.00921	0.00990	0.00307	0.01228	0.00888	0.00478	0.01436
22	0.01999	0.05157	0.59800	0.02841	0.04315	0.02315	0.03683	0.03157	0.02105	0.03157	0.01789	0.02105	0.01263	0.00947	0.00947	0.00316	0.01473	0.00737	0.00421	0.01473

[dist]
# distance from previous block
# <min> <max>
0	4

# created by:
# /st0/software/busco_prod/Augustus/scripts/msa2prfl.pl ./align_prep/7266.fa
