[name]
unknown

[dist]
# distance from previous block
# <min> <max>
0	185

[block]
# block no. 0 follows, 12 sequences, length 10
# corresponding to MSA columns:
# 189-198
name=unknown_A
#
# <colnr> <probs for GDERKNQSTAVLIFYWHMCP>
#	G	D	E	R	K	N	Q	S	T	A	V	L	I	F	Y	W	H	M	C	P
0	0.03397	0.05484	0.02887	0.10998	0.03548	0.02341	0.02005	0.11545	0.07282	0.20791	0.03518	0.04471	0.02772	0.01571	0.01317	0.00371	0.05439	0.07728	0.00989	0.01546
1	0.13986	0.19229	0.03335	0.01905	0.02743	0.07331	0.01639	0.07066	0.02676	0.17366	0.02401	0.02422	0.01770	0.01079	0.00867	0.00277	0.01071	0.00766	0.00809	0.11262
2	0.03905	0.08372	0.03322	0.02379	0.03219	0.10953	0.01959	0.33012	0.04193	0.08687	0.02433	0.02485	0.01782	0.01207	0.01016	0.00298	0.01255	0.00884	0.00936	0.07703
3	0.17288	0.02414	0.07221	0.02087	0.02980	0.02073	0.05327	0.03961	0.09769	0.15241	0.02745	0.02787	0.01989	0.01095	0.00941	0.00299	0.00996	0.00879	0.00849	0.19059
4	0.18147	0.03044	0.15033	0.02282	0.03175	0.02465	0.04837	0.14468	0.06411	0.04746	0.08992	0.03569	0.05630	0.01358	0.01028	0.00343	0.01108	0.01077	0.00827	0.01460
5	0.11945	0.02095	0.06563	0.10254	0.03097	0.01994	0.01710	0.03523	0.13935	0.04010	0.02944	0.03250	0.02259	0.01193	0.00906	0.00309	0.00901	0.00947	0.20833	0.07333
6	0.02416	0.01597	0.01726	0.01419	0.01979	0.01501	0.01117	0.09875	0.02703	0.04331	0.02931	0.03308	0.02301	0.01137	0.00825	0.00237	0.00701	0.00900	0.37667	0.21330
7	0.02870	0.02597	0.11167	0.02233	0.03143	0.01936	0.05326	0.10176	0.02829	0.13131	0.03085	0.11390	0.02643	0.01410	0.01057	0.00302	0.01060	0.01211	0.00853	0.21581
8	0.02541	0.19983	0.04037	0.02570	0.02844	0.03626	0.02233	0.02812	0.01830	0.02607	0.01456	0.02199	0.01422	0.01622	0.02733	0.00406	0.42508	0.00845	0.00474	0.01253
9	0.02522	0.02652	0.10436	0.01967	0.03018	0.01893	0.01813	0.09845	0.02680	0.04017	0.02039	0.02319	0.01615	0.00914	0.00882	0.00213	0.00984	0.00718	0.00682	0.48792

[dist]
# distance from previous block
# <min> <max>
0	4

[block]
# block no. 1 follows, 12 sequences, length 13
# corresponding to MSA columns:
# 203-215
name=unknown_B
#
# <colnr> <probs for GDERKNQSTAVLIFYWHMCP>
#	G	D	E	R	K	N	Q	S	T	A	V	L	I	F	Y	W	H	M	C	P
0	0.48960	0.06894	0.06320	0.01677	0.02471	0.02461	0.01522	0.03561	0.02117	0.12583	0.01990	0.02116	0.01452	0.01061	0.00771	0.00330	0.00941	0.00686	0.00748	0.01337
1	0.01920	0.01439	0.01614	0.01548	0.01870	0.01424	0.01146	0.11074	0.02749	0.03543	0.06629	0.21338	0.21432	0.11931	0.01961	0.00496	0.00805	0.05054	0.00971	0.01054
2	0.02225	0.13437	0.10563	0.01507	0.02104	0.01884	0.01486	0.02822	0.02275	0.03683	0.02916	0.03346	0.02306	0.01169	0.00793	0.00264	0.00807	0.00901	0.44328	0.01183
3	0.20732	0.01363	0.01363	0.01342	0.01713	0.01374	0.01013	0.02143	0.02377	0.03817	0.17951	0.17063	0.19486	0.02258	0.01133	0.00367	0.00641	0.01886	0.00962	0.01014
4	0.02492	0.02306	0.10915	0.18072	0.04095	0.01972	0.02296	0.03121	0.02520	0.13294	0.13848	0.07745	0.03942	0.01600	0.01376	0.00367	0.06553	0.01317	0.00832	0.01335
5	0.02508	0.01183	0.01332	0.01220	0.01546	0.01134	0.00906	0.02919	0.02335	0.13592	0.03680	0.04480	0.02960	0.10785	0.01579	0.00396	0.00674	0.01121	0.44528	0.01120
6	0.56405	0.01887	0.01538	0.01450	0.02008	0.02148	0.01149	0.02883	0.01900	0.04490	0.02375	0.13060	0.02331	0.01471	0.00811	0.00357	0.00803	0.01069	0.00739	0.01125
7	0.06219	0.02199	0.06837	0.02536	0.06776	0.01940	0.06387	0.10569	0.02922	0.11907	0.07379	0.15438	0.07116	0.01893	0.01196	0.00373	0.01031	0.04940	0.00948	0.01396
8	0.02397	0.12130	0.13319	0.12270	0.07716	0.02490	0.02399	0.08935	0.02594	0.03512	0.02804	0.14400	0.02694	0.01530	0.01059	0.00333	0.01179	0.01292	0.00678	0.06269
9	0.02719	0.02987	0.12602	0.11858	0.26811	0.02500	0.12323	0.03504	0.02493	0.08289	0.02261	0.02803	0.01715	0.01022	0.01115	0.00342	0.01434	0.01017	0.00598	0.01607
10	0.05242	0.06738	0.32364	0.07186	0.04358	0.02494	0.06194	0.03514	0.07000	0.03543	0.02162	0.02503	0.01607	0.01040	0.01004	0.00322	0.01390	0.00850	0.00562	0.09929
11	0.02579	0.11953	0.14525	0.02926	0.07389	0.02539	0.09955	0.06424	0.07254	0.06854	0.03132	0.13811	0.02860	0.01530	0.01110	0.00349	0.01230	0.01367	0.00744	0.01469
12	0.11773	0.18135	0.03334	0.01967	0.02709	0.02496	0.04716	0.03866	0.06244	0.19640	0.07841	0.06959	0.03128	0.01389	0.00985	0.00321	0.00978	0.01125	0.00921	0.01473

[dist]
# distance from previous block
# <min> <max>
2	122

[block]
# block no. 2 follows, 12 sequences, length 10
# corresponding to MSA columns:
# 343-352
name=unknown_C
#
# <colnr> <probs for GDERKNQSTAVLIFYWHMCP>
#	G	D	E	R	K	N	Q	S	T	A	V	L	I	F	Y	W	H	M	C	P
0	0.22708	0.02195	0.02888	0.07453	0.03312	0.02428	0.08530	0.08793	0.02471	0.10491	0.02344	0.03080	0.01896	0.08320	0.01802	0.00443	0.07783	0.00989	0.00749	0.01327
1	0.15367	0.02267	0.06256	0.08559	0.03184	0.02204	0.01843	0.11120	0.08774	0.08722	0.07478	0.04700	0.08758	0.01581	0.01076	0.00359	0.00994	0.04451	0.00911	0.01394
2	0.02084	0.01774	0.02398	0.02079	0.02552	0.01851	0.07084	0.03583	0.21705	0.04196	0.25063	0.10823	0.06383	0.01903	0.01229	0.00365	0.00810	0.01717	0.01074	0.01330
3	0.03843	0.02025	0.02869	0.21386	0.04457	0.02090	0.02141	0.09858	0.03038	0.31969	0.03302	0.03310	0.02177	0.01257	0.01094	0.00345	0.01138	0.01040	0.01026	0.01637
4	0.01565	0.01217	0.01700	0.02109	0.07845	0.01152	0.01352	0.01902	0.02374	0.03180	0.13134	0.35057	0.12264	0.02837	0.01342	0.00413	0.00727	0.07825	0.00984	0.01022
5	0.02478	0.02242	0.03389	0.32867	0.17072	0.02585	0.02797	0.07133	0.11448	0.03586	0.02458	0.03043	0.01878	0.01149	0.01091	0.00353	0.01294	0.01017	0.00654	0.01468
6	0.01838	0.01581	0.02291	0.02129	0.02258	0.02034	0.01710	0.02177	0.01724	0.02563	0.02415	0.03640	0.02287	0.06051	0.39114	0.01320	0.22179	0.01096	0.00548	0.01048
7	0.01396	0.01089	0.01286	0.01414	0.01666	0.00978	0.01074	0.01693	0.02371	0.02962	0.08453	0.26037	0.30389	0.03009	0.01364	0.00418	0.00669	0.11794	0.01011	0.00927
8	0.02385	0.02385	0.03340	0.02863	0.02863	0.03340	0.02385	0.02624	0.01670	0.02624	0.01431	0.02385	0.01431	0.01908	0.03578	0.00477	0.59685	0.00954	0.00477	0.01193
9	0.09155	0.02833	0.13208	0.10357	0.04036	0.02256	0.05794	0.09630	0.02919	0.24573	0.02942	0.02983	0.01971	0.01189	0.01061	0.00344	0.01222	0.00980	0.00914	0.01634

[dist]
# distance from previous block
# <min> <max>
0	2

[block]
# block no. 3 follows, 12 sequences, length 49
# corresponding to MSA columns:
# 355-403
name=unknown_D
#
# <colnr> <probs for GDERKNQSTAVLIFYWHMCP>
#	G	D	E	R	K	N	Q	S	T	A	V	L	I	F	Y	W	H	M	C	P
0	0.41956	0.03008	0.13941	0.02040	0.02880	0.02640	0.02008	0.08011	0.02264	0.04567	0.01717	0.02029	0.01315	0.01128	0.01059	0.00351	0.06381	0.00710	0.00651	0.01344
1	0.01372	0.01000	0.01293	0.01448	0.01582	0.00920	0.00999	0.01641	0.02344	0.03149	0.17126	0.44735	0.12170	0.03095	0.01359	0.00414	0.00599	0.02778	0.01054	0.00920
2	0.02239	0.04052	0.32876	0.03008	0.08513	0.02348	0.03077	0.03684	0.12141	0.03813	0.10243	0.03548	0.03114	0.01293	0.01091	0.00348	0.01275	0.01077	0.00702	0.01557
3	0.01523	0.01097	0.01448	0.01449	0.01671	0.01022	0.01084	0.01979	0.02865	0.04005	0.41940	0.17740	0.09426	0.02500	0.01322	0.00373	0.00574	0.05828	0.01152	0.01002
4	0.04145	0.03054	0.03272	0.02509	0.03381	0.03381	0.02072	0.51243	0.05127	0.06872	0.02618	0.02618	0.01854	0.01309	0.01091	0.00327	0.01200	0.00982	0.01091	0.01854
5	0.03408	0.09314	0.03672	0.07039	0.10410	0.11530	0.06631	0.08314	0.06349	0.13612	0.02578	0.02759	0.01912	0.01120	0.01027	0.00307	0.01304	0.00931	0.00786	0.06998
6	0.03294	0.06543	0.04145	0.08550	0.09645	0.02645	0.14054	0.08155	0.02762	0.17311	0.02605	0.02930	0.01890	0.01222	0.01440	0.00356	0.09042	0.01053	0.00788	0.01570
7	0.02094	0.05131	0.50091	0.02935	0.04379	0.02354	0.03701	0.03243	0.02279	0.03380	0.02396	0.08665	0.02014	0.01294	0.01075	0.00356	0.01505	0.01055	0.00520	0.01533
8	0.03923	0.01609	0.02186	0.01825	0.02456	0.01408	0.01442	0.04281	0.02840	0.41256	0.04766	0.19289	0.03927	0.01912	0.01177	0.00366	0.00847	0.01641	0.01258	0.01592
9	0.02525	0.12802	0.38339	0.08895	0.04575	0.02683	0.03394	0.03526	0.02352	0.08081	0.02110	0.02421	0.01513	0.01056	0.01000	0.00331	0.01469	0.00819	0.00546	0.01561
10	0.02178	0.02446	0.09182	0.44424	0.14957	0.02462	0.03189	0.02950	0.02243	0.02985	0.01958	0.02807	0.01490	0.01065	0.01082	0.00355	0.01445	0.00952	0.00491	0.01339
11	0.02337	0.01267	0.01617	0.01509	0.01895	0.01120	0.01136	0.02682	0.02680	0.17554	0.17481	0.22410	0.17097	0.02443	0.01265	0.00375	0.00669	0.02126	0.01146	0.01189
12	0.02291	0.02175	0.03689	0.40068	0.24690	0.02483	0.03143	0.02989	0.02290	0.03067	0.01979	0.02831	0.01553	0.01047	0.01086	0.00349	0.01396	0.00970	0.00505	0.01398
13	0.02610	0.02418	0.03704	0.29825	0.05645	0.08229	0.13337	0.03252	0.02453	0.08216	0.02576	0.08154	0.02140	0.01292	0.01151	0.00360	0.01468	0.01217	0.00642	0.01310
14	0.17602	0.12983	0.26814	0.02626	0.03810	0.02881	0.07198	0.07703	0.02470	0.03955	0.01874	0.02186	0.01407	0.01029	0.00932	0.00327	0.01355	0.00784	0.00575	0.01492
15	0.02855	0.03559	0.21973	0.02542	0.03564	0.02606	0.02581	0.09083	0.25555	0.09094	0.03358	0.03261	0.02428	0.01291	0.01080	0.00354	0.01171	0.01042	0.00895	0.01708
16	0.02781	0.01790	0.02544	0.08754	0.11409	0.01786	0.01856	0.07947	0.03009	0.15684	0.19234	0.09998	0.05098	0.01719	0.01179	0.00348	0.00916	0.01508	0.01020	0.01418
17	0.02939	0.10788	0.12615	0.07300	0.08346	0.02697	0.02450	0.11489	0.10443	0.09207	0.03033	0.03855	0.02452	0.01377	0.01077	0.00347	0.01198	0.05995	0.00817	0.01577
18	0.02680	0.01962	0.03123	0.41957	0.06095	0.02336	0.02672	0.03298	0.02329	0.13787	0.02384	0.03026	0.01711	0.01220	0.01321	0.00368	0.06728	0.00994	0.00664	0.01344
19	0.02151	0.01294	0.01632	0.01627	0.01934	0.01231	0.01185	0.02731	0.07906	0.12871	0.09952	0.35781	0.10006	0.02673	0.01290	0.00401	0.00696	0.02370	0.01101	0.01170
20	0.01697	0.01060	0.01427	0.01602	0.01754	0.00985	0.01134	0.01936	0.02221	0.07713	0.05830	0.51265	0.06709	0.03188	0.01375	0.00438	0.00694	0.06942	0.01043	0.00986
21	0.03809	0.02912	0.02925	0.02678	0.07336	0.12873	0.01960	0.19510	0.08604	0.16191	0.03226	0.07576	0.02526	0.01441	0.01097	0.00334	0.01213	0.01149	0.00998	0.01641
22	0.07281	0.07982	0.08791	0.11087	0.08497	0.07780	0.12204	0.07377	0.02657	0.08759	0.02174	0.02608	0.01638	0.01125	0.01224	0.00342	0.05396	0.00950	0.00653	0.01475
23	0.20427	0.02037	0.02910	0.39132	0.09885	0.02443	0.02551	0.02945	0.02116	0.03422	0.01833	0.02581	0.01402	0.01059	0.00976	0.00353	0.01275	0.00866	0.00541	0.01245
24	0.02442	0.02329	0.03962	0.27692	0.35884	0.02523	0.03219	0.03122	0.02361	0.03251	0.02006	0.02782	0.01617	0.01019	0.01084	0.00340	0.01359	0.00970	0.00518	0.01520
25	0.01328	0.00949	0.01265	0.01518	0.01581	0.00886	0.01012	0.01518	0.02088	0.02783	0.06010	0.60969	0.07212	0.03416	0.01392	0.00443	0.00633	0.03100	0.01012	0.00886
26	0.01627	0.01268	0.01465	0.01489	0.01743	0.01257	0.01062	0.02380	0.11225	0.03331	0.14819	0.24959	0.17126	0.09048	0.01752	0.00463	0.00681	0.02238	0.01023	0.01041
27	0.01328	0.00949	0.01265	0.01518	0.01581	0.00886	0.01012	0.01518	0.02088	0.02783	0.06010	0.60969	0.07212	0.03416	0.01392	0.00443	0.00633	0.03100	0.01012	0.00886
28	0.01432	0.01110	0.01304	0.01255	0.01561	0.00982	0.00941	0.01843	0.02824	0.03750	0.35436	0.09169	0.29544	0.02461	0.01287	0.00354	0.00531	0.02116	0.01118	0.00982
29	0.01350	0.00965	0.01284	0.01504	0.01586	0.00900	0.01014	0.01572	0.02187	0.02942	0.10839	0.55687	0.07519	0.03297	0.01381	0.00433	0.00621	0.02987	0.01031	0.00900
30	0.02915	0.62337	0.05714	0.01866	0.02799	0.04314	0.01866	0.03265	0.02215	0.02565	0.01516	0.01749	0.01399	0.00933	0.00700	0.00233	0.01166	0.00583	0.00466	0.01399
31	0.01328	0.00949	0.01265	0.01518	0.01581	0.00886	0.01012	0.01518	0.02088	0.02783	0.06010	0.60969	0.07212	0.03416	0.01392	0.00443	0.00633	0.03100	0.01012	0.00886
32	0.02915	0.62337	0.05714	0.01866	0.02799	0.04314	0.01866	0.03265	0.02215	0.02565	0.01516	0.01749	0.01399	0.00933	0.00700	0.00233	0.01166	0.00583	0.00466	0.01399
33	0.02385	0.02385	0.03340	0.02863	0.02863	0.03340	0.02385	0.02624	0.01670	0.02624	0.01431	0.02385	0.01431	0.01908	0.03578	0.00477	0.59685	0.00954	0.00477	0.01193
34	0.02712	0.02342	0.02465	0.02219	0.02835	0.02712	0.01726	0.05794	0.52909	0.04561	0.04438	0.04068	0.03328	0.01479	0.01109	0.00370	0.00863	0.01233	0.01109	0.01726
35	0.01328	0.00949	0.01265	0.01518	0.01581	0.00886	0.01012	0.01518	0.02088	0.02783	0.06010	0.60969	0.07212	0.03416	0.01392	0.00443	0.00633	0.03100	0.01012	0.00886
36	0.01350	0.00965	0.01284	0.01504	0.01586	0.00900	0.01014	0.01572	0.02187	0.02942	0.10839	0.55687	0.07519	0.03297	0.01381	0.00433	0.00621	0.02987	0.01031	0.00900
37	0.04073	0.05197	0.03090	0.02809	0.03371	0.57303	0.02107	0.04354	0.03090	0.02669	0.01685	0.01966	0.01404	0.01124	0.00983	0.00281	0.01966	0.00702	0.00562	0.01264
38	0.04145	0.03054	0.03272	0.02509	0.03381	0.03381	0.02072	0.51243	0.05127	0.06872	0.02618	0.02618	0.01854	0.01309	0.01091	0.00327	0.01200	0.00982	0.01091	0.01854
39	0.02941	0.01734	0.02063	0.01770	0.02311	0.01755	0.01394	0.07071	0.15713	0.18059	0.19715	0.05150	0.05177	0.01645	0.01122	0.00338	0.00755	0.01387	0.08426	0.01474
40	0.02225	0.02221	0.03866	0.36672	0.06152	0.02686	0.11665	0.02880	0.02140	0.02880	0.01875	0.02798	0.01485	0.01239	0.01675	0.00389	0.14377	0.01024	0.00495	0.01255
41	0.01737	0.01279	0.01469	0.01450	0.01613	0.01337	0.00983	0.02298	0.09442	0.02679	0.04389	0.07061	0.08482	0.37812	0.09392	0.00922	0.01165	0.04812	0.00776	0.00899
42	0.08597	0.14502	0.03241	0.02366	0.07055	0.06638	0.01802	0.14951	0.06542	0.09378	0.03807	0.03777	0.10090	0.01411	0.01003	0.00316	0.01075	0.01085	0.00863	0.01501
43	0.02320	0.16020	0.46819	0.02880	0.04368	0.02858	0.03633	0.03419	0.02286	0.03291	0.01876	0.02201	0.01385	0.01017	0.00974	0.00325	0.01530	0.00765	0.00462	0.01573
44	0.01752	0.01106	0.01467	0.01492	0.01713	0.01015	0.01074	0.02107	0.02626	0.08351	0.27270	0.32274	0.08161	0.02699	0.01318	0.00389	0.00607	0.02415	0.01127	0.01038
45	0.12395	0.07729	0.02757	0.02095	0.02792	0.13978	0.01678	0.11948	0.11842	0.04295	0.07167	0.03010	0.02633	0.01247	0.00962	0.00298	0.01133	0.00927	0.00826	0.10287
46	0.08820	0.09458	0.12856	0.02951	0.04032	0.02505	0.19394	0.03433	0.02406	0.07758	0.02143	0.02526	0.01615	0.00961	0.01014	0.00303	0.01356	0.00924	0.00622	0.14922
47	0.08597	0.22361	0.26920	0.02491	0.03621	0.02959	0.05965	0.03202	0.02186	0.03189	0.01932	0.02569	0.01625	0.06574	0.01330	0.00377	0.01366	0.00821	0.00507	0.01409
48	0.07057	0.03736	0.27880	0.02640	0.03746	0.02291	0.06771	0.06594	0.06148	0.08235	0.10900	0.03529	0.03116	0.01293	0.01087	0.00346	0.01266	0.01086	0.00761	0.01519

[dist]
# distance from previous block
# <min> <max>
4	74

[block]
# block no. 4 follows, 12 sequences, length 32
# corresponding to MSA columns:
# 478-509
name=unknown_E
#
# <colnr> <probs for GDERKNQSTAVLIFYWHMCP>
#	G	D	E	R	K	N	Q	S	T	A	V	L	I	F	Y	W	H	M	C	P
0	0.02482	0.13170	0.11494	0.07360	0.03118	0.02102	0.01930	0.03038	0.02332	0.09699	0.03085	0.12856	0.02789	0.01478	0.00984	0.00307	0.01010	0.01224	0.09810	0.09732
1	0.14452	0.10836	0.02854	0.06795	0.05960	0.02327	0.01653	0.07239	0.02465	0.10736	0.02374	0.03014	0.01960	0.08583	0.01461	0.00378	0.01030	0.00880	0.00740	0.14261
2	0.15699	0.06356	0.07327	0.07514	0.03432	0.02143	0.05729	0.03312	0.02307	0.10141	0.02145	0.02432	0.01619	0.00978	0.00895	0.00274	0.01065	0.00783	0.00689	0.25160
3	0.02295	0.01669	0.02403	0.16804	0.07926	0.01648	0.01826	0.02733	0.02262	0.09574	0.03333	0.16738	0.03243	0.07409	0.01530	0.00400	0.01013	0.01473	0.00770	0.14952
4	0.02316	0.02277	0.02861	0.33709	0.05346	0.08907	0.02338	0.02913	0.02385	0.03082	0.06113	0.03056	0.02196	0.01118	0.01025	0.00303	0.01288	0.00939	0.00590	0.17237
5	0.02071	0.07385	0.02306	0.01951	0.02264	0.01957	0.01556	0.06474	0.08714	0.03397	0.04619	0.27684	0.04986	0.02537	0.01501	0.00420	0.06537	0.11544	0.00925	0.01172
6	0.01358	0.00971	0.01291	0.01498	0.01588	0.00905	0.01014	0.01591	0.02223	0.02999	0.12554	0.53810	0.07628	0.03255	0.01377	0.00429	0.00617	0.02947	0.01038	0.00905
7	0.01976	0.01835	0.02280	0.09145	0.02886	0.07174	0.01772	0.02343	0.01966	0.02626	0.02839	0.11241	0.02823	0.04881	0.27993	0.01039	0.12192	0.01323	0.00609	0.01057
8	0.02145	0.09601	0.02199	0.05324	0.02172	0.01899	0.01334	0.02607	0.02279	0.03603	0.09174	0.03935	0.03248	0.01425	0.01254	0.00302	0.09338	0.01064	0.35987	0.01109
9	0.10551	0.01106	0.01311	0.01507	0.01653	0.01097	0.01035	0.01747	0.02056	0.03069	0.05401	0.52947	0.06394	0.03090	0.01295	0.00429	0.00661	0.02760	0.00966	0.00926
10	0.02629	0.02288	0.07069	0.24835	0.04775	0.02107	0.02304	0.07740	0.02654	0.09795	0.05151	0.03051	0.02158	0.01129	0.01027	0.00304	0.01167	0.00946	0.00723	0.18147
11	0.02879	0.21456	0.07499	0.02439	0.02956	0.03358	0.02225	0.03246	0.02081	0.09845	0.01882	0.02359	0.01590	0.01466	0.02163	0.00372	0.29370	0.00846	0.00591	0.01376
12	0.02152	0.01864	0.02337	0.02847	0.12289	0.05387	0.01882	0.02929	0.09232	0.03287	0.04412	0.14216	0.04575	0.07968	0.01710	0.00481	0.01064	0.19290	0.00868	0.01210
13	0.08446	0.02372	0.02886	0.14591	0.12710	0.06949	0.02194	0.08195	0.09519	0.08822	0.03040	0.10127	0.02603	0.01454	0.01085	0.00352	0.01161	0.01230	0.00809	0.01456
14	0.01765	0.01348	0.01646	0.01762	0.01989	0.01405	0.01313	0.02678	0.13904	0.03245	0.05378	0.32486	0.05833	0.07754	0.01700	0.00490	0.00804	0.12408	0.01003	0.01088
15	0.01806	0.00988	0.01411	0.01411	0.01429	0.01007	0.00935	0.01501	0.01482	0.01995	0.02270	0.04096	0.02347	0.14644	0.09589	0.49777	0.01156	0.01083	0.00518	0.00555
16	0.02712	0.02342	0.02465	0.02219	0.02835	0.02712	0.01726	0.05794	0.52909	0.04561	0.04438	0.04068	0.03328	0.01479	0.01109	0.00370	0.00863	0.01233	0.01109	0.01726
17	0.02612	0.02502	0.04269	0.13789	0.48460	0.02568	0.03303	0.03270	0.02442	0.03457	0.02036	0.02727	0.01690	0.00988	0.01081	0.00329	0.01317	0.00971	0.00532	0.01657
18	0.01328	0.00949	0.01265	0.01518	0.01581	0.00886	0.01012	0.01518	0.02088	0.02783	0.06010	0.60969	0.07212	0.03416	0.01392	0.00443	0.00633	0.03100	0.01012	0.00886
19	0.02059	0.01938	0.03270	0.59060	0.07510	0.02422	0.03028	0.02786	0.02180	0.02786	0.01938	0.02907	0.01453	0.01090	0.01090	0.00363	0.01453	0.00969	0.00484	0.01211
20	0.02261	0.01938	0.02261	0.01615	0.02584	0.01453	0.01292	0.02745	0.02261	0.03553	0.01938	0.02261	0.01615	0.00807	0.00807	0.00161	0.00807	0.00646	0.00646	0.68346
21	0.39626	0.01904	0.01907	0.01727	0.02138	0.02299	0.01386	0.02742	0.01781	0.03833	0.01912	0.02778	0.01733	0.07560	0.11602	0.00673	0.11833	0.00842	0.00622	0.01103
22	0.01840	0.01165	0.01537	0.01445	0.01735	0.01066	0.01082	0.02305	0.02965	0.09124	0.43468	0.14288	0.09173	0.02292	0.01281	0.00355	0.00569	0.02028	0.01191	0.01091
23	0.01860	0.01585	0.02298	0.21285	0.03698	0.01915	0.01825	0.02175	0.01866	0.02519	0.02882	0.11530	0.03053	0.22934	0.03153	0.00639	0.11750	0.01449	0.00611	0.00973
24	0.02824	0.04122	0.33763	0.09896	0.04682	0.02318	0.06450	0.03804	0.02495	0.15482	0.02515	0.02747	0.01714	0.01108	0.01073	0.00347	0.01448	0.00925	0.00676	0.01609
25	0.01564	0.01048	0.01196	0.01217	0.01222	0.01043	0.00690	0.01580	0.01628	0.02171	0.03653	0.11681	0.04238	0.56761	0.05199	0.01005	0.01021	0.01713	0.00690	0.00680
26	0.01328	0.00949	0.01265	0.01518	0.01581	0.00886	0.01012	0.01518	0.02088	0.02783	0.06010	0.60969	0.07212	0.03416	0.01392	0.00443	0.00633	0.03100	0.01012	0.00886
27	0.02223	0.04947	0.44767	0.08695	0.05110	0.02550	0.09765	0.03394	0.02324	0.03394	0.01986	0.02440	0.01422	0.01027	0.01072	0.00350	0.01624	0.00881	0.00474	0.01555
28	0.14586	0.03317	0.19076	0.03190	0.08092	0.02368	0.13795	0.03824	0.02484	0.15306	0.02466	0.02703	0.01730	0.01069	0.01048	0.00346	0.01353	0.00958	0.00722	0.01568
29	0.03692	0.01560	0.02114	0.01784	0.02377	0.01370	0.01402	0.04062	0.02851	0.37705	0.08927	0.18859	0.04499	0.01956	0.01189	0.00365	0.00817	0.01687	0.01250	0.01536
30	0.03150	0.02426	0.03360	0.16684	0.11581	0.02807	0.02494	0.16530	0.03044	0.10566	0.02327	0.02785	0.01754	0.01342	0.01627	0.00369	0.13864	0.00986	0.00766	0.01539
31	0.02608	0.22401	0.18917	0.03205	0.08845	0.03168	0.11416	0.03707	0.09199	0.03339	0.02207	0.02519	0.01733	0.01036	0.00989	0.00315	0.01379	0.00896	0.00574	0.01545

[dist]
# distance from previous block
# <min> <max>
0	6

[block]
# block no. 5 follows, 12 sequences, length 31
# corresponding to MSA columns:
# 516-546
name=unknown_F
#
# <colnr> <probs for GDERKNQSTAVLIFYWHMCP>
#	G	D	E	R	K	N	Q	S	T	A	V	L	I	F	Y	W	H	M	C	P
0	0.07312	0.05355	0.01892	0.05028	0.02237	0.01576	0.01253	0.05571	0.02642	0.06885	0.13482	0.15585	0.22675	0.02240	0.01180	0.00360	0.00747	0.01886	0.00971	0.01124
1	0.02095	0.01360	0.01586	0.01477	0.01742	0.01461	0.01093	0.09115	0.02376	0.03570	0.03216	0.04656	0.02922	0.17705	0.17760	0.00876	0.01412	0.01190	0.23349	0.01039
2	0.02328	0.10407	0.37652	0.07648	0.04706	0.02735	0.08159	0.03568	0.06293	0.03402	0.02131	0.02499	0.01569	0.01054	0.01038	0.00340	0.01518	0.00878	0.00523	0.01553
3	0.01635	0.01199	0.01609	0.01773	0.02019	0.01126	0.01413	0.02010	0.02316	0.03099	0.05491	0.30833	0.06193	0.02957	0.01392	0.00445	0.00836	0.25109	0.00972	0.07573
4	0.02685	0.02076	0.02915	0.02502	0.02686	0.02681	0.02065	0.02983	0.01943	0.12045	0.02206	0.02957	0.01886	0.02918	0.12653	0.00678	0.39180	0.01017	0.00651	0.01272
5	0.01396	0.01109	0.01253	0.01217	0.01538	0.00966	0.00913	0.01772	0.02738	0.03545	0.29225	0.09506	0.35883	0.02538	0.01288	0.00358	0.00536	0.02163	0.01091	0.00966
6	0.01558	0.01168	0.01752	0.01752	0.01947	0.01363	0.01363	0.01947	0.01752	0.02531	0.02921	0.04283	0.02726	0.08178	0.57360	0.01752	0.02921	0.01168	0.00584	0.00974
7	0.02712	0.02342	0.02465	0.02219	0.02835	0.02712	0.01726	0.05794	0.52909	0.04561	0.04438	0.04068	0.03328	0.01479	0.01109	0.00370	0.00863	0.01233	0.01109	0.01726
8	0.01847	0.01417	0.01984	0.02130	0.02345	0.01553	0.01847	0.02311	0.02390	0.03172	0.05152	0.10881	0.05582	0.02854	0.01803	0.00498	0.09402	0.40873	0.00929	0.01031
9	0.69383	0.02109	0.01603	0.01434	0.02109	0.02446	0.01181	0.03205	0.01856	0.04892	0.01518	0.01771	0.01181	0.01012	0.00675	0.00337	0.00843	0.00590	0.00675	0.01181
10	0.03081	0.54160	0.05338	0.02001	0.02880	0.11897	0.01900	0.03421	0.02341	0.02580	0.01540	0.01780	0.01400	0.00960	0.00740	0.00240	0.01281	0.00600	0.00480	0.01380
11	0.02758	0.02226	0.03695	0.26828	0.28595	0.02382	0.02970	0.03405	0.02454	0.10705	0.02328	0.02926	0.01757	0.01073	0.01086	0.00341	0.01306	0.00988	0.00634	0.01540
12	0.03343	0.11643	0.11112	0.08128	0.03870	0.11387	0.06283	0.04266	0.09142	0.16075	0.02764	0.02855	0.01991	0.01165	0.01030	0.00324	0.01345	0.00940	0.00789	0.01549
13	0.01558	0.01168	0.01752	0.01752	0.01947	0.01363	0.01363	0.01947	0.01752	0.02531	0.02921	0.04283	0.02726	0.08178	0.57360	0.01752	0.02921	0.01168	0.00584	0.00974
14	0.04892	0.01856	0.02530	0.01940	0.02783	0.01603	0.01603	0.05314	0.03121	0.55634	0.04302	0.03711	0.02699	0.01350	0.01096	0.00337	0.00928	0.01096	0.01350	0.01856
15	0.08431	0.07865	0.02936	0.11309	0.08413	0.02208	0.01944	0.03596	0.02510	0.21050	0.03942	0.03999	0.09459	0.01452	0.01252	0.00346	0.05826	0.01134	0.00873	0.01455
16	0.02667	0.04969	0.46539	0.02901	0.04376	0.02367	0.03598	0.03783	0.02447	0.12711	0.02373	0.02552	0.01615	0.01092	0.01047	0.00344	0.01490	0.00857	0.00618	0.01655
17	0.01630	0.01200	0.01580	0.01719	0.01993	0.01150	0.01446	0.02094	0.02619	0.03424	0.16283	0.11154	0.15781	0.02813	0.01423	0.00446	0.00826	0.30380	0.01044	0.00994
18	0.03772	0.01806	0.02632	0.17832	0.03990	0.01775	0.01944	0.04288	0.02855	0.35843	0.08554	0.03922	0.03097	0.01364	0.01113	0.00345	0.01034	0.01147	0.01093	0.01594
19	0.14882	0.02304	0.03353	0.19441	0.23965	0.02505	0.02625	0.07247	0.02553	0.07960	0.02147	0.02661	0.01640	0.01069	0.01011	0.00339	0.01220	0.00913	0.00658	0.01507
20	0.01338	0.00990	0.01251	0.01432	0.01566	0.00903	0.00980	0.01569	0.02238	0.02938	0.10724	0.47675	0.16000	0.03204	0.01365	0.00421	0.00609	0.02866	0.01027	0.00903
21	0.01317	0.00992	0.01220	0.01403	0.01551	0.00895	0.00961	0.01531	0.02198	0.02829	0.07414	0.46891	0.20383	0.03233	0.01363	0.00422	0.00610	0.02877	0.01012	0.00895
22	0.02915	0.62337	0.05714	0.01866	0.02799	0.04314	0.01866	0.03265	0.02215	0.02565	0.01516	0.01749	0.01399	0.00933	0.00700	0.00233	0.01166	0.00583	0.00466	0.01399
23	0.02261	0.01938	0.02261	0.01615	0.02584	0.01453	0.01292	0.02745	0.02261	0.03553	0.01938	0.02261	0.01615	0.00807	0.00807	0.00161	0.00807	0.00646	0.00646	0.68346
24	0.07274	0.12750	0.16871	0.06994	0.03648	0.02793	0.02405	0.04319	0.20052	0.07882	0.02910	0.02958	0.02164	0.01202	0.00992	0.00336	0.01158	0.00941	0.00776	0.01575
25	0.59840	0.02178	0.02007	0.02186	0.09660	0.02467	0.01491	0.03225	0.01945	0.04702	0.01594	0.01904	0.01259	0.01006	0.00733	0.00335	0.00908	0.00645	0.00655	0.01259
26	0.02391	0.02478	0.07706	0.37344	0.18564	0.02548	0.03109	0.06820	0.02498	0.03353	0.02021	0.02785	0.01547	0.01074	0.01083	0.00349	0.01407	0.00958	0.00544	0.01420
27	0.01415	0.01023	0.01319	0.01490	0.01600	0.00983	0.01034	0.01629	0.02062	0.02722	0.05863	0.39655	0.10942	0.12047	0.06574	0.00636	0.00904	0.06303	0.00926	0.00874
28	0.01586	0.01057	0.01189	0.01189	0.01189	0.01057	0.00661	0.01586	0.01586	0.02114	0.03436	0.07135	0.03964	0.61681	0.05550	0.01057	0.01057	0.01586	0.00661	0.00661
29	0.03256	0.02528	0.02829	0.02374	0.02838	0.07023	0.01927	0.13700	0.10477	0.11528	0.02770	0.03009	0.02118	0.01515	0.01853	0.00372	0.19909	0.01008	0.07468	0.01493
30	0.41552	0.02878	0.09858	0.01974	0.02838	0.02719	0.01837	0.16653	0.02833	0.05239	0.01888	0.02084	0.01398	0.01098	0.00843	0.00336	0.01053	0.00730	0.00760	0.01430

[dist]
# distance from previous block
# <min> <max>
0	1

[block]
# block no. 6 follows, 12 sequences, length 44
# corresponding to MSA columns:
# 548-591
name=unknown_G
#
# <colnr> <probs for GDERKNQSTAVLIFYWHMCP>
#	G	D	E	R	K	N	Q	S	T	A	V	L	I	F	Y	W	H	M	C	P
0	0.01459	0.01111	0.01340	0.01283	0.01577	0.00993	0.00962	0.01894	0.02887	0.03899	0.39949	0.08924	0.24939	0.02406	0.01287	0.00351	0.00527	0.02081	0.01138	0.00993
1	0.01312	0.01105	0.01136	0.01129	0.01487	0.00930	0.00846	0.01609	0.02539	0.03074	0.14948	0.10282	0.50454	0.02713	0.01288	0.00366	0.00549	0.02271	0.01029	0.00930
2	0.17560	0.02590	0.02765	0.02161	0.02987	0.02787	0.01785	0.31051	0.04007	0.17553	0.02777	0.02694	0.01910	0.01258	0.01008	0.00332	0.01066	0.00928	0.01065	0.01718
3	0.03691	0.03049	0.03904	0.03764	0.15368	0.12824	0.11198	0.11948	0.03201	0.16216	0.02635	0.02831	0.01903	0.01136	0.01105	0.00328	0.01419	0.01010	0.00828	0.01644
4	0.24236	0.16431	0.03121	0.01958	0.02729	0.12976	0.01647	0.08527	0.02649	0.08624	0.01947	0.02104	0.01513	0.01059	0.00829	0.00288	0.01166	0.00700	0.00708	0.06787
5	0.02795	0.48710	0.05174	0.02092	0.02813	0.04093	0.01984	0.03119	0.02091	0.02579	0.01497	0.01894	0.01407	0.01155	0.01354	0.00289	0.14467	0.00667	0.00469	0.01352
6	0.04145	0.03054	0.03272	0.02509	0.03381	0.03381	0.02072	0.51243	0.05127	0.06872	0.02618	0.02618	0.01854	0.01309	0.01091	0.00327	0.01200	0.00982	0.01091	0.01854
7	0.02712	0.02342	0.02465	0.02219	0.02835	0.02712	0.01726	0.05794	0.52909	0.04561	0.04438	0.04068	0.03328	0.01479	0.01109	0.00370	0.00863	0.01233	0.01109	0.01726
8	0.03121	0.02389	0.03306	0.02584	0.03329	0.02498	0.12036	0.17593	0.14806	0.09535	0.07493	0.03723	0.03022	0.01342	0.01119	0.00340	0.01105	0.01199	0.07870	0.01589
9	0.03234	0.02435	0.03510	0.19992	0.09009	0.02649	0.07261	0.17481	0.07297	0.12019	0.02718	0.03021	0.01945	0.01196	0.01112	0.00347	0.01281	0.01045	0.00848	0.01602
10	0.08400	0.02010	0.02544	0.02621	0.07913	0.02339	0.01923	0.06464	0.13807	0.03742	0.03293	0.04862	0.02986	0.02830	0.10856	0.00630	0.11214	0.09428	0.00798	0.01341
11	0.03177	0.01698	0.02306	0.02229	0.07567	0.01598	0.01572	0.03930	0.08166	0.25704	0.23073	0.05330	0.05548	0.01659	0.01168	0.00341	0.00801	0.01430	0.01187	0.01516
12	0.02699	0.02591	0.04426	0.06693	0.54879	0.02591	0.03346	0.03346	0.02483	0.03562	0.02051	0.02699	0.01727	0.00972	0.01079	0.00324	0.01295	0.00972	0.00540	0.01727
13	0.02780	0.47004	0.05106	0.02121	0.02815	0.04065	0.01999	0.03101	0.02076	0.02580	0.01494	0.01912	0.01407	0.01182	0.01436	0.00296	0.16133	0.00678	0.00469	0.01346
14	0.01328	0.00949	0.01265	0.01518	0.01581	0.00886	0.01012	0.01518	0.02088	0.02783	0.06010	0.60969	0.07212	0.03416	0.01392	0.00443	0.00633	0.03100	0.01012	0.00886
15	0.02915	0.62337	0.05714	0.01866	0.02799	0.04314	0.01866	0.03265	0.02215	0.02565	0.01516	0.01749	0.01399	0.00933	0.00700	0.00233	0.01166	0.00583	0.00466	0.01399
16	0.01470	0.01112	0.01356	0.01295	0.01584	0.00998	0.00971	0.01915	0.02913	0.03961	0.41824	0.08822	0.23024	0.02383	0.01287	0.00350	0.00525	0.02067	0.01146	0.00998
17	0.01829	0.01151	0.01521	0.01462	0.01733	0.01054	0.01082	0.02260	0.02863	0.09129	0.38335	0.19709	0.08831	0.02411	0.01291	0.00365	0.00583	0.02141	0.01172	0.01079
18	0.01328	0.00949	0.01265	0.01518	0.01581	0.00886	0.01012	0.01518	0.02088	0.02783	0.06010	0.60969	0.07212	0.03416	0.01392	0.00443	0.00633	0.03100	0.01012	0.00886
19	0.47781	0.02224	0.01968	0.01672	0.02350	0.02517	0.01368	0.14009	0.02722	0.05290	0.07038	0.02600	0.02243	0.01201	0.00830	0.00336	0.00892	0.00817	0.00822	0.01319
20	0.16037	0.01982	0.02479	0.09395	0.03220	0.02120	0.01772	0.07676	0.02683	0.25196	0.03201	0.08185	0.02463	0.01491	0.01290	0.00363	0.06842	0.01142	0.00971	0.01491
21	0.02433	0.24062	0.35086	0.02577	0.03913	0.03034	0.03094	0.03334	0.02270	0.03168	0.01810	0.02116	0.01406	0.00983	0.00906	0.00293	0.01400	0.00719	0.00477	0.06918
22	0.02381	0.09425	0.19643	0.15383	0.09614	0.02619	0.02855	0.03600	0.10815	0.03422	0.02333	0.02712	0.01785	0.01083	0.01007	0.00321	0.01292	0.00891	0.00602	0.08215
23	0.02404	0.01598	0.01892	0.01781	0.02133	0.01729	0.01390	0.07218	0.10896	0.08189	0.04292	0.17533	0.04036	0.02028	0.01320	0.00372	0.05506	0.06169	0.18254	0.01258
24	0.02711	0.01473	0.01897	0.01637	0.02114	0.01381	0.01280	0.03460	0.08223	0.20424	0.33535	0.06339	0.07199	0.01877	0.01209	0.00344	0.00680	0.01622	0.01238	0.01359
25	0.01405	0.01024	0.01332	0.01503	0.01648	0.00951	0.01073	0.01690	0.02339	0.03117	0.14633	0.42013	0.12349	0.03109	0.01375	0.00425	0.00643	0.07402	0.01043	0.00925
26	0.01347	0.01107	0.01185	0.01165	0.01508	0.00945	0.00874	0.01677	0.02622	0.03270	0.20878	0.09960	0.44402	0.02640	0.01288	0.00362	0.00544	0.02226	0.01055	0.00945
27	0.01507	0.01120	0.01422	0.01561	0.01716	0.01095	0.01087	0.02048	0.07365	0.03261	0.14948	0.45322	0.07402	0.02998	0.01344	0.00417	0.00633	0.02700	0.01057	0.00997
28	0.02915	0.62337	0.05714	0.01866	0.02799	0.04314	0.01866	0.03265	0.02215	0.02565	0.01516	0.01749	0.01399	0.00933	0.00700	0.00233	0.01166	0.00583	0.00466	0.01399
29	0.02915	0.62337	0.05714	0.01866	0.02799	0.04314	0.01866	0.03265	0.02215	0.02565	0.01516	0.01749	0.01399	0.00933	0.00700	0.00233	0.01166	0.00583	0.00466	0.01399
30	0.02712	0.02342	0.02465	0.02219	0.02835	0.02712	0.01726	0.05794	0.52909	0.04561	0.04438	0.04068	0.03328	0.01479	0.01109	0.00370	0.00863	0.01233	0.01109	0.01726
31	0.02628	0.10329	0.36191	0.02668	0.03949	0.02585	0.03138	0.08380	0.02723	0.08140	0.06897	0.02923	0.02345	0.01187	0.01035	0.00331	0.01369	0.00931	0.00667	0.01583
32	0.22897	0.01936	0.02669	0.18453	0.04049	0.02110	0.06719	0.03211	0.02325	0.11646	0.06492	0.07737	0.02711	0.01361	0.01024	0.00357	0.01090	0.01152	0.00777	0.01286
33	0.01543	0.01115	0.01457	0.01372	0.01629	0.01029	0.01029	0.02058	0.03086	0.04372	0.54304	0.08145	0.10288	0.02229	0.01286	0.00343	0.00514	0.01972	0.01200	0.01029
34	0.01894	0.00947	0.01420	0.01420	0.01420	0.00947	0.00947	0.01420	0.01420	0.01894	0.01894	0.03314	0.01894	0.03788	0.04261	0.68277	0.00947	0.00947	0.00473	0.00473
35	0.02261	0.01938	0.02261	0.01615	0.02584	0.01453	0.01292	0.02745	0.02261	0.03553	0.01938	0.02261	0.01615	0.00807	0.00807	0.00161	0.00807	0.00646	0.00646	0.68346
36	0.17892	0.02228	0.03260	0.25694	0.10098	0.02488	0.07220	0.07255	0.02501	0.08269	0.02139	0.02676	0.01579	0.01084	0.01015	0.00349	0.01271	0.00927	0.00664	0.01390
37	0.02699	0.02907	0.03293	0.02853	0.02957	0.13356	0.02334	0.02945	0.01933	0.02632	0.01478	0.02308	0.01426	0.01763	0.03097	0.00441	0.48972	0.00907	0.00493	0.01206
38	0.14800	0.02028	0.02987	0.18343	0.08277	0.02234	0.06172	0.03313	0.02307	0.13477	0.02714	0.08613	0.02258	0.01405	0.01275	0.00369	0.06156	0.01164	0.00748	0.01359
39	0.13693	0.09919	0.03410	0.26600	0.04930	0.02531	0.06254	0.03226	0.02265	0.08527	0.02072	0.02593	0.01557	0.01043	0.00962	0.00322	0.01236	0.00866	0.00620	0.07373
40	0.04073	0.05197	0.03090	0.02809	0.03371	0.57303	0.02107	0.04354	0.03090	0.02669	0.01685	0.01966	0.01404	0.01124	0.00983	0.00281	0.01966	0.00702	0.00562	0.01264
41	0.01328	0.00949	0.01265	0.01518	0.01581	0.00886	0.01012	0.01518	0.02088	0.02783	0.06010	0.60969	0.07212	0.03416	0.01392	0.00443	0.00633	0.03100	0.01012	0.00886
42	0.01341	0.01031	0.01228	0.01338	0.01545	0.00918	0.00943	0.01607	0.02372	0.03054	0.14264	0.34478	0.25952	0.03007	0.01338	0.00401	0.00586	0.02643	0.01037	0.00918
43	0.02319	0.02371	0.04536	0.19986	0.10513	0.02383	0.23855	0.03084	0.02472	0.03380	0.06791	0.03322	0.02379	0.01083	0.01171	0.00343	0.01471	0.01174	0.00597	0.06769

[dist]
# distance from previous block
# <min> <max>
0	50

[block]
# block no. 7 follows, 12 sequences, length 15
# corresponding to MSA columns:
# 642-656
name=unknown_H
#
# <colnr> <probs for GDERKNQSTAVLIFYWHMCP>
#	G	D	E	R	K	N	Q	S	T	A	V	L	I	F	Y	W	H	M	C	P
0	0.01934	0.01460	0.01736	0.01565	0.01939	0.01460	0.01202	0.07865	0.08591	0.04546	0.39496	0.07300	0.12432	0.02093	0.01246	0.00346	0.00631	0.01812	0.01162	0.01185
1	0.01804	0.01140	0.01478	0.01592	0.01834	0.01047	0.01198	0.02099	0.02360	0.08767	0.06670	0.35646	0.14940	0.02987	0.01364	0.00430	0.00727	0.11847	0.01048	0.01024
2	0.02840	0.02334	0.03468	0.14784	0.13300	0.02501	0.07908	0.13300	0.09314	0.07422	0.03044	0.09445	0.02560	0.01417	0.01147	0.00357	0.01219	0.01286	0.00818	0.01534
3	0.07896	0.05969	0.03113	0.09126	0.12476	0.02418	0.02089	0.14189	0.03201	0.16497	0.09192	0.03502	0.02971	0.01306	0.01062	0.00330	0.01069	0.01078	0.00933	0.01582
4	0.02534	0.01339	0.01746	0.01516	0.01963	0.01192	0.01182	0.02995	0.03033	0.19808	0.34470	0.07048	0.12704	0.02019	0.01229	0.00344	0.00644	0.01741	0.01226	0.01269
5	0.07366	0.02438	0.03617	0.02984	0.03179	0.03197	0.08657	0.02781	0.01802	0.02906	0.01539	0.02413	0.01442	0.01712	0.03063	0.00452	0.47751	0.00971	0.00501	0.01228
6	0.03200	0.02415	0.03303	0.19782	0.04636	0.07244	0.08560	0.09051	0.05334	0.16132	0.03018	0.07340	0.02337	0.01348	0.01131	0.00352	0.01306	0.01189	0.00845	0.01477
7	0.02455	0.07575	0.03535	0.21434	0.04736	0.02535	0.09227	0.08702	0.08075	0.03627	0.03098	0.04893	0.02748	0.01526	0.01173	0.00378	0.01295	0.10900	0.00739	0.01350
8	0.01604	0.01095	0.01325	0.01357	0.01411	0.01117	0.00879	0.01712	0.01721	0.02307	0.03670	0.07458	0.04113	0.48160	0.10988	0.01067	0.01264	0.07318	0.00695	0.00740
9	0.01999	0.01168	0.01409	0.01335	0.01458	0.01153	0.00843	0.02087	0.01794	0.08884	0.03498	0.06446	0.03693	0.49248	0.09680	0.01029	0.01210	0.01486	0.00740	0.00839
10	0.10295	0.09377	0.13706	0.02891	0.09232	0.02619	0.06682	0.11444	0.02749	0.08465	0.02396	0.03071	0.01945	0.08706	0.01570	0.00418	0.01264	0.00974	0.00711	0.01484
11	0.13179	0.08897	0.03967	0.02934	0.05910	0.02867	0.13338	0.09561	0.02671	0.12198	0.02270	0.02610	0.01712	0.01230	0.01474	0.00356	0.11625	0.00964	0.00742	0.01492
12	0.07607	0.12922	0.09351	0.02038	0.02819	0.02457	0.01868	0.09048	0.09163	0.14636	0.07684	0.09499	0.03334	0.01525	0.01040	0.00335	0.01001	0.01232	0.00933	0.01508
13	0.11844	0.20900	0.12933	0.02126	0.03115	0.02894	0.02112	0.09374	0.02774	0.18438	0.02504	0.02501	0.01786	0.01121	0.00913	0.00306	0.01141	0.00814	0.00812	0.01590
14	0.10565	0.02171	0.02482	0.06826	0.03096	0.02171	0.01656	0.17181	0.03213	0.13409	0.03537	0.03558	0.07870	0.01317	0.01004	0.00300	0.00973	0.01032	0.00926	0.16712

[dist]
# distance from previous block
# <min> <max>
7	51

[block]
# block no. 8 follows, 12 sequences, length 6
# corresponding to MSA columns:
# 741-746
name=unknown_I
#
# <colnr> <probs for GDERKNQSTAVLIFYWHMCP>
#	G	D	E	R	K	N	Q	S	T	A	V	L	I	F	Y	W	H	M	C	P
0	0.01657	0.01868	0.10155	0.01766	0.02128	0.01405	0.01546	0.02079	0.02218	0.03134	0.11414	0.26379	0.09207	0.08019	0.01843	0.00455	0.05824	0.02042	0.05822	0.01038
1	0.01798	0.01301	0.01604	0.01662	0.01873	0.01297	0.01183	0.09494	0.02670	0.03591	0.10212	0.46484	0.06660	0.02964	0.01333	0.00415	0.00711	0.02651	0.01043	0.01054
2	0.12338	0.01938	0.02560	0.05202	0.02964	0.01954	0.05725	0.07495	0.07389	0.20202	0.15971	0.04387	0.04216	0.01480	0.01102	0.00345	0.00935	0.01258	0.01062	0.01476
3	0.02997	0.12244	0.14399	0.07883	0.08154	0.02304	0.02355	0.03650	0.02652	0.18162	0.11063	0.03654	0.03242	0.01301	0.01049	0.00325	0.01126	0.01072	0.00842	0.01525
4	0.02418	0.02312	0.08002	0.07933	0.03626	0.01894	0.09385	0.03023	0.02403	0.08578	0.06419	0.08018	0.02800	0.01319	0.01204	0.00303	0.04476	0.01161	0.00731	0.23995
5	0.02648	0.07754	0.08120	0.35854	0.09705	0.02485	0.02809	0.03334	0.02367	0.11304	0.02287	0.02861	0.01662	0.01103	0.01050	0.00343	0.01346	0.00940	0.00623	0.01406

[dist]
# distance from previous block
# <min> <max>
6	22

[block]
# block no. 9 follows, 12 sequences, length 14
# corresponding to MSA columns:
# 770-783
name=unknown_J
#
# <colnr> <probs for GDERKNQSTAVLIFYWHMCP>
#	G	D	E	R	K	N	Q	S	T	A	V	L	I	F	Y	W	H	M	C	P
0	0.02566	0.02488	0.08445	0.20900	0.10839	0.02190	0.02465	0.07279	0.02568	0.06760	0.02157	0.02645	0.01640	0.01018	0.00997	0.00290	0.01198	0.00862	0.00644	0.22051
1	0.02788	0.16962	0.03478	0.21101	0.04285	0.10990	0.02126	0.03458	0.06744	0.06764	0.02358	0.03114	0.01967	0.07807	0.01475	0.00395	0.01327	0.00936	0.00631	0.01297
2	0.02340	0.02056	0.02654	0.02536	0.12067	0.01660	0.01665	0.02854	0.02301	0.03555	0.01958	0.02340	0.01635	0.00837	0.00857	0.00191	0.00896	0.00705	0.00627	0.56265
3	0.02914	0.13506	0.15941	0.09076	0.03670	0.02522	0.02338	0.09157	0.02684	0.12927	0.02802	0.07218	0.02334	0.06560	0.01419	0.00393	0.01221	0.01093	0.00759	0.01464
4	0.02521	0.01917	0.02884	0.19761	0.07405	0.02122	0.04994	0.03604	0.12346	0.10464	0.06100	0.03799	0.02783	0.02539	0.11322	0.00610	0.01488	0.01154	0.00794	0.01394
5	0.02194	0.02782	0.13156	0.02639	0.02997	0.02765	0.02456	0.02681	0.02049	0.03101	0.11121	0.03414	0.03028	0.01798	0.02672	0.00427	0.37760	0.01110	0.00605	0.01244
6	0.02738	0.01923	0.02310	0.01674	0.02620	0.01481	0.01348	0.03211	0.02417	0.12998	0.02367	0.02524	0.01812	0.00906	0.00860	0.00193	0.00829	0.00728	0.00774	0.56288
7	0.01445	0.01108	0.01494	0.01667	0.01723	0.01157	0.01164	0.01640	0.02041	0.02766	0.05504	0.54495	0.06573	0.03249	0.01633	0.00447	0.07159	0.02863	0.00953	0.00920
8	0.01998	0.01279	0.01741	0.06137	0.02175	0.01378	0.01260	0.02332	0.10886	0.02539	0.02779	0.09308	0.02662	0.03118	0.03146	0.43659	0.00940	0.01220	0.00645	0.00801
9	0.02279	0.02309	0.04457	0.08534	0.18075	0.02253	0.22965	0.02942	0.02407	0.03293	0.03028	0.16353	0.02950	0.01526	0.01241	0.00373	0.01384	0.01599	0.00650	0.01384
10	0.01435	0.01026	0.01382	0.01600	0.01720	0.00973	0.01161	0.01720	0.02273	0.03040	0.10896	0.45961	0.07341	0.03215	0.01403	0.00444	0.00694	0.11761	0.01030	0.00924
11	0.04892	0.01856	0.02530	0.01940	0.02783	0.01603	0.01603	0.05314	0.03121	0.55634	0.04302	0.03711	0.02699	0.01350	0.01096	0.00337	0.00928	0.01096	0.01350	0.01856
12	0.02343	0.02822	0.14150	0.03314	0.12708	0.02213	0.07807	0.07053	0.09039	0.03887	0.08479	0.11108	0.03725	0.01641	0.01188	0.00368	0.01178	0.04721	0.00798	0.01459
13	0.18026	0.02932	0.12735	0.02971	0.09657	0.02422	0.07654	0.07414	0.06637	0.15244	0.02642	0.02765	0.01878	0.01131	0.01011	0.00342	0.01193	0.00939	0.00814	0.01592

[dist]
# distance from previous block
# <min> <max>
0	23

[block]
# block no. 10 follows, 12 sequences, length 10
# corresponding to MSA columns:
# 807-816
name=unknown_K
#
# <colnr> <probs for GDERKNQSTAVLIFYWHMCP>
#	G	D	E	R	K	N	Q	S	T	A	V	L	I	F	Y	W	H	M	C	P
0	0.01435	0.00987	0.01294	0.01524	0.01624	0.00935	0.01067	0.01686	0.02149	0.02947	0.05768	0.50890	0.06723	0.03184	0.01348	0.00432	0.00660	0.07508	0.06932	0.00909
1	0.69383	0.02109	0.01603	0.01434	0.02109	0.02446	0.01181	0.03205	0.01856	0.04892	0.01518	0.01771	0.01181	0.01012	0.00675	0.00337	0.00843	0.00590	0.00675	0.01181
2	0.11733	0.01882	0.02432	0.01886	0.02712	0.01692	0.01558	0.05090	0.02987	0.50251	0.04006	0.03505	0.02538	0.01314	0.01052	0.00337	0.00919	0.01043	0.01278	0.01784
3	0.02466	0.09902	0.21380	0.10515	0.04084	0.06768	0.02691	0.03873	0.14975	0.03557	0.06845	0.03227	0.02618	0.01248	0.01043	0.00337	0.01292	0.01000	0.00695	0.01486
