[name]
unknown

[dist]
# distance from previous block
# <min> <max>
6	16

[block]
# block no. 0 follows, 12 sequences, length 10
# corresponding to MSA columns:
# 19-28
name=unknown_A
#
# <colnr> <probs for GDERKNQSTAVLIFYWHMCP>
#	G	D	E	R	K	N	Q	S	T	A	V	L	I	F	Y	W	H	M	C	P
0	0.02054	0.03217	0.23330	0.02644	0.03604	0.01933	0.08704	0.02904	0.02478	0.03525	0.09082	0.05715	0.03776	0.01661	0.01197	0.00370	0.01266	0.13409	0.00722	0.08408
1	0.28390	0.15447	0.02798	0.01677	0.02480	0.02630	0.01431	0.03423	0.08485	0.03978	0.01998	0.02186	0.01616	0.00999	0.00770	0.00272	0.00908	0.00685	0.00676	0.19153
2	0.03110	0.09819	0.23516	0.02451	0.03545	0.02517	0.02597	0.04495	0.14775	0.17499	0.03135	0.03046	0.02205	0.01216	0.01034	0.00337	0.01201	0.00963	0.00855	0.01682
3	0.02960	0.02465	0.02605	0.02269	0.02930	0.02828	0.01786	0.13655	0.44644	0.04961	0.04123	0.03817	0.03073	0.01450	0.01106	0.00362	0.00921	0.01189	0.01106	0.01748
4	0.02334	0.02013	0.02104	0.01923	0.02473	0.02236	0.01487	0.04670	0.39505	0.04132	0.06194	0.05776	0.16915	0.01820	0.01157	0.00369	0.00780	0.01517	0.01084	0.01512
5	0.02128	0.03227	0.21294	0.03287	0.09260	0.02112	0.14205	0.03005	0.02637	0.03768	0.18752	0.04363	0.04329	0.01382	0.01180	0.00348	0.01282	0.01311	0.00727	0.01404
6	0.01812	0.00976	0.01359	0.01359	0.01359	0.00976	0.00871	0.01464	0.01464	0.01952	0.02304	0.04330	0.02444	0.19178	0.04604	0.50407	0.00976	0.01117	0.00523	0.00523
7	0.02554	0.36579	0.07615	0.17279	0.04265	0.03466	0.04928	0.03087	0.02205	0.02721	0.01768	0.02292	0.01500	0.01382	0.04001	0.00366	0.01401	0.00768	0.00482	0.01341
8	0.03150	0.39424	0.11413	0.02193	0.03196	0.03841	0.02194	0.16043	0.03000	0.03822	0.01864	0.02050	0.01518	0.01046	0.00846	0.00272	0.01231	0.00717	0.00632	0.01547
9	0.02012	0.01415	0.01641	0.01385	0.01949	0.01161	0.01078	0.02403	0.02608	0.09485	0.15621	0.07095	0.26444	0.01982	0.01138	0.00305	0.00657	0.01662	0.00988	0.18973

[dist]
# distance from previous block
# <min> <max>
0	1

[block]
# block no. 1 follows, 12 sequences, length 14
# corresponding to MSA columns:
# 30-43
name=unknown_B
#
# <colnr> <probs for GDERKNQSTAVLIFYWHMCP>
#	G	D	E	R	K	N	Q	S	T	A	V	L	I	F	Y	W	H	M	C	P
0	0.02427	0.02678	0.05559	0.04087	0.04959	0.02637	0.40315	0.03195	0.02420	0.03321	0.02497	0.08681	0.02184	0.01283	0.01562	0.00388	0.08407	0.01430	0.00589	0.01380
1	0.09823	0.02019	0.03020	0.27010	0.12031	0.02176	0.02415	0.03745	0.02502	0.20643	0.02696	0.03031	0.01878	0.01152	0.01049	0.00347	0.01196	0.00974	0.00798	0.01494
2	0.02310	0.02194	0.03724	0.38488	0.26118	0.02489	0.03153	0.03006	0.02299	0.03091	0.01982	0.02825	0.01561	0.01044	0.01086	0.00348	0.01391	0.00970	0.00506	0.01414
3	0.01806	0.01107	0.01437	0.01542	0.01692	0.01049	0.01080	0.02012	0.02120	0.07964	0.05157	0.35232	0.05816	0.17885	0.02428	0.00595	0.00818	0.08361	0.00956	0.00941
4	0.69383	0.02109	0.01603	0.01434	0.02109	0.02446	0.01181	0.03205	0.01856	0.04892	0.01518	0.01771	0.01181	0.01012	0.00675	0.00337	0.00843	0.00590	0.00675	0.01181
5	0.04073	0.05197	0.03090	0.02809	0.03371	0.57303	0.02107	0.04354	0.03090	0.02669	0.01685	0.01966	0.01404	0.01124	0.00983	0.00281	0.01966	0.00702	0.00562	0.01264
6	0.02441	0.02054	0.02431	0.13786	0.09166	0.09378	0.01891	0.02862	0.02517	0.09111	0.08333	0.20671	0.06948	0.01979	0.01190	0.00366	0.01078	0.01727	0.00845	0.01225
7	0.02410	0.01864	0.02316	0.02013	0.06856	0.01506	0.01403	0.02835	0.02253	0.07431	0.02342	0.03094	0.02038	0.09384	0.01517	0.00314	0.00893	0.00840	0.00694	0.47995
8	0.03006	0.02050	0.05922	0.01788	0.02661	0.01516	0.01543	0.03528	0.02657	0.20498	0.10033	0.03556	0.03163	0.01197	0.00984	0.00256	0.00860	0.00988	0.00938	0.32853
9	0.02470	0.02330	0.03936	0.12164	0.43388	0.02379	0.03046	0.03075	0.02403	0.03385	0.02485	0.09297	0.02314	0.01261	0.01116	0.00342	0.01239	0.01211	0.00587	0.01573
10	0.03052	0.10648	0.16999	0.02132	0.03231	0.02147	0.02175	0.03709	0.02504	0.17791	0.02542	0.02607	0.01825	0.01034	0.00934	0.00268	0.01099	0.00805	0.00768	0.23730
11	0.02359	0.10856	0.09104	0.02642	0.11341	0.02127	0.02000	0.02922	0.02285	0.03358	0.02146	0.05827	0.01916	0.01036	0.00898	0.00236	0.01018	0.00857	0.00605	0.36467
12	0.06900	0.01789	0.02442	0.02789	0.15391	0.01644	0.01699	0.02658	0.02615	0.03976	0.22696	0.04669	0.05050	0.01427	0.01056	0.00287	0.00817	0.01250	0.00841	0.20002
13	0.02319	0.01246	0.01795	0.08137	0.02350	0.01249	0.01274	0.02322	0.02038	0.11152	0.09802	0.04439	0.03383	0.09391	0.03106	0.32227	0.00954	0.01189	0.00741	0.00884

[dist]
# distance from previous block
# <min> <max>
0	6

[block]
# block no. 2 follows, 12 sequences, length 8
# corresponding to MSA columns:
# 50-57
name=unknown_C
#
# <colnr> <probs for GDERKNQSTAVLIFYWHMCP>
#	G	D	E	R	K	N	Q	S	T	A	V	L	I	F	Y	W	H	M	C	P
0	0.02778	0.02750	0.11191	0.03409	0.14656	0.02340	0.06465	0.04254	0.18272	0.10701	0.08596	0.03791	0.03196	0.01316	0.01124	0.00349	0.01124	0.01176	0.00881	0.01631
1	0.13742	0.01947	0.02215	0.01659	0.02552	0.01648	0.01344	0.03403	0.02390	0.15583	0.02406	0.02511	0.01790	0.00964	0.00852	0.00230	0.00841	0.00739	0.00810	0.42374
2	0.02940	0.03510	0.22370	0.12549	0.04420	0.02525	0.02831	0.10915	0.11019	0.11862	0.02804	0.02953	0.01976	0.01204	0.01074	0.00349	0.01300	0.00973	0.00795	0.01631
3	0.03201	0.02085	0.06826	0.02142	0.06165	0.01600	0.01680	0.03669	0.02574	0.24280	0.06123	0.03920	0.02877	0.09951	0.01675	0.00399	0.00976	0.01075	0.00939	0.17842
4	0.02253	0.16524	0.31139	0.11776	0.04474	0.02767	0.03129	0.03146	0.02206	0.03060	0.01962	0.02493	0.01539	0.01776	0.06916	0.00473	0.01630	0.00823	0.00479	0.01434
5	0.03334	0.11364	0.13158	0.02151	0.03074	0.02297	0.02068	0.04327	0.10784	0.22922	0.03436	0.06908	0.02591	0.01353	0.01031	0.00325	0.01056	0.01093	0.00946	0.05780
6	0.02600	0.02314	0.09740	0.06823	0.03197	0.01842	0.01987	0.07197	0.05934	0.11436	0.11561	0.05249	0.04006	0.01611	0.01137	0.00340	0.01011	0.08642	0.00921	0.12452
7	0.12204	0.06882	0.09128	0.21076	0.20641	0.02680	0.02827	0.06004	0.02418	0.03631	0.01925	0.02515	0.01512	0.01038	0.00993	0.00334	0.01297	0.00871	0.00561	0.01462

[dist]
# distance from previous block
# <min> <max>
5	24

[block]
# block no. 3 follows, 12 sequences, length 37
# corresponding to MSA columns:
# 82-107,109-119
name=unknown_D
#
# <colnr> <probs for GDERKNQSTAVLIFYWHMCP>
#	G	D	E	R	K	N	Q	S	T	A	V	L	I	F	Y	W	H	M	C	P
0	0.08005	0.11673	0.26278	0.06429	0.03826	0.02448	0.02725	0.03590	0.02396	0.13873	0.02640	0.06944	0.02079	0.01267	0.01005	0.00337	0.01268	0.01002	0.00701	0.01515
1	0.21998	0.02733	0.06375	0.09846	0.10719	0.10721	0.02086	0.03394	0.02479	0.08189	0.08932	0.03123	0.02677	0.01225	0.00975	0.00331	0.01178	0.00951	0.00725	0.01343
2	0.02878	0.10972	0.15326	0.10650	0.15317	0.02648	0.06147	0.03803	0.06416	0.11696	0.02502	0.02799	0.01849	0.01092	0.01040	0.00330	0.01312	0.00946	0.00680	0.01596
3	0.03080	0.32096	0.04337	0.10892	0.03577	0.03411	0.02055	0.07050	0.06010	0.10083	0.02226	0.02459	0.01749	0.01149	0.01082	0.00301	0.05483	0.00812	0.00677	0.01471
4	0.03741	0.11904	0.10107	0.02308	0.03245	0.02422	0.05616	0.10485	0.03100	0.26937	0.06657	0.03334	0.02667	0.01269	0.01054	0.00323	0.01126	0.01040	0.00996	0.01668
5	0.02645	0.21675	0.18183	0.02249	0.03185	0.02852	0.02312	0.06577	0.09178	0.06711	0.02960	0.11486	0.02653	0.01465	0.01003	0.00327	0.01155	0.01175	0.00729	0.01480
6	0.06824	0.04761	0.41178	0.02827	0.04218	0.02561	0.03389	0.09925	0.02718	0.08386	0.02215	0.02430	0.01542	0.01097	0.01026	0.00342	0.01452	0.00840	0.00632	0.01638
7	0.02308	0.10165	0.06372	0.01917	0.02351	0.10272	0.01569	0.02632	0.02357	0.06915	0.04304	0.35069	0.04748	0.02390	0.01187	0.00374	0.01007	0.02065	0.00855	0.01143
8	0.11424	0.12478	0.18358	0.05996	0.03565	0.02768	0.02516	0.10039	0.02623	0.03878	0.02478	0.03771	0.02186	0.01418	0.01179	0.00358	0.04918	0.07967	0.00667	0.01412
9	0.02450	0.26139	0.37838	0.02659	0.04025	0.03177	0.03247	0.03385	0.02271	0.03132	0.01797	0.02102	0.01388	0.00999	0.00914	0.00305	0.01450	0.00725	0.00463	0.01535
10	0.02879	0.19341	0.03059	0.01897	0.02434	0.10753	0.01537	0.03173	0.02474	0.12656	0.03732	0.24091	0.03798	0.01961	0.01075	0.00338	0.01048	0.01631	0.00850	0.01274
11	0.02275	0.18110	0.37160	0.02567	0.03809	0.02748	0.03084	0.03162	0.02187	0.03071	0.02051	0.02815	0.01728	0.09046	0.01556	0.00414	0.01435	0.00858	0.00488	0.01437
12	0.02756	0.49920	0.16733	0.02138	0.03219	0.03924	0.02339	0.03306	0.02234	0.02760	0.01612	0.01870	0.01395	0.00955	0.00773	0.00258	0.01264	0.00632	0.00465	0.01446
13	0.03055	0.33779	0.15244	0.02164	0.03158	0.06706	0.02238	0.03613	0.02483	0.11022	0.05355	0.02580	0.02153	0.01112	0.00885	0.00282	0.01232	0.00803	0.00653	0.01482
14	0.01855	0.09886	0.10296	0.01576	0.01950	0.01717	0.01343	0.02098	0.01780	0.02382	0.02952	0.05672	0.03224	0.44226	0.04207	0.00838	0.01158	0.01332	0.00604	0.00906
15	0.07612	0.15277	0.23220	0.02364	0.03463	0.02738	0.02558	0.09931	0.02812	0.11915	0.06064	0.02837	0.02279	0.01185	0.00980	0.00319	0.01232	0.00899	0.00750	0.01568
16	0.02802	0.53542	0.13519	0.02058	0.03096	0.04038	0.02201	0.03294	0.02229	0.02703	0.01584	0.01835	0.01396	0.00949	0.00752	0.00251	0.01235	0.00618	0.00465	0.01432
17	0.02802	0.53542	0.13519	0.02058	0.03096	0.04038	0.02201	0.03294	0.02229	0.02703	0.01584	0.01835	0.01396	0.00949	0.00752	0.00251	0.01235	0.00618	0.00465	0.01432
18	0.08346	0.01921	0.02871	0.33818	0.05372	0.02127	0.02366	0.03737	0.02496	0.22141	0.02763	0.03110	0.01884	0.01178	0.01060	0.00352	0.01215	0.00986	0.00813	0.01443
19	0.01865	0.01518	0.05993	0.01491	0.01730	0.01259	0.01130	0.02088	0.01881	0.06241	0.06827	0.06177	0.03931	0.41085	0.11422	0.00989	0.01304	0.01457	0.00720	0.00893
20	0.01454	0.01040	0.01402	0.01610	0.01742	0.00989	0.01184	0.01758	0.02316	0.03103	0.12354	0.42911	0.07406	0.03167	0.01404	0.00443	0.00701	0.13050	0.01035	0.00931
21	0.02672	0.04085	0.32675	0.10894	0.12567	0.02381	0.03411	0.03639	0.02442	0.11537	0.02335	0.02664	0.01650	0.01082	0.01059	0.00343	0.01435	0.00899	0.00615	0.01615
22	0.02901	0.07622	0.25696	0.03376	0.11325	0.02733	0.06010	0.11175	0.06668	0.08421	0.02445	0.02665	0.01780	0.01115	0.01056	0.00335	0.01374	0.00929	0.00699	0.01673
23	0.01538	0.01150	0.01711	0.01733	0.01916	0.01323	0.01333	0.01911	0.01781	0.02552	0.03181	0.09054	0.03103	0.07777	0.52650	0.01642	0.02728	0.01331	0.00620	0.00966
24	0.02059	0.01938	0.03270	0.59060	0.07510	0.02422	0.03028	0.02786	0.02180	0.02786	0.01938	0.02907	0.01453	0.01090	0.01090	0.00363	0.01453	0.00969	0.00484	0.01211
25	0.02900	0.02898	0.12568	0.16085	0.05324	0.02397	0.22150	0.03721	0.02561	0.14623	0.02561	0.03001	0.01793	0.01069	0.01162	0.00357	0.01519	0.01099	0.00695	0.01517
26	0.02540	0.02687	0.08123	0.23074	0.25206	0.02611	0.09475	0.06727	0.02577	0.03534	0.02069	0.02763	0.01611	0.01033	0.01108	0.00345	0.01436	0.01001	0.00558	0.01524
27	0.02059	0.01938	0.03270	0.59060	0.07510	0.02422	0.03028	0.02786	0.02180	0.02786	0.01938	0.02907	0.01453	0.01090	0.01090	0.00363	0.01453	0.00969	0.00484	0.01211
28	0.01432	0.01112	0.01327	0.01456	0.01722	0.01008	0.01135	0.01753	0.02403	0.03000	0.08401	0.22405	0.30007	0.02981	0.01374	0.00423	0.00700	0.15414	0.01010	0.00936
29	0.03155	0.02797	0.11831	0.12439	0.14556	0.02293	0.12367	0.03895	0.02618	0.19028	0.02725	0.03023	0.01910	0.01103	0.01121	0.00346	0.01365	0.01047	0.00764	0.01617
30	0.02187	0.05640	0.56031	0.03108	0.04719	0.02532	0.04029	0.03453	0.02302	0.03453	0.01957	0.02302	0.01381	0.01036	0.01036	0.00345	0.01611	0.00806	0.00460	0.01611
31	0.01441	0.01043	0.01382	0.01592	0.01735	0.00985	0.01174	0.01733	0.02286	0.03021	0.09796	0.42221	0.10571	0.03190	0.01403	0.00444	0.00705	0.13326	0.01024	0.00926
32	0.02399	0.02377	0.04286	0.08296	0.19403	0.02388	0.19141	0.03398	0.09111	0.03495	0.03027	0.12018	0.02746	0.01408	0.01204	0.00366	0.01334	0.01445	0.00689	0.01471
33	0.03375	0.02369	0.10729	0.10366	0.03531	0.01869	0.02051	0.04115	0.06507	0.27528	0.03469	0.03934	0.02558	0.10632	0.01778	0.00457	0.01126	0.01119	0.00960	0.01528
34	0.12999	0.02565	0.09531	0.02160	0.02996	0.02185	0.01992	0.14466	0.03183	0.22626	0.03453	0.04340	0.02678	0.01509	0.01091	0.00362	0.01078	0.08166	0.01025	0.01595
35	0.03922	0.01979	0.03132	0.02627	0.06929	0.01778	0.09305	0.04450	0.02984	0.36836	0.10505	0.04111	0.03481	0.01373	0.01150	0.00342	0.01041	0.01234	0.01146	0.01676
36	0.03897	0.02132	0.02824	0.02761	0.10865	0.02094	0.01910	0.11097	0.09817	0.30193	0.03866	0.07681	0.02849	0.01455	0.01117	0.00346	0.00992	0.01227	0.01132	0.01747

[dist]
# distance from previous block
# <min> <max>
0	13

[block]
# block no. 4 follows, 12 sequences, length 35
# corresponding to MSA columns:
# 133-167
name=unknown_E
#
# <colnr> <probs for GDERKNQSTAVLIFYWHMCP>
#	G	D	E	R	K	N	Q	S	T	A	V	L	I	F	Y	W	H	M	C	P
0	0.02544	0.01687	0.02540	0.23180	0.07712	0.01771	0.02038	0.03102	0.02658	0.15159	0.15803	0.05063	0.09055	0.01575	0.01157	0.00350	0.01013	0.01367	0.00905	0.01320
1	0.02283	0.02015	0.02668	0.10800	0.09506	0.01733	0.01794	0.02823	0.02275	0.03439	0.01951	0.02409	0.01604	0.00869	0.00882	0.00211	0.00962	0.00733	0.00609	0.50434
2	0.09626	0.01947	0.03004	0.46114	0.06370	0.02328	0.02661	0.03130	0.02257	0.09263	0.02172	0.02880	0.01572	0.01112	0.01046	0.00358	0.01326	0.00943	0.00607	0.01284
3	0.02085	0.01821	0.01752	0.01654	0.01738	0.09721	0.01112	0.02104	0.01803	0.02234	0.02771	0.05391	0.03060	0.39343	0.04496	0.08093	0.08116	0.01310	0.00604	0.00794
4	0.59341	0.02636	0.09736	0.01684	0.02499	0.02459	0.01606	0.03242	0.01922	0.04677	0.01584	0.01851	0.01211	0.01016	0.00729	0.00339	0.00958	0.00623	0.00643	0.01245
5	0.03393	0.02720	0.08994	0.02306	0.03110	0.02521	0.02044	0.21034	0.12998	0.14457	0.03244	0.03309	0.02366	0.02343	0.09498	0.00552	0.01391	0.01058	0.00992	0.01670
6	0.01464	0.01053	0.01387	0.01426	0.01611	0.00976	0.01023	0.01859	0.02718	0.03786	0.36486	0.27634	0.09153	0.02667	0.01325	0.00380	0.00558	0.02388	0.01131	0.00976
7	0.09301	0.07310	0.22361	0.14045	0.04210	0.02285	0.02733	0.02960	0.02331	0.03471	0.07588	0.04400	0.02982	0.01450	0.01080	0.00364	0.01267	0.07899	0.00643	0.01320
8	0.02268	0.13320	0.30495	0.02819	0.03877	0.02771	0.06749	0.03093	0.02192	0.03121	0.02268	0.08636	0.02045	0.01399	0.01421	0.00360	0.10131	0.01079	0.00531	0.01426
9	0.01757	0.01178	0.01343	0.01288	0.01663	0.01014	0.00970	0.02077	0.02608	0.09374	0.16171	0.14762	0.36647	0.02585	0.01277	0.00369	0.00600	0.02195	0.01080	0.01044
10	0.02975	0.02305	0.02945	0.23272	0.04678	0.02654	0.02272	0.14568	0.19340	0.08900	0.03104	0.03291	0.02258	0.01287	0.01097	0.00355	0.01161	0.01068	0.00895	0.01575
11	0.22402	0.02134	0.03024	0.29107	0.05050	0.02593	0.06086	0.02943	0.02037	0.03450	0.01757	0.02490	0.01384	0.01176	0.01352	0.00373	0.10002	0.00877	0.00546	0.01219
12	0.07370	0.17900	0.11483	0.02274	0.03230	0.07207	0.02160	0.15580	0.03193	0.15868	0.02493	0.02505	0.01789	0.01154	0.00956	0.00306	0.01231	0.00839	0.00837	0.01623
13	0.02821	0.10784	0.26607	0.02920	0.04120	0.02794	0.10109	0.08573	0.08668	0.08411	0.02508	0.02698	0.01817	0.01113	0.01054	0.00336	0.01405	0.00945	0.00692	0.01625
14	0.01689	0.01020	0.01267	0.01267	0.01267	0.01020	0.00756	0.01530	0.01530	0.02041	0.02920	0.05858	0.03272	0.42327	0.05119	0.23529	0.01020	0.01372	0.00598	0.00598
15	0.01982	0.01505	0.01791	0.01677	0.02044	0.01535	0.01301	0.07838	0.10565	0.04322	0.29311	0.12156	0.10714	0.02236	0.01270	0.00371	0.00701	0.06353	0.01126	0.01199
16	0.03616	0.02896	0.12368	0.03396	0.11492	0.02278	0.11676	0.08407	0.02964	0.25123	0.03035	0.03087	0.02066	0.01156	0.01120	0.00342	0.01291	0.01056	0.00909	0.01723
17	0.02393	0.03652	0.22934	0.10263	0.17373	0.02657	0.12620	0.03281	0.02324	0.03334	0.01974	0.02596	0.01532	0.01089	0.01351	0.00359	0.07265	0.00971	0.00502	0.01529
18	0.01543	0.01115	0.01457	0.01372	0.01629	0.01029	0.01029	0.02058	0.03086	0.04372	0.54304	0.08145	0.10288	0.02229	0.01286	0.00343	0.00514	0.01972	0.01200	0.01029
19	0.02712	0.02342	0.02465	0.02219	0.02835	0.02712	0.01726	0.05794	0.52909	0.04561	0.04438	0.04068	0.03328	0.01479	0.01109	0.00370	0.00863	0.01233	0.01109	0.01726
20	0.02991	0.15195	0.15184	0.15394	0.04493	0.23088	0.02690	0.03601	0.02550	0.02847	0.01770	0.02212	0.01409	0.01061	0.00966	0.00305	0.01624	0.00763	0.00504	0.01353
21	0.03822	0.01763	0.02312	0.01785	0.02568	0.01485	0.01450	0.04271	0.02929	0.36697	0.11262	0.04060	0.03598	0.01364	0.01062	0.00300	0.00840	0.01130	0.01175	0.16129
22	0.19192	0.02562	0.02633	0.02039	0.02888	0.02697	0.01674	0.28213	0.03663	0.05606	0.02194	0.02331	0.01637	0.01118	0.00924	0.00290	0.01021	0.00808	0.00885	0.17622
23	0.02873	0.02640	0.09321	0.20941	0.04848	0.02371	0.06198	0.12230	0.02899	0.10065	0.02367	0.02767	0.01711	0.01092	0.01050	0.00316	0.01278	0.00935	0.00731	0.13368
24	0.23209	0.20457	0.08625	0.02016	0.02918	0.03170	0.01904	0.14795	0.02869	0.08035	0.02014	0.02152	0.01530	0.01085	0.00845	0.00305	0.01105	0.00737	0.00737	0.01494
25	0.02485	0.01840	0.02407	0.02069	0.02379	0.02140	0.01673	0.07875	0.02701	0.09892	0.18573	0.04989	0.08027	0.02366	0.05881	0.00485	0.20663	0.01388	0.00908	0.01259
26	0.01992	0.01475	0.02009	0.01768	0.02059	0.01542	0.01351	0.02063	0.01747	0.02572	0.02055	0.03108	0.01930	0.03678	0.14764	0.25753	0.10542	0.00919	0.00542	0.18128
27	0.01543	0.01115	0.01457	0.01372	0.01629	0.01029	0.01029	0.02058	0.03086	0.04372	0.54304	0.08145	0.10288	0.02229	0.01286	0.00343	0.00514	0.01972	0.01200	0.01029
28	0.01490	0.01074	0.01410	0.01408	0.01617	0.00993	0.01025	0.01924	0.02839	0.03979	0.42343	0.21228	0.09526	0.02523	0.01312	0.00368	0.00544	0.02251	0.01154	0.00993
29	0.01859	0.01161	0.01490	0.01375	0.01677	0.01072	0.01043	0.02365	0.02997	0.08308	0.44591	0.07332	0.08838	0.02051	0.01211	0.00332	0.00546	0.01794	0.08868	0.01091
30	0.01719	0.01480	0.02032	0.02015	0.02055	0.01793	0.01520	0.01927	0.01933	0.02724	0.04317	0.39311	0.05075	0.02859	0.02200	0.00455	0.22465	0.02306	0.00814	0.00999
31	0.01417	0.01012	0.01367	0.01619	0.01721	0.00962	0.01166	0.01671	0.02175	0.02882	0.05961	0.50933	0.07018	0.03333	0.01415	0.00455	0.00709	0.12263	0.01010	0.00910
32	0.02075	0.01716	0.02115	0.01975	0.02288	0.02030	0.01523	0.03417	0.20917	0.03257	0.03399	0.04325	0.02959	0.10848	0.25359	0.01033	0.07523	0.01217	0.00779	0.01243
33	0.02827	0.02341	0.03801	0.21872	0.31752	0.02481	0.02985	0.06280	0.02619	0.09119	0.02293	0.02866	0.01756	0.01069	0.01085	0.00338	0.01298	0.00985	0.00643	0.01592
34	0.02919	0.20762	0.11451	0.02055	0.03064	0.02713	0.01994	0.06868	0.06036	0.09700	0.02312	0.02434	0.01778	0.01024	0.00884	0.00257	0.01081	0.00768	0.00710	0.21192

[dist]
# distance from previous block
# <min> <max>
0	2

[block]
# block no. 5 follows, 12 sequences, length 20
# corresponding to MSA columns:
# 170-189
name=unknown_F
#
# <colnr> <probs for GDERKNQSTAVLIFYWHMCP>
#	G	D	E	R	K	N	Q	S	T	A	V	L	I	F	Y	W	H	M	C	P
0	0.22943	0.02966	0.02743	0.12800	0.03719	0.14600	0.02023	0.13154	0.02835	0.04207	0.01849	0.02257	0.01442	0.01197	0.01182	0.00341	0.06917	0.00800	0.00681	0.01344
1	0.02573	0.02032	0.02717	0.02230	0.02677	0.02289	0.07048	0.12640	0.06480	0.04346	0.09739	0.03856	0.03253	0.01516	0.01564	0.00348	0.13041	0.01172	0.19155	0.01324
2	0.02969	0.02057	0.03382	0.18426	0.11079	0.02043	0.08838	0.03585	0.02629	0.17924	0.07670	0.03555	0.02725	0.01208	0.01111	0.00332	0.01192	0.01116	0.00824	0.07334
3	0.21694	0.16171	0.08470	0.02434	0.03372	0.02772	0.11974	0.03723	0.02379	0.14129	0.02257	0.02444	0.01650	0.01045	0.00923	0.00321	0.01207	0.00853	0.00719	0.01463
4	0.02703	0.01663	0.01732	0.01490	0.01940	0.01767	0.01178	0.18000	0.03188	0.04956	0.03259	0.03606	0.02496	0.01283	0.00866	0.00277	0.00728	0.01005	0.46580	0.01282
5	0.18938	0.02902	0.16766	0.02072	0.02951	0.02111	0.02057	0.03870	0.07883	0.16646	0.02896	0.03343	0.02208	0.09000	0.01556	0.00436	0.01104	0.00974	0.00829	0.01458
6	0.02036	0.01449	0.01870	0.02069	0.06736	0.01409	0.01418	0.02752	0.09035	0.08416	0.11676	0.21147	0.15804	0.02434	0.01278	0.00392	0.00762	0.07081	0.01034	0.01200
7	0.01821	0.01139	0.01503	0.01634	0.01862	0.01056	0.01232	0.02119	0.02345	0.08795	0.06319	0.37653	0.11696	0.03019	0.01374	0.00437	0.00743	0.13180	0.01048	0.01025
8	0.10446	0.04497	0.24537	0.02866	0.03943	0.18583	0.07429	0.03873	0.02589	0.08389	0.02077	0.02341	0.01519	0.01078	0.01011	0.00327	0.01588	0.00826	0.00608	0.01472
9	0.07459	0.02323	0.04141	0.15532	0.04884	0.02378	0.22248	0.03615	0.07369	0.09420	0.07091	0.03497	0.02606	0.01179	0.01161	0.00359	0.01372	0.01200	0.00745	0.01421
10	0.02905	0.01336	0.01678	0.01463	0.01914	0.01259	0.01153	0.03371	0.02620	0.21764	0.10307	0.04494	0.03723	0.02183	0.07184	0.00460	0.00920	0.01184	0.28777	0.01303
11	0.01516	0.01083	0.01454	0.01587	0.01741	0.01058	0.01182	0.01848	0.02329	0.03161	0.16152	0.28491	0.06997	0.08747	0.06654	0.00604	0.00928	0.12554	0.00983	0.00931
12	0.02733	0.15135	0.24451	0.07627	0.04196	0.02815	0.06346	0.08733	0.02685	0.07486	0.02409	0.03148	0.01910	0.01207	0.01038	0.00336	0.01388	0.04184	0.00645	0.01528
13	0.02224	0.15851	0.29394	0.02651	0.03807	0.02605	0.08191	0.03095	0.02418	0.03334	0.08488	0.03647	0.07195	0.01290	0.01047	0.00327	0.01330	0.01078	0.00603	0.01426
14	0.01385	0.00993	0.01316	0.01479	0.01594	0.00924	0.01017	0.01661	0.02352	0.03205	0.18819	0.46958	0.08028	0.03101	0.01364	0.00416	0.00601	0.02801	0.01062	0.00924
15	0.04892	0.01856	0.02530	0.01940	0.02783	0.01603	0.01603	0.05314	0.03121	0.55634	0.04302	0.03711	0.02699	0.01350	0.01096	0.00337	0.00928	0.01096	0.01350	0.01856
16	0.03030	0.09033	0.09216	0.22386	0.08527	0.02355	0.02508	0.03666	0.02492	0.17883	0.02570	0.02878	0.01823	0.01111	0.01022	0.00322	0.01233	0.00921	0.00740	0.06283
17	0.02520	0.02440	0.04151	0.19165	0.29401	0.02586	0.09522	0.03540	0.08939	0.03484	0.02352	0.02962	0.01855	0.01060	0.01114	0.00346	0.01353	0.01047	0.00601	0.01561
18	0.01772	0.01469	0.02107	0.01985	0.02112	0.01840	0.01560	0.02087	0.01716	0.02517	0.02587	0.04057	0.02507	0.11416	0.38945	0.01364	0.17243	0.01151	0.00564	0.01001
19	0.02235	0.01938	0.02392	0.09044	0.03221	0.01579	0.01517	0.02751	0.02251	0.03454	0.01938	0.02345	0.01594	0.00844	0.00844	0.00188	0.00891	0.00688	0.00625	0.59664

[dist]
# distance from previous block
# <min> <max>
0	2

[block]
# block no. 6 follows, 12 sequences, length 8
# corresponding to MSA columns:
# 192-199
name=unknown_G
#
# <colnr> <probs for GDERKNQSTAVLIFYWHMCP>
#	G	D	E	R	K	N	Q	S	T	A	V	L	I	F	Y	W	H	M	C	P
0	0.07637	0.02253	0.02720	0.17772	0.03954	0.06598	0.02029	0.08804	0.02628	0.14664	0.02611	0.03385	0.02070	0.09165	0.01931	0.00449	0.08168	0.01030	0.00781	0.01351
1	0.02712	0.02342	0.02465	0.02219	0.02835	0.02712	0.01726	0.05794	0.52909	0.04561	0.04438	0.04068	0.03328	0.01479	0.01109	0.00370	0.00863	0.01233	0.01109	0.01726
2	0.02560	0.02344	0.03914	0.10861	0.44138	0.02388	0.03010	0.03199	0.02431	0.03550	0.02219	0.02880	0.01828	0.01018	0.01043	0.00319	0.01217	0.00977	0.08507	0.01595
3	0.01586	0.01057	0.01189	0.01189	0.01189	0.01057	0.00661	0.01586	0.01586	0.02114	0.03436	0.07135	0.03964	0.61681	0.05550	0.01057	0.01057	0.01586	0.00661	0.00661
4	0.01701	0.01343	0.01798	0.10236	0.02658	0.01410	0.01416	0.02474	0.09110	0.03624	0.23687	0.24557	0.07015	0.02358	0.01269	0.00383	0.00741	0.02103	0.01017	0.01099
5	0.02638	0.02397	0.03826	0.26515	0.29740	0.02628	0.03056	0.09373	0.02710	0.03692	0.02081	0.02769	0.01637	0.01062	0.01085	0.00340	0.01344	0.00972	0.00590	0.01543
6	0.01832	0.01218	0.01320	0.01231	0.01671	0.01023	0.00945	0.02130	0.02581	0.10896	0.10028	0.09470	0.46630	0.02548	0.01260	0.00364	0.00609	0.02119	0.01063	0.01062
7	0.02109	0.02199	0.10254	0.08662	0.03136	0.01713	0.01900	0.02713	0.02556	0.07075	0.19973	0.04944	0.08005	0.01598	0.01303	0.00323	0.05524	0.01311	0.00840	0.13862

[dist]
# distance from previous block
# <min> <max>
0	6

[block]
# block no. 7 follows, 12 sequences, length 37
# corresponding to MSA columns:
# 206-242
name=unknown_H
#
# <colnr> <probs for GDERKNQSTAVLIFYWHMCP>
#	G	D	E	R	K	N	Q	S	T	A	V	L	I	F	Y	W	H	M	C	P
0	0.15509	0.02451	0.02764	0.02188	0.02921	0.02674	0.01810	0.23543	0.03565	0.20873	0.02807	0.02777	0.01947	0.01336	0.01296	0.00349	0.07550	0.00946	0.01029	0.01664
1	0.07049	0.02101	0.02722	0.19721	0.08399	0.02415	0.02154	0.07397	0.19760	0.03912	0.03341	0.10537	0.02858	0.01519	0.01105	0.00368	0.01073	0.01304	0.00829	0.01435
2	0.02744	0.22656	0.28790	0.02903	0.07383	0.07296	0.03015	0.07236	0.02571	0.03398	0.01859	0.02159	0.01450	0.01028	0.00936	0.00303	0.01447	0.00755	0.00525	0.01547
3	0.02706	0.01245	0.01422	0.01267	0.01687	0.01160	0.00989	0.03168	0.02525	0.17452	0.04513	0.04626	0.08017	0.01443	0.00903	0.00287	0.00622	0.01168	0.43574	0.01226
4	0.01340	0.01107	0.01176	0.01159	0.01504	0.00942	0.00869	0.01664	0.02607	0.03234	0.19780	0.10019	0.45523	0.02654	0.01288	0.00363	0.00545	0.02235	0.01050	0.00942
5	0.02594	0.01928	0.02295	0.01656	0.02609	0.01472	0.01331	0.03071	0.02370	0.10146	0.02237	0.02445	0.01752	0.00876	0.00844	0.00184	0.00823	0.00703	0.00735	0.59929
6	0.24029	0.03837	0.02690	0.02602	0.06573	0.32806	0.01876	0.03997	0.02671	0.07069	0.01841	0.02079	0.01448	0.01094	0.00903	0.00305	0.01504	0.00714	0.00649	0.01312
7	0.01561	0.01154	0.01681	0.01681	0.01851	0.01324	0.01274	0.01901	0.01731	0.02478	0.02986	0.04644	0.02883	0.14950	0.50801	0.01664	0.02685	0.01221	0.00594	0.00934
8	0.02261	0.01938	0.02261	0.01615	0.02584	0.01453	0.01292	0.02745	0.02261	0.03553	0.01938	0.02261	0.01615	0.00807	0.00807	0.00161	0.00807	0.00646	0.00646	0.68346
9	0.02749	0.49399	0.17196	0.02149	0.03237	0.03908	0.02359	0.03308	0.02235	0.02768	0.01616	0.01875	0.01395	0.00956	0.00776	0.00259	0.01268	0.00634	0.00465	0.01448
10	0.03137	0.02781	0.13812	0.19694	0.09526	0.02210	0.06563	0.03876	0.02580	0.20839	0.02769	0.03042	0.01899	0.01142	0.01096	0.00348	0.01324	0.01005	0.00781	0.01575
11	0.03768	0.04725	0.02887	0.02666	0.03172	0.51038	0.01985	0.04039	0.02979	0.02681	0.02166	0.08519	0.02049	0.01378	0.01029	0.00299	0.01818	0.00969	0.00612	0.01222
12	0.01913	0.01218	0.01581	0.01625	0.01877	0.01167	0.01197	0.02448	0.06310	0.09190	0.16702	0.34217	0.07041	0.02736	0.01323	0.00408	0.00687	0.06162	0.01099	0.01099
13	0.02261	0.01938	0.02261	0.01615	0.02584	0.01453	0.01292	0.02745	0.02261	0.03553	0.01938	0.02261	0.01615	0.00807	0.00807	0.00161	0.00807	0.00646	0.00646	0.68346
14	0.02712	0.02342	0.02465	0.02219	0.02835	0.02712	0.01726	0.05794	0.52909	0.04561	0.04438	0.04068	0.03328	0.01479	0.01109	0.00370	0.00863	0.01233	0.01109	0.01726
15	0.01536	0.01139	0.01447	0.01526	0.01713	0.01106	0.01083	0.02112	0.07085	0.03550	0.24255	0.35687	0.08030	0.02788	0.01326	0.00398	0.00609	0.02501	0.01093	0.01016
16	0.01324	0.00965	0.01249	0.01476	0.01570	0.00889	0.00993	0.01523	0.02128	0.02800	0.06521	0.55840	0.12010	0.03349	0.01381	0.00435	0.00624	0.03019	0.01012	0.00889
17	0.01858	0.01124	0.01495	0.01518	0.01751	0.01028	0.01093	0.02195	0.02582	0.10052	0.23366	0.34500	0.07760	0.02723	0.01316	0.00393	0.00627	0.02436	0.01123	0.01061
18	0.01558	0.01168	0.01752	0.01752	0.01947	0.01363	0.01363	0.01947	0.01752	0.02531	0.02921	0.04283	0.02726	0.08178	0.57360	0.01752	0.02921	0.01168	0.00584	0.00974
19	0.02060	0.01941	0.03036	0.35730	0.05432	0.02490	0.02589	0.02579	0.02023	0.02739	0.02309	0.10108	0.02176	0.01618	0.01839	0.00406	0.17976	0.01234	0.00549	0.01165
20	0.13497	0.38406	0.04407	0.02040	0.02838	0.17574	0.01821	0.03534	0.02383	0.02952	0.01560	0.01808	0.01367	0.00994	0.00768	0.00262	0.01321	0.00615	0.00523	0.01331
21	0.37092	0.02489	0.08162	0.15709	0.03802	0.02484	0.02015	0.03460	0.08481	0.04179	0.02040	0.02398	0.01543	0.01093	0.00871	0.00349	0.01079	0.00788	0.00660	0.01305
22	0.08293	0.25648	0.04637	0.03658	0.20076	0.03249	0.05751	0.06852	0.02566	0.06885	0.01999	0.02335	0.01624	0.01005	0.00917	0.00294	0.01217	0.00822	0.00615	0.01557
23	0.01903	0.01122	0.01253	0.01174	0.01488	0.01056	0.00887	0.02411	0.02527	0.04116	0.18825	0.05154	0.04971	0.01523	0.00925	0.00273	0.00535	0.01276	0.41980	0.06600
24	0.02542	0.01918	0.06197	0.02213	0.06494	0.01644	0.01673	0.09356	0.02997	0.12760	0.17939	0.19832	0.05698	0.02082	0.01221	0.00365	0.00853	0.01823	0.01052	0.01341
25	0.16955	0.02697	0.09161	0.18309	0.16145	0.02543	0.12449	0.03211	0.02268	0.03625	0.01928	0.02559	0.01488	0.01007	0.01032	0.00348	0.01380	0.00935	0.00549	0.01411
26	0.03178	0.02981	0.02938	0.02522	0.03049	0.12078	0.02010	0.14737	0.22919	0.04321	0.02920	0.03032	0.02269	0.01478	0.01629	0.00369	0.14106	0.01028	0.00875	0.01559
27	0.01877	0.01269	0.01559	0.01525	0.01792	0.01241	0.01123	0.05455	0.02472	0.06613	0.11877	0.18334	0.14339	0.13488	0.08265	0.00658	0.01016	0.05125	0.00954	0.01020
28	0.02337	0.01302	0.01709	0.01538	0.01943	0.01175	0.01210	0.02809	0.02999	0.16350	0.34978	0.07621	0.11644	0.02127	0.01259	0.00357	0.00656	0.05566	0.01205	0.01215
29	0.61978	0.02135	0.01698	0.01521	0.02189	0.02476	0.01241	0.03493	0.07525	0.04855	0.01842	0.02026	0.01419	0.01064	0.00723	0.00341	0.00846	0.00662	0.00723	0.01241
30	0.01344	0.00980	0.01266	0.01463	0.01575	0.00902	0.00995	0.01572	0.02219	0.02944	0.10909	0.51041	0.12290	0.03242	0.01372	0.00426	0.00614	0.02916	0.01029	0.00902
31	0.08494	0.08775	0.13201	0.10393	0.10764	0.10369	0.09588	0.03658	0.02506	0.09111	0.02148	0.02535	0.01608	0.01054	0.01023	0.00327	0.01454	0.00896	0.00618	0.01478
32	0.08822	0.02228	0.03468	0.07383	0.10084	0.02362	0.10394	0.03307	0.02366	0.11304	0.05901	0.03095	0.02321	0.01294	0.01577	0.00352	0.13131	0.01040	0.00717	0.08854
33	0.01589	0.01074	0.01267	0.01316	0.01353	0.01070	0.00824	0.01666	0.01738	0.02307	0.03915	0.11622	0.04488	0.50105	0.04742	0.00943	0.01020	0.07511	0.00729	0.00720
34	0.69383	0.02109	0.01603	0.01434	0.02109	0.02446	0.01181	0.03205	0.01856	0.04892	0.01518	0.01771	0.01181	0.01012	0.00675	0.00337	0.00843	0.00590	0.00675	0.01181
35	0.69383	0.02109	0.01603	0.01434	0.02109	0.02446	0.01181	0.03205	0.01856	0.04892	0.01518	0.01771	0.01181	0.01012	0.00675	0.00337	0.00843	0.00590	0.00675	0.01181
36	0.02492	0.03076	0.15595	0.11139	0.04127	0.06029	0.06148	0.03201	0.02389	0.06635	0.02459	0.03520	0.02056	0.01257	0.01201	0.00324	0.04629	0.05597	0.00637	0.17489

[dist]
# distance from previous block
# <min> <max>
0	1

[block]
# block no. 8 follows, 12 sequences, length 14
# corresponding to MSA columns:
# 244-257
name=unknown_I
#
# <colnr> <probs for GDERKNQSTAVLIFYWHMCP>
#	G	D	E	R	K	N	Q	S	T	A	V	L	I	F	Y	W	H	M	C	P
0	0.15703	0.02190	0.02899	0.23644	0.04516	0.02676	0.02293	0.08264	0.02395	0.08118	0.02012	0.02601	0.01545	0.01313	0.01596	0.00379	0.14969	0.00904	0.00659	0.01325
1	0.02029	0.01627	0.01835	0.01753	0.02131	0.01741	0.01342	0.03492	0.23107	0.03810	0.14924	0.07183	0.10894	0.10600	0.01855	0.00481	0.00808	0.08104	0.01037	0.01246
2	0.03477	0.03146	0.02869	0.02435	0.03130	0.13568	0.01921	0.21377	0.26538	0.04999	0.03267	0.03153	0.02440	0.01351	0.01078	0.00338	0.01195	0.01042	0.00996	0.01681
3	0.02349	0.02017	0.02301	0.01733	0.02633	0.01698	0.01376	0.03339	0.12116	0.03749	0.02424	0.02613	0.01948	0.00938	0.00866	0.00202	0.00818	0.00760	0.00736	0.55383
4	0.02317	0.15806	0.47009	0.02885	0.04375	0.02852	0.03641	0.03419	0.02287	0.03294	0.01878	0.02203	0.01384	0.01017	0.00976	0.00325	0.01532	0.00766	0.00461	0.01573
5	0.11556	0.01874	0.02782	0.02341	0.02869	0.01920	0.12842	0.03128	0.12200	0.03821	0.11089	0.20393	0.04743	0.01945	0.01196	0.00382	0.00972	0.01796	0.00903	0.01248
6	0.01587	0.01223	0.01690	0.09683	0.02510	0.01221	0.01364	0.02068	0.02720	0.03710	0.32213	0.14928	0.12019	0.02341	0.01293	0.00376	0.00713	0.06278	0.01039	0.01025
7	0.03675	0.11062	0.10706	0.13209	0.03979	0.02282	0.02261	0.04265	0.02692	0.30368	0.03111	0.03074	0.02084	0.01195	0.01030	0.00329	0.01161	0.00957	0.00929	0.01630
8	0.01586	0.01843	0.09461	0.12863	0.03163	0.01427	0.01801	0.02051	0.02213	0.02911	0.05610	0.31523	0.14382	0.02496	0.01262	0.00399	0.00917	0.02203	0.00831	0.01060
9	0.02995	0.01889	0.02414	0.12959	0.03383	0.01988	0.01731	0.12596	0.06055	0.16212	0.09399	0.04770	0.06568	0.10118	0.01765	0.00448	0.01028	0.01300	0.00981	0.01401
10	0.01397	0.01019	0.01315	0.01430	0.01587	0.00937	0.01001	0.01705	0.02462	0.03335	0.22790	0.38398	0.12679	0.02954	0.01346	0.00402	0.00585	0.02644	0.01076	0.00937
11	0.03248	0.03861	0.03164	0.25866	0.05067	0.34808	0.02484	0.03711	0.02717	0.02717	0.01789	0.02352	0.01425	0.01110	0.01027	0.00315	0.01756	0.00812	0.00530	0.01242
12	0.02285	0.02675	0.15207	0.13412	0.04090	0.02040	0.05392	0.05730	0.05337	0.06683	0.03611	0.13001	0.03415	0.01824	0.01215	0.00394	0.01229	0.10340	0.00782	0.01339
13	0.02091	0.01710	0.02504	0.10871	0.12948	0.01922	0.01895	0.02586	0.05631	0.02901	0.02758	0.07341	0.02649	0.12902	0.05663	0.08147	0.07851	0.01237	0.05273	0.01119

[dist]
# distance from previous block
# <min> <max>
0	8

[block]
# block no. 9 follows, 12 sequences, length 10
# corresponding to MSA columns:
# 266-275
name=unknown_J
#
# <colnr> <probs for GDERKNQSTAVLIFYWHMCP>
#	G	D	E	R	K	N	Q	S	T	A	V	L	I	F	Y	W	H	M	C	P
0	0.50503	0.02025	0.01816	0.01617	0.02132	0.02423	0.01328	0.03032	0.01876	0.04425	0.01745	0.02142	0.01412	0.01189	0.01158	0.00350	0.10394	0.00700	0.08569	0.01163
1	0.02734	0.07670	0.12441	0.06928	0.03686	0.02461	0.04771	0.09350	0.10914	0.06631	0.02532	0.02727	0.01909	0.01083	0.00985	0.00289	0.01146	0.00888	0.00746	0.20109
2	0.02090	0.02065	0.08265	0.01817	0.02333	0.01746	0.01562	0.08518	0.11067	0.04110	0.21389	0.09406	0.09691	0.09040	0.01718	0.00439	0.00858	0.01644	0.00994	0.01248
3	0.02855	0.01803	0.07995	0.01525	0.02107	0.01362	0.01388	0.03429	0.02523	0.18492	0.03576	0.03756	0.02599	0.01265	0.00889	0.00288	0.00758	0.01014	0.41055	0.01323
4	0.22762	0.01927	0.02054	0.01797	0.02392	0.02033	0.01416	0.09329	0.08674	0.17014	0.03680	0.15861	0.03236	0.01723	0.01039	0.00364	0.00861	0.01398	0.01016	0.01424
5	0.12143	0.23735	0.03724	0.02403	0.08828	0.02926	0.01829	0.08495	0.02756	0.12314	0.08426	0.03037	0.02725	0.01210	0.00917	0.00298	0.01025	0.00921	0.00800	0.01487
6	0.06386	0.03320	0.18131	0.11613	0.04101	0.06619	0.02523	0.03826	0.08444	0.10671	0.02522	0.02742	0.01833	0.01111	0.01002	0.00316	0.01264	0.00878	0.00712	0.11985
7	0.10812	0.14298	0.14106	0.06715	0.03339	0.02587	0.02171	0.08873	0.02510	0.09765	0.02166	0.02552	0.01663	0.01536	0.01472	0.11392	0.01183	0.00829	0.00672	0.01359
8	0.08128	0.09814	0.24001	0.02425	0.03494	0.02589	0.02597	0.03913	0.10563	0.09823	0.02527	0.02658	0.01862	0.01164	0.01116	0.00329	0.04507	0.00865	0.00706	0.06920
9	0.12512	0.15834	0.03892	0.02804	0.09317	0.02857	0.07284	0.11622	0.02938	0.17054	0.02531	0.02627	0.01836	0.01112	0.00969	0.00314	0.01157	0.00900	0.00835	0.01605

[dist]
# distance from previous block
# <min> <max>
3	229

# created by:
# /st0/software/busco_prod/Augustus/scripts/msa2prfl.pl ./align_prep/7269.fa
