[name]
unknown

[dist]
# distance from previous block
# <min> <max>
0	35

[block]
# block no. 0 follows, 14 sequences, length 23
# corresponding to MSA columns:
# 35-57
name=unknown_A
#
# <colnr> <probs for GDERKNQSTAVLIFYWHMCP>
#	G	D	E	R	K	N	Q	S	T	A	V	L	I	F	Y	W	H	M	C	P
0	0.06633	0.11522	0.17102	0.02110	0.02867	0.05479	0.02141	0.03097	0.05874	0.06515	0.07553	0.05232	0.03425	0.01606	0.01053	0.00347	0.01107	0.14336	0.00738	0.01265
1	0.16895	0.12961	0.02988	0.02301	0.07568	0.06377	0.01730	0.16151	0.10381	0.04371	0.06717	0.02753	0.02357	0.01169	0.00895	0.00299	0.01011	0.00878	0.00780	0.01417
2	0.01625	0.01191	0.01478	0.01354	0.01650	0.01134	0.01030	0.05994	0.03009	0.04189	0.48865	0.07440	0.12976	0.02071	0.01196	0.00324	0.00538	0.01808	0.01107	0.01021
3	0.01887	0.01498	0.01975	0.01705	0.02119	0.01475	0.04595	0.06784	0.09653	0.04110	0.34529	0.10429	0.06901	0.01856	0.01152	0.00323	0.00687	0.01650	0.01022	0.05649
4	0.01452	0.01049	0.01372	0.01291	0.01533	0.00968	0.00968	0.01937	0.02905	0.04115	0.56992	0.07666	0.09683	0.02098	0.01210	0.00323	0.00484	0.01856	0.01130	0.00968
5	0.02128	0.01824	0.02128	0.01520	0.02432	0.01368	0.01216	0.02584	0.02128	0.03344	0.01824	0.02128	0.01520	0.00760	0.00760	0.00152	0.00760	0.00608	0.00608	0.70208
6	0.01938	0.01824	0.03078	0.61468	0.07068	0.02280	0.02850	0.02622	0.02052	0.02622	0.01824	0.02736	0.01368	0.01026	0.01026	0.00342	0.01368	0.00912	0.00456	0.01140
7	0.03865	0.03595	0.02810	0.02382	0.03036	0.30138	0.01862	0.17291	0.08196	0.13115	0.02464	0.02466	0.01801	0.01169	0.00980	0.00292	0.01405	0.00837	0.00829	0.01467
8	0.01492	0.00995	0.01119	0.01119	0.01119	0.00995	0.00622	0.01492	0.01492	0.01990	0.03233	0.06716	0.03731	0.63935	0.05223	0.00995	0.00995	0.01492	0.00622	0.00622
9	0.02094	0.01984	0.03360	0.47138	0.20177	0.02321	0.02928	0.02759	0.02126	0.02812	0.01852	0.02685	0.01435	0.00997	0.01023	0.00332	0.01329	0.00913	0.00469	0.01266
10	0.01250	0.00893	0.01191	0.01429	0.01488	0.00834	0.00953	0.01429	0.01965	0.02620	0.05656	0.63265	0.06787	0.03215	0.01310	0.00417	0.00595	0.02917	0.00953	0.00834
11	0.01250	0.00893	0.01191	0.01429	0.01488	0.00834	0.00953	0.01429	0.01965	0.02620	0.05656	0.63265	0.06787	0.03215	0.01310	0.00417	0.00595	0.02917	0.00953	0.00834
12	0.02140	0.04823	0.49414	0.03495	0.13416	0.02393	0.03683	0.03233	0.02195	0.03267	0.01857	0.02230	0.01355	0.00965	0.00982	0.00322	0.01466	0.00785	0.00446	0.01535
13	0.02058	0.05308	0.58618	0.02925	0.04442	0.02383	0.03792	0.03250	0.02167	0.03250	0.01842	0.02167	0.01300	0.00975	0.00975	0.00325	0.01517	0.00758	0.00433	0.01517
14	0.01250	0.00893	0.01191	0.01429	0.01488	0.00834	0.00953	0.01429	0.01965	0.02620	0.05656	0.63265	0.06787	0.03215	0.01310	0.00417	0.00595	0.02917	0.00953	0.00834
15	0.02235	0.20609	0.44867	0.02623	0.03975	0.02816	0.03266	0.03204	0.02146	0.03034	0.01734	0.02032	0.01304	0.00950	0.00893	0.00298	0.01408	0.00704	0.00435	0.01465
16	0.02536	0.02181	0.03658	0.23400	0.36537	0.02304	0.02906	0.03150	0.02301	0.08101	0.02089	0.02689	0.01627	0.00982	0.01021	0.00318	0.01235	0.00924	0.00561	0.01482
17	0.71184	0.01985	0.01508	0.01350	0.01985	0.02302	0.01111	0.03017	0.01746	0.04604	0.01429	0.01667	0.01111	0.00953	0.00635	0.00318	0.00794	0.00556	0.00635	0.01111
18	0.02058	0.05308	0.58618	0.02925	0.04442	0.02383	0.03792	0.03250	0.02167	0.03250	0.01842	0.02167	0.01300	0.00975	0.00975	0.00325	0.01517	0.00758	0.00433	0.01517
19	0.02540	0.02438	0.04165	0.06299	0.57533	0.02438	0.03149	0.03149	0.02337	0.03353	0.01930	0.02540	0.01626	0.00914	0.01016	0.00305	0.01219	0.00914	0.00508	0.01626
20	0.61820	0.01951	0.01631	0.01417	0.02074	0.02190	0.01167	0.03296	0.01914	0.12148	0.01797	0.01924	0.01312	0.00997	0.00691	0.00318	0.00805	0.00623	0.00724	0.01201
21	0.13369	0.01411	0.01668	0.01534	0.01859	0.01444	0.04666	0.02271	0.06788	0.03017	0.04737	0.10747	0.14353	0.21618	0.02394	0.00562	0.00864	0.04988	0.00771	0.00938
22	0.59930	0.01944	0.01656	0.01430	0.02092	0.02168	0.01178	0.03352	0.01948	0.13671	0.01872	0.01976	0.01353	0.01006	0.00702	0.00318	0.00807	0.00636	0.00742	0.01219

[dist]
# distance from previous block
# <min> <max>
0	2

[block]
# block no. 1 follows, 14 sequences, length 12
# corresponding to MSA columns:
# 60-71
name=unknown_B
#
# <colnr> <probs for GDERKNQSTAVLIFYWHMCP>
#	G	D	E	R	K	N	Q	S	T	A	V	L	I	F	Y	W	H	M	C	P
0	0.02823	0.33301	0.03893	0.01812	0.02597	0.03135	0.01614	0.15767	0.02729	0.03541	0.01923	0.02411	0.01687	0.06981	0.01204	0.00306	0.01044	0.00743	0.00631	0.11858
1	0.43199	0.01990	0.01930	0.01616	0.02210	0.02221	0.01327	0.02822	0.01808	0.03946	0.01509	0.01874	0.01248	0.01048	0.01124	0.00300	0.11072	0.00626	0.00597	0.17533
2	0.02205	0.01941	0.02362	0.02133	0.02468	0.02387	0.01697	0.03800	0.28581	0.03357	0.03106	0.03478	0.02540	0.03058	0.16223	0.00696	0.16795	0.01079	0.00771	0.01322
3	0.01462	0.00981	0.01242	0.01281	0.01462	0.00921	0.00921	0.01844	0.02465	0.03568	0.30876	0.25551	0.07534	0.02319	0.01161	0.00340	0.00520	0.02059	0.12572	0.00921
4	0.03901	0.02874	0.03080	0.02361	0.03182	0.03182	0.01951	0.54111	0.04825	0.06468	0.02464	0.02464	0.01745	0.01232	0.01027	0.00308	0.01129	0.00924	0.01027	0.01745
5	0.01430	0.01065	0.01572	0.01612	0.01775	0.01207	0.01227	0.01765	0.01702	0.02422	0.03237	0.13977	0.03274	0.06944	0.50036	0.01442	0.02387	0.01405	0.00617	0.00902
6	0.71184	0.01985	0.01508	0.01350	0.01985	0.02302	0.01111	0.03017	0.01746	0.04604	0.01429	0.01667	0.01111	0.00953	0.00635	0.00318	0.00794	0.00556	0.00635	0.01111
7	0.01452	0.01037	0.01422	0.01659	0.01807	0.01007	0.01302	0.01777	0.02163	0.02845	0.05545	0.37481	0.06348	0.03025	0.01364	0.00445	0.00770	0.26716	0.00949	0.00889
8	0.03473	0.15534	0.19640	0.02137	0.03162	0.02285	0.02235	0.04092	0.02536	0.30642	0.02864	0.02726	0.01925	0.01103	0.00939	0.00300	0.01109	0.00853	0.00854	0.01591
9	0.02866	0.52250	0.04832	0.01893	0.02704	0.10964	0.01774	0.03385	0.06307	0.02571	0.01658	0.01840	0.01457	0.00940	0.00722	0.00235	0.01170	0.00610	0.00497	0.01325
10	0.06905	0.12462	0.02787	0.01770	0.02536	0.02202	0.01480	0.13045	0.02779	0.15615	0.02704	0.08227	0.02230	0.01226	0.00899	0.00264	0.00898	0.00968	0.00837	0.20165
11	0.02548	0.47642	0.20574	0.02090	0.03150	0.03582	0.02337	0.03123	0.02108	0.02653	0.01545	0.01795	0.01312	0.00906	0.00749	0.00250	0.01217	0.00609	0.00437	0.01374

[dist]
# distance from previous block
# <min> <max>
0	1

[block]
# block no. 2 follows, 14 sequences, length 52
# corresponding to MSA columns:
# 73-124
name=unknown_C
#
# <colnr> <probs for GDERKNQSTAVLIFYWHMCP>
#	G	D	E	R	K	N	Q	S	T	A	V	L	I	F	Y	W	H	M	C	P
0	0.02889	0.56587	0.05048	0.01874	0.02706	0.11504	0.01786	0.03210	0.02195	0.02427	0.01448	0.01673	0.01318	0.00902	0.00694	0.00225	0.01198	0.00564	0.00451	0.01300
1	0.01912	0.15110	0.06985	0.01532	0.02048	0.01743	0.01366	0.02307	0.02364	0.06934	0.16323	0.16335	0.17229	0.02004	0.01078	0.00323	0.00759	0.01691	0.00859	0.01096
2	0.02024	0.20322	0.03020	0.01927	0.02265	0.02432	0.01658	0.02334	0.01967	0.02597	0.03123	0.15342	0.03379	0.02496	0.06567	0.00481	0.14917	0.11427	0.00649	0.01074
3	0.01567	0.01119	0.01554	0.01791	0.01989	0.01106	0.01503	0.01976	0.02277	0.02974	0.05481	0.22716	0.06096	0.02917	0.01394	0.00460	0.00870	0.40344	0.00947	0.00921
4	0.01941	0.01784	0.02819	0.44325	0.09220	0.02117	0.02486	0.02758	0.06551	0.02926	0.06624	0.03677	0.06092	0.01238	0.01053	0.00339	0.01188	0.01090	0.00592	0.01180
5	0.03319	0.03260	0.02719	0.02381	0.02816	0.28416	0.01869	0.06738	0.02597	0.11059	0.02116	0.02504	0.01701	0.02134	0.09305	0.00497	0.13813	0.00839	0.00658	0.01258
6	0.01783	0.00891	0.01337	0.01337	0.01337	0.00891	0.00891	0.01337	0.01337	0.01783	0.01783	0.03119	0.01783	0.03565	0.04011	0.70143	0.00891	0.00891	0.00446	0.00446
7	0.02907	0.02948	0.02483	0.02242	0.02808	0.18409	0.01724	0.05078	0.41067	0.03800	0.03459	0.03281	0.02631	0.01300	0.01011	0.00325	0.01100	0.01022	0.00901	0.01504
8	0.71184	0.01985	0.01508	0.01350	0.01985	0.02302	0.01111	0.03017	0.01746	0.04604	0.01429	0.01667	0.01111	0.00953	0.00635	0.00318	0.00794	0.00556	0.00635	0.01111
9	0.02553	0.02204	0.02320	0.02088	0.02669	0.02553	0.01624	0.05453	0.55679	0.04293	0.04177	0.03829	0.03133	0.01392	0.01044	0.00348	0.00812	0.01160	0.01044	0.01624
10	0.01213	0.01040	0.01040	0.01040	0.01386	0.00866	0.00780	0.01473	0.02339	0.02772	0.10396	0.09876	0.57117	0.02599	0.01213	0.00347	0.00520	0.02166	0.00953	0.00866
11	0.01224	0.00996	0.01085	0.01156	0.01417	0.00857	0.00831	0.01460	0.02227	0.02727	0.08978	0.25849	0.42059	0.02783	0.01242	0.00368	0.00542	0.02391	0.00953	0.00857
12	0.71184	0.01985	0.01508	0.01350	0.01985	0.02302	0.01111	0.03017	0.01746	0.04604	0.01429	0.01667	0.01111	0.00953	0.00635	0.00318	0.00794	0.00556	0.00635	0.01111
13	0.02128	0.01824	0.02128	0.01520	0.02432	0.01368	0.01216	0.02584	0.02128	0.03344	0.01824	0.02128	0.01520	0.00760	0.00760	0.00152	0.00760	0.00608	0.00608	0.70208
14	0.07139	0.02259	0.02277	0.01861	0.02577	0.09965	0.01506	0.07678	0.02659	0.15889	0.02803	0.03658	0.02302	0.01246	0.00948	0.00271	0.01000	0.07413	0.00828	0.25722
15	0.24019	0.03602	0.02916	0.02459	0.03106	0.31233	0.08636	0.06796	0.02612	0.03496	0.01659	0.01956	0.01316	0.01011	0.00882	0.00294	0.01470	0.00719	0.00591	0.01227
16	0.02821	0.02338	0.02472	0.02143	0.02771	0.02678	0.01689	0.15147	0.45547	0.04726	0.03836	0.03557	0.02856	0.01360	0.01041	0.00340	0.00875	0.01113	0.01041	0.01648
17	0.02421	0.01675	0.01982	0.01660	0.02195	0.01646	0.01306	0.09930	0.11797	0.10572	0.26963	0.05062	0.05546	0.01578	0.01073	0.00300	0.00709	0.01343	0.01043	0.11199
18	0.01868	0.01689	0.02330	0.02119	0.02154	0.02204	0.01670	0.02072	0.01636	0.02414	0.02519	0.13234	0.02753	0.11730	0.10836	0.00682	0.35200	0.01345	0.00571	0.00975
19	0.02554	0.48147	0.20120	0.02080	0.03134	0.03596	0.02320	0.03122	0.02108	0.02646	0.01542	0.01790	0.01312	0.00905	0.00746	0.00249	0.01214	0.00607	0.00437	0.01372
20	0.37913	0.02394	0.02355	0.02027	0.02641	0.09892	0.07426	0.06741	0.02304	0.04055	0.02263	0.03517	0.02031	0.01289	0.00898	0.00339	0.01092	0.08967	0.00687	0.01171
21	0.01938	0.01824	0.03078	0.61468	0.07068	0.02280	0.02850	0.02622	0.02052	0.02622	0.01824	0.02736	0.01368	0.01026	0.01026	0.00342	0.01368	0.00912	0.00456	0.01140
22	0.01253	0.01041	0.01095	0.01081	0.01410	0.00883	0.00811	0.01550	0.02433	0.02995	0.18116	0.09510	0.49258	0.02516	0.01212	0.00343	0.00514	0.02114	0.00982	0.00883
23	0.01430	0.01065	0.01573	0.01613	0.01776	0.01208	0.01228	0.01766	0.01702	0.02422	0.03230	0.13845	0.03265	0.06954	0.50167	0.01445	0.02392	0.01401	0.00616	0.00903
24	0.06978	0.03234	0.11992	0.02355	0.03197	0.07647	0.02132	0.26640	0.16573	0.04961	0.02651	0.02655	0.01942	0.01199	0.00992	0.00317	0.01158	0.00912	0.00869	0.01595
25	0.01250	0.00893	0.01191	0.01429	0.01488	0.00834	0.00953	0.01429	0.01965	0.02620	0.05656	0.63265	0.06787	0.03215	0.01310	0.00417	0.00595	0.02917	0.00953	0.00834
26	0.02694	0.02348	0.03993	0.15735	0.31473	0.02414	0.10121	0.07404	0.02550	0.08053	0.02152	0.02683	0.01653	0.00984	0.01048	0.00319	0.01284	0.00967	0.00606	0.01519
27	0.01216	0.01027	0.01052	0.01073	0.01395	0.00864	0.00794	0.01469	0.02307	0.02759	0.09994	0.14402	0.52851	0.02651	0.01221	0.00352	0.00526	0.02230	0.00953	0.00864
28	0.02048	0.03391	0.27356	0.02556	0.03310	0.02421	0.02703	0.02953	0.06435	0.02954	0.02059	0.02667	0.01698	0.02463	0.12310	0.00602	0.19367	0.00895	0.00511	0.01302
29	0.02272	0.01062	0.01147	0.01073	0.01386	0.01030	0.00823	0.02740	0.02257	0.11091	0.03441	0.03781	0.02618	0.01206	0.00759	0.00250	0.00531	0.00967	0.60505	0.01062
30	0.43333	0.27445	0.03083	0.01515	0.02249	0.03018	0.01374	0.03039	0.01884	0.03713	0.01428	0.01659	0.01195	0.00922	0.00645	0.00278	0.00917	0.00553	0.00555	0.01195
31	0.02080	0.07703	0.32681	0.02343	0.03378	0.02123	0.02643	0.07024	0.02335	0.03329	0.02729	0.15989	0.02600	0.01479	0.01016	0.00323	0.01184	0.01235	0.00616	0.07191
32	0.12364	0.08204	0.03316	0.11162	0.03758	0.16349	0.08037	0.13290	0.02872	0.08317	0.02020	0.02304	0.01512	0.01052	0.00941	0.00302	0.01339	0.00821	0.00682	0.01359
33	0.01466	0.01100	0.01649	0.01649	0.01833	0.01283	0.01283	0.01833	0.01649	0.02382	0.02749	0.04032	0.02566	0.07697	0.59868	0.01649	0.02749	0.01100	0.00550	0.00916
34	0.02128	0.01824	0.02128	0.01520	0.02432	0.01368	0.01216	0.02584	0.02128	0.03344	0.01824	0.02128	0.01520	0.00760	0.00760	0.00152	0.00760	0.00608	0.00608	0.70208
35	0.02178	0.19737	0.37551	0.02491	0.03675	0.02647	0.02991	0.03055	0.02172	0.03015	0.02216	0.03291	0.01919	0.01199	0.00954	0.00318	0.01334	0.07363	0.00503	0.01390
36	0.02339	0.02206	0.04253	0.23887	0.09902	0.02269	0.24334	0.03037	0.02292	0.06991	0.02374	0.07089	0.01940	0.01121	0.01125	0.00344	0.01419	0.01191	0.00581	0.01307
37	0.02485	0.01813	0.02165	0.01564	0.02459	0.01388	0.01258	0.02933	0.02245	0.11263	0.02145	0.02325	0.01667	0.00834	0.00799	0.00176	0.00776	0.00669	0.00704	0.60333
38	0.02128	0.01824	0.02128	0.01520	0.02432	0.01368	0.01216	0.02584	0.02128	0.03344	0.01824	0.02128	0.01520	0.00760	0.00760	0.00152	0.00760	0.00608	0.00608	0.70208
39	0.02464	0.02762	0.12880	0.06985	0.21251	0.02286	0.12049	0.03486	0.09475	0.07341	0.02992	0.03292	0.05756	0.01130	0.01064	0.00327	0.01241	0.01073	0.00653	0.01493
40	0.01460	0.01069	0.01389	0.01410	0.01651	0.00998	0.01105	0.01898	0.02660	0.03635	0.36805	0.12124	0.13933	0.02391	0.01264	0.00366	0.00601	0.13239	0.01057	0.00943
41	0.02061	0.01690	0.02624	0.28061	0.12043	0.01933	0.02157	0.02700	0.09044	0.02705	0.02141	0.02966	0.01762	0.01801	0.01899	0.20730	0.01133	0.00939	0.00539	0.01071
42	0.01492	0.00995	0.01119	0.01119	0.01119	0.00995	0.00622	0.01492	0.01492	0.01990	0.03233	0.06716	0.03731	0.63935	0.05223	0.00995	0.00995	0.01492	0.00622	0.00622
43	0.02266	0.02295	0.06755	0.20750	0.21106	0.02258	0.05607	0.07241	0.05575	0.03371	0.03209	0.03635	0.09033	0.01227	0.01057	0.00328	0.01187	0.01104	0.00624	0.01372
44	0.03105	0.02479	0.02632	0.02200	0.02879	0.02811	0.01758	0.25404	0.34828	0.05184	0.03474	0.03269	0.02564	0.01327	0.01037	0.00332	0.00942	0.01063	0.01037	0.01674
45	0.02108	0.01998	0.03386	0.45862	0.21344	0.02325	0.02935	0.02771	0.02133	0.02829	0.01854	0.02681	0.01441	0.00994	0.01023	0.00331	0.01326	0.00913	0.00471	0.01277
46	0.01343	0.01045	0.01221	0.01177	0.01466	0.00922	0.00882	0.01725	0.02647	0.03504	0.35786	0.08672	0.31270	0.02326	0.01211	0.00334	0.00500	0.01997	0.01049	0.00922
47	0.03667	0.04641	0.03279	0.02842	0.03431	0.53071	0.08090	0.04002	0.02851	0.02603	0.01644	0.01959	0.01350	0.01035	0.00959	0.00274	0.01836	0.00726	0.00528	0.01213
48	0.01381	0.00987	0.01341	0.01579	0.01696	0.00946	0.01180	0.01655	0.02094	0.02766	0.05584	0.46479	0.06501	0.03092	0.01345	0.00435	0.00709	0.18410	0.00950	0.00870
49	0.11161	0.02058	0.02298	0.01755	0.02574	0.01933	0.01425	0.13307	0.06110	0.14084	0.02451	0.02492	0.01801	0.01007	0.00864	0.00244	0.00860	0.00775	0.00840	0.31963
50	0.02109	0.01219	0.01267	0.01171	0.01448	0.01260	0.00866	0.09147	0.02400	0.03874	0.03211	0.04123	0.02694	0.11595	0.01505	0.00374	0.00651	0.01041	0.49039	0.01006
51	0.01500	0.01036	0.01296	0.01231	0.01479	0.00961	0.00924	0.01970	0.02771	0.03996	0.47049	0.07285	0.11573	0.02007	0.01145	0.00313	0.00485	0.01754	0.10265	0.00961

[dist]
# distance from previous block
# <min> <max>
1	3

[block]
# block no. 3 follows, 14 sequences, length 50
# corresponding to MSA columns:
# 128-177
name=unknown_D
#
# <colnr> <probs for GDERKNQSTAVLIFYWHMCP>
#	G	D	E	R	K	N	Q	S	T	A	V	L	I	F	Y	W	H	M	C	P
0	0.08215	0.15044	0.03241	0.24670	0.04329	0.07502	0.02062	0.06520	0.02317	0.03132	0.01734	0.02224	0.01385	0.00961	0.00864	0.00273	0.01185	0.00735	0.00540	0.13068
1	0.02968	0.34403	0.04043	0.02015	0.02704	0.09576	0.01783	0.03730	0.11456	0.08441	0.02178	0.02295	0.01758	0.01121	0.01072	0.00280	0.07406	0.00752	0.00639	0.01380
2	0.71184	0.01985	0.01508	0.01350	0.01985	0.02302	0.01111	0.03017	0.01746	0.04604	0.01429	0.01667	0.01111	0.00953	0.00635	0.00318	0.00794	0.00556	0.00635	0.01111
3	0.02079	0.02033	0.06176	0.29865	0.10686	0.02099	0.02375	0.06411	0.06846	0.03318	0.08534	0.09458	0.03032	0.01396	0.01072	0.00340	0.01121	0.01232	0.00675	0.01250
4	0.01387	0.01046	0.01282	0.01223	0.01493	0.00941	0.00917	0.01811	0.02751	0.03751	0.44350	0.08265	0.22552	0.02234	0.01211	0.00329	0.00494	0.01940	0.01082	0.00941
5	0.02786	0.52355	0.10545	0.01967	0.02874	0.09649	0.01987	0.03197	0.02178	0.02510	0.01485	0.01720	0.01316	0.00906	0.00718	0.00235	0.01218	0.00582	0.00448	0.01324
6	0.01969	0.01626	0.02019	0.07650	0.02685	0.01420	0.01353	0.05358	0.02236	0.03255	0.02937	0.19351	0.02995	0.01504	0.00957	0.00255	0.00798	0.01305	0.00714	0.39612
7	0.10489	0.02050	0.02795	0.17116	0.13804	0.02215	0.02122	0.09224	0.07960	0.14193	0.05841	0.03099	0.02327	0.01167	0.00995	0.00323	0.01048	0.00978	0.00803	0.01447
8	0.07309	0.02374	0.03126	0.03700	0.23687	0.05754	0.02255	0.08831	0.07099	0.14089	0.02656	0.03158	0.02082	0.01224	0.01181	0.00328	0.05423	0.03416	0.00777	0.01533
9	0.01392	0.00978	0.01156	0.01212	0.01292	0.00934	0.00765	0.01519	0.01860	0.02467	0.10239	0.22504	0.11098	0.34271	0.03302	0.00697	0.00781	0.01991	0.00801	0.00742
10	0.21711	0.01953	0.02102	0.01697	0.02358	0.01988	0.01370	0.06096	0.05373	0.06439	0.02139	0.05243	0.01808	0.01142	0.01086	0.00274	0.07532	0.00813	0.00699	0.28180
11	0.01765	0.01191	0.01531	0.01462	0.01768	0.01134	0.01148	0.02380	0.06077	0.07732	0.39380	0.07866	0.10525	0.02138	0.01221	0.00349	0.00608	0.09573	0.01096	0.01056
12	0.02005	0.01213	0.01566	0.01617	0.01877	0.01174	0.01194	0.02553	0.08130	0.12275	0.05197	0.41205	0.05571	0.02644	0.01244	0.00398	0.00703	0.07331	0.01016	0.01087
13	0.25725	0.02080	0.02817	0.12273	0.03604	0.02226	0.10462	0.08488	0.02447	0.13030	0.02259	0.02548	0.01622	0.01046	0.00910	0.00321	0.01079	0.00868	0.04873	0.01322
14	0.10778	0.02577	0.02964	0.09005	0.03468	0.11664	0.07230	0.06834	0.07951	0.15354	0.02465	0.02671	0.01806	0.01212	0.01300	0.00335	0.09324	0.00913	0.00764	0.01385
15	0.01783	0.00891	0.01337	0.01337	0.01337	0.00891	0.00891	0.01337	0.01337	0.01783	0.01783	0.03119	0.01783	0.03565	0.04011	0.70143	0.00891	0.00891	0.00446	0.00446
16	0.02680	0.02828	0.03339	0.21007	0.23574	0.16316	0.02610	0.03481	0.08311	0.03040	0.02065	0.02573	0.01644	0.01035	0.01000	0.00311	0.01370	0.00880	0.00557	0.01378
17	0.01959	0.01824	0.02973	0.54817	0.06554	0.02179	0.02669	0.02618	0.02060	0.02702	0.01824	0.02669	0.01385	0.00996	0.00996	0.00321	0.01301	0.00878	0.00473	0.08803
18	0.10657	0.03761	0.18491	0.02785	0.03762	0.12360	0.11214	0.17415	0.03023	0.04171	0.01964	0.02242	0.01449	0.01039	0.00983	0.00313	0.01422	0.00842	0.00650	0.01456
19	0.02426	0.02630	0.02236	0.02103	0.02406	0.23786	0.01619	0.02744	0.02125	0.02438	0.02205	0.03071	0.02004	0.04741	0.33332	0.01035	0.06612	0.00918	0.00535	0.01035
20	0.02931	0.02392	0.02533	0.02165	0.02813	0.02729	0.01716	0.19095	0.41422	0.04903	0.03697	0.03446	0.02744	0.01347	0.01039	0.00337	0.00901	0.01094	0.01039	0.01658
21	0.01330	0.01034	0.01230	0.01352	0.01593	0.00934	0.01039	0.01619	0.02243	0.02803	0.07903	0.24812	0.31009	0.02824	0.01289	0.00396	0.00643	0.14120	0.00951	0.00876
22	0.02263	0.05038	0.52456	0.02862	0.04302	0.02472	0.03587	0.08893	0.02462	0.03607	0.01911	0.02200	0.01349	0.01003	0.00981	0.00323	0.01474	0.00777	0.00499	0.01542
23	0.02618	0.32593	0.04588	0.02396	0.03217	0.03294	0.12635	0.03843	0.18486	0.03170	0.02401	0.02547	0.01921	0.01032	0.00892	0.00285	0.01143	0.00874	0.00640	0.01425
24	0.02001	0.01132	0.01471	0.01370	0.01676	0.01037	0.01032	0.02420	0.02681	0.13013	0.34244	0.15574	0.07286	0.02047	0.01146	0.00329	0.00567	0.01797	0.08101	0.01077
25	0.01250	0.00893	0.01191	0.01429	0.01488	0.00834	0.00953	0.01429	0.01965	0.02620	0.05656	0.63265	0.06787	0.03215	0.01310	0.00417	0.00595	0.02917	0.00953	0.00834
26	0.10579	0.03115	0.02392	0.02165	0.02711	0.23875	0.01661	0.04459	0.26680	0.03649	0.06154	0.03084	0.02633	0.01262	0.00965	0.00312	0.01179	0.00949	0.00811	0.01364
27	0.03222	0.03695	0.31387	0.02447	0.03615	0.02131	0.02729	0.09173	0.02736	0.24601	0.02749	0.02704	0.01820	0.01114	0.01002	0.00320	0.01231	0.00880	0.00814	0.01628
28	0.01275	0.00958	0.01182	0.01304	0.01469	0.00865	0.00910	0.01526	0.02222	0.02913	0.15588	0.39928	0.20398	0.02865	0.01268	0.00383	0.00557	0.02542	0.00983	0.00865
29	0.01744	0.01439	0.02293	0.32334	0.04396	0.01723	0.01975	0.02150	0.01807	0.02400	0.02227	0.03569	0.01998	0.10078	0.17761	0.07980	0.01652	0.01025	0.00499	0.00950
30	0.02191	0.02193	0.02934	0.32846	0.04936	0.08354	0.02469	0.02681	0.02037	0.02614	0.02033	0.03407	0.01820	0.01429	0.01712	0.00377	0.18390	0.05945	0.00511	0.01120
31	0.02834	0.23059	0.13407	0.01922	0.02725	0.02377	0.01894	0.03309	0.02314	0.18262	0.03105	0.14900	0.02779	0.01485	0.00955	0.00307	0.01008	0.01208	0.00776	0.01375
32	0.01616	0.01169	0.01601	0.01817	0.02063	0.01154	0.01579	0.02070	0.02360	0.03045	0.05860	0.11430	0.10309	0.02815	0.01400	0.00462	0.00908	0.46459	0.00946	0.00938
33	0.03476	0.02033	0.02917	0.02613	0.08551	0.01979	0.07057	0.11590	0.06796	0.27425	0.06812	0.04124	0.02994	0.01377	0.01092	0.00333	0.01012	0.05220	0.01027	0.01573
34	0.03179	0.02373	0.03179	0.19019	0.04284	0.02688	0.05277	0.25431	0.03344	0.11064	0.02340	0.02661	0.01684	0.01214	0.01277	0.00335	0.07406	0.00948	0.00807	0.01491
35	0.02692	0.02066	0.02367	0.01736	0.02619	0.01802	0.01406	0.14826	0.02810	0.07357	0.02107	0.02288	0.01634	0.00901	0.00839	0.00199	0.00853	0.00707	0.00746	0.50045
36	0.02614	0.03181	0.18886	0.02765	0.03597	0.02569	0.10241	0.11683	0.08563	0.07027	0.02482	0.05772	0.01986	0.01330	0.01481	0.00355	0.12270	0.01053	0.00692	0.01453
37	0.03277	0.03621	0.02429	0.02184	0.02663	0.37997	0.01656	0.08687	0.02962	0.03298	0.06769	0.02782	0.02328	0.01191	0.00921	0.00269	0.01403	0.00846	0.13535	0.01184
38	0.01975	0.01862	0.03146	0.58034	0.10209	0.02290	0.02869	0.02655	0.02070	0.02667	0.01831	0.02724	0.01384	0.01019	0.01025	0.00340	0.01359	0.00912	0.00459	0.01170
39	0.02339	0.02233	0.03803	0.24698	0.40703	0.02385	0.03050	0.02974	0.02242	0.03109	0.01895	0.02605	0.01540	0.00952	0.01019	0.00317	0.01269	0.00914	0.00491	0.01464
40	0.01912	0.01061	0.01426	0.01507	0.01711	0.00967	0.01062	0.02133	0.02156	0.13586	0.05339	0.51481	0.05950	0.02832	0.01255	0.00397	0.00650	0.02546	0.01015	0.01014
41	0.09632	0.01859	0.02173	0.01630	0.02432	0.01611	0.01321	0.02974	0.02167	0.11430	0.02074	0.02288	0.01615	0.00928	0.00972	0.00214	0.05128	0.00685	0.00696	0.48172
42	0.02422	0.02768	0.06055	0.04325	0.05363	0.02595	0.53806	0.03287	0.02422	0.03287	0.02076	0.02768	0.01557	0.00865	0.01211	0.00346	0.01730	0.01211	0.00519	0.01384
43	0.02128	0.01824	0.02128	0.01520	0.02432	0.01368	0.01216	0.02584	0.02128	0.03344	0.01824	0.02128	0.01520	0.00760	0.00760	0.00152	0.00760	0.00608	0.00608	0.70208
44	0.02327	0.02204	0.08417	0.01701	0.02671	0.01492	0.01526	0.02860	0.02200	0.07914	0.02012	0.02246	0.01581	0.00826	0.00807	0.00185	0.00853	0.00660	0.00644	0.56875
45	0.02058	0.05308	0.58618	0.02925	0.04442	0.02383	0.03792	0.03250	0.02167	0.03250	0.01842	0.02167	0.01300	0.00975	0.00975	0.00325	0.01517	0.00758	0.00433	0.01517
46	0.53190	0.02478	0.01819	0.01635	0.02248	0.11639	0.01305	0.03443	0.07506	0.04233	0.01738	0.01920	0.01354	0.01015	0.00724	0.00312	0.00967	0.00635	0.00660	0.01177
47	0.03750	0.02277	0.02608	0.02091	0.02831	0.02404	0.01698	0.22339	0.19226	0.24120	0.03531	0.03232	0.02437	0.01293	0.01034	0.00323	0.00945	0.01032	0.01118	0.01710
48	0.02243	0.02421	0.08666	0.12171	0.03526	0.04867	0.02053	0.03483	0.17211	0.03345	0.02856	0.03790	0.02404	0.01332	0.01177	0.00322	0.05383	0.06577	0.00709	0.15466
49	0.01665	0.08057	0.07704	0.01658	0.02003	0.01610	0.01423	0.02020	0.01708	0.02376	0.02641	0.04264	0.02598	0.20316	0.34142	0.01204	0.02016	0.01106	0.00544	0.00945

[dist]
# distance from previous block
# <min> <max>
0	4

# created by:
# /st0/software/busco_prod/Augustus/scripts/msa2prfl.pl ./align_prep/7276.fa
