[name]
unknown

[dist]
# distance from previous block
# <min> <max>
0	37

[block]
# block no. 0 follows, 12 sequences, length 23
# corresponding to MSA columns:
# 37-59
name=unknown_A
#
# <colnr> <probs for GDERKNQSTAVLIFYWHMCP>
#	G	D	E	R	K	N	Q	S	T	A	V	L	I	F	Y	W	H	M	C	P
0	0.16100	0.01931	0.02116	0.01769	0.02496	0.01819	0.01465	0.07986	0.02548	0.04118	0.02841	0.04594	0.02664	0.01430	0.00978	0.00297	0.00904	0.11859	0.00786	0.31302
1	0.20898	0.02313	0.02726	0.07238	0.09461	0.02421	0.01901	0.14988	0.03017	0.14260	0.02440	0.02592	0.01758	0.01125	0.00950	0.00316	0.01046	0.00861	0.00863	0.08823
2	0.01458	0.01106	0.01352	0.01370	0.01638	0.01000	0.01038	0.01855	0.02712	0.03607	0.29538	0.15757	0.23653	0.02625	0.01322	0.00380	0.00592	0.06927	0.01097	0.00974
3	0.01754	0.01432	0.01922	0.01850	0.02021	0.01695	0.01415	0.02267	0.06064	0.02728	0.03748	0.11550	0.06578	0.11418	0.27377	0.01094	0.11871	0.01490	0.00698	0.01026
4	0.04297	0.02811	0.03122	0.02393	0.03260	0.03020	0.01977	0.41913	0.04719	0.16777	0.02960	0.02840	0.02026	0.01317	0.01092	0.00329	0.01145	0.01005	0.01143	0.01855
5	0.01417	0.01017	0.01344	0.01458	0.01601	0.00944	0.01019	0.01740	0.02498	0.03436	0.25851	0.39267	0.08476	0.02928	0.01348	0.00402	0.00584	0.02636	0.01089	0.00944
6	0.01786	0.01018	0.01527	0.01527	0.01589	0.01080	0.01080	0.01589	0.01527	0.02098	0.02222	0.03625	0.02160	0.05193	0.21253	0.46989	0.01579	0.01018	0.00509	0.00633
7	0.01396	0.01090	0.01266	0.01263	0.01549	0.00960	0.00932	0.01758	0.02679	0.03501	0.27874	0.15690	0.30888	0.02626	0.01300	0.00367	0.00547	0.02266	0.01088	0.00960
8	0.01397	0.01109	0.01255	0.01218	0.01539	0.00967	0.00914	0.01774	0.02741	0.03552	0.29429	0.09495	0.35675	0.02535	0.01288	0.00357	0.00536	0.02161	0.01092	0.00967
9	0.16791	0.04595	0.02800	0.02541	0.03125	0.46621	0.01926	0.04130	0.02850	0.03102	0.01653	0.01928	0.01361	0.01102	0.00923	0.00292	0.01748	0.00680	0.00584	0.01248
10	0.02574	0.02464	0.04201	0.16891	0.45654	0.02558	0.03284	0.03237	0.02424	0.03411	0.02029	0.02739	0.01674	0.00995	0.01082	0.00332	0.01326	0.00971	0.00529	0.01627
11	0.04131	0.03471	0.03237	0.02567	0.03379	0.13882	0.02079	0.42112	0.04730	0.06053	0.02436	0.02491	0.01767	0.01273	0.01070	0.00318	0.01349	0.00927	0.00988	0.01739
12	0.69383	0.02109	0.01603	0.01434	0.02109	0.02446	0.01181	0.03205	0.01856	0.04892	0.01518	0.01771	0.01181	0.01012	0.00675	0.00337	0.00843	0.00590	0.00675	0.01181
13	0.69383	0.02109	0.01603	0.01434	0.02109	0.02446	0.01181	0.03205	0.01856	0.04892	0.01518	0.01771	0.01181	0.01012	0.00675	0.00337	0.00843	0.00590	0.00675	0.01181
14	0.01328	0.00949	0.01265	0.01518	0.01581	0.00886	0.01012	0.01518	0.02088	0.02783	0.06010	0.60969	0.07212	0.03416	0.01392	0.00443	0.00633	0.03100	0.01012	0.00886
15	0.01357	0.01077	0.01219	0.01248	0.01531	0.00939	0.00912	0.01672	0.02550	0.03251	0.20297	0.19767	0.34798	0.02763	0.01308	0.00377	0.00559	0.02379	0.01057	0.00939
16	0.01565	0.01139	0.01603	0.01603	0.01746	0.01282	0.01176	0.01851	0.01708	0.02420	0.03057	0.05041	0.03055	0.22395	0.43592	0.01568	0.02425	0.01279	0.00604	0.00890
17	0.03155	0.02973	0.03090	0.08094	0.03481	0.13600	0.02183	0.18424	0.03110	0.03994	0.02071	0.02634	0.01704	0.02164	0.07870	0.00518	0.17898	0.00938	0.00702	0.01396
18	0.02312	0.07995	0.03814	0.39645	0.19572	0.02651	0.02999	0.02981	0.02264	0.02970	0.01927	0.02739	0.01521	0.01043	0.01049	0.00340	0.01384	0.00932	0.00497	0.01366
19	0.03238	0.28698	0.08217	0.02063	0.02903	0.08923	0.01922	0.03889	0.06361	0.13848	0.07502	0.03015	0.02674	0.01214	0.00927	0.00290	0.01154	0.00903	0.00777	0.01484
20	0.01546	0.01075	0.01356	0.01387	0.01449	0.01122	0.00900	0.01679	0.01693	0.02313	0.03604	0.12889	0.04012	0.39589	0.19568	0.01177	0.01528	0.01653	0.00682	0.00776
21	0.02946	0.06890	0.02618	0.08811	0.03041	0.02163	0.01678	0.11718	0.08798	0.13019	0.11852	0.04047	0.03599	0.01691	0.01404	0.07355	0.00957	0.01165	0.04859	0.01389
22	0.02752	0.13893	0.23078	0.02859	0.04009	0.02766	0.12114	0.08615	0.02730	0.07979	0.02936	0.03150	0.05918	0.01192	0.01059	0.00330	0.01391	0.01026	0.00666	0.01538

[dist]
# distance from previous block
# <min> <max>
0	8

[block]
# block no. 1 follows, 12 sequences, length 23
# corresponding to MSA columns:
# 68-90
name=unknown_B
#
# <colnr> <probs for GDERKNQSTAVLIFYWHMCP>
#	G	D	E	R	K	N	Q	S	T	A	V	L	I	F	Y	W	H	M	C	P
0	0.02677	0.01445	0.01947	0.02012	0.06091	0.01302	0.01420	0.03028	0.02595	0.20904	0.06202	0.21502	0.15461	0.02346	0.01256	0.00387	0.00801	0.06234	0.01090	0.01298
1	0.03407	0.02181	0.02449	0.01909	0.02743	0.05876	0.01550	0.06995	0.02836	0.21880	0.03078	0.03522	0.02343	0.01220	0.00993	0.00269	0.00979	0.04347	0.00942	0.30481
2	0.02459	0.02171	0.02878	0.20825	0.04355	0.02426	0.02164	0.07747	0.10299	0.03631	0.02316	0.02806	0.01824	0.01214	0.01383	0.00322	0.09767	0.00920	0.00682	0.19810
3	0.01622	0.01454	0.01416	0.01427	0.01715	0.06208	0.01041	0.01939	0.02602	0.03243	0.19959	0.20744	0.27414	0.02625	0.01283	0.00371	0.00693	0.02253	0.01018	0.00972
4	0.02821	0.41269	0.19427	0.02298	0.03385	0.08771	0.02488	0.03419	0.02321	0.02821	0.01654	0.01923	0.01395	0.00979	0.00819	0.00269	0.01364	0.00656	0.00474	0.01445
5	0.02423	0.01598	0.01872	0.01727	0.02110	0.01659	0.01271	0.03618	0.19168	0.11634	0.11835	0.14393	0.05014	0.14216	0.02089	0.00513	0.00824	0.01693	0.01052	0.01290
6	0.04073	0.05197	0.03090	0.02809	0.03371	0.57303	0.02107	0.04354	0.03090	0.02669	0.01685	0.01966	0.01404	0.01124	0.00983	0.00281	0.01966	0.00702	0.00562	0.01264
7	0.03062	0.40641	0.16186	0.02148	0.03215	0.03507	0.02296	0.03622	0.02374	0.10955	0.02042	0.02173	0.01596	0.01020	0.00834	0.00274	0.01226	0.00711	0.00602	0.01516
8	0.03018	0.02468	0.02956	0.03113	0.13512	0.02722	0.02069	0.16538	0.26460	0.04902	0.03418	0.03420	0.02585	0.01316	0.01071	0.00340	0.01009	0.01098	0.06282	0.01702
9	0.01392	0.00994	0.01338	0.01591	0.01682	0.00940	0.01122	0.01628	0.02150	0.02854	0.05975	0.53775	0.07073	0.03356	0.01409	0.00452	0.00687	0.09668	0.01011	0.00903
10	0.02059	0.01938	0.03270	0.59060	0.07510	0.02422	0.03028	0.02786	0.02180	0.02786	0.01938	0.02907	0.01453	0.01090	0.01090	0.00363	0.01453	0.00969	0.00484	0.01211
11	0.01328	0.00949	0.01265	0.01518	0.01581	0.00886	0.01012	0.01518	0.02088	0.02783	0.06010	0.60969	0.07212	0.03416	0.01392	0.00443	0.00633	0.03100	0.01012	0.00886
12	0.04892	0.01856	0.02530	0.01940	0.02783	0.01603	0.01603	0.05314	0.03121	0.55634	0.04302	0.03711	0.02699	0.01350	0.01096	0.00337	0.00928	0.01096	0.01350	0.01856
13	0.04145	0.03054	0.03272	0.02509	0.03381	0.03381	0.02072	0.51243	0.05127	0.06872	0.02618	0.02618	0.01854	0.01309	0.01091	0.00327	0.01200	0.00982	0.01091	0.01854
14	0.02035	0.01539	0.01772	0.01651	0.02071	0.01523	0.01332	0.12008	0.03170	0.04148	0.18147	0.08732	0.22986	0.02396	0.01295	0.00383	0.00775	0.11813	0.01070	0.01155
15	0.01894	0.00947	0.01420	0.01420	0.01420	0.00947	0.00947	0.01420	0.01420	0.01894	0.01894	0.03314	0.01894	0.03788	0.04261	0.68277	0.00947	0.00947	0.00473	0.00473
16	0.02222	0.02113	0.02899	0.02520	0.02520	0.02872	0.02032	0.02411	0.01653	0.02520	0.01842	0.03359	0.01950	0.14155	0.03982	0.00596	0.47673	0.01084	0.00515	0.01084
17	0.17622	0.02683	0.02821	0.02204	0.03032	0.02927	0.01820	0.34612	0.04160	0.13674	0.02641	0.02606	0.01841	0.01254	0.01006	0.00331	0.01087	0.00918	0.01044	0.01716
18	0.01473	0.01079	0.01414	0.01628	0.01803	0.01020	0.01246	0.01784	0.02294	0.02975	0.06671	0.36475	0.13864	0.03178	0.01416	0.00453	0.00751	0.18535	0.01009	0.00932
19	0.02313	0.02105	0.02864	0.02484	0.02536	0.02864	0.02053	0.02607	0.01796	0.02919	0.01867	0.02730	0.01711	0.01778	0.03001	0.00431	0.47561	0.00967	0.14257	0.01157
20	0.17862	0.01854	0.02262	0.01795	0.02561	0.01734	0.01475	0.04646	0.02859	0.41520	0.07358	0.03635	0.02938	0.01344	0.01024	0.00338	0.00881	0.01056	0.01200	0.01657
21	0.01358	0.01127	0.01201	0.01238	0.01589	0.00970	0.00966	0.01667	0.02489	0.02992	0.10266	0.10760	0.47318	0.02798	0.01321	0.00388	0.00619	0.08988	0.01011	0.00933
22	0.04512	0.02465	0.02908	0.02229	0.03087	0.02507	0.01841	0.28662	0.04140	0.30846	0.03446	0.03155	0.02270	0.01329	0.01094	0.00332	0.01066	0.01038	0.01218	0.01855

[dist]
# distance from previous block
# <min> <max>
6	10

[block]
# block no. 2 follows, 12 sequences, length 37
# corresponding to MSA columns:
# 101-119,127-144
name=unknown_C
#
# <colnr> <probs for GDERKNQSTAVLIFYWHMCP>
#	G	D	E	R	K	N	Q	S	T	A	V	L	I	F	Y	W	H	M	C	P
0	0.02499	0.01554	0.01659	0.01490	0.01883	0.01633	0.01150	0.15488	0.03022	0.04636	0.03656	0.11844	0.03176	0.01589	0.00941	0.00301	0.00712	0.01306	0.40240	0.01223
1	0.03033	0.02220	0.02650	0.10329	0.03485	0.02459	0.01929	0.16887	0.18897	0.09939	0.08499	0.04534	0.03510	0.01561	0.01149	0.00362	0.01023	0.04923	0.01039	0.01574
2	0.69383	0.02109	0.01603	0.01434	0.02109	0.02446	0.01181	0.03205	0.01856	0.04892	0.01518	0.01771	0.01181	0.01012	0.00675	0.00337	0.00843	0.00590	0.00675	0.01181
3	0.01418	0.01756	0.08988	0.01392	0.01939	0.01152	0.01288	0.01836	0.02459	0.03018	0.09741	0.09318	0.46821	0.02514	0.01252	0.00365	0.00704	0.02087	0.00933	0.01020
4	0.02126	0.04530	0.40145	0.03120	0.04427	0.02332	0.11183	0.03182	0.02315	0.03363	0.02579	0.10826	0.02262	0.01359	0.01128	0.00363	0.01508	0.01213	0.00554	0.01484
5	0.02017	0.01506	0.01804	0.01727	0.02080	0.01459	0.01261	0.11495	0.02711	0.03700	0.04757	0.41042	0.05352	0.02626	0.01249	0.00380	0.00769	0.02330	0.00975	0.10760
6	0.01789	0.01292	0.01612	0.01687	0.01900	0.01288	0.01227	0.08769	0.02655	0.03563	0.10167	0.43491	0.06663	0.02966	0.01348	0.00421	0.00733	0.06341	0.01041	0.01048
7	0.02262	0.04992	0.44581	0.03333	0.04757	0.02621	0.11509	0.03406	0.02305	0.03406	0.01963	0.02411	0.01429	0.01074	0.01242	0.00357	0.05423	0.00893	0.00476	0.01561
8	0.03538	0.01950	0.02270	0.01897	0.02551	0.02002	0.01516	0.08635	0.19786	0.24436	0.04065	0.03812	0.02860	0.01374	0.01034	0.00331	0.00845	0.01117	0.14332	0.01647
9	0.03047	0.55992	0.05452	0.01934	0.02861	0.04215	0.01888	0.08400	0.02527	0.03026	0.01634	0.01842	0.01448	0.00973	0.00741	0.00243	0.01170	0.00626	0.00533	0.01448
10	0.12352	0.02400	0.02722	0.02323	0.03004	0.02716	0.05810	0.07844	0.38593	0.04652	0.03726	0.03560	0.02794	0.01355	0.01061	0.00363	0.00962	0.01131	0.00999	0.01634
11	0.01586	0.01057	0.01189	0.01189	0.01189	0.01057	0.00661	0.01586	0.01586	0.02114	0.03436	0.07135	0.03964	0.61681	0.05550	0.01057	0.01057	0.01586	0.00661	0.00661
12	0.03025	0.44555	0.04952	0.02160	0.02900	0.12684	0.01979	0.03348	0.02278	0.02590	0.01531	0.01875	0.01405	0.01103	0.01158	0.00276	0.09694	0.00655	0.00483	0.01348
13	0.01328	0.00949	0.01265	0.01518	0.01581	0.00886	0.01012	0.01518	0.02088	0.02783	0.06010	0.60969	0.07212	0.03416	0.01392	0.00443	0.00633	0.03100	0.01012	0.00886
14	0.02195	0.02108	0.03021	0.07376	0.03073	0.02873	0.02238	0.02504	0.01729	0.02619	0.01767	0.02803	0.01688	0.03075	0.13969	0.00719	0.43593	0.00998	0.00499	0.01151
15	0.02374	0.01346	0.01381	0.01258	0.01612	0.01399	0.00974	0.10422	0.02746	0.04519	0.03405	0.03831	0.02643	0.01277	0.00815	0.00266	0.00620	0.01011	0.56950	0.01152
16	0.02134	0.01271	0.01495	0.01410	0.01588	0.01261	0.00914	0.02470	0.06169	0.10056	0.03852	0.10731	0.03991	0.43249	0.04201	0.00846	0.00988	0.01608	0.00826	0.00940
17	0.02471	0.03358	0.15245	0.04036	0.05056	0.02809	0.34262	0.03345	0.02376	0.03345	0.02034	0.02731	0.01567	0.01101	0.01610	0.00381	0.11156	0.01143	0.00522	0.01452
18	0.03142	0.02246	0.02478	0.02164	0.02825	0.02493	0.01702	0.05699	0.43096	0.14627	0.04411	0.03998	0.03204	0.01454	0.01107	0.00363	0.00876	0.01206	0.01157	0.01751
19	0.01932	0.02354	0.12705	0.02415	0.08214	0.01568	0.01943	0.02474	0.02226	0.03236	0.03531	0.25060	0.03749	0.01881	0.01108	0.00324	0.00950	0.01663	0.00740	0.21928
20	0.02712	0.02342	0.02465	0.02219	0.02835	0.02712	0.01726	0.05794	0.52909	0.04561	0.04438	0.04068	0.03328	0.01479	0.01109	0.00370	0.00863	0.01233	0.01109	0.01726
21	0.69383	0.02109	0.01603	0.01434	0.02109	0.02446	0.01181	0.03205	0.01856	0.04892	0.01518	0.01771	0.01181	0.01012	0.00675	0.00337	0.00843	0.00590	0.00675	0.01181
22	0.02464	0.02100	0.02249	0.02078	0.02632	0.02374	0.01633	0.04986	0.42445	0.04258	0.05279	0.05583	0.09095	0.01771	0.01169	0.00383	0.00844	0.06003	0.01088	0.01567
23	0.02701	0.02550	0.04109	0.05969	0.46458	0.02610	0.03084	0.03742	0.10643	0.03724	0.02437	0.02920	0.01986	0.01054	0.01084	0.00331	0.01225	0.01014	0.00632	0.01727
24	0.01490	0.01051	0.01183	0.01220	0.01301	0.01006	0.00744	0.01572	0.01835	0.02374	0.05305	0.15524	0.14378	0.41705	0.04113	0.00833	0.00897	0.01944	0.00780	0.00744
25	0.01573	0.01111	0.01473	0.01645	0.01793	0.01083	0.01256	0.01888	0.02265	0.03011	0.10100	0.25852	0.06522	0.13899	0.02197	0.00571	0.00853	0.21038	0.00962	0.00907
26	0.01495	0.01071	0.01440	0.01594	0.01759	0.01017	0.01197	0.01855	0.02481	0.03363	0.20044	0.33765	0.07882	0.02972	0.01389	0.00428	0.00688	0.13537	0.01065	0.00956
27	0.02057	0.01599	0.01807	0.01717	0.02095	0.01719	0.01294	0.03609	0.24006	0.04163	0.19872	0.14524	0.06031	0.02000	0.01172	0.00361	0.00681	0.01738	0.08252	0.01300
28	0.02671	0.01663	0.01974	0.01751	0.02233	0.01696	0.01394	0.08613	0.12045	0.12915	0.19503	0.05930	0.05419	0.01794	0.01149	0.00348	0.00766	0.06034	0.10727	0.01373
29	0.03036	0.17340	0.15338	0.02249	0.03180	0.02649	0.02257	0.04165	0.12464	0.15321	0.03282	0.03908	0.02593	0.01381	0.01033	0.00338	0.01136	0.05904	0.00850	0.01573
30	0.02394	0.02136	0.02919	0.03159	0.18488	0.01799	0.01917	0.02928	0.02328	0.03556	0.01972	0.02394	0.01649	0.00857	0.00890	0.00211	0.00956	0.00745	0.00614	0.48086
31	0.25533	0.02611	0.03180	0.03214	0.12854	0.06356	0.05979	0.07066	0.02332	0.03991	0.01753	0.02272	0.01453	0.01246	0.01560	0.00367	0.15399	0.00846	0.00617	0.01371
32	0.03555	0.02341	0.02629	0.02197	0.02920	0.02536	0.01756	0.13903	0.30924	0.18649	0.04072	0.03710	0.02893	0.01414	0.01103	0.00353	0.00941	0.01151	0.01170	0.01784
33	0.02479	0.01731	0.02011	0.01644	0.02236	0.01575	0.01259	0.10330	0.02800	0.09065	0.08874	0.09557	0.09062	0.10246	0.01710	0.00398	0.00848	0.01392	0.00914	0.21870
34	0.15587	0.27359	0.03424	0.01676	0.02337	0.02806	0.01463	0.03172	0.02138	0.10552	0.02338	0.03105	0.02063	0.11349	0.06104	0.00523	0.01194	0.00866	0.00674	0.01270
35	0.02866	0.10139	0.02365	0.01628	0.02178	0.01665	0.01320	0.03231	0.02712	0.22020	0.13868	0.14725	0.12871	0.02009	0.01152	0.00346	0.00782	0.01697	0.01087	0.01338
36	0.02903	0.06735	0.13166	0.07785	0.03634	0.02428	0.02306	0.08192	0.02600	0.12024	0.02292	0.02586	0.01714	0.01183	0.01344	0.00311	0.09557	0.00855	0.00718	0.17667

[dist]
# distance from previous block
# <min> <max>
3	7

[block]
# block no. 3 follows, 12 sequences, length 43
# corresponding to MSA columns:
# 152-194
name=unknown_D
#
# <colnr> <probs for GDERKNQSTAVLIFYWHMCP>
#	G	D	E	R	K	N	Q	S	T	A	V	L	I	F	Y	W	H	M	C	P
0	0.02366	0.07325	0.04134	0.31346	0.05896	0.02712	0.14682	0.03495	0.10587	0.03235	0.02379	0.03008	0.01806	0.01098	0.01110	0.00355	0.01429	0.01059	0.00602	0.01376
1	0.02441	0.02160	0.03002	0.35647	0.05625	0.02594	0.02518	0.07586	0.19354	0.03699	0.02826	0.03272	0.02111	0.01237	0.01097	0.00363	0.01236	0.01058	0.00741	0.01433
2	0.02020	0.01323	0.01599	0.01456	0.01851	0.01233	0.01117	0.02702	0.07608	0.10652	0.31963	0.07797	0.20080	0.02183	0.01246	0.00351	0.00610	0.01875	0.01162	0.01173
3	0.01786	0.01506	0.02238	0.06947	0.02632	0.01895	0.01735	0.02171	0.01771	0.02574	0.02503	0.03741	0.02327	0.06167	0.40501	0.01348	0.15461	0.01103	0.00552	0.01043
4	0.02490	0.25542	0.26387	0.08096	0.04410	0.03199	0.09215	0.03327	0.02294	0.03073	0.01827	0.02241	0.01430	0.00988	0.00951	0.00309	0.01464	0.00802	0.00477	0.01479
5	0.02146	0.01180	0.01560	0.01570	0.01848	0.01064	0.01134	0.02430	0.02458	0.14769	0.11484	0.38977	0.09509	0.02778	0.01307	0.00403	0.00680	0.02473	0.01109	0.01121
6	0.01561	0.01154	0.01679	0.01679	0.01849	0.01323	0.01272	0.01900	0.01731	0.02477	0.02987	0.04652	0.02886	0.15099	0.50657	0.01662	0.02679	0.01222	0.00594	0.00933
7	0.03132	0.01820	0.02096	0.01765	0.02314	0.01905	0.01413	0.15597	0.06898	0.14982	0.03453	0.03656	0.02568	0.02205	0.08260	0.00492	0.01106	0.01060	0.23833	0.01445
8	0.03171	0.54513	0.05302	0.01875	0.02797	0.03964	0.01832	0.03530	0.02333	0.09431	0.01876	0.02003	0.01567	0.00987	0.00751	0.00247	0.01135	0.00649	0.00581	0.01458
9	0.01563	0.01146	0.01640	0.01640	0.01796	0.01302	0.01223	0.01875	0.01719	0.02448	0.03023	0.04850	0.02972	0.18807	0.47067	0.01614	0.02550	0.01251	0.00599	0.00911
10	0.02675	0.01365	0.01820	0.01564	0.02019	0.01223	0.01223	0.03158	0.03098	0.21692	0.37410	0.06647	0.07724	0.01932	0.01222	0.00341	0.00654	0.01676	0.01251	0.01308
11	0.01523	0.01088	0.01489	0.01741	0.01889	0.01053	0.01351	0.01855	0.02279	0.03001	0.05902	0.38861	0.06786	0.03233	0.01444	0.00470	0.00801	0.23287	0.01008	0.00939
12	0.02682	0.02636	0.04686	0.06421	0.48517	0.02612	0.09501	0.03365	0.02494	0.03553	0.02071	0.02730	0.01718	0.00965	0.01106	0.00330	0.01366	0.01012	0.00541	0.01694
13	0.04073	0.05197	0.03090	0.02809	0.03371	0.57303	0.02107	0.04354	0.03090	0.02669	0.01685	0.01966	0.01404	0.01124	0.00983	0.00281	0.01966	0.00702	0.00562	0.01264
14	0.02261	0.01938	0.02261	0.01615	0.02584	0.01453	0.01292	0.02745	0.02261	0.03553	0.01938	0.02261	0.01615	0.00807	0.00807	0.00161	0.00807	0.00646	0.00646	0.68346
15	0.01586	0.01057	0.01189	0.01189	0.01189	0.01057	0.00661	0.01586	0.01586	0.02114	0.03436	0.07135	0.03964	0.61681	0.05550	0.01057	0.01057	0.01586	0.00661	0.00661
16	0.01693	0.01368	0.02012	0.01934	0.02097	0.01687	0.01530	0.02058	0.01739	0.02546	0.02677	0.03973	0.02514	0.07151	0.48555	0.01544	0.12214	0.01133	0.00567	0.01009
17	0.02187	0.05640	0.56031	0.03108	0.04719	0.02532	0.04029	0.03453	0.02302	0.03453	0.01957	0.02302	0.01381	0.01036	0.01036	0.00345	0.01611	0.00806	0.00460	0.01611
18	0.02091	0.01426	0.01816	0.01822	0.02168	0.01440	0.01469	0.03005	0.11474	0.08236	0.17702	0.14652	0.06572	0.02449	0.01333	0.00418	0.00806	0.18821	0.01103	0.01196
19	0.02306	0.14922	0.47793	0.02904	0.04405	0.02824	0.03674	0.03422	0.02288	0.03308	0.01885	0.02211	0.01384	0.01019	0.00981	0.00327	0.01539	0.00769	0.00461	0.01577
20	0.02188	0.02146	0.04228	0.03375	0.04076	0.02049	0.27728	0.02911	0.02544	0.03384	0.03889	0.07356	0.03834	0.01906	0.01390	0.00431	0.01445	0.23106	0.00765	0.01250
21	0.01964	0.01597	0.01929	0.01514	0.02189	0.01278	0.01183	0.02461	0.02602	0.03892	0.23594	0.04694	0.05202	0.01395	0.01005	0.00237	0.00686	0.01194	0.00875	0.40507
22	0.01366	0.01108	0.01212	0.01186	0.01520	0.00954	0.00890	0.01715	0.02669	0.03381	0.24260	0.09776	0.40950	0.02599	0.01288	0.00360	0.00541	0.02201	0.01070	0.00954
23	0.02383	0.02323	0.04111	0.31155	0.26892	0.02530	0.08654	0.03099	0.02350	0.03188	0.02015	0.02825	0.01590	0.01021	0.01108	0.00348	0.01432	0.01006	0.00515	0.01454
24	0.02706	0.01446	0.01559	0.01367	0.01790	0.01471	0.01073	0.10832	0.02847	0.10441	0.03489	0.03788	0.02630	0.01286	0.00854	0.00276	0.00670	0.01020	0.49207	0.01250
25	0.02187	0.05640	0.56031	0.03108	0.04719	0.02532	0.04029	0.03453	0.02302	0.03453	0.01957	0.02302	0.01381	0.01036	0.01036	0.00345	0.01611	0.00806	0.00460	0.01611
26	0.01328	0.00949	0.01265	0.01518	0.01581	0.00886	0.01012	0.01518	0.02088	0.02783	0.06010	0.60969	0.07212	0.03416	0.01392	0.00443	0.00633	0.03100	0.01012	0.00886
27	0.01586	0.01057	0.01189	0.01189	0.01189	0.01057	0.00661	0.01586	0.01586	0.02114	0.03436	0.07135	0.03964	0.61681	0.05550	0.01057	0.01057	0.01586	0.00661	0.00661
28	0.02769	0.50938	0.15830	0.02115	0.03185	0.03956	0.02301	0.03303	0.02233	0.02744	0.01604	0.01860	0.01396	0.00954	0.00767	0.00256	0.01256	0.00628	0.00465	0.01442
29	0.02567	0.03121	0.18653	0.03113	0.08098	0.02254	0.10136	0.03513	0.06433	0.10268	0.07707	0.08236	0.03106	0.01471	0.01355	0.00367	0.06069	0.01280	0.00764	0.01490
30	0.03426	0.03866	0.09906	0.14025	0.04247	0.26435	0.02483	0.03942	0.02703	0.11068	0.02161	0.02503	0.01616	0.01200	0.01224	0.00329	0.05981	0.00850	0.00650	0.01385
31	0.01416	0.01058	0.01316	0.01360	0.01579	0.00958	0.00979	0.01771	0.02625	0.03534	0.28832	0.25972	0.19132	0.02737	0.01321	0.00381	0.00562	0.02415	0.01097	0.00958
32	0.02507	0.02480	0.15484	0.06981	0.03198	0.01670	0.02130	0.03137	0.02550	0.15003	0.11928	0.09773	0.04375	0.06810	0.01556	0.00430	0.01073	0.06682	0.00904	0.01330
33	0.03447	0.13476	0.03902	0.02557	0.03382	0.09692	0.11667	0.10215	0.03041	0.16057	0.03584	0.03607	0.07908	0.01315	0.01070	0.00320	0.01283	0.01114	0.00854	0.01512
34	0.02464	0.01355	0.01729	0.01637	0.02018	0.01261	0.01222	0.03012	0.06809	0.17918	0.12120	0.28630	0.10452	0.02461	0.01262	0.00387	0.00712	0.02163	0.01139	0.01249
35	0.01755	0.01162	0.01399	0.01330	0.01643	0.01036	0.00982	0.02110	0.02677	0.08372	0.26566	0.12755	0.24043	0.07322	0.01629	0.00418	0.00621	0.02063	0.01090	0.01027
36	0.02651	0.07575	0.03795	0.34258	0.11653	0.07171	0.06667	0.03289	0.02404	0.07255	0.02110	0.02773	0.01595	0.01073	0.01063	0.00339	0.01442	0.00950	0.00572	0.01365
37	0.03799	0.02823	0.03057	0.16543	0.04261	0.11447	0.02199	0.20045	0.03558	0.17362	0.02718	0.02858	0.01892	0.01234	0.01075	0.00331	0.01320	0.00962	0.00918	0.01598
38	0.01764	0.01316	0.01710	0.01612	0.01862	0.01429	0.01245	0.02434	0.06605	0.03756	0.27446	0.05929	0.06279	0.03519	0.15400	0.00698	0.05778	0.01522	0.08615	0.01083
39	0.03085	0.03600	0.02750	0.08951	0.03431	0.32425	0.01983	0.03412	0.02629	0.02765	0.02468	0.12450	0.02444	0.01563	0.01272	0.00326	0.06432	0.01169	0.00631	0.06214
40	0.13488	0.03334	0.15249	0.16829	0.04854	0.08741	0.11111	0.03504	0.02402	0.07524	0.02077	0.02550	0.01520	0.01060	0.01034	0.00344	0.01475	0.00906	0.00598	0.01398
41	0.02736	0.02124	0.03809	0.29510	0.05707	0.02255	0.14772	0.03434	0.02494	0.13625	0.02768	0.03781	0.02116	0.01243	0.01172	0.00370	0.01412	0.04566	0.00714	0.01391
42	0.09486	0.02119	0.02181	0.01909	0.02407	0.08130	0.01463	0.07249	0.09088	0.17089	0.03169	0.07680	0.02580	0.02071	0.01852	0.17168	0.01033	0.01133	0.00902	0.01289

[dist]
# distance from previous block
# <min> <max>
0	18

# created by:
# /st0/software/busco_prod/Augustus/scripts/msa2prfl.pl ./align_prep/7288.fa
