[name]
unknown

[dist]
# distance from previous block
# <min> <max>
0	254

[block]
# block no. 0 follows, 14 sequences, length 21
# corresponding to MSA columns:
# 263-279,281-284
name=unknown_A
#
# <colnr> <probs for GDERKNQSTAVLIFYWHMCP>
#	G	D	E	R	K	N	Q	S	T	A	V	L	I	F	Y	W	H	M	C	P
0	0.03381	0.01691	0.02138	0.01771	0.02351	0.01610	0.01406	0.12911	0.03098	0.30295	0.11948	0.15057	0.04250	0.01749	0.01109	0.00335	0.00811	0.01486	0.01145	0.01460
1	0.01352	0.00936	0.01161	0.01299	0.01334	0.00901	0.00814	0.01455	0.01767	0.02356	0.04641	0.39572	0.05507	0.28655	0.02949	0.00659	0.00763	0.02320	0.00814	0.00745
2	0.01452	0.01049	0.01372	0.01291	0.01533	0.00968	0.00968	0.01937	0.02905	0.04115	0.56992	0.07666	0.09683	0.02098	0.01210	0.00323	0.00484	0.01856	0.01130	0.00968
3	0.01628	0.01234	0.01524	0.01419	0.01715	0.01222	0.01073	0.02499	0.11351	0.04144	0.48539	0.07052	0.08635	0.01985	0.01184	0.00327	0.00537	0.01745	0.01116	0.01073
4	0.03366	0.02120	0.02441	0.02005	0.02623	0.02215	0.01597	0.29944	0.03680	0.16580	0.03630	0.18416	0.03220	0.01753	0.01101	0.00338	0.00936	0.01463	0.01060	0.01510
5	0.02553	0.02204	0.02320	0.02088	0.02669	0.02553	0.01624	0.05453	0.55679	0.04293	0.04177	0.03829	0.03133	0.01392	0.01044	0.00348	0.00812	0.01160	0.01044	0.01624
6	0.04451	0.01993	0.02534	0.01943	0.02743	0.01874	0.01605	0.15722	0.03349	0.46941	0.03703	0.03268	0.02367	0.01262	0.01031	0.00315	0.00929	0.01008	0.01217	0.01746
7	0.14367	0.01998	0.02386	0.01858	0.02633	0.01947	0.01534	0.14124	0.03122	0.40340	0.03355	0.03024	0.02175	0.01216	0.00972	0.00316	0.00911	0.00940	0.01129	0.01652
8	0.09347	0.01694	0.02189	0.01713	0.02445	0.01519	0.01408	0.04620	0.02778	0.49389	0.03790	0.03386	0.02441	0.01240	0.00974	0.00311	0.00832	0.00990	0.07304	0.01629
9	0.71184	0.01985	0.01508	0.01350	0.01985	0.02302	0.01111	0.03017	0.01746	0.04604	0.01429	0.01667	0.01111	0.00953	0.00635	0.00318	0.00794	0.00556	0.00635	0.01111
10	0.01943	0.01160	0.01578	0.01495	0.01707	0.01218	0.01091	0.02189	0.01788	0.10575	0.03108	0.04866	0.02959	0.25912	0.32468	0.01228	0.01871	0.01223	0.00682	0.00940
11	0.01985	0.01172	0.01510	0.01355	0.01708	0.01052	0.01041	0.02425	0.02840	0.13602	0.41704	0.07199	0.14358	0.02013	0.01179	0.00325	0.00558	0.01748	0.01133	0.01094
12	0.08888	0.01409	0.01808	0.01619	0.02091	0.01293	0.01242	0.03335	0.02428	0.30355	0.04498	0.28380	0.04198	0.02058	0.01114	0.00359	0.00750	0.01781	0.01083	0.01310
13	0.53250	0.01920	0.01744	0.01478	0.02156	0.02088	0.01218	0.03551	0.02067	0.19053	0.02135	0.02159	0.01496	0.01038	0.00742	0.00318	0.00815	0.00684	0.00806	0.01282
14	0.03700	0.02775	0.02967	0.02321	0.03106	0.03089	0.01902	0.46859	0.12405	0.06143	0.02719	0.02667	0.01952	0.01256	0.01029	0.00314	0.01082	0.00959	0.01029	0.01727
15	0.46435	0.02019	0.01944	0.06029	0.05659	0.02269	0.01436	0.03324	0.09872	0.04242	0.01928	0.02153	0.01494	0.01005	0.00756	0.00309	0.00859	0.00696	0.00674	0.06898
16	0.02702	0.18617	0.23412	0.02635	0.03724	0.02835	0.10212	0.08068	0.06885	0.08123	0.02211	0.02406	0.01639	0.01017	0.00948	0.00302	0.01299	0.00846	0.00622	0.01497
17	0.02863	0.02589	0.09806	0.12401	0.04201	0.02371	0.13594	0.11468	0.06004	0.13312	0.05245	0.03051	0.02188	0.01182	0.01213	0.00337	0.04905	0.01045	0.00768	0.01457
18	0.01439	0.01170	0.01326	0.01237	0.01636	0.00990	0.00959	0.01796	0.02436	0.03182	0.19108	0.08368	0.34037	0.02232	0.01162	0.00323	0.00583	0.05847	0.00940	0.11231
19	0.02551	0.55087	0.04780	0.01687	0.02470	0.03600	0.01639	0.02904	0.02207	0.02668	0.09709	0.02543	0.02564	0.01060	0.00741	0.00235	0.01006	0.00744	0.00542	0.01265
20	0.02078	0.01294	0.01721	0.01586	0.01866	0.01333	0.01181	0.02491	0.09719	0.07091	0.02579	0.03404	0.02225	0.03872	0.17487	0.30052	0.01347	0.00972	0.00644	0.07056

[dist]
# distance from previous block
# <min> <max>
0	43

[block]
# block no. 1 follows, 14 sequences, length 22
# corresponding to MSA columns:
# 328-349
name=unknown_B
#
# <colnr> <probs for GDERKNQSTAVLIFYWHMCP>
#	G	D	E	R	K	N	Q	S	T	A	V	L	I	F	Y	W	H	M	C	P
0	0.07914	0.02470	0.12652	0.02557	0.10935	0.01850	0.02038	0.06295	0.02609	0.20256	0.07178	0.03702	0.07514	0.01282	0.00999	0.00307	0.00982	0.01055	0.00856	0.06546
1	0.36052	0.02205	0.02725	0.03115	0.18555	0.02400	0.05479	0.03438	0.10022	0.04100	0.02031	0.02322	0.01595	0.01001	0.00848	0.00320	0.00987	0.00797	0.00651	0.01357
2	0.01271	0.00934	0.01198	0.01401	0.01515	0.00861	0.00973	0.01481	0.02047	0.02672	0.06350	0.51915	0.14247	0.03098	0.01302	0.00410	0.00607	0.05921	0.00952	0.00846
3	0.34039	0.01726	0.01811	0.01552	0.02165	0.01764	0.01247	0.03575	0.02257	0.25818	0.03111	0.11600	0.02532	0.01418	0.00895	0.00332	0.00796	0.01099	0.00937	0.01325
4	0.02320	0.01960	0.06959	0.01715	0.01992	0.09876	0.01368	0.02193	0.01765	0.06131	0.01923	0.02869	0.01724	0.02784	0.03052	0.48157	0.01091	0.00855	0.00517	0.00751
5	0.02757	0.02029	0.02242	0.01975	0.02556	0.02250	0.01546	0.05060	0.42908	0.12335	0.09055	0.04134	0.03651	0.01439	0.01058	0.00341	0.00791	0.01206	0.01086	0.01582
6	0.03152	0.02235	0.02394	0.01928	0.02551	0.02444	0.01561	0.34522	0.07602	0.05512	0.06810	0.03267	0.02638	0.01298	0.00968	0.00295	0.00904	0.01017	0.17410	0.01491
7	0.01800	0.01043	0.01348	0.01412	0.01565	0.00971	0.00954	0.01967	0.01993	0.10606	0.04834	0.40829	0.05426	0.17630	0.02217	0.00542	0.00733	0.02297	0.00919	0.00916
8	0.71184	0.01985	0.01508	0.01350	0.01985	0.02302	0.01111	0.03017	0.01746	0.04604	0.01429	0.01667	0.01111	0.00953	0.00635	0.00318	0.00794	0.00556	0.00635	0.01111
9	0.02553	0.02204	0.02320	0.02088	0.02669	0.02553	0.01624	0.05453	0.55679	0.04293	0.04177	0.03829	0.03133	0.01392	0.01044	0.00348	0.00812	0.01160	0.01044	0.01624
10	0.02227	0.01229	0.01631	0.01631	0.01913	0.01169	0.01285	0.02532	0.02228	0.15054	0.04596	0.14226	0.04706	0.17876	0.02276	0.00563	0.00903	0.21986	0.00937	0.01030
11	0.16893	0.01230	0.01404	0.01498	0.01759	0.01248	0.01116	0.02121	0.02037	0.07090	0.04585	0.38913	0.05126	0.02531	0.01155	0.00395	0.00703	0.08315	0.00905	0.00974
12	0.03021	0.01282	0.01543	0.01314	0.01782	0.01184	0.01043	0.03466	0.02475	0.26227	0.03636	0.03689	0.02593	0.01226	0.00847	0.00271	0.00641	0.00988	0.41490	0.01282
13	0.04272	0.02279	0.02711	0.02079	0.02885	0.02299	0.01717	0.28185	0.03828	0.33802	0.03300	0.03007	0.02165	0.01252	0.01029	0.00313	0.00994	0.00981	0.01155	0.01746
14	0.03955	0.01930	0.02376	0.01861	0.02543	0.01871	0.01492	0.17357	0.03216	0.36262	0.03511	0.03704	0.02510	0.10620	0.01657	0.00416	0.00959	0.01072	0.01109	0.01578
15	0.03376	0.02239	0.02415	0.01916	0.02567	0.02418	0.01562	0.35629	0.03916	0.09405	0.02833	0.02932	0.02058	0.01224	0.00937	0.00289	0.00922	0.00941	0.20903	0.01517
16	0.04604	0.01746	0.02382	0.01826	0.02620	0.01508	0.01508	0.05001	0.02937	0.58244	0.04049	0.03493	0.02540	0.01270	0.01032	0.00318	0.00873	0.01032	0.01270	0.01746
17	0.03833	0.04891	0.02908	0.02644	0.03173	0.59815	0.01983	0.04098	0.02908	0.02512	0.01586	0.01851	0.01322	0.01058	0.00925	0.00264	0.01851	0.00661	0.00529	0.01190
18	0.03305	0.02182	0.02450	0.02059	0.02732	0.02366	0.01642	0.12600	0.33921	0.19104	0.03887	0.03535	0.02766	0.01336	0.01038	0.00334	0.00876	0.01090	0.01102	0.01675
19	0.01298	0.00912	0.01183	0.01368	0.01447	0.00850	0.00913	0.01430	0.01928	0.02538	0.05683	0.50800	0.10925	0.06722	0.01718	0.05334	0.00632	0.02623	0.00898	0.00797
20	0.03833	0.04891	0.02908	0.02644	0.03173	0.59815	0.01983	0.04098	0.02908	0.02512	0.01586	0.01851	0.01322	0.01058	0.00925	0.00264	0.01851	0.00661	0.00529	0.01190
21	0.02422	0.02768	0.06055	0.04325	0.05363	0.02595	0.53806	0.03287	0.02422	0.03287	0.02076	0.02768	0.01557	0.00865	0.01211	0.00346	0.01730	0.01211	0.00519	0.01384

[dist]
# distance from previous block
# <min> <max>
0	2

[block]
# block no. 2 follows, 14 sequences, length 95
# corresponding to MSA columns:
# 352-446
name=unknown_C
#
# <colnr> <probs for GDERKNQSTAVLIFYWHMCP>
#	G	D	E	R	K	N	Q	S	T	A	V	L	I	F	Y	W	H	M	C	P
0	0.01361	0.01034	0.01253	0.01221	0.01483	0.00926	0.00907	0.01751	0.02655	0.03576	0.38341	0.12503	0.24569	0.02341	0.01219	0.00337	0.00504	0.02033	0.01060	0.00926
1	0.01449	0.01055	0.01471	0.01479	0.01629	0.01141	0.01087	0.01755	0.01857	0.02621	0.12011	0.10418	0.04316	0.16079	0.35530	0.01207	0.01880	0.01455	0.00694	0.00867
2	0.02058	0.05308	0.58618	0.02925	0.04442	0.02383	0.03792	0.03250	0.02167	0.03250	0.01842	0.02167	0.01300	0.00975	0.00975	0.00325	0.01517	0.00758	0.00433	0.01517
3	0.01736	0.01457	0.02051	0.10404	0.10670	0.01484	0.01578	0.02433	0.07004	0.03606	0.29705	0.06240	0.14008	0.01792	0.01143	0.00328	0.00748	0.01575	0.00910	0.01129
4	0.03070	0.01973	0.02722	0.02966	0.16858	0.01952	0.01885	0.13805	0.03160	0.18616	0.17404	0.04153	0.04057	0.01391	0.01075	0.00314	0.00912	0.01200	0.00982	0.01505
5	0.03259	0.03846	0.02986	0.02538	0.03182	0.37595	0.06469	0.03953	0.09618	0.02950	0.02007	0.02237	0.01612	0.01035	0.00939	0.00264	0.01525	0.00767	0.00608	0.12610
6	0.02744	0.64552	0.05378	0.01756	0.02634	0.04061	0.01756	0.03073	0.02085	0.02414	0.01427	0.01646	0.01317	0.00878	0.00658	0.00219	0.01097	0.00549	0.00439	0.01317
7	0.22769	0.02285	0.02580	0.16443	0.03747	0.02594	0.01899	0.23506	0.03135	0.08579	0.02121	0.02373	0.01526	0.01104	0.00915	0.00320	0.01074	0.00823	0.00792	0.01416
8	0.01512	0.01146	0.01534	0.06002	0.02117	0.01164	0.01272	0.02053	0.06567	0.03092	0.14072	0.35395	0.06435	0.02646	0.01269	0.00399	0.00712	0.10698	0.00952	0.00963
9	0.01654	0.01181	0.01654	0.01890	0.02126	0.01181	0.01654	0.02126	0.02362	0.03071	0.05433	0.11576	0.05906	0.02835	0.01417	0.00472	0.00945	0.50626	0.00945	0.00945
10	0.03159	0.02506	0.06924	0.16265	0.14005	0.05761	0.02365	0.09990	0.06724	0.17989	0.02668	0.02852	0.01893	0.01120	0.01017	0.00319	0.01180	0.00938	0.00796	0.01528
11	0.01938	0.01824	0.03078	0.61468	0.07068	0.02280	0.02850	0.02622	0.02052	0.02622	0.01824	0.02736	0.01368	0.01026	0.01026	0.00342	0.01368	0.00912	0.00456	0.01140
12	0.02553	0.02204	0.02320	0.02088	0.02669	0.02553	0.01624	0.05453	0.55679	0.04293	0.04177	0.03829	0.03133	0.01392	0.01044	0.00348	0.00812	0.01160	0.01044	0.01624
13	0.02653	0.01484	0.02124	0.09345	0.06635	0.01470	0.01735	0.03139	0.02463	0.19353	0.04057	0.06435	0.03618	0.01797	0.01133	0.00368	0.00932	0.19753	0.10254	0.01254
14	0.14375	0.02986	0.02666	0.21891	0.04201	0.23673	0.02067	0.03546	0.02436	0.10109	0.01958	0.02328	0.01460	0.01057	0.00925	0.00306	0.01390	0.00775	0.00618	0.01232
15	0.01938	0.01824	0.03078	0.61468	0.07068	0.02280	0.02850	0.02622	0.02052	0.02622	0.01824	0.02736	0.01368	0.01026	0.01026	0.00342	0.01368	0.00912	0.00456	0.01140
16	0.02334	0.01818	0.02149	0.01545	0.02448	0.01380	0.01240	0.02785	0.02195	0.07908	0.02009	0.02241	0.01605	0.00802	0.00783	0.00166	0.00769	0.00643	0.00663	0.64516
17	0.01250	0.00893	0.01191	0.01429	0.01488	0.00834	0.00953	0.01429	0.01965	0.02620	0.05656	0.63265	0.06787	0.03215	0.01310	0.00417	0.00595	0.02917	0.00953	0.00834
18	0.02128	0.01824	0.02128	0.01520	0.02432	0.01368	0.01216	0.02584	0.02128	0.03344	0.01824	0.02128	0.01520	0.00760	0.00760	0.00152	0.00760	0.00608	0.00608	0.70208
19	0.03523	0.02329	0.02608	0.02114	0.02815	0.02506	0.01705	0.27785	0.17062	0.16562	0.03454	0.07289	0.02617	0.01420	0.01052	0.00328	0.00958	0.01146	0.01077	0.01651
20	0.65029	0.02025	0.01747	0.01793	0.06965	0.02314	0.01294	0.03029	0.01799	0.04492	0.01474	0.01745	0.01157	0.00949	0.00669	0.00316	0.00832	0.00588	0.00624	0.01157
21	0.01890	0.01759	0.02946	0.57258	0.06677	0.02179	0.02717	0.02538	0.02046	0.02622	0.02093	0.06980	0.01748	0.01179	0.01046	0.00347	0.01314	0.01053	0.00491	0.01119
22	0.01569	0.00983	0.01222	0.01379	0.01541	0.00957	0.01040	0.01918	0.02122	0.03133	0.04825	0.30982	0.05178	0.02444	0.01136	0.00370	0.00639	0.13566	0.24094	0.00901
23	0.31364	0.02511	0.02438	0.01948	0.02693	0.02823	0.01608	0.33256	0.03568	0.05707	0.02041	0.02139	0.01486	0.01118	0.00867	0.00312	0.00992	0.00774	0.00867	0.01486
24	0.02076	0.01653	0.02631	0.28696	0.12880	0.01811	0.02185	0.02633	0.02357	0.07600	0.15053	0.09342	0.03903	0.01472	0.01093	0.00336	0.01032	0.01319	0.00730	0.01199
25	0.24291	0.01694	0.01956	0.09161	0.02758	0.01723	0.01416	0.03142	0.02227	0.17166	0.06155	0.10147	0.02771	0.01361	0.00916	0.00312	0.00839	0.01093	0.00835	0.10037
26	0.02261	0.02282	0.02810	0.02445	0.02512	0.07883	0.01983	0.02491	0.01794	0.02567	0.06047	0.03022	0.02220	0.06920	0.03127	0.00468	0.46564	0.01004	0.00526	0.01074
27	0.04604	0.01746	0.02382	0.01826	0.02620	0.01508	0.01508	0.05001	0.02937	0.58244	0.04049	0.03493	0.02540	0.01270	0.01032	0.00318	0.00873	0.01032	0.01270	0.01746
28	0.11465	0.01226	0.01476	0.01481	0.01782	0.01187	0.01107	0.02315	0.02116	0.12472	0.04887	0.30526	0.09315	0.02513	0.01394	0.06181	0.00717	0.05910	0.00921	0.01009
29	0.04142	0.01717	0.02277	0.01816	0.02530	0.01546	0.01473	0.04745	0.07585	0.48794	0.04193	0.08480	0.02946	0.01442	0.01056	0.00329	0.00845	0.01200	0.01224	0.01660
30	0.01492	0.00995	0.01119	0.01119	0.01119	0.00995	0.00622	0.01492	0.01492	0.01990	0.03233	0.06716	0.03731	0.63935	0.05223	0.00995	0.00995	0.01492	0.00622	0.00622
31	0.16095	0.01788	0.02231	0.01744	0.02510	0.01645	0.01440	0.04659	0.02732	0.48987	0.03596	0.03178	0.02294	0.01215	0.00963	0.00318	0.00860	0.00950	0.01161	0.01637
32	0.13421	0.01588	0.01899	0.01628	0.02160	0.01542	0.01282	0.07552	0.02717	0.25535	0.12974	0.15610	0.04326	0.01744	0.01057	0.00337	0.00761	0.01464	0.01067	0.01336
33	0.03005	0.01379	0.01834	0.01565	0.02067	0.01215	0.01227	0.03384	0.02744	0.31256	0.19366	0.13878	0.08917	0.01877	0.01135	0.00336	0.00700	0.01616	0.01163	0.01336
34	0.02728	0.01511	0.01752	0.01568	0.02028	0.01537	0.01264	0.08006	0.10258	0.15789	0.03840	0.04751	0.03076	0.01480	0.00961	0.00312	0.00737	0.08175	0.28934	0.01292
35	0.60238	0.01945	0.01652	0.01428	0.02089	0.02172	0.01177	0.03343	0.01942	0.13422	0.01860	0.01967	0.01346	0.01005	0.00700	0.00318	0.00807	0.00634	0.00739	0.01216
36	0.02004	0.01221	0.01515	0.01452	0.01801	0.01125	0.01112	0.02497	0.05696	0.13187	0.17754	0.19128	0.18817	0.02324	0.01207	0.00361	0.00644	0.06007	0.01054	0.01093
37	0.21207	0.02197	0.02375	0.01893	0.02639	0.02316	0.01555	0.20019	0.07150	0.24225	0.02890	0.02728	0.01969	0.01186	0.00930	0.00317	0.00929	0.00886	0.01015	0.01575
38	0.71184	0.01985	0.01508	0.01350	0.01985	0.02302	0.01111	0.03017	0.01746	0.04604	0.01429	0.01667	0.01111	0.00953	0.00635	0.00318	0.00794	0.00556	0.00635	0.01111
39	0.01555	0.01218	0.01432	0.01401	0.01690	0.01196	0.01039	0.02353	0.11744	0.03585	0.28476	0.17676	0.18154	0.02288	0.01200	0.00349	0.00569	0.01997	0.01045	0.01035
40	0.29465	0.01515	0.01547	0.01450	0.01787	0.01692	0.01085	0.02599	0.09350	0.03266	0.01988	0.02645	0.01711	0.02213	0.02241	0.32320	0.00841	0.00797	0.00607	0.00880
41	0.01303	0.01000	0.01220	0.01278	0.01493	0.00917	0.00924	0.01598	0.02287	0.02998	0.18945	0.25992	0.25091	0.03139	0.06517	0.00481	0.00736	0.02240	0.00957	0.00884
42	0.01250	0.00893	0.01191	0.01429	0.01488	0.00834	0.00953	0.01429	0.01965	0.02620	0.05656	0.63265	0.06787	0.03215	0.01310	0.00417	0.00595	0.02917	0.00953	0.00834
43	0.03564	0.02264	0.02553	0.02374	0.07160	0.10556	0.01742	0.04168	0.07354	0.29454	0.03169	0.03190	0.02262	0.02116	0.09066	0.00498	0.05113	0.00978	0.00927	0.01491
44	0.07163	0.13950	0.23442	0.02064	0.03001	0.02219	0.02247	0.03092	0.02278	0.11062	0.07760	0.03481	0.06844	0.01703	0.05074	0.00399	0.01214	0.00983	0.00681	0.01342
45	0.02603	0.02267	0.03781	0.05021	0.39623	0.02280	0.06488	0.03383	0.06765	0.07799	0.02374	0.02876	0.01905	0.01589	0.06325	0.00433	0.01333	0.00983	0.00619	0.01554
46	0.03456	0.02003	0.02347	0.01973	0.02647	0.02092	0.01573	0.05254	0.32443	0.28061	0.04120	0.03681	0.02872	0.01338	0.01039	0.00335	0.00839	0.01104	0.01144	0.01678
47	0.03833	0.04891	0.02908	0.02644	0.03173	0.59815	0.01983	0.04098	0.02908	0.02512	0.01586	0.01851	0.01322	0.01058	0.00925	0.00264	0.01851	0.00661	0.00529	0.01190
48	0.11121	0.08112	0.16714	0.02070	0.02918	0.07257	0.02030	0.03544	0.06282	0.14251	0.02788	0.09486	0.02312	0.01307	0.00945	0.00310	0.01090	0.01032	0.00750	0.05682
49	0.02082	0.02053	0.06998	0.01948	0.02441	0.01975	0.01599	0.03938	0.33298	0.03652	0.04452	0.23136	0.04165	0.01952	0.01125	0.00368	0.00804	0.01699	0.00959	0.01356
50	0.02694	0.02173	0.02325	0.02070	0.02665	0.02480	0.01616	0.05422	0.52029	0.08027	0.04168	0.03806	0.03092	0.01384	0.01043	0.00346	0.00816	0.01151	0.01060	0.01633
51	0.04438	0.01784	0.02377	0.01847	0.02624	0.01593	0.01518	0.05038	0.07223	0.53860	0.04059	0.03520	0.02588	0.01280	0.01033	0.00320	0.00868	0.01042	0.01252	0.01737
52	0.21349	0.02004	0.05983	0.01785	0.02537	0.01744	0.01577	0.04109	0.02525	0.35631	0.03344	0.03656	0.02388	0.01308	0.00960	0.00332	0.00904	0.05349	0.01019	0.01495
53	0.01250	0.00893	0.01191	0.01429	0.01488	0.00834	0.00953	0.01429	0.01965	0.02620	0.05656	0.63265	0.06787	0.03215	0.01310	0.00417	0.00595	0.02917	0.00953	0.00834
54	0.71184	0.01985	0.01508	0.01350	0.01985	0.02302	0.01111	0.03017	0.01746	0.04604	0.01429	0.01667	0.01111	0.00953	0.00635	0.00318	0.00794	0.00556	0.00635	0.01111
55	0.10590	0.01768	0.02303	0.01783	0.02563	0.01580	0.01473	0.04823	0.02830	0.53422	0.03813	0.03329	0.02412	0.01242	0.00996	0.00318	0.00866	0.00989	0.01213	0.01689
56	0.30560	0.01718	0.01827	0.01521	0.02121	0.01740	0.01205	0.03637	0.02227	0.27695	0.02874	0.03296	0.02168	0.11421	0.01562	0.00429	0.00862	0.00918	0.00911	0.01310
57	0.03833	0.04891	0.02908	0.02644	0.03173	0.59815	0.01983	0.04098	0.02908	0.02512	0.01586	0.01851	0.01322	0.01058	0.00925	0.00264	0.01851	0.00661	0.00529	0.01190
58	0.01233	0.01040	0.01067	0.01060	0.01398	0.00875	0.00795	0.01511	0.02386	0.02884	0.14260	0.09693	0.53183	0.02557	0.01213	0.00345	0.00517	0.02140	0.00968	0.00875
59	0.07751	0.01391	0.01781	0.01568	0.02025	0.01277	0.01199	0.03261	0.02477	0.28675	0.10520	0.20441	0.04537	0.06537	0.01413	0.00396	0.00755	0.01646	0.01074	0.01276
60	0.01250	0.00893	0.01191	0.01429	0.01488	0.00834	0.00953	0.01429	0.01965	0.02620	0.05656	0.63265	0.06787	0.03215	0.01310	0.00417	0.00595	0.02917	0.00953	0.00834
61	0.01466	0.01100	0.01649	0.01649	0.01833	0.01283	0.01283	0.01833	0.01649	0.02382	0.02749	0.04032	0.02566	0.07697	0.59868	0.01649	0.02749	0.01100	0.00550	0.00916
62	0.04604	0.01746	0.02382	0.01826	0.02620	0.01508	0.01508	0.05001	0.02937	0.58244	0.04049	0.03493	0.02540	0.01270	0.01032	0.00318	0.00873	0.01032	0.01270	0.01746
63	0.35963	0.01647	0.01640	0.01463	0.01982	0.01730	0.01141	0.03109	0.02063	0.17631	0.02985	0.13215	0.02689	0.07086	0.01265	0.00396	0.00798	0.01168	0.00850	0.01180
64	0.02021	0.01147	0.01426	0.01291	0.01636	0.01043	0.00991	0.02463	0.02712	0.12801	0.33387	0.06585	0.13036	0.01867	0.01096	0.00310	0.00551	0.01603	0.12954	0.01082
65	0.01466	0.01100	0.01649	0.01649	0.01833	0.01283	0.01283	0.01833	0.01649	0.02382	0.02749	0.04032	0.02566	0.07697	0.59868	0.01649	0.02749	0.01100	0.00550	0.00916
66	0.02553	0.02204	0.02320	0.02088	0.02669	0.02553	0.01624	0.05453	0.55679	0.04293	0.04177	0.03829	0.03133	0.01392	0.01044	0.00348	0.00812	0.01160	0.01044	0.01624
67	0.02535	0.01811	0.02170	0.01570	0.02463	0.01391	0.01264	0.02981	0.02261	0.12369	0.02190	0.02352	0.01688	0.00844	0.00805	0.00179	0.00779	0.00678	0.00717	0.58953
68	0.01284	0.00917	0.01229	0.01467	0.01541	0.00862	0.01011	0.01487	0.01998	0.02657	0.05638	0.58979	0.06714	0.03184	0.01319	0.00421	0.00624	0.06874	0.00952	0.00843
69	0.02540	0.02438	0.04165	0.06299	0.57533	0.02438	0.03149	0.03149	0.02337	0.03353	0.01930	0.02540	0.01626	0.00914	0.01016	0.00305	0.01219	0.00914	0.00508	0.01626
70	0.02109	0.02191	0.04384	0.17852	0.05020	0.02192	0.30656	0.02853	0.02427	0.03288	0.12976	0.03738	0.03132	0.01151	0.01165	0.00340	0.01392	0.01266	0.00625	0.01241
71	0.01673	0.01105	0.01411	0.01396	0.01679	0.01008	0.01079	0.02065	0.02595	0.08006	0.29208	0.15645	0.17151	0.02382	0.01240	0.00362	0.00607	0.09339	0.01057	0.00992
72	0.02947	0.02483	0.02968	0.02453	0.02880	0.03050	0.02016	0.23138	0.12768	0.04362	0.02301	0.02621	0.01830	0.01502	0.02029	0.00376	0.27080	0.00956	0.00783	0.01457
73	0.01527	0.00988	0.01280	0.01248	0.01405	0.00926	0.00880	0.01610	0.02147	0.02897	0.25224	0.06412	0.14936	0.07719	0.02505	0.24513	0.00673	0.01548	0.00820	0.00741
74	0.03097	0.01451	0.01908	0.01680	0.02172	0.01332	0.01295	0.03632	0.06986	0.31484	0.07697	0.24310	0.04466	0.01997	0.01139	0.00354	0.00750	0.01739	0.01134	0.01377
75	0.03833	0.04891	0.02908	0.02644	0.03173	0.59815	0.01983	0.04098	0.02908	0.02512	0.01586	0.01851	0.01322	0.01058	0.00925	0.00264	0.01851	0.00661	0.00529	0.01190
76	0.02553	0.02204	0.02320	0.02088	0.02669	0.02553	0.01624	0.05453	0.55679	0.04293	0.04177	0.03829	0.03133	0.01392	0.01044	0.00348	0.00812	0.01160	0.01044	0.01624
77	0.01783	0.00891	0.01337	0.01337	0.01337	0.00891	0.00891	0.01337	0.01337	0.01783	0.01783	0.03119	0.01783	0.03565	0.04011	0.70143	0.00891	0.00891	0.00446	0.00446
78	0.01996	0.01169	0.01546	0.01383	0.01721	0.01061	0.01061	0.02465	0.02910	0.13457	0.47855	0.06945	0.08450	0.01955	0.01180	0.00322	0.00551	0.01714	0.01154	0.01103
79	0.71184	0.01985	0.01508	0.01350	0.01985	0.02302	0.01111	0.03017	0.01746	0.04604	0.01429	0.01667	0.01111	0.00953	0.00635	0.00318	0.00794	0.00556	0.00635	0.01111
80	0.04604	0.01746	0.02382	0.01826	0.02620	0.01508	0.01508	0.05001	0.02937	0.58244	0.04049	0.03493	0.02540	0.01270	0.01032	0.00318	0.00873	0.01032	0.01270	0.01746
81	0.01600	0.01078	0.01381	0.01304	0.01578	0.00979	0.00978	0.02030	0.02771	0.07112	0.44594	0.11803	0.14523	0.02189	0.01207	0.00332	0.00520	0.01921	0.01105	0.00993
82	0.01452	0.01049	0.01372	0.01291	0.01533	0.00968	0.00968	0.01937	0.02905	0.04115	0.56992	0.07666	0.09683	0.02098	0.01210	0.00323	0.00484	0.01856	0.01130	0.00968
83	0.71184	0.01985	0.01508	0.01350	0.01985	0.02302	0.01111	0.03017	0.01746	0.04604	0.01429	0.01667	0.01111	0.00953	0.00635	0.00318	0.00794	0.00556	0.00635	0.01111
84	0.04604	0.01746	0.02382	0.01826	0.02620	0.01508	0.01508	0.05001	0.02937	0.58244	0.04049	0.03493	0.02540	0.01270	0.01032	0.00318	0.00873	0.01032	0.01270	0.01746
85	0.01291	0.01043	0.01149	0.01122	0.01434	0.00900	0.00842	0.01625	0.02525	0.03213	0.25683	0.09151	0.41555	0.02435	0.01212	0.00339	0.00508	0.02064	0.01011	0.00900
86	0.02128	0.01824	0.02128	0.01520	0.02432	0.01368	0.01216	0.02584	0.02128	0.03344	0.01824	0.02128	0.01520	0.00760	0.00760	0.00152	0.00760	0.00608	0.00608	0.70208
87	0.02128	0.01824	0.02128	0.01520	0.02432	0.01368	0.01216	0.02584	0.02128	0.03344	0.01824	0.02128	0.01520	0.00760	0.00760	0.00152	0.00760	0.00608	0.00608	0.70208
88	0.01305	0.00933	0.01249	0.01458	0.01550	0.00877	0.01017	0.01537	0.02085	0.02794	0.10239	0.53633	0.06968	0.03081	0.01311	0.00413	0.00617	0.07111	0.00968	0.00856
89	0.01654	0.01181	0.01654	0.01890	0.02126	0.01181	0.01654	0.02126	0.02362	0.03071	0.05433	0.11576	0.05906	0.02835	0.01417	0.00472	0.00945	0.50626	0.00945	0.00945
90	0.71184	0.01985	0.01508	0.01350	0.01985	0.02302	0.01111	0.03017	0.01746	0.04604	0.01429	0.01667	0.01111	0.00953	0.00635	0.00318	0.00794	0.00556	0.00635	0.01111
91	0.01754	0.00910	0.01365	0.01365	0.01381	0.00926	0.00926	0.01381	0.01365	0.01836	0.01869	0.03201	0.01853	0.03936	0.09032	0.63985	0.01058	0.00910	0.00455	0.00488
92	0.04363	0.01676	0.02254	0.01748	0.02492	0.01459	0.01437	0.04767	0.02867	0.53365	0.03986	0.03523	0.02548	0.01263	0.01004	0.00311	0.00838	0.01025	0.07399	0.01676
93	0.04475	0.01953	0.02510	0.01924	0.02723	0.01815	0.01589	0.14013	0.03284	0.48743	0.03758	0.03304	0.02394	0.01263	0.01031	0.00316	0.00920	0.01012	0.01225	0.01746
94	0.04604	0.01746	0.02382	0.01826	0.02620	0.01508	0.01508	0.05001	0.02937	0.58244	0.04049	0.03493	0.02540	0.01270	0.01032	0.00318	0.00873	0.01032	0.01270	0.01746

[dist]
# distance from previous block
# <min> <max>
5	48

[block]
# block no. 3 follows, 14 sequences, length 31
# corresponding to MSA columns:
# 495-525
name=unknown_D
#
# <colnr> <probs for GDERKNQSTAVLIFYWHMCP>
#	G	D	E	R	K	N	Q	S	T	A	V	L	I	F	Y	W	H	M	C	P
0	0.02858	0.01476	0.01895	0.01560	0.02153	0.01248	0.01227	0.03238	0.02578	0.26236	0.12365	0.12907	0.08558	0.01679	0.01058	0.00301	0.00722	0.01433	0.01041	0.15467
1	0.49471	0.02072	0.02049	0.02064	0.08634	0.02279	0.01463	0.07062	0.02199	0.11641	0.01908	0.02067	0.01406	0.01010	0.00761	0.00315	0.00879	0.00687	0.00733	0.01302
2	0.12282	0.01914	0.02366	0.01837	0.02615	0.01808	0.01517	0.10857	0.03032	0.45570	0.03547	0.03152	0.02275	0.01228	0.00985	0.00316	0.00896	0.00963	0.01166	0.01672
3	0.22186	0.01578	0.01813	0.01604	0.02128	0.01586	0.01289	0.03342	0.02260	0.24223	0.03445	0.08816	0.02950	0.06611	0.05637	0.00491	0.00985	0.06867	0.00929	0.01260
4	0.01384	0.01046	0.01277	0.01219	0.01491	0.00939	0.00914	0.01804	0.02743	0.03731	0.43669	0.08298	0.23245	0.02241	0.01211	0.00330	0.00494	0.01945	0.01079	0.00939
5	0.01250	0.00893	0.01191	0.01429	0.01488	0.00834	0.00953	0.01429	0.01965	0.02620	0.05656	0.63265	0.06787	0.03215	0.01310	0.00417	0.00595	0.02917	0.00953	0.00834
6	0.12380	0.01784	0.02246	0.01732	0.02521	0.01588	0.01426	0.04479	0.02699	0.45345	0.03472	0.03113	0.02248	0.01172	0.00952	0.00298	0.00850	0.00925	0.01116	0.09654
7	0.03609	0.01590	0.02098	0.01754	0.02343	0.01442	0.01385	0.07619	0.02803	0.38771	0.04384	0.20238	0.03677	0.01815	0.01110	0.00345	0.00814	0.01555	0.01163	0.01489
8	0.23641	0.01815	0.02132	0.01690	0.02438	0.01735	0.01395	0.04434	0.02597	0.42907	0.03300	0.02971	0.02132	0.01179	0.00919	0.00318	0.00851	0.00896	0.01089	0.01565
9	0.01289	0.00923	0.01226	0.01402	0.01497	0.00860	0.00956	0.01527	0.02147	0.02910	0.15606	0.52489	0.07349	0.02999	0.01291	0.00399	0.00574	0.02712	0.00987	0.00860
10	0.01472	0.01075	0.01524	0.01524	0.01665	0.01215	0.01127	0.01752	0.01612	0.02290	0.02863	0.04663	0.02840	0.20935	0.47004	0.01495	0.02336	0.01192	0.00567	0.00847
11	0.01602	0.01106	0.01297	0.01296	0.01373	0.01127	0.00817	0.04952	0.01811	0.02430	0.03611	0.17022	0.04104	0.44451	0.07909	0.00884	0.01047	0.01700	0.00706	0.00756
12	0.01783	0.00891	0.01337	0.01337	0.01337	0.00891	0.00891	0.01337	0.01337	0.01783	0.01783	0.03119	0.01783	0.03565	0.04011	0.70143	0.00891	0.00891	0.00446	0.00446
13	0.02422	0.02768	0.06055	0.04325	0.05363	0.02595	0.53806	0.03287	0.02422	0.03287	0.02076	0.02768	0.01557	0.00865	0.01211	0.00346	0.01730	0.01211	0.00519	0.01384
14	0.01585	0.01132	0.01575	0.01811	0.02017	0.01122	0.01534	0.02007	0.02294	0.02994	0.05472	0.20403	0.06056	0.02900	0.01399	0.00463	0.00885	0.42479	0.00946	0.00926
15	0.02128	0.01824	0.02128	0.01520	0.02432	0.01368	0.01216	0.02584	0.02128	0.03344	0.01824	0.02128	0.01520	0.00760	0.00760	0.00152	0.00760	0.00608	0.00608	0.70208
16	0.02245	0.02245	0.03143	0.02694	0.02694	0.03143	0.02245	0.02470	0.01572	0.02470	0.01347	0.02245	0.01347	0.01796	0.03368	0.00449	0.62057	0.00898	0.00449	0.01123
17	0.01492	0.00995	0.01119	0.01119	0.01119	0.00995	0.00622	0.01492	0.01492	0.01990	0.03233	0.06716	0.03731	0.63935	0.05223	0.00995	0.00995	0.01492	0.00622	0.00622
18	0.01573	0.01123	0.01561	0.01797	0.01998	0.01111	0.01513	0.01986	0.02282	0.02980	0.05478	0.21970	0.06083	0.02911	0.01396	0.00461	0.00875	0.41032	0.00946	0.00923
19	0.04546	0.01840	0.02440	0.01870	0.02666	0.01648	0.01545	0.09086	0.03094	0.53938	0.03917	0.03407	0.02474	0.01267	0.01032	0.00317	0.00895	0.01023	0.01250	0.01746
20	0.01247	0.00906	0.01178	0.01395	0.01479	0.00836	0.00937	0.01433	0.01998	0.02633	0.06071	0.58588	0.11196	0.03161	0.01301	0.00411	0.00589	0.02852	0.00953	0.00836
21	0.04604	0.01746	0.02382	0.01826	0.02620	0.01508	0.01508	0.05001	0.02937	0.58244	0.04049	0.03493	0.02540	0.01270	0.01032	0.00318	0.00873	0.01032	0.01270	0.01746
22	0.01784	0.01102	0.01539	0.01512	0.01630	0.01194	0.01086	0.01955	0.07761	0.02243	0.02331	0.03457	0.02158	0.04464	0.19242	0.42902	0.01400	0.00981	0.00544	0.00714
23	0.01510	0.01078	0.01488	0.01725	0.01898	0.01057	0.01403	0.01877	0.02220	0.02910	0.05513	0.30049	0.06221	0.02971	0.01379	0.00453	0.00820	0.33575	0.00948	0.00905
24	0.20729	0.01495	0.01505	0.01327	0.01776	0.01574	0.01047	0.07349	0.02319	0.11252	0.02735	0.03038	0.02074	0.01327	0.01018	0.05672	0.00702	0.00853	0.31076	0.01131
25	0.02280	0.02173	0.03695	0.30154	0.35712	0.02370	0.03020	0.02921	0.02214	0.03037	0.01884	0.02625	0.01514	0.00963	0.01020	0.00321	0.01284	0.00913	0.00485	0.01416
26	0.03651	0.22449	0.11180	0.01956	0.02878	0.02451	0.01906	0.04137	0.02556	0.32621	0.02898	0.02714	0.01974	0.01103	0.00904	0.00287	0.01035	0.00838	0.00886	0.01576
27	0.02744	0.64552	0.05378	0.01756	0.02634	0.04061	0.01756	0.03073	0.02085	0.02414	0.01427	0.01646	0.01317	0.00878	0.00658	0.00219	0.01097	0.00549	0.00439	0.01317
28	0.01466	0.01100	0.01649	0.01649	0.01833	0.01283	0.01283	0.01833	0.01649	0.02382	0.02749	0.04032	0.02566	0.07697	0.59868	0.01649	0.02749	0.01100	0.00550	0.00916
29	0.02630	0.01375	0.01774	0.01584	0.02043	0.01266	0.01261	0.03187	0.06083	0.23074	0.19408	0.10751	0.11586	0.01985	0.01168	0.00350	0.00711	0.07382	0.01119	0.01264
30	0.03503	0.02313	0.02862	0.19171	0.10351	0.10436	0.02145	0.03986	0.02615	0.28043	0.02815	0.02927	0.01926	0.01129	0.01013	0.00315	0.01196	0.00930	0.00844	0.01480

[dist]
# distance from previous block
# <min> <max>
0	6

[block]
# block no. 4 follows, 14 sequences, length 7
# corresponding to MSA columns:
# 532-538
name=unknown_E
#
# <colnr> <probs for GDERKNQSTAVLIFYWHMCP>
#	G	D	E	R	K	N	Q	S	T	A	V	L	I	F	Y	W	H	M	C	P
0	0.71184	0.01985	0.01508	0.01350	0.01985	0.02302	0.01111	0.03017	0.01746	0.04604	0.01429	0.01667	0.01111	0.00953	0.00635	0.00318	0.00794	0.00556	0.00635	0.01111
1	0.71184	0.01985	0.01508	0.01350	0.01985	0.02302	0.01111	0.03017	0.01746	0.04604	0.01429	0.01667	0.01111	0.00953	0.00635	0.00318	0.00794	0.00556	0.00635	0.01111
2	0.01551	0.01179	0.01624	0.01580	0.01686	0.01373	0.01163	0.01785	0.01591	0.02263	0.02768	0.04728	0.02824	0.25395	0.36528	0.01318	0.08033	0.01207	0.00563	0.00841
3	0.02083	0.01972	0.03341	0.48135	0.19265	0.02318	0.02922	0.02749	0.02121	0.02799	0.01850	0.02689	0.01430	0.00999	0.01024	0.00333	0.01332	0.00913	0.00469	0.01257
4	0.01654	0.01181	0.01654	0.01890	0.02126	0.01181	0.01654	0.02126	0.02362	0.03071	0.05433	0.11576	0.05906	0.02835	0.01417	0.00472	0.00945	0.50626	0.00945	0.00945
5	0.01250	0.00893	0.01191	0.01429	0.01488	0.00834	0.00953	0.01429	0.01965	0.02620	0.05656	0.63265	0.06787	0.03215	0.01310	0.00417	0.00595	0.02917	0.00953	0.00834
6	0.03415	0.02610	0.02812	0.02197	0.02987	0.02821	0.01791	0.38269	0.13688	0.05648	0.02688	0.02666	0.01966	0.01197	0.00994	0.00294	0.01021	0.00924	0.00973	0.11038

[dist]
# distance from previous block
# <min> <max>
0	2

[block]
# block no. 5 follows, 14 sequences, length 34
# corresponding to MSA columns:
# 541-574
name=unknown_F
#
# <colnr> <probs for GDERKNQSTAVLIFYWHMCP>
#	G	D	E	R	K	N	Q	S	T	A	V	L	I	F	Y	W	H	M	C	P
0	0.02387	0.01614	0.01979	0.01893	0.02285	0.01666	0.01538	0.16514	0.02980	0.08004	0.04569	0.22218	0.04740	0.02377	0.01252	0.00401	0.00897	0.20497	0.00994	0.01196
1	0.01570	0.01156	0.01388	0.01350	0.01565	0.01144	0.00965	0.05529	0.02298	0.03076	0.16427	0.14646	0.15650	0.17597	0.10399	0.00684	0.00993	0.01802	0.00862	0.00899
2	0.02744	0.64552	0.05378	0.01756	0.02634	0.04061	0.01756	0.03073	0.02085	0.02414	0.01427	0.01646	0.01317	0.00878	0.00658	0.00219	0.01097	0.00549	0.00439	0.01317
3	0.03284	0.01870	0.02507	0.02280	0.09714	0.01570	0.01599	0.03734	0.02516	0.27786	0.02828	0.02789	0.01988	0.01007	0.00915	0.00246	0.00870	0.00837	0.00890	0.30770
4	0.02604	0.02047	0.02223	0.02007	0.02557	0.02310	0.01554	0.05050	0.46442	0.08595	0.04301	0.09204	0.03416	0.01548	0.01067	0.00352	0.00797	0.01309	0.01055	0.01563
5	0.63416	0.01863	0.01473	0.01358	0.01929	0.02139	0.01094	0.02840	0.01771	0.04384	0.01898	0.08509	0.01742	0.01204	0.00710	0.00329	0.00772	0.00818	0.00670	0.01081
6	0.01921	0.01787	0.02993	0.52904	0.09907	0.02171	0.02713	0.02558	0.02063	0.02670	0.02147	0.07720	0.01832	0.01199	0.01049	0.00346	0.01294	0.01078	0.00500	0.01146
7	0.01993	0.01880	0.03177	0.56453	0.11656	0.02294	0.02877	0.02670	0.02078	0.02688	0.01834	0.02718	0.01391	0.01016	0.01025	0.00339	0.01354	0.00912	0.00461	0.01184
8	0.02371	0.01732	0.01973	0.01805	0.02265	0.01870	0.01383	0.04115	0.31482	0.10002	0.14736	0.13388	0.04895	0.01788	0.01115	0.00350	0.00722	0.01544	0.01072	0.01392
9	0.04604	0.01746	0.02382	0.01826	0.02620	0.01508	0.01508	0.05001	0.02937	0.58244	0.04049	0.03493	0.02540	0.01270	0.01032	0.00318	0.00873	0.01032	0.01270	0.01746
10	0.17267	0.01983	0.02069	0.06640	0.02661	0.08084	0.01454	0.03569	0.02385	0.25017	0.03218	0.11247	0.02676	0.05738	0.01265	0.00374	0.00977	0.01172	0.00903	0.01303
11	0.01836	0.01152	0.01406	0.01303	0.01603	0.01109	0.00990	0.02479	0.06364	0.07519	0.37592	0.06249	0.07148	0.01788	0.01074	0.00305	0.00530	0.01548	0.16946	0.01060
12	0.09429	0.01764	0.02318	0.01791	0.02574	0.01566	0.01480	0.04857	0.02851	0.54357	0.03859	0.03361	0.02437	0.01247	0.01003	0.00318	0.00867	0.00997	0.01224	0.01700
13	0.01349	0.00961	0.01263	0.01404	0.01516	0.00905	0.00981	0.01609	0.02183	0.02963	0.17848	0.41320	0.07169	0.07930	0.01617	0.00446	0.00627	0.06085	0.00968	0.00857
14	0.01938	0.01824	0.03078	0.61468	0.07068	0.02280	0.02850	0.02622	0.02052	0.02622	0.01824	0.02736	0.01368	0.01026	0.01026	0.00342	0.01368	0.00912	0.00456	0.01140
15	0.03363	0.04108	0.02978	0.02659	0.03031	0.43036	0.02060	0.03616	0.02512	0.02499	0.01515	0.01967	0.01329	0.01276	0.01648	0.00319	0.19676	0.00731	0.00505	0.01170
16	0.03366	0.02089	0.02293	0.01830	0.02459	0.02217	0.01488	0.30162	0.03684	0.13323	0.02984	0.03055	0.02148	0.01226	0.00928	0.00287	0.00882	0.00950	0.23137	0.01492
17	0.01352	0.00933	0.01166	0.01313	0.01410	0.00878	0.00878	0.01558	0.02007	0.02752	0.09236	0.43158	0.09209	0.11407	0.01794	0.00472	0.00629	0.02433	0.06590	0.00826
18	0.01897	0.01193	0.01745	0.01699	0.01968	0.01301	0.01353	0.02279	0.01897	0.09756	0.03217	0.04799	0.02933	0.06317	0.45690	0.01345	0.02303	0.06592	0.00688	0.01028
19	0.01303	0.00966	0.01229	0.01418	0.01562	0.00892	0.01021	0.01542	0.02101	0.02718	0.06595	0.44619	0.16982	0.03032	0.01306	0.00411	0.00632	0.09863	0.00952	0.00857
20	0.02365	0.01204	0.01542	0.01449	0.01712	0.01119	0.01025	0.02553	0.02086	0.18862	0.04191	0.19717	0.04246	0.27091	0.02811	0.00624	0.00859	0.04607	0.00913	0.01025
21	0.02128	0.01824	0.02128	0.01520	0.02432	0.01368	0.01216	0.02584	0.02128	0.03344	0.01824	0.02128	0.01520	0.00760	0.00760	0.00152	0.00760	0.00608	0.00608	0.70208
22	0.01273	0.00938	0.01193	0.01349	0.01479	0.00858	0.00928	0.01507	0.02156	0.02855	0.13642	0.47146	0.14988	0.02962	0.01281	0.00393	0.00568	0.02651	0.00978	0.00858
23	0.71184	0.01985	0.01508	0.01350	0.01985	0.02302	0.01111	0.03017	0.01746	0.04604	0.01429	0.01667	0.01111	0.00953	0.00635	0.00318	0.00794	0.00556	0.00635	0.01111
24	0.02138	0.01165	0.01512	0.01423	0.01725	0.01055	0.01042	0.02445	0.02448	0.16335	0.20513	0.22702	0.09578	0.09122	0.01642	0.00425	0.00668	0.01944	0.01044	0.01071
25	0.01750	0.01052	0.01368	0.01423	0.01644	0.00952	0.01014	0.02011	0.02276	0.10730	0.13171	0.41049	0.12183	0.02714	0.01246	0.00382	0.00611	0.02417	0.01023	0.00985
26	0.04604	0.01746	0.02382	0.01826	0.02620	0.01508	0.01508	0.05001	0.02937	0.58244	0.04049	0.03493	0.02540	0.01270	0.01032	0.00318	0.00873	0.01032	0.01270	0.01746
27	0.02350	0.01777	0.07986	0.01624	0.02158	0.01404	0.01431	0.03150	0.08341	0.15211	0.27279	0.05281	0.05655	0.01609	0.01065	0.00314	0.00714	0.01372	0.10021	0.01259
28	0.07519	0.01760	0.02003	0.01807	0.02159	0.07853	0.04808	0.02771	0.06069	0.10051	0.03202	0.16660	0.03053	0.02225	0.01806	0.18087	0.00948	0.01366	0.04834	0.01018
29	0.02404	0.01201	0.01570	0.01482	0.01829	0.01098	0.01130	0.02765	0.02473	0.19562	0.13912	0.23537	0.05367	0.02116	0.01129	0.00348	0.00663	0.04963	0.11298	0.01153
30	0.64900	0.02287	0.06700	0.01493	0.02208	0.02310	0.01355	0.03038	0.01785	0.04481	0.01466	0.01712	0.01129	0.00955	0.00666	0.00318	0.00860	0.00574	0.00617	0.01148
31	0.01381	0.00987	0.01241	0.01286	0.01425	0.00924	0.00881	0.01653	0.02275	0.03112	0.26478	0.25720	0.10323	0.15179	0.02066	0.00493	0.00627	0.02146	0.00957	0.00847
32	0.03038	0.01940	0.02233	0.01922	0.02528	0.02067	0.01517	0.04929	0.34202	0.20247	0.10005	0.04155	0.03685	0.01434	0.01059	0.00336	0.00794	0.01200	0.01121	0.01588
33	0.03347	0.02599	0.02768	0.02249	0.02971	0.02923	0.01816	0.34110	0.25730	0.05574	0.03168	0.03025	0.02316	0.01298	0.01034	0.00324	0.00999	0.01021	0.01034	0.01696

[dist]
# distance from previous block
# <min> <max>
0	2

[block]
# block no. 6 follows, 14 sequences, length 53
# corresponding to MSA columns:
# 577-629
name=unknown_G
#
# <colnr> <probs for GDERKNQSTAVLIFYWHMCP>
#	G	D	E	R	K	N	Q	S	T	A	V	L	I	F	Y	W	H	M	C	P
0	0.07942	0.02817	0.16740	0.02037	0.02962	0.01991	0.02004	0.12079	0.02607	0.10507	0.02179	0.02427	0.01623	0.01254	0.01208	0.07190	0.01049	0.00778	0.00704	0.19902
1	0.02334	0.01739	0.02124	0.01671	0.02368	0.01556	0.01337	0.08257	0.02359	0.07604	0.02312	0.02780	0.01903	0.02714	0.16689	0.00584	0.01344	0.00807	0.00689	0.38827
2	0.01492	0.00995	0.01119	0.01119	0.01119	0.00995	0.00622	0.01492	0.01492	0.01990	0.03233	0.06716	0.03731	0.63935	0.05223	0.00995	0.00995	0.01492	0.00622	0.00622
3	0.04018	0.01699	0.02386	0.08420	0.03062	0.01561	0.01671	0.04454	0.02782	0.46635	0.03940	0.04210	0.02744	0.01398	0.01070	0.00336	0.00935	0.05931	0.01148	0.01600
4	0.01525	0.01055	0.01562	0.01554	0.01708	0.01177	0.01177	0.01748	0.01714	0.02439	0.07937	0.04217	0.03121	0.06352	0.43380	0.14611	0.02169	0.01135	0.00587	0.00831
5	0.02058	0.05308	0.58618	0.02925	0.04442	0.02383	0.03792	0.03250	0.02167	0.03250	0.01842	0.02167	0.01300	0.00975	0.00975	0.00325	0.01517	0.00758	0.00433	0.01517
6	0.04137	0.02308	0.02706	0.02095	0.02888	0.02366	0.01724	0.28152	0.07335	0.30279	0.03311	0.03031	0.02205	0.01260	0.01030	0.00315	0.00990	0.00990	0.01140	0.01738
7	0.09261	0.01698	0.02121	0.01719	0.02356	0.01599	0.01387	0.08923	0.02955	0.35416	0.13135	0.07954	0.03888	0.01516	0.01049	0.00324	0.00805	0.01253	0.01148	0.01496
8	0.07769	0.01407	0.01727	0.01488	0.01962	0.01285	0.01132	0.03213	0.02371	0.28418	0.04916	0.12264	0.11841	0.13348	0.01846	0.00460	0.00800	0.01494	0.01016	0.01242
9	0.01274	0.00945	0.01190	0.01333	0.01476	0.00861	0.00922	0.01515	0.02181	0.02879	0.14469	0.44523	0.16826	0.02926	0.01276	0.00389	0.00564	0.02611	0.00980	0.00861
10	0.19976	0.02143	0.02260	0.01886	0.02572	0.02329	0.01522	0.12525	0.21128	0.18327	0.03202	0.03000	0.02270	0.01229	0.00939	0.00327	0.00874	0.00943	0.00999	0.01550
11	0.22342	0.01695	0.01980	0.01641	0.02292	0.01633	0.01324	0.03971	0.02479	0.35983	0.03552	0.11162	0.02730	0.01449	0.00961	0.00331	0.00814	0.01159	0.01053	0.01448
12	0.20728	0.01661	0.01812	0.01493	0.02136	0.01578	0.01196	0.02712	0.02030	0.08893	0.02767	0.03092	0.05938	0.02328	0.12087	0.00514	0.01142	0.00848	0.00696	0.26347
13	0.01401	0.01018	0.01353	0.01567	0.01723	0.00970	0.01205	0.01701	0.02154	0.02808	0.06040	0.38133	0.11434	0.03008	0.01342	0.00431	0.00722	0.21158	0.00950	0.00880
14	0.09291	0.01430	0.01769	0.01610	0.02056	0.01395	0.01304	0.03122	0.06458	0.17928	0.23896	0.06493	0.05779	0.01866	0.01136	0.00352	0.00729	0.11086	0.01074	0.01225
15	0.02226	0.01255	0.01672	0.01604	0.01923	0.01228	0.01203	0.02731	0.06318	0.16377	0.09682	0.27380	0.04956	0.03349	0.12406	0.00614	0.01080	0.01873	0.00977	0.01145
16	0.15766	0.01912	0.01985	0.01745	0.02287	0.02140	0.01385	0.10060	0.22062	0.07946	0.03165	0.03246	0.02404	0.01875	0.06740	0.00447	0.00992	0.00970	0.11497	0.01376
17	0.04470	0.01962	0.02515	0.01928	0.02727	0.01828	0.01593	0.14389	0.03298	0.48347	0.03746	0.03296	0.02388	0.01263	0.01031	0.00316	0.00922	0.01011	0.01224	0.01746
18	0.03684	0.01744	0.02549	0.02016	0.02705	0.01583	0.06603	0.04285	0.06492	0.39613	0.07211	0.10296	0.03382	0.01503	0.01092	0.00334	0.00900	0.01316	0.01136	0.01555
19	0.02569	0.02037	0.03418	0.12644	0.15221	0.02058	0.12045	0.06952	0.02649	0.10810	0.09363	0.04358	0.03157	0.01350	0.01126	0.00341	0.01168	0.06592	0.00767	0.01373
20	0.01492	0.00995	0.01119	0.01119	0.01119	0.00995	0.00622	0.01492	0.01492	0.01990	0.03233	0.06716	0.03731	0.63935	0.05223	0.00995	0.00995	0.01492	0.00622	0.00622
21	0.02489	0.01426	0.02010	0.08292	0.02648	0.01489	0.01495	0.03076	0.06051	0.18918	0.07832	0.08521	0.03376	0.03841	0.22793	0.00822	0.01563	0.01264	0.00862	0.01230
22	0.06609	0.02146	0.03285	0.20999	0.04501	0.02300	0.11699	0.13980	0.02896	0.11207	0.07745	0.03213	0.02449	0.01174	0.01058	0.00329	0.01199	0.01060	0.00774	0.01376
23	0.03080	0.02457	0.03334	0.10349	0.13274	0.02700	0.05869	0.22231	0.10516	0.08132	0.02537	0.02774	0.01884	0.01183	0.01181	0.00329	0.04806	0.00979	0.00814	0.01571
