[name]
unknown

[dist]
# distance from previous block
# <min> <max>
0	126

[block]
# block no. 0 follows, 14 sequences, length 100
# corresponding to MSA columns:
# 136-235
name=unknown_A
#
# <colnr> <probs for GDERKNQSTAVLIFYWHMCP>
#	G	D	E	R	K	N	Q	S	T	A	V	L	I	F	Y	W	H	M	C	P
0	0.01545	0.01146	0.01502	0.01680	0.01944	0.01104	0.01438	0.01965	0.02357	0.02997	0.06656	0.11157	0.18523	0.02777	0.01367	0.00441	0.00840	0.38687	0.00947	0.00926
1	0.02249	0.01991	0.03078	0.52094	0.06452	0.02423	0.02707	0.10788	0.02492	0.03232	0.01925	0.02693	0.01428	0.01059	0.01026	0.00337	0.01330	0.00914	0.00546	0.01236
2	0.02245	0.02245	0.03143	0.02694	0.02694	0.03143	0.02245	0.02470	0.01572	0.02470	0.01347	0.02245	0.01347	0.01796	0.03368	0.00449	0.62057	0.00898	0.00449	0.01123
3	0.65368	0.01971	0.01640	0.06399	0.02412	0.02300	0.01257	0.02983	0.01772	0.04438	0.01462	0.01757	0.01133	0.00959	0.00668	0.00320	0.00842	0.00586	0.00620	0.01114
4	0.03123	0.03569	0.03123	0.03708	0.21569	0.32860	0.02241	0.03532	0.02667	0.02981	0.05343	0.02577	0.02038	0.01083	0.00962	0.00280	0.01464	0.00842	0.04727	0.01311
5	0.02263	0.02155	0.03664	0.31714	0.34285	0.02365	0.03011	0.02906	0.02206	0.03016	0.01881	0.02630	0.01507	0.00966	0.01021	0.00322	0.01288	0.00913	0.00484	0.01402
6	0.06433	0.07197	0.02154	0.01885	0.06112	0.05706	0.01347	0.06670	0.02770	0.03817	0.28747	0.09300	0.10341	0.01797	0.01082	0.00315	0.00773	0.01520	0.00914	0.01121
7	0.03378	0.07251	0.03146	0.03164	0.19730	0.01989	0.01991	0.03845	0.02539	0.26978	0.02785	0.02806	0.01977	0.01038	0.00949	0.00277	0.00981	0.00882	0.00849	0.13447
8	0.02225	0.02150	0.03443	0.25635	0.21698	0.02600	0.02756	0.02742	0.01992	0.02806	0.01709	0.02521	0.01443	0.01231	0.01754	0.00364	0.20265	0.00908	0.00470	0.01288
9	0.01250	0.00893	0.01191	0.01429	0.01488	0.00834	0.00953	0.01429	0.01965	0.02620	0.05656	0.63265	0.06787	0.03215	0.01310	0.00417	0.00595	0.02917	0.00953	0.00834
10	0.38903	0.02947	0.02211	0.01973	0.02474	0.20665	0.01567	0.03273	0.02087	0.03602	0.01466	0.01817	0.01215	0.01120	0.01160	0.00322	0.10845	0.00643	0.00572	0.01138
11	0.01870	0.01718	0.02853	0.48047	0.09695	0.02060	0.02568	0.02468	0.02058	0.02673	0.02443	0.12376	0.02250	0.01367	0.01071	0.00351	0.01234	0.01232	0.00539	0.01125
12	0.02128	0.01824	0.02128	0.01520	0.02432	0.01368	0.01216	0.02584	0.02128	0.03344	0.01824	0.02128	0.01520	0.00760	0.00760	0.00152	0.00760	0.00608	0.00608	0.70208
13	0.04604	0.01746	0.02382	0.01826	0.02620	0.01508	0.01508	0.05001	0.02937	0.58244	0.04049	0.03493	0.02540	0.01270	0.01032	0.00318	0.00873	0.01032	0.01270	0.01746
14	0.02744	0.64552	0.05378	0.01756	0.02634	0.04061	0.01756	0.03073	0.02085	0.02414	0.01427	0.01646	0.01317	0.00878	0.00658	0.00219	0.01097	0.00549	0.00439	0.01317
15	0.02422	0.02768	0.06055	0.04325	0.05363	0.02595	0.53806	0.03287	0.02422	0.03287	0.02076	0.02768	0.01557	0.00865	0.01211	0.00346	0.01730	0.01211	0.00519	0.01384
16	0.01938	0.01824	0.03078	0.61468	0.07068	0.02280	0.02850	0.02622	0.02052	0.02622	0.01824	0.02736	0.01368	0.01026	0.01026	0.00342	0.01368	0.00912	0.00456	0.01140
17	0.02540	0.02438	0.04165	0.06299	0.57533	0.02438	0.03149	0.03149	0.02337	0.03353	0.01930	0.02540	0.01626	0.00914	0.01016	0.00305	0.01219	0.00914	0.00508	0.01626
18	0.04604	0.01746	0.02382	0.01826	0.02620	0.01508	0.01508	0.05001	0.02937	0.58244	0.04049	0.03493	0.02540	0.01270	0.01032	0.00318	0.00873	0.01032	0.01270	0.01746
19	0.01250	0.00893	0.01191	0.01429	0.01488	0.00834	0.00953	0.01429	0.01965	0.02620	0.05656	0.63265	0.06787	0.03215	0.01310	0.00417	0.00595	0.02917	0.00953	0.00834
20	0.01245	0.00992	0.01117	0.01189	0.01432	0.00864	0.00853	0.01497	0.02263	0.02835	0.12743	0.27340	0.36495	0.02761	0.01245	0.00368	0.00542	0.02388	0.00968	0.00864
21	0.01938	0.01824	0.03078	0.61468	0.07068	0.02280	0.02850	0.02622	0.02052	0.02622	0.01824	0.02736	0.01368	0.01026	0.01026	0.00342	0.01368	0.00912	0.00456	0.01140
22	0.39010	0.02900	0.02218	0.01902	0.02555	0.16474	0.01520	0.15293	0.02752	0.04534	0.01710	0.01899	0.01312	0.01044	0.00798	0.00302	0.01129	0.00668	0.00701	0.01279
23	0.01250	0.00893	0.01191	0.01429	0.01488	0.00834	0.00953	0.01429	0.01965	0.02620	0.05656	0.63265	0.06787	0.03215	0.01310	0.00417	0.00595	0.02917	0.00953	0.00834
24	0.01893	0.01511	0.01751	0.01610	0.01988	0.01602	0.01231	0.03344	0.24030	0.04186	0.35851	0.06130	0.07061	0.01815	0.01144	0.00333	0.00615	0.01577	0.01095	0.01231
25	0.02553	0.02204	0.02320	0.02088	0.02669	0.02553	0.01624	0.05453	0.55679	0.04293	0.04177	0.03829	0.03133	0.01392	0.01044	0.00348	0.00812	0.01160	0.01044	0.01624
26	0.02194	0.14513	0.46217	0.02845	0.04224	0.02665	0.07234	0.03225	0.02173	0.03120	0.01793	0.02129	0.01322	0.00951	0.00943	0.00310	0.01466	0.00759	0.00441	0.01475
27	0.01389	0.01000	0.01315	0.01335	0.01519	0.00926	0.00963	0.01776	0.02608	0.03643	0.40766	0.25239	0.08768	0.02451	0.01242	0.00352	0.00519	0.02191	0.01074	0.00926
28	0.01239	0.00939	0.01144	0.01307	0.01457	0.00844	0.00899	0.01443	0.02082	0.02667	0.07136	0.46600	0.22498	0.03023	0.01280	0.00395	0.00572	0.02683	0.00953	0.00844
29	0.01938	0.01824	0.03078	0.61468	0.07068	0.02280	0.02850	0.02622	0.02052	0.02622	0.01824	0.02736	0.01368	0.01026	0.01026	0.00342	0.01368	0.00912	0.00456	0.01140
30	0.02122	0.02063	0.02906	0.02528	0.02558	0.02848	0.02093	0.02369	0.01584	0.02456	0.01569	0.02528	0.01540	0.02732	0.12329	0.00639	0.52650	0.00930	0.00465	0.01090
31	0.71184	0.01985	0.01508	0.01350	0.01985	0.02302	0.01111	0.03017	0.01746	0.04604	0.01429	0.01667	0.01111	0.00953	0.00635	0.00318	0.00794	0.00556	0.00635	0.01111
32	0.02987	0.02152	0.03246	0.17484	0.15144	0.02274	0.06252	0.08122	0.11024	0.16487	0.02812	0.03026	0.02020	0.01123	0.01043	0.00327	0.01142	0.01004	0.00804	0.01527
33	0.01271	0.01042	0.01120	0.01100	0.01422	0.00891	0.00825	0.01585	0.02476	0.03097	0.21657	0.09342	0.45653	0.02478	0.01212	0.00341	0.00511	0.02091	0.00996	0.00891
34	0.02365	0.02391	0.06673	0.16865	0.11745	0.02465	0.06195	0.04158	0.28098	0.03625	0.02998	0.03203	0.02269	0.01172	0.01044	0.00339	0.01115	0.01045	0.00751	0.01486
35	0.02499	0.02099	0.02206	0.01993	0.02544	0.02418	0.01548	0.05195	0.51171	0.04254	0.04107	0.03829	0.03090	0.01376	0.01017	0.00339	0.00784	0.01143	0.06821	0.01568
36	0.02553	0.02204	0.02320	0.02088	0.02669	0.02553	0.01624	0.05453	0.55679	0.04293	0.04177	0.03829	0.03133	0.01392	0.01044	0.00348	0.00812	0.01160	0.01044	0.01624
37	0.02185	0.01935	0.03160	0.04534	0.35355	0.01935	0.02551	0.02740	0.02347	0.03240	0.03333	0.06157	0.03339	0.01683	0.01177	0.00372	0.01109	0.20813	0.00683	0.01353
38	0.03092	0.01529	0.01974	0.01648	0.02196	0.01428	0.01309	0.03845	0.09691	0.29879	0.25038	0.05189	0.05446	0.01614	0.01104	0.00324	0.00711	0.01375	0.01186	0.01423
39	0.02215	0.02107	0.03578	0.36096	0.30277	0.02353	0.02988	0.02865	0.02183	0.02958	0.01873	0.02646	0.01486	0.00975	0.01021	0.00325	0.01300	0.00913	0.00480	0.01363
40	0.04604	0.01746	0.02382	0.01826	0.02620	0.01508	0.01508	0.05001	0.02937	0.58244	0.04049	0.03493	0.02540	0.01270	0.01032	0.00318	0.00873	0.01032	0.01270	0.01746
41	0.02263	0.02046	0.03381	0.04923	0.40238	0.02046	0.02683	0.02830	0.02345	0.03265	0.03024	0.05360	0.02962	0.01514	0.01141	0.00357	0.01134	0.16432	0.00644	0.01413
42	0.03620	0.01529	0.02066	0.01659	0.02281	0.01340	0.01340	0.04045	0.02927	0.41348	0.20575	0.04795	0.04770	0.01529	0.01088	0.00319	0.00752	0.01289	0.01226	0.01504
43	0.01372	0.01085	0.01262	0.01330	0.01632	0.00974	0.01072	0.01718	0.02394	0.02980	0.12752	0.10227	0.36936	0.02631	0.01277	0.00384	0.00651	0.17456	0.00965	0.00900
44	0.01938	0.01824	0.03078	0.61468	0.07068	0.02280	0.02850	0.02622	0.02052	0.02622	0.01824	0.02736	0.01368	0.01026	0.01026	0.00342	0.01368	0.00912	0.00456	0.01140
45	0.02540	0.02438	0.04165	0.06299	0.57533	0.02438	0.03149	0.03149	0.02337	0.03353	0.01930	0.02540	0.01626	0.00914	0.01016	0.00305	0.01219	0.00914	0.00508	0.01626
46	0.01793	0.01463	0.01887	0.01610	0.02048	0.01421	0.01245	0.02139	0.01815	0.02724	0.02334	0.03472	0.02202	0.11544	0.25087	0.00877	0.06197	0.00937	0.00575	0.28631
47	0.01432	0.01048	0.01344	0.01270	0.01521	0.00960	0.00952	0.01898	0.02857	0.04002	0.53068	0.07852	0.13678	0.02140	0.01211	0.00325	0.00487	0.01882	0.01115	0.00960
48	0.02469	0.40838	0.26689	0.02224	0.03357	0.03389	0.02571	0.03144	0.02118	0.02749	0.01593	0.01855	0.01310	0.00917	0.00785	0.00262	0.01265	0.00633	0.00437	0.01397
49	0.02447	0.02518	0.03340	0.03455	0.14378	0.07968	0.02414	0.02757	0.01851	0.02661	0.01492	0.02273	0.01404	0.01544	0.02654	0.00402	0.43857	0.00881	0.00469	0.01235
50	0.01582	0.01158	0.01554	0.01752	0.02006	0.01130	0.01512	0.02020	0.02359	0.03023	0.06237	0.11301	0.14194	0.02797	0.01384	0.00452	0.00876	0.42784	0.00946	0.00932
51	0.01213	0.01040	0.01040	0.01040	0.01386	0.00866	0.00780	0.01473	0.02339	0.02772	0.10396	0.09876	0.57117	0.02599	0.01213	0.00347	0.00520	0.02166	0.00953	0.00866
52	0.11305	0.02421	0.03861	0.03248	0.08402	0.02527	0.22444	0.04080	0.22961	0.03851	0.02794	0.03018	0.02116	0.01085	0.01056	0.00340	0.01210	0.01082	0.00736	0.01463
53	0.01250	0.00893	0.01191	0.01429	0.01488	0.00834	0.00953	0.01429	0.01965	0.02620	0.05656	0.63265	0.06787	0.03215	0.01310	0.00417	0.00595	0.02917	0.00953	0.00834
54	0.15164	0.01784	0.02243	0.01750	0.02519	0.01634	0.01445	0.04686	0.02748	0.49737	0.03633	0.03203	0.02314	0.01220	0.00969	0.00318	0.00861	0.00956	0.01169	0.01646
55	0.02446	0.02318	0.03924	0.05865	0.52686	0.02311	0.02961	0.03044	0.02386	0.03419	0.06696	0.02984	0.02323	0.01017	0.01033	0.00306	0.01156	0.00996	0.00562	0.01569
56	0.02810	0.55277	0.05098	0.02173	0.06903	0.08133	0.01880	0.03156	0.02166	0.02494	0.01477	0.01730	0.01341	0.00894	0.00706	0.00229	0.01164	0.00585	0.00451	0.01331
57	0.65912	0.06804	0.01806	0.01381	0.02035	0.02438	0.01161	0.03021	0.01773	0.04436	0.01429	0.01665	0.01127	0.00947	0.00637	0.00310	0.00817	0.00555	0.00620	0.01127
58	0.19866	0.12276	0.02953	0.01982	0.02733	0.03018	0.01670	0.26817	0.10806	0.05071	0.02290	0.02334	0.01719	0.01131	0.00876	0.00302	0.00998	0.00809	0.00841	0.01507
59	0.01731	0.16257	0.11959	0.01759	0.02256	0.01839	0.01622	0.02117	0.02027	0.02680	0.04034	0.38689	0.04595	0.02296	0.01103	0.00356	0.00868	0.02005	0.00746	0.01061
60	0.02122	0.02065	0.02908	0.02530	0.02559	0.02850	0.02094	0.02369	0.01584	0.02456	0.01568	0.02526	0.01539	0.02725	0.12265	0.00638	0.52718	0.00930	0.00465	0.01090
61	0.03735	0.02092	0.03138	0.03649	0.24635	0.01983	0.02192	0.07263	0.02812	0.33106	0.03104	0.03048	0.02126	0.01125	0.01025	0.00312	0.01027	0.00978	0.00950	0.01698
62	0.02137	0.02027	0.03437	0.43230	0.23751	0.02332	0.02949	0.02796	0.02146	0.02864	0.01859	0.02671	0.01453	0.00989	0.01023	0.00330	0.01319	0.00913	0.00473	0.01301
63	0.01938	0.01824	0.03078	0.61468	0.07068	0.02280	0.02850	0.02622	0.02052	0.02622	0.01824	0.02736	0.01368	0.01026	0.01026	0.00342	0.01368	0.00912	0.00456	0.01140
64	0.02485	0.02432	0.05053	0.03731	0.04623	0.02281	0.41190	0.03249	0.02456	0.07882	0.02771	0.04216	0.02325	0.01209	0.01228	0.00364	0.01534	0.08977	0.00649	0.01345
65	0.04328	0.01685	0.02293	0.01779	0.02524	0.01461	0.01461	0.04732	0.02934	0.53493	0.08695	0.03859	0.03167	0.01343	0.01048	0.00318	0.00839	0.01104	0.01258	0.01678
66	0.01617	0.02096	0.14636	0.02257	0.07189	0.01392	0.01908	0.02122	0.02136	0.02917	0.04692	0.31736	0.07826	0.02399	0.01221	0.00392	0.00918	0.10673	0.00794	0.01081
67	0.32465	0.02229	0.06991	0.01754	0.02546	0.02023	0.01568	0.07012	0.02482	0.27590	0.02651	0.02542	0.01779	0.01108	0.00859	0.00318	0.00912	0.00800	0.00914	0.01458
68	0.01484	0.01029	0.01294	0.01294	0.01355	0.01090	0.00840	0.01605	0.01544	0.02120	0.03073	0.05828	0.03346	0.45343	0.23288	0.01211	0.01575	0.01362	0.00598	0.00719
69	0.01301	0.00995	0.01194	0.01245	0.01466	0.00888	0.00895	0.01606	0.02398	0.03150	0.23677	0.26412	0.25788	0.02639	0.01243	0.00362	0.00533	0.02310	0.01009	0.00888
70	0.01470	0.01084	0.01571	0.01571	0.01728	0.01240	0.01186	0.01783	0.01626	0.02325	0.02820	0.04426	0.02737	0.15956	0.51843	0.01553	0.02491	0.01157	0.00560	0.00873
71	0.02744	0.64552	0.05378	0.01756	0.02634	0.04061	0.01756	0.03073	0.02085	0.02414	0.01427	0.01646	0.01317	0.00878	0.00658	0.00219	0.01097	0.00549	0.00439	0.01317
72	0.02590	0.07740	0.03875	0.04413	0.32883	0.02302	0.06758	0.03150	0.02315	0.06763	0.02010	0.02452	0.01628	0.00896	0.00946	0.00268	0.01130	0.00848	0.00573	0.16457
73	0.02394	0.20747	0.39895	0.02569	0.03858	0.02893	0.03099	0.07475	0.02368	0.03300	0.01784	0.02054	0.01342	0.00971	0.00896	0.00296	0.01373	0.00717	0.00485	0.01483
74	0.01278	0.00929	0.01206	0.01375	0.01487	0.00857	0.00940	0.01511	0.02141	0.02863	0.13956	0.50223	0.11460	0.02991	0.01286	0.00396	0.00572	0.02691	0.00980	0.00857
75	0.01729	0.01110	0.01460	0.01338	0.01628	0.01016	0.01016	0.02206	0.02908	0.08866	0.52345	0.07299	0.09056	0.02025	0.01195	0.00322	0.00518	0.01784	0.01142	0.01037
76	0.06896	0.07923	0.11989	0.03294	0.18676	0.02372	0.02367	0.10521	0.02764	0.15674	0.05698	0.02862	0.02220	0.01115	0.00975	0.00306	0.01100	0.00922	0.00771	0.01557
77	0.04015	0.02816	0.02760	0.06766	0.03254	0.15758	0.01850	0.18728	0.03405	0.25966	0.02843	0.02753	0.01935	0.01190	0.01005	0.00304	0.01215	0.00904	0.00963	0.01568
78	0.01283	0.00918	0.01220	0.01407	0.01496	0.00855	0.00955	0.01511	0.02117	0.02862	0.13964	0.54267	0.07256	0.03034	0.01294	0.00402	0.00577	0.02746	0.00981	0.00855
79	0.01492	0.00995	0.01119	0.01119	0.01119	0.00995	0.00622	0.01492	0.01492	0.01990	0.03233	0.06716	0.03731	0.63935	0.05223	0.00995	0.00995	0.01492	0.00622	0.00622
80	0.02116	0.10284	0.54146	0.02827	0.04290	0.02524	0.03621	0.03235	0.02160	0.03180	0.01807	0.02123	0.01301	0.00967	0.00948	0.00316	0.01481	0.00741	0.00434	0.01500
81	0.08219	0.03304	0.08903	0.03533	0.08667	0.15901	0.24569	0.03591	0.02500	0.07966	0.02050	0.02461	0.01537	0.00965	0.01048	0.00317	0.01551	0.00953	0.00587	0.01380
82	0.03680	0.01542	0.02086	0.01669	0.02301	0.01350	0.01350	0.04103	0.02928	0.42379	0.19566	0.04716	0.04634	0.01513	0.01084	0.00319	0.00759	0.01273	0.01229	0.01518
83	0.02337	0.01891	0.02450	0.01759	0.02672	0.01473	0.05289	0.02820	0.02212	0.07472	0.02011	0.02280	0.01600	0.00806	0.00815	0.00179	0.00843	0.00686	0.00651	0.59753
84	0.09091	0.06546	0.17287	0.02649	0.07143	0.02300	0.06815	0.07719	0.06048	0.20358	0.02677	0.02705	0.01859	0.01090	0.00977	0.00317	0.01158	0.00901	0.00802	0.01560
85	0.01938	0.01824	0.03078	0.61468	0.07068	0.02280	0.02850	0.02622	0.02052	0.02622	0.01824	0.02736	0.01368	0.01026	0.01026	0.00342	0.01368	0.00912	0.00456	0.01140
86	0.01466	0.01100	0.01649	0.01649	0.01833	0.01283	0.01283	0.01833	0.01649	0.02382	0.02749	0.04032	0.02566	0.07697	0.59868	0.01649	0.02749	0.01100	0.00550	0.00916
87	0.34484	0.01912	0.02137	0.01987	0.06945	0.01945	0.01467	0.03950	0.02349	0.29422	0.02688	0.02589	0.01818	0.01097	0.00851	0.00316	0.00866	0.00807	0.00919	0.01450
88	0.02425	0.36985	0.30151	0.02300	0.03475	0.03280	0.02703	0.03155	0.02123	0.02803	0.01620	0.01888	0.01309	0.00923	0.00806	0.00269	0.01293	0.00646	0.00436	0.01410
89	0.01938	0.01824	0.03078	0.61468	0.07068	0.02280	0.02850	0.02622	0.02052	0.02622	0.01824	0.02736	0.01368	0.01026	0.01026	0.00342	0.01368	0.00912	0.00456	0.01140
90	0.02927	0.03512	0.06847	0.02179	0.02940	0.28065	0.01792	0.03529	0.06343	0.03027	0.01887	0.02128	0.01529	0.00957	0.00872	0.00230	0.01317	0.00683	0.00590	0.28644
91	0.71184	0.01985	0.01508	0.01350	0.01985	0.02302	0.01111	0.03017	0.01746	0.04604	0.01429	0.01667	0.01111	0.00953	0.00635	0.00318	0.00794	0.00556	0.00635	0.01111
92	0.71184	0.01985	0.01508	0.01350	0.01985	0.02302	0.01111	0.03017	0.01746	0.04604	0.01429	0.01667	0.01111	0.00953	0.00635	0.00318	0.00794	0.00556	0.00635	0.01111
93	0.01466	0.01100	0.01649	0.01649	0.01833	0.01283	0.01283	0.01833	0.01649	0.02382	0.02749	0.04032	0.02566	0.07697	0.59868	0.01649	0.02749	0.01100	0.00550	0.00916
94	0.02417	0.01940	0.02031	0.01848	0.02356	0.02214	0.01432	0.04803	0.44316	0.04194	0.04001	0.03828	0.03026	0.01351	0.00975	0.00325	0.00741	0.01117	0.15605	0.01483
95	0.01938	0.01824	0.03078	0.61468	0.07068	0.02280	0.02850	0.02622	0.02052	0.02622	0.01824	0.02736	0.01368	0.01026	0.01026	0.00342	0.01368	0.00912	0.00456	0.01140
96	0.01357	0.01045	0.01239	0.01190	0.01474	0.00927	0.00893	0.01751	0.02678	0.03578	0.38340	0.08550	0.28670	0.02299	0.01211	0.00332	0.00498	0.01980	0.01059	0.00927
97	0.01939	0.01739	0.02823	0.07975	0.23147	0.01716	0.05324	0.02491	0.02548	0.03549	0.24683	0.05238	0.09487	0.01535	0.01124	0.00321	0.00911	0.01415	0.00791	0.01246
98	0.02677	0.01897	0.02607	0.25715	0.04383	0.02041	0.02028	0.03787	0.14860	0.14933	0.02849	0.03061	0.02055	0.01123	0.00991	0.00309	0.01040	0.00950	0.00790	0.11902
99	0.02264	0.11449	0.20909	0.02204	0.03082	0.02479	0.02255	0.03924	0.23679	0.03676	0.10431	0.03531	0.03208	0.01286	0.00993	0.00320	0.01034	0.01044	0.00776	0.01456

[dist]
# distance from previous block
# <min> <max>
0	4

[block]
# block no. 1 follows, 14 sequences, length 16
# corresponding to MSA columns:
# 240-255
name=unknown_B
#
# <colnr> <probs for GDERKNQSTAVLIFYWHMCP>
#	G	D	E	R	K	N	Q	S	T	A	V	L	I	F	Y	W	H	M	C	P
0	0.01700	0.01502	0.02687	0.02236	0.02649	0.01407	0.16886	0.02182	0.02350	0.03277	0.17228	0.27061	0.05647	0.02089	0.01215	0.00360	0.00902	0.02003	0.05578	0.01042
1	0.02188	0.01979	0.02416	0.14161	0.08450	0.06342	0.01782	0.06601	0.02370	0.03202	0.02822	0.17550	0.02816	0.01502	0.01009	0.00292	0.01001	0.01304	0.00681	0.21530
2	0.01938	0.01824	0.03078	0.61468	0.07068	0.02280	0.02850	0.02622	0.02052	0.02622	0.01824	0.02736	0.01368	0.01026	0.01026	0.00342	0.01368	0.00912	0.00456	0.01140
3	0.01938	0.01824	0.03078	0.61468	0.07068	0.02280	0.02850	0.02622	0.02052	0.02622	0.01824	0.02736	0.01368	0.01026	0.01026	0.00342	0.01368	0.00912	0.00456	0.01140
4	0.71184	0.01985	0.01508	0.01350	0.01985	0.02302	0.01111	0.03017	0.01746	0.04604	0.01429	0.01667	0.01111	0.00953	0.00635	0.00318	0.00794	0.00556	0.00635	0.01111
5	0.02744	0.64552	0.05378	0.01756	0.02634	0.04061	0.01756	0.03073	0.02085	0.02414	0.01427	0.01646	0.01317	0.00878	0.00658	0.00219	0.01097	0.00549	0.00439	0.01317
6	0.04042	0.03635	0.02817	0.02374	0.03037	0.32017	0.01857	0.16023	0.03364	0.17344	0.02406	0.02404	0.01725	0.01151	0.00976	0.00288	0.01438	0.00815	0.00830	0.01459
7	0.03306	0.01793	0.02152	0.01809	0.02425	0.01812	0.01440	0.04673	0.23002	0.28210	0.09448	0.04071	0.03501	0.01396	0.01032	0.00324	0.00782	0.01160	0.06102	0.01563
8	0.02058	0.05308	0.58618	0.02925	0.04442	0.02383	0.03792	0.03250	0.02167	0.03250	0.01842	0.02167	0.01300	0.00975	0.00975	0.00325	0.01517	0.00758	0.00433	0.01517
9	0.01654	0.01181	0.01654	0.01890	0.02126	0.01181	0.01654	0.02126	0.02362	0.03071	0.05433	0.11576	0.05906	0.02835	0.01417	0.00472	0.00945	0.50626	0.00945	0.00945
10	0.21546	0.01807	0.02159	0.01705	0.02458	0.01710	0.01407	0.04496	0.02634	0.44595	0.03382	0.03028	0.02177	0.01189	0.00931	0.00318	0.00853	0.00911	0.01109	0.01585
11	0.01909	0.01362	0.01621	0.01480	0.01854	0.01355	0.01134	0.02905	0.14779	0.08068	0.35192	0.06761	0.13624	0.01939	0.01160	0.00331	0.00592	0.01675	0.01099	0.01163
12	0.01213	0.01040	0.01040	0.01040	0.01386	0.00866	0.00780	0.01473	0.02339	0.02772	0.10396	0.09876	0.57117	0.02599	0.01213	0.00347	0.00520	0.02166	0.00953	0.00866
13	0.02084	0.04480	0.44587	0.12614	0.09874	0.02372	0.03580	0.03140	0.02164	0.03159	0.01847	0.02293	0.01342	0.00977	0.00987	0.00326	0.01465	0.00798	0.00444	0.01467
14	0.01250	0.00893	0.01191	0.01429	0.01488	0.00834	0.00953	0.01429	0.01965	0.02620	0.05656	0.63265	0.06787	0.03215	0.01310	0.00417	0.00595	0.02917	0.00953	0.00834
15	0.01432	0.01033	0.01353	0.01305	0.01529	0.00955	0.00967	0.01885	0.02809	0.03963	0.51755	0.13338	0.09387	0.02212	0.01221	0.00332	0.00495	0.01964	0.01112	0.00955

[dist]
# distance from previous block
# <min> <max>
0	315

# created by:
# /st0/software/busco_prod/Augustus/scripts/msa2prfl.pl ./align_prep/7331.fa
