[name]
unknown

[dist]
# distance from previous block
# <min> <max>
0	562

[block]
# block no. 0 follows, 13 sequences, length 67
# corresponding to MSA columns:
# 688-708,719-764
name=unknown_A
#
# <colnr> <probs for GDERKNQSTAVLIFYWHMCP>
#	G	D	E	R	K	N	Q	S	T	A	V	L	I	F	Y	W	H	M	C	P
0	0.01646	0.01180	0.01656	0.01879	0.02099	0.01190	0.01599	0.02093	0.02331	0.03057	0.05385	0.16256	0.05881	0.03387	0.06333	0.00585	0.01096	0.40446	0.00940	0.00960
1	0.08089	0.02290	0.08448	0.41407	0.09752	0.02315	0.02800	0.03020	0.02187	0.06986	0.02023	0.02709	0.01488	0.01056	0.01017	0.00344	0.01326	0.00902	0.00549	0.01293
2	0.03595	0.08139	0.03494	0.02414	0.03227	0.02104	0.12696	0.04331	0.07201	0.30704	0.07975	0.03651	0.02966	0.01262	0.01083	0.00327	0.01076	0.01140	0.01021	0.01593
3	0.02289	0.02160	0.03585	0.31395	0.28612	0.02341	0.02930	0.02939	0.02251	0.03099	0.01928	0.02676	0.01541	0.00983	0.01029	0.00319	0.01288	0.00914	0.00507	0.07215
4	0.01288	0.00920	0.01227	0.01472	0.01534	0.00859	0.00981	0.01472	0.02024	0.02699	0.05828	0.62152	0.06993	0.03312	0.01350	0.00429	0.00613	0.03006	0.00981	0.00859
5	0.03479	0.02709	0.03678	0.07314	0.03962	0.02900	0.12313	0.31095	0.08477	0.09141	0.02680	0.02826	0.01914	0.01193	0.01098	0.00332	0.01261	0.01041	0.00925	0.01662
6	0.70310	0.02045	0.01554	0.01390	0.02045	0.02372	0.01145	0.03108	0.01799	0.04744	0.01472	0.01718	0.01145	0.00981	0.00654	0.00327	0.00818	0.00573	0.00654	0.01145
7	0.70310	0.02045	0.01554	0.01390	0.02045	0.02372	0.01145	0.03108	0.01799	0.04744	0.01472	0.01718	0.01145	0.00981	0.00654	0.00327	0.00818	0.00573	0.00654	0.01145
8	0.02131	0.02126	0.03835	0.43299	0.06511	0.02496	0.13485	0.02835	0.02153	0.02835	0.01892	0.02782	0.01449	0.01091	0.01309	0.00363	0.06695	0.01004	0.00483	0.01227
9	0.01538	0.01025	0.01153	0.01153	0.01153	0.01025	0.00641	0.01538	0.01538	0.02050	0.03331	0.06919	0.03844	0.62842	0.05382	0.01025	0.01025	0.01538	0.00641	0.00641
10	0.01997	0.01879	0.03171	0.60301	0.07282	0.02349	0.02936	0.02701	0.02114	0.02701	0.01879	0.02819	0.01409	0.01057	0.01057	0.00352	0.01409	0.00940	0.00470	0.01175
11	0.02233	0.01401	0.02104	0.01935	0.02238	0.01403	0.05353	0.05916	0.02212	0.07468	0.03319	0.05867	0.03223	0.03159	0.06572	0.27232	0.01158	0.15526	0.00745	0.00938
12	0.01288	0.00920	0.01227	0.01472	0.01534	0.00859	0.00981	0.01472	0.02024	0.02699	0.05828	0.62152	0.06993	0.03312	0.01350	0.00429	0.00613	0.03006	0.00981	0.00859
13	0.03950	0.05039	0.02996	0.02724	0.03269	0.58597	0.02043	0.04222	0.02996	0.02588	0.01634	0.01907	0.01362	0.01090	0.00953	0.00272	0.01907	0.00681	0.00545	0.01226
14	0.02121	0.05469	0.57364	0.03014	0.04576	0.02455	0.03906	0.03348	0.02232	0.03348	0.01897	0.02232	0.01339	0.01005	0.01005	0.00335	0.01563	0.00781	0.00446	0.01563
15	0.02928	0.02563	0.08000	0.11598	0.09043	0.02342	0.19628	0.03961	0.09309	0.15423	0.02809	0.03092	0.02002	0.01092	0.01122	0.00344	0.01347	0.01096	0.00762	0.01537
16	0.01325	0.00946	0.01269	0.01514	0.01592	0.00891	0.01046	0.01536	0.02061	0.02740	0.05807	0.57699	0.06913	0.03278	0.01359	0.00434	0.00645	0.07095	0.00981	0.00869
17	0.01510	0.01133	0.01699	0.01699	0.01888	0.01322	0.01322	0.01888	0.01699	0.02454	0.02832	0.04154	0.02643	0.07930	0.58652	0.01699	0.02832	0.01133	0.00566	0.00944
18	0.02630	0.02271	0.02391	0.02152	0.02749	0.02630	0.01674	0.05618	0.54336	0.04423	0.04303	0.03945	0.03228	0.01434	0.01076	0.00359	0.00837	0.01195	0.01076	0.01674
19	0.02841	0.02162	0.02597	0.15148	0.03741	0.02463	0.01935	0.12130	0.26826	0.08844	0.03410	0.03441	0.02506	0.01299	0.01044	0.00340	0.00998	0.01074	0.05657	0.01544
20	0.02886	0.10688	0.08005	0.02545	0.07681	0.02786	0.02047	0.16020	0.18520	0.04396	0.02725	0.02778	0.02083	0.01147	0.00967	0.00295	0.01049	0.00910	0.00819	0.11651
21	0.70310	0.02045	0.01554	0.01390	0.02045	0.02372	0.01145	0.03108	0.01799	0.04744	0.01472	0.01718	0.01145	0.00981	0.00654	0.00327	0.00818	0.00573	0.00654	0.01145
22	0.08521	0.25541	0.03685	0.01930	0.02760	0.02980	0.01708	0.12503	0.06106	0.20483	0.02672	0.02575	0.01926	0.01132	0.00887	0.00289	0.01023	0.00827	0.00877	0.01575
23	0.02767	0.27717	0.27863	0.02405	0.03587	0.03153	0.02733	0.08309	0.02526	0.07041	0.01950	0.02147	0.01480	0.01013	0.00886	0.00290	0.01308	0.00733	0.00569	0.01522
24	0.14079	0.01834	0.02326	0.01811	0.02606	0.01670	0.01496	0.04862	0.02852	0.49542	0.03787	0.03331	0.02408	0.01262	0.01005	0.00327	0.00888	0.00993	0.01215	0.01706
25	0.01433	0.01107	0.01660	0.01689	0.01830	0.01045	0.05489	0.01652	0.01993	0.02662	0.05124	0.48556	0.06040	0.12086	0.01949	0.00513	0.00779	0.02628	0.00890	0.00876
26	0.03344	0.07022	0.10584	0.15154	0.04043	0.02368	0.02318	0.08712	0.02719	0.23713	0.02742	0.02878	0.01890	0.01224	0.01235	0.00337	0.06398	0.00937	0.00841	0.01539
27	0.01517	0.01083	0.01489	0.01734	0.01895	0.01056	0.01379	0.01868	0.02250	0.02955	0.05701	0.34514	0.06493	0.03097	0.01411	0.00461	0.00812	0.28387	0.00977	0.00922
28	0.01592	0.01154	0.01548	0.01648	0.01901	0.01110	0.01368	0.02069	0.02649	0.03559	0.25347	0.10246	0.11023	0.02610	0.01363	0.00418	0.00760	0.27611	0.01048	0.00977
29	0.08084	0.02891	0.04614	0.04158	0.15524	0.08208	0.25405	0.06653	0.07052	0.03719	0.02214	0.02693	0.01710	0.00999	0.01103	0.00335	0.01488	0.01050	0.00621	0.01482
30	0.08182	0.07479	0.14636	0.08563	0.04219	0.02550	0.14656	0.07299	0.06401	0.12098	0.02471	0.02726	0.01771	0.01072	0.01036	0.00333	0.01324	0.00966	0.00713	0.01505
31	0.02961	0.13709	0.08916	0.03151	0.04042	0.07990	0.20208	0.13918	0.02912	0.03786	0.01979	0.02406	0.01542	0.01086	0.01261	0.00326	0.06772	0.00952	0.00620	0.01463
32	0.02192	0.01879	0.02192	0.01566	0.02506	0.01409	0.01253	0.02662	0.02192	0.03445	0.01879	0.02192	0.01566	0.00783	0.00783	0.00157	0.00783	0.00626	0.00626	0.69305
33	0.29468	0.03272	0.21318	0.02598	0.08417	0.02402	0.02426	0.03347	0.02106	0.08611	0.01904	0.02193	0.01412	0.01075	0.01046	0.00338	0.05302	0.00749	0.00614	0.01401
34	0.01458	0.01076	0.01410	0.01569	0.01713	0.01070	0.01125	0.01915	0.05879	0.02976	0.09795	0.43786	0.06520	0.03453	0.06410	0.00533	0.00847	0.06553	0.00967	0.00947
35	0.01576	0.01069	0.01280	0.01336	0.01392	0.01069	0.00885	0.01688	0.01744	0.02306	0.03853	0.08071	0.04360	0.49053	0.04479	0.00901	0.01013	0.12490	0.00717	0.00717
36	0.07851	0.18055	0.15048	0.03015	0.11019	0.02963	0.06372	0.11924	0.02765	0.08406	0.02099	0.02337	0.01586	0.01032	0.00939	0.00303	0.01251	0.00826	0.00660	0.01548
37	0.03282	0.02897	0.14167	0.03064	0.04050	0.02241	0.19911	0.04001	0.02587	0.24069	0.02825	0.02985	0.01931	0.01145	0.01294	0.00349	0.05747	0.01065	0.00813	0.01576
38	0.01510	0.01133	0.01699	0.01699	0.01888	0.01322	0.01322	0.01888	0.01699	0.02454	0.02832	0.04154	0.02643	0.07930	0.58652	0.01699	0.02832	0.01133	0.00566	0.00944
39	0.02313	0.02313	0.03238	0.02776	0.02776	0.03238	0.02313	0.02545	0.01619	0.02545	0.01388	0.02313	0.01388	0.01851	0.03470	0.00463	0.60907	0.00925	0.00463	0.01157
40	0.03052	0.12765	0.27505	0.02341	0.03467	0.02320	0.02611	0.03824	0.02534	0.20998	0.06281	0.02992	0.02358	0.01169	0.00991	0.00316	0.01205	0.00919	0.00782	0.01571
41	0.70310	0.02045	0.01554	0.01390	0.02045	0.02372	0.01145	0.03108	0.01799	0.04744	0.01472	0.01718	0.01145	0.00981	0.00654	0.00327	0.00818	0.00573	0.00654	0.01145
42	0.01538	0.01025	0.01153	0.01153	0.01153	0.01025	0.00641	0.01538	0.01538	0.02050	0.03331	0.06919	0.03844	0.62842	0.05382	0.01025	0.01025	0.01538	0.00641	0.00641
43	0.02416	0.02157	0.04002	0.38074	0.06310	0.02366	0.17344	0.03147	0.02317	0.08299	0.02183	0.02906	0.01587	0.01033	0.01114	0.00351	0.01468	0.01043	0.00572	0.01311
44	0.02736	0.03751	0.28646	0.11636	0.04709	0.02380	0.10162	0.07195	0.02587	0.12518	0.02359	0.02662	0.01636	0.01067	0.01061	0.00338	0.01430	0.00932	0.00653	0.01542
45	0.02496	0.02852	0.06239	0.04456	0.05526	0.02674	0.52406	0.03387	0.02496	0.03387	0.02139	0.02852	0.01604	0.00891	0.01248	0.00357	0.01783	0.01248	0.00535	0.01426
46	0.02281	0.01904	0.02090	0.01899	0.02389	0.02127	0.01465	0.04502	0.38512	0.04367	0.20140	0.05163	0.05308	0.01659	0.01129	0.00351	0.00733	0.01416	0.01103	0.01465
47	0.02659	0.02743	0.11352	0.13915	0.31951	0.02391	0.03012	0.03527	0.06005	0.08706	0.02336	0.02785	0.01786	0.01040	0.01046	0.00328	0.01260	0.00948	0.00620	0.01590
48	0.22526	0.02943	0.11363	0.02825	0.11404	0.02650	0.02223	0.19702	0.03096	0.08560	0.02159	0.02341	0.01576	0.01097	0.00933	0.00323	0.01124	0.00823	0.00779	0.01555
49	0.01837	0.00918	0.01377	0.01377	0.01377	0.00918	0.00918	0.01377	0.01377	0.01837	0.01837	0.03214	0.01837	0.03673	0.04132	0.69238	0.00918	0.00918	0.00459	0.00459
50	0.02192	0.01879	0.02192	0.01566	0.02506	0.01409	0.01253	0.02662	0.02192	0.03445	0.01879	0.02192	0.01566	0.00783	0.00783	0.00157	0.00783	0.00626	0.00626	0.69305
51	0.02451	0.02203	0.03252	0.03150	0.11629	0.02309	0.11349	0.07998	0.21032	0.04006	0.07163	0.11978	0.03557	0.01558	0.01153	0.00356	0.01054	0.01452	0.00877	0.01475
52	0.02314	0.02465	0.04235	0.18324	0.08886	0.07185	0.23584	0.02972	0.02361	0.03038	0.02598	0.12077	0.02386	0.01336	0.01174	0.00356	0.01475	0.01373	0.00588	0.01273
53	0.02192	0.01879	0.02192	0.01566	0.02506	0.01409	0.01253	0.02662	0.02192	0.03445	0.01879	0.02192	0.01566	0.00783	0.00783	0.00157	0.00783	0.00626	0.00626	0.69305
54	0.01476	0.01065	0.01395	0.01344	0.01575	0.00984	0.00996	0.01943	0.02897	0.04087	0.50732	0.13291	0.09680	0.02276	0.01257	0.00342	0.00510	0.02021	0.01146	0.00984
55	0.02561	0.40453	0.17183	0.06194	0.03465	0.03574	0.02417	0.03122	0.02119	0.02707	0.01590	0.01951	0.01359	0.01021	0.01024	0.00281	0.06480	0.00673	0.00453	0.01374
56	0.02059	0.01583	0.02445	0.02320	0.07065	0.01524	0.08016	0.02803	0.07335	0.08054	0.30443	0.11482	0.06684	0.01872	0.01210	0.00346	0.00806	0.01719	0.01011	0.01222
57	0.03756	0.01553	0.01999	0.01608	0.02260	0.01359	0.01304	0.04159	0.02797	0.39930	0.04999	0.04616	0.10379	0.01495	0.01034	0.00318	0.00776	0.01220	0.12914	0.01527
58	0.03228	0.01464	0.01896	0.01621	0.02165	0.01287	0.01281	0.03558	0.02639	0.32483	0.05677	0.11017	0.14181	0.07264	0.01533	0.00415	0.00817	0.04973	0.01131	0.01371
59	0.12856	0.02577	0.07616	0.23051	0.08338	0.06451	0.02388	0.07838	0.02580	0.13101	0.02277	0.02639	0.01629	0.01099	0.00986	0.00331	0.01249	0.00876	0.00705	0.01410
60	0.02004	0.01013	0.01502	0.01460	0.01547	0.01022	0.01022	0.01728	0.01544	0.05984	0.02149	0.03375	0.02008	0.04101	0.11618	0.54611	0.01188	0.00959	0.00537	0.00626
61	0.01304	0.00933	0.01241	0.01461	0.01537	0.00870	0.00983	0.01513	0.02100	0.02820	0.09733	0.57902	0.07227	0.03222	0.01341	0.00422	0.00604	0.02920	0.00996	0.00870
62	0.02429	0.02325	0.07207	0.34187	0.13332	0.02359	0.07161	0.03317	0.06120	0.07854	0.02301	0.02904	0.01701	0.01072	0.01071	0.00344	0.01343	0.00986	0.00601	0.01388
63	0.21855	0.02341	0.02823	0.03065	0.15571	0.02596	0.02006	0.11634	0.10191	0.08963	0.02404	0.02604	0.01828	0.01188	0.01157	0.00339	0.06246	0.00886	0.00788	0.01512
64	0.02276	0.01971	0.03039	0.10823	0.16297	0.02190	0.05756	0.06317	0.02343	0.03396	0.02737	0.11854	0.02566	0.01537	0.01470	0.00354	0.11164	0.01282	0.11348	0.01281
65	0.07093	0.01998	0.02317	0.05907	0.02898	0.01730	0.01443	0.07672	0.02436	0.03801	0.01917	0.02239	0.01548	0.00865	0.00821	0.00199	0.00869	0.00678	0.00660	0.52909
66	0.02442	0.07470	0.03934	0.09767	0.23409	0.02433	0.10021	0.06523	0.02454	0.03380	0.02328	0.06804	0.02064	0.01731	0.06092	0.00436	0.01398	0.01096	0.00594	0.05623

[dist]
# distance from previous block
# <min> <max>
0	1

[block]
# block no. 1 follows, 13 sequences, length 19
# corresponding to MSA columns:
# 766-784
name=unknown_B
#
# <colnr> <probs for GDERKNQSTAVLIFYWHMCP>
#	G	D	E	R	K	N	Q	S	T	A	V	L	I	F	Y	W	H	M	C	P
0	0.20973	0.08660	0.07332	0.02200	0.05951	0.06795	0.01817	0.10849	0.02748	0.13882	0.02975	0.03000	0.06148	0.01226	0.00918	0.00314	0.01066	0.00905	0.00808	0.01436
1	0.02211	0.01458	0.01930	0.02049	0.06404	0.01529	0.01357	0.02885	0.15485	0.06142	0.03190	0.11556	0.02950	0.02666	0.02503	0.31749	0.00882	0.01291	0.00750	0.01015
2	0.01912	0.01395	0.01737	0.06457	0.02309	0.01403	0.01279	0.02794	0.11322	0.07617	0.31058	0.06911	0.15691	0.01978	0.01190	0.00342	0.00667	0.01707	0.01069	0.01163
3	0.01472	0.01080	0.01380	0.01305	0.01565	0.00987	0.00978	0.01948	0.02935	0.04104	0.51257	0.08122	0.14493	0.02212	0.01247	0.00335	0.00502	0.01944	0.01146	0.00987
4	0.04744	0.01799	0.02454	0.01881	0.02699	0.01554	0.01554	0.05153	0.03026	0.56979	0.04171	0.03599	0.02617	0.01309	0.01063	0.00327	0.00900	0.01063	0.01309	0.01799
5	0.02827	0.63478	0.05540	0.01809	0.02714	0.04184	0.01809	0.03166	0.02148	0.02488	0.01470	0.01696	0.01357	0.00905	0.00678	0.00226	0.01131	0.00565	0.00452	0.01357
6	0.01438	0.01000	0.01166	0.01236	0.01289	0.00964	0.00754	0.01517	0.01763	0.02316	0.04776	0.23055	0.09888	0.39845	0.03818	0.00788	0.00859	0.02027	0.00772	0.00728
7	0.70310	0.02045	0.01554	0.01390	0.02045	0.02372	0.01145	0.03108	0.01799	0.04744	0.01472	0.01718	0.01145	0.00981	0.00654	0.00327	0.00818	0.00573	0.00654	0.01145
8	0.01971	0.00985	0.00985	0.00985	0.01232	0.00985	0.00739	0.02464	0.02217	0.03942	0.03449	0.03942	0.02710	0.01232	0.00739	0.00246	0.00493	0.00985	0.68712	0.00985
9	0.70310	0.02045	0.01554	0.01390	0.02045	0.02372	0.01145	0.03108	0.01799	0.04744	0.01472	0.01718	0.01145	0.00981	0.00654	0.00327	0.00818	0.00573	0.00654	0.01145
10	0.02757	0.57738	0.10668	0.01928	0.02898	0.04013	0.02017	0.03184	0.02157	0.02573	0.01512	0.01749	0.01355	0.00914	0.00711	0.00237	0.01173	0.00587	0.00452	0.01377
11	0.04744	0.01799	0.02454	0.01881	0.02699	0.01554	0.01554	0.05153	0.03026	0.56979	0.04171	0.03599	0.02617	0.01309	0.01063	0.00327	0.00900	0.01063	0.01309	0.01799
12	0.02309	0.03918	0.29713	0.09081	0.19313	0.02498	0.11518	0.03271	0.02314	0.03329	0.01961	0.02490	0.01482	0.00973	0.01060	0.00334	0.01500	0.00915	0.00484	0.01539
13	0.01300	0.00954	0.01222	0.01407	0.01523	0.00875	0.00959	0.01522	0.02156	0.02848	0.10627	0.50707	0.13752	0.03132	0.01328	0.00412	0.00594	0.02812	0.00997	0.00875
14	0.09609	0.01769	0.02320	0.01848	0.02605	0.01589	0.01535	0.04741	0.02880	0.48325	0.04082	0.04159	0.02797	0.01420	0.01065	0.00341	0.00900	0.05109	0.01229	0.01678
15	0.03035	0.01872	0.02824	0.25270	0.09685	0.01987	0.02225	0.03765	0.06103	0.22317	0.07431	0.03583	0.02715	0.01255	0.01076	0.00338	0.01097	0.01084	0.00873	0.01465
16	0.02405	0.01990	0.02665	0.07378	0.06817	0.02136	0.05664	0.13297	0.14195	0.04115	0.07825	0.19156	0.04073	0.01847	0.01168	0.00363	0.00970	0.01647	0.00922	0.01368
17	0.02508	0.01315	0.01675	0.01450	0.01913	0.01156	0.01135	0.02923	0.02866	0.21293	0.28044	0.07021	0.18421	0.02003	0.01187	0.00337	0.00640	0.01708	0.01168	0.01237
18	0.14023	0.02594	0.10574	0.07607	0.14965	0.02133	0.05622	0.03386	0.02319	0.11695	0.02202	0.02516	0.01638	0.00989	0.00944	0.00298	0.01132	0.00839	0.00669	0.13853

[dist]
# distance from previous block
# <min> <max>
1	21

[block]
# block no. 2 follows, 13 sequences, length 9
# corresponding to MSA columns:
# 806-814
name=unknown_C
#
# <colnr> <probs for GDERKNQSTAVLIFYWHMCP>
#	G	D	E	R	K	N	Q	S	T	A	V	L	I	F	Y	W	H	M	C	P
0	0.02622	0.02832	0.07722	0.11518	0.30667	0.07392	0.02828	0.03763	0.13158	0.03480	0.02417	0.02825	0.01911	0.01076	0.01043	0.00326	0.01268	0.00959	0.00627	0.01566
1	0.01588	0.01062	0.01331	0.01264	0.01513	0.00995	0.00948	0.02085	0.02844	0.04183	0.45651	0.07138	0.08580	0.01983	0.01149	0.00316	0.00498	0.01734	0.14143	0.00995
2	0.02070	0.01872	0.02650	0.07004	0.02722	0.02487	0.01929	0.02257	0.01633	0.02419	0.01844	0.03175	0.01850	0.09931	0.08779	0.07470	0.37387	0.01020	0.00494	0.01006
3	0.04019	0.02962	0.03173	0.02433	0.03279	0.03279	0.02010	0.52721	0.04971	0.06663	0.02538	0.02538	0.01798	0.01269	0.01058	0.00317	0.01163	0.00952	0.01058	0.01798
4	0.01476	0.01014	0.01236	0.01294	0.01331	0.01022	0.00802	0.01565	0.01670	0.02250	0.03852	0.19438	0.04431	0.42334	0.10898	0.00968	0.01148	0.01830	0.00711	0.00728
5	0.02827	0.63478	0.05540	0.01809	0.02714	0.04184	0.01809	0.03166	0.02148	0.02488	0.01470	0.01696	0.01357	0.00905	0.00678	0.00226	0.01131	0.00565	0.00452	0.01357
6	0.01288	0.00920	0.01227	0.01472	0.01534	0.00859	0.00981	0.01472	0.02024	0.02699	0.05828	0.62152	0.06993	0.03312	0.01350	0.00429	0.00613	0.03006	0.00981	0.00859
7	0.02050	0.02480	0.15412	0.02374	0.03112	0.01687	0.11591	0.02760	0.02639	0.07542	0.24831	0.10021	0.05568	0.01687	0.01186	0.00346	0.01032	0.01555	0.00871	0.01257
8	0.04165	0.02182	0.02624	0.02071	0.02855	0.02192	0.01692	0.17288	0.13122	0.34398	0.03782	0.03395	0.02524	0.01322	0.01064	0.00331	0.00955	0.01060	0.01202	0.01775

[dist]
# distance from previous block
# <min> <max>
0	2

[block]
# block no. 3 follows, 13 sequences, length 43
# corresponding to MSA columns:
# 817-838,840-860
name=unknown_D
#
# <colnr> <probs for GDERKNQSTAVLIFYWHMCP>
#	G	D	E	R	K	N	Q	S	T	A	V	L	I	F	Y	W	H	M	C	P
0	0.02690	0.10418	0.03045	0.07699	0.03151	0.02894	0.01905	0.10834	0.22918	0.03957	0.02889	0.03060	0.02254	0.01363	0.01408	0.00345	0.11302	0.00992	0.05408	0.01466
1	0.04342	0.01787	0.02375	0.01864	0.02624	0.01603	0.01525	0.04968	0.07213	0.48971	0.07813	0.03930	0.03186	0.01379	0.01077	0.00330	0.00866	0.01134	0.01279	0.01733
2	0.02192	0.01879	0.02192	0.01566	0.02506	0.01409	0.01253	0.02662	0.02192	0.03445	0.01879	0.02192	0.01566	0.00783	0.00783	0.00157	0.00783	0.00626	0.00626	0.69305
3	0.53889	0.02455	0.09740	0.01608	0.02335	0.02259	0.01505	0.02998	0.01839	0.04289	0.01707	0.02276	0.01424	0.06719	0.01144	0.00393	0.00947	0.00693	0.00622	0.01160
4	0.01496	0.01081	0.01413	0.01330	0.01580	0.00998	0.00998	0.01995	0.02993	0.04240	0.55689	0.07898	0.09976	0.02162	0.01247	0.00333	0.00499	0.01912	0.01164	0.00998
5	0.01329	0.01074	0.01181	0.01154	0.01477	0.00926	0.00866	0.01671	0.02597	0.03301	0.25161	0.09444	0.41090	0.02512	0.01249	0.00349	0.00524	0.02129	0.01040	0.00926
6	0.04744	0.01799	0.02454	0.01881	0.02699	0.01554	0.01554	0.05153	0.03026	0.56979	0.04171	0.03599	0.02617	0.01309	0.01063	0.00327	0.00900	0.01063	0.01309	0.01799
7	0.02234	0.01063	0.01125	0.01071	0.01371	0.01039	0.00817	0.02719	0.02294	0.08981	0.03518	0.03909	0.02701	0.01239	0.00770	0.00254	0.00531	0.00993	0.62307	0.01063
8	0.03758	0.15028	0.03431	0.02568	0.03174	0.49296	0.02003	0.04041	0.02851	0.02571	0.01606	0.01871	0.01361	0.01058	0.00906	0.00264	0.01774	0.00661	0.00529	0.01248
9	0.01704	0.01217	0.01704	0.01947	0.02191	0.01217	0.01704	0.02191	0.02434	0.03164	0.05598	0.11926	0.06085	0.02921	0.01460	0.00487	0.00974	0.49130	0.00974	0.00974
10	0.04396	0.02090	0.02601	0.02023	0.02827	0.02020	0.01662	0.15327	0.08127	0.41462	0.03836	0.03405	0.02499	0.01312	0.01063	0.00328	0.00950	0.01052	0.01234	0.01788
11	0.03213	0.12239	0.03441	0.14949	0.08696	0.06699	0.02201	0.03657	0.02411	0.19124	0.02422	0.02708	0.01784	0.01223	0.01363	0.00332	0.10473	0.00895	0.00730	0.01441
12	0.01711	0.01324	0.01596	0.01580	0.01855	0.01358	0.01160	0.02726	0.15415	0.03790	0.26925	0.24348	0.07344	0.02351	0.01238	0.00370	0.00619	0.02086	0.01083	0.01121
13	0.02192	0.01879	0.02192	0.01566	0.02506	0.01409	0.01253	0.02662	0.02192	0.03445	0.01879	0.02192	0.01566	0.00783	0.00783	0.00157	0.00783	0.00626	0.00626	0.69305
14	0.01288	0.00920	0.01227	0.01472	0.01534	0.00859	0.00981	0.01472	0.02024	0.02699	0.05828	0.62152	0.06993	0.03312	0.01350	0.00429	0.00613	0.03006	0.00981	0.00859
15	0.13758	0.07724	0.16207	0.02263	0.06210	0.02136	0.02107	0.03391	0.02285	0.12390	0.02170	0.02343	0.01605	0.00976	0.00871	0.00272	0.01057	0.00742	0.00679	0.20815
16	0.03062	0.48327	0.04836	0.01900	0.02768	0.03779	0.01798	0.08106	0.06736	0.07047	0.01999	0.02098	0.01643	0.01011	0.00774	0.00253	0.01093	0.00689	0.00622	0.01456
17	0.08978	0.07189	0.10641	0.02082	0.02977	0.07226	0.01930	0.04508	0.02753	0.36289	0.03208	0.02965	0.02114	0.01190	0.00986	0.00316	0.01100	0.00914	0.01001	0.01631
18	0.04187	0.02693	0.03007	0.02305	0.03145	0.02880	0.01904	0.41725	0.04522	0.18294	0.02916	0.02784	0.01987	0.01278	0.01059	0.00320	0.01102	0.00978	0.01116	0.01798
19	0.01531	0.01074	0.01382	0.01305	0.01554	0.00997	0.00979	0.02030	0.02936	0.04218	0.51840	0.07606	0.09441	0.02093	0.01210	0.00326	0.00498	0.01844	0.06140	0.00997
20	0.02789	0.58978	0.05371	0.01880	0.02718	0.04114	0.01846	0.03120	0.02109	0.02492	0.01464	0.01741	0.01359	0.00974	0.00884	0.00244	0.05528	0.00592	0.00453	0.01342
21	0.03039	0.01412	0.01847	0.01545	0.02071	0.01250	0.01226	0.03476	0.02908	0.28957	0.24203	0.05790	0.09759	0.01739	0.01126	0.00326	0.00690	0.01475	0.05793	0.01366
22	0.04381	0.01775	0.02341	0.01835	0.02595	0.01593	0.01503	0.04990	0.06818	0.49127	0.04128	0.03650	0.02670	0.01312	0.01040	0.00324	0.00865	0.01067	0.06257	0.01730
23	0.01444	0.01079	0.01341	0.01275	0.01548	0.00975	0.00957	0.01894	0.02870	0.03948	0.46189	0.08379	0.19658	0.02271	0.01248	0.00338	0.00507	0.01980	0.01125	0.00975
24	0.01553	0.01043	0.01205	0.01229	0.01252	0.01043	0.00742	0.01600	0.01623	0.02156	0.03547	0.07395	0.04057	0.57149	0.05009	0.00974	0.01020	0.06059	0.00672	0.00672
25	0.03172	0.02144	0.02268	0.01834	0.02432	0.02330	0.01484	0.31939	0.03832	0.05538	0.02915	0.03119	0.02175	0.01254	0.00926	0.00288	0.00886	0.00966	0.29034	0.01462
26	0.01288	0.00920	0.01227	0.01472	0.01534	0.00859	0.00981	0.01472	0.02024	0.02699	0.05828	0.62152	0.06993	0.03312	0.01350	0.00429	0.00613	0.03006	0.00981	0.00859
27	0.04248	0.02594	0.02946	0.02258	0.03096	0.02734	0.01866	0.37689	0.04357	0.22563	0.03054	0.02874	0.02057	0.01282	0.01059	0.00320	0.01080	0.00987	0.01137	0.01798
28	0.01288	0.00920	0.01227	0.01472	0.01534	0.00859	0.00981	0.01472	0.02024	0.02699	0.05828	0.62152	0.06993	0.03312	0.01350	0.00429	0.00613	0.03006	0.00981	0.00859
29	0.01704	0.01217	0.01704	0.01947	0.02191	0.01217	0.01704	0.02191	0.02434	0.03164	0.05598	0.11926	0.06085	0.02921	0.01460	0.00487	0.00974	0.49130	0.00974	0.00974
30	0.70310	0.02045	0.01554	0.01390	0.02045	0.02372	0.01145	0.03108	0.01799	0.04744	0.01472	0.01718	0.01145	0.00981	0.00654	0.00327	0.00818	0.00573	0.00654	0.01145
31	0.02540	0.02176	0.02313	0.02086	0.02656	0.02500	0.01620	0.05330	0.50249	0.04408	0.08394	0.04259	0.03765	0.01492	0.01089	0.00357	0.00810	0.01252	0.01083	0.01620
32	0.02827	0.63478	0.05540	0.01809	0.02714	0.04184	0.01809	0.03166	0.02148	0.02488	0.01470	0.01696	0.01357	0.00905	0.00678	0.00226	0.01131	0.00565	0.00452	0.01357
33	0.01510	0.01133	0.01699	0.01699	0.01888	0.01322	0.01322	0.01888	0.01699	0.02454	0.02832	0.04154	0.02643	0.07930	0.58652	0.01699	0.02832	0.01133	0.00566	0.00944
34	0.51899	0.01931	0.01680	0.01450	0.02112	0.02105	0.01180	0.02916	0.01860	0.04302	0.01670	0.02027	0.01358	0.01591	0.06053	0.00424	0.00998	0.00634	0.00641	0.13168
35	0.03570	0.02357	0.03041	0.08188	0.12182	0.02472	0.02114	0.24704	0.03598	0.17503	0.03024	0.07305	0.02328	0.01358	0.01079	0.00331	0.01097	0.01130	0.00969	0.01650
36	0.01830	0.01096	0.01272	0.01220	0.01294	0.01073	0.00724	0.01868	0.01674	0.07067	0.03408	0.06616	0.03732	0.57222	0.04987	0.00961	0.01014	0.01494	0.00702	0.00746
37	0.01304	0.00949	0.01229	0.01422	0.01528	0.00875	0.00966	0.01524	0.02149	0.02854	0.10834	0.52379	0.11791	0.03149	0.01331	0.00414	0.00596	0.02834	0.00998	0.00875
38	0.02398	0.03720	0.31745	0.08119	0.04156	0.02097	0.06648	0.03301	0.02426	0.11045	0.06924	0.03597	0.06634	0.01267	0.01074	0.00339	0.01307	0.01074	0.00676	0.01453
39	0.02121	0.05469	0.57364	0.03014	0.04576	0.02455	0.03906	0.03348	0.02232	0.03348	0.01897	0.02232	0.01339	0.01005	0.01005	0.00335	0.01563	0.00781	0.00446	0.01563
40	0.04744	0.01799	0.02454	0.01881	0.02699	0.01554	0.01554	0.05153	0.03026	0.56979	0.04171	0.03599	0.02617	0.01309	0.01063	0.00327	0.00900	0.01063	0.01309	0.01799
41	0.02745	0.02036	0.02653	0.02224	0.02547	0.02435	0.01821	0.11133	0.02728	0.11579	0.15669	0.03945	0.03799	0.01753	0.02158	0.00386	0.27011	0.01198	0.00861	0.01317
42	0.01997	0.01879	0.03171	0.60301	0.07282	0.02349	0.02936	0.02701	0.02114	0.02701	0.01879	0.02819	0.01409	0.01057	0.01057	0.00352	0.01409	0.00940	0.00470	0.01175

[dist]
# distance from previous block
# <min> <max>
0	47

[block]
# block no. 4 follows, 13 sequences, length 21
# corresponding to MSA columns:
# 908-919,922-930
name=unknown_E
#
# <colnr> <probs for GDERKNQSTAVLIFYWHMCP>
#	G	D	E	R	K	N	Q	S	T	A	V	L	I	F	Y	W	H	M	C	P
0	0.01925	0.01182	0.01511	0.01370	0.01717	0.01062	0.01048	0.02376	0.02909	0.11603	0.41455	0.07627	0.15886	0.02118	0.01221	0.00335	0.00562	0.01839	0.01157	0.01097
1	0.01444	0.01070	0.01363	0.01515	0.01654	0.01045	0.01049	0.01936	0.07066	0.03082	0.12844	0.48907	0.07069	0.02971	0.01309	0.00409	0.00618	0.02679	0.01017	0.00955
2	0.02372	0.02221	0.03727	0.13017	0.41783	0.02273	0.02881	0.02992	0.02452	0.03465	0.09685	0.03402	0.02831	0.01133	0.01077	0.00322	0.01168	0.01081	0.00608	0.01510
3	0.02216	0.01811	0.02119	0.01597	0.02382	0.01497	0.01270	0.07212	0.02623	0.03915	0.13350	0.03435	0.03371	0.01121	0.00907	0.00209	0.00758	0.00930	0.00781	0.48496
4	0.49837	0.02121	0.02150	0.06517	0.10644	0.02412	0.01633	0.03295	0.06024	0.04375	0.01801	0.02108	0.01407	0.01016	0.00776	0.00329	0.00929	0.00704	0.00654	0.01268
5	0.70310	0.02045	0.01554	0.01390	0.02045	0.02372	0.01145	0.03108	0.01799	0.04744	0.01472	0.01718	0.01145	0.00981	0.00654	0.00327	0.00818	0.00573	0.00654	0.01145
6	0.01882	0.01154	0.01676	0.01872	0.06011	0.01134	0.01217	0.01910	0.01867	0.06356	0.03839	0.18519	0.07444	0.03726	0.10575	0.26555	0.01114	0.01582	0.00712	0.00857
7	0.01318	0.00943	0.01254	0.01452	0.01540	0.00879	0.00984	0.01547	0.02163	0.02920	0.12987	0.54361	0.07421	0.03147	0.01335	0.00415	0.00597	0.02849	0.01008	0.00879
8	0.01837	0.00918	0.01377	0.01377	0.01377	0.00918	0.00918	0.01377	0.01377	0.01837	0.01837	0.03214	0.01837	0.03673	0.04132	0.69238	0.00918	0.00918	0.00459	0.00459
9	0.01250	0.01071	0.01071	0.01071	0.01428	0.00893	0.00803	0.01517	0.02410	0.02856	0.10711	0.10175	0.55817	0.02678	0.01250	0.00357	0.00536	0.02231	0.00982	0.00893
10	0.04744	0.01799	0.02454	0.01881	0.02699	0.01554	0.01554	0.05153	0.03026	0.56979	0.04171	0.03599	0.02617	0.01309	0.01063	0.00327	0.00900	0.01063	0.01309	0.01799
11	0.02121	0.05469	0.57364	0.03014	0.04576	0.02455	0.03906	0.03348	0.02232	0.03348	0.01897	0.02232	0.01339	0.01005	0.01005	0.00335	0.01563	0.00781	0.00446	0.01563
12	0.01496	0.01081	0.01413	0.01330	0.01580	0.00998	0.00998	0.01995	0.02993	0.04240	0.55689	0.07898	0.09976	0.02162	0.01247	0.00333	0.00499	0.01912	0.01164	0.00998
13	0.02556	0.02143	0.03865	0.34720	0.10165	0.02323	0.14151	0.03255	0.02357	0.10714	0.02277	0.02922	0.01649	0.01046	0.01101	0.00347	0.01410	0.01029	0.00610	0.01362
14	0.04019	0.02962	0.03173	0.02433	0.03279	0.03279	0.02010	0.52721	0.04971	0.06663	0.02538	0.02538	0.01798	0.01269	0.01058	0.00317	0.01163	0.00952	0.01058	0.01798
15	0.01997	0.01879	0.03171	0.60301	0.07282	0.02349	0.02936	0.02701	0.02114	0.02701	0.01879	0.02819	0.01409	0.01057	0.01057	0.00352	0.01409	0.00940	0.00470	0.01175
16	0.01538	0.01025	0.01153	0.01153	0.01153	0.01025	0.00641	0.01538	0.01538	0.02050	0.03331	0.06919	0.03844	0.62842	0.05382	0.01025	0.01025	0.01538	0.00641	0.00641
17	0.03096	0.22151	0.03371	0.01931	0.02629	0.02672	0.01696	0.10648	0.07730	0.14630	0.07137	0.04470	0.03232	0.01496	0.01013	0.00321	0.00989	0.08430	0.00906	0.01454
18	0.25110	0.08227	0.07005	0.09774	0.03528	0.02705	0.05845	0.10332	0.02492	0.08070	0.01956	0.02290	0.01472	0.01113	0.01089	0.00333	0.05810	0.00806	0.00679	0.01365
19	0.17322	0.03209	0.18300	0.12077	0.14951	0.02549	0.02753	0.10119	0.02541	0.04041	0.01911	0.02333	0.01442	0.01032	0.00953	0.00329	0.01257	0.00817	0.00597	0.01469
20	0.12926	0.20003	0.03498	0.02163	0.02908	0.19387	0.01812	0.14752	0.03043	0.07584	0.01948	0.02083	0.01516	0.01079	0.00867	0.00281	0.01304	0.00722	0.00703	0.01420

[dist]
# distance from previous block
# <min> <max>
0	18

[block]
# block no. 5 follows, 13 sequences, length 21
# corresponding to MSA columns:
# 976-996
name=unknown_F
#
# <colnr> <probs for GDERKNQSTAVLIFYWHMCP>
#	G	D	E	R	K	N	Q	S	T	A	V	L	I	F	Y	W	H	M	C	P
0	0.43831	0.02653	0.11138	0.09400	0.03468	0.02413	0.07093	0.03124	0.01980	0.04124	0.01660	0.02056	0.01257	0.00985	0.00822	0.00335	0.01111	0.00722	0.00586	0.01244
1	0.14797	0.02633	0.07206	0.03151	0.13930	0.05879	0.06204	0.07432	0.02644	0.14362	0.05789	0.02915	0.02246	0.01192	0.01155	0.00332	0.04910	0.00960	0.00776	0.01484
2	0.12030	0.03247	0.19719	0.02301	0.03338	0.02336	0.02344	0.15242	0.03069	0.22031	0.02743	0.02690	0.01843	0.01163	0.00992	0.00327	0.01158	0.00887	0.00898	0.01642
3	0.02620	0.11784	0.02700	0.01905	0.02465	0.06799	0.01536	0.14244	0.12668	0.04074	0.10602	0.11606	0.09216	0.01745	0.01074	0.00327	0.00938	0.01428	0.00922	0.01348
4	0.01383	0.01004	0.01193	0.01270	0.01397	0.00934	0.00839	0.01564	0.02068	0.02711	0.11958	0.27370	0.16762	0.21704	0.02580	0.00589	0.00712	0.02252	0.00896	0.00814
5	0.11098	0.06771	0.12549	0.07286	0.07752	0.02395	0.05995	0.09558	0.02546	0.03890	0.01919	0.02287	0.01489	0.00961	0.00912	0.00278	0.01158	0.00782	0.00617	0.19757
6	0.03395	0.02291	0.02629	0.01967	0.02847	0.02174	0.01608	0.22877	0.03446	0.14835	0.02573	0.02595	0.01856	0.01074	0.00944	0.00252	0.00955	0.00837	0.00925	0.29918
7	0.01538	0.01025	0.01153	0.01153	0.01153	0.01025	0.00641	0.01538	0.01538	0.02050	0.03331	0.06919	0.03844	0.62842	0.05382	0.01025	0.01025	0.01538	0.00641	0.00641
8	0.01668	0.01127	0.01422	0.01463	0.01694	0.01061	0.01051	0.02141	0.05698	0.07048	0.20032	0.33900	0.12314	0.02668	0.01273	0.00383	0.00607	0.02371	0.01061	0.01018
9	0.04115	0.02378	0.07275	0.02717	0.10603	0.02030	0.02057	0.12063	0.03173	0.37223	0.03423	0.03184	0.02253	0.01225	0.01055	0.00324	0.01045	0.01006	0.01088	0.01762
10	0.03974	0.01831	0.02277	0.01824	0.02526	0.01750	0.01481	0.08619	0.09963	0.37696	0.03947	0.03613	0.02648	0.01311	0.01015	0.00318	0.00850	0.01060	0.11643	0.01657
11	0.01396	0.00945	0.01216	0.01396	0.01500	0.00889	0.00953	0.01651	0.02148	0.03015	0.10665	0.49215	0.06760	0.02931	0.01262	0.00396	0.00586	0.02638	0.09548	0.00889
12	0.10732	0.02880	0.13114	0.08044	0.15321	0.02431	0.06450	0.07216	0.09100	0.10692	0.02524	0.02764	0.01850	0.01095	0.01016	0.00333	0.01209	0.00942	0.00728	0.01557
13	0.15426	0.02430	0.06523	0.07097	0.07830	0.02320	0.09194	0.07137	0.10058	0.17295	0.02814	0.02909	0.01993	0.01137	0.01011	0.00337	0.01128	0.00976	0.00849	0.01537
14	0.01655	0.01112	0.01571	0.08929	0.02353	0.01103	0.01274	0.01923	0.02116	0.07056	0.05196	0.49964	0.05937	0.02867	0.01290	0.00411	0.00737	0.02589	0.00943	0.00974
15	0.70310	0.02045	0.01554	0.01390	0.02045	0.02372	0.01145	0.03108	0.01799	0.04744	0.01472	0.01718	0.01145	0.00981	0.00654	0.00327	0.00818	0.00573	0.00654	0.01145
16	0.01598	0.01141	0.01338	0.01363	0.01452	0.01180	0.00869	0.01972	0.07089	0.02457	0.03896	0.17543	0.04322	0.40192	0.08303	0.00889	0.01064	0.01767	0.00748	0.00815
17	0.02561	0.11177	0.09090	0.10566	0.14994	0.02423	0.05473	0.06965	0.02619	0.06992	0.08974	0.03313	0.02755	0.01180	0.01007	0.00309	0.01137	0.01025	0.06022	0.01416
18	0.01482	0.01391	0.05762	0.01603	0.01889	0.01072	0.01282	0.01853	0.02280	0.03148	0.15557	0.38957	0.06761	0.02707	0.01273	0.00389	0.00700	0.05680	0.00954	0.05260
19	0.06048	0.07529	0.10312	0.07678	0.26716	0.02442	0.02620	0.06987	0.02566	0.03656	0.06691	0.03446	0.06448	0.01211	0.01024	0.00318	0.01150	0.01047	0.00639	0.01473
20	0.11607	0.02079	0.02716	0.13042	0.11800	0.02335	0.02012	0.10390	0.02450	0.03758	0.02131	0.02975	0.01819	0.07517	0.01709	0.00398	0.08628	0.00930	0.04957	0.06745

[dist]
# distance from previous block
# <min> <max>
0	2

[block]
# block no. 6 follows, 13 sequences, length 18
# corresponding to MSA columns:
# 999-1016
name=unknown_G
#
# <colnr> <probs for GDERKNQSTAVLIFYWHMCP>
#	G	D	E	R	K	N	Q	S	T	A	V	L	I	F	Y	W	H	M	C	P
0	0.02197	0.02345	0.07596	0.08877	0.11529	0.01984	0.13924	0.02874	0.02385	0.03408	0.07434	0.03735	0.02701	0.01164	0.01068	0.00300	0.01193	0.04520	0.00638	0.20126
1	0.02827	0.63478	0.05540	0.01809	0.02714	0.04184	0.01809	0.03166	0.02148	0.02488	0.01470	0.01696	0.01357	0.00905	0.00678	0.00226	0.01131	0.00565	0.00452	0.01357
2	0.02536	0.03512	0.28175	0.02401	0.03422	0.02119	0.02604	0.03883	0.13760	0.12081	0.07224	0.07752	0.03043	0.01409	0.01074	0.00346	0.01146	0.01170	0.00815	0.01528
3	0.08400	0.02502	0.03155	0.11668	0.14052	0.02740	0.02263	0.24648	0.07357	0.09051	0.02512	0.02721	0.01838	0.01168	0.01027	0.00326	0.01147	0.00946	0.00856	0.01623
4	0.03841	0.10692	0.03242	0.02635	0.03215	0.53333	0.02020	0.04120	0.02914	0.02578	0.01618	0.01886	0.01361	0.01072	0.00927	0.00268	0.01832	0.00670	0.00536	0.01238
5	0.02696	0.02300	0.03165	0.12292	0.19875	0.02438	0.02325	0.14123	0.10290	0.04239	0.06809	0.03209	0.02550	0.01185	0.01045	0.00313	0.01091	0.01028	0.00772	0.08252
6	0.01863	0.01530	0.02153	0.02165	0.02332	0.01820	0.01845	0.02264	0.02123	0.02912	0.04091	0.08342	0.04369	0.03102	0.07700	0.00600	0.18717	0.30264	0.00784	0.01024
7	0.01538	0.01025	0.01153	0.01153	0.01153	0.01025	0.00641	0.01538	0.01538	0.02050	0.03331	0.06919	0.03844	0.62842	0.05382	0.01025	0.01025	0.01538	0.00641	0.00641
8	0.01458	0.01033	0.01259	0.01268	0.01401	0.00977	0.00847	0.01700	0.02244	0.03059	0.24377	0.16721	0.10761	0.25027	0.02806	0.00609	0.00717	0.01979	0.00924	0.00833
9	0.02061	0.01812	0.01846	0.01731	0.02117	0.06312	0.01307	0.03373	0.20998	0.03915	0.24859	0.11533	0.09926	0.01967	0.01173	0.00348	0.00749	0.01688	0.01050	0.01234
10	0.01522	0.00987	0.01299	0.01403	0.01516	0.00945	0.00986	0.01700	0.02122	0.02953	0.14491	0.29623	0.06107	0.07284	0.02022	0.11321	0.00687	0.05747	0.06460	0.00826
11	0.02051	0.08064	0.23357	0.07925	0.03492	0.02095	0.02433	0.06142	0.02609	0.03653	0.17909	0.08541	0.04336	0.01535	0.01084	0.00333	0.01101	0.01293	0.00742	0.01304
12	0.01730	0.01059	0.01355	0.01444	0.01571	0.01003	0.00979	0.01899	0.01995	0.07777	0.04861	0.35525	0.05510	0.21943	0.02606	0.00612	0.00796	0.05541	0.00905	0.00889
13	0.02027	0.01944	0.03407	0.12302	0.17302	0.01933	0.13046	0.02620	0.02448	0.03306	0.11930	0.08615	0.11443	0.01558	0.01174	0.00346	0.01125	0.01491	0.00717	0.01267
14	0.02417	0.02289	0.03876	0.13884	0.44620	0.02352	0.03013	0.03020	0.02333	0.03283	0.02290	0.07565	0.02076	0.01155	0.01073	0.00329	0.01225	0.01112	0.00553	0.01535
15	0.03139	0.02272	0.03652	0.06695	0.12155	0.02271	0.14301	0.08032	0.09795	0.16917	0.03022	0.03200	0.02171	0.01142	0.01082	0.00331	0.01184	0.01085	0.05979	0.01573
16	0.12602	0.11744	0.12086	0.03007	0.11445	0.02830	0.06058	0.11564	0.02577	0.03863	0.01969	0.02556	0.01635	0.05189	0.01434	0.00370	0.06159	0.00871	0.00615	0.01425
17	0.13106	0.02971	0.10977	0.08261	0.17391	0.07801	0.06275	0.06265	0.02523	0.07208	0.02285	0.03078	0.01856	0.01154	0.01017	0.00334	0.01300	0.04111	0.00645	0.01443

[dist]
# distance from previous block
# <min> <max>
0	13

[block]
# block no. 7 follows, 13 sequences, length 19
# corresponding to MSA columns:
# 1030-1048
name=unknown_H
#
# <colnr> <probs for GDERKNQSTAVLIFYWHMCP>
#	G	D	E	R	K	N	Q	S	T	A	V	L	I	F	Y	W	H	M	C	P
0	0.27960	0.06675	0.02485	0.06541	0.07853	0.09881	0.01651	0.03029	0.02151	0.03626	0.02031	0.07428	0.01853	0.01171	0.00847	0.00295	0.01050	0.00877	0.00624	0.11971
1	0.07451	0.08201	0.08328	0.08170	0.25107	0.02683	0.06280	0.10179	0.02715	0.07844	0.02143	0.02536	0.01647	0.01023	0.01002	0.00316	0.01250	0.00903	0.00649	0.01574
2	0.03268	0.06984	0.08396	0.07514	0.07342	0.02415	0.09259	0.13704	0.03020	0.18080	0.02939	0.07354	0.02271	0.01292	0.01075	0.00332	0.01199	0.01135	0.00861	0.01561
3	0.12764	0.07769	0.07191	0.14616	0.14161	0.02272	0.02248	0.03218	0.02266	0.10958	0.02417	0.06846	0.02000	0.01186	0.00960	0.00317	0.01104	0.00986	0.00672	0.06049
4	0.07358	0.02873	0.11864	0.09490	0.16300	0.02450	0.09962	0.10400	0.02724	0.08271	0.02200	0.02591	0.01637	0.01023	0.01028	0.00318	0.01289	0.00925	0.00665	0.06633
5	0.01986	0.01346	0.01619	0.01497	0.01876	0.01249	0.01125	0.07261	0.02743	0.08455	0.18268	0.22633	0.16369	0.02332	0.01208	0.00351	0.00664	0.02026	0.01038	0.05955
6	0.02642	0.02782	0.14768	0.16536	0.16505	0.02127	0.02717	0.03355	0.02367	0.11890	0.02278	0.02670	0.01676	0.01015	0.01000	0.00304	0.01222	0.00875	0.00638	0.12634
7	0.01837	0.00918	0.01377	0.01377	0.01377	0.00918	0.00918	0.01377	0.01377	0.01837	0.01837	0.03214	0.01837	0.03673	0.04132	0.69238	0.00918	0.00918	0.00459	0.00459
8	0.02221	0.01972	0.02579	0.01842	0.02794	0.01530	0.06137	0.02731	0.02221	0.03440	0.01904	0.02255	0.01570	0.00793	0.00827	0.00176	0.00878	0.00686	0.00618	0.62825
9	0.02475	0.02533	0.09794	0.07089	0.06874	0.02090	0.02022	0.11882	0.07381	0.03963	0.02602	0.08222	0.02240	0.01232	0.00982	0.00280	0.01026	0.01030	0.00734	0.25548
10	0.01288	0.00920	0.01227	0.01472	0.01534	0.00859	0.00981	0.01472	0.02024	0.02699	0.05828	0.62152	0.06993	0.03312	0.01350	0.00429	0.00613	0.03006	0.00981	0.00859
11	0.02368	0.02258	0.03842	0.28068	0.36612	0.02447	0.03121	0.03027	0.02290	0.03152	0.01945	0.02698	0.01568	0.00988	0.01051	0.00329	0.01318	0.00941	0.00502	0.01474
12	0.04107	0.01819	0.02388	0.01802	0.02651	0.01518	0.01479	0.04531	0.02818	0.43611	0.03599	0.03248	0.02355	0.01177	0.00993	0.00285	0.00871	0.00954	0.01138	0.18656
13	0.01971	0.00985	0.00985	0.00985	0.01232	0.00985	0.00739	0.02464	0.02217	0.03942	0.03449	0.03942	0.02710	0.01232	0.00739	0.00246	0.00493	0.00985	0.68712	0.00985
14	0.02146	0.02125	0.06560	0.02375	0.03002	0.01903	0.13264	0.09811	0.07036	0.03837	0.11361	0.15320	0.12901	0.01894	0.01208	0.00360	0.01018	0.01734	0.00884	0.01263
15	0.01510	0.01133	0.01699	0.01699	0.01888	0.01322	0.01322	0.01888	0.01699	0.02454	0.02832	0.04154	0.02643	0.07930	0.58652	0.01699	0.02832	0.01133	0.00566	0.00944
16	0.02553	0.02448	0.04177	0.11986	0.51245	0.02496	0.03213	0.03189	0.02378	0.03377	0.01978	0.02637	0.01648	0.00954	0.01048	0.00318	0.01272	0.00942	0.00518	0.01624
17	0.02424	0.02315	0.03943	0.23257	0.40989	0.02461	0.03149	0.03076	0.02316	0.03220	0.01955	0.02680	0.01592	0.00978	0.01050	0.00326	0.01304	0.00941	0.00507	0.01519
18	0.01997	0.01879	0.03171	0.60301	0.07282	0.02349	0.02936	0.02701	0.02114	0.02701	0.01879	0.02819	0.01409	0.01057	0.01057	0.00352	0.01409	0.00940	0.00470	0.01175

[dist]
# distance from previous block
# <min> <max>
0	0

# created by:
# /st0/software/busco_prod/Augustus/scripts/msa2prfl.pl ./align_prep/7334.fa
