[name]
unknown

[dist]
# distance from previous block
# <min> <max>
0	19

[block]
# block no. 0 follows, 12 sequences, length 44
# corresponding to MSA columns:
# 21-64
name=unknown_A
#
# <colnr> <probs for GDERKNQSTAVLIFYWHMCP>
#	G	D	E	R	K	N	Q	S	T	A	V	L	I	F	Y	W	H	M	C	P
0	0.02341	0.06876	0.02379	0.01923	0.02400	0.02302	0.01508	0.04185	0.29936	0.03726	0.03722	0.04157	0.03046	0.07486	0.13785	0.00707	0.01331	0.01176	0.05610	0.01402
1	0.49519	0.02072	0.01880	0.01612	0.02319	0.02281	0.01320	0.03889	0.06378	0.16136	0.02379	0.02393	0.01696	0.01126	0.00805	0.00340	0.00864	0.00756	0.00861	0.01376
2	0.58792	0.11705	0.02258	0.01503	0.02219	0.02744	0.01290	0.03215	0.01913	0.04521	0.01518	0.01768	0.01216	0.01000	0.00679	0.00321	0.00895	0.00589	0.00642	0.01216
3	0.01487	0.01112	0.01379	0.01312	0.01594	0.01005	0.00984	0.01948	0.02953	0.04055	0.44695	0.08666	0.20095	0.02347	0.01287	0.00349	0.00523	0.02045	0.01159	0.01005
4	0.02475	0.05055	0.44608	0.03170	0.04639	0.02663	0.08160	0.09605	0.02691	0.03897	0.02065	0.02402	0.01468	0.01060	0.01066	0.00345	0.01580	0.00873	0.00550	0.01629
5	0.01579	0.01081	0.01313	0.01313	0.01356	0.01124	0.00815	0.01665	0.01622	0.02206	0.03322	0.06509	0.03692	0.49927	0.16932	0.01210	0.01466	0.01494	0.00644	0.00729
6	0.01894	0.00947	0.01420	0.01420	0.01420	0.00947	0.00947	0.01420	0.01420	0.01894	0.01894	0.03314	0.01894	0.03788	0.04261	0.68277	0.00947	0.00947	0.00473	0.00473
7	0.02537	0.02261	0.03639	0.21407	0.04742	0.02802	0.08767	0.03040	0.02089	0.07744	0.01965	0.02752	0.01586	0.01461	0.02236	0.00413	0.27676	0.01015	0.00571	0.01297
8	0.08327	0.16416	0.08890	0.02642	0.03569	0.07777	0.09142	0.18349	0.07115	0.04444	0.02233	0.02436	0.01706	0.01120	0.00988	0.00314	0.01332	0.00888	0.00743	0.01566
9	0.03236	0.01907	0.02361	0.01735	0.02658	0.01509	0.01407	0.03697	0.02580	0.22858	0.02814	0.02799	0.02017	0.01008	0.00915	0.00227	0.00852	0.00813	0.00907	0.43700
10	0.02661	0.09073	0.35003	0.02567	0.03806	0.02316	0.03017	0.03600	0.02546	0.13082	0.09086	0.03267	0.02771	0.01238	0.01051	0.00334	0.01308	0.00991	0.00719	0.01564
11	0.02101	0.01996	0.03279	0.51830	0.06912	0.02540	0.02945	0.02765	0.02115	0.02765	0.01873	0.02840	0.01451	0.01195	0.01410	0.00378	0.08945	0.00967	0.00484	0.01209
12	0.03687	0.01929	0.02252	0.01826	0.02484	0.01939	0.01476	0.14976	0.07987	0.24788	0.03716	0.03599	0.02594	0.01329	0.00999	0.00314	0.00861	0.01060	0.20584	0.01599
13	0.69383	0.02109	0.01603	0.01434	0.02109	0.02446	0.01181	0.03205	0.01856	0.04892	0.01518	0.01771	0.01181	0.01012	0.00675	0.00337	0.00843	0.00590	0.00675	0.01181
14	0.01894	0.00947	0.01420	0.01420	0.01420	0.00947	0.00947	0.01420	0.01420	0.01894	0.01894	0.03314	0.01894	0.03788	0.04261	0.68277	0.00947	0.00947	0.00473	0.00473
15	0.01361	0.00972	0.01303	0.01556	0.01634	0.00914	0.01069	0.01575	0.02120	0.02820	0.05991	0.57225	0.07139	0.03385	0.01400	0.00447	0.00661	0.06519	0.01012	0.00895
16	0.02246	0.02572	0.09925	0.02793	0.03462	0.05918	0.12837	0.03159	0.07184	0.03415	0.04084	0.07461	0.04011	0.02022	0.01323	0.00424	0.01321	0.23759	0.00813	0.01270
17	0.02699	0.02591	0.04426	0.06693	0.54879	0.02591	0.03346	0.03346	0.02483	0.03562	0.02051	0.02699	0.01727	0.00972	0.01079	0.00324	0.01295	0.00972	0.00540	0.01727
18	0.02479	0.02757	0.05853	0.14600	0.06031	0.02696	0.42122	0.03363	0.02501	0.03363	0.02157	0.02935	0.01618	0.00951	0.01251	0.00367	0.01768	0.01228	0.00539	0.01423
19	0.69383	0.02109	0.01603	0.01434	0.02109	0.02446	0.01181	0.03205	0.01856	0.04892	0.01518	0.01771	0.01181	0.01012	0.00675	0.00337	0.00843	0.00590	0.00675	0.01181
20	0.02470	0.27673	0.36478	0.02625	0.03973	0.03225	0.03188	0.03380	0.02268	0.03108	0.01785	0.02087	0.01388	0.00996	0.00905	0.00302	0.01438	0.00719	0.00463	0.01529
21	0.01519	0.01102	0.01447	0.01444	0.01616	0.01117	0.01036	0.01836	0.02216	0.03069	0.19943	0.11842	0.09426	0.17042	0.19471	0.00942	0.01386	0.01770	0.00863	0.00911
22	0.01364	0.01117	0.01210	0.01214	0.01556	0.00963	0.00929	0.01696	0.02584	0.03200	0.17657	0.10246	0.43749	0.02694	0.01304	0.00374	0.00579	0.05577	0.01042	0.00944
23	0.02581	0.02471	0.04214	0.16312	0.46178	0.02560	0.03288	0.03243	0.02427	0.03420	0.02030	0.02737	0.01677	0.00993	0.01081	0.00331	0.01324	0.00971	0.00530	0.01632
24	0.02712	0.02342	0.02465	0.02219	0.02835	0.02712	0.01726	0.05794	0.52909	0.04561	0.04438	0.04068	0.03328	0.01479	0.01109	0.00370	0.00863	0.01233	0.01109	0.01726
25	0.01894	0.00947	0.01420	0.01420	0.01420	0.00947	0.00947	0.01420	0.01420	0.01894	0.01894	0.03314	0.01894	0.03788	0.04261	0.68277	0.00947	0.00947	0.00473	0.00473
26	0.02059	0.01938	0.03270	0.59060	0.07510	0.02422	0.03028	0.02786	0.02180	0.02786	0.01938	0.02907	0.01453	0.01090	0.01090	0.00363	0.01453	0.00969	0.00484	0.01211
27	0.02141	0.02022	0.03419	0.52323	0.13604	0.02444	0.03069	0.02858	0.02219	0.02886	0.01953	0.02880	0.01489	0.01075	0.01089	0.00358	0.01433	0.00969	0.00492	0.01278
28	0.02059	0.01938	0.03270	0.59060	0.07510	0.02422	0.03028	0.02786	0.02180	0.02786	0.01938	0.02907	0.01453	0.01090	0.01090	0.00363	0.01453	0.00969	0.00484	0.01211
29	0.01894	0.00947	0.01420	0.01420	0.01420	0.00947	0.00947	0.01420	0.01420	0.01894	0.01894	0.03314	0.01894	0.03788	0.04261	0.68277	0.00947	0.00947	0.00473	0.00473
30	0.01586	0.01057	0.01189	0.01189	0.01189	0.01057	0.00661	0.01586	0.01586	0.02114	0.03436	0.07135	0.03964	0.61681	0.05550	0.01057	0.01057	0.01586	0.00661	0.00661
31	0.01488	0.01112	0.01381	0.01314	0.01595	0.01005	0.00986	0.01951	0.02957	0.04064	0.44966	0.08652	0.19819	0.02344	0.01287	0.00348	0.00523	0.02043	0.01160	0.01005
32	0.01422	0.01016	0.01373	0.01625	0.01730	0.00967	0.01175	0.01680	0.02180	0.02888	0.05958	0.50312	0.07006	0.03328	0.01417	0.00456	0.00714	0.12831	0.01010	0.00912
33	0.02699	0.02591	0.04426	0.06693	0.54879	0.02591	0.03346	0.03346	0.02483	0.03562	0.02051	0.02699	0.01727	0.00972	0.01079	0.00324	0.01295	0.00972	0.00540	0.01727
34	0.02729	0.30038	0.06105	0.03350	0.04375	0.03468	0.28540	0.03389	0.02410	0.03070	0.01891	0.02397	0.01538	0.00925	0.01019	0.00306	0.01532	0.00966	0.00513	0.01438
35	0.60980	0.02506	0.01794	0.01611	0.02271	0.09504	0.01300	0.03353	0.02014	0.04606	0.01540	0.01796	0.01210	0.01026	0.00714	0.00330	0.00988	0.00605	0.00660	0.01192
36	0.02699	0.02591	0.04426	0.06693	0.54879	0.02591	0.03346	0.03346	0.02483	0.03562	0.02051	0.02699	0.01727	0.00972	0.01079	0.00324	0.01295	0.00972	0.00540	0.01727
37	0.01301	0.01056	0.01155	0.01234	0.01507	0.00910	0.00886	0.01550	0.02361	0.02895	0.09473	0.26259	0.39686	0.02966	0.01321	0.00391	0.00577	0.02551	0.01012	0.00910
38	0.01586	0.01057	0.01189	0.01189	0.01189	0.01057	0.00661	0.01586	0.01586	0.02114	0.03436	0.07135	0.03964	0.61681	0.05550	0.01057	0.01057	0.01586	0.00661	0.00661
39	0.01894	0.00947	0.01420	0.01420	0.01420	0.00947	0.00947	0.01420	0.01420	0.01894	0.01894	0.03314	0.01894	0.03788	0.04261	0.68277	0.00947	0.00947	0.00473	0.00473
40	0.01586	0.01057	0.01189	0.01189	0.01189	0.01057	0.00661	0.01586	0.01586	0.02114	0.03436	0.07135	0.03964	0.61681	0.05550	0.01057	0.01057	0.01586	0.00661	0.00661
41	0.02406	0.02121	0.03331	0.04685	0.33418	0.02132	0.02498	0.07252	0.02606	0.03628	0.03340	0.20891	0.03452	0.01767	0.01178	0.00361	0.01079	0.01637	0.00739	0.01476
42	0.08217	0.21402	0.03801	0.02190	0.03031	0.03511	0.01895	0.26360	0.10782	0.05057	0.02454	0.02492	0.01874	0.01194	0.00942	0.00305	0.01116	0.00865	0.00869	0.01646
43	0.02967	0.51345	0.05172	0.01901	0.02832	0.03965	0.01832	0.07608	0.02486	0.03050	0.01656	0.01876	0.01461	0.00956	0.00745	0.00235	0.01136	0.00625	0.00540	0.07611

[dist]
# distance from previous block
# <min> <max>
4	14

[block]
# block no. 1 follows, 12 sequences, length 58
# corresponding to MSA columns:
# 79,82-106,108-139
name=unknown_B
#
# <colnr> <probs for GDERKNQSTAVLIFYWHMCP>
#	G	D	E	R	K	N	Q	S	T	A	V	L	I	F	Y	W	H	M	C	P
0	0.01529	0.01112	0.01453	0.01473	0.01709	0.01036	0.01126	0.01979	0.02814	0.03878	0.36993	0.16496	0.12175	0.02556	0.01335	0.00384	0.00610	0.09214	0.01130	0.00997
1	0.03510	0.03803	0.03428	0.11609	0.14738	0.28381	0.02492	0.12296	0.03197	0.03623	0.01965	0.02370	0.01559	0.01120	0.01038	0.00310	0.01616	0.00847	0.00641	0.01459
2	0.02280	0.02086	0.03487	0.11690	0.33261	0.02204	0.02716	0.02860	0.02228	0.03159	0.02296	0.03196	0.01991	0.03133	0.17845	0.00754	0.01799	0.01030	0.00546	0.01439
3	0.02033	0.01016	0.01016	0.01016	0.01270	0.01016	0.00762	0.02541	0.02287	0.04065	0.03557	0.04065	0.02795	0.01270	0.00762	0.00254	0.00508	0.01016	0.67734	0.01016
4	0.01405	0.01004	0.01353	0.01606	0.01703	0.00952	0.01145	0.01651	0.02163	0.02869	0.05967	0.52274	0.07044	0.03344	0.01412	0.00453	0.00699	0.11039	0.01011	0.00907
5	0.04145	0.03054	0.03272	0.02509	0.03381	0.03381	0.02072	0.51243	0.05127	0.06872	0.02618	0.02618	0.01854	0.01309	0.01091	0.00327	0.01200	0.00982	0.01091	0.01854
6	0.02185	0.01687	0.01813	0.01571	0.02069	0.01673	0.01235	0.16450	0.03379	0.04370	0.16264	0.07728	0.30887	0.02234	0.01229	0.00351	0.00738	0.01849	0.01069	0.01218
7	0.02703	0.02517	0.03842	0.05360	0.39377	0.02627	0.02864	0.04075	0.17503	0.03860	0.02762	0.03107	0.02204	0.01123	0.01088	0.00338	0.01167	0.01049	0.00709	0.01727
8	0.49951	0.02390	0.02100	0.01754	0.02488	0.02725	0.01446	0.17514	0.02830	0.05482	0.01846	0.02023	0.01381	0.01101	0.00799	0.00334	0.00950	0.00707	0.00799	0.01381
9	0.04381	0.01706	0.02260	0.01775	0.02513	0.01498	0.01452	0.04818	0.02972	0.46421	0.04169	0.03774	0.02716	0.01335	0.01037	0.00322	0.00853	0.01082	0.13209	0.01706
10	0.02202	0.14398	0.30682	0.02290	0.03336	0.02405	0.02653	0.03000	0.02173	0.03175	0.02336	0.03204	0.01987	0.10446	0.01636	0.00423	0.01288	0.00917	0.10109	0.01341
11	0.02802	0.53554	0.13509	0.02058	0.03096	0.04038	0.02201	0.03294	0.02229	0.02703	0.01584	0.01835	0.01396	0.00949	0.00752	0.00251	0.01235	0.00618	0.00465	0.01432
12	0.03171	0.02121	0.02900	0.03332	0.18154	0.02129	0.02062	0.04402	0.17069	0.19032	0.04503	0.04349	0.08981	0.01448	0.01119	0.00346	0.00972	0.01247	0.00998	0.01665
13	0.01784	0.01456	0.01557	0.01494	0.01844	0.01483	0.01090	0.02856	0.17357	0.03358	0.10119	0.10909	0.24555	0.12912	0.02003	0.00495	0.00738	0.01883	0.00990	0.01119
14	0.35194	0.03725	0.02381	0.02154	0.02769	0.31163	0.01666	0.03807	0.02502	0.03728	0.01606	0.01873	0.01298	0.01070	0.00836	0.00308	0.01431	0.00649	0.00616	0.01224
15	0.02578	0.11689	0.04347	0.18579	0.35383	0.02817	0.03040	0.03198	0.02368	0.03220	0.01941	0.02602	0.01610	0.00994	0.01023	0.00319	0.01313	0.00911	0.00515	0.01552
16	0.02658	0.03688	0.27928	0.02380	0.03634	0.01992	0.02647	0.03505	0.02422	0.12072	0.02336	0.02519	0.01682	0.01005	0.00964	0.00278	0.01210	0.00796	0.00673	0.25609
17	0.03356	0.02601	0.02914	0.02467	0.02811	0.11546	0.01991	0.03640	0.02330	0.18387	0.02462	0.03029	0.01974	0.05605	0.02544	0.00442	0.28774	0.00997	0.00763	0.01366
18	0.04159	0.02063	0.02481	0.01944	0.02691	0.02028	0.01592	0.18499	0.03569	0.31897	0.03667	0.03449	0.02465	0.01323	0.01035	0.00319	0.00934	0.01048	0.13132	0.01705
19	0.01586	0.01057	0.01189	0.01189	0.01189	0.01057	0.00661	0.01586	0.01586	0.02114	0.03436	0.07135	0.03964	0.61681	0.05550	0.01057	0.01057	0.01586	0.00661	0.00661
20	0.02187	0.05640	0.56031	0.03108	0.04719	0.02532	0.04029	0.03453	0.02302	0.03453	0.01957	0.02302	0.01381	0.01036	0.01036	0.00345	0.01611	0.00806	0.00460	0.01611
21	0.01328	0.01078	0.01178	0.01213	0.01512	0.00928	0.00887	0.01619	0.02491	0.03099	0.15671	0.19211	0.40361	0.02810	0.01307	0.00378	0.00562	0.02402	0.01036	0.00928
22	0.03718	0.02842	0.03032	0.02422	0.03219	0.03182	0.01969	0.37706	0.19359	0.06183	0.03160	0.03050	0.02293	0.01360	0.01096	0.00340	0.01099	0.01056	0.01096	0.01816
23	0.02510	0.01947	0.02034	0.01861	0.02369	0.02207	0.01439	0.04825	0.37831	0.04413	0.04175	0.04067	0.03169	0.01417	0.01006	0.00335	0.00757	0.01168	0.20954	0.01514
24	0.02505	0.02174	0.02925	0.12627	0.03844	0.05843	0.07376	0.03650	0.14060	0.06704	0.03786	0.05933	0.03415	0.01797	0.01372	0.00406	0.04468	0.14925	0.00849	0.01339
25	0.23090	0.20334	0.03327	0.01991	0.02737	0.12837	0.01689	0.07035	0.08027	0.06735	0.02094	0.02214	0.01648	0.01098	0.00836	0.00300	0.01169	0.00732	0.00706	0.01401
26	0.02499	0.11445	0.38219	0.03014	0.04384	0.02723	0.08864	0.03686	0.05537	0.06339	0.02221	0.02501	0.01610	0.01056	0.01034	0.00336	0.01501	0.00878	0.00562	0.01592
27	0.03852	0.03395	0.03806	0.02932	0.03794	0.12365	0.10805	0.34804	0.04327	0.05559	0.02387	0.02566	0.01743	0.01208	0.01108	0.00327	0.01443	0.00989	0.00905	0.01686
28	0.01944	0.01592	0.02228	0.02263	0.02439	0.01876	0.01944	0.02368	0.02260	0.03073	0.04480	0.09346	0.04832	0.02683	0.02123	0.00495	0.18483	0.33664	0.00847	0.01060
29	0.01534	0.01083	0.01407	0.01430	0.01536	0.01118	0.00974	0.01755	0.01939	0.02682	0.11533	0.14151	0.05045	0.28462	0.19478	0.01062	0.01458	0.01740	0.00772	0.00842
30	0.01586	0.01057	0.01189	0.01189	0.01189	0.01057	0.00661	0.01586	0.01586	0.02114	0.03436	0.07135	0.03964	0.61681	0.05550	0.01057	0.01057	0.01586	0.00661	0.00661
31	0.01374	0.01108	0.01222	0.01194	0.01525	0.00957	0.00895	0.01729	0.02686	0.03421	0.25475	0.09710	0.39710	0.02584	0.01288	0.00360	0.00540	0.02191	0.01075	0.00957
32	0.03972	0.01586	0.02043	0.01643	0.02297	0.01414	0.01332	0.04422	0.02853	0.39050	0.04062	0.03825	0.02730	0.01324	0.00989	0.00311	0.00793	0.01071	0.22699	0.01586
33	0.03422	0.30271	0.15205	0.02151	0.03196	0.03036	0.02232	0.03988	0.02536	0.20454	0.02538	0.02520	0.01829	0.01093	0.00903	0.00291	0.01180	0.00801	0.00760	0.01596
34	0.03176	0.02573	0.02727	0.02313	0.03012	0.02929	0.01838	0.20500	0.37448	0.05309	0.03849	0.03599	0.02851	0.01424	0.01103	0.00356	0.00972	0.01152	0.01103	0.01767
35	0.02519	0.30341	0.16031	0.02933	0.12362	0.03142	0.02490	0.03149	0.02407	0.03199	0.09255	0.02956	0.02724	0.01148	0.00926	0.00290	0.01195	0.00900	0.00583	0.01452
36	0.03305	0.02253	0.03637	0.13277	0.30787	0.02247	0.02736	0.03892	0.02641	0.20188	0.02757	0.03057	0.01997	0.01111	0.01087	0.00334	0.01202	0.01011	0.00792	0.01689
37	0.02317	0.15769	0.47042	0.02886	0.04376	0.02851	0.03642	0.03419	0.02287	0.03294	0.01878	0.02203	0.01384	0.01017	0.00976	0.00325	0.01532	0.00766	0.00461	0.01574
38	0.02699	0.02591	0.04426	0.06693	0.54879	0.02591	0.03346	0.03346	0.02483	0.03562	0.02051	0.02699	0.01727	0.00972	0.01079	0.00324	0.01295	0.00972	0.00540	0.01727
39	0.02404	0.22528	0.41044	0.02738	0.04147	0.03063	0.03384	0.03397	0.02276	0.03189	0.01825	0.02137	0.01387	0.01005	0.00936	0.00312	0.01479	0.00739	0.00462	0.01548
40	0.14960	0.34148	0.12319	0.01992	0.02971	0.03317	0.02041	0.03576	0.02294	0.10704	0.01983	0.02119	0.01543	0.01023	0.00804	0.00284	0.01143	0.00692	0.00629	0.01458
41	0.01894	0.00947	0.01420	0.01420	0.01420	0.00947	0.00947	0.01420	0.01420	0.01894	0.01894	0.03314	0.01894	0.03788	0.04261	0.68277	0.00947	0.00947	0.00473	0.00473
42	0.01308	0.01030	0.01181	0.01302	0.01525	0.00904	0.00916	0.01543	0.02296	0.02868	0.08646	0.34546	0.31933	0.03073	0.01338	0.00404	0.00591	0.02682	0.01012	0.00904
43	0.04107	0.04176	0.03177	0.02666	0.03376	0.31609	0.02090	0.26698	0.04060	0.04671	0.02130	0.02277	0.01619	0.01212	0.01034	0.00303	0.01601	0.00835	0.00814	0.01545
44	0.04159	0.02063	0.02481	0.01944	0.02691	0.02028	0.01592	0.18499	0.03569	0.31897	0.03667	0.03449	0.02465	0.01323	0.01035	0.00319	0.00934	0.01048	0.13132	0.01705
45	0.01427	0.01082	0.01315	0.01316	0.01572	0.00970	0.00964	0.01810	0.02723	0.03650	0.32377	0.18304	0.23311	0.02605	0.01306	0.00369	0.00547	0.02275	0.01109	0.00970
46	0.69383	0.02109	0.01603	0.01434	0.02109	0.02446	0.01181	0.03205	0.01856	0.04892	0.01518	0.01771	0.01181	0.01012	0.00675	0.00337	0.00843	0.00590	0.00675	0.01181
47	0.02910	0.02201	0.03362	0.32772	0.14650	0.02463	0.02727	0.10204	0.02801	0.11696	0.02422	0.02953	0.01753	0.01140	0.01089	0.00347	0.01308	0.00991	0.00715	0.01495
48	0.04040	0.01606	0.02079	0.01665	0.02333	0.01428	0.01352	0.04488	0.02872	0.40274	0.04080	0.03817	0.02728	0.01326	0.00997	0.00313	0.00803	0.01073	0.21123	0.01606
49	0.01334	0.01106	0.01168	0.01152	0.01501	0.00940	0.00864	0.01653	0.02593	0.03200	0.18774	0.10074	0.46549	0.02666	0.01288	0.00364	0.00546	0.02242	0.01046	0.00940
50	0.02541	0.01335	0.01777	0.01541	0.01973	0.01200	0.01200	0.03027	0.03097	0.19641	0.39410	0.06824	0.08028	0.01967	0.01230	0.00341	0.00638	0.01711	0.01245	0.01275
51	0.02614	0.02324	0.03601	0.34004	0.20298	0.02642	0.02948	0.11603	0.02793	0.03737	0.02092	0.02796	0.01603	0.01095	0.01087	0.00346	0.01363	0.00972	0.00609	0.01473
52	0.03190	0.02220	0.02942	0.02473	0.02834	0.02710	0.02034	0.03992	0.11256	0.18760	0.02823	0.03081	0.02148	0.01665	0.02398	0.00416	0.31675	0.01046	0.00850	0.01485
53	0.04145	0.03054	0.03272	0.02509	0.03381	0.03381	0.02072	0.51243	0.05127	0.06872	0.02618	0.02618	0.01854	0.01309	0.01091	0.00327	0.01200	0.00982	0.01091	0.01854
54	0.02171	0.02052	0.03473	0.49877	0.15816	0.02452	0.03084	0.02884	0.02233	0.02922	0.01958	0.02870	0.01501	0.01069	0.01088	0.00356	0.01426	0.00969	0.00494	0.01302
55	0.13366	0.13324	0.03355	0.02152	0.03003	0.03139	0.01835	0.28690	0.03828	0.13373	0.02525	0.02511	0.01808	0.01206	0.00962	0.00313	0.01101	0.00872	0.00960	0.01677
56	0.02739	0.01541	0.01974	0.01886	0.02325	0.01513	0.01493	0.03589	0.11575	0.18957	0.05164	0.22168	0.04951	0.02358	0.01281	0.00412	0.00850	0.12744	0.01128	0.01353
57	0.02607	0.12407	0.02608	0.01850	0.02327	0.02030	0.01499	0.10161	0.02777	0.10987	0.04410	0.27597	0.04591	0.02304	0.01192	0.00379	0.00900	0.07120	0.00974	0.01280

[dist]
# distance from previous block
# <min> <max>
0	12

# created by:
# /st0/software/busco_prod/Augustus/scripts/msa2prfl.pl ./align_prep/7353.fa
