[name]
unknown

[dist]
# distance from previous block
# <min> <max>
0	22

[block]
# block no. 0 follows, 13 sequences, length 15
# corresponding to MSA columns:
# 22-36
name=unknown_A
#
# <colnr> <probs for GDERKNQSTAVLIFYWHMCP>
#	G	D	E	R	K	N	Q	S	T	A	V	L	I	F	Y	W	H	M	C	P
0	0.14131	0.01921	0.02778	0.02251	0.02863	0.01934	0.10944	0.06804	0.05777	0.15351	0.02957	0.03921	0.02394	0.01796	0.01645	0.13183	0.01077	0.06170	0.00829	0.01274
1	0.13996	0.03291	0.18971	0.03500	0.13664	0.02453	0.12020	0.06930	0.02519	0.09617	0.02179	0.02503	0.01589	0.01019	0.01010	0.00332	0.01324	0.00906	0.00647	0.01531
2	0.44978	0.14126	0.12745	0.01772	0.02643	0.02725	0.01786	0.03164	0.01945	0.04062	0.01551	0.01810	0.01221	0.00971	0.00724	0.00310	0.01016	0.00610	0.00578	0.01263
3	0.02082	0.01198	0.01588	0.01449	0.01784	0.01087	0.01100	0.02530	0.02895	0.13947	0.40670	0.12940	0.08277	0.02126	0.01224	0.00342	0.00586	0.01871	0.01171	0.01133
4	0.16393	0.02429	0.02610	0.02072	0.02849	0.02614	0.01700	0.26653	0.09220	0.18496	0.02934	0.02799	0.02033	0.01243	0.00986	0.00326	0.00999	0.00935	0.01047	0.01663
5	0.01421	0.01100	0.01591	0.12486	0.02610	0.01138	0.01347	0.01702	0.02041	0.02700	0.05088	0.51044	0.05948	0.02890	0.01295	0.00415	0.00762	0.02619	0.00886	0.00918
6	0.70310	0.02045	0.01554	0.01390	0.02045	0.02372	0.01145	0.03108	0.01799	0.04744	0.01472	0.01718	0.01145	0.00981	0.00654	0.00327	0.00818	0.00573	0.00654	0.01145
7	0.02617	0.02512	0.04292	0.06490	0.56246	0.02512	0.03245	0.03245	0.02407	0.03454	0.01989	0.02617	0.01675	0.00942	0.01047	0.00314	0.01256	0.00942	0.00523	0.01675
8	0.70310	0.02045	0.01554	0.01390	0.02045	0.02372	0.01145	0.03108	0.01799	0.04744	0.01472	0.01718	0.01145	0.00981	0.00654	0.00327	0.00818	0.00573	0.00654	0.01145
9	0.04744	0.01799	0.02454	0.01881	0.02699	0.01554	0.01554	0.05153	0.03026	0.56979	0.04171	0.03599	0.02617	0.01309	0.01063	0.00327	0.00900	0.01063	0.01309	0.01799
10	0.01837	0.00918	0.01377	0.01377	0.01377	0.00918	0.00918	0.01377	0.01377	0.01837	0.01837	0.03214	0.01837	0.03673	0.04132	0.69238	0.00918	0.00918	0.00459	0.00459
11	0.02765	0.52189	0.05671	0.02302	0.03237	0.03902	0.11231	0.03207	0.02213	0.02655	0.01595	0.01911	0.01403	0.00902	0.00784	0.00250	0.01252	0.00692	0.00468	0.01370
12	0.01971	0.00985	0.00985	0.00985	0.01232	0.00985	0.00739	0.02464	0.02217	0.03942	0.03449	0.03942	0.02710	0.01232	0.00739	0.00246	0.00493	0.00985	0.68712	0.00985
13	0.02695	0.52618	0.15242	0.02035	0.03062	0.03860	0.02202	0.03200	0.02164	0.02649	0.01550	0.01796	0.01354	0.00923	0.00739	0.00246	0.01212	0.00606	0.00451	0.01395
14	0.03447	0.08669	0.03177	0.02955	0.12837	0.12087	0.02012	0.04567	0.16754	0.17992	0.03098	0.03031	0.02267	0.01197	0.01007	0.00314	0.01145	0.00962	0.00883	0.01600

[dist]
# distance from previous block
# <min> <max>
0	2

[block]
# block no. 1 follows, 13 sequences, length 19
# corresponding to MSA columns:
# 39-57
name=unknown_B
#
# <colnr> <probs for GDERKNQSTAVLIFYWHMCP>
#	G	D	E	R	K	N	Q	S	T	A	V	L	I	F	Y	W	H	M	C	P
0	0.29375	0.03174	0.02409	0.06450	0.05897	0.24691	0.01762	0.03427	0.02324	0.03472	0.01710	0.02129	0.01407	0.01619	0.05756	0.00423	0.01490	0.00710	0.00583	0.01192
1	0.02181	0.01788	0.02521	0.17413	0.12183	0.01966	0.01991	0.06286	0.08816	0.03494	0.07745	0.04697	0.03274	0.10108	0.01690	0.00439	0.01050	0.04602	0.06520	0.01238
2	0.02265	0.04675	0.46070	0.02735	0.04111	0.02220	0.03371	0.03317	0.02274	0.07159	0.02289	0.05831	0.01778	0.01145	0.01013	0.00327	0.01402	0.00920	0.00553	0.06545
3	0.01250	0.01071	0.01071	0.01071	0.01428	0.00893	0.00803	0.01517	0.02410	0.02856	0.10711	0.10175	0.55817	0.02678	0.01250	0.00357	0.00536	0.02231	0.00982	0.00893
4	0.02062	0.01766	0.02286	0.02244	0.09919	0.01450	0.01478	0.02494	0.02187	0.03289	0.02729	0.14914	0.02727	0.01340	0.00940	0.00237	0.00814	0.01174	0.00687	0.45264
5	0.02528	0.01869	0.02227	0.01607	0.02531	0.01428	0.01292	0.02990	0.02302	0.10483	0.02181	0.02377	0.01704	0.00852	0.00820	0.00179	0.00798	0.00684	0.00716	0.60431
6	0.02498	0.32241	0.26703	0.02633	0.03826	0.03290	0.09044	0.03268	0.02226	0.02951	0.01728	0.02060	0.01381	0.00944	0.00883	0.00287	0.01389	0.00739	0.00460	0.01449
7	0.02591	0.15805	0.12080	0.05009	0.37617	0.02857	0.03035	0.03243	0.02328	0.03235	0.01866	0.02368	0.01560	0.00943	0.00963	0.00298	0.01273	0.00840	0.00497	0.01592
8	0.02121	0.05469	0.57364	0.03014	0.04576	0.02455	0.03906	0.03348	0.02232	0.03348	0.01897	0.02232	0.01339	0.01005	0.01005	0.00335	0.01563	0.00781	0.00446	0.01563
9	0.13835	0.01930	0.02671	0.02046	0.02864	0.01772	0.06126	0.04702	0.02804	0.44694	0.03604	0.03264	0.02316	0.01224	0.01022	0.00330	0.00968	0.01010	0.01145	0.01673
10	0.02303	0.02986	0.22142	0.07097	0.03428	0.01897	0.02345	0.03315	0.08928	0.10882	0.04651	0.08777	0.13550	0.01626	0.01103	0.00350	0.01080	0.01354	0.00801	0.01385
11	0.01461	0.01079	0.01365	0.01293	0.01558	0.00983	0.00970	0.01928	0.02910	0.04044	0.49312	0.08221	0.16475	0.02235	0.01247	0.00336	0.00504	0.01957	0.01138	0.00983
12	0.01538	0.01025	0.01153	0.01153	0.01153	0.01025	0.00641	0.01538	0.01538	0.02050	0.03331	0.06919	0.03844	0.62842	0.05382	0.01025	0.01025	0.01538	0.00641	0.00641
13	0.02121	0.05469	0.57364	0.03014	0.04576	0.02455	0.03906	0.03348	0.02232	0.03348	0.01897	0.02232	0.01339	0.01005	0.01005	0.00335	0.01563	0.00781	0.00446	0.01563
14	0.02121	0.05469	0.57364	0.03014	0.04576	0.02455	0.03906	0.03348	0.02232	0.03348	0.01897	0.02232	0.01339	0.01005	0.01005	0.00335	0.01563	0.00781	0.00446	0.01563
15	0.01295	0.01054	0.01147	0.01164	0.01466	0.00906	0.00858	0.01591	0.02457	0.03065	0.17514	0.16356	0.42098	0.02673	0.01262	0.00362	0.00539	0.02276	0.01012	0.00906
16	0.08917	0.01839	0.02317	0.01760	0.02599	0.01576	0.01443	0.04334	0.02712	0.38768	0.03357	0.03083	0.02227	0.01144	0.00958	0.00281	0.00862	0.00910	0.01077	0.19836
17	0.02895	0.02548	0.02531	0.02226	0.02852	0.06542	0.01741	0.11464	0.44597	0.04580	0.03898	0.03628	0.02920	0.01390	0.01065	0.00348	0.00951	0.01129	0.01037	0.01659
18	0.02803	0.01483	0.02102	0.07237	0.02834	0.01439	0.01763	0.03283	0.02614	0.22115	0.04756	0.08158	0.04435	0.02182	0.01284	0.00418	0.00987	0.27778	0.01046	0.01283

[dist]
# distance from previous block
# <min> <max>
5	9

[block]
# block no. 2 follows, 13 sequences, length 27
# corresponding to MSA columns:
# 71-97
name=unknown_C
#
# <colnr> <probs for GDERKNQSTAVLIFYWHMCP>
#	G	D	E	R	K	N	Q	S	T	A	V	L	I	F	Y	W	H	M	C	P
0	0.45751	0.01956	0.01777	0.01565	0.02145	0.02224	0.01270	0.09532	0.02331	0.04657	0.07084	0.02747	0.02289	0.02035	0.08271	0.00504	0.01094	0.00827	0.00747	0.01193
1	0.01319	0.01059	0.01177	0.01179	0.01478	0.00917	0.00872	0.01639	0.02526	0.03207	0.22120	0.14647	0.38938	0.02603	0.01259	0.00358	0.00533	0.02223	0.01030	0.00917
2	0.02075	0.01755	0.02068	0.01554	0.02380	0.01338	0.01218	0.02508	0.02171	0.03349	0.02390	0.09951	0.02268	0.01110	0.00856	0.00192	0.00761	0.00934	0.00672	0.60449
3	0.02560	0.02136	0.02243	0.02029	0.02589	0.02457	0.01575	0.05286	0.48844	0.04372	0.04213	0.03944	0.03173	0.01413	0.01040	0.00347	0.00801	0.01173	0.08203	0.01601
4	0.01496	0.01081	0.01413	0.01330	0.01580	0.00998	0.00998	0.01995	0.02993	0.04240	0.55689	0.07898	0.09976	0.02162	0.01247	0.00333	0.00499	0.01912	0.01164	0.00998
5	0.02568	0.01971	0.02654	0.01913	0.02850	0.01562	0.06684	0.03074	0.02337	0.10659	0.02216	0.02452	0.01712	0.00865	0.00870	0.00201	0.00904	0.00751	0.00709	0.53049
6	0.02517	0.01868	0.02323	0.07342	0.02998	0.01521	0.01458	0.03002	0.02297	0.10592	0.02188	0.02443	0.01693	0.00881	0.00848	0.00199	0.00860	0.00716	0.00703	0.53551
7	0.01997	0.01879	0.03171	0.60301	0.07282	0.02349	0.02936	0.02701	0.02114	0.02701	0.01879	0.02819	0.01409	0.01057	0.01057	0.00352	0.01409	0.00940	0.00470	0.01175
8	0.02622	0.02423	0.03589	0.04886	0.36473	0.02556	0.02664	0.04122	0.21602	0.03812	0.02844	0.03108	0.02249	0.01124	0.01057	0.00331	0.01101	0.01036	0.00728	0.01674
9	0.02827	0.63478	0.05540	0.01809	0.02714	0.04184	0.01809	0.03166	0.02148	0.02488	0.01470	0.01696	0.01357	0.00905	0.00678	0.00226	0.01131	0.00565	0.00452	0.01357
10	0.02174	0.10677	0.09878	0.15223	0.03787	0.07644	0.02273	0.02753	0.02275	0.02862	0.03049	0.05450	0.02959	0.02331	0.07182	0.00509	0.01456	0.15713	0.00637	0.01168
11	0.03033	0.23297	0.11033	0.10136	0.03828	0.02995	0.05688	0.09175	0.05565	0.12063	0.02342	0.02524	0.01737	0.01073	0.00938	0.00300	0.01219	0.00850	0.00701	0.01502
12	0.02313	0.02313	0.03238	0.02776	0.02776	0.03238	0.02313	0.02545	0.01619	0.02545	0.01388	0.02313	0.01388	0.01851	0.03470	0.00463	0.60907	0.00925	0.00463	0.01157
13	0.01491	0.01058	0.01398	0.01524	0.01677	0.01016	0.01140	0.01817	0.02329	0.03149	0.18612	0.26691	0.07116	0.10734	0.01884	0.00498	0.00737	0.15248	0.00983	0.00898
14	0.03932	0.01737	0.02270	0.01822	0.02517	0.01595	0.01475	0.04679	0.09434	0.41522	0.12870	0.04366	0.03934	0.01468	0.01096	0.00332	0.00824	0.01223	0.01255	0.01649
15	0.01527	0.01040	0.01222	0.01200	0.01266	0.01018	0.00735	0.01659	0.01922	0.02629	0.17167	0.07178	0.05464	0.46807	0.04289	0.00842	0.00886	0.01637	0.00779	0.00735
16	0.01538	0.01025	0.01153	0.01153	0.01153	0.01025	0.00641	0.01538	0.01538	0.02050	0.03331	0.06919	0.03844	0.62842	0.05382	0.01025	0.01025	0.01538	0.00641	0.00641
17	0.01811	0.01000	0.01047	0.01047	0.01203	0.01000	0.00703	0.02121	0.01966	0.03243	0.03406	0.05042	0.03129	0.24005	0.02455	0.00534	0.00689	0.01190	0.43551	0.00858
18	0.29767	0.31013	0.03625	0.01747	0.02524	0.07052	0.01575	0.06624	0.02261	0.03677	0.01555	0.01777	0.01303	0.00973	0.00713	0.00276	0.01061	0.00603	0.00580	0.01294
19	0.70310	0.02045	0.01554	0.01390	0.02045	0.02372	0.01145	0.03108	0.01799	0.04744	0.01472	0.01718	0.01145	0.00981	0.00654	0.00327	0.00818	0.00573	0.00654	0.01145
20	0.01971	0.00985	0.00985	0.00985	0.01232	0.00985	0.00739	0.02464	0.02217	0.03942	0.03449	0.03942	0.02710	0.01232	0.00739	0.00246	0.00493	0.00985	0.68712	0.00985
21	0.01997	0.01879	0.03171	0.60301	0.07282	0.02349	0.02936	0.02701	0.02114	0.02701	0.01879	0.02819	0.01409	0.01057	0.01057	0.00352	0.01409	0.00940	0.00470	0.01175
22	0.01510	0.01133	0.01699	0.01699	0.01888	0.01322	0.01322	0.01888	0.01699	0.02454	0.02832	0.04154	0.02643	0.07930	0.58652	0.01699	0.02832	0.01133	0.00566	0.00944
23	0.01997	0.01879	0.03171	0.60301	0.07282	0.02349	0.02936	0.02701	0.02114	0.02701	0.01879	0.02819	0.01409	0.01057	0.01057	0.00352	0.01409	0.00940	0.00470	0.01175
24	0.01483	0.01045	0.01262	0.01249	0.01496	0.00957	0.00921	0.01894	0.02645	0.03719	0.33062	0.14847	0.17916	0.02290	0.01192	0.00338	0.00520	0.01993	0.10213	0.00957
25	0.02782	0.02567	0.09926	0.02603	0.08117	0.02311	0.02061	0.07623	0.26903	0.10947	0.03783	0.09582	0.03047	0.01499	0.01089	0.00352	0.00981	0.01273	0.00956	0.01597
26	0.12525	0.01627	0.01992	0.01624	0.02204	0.01522	0.01259	0.03928	0.02471	0.35590	0.03594	0.04229	0.02748	0.17526	0.02151	0.00512	0.00922	0.01124	0.01046	0.01407

[dist]
# distance from previous block
# <min> <max>
0	1

[block]
# block no. 3 follows, 13 sequences, length 26
# corresponding to MSA columns:
# 99-124
name=unknown_D
#
# <colnr> <probs for GDERKNQSTAVLIFYWHMCP>
#	G	D	E	R	K	N	Q	S	T	A	V	L	I	F	Y	W	H	M	C	P
0	0.02276	0.18762	0.05925	0.01900	0.02456	0.02223	0.04287	0.02715	0.02355	0.08240	0.14975	0.11087	0.04323	0.02445	0.08292	0.00491	0.03901	0.01355	0.00782	0.01210
1	0.02066	0.09093	0.02474	0.01679	0.02299	0.01815	0.01364	0.02467	0.02236	0.03277	0.11039	0.09826	0.03510	0.01426	0.01206	0.00258	0.07384	0.01130	0.00715	0.34734
2	0.11112	0.23070	0.09084	0.02144	0.03015	0.02933	0.05307	0.04041	0.13552	0.12083	0.02604	0.02622	0.01953	0.01102	0.00894	0.00303	0.01080	0.00850	0.00754	0.01496
3	0.10312	0.08872	0.11361	0.02270	0.08301	0.01884	0.01795	0.02316	0.01769	0.02688	0.01779	0.02639	0.01601	0.02300	0.02474	0.34305	0.01073	0.00818	0.00487	0.00958
4	0.02893	0.02431	0.02855	0.02882	0.11613	0.02665	0.01974	0.15051	0.31722	0.04674	0.03381	0.03307	0.02554	0.01274	0.01047	0.00329	0.00971	0.01063	0.00950	0.06365
5	0.01974	0.01154	0.01471	0.01341	0.01660	0.01064	0.01024	0.02460	0.02870	0.10678	0.40790	0.06721	0.07880	0.01904	0.01141	0.00318	0.00547	0.01656	0.12252	0.01094
6	0.18150	0.02297	0.06821	0.15281	0.04167	0.02158	0.10267	0.03739	0.02409	0.20805	0.02571	0.02791	0.01767	0.01091	0.00997	0.00338	0.01185	0.00937	0.00790	0.01437
7	0.02718	0.19358	0.10562	0.16039	0.18632	0.02820	0.02673	0.03331	0.02321	0.09033	0.02057	0.02473	0.01595	0.01006	0.00945	0.00302	0.01252	0.00833	0.00571	0.01479
8	0.01367	0.01040	0.01258	0.01278	0.01519	0.00931	0.00930	0.01717	0.02576	0.03428	0.29343	0.21269	0.24308	0.02599	0.01272	0.00363	0.00538	0.02271	0.01062	0.00931
9	0.02804	0.02357	0.03947	0.11865	0.44414	0.02379	0.03008	0.03414	0.02450	0.09806	0.02239	0.02757	0.01759	0.00999	0.01050	0.00320	0.01230	0.00956	0.00612	0.01635
10	0.02338	0.03007	0.13710	0.17416	0.14085	0.02536	0.24891	0.03199	0.02349	0.03234	0.02014	0.02703	0.01527	0.00957	0.01130	0.00345	0.01574	0.01049	0.00503	0.01432
11	0.03991	0.01821	0.02650	0.17892	0.03955	0.01772	0.01933	0.04481	0.02776	0.42103	0.03543	0.03385	0.02286	0.01240	0.01062	0.00334	0.01039	0.01029	0.01079	0.01628
12	0.01288	0.00920	0.01227	0.01472	0.01534	0.00859	0.00981	0.01472	0.02024	0.02699	0.05828	0.62152	0.06993	0.03312	0.01350	0.00429	0.00613	0.03006	0.00981	0.00859
13	0.01757	0.00965	0.01292	0.01282	0.01340	0.00956	0.00853	0.01608	0.01691	0.02401	0.08373	0.04535	0.03240	0.14491	0.03638	0.40188	0.00840	0.01156	0.08778	0.00618
14	0.06416	0.06281	0.17866	0.09101	0.07426	0.02300	0.02497	0.06557	0.06147	0.20867	0.02790	0.02845	0.01927	0.01141	0.01006	0.00327	0.01181	0.00917	0.00818	0.01592
15	0.59216	0.02121	0.02003	0.02226	0.10928	0.02395	0.01489	0.03130	0.01899	0.04532	0.01557	0.01865	0.01232	0.00975	0.00719	0.00325	0.00890	0.00633	0.00633	0.01232
16	0.70310	0.02045	0.01554	0.01390	0.02045	0.02372	0.01145	0.03108	0.01799	0.04744	0.01472	0.01718	0.01145	0.00981	0.00654	0.00327	0.00818	0.00573	0.00654	0.01145
17	0.01381	0.01005	0.01110	0.01195	0.01432	0.00896	0.00854	0.01657	0.02246	0.02980	0.07846	0.26976	0.30373	0.02658	0.01200	0.00364	0.00555	0.02293	0.12082	0.00896
18	0.37424	0.02394	0.05581	0.02131	0.02946	0.02356	0.09070	0.08532	0.02478	0.14619	0.02216	0.02355	0.01570	0.01061	0.00880	0.00331	0.01051	0.00816	0.00791	0.01399
19	0.02650	0.02104	0.03274	0.37954	0.14310	0.02398	0.02720	0.09079	0.02608	0.09407	0.02234	0.02840	0.01636	0.01092	0.01056	0.00339	0.01297	0.00955	0.00644	0.01402
20	0.37737	0.02299	0.02230	0.01811	0.02555	0.02525	0.01494	0.19471	0.03032	0.14266	0.02276	0.02303	0.01607	0.01130	0.00854	0.00324	0.00943	0.00779	0.00896	0.01467
21	0.11147	0.04026	0.11621	0.02428	0.03216	0.29927	0.02136	0.04173	0.02746	0.15607	0.02250	0.02333	0.01626	0.01115	0.00954	0.00301	0.01496	0.00774	0.00718	0.01406
22	0.02751	0.09992	0.09865	0.04221	0.29291	0.02420	0.02634	0.03362	0.02390	0.09222	0.02139	0.02502	0.01685	0.00959	0.00956	0.00281	0.01159	0.00840	0.00610	0.12721
23	0.02118	0.01538	0.01963	0.01781	0.02359	0.01322	0.01502	0.02593	0.02372	0.06942	0.03920	0.07221	0.03928	0.01902	0.01145	0.00336	0.00888	0.25236	0.00849	0.30088
24	0.02892	0.03153	0.16381	0.02817	0.06501	0.02468	0.07895	0.12085	0.14921	0.09602	0.02823	0.02905	0.02053	0.01142	0.01044	0.00321	0.01195	0.00980	0.00811	0.08008
25	0.14282	0.06228	0.13220	0.02212	0.02984	0.02678	0.02070	0.04391	0.28515	0.04033	0.02984	0.02987	0.02267	0.01271	0.01132	0.00348	0.05135	0.00953	0.00803	0.01507

[dist]
# distance from previous block
# <min> <max>
0	1

[block]
# block no. 4 follows, 13 sequences, length 7
# corresponding to MSA columns:
# 126-132
name=unknown_E
#
# <colnr> <probs for GDERKNQSTAVLIFYWHMCP>
#	G	D	E	R	K	N	Q	S	T	A	V	L	I	F	Y	W	H	M	C	P
0	0.22957	0.02002	0.02571	0.28497	0.04646	0.02299	0.02101	0.07217	0.02399	0.12586	0.02189	0.02597	0.01561	0.01093	0.00938	0.00338	0.01129	0.00852	0.00710	0.01319
1	0.02899	0.02406	0.03152	0.29146	0.12566	0.08277	0.02519	0.07499	0.06423	0.11144	0.02433	0.02867	0.01782	0.01125	0.01047	0.00332	0.01304	0.00950	0.00699	0.01429
2	0.02778	0.02226	0.03310	0.19829	0.04580	0.02446	0.10427	0.06917	0.20662	0.10870	0.03109	0.03305	0.02258	0.01207	0.01096	0.00350	0.01190	0.01097	0.00836	0.01508
3	0.02230	0.10714	0.03066	0.11449	0.12021	0.02080	0.01887	0.02748	0.02316	0.03301	0.09013	0.03049	0.02651	0.01053	0.00916	0.00246	0.00970	0.00890	0.00632	0.28769
4	0.29359	0.01604	0.01516	0.01487	0.01913	0.01748	0.01129	0.02779	0.10064	0.03813	0.04534	0.21309	0.11054	0.01990	0.01012	0.00367	0.00719	0.01633	0.00864	0.01105
5	0.01770	0.19651	0.02504	0.01451	0.01867	0.01881	0.01187	0.02070	0.02307	0.02913	0.13439	0.22804	0.17920	0.02258	0.01109	0.00336	0.00731	0.01916	0.00852	0.01037
6	0.13736	0.03719	0.20035	0.07367	0.04496	0.09992	0.19173	0.03391	0.02341	0.03443	0.01871	0.02352	0.01403	0.00978	0.01024	0.00334	0.01547	0.00899	0.00525	0.01375

[dist]
# distance from previous block
# <min> <max>
0	1

[block]
# block no. 5 follows, 13 sequences, length 15
# corresponding to MSA columns:
# 134-148
name=unknown_F
#
# <colnr> <probs for GDERKNQSTAVLIFYWHMCP>
#	G	D	E	R	K	N	Q	S	T	A	V	L	I	F	Y	W	H	M	C	P
0	0.02285	0.01143	0.01614	0.01468	0.01681	0.01059	0.01043	0.02045	0.01695	0.09800	0.02171	0.03162	0.01919	0.03039	0.03351	0.52324	0.00902	0.00908	0.00597	0.07795
1	0.02259	0.12668	0.34696	0.12490	0.04558	0.02639	0.03214	0.05403	0.02339	0.03257	0.02105	0.02904	0.01685	0.01137	0.01000	0.00332	0.01419	0.03945	0.00514	0.01440
2	0.02830	0.47331	0.14109	0.02079	0.03089	0.03796	0.02187	0.08341	0.02456	0.03067	0.01654	0.01875	0.01400	0.00959	0.00773	0.00254	0.01208	0.00642	0.00514	0.01438
3	0.01312	0.00950	0.01240	0.01428	0.01532	0.00879	0.00972	0.01541	0.02172	0.02904	0.12457	0.51889	0.10562	0.03125	0.01330	0.00412	0.00594	0.02817	0.01005	0.00879
4	0.02733	0.02287	0.11932	0.02003	0.02705	0.01719	0.01878	0.03760	0.11528	0.18689	0.16598	0.05521	0.04735	0.01689	0.01150	0.00355	0.00919	0.07327	0.01037	0.01434
5	0.01298	0.00948	0.01200	0.01396	0.01495	0.00874	0.00935	0.01483	0.02048	0.02681	0.06362	0.51347	0.13699	0.06948	0.01588	0.00456	0.00628	0.02804	0.00960	0.00850
6	0.01677	0.01273	0.01384	0.01332	0.01613	0.01221	0.00946	0.07995	0.02455	0.03114	0.07037	0.17251	0.27933	0.17359	0.02255	0.00528	0.00748	0.02031	0.00908	0.00940
7	0.01510	0.01133	0.01699	0.01699	0.01888	0.01322	0.01322	0.01888	0.01699	0.02454	0.02832	0.04154	0.02643	0.07930	0.58652	0.01699	0.02832	0.01133	0.00566	0.00944
8	0.07552	0.02029	0.02705	0.10696	0.10032	0.02070	0.01932	0.12255	0.02993	0.25379	0.03059	0.03108	0.02110	0.01193	0.01002	0.00319	0.01015	0.00974	0.08006	0.01572
9	0.40283	0.01618	0.01428	0.01370	0.01814	0.01802	0.01091	0.02670	0.01927	0.04043	0.02627	0.04198	0.02451	0.09127	0.01381	0.00424	0.00811	0.07630	0.12273	0.01030
10	0.02414	0.03165	0.18633	0.03942	0.16229	0.02275	0.17763	0.03251	0.02506	0.06682	0.09731	0.03389	0.02793	0.01138	0.01125	0.00336	0.01368	0.01135	0.00643	0.01482
11	0.01765	0.02020	0.09941	0.17471	0.07124	0.01665	0.02116	0.02380	0.02424	0.03235	0.14749	0.06394	0.14947	0.01830	0.01177	0.00361	0.01006	0.07474	0.00776	0.01144
12	0.01517	0.01114	0.01470	0.01673	0.01888	0.01067	0.01360	0.01887	0.02322	0.02989	0.06528	0.24879	0.14783	0.02983	0.01395	0.00450	0.00804	0.28985	0.00977	0.00930
13	0.02611	0.15405	0.20831	0.02148	0.03177	0.02395	0.02280	0.06450	0.02572	0.09478	0.08910	0.03006	0.02646	0.01144	0.00942	0.00280	0.01109	0.00897	0.00705	0.13013
14	0.02835	0.46959	0.14065	0.02118	0.03094	0.10084	0.02192	0.03317	0.02259	0.02645	0.01561	0.01811	0.01354	0.00943	0.00765	0.00250	0.01293	0.00615	0.00462	0.01377

[dist]
# distance from previous block
# <min> <max>
0	1

[block]
# block no. 6 follows, 13 sequences, length 26
# corresponding to MSA columns:
# 150-175
name=unknown_G
#
# <colnr> <probs for GDERKNQSTAVLIFYWHMCP>
#	G	D	E	R	K	N	Q	S	T	A	V	L	I	F	Y	W	H	M	C	P
0	0.06428	0.39639	0.20173	0.02192	0.03251	0.06967	0.02394	0.03281	0.02206	0.02868	0.01604	0.01866	0.01340	0.00949	0.00789	0.00266	0.01287	0.00635	0.00468	0.01397
1	0.02894	0.02677	0.03812	0.10992	0.31531	0.09034	0.06121	0.03696	0.07118	0.08261	0.02351	0.02779	0.01828	0.01046	0.01055	0.00321	0.01315	0.00965	0.00642	0.01561
2	0.02852	0.02643	0.03313	0.03031	0.09521	0.07680	0.10222	0.10872	0.22376	0.04193	0.03013	0.03141	0.02295	0.01187	0.01051	0.00322	0.01160	0.01052	0.05055	0.05020
3	0.01408	0.01009	0.01351	0.01513	0.01651	0.00952	0.01102	0.01720	0.02335	0.03164	0.18414	0.40340	0.07602	0.02958	0.01341	0.00414	0.00642	0.10146	0.01026	0.00912
4	0.03633	0.06631	0.10274	0.02563	0.08782	0.02101	0.02078	0.09841	0.02931	0.29403	0.03395	0.08251	0.02547	0.01373	0.01052	0.00328	0.01050	0.01137	0.00989	0.01640
5	0.02836	0.22856	0.23669	0.02472	0.03540	0.03261	0.02658	0.15736	0.02858	0.03862	0.01891	0.02147	0.01464	0.01098	0.01083	0.00305	0.05364	0.00766	0.00604	0.01530
6	0.01513	0.01123	0.01651	0.01651	0.01823	0.01295	0.01261	0.01857	0.01685	0.02419	0.02876	0.04399	0.02750	0.12805	0.53922	0.01639	0.02672	0.01169	0.00573	0.00917
7	0.31989	0.02268	0.02501	0.02137	0.02514	0.02867	0.01773	0.08283	0.02064	0.03949	0.01550	0.02080	0.01328	0.01410	0.01985	0.00388	0.28306	0.00775	0.00611	0.01222
8	0.01496	0.01081	0.01413	0.01330	0.01580	0.00998	0.00998	0.01995	0.02993	0.04240	0.55689	0.07898	0.09976	0.02162	0.01247	0.00333	0.00499	0.01912	0.01164	0.00998
9	0.02192	0.01879	0.02192	0.01566	0.02506	0.01409	0.01253	0.02662	0.02192	0.03445	0.01879	0.02192	0.01566	0.00783	0.00783	0.00157	0.00783	0.00626	0.00626	0.69305
10	0.02075	0.01771	0.02202	0.08453	0.02943	0.01464	0.01417	0.02577	0.02292	0.03465	0.09164	0.03039	0.02686	0.01002	0.00878	0.00203	0.00818	0.00837	0.00681	0.52033
11	0.70310	0.02045	0.01554	0.01390	0.02045	0.02372	0.01145	0.03108	0.01799	0.04744	0.01472	0.01718	0.01145	0.00981	0.00654	0.00327	0.00818	0.00573	0.00654	0.01145
12	0.01971	0.00985	0.00985	0.00985	0.01232	0.00985	0.00739	0.02464	0.02217	0.03942	0.03449	0.03942	0.02710	0.01232	0.00739	0.00246	0.00493	0.00985	0.68712	0.00985
13	0.02570	0.02642	0.05036	0.05713	0.36862	0.02574	0.22034	0.03299	0.02441	0.03428	0.02046	0.02707	0.01648	0.00923	0.01124	0.00330	0.01457	0.01059	0.00528	0.01580
14	0.01821	0.01183	0.01235	0.01195	0.01515	0.01175	0.00904	0.02579	0.09062	0.03762	0.11118	0.05954	0.17017	0.01726	0.00967	0.00298	0.00549	0.01429	0.35459	0.01052
15	0.01416	0.00966	0.01262	0.01480	0.01585	0.00919	0.01048	0.01673	0.02098	0.02895	0.05538	0.49311	0.06407	0.03034	0.01297	0.00417	0.00647	0.08724	0.08397	0.00887
16	0.01259	0.01033	0.01111	0.01173	0.01455	0.00884	0.00848	0.01506	0.02312	0.02816	0.09475	0.23334	0.43457	0.02838	0.01275	0.00375	0.00555	0.02427	0.00982	0.00884
17	0.21343	0.01861	0.02226	0.01757	0.02533	0.01761	0.01450	0.04635	0.02716	0.43754	0.03488	0.03122	0.02245	0.01226	0.00960	0.00327	0.00879	0.00939	0.01143	0.01634
18	0.01397	0.01061	0.01128	0.01112	0.01432	0.00926	0.00834	0.01742	0.02501	0.03282	0.18778	0.08873	0.39404	0.02378	0.01180	0.00337	0.00522	0.01999	0.10187	0.00926
19	0.02364	0.25476	0.39490	0.02598	0.03934	0.03052	0.03183	0.03285	0.02203	0.03052	0.01750	0.02047	0.01345	0.00970	0.00892	0.00297	0.01414	0.00707	0.00448	0.01492
20	0.11018	0.02079	0.02987	0.32587	0.13532	0.02434	0.02505	0.03419	0.12475	0.03426	0.02325	0.02868	0.01778	0.01104	0.01007	0.00344	0.01195	0.00943	0.00622	0.01350
21	0.04299	0.02107	0.02601	0.09867	0.03372	0.06894	0.01786	0.04736	0.02900	0.44642	0.03628	0.03338	0.02339	0.01254	0.01052	0.00326	0.01061	0.01011	0.01125	0.01662
22	0.02159	0.01981	0.03230	0.04738	0.37528	0.01950	0.02455	0.02643	0.02311	0.03210	0.03735	0.18360	0.07828	0.01696	0.01141	0.00347	0.01029	0.01579	0.00680	0.01399
23	0.01341	0.00961	0.01274	0.01436	0.01545	0.00894	0.00986	0.01605	0.02270	0.03089	0.18451	0.48416	0.07748	0.03021	0.01324	0.00405	0.00584	0.02729	0.01028	0.00894
24	0.08697	0.12273	0.36315	0.02903	0.07281	0.08818	0.03141	0.03392	0.02277	0.03291	0.01781	0.02106	0.01348	0.00995	0.00928	0.00312	0.01458	0.00734	0.00482	0.01469
25	0.02895	0.02194	0.03162	0.21349	0.09296	0.02393	0.05502	0.17594	0.03093	0.09920	0.02823	0.09899	0.02360	0.01395	0.01104	0.00345	0.01196	0.01224	0.00804	0.01450

[dist]
# distance from previous block
# <min> <max>
0	5

[block]
# block no. 7 follows, 13 sequences, length 10
# corresponding to MSA columns:
# 181-190
name=unknown_H
#
# <colnr> <probs for GDERKNQSTAVLIFYWHMCP>
#	G	D	E	R	K	N	Q	S	T	A	V	L	I	F	Y	W	H	M	C	P
0	0.19168	0.06355	0.03110	0.11615	0.20882	0.02407	0.02189	0.03179	0.05221	0.03654	0.01930	0.02375	0.01559	0.00970	0.00888	0.00295	0.01065	0.00792	0.00591	0.11753
1	0.02192	0.01879	0.02192	0.01566	0.02506	0.01409	0.01253	0.02662	0.02192	0.03445	0.01879	0.02192	0.01566	0.00783	0.00783	0.00157	0.00783	0.00626	0.00626	0.69305
2	0.19546	0.29948	0.03696	0.01762	0.02601	0.03180	0.01590	0.10445	0.02489	0.03811	0.01692	0.01902	0.01402	0.00959	0.00745	0.00254	0.01005	0.00634	0.00619	0.11721
3	0.02629	0.02617	0.15693	0.01928	0.02852	0.01640	0.01879	0.03200	0.02283	0.14823	0.02602	0.03227	0.02085	0.10405	0.01599	0.00370	0.01037	0.00898	0.00732	0.27498
4	0.02972	0.45191	0.04998	0.02615	0.10952	0.03794	0.02058	0.10548	0.02608	0.03256	0.01708	0.01962	0.01471	0.00965	0.00791	0.00253	0.01155	0.00680	0.00553	0.01471
5	0.03548	0.26882	0.04109	0.02186	0.03055	0.03636	0.01930	0.33133	0.03855	0.05013	0.02116	0.02205	0.01624	0.01125	0.00908	0.00281	0.01151	0.00799	0.00818	0.01624
6	0.03600	0.26414	0.03646	0.01806	0.02676	0.02581	0.01611	0.03990	0.02552	0.27282	0.02753	0.02631	0.01958	0.01069	0.00868	0.00262	0.00974	0.00800	0.00866	0.11662
7	0.01514	0.01117	0.01619	0.01619	0.01781	0.01278	0.01222	0.01837	0.01676	0.02395	0.02905	0.04558	0.02819	0.15958	0.50864	0.01601	0.02568	0.01192	0.00577	0.00900
8	0.01837	0.00918	0.01377	0.01377	0.01377	0.00918	0.00918	0.01377	0.01377	0.01837	0.01837	0.03214	0.01837	0.03673	0.04132	0.69238	0.00918	0.00918	0.00459	0.00459
9	0.04266	0.03747	0.02780	0.02388	0.03041	0.35844	0.01848	0.04593	0.03008	0.24283	0.02646	0.02582	0.01863	0.01177	0.00997	0.00294	0.01505	0.00833	0.00849	0.01455

[dist]
# distance from previous block
# <min> <max>
0	0

# created by:
# /st0/software/busco_prod/Augustus/scripts/msa2prfl.pl ./align_prep/7366.fa
