[name]
unknown

[dist]
# distance from previous block
# <min> <max>
0	11

[block]
# block no. 0 follows, 12 sequences, length 12
# corresponding to MSA columns:
# 11-22
name=unknown_A
#
# <colnr> <probs for GDERKNQSTAVLIFYWHMCP>
#	G	D	E	R	K	N	Q	S	T	A	V	L	I	F	Y	W	H	M	C	P
0	0.01602	0.01076	0.01245	0.01269	0.01294	0.01076	0.00768	0.01651	0.01676	0.02227	0.03664	0.07640	0.04190	0.55944	0.05154	0.01003	0.01052	0.06079	0.00694	0.00694
1	0.01614	0.01255	0.01923	0.08197	0.02573	0.01482	0.01550	0.02041	0.01800	0.02560	0.02810	0.04129	0.02583	0.07381	0.51032	0.01596	0.02756	0.01146	0.00573	0.01000
2	0.01560	0.01157	0.01697	0.01697	0.01873	0.01333	0.01294	0.01912	0.01736	0.02490	0.02971	0.04562	0.02847	0.13410	0.52293	0.01684	0.02738	0.01209	0.00592	0.00943
3	0.02261	0.01938	0.02261	0.01615	0.02584	0.01453	0.01292	0.02745	0.02261	0.03553	0.01938	0.02261	0.01615	0.00807	0.00807	0.00161	0.00807	0.00646	0.00646	0.68346
4	0.02314	0.02017	0.02522	0.02228	0.08901	0.01591	0.01540	0.02818	0.02288	0.03554	0.01952	0.02314	0.01629	0.00827	0.00840	0.00181	0.00866	0.00685	0.00633	0.60299
5	0.19819	0.35704	0.07994	0.01889	0.02768	0.03517	0.01834	0.03561	0.08096	0.03460	0.01893	0.02068	0.01569	0.01025	0.00766	0.00284	0.01081	0.00678	0.00595	0.01398
6	0.01763	0.00994	0.01322	0.01322	0.01322	0.00994	0.00825	0.01491	0.01491	0.01988	0.02550	0.04940	0.02775	0.28422	0.04810	0.39673	0.00994	0.01219	0.00553	0.00553
7	0.02841	0.40565	0.04535	0.01994	0.02812	0.03733	0.01815	0.04183	0.20612	0.03290	0.02576	0.02591	0.02099	0.01131	0.00848	0.00283	0.01056	0.00819	0.00700	0.01518
8	0.02261	0.01938	0.02261	0.01615	0.02584	0.01453	0.01292	0.02745	0.02261	0.03553	0.01938	0.02261	0.01615	0.00807	0.00807	0.00161	0.00807	0.00646	0.00646	0.68346
9	0.03217	0.03776	0.16307	0.03440	0.13275	0.09460	0.02754	0.19554	0.09317	0.04635	0.02451	0.02647	0.01834	0.01177	0.01064	0.00330	0.01372	0.00932	0.00771	0.01685
10	0.18989	0.02831	0.09807	0.04981	0.36036	0.02548	0.02896	0.03324	0.02308	0.03875	0.01909	0.02425	0.01552	0.00989	0.00975	0.00330	0.01222	0.00859	0.00563	0.01580
11	0.48760	0.02194	0.02137	0.01874	0.02341	0.02721	0.01552	0.03026	0.01798	0.04194	0.01491	0.01960	0.01258	0.01288	0.01569	0.00380	0.18956	0.00702	0.00614	0.01185

[dist]
# distance from previous block
# <min> <max>
1	3

[block]
# block no. 1 follows, 12 sequences, length 8
# corresponding to MSA columns:
# 26-33
name=unknown_B
#
# <colnr> <probs for GDERKNQSTAVLIFYWHMCP>
#	G	D	E	R	K	N	Q	S	T	A	V	L	I	F	Y	W	H	M	C	P
0	0.09550	0.10065	0.02126	0.01703	0.02012	0.07913	0.01273	0.02271	0.02192	0.02979	0.04391	0.39406	0.05068	0.02541	0.01169	0.00384	0.00881	0.02196	0.00848	0.01033
1	0.13000	0.03418	0.02870	0.09423	0.03632	0.22995	0.02016	0.14731	0.03270	0.11261	0.02266	0.02445	0.01660	0.01177	0.00994	0.00317	0.01430	0.00838	0.00796	0.01461
2	0.02938	0.02163	0.03534	0.26620	0.24106	0.02300	0.02825	0.03566	0.02506	0.15021	0.02514	0.03011	0.01837	0.01105	0.01088	0.00343	0.01276	0.00999	0.00701	0.01549
3	0.01854	0.01538	0.02464	0.02549	0.09405	0.01576	0.07498	0.02179	0.01884	0.02616	0.02931	0.05112	0.02982	0.29070	0.20543	0.01087	0.01768	0.01334	0.00607	0.01006
4	0.02499	0.02478	0.03357	0.03934	0.21644	0.08711	0.05620	0.02877	0.02172	0.02898	0.02267	0.03736	0.02216	0.17097	0.02723	0.00543	0.12271	0.01120	0.00563	0.01275
5	0.39303	0.03531	0.02288	0.02067	0.02690	0.27711	0.01607	0.03734	0.02424	0.03868	0.01595	0.01861	0.01284	0.01063	0.00817	0.00311	0.01361	0.00642	0.00623	0.01219
6	0.03289	0.02814	0.04023	0.03936	0.17234	0.02971	0.11005	0.23921	0.10601	0.05085	0.02648	0.02897	0.01990	0.01175	0.01125	0.00339	0.01291	0.01068	0.00853	0.01735
7	0.03000	0.03409	0.03249	0.02843	0.03048	0.22995	0.02284	0.03254	0.02187	0.02640	0.01524	0.02233	0.01422	0.01623	0.02633	0.00406	0.38662	0.00862	0.00508	0.01219

[dist]
# distance from previous block
# <min> <max>
0	1

[block]
# block no. 2 follows, 12 sequences, length 7
# corresponding to MSA columns:
# 35-41
name=unknown_C
#
# <colnr> <probs for GDERKNQSTAVLIFYWHMCP>
#	G	D	E	R	K	N	Q	S	T	A	V	L	I	F	Y	W	H	M	C	P
0	0.04114	0.02199	0.02673	0.02023	0.02902	0.02052	0.01662	0.17209	0.03477	0.31027	0.03328	0.03098	0.02233	0.01220	0.01032	0.00296	0.00975	0.00967	0.01126	0.16386
1	0.01328	0.00949	0.01265	0.01518	0.01581	0.00886	0.01012	0.01518	0.02088	0.02783	0.06010	0.60969	0.07212	0.03416	0.01392	0.00443	0.00633	0.03100	0.01012	0.00886
2	0.43804	0.02044	0.02236	0.23329	0.04161	0.02437	0.01883	0.03046	0.01979	0.04092	0.01678	0.02203	0.01284	0.01042	0.00833	0.00347	0.01075	0.00734	0.00602	0.01192
3	0.02602	0.19878	0.20508	0.04278	0.25331	0.03045	0.03149	0.03357	0.02354	0.03256	0.01876	0.02318	0.01532	0.00981	0.00962	0.00306	0.01356	0.00815	0.00495	0.01602
4	0.02059	0.01938	0.03270	0.59060	0.07510	0.02422	0.03028	0.02786	0.02180	0.02786	0.01938	0.02907	0.01453	0.01090	0.01090	0.00363	0.01453	0.00969	0.00484	0.01211
5	0.04563	0.01966	0.02815	0.02654	0.10608	0.01751	0.01864	0.05018	0.03025	0.47813	0.03964	0.03559	0.02553	0.01293	0.01094	0.00335	0.00983	0.01078	0.01228	0.01836
6	0.03291	0.03033	0.03692	0.18767	0.10739	0.17222	0.09740	0.03859	0.02698	0.12906	0.02368	0.02784	0.01737	0.01109	0.01091	0.00332	0.01533	0.00969	0.00685	0.01446

[dist]
# distance from previous block
# <min> <max>
0	4

[block]
# block no. 3 follows, 12 sequences, length 21
# corresponding to MSA columns:
# 46-66
name=unknown_D
#
# <colnr> <probs for GDERKNQSTAVLIFYWHMCP>
#	G	D	E	R	K	N	Q	S	T	A	V	L	I	F	Y	W	H	M	C	P
0	0.02682	0.03755	0.21585	0.03819	0.08874	0.02816	0.20083	0.10680	0.02789	0.03926	0.02108	0.02616	0.01583	0.01107	0.01358	0.00360	0.06661	0.01029	0.00597	0.01572
1	0.69383	0.02109	0.01603	0.01434	0.02109	0.02446	0.01181	0.03205	0.01856	0.04892	0.01518	0.01771	0.01181	0.01012	0.00675	0.00337	0.00843	0.00590	0.00675	0.01181
2	0.01547	0.01282	0.01582	0.01848	0.08047	0.01164	0.01144	0.01864	0.02440	0.03114	0.15427	0.08657	0.33437	0.11451	0.01913	0.00464	0.00715	0.01977	0.00929	0.00997
3	0.01328	0.00949	0.01265	0.01518	0.01581	0.00886	0.01012	0.01518	0.02088	0.02783	0.06010	0.60969	0.07212	0.03416	0.01392	0.00443	0.00633	0.03100	0.01012	0.00886
4	0.02108	0.01743	0.01927	0.01770	0.02227	0.01878	0.01359	0.03908	0.28569	0.04275	0.22828	0.06373	0.12728	0.01917	0.01196	0.00360	0.00698	0.01637	0.01128	0.01372
5	0.01359	0.01107	0.01202	0.01178	0.01516	0.00950	0.00884	0.01701	0.02651	0.03339	0.22988	0.09845	0.42249	0.02614	0.01288	0.00361	0.00542	0.02210	0.01064	0.00950
6	0.02059	0.01938	0.03270	0.59060	0.07510	0.02422	0.03028	0.02786	0.02180	0.02786	0.01938	0.02907	0.01453	0.01090	0.01090	0.00363	0.01453	0.00969	0.00484	0.01211
7	0.01586	0.01057	0.01189	0.01189	0.01189	0.01057	0.00661	0.01586	0.01586	0.02114	0.03436	0.07135	0.03964	0.61681	0.05550	0.01057	0.01057	0.01586	0.00661	0.00661
8	0.02187	0.05640	0.56031	0.03108	0.04719	0.02532	0.04029	0.03453	0.02302	0.03453	0.01957	0.02302	0.01381	0.01036	0.01036	0.00345	0.01611	0.00806	0.00460	0.01611
9	0.02166	0.01313	0.01778	0.01828	0.02179	0.01247	0.01547	0.02641	0.02694	0.11411	0.13770	0.10184	0.09964	0.02613	0.01392	0.00441	0.00880	0.29732	0.01089	0.01132
10	0.02261	0.01938	0.02261	0.01615	0.02584	0.01453	0.01292	0.02745	0.02261	0.03553	0.01938	0.02261	0.01615	0.00807	0.00807	0.00161	0.00807	0.00646	0.00646	0.68346
11	0.01582	0.01071	0.01259	0.01259	0.01283	0.01095	0.00747	0.01630	0.01606	0.02166	0.03372	0.06783	0.03811	0.55076	0.11946	0.01143	0.01287	0.01534	0.00651	0.00699
12	0.03499	0.04204	0.03007	0.02636	0.03161	0.39263	0.02032	0.03803	0.02713	0.02796	0.01679	0.02085	0.01441	0.01214	0.01414	0.00297	0.11968	0.00738	0.00560	0.11489
13	0.01516	0.01134	0.01420	0.01406	0.01688	0.01038	0.01093	0.01972	0.02857	0.03867	0.36697	0.09333	0.20086	0.02474	0.01320	0.00373	0.00598	0.09004	0.01126	0.00999
14	0.10334	0.01591	0.02313	0.15800	0.11168	0.01730	0.01825	0.02272	0.01912	0.02825	0.02699	0.03574	0.06366	0.02284	0.02316	0.27360	0.01072	0.01033	0.00559	0.00968
15	0.02033	0.01016	0.01016	0.01016	0.01270	0.01016	0.00762	0.02541	0.02287	0.04065	0.03557	0.04065	0.02795	0.01270	0.00762	0.00254	0.00508	0.01016	0.67734	0.01016
16	0.21953	0.11945	0.02773	0.13593	0.03423	0.05834	0.01766	0.03236	0.05304	0.06866	0.02659	0.11315	0.02437	0.01439	0.00947	0.00340	0.01066	0.01129	0.00716	0.01260
17	0.25205	0.02205	0.02882	0.10084	0.15437	0.02484	0.02168	0.03422	0.02210	0.11776	0.02110	0.02522	0.01615	0.01201	0.01329	0.00359	0.10019	0.00860	0.00693	0.01419
18	0.02033	0.01016	0.01016	0.01016	0.01270	0.01016	0.00762	0.02541	0.02287	0.04065	0.03557	0.04065	0.02795	0.01270	0.00762	0.00254	0.00508	0.01016	0.67734	0.01016
19	0.33669	0.07996	0.07286	0.02084	0.02817	0.09881	0.01848	0.10659	0.02566	0.04387	0.01738	0.02025	0.01370	0.01147	0.01071	0.00333	0.06387	0.00715	0.00670	0.01351
20	0.02828	0.03606	0.16040	0.03049	0.03721	0.11169	0.08657	0.03415	0.02268	0.07346	0.01929	0.02481	0.01548	0.01414	0.02093	0.00391	0.25150	0.00934	0.00568	0.01392

[dist]
# distance from previous block
# <min> <max>
0	2

[block]
# block no. 4 follows, 12 sequences, length 29
# corresponding to MSA columns:
# 69-97
name=unknown_E
#
# <colnr> <probs for GDERKNQSTAVLIFYWHMCP>
#	G	D	E	R	K	N	Q	S	T	A	V	L	I	F	Y	W	H	M	C	P
0	0.01938	0.01603	0.02014	0.02015	0.02242	0.01835	0.01564	0.02924	0.14932	0.03293	0.04786	0.27631	0.05070	0.02595	0.01715	0.00441	0.10860	0.10427	0.00944	0.01172
1	0.01316	0.01106	0.01143	0.01134	0.01490	0.00932	0.00850	0.01619	0.02551	0.03102	0.15776	0.10237	0.49609	0.02703	0.01288	0.00365	0.00548	0.02265	0.01033	0.00932
2	0.23737	0.01930	0.02259	0.01792	0.02586	0.01849	0.01479	0.04698	0.02751	0.40806	0.03488	0.03144	0.02255	0.01251	0.00973	0.00337	0.00903	0.00949	0.01152	0.01658
3	0.02581	0.02471	0.04213	0.16319	0.46171	0.02560	0.03288	0.03243	0.02427	0.03419	0.02030	0.02737	0.01677	0.00993	0.01081	0.00331	0.01324	0.00971	0.00530	0.01632
4	0.69383	0.02109	0.01603	0.01434	0.02109	0.02446	0.01181	0.03205	0.01856	0.04892	0.01518	0.01771	0.01181	0.01012	0.00675	0.00337	0.00843	0.00590	0.00675	0.01181
5	0.01678	0.02060	0.12864	0.01735	0.02275	0.01343	0.01656	0.02349	0.02922	0.04180	0.43362	0.06923	0.08426	0.01980	0.01234	0.00343	0.00744	0.01728	0.01046	0.01151
6	0.02059	0.01938	0.03270	0.59060	0.07510	0.02422	0.03028	0.02786	0.02180	0.02786	0.01938	0.02907	0.01453	0.01090	0.01090	0.00363	0.01453	0.00969	0.00484	0.01211
7	0.01586	0.01057	0.01189	0.01189	0.01189	0.01057	0.00661	0.01586	0.01586	0.02114	0.03436	0.07135	0.03964	0.61681	0.05550	0.01057	0.01057	0.01586	0.00661	0.00661
8	0.04073	0.05197	0.03090	0.02809	0.03371	0.57303	0.02107	0.04354	0.03090	0.02669	0.01685	0.01966	0.01404	0.01124	0.00983	0.00281	0.01966	0.00702	0.00562	0.01264
9	0.04892	0.01856	0.02530	0.01940	0.02783	0.01603	0.01603	0.05314	0.03121	0.55634	0.04302	0.03711	0.02699	0.01350	0.01096	0.00337	0.00928	0.01096	0.01350	0.01856
10	0.02254	0.11468	0.45234	0.08588	0.04789	0.02716	0.03692	0.03366	0.02280	0.03289	0.01907	0.02302	0.01390	0.01030	0.01005	0.00335	0.01547	0.00798	0.00463	0.01548
11	0.02699	0.02591	0.04426	0.06693	0.54879	0.02591	0.03346	0.03346	0.02483	0.03562	0.02051	0.02699	0.01727	0.00972	0.01079	0.00324	0.01295	0.00972	0.00540	0.01727
12	0.02742	0.02533	0.04125	0.14641	0.42140	0.02643	0.03168	0.08064	0.02700	0.03770	0.02090	0.02724	0.01696	0.01024	0.01082	0.00330	0.01311	0.00972	0.00586	0.01657
13	0.02933	0.02545	0.04394	0.04104	0.16504	0.02518	0.19973	0.08964	0.07883	0.09257	0.07091	0.03479	0.02700	0.01184	0.01178	0.00348	0.01336	0.01211	0.00797	0.01601
14	0.01393	0.01109	0.01249	0.01214	0.01537	0.00965	0.00911	0.01767	0.02732	0.03531	0.28789	0.09530	0.36329	0.02543	0.01288	0.00358	0.00537	0.02166	0.01090	0.00965
15	0.69383	0.02109	0.01603	0.01434	0.02109	0.02446	0.01181	0.03205	0.01856	0.04892	0.01518	0.01771	0.01181	0.01012	0.00675	0.00337	0.00843	0.00590	0.00675	0.01181
16	0.02800	0.02881	0.04073	0.04105	0.17067	0.11959	0.15762	0.06741	0.02809	0.03557	0.02892	0.04752	0.02664	0.01458	0.01215	0.00368	0.01491	0.11295	0.00689	0.01425
17	0.01558	0.01168	0.01752	0.01752	0.01947	0.01363	0.01363	0.01947	0.01752	0.02531	0.02921	0.04283	0.02726	0.08178	0.57360	0.01752	0.02921	0.01168	0.00584	0.00974
18	0.02137	0.02021	0.02813	0.02493	0.02518	0.02727	0.02017	0.02368	0.01714	0.02593	0.02188	0.08808	0.02329	0.07131	0.08866	0.00644	0.43739	0.01238	0.00555	0.01100
19	0.03921	0.02943	0.03146	0.02464	0.03296	0.03277	0.02018	0.44153	0.12581	0.06511	0.02902	0.02844	0.02084	0.01335	0.01094	0.00334	0.01147	0.01021	0.01094	0.01834
20	0.02572	0.02220	0.02332	0.02109	0.02701	0.02536	0.01638	0.05378	0.47946	0.04402	0.05088	0.04700	0.08359	0.01605	0.01127	0.00370	0.00832	0.01338	0.01100	0.01647
21	0.02372	0.02170	0.03249	0.15930	0.22211	0.02068	0.02399	0.02967	0.02322	0.03389	0.01978	0.02557	0.01620	0.00927	0.00966	0.00263	0.01121	0.00832	0.00573	0.30087
22	0.01311	0.01105	0.01135	0.01128	0.01486	0.00930	0.00846	0.01608	0.02538	0.03070	0.14819	0.10289	0.50586	0.02715	0.01288	0.00366	0.00549	0.02272	0.01029	0.00930
23	0.01823	0.01130	0.01656	0.01634	0.01676	0.01254	0.01172	0.01646	0.01573	0.02173	0.02449	0.09150	0.02533	0.04381	0.13772	0.42484	0.07063	0.01203	0.00548	0.00678
24	0.03891	0.03138	0.09240	0.02693	0.03665	0.02947	0.07082	0.34057	0.04249	0.13806	0.02768	0.02787	0.01915	0.01247	0.01105	0.00335	0.01266	0.01011	0.01009	0.01790
25	0.01586	0.01057	0.01189	0.01189	0.01189	0.01057	0.00661	0.01586	0.01586	0.02114	0.03436	0.07135	0.03964	0.61681	0.05550	0.01057	0.01057	0.01586	0.00661	0.00661
26	0.02809	0.02353	0.03012	0.12834	0.12201	0.02627	0.02229	0.14964	0.19784	0.04601	0.08196	0.03716	0.03098	0.01364	0.01115	0.00349	0.01079	0.01160	0.00912	0.01596
27	0.01757	0.01255	0.01757	0.02008	0.02259	0.01255	0.01757	0.02259	0.02510	0.03263	0.05773	0.12299	0.06275	0.03012	0.01506	0.00502	0.01004	0.47540	0.01004	0.01004
28	0.01989	0.01761	0.02566	0.28631	0.04666	0.02104	0.02181	0.02937	0.10946	0.03082	0.03493	0.19571	0.03415	0.01880	0.01364	0.00396	0.05450	0.01619	0.00743	0.01207

[dist]
# distance from previous block
# <min> <max>
2	4

[block]
# block no. 5 follows, 12 sequences, length 25
# corresponding to MSA columns:
# 102-126
name=unknown_F
#
# <colnr> <probs for GDERKNQSTAVLIFYWHMCP>
#	G	D	E	R	K	N	Q	S	T	A	V	L	I	F	Y	W	H	M	C	P
0	0.02033	0.01016	0.01016	0.01016	0.01270	0.01016	0.00762	0.02541	0.02287	0.04065	0.03557	0.04065	0.02795	0.01270	0.00762	0.00254	0.00508	0.01016	0.67734	0.01016
1	0.22870	0.02799	0.03252	0.02537	0.03357	0.08656	0.11099	0.15475	0.03136	0.13164	0.02393	0.02541	0.01709	0.01134	0.00997	0.00334	0.01259	0.00915	0.00851	0.01521
2	0.06607	0.02613	0.07487	0.03092	0.08966	0.06797	0.13674	0.03131	0.02333	0.03561	0.02369	0.02961	0.01891	0.01195	0.01346	0.00334	0.09322	0.00999	0.20017	0.01305
3	0.02436	0.02974	0.17741	0.11604	0.08073	0.02244	0.06641	0.03345	0.05435	0.07621	0.02725	0.06311	0.02192	0.01317	0.01260	0.00353	0.05784	0.01104	0.09419	0.01422
4	0.01334	0.01073	0.01142	0.01183	0.01453	0.00933	0.00837	0.01560	0.02303	0.02810	0.09227	0.18313	0.40110	0.10573	0.01863	0.00470	0.00631	0.02338	0.00966	0.00881
5	0.02186	0.04523	0.40371	0.02739	0.04015	0.02364	0.03270	0.03643	0.10458	0.03750	0.09196	0.03347	0.02856	0.01262	0.01080	0.00349	0.01349	0.01026	0.00660	0.01553
6	0.01385	0.01108	0.01238	0.01206	0.01532	0.00961	0.00904	0.01751	0.02713	0.03486	0.27421	0.09604	0.37725	0.02560	0.01288	0.00359	0.00538	0.02177	0.01084	0.00961
7	0.02320	0.02664	0.08389	0.03246	0.03766	0.02784	0.17969	0.02897	0.02198	0.03200	0.08637	0.03311	0.02657	0.01561	0.02333	0.00414	0.28584	0.01182	0.00594	0.01295
8	0.02712	0.02342	0.02465	0.02219	0.02835	0.02712	0.01726	0.05794	0.52909	0.04561	0.04438	0.04068	0.03328	0.01479	0.01109	0.00370	0.00863	0.01233	0.01109	0.01726
9	0.02915	0.62337	0.05714	0.01866	0.02799	0.04314	0.01866	0.03265	0.02215	0.02565	0.01516	0.01749	0.01399	0.00933	0.00700	0.00233	0.01166	0.00583	0.00466	0.01399
10	0.02261	0.01938	0.02261	0.01615	0.02584	0.01453	0.01292	0.02745	0.02261	0.03553	0.01938	0.02261	0.01615	0.00807	0.00807	0.00161	0.00807	0.00646	0.00646	0.68346
11	0.03065	0.02468	0.04109	0.05899	0.46186	0.02426	0.03055	0.03675	0.02589	0.12252	0.02427	0.02868	0.01889	0.01035	0.01082	0.00326	0.01234	0.00992	0.00675	0.01749
12	0.10819	0.08579	0.03240	0.11801	0.08180	0.28956	0.02196	0.03879	0.02687	0.07278	0.01936	0.02280	0.01519	0.01095	0.00960	0.00305	0.01553	0.00777	0.00616	0.01345
13	0.11299	0.02259	0.02637	0.02122	0.02850	0.02392	0.01737	0.14667	0.11601	0.27081	0.03438	0.03222	0.02359	0.01369	0.01243	0.00351	0.05523	0.01028	0.01113	0.01708
14	0.02254	0.05241	0.49283	0.03576	0.11278	0.02540	0.03939	0.03439	0.02326	0.03467	0.01969	0.02354	0.01426	0.01027	0.01042	0.00342	0.01570	0.00827	0.00471	0.01627
15	0.01561	0.01156	0.01690	0.01690	0.01863	0.01329	0.01285	0.01907	0.01734	0.02485	0.02977	0.04598	0.02863	0.14087	0.51637	0.01676	0.02715	0.01214	0.00593	0.00939
16	0.01976	0.01893	0.02024	0.01855	0.02193	0.10507	0.04812	0.02394	0.02795	0.03583	0.28325	0.17922	0.10962	0.02238	0.01258	0.00357	0.00880	0.01971	0.00993	0.01062
17	0.01530	0.01090	0.01324	0.01289	0.01554	0.00995	0.00958	0.01972	0.02804	0.03935	0.36461	0.12003	0.18148	0.02317	0.01236	0.00345	0.00530	0.02015	0.08498	0.00995
18	0.01833	0.01440	0.01868	0.01947	0.06175	0.01437	0.01334	0.02786	0.11351	0.04338	0.41719	0.07020	0.08428	0.02001	0.01240	0.00346	0.00636	0.01767	0.01131	0.01202
19	0.02961	0.08293	0.18798	0.09509	0.12684	0.02788	0.02878	0.13306	0.06620	0.08143	0.02430	0.02691	0.01787	0.01134	0.01043	0.00332	0.01314	0.00922	0.00720	0.01645
20	0.69383	0.02109	0.01603	0.01434	0.02109	0.02446	0.01181	0.03205	0.01856	0.04892	0.01518	0.01771	0.01181	0.01012	0.00675	0.00337	0.00843	0.00590	0.00675	0.01181
21	0.04892	0.01856	0.02530	0.01940	0.02783	0.01603	0.01603	0.05314	0.03121	0.55634	0.04302	0.03711	0.02699	0.01350	0.01096	0.00337	0.00928	0.01096	0.01350	0.01856
22	0.02304	0.12523	0.12626	0.33518	0.12467	0.02772	0.03046	0.03049	0.02246	0.02963	0.01887	0.02589	0.01468	0.01040	0.01016	0.00334	0.01412	0.00879	0.00485	0.01376
23	0.02176	0.02120	0.03774	0.47878	0.10946	0.02479	0.09315	0.02922	0.02255	0.02938	0.01982	0.02895	0.01501	0.01059	0.01115	0.00361	0.01492	0.01011	0.00498	0.01285
24	0.02701	0.02085	0.03336	0.09181	0.32004	0.02097	0.02568	0.03295	0.02498	0.09309	0.02842	0.03831	0.02357	0.01238	0.01064	0.00331	0.01113	0.04753	0.11875	0.01522

[dist]
# distance from previous block
# <min> <max>
3	31

[block]
# block no. 6 follows, 12 sequences, length 13
# corresponding to MSA columns:
# 158-170
name=unknown_G
#
# <colnr> <probs for GDERKNQSTAVLIFYWHMCP>
#	G	D	E	R	K	N	Q	S	T	A	V	L	I	F	Y	W	H	M	C	P
0	0.02071	0.01505	0.01852	0.01719	0.02012	0.01608	0.01283	0.12295	0.02701	0.03707	0.11386	0.14397	0.04663	0.14218	0.18588	0.00896	0.01485	0.01644	0.00871	0.01101
1	0.03064	0.25312	0.12015	0.02185	0.03147	0.06307	0.02119	0.06914	0.09583	0.09051	0.02411	0.02487	0.01855	0.01091	0.00904	0.00282	0.01179	0.00801	0.00713	0.08581
2	0.03235	0.02471	0.13583	0.02032	0.02890	0.01633	0.01947	0.03835	0.02768	0.27023	0.11450	0.09075	0.03892	0.01552	0.01112	0.00333	0.00971	0.01306	0.01041	0.07848
3	0.03119	0.21228	0.17341	0.03132	0.11518	0.02887	0.06103	0.03799	0.02507	0.14889	0.02381	0.02558	0.01755	0.01057	0.00973	0.00308	0.01292	0.00864	0.00680	0.01610
4	0.24792	0.19880	0.03296	0.02058	0.05885	0.02738	0.01656	0.03908	0.02408	0.20392	0.02444	0.02446	0.01767	0.01094	0.00843	0.00306	0.00995	0.00775	0.00821	0.01497
5	0.13818	0.01848	0.02212	0.01922	0.02577	0.01843	0.01591	0.04419	0.11035	0.28235	0.04207	0.05294	0.03328	0.01672	0.01120	0.00378	0.00920	0.10900	0.01132	0.01549
6	0.20073	0.02840	0.13557	0.11180	0.03925	0.02472	0.07406	0.03209	0.05995	0.03687	0.02808	0.03196	0.06261	0.01307	0.01275	0.00366	0.07481	0.01006	0.00631	0.01322
7	0.02271	0.02498	0.11048	0.02211	0.02868	0.02155	0.02023	0.04171	0.27370	0.04078	0.10783	0.06052	0.04535	0.01829	0.01204	0.00390	0.00971	0.11088	0.00991	0.01463
8	0.01526	0.01181	0.01514	0.01562	0.01770	0.01169	0.01193	0.01882	0.02500	0.03350	0.20987	0.23198	0.17288	0.02759	0.01514	0.00409	0.04889	0.09305	0.01028	0.00976
9	0.02223	0.05386	0.51363	0.03248	0.04811	0.02553	0.08442	0.03457	0.02328	0.03457	0.01980	0.02362	0.01407	0.01025	0.01060	0.00347	0.01633	0.00851	0.00469	0.01598
10	0.01412	0.01029	0.01444	0.01604	0.01715	0.01061	0.01141	0.01675	0.01965	0.02691	0.04877	0.40188	0.05567	0.05162	0.21909	0.00923	0.01471	0.02392	0.00855	0.00918
11	0.02907	0.12662	0.04155	0.02689	0.03541	0.02607	0.15011	0.03623	0.05771	0.11371	0.02414	0.02714	0.01850	0.01106	0.01280	0.00304	0.07482	0.00950	0.00711	0.16851
12	0.13347	0.20409	0.03445	0.02026	0.02814	0.08830	0.01721	0.10305	0.12614	0.04022	0.02305	0.02406	0.01831	0.01109	0.00871	0.00286	0.01105	0.00785	0.00740	0.09027

[dist]
# distance from previous block
# <min> <max>
4	9

[block]
# block no. 7 follows, 12 sequences, length 15
# corresponding to MSA columns:
# 180-194
name=unknown_H
#
# <colnr> <probs for GDERKNQSTAVLIFYWHMCP>
#	G	D	E	R	K	N	Q	S	T	A	V	L	I	F	Y	W	H	M	C	P
0	0.02391	0.01527	0.01996	0.08102	0.02687	0.01560	0.01500	0.09140	0.02727	0.11176	0.07986	0.25577	0.05026	0.07642	0.01646	0.00455	0.00905	0.05766	0.00995	0.01197
1	0.02644	0.13773	0.09012	0.06753	0.07136	0.06091	0.02113	0.06919	0.02613	0.07854	0.03365	0.16660	0.03314	0.01780	0.01107	0.00353	0.01148	0.05238	0.00777	0.01351
2	0.03754	0.06454	0.02657	0.08181	0.03133	0.01899	0.01685	0.04400	0.06900	0.34316	0.04761	0.04430	0.09608	0.01493	0.01093	0.00339	0.00948	0.01219	0.01120	0.01610
3	0.03112	0.52607	0.05267	0.02026	0.02896	0.13337	0.01907	0.03450	0.02364	0.02583	0.01545	0.01786	0.01400	0.00965	0.00748	0.00241	0.01302	0.00603	0.00483	0.01376
4	0.02304	0.02076	0.02833	0.02024	0.03011	0.01632	0.08099	0.02848	0.02304	0.03545	0.01975	0.02354	0.01620	0.00823	0.00873	0.00190	0.00949	0.00734	0.00633	0.59174
5	0.01514	0.01080	0.01381	0.01552	0.01684	0.01040	0.01138	0.01762	0.02133	0.02786	0.05785	0.29211	0.10379	0.16854	0.02389	0.00598	0.00837	0.16077	0.00928	0.00872
6	0.09369	0.02184	0.02577	0.02069	0.02788	0.02274	0.01693	0.21193	0.03489	0.23791	0.03201	0.03259	0.02271	0.02580	0.11555	0.00598	0.01391	0.01026	0.01057	0.01634
7	0.02536	0.02144	0.03146	0.28925	0.12563	0.02430	0.02577	0.13336	0.02977	0.03975	0.07104	0.04100	0.02789	0.01390	0.01142	0.00360	0.01252	0.05126	0.00734	0.01393
8	0.01328	0.00949	0.01265	0.01518	0.01581	0.00886	0.01012	0.01518	0.02088	0.02783	0.06010	0.60969	0.07212	0.03416	0.01392	0.00443	0.00633	0.03100	0.01012	0.00886
9	0.02187	0.05640	0.56031	0.03108	0.04719	0.02532	0.04029	0.03453	0.02302	0.03453	0.01957	0.02302	0.01381	0.01036	0.01036	0.00345	0.01611	0.00806	0.00460	0.01611
10	0.02178	0.02061	0.03279	0.30562	0.12153	0.02572	0.02716	0.02727	0.02038	0.02821	0.01928	0.02892	0.01626	0.02078	0.07995	0.00542	0.17092	0.00988	0.00501	0.01251
11	0.25027	0.02717	0.10057	0.06672	0.03506	0.02466	0.07403	0.09229	0.06836	0.08113	0.05925	0.02932	0.02280	0.01194	0.00982	0.00346	0.01133	0.00958	0.00787	0.01437
12	0.10474	0.06804	0.14095	0.02248	0.03060	0.02105	0.07377	0.03275	0.06043	0.08504	0.19573	0.04444	0.04579	0.01465	0.01090	0.00339	0.01040	0.01257	0.00863	0.01365
13	0.20210	0.03507	0.21922	0.10104	0.03922	0.06437	0.02571	0.03391	0.02284	0.08189	0.02307	0.06464	0.01865	0.01238	0.00974	0.00347	0.01286	0.00950	0.00644	0.01387
14	0.02715	0.28260	0.03905	0.02064	0.02778	0.02837	0.05056	0.03378	0.06850	0.08874	0.03786	0.05237	0.06812	0.01622	0.01042	0.00335	0.01077	0.11225	0.00786	0.01360

[dist]
# distance from previous block
# <min> <max>
0	9

[block]
# block no. 8 follows, 12 sequences, length 16
# corresponding to MSA columns:
# 204-219
name=unknown_I
#
# <colnr> <probs for GDERKNQSTAVLIFYWHMCP>
#	G	D	E	R	K	N	Q	S	T	A	V	L	I	F	Y	W	H	M	C	P
0	0.02864	0.07711	0.11615	0.04262	0.23927	0.02590	0.07871	0.07373	0.02684	0.07719	0.02217	0.02611	0.01715	0.01009	0.01035	0.00306	0.01293	0.00922	0.00644	0.09632
1	0.02630	0.02126	0.03416	0.26376	0.08923	0.02294	0.09024	0.08832	0.02796	0.09138	0.06732	0.03900	0.06371	0.01320	0.01146	0.00353	0.01273	0.01201	0.00753	0.01395
2	0.02762	0.02496	0.09616	0.30385	0.16068	0.02310	0.02933	0.03477	0.02442	0.13384	0.02427	0.02950	0.01746	0.01110	0.01083	0.00348	0.01336	0.00975	0.00663	0.01492
3	0.17460	0.01991	0.02348	0.01861	0.02628	0.01938	0.01529	0.10117	0.03104	0.35574	0.07513	0.03544	0.02896	0.01347	0.01026	0.00337	0.00911	0.01051	0.01172	0.01655
4	0.10748	0.02033	0.02856	0.12057	0.17122	0.02134	0.02167	0.08210	0.02651	0.11341	0.03176	0.14833	0.02910	0.01592	0.01101	0.00359	0.01065	0.01386	0.00821	0.01439
5	0.03347	0.03187	0.19041	0.09202	0.03994	0.02285	0.02570	0.08035	0.10262	0.22074	0.03193	0.03153	0.02175	0.01239	0.01079	0.00347	0.01211	0.01004	0.00919	0.01685
6	0.23590	0.02018	0.02440	0.17384	0.03871	0.02226	0.01878	0.04041	0.08847	0.19162	0.02823	0.02944	0.01975	0.01192	0.00967	0.00349	0.01037	0.00924	0.00876	0.01457
7	0.03213	0.01685	0.02384	0.12239	0.03372	0.01619	0.01725	0.03666	0.02549	0.26726	0.03614	0.10248	0.02881	0.02356	0.08294	0.00515	0.01229	0.01266	0.00970	0.09450
8	0.03033	0.07601	0.10837	0.10945	0.03838	0.02413	0.02215	0.09503	0.09227	0.13355	0.02737	0.02862	0.01983	0.01139	0.01001	0.00304	0.01131	0.00911	0.00819	0.14145
9	0.02848	0.02168	0.03182	0.17906	0.04439	0.02361	0.08381	0.07339	0.16480	0.11791	0.03470	0.04325	0.02720	0.01432	0.01166	0.00374	0.01196	0.06024	0.00893	0.01506
10	0.01611	0.01262	0.01475	0.01486	0.01746	0.01269	0.01073	0.02305	0.10028	0.03160	0.11572	0.19706	0.18907	0.10335	0.08436	0.00629	0.00955	0.02065	0.00954	0.01023
11	0.10331	0.01852	0.02427	0.05793	0.02904	0.01796	0.04845	0.07533	0.02809	0.24633	0.04841	0.04913	0.12692	0.06045	0.01434	0.00400	0.00974	0.01314	0.01025	0.01439
12	0.03403	0.03939	0.31980	0.02583	0.03849	0.02114	0.02938	0.04290	0.02670	0.26911	0.03011	0.02936	0.01974	0.01177	0.01063	0.00342	0.01304	0.00936	0.00860	0.01721
13	0.01511	0.08245	0.01768	0.01498	0.01710	0.01297	0.01086	0.01732	0.02161	0.02782	0.06221	0.46497	0.13498	0.03025	0.01294	0.00407	0.00684	0.02684	0.00948	0.00952
14	0.02585	0.07157	0.03887	0.22261	0.04961	0.06674	0.12302	0.03153	0.02325	0.06930	0.02384	0.07497	0.02051	0.01370	0.01463	0.00368	0.09553	0.01166	0.00611	0.01303
15	0.03075	0.18706	0.14537	0.08152	0.03551	0.02524	0.02263	0.03659	0.02485	0.18662	0.03018	0.09590	0.02478	0.01390	0.01012	0.00326	0.01155	0.01122	0.00796	0.01499

[dist]
# distance from previous block
# <min> <max>
0	1

[block]
# block no. 9 follows, 12 sequences, length 52
# corresponding to MSA columns:
# 221-272
name=unknown_J
#
# <colnr> <probs for GDERKNQSTAVLIFYWHMCP>
#	G	D	E	R	K	N	Q	S	T	A	V	L	I	F	Y	W	H	M	C	P
0	0.03854	0.08082	0.03172	0.02290	0.03063	0.09080	0.01885	0.30382	0.04157	0.12297	0.08129	0.03202	0.02772	0.01358	0.01066	0.00317	0.01174	0.01036	0.01023	0.01660
1	0.02632	0.14784	0.20309	0.08311	0.14573	0.02958	0.02942	0.07140	0.09271	0.03647	0.02270	0.02590	0.01756	0.01087	0.01000	0.00323	0.01318	0.00882	0.00613	0.01593
2	0.04068	0.07963	0.14662	0.02258	0.03257	0.06250	0.02199	0.04660	0.02862	0.35688	0.03354	0.03105	0.02202	0.01229	0.01042	0.00326	0.01177	0.00960	0.01020	0.01719
3	0.02517	0.02379	0.07999	0.37421	0.16056	0.02372	0.03016	0.03240	0.02357	0.08981	0.02230	0.02904	0.01642	0.01091	0.01084	0.00351	0.01377	0.00970	0.00591	0.01421
4	0.02175	0.01665	0.02351	0.06498	0.07040	0.01943	0.01719	0.02680	0.10414	0.02732	0.02341	0.03271	0.02073	0.02953	0.07025	0.29204	0.11291	0.01017	0.00597	0.01011
5	0.08473	0.02317	0.03432	0.09182	0.27953	0.02426	0.02558	0.09761	0.02744	0.09460	0.02410	0.02916	0.01891	0.01887	0.07423	0.00492	0.01404	0.00977	0.00711	0.01582
6	0.03029	0.50393	0.08929	0.02039	0.03012	0.04064	0.02046	0.09713	0.02612	0.03205	0.01695	0.01905	0.01459	0.00991	0.00776	0.00254	0.01202	0.00652	0.00550	0.01475
7	0.08709	0.39247	0.04496	0.01991	0.02786	0.09768	0.01816	0.03275	0.02243	0.02889	0.01573	0.01883	0.01406	0.01029	0.00980	0.00260	0.06045	0.00635	0.00515	0.08454
8	0.01558	0.01168	0.01752	0.01752	0.01947	0.01363	0.01363	0.01947	0.01752	0.02531	0.02921	0.04283	0.02726	0.08178	0.57360	0.01752	0.02921	0.01168	0.00584	0.00974
9	0.10999	0.07647	0.21152	0.02375	0.03475	0.02512	0.02487	0.12122	0.02975	0.19915	0.02698	0.02683	0.01839	0.01167	0.00999	0.00331	0.01216	0.00884	0.00861	0.01663
10	0.02477	0.01373	0.01772	0.01654	0.02053	0.01281	0.01271	0.03058	0.06448	0.17628	0.18616	0.20442	0.09498	0.02328	0.01265	0.00382	0.00720	0.05315	0.01160	0.01258
11	0.04073	0.05197	0.03090	0.02809	0.03371	0.57303	0.02107	0.04354	0.03090	0.02669	0.01685	0.01966	0.01404	0.01124	0.00983	0.00281	0.01966	0.00702	0.00562	0.01264
12	0.02582	0.02472	0.04216	0.16216	0.46265	0.02560	0.03288	0.03244	0.02428	0.03421	0.02030	0.02737	0.01677	0.00993	0.01081	0.00331	0.01324	0.00971	0.00530	0.01633
13	0.03038	0.02131	0.02916	0.14857	0.03996	0.02302	0.05545	0.10291	0.15753	0.14750	0.03635	0.09910	0.02910	0.01523	0.01145	0.00364	0.01096	0.01329	0.00967	0.01542
14	0.01328	0.00949	0.01265	0.01518	0.01581	0.00886	0.01012	0.01518	0.02088	0.02783	0.06010	0.60969	0.07212	0.03416	0.01392	0.00443	0.00633	0.03100	0.01012	0.00886
15	0.02059	0.01938	0.03270	0.59060	0.07510	0.02422	0.03028	0.02786	0.02180	0.02786	0.01938	0.02907	0.01453	0.01090	0.01090	0.00363	0.01453	0.00969	0.00484	0.01211
16	0.02680	0.01968	0.03036	0.41596	0.06068	0.02297	0.02605	0.03615	0.08106	0.13190	0.02677	0.03194	0.01906	0.01184	0.01094	0.00359	0.01285	0.01023	0.00722	0.01394
17	0.03678	0.02416	0.03687	0.13290	0.04436	0.02469	0.12384	0.16595	0.03360	0.21918	0.02975	0.03110	0.02024	0.01200	0.01134	0.00346	0.01289	0.01082	0.00952	0.01654
18	0.01877	0.01648	0.01717	0.01898	0.02107	0.08608	0.01473	0.02211	0.02400	0.02970	0.05330	0.32552	0.06038	0.02938	0.01385	0.00446	0.00968	0.21500	0.00948	0.00986
19	0.02059	0.01938	0.03270	0.59060	0.07510	0.02422	0.03028	0.02786	0.02180	0.02786	0.01938	0.02907	0.01453	0.01090	0.01090	0.00363	0.01453	0.00969	0.00484	0.01211
20	0.42431	0.02522	0.09240	0.08265	0.03178	0.02320	0.01839	0.03528	0.02155	0.12576	0.02070	0.02281	0.01481	0.01078	0.00838	0.00341	0.01029	0.00743	0.00732	0.01350
21	0.03017	0.02536	0.09005	0.17606	0.04671	0.02294	0.10069	0.07945	0.06507	0.16099	0.06657	0.03486	0.02598	0.01250	0.01133	0.00352	0.01272	0.01127	0.00849	0.01528
22	0.02255	0.02138	0.03624	0.43020	0.22019	0.02474	0.03126	0.02958	0.02273	0.03024	0.01973	0.02843	0.01537	0.01054	0.01087	0.00351	0.01405	0.00970	0.00501	0.01369
23	0.02879	0.02438	0.04088	0.11713	0.43951	0.02461	0.03115	0.03510	0.02523	0.09376	0.02294	0.02835	0.01808	0.01027	0.01083	0.00330	0.01271	0.00985	0.00626	0.01687
24	0.02528	0.09432	0.46631	0.02892	0.04372	0.02565	0.03611	0.03637	0.02383	0.08927	0.02173	0.02411	0.01522	0.01062	0.01017	0.00336	0.01506	0.00820	0.00555	0.01622
25	0.02477	0.15866	0.31566	0.02417	0.03614	0.02535	0.02830	0.03313	0.02401	0.08734	0.03559	0.03641	0.09943	0.01322	0.01015	0.00326	0.01282	0.01029	0.00644	0.01485
26	0.08350	0.02175	0.03302	0.10855	0.14651	0.02280	0.05169	0.03941	0.02544	0.23700	0.02801	0.03026	0.01986	0.01256	0.01395	0.00358	0.08769	0.01008	0.00850	0.01583
27	0.20563	0.02083	0.02447	0.05565	0.03000	0.02100	0.01652	0.10725	0.03014	0.33210	0.03238	0.03034	0.02131	0.01244	0.00991	0.00338	0.00977	0.00948	0.01093	0.01647
28	0.01976	0.01768	0.02229	0.21563	0.03885	0.06245	0.01862	0.05149	0.02383	0.03018	0.04043	0.32546	0.04422	0.02297	0.01236	0.00395	0.01061	0.02039	0.00797	0.01087
29	0.02600	0.34244	0.12961	0.14378	0.09967	0.03450	0.02612	0.03205	0.02252	0.02863	0.01733	0.02182	0.01445	0.00986	0.00876	0.00288	0.01310	0.00741	0.00477	0.01431
30	0.03335	0.24040	0.15096	0.02234	0.03251	0.03002	0.02260	0.07646	0.08062	0.16853	0.02714	0.02679	0.01966	0.01147	0.00945	0.00305	0.01170	0.00860	0.00805	0.01629
31	0.02301	0.03305	0.19360	0.22132	0.14306	0.02595	0.09954	0.03164	0.02287	0.03202	0.01964	0.02662	0.01506	0.01088	0.01275	0.00360	0.05626	0.00965	0.00496	0.01452
32	0.20639	0.01971	0.02707	0.34768	0.05329	0.02303	0.02312	0.03287	0.02237	0.11459	0.02187	0.02724	0.01571	0.01109	0.00979	0.00352	0.01208	0.00887	0.00668	0.01302
33	0.02693	0.09044	0.04058	0.26313	0.21022	0.02626	0.06341	0.03334	0.02407	0.08663	0.02196	0.02799	0.01679	0.01051	0.01058	0.00334	0.01344	0.00963	0.00596	0.01480
34	0.03203	0.02677	0.09689	0.12518	0.11553	0.02292	0.16314	0.03935	0.02644	0.19930	0.02781	0.03080	0.01935	0.01102	0.01141	0.00349	0.01391	0.01083	0.00783	0.01601
35	0.01381	0.01008	0.01313	0.01537	0.01660	0.00939	0.01091	0.01623	0.02189	0.02866	0.06548	0.48725	0.12434	0.03288	0.01395	0.00442	0.00673	0.08970	0.01011	0.00905
36	0.64439	0.02342	0.01715	0.01538	0.02204	0.06599	0.01251	0.03292	0.01949	0.04724	0.01531	0.01786	0.01198	0.01021	0.00698	0.00333	0.00928	0.00599	0.00666	0.01187
37	0.01363	0.00963	0.01255	0.01474	0.01529	0.00909	0.00965	0.01527	0.02020	0.02694	0.05664	0.53748	0.06776	0.11231	0.01949	0.00525	0.00690	0.02897	0.00965	0.00855
38	0.03042	0.01914	0.02341	0.01711	0.02643	0.01498	0.01384	0.03508	0.02516	0.19007	0.02639	0.02691	0.01937	0.00968	0.00893	0.00214	0.00843	0.00780	0.00855	0.48616
39	0.10531	0.30192	0.16267	0.02235	0.03282	0.03500	0.02327	0.13285	0.02800	0.03928	0.01846	0.02059	0.01465	0.01044	0.00855	0.00290	0.01239	0.00718	0.00619	0.01518
40	0.17909	0.02514	0.02837	0.02304	0.02886	0.02946	0.01908	0.21571	0.03204	0.11295	0.02257	0.02505	0.01695	0.01417	0.01695	0.00372	0.17397	0.00903	0.00861	0.01524
41	0.01587	0.01731	0.08719	0.01594	0.02059	0.01224	0.01444	0.02145	0.02792	0.03821	0.33063	0.08259	0.19164	0.02259	0.01271	0.00362	0.00711	0.05673	0.01041	0.01079
42	0.02545	0.10329	0.03631	0.11414	0.21029	0.02570	0.02378	0.03542	0.10922	0.03489	0.02344	0.02737	0.01893	0.01033	0.00975	0.00289	0.01119	0.00892	0.00642	0.16227
43	0.10456	0.01104	0.01310	0.01507	0.01652	0.01095	0.01035	0.01744	0.02056	0.03066	0.05407	0.53029	0.06403	0.03094	0.01296	0.00429	0.00661	0.02763	0.00967	0.00925
44	0.10560	0.01494	0.05287	0.05053	0.02227	0.01303	0.01368	0.01956	0.02077	0.03114	0.04879	0.45432	0.05648	0.02787	0.01252	0.00417	0.00779	0.02474	0.00897	0.00996
45	0.02444	0.01819	0.02182	0.01617	0.02477	0.01412	0.01290	0.02926	0.02463	0.09191	0.09213	0.03204	0.02893	0.01056	0.00902	0.00205	0.00781	0.00872	0.00795	0.52259
46	0.16458	0.03548	0.20336	0.07220	0.10656	0.06884	0.02667	0.03456	0.02339	0.07017	0.02004	0.02350	0.01503	0.01030	0.00947	0.00317	0.01299	0.00789	0.00602	0.08579
47	0.03242	0.09404	0.03118	0.09574	0.03491	0.06888	0.01951	0.23075	0.10690	0.04840	0.02722	0.02910	0.02054	0.01243	0.00997	0.00314	0.01144	0.00955	0.09844	0.01545
48	0.15826	0.20458	0.15596	0.07158	0.10582	0.03051	0.06747	0.03289	0.02227	0.03450	0.01775	0.02189	0.01422	0.00987	0.00898	0.00312	0.01296	0.00774	0.00525	0.01438
49	0.18703	0.08331	0.18127	0.09843	0.03822	0.02544	0.02430	0.03810	0.08016	0.10972	0.02417	0.02603	0.01747	0.01122	0.00944	0.00338	0.01189	0.00845	0.00712	0.01483
50	0.02915	0.62337	0.05714	0.01866	0.02799	0.04314	0.01866	0.03265	0.02215	0.02565	0.01516	0.01749	0.01399	0.00933	0.00700	0.00233	0.01166	0.00583	0.00466	0.01399
51	0.03623	0.02877	0.14177	0.03050	0.10210	0.02137	0.06436	0.04572	0.08108	0.28302	0.03364	0.03262	0.02280	0.01213	0.01099	0.00343	0.01186	0.01050	0.00968	0.01743

[dist]
# distance from previous block
# <min> <max>
0	1095

# created by:
# /st0/software/busco_prod/Augustus/scripts/msa2prfl.pl ./align_prep/7392.fa
