[name]
unknown

[dist]
# distance from previous block
# <min> <max>
8	656

[block]
# block no. 0 follows, 11 sequences, length 15
# corresponding to MSA columns:
# 755-769
name=unknown_A
#
# <colnr> <probs for GDERKNQSTAVLIFYWHMCP>
#	G	D	E	R	K	N	Q	S	T	A	V	L	I	F	Y	W	H	M	C	P
0	0.02267	0.01697	0.02211	0.13274	0.03325	0.01878	0.01708	0.03338	0.13816	0.07857	0.04667	0.05335	0.10631	0.09334	0.12948	0.00746	0.01431	0.01401	0.00859	0.01278
1	0.03026	0.01449	0.01886	0.01607	0.02051	0.01313	0.01204	0.03377	0.02788	0.24326	0.19822	0.06248	0.05662	0.17395	0.02418	0.00548	0.00855	0.01558	0.01154	0.01312
2	0.02603	0.01899	0.02680	0.02149	0.02713	0.01877	0.08769	0.12363	0.03283	0.08343	0.18946	0.05775	0.09037	0.06711	0.01596	0.00411	0.00972	0.01551	0.06992	0.01331
3	0.02076	0.01334	0.01612	0.01481	0.01846	0.01287	0.01131	0.02861	0.08145	0.08630	0.32739	0.07097	0.11206	0.02029	0.01207	0.00344	0.00608	0.01749	0.11416	0.01201
4	0.01505	0.01130	0.01395	0.01365	0.01637	0.01019	0.01010	0.01941	0.02925	0.03980	0.37786	0.14459	0.20585	0.02565	0.01340	0.00371	0.00553	0.02242	0.01171	0.01019
5	0.03400	0.23396	0.03882	0.02404	0.03053	0.30196	0.01972	0.03731	0.02672	0.02697	0.01880	0.02327	0.01660	0.02227	0.09473	0.00510	0.01906	0.00759	0.00551	0.01305
6	0.03839	0.02152	0.03720	0.02813	0.03668	0.01938	0.16609	0.04406	0.02911	0.31879	0.03977	0.10519	0.03025	0.01518	0.01232	0.00372	0.01216	0.01451	0.01090	0.01666
7	0.02113	0.02505	0.10749	0.02516	0.02833	0.02527	0.02270	0.02549	0.01843	0.02770	0.02182	0.03432	0.02078	0.08662	0.18600	0.00903	0.28664	0.01080	0.00538	0.01186
8	0.03144	0.11711	0.03243	0.02297	0.03040	0.03203	0.01879	0.14786	0.34028	0.04890	0.03715	0.03511	0.02805	0.01402	0.01075	0.00351	0.01013	0.01113	0.01038	0.01757
9	0.60687	0.02294	0.01861	0.01614	0.02335	0.02641	0.01330	0.08882	0.02321	0.05296	0.01704	0.01933	0.01302	0.01082	0.00748	0.00347	0.00915	0.00658	0.00748	0.01302
10	0.03216	0.07247	0.14901	0.07303	0.03647	0.02271	0.02340	0.04316	0.10360	0.20219	0.09279	0.03873	0.03295	0.01391	0.01112	0.00350	0.01128	0.01141	0.00973	0.01638
11	0.01875	0.02814	0.18435	0.02781	0.10679	0.01741	0.02342	0.02543	0.02484	0.03394	0.09488	0.15315	0.17467	0.02080	0.01234	0.00377	0.01042	0.01796	0.00807	0.01305
12	0.02681	0.02397	0.12731	0.02016	0.02683	0.01693	0.01858	0.03491	0.07746	0.15939	0.09917	0.13731	0.04480	0.11218	0.01927	0.00490	0.01016	0.01609	0.00990	0.01388
13	0.20944	0.13778	0.03328	0.02099	0.02892	0.02703	0.05477	0.09480	0.02751	0.16555	0.02506	0.02660	0.01838	0.01390	0.01231	0.06061	0.01096	0.00877	0.00851	0.01483
14	0.02892	0.19172	0.07910	0.09742	0.12310	0.03265	0.02484	0.08917	0.14846	0.03904	0.02615	0.02849	0.02052	0.01179	0.01011	0.00327	0.01222	0.00946	0.00730	0.01629

[dist]
# distance from previous block
# <min> <max>
4	6

[block]
# block no. 1 follows, 11 sequences, length 12
# corresponding to MSA columns:
# 776-787
name=unknown_B
#
# <colnr> <probs for GDERKNQSTAVLIFYWHMCP>
#	G	D	E	R	K	N	Q	S	T	A	V	L	I	F	Y	W	H	M	C	P
0	0.17321	0.03206	0.13268	0.07094	0.06973	0.08168	0.02370	0.04179	0.02648	0.20312	0.02691	0.02777	0.01860	0.01180	0.01013	0.00345	0.01271	0.00897	0.00841	0.01587
1	0.03305	0.01617	0.02105	0.01819	0.02362	0.01510	0.01446	0.03952	0.06958	0.26822	0.15328	0.06397	0.05198	0.08350	0.01738	0.00456	0.00882	0.07074	0.01214	0.01466
2	0.03982	0.02390	0.08416	0.09202	0.03653	0.01965	0.02103	0.08314	0.03174	0.33515	0.08245	0.03899	0.03133	0.01405	0.01142	0.00352	0.01088	0.01157	0.01142	0.01723
3	0.02747	0.06723	0.04373	0.13334	0.10042	0.03148	0.12167	0.09009	0.02592	0.03580	0.01965	0.02695	0.01615	0.01356	0.01938	0.00394	0.19235	0.01036	0.00596	0.01456
4	0.01590	0.01094	0.01480	0.01489	0.01670	0.01046	0.01076	0.01904	0.02618	0.03657	0.31599	0.19150	0.08148	0.03295	0.06281	0.08987	0.00822	0.02098	0.01047	0.00951
5	0.02283	0.01431	0.01796	0.01738	0.02058	0.01393	0.01278	0.08868	0.02910	0.10265	0.13744	0.35594	0.06644	0.02736	0.01335	0.00408	0.00752	0.02427	0.01135	0.01207
6	0.02730	0.02051	0.02523	0.01887	0.02735	0.01784	0.01530	0.03187	0.02375	0.10582	0.02270	0.02560	0.01798	0.01065	0.01260	0.00236	0.08599	0.00774	0.00745	0.49310
7	0.01537	0.01177	0.01613	0.09305	0.02453	0.01181	0.01294	0.01867	0.02360	0.03150	0.14869	0.33668	0.10660	0.07484	0.01709	0.00470	0.00776	0.02474	0.00977	0.00974
8	0.02391	0.02396	0.07442	0.02429	0.06880	0.02087	0.01930	0.03155	0.06204	0.03646	0.02360	0.02807	0.01933	0.01193	0.01404	0.00286	0.11116	0.00868	0.09851	0.29622
9	0.02986	0.02037	0.02799	0.02297	0.02903	0.02070	0.07906	0.07863	0.15460	0.14649	0.08585	0.09148	0.04027	0.09852	0.01845	0.00473	0.01044	0.01506	0.01054	0.01495
10	0.07370	0.02024	0.02384	0.01969	0.02726	0.01889	0.01636	0.11333	0.03023	0.12025	0.03457	0.05183	0.03054	0.01593	0.01101	0.00324	0.00977	0.12086	0.00953	0.24893
11	0.14271	0.02210	0.07814	0.01882	0.02613	0.01799	0.01655	0.03557	0.06494	0.15086	0.09743	0.11987	0.03941	0.01660	0.01078	0.00343	0.00899	0.01374	0.00978	0.10616

[dist]
# distance from previous block
# <min> <max>
3	40

[block]
# block no. 2 follows, 11 sequences, length 9
# corresponding to MSA columns:
# 846-854
name=unknown_C
#
# <colnr> <probs for GDERKNQSTAVLIFYWHMCP>
#	G	D	E	R	K	N	Q	S	T	A	V	L	I	F	Y	W	H	M	C	P
0	0.02196	0.09614	0.03471	0.18316	0.04371	0.02409	0.08911	0.03105	0.08835	0.03187	0.03760	0.11372	0.06972	0.02229	0.05906	0.00494	0.01379	0.01459	0.00721	0.01294
1	0.09535	0.02491	0.03086	0.10942	0.10330	0.06183	0.02224	0.07474	0.02697	0.13516	0.02407	0.02761	0.01808	0.01264	0.01425	0.00344	0.09806	0.00925	0.00777	0.10007
2	0.03429	0.02315	0.02872	0.13895	0.03972	0.02532	0.02071	0.17356	0.13313	0.15190	0.08099	0.03847	0.03148	0.01439	0.01150	0.00358	0.01098	0.01185	0.01064	0.01666
3	0.02521	0.02386	0.02141	0.01962	0.02422	0.13256	0.01463	0.08693	0.02937	0.03680	0.08969	0.23455	0.07760	0.02179	0.01200	0.00348	0.01036	0.01847	0.00918	0.10826
4	0.11855	0.02303	0.02504	0.02084	0.02678	0.02566	0.01657	0.26185	0.03558	0.05143	0.02733	0.03591	0.02313	0.10637	0.14406	0.00779	0.01583	0.01085	0.00890	0.01450
5	0.01608	0.01142	0.01516	0.01577	0.01712	0.01177	0.01138	0.01887	0.02089	0.02865	0.10511	0.15017	0.05389	0.22392	0.18048	0.01028	0.01486	0.07685	0.00832	0.00903
6	0.01736	0.01099	0.01549	0.01549	0.01631	0.01181	0.01082	0.01730	0.01648	0.02280	0.02774	0.04785	0.02824	0.19430	0.25870	0.24433	0.01840	0.01230	0.00582	0.00747
7	0.02207	0.09575	0.02728	0.09351	0.06466	0.02154	0.01754	0.03123	0.13179	0.03311	0.07658	0.15877	0.04056	0.02208	0.01637	0.10120	0.00973	0.01567	0.00823	0.01232
8	0.10640	0.02146	0.09723	0.02025	0.02636	0.01637	0.05731	0.02705	0.02620	0.07349	0.19404	0.15983	0.08852	0.02052	0.01216	0.00377	0.00914	0.01799	0.00960	0.01232

[dist]
# distance from previous block
# <min> <max>
0	15

[block]
# block no. 3 follows, 11 sequences, length 6
# corresponding to MSA columns:
# 870-875
name=unknown_D
#
# <colnr> <probs for GDERKNQSTAVLIFYWHMCP>
#	G	D	E	R	K	N	Q	S	T	A	V	L	I	F	Y	W	H	M	C	P
0	0.01577	0.01128	0.01513	0.01546	0.01668	0.01192	0.01084	0.01833	0.01955	0.02719	0.08942	0.14663	0.04783	0.23375	0.25631	0.01212	0.01768	0.01750	0.00766	0.00895
1	0.22912	0.02347	0.02757	0.02866	0.12572	0.02434	0.01911	0.09227	0.08263	0.13432	0.02691	0.02785	0.01979	0.01164	0.00968	0.00329	0.01017	0.00904	0.00887	0.08555
2	0.01492	0.01039	0.01300	0.01428	0.01492	0.00995	0.00916	0.01656	0.02086	0.02812	0.10589	0.34978	0.06601	0.23887	0.02970	0.00674	0.00797	0.02503	0.00936	0.00847
3	0.02936	0.13831	0.09043	0.06970	0.03365	0.02663	0.02067	0.12209	0.07190	0.09659	0.04031	0.10012	0.08085	0.01649	0.01101	0.00347	0.01104	0.01339	0.00888	0.01511
4	0.02861	0.08828	0.11182	0.02456	0.07304	0.02019	0.02052	0.03415	0.02522	0.14906	0.03361	0.14100	0.03021	0.01564	0.01072	0.00319	0.01043	0.01326	0.00847	0.15800
5	0.11313	0.02763	0.08444	0.02661	0.07540	0.02480	0.02153	0.14689	0.08802	0.22786	0.03283	0.03148	0.02255	0.01291	0.01074	0.00349	0.01112	0.01019	0.01055	0.01782

[dist]
# distance from previous block
# <min> <max>
2	35

[block]
# block no. 4 follows, 11 sequences, length 8
# corresponding to MSA columns:
# 911-918
name=unknown_E
#
# <colnr> <probs for GDERKNQSTAVLIFYWHMCP>
#	G	D	E	R	K	N	Q	S	T	A	V	L	I	F	Y	W	H	M	C	P
0	0.31765	0.14334	0.03535	0.06796	0.03429	0.02858	0.08810	0.03600	0.02293	0.10253	0.02066	0.02351	0.01556	0.01063	0.00886	0.00333	0.01156	0.00813	0.00703	0.01399
1	0.03645	0.03014	0.03403	0.11094	0.04168	0.10259	0.05858	0.22330	0.03750	0.09781	0.02510	0.02745	0.01824	0.01198	0.01090	0.00320	0.01364	0.00964	0.00879	0.09803
2	0.01391	0.01143	0.01224	0.01204	0.01557	0.00976	0.00903	0.01732	0.02708	0.03380	0.20939	0.10274	0.43218	0.02724	0.01330	0.00374	0.00561	0.02297	0.01090	0.00976
3	0.01468	0.01054	0.01393	0.01501	0.01654	0.00979	0.01052	0.01811	0.02606	0.03591	0.26619	0.37247	0.08835	0.02990	0.01389	0.00412	0.00600	0.02690	0.01130	0.00979
4	0.37844	0.02051	0.02116	0.01732	0.02513	0.02105	0.01429	0.04358	0.02545	0.28756	0.02953	0.02794	0.01975	0.01213	0.00906	0.00348	0.00913	0.00861	0.01032	0.01555
5	0.01718	0.01265	0.01598	0.01592	0.01803	0.01298	0.01162	0.02336	0.07219	0.03447	0.20508	0.12920	0.06552	0.16294	0.11023	0.00776	0.01140	0.05362	0.00968	0.01022
6	0.04941	0.02090	0.02720	0.02085	0.02960	0.01913	0.01723	0.11720	0.03514	0.47555	0.04195	0.03672	0.02663	0.01387	0.01131	0.00347	0.00997	0.01115	0.01355	0.01915
7	0.03504	0.02459	0.02904	0.16978	0.04280	0.06732	0.02162	0.08420	0.16843	0.18552	0.03476	0.03479	0.02452	0.01338	0.01124	0.00359	0.01192	0.01095	0.00999	0.01652

[dist]
# distance from previous block
# <min> <max>
2	3

[block]
# block no. 5 follows, 11 sequences, length 33
# corresponding to MSA columns:
# 922-954
name=unknown_F
#
# <colnr> <probs for GDERKNQSTAVLIFYWHMCP>
#	G	D	E	R	K	N	Q	S	T	A	V	L	I	F	Y	W	H	M	C	P
0	0.02850	0.02293	0.03231	0.12879	0.04082	0.02380	0.06961	0.12511	0.02944	0.07719	0.02662	0.07681	0.02252	0.01387	0.01346	0.00332	0.06640	0.01152	0.00787	0.17910
1	0.17370	0.10854	0.06471	0.02498	0.07655	0.02759	0.01966	0.03737	0.11941	0.03951	0.02321	0.02573	0.01865	0.01167	0.01138	0.00317	0.05976	0.00835	0.00704	0.13901
2	0.02689	0.10509	0.40720	0.03039	0.04438	0.12817	0.03592	0.03723	0.02522	0.03333	0.01928	0.02262	0.01432	0.01077	0.01029	0.00334	0.01693	0.00792	0.00496	0.01577
3	0.03003	0.02040	0.02328	0.05494	0.02887	0.05328	0.01550	0.03698	0.06796	0.16972	0.11878	0.04518	0.07278	0.01466	0.01086	0.00300	0.00928	0.01213	0.01001	0.20235
4	0.01708	0.01310	0.01627	0.01437	0.01852	0.01134	0.01094	0.02210	0.02967	0.04216	0.39365	0.07491	0.12908	0.02076	0.01235	0.00321	0.00592	0.01810	0.01113	0.13536
5	0.15082	0.02456	0.03360	0.02749	0.03232	0.06131	0.10847	0.03195	0.02157	0.07096	0.02140	0.02854	0.01792	0.02595	0.11115	0.00641	0.19610	0.01010	0.00636	0.01300
6	0.03852	0.02736	0.03022	0.02326	0.03217	0.02857	0.01903	0.32055	0.08919	0.11147	0.02931	0.02894	0.02104	0.01275	0.01073	0.00311	0.01100	0.00985	0.01069	0.14225
7	0.02364	0.01590	0.01948	0.01695	0.02038	0.01593	0.01234	0.10885	0.02387	0.03294	0.02495	0.03945	0.02379	0.13989	0.07928	0.26036	0.01202	0.01080	0.00683	0.11235
8	0.03413	0.01829	0.02268	0.01910	0.02538	0.01796	0.01515	0.04634	0.16498	0.25946	0.18702	0.05278	0.05268	0.01697	0.01193	0.00359	0.00814	0.01436	0.01279	0.01628
9	0.02501	0.02384	0.04054	0.28835	0.33722	0.02599	0.03313	0.03205	0.02428	0.03331	0.02067	0.02878	0.01661	0.01056	0.01119	0.00352	0.01408	0.01002	0.00533	0.01553
10	0.02226	0.01294	0.01688	0.01508	0.01895	0.01166	0.01159	0.02722	0.03150	0.13774	0.40876	0.07711	0.12044	0.02168	0.01291	0.00355	0.00614	0.01889	0.01255	0.01215
11	0.01651	0.01244	0.01537	0.01527	0.01803	0.01087	0.01045	0.01883	0.02100	0.02933	0.04699	0.36150	0.05433	0.13607	0.02101	0.00507	0.00779	0.02301	0.00886	0.16726
12	0.62376	0.02268	0.01816	0.01584	0.02300	0.02616	0.01305	0.07660	0.02232	0.05242	0.01674	0.01910	0.01284	0.01074	0.00737	0.00347	0.00905	0.00647	0.00737	0.01284
13	0.15426	0.45448	0.04876	0.01922	0.02803	0.08308	0.01813	0.03451	0.02291	0.03109	0.01580	0.01828	0.01402	0.00994	0.00741	0.00265	0.01209	0.00613	0.00530	0.01390
14	0.12332	0.01868	0.02756	0.38378	0.05741	0.02233	0.02440	0.02801	0.02375	0.03522	0.11509	0.03837	0.03175	0.01334	0.01097	0.00367	0.01220	0.01135	0.00670	0.01210
15	0.03735	0.14224	0.07973	0.02487	0.03437	0.03535	0.02231	0.33069	0.08814	0.05743	0.02608	0.02647	0.01928	0.01271	0.01047	0.00325	0.01234	0.00945	0.00953	0.01793
16	0.01949	0.01589	0.01783	0.01733	0.02113	0.01666	0.01292	0.03360	0.21157	0.03912	0.15355	0.19673	0.15137	0.02407	0.01285	0.00394	0.00705	0.02091	0.01120	0.01279
17	0.02170	0.01936	0.03156	0.14506	0.25190	0.02012	0.02556	0.02707	0.02394	0.03272	0.03624	0.19564	0.03782	0.01942	0.01251	0.00395	0.01148	0.06298	0.00731	0.01365
18	0.01603	0.01125	0.01454	0.01476	0.01558	0.01195	0.00987	0.01772	0.01746	0.02405	0.03575	0.10772	0.03898	0.35888	0.24342	0.01308	0.01780	0.01609	0.00683	0.00824
19	0.02661	0.02547	0.04344	0.16485	0.44819	0.02642	0.03392	0.03345	0.02504	0.03526	0.02095	0.02826	0.01730	0.01026	0.01116	0.00342	0.01368	0.01002	0.00546	0.01683
20	0.01608	0.01206	0.01809	0.01809	0.02010	0.01407	0.01407	0.02010	0.01809	0.02613	0.03015	0.04422	0.02814	0.08441	0.55984	0.01809	0.03015	0.01206	0.00603	0.01005
21	0.01394	0.00997	0.01327	0.01551	0.01638	0.00930	0.01047	0.01625	0.02263	0.03045	0.11080	0.54345	0.07776	0.03398	0.01425	0.00446	0.00640	0.03078	0.01065	0.00930
22	0.04215	0.05051	0.03216	0.02856	0.03481	0.48497	0.02170	0.10895	0.03487	0.03369	0.01876	0.02125	0.01516	0.01187	0.01031	0.00297	0.01918	0.00766	0.00657	0.01391
23	0.02334	0.02001	0.02334	0.01667	0.02667	0.01500	0.01334	0.02834	0.02334	0.03668	0.02001	0.02334	0.01667	0.00834	0.00834	0.00167	0.00834	0.00667	0.00667	0.67325
24	0.04218	0.04948	0.03225	0.02841	0.03482	0.46047	0.02168	0.13006	0.03586	0.03572	0.01921	0.02156	0.01537	0.01196	0.01036	0.00299	0.01881	0.00779	0.00683	0.01420
25	0.02017	0.01613	0.01868	0.01811	0.02169	0.01720	0.01347	0.03521	0.22321	0.04129	0.20225	0.21193	0.06828	0.02335	0.01285	0.00394	0.00710	0.02057	0.01146	0.01310
26	0.01694	0.01308	0.01537	0.01589	0.01826	0.01314	0.01123	0.02491	0.11578	0.03401	0.12900	0.29953	0.12919	0.08838	0.01801	0.00484	0.00715	0.02398	0.01053	0.01079
27	0.01520	0.01042	0.01262	0.01377	0.01406	0.01013	0.00841	0.01606	0.01864	0.02486	0.04714	0.30366	0.05565	0.35434	0.03843	0.00813	0.00899	0.02324	0.00841	0.00784
28	0.01544	0.01133	0.01447	0.01402	0.01660	0.01036	0.01039	0.02018	0.03023	0.04203	0.44046	0.13559	0.14745	0.02475	0.01338	0.00367	0.00547	0.02182	0.01200	0.01036
29	0.04465	0.01786	0.02425	0.01903	0.02672	0.01554	0.01554	0.04917	0.03215	0.45802	0.12621	0.04605	0.04111	0.01547	0.01165	0.00349	0.00886	0.01285	0.01367	0.01771
30	0.02631	0.02049	0.02270	0.02066	0.02606	0.02270	0.01590	0.04925	0.35867	0.07919	0.12231	0.10128	0.04891	0.01829	0.01200	0.00382	0.00817	0.01565	0.01167	0.01596
31	0.43927	0.08521	0.02518	0.01790	0.02569	0.02860	0.01511	0.12894	0.02735	0.08784	0.02006	0.02149	0.01498	0.01124	0.00818	0.00335	0.00987	0.00729	0.00812	0.01434
32	0.03078	0.21672	0.03495	0.01880	0.02678	0.02590	0.01613	0.07343	0.02711	0.13011	0.03079	0.12080	0.02792	0.01478	0.00979	0.00289	0.00985	0.01187	0.00845	0.16216

[dist]
# distance from previous block
# <min> <max>
0	35

[block]
# block no. 6 follows, 11 sequences, length 62
# corresponding to MSA columns:
# 990-1051
name=unknown_G
#
# <colnr> <probs for GDERKNQSTAVLIFYWHMCP>
#	G	D	E	R	K	N	Q	S	T	A	V	L	I	F	Y	W	H	M	C	P
0	0.20169	0.02273	0.06493	0.02047	0.02785	0.02025	0.04823	0.07525	0.02724	0.12654	0.08103	0.11707	0.03501	0.01605	0.01065	0.00352	0.00981	0.01333	0.00929	0.06905
1	0.03103	0.02300	0.03121	0.13946	0.04180	0.02332	0.05751	0.10548	0.10660	0.12239	0.02921	0.03116	0.02129	0.01177	0.01073	0.00315	0.01145	0.01009	0.00882	0.18052
2	0.11011	0.02806	0.10469	0.02629	0.07259	0.02444	0.02172	0.10367	0.06655	0.12182	0.02723	0.03149	0.02107	0.05761	0.01617	0.00401	0.06244	0.00986	0.00837	0.08183
3	0.01447	0.01078	0.01346	0.01421	0.01628	0.00978	0.01012	0.01788	0.02631	0.03529	0.24925	0.30067	0.18185	0.02921	0.01373	0.00402	0.00589	0.02587	0.01118	0.00978
4	0.02457	0.02144	0.02530	0.06456	0.03031	0.02525	0.01842	0.07092	0.24197	0.03967	0.04818	0.08894	0.10517	0.01917	0.01669	0.00404	0.11643	0.01492	0.00950	0.01457
5	0.03161	0.01487	0.01964	0.01653	0.02152	0.01334	0.01273	0.03570	0.02971	0.26615	0.23611	0.06184	0.06106	0.10570	0.01896	0.00461	0.00807	0.01568	0.01225	0.01391
6	0.02573	0.02155	0.02801	0.02405	0.02662	0.02687	0.01968	0.06098	0.06133	0.07435	0.07796	0.04465	0.10209	0.02008	0.02574	0.00434	0.32165	0.01316	0.00801	0.01317
7	0.01380	0.01032	0.01283	0.01453	0.01610	0.00935	0.01001	0.01625	0.02339	0.03050	0.11332	0.43772	0.18568	0.03263	0.01402	0.00430	0.00623	0.02906	0.01061	0.00935
8	0.01433	0.01059	0.01306	0.01415	0.01583	0.00969	0.00976	0.01701	0.02413	0.03194	0.16927	0.33906	0.17386	0.08206	0.01774	0.00476	0.00649	0.02641	0.01054	0.00932
9	0.02919	0.54470	0.11758	0.02080	0.03127	0.04232	0.02194	0.03394	0.02298	0.02758	0.01619	0.01874	0.01442	0.00976	0.00764	0.00255	0.01259	0.00629	0.00481	0.01471
10	0.27361	0.02176	0.02241	0.01907	0.02637	0.02349	0.01538	0.04857	0.18636	0.19987	0.03441	0.03224	0.02430	0.01311	0.00978	0.00359	0.00904	0.00988	0.01058	0.01618
11	0.02605	0.01374	0.01829	0.01588	0.02030	0.01235	0.01235	0.03108	0.03196	0.19063	0.38661	0.07067	0.08326	0.02035	0.01270	0.00352	0.00656	0.01771	0.01284	0.01312
12	0.02977	0.02506	0.02645	0.02326	0.02995	0.02883	0.01825	0.11236	0.45845	0.04995	0.04355	0.04019	0.03253	0.01506	0.01143	0.00376	0.00933	0.01241	0.01143	0.01797
13	0.68395	0.02177	0.01654	0.01480	0.02177	0.02525	0.01219	0.03309	0.01915	0.05050	0.01567	0.01828	0.01219	0.01045	0.00697	0.00348	0.00871	0.00609	0.00697	0.01219
14	0.02173	0.02093	0.03667	0.53008	0.07585	0.02531	0.07251	0.02941	0.02287	0.02941	0.02025	0.03004	0.01519	0.01110	0.01143	0.00375	0.01536	0.01030	0.00506	0.01274
15	0.01721	0.01360	0.01578	0.01514	0.01858	0.01331	0.01135	0.02633	0.11588	0.04014	0.29083	0.12871	0.20207	0.02416	0.01305	0.00375	0.00617	0.02092	0.01154	0.01149
16	0.01432	0.01046	0.01362	0.01591	0.01723	0.00975	0.01137	0.01687	0.02269	0.02967	0.06792	0.46813	0.12776	0.03383	0.01441	0.00457	0.00700	0.09467	0.01044	0.00937
17	0.01778	0.01342	0.01873	0.01799	0.01899	0.01589	0.01339	0.01966	0.01718	0.02453	0.02813	0.04770	0.02850	0.20121	0.30341	0.08000	0.10591	0.01259	0.00595	0.00906
18	0.03402	0.02684	0.03377	0.25041	0.05225	0.03087	0.02541	0.30621	0.04054	0.05376	0.02417	0.02824	0.01746	0.01259	0.01126	0.00353	0.01345	0.01008	0.00871	0.01644
19	0.02464	0.02156	0.04146	0.03114	0.03870	0.02000	0.24898	0.03191	0.02929	0.09054	0.23074	0.05303	0.05444	0.01544	0.01308	0.00366	0.01247	0.01596	0.00925	0.01372
20	0.03499	0.02188	0.02966	0.14237	0.07765	0.02335	0.02176	0.12878	0.07494	0.19887	0.03257	0.03464	0.02333	0.02159	0.07727	0.00530	0.01396	0.01093	0.00973	0.01643
21	0.02491	0.02548	0.03924	0.03222	0.03392	0.03358	0.09459	0.02843	0.01863	0.02843	0.01597	0.02548	0.01512	0.01818	0.03341	0.00476	0.49953	0.01036	0.00504	0.01274
22	0.12171	0.03229	0.20582	0.02209	0.03265	0.02003	0.02332	0.03551	0.02583	0.13445	0.09991	0.03464	0.03064	0.01271	0.01027	0.00322	0.01109	0.01008	0.00825	0.12549
23	0.41693	0.14937	0.06927	0.02358	0.08696	0.02956	0.01860	0.03359	0.02107	0.04266	0.01667	0.01980	0.01350	0.01024	0.00781	0.00325	0.01057	0.00672	0.00618	0.01368
24	0.11408	0.01942	0.02516	0.01950	0.02803	0.01742	0.01611	0.05267	0.03090	0.49269	0.04152	0.03630	0.02629	0.01358	0.01088	0.00348	0.00949	0.01079	0.01323	0.01846
25	0.02939	0.02680	0.03434	0.29502	0.11488	0.07542	0.02743	0.14042	0.07165	0.04078	0.02367	0.02920	0.01786	0.01199	0.01116	0.00355	0.01417	0.01002	0.00711	0.01515
26	0.68395	0.02177	0.01654	0.01480	0.02177	0.02525	0.01219	0.03309	0.01915	0.05050	0.01567	0.01828	0.01219	0.01045	0.00697	0.00348	0.00871	0.00609	0.00697	0.01219
27	0.02334	0.02001	0.02334	0.01667	0.02667	0.01500	0.01334	0.02834	0.02334	0.03668	0.02001	0.02334	0.01667	0.00834	0.00834	0.00167	0.00834	0.00667	0.00667	0.67325
28	0.01593	0.01150	0.01504	0.01416	0.01681	0.01062	0.01062	0.02124	0.03186	0.04513	0.52830	0.08407	0.10620	0.02301	0.01327	0.00354	0.00531	0.02035	0.01239	0.01062
29	0.02328	0.02206	0.03225	0.16696	0.07400	0.02855	0.02505	0.03015	0.06458	0.02986	0.02119	0.03013	0.01843	0.02433	0.08938	0.00601	0.28469	0.01043	0.00572	0.01296
30	0.04501	0.01776	0.02417	0.01938	0.02688	0.01544	0.01563	0.04900	0.03062	0.46541	0.04704	0.12172	0.03481	0.01711	0.01177	0.00365	0.00912	0.01441	0.01341	0.01766
31	0.01705	0.01277	0.01600	0.01544	0.01824	0.01249	0.01146	0.02505	0.08831	0.04292	0.40066	0.15559	0.09282	0.02391	0.01322	0.00373	0.00592	0.02117	0.01199	0.01126
32	0.01782	0.01137	0.01474	0.01489	0.01687	0.01057	0.01044	0.02102	0.02574	0.07361	0.24412	0.26997	0.07863	0.11367	0.02010	0.00502	0.00693	0.02340	0.01095	0.01016
33	0.03382	0.02015	0.02277	0.01886	0.02495	0.02121	0.01516	0.18629	0.07316	0.14538	0.03525	0.03660	0.02590	0.01903	0.05219	0.00431	0.01058	0.01083	0.22807	0.01548
34	0.02333	0.11373	0.49723	0.03079	0.04672	0.02799	0.03934	0.03545	0.02367	0.03472	0.01974	0.02319	0.01428	0.01059	0.01034	0.00345	0.01617	0.00809	0.00476	0.01641
35	0.04204	0.05364	0.03190	0.02900	0.03480	0.55926	0.02175	0.04494	0.03190	0.02755	0.01740	0.02030	0.01450	0.01160	0.01015	0.00290	0.02030	0.00725	0.00580	0.01305
36	0.01825	0.01055	0.01514	0.01567	0.01654	0.01036	0.01132	0.01714	0.01969	0.02651	0.10588	0.10816	0.04485	0.03505	0.03207	0.40312	0.00891	0.08636	0.00741	0.00702
37	0.02987	0.01465	0.01917	0.01625	0.02153	0.01293	0.01281	0.03449	0.03126	0.24823	0.27896	0.06812	0.12484	0.01993	0.01247	0.00355	0.00712	0.01704	0.01279	0.01400
38	0.02992	0.01721	0.02072	0.01813	0.02375	0.01686	0.01415	0.04125	0.15755	0.20577	0.13678	0.10834	0.12169	0.01991	0.01225	0.00373	0.00784	0.01693	0.01218	0.01503
39	0.01606	0.01198	0.01763	0.01750	0.01961	0.01355	0.01355	0.02027	0.02014	0.02897	0.10451	0.05017	0.03979	0.07525	0.47826	0.01592	0.02644	0.01330	0.00698	0.01013
40	0.02680	0.03043	0.10996	0.02889	0.03303	0.03270	0.02616	0.08778	0.06684	0.03542	0.01983	0.02633	0.01697	0.01722	0.02766	0.00444	0.37911	0.00991	0.00624	0.01427
41	0.01622	0.01148	0.01516	0.01516	0.01616	0.01248	0.01042	0.01822	0.01722	0.02396	0.03282	0.05904	0.03458	0.34632	0.30674	0.01447	0.02046	0.01423	0.00643	0.00842
42	0.01835	0.01140	0.01658	0.06623	0.02097	0.01225	0.01196	0.01738	0.01641	0.02216	0.02503	0.04411	0.02532	0.16460	0.14509	0.34351	0.01449	0.01163	0.00553	0.00700
43	0.03799	0.24708	0.04233	0.02439	0.03270	0.18877	0.02072	0.20004	0.03604	0.04245	0.02016	0.02186	0.01611	0.01156	0.00948	0.00289	0.01453	0.00782	0.00737	0.01570
44	0.03353	0.02269	0.02566	0.02151	0.02828	0.02437	0.01713	0.15196	0.23298	0.14606	0.12556	0.04523	0.04220	0.01597	0.01170	0.00361	0.00920	0.01320	0.01204	0.01711
45	0.02808	0.14596	0.12232	0.14619	0.07497	0.02538	0.02462	0.03440	0.02532	0.12760	0.03789	0.03963	0.09422	0.01383	0.01065	0.00337	0.01215	0.01121	0.00747	0.01478
46	0.09797	0.02048	0.02609	0.02016	0.02877	0.01888	0.01665	0.09356	0.03311	0.46162	0.04063	0.03576	0.02587	0.01363	0.01098	0.00347	0.00977	0.01081	0.01316	0.01862
47	0.24634	0.02446	0.03467	0.07726	0.14311	0.02826	0.07949	0.03191	0.02122	0.03823	0.01782	0.02430	0.01486	0.01263	0.01651	0.00387	0.15632	0.00905	0.00585	0.01382
48	0.02126	0.02001	0.03376	0.57739	0.07752	0.02501	0.03126	0.02876	0.02251	0.02876	0.02001	0.03001	0.01500	0.01125	0.01125	0.00375	0.01500	0.01000	0.00500	0.01250
49	0.01840	0.01281	0.01767	0.01747	0.01828	0.01442	0.01296	0.01903	0.01781	0.02454	0.03127	0.05914	0.03302	0.19023	0.15103	0.18487	0.08350	0.07894	0.00645	0.00818
50	0.13346	0.02279	0.03787	0.02837	0.03720	0.02150	0.18333	0.04191	0.02824	0.24502	0.07669	0.03670	0.02888	0.01267	0.01154	0.00360	0.01237	0.01206	0.00985	0.01594
51	0.02271	0.01321	0.01794	0.01781	0.02129	0.01237	0.01442	0.02740	0.02851	0.12872	0.21324	0.15322	0.07307	0.02580	0.01388	0.00425	0.00808	0.18050	0.01169	0.01189
52	0.10200	0.02361	0.02534	0.02026	0.02765	0.02493	0.01653	0.26360	0.03941	0.13681	0.04258	0.04148	0.09695	0.01547	0.01083	0.00340	0.00991	0.01199	0.07103	0.01622
53	0.02623	0.01796	0.02130	0.01817	0.02315	0.01833	0.01428	0.14150	0.07515	0.09294	0.32909	0.06320	0.07303	0.01935	0.01248	0.00352	0.00765	0.01654	0.01217	0.01395
54	0.01514	0.01100	0.01450	0.01626	0.01800	0.01035	0.01217	0.01855	0.02479	0.03301	0.14953	0.35107	0.11579	0.03149	0.01437	0.00447	0.00716	0.13184	0.01078	0.00973
55	0.02370	0.14076	0.47341	0.03017	0.04575	0.02889	0.03825	0.03535	0.02363	0.03428	0.01952	0.02291	0.01429	0.01053	0.01018	0.00339	0.01595	0.00797	0.00476	0.01631
56	0.01605	0.01148	0.01567	0.01785	0.01965	0.01110	0.01406	0.01992	0.02483	0.03302	0.11698	0.31563	0.07374	0.03184	0.01479	0.00473	0.00818	0.22994	0.01064	0.00989
57	0.01623	0.01146	0.01503	0.01503	0.01599	0.01241	0.01026	0.01814	0.01718	0.02387	0.03294	0.05968	0.03485	0.35761	0.29583	0.01432	0.02004	0.01432	0.00644	0.00835
58	0.02934	0.55571	0.10788	0.02055	0.03088	0.04269	0.02150	0.03390	0.02296	0.02740	0.01610	0.01863	0.01443	0.00974	0.00757	0.00252	0.01250	0.00625	0.00481	0.01466
59	0.04037	0.31304	0.04243	0.01964	0.02881	0.03044	0.01789	0.04435	0.02758	0.28613	0.03013	0.02826	0.02120	0.01180	0.00929	0.00295	0.01080	0.00869	0.00941	0.01682
60	0.19655	0.02560	0.02648	0.02163	0.02946	0.02825	0.01759	0.21520	0.15264	0.12784	0.03127	0.03012	0.02236	0.01325	0.01027	0.00352	0.01025	0.00994	0.01064	0.01713
61	0.02353	0.08176	0.25132	0.02351	0.03634	0.02206	0.02596	0.03190	0.02349	0.03545	0.01975	0.02312	0.01546	0.00945	0.00927	0.00254	0.01219	0.00733	0.00570	0.33987

[dist]
# distance from previous block
# <min> <max>
6	44

[block]
# block no. 7 follows, 11 sequences, length 31
# corresponding to MSA columns:
# 1096,1101-1130
name=unknown_H
#
# <colnr> <probs for GDERKNQSTAVLIFYWHMCP>
#	G	D	E	R	K	N	Q	S	T	A	V	L	I	F	Y	W	H	M	C	P
0	0.02605	0.02228	0.02416	0.02092	0.02771	0.02393	0.01631	0.05025	0.37479	0.04482	0.08053	0.04170	0.03673	0.01451	0.01097	0.00336	0.00849	0.01213	0.01056	0.14977
1	0.02444	0.01611	0.01942	0.01736	0.02161	0.01592	0.01330	0.12273	0.03363	0.09699	0.24312	0.18096	0.10241	0.02314	0.01289	0.00374	0.00752	0.02006	0.01175	0.01288
2	0.04016	0.02997	0.03237	0.02465	0.03379	0.03221	0.02030	0.43335	0.04892	0.06630	0.02607	0.02652	0.01881	0.01281	0.01086	0.00315	0.01184	0.00966	0.01064	0.10762
3	0.04383	0.02985	0.03274	0.02510	0.03407	0.03242	0.02074	0.43694	0.05012	0.13466	0.02937	0.02855	0.02032	0.01357	0.01127	0.00339	0.01201	0.01029	0.01162	0.01914
4	0.01753	0.01269	0.01796	0.09175	0.02455	0.01411	0.01355	0.01874	0.01828	0.02473	0.03409	0.16590	0.03725	0.18843	0.10655	0.13366	0.04831	0.01664	0.00677	0.00850
5	0.03153	0.20039	0.03875	0.17256	0.04288	0.06418	0.02220	0.06897	0.11176	0.10115	0.02666	0.02881	0.02011	0.01198	0.01002	0.00325	0.01251	0.00929	0.00767	0.01532
6	0.09664	0.01990	0.02209	0.01689	0.02555	0.01710	0.01344	0.03149	0.07401	0.04000	0.06557	0.02988	0.02563	0.01054	0.00893	0.00225	0.00818	0.00840	0.00768	0.47583
7	0.03048	0.02017	0.02422	0.01807	0.02742	0.01657	0.01454	0.03777	0.07020	0.16268	0.02839	0.02874	0.02105	0.01035	0.00936	0.00231	0.00869	0.00837	0.00890	0.45171
8	0.02745	0.02130	0.02959	0.02132	0.03133	0.01705	0.07918	0.03298	0.02498	0.10495	0.02368	0.02632	0.01824	0.00925	0.00941	0.00220	0.00995	0.00820	0.00752	0.49510
9	0.01390	0.01012	0.01311	0.01513	0.01627	0.00933	0.01029	0.01629	0.02298	0.03057	0.11467	0.49989	0.11915	0.03339	0.01416	0.00439	0.00633	0.03005	0.01065	0.00933
10	0.02267	0.04150	0.30752	0.21855	0.05983	0.02607	0.09966	0.03337	0.02372	0.03337	0.02048	0.02677	0.01489	0.01072	0.01124	0.00366	0.01640	0.00956	0.00496	0.01504
11	0.02660	0.01396	0.01792	0.01552	0.02036	0.01232	0.01213	0.03112	0.03077	0.20297	0.29162	0.07397	0.16284	0.02114	0.01265	0.00357	0.00677	0.01809	0.01251	0.01316
12	0.07577	0.01285	0.01602	0.01637	0.01940	0.01262	0.01250	0.02335	0.02399	0.08533	0.10053	0.24642	0.11619	0.03510	0.08713	0.00609	0.01051	0.07885	0.01008	0.01089
13	0.34877	0.02395	0.02378	0.01924	0.02720	0.02595	0.01587	0.17161	0.03197	0.17337	0.02577	0.02556	0.01792	0.01216	0.00924	0.00345	0.00997	0.00850	0.00986	0.01585
14	0.02901	0.02627	0.05139	0.03824	0.04777	0.02508	0.32716	0.03962	0.07733	0.10536	0.03216	0.04337	0.02562	0.01309	0.01308	0.00391	0.01571	0.06246	0.00792	0.01545
15	0.03784	0.02886	0.03105	0.02431	0.03293	0.03139	0.01982	0.36243	0.13635	0.06264	0.02978	0.02943	0.02173	0.01327	0.01097	0.00327	0.01128	0.01024	0.01079	0.09162
16	0.01589	0.01160	0.01643	0.01670	0.01817	0.01294	0.01227	0.01891	0.01811	0.02555	0.03447	0.10681	0.03541	0.18159	0.40501	0.01529	0.02394	0.01495	0.00664	0.00932
17	0.01730	0.01257	0.01641	0.01624	0.01661	0.01403	0.01114	0.01796	0.01748	0.02412	0.03523	0.15746	0.03973	0.29088	0.10734	0.08337	0.08984	0.01716	0.00693	0.00819
18	0.02580	0.01922	0.02125	0.01821	0.02347	0.02020	0.01434	0.17116	0.10188	0.05087	0.20831	0.06089	0.12453	0.01902	0.01196	0.00349	0.00801	0.01585	0.06752	0.01402
19	0.02281	0.02143	0.03403	0.37131	0.12703	0.02493	0.02852	0.02930	0.02246	0.03073	0.01958	0.02821	0.01559	0.01163	0.01370	0.00354	0.07713	0.00953	0.00530	0.10324
20	0.01754	0.01374	0.01650	0.01499	0.01922	0.01156	0.01078	0.02071	0.02297	0.03245	0.10078	0.23023	0.09532	0.10174	0.01796	0.00427	0.00753	0.01926	0.00889	0.23356
21	0.09098	0.02369	0.08831	0.01990	0.02915	0.01761	0.01812	0.04239	0.02831	0.29392	0.07828	0.03607	0.02981	0.01297	0.01047	0.00314	0.00975	0.01042	0.01065	0.14607
22	0.03883	0.02112	0.02686	0.02141	0.02837	0.02133	0.01749	0.09533	0.07151	0.29007	0.07764	0.03804	0.03132	0.01505	0.01471	0.00353	0.08761	0.01145	0.01141	0.07693
23	0.12208	0.08238	0.03114	0.02952	0.13148	0.02476	0.01973	0.04374	0.13515	0.16511	0.07436	0.03606	0.03040	0.01328	0.01046	0.00342	0.00998	0.01088	0.00963	0.01642
24	0.29864	0.01697	0.01723	0.01613	0.02086	0.01801	0.01279	0.03016	0.02247	0.10784	0.06356	0.05683	0.03587	0.13091	0.01937	0.00526	0.00936	0.09725	0.00887	0.01164
25	0.01494	0.01080	0.01431	0.01628	0.01782	0.01018	0.01200	0.01810	0.02414	0.03213	0.12829	0.39610	0.10508	0.03228	0.01440	0.00451	0.00713	0.12117	0.01069	0.00963
26	0.12915	0.02482	0.02844	0.06797	0.03430	0.02647	0.01918	0.22471	0.07130	0.21249	0.03173	0.03071	0.02168	0.01317	0.01071	0.00349	0.01097	0.01013	0.01102	0.01756
27	0.01860	0.01360	0.01661	0.01526	0.01822	0.01342	0.01129	0.05600	0.06098	0.04387	0.39652	0.07609	0.08682	0.10110	0.01902	0.00455	0.00679	0.01863	0.01149	0.01114
28	0.02736	0.02361	0.02516	0.02206	0.02891	0.02622	0.01720	0.05552	0.44705	0.04566	0.04229	0.03945	0.03195	0.01433	0.01103	0.00352	0.00883	0.01190	0.01080	0.10713
29	0.02372	0.02030	0.03552	0.38564	0.06340	0.02334	0.09075	0.03078	0.02328	0.07189	0.02373	0.03261	0.01807	0.02083	0.08353	0.00562	0.01708	0.01083	0.00597	0.01310
30	0.03769	0.03206	0.03071	0.02531	0.03299	0.10403	0.02023	0.28769	0.20563	0.05697	0.03205	0.03116	0.02364	0.01384	0.01117	0.00346	0.01229	0.01062	0.01058	0.01786

[dist]
# distance from previous block
# <min> <max>
0	7

[block]
# block no. 8 follows, 11 sequences, length 25
# corresponding to MSA columns:
# 1138-1162
name=unknown_I
#
# <colnr> <probs for GDERKNQSTAVLIFYWHMCP>
#	G	D	E	R	K	N	Q	S	T	A	V	L	I	F	Y	W	H	M	C	P
0	0.03082	0.02741	0.05417	0.03966	0.04890	0.02707	0.33546	0.03833	0.02629	0.13071	0.02572	0.03104	0.01879	0.01180	0.01632	0.00390	0.09851	0.01242	0.00714	0.01552
1	0.01579	0.01087	0.01349	0.01380	0.01599	0.01008	0.00998	0.01991	0.02719	0.03868	0.28739	0.22450	0.12609	0.02555	0.01281	0.00372	0.00568	0.02253	0.10589	0.01008
2	0.01512	0.01168	0.01629	0.09653	0.02560	0.01177	0.01389	0.01823	0.02245	0.02931	0.06088	0.42900	0.10975	0.03080	0.01391	0.00443	0.00798	0.06296	0.00966	0.00976
3	0.11166	0.01276	0.01501	0.01606	0.01877	0.01270	0.01239	0.02115	0.02466	0.03643	0.15136	0.25433	0.11236	0.02765	0.01327	0.00429	0.00744	0.12721	0.01031	0.01020
4	0.34715	0.01696	0.01596	0.01491	0.02007	0.01796	0.01163	0.02854	0.02289	0.09004	0.08638	0.14318	0.10772	0.01896	0.01018	0.00373	0.00766	0.01506	0.00924	0.01178
5	0.02748	0.02313	0.02433	0.02157	0.02785	0.02608	0.01687	0.10069	0.39385	0.04726	0.05360	0.04992	0.10402	0.01699	0.01170	0.00377	0.00882	0.01403	0.01129	0.01676
6	0.03327	0.05966	0.02853	0.02118	0.02793	0.06682	0.05399	0.03972	0.06860	0.20195	0.08706	0.04363	0.03472	0.09864	0.01766	0.00431	0.01101	0.01214	0.00984	0.07933
7	0.08895	0.02450	0.02467	0.02138	0.02749	0.07435	0.01667	0.08996	0.22413	0.13289	0.03475	0.03473	0.02586	0.01754	0.01559	0.09987	0.01055	0.01072	0.01002	0.01539
8	0.29713	0.37048	0.04165	0.01744	0.02598	0.03666	0.01637	0.03345	0.02135	0.03629	0.01566	0.01815	0.01352	0.00996	0.00712	0.00285	0.01068	0.00605	0.00569	0.01352
9	0.02604	0.02934	0.06321	0.09942	0.06066	0.02812	0.44803	0.03534	0.02617	0.03534	0.02250	0.03033	0.01687	0.00966	0.01308	0.00379	0.01859	0.01296	0.00562	0.01492
10	0.01593	0.01150	0.01504	0.01416	0.01681	0.01062	0.01062	0.02124	0.03186	0.04513	0.52830	0.08407	0.10620	0.02301	0.01327	0.00354	0.00531	0.02035	0.01239	0.01062
11	0.01910	0.01244	0.01697	0.01621	0.01894	0.01282	0.01229	0.02287	0.02279	0.07912	0.14228	0.06106	0.09284	0.11595	0.28954	0.01159	0.01870	0.01526	0.00859	0.01063
12	0.03333	0.01776	0.02260	0.02027	0.02590	0.01736	0.01640	0.08282	0.08281	0.23565	0.04956	0.15848	0.04456	0.02180	0.01284	0.00409	0.00940	0.11721	0.01197	0.01520
13	0.01479	0.01074	0.01418	0.01654	0.01798	0.01014	0.01220	0.01764	0.02304	0.03014	0.06637	0.43210	0.11538	0.03357	0.01456	0.00465	0.00742	0.13865	0.01043	0.00948
14	0.03009	0.61122	0.05898	0.01926	0.02889	0.04454	0.01926	0.03370	0.02287	0.02648	0.01565	0.01805	0.01444	0.00963	0.00722	0.00241	0.01204	0.00602	0.00481	0.01444
15	0.02405	0.02244	0.03773	0.27602	0.28846	0.02453	0.03140	0.03092	0.02436	0.03309	0.02483	0.03945	0.02172	0.01281	0.01166	0.00371	0.01373	0.05843	0.00585	0.01480
16	0.02178	0.02054	0.03471	0.53676	0.11403	0.02515	0.03152	0.02922	0.02276	0.02940	0.02010	0.02984	0.01523	0.01115	0.01124	0.00372	0.01487	0.01000	0.00505	0.01293
17	0.01682	0.01057	0.01285	0.01307	0.01313	0.01052	0.00776	0.01594	0.01644	0.02192	0.03430	0.10941	0.03918	0.43536	0.05082	0.15201	0.01030	0.01628	0.00671	0.00660
18	0.01429	0.01011	0.01312	0.01505	0.01579	0.00953	0.00994	0.01627	0.02172	0.02919	0.09956	0.47625	0.07243	0.11611	0.02045	0.00539	0.00705	0.02871	0.01010	0.00894
19	0.03009	0.61122	0.05898	0.01926	0.02889	0.04454	0.01926	0.03370	0.02287	0.02648	0.01565	0.01805	0.01444	0.00963	0.00722	0.00241	0.01204	0.00602	0.00481	0.01444
20	0.02334	0.02001	0.02334	0.01667	0.02667	0.01500	0.01334	0.02834	0.02334	0.03668	0.02001	0.02334	0.01667	0.00834	0.00834	0.00167	0.00834	0.00667	0.00667	0.67325
21	0.02126	0.02001	0.03376	0.57739	0.07752	0.02501	0.03126	0.02876	0.02251	0.02876	0.02001	0.03001	0.01500	0.01125	0.01125	0.00375	0.01500	0.01000	0.00500	0.01250
22	0.02126	0.02001	0.03376	0.57739	0.07752	0.02501	0.03126	0.02876	0.02251	0.02876	0.02001	0.03001	0.01500	0.01125	0.01125	0.00375	0.01500	0.01000	0.00500	0.01250
23	0.02334	0.02001	0.02334	0.01667	0.02667	0.01500	0.01334	0.02834	0.02334	0.03668	0.02001	0.02334	0.01667	0.00834	0.00834	0.00167	0.00834	0.00667	0.00667	0.67325
24	0.02431	0.02192	0.02459	0.08410	0.07495	0.07133	0.01828	0.07076	0.13591	0.03987	0.13262	0.12921	0.08715	0.01926	0.01217	0.00370	0.01006	0.01653	0.00962	0.01365

[dist]
# distance from previous block
# <min> <max>
1	6

[block]
# block no. 9 follows, 11 sequences, length 108
# corresponding to MSA columns:
# 1169-1276
name=unknown_J
#
# <colnr> <probs for GDERKNQSTAVLIFYWHMCP>
#	G	D	E	R	K	N	Q	S	T	A	V	L	I	F	Y	W	H	M	C	P
0	0.02146	0.01801	0.02133	0.01648	0.02465	0.01386	0.01277	0.02587	0.02299	0.03512	0.02822	0.13543	0.02796	0.01360	0.00951	0.00223	0.00798	0.01162	0.00741	0.54351
1	0.03062	0.02548	0.02693	0.02344	0.03027	0.02922	0.01845	0.13743	0.43200	0.05132	0.04247	0.03933	0.03165	0.01496	0.01142	0.00374	0.00953	0.01226	0.01142	0.01805
2	0.03809	0.02110	0.03069	0.02573	0.07393	0.01805	0.06149	0.04332	0.02843	0.29834	0.03300	0.03213	0.02260	0.01148	0.01058	0.00295	0.01040	0.00998	0.01025	0.21747
3	0.09665	0.13496	0.17000	0.02387	0.03369	0.02506	0.07036	0.03488	0.02432	0.12060	0.03275	0.03725	0.06307	0.06858	0.01469	0.00407	0.01255	0.01077	0.00734	0.01453
4	0.02673	0.33482	0.15125	0.02706	0.03764	0.03472	0.11003	0.03343	0.02404	0.03077	0.02242	0.03277	0.02013	0.01205	0.00987	0.00318	0.01403	0.05495	0.00554	0.01458
5	0.02910	0.02339	0.03411	0.16987	0.13493	0.06849	0.07220	0.03488	0.02631	0.12500	0.03279	0.09843	0.02886	0.01572	0.01208	0.00378	0.01327	0.05438	0.00794	0.01446
6	0.03402	0.09551	0.30023	0.02623	0.03916	0.02419	0.02985	0.04284	0.02693	0.22937	0.02907	0.02881	0.01950	0.01184	0.01061	0.00342	0.01349	0.00925	0.00829	0.01740
7	0.02257	0.05822	0.54613	0.03208	0.04871	0.02614	0.04158	0.03564	0.02376	0.03564	0.02020	0.02376	0.01426	0.01069	0.01069	0.00356	0.01663	0.00832	0.00475	0.01663
8	0.48716	0.02156	0.02332	0.07610	0.03123	0.02434	0.06161	0.03198	0.02088	0.04523	0.02109	0.03126	0.01808	0.01245	0.00886	0.00371	0.01051	0.05133	0.00697	0.01233
9	0.01371	0.00979	0.01306	0.01567	0.01632	0.00914	0.01045	0.01567	0.02155	0.02873	0.06203	0.59710	0.07444	0.03526	0.01437	0.00457	0.00653	0.03200	0.01045	0.00914
10	0.02056	0.01498	0.01667	0.01452	0.02013	0.01304	0.01126	0.02683	0.07180	0.08744	0.11199	0.07766	0.30826	0.02169	0.01201	0.00336	0.00686	0.01808	0.01035	0.13250
11	0.02599	0.01992	0.02361	0.01700	0.02687	0.01515	0.01365	0.03092	0.02420	0.08592	0.02238	0.02480	0.01776	0.00888	0.00863	0.00184	0.00846	0.00712	0.00738	0.60952
12	0.01610	0.01196	0.01759	0.01759	0.01943	0.01380	0.01345	0.01978	0.01794	0.02576	0.03060	0.04672	0.02923	0.12866	0.51709	0.01748	0.02851	0.01243	0.00610	0.00977
13	0.03743	0.02233	0.03572	0.02770	0.03613	0.02123	0.14083	0.04782	0.11117	0.27921	0.04045	0.04525	0.02964	0.01462	0.01225	0.00378	0.01198	0.05435	0.01104	0.01707
14	0.03089	0.09605	0.30151	0.02658	0.03966	0.02595	0.03012	0.08664	0.02833	0.13730	0.02519	0.02637	0.01764	0.01132	0.01035	0.00326	0.01368	0.00874	0.00739	0.07305
15	0.02228	0.03495	0.22182	0.02338	0.03207	0.07431	0.02433	0.03279	0.07362	0.03987	0.23588	0.05046	0.05480	0.01639	0.01179	0.00351	0.01153	0.01368	0.00869	0.01385
16	0.01368	0.00993	0.01292	0.01532	0.01623	0.00917	0.01029	0.01571	0.02189	0.02887	0.06635	0.55649	0.11226	0.03470	0.01428	0.00451	0.00646	0.03131	0.01045	0.00917
17	0.02334	0.02001	0.02334	0.01667	0.02667	0.01500	0.01334	0.02834	0.02334	0.03668	0.02001	0.02334	0.01667	0.00834	0.00834	0.00167	0.00834	0.00667	0.00667	0.67325
18	0.01432	0.01055	0.01268	0.01385	0.01531	0.00970	0.00930	0.01640	0.02240	0.02918	0.10904	0.33354	0.18016	0.14379	0.02240	0.00554	0.00708	0.02597	0.00991	0.00890
19	0.03566	0.02458	0.02504	0.02059	0.02628	0.07701	0.01570	0.20487	0.03468	0.14555	0.03229	0.04380	0.02752	0.20592	0.02615	0.00580	0.01215	0.01211	0.00979	0.01451
20	0.21276	0.02051	0.02139	0.01613	0.02527	0.01794	0.01301	0.02970	0.02214	0.04064	0.01876	0.02189	0.01539	0.00894	0.00794	0.00219	0.00844	0.00650	0.00675	0.48370
21	0.14840	0.02383	0.03937	0.03008	0.03819	0.02338	0.21748	0.07433	0.02638	0.04069	0.02924	0.13782	0.02752	0.01497	0.01164	0.00364	0.01296	0.01465	0.00748	0.07794
22	0.10255	0.02521	0.03045	0.02448	0.03201	0.02680	0.05871	0.27100	0.03937	0.10722	0.03390	0.09294	0.02900	0.01673	0.01172	0.00373	0.01151	0.05593	0.01046	0.01626
23	0.01765	0.01065	0.01437	0.01437	0.01474	0.01103	0.00942	0.01635	0.01597	0.02167	0.02778	0.05156	0.02954	0.26937	0.14585	0.29037	0.01404	0.01279	0.00586	0.00661
24	0.03574	0.01593	0.02114	0.01732	0.02358	0.01395	0.01387	0.04027	0.03152	0.33186	0.21126	0.05969	0.09815	0.01823	0.01214	0.00353	0.00782	0.01542	0.01311	0.01547
25	0.02800	0.02418	0.02545	0.02291	0.02927	0.02800	0.01782	0.05981	0.51390	0.04708	0.04581	0.04199	0.03436	0.01527	0.01145	0.00382	0.00891	0.01273	0.01145	0.01782
26	0.02256	0.02145	0.02518	0.08057	0.03039	0.07305	0.01901	0.03014	0.09717	0.03075	0.03496	0.18724	0.03561	0.02828	0.07505	0.00569	0.16672	0.01639	0.00766	0.01215
27	0.09686	0.24814	0.04343	0.16405	0.13030	0.08478	0.02439	0.03368	0.02376	0.03147	0.01786	0.02294	0.01495	0.01037	0.00916	0.00306	0.01345	0.00783	0.00531	0.01420
28	0.02881	0.02934	0.08056	0.13541	0.13891	0.07828	0.02814	0.03418	0.02335	0.08374	0.02078	0.02717	0.01670	0.01412	0.01974	0.00394	0.20645	0.00968	0.00607	0.01459
