[name]
unknown

[dist]
# distance from previous block
# <min> <max>
0	128

[block]
# block no. 0 follows, 13 sequences, length 24
# corresponding to MSA columns:
# 132-155
name=unknown_A
#
# <colnr> <probs for GDERKNQSTAVLIFYWHMCP>
#	G	D	E	R	K	N	Q	S	T	A	V	L	I	F	Y	W	H	M	C	P
0	0.02418	0.02168	0.09026	0.01933	0.02522	0.01824	0.01707	0.12979	0.07768	0.08495	0.15217	0.15075	0.07849	0.01967	0.01177	0.00358	0.00881	0.04304	0.01002	0.01328
1	0.11264	0.06957	0.03030	0.07490	0.09900	0.02552	0.01997	0.09831	0.09817	0.16972	0.02740	0.02841	0.01997	0.01233	0.01204	0.00335	0.06509	0.00933	0.00855	0.01543
2	0.02618	0.07540	0.14467	0.02040	0.02912	0.05207	0.01964	0.07100	0.02640	0.09935	0.08445	0.08455	0.03054	0.01343	0.00991	0.00285	0.01042	0.01096	0.00776	0.18090
3	0.07552	0.09241	0.28323	0.02298	0.03478	0.02323	0.02572	0.03294	0.06218	0.03489	0.02007	0.02265	0.01537	0.00964	0.00890	0.00275	0.01187	0.00733	0.00563	0.20792
4	0.03714	0.04624	0.03246	0.02838	0.03435	0.49125	0.06622	0.04254	0.06946	0.02804	0.01888	0.02152	0.01529	0.01098	0.00990	0.00287	0.01812	0.00773	0.00585	0.01279
5	0.02120	0.02005	0.03395	0.49576	0.17041	0.02382	0.02998	0.02810	0.02173	0.02851	0.01901	0.02779	0.01462	0.01034	0.01055	0.00345	0.01379	0.00940	0.00480	0.01274
6	0.01353	0.00920	0.01245	0.01461	0.01515	0.00866	0.00974	0.01461	0.01948	0.02597	0.05355	0.55168	0.06382	0.03355	0.01679	0.08583	0.00650	0.02758	0.00920	0.00811
7	0.02349	0.02217	0.03646	0.29495	0.30493	0.02451	0.02979	0.03208	0.06637	0.03209	0.02135	0.02816	0.01690	0.01033	0.01054	0.00334	0.01288	0.00962	0.00546	0.01457
8	0.01997	0.01879	0.03171	0.60301	0.07282	0.02349	0.02936	0.02701	0.02114	0.02701	0.01879	0.02819	0.01409	0.01057	0.01057	0.00352	0.01409	0.00940	0.00470	0.01175
9	0.02616	0.26987	0.31177	0.02529	0.03717	0.10238	0.02890	0.03392	0.02298	0.02932	0.01705	0.01991	0.01349	0.00978	0.00877	0.00286	0.01446	0.00688	0.00461	0.01443
10	0.02630	0.02271	0.02391	0.02152	0.02749	0.02630	0.01674	0.05618	0.54336	0.04423	0.04303	0.03945	0.03228	0.01434	0.01076	0.00359	0.00837	0.01195	0.01076	0.01674
11	0.03547	0.01837	0.02331	0.01733	0.02608	0.01486	0.01413	0.03985	0.02635	0.31876	0.03097	0.02939	0.02124	0.01062	0.00932	0.00247	0.00845	0.00858	0.00989	0.33454
12	0.01538	0.01025	0.01153	0.01153	0.01153	0.01025	0.00641	0.01538	0.01538	0.02050	0.03331	0.06919	0.03844	0.62842	0.05382	0.01025	0.01025	0.01538	0.00641	0.00641
13	0.01564	0.01305	0.01429	0.01589	0.01726	0.05743	0.01118	0.01814	0.02255	0.02915	0.11802	0.47063	0.06843	0.02955	0.01310	0.00407	0.00730	0.05550	0.00968	0.00914
14	0.02946	0.01447	0.01642	0.01400	0.01870	0.01424	0.01111	0.09548	0.02776	0.17963	0.03520	0.03675	0.02570	0.01256	0.00863	0.00276	0.00683	0.01001	0.42728	0.01299
15	0.02859	0.03126	0.02885	0.07319	0.03275	0.21538	0.02030	0.03508	0.08464	0.02937	0.01936	0.02392	0.01627	0.01308	0.01707	0.00328	0.19310	0.00828	0.00590	0.12032
16	0.02302	0.01272	0.01580	0.01448	0.01877	0.01117	0.01133	0.02661	0.02654	0.18119	0.16325	0.12825	0.24324	0.02280	0.01223	0.00361	0.00671	0.05555	0.01105	0.01166
17	0.02253	0.09756	0.08739	0.32215	0.06002	0.02671	0.17520	0.03012	0.02241	0.02931	0.01909	0.02648	0.01455	0.00986	0.01064	0.00337	0.01499	0.00974	0.00485	0.01302
18	0.01538	0.01025	0.01153	0.01153	0.01153	0.01025	0.00641	0.01538	0.01538	0.02050	0.03331	0.06919	0.03844	0.62842	0.05382	0.01025	0.01025	0.01538	0.00641	0.00641
19	0.02404	0.02433	0.03468	0.38230	0.20681	0.09060	0.02918	0.03036	0.02302	0.02901	0.01881	0.02654	0.01479	0.01028	0.01042	0.00332	0.01425	0.00910	0.00494	0.01322
20	0.03782	0.04687	0.02919	0.02651	0.03203	0.51480	0.01996	0.04400	0.09525	0.02821	0.01974	0.02166	0.01599	0.01133	0.00969	0.00283	0.01771	0.00746	0.00612	0.01283
21	0.03198	0.44328	0.04741	0.02068	0.02894	0.14733	0.01880	0.09675	0.02674	0.03038	0.01638	0.01844	0.01414	0.00987	0.00781	0.00247	0.01287	0.00637	0.00547	0.01387
22	0.01288	0.00920	0.01227	0.01472	0.01534	0.00859	0.00981	0.01472	0.02024	0.02699	0.05828	0.62152	0.06993	0.03312	0.01350	0.00429	0.00613	0.03006	0.00981	0.00859
23	0.02192	0.01879	0.02192	0.01566	0.02506	0.01409	0.01253	0.02662	0.02192	0.03445	0.01879	0.02192	0.01566	0.00783	0.00783	0.00157	0.00783	0.00626	0.00626	0.69305

[dist]
# distance from previous block
# <min> <max>
0	1

[block]
# block no. 1 follows, 13 sequences, length 12
# corresponding to MSA columns:
# 157-168
name=unknown_B
#
# <colnr> <probs for GDERKNQSTAVLIFYWHMCP>
#	G	D	E	R	K	N	Q	S	T	A	V	L	I	F	Y	W	H	M	C	P
0	0.02296	0.03242	0.24702	0.02177	0.03269	0.01793	0.02338	0.03040	0.02265	0.08090	0.02503	0.08598	0.02134	0.01185	0.00958	0.00273	0.01095	0.00977	0.00651	0.28415
1	0.01898	0.01864	0.01815	0.09978	0.02635	0.10923	0.01386	0.02307	0.02663	0.03253	0.23006	0.06948	0.23341	0.02001	0.01171	0.00334	0.00882	0.01675	0.00895	0.01025
2	0.02560	0.01868	0.02230	0.01611	0.02534	0.01430	0.01296	0.03021	0.02313	0.11163	0.02210	0.02395	0.01718	0.00859	0.00823	0.00181	0.00800	0.00689	0.00725	0.59573
3	0.02152	0.01494	0.01618	0.01463	0.01860	0.01510	0.01126	0.14433	0.02983	0.04178	0.09802	0.13930	0.17439	0.01992	0.01080	0.00326	0.00687	0.01668	0.19115	0.01145
4	0.02686	0.53033	0.05139	0.11728	0.03488	0.03873	0.02000	0.03087	0.02143	0.02524	0.01539	0.01886	0.01366	0.00930	0.00743	0.00248	0.01178	0.00629	0.00455	0.01326
5	0.01982	0.01312	0.01711	0.01455	0.01839	0.01119	0.01055	0.01903	0.01711	0.02495	0.01854	0.02796	0.01726	0.02490	0.02761	0.40956	0.00863	0.00799	0.00528	0.28645
6	0.02617	0.02512	0.04292	0.06490	0.56246	0.02512	0.03245	0.03245	0.02407	0.03454	0.01989	0.02617	0.01675	0.00942	0.01047	0.00314	0.01256	0.00942	0.00523	0.01675
7	0.01470	0.01042	0.01397	0.01616	0.01739	0.01010	0.01216	0.01747	0.02126	0.02805	0.05481	0.37618	0.06325	0.09386	0.01812	0.00513	0.00791	0.20084	0.00943	0.00879
8	0.01359	0.00970	0.01308	0.01553	0.01645	0.00920	0.01104	0.01594	0.02094	0.02778	0.05789	0.53635	0.06839	0.03246	0.01368	0.00439	0.00674	0.10827	0.00980	0.00878
9	0.02209	0.12100	0.03046	0.10409	0.03157	0.02142	0.06170	0.02665	0.02398	0.07644	0.16801	0.12559	0.04593	0.01739	0.01355	0.00347	0.07213	0.01468	0.00800	0.01186
10	0.02526	0.01979	0.02515	0.16420	0.03645	0.02179	0.01833	0.10247	0.11458	0.06753	0.02741	0.03592	0.02283	0.11655	0.01908	0.00440	0.04883	0.01048	0.00759	0.11135
11	0.02182	0.02250	0.06671	0.12878	0.11537	0.01932	0.09244	0.02827	0.02343	0.03391	0.07825	0.03083	0.02467	0.01034	0.00999	0.00272	0.01120	0.00965	0.00619	0.26361

[dist]
# distance from previous block
# <min> <max>
0	3

[block]
# block no. 2 follows, 13 sequences, length 19
# corresponding to MSA columns:
# 172-190
name=unknown_C
#
# <colnr> <probs for GDERKNQSTAVLIFYWHMCP>
#	G	D	E	R	K	N	Q	S	T	A	V	L	I	F	Y	W	H	M	C	P
0	0.02158	0.01762	0.01759	0.01639	0.01987	0.08446	0.01224	0.02833	0.08918	0.07653	0.23617	0.10398	0.10927	0.06894	0.04639	0.00465	0.00927	0.01648	0.00983	0.01120
1	0.02641	0.25193	0.04552	0.02669	0.03350	0.10633	0.14425	0.03076	0.02270	0.02759	0.02194	0.09653	0.02128	0.01342	0.01281	0.00319	0.08591	0.01100	0.00553	0.01270
2	0.02357	0.08337	0.02869	0.19891	0.07888	0.02030	0.01931	0.02896	0.02233	0.06387	0.02178	0.02667	0.01710	0.00979	0.00887	0.00257	0.01018	0.00811	0.09113	0.23562
3	0.06876	0.17852	0.23748	0.09667	0.03948	0.02797	0.02657	0.03625	0.08558	0.07465	0.02236	0.02461	0.01669	0.01062	0.00925	0.00313	0.01254	0.00809	0.00608	0.01470
4	0.02934	0.02290	0.09913	0.02434	0.06872	0.01841	0.04689	0.09546	0.02848	0.17591	0.06129	0.08706	0.03288	0.01566	0.01097	0.00343	0.01015	0.06283	0.09175	0.01440
5	0.01327	0.00970	0.01258	0.01472	0.01590	0.00901	0.01036	0.01554	0.02116	0.02768	0.06414	0.50326	0.13006	0.03192	0.01349	0.00426	0.00642	0.07796	0.00981	0.00875
6	0.04330	0.02269	0.02721	0.02107	0.02921	0.02277	0.01734	0.23141	0.07166	0.34497	0.03564	0.03221	0.02349	0.01302	0.01062	0.00326	0.00995	0.01030	0.01198	0.01791
7	0.02761	0.10461	0.16114	0.12471	0.04058	0.02369	0.06209	0.07182	0.02560	0.13499	0.02818	0.09873	0.02339	0.01351	0.01049	0.00335	0.01226	0.01154	0.00734	0.01437
8	0.01690	0.01301	0.01682	0.01557	0.01734	0.01405	0.01119	0.01898	0.01680	0.02407	0.02783	0.04936	0.02907	0.30554	0.22365	0.01085	0.07942	0.01227	0.00595	0.09133
9	0.15006	0.02956	0.02964	0.02836	0.09848	0.12951	0.02032	0.19122	0.03170	0.08444	0.02099	0.02345	0.01601	0.01220	0.01271	0.00329	0.08708	0.00841	0.00770	0.01486
10	0.01981	0.01383	0.01830	0.01732	0.01972	0.01451	0.01311	0.02259	0.02211	0.09483	0.10179	0.30074	0.09067	0.02458	0.01666	0.00390	0.12187	0.02045	0.00919	0.05401
11	0.02476	0.02285	0.08798	0.02037	0.02661	0.02060	0.01757	0.04301	0.29350	0.09614	0.10625	0.11760	0.04268	0.01704	0.01123	0.00358	0.00860	0.01456	0.01023	0.01483
12	0.03364	0.02638	0.09670	0.02211	0.03007	0.02352	0.01963	0.19083	0.14381	0.17724	0.03583	0.09376	0.02796	0.01496	0.01087	0.00343	0.01022	0.01227	0.01036	0.01642
13	0.01319	0.00942	0.01263	0.01508	0.01583	0.00886	0.01036	0.01526	0.02055	0.02734	0.05810	0.58376	0.06925	0.03283	0.01358	0.00434	0.00641	0.06474	0.00981	0.00867
14	0.01891	0.03513	0.30615	0.02432	0.03329	0.02087	0.02715	0.02677	0.02054	0.02978	0.03159	0.03689	0.08470	0.02950	0.14935	0.00675	0.08939	0.01063	0.00544	0.01284
15	0.10964	0.24071	0.04200	0.20511	0.11481	0.03054	0.06108	0.03044	0.02156	0.03034	0.01717	0.02255	0.01408	0.00965	0.00884	0.00299	0.01243	0.00784	0.00499	0.01323
16	0.15217	0.11629	0.26923	0.07267	0.04229	0.02694	0.11454	0.03235	0.02176	0.03458	0.01802	0.02218	0.01356	0.00972	0.00942	0.00324	0.01391	0.00807	0.00504	0.01403
17	0.02291	0.01264	0.01684	0.01641	0.01995	0.01132	0.01247	0.02611	0.02392	0.16466	0.07506	0.33183	0.05495	0.02503	0.01244	0.00386	0.00743	0.08718	0.01043	0.06455
18	0.02365	0.02171	0.03557	0.41650	0.13417	0.02509	0.06590	0.08901	0.02530	0.03338	0.01994	0.02759	0.01508	0.01054	0.01070	0.00343	0.01387	0.00965	0.00553	0.01338

[dist]
# distance from previous block
# <min> <max>
1	3

[block]
# block no. 3 follows, 13 sequences, length 6
# corresponding to MSA columns:
# 194-199
name=unknown_D
#
# <colnr> <probs for GDERKNQSTAVLIFYWHMCP>
#	G	D	E	R	K	N	Q	S	T	A	V	L	I	F	Y	W	H	M	C	P
0	0.10297	0.01605	0.01715	0.06031	0.02331	0.06552	0.01343	0.02391	0.02209	0.07811	0.04456	0.36356	0.04899	0.02453	0.01189	0.00391	0.00866	0.05172	0.00892	0.01042
1	0.02038	0.08806	0.02052	0.01620	0.01997	0.01568	0.01287	0.02606	0.07157	0.08821	0.10064	0.24103	0.12279	0.02389	0.01206	0.00377	0.00758	0.08768	0.00976	0.01128
2	0.01842	0.01213	0.01460	0.01454	0.01639	0.01210	0.00987	0.02355	0.08508	0.07102	0.09869	0.23923	0.05322	0.25057	0.02790	0.00625	0.00805	0.01964	0.00911	0.00967
3	0.02696	0.03318	0.19803	0.02270	0.03379	0.02276	0.02304	0.17291	0.03005	0.04341	0.02075	0.02305	0.01562	0.00993	0.00932	0.00259	0.01137	0.00769	0.00694	0.28592
4	0.02972	0.06899	0.13372	0.02069	0.03009	0.02084	0.01989	0.10123	0.02711	0.15731	0.02561	0.02737	0.01889	0.01778	0.07064	0.00420	0.01255	0.00849	0.00785	0.19701
5	0.12240	0.43278	0.04482	0.01937	0.02735	0.14960	0.01766	0.03372	0.02273	0.02815	0.01504	0.01742	0.01329	0.00953	0.00731	0.00249	0.01245	0.00590	0.00499	0.01301

[dist]
# distance from previous block
# <min> <max>
0	2

[block]
# block no. 4 follows, 13 sequences, length 17
# corresponding to MSA columns:
# 202-218
name=unknown_E
#
# <colnr> <probs for GDERKNQSTAVLIFYWHMCP>
#	G	D	E	R	K	N	Q	S	T	A	V	L	I	F	Y	W	H	M	C	P
0	0.01375	0.01665	0.08923	0.01389	0.01879	0.01106	0.01256	0.01767	0.02340	0.02906	0.08906	0.15226	0.42453	0.02520	0.01227	0.00363	0.00688	0.02121	0.00907	0.00982
1	0.02685	0.02435	0.02397	0.01912	0.02670	0.09290	0.01507	0.10255	0.11258	0.04011	0.07124	0.02997	0.02591	0.01120	0.00933	0.00243	0.00966	0.00886	0.00797	0.33923
2	0.01325	0.01026	0.01209	0.01265	0.01500	0.00909	0.00910	0.01626	0.02438	0.03163	0.20753	0.26032	0.28562	0.02746	0.01281	0.00374	0.00551	0.02394	0.01029	0.00909
3	0.03226	0.32827	0.04284	0.02165	0.02886	0.08846	0.01927	0.13063	0.02768	0.07099	0.01871	0.02104	0.01536	0.01160	0.01213	0.00290	0.09925	0.00739	0.00641	0.01433
4	0.02252	0.01721	0.02061	0.01576	0.02367	0.01334	0.01234	0.02672	0.02232	0.07581	0.02685	0.11775	0.02507	0.01224	0.00895	0.00213	0.00766	0.01037	0.00737	0.53131
5	0.01755	0.01054	0.01383	0.01429	0.01626	0.00964	0.01011	0.01924	0.02220	0.08514	0.12646	0.33061	0.12563	0.02912	0.01699	0.10445	0.00662	0.02244	0.00965	0.00923
6	0.11298	0.14246	0.02622	0.01842	0.02322	0.10478	0.01457	0.06361	0.07326	0.03346	0.03418	0.23930	0.03582	0.01891	0.01023	0.00339	0.00990	0.01555	0.00785	0.01190
7	0.02155	0.01627	0.01871	0.01744	0.02159	0.01670	0.01389	0.14711	0.06354	0.04127	0.12582	0.15161	0.16190	0.02317	0.01247	0.00380	0.00804	0.11290	0.01029	0.01193
8	0.02660	0.16754	0.12591	0.09563	0.11731	0.02997	0.15915	0.09083	0.02620	0.03504	0.01952	0.02428	0.01522	0.00980	0.01013	0.00313	0.01418	0.00916	0.00557	0.01483
9	0.03042	0.02219	0.03606	0.24043	0.12286	0.02342	0.09769	0.09379	0.02764	0.16160	0.02550	0.02946	0.01805	0.01101	0.01085	0.00338	0.01293	0.01016	0.00754	0.01502
10	0.01483	0.01089	0.01562	0.01596	0.01743	0.01219	0.01185	0.01784	0.01723	0.02436	0.03314	0.12586	0.03405	0.14449	0.43730	0.01435	0.02288	0.01446	0.00634	0.00893
11	0.02789	0.02207	0.03706	0.23258	0.05038	0.02339	0.15905	0.10495	0.02766	0.10768	0.02499	0.02997	0.01803	0.01093	0.01080	0.00335	0.01321	0.01046	0.07156	0.01399
12	0.01957	0.01693	0.08125	0.01563	0.02058	0.01227	0.01386	0.02496	0.02820	0.10807	0.35911	0.07005	0.14809	0.01990	0.01195	0.00336	0.00683	0.01715	0.01071	0.01153
13	0.02605	0.07661	0.02625	0.02133	0.08739	0.01763	0.01509	0.03076	0.02326	0.10406	0.02371	0.02623	0.01855	0.00944	0.00835	0.00217	0.00847	0.00765	0.10162	0.36539
14	0.02824	0.12604	0.17721	0.10191	0.04204	0.02781	0.08479	0.10521	0.08168	0.08796	0.02415	0.02652	0.01766	0.01093	0.01010	0.00322	0.01307	0.00918	0.00694	0.01531
15	0.28151	0.02078	0.05024	0.05011	0.02710	0.02131	0.05883	0.03064	0.08830	0.03828	0.06353	0.03782	0.05850	0.08591	0.01568	0.00427	0.03754	0.01068	0.00722	0.01177
16	0.02525	0.02315	0.08098	0.23728	0.11456	0.02111	0.02443	0.06507	0.02531	0.09211	0.05771	0.03034	0.02191	0.01106	0.01018	0.00306	0.01166	0.00951	0.00678	0.12853

[dist]
# distance from previous block
# <min> <max>
0	1

[block]
# block no. 5 follows, 13 sequences, length 15
# corresponding to MSA columns:
# 222-236
name=unknown_F
#
# <colnr> <probs for GDERKNQSTAVLIFYWHMCP>
#	G	D	E	R	K	N	Q	S	T	A	V	L	I	F	Y	W	H	M	C	P
0	0.20182	0.01837	0.02477	0.01966	0.02634	0.01759	0.09350	0.02992	0.02397	0.10711	0.13457	0.07669	0.03702	0.01378	0.00994	0.00310	0.00896	0.01196	0.00841	0.13251
1	0.02609	0.02299	0.07678	0.01830	0.02754	0.01732	0.01618	0.09296	0.02692	0.09025	0.06310	0.02812	0.02319	0.01023	0.00902	0.00224	0.00897	0.00823	0.00770	0.42386
2	0.01381	0.01004	0.01322	0.01543	0.01676	0.00945	0.01131	0.01643	0.02157	0.02822	0.06252	0.45426	0.11557	0.03160	0.01365	0.00436	0.00689	0.13622	0.00980	0.00889
3	0.02566	0.29315	0.10411	0.02147	0.02800	0.03130	0.02056	0.02972	0.02081	0.06701	0.02259	0.09755	0.02175	0.01480	0.01500	0.00329	0.15409	0.01026	0.00585	0.01303
4	0.02440	0.02069	0.02443	0.01821	0.02637	0.01867	0.01476	0.09028	0.02478	0.03748	0.01904	0.02251	0.01574	0.00973	0.01140	0.00214	0.08026	0.00704	0.00662	0.52547
5	0.02781	0.17773	0.20905	0.02484	0.03522	0.02545	0.08773	0.03504	0.02494	0.13843	0.08712	0.03131	0.02663	0.01165	0.00998	0.00310	0.01229	0.00980	0.00715	0.01475
6	0.02827	0.63478	0.05540	0.01809	0.02714	0.04184	0.01809	0.03166	0.02148	0.02488	0.01470	0.01696	0.01357	0.00905	0.00678	0.00226	0.01131	0.00565	0.00452	0.01357
7	0.03653	0.02129	0.02449	0.02068	0.02586	0.08554	0.01648	0.03978	0.02613	0.32034	0.03665	0.12945	0.02985	0.01710	0.01512	0.00361	0.11311	0.01318	0.01017	0.01463
8	0.03426	0.02506	0.11991	0.02583	0.09312	0.01896	0.02103	0.04317	0.09295	0.29343	0.04175	0.03933	0.07564	0.01362	0.01071	0.00334	0.01013	0.01131	0.01004	0.01639
9	0.01285	0.00933	0.01214	0.01438	0.01525	0.00862	0.00966	0.01476	0.02057	0.02712	0.06242	0.57744	0.11134	0.03259	0.01341	0.00423	0.00607	0.02940	0.00982	0.00862
10	0.01444	0.01070	0.01363	0.01519	0.01656	0.01046	0.01050	0.01937	0.07153	0.03066	0.12237	0.49453	0.07025	0.02982	0.01310	0.00410	0.00620	0.02689	0.01014	0.00955
11	0.07476	0.03032	0.15542	0.02831	0.10290	0.09115	0.02359	0.03417	0.02487	0.13074	0.03194	0.08702	0.02849	0.01564	0.01094	0.00355	0.01219	0.09232	0.00772	0.01395
12	0.12820	0.06856	0.21032	0.02433	0.03424	0.12382	0.02456	0.11274	0.05975	0.08494	0.02207	0.02343	0.01610	0.01104	0.00947	0.00316	0.01333	0.00798	0.00699	0.01496
13	0.06796	0.22721	0.12406	0.01983	0.02836	0.02706	0.01956	0.07802	0.02483	0.07534	0.05800	0.02791	0.02255	0.01965	0.08233	0.00457	0.01316	0.00847	0.00664	0.06451
14	0.03288	0.06698	0.14523	0.02801	0.09597	0.02486	0.02357	0.11367	0.13383	0.18068	0.03057	0.02994	0.02163	0.01196	0.01027	0.00326	0.01121	0.00970	0.00897	0.01682

[dist]
# distance from previous block
# <min> <max>
4	24

[block]
# block no. 6 follows, 13 sequences, length 25
# corresponding to MSA columns:
# 261-285
name=unknown_G
#
# <colnr> <probs for GDERKNQSTAVLIFYWHMCP>
#	G	D	E	R	K	N	Q	S	T	A	V	L	I	F	Y	W	H	M	C	P
0	0.09384	0.02267	0.06595	0.15546	0.14491	0.02137	0.02298	0.07110	0.02632	0.18436	0.03162	0.03343	0.05580	0.01221	0.01029	0.00332	0.01114	0.01020	0.00807	0.01498
1	0.03040	0.02371	0.07863	0.22888	0.11237	0.02256	0.02499	0.07388	0.07508	0.18090	0.02794	0.03039	0.01964	0.01157	0.01055	0.00337	0.01193	0.00984	0.00802	0.01534
2	0.17770	0.02230	0.02454	0.15436	0.03645	0.06113	0.01819	0.09490	0.05866	0.11319	0.05791	0.02925	0.02241	0.01172	0.00950	0.00314	0.01062	0.00909	0.00799	0.07695
3	0.02290	0.01997	0.03075	0.22062	0.20991	0.02174	0.02460	0.09033	0.02555	0.03451	0.02917	0.16516	0.02842	0.01572	0.01122	0.00354	0.01144	0.01422	0.00682	0.01340
4	0.10658	0.05907	0.03172	0.31764	0.09952	0.02521	0.02470	0.03039	0.02128	0.08038	0.01966	0.02605	0.01509	0.01151	0.01287	0.00349	0.08741	0.00881	0.00573	0.01285
5	0.18166	0.01688	0.01879	0.01587	0.02236	0.01551	0.01279	0.02869	0.02270	0.10427	0.06298	0.09378	0.03184	0.01476	0.00952	0.00294	0.00795	0.06833	0.00828	0.26010
6	0.02742	0.40945	0.13000	0.02032	0.02972	0.03502	0.02088	0.09318	0.02595	0.03311	0.06719	0.02464	0.02212	0.01083	0.00830	0.00265	0.01144	0.00773	0.00594	0.01411
7	0.09137	0.01819	0.01994	0.01738	0.02263	0.06709	0.01378	0.03535	0.02791	0.24947	0.18228	0.09285	0.04972	0.01753	0.01116	0.00342	0.00859	0.04703	0.01092	0.01340
8	0.14402	0.10129	0.03008	0.02132	0.02886	0.08194	0.01764	0.23429	0.11304	0.08922	0.02545	0.02539	0.01878	0.01190	0.00940	0.00311	0.01104	0.00864	0.00893	0.01567
9	0.02420	0.11702	0.28409	0.04318	0.26025	0.02702	0.03359	0.03281	0.02295	0.03282	0.01881	0.02325	0.01482	0.00965	0.00980	0.00312	0.01378	0.00821	0.00479	0.01583
10	0.02703	0.01305	0.01710	0.01513	0.01938	0.01176	0.01166	0.03117	0.02752	0.23170	0.22406	0.14771	0.05926	0.01928	0.01136	0.00336	0.00663	0.01671	0.09350	0.01266
11	0.03063	0.02245	0.02509	0.02127	0.02704	0.02430	0.01703	0.34112	0.03936	0.05262	0.03716	0.19559	0.03606	0.01977	0.01174	0.00364	0.00997	0.06020	0.01029	0.01467
12	0.01837	0.00918	0.01377	0.01377	0.01377	0.00918	0.00918	0.01377	0.01377	0.01837	0.01837	0.03214	0.01837	0.03673	0.04132	0.69238	0.00918	0.00918	0.00459	0.00459
13	0.01288	0.00920	0.01227	0.01472	0.01534	0.00859	0.00981	0.01472	0.02024	0.02699	0.05828	0.62152	0.06993	0.03312	0.01350	0.00429	0.00613	0.03006	0.00981	0.00859
14	0.01620	0.01157	0.01608	0.01852	0.02058	0.01145	0.01558	0.02046	0.02352	0.03071	0.05644	0.22032	0.06268	0.03000	0.01438	0.00475	0.00901	0.39849	0.00975	0.00950
15	0.02708	0.03031	0.03107	0.39318	0.05820	0.22847	0.02611	0.03256	0.02436	0.02660	0.01790	0.02486	0.01392	0.01069	0.01019	0.00323	0.01591	0.00845	0.00497	0.01193
16	0.02630	0.02271	0.02391	0.02152	0.02749	0.02630	0.01674	0.05618	0.54336	0.04423	0.04303	0.03945	0.03228	0.01434	0.01076	0.00359	0.00837	0.01195	0.01076	0.01674
17	0.02765	0.02572	0.03982	0.03840	0.16261	0.02695	0.15825	0.10375	0.21770	0.04194	0.02946	0.03157	0.02240	0.01150	0.01113	0.00342	0.01233	0.01119	0.00796	0.01622
18	0.01510	0.01133	0.01699	0.01699	0.01888	0.01322	0.01322	0.01888	0.01699	0.02454	0.02832	0.04154	0.02643	0.07930	0.58652	0.01699	0.02832	0.01133	0.00566	0.00944
19	0.01254	0.01052	0.01091	0.01122	0.01441	0.00888	0.00826	0.01512	0.02361	0.02836	0.10097	0.16712	0.49677	0.02758	0.01262	0.00366	0.00545	0.02329	0.00982	0.00888
20	0.04013	0.02604	0.02907	0.02269	0.03077	0.02796	0.01861	0.35736	0.10727	0.18082	0.03140	0.02962	0.02168	0.01299	0.01061	0.00325	0.01061	0.01008	0.01118	0.01783
21	0.03937	0.02981	0.08276	0.02516	0.03414	0.07486	0.06729	0.23218	0.03655	0.22581	0.02909	0.02839	0.01973	0.01207	0.01063	0.00322	0.01236	0.00977	0.00990	0.01691
22	0.26288	0.13770	0.10614	0.01971	0.02778	0.02717	0.01901	0.12161	0.02599	0.04262	0.02315	0.03388	0.02033	0.01299	0.00898	0.00331	0.01068	0.07562	0.00707	0.01340
23	0.09374	0.13464	0.03179	0.02321	0.06129	0.02698	0.01840	0.11241	0.06442	0.11519	0.02650	0.03348	0.02182	0.01358	0.01272	0.00328	0.08540	0.05137	0.00799	0.06179
24	0.20583	0.08229	0.07014	0.01797	0.02358	0.12357	0.01535	0.02750	0.02222	0.03288	0.03756	0.17122	0.09644	0.01764	0.00983	0.00336	0.01029	0.01397	0.00716	0.01117

[dist]
# distance from previous block
# <min> <max>
0	2

[block]
# block no. 7 follows, 13 sequences, length 10
# corresponding to MSA columns:
# 288-297
name=unknown_H
#
# <colnr> <probs for GDERKNQSTAVLIFYWHMCP>
#	G	D	E	R	K	N	Q	S	T	A	V	L	I	F	Y	W	H	M	C	P
0	0.02634	0.12369	0.03442	0.09543	0.19057	0.02384	0.02156	0.06554	0.02600	0.08119	0.07814	0.03461	0.05576	0.01203	0.00990	0.00291	0.01047	0.01022	0.00711	0.09026
1	0.02460	0.02408	0.09495	0.27669	0.14050	0.02216	0.07831	0.03156	0.02324	0.09782	0.02493	0.07019	0.02013	0.01206	0.01090	0.00347	0.01319	0.01116	0.00624	0.01384
2	0.19677	0.02417	0.03458	0.08530	0.20006	0.02664	0.07803	0.09680	0.02493	0.04032	0.01873	0.02390	0.01496	0.01101	0.01243	0.00342	0.07864	0.00882	0.00617	0.01432
3	0.02918	0.02283	0.03356	0.02614	0.03376	0.02291	0.14450	0.12159	0.15183	0.11237	0.03376	0.09714	0.02754	0.01399	0.01117	0.00335	0.01110	0.01297	0.00913	0.08119
4	0.51438	0.02162	0.02518	0.08351	0.03203	0.02420	0.09958	0.03110	0.01951	0.04292	0.01629	0.02029	0.01251	0.00975	0.00798	0.00335	0.01045	0.00726	0.00614	0.01196
5	0.02210	0.01643	0.02248	0.18074	0.03585	0.01718	0.01745	0.07929	0.02473	0.07706	0.03756	0.16918	0.06813	0.02359	0.06689	0.00469	0.01152	0.01490	0.00786	0.10238
6	0.03467	0.02454	0.02595	0.01985	0.02832	0.07490	0.01604	0.16730	0.03211	0.17191	0.02586	0.02598	0.01863	0.01069	0.00941	0.00252	0.01021	0.00824	0.00899	0.28389
7	0.02522	0.14524	0.37059	0.03180	0.10977	0.02679	0.03272	0.03453	0.02307	0.07650	0.02026	0.02306	0.01492	0.01005	0.00960	0.00313	0.01394	0.00790	0.00529	0.01562
8	0.02836	0.02633	0.04362	0.05537	0.40600	0.02663	0.09573	0.11580	0.02850	0.03985	0.02101	0.02635	0.01686	0.00990	0.01075	0.00320	0.01311	0.00984	0.00615	0.01662
9	0.02794	0.09830	0.15399	0.12712	0.09393	0.02658	0.06989	0.12190	0.02813	0.08176	0.02392	0.03085	0.01869	0.01169	0.01043	0.00330	0.01318	0.03662	0.00678	0.01502

[dist]
# distance from previous block
# <min> <max>
4	23

[block]
# block no. 8 follows, 13 sequences, length 23
# corresponding to MSA columns:
# 321-343
name=unknown_I
#
# <colnr> <probs for GDERKNQSTAVLIFYWHMCP>
#	G	D	E	R	K	N	Q	S	T	A	V	L	I	F	Y	W	H	M	C	P
0	0.12835	0.25923	0.09652	0.01929	0.02746	0.02915	0.01852	0.03620	0.09510	0.09359	0.02360	0.02538	0.01858	0.01751	0.06613	0.00431	0.01236	0.00793	0.00678	0.01402
1	0.03012	0.10496	0.25843	0.02357	0.03427	0.07873	0.02550	0.03731	0.02532	0.17696	0.03282	0.03269	0.06889	0.01244	0.01002	0.00316	0.01271	0.00962	0.00742	0.01506
2	0.10508	0.11448	0.15143	0.10991	0.09065	0.02529	0.02441	0.03744	0.07291	0.13387	0.02448	0.02639	0.01782	0.01087	0.00949	0.00320	0.01172	0.00858	0.00702	0.01496
3	0.02456	0.03538	0.21591	0.07962	0.03757	0.10118	0.02556	0.07990	0.02605	0.03451	0.02645	0.08021	0.02400	0.01417	0.01059	0.00329	0.01321	0.06427	0.00647	0.09711
4	0.07663	0.02579	0.09976	0.07545	0.03107	0.08717	0.01864	0.03082	0.05936	0.07024	0.03118	0.17070	0.02979	0.01595	0.01030	0.00321	0.01065	0.01333	0.00745	0.13251
5	0.03008	0.20011	0.17378	0.02389	0.03325	0.16410	0.02361	0.11785	0.02872	0.03467	0.02453	0.02625	0.05276	0.01162	0.00932	0.00290	0.01390	0.00831	0.00613	0.01420
6	0.02764	0.27389	0.09203	0.02011	0.02886	0.03009	0.01925	0.13793	0.02853	0.03780	0.05518	0.03114	0.02357	0.01198	0.00900	0.00272	0.01081	0.04173	0.00690	0.11086
7	0.02205	0.02541	0.12566	0.29735	0.05117	0.02412	0.02742	0.02866	0.02147	0.05983	0.06087	0.03044	0.02127	0.01321	0.01590	0.00370	0.14331	0.00991	0.00566	0.01261
8	0.02552	0.10050	0.21870	0.02102	0.03004	0.01976	0.02223	0.03186	0.02390	0.15403	0.04147	0.14028	0.09332	0.01676	0.01071	0.00340	0.01066	0.01392	0.00806	0.01387
9	0.03833	0.02630	0.07993	0.02906	0.08723	0.02333	0.08302	0.17518	0.03360	0.26773	0.03065	0.03004	0.02067	0.01184	0.01078	0.00327	0.01172	0.01019	0.00993	0.01720
10	0.02277	0.02431	0.04989	0.16363	0.05417	0.02416	0.35667	0.03027	0.02303	0.03085	0.02217	0.03305	0.01815	0.07941	0.01674	0.00431	0.01615	0.01213	0.00532	0.01282
11	0.01584	0.01612	0.07574	0.01376	0.01880	0.01123	0.01227	0.02003	0.02513	0.06194	0.16125	0.08559	0.39715	0.02333	0.01211	0.00349	0.00667	0.01953	0.00967	0.01036
12	0.02495	0.02873	0.17705	0.16848	0.10788	0.02206	0.02735	0.03308	0.04677	0.11090	0.02710	0.08704	0.02243	0.01365	0.01242	0.00355	0.05426	0.01133	0.00673	0.01424
13	0.03774	0.02314	0.03743	0.02790	0.03675	0.02206	0.17819	0.10476	0.07084	0.29635	0.03333	0.03257	0.02241	0.01181	0.01122	0.00338	0.01208	0.01119	0.01013	0.01671
14	0.01278	0.01072	0.01110	0.01100	0.01445	0.00904	0.00825	0.01571	0.02476	0.03013	0.15803	0.09918	0.50628	0.02619	0.01249	0.00354	0.00531	0.02195	0.01002	0.00904
15	0.02355	0.18573	0.34649	0.03054	0.09135	0.02944	0.03193	0.03218	0.02171	0.03079	0.01757	0.02152	0.01382	0.01055	0.01167	0.00319	0.07092	0.00760	0.00457	0.01486
16	0.03604	0.06844	0.12449	0.09718	0.08947	0.02088	0.02318	0.04209	0.02653	0.31839	0.03088	0.03034	0.02065	0.01160	0.01024	0.00323	0.01129	0.00952	0.00918	0.01638
17	0.03450	0.02771	0.03410	0.02649	0.03464	0.03028	0.09090	0.33740	0.17159	0.05628	0.02930	0.02940	0.02134	0.01257	0.01089	0.00333	0.01169	0.01056	0.00988	0.01714
18	0.01538	0.01025	0.01153	0.01153	0.01153	0.01025	0.00641	0.01538	0.01538	0.02050	0.03331	0.06919	0.03844	0.62842	0.05382	0.01025	0.01025	0.01538	0.00641	0.00641
19	0.02695	0.03694	0.29908	0.02872	0.08655	0.02180	0.02855	0.03858	0.08879	0.14162	0.07250	0.03234	0.02594	0.01210	0.01050	0.00334	0.01222	0.01000	0.00763	0.01585
20	0.10164	0.02080	0.06256	0.01919	0.02776	0.01688	0.01685	0.04850	0.02865	0.48724	0.03780	0.03341	0.02401	0.01259	0.01024	0.00328	0.00940	0.01001	0.01192	0.01727
21	0.04344	0.01711	0.02326	0.01813	0.02561	0.01486	0.01486	0.04764	0.03022	0.50493	0.10507	0.04127	0.03522	0.01414	0.01086	0.00328	0.00850	0.01168	0.01291	0.01701
22	0.02305	0.02854	0.13529	0.24080	0.25476	0.02462	0.07948	0.03091	0.02284	0.03172	0.01949	0.02640	0.01518	0.00988	0.01062	0.00335	0.01413	0.00942	0.00492	0.01460

[dist]
# distance from previous block
# <min> <max>
0	4

[block]
# block no. 9 follows, 13 sequences, length 36
# corresponding to MSA columns:
# 348-383
name=unknown_J
#
# <colnr> <probs for GDERKNQSTAVLIFYWHMCP>
#	G	D	E	R	K	N	Q	S	T	A	V	L	I	F	Y	W	H	M	C	P
0	0.03350	0.02621	0.08111	0.06571	0.07426	0.08096	0.05055	0.03845	0.02540	0.23815	0.02973	0.07064	0.02287	0.01406	0.01415	0.00351	0.09640	0.01107	0.00843	0.01486
1	0.02152	0.01894	0.02529	0.10083	0.03301	0.01695	0.04829	0.02922	0.07194	0.03513	0.07857	0.03097	0.02599	0.01037	0.00929	0.00235	0.00911	0.00902	0.00698	0.41624
2	0.02244	0.01671	0.02015	0.01576	0.02321	0.01308	0.01224	0.02648	0.02236	0.08328	0.02920	0.14856	0.02799	0.01361	0.00928	0.00230	0.00759	0.01165	0.00765	0.48647
3	0.02596	0.01658	0.01996	0.01710	0.02198	0.01672	0.01343	0.10279	0.11306	0.13800	0.31169	0.05774	0.06483	0.01773	0.01162	0.00334	0.00715	0.01516	0.01160	0.01356
4	0.02356	0.02341	0.03387	0.03301	0.10331	0.03136	0.02445	0.02643	0.01731	0.02673	0.01473	0.02356	0.01428	0.01722	0.03127	0.00442	0.52479	0.00928	0.00471	0.01230
5	0.07262	0.11078	0.08737	0.02010	0.02874	0.02315	0.04645	0.09212	0.06334	0.07610	0.02877	0.03009	0.05157	0.01133	0.00910	0.00273	0.00999	0.00900	0.05128	0.17540
6	0.02602	0.02290	0.03227	0.23497	0.17178	0.02596	0.02536	0.10690	0.16758	0.03908	0.02656	0.03037	0.02021	0.01162	0.01060	0.00340	0.01183	0.01011	0.00730	0.01517
7	0.03399	0.15494	0.03583	0.02929	0.09875	0.28620	0.02121	0.10589	0.02992	0.03299	0.02078	0.02812	0.01824	0.01200	0.00965	0.00291	0.01496	0.04433	0.00629	0.01370
8	0.02710	0.02351	0.03191	0.02888	0.11652	0.06151	0.08893	0.03243	0.02420	0.09076	0.02159	0.02482	0.01685	0.00903	0.00934	0.00237	0.01099	0.00816	0.00663	0.36447
9	0.03446	0.22469	0.07700	0.02456	0.06577	0.03129	0.02091	0.17831	0.03124	0.14297	0.02358	0.02440	0.01748	0.01152	0.01071	0.00299	0.04589	0.00834	0.00797	0.01593
10	0.01590	0.01051	0.01367	0.01463	0.01660	0.00965	0.01059	0.01887	0.02366	0.06692	0.16641	0.37535	0.12457	0.02841	0.01307	0.00399	0.00628	0.06090	0.01041	0.00963
11	0.02236	0.02278	0.07082	0.11235	0.18250	0.02273	0.02335	0.03230	0.12079	0.03286	0.06169	0.03801	0.02747	0.09982	0.01935	0.00447	0.07491	0.01126	0.00669	0.01351
12	0.02273	0.01759	0.02099	0.01555	0.02387	0.01361	0.01238	0.02742	0.02366	0.07332	0.09740	0.03108	0.02843	0.01017	0.00869	0.00194	0.00751	0.00841	0.00751	0.54775
13	0.01757	0.01134	0.01419	0.01347	0.01657	0.01014	0.01009	0.02150	0.02731	0.09329	0.33019	0.15151	0.19589	0.02344	0.01242	0.00351	0.00565	0.02041	0.01112	0.01040
14	0.02291	0.08797	0.40679	0.02722	0.03983	0.02482	0.03266	0.07818	0.02513	0.03573	0.02450	0.03592	0.02054	0.01293	0.01051	0.00347	0.01411	0.07613	0.00579	0.01487
15	0.01503	0.01698	0.09206	0.01482	0.01953	0.01169	0.01344	0.02029	0.02693	0.03657	0.33227	0.07850	0.23903	0.02169	0.01214	0.00341	0.00661	0.01858	0.01002	0.01043
16	0.01494	0.01123	0.01416	0.01589	0.01769	0.01101	0.01173	0.02012	0.07071	0.02972	0.06158	0.41005	0.11657	0.02989	0.01335	0.00427	0.00699	0.12058	0.00989	0.00962
17	0.02357	0.02364	0.08162	0.01802	0.02799	0.01697	0.01607	0.07447	0.02458	0.03738	0.01943	0.02229	0.01564	0.00852	0.00832	0.00191	0.00902	0.00674	0.00648	0.55735
18	0.01479	0.01080	0.01389	0.01312	0.01569	0.00990	0.00984	0.01961	0.02951	0.04141	0.52459	0.08061	0.13267	0.02199	0.01247	0.00334	0.00501	0.01935	0.01151	0.00990
19	0.01364	0.00952	0.01205	0.01376	0.01418	0.00909	0.00878	0.01492	0.01877	0.02503	0.05072	0.45429	0.06040	0.21336	0.02570	0.00610	0.00738	0.02561	0.00878	0.00793
20	0.02192	0.01879	0.02192	0.01566	0.02506	0.01409	0.01253	0.02662	0.02192	0.03445	0.01879	0.02192	0.01566	0.00783	0.00783	0.00157	0.00783	0.00626	0.00626	0.69305
21	0.02827	0.63478	0.05540	0.01809	0.02714	0.04184	0.01809	0.03166	0.02148	0.02488	0.01470	0.01696	0.01357	0.00905	0.00678	0.00226	0.01131	0.00565	0.00452	0.01357
22	0.06252	0.05701	0.01758	0.01440	0.01737	0.01512	0.01062	0.05369	0.02110	0.02926	0.04162	0.10033	0.09226	0.28544	0.02963	0.00643	0.00928	0.07528	0.00755	0.05349
23	0.02783	0.20613	0.11241	0.02465	0.07877	0.02634	0.02103	0.06856	0.05903	0.10891	0.03034	0.10581	0.02728	0.01472	0.01001	0.00322	0.01080	0.04211	0.00762	0.01443
24	0.02022	0.01553	0.02298	0.20084	0.03698	0.01798	0.01951	0.02499	0.02246	0.06518	0.08370	0.12670	0.04023	0.01964	0.01517	0.00395	0.09455	0.11132	0.04700	0.01104
25	0.02374	0.02110	0.09624	0.02135	0.02679	0.01704	0.07054	0.09450	0.02423	0.06993	0.03268	0.07775	0.06040	0.02371	0.02191	0.24066	0.01089	0.04852	0.00717	0.01085
26	0.21185	0.02165	0.02603	0.02040	0.02767	0.02243	0.04847	0.10526	0.02653	0.17865	0.02417	0.02532	0.01740	0.01160	0.01176	0.00314	0.07346	0.00842	0.00846	0.12733
27	0.09852	0.02555	0.03415	0.14452	0.04216	0.09175	0.13185	0.10008	0.02657	0.03637	0.02475	0.07668	0.02211	0.01394	0.01250	0.00358	0.05232	0.04309	0.00668	0.01283
28	0.03260	0.07299	0.07592	0.03413	0.16467	0.12041	0.02380	0.22105	0.03448	0.04422	0.02641	0.02850	0.04993	0.01201	0.01020	0.00307	0.01298	0.00946	0.00748	0.01569
29	0.01690	0.01191	0.01553	0.01552	0.01729	0.01286	0.01141	0.05085	0.01993	0.02804	0.03536	0.13052	0.03662	0.19064	0.27464	0.01112	0.01734	0.04123	0.05308	0.00921
30	0.01430	0.01049	0.01341	0.01330	0.01555	0.00960	0.00974	0.01844	0.02745	0.03796	0.41312	0.18570	0.14286	0.02438	0.01267	0.00354	0.00525	0.02156	0.01109	0.00960
31	0.01814	0.01633	0.02424	0.19486	0.03635	0.02032	0.01974	0.02168	0.01927	0.02653	0.03288	0.26098	0.03608	0.02190	0.01910	0.00416	0.19279	0.01751	0.00670	0.01044
32	0.02324	0.01407	0.01714	0.01624	0.01945	0.01408	0.01188	0.03085	0.12245	0.13635	0.07795	0.19172	0.04767	0.17213	0.02240	0.00541	0.00829	0.04713	0.00991	0.01162
33	0.02714	0.02395	0.02308	0.05395	0.02844	0.10226	0.01642	0.07389	0.26570	0.07133	0.04672	0.08458	0.10421	0.01653	0.01099	0.00346	0.00990	0.01357	0.00958	0.01429
34	0.01534	0.01040	0.01230	0.01230	0.01257	0.01067	0.00737	0.01587	0.01560	0.02107	0.03261	0.06528	0.03674	0.55083	0.12908	0.01120	0.01280	0.01480	0.00630	0.00684
35	0.02738	0.51749	0.05264	0.02088	0.02878	0.03971	0.04683	0.03093	0.02095	0.02545	0.01496	0.01845	0.01375	0.01033	0.01092	0.00266	0.09345	0.00652	0.00458	0.01333

[dist]
# distance from previous block
# <min> <max>
0	1

[block]
# block no. 10 follows, 13 sequences, length 8
# corresponding to MSA columns:
# 385-392
name=unknown_K
#
# <colnr> <probs for GDERKNQSTAVLIFYWHMCP>
#	G	D	E	R	K	N	Q	S	T	A	V	L	I	F	Y	W	H	M	C	P
0	0.10184	0.04319	0.28102	0.02617	0.03708	0.11838	0.02779	0.12993	0.06649	0.04081	0.02106	0.02307	0.01547	0.01098	0.00974	0.00322	0.01410	0.00805	0.00647	0.01515
1	0.02958	0.38530	0.10504	0.02620	0.08996	0.10094	0.02240	0.07458	0.02521	0.03049	0.01682	0.01952	0.01428	0.00972	0.00819	0.00261	0.01285	0.00676	0.00521	0.01436
2	0.02262	0.02101	0.03116	0.02226	0.03195	0.01698	0.12934	0.02828	0.02262	0.03432	0.01939	0.02343	0.01575	0.00808	0.00889	0.00202	0.01011	0.00768	0.00605	0.53805
3	0.08107	0.02228	0.08301	0.01953	0.02653	0.01911	0.01716	0.08641	0.11383	0.20931	0.10545	0.10024	0.03820	0.01592	0.01082	0.00344	0.00899	0.01324	0.01048	0.01498
4	0.03076	0.12042	0.13964	0.02831	0.09474	0.02526	0.05219	0.07996	0.08464	0.15875	0.02924	0.06169	0.02260	0.01247	0.01020	0.00322	0.01154	0.01046	0.00811	0.01583
5	0.02652	0.49089	0.18395	0.02108	0.03176	0.03755	0.02329	0.03211	0.02169	0.02701	0.01576	0.01829	0.01353	0.00929	0.00759	0.00253	0.01238	0.00619	0.00451	0.01408
6	0.01830	0.01260	0.01632	0.01518	0.01786	0.01258	0.01161	0.02212	0.02625	0.08698	0.31085	0.14567	0.15128	0.02282	0.01484	0.00363	0.07083	0.01922	0.01049	0.01057
7	0.03110	0.20255	0.14298	0.07661	0.03494	0.02548	0.02193	0.03697	0.02431	0.19198	0.02455	0.02541	0.01762	0.01047	0.00908	0.00282	0.01133	0.00801	0.00731	0.09454

[dist]
# distance from previous block
# <min> <max>
9	16

[block]
# block no. 11 follows, 13 sequences, length 18
# corresponding to MSA columns:
# 409-426
name=unknown_L
#
# <colnr> <probs for GDERKNQSTAVLIFYWHMCP>
#	G	D	E	R	K	N	Q	S	T	A	V	L	I	F	Y	W	H	M	C	P
0	0.01877	0.01606	0.02288	0.15858	0.08656	0.01567	0.01786	0.02382	0.02347	0.03257	0.11841	0.10075	0.08317	0.01650	0.01096	0.00316	0.00914	0.05507	0.00756	0.17906
1	0.02582	0.03064	0.17106	0.02984	0.07897	0.02563	0.05222	0.07615	0.06323	0.07783	0.02535	0.07697	0.02164	0.01502	0.01742	0.00377	0.17606	0.01118	0.00679	0.01442
2	0.08186	0.02232	0.02839	0.22006	0.13674	0.06973	0.02271	0.06667	0.06959	0.03440	0.02739	0.12242	0.02516	0.01444	0.01061	0.00347	0.01177	0.01243	0.00680	0.01304
3	0.02645	0.01449	0.02132	0.01848	0.02324	0.01306	0.05607	0.03049	0.02634	0.21757	0.13716	0.19856	0.09343	0.02142	0.01225	0.00370	0.00813	0.05431	0.01086	0.01266
4	0.02195	0.01424	0.02017	0.06452	0.07122	0.01346	0.01521	0.02626	0.02523	0.12218	0.16856	0.19540	0.05587	0.02076	0.01194	0.00356	0.00799	0.06498	0.00972	0.06678
5	0.13528	0.03368	0.17728	0.02993	0.04006	0.07063	0.19584	0.03406	0.02394	0.07750	0.02714	0.03023	0.05477	0.01115	0.01050	0.00337	0.01420	0.01028	0.00626	0.01390
6	0.03285	0.02730	0.02898	0.07339	0.08453	0.16076	0.02072	0.03669	0.02469	0.16068	0.02401	0.02735	0.01824	0.01325	0.01600	0.00341	0.15991	0.00907	0.06448	0.01369
7	0.13819	0.01913	0.02220	0.01871	0.02472	0.02004	0.01530	0.15773	0.03059	0.18338	0.07760	0.04175	0.03110	0.02518	0.10318	0.00559	0.01235	0.04922	0.00983	0.01421
8	0.01667	0.01463	0.02498	0.02154	0.02526	0.01370	0.13553	0.02089	0.02315	0.03103	0.12949	0.25882	0.09983	0.07642	0.01660	0.00447	0.00939	0.05878	0.00871	0.01012
9	0.01428	0.01021	0.01343	0.01433	0.01587	0.00959	0.01030	0.01762	0.02447	0.03362	0.27081	0.31245	0.08009	0.06335	0.01555	0.00428	0.00620	0.06400	0.01039	0.00915
10	0.02617	0.02512	0.04292	0.06490	0.56246	0.02512	0.03245	0.03245	0.02407	0.03454	0.01989	0.02617	0.01675	0.00942	0.01047	0.00314	0.01256	0.00942	0.00523	0.01675
11	0.19178	0.02276	0.02362	0.01810	0.02650	0.02258	0.01477	0.19282	0.03015	0.04819	0.01999	0.02192	0.01541	0.00991	0.00843	0.00251	0.00917	0.00721	0.00775	0.30644
12	0.01550	0.01063	0.01302	0.01327	0.01384	0.01095	0.00864	0.01663	0.01655	0.02231	0.03472	0.06943	0.03861	0.47383	0.14174	0.01087	0.01331	0.06227	0.00661	0.00726
13	0.03342	0.02360	0.02892	0.02860	0.11228	0.02515	0.02016	0.20665	0.16181	0.13348	0.03456	0.04007	0.02692	0.01430	0.01102	0.00346	0.01036	0.05846	0.01011	0.01666
14	0.01747	0.01543	0.02154	0.01824	0.02223	0.01533	0.05716	0.02150	0.02379	0.03300	0.18651	0.10864	0.17404	0.02008	0.01542	0.00342	0.10401	0.01665	0.00852	0.11704
15	0.02912	0.13161	0.12650	0.10870	0.03714	0.12242	0.02321	0.03461	0.02459	0.11359	0.06616	0.02874	0.02289	0.01241	0.01229	0.00320	0.07350	0.00906	0.00665	0.01362
16	0.08676	0.08855	0.02736	0.02339	0.07248	0.15684	0.01700	0.11285	0.07056	0.03805	0.03616	0.03707	0.10476	0.01374	0.00964	0.00302	0.01129	0.01044	0.06679	0.01325
17	0.13669	0.12603	0.13050	0.02147	0.03034	0.02771	0.02064	0.19483	0.03100	0.09035	0.02510	0.07505	0.02064	0.01299	0.00951	0.00318	0.01107	0.00988	0.00801	0.01501

[dist]
# distance from previous block
# <min> <max>
0	11

[block]
# block no. 12 follows, 13 sequences, length 9
# corresponding to MSA columns:
# 438-446
name=unknown_M
#
# <colnr> <probs for GDERKNQSTAVLIFYWHMCP>
#	G	D	E	R	K	N	Q	S	T	A	V	L	I	F	Y	W	H	M	C	P
0	0.02212	0.21378	0.16394	0.02551	0.06723	0.02558	0.06764	0.02801	0.02191	0.02950	0.02721	0.16284	0.02740	0.01489	0.00997	0.00313	0.01154	0.01283	0.00600	0.05898
1	0.02355	0.02308	0.04112	0.27478	0.30057	0.02470	0.09754	0.03049	0.02303	0.03148	0.01966	0.02728	0.01560	0.00981	0.01078	0.00335	0.01388	0.00982	0.00504	0.01444
2	0.01449	0.01039	0.01194	0.01212	0.01320	0.01012	0.00772	0.01563	0.01795	0.02328	0.05203	0.11420	0.16212	0.38805	0.09470	0.00892	0.01061	0.01767	0.00738	0.00746
3	0.01493	0.01099	0.01426	0.01519	0.01753	0.01032	0.01201	0.01899	0.02555	0.03406	0.23536	0.18367	0.15588	0.02686	0.01336	0.00404	0.00683	0.18026	0.01041	0.00950
4	0.04627	0.01987	0.02570	0.01970	0.02793	0.01832	0.01627	0.12821	0.03340	0.48867	0.03908	0.03428	0.02485	0.01302	0.01062	0.00326	0.00942	0.01045	0.01268	0.01799
5	0.01336	0.00951	0.01262	0.01457	0.01524	0.00919	0.00975	0.01517	0.01941	0.02605	0.05278	0.50748	0.06248	0.10340	0.07008	0.00611	0.00861	0.02673	0.00906	0.00842
6	0.01452	0.01039	0.01410	0.01622	0.01765	0.00996	0.01232	0.01773	0.02263	0.03014	0.10762	0.39378	0.06980	0.03062	0.01377	0.00439	0.00726	0.18800	0.00997	0.00912
7	0.01618	0.01238	0.01535	0.01500	0.01791	0.01171	0.01094	0.02272	0.08243	0.03598	0.25550	0.27209	0.07213	0.02366	0.01217	0.00353	0.00610	0.02106	0.01028	0.08289
8	0.02093	0.01794	0.02236	0.09146	0.03026	0.01487	0.01444	0.02596	0.02268	0.03434	0.07605	0.02881	0.02441	0.00965	0.00868	0.00201	0.00834	0.00804	0.00663	0.53215

[dist]
# distance from previous block
# <min> <max>
4	30

[block]
# block no. 13 follows, 13 sequences, length 19
# corresponding to MSA columns:
# 484-502
name=unknown_N
#
# <colnr> <probs for GDERKNQSTAVLIFYWHMCP>
#	G	D	E	R	K	N	Q	S	T	A	V	L	I	F	Y	W	H	M	C	P
0	0.12657	0.09707	0.17278	0.08676	0.04052	0.02446	0.14258	0.02966	0.02177	0.03318	0.02401	0.10857	0.02189	0.01298	0.01027	0.00342	0.01301	0.01170	0.00579	0.01303
