[name]
unknown

[dist]
# distance from previous block
# <min> <max>
0	50

[block]
# block no. 0 follows, 11 sequences, length 46
# corresponding to MSA columns:
# 50-95
name=unknown_A
#
# <colnr> <probs for GDERKNQSTAVLIFYWHMCP>
#	G	D	E	R	K	N	Q	S	T	A	V	L	I	F	Y	W	H	M	C	P
0	0.03112	0.02020	0.02344	0.02104	0.02697	0.02152	0.01650	0.05012	0.29223	0.16956	0.04857	0.12290	0.04018	0.01870	0.01208	0.00392	0.00884	0.04374	0.01187	0.01648
1	0.03100	0.15714	0.03499	0.02285	0.03017	0.11603	0.01890	0.08427	0.15853	0.03816	0.02577	0.02716	0.02065	0.01246	0.01193	0.00304	0.06066	0.00884	0.00769	0.12976
2	0.02225	0.01695	0.02136	0.01953	0.02342	0.01903	0.01536	0.10820	0.09090	0.03926	0.10019	0.04642	0.03813	0.05461	0.31766	0.01167	0.02087	0.01295	0.00852	0.01272
3	0.02607	0.01480	0.01872	0.01810	0.02190	0.01440	0.01336	0.03385	0.10989	0.16970	0.05449	0.35074	0.05498	0.02607	0.01304	0.00415	0.00776	0.02310	0.01156	0.01334
4	0.02412	0.02257	0.03625	0.35244	0.20815	0.02592	0.03048	0.03455	0.08774	0.03356	0.02373	0.03093	0.01838	0.01141	0.01125	0.00364	0.01372	0.01037	0.00602	0.01479
5	0.03326	0.05846	0.08942	0.02348	0.03094	0.11004	0.04360	0.08041	0.03083	0.16561	0.09863	0.11399	0.03866	0.01680	0.01162	0.00350	0.01208	0.01404	0.00969	0.01491
6	0.01647	0.01202	0.01505	0.01493	0.01686	0.01149	0.01009	0.01846	0.01921	0.02672	0.04050	0.22095	0.04555	0.25824	0.12534	0.00896	0.01259	0.01904	0.00777	0.09978
7	0.07529	0.01511	0.01817	0.09171	0.02688	0.01536	0.01383	0.02971	0.05770	0.10425	0.13538	0.06139	0.16264	0.01835	0.01119	0.00348	0.00779	0.01525	0.12424	0.01228
8	0.02531	0.24611	0.30406	0.02548	0.03876	0.03103	0.02990	0.03396	0.02339	0.03259	0.01858	0.02171	0.01465	0.01000	0.00916	0.00290	0.01389	0.00729	0.00504	0.10621
9	0.03751	0.03070	0.03204	0.19091	0.04659	0.14205	0.02359	0.18207	0.03566	0.13070	0.02586	0.02842	0.01841	0.01249	0.01103	0.00340	0.01439	0.00968	0.00867	0.01584
10	0.02789	0.01820	0.02321	0.09559	0.03156	0.01918	0.01694	0.04136	0.17741	0.15201	0.20578	0.05383	0.05467	0.01705	0.01201	0.00364	0.00867	0.01463	0.01142	0.01493
11	0.03963	0.01941	0.02657	0.02109	0.02856	0.01839	0.05407	0.04919	0.11145	0.33060	0.04155	0.03892	0.02825	0.01365	0.01090	0.00342	0.00948	0.01157	0.12621	0.01710
12	0.11851	0.30591	0.08350	0.02013	0.02828	0.10177	0.01901	0.03309	0.02518	0.03394	0.10527	0.03033	0.03005	0.01241	0.00892	0.00291	0.01188	0.00887	0.00655	0.01347
13	0.01618	0.01155	0.01493	0.01446	0.01674	0.01086	0.01074	0.02075	0.02922	0.04095	0.42054	0.08630	0.09369	0.10369	0.01952	0.00469	0.00651	0.05715	0.01145	0.01008
14	0.02825	0.12253	0.02991	0.01758	0.02734	0.02034	0.01481	0.03292	0.02448	0.10443	0.02261	0.02448	0.01782	0.00933	0.00855	0.00205	0.00915	0.00720	0.00735	0.46888
15	0.03205	0.01801	0.02427	0.11652	0.03454	0.01845	0.01825	0.04159	0.11671	0.22939	0.04483	0.15177	0.03825	0.01896	0.01220	0.00391	0.00986	0.04418	0.01102	0.01524
16	0.02918	0.07584	0.12931	0.02786	0.03797	0.02417	0.12491	0.03980	0.08938	0.12378	0.02874	0.03127	0.02134	0.01718	0.05557	0.00446	0.01450	0.01039	0.00780	0.10654
17	0.01364	0.01007	0.01277	0.01493	0.01613	0.00920	0.01012	0.01576	0.02226	0.02902	0.07106	0.51224	0.15347	0.03409	0.01418	0.00444	0.00639	0.03057	0.01045	0.00920
18	0.02800	0.02151	0.07053	0.18909	0.04456	0.01937	0.06589	0.03472	0.02801	0.16724	0.16303	0.04621	0.04295	0.01489	0.01196	0.00361	0.01150	0.01329	0.00934	0.01430
19	0.03077	0.02510	0.03377	0.33362	0.05868	0.02938	0.02690	0.23560	0.03595	0.04740	0.02311	0.02869	0.01683	0.01225	0.01126	0.00359	0.01385	0.01006	0.00777	0.01544
20	0.02138	0.01836	0.03008	0.19232	0.04185	0.02212	0.06528	0.02437	0.01917	0.02640	0.02033	0.03179	0.01802	0.02956	0.09713	0.17515	0.14060	0.01049	0.00515	0.01046
21	0.01571	0.01186	0.01645	0.11232	0.02590	0.01235	0.01312	0.01812	0.02038	0.02695	0.04788	0.36353	0.05547	0.17802	0.02490	0.00607	0.00913	0.02414	0.00857	0.00913
22	0.09826	0.02170	0.03382	0.14829	0.08570	0.02162	0.08325	0.04296	0.02759	0.27543	0.03161	0.03271	0.02134	0.01211	0.01114	0.00357	0.01223	0.01069	0.00955	0.01643
23	0.07032	0.01526	0.02249	0.26390	0.04381	0.01743	0.01978	0.02284	0.02178	0.03047	0.03977	0.30042	0.04322	0.02268	0.01240	0.00412	0.01045	0.02022	0.00776	0.01087
24	0.01752	0.11573	0.02162	0.01573	0.01982	0.01643	0.01313	0.02099	0.02470	0.03035	0.07609	0.16141	0.26065	0.02678	0.01297	0.00402	0.00811	0.13397	0.00945	0.01054
25	0.13717	0.02119	0.03233	0.41322	0.12760	0.02528	0.02838	0.03027	0.02233	0.03358	0.01941	0.02769	0.01488	0.01095	0.01049	0.00365	0.01370	0.00933	0.00542	0.01315
26	0.03500	0.33536	0.13320	0.02171	0.03227	0.03283	0.02229	0.04048	0.02587	0.18502	0.02519	0.02521	0.01850	0.01112	0.00907	0.00293	0.01208	0.00803	0.00758	0.01626
27	0.01364	0.01007	0.01277	0.01493	0.01613	0.00920	0.01012	0.01576	0.02226	0.02902	0.07106	0.51224	0.15347	0.03409	0.01418	0.00444	0.00639	0.03057	0.01045	0.00920
28	0.03009	0.61122	0.05898	0.01926	0.02889	0.04454	0.01926	0.03370	0.02287	0.02648	0.01565	0.01805	0.01444	0.00963	0.00722	0.00241	0.01204	0.00602	0.00481	0.01444
29	0.02821	0.18448	0.35862	0.02737	0.04125	0.02920	0.03282	0.03782	0.02471	0.10313	0.02245	0.02441	0.01617	0.01089	0.00995	0.00328	0.01457	0.00818	0.00603	0.01646
30	0.03066	0.02392	0.03758	0.14241	0.30144	0.02484	0.02866	0.04037	0.09012	0.12445	0.02823	0.03189	0.02124	0.01160	0.01123	0.00350	0.01241	0.01060	0.00769	0.01714
31	0.04074	0.02495	0.03498	0.02643	0.03522	0.02477	0.10060	0.20873	0.03870	0.24328	0.07375	0.03657	0.02921	0.01375	0.01180	0.00350	0.01188	0.01197	0.01141	0.01776
32	0.06311	0.02367	0.03257	0.12217	0.03997	0.05901	0.08277	0.03721	0.09154	0.10078	0.05267	0.03473	0.02527	0.02073	0.06683	0.00518	0.10861	0.01129	0.00776	0.01412
33	0.09284	0.02187	0.02879	0.16951	0.04233	0.02289	0.02101	0.12744	0.03237	0.27826	0.03235	0.03238	0.02155	0.01285	0.01094	0.00353	0.01147	0.01032	0.01049	0.01681
34	0.02069	0.01188	0.01586	0.01602	0.01861	0.01082	0.01155	0.02397	0.02617	0.12225	0.18413	0.36238	0.07488	0.02827	0.01354	0.00411	0.00673	0.02528	0.01157	0.01128
35	0.02962	0.02687	0.04243	0.03239	0.03937	0.02928	0.18087	0.17230	0.03328	0.04596	0.09187	0.03548	0.02946	0.01480	0.01783	0.00388	0.13847	0.01255	0.00814	0.01513
36	0.02674	0.17926	0.04076	0.24066	0.04981	0.02895	0.06721	0.03492	0.06456	0.07537	0.06368	0.03281	0.02497	0.01214	0.01054	0.00336	0.01285	0.01040	0.00689	0.01412
37	0.11948	0.03970	0.27270	0.03389	0.10601	0.02465	0.07447	0.03852	0.02510	0.12579	0.02415	0.02669	0.01707	0.01102	0.01059	0.00353	0.01411	0.00922	0.00685	0.01648
38	0.01897	0.01163	0.01433	0.01396	0.01688	0.01066	0.01034	0.02321	0.02761	0.08177	0.25540	0.17718	0.13543	0.02365	0.01239	0.00361	0.00595	0.02061	0.12552	0.01089
39	0.02543	0.18631	0.28981	0.03367	0.10810	0.03186	0.03287	0.03389	0.02294	0.03241	0.01850	0.02303	0.01486	0.01152	0.01333	0.00343	0.08926	0.00818	0.00490	0.01569
40	0.08176	0.03188	0.14410	0.10270	0.04266	0.02693	0.06348	0.10294	0.15886	0.08675	0.02982	0.03126	0.02159	0.01252	0.01101	0.00364	0.01275	0.01045	0.00846	0.01645
41	0.02618	0.12806	0.10483	0.03147	0.10090	0.02775	0.05433	0.03134	0.02285	0.07419	0.02776	0.12474	0.02669	0.01700	0.01719	0.00384	0.14671	0.01320	0.00675	0.01422
42	0.02212	0.01467	0.01710	0.01564	0.01933	0.01485	0.01230	0.10216	0.03235	0.04742	0.25453	0.06603	0.06478	0.01923	0.01154	0.00339	0.00694	0.05664	0.20701	0.01198
43	0.02928	0.03461	0.21136	0.08252	0.14960	0.02363	0.03027	0.07382	0.02770	0.12544	0.02906	0.08153	0.02348	0.01368	0.01134	0.00360	0.01327	0.01172	0.00761	0.01648
44	0.02581	0.02861	0.10599	0.17062	0.11381	0.02518	0.07061	0.07324	0.09039	0.03866	0.02439	0.02906	0.01863	0.01105	0.01087	0.00329	0.01321	0.00987	0.00675	0.12998
45	0.02282	0.01916	0.03101	0.10386	0.07590	0.02038	0.10006	0.02850	0.04634	0.05696	0.03211	0.07888	0.03134	0.19501	0.02825	0.00613	0.06148	0.04272	0.00713	0.01196

[dist]
# distance from previous block
# <min> <max>
0	46

[block]
# block no. 1 follows, 11 sequences, length 51
# corresponding to MSA columns:
# 142-192
name=unknown_B
#
# <colnr> <probs for GDERKNQSTAVLIFYWHMCP>
#	G	D	E	R	K	N	Q	S	T	A	V	L	I	F	Y	W	H	M	C	P
0	0.08635	0.02795	0.08469	0.03214	0.13234	0.02498	0.02355	0.14589	0.06295	0.21824	0.03139	0.03097	0.02177	0.01255	0.01090	0.00346	0.01158	0.01019	0.01006	0.01804
1	0.08150	0.02970	0.15855	0.03199	0.13261	0.02086	0.02547	0.04035	0.02672	0.22531	0.03342	0.08883	0.02611	0.01429	0.01112	0.00359	0.01173	0.01206	0.00909	0.01671
2	0.03615	0.10828	0.11583	0.02867	0.08786	0.08169	0.02379	0.11584	0.03144	0.15985	0.02627	0.02706	0.01897	0.01157	0.01024	0.00308	0.01286	0.00894	0.00840	0.08322
3	0.03283	0.03512	0.20826	0.08162	0.04436	0.02381	0.08486	0.08636	0.02926	0.18032	0.02794	0.02954	0.01912	0.01164	0.01115	0.00345	0.01384	0.01000	0.00823	0.05830
4	0.03444	0.02688	0.12975	0.08998	0.03752	0.01967	0.02269	0.06804	0.02864	0.24817	0.03521	0.09262	0.02705	0.01472	0.01124	0.00348	0.01138	0.01229	0.00981	0.07643
5	0.03079	0.02046	0.02352	0.02346	0.07053	0.07063	0.01635	0.06208	0.02761	0.16758	0.03870	0.15966	0.03489	0.02493	0.06800	0.00496	0.01212	0.01504	0.07316	0.05553
6	0.02685	0.09744	0.13598	0.02174	0.03092	0.06978	0.02115	0.03317	0.02631	0.08394	0.08773	0.04209	0.03268	0.01395	0.01050	0.00303	0.01154	0.05578	0.00776	0.18765
7	0.08910	0.03041	0.19175	0.08474	0.09790	0.02173	0.02690	0.02904	0.02138	0.03325	0.02335	0.03157	0.01947	0.03676	0.20498	0.00869	0.02004	0.00979	0.00556	0.01357
8	0.02885	0.23399	0.09472	0.19812	0.10416	0.03121	0.02663	0.03505	0.02431	0.09216	0.02159	0.02591	0.01662	0.01081	0.00976	0.00318	0.01327	0.00858	0.00606	0.01503
9	0.01435	0.01110	0.01308	0.01332	0.01603	0.00983	0.00971	0.01790	0.02704	0.03541	0.25362	0.20369	0.27860	0.02795	0.01352	0.00387	0.00574	0.02427	0.01116	0.00983
10	0.02325	0.11403	0.44200	0.08559	0.04947	0.02801	0.03814	0.03474	0.02354	0.03396	0.01969	0.02378	0.01435	0.01063	0.01038	0.00346	0.01597	0.00824	0.00478	0.01598
11	0.09512	0.15289	0.04022	0.03714	0.19750	0.03172	0.02374	0.16772	0.03210	0.04532	0.02372	0.06036	0.02049	0.01258	0.01013	0.00324	0.01192	0.01019	0.00751	0.01639
12	0.03883	0.09436	0.03592	0.02540	0.03290	0.07859	0.06249	0.09453	0.08075	0.22198	0.03116	0.03100	0.02217	0.01360	0.01404	0.00353	0.08201	0.01033	0.00970	0.01668
13	0.01863	0.01417	0.01816	0.01836	0.02053	0.01542	0.01434	0.02541	0.07506	0.03607	0.14437	0.21229	0.06271	0.02575	0.01620	0.00426	0.07761	0.11321	0.07633	0.01111
14	0.03359	0.02636	0.03469	0.10398	0.22257	0.07588	0.02566	0.04430	0.12105	0.15073	0.03063	0.03244	0.02261	0.01221	0.01116	0.00347	0.01252	0.01057	0.00854	0.01705
15	0.02236	0.08683	0.13781	0.29298	0.11298	0.02569	0.03025	0.02989	0.02305	0.03083	0.02427	0.08849	0.02154	0.01343	0.01106	0.00362	0.01393	0.01164	0.00559	0.01378
16	0.01820	0.01081	0.01410	0.01555	0.01723	0.01003	0.01078	0.02075	0.02284	0.08183	0.05753	0.48096	0.06483	0.03073	0.01336	0.00425	0.00670	0.02760	0.08162	0.01030
17	0.01499	0.01159	0.01573	0.08329	0.02372	0.01140	0.01275	0.01838	0.02417	0.03205	0.15169	0.36349	0.13663	0.02909	0.01363	0.00417	0.00722	0.02598	0.01015	0.00988
18	0.20591	0.02733	0.08527	0.03139	0.13071	0.02565	0.02307	0.08010	0.02671	0.15473	0.02459	0.02677	0.01796	0.01251	0.01302	0.00362	0.07741	0.00909	0.00815	0.01599
19	0.01390	0.01040	0.01329	0.01505	0.01652	0.00979	0.01047	0.01628	0.02202	0.02878	0.06933	0.43007	0.16523	0.03951	0.07710	0.00597	0.00908	0.02795	0.00994	0.00932
20	0.09439	0.02325	0.02783	0.02149	0.03017	0.02297	0.01775	0.19254	0.03779	0.35758	0.03682	0.03329	0.02397	0.01354	0.01098	0.00345	0.01040	0.01056	0.01258	0.01864
21	0.03133	0.48623	0.11181	0.02082	0.03116	0.03952	0.02156	0.03611	0.02394	0.08079	0.01914	0.02081	0.01581	0.01020	0.00805	0.00265	0.01231	0.00683	0.00575	0.01518
22	0.02598	0.05346	0.48272	0.03061	0.04628	0.02497	0.03853	0.03799	0.02479	0.09739	0.02315	0.02554	0.01592	0.01109	0.01077	0.00355	0.01577	0.00868	0.00587	0.01694
23	0.02705	0.02592	0.04423	0.13107	0.47854	0.02653	0.03414	0.03384	0.02525	0.03579	0.02103	0.02812	0.01748	0.01018	0.01116	0.00339	0.01357	0.01003	0.00550	0.01718
24	0.01720	0.01253	0.01502	0.01449	0.01747	0.01213	0.01081	0.02464	0.07905	0.04171	0.33261	0.12749	0.13625	0.02296	0.01261	0.00360	0.00584	0.02002	0.08250	0.01108
25	0.18119	0.03351	0.02843	0.02835	0.09108	0.21588	0.01977	0.04450	0.07238	0.14277	0.02570	0.02651	0.01900	0.01198	0.00994	0.00329	0.01364	0.00868	0.00824	0.01515
26	0.01349	0.01069	0.01214	0.01331	0.01570	0.00934	0.00940	0.01594	0.02382	0.02966	0.09084	0.32627	0.32668	0.03152	0.01378	0.00414	0.00607	0.02743	0.01045	0.00934
27	0.04961	0.02058	0.02700	0.02070	0.02944	0.01866	0.01710	0.10585	0.03460	0.48766	0.04240	0.03701	0.02685	0.01388	0.01131	0.00347	0.00990	0.01118	0.01362	0.01915
28	0.03554	0.03366	0.04536	0.03476	0.04366	0.16568	0.22846	0.04443	0.07612	0.13562	0.02789	0.03042	0.02021	0.01149	0.01189	0.00350	0.01648	0.01125	0.00792	0.01566
29	0.03132	0.02675	0.05392	0.09851	0.05414	0.02544	0.33736	0.03945	0.02738	0.14790	0.02729	0.03209	0.01925	0.01067	0.01263	0.00372	0.01645	0.01249	0.00745	0.01578
30	0.02335	0.01474	0.01688	0.01557	0.02058	0.01358	0.01234	0.03029	0.08659	0.13948	0.08556	0.08756	0.31660	0.02412	0.01289	0.00388	0.00738	0.06472	0.01129	0.01262
31	0.01608	0.01206	0.01809	0.01809	0.02010	0.01407	0.01407	0.02010	0.01809	0.02613	0.03015	0.04422	0.02814	0.08441	0.55984	0.01809	0.03015	0.01206	0.00603	0.01005
32	0.03009	0.61122	0.05898	0.01926	0.02889	0.04454	0.01926	0.03370	0.02287	0.02648	0.01565	0.01805	0.01444	0.00963	0.00722	0.00241	0.01204	0.00602	0.00481	0.01444
33	0.02039	0.01188	0.01517	0.01498	0.01687	0.01185	0.01041	0.02272	0.02049	0.08969	0.04110	0.16900	0.04236	0.24245	0.14413	0.00935	0.01333	0.01749	0.07646	0.00987
34	0.01575	0.01186	0.01481	0.01509	0.01806	0.01091	0.01200	0.02032	0.02851	0.03787	0.28552	0.10235	0.21743	0.02672	0.01388	0.00405	0.00675	0.13659	0.01130	0.01023
35	0.03009	0.61122	0.05898	0.01926	0.02889	0.04454	0.01926	0.03370	0.02287	0.02648	0.01565	0.01805	0.01444	0.00963	0.00722	0.00241	0.01204	0.00602	0.00481	0.01444
36	0.02996	0.10275	0.10170	0.09547	0.18477	0.06697	0.13072	0.03714	0.02612	0.08465	0.02269	0.02747	0.01736	0.01056	0.01104	0.00337	0.01507	0.00999	0.00622	0.01598
37	0.02424	0.02409	0.03439	0.09278	0.03509	0.03338	0.02539	0.02728	0.01785	0.02728	0.01538	0.02525	0.01480	0.01872	0.03397	0.00479	0.51819	0.00987	0.00493	0.01233
38	0.01330	0.01140	0.01140	0.01140	0.01520	0.00950	0.00855	0.01615	0.02565	0.03041	0.11402	0.10832	0.52967	0.02850	0.01330	0.00380	0.00570	0.02375	0.01045	0.00950
39	0.03009	0.03158	0.03270	0.14802	0.04397	0.16714	0.06517	0.04694	0.23517	0.03693	0.03059	0.03260	0.02332	0.01290	0.01123	0.00356	0.01416	0.01074	0.00803	0.01516
40	0.02665	0.02585	0.04602	0.23127	0.20924	0.02735	0.15293	0.07514	0.02731	0.03699	0.02173	0.02917	0.01680	0.01062	0.01175	0.00360	0.01531	0.01089	0.00593	0.01545
41	0.01386	0.00991	0.01319	0.01557	0.01636	0.00924	0.01046	0.01604	0.02223	0.02982	0.09295	0.56309	0.07655	0.03445	0.01429	0.00450	0.00645	0.03122	0.01058	0.00924
42	0.03009	0.61122	0.05898	0.01926	0.02889	0.04454	0.01926	0.03370	0.02287	0.02648	0.01565	0.01805	0.01444	0.00963	0.00722	0.00241	0.01204	0.00602	0.00481	0.01444
43	0.02887	0.02896	0.08516	0.15780	0.26502	0.02798	0.03079	0.12309	0.06571	0.04228	0.02376	0.02880	0.01838	0.01138	0.01117	0.00349	0.01349	0.01008	0.00689	0.01688
44	0.03009	0.61122	0.05898	0.01926	0.02889	0.04454	0.01926	0.03370	0.02287	0.02648	0.01565	0.01805	0.01444	0.00963	0.00722	0.00241	0.01204	0.00602	0.00481	0.01444
45	0.01441	0.00986	0.01281	0.01517	0.01601	0.00927	0.01020	0.01669	0.02175	0.03001	0.05959	0.54353	0.07004	0.03312	0.01374	0.00438	0.00641	0.02992	0.07380	0.00927
46	0.02770	0.02381	0.04257	0.26372	0.19496	0.02514	0.12130	0.03498	0.02536	0.09501	0.02385	0.03049	0.01777	0.01089	0.01163	0.00361	0.01467	0.01082	0.00638	0.01532
47	0.03469	0.02554	0.03590	0.02806	0.03603	0.07110	0.14210	0.04648	0.13789	0.19821	0.08877	0.04033	0.03370	0.01383	0.01197	0.00359	0.01242	0.01275	0.01030	0.01633
48	0.01543	0.01052	0.01255	0.01348	0.01371	0.01028	0.00811	0.01612	0.01820	0.02427	0.04488	0.25911	0.05280	0.40279	0.04208	0.00867	0.00936	0.02190	0.00811	0.00764
49	0.02681	0.36985	0.27160	0.02485	0.03754	0.03651	0.02900	0.03455	0.02326	0.03048	0.01763	0.02055	0.01436	0.01009	0.00874	0.00291	0.01404	0.00702	0.00479	0.01540
50	0.08190	0.08651	0.03556	0.09456	0.07116	0.02618	0.06829	0.09409	0.07981	0.16598	0.03160	0.03681	0.02393	0.01335	0.01101	0.00355	0.01194	0.03844	0.00918	0.01615

[dist]
# distance from previous block
# <min> <max>
6	21

[block]
# block no. 2 follows, 11 sequences, length 10
# corresponding to MSA columns:
# 214-223
name=unknown_C
#
# <colnr> <probs for GDERKNQSTAVLIFYWHMCP>
#	G	D	E	R	K	N	Q	S	T	A	V	L	I	F	Y	W	H	M	C	P
0	0.45785	0.12235	0.02625	0.01820	0.02537	0.12917	0.01513	0.03542	0.02216	0.04231	0.01599	0.01863	0.01299	0.01053	0.00761	0.00320	0.01143	0.00630	0.00640	0.01271
1	0.02143	0.01245	0.01620	0.01671	0.01980	0.01133	0.01273	0.02461	0.02511	0.12688	0.06736	0.31642	0.14362	0.02926	0.01383	0.00435	0.00769	0.10782	0.01109	0.01133
2	0.09739	0.03614	0.14371	0.03049	0.09029	0.12364	0.05629	0.03899	0.02652	0.11715	0.02335	0.02572	0.01724	0.01083	0.01017	0.00311	0.01390	0.00864	0.00710	0.11932
3	0.06020	0.09282	0.07827	0.01900	0.02783	0.02056	0.01699	0.05930	0.02514	0.06137	0.02765	0.11550	0.02590	0.01376	0.00966	0.00270	0.00965	0.01124	0.00753	0.31493
4	0.07746	0.18030	0.06462	0.02947	0.12438	0.02842	0.02166	0.08803	0.02941	0.15467	0.07138	0.03182	0.02685	0.01244	0.01005	0.00317	0.01117	0.00986	0.00857	0.01628
5	0.13295	0.04780	0.30737	0.02773	0.03964	0.12686	0.03053	0.03962	0.07794	0.03774	0.02173	0.02421	0.01616	0.01132	0.01008	0.00345	0.01521	0.00824	0.00603	0.01537
6	0.02732	0.02974	0.11307	0.03172	0.12760	0.02467	0.02394	0.08614	0.16599	0.04288	0.02828	0.02992	0.02177	0.01152	0.01042	0.00307	0.01118	0.00963	0.00797	0.19318
7	0.10816	0.02093	0.02583	0.02061	0.02776	0.02112	0.01688	0.04347	0.07054	0.26543	0.03204	0.03144	0.02253	0.01354	0.01440	0.00340	0.10132	0.00976	0.01013	0.14068
8	0.25030	0.02614	0.02063	0.01857	0.02439	0.12346	0.01453	0.06696	0.10701	0.04378	0.03389	0.03497	0.06639	0.01371	0.00930	0.00332	0.01036	0.00995	0.10911	0.01323
9	0.26870	0.06255	0.08240	0.01780	0.02467	0.02112	0.01591	0.03313	0.02220	0.13317	0.02941	0.08907	0.02634	0.10884	0.01705	0.00472	0.01017	0.01156	0.00820	0.01302

[dist]
# distance from previous block
# <min> <max>
16	50

[block]
# block no. 3 follows, 11 sequences, length 43
# corresponding to MSA columns:
# 278-320
name=unknown_D
#
# <colnr> <probs for GDERKNQSTAVLIFYWHMCP>
#	G	D	E	R	K	N	Q	S	T	A	V	L	I	F	Y	W	H	M	C	P
0	0.03193	0.02274	0.02424	0.02054	0.02706	0.07090	0.01619	0.12987	0.03187	0.13787	0.03815	0.16012	0.03547	0.01845	0.01157	0.00340	0.01035	0.04882	0.01005	0.15042
1	0.02497	0.02026	0.07150	0.01856	0.02594	0.01473	0.01629	0.03040	0.02652	0.12218	0.12656	0.10636	0.04558	0.01723	0.01131	0.00315	0.00880	0.05704	0.00952	0.24310
2	0.09635	0.01843	0.02264	0.01841	0.02493	0.01740	0.01472	0.03425	0.02554	0.18308	0.08301	0.09554	0.03472	0.01576	0.01316	0.00322	0.06745	0.01243	0.00961	0.20936
3	0.02955	0.26413	0.03624	0.01891	0.02597	0.13159	0.01630	0.03288	0.02641	0.08090	0.04806	0.04729	0.16831	0.01604	0.01001	0.00303	0.01152	0.01205	0.00761	0.01319
4	0.02558	0.03517	0.23211	0.02313	0.03566	0.01959	0.02490	0.03374	0.02434	0.08362	0.02237	0.02491	0.01676	0.00980	0.00956	0.00259	0.01176	0.00776	0.00658	0.35007
5	0.03852	0.04306	0.03003	0.02643	0.03275	0.36022	0.02027	0.13100	0.08754	0.03819	0.02954	0.03051	0.05606	0.01363	0.01074	0.00316	0.01646	0.00963	0.00780	0.01447
6	0.02257	0.05822	0.54613	0.03208	0.04871	0.02614	0.04158	0.03564	0.02376	0.03564	0.02020	0.02376	0.01426	0.01069	0.01069	0.00356	0.01663	0.00832	0.00475	0.01663
7	0.02334	0.02001	0.02334	0.01667	0.02667	0.01500	0.01334	0.02834	0.02334	0.03668	0.02001	0.02334	0.01667	0.00834	0.00834	0.00167	0.00834	0.00667	0.00667	0.67325
8	0.03049	0.01924	0.02693	0.13814	0.08578	0.02006	0.02029	0.04081	0.12039	0.18670	0.09151	0.09874	0.03875	0.01643	0.01184	0.00371	0.01015	0.01430	0.01029	0.01546
9	0.01608	0.01206	0.01809	0.01809	0.02010	0.01407	0.01407	0.02010	0.01809	0.02613	0.03015	0.04422	0.02814	0.08441	0.55984	0.01809	0.03015	0.01206	0.00603	0.01005
10	0.02098	0.01049	0.01049	0.01049	0.01311	0.01049	0.00787	0.02623	0.02360	0.04196	0.03672	0.04196	0.02885	0.01311	0.00787	0.00262	0.00525	0.01049	0.66693	0.01049
11	0.01718	0.01412	0.01778	0.01688	0.01976	0.01532	0.01312	0.02357	0.06952	0.03333	0.15667	0.06920	0.19178	0.04251	0.18383	0.00826	0.07012	0.01706	0.00904	0.01095
12	0.02098	0.01049	0.01049	0.01049	0.01311	0.01049	0.00787	0.02623	0.02360	0.04196	0.03672	0.04196	0.02885	0.01311	0.00787	0.00262	0.00525	0.01049	0.66693	0.01049
13	0.03161	0.03691	0.04412	0.15323	0.09956	0.23439	0.16835	0.03784	0.02770	0.03128	0.01994	0.02612	0.01571	0.01073	0.01143	0.00339	0.01811	0.00993	0.00558	0.01405
14	0.02607	0.02386	0.03852	0.31887	0.25537	0.02670	0.03157	0.07841	0.02683	0.03622	0.02118	0.02885	0.01655	0.01099	0.01121	0.00355	0.01409	0.01003	0.00586	0.01530
15	0.01838	0.01488	0.01765	0.01463	0.02044	0.01215	0.01131	0.02310	0.02727	0.03894	0.24615	0.06450	0.15168	0.01821	0.01131	0.00284	0.00659	0.01555	0.00974	0.27469
16	0.04279	0.03153	0.03378	0.02590	0.03490	0.03490	0.02139	0.49671	0.05292	0.07093	0.02702	0.02702	0.01914	0.01351	0.01126	0.00338	0.01239	0.01013	0.01126	0.01914
17	0.02834	0.07700	0.02723	0.01933	0.02407	0.01914	0.06138	0.06418	0.02429	0.14291	0.03351	0.05228	0.03128	0.30826	0.03409	0.00711	0.01167	0.01342	0.00841	0.01210
18	0.68395	0.02177	0.01654	0.01480	0.02177	0.02525	0.01219	0.03309	0.01915	0.05050	0.01567	0.01828	0.01219	0.01045	0.00697	0.00348	0.00871	0.00609	0.00697	0.01219
19	0.02837	0.04456	0.29727	0.03770	0.09691	0.06695	0.13552	0.03832	0.02606	0.08742	0.02314	0.02685	0.01666	0.01077	0.01133	0.00353	0.01637	0.00980	0.00607	0.01642
20	0.01814	0.01296	0.01814	0.02073	0.02332	0.01296	0.01814	0.02332	0.02591	0.03368	0.05959	0.12696	0.06478	0.03109	0.01555	0.00518	0.01036	0.45848	0.01036	0.01036
21	0.01469	0.01146	0.01332	0.01285	0.01605	0.01009	0.00964	0.01883	0.02892	0.03816	0.33223	0.09555	0.30662	0.02561	0.01329	0.00366	0.00550	0.02196	0.01147	0.01009
22	0.42295	0.02069	0.02049	0.01695	0.02464	0.02166	0.01398	0.04205	0.02454	0.25303	0.02751	0.02654	0.01865	0.01188	0.00876	0.00348	0.00907	0.00825	0.00984	0.01506
23	0.02098	0.01049	0.01049	0.01049	0.01311	0.01049	0.00787	0.02623	0.02360	0.04196	0.03672	0.04196	0.02885	0.01311	0.00787	0.00262	0.00525	0.01049	0.66693	0.01049
24	0.02792	0.45147	0.19970	0.02296	0.03461	0.03922	0.02571	0.03426	0.02313	0.02913	0.01696	0.01970	0.01439	0.00994	0.00822	0.00274	0.01336	0.00668	0.00480	0.01508
25	0.04204	0.05364	0.03190	0.02900	0.03480	0.55926	0.02175	0.04494	0.03190	0.02755	0.01740	0.02030	0.01450	0.01160	0.01015	0.00290	0.02030	0.00725	0.00580	0.01305
26	0.02530	0.20213	0.08788	0.01904	0.02961	0.02505	0.01803	0.03071	0.02324	0.03350	0.01871	0.02179	0.01575	0.00897	0.00824	0.00209	0.01030	0.00664	0.00591	0.40712
27	0.02981	0.40137	0.13910	0.02732	0.08202	0.09268	0.02486	0.03528	0.02422	0.02917	0.01715	0.02022	0.01475	0.01005	0.00850	0.00275	0.01381	0.00693	0.00498	0.01501
28	0.02098	0.01049	0.01049	0.01049	0.01311	0.01049	0.00787	0.02623	0.02360	0.04196	0.03672	0.04196	0.02885	0.01311	0.00787	0.00262	0.00525	0.01049	0.66693	0.01049
29	0.03463	0.08354	0.03471	0.02780	0.08064	0.02477	0.06331	0.04781	0.17176	0.19639	0.03518	0.03408	0.02532	0.01254	0.01081	0.00331	0.01076	0.01079	0.00996	0.08188
30	0.01440	0.01147	0.01332	0.01376	0.01681	0.01039	0.01050	0.01778	0.02519	0.03174	0.13960	0.15164	0.34000	0.03435	0.06721	0.00539	0.00862	0.06790	0.01022	0.00973
31	0.02257	0.05822	0.54613	0.03208	0.04871	0.02614	0.04158	0.03564	0.02376	0.03564	0.02020	0.02376	0.01426	0.01069	0.01069	0.00356	0.01663	0.00832	0.00475	0.01663
32	0.01955	0.00978	0.01466	0.01466	0.01466	0.00978	0.00978	0.01466	0.01466	0.01955	0.01955	0.03421	0.01955	0.03910	0.04399	0.67253	0.00978	0.00978	0.00489	0.00489
33	0.01637	0.01091	0.01228	0.01228	0.01228	0.01091	0.00682	0.01637	0.01637	0.02182	0.03546	0.07365	0.04092	0.60445	0.05729	0.01091	0.01091	0.01637	0.00682	0.00682
34	0.02462	0.02462	0.03447	0.02955	0.02955	0.03447	0.02462	0.02709	0.01724	0.02709	0.01477	0.02462	0.01477	0.01970	0.03694	0.00492	0.58385	0.00985	0.00492	0.01231
35	0.01629	0.01124	0.01392	0.01392	0.01449	0.01181	0.00887	0.01742	0.01686	0.02304	0.03396	0.06531	0.03730	0.45711	0.19967	0.01295	0.01636	0.01515	0.00660	0.00773
36	0.03018	0.10312	0.34319	0.02837	0.04198	0.02873	0.03282	0.12972	0.03037	0.09304	0.02357	0.02533	0.01663	0.01148	0.01053	0.00341	0.01462	0.00876	0.00699	0.01718
37	0.02098	0.01049	0.01049	0.01049	0.01311	0.01049	0.00787	0.02623	0.02360	0.04196	0.03672	0.04196	0.02885	0.01311	0.00787	0.00262	0.00525	0.01049	0.66693	0.01049
38	0.01593	0.01150	0.01504	0.01416	0.01681	0.01062	0.01062	0.02124	0.03186	0.04513	0.52830	0.08407	0.10620	0.02301	0.01327	0.00354	0.00531	0.02035	0.01239	0.01062
39	0.61468	0.02282	0.01840	0.01600	0.02319	0.02629	0.01318	0.08318	0.02280	0.05271	0.01690	0.01923	0.01294	0.01078	0.00743	0.00347	0.00910	0.00653	0.00743	0.01294
40	0.01419	0.01014	0.01361	0.01622	0.01708	0.00955	0.01128	0.01650	0.02202	0.02927	0.06177	0.54630	0.07340	0.03481	0.01449	0.00464	0.00694	0.07808	0.01044	0.00927
41	0.03110	0.08580	0.03687	0.03866	0.19645	0.08365	0.02422	0.09249	0.20932	0.04217	0.02996	0.03128	0.02341	0.01245	0.01079	0.00339	0.01219	0.01037	0.00828	0.01715
42	0.07781	0.08931	0.21160	0.02346	0.03494	0.02407	0.02482	0.03973	0.07528	0.12725	0.02634	0.02720	0.01909	0.01115	0.00981	0.00309	0.01192	0.00860	0.00762	0.14689

[dist]
# distance from previous block
# <min> <max>
0	2

[block]
# block no. 4 follows, 11 sequences, length 16
# corresponding to MSA columns:
# 323-338
name=unknown_E
#
# <colnr> <probs for GDERKNQSTAVLIFYWHMCP>
#	G	D	E	R	K	N	Q	S	T	A	V	L	I	F	Y	W	H	M	C	P
0	0.03067	0.11919	0.14222	0.11101	0.15417	0.02720	0.07373	0.03806	0.02583	0.13494	0.02479	0.02820	0.01817	0.01099	0.01072	0.00337	0.01381	0.00965	0.00690	0.01637
1	0.02063	0.01688	0.02002	0.01580	0.02282	0.01339	0.01200	0.02479	0.02338	0.03516	0.08512	0.10217	0.03625	0.07614	0.01478	0.00320	0.00805	0.01221	0.00778	0.44944
2	0.08087	0.02227	0.03505	0.04985	0.35291	0.02233	0.02627	0.03088	0.02673	0.04017	0.15541	0.04197	0.04082	0.01351	0.01135	0.00341	0.01083	0.01243	0.00750	0.01543
3	0.68395	0.02177	0.01654	0.01480	0.02177	0.02525	0.01219	0.03309	0.01915	0.05050	0.01567	0.01828	0.01219	0.01045	0.00697	0.00348	0.00871	0.00609	0.00697	0.01219
4	0.02863	0.03360	0.10502	0.05870	0.38515	0.08308	0.07164	0.03590	0.02615	0.03560	0.02079	0.02678	0.01699	0.01023	0.01116	0.00336	0.01495	0.00980	0.00551	0.01697
5	0.01955	0.00978	0.01466	0.01466	0.01466	0.00978	0.00978	0.01466	0.01466	0.01955	0.01955	0.03421	0.01955	0.03910	0.04399	0.67253	0.00978	0.00978	0.00489	0.00489
6	0.01555	0.01145	0.01537	0.01568	0.01726	0.01222	0.01131	0.01825	0.01897	0.02592	0.04482	0.12376	0.09442	0.19342	0.31523	0.01317	0.02005	0.01677	0.00725	0.00913
7	0.02098	0.01049	0.01049	0.01049	0.01311	0.01049	0.00787	0.02623	0.02360	0.04196	0.03672	0.04196	0.02885	0.01311	0.00787	0.00262	0.00525	0.01049	0.66693	0.01049
8	0.02427	0.02170	0.02995	0.08379	0.15891	0.01891	0.02038	0.02994	0.02383	0.03594	0.02030	0.02511	0.01680	0.00904	0.00932	0.00229	0.01024	0.00783	0.00623	0.44522
9	0.02680	0.22926	0.09444	0.01927	0.02795	0.02672	0.01848	0.03419	0.06720	0.08704	0.07815	0.04216	0.10122	0.01440	0.00993	0.00299	0.01014	0.01127	0.00800	0.09041
10	0.02098	0.01049	0.01049	0.01049	0.01311	0.01049	0.00787	0.02623	0.02360	0.04196	0.03672	0.04196	0.02885	0.01311	0.00787	0.00262	0.00525	0.01049	0.66693	0.01049
11	0.02631	0.02480	0.08268	0.34158	0.11683	0.02463	0.02947	0.03645	0.07606	0.09289	0.02577	0.03140	0.01882	0.01180	0.01122	0.00366	0.01369	0.01029	0.00678	0.01486
12	0.23591	0.02091	0.02743	0.09456	0.15865	0.02197	0.02072	0.03533	0.02409	0.14124	0.02874	0.09320	0.02432	0.01401	0.01025	0.00360	0.01054	0.01160	0.00820	0.01471
13	0.02336	0.08205	0.20370	0.02894	0.09026	0.08383	0.02583	0.03050	0.02599	0.03473	0.12075	0.12844	0.04163	0.01694	0.01148	0.00353	0.01256	0.01432	0.00732	0.01384
14	0.02437	0.01940	0.03343	0.17850	0.10181	0.01997	0.10136	0.03028	0.02488	0.09208	0.03713	0.16430	0.03578	0.01861	0.01276	0.00402	0.01248	0.06744	0.00803	0.01338
15	0.11598	0.02750	0.03818	0.20928	0.22940	0.08904	0.06601	0.03394	0.02462	0.03505	0.01976	0.02653	0.01576	0.01060	0.01067	0.00347	0.01451	0.00942	0.00562	0.01468

[dist]
# distance from previous block
# <min> <max>
0	37

# created by:
# /st0/software/busco_prod/Augustus/scripts/msa2prfl.pl ./align_prep/7423.fa
