[name]
unknown

[dist]
# distance from previous block
# <min> <max>
0	0

[block]
# block no. 0 follows, 13 sequences, length 52
# corresponding to MSA columns:
# 0-51
name=unknown_A
#
# <colnr> <probs for GDERKNQSTAVLIFYWHMCP>
#	G	D	E	R	K	N	Q	S	T	A	V	L	I	F	Y	W	H	M	C	P
0	0.01704	0.01217	0.01704	0.01947	0.02191	0.01217	0.01704	0.02191	0.02434	0.03164	0.05598	0.11926	0.06085	0.02921	0.01460	0.00487	0.00974	0.49130	0.00974	0.00974
1	0.02833	0.02226	0.02397	0.02126	0.02745	0.02526	0.01662	0.05573	0.49396	0.09483	0.04291	0.03911	0.03169	0.01422	0.01075	0.00356	0.00843	0.01183	0.01098	0.01686
2	0.02900	0.02327	0.02458	0.02122	0.02749	0.02647	0.01675	0.16327	0.38588	0.04905	0.03823	0.03617	0.02852	0.01379	0.01044	0.00340	0.00885	0.01122	0.06594	0.01646
3	0.01371	0.01003	0.01260	0.01386	0.01534	0.00930	0.00974	0.01626	0.02231	0.02954	0.14769	0.35618	0.14952	0.08863	0.01722	0.00464	0.00648	0.05844	0.00978	0.00874
4	0.02220	0.01999	0.03171	0.53925	0.06841	0.02452	0.02834	0.08212	0.02429	0.03138	0.01952	0.02788	0.01452	0.01080	0.01057	0.00348	0.01382	0.00941	0.00535	0.01243
5	0.02085	0.01879	0.02732	0.33922	0.05137	0.01927	0.02180	0.02684	0.02149	0.03036	0.01879	0.02538	0.01480	0.00934	0.00934	0.00264	0.01128	0.00799	0.00540	0.31774
6	0.01538	0.01025	0.01153	0.01153	0.01153	0.01025	0.00641	0.01538	0.01538	0.02050	0.03331	0.06919	0.03844	0.62842	0.05382	0.01025	0.01025	0.01538	0.00641	0.00641
7	0.03199	0.02322	0.02540	0.02161	0.02836	0.02582	0.01715	0.13928	0.37741	0.12823	0.03969	0.03642	0.02880	0.01386	0.01071	0.00346	0.00904	0.01132	0.01108	0.01715
8	0.02771	0.01356	0.01518	0.01322	0.01750	0.01334	0.01040	0.08004	0.02664	0.15654	0.03515	0.03729	0.02600	0.01252	0.00840	0.00271	0.00647	0.00999	0.47491	0.01241
9	0.02801	0.16224	0.03432	0.08655	0.03177	0.12585	0.01995	0.03107	0.02139	0.07002	0.01925	0.02721	0.01723	0.07395	0.02135	0.00409	0.19919	0.00876	0.00563	0.01217
10	0.02924	0.58434	0.05321	0.01888	0.02762	0.08881	0.01829	0.03257	0.02222	0.02496	0.01484	0.01714	0.01357	0.00921	0.00702	0.00230	0.01198	0.00575	0.00460	0.01346
11	0.01288	0.00920	0.01227	0.01472	0.01534	0.00859	0.00981	0.01472	0.02024	0.02699	0.05828	0.62152	0.06993	0.03312	0.01350	0.00429	0.00613	0.03006	0.00981	0.00859
12	0.01452	0.00989	0.01178	0.01263	0.01284	0.00968	0.00758	0.01515	0.01705	0.02273	0.04188	0.25863	0.04924	0.42424	0.03999	0.00821	0.00884	0.02041	0.00758	0.00715
13	0.02994	0.02266	0.03122	0.09203	0.08805	0.05757	0.08701	0.04165	0.16089	0.16096	0.03462	0.08935	0.02755	0.01400	0.01109	0.00347	0.01130	0.01259	0.00894	0.01508
14	0.01521	0.01092	0.01493	0.01493	0.01611	0.01210	0.01064	0.01756	0.01638	0.02302	0.03021	0.05198	0.03097	0.28666	0.38535	0.01445	0.02150	0.01286	0.00594	0.00829
15	0.03950	0.05039	0.02996	0.02724	0.03269	0.58597	0.02043	0.04222	0.02996	0.02588	0.01634	0.01907	0.01362	0.01090	0.00953	0.00272	0.01907	0.00681	0.00545	0.01226
16	0.03509	0.18180	0.03385	0.02269	0.02902	0.29913	0.01826	0.06980	0.02829	0.08835	0.02347	0.08030	0.02083	0.01300	0.00945	0.00286	0.01433	0.00943	0.00683	0.01322
17	0.01496	0.01081	0.01413	0.01330	0.01580	0.00998	0.00998	0.01995	0.02993	0.04240	0.55689	0.07898	0.09976	0.02162	0.01247	0.00333	0.00499	0.01912	0.01164	0.00998
18	0.03950	0.05039	0.02996	0.02724	0.03269	0.58597	0.02043	0.04222	0.02996	0.02588	0.01634	0.01907	0.01362	0.01090	0.00953	0.00272	0.01907	0.00681	0.00545	0.01226
19	0.01672	0.01297	0.01561	0.01619	0.01854	0.01340	0.01162	0.02636	0.15622	0.03438	0.15047	0.36772	0.06603	0.02609	0.01260	0.00393	0.00649	0.02331	0.01041	0.01094
20	0.02827	0.63478	0.05540	0.01809	0.02714	0.04184	0.01809	0.03166	0.02148	0.02488	0.01470	0.01696	0.01357	0.00905	0.00678	0.00226	0.01131	0.00565	0.00452	0.01357
21	0.02318	0.01281	0.01701	0.01534	0.01917	0.01229	0.01189	0.02683	0.02402	0.17228	0.14362	0.05924	0.13284	0.07805	0.19383	0.00807	0.01374	0.01476	0.00950	0.01151
22	0.01404	0.00969	0.01193	0.01324	0.01357	0.00936	0.00823	0.01503	0.01798	0.02398	0.04669	0.36527	0.05532	0.30931	0.03220	0.00706	0.00804	0.02325	0.00823	0.00758
23	0.02630	0.02271	0.02391	0.02152	0.02749	0.02630	0.01674	0.05618	0.54336	0.04423	0.04303	0.03945	0.03228	0.01434	0.01076	0.00359	0.00837	0.01195	0.01076	0.01674
24	0.02121	0.05469	0.57364	0.03014	0.04576	0.02455	0.03906	0.03348	0.02232	0.03348	0.01897	0.02232	0.01339	0.01005	0.01005	0.00335	0.01563	0.00781	0.00446	0.01563
25	0.02630	0.02271	0.02391	0.02152	0.02749	0.02630	0.01674	0.05618	0.54336	0.04423	0.04303	0.03945	0.03228	0.01434	0.01076	0.00359	0.00837	0.01195	0.01076	0.01674
26	0.01515	0.01116	0.01613	0.01613	0.01772	0.01275	0.01214	0.01833	0.01674	0.02391	0.02911	0.04590	0.02833	0.16589	0.50252	0.01593	0.02547	0.01197	0.00578	0.00896
27	0.27623	0.03473	0.02519	0.02252	0.02739	0.28444	0.01767	0.03521	0.02319	0.03359	0.01532	0.01911	0.01288	0.01186	0.01293	0.00326	0.12011	0.00685	0.00570	0.01184
28	0.01328	0.00949	0.01273	0.01518	0.01597	0.00893	0.01051	0.01541	0.02064	0.02744	0.05805	0.57317	0.06906	0.03275	0.01360	0.00435	0.00648	0.07446	0.00981	0.00870
29	0.03187	0.03104	0.02705	0.08561	0.03396	0.22063	0.01819	0.08368	0.02813	0.07796	0.02046	0.02310	0.01586	0.01014	0.00924	0.00249	0.01299	0.00749	0.00679	0.25332
30	0.01538	0.01025	0.01153	0.01153	0.01153	0.01025	0.00641	0.01538	0.01538	0.02050	0.03331	0.06919	0.03844	0.62842	0.05382	0.01025	0.01025	0.01538	0.00641	0.00641
31	0.01510	0.01133	0.01699	0.01699	0.01888	0.01322	0.01322	0.01888	0.01699	0.02454	0.02832	0.04154	0.02643	0.07930	0.58652	0.01699	0.02832	0.01133	0.00566	0.00944
32	0.01328	0.00949	0.01273	0.01518	0.01597	0.00893	0.01051	0.01541	0.02064	0.02744	0.05805	0.57317	0.06906	0.03275	0.01360	0.00435	0.00648	0.07446	0.00981	0.00870
33	0.02888	0.07113	0.07702	0.03076	0.03909	0.02975	0.18526	0.16311	0.11974	0.04248	0.02471	0.02781	0.01877	0.01196	0.01359	0.00348	0.07914	0.01050	0.00743	0.01539
34	0.01510	0.01133	0.01699	0.01699	0.01888	0.01322	0.01322	0.01888	0.01699	0.02454	0.02832	0.04154	0.02643	0.07930	0.58652	0.01699	0.02832	0.01133	0.00566	0.00944
35	0.01288	0.00920	0.01227	0.01472	0.01534	0.00859	0.00981	0.01472	0.02024	0.02699	0.05828	0.62152	0.06993	0.03312	0.01350	0.00429	0.00613	0.03006	0.00981	0.00859
36	0.04601	0.02028	0.02595	0.01990	0.02813	0.01893	0.01644	0.14500	0.03408	0.47092	0.03850	0.03390	0.02456	0.01301	0.01062	0.00325	0.00952	0.01041	0.01259	0.01799
37	0.02679	0.02747	0.03510	0.17440	0.17201	0.11732	0.07303	0.03899	0.15780	0.03374	0.02513	0.02912	0.01952	0.01115	0.01061	0.00332	0.01343	0.00993	0.00657	0.01457
38	0.01837	0.00918	0.01377	0.01377	0.01377	0.00918	0.00918	0.01377	0.01377	0.01837	0.01837	0.03214	0.01837	0.03673	0.04132	0.69238	0.00918	0.00918	0.00459	0.00459
39	0.02192	0.01879	0.02192	0.01566	0.02506	0.01409	0.01253	0.02662	0.02192	0.03445	0.01879	0.02192	0.01566	0.00783	0.00783	0.00157	0.00783	0.00626	0.00626	0.69305
40	0.02121	0.05469	0.57364	0.03014	0.04576	0.02455	0.03906	0.03348	0.02232	0.03348	0.01897	0.02232	0.01339	0.01005	0.01005	0.00335	0.01563	0.00781	0.00446	0.01563
41	0.01532	0.01142	0.01700	0.01727	0.01921	0.01310	0.01364	0.01921	0.01780	0.02533	0.03137	0.05010	0.03022	0.07378	0.52351	0.01566	0.02627	0.06421	0.00611	0.00947
42	0.01776	0.01003	0.01061	0.01061	0.01197	0.01003	0.00695	0.02048	0.01912	0.03092	0.03396	0.05279	0.03219	0.28902	0.02824	0.00596	0.00732	0.01233	0.38140	0.00831
43	0.02253	0.01909	0.02779	0.02335	0.02845	0.01963	0.11476	0.11311	0.12208	0.03970	0.09185	0.24407	0.04658	0.02033	0.01220	0.00374	0.00967	0.01874	0.00941	0.01291
44	0.02128	0.01409	0.01977	0.01809	0.02213	0.01379	0.06172	0.02814	0.06177	0.08018	0.09082	0.07016	0.07707	0.01914	0.01138	0.00360	0.00827	0.16062	0.20662	0.01136
45	0.10097	0.01819	0.02380	0.01841	0.02646	0.01621	0.01521	0.04986	0.02926	0.52714	0.03951	0.03445	0.02497	0.01282	0.01030	0.00327	0.00893	0.01023	0.01255	0.01746
46	0.02200	0.03377	0.24842	0.08801	0.03840	0.02309	0.02636	0.03883	0.20391	0.03769	0.09926	0.03649	0.03157	0.01314	0.01067	0.00345	0.01152	0.01094	0.00763	0.01483
47	0.36107	0.08857	0.02410	0.01707	0.02436	0.02490	0.01433	0.07915	0.07558	0.16265	0.02441	0.02422	0.01756	0.01114	0.00823	0.00318	0.00901	0.00774	0.00853	0.01420
48	0.02285	0.01812	0.02239	0.08097	0.02969	0.01569	0.01466	0.02957	0.06528	0.06882	0.02619	0.08416	0.02291	0.01151	0.00912	0.00233	0.00847	0.00971	0.00726	0.45032
49	0.35741	0.07857	0.08210	0.01748	0.02444	0.07830	0.01573	0.03191	0.02136	0.07568	0.05370	0.02750	0.02101	0.06195	0.01182	0.00372	0.01037	0.00806	0.00680	0.01212
50	0.26362	0.06725	0.07774	0.08792	0.12809	0.07971	0.08975	0.03260	0.02203	0.03669	0.01742	0.02195	0.01376	0.00977	0.00901	0.00320	0.01269	0.00791	0.00557	0.01333
51	0.02744	0.14568	0.10210	0.03182	0.04164	0.02753	0.25684	0.06900	0.02666	0.08139	0.06562	0.03022	0.02315	0.01072	0.01084	0.00322	0.01410	0.01087	0.00666	0.01450

[dist]
# distance from previous block
# <min> <max>
0	1

[block]
# block no. 1 follows, 13 sequences, length 50
# corresponding to MSA columns:
# 53-102
name=unknown_B
#
# <colnr> <probs for GDERKNQSTAVLIFYWHMCP>
#	G	D	E	R	K	N	Q	S	T	A	V	L	I	F	Y	W	H	M	C	P
0	0.02650	0.01527	0.01846	0.01518	0.02096	0.01352	0.01202	0.06379	0.02834	0.18172	0.16721	0.05531	0.13965	0.01663	0.01067	0.00298	0.00706	0.01389	0.06444	0.12640
1	0.02377	0.01613	0.02228	0.02050	0.02500	0.01633	0.05968	0.07810	0.06286	0.08447	0.04398	0.07509	0.04170	0.02037	0.01212	0.00393	0.00961	0.24120	0.13069	0.01217
2	0.65096	0.02025	0.01626	0.01429	0.02097	0.02307	0.01178	0.03271	0.01897	0.08898	0.01687	0.01867	0.01262	0.01007	0.00687	0.00327	0.00824	0.00612	0.00706	0.01197
3	0.01510	0.01133	0.01699	0.01699	0.01888	0.01322	0.01322	0.01888	0.01699	0.02454	0.02832	0.04154	0.02643	0.07930	0.58652	0.01699	0.02832	0.01133	0.00566	0.00944
4	0.01357	0.01075	0.01219	0.01183	0.01494	0.00938	0.00887	0.01724	0.02662	0.03456	0.30192	0.09189	0.35963	0.02454	0.01248	0.00346	0.00520	0.02093	0.01061	0.00938
5	0.01486	0.01045	0.01376	0.01568	0.01679	0.01018	0.01158	0.01735	0.02061	0.02720	0.05211	0.32896	0.06001	0.15985	0.02255	0.00577	0.00827	0.18644	0.00905	0.00852
6	0.70310	0.02045	0.01554	0.01390	0.02045	0.02372	0.01145	0.03108	0.01799	0.04744	0.01472	0.01718	0.01145	0.00981	0.00654	0.00327	0.00818	0.00573	0.00654	0.01145
7	0.02617	0.02512	0.04292	0.06490	0.56246	0.02512	0.03245	0.03245	0.02407	0.03454	0.01989	0.02617	0.01675	0.00942	0.01047	0.00314	0.01256	0.00942	0.00523	0.01675
8	0.02908	0.01507	0.01912	0.01602	0.02106	0.01414	0.01269	0.08117	0.03136	0.22722	0.28398	0.05562	0.06036	0.01703	0.01124	0.00322	0.00703	0.01449	0.06657	0.01353
9	0.02121	0.05469	0.57364	0.03014	0.04576	0.02455	0.03906	0.03348	0.02232	0.03348	0.01897	0.02232	0.01339	0.01005	0.01005	0.00335	0.01563	0.00781	0.00446	0.01563
10	0.70310	0.02045	0.01554	0.01390	0.02045	0.02372	0.01145	0.03108	0.01799	0.04744	0.01472	0.01718	0.01145	0.00981	0.00654	0.00327	0.00818	0.00573	0.00654	0.01145
11	0.02497	0.12401	0.19325	0.17082	0.16675	0.02783	0.03026	0.07970	0.02500	0.03415	0.01913	0.02408	0.01480	0.01013	0.00983	0.00316	0.01352	0.00840	0.00530	0.01489
12	0.54415	0.10669	0.02267	0.01551	0.02259	0.02713	0.01322	0.07997	0.02160	0.04619	0.01577	0.01795	0.01239	0.00999	0.00697	0.00312	0.00895	0.00609	0.00666	0.01239
13	0.08246	0.04590	0.38933	0.06315	0.04216	0.07873	0.03190	0.03313	0.02259	0.03363	0.01832	0.02189	0.01349	0.00995	0.00953	0.00314	0.01454	0.00750	0.00491	0.07376
14	0.02037	0.01990	0.02238	0.06531	0.09740	0.10726	0.01711	0.02335	0.02204	0.02770	0.03969	0.35024	0.04487	0.02348	0.01409	0.00386	0.06222	0.02026	0.00768	0.01077
15	0.01783	0.00937	0.01337	0.01337	0.01337	0.00937	0.00869	0.01406	0.01406	0.01875	0.02104	0.03878	0.02196	0.14271	0.04356	0.57020	0.00937	0.01029	0.00492	0.00492
16	0.02313	0.02313	0.03238	0.02776	0.02776	0.03238	0.02313	0.02545	0.01619	0.02545	0.01388	0.02313	0.01388	0.01851	0.03470	0.00463	0.60907	0.00925	0.00463	0.01157
17	0.70310	0.02045	0.01554	0.01390	0.02045	0.02372	0.01145	0.03108	0.01799	0.04744	0.01472	0.01718	0.01145	0.00981	0.00654	0.00327	0.00818	0.00573	0.00654	0.01145
18	0.02313	0.02313	0.03238	0.02776	0.02776	0.03238	0.02313	0.02545	0.01619	0.02545	0.01388	0.02313	0.01388	0.01851	0.03470	0.00463	0.60907	0.00925	0.00463	0.01157
19	0.01496	0.01081	0.01413	0.01330	0.01580	0.00998	0.00998	0.01995	0.02993	0.04240	0.55689	0.07898	0.09976	0.02162	0.01247	0.00333	0.00499	0.01912	0.01164	0.00998
20	0.02863	0.02387	0.02522	0.02199	0.02838	0.02739	0.01730	0.13530	0.46045	0.04799	0.04007	0.03709	0.02987	0.01407	0.01073	0.00352	0.00892	0.01154	0.01073	0.01694
21	0.04744	0.01799	0.02454	0.01881	0.02699	0.01554	0.01554	0.05153	0.03026	0.56979	0.04171	0.03599	0.02617	0.01309	0.01063	0.00327	0.00900	0.01063	0.01309	0.01799
22	0.01457	0.01068	0.01366	0.01315	0.01561	0.00977	0.00977	0.01909	0.02863	0.03989	0.47553	0.12160	0.14264	0.02298	0.01255	0.00342	0.00511	0.02025	0.01132	0.00977
23	0.02630	0.02271	0.02391	0.02152	0.02749	0.02630	0.01674	0.05618	0.54336	0.04423	0.04303	0.03945	0.03228	0.01434	0.01076	0.00359	0.00837	0.01195	0.01076	0.01674
24	0.01496	0.01081	0.01413	0.01330	0.01580	0.00998	0.00998	0.01995	0.02993	0.04240	0.55689	0.07898	0.09976	0.02162	0.01247	0.00333	0.00499	0.01912	0.01164	0.00998
25	0.04744	0.01799	0.02454	0.01881	0.02699	0.01554	0.01554	0.05153	0.03026	0.56979	0.04171	0.03599	0.02617	0.01309	0.01063	0.00327	0.00900	0.01063	0.01309	0.01799
26	0.02192	0.01879	0.02192	0.01566	0.02506	0.01409	0.01253	0.02662	0.02192	0.03445	0.01879	0.02192	0.01566	0.00783	0.00783	0.00157	0.00783	0.00626	0.00626	0.69305
27	0.08533	0.23324	0.03512	0.01914	0.02693	0.03011	0.01668	0.16020	0.08076	0.07872	0.06960	0.02837	0.02487	0.01185	0.00895	0.00282	0.00991	0.00882	0.00816	0.06043
28	0.01598	0.01210	0.01658	0.01612	0.01716	0.01405	0.01179	0.01829	0.01635	0.02321	0.02867	0.04946	0.02943	0.26650	0.34522	0.01341	0.07872	0.01255	0.00582	0.00858
29	0.01997	0.01879	0.03171	0.60301	0.07282	0.02349	0.02936	0.02701	0.02114	0.02701	0.01879	0.02819	0.01409	0.01057	0.01057	0.00352	0.01409	0.00940	0.00470	0.01175
30	0.01997	0.01879	0.03171	0.60301	0.07282	0.02349	0.02936	0.02701	0.02114	0.02701	0.01879	0.02819	0.01409	0.01057	0.01057	0.00352	0.01409	0.00940	0.00470	0.01175
31	0.02112	0.02181	0.04452	0.03422	0.04146	0.02056	0.33419	0.02788	0.02385	0.03204	0.03473	0.17029	0.03464	0.01729	0.01303	0.00393	0.01405	0.09109	0.00699	0.01233
32	0.30493	0.02580	0.02700	0.10666	0.13114	0.09679	0.02034	0.07130	0.02348	0.03968	0.01723	0.02161	0.01374	0.01076	0.01029	0.00329	0.04919	0.00757	0.00611	0.01310
33	0.01288	0.00920	0.01227	0.01472	0.01534	0.00859	0.00981	0.01472	0.02024	0.02699	0.05828	0.62152	0.06993	0.03312	0.01350	0.00429	0.00613	0.03006	0.00981	0.00859
34	0.04744	0.01799	0.02454	0.01881	0.02699	0.01554	0.01554	0.05153	0.03026	0.56979	0.04171	0.03599	0.02617	0.01309	0.01063	0.00327	0.00900	0.01063	0.01309	0.01799
35	0.02630	0.03415	0.16070	0.13868	0.16830	0.08086	0.12459	0.07613	0.02616	0.03483	0.01991	0.02534	0.01521	0.01009	0.01069	0.00330	0.01507	0.00939	0.00548	0.01483
36	0.02658	0.02999	0.09398	0.05342	0.38512	0.06704	0.07380	0.03532	0.06635	0.03452	0.02153	0.02654	0.01738	0.00994	0.01056	0.00320	0.01347	0.00954	0.00563	0.01609
37	0.01288	0.00920	0.01227	0.01472	0.01534	0.00859	0.00981	0.01472	0.02024	0.02699	0.05828	0.62152	0.06993	0.03312	0.01350	0.00429	0.00613	0.03006	0.00981	0.00859
38	0.01704	0.01217	0.01704	0.01947	0.02191	0.01217	0.01704	0.02191	0.02434	0.03164	0.05598	0.11926	0.06085	0.02921	0.01460	0.00487	0.00974	0.49130	0.00974	0.00974
39	0.18324	0.12619	0.08770	0.14691	0.04009	0.07276	0.06595	0.03096	0.02098	0.03238	0.01661	0.02189	0.01343	0.01099	0.01212	0.00332	0.08888	0.00782	0.00518	0.01259
40	0.01978	0.02251	0.14777	0.01891	0.02485	0.01500	0.01785	0.02755	0.07475	0.08537	0.11358	0.25062	0.09492	0.02183	0.01191	0.00371	0.00867	0.01904	0.00919	0.01218
41	0.01288	0.00920	0.01227	0.01472	0.01534	0.00859	0.00981	0.01472	0.02024	0.02699	0.05828	0.62152	0.06993	0.03312	0.01350	0.00429	0.00613	0.03006	0.00981	0.00859
42	0.02121	0.05469	0.57364	0.03014	0.04576	0.02455	0.03906	0.03348	0.02232	0.03348	0.01897	0.02232	0.01339	0.01005	0.01005	0.00335	0.01563	0.00781	0.00446	0.01563
43	0.08375	0.29022	0.10628	0.07614	0.03174	0.02977	0.01997	0.06575	0.02408	0.03315	0.07330	0.07430	0.02677	0.01284	0.00893	0.00295	0.01084	0.00988	0.00629	0.01304
44	0.01860	0.01253	0.01527	0.01400	0.01759	0.01172	0.01069	0.02517	0.07348	0.09113	0.36524	0.07622	0.18503	0.02126	0.01215	0.00340	0.00575	0.01835	0.01131	0.01112
45	0.03024	0.02467	0.02613	0.02231	0.02900	0.02814	0.01769	0.18976	0.40337	0.05058	0.03803	0.03546	0.02822	0.01388	0.01071	0.00347	0.00929	0.01126	0.01071	0.01709
46	0.02160	0.08274	0.36869	0.02661	0.03774	0.02561	0.03090	0.03242	0.06298	0.03218	0.02756	0.03037	0.06248	0.01299	0.01362	0.00350	0.09868	0.00947	0.00546	0.01441
47	0.02588	0.08336	0.03694	0.09306	0.29243	0.02700	0.02564	0.03966	0.19344	0.03611	0.02686	0.02979	0.02129	0.01110	0.01021	0.00323	0.01120	0.00988	0.00692	0.01600
48	0.02330	0.01592	0.02485	0.02092	0.02516	0.01575	0.08826	0.02796	0.02576	0.12996	0.20955	0.06435	0.05477	0.07884	0.01848	0.00439	0.06153	0.08892	0.00955	0.01179
49	0.02473	0.02580	0.03215	0.02771	0.02824	0.08649	0.02287	0.02708	0.01754	0.02549	0.01412	0.02273	0.01385	0.01776	0.03224	0.00444	0.55141	0.00901	0.00471	0.01163

[dist]
# distance from previous block
# <min> <max>
0	1

[block]
# block no. 2 follows, 13 sequences, length 21
# corresponding to MSA columns:
# 104-124
name=unknown_C
#
# <colnr> <probs for GDERKNQSTAVLIFYWHMCP>
#	G	D	E	R	K	N	Q	S	T	A	V	L	I	F	Y	W	H	M	C	P
0	0.03040	0.29321	0.09895	0.10909	0.03731	0.16827	0.02241	0.03518	0.02423	0.06575	0.01812	0.02110	0.01455	0.01012	0.00865	0.00275	0.01392	0.00709	0.00539	0.01352
1	0.37308	0.01802	0.01783	0.01501	0.02151	0.01881	0.01227	0.03724	0.02289	0.22807	0.02706	0.02704	0.01891	0.01133	0.00809	0.00315	0.00798	0.00805	0.11019	0.01349
2	0.01513	0.01122	0.01642	0.01642	0.01811	0.01291	0.01250	0.01851	0.01682	0.02412	0.02884	0.04444	0.02769	0.13687	0.53067	0.01629	0.02643	0.01175	0.00574	0.00912
3	0.01538	0.01025	0.01153	0.01153	0.01153	0.01025	0.00641	0.01538	0.01538	0.02050	0.03331	0.06919	0.03844	0.62842	0.05382	0.01025	0.01025	0.01538	0.00641	0.00641
4	0.01470	0.01080	0.01377	0.01302	0.01563	0.00986	0.00977	0.01944	0.02930	0.04092	0.50869	0.08142	0.14889	0.02217	0.01247	0.00335	0.00503	0.01946	0.01144	0.00986
5	0.02827	0.63478	0.05540	0.01809	0.02714	0.04184	0.01809	0.03166	0.02148	0.02488	0.01470	0.01696	0.01357	0.00905	0.00678	0.00226	0.01131	0.00565	0.00452	0.01357
6	0.01288	0.00920	0.01227	0.01472	0.01534	0.00859	0.00981	0.01472	0.02024	0.02699	0.05828	0.62152	0.06993	0.03312	0.01350	0.00429	0.00613	0.03006	0.00981	0.00859
7	0.01538	0.01025	0.01153	0.01153	0.01153	0.01025	0.00641	0.01538	0.01538	0.02050	0.03331	0.06919	0.03844	0.62842	0.05382	0.01025	0.01025	0.01538	0.00641	0.00641
8	0.01496	0.01081	0.01413	0.01330	0.01580	0.00998	0.00998	0.01995	0.02993	0.04240	0.55689	0.07898	0.09976	0.02162	0.01247	0.00333	0.00499	0.01912	0.01164	0.00998
9	0.01997	0.01879	0.03171	0.60301	0.07282	0.02349	0.02936	0.02701	0.02114	0.02701	0.01879	0.02819	0.01409	0.01057	0.01057	0.00352	0.01409	0.00940	0.00470	0.01175
10	0.02299	0.02433	0.12581	0.07345	0.14810	0.01863	0.05857	0.02989	0.02634	0.09266	0.21298	0.04561	0.04641	0.01430	0.01127	0.00332	0.01053	0.01293	0.00817	0.01373
11	0.04019	0.02962	0.03173	0.02433	0.03279	0.03279	0.02010	0.52721	0.04971	0.06663	0.02538	0.02538	0.01798	0.01269	0.01058	0.00317	0.01163	0.00952	0.01058	0.01798
12	0.03950	0.05039	0.02996	0.02724	0.03269	0.58597	0.02043	0.04222	0.02996	0.02588	0.01634	0.01907	0.01362	0.01090	0.00953	0.00272	0.01907	0.00681	0.00545	0.01226
13	0.08196	0.02590	0.08539	0.02431	0.06626	0.02329	0.01999	0.18853	0.07037	0.21211	0.06878	0.03275	0.02649	0.01288	0.01041	0.00327	0.01035	0.01029	0.01015	0.01653
14	0.02806	0.02564	0.02152	0.01946	0.02374	0.19786	0.01474	0.07130	0.03030	0.09229	0.21840	0.12338	0.05359	0.01808	0.01131	0.00324	0.01064	0.01494	0.00946	0.01202
15	0.04744	0.01799	0.02454	0.01881	0.02699	0.01554	0.01554	0.05153	0.03026	0.56979	0.04171	0.03599	0.02617	0.01309	0.01063	0.00327	0.00900	0.01063	0.01309	0.01799
16	0.01250	0.01071	0.01071	0.01071	0.01428	0.00893	0.00803	0.01517	0.02410	0.02856	0.10711	0.10175	0.55817	0.02678	0.01250	0.00357	0.00536	0.02231	0.00982	0.00893
17	0.21736	0.02480	0.02751	0.02482	0.06811	0.09999	0.07060	0.07289	0.02624	0.15933	0.02751	0.08755	0.02258	0.01324	0.00984	0.00332	0.01129	0.01082	0.00829	0.01392
18	0.01704	0.01217	0.01704	0.01947	0.02191	0.01217	0.01704	0.02191	0.02434	0.03164	0.05598	0.11926	0.06085	0.02921	0.01460	0.00487	0.00974	0.49130	0.00974	0.00974
19	0.01510	0.01133	0.01699	0.01699	0.01888	0.01322	0.01322	0.01888	0.01699	0.02454	0.02832	0.04154	0.02643	0.07930	0.58652	0.01699	0.02832	0.01133	0.00566	0.00944
20	0.02237	0.03633	0.27545	0.17788	0.09118	0.02470	0.03133	0.03653	0.13202	0.03418	0.02408	0.02775	0.01783	0.01104	0.01036	0.00343	0.01345	0.00922	0.00591	0.01496

[dist]
# distance from previous block
# <min> <max>
0	5

[block]
# block no. 3 follows, 13 sequences, length 17
# corresponding to MSA columns:
# 130-146
name=unknown_D
#
# <colnr> <probs for GDERKNQSTAVLIFYWHMCP>
#	G	D	E	R	K	N	Q	S	T	A	V	L	I	F	Y	W	H	M	C	P
0	0.08734	0.02439	0.03985	0.13613	0.35393	0.02545	0.07655	0.06647	0.02497	0.03677	0.01979	0.02583	0.01589	0.00981	0.01033	0.00325	0.01284	0.00938	0.00566	0.01537
1	0.01547	0.01052	0.01264	0.01331	0.01383	0.01046	0.00872	0.01655	0.01750	0.02318	0.03982	0.12796	0.04548	0.46224	0.04282	0.00870	0.00979	0.10645	0.00734	0.00723
2	0.70310	0.02045	0.01554	0.01390	0.02045	0.02372	0.01145	0.03108	0.01799	0.04744	0.01472	0.01718	0.01145	0.00981	0.00654	0.00327	0.00818	0.00573	0.00654	0.01145
3	0.01510	0.01133	0.01699	0.01699	0.01888	0.01322	0.01322	0.01888	0.01699	0.02454	0.02832	0.04154	0.02643	0.07930	0.58652	0.01699	0.02832	0.01133	0.00566	0.00944
4	0.02505	0.01773	0.02008	0.01731	0.02246	0.01831	0.01361	0.12748	0.14582	0.09677	0.21144	0.05981	0.14325	0.01838	0.01155	0.00339	0.00747	0.01543	0.01106	0.01360
5	0.01877	0.01283	0.01724	0.01819	0.06750	0.01175	0.01228	0.02339	0.02841	0.09104	0.37830	0.07380	0.16436	0.02054	0.01211	0.00335	0.00615	0.01794	0.01087	0.01121
6	0.01510	0.01133	0.01699	0.01699	0.01888	0.01322	0.01322	0.01888	0.01699	0.02454	0.02832	0.04154	0.02643	0.07930	0.58652	0.01699	0.02832	0.01133	0.00566	0.00944
7	0.01997	0.01879	0.03171	0.60301	0.07282	0.02349	0.02936	0.02701	0.02114	0.02701	0.01879	0.02819	0.01409	0.01057	0.01057	0.00352	0.01409	0.00940	0.00470	0.01175
8	0.02203	0.02334	0.07974	0.37118	0.05639	0.02445	0.02639	0.03657	0.18158	0.03290	0.02625	0.03110	0.01961	0.01168	0.01058	0.00353	0.01248	0.01003	0.00654	0.01364
9	0.01496	0.01081	0.01413	0.01330	0.01580	0.00998	0.00998	0.01995	0.02993	0.04240	0.55689	0.07898	0.09976	0.02162	0.01247	0.00333	0.00499	0.01912	0.01164	0.00998
10	0.01312	0.00968	0.01229	0.01386	0.01523	0.00885	0.00955	0.01556	0.02230	0.02951	0.13937	0.45666	0.15447	0.03040	0.01318	0.00403	0.00584	0.02718	0.01008	0.00885
11	0.43767	0.11920	0.07734	0.01809	0.02572	0.11110	0.01644	0.03307	0.02073	0.03951	0.01537	0.01792	0.01228	0.00989	0.00737	0.00305	0.01100	0.00608	0.00588	0.01229
12	0.01510	0.01133	0.01699	0.01699	0.01888	0.01322	0.01322	0.01888	0.01699	0.02454	0.02832	0.04154	0.02643	0.07930	0.58652	0.01699	0.02832	0.01133	0.00566	0.00944
13	0.01510	0.01133	0.01699	0.01699	0.01888	0.01322	0.01322	0.01888	0.01699	0.02454	0.02832	0.04154	0.02643	0.07930	0.58652	0.01699	0.02832	0.01133	0.00566	0.00944
14	0.03764	0.02632	0.02904	0.02311	0.03079	0.02868	0.01909	0.39514	0.08709	0.11098	0.03124	0.03610	0.02387	0.01436	0.01096	0.00337	0.01093	0.05341	0.01076	0.01713
15	0.59591	0.02528	0.01787	0.01606	0.02242	0.11454	0.01290	0.03288	0.01993	0.04396	0.01498	0.01748	0.01180	0.00999	0.00703	0.00318	0.00994	0.00590	0.00637	0.01158
16	0.02547	0.25455	0.16947	0.02300	0.03298	0.08234	0.05750	0.03164	0.02342	0.03044	0.05558	0.02446	0.02017	0.01016	0.00880	0.00262	0.01255	0.00782	0.00544	0.12160

[dist]
# distance from previous block
# <min> <max>
0	25

[block]
# block no. 4 follows, 13 sequences, length 24
# corresponding to MSA columns:
# 172-195
name=unknown_E
#
# <colnr> <probs for GDERKNQSTAVLIFYWHMCP>
#	G	D	E	R	K	N	Q	S	T	A	V	L	I	F	Y	W	H	M	C	P
0	0.02121	0.05469	0.57364	0.03014	0.04576	0.02455	0.03906	0.03348	0.02232	0.03348	0.01897	0.02232	0.01339	0.01005	0.01005	0.00335	0.01563	0.00781	0.00446	0.01563
1	0.03092	0.49652	0.04939	0.02026	0.02845	0.17058	0.01864	0.03416	0.02349	0.02511	0.01509	0.01746	0.01358	0.00948	0.00743	0.00237	0.01314	0.00593	0.00474	0.01326
2	0.04744	0.01799	0.02454	0.01881	0.02699	0.01554	0.01554	0.05153	0.03026	0.56979	0.04171	0.03599	0.02617	0.01309	0.01063	0.00327	0.00900	0.01063	0.01309	0.01799
3	0.01469	0.01036	0.01354	0.01412	0.01490	0.01085	0.00950	0.01640	0.01708	0.02340	0.03758	0.19132	0.04190	0.30245	0.22304	0.01110	0.01534	0.01751	0.00697	0.00794
4	0.02827	0.63478	0.05540	0.01809	0.02714	0.04184	0.01809	0.03166	0.02148	0.02488	0.01470	0.01696	0.01357	0.00905	0.00678	0.00226	0.01131	0.00565	0.00452	0.01357
5	0.01704	0.01217	0.01704	0.01947	0.02191	0.01217	0.01704	0.02191	0.02434	0.03164	0.05598	0.11926	0.06085	0.02921	0.01460	0.00487	0.00974	0.49130	0.00974	0.00974
6	0.01997	0.01879	0.03171	0.60301	0.07282	0.02349	0.02936	0.02701	0.02114	0.02701	0.01879	0.02819	0.01409	0.01057	0.01057	0.00352	0.01409	0.00940	0.00470	0.01175
7	0.02617	0.02512	0.04292	0.06490	0.56246	0.02512	0.03245	0.03245	0.02407	0.03454	0.01989	0.02617	0.01675	0.00942	0.01047	0.00314	0.01256	0.00942	0.00523	0.01675
8	0.04184	0.02035	0.02548	0.01935	0.02778	0.01861	0.01592	0.13853	0.03261	0.38517	0.03481	0.03164	0.02287	0.01214	0.01016	0.00297	0.00931	0.00970	0.01148	0.12926
9	0.01655	0.01224	0.01607	0.01800	0.02017	0.01240	0.01444	0.02300	0.07803	0.03133	0.05542	0.28910	0.06104	0.02902	0.01380	0.00453	0.00831	0.27661	0.00987	0.01007
10	0.02181	0.01947	0.02699	0.19097	0.09599	0.01799	0.01952	0.02736	0.02193	0.03231	0.01891	0.02419	0.01532	0.00879	0.00890	0.00230	0.01015	0.00751	0.00570	0.42391
11	0.01997	0.01879	0.03171	0.60301	0.07282	0.02349	0.02936	0.02701	0.02114	0.02701	0.01879	0.02819	0.01409	0.01057	0.01057	0.00352	0.01409	0.00940	0.00470	0.01175
12	0.02827	0.63478	0.05540	0.01809	0.02714	0.04184	0.01809	0.03166	0.02148	0.02488	0.01470	0.01696	0.01357	0.00905	0.00678	0.00226	0.01131	0.00565	0.00452	0.01357
13	0.01960	0.01338	0.01663	0.01513	0.01868	0.01314	0.01156	0.02862	0.11459	0.08768	0.42825	0.06880	0.08236	0.01969	0.01203	0.00336	0.00589	0.01722	0.01162	0.01177
14	0.02871	0.03193	0.16016	0.07802	0.08568	0.06186	0.10633	0.03741	0.06137	0.12943	0.02445	0.02770	0.01790	0.01183	0.01373	0.00350	0.08849	0.00974	0.00679	0.01497
15	0.02515	0.02408	0.04107	0.15359	0.48176	0.02485	0.03194	0.03155	0.02359	0.03330	0.01971	0.02650	0.01631	0.00961	0.01048	0.00320	0.01281	0.00942	0.00515	0.01592
16	0.02283	0.01919	0.03146	0.29424	0.20965	0.02099	0.02595	0.02887	0.02357	0.06991	0.08058	0.07318	0.02861	0.01308	0.01094	0.00342	0.01176	0.01191	0.00654	0.01333
17	0.04019	0.02962	0.03173	0.02433	0.03279	0.03279	0.02010	0.52721	0.04971	0.06663	0.02538	0.02538	0.01798	0.01269	0.01058	0.00317	0.01163	0.00952	0.01058	0.01798
18	0.05926	0.01148	0.01386	0.01387	0.01667	0.01088	0.01072	0.01964	0.02647	0.03733	0.32435	0.12847	0.17209	0.02385	0.01248	0.00367	0.00605	0.08860	0.01054	0.00973
19	0.01535	0.01802	0.10546	0.01540	0.02034	0.01210	0.01426	0.02093	0.02715	0.03731	0.35062	0.07560	0.20539	0.02106	0.01208	0.00339	0.00684	0.01809	0.00998	0.01063
20	0.13420	0.01907	0.02087	0.01537	0.02430	0.01568	0.01235	0.02736	0.02128	0.03659	0.01812	0.02114	0.01497	0.00816	0.00762	0.00185	0.00789	0.00618	0.00631	0.58071
21	0.02196	0.01542	0.02107	0.11625	0.06359	0.01590	0.01625	0.08577	0.02569	0.09023	0.04732	0.30705	0.08516	0.02269	0.01207	0.00379	0.00879	0.02007	0.00912	0.01184
22	0.13796	0.02602	0.07133	0.10791	0.34178	0.02533	0.02804	0.07391	0.02483	0.03854	0.01933	0.02458	0.01548	0.00993	0.00981	0.00322	0.01213	0.00871	0.00580	0.01537
23	0.02441	0.02272	0.03599	0.26205	0.24409	0.02631	0.02874	0.06873	0.02370	0.03272	0.01892	0.02638	0.01536	0.01162	0.01451	0.00353	0.11140	0.00939	0.00535	0.01407

[dist]
# distance from previous block
# <min> <max>
0	1

[block]
# block no. 5 follows, 13 sequences, length 10
# corresponding to MSA columns:
# 197-206
name=unknown_F
#
# <colnr> <probs for GDERKNQSTAVLIFYWHMCP>
#	G	D	E	R	K	N	Q	S	T	A	V	L	I	F	Y	W	H	M	C	P
0	0.02706	0.11426	0.11201	0.07291	0.03264	0.02063	0.01936	0.03285	0.02406	0.13771	0.06171	0.02872	0.02302	0.01063	0.00915	0.00258	0.01013	0.00849	0.00731	0.24473
1	0.01566	0.01322	0.01960	0.01675	0.02071	0.01185	0.08736	0.01858	0.02363	0.03006	0.15218	0.07670	0.32323	0.02470	0.01673	0.10497	0.00777	0.01837	0.00865	0.00927
2	0.02181	0.02120	0.03442	0.23369	0.11270	0.02614	0.06487	0.02694	0.01968	0.02773	0.01828	0.02741	0.01565	0.01944	0.07241	0.00511	0.22558	0.00977	0.00488	0.01230
3	0.02192	0.01879	0.02192	0.01566	0.02506	0.01409	0.01253	0.02662	0.02192	0.03445	0.01879	0.02192	0.01566	0.00783	0.00783	0.00157	0.00783	0.00626	0.00626	0.69305
4	0.02106	0.02946	0.20711	0.02435	0.02956	0.02281	0.02425	0.02462	0.01751	0.02600	0.01692	0.02557	0.01506	0.02116	0.02847	0.21058	0.23136	0.00875	0.00456	0.01083
5	0.02337	0.18453	0.38119	0.02943	0.04283	0.02885	0.10359	0.03312	0.02251	0.03156	0.01834	0.02197	0.01381	0.00965	0.00964	0.00313	0.01495	0.00798	0.00460	0.01496
6	0.01282	0.00943	0.01203	0.01411	0.01517	0.00864	0.00954	0.01479	0.02083	0.02723	0.06574	0.54210	0.14454	0.03215	0.01334	0.00418	0.00602	0.02887	0.00982	0.00864
7	0.11872	0.04979	0.49383	0.02781	0.04214	0.02444	0.03512	0.03314	0.02170	0.03548	0.01837	0.02159	0.01312	0.01001	0.00954	0.00334	0.01456	0.00751	0.00476	0.01503
8	0.01935	0.01360	0.01911	0.01659	0.01933	0.01312	0.05003	0.02152	0.06513	0.02482	0.02482	0.04067	0.02428	0.18173	0.03469	0.29913	0.00987	0.01089	0.00593	0.10539
9	0.02589	0.34428	0.14275	0.02229	0.03072	0.03492	0.02253	0.03466	0.09769	0.02940	0.01953	0.02220	0.01634	0.01146	0.01224	0.00302	0.10301	0.00753	0.00545	0.01411

[dist]
# distance from previous block
# <min> <max>
0	4

# created by:
# /st0/software/busco_prod/Augustus/scripts/msa2prfl.pl ./align_prep/7428.fa
