[name]
unknown

[dist]
# distance from previous block
# <min> <max>
0	0

[block]
# block no. 0 follows, 14 sequences, length 11
# corresponding to MSA columns:
# 0-10
name=unknown_A
#
# <colnr> <probs for GDERKNQSTAVLIFYWHMCP>
#	G	D	E	R	K	N	Q	S	T	A	V	L	I	F	Y	W	H	M	C	P
0	0.01654	0.01181	0.01654	0.01890	0.02126	0.01181	0.01654	0.02126	0.02362	0.03071	0.05433	0.11576	0.05906	0.02835	0.01417	0.00472	0.00945	0.50626	0.00945	0.00945
1	0.02553	0.02204	0.02320	0.02088	0.02669	0.02553	0.01624	0.05453	0.55679	0.04293	0.04177	0.03829	0.03133	0.01392	0.01044	0.00348	0.00812	0.01160	0.01044	0.01624
2	0.02058	0.05308	0.58618	0.02925	0.04442	0.02383	0.03792	0.03250	0.02167	0.03250	0.01842	0.02167	0.01300	0.00975	0.00975	0.00325	0.01517	0.00758	0.00433	0.01517
3	0.02341	0.01486	0.01862	0.01622	0.01962	0.01542	0.01242	0.06244	0.06620	0.13372	0.25684	0.05615	0.05603	0.12191	0.02032	0.00447	0.06535	0.01443	0.00992	0.01164
4	0.01639	0.01274	0.01530	0.01571	0.01809	0.01317	0.01133	0.02605	0.16330	0.03401	0.16942	0.34961	0.06483	0.02481	0.01217	0.00377	0.00627	0.02213	0.01017	0.01073
5	0.02077	0.01857	0.02689	0.17335	0.17548	0.02016	0.02117	0.03171	0.14520	0.03464	0.12784	0.04494	0.08788	0.01422	0.01078	0.00331	0.00966	0.01257	0.00769	0.01319
6	0.01938	0.01824	0.03078	0.61468	0.07068	0.02280	0.02850	0.02622	0.02052	0.02622	0.01824	0.02736	0.01368	0.01026	0.01026	0.00342	0.01368	0.00912	0.00456	0.01140
7	0.71184	0.01985	0.01508	0.01350	0.01985	0.02302	0.01111	0.03017	0.01746	0.04604	0.01429	0.01667	0.01111	0.00953	0.00635	0.00318	0.00794	0.00556	0.00635	0.01111
8	0.02176	0.01405	0.02013	0.01750	0.02113	0.01367	0.05879	0.02715	0.06047	0.12362	0.16667	0.06108	0.04869	0.18218	0.06605	0.00612	0.01029	0.06077	0.00900	0.01087
9	0.02427	0.01923	0.02592	0.07795	0.12407	0.01650	0.01727	0.02924	0.02237	0.08709	0.02062	0.02389	0.01625	0.00861	0.00855	0.00212	0.00906	0.00730	0.00642	0.45327
10	0.64839	0.02069	0.01656	0.01445	0.02098	0.02385	0.01191	0.07835	0.02037	0.04780	0.01527	0.01742	0.01171	0.00979	0.00672	0.00317	0.00825	0.00590	0.00672	0.01171

[dist]
# distance from previous block
# <min> <max>
0	3

[block]
# block no. 1 follows, 14 sequences, length 59
# corresponding to MSA columns:
# 14-72
name=unknown_B
#
# <colnr> <probs for GDERKNQSTAVLIFYWHMCP>
#	G	D	E	R	K	N	Q	S	T	A	V	L	I	F	Y	W	H	M	C	P
0	0.01738	0.01116	0.01442	0.01322	0.01626	0.01012	0.01005	0.02195	0.02862	0.09245	0.48039	0.07443	0.12887	0.02059	0.01193	0.00324	0.00525	0.01802	0.01129	0.01035
1	0.02234	0.02061	0.03441	0.13559	0.38310	0.02125	0.02738	0.02804	0.02270	0.03151	0.02668	0.08284	0.02553	0.01363	0.01094	0.00341	0.01158	0.07851	0.00593	0.01402
2	0.02744	0.64552	0.05378	0.01756	0.02634	0.04061	0.01756	0.03073	0.02085	0.02414	0.01427	0.01646	0.01317	0.00878	0.00658	0.00219	0.01097	0.00549	0.00439	0.01317
3	0.01467	0.01048	0.01439	0.01676	0.01830	0.01020	0.01329	0.01803	0.02178	0.02862	0.05537	0.35546	0.06315	0.03011	0.01368	0.00447	0.00783	0.28502	0.00949	0.00893
4	0.06962	0.01777	0.02027	0.01491	0.02333	0.01404	0.01190	0.02566	0.02159	0.03491	0.05944	0.02512	0.02105	0.00874	0.00785	0.00177	0.00742	0.00698	0.00649	0.60114
5	0.01315	0.01044	0.01181	0.01147	0.01449	0.00910	0.00860	0.01670	0.02580	0.03344	0.30231	0.08935	0.36925	0.02386	0.01212	0.00336	0.00505	0.02034	0.01028	0.00910
6	0.01681	0.01090	0.01462	0.01492	0.01728	0.01020	0.01149	0.02080	0.02559	0.07593	0.29372	0.22030	0.07630	0.02469	0.01265	0.00377	0.00638	0.12318	0.01057	0.00988
7	0.02422	0.02768	0.06055	0.04325	0.05363	0.02595	0.53806	0.03287	0.02422	0.03287	0.02076	0.02768	0.01557	0.00865	0.01211	0.00346	0.01730	0.01211	0.00519	0.01384
8	0.02744	0.64552	0.05378	0.01756	0.02634	0.04061	0.01756	0.03073	0.02085	0.02414	0.01427	0.01646	0.01317	0.00878	0.00658	0.00219	0.01097	0.00549	0.00439	0.01317
9	0.45735	0.01939	0.01834	0.01556	0.02230	0.02102	0.01273	0.03813	0.07304	0.19724	0.02435	0.02392	0.01711	0.01085	0.00787	0.00320	0.00818	0.00749	0.00854	0.01340
10	0.02128	0.01824	0.02128	0.01520	0.02432	0.01368	0.01216	0.02584	0.02128	0.03344	0.01824	0.02128	0.01520	0.00760	0.00760	0.00152	0.00760	0.00608	0.00608	0.70208
11	0.02128	0.01824	0.02128	0.01520	0.02432	0.01368	0.01216	0.02584	0.02128	0.03344	0.01824	0.02128	0.01520	0.00760	0.00760	0.00152	0.00760	0.00608	0.00608	0.70208
12	0.02128	0.01824	0.02128	0.01520	0.02432	0.01368	0.01216	0.02584	0.02128	0.03344	0.01824	0.02128	0.01520	0.00760	0.00760	0.00152	0.00760	0.00608	0.00608	0.70208
13	0.71184	0.01985	0.01508	0.01350	0.01985	0.02302	0.01111	0.03017	0.01746	0.04604	0.01429	0.01667	0.01111	0.00953	0.00635	0.00318	0.00794	0.00556	0.00635	0.01111
14	0.71184	0.01985	0.01508	0.01350	0.01985	0.02302	0.01111	0.03017	0.01746	0.04604	0.01429	0.01667	0.01111	0.00953	0.00635	0.00318	0.00794	0.00556	0.00635	0.01111
15	0.01483	0.01032	0.01310	0.01310	0.01376	0.01098	0.00859	0.01615	0.01549	0.02131	0.03059	0.05751	0.03312	0.43723	0.24862	0.01230	0.01625	0.01351	0.00596	0.00728
16	0.02259	0.01902	0.02198	0.01582	0.02487	0.01502	0.01270	0.06388	0.02327	0.03575	0.01871	0.02153	0.01537	0.00795	0.00780	0.00164	0.00787	0.00631	0.00639	0.65154
17	0.04012	0.02284	0.02664	0.02088	0.02862	0.02359	0.01710	0.25570	0.11402	0.28775	0.03406	0.03112	0.02295	0.01272	0.01032	0.00318	0.00971	0.01006	0.01136	0.01728
18	0.01280	0.01042	0.01132	0.01110	0.01427	0.00895	0.00832	0.01602	0.02497	0.03147	0.23399	0.09259	0.43880	0.02459	0.01212	0.00340	0.00510	0.02079	0.01002	0.00895
19	0.01938	0.01824	0.03078	0.61468	0.07068	0.02280	0.02850	0.02622	0.02052	0.02622	0.01824	0.02736	0.01368	0.01026	0.01026	0.00342	0.01368	0.00912	0.00456	0.01140
20	0.01370	0.01077	0.01418	0.01418	0.01663	0.01125	0.01092	0.01696	0.01911	0.02530	0.05649	0.06248	0.23254	0.05763	0.37623	0.01155	0.01903	0.01504	0.00703	0.00897
21	0.13627	0.08868	0.18424	0.02059	0.03041	0.02121	0.02118	0.04024	0.02460	0.29313	0.02781	0.02667	0.01859	0.01101	0.00921	0.00310	0.01065	0.00837	0.00859	0.01545
22	0.01938	0.01824	0.03078	0.61468	0.07068	0.02280	0.02850	0.02622	0.02052	0.02622	0.01824	0.02736	0.01368	0.01026	0.01026	0.00342	0.01368	0.00912	0.00456	0.01140
23	0.01938	0.01824	0.03078	0.61468	0.07068	0.02280	0.02850	0.02622	0.02052	0.02622	0.01824	0.02736	0.01368	0.01026	0.01026	0.00342	0.01368	0.00912	0.00456	0.01140
24	0.01259	0.00975	0.01148	0.01245	0.01450	0.00864	0.00880	0.01510	0.02241	0.02868	0.13977	0.33521	0.28765	0.02814	0.01256	0.00375	0.00549	0.02465	0.00974	0.00864
25	0.02128	0.01824	0.02128	0.01520	0.02432	0.01368	0.01216	0.02584	0.02128	0.03344	0.01824	0.02128	0.01520	0.00760	0.00760	0.00152	0.00760	0.00608	0.00608	0.70208
26	0.03886	0.03321	0.03042	0.02424	0.03180	0.15730	0.01958	0.43030	0.04400	0.05591	0.02269	0.02328	0.01651	0.01193	0.01004	0.00298	0.01289	0.00866	0.00916	0.01622
27	0.02730	0.02293	0.02420	0.02124	0.02736	0.02635	0.01667	0.11859	0.48985	0.04579	0.03951	0.03649	0.02950	0.01371	0.01042	0.00343	0.00854	0.01129	0.01042	0.01640
28	0.71184	0.01985	0.01508	0.01350	0.01985	0.02302	0.01111	0.03017	0.01746	0.04604	0.01429	0.01667	0.01111	0.00953	0.00635	0.00318	0.00794	0.00556	0.00635	0.01111
29	0.02128	0.01824	0.02128	0.01520	0.02432	0.01368	0.01216	0.02584	0.02128	0.03344	0.01824	0.02128	0.01520	0.00760	0.00760	0.00152	0.00760	0.00608	0.00608	0.70208
30	0.02873	0.02262	0.02426	0.02107	0.02734	0.02565	0.01660	0.11906	0.45279	0.08289	0.03940	0.03624	0.02907	0.01363	0.01041	0.00341	0.00859	0.01120	0.01057	0.01649
31	0.71184	0.01985	0.01508	0.01350	0.01985	0.02302	0.01111	0.03017	0.01746	0.04604	0.01429	0.01667	0.01111	0.00953	0.00635	0.00318	0.00794	0.00556	0.00635	0.01111
32	0.02376	0.01222	0.01580	0.01422	0.01738	0.01119	0.01033	0.02662	0.02405	0.19475	0.19770	0.13534	0.05550	0.18832	0.02263	0.00517	0.00754	0.01652	0.01010	0.01088
33	0.03869	0.01910	0.02360	0.01920	0.02637	0.01882	0.01550	0.05163	0.21828	0.38920	0.04095	0.03613	0.02752	0.01314	0.01036	0.00328	0.00851	0.01078	0.01189	0.01703
34	0.01280	0.00975	0.01159	0.01291	0.01467	0.00880	0.00911	0.01497	0.02100	0.02664	0.07270	0.35619	0.25603	0.07184	0.01553	0.00434	0.00618	0.05727	0.00929	0.00839
35	0.01456	0.00980	0.01130	0.01165	0.01174	0.00971	0.00671	0.01483	0.01563	0.02084	0.03594	0.15143	0.04186	0.54886	0.04640	0.00909	0.00935	0.01705	0.00671	0.00653
36	0.23055	0.01842	0.02134	0.01709	0.02446	0.01796	0.01405	0.04476	0.05924	0.39879	0.03326	0.03005	0.02179	0.01189	0.00922	0.00319	0.00847	0.00907	0.01079	0.01562
37	0.16083	0.01383	0.01612	0.01415	0.01852	0.01349	0.01111	0.02798	0.02680	0.15600	0.34725	0.05586	0.06463	0.01694	0.01058	0.00321	0.00628	0.01422	0.01060	0.01161
38	0.26484	0.01466	0.01562	0.01534	0.01887	0.01662	0.01183	0.02473	0.06185	0.03383	0.02976	0.15033	0.02937	0.03866	0.22091	0.00819	0.01458	0.01274	0.00702	0.01028
39	0.03948	0.01572	0.02114	0.01707	0.02360	0.01375	0.01374	0.04321	0.02746	0.46632	0.04216	0.11681	0.03127	0.01530	0.01047	0.00325	0.00806	0.01284	0.06271	0.01563
40	0.23620	0.01814	0.02132	0.01690	0.02438	0.01735	0.01395	0.04434	0.02597	0.42924	0.03300	0.02971	0.02132	0.01179	0.00919	0.00318	0.00851	0.00896	0.01089	0.01565
41	0.02078	0.01213	0.01532	0.01422	0.01809	0.01085	0.01131	0.02479	0.02671	0.14967	0.25011	0.07995	0.21014	0.02175	0.01204	0.00351	0.00645	0.09038	0.01082	0.01100
42	0.02048	0.01348	0.01743	0.01767	0.02066	0.01354	0.01462	0.07261	0.02558	0.07395	0.08950	0.09052	0.05241	0.11609	0.01901	0.00511	0.00927	0.30827	0.00944	0.01035
43	0.22659	0.01784	0.01984	0.01655	0.02295	0.01812	0.01337	0.04077	0.10456	0.27437	0.10779	0.03615	0.03230	0.01315	0.00947	0.00323	0.00787	0.01033	0.01037	0.01439
44	0.01468	0.01092	0.01612	0.01612	0.01782	0.01263	0.01236	0.01809	0.01638	0.02355	0.02783	0.04220	0.02647	0.11648	0.56029	0.01603	0.02626	0.01127	0.00555	0.00896
45	0.71184	0.01985	0.01508	0.01350	0.01985	0.02302	0.01111	0.03017	0.01746	0.04604	0.01429	0.01667	0.01111	0.00953	0.00635	0.00318	0.00794	0.00556	0.00635	0.01111
46	0.01490	0.01005	0.01171	0.01171	0.01188	0.01023	0.00686	0.01525	0.01508	0.02028	0.03187	0.06456	0.03618	0.58490	0.10514	0.01058	0.01165	0.01454	0.00615	0.00650
47	0.01466	0.01100	0.01649	0.01649	0.01833	0.01283	0.01283	0.01833	0.01649	0.02382	0.02749	0.04032	0.02566	0.07697	0.59868	0.01649	0.02749	0.01100	0.00550	0.00916
48	0.02438	0.02563	0.05053	0.09168	0.27370	0.02507	0.28974	0.03183	0.02360	0.03268	0.01997	0.02670	0.01573	0.00897	0.01116	0.00328	0.01490	0.01066	0.00510	0.01468
49	0.01286	0.01001	0.01169	0.01215	0.01453	0.00884	0.00878	0.01582	0.02381	0.03080	0.21236	0.24377	0.30505	0.02642	0.01240	0.00360	0.00532	0.02297	0.00999	0.00884
50	0.45322	0.02244	0.01958	0.01704	0.02277	0.06195	0.01386	0.10749	0.02273	0.04400	0.01720	0.02067	0.01378	0.01709	0.06622	0.00450	0.04990	0.00693	0.00668	0.01195
51	0.02348	0.02964	0.15859	0.03422	0.04423	0.02238	0.32249	0.03192	0.02476	0.07038	0.10342	0.03423	0.02781	0.01098	0.01151	0.00336	0.01444	0.01203	0.00642	0.01373
52	0.36100	0.02045	0.02662	0.06328	0.03084	0.02215	0.12458	0.05891	0.02136	0.03964	0.02170	0.03337	0.01910	0.05563	0.01206	0.00387	0.01081	0.05655	0.00650	0.01158
53	0.03094	0.03702	0.02865	0.14571	0.08244	0.37871	0.02136	0.03470	0.02635	0.02628	0.02515	0.02862	0.06758	0.01189	0.00981	0.00291	0.01573	0.00878	0.00554	0.01184
54	0.08002	0.02342	0.07275	0.18967	0.12156	0.02289	0.14296	0.03013	0.02213	0.07265	0.02589	0.03104	0.05339	0.01144	0.01208	0.00340	0.05523	0.01036	0.00586	0.01313
55	0.02272	0.03316	0.26576	0.10907	0.07808	0.02180	0.05882	0.03079	0.02224	0.08440	0.06001	0.02960	0.02152	0.01612	0.05335	0.00428	0.05907	0.00955	0.00586	0.01377
56	0.02109	0.01978	0.03234	0.45541	0.16815	0.02334	0.02809	0.02960	0.06513	0.02906	0.02039	0.02786	0.01565	0.01034	0.01025	0.00335	0.01293	0.00933	0.00515	0.01277
57	0.02121	0.02121	0.03062	0.55773	0.06691	0.07850	0.02766	0.02765	0.02135	0.02611	0.01801	0.02650	0.01364	0.01029	0.01016	0.00334	0.01415	0.00888	0.00463	0.01145
58	0.15480	0.06281	0.06570	0.06528	0.11889	0.01966	0.01742	0.02891	0.02024	0.11066	0.02463	0.03617	0.02193	0.18782	0.02108	0.00502	0.01049	0.00990	0.00661	0.01199

[dist]
# distance from previous block
# <min> <max>
0	86

[block]
# block no. 2 follows, 14 sequences, length 53
# corresponding to MSA columns:
# 159-211
name=unknown_C
#
# <colnr> <probs for GDERKNQSTAVLIFYWHMCP>
#	G	D	E	R	K	N	Q	S	T	A	V	L	I	F	Y	W	H	M	C	P
0	0.02209	0.09024	0.24155	0.02100	0.02959	0.01977	0.02239	0.06075	0.02430	0.08454	0.07616	0.15778	0.07410	0.01676	0.01057	0.00333	0.01049	0.01405	0.00749	0.01303
1	0.02990	0.02048	0.03156	0.08906	0.27861	0.02047	0.02337	0.03734	0.07640	0.19181	0.03031	0.07515	0.02402	0.01246	0.01046	0.00324	0.01045	0.01122	0.00809	0.01560
2	0.02855	0.22122	0.16471	0.06943	0.03348	0.06619	0.02210	0.03440	0.02416	0.14406	0.07510	0.02840	0.02384	0.01125	0.00913	0.00288	0.01165	0.00863	0.00685	0.01396
3	0.02125	0.11063	0.53446	0.02811	0.04266	0.02546	0.03594	0.03233	0.02159	0.03169	0.01801	0.02116	0.01302	0.00966	0.00944	0.00315	0.01476	0.00738	0.00434	0.01497
4	0.02063	0.01934	0.03000	0.04082	0.31139	0.02016	0.02253	0.02494	0.02192	0.03020	0.04186	0.10110	0.15046	0.01657	0.01427	0.00346	0.09691	0.01399	0.00647	0.01299
5	0.01664	0.01688	0.07184	0.01786	0.02071	0.01532	0.01498	0.02207	0.06478	0.02766	0.04476	0.21081	0.09149	0.11521	0.05871	0.00569	0.09056	0.07638	0.00769	0.00997
6	0.07280	0.07440	0.07121	0.01963	0.02575	0.06476	0.01667	0.03976	0.21899	0.10766	0.03640	0.14540	0.03177	0.01593	0.01019	0.00336	0.00938	0.01317	0.00889	0.01388
7	0.03197	0.01641	0.02095	0.01779	0.02347	0.01575	0.01450	0.07941	0.08127	0.28386	0.16489	0.05550	0.04673	0.01692	0.01128	0.00343	0.00807	0.08189	0.01150	0.01440
8	0.01938	0.01824	0.03078	0.61468	0.07068	0.02280	0.02850	0.02622	0.02052	0.02622	0.01824	0.02736	0.01368	0.01026	0.01026	0.00342	0.01368	0.00912	0.00456	0.01140
9	0.03721	0.01948	0.03017	0.10775	0.06490	0.01866	0.08153	0.04389	0.06144	0.37323	0.03392	0.03270	0.02246	0.01176	0.01053	0.00326	0.01061	0.01039	0.01009	0.01603
10	0.02397	0.01506	0.01768	0.01499	0.02028	0.01393	0.01179	0.06745	0.07277	0.15415	0.17325	0.06199	0.20844	0.01820	0.01101	0.00313	0.00682	0.01525	0.01040	0.07943
11	0.01308	0.00980	0.01214	0.01288	0.01478	0.00886	0.00916	0.01607	0.02367	0.03151	0.23786	0.31863	0.20016	0.02695	0.01253	0.00369	0.00540	0.02383	0.01011	0.00886
12	0.01755	0.01544	0.02000	0.01927	0.05134	0.05077	0.04350	0.02221	0.02661	0.03645	0.37988	0.06308	0.09924	0.02266	0.05106	0.00414	0.04097	0.01604	0.00936	0.01044
13	0.02128	0.01824	0.02128	0.01520	0.02432	0.01368	0.01216	0.02584	0.02128	0.03344	0.01824	0.02128	0.01520	0.00760	0.00760	0.00152	0.00760	0.00608	0.00608	0.70208
14	0.01456	0.01034	0.01293	0.01266	0.01401	0.01029	0.00865	0.01699	0.02043	0.02814	0.21406	0.06754	0.08940	0.29444	0.13410	0.00848	0.01109	0.01586	0.00798	0.00805
15	0.01262	0.00902	0.01201	0.01421	0.01491	0.00841	0.00954	0.01459	0.02020	0.02708	0.08682	0.59988	0.06958	0.03149	0.01304	0.00411	0.00589	0.02855	0.00963	0.00841
16	0.02422	0.02768	0.06055	0.04325	0.05363	0.02595	0.53806	0.03287	0.02422	0.03287	0.02076	0.02768	0.01557	0.00865	0.01211	0.00346	0.01730	0.01211	0.00519	0.01384
17	0.04604	0.01746	0.02382	0.01826	0.02620	0.01508	0.01508	0.05001	0.02937	0.58244	0.04049	0.03493	0.02540	0.01270	0.01032	0.00318	0.00873	0.01032	0.01270	0.01746
18	0.02058	0.05308	0.58618	0.02925	0.04442	0.02383	0.03792	0.03250	0.02167	0.03250	0.01842	0.02167	0.01300	0.00975	0.00975	0.00325	0.01517	0.00758	0.00433	0.01517
19	0.01994	0.04277	0.45241	0.02554	0.03717	0.02035	0.03114	0.02803	0.01973	0.02907	0.01828	0.02389	0.01413	0.01580	0.01684	0.16629	0.01371	0.00789	0.00436	0.01267
20	0.02744	0.64552	0.05378	0.01756	0.02634	0.04061	0.01756	0.03073	0.02085	0.02414	0.01427	0.01646	0.01317	0.00878	0.00658	0.00219	0.01097	0.00549	0.00439	0.01317
21	0.01707	0.01530	0.02439	0.41578	0.05213	0.01805	0.02206	0.02232	0.02060	0.02636	0.03552	0.17564	0.08049	0.01690	0.01110	0.00360	0.01105	0.01502	0.00620	0.01042
22	0.01996	0.01884	0.03184	0.56109	0.11970	0.02295	0.02879	0.02673	0.02080	0.02693	0.01834	0.02717	0.01393	0.01015	0.01025	0.00338	0.01354	0.00912	0.00461	0.01187
23	0.01591	0.01009	0.01479	0.01479	0.01574	0.01104	0.01069	0.01609	0.01514	0.02113	0.02421	0.03931	0.02372	0.11394	0.33118	0.28080	0.01865	0.01056	0.00516	0.00706
24	0.01965	0.01208	0.01616	0.01508	0.01778	0.01176	0.01141	0.02345	0.02597	0.12298	0.32625	0.19601	0.07278	0.02205	0.01357	0.00353	0.04910	0.01905	0.01063	0.01072
25	0.02398	0.03247	0.21479	0.17586	0.08589	0.06085	0.06116	0.03312	0.05296	0.07673	0.06310	0.02969	0.02194	0.01113	0.01029	0.00325	0.01324	0.00959	0.00611	0.01384
26	0.03499	0.06637	0.02986	0.08154	0.07211	0.02227	0.01953	0.03895	0.02423	0.31486	0.02845	0.02918	0.01987	0.01313	0.01548	0.00342	0.15252	0.00944	0.00879	0.01500
27	0.02146	0.01993	0.02447	0.13059	0.06669	0.10322	0.05058	0.02415	0.02030	0.02601	0.02609	0.13148	0.02598	0.05351	0.01947	0.11867	0.05734	0.01264	0.05758	0.00985
28	0.02280	0.02489	0.08343	0.24121	0.23394	0.02413	0.10197	0.03215	0.07261	0.03175	0.02119	0.02730	0.01643	0.00995	0.01047	0.00329	0.01329	0.00966	0.00536	0.01417
29	0.02551	0.03154	0.23059	0.10324	0.13796	0.02101	0.06128	0.03344	0.02410	0.13116	0.07623	0.03113	0.02420	0.01125	0.01037	0.00323	0.01243	0.00990	0.00672	0.01470
30	0.02125	0.02477	0.12423	0.10660	0.16728	0.02030	0.07317	0.05926	0.02253	0.03090	0.02879	0.04008	0.06178	0.15241	0.01990	0.00475	0.01229	0.01141	0.00583	0.01248
31	0.01943	0.01729	0.02726	0.17194	0.12270	0.01849	0.06231	0.02777	0.08995	0.03238	0.10434	0.14691	0.04067	0.01714	0.01148	0.00359	0.01018	0.05650	0.00760	0.01206
32	0.02997	0.03815	0.34292	0.02812	0.08138	0.02079	0.02932	0.03861	0.02453	0.22693	0.02629	0.02666	0.01765	0.01074	0.00998	0.00321	0.01265	0.00868	0.00735	0.01607
33	0.02592	0.03552	0.21572	0.11628	0.12650	0.11354	0.05643	0.03337	0.02426	0.07781	0.05897	0.02789	0.02074	0.01084	0.01015	0.00315	0.01386	0.00915	0.00588	0.01402
34	0.02205	0.10316	0.41794	0.03130	0.04478	0.02589	0.14838	0.03242	0.02216	0.03180	0.01855	0.02253	0.01359	0.00941	0.00998	0.00320	0.01525	0.00840	0.00453	0.01468
35	0.03888	0.06606	0.03223	0.02858	0.12529	0.06310	0.05794	0.04343	0.02731	0.36327	0.03158	0.03017	0.02128	0.01133	0.01008	0.00307	0.01088	0.00963	0.00965	0.01626
36	0.02574	0.02971	0.19297	0.20775	0.18034	0.02218	0.02969	0.03338	0.02306	0.12416	0.02233	0.02651	0.01611	0.01025	0.01010	0.00324	0.01290	0.00888	0.00600	0.01472
37	0.01291	0.01043	0.01149	0.01122	0.01434	0.00900	0.00842	0.01625	0.02525	0.03213	0.25681	0.09151	0.41557	0.02435	0.01212	0.00339	0.00508	0.02064	0.01011	0.00900
38	0.01654	0.01181	0.01654	0.01890	0.02126	0.01181	0.01654	0.02126	0.02362	0.03071	0.05433	0.11576	0.05906	0.02835	0.01417	0.00472	0.00945	0.50626	0.00945	0.00945
39	0.02700	0.02575	0.07833	0.05640	0.48623	0.02347	0.03040	0.03331	0.02381	0.08514	0.02124	0.02603	0.01689	0.00952	0.01015	0.00307	0.01208	0.00914	0.00574	0.01629
40	0.17555	0.19950	0.08506	0.02165	0.02901	0.27695	0.01910	0.03522	0.02378	0.02996	0.01535	0.01788	0.01274	0.00981	0.00799	0.00270	0.01399	0.00619	0.00519	0.01237
41	0.01658	0.01405	0.01592	0.01476	0.01726	0.05112	0.01125	0.02087	0.02748	0.03759	0.44754	0.07017	0.12455	0.02045	0.01368	0.00331	0.05613	0.01723	0.01018	0.00987
42	0.02459	0.07128	0.02596	0.11723	0.03257	0.01768	0.01575	0.02936	0.02213	0.10047	0.02070	0.02362	0.01605	0.00879	0.00831	0.00211	0.00906	0.00708	0.00651	0.44075
43	0.60910	0.06482	0.06439	0.01506	0.02229	0.02428	0.01374	0.03039	0.01804	0.04346	0.01463	0.01706	0.01141	0.00949	0.00664	0.00312	0.00873	0.00572	0.00605	0.01158
44	0.01713	0.00930	0.01367	0.01367	0.01394	0.00958	0.00929	0.01423	0.01395	0.01888	0.02036	0.03527	0.02046	0.08734	0.12441	0.54703	0.01176	0.00968	0.00474	0.00529
45	0.02362	0.08597	0.11285	0.08987	0.27501	0.06639	0.02643	0.02987	0.02400	0.03248	0.10739	0.03197	0.02809	0.01131	0.01002	0.00303	0.01191	0.00991	0.00589	0.01401
46	0.02965	0.01604	0.02033	0.01618	0.02249	0.01413	0.01294	0.06913	0.02892	0.24738	0.21557	0.04563	0.04712	0.01444	0.01036	0.00284	0.00735	0.01218	0.01068	0.15663
47	0.48102	0.13697	0.11156	0.01669	0.02486	0.02629	0.01647	0.03063	0.01873	0.04000	0.01493	0.01742	0.01178	0.00943	0.00693	0.00301	0.00961	0.00586	0.00568	0.01212
48	0.02795	0.07429	0.33921	0.02776	0.04005	0.02287	0.10116	0.03690	0.02394	0.17172	0.02411	0.02558	0.01652	0.01029	0.01005	0.00320	0.01359	0.00879	0.00658	0.01545
49	0.03325	0.02840	0.03078	0.13210	0.07908	0.09970	0.02158	0.31460	0.03727	0.04847	0.02158	0.02419	0.01601	0.01119	0.00996	0.00298	0.01246	0.00868	0.00796	0.05978
50	0.01945	0.01578	0.01813	0.01648	0.02075	0.01637	0.01256	0.03381	0.24164	0.03988	0.26020	0.10297	0.06011	0.01780	0.01109	0.00325	0.00653	0.01546	0.01031	0.07743
51	0.02307	0.01805	0.02153	0.01931	0.02368	0.02064	0.01526	0.14049	0.18340	0.03819	0.03111	0.03637	0.02559	0.04450	0.29892	0.00978	0.01830	0.01080	0.00798	0.01303
52	0.02611	0.02419	0.07978	0.13910	0.26540	0.02275	0.02623	0.06944	0.07506	0.08813	0.02602	0.06695	0.02129	0.01190	0.01038	0.00326	0.01151	0.01066	0.00683	0.01503

[dist]
# distance from previous block
# <min> <max>
5	9

[block]
# block no. 3 follows, 14 sequences, length 6
# corresponding to MSA columns:
# 221-226
name=unknown_D
#
# <colnr> <probs for GDERKNQSTAVLIFYWHMCP>
#	G	D	E	R	K	N	Q	S	T	A	V	L	I	F	Y	W	H	M	C	P
0	0.03093	0.02202	0.02617	0.02241	0.06961	0.02123	0.01666	0.17963	0.09171	0.12779	0.02625	0.02660	0.01934	0.01057	0.00930	0.00256	0.00924	0.00850	0.00871	0.27079
1	0.01666	0.01282	0.01531	0.01513	0.01765	0.01319	0.01097	0.02614	0.15453	0.03549	0.24672	0.22953	0.06750	0.07221	0.01521	0.00411	0.00638	0.01967	0.01016	0.01062
2	0.25140	0.02489	0.12391	0.23320	0.04336	0.02204	0.02268	0.03178	0.02089	0.10727	0.01990	0.02382	0.01426	0.01025	0.00889	0.00328	0.01140	0.00783	0.00618	0.01278
3	0.02476	0.01731	0.01971	0.01555	0.02202	0.01556	0.01216	0.11714	0.02674	0.10378	0.04210	0.04579	0.13767	0.09261	0.01500	0.00348	0.00819	0.01159	0.00839	0.26045
4	0.08681	0.01606	0.02191	0.09039	0.09749	0.01734	0.01595	0.09906	0.02119	0.03061	0.01877	0.02764	0.01646	0.02326	0.02506	0.35812	0.01016	0.00870	0.00561	0.00940
5	0.14994	0.14483	0.05906	0.01601	0.02226	0.01999	0.01426	0.02588	0.02113	0.06274	0.03700	0.13699	0.09036	0.01644	0.00940	0.00308	0.00849	0.05240	0.00729	0.10244

[dist]
# distance from previous block
# <min> <max>
0	5

# created by:
# /st0/software/busco_prod/Augustus/scripts/msa2prfl.pl ./align_prep/7434.fa
