[name]
unknown

[dist]
# distance from previous block
# <min> <max>
7	80

[block]
# block no. 0 follows, 15 sequences, length 33
# corresponding to MSA columns:
# 90-122
name=unknown_A
#
# <colnr> <probs for GDERKNQSTAVLIFYWHMCP>
#	G	D	E	R	K	N	Q	S	T	A	V	L	I	F	Y	W	H	M	C	P
0	0.02763	0.59976	0.05003	0.01785	0.02607	0.09185	0.01726	0.03077	0.02099	0.02354	0.01400	0.01617	0.01280	0.00869	0.00663	0.00217	0.01133	0.00543	0.00434	0.01268
1	0.02067	0.01772	0.02067	0.01477	0.02362	0.01329	0.01181	0.02510	0.02067	0.03248	0.01772	0.02067	0.01477	0.00738	0.00738	0.00148	0.00738	0.00591	0.00591	0.71059
2	0.03194	0.11980	0.06964	0.02353	0.02948	0.40838	0.01924	0.03715	0.06802	0.02620	0.02015	0.06389	0.01796	0.01174	0.00905	0.00272	0.01518	0.00828	0.00564	0.01202
3	0.01904	0.01801	0.02995	0.58301	0.06564	0.02275	0.02727	0.02537	0.01960	0.02537	0.01739	0.02624	0.01327	0.01050	0.01159	0.00340	0.05729	0.00885	0.00442	0.01106
4	0.01858	0.00929	0.00929	0.00929	0.01161	0.00929	0.00697	0.02323	0.02091	0.03717	0.03252	0.03717	0.02555	0.01161	0.00697	0.00232	0.00465	0.00929	0.70499	0.00929
5	0.02391	0.25548	0.37358	0.02383	0.03598	0.02815	0.02861	0.03211	0.02127	0.06611	0.01794	0.02018	0.01348	0.00934	0.00846	0.00280	0.01293	0.00685	0.00477	0.01422
6	0.01883	0.01772	0.02990	0.62569	0.06866	0.02215	0.02769	0.02547	0.01993	0.02547	0.01772	0.02658	0.01329	0.00997	0.00997	0.00332	0.01329	0.00886	0.00443	0.01107
7	0.36811	0.01807	0.01907	0.01552	0.02249	0.01834	0.01281	0.03935	0.02299	0.33117	0.02714	0.02544	0.01803	0.01086	0.00818	0.00308	0.00811	0.00781	0.00938	0.01401
8	0.01438	0.01013	0.01324	0.01324	0.01406	0.01095	0.00899	0.01602	0.01520	0.02108	0.02924	0.05324	0.03103	0.38517	0.30810	0.01259	0.01750	0.01274	0.00572	0.00736
9	0.01570	0.01186	0.01469	0.01369	0.01653	0.01169	0.01035	0.02389	0.10864	0.04023	0.50172	0.06893	0.08461	0.01936	0.01152	0.00317	0.00518	0.01702	0.01085	0.01035
10	0.72007	0.01928	0.01465	0.01311	0.01928	0.02236	0.01080	0.02930	0.01697	0.04473	0.01388	0.01619	0.01080	0.00925	0.00617	0.00308	0.00771	0.00540	0.00617	0.01080
11	0.03724	0.04751	0.02825	0.02568	0.03082	0.60963	0.01926	0.03981	0.02825	0.02440	0.01541	0.01798	0.01284	0.01027	0.00899	0.00257	0.01798	0.00642	0.00514	0.01156
12	0.02480	0.02141	0.02254	0.02029	0.02592	0.02480	0.01578	0.05297	0.56946	0.04170	0.04057	0.03719	0.03043	0.01352	0.01014	0.00338	0.00789	0.01127	0.01014	0.01578
13	0.01178	0.01010	0.01010	0.01010	0.01347	0.00842	0.00757	0.01431	0.02272	0.02693	0.10099	0.09594	0.58342	0.02525	0.01178	0.00337	0.00505	0.02104	0.00926	0.00842
14	0.72007	0.01928	0.01465	0.01311	0.01928	0.02236	0.01080	0.02930	0.01697	0.04473	0.01388	0.01619	0.01080	0.00925	0.00617	0.00308	0.00771	0.00540	0.00617	0.01080
15	0.02353	0.02689	0.05882	0.04202	0.05210	0.02521	0.55126	0.03193	0.02353	0.03193	0.02017	0.02689	0.01513	0.00840	0.01176	0.00336	0.01681	0.01176	0.00504	0.01345
16	0.04473	0.01697	0.02313	0.01774	0.02545	0.01465	0.01465	0.04858	0.02853	0.59437	0.03933	0.03393	0.02468	0.01234	0.01003	0.00308	0.00848	0.01003	0.01234	0.01697
17	0.03724	0.04751	0.02825	0.02568	0.03082	0.60963	0.01926	0.03981	0.02825	0.02440	0.01541	0.01798	0.01284	0.01027	0.00899	0.00257	0.01798	0.00642	0.00514	0.01156
18	0.04473	0.01697	0.02313	0.01774	0.02545	0.01465	0.01465	0.04858	0.02853	0.59437	0.03933	0.03393	0.02468	0.01234	0.01003	0.00308	0.00848	0.01003	0.01234	0.01697
19	0.01411	0.01019	0.01333	0.01254	0.01489	0.00941	0.00941	0.01881	0.02822	0.03998	0.58221	0.07447	0.09406	0.02038	0.01176	0.00314	0.00470	0.01803	0.01097	0.00941
20	0.03790	0.02792	0.02992	0.02294	0.03091	0.03091	0.01895	0.55423	0.04687	0.06283	0.02393	0.02393	0.01695	0.01197	0.00997	0.00299	0.01097	0.00898	0.00997	0.01695
21	0.02763	0.59976	0.05003	0.01785	0.02607	0.09185	0.01726	0.03077	0.02099	0.02354	0.01400	0.01617	0.01280	0.00869	0.00663	0.00217	0.01133	0.00543	0.00434	0.01268
22	0.02313	0.02211	0.03768	0.20990	0.45079	0.02328	0.02983	0.02924	0.02197	0.03070	0.01848	0.02517	0.01513	0.00917	0.00989	0.00306	0.01222	0.00888	0.00480	0.01455
23	0.01626	0.01138	0.01301	0.01232	0.01579	0.01026	0.00933	0.02104	0.05911	0.08327	0.21179	0.11722	0.33730	0.02247	0.01157	0.00333	0.00550	0.01912	0.01004	0.00990
24	0.01215	0.00868	0.01157	0.01388	0.01446	0.00810	0.00925	0.01388	0.01909	0.02545	0.05495	0.64315	0.06593	0.03123	0.01272	0.00405	0.00578	0.02834	0.00925	0.00810
25	0.02665	0.65565	0.05224	0.01706	0.02559	0.03945	0.01706	0.02985	0.02026	0.02345	0.01386	0.01599	0.01279	0.00853	0.00640	0.00213	0.01066	0.00533	0.00426	0.01279
26	0.01242	0.00887	0.01188	0.01419	0.01489	0.00833	0.00973	0.01436	0.01936	0.02576	0.05479	0.60594	0.06533	0.03097	0.01280	0.00409	0.00602	0.06284	0.00925	0.00817
27	0.01883	0.01772	0.02990	0.62569	0.06866	0.02215	0.02769	0.02547	0.01993	0.02547	0.01772	0.02658	0.01329	0.00997	0.00997	0.00332	0.01329	0.00886	0.00443	0.01107
28	0.01927	0.01727	0.02912	0.03527	0.23582	0.01694	0.09103	0.02332	0.02032	0.02799	0.03106	0.15425	0.03271	0.15851	0.02015	0.00485	0.01071	0.05374	0.00632	0.01136
29	0.01858	0.00929	0.00929	0.00929	0.01161	0.00929	0.00697	0.02323	0.02091	0.03717	0.03252	0.03717	0.02555	0.01161	0.00697	0.00232	0.00465	0.00929	0.70499	0.00929
30	0.02843	0.11935	0.14105	0.02974	0.11835	0.06838	0.05696	0.19848	0.03061	0.04069	0.05678	0.02552	0.02010	0.01076	0.00953	0.00290	0.01221	0.00875	0.00674	0.01468
31	0.01406	0.01012	0.01389	0.01418	0.01526	0.01106	0.01009	0.01630	0.01593	0.02226	0.03165	0.12201	0.03348	0.24568	0.36455	0.01259	0.01888	0.01404	0.00604	0.00792
32	0.03109	0.09882	0.03111	0.02913	0.17062	0.02231	0.01910	0.09840	0.06952	0.19360	0.06569	0.03029	0.02460	0.01123	0.00947	0.00284	0.00953	0.00939	0.00842	0.06485

[dist]
# distance from previous block
# <min> <max>
0	1

[block]
# block no. 1 follows, 15 sequences, length 25
# corresponding to MSA columns:
# 124-148
name=unknown_B
#
# <colnr> <probs for GDERKNQSTAVLIFYWHMCP>
#	G	D	E	R	K	N	Q	S	T	A	V	L	I	F	Y	W	H	M	C	P
0	0.47602	0.06376	0.02192	0.01997	0.06868	0.14867	0.01460	0.03168	0.02004	0.03812	0.01460	0.01726	0.01176	0.00940	0.00709	0.00291	0.01041	0.00590	0.00573	0.01149
1	0.03096	0.01889	0.02824	0.03372	0.23780	0.01815	0.02004	0.03772	0.07060	0.25386	0.11135	0.03663	0.03196	0.01230	0.01023	0.00307	0.00916	0.01087	0.00914	0.01531
2	0.02980	0.40953	0.08224	0.02030	0.02855	0.14224	0.01911	0.10884	0.02569	0.02997	0.01590	0.01787	0.01340	0.00942	0.00761	0.00241	0.01234	0.00621	0.00526	0.01331
3	0.01298	0.00928	0.01245	0.01430	0.01538	0.00876	0.01022	0.01554	0.02096	0.02819	0.13210	0.48624	0.06888	0.02913	0.01273	0.00399	0.00609	0.09484	0.00950	0.00844
4	0.02916	0.02438	0.03232	0.11144	0.15512	0.02812	0.02322	0.26036	0.03148	0.04323	0.01972	0.02400	0.01541	0.01218	0.01471	0.00332	0.14131	0.00889	0.00698	0.01466
5	0.54038	0.01954	0.01675	0.01481	0.02098	0.02232	0.01202	0.03518	0.12497	0.08055	0.02075	0.02145	0.01553	0.01029	0.00720	0.00314	0.00780	0.00684	0.00735	0.01217
6	0.02156	0.02044	0.03379	0.17182	0.39457	0.02112	0.02660	0.02713	0.02212	0.03025	0.03062	0.03554	0.09865	0.01151	0.01017	0.00310	0.01115	0.01066	0.00546	0.01372
7	0.02061	0.01702	0.01893	0.01725	0.02160	0.01877	0.01328	0.03960	0.35756	0.04103	0.25262	0.05179	0.05534	0.01621	0.01078	0.00328	0.00664	0.01392	0.01047	0.01328
8	0.01215	0.00868	0.01157	0.01388	0.01446	0.00810	0.00925	0.01388	0.01909	0.02545	0.05495	0.64315	0.06593	0.03123	0.01272	0.00405	0.00578	0.02834	0.00925	0.00810
9	0.04010	0.02439	0.02773	0.02126	0.02915	0.02567	0.01756	0.39120	0.04096	0.23420	0.02890	0.02716	0.01944	0.01209	0.00999	0.00302	0.01017	0.00931	0.01074	0.01696
10	0.72007	0.01928	0.01465	0.01311	0.01928	0.02236	0.01080	0.02930	0.01697	0.04473	0.01388	0.01619	0.01080	0.00925	0.00617	0.00308	0.00771	0.00540	0.00617	0.01080
11	0.08621	0.01711	0.02261	0.01745	0.02507	0.01513	0.01442	0.04740	0.02782	0.56061	0.03777	0.03284	0.02382	0.01215	0.00979	0.00308	0.00844	0.00974	0.01196	0.01659
12	0.01230	0.00882	0.01189	0.01403	0.01470	0.00841	0.00948	0.01416	0.01887	0.02528	0.05292	0.59977	0.06299	0.03436	0.05563	0.00491	0.00729	0.02707	0.00897	0.00815
13	0.01486	0.01072	0.01461	0.01676	0.01872	0.01048	0.01390	0.01864	0.02202	0.02861	0.05646	0.23655	0.09398	0.02826	0.01339	0.00438	0.00811	0.37147	0.00920	0.00887
14	0.02710	0.01830	0.02127	0.02008	0.06322	0.05835	0.01445	0.12066	0.03051	0.15972	0.25017	0.08855	0.05224	0.01637	0.01080	0.00311	0.00816	0.01394	0.01011	0.01287
15	0.07360	0.41129	0.11384	0.02002	0.02848	0.15448	0.01960	0.03210	0.02180	0.02608	0.01469	0.01706	0.01265	0.00906	0.00731	0.00241	0.01250	0.00582	0.00456	0.01265
16	0.03988	0.01943	0.02402	0.01899	0.02634	0.01900	0.01550	0.12371	0.13559	0.40965	0.03731	0.03309	0.02465	0.01251	0.01004	0.00313	0.00873	0.01011	0.01157	0.01673
17	0.02565	0.35843	0.03716	0.01757	0.02414	0.11025	0.01556	0.05726	0.05698	0.02942	0.10611	0.03243	0.06803	0.01222	0.00835	0.00255	0.01023	0.00905	0.00639	0.01220
18	0.01817	0.01060	0.01343	0.01368	0.01521	0.01011	0.00947	0.01980	0.01889	0.10200	0.04231	0.24120	0.04627	0.29630	0.02897	0.00642	0.00827	0.08206	0.00828	0.00857
19	0.03080	0.11789	0.03467	0.03087	0.16862	0.02865	0.02085	0.27391	0.06960	0.04583	0.02180	0.02359	0.01678	0.01046	0.00924	0.00277	0.01067	0.00834	0.00758	0.06705
20	0.37919	0.11166	0.02450	0.01825	0.02434	0.24091	0.01472	0.03324	0.02155	0.03450	0.01444	0.01683	0.01181	0.00954	0.00724	0.00277	0.01187	0.00577	0.00554	0.01133
21	0.03707	0.02075	0.02445	0.01967	0.02680	0.02137	0.01595	0.16145	0.19942	0.30668	0.03632	0.03273	0.02475	0.01262	0.01005	0.00316	0.00885	0.01018	0.01114	0.01660
22	0.03382	0.13350	0.03347	0.02515	0.03116	0.44242	0.05544	0.03877	0.06660	0.02605	0.01736	0.01972	0.01429	0.01013	0.00888	0.00262	0.01608	0.00699	0.00537	0.01218
23	0.01479	0.01046	0.01411	0.01607	0.01757	0.01031	0.01278	0.01795	0.02068	0.02712	0.05022	0.24662	0.05654	0.11991	0.01892	0.00519	0.00835	0.31523	0.00874	0.00843
24	0.02445	0.02383	0.04230	0.20237	0.05075	0.02513	0.26447	0.10919	0.08716	0.03573	0.02232	0.02752	0.01659	0.00994	0.01081	0.00330	0.01395	0.01048	0.00616	0.01355

[dist]
# distance from previous block
# <min> <max>
0	10

[block]
# block no. 2 follows, 15 sequences, length 67
# corresponding to MSA columns:
# 159-225
name=unknown_C
#
# <colnr> <probs for GDERKNQSTAVLIFYWHMCP>
#	G	D	E	R	K	N	Q	S	T	A	V	L	I	F	Y	W	H	M	C	P
0	0.01999	0.05157	0.59800	0.02841	0.04315	0.02315	0.03683	0.03157	0.02105	0.03157	0.01789	0.02105	0.01263	0.00947	0.00947	0.00316	0.01473	0.00737	0.00421	0.01473
1	0.02924	0.01607	0.01983	0.01681	0.02221	0.01588	0.01330	0.04033	0.18319	0.25912	0.21314	0.04782	0.04849	0.01525	0.01061	0.00319	0.00711	0.01294	0.01127	0.01421
2	0.01411	0.01019	0.01333	0.01254	0.01489	0.00941	0.00941	0.01881	0.02822	0.03998	0.58221	0.07447	0.09406	0.02038	0.01176	0.00314	0.00470	0.01803	0.01097	0.00941
3	0.01396	0.00992	0.01342	0.01557	0.01683	0.00963	0.01191	0.01678	0.02041	0.02689	0.05245	0.38052	0.06033	0.07121	0.01572	0.00465	0.00748	0.23491	0.00901	0.00842
4	0.03032	0.02416	0.02565	0.02140	0.02803	0.02738	0.01712	0.26436	0.34907	0.05061	0.03356	0.03160	0.02475	0.01287	0.01007	0.00322	0.00919	0.01030	0.01007	0.01627
5	0.02467	0.02369	0.04046	0.06119	0.58747	0.02369	0.03059	0.03059	0.02270	0.03257	0.01875	0.02467	0.01579	0.00888	0.00987	0.00296	0.01184	0.00888	0.00493	0.01579
6	0.03781	0.01544	0.02092	0.01656	0.02307	0.01347	0.01347	0.04186	0.02846	0.46920	0.16190	0.04308	0.04034	0.01415	0.01042	0.00310	0.00763	0.01183	0.01203	0.01526
7	0.01424	0.01068	0.01602	0.01602	0.01780	0.01246	0.01246	0.01780	0.01602	0.02314	0.02670	0.03916	0.02492	0.07477	0.61015	0.01602	0.02670	0.01068	0.00534	0.00890
8	0.04473	0.01697	0.02313	0.01774	0.02545	0.01465	0.01465	0.04858	0.02853	0.59437	0.03933	0.03393	0.02468	0.01234	0.01003	0.00308	0.00848	0.01003	0.01234	0.01697
9	0.01629	0.01287	0.01672	0.07648	0.02254	0.01244	0.01214	0.02287	0.06982	0.03662	0.36497	0.09514	0.06735	0.01757	0.01087	0.00299	0.00630	0.01545	0.00939	0.11117
10	0.24919	0.11896	0.03112	0.03131	0.19681	0.16108	0.01972	0.03221	0.02181	0.03323	0.01572	0.01917	0.01309	0.00927	0.00799	0.00279	0.01178	0.00669	0.00528	0.01279
11	0.04269	0.01839	0.02379	0.01844	0.02604	0.01700	0.01517	0.10075	0.06677	0.50270	0.03783	0.03312	0.02427	0.01238	0.01003	0.00310	0.00870	0.01000	0.01195	0.01688
12	0.03224	0.19578	0.03292	0.02193	0.02787	0.35677	0.01767	0.07707	0.02774	0.02889	0.07386	0.02376	0.02150	0.01101	0.00870	0.00255	0.01420	0.00754	0.00591	0.01209
13	0.01381	0.00937	0.01108	0.01176	0.01192	0.00920	0.00698	0.01432	0.01584	0.02112	0.03831	0.23476	0.04495	0.46825	0.03959	0.00802	0.00853	0.01856	0.00698	0.00664
14	0.02827	0.09342	0.13096	0.06920	0.15410	0.02669	0.02427	0.17276	0.09907	0.06969	0.02330	0.02518	0.01744	0.01061	0.00952	0.00300	0.01139	0.00865	0.00710	0.01537
15	0.62446	0.02323	0.01656	0.01487	0.02089	0.10459	0.01198	0.03077	0.01855	0.04188	0.01409	0.01644	0.01108	0.00940	0.00656	0.00301	0.00915	0.00554	0.00602	0.01090
16	0.03781	0.01544	0.02092	0.01656	0.02307	0.01347	0.01347	0.04186	0.02846	0.46920	0.16190	0.04308	0.04034	0.01415	0.01042	0.00310	0.00763	0.01183	0.01203	0.01526
17	0.02888	0.52779	0.04720	0.01887	0.02669	0.15933	0.01752	0.03194	0.02194	0.02365	0.01419	0.01641	0.01280	0.00890	0.00694	0.00222	0.01220	0.00556	0.00445	0.01253
18	0.01367	0.00952	0.01211	0.01360	0.01428	0.00925	0.00931	0.01529	0.01814	0.02405	0.04622	0.34512	0.05391	0.24982	0.02638	0.00613	0.00776	0.10980	0.00810	0.00756
19	0.02480	0.02141	0.02254	0.02029	0.02592	0.02480	0.01578	0.05297	0.56946	0.04170	0.04057	0.03719	0.03043	0.01352	0.01014	0.00338	0.00789	0.01127	0.01014	0.01578
20	0.03728	0.04620	0.02836	0.02550	0.03083	0.57074	0.01924	0.07438	0.02950	0.02698	0.01598	0.01838	0.01312	0.01039	0.00905	0.00260	0.01751	0.00659	0.00546	0.01192
21	0.11355	0.01794	0.02272	0.01761	0.02518	0.01654	0.01455	0.08059	0.02858	0.50226	0.03568	0.03144	0.02273	0.01200	0.00963	0.00308	0.00857	0.00948	0.01155	0.01633
22	0.01387	0.01018	0.01299	0.01229	0.01475	0.00930	0.00922	0.01835	0.02765	0.03864	0.53284	0.07667	0.14427	0.02088	0.01176	0.00316	0.00474	0.01834	0.01080	0.00930
23	0.01309	0.01000	0.01202	0.01183	0.01435	0.00893	0.00875	0.01673	0.02536	0.03392	0.35987	0.14031	0.26226	0.02320	0.01187	0.00331	0.00494	0.02014	0.01020	0.00893
24	0.02665	0.65565	0.05224	0.01706	0.02559	0.03945	0.01706	0.02985	0.02026	0.02345	0.01386	0.01599	0.01279	0.00853	0.00640	0.00213	0.01066	0.00533	0.00426	0.01279
25	0.01883	0.01772	0.02990	0.62569	0.06866	0.02215	0.02769	0.02547	0.01993	0.02547	0.01772	0.02658	0.01329	0.00997	0.00997	0.00332	0.01329	0.00886	0.00443	0.01107
26	0.02091	0.01180	0.01539	0.01385	0.01752	0.01063	0.01085	0.02520	0.02737	0.16313	0.37470	0.07007	0.12614	0.01954	0.01150	0.00325	0.00589	0.05027	0.01099	0.01100
27	0.02614	0.34688	0.03703	0.01778	0.02488	0.03059	0.01581	0.03819	0.21564	0.06642	0.03080	0.03002	0.05813	0.01166	0.00832	0.00272	0.00916	0.00879	0.00720	0.01382
28	0.01426	0.00956	0.01094	0.01118	0.01124	0.00950	0.00637	0.01443	0.01497	0.01996	0.03382	0.12453	0.03929	0.58621	0.04684	0.00909	0.00927	0.01592	0.00637	0.00625
29	0.02766	0.37264	0.04063	0.05546	0.02915	0.03376	0.01774	0.12271	0.14519	0.03419	0.02164	0.02261	0.01739	0.01029	0.00803	0.00262	0.01026	0.00746	0.00652	0.01404
30	0.48162	0.02603	0.02093	0.02200	0.09425	0.15136	0.01518	0.03177	0.02017	0.03872	0.01484	0.01767	0.01188	0.00943	0.00726	0.00296	0.01049	0.00607	0.00579	0.01160
31	0.04124	0.01901	0.02404	0.01858	0.02601	0.01799	0.01529	0.16086	0.03265	0.43915	0.07033	0.03425	0.02734	0.01277	0.01012	0.00307	0.00880	0.01030	0.01172	0.01648
32	0.03353	0.26229	0.03697	0.02233	0.02896	0.34701	0.01844	0.08903	0.02731	0.02800	0.01573	0.01788	0.01325	0.00982	0.00817	0.00246	0.01465	0.00629	0.00532	0.01255
33	0.01303	0.00931	0.01258	0.01489	0.01586	0.00886	0.01079	0.01541	0.01996	0.02644	0.05446	0.52332	0.06400	0.03040	0.01296	0.00417	0.00655	0.13943	0.00924	0.00834
34	0.02571	0.02407	0.10164	0.09594	0.15310	0.02119	0.02213	0.09884	0.10724	0.10567	0.03683	0.03761	0.10041	0.01295	0.01018	0.00317	0.01029	0.01094	0.00773	0.01435
35	0.55121	0.02453	0.01809	0.05023	0.02426	0.13337	0.01335	0.03107	0.01927	0.03979	0.01439	0.01712	0.01132	0.00949	0.00692	0.00300	0.00997	0.00579	0.00588	0.01096
36	0.02865	0.01528	0.01921	0.01626	0.02146	0.01476	0.01286	0.03797	0.14280	0.26265	0.24998	0.05033	0.05278	0.01571	0.01072	0.00317	0.00689	0.01339	0.01135	0.01379
37	0.02765	0.07080	0.03890	0.10821	0.26224	0.19495	0.09416	0.03283	0.02396	0.02874	0.01754	0.02267	0.01438	0.00932	0.00965	0.00289	0.01436	0.00831	0.00491	0.01354
38	0.01405	0.00948	0.01101	0.01145	0.01156	0.00937	0.00665	0.01438	0.01537	0.02050	0.03590	0.17547	0.04191	0.53169	0.04349	0.00859	0.00892	0.01714	0.00665	0.00643
39	0.01913	0.01798	0.02164	0.01881	0.02240	0.05231	0.05683	0.02763	0.13767	0.03104	0.12036	0.05618	0.19240	0.05901	0.01728	0.00387	0.11196	0.01449	0.00806	0.01096
40	0.03724	0.04751	0.02825	0.02568	0.03082	0.60963	0.01926	0.03981	0.02825	0.02440	0.01541	0.01798	0.01284	0.01027	0.00899	0.00257	0.01798	0.00642	0.00514	0.01156
41	0.03771	0.01853	0.02293	0.01863	0.02562	0.01822	0.01505	0.05013	0.21886	0.39991	0.03977	0.03508	0.02670	0.01276	0.01007	0.00319	0.00827	0.01046	0.01157	0.01655
42	0.01411	0.01019	0.01333	0.01254	0.01489	0.00941	0.00941	0.01881	0.02822	0.03998	0.58221	0.07447	0.09406	0.02038	0.01176	0.00314	0.00470	0.01803	0.01097	0.00941
43	0.01247	0.01001	0.01114	0.01110	0.01395	0.00867	0.00823	0.01555	0.02399	0.03052	0.23423	0.13444	0.40192	0.02435	0.01185	0.00336	0.00501	0.02078	0.00975	0.00867
44	0.02480	0.02141	0.02254	0.02029	0.02592	0.02480	0.01578	0.05297	0.56946	0.04170	0.04057	0.03719	0.03043	0.01352	0.01014	0.00338	0.00789	0.01127	0.01014	0.01578
45	0.72007	0.01928	0.01465	0.01311	0.01928	0.02236	0.01080	0.02930	0.01697	0.04473	0.01388	0.01619	0.01080	0.00925	0.00617	0.00308	0.00771	0.00540	0.00617	0.01080
46	0.03069	0.01703	0.02071	0.01748	0.02323	0.01709	0.01387	0.04343	0.22189	0.27157	0.16235	0.04425	0.04240	0.01458	0.01046	0.00320	0.00742	0.01228	0.01125	0.01483
47	0.03112	0.02440	0.02973	0.02371	0.03092	0.02669	0.07878	0.25188	0.26365	0.08241	0.03145	0.03048	0.02290	0.01224	0.01025	0.00320	0.01019	0.01033	0.00962	0.01605
48	0.01446	0.00981	0.01162	0.01162	0.01188	0.01007	0.00697	0.01498	0.01472	0.01988	0.03073	0.06144	0.03460	0.56600	0.13214	0.01059	0.01214	0.01394	0.00594	0.00646
49	0.02472	0.07597	0.36127	0.02680	0.07297	0.02199	0.02859	0.03461	0.05709	0.12584	0.02485	0.05957	0.01904	0.01135	0.00963	0.00313	0.01230	0.00923	0.00629	0.01475
50	0.66523	0.02155	0.01574	0.01412	0.02021	0.06953	0.01148	0.03015	0.01787	0.04309	0.01400	0.01634	0.01096	0.00934	0.00640	0.00304	0.00854	0.00548	0.00609	0.01086
51	0.03836	0.01729	0.02223	0.01782	0.02469	0.01622	0.01445	0.04705	0.13447	0.44158	0.08318	0.03783	0.03138	0.01322	0.01019	0.00315	0.00806	0.01091	0.01180	0.01613
52	0.03143	0.33502	0.04138	0.02252	0.02955	0.30571	0.04849	0.03463	0.02419	0.02438	0.01494	0.01754	0.01295	0.00934	0.00792	0.00241	0.01444	0.00621	0.00472	0.01225
53	0.01215	0.00868	0.01157	0.01388	0.01446	0.00810	0.00925	0.01388	0.01909	0.02545	0.05495	0.64315	0.06593	0.03123	0.01272	0.00405	0.00578	0.02834	0.00925	0.00810
54	0.02560	0.14359	0.12807	0.02885	0.13801	0.02635	0.02236	0.04048	0.23476	0.07064	0.02751	0.02793	0.02097	0.01094	0.00928	0.00301	0.01036	0.00897	0.00719	0.01513
55	0.41812	0.21239	0.02773	0.01605	0.02277	0.10988	0.01385	0.03094	0.01953	0.03555	0.01409	0.01638	0.01168	0.00918	0.00663	0.00273	0.01003	0.00552	0.00546	0.01150
56	0.04200	0.01969	0.02462	0.01906	0.02670	0.01891	0.01568	0.16243	0.06514	0.44178	0.03595	0.03188	0.02329	0.01233	0.01002	0.00308	0.00901	0.00986	0.01168	0.01689
57	0.02588	0.14211	0.02920	0.02013	0.02584	0.18259	0.04971	0.06699	0.09603	0.03173	0.09906	0.04079	0.12171	0.01407	0.00970	0.00287	0.01108	0.01118	0.00731	0.01203
58	0.01513	0.00944	0.01135	0.01135	0.01135	0.00944	0.00663	0.01416	0.01416	0.01888	0.02824	0.05739	0.03199	0.51150	0.04809	0.16697	0.00944	0.01319	0.00566	0.00566
59	0.02081	0.08825	0.51645	0.02703	0.04063	0.02434	0.03386	0.03318	0.06504	0.03186	0.01945	0.02202	0.01407	0.00974	0.00933	0.00311	0.01392	0.00755	0.00469	0.01469
60	0.02525	0.52864	0.16698	0.01945	0.02928	0.03602	0.02122	0.03021	0.02042	0.02516	0.01471	0.01705	0.01276	0.00873	0.00704	0.00235	0.01152	0.00576	0.00425	0.01320
61	0.04473	0.01697	0.02313	0.01774	0.02545	0.01465	0.01465	0.04858	0.02853	0.59437	0.03933	0.03393	0.02468	0.01234	0.01003	0.00308	0.00848	0.01003	0.01234	0.01697
62	0.01235	0.00883	0.01175	0.01374	0.01450	0.00823	0.00927	0.01439	0.02002	0.02694	0.10904	0.58480	0.06882	0.03012	0.01262	0.00395	0.00567	0.02728	0.00943	0.00823
63	0.01226	0.01012	0.01076	0.01060	0.01376	0.00862	0.00795	0.01523	0.02385	0.02960	0.19931	0.09155	0.48343	0.02425	0.01178	0.00332	0.00498	0.02042	0.00961	0.00862
64	0.72007	0.01928	0.01465	0.01311	0.01928	0.02236	0.01080	0.02930	0.01697	0.04473	0.01388	0.01619	0.01080	0.00925	0.00617	0.00308	0.00771	0.00540	0.00617	0.01080
65	0.03064	0.07846	0.03252	0.03232	0.18071	0.10107	0.02102	0.24752	0.03288	0.04262	0.02379	0.08625	0.02080	0.01261	0.00981	0.00297	0.01154	0.01031	0.00744	0.01470
66	0.02129	0.04253	0.40055	0.03340	0.04643	0.02391	0.22522	0.03170	0.02196	0.03170	0.01872	0.02319	0.01354	0.00908	0.01031	0.00323	0.01549	0.00898	0.00451	0.01426

[dist]
# distance from previous block
# <min> <max>
0	15

[block]
# block no. 3 follows, 15 sequences, length 22
# corresponding to MSA columns:
# 241-262
name=unknown_D
#
# <colnr> <probs for GDERKNQSTAVLIFYWHMCP>
#	G	D	E	R	K	N	Q	S	T	A	V	L	I	F	Y	W	H	M	C	P
0	0.02665	0.65565	0.05224	0.01706	0.02559	0.03945	0.01706	0.02985	0.02026	0.02345	0.01386	0.01599	0.01279	0.00853	0.00640	0.00213	0.01066	0.00533	0.00426	0.01279
1	0.01961	0.01141	0.01509	0.01347	0.01679	0.01035	0.01035	0.02416	0.02828	0.13949	0.48476	0.06719	0.08161	0.01894	0.01145	0.00313	0.00538	0.01659	0.01122	0.01076
2	0.16256	0.02391	0.03330	0.11100	0.37731	0.06622	0.02553	0.03045	0.02167	0.03360	0.01743	0.02271	0.01431	0.00918	0.00908	0.00300	0.01163	0.00801	0.00514	0.01397
3	0.02019	0.01891	0.03181	0.38113	0.23815	0.02141	0.02701	0.02615	0.02079	0.02785	0.02140	0.08122	0.01885	0.01151	0.01018	0.00327	0.01213	0.01061	0.00503	0.01239
4	0.01215	0.00868	0.01157	0.01388	0.01446	0.00810	0.00925	0.01388	0.01909	0.02545	0.05495	0.64315	0.06593	0.03123	0.01272	0.00405	0.00578	0.02834	0.00925	0.00810
5	0.01858	0.00929	0.00929	0.00929	0.01161	0.00929	0.00697	0.02323	0.02091	0.03717	0.03252	0.03717	0.02555	0.01161	0.00697	0.00232	0.00465	0.00929	0.70499	0.00929
6	0.02742	0.11645	0.18998	0.02035	0.02845	0.05634	0.02045	0.03285	0.02312	0.19140	0.03156	0.16142	0.02794	0.01503	0.00989	0.00315	0.01058	0.01243	0.00774	0.01344
7	0.03535	0.04796	0.09075	0.02598	0.03217	0.54530	0.02119	0.03890	0.02746	0.02518	0.01568	0.01831	0.01282	0.01018	0.00904	0.00263	0.01762	0.00652	0.00503	0.01191
8	0.02199	0.01850	0.02138	0.01539	0.02418	0.01463	0.01236	0.06548	0.02267	0.03480	0.01819	0.02092	0.01493	0.00773	0.00758	0.00159	0.00766	0.00614	0.00622	0.65766
9	0.02623	0.02213	0.02335	0.02058	0.02647	0.02547	0.01613	0.10796	0.51213	0.04402	0.03875	0.03574	0.02895	0.01335	0.01012	0.00334	0.00823	0.01102	0.01012	0.01591
10	0.01279	0.00917	0.01214	0.01344	0.01460	0.00852	0.00930	0.01549	0.02206	0.03018	0.22682	0.45777	0.07510	0.02769	0.01241	0.00375	0.00543	0.02498	0.00981	0.00852
11	0.02074	0.01872	0.02838	0.02753	0.11121	0.01921	0.11061	0.03367	0.19708	0.03798	0.22710	0.04679	0.04824	0.01437	0.01097	0.00323	0.00893	0.01341	0.00875	0.01309
12	0.50970	0.17277	0.06143	0.01504	0.02233	0.02648	0.01397	0.02958	0.01801	0.03881	0.01414	0.01646	0.01139	0.00910	0.00644	0.00286	0.00887	0.00551	0.00559	0.01153
13	0.02120	0.15265	0.45314	0.02526	0.03840	0.02509	0.03122	0.03070	0.02088	0.03025	0.01718	0.02014	0.01284	0.00912	0.00876	0.00283	0.01338	0.00689	0.00437	0.07569
14	0.03395	0.02596	0.02770	0.02214	0.02941	0.02907	0.01799	0.40326	0.20426	0.05646	0.02895	0.02793	0.02101	0.01244	0.01002	0.00311	0.01004	0.00967	0.01002	0.01660
15	0.01883	0.01772	0.02990	0.62569	0.06866	0.02215	0.02769	0.02547	0.01993	0.02547	0.01772	0.02658	0.01329	0.00997	0.00997	0.00332	0.01329	0.00886	0.00443	0.01107
16	0.01780	0.09223	0.01916	0.01563	0.01836	0.01410	0.01271	0.02101	0.02154	0.05762	0.10233	0.17379	0.05225	0.11931	0.01790	0.00473	0.00834	0.21333	0.00845	0.00941
17	0.06467	0.02861	0.10368	0.03910	0.04936	0.02486	0.47379	0.03174	0.02292	0.03266	0.01959	0.02574	0.01465	0.00855	0.01123	0.00333	0.01608	0.01100	0.00504	0.01340
18	0.01376	0.01007	0.01291	0.01242	0.01473	0.00922	0.00923	0.01805	0.02707	0.03776	0.50113	0.11729	0.13592	0.02160	0.01183	0.00322	0.00481	0.01904	0.01070	0.00922
19	0.72007	0.01928	0.01465	0.01311	0.01928	0.02236	0.01080	0.02930	0.01697	0.04473	0.01388	0.01619	0.01080	0.00925	0.00617	0.00308	0.00771	0.00540	0.00617	0.01080
20	0.01858	0.00929	0.00929	0.00929	0.01161	0.00929	0.00697	0.02323	0.02091	0.03717	0.03252	0.03717	0.02555	0.01161	0.00697	0.00232	0.00465	0.00929	0.70499	0.00929
21	0.01978	0.01869	0.03162	0.53369	0.15322	0.02240	0.02816	0.02631	0.02038	0.02663	0.01789	0.02627	0.01370	0.00979	0.00995	0.00326	0.01305	0.00886	0.00451	0.01184

[dist]
# distance from previous block
# <min> <max>
0	22

# created by:
# /st0/software/busco_prod/Augustus/scripts/msa2prfl.pl ./align_prep/7448.fa
