[name]
unknown

[dist]
# distance from previous block
# <min> <max>
0	17

[block]
# block no. 0 follows, 13 sequences, length 150
# corresponding to MSA columns:
# 17-166
name=unknown_A
#
# <colnr> <probs for GDERKNQSTAVLIFYWHMCP>
#	G	D	E	R	K	N	Q	S	T	A	V	L	I	F	Y	W	H	M	C	P
0	0.01667	0.01191	0.01662	0.01906	0.02133	0.01186	0.01641	0.02128	0.02398	0.03123	0.05618	0.16324	0.06164	0.02955	0.01451	0.00482	0.00942	0.45091	0.00974	0.00964
1	0.01997	0.01879	0.03171	0.60301	0.07282	0.02349	0.02936	0.02701	0.02114	0.02701	0.01879	0.02819	0.01409	0.01057	0.01057	0.00352	0.01409	0.00940	0.00470	0.01175
2	0.01336	0.00970	0.01261	0.01410	0.01537	0.00895	0.00973	0.01601	0.02285	0.03081	0.18179	0.45406	0.11171	0.02990	0.01318	0.00401	0.00580	0.02688	0.01025	0.00895
3	0.02173	0.09762	0.53528	0.02924	0.04438	0.02583	0.03751	0.03335	0.02226	0.03285	0.01866	0.02193	0.01341	0.00997	0.00980	0.00327	0.01531	0.00765	0.00447	0.01547
4	0.02617	0.02512	0.04292	0.06490	0.56246	0.02512	0.03245	0.03245	0.02407	0.03454	0.01989	0.02617	0.01675	0.00942	0.01047	0.00314	0.01256	0.00942	0.00523	0.01675
5	0.01971	0.00985	0.00985	0.00985	0.01232	0.00985	0.00739	0.02464	0.02217	0.03942	0.03449	0.03942	0.02710	0.01232	0.00739	0.00246	0.00493	0.00985	0.68712	0.00985
6	0.01837	0.00918	0.01377	0.01377	0.01377	0.00918	0.00918	0.01377	0.01377	0.01837	0.01837	0.03214	0.01837	0.03673	0.04132	0.69238	0.00918	0.00918	0.00459	0.00459
7	0.01538	0.01025	0.01153	0.01153	0.01153	0.01025	0.00641	0.01538	0.01538	0.02050	0.03331	0.06919	0.03844	0.62842	0.05382	0.01025	0.01025	0.01538	0.00641	0.00641
8	0.01971	0.00985	0.00985	0.00985	0.01232	0.00985	0.00739	0.02464	0.02217	0.03942	0.03449	0.03942	0.02710	0.01232	0.00739	0.00246	0.00493	0.00985	0.68712	0.00985
9	0.04019	0.02962	0.03173	0.02433	0.03279	0.03279	0.02010	0.52721	0.04971	0.06663	0.02538	0.02538	0.01798	0.01269	0.01058	0.00317	0.01163	0.00952	0.01058	0.01798
10	0.04019	0.02962	0.03173	0.02433	0.03279	0.03279	0.02010	0.52721	0.04971	0.06663	0.02538	0.02538	0.01798	0.01269	0.01058	0.00317	0.01163	0.00952	0.01058	0.01798
11	0.03116	0.02400	0.02581	0.02198	0.02871	0.02704	0.01745	0.16777	0.38809	0.08845	0.03874	0.03585	0.02843	0.01386	0.01071	0.00346	0.00919	0.01128	0.01089	0.01712
12	0.01357	0.01065	0.01125	0.01110	0.01438	0.00920	0.00833	0.01687	0.02498	0.03201	0.18203	0.09218	0.42883	0.02458	0.01204	0.00343	0.00525	0.02065	0.06945	0.00920
13	0.01510	0.01133	0.01699	0.01699	0.01888	0.01322	0.01322	0.01888	0.01699	0.02454	0.02832	0.04154	0.02643	0.07930	0.58652	0.01699	0.02832	0.01133	0.00566	0.00944
14	0.02192	0.01879	0.02192	0.01566	0.02506	0.01409	0.01253	0.02662	0.02192	0.03445	0.01879	0.02192	0.01566	0.00783	0.00783	0.00157	0.00783	0.00626	0.00626	0.69305
15	0.70310	0.02045	0.01554	0.01390	0.02045	0.02372	0.01145	0.03108	0.01799	0.04744	0.01472	0.01718	0.01145	0.00981	0.00654	0.00327	0.00818	0.00573	0.00654	0.01145
16	0.02313	0.02313	0.03238	0.02776	0.02776	0.03238	0.02313	0.02545	0.01619	0.02545	0.01388	0.02313	0.01388	0.01851	0.03470	0.00463	0.60907	0.00925	0.00463	0.01157
17	0.70310	0.02045	0.01554	0.01390	0.02045	0.02372	0.01145	0.03108	0.01799	0.04744	0.01472	0.01718	0.01145	0.00981	0.00654	0.00327	0.00818	0.00573	0.00654	0.01145
18	0.01271	0.01072	0.01101	0.01094	0.01441	0.00902	0.00820	0.01559	0.02461	0.02977	0.14649	0.09976	0.51803	0.02633	0.01249	0.00355	0.00532	0.02203	0.00998	0.00902
19	0.02507	0.01926	0.01836	0.01675	0.02122	0.06055	0.01292	0.06832	0.23708	0.04198	0.03610	0.03710	0.02768	0.01306	0.00911	0.00298	0.00777	0.01047	0.32091	0.01332
20	0.01538	0.01025	0.01153	0.01153	0.01153	0.01025	0.00641	0.01538	0.01538	0.02050	0.03331	0.06919	0.03844	0.62842	0.05382	0.01025	0.01025	0.01538	0.00641	0.00641
21	0.01496	0.01081	0.01413	0.01330	0.01580	0.00998	0.00998	0.01995	0.02993	0.04240	0.55689	0.07898	0.09976	0.02162	0.01247	0.00333	0.00499	0.01912	0.01164	0.00998
22	0.01997	0.01879	0.03171	0.60301	0.07282	0.02349	0.02936	0.02701	0.02114	0.02701	0.01879	0.02819	0.01409	0.01057	0.01057	0.00352	0.01409	0.00940	0.00470	0.01175
23	0.03950	0.05039	0.02996	0.02724	0.03269	0.58597	0.02043	0.04222	0.02996	0.02588	0.01634	0.01907	0.01362	0.01090	0.00953	0.00272	0.01907	0.00681	0.00545	0.01226
24	0.02827	0.63478	0.05540	0.01809	0.02714	0.04184	0.01809	0.03166	0.02148	0.02488	0.01470	0.01696	0.01357	0.00905	0.00678	0.00226	0.01131	0.00565	0.00452	0.01357
25	0.04181	0.02265	0.02662	0.02060	0.02844	0.02299	0.01696	0.26771	0.03852	0.29477	0.03362	0.03140	0.02249	0.01284	0.01034	0.00316	0.00987	0.01006	0.06784	0.01731
26	0.02722	0.02431	0.03319	0.04163	0.27351	0.02622	0.02419	0.07866	0.26995	0.04137	0.03116	0.03235	0.02413	0.01197	0.01061	0.00335	0.01052	0.01062	0.00821	0.01683
27	0.01621	0.01204	0.01539	0.01528	0.01792	0.01181	0.01180	0.02332	0.07868	0.03922	0.37211	0.13728	0.08360	0.02333	0.01276	0.00371	0.00623	0.09780	0.01105	0.01046
28	0.01538	0.01025	0.01153	0.01153	0.01153	0.01025	0.00641	0.01538	0.01538	0.02050	0.03331	0.06919	0.03844	0.62842	0.05382	0.01025	0.01025	0.01538	0.00641	0.00641
29	0.02406	0.02477	0.03342	0.41956	0.15300	0.11029	0.02853	0.03031	0.02302	0.02817	0.01861	0.02643	0.01449	0.01042	0.01039	0.00333	0.01459	0.00900	0.00491	0.01271
30	0.01538	0.01025	0.01153	0.01153	0.01153	0.01025	0.00641	0.01538	0.01538	0.02050	0.03331	0.06919	0.03844	0.62842	0.05382	0.01025	0.01025	0.01538	0.00641	0.00641
31	0.01971	0.00985	0.00985	0.00985	0.01232	0.00985	0.00739	0.02464	0.02217	0.03942	0.03449	0.03942	0.02710	0.01232	0.00739	0.00246	0.00493	0.00985	0.68712	0.00985
32	0.01997	0.01879	0.03171	0.60301	0.07282	0.02349	0.02936	0.02701	0.02114	0.02701	0.01879	0.02819	0.01409	0.01057	0.01057	0.00352	0.01409	0.00940	0.00470	0.01175
33	0.18824	0.02684	0.02728	0.02169	0.02946	0.03008	0.01780	0.36714	0.09308	0.06001	0.02479	0.02497	0.01797	0.01221	0.00969	0.00324	0.01052	0.00891	0.00969	0.01638
34	0.02617	0.02512	0.04292	0.06490	0.56246	0.02512	0.03245	0.03245	0.02407	0.03454	0.01989	0.02617	0.01675	0.00942	0.01047	0.00314	0.01256	0.00942	0.00523	0.01675
35	0.01971	0.00985	0.00985	0.00985	0.01232	0.00985	0.00739	0.02464	0.02217	0.03942	0.03449	0.03942	0.02710	0.01232	0.00739	0.00246	0.00493	0.00985	0.68712	0.00985
36	0.02313	0.02313	0.03238	0.02776	0.02776	0.03238	0.02313	0.02545	0.01619	0.02545	0.01388	0.02313	0.01388	0.01851	0.03470	0.00463	0.60907	0.00925	0.00463	0.01157
37	0.02617	0.02512	0.04292	0.06490	0.56246	0.02512	0.03245	0.03245	0.02407	0.03454	0.01989	0.02617	0.01675	0.00942	0.01047	0.00314	0.01256	0.00942	0.00523	0.01675
38	0.03950	0.05039	0.02996	0.02724	0.03269	0.58597	0.02043	0.04222	0.02996	0.02588	0.01634	0.01907	0.01362	0.01090	0.00953	0.00272	0.01907	0.00681	0.00545	0.01226
39	0.01538	0.01025	0.01153	0.01153	0.01153	0.01025	0.00641	0.01538	0.01538	0.02050	0.03331	0.06919	0.03844	0.62842	0.05382	0.01025	0.01025	0.01538	0.00641	0.00641
40	0.02617	0.02512	0.04292	0.06490	0.56246	0.02512	0.03245	0.03245	0.02407	0.03454	0.01989	0.02617	0.01675	0.00942	0.01047	0.00314	0.01256	0.00942	0.00523	0.01675
41	0.01663	0.01188	0.01657	0.01900	0.02126	0.01182	0.01632	0.02120	0.02394	0.03118	0.05621	0.16883	0.06175	0.02959	0.01449	0.00481	0.00938	0.44578	0.00974	0.00962
42	0.02617	0.02512	0.04292	0.06490	0.56246	0.02512	0.03245	0.03245	0.02407	0.03454	0.01989	0.02617	0.01675	0.00942	0.01047	0.00314	0.01256	0.00942	0.00523	0.01675
43	0.01997	0.01879	0.03171	0.60301	0.07282	0.02349	0.02936	0.02701	0.02114	0.02701	0.01879	0.02819	0.01409	0.01057	0.01057	0.00352	0.01409	0.00940	0.00470	0.01175
44	0.03950	0.05039	0.02996	0.02724	0.03269	0.58597	0.02043	0.04222	0.02996	0.02588	0.01634	0.01907	0.01362	0.01090	0.00953	0.00272	0.01907	0.00681	0.00545	0.01226
45	0.02192	0.01879	0.02192	0.01566	0.02506	0.01409	0.01253	0.02662	0.02192	0.03445	0.01879	0.02192	0.01566	0.00783	0.00783	0.00157	0.00783	0.00626	0.00626	0.69305
46	0.01997	0.01879	0.03171	0.60301	0.07282	0.02349	0.02936	0.02701	0.02114	0.02701	0.01879	0.02819	0.01409	0.01057	0.01057	0.00352	0.01409	0.00940	0.00470	0.01175
47	0.02617	0.02512	0.04292	0.06490	0.56246	0.02512	0.03245	0.03245	0.02407	0.03454	0.01989	0.02617	0.01675	0.00942	0.01047	0.00314	0.01256	0.00942	0.00523	0.01675
48	0.01496	0.01081	0.01413	0.01330	0.01580	0.00998	0.00998	0.01995	0.02993	0.04240	0.55689	0.07898	0.09976	0.02162	0.01247	0.00333	0.00499	0.01912	0.01164	0.00998
49	0.02759	0.02248	0.03743	0.19671	0.36074	0.02335	0.02926	0.03375	0.02420	0.10842	0.02270	0.02808	0.01740	0.01024	0.01052	0.00326	0.01245	0.00959	0.00621	0.01564
50	0.01837	0.00918	0.01377	0.01377	0.01377	0.00918	0.00918	0.01377	0.01377	0.01837	0.01837	0.03214	0.01837	0.03673	0.04132	0.69238	0.00918	0.00918	0.00459	0.00459
51	0.02630	0.02271	0.02391	0.02152	0.02749	0.02630	0.01674	0.05618	0.54336	0.04423	0.04303	0.03945	0.03228	0.01434	0.01076	0.00359	0.00837	0.01195	0.01076	0.01674
52	0.02560	0.02454	0.04188	0.11460	0.51724	0.02497	0.03216	0.03195	0.02380	0.03385	0.01979	0.02636	0.01650	0.00953	0.01048	0.00318	0.01270	0.00942	0.00518	0.01629
53	0.04370	0.01793	0.02389	0.01857	0.02618	0.01596	0.01523	0.07566	0.03135	0.48687	0.09350	0.03978	0.03323	0.01394	0.01082	0.00327	0.00874	0.01144	0.01279	0.01717
54	0.01580	0.01220	0.01773	0.01735	0.01889	0.01451	0.01337	0.01908	0.01677	0.02422	0.02762	0.04274	0.02658	0.12845	0.48817	0.01530	0.07471	0.01156	0.00565	0.00932
55	0.01997	0.01879	0.03171	0.60301	0.07282	0.02349	0.02936	0.02701	0.02114	0.02701	0.01879	0.02819	0.01409	0.01057	0.01057	0.00352	0.01409	0.00940	0.00470	0.01175
56	0.02922	0.01995	0.03156	0.08732	0.27384	0.01952	0.02337	0.03473	0.02661	0.17892	0.12824	0.03906	0.03492	0.01283	0.01090	0.00324	0.01029	0.01160	0.00852	0.01537
57	0.01282	0.00945	0.01201	0.01406	0.01516	0.00864	0.00952	0.01480	0.02088	0.02725	0.06637	0.53536	0.15086	0.03207	0.01333	0.00417	0.00601	0.02877	0.00982	0.00864
58	0.03646	0.02090	0.03121	0.02464	0.03016	0.02270	0.07029	0.04041	0.02470	0.32071	0.02970	0.03064	0.02075	0.01459	0.01941	0.00379	0.22402	0.01033	0.00928	0.01532
59	0.70310	0.02045	0.01554	0.01390	0.02045	0.02372	0.01145	0.03108	0.01799	0.04744	0.01472	0.01718	0.01145	0.00981	0.00654	0.00327	0.00818	0.00573	0.00654	0.01145
60	0.02617	0.02512	0.04292	0.06490	0.56246	0.02512	0.03245	0.03245	0.02407	0.03454	0.01989	0.02617	0.01675	0.00942	0.01047	0.00314	0.01256	0.00942	0.00523	0.01675
61	0.02507	0.37184	0.29031	0.02355	0.03558	0.03400	0.02760	0.03249	0.02186	0.02878	0.01664	0.01939	0.01349	0.00950	0.00826	0.00275	0.01326	0.00663	0.00450	0.01450
62	0.01607	0.01001	0.01340	0.01510	0.01641	0.00923	0.01034	0.01812	0.02117	0.07713	0.05675	0.56744	0.06589	0.03127	0.01323	0.00420	0.00640	0.02826	0.01012	0.00946
63	0.04201	0.02131	0.02560	0.01986	0.02756	0.02111	0.01633	0.21851	0.03637	0.33598	0.03515	0.03256	0.02334	0.01287	0.01028	0.00315	0.00952	0.01016	0.08117	0.01716
64	0.08459	0.04290	0.32192	0.02616	0.03776	0.08213	0.02896	0.08350	0.07734	0.08198	0.02318	0.02465	0.01659	0.01103	0.00987	0.00328	0.01373	0.00833	0.00663	0.01545
65	0.02827	0.63478	0.05540	0.01809	0.02714	0.04184	0.01809	0.03166	0.02148	0.02488	0.01470	0.01696	0.01357	0.00905	0.00678	0.00226	0.01131	0.00565	0.00452	0.01357
66	0.04082	0.02646	0.02669	0.02176	0.02914	0.11539	0.01744	0.14173	0.12900	0.28612	0.03463	0.03180	0.02366	0.01288	0.01046	0.00322	0.01105	0.01003	0.01091	0.01681
67	0.02089	0.01724	0.01914	0.01753	0.02200	0.01872	0.01347	0.03916	0.30714	0.04225	0.24208	0.05947	0.10086	0.01811	0.01155	0.00349	0.00685	0.01551	0.01101	0.01355
68	0.01538	0.01025	0.01153	0.01153	0.01153	0.01025	0.00641	0.01538	0.01538	0.02050	0.03331	0.06919	0.03844	0.62842	0.05382	0.01025	0.01025	0.01538	0.00641	0.00641
69	0.02534	0.04630	0.33352	0.03389	0.04638	0.11826	0.17827	0.03504	0.02436	0.03234	0.01925	0.02360	0.01421	0.00985	0.01067	0.00331	0.01684	0.00902	0.00489	0.01467
70	0.01598	0.01108	0.01417	0.01549	0.01668	0.01103	0.01164	0.01840	0.01993	0.02620	0.04574	0.13186	0.05120	0.30462	0.03253	0.00730	0.00972	0.24009	0.00821	0.00813
71	0.02121	0.05469	0.57364	0.03014	0.04576	0.02455	0.03906	0.03348	0.02232	0.03348	0.01897	0.02232	0.01339	0.01005	0.01005	0.00335	0.01563	0.00781	0.00446	0.01563
72	0.02188	0.02074	0.03517	0.43705	0.22383	0.02399	0.03031	0.02869	0.02205	0.02934	0.01913	0.02757	0.01491	0.01022	0.01054	0.00341	0.01362	0.00940	0.00486	0.01329
73	0.02198	0.02123	0.03714	0.41833	0.19726	0.02418	0.07119	0.02898	0.02221	0.02952	0.01929	0.02770	0.01494	0.01014	0.01070	0.00343	0.01401	0.00966	0.00489	0.01324
74	0.01997	0.01879	0.03171	0.60301	0.07282	0.02349	0.02936	0.02701	0.02114	0.02701	0.01879	0.02819	0.01409	0.01057	0.01057	0.00352	0.01409	0.00940	0.00470	0.01175
75	0.03950	0.05039	0.02996	0.02724	0.03269	0.58597	0.02043	0.04222	0.02996	0.02588	0.01634	0.01907	0.01362	0.01090	0.00953	0.00272	0.01907	0.00681	0.00545	0.01226
76	0.01997	0.01879	0.03171	0.60301	0.07282	0.02349	0.02936	0.02701	0.02114	0.02701	0.01879	0.02819	0.01409	0.01057	0.01057	0.00352	0.01409	0.00940	0.00470	0.01175
77	0.02103	0.01785	0.02097	0.01557	0.02410	0.01355	0.01226	0.02545	0.02176	0.03372	0.02269	0.08110	0.02102	0.01033	0.00839	0.00184	0.00766	0.00861	0.00661	0.62550
78	0.08610	0.03574	0.32195	0.02277	0.03270	0.01921	0.02611	0.02796	0.02357	0.03641	0.15636	0.09723	0.04047	0.01526	0.01066	0.00343	0.01127	0.01270	0.00700	0.01309
79	0.02396	0.02286	0.03892	0.25691	0.38775	0.02454	0.03135	0.03051	0.02303	0.03186	0.01950	0.02689	0.01580	0.00983	0.01050	0.00328	0.01311	0.00941	0.00504	0.01496
80	0.01510	0.01133	0.01699	0.01699	0.01888	0.01322	0.01322	0.01888	0.01699	0.02454	0.02832	0.04154	0.02643	0.07930	0.58652	0.01699	0.02832	0.01133	0.00566	0.00944
81	0.03509	0.28110	0.04023	0.02336	0.03049	0.32321	0.01947	0.07863	0.02824	0.02889	0.01645	0.01876	0.01396	0.01031	0.00853	0.00258	0.01536	0.00658	0.00551	0.01326
82	0.01997	0.01879	0.03171	0.60301	0.07282	0.02349	0.02936	0.02701	0.02114	0.02701	0.01879	0.02819	0.01409	0.01057	0.01057	0.00352	0.01409	0.00940	0.00470	0.01175
83	0.08962	0.12538	0.39979	0.02672	0.03913	0.02749	0.03208	0.03226	0.02122	0.03298	0.01752	0.02118	0.01327	0.01067	0.01154	0.00331	0.06913	0.00745	0.00469	0.01457
84	0.01499	0.01171	0.01386	0.01502	0.01711	0.01155	0.01059	0.02158	0.10640	0.03012	0.06560	0.42202	0.16194	0.02878	0.01285	0.00403	0.00634	0.02555	0.00997	0.00999
85	0.02165	0.01560	0.01814	0.01640	0.02074	0.01605	0.01264	0.03497	0.20773	0.09033	0.28476	0.06361	0.11643	0.01883	0.01171	0.00344	0.00657	0.01617	0.01128	0.01296
86	0.17836	0.02360	0.02945	0.02435	0.02916	0.08082	0.10507	0.02994	0.02153	0.07088	0.02889	0.08810	0.06037	0.01576	0.01644	0.00373	0.16285	0.01189	0.00676	0.01205
87	0.03028	0.02644	0.03963	0.05299	0.40706	0.02737	0.02882	0.17761	0.03160	0.04396	0.02150	0.02594	0.01711	0.01038	0.01050	0.00315	0.01229	0.00945	0.00680	0.01711
88	0.02815	0.02230	0.02396	0.02128	0.02745	0.02536	0.01663	0.05578	0.49844	0.09025	0.04292	0.03914	0.03174	0.01423	0.01075	0.00356	0.00842	0.01184	0.01096	0.01685
89	0.01351	0.00992	0.01275	0.01432	0.01581	0.00916	0.01019	0.01623	0.02270	0.03009	0.14556	0.41818	0.14315	0.03004	0.01328	0.00408	0.00614	0.06582	0.01010	0.00896
90	0.08922	0.02278	0.03419	0.15145	0.27849	0.02388	0.02595	0.08509	0.02663	0.12624	0.02341	0.02731	0.01747	0.01062	0.01018	0.00325	0.01178	0.00930	0.00709	0.01566
91	0.04744	0.01799	0.02454	0.01881	0.02699	0.01554	0.01554	0.05153	0.03026	0.56979	0.04171	0.03599	0.02617	0.01309	0.01063	0.00327	0.00900	0.01063	0.01309	0.01799
92	0.01406	0.01058	0.01325	0.01473	0.01686	0.00977	0.01128	0.01721	0.02323	0.02987	0.10902	0.28973	0.21433	0.02932	0.01343	0.00417	0.00681	0.15333	0.00993	0.00911
93	0.18024	0.03313	0.20811	0.08597	0.22937	0.02448	0.02950	0.03202	0.02186	0.03656	0.01831	0.02301	0.01422	0.00981	0.00943	0.00327	0.01267	0.00804	0.00524	0.01475
94	0.02501	0.02351	0.03762	0.16052	0.38024	0.02501	0.02925	0.03534	0.10959	0.03471	0.02352	0.02876	0.01881	0.01046	0.01054	0.00329	0.01216	0.00984	0.00605	0.01579
95	0.01412	0.01062	0.01306	0.01278	0.01536	0.00956	0.00946	0.01819	0.02744	0.03727	0.39029	0.14035	0.21450	0.02412	0.01258	0.00349	0.00520	0.02106	0.01098	0.00956
96	0.03004	0.20254	0.13113	0.02240	0.03156	0.03083	0.02159	0.13257	0.17566	0.07827	0.02740	0.02720	0.02056	0.01169	0.00947	0.00307	0.01113	0.00889	0.00802	0.01596
97	0.08436	0.13249	0.34434	0.02481	0.03726	0.02538	0.02912	0.03643	0.02334	0.13520	0.02229	0.02368	0.01568	0.01045	0.00937	0.00316	0.01309	0.00785	0.00628	0.01542
98	0.01317	0.01074	0.01165	0.01142	0.01470	0.00921	0.00857	0.01648	0.02570	0.03235	0.23035	0.09551	0.43257	0.02536	0.01249	0.00350	0.00525	0.02144	0.01032	0.00921
99	0.01997	0.01879	0.03171	0.60301	0.07282	0.02349	0.02936	0.02701	0.02114	0.02701	0.01879	0.02819	0.01409	0.01057	0.01057	0.00352	0.01409	0.00940	0.00470	0.01175
100	0.02913	0.02377	0.03738	0.03075	0.07473	0.02395	0.17383	0.16124	0.07519	0.09174	0.12817	0.03873	0.03481	0.01316	0.01154	0.00336	0.01184	0.01256	0.00901	0.01511
101	0.02436	0.02305	0.03796	0.21898	0.37196	0.02475	0.03017	0.03293	0.06868	0.03318	0.02159	0.02792	0.01733	0.01019	0.01052	0.00329	0.01264	0.00964	0.00556	0.01528
102	0.01997	0.01879	0.03171	0.60301	0.07282	0.02349	0.02936	0.02701	0.02114	0.02701	0.01879	0.02819	0.01409	0.01057	0.01057	0.00352	0.01409	0.00940	0.00470	0.01175
103	0.02902	0.08012	0.13822	0.03264	0.04308	0.02542	0.25041	0.03928	0.07829	0.13652	0.02653	0.02906	0.01898	0.01047	0.01107	0.00337	0.01426	0.01071	0.00716	0.01540
104	0.02868	0.21728	0.17629	0.03243	0.12379	0.08671	0.07558	0.03528	0.02410	0.07730	0.01981	0.02283	0.01541	0.00988	0.00938	0.00294	0.01381	0.00804	0.00555	0.01492
105	0.01997	0.01879	0.03171	0.60301	0.07282	0.02349	0.02936	0.02701	0.02114	0.02701	0.01879	0.02819	0.01409	0.01057	0.01057	0.00352	0.01409	0.00940	0.00470	0.01175
106	0.01739	0.01435	0.01908	0.01803	0.01839	0.01746	0.01328	0.01895	0.01672	0.02378	0.03091	0.15018	0.03465	0.25433	0.10889	0.00823	0.20464	0.01553	0.00635	0.00885
107	0.01737	0.01461	0.02257	0.02018	0.02220	0.01697	0.06063	0.02062	0.01727	0.02474	0.02635	0.04292	0.02586	0.17336	0.33725	0.01240	0.11755	0.01191	0.00562	0.00962
108	0.02435	0.15047	0.33356	0.02482	0.03640	0.02564	0.02863	0.03490	0.06826	0.07674	0.02582	0.07932	0.02136	0.01262	0.00988	0.00325	0.01278	0.01007	0.00624	0.01489
109	0.08411	0.02499	0.03558	0.10000	0.28061	0.08013	0.06609	0.03294	0.02413	0.07767	0.02428	0.07802	0.02110	0.01206	0.01050	0.00329	0.01258	0.01100	0.00637	0.01454
110	0.01997	0.01879	0.03171	0.60301	0.07282	0.02349	0.02936	0.02701	0.02114	0.02701	0.01879	0.02819	0.01409	0.01057	0.01057	0.00352	0.01409	0.00940	0.00470	0.01175
111	0.01724	0.01289	0.01857	0.02238	0.06801	0.01275	0.01700	0.02197	0.02451	0.03257	0.10430	0.15338	0.06181	0.02706	0.01392	0.00451	0.00916	0.35818	0.00954	0.01027
112	0.03087	0.03045	0.06789	0.08515	0.17795	0.12199	0.07943	0.12332	0.02969	0.07723	0.02411	0.05997	0.01969	0.01198	0.01072	0.00324	0.01377	0.01050	0.00700	0.01506
113	0.20837	0.02313	0.03094	0.11050	0.22921	0.02486	0.02315	0.10780	0.02650	0.08870	0.02112	0.02479	0.01602	0.01049	0.00947	0.00324	0.01115	0.00856	0.00701	0.01500
114	0.03900	0.01847	0.02478	0.02261	0.07500	0.01700	0.01646	0.09065	0.03027	0.38085	0.04484	0.08846	0.07179	0.01551	0.01100	0.00336	0.00905	0.01300	0.01157	0.01635
115	0.02735	0.02754	0.08668	0.12943	0.30260	0.02631	0.02906	0.12315	0.07160	0.03995	0.02258	0.02708	0.01757	0.01065	0.01049	0.00326	0.01255	0.00950	0.00651	0.01613
116	0.02858	0.24261	0.04157	0.03414	0.19200	0.08521	0.02244	0.03264	0.02319	0.06849	0.02147	0.06482	0.01951	0.01222	0.01153	0.00302	0.06713	0.00936	0.00585	0.01421
117	0.20437	0.02388	0.07880	0.07380	0.03780	0.02176	0.17393	0.03181	0.02351	0.08451	0.07824	0.03721	0.02707	0.01249	0.01053	0.00351	0.01212	0.04449	0.00717	0.01299
118	0.02230	0.02819	0.12900	0.19525	0.10725	0.02396	0.21881	0.03064	0.02381	0.03269	0.06406	0.03135	0.02203	0.01064	0.01136	0.00346	0.01486	0.01112	0.00553	0.01369
119	0.01719	0.01455	0.02208	0.17376	0.11641	0.01535	0.01796	0.02119	0.02162	0.02880	0.08040	0.23426	0.08658	0.08309	0.01623	0.00439	0.00948	0.01850	0.00755	0.01060
120	0.02781	0.02006	0.03301	0.21659	0.11256	0.02155	0.07786	0.03359	0.02461	0.16287	0.07944	0.03460	0.02635	0.01272	0.01320	0.00350	0.06708	0.01102	0.00759	0.01399
121	0.03581	0.02276	0.03222	0.02771	0.07480	0.06703	0.09738	0.04063	0.02742	0.28847	0.08260	0.03552	0.02876	0.01334	0.01346	0.00340	0.07253	0.01120	0.00958	0.01538
122	0.02648	0.48831	0.18626	0.02113	0.03184	0.03747	0.02339	0.03212	0.02170	0.02705	0.01578	0.01831	0.01352	0.00930	0.00761	0.00254	0.01240	0.00620	0.00451	0.01409
123	0.02449	0.02320	0.03929	0.10557	0.47355	0.02354	0.03021	0.03044	0.02349	0.03325	0.02316	0.07847	0.02118	0.01159	0.01074	0.00327	0.01213	0.01123	0.00559	0.01561
124	0.07764	0.01892	0.03004	0.13435	0.08119	0.01995	0.10737	0.06690	0.02581	0.03724	0.15119	0.07443	0.03957	0.02058	0.06438	0.00469	0.01261	0.01334	0.00753	0.01228
125	0.02174	0.04034	0.32685	0.03390	0.04616	0.02373	0.21568	0.03171	0.02308	0.03296	0.02389	0.08594	0.02016	0.01199	0.01130	0.00353	0.01547	0.01182	0.00534	0.01440
126	0.01284	0.00936	0.01211	0.01431	0.01523	0.00862	0.00963	0.01477	0.02064	0.02715	0.06327	0.56833	0.11990	0.03248	0.01339	0.00422	0.00605	0.02927	0.00982	0.00862
127	0.02183	0.05035	0.48889	0.03253	0.04734	0.02492	0.11946	0.03355	0.02276	0.03355	0.01937	0.02335	0.01383	0.00986	0.01045	0.00338	0.01599	0.00859	0.00461	0.01540
128	0.02562	0.02667	0.05178	0.05565	0.33170	0.02586	0.25612	0.03309	0.02448	0.03424	0.02057	0.02724	0.01643	0.00919	0.01138	0.00333	0.01496	0.01081	0.00529	0.01562
129	0.02694	0.08890	0.20730	0.03455	0.04583	0.08510	0.24271	0.07762	0.02657	0.03506	0.01995	0.02448	0.01497	0.00979	0.01082	0.00327	0.01622	0.00969	0.00549	0.01473
130	0.01336	0.01060	0.01201	0.01195	0.01489	0.00925	0.00885	0.01674	0.02571	0.03307	0.25397	0.14210	0.35880	0.02563	0.01258	0.00355	0.00530	0.02195	0.01043	0.00925
131	0.09408	0.02512	0.03046	0.02630	0.02742	0.07742	0.02171	0.02741	0.01752	0.02773	0.01417	0.02219	0.01361	0.01699	0.02973	0.00433	0.49863	0.00869	0.00489	0.01161
132	0.01284	0.00935	0.01211	0.01433	0.01523	0.00862	0.00964	0.01477	0.02062	0.02715	0.06309	0.57022	0.11812	0.03250	0.01340	0.00422	0.00606	0.02929	0.00982	0.00862
133	0.01383	0.01076	0.01257	0.01212	0.01510	0.00950	0.00909	0.01776	0.02726	0.03606	0.35094	0.08941	0.30967	0.02398	0.01248	0.00344	0.00516	0.02058	0.01081	0.00950
134	0.02383	0.02274	0.03870	0.26741	0.37819	0.02451	0.03129	0.03040	0.02297	0.03171	0.01948	0.02693	0.01575	0.00985	0.01051	0.00328	0.01314	0.00941	0.00503	0.01487
135	0.10923	0.02247	0.06993	0.01983	0.02850	0.01886	0.01755	0.09669	0.03038	0.42226	0.03549	0.03191	0.02282	0.01247	0.01017	0.00327	0.00974	0.00980	0.01147	0.01715
136	0.02532	0.02056	0.02334	0.01767	0.02596	0.01848	0.01416	0.12909	0.07150	0.04247	0.07183	0.02934	0.02527	0.01062	0.00905	0.00222	0.00838	0.00858	0.00800	0.43815
137	0.09217	0.01771	0.02192	0.01818	0.02416	0.01750	0.01461	0.03871	0.06764	0.28194	0.04182	0.09544	0.07212	0.01615	0.01295	0.00342	0.06960	0.01270	0.01029	0.07097
138	0.18100	0.02144	0.02079	0.01802	0.02382	0.07684	0.01417	0.07458	0.07696	0.11691	0.07509	0.08145	0.03066	0.01965	0.05752	0.00431	0.01090	0.01120	0.00875	0.07596
139	0.08989	0.06685	0.02049	0.01892	0.07232	0.01675	0.01313	0.02623	0.06649	0.07633	0.06635	0.11349	0.27317	0.02025	0.01100	0.00343	0.00747	0.01681	0.00893	0.01171
140	0.02593	0.02322	0.07296	0.31200	0.05079	0.06010	0.02402	0.03221	0.02422	0.12240	0.06670	0.03198	0.02324	0.01163	0.01037	0.00321	0.01238	0.00980	0.00688	0.07596
141	0.08532	0.02269	0.07309	0.07672	0.08246	0.02049	0.06145	0.07039	0.06491	0.15761	0.03873	0.04559	0.07704	0.01473	0.01097	0.00352	0.01083	0.06028	0.00871	0.01445
142	0.02435	0.09784	0.29779	0.03196	0.12960	0.02459	0.02975	0.03480	0.06689	0.07132	0.02957	0.03139	0.06117	0.01178	0.01010	0.00324	0.01274	0.00962	0.00618	0.01533
143	0.02998	0.13566	0.08623	0.06752	0.16127	0.07718	0.06521	0.03569	0.02472	0.12016	0.02214	0.02507	0.01685	0.01002	0.00963	0.00289	0.01268	0.00852	0.00644	0.08213
144	0.02259	0.03644	0.28371	0.02945	0.07605	0.02272	0.06891	0.07401	0.07878	0.03765	0.07580	0.08949	0.02973	0.01391	0.01096	0.00345	0.01258	0.01212	0.00694	0.01469
145	0.02530	0.02806	0.13250	0.04077	0.24496	0.02212	0.06799	0.03439	0.06728	0.07547	0.07627	0.03234	0.02616	0.01124	0.01057	0.00315	0.01180	0.01038	0.00686	0.07240
146	0.02607	0.08353	0.02688	0.07329	0.06809	0.07247	0.01725	0.07232	0.06813	0.08615	0.03473	0.20281	0.03388	0.01755	0.01074	0.00331	0.01010	0.01498	0.00825	0.06947
147	0.02315	0.11620	0.03184	0.11706	0.15196	0.02297	0.02035	0.07730	0.02580	0.03454	0.07587	0.08852	0.08084	0.01453	0.01030	0.00308	0.01016	0.01243	0.00707	0.07603
148	0.02361	0.09428	0.20078	0.18378	0.12859	0.08242	0.02929	0.03103	0.02311	0.02997	0.02462	0.02924	0.05275	0.01126	0.01005	0.00321	0.01394	0.00919	0.00513	0.01376
149	0.08687	0.03162	0.17971	0.07683	0.18033	0.02338	0.06438	0.05838	0.02393	0.03660	0.01931	0.02385	0.01500	0.00958	0.00970	0.00300	0.01262	0.00834	0.00559	0.13099

[dist]
# distance from previous block
# <min> <max>
10	28

# created by:
# /st0/software/busco_prod/Augustus/scripts/msa2prfl.pl ./align_prep/7461.fa
