[name]
unknown

[dist]
# distance from previous block
# <min> <max>
0	389

[block]
# block no. 0 follows, 13 sequences, length 27
# corresponding to MSA columns:
# 435-461
name=unknown_A
#
# <colnr> <probs for GDERKNQSTAVLIFYWHMCP>
#	G	D	E	R	K	N	Q	S	T	A	V	L	I	F	Y	W	H	M	C	P
0	0.01474	0.01080	0.01382	0.01307	0.01566	0.00988	0.00980	0.01952	0.02940	0.04114	0.51611	0.08104	0.14132	0.02208	0.01247	0.00335	0.00502	0.01941	0.01147	0.00988
1	0.19929	0.01859	0.06651	0.01540	0.02134	0.01598	0.01361	0.03188	0.02453	0.15612	0.14190	0.03995	0.03728	0.01364	0.00921	0.00311	0.00762	0.01078	0.16068	0.01257
2	0.70310	0.02045	0.01554	0.01390	0.02045	0.02372	0.01145	0.03108	0.01799	0.04744	0.01472	0.01718	0.01145	0.00981	0.00654	0.00327	0.00818	0.00573	0.00654	0.01145
3	0.02326	0.01264	0.01679	0.01471	0.01865	0.01140	0.01140	0.02801	0.03001	0.17704	0.42536	0.06800	0.08098	0.01944	0.01200	0.00331	0.00601	0.01695	0.01201	0.01202
4	0.02827	0.63478	0.05540	0.01809	0.02714	0.04184	0.01809	0.03166	0.02148	0.02488	0.01470	0.01696	0.01357	0.00905	0.00678	0.00226	0.01131	0.00565	0.00452	0.01357
5	0.02121	0.05469	0.57364	0.03014	0.04576	0.02455	0.03906	0.03348	0.02232	0.03348	0.01897	0.02232	0.01339	0.01005	0.01005	0.00335	0.01563	0.00781	0.00446	0.01563
6	0.04744	0.01799	0.02454	0.01881	0.02699	0.01554	0.01554	0.05153	0.03026	0.56979	0.04171	0.03599	0.02617	0.01309	0.01063	0.00327	0.00900	0.01063	0.01309	0.01799
7	0.70310	0.02045	0.01554	0.01390	0.02045	0.02372	0.01145	0.03108	0.01799	0.04744	0.01472	0.01718	0.01145	0.00981	0.00654	0.00327	0.00818	0.00573	0.00654	0.01145
8	0.01997	0.01879	0.03171	0.60301	0.07282	0.02349	0.02936	0.02701	0.02114	0.02701	0.01879	0.02819	0.01409	0.01057	0.01057	0.00352	0.01409	0.00940	0.00470	0.01175
9	0.70310	0.02045	0.01554	0.01390	0.02045	0.02372	0.01145	0.03108	0.01799	0.04744	0.01472	0.01718	0.01145	0.00981	0.00654	0.00327	0.00818	0.00573	0.00654	0.01145
10	0.02192	0.01879	0.02192	0.01566	0.02506	0.01409	0.01253	0.02662	0.02192	0.03445	0.01879	0.02192	0.01566	0.00783	0.00783	0.00157	0.00783	0.00626	0.00626	0.69305
11	0.01288	0.00920	0.01227	0.01472	0.01534	0.00859	0.00981	0.01472	0.02024	0.02699	0.05828	0.62152	0.06993	0.03312	0.01350	0.00429	0.00613	0.03006	0.00981	0.00859
12	0.04744	0.01799	0.02454	0.01881	0.02699	0.01554	0.01554	0.05153	0.03026	0.56979	0.04171	0.03599	0.02617	0.01309	0.01063	0.00327	0.00900	0.01063	0.01309	0.01799
13	0.70310	0.02045	0.01554	0.01390	0.02045	0.02372	0.01145	0.03108	0.01799	0.04744	0.01472	0.01718	0.01145	0.00981	0.00654	0.00327	0.00818	0.00573	0.00654	0.01145
14	0.02192	0.01879	0.02192	0.01566	0.02506	0.01409	0.01253	0.02662	0.02192	0.03445	0.01879	0.02192	0.01566	0.00783	0.00783	0.00157	0.00783	0.00626	0.00626	0.69305
15	0.01496	0.01081	0.01413	0.01330	0.01580	0.00998	0.00998	0.01995	0.02993	0.04240	0.55689	0.07898	0.09976	0.02162	0.01247	0.00333	0.00499	0.01912	0.01164	0.00998
16	0.01475	0.01080	0.01384	0.01308	0.01567	0.00989	0.00981	0.01954	0.02943	0.04121	0.51837	0.08093	0.13901	0.02206	0.01247	0.00335	0.00502	0.01939	0.01148	0.00989
17	0.04744	0.01799	0.02454	0.01881	0.02699	0.01554	0.01554	0.05153	0.03026	0.56979	0.04171	0.03599	0.02617	0.01309	0.01063	0.00327	0.00900	0.01063	0.01309	0.01799
18	0.04744	0.01799	0.02454	0.01881	0.02699	0.01554	0.01554	0.05153	0.03026	0.56979	0.04171	0.03599	0.02617	0.01309	0.01063	0.00327	0.00900	0.01063	0.01309	0.01799
19	0.03915	0.01616	0.02188	0.01740	0.02413	0.01412	0.01412	0.04347	0.03018	0.43514	0.17324	0.04696	0.04496	0.01526	0.01110	0.00329	0.00797	0.01280	0.01272	0.01595
20	0.01890	0.01002	0.01059	0.01045	0.01291	0.00988	0.00783	0.02383	0.02350	0.03993	0.12398	0.04620	0.03955	0.01391	0.00826	0.00261	0.00494	0.01144	0.57140	0.00988
21	0.01460	0.01075	0.01337	0.01286	0.01514	0.01006	0.00936	0.01838	0.02589	0.03555	0.36468	0.07889	0.16652	0.11320	0.05995	0.00535	0.00749	0.01859	0.01014	0.00924
22	0.01388	0.01017	0.01255	0.01309	0.01479	0.00936	0.00909	0.01671	0.02361	0.03173	0.23680	0.26656	0.16080	0.10984	0.01851	0.00465	0.00617	0.02289	0.00998	0.00883
23	0.02344	0.01969	0.02274	0.01638	0.02570	0.01565	0.01316	0.06820	0.02423	0.03713	0.01934	0.02221	0.01585	0.00823	0.00806	0.00170	0.00815	0.00653	0.00662	0.63698
24	0.02419	0.03030	0.18418	0.02806	0.10796	0.02030	0.02408	0.03105	0.02244	0.07050	0.02018	0.02372	0.01574	0.00995	0.01129	0.00268	0.06133	0.00771	0.00594	0.29841
25	0.13152	0.24830	0.03899	0.07155	0.03148	0.03124	0.06089	0.02856	0.01995	0.02968	0.01917	0.07204	0.01838	0.01339	0.01415	0.00332	0.14026	0.00943	0.00540	0.01228
26	0.02180	0.01525	0.01776	0.01582	0.01958	0.01559	0.01217	0.14941	0.03254	0.04604	0.27820	0.13423	0.06443	0.01959	0.01140	0.00330	0.00683	0.01685	0.10740	0.01181

[dist]
# distance from previous block
# <min> <max>
0	16

[block]
# block no. 1 follows, 13 sequences, length 12
# corresponding to MSA columns:
# 478-489
name=unknown_B
#
# <colnr> <probs for GDERKNQSTAVLIFYWHMCP>
#	G	D	E	R	K	N	Q	S	T	A	V	L	I	F	Y	W	H	M	C	P
0	0.02090	0.12914	0.07667	0.02039	0.02723	0.02068	0.07062	0.02859	0.06661	0.03589	0.20737	0.05021	0.04873	0.01523	0.01068	0.00307	0.00941	0.04914	0.00817	0.10126
1	0.01483	0.01230	0.01364	0.01239	0.01681	0.01013	0.00937	0.01821	0.02422	0.03167	0.15018	0.11748	0.34619	0.02254	0.01159	0.00317	0.00587	0.01905	0.00934	0.15103
2	0.02930	0.19218	0.09171	0.01914	0.02883	0.02466	0.01805	0.07574	0.02558	0.12141	0.02198	0.02319	0.01675	0.00967	0.00847	0.00236	0.01014	0.00725	0.00707	0.26652
3	0.51951	0.01860	0.01589	0.01396	0.02013	0.02066	0.01140	0.03281	0.02019	0.11418	0.02108	0.02282	0.01562	0.01060	0.00720	0.00316	0.00782	0.00696	0.10535	0.01207
4	0.01401	0.01044	0.01311	0.01368	0.01586	0.00954	0.01011	0.01759	0.02541	0.03407	0.27391	0.24308	0.18680	0.02668	0.01295	0.00379	0.00580	0.06328	0.01056	0.00933
5	0.03620	0.25682	0.03858	0.02319	0.03018	0.33864	0.01914	0.03929	0.02695	0.07544	0.01808	0.01987	0.01475	0.01043	0.00865	0.00261	0.01536	0.00675	0.00582	0.01325
6	0.02827	0.63478	0.05540	0.01809	0.02714	0.04184	0.01809	0.03166	0.02148	0.02488	0.01470	0.01696	0.01357	0.00905	0.00678	0.00226	0.01131	0.00565	0.00452	0.01357
7	0.04019	0.02962	0.03173	0.02433	0.03279	0.03279	0.02010	0.52721	0.04971	0.06663	0.02538	0.02538	0.01798	0.01269	0.01058	0.00317	0.01163	0.00952	0.01058	0.01798
8	0.02617	0.02512	0.04292	0.06490	0.56246	0.02512	0.03245	0.03245	0.02407	0.03454	0.01989	0.02617	0.01675	0.00942	0.01047	0.00314	0.01256	0.00942	0.00523	0.01675
9	0.02802	0.02234	0.04052	0.03929	0.18390	0.02100	0.19322	0.03431	0.02613	0.14547	0.07565	0.04015	0.07476	0.01257	0.01154	0.00337	0.01236	0.01267	0.00783	0.01490
10	0.01458	0.01087	0.01394	0.01577	0.01791	0.01022	0.01249	0.01794	0.02299	0.02940	0.06960	0.27314	0.18910	0.02983	0.01372	0.00436	0.00750	0.22769	0.00978	0.00917
11	0.03302	0.02832	0.02754	0.02320	0.03007	0.08898	0.01841	0.23430	0.29990	0.05080	0.03343	0.03189	0.02482	0.01334	0.01056	0.00334	0.01076	0.01047	0.01012	0.01673

[dist]
# distance from previous block
# <min> <max>
0	1

[block]
# block no. 2 follows, 13 sequences, length 50
# corresponding to MSA columns:
# 491-540
name=unknown_C
#
# <colnr> <probs for GDERKNQSTAVLIFYWHMCP>
#	G	D	E	R	K	N	Q	S	T	A	V	L	I	F	Y	W	H	M	C	P
0	0.02492	0.04950	0.49599	0.02853	0.04311	0.02328	0.03574	0.03604	0.02345	0.10932	0.02219	0.02425	0.01520	0.01048	0.01013	0.00334	0.01469	0.00821	0.00568	0.01596
1	0.02479	0.09501	0.43695	0.02907	0.04303	0.02515	0.07116	0.03525	0.02328	0.08882	0.02119	0.02379	0.01494	0.01020	0.01003	0.00327	0.01475	0.00828	0.00544	0.01561
2	0.18232	0.07184	0.24330	0.02769	0.03896	0.02494	0.13659	0.03479	0.02269	0.09226	0.02065	0.02362	0.01488	0.01000	0.00964	0.00331	0.01345	0.00853	0.00604	0.01449
3	0.01997	0.01879	0.03171	0.60301	0.07282	0.02349	0.02936	0.02701	0.02114	0.02701	0.01879	0.02819	0.01409	0.01057	0.01057	0.00352	0.01409	0.00940	0.00470	0.01175
4	0.02121	0.05469	0.57364	0.03014	0.04576	0.02455	0.03906	0.03348	0.02232	0.03348	0.01897	0.02232	0.01339	0.01005	0.01005	0.00335	0.01563	0.00781	0.00446	0.01563
5	0.03219	0.03144	0.23152	0.02293	0.03298	0.01919	0.02399	0.04139	0.07060	0.26643	0.03487	0.08991	0.02625	0.01405	0.01071	0.00343	0.01117	0.01163	0.00929	0.01604
6	0.01911	0.01143	0.01446	0.01413	0.01717	0.01019	0.01041	0.02234	0.02533	0.12200	0.19776	0.26474	0.17958	0.02533	0.01252	0.00371	0.00614	0.02220	0.01084	0.01060
7	0.01519	0.01100	0.01533	0.01533	0.01665	0.01231	0.01115	0.01782	0.01650	0.02332	0.02984	0.04994	0.03008	0.24618	0.42463	0.01494	0.02283	0.01256	0.00589	0.00852
8	0.02332	0.09282	0.34792	0.08806	0.04405	0.02424	0.07130	0.03262	0.02278	0.07165	0.02343	0.06904	0.01890	0.01188	0.01032	0.00336	0.01406	0.01005	0.00561	0.01458
9	0.02687	0.02633	0.14903	0.02646	0.03478	0.01866	0.15015	0.03316	0.02396	0.16795	0.03346	0.13231	0.02939	0.07894	0.01597	0.00426	0.01236	0.01424	0.00799	0.01374
10	0.01280	0.00951	0.01195	0.01390	0.01512	0.00866	0.00945	0.01481	0.02103	0.02731	0.06828	0.51505	0.16994	0.03182	0.01329	0.00415	0.00597	0.02847	0.00982	0.00866
11	0.02213	0.01741	0.01986	0.01953	0.02381	0.01928	0.01587	0.04002	0.29415	0.03900	0.04700	0.06940	0.04246	0.01971	0.01185	0.00395	0.00852	0.19164	0.08099	0.01339
12	0.07992	0.03049	0.17221	0.02464	0.03409	0.02337	0.06585	0.04537	0.21108	0.15378	0.03240	0.03156	0.02301	0.01213	0.01038	0.00343	0.01123	0.01015	0.00881	0.01610
13	0.03003	0.28553	0.04063	0.02308	0.02883	0.18801	0.01977	0.03512	0.06460	0.02684	0.01724	0.02076	0.01516	0.01214	0.01422	0.00303	0.14940	0.00730	0.00530	0.01301
14	0.02499	0.06546	0.03131	0.02982	0.15745	0.02216	0.01950	0.06807	0.02403	0.03541	0.01878	0.02301	0.01578	0.00981	0.01142	0.00245	0.07231	0.00756	0.00606	0.35463
15	0.07913	0.11750	0.14259	0.26588	0.05131	0.02597	0.06217	0.03191	0.02223	0.07703	0.02006	0.02518	0.01485	0.01028	0.00973	0.00326	0.01333	0.00856	0.00555	0.01348
16	0.01410	0.01077	0.01294	0.01240	0.01527	0.00961	0.00930	0.01829	0.02790	0.03757	0.40000	0.08692	0.25966	0.02342	0.01248	0.00341	0.00512	0.02024	0.01100	0.00961
17	0.01949	0.02902	0.20684	0.07806	0.15955	0.01911	0.02629	0.02656	0.02296	0.03228	0.07663	0.15446	0.07131	0.01670	0.01125	0.00352	0.01128	0.01474	0.00670	0.01324
18	0.01971	0.01294	0.01907	0.02171	0.08771	0.01357	0.01357	0.02121	0.06877	0.02397	0.02248	0.03344	0.02071	0.03704	0.11271	0.43574	0.01230	0.00980	0.00545	0.00810
19	0.13867	0.02061	0.02610	0.02364	0.08271	0.01998	0.01731	0.10886	0.03040	0.37283	0.03341	0.03087	0.02200	0.01218	0.01002	0.00324	0.00960	0.00965	0.01100	0.01692
20	0.02292	0.01337	0.01746	0.01553	0.01947	0.01282	0.01205	0.02960	0.07001	0.15498	0.35088	0.06273	0.07103	0.02498	0.06958	0.00471	0.00847	0.01592	0.01128	0.01220
21	0.02784	0.01724	0.02006	0.01906	0.05653	0.01807	0.01371	0.14998	0.06798	0.08975	0.03097	0.03412	0.02364	0.01489	0.01231	0.07212	0.00809	0.00990	0.30077	0.01297
22	0.01452	0.01079	0.01352	0.01284	0.01552	0.00979	0.00963	0.01909	0.02888	0.03991	0.47597	0.08308	0.18223	0.02254	0.01248	0.00337	0.00505	0.01970	0.01131	0.00979
23	0.01395	0.01065	0.01163	0.01139	0.01453	0.00933	0.00854	0.01753	0.02562	0.03372	0.23188	0.08881	0.37024	0.02381	0.01198	0.00339	0.00520	0.02013	0.07837	0.00933
24	0.08151	0.37133	0.15051	0.02041	0.03054	0.03387	0.02139	0.06880	0.02353	0.03237	0.01671	0.01911	0.01388	0.00948	0.00779	0.00257	0.01164	0.00643	0.00528	0.07288
25	0.02749	0.03067	0.13167	0.02804	0.03435	0.08363	0.09564	0.03308	0.02318	0.10659	0.06702	0.02998	0.02324	0.01430	0.01909	0.00374	0.21793	0.01025	0.00659	0.01353
26	0.02560	0.12368	0.23641	0.03483	0.16329	0.02804	0.02918	0.07000	0.11803	0.03664	0.02333	0.02576	0.01792	0.01070	0.00984	0.00317	0.01270	0.00875	0.00620	0.01596
27	0.02055	0.03328	0.25401	0.26856	0.05308	0.02299	0.03070	0.03140	0.06389	0.03239	0.06731	0.03104	0.02265	0.01161	0.01053	0.00344	0.01349	0.00978	0.00568	0.01360
28	0.01250	0.01071	0.01071	0.01071	0.01428	0.00893	0.00803	0.01517	0.02410	0.02856	0.10711	0.10175	0.55817	0.02678	0.01250	0.00357	0.00536	0.02231	0.00982	0.00893
29	0.02827	0.63478	0.05540	0.01809	0.02714	0.04184	0.01809	0.03166	0.02148	0.02488	0.01470	0.01696	0.01357	0.00905	0.00678	0.00226	0.01131	0.00565	0.00452	0.01357
30	0.08380	0.13142	0.18885	0.14810	0.04433	0.02678	0.07633	0.03482	0.06434	0.07285	0.02174	0.02526	0.01614	0.01043	0.00966	0.00324	0.01309	0.00863	0.00594	0.01423
31	0.01272	0.01056	0.01113	0.01132	0.01451	0.00897	0.00837	0.01549	0.02414	0.02944	0.13583	0.15431	0.47273	0.02705	0.01260	0.00363	0.00541	0.02288	0.00995	0.00897
32	0.03950	0.05039	0.02996	0.02724	0.03269	0.58597	0.02043	0.04222	0.02996	0.02588	0.01634	0.01907	0.01362	0.01090	0.00953	0.00272	0.01907	0.00681	0.00545	0.01226
33	0.01250	0.01071	0.01071	0.01071	0.01428	0.00893	0.00803	0.01517	0.02410	0.02856	0.10711	0.10175	0.55817	0.02678	0.01250	0.00357	0.00536	0.02231	0.00982	0.00893
34	0.01288	0.00920	0.01227	0.01472	0.01534	0.00859	0.00981	0.01472	0.02024	0.02699	0.05828	0.62152	0.06993	0.03312	0.01350	0.00429	0.00613	0.03006	0.00981	0.00859
35	0.02355	0.03834	0.25427	0.03915	0.05169	0.02592	0.34204	0.03372	0.02397	0.03372	0.02048	0.02619	0.01505	0.00934	0.01156	0.00348	0.01700	0.01073	0.00502	0.01477
36	0.04345	0.01682	0.02242	0.01752	0.02488	0.01472	0.01437	0.04766	0.02910	0.49343	0.04067	0.03648	0.02631	0.01298	0.01017	0.00316	0.00841	0.01052	0.11013	0.01682
37	0.03730	0.02026	0.02424	0.02011	0.02723	0.02070	0.01611	0.05376	0.27640	0.31767	0.04235	0.03765	0.02910	0.01369	0.01069	0.00342	0.00870	0.01127	0.01197	0.01739
38	0.01472	0.01051	0.01438	0.01682	0.01824	0.01017	0.01301	0.01790	0.02205	0.02905	0.05726	0.39950	0.06592	0.03139	0.01399	0.00455	0.00773	0.23395	0.00978	0.00910
39	0.11790	0.03158	0.16758	0.04016	0.23028	0.02452	0.06350	0.07393	0.02559	0.09438	0.02180	0.02517	0.01626	0.01023	0.01001	0.00326	0.01266	0.00889	0.00647	0.01582
40	0.04465	0.01718	0.02306	0.01791	0.02552	0.01497	0.01472	0.04883	0.02945	0.51652	0.04099	0.03633	0.02627	0.01301	0.01031	0.00319	0.00859	0.01055	0.08078	0.01718
41	0.01704	0.01217	0.01704	0.01947	0.02191	0.01217	0.01704	0.02191	0.02434	0.03164	0.05598	0.11926	0.06085	0.02921	0.01460	0.00487	0.00974	0.49130	0.00974	0.00974
42	0.02260	0.02348	0.10358	0.23805	0.04498	0.02196	0.02385	0.03350	0.11474	0.07201	0.11416	0.03800	0.03233	0.01376	0.01261	0.00354	0.05475	0.01132	0.00748	0.01331
43	0.17593	0.09334	0.11327	0.11665	0.16130	0.07093	0.06281	0.03231	0.02232	0.03442	0.01774	0.02256	0.01407	0.00980	0.00924	0.00316	0.01303	0.00800	0.00529	0.01382
44	0.04318	0.02482	0.02876	0.02205	0.03040	0.02567	0.01822	0.33089	0.04168	0.27429	0.03212	0.02976	0.02136	0.01285	0.01060	0.00321	0.01055	0.00998	0.01161	0.01799
45	0.03317	0.01654	0.02108	0.01753	0.02348	0.01570	0.01397	0.04221	0.12297	0.30503	0.20771	0.05045	0.05095	0.01606	0.01125	0.00335	0.00759	0.01360	0.01220	0.01519
46	0.02556	0.08101	0.19600	0.02187	0.02970	0.02060	0.02229	0.03173	0.02401	0.14699	0.10014	0.12264	0.03616	0.01650	0.01330	0.00351	0.07295	0.01323	0.00809	0.01372
47	0.28419	0.15736	0.03119	0.02145	0.05686	0.02555	0.05392	0.03399	0.02233	0.12623	0.02416	0.03189	0.01999	0.01205	0.00876	0.00322	0.01015	0.05601	0.00734	0.01336
48	0.01335	0.00956	0.01269	0.01440	0.01544	0.00890	0.00985	0.01589	0.02241	0.03043	0.16969	0.50029	0.07660	0.03055	0.01327	0.00408	0.00588	0.02761	0.01022	0.00890
49	0.02536	0.02025	0.02609	0.06220	0.08489	0.01936	0.01750	0.06617	0.06308	0.07609	0.02478	0.05986	0.02083	0.01170	0.01137	0.00265	0.05683	0.00939	0.00728	0.33432

[dist]
# distance from previous block
# <min> <max>
0	31

[block]
# block no. 3 follows, 13 sequences, length 6
# corresponding to MSA columns:
# 572-577
name=unknown_D
#
# <colnr> <probs for GDERKNQSTAVLIFYWHMCP>
#	G	D	E	R	K	N	Q	S	T	A	V	L	I	F	Y	W	H	M	C	P
0	0.08977	0.02562	0.03153	0.07469	0.13995	0.09985	0.06104	0.08061	0.02667	0.11201	0.02321	0.02697	0.01777	0.01637	0.05938	0.00421	0.01392	0.00902	0.00710	0.08031
1	0.02589	0.01447	0.01866	0.01584	0.02123	0.01230	0.01221	0.02982	0.02593	0.19576	0.16135	0.17731	0.05108	0.01847	0.01107	0.00312	0.00712	0.01607	0.01040	0.17193
2	0.02827	0.63478	0.05540	0.01809	0.02714	0.04184	0.01809	0.03166	0.02148	0.02488	0.01470	0.01696	0.01357	0.00905	0.00678	0.00226	0.01131	0.00565	0.00452	0.01357
3	0.01642	0.01011	0.01370	0.01370	0.01416	0.01057	0.00910	0.01563	0.01517	0.02069	0.02653	0.04864	0.02803	0.27412	0.17888	0.26619	0.01425	0.01208	0.00555	0.00647
4	0.02036	0.01157	0.01541	0.01489	0.01775	0.01051	0.01097	0.02399	0.02633	0.13699	0.27037	0.27582	0.07448	0.02434	0.01251	0.00368	0.00618	0.02164	0.01123	0.01098
5	0.01288	0.00920	0.01227	0.01472	0.01534	0.00859	0.00981	0.01472	0.02024	0.02699	0.05828	0.62152	0.06993	0.03312	0.01350	0.00429	0.00613	0.03006	0.00981	0.00859

[dist]
# distance from previous block
# <min> <max>
5	13

[block]
# block no. 4 follows, 13 sequences, length 23
# corresponding to MSA columns:
# 591-613
name=unknown_E
#
# <colnr> <probs for GDERKNQSTAVLIFYWHMCP>
#	G	D	E	R	K	N	Q	S	T	A	V	L	I	F	Y	W	H	M	C	P
0	0.02201	0.02023	0.03109	0.29046	0.16865	0.02082	0.02461	0.02812	0.02206	0.03113	0.01904	0.02570	0.01520	0.00942	0.00966	0.00280	0.01172	0.00839	0.00533	0.23355
1	0.10013	0.02122	0.02566	0.01984	0.02796	0.02071	0.01639	0.17364	0.03430	0.39534	0.03522	0.03166	0.02281	0.01271	0.01028	0.00325	0.00962	0.00993	0.01189	0.01745
2	0.02444	0.03221	0.22021	0.24890	0.14309	0.02328	0.03176	0.03284	0.02304	0.08920	0.02152	0.02665	0.01562	0.01046	0.01038	0.00337	0.01381	0.00899	0.00562	0.01463
3	0.03985	0.01782	0.02291	0.01785	0.02555	0.01575	0.01454	0.04621	0.07041	0.40816	0.03802	0.03459	0.02528	0.01239	0.00998	0.00299	0.00845	0.01007	0.06756	0.11161
4	0.01367	0.01076	0.01234	0.01195	0.01500	0.00943	0.00896	0.01745	0.02688	0.03516	0.32144	0.09090	0.33973	0.02432	0.01248	0.00345	0.00518	0.02079	0.01069	0.00943
5	0.01470	0.01080	0.01376	0.01302	0.01563	0.00986	0.00977	0.01944	0.02930	0.04090	0.50828	0.08144	0.14930	0.02217	0.01247	0.00335	0.00503	0.01947	0.01144	0.00986
6	0.02617	0.02512	0.04292	0.06490	0.56246	0.02512	0.03245	0.03245	0.02407	0.03454	0.01989	0.02617	0.01675	0.00942	0.01047	0.00314	0.01256	0.00942	0.00523	0.01675
7	0.70310	0.02045	0.01554	0.01390	0.02045	0.02372	0.01145	0.03108	0.01799	0.04744	0.01472	0.01718	0.01145	0.00981	0.00654	0.00327	0.00818	0.00573	0.00654	0.01145
8	0.02827	0.63478	0.05540	0.01809	0.02714	0.04184	0.01809	0.03166	0.02148	0.02488	0.01470	0.01696	0.01357	0.00905	0.00678	0.00226	0.01131	0.00565	0.00452	0.01357
9	0.04504	0.02183	0.02691	0.02063	0.02891	0.02124	0.01705	0.20870	0.03669	0.40354	0.03632	0.03248	0.02347	0.01296	0.01061	0.00324	0.00987	0.01026	0.01226	0.01799
10	0.02609	0.02487	0.04023	0.05293	0.39170	0.02554	0.07312	0.03812	0.14551	0.03675	0.02543	0.02948	0.02031	0.01053	0.01072	0.00328	0.01206	0.01029	0.00654	0.01652
11	0.03066	0.02452	0.02361	0.01963	0.02527	0.09564	0.01558	0.25861	0.03776	0.05096	0.15035	0.03954	0.03815	0.01449	0.01034	0.00303	0.00989	0.01147	0.12654	0.01396
12	0.02211	0.01615	0.02231	0.01869	0.02320	0.01615	0.06187	0.10620	0.02912	0.07602	0.21613	0.05837	0.10717	0.07021	0.10233	0.00591	0.01156	0.01521	0.00948	0.01182
13	0.02770	0.01434	0.01626	0.01369	0.01867	0.01359	0.01083	0.07591	0.02635	0.15427	0.03351	0.03553	0.02484	0.01203	0.00842	0.00260	0.00671	0.00960	0.40900	0.08614
14	0.01250	0.01071	0.01071	0.01071	0.01428	0.00893	0.00803	0.01517	0.02410	0.02856	0.10711	0.10175	0.55817	0.02678	0.01250	0.00357	0.00536	0.02231	0.00982	0.00893
15	0.04744	0.01799	0.02454	0.01881	0.02699	0.01554	0.01554	0.05153	0.03026	0.56979	0.04171	0.03599	0.02617	0.01309	0.01063	0.00327	0.00900	0.01063	0.01309	0.01799
16	0.04539	0.01845	0.02448	0.01907	0.02704	0.01658	0.01566	0.05198	0.07998	0.51886	0.04184	0.03632	0.02676	0.01321	0.01064	0.00330	0.00894	0.01076	0.01286	0.01787
17	0.04744	0.01799	0.02454	0.01881	0.02699	0.01554	0.01554	0.05153	0.03026	0.56979	0.04171	0.03599	0.02617	0.01309	0.01063	0.00327	0.00900	0.01063	0.01309	0.01799
18	0.04019	0.02962	0.03173	0.02433	0.03279	0.03279	0.02010	0.52721	0.04971	0.06663	0.02538	0.02538	0.01798	0.01269	0.01058	0.00317	0.01163	0.00952	0.01058	0.01798
19	0.01455	0.01060	0.01176	0.01147	0.01448	0.00945	0.00860	0.01840	0.02581	0.03518	0.25184	0.08353	0.31079	0.02259	0.01164	0.00330	0.00516	0.01915	0.12225	0.00945
20	0.01286	0.01024	0.01154	0.01223	0.01476	0.00892	0.00879	0.01549	0.02344	0.02941	0.13523	0.26413	0.35915	0.02829	0.01281	0.00378	0.00557	0.02446	0.00999	0.00892
21	0.04744	0.01799	0.02454	0.01881	0.02699	0.01554	0.01554	0.05153	0.03026	0.56979	0.04171	0.03599	0.02617	0.01309	0.01063	0.00327	0.00900	0.01063	0.01309	0.01799
22	0.02617	0.02512	0.04292	0.06490	0.56246	0.02512	0.03245	0.03245	0.02407	0.03454	0.01989	0.02617	0.01675	0.00942	0.01047	0.00314	0.01256	0.00942	0.00523	0.01675

[dist]
# distance from previous block
# <min> <max>
0	20

[block]
# block no. 5 follows, 13 sequences, length 47
# corresponding to MSA columns:
# 634-680
name=unknown_F
#
# <colnr> <probs for GDERKNQSTAVLIFYWHMCP>
#	G	D	E	R	K	N	Q	S	T	A	V	L	I	F	Y	W	H	M	C	P
0	0.01496	0.01081	0.01413	0.01330	0.01580	0.00998	0.00998	0.01995	0.02993	0.04240	0.55689	0.07898	0.09976	0.02162	0.01247	0.00333	0.00499	0.01912	0.01164	0.00998
1	0.02630	0.02271	0.02391	0.02152	0.02749	0.02630	0.01674	0.05618	0.54336	0.04423	0.04303	0.03945	0.03228	0.01434	0.01076	0.00359	0.00837	0.01195	0.01076	0.01674
2	0.01997	0.01879	0.03171	0.60301	0.07282	0.02349	0.02936	0.02701	0.02114	0.02701	0.01879	0.02819	0.01409	0.01057	0.01057	0.00352	0.01409	0.00940	0.00470	0.01175
3	0.02827	0.63478	0.05540	0.01809	0.02714	0.04184	0.01809	0.03166	0.02148	0.02488	0.01470	0.01696	0.01357	0.00905	0.00678	0.00226	0.01131	0.00565	0.00452	0.01357
4	0.01997	0.01879	0.03171	0.60301	0.07282	0.02349	0.02936	0.02701	0.02114	0.02701	0.01879	0.02819	0.01409	0.01057	0.01057	0.00352	0.01409	0.00940	0.00470	0.01175
5	0.01434	0.01056	0.01374	0.01575	0.01756	0.00996	0.01215	0.01744	0.02243	0.02898	0.06615	0.34456	0.15370	0.03056	0.01372	0.00438	0.00732	0.19787	0.00979	0.00907
6	0.01704	0.01217	0.01704	0.01947	0.02191	0.01217	0.01704	0.02191	0.02434	0.03164	0.05598	0.11926	0.06085	0.02921	0.01460	0.00487	0.00974	0.49130	0.00974	0.00974
7	0.01640	0.01602	0.06550	0.06861	0.02484	0.01365	0.01531	0.02341	0.07399	0.03387	0.18990	0.27423	0.06416	0.02379	0.01245	0.00384	0.00781	0.05200	0.00949	0.01074
8	0.02728	0.03845	0.27979	0.08120	0.11526	0.02543	0.07522	0.11687	0.02788	0.07940	0.02210	0.02542	0.01588	0.01058	0.01049	0.00332	0.01411	0.00907	0.00634	0.01591
9	0.01404	0.01136	0.01432	0.01481	0.01668	0.01164	0.01094	0.01658	0.02072	0.02699	0.06693	0.27458	0.23632	0.03774	0.11722	0.00632	0.06302	0.02204	0.00862	0.00913
10	0.02854	0.24587	0.08552	0.02310	0.02895	0.03255	0.02151	0.03236	0.02078	0.10920	0.01887	0.02280	0.01561	0.01354	0.01884	0.00346	0.25097	0.00804	0.00587	0.01362
11	0.02708	0.13263	0.16858	0.03973	0.22280	0.02716	0.06366	0.03638	0.06968	0.07901	0.02282	0.02591	0.01755	0.01022	0.00994	0.00312	0.01278	0.00896	0.00610	0.01588
12	0.02279	0.03560	0.23789	0.03725	0.09099	0.02490	0.21271	0.03171	0.02310	0.03283	0.02306	0.03436	0.01928	0.01217	0.01359	0.00367	0.06797	0.05645	0.00538	0.01430
13	0.01725	0.01367	0.01945	0.01840	0.01943	0.01680	0.01417	0.01944	0.01630	0.02365	0.02485	0.04035	0.02453	0.13757	0.33956	0.07286	0.15599	0.01123	0.00544	0.00908
14	0.02192	0.01879	0.02192	0.01566	0.02506	0.01409	0.01253	0.02662	0.02192	0.03445	0.01879	0.02192	0.01566	0.00783	0.00783	0.00157	0.00783	0.00626	0.00626	0.69305
15	0.13584	0.02740	0.11756	0.03176	0.04076	0.02275	0.26398	0.03073	0.02368	0.03636	0.06183	0.04178	0.02689	0.01291	0.01143	0.00365	0.01390	0.07727	0.00646	0.01306
16	0.01510	0.01133	0.01699	0.01699	0.01888	0.01322	0.01322	0.01888	0.01699	0.02454	0.02832	0.04154	0.02643	0.07930	0.58652	0.01699	0.02832	0.01133	0.00566	0.00944
17	0.59415	0.02536	0.01791	0.01609	0.02246	0.11603	0.01292	0.03291	0.01996	0.04390	0.01499	0.01749	0.01181	0.00999	0.00703	0.00318	0.00997	0.00590	0.00636	0.01158
18	0.01538	0.01025	0.01153	0.01153	0.01153	0.01025	0.00641	0.01538	0.01538	0.02050	0.03331	0.06919	0.03844	0.62842	0.05382	0.01025	0.01025	0.01538	0.00641	0.00641
19	0.03544	0.10959	0.07875	0.03094	0.14986	0.02376	0.02239	0.04043	0.02562	0.27575	0.02844	0.02874	0.02004	0.01196	0.01233	0.00324	0.06858	0.00930	0.00859	0.01628
20	0.13678	0.16632	0.08946	0.03251	0.04250	0.02951	0.29086	0.03288	0.02284	0.03403	0.01861	0.02360	0.01454	0.00917	0.01004	0.00321	0.01461	0.00949	0.00529	0.01374
21	0.02313	0.02313	0.03238	0.02776	0.02776	0.03238	0.02313	0.02545	0.01619	0.02545	0.01388	0.02313	0.01388	0.01851	0.03470	0.00463	0.60907	0.00925	0.00463	0.01157
22	0.02617	0.02512	0.04292	0.06490	0.56246	0.02512	0.03245	0.03245	0.02407	0.03454	0.01989	0.02617	0.01675	0.00942	0.01047	0.00314	0.01256	0.00942	0.00523	0.01675
23	0.70310	0.02045	0.01554	0.01390	0.02045	0.02372	0.01145	0.03108	0.01799	0.04744	0.01472	0.01718	0.01145	0.00981	0.00654	0.00327	0.00818	0.00573	0.00654	0.01145
24	0.01510	0.01133	0.01699	0.01699	0.01888	0.01322	0.01322	0.01888	0.01699	0.02454	0.02832	0.04154	0.02643	0.07930	0.58652	0.01699	0.02832	0.01133	0.00566	0.00944
25	0.59090	0.01871	0.01461	0.01324	0.01911	0.02144	0.01078	0.03002	0.01868	0.04612	0.01797	0.02083	0.01402	0.01023	0.00668	0.00314	0.00765	0.00640	0.11828	0.01119
26	0.01753	0.01350	0.01635	0.01516	0.01844	0.01367	0.01151	0.02816	0.14617	0.04281	0.44055	0.07003	0.08448	0.01997	0.01208	0.00338	0.00575	0.01750	0.01144	0.01151
27	0.02348	0.02111	0.02962	0.03372	0.22219	0.01814	0.01984	0.02876	0.02271	0.03449	0.01919	0.02348	0.01606	0.00841	0.00880	0.00214	0.00957	0.00742	0.00589	0.44497
28	0.04038	0.02669	0.11849	0.02336	0.03298	0.02068	0.05496	0.12708	0.03186	0.36074	0.03385	0.03146	0.02201	0.01224	0.01065	0.00329	0.01113	0.01011	0.01072	0.01735
29	0.02313	0.02313	0.03238	0.02776	0.02776	0.03238	0.02313	0.02545	0.01619	0.02545	0.01388	0.02313	0.01388	0.01851	0.03470	0.00463	0.60907	0.00925	0.00463	0.01157
30	0.01604	0.01124	0.01478	0.01602	0.01838	0.01085	0.01311	0.02050	0.02511	0.03431	0.18119	0.14953	0.10358	0.02605	0.01319	0.00413	0.00748	0.25483	0.07004	0.00964
31	0.03411	0.07384	0.20475	0.02838	0.07927	0.02198	0.06944	0.04134	0.02617	0.27167	0.02908	0.02889	0.01960	0.01118	0.01033	0.00324	0.01232	0.00946	0.00845	0.01651
32	0.04744	0.01799	0.02454	0.01881	0.02699	0.01554	0.01554	0.05153	0.03026	0.56979	0.04171	0.03599	0.02617	0.01309	0.01063	0.00327	0.00900	0.01063	0.01309	0.01799
33	0.01253	0.01058	0.01084	0.01105	0.01437	0.00890	0.00818	0.01514	0.02377	0.02843	0.10296	0.14596	0.51665	0.02732	0.01258	0.00363	0.00542	0.02297	0.00982	0.00890
34	0.02188	0.10793	0.08299	0.35151	0.05471	0.02798	0.02736	0.02790	0.02026	0.02696	0.01722	0.02506	0.01391	0.01197	0.01504	0.00356	0.13810	0.00871	0.00464	0.01230
35	0.02471	0.08009	0.13522	0.09325	0.23455	0.02672	0.14661	0.03405	0.05906	0.03344	0.02115	0.02640	0.01660	0.00981	0.01060	0.00327	0.01405	0.00973	0.00541	0.01529
36	0.01962	0.01816	0.02557	0.02317	0.02369	0.02411	0.01868	0.02218	0.01705	0.02550	0.02453	0.12715	0.02605	0.03459	0.15500	0.00735	0.37809	0.01319	0.00573	0.01059
37	0.70310	0.02045	0.01554	0.01390	0.02045	0.02372	0.01145	0.03108	0.01799	0.04744	0.01472	0.01718	0.01145	0.00981	0.00654	0.00327	0.00818	0.00573	0.00654	0.01145
38	0.02158	0.01787	0.02114	0.01548	0.02397	0.01362	0.01221	0.02538	0.02114	0.03290	0.01875	0.02291	0.01592	0.01062	0.01106	0.06824	0.00796	0.00655	0.00610	0.62661
39	0.02589	0.01581	0.01645	0.01422	0.01849	0.01677	0.01122	0.17620	0.03048	0.04763	0.03174	0.03519	0.02435	0.01243	0.00835	0.00268	0.00695	0.00975	0.48308	0.01231
40	0.02765	0.02272	0.07171	0.01861	0.02727	0.01804	0.01630	0.12054	0.02923	0.11339	0.09740	0.03236	0.02891	0.01152	0.00954	0.00249	0.00897	0.00936	0.00855	0.32544
41	0.01764	0.01284	0.01897	0.01696	0.02045	0.01264	0.05024	0.02200	0.02379	0.07012	0.20557	0.06243	0.14307	0.04213	0.22292	0.00840	0.01487	0.01573	0.00875	0.01049
42	0.02313	0.02313	0.03238	0.02776	0.02776	0.03238	0.02313	0.02545	0.01619	0.02545	0.01388	0.02313	0.01388	0.01851	0.03470	0.00463	0.60907	0.00925	0.00463	0.01157
43	0.01997	0.01879	0.03171	0.60301	0.07282	0.02349	0.02936	0.02701	0.02114	0.02701	0.01879	0.02819	0.01409	0.01057	0.01057	0.00352	0.01409	0.00940	0.00470	0.01175
44	0.02010	0.01812	0.02982	0.34160	0.16071	0.02059	0.02615	0.02614	0.02217	0.02931	0.02876	0.09955	0.02749	0.01548	0.01147	0.00373	0.01231	0.08822	0.00611	0.01216
45	0.03069	0.02490	0.02638	0.02241	0.02917	0.02835	0.01780	0.20512	0.38727	0.05131	0.03745	0.03500	0.02776	0.01382	0.01070	0.00346	0.00940	0.01118	0.01070	0.01713
46	0.01538	0.01025	0.01153	0.01153	0.01153	0.01025	0.00641	0.01538	0.01538	0.02050	0.03331	0.06919	0.03844	0.62842	0.05382	0.01025	0.01025	0.01538	0.00641	0.00641

[dist]
# distance from previous block
# <min> <max>
0	265

# created by:
# /st0/software/busco_prod/Augustus/scripts/msa2prfl.pl ./align_prep/7468.fa
