[name]
unknown

[dist]
# distance from previous block
# <min> <max>
0	87

[block]
# block no. 0 follows, 15 sequences, length 45
# corresponding to MSA columns:
# 87-131
name=unknown_A
#
# <colnr> <probs for GDERKNQSTAVLIFYWHMCP>
#	G	D	E	R	K	N	Q	S	T	A	V	L	I	F	Y	W	H	M	C	P
0	0.02623	0.02299	0.08100	0.02070	0.02668	0.07232	0.03963	0.03751	0.17183	0.14316	0.07455	0.09515	0.03645	0.01636	0.01088	0.00344	0.00982	0.08880	0.00913	0.01337
1	0.02674	0.28477	0.17199	0.02404	0.03390	0.02913	0.10771	0.03479	0.06621	0.09959	0.02114	0.02286	0.01604	0.00960	0.00872	0.00279	0.01209	0.00790	0.00586	0.01410
2	0.02037	0.03387	0.33746	0.02310	0.03246	0.01799	0.02640	0.02829	0.02148	0.07497	0.03025	0.05086	0.02789	0.07988	0.01487	0.00420	0.01224	0.14451	0.00637	0.01255
3	0.01334	0.00951	0.01273	0.01379	0.01459	0.00978	0.00943	0.01520	0.01706	0.02327	0.04080	0.32246	0.04648	0.19430	0.20044	0.00899	0.01298	0.01971	0.00730	0.00784
4	0.13867	0.08735	0.07587	0.02426	0.03132	0.14271	0.12030	0.07424	0.06001	0.03383	0.02183	0.06486	0.01874	0.01516	0.04527	0.00380	0.01364	0.00952	0.00614	0.01248
5	0.10440	0.02771	0.17646	0.02440	0.08451	0.05750	0.02135	0.06895	0.02439	0.03575	0.10901	0.09743	0.03554	0.01547	0.01029	0.00333	0.01052	0.07359	0.00712	0.01226
6	0.01663	0.01108	0.01428	0.01455	0.01670	0.01060	0.01067	0.05348	0.02458	0.06648	0.21799	0.35528	0.06861	0.02520	0.01214	0.00367	0.00615	0.05219	0.01002	0.00968
7	0.01994	0.09367	0.31171	0.02428	0.03378	0.05596	0.06792	0.02749	0.02169	0.02975	0.06332	0.15041	0.02917	0.01449	0.01016	0.00322	0.01223	0.01244	0.00582	0.01256
8	0.03106	0.14788	0.13294	0.02016	0.02816	0.08493	0.01909	0.03880	0.09213	0.20733	0.02756	0.02941	0.02062	0.06232	0.01242	0.00343	0.01106	0.00878	0.00778	0.01416
9	0.02089	0.02958	0.18377	0.23545	0.11436	0.06842	0.05878	0.02818	0.02217	0.02933	0.05996	0.03145	0.05261	0.01122	0.01008	0.00317	0.01304	0.00976	0.00524	0.01255
10	0.01568	0.00996	0.01303	0.01361	0.01553	0.00909	0.00968	0.01849	0.02276	0.08218	0.20389	0.39091	0.10507	0.02605	0.01214	0.00366	0.00568	0.02327	0.01002	0.00930
11	0.02434	0.19567	0.22509	0.03163	0.08397	0.07298	0.16897	0.03179	0.02220	0.02914	0.01736	0.02140	0.01362	0.00896	0.00931	0.00289	0.01428	0.00809	0.00458	0.01373
12	0.02440	0.35349	0.16730	0.05755	0.15697	0.03158	0.02488	0.03019	0.02096	0.02735	0.01601	0.01952	0.01345	0.00888	0.00801	0.00260	0.01193	0.00673	0.00441	0.01381
13	0.01211	0.00882	0.01142	0.01349	0.01436	0.00813	0.00908	0.01392	0.01946	0.02560	0.05965	0.58726	0.11878	0.03062	0.01263	0.00398	0.00571	0.02759	0.00925	0.00813
14	0.01964	0.01551	0.02564	0.02177	0.02642	0.01466	0.14572	0.02555	0.05953	0.08708	0.05017	0.23393	0.12123	0.02104	0.01204	0.00371	0.00930	0.08742	0.00857	0.01105
15	0.02042	0.09342	0.24275	0.02250	0.03083	0.01920	0.07100	0.02704	0.02182	0.07507	0.07282	0.19432	0.03451	0.01623	0.01047	0.00330	0.01082	0.01427	0.00683	0.01239
16	0.02530	0.01918	0.03179	0.14496	0.23250	0.01917	0.07117	0.03080	0.02396	0.13989	0.08653	0.03758	0.06863	0.01213	0.01043	0.00314	0.01067	0.01123	0.00723	0.01372
17	0.04172	0.01924	0.02489	0.01931	0.02645	0.01872	0.01596	0.13353	0.03062	0.45728	0.03458	0.03124	0.02242	0.01268	0.01183	0.00317	0.05884	0.00974	0.01129	0.01648
18	0.08172	0.16247	0.26118	0.02255	0.03318	0.02682	0.02460	0.13397	0.02649	0.10739	0.02061	0.02182	0.01486	0.01010	0.00876	0.00290	0.01186	0.00745	0.00650	0.01475
19	0.02425	0.16028	0.36279	0.08589	0.04015	0.02513	0.02931	0.03274	0.02172	0.09981	0.01978	0.02225	0.01424	0.00970	0.00900	0.00297	0.01302	0.00746	0.00526	0.01426
20	0.02410	0.01605	0.01729	0.01523	0.01950	0.06708	0.01179	0.02975	0.06533	0.17117	0.29659	0.05969	0.13039	0.01767	0.01097	0.00312	0.00711	0.01495	0.01048	0.01175
21	0.03618	0.02133	0.03068	0.03461	0.23300	0.02078	0.02125	0.12922	0.02955	0.29611	0.02911	0.02880	0.02008	0.01100	0.00996	0.00302	0.01015	0.00942	0.00921	0.01653
22	0.02480	0.01819	0.02722	0.02669	0.11120	0.01810	0.08939	0.09537	0.07014	0.11129	0.08997	0.16067	0.03716	0.01600	0.01078	0.00327	0.00922	0.01461	0.05281	0.01312
23	0.01999	0.05157	0.59800	0.02841	0.04315	0.02315	0.03683	0.03157	0.02105	0.03157	0.01789	0.02105	0.01263	0.00947	0.00947	0.00316	0.01473	0.00737	0.00421	0.01473
24	0.08800	0.02274	0.03709	0.11637	0.26626	0.02386	0.12616	0.03410	0.11987	0.03432	0.02235	0.02680	0.01751	0.00979	0.00995	0.00317	0.01189	0.00954	0.00594	0.01428
25	0.03728	0.04627	0.02836	0.02551	0.03082	0.57299	0.01924	0.07238	0.02943	0.02683	0.01595	0.01835	0.01310	0.01038	0.00905	0.00260	0.01753	0.00658	0.00544	0.01190
26	0.01930	0.01820	0.03075	0.58026	0.11042	0.02227	0.02792	0.02588	0.02016	0.02604	0.01780	0.02642	0.01349	0.00988	0.00996	0.00329	0.01317	0.00886	0.00447	0.01145
27	0.04319	0.01731	0.02309	0.01793	0.02548	0.01543	0.01474	0.04892	0.07013	0.55187	0.03942	0.03418	0.02512	0.01243	0.01003	0.00311	0.00844	0.01012	0.01217	0.01687
28	0.02575	0.01297	0.01712	0.01592	0.01981	0.01201	0.01217	0.03048	0.05999	0.24358	0.09667	0.28640	0.05003	0.02167	0.01151	0.00359	0.00706	0.05048	0.01063	0.01215
29	0.01551	0.01332	0.01844	0.06990	0.12742	0.01272	0.01412	0.01967	0.02417	0.03186	0.22547	0.07028	0.28056	0.01943	0.01127	0.00322	0.00690	0.01683	0.00857	0.01033
30	0.04473	0.01697	0.02313	0.01774	0.02545	0.01465	0.01465	0.04858	0.02853	0.59437	0.03933	0.03393	0.02468	0.01234	0.01003	0.00308	0.00848	0.01003	0.01234	0.01697
31	0.03556	0.01961	0.02330	0.01918	0.02600	0.02013	0.01542	0.08252	0.26665	0.31862	0.03890	0.03473	0.02671	0.01283	0.01007	0.00321	0.00838	0.01050	0.01123	0.01645
32	0.02112	0.01501	0.02314	0.08417	0.17621	0.01487	0.01817	0.02502	0.02186	0.10767	0.03933	0.27963	0.04088	0.02021	0.01143	0.00361	0.00884	0.06897	0.00807	0.01180
33	0.03566	0.04489	0.02848	0.02573	0.03034	0.55049	0.01952	0.03819	0.02692	0.02436	0.01517	0.01837	0.01287	0.01101	0.01141	0.00275	0.08063	0.00666	0.00506	0.01149
34	0.04473	0.01697	0.02313	0.01774	0.02545	0.01465	0.01465	0.04858	0.02853	0.59437	0.03933	0.03393	0.02468	0.01234	0.01003	0.00308	0.00848	0.01003	0.01234	0.01697
35	0.02046	0.09371	0.55993	0.02762	0.04192	0.02429	0.03545	0.03145	0.02099	0.03100	0.01761	0.02069	0.01264	0.00941	0.00926	0.00309	0.01445	0.00722	0.00421	0.01460
36	0.01258	0.00980	0.01143	0.01172	0.01413	0.00865	0.00853	0.01559	0.02357	0.03060	0.23828	0.21590	0.31329	0.02514	0.01199	0.00345	0.00511	0.02180	0.00978	0.00865
37	0.01883	0.01772	0.02990	0.62569	0.06866	0.02215	0.02769	0.02547	0.01993	0.02547	0.01772	0.02658	0.01329	0.00997	0.00997	0.00332	0.01329	0.00886	0.00443	0.01107
38	0.02048	0.01940	0.03288	0.46624	0.21521	0.02258	0.02851	0.02692	0.02071	0.02748	0.01801	0.02604	0.01400	0.00966	0.00994	0.00322	0.01288	0.00887	0.00457	0.01241
39	0.28437	0.06493	0.06787	0.01724	0.02436	0.02219	0.01531	0.08383	0.09092	0.14917	0.06700	0.02775	0.02313	0.01145	0.00846	0.00306	0.00871	0.00846	0.00828	0.01351
40	0.02467	0.02369	0.04046	0.06119	0.58747	0.02369	0.03059	0.03059	0.02270	0.03257	0.01875	0.02467	0.01579	0.00888	0.00987	0.00296	0.01184	0.00888	0.00493	0.01579
41	0.08379	0.03751	0.02912	0.02473	0.03092	0.39538	0.06691	0.04014	0.02711	0.14184	0.02059	0.02191	0.01531	0.01045	0.00926	0.00278	0.01525	0.00757	0.00666	0.01277
42	0.02160	0.01888	0.01904	0.01746	0.02083	0.10304	0.01336	0.07997	0.09165	0.03365	0.17542	0.04294	0.04094	0.03294	0.17235	0.07180	0.01390	0.01174	0.00780	0.01067
43	0.01242	0.00900	0.01180	0.01392	0.01486	0.00838	0.00964	0.01444	0.01967	0.02590	0.05847	0.55848	0.10676	0.03047	0.01273	0.00404	0.00599	0.06559	0.00925	0.00821
44	0.01460	0.01200	0.01831	0.23880	0.03438	0.01326	0.01603	0.01814	0.01940	0.02546	0.04126	0.41648	0.04658	0.02341	0.01171	0.00378	0.00854	0.02118	0.00748	0.00919

[dist]
# distance from previous block
# <min> <max>
0	1

[block]
# block no. 1 follows, 15 sequences, length 11
# corresponding to MSA columns:
# 133-143
name=unknown_B
#
# <colnr> <probs for GDERKNQSTAVLIFYWHMCP>
#	G	D	E	R	K	N	Q	S	T	A	V	L	I	F	Y	W	H	M	C	P
0	0.18198	0.16828	0.18819	0.02472	0.03462	0.02763	0.12798	0.07827	0.02280	0.03570	0.01711	0.02029	0.01314	0.00923	0.00856	0.00294	0.01234	0.00751	0.00535	0.01337
1	0.13522	0.02721	0.18651	0.02013	0.02962	0.01820	0.02045	0.04093	0.02472	0.35381	0.02951	0.02768	0.01922	0.01107	0.00931	0.00311	0.01016	0.00860	0.00912	0.01543
2	0.01220	0.00964	0.01099	0.01165	0.01397	0.00844	0.00836	0.01474	0.02223	0.02811	0.14728	0.27286	0.35107	0.02659	0.01209	0.00356	0.00525	0.02305	0.00948	0.00844
3	0.02521	0.09306	0.03068	0.01981	0.02864	0.01943	0.09061	0.06791	0.02368	0.08428	0.02004	0.02246	0.01565	0.00845	0.00833	0.00208	0.00948	0.00728	0.00647	0.41645
4	0.09110	0.02074	0.02954	0.09528	0.24105	0.02150	0.02179	0.11655	0.02647	0.13254	0.02615	0.08716	0.02178	0.01234	0.00987	0.00314	0.01030	0.01071	0.00750	0.01449
5	0.01237	0.00885	0.01177	0.01373	0.01451	0.00825	0.00927	0.01445	0.02014	0.02712	0.11556	0.57777	0.06917	0.02998	0.01261	0.00394	0.00566	0.02715	0.00945	0.00825
6	0.02677	0.03031	0.21137	0.19799	0.04647	0.02232	0.07430	0.09320	0.02535	0.14118	0.02284	0.02596	0.01585	0.01035	0.00998	0.00319	0.01288	0.00888	0.00657	0.01425
7	0.02457	0.02380	0.04068	0.05554	0.48261	0.02394	0.08158	0.03276	0.07249	0.03333	0.02088	0.02603	0.01705	0.00926	0.01008	0.00304	0.01198	0.00939	0.00542	0.01555
8	0.02195	0.01760	0.02613	0.07709	0.22141	0.01785	0.02030	0.07803	0.02513	0.06171	0.06701	0.12113	0.08466	0.01726	0.01115	0.00344	0.00955	0.09830	0.00769	0.01261
9	0.02812	0.01340	0.01808	0.01562	0.02037	0.01203	0.01262	0.03243	0.02769	0.28786	0.27049	0.06111	0.05818	0.01768	0.01124	0.00330	0.00697	0.07868	0.01136	0.01277
10	0.02633	0.02671	0.07417	0.13443	0.35297	0.05760	0.02807	0.11465	0.02638	0.03586	0.01919	0.02421	0.01523	0.00966	0.00982	0.00301	0.01246	0.00865	0.00563	0.01497

[dist]
# distance from previous block
# <min> <max>
0	1

[block]
# block no. 2 follows, 15 sequences, length 8
# corresponding to MSA columns:
# 145-152
name=unknown_C
#
# <colnr> <probs for GDERKNQSTAVLIFYWHMCP>
#	G	D	E	R	K	N	Q	S	T	A	V	L	I	F	Y	W	H	M	C	P
0	0.02536	0.02219	0.03403	0.04650	0.38783	0.02270	0.02545	0.12548	0.02692	0.03738	0.02564	0.08064	0.02371	0.01290	0.01047	0.00320	0.01097	0.05726	0.00659	0.01480
1	0.29130	0.02096	0.02269	0.12056	0.03179	0.02361	0.01682	0.19074	0.02797	0.08968	0.02224	0.02816	0.01732	0.01167	0.00879	0.00320	0.00982	0.04183	0.00773	0.01312
2	0.02906	0.02216	0.03356	0.16573	0.28669	0.02328	0.02531	0.12945	0.02752	0.12534	0.02274	0.02640	0.01688	0.01023	0.00993	0.00306	0.01145	0.00908	0.00693	0.01520
3	0.53395	0.02335	0.01867	0.01603	0.02244	0.07523	0.01305	0.12755	0.02350	0.04631	0.01588	0.01779	0.01212	0.00985	0.00712	0.00302	0.00921	0.00615	0.00678	0.01200
4	0.02345	0.02159	0.01962	0.01790	0.02204	0.12640	0.01359	0.11725	0.11437	0.03684	0.13684	0.15923	0.11277	0.01866	0.01087	0.00325	0.00898	0.01560	0.00905	0.01172
5	0.03025	0.03285	0.02504	0.02265	0.02807	0.28107	0.01731	0.04720	0.33230	0.03412	0.02955	0.02877	0.02272	0.01210	0.00964	0.00302	0.01231	0.00915	0.00795	0.01393
6	0.02579	0.10139	0.12625	0.03602	0.20486	0.13259	0.07293	0.03169	0.02298	0.02982	0.01744	0.02152	0.01420	0.00893	0.00907	0.00265	0.01311	0.00762	0.00494	0.11620
7	0.02572	0.08270	0.25681	0.02781	0.03817	0.02297	0.15240	0.03357	0.02307	0.13545	0.05334	0.02746	0.02004	0.01070	0.01123	0.00317	0.04547	0.00942	0.00631	0.01419

[dist]
# distance from previous block
# <min> <max>
0	19

[block]
# block no. 3 follows, 15 sequences, length 22
# corresponding to MSA columns:
# 172-193
name=unknown_D
#
# <colnr> <probs for GDERKNQSTAVLIFYWHMCP>
#	G	D	E	R	K	N	Q	S	T	A	V	L	I	F	Y	W	H	M	C	P
0	0.02105	0.16533	0.17531	0.02084	0.05541	0.02073	0.02008	0.02653	0.02198	0.07404	0.04224	0.09133	0.13902	0.01623	0.01003	0.00318	0.00994	0.06772	0.00686	0.01216
1	0.02279	0.08426	0.02276	0.10014	0.06684	0.01625	0.01474	0.02667	0.02381	0.15356	0.09975	0.05709	0.23848	0.01689	0.01042	0.00311	0.00801	0.01409	0.00856	0.01177
2	0.02949	0.07206	0.11349	0.07359	0.06315	0.01954	0.09017	0.03546	0.02510	0.24070	0.10500	0.03435	0.02908	0.01186	0.01012	0.00308	0.01070	0.01047	0.00835	0.01425
3	0.08351	0.22368	0.14772	0.01903	0.02772	0.02422	0.01919	0.03494	0.02275	0.21212	0.02629	0.07389	0.02078	0.01186	0.00870	0.00288	0.01016	0.00915	0.00743	0.01401
4	0.01821	0.01633	0.02683	0.49100	0.05801	0.01978	0.02511	0.02440	0.02060	0.02644	0.02550	0.04562	0.02307	0.01386	0.01081	0.00360	0.01238	0.12230	0.00548	0.01065
5	0.02259	0.02700	0.15668	0.02716	0.03506	0.04940	0.19317	0.02913	0.02314	0.09212	0.07014	0.16606	0.03252	0.01510	0.01114	0.00338	0.01218	0.01447	0.00703	0.01253
6	0.05504	0.03087	0.20028	0.07008	0.03916	0.02313	0.12590	0.07551	0.12651	0.11438	0.02581	0.02739	0.01840	0.01063	0.01005	0.00323	0.01232	0.00946	0.00713	0.01473
7	0.01981	0.02168	0.06895	0.07928	0.18706	0.01941	0.17911	0.02578	0.02238	0.03001	0.04008	0.08881	0.14499	0.01421	0.01106	0.00329	0.01162	0.01385	0.00618	0.01246
8	0.01358	0.01017	0.01259	0.01198	0.01457	0.00918	0.00899	0.01778	0.02696	0.03699	0.47218	0.07938	0.20595	0.02149	0.01176	0.00319	0.00478	0.01872	0.01058	0.00918
9	0.03213	0.25675	0.04136	0.02732	0.11418	0.02665	0.08984	0.03666	0.02390	0.22171	0.02418	0.02492	0.01763	0.00987	0.00889	0.00275	0.01092	0.00834	0.00724	0.01476
10	0.02788	0.33354	0.16769	0.02288	0.03232	0.12096	0.06284	0.03328	0.02251	0.06723	0.01731	0.01955	0.01380	0.00927	0.00815	0.00259	0.01301	0.00678	0.00503	0.01338
11	0.01297	0.00902	0.01133	0.01283	0.01321	0.00864	0.00813	0.01410	0.01749	0.02331	0.04673	0.44151	0.05557	0.24701	0.02599	0.00601	0.00714	0.02351	0.00813	0.00738
12	0.02074	0.03114	0.26872	0.02496	0.08749	0.01863	0.02401	0.03043	0.08227	0.07730	0.04515	0.04492	0.17351	0.01444	0.01027	0.00321	0.01051	0.01194	0.00699	0.01339
13	0.02208	0.15643	0.12524	0.09218	0.03891	0.02577	0.15996	0.03183	0.09764	0.02964	0.02197	0.02678	0.01750	0.01821	0.08858	0.00474	0.01489	0.00924	0.00544	0.01298
14	0.02265	0.02185	0.03584	0.22022	0.14776	0.02386	0.13624	0.03586	0.18242	0.03291	0.02514	0.02941	0.01917	0.01048	0.01038	0.00328	0.01219	0.01019	0.00633	0.01382
15	0.01704	0.01109	0.01281	0.01183	0.01553	0.00956	0.00907	0.02034	0.02503	0.11004	0.22338	0.08140	0.37182	0.02211	0.01153	0.00326	0.00544	0.01868	0.01016	0.00988
16	0.01875	0.08083	0.25056	0.02707	0.10790	0.01995	0.02460	0.02556	0.01961	0.02805	0.02417	0.09419	0.02231	0.02972	0.17551	0.00670	0.01632	0.01062	0.00518	0.01239
17	0.03269	0.12536	0.14829	0.01916	0.02780	0.02085	0.01904	0.07514	0.02595	0.27292	0.02874	0.02806	0.01980	0.01100	0.00893	0.00284	0.00983	0.00854	0.10025	0.01482
18	0.01380	0.01121	0.01430	0.09749	0.02183	0.01078	0.01120	0.01786	0.02476	0.03249	0.30187	0.07673	0.28733	0.02095	0.01152	0.00326	0.00605	0.01800	0.00934	0.00923
19	0.19896	0.01909	0.02032	0.01543	0.02344	0.01747	0.01252	0.08237	0.02308	0.08449	0.01916	0.02097	0.01481	0.00872	0.00756	0.00216	0.00792	0.00643	0.00691	0.40818
20	0.02732	0.49508	0.04355	0.01656	0.02380	0.03242	0.01562	0.02953	0.02014	0.08503	0.01713	0.01996	0.01473	0.01261	0.01136	0.10148	0.01014	0.00631	0.00516	0.01206
21	0.54722	0.01775	0.01539	0.01354	0.01934	0.01970	0.01102	0.02994	0.01981	0.10417	0.09635	0.02630	0.02399	0.01115	0.00737	0.00309	0.00737	0.00768	0.00752	0.01128

[dist]
# distance from previous block
# <min> <max>
14	49

[block]
# block no. 4 follows, 15 sequences, length 51
# corresponding to MSA columns:
# 243-293
name=unknown_E
#
# <colnr> <probs for GDERKNQSTAVLIFYWHMCP>
#	G	D	E	R	K	N	Q	S	T	A	V	L	I	F	Y	W	H	M	C	P
0	0.22978	0.02776	0.02244	0.01994	0.02494	0.20296	0.01578	0.08877	0.02494	0.07920	0.02254	0.06840	0.02000	0.01345	0.01101	0.00319	0.06633	0.03969	0.00698	0.01190
1	0.02729	0.02384	0.06299	0.14017	0.03441	0.10287	0.01846	0.08724	0.02593	0.13292	0.03255	0.08580	0.07050	0.01352	0.00989	0.00296	0.01083	0.01105	0.00757	0.09922
2	0.02857	0.02468	0.11136	0.02427	0.06699	0.05730	0.06530	0.03676	0.09662	0.19587	0.02975	0.03476	0.02303	0.10275	0.05303	0.00483	0.01222	0.01029	0.00790	0.01372
3	0.08075	0.03421	0.06369	0.02532	0.03214	0.27848	0.09348	0.06993	0.02720	0.11703	0.02322	0.02946	0.01855	0.01166	0.00981	0.00301	0.01434	0.04793	0.00686	0.01294
4	0.02693	0.07699	0.07535	0.06591	0.03729	0.07668	0.14824	0.13698	0.07539	0.03727	0.02107	0.02409	0.01610	0.00974	0.00958	0.00279	0.01252	0.00871	0.00647	0.13191
5	0.07123	0.17167	0.02901	0.10176	0.06318	0.02229	0.01582	0.02862	0.05329	0.07236	0.02205	0.03009	0.01935	0.12087	0.01550	0.00376	0.00980	0.00847	0.00605	0.13482
6	0.19198	0.09851	0.10443	0.01687	0.02320	0.02015	0.01561	0.06794	0.02286	0.08507	0.09549	0.11703	0.03270	0.05314	0.01164	0.00351	0.00888	0.01170	0.00752	0.01179
7	0.06933	0.02002	0.02064	0.01886	0.02225	0.11691	0.01485	0.06203	0.02119	0.07210	0.02368	0.03125	0.02046	0.04588	0.33549	0.01008	0.06873	0.00929	0.00615	0.01081
8	0.01507	0.01074	0.01577	0.01646	0.01824	0.01183	0.01322	0.01824	0.01786	0.02466	0.03380	0.06064	0.03411	0.05687	0.37853	0.07383	0.01979	0.16534	0.00642	0.00858
9	0.02862	0.03180	0.20755	0.02806	0.03828	0.02301	0.15845	0.09761	0.09280	0.15240	0.02633	0.02748	0.01840	0.01057	0.01031	0.00320	0.01271	0.00969	0.00748	0.01525
10	0.02311	0.02784	0.12789	0.02797	0.03222	0.02876	0.08132	0.07266	0.01990	0.02952	0.01560	0.02242	0.01357	0.01466	0.02459	0.00393	0.40793	0.00885	0.00490	0.01235
11	0.02821	0.02487	0.02435	0.02123	0.02724	0.07753	0.01665	0.14047	0.42923	0.04391	0.03541	0.03315	0.02649	0.01296	0.01001	0.00324	0.00933	0.01044	0.00967	0.01561
12	0.02340	0.12956	0.43429	0.02817	0.07659	0.02468	0.03174	0.03276	0.02171	0.07993	0.01928	0.02173	0.01393	0.00955	0.00913	0.00300	0.01343	0.00742	0.00498	0.01474
13	0.06540	0.03366	0.24318	0.03006	0.04106	0.02274	0.20897	0.06419	0.02449	0.13527	0.02265	0.02528	0.01580	0.00974	0.01021	0.00320	0.01373	0.00935	0.00639	0.01459
14	0.03057	0.02429	0.02580	0.02146	0.02812	0.02749	0.01718	0.27407	0.33895	0.05102	0.03323	0.03134	0.02449	0.01284	0.01007	0.00321	0.00925	0.01026	0.01007	0.01630
15	0.02300	0.02615	0.10240	0.23578	0.12999	0.02426	0.20153	0.07541	0.02400	0.03254	0.01924	0.02558	0.01450	0.00942	0.01049	0.00324	0.01420	0.00967	0.00517	0.01343
16	0.03600	0.02057	0.03488	0.03140	0.13259	0.01883	0.14744	0.04133	0.02628	0.35753	0.03100	0.03057	0.02077	0.01077	0.01042	0.00313	0.01110	0.01024	0.00925	0.01590
17	0.01450	0.00966	0.01087	0.01087	0.01087	0.00966	0.00604	0.01450	0.01450	0.01933	0.03141	0.06524	0.03624	0.64965	0.05074	0.00966	0.00966	0.01450	0.00604	0.00604
18	0.02082	0.03494	0.27184	0.17461	0.04806	0.05787	0.13385	0.02931	0.02184	0.02936	0.02465	0.02922	0.05791	0.01066	0.01020	0.00322	0.01424	0.00962	0.00488	0.01290
19	0.06883	0.06802	0.04334	0.04282	0.25425	0.02583	0.19357	0.07356	0.06695	0.03557	0.02067	0.02518	0.01629	0.00933	0.01004	0.00308	0.01272	0.00954	0.00580	0.01461
20	0.02042	0.04890	0.54718	0.02770	0.04163	0.02330	0.03497	0.03346	0.06948	0.03247	0.01989	0.02247	0.01420	0.00983	0.00953	0.00318	0.01413	0.00771	0.00473	0.01483
21	0.02074	0.01026	0.01393	0.01309	0.01429	0.00990	0.00880	0.01900	0.01587	0.10801	0.02503	0.04148	0.02421	0.21799	0.03802	0.38687	0.00894	0.01065	0.00610	0.00682
22	0.02129	0.08397	0.44002	0.02947	0.04250	0.02462	0.11960	0.03279	0.05385	0.03172	0.01935	0.02265	0.01411	0.00947	0.00970	0.00314	0.01441	0.00820	0.00470	0.01446
23	0.02660	0.11402	0.24355	0.07375	0.07171	0.02385	0.06718	0.03607	0.07105	0.14131	0.02379	0.02545	0.01702	0.01019	0.00948	0.00305	0.01225	0.00852	0.00646	0.01469
24	0.03567	0.01907	0.02588	0.17826	0.03763	0.01967	0.01878	0.11796	0.06272	0.33156	0.03145	0.03072	0.02090	0.01173	0.01001	0.00315	0.01008	0.00964	0.00977	0.01534
25	0.02385	0.02540	0.08321	0.10263	0.50448	0.02352	0.03086	0.03027	0.02235	0.03194	0.01860	0.02454	0.01535	0.00901	0.00985	0.00300	0.01218	0.00876	0.00484	0.01534
26	0.02494	0.02119	0.03683	0.17548	0.21230	0.02173	0.13445	0.06114	0.02398	0.09273	0.02454	0.08115	0.02054	0.01156	0.01056	0.00324	0.01226	0.01133	0.00632	0.01374
27	0.02267	0.01998	0.03225	0.19740	0.23314	0.02118	0.06489	0.03137	0.09116	0.06297	0.06390	0.03500	0.05701	0.01165	0.01032	0.00318	0.01106	0.01079	0.00652	0.01354
28	0.02353	0.02689	0.05882	0.04202	0.05210	0.02521	0.55126	0.03193	0.02353	0.03193	0.02017	0.02689	0.01513	0.00840	0.01176	0.00336	0.01681	0.01176	0.00504	0.01345
29	0.02748	0.60812	0.05036	0.01773	0.02600	0.08401	0.01723	0.03063	0.02088	0.02353	0.01398	0.01615	0.01280	0.00867	0.00660	0.00217	0.01123	0.00542	0.00433	0.01270
30	0.02828	0.02983	0.18322	0.03409	0.13021	0.02172	0.16057	0.03724	0.06007	0.17548	0.02556	0.02749	0.01803	0.01010	0.01031	0.00317	0.01274	0.00968	0.00700	0.01522
31	0.19224	0.06356	0.03661	0.10135	0.10665	0.02327	0.17710	0.03284	0.02200	0.12153	0.02078	0.02442	0.01530	0.00947	0.00936	0.00312	0.01191	0.00885	0.00631	0.01333
32	0.01215	0.00868	0.01157	0.01388	0.01446	0.00810	0.00925	0.01388	0.01909	0.02545	0.05495	0.64315	0.06593	0.03123	0.01272	0.00405	0.00578	0.02834	0.00925	0.00810
33	0.02686	0.37532	0.18795	0.02204	0.03196	0.06939	0.05367	0.03252	0.02181	0.07059	0.01735	0.01945	0.01382	0.00917	0.00795	0.00257	0.01237	0.00667	0.00498	0.01357
34	0.01977	0.02444	0.14007	0.29555	0.04869	0.02137	0.05938	0.05686	0.02253	0.03077	0.08125	0.06673	0.02533	0.01274	0.01176	0.00336	0.05082	0.01090	0.00574	0.01192
35	0.01199	0.01011	0.01038	0.01031	0.01359	0.00850	0.00773	0.01470	0.02320	0.02808	0.14323	0.09405	0.54046	0.02482	0.01178	0.00335	0.00502	0.02078	0.00941	0.00850
36	0.08781	0.07871	0.30266	0.02452	0.03511	0.02696	0.02687	0.18956	0.02811	0.04122	0.01881	0.02122	0.01382	0.01065	0.01061	0.00311	0.05178	0.00764	0.00615	0.01469
37	0.02434	0.02954	0.10361	0.18936	0.11633	0.12154	0.09573	0.03338	0.08875	0.02970	0.02029	0.02524	0.01577	0.01052	0.01146	0.00321	0.05384	0.00894	0.00536	0.01309
38	0.57503	0.01918	0.01640	0.01432	0.02063	0.02162	0.01171	0.03378	0.06719	0.11253	0.01939	0.02025	0.01425	0.01001	0.00700	0.00311	0.00782	0.00649	0.00728	0.01200
39	0.01297	0.00931	0.01230	0.01332	0.01464	0.00865	0.00932	0.01595	0.02291	0.03153	0.27567	0.40509	0.07771	0.02669	0.01232	0.00367	0.00533	0.02402	0.00997	0.00865
40	0.35390	0.02652	0.11002	0.05650	0.02976	0.05744	0.05279	0.06720	0.05655	0.04028	0.04905	0.02347	0.01791	0.01041	0.00826	0.00311	0.01040	0.00771	0.00641	0.01230
41	0.02215	0.02713	0.12889	0.02340	0.03004	0.07259	0.08432	0.03548	0.19358	0.03566	0.15887	0.03925	0.03787	0.01376	0.01191	0.00327	0.04920	0.01165	0.00785	0.01312
42	0.01215	0.00868	0.01157	0.01388	0.01446	0.00810	0.00925	0.01388	0.01909	0.02545	0.05495	0.64315	0.06593	0.03123	0.01272	0.00405	0.00578	0.02834	0.00925	0.00810
43	0.25649	0.02164	0.03040	0.04147	0.35015	0.02246	0.02265	0.03175	0.02131	0.08591	0.01895	0.02268	0.01492	0.00931	0.00866	0.00301	0.01018	0.00783	0.00599	0.01424
44	0.02446	0.25810	0.29756	0.06356	0.03715	0.10474	0.02710	0.03164	0.02163	0.02743	0.01616	0.01926	0.01276	0.00928	0.00838	0.00274	0.01365	0.00664	0.00436	0.01341
45	0.01309	0.00984	0.01234	0.01397	0.01582	0.00909	0.01058	0.01581	0.02118	0.02705	0.06786	0.34115	0.21527	0.02849	0.01273	0.00399	0.00648	0.15755	0.00924	0.00848
46	0.43736	0.01831	0.01820	0.01505	0.02186	0.01914	0.01241	0.03737	0.02181	0.27482	0.02453	0.02362	0.01661	0.01055	0.00778	0.00308	0.00803	0.00734	0.00875	0.01338
47	0.18849	0.01847	0.05597	0.17874	0.03394	0.01850	0.01726	0.03028	0.06386	0.10486	0.06127	0.07754	0.02572	0.01280	0.00912	0.00319	0.00914	0.01042	0.06856	0.01185
48	0.15398	0.07353	0.16112	0.02100	0.02957	0.12691	0.02030	0.03861	0.05839	0.18894	0.02386	0.02391	0.01683	0.01057	0.00880	0.00297	0.01164	0.00770	0.00736	0.01403
49	0.01535	0.01109	0.01528	0.01712	0.01934	0.01103	0.01454	0.01958	0.02256	0.02956	0.08523	0.13817	0.08709	0.03028	0.05204	0.00514	0.00960	0.39889	0.00905	0.00906
50	0.36505	0.14839	0.03026	0.01984	0.02687	0.09758	0.08866	0.03239	0.05115	0.03614	0.01645	0.01905	0.01315	0.00936	0.00756	0.00289	0.01081	0.00673	0.00574	0.01193

[dist]
# distance from previous block
# <min> <max>
0	80

[block]
# block no. 5 follows, 15 sequences, length 66
# corresponding to MSA columns:
# 374-439
name=unknown_F
#
# <colnr> <probs for GDERKNQSTAVLIFYWHMCP>
#	G	D	E	R	K	N	Q	S	T	A	V	L	I	F	Y	W	H	M	C	P
0	0.02126	0.14547	0.48661	0.02627	0.03962	0.02579	0.03279	0.03224	0.04509	0.03074	0.01825	0.02096	0.01344	0.00950	0.00902	0.00301	0.01379	0.00722	0.00448	0.01447
1	0.02209	0.04863	0.54925	0.02751	0.04165	0.02243	0.03495	0.03301	0.02168	0.07929	0.01971	0.02214	0.01365	0.00971	0.00952	0.00315	0.01420	0.00759	0.00490	0.01492
2	0.01339	0.00993	0.01268	0.01386	0.01578	0.00922	0.01051	0.01658	0.02267	0.02987	0.17694	0.28918	0.17395	0.02685	0.01257	0.00384	0.00618	0.13769	0.00961	0.00869
3	0.02672	0.28526	0.04456	0.11996	0.11661	0.06312	0.10452	0.03166	0.02218	0.07117	0.01822	0.02206	0.01460	0.00918	0.00871	0.00272	0.01244	0.00781	0.00519	0.01332
4	0.01933	0.01824	0.03082	0.57659	0.11379	0.02228	0.02794	0.02592	0.02017	0.02609	0.01781	0.02641	0.01351	0.00987	0.00996	0.00329	0.01316	0.00886	0.00447	0.01148
5	0.02308	0.02556	0.05139	0.03785	0.04529	0.02661	0.41216	0.02985	0.02136	0.02985	0.01831	0.02556	0.01459	0.01078	0.01727	0.00362	0.17828	0.01097	0.00486	0.01278
6	0.02927	0.18919	0.07810	0.02361	0.03196	0.02447	0.13973	0.03638	0.06407	0.18750	0.07406	0.03047	0.02498	0.01102	0.00959	0.00293	0.01103	0.00979	0.00770	0.01416
7	0.01872	0.01573	0.01842	0.01394	0.02119	0.01217	0.01100	0.02300	0.02211	0.03316	0.11847	0.03693	0.08395	0.01128	0.00853	0.00194	0.00671	0.00939	0.00707	0.52628
8	0.01476	0.01036	0.01186	0.01180	0.01480	0.00897	0.00872	0.01752	0.02319	0.07286	0.15252	0.19995	0.36703	0.02479	0.01183	0.00345	0.00542	0.02126	0.00973	0.00916
9	0.01414	0.01156	0.01276	0.01314	0.01609	0.01103	0.00982	0.02050	0.10462	0.02901	0.07722	0.22206	0.33649	0.02510	0.01190	0.00362	0.00595	0.05610	0.00939	0.00951
10	0.02718	0.54824	0.09262	0.01880	0.02748	0.09451	0.01882	0.03097	0.02111	0.02418	0.01433	0.01658	0.01278	0.00877	0.00689	0.00226	0.01170	0.00560	0.00435	0.01282
11	0.02780	0.25884	0.12755	0.02215	0.03078	0.07309	0.07569	0.03476	0.06141	0.11461	0.06240	0.02654	0.02196	0.01059	0.00885	0.00276	0.01157	0.00846	0.00653	0.01366
12	0.01602	0.01085	0.01254	0.01171	0.01520	0.00940	0.00892	0.01941	0.02514	0.09109	0.25280	0.08233	0.36347	0.02228	0.01159	0.00326	0.00530	0.01889	0.01015	0.00964
13	0.02422	0.29377	0.28210	0.02278	0.03347	0.06420	0.02554	0.03361	0.07901	0.02892	0.01850	0.02052	0.01459	0.00956	0.00826	0.00273	0.01254	0.00690	0.00491	0.01387
14	0.02821	0.12166	0.13258	0.02868	0.11216	0.02292	0.09346	0.03560	0.06103	0.17025	0.02568	0.02939	0.01954	0.06024	0.01279	0.00351	0.01155	0.00937	0.00701	0.01436
15	0.02413	0.02519	0.04910	0.05217	0.33553	0.02440	0.27562	0.03122	0.02309	0.03227	0.01942	0.02572	0.01548	0.00866	0.01076	0.00315	0.01418	0.01024	0.00499	0.01469
16	0.01448	0.01049	0.01416	0.01626	0.01812	0.01016	0.01322	0.01801	0.02173	0.02822	0.05754	0.27622	0.10464	0.02849	0.01328	0.00432	0.00777	0.32489	0.00921	0.00878
17	0.02777	0.48744	0.10570	0.01974	0.02834	0.13568	0.01952	0.03174	0.02171	0.02447	0.01455	0.01687	0.01278	0.00893	0.00717	0.00232	0.01235	0.00573	0.00441	0.01279
18	0.08298	0.02417	0.03182	0.03659	0.23863	0.02670	0.02260	0.19563	0.09898	0.04320	0.02218	0.02508	0.01735	0.01137	0.01206	0.00318	0.07611	0.00893	0.00721	0.01524
19	0.01715	0.01153	0.01458	0.01337	0.01644	0.01088	0.01017	0.02337	0.06735	0.08277	0.47212	0.06983	0.11257	0.01954	0.01151	0.00316	0.00525	0.01709	0.01092	0.01040
20	0.02658	0.02579	0.02625	0.02281	0.02871	0.11337	0.05825	0.04933	0.44476	0.03832	0.03517	0.03348	0.02657	0.01263	0.01010	0.00326	0.01012	0.01058	0.00899	0.01496
21	0.07523	0.02137	0.02836	0.09097	0.13389	0.02193	0.01988	0.17834	0.03085	0.25650	0.02767	0.02774	0.01897	0.01118	0.00975	0.00306	0.01023	0.00914	0.00916	0.01577
22	0.09830	0.12175	0.25347	0.02618	0.08144	0.02666	0.02538	0.10509	0.10213	0.03761	0.02103	0.02284	0.01585	0.01018	0.00890	0.00300	0.01169	0.00778	0.00611	0.01459
23	0.01327	0.00974	0.01269	0.01464	0.01617	0.00916	0.01104	0.01598	0.02082	0.02700	0.06149	0.39804	0.14426	0.02919	0.01289	0.00410	0.00669	0.17513	0.00923	0.00847
24	0.02496	0.02154	0.03735	0.22059	0.32281	0.02243	0.07951	0.03112	0.02258	0.08969	0.02076	0.02643	0.01593	0.00952	0.01010	0.00312	0.01240	0.00928	0.00558	0.01430
25	0.02732	0.02267	0.02396	0.02080	0.02688	0.02597	0.01639	0.14946	0.46886	0.04577	0.03737	0.03464	0.02784	0.01323	0.01011	0.00331	0.00848	0.01083	0.01011	0.01601
26	0.04003	0.03614	0.02635	0.02272	0.02882	0.38819	0.01755	0.04307	0.02836	0.23654	0.02431	0.02392	0.01725	0.01104	0.00937	0.00276	0.01444	0.00776	0.00782	0.01357
27	0.03724	0.04751	0.02825	0.02568	0.03082	0.60963	0.01926	0.03981	0.02825	0.02440	0.01541	0.01798	0.01284	0.01027	0.00899	0.00257	0.01798	0.00642	0.00514	0.01156
28	0.12860	0.01660	0.02163	0.01838	0.02409	0.01625	0.04492	0.07496	0.02671	0.23920	0.10428	0.05375	0.03789	0.01623	0.01067	0.00345	0.00874	0.13059	0.00994	0.01311
29	0.02088	0.01981	0.03361	0.42758	0.25074	0.02269	0.02871	0.02727	0.02090	0.02796	0.01808	0.02591	0.01417	0.00959	0.00993	0.00320	0.01278	0.00887	0.00461	0.01273
30	0.01215	0.00868	0.01157	0.01388	0.01446	0.00810	0.00925	0.01388	0.01909	0.02545	0.05495	0.64315	0.06593	0.03123	0.01272	0.00405	0.00578	0.02834	0.00925	0.00810
31	0.02794	0.02259	0.03764	0.05411	0.49592	0.02221	0.02800	0.03352	0.02365	0.12408	0.02210	0.02618	0.01724	0.00945	0.00989	0.00298	0.01130	0.00907	0.00614	0.01598
32	0.35316	0.07118	0.11572	0.02531	0.12598	0.02414	0.01966	0.06747	0.02155	0.06873	0.01740	0.01992	0.01327	0.00952	0.00783	0.00300	0.01004	0.00682	0.00609	0.01320
33	0.01732	0.01209	0.01456	0.01426	0.01730	0.01172	0.01072	0.02431	0.10577	0.07784	0.20595	0.21075	0.16733	0.02270	0.01172	0.00351	0.00605	0.04555	0.01010	0.01044
34	0.01356	0.01009	0.01271	0.01286	0.01515	0.00924	0.00972	0.01739	0.02524	0.03419	0.35357	0.16489	0.18443	0.02368	0.01211	0.00347	0.00540	0.07312	0.01019	0.00899
35	0.05990	0.02658	0.12945	0.02380	0.06045	0.02397	0.02046	0.08322	0.27061	0.03960	0.07715	0.03324	0.02823	0.01309	0.01184	0.00333	0.06222	0.01029	0.00812	0.01446
36	0.02843	0.02603	0.03734	0.05037	0.42782	0.05897	0.02727	0.15127	0.02856	0.03904	0.01975	0.02412	0.01589	0.00967	0.00984	0.00295	0.01199	0.00876	0.00610	0.01581
37	0.01765	0.01158	0.01569	0.01670	0.01951	0.01114	0.01418	0.02203	0.02423	0.07549	0.14236	0.09875	0.10283	0.02499	0.01299	0.00414	0.00806	0.35818	0.00973	0.00977
38	0.09501	0.01782	0.02772	0.50951	0.05979	0.02154	0.02480	0.02783	0.02035	0.07574	0.01915	0.02611	0.01399	0.01009	0.00957	0.00328	0.01229	0.00859	0.00528	0.01154
39	0.03784	0.02958	0.02978	0.02317	0.03091	0.07999	0.01897	0.51060	0.04529	0.05957	0.02321	0.02343	0.01660	0.01182	0.00989	0.00296	0.01156	0.00876	0.00956	0.01650
40	0.03065	0.02261	0.02588	0.02370	0.07515	0.02470	0.01722	0.24789	0.20761	0.09390	0.03092	0.03346	0.02387	0.07951	0.01432	0.00383	0.00971	0.01038	0.00938	0.01532
41	0.01944	0.01835	0.03101	0.56613	0.12340	0.02231	0.02799	0.02601	0.02023	0.02622	0.01783	0.02638	0.01355	0.00985	0.00996	0.00328	0.01314	0.00886	0.00448	0.01157
42	0.03305	0.04010	0.03044	0.03113	0.11440	0.43525	0.02135	0.03607	0.02549	0.02557	0.01557	0.01956	0.01332	0.01112	0.01263	0.00289	0.10780	0.00713	0.00499	0.01210
43	0.01450	0.00966	0.01087	0.01087	0.01087	0.00966	0.00604	0.01450	0.01450	0.01933	0.03141	0.06524	0.03624	0.64965	0.05074	0.00966	0.00966	0.01450	0.00604	0.00604
44	0.01742	0.00947	0.00978	0.00970	0.01213	0.00921	0.00727	0.02185	0.02182	0.03636	0.09406	0.04705	0.09118	0.01392	0.00795	0.00251	0.00469	0.01139	0.56301	0.00921
45	0.01389	0.01038	0.01302	0.01293	0.01551	0.00952	0.01007	0.01806	0.02607	0.03526	0.38266	0.08573	0.20230	0.02270	0.01209	0.00343	0.00552	0.10144	0.01028	0.00914
46	0.02665	0.65565	0.05224	0.01706	0.02559	0.03945	0.01706	0.02985	0.02026	0.02345	0.01386	0.01599	0.01279	0.00853	0.00640	0.00213	0.01066	0.00533	0.00426	0.01279
47	0.01852	0.01127	0.01354	0.01267	0.01626	0.01001	0.00991	0.02221	0.02510	0.12140	0.21961	0.07723	0.26957	0.02104	0.01133	0.00329	0.00582	0.06103	0.06000	0.01018
48	0.01489	0.01191	0.01358	0.01312	0.01636	0.01143	0.01008	0.02218	0.10569	0.03423	0.26959	0.08035	0.27992	0.02185	0.01167	0.00337	0.00563	0.05419	0.01003	0.00993
49	0.01215	0.00868	0.01157	0.01388	0.01446	0.00810	0.00925	0.01388	0.01909	0.02545	0.05495	0.64315	0.06593	0.03123	0.01272	0.00405	0.00578	0.02834	0.00925	0.00810
50	0.01193	0.00998	0.01039	0.01055	0.01363	0.00844	0.00782	0.01450	0.02269	0.02748	0.12195	0.14243	0.51302	0.02552	0.01186	0.00341	0.00510	0.02152	0.00935	0.00844
51	0.02047	0.01367	0.01451	0.01340	0.01660	0.01437	0.00998	0.09843	0.10118	0.03703	0.03991	0.09270	0.07710	0.10555	0.01494	0.00384	0.00682	0.01279	0.29608	0.01064
52	0.01288	0.00976	0.01187	0.01215	0.01434	0.00876	0.00881	0.01613	0.02412	0.03214	0.29548	0.23192	0.23590	0.02474	0.01202	0.00345	0.00510	0.02168	0.00999	0.00876
53	0.01222	0.00910	0.01139	0.01296	0.01428	0.00827	0.00891	0.01437	0.02059	0.02693	0.10690	0.48063	0.17893	0.02908	0.01245	0.00383	0.00554	0.02595	0.00939	0.00827
54	0.01215	0.00868	0.01157	0.01388	0.01446	0.00810	0.00925	0.01388	0.01909	0.02545	0.05495	0.64315	0.06593	0.03123	0.01272	0.00405	0.00578	0.02834	0.00925	0.00810
55	0.42608	0.01827	0.01834	0.01512	0.02196	0.01901	0.01247	0.03770	0.02200	0.28399	0.02496	0.02392	0.01684	0.01060	0.00785	0.00308	0.00805	0.00741	0.00885	0.01348
56	0.01236	0.00989	0.01105	0.01126	0.01394	0.00858	0.00825	0.01523	0.02334	0.02957	0.19979	0.18089	0.39045	0.02515	0.01193	0.00343	0.00509	0.02157	0.00964	0.00858
57	0.45966	0.01868	0.01757	0.01484	0.02115	0.02027	0.01215	0.07443	0.02281	0.16339	0.06957	0.02568	0.02150	0.01110	0.00778	0.00308	0.00788	0.00777	0.00821	0.01249
58	0.07944	0.01189	0.01508	0.01498	0.01801	0.01134	0.01149	0.02387	0.02307	0.14052	0.14961	0.28252	0.05740	0.02307	0.01162	0.00369	0.00677	0.09526	0.00991	0.01046
59	0.01679	0.01270	0.01716	0.01648	0.01888	0.01456	0.01272	0.05875	0.06231	0.02719	0.02795	0.03982	0.02562	0.10727	0.47854	0.01362	0.02283	0.01088	0.00611	0.00982
60	0.01231	0.00945	0.01103	0.01198	0.01381	0.00844	0.00833	0.01446	0.02093	0.02666	0.11022	0.33133	0.28237	0.07300	0.01503	0.00411	0.00568	0.02354	0.00914	0.00817
61	0.01617	0.01099	0.01563	0.01525	0.01745	0.01206	0.01172	0.01940	0.01736	0.06296	0.03439	0.04564	0.07431	0.10800	0.47557	0.01356	0.02231	0.01181	0.00622	0.00921
62	0.03134	0.02694	0.02757	0.07467	0.11526	0.16319	0.01992	0.15286	0.03018	0.11272	0.03024	0.03772	0.05390	0.01340	0.01023	0.00311	0.01210	0.06314	0.00780	0.01370
63	0.01859	0.01377	0.01663	0.01658	0.01954	0.01418	0.01315	0.09691	0.06898	0.03438	0.09460	0.16878	0.09305	0.08547	0.01610	0.00446	0.00814	0.19716	0.00923	0.01029
64	0.01638	0.01009	0.01251	0.01260	0.01380	0.00960	0.00824	0.01794	0.01913	0.07426	0.12236	0.23260	0.05266	0.31844	0.03020	0.00646	0.00768	0.01868	0.00827	0.00810
65	0.12501	0.01996	0.03104	0.03781	0.26530	0.01990	0.06784	0.03133	0.02289	0.11877	0.02787	0.04203	0.02440	0.01302	0.01028	0.00335	0.01066	0.10768	0.00706	0.01378

[dist]
# distance from previous block
# <min> <max>
0	4

# created by:
# /st0/software/busco_prod/Augustus/scripts/msa2prfl.pl ./align_prep/7470.fa
