[name]
unknown

[dist]
# distance from previous block
# <min> <max>
0	165

[block]
# block no. 0 follows, 9 sequences, length 14
# corresponding to MSA columns:
# 213-226
name=unknown_A
#
# <colnr> <probs for GDERKNQSTAVLIFYWHMCP>
#	G	D	E	R	K	N	Q	S	T	A	V	L	I	F	Y	W	H	M	C	P
0	0.02730	0.02419	0.03402	0.23835	0.11766	0.02627	0.02660	0.07188	0.11076	0.04080	0.02720	0.03242	0.02095	0.01220	0.01143	0.00348	0.01295	0.01053	0.00758	0.14343
1	0.03113	0.01764	0.02156	0.01860	0.02450	0.01694	0.01461	0.04176	0.12259	0.19563	0.20608	0.06890	0.12793	0.02067	0.01313	0.00387	0.00798	0.01754	0.01327	0.01566
2	0.01881	0.01200	0.01563	0.01638	0.01869	0.01093	0.01164	0.02214	0.02727	0.07906	0.17923	0.35995	0.11919	0.03165	0.01466	0.00443	0.00687	0.02826	0.01204	0.01118
3	0.01620	0.01227	0.01494	0.01427	0.01747	0.01100	0.01070	0.02111	0.03211	0.04363	0.38603	0.09748	0.22614	0.02632	0.01420	0.00387	0.00580	0.02283	0.01264	0.01100
4	0.01493	0.01098	0.01400	0.01585	0.01735	0.01005	0.01089	0.01766	0.02523	0.03343	0.13471	0.43497	0.14620	0.03479	0.01502	0.00461	0.00667	0.03115	0.01146	0.01005
5	0.53869	0.02536	0.02137	0.01820	0.02608	0.02906	0.01500	0.12082	0.02770	0.05836	0.01918	0.02142	0.01452	0.01182	0.00837	0.00370	0.01009	0.00738	0.00837	0.01452
6	0.53452	0.02289	0.01914	0.01622	0.02432	0.02480	0.01328	0.03435	0.02137	0.05102	0.01768	0.02063	0.01399	0.01072	0.00774	0.00333	0.00923	0.00664	0.00738	0.14076
7	0.05283	0.02233	0.02907	0.02229	0.03164	0.02043	0.01841	0.11514	0.03754	0.44956	0.04486	0.03926	0.02848	0.01483	0.01209	0.00371	0.01066	0.01192	0.01449	0.02047
8	0.34933	0.02474	0.02405	0.02010	0.02816	0.02719	0.01641	0.11164	0.09710	0.14832	0.02959	0.02906	0.02107	0.01319	0.00981	0.00376	0.01015	0.00937	0.01037	0.01659
9	0.02466	0.03223	0.18887	0.06623	0.03763	0.02107	0.02595	0.03649	0.09068	0.08327	0.10702	0.14861	0.04711	0.01970	0.01285	0.00407	0.01183	0.01697	0.00945	0.01530
10	0.09112	0.02679	0.03984	0.03337	0.08166	0.02666	0.11671	0.10148	0.03112	0.11931	0.02646	0.02980	0.01970	0.01242	0.01397	0.00352	0.06257	0.01060	0.00860	0.14431
11	0.02142	0.01501	0.01763	0.01621	0.02058	0.01432	0.01240	0.03041	0.09823	0.08533	0.27793	0.08654	0.20899	0.02425	0.01372	0.00391	0.00678	0.02077	0.01263	0.01295
12	0.08688	0.01659	0.02024	0.01849	0.02373	0.01588	0.01449	0.03659	0.06219	0.18750	0.12316	0.16726	0.09711	0.02364	0.01323	0.00418	0.00847	0.05351	0.01238	0.01447
13	0.03155	0.03487	0.12632	0.16862	0.12418	0.07244	0.11784	0.03997	0.02802	0.10193	0.02560	0.03096	0.01867	0.01179	0.01225	0.00380	0.01663	0.01102	0.00695	0.01659

[dist]
# distance from previous block
# <min> <max>
0	9

[block]
# block no. 1 follows, 9 sequences, length 7
# corresponding to MSA columns:
# 236-242
name=unknown_B
#
# <colnr> <probs for GDERKNQSTAVLIFYWHMCP>
#	G	D	E	R	K	N	Q	S	T	A	V	L	I	F	Y	W	H	M	C	P
0	0.03034	0.02466	0.04541	0.29494	0.06689	0.02619	0.16257	0.03839	0.02735	0.12300	0.02719	0.03386	0.01930	0.01198	0.01272	0.00397	0.01627	0.01205	0.00736	0.01559
1	0.02202	0.01234	0.01657	0.01762	0.01993	0.01125	0.01239	0.02460	0.02517	0.12055	0.06278	0.47037	0.07025	0.03342	0.01475	0.00467	0.00759	0.03006	0.01187	0.01178
2	0.03331	0.02500	0.11246	0.07286	0.03545	0.01794	0.02200	0.03917	0.02825	0.22922	0.04616	0.20217	0.04137	0.02111	0.01299	0.00413	0.01114	0.01828	0.01104	0.01597
3	0.33787	0.02918	0.09927	0.11858	0.04258	0.02652	0.06256	0.03742	0.02389	0.08925	0.02190	0.02587	0.01596	0.01162	0.00991	0.00382	0.01285	0.00885	0.00730	0.01478
4	0.17019	0.04080	0.24394	0.13209	0.11681	0.02759	0.03412	0.03593	0.02432	0.04052	0.02060	0.02595	0.01544	0.01138	0.01070	0.00379	0.01501	0.00895	0.00580	0.01606
5	0.02838	0.02122	0.03461	0.45292	0.07343	0.02509	0.03057	0.03579	0.02594	0.11754	0.02610	0.03368	0.01853	0.01255	0.01204	0.00396	0.01499	0.01095	0.00707	0.01465
6	0.03788	0.11471	0.03415	0.09702	0.03774	0.02353	0.01952	0.04308	0.02868	0.23187	0.03144	0.03169	0.02213	0.01208	0.01049	0.00304	0.01116	0.00960	0.00976	0.19042

[dist]
# distance from previous block
# <min> <max>
0	1

[block]
# block no. 2 follows, 9 sequences, length 17
# corresponding to MSA columns:
# 244-260
name=unknown_C
#
# <colnr> <probs for GDERKNQSTAVLIFYWHMCP>
#	G	D	E	R	K	N	Q	S	T	A	V	L	I	F	Y	W	H	M	C	P
0	0.46613	0.19787	0.03180	0.01730	0.02564	0.03341	0.01538	0.03557	0.02171	0.04599	0.01674	0.01947	0.01378	0.01090	0.00753	0.00337	0.01041	0.00649	0.00673	0.01378
1	0.15182	0.01569	0.01666	0.01596	0.02007	0.01608	0.01211	0.02787	0.07334	0.04504	0.24046	0.13474	0.13954	0.02352	0.01274	0.00398	0.00704	0.01989	0.01136	0.01209
2	0.02622	0.03987	0.21990	0.09111	0.13201	0.03004	0.03500	0.03848	0.08114	0.03722	0.02398	0.02951	0.01884	0.01397	0.01752	0.00412	0.12774	0.01034	0.00620	0.01678
3	0.02633	0.03272	0.13609	0.18122	0.13037	0.02909	0.03212	0.04122	0.13522	0.03832	0.02779	0.03283	0.02139	0.01362	0.01467	0.00404	0.06828	0.01101	0.00706	0.01662
4	0.02355	0.01374	0.01707	0.01573	0.02002	0.01210	0.01196	0.02774	0.03069	0.13733	0.23239	0.14777	0.21124	0.02604	0.01391	0.00400	0.00692	0.02244	0.01268	0.01268
5	0.15509	0.01900	0.01951	0.01793	0.02319	0.02052	0.01391	0.03808	0.17644	0.04791	0.19729	0.06415	0.12135	0.01992	0.01215	0.00391	0.00775	0.01643	0.01142	0.01405
6	0.02587	0.01901	0.02628	0.02298	0.02553	0.02268	0.01856	0.03004	0.02615	0.10306	0.18697	0.05280	0.05308	0.03007	0.08830	0.00630	0.22465	0.01490	0.00950	0.01327
7	0.01862	0.01191	0.01399	0.01347	0.01642	0.01118	0.01010	0.02400	0.03030	0.04545	0.29833	0.07684	0.12405	0.02151	0.01218	0.00347	0.00569	0.01846	0.23284	0.01118
8	0.03217	0.58441	0.06305	0.02059	0.03088	0.04761	0.02059	0.03603	0.02445	0.02831	0.01673	0.01930	0.01544	0.01029	0.00772	0.00257	0.01287	0.00643	0.00515	0.01544
9	0.02966	0.02420	0.02896	0.13292	0.04112	0.02761	0.02162	0.14569	0.20437	0.04910	0.04131	0.12787	0.03579	0.01862	0.01268	0.00409	0.01135	0.01584	0.01057	0.01662
10	0.03927	0.02887	0.03150	0.02541	0.03318	0.03158	0.02043	0.36935	0.04959	0.06644	0.03667	0.14134	0.03276	0.01928	0.01273	0.00388	0.01194	0.01570	0.01186	0.01824
11	0.02625	0.03679	0.16303	0.15185	0.06467	0.02909	0.27618	0.03680	0.02681	0.03680	0.02310	0.03080	0.01711	0.01083	0.01312	0.00399	0.01883	0.01227	0.00570	0.01597
12	0.11508	0.11641	0.03010	0.01853	0.02749	0.02284	0.01569	0.04085	0.02740	0.19229	0.03028	0.03053	0.02202	0.01189	0.00950	0.00289	0.00973	0.00896	0.07465	0.19287
13	0.15461	0.01749	0.02013	0.02117	0.02547	0.01884	0.01802	0.03258	0.08976	0.04176	0.05186	0.09879	0.05298	0.02627	0.01410	0.00496	0.01049	0.27763	0.01049	0.01260
14	0.01830	0.12989	0.02417	0.01755	0.02025	0.01764	0.01313	0.02076	0.02333	0.03021	0.05600	0.45487	0.06623	0.03199	0.01377	0.00440	0.00821	0.02843	0.00992	0.01095
15	0.03598	0.17241	0.08155	0.02623	0.03535	0.07239	0.06606	0.09280	0.03166	0.13688	0.03295	0.10431	0.02834	0.01588	0.01148	0.00357	0.01346	0.01318	0.00906	0.01647
16	0.15686	0.01849	0.02442	0.21893	0.04417	0.02093	0.02002	0.03026	0.02308	0.08214	0.03215	0.11376	0.03044	0.11222	0.01995	0.00535	0.01204	0.01443	0.00788	0.01246

[dist]
# distance from previous block
# <min> <max>
9	56

[block]
# block no. 3 follows, 9 sequences, length 10
# corresponding to MSA columns:
# 317-326
name=unknown_D
#
# <colnr> <probs for GDERKNQSTAVLIFYWHMCP>
#	G	D	E	R	K	N	Q	S	T	A	V	L	I	F	Y	W	H	M	C	P
0	0.21216	0.02125	0.02279	0.08227	0.03146	0.02320	0.01641	0.07930	0.08018	0.04468	0.03140	0.09478	0.02917	0.09310	0.01753	0.00480	0.01059	0.01298	0.00862	0.08333
1	0.11894	0.14993	0.03272	0.02028	0.02823	0.09561	0.01661	0.03819	0.06441	0.06989	0.02533	0.03117	0.02158	0.07254	0.01488	0.00381	0.01203	0.00900	0.00761	0.16725
2	0.02249	0.02268	0.07043	0.09663	0.03817	0.01955	0.07192	0.03058	0.07360	0.03477	0.03585	0.16536	0.03515	0.02161	0.01675	0.08169	0.01179	0.01644	0.00791	0.12661
3	0.02378	0.02504	0.08167	0.08561	0.10003	0.02068	0.02264	0.03414	0.08212	0.04189	0.15027	0.04599	0.04507	0.01481	0.01174	0.00330	0.01064	0.01285	0.00877	0.17895
4	0.11209	0.15132	0.11842	0.08466	0.03586	0.02724	0.02273	0.03145	0.02294	0.03564	0.02421	0.03120	0.02021	0.02956	0.12853	0.00699	0.01727	0.00941	0.07655	0.01373
5	0.01768	0.01460	0.02270	0.02015	0.02385	0.01345	0.07281	0.02277	0.02972	0.04069	0.27960	0.20824	0.13313	0.02661	0.01450	0.00414	0.00807	0.02431	0.01150	0.01149
6	0.02594	0.03154	0.09711	0.03221	0.08221	0.09533	0.02535	0.03084	0.02474	0.03339	0.06854	0.13503	0.03659	0.02090	0.02193	0.00438	0.19755	0.01542	0.00725	0.01374
7	0.01912	0.01169	0.01626	0.01626	0.01746	0.01256	0.01162	0.01975	0.01855	0.02695	0.03000	0.04765	0.02892	0.13130	0.23847	0.23070	0.01880	0.01249	0.08300	0.00845
8	0.02286	0.08053	0.02808	0.02520	0.08849	0.02047	0.01712	0.03189	0.08446	0.04407	0.27243	0.06132	0.07004	0.01840	0.01235	0.00344	0.00847	0.01597	0.01056	0.08386
9	0.02474	0.09015	0.04305	0.16390	0.05042	0.02552	0.13695	0.03142	0.02531	0.03437	0.02777	0.10269	0.02565	0.01415	0.01186	0.00348	0.01397	0.01355	0.00671	0.15435

[dist]
# distance from previous block
# <min> <max>
0	1

[block]
# block no. 4 follows, 9 sequences, length 75
# corresponding to MSA columns:
# 328-402
name=unknown_E
#
# <colnr> <probs for GDERKNQSTAVLIFYWHMCP>
#	G	D	E	R	K	N	Q	S	T	A	V	L	I	F	Y	W	H	M	C	P
0	0.03313	0.25101	0.10408	0.08478	0.03761	0.03135	0.02291	0.03850	0.02593	0.13852	0.02749	0.03386	0.02223	0.08167	0.01631	0.00429	0.01314	0.00991	0.00764	0.01563
1	0.11398	0.05015	0.28453	0.03001	0.04322	0.08990	0.03296	0.13501	0.03287	0.04767	0.02226	0.02499	0.01617	0.01220	0.01098	0.00367	0.01613	0.00889	0.00710	0.01732
2	0.02613	0.19239	0.40222	0.03088	0.04679	0.03284	0.03850	0.03759	0.02516	0.03566	0.02038	0.02388	0.01529	0.01115	0.01051	0.00350	0.01656	0.00828	0.00510	0.01720
3	0.02787	0.09662	0.03067	0.02361	0.02776	0.13407	0.01873	0.03513	0.08198	0.03614	0.13580	0.11126	0.04859	0.02025	0.01728	0.00394	0.11259	0.01540	0.00886	0.01347
4	0.01466	0.01047	0.01396	0.01675	0.01745	0.00977	0.01117	0.01675	0.02304	0.03071	0.06631	0.56931	0.07958	0.03769	0.01536	0.00489	0.00698	0.03420	0.01117	0.00977
5	0.02495	0.02138	0.02495	0.01782	0.02851	0.01604	0.01426	0.03029	0.02495	0.03921	0.02138	0.02495	0.01782	0.00891	0.00891	0.00178	0.00891	0.00713	0.00713	0.65072
6	0.01540	0.01174	0.01416	0.01460	0.01724	0.01049	0.01055	0.01916	0.02865	0.03789	0.24608	0.23596	0.23383	0.03034	0.01453	0.00419	0.00619	0.02655	0.01195	0.01049
7	0.03122	0.03266	0.14980	0.20530	0.11422	0.02570	0.07850	0.04001	0.02747	0.13711	0.02749	0.03220	0.01941	0.01214	0.01212	0.00385	0.01544	0.01096	0.00748	0.01691
8	0.02653	0.15630	0.08621	0.02022	0.03158	0.02463	0.01896	0.03246	0.02488	0.03656	0.02033	0.02369	0.01699	0.00950	0.00890	0.00218	0.01078	0.00716	0.00645	0.43568
9	0.26017	0.03948	0.09119	0.02914	0.07750	0.18764	0.02310	0.04229	0.02755	0.08869	0.02162	0.02412	0.01637	0.01193	0.00995	0.00352	0.01495	0.00818	0.00735	0.01526
10	0.04030	0.03012	0.03257	0.02575	0.03420	0.03322	0.02099	0.36012	0.10452	0.06937	0.08893	0.03833	0.03390	0.01592	0.01233	0.00369	0.01186	0.01251	0.01221	0.01917
11	0.02085	0.01319	0.01769	0.01654	0.01949	0.01294	0.01237	0.02536	0.02834	0.08665	0.27759	0.07304	0.07557	0.11115	0.14657	0.00861	0.01343	0.01806	0.01097	0.01160
12	0.03217	0.58441	0.06305	0.02059	0.03088	0.04761	0.02059	0.03603	0.02445	0.02831	0.01673	0.01930	0.01544	0.01029	0.00772	0.00257	0.01287	0.00643	0.00515	0.01544
13	0.02909	0.01415	0.01857	0.01743	0.02154	0.01280	0.01303	0.03293	0.02851	0.19544	0.11068	0.26718	0.06114	0.02548	0.01326	0.00410	0.00774	0.02239	0.09080	0.01374
14	0.01651	0.01228	0.01536	0.01459	0.01765	0.01113	0.01094	0.02170	0.03283	0.04533	0.42640	0.09468	0.18471	0.02569	0.01420	0.00384	0.00575	0.02243	0.01286	0.01113
15	0.01461	0.01199	0.01287	0.01310	0.01661	0.01025	0.00966	0.01785	0.02768	0.03417	0.15978	0.16867	0.39974	0.03066	0.01436	0.00413	0.00615	0.02605	0.01142	0.01025
16	0.04672	0.03212	0.03513	0.02693	0.03652	0.03496	0.02225	0.41371	0.05392	0.12785	0.03111	0.03033	0.02158	0.01450	0.01204	0.00362	0.01288	0.01098	0.01238	0.02046
17	0.02477	0.01425	0.01503	0.01383	0.01752	0.01460	0.01064	0.08346	0.03037	0.04928	0.09427	0.04835	0.03970	0.01538	0.00959	0.00303	0.00660	0.01247	0.48443	0.01243
18	0.01511	0.01079	0.01447	0.01726	0.01816	0.01016	0.01195	0.01753	0.02348	0.03121	0.06607	0.52831	0.07860	0.03727	0.01548	0.00495	0.00737	0.07080	0.01116	0.00990
19	0.66215	0.02327	0.01768	0.01582	0.02327	0.02699	0.01303	0.03537	0.02048	0.05398	0.01675	0.01954	0.01303	0.01117	0.00745	0.00372	0.00931	0.00651	0.00745	0.01303
20	0.01466	0.01047	0.01396	0.01675	0.01745	0.00977	0.01117	0.01675	0.02304	0.03071	0.06631	0.56931	0.07958	0.03769	0.01536	0.00489	0.00698	0.03420	0.01117	0.00977
21	0.02632	0.02632	0.03685	0.03159	0.03159	0.03685	0.02632	0.02895	0.01843	0.02895	0.01579	0.02632	0.01579	0.02106	0.03948	0.00526	0.55515	0.01053	0.00526	0.01316
22	0.02090	0.01045	0.01567	0.01567	0.01567	0.01045	0.01045	0.01567	0.01567	0.02090	0.02090	0.03657	0.02090	0.04180	0.04702	0.64995	0.01045	0.01045	0.00522	0.00522
23	0.02322	0.01387	0.01774	0.01612	0.02037	0.01271	0.01246	0.02788	0.03060	0.12751	0.26089	0.08165	0.18140	0.03272	0.08041	0.00585	0.01006	0.01971	0.01216	0.01267
24	0.04494	0.05734	0.03410	0.03100	0.03719	0.52886	0.02325	0.04804	0.03410	0.02945	0.01860	0.02170	0.01550	0.01240	0.01085	0.00310	0.02170	0.00775	0.00620	0.01395
25	0.03217	0.58441	0.06305	0.02059	0.03088	0.04761	0.02059	0.03603	0.02445	0.02831	0.01673	0.01930	0.01544	0.01029	0.00772	0.00257	0.01287	0.00643	0.00515	0.01544
26	0.01513	0.01109	0.01421	0.01582	0.01742	0.01017	0.01095	0.01813	0.02602	0.03481	0.16802	0.40652	0.13961	0.03390	0.01496	0.00454	0.00658	0.03035	0.01163	0.01017
27	0.02495	0.02138	0.02495	0.01782	0.02851	0.01604	0.01426	0.03029	0.02495	0.03921	0.02138	0.02495	0.01782	0.00891	0.00891	0.00178	0.00891	0.00713	0.00713	0.65072
28	0.50210	0.02130	0.01854	0.01666	0.02350	0.02362	0.01340	0.03603	0.02260	0.11005	0.02696	0.09147	0.02357	0.01499	0.00904	0.00387	0.00913	0.01072	0.00888	0.01358
29	0.03677	0.01671	0.02235	0.01908	0.02494	0.01503	0.01520	0.04118	0.03135	0.28592	0.14723	0.06874	0.05511	0.09014	0.01933	0.00497	0.00952	0.06777	0.01308	0.01559
30	0.01756	0.01280	0.01713	0.01954	0.02197	0.01237	0.01605	0.02193	0.02652	0.03425	0.07186	0.23959	0.12709	0.03397	0.01600	0.00519	0.00943	0.27500	0.01111	0.01064
31	0.11834	0.02263	0.02630	0.02219	0.02990	0.02324	0.01819	0.09590	0.13596	0.24294	0.04407	0.04984	0.03327	0.01702	0.01212	0.00402	0.01039	0.06307	0.01258	0.01805
32	0.02967	0.03140	0.06348	0.10146	0.06225	0.03078	0.36572	0.08361	0.03099	0.04175	0.02452	0.03203	0.01826	0.01081	0.01373	0.00400	0.01907	0.01346	0.00665	0.01638
33	0.03312	0.01435	0.01688	0.01467	0.01968	0.01341	0.01155	0.03840	0.02835	0.20264	0.04203	0.04353	0.03048	0.01431	0.00966	0.00312	0.00718	0.01151	0.43078	0.01435
34	0.02946	0.02119	0.03433	0.43475	0.07163	0.02478	0.03002	0.03675	0.02629	0.13408	0.02700	0.03399	0.01900	0.01265	0.01204	0.00395	0.01479	0.01100	0.00740	0.01490
35	0.03335	0.02018	0.02981	0.02457	0.02953	0.02137	0.06504	0.03775	0.02631	0.18951	0.03720	0.05079	0.03097	0.08996	0.02467	0.00518	0.13119	0.04978	0.08814	0.01470
36	0.05101	0.02114	0.02783	0.02179	0.03078	0.01919	0.01785	0.05929	0.08949	0.45365	0.04765	0.04144	0.03064	0.01507	0.01212	0.00377	0.01015	0.01228	0.01456	0.02030
37	0.01466	0.01047	0.01396	0.01675	0.01745	0.00977	0.01117	0.01675	0.02304	0.03071	0.06631	0.56931	0.07958	0.03769	0.01536	0.00489	0.00698	0.03420	0.01117	0.00977
38	0.02220	0.01914	0.03006	0.10274	0.19548	0.01932	0.02307	0.02869	0.03047	0.04292	0.27059	0.06158	0.06822	0.01816	0.01312	0.00374	0.00999	0.01651	0.00970	0.01430
39	0.02485	0.02652	0.08658	0.01989	0.03148	0.01754	0.01806	0.03128	0.02501	0.03907	0.02141	0.02501	0.01750	0.00923	0.00923	0.00204	0.01003	0.00735	0.00687	0.57109
40	0.03217	0.58441	0.06305	0.02059	0.03088	0.04761	0.02059	0.03603	0.02445	0.02831	0.01673	0.01930	0.01544	0.01029	0.00772	0.00257	0.01287	0.00643	0.00515	0.01544
41	0.66215	0.02327	0.01768	0.01582	0.02327	0.02699	0.01303	0.03537	0.02048	0.05398	0.01675	0.01954	0.01303	0.01117	0.00745	0.00372	0.00931	0.00651	0.00745	0.01303
42	0.01466	0.01047	0.01396	0.01675	0.01745	0.00977	0.01117	0.01675	0.02304	0.03071	0.06631	0.56931	0.07958	0.03769	0.01536	0.00489	0.00698	0.03420	0.01117	0.00977
43	0.01684	0.01139	0.01332	0.01396	0.01412	0.01123	0.00818	0.01733	0.01877	0.02503	0.04444	0.19161	0.05199	0.45304	0.05068	0.01010	0.01059	0.02134	0.00818	0.00786
44	0.01466	0.01047	0.01396	0.01675	0.01745	0.00977	0.01117	0.01675	0.02304	0.03071	0.06631	0.56931	0.07958	0.03769	0.01536	0.00489	0.00698	0.03420	0.01117	0.00977
45	0.19975	0.02685	0.02893	0.02273	0.03172	0.02841	0.01877	0.22630	0.04052	0.21156	0.03194	0.03051	0.02166	0.01378	0.01093	0.00367	0.01130	0.01018	0.01184	0.01864
46	0.04718	0.01848	0.02432	0.01921	0.02712	0.01629	0.01569	0.05204	0.03245	0.41014	0.04570	0.04179	0.03001	0.01470	0.01130	0.00352	0.00924	0.01191	0.15041	0.01848
47	0.01615	0.01222	0.01524	0.01708	0.01963	0.01131	0.01333	0.01976	0.02614	0.03315	0.08424	0.26545	0.21753	0.03370	0.01541	0.00483	0.00810	0.16523	0.01114	0.01036
48	0.01591	0.01100	0.01359	0.01516	0.01555	0.01060	0.00946	0.01708	0.02060	0.02747	0.05382	0.35359	0.06382	0.27491	0.03553	0.00787	0.00904	0.02686	0.00946	0.00868
49	0.66215	0.02327	0.01768	0.01582	0.02327	0.02699	0.01303	0.03537	0.02048	0.05398	0.01675	0.01954	0.01303	0.01117	0.00745	0.00372	0.00931	0.00651	0.00745	0.01303
50	0.66215	0.02327	0.01768	0.01582	0.02327	0.02699	0.01303	0.03537	0.02048	0.05398	0.01675	0.01954	0.01303	0.01117	0.00745	0.00372	0.00931	0.00651	0.00745	0.01303
51	0.03577	0.27844	0.04649	0.02530	0.03317	0.14679	0.02184	0.09483	0.08453	0.03723	0.02242	0.02479	0.01867	0.01308	0.01268	0.00327	0.06910	0.00854	0.00710	0.01595
52	0.02993	0.02585	0.02721	0.02448	0.03129	0.02993	0.01904	0.06393	0.48038	0.05033	0.04897	0.04489	0.03673	0.01632	0.01224	0.00408	0.00952	0.01360	0.01224	0.01904
53	0.01466	0.01047	0.01396	0.01675	0.01745	0.00977	0.01117	0.01675	0.02304	0.03071	0.06631	0.56931	0.07958	0.03769	0.01536	0.00489	0.00698	0.03420	0.01117	0.00977
54	0.02859	0.03164	0.06559	0.04747	0.05898	0.03036	0.40418	0.04167	0.08419	0.04000	0.02738	0.03399	0.02054	0.01091	0.01396	0.00406	0.01896	0.01413	0.00685	0.01657
55	0.02413	0.06223	0.51483	0.03429	0.05207	0.02794	0.04445	0.03810	0.02540	0.03810	0.02159	0.02540	0.01524	0.01143	0.01143	0.00381	0.01778	0.00889	0.00508	0.01778
56	0.01466	0.01047	0.01396	0.01675	0.01745	0.00977	0.01117	0.01675	0.02304	0.03071	0.06631	0.56931	0.07958	0.03769	0.01536	0.00489	0.00698	0.03420	0.01117	0.00977
57	0.02272	0.02138	0.03609	0.54825	0.08287	0.02673	0.03341	0.03074	0.02406	0.03074	0.02138	0.03208	0.01604	0.01203	0.01203	0.00401	0.01604	0.01069	0.00535	0.01337
58	0.01883	0.01310	0.01431	0.01350	0.01800	0.01110	0.01030	0.02233	0.02889	0.08600	0.15383	0.10490	0.40549	0.02815	0.01399	0.00400	0.00650	0.02356	0.01180	0.01140
59	0.05113	0.02505	0.03075	0.02358	0.03300	0.02447	0.01948	0.19820	0.04209	0.36007	0.04104	0.03678	0.02656	0.01474	0.01208	0.00368	0.01128	0.01166	0.01390	0.02047
60	0.02243	0.01121	0.01121	0.01121	0.01402	0.01121	0.00841	0.02803	0.02523	0.04486	0.03925	0.04486	0.03084	0.01402	0.00841	0.00280	0.00561	0.01121	0.64396	0.01121
61	0.04657	0.02503	0.02985	0.02369	0.03252	0.02539	0.01931	0.16268	0.13843	0.29813	0.04306	0.03874	0.02894	0.01509	0.01211	0.00377	0.01085	0.01211	0.01358	0.02016
62	0.01520	0.01089	0.01445	0.01638	0.01757	0.01014	0.01121	0.01812	0.02557	0.03475	0.16512	0.45900	0.08739	0.03468	0.01509	0.00463	0.00668	0.03134	0.01165	0.01014
63	0.05398	0.02048	0.02792	0.02141	0.03071	0.01768	0.01768	0.05863	0.03444	0.51045	0.04747	0.04095	0.02978	0.01489	0.01210	0.00372	0.01024	0.01210	0.01489	0.02048
64	0.02913	0.04270	0.21701	0.04225	0.05600	0.03045	0.26334	0.09166	0.03093	0.04308	0.02398	0.02962	0.01751	0.01112	0.01299	0.00392	0.01855	0.01198	0.00649	0.01729
65	0.02608	0.02436	0.03991	0.03284	0.04023	0.02504	0.17133	0.04286	0.18134	0.04174	0.04508	0.06917	0.04056	0.01951	0.01430	0.00453	0.01374	0.14209	0.00974	0.01556
66	0.02474	0.05859	0.46431	0.03858	0.10086	0.02801	0.04364	0.03797	0.02562	0.03823	0.02170	0.02588	0.01565	0.01135	0.01148	0.00378	0.01740	0.00909	0.00518	0.01792
67	0.02451	0.02426	0.03152	0.30286	0.05670	0.08655	0.02656	0.03064	0.02547	0.03235	0.08293	0.03930	0.03007	0.02314	0.07120	0.00566	0.07485	0.01198	0.00658	0.01287
68	0.02273	0.05041	0.38987	0.09668	0.05147	0.02544	0.03876	0.03442	0.02493	0.03622	0.02735	0.09654	0.02366	0.01490	0.01201	0.00397	0.01617	0.01239	0.00590	0.01619
69	0.66215	0.02327	0.01768	0.01582	0.02327	0.02699	0.01303	0.03537	0.02048	0.05398	0.01675	0.01954	0.01303	0.01117	0.00745	0.00372	0.00931	0.00651	0.00745	0.01303
70	0.66215	0.02327	0.01768	0.01582	0.02327	0.02699	0.01303	0.03537	0.02048	0.05398	0.01675	0.01954	0.01303	0.01117	0.00745	0.00372	0.00931	0.00651	0.00745	0.01303
71	0.01703	0.01230	0.01608	0.01514	0.01797	0.01135	0.01135	0.02270	0.03406	0.04825	0.49577	0.08987	0.11352	0.02460	0.01419	0.00378	0.00568	0.02176	0.01324	0.01135
72	0.04672	0.03212	0.03513	0.02693	0.03652	0.03496	0.02225	0.41371	0.05392	0.12785	0.03111	0.03033	0.02158	0.01450	0.01204	0.00362	0.01288	0.01098	0.01238	0.02046
73	0.04341	0.02248	0.02801	0.02104	0.03085	0.01968	0.01723	0.10148	0.03419	0.29992	0.03652	0.03415	0.02466	0.01287	0.01105	0.00307	0.01019	0.01031	0.01198	0.22692
74	0.02429	0.01927	0.03087	0.38101	0.06360	0.02247	0.02705	0.03148	0.02724	0.07829	0.12993	0.04582	0.03911	0.01510	0.01252	0.00393	0.01319	0.01330	0.00798	0.01356

[dist]
# distance from previous block
# <min> <max>
0	22

[block]
# block no. 5 follows, 9 sequences, length 78
# corresponding to MSA columns:
# 425-480,482-503
name=unknown_F
#
# <colnr> <probs for GDERKNQSTAVLIFYWHMCP>
#	G	D	E	R	K	N	Q	S	T	A	V	L	I	F	Y	W	H	M	C	P
0	0.01674	0.01229	0.01580	0.01579	0.01855	0.01135	0.01203	0.02174	0.03142	0.04317	0.35707	0.14561	0.15072	0.02762	0.01460	0.00414	0.00650	0.07130	0.01253	0.01102
1	0.04574	0.03370	0.03611	0.02768	0.03731	0.03731	0.02287	0.46200	0.05657	0.07583	0.02889	0.02889	0.02046	0.01444	0.01204	0.00361	0.01324	0.01083	0.01204	0.02046
2	0.02495	0.02138	0.02495	0.01782	0.02851	0.01604	0.01426	0.03029	0.02495	0.03921	0.02138	0.02495	0.01782	0.00891	0.00891	0.00178	0.00891	0.00713	0.00713	0.65072
3	0.01466	0.01047	0.01396	0.01675	0.01745	0.00977	0.01117	0.01675	0.02304	0.03071	0.06631	0.56931	0.07958	0.03769	0.01536	0.00489	0.00698	0.03420	0.01117	0.00977
4	0.05398	0.02048	0.02792	0.02141	0.03071	0.01768	0.01768	0.05863	0.03444	0.51045	0.04747	0.04095	0.02978	0.01489	0.01210	0.00372	0.01024	0.01210	0.01489	0.02048
5	0.02769	0.03035	0.05928	0.04415	0.05215	0.03263	0.31022	0.03525	0.02498	0.03525	0.02141	0.03035	0.01741	0.01389	0.02287	0.00447	0.20372	0.01294	0.00580	0.01518
6	0.01703	0.01230	0.01608	0.01514	0.01797	0.01135	0.01135	0.02270	0.03406	0.04825	0.49577	0.08987	0.11352	0.02460	0.01419	0.00378	0.00568	0.02176	0.01324	0.01135
7	0.02272	0.02138	0.03609	0.54825	0.08287	0.02673	0.03341	0.03074	0.02406	0.03074	0.02138	0.03208	0.01604	0.01203	0.01203	0.00401	0.01604	0.01069	0.00535	0.01337
8	0.03217	0.58441	0.06305	0.02059	0.03088	0.04761	0.02059	0.03603	0.02445	0.02831	0.01673	0.01930	0.01544	0.01029	0.00772	0.00257	0.01287	0.00643	0.00515	0.01544
9	0.04735	0.01853	0.02441	0.01926	0.02720	0.01632	0.01573	0.05220	0.03250	0.41261	0.04574	0.04177	0.03000	0.01471	0.01132	0.00353	0.00926	0.01191	0.14708	0.01853
10	0.66215	0.02327	0.01768	0.01582	0.02327	0.02699	0.01303	0.03537	0.02048	0.05398	0.01675	0.01954	0.01303	0.01117	0.00745	0.00372	0.00931	0.00651	0.00745	0.01303
11	0.04511	0.05237	0.03452	0.03030	0.03722	0.42557	0.02317	0.13503	0.03882	0.03919	0.02076	0.02321	0.01654	0.01283	0.01110	0.00321	0.01992	0.00840	0.00743	0.01532
12	0.01466	0.01047	0.01396	0.01675	0.01745	0.00977	0.01117	0.01675	0.02304	0.03071	0.06631	0.56931	0.07958	0.03769	0.01536	0.00489	0.00698	0.03420	0.01117	0.00977
13	0.01466	0.01047	0.01396	0.01675	0.01745	0.00977	0.01117	0.01675	0.02304	0.03071	0.06631	0.56931	0.07958	0.03769	0.01536	0.00489	0.00698	0.03420	0.01117	0.00977
14	0.24676	0.02496	0.02394	0.02151	0.02854	0.02892	0.01698	0.05414	0.32265	0.05158	0.03792	0.03620	0.02860	0.01456	0.01060	0.00396	0.00945	0.01117	0.01060	0.01698
15	0.02272	0.02138	0.03609	0.54825	0.08287	0.02673	0.03341	0.03074	0.02406	0.03074	0.02138	0.03208	0.01604	0.01203	0.01203	0.00401	0.01604	0.01069	0.00535	0.01337
16	0.05398	0.02048	0.02792	0.02141	0.03071	0.01768	0.01768	0.05863	0.03444	0.51045	0.04747	0.04095	0.02978	0.01489	0.01210	0.00372	0.01024	0.01210	0.01489	0.02048
17	0.39822	0.14859	0.07995	0.02035	0.02932	0.08540	0.01894	0.03715	0.02328	0.04433	0.01744	0.02033	0.01403	0.01114	0.00828	0.00342	0.01226	0.00687	0.00659	0.01412
18	0.01526	0.01090	0.01466	0.01744	0.01841	0.01029	0.01222	0.01780	0.02363	0.03139	0.06598	0.51383	0.07825	0.03712	0.01552	0.00497	0.00750	0.08372	0.01116	0.00994
19	0.03585	0.02244	0.03050	0.20281	0.04875	0.02456	0.02349	0.05071	0.16844	0.20421	0.03900	0.03913	0.02722	0.01435	0.01212	0.00393	0.01200	0.01208	0.01080	0.01760
20	0.01560	0.01155	0.01479	0.01702	0.01884	0.01074	0.01256	0.01864	0.02493	0.03223	0.07683	0.38424	0.16063	0.03528	0.01541	0.00486	0.00770	0.11687	0.01115	0.01013
21	0.02495	0.02138	0.02495	0.01782	0.02851	0.01604	0.01426	0.03029	0.02495	0.03921	0.02138	0.02495	0.01782	0.00891	0.00891	0.00178	0.00891	0.00713	0.00713	0.65072
22	0.04703	0.02339	0.02872	0.02292	0.03164	0.02306	0.01864	0.10814	0.14762	0.34448	0.04562	0.04049	0.03039	0.01519	0.01213	0.00380	0.01042	0.01232	0.01389	0.02012
23	0.01703	0.01230	0.01608	0.01514	0.01797	0.01135	0.01135	0.02270	0.03406	0.04825	0.49577	0.08987	0.11352	0.02460	0.01419	0.00378	0.00568	0.02176	0.01324	0.01135
24	0.03217	0.58441	0.06305	0.02059	0.03088	0.04761	0.02059	0.03603	0.02445	0.02831	0.01673	0.01930	0.01544	0.01029	0.00772	0.00257	0.01287	0.00643	0.00515	0.01544
25	0.01673	0.01206	0.01581	0.01534	0.01791	0.01115	0.01133	0.02194	0.03265	0.04600	0.44081	0.15123	0.10918	0.02627	0.01434	0.00393	0.00584	0.02335	0.01298	0.01115
26	0.03217	0.58441	0.06305	0.02059	0.03088	0.04761	0.02059	0.03603	0.02445	0.02831	0.01673	0.01930	0.01544	0.01029	0.00772	0.00257	0.01287	0.00643	0.00515	0.01544
27	0.03240	0.08248	0.07999	0.07019	0.03627	0.02739	0.02177	0.14381	0.09485	0.10270	0.05071	0.04971	0.12250	0.01718	0.01204	0.00374	0.01156	0.01377	0.01024	0.01670
28	0.01603	0.01160	0.01377	0.01428	0.01586	0.01082	0.00949	0.01836	0.02436	0.03226	0.15805	0.21245	0.15792	0.21566	0.03038	0.00678	0.00811	0.02419	0.01030	0.00934
29	0.03052	0.03184	0.04777	0.04515	0.14475	0.08180	0.16457	0.04412	0.13623	0.03946	0.02828	0.03302	0.02229	0.01329	0.01591	0.00400	0.08043	0.01220	0.00745	0.01692
30	0.01582	0.01180	0.01471	0.01494	0.01748	0.01069	0.01084	0.02001	0.02979	0.04037	0.30537	0.22035	0.18513	0.02924	0.01450	0.00413	0.00610	0.02577	0.01227	0.01069
31	0.30543	0.02629	0.02580	0.02204	0.02761	0.09141	0.05832	0.03368	0.02296	0.04181	0.02266	0.03196	0.01991	0.08495	0.01878	0.00475	0.06716	0.00973	0.07219	0.01256
32	0.01719	0.01289	0.01934	0.01934	0.02148	0.01504	0.01504	0.02148	0.01934	0.02793	0.03223	0.04727	0.03008	0.09024	0.52949	0.01934	0.03223	0.01289	0.00645	0.01074
33	0.10024	0.02223	0.03081	0.14202	0.10349	0.02172	0.02248	0.04133	0.02781	0.19754	0.02986	0.03198	0.02113	0.01208	0.01091	0.00336	0.01167	0.00999	0.00923	0.15013
34	0.03632	0.20566	0.04034	0.02288	0.03148	0.03628	0.01978	0.21754	0.09860	0.05330	0.02900	0.02999	0.02235	0.01331	0.01022	0.00324	0.01165	0.00984	0.09073	0.01749
35	0.03044	0.01998	0.02389	0.01774	0.02721	0.01579	0.01424	0.03568	0.02688	0.13388	0.02873	0.03053	0.02177	0.01072	0.00949	0.00229	0.00878	0.00861	0.08503	0.44832
36	0.02131	0.07699	0.02501	0.02057	0.02396	0.02049	0.01668	0.02932	0.08475	0.03788	0.14790	0.18114	0.06577	0.02638	0.01665	0.00448	0.06482	0.11284	0.01049	0.01257
37	0.10358	0.18780	0.24886	0.03178	0.04525	0.03345	0.11704	0.03732	0.02516	0.03754	0.02029	0.02451	0.01563	0.01085	0.01054	0.00353	0.01598	0.00902	0.00558	0.01629
38	0.01496	0.01070	0.01423	0.01655	0.01752	0.00997	0.01119	0.01751	0.02445	0.03296	0.12127	0.50796	0.08392	0.03602	0.01521	0.00475	0.00681	0.03261	0.01143	0.00997
39	0.01667	0.01228	0.01558	0.01476	0.01775	0.01120	0.01107	0.02201	0.03321	0.04623	0.44792	0.09319	0.16263	0.02535	0.01419	0.00382	0.00573	0.02222	0.01298	0.01120
40	0.02962	0.03965	0.21178	0.09345	0.11349	0.02745	0.16787	0.03983	0.02754	0.09430	0.02566	0.03067	0.01849	0.01141	0.01249	0.00387	0.01704	0.01134	0.00671	0.01735
41	0.02632	0.02632	0.03685	0.03159	0.03159	0.03685	0.02632	0.02895	0.01843	0.02895	0.01579	0.02632	0.01579	0.02106	0.03948	0.00526	0.55515	0.01053	0.00526	0.01316
42	0.01466	0.01047	0.01396	0.01675	0.01745	0.00977	0.01117	0.01675	0.02304	0.03071	0.06631	0.56931	0.07958	0.03769	0.01536	0.00489	0.00698	0.03420	0.01117	0.00977
43	0.02272	0.02138	0.03609	0.54825	0.08287	0.02673	0.03341	0.03074	0.02406	0.03074	0.02138	0.03208	0.01604	0.01203	0.01203	0.00401	0.01604	0.01069	0.00535	0.01337
44	0.04131	0.02106	0.03034	0.02422	0.03214	0.01960	0.06096	0.08838	0.03514	0.29792	0.10284	0.05774	0.04366	0.01806	0.01317	0.00399	0.01106	0.06775	0.01302	0.01764
45	0.01793	0.01281	0.01772	0.02049	0.02262	0.01259	0.01686	0.02241	0.02626	0.03438	0.06451	0.26927	0.07243	0.03461	0.01623	0.00534	0.00982	0.30195	0.01111	0.01068
46	0.46401	0.02236	0.02102	0.01764	0.02569	0.02396	0.01455	0.04295	0.02502	0.20270	0.02676	0.02652	0.01849	0.01238	0.00896	0.00372	0.00961	0.00833	0.00987	0.01546
47	0.02413	0.06223	0.51483	0.03429	0.05207	0.02794	0.04445	0.03810	0.02540	0.03810	0.02159	0.02540	0.01524	0.01143	0.01143	0.00381	0.01778	0.00889	0.00508	0.01778
48	0.18611	0.02861	0.03359	0.02692	0.03549	0.03165	0.07719	0.18084	0.17492	0.05778	0.03157	0.03206	0.02341	0.01367	0.01129	0.00384	0.01209	0.01110	0.01021	0.01768
49	0.10746	0.05106	0.03268	0.02906	0.03580	0.41917	0.02217	0.09639	0.03541	0.03749	0.01964	0.02234	0.01584	0.01252	0.01065	0.00322	0.01943	0.00799	0.00703	0.01464
50	0.11461	0.02218	0.02777	0.02152	0.03067	0.02074	0.01777	0.09967	0.03540	0.41753	0.04236	0.03749	0.02709	0.01447	0.01162	0.00371	0.01047	0.01140	0.01383	0.01972
51	0.09563	0.02095	0.02078	0.01898	0.02329	0.06951	0.01418	0.08058	0.03114	0.08545	0.15851	0.15792	0.05885	0.08868	0.01855	0.00485	0.01000	0.01848	0.01077	0.01291
52	0.01827	0.01534	0.01907	0.02190	0.07648	0.01452	0.01413	0.02530	0.07288	0.03818	0.17523	0.14185	0.26923	0.02626	0.01386	0.00404	0.00742	0.02266	0.01109	0.01231
53	0.10329	0.03247	0.10277	0.03646	0.08682	0.07181	0.12058	0.03471	0.02604	0.03783	0.02955	0.04964	0.02746	0.01695	0.01623	0.00431	0.08467	0.09668	0.00706	0.01466
54	0.02647	0.02128	0.03511	0.48508	0.07661	0.02565	0.03153	0.03408	0.02530	0.08826	0.02451	0.03314	0.01769	0.01237	0.01204	0.00398	0.01534	0.01086	0.00649	0.01422
55	0.10012	0.02303	0.03835	0.42074	0.07316	0.02723	0.08536	0.03229	0.02418	0.03453	0.02121	0.03062	0.01596	0.01168	0.01176	0.00398	0.01577	0.01064	0.00569	0.01369
56	0.10654	0.02591	0.04133	0.20722	0.05573	0.02891	0.12702	0.07990	0.02839	0.08695	0.02425	0.03059	0.01798	0.01298	0.01495	0.00405	0.07336	0.01115	0.00739	0.01540
57	0.02662	0.02200	0.07122	0.02134	0.02671	0.01926	0.01812	0.07210	0.08739	0.09445	0.04347	0.11537	0.04131	0.14194	0.08902	0.00770	0.01403	0.06429	0.00983	0.01384
58	0.01521	0.01113	0.01442	0.01684	0.01825	0.01035	0.01195	0.01787	0.02421	0.03163	0.07336	0.45358	0.13373	0.03616	0.01537	0.00486	0.00739	0.08255	0.01116	0.00999
59	0.02907	0.02223	0.02848	0.02569	0.09169	0.01790	0.01768	0.03457	0.02641	0.09572	0.02468	0.02751	0.01942	0.00987	0.00969	0.00225	0.00978	0.00820	0.00790	0.49125
60	0.02272	0.02138	0.03609	0.54825	0.08287	0.02673	0.03341	0.03074	0.02406	0.03074	0.02138	0.03208	0.01604	0.01203	0.01203	0.00401	0.01604	0.01069	0.00535	0.01337
61	0.03746	0.33760	0.04929	0.02273	0.03241	0.04017	0.02065	0.14099	0.07980	0.09355	0.02619	0.02650	0.02034	0.01238	0.00966	0.00309	0.01233	0.00881	0.00853	0.01753
62	0.03115	0.02952	0.08587	0.02450	0.03258	0.02771	0.02151	0.17400	0.19303	0.05624	0.14187	0.04793	0.04674	0.01705	0.01253	0.00384	0.01078	0.01405	0.01155	0.01757
63	0.04939	0.01960	0.02679	0.02151	0.02994	0.01717	0.01791	0.05416	0.03354	0.44743	0.04962	0.05354	0.03502	0.01733	0.01270	0.00396	0.01035	0.06643	0.01438	0.01923
64	0.02082	0.01955	0.08430	0.07673	0.03045	0.01482	0.01865	0.02539	0.02463	0.08090	0.05361	0.38508	0.05909	0.02911	0.01414	0.00453	0.00972	0.02604	0.01012	0.01232
65	0.04876	0.01915	0.02607	0.02079	0.02895	0.01663	0.01682	0.05307	0.03292	0.44672	0.04997	0.11113	0.03640	0.01792	0.01253	0.00388	0.00981	0.01504	0.01440	0.01905
66	0.03922	0.02181	0.02620	0.02198	0.02944	0.02219	0.01751	0.05662	0.22615	0.25737	0.10167	0.04849	0.04277	0.01667	0.01241	0.00388	0.00938	0.01390	0.01356	0.01877
67	0.05006	0.02973	0.03144	0.02475	0.03375	0.09205	0.02013	0.19018	0.04169	0.30330	0.03751	0.03442	0.02481	0.01441	0.01191	0.00360	0.01275	0.01110	0.01280	0.01960
68	0.04617	0.02109	0.03223	0.02455	0.03346	0.01862	0.07547	0.05167	0.03359	0.39255	0.09795	0.04567	0.03826	0.01542	0.01263	0.00377	0.01103	0.01353	0.01352	0.01882
69	0.02157	0.01503	0.02067	0.02404	0.08383	0.01394	0.01573	0.02596	0.02863	0.08516	0.16415	0.19398	0.16394	0.02689	0.01420	0.00424	0.00824	0.06583	0.01130	0.01266
70	0.02158	0.01380	0.02036	0.01958	0.02259	0.01536	0.01536	0.02592	0.02114	0.08557	0.03405	0.04651	0.03004	0.08123	0.46768	0.01747	0.02960	0.01280	0.00745	0.01191
71	0.03739	0.02570	0.03641	0.09480	0.10051	0.02652	0.06255	0.17036	0.03853	0.15481	0.09290	0.04047	0.03398	0.01474	0.01251	0.00374	0.01268	0.01284	0.01071	0.01785
72	0.09944	0.03606	0.14964	0.09190	0.04671	0.02955	0.07440	0.17037	0.03583	0.11096	0.02693	0.02943	0.01891	0.01271	0.01167	0.00378	0.01462	0.01045	0.00886	0.01778
73	0.02500	0.02330	0.02699	0.03256	0.12527	0.08617	0.02094	0.03330	0.08259	0.03795	0.09945	0.16843	0.05501	0.02357	0.01380	0.00429	0.01152	0.10622	0.00977	0.01386
74	0.01812	0.01283	0.01587	0.07705	0.02145	0.01346	0.01041	0.01908	0.01828	0.02421	0.03594	0.07316	0.04043	0.50965	0.05536	0.01075	0.01219	0.01668	0.00706	0.00802
75	0.22381	0.03296	0.13776	0.08566	0.03995	0.02625	0.02423	0.09105	0.02777	0.04736	0.02100	0.02476	0.01589	0.01129	0.00982	0.00335	0.01249	0.00826	0.00720	0.14915
76	0.11224	0.03139	0.13963	0.02866	0.08014	0.02323	0.02486	0.08110	0.03196	0.20674	0.08750	0.03851	0.03259	0.01437	0.01162	0.00373	0.01198	0.01161	0.01042	0.01773
77	0.02511	0.17229	0.18937	0.02362	0.03515	0.02682	0.02506	0.03241	0.02471	0.03503	0.02627	0.09601	0.02461	0.01388	0.01028	0.00304	0.01247	0.01112	0.00652	0.20625

[dist]
# distance from previous block
# <min> <max>
0	28

[block]
# block no. 6 follows, 9 sequences, length 7
# corresponding to MSA columns:
# 532-538
name=unknown_G
#
# <colnr> <probs for GDERKNQSTAVLIFYWHMCP>
#	G	D	E	R	K	N	Q	S	T	A	V	L	I	F	Y	W	H	M	C	P
0	0.37272	0.10060	0.03268	0.02311	0.03141	0.10185	0.05919	0.08055	0.02730	0.04800	0.01896	0.02200	0.01493	0.01146	0.00907	0.00351	0.01296	0.00785	0.00731	0.01452
1	0.35564	0.02389	0.02350	0.01897	0.02758	0.02494	0.01559	0.10026	0.02920	0.15169	0.02564	0.02617	0.01831	0.01210	0.00929	0.00343	0.01001	0.00840	0.00963	0.10575
2	0.01525	0.01205	0.01412	0.01431	0.01740	0.01092	0.01059	0.01889	0.02738	0.03528	0.18808	0.16675	0.29890	0.03690	0.07232	0.00583	0.00906	0.02442	0.01111	0.01044
3	0.03264	0.03377	0.14543	0.02469	0.03632	0.02436	0.02399	0.11640	0.07933	0.10592	0.02893	0.02985	0.02115	0.01203	0.01082	0.00308	0.01205	0.00951	0.00902	0.24071
4	0.05398	0.02048	0.02792	0.02141	0.03071	0.01768	0.01768	0.05863	0.03444	0.51045	0.04747	0.04095	0.02978	0.01489	0.01210	0.00372	0.01024	0.01210	0.01489	0.02048
5	0.02993	0.02585	0.02721	0.02448	0.03129	0.02993	0.01904	0.06393	0.48038	0.05033	0.04897	0.04489	0.03673	0.01632	0.01224	0.00408	0.00952	0.01360	0.01224	0.01904
6	0.01738	0.01214	0.01553	0.01553	0.01636	0.01297	0.01029	0.01904	0.01821	0.02511	0.03571	0.06654	0.03845	0.38842	0.24274	0.01464	0.01963	0.01571	0.00696	0.00863

[dist]
# distance from previous block
# <min> <max>
0	2

[block]
# block no. 7 follows, 9 sequences, length 25
# corresponding to MSA columns:
# 541-565
name=unknown_H
#
# <colnr> <probs for GDERKNQSTAVLIFYWHMCP>
#	G	D	E	R	K	N	Q	S	T	A	V	L	I	F	Y	W	H	M	C	P
0	0.02536	0.04655	0.29924	0.11160	0.06000	0.02860	0.18161	0.03722	0.02622	0.03722	0.02248	0.02870	0.01636	0.01108	0.01244	0.00392	0.01838	0.01092	0.00545	0.01664
1	0.02126	0.01340	0.01645	0.01504	0.01918	0.01184	0.01150	0.02592	0.03191	0.10761	0.30931	0.09162	0.22890	0.02519	0.01391	0.00387	0.00645	0.02161	0.01279	0.01223
2	0.01541	0.01214	0.01412	0.01536	0.01836	0.01085	0.01178	0.01877	0.02646	0.03283	0.09665	0.22561	0.30955	0.03274	0.01499	0.00457	0.00735	0.11105	0.01115	0.01026
3	0.01725	0.01264	0.01805	0.01805	0.01975	0.01434	0.01344	0.02066	0.01896	0.02698	0.03340	0.05378	0.03291	0.19098	0.43260	0.01775	0.02797	0.01384	0.00662	0.01003
4	0.01814	0.01295	0.01795	0.02073	0.02295	0.01277	0.01721	0.02276	0.02646	0.03460	0.06439	0.25056	0.07198	0.03442	0.01628	0.00537	0.00999	0.31865	0.01110	0.01073
5	0.02993	0.02585	0.02721	0.02448	0.03129	0.02993	0.01904	0.06393	0.48038	0.05033	0.04897	0.04489	0.03673	0.01632	0.01224	0.00408	0.00952	0.01360	0.01224	0.01904
6	0.66215	0.02327	0.01768	0.01582	0.02327	0.02699	0.01303	0.03537	0.02048	0.05398	0.01675	0.01954	0.01303	0.01117	0.00745	0.00372	0.00931	0.00651	0.00745	0.01303
7	0.02090	0.01045	0.01567	0.01567	0.01567	0.01045	0.01045	0.01567	0.01567	0.02090	0.02090	0.03657	0.02090	0.04180	0.04702	0.64995	0.01045	0.01045	0.00522	0.00522
8	0.04634	0.02223	0.03063	0.13459	0.04262	0.02193	0.02165	0.10018	0.03483	0.35689	0.03971	0.03764	0.02575	0.01423	0.01208	0.00377	0.01183	0.01165	0.01252	0.01896
9	0.02495	0.02138	0.02495	0.01782	0.02851	0.01604	0.01426	0.03029	0.02495	0.03921	0.02138	0.02495	0.01782	0.00891	0.00891	0.00178	0.00891	0.00713	0.00713	0.65072
10	0.03515	0.10395	0.03858	0.02748	0.03198	0.03444	0.02333	0.08708	0.02707	0.13401	0.02402	0.02867	0.01919	0.01750	0.02615	0.00437	0.30283	0.01032	0.00804	0.01585
11	0.03662	0.03193	0.14022	0.02393	0.03568	0.02177	0.02333	0.09103	0.03179	0.19681	0.03080	0.03072	0.02143	0.01208	0.01089	0.00309	0.01189	0.00958	0.00975	0.22666
12	0.04177	0.03443	0.03493	0.02805	0.03599	0.08681	0.02282	0.32748	0.10019	0.06318	0.02883	0.02977	0.02138	0.01514	0.01480	0.00379	0.07021	0.01081	0.01076	0.01886
13	0.02727	0.03013	0.06453	0.04714	0.05813	0.02835	0.40347	0.03684	0.02831	0.03822	0.02927	0.04538	0.02464	0.01303	0.01450	0.00424	0.01913	0.06513	0.00671	0.01558
14	0.02708	0.02779	0.05111	0.11013	0.05461	0.02687	0.25215	0.03892	0.08365	0.03906	0.02640	0.03240	0.02017	0.01092	0.01256	0.00358	0.01599	0.01217	0.00697	0.14746
15	0.11638	0.02651	0.04293	0.04989	0.24682	0.02703	0.11205	0.03815	0.07834	0.04163	0.02947	0.08366	0.02604	0.01397	0.01211	0.00388	0.01351	0.01346	0.00743	0.01674
16	0.04135	0.02087	0.02663	0.01985	0.02976	0.01697	0.01619	0.04631	0.03031	0.30543	0.03612	0.03399	0.02458	0.01229	0.01071	0.00288	0.00966	0.00994	0.01151	0.29467
17	0.03849	0.02305	0.03589	0.04481	0.24433	0.02177	0.02573	0.04400	0.02994	0.24126	0.03826	0.09554	0.03051	0.01556	0.01238	0.00379	0.01172	0.01397	0.01039	0.01862
18	0.03202	0.03324	0.15114	0.16527	0.14080	0.02576	0.08203	0.04074	0.02782	0.14215	0.02784	0.03213	0.01975	0.01207	0.01213	0.00382	0.01530	0.01100	0.00762	0.01738
19	0.02272	0.02138	0.03609	0.54825	0.08287	0.02673	0.03341	0.03074	0.02406	0.03074	0.02138	0.03208	0.01604	0.01203	0.01203	0.00401	0.01604	0.01069	0.00535	0.01337
20	0.66215	0.02327	0.01768	0.01582	0.02327	0.02699	0.01303	0.03537	0.02048	0.05398	0.01675	0.01954	0.01303	0.01117	0.00745	0.00372	0.00931	0.00651	0.00745	0.01303
21	0.04171	0.03170	0.03384	0.02687	0.03578	0.03543	0.02189	0.36056	0.16457	0.06933	0.03400	0.03296	0.02461	0.01492	0.01209	0.00373	0.01229	0.01154	0.01209	0.02010
22	0.05398	0.02048	0.02792	0.02141	0.03071	0.01768	0.01768	0.05863	0.03444	0.51045	0.04747	0.04095	0.02978	0.01489	0.01210	0.00372	0.01024	0.01210	0.01489	0.02048
23	0.02993	0.02585	0.02721	0.02448	0.03129	0.02993	0.01904	0.06393	0.48038	0.05033	0.04897	0.04489	0.03673	0.01632	0.01224	0.00408	0.00952	0.01360	0.01224	0.01904
24	0.02139	0.01312	0.01732	0.01610	0.01951	0.01197	0.01212	0.02653	0.03286	0.10412	0.39115	0.13791	0.09921	0.02486	0.01406	0.00390	0.00639	0.02196	0.01322	0.01232

[dist]
