[name]
unknown

[dist]
# distance from previous block
# <min> <max>
24	842

[block]
# block no. 0 follows, 10 sequences, length 19
# corresponding to MSA columns:
# 1041-1059
name=unknown_A
#
# <colnr> <probs for GDERKNQSTAVLIFYWHMCP>
#	G	D	E	R	K	N	Q	S	T	A	V	L	I	F	Y	W	H	M	C	P
0	0.10663	0.12625	0.14508	0.02193	0.03150	0.02502	0.02200	0.04010	0.05855	0.15957	0.11303	0.03867	0.03587	0.01418	0.01067	0.00346	0.01108	0.01115	0.00934	0.01591
1	0.02591	0.02787	0.14701	0.08545	0.03585	0.02103	0.02304	0.03729	0.13131	0.07523	0.03029	0.03509	0.02337	0.01974	0.01935	0.16151	0.01183	0.01065	0.06447	0.01371
2	0.03360	0.02425	0.02683	0.02612	0.06803	0.06790	0.01858	0.10330	0.14679	0.14496	0.04376	0.16694	0.03870	0.01942	0.01236	0.00387	0.01066	0.01653	0.01109	0.01630
3	0.11318	0.02215	0.02957	0.02517	0.03151	0.02412	0.09177	0.04267	0.22036	0.04336	0.07647	0.04960	0.03751	0.02453	0.07417	0.00571	0.01327	0.05038	0.00955	0.01495
4	0.09935	0.02554	0.04869	0.03596	0.04528	0.02422	0.30782	0.03186	0.02633	0.03756	0.04578	0.04966	0.13870	0.01474	0.01297	0.00389	0.01501	0.01551	0.00724	0.01389
5	0.01495	0.01183	0.01345	0.01304	0.01645	0.01033	0.00978	0.01902	0.02935	0.03816	0.29273	0.10083	0.33487	0.02694	0.01373	0.00381	0.00571	0.02299	0.01169	0.01033
6	0.02365	0.18450	0.28662	0.02626	0.03791	0.02876	0.03017	0.03239	0.02288	0.03203	0.02220	0.02824	0.01830	0.02944	0.14104	0.00706	0.01941	0.00894	0.00525	0.01495
7	0.02935	0.16748	0.05057	0.05877	0.39890	0.03214	0.03182	0.03548	0.02578	0.03539	0.02048	0.02630	0.01757	0.01026	0.01052	0.00322	0.01348	0.00935	0.00557	0.01757
8	0.03431	0.45963	0.05456	0.02158	0.03137	0.04358	0.02044	0.14391	0.03124	0.03862	0.01905	0.02093	0.01611	0.01093	0.00849	0.00273	0.01253	0.00726	0.00661	0.01611
9	0.01529	0.01092	0.01478	0.01747	0.01864	0.01041	0.01274	0.01813	0.02337	0.03094	0.06348	0.47278	0.07448	0.03538	0.01514	0.00488	0.00772	0.13290	0.01077	0.00976
10	0.02439	0.02165	0.02647	0.01995	0.02817	0.01961	0.01616	0.02902	0.02283	0.03587	0.01957	0.02439	0.01683	0.01101	0.01465	0.00241	0.12329	0.00756	0.00652	0.52965
11	0.02249	0.02067	0.03225	0.42948	0.06723	0.02331	0.02776	0.02961	0.02347	0.03172	0.02067	0.02932	0.01593	0.01089	0.01089	0.00335	0.01382	0.00949	0.00559	0.17208
12	0.02723	0.02320	0.02483	0.02244	0.02849	0.02648	0.01740	0.05637	0.43436	0.04838	0.11074	0.04932	0.04562	0.01687	0.01209	0.00391	0.00870	0.01422	0.01197	0.01740
13	0.17035	0.01721	0.01703	0.01598	0.01924	0.01900	0.01110	0.03187	0.13540	0.03574	0.03458	0.05498	0.03382	0.31716	0.03567	0.00772	0.01025	0.01356	0.00825	0.01110
14	0.11995	0.02936	0.02559	0.02041	0.02913	0.14675	0.01606	0.03670	0.02655	0.08297	0.02174	0.02407	0.01712	0.01027	0.00917	0.00246	0.01181	0.00740	0.00741	0.35506
15	0.27299	0.01935	0.02043	0.01747	0.02404	0.02005	0.01404	0.04025	0.07133	0.18764	0.14932	0.04381	0.04321	0.01548	0.01053	0.00365	0.00842	0.01211	0.01108	0.01482
16	0.02241	0.02015	0.02947	0.03404	0.14378	0.02367	0.02127	0.02535	0.02048	0.02948	0.03003	0.13206	0.03264	0.15149	0.03252	0.00604	0.21057	0.01563	0.00666	0.01227
17	0.03915	0.02030	0.02973	0.09578	0.03761	0.01864	0.04863	0.04453	0.02895	0.30851	0.03566	0.03569	0.02431	0.01792	0.04927	0.00441	0.01260	0.01089	0.01073	0.12669
18	0.02333	0.01798	0.01846	0.01868	0.02157	0.08383	0.01372	0.02664	0.02725	0.09086	0.13656	0.32161	0.06809	0.02794	0.01377	0.00421	0.00911	0.05391	0.01092	0.01157

[dist]
# distance from previous block
# <min> <max>
3	9

[block]
# block no. 1 follows, 10 sequences, length 10
# corresponding to MSA columns:
# 1069-1078
name=unknown_B
#
# <colnr> <probs for GDERKNQSTAVLIFYWHMCP>
#	G	D	E	R	K	N	Q	S	T	A	V	L	I	F	Y	W	H	M	C	P
0	0.08675	0.02233	0.02779	0.03072	0.14443	0.02214	0.01937	0.12426	0.03199	0.04580	0.07750	0.05120	0.14577	0.01648	0.01142	0.00336	0.00994	0.01369	0.00900	0.10606
1	0.26865	0.08545	0.02606	0.01960	0.02612	0.02675	0.01636	0.14012	0.03011	0.04923	0.03180	0.11162	0.03077	0.01787	0.01058	0.00385	0.01025	0.07186	0.00901	0.01394
2	0.02225	0.01944	0.03440	0.35786	0.06127	0.02237	0.08553	0.02706	0.02178	0.02833	0.02093	0.03215	0.01696	0.01860	0.02038	0.16872	0.01469	0.01073	0.00523	0.01131
3	0.03729	0.15350	0.03679	0.07432	0.03676	0.24816	0.02089	0.04139	0.02892	0.09567	0.02194	0.02435	0.01717	0.01137	0.00986	0.00287	0.01547	0.00796	0.00695	0.10838
4	0.05032	0.02278	0.02884	0.02211	0.03118	0.02152	0.01826	0.15542	0.03828	0.42097	0.04169	0.03687	0.02669	0.01429	0.01168	0.00357	0.01057	0.01141	0.01375	0.01979
5	0.02352	0.01250	0.01682	0.01730	0.02002	0.01133	0.01235	0.02615	0.02498	0.15198	0.05962	0.44982	0.06508	0.03101	0.01407	0.00445	0.00752	0.02781	0.01168	0.01199
6	0.02443	0.02250	0.03413	0.37639	0.11613	0.02680	0.02926	0.03827	0.14033	0.03529	0.02736	0.03381	0.02075	0.01251	0.01167	0.00385	0.01377	0.01103	0.00687	0.01488
7	0.02307	0.02296	0.02935	0.35377	0.05834	0.09470	0.02563	0.02874	0.02438	0.02953	0.03098	0.16556	0.03054	0.01778	0.01226	0.00396	0.01412	0.01553	0.00667	0.01214
8	0.02473	0.01370	0.01772	0.01585	0.02015	0.01222	0.01218	0.02940	0.03142	0.16156	0.31429	0.11315	0.14105	0.02310	0.01330	0.00375	0.00671	0.02004	0.01279	0.01288
9	0.01484	0.01041	0.01330	0.01533	0.01584	0.00990	0.00987	0.01637	0.02095	0.02793	0.05735	0.45880	0.06840	0.17293	0.02576	0.00634	0.00786	0.02909	0.00987	0.00886

[dist]
# distance from previous block
# <min> <max>
0	3

[block]
# block no. 2 follows, 10 sequences, length 26
# corresponding to MSA columns:
# 1082-1107
name=unknown_C
#
# <colnr> <probs for GDERKNQSTAVLIFYWHMCP>
#	G	D	E	R	K	N	Q	S	T	A	V	L	I	F	Y	W	H	M	C	P
0	0.04031	0.01791	0.02355	0.01987	0.02654	0.01639	0.01566	0.04709	0.07801	0.35377	0.05058	0.17583	0.04150	0.02004	0.01250	0.00391	0.00904	0.01718	0.01323	0.01707
1	0.04731	0.02088	0.02685	0.02132	0.02981	0.01957	0.01737	0.05775	0.13058	0.42661	0.04619	0.04038	0.03020	0.01468	0.01172	0.00367	0.00975	0.01200	0.01386	0.01950
2	0.01663	0.01215	0.01706	0.01686	0.01874	0.01326	0.01257	0.02039	0.02138	0.03039	0.13290	0.05927	0.04812	0.15592	0.35479	0.01434	0.02254	0.01498	0.00774	0.00996
3	0.04043	0.14214	0.03376	0.02070	0.02894	0.02580	0.01765	0.12766	0.03531	0.25705	0.11212	0.04066	0.03732	0.01491	0.01113	0.00335	0.01027	0.01183	0.01163	0.01734
4	0.03525	0.01920	0.02557	0.10317	0.03470	0.01930	0.01840	0.10967	0.03204	0.23303	0.04440	0.19415	0.03925	0.02029	0.01259	0.00395	0.01031	0.01749	0.01149	0.01574
5	0.02194	0.02030	0.02976	0.15762	0.03916	0.02621	0.02316	0.02652	0.02240	0.03224	0.12216	0.04145	0.03632	0.02474	0.07063	0.00567	0.26801	0.01269	0.00682	0.01220
6	0.03907	0.10690	0.11724	0.02878	0.03769	0.30290	0.02547	0.13450	0.03519	0.03910	0.02035	0.02278	0.01594	0.01204	0.01051	0.00316	0.01777	0.00816	0.00689	0.01555
7	0.16399	0.02334	0.02472	0.01865	0.02813	0.02167	0.01513	0.11677	0.02908	0.04768	0.02113	0.02375	0.01675	0.01010	0.00890	0.00245	0.00950	0.00745	0.00787	0.40296
8	0.02628	0.02699	0.11110	0.18613	0.08834	0.02332	0.02657	0.06466	0.07522	0.08115	0.12904	0.04319	0.03872	0.01476	0.01199	0.00372	0.01227	0.01269	0.00862	0.01524
9	0.01991	0.01595	0.01829	0.01699	0.02112	0.01638	0.01294	0.03352	0.17676	0.04479	0.30335	0.07740	0.15235	0.02221	0.01314	0.00379	0.00671	0.01915	0.01218	0.01310
10	0.53840	0.02301	0.01902	0.01705	0.02412	0.02669	0.01381	0.03997	0.11991	0.05144	0.02272	0.02403	0.01739	0.01184	0.00817	0.00367	0.00904	0.00773	0.00817	0.01381
11	0.01668	0.01221	0.01743	0.01743	0.01908	0.01385	0.01297	0.01996	0.01832	0.02607	0.03230	0.05206	0.03184	0.19282	0.44337	0.01714	0.02699	0.01339	0.00640	0.00969
12	0.01872	0.01097	0.01264	0.01297	0.01526	0.01058	0.00944	0.02345	0.02621	0.04137	0.16914	0.16807	0.06085	0.02105	0.01102	0.00338	0.00572	0.01820	0.35038	0.01058
13	0.02515	0.02729	0.05751	0.04182	0.05169	0.02555	0.37896	0.03405	0.02860	0.03922	0.12598	0.04300	0.03694	0.01273	0.01372	0.00387	0.01665	0.01526	0.00733	0.01470
14	0.50675	0.02516	0.02181	0.01833	0.02609	0.02873	0.01511	0.15226	0.02903	0.05778	0.01930	0.02129	0.01450	0.01163	0.00837	0.00357	0.01000	0.00740	0.00837	0.01450
15	0.01664	0.01188	0.01633	0.01902	0.02077	0.01157	0.01509	0.02046	0.02470	0.03245	0.06274	0.33938	0.07153	0.03411	0.01550	0.00506	0.00889	0.25300	0.01075	0.01013
16	0.04068	0.04577	0.03380	0.02938	0.03510	0.35526	0.02288	0.13425	0.03505	0.03778	0.01962	0.02316	0.01603	0.01376	0.01523	0.00344	0.10856	0.00855	0.00703	0.01468
17	0.02131	0.01480	0.01658	0.01517	0.01695	0.01528	0.00988	0.09272	0.02463	0.03317	0.08193	0.06933	0.04524	0.44168	0.04700	0.00926	0.01096	0.01627	0.00836	0.00950
18	0.01536	0.01136	0.01434	0.01462	0.01696	0.01035	0.01058	0.01944	0.02882	0.03929	0.31948	0.23373	0.16606	0.02834	0.01405	0.00401	0.00592	0.02506	0.01190	0.01035
19	0.04949	0.01920	0.02613	0.02024	0.02876	0.01663	0.01663	0.05406	0.03326	0.49059	0.08105	0.04315	0.03489	0.01510	0.01185	0.00360	0.00956	0.01240	0.01428	0.01913
20	0.45725	0.02155	0.02054	0.01717	0.02500	0.02296	0.01416	0.04201	0.02449	0.21732	0.02653	0.02609	0.01823	0.01205	0.00876	0.00360	0.00931	0.00818	0.00970	0.01510
21	0.03008	0.01623	0.01925	0.01714	0.02153	0.01613	0.01267	0.03876	0.11564	0.17910	0.04400	0.09797	0.03801	0.16924	0.02400	0.00565	0.00912	0.01508	0.11661	0.01379
22	0.01440	0.01022	0.01343	0.01590	0.01652	0.00960	0.01048	0.01625	0.02182	0.02910	0.06182	0.54150	0.07405	0.08253	0.01853	0.00527	0.00712	0.03172	0.01048	0.00925
23	0.01417	0.01012	0.01350	0.01619	0.01687	0.00945	0.01080	0.01619	0.02227	0.02969	0.06410	0.58367	0.07692	0.03644	0.01484	0.00472	0.00675	0.03306	0.01080	0.00945
24	0.01462	0.01044	0.01401	0.01671	0.01758	0.00983	0.01158	0.01697	0.02271	0.03019	0.06386	0.53927	0.07594	0.03601	0.01496	0.00479	0.00714	0.07304	0.01079	0.00957
25	0.03090	0.01973	0.03044	0.02410	0.02992	0.01889	0.10985	0.07708	0.02763	0.16479	0.03788	0.09652	0.03436	0.21171	0.02856	0.00637	0.01241	0.01564	0.00953	0.01369

[dist]
# distance from previous block
# <min> <max>
0	2

[block]
# block no. 3 follows, 10 sequences, length 28
# corresponding to MSA columns:
# 1110-1127,1129-1138
name=unknown_D
#
# <colnr> <probs for GDERKNQSTAVLIFYWHMCP>
#	G	D	E	R	K	N	Q	S	T	A	V	L	I	F	Y	W	H	M	C	P
0	0.01685	0.01251	0.01640	0.01742	0.02009	0.01137	0.01313	0.02049	0.02479	0.03391	0.10789	0.34445	0.07025	0.03029	0.01419	0.00436	0.00781	0.12671	0.01048	0.09660
1	0.03097	0.40318	0.04963	0.02006	0.03002	0.03794	0.01875	0.08335	0.02722	0.03491	0.01851	0.02094	0.01599	0.01009	0.00819	0.00243	0.01161	0.00685	0.00616	0.16321
2	0.02333	0.06016	0.53100	0.03315	0.05034	0.02701	0.04297	0.03683	0.02455	0.03683	0.02087	0.02455	0.01473	0.01105	0.01105	0.00368	0.01719	0.00859	0.00491	0.01719
3	0.02716	0.05480	0.46409	0.03150	0.04760	0.02569	0.03954	0.03947	0.02571	0.10187	0.02419	0.02655	0.01660	0.01149	0.01114	0.00367	0.01622	0.00901	0.00617	0.01753
4	0.13438	0.30925	0.08531	0.02135	0.03126	0.03613	0.02063	0.09937	0.02869	0.10464	0.02214	0.02325	0.01706	0.01132	0.00886	0.00305	0.01201	0.00774	0.00749	0.01607
5	0.05218	0.01979	0.02699	0.02069	0.02969	0.01709	0.01709	0.05668	0.03329	0.52677	0.04588	0.03959	0.02879	0.01439	0.01170	0.00360	0.00990	0.01170	0.01439	0.01979
6	0.01691	0.01128	0.01268	0.01268	0.01268	0.01128	0.00705	0.01691	0.01691	0.02255	0.03665	0.07611	0.04228	0.59126	0.05920	0.01128	0.01128	0.01691	0.00705	0.00705
7	0.10605	0.01232	0.01627	0.01603	0.01749	0.01330	0.01151	0.01904	0.01662	0.02609	0.02232	0.03567	0.02134	0.04781	0.16136	0.41861	0.01505	0.01017	0.00562	0.00734
8	0.02581	0.01566	0.01667	0.01479	0.01893	0.01629	0.01153	0.12385	0.03209	0.05026	0.10144	0.04606	0.03871	0.01505	0.00966	0.00301	0.00702	0.01217	0.42822	0.01278
9	0.01516	0.01033	0.01317	0.01528	0.01604	0.00981	0.01008	0.01720	0.02173	0.02988	0.05827	0.47117	0.06839	0.10818	0.02017	0.00543	0.00724	0.02906	0.06417	0.00924
10	0.12362	0.01616	0.01866	0.01578	0.02165	0.01548	0.01263	0.03950	0.02815	0.23951	0.08330	0.04260	0.03463	0.01448	0.00997	0.00328	0.00772	0.01153	0.24667	0.01470
11	0.04105	0.02123	0.02912	0.02309	0.03111	0.02048	0.06021	0.05301	0.14425	0.31445	0.04329	0.04012	0.02946	0.01421	0.01155	0.00362	0.01019	0.01215	0.07927	0.01814
12	0.01486	0.01093	0.01393	0.01507	0.01687	0.01000	0.01058	0.01814	0.02633	0.03545	0.21773	0.35647	0.14808	0.03134	0.01433	0.00427	0.00622	0.02796	0.01145	0.01000
13	0.01567	0.01148	0.01470	0.01469	0.01709	0.01051	0.01071	0.02011	0.02986	0.04125	0.37091	0.20118	0.14415	0.02721	0.01397	0.00393	0.00581	0.02410	0.01214	0.01051
14	0.08823	0.09354	0.28585	0.10158	0.04912	0.08643	0.06765	0.03658	0.02501	0.03565	0.01989	0.02450	0.01490	0.01102	0.01060	0.00354	0.01640	0.00868	0.00536	0.01547
15	0.02790	0.42955	0.09826	0.06940	0.03492	0.03848	0.02221	0.03312	0.02473	0.03063	0.07255	0.02796	0.02556	0.01175	0.00888	0.00286	0.01239	0.00847	0.00586	0.01452
16	0.01522	0.01181	0.01394	0.01419	0.01726	0.01054	0.01078	0.01917	0.02824	0.03668	0.23846	0.15432	0.28720	0.02856	0.01409	0.00407	0.00634	0.06741	0.01146	0.01026
17	0.01464	0.01049	0.01392	0.01587	0.01697	0.00976	0.01083	0.01739	0.02447	0.03320	0.15695	0.48082	0.08372	0.03382	0.01461	0.00450	0.00649	0.03057	0.01121	0.00976
18	0.02624	0.02244	0.02860	0.10333	0.07386	0.02010	0.01907	0.07661	0.02734	0.04037	0.02152	0.02589	0.01733	0.00975	0.00960	0.00236	0.01047	0.00804	0.00704	0.45005
19	0.67341	0.02249	0.01709	0.01529	0.02249	0.02609	0.01260	0.03419	0.01979	0.05218	0.01619	0.01889	0.01260	0.01080	0.00720	0.00360	0.00900	0.00630	0.00720	0.01260
20	0.01940	0.01692	0.02017	0.01986	0.02234	0.06954	0.01536	0.02343	0.02017	0.02715	0.02979	0.04313	0.02761	0.07942	0.48968	0.01706	0.03010	0.01195	0.00621	0.01071
21	0.01678	0.01182	0.01546	0.01546	0.01641	0.01278	0.01050	0.01869	0.01773	0.02460	0.03411	0.06207	0.03619	0.35870	0.28343	0.01470	0.02045	0.01486	0.00667	0.00859
22	0.03730	0.20606	0.03937	0.02212	0.03068	0.03321	0.01921	0.22030	0.03906	0.11535	0.09365	0.03471	0.03189	0.01411	0.01062	0.00321	0.01129	0.01076	0.01007	0.01704
23	0.02800	0.02907	0.12904	0.02280	0.03171	0.02239	0.02147	0.08628	0.14465	0.08985	0.14079	0.04476	0.04324	0.01533	0.01163	0.00345	0.01038	0.01274	0.01017	0.10224
24	0.16754	0.21224	0.03881	0.02672	0.09597	0.03149	0.01983	0.04262	0.08803	0.13330	0.02684	0.02743	0.02034	0.01182	0.00937	0.00326	0.01100	0.00879	0.00827	0.01633
25	0.01995	0.01587	0.02564	0.02524	0.02917	0.01560	0.08206	0.02592	0.02687	0.03514	0.05632	0.11738	0.06012	0.02904	0.01574	0.00516	0.01194	0.38140	0.01004	0.01140
26	0.02451	0.02046	0.06654	0.02166	0.02704	0.01791	0.01903	0.03644	0.13481	0.09387	0.09980	0.13373	0.05627	0.02411	0.01379	0.00445	0.00991	0.17065	0.01108	0.01396
27	0.08743	0.02355	0.07633	0.02108	0.02911	0.01932	0.01856	0.09153	0.03219	0.27713	0.08347	0.11465	0.03902	0.01762	0.01189	0.00376	0.01007	0.01462	0.01191	0.01675

[dist]
# distance from previous block
# <min> <max>
0	52

[block]
# block no. 4 follows, 10 sequences, length 30
# corresponding to MSA columns:
# 1191-1220
name=unknown_E
#
# <colnr> <probs for GDERKNQSTAVLIFYWHMCP>
#	G	D	E	R	K	N	Q	S	T	A	V	L	I	F	Y	W	H	M	C	P
0	0.02842	0.01833	0.02265	0.01885	0.02611	0.01595	0.01512	0.03581	0.07133	0.14317	0.07415	0.09750	0.04016	0.01724	0.01150	0.00323	0.00883	0.06994	0.01025	0.27145
1	0.03366	0.02818	0.04810	0.08617	0.19481	0.02825	0.16663	0.11957	0.03256	0.10563	0.02645	0.03096	0.01953	0.01145	0.01225	0.00365	0.01504	0.01159	0.00792	0.01759
2	0.01568	0.01129	0.01485	0.01516	0.01720	0.01045	0.01091	0.01998	0.02929	0.04086	0.35957	0.25637	0.09854	0.02810	0.01410	0.00402	0.00592	0.02514	0.01212	0.01045
3	0.03109	0.59826	0.06095	0.01990	0.02985	0.04602	0.01990	0.03483	0.02363	0.02736	0.01617	0.01866	0.01493	0.00995	0.00746	0.00249	0.01244	0.00622	0.00498	0.01493
4	0.03073	0.02930	0.05938	0.04305	0.05398	0.02780	0.37524	0.04202	0.07228	0.10044	0.02860	0.03354	0.02074	0.01095	0.01329	0.00388	0.01740	0.01341	0.00752	0.01646
5	0.02330	0.02516	0.08015	0.33324	0.19327	0.02502	0.03232	0.03083	0.02418	0.03263	0.02478	0.07766	0.02156	0.01337	0.01182	0.00382	0.01443	0.01216	0.00580	0.01452
6	0.01542	0.01170	0.01420	0.01389	0.01681	0.01048	0.01030	0.01981	0.03000	0.04043	0.35085	0.13840	0.23201	0.02665	0.01383	0.00384	0.00572	0.02318	0.01201	0.01048
7	0.01606	0.01092	0.01294	0.01377	0.01398	0.01071	0.00821	0.01669	0.01857	0.02476	0.04515	0.23326	0.05301	0.41948	0.04546	0.00925	0.00987	0.02191	0.00821	0.00779
8	0.02896	0.02228	0.03453	0.27668	0.15395	0.02461	0.02849	0.07684	0.02863	0.09928	0.02966	0.04321	0.02430	0.01437	0.01214	0.00389	0.01361	0.06149	0.00774	0.01533
9	0.02244	0.02387	0.06822	0.21336	0.04685	0.02708	0.02648	0.02814	0.02297	0.03265	0.10843	0.03854	0.03257	0.01726	0.02246	0.00430	0.23298	0.01210	0.00651	0.01280
10	0.01462	0.01053	0.01314	0.01503	0.01597	0.00982	0.00988	0.01638	0.02179	0.02859	0.06545	0.43503	0.12238	0.13699	0.02282	0.00583	0.00747	0.02910	0.01011	0.00905
11	0.13601	0.01345	0.01539	0.01509	0.01820	0.01341	0.01123	0.02295	0.02824	0.04402	0.32577	0.18091	0.08496	0.02412	0.01277	0.00388	0.00640	0.02092	0.01135	0.01094
12	0.03153	0.07566	0.04265	0.14094	0.04770	0.03005	0.12340	0.14240	0.03278	0.07956	0.06029	0.03349	0.02487	0.01358	0.01443	0.00375	0.06745	0.01163	0.00812	0.01571
13	0.11453	0.03897	0.24215	0.03034	0.04301	0.02459	0.11118	0.04205	0.02689	0.17413	0.02767	0.02923	0.01888	0.01171	0.01123	0.00369	0.01458	0.01010	0.00800	0.01705
14	0.08492	0.02756	0.08140	0.09881	0.12666	0.02902	0.02760	0.03461	0.02281	0.09623	0.02161	0.02786	0.01731	0.01504	0.02157	0.00420	0.23120	0.00994	0.00657	0.01509
15	0.01766	0.01386	0.01794	0.01792	0.01818	0.01578	0.01249	0.01901	0.01923	0.02655	0.04295	0.26673	0.05023	0.24826	0.03707	0.00734	0.12959	0.02188	0.00811	0.00922
16	0.02412	0.02067	0.02412	0.01723	0.02756	0.01550	0.01378	0.02929	0.02412	0.03790	0.02067	0.02412	0.01723	0.00861	0.00861	0.00172	0.00861	0.00689	0.00689	0.66236
17	0.09239	0.06525	0.03256	0.15743	0.04306	0.02670	0.04850	0.09234	0.11480	0.10384	0.03308	0.08376	0.02692	0.01503	0.01137	0.00376	0.01190	0.01268	0.00907	0.01557
18	0.01675	0.01255	0.01575	0.01666	0.01872	0.01239	0.01182	0.02375	0.08587	0.03732	0.20012	0.36208	0.08178	0.02992	0.01412	0.00430	0.00667	0.02683	0.01155	0.01105
19	0.17394	0.02005	0.02290	0.01976	0.02630	0.02032	0.01594	0.10931	0.03120	0.21537	0.04144	0.14129	0.03625	0.01924	0.01171	0.00395	0.00967	0.05444	0.01141	0.01551
20	0.03141	0.02640	0.11862	0.14225	0.04239	0.02084	0.02426	0.07506	0.02897	0.18181	0.03810	0.15053	0.03282	0.01786	0.01223	0.00391	0.01204	0.01530	0.00962	0.01558
21	0.02606	0.02585	0.03774	0.03800	0.11974	0.03416	0.02732	0.02940	0.01940	0.02982	0.01647	0.02606	0.01584	0.01853	0.03330	0.00479	0.46835	0.01021	0.00521	0.01376
22	0.01478	0.01057	0.01413	0.01640	0.01746	0.00992	0.01140	0.01746	0.02386	0.03208	0.11706	0.49138	0.08007	0.03462	0.01480	0.00464	0.00689	0.06173	0.01103	0.00972
23	0.10485	0.36673	0.19841	0.02338	0.03520	0.03789	0.02604	0.03536	0.02346	0.03318	0.01760	0.02047	0.01459	0.01038	0.00852	0.00298	0.01347	0.00695	0.00522	0.01534
24	0.17219	0.02887	0.07522	0.03161	0.12113	0.02700	0.02322	0.16329	0.03438	0.17052	0.02817	0.02877	0.01981	0.01250	0.01065	0.00355	0.01187	0.00972	0.00972	0.01781
25	0.01467	0.01033	0.01335	0.01555	0.01610	0.00978	0.01011	0.01633	0.02129	0.02839	0.05909	0.49093	0.07059	0.13782	0.02295	0.00592	0.00757	0.03011	0.01011	0.00901
26	0.41631	0.03303	0.08615	0.02076	0.02917	0.12008	0.01869	0.03892	0.02410	0.09136	0.01996	0.02197	0.01485	0.01139	0.00872	0.00350	0.01231	0.00732	0.00738	0.01403
27	0.02812	0.01608	0.02006	0.01645	0.02288	0.01353	0.01299	0.03278	0.02997	0.18326	0.19771	0.06409	0.13996	0.01880	0.01203	0.00328	0.00753	0.01590	0.01164	0.15294
28	0.02933	0.44314	0.05202	0.02033	0.02949	0.03954	0.01926	0.03322	0.02322	0.02934	0.01691	0.02024	0.01538	0.01061	0.01033	0.00257	0.06000	0.00668	0.00533	0.13304
29	0.02049	0.08576	0.02236	0.01717	0.02122	0.06606	0.01312	0.02419	0.02715	0.03517	0.18718	0.22311	0.10902	0.02413	0.01257	0.00364	0.00850	0.02079	0.00989	0.06849

[dist]
# distance from previous block
# <min> <max>
0	3

[block]
# block no. 5 follows, 10 sequences, length 24
# corresponding to MSA columns:
# 1224-1247
name=unknown_F
#
# <colnr> <probs for GDERKNQSTAVLIFYWHMCP>
#	G	D	E	R	K	N	Q	S	T	A	V	L	I	F	Y	W	H	M	C	P
0	0.26788	0.02598	0.02675	0.02128	0.02977	0.02804	0.01756	0.22223	0.03730	0.17363	0.02806	0.02751	0.01939	0.01295	0.01009	0.00355	0.01077	0.00929	0.01073	0.01725
1	0.17900	0.01851	0.01840	0.01591	0.02178	0.01917	0.01271	0.10790	0.03006	0.09731	0.05275	0.05244	0.15014	0.01721	0.01035	0.00346	0.00812	0.01337	0.15792	0.01346
2	0.01737	0.01340	0.01651	0.01545	0.01956	0.01177	0.01213	0.02226	0.02932	0.04032	0.28731	0.08960	0.17477	0.02400	0.01332	0.00369	0.00683	0.08367	0.01118	0.10753
3	0.02833	0.02119	0.02319	0.02026	0.02488	0.02308	0.01507	0.18579	0.12632	0.04634	0.03984	0.12841	0.03831	0.19483	0.02675	0.00615	0.01072	0.01634	0.01014	0.01406
4	0.12146	0.01781	0.01966	0.01751	0.02268	0.01789	0.01344	0.07663	0.06937	0.04587	0.18263	0.15584	0.05861	0.02032	0.01180	0.00358	0.00784	0.01726	0.01046	0.10934
5	0.12506	0.03145	0.05077	0.03826	0.04721	0.08253	0.28117	0.03881	0.06331	0.03859	0.02297	0.02883	0.01781	0.01166	0.01461	0.00389	0.07005	0.01159	0.00649	0.01493
6	0.02020	0.01010	0.01515	0.01515	0.01515	0.01010	0.01010	0.01515	0.01515	0.02020	0.02020	0.03535	0.02020	0.04040	0.04545	0.66162	0.01010	0.01010	0.00505	0.00505
7	0.01579	0.01080	0.01302	0.01412	0.01440	0.01053	0.00858	0.01662	0.01910	0.02547	0.04788	0.28386	0.05646	0.36416	0.04104	0.00859	0.00942	0.02352	0.00858	0.00803
8	0.01417	0.01012	0.01350	0.01619	0.01687	0.00945	0.01080	0.01619	0.02227	0.02969	0.06410	0.58367	0.07692	0.03644	0.01484	0.00472	0.00675	0.03306	0.01080	0.00945
9	0.02692	0.01776	0.01845	0.01655	0.02125	0.01931	0.01289	0.10347	0.15226	0.04919	0.03890	0.04107	0.02980	0.01419	0.00962	0.00315	0.00750	0.01139	0.39220	0.01414
10	0.11284	0.01266	0.01450	0.01516	0.01775	0.01243	0.01093	0.02068	0.02558	0.03840	0.19975	0.30208	0.11928	0.02807	0.01326	0.00415	0.00661	0.02458	0.01088	0.01042
11	0.01691	0.01128	0.01268	0.01268	0.01268	0.01128	0.00705	0.01691	0.01691	0.02255	0.03665	0.07611	0.04228	0.59126	0.05920	0.01128	0.01128	0.01691	0.00705	0.00705
12	0.01646	0.01189	0.01555	0.01463	0.01738	0.01097	0.01097	0.02195	0.03292	0.04664	0.51257	0.08688	0.10974	0.02378	0.01372	0.00366	0.00549	0.02103	0.01280	0.01097
13	0.04345	0.05543	0.03296	0.02996	0.03596	0.54457	0.02247	0.04644	0.03296	0.02846	0.01798	0.02097	0.01498	0.01199	0.01049	0.00300	0.02097	0.00749	0.00599	0.01348
14	0.02291	0.01527	0.01745	0.01574	0.01899	0.01583	0.01165	0.10481	0.02994	0.04359	0.15901	0.05958	0.05162	0.15412	0.06393	0.00631	0.01012	0.01495	0.17259	0.01159
15	0.01417	0.01012	0.01350	0.01619	0.01687	0.00945	0.01080	0.01619	0.02227	0.02969	0.06410	0.58367	0.07692	0.03644	0.01484	0.00472	0.00675	0.03306	0.01080	0.00945
16	0.02412	0.02067	0.02412	0.01723	0.02756	0.01550	0.01378	0.02929	0.02412	0.03790	0.02067	0.02412	0.01723	0.00861	0.00861	0.00172	0.00861	0.00689	0.00689	0.66236
17	0.01985	0.01559	0.01832	0.01794	0.02043	0.01693	0.01298	0.02906	0.14496	0.03273	0.05555	0.19645	0.11681	0.11165	0.02543	0.07306	0.05145	0.02006	0.00948	0.01128
18	0.02312	0.05413	0.45529	0.11405	0.05488	0.02683	0.04134	0.03575	0.02436	0.03575	0.02084	0.02554	0.01485	0.01114	0.01114	0.00371	0.01693	0.00886	0.00495	0.01654
19	0.04261	0.02356	0.02792	0.02267	0.03084	0.02418	0.01831	0.12145	0.20387	0.28701	0.04374	0.03922	0.02987	0.01483	0.01174	0.00371	0.01008	0.01204	0.01306	0.01929
20	0.03125	0.01678	0.01893	0.01666	0.02196	0.01713	0.01307	0.04359	0.15000	0.16639	0.04239	0.04242	0.03104	0.01434	0.00999	0.00326	0.00753	0.01166	0.32655	0.01507
21	0.01536	0.01097	0.01486	0.01756	0.01875	0.01047	0.01287	0.01825	0.02344	0.03102	0.06344	0.46573	0.07432	0.03531	0.01516	0.00489	0.00778	0.13924	0.01077	0.00978
22	0.02217	0.02670	0.11059	0.48240	0.07556	0.02602	0.03393	0.03080	0.02345	0.03080	0.02070	0.03002	0.01539	0.01154	0.01154	0.00385	0.01576	0.01007	0.00513	0.01357
23	0.01646	0.01189	0.01555	0.01463	0.01738	0.01097	0.01097	0.02195	0.03292	0.04664	0.51257	0.08688	0.10974	0.02378	0.01372	0.00366	0.00549	0.02103	0.01280	0.01097

[dist]
# distance from previous block
# <min> <max>
0	15

[block]
# block no. 6 follows, 10 sequences, length 11
# corresponding to MSA columns:
# 1263-1273
name=unknown_G
#
# <colnr> <probs for GDERKNQSTAVLIFYWHMCP>
#	G	D	E	R	K	N	Q	S	T	A	V	L	I	F	Y	W	H	M	C	P
0	0.02868	0.01958	0.02285	0.01974	0.02534	0.02045	0.01548	0.09879	0.17421	0.11598	0.24689	0.05975	0.06480	0.01883	0.01261	0.00371	0.00815	0.01603	0.01258	0.01554
1	0.03656	0.01785	0.02107	0.01759	0.02380	0.01752	0.01406	0.07968	0.08628	0.23983	0.04142	0.04060	0.02926	0.01418	0.01028	0.00327	0.00826	0.01143	0.27101	0.01604
2	0.01495	0.01070	0.01431	0.01652	0.01768	0.01006	0.01163	0.01779	0.02418	0.03252	0.12477	0.46984	0.08036	0.03428	0.01482	0.00464	0.00698	0.07314	0.01106	0.00978
3	0.05218	0.01979	0.02699	0.02069	0.02969	0.01709	0.01709	0.05668	0.03329	0.52677	0.04588	0.03959	0.02879	0.01439	0.01170	0.00360	0.00990	0.01170	0.01439	0.01979
4	0.01478	0.01056	0.01420	0.01689	0.01783	0.00997	0.01186	0.01725	0.02287	0.03037	0.06377	0.52328	0.07559	0.03586	0.01501	0.00481	0.00728	0.08743	0.01078	0.00962
5	0.01510	0.01084	0.01433	0.01556	0.01707	0.01006	0.01087	0.01852	0.02658	0.03655	0.24564	0.38257	0.09021	0.03131	0.01439	0.00429	0.00624	0.02819	0.01161	0.01006
6	0.02906	0.15700	0.34046	0.02933	0.04353	0.03247	0.03433	0.12669	0.03052	0.04246	0.02141	0.02412	0.01580	0.01143	0.01049	0.00342	0.01539	0.00852	0.00629	0.01729
7	0.02039	0.01664	0.02006	0.08979	0.02877	0.01608	0.01469	0.07591	0.03042	0.04018	0.16402	0.07421	0.23779	0.02127	0.01253	0.00352	0.00829	0.01789	0.01004	0.09751
8	0.02484	0.02167	0.02214	0.01985	0.02395	0.08881	0.01495	0.08486	0.02563	0.03364	0.02885	0.04383	0.02731	0.16379	0.23707	0.01100	0.02053	0.01180	0.00716	0.08831
9	0.12914	0.02706	0.02821	0.02286	0.03098	0.07075	0.01876	0.19129	0.03809	0.23133	0.03467	0.03823	0.02530	0.01490	0.01130	0.00364	0.01178	0.04262	0.01150	0.01759
10	0.02864	0.09899	0.04241	0.02777	0.03759	0.02360	0.16540	0.03478	0.02665	0.10078	0.03585	0.03820	0.07725	0.01241	0.01115	0.00305	0.01255	0.01176	0.00777	0.20340

[dist]
# distance from previous block
# <min> <max>
0	3

[block]
# block no. 7 follows, 10 sequences, length 20
# corresponding to MSA columns:
# 1277-1296
name=unknown_H
#
# <colnr> <probs for GDERKNQSTAVLIFYWHMCP>
#	G	D	E	R	K	N	Q	S	T	A	V	L	I	F	Y	W	H	M	C	P
0	0.04387	0.08556	0.02905	0.01960	0.02768	0.01944	0.01641	0.04844	0.03211	0.38996	0.11914	0.04493	0.04049	0.01542	0.01154	0.00348	0.00947	0.01260	0.01304	0.01778
1	0.01675	0.01355	0.01892	0.02417	0.09916	0.01269	0.01450	0.02017	0.02507	0.03338	0.12026	0.33736	0.16147	0.02924	0.01394	0.00423	0.00759	0.02618	0.01020	0.01118
2	0.02009	0.02434	0.13958	0.02058	0.02634	0.01633	0.01959	0.05453	0.02614	0.03707	0.08551	0.21563	0.05207	0.07697	0.01726	0.00479	0.01030	0.06816	0.07254	0.01218
3	0.10672	0.01872	0.02315	0.01848	0.02632	0.01664	0.01490	0.04408	0.02875	0.31827	0.03983	0.08611	0.02978	0.01508	0.01078	0.00334	0.00900	0.01229	0.05470	0.12308
4	0.03028	0.02148	0.02298	0.02022	0.02620	0.02378	0.01586	0.09540	0.28572	0.08594	0.04261	0.04148	0.03178	0.01487	0.01078	0.00353	0.00859	0.01212	0.18981	0.01657
5	0.09579	0.02464	0.02773	0.07494	0.03426	0.02703	0.01912	0.22570	0.08974	0.10673	0.07376	0.03679	0.03013	0.01451	0.01113	0.00355	0.01074	0.01145	0.06551	0.01675
6	0.02859	0.42463	0.21262	0.02418	0.03646	0.03989	0.02734	0.03547	0.02393	0.03042	0.01769	0.02056	0.01486	0.01031	0.00862	0.00287	0.01397	0.00699	0.00495	0.01566
7	0.02273	0.02017	0.06349	0.01998	0.02516	0.01755	0.01750	0.10908	0.03489	0.04812	0.27933	0.08056	0.07531	0.02275	0.01363	0.00401	0.00901	0.11219	0.01145	0.01308
8	0.17025	0.01909	0.01994	0.01824	0.02311	0.02033	0.01401	0.14247	0.03150	0.04777	0.08655	0.22727	0.08887	0.02309	0.01209	0.00399	0.00866	0.01935	0.01038	0.01303
9	0.03223	0.34164	0.19649	0.02401	0.03598	0.03556	0.02637	0.03902	0.02550	0.11228	0.02246	0.02387	0.01715	0.01101	0.00924	0.00303	0.01345	0.00783	0.00650	0.01640
10	0.04259	0.01746	0.02370	0.01939	0.02643	0.01526	0.01549	0.04677	0.03144	0.40009	0.09260	0.13343	0.04428	0.01890	0.01240	0.00379	0.00897	0.01608	0.01365	0.01727
11	0.08973	0.01380	0.01607	0.01549	0.01896	0.01334	0.01130	0.02541	0.02350	0.11262	0.06020	0.18889	0.14977	0.12952	0.07298	0.00675	0.01048	0.02004	0.00992	0.01124
12	0.02825	0.16881	0.15582	0.02975	0.04034	0.03173	0.11113	0.07844	0.10552	0.03964	0.02923	0.03831	0.02431	0.01366	0.01138	0.00364	0.01419	0.05228	0.00741	0.01616
13	0.02176	0.01225	0.01615	0.01681	0.01942	0.01135	0.01238	0.02513	0.02562	0.11460	0.09636	0.35720	0.06640	0.02918	0.01372	0.00432	0.00742	0.06642	0.07198	0.01153
14	0.01417	0.01012	0.01350	0.01619	0.01687	0.00945	0.01080	0.01619	0.02227	0.02969	0.06410	0.58367	0.07692	0.03644	0.01484	0.00472	0.00675	0.03306	0.01080	0.00945
15	0.02709	0.03031	0.06269	0.04569	0.05534	0.03053	0.39534	0.03559	0.02572	0.03559	0.02204	0.03031	0.01722	0.01170	0.01812	0.00413	0.11860	0.01309	0.00574	0.01515
16	0.04129	0.02849	0.03260	0.14590	0.04423	0.07359	0.02308	0.22678	0.03996	0.18143	0.03024	0.03114	0.02082	0.01338	0.01155	0.00356	0.01335	0.01051	0.01043	0.01769
17	0.02323	0.01322	0.01772	0.01864	0.02178	0.01258	0.01502	0.02749	0.02628	0.11510	0.05716	0.23769	0.05953	0.02844	0.01413	0.00460	0.00885	0.20529	0.08141	0.01185
18	0.11455	0.02029	0.02452	0.01937	0.02730	0.01903	0.01577	0.09148	0.03303	0.29264	0.11456	0.04208	0.03803	0.01487	0.01118	0.00340	0.00925	0.01197	0.01222	0.08447
19	0.02925	0.02829	0.08191	0.02211	0.03235	0.02349	0.01955	0.13466	0.10872	0.04734	0.02667	0.02817	0.02052	0.01123	0.01007	0.00269	0.01056	0.00889	0.00853	0.34499

[dist]
# distance from previous block
# <min> <max>
0	21

[block]
# block no. 8 follows, 10 sequences, length 20
# corresponding to MSA columns:
# 1318-1337
name=unknown_I
#
# <colnr> <probs for GDERKNQSTAVLIFYWHMCP>
#	G	D	E	R	K	N	Q	S	T	A	V	L	I	F	Y	W	H	M	C	P
0	0.03055	0.21327	0.15635	0.02631	0.03559	0.09662	0.02629	0.09163	0.02871	0.03644	0.02388	0.03452	0.02125	0.01444	0.01321	0.00353	0.07010	0.05552	0.00657	0.01521
1	0.03163	0.02735	0.06572	0.02749	0.07667	0.08531	0.02100	0.08000	0.03225	0.12941	0.18065	0.04736	0.04824	0.01703	0.01502	0.00369	0.07255	0.01348	0.01001	0.01513
2	0.02925	0.09716	0.08972	0.14164	0.09448	0.08796	0.02527	0.03564	0.02648	0.08285	0.02868	0.03956	0.02379	0.01379	0.01091	0.00350	0.01350	0.05157	0.08974	0.01452
3	0.01549	0.01082	0.01345	0.01467	0.01646	0.01000	0.01029	0.01881	0.02549	0.03534	0.17085	0.34853	0.13488	0.03006	0.01369	0.00415	0.00620	0.02671	0.08412	0.01000
4	0.09533	0.14109	0.15558	0.03308	0.09997	0.02972	0.08174	0.04122	0.07196	0.10414	0.02594	0.02813	0.01931	0.01149	0.01054	0.00346	0.01358	0.00964	0.00734	0.01675
5	0.19412	0.02468	0.06578	0.02320	0.03172	0.02240	0.06792	0.04472	0.09137	0.20637	0.08099	0.03768	0.03149	0.01387	0.01098	0.00369	0.01075	0.01148	0.01046	0.01630
6	0.01481	0.01039	0.01331	0.01538	0.01590	0.00987	0.00992	0.01636	0.02102	0.02803	0.05772	0.46564	0.06887	0.16546	0.02516	0.00625	0.00780	0.02931	0.00992	0.00889
7	0.02441	0.01964	0.03341	0.31350	0.05757	0.02169	0.07992	0.03114	0.02591	0.08721	0.08752	0.10110	0.03543	0.01596	0.01250	0.00392	0.01320	0.01475	0.00782	0.01339
8	0.03577	0.08243	0.09759	0.15628	0.04479	0.02559	0.02541	0.04190	0.02688	0.23276	0.02987	0.03179	0.02074	0.01358	0.01442	0.00375	0.08088	0.01025	0.00887	0.01644
9	0.02546	0.02872	0.10736	0.17103	0.24692	0.02525	0.07563	0.03356	0.02531	0.03650	0.02359	0.03076	0.01856	0.01108	0.01128	0.00354	0.01421	0.01050	0.08495	0.01578
10	0.01829	0.01443	0.01959	0.01844	0.01977	0.01679	0.01386	0.02142	0.02139	0.03064	0.14154	0.05912	0.04858	0.18598	0.20644	0.01083	0.11989	0.01514	0.00775	0.01012
11	0.02235	0.02034	0.03340	0.34247	0.16773	0.02326	0.02837	0.02852	0.02312	0.03070	0.02598	0.07441	0.02383	0.08699	0.01789	0.00478	0.01397	0.01275	0.00593	0.01319
12	0.03146	0.03473	0.16155	0.09122	0.13422	0.02742	0.07420	0.09788	0.08656	0.10230	0.02842	0.03117	0.02062	0.01220	0.01170	0.00368	0.01423	0.01076	0.00803	0.01764
13	0.02625	0.03831	0.24331	0.02667	0.03703	0.02505	0.02803	0.12719	0.09063	0.04425	0.03576	0.15767	0.03289	0.01816	0.01215	0.00392	0.01283	0.01525	0.00856	0.01608
14	0.01520	0.01091	0.01441	0.01549	0.01710	0.01013	0.01088	0.01877	0.02704	0.03728	0.26486	0.36128	0.09161	0.03077	0.01434	0.00425	0.00618	0.02768	0.01169	0.01013
15	0.03375	0.07905	0.17328	0.03434	0.04649	0.02822	0.18412	0.09104	0.03073	0.14307	0.02748	0.03001	0.01928	0.01156	0.01191	0.00364	0.01565	0.01106	0.00800	0.01733
16	0.10977	0.03124	0.08484	0.03776	0.15055	0.08322	0.07994	0.06746	0.02877	0.11042	0.02894	0.08351	0.02431	0.01402	0.01147	0.00365	0.01375	0.01226	0.00803	0.01610
17	0.02503	0.04492	0.30614	0.03953	0.10722	0.02626	0.13716	0.03589	0.02540	0.03720	0.02157	0.02657	0.01614	0.01039	0.01142	0.00347	0.01630	0.00977	0.00547	0.09415
18	0.02531	0.01972	0.07033	0.08482	0.03097	0.01565	0.01750	0.02983	0.02490	0.13504	0.04879	0.17464	0.09081	0.09352	0.01833	0.00473	0.01017	0.01779	0.00942	0.07771
19	0.09533	0.06982	0.14479	0.02744	0.03645	0.02738	0.08158	0.08616	0.02741	0.10996	0.02590	0.03278	0.02059	0.07640	0.01946	0.00459	0.08027	0.01062	0.00765	0.01541

[dist]
# distance from previous block
# <min> <max>
5	53

[block]
# block no. 9 follows, 10 sequences, length 6
# corresponding to MSA columns:
# 1391-1396
name=unknown_J
#
# <colnr> <probs for GDERKNQSTAVLIFYWHMCP>
#	G	D	E	R	K	N	Q	S	T	A	V	L	I	F	Y	W	H	M	C	P
0	0.36037	0.02614	0.09104	0.08161	0.03398	0.02368	0.02024	0.03589	0.02333	0.10712	0.02599	0.03560	0.02106	0.01365	0.00975	0.00383	0.01116	0.05364	0.00796	0.01399
1	0.02923	0.01664	0.02192	0.02050	0.02458	0.01698	0.01608	0.03579	0.07609	0.18613	0.05155	0.24132	0.05022	0.02526	0.01601	0.00442	0.06379	0.07795	0.01145	0.01409
2	0.09658	0.02600	0.08450	0.06479	0.03341	0.02470	0.02142	0.07108	0.02537	0.12189	0.02617	0.03459	0.02154	0.09335	0.02343	0.00485	0.13885	0.01054	0.00787	0.06905
3	0.09519	0.03597	0.20389	0.02986	0.09036	0.02497	0.02710	0.11515	0.02994	0.07659	0.03431	0.03897	0.06809	0.06198	0.01514	0.00427	0.01306	0.01137	0.00787	0.01594
4	0.04241	0.02903	0.03210	0.03061	0.09899	0.09276	0.02162	0.14312	0.11149	0.22218	0.03540	0.03383	0.02475	0.01366	0.01152	0.00353	0.01237	0.01094	0.01113	0.01856
5	0.09524	0.01446	0.01891	0.01737	0.02102	0.01406	0.01336	0.02959	0.02333	0.15873	0.07331	0.05151	0.03524	0.02815	0.02630	0.28310	0.00962	0.06676	0.00908	0.01088

[dist]
# distance from previous block
# <min> <max>
0	1369

# created by:
# /st0/software/busco_prod/Augustus/scripts/msa2prfl.pl ./align_prep/7519.fa
