[name]
unknown

[dist]
# distance from previous block
# <min> <max>
0	458

[block]
# block no. 0 follows, 12 sequences, length 50
# corresponding to MSA columns:
# 458-507
name=unknown_A
#
# <colnr> <probs for GDERKNQSTAVLIFYWHMCP>
#	G	D	E	R	K	N	Q	S	T	A	V	L	I	F	Y	W	H	M	C	P
0	0.69383	0.02109	0.01603	0.01434	0.02109	0.02446	0.01181	0.03205	0.01856	0.04892	0.01518	0.01771	0.01181	0.01012	0.00675	0.00337	0.00843	0.00590	0.00675	0.01181
1	0.69383	0.02109	0.01603	0.01434	0.02109	0.02446	0.01181	0.03205	0.01856	0.04892	0.01518	0.01771	0.01181	0.01012	0.00675	0.00337	0.00843	0.00590	0.00675	0.01181
2	0.01328	0.00949	0.01265	0.01518	0.01581	0.00886	0.01012	0.01518	0.02088	0.02783	0.06010	0.60969	0.07212	0.03416	0.01392	0.00443	0.00633	0.03100	0.01012	0.00886
3	0.02275	0.10066	0.37685	0.02613	0.03998	0.02428	0.03132	0.03256	0.02283	0.03394	0.01910	0.02239	0.01442	0.00968	0.00946	0.00288	0.01366	0.00744	0.00508	0.18455
4	0.02569	0.04536	0.36192	0.03936	0.17222	0.02656	0.03604	0.09585	0.02712	0.03921	0.02066	0.02443	0.01530	0.01055	0.01054	0.00338	0.01479	0.00870	0.00562	0.01672
5	0.03115	0.02777	0.03064	0.02553	0.03266	0.07158	0.06483	0.15264	0.33923	0.04809	0.03618	0.03483	0.02701	0.01362	0.01112	0.00353	0.01115	0.01142	0.01010	0.01693
6	0.02372	0.01301	0.01704	0.01497	0.01910	0.01166	0.01160	0.02846	0.03053	0.17227	0.38668	0.07187	0.11433	0.02044	0.01238	0.00343	0.00621	0.01774	0.01225	0.01230
7	0.03397	0.03779	0.02780	0.02516	0.03105	0.30192	0.01918	0.05069	0.27831	0.03608	0.03052	0.03010	0.02360	0.01300	0.01046	0.00325	0.01418	0.00966	0.00834	0.01493
8	0.02286	0.13353	0.49186	0.02939	0.04458	0.02775	0.03734	0.03427	0.02290	0.03332	0.01897	0.02227	0.01384	0.01022	0.00990	0.00330	0.01551	0.00775	0.00461	0.01583
9	0.04157	0.02895	0.16101	0.02274	0.03314	0.01961	0.02248	0.08029	0.03053	0.39066	0.03592	0.03279	0.02307	0.01267	0.01081	0.00339	0.01119	0.01015	0.01107	0.01794
10	0.02528	0.02795	0.15673	0.02133	0.02933	0.02083	0.02049	0.04071	0.20848	0.10375	0.04747	0.04886	0.10927	0.07247	0.01538	0.00424	0.01029	0.01310	0.00919	0.01485
11	0.01383	0.00991	0.01314	0.01481	0.01593	0.00922	0.01016	0.01655	0.02340	0.03185	0.18213	0.47621	0.07989	0.03116	0.01365	0.00418	0.00603	0.02815	0.01060	0.00922
12	0.19315	0.02316	0.02901	0.02502	0.02672	0.03114	0.02081	0.02771	0.01717	0.03197	0.01453	0.02230	0.01368	0.01682	0.02845	0.00442	0.44816	0.00862	0.00527	0.01190
13	0.04029	0.01796	0.02355	0.01889	0.02524	0.01689	0.01504	0.10842	0.02976	0.35141	0.03454	0.03456	0.02376	0.01960	0.01895	0.17503	0.00971	0.01042	0.01091	0.01506
14	0.04057	0.01654	0.02191	0.01750	0.02381	0.01465	0.01365	0.04372	0.02733	0.42110	0.04083	0.04576	0.03019	0.16595	0.02222	0.00519	0.00960	0.01220	0.01175	0.01554
15	0.01586	0.01057	0.01189	0.01189	0.01189	0.01057	0.00661	0.01586	0.01586	0.02114	0.03436	0.07135	0.03964	0.61681	0.05550	0.01057	0.01057	0.01586	0.00661	0.00661
16	0.02022	0.01553	0.01698	0.01578	0.01986	0.01532	0.01195	0.14105	0.03039	0.03891	0.07474	0.22958	0.27626	0.02582	0.01268	0.00379	0.00739	0.02196	0.01032	0.01146
17	0.02340	0.02191	0.03315	0.02368	0.03371	0.01783	0.13832	0.02934	0.02340	0.03538	0.02006	0.02433	0.01625	0.00836	0.00929	0.00214	0.01068	0.00808	0.00622	0.51447
18	0.01579	0.01085	0.01332	0.01332	0.01381	0.01134	0.00838	0.01677	0.01628	0.02220	0.03305	0.06415	0.03651	0.48161	0.18642	0.01233	0.01528	0.01480	0.00641	0.00740
19	0.69383	0.02109	0.01603	0.01434	0.02109	0.02446	0.01181	0.03205	0.01856	0.04892	0.01518	0.01771	0.01181	0.01012	0.00675	0.00337	0.00843	0.00590	0.00675	0.01181
20	0.02495	0.27263	0.22424	0.02236	0.03415	0.02969	0.02476	0.03199	0.02257	0.03125	0.01777	0.02072	0.01447	0.00937	0.00844	0.00254	0.01231	0.00677	0.00510	0.18390
21	0.01360	0.01081	0.01221	0.01242	0.01531	0.00942	0.00910	0.01681	0.02570	0.03279	0.21121	0.18471	0.35261	0.02738	0.01305	0.00374	0.00556	0.02354	0.01060	0.00942
22	0.03253	0.02405	0.03947	0.05492	0.41715	0.02341	0.02906	0.03843	0.02644	0.16720	0.02620	0.02954	0.01973	0.01067	0.01084	0.00327	0.01202	0.01003	0.00744	0.01760
23	0.02444	0.27263	0.22679	0.16752	0.04660	0.03214	0.02915	0.03210	0.02237	0.02931	0.01777	0.02235	0.01407	0.01009	0.00916	0.00305	0.01394	0.00758	0.00469	0.01426
24	0.01543	0.01115	0.01457	0.01372	0.01629	0.01029	0.01029	0.02058	0.03086	0.04372	0.54304	0.08145	0.10288	0.02229	0.01286	0.00343	0.00514	0.01972	0.01200	0.01029
25	0.03579	0.03926	0.03174	0.16960	0.04419	0.32173	0.02332	0.13751	0.03285	0.03576	0.01944	0.02340	0.01511	0.01154	0.01033	0.00311	0.01677	0.00828	0.00653	0.01374
26	0.01352	0.01055	0.01233	0.01338	0.01574	0.00936	0.00971	0.01628	0.02383	0.03017	0.12266	0.29674	0.29976	0.02984	0.01341	0.00403	0.00607	0.05312	0.01027	0.00921
27	0.02015	0.01727	0.01969	0.01486	0.02303	0.01319	0.01175	0.02447	0.02318	0.03399	0.04239	0.04341	0.14962	0.01301	0.00929	0.00214	0.00743	0.01064	0.00739	0.51308
28	0.01413	0.01049	0.01403	0.01556	0.01710	0.01039	0.01131	0.01689	0.02090	0.02779	0.05918	0.35896	0.12638	0.04497	0.15528	0.00768	0.01227	0.05843	0.00903	0.00922
29	0.02915	0.62337	0.05714	0.01866	0.02799	0.04314	0.01866	0.03265	0.02215	0.02565	0.01516	0.01749	0.01399	0.00933	0.00700	0.00233	0.01166	0.00583	0.00466	0.01399
30	0.02724	0.02870	0.03576	0.03822	0.16085	0.11458	0.02585	0.03073	0.02094	0.02868	0.01627	0.02400	0.01502	0.01551	0.02547	0.00408	0.36045	0.00920	0.00506	0.01339
31	0.03627	0.03181	0.20063	0.02371	0.03427	0.02100	0.02419	0.04787	0.11480	0.29672	0.03556	0.03311	0.02376	0.01269	0.01079	0.00346	0.01141	0.01025	0.01016	0.01753
32	0.02822	0.02344	0.02496	0.02209	0.02823	0.02675	0.01724	0.12260	0.41949	0.04772	0.04284	0.08132	0.03400	0.01600	0.01128	0.00369	0.00896	0.01336	0.01099	0.01682
33	0.63064	0.02187	0.02059	0.01733	0.02448	0.02475	0.05885	0.03232	0.01923	0.04760	0.01583	0.01882	0.01226	0.01003	0.00733	0.00340	0.00938	0.00656	0.00663	0.01208
34	0.03248	0.02358	0.03523	0.04085	0.23718	0.02386	0.05577	0.04547	0.16952	0.16999	0.03307	0.03359	0.02422	0.01208	0.01106	0.00343	0.01116	0.01098	0.00907	0.01742
35	0.02990	0.02820	0.03299	0.02768	0.03042	0.08454	0.02280	0.15073	0.02678	0.03702	0.01755	0.02405	0.01536	0.01683	0.02704	0.00421	0.39448	0.00937	0.00640	0.01367
36	0.02221	0.02103	0.03562	0.45827	0.19479	0.02465	0.03109	0.02927	0.02257	0.02982	0.01967	0.02854	0.01523	0.01060	0.01087	0.00353	0.01414	0.00970	0.00498	0.01342
37	0.52371	0.02066	0.02024	0.15995	0.03473	0.02440	0.01648	0.03099	0.01938	0.04360	0.01624	0.02058	0.01250	0.01032	0.00780	0.00344	0.00998	0.00686	0.00627	0.01189
38	0.01579	0.01085	0.01332	0.01332	0.01381	0.01134	0.00838	0.01677	0.01628	0.02220	0.03305	0.06415	0.03651	0.48161	0.18642	0.01233	0.01528	0.01480	0.00641	0.00740
39	0.69383	0.02109	0.01603	0.01434	0.02109	0.02446	0.01181	0.03205	0.01856	0.04892	0.01518	0.01771	0.01181	0.01012	0.00675	0.00337	0.00843	0.00590	0.00675	0.01181
40	0.01586	0.01057	0.01189	0.01189	0.01189	0.01057	0.00661	0.01586	0.01586	0.02114	0.03436	0.07135	0.03964	0.61681	0.05550	0.01057	0.01057	0.01586	0.00661	0.00661
41	0.01543	0.01115	0.01457	0.01372	0.01629	0.01029	0.01029	0.02058	0.03086	0.04372	0.54304	0.08145	0.10288	0.02229	0.01286	0.00343	0.00514	0.01972	0.01200	0.01029
42	0.02295	0.09864	0.46940	0.02924	0.04387	0.02692	0.03638	0.03659	0.07081	0.03487	0.02156	0.02425	0.01567	0.01070	0.01016	0.00339	0.01505	0.00828	0.00522	0.01605
43	0.01575	0.01098	0.01397	0.01397	0.01469	0.01170	0.00920	0.01719	0.01647	0.02268	0.03246	0.06084	0.03508	0.41958	0.24649	0.01313	0.01744	0.01432	0.00632	0.00776
44	0.02870	0.04684	0.42512	0.02813	0.04230	0.02297	0.03416	0.03923	0.02509	0.16639	0.02549	0.02658	0.01714	0.01115	0.01051	0.00343	0.01439	0.00879	0.00685	0.01673
45	0.02831	0.08297	0.23584	0.02707	0.03599	0.07076	0.02803	0.03727	0.06352	0.09928	0.02270	0.02578	0.01723	0.01331	0.01663	0.00366	0.16133	0.00890	0.00640	0.01503
46	0.03046	0.02220	0.03316	0.04021	0.26670	0.02009	0.02305	0.03591	0.02554	0.15108	0.02514	0.02784	0.01907	0.01003	0.00997	0.00275	0.01058	0.00896	0.00753	0.22974
47	0.02405	0.22625	0.40957	0.02736	0.04144	0.03066	0.03381	0.03397	0.02276	0.03187	0.01825	0.02136	0.01387	0.01005	0.00935	0.00312	0.01478	0.00739	0.00462	0.01548
48	0.02504	0.46864	0.04549	0.01673	0.02464	0.03457	0.01604	0.02835	0.02284	0.02661	0.03924	0.03959	0.14801	0.01395	0.00848	0.00267	0.01011	0.01017	0.00604	0.01278
49	0.04833	0.01950	0.02589	0.01985	0.02830	0.01743	0.01640	0.08929	0.03279	0.51796	0.04169	0.03625	0.02633	0.01346	0.01096	0.00337	0.00949	0.01087	0.01329	0.01855

[dist]
# distance from previous block
# <min> <max>
0	1

[block]
# block no. 1 follows, 12 sequences, length 28
# corresponding to MSA columns:
# 509-536
name=unknown_B
#
# <colnr> <probs for GDERKNQSTAVLIFYWHMCP>
#	G	D	E	R	K	N	Q	S	T	A	V	L	I	F	Y	W	H	M	C	P
0	0.04110	0.16392	0.09636	0.02062	0.03017	0.02345	0.01952	0.04615	0.02813	0.37067	0.03374	0.03087	0.02240	0.01215	0.00997	0.00314	0.01065	0.00942	0.01038	0.01720
1	0.04892	0.01856	0.02530	0.01940	0.02783	0.01603	0.01603	0.05314	0.03121	0.55634	0.04302	0.03711	0.02699	0.01350	0.01096	0.00337	0.00928	0.01096	0.01350	0.01856
2	0.01451	0.01135	0.01331	0.01350	0.01663	0.01014	0.01057	0.01841	0.02674	0.03441	0.23370	0.10098	0.32197	0.02643	0.01327	0.00385	0.00622	0.10364	0.01069	0.00969
3	0.02762	0.37257	0.11304	0.03495	0.19010	0.03573	0.02577	0.03312	0.02308	0.02977	0.01733	0.02106	0.01498	0.00957	0.00856	0.00274	0.01259	0.00729	0.00488	0.01525
4	0.03718	0.22733	0.03895	0.02519	0.03195	0.41041	0.02033	0.04020	0.02822	0.02637	0.01633	0.01900	0.01403	0.01065	0.00896	0.00266	0.01721	0.00666	0.00533	0.01306
5	0.01625	0.01161	0.01606	0.01858	0.02051	0.01142	0.01528	0.02032	0.02380	0.03116	0.05846	0.27236	0.06562	0.03136	0.01471	0.00484	0.00890	0.33902	0.01007	0.00968
6	0.02389	0.02421	0.03303	0.20106	0.04320	0.06372	0.02566	0.02780	0.01914	0.02676	0.01602	0.02520	0.01436	0.01609	0.02655	0.00430	0.38270	0.00943	0.00485	0.01203
7	0.04073	0.05197	0.03090	0.02809	0.03371	0.57303	0.02107	0.04354	0.03090	0.02669	0.01685	0.01966	0.01404	0.01124	0.00983	0.00281	0.01966	0.00702	0.00562	0.01264
8	0.10632	0.01835	0.02185	0.01865	0.02457	0.01816	0.01466	0.12763	0.03053	0.24537	0.04200	0.20863	0.03757	0.01939	0.01140	0.00368	0.00880	0.01634	0.01123	0.01485
9	0.02306	0.04812	0.40810	0.03564	0.05020	0.02601	0.18419	0.03465	0.02385	0.03465	0.02033	0.02498	0.01465	0.01000	0.01113	0.00352	0.01681	0.00953	0.00488	0.01568
10	0.01407	0.00982	0.01242	0.01417	0.01461	0.00938	0.00904	0.01539	0.01934	0.02578	0.05220	0.44448	0.06215	0.21297	0.02668	0.00631	0.00763	0.02635	0.00904	0.00817
11	0.01880	0.01668	0.02966	0.02402	0.02798	0.01670	0.16294	0.02278	0.01938	0.02661	0.02905	0.05000	0.02887	0.27126	0.19645	0.01052	0.01851	0.01370	0.00604	0.01002
12	0.49339	0.03056	0.02059	0.01856	0.02496	0.19281	0.01465	0.03558	0.02234	0.04210	0.01570	0.01831	0.01249	0.01046	0.00769	0.00320	0.01188	0.00625	0.00640	0.01206
13	0.02059	0.01938	0.03270	0.59060	0.07510	0.02422	0.03028	0.02786	0.02180	0.02786	0.01938	0.02907	0.01453	0.01090	0.01090	0.00363	0.01453	0.00969	0.00484	0.01211
14	0.01902	0.01491	0.01767	0.01632	0.01999	0.01545	0.01243	0.03204	0.18377	0.04430	0.39000	0.06894	0.08152	0.01999	0.01232	0.00351	0.00621	0.01745	0.01172	0.01243
15	0.01312	0.01015	0.01197	0.01342	0.01535	0.00900	0.00934	0.01538	0.02257	0.02852	0.08154	0.39474	0.27322	0.03137	0.01348	0.00411	0.00598	0.02760	0.01012	0.00900
16	0.02493	0.20648	0.04329	0.27519	0.18717	0.03048	0.02756	0.03083	0.02272	0.02926	0.01839	0.02496	0.01510	0.01010	0.00967	0.00313	0.01323	0.00851	0.00494	0.01407
17	0.01631	0.01097	0.01379	0.01308	0.01565	0.01027	0.00981	0.02144	0.02943	0.04317	0.45224	0.07415	0.08947	0.02058	0.01192	0.00327	0.00513	0.01801	0.13105	0.01027
18	0.04073	0.05197	0.03090	0.02809	0.03371	0.57303	0.02107	0.04354	0.03090	0.02669	0.01685	0.01966	0.01404	0.01124	0.00983	0.00281	0.01966	0.00702	0.00562	0.01264
19	0.01560	0.01160	0.01711	0.01711	0.01891	0.01340	0.01311	0.01920	0.01740	0.02500	0.02959	0.04495	0.02818	0.12144	0.53519	0.01701	0.02782	0.01199	0.00590	0.00950
20	0.04892	0.01856	0.02530	0.01940	0.02783	0.01603	0.01603	0.05314	0.03121	0.55634	0.04302	0.03711	0.02699	0.01350	0.01096	0.00337	0.00928	0.01096	0.01350	0.01856
21	0.03071	0.02934	0.05225	0.04205	0.10837	0.02929	0.30270	0.18130	0.03346	0.04538	0.02314	0.02813	0.01724	0.01045	0.01202	0.00350	0.01578	0.01156	0.00716	0.01619
22	0.02199	0.01938	0.02571	0.19245	0.04096	0.01751	0.01825	0.02758	0.02236	0.03318	0.01938	0.02459	0.01565	0.00894	0.00894	0.00223	0.01006	0.00745	0.00596	0.47743
23	0.02554	0.02314	0.03014	0.02668	0.03024	0.08735	0.07828	0.02992	0.02374	0.06906	0.03423	0.06284	0.03397	0.02078	0.02024	0.00440	0.19220	0.18753	0.00762	0.01211
24	0.02527	0.02047	0.03181	0.04412	0.32292	0.01961	0.02366	0.03034	0.02559	0.09567	0.05079	0.05211	0.18019	0.01566	0.01146	0.00339	0.01024	0.01394	0.00781	0.01495
25	0.02165	0.01703	0.01770	0.01535	0.02058	0.01676	0.01210	0.16811	0.03296	0.04150	0.08459	0.08076	0.38299	0.02316	0.01228	0.00356	0.00751	0.01896	0.01037	0.01207
26	0.02660	0.02698	0.05042	0.06049	0.39786	0.02642	0.17946	0.03391	0.02511	0.03541	0.02098	0.02773	0.01705	0.00955	0.01143	0.00337	0.01462	0.01068	0.00543	0.01648
27	0.48629	0.01847	0.01650	0.01610	0.02155	0.02081	0.01358	0.02915	0.02056	0.04392	0.02824	0.05002	0.02744	0.01626	0.00930	0.00388	0.00893	0.14999	0.00776	0.01127

[dist]
# distance from previous block
# <min> <max>
0	3

[block]
# block no. 2 follows, 12 sequences, length 14
# corresponding to MSA columns:
# 540-553
name=unknown_C
#
# <colnr> <probs for GDERKNQSTAVLIFYWHMCP>
#	G	D	E	R	K	N	Q	S	T	A	V	L	I	F	Y	W	H	M	C	P
0	0.45630	0.02453	0.02210	0.01825	0.02572	0.02787	0.01505	0.20695	0.03047	0.05613	0.01919	0.02079	0.01426	0.01120	0.00826	0.00334	0.00973	0.00733	0.00826	0.01426
1	0.01750	0.01035	0.01525	0.01525	0.01596	0.01106	0.01078	0.01624	0.01553	0.02141	0.02376	0.03935	0.02342	0.09439	0.23684	0.39350	0.01673	0.01072	0.00527	0.00669
2	0.28050	0.02465	0.02513	0.02001	0.02796	0.02677	0.01652	0.24359	0.03525	0.16125	0.02562	0.02533	0.01782	0.01209	0.00940	0.00333	0.01014	0.00863	0.00992	0.01609
3	0.02374	0.01997	0.02605	0.02412	0.02675	0.02429	0.02033	0.08927	0.06396	0.03582	0.03622	0.06673	0.03648	0.02259	0.02208	0.00460	0.23256	0.20382	0.00824	0.01240
4	0.02200	0.02160	0.03834	0.02867	0.03704	0.01891	0.22421	0.02808	0.02358	0.03366	0.02903	0.14820	0.02801	0.01400	0.01134	0.00308	0.01211	0.01432	0.00682	0.25697
5	0.02783	0.01922	0.02314	0.01680	0.02624	0.01483	0.01354	0.03256	0.02432	0.13896	0.02407	0.02549	0.01830	0.00915	0.00865	0.00196	0.00831	0.00735	0.00786	0.55142
6	0.01731	0.01414	0.02118	0.22375	0.03770	0.01536	0.01757	0.02323	0.02756	0.03795	0.35238	0.06238	0.07072	0.01814	0.01215	0.00350	0.00856	0.01607	0.00940	0.01095
7	0.26466	0.01370	0.01487	0.01425	0.01671	0.01493	0.01032	0.02070	0.01579	0.02986	0.01757	0.02753	0.01634	0.02777	0.02956	0.43541	0.00909	0.00817	0.00547	0.00731
8	0.04620	0.02292	0.02800	0.02147	0.03001	0.02250	0.01774	0.22036	0.03851	0.37880	0.03689	0.03313	0.02391	0.01335	0.01094	0.00334	0.01027	0.01055	0.01255	0.01855
9	0.02603	0.40346	0.04824	0.22689	0.04514	0.03626	0.02289	0.03091	0.02203	0.02646	0.01670	0.02171	0.01419	0.00990	0.00842	0.00281	0.01271	0.00724	0.00473	0.01331
10	0.03524	0.02150	0.02811	0.02334	0.02823	0.02467	0.01913	0.04435	0.12997	0.25661	0.03285	0.03303	0.02369	0.01580	0.02003	0.00395	0.22307	0.01073	0.00982	0.01587
11	0.02722	0.40509	0.04849	0.02229	0.02822	0.03960	0.02055	0.03032	0.02017	0.02587	0.01485	0.01981	0.01411	0.01288	0.01748	0.00322	0.22472	0.00718	0.00470	0.01324
12	0.02612	0.19018	0.05328	0.12870	0.15197	0.03098	0.20210	0.03289	0.02395	0.03141	0.01943	0.02559	0.01567	0.00961	0.01052	0.00321	0.01482	0.00979	0.00515	0.01462
13	0.01951	0.01551	0.02239	0.02065	0.02136	0.01968	0.01621	0.02049	0.01631	0.02390	0.02096	0.03326	0.02026	0.04690	0.23200	0.19552	0.23046	0.01030	0.00515	0.00916

[dist]
# distance from previous block
# <min> <max>
0	5

[block]
# block no. 3 follows, 12 sequences, length 14
# corresponding to MSA columns:
# 559-572
name=unknown_D
#
# <colnr> <probs for GDERKNQSTAVLIFYWHMCP>
#	G	D	E	R	K	N	Q	S	T	A	V	L	I	F	Y	W	H	M	C	P
0	0.01625	0.01354	0.02001	0.01856	0.02211	0.01313	0.06694	0.02029	0.02266	0.02923	0.06402	0.08419	0.21676	0.08379	0.14361	0.00766	0.01376	0.12521	0.00835	0.00993
1	0.02257	0.05150	0.47019	0.03378	0.04897	0.02573	0.12549	0.03460	0.02351	0.03460	0.02002	0.02418	0.01431	0.01015	0.01081	0.00349	0.01653	0.00893	0.00477	0.01586
2	0.02317	0.04166	0.31370	0.11270	0.09862	0.02582	0.16117	0.03365	0.02373	0.03384	0.02028	0.02586	0.01494	0.01007	0.01113	0.00352	0.01621	0.00968	0.00495	0.01532
3	0.02143	0.01482	0.02188	0.02067	0.02411	0.01484	0.05457	0.02544	0.02417	0.10048	0.05540	0.20917	0.10542	0.02592	0.01569	0.00438	0.06204	0.17854	0.00969	0.01134
4	0.02586	0.16541	0.16110	0.02115	0.02955	0.02278	0.02174	0.03183	0.02458	0.11964	0.04089	0.09673	0.07741	0.01771	0.01105	0.00356	0.01108	0.09615	0.00805	0.01373
5	0.04892	0.01856	0.02530	0.01940	0.02783	0.01603	0.01603	0.05314	0.03121	0.55634	0.04302	0.03711	0.02699	0.01350	0.01096	0.00337	0.00928	0.01096	0.01350	0.01856
6	0.10110	0.04562	0.40290	0.02710	0.04079	0.02354	0.03273	0.03764	0.02401	0.13094	0.02334	0.02499	0.01599	0.01090	0.01007	0.00343	0.01402	0.00835	0.00646	0.01608
7	0.14991	0.03432	0.13845	0.02914	0.06654	0.12674	0.10466	0.03562	0.02586	0.07875	0.08298	0.03083	0.02583	0.01192	0.01040	0.00333	0.01373	0.01000	0.00698	0.01401
8	0.14661	0.04482	0.36036	0.02847	0.04161	0.02635	0.06888	0.09105	0.02578	0.04125	0.01975	0.02292	0.01422	0.01055	0.00996	0.00343	0.01440	0.00825	0.00581	0.01551
9	0.01553	0.01561	0.07464	0.01795	0.02098	0.01174	0.01528	0.01976	0.02333	0.03163	0.11258	0.36410	0.06707	0.02914	0.01367	0.00434	0.00817	0.13466	0.00972	0.01012
10	0.02416	0.17340	0.24880	0.02351	0.03474	0.02661	0.02592	0.06105	0.02387	0.03372	0.02008	0.02423	0.01618	0.01839	0.07631	0.00453	0.01493	0.00780	0.00550	0.13629
11	0.02615	0.03149	0.18936	0.03454	0.15210	0.02096	0.05322	0.03387	0.02475	0.09834	0.02728	0.03781	0.02260	0.01247	0.01081	0.00326	0.01250	0.06443	0.00690	0.13714
12	0.01812	0.01945	0.08384	0.02264	0.02742	0.01606	0.10485	0.02323	0.02185	0.03110	0.04268	0.24300	0.06979	0.02916	0.08251	0.00554	0.04145	0.01877	0.08738	0.01116
13	0.02531	0.10381	0.21350	0.02237	0.03117	0.02219	0.02344	0.03413	0.06853	0.10295	0.03170	0.04655	0.02791	0.12362	0.01886	0.00481	0.01223	0.06566	0.00742	0.01384

[dist]
# distance from previous block
# <min> <max>
0	4

[block]
# block no. 4 follows, 12 sequences, length 6
# corresponding to MSA columns:
# 577-582
name=unknown_E
#
# <colnr> <probs for GDERKNQSTAVLIFYWHMCP>
#	G	D	E	R	K	N	Q	S	T	A	V	L	I	F	Y	W	H	M	C	P
0	0.13098	0.03413	0.15486	0.07203	0.16756	0.10954	0.02657	0.03307	0.02493	0.03656	0.08505	0.03048	0.02576	0.01184	0.01017	0.00329	0.01316	0.00957	0.00626	0.01418
1	0.02324	0.12940	0.23777	0.14549	0.04761	0.02642	0.07604	0.03176	0.02283	0.03193	0.01905	0.02397	0.01463	0.00984	0.00983	0.00305	0.01404	0.00827	0.00504	0.11981
2	0.02478	0.12158	0.08978	0.03129	0.03976	0.02812	0.21903	0.06345	0.02543	0.03381	0.03398	0.03796	0.09882	0.01373	0.01451	0.00356	0.08801	0.01233	0.00631	0.01376
3	0.06178	0.02365	0.08266	0.16016	0.11209	0.02081	0.06478	0.03129	0.02390	0.07704	0.02753	0.04202	0.02372	0.01330	0.01098	0.00343	0.01230	0.08246	0.00685	0.11924
4	0.02331	0.02131	0.03448	0.04693	0.31676	0.02282	0.02662	0.02863	0.02269	0.03234	0.02695	0.04419	0.02562	0.02545	0.10319	0.00596	0.08908	0.08327	0.00612	0.01427
5	0.04013	0.01996	0.03059	0.02999	0.12850	0.01812	0.05325	0.04493	0.02874	0.37621	0.03868	0.08250	0.02818	0.01420	0.01131	0.00346	0.01037	0.01253	0.01111	0.01723

[dist]
# distance from previous block
# <min> <max>
6	137

# created by:
# /st0/software/busco_prod/Augustus/scripts/msa2prfl.pl ./align_prep/7539.fa
