[name]
unknown

[dist]
# distance from previous block
# <min> <max>
0	58

[block]
# block no. 0 follows, 15 sequences, length 23
# corresponding to MSA columns:
# 58-80
name=unknown_A
#
# <colnr> <probs for GDERKNQSTAVLIFYWHMCP>
#	G	D	E	R	K	N	Q	S	T	A	V	L	I	F	Y	W	H	M	C	P
0	0.02725	0.02206	0.02611	0.02319	0.06231	0.05245	0.04825	0.15550	0.15609	0.07577	0.09756	0.03897	0.03194	0.01335	0.01023	0.00303	0.00958	0.04275	0.00889	0.09472
1	0.02366	0.01758	0.02864	0.51232	0.06060	0.02075	0.02526	0.02978	0.02154	0.13156	0.02175	0.02795	0.01541	0.01041	0.00998	0.00328	0.01239	0.00908	0.00590	0.01217
2	0.07017	0.06878	0.02650	0.22013	0.03871	0.02047	0.01874	0.08598	0.02504	0.20135	0.02890	0.10296	0.02338	0.01335	0.00981	0.00320	0.01014	0.01113	0.00806	0.01321
3	0.06019	0.01784	0.02909	0.21232	0.11853	0.01859	0.08033	0.02961	0.02215	0.14266	0.02923	0.14226	0.02583	0.01404	0.01049	0.00335	0.01083	0.01288	0.00715	0.01262
4	0.02116	0.01845	0.02311	0.02048	0.09304	0.01457	0.01412	0.02578	0.02092	0.03249	0.01785	0.02116	0.01489	0.00757	0.00769	0.00166	0.00793	0.00627	0.00579	0.62505
5	0.03322	0.04082	0.02518	0.02306	0.02729	0.50351	0.01692	0.03533	0.02582	0.02350	0.01824	0.02634	0.01698	0.12336	0.01637	0.00382	0.01651	0.00785	0.00530	0.01058
6	0.01261	0.01013	0.01125	0.01097	0.01397	0.00877	0.00823	0.01591	0.02468	0.03158	0.27237	0.08829	0.40914	0.02351	0.01177	0.00328	0.00493	0.01997	0.00987	0.00877
7	0.01246	0.00890	0.01193	0.01424	0.01496	0.00837	0.00980	0.01443	0.01940	0.02580	0.05477	0.60050	0.06525	0.03094	0.01281	0.00409	0.00606	0.06788	0.00925	0.00818
8	0.01227	0.01012	0.01077	0.01061	0.01376	0.00862	0.00796	0.01525	0.02387	0.02965	0.20132	0.09146	0.48139	0.02423	0.01178	0.00332	0.00498	0.02041	0.00962	0.00862
9	0.02403	0.01992	0.02091	0.01893	0.02416	0.02289	0.01469	0.04931	0.50192	0.04114	0.03958	0.03719	0.02983	0.01329	0.00975	0.00325	0.00749	0.01103	0.09569	0.01498
10	0.72007	0.01928	0.01465	0.01311	0.01928	0.02236	0.01080	0.02930	0.01697	0.04473	0.01388	0.01619	0.01080	0.00925	0.00617	0.00308	0.00771	0.00540	0.00617	0.01080
11	0.02291	0.01943	0.02091	0.01892	0.02397	0.02207	0.01465	0.04693	0.47373	0.04140	0.13638	0.04379	0.04169	0.01474	0.01043	0.00334	0.00733	0.01247	0.01029	0.01465
12	0.02067	0.01772	0.02067	0.01477	0.02362	0.01329	0.01181	0.02510	0.02067	0.03248	0.01772	0.02067	0.01477	0.00738	0.00738	0.00148	0.00738	0.00591	0.00591	0.71059
13	0.72007	0.01928	0.01465	0.01311	0.01928	0.02236	0.01080	0.02930	0.01697	0.04473	0.01388	0.01619	0.01080	0.00925	0.00617	0.00308	0.00771	0.00540	0.00617	0.01080
14	0.02773	0.02157	0.02323	0.02028	0.02631	0.02440	0.01595	0.09578	0.47536	0.09363	0.03903	0.03575	0.02875	0.01328	0.01012	0.00332	0.00821	0.01096	0.01033	0.01599
15	0.72007	0.01928	0.01465	0.01311	0.01928	0.02236	0.01080	0.02930	0.01697	0.04473	0.01388	0.01619	0.01080	0.00925	0.00617	0.00308	0.00771	0.00540	0.00617	0.01080
16	0.02467	0.02369	0.04046	0.06119	0.58747	0.02369	0.03059	0.03059	0.02270	0.03257	0.01875	0.02467	0.01579	0.00888	0.00987	0.00296	0.01184	0.00888	0.00493	0.01579
17	0.02882	0.02341	0.02481	0.02110	0.02746	0.02667	0.01675	0.20682	0.40906	0.04819	0.03547	0.03312	0.02629	0.01305	0.01009	0.00326	0.00883	0.01057	0.01009	0.01614
18	0.02736	0.02269	0.02399	0.02081	0.02690	0.02599	0.01640	0.15108	0.46717	0.04584	0.03732	0.03460	0.02779	0.01322	0.01011	0.00331	0.00849	0.01082	0.01011	0.01601
19	0.01707	0.01363	0.01584	0.01637	0.01892	0.01460	0.01179	0.02910	0.23332	0.03178	0.04935	0.40728	0.05211	0.02434	0.01172	0.00379	0.00660	0.02170	0.00960	0.01109
20	0.03643	0.01745	0.02108	0.01672	0.02310	0.01692	0.01363	0.15573	0.03069	0.33085	0.03411	0.03252	0.02317	0.01207	0.00922	0.00287	0.00805	0.00960	0.19081	0.01498
21	0.02175	0.15498	0.43283	0.03044	0.10706	0.02610	0.03257	0.03115	0.02111	0.03026	0.01728	0.02060	0.01305	0.00923	0.00898	0.00295	0.01366	0.00719	0.00431	0.01452
22	0.02359	0.01859	0.02958	0.09371	0.03416	0.05196	0.15543	0.02837	0.02299	0.12819	0.03618	0.20781	0.03515	0.01780	0.01157	0.00358	0.01111	0.07061	0.00789	0.01173

[dist]
# distance from previous block
# <min> <max>
3	16

[block]
# block no. 1 follows, 15 sequences, length 43
# corresponding to MSA columns:
# 97-139
name=unknown_B
#
# <colnr> <probs for GDERKNQSTAVLIFYWHMCP>
#	G	D	E	R	K	N	Q	S	T	A	V	L	I	F	Y	W	H	M	C	P
0	0.02811	0.02423	0.14461	0.19349	0.04069	0.01896	0.02269	0.03638	0.06730	0.22574	0.07231	0.03264	0.02492	0.01180	0.01004	0.00320	0.01081	0.00988	0.00809	0.01411
1	0.01934	0.01727	0.06229	0.01590	0.02066	0.01540	0.01326	0.03120	0.20261	0.06640	0.05749	0.14742	0.19182	0.01908	0.01067	0.00335	0.00705	0.01617	0.07074	0.01189
2	0.52108	0.13399	0.02093	0.01343	0.01963	0.02411	0.01154	0.02877	0.01797	0.04007	0.01581	0.01834	0.01269	0.00937	0.00629	0.00283	0.00793	0.00579	0.07841	0.01100
3	0.01932	0.01093	0.01433	0.01433	0.01631	0.01049	0.01024	0.02138	0.01950	0.12731	0.04216	0.25539	0.04482	0.21109	0.08539	0.00679	0.00987	0.06260	0.00847	0.00929
4	0.02056	0.02477	0.12387	0.35001	0.14290	0.02345	0.02847	0.02869	0.05052	0.02839	0.01877	0.02553	0.01452	0.01057	0.01189	0.00333	0.06755	0.00874	0.00479	0.01268
5	0.01926	0.01821	0.02695	0.18098	0.03529	0.02416	0.02113	0.02280	0.01684	0.02434	0.01899	0.06414	0.01823	0.02519	0.11473	0.00587	0.33731	0.01027	0.00483	0.01047
6	0.01257	0.00986	0.01162	0.01196	0.01436	0.00891	0.00875	0.01547	0.02249	0.02901	0.18529	0.20539	0.31904	0.02990	0.06480	0.00458	0.00705	0.02108	0.00927	0.00860
7	0.03221	0.25970	0.08185	0.02271	0.02997	0.32766	0.01986	0.06746	0.02603	0.02701	0.01559	0.01789	0.01306	0.00970	0.00818	0.00249	0.01472	0.00627	0.00506	0.01258
8	0.01393	0.01018	0.01307	0.01235	0.01478	0.00933	0.00926	0.01846	0.02778	0.03894	0.54412	0.07617	0.13279	0.02077	0.01176	0.00315	0.00473	0.01827	0.01084	0.00933
9	0.60513	0.02074	0.01722	0.01477	0.02124	0.02380	0.01217	0.11775	0.02200	0.04778	0.01557	0.01750	0.01183	0.00971	0.00681	0.00307	0.00826	0.00600	0.00681	0.01183
10	0.03097	0.25928	0.09856	0.02539	0.07549	0.02690	0.09382	0.03617	0.02354	0.20271	0.02341	0.02426	0.01701	0.00981	0.00885	0.00277	0.01135	0.00817	0.00692	0.01461
11	0.01393	0.00896	0.01229	0.01338	0.01414	0.00850	0.00912	0.01459	0.01919	0.02603	0.14605	0.36768	0.05815	0.03007	0.01965	0.19531	0.00636	0.02102	0.00825	0.00733
12	0.02055	0.01107	0.01383	0.01249	0.01573	0.01026	0.00959	0.02509	0.02618	0.13258	0.33366	0.05698	0.06279	0.01652	0.01010	0.00289	0.00532	0.01418	0.20953	0.01065
13	0.02740	0.02153	0.03566	0.14172	0.40397	0.02180	0.02724	0.03306	0.02333	0.13364	0.02233	0.02666	0.01702	0.00968	0.00991	0.00304	0.01146	0.00909	0.00620	0.01527
14	0.02682	0.06949	0.25129	0.15468	0.04222	0.02287	0.02669	0.07605	0.05209	0.14704	0.02360	0.02561	0.01647	0.01051	0.00958	0.00312	0.01226	0.00844	0.00667	0.01450
15	0.02263	0.03496	0.25461	0.04409	0.24953	0.02386	0.16260	0.03129	0.02228	0.03204	0.01878	0.02386	0.01444	0.00898	0.01019	0.00313	0.01417	0.00903	0.00469	0.01481
16	0.22604	0.16818	0.14989	0.02221	0.03127	0.05923	0.08658	0.05955	0.02219	0.06596	0.01751	0.01998	0.01336	0.00940	0.00817	0.00289	0.01172	0.00709	0.00569	0.01308
17	0.01348	0.00943	0.01213	0.01378	0.01448	0.00911	0.00948	0.01520	0.01843	0.02444	0.04786	0.38859	0.05601	0.20733	0.02376	0.00574	0.00746	0.10729	0.00832	0.00769
18	0.01996	0.01850	0.02563	0.02264	0.02308	0.02498	0.01852	0.02247	0.01615	0.02518	0.01957	0.07481	0.01966	0.02399	0.08882	0.00537	0.46309	0.01055	0.06670	0.01033
19	0.15628	0.02967	0.12180	0.02185	0.02939	0.05389	0.02018	0.26475	0.03162	0.04714	0.02000	0.02221	0.01495	0.01153	0.01136	0.00313	0.07546	0.00792	0.04269	0.01419
20	0.40733	0.02111	0.06401	0.01613	0.02284	0.02030	0.01415	0.07773	0.02226	0.14324	0.02398	0.08561	0.01974	0.01235	0.00815	0.00318	0.00850	0.00910	0.00779	0.01250
21	0.01599	0.00930	0.01296	0.01296	0.01329	0.00962	0.00864	0.01427	0.01395	0.01892	0.02286	0.04143	0.02385	0.20944	0.14606	0.39301	0.01221	0.01062	0.00498	0.00563
22	0.02603	0.44298	0.04140	0.01759	0.02446	0.12330	0.01601	0.02940	0.02296	0.02661	0.11748	0.02694	0.02758	0.01096	0.00778	0.00238	0.01072	0.00781	0.00562	0.01198
23	0.02478	0.18342	0.35098	0.02594	0.03795	0.02610	0.08175	0.03321	0.02199	0.09575	0.01971	0.02199	0.01433	0.00948	0.00906	0.00293	0.01328	0.00766	0.00526	0.01442
24	0.02375	0.17774	0.32629	0.12217	0.04162	0.02579	0.02872	0.03188	0.02143	0.08460	0.01909	0.02210	0.01397	0.00963	0.00892	0.00295	0.01297	0.00742	0.00506	0.01392
25	0.01696	0.01093	0.01381	0.01395	0.01497	0.01112	0.00960	0.01835	0.01779	0.06987	0.03946	0.22205	0.04404	0.32773	0.03224	0.00676	0.04689	0.06773	0.00764	0.00812
26	0.02639	0.36506	0.19218	0.02271	0.03257	0.09312	0.05415	0.05801	0.02283	0.02818	0.01596	0.01857	0.01310	0.00912	0.00797	0.00256	0.01287	0.00654	0.00468	0.01342
27	0.02438	0.01595	0.01693	0.01508	0.01949	0.01730	0.01177	0.09037	0.21627	0.07586	0.03487	0.03560	0.02631	0.01237	0.00858	0.00281	0.00668	0.01000	0.34653	0.01283
28	0.01785	0.01560	0.02077	0.01889	0.01896	0.01989	0.01432	0.01916	0.01546	0.02243	0.02522	0.11624	0.02842	0.25630	0.03696	0.00631	0.31953	0.01336	0.00561	0.00873
29	0.01733	0.08521	0.12389	0.01619	0.02175	0.04795	0.01540	0.02264	0.02517	0.03367	0.30806	0.05938	0.15047	0.01747	0.01065	0.00305	0.00792	0.01468	0.00845	0.01067
30	0.01195	0.00945	0.01077	0.01183	0.01392	0.00827	0.00834	0.01411	0.02106	0.02625	0.07996	0.34587	0.34707	0.02798	0.01221	0.00368	0.00538	0.02437	0.00926	0.00827
31	0.02588	0.59236	0.05002	0.07744	0.02986	0.03773	0.01811	0.02942	0.02022	0.02365	0.01424	0.01704	0.01284	0.00867	0.00675	0.00225	0.01092	0.00568	0.00428	0.01262
32	0.02035	0.08342	0.56922	0.02781	0.04222	0.02401	0.03579	0.03148	0.02101	0.03114	0.01768	0.02078	0.01264	0.00942	0.00931	0.00310	0.01452	0.00726	0.00421	0.01463
33	0.02613	0.60784	0.09544	0.01796	0.02698	0.03816	0.01862	0.02999	0.02032	0.02410	0.01418	0.01639	0.01278	0.00860	0.00664	0.00221	0.01098	0.00549	0.00426	0.01295
34	0.02832	0.02246	0.03731	0.05329	0.48524	0.02204	0.02769	0.03387	0.02376	0.13475	0.02249	0.02636	0.01741	0.00951	0.00990	0.00298	0.01123	0.00909	0.00628	0.01600
35	0.01351	0.00991	0.01267	0.01253	0.01467	0.00907	0.00919	0.01745	0.02599	0.03598	0.43632	0.18013	0.13978	0.02286	0.01194	0.00333	0.00494	0.02022	0.01048	0.00907
36	0.01541	0.00906	0.01055	0.01156	0.01309	0.00876	0.00814	0.01874	0.02048	0.03200	0.07320	0.31450	0.04770	0.02101	0.00985	0.00315	0.00517	0.01843	0.35045	0.00876
37	0.02665	0.65565	0.05224	0.01706	0.02559	0.03945	0.01706	0.02985	0.02026	0.02345	0.01386	0.01599	0.01279	0.00853	0.00640	0.00213	0.01066	0.00533	0.00426	0.01279
38	0.03231	0.02047	0.06037	0.13125	0.03455	0.02084	0.02028	0.03668	0.02291	0.30227	0.02698	0.02853	0.01874	0.01313	0.01616	0.00348	0.17939	0.00930	0.00825	0.01411
39	0.01376	0.00983	0.01342	0.01573	0.01701	0.00949	0.01206	0.01667	0.02068	0.02726	0.05405	0.42440	0.06241	0.02971	0.01315	0.00427	0.00718	0.23115	0.00922	0.00854
40	0.01999	0.05157	0.59800	0.02841	0.04315	0.02315	0.03683	0.03157	0.02105	0.03157	0.01789	0.02105	0.01263	0.00947	0.00947	0.00316	0.01473	0.00737	0.00421	0.01473
41	0.02390	0.39582	0.22384	0.02046	0.03101	0.03151	0.02285	0.02991	0.02055	0.02699	0.01555	0.01810	0.01295	0.00871	0.00748	0.00239	0.01163	0.00604	0.00442	0.08590
42	0.01920	0.01574	0.02512	0.02563	0.10625	0.01548	0.08450	0.02336	0.02230	0.06528	0.12197	0.21605	0.06649	0.01930	0.01318	0.00348	0.05851	0.04043	0.00795	0.04978

[dist]
# distance from previous block
# <min> <max>
1	6

[block]
# block no. 2 follows, 15 sequences, length 27
# corresponding to MSA columns:
# 146-172
name=unknown_C
#
# <colnr> <probs for GDERKNQSTAVLIFYWHMCP>
#	G	D	E	R	K	N	Q	S	T	A	V	L	I	F	Y	W	H	M	C	P
0	0.13490	0.05813	0.06378	0.16321	0.03676	0.02385	0.02001	0.10877	0.05712	0.14945	0.02312	0.02535	0.01665	0.01136	0.01113	0.00321	0.06374	0.00842	0.00739	0.01366
1	0.14849	0.08824	0.20957	0.16885	0.04058	0.02288	0.02446	0.03234	0.02122	0.12490	0.02031	0.02320	0.01448	0.00994	0.00881	0.00308	0.01172	0.00763	0.00596	0.01333
2	0.59601	0.02500	0.11803	0.01582	0.02351	0.02250	0.01541	0.02971	0.01769	0.04240	0.01459	0.01705	0.01112	0.00929	0.00675	0.00310	0.00896	0.00575	0.00582	0.01149
3	0.56063	0.01873	0.01665	0.01420	0.02074	0.02054	0.01171	0.03386	0.01970	0.17449	0.01989	0.02038	0.01407	0.00998	0.00708	0.00308	0.00789	0.00649	0.00763	0.01225
4	0.02197	0.01978	0.01576	0.01533	0.01849	0.16663	0.01183	0.02587	0.02410	0.03211	0.09783	0.05267	0.08647	0.01581	0.00946	0.00290	0.00884	0.08481	0.27953	0.00980
5	0.01316	0.01000	0.01211	0.01190	0.01439	0.00895	0.00881	0.01686	0.02552	0.03431	0.37408	0.14040	0.24707	0.02306	0.01187	0.00330	0.00493	0.02006	0.01025	0.00895
6	0.01668	0.01060	0.01399	0.01322	0.01582	0.00971	0.00987	0.02088	0.02692	0.08963	0.45495	0.15326	0.08350	0.02121	0.01174	0.00326	0.00521	0.01878	0.01085	0.00992
7	0.02665	0.65565	0.05224	0.01706	0.02559	0.03945	0.01706	0.02985	0.02026	0.02345	0.01386	0.01599	0.01279	0.00853	0.00640	0.00213	0.01066	0.00533	0.00426	0.01279
8	0.01634	0.01376	0.02004	0.01883	0.02012	0.01746	0.01505	0.01952	0.01581	0.02338	0.02293	0.03436	0.02165	0.05890	0.45030	0.01279	0.19410	0.01014	0.00507	0.00946
9	0.02181	0.02181	0.03053	0.02617	0.02617	0.03053	0.02181	0.02399	0.01527	0.02399	0.01309	0.02181	0.01309	0.01745	0.03272	0.00436	0.63141	0.00872	0.00436	0.01091
10	0.40217	0.02331	0.02177	0.01769	0.02470	0.02635	0.01459	0.27392	0.03090	0.05316	0.01857	0.01980	0.01367	0.01052	0.00794	0.00304	0.00923	0.00707	0.00794	0.01367
11	0.02139	0.01200	0.01229	0.01127	0.01442	0.01243	0.00871	0.10033	0.02468	0.04089	0.03127	0.03524	0.02430	0.01167	0.00740	0.00242	0.00556	0.00925	0.60407	0.01040
12	0.02451	0.46088	0.22820	0.02072	0.03125	0.03419	0.02343	0.03041	0.02051	0.02607	0.01516	0.01762	0.01274	0.00883	0.00739	0.00246	0.01197	0.00599	0.00425	0.01342
13	0.01383	0.00946	0.01144	0.01234	0.01268	0.00927	0.00774	0.01469	0.01654	0.02201	0.04049	0.25737	0.04732	0.40715	0.03591	0.00750	0.00836	0.05169	0.00729	0.00692
14	0.01450	0.00966	0.01087	0.01087	0.01087	0.00966	0.00604	0.01450	0.01450	0.01933	0.03141	0.06524	0.03624	0.64965	0.05074	0.00966	0.00966	0.01450	0.00604	0.00604
15	0.02067	0.01772	0.02067	0.01477	0.02362	0.01329	0.01181	0.02510	0.02067	0.03248	0.01772	0.02067	0.01477	0.00738	0.00738	0.00148	0.00738	0.00591	0.00591	0.71059
16	0.01999	0.05157	0.59800	0.02841	0.04315	0.02315	0.03683	0.03157	0.02105	0.03157	0.01789	0.02105	0.01263	0.00947	0.00947	0.00316	0.01473	0.00737	0.00421	0.01473
17	0.01883	0.01772	0.02990	0.62569	0.06866	0.02215	0.02769	0.02547	0.01993	0.02547	0.01772	0.02658	0.01329	0.00997	0.00997	0.00332	0.01329	0.00886	0.00443	0.01107
18	0.01691	0.00880	0.01268	0.01268	0.01268	0.00880	0.00828	0.01321	0.01321	0.01761	0.01936	0.03538	0.02006	0.12394	0.04067	0.60827	0.00880	0.00951	0.00458	0.00458
19	0.01447	0.00976	0.01135	0.01135	0.01152	0.00993	0.00664	0.01481	0.01464	0.01969	0.03097	0.06280	0.03519	0.59597	0.10297	0.01026	0.01126	0.01414	0.00598	0.00631
20	0.02829	0.56450	0.04900	0.01791	0.02636	0.03821	0.01733	0.10599	0.02412	0.02917	0.01532	0.01714	0.01340	0.00903	0.00692	0.00226	0.01071	0.00586	0.00509	0.01340
21	0.01355	0.01058	0.01432	0.01567	0.01616	0.01136	0.01108	0.01535	0.01853	0.02524	0.04887	0.55292	0.05826	0.02923	0.01563	0.00409	0.09663	0.02549	0.00854	0.00850
22	0.01411	0.01019	0.01333	0.01254	0.01489	0.00941	0.00941	0.01881	0.02822	0.03998	0.58221	0.07447	0.09406	0.02038	0.01176	0.00314	0.00470	0.01803	0.01097	0.00941
23	0.01597	0.01156	0.01357	0.01267	0.01599	0.01076	0.00963	0.02200	0.07581	0.06651	0.33160	0.07641	0.25794	0.02103	0.01152	0.00324	0.00533	0.01803	0.01037	0.01006
24	0.01714	0.01069	0.01380	0.01269	0.01550	0.00985	0.00963	0.02177	0.02758	0.08724	0.48538	0.06758	0.08185	0.01889	0.01117	0.00306	0.00502	0.01654	0.07459	0.01004
25	0.01215	0.00868	0.01157	0.01388	0.01446	0.00810	0.00925	0.01388	0.01909	0.02545	0.05495	0.64315	0.06593	0.03123	0.01272	0.00405	0.00578	0.02834	0.00925	0.00810
26	0.02413	0.02430	0.04168	0.03175	0.03973	0.02501	0.29830	0.04187	0.28142	0.03655	0.02981	0.03176	0.02236	0.01082	0.01100	0.00337	0.01259	0.01153	0.00745	0.01455

[dist]
# distance from previous block
# <min> <max>
1	4

[block]
# block no. 3 follows, 15 sequences, length 12
# corresponding to MSA columns:
# 177-188
name=unknown_D
#
# <colnr> <probs for GDERKNQSTAVLIFYWHMCP>
#	G	D	E	R	K	N	Q	S	T	A	V	L	I	F	Y	W	H	M	C	P
0	0.02916	0.42817	0.04357	0.02030	0.02710	0.19746	0.01811	0.03209	0.02203	0.02377	0.01422	0.01708	0.01283	0.00983	0.00953	0.00246	0.06958	0.00595	0.00452	0.01228
1	0.03399	0.04070	0.02676	0.02427	0.02954	0.45703	0.01835	0.04324	0.16947	0.02891	0.02198	0.02299	0.01743	0.01112	0.00929	0.00278	0.01535	0.00769	0.00644	0.01266
2	0.03191	0.02303	0.02649	0.02418	0.07435	0.02517	0.01787	0.21094	0.27683	0.12908	0.03324	0.03142	0.02405	0.01246	0.01005	0.00318	0.00929	0.01015	0.00998	0.01633
3	0.01746	0.02202	0.13894	0.01902	0.02533	0.01599	0.05896	0.02752	0.11942	0.03522	0.22749	0.05754	0.16039	0.01698	0.01101	0.00325	0.00837	0.01476	0.00860	0.01174
4	0.01215	0.00868	0.01157	0.01388	0.01446	0.00810	0.00925	0.01388	0.01909	0.02545	0.05495	0.64315	0.06593	0.03123	0.01272	0.00405	0.00578	0.02834	0.00925	0.00810
5	0.01499	0.01004	0.01446	0.01446	0.01553	0.01111	0.01050	0.01613	0.01506	0.02116	0.02532	0.04149	0.02506	0.16200	0.38425	0.17531	0.01967	0.01085	0.00522	0.00736
6	0.02331	0.35234	0.32627	0.02276	0.03440	0.03126	0.02699	0.03071	0.02065	0.02753	0.01588	0.01853	0.01271	0.00900	0.00794	0.00265	0.01271	0.00635	0.00424	0.01377
7	0.01883	0.01772	0.02990	0.62569	0.06866	0.02215	0.02769	0.02547	0.01993	0.02547	0.01772	0.02658	0.01329	0.00997	0.00997	0.00332	0.01329	0.00886	0.00443	0.01107
8	0.01215	0.00868	0.01157	0.01388	0.01446	0.00810	0.00925	0.01388	0.01909	0.02545	0.05495	0.64315	0.06593	0.03123	0.01272	0.00405	0.00578	0.02834	0.00925	0.00810
9	0.02500	0.03776	0.32408	0.03147	0.04352	0.02256	0.21078	0.03430	0.02305	0.11789	0.02196	0.02503	0.01533	0.00954	0.01035	0.00322	0.01449	0.00929	0.00574	0.01463
10	0.02996	0.02313	0.07488	0.09531	0.32988	0.02074	0.02591	0.03572	0.02412	0.20392	0.02490	0.02741	0.01806	0.01008	0.00990	0.00304	0.01115	0.00912	0.00710	0.01566
11	0.01883	0.01772	0.02990	0.62569	0.06866	0.02215	0.02769	0.02547	0.01993	0.02547	0.01772	0.02658	0.01329	0.00997	0.00997	0.00332	0.01329	0.00886	0.00443	0.01107

[dist]
# distance from previous block
# <min> <max>
0	2

[block]
# block no. 4 follows, 15 sequences, length 30
# corresponding to MSA columns:
# 191-220
name=unknown_E
#
# <colnr> <probs for GDERKNQSTAVLIFYWHMCP>
#	G	D	E	R	K	N	Q	S	T	A	V	L	I	F	Y	W	H	M	C	P
0	0.58327	0.02153	0.05485	0.01770	0.06017	0.02201	0.01409	0.03079	0.01837	0.07859	0.01612	0.01824	0.01216	0.00944	0.00689	0.00308	0.00850	0.00606	0.00636	0.01179
1	0.01424	0.01068	0.01602	0.01602	0.01780	0.01246	0.01246	0.01780	0.01602	0.02314	0.02670	0.03916	0.02492	0.07477	0.61015	0.01602	0.02670	0.01068	0.00534	0.00890
2	0.12717	0.02356	0.02497	0.01973	0.02719	0.02526	0.01609	0.29707	0.11937	0.09572	0.02560	0.02533	0.01855	0.01129	0.00916	0.00288	0.00939	0.00854	0.00915	0.10398
3	0.02595	0.07493	0.15832	0.06476	0.09420	0.02242	0.15081	0.03430	0.05851	0.13172	0.02606	0.06874	0.02056	0.01138	0.01023	0.00318	0.01238	0.01068	0.00668	0.01419
4	0.02841	0.02870	0.09327	0.04367	0.31126	0.09845	0.05921	0.03409	0.02365	0.11056	0.02087	0.02471	0.01614	0.01014	0.01134	0.00306	0.05299	0.00874	0.00591	0.01484
5	0.02467	0.02369	0.04046	0.06119	0.58747	0.02369	0.03059	0.03059	0.02270	0.03257	0.01875	0.02467	0.01579	0.00888	0.00987	0.00296	0.01184	0.00888	0.00493	0.01579
6	0.01221	0.01012	0.01069	0.01055	0.01373	0.00860	0.00791	0.01514	0.02374	0.02934	0.18986	0.09197	0.49305	0.02435	0.01178	0.00332	0.00499	0.02048	0.00957	0.00860
7	0.02482	0.02346	0.03959	0.21649	0.04977	0.02522	0.21856	0.12631	0.10323	0.03683	0.02295	0.02771	0.01703	0.01024	0.01066	0.00329	0.01342	0.01030	0.00645	0.01367
8	0.07342	0.07886	0.42424	0.03062	0.08479	0.02427	0.08525	0.03126	0.02108	0.03221	0.01766	0.02128	0.01301	0.00925	0.00931	0.00310	0.01395	0.00767	0.00450	0.01428
9	0.03724	0.04751	0.02825	0.02568	0.03082	0.60963	0.01926	0.03981	0.02825	0.02440	0.01541	0.01798	0.01284	0.01027	0.00899	0.00257	0.01798	0.00642	0.00514	0.01156
10	0.01411	0.01019	0.01333	0.01254	0.01489	0.00941	0.00941	0.01881	0.02822	0.03998	0.58221	0.07447	0.09406	0.02038	0.01176	0.00314	0.00470	0.01803	0.01097	0.00941
11	0.02112	0.04374	0.42701	0.03273	0.04599	0.02380	0.19998	0.03169	0.02183	0.03169	0.01861	0.02290	0.01342	0.00913	0.01020	0.00322	0.01539	0.00876	0.00447	0.01432
12	0.01858	0.00929	0.00929	0.00929	0.01161	0.00929	0.00697	0.02323	0.02091	0.03717	0.03252	0.03717	0.02555	0.01161	0.00697	0.00232	0.00465	0.00929	0.70499	0.00929
13	0.02089	0.13264	0.52475	0.02689	0.04079	0.02534	0.03418	0.03134	0.02094	0.03048	0.01735	0.02037	0.01265	0.00934	0.00906	0.00302	0.01419	0.00709	0.00422	0.01447
14	0.01178	0.01010	0.01010	0.01010	0.01347	0.00842	0.00757	0.01431	0.02272	0.02693	0.10099	0.09594	0.58342	0.02525	0.01178	0.00337	0.00505	0.02104	0.00926	0.00842
15	0.01545	0.01077	0.01404	0.01544	0.01684	0.01077	0.01216	0.01825	0.01965	0.02574	0.04445	0.09404	0.04913	0.27013	0.02819	0.00657	0.00937	0.32310	0.00796	0.00796
16	0.09094	0.01980	0.03256	0.02685	0.03096	0.02235	0.17153	0.02542	0.01985	0.02983	0.02704	0.08230	0.02702	0.01721	0.01834	0.00398	0.20738	0.12943	0.00616	0.01105
17	0.01824	0.01569	0.07363	0.01493	0.01920	0.01236	0.01292	0.02532	0.06749	0.08340	0.40574	0.06063	0.07110	0.01756	0.01096	0.00310	0.00625	0.01524	0.05523	0.01102
18	0.01352	0.00986	0.01161	0.01159	0.01403	0.00889	0.00853	0.01710	0.02441	0.03339	0.29548	0.15554	0.24507	0.02259	0.01141	0.00325	0.00496	0.01955	0.08031	0.00889
19	0.01818	0.01106	0.01474	0.01408	0.01692	0.01019	0.01087	0.02239	0.02651	0.11103	0.38244	0.14400	0.07702	0.02149	0.01188	0.00341	0.00587	0.07695	0.01073	0.01023
20	0.01999	0.05157	0.59800	0.02841	0.04315	0.02315	0.03683	0.03157	0.02105	0.03157	0.01789	0.02105	0.01263	0.00947	0.00947	0.00316	0.01473	0.00737	0.00421	0.01473
21	0.01999	0.05157	0.59800	0.02841	0.04315	0.02315	0.03683	0.03157	0.02105	0.03157	0.01789	0.02105	0.01263	0.00947	0.00947	0.00316	0.01473	0.00737	0.00421	0.01473
22	0.04473	0.01697	0.02313	0.01774	0.02545	0.01465	0.01465	0.04858	0.02853	0.59437	0.03933	0.03393	0.02468	0.01234	0.01003	0.00308	0.00848	0.01003	0.01234	0.01697
23	0.02489	0.02009	0.02940	0.23259	0.17210	0.02213	0.02331	0.12061	0.06146	0.07035	0.02653	0.07426	0.02260	0.01296	0.01038	0.00330	0.01114	0.04136	0.00699	0.01356
24	0.02257	0.28507	0.38704	0.02402	0.03636	0.02945	0.02919	0.03091	0.02074	0.02843	0.01633	0.01909	0.01269	0.00911	0.00828	0.00276	0.01316	0.00658	0.00423	0.01398
25	0.03904	0.02609	0.02878	0.02207	0.03000	0.02819	0.01823	0.46950	0.04380	0.15189	0.02651	0.02561	0.01825	0.01203	0.00998	0.00301	0.01055	0.00915	0.01037	0.01696
26	0.01424	0.01068	0.01602	0.01602	0.01780	0.01246	0.01246	0.01780	0.01602	0.02314	0.02670	0.03916	0.02492	0.07477	0.61015	0.01602	0.02670	0.01068	0.00534	0.00890
27	0.02206	0.02542	0.14788	0.36085	0.08337	0.02211	0.02751	0.03165	0.07654	0.07425	0.02185	0.02698	0.01593	0.01035	0.00988	0.00326	0.01258	0.00889	0.00562	0.01304
28	0.09272	0.03766	0.32785	0.02614	0.03768	0.02278	0.09508	0.06462	0.05966	0.03569	0.01967	0.02254	0.01449	0.00950	0.00927	0.00298	0.01274	0.00793	0.00547	0.09553
29	0.02264	0.23422	0.30545	0.02230	0.03292	0.02701	0.02560	0.06837	0.02369	0.03248	0.09281	0.02684	0.02393	0.01083	0.00885	0.00282	0.01183	0.00828	0.00557	0.01357

[dist]
# distance from previous block
# <min> <max>
2	5

[block]
# block no. 5 follows, 15 sequences, length 19
# corresponding to MSA columns:
# 226-244
name=unknown_F
#
# <colnr> <probs for GDERKNQSTAVLIFYWHMCP>
#	G	D	E	R	K	N	Q	S	T	A	V	L	I	F	Y	W	H	M	C	P
0	0.01515	0.01119	0.01600	0.16537	0.02780	0.01199	0.01384	0.01877	0.01984	0.02773	0.04170	0.35432	0.04539	0.02235	0.01111	0.00360	0.00765	0.04918	0.12791	0.00911
1	0.03304	0.02217	0.02904	0.02177	0.03004	0.02143	0.08016	0.20719	0.05834	0.18686	0.02671	0.02670	0.01883	0.01058	0.00957	0.00271	0.01001	0.00894	0.00899	0.18693
2	0.03773	0.03279	0.02950	0.02362	0.03089	0.17471	0.01903	0.42640	0.04224	0.05328	0.02182	0.02245	0.01593	0.01155	0.00973	0.00289	0.01271	0.00834	0.00877	0.01561
3	0.03278	0.18216	0.14186	0.02259	0.03110	0.19970	0.02132	0.09941	0.02731	0.12205	0.02041	0.02139	0.01519	0.01025	0.00876	0.00271	0.01328	0.00724	0.00650	0.01397
4	0.02823	0.02713	0.02421	0.02156	0.02726	0.14289	0.01670	0.08592	0.42347	0.03972	0.03433	0.03239	0.02594	0.01276	0.00990	0.00319	0.01014	0.01013	0.00912	0.01501
5	0.02100	0.01833	0.06816	0.01637	0.02204	0.01540	0.01397	0.06847	0.11485	0.08360	0.16460	0.09752	0.13741	0.01710	0.01056	0.00307	0.00736	0.01448	0.00925	0.09645
6	0.02297	0.31522	0.31721	0.02246	0.03405	0.02964	0.02637	0.03036	0.02067	0.02806	0.01610	0.01879	0.01285	0.00891	0.00797	0.00259	0.01242	0.00637	0.00435	0.06263
7	0.02583	0.35405	0.21570	0.02313	0.03363	0.03096	0.07809	0.03216	0.02153	0.07478	0.01787	0.02016	0.01398	0.00912	0.00819	0.00265	0.01235	0.00701	0.00501	0.01380
8	0.01492	0.01065	0.01475	0.01705	0.01884	0.01049	0.01407	0.01867	0.02182	0.02855	0.05342	0.26784	0.05988	0.02862	0.01346	0.00443	0.00819	0.37630	0.00920	0.00886
9	0.01999	0.05157	0.59800	0.02841	0.04315	0.02315	0.03683	0.03157	0.02105	0.03157	0.01789	0.02105	0.01263	0.00947	0.00947	0.00316	0.01473	0.00737	0.00421	0.01473
10	0.02895	0.02925	0.14748	0.19745	0.04472	0.06798	0.06215	0.12353	0.02730	0.14018	0.02287	0.02572	0.01601	0.01057	0.00993	0.00313	0.01290	0.00881	0.00692	0.01415
11	0.03415	0.04103	0.02683	0.02434	0.02960	0.46431	0.01840	0.04308	0.16273	0.02870	0.02166	0.02275	0.01721	0.01108	0.00928	0.00277	0.01547	0.00763	0.00638	0.01261
12	0.01497	0.01720	0.11391	0.01538	0.01973	0.01167	0.01412	0.02063	0.02629	0.03742	0.44475	0.10867	0.07789	0.01933	0.01144	0.00321	0.00651	0.01698	0.00968	0.01022
13	0.06946	0.07576	0.22302	0.02988	0.12108	0.02267	0.06567	0.06017	0.02434	0.17811	0.02348	0.02487	0.01652	0.01007	0.00947	0.00304	0.01196	0.00844	0.00687	0.01511
14	0.02354	0.02512	0.12312	0.15886	0.04176	0.02167	0.12493	0.08524	0.08137	0.07191	0.02612	0.06640	0.02157	0.06741	0.01398	0.00385	0.01231	0.01116	0.00665	0.01302
15	0.01280	0.01036	0.01145	0.01182	0.01452	0.00931	0.00861	0.01673	0.05149	0.02870	0.13631	0.22414	0.37710	0.02558	0.01192	0.00351	0.00534	0.02199	0.00948	0.00883
16	0.02685	0.01595	0.02073	0.02055	0.07938	0.01575	0.01435	0.03650	0.14435	0.20273	0.20827	0.04669	0.04696	0.01472	0.01037	0.00310	0.00724	0.01265	0.05920	0.01366
17	0.10068	0.07729	0.18360	0.07229	0.03872	0.02250	0.14065	0.03519	0.02295	0.17688	0.02318	0.02520	0.01616	0.00992	0.00958	0.00311	0.01243	0.00878	0.00671	0.01418
18	0.01706	0.01258	0.06370	0.01397	0.01526	0.01010	0.01067	0.01487	0.01395	0.01891	0.01979	0.03551	0.02017	0.13838	0.03842	0.52761	0.00936	0.00955	0.00461	0.00553

[dist]
# distance from previous block
# <min> <max>
0	22

# created by:
# /st0/software/busco_prod/Augustus/scripts/msa2prfl.pl ./align_prep/7545.fa
