[name]
unknown

[dist]
# distance from previous block
# <min> <max>
5	533

[block]
# block no. 0 follows, 13 sequences, length 7
# corresponding to MSA columns:
# 679-685
name=unknown_A
#
# <colnr> <probs for GDERKNQSTAVLIFYWHMCP>
#	G	D	E	R	K	N	Q	S	T	A	V	L	I	F	Y	W	H	M	C	P
0	0.13036	0.01735	0.02193	0.01741	0.02461	0.01588	0.01424	0.04454	0.02858	0.42895	0.10774	0.03929	0.03416	0.01380	0.01034	0.00328	0.00835	0.01113	0.01202	0.01604
1	0.01604	0.01603	0.08713	0.01509	0.01741	0.01209	0.01202	0.01786	0.01696	0.02327	0.03310	0.13216	0.03666	0.36973	0.08635	0.06634	0.01184	0.01549	0.00639	0.00803
2	0.16170	0.07154	0.11502	0.07467	0.07724	0.02336	0.05832	0.06127	0.02479	0.13587	0.02622	0.03433	0.02079	0.01242	0.00995	0.00339	0.01161	0.05573	0.00746	0.01431
3	0.01694	0.01308	0.02008	0.09653	0.02644	0.01395	0.05008	0.01982	0.01869	0.02509	0.03325	0.09446	0.03481	0.21466	0.14809	0.05986	0.01471	0.08413	0.00651	0.00883
4	0.03401	0.02042	0.02544	0.02313	0.06471	0.02065	0.01738	0.20441	0.03509	0.20266	0.09541	0.09151	0.03788	0.01683	0.01143	0.00347	0.00955	0.05967	0.01091	0.01543
5	0.02630	0.07911	0.03034	0.02672	0.09884	0.02160	0.05797	0.07019	0.09460	0.10927	0.06968	0.08532	0.03212	0.02653	0.11710	0.00584	0.01356	0.01260	0.00832	0.01397
6	0.10987	0.12636	0.06747	0.01873	0.02650	0.02404	0.01684	0.10526	0.07141	0.19728	0.02940	0.02897	0.02098	0.01176	0.00905	0.00301	0.00954	0.00889	0.09950	0.01514

[dist]
# distance from previous block
# <min> <max>
1	11

[block]
# block no. 1 follows, 13 sequences, length 7
# corresponding to MSA columns:
# 697-703
name=unknown_B
#
# <colnr> <probs for GDERKNQSTAVLIFYWHMCP>
#	G	D	E	R	K	N	Q	S	T	A	V	L	I	F	Y	W	H	M	C	P
0	0.32598	0.07234	0.08288	0.02549	0.06591	0.14843	0.07512	0.03419	0.02245	0.03749	0.01658	0.01994	0.01312	0.00990	0.00848	0.00312	0.01286	0.00716	0.00575	0.01284
1	0.01423	0.01036	0.01305	0.01318	0.01510	0.00956	0.00937	0.01773	0.02555	0.03505	0.33678	0.20985	0.13779	0.08418	0.01675	0.00426	0.00582	0.02172	0.01049	0.00918
2	0.03729	0.02357	0.03154	0.02354	0.03237	0.02276	0.08342	0.21038	0.03482	0.22614	0.02916	0.02874	0.02006	0.01144	0.01034	0.00296	0.01086	0.00969	0.00995	0.14094
3	0.02217	0.01160	0.01526	0.01509	0.01795	0.01057	0.01100	0.02524	0.02408	0.16198	0.11496	0.35690	0.05910	0.02488	0.01211	0.00375	0.00657	0.02209	0.07355	0.01117
4	0.02062	0.01445	0.01578	0.01474	0.01840	0.01543	0.01126	0.03398	0.20010	0.04186	0.18175	0.05036	0.04893	0.01557	0.00993	0.00308	0.00610	0.01312	0.27232	0.01221
5	0.21635	0.01863	0.02222	0.01755	0.02530	0.01765	0.01449	0.04626	0.02710	0.43522	0.03476	0.03114	0.02238	0.01224	0.00958	0.00327	0.00879	0.00937	0.01140	0.01631
6	0.01538	0.01025	0.01153	0.01153	0.01153	0.01025	0.00641	0.01538	0.01538	0.02050	0.03331	0.06919	0.03844	0.62842	0.05382	0.01025	0.01025	0.01538	0.00641	0.00641

[dist]
# distance from previous block
# <min> <max>
0	1

[block]
# block no. 2 follows, 13 sequences, length 28
# corresponding to MSA columns:
# 705-732
name=unknown_C
#
# <colnr> <probs for GDERKNQSTAVLIFYWHMCP>
#	G	D	E	R	K	N	Q	S	T	A	V	L	I	F	Y	W	H	M	C	P
0	0.02065	0.01242	0.01479	0.01464	0.01710	0.01226	0.01047	0.07508	0.02415	0.08060	0.04506	0.31143	0.04724	0.09304	0.01620	0.00436	0.00717	0.01991	0.16299	0.01045
1	0.43477	0.15979	0.07533	0.01672	0.02478	0.02711	0.01576	0.03321	0.02023	0.08669	0.01745	0.01923	0.01338	0.00995	0.00727	0.00305	0.00961	0.00632	0.00648	0.01287
2	0.02763	0.58265	0.10198	0.01917	0.02881	0.04028	0.01998	0.03182	0.02156	0.02565	0.01508	0.01744	0.01355	0.00914	0.00708	0.00236	0.01170	0.00585	0.00452	0.01375
3	0.02633	0.03647	0.24386	0.08731	0.03992	0.06221	0.02711	0.04268	0.20082	0.08267	0.02895	0.02975	0.02103	0.01189	0.01036	0.00340	0.01265	0.00957	0.00745	0.01557
4	0.02047	0.01134	0.01147	0.01120	0.01407	0.01175	0.00847	0.02827	0.08219	0.03997	0.03548	0.03942	0.02770	0.01255	0.00778	0.00259	0.00532	0.01010	0.60923	0.01065
5	0.03652	0.01649	0.02165	0.01768	0.02390	0.01501	0.01414	0.07836	0.03064	0.36419	0.14783	0.10662	0.04530	0.01695	0.01131	0.00338	0.00808	0.01436	0.01224	0.01534
6	0.02856	0.02221	0.02398	0.02123	0.02744	0.02515	0.01661	0.05568	0.48846	0.10046	0.04289	0.03908	0.03162	0.01421	0.01075	0.00355	0.00844	0.01181	0.01101	0.01687
7	0.01590	0.01262	0.01610	0.01654	0.01853	0.01275	0.01187	0.02032	0.06121	0.02907	0.04854	0.45298	0.05569	0.02742	0.01453	0.00395	0.06069	0.02403	0.00901	0.08825
8	0.02643	0.02802	0.14432	0.27847	0.10082	0.02369	0.05892	0.07176	0.02536	0.10690	0.02274	0.02768	0.01627	0.01077	0.01058	0.00339	0.01360	0.00944	0.00635	0.01448
9	0.02348	0.07202	0.02352	0.01924	0.02389	0.01952	0.01591	0.15455	0.02963	0.03934	0.04227	0.19871	0.04445	0.02255	0.01212	0.00383	0.00939	0.17812	0.00928	0.05818
10	0.10815	0.02677	0.02755	0.02340	0.02855	0.07905	0.01888	0.16360	0.18233	0.04400	0.02575	0.02749	0.02007	0.01412	0.01602	0.00362	0.15815	0.00950	0.00824	0.01477
11	0.02522	0.12582	0.02720	0.01669	0.02459	0.05295	0.01383	0.02956	0.02432	0.08018	0.10430	0.03107	0.02928	0.01085	0.00872	0.00218	0.00877	0.00859	0.00735	0.36855
12	0.01920	0.14371	0.17498	0.08696	0.03208	0.02124	0.02123	0.02457	0.02063	0.02765	0.03198	0.21473	0.03390	0.08331	0.01524	0.00419	0.01107	0.01536	0.00639	0.01159
13	0.01305	0.00968	0.01218	0.01378	0.01518	0.00881	0.00949	0.01541	0.02210	0.02907	0.12514	0.45854	0.16777	0.03057	0.01318	0.00404	0.00585	0.02730	0.01003	0.00881
14	0.02585	0.28374	0.11515	0.13468	0.03986	0.03154	0.05185	0.08728	0.02565	0.03316	0.06032	0.02637	0.02108	0.01088	0.00917	0.00292	0.01235	0.00857	0.00585	0.01376
15	0.02372	0.07739	0.37975	0.02716	0.03963	0.02380	0.05814	0.03539	0.06469	0.07664	0.07050	0.02982	0.02374	0.01153	0.01031	0.00331	0.01346	0.00950	0.00633	0.01520
16	0.01288	0.00920	0.01227	0.01472	0.01534	0.00859	0.00981	0.01472	0.02024	0.02699	0.05828	0.62152	0.06993	0.03312	0.01350	0.00429	0.00613	0.03006	0.00981	0.00859
17	0.02843	0.02680	0.03204	0.02691	0.02933	0.07601	0.02221	0.14460	0.02515	0.03515	0.01677	0.02334	0.01482	0.01654	0.02705	0.00414	0.42237	0.00912	0.00609	0.01313
18	0.02737	0.10621	0.09051	0.02391	0.02997	0.02669	0.04940	0.06893	0.09604	0.10430	0.02861	0.09557	0.02483	0.01578	0.01644	0.00365	0.15830	0.01178	0.00762	0.01409
19	0.01996	0.01732	0.02307	0.22657	0.03982	0.01988	0.01895	0.03322	0.19399	0.03401	0.08203	0.13454	0.07832	0.01748	0.01139	0.00365	0.00956	0.01525	0.00844	0.01253
20	0.01513	0.01123	0.01651	0.01651	0.01823	0.01295	0.01261	0.01857	0.01685	0.02418	0.02877	0.04400	0.02750	0.12826	0.53902	0.01639	0.02671	0.01169	0.00573	0.00917
21	0.01848	0.01629	0.02346	0.02152	0.02261	0.02127	0.01738	0.02164	0.01666	0.02492	0.02225	0.03380	0.02116	0.05374	0.35457	0.01179	0.27243	0.01046	0.00523	0.01033
22	0.02121	0.05469	0.57364	0.03014	0.04576	0.02455	0.03906	0.03348	0.02232	0.03348	0.01897	0.02232	0.01339	0.01005	0.01005	0.00335	0.01563	0.00781	0.00446	0.01563
23	0.02192	0.01879	0.02192	0.01566	0.02506	0.01409	0.01253	0.02662	0.02192	0.03445	0.01879	0.02192	0.01566	0.00783	0.00783	0.00157	0.00783	0.00626	0.00626	0.69305
24	0.02291	0.01518	0.02281	0.02867	0.16281	0.01437	0.01689	0.02661	0.02394	0.12955	0.08850	0.30911	0.05041	0.02216	0.01208	0.00372	0.00826	0.02007	0.00936	0.01260
25	0.04220	0.02076	0.02522	0.01958	0.02724	0.02034	0.01610	0.19770	0.03549	0.35538	0.03582	0.03303	0.02371	0.01288	0.01027	0.00315	0.00939	0.01020	0.08442	0.01712
26	0.02323	0.09098	0.28031	0.15487	0.08720	0.02564	0.03084	0.07526	0.02512	0.03499	0.05653	0.02763	0.02023	0.01106	0.01012	0.00326	0.01357	0.00903	0.00563	0.01450
27	0.01758	0.01838	0.10680	0.01619	0.02122	0.01244	0.01483	0.02295	0.02656	0.07333	0.29600	0.13306	0.15695	0.02133	0.01206	0.00348	0.00723	0.01847	0.01002	0.01113

[dist]
# distance from previous block
# <min> <max>
0	1

[block]
# block no. 3 follows, 13 sequences, length 8
# corresponding to MSA columns:
# 734-741
name=unknown_D
#
# <colnr> <probs for GDERKNQSTAVLIFYWHMCP>
#	G	D	E	R	K	N	Q	S	T	A	V	L	I	F	Y	W	H	M	C	P
0	0.06934	0.11880	0.03457	0.11636	0.03753	0.02536	0.06645	0.12254	0.02850	0.15206	0.02421	0.02613	0.01753	0.01066	0.00956	0.00293	0.01129	0.00874	0.00788	0.10956
1	0.03291	0.12808	0.12225	0.02382	0.03312	0.03180	0.02230	0.29038	0.12291	0.05093	0.02559	0.02590	0.01892	0.01196	0.00992	0.00313	0.01169	0.00904	0.00866	0.01669
2	0.02543	0.01282	0.01717	0.01555	0.01947	0.01150	0.01182	0.02928	0.02746	0.21733	0.24924	0.20884	0.06684	0.02178	0.01212	0.00357	0.00665	0.01915	0.01164	0.01233
3	0.03030	0.35354	0.17581	0.02166	0.03214	0.03305	0.02302	0.07579	0.02529	0.10944	0.02054	0.02173	0.01572	0.01018	0.00845	0.00275	0.01206	0.00722	0.00625	0.01508
4	0.02878	0.10540	0.13063	0.02294	0.03119	0.02186	0.07354	0.08017	0.02728	0.16439	0.07535	0.12792	0.03350	0.01548	0.01083	0.00335	0.01091	0.01342	0.00868	0.01440
5	0.01412	0.01124	0.01522	0.10931	0.02447	0.01120	0.01259	0.01726	0.02208	0.02863	0.10419	0.36052	0.17591	0.02705	0.01271	0.00392	0.00715	0.02401	0.00913	0.00929
6	0.01557	0.11119	0.01935	0.01478	0.01721	0.01417	0.01103	0.01807	0.02180	0.02842	0.10856	0.42163	0.10496	0.02745	0.01221	0.00380	0.00679	0.02427	0.00915	0.00957
7	0.09255	0.02224	0.02984	0.02521	0.06035	0.02313	0.05967	0.11746	0.07845	0.26762	0.03124	0.03060	0.02161	0.01290	0.01301	0.00345	0.07431	0.01012	0.00996	0.01627

[dist]
# distance from previous block
# <min> <max>
2	13

[block]
# block no. 4 follows, 13 sequences, length 23
# corresponding to MSA columns:
# 755-777
name=unknown_E
#
# <colnr> <probs for GDERKNQSTAVLIFYWHMCP>
#	G	D	E	R	K	N	Q	S	T	A	V	L	I	F	Y	W	H	M	C	P
0	0.20491	0.02137	0.02659	0.02025	0.02867	0.02040	0.08131	0.06336	0.05915	0.08766	0.02214	0.02420	0.01680	0.00970	0.00872	0.00267	0.00962	0.00792	0.00738	0.27718
1	0.01504	0.01083	0.01433	0.01419	0.01651	0.01012	0.01083	0.01973	0.02839	0.03972	0.45122	0.13183	0.09234	0.02357	0.01282	0.00360	0.00567	0.07821	0.01124	0.00982
2	0.02242	0.02195	0.03917	0.37242	0.20927	0.02441	0.09929	0.02951	0.02251	0.03011	0.01947	0.02766	0.01512	0.01001	0.01081	0.00342	0.01418	0.00983	0.00494	0.01352
3	0.02617	0.02512	0.04292	0.06490	0.56246	0.02512	0.03245	0.03245	0.02407	0.03454	0.01989	0.02617	0.01675	0.00942	0.01047	0.00314	0.01256	0.00942	0.00523	0.01675
4	0.01365	0.00994	0.01298	0.01479	0.01616	0.00927	0.01062	0.01637	0.02236	0.02966	0.12411	0.43717	0.12007	0.03057	0.01342	0.00418	0.00640	0.08932	0.01003	0.00894
5	0.01314	0.00940	0.01250	0.01455	0.01539	0.00876	0.00983	0.01537	0.02144	0.02889	0.11965	0.55474	0.07360	0.03171	0.01337	0.00417	0.00599	0.02871	0.01004	0.00876
6	0.01432	0.00990	0.01215	0.01303	0.01358	0.00955	0.00821	0.01568	0.01912	0.02580	0.10778	0.29204	0.05862	0.31485	0.03255	0.00701	0.00795	0.02173	0.00842	0.00772
7	0.01592	0.01161	0.01561	0.01772	0.02008	0.01130	0.01495	0.02013	0.02380	0.03066	0.06307	0.17876	0.12813	0.02937	0.01419	0.00462	0.00871	0.37213	0.00976	0.00949
8	0.21432	0.02043	0.02259	0.01847	0.02581	0.02109	0.01504	0.08246	0.12982	0.29189	0.03370	0.03096	0.02292	0.01245	0.00958	0.00333	0.00885	0.00953	0.01073	0.01603
9	0.02730	0.27750	0.07907	0.07099	0.03293	0.03020	0.01951	0.11092	0.02624	0.03502	0.01819	0.02102	0.01487	0.00953	0.00825	0.00242	0.01102	0.00693	0.00598	0.19211
10	0.02999	0.02752	0.05890	0.02043	0.02916	0.09546	0.01720	0.13036	0.06765	0.08003	0.02326	0.02458	0.01771	0.01019	0.00915	0.00242	0.01067	0.00781	0.00772	0.32979
11	0.03250	0.03323	0.20027	0.03534	0.17394	0.02385	0.02803	0.12407	0.02959	0.17608	0.02612	0.02734	0.01833	0.01112	0.01040	0.00324	0.01244	0.00925	0.00793	0.01693
12	0.02248	0.10803	0.16315	0.12811	0.03737	0.02262	0.02296	0.03220	0.09111	0.06758	0.07899	0.09354	0.05886	0.01493	0.01052	0.00336	0.01098	0.01248	0.00734	0.01340
13	0.02470	0.01789	0.05931	0.01662	0.02216	0.01492	0.01420	0.09167	0.03097	0.14719	0.26901	0.06327	0.14707	0.01880	0.01169	0.00334	0.00749	0.01591	0.01095	0.01284
14	0.02729	0.10606	0.07738	0.01706	0.02397	0.01823	0.01551	0.03327	0.05539	0.19556	0.12183	0.05552	0.17598	0.01710	0.01078	0.00324	0.00842	0.01399	0.00983	0.01357
15	0.07820	0.23559	0.09279	0.16026	0.04170	0.06466	0.05097	0.07610	0.02482	0.05676	0.01873	0.02254	0.01462	0.01017	0.00898	0.00297	0.01292	0.00778	0.00573	0.01373
16	0.07321	0.15292	0.12213	0.07909	0.03472	0.02646	0.04823	0.06894	0.02531	0.10259	0.08702	0.03076	0.02613	0.01257	0.01190	0.00323	0.06413	0.00963	0.00713	0.01389
17	0.01840	0.01113	0.01489	0.01506	0.01746	0.01048	0.01099	0.02150	0.02341	0.10565	0.15619	0.32078	0.09388	0.03375	0.08906	0.00560	0.00921	0.02216	0.01009	0.01032
18	0.02302	0.01807	0.02669	0.26692	0.09080	0.02010	0.02174	0.09251	0.02668	0.06795	0.09434	0.13863	0.03594	0.01623	0.01131	0.00354	0.01080	0.01432	0.00779	0.01263
19	0.02560	0.02097	0.02390	0.01740	0.02661	0.01785	0.01405	0.12724	0.02751	0.04092	0.02012	0.02262	0.01613	0.00881	0.00838	0.00189	0.00859	0.00692	0.00713	0.55737
20	0.02058	0.02606	0.16369	0.06551	0.03155	0.02077	0.02264	0.02610	0.02057	0.06372	0.03559	0.09509	0.09172	0.02583	0.09214	0.00557	0.16132	0.01297	0.00645	0.01213
21	0.01810	0.00939	0.01309	0.01309	0.01333	0.00939	0.00864	0.01505	0.01481	0.02071	0.02193	0.03778	0.02189	0.11307	0.03967	0.53427	0.00891	0.01007	0.07147	0.00535
22	0.02868	0.03212	0.20189	0.08065	0.03775	0.02370	0.02505	0.12620	0.12154	0.12026	0.03073	0.07310	0.02378	0.01351	0.01066	0.00344	0.01177	0.01109	0.00839	0.01570

[dist]
# distance from previous block
# <min> <max>
5	12

[block]
# block no. 5 follows, 13 sequences, length 36
# corresponding to MSA columns:
# 790-825
name=unknown_F
#
# <colnr> <probs for GDERKNQSTAVLIFYWHMCP>
#	G	D	E	R	K	N	Q	S	T	A	V	L	I	F	Y	W	H	M	C	P
0	0.44524	0.06982	0.02358	0.18938	0.03656	0.02512	0.01731	0.02992	0.01921	0.03953	0.01593	0.02043	0.01241	0.00998	0.00776	0.00326	0.01019	0.00681	0.00583	0.01171
1	0.04744	0.01799	0.02454	0.01881	0.02699	0.01554	0.01554	0.05153	0.03026	0.56979	0.04171	0.03599	0.02617	0.01309	0.01063	0.00327	0.00900	0.01063	0.01309	0.01799
2	0.02512	0.04167	0.33826	0.02914	0.04117	0.02517	0.09078	0.14208	0.02857	0.04033	0.02437	0.07974	0.02002	0.01266	0.01078	0.00342	0.01411	0.01084	0.00644	0.01533
3	0.01561	0.01206	0.01456	0.01384	0.01701	0.01119	0.01031	0.02175	0.06871	0.03743	0.33070	0.14884	0.16880	0.02261	0.01217	0.00341	0.00567	0.01975	0.01064	0.05493
4	0.01987	0.01590	0.01869	0.01883	0.02264	0.01705	0.01525	0.03414	0.22719	0.03665	0.08574	0.11469	0.09710	0.02297	0.01272	0.00412	0.00830	0.20556	0.01026	0.01234
5	0.02382	0.02631	0.05542	0.17151	0.05925	0.02600	0.41161	0.03231	0.02409	0.03231	0.02080	0.02845	0.01560	0.00929	0.01204	0.00356	0.01698	0.01178	0.00520	0.01369
6	0.04744	0.01799	0.02454	0.01881	0.02699	0.01554	0.01554	0.05153	0.03026	0.56979	0.04171	0.03599	0.02617	0.01309	0.01063	0.00327	0.00900	0.01063	0.01309	0.01799
7	0.01478	0.01066	0.01397	0.01343	0.01575	0.00985	0.00996	0.01948	0.02906	0.04102	0.51225	0.12755	0.09709	0.02265	0.01256	0.00341	0.00509	0.02010	0.01148	0.00985
8	0.03009	0.06454	0.09935	0.01918	0.02901	0.01901	0.01776	0.06968	0.02606	0.17351	0.02490	0.02551	0.01808	0.00990	0.00897	0.00240	0.00967	0.00778	0.00797	0.33663
9	0.03159	0.26394	0.03792	0.02219	0.02915	0.22489	0.01852	0.04209	0.16903	0.03058	0.02312	0.02392	0.01877	0.01115	0.00883	0.00279	0.01316	0.00780	0.00657	0.01399
10	0.02111	0.01295	0.01804	0.01938	0.02259	0.01262	0.01684	0.02587	0.02513	0.10369	0.05407	0.10812	0.05621	0.02705	0.01407	0.00465	0.00964	0.42694	0.01018	0.01084
11	0.01288	0.00920	0.01227	0.01472	0.01534	0.00859	0.00981	0.01472	0.02024	0.02699	0.05828	0.62152	0.06993	0.03312	0.01350	0.00429	0.00613	0.03006	0.00981	0.00859
12	0.02121	0.05469	0.57364	0.03014	0.04576	0.02455	0.03906	0.03348	0.02232	0.03348	0.01897	0.02232	0.01339	0.01005	0.01005	0.00335	0.01563	0.00781	0.00446	0.01563
13	0.01345	0.01051	0.01219	0.01227	0.01499	0.00925	0.00901	0.01683	0.02561	0.03332	0.26205	0.17401	0.31695	0.02590	0.01264	0.00359	0.00534	0.02236	0.01048	0.00925
14	0.01431	0.01047	0.01343	0.01335	0.01556	0.00960	0.00976	0.01844	0.02741	0.03797	0.41323	0.19153	0.13667	0.02444	0.01268	0.00355	0.00526	0.02165	0.01110	0.00960
15	0.02192	0.01879	0.02192	0.01566	0.02506	0.01409	0.01253	0.02662	0.02192	0.03445	0.01879	0.02192	0.01566	0.00783	0.00783	0.00157	0.00783	0.00626	0.00626	0.69305
16	0.11680	0.02358	0.10149	0.06225	0.07978	0.02005	0.02045	0.10016	0.02648	0.10563	0.03372	0.15557	0.03171	0.01724	0.01093	0.00363	0.01036	0.05824	0.00836	0.01357
17	0.64111	0.02324	0.01689	0.01515	0.02159	0.07625	0.01229	0.03212	0.01911	0.04542	0.01487	0.01735	0.01165	0.00992	0.00682	0.00322	0.00920	0.00583	0.00644	0.01153
18	0.02262	0.02221	0.01825	0.01716	0.02015	0.18088	0.01262	0.02452	0.02559	0.03024	0.21271	0.05452	0.12561	0.02246	0.01781	0.15137	0.01013	0.01380	0.00801	0.00934
19	0.03260	0.26593	0.03689	0.02145	0.02786	0.30309	0.01780	0.03587	0.02571	0.02731	0.01815	0.02100	0.01541	0.01039	0.00821	0.00251	0.01424	0.00678	0.09637	0.01243
20	0.02617	0.02512	0.04292	0.06490	0.56246	0.02512	0.03245	0.03245	0.02407	0.03454	0.01989	0.02617	0.01675	0.00942	0.01047	0.00314	0.01256	0.00942	0.00523	0.01675
21	0.02876	0.01581	0.02155	0.09553	0.02779	0.01640	0.01511	0.10791	0.02438	0.15288	0.02488	0.03138	0.01951	0.02393	0.02521	0.33089	0.01020	0.00960	0.00752	0.01078
22	0.10973	0.02264	0.07806	0.28476	0.13493	0.02209	0.02565	0.03132	0.02294	0.09412	0.05624	0.03015	0.02110	0.01125	0.01013	0.00337	0.01206	0.00957	0.00640	0.01347
23	0.50084	0.01969	0.01832	0.01542	0.02247	0.02120	0.01271	0.03739	0.02178	0.20857	0.02305	0.02298	0.01599	0.01082	0.00780	0.00327	0.00843	0.00724	0.00856	0.01347
24	0.01714	0.01073	0.01375	0.01393	0.01626	0.00982	0.01008	0.02058	0.02505	0.08204	0.23780	0.29441	0.11352	0.02533	0.01239	0.00368	0.00584	0.02245	0.05516	0.01004
25	0.02556	0.02818	0.14823	0.17161	0.09179	0.02300	0.05922	0.10692	0.02781	0.07544	0.06050	0.03876	0.02576	0.01322	0.01108	0.00350	0.01279	0.05519	0.00716	0.01429
26	0.03268	0.01825	0.02489	0.05849	0.07765	0.01860	0.01746	0.04064	0.09610	0.26510	0.10908	0.04034	0.03490	0.01437	0.01265	0.00339	0.05745	0.01167	0.05114	0.01518
27	0.01322	0.00946	0.01257	0.01449	0.01541	0.00881	0.00984	0.01558	0.02183	0.02951	0.13979	0.53282	0.07481	0.03124	0.01333	0.00414	0.00595	0.02827	0.01011	0.00881
28	0.01344	0.00960	0.01291	0.01536	0.01622	0.00907	0.01078	0.01568	0.02079	0.02761	0.05797	0.55427	0.06871	0.03260	0.01364	0.00437	0.00662	0.09181	0.00980	0.00874
29	0.15535	0.15969	0.07745	0.02692	0.11501	0.02795	0.02039	0.10782	0.05900	0.07752	0.02404	0.06246	0.02009	0.01207	0.00913	0.00311	0.01064	0.00938	0.00726	0.01471
30	0.02937	0.11440	0.03544	0.10217	0.03544	0.03272	0.02218	0.20040	0.02924	0.03984	0.01864	0.02369	0.01528	0.01404	0.01902	0.00363	0.23486	0.00884	0.00668	0.01411
31	0.01430	0.00968	0.01325	0.01537	0.01620	0.00925	0.01091	0.01577	0.02005	0.02660	0.05256	0.46049	0.06154	0.03297	0.01740	0.09651	0.00713	0.10267	0.00910	0.00824
32	0.31032	0.18127	0.02925	0.09506	0.02991	0.07982	0.01627	0.03069	0.02156	0.03637	0.06607	0.02455	0.02081	0.01092	0.00798	0.00300	0.01050	0.00755	0.00615	0.01198
33	0.01592	0.01045	0.01356	0.01420	0.01620	0.00953	0.01010	0.01896	0.02425	0.07021	0.21300	0.36672	0.12167	0.02762	0.01289	0.00386	0.00592	0.02464	0.01060	0.00971
34	0.03279	0.10615	0.02845	0.01876	0.02712	0.11171	0.01541	0.03682	0.02552	0.18173	0.02426	0.02473	0.01799	0.00997	0.00875	0.00233	0.01046	0.00750	0.00781	0.30174
35	0.02945	0.02103	0.02438	0.10836	0.03308	0.06909	0.01649	0.03419	0.02522	0.17199	0.05845	0.02988	0.02326	0.01077	0.00943	0.00253	0.00997	0.00875	0.00806	0.30560

[dist]
# distance from previous block
# <min> <max>
0	6

[block]
# block no. 6 follows, 13 sequences, length 17
# corresponding to MSA columns:
# 832-848
name=unknown_G
#
# <colnr> <probs for GDERKNQSTAVLIFYWHMCP>
#	G	D	E	R	K	N	Q	S	T	A	V	L	I	F	Y	W	H	M	C	P
0	0.02970	0.03101	0.17323	0.02501	0.03423	0.02410	0.05676	0.15259	0.11242	0.11984	0.02899	0.03068	0.02121	0.02075	0.08575	0.00513	0.01438	0.01005	0.00836	0.01580
1	0.03071	0.23885	0.04166	0.17905	0.04255	0.02829	0.07664	0.03588	0.02409	0.16993	0.02366	0.02628	0.01730	0.01051	0.00945	0.00301	0.01217	0.00873	0.00692	0.01432
2	0.01482	0.01084	0.01364	0.01446	0.01598	0.01055	0.01001	0.01955	0.06262	0.03227	0.20594	0.35076	0.07263	0.09428	0.01745	0.00461	0.00641	0.02372	0.01006	0.00939
3	0.01588	0.01141	0.01541	0.01602	0.01849	0.01094	0.01309	0.02081	0.02746	0.03765	0.33585	0.09676	0.08259	0.02497	0.01341	0.00401	0.00708	0.22748	0.01080	0.00987
4	0.04320	0.01706	0.02318	0.01809	0.02553	0.01481	0.01481	0.04741	0.03022	0.50097	0.10893	0.04160	0.03577	0.01420	0.01087	0.00328	0.00847	0.01174	0.01290	0.01695
5	0.01446	0.01068	0.01242	0.01199	0.01489	0.00956	0.00899	0.01856	0.02697	0.03683	0.33601	0.08399	0.26832	0.02272	0.01201	0.00334	0.00512	0.01948	0.07408	0.00956
6	0.70310	0.02045	0.01554	0.01390	0.02045	0.02372	0.01145	0.03108	0.01799	0.04744	0.01472	0.01718	0.01145	0.00981	0.00654	0.00327	0.00818	0.00573	0.00654	0.01145
7	0.02827	0.63478	0.05540	0.01809	0.02714	0.04184	0.01809	0.03166	0.02148	0.02488	0.01470	0.01696	0.01357	0.00905	0.00678	0.00226	0.01131	0.00565	0.00452	0.01357
8	0.70310	0.02045	0.01554	0.01390	0.02045	0.02372	0.01145	0.03108	0.01799	0.04744	0.01472	0.01718	0.01145	0.00981	0.00654	0.00327	0.00818	0.00573	0.00654	0.01145
9	0.41127	0.11084	0.18753	0.01930	0.02889	0.02633	0.02057	0.03187	0.01974	0.04032	0.01599	0.01869	0.01231	0.00978	0.00762	0.00316	0.01081	0.00634	0.00566	0.01297
10	0.03950	0.05039	0.02996	0.02724	0.03269	0.58597	0.02043	0.04222	0.02996	0.02588	0.01634	0.01907	0.01362	0.01090	0.00953	0.00272	0.01907	0.00681	0.00545	0.01226
11	0.02827	0.63478	0.05540	0.01809	0.02714	0.04184	0.01809	0.03166	0.02148	0.02488	0.01470	0.01696	0.01357	0.00905	0.00678	0.00226	0.01131	0.00565	0.00452	0.01357
12	0.02549	0.01246	0.01657	0.01583	0.01907	0.01125	0.01148	0.02793	0.02328	0.22000	0.04959	0.35121	0.05082	0.09206	0.01695	0.00459	0.00761	0.02149	0.01060	0.01170
13	0.24651	0.08043	0.27156	0.02298	0.03337	0.02555	0.02559	0.03316	0.02090	0.07386	0.01843	0.02126	0.01369	0.01080	0.01072	0.00334	0.06085	0.00729	0.00576	0.01394
14	0.01616	0.01189	0.01582	0.01778	0.02044	0.01154	0.01530	0.02061	0.02429	0.03105	0.06583	0.11589	0.15665	0.02874	0.01420	0.00462	0.00889	0.40096	0.00975	0.00958
15	0.01370	0.01020	0.01275	0.01330	0.01532	0.00925	0.00952	0.01706	0.02518	0.03392	0.28210	0.28327	0.18182	0.02690	0.01285	0.00373	0.00548	0.02379	0.01060	0.00925
16	0.03256	0.02372	0.10038	0.22602	0.09529	0.02035	0.02496	0.03894	0.02550	0.26264	0.02880	0.03060	0.01946	0.01148	0.01052	0.00336	0.01195	0.00973	0.00834	0.01541

[dist]
# distance from previous block
# <min> <max>
0	9

[block]
# block no. 7 follows, 13 sequences, length 27
# corresponding to MSA columns:
# 858-884
name=unknown_H
#
# <colnr> <probs for GDERKNQSTAVLIFYWHMCP>
#	G	D	E	R	K	N	Q	S	T	A	V	L	I	F	Y	W	H	M	C	P
0	0.24115	0.02033	0.01708	0.01620	0.01992	0.09991	0.01225	0.02501	0.02095	0.03305	0.04211	0.13786	0.13306	0.07410	0.01576	0.00416	0.05523	0.01430	0.00741	0.01015
1	0.03529	0.01934	0.07266	0.01800	0.02534	0.01466	0.01593	0.04017	0.02880	0.36497	0.14149	0.04959	0.09483	0.01582	0.01111	0.00332	0.00849	0.01317	0.01166	0.01533
2	0.70310	0.02045	0.01554	0.01390	0.02045	0.02372	0.01145	0.03108	0.01799	0.04744	0.01472	0.01718	0.01145	0.00981	0.00654	0.00327	0.00818	0.00573	0.00654	0.01145
3	0.01632	0.01083	0.01369	0.06741	0.01921	0.01096	0.01032	0.01976	0.02189	0.03223	0.14922	0.18116	0.05314	0.14649	0.01974	0.00476	0.00717	0.01738	0.18925	0.00906
4	0.70310	0.02045	0.01554	0.01390	0.02045	0.02372	0.01145	0.03108	0.01799	0.04744	0.01472	0.01718	0.01145	0.00981	0.00654	0.00327	0.00818	0.00573	0.00654	0.01145
5	0.01476	0.01080	0.01386	0.01309	0.01567	0.00989	0.00982	0.01956	0.02946	0.04128	0.52036	0.08083	0.13699	0.02203	0.01247	0.00335	0.00502	0.01938	0.01149	0.00989
6	0.04744	0.01799	0.02454	0.01881	0.02699	0.01554	0.01554	0.05153	0.03026	0.56979	0.04171	0.03599	0.02617	0.01309	0.01063	0.00327	0.00900	0.01063	0.01309	0.01799
7	0.01704	0.01217	0.01704	0.01947	0.02191	0.01217	0.01704	0.02191	0.02434	0.03164	0.05598	0.11926	0.06085	0.02921	0.01460	0.00487	0.00974	0.49130	0.00974	0.00974
8	0.52370	0.01978	0.01800	0.01525	0.02224	0.02148	0.01257	0.03667	0.02135	0.19036	0.02211	0.02232	0.01548	0.01071	0.00766	0.00327	0.00840	0.00707	0.00833	0.01324
9	0.03950	0.05039	0.02996	0.02724	0.03269	0.58597	0.02043	0.04222	0.02996	0.02588	0.01634	0.01907	0.01362	0.01090	0.00953	0.00272	0.01907	0.00681	0.00545	0.01226
10	0.11681	0.01825	0.02358	0.01829	0.02630	0.01641	0.01511	0.04936	0.02896	0.51452	0.03886	0.03400	0.02462	0.01274	0.01020	0.00327	0.00891	0.01011	0.01239	0.01730
11	0.13314	0.01730	0.01895	0.01675	0.02141	0.01839	0.01331	0.12644	0.07829	0.04752	0.28330	0.05724	0.06040	0.01775	0.01111	0.00341	0.00745	0.04503	0.01039	0.01241
12	0.02451	0.11770	0.13480	0.01878	0.02836	0.02010	0.01829	0.03000	0.02210	0.08151	0.02172	0.02700	0.01802	0.06716	0.01268	0.00300	0.01022	0.00774	0.00630	0.33000
13	0.06555	0.02632	0.10399	0.10367	0.23301	0.02289	0.02633	0.08075	0.02702	0.12911	0.05847	0.03044	0.02283	0.01138	0.01038	0.00326	0.01172	0.00985	0.00740	0.01563
14	0.02043	0.01583	0.01846	0.01658	0.02059	0.01658	0.01278	0.07745	0.17227	0.04517	0.36643	0.06313	0.07363	0.01879	0.01182	0.00338	0.00654	0.01626	0.01130	0.01258
15	0.02408	0.02277	0.03849	0.16722	0.42375	0.02364	0.03011	0.03042	0.02395	0.03366	0.06093	0.03063	0.02260	0.01058	0.01064	0.00323	0.01228	0.01016	0.00562	0.01524
16	0.03617	0.09619	0.07038	0.06821	0.09141	0.07667	0.06227	0.08536	0.02877	0.23850	0.02775	0.02820	0.01933	0.01129	0.01018	0.00313	0.01232	0.00936	0.00857	0.01593
17	0.10507	0.08347	0.02698	0.01829	0.02641	0.01907	0.01544	0.04756	0.02822	0.46461	0.03640	0.03226	0.02350	0.01236	0.00985	0.00316	0.00917	0.00966	0.01158	0.01693
18	0.04661	0.01931	0.02535	0.01944	0.02765	0.01750	0.01606	0.10556	0.03247	0.51264	0.03986	0.03478	0.02524	0.01304	0.01063	0.00326	0.00930	0.01051	0.01280	0.01799
19	0.06858	0.09694	0.03304	0.07672	0.03423	0.02419	0.07507	0.12216	0.05773	0.20536	0.03117	0.07702	0.02407	0.01334	0.01038	0.00329	0.01090	0.01132	0.00921	0.01527
20	0.02337	0.02056	0.07658	0.02228	0.02668	0.01937	0.05879	0.02815	0.02411	0.11699	0.18156	0.10964	0.04716	0.01865	0.01799	0.00379	0.16853	0.01482	0.00861	0.01237
21	0.01602	0.01192	0.01505	0.01407	0.01689	0.01150	0.01061	0.02334	0.07789	0.04257	0.50889	0.07529	0.09346	0.02094	0.01231	0.00335	0.00530	0.01845	0.01156	0.01061
22	0.01771	0.01090	0.01447	0.01457	0.01686	0.00998	0.01054	0.02117	0.02558	0.09532	0.27234	0.32003	0.07788	0.02586	0.01273	0.00376	0.00596	0.02311	0.01098	0.01026
23	0.08631	0.14067	0.12659	0.02132	0.03063	0.02612	0.02056	0.10682	0.08717	0.20854	0.02865	0.02762	0.02008	0.01165	0.00951	0.00312	0.01080	0.00884	0.00889	0.01611
24	0.10177	0.06333	0.13641	0.06279	0.03425	0.06045	0.02235	0.13876	0.02968	0.13915	0.02786	0.03586	0.02197	0.01335	0.01024	0.00337	0.01201	0.06332	0.00823	0.01485
25	0.07721	0.03309	0.09050	0.02512	0.03121	0.13867	0.02181	0.13454	0.12501	0.03959	0.02272	0.02533	0.01786	0.01352	0.01577	0.00353	0.15400	0.00892	0.00722	0.01439
26	0.03320	0.27082	0.03880	0.02242	0.02969	0.31243	0.01864	0.03640	0.02580	0.02647	0.01599	0.01858	0.01383	0.00984	0.00829	0.00242	0.01482	0.00630	0.00519	0.09009

[dist]
# distance from previous block
# <min> <max>
0	1

[block]
# block no. 8 follows, 13 sequences, length 13
# corresponding to MSA columns:
# 886-898
name=unknown_I
#
# <colnr> <probs for GDERKNQSTAVLIFYWHMCP>
#	G	D	E	R	K	N	Q	S	T	A	V	L	I	F	Y	W	H	M	C	P
0	0.02528	0.15343	0.23195	0.03335	0.04526	0.02927	0.23168	0.06428	0.02495	0.03407	0.01954	0.02402	0.01480	0.00956	0.01045	0.00322	0.01545	0.00941	0.00522	0.01482
1	0.16344	0.32229	0.03413	0.01528	0.02111	0.02870	0.01324	0.02669	0.01895	0.02822	0.02025	0.03256	0.02054	0.19361	0.02074	0.00485	0.01035	0.00856	0.00550	0.01100
2	0.50789	0.01972	0.01822	0.01537	0.02240	0.02128	0.01267	0.03717	0.02165	0.20296	0.02276	0.02278	0.01583	0.01079	0.00776	0.00327	0.00842	0.00719	0.00849	0.01340
3	0.01452	0.01079	0.01351	0.01283	0.01552	0.00979	0.00962	0.01909	0.02887	0.03990	0.47549	0.08310	0.18272	0.02255	0.01248	0.00337	0.00505	0.01970	0.01131	0.00979
4	0.03984	0.01823	0.02376	0.01787	0.02641	0.01511	0.01464	0.04411	0.02778	0.41040	0.03489	0.03180	0.02304	0.01152	0.00980	0.00276	0.00865	0.00933	0.01106	0.21898
5	0.02099	0.03972	0.34144	0.02729	0.03660	0.02503	0.03063	0.02937	0.02146	0.03222	0.08577	0.02976	0.02451	0.01403	0.01769	0.00373	0.19096	0.00968	0.00542	0.01370
6	0.03878	0.01537	0.02133	0.01731	0.02306	0.01365	0.01365	0.04029	0.02535	0.40561	0.03476	0.03484	0.02385	0.02013	0.01977	0.20844	0.00905	0.01020	0.01056	0.01400
7	0.01518	0.01005	0.01212	0.01221	0.01353	0.00940	0.00815	0.01505	0.01879	0.02405	0.08329	0.09982	0.20508	0.19150	0.03224	0.21047	0.00783	0.01679	0.00745	0.00700
8	0.22561	0.10415	0.26771	0.02631	0.03771	0.02656	0.10697	0.03263	0.02137	0.03675	0.01763	0.02120	0.01326	0.00968	0.00904	0.00324	0.01329	0.00771	0.00523	0.01394
9	0.02074	0.01958	0.03311	0.53599	0.13380	0.02369	0.02975	0.02769	0.02151	0.02795	0.01893	0.02794	0.01442	0.01043	0.01056	0.00348	0.01390	0.00940	0.00476	0.01237
10	0.01526	0.01071	0.01384	0.01384	0.01463	0.01150	0.00928	0.01686	0.01606	0.02221	0.03121	0.05751	0.03337	0.39654	0.27876	0.01310	0.01788	0.01367	0.00609	0.00769
11	0.02200	0.01639	0.01872	0.01609	0.02057	0.01657	0.01262	0.17006	0.03470	0.04697	0.31259	0.06738	0.16312	0.01995	0.01191	0.00333	0.00704	0.01687	0.01097	0.01216
12	0.01557	0.01206	0.01514	0.01500	0.01823	0.01023	0.01062	0.01827	0.02074	0.02921	0.04652	0.44300	0.05377	0.02559	0.01181	0.00348	0.00664	0.02297	0.00876	0.21237

[dist]
# distance from previous block
# <min> <max>
0	217

# created by:
# /st0/software/busco_prod/Augustus/scripts/msa2prfl.pl ./align_prep/7564.fa
