[name]
unknown

[dist]
# distance from previous block
# <min> <max>
0	552

[block]
# block no. 0 follows, 14 sequences, length 24
# corresponding to MSA columns:
# 570-593
name=unknown_A
#
# <colnr> <probs for GDERKNQSTAVLIFYWHMCP>
#	G	D	E	R	K	N	Q	S	T	A	V	L	I	F	Y	W	H	M	C	P
0	0.01508	0.01134	0.01451	0.01609	0.01882	0.01077	0.01365	0.01910	0.02355	0.02972	0.07072	0.11014	0.22820	0.02757	0.01350	0.00431	0.00805	0.34621	0.00948	0.00919
1	0.02058	0.05308	0.58618	0.02925	0.04442	0.02383	0.03792	0.03250	0.02167	0.03250	0.01842	0.02167	0.01300	0.00975	0.00975	0.00325	0.01517	0.00758	0.00433	0.01517
2	0.04210	0.01922	0.02434	0.01916	0.02678	0.01827	0.01567	0.09483	0.11628	0.44879	0.03927	0.03455	0.02565	0.01286	0.01033	0.00322	0.00886	0.01043	0.01212	0.01727
3	0.01530	0.01155	0.01426	0.01339	0.01623	0.01105	0.01010	0.02215	0.07732	0.03995	0.47376	0.07535	0.13890	0.02083	0.01195	0.00328	0.00518	0.01823	0.01104	0.01019
4	0.01655	0.01424	0.01463	0.01386	0.01810	0.01423	0.01059	0.02787	0.19956	0.03274	0.08342	0.07879	0.39287	0.02200	0.01157	0.00347	0.00616	0.01834	0.00983	0.01117
5	0.01460	0.01154	0.01334	0.01320	0.01621	0.01086	0.01000	0.02064	0.07786	0.03388	0.24950	0.13425	0.27700	0.02379	0.01217	0.00353	0.00571	0.05192	0.01022	0.00978
6	0.01290	0.01043	0.01147	0.01121	0.01434	0.00899	0.00840	0.01622	0.02521	0.03205	0.25419	0.09163	0.41823	0.02437	0.01212	0.00339	0.00508	0.02066	0.01010	0.00899
7	0.02744	0.64552	0.05378	0.01756	0.02634	0.04061	0.01756	0.03073	0.02085	0.02414	0.01427	0.01646	0.01317	0.00878	0.00658	0.00219	0.01097	0.00549	0.00439	0.01317
8	0.01564	0.01166	0.01468	0.01372	0.01648	0.01129	0.01035	0.02293	0.08260	0.04133	0.51633	0.07276	0.09018	0.02026	0.01194	0.00325	0.00517	0.01785	0.01121	0.01035
9	0.01246	0.00908	0.01175	0.01389	0.01478	0.00837	0.00935	0.01433	0.02003	0.02635	0.06137	0.57848	0.11894	0.03153	0.01300	0.00410	0.00588	0.02841	0.00953	0.00837
10	0.01938	0.01824	0.03078	0.61468	0.07068	0.02280	0.02850	0.02622	0.02052	0.02622	0.01824	0.02736	0.01368	0.01026	0.01026	0.00342	0.01368	0.00912	0.00456	0.01140
11	0.01938	0.01824	0.03078	0.61468	0.07068	0.02280	0.02850	0.02622	0.02052	0.02622	0.01824	0.02736	0.01368	0.01026	0.01026	0.00342	0.01368	0.00912	0.00456	0.01140
12	0.04604	0.01746	0.02382	0.01826	0.02620	0.01508	0.01508	0.05001	0.02937	0.58244	0.04049	0.03493	0.02540	0.01270	0.01032	0.00318	0.00873	0.01032	0.01270	0.01746
13	0.71184	0.01985	0.01508	0.01350	0.01985	0.02302	0.01111	0.03017	0.01746	0.04604	0.01429	0.01667	0.01111	0.00953	0.00635	0.00318	0.00794	0.00556	0.00635	0.01111
14	0.04313	0.01682	0.02288	0.01776	0.02519	0.01458	0.01458	0.04718	0.02934	0.53234	0.08948	0.03879	0.03201	0.01347	0.01048	0.00318	0.00837	0.01108	0.01257	0.01674
15	0.02356	0.10812	0.21851	0.11114	0.07706	0.02670	0.07972	0.08134	0.02382	0.03294	0.02031	0.05434	0.01689	0.01172	0.01214	0.00330	0.06964	0.00951	0.00539	0.01386
16	0.01452	0.01049	0.01372	0.01291	0.01533	0.00968	0.00968	0.01937	0.02905	0.04115	0.56992	0.07666	0.09683	0.02098	0.01210	0.00323	0.00484	0.01856	0.01130	0.00968
17	0.02080	0.01733	0.01900	0.01738	0.02191	0.01897	0.01338	0.03974	0.34128	0.04084	0.20959	0.05616	0.10614	0.01731	0.01112	0.00340	0.00682	0.01475	0.01061	0.01347
18	0.01413	0.01034	0.01326	0.01281	0.01516	0.00947	0.00950	0.01850	0.02770	0.03862	0.48245	0.12853	0.13636	0.02243	0.01220	0.00333	0.00497	0.01979	0.01098	0.00947
19	0.04212	0.01653	0.02233	0.01771	0.02488	0.01448	0.01465	0.04619	0.02843	0.50624	0.04099	0.04090	0.02786	0.01376	0.01038	0.00323	0.00851	0.04552	0.05893	0.01636
20	0.03901	0.02874	0.03080	0.02361	0.03182	0.03182	0.01951	0.54111	0.04825	0.06468	0.02464	0.02464	0.01745	0.01232	0.01027	0.00308	0.01129	0.00924	0.01027	0.01745
21	0.01661	0.01232	0.01467	0.01375	0.01681	0.01224	0.01041	0.02531	0.11595	0.04020	0.39830	0.06831	0.11388	0.01933	0.01137	0.00321	0.00541	0.01679	0.07442	0.01069
22	0.08386	0.04766	0.47909	0.02728	0.04096	0.02457	0.03367	0.08390	0.02399	0.03697	0.01868	0.02152	0.01328	0.00999	0.00950	0.00323	0.01413	0.00757	0.00511	0.01504
23	0.03175	0.29656	0.08845	0.02064	0.02945	0.08934	0.01935	0.13815	0.02827	0.09062	0.01987	0.02103	0.01543	0.01009	0.00834	0.00257	0.01170	0.00709	0.00665	0.06464

[dist]
# distance from previous block
# <min> <max>
0	17

[block]
# block no. 1 follows, 14 sequences, length 21
# corresponding to MSA columns:
# 611-631
name=unknown_B
#
# <colnr> <probs for GDERKNQSTAVLIFYWHMCP>
#	G	D	E	R	K	N	Q	S	T	A	V	L	I	F	Y	W	H	M	C	P
0	0.12857	0.18343	0.07743	0.09800	0.03476	0.03098	0.02041	0.23275	0.03126	0.04429	0.01923	0.02156	0.01463	0.01056	0.00874	0.00293	0.01134	0.00762	0.00702	0.01450
1	0.01709	0.06918	0.01859	0.01617	0.01847	0.05105	0.01198	0.02146	0.06270	0.02827	0.08446	0.38836	0.08960	0.02541	0.01304	0.00375	0.03980	0.02202	0.00873	0.00986
2	0.02287	0.07459	0.26832	0.02491	0.03468	0.02120	0.08746	0.03182	0.05669	0.08104	0.10759	0.03355	0.02898	0.01383	0.01264	0.05738	0.01205	0.01030	0.00665	0.01346
3	0.01499	0.01040	0.01330	0.01257	0.01499	0.00967	0.00943	0.01983	0.02828	0.04086	0.51541	0.07275	0.08966	0.02006	0.01160	0.00314	0.00484	0.01764	0.08091	0.00967
4	0.01954	0.02739	0.19868	0.02339	0.06755	0.01856	0.02157	0.03180	0.13735	0.03824	0.24451	0.04748	0.05070	0.01509	0.01087	0.00327	0.00933	0.01294	0.00846	0.01327
5	0.01818	0.01009	0.01124	0.01176	0.01393	0.01009	0.00914	0.02253	0.02139	0.03496	0.03795	0.05784	0.03447	0.07163	0.01274	0.00358	0.00627	0.11898	0.48399	0.00924
6	0.04025	0.02676	0.02957	0.02267	0.03083	0.02888	0.01873	0.45472	0.04493	0.15576	0.02743	0.02645	0.01885	0.01239	0.01028	0.00310	0.01084	0.00943	0.01069	0.01745
7	0.01938	0.01824	0.03078	0.61468	0.07068	0.02280	0.02850	0.02622	0.02052	0.02622	0.01824	0.02736	0.01368	0.01026	0.01026	0.00342	0.01368	0.00912	0.00456	0.01140
8	0.39726	0.02242	0.03007	0.03322	0.19637	0.02388	0.09608	0.03098	0.02030	0.04021	0.01680	0.02101	0.01337	0.00928	0.00839	0.00318	0.01065	0.00764	0.00579	0.01311
9	0.01548	0.01149	0.01454	0.01360	0.01631	0.01105	0.01025	0.02241	0.07472	0.04131	0.52422	0.07334	0.09116	0.02037	0.01196	0.00325	0.00513	0.01796	0.01122	0.01025
10	0.02395	0.02287	0.03432	0.21550	0.33174	0.06405	0.02730	0.02988	0.02277	0.03127	0.02018	0.02678	0.01631	0.00986	0.00982	0.00306	0.01233	0.00900	0.07519	0.01385
11	0.01248	0.00987	0.01125	0.01205	0.01437	0.00863	0.00860	0.01498	0.02252	0.02836	0.12819	0.29304	0.34376	0.02781	0.01248	0.00370	0.00544	0.02414	0.00969	0.00863
12	0.01670	0.01148	0.01539	0.07442	0.02150	0.01101	0.01172	0.02072	0.02543	0.07661	0.29947	0.18874	0.14296	0.02230	0.01199	0.00347	0.00633	0.01963	0.01010	0.01003
13	0.04387	0.01753	0.02359	0.01799	0.02603	0.01496	0.01483	0.04789	0.02866	0.53433	0.03854	0.03373	0.02451	0.01225	0.01008	0.00303	0.00863	0.00995	0.01212	0.07746
14	0.02744	0.64552	0.05378	0.01756	0.02634	0.04061	0.01756	0.03073	0.02085	0.02414	0.01427	0.01646	0.01317	0.00878	0.00658	0.00219	0.01097	0.00549	0.00439	0.01317
15	0.02961	0.01982	0.03049	0.03587	0.23517	0.01929	0.04883	0.07098	0.02696	0.17632	0.06592	0.03883	0.02799	0.01265	0.01042	0.00317	0.01009	0.04433	0.07836	0.01493
16	0.02009	0.01863	0.02057	0.11659	0.02898	0.09097	0.01572	0.05450	0.02269	0.02900	0.03672	0.32072	0.04043	0.02140	0.01286	0.00357	0.05056	0.01832	0.00756	0.07010
17	0.01253	0.01007	0.01118	0.01163	0.01429	0.00872	0.00845	0.01523	0.02325	0.02911	0.15352	0.22066	0.39181	0.02678	0.01235	0.00360	0.00533	0.02301	0.00976	0.00872
18	0.17822	0.02415	0.03087	0.11731	0.10689	0.06284	0.07292	0.11217	0.02634	0.10833	0.02117	0.02451	0.01568	0.01085	0.01077	0.00324	0.04411	0.00865	0.00704	0.01395
19	0.02442	0.38497	0.28792	0.02270	0.03429	0.03323	0.02651	0.03151	0.02121	0.02782	0.01609	0.01875	0.01309	0.00921	0.00798	0.00266	0.01282	0.00641	0.00436	0.01405
20	0.01769	0.01029	0.01263	0.01253	0.01488	0.00969	0.00920	0.02172	0.02438	0.07369	0.23694	0.19489	0.06218	0.02018	0.01063	0.00318	0.00536	0.01764	0.23247	0.00985

[dist]
# distance from previous block
# <min> <max>
2	12

[block]
# block no. 2 follows, 14 sequences, length 33
# corresponding to MSA columns:
# 644-676
name=unknown_C
#
# <colnr> <probs for GDERKNQSTAVLIFYWHMCP>
#	G	D	E	R	K	N	Q	S	T	A	V	L	I	F	Y	W	H	M	C	P
0	0.03035	0.21057	0.03529	0.02047	0.02785	0.02891	0.05187	0.16957	0.11504	0.08395	0.02636	0.02711	0.02001	0.01124	0.00892	0.00282	0.01006	0.00881	0.09608	0.01471
1	0.01585	0.00988	0.01338	0.01338	0.01388	0.01038	0.00894	0.01532	0.01482	0.02026	0.02604	0.04752	0.02746	0.27921	0.19712	0.24854	0.01438	0.01179	0.00542	0.00642
2	0.02744	0.64552	0.05378	0.01756	0.02634	0.04061	0.01756	0.03073	0.02085	0.02414	0.01427	0.01646	0.01317	0.00878	0.00658	0.00219	0.01097	0.00549	0.00439	0.01317
3	0.02105	0.01126	0.01521	0.01565	0.01819	0.01028	0.01148	0.02362	0.02236	0.16265	0.05244	0.44244	0.05673	0.02707	0.01251	0.00397	0.00693	0.06517	0.01030	0.01066
4	0.01231	0.01040	0.01065	0.01059	0.01397	0.00874	0.00794	0.01508	0.02382	0.02873	0.13907	0.09710	0.53542	0.02561	0.01213	0.00345	0.00517	0.02142	0.00966	0.00874
5	0.04093	0.01633	0.02218	0.01739	0.02443	0.01421	0.01421	0.04504	0.02932	0.49455	0.12645	0.04170	0.03700	0.01405	0.01061	0.00318	0.00810	0.01166	0.01247	0.01620
6	0.01466	0.00946	0.01175	0.01277	0.01425	0.00897	0.00897	0.01792	0.02235	0.03280	0.17273	0.35048	0.06426	0.02440	0.01137	0.00350	0.00539	0.02170	0.18332	0.00897
7	0.02128	0.01824	0.02128	0.01520	0.02432	0.01368	0.01216	0.02584	0.02128	0.03344	0.01824	0.02128	0.01520	0.00760	0.00760	0.00152	0.00760	0.00608	0.00608	0.70208
8	0.71184	0.01985	0.01508	0.01350	0.01985	0.02302	0.01111	0.03017	0.01746	0.04604	0.01429	0.01667	0.01111	0.00953	0.00635	0.00318	0.00794	0.00556	0.00635	0.01111
9	0.71184	0.01985	0.01508	0.01350	0.01985	0.02302	0.01111	0.03017	0.01746	0.04604	0.01429	0.01667	0.01111	0.00953	0.00635	0.00318	0.00794	0.00556	0.00635	0.01111
10	0.01618	0.01156	0.01613	0.01849	0.02070	0.01150	0.01592	0.02064	0.02327	0.03031	0.05453	0.16154	0.05984	0.02869	0.01408	0.00468	0.00914	0.46400	0.00946	0.00935
11	0.02128	0.01824	0.02128	0.01520	0.02432	0.01368	0.01216	0.02584	0.02128	0.03344	0.01824	0.02128	0.01520	0.00760	0.00760	0.00152	0.00760	0.00608	0.00608	0.70208
12	0.71184	0.01985	0.01508	0.01350	0.01985	0.02302	0.01111	0.03017	0.01746	0.04604	0.01429	0.01667	0.01111	0.00953	0.00635	0.00318	0.00794	0.00556	0.00635	0.01111
13	0.04604	0.01746	0.02382	0.01826	0.02620	0.01508	0.01508	0.05001	0.02937	0.58244	0.04049	0.03493	0.02540	0.01270	0.01032	0.00318	0.00873	0.01032	0.01270	0.01746
14	0.02525	0.04450	0.44440	0.02670	0.03987	0.02252	0.03226	0.03730	0.06850	0.12518	0.02409	0.02529	0.01663	0.01060	0.00990	0.00326	0.01349	0.00838	0.00625	0.01564
15	0.02275	0.02363	0.03056	0.46648	0.06044	0.11761	0.02655	0.02850	0.02149	0.02590	0.01743	0.02548	0.01359	0.01099	0.01217	0.00339	0.06822	0.00870	0.00467	0.01147
16	0.01244	0.00917	0.01166	0.01365	0.01472	0.00839	0.00924	0.01436	0.02026	0.02645	0.06433	0.54518	0.15033	0.03114	0.01294	0.00405	0.00583	0.02794	0.00953	0.00839
17	0.03169	0.01879	0.02799	0.32685	0.04964	0.02045	0.02238	0.07812	0.02635	0.25248	0.02769	0.03017	0.01869	0.01141	0.01028	0.00329	0.01150	0.00961	0.00829	0.01433
18	0.02643	0.44918	0.09009	0.02958	0.16256	0.03538	0.02249	0.03105	0.02153	0.02707	0.01581	0.01904	0.01392	0.00894	0.00770	0.00248	0.01158	0.00654	0.00456	0.01408
19	0.03103	0.02643	0.02557	0.02143	0.02641	0.11853	0.01718	0.23191	0.06825	0.04459	0.02443	0.02712	0.01894	0.01299	0.01329	0.00312	0.11068	0.00900	0.15537	0.01376
20	0.03110	0.02327	0.10924	0.02221	0.03069	0.01741	0.09006	0.03830	0.05618	0.26829	0.08241	0.03986	0.07165	0.01319	0.01060	0.00316	0.01015	0.01155	0.00948	0.06119
21	0.02460	0.02370	0.11697	0.07318	0.12003	0.01898	0.02136	0.06898	0.06270	0.10918	0.13753	0.07797	0.03754	0.01422	0.01061	0.00319	0.00986	0.01231	0.00828	0.04880
22	0.01290	0.00910	0.01179	0.01378	0.01428	0.00860	0.00898	0.01439	0.01887	0.02516	0.05259	0.54000	0.06287	0.13163	0.01951	0.00511	0.00661	0.02684	0.00898	0.00799
23	0.02338	0.12245	0.13524	0.02161	0.02851	0.02569	0.02026	0.06732	0.21087	0.03519	0.03198	0.12326	0.02844	0.01544	0.01206	0.00341	0.06093	0.01230	0.00769	0.01397
24	0.11459	0.08992	0.05788	0.15799	0.03808	0.02161	0.06172	0.03531	0.02407	0.21186	0.06636	0.03075	0.02352	0.01145	0.00965	0.00315	0.01076	0.00955	0.00797	0.01380
25	0.01963	0.01179	0.01549	0.01567	0.01882	0.01090	0.01258	0.02341	0.02472	0.12135	0.14475	0.18345	0.14200	0.02487	0.01270	0.00393	0.00730	0.18586	0.01031	0.01048
26	0.01414	0.01038	0.01342	0.01479	0.01627	0.01006	0.01055	0.01866	0.05865	0.03093	0.16693	0.43232	0.07101	0.02819	0.01278	0.00396	0.00612	0.06162	0.00997	0.00925
27	0.02867	0.02772	0.12338	0.10985	0.16803	0.06817	0.02467	0.03663	0.06633	0.15727	0.03110	0.03265	0.05626	0.01185	0.01022	0.00319	0.01182	0.00998	0.00737	0.01483
28	0.02695	0.02470	0.08100	0.18319	0.31113	0.02326	0.02856	0.06353	0.02480	0.10140	0.02192	0.02669	0.01658	0.01009	0.01018	0.00317	0.01231	0.00916	0.00615	0.01524
29	0.02393	0.02682	0.05578	0.04058	0.04926	0.02685	0.45359	0.03153	0.02283	0.03153	0.01957	0.02682	0.01523	0.01018	0.01564	0.00363	0.11614	0.01160	0.00508	0.01341
30	0.02185	0.01716	0.02661	0.10974	0.23192	0.01735	0.02052	0.02609	0.02185	0.07765	0.03606	0.09813	0.07357	0.11770	0.01781	0.00450	0.01039	0.05187	0.00696	0.01226
31	0.02900	0.10778	0.20528	0.07552	0.08078	0.02327	0.02541	0.06931	0.02547	0.17026	0.02677	0.03286	0.02044	0.01202	0.00996	0.00320	0.01195	0.04841	0.00732	0.01496
32	0.03558	0.02732	0.14767	0.07242	0.03482	0.02096	0.02194	0.11792	0.07108	0.29589	0.03153	0.03013	0.02098	0.01189	0.01019	0.00322	0.01089	0.00956	0.00965	0.01635

[dist]
# distance from previous block
# <min> <max>
0	1

[block]
# block no. 3 follows, 14 sequences, length 24
# corresponding to MSA columns:
# 678-701
name=unknown_D
#
# <colnr> <probs for GDERKNQSTAVLIFYWHMCP>
#	G	D	E	R	K	N	Q	S	T	A	V	L	I	F	Y	W	H	M	C	P
0	0.44745	0.06459	0.02687	0.02592	0.12566	0.05859	0.05644	0.03129	0.01998	0.04004	0.01580	0.01922	0.01266	0.00940	0.00768	0.00308	0.01027	0.00678	0.00583	0.01245
1	0.02402	0.02068	0.03451	0.25158	0.31827	0.02207	0.02775	0.02993	0.02258	0.07256	0.02297	0.06626	0.01940	0.01131	0.01040	0.00326	0.01205	0.01053	0.00577	0.01412
2	0.01390	0.01033	0.01289	0.01453	0.01587	0.01002	0.01012	0.01793	0.06136	0.02750	0.05804	0.46639	0.10888	0.07030	0.01548	0.00447	0.00654	0.05716	0.00937	0.00891
3	0.01545	0.01179	0.01612	0.01589	0.01746	0.01287	0.01217	0.01815	0.02080	0.02883	0.17163	0.14995	0.09978	0.03699	0.14684	0.07099	0.08797	0.04939	0.00797	0.00896
4	0.04539	0.01851	0.02446	0.01875	0.02672	0.01663	0.01549	0.09532	0.03111	0.53467	0.03902	0.03398	0.02467	0.01267	0.01031	0.00317	0.00897	0.01022	0.01248	0.01746
5	0.04604	0.01746	0.02382	0.01826	0.02620	0.01508	0.01508	0.05001	0.02937	0.58244	0.04049	0.03493	0.02540	0.01270	0.01032	0.00318	0.00873	0.01032	0.01270	0.01746
6	0.01347	0.01075	0.01226	0.01275	0.01583	0.00954	0.01014	0.01682	0.02405	0.02989	0.14138	0.10058	0.39499	0.02604	0.01263	0.00375	0.00620	0.14027	0.00970	0.00896
7	0.01913	0.00956	0.00956	0.00956	0.01196	0.00956	0.00717	0.02391	0.02152	0.03826	0.03348	0.03826	0.02630	0.01196	0.00717	0.00239	0.00478	0.00956	0.69632	0.00956
8	0.04604	0.01746	0.02382	0.01826	0.02620	0.01508	0.01508	0.05001	0.02937	0.58244	0.04049	0.03493	0.02540	0.01270	0.01032	0.00318	0.00873	0.01032	0.01270	0.01746
9	0.03647	0.02302	0.02607	0.02105	0.02835	0.02459	0.01704	0.22469	0.21832	0.21345	0.03534	0.03246	0.02465	0.01299	0.01034	0.00325	0.00942	0.01038	0.01106	0.01704
10	0.02128	0.01824	0.02128	0.01520	0.02432	0.01368	0.01216	0.02584	0.02128	0.03344	0.01824	0.02128	0.01520	0.00760	0.00760	0.00152	0.00760	0.00608	0.00608	0.70208
11	0.14128	0.01766	0.02146	0.01740	0.02393	0.01734	0.01419	0.09286	0.02808	0.33229	0.08209	0.03547	0.02897	0.02014	0.07587	0.00466	0.01063	0.01031	0.01053	0.01484
12	0.01438	0.01053	0.01375	0.01307	0.01551	0.00990	0.00985	0.01896	0.02751	0.03866	0.48877	0.07479	0.12201	0.02647	0.06615	0.00447	0.00695	0.01807	0.01064	0.00957
13	0.01911	0.01114	0.01394	0.01281	0.01538	0.01041	0.00930	0.02277	0.02509	0.10404	0.32178	0.06479	0.06643	0.15502	0.02013	0.00460	0.00645	0.01566	0.09126	0.00988
14	0.01385	0.00950	0.01151	0.01257	0.01283	0.00923	0.00769	0.01464	0.01702	0.02269	0.04309	0.31824	0.05088	0.36974	0.03486	0.00738	0.00818	0.02125	0.00769	0.00716
15	0.02345	0.03454	0.30021	0.02549	0.03494	0.02059	0.06074	0.03104	0.02202	0.11512	0.02845	0.13646	0.02521	0.01512	0.01316	0.00355	0.07707	0.01242	0.00665	0.01376
16	0.09120	0.02489	0.07562	0.01957	0.02751	0.05721	0.01716	0.07900	0.02462	0.12114	0.02128	0.02327	0.01610	0.01050	0.01123	0.00262	0.07480	0.00746	0.00714	0.28769
17	0.02363	0.02377	0.04207	0.13639	0.27523	0.02588	0.13953	0.02963	0.02160	0.03051	0.01830	0.02561	0.01516	0.01096	0.01527	0.00348	0.13434	0.00975	0.00491	0.01398
18	0.65012	0.02251	0.01637	0.01468	0.02093	0.07572	0.01191	0.03116	0.01853	0.04413	0.01443	0.01684	0.01131	0.00962	0.00662	0.00313	0.00891	0.00565	0.00625	0.01119
19	0.01403	0.00954	0.01248	0.01378	0.01457	0.00914	0.00938	0.01550	0.01963	0.02642	0.11249	0.35737	0.06025	0.14932	0.02319	0.06955	0.00714	0.05978	0.00863	0.00782
20	0.01273	0.00928	0.01205	0.01418	0.01520	0.00860	0.00981	0.01480	0.02031	0.02666	0.06146	0.54151	0.12086	0.03124	0.01307	0.00413	0.00611	0.06005	0.00952	0.00844
21	0.13240	0.20979	0.22581	0.02523	0.08218	0.02744	0.02454	0.03374	0.02191	0.10129	0.01945	0.02142	0.01461	0.00975	0.00843	0.00291	0.01178	0.00716	0.00578	0.01436
22	0.51366	0.09031	0.07298	0.01630	0.02389	0.02578	0.01503	0.07751	0.02105	0.04419	0.01562	0.01784	0.01209	0.00972	0.00705	0.00307	0.00923	0.00607	0.00632	0.01229
23	0.02558	0.01831	0.02851	0.08017	0.23052	0.01879	0.02118	0.03014	0.02317	0.13989	0.07783	0.08167	0.03077	0.05018	0.05369	0.00455	0.05176	0.01219	0.00751	0.01359

[dist]
# distance from previous block
# <min> <max>
0	1

[block]
# block no. 4 follows, 14 sequences, length 14
# corresponding to MSA columns:
# 703-716
name=unknown_E
#
# <colnr> <probs for GDERKNQSTAVLIFYWHMCP>
#	G	D	E	R	K	N	Q	S	T	A	V	L	I	F	Y	W	H	M	C	P
0	0.03004	0.02365	0.10401	0.11363	0.15934	0.01904	0.02323	0.03607	0.02492	0.22231	0.05642	0.03088	0.02293	0.01111	0.01004	0.00304	0.01077	0.00956	0.00797	0.08104
1	0.10249	0.01660	0.02109	0.01665	0.02369	0.01505	0.01365	0.04467	0.02723	0.45995	0.03717	0.03373	0.02424	0.01231	0.00953	0.00307	0.00812	0.00979	0.10517	0.01582
2	0.02553	0.02204	0.02320	0.02088	0.02669	0.02553	0.01624	0.05453	0.55679	0.04293	0.04177	0.03829	0.03133	0.01392	0.01044	0.00348	0.00812	0.01160	0.01044	0.01624
3	0.04498	0.01918	0.02488	0.01907	0.02705	0.01762	0.01575	0.12457	0.03224	0.50383	0.03808	0.03337	0.02420	0.01264	0.01031	0.00316	0.00912	0.01016	0.01233	0.01746
4	0.02245	0.02245	0.03143	0.02694	0.02694	0.03143	0.02245	0.02470	0.01572	0.02470	0.01347	0.02245	0.01347	0.01796	0.03368	0.00449	0.62057	0.00898	0.00449	0.01123
5	0.02128	0.01824	0.02128	0.01520	0.02432	0.01368	0.01216	0.02584	0.02128	0.03344	0.01824	0.02128	0.01520	0.00760	0.00760	0.00152	0.00760	0.00608	0.00608	0.70208
6	0.10899	0.01882	0.02368	0.01834	0.02615	0.01751	0.01514	0.09711	0.03012	0.47951	0.03640	0.03216	0.02324	0.01236	0.00994	0.00317	0.00891	0.00976	0.01185	0.01686
7	0.01488	0.01000	0.01144	0.01136	0.01161	0.00992	0.00656	0.01537	0.01633	0.02202	0.08596	0.06810	0.04325	0.57766	0.04823	0.00928	0.00944	0.01529	0.00672	0.00656
8	0.03132	0.10747	0.02963	0.02012	0.02696	0.02747	0.01679	0.34166	0.03975	0.05332	0.15965	0.03655	0.03673	0.01401	0.01023	0.00300	0.00964	0.01106	0.00973	0.01493
9	0.12619	0.34191	0.03883	0.02275	0.09856	0.02977	0.01727	0.02982	0.02111	0.06610	0.02241	0.10215	0.02149	0.01236	0.00817	0.00279	0.00987	0.00952	0.00602	0.01292
10	0.18833	0.14168	0.09808	0.03478	0.22958	0.02613	0.02328	0.03292	0.02189	0.08707	0.01911	0.02217	0.01498	0.00957	0.00857	0.00295	0.01098	0.00755	0.00589	0.01446
11	0.01359	0.01489	0.08946	0.01631	0.01887	0.01043	0.01336	0.01675	0.01992	0.02705	0.05141	0.55014	0.06046	0.02913	0.01265	0.00404	0.00720	0.02626	0.00882	0.00926
12	0.10781	0.02029	0.02497	0.02418	0.10724	0.01972	0.01664	0.10881	0.06310	0.14873	0.07463	0.03068	0.02567	0.01138	0.00936	0.00278	0.00888	0.00927	0.00864	0.17725
13	0.10772	0.27714	0.03522	0.01895	0.02545	0.15217	0.01604	0.10018	0.02515	0.03179	0.01846	0.02488	0.01679	0.09488	0.01379	0.00357	0.01214	0.00752	0.00585	0.01231

[dist]
# distance from previous block
# <min> <max>
0	11

[block]
# block no. 5 follows, 14 sequences, length 43
# corresponding to MSA columns:
# 728-770
name=unknown_F
#
# <colnr> <probs for GDERKNQSTAVLIFYWHMCP>
#	G	D	E	R	K	N	Q	S	T	A	V	L	I	F	Y	W	H	M	C	P
0	0.02016	0.01903	0.03219	0.54335	0.13593	0.02300	0.02889	0.02690	0.02089	0.02716	0.01838	0.02711	0.01401	0.01012	0.01025	0.00337	0.01349	0.00912	0.00463	0.01203
1	0.01860	0.01139	0.01502	0.01360	0.01674	0.01038	0.01038	0.02333	0.02909	0.11114	0.50147	0.07126	0.08759	0.01991	0.01187	0.00322	0.00534	0.01749	0.01148	0.01069
2	0.01769	0.01285	0.01593	0.01429	0.01746	0.01255	0.01095	0.08683	0.03153	0.04419	0.49942	0.06993	0.08657	0.01986	0.01187	0.00321	0.00568	0.01735	0.01116	0.01069
3	0.01790	0.01617	0.01707	0.07008	0.02247	0.08691	0.01261	0.02250	0.02790	0.03684	0.41750	0.06600	0.10870	0.01896	0.01157	0.00319	0.00745	0.01634	0.00978	0.01006
4	0.11660	0.47325	0.07757	0.01827	0.02706	0.03655	0.01809	0.07790	0.02299	0.03120	0.01547	0.01755	0.01329	0.00926	0.00708	0.00246	0.01085	0.00596	0.00518	0.01342
5	0.47404	0.02205	0.02791	0.02684	0.11199	0.02379	0.11537	0.03089	0.01967	0.04159	0.01630	0.02013	0.01276	0.00930	0.00804	0.00321	0.01039	0.00737	0.00593	0.01243
6	0.02777	0.11340	0.03364	0.02772	0.08465	0.19259	0.06659	0.03663	0.12557	0.03195	0.09282	0.03127	0.02798	0.01245	0.01137	0.00305	0.05069	0.00986	0.00683	0.01318
7	0.01377	0.00983	0.01277	0.01329	0.01477	0.00918	0.00930	0.01696	0.02406	0.03333	0.31896	0.29398	0.07999	0.08230	0.01619	0.00422	0.00575	0.02239	0.01013	0.00884
8	0.01614	0.01304	0.01467	0.01381	0.01735	0.01287	0.01049	0.02560	0.14522	0.03681	0.28717	0.07587	0.24960	0.02117	0.01174	0.00337	0.00570	0.01810	0.01048	0.01079
9	0.02553	0.02204	0.02320	0.02088	0.02669	0.02553	0.01624	0.05453	0.55679	0.04293	0.04177	0.03829	0.03133	0.01392	0.01044	0.00348	0.00812	0.01160	0.01044	0.01624
10	0.03901	0.02874	0.03080	0.02361	0.03182	0.03182	0.01951	0.54111	0.04825	0.06468	0.02464	0.02464	0.01745	0.01232	0.01027	0.00308	0.01129	0.00924	0.01027	0.01745
11	0.02001	0.01946	0.03463	0.54080	0.06848	0.02321	0.09438	0.02708	0.02100	0.02708	0.01857	0.02740	0.01392	0.01005	0.01050	0.00343	0.01415	0.00951	0.00464	0.01172
12	0.71184	0.01985	0.01508	0.01350	0.01985	0.02302	0.01111	0.03017	0.01746	0.04604	0.01429	0.01667	0.01111	0.00953	0.00635	0.00318	0.00794	0.00556	0.00635	0.01111
13	0.02128	0.01824	0.02128	0.01520	0.02432	0.01368	0.01216	0.02584	0.02128	0.03344	0.01824	0.02128	0.01520	0.00760	0.00760	0.00152	0.00760	0.00608	0.00608	0.70208
14	0.71184	0.01985	0.01508	0.01350	0.01985	0.02302	0.01111	0.03017	0.01746	0.04604	0.01429	0.01667	0.01111	0.00953	0.00635	0.00318	0.00794	0.00556	0.00635	0.01111
15	0.02553	0.02204	0.02320	0.02088	0.02669	0.02553	0.01624	0.05453	0.55679	0.04293	0.04177	0.03829	0.03133	0.01392	0.01044	0.00348	0.00812	0.01160	0.01044	0.01624
16	0.04350	0.01893	0.02440	0.01899	0.02676	0.01759	0.01560	0.09565	0.07982	0.48494	0.03915	0.03429	0.02522	0.01278	0.01033	0.00319	0.00891	0.01034	0.01227	0.01735
17	0.01338	0.00961	0.01133	0.01232	0.01324	0.00903	0.00789	0.01462	0.01852	0.02402	0.05622	0.30753	0.15317	0.26925	0.02827	0.00630	0.00738	0.02213	0.00823	0.00757
18	0.02058	0.05308	0.58618	0.02925	0.04442	0.02383	0.03792	0.03250	0.02167	0.03250	0.01842	0.02167	0.01300	0.00975	0.00975	0.00325	0.01517	0.00758	0.00433	0.01517
19	0.01538	0.00978	0.01154	0.01154	0.01154	0.00978	0.00665	0.01468	0.01468	0.01957	0.03003	0.06145	0.03422	0.54354	0.05031	0.11969	0.00978	0.01397	0.00594	0.00594
20	0.04495	0.01921	0.02490	0.01909	0.02707	0.01767	0.01577	0.12599	0.03229	0.50234	0.03803	0.03334	0.02417	0.01264	0.01031	0.00316	0.00913	0.01015	0.01232	0.01746
21	0.01250	0.00893	0.01191	0.01429	0.01488	0.00834	0.00953	0.01429	0.01965	0.02620	0.05656	0.63265	0.06787	0.03215	0.01310	0.00417	0.00595	0.02917	0.00953	0.00834
22	0.03445	0.02169	0.07506	0.07402	0.03066	0.01913	0.01796	0.12157	0.06516	0.27423	0.03282	0.03210	0.02244	0.01211	0.00976	0.00309	0.00953	0.00975	0.11913	0.01535
23	0.01250	0.00893	0.01191	0.01429	0.01488	0.00834	0.00953	0.01429	0.01965	0.02620	0.05656	0.63265	0.06787	0.03215	0.01310	0.00417	0.00595	0.02917	0.00953	0.00834
24	0.01677	0.01099	0.01444	0.01329	0.01610	0.01007	0.01007	0.02155	0.02907	0.07964	0.53227	0.07369	0.09175	0.02039	0.01198	0.00322	0.00512	0.01797	0.01140	0.01024
25	0.02557	0.03411	0.23667	0.04667	0.33286	0.02333	0.03230	0.03357	0.02331	0.08385	0.02094	0.02493	0.01592	0.00969	0.01003	0.00313	0.01295	0.00869	0.00551	0.01597
26	0.02342	0.03009	0.16677	0.07399	0.08458	0.02295	0.27060	0.03179	0.02355	0.06049	0.02492	0.03684	0.02052	0.01154	0.01148	0.00351	0.01487	0.06841	0.00584	0.01382
27	0.01250	0.00893	0.01191	0.01429	0.01488	0.00834	0.00953	0.01429	0.01965	0.02620	0.05656	0.63265	0.06787	0.03215	0.01310	0.00417	0.00595	0.02917	0.00953	0.00834
28	0.01533	0.01045	0.01378	0.01378	0.01506	0.01142	0.00984	0.01788	0.01661	0.02435	0.02992	0.04923	0.02972	0.26089	0.33532	0.01243	0.01855	0.01215	0.09506	0.00821
29	0.55967	0.15895	0.02369	0.01440	0.02129	0.02693	0.01255	0.03029	0.01822	0.04117	0.01428	0.01662	0.01157	0.00936	0.00640	0.00296	0.00861	0.00554	0.00591	0.01157
30	0.02600	0.04208	0.39433	0.03082	0.07766	0.02245	0.08131	0.03573	0.02346	0.13495	0.02281	0.02496	0.01577	0.01015	0.01011	0.00324	0.01397	0.00863	0.00602	0.01554
31	0.07083	0.12412	0.37447	0.02873	0.08770	0.02527	0.03069	0.03363	0.02214	0.08302	0.01970	0.02220	0.01434	0.00982	0.00919	0.00308	0.01325	0.00756	0.00532	0.01494
32	0.02512	0.02420	0.04067	0.05952	0.52262	0.02506	0.03063	0.03084	0.02263	0.03268	0.01874	0.02512	0.01599	0.00999	0.01242	0.00319	0.07067	0.00913	0.00502	0.01577
33	0.03466	0.01694	0.02283	0.09513	0.03031	0.01657	0.01670	0.08507	0.02830	0.32267	0.03768	0.04620	0.02860	0.01477	0.01062	0.00337	0.00934	0.08898	0.07662	0.01464
34	0.02131	0.02259	0.07284	0.23284	0.23389	0.02187	0.08569	0.02786	0.02208	0.03016	0.02433	0.08686	0.02212	0.01262	0.01087	0.00342	0.01274	0.03718	0.00551	0.01323
35	0.02386	0.09872	0.36466	0.03298	0.09413	0.02523	0.11466	0.03340	0.02265	0.06633	0.01988	0.02335	0.01452	0.00961	0.00991	0.00316	0.01443	0.00844	0.00507	0.01502
36	0.01429	0.01048	0.01340	0.01267	0.01519	0.00958	0.00950	0.01892	0.02850	0.03986	0.52513	0.07878	0.14243	0.02146	0.01211	0.00325	0.00488	0.01886	0.01113	0.00958
37	0.04604	0.01746	0.02382	0.01826	0.02620	0.01508	0.01508	0.05001	0.02937	0.58244	0.04049	0.03493	0.02540	0.01270	0.01032	0.00318	0.00873	0.01032	0.01270	0.01746
38	0.55879	0.01930	0.01709	0.01459	0.02131	0.02120	0.01203	0.03473	0.02020	0.16935	0.02031	0.02087	0.01440	0.01026	0.00726	0.00318	0.00812	0.00665	0.00781	0.01257
39	0.02128	0.01824	0.02128	0.01520	0.02432	0.01368	0.01216	0.02584	0.02128	0.03344	0.01824	0.02128	0.01520	0.00760	0.00760	0.00152	0.00760	0.00608	0.00608	0.70208
40	0.01654	0.01181	0.01654	0.01890	0.02126	0.01181	0.01654	0.02126	0.02362	0.03071	0.05433	0.11576	0.05906	0.02835	0.01417	0.00472	0.00945	0.50626	0.00945	0.00945
41	0.01493	0.01023	0.01301	0.01260	0.01485	0.00954	0.00934	0.01949	0.02721	0.03940	0.45329	0.12288	0.08504	0.02084	0.01156	0.00321	0.00494	0.01837	0.09970	0.00954
42	0.01566	0.01151	0.01528	0.01566	0.01843	0.01070	0.01258	0.02002	0.02493	0.03432	0.24742	0.16203	0.07058	0.02415	0.01264	0.00378	0.00705	0.21024	0.00985	0.07316

[dist]
# distance from previous block
# <min> <max>
0	25

# created by:
# /st0/software/busco_prod/Augustus/scripts/msa2prfl.pl ./align_prep/7568.fa
