[name]
unknown

[dist]
# distance from previous block
# <min> <max>
0	1091

[block]
# block no. 0 follows, 11 sequences, length 14
# corresponding to MSA columns:
# 1376-1389
name=unknown_A
#
# <colnr> <probs for GDERKNQSTAVLIFYWHMCP>
#	G	D	E	R	K	N	Q	S	T	A	V	L	I	F	Y	W	H	M	C	P
0	0.02651	0.03952	0.28492	0.03106	0.08348	0.02409	0.03102	0.04095	0.12235	0.09016	0.03229	0.04082	0.02564	0.01416	0.01149	0.00377	0.01337	0.06012	0.00773	0.01653
1	0.03253	0.26055	0.09170	0.02495	0.03283	0.20672	0.02254	0.03989	0.08044	0.03008	0.01996	0.02259	0.01670	0.01187	0.01154	0.00305	0.06405	0.00772	0.00588	0.01440
2	0.07967	0.08419	0.11448	0.02726	0.08628	0.02464	0.02239	0.03420	0.02314	0.11978	0.02436	0.03096	0.01997	0.07355	0.01881	0.00414	0.10007	0.00949	0.00706	0.09554
3	0.08103	0.01314	0.01564	0.01554	0.01887	0.01204	0.01119	0.02061	0.02325	0.03488	0.12170	0.35372	0.06244	0.02590	0.01234	0.00376	0.00689	0.02292	0.00970	0.13445
4	0.01957	0.01492	0.06965	0.01642	0.01836	0.01154	0.01313	0.01736	0.01699	0.02328	0.06077	0.03717	0.02601	0.03486	0.03806	0.54924	0.01012	0.01048	0.00548	0.00657
5	0.03020	0.02399	0.02691	0.02181	0.02921	0.06711	0.05173	0.07680	0.15405	0.10315	0.03935	0.03915	0.06566	0.01365	0.01062	0.00310	0.01029	0.01136	0.06852	0.15334
6	0.02581	0.03157	0.16407	0.03105	0.04196	0.02176	0.18285	0.03389	0.02520	0.08446	0.02807	0.09160	0.02379	0.01286	0.01155	0.00335	0.01388	0.01260	0.00700	0.15267
7	0.01650	0.01178	0.01767	0.01767	0.01943	0.01354	0.01354	0.01943	0.01767	0.02532	0.02885	0.04299	0.02708	0.07885	0.49654	0.09840	0.02765	0.01178	0.00589	0.00942
8	0.02805	0.02809	0.08025	0.09541	0.04167	0.02738	0.09854	0.12750	0.20755	0.04515	0.03842	0.03937	0.06294	0.01413	0.01176	0.00370	0.01237	0.01246	0.00901	0.01623
9	0.02334	0.02001	0.02334	0.01667	0.02667	0.01500	0.01334	0.02834	0.02334	0.03668	0.02001	0.02334	0.01667	0.00834	0.00834	0.00167	0.00834	0.00667	0.00667	0.67325
10	0.02098	0.01049	0.01049	0.01049	0.01311	0.01049	0.00787	0.02623	0.02360	0.04196	0.03672	0.04196	0.02885	0.01311	0.00787	0.00262	0.00525	0.01049	0.66693	0.01049
11	0.03406	0.18040	0.08986	0.02408	0.03275	0.12063	0.02162	0.10146	0.16137	0.08301	0.02842	0.02832	0.02154	0.01244	0.01006	0.00320	0.01288	0.00923	0.00834	0.01633
12	0.02098	0.01049	0.01049	0.01049	0.01311	0.01049	0.00787	0.02623	0.02360	0.04196	0.03672	0.04196	0.02885	0.01311	0.00787	0.00262	0.00525	0.01049	0.66693	0.01049
13	0.06822	0.07067	0.11050	0.01866	0.02500	0.01905	0.01753	0.02990	0.08286	0.04260	0.30830	0.05888	0.06812	0.01803	0.01168	0.00348	0.00844	0.01524	0.00997	0.01288

[dist]
# distance from previous block
# <min> <max>
4	6

[block]
# block no. 1 follows, 11 sequences, length 20
# corresponding to MSA columns:
# 1396-1415
name=unknown_B
#
# <colnr> <probs for GDERKNQSTAVLIFYWHMCP>
#	G	D	E	R	K	N	Q	S	T	A	V	L	I	F	Y	W	H	M	C	P
0	0.19119	0.15257	0.03228	0.06948	0.03206	0.07499	0.01791	0.04187	0.02621	0.22091	0.02672	0.02679	0.01888	0.01172	0.00929	0.00322	0.01138	0.00844	0.00876	0.01534
1	0.02812	0.09158	0.16870	0.02562	0.03498	0.08119	0.02470	0.04941	0.28900	0.04016	0.03332	0.03272	0.02515	0.01315	0.01072	0.00353	0.01239	0.01037	0.00848	0.01671
2	0.02098	0.01049	0.01049	0.01049	0.01311	0.01049	0.00787	0.02623	0.02360	0.04196	0.03672	0.04196	0.02885	0.01311	0.00787	0.00262	0.00525	0.01049	0.66693	0.01049
3	0.03370	0.02394	0.02719	0.02090	0.02949	0.02318	0.01687	0.23101	0.03681	0.10417	0.02937	0.07801	0.02410	0.01357	0.01045	0.00285	0.01004	0.01092	0.00975	0.26368
4	0.02098	0.01049	0.01049	0.01049	0.01311	0.01049	0.00787	0.02623	0.02360	0.04196	0.03672	0.04196	0.02885	0.01311	0.00787	0.00262	0.00525	0.01049	0.66693	0.01049
5	0.02189	0.01584	0.01886	0.01710	0.02089	0.01620	0.01351	0.07973	0.02900	0.07446	0.15010	0.08019	0.21896	0.06882	0.01888	0.00449	0.06436	0.06469	0.01031	0.01172
6	0.02788	0.07147	0.03892	0.19159	0.16667	0.02604	0.06926	0.08182	0.02874	0.07580	0.08410	0.03536	0.02824	0.01252	0.01133	0.00346	0.01288	0.01135	0.00741	0.01517
7	0.03685	0.14605	0.03685	0.02755	0.07762	0.14306	0.02075	0.17919	0.03603	0.09179	0.07305	0.03058	0.02648	0.01300	0.01043	0.00311	0.01313	0.00982	0.00868	0.01597
8	0.27826	0.02109	0.02738	0.07882	0.06849	0.02328	0.05690	0.03353	0.02183	0.11498	0.02184	0.02669	0.01679	0.01528	0.01617	0.08443	0.06504	0.00895	0.00718	0.01307
9	0.03810	0.04704	0.02941	0.02681	0.03248	0.45984	0.02017	0.04363	0.07530	0.02959	0.02894	0.03043	0.06405	0.01350	0.01056	0.00307	0.01791	0.00928	0.00675	0.01315
10	0.01637	0.01091	0.01228	0.01228	0.01228	0.01091	0.00682	0.01637	0.01637	0.02182	0.03546	0.07365	0.04092	0.60445	0.05729	0.01091	0.01091	0.01637	0.00682	0.00682
11	0.02098	0.01049	0.01049	0.01049	0.01311	0.01049	0.00787	0.02623	0.02360	0.04196	0.03672	0.04196	0.02885	0.01311	0.00787	0.00262	0.00525	0.01049	0.66693	0.01049
12	0.02257	0.05822	0.54613	0.03208	0.04871	0.02614	0.04158	0.03564	0.02376	0.03564	0.02020	0.02376	0.01426	0.01069	0.01069	0.00356	0.01663	0.00832	0.00475	0.01663
13	0.02429	0.02305	0.03828	0.20123	0.34658	0.02419	0.03051	0.03074	0.02478	0.03381	0.03206	0.03816	0.07885	0.01259	0.01143	0.00351	0.01289	0.01168	0.00600	0.01537
14	0.01941	0.01629	0.01578	0.01543	0.01652	0.07773	0.01004	0.02055	0.01858	0.02336	0.03224	0.06145	0.03523	0.43114	0.14991	0.01135	0.01581	0.01442	0.00654	0.00820
15	0.02098	0.01049	0.01049	0.01049	0.01311	0.01049	0.00787	0.02623	0.02360	0.04196	0.03672	0.04196	0.02885	0.01311	0.00787	0.00262	0.00525	0.01049	0.66693	0.01049
16	0.23388	0.02757	0.02518	0.02076	0.02846	0.12085	0.01674	0.09343	0.03052	0.25340	0.02917	0.02793	0.01988	0.01244	0.00982	0.00336	0.01159	0.00891	0.01011	0.01599
17	0.02098	0.01049	0.01049	0.01049	0.01311	0.01049	0.00787	0.02623	0.02360	0.04196	0.03672	0.04196	0.02885	0.01311	0.00787	0.00262	0.00525	0.01049	0.66693	0.01049
18	0.33966	0.07405	0.02691	0.07822	0.03217	0.06907	0.01751	0.11397	0.02778	0.09612	0.02100	0.02310	0.01556	0.01141	0.00884	0.00336	0.01125	0.00779	0.00790	0.01433
19	0.20506	0.01925	0.01998	0.01617	0.02367	0.01846	0.01296	0.03545	0.06961	0.10324	0.02689	0.02852	0.02043	0.01100	0.00854	0.00273	0.00814	0.00826	0.11381	0.24781

[dist]
# distance from previous block
# <min> <max>
0	3

[block]
# block no. 2 follows, 11 sequences, length 13
# corresponding to MSA columns:
# 1419-1431
name=unknown_C
#
# <colnr> <probs for GDERKNQSTAVLIFYWHMCP>
#	G	D	E	R	K	N	Q	S	T	A	V	L	I	F	Y	W	H	M	C	P
0	0.03375	0.08477	0.14018	0.07595	0.08381	0.11453	0.02652	0.11926	0.07913	0.09600	0.02578	0.02756	0.01899	0.01203	0.01065	0.00334	0.01416	0.00932	0.00780	0.01646
1	0.02186	0.01221	0.01237	0.01205	0.01514	0.01269	0.00912	0.03045	0.08527	0.04261	0.03786	0.04197	0.02954	0.01338	0.00832	0.00277	0.00571	0.01077	0.58449	0.01141
2	0.15650	0.07641	0.03392	0.07684	0.13439	0.02938	0.02253	0.12588	0.06520	0.08641	0.02387	0.02683	0.01827	0.01242	0.01236	0.00351	0.06224	0.00924	0.00790	0.01590
3	0.03510	0.04441	0.06592	0.02517	0.03119	0.39606	0.02020	0.03906	0.02963	0.03025	0.02953	0.03193	0.06692	0.01338	0.01021	0.00300	0.01669	0.00936	0.08933	0.01265
4	0.02910	0.02652	0.12212	0.33613	0.05974	0.02300	0.02925	0.03677	0.02526	0.16360	0.02639	0.03107	0.01822	0.01185	0.01117	0.00365	0.01388	0.01005	0.00728	0.01496
5	0.01637	0.01091	0.01228	0.01228	0.01228	0.01091	0.00682	0.01637	0.01637	0.02182	0.03546	0.07365	0.04092	0.60445	0.05729	0.01091	0.01091	0.01637	0.00682	0.00682
6	0.02197	0.02740	0.13640	0.14889	0.04160	0.02111	0.02364	0.03391	0.11166	0.03681	0.08233	0.04124	0.06989	0.01385	0.01096	0.00329	0.01123	0.01161	0.00760	0.14460
7	0.68395	0.02177	0.01654	0.01480	0.02177	0.02525	0.01219	0.03309	0.01915	0.05050	0.01567	0.01828	0.01219	0.01045	0.00697	0.00348	0.00871	0.00609	0.00697	0.01219
8	0.02098	0.01049	0.01049	0.01049	0.01311	0.01049	0.00787	0.02623	0.02360	0.04196	0.03672	0.04196	0.02885	0.01311	0.00787	0.00262	0.00525	0.01049	0.66693	0.01049
9	0.03566	0.03875	0.08573	0.03986	0.18607	0.21334	0.02675	0.07891	0.06667	0.08483	0.02425	0.02678	0.01859	0.01168	0.01080	0.00326	0.01535	0.00922	0.00725	0.01626
10	0.02116	0.01575	0.06947	0.01287	0.01703	0.01221	0.01158	0.02726	0.02362	0.04127	0.03490	0.03996	0.02724	0.01285	0.00818	0.00273	0.00650	0.01025	0.59401	0.01117
11	0.09797	0.07827	0.08090	0.08692	0.23976	0.02645	0.02668	0.03531	0.08527	0.03714	0.02687	0.08152	0.02381	0.01325	0.01065	0.00350	0.01195	0.01151	0.00674	0.01553
12	0.20673	0.02459	0.02555	0.07338	0.03251	0.02797	0.01803	0.19804	0.13710	0.05409	0.02811	0.02936	0.02092	0.01282	0.00989	0.00347	0.01034	0.00963	0.06178	0.01569

[dist]
# distance from previous block
# <min> <max>
0	69

[block]
# block no. 3 follows, 11 sequences, length 25
# corresponding to MSA columns:
# 1507-1531
name=unknown_D
#
# <colnr> <probs for GDERKNQSTAVLIFYWHMCP>
#	G	D	E	R	K	N	Q	S	T	A	V	L	I	F	Y	W	H	M	C	P
0	0.33815	0.12625	0.02957	0.02318	0.07382	0.07585	0.01727	0.03875	0.07339	0.07923	0.02158	0.02325	0.01676	0.01113	0.00847	0.00327	0.01083	0.00763	0.00734	0.01428
1	0.09602	0.02536	0.12150	0.06936	0.03184	0.02068	0.02021	0.03622	0.12189	0.08396	0.03012	0.03624	0.02397	0.06391	0.05238	0.07352	0.01229	0.01056	0.05652	0.01346
2	0.02680	0.09820	0.18900	0.02874	0.04053	0.02701	0.11523	0.08302	0.06339	0.03945	0.02275	0.02600	0.01737	0.01043	0.01038	0.00304	0.01365	0.00915	0.00655	0.16931
3	0.02098	0.01049	0.01049	0.01049	0.01311	0.01049	0.00787	0.02623	0.02360	0.04196	0.03672	0.04196	0.02885	0.01311	0.00787	0.00262	0.00525	0.01049	0.66693	0.01049
4	0.12878	0.03010	0.11005	0.02156	0.02804	0.11487	0.01957	0.03395	0.02546	0.09138	0.07882	0.07910	0.03163	0.01552	0.01262	0.00351	0.06174	0.01168	0.08839	0.01323
5	0.04204	0.05364	0.03190	0.02900	0.03480	0.55926	0.02175	0.04494	0.03190	0.02755	0.01740	0.02030	0.01450	0.01160	0.01015	0.00290	0.02030	0.00725	0.00580	0.01305
6	0.01777	0.01253	0.01691	0.01895	0.02100	0.01253	0.01576	0.02186	0.02391	0.03119	0.05453	0.11577	0.05977	0.15146	0.02431	0.00638	0.01048	0.36566	0.00962	0.00962
7	0.02713	0.02752	0.03957	0.25318	0.30344	0.09112	0.03176	0.03366	0.02523	0.03266	0.02028	0.02773	0.01637	0.01068	0.01106	0.00344	0.01482	0.00968	0.00539	0.01526
8	0.01371	0.00979	0.01306	0.01567	0.01632	0.00914	0.01045	0.01567	0.02155	0.02873	0.06203	0.59710	0.07444	0.03526	0.01437	0.00457	0.00653	0.03200	0.01045	0.00914
9	0.02126	0.02066	0.03784	0.34649	0.06176	0.02321	0.13515	0.02834	0.02296	0.03022	0.02587	0.08968	0.02277	0.01982	0.06086	0.00512	0.01640	0.01321	0.00581	0.01256
10	0.01547	0.01151	0.01609	0.07669	0.02379	0.01162	0.01372	0.01843	0.02201	0.02906	0.05513	0.41776	0.06393	0.07411	0.01741	0.00506	0.00841	0.10068	0.00958	0.00954
11	0.09528	0.02427	0.03284	0.41275	0.11027	0.07990	0.02854	0.03143	0.02340	0.03173	0.01938	0.02755	0.01492	0.01109	0.01067	0.00360	0.01471	0.00930	0.00535	0.01303
12	0.02569	0.03106	0.10331	0.10806	0.05697	0.02777	0.34314	0.03768	0.07822	0.03631	0.02467	0.03095	0.01842	0.01044	0.01259	0.00377	0.01719	0.01235	0.00614	0.01527
13	0.02499	0.02432	0.03822	0.16657	0.21613	0.02965	0.02957	0.03006	0.02135	0.03084	0.01818	0.02696	0.01589	0.01443	0.02217	0.00411	0.25718	0.00995	0.00517	0.01428
14	0.02763	0.02822	0.10759	0.10285	0.28605	0.02431	0.03006	0.03715	0.06906	0.08508	0.06660	0.03432	0.02665	0.01213	0.01131	0.00349	0.01258	0.01099	0.00726	0.01665
15	0.02318	0.02296	0.03741	0.29850	0.05595	0.02924	0.07607	0.02882	0.02077	0.02882	0.01815	0.02784	0.01512	0.01453	0.02198	0.00424	0.24840	0.01028	0.00504	0.01270
16	0.01854	0.01217	0.01538	0.01419	0.01759	0.01095	0.01078	0.02333	0.03079	0.08674	0.41183	0.08430	0.17427	0.02318	0.01311	0.00358	0.00576	0.02015	0.01218	0.01118
17	0.01748	0.01069	0.01285	0.01367	0.01570	0.01031	0.01007	0.02173	0.02490	0.03793	0.14949	0.22668	0.06189	0.02340	0.01161	0.00362	0.00607	0.05561	0.27622	0.01010
18	0.01564	0.01119	0.01522	0.01746	0.01907	0.01076	0.01343	0.01919	0.02428	0.03232	0.10884	0.36348	0.07397	0.03240	0.01471	0.00470	0.00788	0.19508	0.01061	0.00976
19	0.60565	0.02296	0.01865	0.01616	0.02337	0.02643	0.01331	0.08970	0.02328	0.05299	0.01706	0.01935	0.01304	0.01082	0.00749	0.00347	0.00916	0.00659	0.00749	0.01304
20	0.02097	0.01836	0.02825	0.13220	0.19093	0.01928	0.02236	0.02836	0.06730	0.03456	0.08831	0.21664	0.04591	0.02008	0.01244	0.00387	0.01026	0.01832	0.00824	0.01338
21	0.04279	0.03153	0.03378	0.02590	0.03490	0.03490	0.02139	0.49671	0.05292	0.07093	0.02702	0.02702	0.01914	0.01351	0.01126	0.00338	0.01239	0.01013	0.01126	0.01914
22	0.18259	0.13513	0.02891	0.01801	0.02581	0.02417	0.01528	0.04023	0.06580	0.19064	0.07961	0.03337	0.02917	0.01281	0.00946	0.00313	0.00925	0.00970	0.00952	0.07742
23	0.01646	0.01302	0.01501	0.01424	0.01776	0.01234	0.01076	0.02412	0.08849	0.04008	0.32061	0.08764	0.24950	0.02404	0.01306	0.00367	0.00589	0.02064	0.01158	0.01110
24	0.03549	0.02664	0.08491	0.02996	0.03920	0.02292	0.15843	0.04195	0.02721	0.24226	0.03018	0.03171	0.02093	0.01256	0.01470	0.00360	0.08296	0.01104	0.00898	0.07438

[dist]
# distance from previous block
# <min> <max>
0	2

[block]
# block no. 4 follows, 11 sequences, length 35
# corresponding to MSA columns:
# 1534-1568
name=unknown_E
#
# <colnr> <probs for GDERKNQSTAVLIFYWHMCP>
#	G	D	E	R	K	N	Q	S	T	A	V	L	I	F	Y	W	H	M	C	P
0	0.68395	0.02177	0.01654	0.01480	0.02177	0.02525	0.01219	0.03309	0.01915	0.05050	0.01567	0.01828	0.01219	0.01045	0.00697	0.00348	0.00871	0.00609	0.00697	0.01219
1	0.01955	0.00978	0.01466	0.01466	0.01466	0.00978	0.00978	0.01466	0.01466	0.01955	0.01955	0.03421	0.01955	0.03910	0.04399	0.67253	0.00978	0.00978	0.00489	0.00489
2	0.68395	0.02177	0.01654	0.01480	0.02177	0.02525	0.01219	0.03309	0.01915	0.05050	0.01567	0.01828	0.01219	0.01045	0.00697	0.00348	0.00871	0.00609	0.00697	0.01219
3	0.04318	0.01849	0.02405	0.01930	0.02661	0.01686	0.01558	0.08789	0.03216	0.40017	0.04429	0.10288	0.03260	0.01632	0.01140	0.00353	0.00913	0.01356	0.06469	0.01730
4	0.01708	0.01209	0.01418	0.01376	0.01376	0.01294	0.00835	0.01729	0.01644	0.02228	0.03368	0.06944	0.03867	0.55416	0.05554	0.01040	0.06018	0.01581	0.00666	0.00729
5	0.01797	0.01290	0.01590	0.01611	0.01818	0.01273	0.01137	0.07339	0.02729	0.03711	0.17453	0.34170	0.07245	0.09188	0.01842	0.00486	0.00738	0.02475	0.01064	0.01044
6	0.10081	0.07119	0.03528	0.03099	0.10752	0.02186	0.10856	0.03411	0.02522	0.14131	0.03556	0.17189	0.03313	0.01711	0.01161	0.00370	0.01130	0.01567	0.00866	0.01451
7	0.14572	0.07447	0.12848	0.08148	0.07625	0.06851	0.07917	0.03331	0.02327	0.03647	0.02052	0.02581	0.01623	0.01154	0.01205	0.00345	0.06254	0.00890	0.07794	0.01387
8	0.35494	0.09039	0.07474	0.01933	0.02730	0.02789	0.01765	0.11622	0.02602	0.04733	0.01986	0.02340	0.01576	0.01958	0.07274	0.00506	0.01300	0.00773	0.00719	0.01387
9	0.04366	0.01744	0.02334	0.01844	0.02586	0.01528	0.01503	0.04821	0.03136	0.43653	0.10023	0.04400	0.03711	0.01491	0.01122	0.00341	0.00867	0.01230	0.07569	0.01734
10	0.03271	0.02611	0.03554	0.22257	0.18681	0.07333	0.02753	0.09118	0.02951	0.12762	0.02528	0.02967	0.01853	0.01169	0.01114	0.00347	0.01375	0.01001	0.00756	0.01600
11	0.02881	0.02868	0.09194	0.10631	0.35629	0.02569	0.07255	0.03619	0.02587	0.08442	0.02334	0.02889	0.01813	0.01053	0.01131	0.00345	0.01395	0.01027	0.00625	0.01712
12	0.32144	0.20146	0.03299	0.01991	0.02734	0.17451	0.01681	0.03645	0.02366	0.03735	0.01613	0.01876	0.01346	0.01052	0.00790	0.00301	0.01279	0.00638	0.00603	0.01307
13	0.10347	0.31911	0.25066	0.02391	0.03606	0.03486	0.02744	0.03441	0.02280	0.03299	0.01749	0.02039	0.01411	0.01015	0.00859	0.00300	0.01350	0.00696	0.00504	0.01506
14	0.01567	0.01085	0.01351	0.01414	0.01466	0.01105	0.00900	0.01687	0.01793	0.02427	0.04095	0.19526	0.04676	0.37345	0.13679	0.01066	0.01329	0.01939	0.00756	0.00796
15	0.01381	0.01036	0.01282	0.01445	0.01608	0.00937	0.00998	0.01630	0.02352	0.03064	0.11733	0.42642	0.19316	0.03244	0.01400	0.00428	0.00621	0.02885	0.01062	0.00937
16	0.68395	0.02177	0.01654	0.01480	0.02177	0.02525	0.01219	0.03309	0.01915	0.05050	0.01567	0.01828	0.01219	0.01045	0.00697	0.00348	0.00871	0.00609	0.00697	0.01219
17	0.02257	0.05822	0.54613	0.03208	0.04871	0.02614	0.04158	0.03564	0.02376	0.03564	0.02020	0.02376	0.01426	0.01069	0.01069	0.00356	0.01663	0.00832	0.00475	0.01663
18	0.01608	0.01206	0.01809	0.01809	0.02010	0.01407	0.01407	0.02010	0.01809	0.02613	0.03015	0.04422	0.02814	0.08441	0.55984	0.01809	0.03015	0.01206	0.00603	0.01005
19	0.02141	0.01726	0.01977	0.01813	0.02247	0.01851	0.01389	0.03875	0.25076	0.04602	0.30920	0.06496	0.07358	0.01950	0.01245	0.00367	0.00694	0.01689	0.01196	0.01389
20	0.68395	0.02177	0.01654	0.01480	0.02177	0.02525	0.01219	0.03309	0.01915	0.05050	0.01567	0.01828	0.01219	0.01045	0.00697	0.00348	0.00871	0.00609	0.00697	0.01219
21	0.02487	0.22677	0.39765	0.02817	0.04267	0.03175	0.03478	0.03505	0.02349	0.03285	0.01881	0.02202	0.01431	0.01037	0.00964	0.00321	0.01523	0.00762	0.00477	0.01597
22	0.01420	0.01014	0.01362	0.01623	0.01709	0.00956	0.01129	0.01651	0.02203	0.02927	0.06177	0.54564	0.07338	0.03481	0.01450	0.00464	0.00695	0.07868	0.01044	0.00928
23	0.01425	0.01129	0.01282	0.01276	0.01587	0.00986	0.00945	0.01788	0.02743	0.03537	0.25325	0.14538	0.34003	0.02722	0.01339	0.00378	0.00564	0.02334	0.01113	0.00986
24	0.09135	0.08457	0.07397	0.02311	0.03118	0.03037	0.02009	0.12857	0.29858	0.04858	0.03465	0.03332	0.02601	0.01358	0.01053	0.00355	0.01046	0.01064	0.00979	0.01710
25	0.02632	0.02865	0.05624	0.04159	0.05027	0.02959	0.35612	0.03659	0.07158	0.03536	0.02342	0.03036	0.01829	0.01204	0.01773	0.00402	0.12832	0.01256	0.00610	0.01487
26	0.10082	0.24265	0.13383	0.02150	0.03100	0.03099	0.02154	0.03953	0.10715	0.08523	0.06201	0.02999	0.02555	0.01227	0.00940	0.00317	0.01128	0.00915	0.00759	0.01535
27	0.02257	0.05822	0.54613	0.03208	0.04871	0.02614	0.04158	0.03564	0.02376	0.03564	0.02020	0.02376	0.01426	0.01069	0.01069	0.00356	0.01663	0.00832	0.00475	0.01663
28	0.05050	0.01915	0.02612	0.02003	0.02873	0.01654	0.01654	0.05485	0.03221	0.54203	0.04440	0.03831	0.02786	0.01393	0.01132	0.00348	0.00958	0.01132	0.01393	0.01915
29	0.03010	0.44381	0.14589	0.02277	0.03324	0.10129	0.02368	0.03538	0.02409	0.02830	0.01669	0.01937	0.01442	0.01006	0.00821	0.00268	0.01385	0.00659	0.00492	0.01469
30	0.02126	0.02001	0.03376	0.57739	0.07752	0.02501	0.03126	0.02876	0.02251	0.02876	0.02001	0.03001	0.01500	0.01125	0.01125	0.00375	0.01500	0.01000	0.00500	0.01250
31	0.02126	0.02001	0.03376	0.57739	0.07752	0.02501	0.03126	0.02876	0.02251	0.02876	0.02001	0.03001	0.01500	0.01125	0.01125	0.00375	0.01500	0.01000	0.00500	0.01250
32	0.68395	0.02177	0.01654	0.01480	0.02177	0.02525	0.01219	0.03309	0.01915	0.05050	0.01567	0.01828	0.01219	0.01045	0.00697	0.00348	0.00871	0.00609	0.00697	0.01219
33	0.02777	0.02371	0.03356	0.14165	0.20348	0.02552	0.02578	0.13723	0.06808	0.04290	0.03636	0.04539	0.07207	0.01503	0.01180	0.00367	0.01212	0.05013	0.00808	0.01568
34	0.02215	0.01616	0.02257	0.01878	0.02383	0.01517	0.06452	0.07033	0.03180	0.08781	0.27879	0.07457	0.18561	0.02115	0.01291	0.00361	0.00797	0.01862	0.01121	0.01243

[dist]
# distance from previous block
# <min> <max>
0	7

[block]
# block no. 5 follows, 11 sequences, length 68
# corresponding to MSA columns:
# 1577-1644
name=unknown_F
#
# <colnr> <probs for GDERKNQSTAVLIFYWHMCP>
#	G	D	E	R	K	N	Q	S	T	A	V	L	I	F	Y	W	H	M	C	P
0	0.01615	0.01177	0.01665	0.01665	0.01816	0.01329	0.01227	0.01917	0.01766	0.02506	0.03147	0.05152	0.03131	0.21351	0.43508	0.01631	0.02537	0.01313	0.00623	0.00925
1	0.01371	0.00979	0.01306	0.01567	0.01632	0.00914	0.01045	0.01567	0.02155	0.02873	0.06203	0.59710	0.07444	0.03526	0.01437	0.00457	0.00653	0.03200	0.01045	0.00914
2	0.01637	0.01091	0.01228	0.01228	0.01228	0.01091	0.00682	0.01637	0.01637	0.02182	0.03546	0.07365	0.04092	0.60445	0.05729	0.01091	0.01091	0.01637	0.00682	0.00682
3	0.04094	0.10660	0.03476	0.02773	0.03422	0.45653	0.02147	0.08848	0.03308	0.03173	0.01818	0.02074	0.01495	0.01159	0.00997	0.00290	0.01870	0.00741	0.00624	0.01379
4	0.01389	0.00993	0.01322	0.01555	0.01636	0.00926	0.01046	0.01612	0.02238	0.03005	0.09961	0.55576	0.07700	0.03427	0.01428	0.00449	0.00643	0.03106	0.01060	0.00926
5	0.04204	0.05364	0.03190	0.02900	0.03480	0.55926	0.02175	0.04494	0.03190	0.02755	0.01740	0.02030	0.01450	0.01160	0.01015	0.00290	0.02030	0.00725	0.00580	0.01305
6	0.03058	0.11829	0.12726	0.03151	0.08594	0.08560	0.06325	0.12668	0.08290	0.04146	0.02752	0.03637	0.02300	0.01354	0.01107	0.00348	0.01396	0.05410	0.00756	0.01593
7	0.02985	0.03599	0.19879	0.04244	0.14778	0.02532	0.18015	0.03893	0.02653	0.12519	0.02548	0.02927	0.01829	0.01074	0.01172	0.00358	0.01547	0.01078	0.00684	0.01686
8	0.02220	0.01450	0.02012	0.07096	0.02393	0.01629	0.01417	0.06506	0.01962	0.02649	0.02143	0.03605	0.02071	0.08789	0.03823	0.41037	0.06782	0.01049	0.00572	0.00796
9	0.01727	0.01124	0.01384	0.01319	0.01583	0.01059	0.00989	0.02256	0.02967	0.04429	0.39781	0.07290	0.08567	0.02038	0.01184	0.00330	0.00529	0.01774	0.18614	0.01059
10	0.01426	0.01075	0.01320	0.01404	0.01616	0.00968	0.00998	0.01747	0.02577	0.03411	0.21602	0.30864	0.20950	0.02973	0.01375	0.00405	0.00594	0.02624	0.01103	0.00968
11	0.03009	0.61122	0.05898	0.01926	0.02889	0.04454	0.01926	0.03370	0.02287	0.02648	0.01565	0.01805	0.01444	0.00963	0.00722	0.00241	0.01204	0.00602	0.00481	0.01444
12	0.05050	0.01915	0.02612	0.02003	0.02873	0.01654	0.01654	0.05485	0.03221	0.54203	0.04440	0.03831	0.02786	0.01393	0.01132	0.00348	0.00958	0.01132	0.01393	0.01915
13	0.02541	0.02283	0.04038	0.23281	0.15468	0.02497	0.11788	0.03218	0.02377	0.06783	0.02320	0.03133	0.01826	0.01915	0.07111	0.00525	0.05775	0.01094	0.00599	0.01431
14	0.02463	0.02234	0.02624	0.16450	0.03837	0.07539	0.02013	0.07881	0.07421	0.03489	0.06424	0.08020	0.03204	0.08532	0.07062	0.00590	0.06887	0.01319	0.00758	0.01255
15	0.02277	0.02101	0.03601	0.39301	0.14780	0.02412	0.06520	0.03006	0.02346	0.03201	0.02208	0.03086	0.01703	0.01109	0.01105	0.00357	0.01406	0.01031	0.07108	0.01342
16	0.68395	0.02177	0.01654	0.01480	0.02177	0.02525	0.01219	0.03309	0.01915	0.05050	0.01567	0.01828	0.01219	0.01045	0.00697	0.00348	0.00871	0.00609	0.00697	0.01219
17	0.04066	0.05073	0.03126	0.02839	0.03425	0.50676	0.02136	0.04641	0.07953	0.02948	0.02021	0.02244	0.01646	0.01196	0.01028	0.00299	0.01917	0.00779	0.00636	0.01352
18	0.02927	0.02942	0.04431	0.06509	0.48449	0.07978	0.03327	0.03558	0.02625	0.03585	0.02080	0.02710	0.01750	0.01018	0.01104	0.00330	0.01406	0.00975	0.00559	0.01735
19	0.01425	0.01002	0.01290	0.01499	0.01551	0.00950	0.00972	0.01581	0.02051	0.02734	0.05670	0.49195	0.06771	0.14961	0.02299	0.00584	0.00741	0.02886	0.00972	0.00868
20	0.02289	0.02168	0.03672	0.45120	0.19090	0.02544	0.03207	0.03019	0.02328	0.03075	0.02029	0.02947	0.01570	0.01095	0.01123	0.00365	0.01460	0.01001	0.00514	0.01383
21	0.01686	0.01087	0.01209	0.01209	0.01236	0.01087	0.00693	0.01742	0.01714	0.02397	0.03560	0.07028	0.03963	0.54153	0.05203	0.01003	0.01031	0.01574	0.07706	0.00721
22	0.05050	0.01915	0.02612	0.02003	0.02873	0.01654	0.01654	0.05485	0.03221	0.54203	0.04440	0.03831	0.02786	0.01393	0.01132	0.00348	0.00958	0.01132	0.01393	0.01915
23	0.04204	0.05364	0.03190	0.02900	0.03480	0.55926	0.02175	0.04494	0.03190	0.02755	0.01740	0.02030	0.01450	0.01160	0.01015	0.00290	0.02030	0.00725	0.00580	0.01305
24	0.02462	0.02462	0.03447	0.02955	0.02955	0.03447	0.02462	0.02709	0.01724	0.02709	0.01477	0.02462	0.01477	0.01970	0.03694	0.00492	0.58385	0.00985	0.00492	0.01231
25	0.04279	0.03153	0.03378	0.02590	0.03490	0.03490	0.02139	0.49671	0.05292	0.07093	0.02702	0.02702	0.01914	0.01351	0.01126	0.00338	0.01239	0.01013	0.01126	0.01914
26	0.02952	0.02210	0.02905	0.03035	0.12786	0.02308	0.02019	0.08355	0.11676	0.11366	0.08606	0.04282	0.07024	0.01545	0.01409	0.00351	0.07075	0.01245	0.00948	0.07903
27	0.02961	0.13712	0.09363	0.07904	0.13770	0.13386	0.02648	0.03894	0.09501	0.03292	0.02217	0.02611	0.01804	0.01214	0.01282	0.00337	0.07074	0.00897	0.00613	0.01520
28	0.02649	0.02034	0.02382	0.01762	0.02714	0.01645	0.01410	0.03409	0.07308	0.08765	0.02499	0.02668	0.01954	0.00958	0.00894	0.00206	0.00852	0.00773	0.00786	0.54333
29	0.03927	0.04916	0.03010	0.02742	0.03288	0.50088	0.02056	0.04242	0.03189	0.02942	0.07176	0.02708	0.02426	0.01281	0.01048	0.00297	0.01870	0.00864	0.00650	0.01279
30	0.02571	0.01353	0.01484	0.01334	0.01723	0.01349	0.01036	0.07388	0.02815	0.09826	0.08523	0.04431	0.03546	0.01422	0.00909	0.00288	0.00640	0.01152	0.46986	0.01225
31	0.02493	0.02323	0.08056	0.14122	0.13986	0.02154	0.02480	0.06748	0.02625	0.07502	0.07315	0.03798	0.02869	0.03061	0.14756	0.00714	0.01705	0.01144	0.00724	0.01425
32	0.03757	0.01905	0.02416	0.01879	0.02660	0.01689	0.01523	0.08670	0.03242	0.29759	0.13240	0.04315	0.04008	0.01455	0.01110	0.00312	0.00877	0.01204	0.01192	0.14786
33	0.02971	0.02554	0.03454	0.18797	0.20710	0.07726	0.02677	0.07971	0.02833	0.08619	0.02765	0.08843	0.02380	0.01390	0.01144	0.00356	0.01331	0.01219	0.00734	0.01526
34	0.01499	0.01131	0.01385	0.01354	0.01632	0.01017	0.01003	0.01930	0.02916	0.03950	0.36938	0.13993	0.21991	0.02570	0.01339	0.00371	0.00553	0.02241	0.01167	0.01017
35	0.01548	0.01165	0.01458	0.01642	0.01814	0.01136	0.01172	0.02071	0.06960	0.03116	0.06570	0.44605	0.11746	0.03222	0.01409	0.00448	0.00705	0.07147	0.01054	0.01013
36	0.02394	0.01481	0.02252	0.02143	0.02545	0.01423	0.05412	0.02852	0.02546	0.13027	0.05110	0.19021	0.05194	0.03250	0.07148	0.00597	0.01219	0.20147	0.01024	0.01217
37	0.01593	0.01150	0.01504	0.01416	0.01681	0.01062	0.01062	0.02124	0.03186	0.04513	0.52830	0.08407	0.10620	0.02301	0.01327	0.00354	0.00531	0.02035	0.01239	0.01062
38	0.03021	0.35673	0.04749	0.15970	0.04210	0.13913	0.02272	0.03465	0.02452	0.02725	0.01707	0.02146	0.01459	0.01041	0.00879	0.00284	0.01437	0.00725	0.00505	0.01369
39	0.68395	0.02177	0.01654	0.01480	0.02177	0.02525	0.01219	0.03309	0.01915	0.05050	0.01567	0.01828	0.01219	0.01045	0.00697	0.00348	0.00871	0.00609	0.00697	0.01219
40	0.03055	0.49381	0.10797	0.02165	0.03162	0.09664	0.02190	0.03509	0.02391	0.02757	0.01632	0.01890	0.01443	0.00995	0.00790	0.00258	0.01339	0.00639	0.00491	0.01453
41	0.02779	0.02681	0.03225	0.02768	0.02921	0.08406	0.02257	0.07763	0.02224	0.03108	0.01680	0.02537	0.01567	0.02010	0.03223	0.06855	0.41228	0.00962	0.00568	0.01240
42	0.02126	0.02001	0.03376	0.57739	0.07752	0.02501	0.03126	0.02876	0.02251	0.02876	0.02001	0.03001	0.01500	0.01125	0.01125	0.00375	0.01500	0.01000	0.00500	0.01250
43	0.01495	0.01115	0.01389	0.01387	0.01638	0.01010	0.01015	0.01909	0.02856	0.03885	0.35063	0.18831	0.18960	0.02654	0.01349	0.00379	0.00563	0.02332	0.01160	0.01010
44	0.25671	0.02000	0.02300	0.01832	0.02646	0.01938	0.01513	0.04777	0.02796	0.38202	0.03505	0.03179	0.02276	0.01280	0.00990	0.00348	0.00929	0.00962	0.01166	0.01689
45	0.01407	0.01141	0.01257	0.01299	0.01627	0.00992	0.00988	0.01730	0.02589	0.03198	0.14345	0.15392	0.40018	0.02887	0.01362	0.00398	0.00620	0.06720	0.01063	0.00966
46	0.01549	0.01097	0.01352	0.01404	0.01493	0.01106	0.00916	0.01696	0.01862	0.02487	0.04707	0.17487	0.09108	0.33273	0.14558	0.01042	0.01342	0.01930	0.00772	0.00818
47	0.04977	0.02032	0.02684	0.02058	0.02931	0.01827	0.01700	0.09651	0.03417	0.49761	0.04277	0.03725	0.02704	0.01389	0.01131	0.00347	0.00984	0.01121	0.01368	0.01915
48	0.03039	0.14288	0.03714	0.08741	0.15784	0.07818	0.02272	0.07996	0.02806	0.07676	0.02728	0.08353	0.02394	0.01362	0.01036	0.00323	0.01222	0.01128	0.05822	0.01498
49	0.02582	0.07253	0.12010	0.15187	0.23480	0.02790	0.07781	0.03633	0.07592	0.03531	0.02314	0.02868	0.01815	0.01084	0.01106	0.00348	0.01418	0.01008	0.00591	0.01610
50	0.03349	0.30255	0.04358	0.02337	0.03092	0.23305	0.01998	0.03690	0.02589	0.02794	0.01667	0.01988	0.01471	0.01095	0.01053	0.00270	0.05532	0.00681	0.00537	0.07939
51	0.01672	0.01337	0.01431	0.01364	0.01756	0.01225	0.01031	0.06712	0.02877	0.03606	0.14378	0.14588	0.38564	0.02702	0.01319	0.00381	0.00644	0.02278	0.01074	0.01060
52	0.03574	0.02439	0.07162	0.13955	0.14059	0.02218	0.02507	0.04477	0.07961	0.24960	0.03330	0.03388	0.02300	0.01252	0.01124	0.00355	0.01186	0.01072	0.00955	0.01726
53	0.02559	0.07787	0.02703	0.01802	0.02583	0.01956	0.01462	0.02962	0.02267	0.07388	0.02264	0.02944	0.01971	0.07266	0.01646	0.00318	0.06639	0.00831	0.00691	0.41960
54	0.62075	0.02204	0.01826	0.01621	0.02251	0.02613	0.01338	0.03251	0.01897	0.04825	0.01559	0.01889	0.01244	0.01133	0.00984	0.00362	0.06384	0.00645	0.00677	0.01220
55	0.02476	0.21565	0.30447	0.02634	0.03860	0.03036	0.03060	0.03562	0.06161	0.03359	0.02501	0.03445	0.02124	0.01290	0.01023	0.00341	0.01400	0.05587	0.00589	0.01541
56	0.02257	0.05822	0.54613	0.03208	0.04871	0.02614	0.04158	0.03564	0.02376	0.03564	0.02020	0.02376	0.01426	0.01069	0.01069	0.00356	0.01663	0.00832	0.00475	0.01663
57	0.01413	0.01030	0.01342	0.01575	0.01694	0.00958	0.01105	0.01653	0.02244	0.02943	0.06731	0.49571	0.12186	0.03410	0.01438	0.00455	0.00684	0.07592	0.01044	0.00931
58	0.01902	0.01412	0.01564	0.01525	0.01690	0.01501	0.00991	0.02715	0.14105	0.02878	0.04055	0.11510	0.04244	0.40371	0.04180	0.00854	0.01000	0.01693	0.00832	0.00978
59	0.01613	0.01184	0.01697	0.01697	0.01859	0.01346	0.01267	0.01938	0.01776	0.02530	0.03117	0.04990	0.03061	0.18488	0.46276	0.01670	0.02643	0.01289	0.00618	0.00943
60	0.03224	0.51118	0.05412	0.02101	0.02995	0.13689	0.01971	0.03572	0.02449	0.02667	0.01596	0.01846	0.01445	0.00998	0.00775	0.00250	0.01352	0.00624	0.00499	0.01419
61	0.01608	0.01206	0.01809	0.01809	0.02010	0.01407	0.01407	0.02010	0.01809	0.02613	0.03015	0.04422	0.02814	0.08441	0.55984	0.01809	0.03015	0.01206	0.00603	0.01005
62	0.09347	0.02354	0.03012	0.31408	0.05314	0.07616	0.02523	0.03021	0.02208	0.03162	0.01956	0.02772	0.01569	0.01302	0.01553	0.00379	0.12696	0.00934	0.05643	0.01233
63	0.01608	0.01206	0.01809	0.01809	0.02010	0.01407	0.01407	0.02010	0.01809	0.02613	0.03015	0.04422	0.02814	0.08441	0.55984	0.01809	0.03015	0.01206	0.00603	0.01005
64	0.02920	0.14123	0.21469	0.03487	0.13443	0.03131	0.03008	0.12232	0.08080	0.04193	0.02353	0.02606	0.01799	0.01138	0.01035	0.00331	0.01360	0.00904	0.00682	0.01706
65	0.02855	0.19876	0.04445	0.07613	0.17603	0.02884	0.06889	0.03419	0.02579	0.08371	0.06098	0.03833	0.02759	0.01295	0.01070	0.00331	0.01243	0.04614	0.00702	0.01519
66	0.02896	0.39042	0.14790	0.07786	0.03811	0.09032	0.02501	0.03471	0.02391	0.02858	0.01713	0.02056	0.01447	0.01019	0.00858	0.00281	0.01404	0.00698	0.00492	0.01454
67	0.02157	0.01988	0.02549	0.02643	0.09677	0.06026	0.05280	0.02977	0.08120	0.04048	0.28057	0.06480	0.11610	0.01894	0.01253	0.00354	0.00915	0.01682	0.01006	0.01285

[dist]
# distance from previous block
# <min> <max>
0	3

[block]
# block no. 6 follows, 11 sequences, length 8
# corresponding to MSA columns:
# 1648-1655
name=unknown_G
#
# <colnr> <probs for GDERKNQSTAVLIFYWHMCP>
#	G	D	E	R	K	N	Q	S	T	A	V	L	I	F	Y	W	H	M	C	P
0	0.18316	0.02040	0.02586	0.02336	0.07310	0.01932	0.01725	0.04838	0.02884	0.39167	0.03619	0.03310	0.02362	0.01284	0.01038	0.00347	0.00974	0.01009	0.01169	0.01755
1	0.16357	0.02038	0.02319	0.08621	0.03197	0.01843	0.01533	0.02940	0.02235	0.03863	0.01908	0.02310	0.01551	0.00915	0.00841	0.00231	0.00925	0.00696	0.00652	0.45025
2	0.03145	0.21471	0.08127	0.02053	0.02816	0.02725	0.01921	0.03613	0.02623	0.17229	0.09509	0.03977	0.06763	0.01509	0.01316	0.00333	0.07393	0.01121	0.00870	0.01486
3	0.16085	0.01233	0.01506	0.01469	0.01617	0.01307	0.01029	0.01858	0.01562	0.02613	0.01873	0.03083	0.01798	0.03301	0.03611	0.53024	0.00955	0.00899	0.00533	0.00644
4	0.03657	0.01931	0.02777	0.13934	0.03791	0.02037	0.02023	0.04141	0.02787	0.30060	0.08849	0.03957	0.03186	0.01523	0.01536	0.00376	0.09627	0.01182	0.01051	0.01577
5	0.02366	0.06424	0.12150	0.03765	0.09665	0.02600	0.19718	0.03073	0.02371	0.03300	0.02817	0.13422	0.02708	0.01586	0.01545	0.00391	0.08570	0.01483	0.00628	0.01415
6	0.20743	0.10016	0.08281	0.03284	0.13607	0.02733	0.07447	0.06337	0.02526	0.06948	0.02379	0.06648	0.02030	0.01240	0.00997	0.00344	0.01207	0.01036	0.00699	0.01499
7	0.02506	0.13403	0.03487	0.08162	0.16227	0.08731	0.02175	0.02935	0.02428	0.03073	0.03122	0.18812	0.03270	0.01738	0.01106	0.00341	0.01184	0.01504	0.00687	0.05111

[dist]
# distance from previous block
# <min> <max>
0	79

# created by:
# /st0/software/busco_prod/Augustus/scripts/msa2prfl.pl ./align_prep/7577.fa
