[name]
unknown

[dist]
# distance from previous block
# <min> <max>
8	77

[block]
# block no. 0 follows, 10 sequences, length 6
# corresponding to MSA columns:
# 226-231
name=unknown_A
#
# <colnr> <probs for GDERKNQSTAVLIFYWHMCP>
#	G	D	E	R	K	N	Q	S	T	A	V	L	I	F	Y	W	H	M	C	P
0	0.09558	0.20185	0.12122	0.02210	0.03132	0.03154	0.02152	0.04198	0.17609	0.03888	0.03710	0.03691	0.07082	0.01404	0.01008	0.00342	0.01120	0.01068	0.00798	0.01568
1	0.12881	0.07041	0.02964	0.02201	0.02785	0.02755	0.01829	0.12990	0.03183	0.12444	0.11702	0.03830	0.03581	0.01640	0.01649	0.00380	0.12489	0.01163	0.00974	0.01520
2	0.02959	0.02613	0.10608	0.18468	0.04827	0.02236	0.06565	0.03822	0.07187	0.13889	0.02896	0.03382	0.02114	0.01676	0.01691	0.10383	0.01347	0.01092	0.00782	0.01463
3	0.02349	0.01365	0.01789	0.01665	0.01806	0.01418	0.01159	0.08603	0.02136	0.02853	0.02317	0.03867	0.02255	0.09644	0.04181	0.49062	0.01064	0.01090	0.00627	0.00751
4	0.02701	0.02059	0.03315	0.12224	0.09124	0.02091	0.08976	0.03644	0.07886	0.11294	0.18288	0.05102	0.04994	0.01590	0.01263	0.00374	0.01129	0.01473	0.00982	0.01491
5	0.10208	0.25186	0.04214	0.10387	0.03879	0.22441	0.02192	0.03827	0.02660	0.03074	0.01751	0.02137	0.01479	0.01104	0.00917	0.00300	0.01567	0.00731	0.00561	0.01385

[dist]
# distance from previous block
# <min> <max>
0	4

[block]
# block no. 1 follows, 10 sequences, length 11
# corresponding to MSA columns:
# 236-246
name=unknown_B
#
# <colnr> <probs for GDERKNQSTAVLIFYWHMCP>
#	G	D	E	R	K	N	Q	S	T	A	V	L	I	F	Y	W	H	M	C	P
0	0.03318	0.03023	0.10802	0.07738	0.04467	0.06115	0.15311	0.04030	0.02816	0.17771	0.03402	0.10008	0.02742	0.01492	0.01248	0.00382	0.01461	0.01405	0.00878	0.01592
1	0.10068	0.02380	0.03213	0.02346	0.03360	0.02095	0.09638	0.07006	0.02685	0.04247	0.02129	0.02513	0.01699	0.00953	0.00962	0.00248	0.01097	0.00834	0.00716	0.41810
2	0.10413	0.02427	0.03058	0.14473	0.10008	0.02696	0.02289	0.19496	0.03470	0.04941	0.03069	0.12618	0.02800	0.01664	0.01168	0.00380	0.01200	0.01396	0.00886	0.01548
3	0.02150	0.02018	0.02518	0.17891	0.03995	0.08353	0.02070	0.02656	0.02179	0.02797	0.02646	0.03835	0.02337	0.05585	0.32331	0.01243	0.02533	0.01123	0.00589	0.01151
4	0.04345	0.05543	0.03296	0.02996	0.03596	0.54457	0.02247	0.04644	0.03296	0.02846	0.01798	0.02097	0.01498	0.01199	0.01049	0.00300	0.02097	0.00749	0.00599	0.01348
5	0.03132	0.01473	0.01843	0.01608	0.02139	0.01306	0.01255	0.03545	0.02896	0.23930	0.10085	0.12589	0.13946	0.02079	0.01204	0.00365	0.00753	0.01756	0.12680	0.01417
6	0.12060	0.02708	0.03218	0.02511	0.03392	0.02867	0.05334	0.23332	0.09786	0.17915	0.03308	0.03192	0.02295	0.01359	0.01129	0.00362	0.01166	0.01084	0.01138	0.01842
7	0.02412	0.02067	0.02412	0.01723	0.02756	0.01550	0.01378	0.02929	0.02412	0.03790	0.02067	0.02412	0.01723	0.00861	0.00861	0.00172	0.00861	0.00689	0.00689	0.66236
8	0.56187	0.02428	0.02025	0.01733	0.02490	0.02786	0.01428	0.11321	0.02598	0.05593	0.01827	0.02049	0.01387	0.01136	0.00798	0.00358	0.00967	0.00704	0.00798	0.01387
9	0.08624	0.02890	0.11635	0.08988	0.03852	0.02387	0.02324	0.13281	0.03289	0.19190	0.03138	0.03226	0.02164	0.01299	0.01080	0.00352	0.01191	0.01021	0.08378	0.01690
10	0.03513	0.02188	0.02719	0.08818	0.03495	0.02282	0.01885	0.10662	0.14900	0.17708	0.03530	0.03601	0.02553	0.01707	0.01564	0.08511	0.01074	0.01112	0.01043	0.07135

[dist]
# distance from previous block
# <min> <max>
6	39

[block]
# block no. 2 follows, 10 sequences, length 17
# corresponding to MSA columns:
# 288-304
name=unknown_C
#
# <colnr> <probs for GDERKNQSTAVLIFYWHMCP>
#	G	D	E	R	K	N	Q	S	T	A	V	L	I	F	Y	W	H	M	C	P
0	0.11856	0.12800	0.19254	0.02657	0.03830	0.02847	0.06404	0.07357	0.02832	0.15648	0.02619	0.02725	0.01844	0.01174	0.01039	0.00346	0.01349	0.00922	0.00805	0.01690
1	0.02503	0.08010	0.02868	0.23175	0.04463	0.02148	0.02047	0.03084	0.02441	0.07429	0.02947	0.07222	0.02452	0.01359	0.01026	0.00326	0.01096	0.01139	0.16113	0.08153
2	0.02871	0.03206	0.19471	0.02555	0.03531	0.02027	0.05703	0.03860	0.06295	0.15516	0.12081	0.10011	0.04325	0.01704	0.01233	0.00380	0.01186	0.01483	0.00977	0.01587
3	0.01483	0.01137	0.01359	0.01400	0.01662	0.01013	0.01013	0.01844	0.02765	0.03639	0.24440	0.23111	0.25070	0.02932	0.01403	0.00405	0.00598	0.02560	0.01152	0.01013
4	0.02390	0.08873	0.19383	0.11231	0.04475	0.02456	0.09633	0.03162	0.02366	0.03412	0.02353	0.03032	0.01840	0.01444	0.01445	0.07478	0.01412	0.00996	0.11251	0.01370
5	0.03069	0.15945	0.03386	0.02197	0.02916	0.03033	0.01824	0.05082	0.28900	0.09195	0.03819	0.03734	0.02927	0.02126	0.06310	0.00501	0.01220	0.01128	0.00992	0.01694
6	0.01955	0.01407	0.01814	0.01916	0.02228	0.01428	0.01597	0.02792	0.07907	0.03984	0.16523	0.10376	0.07058	0.02681	0.01438	0.00458	0.00886	0.25832	0.06559	0.01162
7	0.02252	0.02026	0.03192	0.29538	0.14431	0.02290	0.02674	0.03163	0.06504	0.03686	0.13999	0.04488	0.04009	0.01462	0.01212	0.00375	0.01229	0.01311	0.00764	0.01395
8	0.01958	0.01032	0.01469	0.01469	0.01469	0.01032	0.00953	0.01548	0.01548	0.02064	0.02329	0.04301	0.02435	0.14385	0.04804	0.53948	0.01032	0.01138	0.00543	0.00543
9	0.67341	0.02249	0.01709	0.01529	0.02249	0.02609	0.01260	0.03419	0.01979	0.05218	0.01619	0.01889	0.01260	0.01080	0.00720	0.00360	0.00900	0.00630	0.00720	0.01260
10	0.01471	0.01054	0.01398	0.01582	0.01699	0.00981	0.01084	0.01756	0.02480	0.03372	0.17069	0.46560	0.08472	0.03343	0.01458	0.00447	0.00645	0.03020	0.01127	0.00981
11	0.01699	0.01395	0.01906	0.14421	0.03180	0.01417	0.01543	0.02228	0.02878	0.03824	0.28211	0.08081	0.20363	0.02252	0.01323	0.00379	0.00798	0.01950	0.01041	0.01110
12	0.02241	0.01844	0.02140	0.01615	0.02403	0.01450	0.01218	0.02634	0.02241	0.03425	0.02447	0.03647	0.02318	0.14709	0.02064	0.00399	0.00925	0.00927	0.00693	0.50662
13	0.04109	0.16702	0.04109	0.02513	0.03459	0.03843	0.02158	0.37415	0.04730	0.06238	0.02513	0.02572	0.01863	0.01301	0.01064	0.00325	0.01271	0.00946	0.01005	0.01863
14	0.02394	0.01643	0.02003	0.01809	0.02085	0.01781	0.01319	0.12765	0.02603	0.03535	0.03003	0.04893	0.02928	0.21675	0.17452	0.13336	0.01670	0.01292	0.00755	0.01059
15	0.02954	0.02374	0.03067	0.15680	0.09498	0.02689	0.02345	0.05084	0.28832	0.08990	0.03810	0.03849	0.02824	0.01407	0.01174	0.00384	0.01127	0.01204	0.00984	0.01724
16	0.02815	0.07159	0.04539	0.21884	0.24306	0.02953	0.07856	0.07744	0.02809	0.03787	0.02180	0.02888	0.01726	0.01103	0.01147	0.00357	0.01476	0.01039	0.00610	0.01622

[dist]
# distance from previous block
# <min> <max>
0	5

[block]
# block no. 3 follows, 10 sequences, length 19
# corresponding to MSA columns:
# 310-328
name=unknown_D
#
# <colnr> <probs for GDERKNQSTAVLIFYWHMCP>
#	G	D	E	R	K	N	Q	S	T	A	V	L	I	F	Y	W	H	M	C	P
0	0.13698	0.02491	0.03657	0.13609	0.27973	0.02669	0.02820	0.07732	0.02734	0.04196	0.02416	0.06479	0.02103	0.01276	0.01104	0.00364	0.01271	0.01121	0.00683	0.01605
1	0.13208	0.01989	0.02405	0.09237	0.03246	0.02000	0.01689	0.02832	0.02310	0.03807	0.06099	0.07833	0.02836	0.01428	0.01293	0.00311	0.07002	0.01100	0.00731	0.28644
2	0.03441	0.45264	0.05344	0.02260	0.03149	0.17976	0.02059	0.03794	0.02613	0.02766	0.01665	0.01928	0.01494	0.01050	0.00827	0.00262	0.01473	0.00656	0.00525	0.01454
3	0.01900	0.01474	0.01829	0.01705	0.01705	0.01723	0.01154	0.01962	0.01713	0.02388	0.03142	0.06373	0.03568	0.45172	0.05406	0.00976	0.14783	0.01527	0.00657	0.00843
4	0.01871	0.01961	0.10263	0.01861	0.02216	0.01466	0.01619	0.02104	0.01833	0.02577	0.02825	0.04796	0.02812	0.20160	0.19904	0.17143	0.01818	0.01246	0.00594	0.00931
5	0.02496	0.02014	0.03280	0.38137	0.11406	0.02314	0.02825	0.03199	0.02592	0.08237	0.09026	0.03922	0.02997	0.01342	0.01191	0.00377	0.01340	0.01193	0.00719	0.01393
6	0.02759	0.01750	0.02259	0.02222	0.02688	0.01772	0.01909	0.10546	0.03237	0.10826	0.05376	0.10130	0.05378	0.02665	0.01472	0.00480	0.01095	0.30952	0.01137	0.01348
7	0.01691	0.01128	0.01268	0.01268	0.01268	0.01128	0.00705	0.01691	0.01691	0.02255	0.03665	0.07611	0.04228	0.59126	0.05920	0.01128	0.01128	0.01691	0.00705	0.00705
8	0.04345	0.05543	0.03296	0.02996	0.03596	0.54457	0.02247	0.04644	0.03296	0.02846	0.01798	0.02097	0.01498	0.01199	0.01049	0.00300	0.02097	0.00749	0.00599	0.01348
9	0.10255	0.01881	0.02392	0.01888	0.02686	0.01703	0.01548	0.05068	0.03089	0.41933	0.04220	0.03828	0.02751	0.01396	0.01082	0.00348	0.00921	0.01111	0.10106	0.01794
10	0.02196	0.02067	0.03488	0.56331	0.08010	0.02584	0.03230	0.02972	0.02326	0.02972	0.02067	0.03101	0.01550	0.01163	0.01163	0.00388	0.01550	0.01034	0.00517	0.01292
11	0.03510	0.02343	0.02639	0.02123	0.02804	0.02475	0.01715	0.26638	0.04354	0.10808	0.16498	0.04694	0.04659	0.01668	0.01187	0.00347	0.00976	0.01356	0.07560	0.01646
12	0.02333	0.06016	0.53100	0.03315	0.05034	0.02701	0.04297	0.03683	0.02455	0.03683	0.02087	0.02455	0.01473	0.01105	0.01105	0.00368	0.01719	0.00859	0.00491	0.01719
13	0.14191	0.02666	0.02712	0.02311	0.03054	0.03042	0.01845	0.17241	0.29492	0.05604	0.03673	0.03499	0.02730	0.01444	0.01100	0.00376	0.01016	0.01125	0.01100	0.01781
14	0.01484	0.01104	0.01391	0.01547	0.01734	0.01011	0.01110	0.01790	0.02524	0.03317	0.14568	0.36552	0.17431	0.03259	0.01454	0.00444	0.00672	0.06511	0.01110	0.00988
15	0.03718	0.02078	0.02327	0.02002	0.02627	0.07176	0.01547	0.04082	0.02909	0.27828	0.04620	0.20208	0.04095	0.02035	0.01225	0.00371	0.01002	0.01733	0.01173	0.07244
16	0.13345	0.05097	0.39879	0.03170	0.04667	0.02709	0.08049	0.03643	0.02404	0.03946	0.02034	0.02427	0.01466	0.01088	0.01066	0.00369	0.01604	0.00871	0.00539	0.01627
17	0.13531	0.02445	0.03803	0.22532	0.28927	0.02678	0.03067	0.03345	0.02428	0.03764	0.02052	0.02785	0.01647	0.01086	0.01082	0.00362	0.01356	0.00967	0.00580	0.01561
18	0.07810	0.12130	0.03710	0.02336	0.03315	0.02656	0.07892	0.07887	0.06879	0.04156	0.02301	0.02585	0.01840	0.01032	0.00959	0.00266	0.01125	0.00856	0.00735	0.29528

[dist]
# distance from previous block
# <min> <max>
0	2

[block]
# block no. 4 follows, 10 sequences, length 7
# corresponding to MSA columns:
# 331-337
name=unknown_E
#
# <colnr> <probs for GDERKNQSTAVLIFYWHMCP>
#	G	D	E	R	K	N	Q	S	T	A	V	L	I	F	Y	W	H	M	C	P
0	0.03203	0.01808	0.02269	0.02025	0.02604	0.01795	0.01642	0.04391	0.14654	0.20654	0.15085	0.06902	0.05563	0.02030	0.01304	0.00405	0.00893	0.09932	0.01268	0.01573
1	0.01691	0.01128	0.01268	0.01268	0.01268	0.01128	0.00705	0.01691	0.01691	0.02255	0.03665	0.07611	0.04228	0.59126	0.05920	0.01128	0.01128	0.01691	0.00705	0.00705
2	0.03950	0.03180	0.03720	0.10541	0.10457	0.12969	0.06396	0.13868	0.03515	0.15694	0.02802	0.03010	0.02000	0.01253	0.01159	0.00350	0.01483	0.01042	0.00903	0.01708
3	0.02953	0.02499	0.03338	0.40850	0.06641	0.09104	0.02862	0.03615	0.02610	0.10865	0.02434	0.03108	0.01755	0.01211	0.01149	0.00372	0.01531	0.01019	0.00674	0.01409
4	0.01799	0.01305	0.01833	0.02391	0.09607	0.01262	0.01423	0.02147	0.02336	0.03373	0.05218	0.38795	0.05825	0.02774	0.01298	0.00412	0.00761	0.02503	0.13823	0.01115
5	0.01773	0.01356	0.01660	0.01725	0.01967	0.01374	0.01236	0.02684	0.11971	0.03810	0.18365	0.34013	0.07768	0.02886	0.01394	0.00428	0.00689	0.02581	0.01155	0.01165
6	0.08563	0.03186	0.13081	0.02559	0.03662	0.02451	0.05805	0.13557	0.03288	0.16076	0.02805	0.02880	0.01966	0.01187	0.01076	0.00325	0.01241	0.00961	0.00922	0.14410

[dist]
# distance from previous block
# <min> <max>
0	7

[block]
# block no. 5 follows, 10 sequences, length 18
# corresponding to MSA columns:
# 345-362
name=unknown_F
#
# <colnr> <probs for GDERKNQSTAVLIFYWHMCP>
#	G	D	E	R	K	N	Q	S	T	A	V	L	I	F	Y	W	H	M	C	P
0	0.09360	0.02889	0.03306	0.23340	0.05129	0.08597	0.02546	0.17885	0.03378	0.04580	0.02187	0.02730	0.01655	0.01309	0.01334	0.00373	0.06162	0.00968	0.00755	0.01517
1	0.16909	0.02376	0.03734	0.27922	0.15778	0.02668	0.07881	0.03283	0.02364	0.03732	0.02025	0.02788	0.01572	0.01097	0.01085	0.00373	0.01416	0.00983	0.00583	0.01432
2	0.02196	0.02067	0.03488	0.56331	0.08010	0.02584	0.03230	0.02972	0.02326	0.02972	0.02067	0.03101	0.01550	0.01163	0.01163	0.00388	0.01550	0.01034	0.00517	0.01292
3	0.13527	0.01384	0.01375	0.01272	0.01691	0.01413	0.00991	0.03169	0.02464	0.10037	0.03518	0.03879	0.02679	0.01318	0.00838	0.00296	0.00654	0.01017	0.47260	0.01216
4	0.01546	0.01131	0.01453	0.01487	0.01705	0.01037	0.01071	0.01959	0.02887	0.03972	0.33026	0.24975	0.13746	0.02841	0.01408	0.00403	0.00593	0.02525	0.01196	0.01037
5	0.01646	0.01189	0.01555	0.01463	0.01738	0.01097	0.01097	0.02195	0.03292	0.04664	0.51257	0.08688	0.10974	0.02378	0.01372	0.00366	0.00549	0.02103	0.01280	0.01097
6	0.01556	0.01157	0.01526	0.01658	0.01850	0.01068	0.01154	0.01817	0.02209	0.03033	0.05564	0.46244	0.06502	0.03877	0.07133	0.00589	0.00959	0.02788	0.00986	0.08331
7	0.01611	0.01250	0.01481	0.01501	0.01786	0.01177	0.01094	0.02227	0.06835	0.03768	0.23285	0.22726	0.21302	0.02824	0.01387	0.00406	0.00627	0.02470	0.01158	0.01086
8	0.03715	0.25921	0.04343	0.08624	0.03794	0.23088	0.02199	0.04115	0.02824	0.08447	0.02073	0.02332	0.01658	0.01142	0.00957	0.00297	0.01576	0.00780	0.00645	0.01469
9	0.59668	0.02216	0.01832	0.01596	0.02338	0.02498	0.01315	0.03697	0.02146	0.11080	0.01986	0.02145	0.01460	0.01124	0.00775	0.00360	0.00911	0.00696	0.00809	0.01348
10	0.01691	0.01128	0.01268	0.01268	0.01268	0.01128	0.00705	0.01691	0.01691	0.02255	0.03665	0.07611	0.04228	0.59126	0.05920	0.01128	0.01128	0.01691	0.00705	0.00705
11	0.01665	0.01232	0.01799	0.01799	0.01983	0.01416	0.01367	0.02032	0.01848	0.02648	0.03179	0.04924	0.03061	0.14596	0.48854	0.01783	0.02884	0.01298	0.00633	0.01000
12	0.02333	0.06016	0.53100	0.03315	0.05034	0.02701	0.04297	0.03683	0.02455	0.03683	0.02087	0.02455	0.01473	0.01105	0.01105	0.00368	0.01719	0.00859	0.00491	0.01719
13	0.02020	0.01010	0.01515	0.01515	0.01515	0.01010	0.01010	0.01515	0.01515	0.02020	0.02020	0.03535	0.02020	0.04040	0.04545	0.66162	0.01010	0.01010	0.00505	0.00505
14	0.03141	0.02458	0.04236	0.19582	0.24157	0.02524	0.08546	0.03843	0.02707	0.13365	0.02656	0.03189	0.01959	0.01146	0.01186	0.00366	0.01422	0.01104	0.00734	0.01682
15	0.03372	0.02967	0.09696	0.05234	0.29605	0.02521	0.08332	0.04110	0.02804	0.15652	0.02779	0.03125	0.02045	0.01135	0.01177	0.00357	0.01390	0.01089	0.00778	0.01830
16	0.02473	0.11840	0.41991	0.03359	0.04928	0.02949	0.09386	0.03665	0.02481	0.03580	0.02066	0.02472	0.01511	0.01077	0.01097	0.00358	0.01694	0.00896	0.00504	0.01674
17	0.21306	0.02235	0.02909	0.07702	0.14695	0.02426	0.02151	0.03331	0.02430	0.07735	0.07648	0.03270	0.02711	0.01342	0.01340	0.00361	0.07570	0.01017	0.00758	0.07064

[dist]
# distance from previous block
# <min> <max>
0	6

[block]
# block no. 6 follows, 10 sequences, length 12
# corresponding to MSA columns:
# 369-380
name=unknown_G
#
# <colnr> <probs for GDERKNQSTAVLIFYWHMCP>
#	G	D	E	R	K	N	Q	S	T	A	V	L	I	F	Y	W	H	M	C	P
0	0.20456	0.02569	0.03378	0.09570	0.11475	0.02798	0.06731	0.14880	0.03174	0.04961	0.02580	0.03640	0.02151	0.01363	0.01106	0.00378	0.01272	0.05155	0.00809	0.01553
1	0.13596	0.01993	0.02522	0.11007	0.08429	0.02165	0.01917	0.03727	0.11904	0.08301	0.17017	0.04804	0.04766	0.01591	0.01151	0.00371	0.00963	0.01342	0.00983	0.01450
2	0.02879	0.02763	0.04721	0.07139	0.51871	0.02763	0.03569	0.03569	0.02648	0.03800	0.02188	0.02879	0.01842	0.01036	0.01151	0.00345	0.01382	0.01036	0.00576	0.01842
3	0.02745	0.03137	0.06863	0.04902	0.06078	0.02941	0.47647	0.03725	0.02745	0.03725	0.02353	0.03137	0.01765	0.00980	0.01373	0.00392	0.01961	0.01373	0.00588	0.01569
4	0.02412	0.02067	0.02412	0.01723	0.02756	0.01550	0.01378	0.02929	0.02412	0.03790	0.02067	0.02412	0.01723	0.00861	0.00861	0.00172	0.00861	0.00689	0.00689	0.66236
5	0.01666	0.01227	0.01774	0.01774	0.01948	0.01402	0.01335	0.02016	0.01841	0.02629	0.03202	0.05052	0.03117	0.16727	0.46800	0.01751	0.02800	0.01317	0.00636	0.00985
6	0.01925	0.01607	0.02326	0.02220	0.02379	0.02008	0.01797	0.02311	0.01941	0.02819	0.03046	0.05033	0.02982	0.06270	0.34610	0.01345	0.17392	0.06237	0.00645	0.01105
7	0.01508	0.01167	0.01374	0.01357	0.01661	0.01033	0.01004	0.01914	0.02914	0.03848	0.29998	0.14650	0.27898	0.02745	0.01384	0.00388	0.00578	0.02372	0.01175	0.01033
8	0.02847	0.02374	0.03088	0.08909	0.03494	0.02965	0.02238	0.14313	0.02869	0.04131	0.02328	0.03086	0.01950	0.02437	0.08118	0.00579	0.24288	0.01059	0.07516	0.01410
9	0.02263	0.01596	0.02142	0.13520	0.03328	0.01718	0.01668	0.03072	0.09825	0.08367	0.04565	0.23814	0.04636	0.11682	0.02064	0.00538	0.01010	0.02010	0.00951	0.01231
10	0.03982	0.07912	0.12337	0.02910	0.08225	0.02658	0.02476	0.12493	0.06841	0.23336	0.03348	0.03229	0.02299	0.01305	0.01121	0.00351	0.01226	0.01044	0.01038	0.01868
11	0.29252	0.21277	0.11353	0.01982	0.02983	0.03145	0.01989	0.03427	0.02226	0.04021	0.01742	0.02029	0.01419	0.01032	0.00805	0.00305	0.01136	0.00670	0.00609	0.08597

[dist]
# distance from previous block
# <min> <max>
0	30

[block]
# block no. 7 follows, 10 sequences, length 16
# corresponding to MSA columns:
# 411-426
name=unknown_H
#
# <colnr> <probs for GDERKNQSTAVLIFYWHMCP>
#	G	D	E	R	K	N	Q	S	T	A	V	L	I	F	Y	W	H	M	C	P
0	0.31201	0.17526	0.08754	0.02298	0.03259	0.03263	0.06727	0.08005	0.02559	0.04486	0.01862	0.02163	0.01466	0.01082	0.00879	0.00335	0.01221	0.00771	0.00671	0.01471
1	0.02622	0.07483	0.14253	0.10687	0.11929	0.02316	0.02639	0.03378	0.02611	0.07682	0.07417	0.03513	0.02805	0.01249	0.01069	0.00326	0.01211	0.01051	0.07423	0.08337
2	0.02292	0.01601	0.01989	0.01670	0.02283	0.01318	0.01276	0.02741	0.02691	0.08970	0.15796	0.16544	0.05516	0.01923	0.01161	0.00308	0.00754	0.01678	0.01005	0.28485
3	0.01624	0.01160	0.01587	0.01856	0.02014	0.01123	0.01439	0.01977	0.02430	0.03200	0.06296	0.37917	0.07241	0.03449	0.01540	0.00501	0.00854	0.21717	0.01076	0.01002
4	0.02442	0.01540	0.02240	0.15423	0.03546	0.01646	0.01776	0.03003	0.02656	0.11741	0.15401	0.05116	0.04618	0.03117	0.12307	0.00673	0.01409	0.01378	0.08690	0.01279
5	0.01719	0.01132	0.01407	0.01498	0.01664	0.01093	0.01080	0.02071	0.02470	0.03538	0.15420	0.21784	0.06798	0.13008	0.02164	0.00541	0.00761	0.08128	0.12747	0.00978
6	0.04537	0.01779	0.02338	0.01849	0.02608	0.01570	0.01509	0.05007	0.03130	0.41875	0.04411	0.04043	0.02902	0.01421	0.01090	0.00340	0.00890	0.01150	0.15772	0.01779
7	0.38208	0.02335	0.02302	0.01882	0.02691	0.02503	0.01553	0.11479	0.02964	0.19863	0.02708	0.02662	0.01866	0.01240	0.00929	0.00358	0.00990	0.00862	0.01010	0.01595
8	0.01506	0.01080	0.01429	0.01559	0.01706	0.01004	0.01086	0.01842	0.02639	0.03625	0.23756	0.39153	0.08962	0.03154	0.01441	0.00431	0.00626	0.02841	0.01157	0.01004
9	0.01708	0.01178	0.01723	0.01799	0.01955	0.01279	0.01366	0.01944	0.01964	0.02721	0.03837	0.14326	0.04001	0.06412	0.30756	0.12582	0.02102	0.06680	0.00732	0.00935
10	0.03074	0.50331	0.05521	0.02052	0.02992	0.04319	0.01965	0.03929	0.10215	0.03089	0.02133	0.02275	0.01833	0.01092	0.00819	0.00273	0.01190	0.00737	0.00611	0.01550
11	0.02863	0.02375	0.02684	0.06537	0.03337	0.02572	0.01856	0.11329	0.26696	0.04889	0.08494	0.04126	0.03600	0.01479	0.01144	0.00347	0.00978	0.01228	0.01055	0.12408
12	0.02007	0.01900	0.10094	0.01848	0.02208	0.01398	0.01634	0.02124	0.01846	0.02688	0.02461	0.03672	0.02229	0.04330	0.14837	0.33974	0.01553	0.01046	0.07264	0.00886
13	0.02734	0.08454	0.04866	0.15685	0.22583	0.02966	0.13000	0.03748	0.07529	0.03618	0.02410	0.03033	0.01909	0.01102	0.01165	0.00360	0.01483	0.01098	0.00622	0.01633
14	0.29475	0.12592	0.06959	0.01903	0.02827	0.02646	0.01753	0.03935	0.02449	0.15765	0.02406	0.02475	0.01749	0.01130	0.00877	0.00322	0.01044	0.00781	0.00830	0.08084
15	0.03104	0.09027	0.03784	0.16889	0.04637	0.02383	0.09063	0.03693	0.02649	0.15857	0.03151	0.08828	0.02569	0.01412	0.01149	0.00352	0.01272	0.01271	0.00837	0.08074

[dist]
# distance from previous block
# <min> <max>
2	8

[block]
# block no. 8 follows, 10 sequences, length 12
# corresponding to MSA columns:
# 435-446
name=unknown_I
#
# <colnr> <probs for GDERKNQSTAVLIFYWHMCP>
#	G	D	E	R	K	N	Q	S	T	A	V	L	I	F	Y	W	H	M	C	P
0	0.02473	0.02417	0.07332	0.01938	0.02838	0.01863	0.01694	0.07566	0.06471	0.04013	0.03728	0.03928	0.08925	0.01507	0.01264	0.04719	0.00965	0.01064	0.00800	0.34495
1	0.01712	0.01321	0.01933	0.12557	0.03156	0.01389	0.01749	0.02130	0.02385	0.03127	0.05477	0.33507	0.06174	0.03022	0.01459	0.00475	0.00970	0.15441	0.00966	0.01052
2	0.02308	0.01915	0.02692	0.20447	0.04319	0.02271	0.02162	0.05994	0.10251	0.03585	0.07584	0.04108	0.03128	0.03047	0.11325	0.06485	0.05104	0.01222	0.00761	0.01290
3	0.02783	0.03191	0.12570	0.02554	0.03420	0.02855	0.02325	0.05688	0.40451	0.04632	0.04212	0.03968	0.03141	0.01485	0.01168	0.00389	0.01078	0.01225	0.01047	0.01817
4	0.02637	0.01515	0.01875	0.01697	0.02111	0.01542	0.01302	0.03478	0.09293	0.13487	0.12428	0.05376	0.04567	0.08141	0.11973	0.00711	0.01239	0.01401	0.13900	0.01327
5	0.03793	0.02453	0.02772	0.02323	0.03091	0.02646	0.01855	0.11952	0.29835	0.19278	0.04416	0.04008	0.03130	0.01511	0.01177	0.00378	0.00992	0.01234	0.01256	0.01901
6	0.01434	0.01157	0.01277	0.01297	0.01620	0.00999	0.00954	0.01766	0.02717	0.03417	0.18796	0.17381	0.37247	0.02933	0.01390	0.00399	0.00593	0.02506	0.01119	0.00999
7	0.01441	0.01109	0.01318	0.01416	0.01650	0.00986	0.01005	0.01741	0.02584	0.03337	0.16477	0.30819	0.25657	0.03142	0.01421	0.00422	0.00618	0.02755	0.01115	0.00986
8	0.02893	0.02498	0.02630	0.02367	0.03024	0.02893	0.01841	0.06180	0.49770	0.04865	0.04734	0.04339	0.03550	0.01578	0.01183	0.00394	0.00920	0.01315	0.01183	0.01841
9	0.02222	0.01819	0.02282	0.09696	0.03226	0.02008	0.01823	0.03796	0.19925	0.04264	0.18500	0.07189	0.06098	0.02079	0.01320	0.00413	0.00929	0.09926	0.01096	0.01390
10	0.03031	0.32724	0.13865	0.02194	0.03323	0.03363	0.02275	0.03624	0.02484	0.07975	0.02083	0.02287	0.01669	0.01033	0.00877	0.00267	0.01233	0.00733	0.00626	0.14334
11	0.10963	0.02915	0.03161	0.02446	0.03349	0.03149	0.02020	0.35518	0.04712	0.15630	0.03010	0.02920	0.02074	0.01372	0.01120	0.00352	0.01187	0.01028	0.01170	0.01905

[dist]
# distance from previous block
# <min> <max>
0	1

[block]
# block no. 9 follows, 10 sequences, length 17
# corresponding to MSA columns:
# 448-451,475-487
name=unknown_J
#
# <colnr> <probs for GDERKNQSTAVLIFYWHMCP>
#	G	D	E	R	K	N	Q	S	T	A	V	L	I	F	Y	W	H	M	C	P
0	0.24685	0.02933	0.02917	0.02307	0.03170	0.03285	0.01904	0.33638	0.04345	0.06650	0.02415	0.02502	0.01747	0.01294	0.01021	0.00353	0.01157	0.00913	0.01021	0.01747
1	0.20466	0.02679	0.07400	0.07397	0.14888	0.02450	0.02316	0.03619	0.07195	0.04223	0.02247	0.02633	0.01775	0.01082	0.00969	0.00322	0.01131	0.00861	0.00690	0.15656
2	0.02587	0.02770	0.09942	0.23961	0.05290	0.02401	0.02634	0.09149	0.02797	0.03926	0.02168	0.02745	0.01654	0.01088	0.01056	0.00309	0.01312	0.00899	0.00657	0.22654
3	0.01454	0.01028	0.01339	0.01572	0.01630	0.00969	0.01029	0.01629	0.02154	0.02872	0.06039	0.51497	0.07223	0.11154	0.02085	0.00561	0.00736	0.03088	0.01029	0.00912
4	0.08589	0.02762	0.07144	0.11836	0.04563	0.02648	0.11584	0.14364	0.03383	0.11396	0.07454	0.03557	0.02778	0.01328	0.01187	0.00370	0.01352	0.01185	0.00904	0.01616
5	0.02138	0.01212	0.01666	0.01630	0.01719	0.01265	0.01123	0.02147	0.08047	0.02405	0.02388	0.03644	0.02227	0.03707	0.04090	0.57259	0.00998	0.01051	0.00597	0.00686
6	0.01417	0.01012	0.01350	0.01619	0.01687	0.00945	0.01080	0.01619	0.02227	0.02969	0.06410	0.58367	0.07692	0.03644	0.01484	0.00472	0.00675	0.03306	0.01080	0.00945
7	0.02545	0.02545	0.03562	0.03053	0.03053	0.03562	0.02545	0.02799	0.01781	0.02799	0.01527	0.02545	0.01527	0.02036	0.03817	0.00509	0.56997	0.01018	0.00509	0.01272
8	0.03017	0.54042	0.05601	0.01901	0.02825	0.04256	0.01874	0.03407	0.02371	0.02894	0.01831	0.02109	0.01639	0.01030	0.00753	0.00251	0.01175	0.00667	0.06905	0.01452
9	0.02196	0.02067	0.03488	0.56331	0.08010	0.02584	0.03230	0.02972	0.02326	0.02972	0.02067	0.03101	0.01550	0.01163	0.01163	0.00388	0.01550	0.01034	0.00517	0.01292
10	0.01924	0.01563	0.02462	0.02387	0.02796	0.01509	0.08015	0.02487	0.02683	0.03467	0.06417	0.11483	0.12222	0.02870	0.01542	0.00496	0.01126	0.32418	0.01006	0.01127
11	0.02412	0.02067	0.02412	0.01723	0.02756	0.01550	0.01378	0.02929	0.02412	0.03790	0.02067	0.02412	0.01723	0.00861	0.00861	0.00172	0.00861	0.00689	0.00689	0.66236
12	0.02179	0.01272	0.01689	0.01607	0.01929	0.01157	0.01195	0.02616	0.03004	0.12211	0.31091	0.21608	0.08717	0.02570	0.01369	0.00394	0.00657	0.02279	0.01251	0.01202
13	0.02027	0.01300	0.01507	0.01438	0.01824	0.01150	0.01094	0.02350	0.02673	0.10066	0.12621	0.09671	0.30005	0.10419	0.01993	0.00501	0.00764	0.06399	0.01095	0.01102
14	0.01622	0.01218	0.01527	0.01723	0.01873	0.01215	0.01185	0.02252	0.08825	0.03232	0.06178	0.50868	0.07117	0.03357	0.01443	0.00462	0.00709	0.03030	0.01094	0.01069
15	0.02527	0.06860	0.03134	0.15292	0.08936	0.02414	0.02149	0.03628	0.13524	0.03524	0.02669	0.03188	0.02150	0.01567	0.01534	0.09351	0.01143	0.00993	0.00713	0.14703
16	0.03347	0.14803	0.03765	0.02907	0.08178	0.10402	0.02156	0.10952	0.22701	0.04385	0.03162	0.03160	0.02454	0.01326	0.01069	0.00340	0.01245	0.01030	0.00898	0.01721

[dist]
# distance from previous block
# <min> <max>
0	1

[block]
# block no. 10 follows, 10 sequences, length 12
# corresponding to MSA columns:
# 489-500
name=unknown_K
#
# <colnr> <probs for GDERKNQSTAVLIFYWHMCP>
#	G	D	E	R	K	N	Q	S	T	A	V	L	I	F	Y	W	H	M	C	P
0	0.03350	0.09275	0.22062	0.09028	0.04627	0.02585	0.07594	0.04215	0.02738	0.19039	0.02859	0.03018	0.01960	0.01194	0.01124	0.00359	0.01447	0.01007	0.00805	0.01715
1	0.03795	0.15610	0.13198	0.02727	0.03834	0.03032	0.07686	0.12947	0.03315	0.18372	0.02879	0.02908	0.02017	0.01221	0.01089	0.00339	0.01347	0.00994	0.00911	0.01779
2	0.02392	0.02212	0.08120	0.07744	0.03575	0.01819	0.10122	0.03050	0.02832	0.09540	0.21562	0.05812	0.05676	0.08266	0.01821	0.00460	0.01142	0.01581	0.00950	0.01324
3	0.03093	0.15569	0.18552	0.03181	0.08794	0.02782	0.06566	0.03868	0.02675	0.12949	0.02977	0.03963	0.02419	0.01374	0.01127	0.00360	0.01387	0.05958	0.00760	0.01646
4	0.03079	0.02706	0.12987	0.12456	0.04097	0.02063	0.02418	0.04053	0.07621	0.18540	0.08540	0.09354	0.03705	0.01645	0.01208	0.00382	0.01163	0.01400	0.00992	0.01591
5	0.02020	0.01010	0.01515	0.01515	0.01515	0.01010	0.01010	0.01515	0.01515	0.02020	0.02020	0.03535	0.02020	0.04040	0.04545	0.66162	0.01010	0.01010	0.00505	0.00505
6	0.01417	0.01012	0.01350	0.01619	0.01687	0.00945	0.01080	0.01619	0.02227	0.02969	0.06410	0.58367	0.07692	0.03644	0.01484	0.00472	0.00675	0.03306	0.01080	0.00945
7	0.08801	0.08304	0.08498	0.02966	0.08867	0.02566	0.06786	0.07331	0.07537	0.08318	0.03197	0.08906	0.02837	0.08071	0.01675	0.00453	0.01228	0.01314	0.00827	0.01518
8	0.22785	0.20264	0.08129	0.02119	0.03027	0.03391	0.01977	0.09155	0.11252	0.04504	0.02365	0.02485	0.01851	0.01184	0.00899	0.00332	0.01127	0.00822	0.00767	0.01562
9	0.34865	0.09606	0.07324	0.07420	0.03428	0.08273	0.02007	0.08066	0.02590	0.04546	0.01843	0.02170	0.01432	0.01125	0.00880	0.00343	0.01238	0.00744	0.00687	0.01413
10	0.10277	0.12962	0.07399	0.01939	0.02743	0.02386	0.01745	0.03503	0.07296	0.08231	0.07500	0.03369	0.02885	0.01580	0.01381	0.07847	0.01016	0.00976	0.00799	0.14166
11	0.15282	0.08730	0.12692	0.03095	0.12204	0.02479	0.02428	0.03838	0.02571	0.15141	0.02993	0.08475	0.02469	0.01415	0.01059	0.00359	0.01178	0.01149	0.00830	0.01613

[dist]
# distance from previous block
# <min> <max>
11	140

[block]
# block no. 11 follows, 10 sequences, length 27
# corresponding to MSA columns:
# 667-693
name=unknown_L
#
# <colnr> <probs for GDERKNQSTAVLIFYWHMCP>
#	G	D	E	R	K	N	Q	S	T	A	V	L	I	F	Y	W	H	M	C	P
0	0.11091	0.07476	0.19903	0.02403	0.03481	0.02299	0.02555	0.03810	0.02612	0.14547	0.03170	0.04313	0.02584	0.01471	0.01101	0.00366	0.01247	0.07528	0.00835	0.07207
1	0.02715	0.38557	0.04877	0.02706	0.10251	0.03543	0.02041	0.03101	0.02378	0.02950	0.02721	0.13998	0.02861	0.01563	0.00965	0.00311	0.01144	0.01255	0.00633	0.01430
2	0.01513	0.01090	0.01497	0.01725	0.01840	0.01074	0.01239	0.01792	0.02229	0.02993	0.05870	0.44256	0.06826	0.04372	0.09681	0.00696	0.01102	0.08222	0.01008	0.00975
3	0.02512	0.02482	0.04584	0.13888	0.22585	0.02498	0.15794	0.03276	0.02732	0.03786	0.10653	0.03990	0.03340	0.01272	0.01255	0.00370	0.01434	0.01316	0.00690	0.01542
4	0.01969	0.01028	0.01477	0.01477	0.01477	0.01028	0.00963	0.01542	0.01542	0.02056	0.02274	0.04164	0.02361	0.12538	0.04757	0.56130	0.01028	0.01115	0.00536	0.00536
5	0.02215	0.02061	0.02931	0.02612	0.02690	0.02777	0.02138	0.02530	0.01814	0.02762	0.02119	0.03299	0.02041	0.04527	0.22709	0.01016	0.36919	0.01103	0.00551	0.01185
6	0.02705	0.02123	0.02648	0.02248	0.07255	0.01675	0.01608	0.03231	0.02515	0.08151	0.02303	0.02592	0.01837	0.00929	0.00915	0.00205	0.00920	0.00764	0.00746	0.54632
7	0.01646	0.01189	0.01555	0.01463	0.01738	0.01097	0.01097	0.02195	0.03292	0.04664	0.51257	0.08688	0.10974	0.02378	0.01372	0.00366	0.00549	0.02103	0.01280	0.01097
8	0.02893	0.02498	0.02630	0.02367	0.03024	0.02893	0.01841	0.06180	0.49770	0.04865	0.04734	0.04339	0.03550	0.01578	0.01183	0.00394	0.00920	0.01315	0.01183	0.01841
9	0.03071	0.02319	0.02907	0.02301	0.03169	0.02245	0.05367	0.04765	0.22229	0.11772	0.03586	0.03509	0.02663	0.01257	0.01084	0.00311	0.00995	0.01078	0.01002	0.24371
10	0.03120	0.03658	0.21108	0.10799	0.15164	0.02494	0.06926	0.04020	0.02702	0.14713	0.02694	0.03025	0.01905	0.01163	0.01159	0.00366	0.01479	0.01032	0.00735	0.01738
11	0.01747	0.01298	0.01698	0.01898	0.02197	0.01248	0.01623	0.02222	0.02671	0.03395	0.07584	0.12631	0.18029	0.03145	0.01548	0.00499	0.00949	0.33498	0.01073	0.01048
12	0.26174	0.03552	0.02669	0.02334	0.03038	0.20157	0.01833	0.11447	0.10355	0.04711	0.02349	0.02483	0.01809	0.01247	0.00973	0.00343	0.01365	0.00843	0.00823	0.01495
13	0.02867	0.11425	0.04320	0.11298	0.24212	0.03081	0.02844	0.06912	0.02661	0.03688	0.02039	0.02660	0.01711	0.01184	0.01398	0.00341	0.08283	0.00939	0.00606	0.07530
14	0.10847	0.01839	0.02057	0.01619	0.02411	0.01562	0.01290	0.03040	0.02594	0.10051	0.08562	0.04693	0.11606	0.01476	0.01021	0.00277	0.00805	0.01189	0.00911	0.32149
15	0.03821	0.14800	0.12891	0.02889	0.07505	0.03184	0.02549	0.18768	0.03634	0.14809	0.02751	0.02793	0.01964	0.01243	0.01070	0.00334	0.01300	0.00952	0.00918	0.01823
16	0.01658	0.01162	0.01495	0.01517	0.01598	0.01232	0.01009	0.01827	0.01800	0.02476	0.03685	0.10596	0.04024	0.36187	0.23359	0.01346	0.01819	0.01659	0.00705	0.00846
17	0.03016	0.15894	0.12089	0.03787	0.04906	0.11209	0.25397	0.03810	0.02712	0.03375	0.02077	0.02620	0.01628	0.01033	0.01155	0.00344	0.01799	0.01051	0.00558	0.01538
18	0.43907	0.09649	0.02687	0.02159	0.06766	0.02740	0.01623	0.03787	0.02295	0.12097	0.02126	0.02291	0.01590	0.01121	0.00830	0.00344	0.01000	0.00747	0.00790	0.01451
19	0.02453	0.08429	0.16907	0.02192	0.03413	0.02150	0.02249	0.03190	0.02420	0.03664	0.02032	0.02374	0.01632	0.00942	0.00919	0.00234	0.01136	0.00731	0.00616	0.42318
20	0.03199	0.29004	0.16693	0.07256	0.04012	0.03567	0.02667	0.09403	0.02869	0.08126	0.02193	0.02429	0.01682	0.01129	0.00963	0.00313	0.01369	0.00821	0.00669	0.01637
21	0.02550	0.01196	0.01286	0.01207	0.01557	0.01162	0.00925	0.03080	0.02550	0.10383	0.03893	0.04289	0.02968	0.01366	0.00858	0.00282	0.00598	0.01095	0.57559	0.01196
22	0.02460	0.01591	0.01810	0.01621	0.01934	0.01783	0.01281	0.08341	0.02794	0.04503	0.07640	0.04263	0.03359	0.01558	0.01371	0.00326	0.09344	0.01162	0.41632	0.01226
23	0.02795	0.02756	0.13760	0.03474	0.14995	0.01963	0.02587	0.03447	0.02645	0.13603	0.04041	0.17519	0.03833	0.01963	0.01266	0.00401	0.01174	0.05319	0.00902	0.01556
24	0.02518	0.17705	0.25394	0.09492	0.04473	0.02917	0.03028	0.03395	0.02408	0.03385	0.01967	0.02388	0.01537	0.01038	0.00978	0.00303	0.01414	0.00791	0.00535	0.14335
25	0.01880	0.01443	0.01764	0.01753	0.02060	0.01470	0.01318	0.02939	0.13099	0.04198	0.26532	0.20227	0.08210	0.02580	0.01377	0.00412	0.00703	0.05621	0.01193	0.01220
26	0.02503	0.02373	0.03986	0.24173	0.22562	0.02573	0.07085	0.03470	0.06800	0.03661	0.06853	0.03643	0.02711	0.01248	0.01199	0.00372	0.01380	0.01188	0.00673	0.01546

[dist]
# distance from previous block
# <min> <max>
0	6

[block]
# block no. 12 follows, 10 sequences, length 15
# corresponding to MSA columns:
# 700-714
name=unknown_M
#
# <colnr> <probs for GDERKNQSTAVLIFYWHMCP>
#	G	D	E	R	K	N	Q	S	T	A	V	L	I	F	Y	W	H	M	C	P
0	0.02784	0.02880	0.10969	0.14006	0.17342	0.02531	0.02879	0.04142	0.13233	0.08261	0.06586	0.03712	0.02885	0.01328	0.01172	0.00371	0.01265	0.01163	0.00817	0.01675
1	0.32159	0.02951	0.10638	0.02469	0.03490	0.02469	0.10389	0.03416	0.02283	0.04415	0.01919	0.02315	0.01481	0.01020	0.00929	0.00329	0.01214	0.00815	0.00654	0.14645
2	0.04188	0.09094	0.03596	0.02510	0.03414	0.03451	0.02098	0.34498	0.09868	0.10936	0.03056	0.02978	0.02188	0.01378	0.01122	0.00344	0.01208	0.01043	0.01121	0.01911
3	0.01492	0.01183	0.01341	0.01302	0.01643	0.01032	0.00976	0.01897	0.02928	0.03801	0.28867	0.10109	0.33903	0.02700	0.01373	0.00381	0.00572	0.02303	0.01167	0.01032
4	0.03829	0.02684	0.03642	0.03782	0.15990	0.06586	0.06515	0.04968	0.12748	0.21534	0.03565	0.03532	0.02536	0.01302	0.01177	0.00361	0.01256	0.01150	0.01016	0.01826
5	0.03885	0.15977	0.04452	0.03215	0.09300	0.07380	0.07302	0.17149	0.03595	0.12784	0.02631	0.02773	0.01942	0.01208	0.01083	0.00329	0.01375	0.00983	0.00881	0.01757
6	0.11975	0.01821	0.01652	0.01662	0.01881	0.07608	0.01156	0.02366	0.02116	0.03023	0.03848	0.14960	0.04284	0.28462	0.03372	0.00743	0.01127	0.06207	0.00795	0.00943
7	0.09393	0.01269	0.01364	0.01329	0.01455	0.01297	0.00830	0.01971	0.01969	0.02970	0.10672	0.07103	0.04907	0.43669	0.04617	0.00921	0.01013	0.01629	0.00794	0.00830
8	0.03035	0.02736	0.09405	0.14471	0.19667	0.02395	0.07139	0.03780	0.02710	0.13146	0.03021	0.04096	0.02408	0.01352	0.01216	0.00382	0.01399	0.05219	0.00773	0.01650
9	0.02881	0.02323	0.03486	0.12223	0.22636	0.02306	0.02576	0.06966	0.02921	0.08391	0.08172	0.03603	0.02952	0.01248	0.01132	0.00326	0.01177	0.01114	0.00793	0.12774
10	0.03100	0.02039	0.02999	0.14358	0.13099	0.02095	0.02271	0.07793	0.03023	0.15836	0.08691	0.12250	0.03913	0.01736	0.01234	0.00380	0.01115	0.01529	0.00982	0.01557
11	0.03184	0.02034	0.02767	0.13775	0.07600	0.02139	0.02026	0.08721	0.07167	0.16253	0.08526	0.04658	0.03547	0.10241	0.01912	0.00484	0.01139	0.01309	0.00995	0.01523
12	0.10698	0.02540	0.03134	0.03153	0.11280	0.02806	0.02183	0.11306	0.15441	0.13765	0.03257	0.03302	0.02404	0.01431	0.01430	0.00382	0.07648	0.01089	0.00994	0.01756
13	0.09987	0.02837	0.03106	0.03137	0.12572	0.10179	0.02092	0.08262	0.03077	0.17087	0.02743	0.02851	0.01998	0.01171	0.01043	0.00310	0.01228	0.00921	0.00899	0.14501
14	0.08522	0.02238	0.03498	0.14193	0.09667	0.02380	0.10609	0.06482	0.06366	0.03761	0.03290	0.03894	0.06665	0.01768	0.01697	0.10395	0.01302	0.01217	0.00710	0.01347

[dist]
# distance from previous block
# <min> <max>
0	175

# created by:
# /st0/software/busco_prod/Augustus/scripts/msa2prfl.pl ./align_prep/7579.fa
