[name]
unknown

[dist]
# distance from previous block
# <min> <max>
0	536

[block]
# block no. 0 follows, 12 sequences, length 46
# corresponding to MSA columns:
# 636-681
name=unknown_A
#
# <colnr> <probs for GDERKNQSTAVLIFYWHMCP>
#	G	D	E	R	K	N	Q	S	T	A	V	L	I	F	Y	W	H	M	C	P
0	0.01356	0.01080	0.01223	0.01295	0.01572	0.00947	0.00961	0.01649	0.02444	0.03051	0.13058	0.22337	0.35879	0.02891	0.01330	0.00394	0.00603	0.05976	0.01027	0.00928
1	0.01388	0.00992	0.01334	0.01587	0.01676	0.00937	0.01116	0.01622	0.02147	0.02851	0.05976	0.54152	0.07080	0.03359	0.01408	0.00451	0.00685	0.09325	0.01011	0.00902
2	0.01611	0.01048	0.01208	0.01208	0.01208	0.01048	0.00684	0.01572	0.01572	0.02096	0.03310	0.06824	0.03795	0.56966	0.05445	0.06531	0.01048	0.01534	0.00645	0.00645
3	0.10273	0.01877	0.02453	0.01898	0.02727	0.01673	0.01567	0.05138	0.03015	0.51400	0.04069	0.03549	0.02572	0.01321	0.01061	0.00337	0.00921	0.01054	0.01293	0.01799
4	0.01324	0.01106	0.01154	0.01142	0.01495	0.00936	0.00856	0.01634	0.02569	0.03145	0.17105	0.10164	0.48253	0.02687	0.01288	0.00365	0.00547	0.02255	0.01039	0.00936
5	0.01450	0.01111	0.01328	0.01274	0.01572	0.00989	0.00956	0.01877	0.02867	0.03851	0.38484	0.09004	0.26434	0.02424	0.01287	0.00352	0.00528	0.02092	0.01132	0.00989
6	0.01586	0.01057	0.01189	0.01189	0.01189	0.01057	0.00661	0.01586	0.01586	0.02114	0.03436	0.07135	0.03964	0.61681	0.05550	0.01057	0.01057	0.01586	0.00661	0.00661
7	0.04261	0.01670	0.02196	0.01736	0.02449	0.01473	0.01417	0.04702	0.02937	0.44254	0.04137	0.03789	0.02720	0.01332	0.01023	0.00319	0.00835	0.01079	0.15999	0.01670
8	0.02187	0.05640	0.56031	0.03108	0.04719	0.02532	0.04029	0.03453	0.02302	0.03453	0.01957	0.02302	0.01381	0.01036	0.01036	0.00345	0.01611	0.00806	0.00460	0.01611
9	0.02712	0.02342	0.02465	0.02219	0.02835	0.02712	0.01726	0.05794	0.52909	0.04561	0.04438	0.04068	0.03328	0.01479	0.01109	0.00370	0.00863	0.01233	0.01109	0.01726
10	0.69383	0.02109	0.01603	0.01434	0.02109	0.02446	0.01181	0.03205	0.01856	0.04892	0.01518	0.01771	0.01181	0.01012	0.00675	0.00337	0.00843	0.00590	0.00675	0.01181
11	0.01386	0.00973	0.01248	0.01444	0.01493	0.00924	0.00933	0.01533	0.01974	0.02632	0.05429	0.48822	0.06479	0.16563	0.02330	0.00581	0.00728	0.02758	0.00933	0.00835
12	0.01543	0.01115	0.01457	0.01372	0.01629	0.01029	0.01029	0.02058	0.03086	0.04372	0.54304	0.08145	0.10288	0.02229	0.01286	0.00343	0.00514	0.01972	0.01200	0.01029
13	0.01904	0.01153	0.01499	0.01482	0.01757	0.01043	0.01083	0.02257	0.02645	0.10798	0.24362	0.28277	0.12287	0.02618	0.01301	0.00383	0.00622	0.02319	0.01130	0.01079
14	0.02728	0.02100	0.02304	0.02094	0.02655	0.02349	0.01614	0.05149	0.40989	0.09238	0.04645	0.12004	0.03812	0.01738	0.01148	0.00377	0.00837	0.01481	0.01119	0.01621
15	0.02160	0.01823	0.02148	0.01581	0.02450	0.01394	0.01255	0.02649	0.02377	0.03668	0.09273	0.03085	0.02830	0.01007	0.00875	0.00187	0.00766	0.00832	0.00724	0.58917
16	0.01586	0.01057	0.01189	0.01189	0.01189	0.01057	0.00661	0.01586	0.01586	0.02114	0.03436	0.07135	0.03964	0.61681	0.05550	0.01057	0.01057	0.01586	0.00661	0.00661
17	0.01328	0.00949	0.01265	0.01518	0.01581	0.00886	0.01012	0.01518	0.02088	0.02783	0.06010	0.60969	0.07212	0.03416	0.01392	0.00443	0.00633	0.03100	0.01012	0.00886
18	0.02261	0.01938	0.02261	0.01615	0.02584	0.01453	0.01292	0.02745	0.02261	0.03553	0.01938	0.02261	0.01615	0.00807	0.00807	0.00161	0.00807	0.00646	0.00646	0.68346
19	0.69383	0.02109	0.01603	0.01434	0.02109	0.02446	0.01181	0.03205	0.01856	0.04892	0.01518	0.01771	0.01181	0.01012	0.00675	0.00337	0.00843	0.00590	0.00675	0.01181
20	0.02915	0.62337	0.05714	0.01866	0.02799	0.04314	0.01866	0.03265	0.02215	0.02565	0.01516	0.01749	0.01399	0.00933	0.00700	0.00233	0.01166	0.00583	0.00466	0.01399
21	0.04145	0.03054	0.03272	0.02509	0.03381	0.03381	0.02072	0.51243	0.05127	0.06872	0.02618	0.02618	0.01854	0.01309	0.01091	0.00327	0.01200	0.00982	0.01091	0.01854
22	0.01328	0.00949	0.01265	0.01518	0.01581	0.00886	0.01012	0.01518	0.02088	0.02783	0.06010	0.60969	0.07212	0.03416	0.01392	0.00443	0.00633	0.03100	0.01012	0.00886
23	0.01328	0.00949	0.01265	0.01518	0.01581	0.00886	0.01012	0.01518	0.02088	0.02783	0.06010	0.60969	0.07212	0.03416	0.01392	0.00443	0.00633	0.03100	0.01012	0.00886
24	0.01580	0.01065	0.01227	0.01215	0.01251	0.01053	0.00712	0.01652	0.01796	0.02430	0.10561	0.07277	0.04850	0.53353	0.04952	0.00957	0.00981	0.01640	0.00736	0.00712
25	0.04892	0.01856	0.02530	0.01940	0.02783	0.01603	0.01603	0.05314	0.03121	0.55634	0.04302	0.03711	0.02699	0.01350	0.01096	0.00337	0.00928	0.01096	0.01350	0.01856
26	0.03705	0.01774	0.02160	0.01790	0.02441	0.01728	0.01435	0.04778	0.14728	0.31445	0.04159	0.03879	0.02871	0.01362	0.01021	0.00326	0.00814	0.01110	0.16846	0.01628
27	0.69383	0.02109	0.01603	0.01434	0.02109	0.02446	0.01181	0.03205	0.01856	0.04892	0.01518	0.01771	0.01181	0.01012	0.00675	0.00337	0.00843	0.00590	0.00675	0.01181
28	0.04423	0.01752	0.02380	0.01860	0.02622	0.01522	0.01522	0.04858	0.03116	0.48454	0.11306	0.04332	0.03762	0.01473	0.01123	0.00338	0.00870	0.01219	0.01329	0.01740
29	0.01428	0.00991	0.01236	0.01390	0.01429	0.00952	0.00876	0.01544	0.01893	0.02523	0.05009	0.40050	0.05950	0.26057	0.03007	0.00682	0.00798	0.02511	0.00876	0.00798
30	0.29070	0.01950	0.02183	0.01750	0.02530	0.01919	0.01444	0.04523	0.02646	0.36611	0.03258	0.02984	0.02130	0.01223	0.00938	0.00337	0.00896	0.00907	0.01097	0.01603
31	0.17667	0.02088	0.02389	0.01899	0.02655	0.02097	0.01558	0.14344	0.03285	0.29598	0.08436	0.03528	0.02975	0.01361	0.01028	0.00336	0.00927	0.01057	0.01140	0.01633
32	0.02270	0.01901	0.02703	0.02703	0.07914	0.02046	0.05634	0.10523	0.02738	0.03694	0.04473	0.18318	0.08262	0.02271	0.01623	0.00416	0.09230	0.11167	0.00865	0.01249
33	0.56237	0.14020	0.02416	0.01519	0.02245	0.02816	0.01316	0.03217	0.01927	0.04432	0.01518	0.01767	0.01224	0.00996	0.00680	0.00317	0.00907	0.00589	0.00634	0.01224
34	0.02241	0.01825	0.02896	0.02638	0.07789	0.01730	0.11602	0.06554	0.02859	0.07514	0.16440	0.11645	0.15757	0.01936	0.01248	0.00360	0.00968	0.01777	0.00945	0.01275
35	0.01481	0.01141	0.01515	0.01652	0.01759	0.01175	0.01197	0.01728	0.02176	0.02926	0.09229	0.43912	0.10221	0.03102	0.01607	0.00439	0.06631	0.06198	0.00970	0.00938
36	0.03608	0.12183	0.04168	0.03030	0.03787	0.33182	0.12394	0.08777	0.03070	0.03255	0.01867	0.02209	0.01502	0.01073	0.01020	0.00298	0.01754	0.00838	0.00600	0.01386
37	0.01811	0.01223	0.01443	0.01335	0.01644	0.01088	0.00942	0.02080	0.02336	0.07134	0.15830	0.11761	0.17131	0.19909	0.02499	0.00550	0.00756	0.01824	0.00936	0.07768
38	0.18297	0.01722	0.01934	0.01646	0.02282	0.01623	0.01331	0.02778	0.02140	0.07161	0.02628	0.03930	0.02368	0.02156	0.06629	0.05963	0.01067	0.07307	0.00731	0.26305
39	0.01881	0.01307	0.01579	0.01596	0.01887	0.01284	0.01160	0.02645	0.11141	0.07631	0.12796	0.32307	0.13202	0.02662	0.01290	0.00398	0.00669	0.02351	0.01082	0.01134
40	0.02442	0.01524	0.01961	0.01807	0.02155	0.01579	0.01382	0.03172	0.09654	0.14673	0.16675	0.22009	0.05864	0.02262	0.01485	0.00389	0.06683	0.01919	0.01089	0.01276
41	0.02025	0.07339	0.01826	0.01473	0.01816	0.01420	0.01181	0.02412	0.02321	0.07064	0.05144	0.15809	0.11141	0.02650	0.05792	0.00467	0.00906	0.08186	0.19952	0.01075
42	0.23419	0.01581	0.01715	0.01550	0.02055	0.01593	0.01207	0.03252	0.02399	0.18591	0.07342	0.17007	0.03850	0.01789	0.01016	0.00354	0.00760	0.01469	0.07778	0.01274
43	0.01584	0.01176	0.01498	0.01558	0.01771	0.01149	0.01141	0.02214	0.07446	0.03668	0.26479	0.29425	0.08085	0.02693	0.01327	0.00397	0.00631	0.05619	0.01101	0.01036
44	0.01476	0.01041	0.01337	0.01411	0.01516	0.01015	0.00949	0.01709	0.02152	0.02950	0.16631	0.27286	0.06589	0.20326	0.07958	0.00721	0.00947	0.02206	0.00915	0.00864
45	0.01491	0.01079	0.01227	0.01277	0.01414	0.01020	0.00850	0.01638	0.01984	0.02532	0.06108	0.14053	0.19015	0.33194	0.03514	0.00743	0.00864	0.06376	0.00830	0.00791

[dist]
# distance from previous block
# <min> <max>
0	8

[block]
# block no. 1 follows, 12 sequences, length 6
# corresponding to MSA columns:
# 690-695
name=unknown_B
#
# <colnr> <probs for GDERKNQSTAVLIFYWHMCP>
#	G	D	E	R	K	N	Q	S	T	A	V	L	I	F	Y	W	H	M	C	P
0	0.01554	0.01099	0.01387	0.01323	0.01513	0.01036	0.00931	0.01933	0.02689	0.03775	0.40848	0.07878	0.08615	0.17955	0.02414	0.00532	0.00658	0.01870	0.01058	0.00931
1	0.04083	0.04899	0.03115	0.02767	0.03372	0.49821	0.02102	0.10860	0.03372	0.03252	0.01815	0.02057	0.01467	0.01149	0.00998	0.00287	0.01860	0.00741	0.00635	0.01346
2	0.01866	0.01465	0.01873	0.01808	0.02091	0.01683	0.01375	0.02921	0.15264	0.03018	0.03384	0.04569	0.03034	0.12823	0.36266	0.01303	0.02153	0.01235	0.00732	0.01135
3	0.10016	0.02055	0.02311	0.02039	0.02641	0.02251	0.01640	0.09095	0.23040	0.13423	0.03877	0.04452	0.03063	0.02344	0.07846	0.00535	0.01166	0.05634	0.01031	0.01543
4	0.02872	0.01401	0.01750	0.01493	0.02017	0.01229	0.01179	0.03283	0.02857	0.24625	0.17333	0.06601	0.18586	0.01926	0.01159	0.00339	0.00691	0.01616	0.07711	0.01331
5	0.51567	0.01820	0.01447	0.01323	0.01887	0.02068	0.01070	0.03029	0.01970	0.04673	0.02057	0.02378	0.01608	0.01080	0.00698	0.00315	0.00755	0.00703	0.18413	0.01137

[dist]
# distance from previous block
# <min> <max>
0	6

[block]
# block no. 2 follows, 12 sequences, length 12
# corresponding to MSA columns:
# 702-713
name=unknown_C
#
# <colnr> <probs for GDERKNQSTAVLIFYWHMCP>
#	G	D	E	R	K	N	Q	S	T	A	V	L	I	F	Y	W	H	M	C	P
0	0.03811	0.03410	0.03285	0.08875	0.09303	0.18571	0.02282	0.23950	0.03792	0.08718	0.02350	0.02555	0.01736	0.01200	0.01059	0.00318	0.01436	0.00908	0.00837	0.01604
1	0.02097	0.01872	0.02343	0.06931	0.08850	0.07056	0.01730	0.02363	0.01931	0.02557	0.02484	0.04079	0.02432	0.16265	0.19675	0.06763	0.07852	0.01130	0.00564	0.01026
2	0.01714	0.01110	0.01364	0.01382	0.01599	0.01013	0.00964	0.01968	0.02354	0.07532	0.15553	0.25904	0.16388	0.13607	0.02091	0.00513	0.00697	0.02273	0.01012	0.00962
3	0.69383	0.02109	0.01603	0.01434	0.02109	0.02446	0.01181	0.03205	0.01856	0.04892	0.01518	0.01771	0.01181	0.01012	0.00675	0.00337	0.00843	0.00590	0.00675	0.01181
4	0.16738	0.02463	0.07351	0.08097	0.07030	0.02262	0.08657	0.04172	0.07766	0.20403	0.02910	0.02997	0.02028	0.01162	0.01032	0.00347	0.01156	0.00991	0.00874	0.01564
5	0.03134	0.02482	0.02664	0.02816	0.11407	0.13490	0.01870	0.03479	0.02571	0.13676	0.06737	0.03393	0.02668	0.01591	0.01610	0.06832	0.07446	0.01022	0.09786	0.01326
6	0.03317	0.01623	0.02052	0.01720	0.02253	0.01537	0.01321	0.04024	0.09490	0.28534	0.12886	0.05255	0.04378	0.14214	0.02068	0.00494	0.00874	0.01371	0.01146	0.01442
7	0.01987	0.01599	0.02214	0.01941	0.02397	0.01553	0.06644	0.08751	0.03038	0.04033	0.21009	0.08287	0.18120	0.02259	0.01307	0.00383	0.00861	0.11432	0.01029	0.01156
8	0.11588	0.08526	0.10428	0.13174	0.04468	0.02716	0.13586	0.10024	0.02747	0.04017	0.06500	0.02984	0.02265	0.01147	0.01053	0.00339	0.01336	0.01022	0.00669	0.01412
9	0.03173	0.02428	0.03451	0.15100	0.21010	0.02606	0.02577	0.13934	0.09346	0.11236	0.02748	0.03030	0.02029	0.01181	0.01090	0.00340	0.01204	0.01022	0.00825	0.01668
10	0.22305	0.02067	0.02170	0.07982	0.02845	0.06497	0.01628	0.02985	0.02167	0.08852	0.03352	0.03745	0.08818	0.02509	0.09916	0.00574	0.08614	0.01057	0.00722	0.01196
11	0.01725	0.01367	0.01631	0.01436	0.01898	0.01139	0.01057	0.02078	0.02355	0.03335	0.14656	0.17431	0.11867	0.07734	0.01546	0.00371	0.00701	0.01743	0.00885	0.25044

[dist]
# distance from previous block
# <min> <max>
0	2

[block]
# block no. 3 follows, 12 sequences, length 109
# corresponding to MSA columns:
# 716-824
name=unknown_D
#
# <colnr> <probs for GDERKNQSTAVLIFYWHMCP>
#	G	D	E	R	K	N	Q	S	T	A	V	L	I	F	Y	W	H	M	C	P
0	0.01582	0.01154	0.01462	0.05743	0.01892	0.01140	0.01018	0.01884	0.02356	0.03218	0.26190	0.07500	0.10286	0.26551	0.03019	0.00639	0.00812	0.01760	0.00910	0.00884
1	0.02895	0.02556	0.03734	0.04812	0.33525	0.02570	0.02676	0.12128	0.06832	0.04238	0.02321	0.02723	0.01857	0.01047	0.01042	0.00303	0.01170	0.00944	0.00700	0.11926
2	0.02380	0.02263	0.03706	0.17937	0.19579	0.02204	0.08944	0.03031	0.02347	0.03355	0.02007	0.02642	0.01613	0.00942	0.01022	0.00287	0.01250	0.00908	0.00562	0.23019
3	0.02286	0.10625	0.47248	0.03118	0.04625	0.02715	0.07761	0.03439	0.02317	0.03375	0.01937	0.02305	0.01406	0.01017	0.01026	0.00337	0.01590	0.00826	0.00469	0.01580
4	0.01921	0.01702	0.02448	0.02239	0.02349	0.02230	0.01811	0.02244	0.01716	0.02572	0.02268	0.03451	0.02158	0.05429	0.33777	0.01193	0.27812	0.01074	0.00537	0.01070
5	0.01347	0.01087	0.01199	0.01214	0.01520	0.00939	0.00894	0.01663	0.02561	0.03225	0.19506	0.16466	0.39093	0.02733	0.01301	0.00372	0.00555	0.02334	0.01052	0.00939
6	0.03736	0.07216	0.07006	0.02000	0.02802	0.02006	0.01768	0.04648	0.10762	0.32379	0.10305	0.04056	0.03554	0.01422	0.01085	0.00335	0.00940	0.01163	0.01146	0.01671
7	0.02616	0.02506	0.04277	0.13452	0.48765	0.02569	0.03305	0.03274	0.02444	0.03462	0.02036	0.02726	0.01692	0.00987	0.01081	0.00329	0.01316	0.00971	0.00533	0.01661
8	0.02712	0.02342	0.02465	0.02219	0.02835	0.02712	0.01726	0.05794	0.52909	0.04561	0.04438	0.04068	0.03328	0.01479	0.01109	0.00370	0.00863	0.01233	0.01109	0.01726
9	0.02290	0.03885	0.28240	0.17580	0.13817	0.02544	0.09679	0.03277	0.02337	0.03313	0.02000	0.02597	0.01491	0.01024	0.01089	0.00349	0.01550	0.00935	0.00491	0.01515
10	0.08565	0.02227	0.03128	0.03676	0.20760	0.02404	0.02240	0.07427	0.07128	0.10810	0.02480	0.02918	0.01955	0.01584	0.01782	0.09122	0.08596	0.00976	0.00743	0.01479
11	0.01582	0.01071	0.01262	0.01262	0.01287	0.01097	0.00751	0.01632	0.01607	0.02168	0.03369	0.06767	0.03804	0.54775	0.12237	0.01147	0.01298	0.01532	0.00651	0.00701
12	0.01565	0.01140	0.01608	0.01608	0.01752	0.01284	0.01182	0.01854	0.01709	0.02424	0.03053	0.05017	0.03044	0.21938	0.44035	0.01574	0.02441	0.01276	0.00604	0.00893
13	0.03106	0.21616	0.22652	0.06756	0.03845	0.02823	0.02659	0.03831	0.02480	0.16770	0.02434	0.02549	0.01737	0.01091	0.00954	0.00311	0.01285	0.00827	0.00696	0.01580
14	0.02720	0.02745	0.04308	0.12984	0.41061	0.07081	0.06557	0.03367	0.02500	0.03384	0.02017	0.02682	0.01660	0.00996	0.01088	0.00328	0.01409	0.00971	0.00535	0.01604
15	0.01664	0.01324	0.01956	0.01895	0.02064	0.01616	0.01494	0.02034	0.01742	0.02543	0.02730	0.04040	0.02560	0.07374	0.50469	0.01589	0.10193	0.01141	0.00570	0.01002
16	0.69383	0.02109	0.01603	0.01434	0.02109	0.02446	0.01181	0.03205	0.01856	0.04892	0.01518	0.01771	0.01181	0.01012	0.00675	0.00337	0.00843	0.00590	0.00675	0.01181
17	0.69383	0.02109	0.01603	0.01434	0.02109	0.02446	0.01181	0.03205	0.01856	0.04892	0.01518	0.01771	0.01181	0.01012	0.00675	0.00337	0.00843	0.00590	0.00675	0.01181
18	0.02558	0.02447	0.04172	0.18215	0.44457	0.02554	0.03276	0.03223	0.02416	0.03391	0.02026	0.02744	0.01667	0.00998	0.01082	0.00333	0.01330	0.00971	0.00528	0.01614
19	0.02991	0.02280	0.02474	0.02183	0.02829	0.02570	0.01710	0.05732	0.46530	0.11105	0.04420	0.04022	0.03248	0.01463	0.01108	0.00366	0.00871	0.01215	0.01140	0.01742
20	0.01543	0.01115	0.01457	0.01372	0.01629	0.01029	0.01029	0.02058	0.03086	0.04372	0.54304	0.08145	0.10288	0.02229	0.01286	0.00343	0.00514	0.01972	0.01200	0.01029
21	0.01543	0.01115	0.01457	0.01372	0.01629	0.01029	0.01029	0.02058	0.03086	0.04372	0.54304	0.08145	0.10288	0.02229	0.01286	0.00343	0.00514	0.01972	0.01200	0.01029
22	0.01363	0.00974	0.01305	0.01558	0.01637	0.00916	0.01073	0.01579	0.02122	0.02822	0.05990	0.57006	0.07135	0.03383	0.01401	0.00448	0.00663	0.06718	0.01011	0.00895
23	0.13155	0.01888	0.02411	0.01875	0.02697	0.01711	0.01549	0.05044	0.02959	0.49133	0.03945	0.03463	0.02505	0.01306	0.01042	0.00337	0.00917	0.01032	0.01263	0.01769
24	0.02059	0.01938	0.03270	0.59060	0.07510	0.02422	0.03028	0.02786	0.02180	0.02786	0.01938	0.02907	0.01453	0.01090	0.01090	0.00363	0.01453	0.00969	0.00484	0.01211
25	0.01586	0.01057	0.01189	0.01189	0.01189	0.01057	0.00661	0.01586	0.01586	0.02114	0.03436	0.07135	0.03964	0.61681	0.05550	0.01057	0.01057	0.01586	0.00661	0.00661
26	0.01500	0.01068	0.01277	0.01281	0.01422	0.01008	0.00850	0.01731	0.02266	0.03059	0.21681	0.14802	0.13000	0.26820	0.03048	0.00652	0.00757	0.02001	0.00931	0.00846
27	0.02085	0.01737	0.02064	0.01555	0.02350	0.01350	0.01228	0.02577	0.02463	0.03753	0.14750	0.03700	0.03737	0.01155	0.00925	0.00206	0.00736	0.00970	0.00782	0.51877
28	0.01322	0.01106	0.01150	0.01139	0.01493	0.00934	0.00854	0.01628	0.02563	0.03130	0.16629	0.10190	0.48738	0.02693	0.01288	0.00365	0.00547	0.02259	0.01037	0.00934
29	0.01503	0.01113	0.01402	0.01330	0.01604	0.01012	0.00997	0.01980	0.02991	0.04147	0.47468	0.08516	0.17264	0.02313	0.01286	0.00347	0.00520	0.02024	0.01171	0.01012
30	0.02059	0.01938	0.03270	0.59060	0.07510	0.02422	0.03028	0.02786	0.02180	0.02786	0.01938	0.02907	0.01453	0.01090	0.01090	0.00363	0.01453	0.00969	0.00484	0.01211
31	0.02712	0.02342	0.02465	0.02219	0.02835	0.02712	0.01726	0.05794	0.52909	0.04561	0.04438	0.04068	0.03328	0.01479	0.01109	0.00370	0.00863	0.01233	0.01109	0.01726
32	0.01580	0.01064	0.01224	0.01213	0.01246	0.01053	0.00708	0.01647	0.01779	0.02406	0.10001	0.07266	0.04780	0.54007	0.04999	0.00965	0.00987	0.01635	0.00730	0.00708
33	0.04892	0.01856	0.02530	0.01940	0.02783	0.01603	0.01603	0.05314	0.03121	0.55634	0.04302	0.03711	0.02699	0.01350	0.01096	0.00337	0.00928	0.01096	0.01350	0.01856
34	0.02261	0.01938	0.02261	0.01615	0.02584	0.01453	0.01292	0.02745	0.02261	0.03553	0.01938	0.02261	0.01615	0.00807	0.00807	0.00161	0.00807	0.00646	0.00646	0.68346
35	0.01586	0.01057	0.01189	0.01189	0.01189	0.01057	0.00661	0.01586	0.01586	0.02114	0.03436	0.07135	0.03964	0.61681	0.05550	0.01057	0.01057	0.01586	0.00661	0.00661
36	0.01499	0.01113	0.01396	0.01325	0.01602	0.01010	0.00994	0.01972	0.02982	0.04124	0.46770	0.08554	0.17977	0.02322	0.01286	0.00347	0.00521	0.02029	0.01168	0.01010
37	0.04892	0.01856	0.02530	0.01940	0.02783	0.01603	0.01603	0.05314	0.03121	0.55634	0.04302	0.03711	0.02699	0.01350	0.01096	0.00337	0.00928	0.01096	0.01350	0.01856
38	0.69383	0.02109	0.01603	0.01434	0.02109	0.02446	0.01181	0.03205	0.01856	0.04892	0.01518	0.01771	0.01181	0.01012	0.00675	0.00337	0.00843	0.00590	0.00675	0.01181
39	0.01505	0.01130	0.01405	0.01384	0.01669	0.01030	0.01070	0.01956	0.02857	0.03861	0.36894	0.09285	0.21196	0.02467	0.01315	0.00370	0.00587	0.07895	0.01127	0.00998
40	0.26265	0.02093	0.02317	0.01844	0.02635	0.02111	0.01522	0.10496	0.02957	0.32495	0.03159	0.02925	0.02085	0.01232	0.00955	0.00336	0.00935	0.00913	0.01092	0.01631
41	0.03919	0.03271	0.03240	0.07543	0.08375	0.15714	0.02216	0.25916	0.03904	0.11488	0.02506	0.02636	0.01812	0.01221	0.01065	0.00320	0.01375	0.00929	0.00899	0.01651
42	0.01757	0.01255	0.01757	0.02008	0.02259	0.01255	0.01757	0.02259	0.02510	0.03263	0.05773	0.12299	0.06275	0.03012	0.01506	0.00502	0.01004	0.47540	0.01004	0.01004
43	0.02744	0.07680	0.02706	0.01961	0.02745	0.15513	0.01556	0.03381	0.06646	0.03397	0.05929	0.02730	0.02328	0.01056	0.00902	0.00227	0.01105	0.00801	0.00689	0.35904
44	0.10247	0.01289	0.01733	0.01712	0.01968	0.01502	0.01340	0.02108	0.01766	0.02834	0.02741	0.03962	0.02528	0.07260	0.50097	0.01571	0.02654	0.01094	0.00596	0.01000
45	0.15533	0.02545	0.02931	0.09866	0.07575	0.02826	0.02065	0.25021	0.07792	0.09506	0.02577	0.02719	0.01863	0.01218	0.01016	0.00338	0.01125	0.00939	0.00917	0.01629
46	0.02931	0.10385	0.08115	0.07941	0.30538	0.02682	0.02834	0.03762	0.06604	0.10132	0.02451	0.02799	0.01897	0.01068	0.01032	0.00322	0.01230	0.00946	0.00671	0.01661
47	0.01586	0.01057	0.01189	0.01189	0.01189	0.01057	0.00661	0.01586	0.01586	0.02114	0.03436	0.07135	0.03964	0.61681	0.05550	0.01057	0.01057	0.01586	0.00661	0.00661
48	0.17111	0.01661	0.01899	0.01584	0.02180	0.01582	0.01242	0.03690	0.02509	0.28264	0.04614	0.04912	0.10497	0.11466	0.01775	0.00461	0.00874	0.01257	0.01045	0.01376
49	0.02527	0.01618	0.01946	0.01794	0.02239	0.01677	0.01372	0.03677	0.18419	0.13647	0.05171	0.14258	0.10279	0.02944	0.08581	0.04803	0.01066	0.01628	0.01021	0.01333
50	0.01564	0.01145	0.01633	0.01633	0.01786	0.01298	0.01214	0.01870	0.01717	0.02443	0.03030	0.04888	0.02988	0.19518	0.46378	0.01605	0.02526	0.01257	0.00600	0.00907
51	0.04073	0.05197	0.03090	0.02809	0.03371	0.57303	0.02107	0.04354	0.03090	0.02669	0.01685	0.01966	0.01404	0.01124	0.00983	0.00281	0.01966	0.00702	0.00562	0.01264
52	0.01543	0.01115	0.01457	0.01372	0.01629	0.01029	0.01029	0.02058	0.03086	0.04372	0.54304	0.08145	0.10288	0.02229	0.01286	0.00343	0.00514	0.01972	0.01200	0.01029
53	0.15034	0.01333	0.01550	0.01571	0.01891	0.01341	0.01216	0.02368	0.02463	0.07039	0.18668	0.22368	0.06456	0.02409	0.01222	0.00397	0.00723	0.09865	0.01019	0.01065
54	0.69383	0.02109	0.01603	0.01434	0.02109	0.02446	0.01181	0.03205	0.01856	0.04892	0.01518	0.01771	0.01181	0.01012	0.00675	0.00337	0.00843	0.00590	0.00675	0.01181
55	0.10197	0.01876	0.02454	0.01898	0.02728	0.01672	0.01568	0.05140	0.03017	0.51461	0.04073	0.03552	0.02574	0.01322	0.01062	0.00337	0.00921	0.01055	0.01294	0.01800
56	0.09633	0.01577	0.02024	0.01753	0.02321	0.01441	0.01367	0.03856	0.02661	0.33377	0.04614	0.22594	0.04062	0.02006	0.01156	0.00372	0.00822	0.01717	0.01175	0.01471
57	0.01400	0.01004	0.01329	0.01470	0.01597	0.00933	0.01018	0.01697	0.02419	0.03310	0.22012	0.43466	0.08231	0.03023	0.01357	0.00410	0.00593	0.02726	0.01074	0.00933
58	0.01894	0.00947	0.01420	0.01420	0.01420	0.00947	0.00947	0.01420	0.01420	0.01894	0.01894	0.03314	0.01894	0.03788	0.04261	0.68277	0.00947	0.00947	0.00473	0.00473
59	0.02161	0.01641	0.01812	0.01654	0.02130	0.01687	0.01276	0.03584	0.22166	0.07782	0.17200	0.07005	0.21429	0.02047	0.01205	0.00361	0.00692	0.01728	0.01115	0.01324
60	0.08393	0.01489	0.01724	0.01507	0.01951	0.01467	0.01145	0.03431	0.07132	0.18406	0.11347	0.04948	0.04029	0.12389	0.01828	0.00454	0.00788	0.01271	0.15033	0.01269
61	0.02275	0.01657	0.01944	0.01822	0.02174	0.01718	0.01360	0.17802	0.03207	0.04322	0.11137	0.35124	0.05862	0.02576	0.01280	0.00392	0.00802	0.02263	0.01062	0.01220
62	0.01701	0.01047	0.01145	0.01145	0.01210	0.01047	0.00687	0.01831	0.01766	0.02616	0.03467	0.06346	0.03663	0.46144	0.04318	0.00851	0.00916	0.01439	0.17911	0.00752
63	0.01627	0.01126	0.01444	0.01530	0.01769	0.01073	0.01213	0.02074	0.02617	0.03647	0.22117	0.15992	0.11324	0.02559	0.01305	0.00398	0.00692	0.16881	0.09620	0.00992
64	0.53355	0.02024	0.01693	0.01496	0.02100	0.02301	0.01199	0.06895	0.02191	0.04782	0.05684	0.02763	0.02145	0.06213	0.01163	0.00397	0.00866	0.00808	0.00746	0.01181
65	0.24836	0.01593	0.01744	0.01639	0.02122	0.01618	0.01281	0.03119	0.02312	0.17195	0.04060	0.22577	0.03969	0.02052	0.01087	0.00385	0.00809	0.05368	0.00987	0.01244
66	0.69383	0.02109	0.01603	0.01434	0.02109	0.02446	0.01181	0.03205	0.01856	0.04892	0.01518	0.01771	0.01181	0.01012	0.00675	0.00337	0.00843	0.00590	0.00675	0.01181
67	0.01565	0.01140	0.01608	0.01608	0.01753	0.01285	0.01184	0.01855	0.01710	0.02425	0.03052	0.05012	0.03042	0.21847	0.44123	0.01575	0.02444	0.01275	0.00604	0.00894
68	0.01547	0.01050	0.01233	0.01255	0.01296	0.01031	0.00753	0.01637	0.01843	0.02490	0.10285	0.14213	0.05193	0.46544	0.04467	0.00886	0.00933	0.01831	0.00775	0.00737
69	0.01586	0.01057	0.01189	0.01189	0.01189	0.01057	0.00661	0.01586	0.01586	0.02114	0.03436	0.07135	0.03964	0.61681	0.05550	0.01057	0.01057	0.01586	0.00661	0.00661
70	0.69383	0.02109	0.01603	0.01434	0.02109	0.02446	0.01181	0.03205	0.01856	0.04892	0.01518	0.01771	0.01181	0.01012	0.00675	0.00337	0.00843	0.00590	0.00675	0.01181
71	0.12212	0.03905	0.03027	0.02618	0.03267	0.32788	0.05863	0.04442	0.11166	0.07071	0.02348	0.02493	0.01807	0.01168	0.00997	0.00314	0.01554	0.00851	0.00722	0.01389
72	0.01363	0.01035	0.01256	0.01354	0.01557	0.00928	0.00957	0.01652	0.02434	0.03185	0.18237	0.33294	0.22907	0.02947	0.01336	0.00397	0.00581	0.02598	0.01054	0.00928
73	0.02255	0.02225	0.06423	0.01731	0.02749	0.01537	0.01504	0.02800	0.02264	0.03545	0.01939	0.02264	0.01597	0.00825	0.00825	0.00176	0.00870	0.00658	0.00632	0.63180
74	0.02600	0.01302	0.01650	0.01487	0.01787	0.01206	0.01039	0.02806	0.02276	0.19427	0.08716	0.13036	0.04559	0.29566	0.03209	0.00684	0.00912	0.01660	0.00974	0.01103
75	0.01549	0.01107	0.01423	0.01348	0.01572	0.01032	0.00981	0.01997	0.02893	0.04081	0.47738	0.08014	0.09472	0.09903	0.01836	0.00435	0.00584	0.01922	0.01131	0.00981
76	0.02426	0.02599	0.05270	0.21641	0.10779	0.02638	0.31728	0.03260	0.02443	0.03280	0.02109	0.02908	0.01599	0.00977	0.01207	0.00362	0.01669	0.01159	0.00530	0.01414
77	0.02641	0.04159	0.25325	0.04429	0.23692	0.09634	0.03393	0.03463	0.02424	0.03330	0.01918	0.02418	0.01521	0.01090	0.01243	0.00339	0.06031	0.00868	0.00505	0.01579
78	0.03855	0.04834	0.03122	0.02816	0.03305	0.50338	0.02143	0.04131	0.02907	0.02663	0.01653	0.02020	0.01408	0.01225	0.01318	0.00306	0.09416	0.00735	0.00551	0.01255
79	0.01582	0.01071	0.01262	0.01262	0.01287	0.01097	0.00751	0.01632	0.01607	0.02168	0.03369	0.06767	0.03804	0.54775	0.12237	0.01147	0.01298	0.01532	0.00651	0.00701
80	0.12394	0.02204	0.02484	0.02040	0.02790	0.02309	0.01649	0.11086	0.19789	0.25836	0.03772	0.03440	0.02604	0.01344	0.01046	0.00347	0.00930	0.01062	0.01149	0.01725
81	0.02019	0.01220	0.01575	0.01649	0.01887	0.01167	0.01171	0.02511	0.06922	0.11298	0.05595	0.46692	0.06142	0.02911	0.01319	0.00419	0.00700	0.02612	0.01074	0.01116
82	0.02087	0.01473	0.01710	0.01566	0.01971	0.01487	0.01201	0.03224	0.15758	0.07825	0.28197	0.06751	0.13045	0.01964	0.01185	0.00345	0.00638	0.01684	0.06636	0.01251
83	0.01553	0.01149	0.01472	0.01488	0.01764	0.01068	0.01181	0.02023	0.02833	0.03836	0.34219	0.09626	0.17015	0.02524	0.01343	0.00388	0.00647	0.13749	0.01117	0.01003
84	0.01907	0.01129	0.01479	0.01523	0.01765	0.01023	0.01090	0.02197	0.02453	0.11149	0.14647	0.38829	0.10908	0.02838	0.01320	0.00403	0.00650	0.02530	0.01097	0.01062
85	0.36162	0.01911	0.01977	0.01640	0.02347	0.01963	0.01343	0.03982	0.02498	0.26077	0.07534	0.03169	0.02653	0.01265	0.00907	0.00338	0.00849	0.00929	0.01005	0.01449
86	0.01294	0.01084	0.01125	0.01158	0.01487	0.00916	0.00852	0.01559	0.02434	0.02925	0.10396	0.17008	0.48341	0.02846	0.01302	0.00378	0.00563	0.02404	0.01012	0.00916
87	0.01478	0.01112	0.01367	0.01303	0.01589	0.01001	0.00977	0.01931	0.02932	0.04005	0.43179	0.08749	0.21642	0.02366	0.01287	0.00349	0.00524	0.02057	0.01152	0.01001
88	0.02804	0.01373	0.01840	0.01618	0.02068	0.01226	0.01248	0.03226	0.02924	0.23972	0.26426	0.15709	0.06804	0.02097	0.01231	0.00358	0.00695	0.01831	0.01225	0.01324
89	0.01428	0.01025	0.01354	0.01451	0.01603	0.00952	0.01020	0.01767	0.02549	0.03517	0.28320	0.36566	0.08633	0.02868	0.01343	0.00397	0.00578	0.02579	0.01099	0.00952
90	0.04145	0.03054	0.03272	0.02509	0.03381	0.03381	0.02072	0.51243	0.05127	0.06872	0.02618	0.02618	0.01854	0.01309	0.01091	0.00327	0.01200	0.00982	0.01091	0.01854
91	0.01454	0.01030	0.01288	0.01374	0.01557	0.00949	0.00973	0.01789	0.02488	0.03441	0.22526	0.32146	0.13916	0.02757	0.01291	0.00384	0.00573	0.02447	0.06669	0.00949
92	0.01886	0.01155	0.01512	0.01519	0.01786	0.01054	0.01126	0.02244	0.02624	0.10196	0.22840	0.28167	0.11516	0.02661	0.01316	0.00392	0.00647	0.05168	0.01120	0.01070
93	0.02261	0.01938	0.02261	0.01615	0.02584	0.01453	0.01292	0.02745	0.02261	0.03553	0.01938	0.02261	0.01615	0.00807	0.00807	0.00161	0.00807	0.00646	0.00646	0.68346
94	0.02205	0.01269	0.01623	0.01446	0.01845	0.01131	0.01116	0.02659	0.02992	0.14915	0.36460	0.07610	0.16167	0.02134	0.01247	0.00346	0.00608	0.01843	0.01200	0.01184
95	0.01824	0.01204	0.01390	0.01289	0.01686	0.01039	0.00986	0.02188	0.02741	0.10110	0.22740	0.08943	0.34991	0.02426	0.01263	0.00357	0.00589	0.02051	0.01110	0.01072
96	0.01518	0.01109	0.01462	0.01449	0.01640	0.01117	0.01055	0.01867	0.02308	0.03203	0.23061	0.10898	0.10332	0.13788	0.19332	0.00904	0.01358	0.01772	0.00893	0.00933
97	0.02213	0.05220	0.49230	0.03076	0.04480	0.02636	0.03816	0.03346	0.02220	0.03346	0.01889	0.02313	0.01388	0.01149	0.01364	0.00362	0.09107	0.00825	0.00463	0.01557
98	0.01838	0.01163	0.01433	0.01399	0.01716	0.01030	0.01035	0.02178	0.02635	0.10114	0.21289	0.22326	0.22532	0.02600	0.01290	0.00377	0.00611	0.02263	0.01110	0.01063
99	0.01500	0.01060	0.01316	0.01316	0.01536	0.00962	0.00949	0.01719	0.02468	0.03273	0.25067	0.14772	0.22198	0.02830	0.01840	0.12681	0.00620	0.02034	0.00986	0.00876
100	0.03499	0.02857	0.03696	0.10171	0.04238	0.11916	0.13594	0.08007	0.09399	0.16978	0.02934	0.03084	0.02082	0.01189	0.01122	0.00341	0.01404	0.01065	0.00862	0.01562
101	0.03999	0.02048	0.02720	0.02201	0.02809	0.02170	0.01810	0.04717	0.09145	0.36122	0.03617	0.03433	0.02470	0.01503	0.01705	0.00376	0.15295	0.01079	0.01105	0.01677
102	0.02734	0.02245	0.03934	0.28612	0.18695	0.02391	0.10152	0.03423	0.02461	0.11165	0.02369	0.02981	0.01745	0.01073	0.01118	0.00350	0.01391	0.01037	0.00641	0.01482
103	0.11155	0.02570	0.04460	0.09106	0.25518	0.02619	0.17696	0.03503	0.05962	0.03721	0.02190	0.02768	0.01726	0.01005	0.01095	0.00345	0.01388	0.01039	0.00597	0.01537
104	0.21108	0.09276	0.29076	0.02299	0.03411	0.02479	0.02643	0.03187	0.02269	0.03895	0.08499	0.02850	0.02468	0.01173	0.00935	0.00332	0.01214	0.00874	0.00616	0.01396
105	0.17644	0.02503	0.07195	0.09536	0.03717	0.02336	0.05628	0.11717	0.02951	0.22105	0.02791	0.02849	0.01897	0.01181	0.01015	0.00342	0.01145	0.00945	0.00922	0.01582
106	0.07437	0.02636	0.03995	0.03811	0.15567	0.02797	0.12178	0.15749	0.03108	0.10538	0.02381	0.02749	0.01788	0.01215	0.01423	0.00356	0.08845	0.01027	0.00779	0.01620
107	0.07523	0.02884	0.15187	0.21503	0.04979	0.02325	0.06271	0.03800	0.06585	0.14416	0.02636	0.02956	0.01849	0.01146	0.01066	0.00353	0.01316	0.00977	0.00731	0.01498
108	0.03257	0.11934	0.11417	0.10401	0.10667	0.07719	0.06139	0.07682	0.02786	0.14101	0.02427	0.02679	0.01767	0.01105	0.01029	0.00321	0.01361	0.00915	0.00723	0.01570

[dist]
# distance from previous block
# <min> <max>
2	154

# created by:
# /st0/software/busco_prod/Augustus/scripts/msa2prfl.pl ./align_prep/7588.fa
