[name]
unknown

[dist]
# distance from previous block
# <min> <max>
0	603

[block]
# block no. 0 follows, 14 sequences, length 21
# corresponding to MSA columns:
# 612-632
name=unknown_A
#
# <colnr> <probs for GDERKNQSTAVLIFYWHMCP>
#	G	D	E	R	K	N	Q	S	T	A	V	L	I	F	Y	W	H	M	C	P
0	0.01299	0.00980	0.01206	0.01316	0.01503	0.00887	0.00944	0.01573	0.02267	0.02962	0.16376	0.34717	0.21898	0.02811	0.01270	0.00382	0.00573	0.05177	0.00985	0.00874
1	0.01893	0.01981	0.06636	0.36731	0.13408	0.02018	0.02552	0.02506	0.02127	0.02793	0.03160	0.09065	0.08174	0.01385	0.01068	0.00343	0.01189	0.01228	0.00564	0.01180
2	0.20713	0.02701	0.08307	0.02719	0.06999	0.05410	0.12074	0.08028	0.08567	0.11231	0.02383	0.02553	0.01735	0.01056	0.00953	0.00323	0.01171	0.00896	0.00743	0.01438
3	0.02215	0.06659	0.22467	0.09707	0.03612	0.02256	0.02405	0.07146	0.11846	0.03571	0.03241	0.03429	0.07007	0.01245	0.00973	0.00316	0.01110	0.01003	0.08421	0.01370
4	0.01310	0.00957	0.01240	0.01404	0.01538	0.00887	0.00995	0.01569	0.02181	0.02898	0.13829	0.44583	0.12805	0.02947	0.01293	0.00400	0.00600	0.06719	0.00978	0.00867
5	0.06696	0.02278	0.07271	0.09031	0.23181	0.02067	0.02364	0.03705	0.06117	0.19236	0.02851	0.06052	0.02190	0.01189	0.01015	0.00323	0.01071	0.01040	0.00785	0.01538
6	0.13305	0.06284	0.14962	0.06155	0.03261	0.02331	0.02110	0.14615	0.02815	0.14908	0.02653	0.07609	0.02087	0.01275	0.00961	0.00322	0.01083	0.01001	0.00806	0.01457
7	0.02367	0.01372	0.01749	0.01674	0.02038	0.01317	0.01303	0.08295	0.02645	0.15464	0.08119	0.28020	0.08023	0.02399	0.01225	0.00383	0.00768	0.10631	0.01040	0.01166
8	0.01461	0.00988	0.01151	0.01170	0.01199	0.00974	0.00691	0.01526	0.01676	0.02257	0.08474	0.13164	0.04625	0.51390	0.04412	0.00868	0.00903	0.01686	0.00706	0.00678
9	0.07367	0.03234	0.18627	0.12533	0.04441	0.02600	0.11916	0.15276	0.06850	0.04083	0.02176	0.02531	0.01589	0.01054	0.01020	0.00329	0.01336	0.00921	0.00653	0.01464
10	0.02887	0.02997	0.13092	0.06936	0.04116	0.02609	0.16012	0.16986	0.11879	0.08042	0.02607	0.02811	0.01880	0.01106	0.01070	0.00331	0.01300	0.01018	0.00772	0.01549
11	0.09530	0.02004	0.02463	0.01903	0.02691	0.01925	0.01572	0.15288	0.03248	0.43151	0.03512	0.03135	0.02262	0.01238	0.01001	0.00316	0.00922	0.00973	0.01170	0.01698
12	0.07245	0.01083	0.01245	0.01266	0.01520	0.01017	0.00926	0.01765	0.02398	0.03388	0.25753	0.22953	0.20880	0.02441	0.01189	0.00354	0.00550	0.02119	0.00992	0.00916
13	0.02840	0.10713	0.03408	0.17955	0.04192	0.14742	0.06036	0.09968	0.13425	0.03435	0.02297	0.02601	0.01769	0.01101	0.00976	0.00308	0.01321	0.00888	0.00663	0.01364
14	0.03089	0.09227	0.07796	0.01930	0.02658	0.02169	0.01718	0.10176	0.12607	0.20181	0.13625	0.03904	0.03680	0.01377	0.01021	0.00313	0.00903	0.01122	0.01001	0.01504
15	0.03347	0.01862	0.02539	0.07823	0.09078	0.01843	0.01777	0.09402	0.06643	0.27937	0.12852	0.03969	0.03553	0.01359	0.01062	0.00320	0.00912	0.01151	0.01042	0.01530
16	0.01465	0.01005	0.01226	0.01248	0.01288	0.01034	0.00777	0.01550	0.01566	0.02122	0.03368	0.11468	0.03796	0.47713	0.15137	0.01064	0.01288	0.01551	0.00639	0.00697
17	0.02492	0.02040	0.02324	0.01693	0.02586	0.01741	0.01367	0.13170	0.02682	0.03986	0.01955	0.02197	0.01566	0.00857	0.00815	0.00184	0.00836	0.00673	0.00694	0.56143
18	0.08949	0.23283	0.07841	0.07606	0.03313	0.09572	0.02009	0.14936	0.02843	0.07873	0.01950	0.02139	0.01494	0.01036	0.00857	0.00280	0.01205	0.00734	0.00664	0.01414
19	0.08723	0.01910	0.06583	0.01758	0.02228	0.05830	0.01493	0.02784	0.02320	0.13168	0.12181	0.12936	0.04176	0.03013	0.13126	0.00610	0.01278	0.03878	0.00851	0.01155
20	0.15231	0.11289	0.02513	0.01722	0.02337	0.02295	0.01402	0.10340	0.10339	0.10792	0.02947	0.09666	0.02573	0.06103	0.01236	0.00357	0.00889	0.01095	0.00833	0.06040

[dist]
# distance from previous block
# <min> <max>
1	3

[block]
# block no. 1 follows, 14 sequences, length 32
# corresponding to MSA columns:
# 636-667
name=unknown_B
#
# <colnr> <probs for GDERKNQSTAVLIFYWHMCP>
#	G	D	E	R	K	N	Q	S	T	A	V	L	I	F	Y	W	H	M	C	P
0	0.02354	0.12983	0.16698	0.02408	0.03394	0.02498	0.09059	0.03617	0.15265	0.03396	0.02373	0.02561	0.01834	0.00999	0.00925	0.00278	0.01137	0.00850	0.00634	0.16736
1	0.02018	0.01408	0.01803	0.07362	0.02400	0.01258	0.01236	0.02443	0.02445	0.09628	0.21489	0.05383	0.10505	0.06428	0.01365	0.00334	0.00734	0.01339	0.00880	0.19541
2	0.02839	0.13841	0.07128	0.01872	0.02546	0.06985	0.01656	0.11937	0.02907	0.12649	0.10807	0.08096	0.09449	0.01545	0.01012	0.00305	0.00979	0.01240	0.00871	0.01336
3	0.01340	0.01004	0.01243	0.01269	0.01486	0.00907	0.00919	0.01688	0.02514	0.03388	0.31896	0.23365	0.20178	0.02522	0.01238	0.00354	0.00523	0.02219	0.01039	0.00907
4	0.03598	0.02332	0.02551	0.02094	0.02763	0.11087	0.04620	0.08317	0.07010	0.28345	0.04142	0.04314	0.07928	0.01458	0.01070	0.00326	0.01067	0.04480	0.01016	0.01484
5	0.02854	0.03437	0.27943	0.02438	0.03596	0.01952	0.06100	0.03652	0.02407	0.19640	0.02512	0.02596	0.01727	0.01016	0.00969	0.00293	0.01202	0.00844	0.00720	0.14103
6	0.02013	0.01557	0.06878	0.01304	0.01716	0.01312	0.01145	0.02887	0.09321	0.03831	0.03309	0.03661	0.02565	0.01200	0.00787	0.00262	0.00626	0.00964	0.53561	0.01102
7	0.08536	0.03189	0.02629	0.02218	0.02883	0.24174	0.01745	0.12480	0.08399	0.19615	0.02688	0.02610	0.01909	0.01173	0.00965	0.00299	0.01276	0.00853	0.00882	0.01478
8	0.03533	0.08626	0.03419	0.03061	0.08695	0.46346	0.05619	0.03877	0.02761	0.02641	0.01643	0.01968	0.01368	0.01018	0.00935	0.00271	0.01727	0.00716	0.00520	0.01255
9	0.03220	0.02206	0.02526	0.10425	0.03317	0.06707	0.01722	0.09170	0.08480	0.20135	0.02795	0.02822	0.01987	0.01094	0.00952	0.00276	0.01016	0.00876	0.00870	0.19403
10	0.10258	0.06214	0.03141	0.07311	0.20258	0.02368	0.02131	0.12728	0.02852	0.13767	0.06880	0.02984	0.02387	0.01144	0.00974	0.00307	0.01038	0.00954	0.00796	0.01507
11	0.01854	0.01739	0.02027	0.01872	0.02088	0.09076	0.06353	0.02095	0.02070	0.02628	0.08127	0.26267	0.04657	0.17780	0.02358	0.00529	0.04948	0.01869	0.00752	0.00912
12	0.64557	0.01961	0.01595	0.01397	0.02048	0.02223	0.01151	0.03214	0.01865	0.09943	0.01690	0.01849	0.01254	0.00984	0.00675	0.00318	0.00802	0.00603	0.00698	0.01175
13	0.02744	0.64552	0.05378	0.01756	0.02634	0.04061	0.01756	0.03073	0.02085	0.02414	0.01427	0.01646	0.01317	0.00878	0.00658	0.00219	0.01097	0.00549	0.00439	0.01317
14	0.01469	0.01088	0.01592	0.01592	0.01756	0.01252	0.01212	0.01796	0.01632	0.02340	0.02801	0.04321	0.02691	0.13757	0.53979	0.01579	0.02560	0.01142	0.00558	0.00885
15	0.02422	0.02768	0.06055	0.04325	0.05363	0.02595	0.53806	0.03287	0.02422	0.03287	0.02076	0.02768	0.01557	0.00865	0.01211	0.00346	0.01730	0.01211	0.00519	0.01384
16	0.02083	0.01167	0.01202	0.01125	0.01402	0.01200	0.00840	0.07871	0.02371	0.03918	0.03240	0.03983	0.02651	0.07796	0.01224	0.00326	0.00603	0.01009	0.54982	0.01006
17	0.03846	0.04519	0.02940	0.02592	0.03174	0.49363	0.01977	0.13328	0.03262	0.03242	0.01748	0.01964	0.01400	0.01090	0.00944	0.00272	0.01717	0.00709	0.00621	0.01292
18	0.03742	0.10467	0.03227	0.02453	0.03119	0.34375	0.01948	0.21279	0.03484	0.03869	0.01873	0.02041	0.01468	0.01099	0.00932	0.00275	0.01522	0.00740	0.00691	0.01395
19	0.04604	0.01746	0.02382	0.01826	0.02620	0.01508	0.01508	0.05001	0.02937	0.58244	0.04049	0.03493	0.02540	0.01270	0.01032	0.00318	0.00873	0.01032	0.01270	0.01746
20	0.01654	0.01181	0.01654	0.01890	0.02126	0.01181	0.01654	0.02126	0.02362	0.03071	0.05433	0.11576	0.05906	0.02835	0.01417	0.00472	0.00945	0.50626	0.00945	0.00945
21	0.11842	0.02078	0.03150	0.02644	0.07333	0.02040	0.11292	0.03827	0.02437	0.26740	0.02726	0.02814	0.01900	0.01141	0.01238	0.00322	0.07472	0.00948	0.00852	0.07205
22	0.01237	0.00944	0.01139	0.01294	0.01453	0.00845	0.00893	0.01444	0.02094	0.02672	0.07295	0.44809	0.24186	0.03002	0.01276	0.00392	0.00569	0.02658	0.00953	0.00845
23	0.01578	0.01138	0.01350	0.01299	0.01299	0.01240	0.00807	0.01604	0.01501	0.02045	0.03018	0.06205	0.03459	0.56843	0.05011	0.00933	0.07964	0.01425	0.00602	0.00679
24	0.36361	0.02188	0.02165	0.01752	0.02478	0.02374	0.01446	0.18276	0.02912	0.17496	0.02332	0.02318	0.01624	0.01107	0.00840	0.00315	0.00909	0.00772	0.00895	0.01441
25	0.02655	0.02551	0.12183	0.11196	0.26741	0.02084	0.02684	0.03315	0.02445	0.13456	0.08083	0.03219	0.02557	0.01128	0.01034	0.00317	0.01144	0.01010	0.00696	0.01501
26	0.01343	0.00933	0.01224	0.01412	0.01514	0.00879	0.00983	0.01594	0.02102	0.02890	0.10880	0.49962	0.06747	0.02933	0.01265	0.00398	0.00598	0.05760	0.05718	0.00863
27	0.02653	0.02252	0.03775	0.15853	0.42434	0.02309	0.02918	0.03253	0.02350	0.09135	0.02139	0.02678	0.01677	0.00973	0.01020	0.00313	0.01209	0.00927	0.00581	0.01550
28	0.40192	0.07375	0.08683	0.02707	0.12825	0.02498	0.06191	0.03092	0.01982	0.03950	0.01618	0.01970	0.01279	0.00935	0.00791	0.00311	0.01050	0.00697	0.00565	0.01288
29	0.02736	0.02156	0.03615	0.08278	0.19101	0.02148	0.13214	0.03659	0.09617	0.13617	0.08433	0.03491	0.02808	0.01166	0.01086	0.00327	0.01145	0.01131	0.00784	0.01489
30	0.33487	0.02894	0.18177	0.01879	0.02829	0.02096	0.01941	0.03212	0.02048	0.09349	0.01872	0.02067	0.01374	0.00960	0.00793	0.00293	0.01005	0.00670	0.00636	0.12418
31	0.33344	0.19997	0.13251	0.01859	0.02727	0.05479	0.01863	0.05520	0.02115	0.03743	0.01560	0.01799	0.01242	0.00954	0.00736	0.00289	0.01075	0.00613	0.00557	0.01276

[dist]
# distance from previous block
# <min> <max>
0	1

[block]
# block no. 2 follows, 14 sequences, length 19
# corresponding to MSA columns:
# 669-687
name=unknown_C
#
# <colnr> <probs for GDERKNQSTAVLIFYWHMCP>
#	G	D	E	R	K	N	Q	S	T	A	V	L	I	F	Y	W	H	M	C	P
0	0.03848	0.14950	0.03196	0.07213	0.03126	0.02425	0.01763	0.13789	0.03044	0.31855	0.03006	0.02847	0.02031	0.01160	0.00953	0.00298	0.01013	0.00901	0.00979	0.01604
1	0.01814	0.01426	0.01664	0.01343	0.01838	0.01183	0.00964	0.02101	0.01971	0.02915	0.08326	0.04464	0.03240	0.24829	0.02499	0.00490	0.00819	0.01078	0.00670	0.36365
2	0.02742	0.02201	0.03466	0.10595	0.36579	0.02251	0.02611	0.07768	0.02571	0.09001	0.02315	0.02773	0.01799	0.01017	0.00990	0.00304	0.01119	0.00931	0.07433	0.01533
3	0.04006	0.03820	0.02836	0.02416	0.03061	0.35925	0.01878	0.14785	0.03317	0.14811	0.02277	0.02317	0.01661	0.01138	0.00969	0.00284	0.01498	0.00793	0.00786	0.01421
4	0.02128	0.01824	0.02128	0.01520	0.02432	0.01368	0.01216	0.02584	0.02128	0.03344	0.01824	0.02128	0.01520	0.00760	0.00760	0.00152	0.00760	0.00608	0.00608	0.70208
5	0.01938	0.01824	0.03078	0.61468	0.07068	0.02280	0.02850	0.02622	0.02052	0.02622	0.01824	0.02736	0.01368	0.01026	0.01026	0.00342	0.01368	0.00912	0.00456	0.01140
6	0.03249	0.22185	0.17956	0.02184	0.03195	0.02818	0.02253	0.12718	0.02813	0.17627	0.02389	0.02399	0.01702	0.01066	0.00901	0.00288	0.01154	0.00793	0.00755	0.01555
7	0.01726	0.01090	0.01439	0.01368	0.01632	0.00997	0.01019	0.02147	0.02740	0.09171	0.42627	0.17175	0.08464	0.02216	0.01211	0.00339	0.00542	0.01964	0.01112	0.01021
8	0.04604	0.01746	0.02382	0.01826	0.02620	0.01508	0.01508	0.05001	0.02937	0.58244	0.04049	0.03493	0.02540	0.01270	0.01032	0.00318	0.00873	0.01032	0.01270	0.01746
9	0.02782	0.10086	0.22403	0.02859	0.03891	0.11548	0.13187	0.03766	0.07776	0.08578	0.02260	0.02486	0.01664	0.01026	0.00996	0.00311	0.01436	0.00883	0.00610	0.01451
10	0.03951	0.02380	0.08063	0.01974	0.02758	0.07852	0.01739	0.04423	0.02852	0.41285	0.08773	0.03591	0.02986	0.01299	0.01032	0.00313	0.01006	0.01045	0.01091	0.01586
11	0.01218	0.01021	0.01058	0.01088	0.01399	0.00862	0.00801	0.01467	0.02293	0.02753	0.09808	0.16500	0.50872	0.02675	0.01225	0.00355	0.00529	0.02259	0.00953	0.00862
12	0.01332	0.01001	0.01234	0.01267	0.01483	0.00903	0.00916	0.01670	0.02485	0.03335	0.30078	0.24496	0.20944	0.02553	0.01240	0.00356	0.00526	0.02246	0.01033	0.00903
13	0.10525	0.15046	0.08329	0.02214	0.03053	0.11587	0.06443	0.03964	0.02528	0.23033	0.02497	0.02496	0.01760	0.01064	0.00911	0.00293	0.01199	0.00820	0.00781	0.01455
14	0.20642	0.01777	0.02136	0.01772	0.02414	0.01777	0.01474	0.04031	0.02490	0.35300	0.03371	0.03832	0.02471	0.01395	0.01129	0.00343	0.04889	0.06270	0.01023	0.01461
15	0.01236	0.00949	0.01134	0.01281	0.01450	0.00846	0.00887	0.01446	0.02107	0.02677	0.07451	0.43046	0.25847	0.02982	0.01273	0.00390	0.00567	0.02633	0.00953	0.00846
16	0.02476	0.02377	0.07873	0.01827	0.02780	0.01831	0.01616	0.12970	0.02672	0.03960	0.01954	0.02199	0.01543	0.00876	0.00835	0.00200	0.00908	0.00686	0.00675	0.49741
17	0.09055	0.11922	0.14602	0.02158	0.05772	0.02126	0.01994	0.03495	0.02424	0.19219	0.08349	0.03038	0.02590	0.01141	0.00920	0.00288	0.01001	0.00900	0.00790	0.08218
18	0.02990	0.03349	0.07763	0.13739	0.03901	0.20556	0.02212	0.11397	0.16667	0.03639	0.02456	0.02652	0.01861	0.01157	0.00995	0.00313	0.01353	0.00886	0.00713	0.01403

[dist]
# distance from previous block
# <min> <max>
5	6

[block]
# block no. 3 follows, 14 sequences, length 25
# corresponding to MSA columns:
# 694-718
name=unknown_D
#
# <colnr> <probs for GDERKNQSTAVLIFYWHMCP>
#	G	D	E	R	K	N	Q	S	T	A	V	L	I	F	Y	W	H	M	C	P
0	0.02062	0.01738	0.01909	0.01750	0.02258	0.01815	0.01364	0.03697	0.29245	0.03635	0.05189	0.10517	0.12955	0.01810	0.01093	0.00338	0.00747	0.06084	0.00951	0.10843
1	0.03635	0.02475	0.02732	0.02185	0.02931	0.02696	0.01775	0.31039	0.19318	0.15194	0.03250	0.03048	0.02294	0.01286	0.01033	0.00321	0.00990	0.01012	0.01076	0.01710
2	0.01278	0.00959	0.01186	0.01305	0.01471	0.00867	0.00912	0.01534	0.02233	0.02934	0.16321	0.39554	0.20005	0.02854	0.01267	0.00382	0.00556	0.02532	0.00985	0.00867
3	0.04538	0.01853	0.02447	0.01876	0.02673	0.01666	0.01550	0.09640	0.03116	0.53353	0.03899	0.03396	0.02465	0.01267	0.01031	0.00317	0.00897	0.01022	0.01247	0.01746
4	0.71184	0.01985	0.01508	0.01350	0.01985	0.02302	0.01111	0.03017	0.01746	0.04604	0.01429	0.01667	0.01111	0.00953	0.00635	0.00318	0.00794	0.00556	0.00635	0.01111
5	0.02362	0.01817	0.02152	0.01549	0.02450	0.01381	0.01244	0.02812	0.02204	0.08526	0.02034	0.02257	0.01616	0.00808	0.00786	0.00168	0.00771	0.00648	0.00670	0.63746
6	0.71184	0.01985	0.01508	0.01350	0.01985	0.02302	0.01111	0.03017	0.01746	0.04604	0.01429	0.01667	0.01111	0.00953	0.00635	0.00318	0.00794	0.00556	0.00635	0.01111
7	0.01492	0.00995	0.01119	0.01119	0.01119	0.00995	0.00622	0.01492	0.01492	0.01990	0.03233	0.06716	0.03731	0.63935	0.05223	0.00995	0.00995	0.01492	0.00622	0.00622
8	0.01236	0.01041	0.01072	0.01064	0.01401	0.00876	0.00798	0.01518	0.02395	0.02904	0.14969	0.09659	0.52462	0.02550	0.01213	0.00344	0.00516	0.02135	0.00970	0.00876
9	0.03833	0.04891	0.02908	0.02644	0.03173	0.59815	0.01983	0.04098	0.02908	0.02512	0.01586	0.01851	0.01322	0.01058	0.00925	0.00264	0.01851	0.00661	0.00529	0.01190
10	0.01339	0.01035	0.01161	0.01135	0.01387	0.00922	0.00813	0.01626	0.02374	0.03070	0.24231	0.08606	0.32391	0.13194	0.01915	0.00453	0.00592	0.01947	0.00952	0.00856
11	0.02204	0.02029	0.03154	0.24855	0.24013	0.02251	0.02553	0.03223	0.12040	0.03195	0.02659	0.08584	0.02299	0.01260	0.01053	0.00337	0.01139	0.01148	0.00630	0.01376
12	0.01305	0.00943	0.01171	0.01310	0.01410	0.00878	0.00870	0.01484	0.01996	0.02634	0.09606	0.41645	0.13138	0.14252	0.02012	0.00507	0.00651	0.02477	0.00905	0.00809
13	0.03719	0.12403	0.03406	0.02302	0.03099	0.09840	0.01925	0.40656	0.04191	0.05401	0.02206	0.02270	0.01632	0.01158	0.00959	0.00290	0.01208	0.00837	0.00881	0.01617
14	0.02682	0.17787	0.03603	0.26778	0.07930	0.02718	0.02263	0.09072	0.02496	0.08568	0.02024	0.02457	0.01539	0.01015	0.00918	0.00292	0.01179	0.00817	0.00611	0.05251
15	0.09589	0.13627	0.10896	0.02188	0.02984	0.10579	0.02022	0.12284	0.02710	0.10026	0.02014	0.02198	0.01531	0.01109	0.01108	0.00293	0.06939	0.00753	0.00682	0.06468
16	0.01953	0.01218	0.01629	0.01525	0.01655	0.01324	0.01091	0.04506	0.01742	0.05767	0.02535	0.04240	0.02504	0.20878	0.15732	0.23390	0.05809	0.01114	0.00598	0.00791
17	0.01256	0.00941	0.01166	0.01321	0.01466	0.00852	0.00910	0.01477	0.02128	0.02768	0.10616	0.45732	0.19683	0.02978	0.01278	0.00392	0.00568	0.02650	0.00966	0.00852
18	0.07540	0.01959	0.02447	0.06723	0.02975	0.01957	0.01650	0.16282	0.03167	0.32990	0.03492	0.08724	0.02575	0.01407	0.01035	0.00327	0.00945	0.01148	0.01080	0.01576
19	0.02874	0.02853	0.12132	0.10039	0.10885	0.02518	0.09799	0.14555	0.10655	0.09433	0.02574	0.02802	0.01870	0.01102	0.01047	0.00326	0.01243	0.00981	0.00756	0.01555
20	0.08880	0.02580	0.12318	0.26150	0.08851	0.02538	0.02701	0.02766	0.01937	0.02938	0.01671	0.02392	0.01346	0.01203	0.01592	0.00362	0.17221	0.00848	0.00472	0.01233
21	0.01604	0.01063	0.01320	0.01310	0.01575	0.00950	0.00961	0.01935	0.02492	0.08009	0.25544	0.23640	0.20802	0.02476	0.01224	0.00355	0.00559	0.02167	0.01045	0.00970
22	0.15195	0.01755	0.02226	0.13077	0.03155	0.01947	0.04753	0.08031	0.08288	0.03578	0.03211	0.18756	0.03176	0.06732	0.01379	0.00407	0.00962	0.01463	0.00763	0.01145
23	0.12520	0.16676	0.11524	0.12120	0.03715	0.02758	0.06101	0.06206	0.05255	0.03344	0.02372	0.02709	0.04882	0.01136	0.01036	0.00313	0.04588	0.00869	0.00579	0.01297
24	0.01861	0.01844	0.06333	0.01927	0.02296	0.05834	0.01681	0.02570	0.07606	0.03182	0.09211	0.17036	0.05373	0.02402	0.01273	0.00411	0.00953	0.26248	0.00899	0.01061

[dist]
# distance from previous block
# <min> <max>
0	18

[block]
# block no. 4 follows, 14 sequences, length 16
# corresponding to MSA columns:
# 737-752
name=unknown_E
#
# <colnr> <probs for GDERKNQSTAVLIFYWHMCP>
#	G	D	E	R	K	N	Q	S	T	A	V	L	I	F	Y	W	H	M	C	P
0	0.02843	0.02319	0.07835	0.02137	0.06132	0.07318	0.01709	0.03674	0.10626	0.19238	0.08637	0.04915	0.15082	0.01571	0.01070	0.00324	0.00940	0.01293	0.00948	0.01390
1	0.23322	0.02113	0.02347	0.05821	0.11142	0.05399	0.01694	0.08193	0.02379	0.08329	0.02149	0.02521	0.01678	0.01670	0.06597	0.00424	0.01160	0.00799	0.05493	0.06769
2	0.09316	0.02288	0.03789	0.12909	0.32640	0.02318	0.09276	0.03024	0.02228	0.03366	0.01873	0.02469	0.01518	0.00913	0.00979	0.00302	0.01219	0.00886	0.00525	0.08161
3	0.02309	0.02115	0.03349	0.37075	0.18594	0.02483	0.02781	0.07926	0.02360	0.03174	0.01874	0.02619	0.01467	0.01085	0.01223	0.00339	0.06472	0.00913	0.00526	0.01318
4	0.02401	0.01259	0.01675	0.01452	0.01860	0.01131	0.01131	0.02858	0.02915	0.20397	0.41066	0.06410	0.07534	0.01849	0.01157	0.00321	0.00601	0.01608	0.01172	0.01202
5	0.01392	0.01019	0.01306	0.01292	0.01510	0.00933	0.00947	0.01797	0.02675	0.03706	0.42907	0.18215	0.13770	0.02354	0.01229	0.00343	0.00508	0.02083	0.01080	0.00933
6	0.01391	0.01047	0.01287	0.01227	0.01496	0.00942	0.00920	0.01819	0.02761	0.03773	0.45133	0.08228	0.21755	0.02225	0.01211	0.00329	0.00493	0.01935	0.01085	0.00942
7	0.02744	0.64552	0.05378	0.01756	0.02634	0.04061	0.01756	0.03073	0.02085	0.02414	0.01427	0.01646	0.01317	0.00878	0.00658	0.00219	0.01097	0.00549	0.00439	0.01317
8	0.01488	0.01012	0.01204	0.01204	0.01234	0.01041	0.00728	0.01547	0.01517	0.02053	0.03156	0.06285	0.03544	0.54921	0.13981	0.01100	0.01276	0.01429	0.00610	0.00669
9	0.03901	0.02874	0.03080	0.02361	0.03182	0.03182	0.01951	0.54111	0.04825	0.06468	0.02464	0.02464	0.01745	0.01232	0.01027	0.00308	0.01129	0.00924	0.01027	0.01745
10	0.03901	0.02874	0.03080	0.02361	0.03182	0.03182	0.01951	0.54111	0.04825	0.06468	0.02464	0.02464	0.01745	0.01232	0.01027	0.00308	0.01129	0.00924	0.01027	0.01745
11	0.02128	0.01824	0.02128	0.01520	0.02432	0.01368	0.01216	0.02584	0.02128	0.03344	0.01824	0.02128	0.01520	0.00760	0.00760	0.00152	0.00760	0.00608	0.00608	0.70208
12	0.03833	0.04891	0.02908	0.02644	0.03173	0.59815	0.01983	0.04098	0.02908	0.02512	0.01586	0.01851	0.01322	0.01058	0.00925	0.00264	0.01851	0.00661	0.00529	0.01190
13	0.01346	0.01045	0.01224	0.01179	0.01468	0.00923	0.00885	0.01731	0.02654	0.03519	0.36320	0.08646	0.30727	0.02320	0.01211	0.00333	0.00500	0.01993	0.01051	0.00923
14	0.04604	0.01746	0.02382	0.01826	0.02620	0.01508	0.01508	0.05001	0.02937	0.58244	0.04049	0.03493	0.02540	0.01270	0.01032	0.00318	0.00873	0.01032	0.01270	0.01746
15	0.02540	0.02438	0.04165	0.06299	0.57533	0.02438	0.03149	0.03149	0.02337	0.03353	0.01930	0.02540	0.01626	0.00914	0.01016	0.00305	0.01219	0.00914	0.00508	0.01626

[dist]
# distance from previous block
# <min> <max>
0	3

[block]
# block no. 5 follows, 14 sequences, length 51
# corresponding to MSA columns:
# 756-806
name=unknown_F
#
# <colnr> <probs for GDERKNQSTAVLIFYWHMCP>
#	G	D	E	R	K	N	Q	S	T	A	V	L	I	F	Y	W	H	M	C	P
0	0.02058	0.05308	0.58618	0.02925	0.04442	0.02383	0.03792	0.03250	0.02167	0.03250	0.01842	0.02167	0.01300	0.00975	0.00975	0.00325	0.01517	0.00758	0.00433	0.01517
1	0.01654	0.01181	0.01654	0.01890	0.02126	0.01181	0.01654	0.02126	0.02362	0.03071	0.05433	0.11576	0.05906	0.02835	0.01417	0.00472	0.00945	0.50626	0.00945	0.00945
2	0.02245	0.02245	0.03143	0.02694	0.02694	0.03143	0.02245	0.02470	0.01572	0.02470	0.01347	0.02245	0.01347	0.01796	0.03368	0.00449	0.62057	0.00898	0.00449	0.01123
3	0.01452	0.01049	0.01372	0.01291	0.01533	0.00968	0.00968	0.01937	0.02905	0.04115	0.56992	0.07666	0.09683	0.02098	0.01210	0.00323	0.00484	0.01856	0.01130	0.00968
4	0.71184	0.01985	0.01508	0.01350	0.01985	0.02302	0.01111	0.03017	0.01746	0.04604	0.01429	0.01667	0.01111	0.00953	0.00635	0.00318	0.00794	0.00556	0.00635	0.01111
5	0.02245	0.02245	0.03143	0.02694	0.02694	0.03143	0.02245	0.02470	0.01572	0.02470	0.01347	0.02245	0.01347	0.01796	0.03368	0.00449	0.62057	0.00898	0.00449	0.01123
6	0.01250	0.00893	0.01191	0.01429	0.01488	0.00834	0.00953	0.01429	0.01965	0.02620	0.05656	0.63265	0.06787	0.03215	0.01310	0.00417	0.00595	0.02917	0.00953	0.00834
7	0.01938	0.01824	0.03078	0.61468	0.07068	0.02280	0.02850	0.02622	0.02052	0.02622	0.01824	0.02736	0.01368	0.01026	0.01026	0.00342	0.01368	0.00912	0.00456	0.01140
8	0.03901	0.02874	0.03080	0.02361	0.03182	0.03182	0.01951	0.54111	0.04825	0.06468	0.02464	0.02464	0.01745	0.01232	0.01027	0.00308	0.01129	0.00924	0.01027	0.01745
9	0.02553	0.02204	0.02320	0.02088	0.02669	0.02553	0.01624	0.05453	0.55679	0.04293	0.04177	0.03829	0.03133	0.01392	0.01044	0.00348	0.00812	0.01160	0.01044	0.01624
10	0.01213	0.01040	0.01040	0.01040	0.01386	0.00866	0.00780	0.01473	0.02339	0.02772	0.10396	0.09876	0.57117	0.02599	0.01213	0.00347	0.00520	0.02166	0.00953	0.00866
11	0.01218	0.01021	0.01059	0.01090	0.01399	0.00862	0.00802	0.01467	0.02291	0.02753	0.09783	0.16784	0.50604	0.02679	0.01225	0.00356	0.00530	0.02263	0.00953	0.00862
12	0.71184	0.01985	0.01508	0.01350	0.01985	0.02302	0.01111	0.03017	0.01746	0.04604	0.01429	0.01667	0.01111	0.00953	0.00635	0.00318	0.00794	0.00556	0.00635	0.01111
13	0.02629	0.54666	0.14262	0.01951	0.02936	0.03781	0.02096	0.03102	0.02099	0.02554	0.01496	0.01733	0.01314	0.00894	0.00711	0.00237	0.01167	0.00584	0.00438	0.01350
14	0.02735	0.02044	0.02192	0.01927	0.02495	0.02293	0.01512	0.09061	0.39517	0.08667	0.03903	0.03687	0.02897	0.01341	0.00995	0.00327	0.00795	0.01101	0.10963	0.01548
15	0.01250	0.00971	0.01138	0.01243	0.01446	0.00859	0.00876	0.01489	0.02208	0.02809	0.11918	0.34861	0.29573	0.02849	0.01258	0.00378	0.00553	0.02495	0.00967	0.00859
16	0.02732	0.01394	0.01549	0.01334	0.01767	0.01393	0.01054	0.10547	0.02701	0.14843	0.03354	0.03560	0.02482	0.01216	0.00825	0.00265	0.00652	0.00966	0.46141	0.01227
17	0.02265	0.02348	0.03055	0.48114	0.06152	0.11647	0.02670	0.02851	0.02159	0.02594	0.01754	0.02561	0.01359	0.01081	0.01163	0.00336	0.05406	0.00870	0.00467	0.01147
18	0.02362	0.01545	0.01799	0.01633	0.02089	0.01580	0.01287	0.03591	0.19953	0.12930	0.16549	0.06008	0.11294	0.01780	0.01104	0.00339	0.00699	0.05552	0.06610	0.01297
19	0.01333	0.00928	0.01166	0.01323	0.01362	0.00889	0.00839	0.01451	0.01803	0.02404	0.04827	0.43909	0.05741	0.23998	0.02649	0.00615	0.00732	0.02430	0.00839	0.00761
20	0.02058	0.05308	0.58618	0.02925	0.04442	0.02383	0.03792	0.03250	0.02167	0.03250	0.01842	0.02167	0.01300	0.00975	0.00975	0.00325	0.01517	0.00758	0.00433	0.01517
21	0.01716	0.01184	0.01480	0.01418	0.01549	0.01270	0.00975	0.06146	0.01820	0.02489	0.02891	0.05177	0.03019	0.35183	0.22697	0.06724	0.01574	0.01266	0.00619	0.00801
22	0.02052	0.01246	0.01445	0.01559	0.06107	0.01265	0.01033	0.06509	0.02386	0.03863	0.07456	0.04167	0.03136	0.06678	0.01197	0.00322	0.00638	0.01069	0.46822	0.01048
23	0.61092	0.02442	0.05291	0.01559	0.02242	0.07137	0.01357	0.03122	0.01871	0.04342	0.01469	0.01715	0.01141	0.00963	0.00681	0.00314	0.00929	0.00578	0.00613	0.01144
24	0.02768	0.01495	0.01898	0.01619	0.02106	0.01425	0.01277	0.09227	0.02924	0.22101	0.20211	0.09912	0.09496	0.02310	0.05998	0.00439	0.00892	0.01514	0.01087	0.01299
25	0.02494	0.35638	0.21963	0.02514	0.07545	0.03274	0.02502	0.03333	0.06573	0.02910	0.01826	0.02063	0.01486	0.00954	0.00819	0.00270	0.01217	0.00695	0.00493	0.01430
26	0.01963	0.01585	0.01812	0.01661	0.02060	0.01703	0.01273	0.03568	0.27391	0.04198	0.32487	0.05885	0.06644	0.01771	0.01133	0.00335	0.00636	0.01533	0.01090	0.01273
27	0.01468	0.01150	0.01483	0.01720	0.05255	0.01107	0.01127	0.01960	0.06646	0.03061	0.13938	0.37301	0.14606	0.02643	0.01238	0.00378	0.00625	0.02357	0.00958	0.00977
28	0.01938	0.01824	0.03078	0.61468	0.07068	0.02280	0.02850	0.02622	0.02052	0.02622	0.01824	0.02736	0.01368	0.01026	0.01026	0.00342	0.01368	0.00912	0.00456	0.01140
29	0.01265	0.00915	0.01196	0.01392	0.01486	0.00847	0.00943	0.01474	0.02067	0.02753	0.10216	0.55219	0.10268	0.03083	0.01295	0.00404	0.00581	0.02781	0.00967	0.00847
30	0.03833	0.04891	0.02908	0.02644	0.03173	0.59815	0.01983	0.04098	0.02908	0.02512	0.01586	0.01851	0.01322	0.01058	0.00925	0.00264	0.01851	0.00661	0.00529	0.01190
31	0.02245	0.02245	0.03143	0.02694	0.02694	0.03143	0.02245	0.02470	0.01572	0.02470	0.01347	0.02245	0.01347	0.01796	0.03368	0.00449	0.62057	0.00898	0.00449	0.01123
32	0.01390	0.01047	0.01285	0.01225	0.01495	0.00942	0.00919	0.01815	0.02757	0.03764	0.44790	0.08244	0.22105	0.02229	0.01211	0.00329	0.00493	0.01937	0.01083	0.00942
33	0.71184	0.01985	0.01508	0.01350	0.01985	0.02302	0.01111	0.03017	0.01746	0.04604	0.01429	0.01667	0.01111	0.00953	0.00635	0.00318	0.00794	0.00556	0.00635	0.01111
34	0.02744	0.64552	0.05378	0.01756	0.02634	0.04061	0.01756	0.03073	0.02085	0.02414	0.01427	0.01646	0.01317	0.00878	0.00658	0.00219	0.01097	0.00549	0.00439	0.01317
35	0.01783	0.00891	0.01337	0.01337	0.01337	0.00891	0.00891	0.01337	0.01337	0.01783	0.01783	0.03119	0.01783	0.03565	0.04011	0.70143	0.00891	0.00891	0.00446	0.00446
36	0.71184	0.01985	0.01508	0.01350	0.01985	0.02302	0.01111	0.03017	0.01746	0.04604	0.01429	0.01667	0.01111	0.00953	0.00635	0.00318	0.00794	0.00556	0.00635	0.01111
37	0.02553	0.02204	0.02320	0.02088	0.02669	0.02553	0.01624	0.05453	0.55679	0.04293	0.04177	0.03829	0.03133	0.01392	0.01044	0.00348	0.00812	0.01160	0.01044	0.01624
38	0.02422	0.02768	0.06055	0.04325	0.05363	0.02595	0.53806	0.03287	0.02422	0.03287	0.02076	0.02768	0.01557	0.00865	0.01211	0.00346	0.01730	0.01211	0.00519	0.01384
39	0.01492	0.00995	0.01119	0.01119	0.01119	0.00995	0.00622	0.01492	0.01492	0.01990	0.03233	0.06716	0.03731	0.63935	0.05223	0.00995	0.00995	0.01492	0.00622	0.00622
40	0.71184	0.01985	0.01508	0.01350	0.01985	0.02302	0.01111	0.03017	0.01746	0.04604	0.01429	0.01667	0.01111	0.00953	0.00635	0.00318	0.00794	0.00556	0.00635	0.01111
41	0.01654	0.01181	0.01654	0.01890	0.02126	0.01181	0.01654	0.02126	0.02362	0.03071	0.05433	0.11576	0.05906	0.02835	0.01417	0.00472	0.00945	0.50626	0.00945	0.00945
42	0.01250	0.00893	0.01191	0.01429	0.01488	0.00834	0.00953	0.01429	0.01965	0.02620	0.05656	0.63265	0.06787	0.03215	0.01310	0.00417	0.00595	0.02917	0.00953	0.00834
43	0.01219	0.01015	0.01065	0.01105	0.01403	0.00861	0.00809	0.01465	0.02277	0.02747	0.09605	0.18785	0.48718	0.02702	0.01229	0.00358	0.00532	0.02291	0.00953	0.00861
44	0.02512	0.03309	0.19336	0.03561	0.04666	0.02448	0.31864	0.03602	0.07006	0.07778	0.02354	0.02759	0.01704	0.00972	0.01120	0.00338	0.01525	0.01073	0.00602	0.01469
45	0.01950	0.01809	0.02263	0.02061	0.02162	0.05937	0.01619	0.02192	0.01677	0.02363	0.02172	0.03584	0.02169	0.13922	0.23800	0.00956	0.26823	0.01051	0.00519	0.00972
46	0.01467	0.01082	0.01419	0.01610	0.01823	0.01033	0.01309	0.01825	0.02258	0.02900	0.06449	0.24213	0.16032	0.02885	0.01351	0.00434	0.00775	0.29285	0.00948	0.00902
47	0.03741	0.02524	0.07208	0.02493	0.07420	0.06911	0.01976	0.08406	0.07020	0.31337	0.03138	0.03005	0.02142	0.01251	0.01220	0.00326	0.06347	0.00959	0.00969	0.01607
48	0.02452	0.39315	0.28057	0.02254	0.03404	0.03346	0.02623	0.03148	0.02120	0.02770	0.01603	0.01868	0.01310	0.00919	0.00793	0.00264	0.01276	0.00638	0.00437	0.01402
49	0.02672	0.02702	0.07330	0.02929	0.13388	0.11402	0.02070	0.07618	0.12560	0.06733	0.03686	0.08140	0.07067	0.01534	0.01075	0.00334	0.01121	0.05452	0.00795	0.01389
50	0.08109	0.02172	0.03297	0.32737	0.09490	0.02539	0.06945	0.11027	0.02487	0.03508	0.01884	0.02550	0.01442	0.01095	0.01206	0.00341	0.06398	0.00909	0.00572	0.01293

[dist]
# distance from previous block
# <min> <max>
1	11

[block]
# block no. 6 follows, 14 sequences, length 46
# corresponding to MSA columns:
# 818-863
name=unknown_G
#
# <colnr> <probs for GDERKNQSTAVLIFYWHMCP>
#	G	D	E	R	K	N	Q	S	T	A	V	L	I	F	Y	W	H	M	C	P
0	0.14583	0.17016	0.03157	0.01911	0.02694	0.02813	0.01644	0.19116	0.06456	0.17275	0.02533	0.02471	0.01817	0.01122	0.00879	0.00293	0.00987	0.00816	0.00883	0.01534
1	0.06874	0.02285	0.06132	0.06102	0.05634	0.02150	0.01788	0.15730	0.08796	0.06711	0.02631	0.03364	0.02169	0.07113	0.01361	0.00357	0.01008	0.03152	0.00784	0.15858
2	0.02597	0.50777	0.04730	0.02011	0.05888	0.03572	0.01758	0.03121	0.05574	0.02752	0.06906	0.02410	0.02245	0.01029	0.00757	0.00243	0.01029	0.00734	0.00547	0.01322
3	0.02446	0.13232	0.27861	0.02285	0.03272	0.02552	0.02493	0.13568	0.02585	0.03558	0.02169	0.03002	0.01852	0.12831	0.01734	0.00431	0.01272	0.00898	0.00594	0.01365
4	0.03108	0.30366	0.12564	0.02051	0.02978	0.03063	0.02035	0.09367	0.07654	0.13992	0.02376	0.02383	0.01771	0.01057	0.00858	0.00277	0.01096	0.00775	0.00722	0.01508
5	0.01407	0.01047	0.01309	0.01243	0.01505	0.00949	0.00932	0.01849	0.02797	0.03860	0.48146	0.08085	0.18688	0.02193	0.01211	0.00327	0.00491	0.01915	0.01096	0.00949
6	0.10126	0.02390	0.02957	0.02584	0.08047	0.02505	0.04918	0.24280	0.08501	0.18907	0.02863	0.02807	0.01999	0.01179	0.01002	0.00317	0.01046	0.00955	0.00975	0.01641
7	0.02845	0.59017	0.05148	0.01838	0.02684	0.09233	0.01777	0.03168	0.02162	0.02423	0.01441	0.01665	0.01317	0.00895	0.00683	0.00224	0.01167	0.00559	0.00447	0.01305
8	0.01250	0.00893	0.01191	0.01429	0.01488	0.00834	0.00953	0.01429	0.01965	0.02620	0.05656	0.63265	0.06787	0.03215	0.01310	0.00417	0.00595	0.02917	0.00953	0.00834
9	0.02371	0.02662	0.05762	0.04163	0.05147	0.02501	0.50326	0.03210	0.02418	0.03273	0.02300	0.03356	0.01847	0.00996	0.01225	0.00354	0.01678	0.04508	0.00547	0.01355
10	0.02429	0.03312	0.26534	0.02405	0.03383	0.02053	0.05898	0.08104	0.06086	0.09934	0.15310	0.03784	0.03589	0.01316	0.01062	0.00325	0.01135	0.01119	0.00791	0.01433
11	0.01475	0.00922	0.01113	0.01256	0.01364	0.00886	0.00850	0.01728	0.01977	0.02928	0.04723	0.39780	0.05230	0.08363	0.01501	0.00417	0.00598	0.02184	0.21855	0.00851
12	0.01466	0.01100	0.01649	0.01649	0.01833	0.01283	0.01283	0.01833	0.01649	0.02382	0.02749	0.04032	0.02566	0.07697	0.59868	0.01649	0.02749	0.01100	0.00550	0.00916
13	0.02273	0.02165	0.03682	0.30802	0.35119	0.02368	0.03016	0.02915	0.02210	0.03028	0.01883	0.02627	0.01511	0.00964	0.01020	0.00321	0.01285	0.00913	0.00485	0.01410
14	0.03278	0.01815	0.02990	0.08143	0.03408	0.01691	0.12195	0.03787	0.02649	0.31128	0.08605	0.09340	0.03305	0.01427	0.01111	0.00336	0.01033	0.01314	0.00993	0.01452
15	0.04405	0.02067	0.02580	0.01978	0.02779	0.01984	0.01634	0.18948	0.03473	0.43540	0.03599	0.03201	0.02314	0.01259	0.01030	0.00315	0.00946	0.01001	0.01201	0.01746
16	0.02540	0.02438	0.04165	0.06299	0.57533	0.02438	0.03149	0.03149	0.02337	0.03353	0.01930	0.02540	0.01626	0.00914	0.01016	0.00305	0.01219	0.00914	0.00508	0.01626
17	0.02481	0.02449	0.09276	0.03882	0.20005	0.02058	0.16796	0.03119	0.02386	0.10300	0.03375	0.09135	0.07330	0.01327	0.01115	0.00335	0.01223	0.01304	0.00686	0.01417
18	0.02005	0.01892	0.03199	0.55343	0.12671	0.02298	0.02883	0.02681	0.02084	0.02703	0.01836	0.02714	0.01397	0.01014	0.01025	0.00338	0.01351	0.00912	0.00462	0.01194
19	0.01492	0.00995	0.01119	0.01119	0.01119	0.00995	0.00622	0.01492	0.01492	0.01990	0.03233	0.06716	0.03731	0.63935	0.05223	0.00995	0.00995	0.01492	0.00622	0.00622
20	0.02744	0.64552	0.05378	0.01756	0.02634	0.04061	0.01756	0.03073	0.02085	0.02414	0.01427	0.01646	0.01317	0.00878	0.00658	0.00219	0.01097	0.00549	0.00439	0.01317
21	0.02573	0.03625	0.29471	0.03008	0.08897	0.02213	0.07895	0.08043	0.02636	0.10771	0.08340	0.03071	0.02489	0.01145	0.01041	0.00322	0.01276	0.00991	0.00689	0.01504
22	0.02529	0.45969	0.22078	0.02123	0.03201	0.03534	0.02394	0.03128	0.02111	0.02676	0.01557	0.01809	0.01312	0.00908	0.00758	0.00253	0.01229	0.00614	0.00437	0.01380
23	0.02314	0.23072	0.37046	0.02489	0.03722	0.02911	0.02965	0.03405	0.07221	0.03094	0.01937	0.02166	0.01479	0.00985	0.00885	0.00295	0.01322	0.00733	0.00493	0.01466
24	0.07290	0.34864	0.20596	0.02086	0.03127	0.03123	0.02288	0.03365	0.02195	0.09849	0.01881	0.02035	0.01453	0.00961	0.00798	0.00270	0.01174	0.00673	0.00555	0.01417
25	0.01492	0.00995	0.01119	0.01119	0.01119	0.00995	0.00622	0.01492	0.01492	0.01990	0.03233	0.06716	0.03731	0.63935	0.05223	0.00995	0.00995	0.01492	0.00622	0.00622
26	0.02540	0.02438	0.04165	0.06299	0.57533	0.02438	0.03149	0.03149	0.02337	0.03353	0.01930	0.02540	0.01626	0.00914	0.01016	0.00305	0.01219	0.00914	0.00508	0.01626
27	0.03238	0.02062	0.02687	0.02451	0.07831	0.02097	0.04779	0.09392	0.19793	0.22306	0.04222	0.03973	0.07687	0.01374	0.01062	0.00330	0.00929	0.01170	0.01029	0.01591
28	0.02229	0.01980	0.03447	0.45759	0.12209	0.02278	0.07832	0.02903	0.02179	0.06438	0.02007	0.02767	0.01493	0.01014	0.01044	0.00337	0.01355	0.00950	0.00522	0.01258
29	0.04390	0.02090	0.02594	0.01989	0.02791	0.02019	0.01643	0.19970	0.03513	0.42462	0.03566	0.03179	0.02298	0.01258	0.01030	0.00315	0.00951	0.00999	0.01196	0.01746
30	0.02156	0.02132	0.03871	0.39041	0.17336	0.02373	0.12586	0.02859	0.02182	0.02902	0.01894	0.02701	0.01458	0.00972	0.01059	0.00335	0.01405	0.00969	0.00479	0.01288
31	0.02823	0.10735	0.31684	0.02674	0.03871	0.02502	0.07907	0.08391	0.02580	0.13788	0.02292	0.02445	0.01602	0.01033	0.00979	0.00312	0.01334	0.00847	0.00656	0.01546
32	0.04277	0.01684	0.02301	0.01833	0.02565	0.01472	0.01524	0.04682	0.02873	0.52118	0.04202	0.04390	0.02914	0.01444	0.01075	0.00335	0.00881	0.06538	0.01234	0.01657
33	0.01452	0.01049	0.01372	0.01291	0.01533	0.00968	0.00968	0.01937	0.02905	0.04115	0.56992	0.07666	0.09683	0.02098	0.01210	0.00323	0.00484	0.01856	0.01130	0.00968
34	0.01987	0.01634	0.01820	0.01671	0.02095	0.01762	0.01283	0.03675	0.29632	0.04073	0.25581	0.05937	0.11048	0.01789	0.01126	0.00338	0.00654	0.01533	0.01069	0.01291
35	0.02195	0.02491	0.09645	0.29071	0.21646	0.02440	0.06349	0.02881	0.02131	0.02943	0.01831	0.02571	0.01450	0.01047	0.01247	0.00339	0.06993	0.00914	0.00473	0.01343
36	0.01250	0.00893	0.01191	0.01429	0.01488	0.00834	0.00953	0.01429	0.01965	0.02620	0.05656	0.63265	0.06787	0.03215	0.01310	0.00417	0.00595	0.02917	0.00953	0.00834
37	0.02422	0.02768	0.06055	0.04325	0.05363	0.02595	0.53806	0.03287	0.02422	0.03287	0.02076	0.02768	0.01557	0.00865	0.01211	0.00346	0.01730	0.01211	0.00519	0.01384
38	0.12535	0.02444	0.02685	0.02083	0.02873	0.02599	0.01720	0.33826	0.03905	0.20866	0.02782	0.02655	0.01890	0.01208	0.00979	0.00312	0.01015	0.00908	0.01046	0.01666
39	0.56551	0.01799	0.01538	0.01412	0.01953	0.02088	0.01147	0.02768	0.01726	0.04138	0.01706	0.02163	0.01417	0.02368	0.13067	0.00597	0.01204	0.00670	0.00617	0.01070
40	0.02603	0.53600	0.04976	0.12181	0.03408	0.03750	0.01947	0.02994	0.02079	0.02451	0.01496	0.01836	0.01326	0.00904	0.00723	0.00241	0.01145	0.00612	0.00442	0.01286
41	0.02460	0.02241	0.09505	0.02166	0.07743	0.01580	0.01744	0.03018	0.02346	0.11529	0.07402	0.02899	0.02427	0.01004	0.00894	0.00229	0.00890	0.00837	0.00724	0.38362
42	0.02165	0.09718	0.28738	0.03023	0.08805	0.02483	0.07704	0.03078	0.04793	0.03158	0.04772	0.06634	0.02215	0.01249	0.01229	0.00333	0.06938	0.01024	0.00548	0.01392
43	0.02287	0.01519	0.01881	0.01766	0.02134	0.01616	0.01401	0.09986	0.08411	0.08912	0.03842	0.10818	0.03613	0.07273	0.15576	0.00718	0.01327	0.10661	0.05083	0.01176
44	0.01820	0.01229	0.01789	0.07615	0.07346	0.01203	0.01399	0.02129	0.02173	0.08955	0.07906	0.41851	0.05500	0.02510	0.01219	0.00383	0.00751	0.02267	0.00910	0.01046
45	0.02701	0.03161	0.21050	0.09161	0.12820	0.02312	0.08393	0.03444	0.02301	0.14276	0.02272	0.02626	0.01644	0.01109	0.01290	0.00338	0.08068	0.00919	0.00628	0.01485

[dist]
# distance from previous block
# <min> <max>
0	2

[block]
# block no. 7 follows, 14 sequences, length 62
# corresponding to MSA columns:
# 866-927
name=unknown_H
#
# <colnr> <probs for GDERKNQSTAVLIFYWHMCP>
#	G	D	E	R	K	N	Q	S	T	A	V	L	I	F	Y	W	H	M	C	P
0	0.02840	0.01830	0.02282	0.02238	0.07561	0.01856	0.01613	0.11935	0.11613	0.16470	0.07771	0.10383	0.09036	0.01759	0.01122	0.00347	0.00861	0.06044	0.01021	0.01420
1	0.01783	0.00891	0.01337	0.01337	0.01337	0.00891	0.00891	0.01337	0.01337	0.01783	0.01783	0.03119	0.01783	0.03565	0.04011	0.70143	0.00891	0.00891	0.00446	0.00446
2	0.02290	0.02925	0.14689	0.16385	0.17350	0.02448	0.16838	0.03312	0.07299	0.03249	0.02142	0.02694	0.01632	0.00981	0.01066	0.00332	0.01408	0.00988	0.00536	0.01436
3	0.02323	0.08575	0.08992	0.31891	0.05641	0.08299	0.14089	0.03018	0.02234	0.02797	0.01820	0.02500	0.01394	0.00975	0.01018	0.00322	0.01485	0.00905	0.00474	0.01250
4	0.01237	0.01041	0.01073	0.01065	0.01401	0.00877	0.00799	0.01519	0.02396	0.02907	0.15070	0.09654	0.52359	0.02549	0.01213	0.00344	0.00516	0.02135	0.00971	0.00877
5	0.01913	0.00956	0.00956	0.00956	0.01196	0.00956	0.00717	0.02391	0.02152	0.03826	0.03348	0.03826	0.02630	0.01196	0.00717	0.00239	0.00478	0.00956	0.69632	0.00956
6	0.03285	0.14121	0.18881	0.02418	0.03454	0.02472	0.07471	0.08641	0.02699	0.22712	0.02625	0.02628	0.01806	0.01075	0.00967	0.00304	0.01201	0.00878	0.00793	0.01570
7	0.03793	0.01662	0.02158	0.01730	0.02410	0.01504	0.01403	0.04437	0.08170	0.42682	0.09632	0.04501	0.08237	0.01481	0.01066	0.00324	0.00798	0.01226	0.01205	0.01581
8	0.03901	0.02874	0.03080	0.02361	0.03182	0.03182	0.01951	0.54111	0.04825	0.06468	0.02464	0.02464	0.01745	0.01232	0.01027	0.00308	0.01129	0.00924	0.01027	0.01745
9	0.01938	0.01824	0.03078	0.61468	0.07068	0.02280	0.02850	0.02622	0.02052	0.02622	0.01824	0.02736	0.01368	0.01026	0.01026	0.00342	0.01368	0.00912	0.00456	0.01140
10	0.02996	0.02523	0.03241	0.27475	0.08557	0.13147	0.07204	0.03546	0.02472	0.15420	0.02318	0.02729	0.01662	0.01065	0.01025	0.00319	0.01371	0.00920	0.00665	0.01344
11	0.02185	0.16284	0.48754	0.02708	0.04107	0.02694	0.03414	0.03217	0.02152	0.03095	0.01765	0.02070	0.01303	0.00957	0.00916	0.00305	0.01439	0.00719	0.00434	0.01480
12	0.01492	0.00995	0.01119	0.01119	0.01119	0.00995	0.00622	0.01492	0.01492	0.01990	0.03233	0.06716	0.03731	0.63935	0.05223	0.00995	0.00995	0.01492	0.00622	0.00622
13	0.02287	0.09534	0.29752	0.03459	0.04699	0.02633	0.26467	0.03251	0.02276	0.03191	0.01911	0.02394	0.01419	0.00916	0.01054	0.00325	0.01576	0.00946	0.00473	0.01438
14	0.03203	0.02606	0.13015	0.06235	0.09035	0.02095	0.02218	0.04456	0.16777	0.24427	0.03314	0.03190	0.02300	0.01196	0.01023	0.00327	0.01043	0.00996	0.00924	0.01621
15	0.01217	0.01023	0.01056	0.01083	0.01398	0.00863	0.00799	0.01468	0.02297	0.02755	0.09867	0.15834	0.51500	0.02668	0.01224	0.00354	0.00528	0.02250	0.00953	0.00863
16	0.01466	0.01100	0.01649	0.01649	0.01833	0.01283	0.01283	0.01833	0.01649	0.02382	0.02749	0.04032	0.02566	0.07697	0.59868	0.01649	0.02749	0.01100	0.00550	0.00916
17	0.02522	0.30984	0.09622	0.13092	0.03676	0.03263	0.02203	0.06016	0.08171	0.02974	0.01898	0.02243	0.01554	0.01075	0.01068	0.00293	0.06702	0.00758	0.00542	0.01344
18	0.02096	0.01658	0.02675	0.44350	0.05592	0.01947	0.02365	0.02686	0.02210	0.08337	0.07426	0.08970	0.02753	0.01354	0.01070	0.00345	0.01165	0.01199	0.00646	0.01156
19	0.01250	0.00893	0.01191	0.01429	0.01488	0.00834	0.00953	0.01429	0.01965	0.02620	0.05656	0.63265	0.06787	0.03215	0.01310	0.00417	0.00595	0.02917	0.00953	0.00834
20	0.30601	0.23058	0.03271	0.02174	0.07650	0.12835	0.01666	0.03235	0.02114	0.03406	0.01503	0.01774	0.01264	0.00943	0.00729	0.00275	0.01116	0.00605	0.00540	0.01241
21	0.01391	0.01047	0.01286	0.01226	0.01495	0.00942	0.00920	0.01817	0.02759	0.03769	0.44971	0.08236	0.21920	0.02227	0.01211	0.00329	0.00493	0.01936	0.01084	0.00942
22	0.02485	0.02390	0.06338	0.13928	0.03791	0.02597	0.04915	0.11817	0.17189	0.03855	0.06229	0.03200	0.02477	0.01363	0.01484	0.00356	0.12388	0.01050	0.00757	0.01393
