[name]
unknown

[dist]
# distance from previous block
# <min> <max>
23	49

[block]
# block no. 0 follows, 12 sequences, length 13
# corresponding to MSA columns:
# 55-67
name=unknown_A
#
# <colnr> <probs for GDERKNQSTAVLIFYWHMCP>
#	G	D	E	R	K	N	Q	S	T	A	V	L	I	F	Y	W	H	M	C	P
0	0.09542	0.11323	0.03376	0.02440	0.06322	0.02533	0.06030	0.13335	0.03110	0.19170	0.03739	0.03669	0.08018	0.01349	0.01035	0.00325	0.01071	0.01097	0.00941	0.01575
1	0.02412	0.39064	0.09000	0.01854	0.02620	0.03161	0.01812	0.02847	0.02337	0.02951	0.10189	0.11314	0.03581	0.01497	0.00919	0.00290	0.01031	0.01177	0.00656	0.01288
2	0.19152	0.02218	0.03005	0.11598	0.19796	0.02366	0.02272	0.03871	0.08229	0.13340	0.02590	0.02846	0.01917	0.01126	0.00990	0.00341	0.01092	0.00932	0.00777	0.01544
3	0.01943	0.01626	0.01616	0.01616	0.01794	0.07650	0.01129	0.02307	0.05749	0.02867	0.11144	0.15169	0.05100	0.23204	0.02985	0.05648	0.00990	0.05721	0.00831	0.00911
4	0.03280	0.01515	0.01784	0.01495	0.02024	0.01453	0.01194	0.08125	0.02859	0.23257	0.03742	0.03799	0.02671	0.01303	0.00916	0.00292	0.00727	0.01042	0.37118	0.01403
5	0.02542	0.02001	0.03297	0.44766	0.12300	0.02324	0.02859	0.03215	0.02351	0.10503	0.02292	0.02999	0.01665	0.01114	0.01090	0.00355	0.01359	0.00988	0.00616	0.01364
6	0.03183	0.43183	0.04832	0.02078	0.02939	0.09008	0.01906	0.10513	0.07146	0.03371	0.01946	0.02097	0.01634	0.01053	0.00818	0.00263	0.01219	0.00708	0.00622	0.01481
7	0.12238	0.02122	0.02965	0.03804	0.24523	0.02192	0.02179	0.03567	0.10234	0.07753	0.13432	0.03984	0.03752	0.01345	0.01070	0.00338	0.00975	0.01174	0.00841	0.01511
8	0.01444	0.01111	0.01320	0.01268	0.01568	0.00987	0.00951	0.01866	0.02853	0.03818	0.37502	0.09057	0.27436	0.02436	0.01287	0.00353	0.00529	0.02100	0.01127	0.00987
9	0.11178	0.30313	0.04123	0.02059	0.02911	0.07535	0.01834	0.15938	0.03074	0.08778	0.02067	0.02171	0.01610	0.01091	0.00855	0.00283	0.01175	0.00743	0.00739	0.01523
10	0.02020	0.01793	0.06348	0.02095	0.02520	0.01535	0.05136	0.05159	0.06209	0.06178	0.04975	0.31670	0.05338	0.02597	0.01327	0.00425	0.00937	0.11600	0.00963	0.01176
11	0.02845	0.12866	0.03113	0.12978	0.03546	0.02366	0.01837	0.09659	0.02899	0.11340	0.11800	0.03620	0.03308	0.01289	0.01010	0.00295	0.01016	0.01049	0.00844	0.12321
12	0.02471	0.02415	0.04221	0.23061	0.27309	0.02573	0.10858	0.03382	0.06400	0.03377	0.02229	0.02915	0.01753	0.01042	0.01119	0.00347	0.01401	0.01043	0.00569	0.01517

[dist]
# distance from previous block
# <min> <max>
4	12

[block]
# block no. 1 follows, 12 sequences, length 90
# corresponding to MSA columns:
# 80-169
name=unknown_B
#
# <colnr> <probs for GDERKNQSTAVLIFYWHMCP>
#	G	D	E	R	K	N	Q	S	T	A	V	L	I	F	Y	W	H	M	C	P
0	0.08770	0.02152	0.03238	0.03926	0.23685	0.02240	0.06067	0.03039	0.06174	0.03621	0.07535	0.04551	0.12249	0.01515	0.01329	0.00355	0.06121	0.01298	0.00726	0.01407
1	0.45303	0.03374	0.21107	0.02034	0.03044	0.02477	0.02201	0.03294	0.02016	0.04376	0.01675	0.01961	0.01253	0.01021	0.00804	0.00340	0.01119	0.00668	0.00598	0.01335
2	0.21220	0.01932	0.02434	0.02782	0.14950	0.01925	0.01747	0.03435	0.02515	0.17147	0.07463	0.04326	0.10890	0.01452	0.01021	0.00339	0.00905	0.01181	0.00904	0.01433
3	0.02889	0.02183	0.02437	0.02012	0.02731	0.02250	0.01595	0.10894	0.25366	0.09276	0.08428	0.03816	0.03349	0.01362	0.01053	0.00310	0.00868	0.01122	0.01031	0.17028
4	0.02131	0.01372	0.01746	0.01597	0.01937	0.01410	0.01231	0.06962	0.02618	0.08445	0.16384	0.05663	0.08463	0.08046	0.20393	0.00859	0.01468	0.01442	0.06704	0.01131
5	0.02593	0.02383	0.03615	0.04979	0.35769	0.02475	0.02689	0.03885	0.16160	0.03909	0.07654	0.03585	0.02972	0.01228	0.01107	0.00338	0.01104	0.01137	0.00756	0.01661
6	0.01456	0.01099	0.01345	0.01310	0.01582	0.00988	0.00972	0.01879	0.02842	0.03853	0.38560	0.12980	0.22204	0.02470	0.01295	0.00358	0.00534	0.02152	0.01134	0.00988
7	0.02521	0.02095	0.02453	0.02446	0.07592	0.02300	0.01723	0.08672	0.30029	0.04623	0.17702	0.04920	0.04946	0.01620	0.01153	0.00354	0.00840	0.01387	0.01077	0.01547
8	0.01562	0.01047	0.01196	0.01220	0.01225	0.01041	0.00693	0.01579	0.01632	0.02176	0.03673	0.12093	0.04263	0.56315	0.05167	0.01001	0.01018	0.01725	0.00693	0.00681
9	0.01393	0.00999	0.01323	0.01474	0.01596	0.00929	0.01017	0.01680	0.02387	0.03260	0.20485	0.45136	0.08134	0.03060	0.01360	0.00413	0.00597	0.02762	0.01069	0.00929
10	0.57201	0.02061	0.01778	0.01529	0.02236	0.02287	0.01260	0.03603	0.02095	0.14477	0.02044	0.02138	0.01468	0.01076	0.00754	0.00337	0.00859	0.00686	0.00802	0.01308
11	0.10450	0.01926	0.02417	0.01896	0.02672	0.01799	0.01556	0.09264	0.03195	0.41499	0.08508	0.03837	0.03179	0.01396	0.01075	0.00337	0.00908	0.01120	0.01249	0.01717
12	0.24191	0.18603	0.03315	0.02139	0.02783	0.21804	0.01778	0.03564	0.02355	0.03338	0.01567	0.01886	0.01335	0.01108	0.01038	0.00303	0.06403	0.00658	0.00566	0.01266
13	0.51599	0.18223	0.02702	0.01549	0.02293	0.02946	0.01364	0.03221	0.01952	0.04270	0.01518	0.01765	0.01239	0.00991	0.00681	0.00310	0.00930	0.00588	0.00619	0.01239
14	0.03044	0.14613	0.15744	0.02943	0.04016	0.03008	0.14143	0.12189	0.07599	0.08513	0.02482	0.02692	0.01828	0.01104	0.01054	0.00328	0.01381	0.00975	0.00731	0.01612
15	0.02887	0.03434	0.16519	0.07645	0.03772	0.06739	0.02456	0.16356	0.13947	0.04342	0.02787	0.03264	0.02184	0.07085	0.01504	0.00412	0.01300	0.01027	0.00795	0.01546
16	0.01752	0.01448	0.02191	0.24721	0.04009	0.01593	0.01838	0.02352	0.02720	0.03730	0.33109	0.06025	0.06712	0.01768	0.01207	0.00351	0.00894	0.01566	0.00911	0.01103
17	0.02342	0.09296	0.29004	0.02503	0.03644	0.02524	0.02777	0.03844	0.14877	0.03725	0.06445	0.03122	0.02553	0.01204	0.01021	0.00324	0.01227	0.00963	0.00695	0.07910
18	0.01816	0.01179	0.01460	0.01352	0.01666	0.01064	0.01007	0.02223	0.02822	0.08818	0.35442	0.08130	0.18501	0.07734	0.01661	0.00414	0.00613	0.01923	0.01124	0.01052
19	0.02666	0.22904	0.23374	0.02386	0.03488	0.03111	0.02601	0.09983	0.07282	0.03694	0.02851	0.02977	0.05835	0.01217	0.00962	0.00311	0.01260	0.00915	0.00651	0.01532
20	0.02507	0.01155	0.01267	0.01169	0.01521	0.01113	0.00902	0.03001	0.02425	0.12617	0.03680	0.04006	0.02779	0.01283	0.00818	0.00268	0.00578	0.01030	0.56725	0.01155
21	0.08356	0.01954	0.02281	0.06153	0.02931	0.01621	0.01420	0.02791	0.02218	0.03614	0.01900	0.02268	0.01563	0.00849	0.00818	0.00194	0.00862	0.00667	0.00636	0.56908
22	0.02844	0.27238	0.12204	0.03458	0.17402	0.03362	0.02594	0.07896	0.06845	0.03528	0.02074	0.02365	0.01691	0.01039	0.00923	0.00294	0.01244	0.00813	0.00597	0.01589
23	0.15945	0.22720	0.03642	0.02252	0.02953	0.30236	0.01857	0.03794	0.02582	0.03053	0.01600	0.01861	0.01361	0.01042	0.00836	0.00276	0.01502	0.00644	0.00553	0.01291
24	0.20808	0.02518	0.04473	0.03672	0.08912	0.02511	0.28154	0.03281	0.02362	0.03860	0.02348	0.03504	0.01979	0.01152	0.01121	0.00368	0.01435	0.05544	0.00628	0.01370
25	0.01558	0.01168	0.01752	0.01752	0.01947	0.01363	0.01363	0.01947	0.01752	0.02531	0.02921	0.04283	0.02726	0.08178	0.57360	0.01752	0.02921	0.01168	0.00584	0.00974
26	0.01310	0.01105	0.01134	0.01127	0.01486	0.00930	0.00845	0.01606	0.02536	0.03066	0.14697	0.10295	0.50710	0.02716	0.01288	0.00366	0.00549	0.02273	0.01028	0.00930
27	0.01328	0.00949	0.01265	0.01518	0.01581	0.00886	0.01012	0.01518	0.02088	0.02783	0.06010	0.60969	0.07212	0.03416	0.01392	0.00443	0.00633	0.03100	0.01012	0.00886
28	0.02915	0.62337	0.05714	0.01866	0.02799	0.04314	0.01866	0.03265	0.02215	0.02565	0.01516	0.01749	0.01399	0.00933	0.00700	0.00233	0.01166	0.00583	0.00466	0.01399
29	0.04582	0.01787	0.02431	0.01887	0.02677	0.01549	0.01549	0.05013	0.03118	0.50893	0.08927	0.04121	0.03401	0.01431	0.01114	0.00338	0.00890	0.01177	0.01336	0.01779
30	0.37837	0.01985	0.02056	0.01681	0.02439	0.02033	0.01387	0.04237	0.02474	0.29712	0.02880	0.02720	0.01923	0.01177	0.00881	0.00337	0.00885	0.00838	0.01005	0.01511
31	0.01670	0.02870	0.23408	0.02101	0.02836	0.01557	0.02206	0.02308	0.02232	0.03078	0.05104	0.29862	0.11740	0.02357	0.01233	0.00392	0.01017	0.02055	0.00789	0.01184
32	0.03475	0.23036	0.13210	0.02655	0.08221	0.07586	0.02328	0.04031	0.02611	0.19169	0.02518	0.02561	0.01829	0.01099	0.00942	0.00298	0.01253	0.00828	0.00753	0.01597
33	0.09845	0.01950	0.02726	0.02083	0.02931	0.01749	0.04966	0.05021	0.02983	0.48020	0.03937	0.03504	0.02507	0.01293	0.01076	0.00339	0.00984	0.01069	0.01241	0.01776
34	0.69383	0.02109	0.01603	0.01434	0.02109	0.02446	0.01181	0.03205	0.01856	0.04892	0.01518	0.01771	0.01181	0.01012	0.00675	0.00337	0.00843	0.00590	0.00675	0.01181
35	0.01321	0.00978	0.01235	0.01441	0.01561	0.00892	0.00978	0.01527	0.02162	0.02814	0.06956	0.51488	0.16082	0.03293	0.01372	0.00429	0.00618	0.02950	0.01012	0.00892
36	0.02482	0.28588	0.35666	0.02605	0.03942	0.03254	0.03153	0.03377	0.02267	0.03094	0.01778	0.02078	0.01389	0.00994	0.00900	0.00300	0.01431	0.00716	0.00463	0.01526
37	0.01325	0.00963	0.01251	0.01481	0.01572	0.00889	0.00995	0.01522	0.02124	0.02798	0.06468	0.56373	0.11511	0.03356	0.01382	0.00436	0.00625	0.03027	0.01012	0.00889
38	0.02261	0.01938	0.02261	0.01615	0.02584	0.01453	0.01292	0.02745	0.02261	0.03553	0.01938	0.02261	0.01615	0.00807	0.00807	0.00161	0.00807	0.00646	0.00646	0.68346
39	0.02921	0.01391	0.01785	0.01547	0.01906	0.01307	0.01109	0.03129	0.02223	0.23816	0.03737	0.05479	0.03335	0.32185	0.08664	0.00832	0.01182	0.01348	0.00932	0.01174
40	0.02712	0.02342	0.02465	0.02219	0.02835	0.02712	0.01726	0.05794	0.52909	0.04561	0.04438	0.04068	0.03328	0.01479	0.01109	0.00370	0.00863	0.01233	0.01109	0.01726
41	0.02033	0.01016	0.01016	0.01016	0.01270	0.01016	0.00762	0.02541	0.02287	0.04065	0.03557	0.04065	0.02795	0.01270	0.00762	0.00254	0.00508	0.01016	0.67734	0.01016
42	0.02118	0.01998	0.03377	0.54216	0.11891	0.02438	0.03058	0.02838	0.02208	0.02858	0.01948	0.02888	0.01479	0.01079	0.01089	0.00360	0.01439	0.00969	0.00490	0.01259
43	0.63443	0.02085	0.01688	0.01480	0.02171	0.02368	0.01220	0.03399	0.01972	0.09565	0.01775	0.01950	0.01321	0.01043	0.00714	0.00337	0.00851	0.00637	0.00737	0.01243
44	0.69383	0.02109	0.01603	0.01434	0.02109	0.02446	0.01181	0.03205	0.01856	0.04892	0.01518	0.01771	0.01181	0.01012	0.00675	0.00337	0.00843	0.00590	0.00675	0.01181
45	0.01289	0.01105	0.01105	0.01105	0.01473	0.00920	0.00828	0.01565	0.02485	0.02946	0.11046	0.10493	0.54437	0.02761	0.01289	0.00368	0.00552	0.02301	0.01013	0.00920
46	0.02033	0.01016	0.01016	0.01016	0.01270	0.01016	0.00762	0.02541	0.02287	0.04065	0.03557	0.04065	0.02795	0.01270	0.00762	0.00254	0.00508	0.01016	0.67734	0.01016
47	0.69383	0.02109	0.01603	0.01434	0.02109	0.02446	0.01181	0.03205	0.01856	0.04892	0.01518	0.01771	0.01181	0.01012	0.00675	0.00337	0.00843	0.00590	0.00675	0.01181
48	0.04356	0.01698	0.02247	0.01767	0.02500	0.01493	0.01445	0.04794	0.02964	0.45970	0.04162	0.03778	0.02717	0.01335	0.01034	0.00322	0.00849	0.01081	0.13790	0.01698
49	0.02033	0.01016	0.01016	0.01016	0.01270	0.01016	0.00762	0.02541	0.02287	0.04065	0.03557	0.04065	0.02795	0.01270	0.00762	0.00254	0.00508	0.01016	0.67734	0.01016
50	0.01543	0.01115	0.01457	0.01372	0.01629	0.01029	0.01029	0.02058	0.03086	0.04372	0.54304	0.08145	0.10288	0.02229	0.01286	0.00343	0.00514	0.01972	0.01200	0.01029
51	0.22559	0.01925	0.02276	0.01801	0.02599	0.01834	0.01487	0.04736	0.02774	0.41734	0.03539	0.03180	0.02283	0.01257	0.00981	0.00337	0.00905	0.00958	0.01165	0.01671
52	0.02206	0.02088	0.03536	0.47002	0.18417	0.02461	0.03101	0.02915	0.02250	0.02965	0.01964	0.02859	0.01516	0.01063	0.01088	0.00354	0.01417	0.00970	0.00497	0.01330
53	0.01724	0.01158	0.01449	0.06545	0.02041	0.01143	0.01108	0.02233	0.02689	0.03992	0.29070	0.06574	0.11256	0.01867	0.01100	0.00319	0.00602	0.01604	0.22494	0.01031
54	0.03530	0.02124	0.02483	0.02049	0.02734	0.02206	0.01642	0.13656	0.19484	0.22034	0.11800	0.04308	0.03921	0.01520	0.01129	0.00347	0.00894	0.01255	0.01200	0.01685
55	0.03220	0.02955	0.11890	0.09569	0.23538	0.02525	0.02873	0.12260	0.03017	0.13676	0.02542	0.02829	0.01848	0.01123	0.01079	0.00334	0.01275	0.00970	0.00770	0.01705
56	0.69383	0.02109	0.01603	0.01434	0.02109	0.02446	0.01181	0.03205	0.01856	0.04892	0.01518	0.01771	0.01181	0.01012	0.00675	0.00337	0.00843	0.00590	0.00675	0.01181
57	0.03160	0.08618	0.12683	0.02393	0.03299	0.02893	0.02229	0.15910	0.23465	0.09036	0.03273	0.03158	0.02393	0.01297	0.01053	0.00340	0.01112	0.01024	0.00948	0.01716
58	0.01540	0.01214	0.01402	0.01337	0.01668	0.01128	0.01008	0.02176	0.07052	0.03819	0.32835	0.08738	0.27316	0.02378	0.01272	0.00355	0.00559	0.02041	0.01118	0.01044
59	0.02915	0.62337	0.05714	0.01866	0.02799	0.04314	0.01866	0.03265	0.02215	0.02565	0.01516	0.01749	0.01399	0.00933	0.00700	0.00233	0.01166	0.00583	0.00466	0.01399
60	0.03042	0.08192	0.04388	0.03031	0.03874	0.02679	0.19498	0.08136	0.02693	0.11656	0.02351	0.02734	0.01772	0.01152	0.01446	0.00332	0.09857	0.01018	0.00722	0.11429
61	0.03702	0.02822	0.03194	0.10729	0.03931	0.03177	0.02178	0.39777	0.09322	0.06052	0.02695	0.02800	0.01938	0.01293	0.01092	0.00337	0.01204	0.01004	0.01004	0.01748
62	0.02915	0.62337	0.05714	0.01866	0.02799	0.04314	0.01866	0.03265	0.02215	0.02565	0.01516	0.01749	0.01399	0.00933	0.00700	0.00233	0.01166	0.00583	0.00466	0.01399
63	0.01289	0.01105	0.01105	0.01105	0.01473	0.00920	0.00828	0.01565	0.02485	0.02946	0.11046	0.10493	0.54437	0.02761	0.01289	0.00368	0.00552	0.02301	0.01013	0.00920
64	0.04453	0.01905	0.02499	0.01932	0.02768	0.01682	0.01583	0.05106	0.07240	0.46283	0.04084	0.03601	0.02647	0.01308	0.01070	0.00323	0.00911	0.01064	0.01261	0.08280
65	0.02915	0.62337	0.05714	0.01866	0.02799	0.04314	0.01866	0.03265	0.02215	0.02565	0.01516	0.01749	0.01399	0.00933	0.00700	0.00233	0.01166	0.00583	0.00466	0.01399
66	0.01347	0.00963	0.01282	0.01506	0.01586	0.00898	0.01014	0.01565	0.02174	0.02921	0.10189	0.56397	0.07478	0.03313	0.01383	0.00434	0.00622	0.03002	0.01028	0.00898
67	0.02812	0.04162	0.29312	0.02734	0.03910	0.02791	0.02959	0.16096	0.15683	0.04593	0.02745	0.02824	0.01988	0.01216	0.01068	0.00347	0.01320	0.00957	0.00782	0.01701
68	0.01586	0.01057	0.01189	0.01189	0.01189	0.01057	0.00661	0.01586	0.01586	0.02114	0.03436	0.07135	0.03964	0.61681	0.05550	0.01057	0.01057	0.01586	0.00661	0.00661
69	0.02493	0.02112	0.02277	0.02060	0.02609	0.02397	0.01595	0.05094	0.43572	0.04526	0.13783	0.04832	0.04633	0.01620	0.01143	0.00365	0.00798	0.01371	0.01126	0.01595
70	0.01381	0.00989	0.01312	0.01483	0.01593	0.00921	0.01016	0.01650	0.02331	0.03171	0.17782	0.48093	0.07961	0.03127	0.01366	0.00418	0.00604	0.02825	0.01058	0.00921
71	0.03379	0.20353	0.03744	0.02266	0.03058	0.08134	0.01918	0.20471	0.17456	0.04605	0.02724	0.02713	0.02094	0.01231	0.00972	0.00308	0.01162	0.00911	0.00868	0.01634
72	0.02737	0.09844	0.36874	0.02646	0.03999	0.02430	0.03143	0.03696	0.02434	0.12568	0.02327	0.02495	0.01637	0.01060	0.00994	0.00316	0.01374	0.00821	0.00635	0.07968
73	0.02492	0.29360	0.34980	0.02588	0.03916	0.03278	0.03124	0.03374	0.02266	0.03082	0.01772	0.02071	0.01389	0.00993	0.00895	0.00298	0.01425	0.00713	0.00463	0.01523
74	0.02187	0.05640	0.56031	0.03108	0.04719	0.02532	0.04029	0.03453	0.02302	0.03453	0.01957	0.02302	0.01381	0.01036	0.01036	0.00345	0.01611	0.00806	0.00460	0.01611
75	0.02059	0.02090	0.04108	0.03110	0.03819	0.01944	0.28094	0.02741	0.02660	0.03615	0.17517	0.10352	0.09510	0.01676	0.01296	0.00368	0.01247	0.01734	0.00813	0.01245
76	0.03565	0.03303	0.21500	0.03181	0.12598	0.02100	0.02754	0.04320	0.02724	0.28321	0.03090	0.03043	0.02069	0.01174	0.01072	0.00338	0.01230	0.00973	0.00898	0.01748
77	0.08875	0.04061	0.20824	0.03210	0.07540	0.12818	0.09865	0.08122	0.02796	0.08561	0.02187	0.02473	0.01597	0.01082	0.01045	0.00332	0.01523	0.00893	0.00656	0.01541
78	0.69383	0.02109	0.01603	0.01434	0.02109	0.02446	0.01181	0.03205	0.01856	0.04892	0.01518	0.01771	0.01181	0.01012	0.00675	0.00337	0.00843	0.00590	0.00675	0.01181
79	0.01641	0.01172	0.01623	0.01875	0.02075	0.01155	0.01555	0.02058	0.02395	0.03133	0.05837	0.25528	0.06530	0.03122	0.01475	0.00486	0.00903	0.35461	0.01006	0.00972
80	0.03605	0.02007	0.02403	0.02014	0.02702	0.02050	0.01606	0.05234	0.25545	0.27961	0.08916	0.04276	0.03674	0.01488	0.01120	0.00353	0.00861	0.01238	0.01228	0.01722
81	0.01369	0.00978	0.01312	0.01565	0.01646	0.00921	0.01083	0.01589	0.02128	0.02829	0.05987	0.56350	0.07123	0.03378	0.01403	0.00448	0.00668	0.07317	0.01011	0.00897
82	0.01361	0.01003	0.01284	0.01494	0.01626	0.00926	0.01050	0.01595	0.02193	0.02855	0.06833	0.47995	0.15051	0.03269	0.01385	0.00436	0.00653	0.07076	0.01011	0.00902
83	0.02033	0.01016	0.01016	0.01016	0.01270	0.01016	0.00762	0.02541	0.02287	0.04065	0.03557	0.04065	0.02795	0.01270	0.00762	0.00254	0.00508	0.01016	0.67734	0.01016
84	0.01757	0.01255	0.01757	0.02008	0.02259	0.01255	0.01757	0.02259	0.02510	0.03263	0.05773	0.12299	0.06275	0.03012	0.01506	0.00502	0.01004	0.47540	0.01004	0.01004
85	0.03823	0.02193	0.02514	0.02017	0.02735	0.02273	0.01637	0.20582	0.11039	0.22579	0.03619	0.03452	0.02520	0.01341	0.01039	0.00324	0.00939	0.01064	0.12617	0.01692
86	0.01944	0.01761	0.02921	0.45864	0.06229	0.02179	0.02645	0.02593	0.02082	0.02727	0.02164	0.03224	0.01746	0.02722	0.14047	0.00683	0.01791	0.01015	0.00507	0.01157
87	0.03071	0.01913	0.02344	0.01715	0.02645	0.01499	0.01388	0.03536	0.02526	0.19592	0.02666	0.02708	0.01949	0.00974	0.00896	0.00216	0.00845	0.00785	0.00863	0.47870
88	0.01902	0.01505	0.01766	0.01671	0.02048	0.01560	0.01297	0.03185	0.18322	0.04200	0.30506	0.07495	0.11577	0.02120	0.01253	0.00369	0.00672	0.06183	0.01137	0.01232
89	0.20080	0.03014	0.06807	0.02289	0.03168	0.03087	0.01999	0.35827	0.04109	0.06128	0.02297	0.02386	0.01653	0.01215	0.00984	0.00331	0.01143	0.00872	0.00941	0.01670

[dist]
# distance from previous block
# <min> <max>
2	7

[block]
# block no. 2 follows, 12 sequences, length 13
# corresponding to MSA columns:
# 177-189
name=unknown_C
#
# <colnr> <probs for GDERKNQSTAVLIFYWHMCP>
#	G	D	E	R	K	N	Q	S	T	A	V	L	I	F	Y	W	H	M	C	P
0	0.02316	0.02644	0.13230	0.06594	0.07683	0.02155	0.02254	0.09455	0.09909	0.04105	0.14687	0.04299	0.04006	0.02396	0.08903	0.00540	0.01340	0.01236	0.00832	0.01417
1	0.01358	0.01072	0.01224	0.01261	0.01534	0.00938	0.00917	0.01671	0.02537	0.03245	0.20110	0.21378	0.33318	0.02784	0.01311	0.00379	0.00562	0.02404	0.01057	0.00938
2	0.02187	0.05640	0.56031	0.03108	0.04719	0.02532	0.04029	0.03453	0.02302	0.03453	0.01957	0.02302	0.01381	0.01036	0.01036	0.00345	0.01611	0.00806	0.00460	0.01611
3	0.02712	0.02342	0.02465	0.02219	0.02835	0.02712	0.01726	0.05794	0.52909	0.04561	0.04438	0.04068	0.03328	0.01479	0.01109	0.00370	0.00863	0.01233	0.01109	0.01726
4	0.02574	0.02941	0.06434	0.04596	0.05699	0.02757	0.50919	0.03493	0.02574	0.03493	0.02206	0.02941	0.01654	0.00919	0.01287	0.00368	0.01838	0.01287	0.00551	0.01471
5	0.04145	0.03054	0.03272	0.02509	0.03381	0.03381	0.02072	0.51243	0.05127	0.06872	0.02618	0.02618	0.01854	0.01309	0.01091	0.00327	0.01200	0.00982	0.01091	0.01854
6	0.03075	0.54440	0.05351	0.01996	0.02878	0.11637	0.01899	0.03415	0.02336	0.02580	0.01539	0.01779	0.01400	0.00959	0.00739	0.00240	0.01277	0.00599	0.00480	0.01381
7	0.01894	0.00947	0.01420	0.01420	0.01420	0.00947	0.00947	0.01420	0.01420	0.01894	0.01894	0.03314	0.01894	0.03788	0.04261	0.68277	0.00947	0.00947	0.00473	0.00473
8	0.69383	0.02109	0.01603	0.01434	0.02109	0.02446	0.01181	0.03205	0.01856	0.04892	0.01518	0.01771	0.01181	0.01012	0.00675	0.00337	0.00843	0.00590	0.00675	0.01181
9	0.01548	0.01145	0.01675	0.01749	0.01931	0.01272	0.01360	0.01921	0.01908	0.02670	0.03797	0.14402	0.03918	0.06724	0.40924	0.01375	0.02298	0.07711	0.00709	0.00964
10	0.03855	0.03200	0.03247	0.10153	0.03935	0.10704	0.02206	0.38248	0.04449	0.05742	0.02398	0.02567	0.01738	0.01254	0.01076	0.00326	0.01340	0.00941	0.00936	0.01686
11	0.01353	0.00986	0.01275	0.01458	0.01577	0.00908	0.00996	0.01595	0.02261	0.03013	0.12995	0.48934	0.12241	0.03192	0.01367	0.00422	0.00609	0.02870	0.01037	0.00908
12	0.69383	0.02109	0.01603	0.01434	0.02109	0.02446	0.01181	0.03205	0.01856	0.04892	0.01518	0.01771	0.01181	0.01012	0.00675	0.00337	0.00843	0.00590	0.00675	0.01181

[dist]
# distance from previous block
# <min> <max>
0	6

[block]
# block no. 3 follows, 12 sequences, length 11
# corresponding to MSA columns:
# 196-206
name=unknown_D
#
# <colnr> <probs for GDERKNQSTAVLIFYWHMCP>
#	G	D	E	R	K	N	Q	S	T	A	V	L	I	F	Y	W	H	M	C	P
0	0.08327	0.24597	0.34159	0.02539	0.03838	0.03130	0.03044	0.03367	0.02233	0.03278	0.01768	0.02068	0.01370	0.00999	0.00890	0.00307	0.01393	0.00711	0.00481	0.01502
1	0.01894	0.00947	0.01420	0.01420	0.01420	0.00947	0.00947	0.01420	0.01420	0.01894	0.01894	0.03314	0.01894	0.03788	0.04261	0.68277	0.00947	0.00947	0.00473	0.00473
2	0.02628	0.02579	0.04581	0.10926	0.44564	0.02597	0.09360	0.03317	0.02468	0.03487	0.02061	0.02747	0.01694	0.00975	0.01107	0.00333	0.01378	0.01011	0.00536	0.01650
3	0.69383	0.02109	0.01603	0.01434	0.02109	0.02446	0.01181	0.03205	0.01856	0.04892	0.01518	0.01771	0.01181	0.01012	0.00675	0.00337	0.00843	0.00590	0.00675	0.01181
4	0.04067	0.01881	0.02446	0.01838	0.02721	0.01556	0.01505	0.04508	0.02851	0.39300	0.03560	0.03256	0.02359	0.01180	0.01006	0.00282	0.00890	0.00955	0.01129	0.22709
5	0.03017	0.02494	0.02637	0.02281	0.02952	0.02854	0.01800	0.15467	0.42739	0.05053	0.04050	0.03759	0.03015	0.01443	0.01105	0.00361	0.00935	0.01179	0.01105	0.01753
6	0.69383	0.02109	0.01603	0.01434	0.02109	0.02446	0.01181	0.03205	0.01856	0.04892	0.01518	0.01771	0.01181	0.01012	0.00675	0.00337	0.00843	0.00590	0.00675	0.01181
7	0.02333	0.03469	0.22480	0.03928	0.19350	0.02512	0.03088	0.03334	0.06596	0.03368	0.02261	0.02838	0.01832	0.02064	0.08508	0.00535	0.08463	0.00957	0.00559	0.01526
8	0.01405	0.01086	0.01138	0.01138	0.01361	0.00974	0.00763	0.01573	0.02132	0.02619	0.08055	0.09174	0.34605	0.25913	0.02963	0.00639	0.00751	0.02020	0.00874	0.00818
9	0.12832	0.01982	0.02189	0.01958	0.02509	0.02122	0.01559	0.14360	0.11332	0.11089	0.04065	0.16460	0.03769	0.01948	0.01146	0.00382	0.00912	0.06920	0.01038	0.01426
10	0.43868	0.02289	0.02140	0.01765	0.02513	0.02530	0.01456	0.14751	0.02821	0.13452	0.02219	0.02278	0.01580	0.01135	0.00839	0.00335	0.00940	0.00762	0.00880	0.01446

[dist]
# distance from previous block
# <min> <max>
0	1

[block]
# block no. 4 follows, 12 sequences, length 8
# corresponding to MSA columns:
# 208-215
name=unknown_E
#
# <colnr> <probs for GDERKNQSTAVLIFYWHMCP>
#	G	D	E	R	K	N	Q	S	T	A	V	L	I	F	Y	W	H	M	C	P
0	0.02822	0.20505	0.04033	0.23226	0.08053	0.03218	0.02420	0.12909	0.06128	0.03708	0.02118	0.02561	0.01659	0.01104	0.00973	0.00315	0.01266	0.00872	0.00646	0.01465
1	0.02058	0.01733	0.02027	0.01528	0.02332	0.01337	0.01207	0.02526	0.02406	0.03615	0.10646	0.03953	0.08138	0.01213	0.00926	0.00209	0.00739	0.01008	0.00765	0.51635
2	0.02724	0.29547	0.11040	0.02379	0.03304	0.03407	0.06314	0.04172	0.19576	0.03439	0.02629	0.02714	0.02078	0.01131	0.00933	0.00306	0.01177	0.00894	0.00693	0.01544
3	0.02324	0.02032	0.02572	0.02345	0.10100	0.01617	0.01587	0.02832	0.02293	0.03554	0.01954	0.02324	0.01631	0.00831	0.00847	0.00185	0.00878	0.00693	0.00631	0.58772
4	0.01504	0.01125	0.01417	0.01607	0.01740	0.01117	0.01103	0.02060	0.08526	0.03009	0.05811	0.53761	0.06720	0.03171	0.01356	0.00434	0.00662	0.02863	0.01024	0.00992
5	0.01724	0.01234	0.01711	0.01911	0.02163	0.01221	0.01646	0.02228	0.02598	0.03432	0.13175	0.11666	0.06887	0.02893	0.01472	0.00478	0.00929	0.40590	0.01034	0.01008
6	0.53023	0.10814	0.02482	0.02033	0.07595	0.02729	0.01500	0.03228	0.01971	0.04422	0.01572	0.01863	0.01268	0.00997	0.00720	0.00321	0.00936	0.00628	0.00631	0.01268
7	0.09579	0.13921	0.03615	0.08827	0.16678	0.02884	0.02234	0.09650	0.09652	0.04057	0.06501	0.03059	0.02508	0.01195	0.00988	0.00320	0.01105	0.00975	0.00736	0.01517

[dist]
# distance from previous block
# <min> <max>
5	29

# created by:
# /st0/software/busco_prod/Augustus/scripts/msa2prfl.pl ./align_prep/7631.fa
