[name]
unknown

[dist]
# distance from previous block
# <min> <max>
0	567

[block]
# block no. 0 follows, 12 sequences, length 19
# corresponding to MSA columns:
# 581-599
name=unknown_A
#
# <colnr> <probs for GDERKNQSTAVLIFYWHMCP>
#	G	D	E	R	K	N	Q	S	T	A	V	L	I	F	Y	W	H	M	C	P
0	0.01355	0.01051	0.01235	0.01307	0.01544	0.00930	0.00935	0.01650	0.02468	0.03183	0.18198	0.27934	0.28540	0.02884	0.01325	0.00389	0.00573	0.02517	0.01051	0.00930
1	0.04209	0.02567	0.02924	0.02284	0.03114	0.02708	0.01873	0.30253	0.10573	0.22691	0.03407	0.03165	0.02322	0.01344	0.01095	0.00336	0.01067	0.01052	0.01179	0.01838
2	0.10885	0.02602	0.10766	0.07351	0.03656	0.02259	0.08262	0.10191	0.02673	0.11500	0.02593	0.03076	0.01967	0.02744	0.13947	0.00667	0.01674	0.01005	0.00749	0.01432
3	0.01490	0.00964	0.01208	0.01403	0.01510	0.00916	0.00955	0.01752	0.02133	0.03077	0.05448	0.47935	0.06200	0.02925	0.01248	0.00400	0.00604	0.02622	0.16295	0.00916
4	0.02293	0.01902	0.01872	0.01742	0.02047	0.07894	0.01315	0.03214	0.12788	0.03525	0.07264	0.04417	0.03365	0.09687	0.07019	0.00548	0.06055	0.01182	0.20713	0.01159
5	0.01782	0.01342	0.01618	0.01484	0.01825	0.01309	0.01131	0.05655	0.07068	0.04386	0.41620	0.07730	0.14504	0.02172	0.01259	0.00347	0.00593	0.01886	0.01163	0.01127
6	0.01603	0.01188	0.01753	0.01811	0.02019	0.01338	0.01453	0.02019	0.01926	0.02699	0.03574	0.06120	0.03539	0.06994	0.44566	0.01466	0.02482	0.11790	0.00680	0.00981
7	0.02100	0.01762	0.02144	0.01646	0.02438	0.01433	0.01308	0.02563	0.02144	0.03319	0.02163	0.02724	0.01869	0.02496	0.13761	0.00526	0.01292	0.00766	0.00632	0.52914
8	0.01423	0.01060	0.01325	0.01363	0.01582	0.00961	0.00982	0.01787	0.02648	0.03579	0.30210	0.25282	0.18366	0.02712	0.01320	0.00380	0.00559	0.02395	0.01102	0.00961
9	0.02444	0.02239	0.03684	0.05432	0.42581	0.02239	0.02731	0.02943	0.02277	0.03230	0.02368	0.03715	0.02240	0.14877	0.02103	0.00492	0.01241	0.01112	0.00567	0.01483
10	0.23699	0.02771	0.02772	0.02187	0.03000	0.03101	0.01805	0.36845	0.04146	0.06278	0.02288	0.02364	0.01652	0.01220	0.00966	0.00330	0.01093	0.00864	0.00966	0.01652
11	0.02299	0.01095	0.01157	0.01102	0.01411	0.01071	0.00841	0.02799	0.02364	0.08872	0.03626	0.04032	0.02786	0.01278	0.00793	0.00262	0.00547	0.01024	0.61546	0.01095
12	0.13045	0.02743	0.02890	0.18044	0.08602	0.14792	0.02196	0.03931	0.02620	0.17288	0.02463	0.02725	0.01760	0.01146	0.01006	0.00330	0.01328	0.00888	0.00766	0.01436
13	0.53962	0.02070	0.01985	0.14634	0.03346	0.02441	0.01604	0.03109	0.01930	0.04410	0.01614	0.02031	0.01243	0.01030	0.00770	0.00343	0.00983	0.00677	0.00631	0.01188
14	0.01487	0.01143	0.01381	0.01407	0.01709	0.01036	0.01113	0.01901	0.02707	0.03531	0.25372	0.10064	0.27552	0.02628	0.01337	0.00390	0.00642	0.12545	0.01078	0.00979
15	0.03560	0.11511	0.04301	0.02856	0.03775	0.02890	0.15803	0.16459	0.07571	0.15918	0.02865	0.02947	0.02043	0.01166	0.01091	0.00331	0.01287	0.01056	0.00904	0.01667
16	0.01667	0.01226	0.01727	0.14578	0.02897	0.01294	0.01435	0.02110	0.02376	0.03375	0.15931	0.25561	0.05852	0.02238	0.01190	0.00369	0.00772	0.01990	0.12398	0.01016
17	0.02758	0.15408	0.09649	0.03613	0.08754	0.02847	0.24457	0.03488	0.02477	0.06992	0.02150	0.02607	0.01654	0.00956	0.01067	0.00312	0.01471	0.00998	0.00590	0.07751
18	0.03988	0.02654	0.07378	0.07374	0.03791	0.02440	0.06253	0.20186	0.03601	0.26216	0.03172	0.03099	0.02116	0.01252	0.01105	0.00339	0.01195	0.01040	0.01051	0.01748

[dist]
# distance from previous block
# <min> <max>
0	26

[block]
# block no. 1 follows, 12 sequences, length 19
# corresponding to MSA columns:
# 626-644
name=unknown_B
#
# <colnr> <probs for GDERKNQSTAVLIFYWHMCP>
#	G	D	E	R	K	N	Q	S	T	A	V	L	I	F	Y	W	H	M	C	P
0	0.13157	0.01594	0.01858	0.01555	0.02170	0.01476	0.01250	0.03629	0.02724	0.27572	0.09933	0.05495	0.15798	0.01718	0.01078	0.00340	0.00762	0.01389	0.05101	0.01403
1	0.02581	0.01763	0.02486	0.21674	0.04140	0.01927	0.02002	0.03591	0.11297	0.13626	0.14672	0.05059	0.04298	0.01590	0.01166	0.00364	0.01013	0.04431	0.00952	0.01369
2	0.01499	0.01089	0.01435	0.01565	0.01759	0.01026	0.01192	0.01873	0.02527	0.03395	0.20832	0.28554	0.11805	0.02903	0.01381	0.00422	0.00685	0.14030	0.01066	0.00962
3	0.03196	0.02404	0.02583	0.02194	0.02869	0.02693	0.01743	0.17323	0.33575	0.08817	0.03898	0.03666	0.02866	0.01412	0.01081	0.00349	0.00931	0.01143	0.05536	0.01721
4	0.03344	0.07633	0.12487	0.02327	0.03354	0.02747	0.02195	0.25155	0.03630	0.08731	0.02389	0.02497	0.01745	0.01124	0.00989	0.00287	0.01163	0.00855	0.00853	0.16493
5	0.03551	0.02241	0.02554	0.02151	0.02863	0.02401	0.01714	0.09404	0.32507	0.21618	0.04242	0.03830	0.02998	0.01422	0.01104	0.00356	0.00912	0.01167	0.01187	0.01779
6	0.56833	0.02077	0.01726	0.01468	0.02198	0.02260	0.01202	0.03119	0.01931	0.04642	0.01597	0.01863	0.01262	0.00974	0.00700	0.00304	0.00837	0.00601	0.00669	0.13738
7	0.01593	0.01246	0.01633	0.01684	0.01719	0.01389	0.01178	0.01742	0.01879	0.02580	0.04486	0.36059	0.05289	0.18240	0.02879	0.00608	0.11783	0.02306	0.00821	0.00885
8	0.15387	0.02096	0.06831	0.06643	0.02968	0.01875	0.01783	0.07285	0.02629	0.17368	0.03731	0.15895	0.03395	0.01817	0.01110	0.00376	0.00983	0.05504	0.00951	0.01375
9	0.01719	0.01215	0.01573	0.01488	0.01724	0.01163	0.01043	0.01853	0.01795	0.02541	0.03142	0.12475	0.03347	0.19871	0.16290	0.11912	0.01380	0.01418	0.00658	0.13391
10	0.02618	0.50859	0.04882	0.01801	0.02571	0.03673	0.01706	0.02938	0.02192	0.02606	0.02356	0.12821	0.02486	0.01397	0.00829	0.00272	0.01066	0.01054	0.00568	0.01303
11	0.02181	0.02014	0.03120	0.48433	0.06636	0.02477	0.02785	0.03348	0.11665	0.03118	0.02405	0.03124	0.01804	0.01163	0.01094	0.00365	0.01343	0.01018	0.00601	0.01307
12	0.02924	0.02890	0.10231	0.02356	0.03068	0.10240	0.05461	0.04107	0.14908	0.11971	0.03636	0.11464	0.03047	0.01559	0.01101	0.00348	0.01152	0.01321	0.06756	0.01461
13	0.02190	0.01781	0.01649	0.01597	0.01702	0.11523	0.01061	0.02028	0.01792	0.02118	0.02409	0.04437	0.02547	0.24113	0.04112	0.31386	0.01177	0.01131	0.00557	0.00689
14	0.01934	0.01500	0.02435	0.02194	0.02606	0.01453	0.10637	0.02517	0.02562	0.03635	0.11887	0.08246	0.05298	0.02148	0.01280	0.00402	0.00986	0.22585	0.14596	0.01097
15	0.01505	0.01099	0.01414	0.01365	0.01613	0.01008	0.01012	0.01973	0.02952	0.04124	0.46761	0.13014	0.13334	0.02375	0.01296	0.00354	0.00528	0.02097	0.01169	0.01008
16	0.01747	0.01418	0.01831	0.10735	0.02719	0.01471	0.01414	0.02615	0.09832	0.03900	0.31499	0.07129	0.15412	0.02031	0.01230	0.00354	0.00721	0.01763	0.01040	0.01138
17	0.02617	0.07820	0.03542	0.38180	0.09632	0.10478	0.02749	0.06590	0.02547	0.03101	0.01922	0.02636	0.01490	0.01088	0.01040	0.00335	0.01472	0.00898	0.00542	0.01319
18	0.03352	0.03672	0.25344	0.03071	0.08403	0.02303	0.06163	0.08050	0.02852	0.21710	0.02844	0.02892	0.01923	0.01153	0.01082	0.00341	0.01330	0.00968	0.00832	0.01716

[dist]
# distance from previous block
# <min> <max>
1	5

[block]
# block no. 2 follows, 12 sequences, length 21
# corresponding to MSA columns:
# 650-670
name=unknown_C
#
# <colnr> <probs for GDERKNQSTAVLIFYWHMCP>
#	G	D	E	R	K	N	Q	S	T	A	V	L	I	F	Y	W	H	M	C	P
0	0.57305	0.02284	0.01912	0.01633	0.02344	0.02619	0.01346	0.12098	0.02461	0.05259	0.01722	0.01928	0.01306	0.01067	0.00752	0.00336	0.00909	0.00663	0.00752	0.01306
1	0.02350	0.02538	0.09005	0.13815	0.32333	0.02290	0.03006	0.03048	0.02472	0.03470	0.07045	0.04098	0.02848	0.01305	0.01136	0.00351	0.01255	0.05507	0.00626	0.01501
2	0.01586	0.01057	0.01189	0.01189	0.01189	0.01057	0.00661	0.01586	0.01586	0.02114	0.03436	0.07135	0.03964	0.61681	0.05550	0.01057	0.01057	0.01586	0.00661	0.00661
3	0.01375	0.01094	0.01233	0.01227	0.01533	0.00953	0.00910	0.01721	0.02647	0.03396	0.24703	0.14082	0.35982	0.02644	0.01297	0.00366	0.00547	0.02263	0.01074	0.00953
4	0.03557	0.02762	0.02941	0.02390	0.03157	0.03107	0.01930	0.32600	0.24727	0.05924	0.03364	0.03213	0.02459	0.01379	0.01098	0.00345	0.01062	0.01085	0.01098	0.01802
5	0.02792	0.02839	0.06067	0.04346	0.05424	0.02649	0.46281	0.03664	0.02625	0.08396	0.02403	0.03014	0.01753	0.00960	0.01269	0.00365	0.01753	0.01269	0.00627	0.01507
6	0.02059	0.01938	0.03270	0.59060	0.07510	0.02422	0.03028	0.02786	0.02180	0.02786	0.01938	0.02907	0.01453	0.01090	0.01090	0.00363	0.01453	0.00969	0.00484	0.01211
7	0.02692	0.03337	0.15715	0.03208	0.04226	0.02753	0.18059	0.09022	0.20798	0.04200	0.02991	0.03171	0.02213	0.01184	0.01148	0.00359	0.01375	0.01130	0.00784	0.01631
8	0.02274	0.08132	0.08077	0.03716	0.21488	0.02428	0.02397	0.02774	0.02288	0.03198	0.08204	0.04193	0.07642	0.06666	0.01889	0.00412	0.11033	0.01197	0.00638	0.01355
9	0.02539	0.02371	0.06265	0.01856	0.02857	0.01821	0.01605	0.10094	0.02695	0.04045	0.02042	0.02318	0.01634	0.00899	0.00866	0.00200	0.00924	0.00708	0.00700	0.53561
10	0.02196	0.02638	0.12524	0.13485	0.22700	0.02181	0.02787	0.03026	0.05651	0.03305	0.03052	0.15696	0.02944	0.01580	0.01145	0.00364	0.01202	0.01432	0.00659	0.01432
11	0.01438	0.01027	0.01390	0.01643	0.01754	0.00980	0.01202	0.01707	0.02195	0.02906	0.05949	0.48573	0.06973	0.03313	0.01421	0.00458	0.00727	0.14419	0.01010	0.00916
12	0.04818	0.01974	0.02604	0.01996	0.02842	0.01778	0.01649	0.09848	0.03319	0.50820	0.04135	0.03603	0.02616	0.01346	0.01096	0.00336	0.00955	0.01085	0.01324	0.01855
13	0.01328	0.00949	0.01265	0.01518	0.01581	0.00886	0.01012	0.01518	0.02088	0.02783	0.06010	0.60969	0.07212	0.03416	0.01392	0.00443	0.00633	0.03100	0.01012	0.00886
14	0.01521	0.01114	0.01427	0.01349	0.01616	0.01019	0.01012	0.02015	0.03035	0.04250	0.50586	0.08347	0.14082	0.02275	0.01286	0.00345	0.00518	0.02000	0.01184	0.01019
15	0.02568	0.06809	0.16203	0.13147	0.04419	0.02363	0.10138	0.06812	0.02749	0.08850	0.11666	0.03693	0.03207	0.01287	0.01119	0.00342	0.01293	0.01149	0.00747	0.01439
16	0.02196	0.01443	0.01733	0.01497	0.01974	0.01331	0.01157	0.02958	0.07909	0.09106	0.26380	0.05552	0.06017	0.01650	0.01075	0.00297	0.00641	0.01412	0.12378	0.13294
17	0.03831	0.07016	0.08636	0.02688	0.07830	0.02654	0.02188	0.19574	0.08331	0.21359	0.03137	0.03021	0.02175	0.01254	0.01060	0.00329	0.01128	0.00995	0.01018	0.01774
18	0.01382	0.01012	0.01261	0.01393	0.01531	0.00931	0.00948	0.01617	0.02259	0.02991	0.14157	0.38838	0.15151	0.09090	0.01784	0.00478	0.00644	0.02636	0.01006	0.00891
19	0.02330	0.02508	0.11682	0.07960	0.03551	0.01778	0.05608	0.03004	0.02470	0.07308	0.10115	0.03386	0.02962	0.01139	0.01004	0.00269	0.01050	0.00988	0.00726	0.30161
20	0.09605	0.02305	0.07385	0.01859	0.02747	0.01800	0.01633	0.07461	0.02592	0.11741	0.02696	0.07986	0.02259	0.01222	0.00940	0.00265	0.00925	0.00984	0.00811	0.32785

[dist]
# distance from previous block
# <min> <max>
7	40

[block]
# block no. 3 follows, 12 sequences, length 15
# corresponding to MSA columns:
# 711-725
name=unknown_D
#
# <colnr> <probs for GDERKNQSTAVLIFYWHMCP>
#	G	D	E	R	K	N	Q	S	T	A	V	L	I	F	Y	W	H	M	C	P
0	0.02159	0.01583	0.02092	0.01974	0.02378	0.01602	0.04657	0.03213	0.15313	0.08337	0.05646	0.25096	0.09853	0.02438	0.01292	0.00411	0.00847	0.08821	0.01037	0.01251
1	0.02060	0.01601	0.01965	0.06504	0.02603	0.01590	0.01468	0.05926	0.07495	0.03801	0.11723	0.06064	0.09649	0.02211	0.04857	0.00424	0.00964	0.08145	0.07180	0.13772
2	0.02732	0.07249	0.03150	0.10984	0.11177	0.02225	0.02006	0.08300	0.02646	0.07213	0.02151	0.02514	0.01688	0.00975	0.00930	0.00251	0.01056	0.00803	0.00687	0.31264
3	0.08064	0.32855	0.08437	0.02848	0.08932	0.03374	0.09332	0.03513	0.02363	0.08178	0.01975	0.02256	0.01580	0.00988	0.00886	0.00288	0.01261	0.00794	0.00588	0.01487
4	0.03917	0.01859	0.02316	0.01846	0.02479	0.01771	0.01443	0.12312	0.03075	0.33508	0.03789	0.04397	0.02876	0.16769	0.02234	0.00520	0.01008	0.01202	0.01129	0.01550
5	0.03157	0.01987	0.02825	0.03225	0.17159	0.01956	0.02021	0.04126	0.11595	0.20573	0.12427	0.04698	0.04034	0.01504	0.01148	0.00349	0.00952	0.03619	0.01037	0.01610
6	0.01464	0.01046	0.01421	0.01674	0.01797	0.01003	0.01249	0.01753	0.02222	0.02936	0.05935	0.45523	0.06914	0.03288	0.01428	0.00462	0.00750	0.17203	0.01010	0.00923
7	0.02199	0.01870	0.02217	0.02320	0.07950	0.02001	0.01589	0.03942	0.27180	0.04165	0.17976	0.05920	0.12516	0.01807	0.01178	0.00358	0.00774	0.01553	0.01057	0.01427
8	0.01569	0.01024	0.01248	0.01322	0.01509	0.00963	0.00942	0.01940	0.02453	0.03584	0.19764	0.28000	0.09804	0.02482	0.01194	0.00361	0.00562	0.02190	0.18127	0.00963
9	0.02958	0.03435	0.11122	0.18596	0.04813	0.13337	0.05832	0.12138	0.09829	0.03866	0.02369	0.02745	0.01772	0.01169	0.01077	0.00340	0.01477	0.00952	0.00692	0.01481
10	0.04460	0.02105	0.02631	0.02065	0.02880	0.02030	0.01690	0.12190	0.10765	0.40873	0.04072	0.03602	0.02667	0.01363	0.01098	0.00341	0.00959	0.01100	0.01276	0.01836
11	0.02533	0.02415	0.06950	0.01873	0.02882	0.01829	0.01638	0.09962	0.02687	0.04034	0.02040	0.02317	0.01631	0.00901	0.00869	0.00201	0.00933	0.00709	0.00696	0.52900
12	0.43653	0.08529	0.02467	0.01838	0.02550	0.10892	0.01516	0.10470	0.02556	0.04630	0.01705	0.01923	0.01334	0.01065	0.00784	0.00317	0.01094	0.00664	0.00699	0.01314
13	0.01798	0.01220	0.01647	0.01861	0.02113	0.01220	0.01610	0.02301	0.02477	0.03382	0.05445	0.11079	0.05759	0.02754	0.01396	0.00465	0.00931	0.40647	0.10891	0.01006
14	0.03382	0.13054	0.03001	0.01785	0.02699	0.02038	0.01516	0.03818	0.02579	0.23170	0.02759	0.02718	0.01987	0.01037	0.00897	0.00242	0.00919	0.00806	0.00880	0.30713

[dist]
# distance from previous block
# <min> <max>
0	1

[block]
# block no. 4 follows, 12 sequences, length 12
# corresponding to MSA columns:
# 727-738
name=unknown_E
#
# <colnr> <probs for GDERKNQSTAVLIFYWHMCP>
#	G	D	E	R	K	N	Q	S	T	A	V	L	I	F	Y	W	H	M	C	P
0	0.02449	0.02108	0.07190	0.08129	0.08110	0.01747	0.01921	0.06350	0.02538	0.09706	0.03501	0.20135	0.03410	0.01754	0.01113	0.00331	0.00983	0.01537	0.00829	0.16159
1	0.01777	0.01514	0.02576	0.02616	0.08000	0.01440	0.10876	0.02185	0.02241	0.03118	0.04636	0.38493	0.05162	0.02483	0.01282	0.00399	0.00925	0.02338	0.06842	0.01100
2	0.02041	0.03239	0.23290	0.12187	0.07810	0.02087	0.06834	0.02921	0.02552	0.03629	0.17641	0.04231	0.04105	0.01388	0.01144	0.00348	0.01254	0.01233	0.00699	0.01367
3	0.01670	0.01357	0.01575	0.01352	0.01860	0.01118	0.01038	0.02092	0.02631	0.03632	0.23621	0.07200	0.23019	0.01989	0.01144	0.00297	0.00615	0.01690	0.00969	0.21130
4	0.02096	0.02296	0.10853	0.01916	0.02647	0.01617	0.01719	0.07319	0.02494	0.03589	0.03510	0.23933	0.03663	0.01857	0.01089	0.00312	0.00915	0.01610	0.00795	0.25770
5	0.02214	0.01708	0.01787	0.01776	0.02103	0.07378	0.01346	0.02783	0.06801	0.08863	0.13513	0.24602	0.09596	0.02485	0.01283	0.00394	0.00855	0.08335	0.01037	0.01143
6	0.08438	0.11630	0.02707	0.07785	0.02895	0.02012	0.01573	0.03289	0.02472	0.17523	0.07075	0.14223	0.03521	0.01624	0.01034	0.00324	0.00916	0.01353	0.00904	0.08702
7	0.09792	0.01786	0.02235	0.14588	0.03430	0.01817	0.01665	0.06860	0.02488	0.08388	0.02995	0.12366	0.02689	0.01461	0.00998	0.00312	0.00942	0.01223	0.07564	0.16403
8	0.03088	0.08169	0.08694	0.26361	0.08521	0.02371	0.02591	0.03732	0.02512	0.19477	0.02649	0.02972	0.01851	0.01143	0.01048	0.00338	0.01266	0.00955	0.00756	0.01507
9	0.03247	0.08099	0.03364	0.09141	0.13308	0.02453	0.02139	0.12738	0.03005	0.13884	0.02498	0.02709	0.01849	0.01081	0.00989	0.00287	0.01104	0.00887	0.00810	0.16409
10	0.03246	0.15708	0.12149	0.02483	0.03494	0.07262	0.07493	0.08788	0.02820	0.12982	0.02358	0.02509	0.01740	0.01059	0.00970	0.00287	0.01283	0.00850	0.00735	0.11783
11	0.10373	0.12728	0.03076	0.02430	0.08109	0.06391	0.01773	0.14567	0.03005	0.07728	0.02893	0.11445	0.02611	0.01484	0.00988	0.00321	0.01055	0.01184	0.06411	0.01430

[dist]
# distance from previous block
# <min> <max>
0	4

[block]
# block no. 5 follows, 12 sequences, length 32
# corresponding to MSA columns:
# 743-774
name=unknown_F
#
# <colnr> <probs for GDERKNQSTAVLIFYWHMCP>
#	G	D	E	R	K	N	Q	S	T	A	V	L	I	F	Y	W	H	M	C	P
0	0.22376	0.06280	0.08689	0.06191	0.06570	0.02362	0.01929	0.07982	0.02507	0.04226	0.05680	0.02628	0.02098	0.01088	0.00890	0.00295	0.01030	0.00819	0.00690	0.15671
1	0.02493	0.02572	0.12139	0.10712	0.03763	0.02117	0.05458	0.06786	0.11781	0.09090	0.06627	0.11944	0.06452	0.01669	0.01163	0.00367	0.01109	0.01456	0.00873	0.01431
2	0.02516	0.01660	0.02224	0.15972	0.03480	0.01764	0.01720	0.03490	0.11306	0.13429	0.16533	0.05155	0.07868	0.01614	0.01131	0.00346	0.00887	0.01380	0.06182	0.01339
3	0.02920	0.03418	0.13061	0.04043	0.20277	0.08277	0.06029	0.10576	0.08881	0.04037	0.02364	0.02691	0.01829	0.01093	0.01063	0.00321	0.01359	0.00946	0.00682	0.06134
4	0.01769	0.01243	0.01499	0.01409	0.01709	0.01227	0.01064	0.02588	0.08871	0.04340	0.39344	0.06934	0.08127	0.01969	0.01172	0.00330	0.00555	0.01714	0.13026	0.01109
5	0.12697	0.03166	0.14369	0.02352	0.03243	0.02752	0.02218	0.12978	0.25637	0.04775	0.03132	0.03079	0.02317	0.01282	0.01026	0.00352	0.01086	0.00998	0.00898	0.01643
6	0.01633	0.01092	0.01334	0.01273	0.01538	0.01018	0.00955	0.02129	0.02865	0.04200	0.39892	0.07410	0.11840	0.02055	0.01170	0.00325	0.00516	0.01784	0.15952	0.01018
7	0.01894	0.00947	0.01420	0.01420	0.01420	0.00947	0.00947	0.01420	0.01420	0.01894	0.01894	0.03314	0.01894	0.03788	0.04261	0.68277	0.00947	0.00947	0.00473	0.00473
8	0.02365	0.19535	0.43700	0.02803	0.04248	0.02969	0.03498	0.03407	0.02281	0.03235	0.01849	0.02167	0.01386	0.01011	0.00953	0.00318	0.01502	0.00751	0.00462	0.01559
9	0.01834	0.00986	0.01479	0.01479	0.01514	0.01021	0.01021	0.01514	0.01479	0.02007	0.02077	0.03487	0.02042	0.04569	0.13708	0.56441	0.01298	0.00986	0.00493	0.00562
10	0.02559	0.02236	0.06422	0.07827	0.03069	0.02187	0.01807	0.13438	0.15429	0.04647	0.12882	0.04281	0.03900	0.01474	0.01069	0.00333	0.00923	0.01222	0.12861	0.01433
11	0.69383	0.02109	0.01603	0.01434	0.02109	0.02446	0.01181	0.03205	0.01856	0.04892	0.01518	0.01771	0.01181	0.01012	0.00675	0.00337	0.00843	0.00590	0.00675	0.01181
12	0.02101	0.01514	0.02369	0.09114	0.08201	0.01487	0.04916	0.02558	0.02538	0.09347	0.16645	0.24518	0.05836	0.02189	0.01257	0.00379	0.00884	0.01997	0.00955	0.01197
13	0.19919	0.01912	0.02267	0.01870	0.02452	0.02049	0.01538	0.03988	0.02453	0.27627	0.03020	0.03042	0.02113	0.01357	0.01395	0.00352	0.11311	0.00938	0.08925	0.01472
14	0.21285	0.01998	0.05397	0.01803	0.02510	0.01758	0.01536	0.03960	0.02549	0.29445	0.03717	0.13293	0.03015	0.01608	0.01033	0.00357	0.00895	0.01300	0.01054	0.01488
15	0.03056	0.38122	0.04486	0.02335	0.08014	0.03247	0.01870	0.03430	0.02389	0.12135	0.02601	0.09240	0.02356	0.01306	0.00892	0.00286	0.01074	0.01014	0.00696	0.01453
16	0.02094	0.04626	0.43874	0.02686	0.03996	0.02197	0.03335	0.03193	0.02394	0.03625	0.08348	0.03179	0.02586	0.01202	0.01037	0.00336	0.01367	0.00966	0.07476	0.01481
17	0.57776	0.02277	0.01900	0.01625	0.02335	0.02612	0.01339	0.11752	0.02438	0.05244	0.01714	0.01922	0.01301	0.01065	0.00749	0.00336	0.00907	0.00660	0.00749	0.01301
18	0.03248	0.46208	0.05151	0.02091	0.03018	0.03792	0.04832	0.07268	0.02582	0.09902	0.02008	0.02146	0.01620	0.01016	0.00818	0.00262	0.01178	0.00724	0.00636	0.01499
19	0.03248	0.17539	0.23595	0.02709	0.07310	0.02662	0.02706	0.03988	0.02553	0.19699	0.02599	0.02645	0.01826	0.01106	0.00979	0.00315	0.01268	0.00857	0.00748	0.01647
20	0.03915	0.01684	0.02256	0.01782	0.02494	0.01456	0.01445	0.04363	0.03055	0.39890	0.16081	0.04672	0.04438	0.01523	0.01122	0.00327	0.00821	0.01275	0.01267	0.06134
21	0.10992	0.02579	0.02680	0.08881	0.03427	0.11835	0.01855	0.08188	0.03029	0.30917	0.03138	0.03021	0.02099	0.01241	0.01032	0.00330	0.01188	0.00950	0.01017	0.01604
22	0.03417	0.11244	0.20340	0.08224	0.03934	0.02460	0.02597	0.07046	0.02764	0.23221	0.02824	0.02843	0.01919	0.01163	0.01023	0.00328	0.01251	0.00914	0.00839	0.01649
23	0.01894	0.00947	0.01420	0.01420	0.01420	0.00947	0.00947	0.01420	0.01420	0.01894	0.01894	0.03314	0.01894	0.03788	0.04261	0.68277	0.00947	0.00947	0.00473	0.00473
24	0.01575	0.01051	0.01206	0.01206	0.01271	0.01018	0.00729	0.01559	0.01723	0.02232	0.04580	0.07214	0.12662	0.43337	0.04617	0.10062	0.00952	0.01626	0.00698	0.00681
25	0.03863	0.02914	0.03114	0.02452	0.03274	0.03250	0.02004	0.42312	0.14517	0.06418	0.02975	0.02903	0.02144	0.01342	0.01094	0.00336	0.01134	0.01031	0.01094	0.01829
26	0.02221	0.03179	0.19058	0.31660	0.13201	0.02501	0.06644	0.03108	0.02285	0.03138	0.01978	0.02703	0.01484	0.01046	0.01086	0.00353	0.01504	0.00943	0.00490	0.01418
27	0.02143	0.01242	0.01691	0.01603	0.01847	0.01282	0.01174	0.02409	0.01970	0.11873	0.03535	0.08997	0.03401	0.22398	0.28155	0.01204	0.01856	0.01414	0.00773	0.01032
28	0.01321	0.00977	0.01237	0.01445	0.01562	0.00892	0.00979	0.01527	0.02158	0.02812	0.06906	0.51989	0.15613	0.03300	0.01373	0.00430	0.00618	0.02958	0.01012	0.00892
29	0.42911	0.02764	0.02229	0.11991	0.03350	0.14616	0.01715	0.03385	0.02187	0.04024	0.01630	0.02017	0.01279	0.01051	0.00817	0.00329	0.01201	0.00683	0.00616	0.01205
30	0.02015	0.01913	0.03380	0.03172	0.10711	0.01879	0.15555	0.02584	0.02577	0.03567	0.18591	0.12749	0.08777	0.01849	0.01427	0.00372	0.05075	0.01736	0.00831	0.01241
31	0.02688	0.09523	0.06476	0.01936	0.02868	0.02238	0.01697	0.06944	0.11650	0.06628	0.02514	0.02632	0.01957	0.01023	0.00900	0.00241	0.00949	0.00803	0.00764	0.35568

[dist]
# distance from previous block
# <min> <max>
0	7

[block]
# block no. 6 follows, 12 sequences, length 8
# corresponding to MSA columns:
# 782-789
name=unknown_G
#
# <colnr> <probs for GDERKNQSTAVLIFYWHMCP>
#	G	D	E	R	K	N	Q	S	T	A	V	L	I	F	Y	W	H	M	C	P
0	0.03061	0.02230	0.02013	0.01804	0.02257	0.14490	0.01396	0.03476	0.02632	0.15444	0.06652	0.03805	0.02946	0.02506	0.10650	0.00543	0.01364	0.01052	0.20416	0.01263
1	0.02167	0.02661	0.12488	0.42441	0.13369	0.02464	0.03243	0.02975	0.02242	0.03004	0.01956	0.02775	0.01478	0.01065	0.01079	0.00355	0.01459	0.00941	0.00488	0.01349
2	0.01457	0.00969	0.01280	0.01440	0.01529	0.00905	0.00972	0.01501	0.01983	0.02595	0.05713	0.40616	0.12276	0.03416	0.02055	0.16433	0.00696	0.02485	0.00885	0.00793
3	0.01959	0.01429	0.02012	0.15084	0.03172	0.01498	0.01585	0.02663	0.06087	0.07447	0.31868	0.09989	0.07008	0.01932	0.01222	0.00356	0.00796	0.01704	0.01023	0.01165
4	0.02059	0.01938	0.03270	0.59060	0.07510	0.02422	0.03028	0.02786	0.02180	0.02786	0.01938	0.02907	0.01453	0.01090	0.01090	0.00363	0.01453	0.00969	0.00484	0.01211
5	0.01629	0.01034	0.01513	0.01573	0.01664	0.01095	0.01125	0.01649	0.01707	0.02352	0.03265	0.17292	0.03473	0.05413	0.24298	0.26325	0.01643	0.01541	0.00644	0.00766
6	0.02359	0.01510	0.01798	0.01720	0.02144	0.01493	0.01321	0.03322	0.14394	0.13270	0.06369	0.21467	0.15437	0.02392	0.01258	0.00395	0.00760	0.06205	0.01098	0.01285
7	0.53994	0.02332	0.01996	0.01687	0.02409	0.02667	0.01391	0.14536	0.02627	0.05359	0.01778	0.01971	0.01340	0.01082	0.00773	0.00335	0.00928	0.00683	0.00773	0.01340

[dist]
# distance from previous block
# <min> <max>
0	111

[block]
# block no. 7 follows, 12 sequences, length 11
# corresponding to MSA columns:
# 904-914
name=unknown_H
#
# <colnr> <probs for GDERKNQSTAVLIFYWHMCP>
#	G	D	E	R	K	N	Q	S	T	A	V	L	I	F	Y	W	H	M	C	P
0	0.07693	0.14704	0.03369	0.08660	0.07444	0.02602	0.01912	0.07937	0.06096	0.11978	0.02437	0.02613	0.01842	0.01070	0.00921	0.00281	0.01054	0.00833	0.00767	0.15788
1	0.02186	0.01764	0.02150	0.07391	0.02793	0.01772	0.01494	0.07338	0.10592	0.03747	0.08854	0.11150	0.03818	0.06986	0.05537	0.00474	0.01036	0.01369	0.00848	0.18699
2	0.02269	0.01936	0.02722	0.20812	0.09886	0.02170	0.02196	0.06575	0.12903	0.03900	0.14464	0.04950	0.04212	0.01564	0.01167	0.00363	0.01057	0.04635	0.00856	0.01361
3	0.02059	0.01938	0.03270	0.59060	0.07510	0.02422	0.03028	0.02786	0.02180	0.02786	0.01938	0.02907	0.01453	0.01090	0.01090	0.00363	0.01453	0.00969	0.00484	0.01211
4	0.02412	0.02209	0.02923	0.06886	0.03358	0.05634	0.09474	0.07849	0.09321	0.03794	0.07467	0.15031	0.03685	0.01650	0.01143	0.00334	0.01087	0.01493	0.00836	0.13414
5	0.02396	0.01744	0.02013	0.01841	0.02302	0.01857	0.01410	0.04067	0.26298	0.09334	0.20634	0.11709	0.05939	0.01924	0.01197	0.00366	0.00731	0.01666	0.01151	0.01421
6	0.03020	0.39160	0.15147	0.02241	0.03295	0.03774	0.02334	0.13007	0.02821	0.03612	0.01826	0.02034	0.01488	0.01029	0.00845	0.00274	0.01261	0.00708	0.00592	0.01533
7	0.02309	0.02864	0.14400	0.06748	0.03516	0.02146	0.02211	0.03355	0.09869	0.03531	0.02270	0.02607	0.01791	0.01091	0.01199	0.00281	0.06848	0.00826	0.00645	0.31491
8	0.02507	0.15056	0.35547	0.09117	0.04549	0.08847	0.03329	0.03445	0.02360	0.03138	0.01848	0.02236	0.01395	0.01034	0.00978	0.00321	0.01555	0.00774	0.00475	0.01492
9	0.01647	0.01084	0.01518	0.01518	0.01613	0.01179	0.01071	0.01721	0.01627	0.02263	0.02813	0.04827	0.02863	0.21717	0.30388	0.17641	0.01935	0.01229	0.00578	0.00767
10	0.17740	0.01951	0.02337	0.01863	0.02652	0.01873	0.01528	0.04931	0.07365	0.40755	0.03751	0.03351	0.02449	0.01293	0.01012	0.00340	0.00905	0.01006	0.01191	0.01707

[dist]
# distance from previous block
# <min> <max>
1	4

[block]
# block no. 8 follows, 12 sequences, length 28
# corresponding to MSA columns:
# 919-946
name=unknown_I
#
# <colnr> <probs for GDERKNQSTAVLIFYWHMCP>
#	G	D	E	R	K	N	Q	S	T	A	V	L	I	F	Y	W	H	M	C	P
0	0.42649	0.13652	0.02739	0.13462	0.03361	0.02800	0.01695	0.03130	0.01992	0.04008	0.01605	0.02002	0.01279	0.01013	0.00766	0.00323	0.01032	0.00667	0.00595	0.01229
1	0.08762	0.01940	0.05945	0.01822	0.02434	0.01718	0.01555	0.07247	0.02595	0.22329	0.03319	0.03836	0.02543	0.08338	0.13240	0.00692	0.01378	0.01076	0.07832	0.01398
2	0.07829	0.04279	0.35002	0.02669	0.03919	0.02464	0.03072	0.04116	0.12844	0.09332	0.02686	0.02776	0.01909	0.01159	0.01029	0.00349	0.01324	0.00908	0.00706	0.01627
3	0.02875	0.02368	0.02527	0.02199	0.02832	0.02690	0.01730	0.13843	0.39817	0.04970	0.08398	0.04152	0.03656	0.01512	0.01121	0.00360	0.00895	0.01250	0.01114	0.01689
4	0.03582	0.01981	0.02741	0.19301	0.04226	0.02081	0.02060	0.04648	0.13156	0.29039	0.03614	0.03542	0.02452	0.01298	0.01097	0.00352	0.01074	0.01086	0.01038	0.01634
5	0.01532	0.01035	0.01205	0.01257	0.01271	0.01022	0.00734	0.01572	0.01690	0.02253	0.03969	0.18294	0.04637	0.49603	0.04688	0.00930	0.00969	0.01899	0.00734	0.00707
6	0.04207	0.02954	0.03211	0.02461	0.03332	0.03233	0.02033	0.47421	0.04960	0.10930	0.02758	0.02709	0.01925	0.01312	0.01091	0.00328	0.01177	0.00991	0.01112	0.01854
7	0.02915	0.62337	0.05714	0.01866	0.02799	0.04314	0.01866	0.03265	0.02215	0.02565	0.01516	0.01749	0.01399	0.00933	0.00700	0.00233	0.01166	0.00583	0.00466	0.01399
8	0.69383	0.02109	0.01603	0.01434	0.02109	0.02446	0.01181	0.03205	0.01856	0.04892	0.01518	0.01771	0.01181	0.01012	0.00675	0.00337	0.00843	0.00590	0.00675	0.01181
9	0.01570	0.01120	0.01510	0.01510	0.01621	0.01231	0.01060	0.01791	0.01681	0.02352	0.03142	0.05512	0.03259	0.31224	0.35043	0.01453	0.02118	0.01348	0.00617	0.00839
10	0.02261	0.01938	0.02261	0.01615	0.02584	0.01453	0.01292	0.02745	0.02261	0.03553	0.01938	0.02261	0.01615	0.00807	0.00807	0.00161	0.00807	0.00646	0.00646	0.68346
11	0.01660	0.01150	0.01444	0.01535	0.01744	0.01117	0.01205	0.02030	0.02375	0.03230	0.13481	0.09523	0.11200	0.15690	0.02274	0.00562	0.00842	0.20837	0.07176	0.00924
12	0.01328	0.00949	0.01265	0.01518	0.01581	0.00886	0.01012	0.01518	0.02088	0.02783	0.06010	0.60969	0.07212	0.03416	0.01392	0.00443	0.00633	0.03100	0.01012	0.00886
13	0.01340	0.00977	0.01262	0.01464	0.01573	0.00900	0.00994	0.01562	0.02202	0.02916	0.10046	0.51783	0.12445	0.03260	0.01373	0.00428	0.00616	0.02933	0.01026	0.00900
14	0.03495	0.01547	0.02083	0.01703	0.02302	0.01363	0.01363	0.03956	0.03106	0.34255	0.25156	0.05560	0.05864	0.01716	0.01176	0.00340	0.00755	0.01462	0.01287	0.01511
15	0.03659	0.03967	0.03014	0.02634	0.03218	0.31379	0.02044	0.13146	0.13797	0.03836	0.02413	0.02562	0.01893	0.01298	0.01248	0.00325	0.06451	0.00886	0.00767	0.01464
16	0.02626	0.08727	0.30601	0.07072	0.09865	0.02606	0.10295	0.03584	0.02431	0.08791	0.02211	0.02578	0.01600	0.01040	0.01060	0.00338	0.01496	0.00916	0.00576	0.01586
17	0.11386	0.02259	0.02759	0.02354	0.06300	0.02243	0.01801	0.17521	0.03493	0.33492	0.03398	0.03140	0.02243	0.01278	0.01049	0.00334	0.01017	0.01003	0.01154	0.01775
18	0.04302	0.02803	0.03117	0.02389	0.03256	0.03008	0.01974	0.41608	0.04706	0.17101	0.02971	0.02847	0.02031	0.01317	0.01092	0.00329	0.01143	0.01006	0.01145	0.01855
19	0.01369	0.00998	0.01290	0.01449	0.01581	0.00919	0.00998	0.01634	0.02332	0.03128	0.16489	0.45318	0.12248	0.03109	0.01360	0.00415	0.00601	0.02792	0.01051	0.00919
20	0.03078	0.07745	0.12407	0.18865	0.04749	0.02412	0.07047	0.03963	0.06194	0.18560	0.02804	0.03030	0.01956	0.01156	0.01070	0.00343	0.01295	0.00995	0.00784	0.01545
21	0.03487	0.26920	0.15951	0.02175	0.03229	0.02899	0.02259	0.04071	0.02573	0.22548	0.02654	0.02606	0.01880	0.01112	0.00924	0.00297	0.01178	0.00825	0.00794	0.01618
22	0.01391	0.00995	0.01332	0.01557	0.01656	0.00936	0.01091	0.01640	0.02215	0.02966	0.10004	0.51506	0.07370	0.03275	0.01395	0.00441	0.00661	0.07633	0.01027	0.00910
23	0.03583	0.04560	0.08876	0.02968	0.03654	0.36422	0.06439	0.08375	0.03007	0.03206	0.01818	0.02187	0.01468	0.01196	0.01294	0.00320	0.07857	0.00814	0.00591	0.01365
24	0.03235	0.09321	0.13266	0.08757	0.08334	0.02650	0.06542	0.10192	0.07229	0.15583	0.02764	0.02903	0.01968	0.01160	0.01057	0.00333	0.01268	0.00978	0.00816	0.01642
25	0.09343	0.02031	0.03113	0.17648	0.14770	0.02320	0.05503	0.02812	0.02157	0.03325	0.02447	0.08828	0.02230	0.01434	0.01442	0.00367	0.10266	0.01175	0.07513	0.01276
26	0.01760	0.01108	0.01481	0.01557	0.01766	0.01026	0.01136	0.02093	0.02511	0.08210	0.19905	0.36049	0.07607	0.02843	0.01343	0.00409	0.00658	0.06413	0.01098	0.01028
27	0.09437	0.01923	0.02671	0.14145	0.09103	0.01887	0.01953	0.03759	0.02620	0.22991	0.07198	0.03431	0.02687	0.01224	0.01031	0.00318	0.01017	0.01022	0.00913	0.10671

[dist]
# distance from previous block
# <min> <max>
0	10

[block]
# block no. 9 follows, 12 sequences, length 17
# corresponding to MSA columns:
# 976-992
name=unknown_J
#
# <colnr> <probs for GDERKNQSTAVLIFYWHMCP>
#	G	D	E	R	K	N	Q	S	T	A	V	L	I	F	Y	W	H	M	C	P
0	0.07415	0.02459	0.11786	0.01985	0.02755	0.01902	0.01862	0.07627	0.06163	0.12864	0.08858	0.03724	0.03108	0.02173	0.08075	0.00494	0.01219	0.01068	0.06575	0.07889
1	0.02748	0.07702	0.12198	0.02565	0.09457	0.02006	0.02103	0.03371	0.02542	0.12899	0.08395	0.03220	0.02767	0.01140	0.00980	0.00273	0.01028	0.00944	0.00775	0.22890
2	0.01435	0.01031	0.01360	0.01446	0.01605	0.00956	0.01020	0.01785	0.02581	0.03569	0.29883	0.34856	0.08732	0.02829	0.01339	0.00393	0.00574	0.02542	0.01105	0.00956
3	0.02488	0.16592	0.03435	0.02479	0.10913	0.02323	0.01755	0.02966	0.02285	0.03316	0.01854	0.02207	0.01581	0.00864	0.00825	0.00204	0.00971	0.00682	0.00586	0.41673
4	0.02311	0.01725	0.01876	0.01940	0.02281	0.07689	0.01584	0.02710	0.02585	0.09658	0.05592	0.17533	0.09415	0.02628	0.01358	0.00435	0.01010	0.25556	0.00998	0.01115
5	0.03594	0.04229	0.03149	0.16335	0.04369	0.39490	0.02326	0.07969	0.03044	0.03055	0.01826	0.02248	0.01455	0.01131	0.01018	0.00305	0.01777	0.00790	0.00588	0.01302
6	0.02059	0.01938	0.03270	0.59060	0.07510	0.02422	0.03028	0.02786	0.02180	0.02786	0.01938	0.02907	0.01453	0.01090	0.01090	0.00363	0.01453	0.00969	0.00484	0.01211
7	0.01586	0.01057	0.01189	0.01189	0.01189	0.01057	0.00661	0.01586	0.01586	0.02114	0.03436	0.07135	0.03964	0.61681	0.05550	0.01057	0.01057	0.01586	0.00661	0.00661
8	0.02059	0.01938	0.03270	0.59060	0.07510	0.02422	0.03028	0.02786	0.02180	0.02786	0.01938	0.02907	0.01453	0.01090	0.01090	0.00363	0.01453	0.00969	0.00484	0.01211
9	0.18432	0.01979	0.02102	0.01571	0.02469	0.01693	0.01265	0.02856	0.02163	0.03876	0.01837	0.02143	0.01510	0.00857	0.00776	0.00204	0.00816	0.00633	0.00653	0.52165
10	0.04073	0.05197	0.03090	0.02809	0.03371	0.57303	0.02107	0.04354	0.03090	0.02669	0.01685	0.01966	0.01404	0.01124	0.00983	0.00281	0.01966	0.00702	0.00562	0.01264
11	0.01462	0.01093	0.01325	0.01297	0.01545	0.00991	0.00942	0.01841	0.02713	0.03665	0.34386	0.13071	0.21193	0.07644	0.01667	0.00420	0.00582	0.02119	0.01088	0.00956
12	0.01999	0.02077	0.11405	0.01759	0.02350	0.01452	0.01642	0.02788	0.06307	0.08503	0.31663	0.06720	0.13078	0.01953	0.01213	0.00348	0.00777	0.01676	0.01050	0.01240
13	0.01547	0.01109	0.01432	0.01354	0.01587	0.01032	0.00993	0.02012	0.02942	0.04155	0.49399	0.08047	0.09678	0.07962	0.01697	0.00412	0.00567	0.01935	0.01148	0.00993
14	0.03429	0.26727	0.04126	0.11766	0.03736	0.03268	0.02064	0.14999	0.03071	0.13458	0.02366	0.02517	0.01758	0.01126	0.00933	0.00297	0.01179	0.00839	0.00782	0.01560
15	0.53370	0.16618	0.02593	0.01538	0.02275	0.02896	0.01346	0.03220	0.01942	0.04331	0.01518	0.01766	0.01233	0.00993	0.00681	0.00312	0.00921	0.00589	0.00625	0.01233
16	0.10031	0.01758	0.02275	0.01804	0.02537	0.01584	0.01473	0.04602	0.03004	0.42884	0.12134	0.04257	0.03791	0.01462	0.01090	0.00338	0.00854	0.01193	0.01266	0.01663

[dist]
# distance from previous block
# <min> <max>
0	1

[block]
# block no. 10 follows, 12 sequences, length 15
# corresponding to MSA columns:
# 994-1008
name=unknown_K
#
# <colnr> <probs for GDERKNQSTAVLIFYWHMCP>
#	G	D	E	R	K	N	Q	S	T	A	V	L	I	F	Y	W	H	M	C	P
0	0.07181	0.18894	0.11393	0.07107	0.13050	0.03016	0.02446	0.07572	0.07869	0.03699	0.02143	0.02446	0.01706	0.01052	0.00929	0.00299	0.01197	0.00822	0.00629	0.06550
1	0.03368	0.02266	0.07643	0.01899	0.02878	0.01622	0.01692	0.03902	0.02629	0.25594	0.02941	0.02879	0.02051	0.01059	0.00952	0.00254	0.00937	0.00852	0.00926	0.33656
2	0.01733	0.01022	0.01400	0.01400	0.01434	0.01055	0.00923	0.01566	0.01533	0.02077	0.02585	0.04755	0.02727	0.23845	0.13832	0.34414	0.01323	0.01198	0.00555	0.00622
3	0.04441	0.15660	0.03257	0.01923	0.02787	0.02222	0.01663	0.04846	0.02914	0.43522	0.03666	0.03263	0.02402	0.01254	0.01006	0.00314	0.00982	0.00979	0.01148	0.01751
4	0.02187	0.05640	0.56031	0.03108	0.04719	0.02532	0.04029	0.03453	0.02302	0.03453	0.01957	0.02302	0.01381	0.01036	0.01036	0.00345	0.01611	0.00806	0.00460	0.01611
5	0.02915	0.62337	0.05714	0.01866	0.02799	0.04314	0.01866	0.03265	0.02215	0.02565	0.01516	0.01749	0.01399	0.00933	0.00700	0.00233	0.01166	0.00583	0.00466	0.01399
6	0.31940	0.02486	0.02508	0.02647	0.11422	0.08128	0.01782	0.04014	0.06809	0.14919	0.02458	0.02552	0.01799	0.01128	0.00902	0.00332	0.01058	0.00828	0.00818	0.01470
7	0.01853	0.00974	0.01461	0.01461	0.01485	0.00998	0.00998	0.01485	0.01461	0.01972	0.02020	0.03433	0.01996	0.04325	0.10758	0.60137	0.01188	0.00974	0.00487	0.00535
8	0.19269	0.02071	0.02425	0.14202	0.03576	0.02296	0.01819	0.14816	0.02920	0.10765	0.02994	0.12695	0.02633	0.01558	0.01042	0.00359	0.01036	0.01263	0.00876	0.01383
9	0.07635	0.22639	0.04152	0.07559	0.18121	0.03124	0.02287	0.09807	0.02744	0.03793	0.06460	0.02790	0.02321	0.01127	0.00942	0.00299	0.01149	0.00901	0.00655	0.01495
10	0.01442	0.01096	0.01340	0.01404	0.01657	0.00994	0.01063	0.01804	0.02584	0.03386	0.22198	0.20842	0.24087	0.02778	0.01341	0.00396	0.00624	0.08940	0.01068	0.00958
11	0.02624	0.06798	0.11749	0.14219	0.03775	0.05979	0.02166	0.03213	0.02544	0.12212	0.12644	0.04259	0.03632	0.07754	0.01557	0.00410	0.01182	0.01177	0.00791	0.01314
12	0.01576	0.01197	0.01409	0.01394	0.01638	0.01152	0.00995	0.02159	0.07444	0.03480	0.24539	0.16644	0.17359	0.11797	0.01956	0.00479	0.00661	0.02091	0.01037	0.00993
13	0.33396	0.02184	0.02967	0.14769	0.04037	0.02376	0.10544	0.03465	0.02236	0.11419	0.02131	0.02508	0.01542	0.01061	0.00936	0.00349	0.01168	0.00871	0.00707	0.01336
14	0.21153	0.01949	0.02177	0.06595	0.02838	0.02061	0.01539	0.07544	0.08003	0.21291	0.03144	0.03134	0.02207	0.01237	0.00937	0.00330	0.00903	0.00945	0.10525	0.01487

[dist]
# distance from previous block
# <min> <max>
2	21

[block]
# block no. 11 follows, 12 sequences, length 24
# corresponding to MSA columns:
# 1030-1053
name=unknown_L
#
# <colnr> <probs for GDERKNQSTAVLIFYWHMCP>
#	G	D	E	R	K	N	Q	S	T	A	V	L	I	F	Y	W	H	M	C	P
0	0.12206	0.06308	0.10237	0.13238	0.04147	0.02627	0.07756	0.11245	0.07463	0.04105	0.03146	0.03420	0.06984	0.01283	0.01044	0.00345	0.01225	0.01066	0.00727	0.01426
1	0.12241	0.01394	0.01674	0.01553	0.01908	0.01353	0.01131	0.02844	0.02188	0.17906	0.03990	0.20319	0.03929	0.13716	0.02277	0.06983	0.00858	0.01673	0.00941	0.01121
2	0.12323	0.20421	0.14870	0.02274	0.03163	0.03204	0.02266	0.07024	0.11990	0.03772	0.02235	0.02432	0.01766	0.01188	0.01142	0.00327	0.06635	0.00818	0.00662	0.01487
3	0.02877	0.02255	0.02267	0.02022	0.02491	0.08738	0.01544	0.18772	0.03397	0.07983	0.09073	0.24932	0.04702	0.02167	0.01210	0.00367	0.00995	0.01845	0.01025	0.01337
4	0.01679	0.01114	0.01406	0.01387	0.01643	0.01059	0.01077	0.02190	0.02832	0.04147	0.36469	0.07871	0.08108	0.02137	0.01206	0.00347	0.00584	0.08327	0.15396	0.01023
5	0.02607	0.02497	0.04259	0.14230	0.48061	0.02566	0.03300	0.03266	0.02439	0.03450	0.02035	0.02729	0.01688	0.00989	0.01081	0.00330	0.01318	0.00971	0.00532	0.01653
6	0.02261	0.01938	0.02261	0.01615	0.02584	0.01453	0.01292	0.02745	0.02261	0.03553	0.01938	0.02261	0.01615	0.00807	0.00807	0.00161	0.00807	0.00646	0.00646	0.68346
7	0.02033	0.01016	0.01016	0.01016	0.01270	0.01016	0.00762	0.02541	0.02287	0.04065	0.03557	0.04065	0.02795	0.01270	0.00762	0.00254	0.00508	0.01016	0.67734	0.01016
8	0.04137	0.08429	0.03394	0.02367	0.03241	0.03213	0.01985	0.40143	0.04565	0.13488	0.02757	0.02694	0.01933	0.01280	0.01055	0.00320	0.01158	0.00961	0.01070	0.01812
9	0.02059	0.01938	0.03270	0.59060	0.07510	0.02422	0.03028	0.02786	0.02180	0.02786	0.01938	0.02907	0.01453	0.01090	0.01090	0.00363	0.01453	0.00969	0.00484	0.01211
10	0.02033	0.01016	0.01016	0.01016	0.01270	0.01016	0.00762	0.02541	0.02287	0.04065	0.03557	0.04065	0.02795	0.01270	0.00762	0.00254	0.00508	0.01016	0.67734	0.01016
11	0.03041	0.02160	0.03103	0.03728	0.22546	0.02165	0.02212	0.09117	0.07843	0.14305	0.13992	0.04185	0.03920	0.01401	0.01131	0.00335	0.01004	0.01236	0.00955	0.01616
12	0.01510	0.01151	0.01413	0.01454	0.01750	0.01053	0.01162	0.01934	0.02702	0.03534	0.24660	0.10185	0.25364	0.02647	0.01349	0.00397	0.00667	0.15010	0.01076	0.00982
13	0.02479	0.02134	0.02360	0.01908	0.02706	0.02063	0.01502	0.04222	0.26793	0.04041	0.03149	0.03136	0.02445	0.01133	0.00954	0.00262	0.00834	0.00930	0.00870	0.36078
14	0.02685	0.07897	0.02684	0.02126	0.02710	0.02608	0.01711	0.11255	0.30376	0.04372	0.04210	0.10918	0.03668	0.01776	0.01140	0.00372	0.00928	0.05994	0.01024	0.01545
15	0.01588	0.01296	0.01427	0.01361	0.01731	0.01228	0.01030	0.02368	0.10331	0.03659	0.24232	0.08748	0.32203	0.02392	0.01261	0.00360	0.00587	0.02031	0.01089	0.01078
16	0.03112	0.43956	0.09822	0.02198	0.03109	0.16274	0.02123	0.03532	0.02424	0.02672	0.01596	0.01851	0.01399	0.00986	0.00796	0.00255	0.01391	0.00631	0.00488	0.01388
17	0.02485	0.02658	0.05254	0.03753	0.04818	0.02389	0.36890	0.03281	0.02485	0.03510	0.02130	0.02749	0.01643	0.00888	0.01151	0.00309	0.01547	0.01106	0.00578	0.20376
18	0.03124	0.29016	0.21143	0.02324	0.03454	0.03187	0.02528	0.07084	0.02612	0.12724	0.02238	0.02342	0.01660	0.01068	0.00907	0.00295	0.01269	0.00775	0.00668	0.01582
19	0.02786	0.02305	0.02467	0.02165	0.02777	0.02617	0.01697	0.11912	0.40380	0.04872	0.09832	0.04322	0.03906	0.01540	0.01127	0.00361	0.00872	0.01280	0.01117	0.01665
20	0.56330	0.02057	0.01790	0.01536	0.02245	0.02275	0.01266	0.03632	0.02112	0.15162	0.02082	0.02164	0.01488	0.01080	0.00760	0.00337	0.00861	0.00693	0.00811	0.01317
21	0.02819	0.02939	0.16064	0.06336	0.03594	0.02186	0.05328	0.13485	0.03178	0.11753	0.11913	0.04395	0.08215	0.01496	0.01141	0.00345	0.01147	0.01261	0.00905	0.01500
22	0.02289	0.02178	0.08890	0.14124	0.03586	0.01836	0.01963	0.07559	0.02765	0.07069	0.17507	0.04705	0.04386	0.07197	0.01534	0.00393	0.01031	0.01272	0.00839	0.08875
23	0.49040	0.07845	0.02186	0.01611	0.02324	0.02555	0.01349	0.03710	0.07157	0.10393	0.02127	0.02220	0.01589	0.01090	0.00769	0.00331	0.00886	0.00712	0.00775	0.01333

[dist]
# distance from previous block
# <min> <max>
0	3

[block]
# block no. 12 follows, 12 sequences, length 13
# corresponding to MSA columns:
# 1057-1069
name=unknown_M
#
# <colnr> <probs for GDERKNQSTAVLIFYWHMCP>
#	G	D	E	R	K	N	Q	S	T	A	V	L	I	F	Y	W	H	M	C	P
0	0.02864	0.17125	0.07339	0.08873	0.03265	0.02334	0.01972	0.03388	0.02541	0.16197	0.08565	0.04576	0.03370	0.01969	0.05041	0.00436	0.01211	0.06706	0.00841	0.01389
1	0.02420	0.09333	0.37208	0.02668	0.04040	0.02538	0.03162	0.07196	0.02517	0.03679	0.01971	0.02275	0.01467	0.01005	0.00969	0.00299	0.01386	0.00771	0.00548	0.14549
2	0.01993	0.01646	0.01971	0.01567	0.02274	0.01292	0.01206	0.02424	0.02327	0.03503	0.09076	0.14353	0.03751	0.01485	0.00979	0.00238	0.00738	0.01282	0.00784	0.47109
3	0.02361	0.01380	0.01754	0.01720	0.02033	0.01327	0.01255	0.08283	0.02656	0.13523	0.05267	0.42796	0.05687	0.02760	0.01298	0.00408	0.00759	0.02455	0.01087	0.01191
