[name]
unknown

[dist]
# distance from previous block
# <min> <max>
3	203

[block]
# block no. 0 follows, 13 sequences, length 62
# corresponding to MSA columns:
# 205-266
name=unknown_A
#
# <colnr> <probs for GDERKNQSTAVLIFYWHMCP>
#	G	D	E	R	K	N	Q	S	T	A	V	L	I	F	Y	W	H	M	C	P
0	0.03088	0.11493	0.15174	0.11890	0.04006	0.09043	0.02436	0.10988	0.02818	0.11549	0.02241	0.02467	0.01631	0.01080	0.00965	0.00300	0.01308	0.00824	0.00695	0.06001
1	0.06924	0.44093	0.08723	0.02244	0.03169	0.08177	0.07746	0.03286	0.02241	0.02795	0.01590	0.01884	0.01372	0.00929	0.00787	0.00258	0.01279	0.00668	0.00481	0.01355
2	0.62685	0.02389	0.01720	0.01544	0.02185	0.08833	0.01248	0.03236	0.01937	0.04496	0.01491	0.01739	0.01170	0.00994	0.00689	0.00321	0.00943	0.00585	0.00642	0.01154
3	0.01477	0.01080	0.01387	0.01310	0.01568	0.00990	0.00983	0.01958	0.02948	0.04133	0.52208	0.08074	0.13524	0.02201	0.01247	0.00334	0.00502	0.01937	0.01150	0.00990
4	0.04511	0.01731	0.02330	0.01806	0.02576	0.01506	0.01486	0.04927	0.02958	0.52523	0.04111	0.03628	0.02625	0.01302	0.01036	0.00320	0.00865	0.01057	0.06972	0.01731
5	0.01386	0.01052	0.01276	0.01271	0.01525	0.00943	0.00934	0.01763	0.02657	0.03562	0.33703	0.17179	0.23888	0.02505	0.01264	0.00356	0.00528	0.02185	0.01078	0.00943
6	0.01323	0.01074	0.01173	0.01148	0.01473	0.00924	0.00861	0.01659	0.02583	0.03266	0.24041	0.09500	0.42232	0.02525	0.01249	0.00350	0.00525	0.02137	0.01036	0.00924
7	0.02661	0.02833	0.11157	0.02311	0.03081	0.02654	0.02054	0.09051	0.42113	0.04433	0.03780	0.03560	0.02814	0.01353	0.01063	0.00352	0.00978	0.01110	0.00975	0.01666
8	0.01390	0.00993	0.01344	0.01589	0.01695	0.00947	0.01159	0.01648	0.02125	0.02813	0.05771	0.49832	0.06770	0.03216	0.01377	0.00443	0.00702	0.14320	0.00980	0.00887
9	0.03497	0.02995	0.03021	0.02831	0.09113	0.13963	0.02040	0.22765	0.07116	0.08995	0.06583	0.03003	0.02466	0.01319	0.01217	0.00323	0.05320	0.00995	0.00882	0.01554
10	0.03265	0.03932	0.02592	0.02396	0.02827	0.42457	0.01791	0.03540	0.02620	0.02521	0.02007	0.02738	0.01809	0.06969	0.13355	0.00625	0.02037	0.00837	0.00556	0.01125
11	0.02192	0.01879	0.02192	0.01566	0.02506	0.01409	0.01253	0.02662	0.02192	0.03445	0.01879	0.02192	0.01566	0.00783	0.00783	0.00157	0.00783	0.00626	0.00626	0.69305
12	0.02192	0.01879	0.02192	0.01566	0.02506	0.01409	0.01253	0.02662	0.02192	0.03445	0.01879	0.02192	0.01566	0.00783	0.00783	0.00157	0.00783	0.00626	0.00626	0.69305
13	0.01468	0.01057	0.01395	0.01404	0.01614	0.00984	0.01045	0.01900	0.02750	0.03840	0.41640	0.19550	0.09071	0.02457	0.01284	0.00364	0.00557	0.05541	0.01112	0.00967
14	0.03950	0.05039	0.02996	0.02724	0.03269	0.58597	0.02043	0.04222	0.02996	0.02588	0.01634	0.01907	0.01362	0.01090	0.00953	0.00272	0.01907	0.00681	0.00545	0.01226
15	0.04688	0.01889	0.02509	0.01924	0.02744	0.01687	0.01589	0.08834	0.03177	0.53085	0.04045	0.03517	0.02554	0.01306	0.01063	0.00326	0.00920	0.01055	0.01289	0.01799
16	0.01288	0.00920	0.01227	0.01472	0.01534	0.00859	0.00981	0.01472	0.02024	0.02699	0.05828	0.62152	0.06993	0.03312	0.01350	0.00429	0.00613	0.03006	0.00981	0.00859
17	0.03369	0.02090	0.02897	0.02387	0.02742	0.02507	0.01983	0.03678	0.02231	0.26196	0.02597	0.02872	0.01922	0.01615	0.02424	0.00404	0.34834	0.00985	0.00830	0.01436
18	0.01809	0.01499	0.01762	0.01450	0.02070	0.01186	0.01107	0.02191	0.02254	0.03261	0.08087	0.15831	0.12020	0.01694	0.01005	0.00256	0.00688	0.01454	0.00794	0.39581
19	0.02805	0.06373	0.03121	0.02749	0.10990	0.02135	0.05936	0.09017	0.06695	0.11057	0.02968	0.10263	0.02560	0.01324	0.01019	0.00294	0.01004	0.01165	0.00814	0.17711
20	0.01409	0.01028	0.01325	0.01355	0.01552	0.00944	0.00977	0.01787	0.02632	0.03628	0.35884	0.25678	0.12711	0.02577	0.01280	0.00366	0.00539	0.02293	0.01090	0.00944
21	0.01288	0.00920	0.01227	0.01472	0.01534	0.00859	0.00981	0.01472	0.02024	0.02699	0.05828	0.62152	0.06993	0.03312	0.01350	0.00429	0.00613	0.03006	0.00981	0.00859
22	0.07213	0.03449	0.20902	0.21229	0.09542	0.06297	0.10298	0.03186	0.02269	0.03209	0.01886	0.02478	0.01415	0.01003	0.01031	0.00337	0.01492	0.00890	0.00495	0.01378
23	0.29795	0.02526	0.02496	0.01990	0.02760	0.02809	0.01643	0.30211	0.03607	0.09363	0.02236	0.02293	0.01601	0.01160	0.00902	0.00322	0.01011	0.00812	0.00918	0.01545
24	0.01314	0.00944	0.01206	0.01403	0.01481	0.00881	0.00928	0.01483	0.01999	0.02637	0.05934	0.51620	0.10562	0.10102	0.01805	0.00492	0.00654	0.02775	0.00942	0.00836
25	0.01817	0.02305	0.15063	0.08825	0.07124	0.01639	0.01895	0.02242	0.01840	0.02548	0.02714	0.04981	0.02791	0.35975	0.03489	0.00725	0.01216	0.01240	0.00565	0.01006
26	0.02891	0.12004	0.21489	0.07179	0.08292	0.14657	0.02731	0.03783	0.06663	0.07437	0.02168	0.02416	0.01635	0.01067	0.00968	0.00308	0.01430	0.00813	0.00597	0.01472
27	0.03431	0.03151	0.03492	0.02808	0.03430	0.21348	0.13060	0.03881	0.02638	0.15074	0.02405	0.02695	0.01794	0.01216	0.01396	0.00329	0.10163	0.00949	0.05369	0.01373
28	0.01405	0.01009	0.01339	0.01445	0.01599	0.00942	0.01039	0.01743	0.02462	0.03382	0.26877	0.35728	0.08190	0.02799	0.01314	0.00392	0.00590	0.05760	0.01058	0.00925
29	0.02315	0.07574	0.08577	0.27694	0.18057	0.02608	0.12129	0.03048	0.02267	0.03042	0.01921	0.02637	0.01499	0.00982	0.01054	0.00332	0.01431	0.00953	0.00491	0.01387
30	0.02814	0.07682	0.19479	0.19040	0.08350	0.02507	0.02834	0.09110	0.02648	0.12140	0.02307	0.02640	0.01643	0.01087	0.01014	0.00327	0.01313	0.00886	0.00668	0.01511
31	0.04744	0.01799	0.02454	0.01881	0.02699	0.01554	0.01554	0.05153	0.03026	0.56979	0.04171	0.03599	0.02617	0.01309	0.01063	0.00327	0.00900	0.01063	0.01309	0.01799
32	0.02407	0.02589	0.04774	0.03636	0.04184	0.02949	0.27955	0.02976	0.02068	0.02976	0.01772	0.02589	0.01499	0.01360	0.02332	0.00408	0.30642	0.01090	0.00500	0.01295
33	0.09484	0.09081	0.02949	0.11438	0.03474	0.02293	0.01837	0.10926	0.02942	0.30521	0.03035	0.02948	0.02039	0.01188	0.00983	0.00318	0.01039	0.00929	0.00984	0.01591
34	0.02732	0.45933	0.04844	0.14415	0.03734	0.07833	0.02068	0.03145	0.02204	0.02541	0.01570	0.01952	0.01369	0.00951	0.00780	0.00257	0.01248	0.00654	0.00463	0.01308
35	0.08464	0.09423	0.03611	0.02393	0.03312	0.02500	0.12442	0.14152	0.02843	0.04154	0.02002	0.02315	0.01567	0.00946	0.00921	0.00258	0.01126	0.00821	0.00686	0.26064
36	0.08933	0.11116	0.07464	0.07386	0.07676	0.06819	0.02129	0.14807	0.03053	0.16960	0.02485	0.02573	0.01773	0.01128	0.00962	0.00309	0.01182	0.00860	0.00825	0.01562
37	0.01702	0.01131	0.01449	0.01340	0.01643	0.01026	0.01015	0.02168	0.02928	0.07879	0.46810	0.07850	0.14714	0.02159	0.01234	0.00335	0.00532	0.01888	0.01153	0.01043
38	0.02406	0.09310	0.04158	0.25505	0.28703	0.02656	0.06334	0.03047	0.02276	0.03063	0.01899	0.02601	0.01536	0.00976	0.01022	0.00321	0.01334	0.00919	0.00496	0.01438
39	0.04744	0.01799	0.02454	0.01881	0.02699	0.01554	0.01554	0.05153	0.03026	0.56979	0.04171	0.03599	0.02617	0.01309	0.01063	0.00327	0.00900	0.01063	0.01309	0.01799
40	0.01286	0.01073	0.01122	0.01110	0.01451	0.00908	0.00832	0.01588	0.02497	0.03062	0.17402	0.09837	0.48998	0.02601	0.01249	0.00353	0.00530	0.02184	0.01009	0.00908
41	0.01496	0.01081	0.01413	0.01330	0.01580	0.00998	0.00998	0.01995	0.02993	0.04240	0.55689	0.07898	0.09976	0.02162	0.01247	0.00333	0.00499	0.01912	0.01164	0.00998
42	0.01326	0.01046	0.01195	0.01216	0.01490	0.00916	0.00890	0.01643	0.02503	0.03215	0.22418	0.18962	0.34131	0.02648	0.01267	0.00363	0.00539	0.02282	0.01033	0.00916
43	0.02343	0.02068	0.02531	0.09102	0.07578	0.02377	0.01882	0.04271	0.32206	0.03880	0.08293	0.04343	0.06974	0.01527	0.01275	0.00360	0.05352	0.01256	0.00915	0.01468
44	0.70310	0.02045	0.01554	0.01390	0.02045	0.02372	0.01145	0.03108	0.01799	0.04744	0.01472	0.01718	0.01145	0.00981	0.00654	0.00327	0.00818	0.00573	0.00654	0.01145
45	0.04132	0.06805	0.09154	0.02141	0.03057	0.02261	0.01953	0.16396	0.03348	0.34758	0.03324	0.03051	0.02183	0.01236	0.01028	0.00319	0.01056	0.00969	0.01089	0.01741
46	0.18551	0.03552	0.02967	0.07881	0.14914	0.29037	0.02174	0.03633	0.02525	0.03276	0.01695	0.02093	0.01385	0.01030	0.00914	0.00300	0.01477	0.00734	0.00559	0.01302
47	0.60438	0.02490	0.01769	0.01589	0.02227	0.10736	0.01279	0.03274	0.01977	0.04423	0.01496	0.01746	0.01177	0.00998	0.00699	0.00319	0.00980	0.00589	0.00638	0.01157
48	0.02518	0.02650	0.03251	0.24240	0.21417	0.14013	0.02603	0.03057	0.02427	0.02936	0.02878	0.03409	0.07736	0.01213	0.01054	0.00324	0.01364	0.01035	0.00561	0.01313
49	0.01538	0.01025	0.01153	0.01153	0.01153	0.01025	0.00641	0.01538	0.01538	0.02050	0.03331	0.06919	0.03844	0.62842	0.05382	0.01025	0.01025	0.01538	0.00641	0.00641
50	0.03170	0.02142	0.02266	0.01833	0.02430	0.02328	0.01483	0.31881	0.03829	0.05535	0.02916	0.03120	0.02176	0.01254	0.00926	0.00288	0.00885	0.00966	0.29112	0.01461
51	0.33022	0.01913	0.02041	0.01642	0.02399	0.01897	0.01352	0.04059	0.02424	0.29874	0.02810	0.02666	0.01891	0.01123	0.00862	0.00313	0.00855	0.00814	0.00968	0.07075
52	0.70310	0.02045	0.01554	0.01390	0.02045	0.02372	0.01145	0.03108	0.01799	0.04744	0.01472	0.01718	0.01145	0.00981	0.00654	0.00327	0.00818	0.00573	0.00654	0.01145
53	0.01538	0.01025	0.01153	0.01153	0.01153	0.01025	0.00641	0.01538	0.01538	0.02050	0.03331	0.06919	0.03844	0.62842	0.05382	0.01025	0.01025	0.01538	0.00641	0.00641
54	0.02827	0.63478	0.05540	0.01809	0.02714	0.04184	0.01809	0.03166	0.02148	0.02488	0.01470	0.01696	0.01357	0.00905	0.00678	0.00226	0.01131	0.00565	0.00452	0.01357
55	0.01250	0.01071	0.01071	0.01071	0.01428	0.00893	0.00803	0.01517	0.02410	0.02856	0.10711	0.10175	0.55817	0.02678	0.01250	0.00357	0.00536	0.02231	0.00982	0.00893
56	0.09195	0.03300	0.02961	0.02483	0.03165	0.21998	0.05968	0.11097	0.15221	0.10072	0.02706	0.02729	0.02007	0.01195	0.01008	0.00317	0.01336	0.00921	0.00836	0.01485
57	0.02459	0.02745	0.05642	0.04122	0.04979	0.02786	0.42441	0.03219	0.02321	0.03219	0.01990	0.02745	0.01561	0.01082	0.01690	0.00378	0.13544	0.01184	0.00520	0.01372
58	0.01429	0.00979	0.01185	0.01292	0.01318	0.00953	0.00789	0.01509	0.01749	0.02332	0.04416	0.30918	0.05212	0.36977	0.03630	0.00766	0.00846	0.02175	0.00789	0.00735
59	0.10196	0.02140	0.03685	0.17240	0.12959	0.02214	0.15700	0.03085	0.02418	0.07182	0.09927	0.03463	0.02807	0.01164	0.01089	0.00340	0.01249	0.01131	0.00676	0.01336
60	0.03236	0.07366	0.04098	0.04324	0.25262	0.14247	0.09789	0.03772	0.02625	0.11825	0.02251	0.02594	0.01728	0.01022	0.01033	0.00307	0.01403	0.00924	0.00651	0.01542
61	0.03124	0.02449	0.03242	0.12044	0.07725	0.02594	0.06233	0.21997	0.09308	0.08303	0.02591	0.02805	0.01901	0.01140	0.01040	0.00311	0.01157	0.00968	0.00846	0.10221

[dist]
# distance from previous block
# <min> <max>
1	4

[block]
# block no. 1 follows, 13 sequences, length 108
# corresponding to MSA columns:
# 271-378
name=unknown_B
#
# <colnr> <probs for GDERKNQSTAVLIFYWHMCP>
#	G	D	E	R	K	N	Q	S	T	A	V	L	I	F	Y	W	H	M	C	P
0	0.39532	0.02025	0.02070	0.01976	0.07523	0.02053	0.01412	0.03154	0.02064	0.08288	0.01845	0.02084	0.01429	0.00947	0.00760	0.00278	0.00857	0.00662	0.00684	0.20357
1	0.44816	0.01983	0.01797	0.01567	0.02185	0.02216	0.01268	0.06915	0.07414	0.08516	0.09444	0.02975	0.02710	0.01231	0.00835	0.00330	0.00807	0.00879	0.00841	0.01270
2	0.44777	0.02638	0.07450	0.09788	0.03186	0.06485	0.01787	0.06703	0.02198	0.04310	0.01657	0.01991	0.01263	0.01022	0.00794	0.00327	0.01075	0.00678	0.00630	0.01242
3	0.02109	0.10952	0.02164	0.01565	0.02044	0.14908	0.01238	0.02389	0.02510	0.02740	0.07255	0.07019	0.35227	0.02051	0.01098	0.00318	0.00943	0.01629	0.00803	0.01037
4	0.07564	0.35159	0.03712	0.01680	0.02317	0.02869	0.01548	0.02746	0.02364	0.03177	0.15110	0.04594	0.04067	0.01490	0.00921	0.00295	0.00933	0.07542	0.00711	0.01201
5	0.13288	0.07313	0.02871	0.02255	0.02931	0.20595	0.01825	0.19268	0.03350	0.08143	0.02391	0.03002	0.01943	0.01283	0.00974	0.00313	0.01315	0.04708	0.00807	0.01425
6	0.02736	0.21644	0.12275	0.11409	0.07558	0.03194	0.06375	0.12001	0.02669	0.03535	0.01867	0.02290	0.01484	0.01077	0.01121	0.00310	0.05602	0.00827	0.00575	0.01452
7	0.01358	0.01054	0.01102	0.01102	0.01324	0.00943	0.00742	0.01525	0.02080	0.02551	0.07921	0.08944	0.36166	0.25426	0.02812	0.00610	0.00721	0.01969	0.00853	0.00797
8	0.03950	0.05039	0.02996	0.02724	0.03269	0.58597	0.02043	0.04222	0.02996	0.02588	0.01634	0.01907	0.01362	0.01090	0.00953	0.00272	0.01907	0.00681	0.00545	0.01226
9	0.08152	0.30783	0.09181	0.01945	0.02846	0.03006	0.01882	0.03947	0.06623	0.18462	0.02514	0.02476	0.01852	0.01078	0.00851	0.00284	0.01060	0.00780	0.00762	0.01514
10	0.03403	0.02119	0.02128	0.01798	0.02406	0.10525	0.01419	0.03930	0.06201	0.28038	0.09065	0.05247	0.15816	0.01673	0.01105	0.00328	0.00940	0.01354	0.01082	0.01423
11	0.01373	0.00997	0.01161	0.01254	0.01364	0.00930	0.00809	0.01508	0.01933	0.02491	0.06063	0.28592	0.17629	0.25754	0.02856	0.00638	0.00751	0.02261	0.00852	0.00784
12	0.02231	0.01681	0.01466	0.01392	0.01714	0.09039	0.01050	0.02939	0.07541	0.03851	0.11564	0.04290	0.03728	0.01379	0.00882	0.00275	0.00721	0.01111	0.42058	0.01088
13	0.02896	0.11274	0.11505	0.17053	0.09503	0.02789	0.02551	0.14050	0.06586	0.08281	0.02339	0.02641	0.01731	0.01110	0.00998	0.00319	0.01243	0.00896	0.00708	0.01527
14	0.01386	0.01009	0.01329	0.01428	0.01567	0.00982	0.01004	0.01661	0.02161	0.02940	0.15892	0.32934	0.10151	0.08410	0.11388	0.00666	0.00993	0.02289	0.00923	0.00888
15	0.01643	0.01079	0.01403	0.01397	0.01634	0.00985	0.01018	0.02017	0.02639	0.07410	0.32584	0.25366	0.11780	0.02511	0.01267	0.00365	0.00567	0.02229	0.01102	0.01002
16	0.02121	0.05469	0.57364	0.03014	0.04576	0.02455	0.03906	0.03348	0.02232	0.03348	0.01897	0.02232	0.01339	0.01005	0.01005	0.00335	0.01563	0.00781	0.00446	0.01563
17	0.29577	0.02581	0.02360	0.01954	0.02672	0.08026	0.01584	0.17915	0.07276	0.12854	0.02426	0.02433	0.01742	0.01160	0.00894	0.00322	0.01037	0.00816	0.00891	0.01480
18	0.70310	0.02045	0.01554	0.01390	0.02045	0.02372	0.01145	0.03108	0.01799	0.04744	0.01472	0.01718	0.01145	0.00981	0.00654	0.00327	0.00818	0.00573	0.00654	0.01145
19	0.03134	0.01995	0.02547	0.02205	0.07873	0.01695	0.01593	0.07069	0.02664	0.19805	0.02628	0.02682	0.01910	0.00992	0.00913	0.00235	0.00892	0.00812	0.00853	0.37503
20	0.02617	0.02512	0.04292	0.06490	0.56246	0.02512	0.03245	0.03245	0.02407	0.03454	0.01989	0.02617	0.01675	0.00942	0.01047	0.00314	0.01256	0.00942	0.00523	0.01675
21	0.02192	0.01879	0.02192	0.01566	0.02506	0.01409	0.01253	0.02662	0.02192	0.03445	0.01879	0.02192	0.01566	0.00783	0.00783	0.00157	0.00783	0.00626	0.00626	0.69305
22	0.02360	0.01844	0.01956	0.01790	0.02268	0.02073	0.01382	0.04501	0.36719	0.04289	0.09150	0.04333	0.03766	0.01457	0.01011	0.00329	0.00721	0.01215	0.17395	0.01441
23	0.01496	0.01081	0.01413	0.01330	0.01580	0.00998	0.00998	0.01995	0.02993	0.04240	0.55689	0.07898	0.09976	0.02162	0.01247	0.00333	0.00499	0.01912	0.01164	0.00998
24	0.04744	0.01799	0.02454	0.01881	0.02699	0.01554	0.01554	0.05153	0.03026	0.56979	0.04171	0.03599	0.02617	0.01309	0.01063	0.00327	0.00900	0.01063	0.01309	0.01799
25	0.04744	0.01799	0.02454	0.01881	0.02699	0.01554	0.01554	0.05153	0.03026	0.56979	0.04171	0.03599	0.02617	0.01309	0.01063	0.00327	0.00900	0.01063	0.01309	0.01799
26	0.01348	0.01075	0.01207	0.01174	0.01488	0.00934	0.00880	0.01707	0.02641	0.03405	0.28551	0.09272	0.37635	0.02473	0.01249	0.00347	0.00521	0.02105	0.01054	0.00934
27	0.02859	0.04132	0.27894	0.03155	0.04347	0.06939	0.14759	0.12185	0.02886	0.07463	0.02198	0.02499	0.01570	0.01051	0.01071	0.00332	0.01527	0.00933	0.00640	0.01561
28	0.24214	0.03231	0.02520	0.02464	0.07071	0.23619	0.01768	0.04085	0.10500	0.07809	0.02221	0.02351	0.01705	0.01114	0.00896	0.00310	0.01274	0.00778	0.00718	0.01351
29	0.01463	0.01048	0.01414	0.01579	0.01741	0.00999	0.01201	0.01813	0.02381	0.03211	0.17841	0.34022	0.07445	0.02917	0.01358	0.00423	0.00693	0.16500	0.01023	0.00927
30	0.04744	0.01799	0.02454	0.01881	0.02699	0.01554	0.01554	0.05153	0.03026	0.56979	0.04171	0.03599	0.02617	0.01309	0.01063	0.00327	0.00900	0.01063	0.01309	0.01799
31	0.01288	0.00920	0.01227	0.01472	0.01534	0.00859	0.00981	0.01472	0.02024	0.02699	0.05828	0.62152	0.06993	0.03312	0.01350	0.00429	0.00613	0.03006	0.00981	0.00859
32	0.70310	0.02045	0.01554	0.01390	0.02045	0.02372	0.01145	0.03108	0.01799	0.04744	0.01472	0.01718	0.01145	0.00981	0.00654	0.00327	0.00818	0.00573	0.00654	0.01145
33	0.70310	0.02045	0.01554	0.01390	0.02045	0.02372	0.01145	0.03108	0.01799	0.04744	0.01472	0.01718	0.01145	0.00981	0.00654	0.00327	0.00818	0.00573	0.00654	0.01145
34	0.70310	0.02045	0.01554	0.01390	0.02045	0.02372	0.01145	0.03108	0.01799	0.04744	0.01472	0.01718	0.01145	0.00981	0.00654	0.00327	0.00818	0.00573	0.00654	0.01145
35	0.01491	0.00940	0.01155	0.01328	0.01444	0.00896	0.00909	0.01767	0.02082	0.03069	0.05120	0.44848	0.05720	0.02694	0.01168	0.00375	0.00578	0.02405	0.21116	0.00896
36	0.02121	0.05469	0.57364	0.03014	0.04576	0.02455	0.03906	0.03348	0.02232	0.03348	0.01897	0.02232	0.01339	0.01005	0.01005	0.00335	0.01563	0.00781	0.00446	0.01563
37	0.01448	0.01042	0.01377	0.01413	0.01607	0.00971	0.01040	0.01853	0.02668	0.03710	0.37533	0.24294	0.08831	0.02554	0.01292	0.00372	0.00564	0.05379	0.01097	0.00955
38	0.04673	0.01913	0.02524	0.01935	0.02756	0.01723	0.01599	0.09802	0.03216	0.52061	0.04012	0.03495	0.02537	0.01305	0.01063	0.00326	0.00925	0.01052	0.01284	0.01799
39	0.01580	0.01129	0.01562	0.01806	0.01995	0.01111	0.01489	0.01977	0.02312	0.03026	0.05666	0.26857	0.06355	0.03037	0.01427	0.00470	0.00867	0.35419	0.00976	0.00939
40	0.20528	0.02025	0.02339	0.01841	0.02624	0.02000	0.01520	0.11479	0.03008	0.37106	0.03283	0.02991	0.02143	0.01224	0.00963	0.00326	0.00918	0.00928	0.01114	0.01641
41	0.01971	0.00985	0.00985	0.00985	0.01232	0.00985	0.00739	0.02464	0.02217	0.03942	0.03449	0.03942	0.02710	0.01232	0.00739	0.00246	0.00493	0.00985	0.68712	0.00985
42	0.04084	0.04491	0.02904	0.02581	0.03172	0.48944	0.01960	0.04380	0.03001	0.11792	0.02064	0.02193	0.01574	0.01127	0.00972	0.00282	0.01736	0.00746	0.00674	0.01323
43	0.04744	0.01799	0.02454	0.01881	0.02699	0.01554	0.01554	0.05153	0.03026	0.56979	0.04171	0.03599	0.02617	0.01309	0.01063	0.00327	0.00900	0.01063	0.01309	0.01799
44	0.01997	0.01879	0.03171	0.60301	0.07282	0.02349	0.02936	0.02701	0.02114	0.02701	0.01879	0.02819	0.01409	0.01057	0.01057	0.00352	0.01409	0.00940	0.00470	0.01175
45	0.01479	0.01068	0.01398	0.01342	0.01576	0.00986	0.00996	0.01952	0.02913	0.04113	0.51585	0.12363	0.09731	0.02256	0.01255	0.00341	0.00508	0.02002	0.01149	0.00986
46	0.03916	0.01556	0.02015	0.01614	0.02261	0.01384	0.01311	0.04350	0.02785	0.41146	0.03956	0.03701	0.02645	0.01286	0.00966	0.00303	0.00778	0.01040	0.21430	0.01556
47	0.02615	0.02037	0.02235	0.01994	0.02552	0.02273	0.01552	0.04983	0.41702	0.08663	0.12765	0.04568	0.04291	0.01544	0.01103	0.00352	0.00786	0.01303	0.01109	0.01572
48	0.02154	0.01879	0.02384	0.13083	0.03442	0.01594	0.01583	0.02670	0.02177	0.03299	0.01879	0.02315	0.01535	0.00837	0.00837	0.00195	0.00906	0.00688	0.00596	0.55946
49	0.56126	0.02097	0.02045	0.06325	0.09845	0.02389	0.01561	0.03098	0.01905	0.04420	0.01572	0.01920	0.01237	0.00982	0.00737	0.00327	0.00920	0.00650	0.00623	0.01220
50	0.03429	0.02093	0.02415	0.02049	0.02730	0.02223	0.01628	0.05442	0.34935	0.24295	0.04253	0.03814	0.02997	0.01387	0.01071	0.00347	0.00861	0.01145	0.01164	0.01721
51	0.02727	0.02538	0.04247	0.08770	0.22338	0.02579	0.16539	0.13790	0.02963	0.04022	0.02850	0.03296	0.06061	0.01148	0.01123	0.00333	0.01337	0.01134	0.00675	0.01529
52	0.01393	0.00980	0.01265	0.01430	0.01509	0.00935	0.00968	0.01588	0.02032	0.02723	0.09373	0.41674	0.06485	0.16045	0.02221	0.00555	0.00722	0.06346	0.00922	0.00832
53	0.70310	0.02045	0.01554	0.01390	0.02045	0.02372	0.01145	0.03108	0.01799	0.04744	0.01472	0.01718	0.01145	0.00981	0.00654	0.00327	0.00818	0.00573	0.00654	0.01145
54	0.01288	0.00920	0.01227	0.01472	0.01534	0.00859	0.00981	0.01472	0.02024	0.02699	0.05828	0.62152	0.06993	0.03312	0.01350	0.00429	0.00613	0.03006	0.00981	0.00859
55	0.02192	0.01879	0.02192	0.01566	0.02506	0.01409	0.01253	0.02662	0.02192	0.03445	0.01879	0.02192	0.01566	0.00783	0.00783	0.00157	0.00783	0.00626	0.00626	0.69305
56	0.02121	0.05469	0.57364	0.03014	0.04576	0.02455	0.03906	0.03348	0.02232	0.03348	0.01897	0.02232	0.01339	0.01005	0.01005	0.00335	0.01563	0.00781	0.00446	0.01563
57	0.01288	0.00920	0.01227	0.01472	0.01534	0.00859	0.00981	0.01472	0.02024	0.02699	0.05828	0.62152	0.06993	0.03312	0.01350	0.00429	0.00613	0.03006	0.00981	0.00859
58	0.02660	0.02678	0.04823	0.03906	0.09597	0.02694	0.30669	0.07767	0.15993	0.03913	0.02711	0.03085	0.02043	0.01065	0.01169	0.00350	0.01440	0.01182	0.00713	0.01543
59	0.01288	0.00920	0.01227	0.01472	0.01534	0.00859	0.00981	0.01472	0.02024	0.02699	0.05828	0.62152	0.06993	0.03312	0.01350	0.00429	0.00613	0.03006	0.00981	0.00859
60	0.70310	0.02045	0.01554	0.01390	0.02045	0.02372	0.01145	0.03108	0.01799	0.04744	0.01472	0.01718	0.01145	0.00981	0.00654	0.00327	0.00818	0.00573	0.00654	0.01145
61	0.01343	0.01075	0.01200	0.01169	0.01485	0.00932	0.00877	0.01698	0.02630	0.03379	0.27717	0.09314	0.38484	0.02483	0.01249	0.00348	0.00522	0.02111	0.01051	0.00932
62	0.01259	0.01035	0.01109	0.01168	0.01454	0.00884	0.00846	0.01507	0.02317	0.02818	0.09535	0.22691	0.44061	0.02831	0.01274	0.00374	0.00554	0.02418	0.00982	0.00884
63	0.02192	0.01879	0.02192	0.01566	0.02506	0.01409	0.01253	0.02662	0.02192	0.03445	0.01879	0.02192	0.01566	0.00783	0.00783	0.00157	0.00783	0.00626	0.00626	0.69305
64	0.70310	0.02045	0.01554	0.01390	0.02045	0.02372	0.01145	0.03108	0.01799	0.04744	0.01472	0.01718	0.01145	0.00981	0.00654	0.00327	0.00818	0.00573	0.00654	0.01145
65	0.01538	0.01025	0.01153	0.01153	0.01153	0.01025	0.00641	0.01538	0.01538	0.02050	0.03331	0.06919	0.03844	0.62842	0.05382	0.01025	0.01025	0.01538	0.00641	0.00641
66	0.70310	0.02045	0.01554	0.01390	0.02045	0.02372	0.01145	0.03108	0.01799	0.04744	0.01472	0.01718	0.01145	0.00981	0.00654	0.00327	0.00818	0.00573	0.00654	0.01145
67	0.70310	0.02045	0.01554	0.01390	0.02045	0.02372	0.01145	0.03108	0.01799	0.04744	0.01472	0.01718	0.01145	0.00981	0.00654	0.00327	0.00818	0.00573	0.00654	0.01145
68	0.02630	0.02271	0.02391	0.02152	0.02749	0.02630	0.01674	0.05618	0.54336	0.04423	0.04303	0.03945	0.03228	0.01434	0.01076	0.00359	0.00837	0.01195	0.01076	0.01674
69	0.02496	0.02852	0.06239	0.04456	0.05526	0.02674	0.52406	0.03387	0.02496	0.03387	0.02139	0.02852	0.01604	0.00891	0.01248	0.00357	0.01783	0.01248	0.00535	0.01426
70	0.01997	0.01879	0.03171	0.60301	0.07282	0.02349	0.02936	0.02701	0.02114	0.02701	0.01879	0.02819	0.01409	0.01057	0.01057	0.00352	0.01409	0.00940	0.00470	0.01175
71	0.01288	0.00920	0.01227	0.01472	0.01534	0.00859	0.00981	0.01472	0.02024	0.02699	0.05828	0.62152	0.06993	0.03312	0.01350	0.00429	0.00613	0.03006	0.00981	0.00859
72	0.02192	0.01879	0.02192	0.01566	0.02506	0.01409	0.01253	0.02662	0.02192	0.03445	0.01879	0.02192	0.01566	0.00783	0.00783	0.00157	0.00783	0.00626	0.00626	0.69305
73	0.01997	0.01879	0.03171	0.60301	0.07282	0.02349	0.02936	0.02701	0.02114	0.02701	0.01879	0.02819	0.01409	0.01057	0.01057	0.00352	0.01409	0.00940	0.00470	0.01175
74	0.01801	0.01068	0.01427	0.01506	0.01703	0.00977	0.01063	0.02066	0.02317	0.10476	0.13500	0.45427	0.06859	0.02852	0.01294	0.00400	0.00635	0.02563	0.01056	0.01011
75	0.01477	0.01080	0.01387	0.01310	0.01568	0.00989	0.00983	0.01958	0.02948	0.04133	0.52205	0.08074	0.13526	0.02202	0.01247	0.00334	0.00502	0.01937	0.01150	0.00989
76	0.70310	0.02045	0.01554	0.01390	0.02045	0.02372	0.01145	0.03108	0.01799	0.04744	0.01472	0.01718	0.01145	0.00981	0.00654	0.00327	0.00818	0.00573	0.00654	0.01145
77	0.01288	0.00920	0.01227	0.01472	0.01534	0.00859	0.00981	0.01472	0.02024	0.02699	0.05828	0.62152	0.06993	0.03312	0.01350	0.00429	0.00613	0.03006	0.00981	0.00859
78	0.02712	0.03605	0.25474	0.03540	0.11780	0.02288	0.13861	0.03590	0.02443	0.12221	0.02337	0.02646	0.01673	0.01005	0.01058	0.00322	0.01401	0.00942	0.00632	0.06469
79	0.02618	0.02492	0.04135	0.06133	0.51843	0.02522	0.03116	0.03440	0.06681	0.03534	0.02179	0.02726	0.01803	0.00983	0.01049	0.00318	0.01222	0.00963	0.00569	0.01675
80	0.16024	0.02213	0.02525	0.01971	0.02769	0.02247	0.01627	0.19949	0.03430	0.31778	0.03177	0.02931	0.02098	0.01239	0.00990	0.00324	0.00969	0.00942	0.01114	0.01684
81	0.01896	0.01091	0.01400	0.01434	0.01676	0.00997	0.01031	0.02194	0.02357	0.11126	0.12645	0.36158	0.10116	0.02601	0.01225	0.00377	0.00622	0.02306	0.07716	0.01033
82	0.02335	0.04848	0.44804	0.03197	0.04622	0.02557	0.11490	0.07366	0.02497	0.03624	0.01988	0.02356	0.01419	0.01008	0.01048	0.00337	0.01565	0.00870	0.00510	0.01560
83	0.01704	0.01217	0.01704	0.01947	0.02191	0.01217	0.01704	0.02191	0.02434	0.03164	0.05598	0.11926	0.06085	0.02921	0.01460	0.00487	0.00974	0.49130	0.00974	0.00974
84	0.01632	0.01194	0.01604	0.01808	0.02070	0.01166	0.01561	0.02084	0.02430	0.03115	0.06408	0.11649	0.13967	0.02882	0.01427	0.00466	0.00904	0.41697	0.00975	0.00961
85	0.01288	0.00920	0.01227	0.01472	0.01534	0.00859	0.00981	0.01472	0.02024	0.02699	0.05828	0.62152	0.06993	0.03312	0.01350	0.00429	0.00613	0.03006	0.00981	0.00859
86	0.02613	0.02396	0.03300	0.03593	0.18019	0.02601	0.07073	0.04735	0.34710	0.04050	0.03443	0.03466	0.02634	0.01243	0.01084	0.00346	0.01047	0.01129	0.00868	0.01650
87	0.04019	0.02962	0.03173	0.02433	0.03279	0.03279	0.02010	0.52721	0.04971	0.06663	0.02538	0.02538	0.01798	0.01269	0.01058	0.00317	0.01163	0.00952	0.01058	0.01798
88	0.02994	0.02360	0.03720	0.04609	0.31662	0.02376	0.06424	0.04088	0.13188	0.13316	0.02870	0.03085	0.02158	0.01105	0.01071	0.00329	0.01146	0.01040	0.00780	0.01678
89	0.02447	0.02385	0.07726	0.01832	0.02819	0.01780	0.01621	0.09908	0.02595	0.03897	0.01976	0.02246	0.01577	0.00874	0.00844	0.00197	0.00914	0.00688	0.00671	0.53003
90	0.01267	0.01072	0.01096	0.01090	0.01439	0.00900	0.00817	0.01552	0.02452	0.02956	0.13952	0.10011	0.52514	0.02641	0.01249	0.00355	0.00533	0.02208	0.00995	0.00900
91	0.02728	0.02697	0.03999	0.05756	0.46657	0.07140	0.02992	0.03557	0.07532	0.03478	0.02186	0.02688	0.01801	0.01002	0.01042	0.00315	0.01269	0.00945	0.00579	0.01638
92	0.03757	0.25364	0.03756	0.01977	0.02767	0.02851	0.01754	0.08846	0.02774	0.27162	0.02771	0.02673	0.01964	0.01193	0.01103	0.00298	0.05660	0.00853	0.00894	0.01581
93	0.02536	0.04147	0.36703	0.07141	0.08585	0.02238	0.03228	0.03498	0.02349	0.11044	0.02230	0.02500	0.01575	0.01029	0.01002	0.00319	0.01367	0.00834	0.00593	0.07083
94	0.09609	0.03851	0.31981	0.02820	0.08049	0.02197	0.02915	0.03826	0.02429	0.18659	0.02506	0.02600	0.01709	0.01083	0.00990	0.00330	0.01277	0.00854	0.00717	0.01598
95	0.15245	0.01848	0.02376	0.07545	0.03042	0.01767	0.01623	0.04576	0.02735	0.43060	0.03502	0.03213	0.02257	0.01230	0.00995	0.00330	0.00936	0.00970	0.01119	0.01630
96	0.02043	0.01595	0.07108	0.05930	0.02456	0.01248	0.01513	0.02408	0.02232	0.12536	0.04859	0.41448	0.05247	0.02562	0.01243	0.00396	0.00816	0.02289	0.00951	0.01120
97	0.09282	0.02680	0.07792	0.10511	0.34181	0.02553	0.06763	0.07217	0.02522	0.03755	0.01977	0.02532	0.01577	0.00984	0.01023	0.00324	0.01283	0.00918	0.00570	0.01556
98	0.01358	0.01014	0.01418	0.07257	0.02099	0.01005	0.01174	0.01593	0.02033	0.02699	0.05439	0.56317	0.06444	0.03091	0.01321	0.00422	0.00692	0.02803	0.00931	0.00890
99	0.70310	0.02045	0.01554	0.01390	0.02045	0.02372	0.01145	0.03108	0.01799	0.04744	0.01472	0.01718	0.01145	0.00981	0.00654	0.00327	0.00818	0.00573	0.00654	0.01145
100	0.01284	0.00935	0.01212	0.01433	0.01523	0.00862	0.00964	0.01477	0.02062	0.02715	0.06308	0.57041	0.11794	0.03250	0.01340	0.00422	0.00606	0.02930	0.00982	0.00862
101	0.01999	0.01246	0.01619	0.01441	0.01822	0.01104	0.01099	0.02457	0.02840	0.11356	0.39196	0.11149	0.07886	0.02001	0.01184	0.00322	0.00592	0.01757	0.01116	0.07815
102	0.02961	0.52933	0.09240	0.01909	0.02856	0.03792	0.01946	0.03375	0.02241	0.07912	0.01769	0.01925	0.01479	0.00952	0.00741	0.00244	0.01141	0.00631	0.00536	0.01416
103	0.08900	0.02528	0.12094	0.02826	0.10717	0.01918	0.05504	0.03925	0.02568	0.26984	0.03277	0.08779	0.02507	0.01347	0.01058	0.00339	0.01087	0.01161	0.00912	0.01570
104	0.01401	0.01049	0.01265	0.01261	0.01489	0.00951	0.00906	0.01741	0.02547	0.03415	0.30751	0.16252	0.21796	0.08439	0.01669	0.00421	0.00577	0.02122	0.01035	0.00913
105	0.02457	0.01361	0.01878	0.07284	0.02455	0.01287	0.01344	0.02951	0.02916	0.18898	0.35931	0.06191	0.07067	0.01813	0.01177	0.00333	0.00701	0.01578	0.01136	0.01240
106	0.02255	0.10976	0.07947	0.01685	0.02613	0.01868	0.01541	0.02782	0.02192	0.03347	0.01977	0.02297	0.01626	0.00866	0.00785	0.00193	0.00881	0.00668	0.07279	0.46222
107	0.02772	0.08025	0.02868	0.05918	0.07346	0.01997	0.01681	0.06984	0.02532	0.10973	0.02217	0.02441	0.01708	0.00936	0.00872	0.00225	0.00942	0.00753	0.00719	0.38091

[dist]
# distance from previous block
# <min> <max>
2	9

[block]
# block no. 2 follows, 13 sequences, length 16
# corresponding to MSA columns:
# 389-404
name=unknown_C
#
# <colnr> <probs for GDERKNQSTAVLIFYWHMCP>
#	G	D	E	R	K	N	Q	S	T	A	V	L	I	F	Y	W	H	M	C	P
0	0.01779	0.01228	0.01544	0.01484	0.01839	0.01051	0.01076	0.02078	0.02254	0.07310	0.09568	0.35675	0.09174	0.02444	0.01185	0.00347	0.00658	0.02170	0.00944	0.16191
1	0.01474	0.01109	0.01442	0.01503	0.01697	0.01117	0.01093	0.01972	0.05725	0.03140	0.17344	0.28252	0.10364	0.03890	0.14060	0.00679	0.01089	0.02145	0.00939	0.00968
2	0.03374	0.02841	0.11045	0.02488	0.03240	0.06720	0.05520	0.06076	0.02582	0.22676	0.02630	0.02771	0.01870	0.01297	0.01573	0.00343	0.14503	0.00935	0.00817	0.06700
3	0.03438	0.02367	0.06600	0.02617	0.09495	0.02175	0.01973	0.15007	0.09438	0.21866	0.10375	0.03767	0.03297	0.01363	0.01082	0.00328	0.00988	0.01134	0.01046	0.01643
4	0.04176	0.01817	0.02396	0.01811	0.02656	0.01522	0.01487	0.04598	0.02841	0.45057	0.03661	0.03286	0.02383	0.01192	0.01001	0.00289	0.00874	0.00966	0.01157	0.16833
5	0.02239	0.01823	0.02558	0.14614	0.13260	0.01971	0.01985	0.09595	0.06780	0.03760	0.07939	0.16582	0.03760	0.01709	0.01113	0.00348	0.00971	0.01512	0.06187	0.01293
6	0.02785	0.02442	0.07600	0.14298	0.14428	0.02165	0.06349	0.07407	0.02600	0.11475	0.02316	0.02688	0.01717	0.01011	0.01006	0.00294	0.01186	0.00902	0.00691	0.16639
7	0.01397	0.00973	0.01323	0.01483	0.01585	0.00935	0.01037	0.01606	0.02111	0.02863	0.12643	0.42940	0.06665	0.03505	0.05924	0.05796	0.00805	0.04611	0.00936	0.00860
8	0.04176	0.01817	0.02396	0.01811	0.02656	0.01522	0.01487	0.04598	0.02841	0.45057	0.03661	0.03286	0.02383	0.01192	0.01001	0.00289	0.00874	0.00966	0.01157	0.16833
9	0.02137	0.01803	0.02562	0.03144	0.19265	0.01703	0.01821	0.06239	0.02381	0.03371	0.03327	0.22010	0.03507	0.05369	0.01344	0.00359	0.00922	0.01575	0.00742	0.16420
10	0.02643	0.30499	0.07925	0.06976	0.02956	0.02927	0.01807	0.06841	0.02302	0.06682	0.02230	0.03202	0.02039	0.14776	0.01842	0.00438	0.01151	0.00898	0.00604	0.01263
11	0.01295	0.01041	0.01162	0.01248	0.01515	0.00908	0.00921	0.01556	0.02306	0.02837	0.08979	0.24592	0.38608	0.02871	0.01293	0.00387	0.00590	0.06022	0.00981	0.00889
12	0.04203	0.01914	0.02628	0.02080	0.02716	0.01929	0.01723	0.04572	0.02713	0.44857	0.03551	0.03312	0.02343	0.01429	0.01599	0.00357	0.14263	0.01033	0.01120	0.01656
13	0.03673	0.08250	0.13052	0.02439	0.03389	0.07853	0.02278	0.29094	0.03812	0.12218	0.02480	0.02505	0.01753	0.01182	0.01009	0.00311	0.01263	0.00882	0.00888	0.01670
14	0.45016	0.01863	0.01882	0.02156	0.09877	0.02056	0.01416	0.02764	0.01939	0.04099	0.02518	0.15308	0.02525	0.01495	0.00867	0.00348	0.00837	0.01169	0.00708	0.01159
15	0.02662	0.02571	0.08034	0.18601	0.11790	0.02700	0.02619	0.10670	0.06541	0.06386	0.02192	0.02711	0.01697	0.01287	0.01590	0.00364	0.14543	0.00951	0.00652	0.01440

[dist]
# distance from previous block
# <min> <max>
0	17

[block]
# block no. 3 follows, 13 sequences, length 31
# corresponding to MSA columns:
# 422-452
name=unknown_D
#
# <colnr> <probs for GDERKNQSTAVLIFYWHMCP>
#	G	D	E	R	K	N	Q	S	T	A	V	L	I	F	Y	W	H	M	C	P
0	0.22513	0.02518	0.08026	0.08114	0.19911	0.02349	0.02329	0.06583	0.02450	0.12432	0.02202	0.02488	0.01625	0.01047	0.00933	0.00325	0.01108	0.00840	0.00708	0.01498
1	0.02351	0.04261	0.36189	0.02997	0.04236	0.02473	0.10008	0.07813	0.07154	0.03726	0.02501	0.03282	0.01968	0.01206	0.01086	0.00351	0.01445	0.04815	0.00611	0.01527
2	0.04268	0.01906	0.02440	0.01942	0.02710	0.01796	0.01581	0.05258	0.14579	0.45145	0.04201	0.03677	0.02755	0.01337	0.01066	0.00334	0.00886	0.01093	0.01256	0.01771
3	0.01756	0.01800	0.07188	0.02719	0.10913	0.01485	0.06266	0.02236	0.02292	0.03145	0.09192	0.30206	0.05329	0.02357	0.01268	0.00395	0.00941	0.08544	0.00838	0.01129
4	0.23086	0.01906	0.02359	0.02458	0.10902	0.01890	0.01706	0.03687	0.02436	0.22471	0.03107	0.03997	0.02470	0.01354	0.00981	0.00338	0.00936	0.07720	0.00906	0.05289
5	0.01457	0.01176	0.01316	0.01318	0.01645	0.01084	0.01009	0.02009	0.06760	0.03281	0.18408	0.12519	0.34719	0.02534	0.01261	0.00369	0.00599	0.06529	0.01025	0.00983
6	0.01400	0.00984	0.01276	0.01467	0.01539	0.00945	0.01005	0.01585	0.01973	0.02619	0.05244	0.43053	0.06172	0.16426	0.02257	0.00569	0.00754	0.09001	0.00905	0.00826
7	0.03358	0.10503	0.14629	0.03192	0.12858	0.02355	0.07812	0.04014	0.02590	0.24134	0.02771	0.02831	0.01927	0.01087	0.01020	0.00317	0.01220	0.00942	0.00806	0.01634
8	0.07225	0.01930	0.11258	0.01639	0.02053	0.01405	0.01469	0.02165	0.02106	0.03107	0.14432	0.06505	0.04777	0.26376	0.02847	0.00631	0.00984	0.07367	0.00761	0.00963
9	0.04744	0.01799	0.02454	0.01881	0.02699	0.01554	0.01554	0.05153	0.03026	0.56979	0.04171	0.03599	0.02617	0.01309	0.01063	0.00327	0.00900	0.01063	0.01309	0.01799
10	0.08318	0.02541	0.10558	0.37070	0.10687	0.02463	0.02857	0.07286	0.02382	0.03391	0.01914	0.02597	0.01436	0.01051	0.01013	0.00341	0.01342	0.00887	0.00540	0.01327
11	0.12476	0.02096	0.03115	0.12154	0.13075	0.02137	0.06820	0.06315	0.02620	0.20680	0.02865	0.03441	0.02137	0.01219	0.01045	0.00341	0.01134	0.03988	0.00840	0.01502
12	0.07895	0.03225	0.17421	0.04263	0.20685	0.02441	0.16369	0.03477	0.02399	0.08531	0.02172	0.02609	0.01621	0.00981	0.01062	0.00333	0.01406	0.00968	0.00591	0.01551
13	0.04253	0.01909	0.02439	0.01944	0.02711	0.01804	0.01582	0.05261	0.14947	0.44768	0.04202	0.03679	0.02759	0.01338	0.01066	0.00334	0.00885	0.01094	0.01255	0.01770
14	0.07060	0.02348	0.03580	0.09028	0.28529	0.02422	0.05362	0.06962	0.08690	0.11645	0.02584	0.02887	0.01945	0.01084	0.01042	0.00328	0.01164	0.00985	0.00742	0.01614
15	0.02349	0.02248	0.03762	0.27088	0.32454	0.02513	0.03042	0.02971	0.02223	0.03081	0.01893	0.02668	0.01546	0.01067	0.01266	0.00342	0.06614	0.00940	0.00497	0.01434
16	0.01793	0.01593	0.02531	0.26000	0.07551	0.01724	0.04697	0.02374	0.02488	0.03323	0.21152	0.05519	0.11764	0.01633	0.01157	0.00344	0.00995	0.01460	0.00780	0.01122
17	0.03708	0.02222	0.03817	0.03541	0.15094	0.02048	0.14853	0.04288	0.02756	0.31681	0.03179	0.03195	0.02154	0.01123	0.01107	0.00332	0.01202	0.01084	0.00941	0.01677
18	0.02844	0.02144	0.02968	0.21407	0.08404	0.02300	0.02217	0.11910	0.02743	0.11035	0.02279	0.02693	0.01694	0.01129	0.01198	0.00309	0.05979	0.00895	0.00724	0.15128
19	0.14974	0.02134	0.01987	0.01846	0.02153	0.11724	0.01422	0.02603	0.02391	0.03523	0.19200	0.13357	0.04922	0.01882	0.01464	0.00358	0.10720	0.01455	0.00815	0.01070
20	0.01428	0.01020	0.01387	0.01631	0.01754	0.00979	0.01224	0.01713	0.02162	0.02855	0.05751	0.45312	0.06689	0.03181	0.01387	0.00449	0.00734	0.18471	0.00979	0.00897
21	0.02459	0.02014	0.02613	0.06293	0.11277	0.01877	0.01797	0.03452	0.12336	0.06811	0.02699	0.03238	0.02196	0.01096	0.00951	0.00261	0.00925	0.03402	0.00746	0.33555
22	0.02313	0.02313	0.03238	0.02776	0.02776	0.03238	0.02313	0.02545	0.01619	0.02545	0.01388	0.02313	0.01388	0.01851	0.03470	0.00463	0.60907	0.00925	0.00463	0.01157
23	0.02419	0.01727	0.02090	0.01567	0.02368	0.01356	0.01249	0.02885	0.02448	0.10921	0.11716	0.03395	0.03198	0.01099	0.00904	0.00211	0.00749	0.00914	0.00815	0.47968
24	0.02643	0.01846	0.02974	0.02429	0.02985	0.01786	0.13739	0.09657	0.02699	0.12981	0.03849	0.20591	0.03713	0.02090	0.01468	0.05958	0.01075	0.05351	0.00899	0.01268
25	0.01319	0.00949	0.01292	0.01503	0.01582	0.00922	0.01028	0.01529	0.01980	0.02666	0.05417	0.54205	0.06397	0.03945	0.09201	0.00603	0.00917	0.02749	0.00925	0.00870
26	0.02173	0.01074	0.01173	0.01149	0.01442	0.01054	0.00896	0.02658	0.02304	0.08214	0.03710	0.04663	0.03019	0.01397	0.00833	0.00276	0.00571	0.05508	0.56834	0.01051
27	0.01347	0.00996	0.01259	0.01359	0.01530	0.00908	0.00956	0.01644	0.02394	0.03210	0.22319	0.36223	0.16284	0.02842	0.01300	0.00387	0.00564	0.02530	0.01039	0.00908
28	0.02803	0.51746	0.12476	0.02033	0.03005	0.07470	0.02112	0.03259	0.02215	0.02612	0.01539	0.01783	0.01355	0.00930	0.00741	0.00244	0.01240	0.00602	0.00457	0.01377
29	0.04744	0.01799	0.02454	0.01881	0.02699	0.01554	0.01554	0.05153	0.03026	0.56979	0.04171	0.03599	0.02617	0.01309	0.01063	0.00327	0.00900	0.01063	0.01309	0.01799
30	0.01650	0.01135	0.01342	0.01257	0.01602	0.00995	0.00954	0.02036	0.02729	0.07929	0.30918	0.08586	0.30317	0.02327	0.01233	0.00343	0.00548	0.01988	0.01093	0.01015

[dist]
# distance from previous block
# <min> <max>
0	28

[block]
# block no. 4 follows, 13 sequences, length 32
# corresponding to MSA columns:
# 481-512
name=unknown_E
#
# <colnr> <probs for GDERKNQSTAVLIFYWHMCP>
#	G	D	E	R	K	N	Q	S	T	A	V	L	I	F	Y	W	H	M	C	P
0	0.01538	0.01025	0.01153	0.01153	0.01153	0.01025	0.00641	0.01538	0.01538	0.02050	0.03331	0.06919	0.03844	0.62842	0.05382	0.01025	0.01025	0.01538	0.00641	0.00641
1	0.08439	0.02445	0.03395	0.03573	0.19031	0.06045	0.06949	0.08000	0.02856	0.24408	0.02829	0.02900	0.01983	0.01118	0.01039	0.00321	0.01175	0.00975	0.00881	0.01641
2	0.03194	0.02529	0.07455	0.04753	0.33154	0.02242	0.06719	0.03819	0.02583	0.19032	0.02630	0.02896	0.01921	0.01049	0.01065	0.00323	0.01215	0.00991	0.00748	0.01684
3	0.04744	0.01799	0.02454	0.01881	0.02699	0.01554	0.01554	0.05153	0.03026	0.56979	0.04171	0.03599	0.02617	0.01309	0.01063	0.00327	0.00900	0.01063	0.01309	0.01799
4	0.03392	0.01500	0.02021	0.01652	0.02233	0.01322	0.01322	0.03838	0.03012	0.35020	0.25621	0.05389	0.05681	0.01664	0.01140	0.00329	0.00733	0.01417	0.01248	0.01466
5	0.04153	0.02490	0.03014	0.02616	0.08115	0.02570	0.01959	0.30466	0.04010	0.24908	0.03088	0.02937	0.02088	0.01253	0.01059	0.00321	0.01075	0.00992	0.01099	0.01787
6	0.02425	0.01770	0.02037	0.01872	0.02260	0.01866	0.01410	0.22811	0.03251	0.04350	0.04458	0.37331	0.04830	0.02462	0.01228	0.00383	0.00842	0.02151	0.01013	0.01250
7	0.02665	0.27588	0.03693	0.06466	0.02997	0.02657	0.01648	0.03094	0.02241	0.07682	0.01909	0.02159	0.01558	0.00902	0.00786	0.00216	0.00989	0.00665	0.00601	0.29482
8	0.03674	0.02038	0.02422	0.02018	0.02725	0.02099	0.01615	0.05388	0.29000	0.30375	0.04238	0.03774	0.02926	0.01372	0.01070	0.00343	0.00868	0.01130	0.01191	0.01736
9	0.02857	0.01962	0.02664	0.02252	0.02496	0.02441	0.01859	0.03176	0.02068	0.16248	0.02425	0.02906	0.01915	0.01612	0.02413	0.00393	0.35853	0.00970	0.12203	0.01287
10	0.08623	0.02471	0.04049	0.06037	0.51437	0.02500	0.03059	0.03233	0.02354	0.03569	0.01943	0.02537	0.01628	0.00946	0.01012	0.00315	0.01217	0.00909	0.00535	0.01628
11	0.32044	0.01902	0.02079	0.01677	0.02427	0.01895	0.01384	0.04301	0.02515	0.35230	0.03047	0.02815	0.02004	0.01172	0.00893	0.00327	0.00866	0.00859	0.01036	0.01527
12	0.01288	0.00920	0.01227	0.01472	0.01534	0.00859	0.00981	0.01472	0.02024	0.02699	0.05828	0.62152	0.06993	0.03312	0.01350	0.00429	0.00613	0.03006	0.00981	0.00859
13	0.01496	0.01081	0.01413	0.01330	0.01580	0.00998	0.00998	0.01995	0.02993	0.04240	0.55689	0.07898	0.09976	0.02162	0.01247	0.00333	0.00499	0.01912	0.01164	0.00998
14	0.02313	0.02313	0.03238	0.02776	0.02776	0.03238	0.02313	0.02545	0.01619	0.02545	0.01388	0.02313	0.01388	0.01851	0.03470	0.00463	0.60907	0.00925	0.00463	0.01157
15	0.01391	0.01053	0.01136	0.01128	0.01327	0.00957	0.00753	0.01568	0.02098	0.02643	0.11629	0.08617	0.30110	0.27682	0.02970	0.00633	0.00736	0.01914	0.00856	0.00797
16	0.01538	0.01025	0.01153	0.01153	0.01153	0.01025	0.00641	0.01538	0.01538	0.02050	0.03331	0.06919	0.03844	0.62842	0.05382	0.01025	0.01025	0.01538	0.00641	0.00641
17	0.01538	0.01025	0.01153	0.01153	0.01153	0.01025	0.00641	0.01538	0.01538	0.02050	0.03331	0.06919	0.03844	0.62842	0.05382	0.01025	0.01025	0.01538	0.00641	0.00641
18	0.04744	0.01799	0.02454	0.01881	0.02699	0.01554	0.01554	0.05153	0.03026	0.56979	0.04171	0.03599	0.02617	0.01309	0.01063	0.00327	0.00900	0.01063	0.01309	0.01799
19	0.02898	0.02881	0.05429	0.03921	0.04932	0.02834	0.39087	0.16426	0.03150	0.04253	0.02245	0.02769	0.01656	0.00991	0.01198	0.00346	0.01619	0.01170	0.00673	0.01524
