[name]
unknown

[dist]
# distance from previous block
# <min> <max>
0	11

[block]
# block no. 0 follows, 13 sequences, length 36
# corresponding to MSA columns:
# 11-46
name=unknown_A
#
# <colnr> <probs for GDERKNQSTAVLIFYWHMCP>
#	G	D	E	R	K	N	Q	S	T	A	V	L	I	F	Y	W	H	M	C	P
0	0.04339	0.01722	0.02354	0.01890	0.02631	0.01509	0.01574	0.04758	0.02947	0.49813	0.04361	0.04708	0.03079	0.01523	0.01116	0.00348	0.00910	0.07463	0.01264	0.01689
1	0.02386	0.02391	0.03194	0.15252	0.26923	0.09584	0.02481	0.02925	0.02500	0.03221	0.09394	0.04043	0.08614	0.01325	0.01083	0.00323	0.01201	0.01168	0.00644	0.01348
2	0.70310	0.02045	0.01554	0.01390	0.02045	0.02372	0.01145	0.03108	0.01799	0.04744	0.01472	0.01718	0.01145	0.00981	0.00654	0.00327	0.00818	0.00573	0.00654	0.01145
3	0.36123	0.02152	0.02485	0.08400	0.07507	0.02652	0.01878	0.02902	0.01829	0.03733	0.01533	0.02096	0.01294	0.01257	0.01609	0.00371	0.19666	0.00753	0.00564	0.01198
4	0.02215	0.13193	0.50463	0.02853	0.04328	0.02686	0.03627	0.03324	0.02221	0.03234	0.01841	0.02161	0.01342	0.00991	0.00961	0.00320	0.01505	0.00753	0.00447	0.01535
5	0.02251	0.12591	0.40143	0.02808	0.03985	0.02835	0.03323	0.03171	0.02104	0.03081	0.01743	0.02176	0.01351	0.01153	0.01431	0.00345	0.12820	0.00780	0.00450	0.01458
6	0.02496	0.02852	0.06239	0.04456	0.05526	0.02674	0.52406	0.03387	0.02496	0.03387	0.02139	0.02852	0.01604	0.00891	0.01248	0.00357	0.01783	0.01248	0.00535	0.01426
7	0.70310	0.02045	0.01554	0.01390	0.02045	0.02372	0.01145	0.03108	0.01799	0.04744	0.01472	0.01718	0.01145	0.00981	0.00654	0.00327	0.00818	0.00573	0.00654	0.01145
8	0.70310	0.02045	0.01554	0.01390	0.02045	0.02372	0.01145	0.03108	0.01799	0.04744	0.01472	0.01718	0.01145	0.00981	0.00654	0.00327	0.00818	0.00573	0.00654	0.01145
9	0.03142	0.01464	0.02009	0.01852	0.02353	0.01335	0.01534	0.03550	0.02670	0.29539	0.04928	0.14523	0.04502	0.02181	0.01251	0.00401	0.00889	0.19375	0.01139	0.01364
10	0.01997	0.01879	0.03171	0.60301	0.07282	0.02349	0.02936	0.02701	0.02114	0.02701	0.01879	0.02819	0.01409	0.01057	0.01057	0.00352	0.01409	0.00940	0.00470	0.01175
11	0.01416	0.01056	0.01289	0.01353	0.01590	0.00958	0.01019	0.01705	0.02404	0.03115	0.18538	0.19381	0.25535	0.02783	0.01485	0.04827	0.00630	0.09036	0.00988	0.00893
12	0.01536	0.01033	0.01195	0.01195	0.01209	0.01048	0.00692	0.01564	0.01550	0.02081	0.03293	0.06709	0.03753	0.58673	0.09426	0.01076	0.01162	0.01507	0.00635	0.00664
13	0.26139	0.02093	0.02697	0.03085	0.18378	0.02113	0.01919	0.03899	0.02430	0.23538	0.02617	0.02675	0.01843	0.01090	0.00921	0.00323	0.00978	0.00862	0.00856	0.01543
14	0.02458	0.01871	0.02220	0.01599	0.02526	0.01425	0.01284	0.02922	0.02279	0.09022	0.02118	0.02339	0.01676	0.00838	0.00812	0.00174	0.00795	0.00672	0.00697	0.62273
15	0.04019	0.02962	0.03173	0.02433	0.03279	0.03279	0.02010	0.52721	0.04971	0.06663	0.02538	0.02538	0.01798	0.01269	0.01058	0.00317	0.01163	0.00952	0.01058	0.01798
16	0.02580	0.01958	0.03303	0.07459	0.11755	0.01947	0.12252	0.03144	0.02600	0.13666	0.15427	0.04561	0.07221	0.01472	0.01328	0.00346	0.05438	0.01335	0.00845	0.01364
17	0.02677	0.02338	0.04370	0.04409	0.21667	0.02241	0.21279	0.03354	0.02520	0.09862	0.02911	0.04376	0.02498	0.01297	0.01193	0.00360	0.01364	0.09106	0.00698	0.01479
18	0.02146	0.02075	0.03475	0.21763	0.04662	0.02426	0.12362	0.02888	0.05537	0.03064	0.05875	0.04115	0.02632	0.01509	0.01713	0.00393	0.15130	0.06394	0.00621	0.01219
19	0.04019	0.02962	0.03173	0.02433	0.03279	0.03279	0.02010	0.52721	0.04971	0.06663	0.02538	0.02538	0.01798	0.01269	0.01058	0.00317	0.01163	0.00952	0.01058	0.01798
20	0.03115	0.02030	0.03069	0.03769	0.25356	0.01959	0.02190	0.06769	0.02881	0.19919	0.13833	0.04004	0.03690	0.01327	0.01094	0.00322	0.00986	0.01181	0.00927	0.01580
21	0.02050	0.01833	0.02984	0.04348	0.32897	0.01807	0.02279	0.02488	0.02244	0.03132	0.03627	0.28024	0.03944	0.01954	0.01176	0.00363	0.00982	0.01823	0.00719	0.01327
22	0.03310	0.38345	0.04446	0.02203	0.02952	0.27585	0.01910	0.03620	0.02513	0.02531	0.01541	0.01787	0.01359	0.00984	0.00797	0.00246	0.01464	0.00615	0.00492	0.01300
23	0.02868	0.10570	0.02945	0.02060	0.02640	0.01824	0.08147	0.03247	0.02452	0.21540	0.04130	0.25215	0.03943	0.01947	0.01139	0.00355	0.00943	0.01745	0.00958	0.01332
24	0.02803	0.02241	0.02238	0.01794	0.02532	0.10481	0.01396	0.03192	0.02445	0.12657	0.02770	0.10379	0.02442	0.01261	0.00935	0.00241	0.00960	0.01029	0.00781	0.37422
25	0.47843	0.02039	0.01910	0.01595	0.02307	0.02208	0.01316	0.07006	0.02350	0.19220	0.02285	0.02289	0.01593	0.01091	0.00794	0.00326	0.00864	0.00733	0.00861	0.01369
26	0.02160	0.02117	0.03531	0.02856	0.03173	0.02477	0.15781	0.02553	0.01920	0.02739	0.02348	0.04213	0.02343	0.13312	0.03038	0.00543	0.27709	0.05509	0.00563	0.01116
27	0.02221	0.01840	0.02054	0.01987	0.02423	0.02059	0.01543	0.04263	0.35860	0.03886	0.04807	0.16567	0.04417	0.02038	0.01191	0.00393	0.00815	0.09192	0.01041	0.01403
28	0.02458	0.02254	0.03194	0.07704	0.22919	0.02530	0.02381	0.03866	0.20731	0.03683	0.06605	0.03443	0.02769	0.01333	0.01395	0.00354	0.09006	0.01100	0.00754	0.01523
29	0.01381	0.00987	0.01334	0.01579	0.01681	0.00939	0.01143	0.01633	0.02116	0.02803	0.05776	0.50903	0.06790	0.03225	0.01374	0.00442	0.00694	0.13336	0.00980	0.00885
30	0.02617	0.02512	0.04292	0.06490	0.56246	0.02512	0.03245	0.03245	0.02407	0.03454	0.01989	0.02617	0.01675	0.00942	0.01047	0.00314	0.01256	0.00942	0.00523	0.01675
31	0.01971	0.01543	0.01691	0.01622	0.01885	0.01688	0.01127	0.03270	0.24135	0.03149	0.04079	0.13004	0.04000	0.28710	0.03007	0.00661	0.00890	0.01587	0.00872	0.01110
32	0.01997	0.01879	0.03171	0.60301	0.07282	0.02349	0.02936	0.02701	0.02114	0.02701	0.01879	0.02819	0.01409	0.01057	0.01057	0.00352	0.01409	0.00940	0.00470	0.01175
33	0.02569	0.09061	0.04950	0.03462	0.04253	0.06761	0.30783	0.03332	0.06101	0.03097	0.02098	0.02729	0.01682	0.01282	0.01609	0.06601	0.06690	0.01074	0.00553	0.01311
34	0.02742	0.26402	0.19802	0.02594	0.08104	0.02954	0.02475	0.03535	0.05277	0.08686	0.02116	0.02301	0.01635	0.01000	0.00878	0.00279	0.01201	0.00755	0.00595	0.06669
35	0.51236	0.02043	0.01720	0.01516	0.02151	0.02320	0.01232	0.07462	0.06908	0.04684	0.02784	0.02872	0.07086	0.01224	0.00789	0.00332	0.00820	0.00835	0.00762	0.01223

[dist]
# distance from previous block
# <min> <max>
0	2

[block]
# block no. 1 follows, 13 sequences, length 8
# corresponding to MSA columns:
# 49-56
name=unknown_B
#
# <colnr> <probs for GDERKNQSTAVLIFYWHMCP>
#	G	D	E	R	K	N	Q	S	T	A	V	L	I	F	Y	W	H	M	C	P
0	0.02469	0.08632	0.13837	0.04005	0.05134	0.02775	0.40642	0.03361	0.02425	0.03301	0.02043	0.02656	0.01543	0.00909	0.01161	0.00342	0.01692	0.01117	0.00514	0.01440
1	0.18111	0.03227	0.11003	0.02378	0.03259	0.10370	0.05432	0.16480	0.03104	0.13398	0.02332	0.02425	0.01651	0.01123	0.00961	0.00320	0.01250	0.00845	0.00814	0.01516
2	0.07553	0.02930	0.11115	0.03049	0.12501	0.02671	0.02330	0.17032	0.17861	0.07871	0.02877	0.02917	0.02121	0.01202	0.01026	0.00332	0.01107	0.00976	0.00866	0.01662
3	0.02878	0.01967	0.07823	0.01867	0.02515	0.01569	0.01670	0.03688	0.08896	0.22984	0.12228	0.06146	0.10547	0.01819	0.01167	0.00360	0.00873	0.08513	0.01080	0.01413
4	0.09324	0.21618	0.18232	0.02738	0.09686	0.02986	0.02478	0.09324	0.02591	0.08854	0.02037	0.02238	0.01546	0.01026	0.00890	0.00296	0.01213	0.00764	0.00634	0.01526
5	0.02918	0.13134	0.33012	0.02572	0.03813	0.02695	0.02945	0.11000	0.02754	0.12057	0.02284	0.02411	0.01609	0.01077	0.00973	0.00315	0.01336	0.00819	0.00673	0.01604
6	0.01393	0.01063	0.01434	0.07128	0.02090	0.01035	0.01154	0.01699	0.02268	0.03019	0.15755	0.39584	0.12856	0.02792	0.01289	0.00394	0.00659	0.02499	0.00967	0.00921
7	0.02261	0.01970	0.07695	0.22701	0.04158	0.01823	0.02144	0.05505	0.02365	0.09456	0.03392	0.13554	0.03232	0.07512	0.01556	0.00438	0.01137	0.07145	0.00757	0.01198

[dist]
# distance from previous block
# <min> <max>
0	12

[block]
# block no. 2 follows, 13 sequences, length 21
# corresponding to MSA columns:
# 69-89
name=unknown_C
#
# <colnr> <probs for GDERKNQSTAVLIFYWHMCP>
#	G	D	E	R	K	N	Q	S	T	A	V	L	I	F	Y	W	H	M	C	P
0	0.03091	0.02037	0.06394	0.09902	0.08733	0.01785	0.05333	0.03664	0.02641	0.24302	0.06186	0.05174	0.03289	0.01564	0.01159	0.00364	0.01095	0.10882	0.00943	0.01461
1	0.07025	0.10208	0.08961	0.21179	0.19505	0.02671	0.02710	0.03345	0.08251	0.03292	0.02114	0.02618	0.01664	0.01039	0.00976	0.00323	0.01239	0.00882	0.00563	0.01434
2	0.02734	0.50625	0.10314	0.01968	0.02903	0.03832	0.02001	0.03469	0.08211	0.02797	0.01841	0.02010	0.01572	0.00976	0.00757	0.00252	0.01139	0.00660	0.00524	0.01414
3	0.01436	0.01015	0.01347	0.01558	0.01660	0.00979	0.01131	0.01677	0.02069	0.02737	0.05422	0.40889	0.06313	0.11378	0.01933	0.00527	0.00768	0.15367	0.00933	0.00860
4	0.02041	0.01924	0.03251	0.56469	0.10769	0.02361	0.02958	0.02740	0.02135	0.02755	0.01887	0.02804	0.01428	0.01049	0.01056	0.00350	0.01399	0.00940	0.00474	0.01210
5	0.03650	0.01749	0.02369	0.09182	0.03129	0.01667	0.01702	0.07387	0.02915	0.35119	0.04586	0.05047	0.08088	0.01597	0.01127	0.00351	0.00954	0.06732	0.01115	0.01535
6	0.02472	0.04560	0.42140	0.03542	0.13910	0.02377	0.03551	0.03508	0.02343	0.08686	0.02140	0.02439	0.01528	0.01023	0.01018	0.00330	0.01440	0.00839	0.00546	0.01607
7	0.01288	0.00920	0.01227	0.01472	0.01534	0.00859	0.00981	0.01472	0.02024	0.02699	0.05828	0.62152	0.06993	0.03312	0.01350	0.00429	0.00613	0.03006	0.00981	0.00859
8	0.02024	0.04941	0.50851	0.02835	0.04223	0.02270	0.03567	0.03131	0.02208	0.03273	0.02353	0.09184	0.01995	0.01272	0.01045	0.00346	0.01452	0.01039	0.00509	0.01481
9	0.02544	0.09218	0.45787	0.02765	0.04174	0.02455	0.03420	0.03590	0.02338	0.10868	0.02187	0.02386	0.01521	0.01040	0.00989	0.00326	0.01437	0.00805	0.00569	0.01581
10	0.02498	0.02391	0.04077	0.16803	0.46862	0.02481	0.03186	0.03141	0.02351	0.03310	0.01968	0.02656	0.01624	0.00964	0.01049	0.00321	0.01285	0.00942	0.00513	0.01579
11	0.02121	0.05469	0.57364	0.03014	0.04576	0.02455	0.03906	0.03348	0.02232	0.03348	0.01897	0.02232	0.01339	0.01005	0.01005	0.00335	0.01563	0.00781	0.00446	0.01563
12	0.02025	0.01917	0.03177	0.55232	0.06885	0.02427	0.02881	0.02688	0.02071	0.02688	0.01836	0.02774	0.01408	0.01127	0.01270	0.00362	0.06652	0.00938	0.00469	0.01173
13	0.03315	0.02456	0.08194	0.08812	0.27814	0.02137	0.02649	0.03920	0.02599	0.23302	0.02784	0.02965	0.01975	0.01093	0.01050	0.00324	0.01163	0.00973	0.00804	0.01671
14	0.02815	0.02207	0.03077	0.02591	0.02760	0.02891	0.02157	0.03083	0.01910	0.13774	0.01962	0.02578	0.01642	0.01739	0.02973	0.00435	0.48527	0.00954	0.00637	0.01289
15	0.01656	0.01249	0.01702	0.09078	0.06455	0.01314	0.01217	0.01838	0.01739	0.02336	0.03256	0.11356	0.03598	0.40643	0.07523	0.00868	0.01168	0.01534	0.00639	0.00832
16	0.20179	0.01866	0.02375	0.09164	0.10186	0.02038	0.01790	0.05204	0.02279	0.11527	0.02993	0.15673	0.02805	0.01625	0.01194	0.00360	0.05350	0.01319	0.00788	0.01285
17	0.02610	0.02507	0.04196	0.05795	0.45797	0.02539	0.06664	0.03553	0.08935	0.03571	0.02291	0.02801	0.01865	0.01000	0.01065	0.00323	0.01242	0.00996	0.00594	0.01656
18	0.08340	0.02650	0.03465	0.04109	0.25432	0.06252	0.05061	0.10124	0.15992	0.04149	0.02593	0.02840	0.02020	0.01119	0.01029	0.00326	0.01172	0.00978	0.00744	0.01605
19	0.02977	0.09934	0.03598	0.03920	0.25988	0.02503	0.02323	0.11733	0.02843	0.10708	0.02827	0.10788	0.02508	0.01366	0.01046	0.00321	0.01090	0.01195	0.00771	0.01560
20	0.33380	0.01930	0.01958	0.08969	0.02823	0.02162	0.01520	0.10477	0.02497	0.04330	0.03510	0.04397	0.09792	0.01507	0.00948	0.00352	0.00923	0.06552	0.00779	0.01194

[dist]
# distance from previous block
# <min> <max>
21	49

[block]
# block no. 3 follows, 13 sequences, length 16
# corresponding to MSA columns:
# 142-157
name=unknown_D
#
# <colnr> <probs for GDERKNQSTAVLIFYWHMCP>
#	G	D	E	R	K	N	Q	S	T	A	V	L	I	F	Y	W	H	M	C	P
0	0.02791	0.02080	0.03438	0.29817	0.05349	0.02260	0.11021	0.03755	0.09122	0.15418	0.02759	0.03148	0.01953	0.01134	0.01094	0.00348	0.01284	0.01054	0.00750	0.01425
1	0.02038	0.01129	0.01423	0.01411	0.01586	0.01060	0.00941	0.02184	0.02001	0.12501	0.04444	0.27460	0.04822	0.28609	0.03035	0.00667	0.00844	0.02012	0.00895	0.00939
2	0.02652	0.01642	0.02554	0.07789	0.03046	0.01531	0.08881	0.03156	0.02730	0.20041	0.17767	0.05759	0.14496	0.01700	0.01172	0.00341	0.00910	0.01516	0.01012	0.01306
3	0.02611	0.01907	0.02251	0.01671	0.02558	0.01552	0.01339	0.03323	0.07514	0.11410	0.02458	0.02574	0.01886	0.00925	0.00853	0.00202	0.00806	0.00747	0.00771	0.52642
4	0.02593	0.02659	0.03705	0.24992	0.31121	0.10697	0.02959	0.03196	0.02390	0.03060	0.01898	0.02584	0.01535	0.01004	0.01037	0.00321	0.01406	0.00903	0.00508	0.01432
5	0.04369	0.01811	0.02415	0.01835	0.02671	0.01533	0.01510	0.04787	0.02904	0.49111	0.03834	0.03392	0.02463	0.01231	0.01022	0.00302	0.00883	0.00999	0.01208	0.11720
6	0.02023	0.11175	0.11721	0.12603	0.03337	0.01960	0.01944	0.02563	0.02341	0.06634	0.08208	0.08771	0.19177	0.01748	0.01082	0.00334	0.00986	0.01450	0.00752	0.01192
7	0.03183	0.52022	0.04967	0.01823	0.02711	0.03695	0.01762	0.03535	0.02311	0.12609	0.01972	0.02049	0.01591	0.00980	0.00750	0.00245	0.01088	0.00658	0.00611	0.01439
8	0.04326	0.01995	0.03157	0.02359	0.03224	0.01762	0.11000	0.04825	0.02928	0.47024	0.03794	0.03460	0.02429	0.01231	0.01098	0.00333	0.01064	0.01098	0.01165	0.01730
9	0.02827	0.63478	0.05540	0.01809	0.02714	0.04184	0.01809	0.03166	0.02148	0.02488	0.01470	0.01696	0.01357	0.00905	0.00678	0.00226	0.01131	0.00565	0.00452	0.01357
10	0.03183	0.52022	0.04967	0.01823	0.02711	0.03695	0.01762	0.03535	0.02311	0.12609	0.01972	0.02049	0.01591	0.00980	0.00750	0.00245	0.01088	0.00658	0.00611	0.01439
11	0.02694	0.34246	0.25118	0.02343	0.03493	0.03417	0.02636	0.08977	0.02508	0.03301	0.01757	0.01999	0.01401	0.00985	0.00847	0.00278	0.01300	0.00693	0.00520	0.01487
12	0.07405	0.41520	0.04192	0.01699	0.02456	0.03205	0.01587	0.03143	0.02369	0.08401	0.11810	0.03039	0.03069	0.01184	0.00821	0.00263	0.00969	0.00866	0.00684	0.01320
13	0.03464	0.13927	0.07698	0.02112	0.03038	0.02735	0.01911	0.22077	0.03386	0.14413	0.02479	0.02495	0.01791	0.01104	0.00937	0.00276	0.01075	0.00831	0.00868	0.13383
14	0.02920	0.24427	0.22513	0.02260	0.03376	0.02879	0.02461	0.06897	0.02515	0.11878	0.02157	0.02284	0.01600	0.01019	0.00887	0.00280	0.01217	0.00751	0.00643	0.07036
15	0.03563	0.18284	0.08118	0.02370	0.03244	0.11563	0.02119	0.29462	0.03768	0.04774	0.02092	0.02215	0.01589	0.01132	0.00945	0.00290	0.01297	0.00804	0.00785	0.01587

[dist]
# distance from previous block
# <min> <max>
2	23

[block]
# block no. 4 follows, 13 sequences, length 7
# corresponding to MSA columns:
# 181-187
name=unknown_E
#
# <colnr> <probs for GDERKNQSTAVLIFYWHMCP>
#	G	D	E	R	K	N	Q	S	T	A	V	L	I	F	Y	W	H	M	C	P
0	0.14182	0.30293	0.08054	0.02025	0.02920	0.03477	0.01921	0.18541	0.02973	0.04217	0.01834	0.02001	0.01458	0.01038	0.00817	0.00279	0.01122	0.00703	0.00673	0.01475
1	0.03472	0.30717	0.04259	0.02147	0.03020	0.03694	0.01918	0.29993	0.03676	0.04748	0.02048	0.02152	0.01596	0.01102	0.00884	0.00275	0.01148	0.00775	0.00780	0.01596
2	0.02818	0.49060	0.13555	0.02054	0.03058	0.03832	0.02159	0.07468	0.02405	0.02984	0.01630	0.01854	0.01392	0.00952	0.00763	0.00251	0.01202	0.00633	0.00504	0.01428
3	0.03026	0.33687	0.15719	0.02243	0.03269	0.03558	0.02307	0.17637	0.02988	0.03884	0.01871	0.02054	0.01482	0.01032	0.00857	0.00275	0.01231	0.00723	0.00627	0.01529
4	0.02933	0.48102	0.10682	0.02032	0.02998	0.03862	0.02062	0.10733	0.02587	0.03215	0.01678	0.01881	0.01422	0.00971	0.00771	0.00252	0.01182	0.00647	0.00544	0.01446
5	0.03048	0.39663	0.11876	0.02136	0.03114	0.03712	0.02144	0.16311	0.02907	0.03709	0.01810	0.01991	0.01471	0.01015	0.00823	0.00265	0.01197	0.00697	0.00612	0.01501
6	0.02830	0.45878	0.04625	0.01840	0.02647	0.03618	0.01731	0.10557	0.02692	0.03359	0.08917	0.02658	0.02582	0.01129	0.00813	0.00254	0.01051	0.00805	0.00640	0.01376

[dist]
# distance from previous block
# <min> <max>
0	10

[block]
# block no. 5 follows, 13 sequences, length 41
# corresponding to MSA columns:
# 198-238
name=unknown_F
#
# <colnr> <probs for GDERKNQSTAVLIFYWHMCP>
#	G	D	E	R	K	N	Q	S	T	A	V	L	I	F	Y	W	H	M	C	P
0	0.01319	0.00944	0.01255	0.01451	0.01540	0.00880	0.00984	0.01551	0.02170	0.02931	0.13318	0.54001	0.07441	0.03140	0.01334	0.00415	0.00596	0.02841	0.01009	0.00880
1	0.02956	0.09232	0.33721	0.02647	0.03878	0.06027	0.02996	0.11067	0.02799	0.11518	0.02273	0.02413	0.01597	0.01086	0.00991	0.00318	0.01392	0.00824	0.00670	0.01595
2	0.01997	0.01879	0.03171	0.60301	0.07282	0.02349	0.02936	0.02701	0.02114	0.02701	0.01879	0.02819	0.01409	0.01057	0.01057	0.00352	0.01409	0.00940	0.00470	0.01175
3	0.01338	0.01048	0.01117	0.01117	0.01421	0.00896	0.00821	0.01496	0.02255	0.02703	0.09378	0.09130	0.47708	0.02827	0.01683	0.10705	0.00593	0.02034	0.00903	0.00827
4	0.02417	0.02273	0.03831	0.05736	0.48027	0.02264	0.02905	0.02979	0.02350	0.03341	0.02566	0.11561	0.02474	0.01298	0.01092	0.00331	0.01160	0.01252	0.00592	0.01552
5	0.13548	0.02187	0.02972	0.06993	0.19119	0.02242	0.02137	0.07938	0.06908	0.21236	0.02841	0.02913	0.02019	0.01140	0.00997	0.00327	0.01043	0.00947	0.00881	0.01613
6	0.02198	0.09065	0.39530	0.11690	0.04947	0.02596	0.09041	0.03242	0.02238	0.03190	0.01889	0.02349	0.01381	0.00992	0.01015	0.00332	0.01531	0.00841	0.00460	0.01473
7	0.02015	0.02419	0.11313	0.51694	0.06876	0.02365	0.03082	0.02799	0.02132	0.02799	0.01882	0.02731	0.01399	0.01049	0.01049	0.00350	0.01432	0.00916	0.00466	0.01233
8	0.14594	0.01836	0.02319	0.01807	0.02601	0.01677	0.01493	0.04846	0.02842	0.49131	0.03766	0.03316	0.02396	0.01259	0.01002	0.00327	0.00887	0.00990	0.01210	0.01701
9	0.02404	0.04432	0.43184	0.02678	0.03965	0.02147	0.03241	0.03397	0.02323	0.10974	0.02665	0.09150	0.02157	0.01307	0.01052	0.00344	0.01361	0.01071	0.00630	0.01518
10	0.02102	0.04930	0.49222	0.11620	0.04983	0.02440	0.03761	0.03251	0.02215	0.03251	0.01895	0.02320	0.01350	0.01012	0.01012	0.00337	0.01540	0.00805	0.00450	0.01504
11	0.04099	0.02750	0.10759	0.02166	0.03049	0.08171	0.01971	0.04813	0.06821	0.38807	0.03555	0.03230	0.02331	0.01248	0.01043	0.00325	0.01107	0.00988	0.01076	0.01690
12	0.03557	0.02181	0.08612	0.10475	0.03423	0.01809	0.01959	0.07721	0.02708	0.30872	0.03105	0.03192	0.02117	0.01590	0.01516	0.10684	0.01072	0.00983	0.00943	0.01480
13	0.12524	0.01965	0.02979	0.30772	0.16788	0.02218	0.02490	0.02949	0.02186	0.06753	0.02308	0.07384	0.01954	0.01216	0.01018	0.00344	0.01189	0.01058	0.00606	0.01299
14	0.02476	0.02369	0.04038	0.18683	0.45152	0.02475	0.03175	0.03122	0.02341	0.03284	0.01964	0.02663	0.01615	0.00968	0.01049	0.00323	0.01291	0.00942	0.00511	0.01561
15	0.03887	0.07503	0.17562	0.02182	0.03209	0.01999	0.02211	0.04512	0.02744	0.38292	0.03349	0.03083	0.02175	0.01195	0.01018	0.00322	0.01097	0.00949	0.01010	0.01701
16	0.03440	0.02183	0.07185	0.20125	0.06905	0.02020	0.02294	0.04005	0.02567	0.30122	0.03011	0.03124	0.02024	0.01223	0.01203	0.00343	0.04802	0.00989	0.00893	0.01544
17	0.02564	0.09628	0.45086	0.02749	0.04149	0.02463	0.03390	0.03599	0.02342	0.11171	0.02197	0.02390	0.01529	0.01041	0.00987	0.00325	0.01430	0.00805	0.00574	0.01581
18	0.02668	0.03976	0.34933	0.13834	0.04690	0.02239	0.03207	0.03616	0.02382	0.14906	0.02389	0.02643	0.01631	0.01081	0.01027	0.00337	0.01389	0.00873	0.00639	0.01539
19	0.08927	0.06228	0.08702	0.06393	0.03115	0.01896	0.01862	0.04175	0.02633	0.34775	0.03488	0.07857	0.02539	0.01366	0.01022	0.00332	0.00999	0.01109	0.01014	0.01569
20	0.03384	0.11931	0.14357	0.02215	0.03076	0.02428	0.02166	0.07783	0.02725	0.24356	0.06008	0.03065	0.02411	0.01295	0.01274	0.00328	0.07800	0.00958	0.00878	0.01563
21	0.02945	0.01931	0.06681	0.14301	0.03529	0.01699	0.01895	0.03628	0.05794	0.23917	0.11436	0.10560	0.03892	0.01591	0.01118	0.00347	0.00965	0.01368	0.00989	0.01414
22	0.03787	0.02736	0.17155	0.02128	0.03114	0.01750	0.02134	0.04407	0.02768	0.38654	0.04026	0.03701	0.06076	0.01325	0.01061	0.00331	0.01052	0.01071	0.01053	0.01671
23	0.03358	0.02846	0.15698	0.02186	0.03040	0.05327	0.02108	0.04227	0.08573	0.26626	0.03504	0.04015	0.02625	0.06242	0.01414	0.00395	0.01130	0.04190	0.00950	0.01545
24	0.02456	0.06287	0.07515	0.11550	0.20186	0.02208	0.02495	0.06293	0.02522	0.06794	0.03100	0.09188	0.02921	0.01571	0.01125	0.00358	0.01159	0.10165	0.00713	0.01393
25	0.02900	0.03575	0.29056	0.07346	0.07421	0.02078	0.02873	0.03748	0.02527	0.19692	0.06227	0.03103	0.02339	0.01175	0.01046	0.00332	0.01257	0.00967	0.00764	0.01573
26	0.02411	0.02727	0.07697	0.25562	0.17417	0.06279	0.16339	0.03153	0.02350	0.03090	0.01959	0.02683	0.01514	0.00985	0.01096	0.00338	0.01519	0.00996	0.00503	0.01383
27	0.02641	0.03715	0.28207	0.09957	0.12227	0.02339	0.09701	0.03550	0.02404	0.11735	0.02298	0.02650	0.01632	0.01034	0.01058	0.00335	0.01425	0.00928	0.00608	0.01555
28	0.02886	0.19439	0.28739	0.02715	0.07398	0.02716	0.02827	0.03671	0.02389	0.14344	0.02269	0.02407	0.01635	0.01038	0.00936	0.00304	0.01291	0.00796	0.00634	0.01567
29	0.02415	0.05057	0.51204	0.02887	0.04366	0.02354	0.03643	0.03551	0.02321	0.09365	0.02153	0.02386	0.01483	0.01039	0.01011	0.00334	0.01488	0.00813	0.00543	0.01589
30	0.01385	0.01041	0.01398	0.01562	0.01634	0.01055	0.01086	0.01598	0.02071	0.02812	0.09521	0.53109	0.06799	0.03106	0.01506	0.00424	0.05288	0.02756	0.00956	0.00893
31	0.02836	0.01839	0.02970	0.20326	0.10135	0.01884	0.06051	0.03393	0.02526	0.19408	0.06572	0.08017	0.03078	0.01463	0.01133	0.00354	0.01124	0.04648	0.00850	0.01392
32	0.16597	0.02061	0.02343	0.09602	0.03191	0.02293	0.01755	0.09489	0.17859	0.12264	0.03343	0.04034	0.02638	0.01423	0.01027	0.00357	0.00969	0.06366	0.00933	0.01455
33	0.70310	0.02045	0.01554	0.01390	0.02045	0.02372	0.01145	0.03108	0.01799	0.04744	0.01472	0.01718	0.01145	0.00981	0.00654	0.00327	0.00818	0.00573	0.00654	0.01145
34	0.03950	0.05039	0.02996	0.02724	0.03269	0.58597	0.02043	0.04222	0.02996	0.02588	0.01634	0.01907	0.01362	0.01090	0.00953	0.00272	0.01907	0.00681	0.00545	0.01226
35	0.02192	0.01879	0.02192	0.01566	0.02506	0.01409	0.01253	0.02662	0.02192	0.03445	0.01879	0.02192	0.01566	0.00783	0.00783	0.00157	0.00783	0.00626	0.00626	0.69305
36	0.01288	0.00920	0.01227	0.01472	0.01534	0.00859	0.00981	0.01472	0.02024	0.02699	0.05828	0.62152	0.06993	0.03312	0.01350	0.00429	0.00613	0.03006	0.00981	0.00859
37	0.01303	0.00932	0.01240	0.01462	0.01537	0.00869	0.00983	0.01510	0.02094	0.02809	0.09392	0.58273	0.07206	0.03230	0.01342	0.00422	0.00605	0.02928	0.00995	0.00869
38	0.06685	0.16160	0.03652	0.13472	0.07380	0.06833	0.05250	0.03824	0.02516	0.20560	0.02520	0.02683	0.01805	0.01085	0.00957	0.00306	0.01202	0.00877	0.00762	0.01472
39	0.06917	0.08680	0.09050	0.01555	0.02066	0.01572	0.01404	0.02053	0.02193	0.02979	0.06320	0.23265	0.23519	0.02320	0.01137	0.00359	0.00783	0.01960	0.00827	0.01042
40	0.32814	0.02440	0.08718	0.07297	0.10158	0.02248	0.05878	0.03188	0.02121	0.08160	0.02199	0.06541	0.01829	0.01171	0.00906	0.00338	0.01074	0.00940	0.00665	0.01317

[dist]
# distance from previous block
# <min> <max>
1	12

[block]
# block no. 6 follows, 13 sequences, length 49
# corresponding to MSA columns:
# 251-295,303-306
name=unknown_G
#
# <colnr> <probs for GDERKNQSTAVLIFYWHMCP>
#	G	D	E	R	K	N	Q	S	T	A	V	L	I	F	Y	W	H	M	C	P
0	0.07784	0.29273	0.18202	0.02596	0.08382	0.03191	0.02442	0.06983	0.02438	0.07069	0.01898	0.02120	0.01488	0.00995	0.00852	0.00284	0.01218	0.00721	0.00576	0.01489
1	0.12714	0.01715	0.02007	0.01646	0.02260	0.01647	0.01318	0.07940	0.02786	0.16927	0.17200	0.04200	0.04157	0.01903	0.05366	0.00403	0.00931	0.01144	0.00978	0.12759
2	0.03730	0.20707	0.03782	0.02228	0.03061	0.08581	0.01913	0.29420	0.03787	0.09601	0.02289	0.02329	0.01702	0.01150	0.00938	0.00287	0.01200	0.00824	0.00856	0.01616
3	0.01849	0.01100	0.01279	0.01224	0.01303	0.01076	0.00729	0.01888	0.01682	0.07378	0.03413	0.06597	0.03725	0.56873	0.04963	0.00957	0.01013	0.01492	0.00705	0.00753
4	0.03431	0.02632	0.03064	0.10926	0.03799	0.10189	0.06504	0.11415	0.15104	0.17175	0.03098	0.03112	0.02200	0.01227	0.01066	0.00332	0.01217	0.01024	0.00920	0.01565
5	0.01517	0.01223	0.01372	0.01360	0.01676	0.01166	0.01008	0.02223	0.10083	0.03384	0.19512	0.17811	0.28788	0.02485	0.01241	0.00364	0.00585	0.02140	0.01038	0.01026
6	0.02617	0.02512	0.04292	0.06490	0.56246	0.02512	0.03245	0.03245	0.02407	0.03454	0.01989	0.02617	0.01675	0.00942	0.01047	0.00314	0.01256	0.00942	0.00523	0.01675
7	0.01997	0.01879	0.03171	0.60301	0.07282	0.02349	0.02936	0.02701	0.02114	0.02701	0.01879	0.02819	0.01409	0.01057	0.01057	0.00352	0.01409	0.00940	0.00470	0.01175
8	0.02035	0.01953	0.03405	0.56039	0.07148	0.02374	0.06712	0.02754	0.02143	0.02754	0.01899	0.02821	0.01424	0.01044	0.01072	0.00353	0.01438	0.00963	0.00475	0.01194
9	0.01837	0.00918	0.01377	0.01377	0.01377	0.00918	0.00918	0.01377	0.01377	0.01837	0.01837	0.03214	0.01837	0.03673	0.04132	0.69238	0.00918	0.00918	0.00459	0.00459
10	0.02928	0.58207	0.05311	0.01892	0.02764	0.09091	0.01830	0.03261	0.02225	0.02497	0.01485	0.01715	0.01357	0.00921	0.00703	0.00230	0.01201	0.00576	0.00461	0.01345
11	0.02713	0.54130	0.13892	0.02003	0.03014	0.03905	0.02147	0.03195	0.02162	0.02626	0.01539	0.01782	0.01354	0.00921	0.00731	0.00244	0.01200	0.00600	0.00451	0.01390
12	0.02827	0.63478	0.05540	0.01809	0.02714	0.04184	0.01809	0.03166	0.02148	0.02488	0.01470	0.01696	0.01357	0.00905	0.00678	0.00226	0.01131	0.00565	0.00452	0.01357
13	0.01606	0.01196	0.01508	0.01410	0.01693	0.01156	0.01063	0.02347	0.07973	0.04258	0.50704	0.07514	0.09322	0.02091	0.01230	0.00335	0.00532	0.01843	0.01155	0.01063
14	0.01496	0.01081	0.01413	0.01330	0.01580	0.00998	0.00998	0.01995	0.02993	0.04240	0.55689	0.07898	0.09976	0.02162	0.01247	0.00333	0.00499	0.01912	0.01164	0.00998
15	0.01538	0.01025	0.01153	0.01153	0.01153	0.01025	0.00641	0.01538	0.01538	0.02050	0.03331	0.06919	0.03844	0.62842	0.05382	0.01025	0.01025	0.01538	0.00641	0.00641
16	0.02372	0.02262	0.03849	0.27769	0.36883	0.02448	0.03123	0.03030	0.02291	0.03157	0.01945	0.02697	0.01570	0.00988	0.01051	0.00329	0.01317	0.00941	0.00502	0.01477
17	0.03950	0.05039	0.02996	0.02724	0.03269	0.58597	0.02043	0.04222	0.02996	0.02588	0.01634	0.01907	0.01362	0.01090	0.00953	0.00272	0.01907	0.00681	0.00545	0.01226
18	0.02496	0.02852	0.06239	0.04456	0.05526	0.02674	0.52406	0.03387	0.02496	0.03387	0.02139	0.02852	0.01604	0.00891	0.01248	0.00357	0.01783	0.01248	0.00535	0.01426
19	0.03991	0.02132	0.02554	0.02053	0.02810	0.02161	0.01665	0.13144	0.18710	0.32938	0.03941	0.03527	0.02665	0.01340	0.01066	0.00335	0.00924	0.01084	0.01198	0.01761
20	0.07112	0.01892	0.03050	0.55890	0.06890	0.02351	0.02802	0.02732	0.02091	0.02854	0.01849	0.02736	0.01390	0.01051	0.01027	0.00350	0.01365	0.00912	0.00484	0.01172
21	0.43459	0.17282	0.02767	0.01676	0.02401	0.06661	0.01445	0.07672	0.02251	0.04223	0.01579	0.01799	0.01270	0.00996	0.00717	0.00298	0.00998	0.00612	0.00634	0.01261
22	0.02121	0.05469	0.57364	0.03014	0.04576	0.02455	0.03906	0.03348	0.02232	0.03348	0.01897	0.02232	0.01339	0.01005	0.01005	0.00335	0.01563	0.00781	0.00446	0.01563
23	0.02432	0.01872	0.02217	0.01596	0.02524	0.01423	0.01281	0.02896	0.02271	0.08471	0.02094	0.02324	0.01665	0.00832	0.00809	0.00173	0.00794	0.00667	0.00690	0.62968
24	0.02617	0.02512	0.04292	0.06490	0.56246	0.02512	0.03245	0.03245	0.02407	0.03454	0.01989	0.02617	0.01675	0.00942	0.01047	0.00314	0.01256	0.00942	0.00523	0.01675
25	0.03222	0.02030	0.03072	0.08004	0.03477	0.02071	0.09733	0.07329	0.07506	0.23169	0.10859	0.03895	0.03323	0.01393	0.01302	0.00347	0.05586	0.01198	0.00981	0.01502
26	0.12559	0.02908	0.10225	0.03672	0.04710	0.02524	0.36346	0.03476	0.02408	0.07639	0.02172	0.02682	0.01588	0.00947	0.01123	0.00348	0.01553	0.01090	0.00602	0.01426
27	0.02617	0.02512	0.04292	0.06490	0.56246	0.02512	0.03245	0.03245	0.02407	0.03454	0.01989	0.02617	0.01675	0.00942	0.01047	0.00314	0.01256	0.00942	0.00523	0.01675
28	0.01997	0.01879	0.03171	0.60301	0.07282	0.02349	0.02936	0.02701	0.02114	0.02701	0.01879	0.02819	0.01409	0.01057	0.01057	0.00352	0.01409	0.00940	0.00470	0.01175
29	0.01538	0.01025	0.01153	0.01153	0.01153	0.01025	0.00641	0.01538	0.01538	0.02050	0.03331	0.06919	0.03844	0.62842	0.05382	0.01025	0.01025	0.01538	0.00641	0.00641
30	0.01360	0.01075	0.01224	0.01187	0.01496	0.00939	0.00890	0.01730	0.02670	0.03473	0.30762	0.09160	0.35381	0.02448	0.01248	0.00346	0.00519	0.02089	0.01063	0.00939
31	0.03950	0.05039	0.02996	0.02724	0.03269	0.58597	0.02043	0.04222	0.02996	0.02588	0.01634	0.01907	0.01362	0.01090	0.00953	0.00272	0.01907	0.00681	0.00545	0.01226
32	0.02827	0.63478	0.05540	0.01809	0.02714	0.04184	0.01809	0.03166	0.02148	0.02488	0.01470	0.01696	0.01357	0.00905	0.00678	0.00226	0.01131	0.00565	0.00452	0.01357
33	0.02630	0.02271	0.02391	0.02152	0.02749	0.02630	0.01674	0.05618	0.54336	0.04423	0.04303	0.03945	0.03228	0.01434	0.01076	0.00359	0.00837	0.01195	0.01076	0.01674
34	0.01250	0.01071	0.01071	0.01071	0.01428	0.00893	0.00803	0.01517	0.02410	0.02856	0.10711	0.10175	0.55817	0.02678	0.01250	0.00357	0.00536	0.02231	0.00982	0.00893
35	0.01997	0.01879	0.03171	0.60301	0.07282	0.02349	0.02936	0.02701	0.02114	0.02701	0.01879	0.02819	0.01409	0.01057	0.01057	0.00352	0.01409	0.00940	0.00470	0.01175
36	0.03983	0.04044	0.03081	0.02584	0.03274	0.32103	0.02027	0.27450	0.03942	0.04540	0.02067	0.02209	0.01571	0.01176	0.01003	0.00294	0.01551	0.00811	0.00790	0.01500
37	0.02827	0.63478	0.05540	0.01809	0.02714	0.04184	0.01809	0.03166	0.02148	0.02488	0.01470	0.01696	0.01357	0.00905	0.00678	0.00226	0.01131	0.00565	0.00452	0.01357
38	0.01538	0.01025	0.01153	0.01153	0.01153	0.01025	0.00641	0.01538	0.01538	0.02050	0.03331	0.06919	0.03844	0.62842	0.05382	0.01025	0.01025	0.01538	0.00641	0.00641
39	0.02313	0.02313	0.03238	0.02776	0.02776	0.03238	0.02313	0.02545	0.01619	0.02545	0.01388	0.02313	0.01388	0.01851	0.03470	0.00463	0.60907	0.00925	0.00463	0.01157
40	0.02327	0.02260	0.03971	0.30487	0.29475	0.02454	0.07722	0.03014	0.02284	0.03110	0.01954	0.02730	0.01549	0.00989	0.01070	0.00335	0.01374	0.00970	0.00500	0.01427
41	0.01997	0.01879	0.03171	0.60301	0.07282	0.02349	0.02936	0.02701	0.02114	0.02701	0.01879	0.02819	0.01409	0.01057	0.01057	0.00352	0.01409	0.00940	0.00470	0.01175
42	0.01538	0.01025	0.01153	0.01153	0.01153	0.01025	0.00641	0.01538	0.01538	0.02050	0.03331	0.06919	0.03844	0.62842	0.05382	0.01025	0.01025	0.01538	0.00641	0.00641
43	0.01288	0.00920	0.01227	0.01472	0.01534	0.00859	0.00981	0.01472	0.02024	0.02699	0.05828	0.62152	0.06993	0.03312	0.01350	0.00429	0.00613	0.03006	0.00981	0.00859
44	0.02981	0.04310	0.17285	0.03621	0.09178	0.24345	0.16365	0.03689	0.02618	0.03073	0.01870	0.02311	0.01452	0.01001	0.01055	0.00315	0.01728	0.00885	0.00516	0.01405
45	0.02339	0.02229	0.03790	0.30590	0.34317	0.02439	0.03107	0.03001	0.02276	0.03117	0.01940	0.02707	0.01556	0.00994	0.01051	0.00331	0.01325	0.00941	0.00499	0.01451
46	0.01510	0.01133	0.01699	0.01699	0.01888	0.01322	0.01322	0.01888	0.01699	0.02454	0.02832	0.04154	0.02643	0.07930	0.58652	0.01699	0.02832	0.01133	0.00566	0.00944
47	0.01350	0.01136	0.01293	0.05722	0.01909	0.01024	0.01002	0.01691	0.02486	0.03080	0.17679	0.09216	0.43784	0.02464	0.01234	0.00353	0.00597	0.02077	0.00973	0.00932
48	0.02442	0.02257	0.03691	0.30852	0.29671	0.02497	0.03007	0.06844	0.02472	0.03359	0.01981	0.02703	0.01563	0.01020	0.01052	0.00332	0.01319	0.00942	0.00540	0.01455

[dist]
# distance from previous block
# <min> <max>
0	511

# created by:
# /st0/software/busco_prod/Augustus/scripts/msa2prfl.pl ./align_prep/7642.fa
