[name]
unknown

[dist]
# distance from previous block
# <min> <max>
0	386

[block]
# block no. 0 follows, 10 sequences, length 14
# corresponding to MSA columns:
# 497-510
name=unknown_A
#
# <colnr> <probs for GDERKNQSTAVLIFYWHMCP>
#	G	D	E	R	K	N	Q	S	T	A	V	L	I	F	Y	W	H	M	C	P
0	0.40364	0.02660	0.08486	0.01948	0.02723	0.02479	0.01790	0.08346	0.02521	0.04916	0.02624	0.08276	0.02405	0.01529	0.00962	0.00384	0.01041	0.04384	0.00803	0.01357
1	0.02290	0.07421	0.08052	0.02164	0.02767	0.02222	0.01924	0.03795	0.18586	0.04038	0.12157	0.12419	0.05397	0.02143	0.01279	0.00409	0.00977	0.09499	0.01029	0.01430
2	0.30911	0.01935	0.01863	0.01560	0.02294	0.01905	0.01257	0.03210	0.02394	0.10539	0.04388	0.04365	0.12885	0.01501	0.00955	0.00328	0.00833	0.01123	0.00887	0.14866
3	0.26416	0.02760	0.02700	0.02213	0.03018	0.03121	0.01805	0.24457	0.12448	0.06125	0.02737	0.02759	0.02015	0.01318	0.01010	0.00361	0.01079	0.00949	0.01010	0.01698
4	0.02002	0.01628	0.01912	0.01563	0.02200	0.01312	0.01175	0.02403	0.02448	0.03560	0.10151	0.10999	0.09533	0.08323	0.01638	0.00366	0.00800	0.01477	0.00855	0.35655
5	0.03153	0.02044	0.02488	0.01814	0.02812	0.01592	0.01466	0.03653	0.02654	0.16711	0.02734	0.02821	0.02028	0.01014	0.00943	0.00222	0.00895	0.00816	0.00887	0.49252
6	0.01928	0.01377	0.01586	0.01525	0.01712	0.01407	0.01026	0.07013	0.02327	0.03080	0.04862	0.13039	0.10276	0.33357	0.09648	0.00951	0.01243	0.01853	0.00840	0.00950
7	0.03116	0.01612	0.02090	0.01778	0.02326	0.01499	0.01399	0.03887	0.07707	0.22859	0.29185	0.06486	0.07207	0.01947	0.01277	0.00366	0.00751	0.01675	0.01331	0.01502
8	0.03335	0.01540	0.01981	0.01663	0.02239	0.01366	0.01320	0.03808	0.03126	0.26670	0.19059	0.06227	0.10821	0.01877	0.01207	0.00354	0.00757	0.01581	0.09580	0.01491
9	0.03280	0.02993	0.08772	0.13820	0.19895	0.02796	0.07102	0.12931	0.03243	0.09950	0.02571	0.03007	0.01895	0.01181	0.01174	0.00362	0.01430	0.01067	0.00779	0.01752
10	0.01680	0.01174	0.01506	0.01506	0.01588	0.01257	0.01001	0.01844	0.01762	0.02431	0.03447	0.06408	0.03706	0.39192	0.25139	0.01421	0.01914	0.01515	0.00672	0.00837
11	0.09235	0.04095	0.02925	0.02571	0.03219	0.29990	0.01983	0.12585	0.08874	0.04241	0.02485	0.02668	0.01937	0.01283	0.01037	0.00322	0.01571	0.00890	0.06598	0.01491
12	0.15513	0.08056	0.04202	0.09010	0.24542	0.08608	0.06979	0.03616	0.02547	0.03799	0.01989	0.02552	0.01628	0.01064	0.01042	0.00342	0.01424	0.00920	0.00596	0.01572
13	0.02754	0.07442	0.02533	0.01945	0.02464	0.08804	0.01535	0.13072	0.03462	0.04517	0.16843	0.11230	0.09502	0.01984	0.01193	0.00349	0.00995	0.01635	0.06403	0.01339

[dist]
# distance from previous block
# <min> <max>
0	3

[block]
# block no. 1 follows, 10 sequences, length 23
# corresponding to MSA columns:
# 514-536
name=unknown_B
#
# <colnr> <probs for GDERKNQSTAVLIFYWHMCP>
#	G	D	E	R	K	N	Q	S	T	A	V	L	I	F	Y	W	H	M	C	P
0	0.17367	0.03709	0.03012	0.19814	0.04721	0.26503	0.02348	0.03840	0.02698	0.03403	0.01846	0.02375	0.01463	0.01161	0.01014	0.00341	0.01661	0.00815	0.00599	0.01311
1	0.23488	0.10387	0.04075	0.02846	0.03485	0.03254	0.12486	0.03305	0.02147	0.03782	0.01760	0.02379	0.01491	0.01343	0.01838	0.00399	0.18653	0.00921	0.00593	0.01367
2	0.44237	0.06858	0.02680	0.08170	0.03250	0.02687	0.05627	0.03349	0.02151	0.04563	0.01892	0.02314	0.01480	0.01093	0.00838	0.00351	0.01071	0.00774	0.05318	0.01297
3	0.02836	0.02867	0.04181	0.18656	0.22693	0.08032	0.08179	0.03937	0.09811	0.03638	0.02523	0.03109	0.01981	0.01162	0.01174	0.00365	0.01496	0.01088	0.00657	0.01615
4	0.01553	0.01062	0.01448	0.01687	0.01778	0.01012	0.01193	0.01728	0.02217	0.02942	0.05887	0.45431	0.06914	0.03622	0.01841	0.07731	0.00772	0.09251	0.01015	0.00915
5	0.01447	0.01057	0.01362	0.01547	0.01682	0.00972	0.01061	0.01712	0.02436	0.03246	0.13827	0.45602	0.13015	0.03374	0.01455	0.00447	0.00646	0.03029	0.01110	0.00972
6	0.05218	0.01979	0.02699	0.02069	0.02969	0.01709	0.01709	0.05668	0.03329	0.52677	0.04588	0.03959	0.02879	0.01439	0.01170	0.00360	0.00990	0.01170	0.01439	0.01979
7	0.01942	0.01263	0.01515	0.01431	0.01811	0.01108	0.01079	0.02339	0.02926	0.09666	0.24725	0.13825	0.26784	0.02623	0.01359	0.00386	0.00631	0.02252	0.01196	0.01141
8	0.35049	0.02109	0.02224	0.01810	0.02623	0.02141	0.01493	0.04588	0.02681	0.29887	0.03163	0.02965	0.02101	0.01267	0.00954	0.00360	0.00946	0.00910	0.01094	0.01634
9	0.16977	0.40192	0.04534	0.01780	0.02628	0.03743	0.01689	0.03375	0.02289	0.03470	0.01881	0.02169	0.01622	0.01057	0.00749	0.00276	0.01084	0.00679	0.08414	0.01392
10	0.02333	0.06016	0.53100	0.03315	0.05034	0.02701	0.04297	0.03683	0.02455	0.03683	0.02087	0.02455	0.01473	0.01105	0.01105	0.00368	0.01719	0.00859	0.00491	0.01719
11	0.12318	0.11948	0.39598	0.02883	0.04362	0.02917	0.03556	0.03619	0.02372	0.03802	0.01959	0.02298	0.01443	0.01088	0.01003	0.00353	0.01537	0.00796	0.00527	0.01622
12	0.67341	0.02249	0.01709	0.01529	0.02249	0.02609	0.01260	0.03419	0.01979	0.05218	0.01619	0.01889	0.01260	0.01080	0.00720	0.00360	0.00900	0.00630	0.00720	0.01260
13	0.01962	0.10262	0.02461	0.01772	0.02044	0.02012	0.01386	0.02249	0.02078	0.02812	0.07819	0.05615	0.07498	0.18738	0.19258	0.01030	0.07835	0.01414	0.00707	0.01048
14	0.01592	0.01171	0.01490	0.01443	0.01713	0.01069	0.01070	0.02077	0.03115	0.04321	0.42289	0.13640	0.15554	0.02565	0.01383	0.00379	0.00565	0.02258	0.01237	0.01069
15	0.03348	0.02712	0.03077	0.10691	0.03997	0.03108	0.02188	0.21055	0.26273	0.05483	0.03615	0.03582	0.02668	0.01448	0.01173	0.00377	0.01148	0.01174	0.01075	0.01808
16	0.01416	0.01180	0.01235	0.01222	0.01596	0.00999	0.00916	0.01749	0.02749	0.03373	0.17788	0.10812	0.45248	0.02859	0.01374	0.00389	0.00583	0.02401	0.01110	0.00999
17	0.01971	0.01231	0.01596	0.01549	0.01851	0.01116	0.01143	0.02390	0.02945	0.09610	0.29922	0.21940	0.12925	0.02668	0.01379	0.00397	0.00638	0.02357	0.01225	0.01147
18	0.03476	0.47382	0.05447	0.02077	0.03055	0.04192	0.01987	0.08852	0.02821	0.08364	0.02056	0.02186	0.01690	0.01087	0.00838	0.00272	0.01222	0.00727	0.00671	0.01598
19	0.10753	0.02304	0.02551	0.02179	0.02921	0.02481	0.01734	0.05711	0.29573	0.20267	0.04343	0.03947	0.03082	0.01478	0.01128	0.00380	0.00940	0.01193	0.01215	0.01821
20	0.10043	0.03075	0.08758	0.02544	0.03357	0.03039	0.02254	0.18129	0.15758	0.09518	0.03107	0.03141	0.02284	0.01459	0.01438	0.00385	0.07907	0.01060	0.00991	0.01753
21	0.08383	0.08032	0.03713	0.17717	0.14151	0.02521	0.06652	0.03282	0.02471	0.07036	0.02804	0.09066	0.02463	0.01402	0.01112	0.00363	0.01264	0.01252	0.04874	0.01444
22	0.02904	0.02869	0.15104	0.09243	0.08132	0.01989	0.02534	0.03624	0.02727	0.15673	0.08224	0.10038	0.03569	0.01592	0.01183	0.00363	0.01180	0.01369	0.00899	0.06783

[dist]
# distance from previous block
# <min> <max>
7	11

[block]
# block no. 2 follows, 10 sequences, length 46
# corresponding to MSA columns:
# 549-594
name=unknown_C
#
# <colnr> <probs for GDERKNQSTAVLIFYWHMCP>
#	G	D	E	R	K	N	Q	S	T	A	V	L	I	F	Y	W	H	M	C	P
0	0.29960	0.03287	0.14088	0.02193	0.03235	0.02653	0.02165	0.11916	0.02825	0.05039	0.02023	0.02276	0.01520	0.01111	0.00916	0.00330	0.01156	0.00772	0.00747	0.11787
1	0.02503	0.02228	0.02318	0.07030	0.02902	0.10044	0.01652	0.07047	0.02688	0.03469	0.09492	0.04447	0.03551	0.08625	0.14734	0.06919	0.01698	0.01221	0.00758	0.06674
2	0.02386	0.02823	0.11467	0.27864	0.13594	0.02527	0.09554	0.03139	0.02377	0.03225	0.02125	0.03016	0.01661	0.01389	0.01512	0.06794	0.01555	0.01054	0.00531	0.01406
3	0.03076	0.02046	0.02587	0.07133	0.03321	0.01690	0.01640	0.03601	0.02627	0.15639	0.02682	0.02856	0.01988	0.01032	0.00966	0.00239	0.00960	0.00840	0.00855	0.44223
4	0.02685	0.02445	0.07543	0.28951	0.05608	0.02444	0.02769	0.07318	0.07156	0.08113	0.03222	0.04722	0.02662	0.01551	0.01227	0.00403	0.01361	0.07556	0.00798	0.01468
5	0.04255	0.02298	0.07410	0.02351	0.03213	0.01803	0.05955	0.04689	0.02924	0.36243	0.03776	0.03686	0.02523	0.01761	0.01692	0.10305	0.01145	0.01136	0.01137	0.01696
6	0.02616	0.03375	0.12748	0.04046	0.04912	0.03112	0.26060	0.03410	0.02380	0.03410	0.02037	0.02837	0.01641	0.01351	0.02147	0.00427	0.20274	0.01177	0.00547	0.01493
7	0.01971	0.01028	0.01478	0.01478	0.01478	0.01028	0.00964	0.01542	0.01542	0.02056	0.02269	0.04151	0.02354	0.12363	0.04753	0.56336	0.01028	0.01113	0.00535	0.00535
8	0.02167	0.01713	0.02224	0.09662	0.03021	0.01891	0.01709	0.09058	0.02815	0.03763	0.09171	0.19790	0.09210	0.07557	0.01995	0.00492	0.06208	0.05423	0.00943	0.01187
9	0.04636	0.01808	0.02391	0.01881	0.02661	0.01590	0.01538	0.05103	0.03159	0.43444	0.04437	0.04031	0.02898	0.01423	0.01101	0.00343	0.00904	0.01153	0.13690	0.01808
10	0.02545	0.02545	0.03562	0.03053	0.03053	0.03562	0.02545	0.02799	0.01781	0.02799	0.01527	0.02545	0.01527	0.02036	0.03817	0.00509	0.56997	0.01018	0.00509	0.01272
11	0.02624	0.16536	0.08867	0.21742	0.16598	0.03214	0.03045	0.03286	0.02373	0.03161	0.01939	0.02641	0.01597	0.01168	0.01301	0.00354	0.06603	0.00918	0.00523	0.01509
12	0.04345	0.05543	0.03296	0.02996	0.03596	0.54457	0.02247	0.04644	0.03296	0.02846	0.01798	0.02097	0.01498	0.01199	0.01049	0.00300	0.02097	0.00749	0.00599	0.01348
13	0.04803	0.02331	0.02879	0.02241	0.03125	0.02272	0.01840	0.15702	0.08363	0.37317	0.04179	0.03721	0.02732	0.01443	0.01169	0.00361	0.01051	0.01155	0.01349	0.01965
14	0.01418	0.01180	0.01238	0.01223	0.01597	0.01000	0.00917	0.01752	0.02752	0.03383	0.18030	0.10796	0.45001	0.02856	0.01374	0.00388	0.00583	0.02399	0.01112	0.01000
15	0.02076	0.01449	0.01676	0.01560	0.01724	0.01530	0.01032	0.08344	0.02256	0.03045	0.03457	0.06465	0.03708	0.43289	0.12585	0.01129	0.01450	0.01532	0.00758	0.00936
16	0.02999	0.52162	0.12789	0.02179	0.03277	0.04331	0.02319	0.03511	0.02376	0.02871	0.01684	0.01950	0.01490	0.01011	0.00797	0.00266	0.01311	0.00656	0.00497	0.01525
17	0.01810	0.01154	0.01507	0.01588	0.01805	0.01053	0.01125	0.02125	0.02614	0.07847	0.17453	0.37918	0.11397	0.03088	0.01421	0.00431	0.00666	0.02760	0.01160	0.01077
18	0.04969	0.01906	0.02567	0.01989	0.02837	0.01658	0.01636	0.05426	0.03256	0.48727	0.04523	0.03989	0.02887	0.01433	0.01140	0.00353	0.00953	0.01163	0.06680	0.01906
19	0.02020	0.01010	0.01515	0.01515	0.01515	0.01010	0.01010	0.01515	0.01515	0.02020	0.02020	0.03535	0.02020	0.04040	0.04545	0.66162	0.01010	0.01010	0.00505	0.00505
20	0.03096	0.01786	0.02002	0.01726	0.02221	0.01844	0.01319	0.10067	0.10059	0.13705	0.03922	0.04627	0.03127	0.11690	0.01896	0.00470	0.00894	0.01238	0.22883	0.01429
21	0.03213	0.03214	0.04196	0.09051	0.20202	0.11217	0.07038	0.10277	0.03003	0.03925	0.02104	0.02725	0.01720	0.01301	0.01636	0.00376	0.11519	0.01020	0.00652	0.01610
22	0.24177	0.21023	0.12518	0.07038	0.03614	0.08085	0.02295	0.03560	0.02337	0.03754	0.01759	0.02111	0.01418	0.01077	0.00867	0.00324	0.01322	0.00716	0.00581	0.01425
23	0.03109	0.59826	0.06095	0.01990	0.02985	0.04602	0.01990	0.03483	0.02363	0.02736	0.01617	0.01866	0.01493	0.00995	0.00746	0.00249	0.01244	0.00622	0.00498	0.01493
24	0.08912	0.08232	0.11936	0.02422	0.03295	0.02858	0.02278	0.21392	0.03623	0.05107	0.03278	0.11809	0.03029	0.01768	0.01161	0.00378	0.01212	0.04792	0.00924	0.01594
25	0.02390	0.01974	0.03310	0.37301	0.06236	0.02253	0.06094	0.03110	0.02628	0.07578	0.11698	0.04244	0.03480	0.01404	0.01219	0.00381	0.01343	0.01275	0.00747	0.01334
26	0.01658	0.01184	0.01626	0.01895	0.02068	0.01152	0.01499	0.02036	0.02464	0.03239	0.06277	0.34512	0.07166	0.03417	0.01549	0.00506	0.00884	0.24783	0.01075	0.01011
27	0.01451	0.01106	0.01398	0.01538	0.01727	0.01053	0.01094	0.01721	0.02283	0.02968	0.07358	0.34246	0.19607	0.04409	0.11581	0.00716	0.01116	0.02663	0.00993	0.00973
28	0.03308	0.02562	0.02758	0.02386	0.03103	0.02894	0.01882	0.12092	0.39512	0.09281	0.04445	0.04087	0.03269	0.01540	0.01179	0.00385	0.00978	0.01264	0.01202	0.01872
29	0.10482	0.01892	0.02444	0.01933	0.02727	0.01706	0.01580	0.04964	0.03198	0.41429	0.10959	0.04440	0.03881	0.01540	0.01157	0.00361	0.00918	0.01252	0.01350	0.01787
30	0.04421	0.03258	0.03490	0.02676	0.03607	0.03607	0.02211	0.47993	0.05468	0.07330	0.02792	0.02792	0.01978	0.01396	0.01163	0.00349	0.01280	0.01047	0.01163	0.01978
31	0.49108	0.02170	0.02000	0.01688	0.02460	0.02345	0.01392	0.04079	0.02375	0.19148	0.02491	0.02497	0.01735	0.01185	0.00852	0.00360	0.00926	0.00788	0.00931	0.01471
32	0.03002	0.48886	0.05611	0.02193	0.02998	0.04403	0.02096	0.03352	0.02252	0.02748	0.01600	0.01995	0.01499	0.01194	0.01333	0.00298	0.11892	0.00698	0.00500	0.01450
33	0.02683	0.02885	0.05750	0.12311	0.05935	0.02880	0.34412	0.03961	0.09379	0.03774	0.02649	0.03303	0.01987	0.01093	0.01314	0.00392	0.01751	0.01313	0.00662	0.01566
34	0.12769	0.02868	0.07819	0.02506	0.03338	0.02796	0.06244	0.12464	0.21199	0.05089	0.03347	0.03395	0.02500	0.01347	0.01085	0.00367	0.01122	0.01103	0.06971	0.01670
35	0.02089	0.01299	0.01626	0.01480	0.01872	0.01156	0.01133	0.02562	0.03141	0.11132	0.35007	0.08624	0.19656	0.02382	0.01344	0.00372	0.00621	0.02056	0.01254	0.01195
36	0.16160	0.02473	0.03035	0.07525	0.07829	0.02688	0.02126	0.14839	0.03297	0.19108	0.02859	0.02975	0.02013	0.01355	0.01326	0.00372	0.06333	0.00998	0.00988	0.01702
37	0.01581	0.01081	0.01343	0.01460	0.01638	0.01006	0.01025	0.01927	0.02554	0.03598	0.17278	0.33874	0.11853	0.02929	0.01346	0.00409	0.00616	0.02602	0.10874	0.01006
38	0.01966	0.01046	0.01569	0.01569	0.01600	0.01077	0.01077	0.01600	0.01569	0.02123	0.02186	0.03692	0.02154	0.04748	0.12096	0.56448	0.01328	0.01046	0.00523	0.00586
39	0.03109	0.59826	0.06095	0.01990	0.02985	0.04602	0.01990	0.03483	0.02363	0.02736	0.01617	0.01866	0.01493	0.00995	0.00746	0.00249	0.01244	0.00622	0.00498	0.01493
40	0.02876	0.02020	0.02340	0.02128	0.02698	0.02171	0.01692	0.04851	0.27713	0.11856	0.13256	0.06312	0.05227	0.01933	0.01275	0.00404	0.00886	0.07520	0.01223	0.01619
41	0.28514	0.03397	0.16325	0.02300	0.03324	0.02685	0.02314	0.08260	0.09369	0.09350	0.02578	0.02672	0.01863	0.01221	0.00976	0.00366	0.01173	0.00880	0.00831	0.01604
42	0.02891	0.02515	0.03091	0.03165	0.09988	0.02915	0.02236	0.08838	0.27343	0.04498	0.03804	0.04450	0.03108	0.01695	0.01630	0.00413	0.09908	0.04836	0.00979	0.01698
43	0.04303	0.02276	0.02618	0.02206	0.02948	0.06549	0.01801	0.05157	0.09842	0.33968	0.04596	0.05230	0.03427	0.01706	0.01227	0.00386	0.01091	0.07630	0.01272	0.01766
44	0.02456	0.11554	0.07836	0.18268	0.11754	0.02718	0.02596	0.03521	0.09322	0.03693	0.11215	0.03995	0.03553	0.01389	0.01131	0.00355	0.01221	0.01186	0.00752	0.01486
45	0.14137	0.01758	0.02525	0.02140	0.02667	0.01709	0.09620	0.02641	0.02472	0.03978	0.10929	0.20393	0.04950	0.02034	0.01188	0.00376	0.00937	0.01839	0.06699	0.07008

[dist]
# distance from previous block
# <min> <max>
0	1

[block]
# block no. 3 follows, 10 sequences, length 20
# corresponding to MSA columns:
# 596-615
name=unknown_D
#
# <colnr> <probs for GDERKNQSTAVLIFYWHMCP>
#	G	D	E	R	K	N	Q	S	T	A	V	L	I	F	Y	W	H	M	C	P
0	0.02006	0.01540	0.01870	0.01783	0.02042	0.01620	0.01322	0.08286	0.02845	0.03836	0.14373	0.24660	0.12759	0.07819	0.02030	0.00486	0.06273	0.02278	0.01040	0.01132
1	0.16556	0.01923	0.02423	0.12002	0.03544	0.01964	0.01779	0.04299	0.02747	0.27121	0.03414	0.03440	0.02323	0.01304	0.01029	0.00353	0.01014	0.01025	0.10158	0.01581
2	0.03045	0.10244	0.03218	0.02211	0.02882	0.02534	0.06031	0.09919	0.12409	0.09629	0.07791	0.04313	0.03459	0.06606	0.01527	0.00410	0.01055	0.01244	0.09949	0.01524
3	0.02548	0.09676	0.02408	0.01710	0.02097	0.02081	0.01255	0.03410	0.13107	0.08375	0.03728	0.05661	0.03546	0.31492	0.03591	0.00753	0.01081	0.01399	0.00866	0.01215
4	0.02349	0.10370	0.08303	0.20290	0.09559	0.02547	0.07440	0.03030	0.02417	0.03304	0.02836	0.10763	0.02597	0.01471	0.01131	0.00363	0.01325	0.01323	0.07209	0.01372
5	0.45829	0.02064	0.01968	0.11760	0.03234	0.02375	0.01576	0.03088	0.02139	0.04504	0.03135	0.03427	0.08376	0.01358	0.00895	0.00370	0.00978	0.00963	0.00732	0.01227
6	0.02545	0.02545	0.03562	0.03053	0.03053	0.03562	0.02545	0.02799	0.01781	0.02799	0.01527	0.02545	0.01527	0.02036	0.03817	0.00509	0.56997	0.01018	0.00509	0.01272
7	0.03602	0.03848	0.07741	0.08549	0.04069	0.17716	0.02432	0.16717	0.14875	0.04659	0.02833	0.02969	0.02127	0.01332	0.01130	0.00352	0.01495	0.01008	0.00877	0.01668
8	0.49442	0.02363	0.02207	0.09407	0.03249	0.02744	0.01669	0.09536	0.02512	0.05195	0.01845	0.02185	0.01400	0.01135	0.00844	0.00362	0.01044	0.00745	0.00753	0.01364
9	0.04109	0.02956	0.03157	0.02455	0.03295	0.03257	0.02017	0.41714	0.05048	0.06915	0.02931	0.03006	0.02117	0.01390	0.01115	0.00338	0.01178	0.01052	0.10095	0.01854
10	0.01646	0.01189	0.01555	0.01463	0.01738	0.01097	0.01097	0.02195	0.03292	0.04664	0.51257	0.08688	0.10974	0.02378	0.01372	0.00366	0.00549	0.02103	0.01280	0.01097
11	0.02879	0.02763	0.04721	0.07139	0.51871	0.02763	0.03569	0.03569	0.02648	0.03800	0.02188	0.02879	0.01842	0.01036	0.01151	0.00345	0.01382	0.01036	0.00576	0.01842
12	0.04032	0.02669	0.02978	0.02416	0.03236	0.02888	0.01952	0.22192	0.21695	0.17122	0.03950	0.03652	0.02785	0.01475	0.01172	0.00369	0.01075	0.01177	0.01236	0.01926
13	0.01623	0.01171	0.01534	0.01479	0.01732	0.01082	0.01096	0.02136	0.03184	0.04492	0.46706	0.13730	0.10641	0.02506	0.01383	0.00377	0.00561	0.02225	0.01260	0.01082
14	0.03768	0.07942	0.02782	0.01973	0.02698	0.02372	0.01628	0.12774	0.09955	0.20292	0.03771	0.03673	0.02688	0.01385	0.01039	0.00329	0.00949	0.01090	0.17204	0.01688
15	0.02382	0.02113	0.02908	0.02211	0.03070	0.01847	0.07907	0.03354	0.09190	0.04094	0.11705	0.03958	0.03717	0.01262	0.01074	0.00270	0.00966	0.01137	0.00854	0.35980
16	0.02263	0.02023	0.03282	0.20233	0.04760	0.02275	0.08695	0.06009	0.02601	0.03464	0.03641	0.15665	0.03672	0.02068	0.01586	0.00438	0.06717	0.08558	0.00776	0.01274
17	0.02698	0.02110	0.02564	0.01900	0.02809	0.01783	0.01536	0.03180	0.02433	0.08427	0.02253	0.02576	0.01814	0.01044	0.01211	0.00227	0.06940	0.00771	0.00742	0.52981
18	0.18829	0.08239	0.07262	0.02137	0.02947	0.02714	0.01888	0.09057	0.13906	0.11201	0.03360	0.08031	0.02723	0.01507	0.01045	0.00367	0.01045	0.01173	0.00965	0.01607
19	0.15827	0.02764	0.02600	0.02131	0.02856	0.07713	0.01721	0.23301	0.03843	0.09236	0.02807	0.02948	0.02062	0.01313	0.01000	0.00332	0.01120	0.00956	0.13867	0.01604

[dist]
# distance from previous block
# <min> <max>
0	8

[block]
# block no. 4 follows, 10 sequences, length 25
# corresponding to MSA columns:
# 624-648
name=unknown_E
#
# <colnr> <probs for GDERKNQSTAVLIFYWHMCP>
#	G	D	E	R	K	N	Q	S	T	A	V	L	I	F	Y	W	H	M	C	P
0	0.14769	0.12306	0.11671	0.13822	0.04269	0.06413	0.02404	0.03367	0.02375	0.03627	0.01895	0.02359	0.01504	0.01053	0.00935	0.00308	0.01310	0.00774	0.00587	0.14251
1	0.03426	0.37352	0.05039	0.02340	0.03174	0.09692	0.02118	0.11788	0.02977	0.03607	0.01845	0.02135	0.01587	0.01203	0.01184	0.00301	0.07301	0.00757	0.00633	0.01543
2	0.01571	0.01186	0.01451	0.01385	0.01692	0.01066	0.01038	0.02050	0.03115	0.04244	0.40371	0.09379	0.22122	0.02534	0.01373	0.00373	0.00560	0.02200	0.01225	0.01066
3	0.01691	0.01128	0.01268	0.01268	0.01268	0.01128	0.00705	0.01691	0.01691	0.02255	0.03665	0.07611	0.04228	0.59126	0.05920	0.01128	0.01128	0.01691	0.00705	0.00705
4	0.04643	0.01852	0.02515	0.01972	0.02771	0.01611	0.01611	0.05109	0.03323	0.44949	0.12099	0.04720	0.04182	0.01590	0.01202	0.00361	0.00919	0.01320	0.01414	0.01837
5	0.03749	0.02924	0.03112	0.02540	0.03351	0.03293	0.02048	0.29597	0.24960	0.06245	0.03646	0.03473	0.02670	0.01476	0.01172	0.00369	0.01122	0.01165	0.01172	0.01918
6	0.55129	0.02031	0.01592	0.01446	0.02082	0.02323	0.01176	0.03286	0.02065	0.05053	0.02027	0.02348	0.01582	0.01131	0.00737	0.00343	0.00833	0.00715	0.12874	0.01227
7	0.23211	0.02027	0.02212	0.01802	0.02550	0.02042	0.01474	0.08192	0.02968	0.26790	0.03418	0.03300	0.02334	0.01315	0.00977	0.00345	0.00916	0.00984	0.11524	0.01620
8	0.02145	0.01950	0.03229	0.47610	0.07109	0.02384	0.03012	0.02881	0.02382	0.03053	0.02726	0.04713	0.02378	0.01493	0.01234	0.00411	0.01473	0.07956	0.00606	0.01256
9	0.03109	0.59826	0.06095	0.01990	0.02985	0.04602	0.01990	0.03483	0.02363	0.02736	0.01617	0.01866	0.01493	0.00995	0.00746	0.00249	0.01244	0.00622	0.00498	0.01493
10	0.67341	0.02249	0.01709	0.01529	0.02249	0.02609	0.01260	0.03419	0.01979	0.05218	0.01619	0.01889	0.01260	0.01080	0.00720	0.00360	0.00900	0.00630	0.00720	0.01260
11	0.13673	0.02268	0.03192	0.17481	0.04602	0.02452	0.06995	0.04442	0.11472	0.16979	0.03195	0.03370	0.02254	0.01281	0.01120	0.00378	0.01222	0.01094	0.00927	0.01602
12	0.01488	0.01135	0.01378	0.01494	0.01732	0.01025	0.01099	0.01815	0.02598	0.03358	0.15509	0.28729	0.23636	0.03145	0.01440	0.00434	0.00667	0.07211	0.01111	0.00996
13	0.03468	0.01827	0.02345	0.02097	0.02672	0.01767	0.01708	0.10831	0.03286	0.22742	0.05068	0.16925	0.04679	0.02330	0.01345	0.00426	0.00995	0.12724	0.01228	0.01538
14	0.01528	0.01098	0.01449	0.01544	0.01711	0.01019	0.01088	0.01898	0.02742	0.03789	0.28112	0.34327	0.09280	0.03031	0.01430	0.00421	0.00614	0.02724	0.01177	0.01019
15	0.01984	0.01023	0.01488	0.01488	0.01488	0.01023	0.00976	0.01535	0.01535	0.02046	0.02203	0.03989	0.02266	0.10169	0.04698	0.58926	0.01023	0.01086	0.00527	0.00527
16	0.03109	0.59826	0.06095	0.01990	0.02985	0.04602	0.01990	0.03483	0.02363	0.02736	0.01617	0.01866	0.01493	0.00995	0.00746	0.00249	0.01244	0.00622	0.00498	0.01493
17	0.03734	0.01741	0.02186	0.01853	0.02509	0.01620	0.01506	0.04493	0.08011	0.29581	0.05408	0.05746	0.08585	0.01778	0.01179	0.00370	0.00875	0.05542	0.11660	0.01623
18	0.02196	0.02067	0.03488	0.56331	0.08010	0.02584	0.03230	0.02972	0.02326	0.02972	0.02067	0.03101	0.01550	0.01163	0.01163	0.00388	0.01550	0.01034	0.00517	0.01292
19	0.02470	0.08020	0.07700	0.02969	0.10764	0.02247	0.07058	0.06601	0.02903	0.04133	0.11269	0.04852	0.08735	0.01539	0.01126	0.00337	0.01075	0.01347	0.13436	0.01420
20	0.10270	0.02354	0.02684	0.02052	0.02909	0.02282	0.01674	0.11651	0.02949	0.08746	0.02314	0.02573	0.01798	0.01161	0.01245	0.00279	0.06954	0.00826	0.00827	0.34451
21	0.19201	0.02110	0.02565	0.12104	0.03671	0.02226	0.01871	0.08755	0.03039	0.21691	0.08398	0.03699	0.03042	0.01400	0.01081	0.00365	0.01055	0.01104	0.01045	0.01578
22	0.02415	0.01905	0.02694	0.26459	0.04909	0.02155	0.02234	0.03557	0.11726	0.07938	0.11765	0.05187	0.08952	0.01655	0.01224	0.00384	0.01116	0.01425	0.00909	0.01392
23	0.03188	0.01880	0.02364	0.06805	0.03009	0.01973	0.01720	0.07855	0.12510	0.15662	0.03907	0.04823	0.03106	0.02040	0.01722	0.10968	0.01013	0.05773	0.08227	0.01455
24	0.14139	0.17713	0.03445	0.07266	0.03254	0.02947	0.01807	0.10632	0.02891	0.08537	0.02392	0.02647	0.01842	0.01154	0.00906	0.00301	0.01083	0.00837	0.07778	0.08428

[dist]
# distance from previous block
# <min> <max>
8	108

[block]
# block no. 5 follows, 10 sequences, length 21
# corresponding to MSA columns:
# 757-777
name=unknown_F
#
# <colnr> <probs for GDERKNQSTAVLIFYWHMCP>
#	G	D	E	R	K	N	Q	S	T	A	V	L	I	F	Y	W	H	M	C	P
0	0.09882	0.09448	0.03220	0.07764	0.08217	0.02589	0.01999	0.07434	0.07691	0.08632	0.02662	0.03001	0.02084	0.01918	0.06401	0.00468	0.01314	0.00941	0.00797	0.13539
1	0.08940	0.01802	0.02516	0.13326	0.09544	0.01835	0.01938	0.02960	0.02606	0.08688	0.12461	0.14259	0.04638	0.01827	0.01187	0.00367	0.00988	0.01598	0.00903	0.07616
2	0.02852	0.07888	0.04682	0.19123	0.11434	0.02708	0.15749	0.03580	0.02601	0.08340	0.02376	0.02984	0.01795	0.01075	0.01153	0.00346	0.01494	0.01073	0.00653	0.08093
3	0.33120	0.02316	0.03019	0.08950	0.14320	0.02523	0.06297	0.03259	0.02210	0.04218	0.02071	0.02938	0.01770	0.06936	0.01451	0.00440	0.01201	0.00942	0.00652	0.01367
4	0.02836	0.12696	0.08359	0.17859	0.04366	0.02435	0.02325	0.03445	0.02658	0.13205	0.09093	0.09227	0.03596	0.01583	0.01141	0.00361	0.01186	0.01331	0.00848	0.01450
5	0.02641	0.01882	0.02158	0.01960	0.02511	0.01949	0.01533	0.04266	0.22065	0.08988	0.08559	0.10708	0.04567	0.01893	0.01194	0.00373	0.00839	0.05494	0.08034	0.08385
6	0.02413	0.02787	0.10133	0.13712	0.14679	0.02324	0.10890	0.03168	0.02491	0.03528	0.02611	0.08760	0.02331	0.01303	0.01167	0.00344	0.01383	0.01250	0.00632	0.14092
7	0.02226	0.02030	0.02724	0.02346	0.02598	0.02433	0.01892	0.02580	0.02239	0.03363	0.11809	0.09640	0.04053	0.02056	0.02547	0.00415	0.29663	0.01411	0.00753	0.13222
8	0.10065	0.02936	0.03064	0.02474	0.03303	0.03299	0.02009	0.31325	0.18216	0.06397	0.03252	0.03162	0.02373	0.01419	0.01126	0.00364	0.01137	0.01086	0.01126	0.01868
9	0.01612	0.01188	0.01507	0.01427	0.01717	0.01083	0.01071	0.02129	0.03212	0.04473	0.46311	0.09002	0.16039	0.02449	0.01372	0.00369	0.00554	0.02147	0.01255	0.01083
10	0.02893	0.02498	0.02630	0.02367	0.03024	0.02893	0.01841	0.06180	0.49770	0.04865	0.04734	0.04339	0.03550	0.01578	0.01183	0.00394	0.00920	0.01315	0.01183	0.01841
11	0.04421	0.03258	0.03490	0.02676	0.03607	0.03607	0.02211	0.47993	0.05468	0.07330	0.02792	0.02792	0.01978	0.01396	0.01163	0.00349	0.01280	0.01047	0.01163	0.01978
12	0.02116	0.01403	0.01741	0.01646	0.02006	0.01349	0.01234	0.02912	0.08868	0.09344	0.28850	0.17043	0.11984	0.02460	0.01348	0.00391	0.00669	0.02158	0.01231	0.01246
13	0.03399	0.01651	0.02153	0.01875	0.02434	0.01529	0.01456	0.04095	0.07699	0.26900	0.14262	0.17526	0.05662	0.02149	0.01284	0.00391	0.00823	0.01863	0.01299	0.01551
14	0.01691	0.01128	0.01268	0.01268	0.01268	0.01128	0.00705	0.01691	0.01691	0.02255	0.03665	0.07611	0.04228	0.59126	0.05920	0.01128	0.01128	0.01691	0.00705	0.00705
15	0.02200	0.07642	0.02140	0.01700	0.02094	0.01667	0.01295	0.06663	0.02744	0.07595	0.06605	0.31710	0.15929	0.02799	0.01323	0.00409	0.00801	0.02428	0.01056	0.01199
16	0.02701	0.02721	0.03373	0.02665	0.03287	0.08090	0.06515	0.03144	0.02308	0.03318	0.01868	0.02499	0.01631	0.01341	0.02018	0.00332	0.21732	0.00884	0.00603	0.28970
17	0.14867	0.18956	0.04038	0.02418	0.03149	0.03311	0.07516	0.08051	0.07605	0.03972	0.02345	0.02996	0.02013	0.06682	0.01703	0.00422	0.06820	0.00975	0.00711	0.01449
18	0.21970	0.07762	0.07935	0.02218	0.03108	0.02951	0.01992	0.12973	0.13636	0.10221	0.02910	0.02891	0.02128	0.01287	0.00999	0.00357	0.01100	0.00945	0.00945	0.01673
19	0.08081	0.08467	0.04172	0.08645	0.04197	0.02680	0.15914	0.07522	0.02607	0.03723	0.02450	0.03279	0.02029	0.03338	0.16905	0.00806	0.02023	0.01123	0.00650	0.01389
20	0.02209	0.01881	0.01941	0.01866	0.02202	0.06775	0.01380	0.06579	0.08064	0.04178	0.22604	0.23293	0.07402	0.02505	0.01339	0.00396	0.00846	0.02187	0.01127	0.01227

[dist]
# distance from previous block
# <min> <max>
0	1

[block]
# block no. 6 follows, 10 sequences, length 12
# corresponding to MSA columns:
# 779-790
name=unknown_G
#
# <colnr> <probs for GDERKNQSTAVLIFYWHMCP>
#	G	D	E	R	K	N	Q	S	T	A	V	L	I	F	Y	W	H	M	C	P
0	0.02753	0.01390	0.01863	0.01719	0.02129	0.01247	0.01295	0.03148	0.02931	0.20033	0.20025	0.24525	0.07133	0.02509	0.01344	0.00401	0.00739	0.02214	0.01263	0.01337
1	0.04242	0.02739	0.03071	0.02442	0.03297	0.02940	0.01989	0.26618	0.16044	0.18362	0.03741	0.03480	0.02604	0.01453	0.01170	0.00363	0.01115	0.01146	0.01239	0.01944
2	0.17797	0.02461	0.02648	0.02167	0.02973	0.02638	0.01760	0.14931	0.15457	0.19887	0.03579	0.03347	0.02499	0.01388	0.01075	0.00366	0.01018	0.01063	0.01156	0.01789
3	0.59084	0.02382	0.01943	0.01680	0.02427	0.02740	0.01384	0.09268	0.02437	0.05495	0.01773	0.02008	0.01354	0.01121	0.00778	0.00358	0.00950	0.00685	0.00778	0.01354
4	0.26634	0.09039	0.02857	0.01952	0.02804	0.02618	0.01652	0.10280	0.03028	0.24119	0.02959	0.02832	0.02028	0.01255	0.00961	0.00345	0.01027	0.00900	0.01040	0.01670
5	0.11469	0.01912	0.02611	0.08450	0.03300	0.01955	0.05483	0.07422	0.03028	0.13295	0.15770	0.11759	0.05040	0.01847	0.01218	0.00381	0.00997	0.01607	0.01050	0.01405
6	0.03109	0.59826	0.06095	0.01990	0.02985	0.04602	0.01990	0.03483	0.02363	0.02736	0.01617	0.01866	0.01493	0.00995	0.00746	0.00249	0.01244	0.00622	0.00498	0.01493
7	0.37230	0.08913	0.02343	0.01707	0.02387	0.02705	0.01413	0.03934	0.12476	0.04734	0.02582	0.02740	0.02011	0.01214	0.00836	0.00343	0.00898	0.00837	0.09307	0.01390
8	0.01805	0.01340	0.01800	0.02119	0.07431	0.01271	0.01395	0.02275	0.02769	0.03892	0.21235	0.16416	0.13661	0.02471	0.01317	0.00391	0.00728	0.06836	0.09710	0.01136
9	0.01615	0.01188	0.01512	0.01431	0.01719	0.01084	0.01073	0.02135	0.03219	0.04491	0.46769	0.08973	0.15571	0.02442	0.01372	0.00369	0.00553	0.02143	0.01258	0.01084
10	0.02801	0.02685	0.04581	0.12703	0.46910	0.02743	0.03531	0.03502	0.02612	0.03706	0.02174	0.02904	0.01809	0.01051	0.01153	0.00350	0.01401	0.01036	0.00569	0.01780
11	0.01657	0.01205	0.01475	0.01577	0.01709	0.01195	0.01055	0.02142	0.06675	0.03186	0.11531	0.33414	0.06839	0.17778	0.02600	0.00622	0.00799	0.02537	0.01018	0.00986

[dist]
# distance from previous block
# <min> <max>
0	82

[block]
# block no. 7 follows, 10 sequences, length 16
# corresponding to MSA columns:
# 875-890
name=unknown_H
#
# <colnr> <probs for GDERKNQSTAVLIFYWHMCP>
#	G	D	E	R	K	N	Q	S	T	A	V	L	I	F	Y	W	H	M	C	P
0	0.07821	0.02494	0.03679	0.19584	0.11809	0.02739	0.07641	0.14631	0.03192	0.04469	0.02738	0.08863	0.02367	0.01446	0.01186	0.00379	0.01359	0.01290	0.00776	0.01539
1	0.17928	0.02096	0.02884	0.12448	0.03911	0.02255	0.07602	0.03709	0.08637	0.10569	0.03489	0.13282	0.03083	0.01669	0.01148	0.00394	0.01130	0.01456	0.00890	0.01420
2	0.12344	0.02479	0.03457	0.13922	0.20212	0.02594	0.02584	0.09571	0.02911	0.08816	0.02373	0.02816	0.01805	0.01133	0.01064	0.00339	0.01238	0.00954	0.00756	0.08633
3	0.14771	0.02113	0.03035	0.02373	0.03179	0.01962	0.10789	0.03279	0.02630	0.08623	0.09370	0.04607	0.03539	0.01438	0.01116	0.00335	0.01084	0.05729	0.00865	0.19161
4	0.02103	0.01898	0.02840	0.19517	0.04196	0.02389	0.02278	0.02613	0.02311	0.03264	0.13227	0.04407	0.03878	0.02791	0.09666	0.00632	0.18778	0.01302	0.00703	0.01205
5	0.67341	0.02249	0.01709	0.01529	0.02249	0.02609	0.01260	0.03419	0.01979	0.05218	0.01619	0.01889	0.01260	0.01080	0.00720	0.00360	0.00900	0.00630	0.00720	0.01260
6	0.01514	0.01184	0.01372	0.01325	0.01657	0.01041	0.00994	0.01940	0.02981	0.03926	0.32116	0.09902	0.30576	0.02653	0.01373	0.00379	0.00568	0.02274	0.01183	0.01041
7	0.02953	0.02450	0.02621	0.02306	0.02956	0.02784	0.01806	0.11215	0.38719	0.05166	0.09725	0.04627	0.04181	0.01644	0.01202	0.00385	0.00926	0.01369	0.01192	0.01775
8	0.11981	0.02323	0.02681	0.02204	0.02768	0.02645	0.01810	0.15585	0.03213	0.13989	0.02873	0.03121	0.02135	0.01501	0.01645	0.00374	0.13700	0.01016	0.12878	0.01559
9	0.01613	0.01284	0.01471	0.01568	0.01837	0.01237	0.01118	0.02290	0.09179	0.03302	0.08096	0.33733	0.22764	0.03098	0.01402	0.00433	0.00679	0.02716	0.01095	0.01086
10	0.04805	0.01858	0.02481	0.01936	0.02751	0.01625	0.01588	0.05268	0.03208	0.46135	0.04481	0.04010	0.02893	0.01428	0.01121	0.00348	0.00929	0.01158	0.10119	0.01858
11	0.02067	0.01245	0.01666	0.01682	0.01960	0.01148	0.01261	0.02467	0.02817	0.10373	0.22554	0.27716	0.08130	0.02833	0.01414	0.00425	0.00716	0.07170	0.01201	0.01155
12	0.04023	0.10577	0.03894	0.02705	0.03491	0.08816	0.05130	0.20421	0.03740	0.13903	0.02666	0.02804	0.01956	0.01391	0.01475	0.00357	0.08989	0.01000	0.00940	0.01723
13	0.02713	0.02289	0.02690	0.02003	0.02910	0.02062	0.01623	0.09360	0.02781	0.04189	0.02113	0.02480	0.01738	0.01065	0.01223	0.00234	0.06977	0.00776	0.00737	0.50037
14	0.03168	0.07214	0.08244	0.03258	0.04201	0.02720	0.19247	0.08108	0.09052	0.10559	0.02894	0.03271	0.02155	0.01515	0.01591	0.07787	0.01450	0.01171	0.00811	0.01583
15	0.49693	0.02230	0.01921	0.01670	0.02354	0.02524	0.01361	0.09090	0.02625	0.05416	0.08873	0.02980	0.02743	0.01307	0.00871	0.00359	0.00899	0.00895	0.00858	0.01331

[dist]
# distance from previous block
# <min> <max>
0	9

[block]
# block no. 8 follows, 10 sequences, length 15
# corresponding to MSA columns:
# 900-914
name=unknown_I
#
# <colnr> <probs for GDERKNQSTAVLIFYWHMCP>
#	G	D	E	R	K	N	Q	S	T	A	V	L	I	F	Y	W	H	M	C	P
0	0.04019	0.08375	0.03713	0.03315	0.12904	0.03008	0.02300	0.20279	0.08658	0.16829	0.03188	0.03158	0.02282	0.01314	0.01123	0.00346	0.01190	0.01060	0.01049	0.01889
1	0.02191	0.02065	0.03629	0.36556	0.06341	0.02357	0.10376	0.02847	0.02272	0.02959	0.02433	0.04002	0.02118	0.12627	0.02142	0.00535	0.01537	0.01222	0.00566	0.01223
2	0.01653	0.01271	0.01582	0.01567	0.01897	0.01097	0.01123	0.01993	0.02507	0.03469	0.14552	0.33237	0.11431	0.02784	0.01329	0.00385	0.00680	0.02476	0.01040	0.13927
3	0.02422	0.01554	0.02285	0.02779	0.11879	0.01461	0.01690	0.02803	0.02623	0.12355	0.09973	0.32223	0.06003	0.02592	0.01349	0.00415	0.00859	0.02340	0.01066	0.01327
4	0.02846	0.01743	0.02147	0.01814	0.02332	0.01706	0.01430	0.11910	0.03730	0.13926	0.33156	0.06658	0.07717	0.02012	0.01294	0.00361	0.00774	0.01724	0.01286	0.01432
5	0.04008	0.02845	0.02943	0.02357	0.03119	0.07883	0.01902	0.26846	0.04429	0.14599	0.12631	0.04104	0.03878	0.01579	0.01194	0.00349	0.01164	0.01249	0.01180	0.01740
6	0.01864	0.01115	0.01366	0.01423	0.01633	0.01161	0.01054	0.02298	0.02230	0.03577	0.04152	0.15824	0.03956	0.03956	0.16391	0.00773	0.01310	0.01600	0.33278	0.01041
7	0.02974	0.02587	0.02564	0.02304	0.02880	0.07856	0.01798	0.12501	0.24128	0.04803	0.09249	0.10227	0.04458	0.01905	0.01244	0.00391	0.01054	0.04370	0.01112	0.01596
8	0.17082	0.30600	0.04382	0.02100	0.03017	0.03881	0.01902	0.16890	0.03218	0.04646	0.01972	0.02150	0.01590	0.01134	0.00866	0.00302	0.01182	0.00752	0.00745	0.01590
9	0.17245	0.02743	0.02628	0.02164	0.02882	0.08068	0.01741	0.20547	0.03849	0.10561	0.12237	0.03818	0.03653	0.01508	0.01100	0.00351	0.01111	0.01150	0.01062	0.01585
10	0.02991	0.03215	0.03857	0.03566	0.08372	0.13445	0.06982	0.03683	0.07216	0.03214	0.02060	0.02733	0.01785	0.01617	0.02486	0.00428	0.29274	0.01032	0.00611	0.01433
11	0.02109	0.02689	0.12567	0.02560	0.02981	0.02421	0.02388	0.02605	0.02177	0.03111	0.04035	0.14773	0.08107	0.02361	0.02376	0.00466	0.24209	0.06089	0.00726	0.01251
12	0.02931	0.01646	0.02179	0.01933	0.02275	0.01786	0.01515	0.03289	0.02421	0.17415	0.03852	0.11681	0.03398	0.06709	0.07388	0.00595	0.12405	0.01466	0.13788	0.01328
13	0.01907	0.01242	0.01663	0.01680	0.01957	0.01162	0.01300	0.02376	0.02954	0.07557	0.29509	0.19190	0.08839	0.02737	0.01429	0.00422	0.00715	0.11029	0.01208	0.01125
14	0.01771	0.01166	0.01466	0.01457	0.01609	0.01228	0.01022	0.02075	0.02059	0.03059	0.08214	0.06025	0.04196	0.24772	0.21115	0.01136	0.01635	0.01459	0.13601	0.00933

[dist]
# distance from previous block
# <min> <max>
0	4

[block]
# block no. 9 follows, 10 sequences, length 11
# corresponding to MSA columns:
# 919-929
name=unknown_J
#
# <colnr> <probs for GDERKNQSTAVLIFYWHMCP>
#	G	D	E	R	K	N	Q	S	T	A	V	L	I	F	Y	W	H	M	C	P
0	0.03441	0.45388	0.05387	0.02214	0.03146	0.11558	0.02053	0.08947	0.02865	0.03299	0.01783	0.02009	0.01551	0.01072	0.00839	0.00268	0.01369	0.00691	0.00591	0.01530
1	0.03038	0.10542	0.02797	0.01920	0.02558	0.02120	0.01548	0.09536	0.03044	0.14266	0.07733	0.19908	0.04466	0.02028	0.01177	0.00353	0.00926	0.01722	0.01048	0.09270
2	0.02460	0.02279	0.02567	0.10423	0.03352	0.08656	0.01947	0.07934	0.02681	0.03443	0.03872	0.26370	0.04206	0.02408	0.01762	0.00430	0.11173	0.01965	0.00842	0.01229
3	0.08105	0.09803	0.03490	0.24006	0.05065	0.07977	0.02396	0.09619	0.02858	0.03852	0.02051	0.02602	0.01601	0.01126	0.01019	0.00321	0.01372	0.00872	0.00657	0.11208
4	0.02428	0.01951	0.02278	0.01830	0.02588	0.01679	0.01416	0.08970	0.02796	0.04071	0.03342	0.17564	0.03370	0.01688	0.01072	0.00278	0.00870	0.01446	0.00862	0.39501
5	0.08318	0.08069	0.10875	0.08945	0.04018	0.03100	0.02483	0.16447	0.09981	0.08706	0.02747	0.02926	0.02020	0.01336	0.01258	0.00366	0.04839	0.00994	0.00877	0.01695
6	0.11084	0.03218	0.15973	0.02252	0.03208	0.02417	0.02258	0.15198	0.03285	0.08658	0.03820	0.03910	0.07918	0.01462	0.01068	0.00351	0.01141	0.01129	0.10079	0.01572
7	0.53734	0.02390	0.02529	0.02520	0.08771	0.02657	0.05543	0.03464	0.02129	0.04913	0.01754	0.02120	0.01376	0.01066	0.00830	0.00361	0.01051	0.00744	0.00690	0.01359
8	0.02796	0.10766	0.02995	0.01797	0.02812	0.02026	0.01503	0.03284	0.02495	0.08484	0.02250	0.02483	0.01803	0.00939	0.00875	0.00202	0.00932	0.00727	0.00735	0.50096
9	0.02134	0.01720	0.02112	0.10319	0.03067	0.01814	0.01606	0.08312	0.08724	0.04172	0.16641	0.13089	0.17189	0.02260	0.01304	0.00390	0.00868	0.01939	0.01060	0.01280
10	0.03579	0.01918	0.02592	0.15245	0.03924	0.01990	0.01941	0.04553	0.09924	0.24595	0.03849	0.03873	0.02673	0.01377	0.01106	0.00356	0.01036	0.01143	0.12696	0.01629

[dist]
# distance from previous block
# <min> <max>
4	13

[block]
# block no. 10 follows, 10 sequences, length 32
# corresponding to MSA columns:
# 946-977
name=unknown_K
#
# <colnr> <probs for GDERKNQSTAVLIFYWHMCP>
#	G	D	E	R	K	N	Q	S	T	A	V	L	I	F	Y	W	H	M	C	P
0	0.02944	0.16315	0.03956	0.02543	0.02995	0.03395	0.02192	0.03277	0.02154	0.08074	0.01927	0.02512	0.01681	0.01589	0.02464	0.00392	0.31328	0.00900	0.00623	0.08738
1	0.10216	0.02313	0.02858	0.06498	0.03455	0.02520	0.05817	0.08979	0.20241	0.08240	0.04521	0.05049	0.07386	0.01673	0.01196	0.00394	0.01082	0.04946	0.01026	0.01590
2	0.09501	0.03119	0.03061	0.02859	0.08165	0.12930	0.02060	0.18718	0.03842	0.12431	0.08787	0.03502	0.03072	0.01422	0.01128	0.00344	0.01284	0.01102	0.01008	0.01666
3	0.08938	0.02557	0.02834	0.15324	0.04197	0.08228	0.02106	0.04619	0.14008	0.15761	0.03250	0.03336	0.02335	0.01303	0.01096	0.00354	0.01217	0.01041	0.00941	0.06555
4	0.03804	0.02793	0.03099	0.02547	0.03317	0.03057	0.02129	0.36945	0.04792	0.06397	0.03608	0.05295	0.03121	0.01836	0.01271	0.00394	0.01229	0.11468	0.01141	0.01758
5	0.01685	0.01152	0.01391	0.01391	0.01433	0.01194	0.00857	0.01770	0.01728	0.02346	0.03553	0.06991	0.03959	0.48853	0.15825	0.01279	0.01533	0.01601	0.00688	0.00773
6	0.01669	0.01217	0.01724	0.01724	0.01881	0.01375	0.01272	0.01983	0.01826	0.02592	0.03248	0.05306	0.03228	0.20939	0.42739	0.01689	0.02634	0.01354	0.00643	0.00958
7	0.01851	0.01582	0.01665	0.01611	0.01936	0.05749	0.01236	0.02326	0.03101	0.04080	0.34425	0.09071	0.17734	0.02474	0.01369	0.00383	0.00746	0.06409	0.01159	0.01094
8	0.03316	0.02441	0.03997	0.15231	0.31708	0.02474	0.03054	0.03965	0.02752	0.15489	0.02747	0.03182	0.02038	0.01158	0.01158	0.00357	0.01319	0.01068	0.00774	0.01771
9	0.03524	0.01956	0.02385	0.01866	0.02670	0.01716	0.01495	0.08462	0.03049	0.21887	0.03631	0.08105	0.02831	0.01425	0.01053	0.00296	0.00899	0.01173	0.08376	0.23199
10	0.31457	0.02175	0.02201	0.01830	0.02583	0.02306	0.01494	0.08330	0.06413	0.20328	0.03090	0.03023	0.02160	0.01284	0.00946	0.00354	0.00934	0.00930	0.06580	0.01582
11	0.01880	0.01332	0.01856	0.14664	0.02952	0.01457	0.01378	0.01966	0.01809	0.02381	0.02945	0.05695	0.03133	0.33953	0.04489	0.14081	0.01206	0.01394	0.00619	0.00807
12	0.04015	0.03229	0.04308	0.03215	0.04206	0.03445	0.13223	0.37264	0.04808	0.06456	0.02686	0.02876	0.01926	0.01295	0.01214	0.00359	0.01445	0.01126	0.01024	0.01879
13	0.02384	0.01956	0.02262	0.01651	0.02598	0.01498	0.01314	0.02904	0.02415	0.03852	0.02262	0.02629	0.01865	0.00917	0.00856	0.00183	0.00825	0.00734	0.08020	0.58876
14	0.02651	0.30553	0.08656	0.15113	0.04088	0.03313	0.02279	0.03237	0.02376	0.03164	0.02159	0.02662	0.01773	0.01110	0.00891	0.00297	0.01233	0.00826	0.12230	0.01390
15	0.51605	0.02205	0.01880	0.01576	0.02372	0.02352	0.01288	0.03300	0.02084	0.04872	0.01728	0.02016	0.01372	0.01027	0.00754	0.00314	0.00890	0.00644	0.00712	0.17008
16	0.09421	0.08616	0.03129	0.06309	0.03413	0.08500	0.01937	0.07765	0.13612	0.20394	0.03438	0.03300	0.02433	0.01343	0.01076	0.00351	0.01179	0.01034	0.01040	0.01713
17	0.02905	0.01976	0.02807	0.07264	0.03137	0.02384	0.02029	0.03270	0.02218	0.14841	0.02823	0.03758	0.02359	0.07558	0.14083	0.00803	0.22500	0.01156	0.00775	0.01352
18	0.01571	0.01173	0.01460	0.01415	0.01699	0.01061	0.01051	0.02040	0.03077	0.04215	0.39544	0.12956	0.19266	0.02593	0.01381	0.00380	0.00567	0.02268	0.01223	0.01061
19	0.03813	0.01741	0.02246	0.01898	0.02555	0.01576	0.01498	0.04443	0.07081	0.32873	0.05849	0.15209	0.09942	0.02058	0.01256	0.00388	0.00874	0.01748	0.01304	0.01646
20	0.04155	0.02505	0.02808	0.02204	0.02993	0.02633	0.01804	0.28505	0.04332	0.17710	0.03432	0.03390	0.02401	0.01398	0.01094	0.00336	0.01059	0.01084	0.14360	0.01796
21	0.52285	0.02184	0.01949	0.01660	0.02424	0.02391	0.01369	0.03964	0.02306	0.16721	0.02339	0.02391	0.01652	0.01167	0.00829	0.00360	0.00921	0.00761	0.00894	0.01434
22	0.04614	0.02948	0.03299	0.02529	0.03452	0.03147	0.02089	0.37735	0.04950	0.18320	0.03228	0.03075	0.02196	0.01407	0.01165	0.00352	0.01209	0.01077	0.01230	0.01978
23	0.03640	0.02025	0.02513	0.07635	0.03222	0.02082	0.01761	0.11412	0.09155	0.21796	0.04091	0.08734	0.03134	0.01608	0.01140	0.00361	0.00984	0.01334	0.11723	0.01650
24	0.02940	0.45827	0.05202	0.01925	0.02930	0.03862	0.01842	0.03348	0.02375	0.02992	0.01726	0.01998	0.01548	0.00963	0.00774	0.00230	0.01151	0.00638	0.00544	0.17184
