[name]
unknown

[dist]
# distance from previous block
# <min> <max>
0	3

[block]
# block no. 0 follows, 13 sequences, length 9
# corresponding to MSA columns:
# 3-11
name=unknown_A
#
# <colnr> <probs for GDERKNQSTAVLIFYWHMCP>
#	G	D	E	R	K	N	Q	S	T	A	V	L	I	F	Y	W	H	M	C	P
0	0.01788	0.01408	0.02126	0.18751	0.03657	0.01543	0.02059	0.02338	0.02342	0.03031	0.04527	0.09304	0.04739	0.02384	0.01344	0.00448	0.01099	0.35253	0.00829	0.01031
1	0.01682	0.01252	0.01606	0.01599	0.01886	0.01242	0.01276	0.02455	0.08543	0.03951	0.35549	0.08618	0.08105	0.02299	0.01289	0.00380	0.00673	0.15429	0.01099	0.01066
2	0.02914	0.02533	0.03777	0.14571	0.32577	0.02705	0.02836	0.17399	0.03095	0.04249	0.02128	0.02629	0.01665	0.01056	0.01052	0.00322	0.01256	0.00944	0.00668	0.01624
3	0.01506	0.01118	0.01617	0.01593	0.01799	0.01228	0.01228	0.01919	0.02072	0.02969	0.18053	0.05232	0.04755	0.06269	0.42121	0.01306	0.02160	0.01357	0.00738	0.00959
4	0.03885	0.02022	0.02502	0.01885	0.02743	0.01809	0.01546	0.12612	0.03120	0.32915	0.03231	0.03012	0.02174	0.01151	0.00982	0.00276	0.00911	0.00918	0.01069	0.21238
5	0.02588	0.01799	0.02885	0.19280	0.08487	0.01913	0.08010	0.03176	0.02349	0.12527	0.02743	0.03240	0.02037	0.01157	0.01099	0.00320	0.03802	0.01011	0.20277	0.01299
6	0.14199	0.07176	0.22437	0.02114	0.03216	0.02151	0.02271	0.03298	0.02229	0.09526	0.02044	0.02250	0.01515	0.00964	0.00866	0.00274	0.01109	0.00718	0.00630	0.21011
7	0.14392	0.01886	0.02117	0.01620	0.02425	0.01670	0.01308	0.05912	0.02494	0.13319	0.06811	0.02861	0.02404	0.01053	0.00865	0.00240	0.00807	0.00821	0.00821	0.36174
8	0.09876	0.03114	0.21297	0.02379	0.03102	0.02345	0.02441	0.03011	0.02206	0.07973	0.11142	0.03288	0.02925	0.01470	0.01722	0.00370	0.18330	0.01018	0.00671	0.01322

[dist]
# distance from previous block
# <min> <max>
0	2

[block]
# block no. 1 follows, 13 sequences, length 156
# corresponding to MSA columns:
# 14-169
name=unknown_B
#
# <colnr> <probs for GDERKNQSTAVLIFYWHMCP>
#	G	D	E	R	K	N	Q	S	T	A	V	L	I	F	Y	W	H	M	C	P
0	0.08669	0.02739	0.14603	0.02108	0.03095	0.01944	0.02051	0.08341	0.02830	0.30989	0.03073	0.02910	0.02038	0.01155	0.00988	0.00309	0.01050	0.00906	0.00972	0.09231
1	0.03014	0.11312	0.12064	0.02199	0.03084	0.02647	0.02055	0.09886	0.21711	0.12004	0.03128	0.03020	0.02290	0.01208	0.00985	0.00313	0.01041	0.00953	0.00887	0.06200
2	0.02731	0.02519	0.04090	0.09707	0.46997	0.02587	0.03086	0.08729	0.02674	0.03761	0.02043	0.02622	0.01670	0.00986	0.01049	0.00317	0.01256	0.00943	0.00579	0.01654
3	0.03870	0.02545	0.02855	0.02199	0.03032	0.02658	0.01805	0.33695	0.07760	0.16817	0.02937	0.02825	0.02048	0.01235	0.01030	0.00304	0.01042	0.00957	0.01064	0.09322
4	0.03610	0.01575	0.02022	0.01606	0.02270	0.01371	0.01299	0.04051	0.02749	0.35416	0.07352	0.03819	0.03035	0.01292	0.00972	0.00290	0.00767	0.01056	0.16353	0.09093
5	0.02603	0.02550	0.04509	0.06263	0.50587	0.02530	0.08730	0.03261	0.02417	0.03447	0.02006	0.02643	0.01667	0.00936	0.01069	0.00319	0.01315	0.00976	0.00525	0.01647
6	0.04744	0.01799	0.02454	0.01881	0.02699	0.01554	0.01554	0.05153	0.03026	0.56979	0.04171	0.03599	0.02617	0.01309	0.01063	0.00327	0.00900	0.01063	0.01309	0.01799
7	0.02358	0.02070	0.03612	0.41920	0.13543	0.02345	0.08389	0.03049	0.02270	0.07205	0.02106	0.02857	0.01564	0.01043	0.01077	0.00345	0.01389	0.00984	0.00551	0.01322
8	0.64933	0.02025	0.01628	0.01431	0.02098	0.02305	0.01179	0.03276	0.01900	0.09028	0.01694	0.01872	0.01266	0.01008	0.00688	0.00327	0.00825	0.00613	0.00708	0.01199
9	0.03858	0.02875	0.03173	0.07041	0.03598	0.03205	0.02083	0.48738	0.04744	0.06348	0.02486	0.02561	0.01767	0.01252	0.01058	0.00320	0.01183	0.00951	0.01011	0.01748
10	0.02827	0.63478	0.05540	0.01809	0.02714	0.04184	0.01809	0.03166	0.02148	0.02488	0.01470	0.01696	0.01357	0.00905	0.00678	0.00226	0.01131	0.00565	0.00452	0.01357
11	0.01288	0.00920	0.01227	0.01472	0.01534	0.00859	0.00981	0.01472	0.02024	0.02699	0.05828	0.62152	0.06993	0.03312	0.01350	0.00429	0.00613	0.03006	0.00981	0.00859
12	0.01997	0.01879	0.03171	0.60301	0.07282	0.02349	0.02936	0.02701	0.02114	0.02701	0.01879	0.02819	0.01409	0.01057	0.01057	0.00352	0.01409	0.00940	0.00470	0.01175
13	0.01540	0.01168	0.01429	0.01348	0.01641	0.01102	0.01016	0.02185	0.06717	0.04023	0.44377	0.07983	0.17105	0.02193	0.01235	0.00339	0.00530	0.01912	0.01127	0.01030
14	0.02597	0.02421	0.03228	0.02719	0.02860	0.03245	0.02263	0.10897	0.02177	0.03230	0.01579	0.02351	0.01456	0.01754	0.03068	0.00438	0.50962	0.00930	0.00562	0.01263
15	0.01538	0.01025	0.01153	0.01153	0.01153	0.01025	0.00641	0.01538	0.01538	0.02050	0.03331	0.06919	0.03844	0.62842	0.05382	0.01025	0.01025	0.01538	0.00641	0.00641
16	0.02617	0.02512	0.04292	0.06490	0.56246	0.02512	0.03245	0.03245	0.02407	0.03454	0.01989	0.02617	0.01675	0.00942	0.01047	0.00314	0.01256	0.00942	0.00523	0.01675
17	0.03950	0.05039	0.02996	0.02724	0.03269	0.58597	0.02043	0.04222	0.02996	0.02588	0.01634	0.01907	0.01362	0.01090	0.00953	0.00272	0.01907	0.00681	0.00545	0.01226
18	0.02478	0.01905	0.02139	0.02000	0.02486	0.02107	0.01629	0.11238	0.25117	0.04315	0.04345	0.06200	0.03839	0.01846	0.01154	0.00380	0.00889	0.15945	0.08589	0.01399
19	0.01997	0.01879	0.03171	0.60301	0.07282	0.02349	0.02936	0.02701	0.02114	0.02701	0.01879	0.02819	0.01409	0.01057	0.01057	0.00352	0.01409	0.00940	0.00470	0.01175
20	0.02121	0.05469	0.57364	0.03014	0.04576	0.02455	0.03906	0.03348	0.02232	0.03348	0.01897	0.02232	0.01339	0.01005	0.01005	0.00335	0.01563	0.00781	0.00446	0.01563
21	0.03286	0.02074	0.02345	0.01994	0.02644	0.02224	0.01583	0.08506	0.31572	0.19815	0.04070	0.03746	0.02907	0.01369	0.01042	0.00337	0.00849	0.01122	0.06855	0.01661
22	0.04282	0.01664	0.02209	0.01732	0.02455	0.01459	0.01418	0.04705	0.02892	0.48150	0.04051	0.03656	0.02633	0.01296	0.01009	0.00314	0.00832	0.01050	0.12529	0.01664
23	0.02350	0.01531	0.02278	0.06340	0.02684	0.01567	0.05780	0.02713	0.02208	0.12788	0.03814	0.06815	0.03738	0.19794	0.02623	0.00592	0.05114	0.15347	0.00829	0.01095
24	0.04176	0.02044	0.02547	0.02029	0.02789	0.01989	0.01676	0.15476	0.07251	0.37490	0.03937	0.04073	0.02766	0.01442	0.01096	0.00340	0.00959	0.04990	0.01208	0.01722
25	0.01292	0.00978	0.01194	0.01341	0.01505	0.00879	0.00929	0.01525	0.02212	0.02860	0.10990	0.42474	0.21926	0.03036	0.01312	0.00400	0.00581	0.02691	0.00995	0.00879
26	0.02350	0.02240	0.03809	0.29659	0.35164	0.02442	0.03112	0.03011	0.02281	0.03130	0.01942	0.02704	0.01561	0.00992	0.01051	0.00331	0.01322	0.00941	0.00500	0.01459
27	0.41115	0.02246	0.02735	0.03590	0.25421	0.02432	0.02051	0.03167	0.02062	0.04188	0.01695	0.02105	0.01374	0.00964	0.00824	0.00321	0.01007	0.00732	0.00598	0.01374
28	0.01849	0.01476	0.02242	0.02956	0.15092	0.01465	0.01946	0.02316	0.02354	0.03151	0.04770	0.18673	0.05185	0.02514	0.01341	0.00435	0.00977	0.29269	0.00867	0.01122
29	0.07403	0.20920	0.11437	0.02478	0.07405	0.03047	0.02149	0.11308	0.11983	0.03914	0.02280	0.02423	0.01787	0.01070	0.00892	0.00289	0.01108	0.00806	0.00690	0.06612
30	0.01288	0.00920	0.01227	0.01472	0.01534	0.00859	0.00981	0.01472	0.02024	0.02699	0.05828	0.62152	0.06993	0.03312	0.01350	0.00429	0.00613	0.03006	0.00981	0.00859
31	0.08847	0.03060	0.10624	0.02167	0.02961	0.13790	0.01938	0.04321	0.10033	0.21936	0.03587	0.03426	0.06070	0.01310	0.01014	0.00324	0.01167	0.01007	0.00910	0.01507
32	0.02748	0.12718	0.04549	0.05270	0.39941	0.02858	0.06259	0.06924	0.02561	0.03528	0.01954	0.02474	0.01626	0.00957	0.01000	0.00303	0.01264	0.00901	0.00552	0.01614
33	0.04744	0.01799	0.02454	0.01881	0.02699	0.01554	0.01554	0.05153	0.03026	0.56979	0.04171	0.03599	0.02617	0.01309	0.01063	0.00327	0.00900	0.01063	0.01309	0.01799
34	0.02534	0.03004	0.13126	0.05911	0.47645	0.02503	0.03355	0.03262	0.02378	0.03437	0.01974	0.02553	0.01619	0.00952	0.01040	0.00317	0.01307	0.00915	0.00511	0.01656
35	0.03440	0.02250	0.03519	0.11438	0.11358	0.02261	0.10513	0.09583	0.06756	0.23265	0.03027	0.03133	0.02098	0.01157	0.01091	0.00335	0.01194	0.01057	0.00904	0.01620
36	0.01510	0.01133	0.01699	0.01699	0.01888	0.01322	0.01322	0.01888	0.01699	0.02454	0.02832	0.04154	0.02643	0.07930	0.58652	0.01699	0.02832	0.01133	0.00566	0.00944
37	0.01394	0.00995	0.01348	0.01593	0.01700	0.00950	0.01165	0.01655	0.02128	0.02817	0.05769	0.49402	0.06762	0.03213	0.01378	0.00444	0.00705	0.14714	0.00979	0.00888
38	0.02617	0.03765	0.27099	0.04055	0.17289	0.02416	0.13989	0.03533	0.02421	0.09367	0.02226	0.02614	0.01622	0.00999	0.01074	0.00334	0.01461	0.00953	0.00581	0.01587
39	0.03556	0.34004	0.08139	0.01928	0.02846	0.02982	0.01861	0.03990	0.02513	0.24777	0.02604	0.02512	0.01870	0.01077	0.00860	0.00275	0.01069	0.00785	0.00801	0.01553
40	0.01496	0.01081	0.01413	0.01330	0.01580	0.00998	0.00998	0.01995	0.02993	0.04240	0.55689	0.07898	0.09976	0.02162	0.01247	0.00333	0.00499	0.01912	0.01164	0.00998
41	0.01288	0.00997	0.01176	0.01291	0.01493	0.00884	0.00907	0.01533	0.02265	0.02888	0.11869	0.35790	0.27935	0.02952	0.01299	0.00391	0.00571	0.02590	0.00996	0.00884
42	0.08873	0.07249	0.14775	0.02090	0.03067	0.02011	0.02064	0.04453	0.02694	0.37158	0.03266	0.03014	0.02131	0.01187	0.00991	0.00321	0.01058	0.00927	0.01005	0.01665
43	0.02007	0.01796	0.02597	0.13399	0.03337	0.02280	0.02120	0.02391	0.01960	0.02729	0.02926	0.05721	0.03025	0.06544	0.02529	0.00491	0.26581	0.15866	0.00635	0.01065
44	0.02473	0.02752	0.10054	0.13769	0.43505	0.02483	0.03275	0.03179	0.02346	0.03335	0.01963	0.02603	0.01600	0.00965	0.01044	0.00322	0.01312	0.00924	0.00507	0.01591
45	0.01997	0.01879	0.03171	0.60301	0.07282	0.02349	0.02936	0.02701	0.02114	0.02701	0.01879	0.02819	0.01409	0.01057	0.01057	0.00352	0.01409	0.00940	0.00470	0.01175
46	0.02144	0.01053	0.01125	0.01076	0.01365	0.01029	0.00818	0.02631	0.02332	0.07908	0.07151	0.04193	0.03211	0.01302	0.00799	0.00258	0.00523	0.01056	0.58980	0.01047
47	0.01379	0.01076	0.01251	0.01207	0.01508	0.00948	0.00905	0.01768	0.02716	0.03583	0.34334	0.08979	0.31740	0.02407	0.01248	0.00344	0.00516	0.02064	0.01077	0.00948
48	0.02333	0.01621	0.01988	0.01537	0.02247	0.01302	0.01216	0.02803	0.02556	0.11149	0.18823	0.04151	0.04311	0.01282	0.00965	0.00235	0.00711	0.01084	0.00888	0.38797
49	0.01538	0.01025	0.01153	0.01153	0.01153	0.01025	0.00641	0.01538	0.01538	0.02050	0.03331	0.06919	0.03844	0.62842	0.05382	0.01025	0.01025	0.01538	0.00641	0.00641
50	0.01961	0.01780	0.02673	0.32468	0.04857	0.02190	0.02279	0.02737	0.07848	0.02870	0.02932	0.15723	0.02819	0.01706	0.01483	0.00386	0.10067	0.01414	0.00647	0.01159
51	0.02066	0.01950	0.03296	0.54296	0.12746	0.02367	0.02971	0.02762	0.02147	0.02785	0.01891	0.02796	0.01439	0.01044	0.01056	0.00348	0.01392	0.00940	0.00476	0.01230
52	0.01525	0.01076	0.01411	0.01411	0.01500	0.01165	0.00962	0.01703	0.01614	0.02241	0.03096	0.05614	0.03277	0.36927	0.30522	0.01343	0.01878	0.01347	0.00606	0.00784
53	0.02981	0.02617	0.02578	0.02167	0.02707	0.18161	0.08482	0.03655	0.06723	0.09427	0.02888	0.03160	0.02195	0.01168	0.00935	0.00287	0.01156	0.00959	0.26491	0.01262
54	0.62913	0.02147	0.01735	0.01507	0.02182	0.02473	0.01242	0.08644	0.02153	0.04958	0.01591	0.01809	0.01218	0.01014	0.00699	0.00326	0.00856	0.00615	0.00699	0.01218
55	0.43292	0.01938	0.01889	0.01617	0.02201	0.02184	0.01330	0.03430	0.02074	0.15579	0.02196	0.02363	0.01611	0.01168	0.01062	0.00336	0.07514	0.00749	0.06192	0.01273
56	0.01477	0.01080	0.01386	0.01310	0.01568	0.00989	0.00982	0.01957	0.02946	0.04130	0.52107	0.08079	0.13627	0.02203	0.01247	0.00334	0.00502	0.01938	0.01149	0.00989
57	0.70310	0.02045	0.01554	0.01390	0.02045	0.02372	0.01145	0.03108	0.01799	0.04744	0.01472	0.01718	0.01145	0.00981	0.00654	0.00327	0.00818	0.00573	0.00654	0.01145
58	0.01997	0.01879	0.03171	0.60301	0.07282	0.02349	0.02936	0.02701	0.02114	0.02701	0.01879	0.02819	0.01409	0.01057	0.01057	0.00352	0.01409	0.00940	0.00470	0.01175
59	0.02630	0.02271	0.02391	0.02152	0.02749	0.02630	0.01674	0.05618	0.54336	0.04423	0.04303	0.03945	0.03228	0.01434	0.01076	0.00359	0.00837	0.01195	0.01076	0.01674
60	0.04158	0.02333	0.02734	0.02141	0.02939	0.02398	0.01754	0.24352	0.10957	0.29417	0.03533	0.03220	0.02373	0.01310	0.01063	0.00328	0.00997	0.01037	0.01175	0.01781
61	0.02496	0.02852	0.06239	0.04456	0.05526	0.02674	0.52406	0.03387	0.02496	0.03387	0.02139	0.02852	0.01604	0.00891	0.01248	0.00357	0.01783	0.01248	0.00535	0.01426
62	0.04744	0.01799	0.02454	0.01881	0.02699	0.01554	0.01554	0.05153	0.03026	0.56979	0.04171	0.03599	0.02617	0.01309	0.01063	0.00327	0.00900	0.01063	0.01309	0.01799
63	0.02774	0.02459	0.04156	0.06149	0.52283	0.02441	0.03120	0.03386	0.02453	0.07416	0.02150	0.02690	0.01745	0.00969	0.01048	0.00315	0.01230	0.00951	0.00581	0.01684
64	0.03950	0.05039	0.02996	0.02724	0.03269	0.58597	0.02043	0.04222	0.02996	0.02588	0.01634	0.01907	0.01362	0.01090	0.00953	0.00272	0.01907	0.00681	0.00545	0.01226
65	0.02121	0.05469	0.57364	0.03014	0.04576	0.02455	0.03906	0.03348	0.02232	0.03348	0.01897	0.02232	0.01339	0.01005	0.01005	0.00335	0.01563	0.00781	0.00446	0.01563
66	0.65590	0.02258	0.01657	0.01485	0.02132	0.06372	0.01209	0.03187	0.01885	0.04590	0.01484	0.01731	0.01160	0.00989	0.00676	0.00323	0.00895	0.00580	0.00647	0.01151
67	0.03868	0.03653	0.03115	0.02562	0.03238	0.22968	0.02044	0.31742	0.04020	0.04908	0.02131	0.02297	0.01612	0.01248	0.01199	0.00312	0.05850	0.00854	0.00831	0.01547
68	0.02792	0.02256	0.02663	0.02465	0.06760	0.02488	0.01820	0.08155	0.29830	0.08061	0.03326	0.03289	0.02523	0.01332	0.01298	0.00333	0.07592	0.01039	0.00919	0.11058
69	0.07384	0.02822	0.02240	0.02047	0.02572	0.19468	0.01589	0.07224	0.16289	0.03605	0.04644	0.05004	0.14012	0.01665	0.01074	0.00336	0.01134	0.04749	0.00854	0.01287
70	0.64870	0.02032	0.01683	0.06082	0.02462	0.02370	0.01288	0.03076	0.01824	0.04581	0.01505	0.01805	0.01166	0.00987	0.00686	0.00329	0.00865	0.00602	0.00640	0.01147
71	0.02496	0.02852	0.06239	0.04456	0.05526	0.02674	0.52406	0.03387	0.02496	0.03387	0.02139	0.02852	0.01604	0.00891	0.01248	0.00357	0.01783	0.01248	0.00535	0.01426
72	0.65433	0.02026	0.01621	0.01427	0.02093	0.02311	0.01175	0.03260	0.01891	0.08629	0.01673	0.01858	0.01255	0.01006	0.00685	0.00327	0.00824	0.00609	0.00703	0.01194
73	0.01997	0.01879	0.03171	0.60301	0.07282	0.02349	0.02936	0.02701	0.02114	0.02701	0.01879	0.02819	0.01409	0.01057	0.01057	0.00352	0.01409	0.00940	0.00470	0.01175
74	0.01837	0.00918	0.01377	0.01377	0.01377	0.00918	0.00918	0.01377	0.01377	0.01837	0.01837	0.03214	0.01837	0.03673	0.04132	0.69238	0.00918	0.00918	0.00459	0.00459
75	0.02192	0.01879	0.02192	0.01566	0.02506	0.01409	0.01253	0.02662	0.02192	0.03445	0.01879	0.02192	0.01566	0.00783	0.00783	0.00157	0.00783	0.00626	0.00626	0.69305
76	0.02164	0.01933	0.03127	0.04402	0.34130	0.01899	0.02336	0.02739	0.02644	0.03772	0.23714	0.04753	0.05033	0.01435	0.01128	0.00322	0.00950	0.01335	0.00783	0.01401
77	0.02617	0.02512	0.04292	0.06490	0.56246	0.02512	0.03245	0.03245	0.02407	0.03454	0.01989	0.02617	0.01675	0.00942	0.01047	0.00314	0.01256	0.00942	0.00523	0.01675
78	0.04140	0.02768	0.03053	0.02341	0.03182	0.02992	0.01934	0.44802	0.04647	0.15039	0.02810	0.02715	0.01934	0.01276	0.01059	0.00319	0.01120	0.00970	0.01099	0.01798
79	0.03919	0.01601	0.02143	0.01707	0.02374	0.01405	0.01386	0.04351	0.02956	0.42947	0.13694	0.04426	0.03993	0.01461	0.01072	0.00322	0.00793	0.01215	0.06649	0.01585
80	0.02159	0.09384	0.47462	0.09316	0.04740	0.02572	0.03642	0.03263	0.02213	0.03212	0.01864	0.02258	0.01348	0.01003	0.00986	0.00329	0.01513	0.00783	0.00449	0.01504
81	0.02063	0.01186	0.01439	0.01378	0.01589	0.01126	0.00962	0.02230	0.02010	0.11443	0.04618	0.07443	0.09758	0.37348	0.03643	0.00758	0.00942	0.08317	0.00837	0.00909
82	0.01343	0.00999	0.01262	0.01428	0.01588	0.00917	0.01025	0.01605	0.02232	0.02911	0.10933	0.41009	0.17553	0.03039	0.01332	0.00412	0.00628	0.07898	0.00996	0.00890
83	0.01367	0.01027	0.01444	0.08036	0.02175	0.01025	0.01200	0.01609	0.02034	0.02699	0.05387	0.55531	0.06370	0.03061	0.01317	0.00421	0.00702	0.02775	0.00924	0.00894
84	0.43527	0.02896	0.02077	0.01836	0.02477	0.18774	0.01454	0.03663	0.02287	0.09940	0.01821	0.01983	0.01373	0.01050	0.00788	0.00311	0.01146	0.00659	0.00695	0.01242
85	0.01283	0.00942	0.01205	0.01415	0.01519	0.00864	0.00956	0.01479	0.02079	0.02721	0.06523	0.54746	0.13949	0.03222	0.01335	0.00419	0.00602	0.02895	0.00982	0.00864
86	0.01288	0.00920	0.01227	0.01472	0.01534	0.00859	0.00981	0.01472	0.02024	0.02699	0.05828	0.62152	0.06993	0.03312	0.01350	0.00429	0.00613	0.03006	0.00981	0.00859
87	0.08498	0.02399	0.03705	0.04492	0.29747	0.02466	0.08066	0.03932	0.13940	0.08160	0.02655	0.02942	0.02044	0.01079	0.01044	0.00331	0.01156	0.01011	0.00723	0.01612
88	0.03950	0.05039	0.02996	0.02724	0.03269	0.58597	0.02043	0.04222	0.02996	0.02588	0.01634	0.01907	0.01362	0.01090	0.00953	0.00272	0.01907	0.00681	0.00545	0.01226
89	0.04744	0.01799	0.02454	0.01881	0.02699	0.01554	0.01554	0.05153	0.03026	0.56979	0.04171	0.03599	0.02617	0.01309	0.01063	0.00327	0.00900	0.01063	0.01309	0.01799
90	0.02151	0.04923	0.48434	0.08137	0.09042	0.02451	0.03770	0.03285	0.02237	0.03302	0.01903	0.02313	0.01373	0.01004	0.01012	0.00335	0.01525	0.00808	0.00455	0.01539
91	0.04100	0.02832	0.03093	0.02371	0.03214	0.03086	0.01959	0.47413	0.04754	0.12278	0.02721	0.02657	0.01889	0.01274	0.01058	0.00318	0.01134	0.00964	0.01086	0.01798
92	0.03950	0.05039	0.02996	0.02724	0.03269	0.58597	0.02043	0.04222	0.02996	0.02588	0.01634	0.01907	0.01362	0.01090	0.00953	0.00272	0.01907	0.00681	0.00545	0.01226
93	0.04744	0.01799	0.02454	0.01881	0.02699	0.01554	0.01554	0.05153	0.03026	0.56979	0.04171	0.03599	0.02617	0.01309	0.01063	0.00327	0.00900	0.01063	0.01309	0.01799
94	0.02164	0.05199	0.52721	0.02941	0.04422	0.02470	0.03718	0.03540	0.06633	0.03439	0.02101	0.02377	0.01499	0.01041	0.01011	0.00337	0.01501	0.00816	0.00500	0.01572
95	0.07445	0.01641	0.01885	0.01683	0.02138	0.01708	0.01304	0.06701	0.15604	0.10256	0.25944	0.09657	0.06060	0.01825	0.01135	0.00344	0.00704	0.01557	0.01099	0.01308
96	0.02617	0.02512	0.04292	0.06490	0.56246	0.02512	0.03245	0.03245	0.02407	0.03454	0.01989	0.02617	0.01675	0.00942	0.01047	0.00314	0.01256	0.00942	0.00523	0.01675
97	0.70310	0.02045	0.01554	0.01390	0.02045	0.02372	0.01145	0.03108	0.01799	0.04744	0.01472	0.01718	0.01145	0.00981	0.00654	0.00327	0.00818	0.00573	0.00654	0.01145
98	0.01288	0.00920	0.01227	0.01472	0.01534	0.00859	0.00981	0.01472	0.02024	0.02699	0.05828	0.62152	0.06993	0.03312	0.01350	0.00429	0.00613	0.03006	0.00981	0.00859
99	0.02827	0.63478	0.05540	0.01809	0.02714	0.04184	0.01809	0.03166	0.02148	0.02488	0.01470	0.01696	0.01357	0.00905	0.00678	0.00226	0.01131	0.00565	0.00452	0.01357
100	0.01555	0.01208	0.01448	0.01360	0.01693	0.01107	0.01019	0.02148	0.06308	0.03757	0.33928	0.12283	0.18773	0.02220	0.01210	0.00335	0.00561	0.01929	0.01062	0.06094
101	0.02609	0.45557	0.21551	0.02181	0.03289	0.03650	0.02457	0.03222	0.02174	0.02754	0.01602	0.01862	0.01351	0.00935	0.00779	0.00260	0.01264	0.00632	0.00450	0.01420
102	0.04034	0.03642	0.02788	0.02397	0.03049	0.31705	0.01860	0.08505	0.08891	0.18604	0.02727	0.02666	0.01962	0.01205	0.01007	0.00301	0.01441	0.00869	0.00862	0.01485
103	0.01383	0.00929	0.01193	0.01404	0.01492	0.00876	0.00948	0.01610	0.02051	0.02872	0.05496	0.54042	0.06396	0.03023	0.01264	0.00404	0.00597	0.02724	0.10418	0.00876
104	0.02199	0.01525	0.01944	0.01738	0.02024	0.01681	0.01327	0.09753	0.02439	0.07328	0.10747	0.04882	0.03765	0.17180	0.20763	0.00933	0.06597	0.01288	0.00792	0.01095
105	0.01343	0.01075	0.01200	0.01169	0.01485	0.00932	0.00877	0.01697	0.02630	0.03378	0.27657	0.09317	0.38546	0.02483	0.01249	0.00348	0.00522	0.02111	0.01050	0.00932
106	0.03821	0.02863	0.03062	0.02393	0.03203	0.03186	0.01962	0.46010	0.12005	0.06344	0.02790	0.02739	0.02002	0.01293	0.01060	0.00323	0.01117	0.00987	0.01060	0.01780
107	0.02313	0.02313	0.03238	0.02776	0.02776	0.03238	0.02313	0.02545	0.01619	0.02545	0.01388	0.02313	0.01388	0.01851	0.03470	0.00463	0.60907	0.00925	0.00463	0.01157
108	0.01270	0.01072	0.01100	0.01093	0.01441	0.00901	0.00820	0.01558	0.02459	0.02973	0.14510	0.09983	0.51946	0.02634	0.01249	0.00355	0.00532	0.02204	0.00997	0.00901
109	0.02496	0.02852	0.06239	0.04456	0.05526	0.02674	0.52406	0.03387	0.02496	0.03387	0.02139	0.02852	0.01604	0.00891	0.01248	0.00357	0.01783	0.01248	0.00535	0.01426
110	0.01575	0.01065	0.01342	0.01273	0.01522	0.00996	0.00955	0.02073	0.02864	0.04190	0.46992	0.07239	0.08767	0.02007	0.01162	0.00318	0.00498	0.01758	0.12408	0.00996
111	0.03950	0.05039	0.02996	0.02724	0.03269	0.58597	0.02043	0.04222	0.02996	0.02588	0.01634	0.01907	0.01362	0.01090	0.00953	0.00272	0.01907	0.00681	0.00545	0.01226
112	0.02402	0.02446	0.04620	0.20981	0.25675	0.02520	0.19416	0.03139	0.02354	0.03220	0.02008	0.02752	0.01577	0.00958	0.01116	0.00339	0.01473	0.01042	0.00512	0.01452
113	0.04744	0.01799	0.02454	0.01881	0.02699	0.01554	0.01554	0.05153	0.03026	0.56979	0.04171	0.03599	0.02617	0.01309	0.01063	0.00327	0.00900	0.01063	0.01309	0.01799
114	0.01845	0.01714	0.02862	0.02353	0.02946	0.01556	0.15901	0.02378	0.02417	0.03164	0.05772	0.07700	0.19661	0.02026	0.01259	0.00373	0.01049	0.15511	0.00812	0.08703
115	0.02451	0.02146	0.03626	0.26501	0.16257	0.02210	0.09660	0.03103	0.02316	0.07405	0.02122	0.02739	0.01616	0.00983	0.01037	0.00310	0.01285	0.00942	0.00583	0.12708
116	0.24755	0.02587	0.04701	0.03450	0.04383	0.02575	0.35581	0.03295	0.02267	0.03832	0.01920	0.02480	0.01454	0.00921	0.01053	0.00347	0.01466	0.01026	0.00574	0.01334
117	0.01997	0.01879	0.03171	0.60301	0.07282	0.02349	0.02936	0.02701	0.02114	0.02701	0.01879	0.02819	0.01409	0.01057	0.01057	0.00352	0.01409	0.00940	0.00470	0.01175
118	0.01997	0.01879	0.03171	0.60301	0.07282	0.02349	0.02936	0.02701	0.02114	0.02701	0.01879	0.02819	0.01409	0.01057	0.01057	0.00352	0.01409	0.00940	0.00470	0.01175
119	0.01997	0.01879	0.03171	0.60301	0.07282	0.02349	0.02936	0.02701	0.02114	0.02701	0.01879	0.02819	0.01409	0.01057	0.01057	0.00352	0.01409	0.00940	0.00470	0.01175
120	0.02630	0.02271	0.02391	0.02152	0.02749	0.02630	0.01674	0.05618	0.54336	0.04423	0.04303	0.03945	0.03228	0.01434	0.01076	0.00359	0.00837	0.01195	0.01076	0.01674
121	0.01510	0.01133	0.01699	0.01699	0.01888	0.01322	0.01322	0.01888	0.01699	0.02454	0.02832	0.04154	0.02643	0.07930	0.58652	0.01699	0.02832	0.01133	0.00566	0.00944
122	0.01997	0.01879	0.03171	0.60301	0.07282	0.02349	0.02936	0.02701	0.02114	0.02701	0.01879	0.02819	0.01409	0.01057	0.01057	0.00352	0.01409	0.00940	0.00470	0.01175
123	0.04744	0.01799	0.02454	0.01881	0.02699	0.01554	0.01554	0.05153	0.03026	0.56979	0.04171	0.03599	0.02617	0.01309	0.01063	0.00327	0.00900	0.01063	0.01309	0.01799
124	0.02313	0.02313	0.03238	0.02776	0.02776	0.03238	0.02313	0.02545	0.01619	0.02545	0.01388	0.02313	0.01388	0.01851	0.03470	0.00463	0.60907	0.00925	0.00463	0.01157
125	0.70310	0.02045	0.01554	0.01390	0.02045	0.02372	0.01145	0.03108	0.01799	0.04744	0.01472	0.01718	0.01145	0.00981	0.00654	0.00327	0.00818	0.00573	0.00654	0.01145
126	0.01997	0.01879	0.03171	0.60301	0.07282	0.02349	0.02936	0.02701	0.02114	0.02701	0.01879	0.02819	0.01409	0.01057	0.01057	0.00352	0.01409	0.00940	0.00470	0.01175
127	0.01302	0.01073	0.01144	0.01126	0.01460	0.00915	0.00845	0.01619	0.02534	0.03151	0.20307	0.09689	0.46037	0.02568	0.01249	0.00352	0.00528	0.02163	0.01021	0.00915
128	0.03950	0.05039	0.02996	0.02724	0.03269	0.58597	0.02043	0.04222	0.02996	0.02588	0.01634	0.01907	0.01362	0.01090	0.00953	0.00272	0.01907	0.00681	0.00545	0.01226
129	0.02555	0.01868	0.02230	0.01611	0.02533	0.01430	0.01296	0.03017	0.02311	0.11061	0.02205	0.02393	0.01716	0.00858	0.00823	0.00181	0.00800	0.00689	0.00723	0.59702
130	0.01517	0.01105	0.01560	0.01560	0.01700	0.01246	0.01147	0.01798	0.01658	0.02351	0.02960	0.04861	0.02950	0.21977	0.45025	0.01527	0.02370	0.01236	0.00585	0.00866
131	0.01704	0.01217	0.01704	0.01947	0.02191	0.01217	0.01704	0.02191	0.02434	0.03164	0.05598	0.11926	0.06085	0.02921	0.01460	0.00487	0.00974	0.49130	0.00974	0.00974
132	0.04019	0.02962	0.03173	0.02433	0.03279	0.03279	0.02010	0.52721	0.04971	0.06663	0.02538	0.02538	0.01798	0.01269	0.01058	0.00317	0.01163	0.00952	0.01058	0.01798
133	0.03854	0.03159	0.02980	0.02373	0.03124	0.12316	0.01920	0.40884	0.04436	0.05781	0.02456	0.02538	0.01794	0.01237	0.01016	0.00305	0.01237	0.00909	0.06039	0.01642
134	0.02192	0.01879	0.02192	0.01566	0.02506	0.01409	0.01253	0.02662	0.02192	0.03445	0.01879	0.02192	0.01566	0.00783	0.00783	0.00157	0.00783	0.00626	0.00626	0.69305
135	0.02352	0.01353	0.01392	0.01255	0.01613	0.01412	0.00975	0.11810	0.02729	0.04448	0.03280	0.03681	0.02540	0.01239	0.00798	0.00260	0.00617	0.00979	0.56130	0.01137
136	0.02313	0.02313	0.03238	0.02776	0.02776	0.03238	0.02313	0.02545	0.01619	0.02545	0.01388	0.02313	0.01388	0.01851	0.03470	0.00463	0.60907	0.00925	0.00463	0.01157
137	0.01325	0.01074	0.01175	0.01150	0.01474	0.00925	0.00862	0.01663	0.02587	0.03277	0.24390	0.09483	0.41876	0.02521	0.01249	0.00350	0.00524	0.02134	0.01037	0.00925
138	0.02121	0.05469	0.57364	0.03014	0.04576	0.02455	0.03906	0.03348	0.02232	0.03348	0.01897	0.02232	0.01339	0.01005	0.01005	0.00335	0.01563	0.00781	0.00446	0.01563
139	0.01301	0.00944	0.01228	0.01429	0.01528	0.00872	0.00968	0.01515	0.02128	0.02827	0.09939	0.53851	0.11219	0.03175	0.01334	0.00416	0.00599	0.02861	0.00995	0.00872
140	0.01566	0.01280	0.01417	0.01401	0.01764	0.01225	0.01094	0.02324	0.10604	0.03355	0.15858	0.09100	0.33692	0.02439	0.01251	0.00372	0.00638	0.08555	0.01023	0.01042
141	0.01316	0.00967	0.01235	0.01394	0.01526	0.00886	0.00959	0.01561	0.02232	0.02965	0.14410	0.46312	0.14268	0.03042	0.01319	0.00404	0.00584	0.02725	0.01010	0.00886
142	0.03829	0.03023	0.07128	0.02419	0.03300	0.03056	0.02098	0.42529	0.08083	0.09649	0.02724	0.02685	0.01919	0.01264	0.01055	0.00322	0.01153	0.00964	0.01030	0.01772
143	0.02121	0.05469	0.57364	0.03014	0.04576	0.02455	0.03906	0.03348	0.02232	0.03348	0.01897	0.02232	0.01339	0.01005	0.01005	0.00335	0.01563	0.00781	0.00446	0.01563
144	0.02529	0.02422	0.04133	0.14118	0.49305	0.02489	0.03201	0.03168	0.02366	0.03348	0.01973	0.02645	0.01637	0.00958	0.01048	0.00319	0.01278	0.00942	0.00516	0.01604
145	0.02673	0.16074	0.11037	0.02055	0.02809	0.06697	0.01916	0.07114	0.12390	0.07405	0.15047	0.03853	0.03841	0.01380	0.01007	0.00309	0.01036	0.01100	0.00843	0.01414
146	0.02987	0.03368	0.20512	0.03378	0.09928	0.02396	0.13796	0.07563	0.06537	0.14913	0.02663	0.02848	0.01877	0.01088	0.01085	0.00336	0.01355	0.01005	0.00747	0.01620
147	0.18493	0.01937	0.02291	0.01791	0.02585	0.01835	0.01475	0.07768	0.02835	0.38426	0.03314	0.03021	0.02169	0.01197	0.00955	0.00314	0.00892	0.00918	0.01101	0.06684
148	0.01478	0.01080	0.01388	0.01311	0.01568	0.00990	0.00983	0.01959	0.02949	0.04136	0.52320	0.08068	0.13409	0.02200	0.01247	0.00334	0.00502	0.01936	0.01150	0.00990
149	0.02696	0.02392	0.04038	0.12172	0.47043	0.02427	0.03092	0.03317	0.02418	0.07109	0.02129	0.02708	0.01711	0.00980	0.01049	0.00319	0.01248	0.00950	0.00572	0.01628
150	0.03895	0.01824	0.02675	0.19929	0.04115	0.01800	0.01981	0.04395	0.02744	0.40210	0.03463	0.03358	0.02244	0.01231	0.01061	0.00335	0.01057	0.01025	0.01049	0.01606
151	0.02312	0.04812	0.47372	0.02773	0.04214	0.02276	0.03446	0.03398	0.02283	0.07105	0.02054	0.02323	0.01454	0.01001	0.00984	0.00314	0.01429	0.00784	0.00527	0.09138
152	0.08680	0.06859	0.11170	0.09211	0.07638	0.02247	0.09381	0.03934	0.02533	0.23887	0.02744	0.02858	0.01884	0.01098	0.01020	0.00327	0.01212	0.00953	0.00814	0.01551
153	0.02421	0.30162	0.35304	0.02501	0.03783	0.03191	0.03014	0.03271	0.02197	0.02982	0.01715	0.02004	0.01347	0.00962	0.00866	0.00289	0.01379	0.00689	0.00449	0.01475
154	0.14731	0.11409	0.06677	0.01812	0.02566	0.06415	0.01595	0.03301	0.09556	0.03719	0.09733	0.03072	0.02857	0.01163	0.00880	0.00273	0.00949	0.00886	0.00726	0.17683
155	0.07626	0.02365	0.06957	0.14746	0.26578	0.02271	0.02631	0.03376	0.06258	0.08061	0.06684	0.03176	0.02439	0.01138	0.01036	0.00329	0.01149	0.01012	0.00678	0.01489

[dist]
# distance from previous block
# <min> <max>
1	12

[block]
# block no. 2 follows, 13 sequences, length 16
# corresponding to MSA columns:
# 182-197
name=unknown_C
#
# <colnr> <probs for GDERKNQSTAVLIFYWHMCP>
#	G	D	E	R	K	N	Q	S	T	A	V	L	I	F	Y	W	H	M	C	P
0	0.03227	0.02189	0.02480	0.02040	0.02659	0.02326	0.01628	0.28752	0.07132	0.11538	0.10969	0.12890	0.03973	0.01733	0.01132	0.00341	0.00930	0.01441	0.01092	0.01528
1	0.02606	0.02480	0.03953	0.04945	0.34147	0.02567	0.08623	0.03974	0.18011	0.03737	0.02702	0.03044	0.02133	0.01084	0.01079	0.00332	0.01193	0.01055	0.00691	0.01645
2	0.02172	0.02080	0.03668	0.27233	0.20459	0.02232	0.09892	0.02849	0.02393	0.03262	0.10373	0.03560	0.02857	0.01172	0.01111	0.00339	0.01276	0.01137	0.00604	0.01330
3	0.03023	0.07429	0.15022	0.08201	0.15690	0.02383	0.10501	0.03743	0.02506	0.17416	0.02522	0.02782	0.01799	0.01050	0.01048	0.00325	0.01310	0.00961	0.00707	0.01582
4	0.02869	0.01810	0.03164	0.02512	0.03143	0.01649	0.16625	0.03345	0.02519	0.22040	0.04136	0.23705	0.03832	0.01879	0.01218	0.00371	0.01065	0.01793	0.00963	0.01361
5	0.11804	0.01978	0.02890	0.10856	0.07788	0.01930	0.05764	0.04265	0.02658	0.34481	0.03187	0.03126	0.02113	0.01172	0.01027	0.00332	0.01060	0.00991	0.00987	0.01592
6	0.03316	0.01983	0.03077	0.03830	0.25867	0.01871	0.02208	0.03788	0.02611	0.25786	0.03460	0.11656	0.02841	0.01439	0.01098	0.00336	0.01014	0.01292	0.00919	0.01609
7	0.02322	0.02211	0.03758	0.32112	0.32932	0.02435	0.03098	0.02986	0.02268	0.03096	0.01937	0.02713	0.01548	0.00997	0.01052	0.00332	0.01329	0.00941	0.00498	0.01437
8	0.01283	0.00942	0.01204	0.01414	0.01518	0.00864	0.00956	0.01479	0.02080	0.02722	0.06535	0.54620	0.14069	0.03220	0.01335	0.00419	0.00602	0.02894	0.00982	0.00864
9	0.02324	0.01870	0.03086	0.53350	0.06737	0.02254	0.02772	0.02993	0.02223	0.09160	0.02152	0.02912	0.01553	0.01087	0.01058	0.00349	0.01349	0.00954	0.00570	0.01249
10	0.03526	0.02949	0.02798	0.02262	0.02979	0.10913	0.01821	0.35420	0.07405	0.05388	0.03687	0.03628	0.09555	0.01455	0.01071	0.00319	0.01161	0.01111	0.00974	0.01578
11	0.60622	0.02112	0.01946	0.02120	0.09802	0.02392	0.01446	0.03128	0.01886	0.04559	0.01546	0.01846	0.01221	0.00976	0.00710	0.00325	0.00881	0.00625	0.00636	0.01221
12	0.03546	0.02916	0.02804	0.02329	0.03038	0.10827	0.01856	0.24755	0.22904	0.08957	0.03186	0.03049	0.02328	0.01308	0.01050	0.00327	0.01129	0.01012	0.01010	0.01670
13	0.12697	0.02101	0.02654	0.02963	0.15639	0.02189	0.01891	0.04268	0.18474	0.16202	0.03773	0.03681	0.06287	0.01312	0.01018	0.00336	0.00929	0.01090	0.00927	0.01570
14	0.04005	0.03380	0.03138	0.02491	0.03277	0.14410	0.02016	0.42962	0.04574	0.05843	0.02357	0.02411	0.01710	0.01233	0.01037	0.00308	0.01313	0.00897	0.00954	0.01683
15	0.03488	0.02539	0.03001	0.03366	0.18390	0.10918	0.02107	0.04314	0.10182	0.21898	0.06428	0.03368	0.02699	0.01239	0.01055	0.00320	0.01128	0.01041	0.00916	0.01604

[dist]
# distance from previous block
# <min> <max>
0	4

# created by:
# /st0/software/busco_prod/Augustus/scripts/msa2prfl.pl ./align_prep/7661.fa
