[name]
unknown

[dist]
# distance from previous block
# <min> <max>
0	348

[block]
# block no. 0 follows, 12 sequences, length 9
# corresponding to MSA columns:
# 506-514
name=unknown_A
#
# <colnr> <probs for GDERKNQSTAVLIFYWHMCP>
#	G	D	E	R	K	N	Q	S	T	A	V	L	I	F	Y	W	H	M	C	P
0	0.11799	0.01360	0.01618	0.01621	0.01927	0.01367	0.01268	0.02495	0.02303	0.09003	0.09956	0.11844	0.05143	0.15913	0.02233	0.00565	0.00902	0.16708	0.00938	0.01037
1	0.03197	0.01573	0.02048	0.01715	0.02276	0.01454	0.01360	0.03915	0.07875	0.27995	0.26502	0.05713	0.06127	0.01752	0.01182	0.00343	0.00738	0.01498	0.01260	0.01476
2	0.01419	0.01015	0.01361	0.01565	0.01683	0.00958	0.01118	0.01699	0.02290	0.03079	0.12927	0.46595	0.07524	0.03189	0.01392	0.00437	0.00667	0.09120	0.01038	0.00923
3	0.02788	0.01384	0.01773	0.01555	0.02045	0.01211	0.01207	0.03161	0.02810	0.24274	0.16887	0.14594	0.17473	0.02178	0.01226	0.00361	0.00706	0.01865	0.01187	0.01312
4	0.03582	0.01703	0.02194	0.01848	0.02464	0.01600	0.01460	0.04407	0.10919	0.32997	0.11226	0.12654	0.04463	0.01787	0.01167	0.00359	0.00820	0.01525	0.01242	0.01584
5	0.02011	0.01208	0.01574	0.01525	0.01788	0.01133	0.01144	0.02374	0.02593	0.10399	0.24740	0.13070	0.07033	0.14657	0.02189	0.00525	0.00771	0.09162	0.01059	0.01045
6	0.12651	0.03369	0.11582	0.03410	0.04420	0.09817	0.25520	0.03758	0.02561	0.09233	0.02230	0.02639	0.01629	0.01022	0.01103	0.00345	0.01582	0.01022	0.00645	0.01462
7	0.13604	0.03099	0.02925	0.02336	0.03132	0.10866	0.01898	0.32557	0.04143	0.11264	0.02507	0.02520	0.01784	0.01244	0.01016	0.00323	0.01230	0.00897	0.00982	0.01672
8	0.13784	0.02754	0.09980	0.02352	0.03299	0.02347	0.05721	0.15131	0.03241	0.26005	0.03030	0.02926	0.02025	0.01216	0.01039	0.00338	0.01138	0.00971	0.01011	0.01693

[dist]
# distance from previous block
# <min> <max>
3	92

[block]
# block no. 1 follows, 12 sequences, length 40
# corresponding to MSA columns:
# 608-647
name=unknown_B
#
# <colnr> <probs for GDERKNQSTAVLIFYWHMCP>
#	G	D	E	R	K	N	Q	S	T	A	V	L	I	F	Y	W	H	M	C	P
0	0.02098	0.01461	0.02152	0.06753	0.10777	0.01419	0.01617	0.02565	0.02692	0.09558	0.25016	0.18604	0.06659	0.02115	0.01241	0.00364	0.00786	0.01896	0.01012	0.01216
1	0.01401	0.00989	0.01286	0.01465	0.01525	0.00959	0.00963	0.01566	0.01954	0.02620	0.05219	0.45047	0.06169	0.16307	0.06579	0.00675	0.00899	0.02626	0.00904	0.00844
2	0.14534	0.02648	0.02744	0.02432	0.06918	0.08787	0.01809	0.15606	0.03255	0.19425	0.02694	0.02685	0.01899	0.01168	0.00980	0.00307	0.01118	0.00880	0.00943	0.09168
3	0.02460	0.11422	0.02575	0.01663	0.02346	0.01903	0.01364	0.03143	0.07452	0.09698	0.13554	0.07413	0.07624	0.01515	0.01013	0.00279	0.00800	0.01256	0.00900	0.21621
4	0.01699	0.01281	0.01556	0.01657	0.01901	0.01270	0.01237	0.05502	0.06336	0.03316	0.06420	0.36216	0.13984	0.02945	0.01351	0.00427	0.00740	0.10093	0.01024	0.01044
5	0.01910	0.01288	0.01652	0.01663	0.01951	0.01262	0.01274	0.02614	0.08330	0.07689	0.22884	0.22798	0.07361	0.02545	0.01320	0.00401	0.00704	0.10113	0.01115	0.01127
6	0.02478	0.02179	0.03352	0.35522	0.15442	0.02502	0.02782	0.10642	0.02782	0.03714	0.06086	0.03222	0.02248	0.01190	0.01103	0.00348	0.01310	0.01048	0.00648	0.01399
7	0.06125	0.01428	0.01620	0.01421	0.01877	0.01375	0.01114	0.06629	0.02847	0.14010	0.15632	0.05675	0.12546	0.01721	0.01044	0.00318	0.00668	0.01418	0.21295	0.01237
8	0.13059	0.01548	0.01702	0.01497	0.01976	0.01528	0.01176	0.07297	0.02951	0.10402	0.24864	0.06603	0.17337	0.01963	0.01147	0.00346	0.00692	0.01626	0.01079	0.01206
9	0.08978	0.01799	0.01943	0.01708	0.02222	0.01904	0.01340	0.09671	0.15229	0.07709	0.18276	0.05506	0.10769	0.01744	0.01107	0.00343	0.00750	0.01441	0.06204	0.01357
10	0.01669	0.01289	0.01559	0.01604	0.01871	0.01290	0.01195	0.02501	0.11529	0.03582	0.18896	0.26333	0.12786	0.02644	0.01313	0.00401	0.00670	0.06701	0.01078	0.01089
11	0.01471	0.01053	0.01313	0.01351	0.01502	0.00986	0.00924	0.01756	0.02407	0.03284	0.25341	0.23270	0.11380	0.16315	0.02299	0.00538	0.00676	0.02232	0.01007	0.00894
12	0.62107	0.02080	0.01707	0.01491	0.02185	0.02351	0.01228	0.03443	0.01998	0.10616	0.01832	0.01990	0.01352	0.01050	0.00722	0.00337	0.00853	0.00648	0.00751	0.01257
13	0.01909	0.01440	0.01725	0.01777	0.02036	0.01496	0.01297	0.08104	0.10657	0.03580	0.05343	0.41988	0.05899	0.02832	0.01318	0.00421	0.00759	0.05242	0.01037	0.01142
14	0.01794	0.01235	0.01509	0.01542	0.01812	0.01185	0.01115	0.02409	0.08378	0.07336	0.14503	0.33001	0.14525	0.02728	0.01302	0.00398	0.00650	0.02411	0.01081	0.01088
15	0.08771	0.01893	0.02422	0.01895	0.02673	0.01741	0.01555	0.08429	0.03190	0.43501	0.08852	0.03929	0.03271	0.01410	0.01087	0.00337	0.00903	0.01139	0.01270	0.01730
16	0.04122	0.01674	0.02238	0.01779	0.02445	0.01474	0.01410	0.04482	0.02871	0.43380	0.07706	0.04577	0.03441	0.11130	0.01827	0.00454	0.00919	0.01237	0.01228	0.01605
17	0.03556	0.01641	0.02119	0.01758	0.02319	0.01513	0.01362	0.07521	0.02905	0.32014	0.09097	0.11348	0.04107	0.11393	0.01867	0.00465	0.00895	0.01487	0.01164	0.01468
18	0.01677	0.01219	0.01508	0.01478	0.01549	0.01298	0.01017	0.01842	0.01944	0.02663	0.11709	0.07444	0.05008	0.39384	0.04195	0.00820	0.06668	0.06995	0.00770	0.00812
19	0.62107	0.02080	0.01707	0.01491	0.02185	0.02351	0.01228	0.03443	0.01998	0.10616	0.01832	0.01990	0.01352	0.01050	0.00722	0.00337	0.00853	0.00648	0.00751	0.01257
20	0.02261	0.01938	0.02261	0.01615	0.02584	0.01453	0.01292	0.02745	0.02261	0.03553	0.01938	0.02261	0.01615	0.00807	0.00807	0.00161	0.00807	0.00646	0.00646	0.68346
21	0.03373	0.01729	0.02258	0.01876	0.02372	0.01714	0.01463	0.06466	0.02587	0.27054	0.03635	0.09514	0.03041	0.11434	0.02289	0.04112	0.07846	0.01315	0.01003	0.04919
22	0.01565	0.01137	0.01595	0.01595	0.01736	0.01278	0.01167	0.01846	0.01706	0.02415	0.03064	0.05078	0.03071	0.23092	0.42917	0.01559	0.02401	0.01285	0.00605	0.00886
23	0.04345	0.02519	0.02915	0.02258	0.03101	0.02615	0.01858	0.29457	0.07703	0.26418	0.03427	0.03163	0.02300	0.01337	0.01094	0.00334	0.01066	0.01046	0.01197	0.01846
24	0.02044	0.02118	0.07956	0.02990	0.11043	0.02053	0.04693	0.02460	0.01913	0.02779	0.02262	0.03311	0.02048	0.04300	0.23982	0.08913	0.12398	0.01043	0.00531	0.01164
25	0.02064	0.11318	0.02417	0.01747	0.02208	0.01988	0.01365	0.03105	0.15509	0.03496	0.10828	0.23936	0.05123	0.02101	0.01136	0.00350	0.00780	0.01820	0.00939	0.07770
26	0.02981	0.01401	0.01885	0.01665	0.02132	0.01247	0.01281	0.03367	0.02833	0.26844	0.18993	0.20356	0.06071	0.02155	0.01230	0.00367	0.00731	0.01884	0.01216	0.01360
27	0.01391	0.01025	0.01316	0.01525	0.01672	0.00951	0.01100	0.01646	0.02225	0.02889	0.06853	0.44294	0.15328	0.03236	0.01392	0.00439	0.00678	0.10118	0.01011	0.00911
28	0.01809	0.01585	0.02561	0.36496	0.05240	0.01896	0.02293	0.02357	0.02090	0.02744	0.03040	0.16583	0.02993	0.02771	0.10224	0.00606	0.01500	0.01495	0.00623	0.01097
29	0.01373	0.01019	0.01223	0.01345	0.01492	0.00932	0.00908	0.01577	0.02179	0.02824	0.10128	0.35363	0.19469	0.12548	0.02027	0.00515	0.00672	0.02569	0.00968	0.00868
30	0.09090	0.01145	0.01379	0.01451	0.01660	0.01118	0.01038	0.01920	0.02453	0.03645	0.24445	0.33572	0.07738	0.02679	0.01269	0.00392	0.00610	0.02374	0.01048	0.00975
31	0.01558	0.01168	0.01752	0.01752	0.01947	0.01363	0.01363	0.01947	0.01752	0.02531	0.02921	0.04283	0.02726	0.08178	0.57360	0.01752	0.02921	0.01168	0.00584	0.00974
32	0.59998	0.02245	0.01843	0.01589	0.02292	0.02581	0.01309	0.10116	0.02326	0.05177	0.01676	0.01893	0.01278	0.01055	0.00735	0.00336	0.00895	0.00647	0.00735	0.01278
33	0.02317	0.02533	0.09406	0.20583	0.17781	0.02381	0.02731	0.03553	0.12931	0.03614	0.08420	0.03617	0.02906	0.01263	0.01107	0.00350	0.01202	0.01119	0.00707	0.01478
34	0.02104	0.01950	0.03252	0.44117	0.14476	0.02292	0.02854	0.02794	0.02331	0.03090	0.07864	0.03464	0.02494	0.01200	0.01110	0.00355	0.01322	0.01083	0.00574	0.01274
35	0.01894	0.00947	0.01420	0.01420	0.01420	0.00947	0.00947	0.01420	0.01420	0.01894	0.01894	0.03314	0.01894	0.03788	0.04261	0.68277	0.00947	0.00947	0.00473	0.00473
36	0.04094	0.02229	0.02697	0.02174	0.02933	0.02244	0.01812	0.22836	0.03809	0.28073	0.03878	0.04666	0.02944	0.01601	0.01160	0.00360	0.01047	0.08532	0.01192	0.01718
37	0.02872	0.17419	0.32886	0.02672	0.03927	0.09259	0.03061	0.03728	0.02468	0.09056	0.02094	0.02302	0.01537	0.01059	0.00964	0.00313	0.01480	0.00778	0.00574	0.01552
38	0.02890	0.12157	0.03547	0.02474	0.03228	0.03051	0.07577	0.10243	0.33429	0.04375	0.03499	0.03398	0.02654	0.01306	0.01062	0.00343	0.01065	0.01106	0.00938	0.01658
39	0.13144	0.07992	0.26409	0.02902	0.08583	0.02624	0.02848	0.03212	0.02163	0.03546	0.01800	0.02221	0.01416	0.01095	0.01232	0.00329	0.08169	0.00771	0.00526	0.09018

[dist]
# distance from previous block
# <min> <max>
6	28

[block]
# block no. 2 follows, 12 sequences, length 8
# corresponding to MSA columns:
# 676-683
name=unknown_C
#
# <colnr> <probs for GDERKNQSTAVLIFYWHMCP>
#	G	D	E	R	K	N	Q	S	T	A	V	L	I	F	Y	W	H	M	C	P
0	0.01613	0.01101	0.01395	0.01321	0.01578	0.01027	0.00991	0.02126	0.02973	0.04329	0.47082	0.07564	0.09222	0.02093	0.01211	0.00330	0.00514	0.01836	0.10668	0.01027
1	0.02794	0.01391	0.01904	0.01845	0.02262	0.01279	0.01490	0.03178	0.02617	0.22467	0.05296	0.22839	0.05218	0.02512	0.01323	0.00425	0.00871	0.17870	0.01134	0.01285
2	0.12703	0.17086	0.03718	0.08682	0.10847	0.17669	0.02187	0.08909	0.02760	0.03574	0.01805	0.02163	0.01473	0.01059	0.00910	0.00298	0.01386	0.00756	0.00604	0.01411
3	0.03370	0.02980	0.11708	0.10441	0.03984	0.02559	0.02348	0.22562	0.03527	0.12662	0.02571	0.02722	0.01813	0.01167	0.01042	0.00313	0.01206	0.00920	0.00876	0.11228
4	0.02582	0.02529	0.03245	0.44655	0.06453	0.10376	0.02789	0.08463	0.02642	0.03229	0.01978	0.02740	0.01492	0.01120	0.01075	0.00348	0.01498	0.00932	0.00564	0.01291
5	0.16443	0.03630	0.22452	0.03223	0.04396	0.02528	0.20573	0.03555	0.02371	0.07663	0.02133	0.02533	0.01539	0.01011	0.01058	0.00351	0.01485	0.00960	0.00605	0.01489
6	0.01344	0.00990	0.01260	0.01439	0.01569	0.00906	0.00985	0.01581	0.02252	0.02972	0.11745	0.47691	0.14883	0.03192	0.01365	0.00421	0.00608	0.02860	0.01031	0.00906
7	0.03771	0.02889	0.03792	0.03231	0.08461	0.10353	0.12192	0.13023	0.03216	0.19491	0.02763	0.02908	0.01958	0.01225	0.01294	0.00342	0.05536	0.01036	0.00885	0.01632

[dist]
# distance from previous block
# <min> <max>
0	15

[block]
# block no. 3 follows, 12 sequences, length 17
# corresponding to MSA columns:
# 699-715
name=unknown_D
#
# <colnr> <probs for GDERKNQSTAVLIFYWHMCP>
#	G	D	E	R	K	N	Q	S	T	A	V	L	I	F	Y	W	H	M	C	P
0	0.11452	0.02312	0.03658	0.07132	0.03875	0.02412	0.16050	0.08543	0.02704	0.15008	0.02834	0.07783	0.02273	0.01391	0.01380	0.00371	0.07321	0.01221	0.00821	0.01459
1	0.10984	0.02705	0.02793	0.02228	0.03023	0.06828	0.01814	0.25033	0.08676	0.20184	0.03094	0.02936	0.02136	0.01292	0.01043	0.00332	0.01110	0.00977	0.01084	0.01727
2	0.04073	0.05197	0.03090	0.02809	0.03371	0.57303	0.02107	0.04354	0.03090	0.02669	0.01685	0.01966	0.01404	0.01124	0.00983	0.00281	0.01966	0.00702	0.00562	0.01264
3	0.03466	0.01533	0.02033	0.01692	0.02287	0.01341	0.01344	0.03869	0.02947	0.34222	0.15684	0.10894	0.10155	0.01882	0.01185	0.00352	0.00773	0.01601	0.01250	0.01490
4	0.02833	0.01279	0.01783	0.01637	0.01962	0.01169	0.01204	0.02868	0.02224	0.21744	0.03902	0.19282	0.03647	0.02796	0.02319	0.24874	0.00854	0.01592	0.00941	0.01091
5	0.01328	0.00949	0.01265	0.01518	0.01581	0.00886	0.01012	0.01518	0.02088	0.02783	0.06010	0.60969	0.07212	0.03416	0.01392	0.00443	0.00633	0.03100	0.01012	0.00886
6	0.01437	0.01033	0.01362	0.01444	0.01605	0.00958	0.01021	0.01791	0.02592	0.03587	0.30422	0.34267	0.08767	0.02816	0.01338	0.00392	0.00573	0.02530	0.01107	0.00958
7	0.07763	0.01700	0.01973	0.01735	0.02185	0.01730	0.01327	0.13726	0.03115	0.11811	0.16183	0.17314	0.05342	0.07204	0.01559	0.00422	0.00829	0.01729	0.01068	0.01285
8	0.01996	0.01278	0.01412	0.01358	0.01552	0.01309	0.00925	0.08084	0.02317	0.03392	0.03788	0.14440	0.03886	0.26893	0.02908	0.00630	0.00845	0.01590	0.20448	0.00951
9	0.09636	0.02785	0.02959	0.02334	0.03150	0.03078	0.01912	0.37299	0.11574	0.09820	0.02904	0.02831	0.02068	0.01311	0.01058	0.00335	0.01101	0.00992	0.01076	0.01778
10	0.16658	0.01489	0.01720	0.01561	0.02000	0.01458	0.01181	0.03047	0.02453	0.18404	0.12681	0.17614	0.04866	0.08166	0.01571	0.00437	0.00784	0.01654	0.01033	0.01224
11	0.02682	0.01428	0.01827	0.01643	0.02091	0.01323	0.01258	0.03296	0.07136	0.20860	0.19064	0.18262	0.10235	0.02182	0.01232	0.00368	0.00711	0.01897	0.01184	0.01321
12	0.02949	0.03325	0.03256	0.02845	0.03032	0.21365	0.02292	0.03202	0.02144	0.02639	0.01516	0.02245	0.01422	0.01646	0.02711	0.00412	0.40405	0.00870	0.00505	0.01217
13	0.02023	0.01192	0.01514	0.01473	0.01790	0.01091	0.01126	0.02430	0.02686	0.11122	0.22470	0.17905	0.12979	0.02373	0.01246	0.00371	0.00648	0.06413	0.08046	0.01103
14	0.20171	0.01842	0.02208	0.01826	0.02554	0.01764	0.01519	0.04418	0.02737	0.36734	0.03810	0.04317	0.02779	0.01476	0.01045	0.00358	0.00917	0.06799	0.01142	0.01585
15	0.09865	0.01553	0.01909	0.01782	0.02252	0.01516	0.01393	0.03495	0.07385	0.21240	0.04775	0.23647	0.04549	0.02222	0.01203	0.00396	0.00824	0.07548	0.01100	0.01343
16	0.10236	0.02257	0.02397	0.01978	0.02629	0.02452	0.01590	0.25147	0.08890	0.09746	0.03263	0.07491	0.02587	0.01454	0.01015	0.00329	0.00938	0.01145	0.12908	0.01548

[dist]
# distance from previous block
# <min> <max>
0	2

[block]
# block no. 4 follows, 12 sequences, length 36
# corresponding to MSA columns:
# 718-753
name=unknown_E
#
# <colnr> <probs for GDERKNQSTAVLIFYWHMCP>
#	G	D	E	R	K	N	Q	S	T	A	V	L	I	F	Y	W	H	M	C	P
0	0.01447	0.01126	0.01327	0.01401	0.01639	0.01047	0.01002	0.01921	0.05861	0.03240	0.16145	0.30749	0.23391	0.02854	0.01319	0.00395	0.00600	0.02504	0.01052	0.00980
1	0.13930	0.01486	0.01817	0.01650	0.02110	0.01458	0.01277	0.03152	0.02474	0.20371	0.10820	0.18319	0.04594	0.02788	0.08223	0.00543	0.01036	0.01638	0.01036	0.01278
2	0.05754	0.01385	0.01917	0.02314	0.09618	0.01331	0.01423	0.02399	0.02241	0.10133	0.04782	0.37903	0.05251	0.06391	0.01534	0.00445	0.00809	0.02279	0.00947	0.01143
3	0.01889	0.01672	0.02717	0.02234	0.02722	0.01648	0.12494	0.02740	0.08183	0.03814	0.26155	0.06120	0.09755	0.02767	0.09547	0.00562	0.01212	0.01641	0.00938	0.01189
4	0.10352	0.02179	0.02992	0.25404	0.09958	0.02372	0.02336	0.10317	0.02723	0.09589	0.02261	0.02722	0.01666	0.01094	0.01007	0.00323	0.01192	0.00902	0.00716	0.09895
5	0.03356	0.02197	0.03188	0.24304	0.04903	0.02380	0.05415	0.12045	0.06840	0.19712	0.02978	0.03193	0.02055	0.01225	0.01106	0.00350	0.01231	0.01050	0.00902	0.01572
6	0.11334	0.01434	0.01724	0.01614	0.01981	0.01454	0.01238	0.02643	0.02386	0.13272	0.11403	0.20351	0.12219	0.02656	0.04959	0.00472	0.04861	0.01850	0.00990	0.01159
7	0.69383	0.02109	0.01603	0.01434	0.02109	0.02446	0.01181	0.03205	0.01856	0.04892	0.01518	0.01771	0.01181	0.01012	0.00675	0.00337	0.00843	0.00590	0.00675	0.01181
8	0.04055	0.01928	0.02462	0.01897	0.02744	0.01690	0.01545	0.04782	0.08377	0.38189	0.03779	0.03420	0.02521	0.01240	0.01032	0.00301	0.00893	0.01009	0.01163	0.16974
9	0.02423	0.01392	0.01766	0.01674	0.02051	0.01345	0.01279	0.03146	0.09002	0.15299	0.16334	0.21840	0.06084	0.02279	0.01237	0.00380	0.00721	0.05367	0.05123	0.01258
10	0.57657	0.02192	0.01898	0.05915	0.02648	0.02539	0.01411	0.08046	0.02212	0.04933	0.01662	0.01943	0.01270	0.01048	0.00748	0.00338	0.00926	0.00659	0.00703	0.01251
11	0.01505	0.01119	0.01425	0.01623	0.01758	0.01107	0.01133	0.02029	0.07677	0.03006	0.05824	0.51919	0.06732	0.03181	0.01367	0.00438	0.00679	0.05470	0.01022	0.00984
12	0.01414	0.01076	0.01301	0.01315	0.01567	0.00963	0.00959	0.01781	0.02677	0.03567	0.29850	0.20062	0.24200	0.02655	0.01309	0.00372	0.00552	0.02318	0.01099	0.00963
13	0.06441	0.01425	0.01819	0.01616	0.02076	0.01337	0.01248	0.03147	0.02528	0.22610	0.10043	0.12925	0.10606	0.06766	0.09751	0.00611	0.01097	0.01621	0.01052	0.01279
14	0.14321	0.02044	0.02487	0.01937	0.02759	0.01952	0.01600	0.10796	0.03187	0.41990	0.03678	0.03287	0.02368	0.01295	0.01033	0.00336	0.00950	0.01007	0.01217	0.01756
15	0.03350	0.40894	0.04729	0.02220	0.03013	0.24199	0.01956	0.03674	0.02544	0.02604	0.01579	0.01831	0.01401	0.01004	0.00806	0.00251	0.01466	0.00628	0.00502	0.01349
16	0.17062	0.02158	0.02376	0.01903	0.02598	0.02240	0.01524	0.18516	0.03260	0.22541	0.03098	0.03492	0.02322	0.10179	0.01668	0.00441	0.01014	0.01032	0.01033	0.01544
17	0.02070	0.01237	0.01545	0.01411	0.01793	0.01095	0.01077	0.02483	0.02869	0.13212	0.30484	0.11130	0.20813	0.02286	0.01259	0.00355	0.00607	0.01970	0.01165	0.01141
18	0.04100	0.04393	0.03158	0.02696	0.03375	0.37069	0.02094	0.21950	0.03854	0.04246	0.02035	0.02211	0.01573	0.01193	0.01024	0.00298	0.01679	0.00807	0.00760	0.01486
19	0.01694	0.01210	0.01684	0.01936	0.02159	0.01200	0.01647	0.02150	0.02448	0.03192	0.05808	0.19486	0.06413	0.03072	0.01489	0.00493	0.00949	0.40978	0.01005	0.00987
20	0.02406	0.01278	0.01686	0.01631	0.01989	0.01186	0.01290	0.02833	0.02675	0.15946	0.16046	0.17553	0.06064	0.02300	0.01244	0.00385	0.00743	0.12005	0.09549	0.01191
21	0.08893	0.01158	0.01426	0.01598	0.01788	0.01149	0.01190	0.01915	0.02253	0.03277	0.10367	0.38811	0.06665	0.02947	0.01327	0.00434	0.00722	0.12132	0.00993	0.00958
22	0.02059	0.01938	0.03270	0.59060	0.07510	0.02422	0.03028	0.02786	0.02180	0.02786	0.01938	0.02907	0.01453	0.01090	0.01090	0.00363	0.01453	0.00969	0.00484	0.01211
23	0.01354	0.01100	0.01154	0.01144	0.01454	0.00950	0.00829	0.01621	0.02438	0.02997	0.14822	0.09813	0.43235	0.10136	0.01826	0.00452	0.00612	0.02175	0.00989	0.00900
24	0.03767	0.01593	0.02191	0.01837	0.02446	0.01440	0.01462	0.04142	0.02735	0.38405	0.04401	0.13967	0.03505	0.02725	0.09457	0.00565	0.01170	0.01463	0.01177	0.01553
25	0.01562	0.01113	0.01568	0.01605	0.01765	0.01235	0.01195	0.01892	0.01825	0.02641	0.03477	0.12927	0.03519	0.12384	0.39595	0.01376	0.02213	0.01484	0.05691	0.00932
26	0.02946	0.02149	0.02263	0.01933	0.02515	0.02390	0.01532	0.18936	0.22168	0.05126	0.03595	0.03615	0.02702	0.01361	0.00995	0.00320	0.00857	0.01087	0.21968	0.01544
27	0.09436	0.01681	0.01972	0.01845	0.02293	0.01723	0.01438	0.10118	0.06560	0.13148	0.04603	0.25807	0.04601	0.02299	0.01216	0.00398	0.00854	0.07644	0.01056	0.01308
28	0.02936	0.01753	0.02518	0.17539	0.03719	0.01922	0.01890	0.07884	0.02438	0.15860	0.02538	0.03166	0.01935	0.02072	0.02249	0.21522	0.05109	0.00994	0.00754	0.01203
29	0.01678	0.01051	0.01288	0.01303	0.01386	0.01082	0.00855	0.01796	0.01751	0.02549	0.03351	0.08879	0.03506	0.31738	0.13455	0.08361	0.01251	0.01432	0.12518	0.00772
30	0.01547	0.01252	0.01396	0.01380	0.01710	0.01184	0.01024	0.02247	0.09402	0.03477	0.19600	0.16523	0.30133	0.02559	0.01279	0.00373	0.00597	0.02197	0.01070	0.01050
31	0.11521	0.01661	0.02331	0.30610	0.04654	0.01913	0.02034	0.02479	0.02286	0.03313	0.10134	0.08879	0.10784	0.01644	0.01107	0.00364	0.01053	0.01398	0.00720	0.01116
32	0.02422	0.06992	0.03442	0.40060	0.06005	0.09613	0.02737	0.02998	0.02229	0.02733	0.01806	0.02630	0.01440	0.01193	0.01382	0.00358	0.09335	0.00904	0.00492	0.01230
33	0.02119	0.02732	0.15135	0.15780	0.04047	0.02318	0.02461	0.03102	0.09496	0.03048	0.02563	0.03692	0.02230	0.12398	0.05580	0.00582	0.09756	0.01088	0.00607	0.01267
34	0.11629	0.01312	0.01521	0.08562	0.02165	0.01416	0.01075	0.01969	0.01755	0.02682	0.03245	0.11704	0.03592	0.38699	0.03812	0.00796	0.01029	0.01527	0.00679	0.00832
35	0.09733	0.01888	0.02653	0.20241	0.11533	0.02070	0.02082	0.06495	0.02548	0.07213	0.10746	0.04162	0.03319	0.08925	0.01638	0.00434	0.01107	0.01177	0.00756	0.01278

[dist]
# distance from previous block
# <min> <max>
4	9

[block]
# block no. 5 follows, 12 sequences, length 21
# corresponding to MSA columns:
# 764-784
name=unknown_F
#
# <colnr> <probs for GDERKNQSTAVLIFYWHMCP>
#	G	D	E	R	K	N	Q	S	T	A	V	L	I	F	Y	W	H	M	C	P
0	0.13460	0.09704	0.11395	0.03146	0.11034	0.02806	0.07410	0.09060	0.02537	0.03880	0.02252	0.07442	0.02004	0.01337	0.01293	0.00351	0.07745	0.01059	0.00645	0.01440
1	0.01539	0.01119	0.01366	0.01499	0.01601	0.01117	0.00988	0.01969	0.07085	0.02780	0.05146	0.40477	0.05930	0.19177	0.02502	0.00604	0.00772	0.02496	0.00926	0.00909
2	0.01443	0.00992	0.01326	0.01538	0.01612	0.00946	0.01061	0.01598	0.02040	0.02711	0.05443	0.46523	0.06416	0.08172	0.01975	0.05931	0.00734	0.07754	0.00939	0.00847
3	0.02543	0.02105	0.02412	0.01749	0.02703	0.01742	0.01409	0.09998	0.02690	0.04049	0.02040	0.02314	0.01651	0.00882	0.00850	0.00186	0.00866	0.00696	0.00713	0.58403
4	0.03307	0.02721	0.03519	0.08111	0.16518	0.03059	0.02485	0.26458	0.06804	0.05042	0.02388	0.02724	0.01830	0.01292	0.01398	0.00351	0.08494	0.00990	0.00829	0.01681
5	0.06648	0.02257	0.02802	0.14480	0.03852	0.02526	0.02034	0.11450	0.12608	0.08255	0.02641	0.02917	0.01994	0.01274	0.01334	0.00336	0.08353	0.00957	0.00811	0.12471
6	0.23367	0.01827	0.02260	0.01888	0.02469	0.01906	0.05630	0.06119	0.02594	0.12250	0.14729	0.04104	0.03877	0.02433	0.09441	0.00552	0.01199	0.01166	0.00905	0.01286
7	0.02519	0.02061	0.02251	0.02041	0.02559	0.02304	0.01571	0.09753	0.33792	0.04529	0.10670	0.12923	0.04610	0.01843	0.01172	0.00373	0.00823	0.01576	0.01104	0.01528
8	0.07407	0.01095	0.01290	0.01397	0.01565	0.01076	0.00970	0.01889	0.02219	0.03339	0.13224	0.35442	0.06388	0.07511	0.01574	0.00444	0.00650	0.02308	0.09281	0.00933
9	0.06603	0.01627	0.02255	0.01919	0.02446	0.01548	0.05273	0.03492	0.07124	0.20382	0.16870	0.16488	0.05416	0.01954	0.01197	0.00366	0.00826	0.01727	0.01119	0.01368
10	0.11133	0.01840	0.02226	0.01873	0.02538	0.01798	0.01490	0.04602	0.12197	0.32465	0.04273	0.12125	0.03323	0.01645	0.01096	0.00359	0.00862	0.01365	0.01179	0.01611
11	0.01523	0.01041	0.01295	0.01351	0.01460	0.01009	0.00900	0.01760	0.02167	0.03027	0.16953	0.23528	0.06410	0.22627	0.05360	0.00673	0.00845	0.02090	0.05119	0.00859
12	0.03546	0.01550	0.02052	0.01704	0.02314	0.01352	0.01355	0.03938	0.02922	0.35531	0.12808	0.11596	0.10769	0.01887	0.01182	0.00354	0.00786	0.01600	0.01248	0.01508
13	0.02836	0.01507	0.01920	0.01687	0.02145	0.01435	0.01310	0.03527	0.08373	0.21367	0.19930	0.06396	0.05640	0.10806	0.01859	0.00465	0.00817	0.05508	0.01143	0.01330
14	0.04398	0.02099	0.02581	0.02002	0.02794	0.02030	0.01646	0.17612	0.03586	0.37069	0.03765	0.03448	0.02477	0.01330	0.01061	0.00326	0.00960	0.01057	0.07986	0.01770
15	0.06295	0.01816	0.02118	0.01796	0.02376	0.01800	0.01404	0.11216	0.08062	0.21546	0.05069	0.11897	0.10960	0.06749	0.01507	0.00416	0.00878	0.01538	0.01104	0.01453
16	0.10238	0.01450	0.01769	0.01545	0.02004	0.01370	0.01186	0.03214	0.02688	0.21287	0.20019	0.09864	0.05455	0.07851	0.01567	0.00416	0.00754	0.01526	0.04524	0.01274
17	0.03492	0.01666	0.02160	0.01783	0.02401	0.01547	0.01424	0.04275	0.09299	0.31997	0.21181	0.05251	0.05337	0.01662	0.01162	0.00343	0.00780	0.01409	0.01269	0.01561
18	0.02881	0.02006	0.02406	0.02117	0.02603	0.02253	0.01670	0.04482	0.25687	0.14689	0.08202	0.09825	0.03876	0.01774	0.01519	0.00384	0.09621	0.01412	0.01062	0.01531
19	0.10361	0.01840	0.02098	0.01832	0.02406	0.01896	0.01435	0.07897	0.14093	0.20034	0.04162	0.14592	0.03490	0.01732	0.01081	0.00357	0.00832	0.01444	0.06925	0.01493
20	0.08662	0.01810	0.02151	0.01835	0.02410	0.01809	0.01445	0.10819	0.07472	0.21528	0.12904	0.14178	0.04621	0.01842	0.01147	0.00358	0.00832	0.01553	0.01150	0.01475

[dist]
# distance from previous block
# <min> <max>
6	44

[block]
# block no. 6 follows, 12 sequences, length 21
# corresponding to MSA columns:
# 831-851
name=unknown_G
#
# <colnr> <probs for GDERKNQSTAVLIFYWHMCP>
#	G	D	E	R	K	N	Q	S	T	A	V	L	I	F	Y	W	H	M	C	P
0	0.19907	0.01821	0.02170	0.01825	0.02401	0.01884	0.01476	0.03817	0.02540	0.27204	0.08058	0.09098	0.03321	0.01612	0.01319	0.00364	0.07471	0.01232	0.01037	0.01443
1	0.09112	0.01862	0.02327	0.10416	0.03245	0.01922	0.01713	0.04008	0.13166	0.18451	0.06340	0.08280	0.03343	0.01553	0.01090	0.00351	0.00936	0.03825	0.00997	0.07066
2	0.02261	0.02729	0.11012	0.02731	0.03001	0.02958	0.02478	0.02684	0.01924	0.02945	0.07477	0.03023	0.02423	0.01814	0.02939	0.00442	0.44317	0.01047	0.00556	0.01237
3	0.11798	0.01391	0.01562	0.01478	0.01843	0.01409	0.01146	0.02560	0.07687	0.04260	0.34250	0.07282	0.12308	0.02075	0.01191	0.00357	0.00632	0.04581	0.01082	0.01108
4	0.14310	0.02025	0.02834	0.02246	0.03000	0.01966	0.08871	0.04386	0.08354	0.28750	0.03723	0.08922	0.02811	0.01448	0.01088	0.00356	0.01014	0.01255	0.01062	0.01580
5	0.09818	0.01351	0.01622	0.01530	0.01925	0.01302	0.01213	0.02748	0.02678	0.12752	0.21351	0.10915	0.09176	0.02086	0.01174	0.00365	0.00706	0.08496	0.07628	0.01164
6	0.63992	0.02087	0.01680	0.01476	0.02165	0.02376	0.01216	0.03381	0.01961	0.09134	0.01751	0.01933	0.01308	0.01040	0.00710	0.00337	0.00851	0.00633	0.00731	0.01237
7	0.14456	0.01796	0.02084	0.01714	0.02306	0.01772	0.01344	0.09067	0.02855	0.25647	0.09724	0.04440	0.03528	0.12340	0.01857	0.00467	0.00916	0.01198	0.01065	0.01424
8	0.08481	0.01820	0.02150	0.01841	0.02391	0.01900	0.01465	0.10341	0.10342	0.15637	0.16784	0.04697	0.04543	0.02587	0.09532	0.00554	0.01139	0.01299	0.01068	0.01431
9	0.02928	0.01495	0.01861	0.01666	0.02133	0.01399	0.01277	0.07829	0.02808	0.21875	0.05298	0.23869	0.09236	0.02181	0.01178	0.00366	0.00770	0.01879	0.08612	0.01338
10	0.01811	0.01311	0.01620	0.01625	0.01864	0.01300	0.01176	0.09112	0.02825	0.03845	0.19171	0.37286	0.07281	0.02765	0.01317	0.00397	0.00684	0.02464	0.01077	0.01071
11	0.08861	0.02045	0.02470	0.01973	0.02707	0.02005	0.01602	0.15992	0.03428	0.32150	0.06651	0.08819	0.03222	0.01555	0.01102	0.00345	0.00939	0.01265	0.01197	0.01671
12	0.16538	0.01538	0.01743	0.01521	0.02037	0.01461	0.01182	0.02818	0.02593	0.11653	0.22506	0.11225	0.05600	0.01763	0.01069	0.00325	0.00702	0.01479	0.01006	0.11239
13	0.01519	0.01172	0.01402	0.01430	0.01686	0.01111	0.01038	0.02107	0.07204	0.03530	0.23597	0.25212	0.19588	0.02671	0.01304	0.00384	0.00594	0.02345	0.01085	0.01020
14	0.07893	0.01451	0.01702	0.01636	0.02026	0.01436	0.01222	0.03044	0.09982	0.13108	0.09195	0.27374	0.10850	0.02383	0.01216	0.00388	0.00721	0.02068	0.01075	0.01229
15	0.16005	0.01782	0.02090	0.01818	0.02420	0.01818	0.01477	0.04053	0.10140	0.23222	0.08702	0.04719	0.03597	0.02181	0.06254	0.00489	0.01052	0.05652	0.01065	0.01461
16	0.02629	0.01834	0.02391	0.02552	0.10143	0.01861	0.01688	0.11247	0.07971	0.10575	0.14255	0.19025	0.05168	0.02008	0.01208	0.00365	0.00863	0.01764	0.01044	0.01407
17	0.02313	0.01941	0.09788	0.01791	0.02340	0.01377	0.01624	0.02794	0.02542	0.14149	0.12624	0.12316	0.12307	0.08878	0.01731	0.00458	0.00910	0.07917	0.00987	0.01213
18	0.02051	0.01196	0.01593	0.01542	0.01836	0.01132	0.01150	0.02336	0.02374	0.11994	0.13419	0.20108	0.12768	0.03704	0.12149	0.05558	0.01109	0.01932	0.00980	0.01067
19	0.02178	0.01592	0.02614	0.23402	0.04161	0.01739	0.06321	0.02443	0.01970	0.06362	0.02418	0.03904	0.02170	0.13659	0.02814	0.18325	0.01240	0.01122	0.00586	0.00981
20	0.02795	0.03142	0.16521	0.02405	0.03127	0.07584	0.02305	0.03652	0.07789	0.12315	0.02788	0.03361	0.02218	0.06708	0.10007	0.00617	0.09497	0.01023	0.00732	0.01413

[dist]
# distance from previous block
# <min> <max>
15	347

# created by:
# /st0/software/busco_prod/Augustus/scripts/msa2prfl.pl ./align_prep/7663.fa
