[name]
unknown

[dist]
# distance from previous block
# <min> <max>
5	402

[block]
# block no. 0 follows, 11 sequences, length 44
# corresponding to MSA columns:
# 427-470
name=unknown_A
#
# <colnr> <probs for GDERKNQSTAVLIFYWHMCP>
#	G	D	E	R	K	N	Q	S	T	A	V	L	I	F	Y	W	H	M	C	P
0	0.02210	0.01914	0.02400	0.01892	0.02581	0.01779	0.01521	0.02652	0.02137	0.03313	0.02121	0.02766	0.01865	0.02511	0.12174	0.00541	0.10058	0.00822	0.00628	0.44115
1	0.03612	0.13113	0.11873	0.02351	0.03256	0.08611	0.02198	0.12354	0.03184	0.17216	0.03119	0.08798	0.02521	0.01460	0.01070	0.00335	0.01255	0.01146	0.00909	0.01618
2	0.01760	0.02156	0.11732	0.02256	0.02786	0.01506	0.07101	0.02330	0.02456	0.03385	0.12007	0.29869	0.06073	0.02557	0.01354	0.00421	0.01001	0.07178	0.00916	0.01155
3	0.02320	0.02648	0.09425	0.36678	0.15579	0.02583	0.08492	0.03137	0.02367	0.03178	0.02055	0.02899	0.01567	0.01077	0.01140	0.00366	0.01533	0.01020	0.00516	0.01422
4	0.07928	0.08168	0.09236	0.04303	0.20752	0.02799	0.12198	0.07619	0.02714	0.03978	0.02089	0.02581	0.01660	0.01011	0.01057	0.00321	0.01371	0.00952	0.00620	0.08646
5	0.08393	0.15238	0.30192	0.02562	0.03786	0.02872	0.02954	0.07683	0.02679	0.03955	0.07376	0.02893	0.02437	0.01205	0.01003	0.00332	0.01345	0.00914	0.00639	0.01542
6	0.01730	0.01232	0.01513	0.01614	0.01757	0.01221	0.01095	0.06710	0.02395	0.03197	0.05344	0.44064	0.06242	0.13697	0.02188	0.00560	0.00796	0.02681	0.00987	0.00978
7	0.02092	0.01925	0.03209	0.51803	0.07174	0.02372	0.02986	0.02818	0.02287	0.02928	0.02423	0.04035	0.02031	0.01337	0.01171	0.00390	0.01451	0.05783	0.00557	0.01227
8	0.07302	0.04268	0.34524	0.02865	0.04092	0.02326	0.07430	0.03221	0.02396	0.03688	0.07794	0.03286	0.02611	0.01980	0.06949	0.00513	0.01641	0.01034	0.00600	0.01478
9	0.01501	0.01072	0.01454	0.01715	0.01837	0.01026	0.01269	0.01791	0.02282	0.03018	0.06132	0.45978	0.07162	0.03404	0.01471	0.00475	0.00765	0.15657	0.01042	0.00950
10	0.01401	0.01020	0.01321	0.01505	0.01630	0.00940	0.01030	0.01657	0.02350	0.03139	0.13801	0.47421	0.12075	0.03277	0.01410	0.00434	0.00627	0.02947	0.01075	0.00940
11	0.02095	0.01709	0.02815	0.30503	0.10506	0.01984	0.02386	0.02461	0.02023	0.02686	0.02115	0.03251	0.01803	0.02690	0.08181	0.18674	0.01511	0.01018	0.00515	0.01076
12	0.02945	0.02761	0.04001	0.18063	0.05124	0.08563	0.15552	0.04258	0.14441	0.08332	0.02902	0.03270	0.02142	0.01202	0.01175	0.00366	0.01473	0.01140	0.00768	0.01523
13	0.01485	0.01107	0.01382	0.01397	0.01637	0.01003	0.01016	0.01884	0.02808	0.03813	0.33005	0.21412	0.18488	0.02712	0.01355	0.00384	0.00569	0.02389	0.01152	0.01003
14	0.03009	0.61122	0.05898	0.01926	0.02889	0.04454	0.01926	0.03370	0.02287	0.02648	0.01565	0.01805	0.01444	0.00963	0.00722	0.00241	0.01204	0.00602	0.00481	0.01444
15	0.19989	0.13846	0.04220	0.02774	0.03569	0.07153	0.14659	0.03624	0.02383	0.08237	0.02024	0.02421	0.01584	0.01148	0.01274	0.00348	0.07778	0.00902	0.00653	0.01414
16	0.68395	0.02177	0.01654	0.01480	0.02177	0.02525	0.01219	0.03309	0.01915	0.05050	0.01567	0.01828	0.01219	0.01045	0.00697	0.00348	0.00871	0.00609	0.00697	0.01219
17	0.07555	0.08779	0.26091	0.08367	0.08727	0.08798	0.03192	0.03463	0.02357	0.03363	0.01865	0.02357	0.01459	0.01170	0.01313	0.00354	0.07943	0.00833	0.00516	0.01496
18	0.16627	0.01963	0.02437	0.01907	0.02746	0.01813	0.01575	0.05087	0.02983	0.45220	0.03915	0.03465	0.02500	0.01329	0.01052	0.00348	0.00942	0.01036	0.01266	0.01788
19	0.02549	0.01332	0.01780	0.01624	0.02018	0.01199	0.01231	0.02970	0.02945	0.18627	0.27326	0.19581	0.07557	0.02335	0.01297	0.00377	0.00685	0.02055	0.01237	0.01275
20	0.03777	0.14200	0.07582	0.02453	0.03388	0.12100	0.06321	0.04292	0.02824	0.21070	0.02756	0.02773	0.01965	0.01142	0.01013	0.00301	0.01322	0.00901	0.00848	0.08972
21	0.01659	0.01376	0.01481	0.01414	0.01815	0.01314	0.01072	0.02530	0.11632	0.03685	0.19711	0.09060	0.34146	0.02482	0.01296	0.00374	0.00620	0.02095	0.01108	0.01128
22	0.04025	0.18912	0.03724	0.02164	0.03042	0.03041	0.01870	0.16319	0.08909	0.22040	0.03202	0.03013	0.02258	0.01277	0.01017	0.00319	0.01092	0.00968	0.01041	0.01768
23	0.68395	0.02177	0.01654	0.01480	0.02177	0.02525	0.01219	0.03309	0.01915	0.05050	0.01567	0.01828	0.01219	0.01045	0.00697	0.00348	0.00871	0.00609	0.00697	0.01219
24	0.01449	0.01145	0.01305	0.01265	0.01593	0.01001	0.00949	0.01846	0.02847	0.03708	0.30188	0.09732	0.33764	0.02601	0.01329	0.00368	0.00552	0.02221	0.01133	0.01001
25	0.02860	0.02449	0.07630	0.02215	0.03267	0.01781	0.07048	0.03472	0.02536	0.12887	0.02479	0.02690	0.01854	0.00970	0.00965	0.00241	0.01051	0.00841	0.00771	0.41991
26	0.03009	0.61122	0.05898	0.01926	0.02889	0.04454	0.01926	0.03370	0.02287	0.02648	0.01565	0.01805	0.01444	0.00963	0.00722	0.00241	0.01204	0.00602	0.00481	0.01444
27	0.03096	0.12153	0.14036	0.02753	0.08972	0.02527	0.02371	0.07837	0.02776	0.12082	0.02414	0.02590	0.01802	0.01060	0.00972	0.00281	0.01176	0.00836	0.00747	0.19519
28	0.02178	0.14717	0.03296	0.11565	0.03427	0.02393	0.06043	0.02863	0.06630	0.03064	0.07249	0.04915	0.08613	0.11117	0.06794	0.00586	0.01318	0.01312	0.00712	0.01208
29	0.01461	0.01046	0.01399	0.01596	0.01720	0.00984	0.01134	0.01754	0.02392	0.03228	0.14698	0.45078	0.07917	0.03256	0.01430	0.00445	0.00674	0.07754	0.01079	0.00955
30	0.02469	0.02417	0.04206	0.27318	0.24571	0.02693	0.08387	0.03164	0.02367	0.03249	0.02028	0.02873	0.01630	0.01136	0.01379	0.00371	0.06695	0.01037	0.00529	0.01482
31	0.08349	0.02239	0.02946	0.13709	0.08587	0.02363	0.02149	0.15027	0.03277	0.19382	0.03261	0.08265	0.02534	0.01463	0.01124	0.00360	0.01136	0.01216	0.00988	0.01627
32	0.02229	0.01965	0.03010	0.15966	0.04026	0.02313	0.06423	0.07496	0.02416	0.03313	0.02986	0.13888	0.02927	0.03082	0.11706	0.00671	0.12174	0.01484	0.00694	0.01233
33	0.01413	0.01012	0.01344	0.01538	0.01642	0.00942	0.01048	0.01673	0.02351	0.03185	0.15078	0.49945	0.08049	0.03293	0.01416	0.00437	0.00630	0.02978	0.01082	0.00942
34	0.03314	0.13895	0.18647	0.02861	0.09053	0.02506	0.02597	0.04000	0.02645	0.20197	0.03078	0.07258	0.02390	0.01341	0.01060	0.00338	0.01229	0.01093	0.00835	0.01662
35	0.02386	0.01956	0.03143	0.02988	0.08665	0.02020	0.10329	0.03141	0.06855	0.07962	0.04341	0.09271	0.08688	0.03071	0.11469	0.00658	0.05952	0.04937	0.00821	0.01346
36	0.01445	0.01019	0.01314	0.01488	0.01564	0.00963	0.00980	0.01642	0.02175	0.02930	0.10930	0.44409	0.07186	0.13792	0.02209	0.00561	0.00719	0.02784	0.01000	0.00888
37	0.01539	0.01050	0.01256	0.01352	0.01376	0.01026	0.00815	0.01611	0.01827	0.02436	0.04522	0.26584	0.05323	0.39547	0.04153	0.00858	0.00930	0.02211	0.00815	0.00767
38	0.02675	0.27241	0.13643	0.03260	0.14469	0.03263	0.02577	0.03547	0.06919	0.03402	0.06743	0.02951	0.02539	0.01165	0.00966	0.00306	0.01226	0.00925	0.00627	0.01555
39	0.03505	0.04078	0.02895	0.02642	0.03090	0.36058	0.02001	0.07286	0.03003	0.03109	0.02587	0.12492	0.02566	0.01691	0.01401	0.00346	0.08058	0.01221	0.00696	0.01274
40	0.02065	0.01184	0.01552	0.01591	0.01854	0.01069	0.01141	0.02350	0.02503	0.12453	0.11570	0.39284	0.11119	0.02937	0.01359	0.00419	0.00687	0.02616	0.01130	0.01117
41	0.22677	0.02399	0.02342	0.06023	0.02865	0.07326	0.01679	0.11416	0.02879	0.04637	0.09839	0.03385	0.03006	0.01432	0.01259	0.00351	0.07138	0.01020	0.07010	0.01316
42	0.01734	0.01516	0.02664	0.02398	0.02747	0.01428	0.12906	0.02150	0.02326	0.03107	0.05219	0.40635	0.05937	0.02851	0.01423	0.00445	0.00999	0.07511	0.00928	0.01075
43	0.02677	0.01568	0.02289	0.16725	0.03640	0.01593	0.01780	0.03188	0.02787	0.17834	0.18416	0.13504	0.05478	0.01917	0.01235	0.00374	0.00930	0.01681	0.01054	0.01331

[dist]
# distance from previous block
# <min> <max>
12	211

[block]
# block no. 1 follows, 11 sequences, length 31
# corresponding to MSA columns:
# 742-772
name=unknown_B
#
# <colnr> <probs for GDERKNQSTAVLIFYWHMCP>
#	G	D	E	R	K	N	Q	S	T	A	V	L	I	F	Y	W	H	M	C	P
0	0.07015	0.22485	0.12966	0.01999	0.02815	0.02707	0.01973	0.03253	0.02246	0.10057	0.02548	0.03484	0.02236	0.13279	0.06027	0.00570	0.01349	0.00968	0.00670	0.01353
1	0.15898	0.32816	0.07723	0.01947	0.02886	0.03333	0.01885	0.03844	0.02431	0.14687	0.02239	0.02302	0.01700	0.01082	0.00833	0.00293	0.01117	0.00738	0.00726	0.01522
2	0.02221	0.12361	0.09767	0.01876	0.02417	0.02130	0.01687	0.07140	0.02486	0.03321	0.07996	0.09201	0.04095	0.21643	0.02684	0.00604	0.01118	0.05324	0.00771	0.01157
3	0.09934	0.01579	0.01851	0.01840	0.02232	0.01632	0.01416	0.03299	0.11998	0.10707	0.05069	0.26937	0.05141	0.02486	0.01271	0.00424	0.00828	0.09004	0.01072	0.01278
4	0.01581	0.01131	0.01383	0.01331	0.01525	0.01060	0.00924	0.01923	0.02644	0.03646	0.33488	0.08319	0.12696	0.20434	0.02696	0.00586	0.00709	0.01944	0.01047	0.00933
5	0.68395	0.02177	0.01654	0.01480	0.02177	0.02525	0.01219	0.03309	0.01915	0.05050	0.01567	0.01828	0.01219	0.01045	0.00697	0.00348	0.00871	0.00609	0.00697	0.01219
6	0.02334	0.02001	0.02334	0.01667	0.02667	0.01500	0.01334	0.02834	0.02334	0.03668	0.02001	0.02334	0.01667	0.00834	0.00834	0.00167	0.00834	0.00667	0.00667	0.67325
7	0.02913	0.01909	0.02330	0.01725	0.02633	0.01500	0.01387	0.03400	0.02615	0.15675	0.06855	0.03199	0.02685	0.01089	0.00946	0.00225	0.00837	0.00892	0.00887	0.46299
8	0.02334	0.02001	0.02334	0.01667	0.02667	0.01500	0.01334	0.02834	0.02334	0.03668	0.02001	0.02334	0.01667	0.00834	0.00834	0.00167	0.00834	0.00667	0.00667	0.67325
9	0.02334	0.02001	0.02334	0.01667	0.02667	0.01500	0.01334	0.02834	0.02334	0.03668	0.02001	0.02334	0.01667	0.00834	0.00834	0.00167	0.00834	0.00667	0.00667	0.67325
10	0.02407	0.16830	0.44916	0.02953	0.04477	0.02980	0.03714	0.03526	0.02359	0.03382	0.01929	0.02263	0.01429	0.01048	0.01000	0.00333	0.01572	0.00786	0.00476	0.01620
11	0.01407	0.01068	0.01305	0.01457	0.01653	0.00965	0.01043	0.01680	0.02393	0.03080	0.11149	0.36721	0.22310	0.03190	0.01404	0.00430	0.00647	0.06095	0.01058	0.00946
12	0.02340	0.01321	0.01716	0.01519	0.01932	0.01183	0.01174	0.02825	0.03131	0.15484	0.37835	0.07627	0.13127	0.02153	0.01284	0.00355	0.00630	0.01867	0.01254	0.01242
13	0.08346	0.03992	0.30206	0.02592	0.03778	0.02286	0.02915	0.03978	0.07237	0.13668	0.03074	0.07852	0.02401	0.01392	0.01090	0.00365	0.01294	0.01124	0.00789	0.01621
14	0.02186	0.05278	0.48480	0.02980	0.04453	0.02439	0.03759	0.03343	0.02291	0.03406	0.02195	0.02949	0.01732	0.07891	0.01605	0.00441	0.01598	0.00924	0.00499	0.01551
15	0.01922	0.01154	0.01522	0.01638	0.01862	0.01057	0.01186	0.02190	0.02381	0.10081	0.06394	0.43129	0.10721	0.03130	0.01396	0.00441	0.00725	0.06911	0.01093	0.01068
16	0.02636	0.33636	0.30111	0.02563	0.03874	0.03539	0.03036	0.03467	0.02331	0.03104	0.01791	0.02089	0.01435	0.01016	0.00895	0.00298	0.01432	0.00716	0.00478	0.01553
17	0.03644	0.02583	0.02505	0.02176	0.02760	0.12546	0.01681	0.13438	0.03339	0.19112	0.04057	0.19585	0.03701	0.01962	0.01197	0.00366	0.01139	0.01631	0.01074	0.01502
18	0.03582	0.01975	0.02575	0.02495	0.08452	0.01917	0.01758	0.04682	0.14381	0.27251	0.09177	0.04905	0.08562	0.01606	0.01170	0.00358	0.00909	0.01355	0.01190	0.01696
19	0.19054	0.02534	0.02655	0.02057	0.02929	0.02622	0.01689	0.23545	0.03608	0.10565	0.02448	0.02525	0.01781	0.01164	0.00958	0.00302	0.01031	0.00850	0.00946	0.16736
20	0.02971	0.13974	0.04184	0.02809	0.03597	0.02920	0.12820	0.16841	0.03346	0.04384	0.03290	0.05389	0.03047	0.01673	0.01213	0.00379	0.01326	0.13505	0.00847	0.01487
21	0.02671	0.36228	0.27828	0.02503	0.03781	0.03625	0.02931	0.03458	0.02327	0.03061	0.01770	0.02062	0.01436	0.01011	0.00878	0.00293	0.01411	0.00705	0.00479	0.01543
22	0.03468	0.18671	0.18912	0.02518	0.03654	0.03226	0.02608	0.18119	0.03378	0.11476	0.02452	0.02533	0.01772	0.01175	0.01006	0.00320	0.01315	0.00871	0.00807	0.01720
23	0.02217	0.02094	0.03542	0.50663	0.14110	0.02525	0.03172	0.02956	0.02294	0.02987	0.02017	0.02971	0.01540	0.01108	0.01124	0.00369	0.01478	0.01001	0.00508	0.01324
24	0.02931	0.03523	0.20839	0.02823	0.07347	0.02461	0.02660	0.12194	0.09884	0.10117	0.04093	0.04065	0.09153	0.01464	0.01137	0.00357	0.01220	0.01189	0.00878	0.01664
25	0.04830	0.01989	0.02802	0.02478	0.07775	0.01753	0.01829	0.05288	0.03158	0.49304	0.04215	0.03730	0.02689	0.01355	0.01130	0.00347	0.00995	0.01119	0.01312	0.01903
26	0.02677	0.03951	0.30890	0.02511	0.03672	0.02195	0.02876	0.03925	0.08122	0.10869	0.02975	0.03145	0.02132	0.01214	0.01031	0.00340	0.01253	0.00967	0.13663	0.01592
27	0.03149	0.01495	0.02003	0.01680	0.02218	0.01329	0.01329	0.03637	0.03202	0.26882	0.31047	0.06347	0.07093	0.01892	0.01239	0.00351	0.00723	0.01629	0.01308	0.01446
28	0.02475	0.09912	0.02965	0.08385	0.03150	0.01977	0.06372	0.02947	0.02612	0.11103	0.11762	0.06329	0.12066	0.07001	0.01600	0.00427	0.01043	0.05709	0.00905	0.01261
29	0.02276	0.02154	0.03647	0.46177	0.18141	0.02540	0.03200	0.03007	0.02322	0.03058	0.02027	0.02952	0.01565	0.01097	0.01123	0.00366	0.01463	0.01001	0.00513	0.01371
30	0.01919	0.01235	0.01454	0.01371	0.01760	0.01073	0.01037	0.02279	0.02775	0.10522	0.20479	0.13907	0.30859	0.02572	0.01312	0.00376	0.00622	0.02194	0.01143	0.01110

[dist]
# distance from previous block
# <min> <max>
5	32

[block]
# block no. 2 follows, 11 sequences, length 15
# corresponding to MSA columns:
# 805-819
name=unknown_C
#
# <colnr> <probs for GDERKNQSTAVLIFYWHMCP>
#	G	D	E	R	K	N	Q	S	T	A	V	L	I	F	Y	W	H	M	C	P
0	0.08595	0.09848	0.03285	0.13650	0.03948	0.09212	0.05497	0.03444	0.07330	0.03588	0.08306	0.03293	0.02798	0.01225	0.01018	0.00311	0.01221	0.01005	0.00710	0.11718
1	0.16582	0.09627	0.03212	0.02189	0.02940	0.02516	0.07323	0.03284	0.06412	0.03897	0.06670	0.02965	0.02491	0.01212	0.01202	0.00308	0.06651	0.00933	0.00713	0.18872
2	0.20583	0.01860	0.02153	0.02036	0.06077	0.01778	0.01470	0.03513	0.02502	0.18832	0.04065	0.10683	0.07651	0.01603	0.01030	0.00338	0.00869	0.01298	0.00966	0.10692
3	0.03009	0.61122	0.05898	0.01926	0.02889	0.04454	0.01926	0.03370	0.02287	0.02648	0.01565	0.01805	0.01444	0.00963	0.00722	0.00241	0.01204	0.00602	0.00481	0.01444
4	0.04710	0.01926	0.02577	0.01961	0.02847	0.01635	0.01614	0.05154	0.03110	0.47885	0.04135	0.03644	0.02646	0.01323	0.01095	0.00326	0.00942	0.01074	0.01302	0.10093
5	0.01608	0.01206	0.01809	0.01809	0.02010	0.01407	0.01407	0.02010	0.01809	0.02613	0.03015	0.04422	0.02814	0.08441	0.55984	0.01809	0.03015	0.01206	0.00603	0.01005
6	0.10959	0.26771	0.14203	0.02166	0.03147	0.03192	0.02206	0.07666	0.02614	0.08612	0.02432	0.07063	0.02091	0.01287	0.00926	0.00314	0.01188	0.00956	0.00702	0.01505
7	0.01524	0.01148	0.01409	0.01344	0.01639	0.01033	0.01008	0.01991	0.03023	0.04128	0.41981	0.09042	0.21709	0.02445	0.01328	0.00361	0.00541	0.02125	0.01188	0.01033
8	0.01425	0.01018	0.01368	0.01628	0.01717	0.00960	0.01138	0.01660	0.02208	0.02933	0.06174	0.54014	0.07327	0.03476	0.01451	0.00465	0.00699	0.08367	0.01044	0.00929
9	0.60305	0.02300	0.01872	0.01620	0.02342	0.02647	0.01335	0.09159	0.02342	0.05308	0.01710	0.01939	0.01307	0.01083	0.00751	0.00347	0.00917	0.00660	0.00751	0.01307
10	0.02001	0.01226	0.01619	0.01509	0.01826	0.01118	0.01135	0.02479	0.03062	0.10578	0.40895	0.14244	0.09234	0.02340	0.01316	0.00366	0.00600	0.02067	0.01234	0.01151
11	0.11496	0.03007	0.12276	0.02265	0.03251	0.02450	0.02127	0.12938	0.10850	0.13412	0.02920	0.02907	0.02090	0.01211	0.01018	0.00323	0.01101	0.00934	0.00925	0.12500
12	0.02728	0.02105	0.02586	0.02016	0.02737	0.02015	0.01627	0.07231	0.02563	0.08707	0.02526	0.06894	0.02203	0.01352	0.01468	0.00283	0.11597	0.00996	0.00776	0.37590
13	0.02670	0.15263	0.31383	0.02744	0.04018	0.03066	0.03123	0.07855	0.11876	0.03906	0.02477	0.02642	0.01850	0.01160	0.01024	0.00338	0.01396	0.00887	0.00658	0.01666
14	0.03955	0.10532	0.06894	0.02168	0.02939	0.02289	0.01932	0.04402	0.02759	0.32875	0.03617	0.07472	0.02683	0.01542	0.01416	0.00360	0.08267	0.01172	0.01058	0.01669

[dist]
# distance from previous block
# <min> <max>
0	1

[block]
# block no. 3 follows, 11 sequences, length 41
# corresponding to MSA columns:
# 821-861
name=unknown_D
#
# <colnr> <probs for GDERKNQSTAVLIFYWHMCP>
#	G	D	E	R	K	N	Q	S	T	A	V	L	I	F	Y	W	H	M	C	P
0	0.08055	0.02415	0.02728	0.02544	0.07141	0.02581	0.01851	0.10574	0.27033	0.08726	0.03536	0.03421	0.02638	0.01316	0.01061	0.00337	0.00968	0.01071	0.01012	0.10993
1	0.04034	0.02609	0.02753	0.02134	0.03010	0.08782	0.01723	0.13075	0.03365	0.24545	0.03084	0.02969	0.02137	0.01199	0.01032	0.00288	0.01111	0.00928	0.01036	0.20187
2	0.25747	0.02140	0.02383	0.01897	0.02714	0.02145	0.01566	0.09713	0.03025	0.32807	0.03303	0.03048	0.02174	0.01274	0.00988	0.00347	0.00961	0.00947	0.01135	0.01687
3	0.02276	0.03935	0.32565	0.02492	0.03597	0.02020	0.02880	0.03197	0.02558	0.07894	0.14081	0.04397	0.03930	0.07442	0.01610	0.00430	0.01285	0.01216	0.00749	0.01446
4	0.01483	0.01107	0.01378	0.01394	0.01635	0.01002	0.01014	0.01879	0.02802	0.03798	0.32585	0.21450	0.18904	0.02718	0.01355	0.00385	0.00569	0.02392	0.01150	0.01002
5	0.02786	0.02674	0.04568	0.06908	0.53424	0.02674	0.03454	0.03454	0.02563	0.03677	0.02117	0.02786	0.01783	0.01003	0.01114	0.00334	0.01337	0.01003	0.00557	0.01783
6	0.02632	0.02517	0.04290	0.18775	0.42762	0.02634	0.03378	0.03319	0.02490	0.03490	0.02090	0.02836	0.01717	0.01031	0.01117	0.00344	0.01375	0.01002	0.00544	0.01659
7	0.02280	0.02087	0.03297	0.33219	0.16189	0.02392	0.02777	0.03273	0.08256	0.03470	0.08718	0.03776	0.02936	0.01294	0.01151	0.00365	0.01271	0.01163	0.00682	0.01404
8	0.01608	0.01206	0.01809	0.01809	0.02010	0.01407	0.01407	0.02010	0.01809	0.02613	0.03015	0.04422	0.02814	0.08441	0.55984	0.01809	0.03015	0.01206	0.00603	0.01005
9	0.01910	0.01078	0.01576	0.01659	0.01741	0.01078	0.01243	0.01741	0.01823	0.02403	0.03225	0.06363	0.03390	0.03656	0.03497	0.46085	0.00996	0.15210	0.00662	0.00662
10	0.02350	0.02229	0.03781	0.40478	0.23262	0.02560	0.03237	0.03072	0.02357	0.03148	0.02040	0.02928	0.01596	0.01084	0.01122	0.00361	0.01445	0.01001	0.00519	0.01431
11	0.01542	0.01136	0.01469	0.01687	0.01822	0.01115	0.01197	0.02023	0.06281	0.03084	0.06040	0.49547	0.06998	0.03311	0.01426	0.00458	0.00718	0.08092	0.01052	0.01000
12	0.04279	0.03153	0.03378	0.02590	0.03490	0.03490	0.02139	0.49671	0.05292	0.07093	0.02702	0.02702	0.01914	0.01351	0.01126	0.00338	0.01239	0.01013	0.01126	0.01914
13	0.01371	0.00979	0.01306	0.01567	0.01632	0.00914	0.01045	0.01567	0.02155	0.02873	0.06203	0.59710	0.07444	0.03526	0.01437	0.00457	0.00653	0.03200	0.01045	0.00914
14	0.01494	0.01069	0.01440	0.01656	0.01788	0.01014	0.01211	0.01801	0.02378	0.03185	0.12010	0.43206	0.07636	0.03283	0.01448	0.00457	0.00720	0.12178	0.01067	0.00959
15	0.01418	0.01144	0.01261	0.01232	0.01574	0.00987	0.00924	0.01784	0.02772	0.03530	0.25173	0.10026	0.38891	0.02668	0.01329	0.00371	0.00557	0.02262	0.01110	0.00987
16	0.02462	0.02462	0.03447	0.02955	0.02955	0.03447	0.02462	0.02709	0.01724	0.02709	0.01477	0.02462	0.01477	0.01970	0.03694	0.00492	0.58385	0.00985	0.00492	0.01231
17	0.02334	0.02001	0.02334	0.01667	0.02667	0.01500	0.01334	0.02834	0.02334	0.03668	0.02001	0.02334	0.01667	0.00834	0.00834	0.00167	0.00834	0.00667	0.00667	0.67325
18	0.03009	0.61122	0.05898	0.01926	0.02889	0.04454	0.01926	0.03370	0.02287	0.02648	0.01565	0.01805	0.01444	0.00963	0.00722	0.00241	0.01204	0.00602	0.00481	0.01444
19	0.02786	0.02674	0.04568	0.06908	0.53424	0.02674	0.03454	0.03454	0.02563	0.03677	0.02117	0.02786	0.01783	0.01003	0.01114	0.00334	0.01337	0.01003	0.00557	0.01783
20	0.02098	0.01049	0.01049	0.01049	0.01311	0.01049	0.00787	0.02623	0.02360	0.04196	0.03672	0.04196	0.02885	0.01311	0.00787	0.00262	0.00525	0.01049	0.66693	0.01049
21	0.13369	0.28292	0.10453	0.02315	0.03317	0.03416	0.05849	0.08797	0.02701	0.08965	0.02097	0.02282	0.01618	0.01074	0.00895	0.00304	0.01241	0.00788	0.00686	0.01542
22	0.02531	0.09833	0.03755	0.02826	0.02947	0.03574	0.02395	0.02792	0.01794	0.02701	0.01488	0.02380	0.01473	0.01843	0.03320	0.00461	0.51200	0.00937	0.00491	0.01258
23	0.02749	0.02805	0.13563	0.02050	0.03172	0.01763	0.01989	0.03411	0.02484	0.11674	0.02392	0.02581	0.01793	0.00973	0.00931	0.00236	0.01031	0.00776	0.00741	0.42886
24	0.08110	0.19584	0.03500	0.10921	0.06889	0.09048	0.02029	0.03173	0.02433	0.03272	0.02637	0.04075	0.02419	0.01397	0.00982	0.00328	0.01218	0.07771	0.08925	0.01290
25	0.05050	0.01915	0.02612	0.02003	0.02873	0.01654	0.01654	0.05485	0.03221	0.54203	0.04440	0.03831	0.02786	0.01393	0.01132	0.00348	0.00958	0.01132	0.01393	0.01915
26	0.03524	0.02573	0.03393	0.03485	0.13769	0.07103	0.02386	0.03926	0.02516	0.19752	0.02605	0.02943	0.01968	0.01506	0.02080	0.00394	0.22677	0.01015	0.00808	0.01579
27	0.03465	0.27468	0.16214	0.02354	0.03416	0.09096	0.02411	0.04058	0.02637	0.15460	0.02393	0.02459	0.01768	0.01115	0.00936	0.00300	0.01344	0.00799	0.00714	0.01595
28	0.05050	0.01915	0.02612	0.02003	0.02873	0.01654	0.01654	0.05485	0.03221	0.54203	0.04440	0.03831	0.02786	0.01393	0.01132	0.00348	0.00958	0.01132	0.01393	0.01915
29	0.01637	0.01091	0.01228	0.01228	0.01228	0.01091	0.00682	0.01637	0.01637	0.02182	0.03546	0.07365	0.04092	0.60445	0.05729	0.01091	0.01091	0.01637	0.00682	0.00682
30	0.02848	0.34520	0.06238	0.03216	0.04260	0.03717	0.23638	0.03478	0.02456	0.03086	0.01891	0.02369	0.01565	0.00956	0.01000	0.00304	0.01521	0.00935	0.00522	0.01478
31	0.04640	0.01825	0.02481	0.01933	0.02732	0.01584	0.01584	0.05087	0.03217	0.48317	0.10173	0.04373	0.03714	0.01501	0.01155	0.00349	0.00907	0.01239	0.01375	0.01814
32	0.01537	0.01148	0.01427	0.01357	0.01647	0.01038	0.01018	0.02015	0.03053	0.04198	0.43967	0.08926	0.19680	0.02419	0.01328	0.00360	0.00539	0.02108	0.01198	0.01038
33	0.03564	0.02722	0.03608	0.04412	0.26136	0.06986	0.02579	0.08057	0.09863	0.16023	0.03031	0.03163	0.02236	0.01210	0.01115	0.00341	0.01234	0.01049	0.00886	0.01784
34	0.12081	0.02564	0.03809	0.09658	0.34651	0.02710	0.02880	0.07079	0.06524	0.04144	0.02270	0.02775	0.01821	0.01087	0.01060	0.00344	0.01242	0.00969	0.00662	0.01669
35	0.05050	0.01915	0.02612	0.02003	0.02873	0.01654	0.01654	0.05485	0.03221	0.54203	0.04440	0.03831	0.02786	0.01393	0.01132	0.00348	0.00958	0.01132	0.01393	0.01915
36	0.03757	0.02008	0.02789	0.02295	0.02792	0.02219	0.01892	0.04126	0.02546	0.30604	0.03276	0.03450	0.02355	0.02470	0.08876	0.00580	0.20305	0.01092	0.00994	0.01574
37	0.03023	0.03215	0.10848	0.05263	0.31008	0.02862	0.08697	0.13373	0.03134	0.04385	0.02249	0.02746	0.01757	0.01079	0.01136	0.00343	0.01423	0.01022	0.00670	0.01765
38	0.02946	0.07650	0.14242	0.02206	0.03047	0.02137	0.02175	0.08928	0.03112	0.14937	0.14987	0.05389	0.04567	0.01708	0.01182	0.00363	0.01079	0.06837	0.00999	0.01509
39	0.01371	0.00979	0.01306	0.01567	0.01632	0.00914	0.01045	0.01567	0.02155	0.02873	0.06203	0.59710	0.07444	0.03526	0.01437	0.00457	0.00653	0.03200	0.01045	0.00914
40	0.02868	0.02772	0.05051	0.04179	0.10841	0.02734	0.27753	0.13200	0.03149	0.04274	0.02813	0.09647	0.02441	0.01347	0.01271	0.00374	0.01539	0.01442	0.00743	0.01565

[dist]
# distance from previous block
# <min> <max>
0	37

[block]
# block no. 4 follows, 11 sequences, length 45
# corresponding to MSA columns:
# 899-943
name=unknown_E
#
# <colnr> <probs for GDERKNQSTAVLIFYWHMCP>
#	G	D	E	R	K	N	Q	S	T	A	V	L	I	F	Y	W	H	M	C	P
0	0.03009	0.61122	0.05898	0.01926	0.02889	0.04454	0.01926	0.03370	0.02287	0.02648	0.01565	0.01805	0.01444	0.00963	0.00722	0.00241	0.01204	0.00602	0.00481	0.01444
1	0.03422	0.03045	0.13697	0.02327	0.03340	0.02298	0.02215	0.16941	0.03381	0.16083	0.03078	0.07111	0.02377	0.01362	0.01081	0.00319	0.01140	0.01098	0.00952	0.14732
2	0.28904	0.02379	0.02385	0.02049	0.02699	0.02750	0.01658	0.09903	0.18069	0.08680	0.02868	0.02895	0.02148	0.01347	0.01203	0.00371	0.06291	0.00943	0.00924	0.01535
3	0.02373	0.02659	0.14048	0.03020	0.07407	0.01886	0.11552	0.03020	0.02463	0.09472	0.04002	0.25046	0.04019	0.02036	0.01275	0.00397	0.01205	0.01903	0.00834	0.01383
4	0.02126	0.02001	0.03376	0.57739	0.07752	0.02501	0.03126	0.02876	0.02251	0.02876	0.02001	0.03001	0.01500	0.01125	0.01125	0.00375	0.01500	0.01000	0.00500	0.01250
5	0.08835	0.02713	0.07350	0.03435	0.13247	0.02443	0.08036	0.11973	0.03211	0.22855	0.03037	0.03082	0.02094	0.01206	0.01113	0.00348	0.01238	0.01049	0.00965	0.01769
6	0.03344	0.02264	0.08887	0.02722	0.10284	0.01736	0.02052	0.03917	0.02914	0.25879	0.13569	0.09617	0.04460	0.01675	0.01189	0.00358	0.00987	0.01448	0.01094	0.01602
7	0.01484	0.01096	0.01398	0.01507	0.01711	0.01010	0.01108	0.01835	0.02590	0.03459	0.21240	0.30144	0.16139	0.02988	0.01399	0.00420	0.00647	0.07741	0.01103	0.00980
8	0.03009	0.61122	0.05898	0.01926	0.02889	0.04454	0.01926	0.03370	0.02287	0.02648	0.01565	0.01805	0.01444	0.00963	0.00722	0.00241	0.01204	0.00602	0.00481	0.01444
9	0.03823	0.03424	0.21681	0.02691	0.03872	0.02110	0.07000	0.04619	0.02865	0.31282	0.03369	0.03234	0.02197	0.01235	0.01128	0.00354	0.01299	0.01042	0.00986	0.01788
10	0.02390	0.06898	0.04099	0.25399	0.19746	0.02578	0.08504	0.03084	0.02504	0.03374	0.08037	0.03486	0.02681	0.01194	0.01139	0.00351	0.01363	0.01132	0.00611	0.01431
11	0.02034	0.01876	0.03124	0.50906	0.07008	0.02308	0.02873	0.02717	0.02239	0.02875	0.02512	0.09899	0.02223	0.01417	0.01163	0.00385	0.01397	0.01268	0.00566	0.01209
12	0.03139	0.04233	0.23800	0.07509	0.10348	0.11698	0.06650	0.03983	0.02691	0.11765	0.02401	0.02701	0.01724	0.01126	0.01099	0.00344	0.01577	0.00933	0.00664	0.01616
13	0.03145	0.33614	0.18603	0.02362	0.03500	0.03576	0.02536	0.09114	0.02755	0.08233	0.02092	0.02257	0.01620	0.01078	0.00903	0.00294	0.01310	0.00763	0.00641	0.01604
14	0.03968	0.02282	0.06701	0.02671	0.08893	0.01922	0.02020	0.04811	0.08844	0.33779	0.04154	0.08604	0.03056	0.01528	0.01154	0.00361	0.01021	0.01294	0.01163	0.01775
15	0.02919	0.04401	0.25897	0.08252	0.16203	0.11773	0.03378	0.03789	0.02615	0.07210	0.02175	0.02572	0.01623	0.01098	0.01080	0.00341	0.01584	0.00890	0.00584	0.01616
16	0.01886	0.09154	0.11461	0.02525	0.08459	0.01836	0.01973	0.02350	0.02257	0.03061	0.04446	0.36195	0.05022	0.02499	0.01250	0.00400	0.00974	0.02222	0.00822	0.01209
17	0.02089	0.01917	0.03191	0.51165	0.07112	0.02358	0.02971	0.02811	0.02291	0.02934	0.02468	0.04146	0.02088	0.01360	0.01176	0.00392	0.01446	0.06297	0.00563	0.01225
18	0.02238	0.03626	0.24479	0.30877	0.10628	0.02562	0.03578	0.03209	0.02330	0.03229	0.02019	0.02726	0.01495	0.01091	0.01101	0.00364	0.01553	0.00931	0.00495	0.01467
19	0.09927	0.03847	0.29290	0.07179	0.08436	0.02259	0.03045	0.03071	0.02284	0.03558	0.02813	0.13904	0.02647	0.01558	0.01107	0.00375	0.01326	0.01309	0.00625	0.01440
20	0.02886	0.01393	0.01734	0.01511	0.01830	0.01297	0.01038	0.03046	0.02217	0.21228	0.03874	0.06071	0.03614	0.38825	0.04046	0.00819	0.01042	0.01452	0.00942	0.01134
21	0.02934	0.10972	0.29162	0.07000	0.04575	0.02661	0.08686	0.03874	0.02556	0.13390	0.02472	0.02720	0.01735	0.01110	0.01075	0.00345	0.01486	0.00935	0.00670	0.01640
22	0.04033	0.02867	0.13425	0.03056	0.09657	0.02063	0.06173	0.04709	0.02930	0.34033	0.03508	0.03353	0.02310	0.01246	0.01133	0.00351	0.01218	0.01073	0.01045	0.01818
23	0.02695	0.02193	0.12210	0.01961	0.02545	0.01484	0.01822	0.02919	0.02236	0.14938	0.03590	0.04606	0.06255	0.02606	0.02507	0.27784	0.01082	0.04639	0.00787	0.01139
24	0.03362	0.01616	0.02380	0.02031	0.02591	0.01441	0.04996	0.03738	0.02742	0.29357	0.05000	0.26671	0.04614	0.02234	0.01272	0.00395	0.00904	0.01994	0.01188	0.01475
25	0.04442	0.02481	0.09170	0.02731	0.09114	0.01892	0.02172	0.05011	0.03040	0.42048	0.03870	0.03530	0.02502	0.01307	0.01122	0.00348	0.01089	0.01080	0.01182	0.01869
26	0.21930	0.02478	0.03015	0.13281	0.03995	0.08611	0.09213	0.03427	0.02553	0.08410	0.09658	0.03427	0.02914	0.01277	0.01050	0.00352	0.01249	0.01070	0.00767	0.01320
27	0.02819	0.04221	0.29320	0.03591	0.04944	0.02556	0.20326	0.03865	0.02605	0.11106	0.02474	0.02834	0.01731	0.01073	0.01173	0.00364	0.01644	0.01058	0.00646	0.01648
28	0.02203	0.04256	0.33615	0.25556	0.06052	0.02567	0.03735	0.03282	0.02325	0.03282	0.02012	0.02632	0.01456	0.01092	0.01092	0.00364	0.01597	0.00901	0.00485	0.01494
29	0.02180	0.03567	0.24373	0.35392	0.06571	0.02547	0.03549	0.03158	0.02302	0.03158	0.02008	0.02745	0.01470	0.01102	0.01102	0.00367	0.01567	0.00931	0.00490	0.01420
30	0.02455	0.04038	0.26833	0.10956	0.19525	0.02653	0.10546	0.03457	0.02458	0.03522	0.02084	0.02668	0.01581	0.01039	0.01128	0.00356	0.01584	0.00975	0.00516	0.01628
31	0.03324	0.01966	0.03063	0.34898	0.05753	0.02154	0.02523	0.03945	0.02648	0.23910	0.03000	0.03341	0.02027	0.01235	0.01128	0.00364	0.01278	0.01054	0.00866	0.01523
32	0.03230	0.02776	0.10345	0.03244	0.04268	0.02207	0.22754	0.03975	0.02796	0.19975	0.04032	0.04141	0.08107	0.01333	0.01234	0.00367	0.01407	0.01330	0.00882	0.01597
33	0.01955	0.00978	0.01466	0.01466	0.01466	0.00978	0.00978	0.01466	0.01466	0.01955	0.01955	0.03421	0.01955	0.03910	0.04399	0.67253	0.00978	0.00978	0.00489	0.00489
34	0.02126	0.02001	0.03376	0.57739	0.07752	0.02501	0.03126	0.02876	0.02251	0.02876	0.02001	0.03001	0.01500	0.01125	0.01125	0.00375	0.01500	0.01000	0.00500	0.01250
35	0.01818	0.01576	0.02314	0.18392	0.09544	0.01642	0.01890	0.02362	0.02671	0.03536	0.20729	0.06827	0.18451	0.01954	0.01244	0.00365	0.00920	0.01704	0.00890	0.01172
36	0.03366	0.01695	0.02417	0.02474	0.08486	0.01554	0.01751	0.03827	0.02904	0.27304	0.10522	0.12397	0.04809	0.02006	0.01263	0.00390	0.00928	0.09209	0.01172	0.01526
37	0.02405	0.02450	0.04648	0.32201	0.14220	0.02643	0.18564	0.03208	0.02434	0.03243	0.02111	0.02979	0.01613	0.01047	0.01191	0.00370	0.01607	0.01110	0.00532	0.01422
38	0.60779	0.02555	0.01836	0.01649	0.02331	0.08861	0.01332	0.03449	0.02067	0.04778	0.01588	0.01852	0.01246	0.01058	0.00734	0.00341	0.01008	0.00623	0.00683	0.01229
39	0.02408	0.03582	0.21903	0.03328	0.08616	0.02499	0.09776	0.03987	0.15985	0.03814	0.03286	0.09992	0.02790	0.01471	0.01178	0.00377	0.01331	0.01332	0.00752	0.01594
40	0.03366	0.03208	0.17548	0.02321	0.03460	0.02103	0.02337	0.09405	0.02966	0.19364	0.02829	0.02844	0.01966	0.01132	0.01026	0.00297	0.01157	0.00896	0.00886	0.20888
41	0.02030	0.01661	0.02135	0.02462	0.08383	0.01742	0.01622	0.03243	0.17255	0.03711	0.09337	0.27801	0.05748	0.02472	0.01308	0.00415	0.00827	0.05510	0.01033	0.01305
42	0.02867	0.01890	0.02306	0.01735	0.02622	0.01483	0.01381	0.03326	0.02520	0.15111	0.02930	0.07771	0.02435	0.01200	0.00955	0.00234	0.00846	0.00998	0.00866	0.46524
43	0.29971	0.02552	0.09950	0.01907	0.02699	0.02198	0.01773	0.03795	0.08236	0.12104	0.10903	0.03582	0.03303	0.01366	0.00976	0.00354	0.00951	0.01036	0.00911	0.01432
44	0.03147	0.44014	0.04796	0.01895	0.02733	0.03560	0.01774	0.03501	0.02425	0.11202	0.02605	0.09184	0.02396	0.01346	0.00877	0.00285	0.01096	0.01006	0.00701	0.01458

[dist]
# distance from previous block
# <min> <max>
4	15

[block]
# block no. 5 follows, 11 sequences, length 22
# corresponding to MSA columns:
# 959-980
name=unknown_F
#
# <colnr> <probs for GDERKNQSTAVLIFYWHMCP>
#	G	D	E	R	K	N	Q	S	T	A	V	L	I	F	Y	W	H	M	C	P
0	0.08777	0.12747	0.14180	0.02831	0.07621	0.02766	0.06254	0.09237	0.02789	0.08648	0.02237	0.02489	0.01688	0.01059	0.00978	0.00302	0.01256	0.00852	0.00706	0.12584
1	0.16976	0.18234	0.07503	0.07423	0.03277	0.02834	0.01987	0.07254	0.02647	0.08375	0.06580	0.03662	0.02726	0.01362	0.00972	0.00336	0.01111	0.04560	0.00772	0.01411
2	0.40902	0.07671	0.07674	0.01734	0.02532	0.02422	0.01589	0.03112	0.02072	0.04296	0.02121	0.07605	0.01925	0.01257	0.00827	0.00328	0.00958	0.00893	0.00684	0.09397
3	0.03200	0.07027	0.02870	0.02371	0.07200	0.06020	0.01725	0.07458	0.02921	0.15360	0.07175	0.08792	0.03223	0.01440	0.01056	0.00297	0.01018	0.01192	0.00925	0.18730
4	0.09788	0.03174	0.14009	0.03230	0.08672	0.02628	0.10320	0.04515	0.18967	0.08568	0.03099	0.03210	0.02282	0.01223	0.01109	0.00365	0.01265	0.01083	0.00828	0.01666
5	0.02126	0.02001	0.03376	0.57739	0.07752	0.02501	0.03126	0.02876	0.02251	0.02876	0.02001	0.03001	0.01500	0.01125	0.01125	0.00375	0.01500	0.01000	0.00500	0.01250
6	0.02419	0.17698	0.44151	0.02933	0.04446	0.03009	0.03679	0.03523	0.02357	0.03368	0.01922	0.02254	0.01430	0.01046	0.00995	0.00332	0.01565	0.00782	0.00477	0.01616
7	0.03027	0.03518	0.20814	0.02559	0.03599	0.02522	0.02591	0.05042	0.25269	0.13489	0.03657	0.03492	0.02610	0.01342	0.01116	0.00367	0.01174	0.01092	0.00956	0.01765
8	0.01955	0.00978	0.01466	0.01466	0.01466	0.00978	0.00978	0.01466	0.01466	0.01955	0.01955	0.03421	0.01955	0.03910	0.04399	0.67253	0.00978	0.00978	0.00489	0.00489
9	0.01814	0.01296	0.01814	0.02073	0.02332	0.01296	0.01814	0.02332	0.02591	0.03368	0.05959	0.12696	0.06478	0.03109	0.01555	0.00518	0.01036	0.45848	0.01036	0.01036
10	0.02800	0.02418	0.02545	0.02291	0.02927	0.02800	0.01782	0.05981	0.51390	0.04708	0.04581	0.04199	0.03436	0.01527	0.01145	0.00382	0.00891	0.01273	0.01145	0.01782
11	0.02345	0.04965	0.41347	0.03559	0.09700	0.02750	0.03820	0.03419	0.02294	0.03443	0.01946	0.02433	0.01472	0.01203	0.01483	0.00375	0.10477	0.00874	0.00487	0.01609
12	0.01371	0.00979	0.01306	0.01567	0.01632	0.00914	0.01045	0.01567	0.02155	0.02873	0.06203	0.59710	0.07444	0.03526	0.01437	0.00457	0.00653	0.03200	0.01045	0.00914
13	0.02334	0.02001	0.02334	0.01667	0.02667	0.01500	0.01334	0.02834	0.02334	0.03668	0.02001	0.02334	0.01667	0.00834	0.00834	0.00167	0.00834	0.00667	0.00667	0.67325
14	0.02325	0.02471	0.08772	0.01857	0.02939	0.01638	0.01682	0.02924	0.02339	0.03655	0.02003	0.02339	0.01637	0.00863	0.00863	0.00190	0.00936	0.00687	0.00643	0.59239
15	0.02643	0.05047	0.43143	0.03222	0.04732	0.02520	0.08621	0.03805	0.02510	0.09805	0.02345	0.02625	0.01623	0.01096	0.01104	0.00358	0.01601	0.00921	0.00598	0.01679
16	0.02107	0.01888	0.03095	0.34613	0.13344	0.02168	0.02757	0.02755	0.02356	0.03094	0.03116	0.09450	0.02979	0.01680	0.01231	0.00403	0.01317	0.09724	0.00656	0.01265
17	0.03090	0.02479	0.03636	0.24311	0.09688	0.02754	0.06883	0.15309	0.07968	0.08614	0.02672	0.03097	0.01947	0.01217	0.01146	0.00361	0.01351	0.01072	0.00808	0.01598
18	0.03588	0.02143	0.03206	0.02351	0.03318	0.01803	0.09830	0.04138	0.02782	0.25953	0.03125	0.03117	0.02168	0.01100	0.01051	0.00284	0.01074	0.00987	0.00970	0.27012
19	0.09263	0.03049	0.02911	0.17371	0.04324	0.17248	0.02145	0.07698	0.02850	0.08124	0.02167	0.02550	0.01641	0.01119	0.01003	0.00306	0.01399	0.00840	0.00705	0.13287
20	0.03794	0.02349	0.03589	0.02677	0.03590	0.02195	0.13330	0.12173	0.03314	0.25132	0.03970	0.03885	0.06378	0.01349	0.01170	0.00341	0.01195	0.01222	0.01055	0.07293
21	0.31201	0.02206	0.02744	0.02536	0.07753	0.02320	0.07450	0.03912	0.06678	0.13187	0.02660	0.02838	0.01950	0.01156	0.00938	0.00346	0.01029	0.00925	0.06704	0.01466

[dist]
# distance from previous block
# <min> <max>
0	8

[block]
# block no. 6 follows, 11 sequences, length 15
# corresponding to MSA columns:
# 989-1003
name=unknown_G
#
# <colnr> <probs for GDERKNQSTAVLIFYWHMCP>
#	G	D	E	R	K	N	Q	S	T	A	V	L	I	F	Y	W	H	M	C	P
0	0.18599	0.02029	0.02237	0.01846	0.02556	0.02059	0.01487	0.07946	0.09774	0.19585	0.11489	0.03963	0.03652	0.01433	0.01040	0.00338	0.00871	0.01133	0.01090	0.06874
1	0.03618	0.03271	0.02985	0.02416	0.03225	0.14276	0.01921	0.23089	0.11728	0.05058	0.02655	0.02724	0.02010	0.01231	0.01044	0.00299	0.01269	0.00921	0.00916	0.15342
2	0.01968	0.01735	0.02157	0.01892	0.02176	0.05784	0.05086	0.02380	0.02700	0.03666	0.30177	0.06755	0.07055	0.14146	0.02413	0.00516	0.05682	0.01704	0.00955	0.01053
3	0.02734	0.02432	0.03309	0.19386	0.04755	0.02785	0.07172	0.09320	0.26648	0.04285	0.03364	0.03560	0.02512	0.01327	0.01156	0.00375	0.01216	0.01169	0.00888	0.01607
4	0.22779	0.02279	0.02494	0.02055	0.02766	0.02482	0.01680	0.10383	0.10708	0.21458	0.03148	0.03044	0.02209	0.01358	0.01228	0.00365	0.05918	0.00975	0.01039	0.01632
5	0.01637	0.01091	0.01228	0.01228	0.01228	0.01091	0.00682	0.01637	0.01637	0.02182	0.03546	0.07365	0.04092	0.60445	0.05729	0.01091	0.01091	0.01637	0.00682	0.00682
6	0.04454	0.03038	0.03183	0.02476	0.03344	0.07249	0.02028	0.35670	0.04637	0.17825	0.03034	0.02914	0.02082	0.01346	0.01118	0.00336	0.01236	0.01018	0.01145	0.01866
7	0.02827	0.02526	0.04562	0.04419	0.18045	0.02468	0.20415	0.03853	0.08913	0.08954	0.03161	0.09072	0.02658	0.01352	0.01236	0.00372	0.01384	0.01404	0.00775	0.01605
8	0.02897	0.09080	0.09025	0.22302	0.10187	0.03011	0.02777	0.14989	0.07330	0.04216	0.02367	0.02816	0.01787	0.01181	0.01077	0.00346	0.01351	0.00968	0.00713	0.01581
9	0.48484	0.02839	0.10948	0.01884	0.02740	0.02576	0.01801	0.03697	0.08367	0.04748	0.02034	0.02229	0.01540	0.01111	0.00819	0.00354	0.01011	0.00733	0.00716	0.01368
10	0.01885	0.01600	0.02320	0.03064	0.17809	0.01529	0.01711	0.02295	0.02530	0.03418	0.15526	0.12558	0.16981	0.09646	0.01840	0.00460	0.00879	0.01867	0.00886	0.01196
11	0.02300	0.02098	0.03449	0.03687	0.16486	0.02090	0.10798	0.03316	0.09625	0.04028	0.18222	0.05783	0.05170	0.01683	0.01269	0.00375	0.01102	0.06183	0.00899	0.01437
12	0.12387	0.02960	0.13369	0.02187	0.03162	0.02271	0.02103	0.13162	0.03143	0.13400	0.07920	0.03254	0.02751	0.01273	0.01029	0.00319	0.01086	0.00991	0.00913	0.12321
13	0.02126	0.02001	0.03376	0.57739	0.07752	0.02501	0.03126	0.02876	0.02251	0.02876	0.02001	0.03001	0.01500	0.01125	0.01125	0.00375	0.01500	0.01000	0.00500	0.01250
14	0.41649	0.16080	0.02807	0.01725	0.02474	0.03026	0.01483	0.03786	0.10578	0.04426	0.02089	0.02234	0.01656	0.01109	0.00780	0.00329	0.00952	0.00723	0.00724	0.01369

[dist]
# distance from previous block
# <min> <max>
0	2

[block]
# block no. 7 follows, 11 sequences, length 14
# corresponding to MSA columns:
# 1006-1019
name=unknown_H
#
# <colnr> <probs for GDERKNQSTAVLIFYWHMCP>
#	G	D	E	R	K	N	Q	S	T	A	V	L	I	F	Y	W	H	M	C	P
0	0.02749	0.33441	0.04207	0.02061	0.02809	0.03432	0.01864	0.03994	0.17273	0.03393	0.03204	0.04322	0.02877	0.01487	0.00988	0.00329	0.01081	0.08237	0.00775	0.01480
1	0.02264	0.02588	0.10669	0.02091	0.02818	0.02207	0.01890	0.04256	0.28490	0.04013	0.06235	0.05917	0.18171	0.01854	0.01189	0.00377	0.00920	0.01536	0.01005	0.01509
2	0.04075	0.13275	0.04007	0.02560	0.03492	0.03059	0.07644	0.23045	0.03836	0.19409	0.02945	0.02905	0.02055	0.01244	0.01079	0.00328	0.01231	0.01011	0.01019	0.01782
3	0.27930	0.10013	0.12071	0.02016	0.02977	0.02498	0.01979	0.04065	0.02466	0.20346	0.02576	0.02571	0.01790	0.01152	0.00908	0.00336	0.01083	0.00817	0.00855	0.01552
4	0.01955	0.00978	0.01466	0.01466	0.01466	0.00978	0.00978	0.01466	0.01466	0.01955	0.01955	0.03421	0.01955	0.03910	0.04399	0.67253	0.00978	0.00978	0.00489	0.00489
5	0.02800	0.02418	0.02545	0.02291	0.02927	0.02800	0.01782	0.05981	0.51390	0.04708	0.04581	0.04199	0.03436	0.01527	0.01145	0.00382	0.00891	0.01273	0.01145	0.01782
6	0.02501	0.32398	0.10496	0.12174	0.03853	0.03253	0.02336	0.03053	0.02318	0.02901	0.02549	0.07485	0.02475	0.01442	0.00986	0.00327	0.01254	0.06260	0.00590	0.01350
7	0.03283	0.03229	0.02780	0.02471	0.03115	0.16350	0.01912	0.09339	0.35208	0.04416	0.03699	0.03520	0.02801	0.01419	0.01110	0.00355	0.01210	0.01111	0.01000	0.01672
8	0.02334	0.02001	0.02334	0.01667	0.02667	0.01500	0.01334	0.02834	0.02334	0.03668	0.02001	0.02334	0.01667	0.00834	0.00834	0.00167	0.00834	0.00667	0.00667	0.67325
9	0.02607	0.03543	0.16641	0.05062	0.20119	0.02742	0.25369	0.03550	0.02566	0.03618	0.02171	0.02814	0.01668	0.00992	0.01206	0.00361	0.01675	0.01119	0.00545	0.01631
10	0.02628	0.10695	0.15232	0.04119	0.05331	0.03002	0.35319	0.03569	0.02560	0.03480	0.02143	0.02765	0.01624	0.00972	0.01207	0.00358	0.01770	0.01149	0.00541	0.01535
11	0.15290	0.02082	0.02923	0.20652	0.10422	0.02210	0.02271	0.03997	0.02590	0.22506	0.02846	0.03072	0.01963	0.01196	0.01049	0.00355	0.01164	0.00979	0.00876	0.01557
12	0.03889	0.02043	0.03075	0.03506	0.18752	0.01889	0.02152	0.04369	0.02884	0.32002	0.03916	0.10227	0.03029	0.01526	0.01163	0.00357	0.01041	0.01340	0.01086	0.01753
13	0.03492	0.02408	0.07054	0.02192	0.02934	0.02168	0.01872	0.12668	0.13370	0.21085	0.04280	0.14261	0.03535	0.01793	0.01186	0.00375	0.00998	0.01509	0.01146	0.01674

[dist]
# distance from previous block
# <min> <max>
19	41

[block]
# block no. 8 follows, 11 sequences, length 12
# corresponding to MSA columns:
# 1062-1073
name=unknown_I
#
# <colnr> <probs for GDERKNQSTAVLIFYWHMCP>
#	G	D	E	R	K	N	Q	S	T	A	V	L	I	F	Y	W	H	M	C	P
0	0.03461	0.14093	0.09965	0.02321	0.03197	0.02544	0.06107	0.09038	0.02865	0.19750	0.03047	0.03619	0.02369	0.10634	0.01793	0.00448	0.01229	0.01075	0.00884	0.01560
1	0.02837	0.03300	0.20032	0.13188	0.04378	0.02329	0.02750	0.10803	0.03075	0.11352	0.11183	0.03790	0.03288	0.01382	0.01142	0.00355	0.01270	0.01142	0.00845	0.01556
2	0.03788	0.02331	0.02931	0.02802	0.09079	0.02399	0.02034	0.15876	0.12418	0.21333	0.03936	0.04546	0.03007	0.01564	0.01181	0.00370	0.01070	0.06425	0.01138	0.01770
3	0.03359	0.12295	0.14051	0.09946	0.13957	0.02599	0.02737	0.04042	0.02654	0.19541	0.02738	0.02907	0.01944	0.01149	0.01050	0.00333	0.01280	0.00946	0.00789	0.01683
