[name]
unknown

[dist]
# distance from previous block
# <min> <max>
0	460

[block]
# block no. 0 follows, 11 sequences, length 22
# corresponding to MSA columns:
# 492-513
name=unknown_A
#
# <colnr> <probs for GDERKNQSTAVLIFYWHMCP>
#	G	D	E	R	K	N	Q	S	T	A	V	L	I	F	Y	W	H	M	C	P
0	0.02800	0.02094	0.09248	0.01934	0.02622	0.01486	0.01750	0.03318	0.02705	0.19547	0.08937	0.15638	0.09431	0.02076	0.01230	0.00374	0.00924	0.05901	0.01060	0.06925
1	0.43034	0.02206	0.02119	0.01752	0.02521	0.02376	0.01445	0.08948	0.02660	0.19578	0.02526	0.02506	0.01750	0.01179	0.00870	0.00347	0.00936	0.00805	0.00946	0.01497
2	0.01740	0.01376	0.01608	0.01623	0.01946	0.01369	0.01229	0.02658	0.12245	0.03700	0.17677	0.19859	0.18683	0.02641	0.01341	0.00406	0.00693	0.06956	0.01108	0.01141
3	0.02217	0.02094	0.03541	0.50689	0.14087	0.02525	0.03171	0.02956	0.02294	0.02987	0.02017	0.02971	0.01540	0.01108	0.01124	0.00369	0.01478	0.01001	0.00508	0.01324
4	0.02435	0.02622	0.05186	0.03902	0.04637	0.02713	0.32133	0.03122	0.02378	0.03303	0.02642	0.10768	0.02452	0.01535	0.01873	0.00416	0.14385	0.01511	0.00618	0.01370
5	0.03140	0.02135	0.02460	0.02065	0.02682	0.02223	0.01688	0.23550	0.03989	0.10336	0.15696	0.06225	0.08898	0.01948	0.01251	0.00372	0.00962	0.07708	0.01160	0.01513
6	0.05050	0.01915	0.02612	0.02003	0.02873	0.01654	0.01654	0.05485	0.03221	0.54203	0.04440	0.03831	0.02786	0.01393	0.01132	0.00348	0.00958	0.01132	0.01393	0.01915
7	0.04483	0.02489	0.02926	0.02280	0.03138	0.02548	0.01872	0.24079	0.09292	0.29091	0.03726	0.03397	0.02490	0.01390	0.01131	0.00347	0.01068	0.01097	0.01254	0.01900
8	0.01330	0.01140	0.01140	0.01140	0.01520	0.00950	0.00855	0.01615	0.02565	0.03041	0.11402	0.10832	0.52967	0.02850	0.01330	0.00380	0.00570	0.02375	0.01045	0.00950
9	0.03109	0.02973	0.03368	0.02782	0.03390	0.12381	0.08526	0.14417	0.10461	0.04142	0.02692	0.03168	0.02165	0.02747	0.12209	0.00647	0.07477	0.01079	0.00786	0.01481
10	0.01545	0.01052	0.01255	0.01345	0.01368	0.01030	0.00808	0.01613	0.01816	0.02422	0.04467	0.25504	0.05254	0.40721	0.04241	0.00871	0.00939	0.02178	0.00808	0.00762
11	0.02786	0.02674	0.04568	0.06908	0.53424	0.02674	0.03454	0.03454	0.02563	0.03677	0.02117	0.02786	0.01783	0.01003	0.01114	0.00334	0.01337	0.01003	0.00557	0.01783
12	0.03468	0.04184	0.02979	0.02726	0.03120	0.37949	0.02075	0.03736	0.02757	0.02762	0.02307	0.10115	0.02287	0.01648	0.01602	0.00353	0.12950	0.01119	0.00627	0.01236
13	0.01701	0.01361	0.01735	0.01803	0.01953	0.01477	0.01335	0.02179	0.06223	0.03019	0.05713	0.33683	0.10486	0.07200	0.02041	0.00501	0.08743	0.06869	0.00949	0.01029
14	0.01884	0.01339	0.01606	0.01466	0.01807	0.01291	0.01119	0.06867	0.03245	0.04580	0.38357	0.07672	0.13537	0.02165	0.01253	0.00346	0.00605	0.01870	0.07856	0.01134
15	0.03233	0.02631	0.03782	0.16645	0.28488	0.07520	0.02898	0.03836	0.02687	0.13592	0.02524	0.02971	0.01891	0.01123	0.01111	0.00342	0.01363	0.01002	0.00715	0.01648
16	0.02537	0.02421	0.04119	0.26046	0.36229	0.02609	0.03331	0.03236	0.02445	0.03375	0.02073	0.02867	0.01676	0.01049	0.01118	0.00350	0.01399	0.01002	0.00536	0.01582
17	0.16994	0.12278	0.03447	0.02331	0.03000	0.03438	0.01985	0.22057	0.03308	0.04970	0.02009	0.02321	0.01596	0.01361	0.01540	0.00358	0.13818	0.00856	0.00791	0.01541
18	0.01955	0.00978	0.01466	0.01466	0.01466	0.00978	0.00978	0.01466	0.01466	0.01955	0.01955	0.03421	0.01955	0.03910	0.04399	0.67253	0.00978	0.00978	0.00489	0.00489
19	0.03058	0.27708	0.19983	0.02428	0.03560	0.03399	0.02596	0.08560	0.07390	0.07895	0.02349	0.02470	0.01789	0.01125	0.00944	0.00309	0.01298	0.00823	0.00685	0.01631
20	0.03065	0.02258	0.03184	0.02827	0.10239	0.01960	0.06335	0.06701	0.02765	0.13264	0.02544	0.02768	0.01912	0.01008	0.00996	0.00256	0.01057	0.00887	0.00808	0.35166
21	0.02835	0.02996	0.11830	0.27000	0.05539	0.02748	0.02848	0.17563	0.03225	0.04367	0.02222	0.02751	0.01630	0.01163	0.01093	0.00344	0.01393	0.00950	0.00704	0.06800

[dist]
# distance from previous block
# <min> <max>
3	13

[block]
# block no. 1 follows, 11 sequences, length 23
# corresponding to MSA columns:
# 549-571
name=unknown_B
#
# <colnr> <probs for GDERKNQSTAVLIFYWHMCP>
#	G	D	E	R	K	N	Q	S	T	A	V	L	I	F	Y	W	H	M	C	P
0	0.03218	0.01890	0.02316	0.01912	0.02485	0.01896	0.01491	0.13843	0.02999	0.17582	0.03344	0.04267	0.02752	0.14530	0.13810	0.00791	0.01480	0.01179	0.00957	0.07258
1	0.02752	0.01926	0.02954	0.11673	0.03789	0.01782	0.08405	0.03329	0.02710	0.14871	0.10927	0.04530	0.07752	0.01420	0.01137	0.00319	0.01057	0.01274	0.00905	0.16487
2	0.01480	0.01099	0.01404	0.01607	0.01793	0.01023	0.01207	0.01780	0.02361	0.03041	0.07284	0.36477	0.17219	0.03267	0.01444	0.00456	0.00736	0.14323	0.01043	0.00955
3	0.03057	0.13218	0.03236	0.02053	0.02764	0.02624	0.01742	0.09788	0.02806	0.11604	0.03474	0.03595	0.08159	0.01462	0.01451	0.00315	0.10780	0.01042	0.00827	0.16004
4	0.02453	0.18877	0.35257	0.02675	0.04073	0.02909	0.03211	0.03414	0.02348	0.03354	0.01905	0.02230	0.01464	0.01010	0.00951	0.00301	0.01433	0.00752	0.00504	0.10879
5	0.15092	0.04230	0.30594	0.02635	0.03875	0.02614	0.02978	0.07365	0.08641	0.07988	0.02482	0.02631	0.01773	0.01166	0.01018	0.00356	0.01335	0.00880	0.00716	0.01632
6	0.02935	0.55632	0.10734	0.02053	0.03086	0.04271	0.02147	0.03390	0.02296	0.02739	0.01610	0.01862	0.01443	0.00973	0.00757	0.00252	0.01249	0.00625	0.00481	0.01466
7	0.02767	0.02725	0.04861	0.06603	0.46712	0.02699	0.09931	0.03476	0.02576	0.03667	0.02140	0.02821	0.01772	0.00995	0.01144	0.00341	0.01416	0.01049	0.00559	0.01745
8	0.04286	0.02986	0.10439	0.06720	0.03640	0.09524	0.02214	0.04855	0.03015	0.35392	0.03508	0.03296	0.02295	0.01291	0.01106	0.00343	0.01256	0.01020	0.01072	0.01739
9	0.02932	0.01624	0.02010	0.01729	0.02276	0.01545	0.01359	0.03853	0.11357	0.21114	0.23141	0.06446	0.11999	0.01931	0.01231	0.00360	0.00741	0.01643	0.01251	0.01459
10	0.01567	0.01149	0.01469	0.01389	0.01666	0.01051	0.01042	0.02074	0.03125	0.04369	0.48768	0.08645	0.14772	0.02355	0.01328	0.00357	0.00535	0.02069	0.01220	0.01051
11	0.02126	0.02001	0.03376	0.57739	0.07752	0.02501	0.03126	0.02876	0.02251	0.02876	0.02001	0.03001	0.01500	0.01125	0.01125	0.00375	0.01500	0.01000	0.00500	0.01250
12	0.03098	0.07974	0.18228	0.13326	0.04880	0.10122	0.09772	0.03887	0.02647	0.11913	0.02395	0.02749	0.01719	0.01122	0.01096	0.00344	0.01565	0.00956	0.00666	0.01541
13	0.03514	0.04250	0.02744	0.02507	0.03004	0.41413	0.01880	0.03867	0.03189	0.03220	0.15254	0.03717	0.03876	0.01462	0.01098	0.00307	0.01633	0.01072	0.00754	0.01241
14	0.02132	0.01276	0.01583	0.01559	0.01937	0.01137	0.01210	0.02480	0.02650	0.12765	0.11152	0.20079	0.23482	0.02722	0.01351	0.00410	0.00730	0.09077	0.01123	0.01145
15	0.01434	0.01024	0.01378	0.01639	0.01731	0.00968	0.01153	0.01675	0.02216	0.02943	0.06169	0.53073	0.07308	0.03467	0.01453	0.00466	0.00707	0.09220	0.01044	0.00931
16	0.02257	0.05822	0.54613	0.03208	0.04871	0.02614	0.04158	0.03564	0.02376	0.03564	0.02020	0.02376	0.01426	0.01069	0.01069	0.00356	0.01663	0.00832	0.00475	0.01663
17	0.13870	0.02154	0.02470	0.01958	0.02749	0.02136	0.01606	0.15250	0.03440	0.29250	0.04458	0.04129	0.08561	0.01512	0.01090	0.00350	0.00964	0.01180	0.01182	0.01691
18	0.01524	0.01131	0.01408	0.01549	0.01757	0.01056	0.01170	0.01837	0.02409	0.03110	0.10813	0.25142	0.18944	0.08723	0.01853	0.00508	0.00769	0.14330	0.01022	0.00945
19	0.02452	0.01744	0.01917	0.01682	0.02208	0.01727	0.01314	0.13051	0.06997	0.08690	0.10915	0.11583	0.26653	0.02299	0.01261	0.00372	0.00782	0.01917	0.01116	0.01320
20	0.02711	0.02852	0.03661	0.27081	0.05549	0.13811	0.10516	0.03541	0.07335	0.03084	0.02245	0.02953	0.01753	0.01363	0.01398	0.05654	0.01579	0.01023	0.00592	0.01300
21	0.04159	0.02232	0.02696	0.02115	0.02963	0.02164	0.01721	0.12799	0.12505	0.30603	0.03867	0.03522	0.02620	0.01342	0.01096	0.00330	0.00978	0.01080	0.01211	0.09995
22	0.02575	0.02143	0.02463	0.01781	0.02769	0.01747	0.01433	0.08637	0.02700	0.04092	0.02087	0.02380	0.01698	0.00898	0.00870	0.00188	0.00884	0.00710	0.00724	0.59220

[dist]
# distance from previous block
# <min> <max>
0	2

[block]
# block no. 2 follows, 11 sequences, length 27
# corresponding to MSA columns:
# 574-600
name=unknown_C
#
# <colnr> <probs for GDERKNQSTAVLIFYWHMCP>
#	G	D	E	R	K	N	Q	S	T	A	V	L	I	F	Y	W	H	M	C	P
0	0.03081	0.03111	0.12566	0.02855	0.03617	0.02831	0.06819	0.11303	0.02787	0.10555	0.02295	0.02709	0.01754	0.01427	0.01965	0.00382	0.20391	0.00983	0.00739	0.07828
1	0.02399	0.01987	0.02538	0.10059	0.11652	0.05704	0.01981	0.03120	0.07181	0.07456	0.09069	0.15636	0.08656	0.02045	0.01250	0.00387	0.01043	0.05604	0.00911	0.01323
2	0.01525	0.01148	0.01411	0.01345	0.01640	0.01033	0.01009	0.01993	0.03027	0.04135	0.42185	0.09030	0.21501	0.02442	0.01328	0.00361	0.00541	0.02123	0.01189	0.01033
3	0.02311	0.02363	0.04518	0.39197	0.07098	0.02622	0.19294	0.03131	0.02393	0.03131	0.02097	0.03013	0.01573	0.01064	0.01196	0.00377	0.01639	0.01115	0.00524	0.01344
4	0.03672	0.02734	0.02969	0.02379	0.03131	0.03006	0.01924	0.37614	0.09102	0.06296	0.07162	0.08332	0.03234	0.01635	0.01171	0.00354	0.01099	0.01312	0.01130	0.01746
5	0.02657	0.03036	0.06641	0.04744	0.05882	0.02846	0.49336	0.03605	0.02657	0.03605	0.02277	0.03036	0.01708	0.00949	0.01328	0.00380	0.01898	0.01328	0.00569	0.01518
6	0.01472	0.01051	0.01421	0.01682	0.01791	0.01001	0.01219	0.01741	0.02254	0.02985	0.06148	0.49051	0.07225	0.03432	0.01463	0.00471	0.00740	0.12869	0.01043	0.00942
7	0.20142	0.02902	0.09172	0.02140	0.02908	0.06988	0.01906	0.11358	0.07383	0.09413	0.07173	0.07898	0.03063	0.01502	0.01043	0.00355	0.01099	0.01166	0.00912	0.01479
8	0.02257	0.05822	0.54613	0.03208	0.04871	0.02614	0.04158	0.03564	0.02376	0.03564	0.02020	0.02376	0.01426	0.01069	0.01069	0.00356	0.01663	0.00832	0.00475	0.01663
9	0.02664	0.01518	0.01822	0.01575	0.02027	0.01479	0.01233	0.09080	0.03256	0.13218	0.25328	0.05793	0.06148	0.01766	0.01128	0.00327	0.00695	0.01493	0.18134	0.01316
10	0.01608	0.01127	0.01417	0.01424	0.01577	0.01080	0.00996	0.01921	0.02495	0.03443	0.27037	0.13166	0.07668	0.22831	0.02898	0.00636	0.00784	0.05972	0.01008	0.00913
11	0.02561	0.02445	0.04163	0.24187	0.37898	0.02615	0.03343	0.03258	0.02457	0.03405	0.02077	0.02859	0.01687	0.01044	0.01118	0.00348	0.01393	0.01002	0.00538	0.01602
12	0.02675	0.09586	0.02606	0.01861	0.02425	0.02154	0.01537	0.11218	0.07599	0.09106	0.21206	0.06327	0.09223	0.01923	0.01200	0.00355	0.00864	0.05649	0.01092	0.01393
13	0.01740	0.01196	0.01393	0.01397	0.01746	0.01047	0.01061	0.02065	0.02614	0.07812	0.13290	0.18655	0.32602	0.02807	0.01349	0.00400	0.00655	0.06028	0.01094	0.01049
14	0.01867	0.01216	0.01566	0.01441	0.01769	0.01103	0.01094	0.02366	0.03131	0.08664	0.44770	0.08240	0.13913	0.02274	0.01311	0.00356	0.00571	0.01989	0.01234	0.01125
15	0.02219	0.02165	0.03002	0.09829	0.03491	0.06922	0.06318	0.02666	0.02041	0.02775	0.02301	0.03389	0.02073	0.04474	0.25355	0.01014	0.17151	0.01090	0.00555	0.01169
16	0.02946	0.02515	0.09377	0.02275	0.02851	0.02358	0.02052	0.07966	0.06592	0.12808	0.07533	0.03688	0.02974	0.01578	0.01752	0.00375	0.15925	0.01124	0.11842	0.01470
17	0.03009	0.61122	0.05898	0.01926	0.02889	0.04454	0.01926	0.03370	0.02287	0.02648	0.01565	0.01805	0.01444	0.00963	0.00722	0.00241	0.01204	0.00602	0.00481	0.01444
18	0.01627	0.01130	0.01426	0.01426	0.01494	0.01199	0.00929	0.01764	0.01695	0.02329	0.03365	0.06362	0.03656	0.42720	0.22858	0.01336	0.01747	0.01490	0.00655	0.00792
19	0.02334	0.02001	0.02334	0.01667	0.02667	0.01500	0.01334	0.02834	0.02334	0.03668	0.02001	0.02334	0.01667	0.00834	0.00834	0.00167	0.00834	0.00667	0.00667	0.67325
20	0.08062	0.10469	0.40823	0.02856	0.04279	0.02798	0.03483	0.03738	0.06661	0.03706	0.02164	0.02436	0.01587	0.01098	0.01011	0.00347	0.01483	0.00830	0.00554	0.01615
21	0.02748	0.02732	0.04117	0.28197	0.16715	0.07765	0.10039	0.07586	0.02751	0.03541	0.02108	0.02839	0.01627	0.01096	0.01143	0.00355	0.01551	0.01026	0.00589	0.01475
22	0.01955	0.00978	0.01466	0.01466	0.01466	0.00978	0.00978	0.01466	0.01466	0.01955	0.01955	0.03421	0.01955	0.03910	0.04399	0.67253	0.00978	0.00978	0.00489	0.00489
23	0.02423	0.09780	0.02803	0.01701	0.02696	0.01889	0.01412	0.02905	0.02328	0.03533	0.01943	0.02264	0.01638	0.00851	0.00819	0.00176	0.00882	0.00658	0.00642	0.58656
24	0.37353	0.08377	0.11300	0.02005	0.02903	0.07210	0.01922	0.03746	0.02309	0.10849	0.02037	0.02200	0.01501	0.01097	0.00847	0.00335	0.01147	0.00725	0.00721	0.01414
25	0.10206	0.01165	0.01355	0.01507	0.01699	0.01142	0.01053	0.01848	0.02247	0.03315	0.10038	0.43576	0.10723	0.03038	0.01321	0.00427	0.00664	0.02690	0.01016	0.00970
26	0.02309	0.01481	0.02096	0.02400	0.08815	0.01359	0.01563	0.02665	0.02447	0.11821	0.04972	0.33242	0.05306	0.02554	0.01300	0.00402	0.00847	0.06333	0.01006	0.07080

[dist]
# distance from previous block
# <min> <max>
0	2

[block]
# block no. 3 follows, 11 sequences, length 9
# corresponding to MSA columns:
# 603-611
name=unknown_D
#
# <colnr> <probs for GDERKNQSTAVLIFYWHMCP>
#	G	D	E	R	K	N	Q	S	T	A	V	L	I	F	Y	W	H	M	C	P
0	0.02607	0.04039	0.23109	0.02988	0.04186	0.08144	0.11024	0.03721	0.07080	0.03616	0.02270	0.02616	0.01724	0.01044	0.01059	0.00310	0.01472	0.00909	0.00612	0.17470
1	0.03133	0.02075	0.03383	0.02640	0.03344	0.01999	0.14644	0.03999	0.10971	0.17974	0.03960	0.04156	0.06435	0.01876	0.01810	0.12773	0.01178	0.01280	0.00928	0.01441
2	0.01450	0.01096	0.01339	0.01381	0.01620	0.00985	0.00997	0.01810	0.02697	0.03595	0.26838	0.24475	0.21964	0.02827	0.01361	0.00392	0.00579	0.02483	0.01125	0.00985
3	0.01516	0.01087	0.01465	0.01596	0.01728	0.01079	0.01143	0.01811	0.02240	0.03058	0.12766	0.31853	0.06671	0.10161	0.11822	0.00759	0.01143	0.06204	0.00956	0.00941
4	0.26390	0.09075	0.07916	0.02213	0.03147	0.02773	0.05610	0.12074	0.02825	0.08452	0.02137	0.02338	0.01595	0.01091	0.00911	0.00319	0.01133	0.00807	0.00771	0.08424
5	0.10547	0.03213	0.02821	0.02439	0.02976	0.19231	0.01935	0.12187	0.03017	0.08582	0.02318	0.02744	0.01858	0.02482	0.10169	0.00582	0.09814	0.00918	0.00761	0.01407
6	0.01453	0.01038	0.01400	0.01661	0.01762	0.00985	0.01187	0.01709	0.02236	0.02965	0.06158	0.50991	0.07265	0.03449	0.01458	0.00468	0.00724	0.11109	0.01043	0.00937
7	0.17769	0.13461	0.03027	0.02083	0.02786	0.08560	0.01744	0.07456	0.13579	0.08419	0.03043	0.03747	0.02514	0.01418	0.00993	0.00347	0.01113	0.05587	0.00870	0.01485
8	0.03970	0.13486	0.03522	0.02277	0.03137	0.03118	0.01924	0.23180	0.12175	0.16938	0.03223	0.03059	0.02294	0.01319	0.01056	0.00330	0.01106	0.01009	0.01073	0.01805

[dist]
# distance from previous block
# <min> <max>
0	6

[block]
# block no. 4 follows, 11 sequences, length 24
# corresponding to MSA columns:
# 618-641
name=unknown_E
#
# <colnr> <probs for GDERKNQSTAVLIFYWHMCP>
#	G	D	E	R	K	N	Q	S	T	A	V	L	I	F	Y	W	H	M	C	P
0	0.02719	0.12292	0.13882	0.02936	0.03941	0.02823	0.15070	0.12058	0.03098	0.04159	0.08226	0.03910	0.07182	0.01361	0.01146	0.00343	0.01359	0.01228	0.00756	0.01512
1	0.19480	0.02208	0.02557	0.02110	0.02847	0.02303	0.04879	0.07105	0.15708	0.13098	0.03385	0.07410	0.02679	0.01413	0.01033	0.00348	0.00965	0.01155	0.00977	0.08338
2	0.02196	0.02073	0.03504	0.52287	0.12651	0.02519	0.03161	0.02938	0.02284	0.02962	0.02013	0.02978	0.01531	0.01112	0.01124	0.00371	0.01483	0.01001	0.00506	0.01307
3	0.01675	0.01324	0.01879	0.02308	0.09734	0.01250	0.01412	0.02083	0.02653	0.03650	0.24124	0.26882	0.11501	0.02600	0.01335	0.00392	0.00706	0.02337	0.01044	0.01110
4	0.02102	0.01694	0.02255	0.02072	0.02259	0.02060	0.01639	0.06111	0.02296	0.03378	0.07289	0.12629	0.03719	0.03823	0.16382	0.00784	0.19052	0.01487	0.07824	0.01144
5	0.57958	0.02016	0.01631	0.01470	0.02099	0.02296	0.01194	0.03123	0.02114	0.04966	0.09576	0.02856	0.02688	0.01241	0.00795	0.00349	0.00818	0.00832	0.00781	0.01194
6	0.29167	0.02113	0.02228	0.01855	0.02614	0.02211	0.01510	0.04737	0.11947	0.25669	0.03354	0.03125	0.02303	0.01284	0.00966	0.00355	0.00911	0.00956	0.01076	0.01620
7	0.01526	0.01095	0.01462	0.01588	0.01761	0.01031	0.01172	0.01901	0.02620	0.03581	0.24097	0.32634	0.08515	0.02990	0.01413	0.00427	0.00666	0.09415	0.01118	0.00990
8	0.01992	0.01640	0.02280	0.02144	0.02507	0.01745	0.05747	0.03108	0.14930	0.03396	0.04589	0.18329	0.04605	0.07655	0.12195	0.00746	0.01375	0.08887	0.00916	0.01214
9	0.03188	0.01615	0.02088	0.01761	0.02324	0.01506	0.01392	0.03974	0.08576	0.25529	0.27006	0.06005	0.06509	0.01831	0.01225	0.00355	0.00751	0.01569	0.01294	0.01503
10	0.01432	0.01060	0.01353	0.01564	0.01720	0.00981	0.01128	0.01696	0.02302	0.02983	0.07168	0.42934	0.16076	0.03331	0.01435	0.00452	0.00697	0.09704	0.01044	0.00940
11	0.02659	0.02618	0.03673	0.28229	0.05520	0.07391	0.06926	0.07853	0.02541	0.03321	0.01938	0.02749	0.01551	0.01358	0.01811	0.00395	0.16543	0.01004	0.00576	0.01342
12	0.02708	0.01376	0.01762	0.01584	0.02020	0.01221	0.01196	0.03052	0.02757	0.21021	0.15315	0.17227	0.14437	0.07059	0.01640	0.00437	0.00756	0.01979	0.01174	0.01279
13	0.01395	0.01043	0.01304	0.01501	0.01658	0.00952	0.01057	0.01637	0.02289	0.02952	0.07465	0.44093	0.18577	0.03328	0.01419	0.00443	0.00662	0.06248	0.01044	0.00932
14	0.03405	0.01696	0.01996	0.01701	0.02285	0.01681	0.01349	0.04497	0.13799	0.23762	0.04177	0.04055	0.02971	0.01392	0.01002	0.00323	0.00776	0.01132	0.26451	0.01552
15	0.02126	0.02001	0.03376	0.57739	0.07752	0.02501	0.03126	0.02876	0.02251	0.02876	0.02001	0.03001	0.01500	0.01125	0.01125	0.00375	0.01500	0.01000	0.00500	0.01250
16	0.02712	0.02599	0.04436	0.12576	0.48331	0.02655	0.03418	0.03390	0.02528	0.03588	0.02104	0.02810	0.01751	0.01016	0.01115	0.00339	0.01355	0.01003	0.00551	0.01723
17	0.01616	0.01175	0.01653	0.01653	0.01800	0.01322	0.01213	0.01910	0.01763	0.02498	0.03157	0.05210	0.03156	0.22365	0.42529	0.01617	0.02500	0.01321	0.00624	0.00918
18	0.02257	0.05822	0.54613	0.03208	0.04871	0.02614	0.04158	0.03564	0.02376	0.03564	0.02020	0.02376	0.01426	0.01069	0.01069	0.00356	0.01663	0.00832	0.00475	0.01663
19	0.01634	0.01103	0.01287	0.01287	0.01308	0.01124	0.00757	0.01675	0.01654	0.02227	0.03492	0.07062	0.03960	0.55089	0.10905	0.01165	0.01289	0.01592	0.00674	0.00715
20	0.02603	0.02487	0.04238	0.21011	0.40753	0.02626	0.03363	0.03294	0.02476	0.03455	0.02085	0.02845	0.01704	0.01037	0.01117	0.00346	0.01382	0.01002	0.00541	0.01635
21	0.03232	0.39070	0.04870	0.10728	0.03714	0.03741	0.02108	0.08682	0.02717	0.08710	0.02068	0.02309	0.01649	0.01078	0.00874	0.00284	0.01228	0.00767	0.00654	0.01517
22	0.02433	0.15382	0.29863	0.03482	0.13514	0.02814	0.03260	0.03351	0.02482	0.03511	0.07401	0.02992	0.02485	0.01168	0.01039	0.00330	0.01390	0.00950	0.00574	0.01580
23	0.02729	0.32159	0.18018	0.02346	0.03380	0.03389	0.02521	0.07167	0.02612	0.03380	0.02469	0.03735	0.02265	0.01359	0.00979	0.00323	0.01303	0.07767	0.00621	0.01479

[dist]
# distance from previous block
# <min> <max>
1	2

[block]
# block no. 5 follows, 11 sequences, length 25
# corresponding to MSA columns:
# 644-668
name=unknown_F
#
# <colnr> <probs for GDERKNQSTAVLIFYWHMCP>
#	G	D	E	R	K	N	Q	S	T	A	V	L	I	F	Y	W	H	M	C	P
0	0.02147	0.02610	0.11542	0.49049	0.07293	0.02519	0.03290	0.02985	0.02271	0.02985	0.02004	0.02901	0.01488	0.01116	0.01116	0.00372	0.01526	0.00973	0.00496	0.01316
1	0.19585	0.02846	0.14920	0.02077	0.02963	0.02102	0.02047	0.03822	0.07465	0.15109	0.03955	0.08031	0.07457	0.01549	0.01050	0.00365	0.01040	0.01223	0.00903	0.01489
2	0.02475	0.11688	0.02748	0.01675	0.02478	0.01899	0.01391	0.02955	0.02605	0.07626	0.14634	0.03857	0.03921	0.01260	0.00960	0.00239	0.00831	0.01029	0.00833	0.34896
3	0.01431	0.01040	0.01360	0.01570	0.01698	0.00968	0.01108	0.01695	0.02318	0.03071	0.10385	0.46514	0.11560	0.03326	0.01431	0.00448	0.00675	0.07401	0.01060	0.00942
4	0.09457	0.12458	0.20262	0.02448	0.03455	0.11152	0.02518	0.03873	0.06403	0.08029	0.07231	0.03039	0.02583	0.01250	0.01009	0.00329	0.01344	0.00937	0.00721	0.01502
5	0.16219	0.02764	0.11078	0.02074	0.02988	0.02220	0.01937	0.03356	0.07059	0.03950	0.02118	0.02433	0.01690	0.01097	0.01154	0.00290	0.06602	0.00774	0.00671	0.29527
6	0.01607	0.01128	0.01351	0.01363	0.01635	0.01039	0.01032	0.02044	0.02751	0.03846	0.26327	0.13781	0.18900	0.02467	0.01273	0.00370	0.00595	0.05886	0.11587	0.01016
7	0.01418	0.01144	0.01262	0.01233	0.01574	0.00988	0.00924	0.01786	0.02773	0.03534	0.25269	0.10020	0.38792	0.02667	0.01329	0.00371	0.00557	0.02262	0.01110	0.00988
8	0.02927	0.09749	0.16001	0.11921	0.04349	0.16221	0.02705	0.04233	0.14103	0.03424	0.02505	0.02767	0.01920	0.01199	0.01048	0.00337	0.01500	0.00914	0.00664	0.01510
9	0.03126	0.02616	0.07907	0.11055	0.03721	0.06768	0.02121	0.04338	0.14094	0.16616	0.11707	0.04245	0.03788	0.01480	0.01150	0.00357	0.01123	0.01229	0.01003	0.01557
10	0.03802	0.02012	0.02462	0.02024	0.02732	0.01998	0.01624	0.08188	0.16509	0.29034	0.12461	0.04618	0.04214	0.01579	0.01168	0.00358	0.00888	0.01313	0.01281	0.01736
11	0.01637	0.01091	0.01228	0.01228	0.01228	0.01091	0.00682	0.01637	0.01637	0.02182	0.03546	0.07365	0.04092	0.60445	0.05729	0.01091	0.01091	0.01637	0.00682	0.00682
12	0.02334	0.02001	0.02334	0.01667	0.02667	0.01500	0.01334	0.02834	0.02334	0.03668	0.02001	0.02334	0.01667	0.00834	0.00834	0.00167	0.00834	0.00667	0.00667	0.67325
13	0.02364	0.01880	0.02805	0.16658	0.16087	0.01960	0.02226	0.03081	0.06216	0.08254	0.04919	0.12259	0.13009	0.01820	0.01208	0.00375	0.01060	0.01605	0.00833	0.01382
14	0.01442	0.01030	0.01387	0.01648	0.01744	0.00975	0.01167	0.01689	0.02224	0.02952	0.06165	0.52217	0.07290	0.03460	0.01455	0.00467	0.00714	0.09997	0.01043	0.00934
15	0.01371	0.00979	0.01306	0.01567	0.01632	0.00914	0.01045	0.01567	0.02155	0.02873	0.06203	0.59710	0.07444	0.03526	0.01437	0.00457	0.00653	0.03200	0.01045	0.00914
16	0.02248	0.02862	0.12303	0.08446	0.04200	0.02481	0.13727	0.02922	0.02303	0.03231	0.03445	0.03961	0.09751	0.01519	0.01774	0.00381	0.14818	0.01234	0.00614	0.07780
17	0.01491	0.01174	0.01375	0.01486	0.01795	0.01058	0.01185	0.01842	0.02532	0.03130	0.09107	0.16440	0.33250	0.03003	0.01414	0.00433	0.00730	0.16539	0.01042	0.00974
18	0.01453	0.01014	0.01282	0.01462	0.01508	0.00969	0.00933	0.01589	0.01995	0.02660	0.05383	0.43553	0.06409	0.21095	0.02761	0.00653	0.00788	0.02717	0.00933	0.00843
19	0.02517	0.02579	0.04814	0.20665	0.18975	0.02757	0.18854	0.03263	0.02421	0.03324	0.02075	0.02902	0.01645	0.01115	0.01442	0.00377	0.07142	0.01111	0.00538	0.01483
20	0.26672	0.02429	0.03286	0.02565	0.03395	0.02520	0.12830	0.11295	0.02916	0.13151	0.02737	0.03420	0.02112	0.01288	0.01054	0.00367	0.01200	0.04379	0.00880	0.01507
21	0.01509	0.01007	0.01284	0.01470	0.01586	0.00950	0.01005	0.01790	0.02288	0.03244	0.10350	0.45856	0.07027	0.03054	0.01322	0.00416	0.00621	0.02743	0.11526	0.00950
22	0.01413	0.01026	0.01344	0.01582	0.01694	0.00956	0.01107	0.01650	0.02235	0.02938	0.06630	0.50650	0.11301	0.03425	0.01439	0.00457	0.00685	0.07494	0.01044	0.00930
23	0.04605	0.02538	0.10899	0.02195	0.03192	0.01807	0.02053	0.05179	0.03087	0.46133	0.04055	0.03599	0.02569	0.01341	0.01122	0.00350	0.01070	0.01084	0.01247	0.01875
24	0.03047	0.02525	0.02652	0.11117	0.03601	0.12004	0.02029	0.08252	0.07864	0.10334	0.03390	0.04754	0.02887	0.02761	0.10363	0.00615	0.01620	0.07927	0.00862	0.01395

[dist]
# distance from previous block
# <min> <max>
5	15

[block]
# block no. 6 follows, 11 sequences, length 27
# corresponding to MSA columns:
# 684-710
name=unknown_G
#
# <colnr> <probs for GDERKNQSTAVLIFYWHMCP>
#	G	D	E	R	K	N	Q	S	T	A	V	L	I	F	Y	W	H	M	C	P
0	0.01810	0.01152	0.01467	0.01498	0.01756	0.01038	0.01080	0.02136	0.02613	0.08740	0.19342	0.31622	0.15761	0.02857	0.01357	0.00405	0.00638	0.02528	0.01133	0.01065
1	0.11546	0.02857	0.12326	0.02255	0.03259	0.02203	0.02144	0.11406	0.03222	0.32259	0.03408	0.03167	0.02227	0.01287	0.01070	0.00348	0.01121	0.01000	0.01104	0.01790
2	0.12025	0.04150	0.31285	0.02687	0.03785	0.02560	0.03025	0.03517	0.07378	0.03754	0.02530	0.07493	0.02137	0.01423	0.01330	0.00381	0.07345	0.01068	0.00630	0.01499
3	0.01484	0.01073	0.01482	0.01622	0.01731	0.01112	0.01142	0.01736	0.01978	0.02710	0.04778	0.34382	0.05424	0.10893	0.21792	0.01013	0.01559	0.02318	0.00848	0.00925
4	0.02232	0.01625	0.02190	0.02556	0.11560	0.01562	0.01598	0.02944	0.07831	0.09352	0.15317	0.15081	0.17229	0.02203	0.01264	0.00375	0.00796	0.01928	0.01041	0.01318
5	0.02786	0.02674	0.04568	0.06908	0.53424	0.02674	0.03454	0.03454	0.02563	0.03677	0.02117	0.02786	0.01783	0.01003	0.01114	0.00334	0.01337	0.01003	0.00557	0.01783
6	0.02793	0.01341	0.01811	0.01735	0.02112	0.01200	0.01280	0.03081	0.02567	0.22709	0.05522	0.38117	0.05644	0.02702	0.01319	0.00415	0.00771	0.02401	0.01179	0.01301
7	0.01464	0.01145	0.01325	0.01280	0.01602	0.01007	0.00960	0.01874	0.02881	0.03789	0.32462	0.09599	0.31440	0.02571	0.01329	0.00367	0.00550	0.02203	0.01144	0.01007
8	0.01770	0.01058	0.01171	0.01218	0.01426	0.01015	0.00863	0.02147	0.02341	0.03618	0.09346	0.17303	0.10275	0.07824	0.01515	0.00406	0.00613	0.01794	0.33324	0.00975
9	0.02786	0.02674	0.04568	0.06908	0.53424	0.02674	0.03454	0.03454	0.02563	0.03677	0.02117	0.02786	0.01783	0.01003	0.01114	0.00334	0.01337	0.01003	0.00557	0.01783
10	0.02401	0.02053	0.02173	0.01984	0.02538	0.02280	0.01534	0.04774	0.37472	0.04353	0.09973	0.05896	0.14091	0.01860	0.01198	0.00379	0.00796	0.01560	0.01133	0.01553
11	0.01626	0.01135	0.01448	0.01448	0.01524	0.01211	0.00957	0.01778	0.01702	0.02346	0.03345	0.06250	0.03607	0.40732	0.24779	0.01363	0.01820	0.01473	0.00652	0.00804
12	0.01898	0.00978	0.01451	0.01476	0.01483	0.00971	0.00984	0.01476	0.01534	0.02045	0.02370	0.08923	0.02492	0.03873	0.04109	0.60724	0.00946	0.01195	0.00543	0.00530
13	0.04271	0.03385	0.03358	0.02622	0.03489	0.09008	0.02143	0.44917	0.05071	0.06637	0.02601	0.02631	0.01865	0.01331	0.01114	0.00333	0.01322	0.00983	0.01068	0.01850
14	0.04204	0.01877	0.02348	0.01878	0.02608	0.01768	0.01526	0.08349	0.07206	0.36308	0.04162	0.03849	0.02793	0.01384	0.01062	0.00333	0.00886	0.01118	0.14613	0.01728
15	0.02800	0.02418	0.02545	0.02291	0.02927	0.02800	0.01782	0.05981	0.51390	0.04708	0.04581	0.04199	0.03436	0.01527	0.01145	0.00382	0.00891	0.01273	0.01145	0.01782
16	0.01611	0.01194	0.01748	0.01748	0.01928	0.01374	0.01331	0.01971	0.01791	0.02568	0.03071	0.04731	0.02948	0.13913	0.50696	0.01733	0.02812	0.01251	0.00611	0.00971
17	0.01636	0.01168	0.01609	0.01869	0.02050	0.01142	0.01504	0.02024	0.02415	0.03169	0.06058	0.31628	0.06867	0.03277	0.01507	0.00494	0.00882	0.28674	0.01040	0.00987
18	0.25219	0.21176	0.08546	0.02133	0.02999	0.13164	0.01969	0.07030	0.02563	0.03896	0.01728	0.01978	0.01403	0.01067	0.00832	0.00305	0.01294	0.00681	0.00620	0.01399
19	0.01448	0.01128	0.01315	0.01304	0.01602	0.00995	0.00965	0.01830	0.02790	0.03660	0.28762	0.14927	0.29873	0.02684	0.01340	0.00377	0.00562	0.02315	0.01129	0.00995
20	0.14668	0.02033	0.02207	0.01632	0.02576	0.01692	0.01312	0.02923	0.02256	0.03926	0.01920	0.02240	0.01583	0.00873	0.00808	0.00201	0.00840	0.00656	0.00672	0.54983
21	0.03181	0.13428	0.03339	0.02389	0.08474	0.02238	0.01765	0.03658	0.02569	0.15880	0.02529	0.02651	0.01912	0.01015	0.00917	0.00244	0.00992	0.00806	0.00797	0.31214
22	0.03985	0.01936	0.02428	0.01954	0.02668	0.01825	0.01577	0.12792	0.03467	0.32467	0.09517	0.09231	0.07518	0.01760	0.01190	0.00358	0.00914	0.01463	0.01273	0.01677
23	0.01421	0.01015	0.01363	0.01624	0.01711	0.00957	0.01131	0.01653	0.02204	0.02929	0.06176	0.54417	0.07335	0.03479	0.01450	0.00464	0.00696	0.08001	0.01044	0.00928
24	0.02154	0.01665	0.02096	0.13617	0.03302	0.05488	0.01769	0.02556	0.02431	0.07527	0.04783	0.29467	0.05147	0.02575	0.01335	0.00429	0.01035	0.10573	0.00925	0.01127
25	0.02614	0.03312	0.17084	0.19894	0.05923	0.02580	0.20256	0.03545	0.02517	0.07880	0.02324	0.02934	0.01673	0.01070	0.01187	0.00370	0.01638	0.01091	0.00599	0.01509
26	0.08364	0.03841	0.26363	0.06686	0.04358	0.02329	0.08158	0.03572	0.02440	0.08996	0.02259	0.02593	0.01630	0.01050	0.01035	0.00326	0.01390	0.00883	0.00637	0.13089

[dist]
# distance from previous block
# <min> <max>
0	9

[block]
# block no. 7 follows, 11 sequences, length 22
# corresponding to MSA columns:
# 720-741
name=unknown_H
#
# <colnr> <probs for GDERKNQSTAVLIFYWHMCP>
#	G	D	E	R	K	N	Q	S	T	A	V	L	I	F	Y	W	H	M	C	P
0	0.12653	0.24417	0.19590	0.02269	0.03390	0.03080	0.02456	0.03821	0.02437	0.13033	0.02249	0.02367	0.01660	0.01089	0.00902	0.00312	0.01250	0.00774	0.00683	0.01568
1	0.02841	0.02341	0.03859	0.02986	0.03770	0.02338	0.18996	0.04337	0.18028	0.11188	0.12563	0.04494	0.04031	0.01439	0.01244	0.00371	0.01202	0.01413	0.00987	0.01572
2	0.01597	0.01088	0.01301	0.01337	0.01368	0.01100	0.00810	0.01667	0.01728	0.02325	0.03861	0.14367	0.04424	0.46930	0.10501	0.01079	0.01236	0.01809	0.00724	0.00749
3	0.15208	0.02114	0.02565	0.14573	0.03805	0.02321	0.01919	0.08434	0.11306	0.15843	0.07802	0.03666	0.02980	0.01374	0.01071	0.00360	0.01039	0.01105	0.00981	0.01533
4	0.47188	0.02658	0.09514	0.01827	0.02695	0.02378	0.01725	0.03745	0.02222	0.13843	0.02159	0.02275	0.01536	0.01112	0.00830	0.00349	0.01002	0.00737	0.00792	0.01411
5	0.01955	0.00978	0.01466	0.01466	0.01466	0.00978	0.00978	0.01466	0.01466	0.01955	0.01955	0.03421	0.01955	0.03910	0.04399	0.67253	0.00978	0.00978	0.00489	0.00489
6	0.01613	0.01204	0.01544	0.01686	0.01960	0.01135	0.01382	0.02041	0.02626	0.03395	0.13973	0.16062	0.19447	0.02967	0.01452	0.00453	0.00806	0.24179	0.01068	0.01006
7	0.14349	0.02522	0.03875	0.02945	0.03840	0.02542	0.17915	0.07932	0.11216	0.16676	0.03115	0.03203	0.02202	0.01203	0.01128	0.00364	0.01274	0.01127	0.00933	0.01641
8	0.08504	0.01602	0.01795	0.01555	0.02094	0.01602	0.01231	0.04040	0.09445	0.19930	0.03867	0.03890	0.02796	0.01345	0.00937	0.00313	0.00739	0.01070	0.31808	0.01435
9	0.01540	0.01064	0.01325	0.01466	0.01523	0.01036	0.00962	0.01681	0.01965	0.02611	0.04967	0.30834	0.05813	0.29416	0.03405	0.00753	0.00894	0.07047	0.00879	0.00821
10	0.02206	0.02115	0.02945	0.02629	0.02645	0.02853	0.02130	0.02441	0.01825	0.02747	0.02586	0.15893	0.02877	0.02335	0.03164	0.00484	0.44841	0.01505	0.00622	0.01157
11	0.03808	0.07334	0.04259	0.02976	0.03922	0.02671	0.16600	0.12426	0.07575	0.21756	0.03245	0.03256	0.02248	0.01224	0.01160	0.00350	0.01313	0.01142	0.00995	0.01742
12	0.02336	0.01323	0.01549	0.01414	0.01857	0.01144	0.01066	0.02625	0.02610	0.16325	0.08347	0.13286	0.30920	0.07985	0.01705	0.00446	0.00729	0.02058	0.01102	0.01174
13	0.01417	0.01094	0.01303	0.01420	0.01656	0.00979	0.01039	0.01713	0.02468	0.03146	0.12802	0.29729	0.26912	0.03085	0.01392	0.00420	0.00643	0.06766	0.01063	0.00955
14	0.07549	0.10388	0.03221	0.06802	0.03347	0.02662	0.06304	0.04177	0.22374	0.04046	0.08789	0.04728	0.03722	0.01556	0.01126	0.00369	0.01053	0.05400	0.00911	0.01476
15	0.02640	0.01962	0.03310	0.17893	0.09150	0.02028	0.10079	0.03296	0.02566	0.10796	0.03371	0.05051	0.02854	0.01513	0.01190	0.00379	0.01251	0.09301	0.09996	0.01374
16	0.02567	0.02453	0.07262	0.03040	0.10376	0.01927	0.09741	0.03192	0.02475	0.07545	0.02653	0.08064	0.02306	0.01193	0.01053	0.00281	0.01135	0.01111	0.00714	0.30911
17	0.01854	0.02090	0.10498	0.01926	0.02440	0.01560	0.01747	0.02825	0.09551	0.03986	0.24990	0.16231	0.07133	0.02279	0.01300	0.00392	0.00839	0.06080	0.01045	0.01234
18	0.02334	0.02001	0.02334	0.01667	0.02667	0.01500	0.01334	0.02834	0.02334	0.03668	0.02001	0.02334	0.01667	0.00834	0.00834	0.00167	0.00834	0.00667	0.00667	0.67325
19	0.02572	0.02331	0.08488	0.02526	0.03255	0.01902	0.10755	0.03526	0.09599	0.11375	0.04133	0.21072	0.03901	0.01917	0.01234	0.00378	0.01094	0.01769	0.00929	0.07244
20	0.02457	0.18257	0.20128	0.08925	0.10972	0.02836	0.02842	0.03230	0.02434	0.03367	0.06393	0.02883	0.02322	0.01125	0.00994	0.00308	0.01305	0.00906	0.00576	0.07742
21	0.25960	0.02420	0.02961	0.07293	0.03516	0.06065	0.10063	0.07563	0.02677	0.04363	0.06490	0.04276	0.02885	0.01459	0.01077	0.00375	0.01218	0.07251	0.00780	0.01308

[dist]
# distance from previous block
# <min> <max>
1	16

[block]
# block no. 8 follows, 11 sequences, length 27
# corresponding to MSA columns:
# 758-784
name=unknown_I
#
# <colnr> <probs for GDERKNQSTAVLIFYWHMCP>
#	G	D	E	R	K	N	Q	S	T	A	V	L	I	F	Y	W	H	M	C	P
0	0.02667	0.43321	0.04655	0.01893	0.02647	0.03591	0.01739	0.03286	0.07308	0.02904	0.02782	0.13381	0.02823	0.01522	0.00905	0.00298	0.01064	0.01179	0.00660	0.01375
1	0.02538	0.03340	0.18227	0.06938	0.10457	0.02326	0.02676	0.06691	0.07617	0.03925	0.02335	0.02671	0.01798	0.01053	0.01013	0.00294	0.01226	0.00870	0.00665	0.23340
2	0.15871	0.07942	0.07669	0.02379	0.03168	0.07316	0.06729	0.04131	0.12427	0.10565	0.03149	0.08522	0.02605	0.01431	0.01048	0.00355	0.01174	0.01174	0.00852	0.01493
3	0.02881	0.20044	0.22710	0.13327	0.04563	0.02960	0.02935	0.03676	0.02459	0.11109	0.02267	0.02566	0.01659	0.01101	0.00992	0.00326	0.01391	0.00847	0.00626	0.01560
4	0.14889	0.01723	0.02360	0.27913	0.04581	0.02008	0.02023	0.02587	0.02207	0.03400	0.07848	0.11239	0.03424	0.07449	0.01561	0.00450	0.01125	0.01384	0.00704	0.01124
5	0.02810	0.03140	0.13870	0.04870	0.29670	0.02545	0.03139	0.03524	0.02478	0.08057	0.02229	0.02725	0.01761	0.01135	0.01347	0.00341	0.07185	0.00949	0.00619	0.07606
6	0.03027	0.02476	0.03474	0.13874	0.08618	0.06333	0.07021	0.07467	0.02694	0.11505	0.02799	0.08745	0.02390	0.01573	0.01671	0.00390	0.12461	0.01259	0.00769	0.01454
7	0.02488	0.02249	0.12132	0.01939	0.02435	0.01632	0.01740	0.07215	0.02218	0.07525	0.02482	0.03710	0.02209	0.10467	0.03296	0.32376	0.01152	0.01055	0.00659	0.01019
8	0.15222	0.02050	0.02505	0.01878	0.02765	0.01780	0.05497	0.02931	0.02356	0.04008	0.06470	0.02838	0.02381	0.01016	0.00894	0.00238	0.00907	0.00836	0.00715	0.42714
9	0.14923	0.01223	0.01479	0.01445	0.01582	0.01292	0.00995	0.01844	0.01571	0.02583	0.02037	0.03502	0.02024	0.08974	0.03807	0.47580	0.00968	0.00971	0.00549	0.00651
10	0.02056	0.01218	0.01645	0.01550	0.01705	0.01222	0.01103	0.05881	0.02292	0.03134	0.16508	0.04778	0.04419	0.03227	0.03237	0.42333	0.00873	0.01282	0.00758	0.00777
11	0.15623	0.02577	0.03998	0.05846	0.43397	0.02645	0.03017	0.03426	0.02436	0.03946	0.02010	0.02598	0.01672	0.01011	0.01033	0.00337	0.01246	0.00926	0.00584	0.01672
12	0.03957	0.02048	0.02746	0.12975	0.03840	0.02085	0.01972	0.05089	0.14175	0.32710	0.03996	0.03754	0.02685	0.01372	0.01134	0.00361	0.01048	0.01139	0.01161	0.01754
13	0.02645	0.02575	0.04520	0.16661	0.40251	0.02656	0.07479	0.03355	0.02510	0.03514	0.02109	0.02850	0.01721	0.01022	0.01135	0.00346	0.01419	0.01031	0.00547	0.01655
14	0.02651	0.02356	0.03880	0.05762	0.43227	0.02356	0.02932	0.03292	0.02523	0.03779	0.02421	0.03062	0.01998	0.01063	0.01050	0.00320	0.01178	0.01012	0.13497	0.01639
15	0.01955	0.00978	0.01466	0.01466	0.01466	0.00978	0.00978	0.01466	0.01466	0.01955	0.01955	0.03421	0.01955	0.03910	0.04399	0.67253	0.00978	0.00978	0.00489	0.00489
16	0.03705	0.01718	0.02253	0.01825	0.02472	0.01564	0.01468	0.07380	0.03356	0.32298	0.22378	0.05459	0.05648	0.01729	0.01204	0.00350	0.00818	0.01461	0.01317	0.01597
17	0.01596	0.01253	0.01948	0.01994	0.02209	0.01190	0.06018	0.01938	0.02301	0.03055	0.05759	0.43749	0.06661	0.03178	0.01452	0.00463	0.00861	0.12378	0.00996	0.01001
18	0.02462	0.02462	0.03447	0.02955	0.02955	0.03447	0.02462	0.02709	0.01724	0.02709	0.01477	0.02462	0.01477	0.01970	0.03694	0.00492	0.58385	0.00985	0.00492	0.01231
19	0.01431	0.01144	0.01280	0.01246	0.01582	0.00993	0.00935	0.01810	0.02804	0.03606	0.27295	0.09902	0.36721	0.02640	0.01329	0.00370	0.00555	0.02245	0.01120	0.00993
20	0.03550	0.02023	0.02446	0.02075	0.02741	0.02056	0.01678	0.09411	0.17121	0.23618	0.10834	0.05306	0.04282	0.01717	0.01203	0.00374	0.00919	0.05728	0.01239	0.01677
21	0.09338	0.02836	0.02801	0.02456	0.02912	0.16530	0.05074	0.07163	0.02542	0.03364	0.02295	0.03079	0.01999	0.03962	0.21885	0.00896	0.07997	0.00987	0.00638	0.01245
22	0.02126	0.02001	0.03376	0.57739	0.07752	0.02501	0.03126	0.02876	0.02251	0.02876	0.02001	0.03001	0.01500	0.01125	0.01125	0.00375	0.01500	0.01000	0.00500	0.01250
23	0.01458	0.01041	0.01405	0.01666	0.01769	0.00989	0.01195	0.01716	0.02240	0.02970	0.06156	0.50541	0.07256	0.03445	0.01460	0.00469	0.00728	0.11518	0.01043	0.00938
24	0.01634	0.01101	0.01280	0.01280	0.01298	0.01120	0.00747	0.01670	0.01652	0.02221	0.03499	0.07101	0.03977	0.55770	0.10246	0.01156	0.01264	0.01598	0.00675	0.00711
25	0.03643	0.03316	0.03165	0.02646	0.03380	0.15827	0.04959	0.15920	0.22184	0.08152	0.03283	0.03213	0.02433	0.01350	0.01120	0.00346	0.01320	0.01071	0.00984	0.01690
26	0.02698	0.01984	0.03226	0.46834	0.06797	0.02335	0.02838	0.03386	0.02441	0.12918	0.02478	0.03163	0.01752	0.01178	0.01127	0.00370	0.01394	0.01026	0.00675	0.01380

[dist]
# distance from previous block
# <min> <max>
0	1

[block]
# block no. 9 follows, 11 sequences, length 9
# corresponding to MSA columns:
# 786-794
name=unknown_J
#
# <colnr> <probs for GDERKNQSTAVLIFYWHMCP>
#	G	D	E	R	K	N	Q	S	T	A	V	L	I	F	Y	W	H	M	C	P
0	0.44538	0.02568	0.02156	0.01832	0.02568	0.07929	0.01489	0.08943	0.02631	0.12943	0.02173	0.02268	0.01572	0.01147	0.00847	0.00341	0.01044	0.00750	0.00844	0.01417
1	0.03640	0.14563	0.03760	0.02705	0.03370	0.36480	0.06227	0.04025	0.02898	0.02959	0.01954	0.02301	0.01618	0.01122	0.00968	0.00286	0.01719	0.00790	0.07292	0.01323
2	0.02666	0.01800	0.02202	0.01698	0.02509	0.01427	0.01338	0.03122	0.02545	0.12970	0.06966	0.09664	0.03246	0.01362	0.00997	0.00248	0.00812	0.01151	0.00890	0.42388
3	0.13330	0.02594	0.04100	0.06036	0.45187	0.02650	0.03095	0.03431	0.02459	0.03898	0.02029	0.02632	0.01692	0.01010	0.01047	0.00337	0.01262	0.00940	0.00580	0.01692
4	0.02466	0.02574	0.04054	0.12462	0.10135	0.07315	0.15400	0.03031	0.02370	0.03128	0.02701	0.12658	0.02615	0.01638	0.01697	0.00400	0.11955	0.01446	0.00626	0.01328
5	0.02755	0.01436	0.01617	0.01420	0.01852	0.01420	0.01112	0.08263	0.02928	0.12634	0.09788	0.04493	0.03721	0.01452	0.00947	0.00296	0.00675	0.01181	0.40723	0.01287
6	0.02821	0.12025	0.04679	0.15194	0.26386	0.03024	0.08277	0.07714	0.02727	0.03673	0.02080	0.02690	0.01678	0.01047	0.01079	0.00333	0.01402	0.00976	0.00589	0.01608
7	0.02746	0.14122	0.17615	0.03330	0.11819	0.02688	0.07897	0.03505	0.02474	0.07145	0.02153	0.02508	0.01668	0.01000	0.00997	0.00294	0.01329	0.00860	0.00607	0.15244
8	0.33231	0.03128	0.15194	0.02628	0.07825	0.02595	0.02329	0.03495	0.02175	0.08325	0.01956	0.02290	0.01481	0.01181	0.01206	0.00365	0.07704	0.00787	0.00663	0.01440

[dist]
# distance from previous block
# <min> <max>
0	2

[block]
# block no. 10 follows, 11 sequences, length 25
# corresponding to MSA columns:
# 797-821
name=unknown_K
#
# <colnr> <probs for GDERKNQSTAVLIFYWHMCP>
#	G	D	E	R	K	N	Q	S	T	A	V	L	I	F	Y	W	H	M	C	P
0	0.02537	0.24506	0.15901	0.02534	0.03284	0.03438	0.02559	0.03082	0.02086	0.02874	0.01773	0.02381	0.01575	0.01984	0.06758	0.00489	0.19526	0.00830	0.00495	0.01387
1	0.02993	0.02509	0.03911	0.13803	0.32820	0.02629	0.02975	0.07224	0.07728	0.08389	0.02598	0.03050	0.02004	0.01136	0.01122	0.00347	0.01277	0.01042	0.00724	0.01719
2	0.03353	0.10964	0.13346	0.02379	0.03471	0.02291	0.06242	0.04006	0.02662	0.20476	0.02788	0.02833	0.01969	0.01095	0.01007	0.00293	0.01179	0.00903	0.00840	0.17904
3	0.01676	0.01260	0.01789	0.01661	0.01791	0.01225	0.05650	0.01818	0.01862	0.02489	0.04049	0.19340	0.04647	0.40982	0.04270	0.00869	0.01068	0.01976	0.00757	0.00821
4	0.10427	0.02152	0.02661	0.02059	0.02919	0.02048	0.01700	0.12942	0.03466	0.41775	0.03890	0.03461	0.02499	0.01356	0.01093	0.00346	0.00999	0.01066	0.01286	0.01855
5	0.02670	0.08465	0.15721	0.04384	0.20518	0.02868	0.10550	0.03999	0.12241	0.03756	0.02564	0.02932	0.01991	0.01110	0.01111	0.00348	0.01399	0.01036	0.00652	0.01684
6	0.02069	0.01465	0.02012	0.12375	0.03081	0.01551	0.01640	0.02723	0.06835	0.07232	0.09387	0.18976	0.05272	0.10389	0.01929	0.00514	0.00974	0.09491	0.00946	0.01140
7	0.01648	0.01132	0.01495	0.01495	0.01581	0.01219	0.01015	0.01785	0.01698	0.02351	0.03202	0.05814	0.03388	0.33998	0.27217	0.06210	0.01909	0.01404	0.00634	0.00807
8	0.03177	0.02327	0.03922	0.19349	0.23699	0.02379	0.06971	0.03833	0.02655	0.16467	0.02698	0.03136	0.01957	0.01132	0.01141	0.00353	0.01334	0.01064	0.00758	0.01648
9	0.03633	0.08799	0.08357	0.11383	0.08607	0.07824	0.05846	0.07340	0.02943	0.20083	0.02809	0.02962	0.01972	0.01187	0.01085	0.00337	0.01357	0.00986	0.00849	0.01643
10	0.02697	0.12948	0.21917	0.03439	0.08990	0.08371	0.07295	0.03439	0.02350	0.03179	0.01841	0.02374	0.01503	0.01234	0.01592	0.00361	0.13578	0.00881	0.00507	0.01502
11	0.02190	0.01183	0.01425	0.01355	0.01631	0.01189	0.01009	0.02609	0.02313	0.08705	0.08066	0.05024	0.03730	0.10999	0.12552	0.00702	0.01144	0.01259	0.31835	0.01079
12	0.03494	0.02202	0.02606	0.02192	0.02851	0.02284	0.01819	0.23398	0.03967	0.15266	0.10724	0.06016	0.04341	0.01896	0.01254	0.00384	0.01038	0.11502	0.01174	0.01595
