[name]
unknown

[dist]
# distance from previous block
# <min> <max>
0	11

[block]
# block no. 0 follows, 14 sequences, length 63
# corresponding to MSA columns:
# 11-73
name=unknown_A
#
# <colnr> <probs for GDERKNQSTAVLIFYWHMCP>
#	G	D	E	R	K	N	Q	S	T	A	V	L	I	F	Y	W	H	M	C	P
0	0.01370	0.01050	0.01226	0.01212	0.01474	0.00944	0.00906	0.01708	0.02478	0.03244	0.27602	0.08819	0.29096	0.08626	0.01633	0.00413	0.00587	0.05736	0.00988	0.00888
1	0.02077	0.04998	0.53005	0.02902	0.04265	0.02460	0.03635	0.03171	0.02106	0.03171	0.01792	0.02175	0.01305	0.01058	0.01217	0.00338	0.07642	0.00772	0.00435	0.01477
2	0.02352	0.02917	0.10967	0.09317	0.09467	0.02534	0.40374	0.03215	0.02357	0.03231	0.02019	0.02687	0.01520	0.00894	0.01156	0.00340	0.01637	0.01116	0.00504	0.01395
3	0.02741	0.02226	0.03828	0.03437	0.12274	0.02188	0.20165	0.03833	0.13465	0.13312	0.03204	0.09202	0.02600	0.01292	0.01123	0.00342	0.01190	0.01294	0.00805	0.01482
4	0.01648	0.01220	0.01480	0.01372	0.01674	0.01166	0.01038	0.07106	0.02941	0.04034	0.40446	0.11788	0.15827	0.02173	0.01200	0.00332	0.00563	0.01891	0.01079	0.01021
5	0.08309	0.01085	0.01356	0.01416	0.01610	0.01097	0.01029	0.01812	0.02179	0.03237	0.20549	0.29965	0.06398	0.03406	0.11147	0.00587	0.00946	0.02047	0.00907	0.00917
6	0.07529	0.12729	0.08021	0.13866	0.03782	0.08546	0.02173	0.17647	0.02959	0.03915	0.02254	0.03151	0.01892	0.01235	0.00965	0.00315	0.01237	0.05742	0.00683	0.01358
7	0.02414	0.01266	0.01724	0.01668	0.02035	0.01169	0.01342	0.02805	0.02549	0.19613	0.14330	0.19150	0.05763	0.02315	0.01243	0.00388	0.00769	0.17217	0.01077	0.01165
8	0.04604	0.01746	0.02382	0.01826	0.02620	0.01508	0.01508	0.05001	0.02937	0.58244	0.04049	0.03493	0.02540	0.01270	0.01032	0.00318	0.00873	0.01032	0.01270	0.01746
9	0.02585	0.02358	0.07815	0.25848	0.19013	0.02250	0.09573	0.03267	0.02322	0.11652	0.02235	0.02765	0.01638	0.01010	0.01045	0.00328	0.01311	0.00960	0.00604	0.01421
10	0.02939	0.03242	0.14995	0.07882	0.04462	0.08178	0.21733	0.07543	0.02665	0.12719	0.02325	0.02654	0.01649	0.01016	0.01076	0.00326	0.01479	0.00990	0.00665	0.01460
11	0.01514	0.01085	0.01476	0.01606	0.01812	0.01047	0.01298	0.01937	0.02473	0.03341	0.22784	0.19549	0.07332	0.02656	0.01329	0.00412	0.00727	0.25680	0.01008	0.00933
12	0.02058	0.05308	0.58618	0.02925	0.04442	0.02383	0.03792	0.03250	0.02167	0.03250	0.01842	0.02167	0.01300	0.00975	0.00975	0.00325	0.01517	0.00758	0.00433	0.01517
13	0.03056	0.27875	0.04441	0.02718	0.08591	0.03099	0.10003	0.09779	0.06636	0.10968	0.02272	0.02428	0.01742	0.01015	0.00906	0.00282	0.01160	0.00847	0.00690	0.01493
14	0.03155	0.02561	0.04739	0.03440	0.04387	0.02455	0.33457	0.12289	0.02944	0.15966	0.02578	0.02877	0.01806	0.01017	0.01140	0.00333	0.01439	0.01123	0.00771	0.01525
15	0.01314	0.00999	0.01210	0.01251	0.01472	0.00895	0.00903	0.01634	0.02439	0.03232	0.26508	0.25115	0.24113	0.02596	0.01241	0.00359	0.00529	0.02275	0.01019	0.00895
16	0.02744	0.64552	0.05378	0.01756	0.02634	0.04061	0.01756	0.03073	0.02085	0.02414	0.01427	0.01646	0.01317	0.00878	0.00658	0.00219	0.01097	0.00549	0.00439	0.01317
17	0.03103	0.28416	0.03908	0.14299	0.03678	0.12082	0.01999	0.07502	0.02547	0.10611	0.01984	0.02228	0.01534	0.01020	0.00858	0.00273	0.01244	0.00739	0.00620	0.01355
18	0.02103	0.04562	0.44842	0.09065	0.04850	0.02406	0.11458	0.03192	0.02195	0.03192	0.01876	0.02318	0.01347	0.00963	0.01017	0.00330	0.01535	0.00844	0.00449	0.01458
19	0.01245	0.00916	0.01167	0.01369	0.01473	0.00839	0.00926	0.01436	0.02023	0.02643	0.06390	0.55000	0.14578	0.03120	0.01295	0.00406	0.00584	0.02801	0.00953	0.00839
20	0.02600	0.02884	0.03699	0.03022	0.03343	0.14388	0.12867	0.02965	0.02016	0.02647	0.01546	0.02274	0.01386	0.01455	0.02432	0.00391	0.37502	0.00915	0.00480	0.01190
21	0.02726	0.02145	0.03480	0.18793	0.29921	0.02305	0.02696	0.03278	0.02296	0.12757	0.02219	0.02727	0.01695	0.01092	0.01255	0.00331	0.07250	0.00933	0.00624	0.01477
22	0.01339	0.00957	0.01293	0.01531	0.01629	0.00910	0.01107	0.01583	0.02053	0.02719	0.05607	0.51848	0.06593	0.03131	0.01334	0.00429	0.00673	0.13456	0.00951	0.00858
23	0.02618	0.31213	0.27159	0.02372	0.03464	0.11494	0.02636	0.03296	0.02239	0.02776	0.01623	0.01892	0.01311	0.00944	0.00829	0.00270	0.01382	0.00652	0.00450	0.01381
24	0.03451	0.04167	0.03095	0.03230	0.12338	0.43497	0.02171	0.03943	0.06169	0.02768	0.01801	0.02116	0.01492	0.01092	0.01072	0.00286	0.04721	0.00748	0.00555	0.01288
25	0.01401	0.01000	0.01363	0.01601	0.01726	0.00963	0.01214	0.01689	0.02113	0.02788	0.05573	0.44012	0.06459	0.03073	0.01350	0.00438	0.00726	0.20687	0.00950	0.00875
26	0.19952	0.36319	0.03964	0.02090	0.06902	0.06468	0.01709	0.03284	0.05723	0.03173	0.01664	0.01883	0.01414	0.00945	0.00722	0.00262	0.01053	0.00628	0.00540	0.01304
27	0.14385	0.15815	0.23880	0.02120	0.03183	0.02476	0.02324	0.03438	0.02214	0.13149	0.02081	0.02211	0.01510	0.00988	0.00847	0.00288	0.01138	0.00719	0.00631	0.06604
28	0.02712	0.58403	0.05445	0.02012	0.02906	0.03915	0.06936	0.03094	0.02119	0.02501	0.01491	0.01758	0.01341	0.00877	0.00713	0.00232	0.01160	0.00615	0.00447	0.01324
29	0.02837	0.54207	0.09771	0.01864	0.02790	0.03704	0.01913	0.03247	0.02163	0.07093	0.01679	0.01844	0.01416	0.00919	0.00717	0.00237	0.01115	0.00607	0.00507	0.01370
30	0.01267	0.00975	0.01159	0.01255	0.01455	0.00867	0.00887	0.01525	0.02257	0.02911	0.15464	0.33698	0.26995	0.02800	0.01256	0.00375	0.00548	0.02458	0.00980	0.00867
31	0.02312	0.04954	0.53021	0.02816	0.04260	0.02296	0.03564	0.03424	0.02243	0.08723	0.02061	0.02299	0.01423	0.01004	0.00981	0.00324	0.01453	0.00786	0.00517	0.01540
32	0.03137	0.17119	0.03822	0.14623	0.09393	0.06998	0.07246	0.03634	0.02441	0.18378	0.02374	0.02605	0.01727	0.01035	0.00950	0.00297	0.01223	0.00870	0.00699	0.01430
33	0.01224	0.00996	0.01085	0.01156	0.01417	0.00857	0.00831	0.01460	0.02227	0.02727	0.08983	0.25792	0.42113	0.02783	0.01242	0.00367	0.00542	0.02390	0.00953	0.00857
34	0.01938	0.01824	0.03078	0.61468	0.07068	0.02280	0.02850	0.02622	0.02052	0.02622	0.01824	0.02736	0.01368	0.01026	0.01026	0.00342	0.01368	0.00912	0.00456	0.01140
35	0.02135	0.02220	0.04439	0.21969	0.05388	0.02268	0.29938	0.02870	0.02277	0.03023	0.02507	0.06612	0.02188	0.01228	0.01178	0.00361	0.01482	0.06119	0.00563	0.01236
36	0.02331	0.02269	0.03997	0.24214	0.35774	0.02402	0.08093	0.02990	0.02252	0.03106	0.01910	0.02627	0.01534	0.00946	0.01039	0.00321	0.01319	0.00943	0.00492	0.01442
37	0.01938	0.01824	0.03078	0.61468	0.07068	0.02280	0.02850	0.02622	0.02052	0.02622	0.01824	0.02736	0.01368	0.01026	0.01026	0.00342	0.01368	0.00912	0.00456	0.01140
38	0.01382	0.01001	0.01322	0.01461	0.01622	0.00941	0.01087	0.01705	0.02315	0.03112	0.19337	0.34838	0.10633	0.02806	0.01299	0.00399	0.00632	0.12217	0.00997	0.00893
39	0.02513	0.15575	0.20905	0.02336	0.03232	0.02456	0.06183	0.03166	0.02309	0.11247	0.08165	0.03300	0.05454	0.01279	0.01217	0.00318	0.07317	0.00995	0.00667	0.01369
40	0.02898	0.03927	0.35557	0.02720	0.03960	0.02129	0.08131	0.03806	0.02436	0.20604	0.02562	0.02646	0.01717	0.01057	0.01017	0.00325	0.01335	0.00890	0.00706	0.01576
41	0.01544	0.01103	0.01527	0.01764	0.01952	0.01086	0.01462	0.01936	0.02254	0.02948	0.05494	0.25691	0.06147	0.02939	0.01388	0.00457	0.00849	0.37598	0.00947	0.00915
42	0.02492	0.02389	0.04078	0.10720	0.53489	0.02426	0.03125	0.03107	0.02314	0.03294	0.01922	0.02556	0.01605	0.00923	0.01017	0.00308	0.01231	0.00914	0.00504	0.01587
43	0.07796	0.02070	0.03132	0.19316	0.12201	0.02282	0.07657	0.07330	0.07039	0.07205	0.02609	0.08850	0.02219	0.01313	0.01166	0.00344	0.04296	0.01149	0.00688	0.01337
44	0.07325	0.01897	0.02759	0.14759	0.09011	0.02001	0.06052	0.07666	0.06896	0.13299	0.03230	0.14768	0.02847	0.01520	0.01072	0.00345	0.01036	0.01350	0.00820	0.01347
45	0.02819	0.02533	0.05123	0.03720	0.04626	0.02436	0.39703	0.03543	0.02449	0.13570	0.02387	0.02862	0.01725	0.01018	0.01355	0.00349	0.06546	0.01152	0.00655	0.01431
46	0.02738	0.16142	0.19993	0.03026	0.08474	0.02657	0.12664	0.03630	0.05984	0.11569	0.02306	0.02525	0.01697	0.01001	0.00973	0.00306	0.01299	0.00887	0.00627	0.01501
47	0.02645	0.02375	0.04118	0.09345	0.34975	0.02388	0.12043	0.03488	0.07030	0.07897	0.02319	0.02787	0.01801	0.00985	0.01056	0.00320	0.01259	0.00999	0.00616	0.01555
48	0.02426	0.01959	0.03113	0.25058	0.14085	0.02129	0.05766	0.07971	0.02537	0.07727	0.02847	0.04565	0.02495	0.01410	0.01118	0.00357	0.01214	0.11220	0.00692	0.01310
49	0.02620	0.02411	0.04366	0.09944	0.37731	0.02391	0.14302	0.03277	0.02378	0.07399	0.02113	0.02678	0.01658	0.00939	0.01061	0.00318	0.01319	0.00989	0.00563	0.01542
50	0.02642	0.10955	0.39137	0.02619	0.03893	0.02630	0.03084	0.11996	0.02669	0.07974	0.02074	0.02264	0.01474	0.01031	0.00954	0.00310	0.01356	0.00785	0.00600	0.01552
51	0.01969	0.00962	0.01410	0.01385	0.01456	0.00937	0.00948	0.01647	0.01524	0.06514	0.02307	0.08392	0.02281	0.03345	0.03530	0.58305	0.00864	0.01079	0.00558	0.00587
52	0.02649	0.01397	0.01800	0.01632	0.02037	0.01313	0.01238	0.08009	0.02720	0.21467	0.12823	0.28847	0.05338	0.02203	0.01175	0.00359	0.00723	0.01932	0.01092	0.01246
53	0.03670	0.02491	0.12381	0.06025	0.08916	0.01865	0.05533	0.04270	0.02662	0.36624	0.03205	0.03081	0.02107	0.01144	0.01032	0.00321	0.01101	0.00978	0.00956	0.01637
54	0.02099	0.01988	0.03369	0.46698	0.20579	0.02322	0.02930	0.02763	0.02128	0.02818	0.01852	0.02683	0.01437	0.00996	0.01023	0.00332	0.01328	0.00913	0.00470	0.01270
55	0.71184	0.01985	0.01508	0.01350	0.01985	0.02302	0.01111	0.03017	0.01746	0.04604	0.01429	0.01667	0.01111	0.00953	0.00635	0.00318	0.00794	0.00556	0.00635	0.01111
56	0.02245	0.02245	0.03143	0.02694	0.02694	0.03143	0.02245	0.02470	0.01572	0.02470	0.01347	0.02245	0.01347	0.01796	0.03368	0.00449	0.62057	0.00898	0.00449	0.01123
57	0.71184	0.01985	0.01508	0.01350	0.01985	0.02302	0.01111	0.03017	0.01746	0.04604	0.01429	0.01667	0.01111	0.00953	0.00635	0.00318	0.00794	0.00556	0.00635	0.01111
58	0.01985	0.04382	0.44693	0.02760	0.04022	0.02160	0.07321	0.03030	0.02312	0.03400	0.11217	0.03148	0.02743	0.01157	0.01034	0.00326	0.01359	0.00981	0.00558	0.01413
59	0.01431	0.01057	0.01514	0.01529	0.01709	0.01140	0.01158	0.01799	0.02003	0.02841	0.16446	0.13559	0.04923	0.05673	0.36974	0.01145	0.01881	0.01550	0.00750	0.00917
60	0.02788	0.02919	0.03154	0.26842	0.04873	0.18757	0.06178	0.08585	0.09608	0.03242	0.02147	0.02603	0.01637	0.01091	0.01014	0.00318	0.01436	0.00897	0.00615	0.01296
61	0.02353	0.19791	0.41664	0.02597	0.03909	0.02853	0.03163	0.06677	0.02328	0.03263	0.01781	0.02058	0.01335	0.00969	0.00900	0.00298	0.01387	0.00718	0.00475	0.01483
62	0.01256	0.00994	0.01132	0.01197	0.01438	0.00869	0.00860	0.01520	0.02295	0.02901	0.15040	0.26564	0.34848	0.02729	0.01243	0.00366	0.00539	0.02364	0.00976	0.00869

[dist]
# distance from previous block
# <min> <max>
0	1

[block]
# block no. 1 follows, 14 sequences, length 22
# corresponding to MSA columns:
# 75-82,88-101
name=unknown_B
#
# <colnr> <probs for GDERKNQSTAVLIFYWHMCP>
#	G	D	E	R	K	N	Q	S	T	A	V	L	I	F	Y	W	H	M	C	P
0	0.07159	0.27080	0.16449	0.02138	0.03082	0.03160	0.02180	0.10008	0.12769	0.03623	0.02183	0.02291	0.01704	0.01049	0.00850	0.00286	0.01123	0.00763	0.00641	0.01463
1	0.02058	0.05308	0.58618	0.02925	0.04442	0.02383	0.03792	0.03250	0.02167	0.03250	0.01842	0.02167	0.01300	0.00975	0.00975	0.00325	0.01517	0.00758	0.00433	0.01517
2	0.02560	0.02337	0.04179	0.15569	0.35103	0.02370	0.12057	0.03213	0.02344	0.07186	0.02091	0.02685	0.01633	0.00951	0.01054	0.00320	0.01313	0.00976	0.00556	0.01503
3	0.08113	0.15080	0.34652	0.02634	0.03858	0.02625	0.07923	0.03346	0.02206	0.07715	0.01937	0.02200	0.01414	0.00969	0.00918	0.00307	0.01351	0.00771	0.00528	0.01453
4	0.01492	0.00995	0.01119	0.01119	0.01119	0.00995	0.00622	0.01492	0.01492	0.01990	0.03233	0.06716	0.03731	0.63935	0.05223	0.00995	0.00995	0.01492	0.00622	0.00622
5	0.01492	0.00995	0.01119	0.01119	0.01119	0.00995	0.00622	0.01492	0.01492	0.01990	0.03233	0.06716	0.03731	0.63935	0.05223	0.00995	0.00995	0.01492	0.00622	0.00622
6	0.02797	0.11944	0.08484	0.07966	0.31520	0.02701	0.02719	0.09627	0.02618	0.07065	0.02044	0.02439	0.01610	0.00983	0.00962	0.00297	0.01201	0.00855	0.00602	0.01563
7	0.02245	0.04173	0.39308	0.03214	0.12696	0.02282	0.03209	0.06563	0.02372	0.03550	0.02071	0.02439	0.01536	0.01008	0.00956	0.00311	0.01322	0.00818	0.08442	0.01486
8	0.01973	0.01233	0.01710	0.01824	0.02125	0.01198	0.01570	0.02438	0.02482	0.09517	0.10328	0.10263	0.05889	0.02583	0.01353	0.00440	0.00892	0.40143	0.01000	0.01039
9	0.02471	0.02368	0.04040	0.12642	0.51731	0.02420	0.03115	0.03089	0.02304	0.03269	0.01918	0.02562	0.01596	0.00927	0.01017	0.00309	0.01236	0.00914	0.00502	0.01570
10	0.71184	0.01985	0.01508	0.01350	0.01985	0.02302	0.01111	0.03017	0.01746	0.04604	0.01429	0.01667	0.01111	0.00953	0.00635	0.00318	0.00794	0.00556	0.00635	0.01111
11	0.02058	0.05308	0.58618	0.02925	0.04442	0.02383	0.03792	0.03250	0.02167	0.03250	0.01842	0.02167	0.01300	0.00975	0.00975	0.00325	0.01517	0.00758	0.00433	0.01517
12	0.02306	0.26688	0.39404	0.02503	0.03789	0.02989	0.03057	0.03186	0.02137	0.02948	0.01692	0.01979	0.01306	0.00940	0.00861	0.00287	0.01365	0.00683	0.00435	0.01445
13	0.02155	0.02046	0.03470	0.41559	0.25280	0.02337	0.02958	0.02812	0.02155	0.02886	0.01862	0.02665	0.01461	0.00986	0.01022	0.00329	0.01314	0.00913	0.00475	0.01315
14	0.01588	0.01135	0.01573	0.01778	0.01995	0.01120	0.01506	0.02027	0.02370	0.03122	0.10513	0.17136	0.06378	0.02806	0.01385	0.00451	0.00860	0.40360	0.00964	0.00934
15	0.01366	0.01046	0.01251	0.01200	0.01480	0.00931	0.00900	0.01768	0.02700	0.03628	0.40091	0.08467	0.26888	0.02280	0.01211	0.00331	0.00497	0.01968	0.01066	0.00931
16	0.02504	0.01196	0.01460	0.01287	0.01676	0.01108	0.01002	0.02962	0.02580	0.18547	0.19009	0.04844	0.04640	0.01476	0.00944	0.00284	0.00586	0.01236	0.31485	0.01172
17	0.02245	0.02245	0.03143	0.02694	0.02694	0.03143	0.02245	0.02470	0.01572	0.02470	0.01347	0.02245	0.01347	0.01796	0.03368	0.00449	0.62057	0.00898	0.00449	0.01123
18	0.01492	0.00995	0.01119	0.01119	0.01119	0.00995	0.00622	0.01492	0.01492	0.01990	0.03233	0.06716	0.03731	0.63935	0.05223	0.00995	0.00995	0.01492	0.00622	0.00622
19	0.01471	0.01079	0.01545	0.01545	0.01692	0.01226	0.01153	0.01766	0.01618	0.02305	0.02844	0.04559	0.02794	0.18747	0.49131	0.01521	0.02404	0.01177	0.00564	0.00858
20	0.01938	0.01824	0.03078	0.61468	0.07068	0.02280	0.02850	0.02622	0.02052	0.02622	0.01824	0.02736	0.01368	0.01026	0.01026	0.00342	0.01368	0.00912	0.00456	0.01140
21	0.02703	0.09928	0.24570	0.07415	0.03861	0.09874	0.02708	0.12117	0.07040	0.03615	0.02036	0.02315	0.01539	0.01106	0.01096	0.00315	0.04907	0.00808	0.00600	0.01450

[dist]
# distance from previous block
# <min> <max>
0	1

[block]
# block no. 2 follows, 14 sequences, length 66
# corresponding to MSA columns:
# 103-168
name=unknown_C
#
# <colnr> <probs for GDERKNQSTAVLIFYWHMCP>
#	G	D	E	R	K	N	Q	S	T	A	V	L	I	F	Y	W	H	M	C	P
0	0.03862	0.04045	0.02980	0.02525	0.03177	0.36067	0.01969	0.25070	0.03712	0.04170	0.01954	0.02108	0.01499	0.01131	0.00968	0.00283	0.01548	0.00771	0.00738	0.01423
1	0.01743	0.01336	0.06719	0.01525	0.01691	0.01057	0.01214	0.01597	0.01552	0.02097	0.02449	0.08251	0.02547	0.06784	0.03392	0.48846	0.00939	0.05106	0.00532	0.00625
2	0.02128	0.01824	0.02128	0.01520	0.02432	0.01368	0.01216	0.02584	0.02128	0.03344	0.01824	0.02128	0.01520	0.00760	0.00760	0.00152	0.00760	0.00608	0.00608	0.70208
3	0.01913	0.00956	0.00956	0.00956	0.01196	0.00956	0.00717	0.02391	0.02152	0.03826	0.03348	0.03826	0.02630	0.01196	0.00717	0.00239	0.00478	0.00956	0.69632	0.00956
4	0.02385	0.02918	0.13687	0.10642	0.36837	0.02434	0.09847	0.03135	0.02292	0.03258	0.01924	0.02524	0.01536	0.00929	0.01035	0.00317	0.01351	0.00926	0.00492	0.01530
5	0.01433	0.01048	0.01345	0.01271	0.01521	0.00960	0.00953	0.01899	0.02859	0.04006	0.53201	0.07845	0.13542	0.02139	0.01211	0.00325	0.00487	0.01881	0.01115	0.00960
6	0.01620	0.01170	0.01607	0.01825	0.02070	0.01157	0.01587	0.02076	0.02361	0.03048	0.05813	0.11446	0.09818	0.02817	0.01402	0.00463	0.00912	0.46924	0.00946	0.00939
7	0.02744	0.64552	0.05378	0.01756	0.02634	0.04061	0.01756	0.03073	0.02085	0.02414	0.01427	0.01646	0.01317	0.00878	0.00658	0.00219	0.01097	0.00549	0.00439	0.01317
8	0.02517	0.02094	0.03443	0.04914	0.40247	0.02073	0.02669	0.03077	0.02394	0.08017	0.02907	0.04670	0.02674	0.01380	0.01108	0.00344	0.01127	0.12190	0.00673	0.01482
9	0.02245	0.02245	0.03143	0.02694	0.02694	0.03143	0.02245	0.02470	0.01572	0.02470	0.01347	0.02245	0.01347	0.01796	0.03368	0.00449	0.62057	0.00898	0.00449	0.01123
10	0.01325	0.00912	0.01186	0.01376	0.01467	0.00856	0.00934	0.01555	0.02062	0.02852	0.09876	0.53360	0.06678	0.02945	0.01250	0.00393	0.00576	0.02657	0.06884	0.00856
11	0.12913	0.06261	0.07140	0.02119	0.02975	0.02215	0.05556	0.12991	0.02960	0.30239	0.02942	0.02798	0.01966	0.01144	0.00963	0.00312	0.01034	0.00911	0.00971	0.01590
12	0.02119	0.01222	0.01621	0.07073	0.02262	0.01141	0.01225	0.02417	0.02296	0.16129	0.06019	0.30578	0.17056	0.02394	0.01193	0.00369	0.00718	0.02096	0.00983	0.01091
13	0.01264	0.00919	0.01193	0.01384	0.01483	0.00848	0.00939	0.01476	0.02078	0.02762	0.10483	0.53881	0.11372	0.03066	0.01293	0.00403	0.00579	0.02761	0.00968	0.00848
14	0.04141	0.01787	0.02278	0.01777	0.02498	0.01655	0.01458	0.11159	0.03080	0.43886	0.03742	0.03402	0.02447	0.01255	0.00988	0.00305	0.00853	0.01007	0.10644	0.01638
15	0.12859	0.02183	0.03435	0.18662	0.27479	0.02289	0.06294	0.02955	0.02162	0.03357	0.01828	0.02433	0.01468	0.00930	0.00950	0.00305	0.01185	0.00852	0.00525	0.07850
16	0.02668	0.02419	0.03838	0.13585	0.41734	0.02533	0.02918	0.11107	0.02688	0.03739	0.01999	0.02556	0.01607	0.00980	0.01019	0.00311	0.01226	0.00916	0.00582	0.01575
17	0.02245	0.02245	0.03143	0.02694	0.02694	0.03143	0.02245	0.02470	0.01572	0.02470	0.01347	0.02245	0.01347	0.01796	0.03368	0.00449	0.62057	0.00898	0.00449	0.01123
18	0.01762	0.01170	0.01511	0.01624	0.01860	0.01139	0.01244	0.02281	0.06807	0.07691	0.05630	0.35106	0.09066	0.02745	0.01287	0.00413	0.00731	0.15933	0.00986	0.01014
19	0.02058	0.05308	0.58618	0.02925	0.04442	0.02383	0.03792	0.03250	0.02167	0.03250	0.01842	0.02167	0.01300	0.00975	0.00975	0.00325	0.01517	0.00758	0.00433	0.01517
20	0.02553	0.02204	0.02320	0.02088	0.02669	0.02553	0.01624	0.05453	0.55679	0.04293	0.04177	0.03829	0.03133	0.01392	0.01044	0.00348	0.00812	0.01160	0.01044	0.01624
21	0.02318	0.02172	0.03653	0.05460	0.47882	0.02162	0.02771	0.02853	0.02273	0.03226	0.02572	0.12997	0.02514	0.01311	0.01067	0.00324	0.01112	0.01259	0.00585	0.01489
22	0.01485	0.01004	0.01163	0.01149	0.01191	0.00990	0.00681	0.01569	0.01736	0.02356	0.12491	0.06879	0.04756	0.53286	0.04532	0.00879	0.00907	0.01555	0.00709	0.00681
23	0.01743	0.01070	0.01309	0.01224	0.01508	0.00991	0.00927	0.02203	0.02681	0.07336	0.37120	0.06643	0.11150	0.01866	0.01080	0.00304	0.00510	0.01610	0.17718	0.01006
24	0.02251	0.02143	0.03643	0.32790	0.33301	0.02362	0.03006	0.02896	0.02200	0.03002	0.01879	0.02634	0.01502	0.00968	0.01021	0.00323	0.01291	0.00913	0.00483	0.01392
25	0.01274	0.01033	0.01131	0.01126	0.01429	0.00890	0.00837	0.01585	0.02456	0.03095	0.21621	0.12598	0.42314	0.02513	0.01218	0.00345	0.00516	0.02135	0.00997	0.00890
26	0.03308	0.17052	0.03452	0.02384	0.02894	0.29302	0.01948	0.03590	0.02428	0.07715	0.01728	0.02049	0.01441	0.01205	0.01430	0.00301	0.15230	0.00725	0.00561	0.01255
27	0.04604	0.01746	0.02382	0.01826	0.02620	0.01508	0.01508	0.05001	0.02937	0.58244	0.04049	0.03493	0.02540	0.01270	0.01032	0.00318	0.00873	0.01032	0.01270	0.01746
28	0.02058	0.05308	0.58618	0.02925	0.04442	0.02383	0.03792	0.03250	0.02167	0.03250	0.01842	0.02167	0.01300	0.00975	0.00975	0.00325	0.01517	0.00758	0.00433	0.01517
29	0.02540	0.02438	0.04165	0.06299	0.57533	0.02438	0.03149	0.03149	0.02337	0.03353	0.01930	0.02540	0.01626	0.00914	0.01016	0.00305	0.01219	0.00914	0.00508	0.01626
30	0.04118	0.02527	0.02864	0.02196	0.03009	0.02666	0.01814	0.38969	0.04243	0.22432	0.02952	0.02781	0.01990	0.01244	0.01028	0.00311	0.01050	0.00957	0.01102	0.01746
31	0.02149	0.01890	0.02403	0.01716	0.02637	0.01454	0.04898	0.02633	0.02149	0.03340	0.01842	0.02173	0.01523	0.00767	0.00792	0.00166	0.00828	0.00650	0.00602	0.65390
32	0.01490	0.01003	0.01160	0.01160	0.01174	0.01017	0.00672	0.01518	0.01504	0.02020	0.03196	0.06511	0.03642	0.59639	0.09397	0.01045	0.01129	0.01462	0.00616	0.00644
33	0.01250	0.00893	0.01191	0.01429	0.01488	0.00834	0.00953	0.01429	0.01965	0.02620	0.05656	0.63265	0.06787	0.03215	0.01310	0.00417	0.00595	0.02917	0.00953	0.00834
34	0.02472	0.02120	0.02251	0.02030	0.02585	0.02436	0.01576	0.05195	0.51811	0.04280	0.08048	0.04110	0.03613	0.01444	0.01056	0.00346	0.00788	0.01211	0.01050	0.01576
35	0.02361	0.31480	0.35098	0.02408	0.03643	0.03124	0.02892	0.03172	0.02131	0.02881	0.01658	0.01937	0.01307	0.00932	0.00835	0.00278	0.01331	0.00666	0.00436	0.01428
36	0.02170	0.02061	0.03497	0.40195	0.26528	0.02341	0.02965	0.02825	0.02162	0.02904	0.01865	0.02660	0.01467	0.00983	0.01022	0.00328	0.01311	0.00913	0.00476	0.01327
37	0.01250	0.00893	0.01191	0.01429	0.01488	0.00834	0.00953	0.01429	0.01965	0.02620	0.05656	0.63265	0.06787	0.03215	0.01310	0.00417	0.00595	0.02917	0.00953	0.00834
38	0.02491	0.02388	0.04077	0.10787	0.53428	0.02425	0.03125	0.03107	0.02314	0.03293	0.01922	0.02556	0.01605	0.00923	0.01017	0.00308	0.01231	0.00914	0.00504	0.01586
39	0.01268	0.01042	0.01116	0.01098	0.01420	0.00890	0.00823	0.01580	0.02470	0.03083	0.21161	0.09365	0.46158	0.02483	0.01212	0.00341	0.00512	0.02094	0.00994	0.00890
40	0.01783	0.00891	0.01337	0.01337	0.01337	0.00891	0.00891	0.01337	0.01337	0.01783	0.01783	0.03119	0.01783	0.03565	0.04011	0.70143	0.00891	0.00891	0.00446	0.00446
41	0.01654	0.01181	0.01654	0.01890	0.02126	0.01181	0.01654	0.02126	0.02362	0.03071	0.05433	0.11576	0.05906	0.02835	0.01417	0.00472	0.00945	0.50626	0.00945	0.00945
42	0.01250	0.00893	0.01191	0.01429	0.01488	0.00834	0.00953	0.01429	0.01965	0.02620	0.05656	0.63265	0.06787	0.03215	0.01310	0.00417	0.00595	0.02917	0.00953	0.00834
43	0.02128	0.01824	0.02128	0.01520	0.02432	0.01368	0.01216	0.02584	0.02128	0.03344	0.01824	0.02128	0.01520	0.00760	0.00760	0.00152	0.00760	0.00608	0.00608	0.70208
44	0.02553	0.02204	0.02320	0.02088	0.02669	0.02553	0.01624	0.05453	0.55679	0.04293	0.04177	0.03829	0.03133	0.01392	0.01044	0.00348	0.00812	0.01160	0.01044	0.01624
45	0.01265	0.00904	0.01204	0.01419	0.01492	0.00843	0.00954	0.01465	0.02032	0.02727	0.09345	0.59270	0.06995	0.03135	0.01303	0.00410	0.00587	0.02841	0.00965	0.00843
46	0.04373	0.01678	0.02259	0.01751	0.02497	0.01461	0.01440	0.04777	0.02870	0.53560	0.03988	0.03522	0.02548	0.01264	0.01005	0.00311	0.00839	0.01025	0.07154	0.01678
47	0.01381	0.00941	0.01168	0.01297	0.01440	0.00876	0.00902	0.01661	0.02173	0.03051	0.13605	0.40452	0.11309	0.02671	0.01193	0.00368	0.00553	0.02378	0.11704	0.00876
48	0.01267	0.01042	0.01114	0.01096	0.01419	0.00889	0.00822	0.01577	0.02466	0.03074	0.20858	0.09380	0.46467	0.02486	0.01212	0.00341	0.00512	0.02096	0.00993	0.00889
49	0.02486	0.02308	0.03840	0.25837	0.25741	0.02497	0.08727	0.09734	0.02572	0.03490	0.01979	0.02628	0.01539	0.00992	0.01044	0.00324	0.01321	0.00949	0.00559	0.01435
50	0.03157	0.03559	0.03300	0.07494	0.10736	0.30403	0.06390	0.08241	0.02738	0.03055	0.01825	0.02299	0.01501	0.01491	0.04713	0.00383	0.06034	0.00826	0.00562	0.01291
51	0.08636	0.04462	0.43559	0.02633	0.03905	0.02405	0.03167	0.03607	0.11343	0.03557	0.02205	0.02406	0.01598	0.01045	0.00955	0.00328	0.01327	0.00808	0.00557	0.01497
52	0.02540	0.02438	0.04165	0.06299	0.57533	0.02438	0.03149	0.03149	0.02337	0.03353	0.01930	0.02540	0.01626	0.00914	0.01016	0.00305	0.01219	0.00914	0.00508	0.01626
53	0.02256	0.01647	0.01904	0.01709	0.02159	0.01749	0.01321	0.03846	0.27241	0.09281	0.27668	0.05505	0.05992	0.01695	0.01117	0.00334	0.00672	0.01458	0.01103	0.01344
54	0.01748	0.01593	0.05246	0.01646	0.02028	0.01445	0.01348	0.02833	0.15743	0.03844	0.30586	0.13975	0.06924	0.02044	0.01180	0.00350	0.00673	0.04620	0.01030	0.01146
55	0.02744	0.64552	0.05378	0.01756	0.02634	0.04061	0.01756	0.03073	0.02085	0.02414	0.01427	0.01646	0.01317	0.00878	0.00658	0.00219	0.01097	0.00549	0.00439	0.01317
56	0.01466	0.01100	0.01649	0.01649	0.01833	0.01283	0.01283	0.01833	0.01649	0.02382	0.02749	0.04032	0.02566	0.07697	0.59868	0.01649	0.02749	0.01100	0.00550	0.00916
57	0.01392	0.01047	0.01288	0.01227	0.01496	0.00942	0.00920	0.01819	0.02761	0.03775	0.45177	0.08226	0.21710	0.02225	0.01211	0.00329	0.00493	0.01934	0.01085	0.00942
58	0.01643	0.01091	0.01433	0.01323	0.01599	0.01001	0.01001	0.02122	0.02907	0.07385	0.53794	0.07414	0.09251	0.02048	0.01200	0.00322	0.00508	0.01806	0.01138	0.01015
59	0.71184	0.01985	0.01508	0.01350	0.01985	0.02302	0.01111	0.03017	0.01746	0.04604	0.01429	0.01667	0.01111	0.00953	0.00635	0.00318	0.00794	0.00556	0.00635	0.01111
60	0.01426	0.00967	0.01139	0.01204	0.01220	0.00951	0.00712	0.01475	0.01621	0.02162	0.03895	0.22162	0.04566	0.47349	0.04154	0.00837	0.00886	0.01882	0.00712	0.00680
61	0.07862	0.54363	0.04862	0.01810	0.02637	0.09168	0.01730	0.03165	0.02138	0.02584	0.01442	0.01667	0.01302	0.00900	0.00682	0.00231	0.01146	0.00560	0.00462	0.01290
62	0.02617	0.31417	0.18502	0.02652	0.03720	0.03140	0.14453	0.03290	0.02239	0.06382	0.01849	0.02156	0.01447	0.00924	0.00890	0.00281	0.01335	0.00787	0.00509	0.01409
63	0.01298	0.00930	0.01233	0.01396	0.01499	0.00865	0.00956	0.01549	0.02187	0.02973	0.17767	0.50148	0.07470	0.02952	0.01286	0.00395	0.00569	0.02667	0.00994	0.00865
64	0.71184	0.01985	0.01508	0.01350	0.01985	0.02302	0.01111	0.03017	0.01746	0.04604	0.01429	0.01667	0.01111	0.00953	0.00635	0.00318	0.00794	0.00556	0.00635	0.01111
65	0.71184	0.01985	0.01508	0.01350	0.01985	0.02302	0.01111	0.03017	0.01746	0.04604	0.01429	0.01667	0.01111	0.00953	0.00635	0.00318	0.00794	0.00556	0.00635	0.01111

[dist]
# distance from previous block
# <min> <max>
0	1

[block]
# block no. 3 follows, 14 sequences, length 31
# corresponding to MSA columns:
# 171-201
name=unknown_D
#
# <colnr> <probs for GDERKNQSTAVLIFYWHMCP>
#	G	D	E	R	K	N	Q	S	T	A	V	L	I	F	Y	W	H	M	C	P
0	0.02645	0.56068	0.13002	0.01923	0.02893	0.03820	0.02047	0.03098	0.02097	0.02534	0.01486	0.01721	0.01315	0.00892	0.00704	0.00235	0.01157	0.00579	0.00438	0.01346
1	0.02744	0.64552	0.05378	0.01756	0.02634	0.04061	0.01756	0.03073	0.02085	0.02414	0.01427	0.01646	0.01317	0.00878	0.00658	0.00219	0.01097	0.00549	0.00439	0.01317
2	0.01492	0.00995	0.01119	0.01119	0.01119	0.00995	0.00622	0.01492	0.01492	0.01990	0.03233	0.06716	0.03731	0.63935	0.05223	0.00995	0.00995	0.01492	0.00622	0.00622
3	0.02638	0.06154	0.18896	0.02141	0.03175	0.02186	0.02161	0.11055	0.07213	0.08133	0.02283	0.02419	0.01699	0.00994	0.00904	0.00259	0.01066	0.00777	0.00702	0.25143
4	0.02749	0.02302	0.02431	0.02128	0.02743	0.02644	0.01672	0.12552	0.48260	0.04610	0.03927	0.03630	0.02930	0.01369	0.01042	0.00342	0.00858	0.01126	0.01042	0.01642
5	0.02679	0.13263	0.35143	0.02595	0.03822	0.02854	0.02974	0.17609	0.02907	0.04038	0.01957	0.02175	0.01428	0.01033	0.00943	0.00305	0.01346	0.00775	0.00602	0.01552
6	0.02214	0.01493	0.02041	0.01842	0.02113	0.01650	0.01503	0.02616	0.02476	0.12528	0.25063	0.06264	0.05714	0.02011	0.01767	0.00380	0.16339	0.09907	0.00947	0.01133
7	0.01250	0.00893	0.01191	0.01429	0.01488	0.00834	0.00953	0.01429	0.01965	0.02620	0.05656	0.63265	0.06787	0.03215	0.01310	0.00417	0.00595	0.02917	0.00953	0.00834
8	0.03353	0.02566	0.15180	0.17290	0.04164	0.01902	0.02363	0.04001	0.02538	0.31710	0.02986	0.03002	0.01963	0.01142	0.01018	0.00325	0.01144	0.00940	0.00875	0.01540
9	0.02734	0.02595	0.17857	0.02071	0.02850	0.01734	0.02024	0.03664	0.10167	0.20741	0.03858	0.18421	0.03362	0.01701	0.01089	0.00349	0.00974	0.01455	0.00921	0.01431
10	0.01922	0.01675	0.02595	0.37494	0.04971	0.02070	0.02247	0.02487	0.02096	0.02941	0.08462	0.03395	0.02518	0.01288	0.01347	0.00341	0.09995	0.01027	0.10036	0.01092
11	0.01250	0.00893	0.01191	0.01429	0.01488	0.00834	0.00953	0.01429	0.01965	0.02620	0.05656	0.63265	0.06787	0.03215	0.01310	0.00417	0.00595	0.02917	0.00953	0.00834
12	0.04502	0.01911	0.02483	0.01904	0.02702	0.01753	0.01573	0.12166	0.03213	0.50690	0.03817	0.03343	0.02424	0.01265	0.01031	0.00316	0.00911	0.01016	0.01235	0.01746
13	0.03952	0.02560	0.02942	0.02921	0.13507	0.10523	0.01984	0.14105	0.03185	0.29304	0.02967	0.02867	0.02029	0.01162	0.01012	0.00305	0.01133	0.00934	0.00966	0.01641
14	0.03170	0.02280	0.03496	0.03470	0.17062	0.02330	0.09665	0.13384	0.02955	0.17038	0.06831	0.03162	0.02465	0.01224	0.01270	0.00328	0.06426	0.01060	0.00836	0.01547
15	0.46674	0.13831	0.08045	0.01681	0.02440	0.07091	0.01564	0.03134	0.01940	0.03911	0.01482	0.01728	0.01184	0.00950	0.00696	0.00296	0.01003	0.00583	0.00571	0.01195
16	0.02467	0.01299	0.01722	0.01635	0.02049	0.01184	0.01338	0.02860	0.02571	0.20613	0.11811	0.12798	0.12831	0.02250	0.01232	0.00382	0.00775	0.17931	0.01072	0.01181
17	0.01240	0.01013	0.01097	0.01134	0.01418	0.00869	0.00828	0.01504	0.02317	0.02859	0.13511	0.19712	0.43588	0.02672	0.01231	0.00358	0.00531	0.02280	0.00968	0.00869
18	0.02812	0.20944	0.06194	0.02395	0.07390	0.14557	0.01861	0.07892	0.09772	0.03110	0.02250	0.02888	0.01976	0.10055	0.01499	0.00378	0.01232	0.00866	0.00624	0.01308
19	0.01604	0.02391	0.19671	0.02004	0.02583	0.01529	0.02005	0.02190	0.01887	0.02713	0.03134	0.17171	0.03142	0.04519	0.27551	0.00942	0.01857	0.01412	0.00606	0.01088
20	0.02415	0.35338	0.26446	0.02204	0.03341	0.03154	0.02525	0.03101	0.02122	0.02830	0.01628	0.01897	0.01328	0.00907	0.00794	0.00256	0.01236	0.00638	0.00451	0.07388
21	0.20145	0.06946	0.02020	0.01530	0.01998	0.01732	0.01228	0.02881	0.02057	0.15790	0.07183	0.03240	0.02554	0.02612	0.10078	0.14105	0.01115	0.00923	0.00758	0.01104
22	0.20056	0.01985	0.02113	0.01796	0.02336	0.02151	0.01427	0.16937	0.02704	0.04303	0.02740	0.16126	0.02671	0.01596	0.01159	0.00325	0.06232	0.01238	0.00798	0.11308
23	0.03388	0.17949	0.03275	0.01931	0.02656	0.02511	0.01670	0.08084	0.02580	0.23939	0.02550	0.02565	0.01848	0.01166	0.01220	0.00286	0.09378	0.00820	0.00829	0.11355
24	0.16270	0.02792	0.05672	0.10670	0.03249	0.18288	0.01832	0.03368	0.02407	0.11088	0.06822	0.02888	0.02288	0.01725	0.06052	0.00423	0.01375	0.00877	0.00693	0.01224
25	0.31775	0.14204	0.02816	0.10660	0.07808	0.02521	0.01685	0.02920	0.01964	0.03596	0.01587	0.01962	0.01293	0.00918	0.00748	0.00277	0.00970	0.00645	0.00556	0.11097
26	0.08406	0.02002	0.02855	0.03088	0.17517	0.02009	0.05222	0.05967	0.02419	0.08425	0.06053	0.03422	0.06468	0.01236	0.01174	0.00301	0.06262	0.01023	0.04743	0.11408
27	0.03224	0.17936	0.03696	0.07308	0.03376	0.02362	0.09135	0.03704	0.02451	0.23282	0.02579	0.02653	0.01837	0.01016	0.00922	0.00275	0.01080	0.00862	0.00783	0.11520
28	0.10022	0.01993	0.06639	0.01829	0.02622	0.01605	0.01611	0.04451	0.02769	0.45005	0.07754	0.03552	0.02871	0.01283	0.01006	0.00319	0.00887	0.01033	0.01138	0.01612
29	0.13571	0.07240	0.02807	0.02064	0.02766	0.12220	0.06002	0.03984	0.02645	0.26701	0.07518	0.03097	0.02565	0.01194	0.00957	0.00303	0.01092	0.00947	0.00904	0.01422
30	0.03593	0.01944	0.02956	0.02183	0.03049	0.01662	0.10534	0.04086	0.02641	0.34674	0.03138	0.03019	0.02109	0.01069	0.00994	0.00280	0.00993	0.00955	0.00971	0.19152

[dist]
# distance from previous block
# <min> <max>
10	26

[block]
# block no. 4 follows, 14 sequences, length 13
# corresponding to MSA columns:
# 228-240
name=unknown_E
#
# <colnr> <probs for GDERKNQSTAVLIFYWHMCP>
#	G	D	E	R	K	N	Q	S	T	A	V	L	I	F	Y	W	H	M	C	P
0	0.01600	0.01294	0.01999	0.06146	0.02439	0.01314	0.05812	0.01988	0.02009	0.02763	0.07104	0.18829	0.04277	0.08542	0.17677	0.00774	0.01421	0.07892	0.00731	0.05390
1	0.02426	0.02227	0.07235	0.15964	0.15193	0.02118	0.10010	0.03054	0.02390	0.10252	0.11081	0.03521	0.02941	0.01237	0.01249	0.00335	0.05617	0.01114	0.00687	0.01350
2	0.07790	0.01646	0.02517	0.21899	0.16354	0.01799	0.02088	0.02350	0.02061	0.02962	0.03192	0.24348	0.03353	0.01780	0.01092	0.00358	0.01006	0.01602	0.00662	0.01140
3	0.20159	0.02733	0.02337	0.02031	0.02661	0.13787	0.01601	0.10803	0.21644	0.08091	0.02755	0.02703	0.02054	0.01188	0.00916	0.00317	0.01057	0.00872	0.00855	0.01435
4	0.08347	0.13419	0.21845	0.02374	0.03422	0.02987	0.02468	0.25055	0.03263	0.04605	0.02011	0.02173	0.01479	0.01068	0.00920	0.00300	0.01227	0.00780	0.00705	0.01552
5	0.03293	0.19764	0.12701	0.02291	0.03240	0.03288	0.02197	0.32213	0.03661	0.04862	0.02086	0.02197	0.01558	0.01096	0.00920	0.00287	0.01184	0.00797	0.00773	0.01594
6	0.02744	0.64552	0.05378	0.01756	0.02634	0.04061	0.01756	0.03073	0.02085	0.02414	0.01427	0.01646	0.01317	0.00878	0.00658	0.00219	0.01097	0.00549	0.00439	0.01317
7	0.02058	0.05308	0.58618	0.02925	0.04442	0.02383	0.03792	0.03250	0.02167	0.03250	0.01842	0.02167	0.01300	0.00975	0.00975	0.00325	0.01517	0.00758	0.00433	0.01517
8	0.02713	0.54441	0.04882	0.01810	0.02640	0.03816	0.01735	0.03459	0.10777	0.02719	0.01873	0.02000	0.01611	0.00961	0.00721	0.00240	0.01051	0.00648	0.00537	0.01367
9	0.03901	0.02874	0.03080	0.02361	0.03182	0.03182	0.01951	0.54111	0.04825	0.06468	0.02464	0.02464	0.01745	0.01232	0.01027	0.00308	0.01129	0.00924	0.01027	0.01745
10	0.02744	0.64552	0.05378	0.01756	0.02634	0.04061	0.01756	0.03073	0.02085	0.02414	0.01427	0.01646	0.01317	0.00878	0.00658	0.00219	0.01097	0.00549	0.00439	0.01317
11	0.01492	0.00995	0.01119	0.01119	0.01119	0.00995	0.00622	0.01492	0.01492	0.01990	0.03233	0.06716	0.03731	0.63935	0.05223	0.00995	0.00995	0.01492	0.00622	0.00622
12	0.02931	0.54549	0.05005	0.01854	0.02723	0.03918	0.01787	0.11350	0.02530	0.03072	0.01595	0.01779	0.01386	0.00935	0.00718	0.00234	0.01103	0.00610	0.00534	0.01386

[dist]
# distance from previous block
# <min> <max>
0	1

# created by:
# /st0/software/busco_prod/Augustus/scripts/msa2prfl.pl ./align_prep/7686.fa
