[name]
unknown

[dist]
# distance from previous block
# <min> <max>
17	63

[block]
# block no. 0 follows, 12 sequences, length 41
# corresponding to MSA columns:
# 76-116
name=unknown_A
#
# <colnr> <probs for GDERKNQSTAVLIFYWHMCP>
#	G	D	E	R	K	N	Q	S	T	A	V	L	I	F	Y	W	H	M	C	P
0	0.19508	0.07129	0.07078	0.08316	0.08619	0.02491	0.05243	0.07812	0.02598	0.13029	0.02301	0.02539	0.01680	0.01075	0.00945	0.00319	0.01140	0.00853	0.00754	0.06570
1	0.07695	0.07902	0.02525	0.06185	0.02833	0.02019	0.01542	0.03506	0.10828	0.11403	0.03406	0.13764	0.03050	0.01542	0.01012	0.00312	0.00891	0.01288	0.00871	0.17426
2	0.13608	0.02832	0.12165	0.02367	0.03310	0.02318	0.05767	0.09203	0.10077	0.22621	0.03160	0.03053	0.02164	0.01225	0.01038	0.00345	0.01122	0.00991	0.00970	0.01663
3	0.14621	0.03398	0.11809	0.08438	0.07630	0.13413	0.05530	0.04001	0.09792	0.07679	0.02388	0.02638	0.01785	0.01131	0.01003	0.00336	0.01363	0.00892	0.00695	0.01462
4	0.02288	0.02171	0.03683	0.40340	0.24443	0.02483	0.03142	0.02986	0.02288	0.03063	0.01978	0.02832	0.01551	0.01048	0.01086	0.00349	0.01397	0.00970	0.00504	0.01396
5	0.02867	0.02731	0.12214	0.02670	0.07850	0.02015	0.05814	0.08142	0.02823	0.12692	0.07708	0.03230	0.02666	0.01154	0.01033	0.00288	0.01099	0.00994	0.00815	0.21196
6	0.02903	0.01692	0.02179	0.01834	0.02285	0.01731	0.01428	0.07371	0.02548	0.18563	0.06987	0.04478	0.03233	0.14616	0.11680	0.00719	0.07164	0.01212	0.00908	0.06471
7	0.01845	0.01274	0.01477	0.01368	0.01761	0.01161	0.01045	0.02431	0.06507	0.08807	0.25847	0.08479	0.29240	0.02330	0.01255	0.00356	0.00599	0.01981	0.01122	0.01113
8	0.02482	0.02649	0.02244	0.02141	0.02470	0.21930	0.01636	0.02832	0.02244	0.02582	0.02466	0.03432	0.02240	0.05584	0.36633	0.01211	0.02570	0.00997	0.00576	0.01080
9	0.03957	0.10926	0.03353	0.02714	0.03313	0.51991	0.02083	0.04245	0.03002	0.02658	0.01668	0.01945	0.01404	0.01104	0.00955	0.00276	0.01886	0.00690	0.00552	0.01278
10	0.02873	0.02086	0.07784	0.02781	0.12921	0.01667	0.01966	0.03460	0.02899	0.19967	0.23233	0.05109	0.05351	0.01588	0.01161	0.00338	0.00907	0.01386	0.01041	0.01481
11	0.02566	0.26431	0.26515	0.02904	0.08769	0.03230	0.02912	0.03607	0.07382	0.03240	0.02049	0.02310	0.01618	0.01035	0.00921	0.00303	0.01336	0.00781	0.00536	0.01554
12	0.39795	0.01939	0.01945	0.01622	0.02330	0.02020	0.01330	0.03923	0.02429	0.24173	0.06494	0.02983	0.02435	0.01231	0.00881	0.00338	0.00851	0.00886	0.00971	0.01426
13	0.01399	0.01025	0.01330	0.01548	0.01687	0.00956	0.01119	0.01656	0.02218	0.02891	0.06669	0.45309	0.13619	0.03253	0.01398	0.00443	0.00687	0.10873	0.01011	0.00911
14	0.02387	0.02698	0.08733	0.09097	0.12335	0.03042	0.02775	0.02845	0.01921	0.02881	0.01639	0.02482	0.01479	0.01582	0.02656	0.00427	0.38265	0.00944	0.00487	0.01327
15	0.03052	0.12416	0.29603	0.02769	0.04028	0.02560	0.07794	0.03927	0.02536	0.17262	0.02545	0.02664	0.01763	0.01093	0.01030	0.00330	0.01388	0.00900	0.00708	0.01632
16	0.03182	0.02712	0.03914	0.09122	0.32357	0.02869	0.02854	0.20913	0.03432	0.04720	0.02251	0.02685	0.01753	0.01105	0.01084	0.00328	0.01272	0.00975	0.00738	0.01735
17	0.01328	0.00949	0.01265	0.01518	0.01581	0.00886	0.01012	0.01518	0.02088	0.02783	0.06010	0.60969	0.07212	0.03416	0.01392	0.00443	0.00633	0.03100	0.01012	0.00886
18	0.02259	0.11249	0.51053	0.02985	0.04529	0.02709	0.03815	0.03434	0.02293	0.03365	0.01913	0.02247	0.01383	0.01026	0.01003	0.00334	0.01567	0.00784	0.00461	0.01590
19	0.02915	0.62337	0.05714	0.01866	0.02799	0.04314	0.01866	0.03265	0.02215	0.02565	0.01516	0.01749	0.01399	0.00933	0.00700	0.00233	0.01166	0.00583	0.00466	0.01399
20	0.01423	0.01070	0.01156	0.01179	0.01357	0.00978	0.00771	0.01570	0.02052	0.02564	0.07236	0.13489	0.27944	0.28853	0.03181	0.00679	0.00782	0.02056	0.00857	0.00803
21	0.27093	0.02270	0.03224	0.02825	0.08261	0.02373	0.14763	0.07442	0.02477	0.04413	0.02215	0.02659	0.01708	0.01055	0.00932	0.00328	0.01128	0.00926	0.12562	0.01343
22	0.01894	0.00947	0.01420	0.01420	0.01420	0.00947	0.00947	0.01420	0.01420	0.01894	0.01894	0.03314	0.01894	0.03788	0.04261	0.68277	0.00947	0.00947	0.00473	0.00473
23	0.02809	0.06926	0.02730	0.02107	0.02781	0.02679	0.01690	0.12395	0.32315	0.04687	0.08723	0.03922	0.03505	0.01433	0.01069	0.00334	0.00902	0.01171	0.01030	0.06792
24	0.03095	0.03502	0.15232	0.03062	0.08565	0.08294	0.02612	0.12367	0.10441	0.08038	0.02520	0.02751	0.01903	0.01324	0.01488	0.00359	0.11137	0.00954	0.00759	0.01597
25	0.07615	0.03807	0.24783	0.04539	0.23119	0.02584	0.11199	0.03401	0.02378	0.03610	0.01998	0.02511	0.01537	0.00991	0.01065	0.00340	0.01473	0.00928	0.00521	0.01598
26	0.10084	0.01915	0.06053	0.01808	0.02491	0.01564	0.01558	0.03895	0.02845	0.30372	0.15911	0.08881	0.04608	0.01662	0.01118	0.00347	0.00849	0.01387	0.01154	0.01498
27	0.03664	0.07257	0.07354	0.07615	0.17246	0.07810	0.02424	0.04211	0.02748	0.24591	0.02877	0.02952	0.02021	0.01152	0.01046	0.00323	0.01238	0.00954	0.00857	0.01661
28	0.01894	0.00947	0.01420	0.01420	0.01420	0.00947	0.00947	0.01420	0.01420	0.01894	0.01894	0.03314	0.01894	0.03788	0.04261	0.68277	0.00947	0.00947	0.00473	0.00473
29	0.02275	0.20466	0.16318	0.01960	0.02812	0.02555	0.02023	0.06947	0.02504	0.03224	0.04461	0.04840	0.15853	0.07596	0.01463	0.00388	0.01105	0.01233	0.00686	0.01290
30	0.02455	0.26485	0.37532	0.02651	0.04013	0.03187	0.03233	0.03384	0.02270	0.03127	0.01795	0.02099	0.01388	0.00998	0.00912	0.00304	0.01448	0.00724	0.00463	0.01533
31	0.02703	0.02413	0.02849	0.02478	0.02887	0.02994	0.01995	0.08135	0.30384	0.04027	0.03192	0.03338	0.02517	0.01624	0.02016	0.00406	0.22515	0.01111	0.00876	0.01540
32	0.01573	0.01205	0.01823	0.01921	0.02128	0.01156	0.04976	0.01928	0.02274	0.03007	0.05644	0.39356	0.06467	0.03087	0.01425	0.00458	0.00854	0.18774	0.00975	0.00971
33	0.02929	0.01526	0.01987	0.01731	0.02242	0.01432	0.01385	0.03661	0.07973	0.23388	0.25864	0.06505	0.06368	0.01906	0.01220	0.00359	0.00752	0.06141	0.01227	0.01404
34	0.01368	0.01071	0.01239	0.01274	0.01541	0.00942	0.00926	0.01690	0.02559	0.03301	0.21795	0.21500	0.31377	0.02766	0.01312	0.00378	0.00560	0.02395	0.01064	0.00942
35	0.02810	0.02170	0.02370	0.02106	0.02709	0.02433	0.01643	0.05370	0.42967	0.09595	0.09445	0.04443	0.03967	0.01542	0.01126	0.00364	0.00834	0.01294	0.01142	0.01668
36	0.37780	0.02671	0.02265	0.01937	0.02637	0.08201	0.01561	0.14741	0.10447	0.05074	0.02229	0.02332	0.01682	0.01162	0.00867	0.00334	0.01041	0.00789	0.00825	0.01426
37	0.02851	0.08240	0.24450	0.02955	0.08800	0.02580	0.02806	0.04339	0.15950	0.11719	0.02955	0.02987	0.02140	0.01188	0.01043	0.00340	0.01240	0.00964	0.00779	0.01675
38	0.03735	0.13682	0.03723	0.02856	0.08323	0.17335	0.05704	0.04402	0.07266	0.18351	0.02735	0.02767	0.02001	0.01156	0.01010	0.00308	0.01349	0.00914	0.00819	0.01562
39	0.02788	0.08140	0.02848	0.07626	0.03225	0.02213	0.01688	0.07310	0.11063	0.08958	0.02602	0.02749	0.01991	0.01054	0.00926	0.00254	0.00960	0.00841	0.00794	0.31972
40	0.03042	0.03104	0.16866	0.02382	0.03298	0.02383	0.02304	0.08825	0.21844	0.14526	0.03685	0.07097	0.02802	0.01445	0.01104	0.00358	0.01092	0.01190	0.00975	0.01678

[dist]
# distance from previous block
# <min> <max>
0	1

[block]
# block no. 1 follows, 12 sequences, length 125
# corresponding to MSA columns:
# 118-242
name=unknown_B
#
# <colnr> <probs for GDERKNQSTAVLIFYWHMCP>
#	G	D	E	R	K	N	Q	S	T	A	V	L	I	F	Y	W	H	M	C	P
0	0.03104	0.02164	0.03276	0.11225	0.08349	0.02237	0.09380	0.04338	0.15908	0.17824	0.03410	0.03742	0.02535	0.05821	0.01464	0.00408	0.01168	0.01169	0.00915	0.01566
1	0.01444	0.01070	0.01347	0.01364	0.01590	0.00973	0.00990	0.01833	0.02725	0.03716	0.34382	0.22209	0.17078	0.02627	0.01314	0.00373	0.00551	0.02320	0.01119	0.00973
2	0.07771	0.06785	0.16070	0.02291	0.03261	0.02067	0.05965	0.03760	0.02659	0.20206	0.10406	0.03587	0.03143	0.01278	0.01048	0.00323	0.01109	0.01067	0.00888	0.06315
3	0.03577	0.23579	0.03891	0.02450	0.03138	0.35276	0.01995	0.04124	0.07140	0.02800	0.01870	0.02078	0.01570	0.01092	0.00902	0.00273	0.01609	0.00710	0.00578	0.01348
4	0.01617	0.01210	0.01512	0.01420	0.01713	0.01154	0.01070	0.02317	0.06964	0.04287	0.47331	0.07990	0.12853	0.02208	0.01272	0.00347	0.00544	0.01937	0.01180	0.01076
5	0.02912	0.26576	0.24602	0.02575	0.03681	0.16388	0.02763	0.03600	0.02460	0.02935	0.01728	0.02016	0.01394	0.01019	0.00898	0.00288	0.01532	0.00698	0.00487	0.01449
6	0.02915	0.62337	0.05714	0.01866	0.02799	0.04314	0.01866	0.03265	0.02215	0.02565	0.01516	0.01749	0.01399	0.00933	0.00700	0.00233	0.01166	0.00583	0.00466	0.01399
7	0.02915	0.62337	0.05714	0.01866	0.02799	0.04314	0.01866	0.03265	0.02215	0.02565	0.01516	0.01749	0.01399	0.00933	0.00700	0.00233	0.01166	0.00583	0.00466	0.01399
8	0.01355	0.00969	0.01289	0.01500	0.01587	0.00903	0.01014	0.01585	0.02211	0.02979	0.11959	0.54462	0.07591	0.03270	0.01379	0.00431	0.00618	0.02961	0.01035	0.00903
9	0.08499	0.03100	0.18673	0.02301	0.03329	0.02125	0.02327	0.04671	0.10791	0.27835	0.03406	0.03198	0.02288	0.01250	0.01049	0.00345	0.01118	0.00993	0.00991	0.01711
10	0.02059	0.01938	0.03270	0.59060	0.07510	0.02422	0.03028	0.02786	0.02180	0.02786	0.01938	0.02907	0.01453	0.01090	0.01090	0.00363	0.01453	0.00969	0.00484	0.01211
11	0.02187	0.05640	0.56031	0.03108	0.04719	0.02532	0.04029	0.03453	0.02302	0.03453	0.01957	0.02302	0.01381	0.01036	0.01036	0.00345	0.01611	0.00806	0.00460	0.01611
12	0.01782	0.01406	0.01659	0.01748	0.01993	0.01485	0.01246	0.02920	0.18753	0.03366	0.05494	0.42310	0.05938	0.02781	0.01299	0.00419	0.00708	0.02487	0.01044	0.01161
13	0.11827	0.01748	0.02176	0.01787	0.02333	0.01740	0.01402	0.03928	0.02469	0.31880	0.03488	0.04154	0.02692	0.15538	0.02322	0.00519	0.06407	0.01136	0.01023	0.01430
14	0.01586	0.01057	0.01189	0.01189	0.01189	0.01057	0.00661	0.01586	0.01586	0.02114	0.03436	0.07135	0.03964	0.61681	0.05550	0.01057	0.01057	0.01586	0.00661	0.00661
15	0.01558	0.01168	0.01752	0.01752	0.01947	0.01363	0.01363	0.01947	0.01752	0.02531	0.02921	0.04283	0.02726	0.08178	0.57360	0.01752	0.02921	0.01168	0.00584	0.00974
16	0.03292	0.04837	0.20386	0.02813	0.03748	0.28765	0.02688	0.07586	0.09114	0.03459	0.02180	0.02382	0.01666	0.01152	0.01024	0.00316	0.01659	0.00821	0.00634	0.01477
17	0.02435	0.02654	0.05403	0.17234	0.05861	0.02733	0.35155	0.03246	0.02397	0.03246	0.02071	0.02882	0.01586	0.01051	0.01453	0.00377	0.07122	0.01181	0.00529	0.01384
18	0.04892	0.01856	0.02530	0.01940	0.02783	0.01603	0.01603	0.05314	0.03121	0.55634	0.04302	0.03711	0.02699	0.01350	0.01096	0.00337	0.00928	0.01096	0.01350	0.01856
19	0.01690	0.01041	0.01393	0.01561	0.01703	0.00958	0.01072	0.01903	0.02192	0.08138	0.05837	0.55167	0.06754	0.03207	0.01362	0.00432	0.00663	0.02897	0.01046	0.00984
20	0.03216	0.10787	0.19923	0.07744	0.03960	0.02758	0.02635	0.13830	0.06857	0.13806	0.02663	0.02752	0.01882	0.01177	0.01028	0.00330	0.01272	0.00917	0.00809	0.01653
21	0.09145	0.02442	0.02816	0.02174	0.03019	0.02506	0.01795	0.26944	0.03982	0.28885	0.03304	0.03054	0.02190	0.01306	0.01064	0.00333	0.01051	0.01006	0.01179	0.01807
22	0.04506	0.01942	0.02519	0.01989	0.02793	0.01799	0.01624	0.05399	0.11940	0.46587	0.04326	0.03774	0.02811	0.01373	0.01099	0.00343	0.00916	0.01121	0.01307	0.01833
23	0.02778	0.03443	0.09205	0.15418	0.09092	0.15516	0.17692	0.03467	0.02512	0.03088	0.01934	0.02584	0.01517	0.01093	0.01309	0.00349	0.06110	0.00988	0.00525	0.01380
24	0.08344	0.03239	0.21231	0.02527	0.03471	0.02213	0.06670	0.03643	0.06491	0.12490	0.11095	0.03653	0.03229	0.01369	0.01263	0.00356	0.05306	0.01114	0.00809	0.01487
25	0.04469	0.01731	0.02306	0.01803	0.02559	0.01516	0.01478	0.04903	0.02997	0.48002	0.04191	0.03764	0.02713	0.01338	0.01047	0.00325	0.00866	0.01085	0.11174	0.01731
26	0.01814	0.01200	0.01393	0.01293	0.01684	0.01039	0.00988	0.02184	0.02756	0.09893	0.24064	0.08906	0.33929	0.02417	0.01264	0.00356	0.00586	0.02047	0.01114	0.01070
27	0.13839	0.02065	0.03039	0.27373	0.14087	0.02273	0.02463	0.03523	0.02393	0.15136	0.02420	0.02864	0.01738	0.01114	0.01022	0.00346	0.01207	0.00936	0.00720	0.01444
28	0.02356	0.02353	0.03452	0.44819	0.15280	0.07550	0.02997	0.03028	0.02317	0.02909	0.01934	0.02784	0.01496	0.01073	0.01078	0.00349	0.01474	0.00945	0.00501	0.01305
29	0.01518	0.01057	0.01348	0.01509	0.01591	0.01031	0.01052	0.01709	0.02000	0.02649	0.05024	0.30531	0.05824	0.24442	0.02924	0.00679	0.00870	0.12529	0.00883	0.00831
30	0.02380	0.04462	0.35836	0.04381	0.21232	0.02566	0.06899	0.03421	0.02379	0.03491	0.02004	0.02474	0.01513	0.01007	0.01067	0.00340	0.01523	0.00892	0.00492	0.01640
31	0.03625	0.11998	0.15879	0.02730	0.07892	0.02662	0.02456	0.13543	0.03138	0.21291	0.02808	0.02784	0.01945	0.01173	0.01021	0.00321	0.01210	0.00918	0.00888	0.01719
32	0.03720	0.01573	0.02101	0.01763	0.02379	0.01371	0.01392	0.04073	0.02819	0.38319	0.05330	0.17797	0.08567	0.01966	0.01184	0.00365	0.00824	0.01679	0.01239	0.01541
33	0.69383	0.02109	0.01603	0.01434	0.02109	0.02446	0.01181	0.03205	0.01856	0.04892	0.01518	0.01771	0.01181	0.01012	0.00675	0.00337	0.00843	0.00590	0.00675	0.01181
34	0.01989	0.01637	0.02203	0.01876	0.02339	0.01629	0.06242	0.06442	0.10899	0.04284	0.30690	0.06919	0.14428	0.01991	0.01244	0.00352	0.00761	0.01762	0.01083	0.01229
35	0.03340	0.01961	0.02552	0.02176	0.07115	0.01609	0.01590	0.03814	0.02620	0.24184	0.02884	0.02873	0.02054	0.01036	0.00945	0.00245	0.00897	0.00852	0.00916	0.36337
36	0.01779	0.01002	0.01433	0.01404	0.01489	0.00974	0.00974	0.01629	0.01967	0.02707	0.19080	0.04898	0.04647	0.03277	0.03286	0.46000	0.00805	0.01283	0.00712	0.00656
37	0.02581	0.01751	0.02821	0.11302	0.12642	0.01728	0.05790	0.03042	0.02443	0.14846	0.04012	0.24471	0.03922	0.01972	0.01216	0.00380	0.01034	0.01809	0.00889	0.01349
38	0.02059	0.01938	0.03270	0.59060	0.07510	0.02422	0.03028	0.02786	0.02180	0.02786	0.01938	0.02907	0.01453	0.01090	0.01090	0.00363	0.01453	0.00969	0.00484	0.01211
39	0.02261	0.01938	0.02261	0.01615	0.02584	0.01453	0.01292	0.02745	0.02261	0.03553	0.01938	0.02261	0.01615	0.00807	0.00807	0.00161	0.00807	0.00646	0.00646	0.68346
40	0.02629	0.16374	0.03044	0.01897	0.02515	0.02402	0.01572	0.03392	0.10093	0.09646	0.03316	0.14814	0.03109	0.01646	0.01226	0.00319	0.06004	0.01314	0.00822	0.13864
41	0.02915	0.62337	0.05714	0.01866	0.02799	0.04314	0.01866	0.03265	0.02215	0.02565	0.01516	0.01749	0.01399	0.00933	0.00700	0.00233	0.01166	0.00583	0.00466	0.01399
42	0.01560	0.01158	0.01700	0.01700	0.01877	0.01335	0.01298	0.01913	0.01737	0.02492	0.02968	0.04548	0.02841	0.13149	0.52546	0.01688	0.02747	0.01207	0.00591	0.00944
43	0.01534	0.01146	0.01703	0.01729	0.01910	0.01315	0.01327	0.01904	0.01786	0.02557	0.03234	0.10027	0.03180	0.07695	0.51689	0.01620	0.02689	0.01364	0.00627	0.00965
44	0.04892	0.01856	0.02530	0.01940	0.02783	0.01603	0.01603	0.05314	0.03121	0.55634	0.04302	0.03711	0.02699	0.01350	0.01096	0.00337	0.00928	0.01096	0.01350	0.01856
45	0.02187	0.05640	0.56031	0.03108	0.04719	0.02532	0.04029	0.03453	0.02302	0.03453	0.01957	0.02302	0.01381	0.01036	0.01036	0.00345	0.01611	0.00806	0.00460	0.01611
46	0.01757	0.01255	0.01757	0.02008	0.02259	0.01255	0.01757	0.02259	0.02510	0.03263	0.05773	0.12299	0.06275	0.03012	0.01506	0.00502	0.01004	0.47540	0.01004	0.01004
47	0.01543	0.01115	0.01457	0.01372	0.01629	0.01029	0.01029	0.02058	0.03086	0.04372	0.54304	0.08145	0.10288	0.02229	0.01286	0.00343	0.00514	0.01972	0.01200	0.01029
48	0.02699	0.02591	0.04426	0.06693	0.54879	0.02591	0.03346	0.03346	0.02483	0.03562	0.02051	0.02699	0.01727	0.00972	0.01079	0.00324	0.01295	0.00972	0.00540	0.01727
49	0.03757	0.02862	0.03054	0.02430	0.03234	0.03200	0.01979	0.38952	0.18049	0.06247	0.03110	0.03010	0.02253	0.01355	0.01096	0.00339	0.01109	0.01050	0.01096	0.01820
50	0.02915	0.62337	0.05714	0.01866	0.02799	0.04314	0.01866	0.03265	0.02215	0.02565	0.01516	0.01749	0.01399	0.00933	0.00700	0.00233	0.01166	0.00583	0.00466	0.01399
51	0.02351	0.05404	0.48489	0.03199	0.04697	0.06462	0.07446	0.03520	0.02379	0.03400	0.01956	0.02326	0.01404	0.01033	0.01051	0.00342	0.01654	0.00835	0.00475	0.01576
52	0.02385	0.02385	0.03340	0.02863	0.02863	0.03340	0.02385	0.02624	0.01670	0.02624	0.01431	0.02385	0.01431	0.01908	0.03578	0.00477	0.59685	0.00954	0.00477	0.01193
53	0.01757	0.01255	0.01757	0.02008	0.02259	0.01255	0.01757	0.02259	0.02510	0.03263	0.05773	0.12299	0.06275	0.03012	0.01506	0.00502	0.01004	0.47540	0.01004	0.01004
54	0.04173	0.02097	0.03152	0.03498	0.19867	0.01927	0.02174	0.04669	0.02912	0.38559	0.03564	0.03379	0.02380	0.01226	0.01091	0.00333	0.01048	0.01056	0.01084	0.01813
55	0.02411	0.02297	0.03907	0.30218	0.33599	0.02515	0.03203	0.03095	0.02347	0.03213	0.02000	0.02792	0.01604	0.01025	0.01084	0.00342	0.01366	0.00970	0.00515	0.01495
56	0.01517	0.01114	0.01422	0.01345	0.01613	0.01018	0.01009	0.02008	0.03026	0.04228	0.49921	0.08383	0.14761	0.02283	0.01286	0.00345	0.00518	0.02005	0.01181	0.01018
57	0.02489	0.02377	0.04047	0.23865	0.39346	0.02536	0.03242	0.03163	0.02384	0.03308	0.02014	0.02767	0.01637	0.01010	0.01083	0.00337	0.01347	0.00971	0.00522	0.01558
58	0.03165	0.04141	0.30420	0.03015	0.07644	0.02570	0.03088	0.15008	0.03124	0.13555	0.02536	0.02655	0.01752	0.01151	0.01063	0.00338	0.01370	0.00911	0.00773	0.01720
59	0.02447	0.03826	0.22698	0.04108	0.05377	0.02684	0.35543	0.03480	0.02484	0.03480	0.02124	0.02732	0.01565	0.00957	0.01205	0.00360	0.01764	0.01129	0.00522	0.01517
60	0.01372	0.00980	0.01315	0.01568	0.01650	0.00923	0.01088	0.01593	0.02130	0.02832	0.05986	0.56038	0.07117	0.03375	0.01403	0.00449	0.00670	0.07603	0.01011	0.00898
61	0.01674	0.01348	0.02111	0.02082	0.02387	0.01288	0.07483	0.02104	0.02377	0.03105	0.05901	0.26942	0.10488	0.02863	0.01421	0.00454	0.00943	0.23062	0.00952	0.01015
62	0.01831	0.01478	0.01904	0.01756	0.01773	0.01791	0.01256	0.01939	0.01626	0.02308	0.02770	0.05416	0.03072	0.38516	0.09447	0.00938	0.19374	0.01354	0.00597	0.00853
63	0.02226	0.05367	0.51006	0.03258	0.04818	0.02555	0.08780	0.03457	0.02330	0.03457	0.01982	0.02367	0.01409	0.01024	0.01061	0.00348	0.01634	0.00854	0.00470	0.01597
64	0.02743	0.02925	0.05955	0.04549	0.09333	0.02807	0.42227	0.08319	0.02825	0.03841	0.02235	0.02889	0.01680	0.00963	0.01251	0.00360	0.01731	0.01231	0.00605	0.01530
65	0.08284	0.02616	0.04695	0.08713	0.23270	0.02642	0.21311	0.03579	0.07128	0.03687	0.02279	0.02855	0.01782	0.01010	0.01128	0.00349	0.01437	0.01085	0.00605	0.01545
66	0.02407	0.02734	0.09202	0.03584	0.04476	0.02376	0.31183	0.07483	0.02679	0.03644	0.03077	0.15885	0.02897	0.01526	0.01271	0.00379	0.01489	0.01624	0.00697	0.01387
67	0.01443	0.01240	0.01673	0.01553	0.01907	0.01094	0.05546	0.01783	0.02461	0.03103	0.13424	0.21416	0.33961	0.02690	0.01312	0.00383	0.00687	0.02361	0.00989	0.00974
68	0.02573	0.04840	0.44013	0.02874	0.04290	0.02436	0.03496	0.03919	0.07531	0.09994	0.02497	0.02655	0.01741	0.01119	0.01051	0.00347	0.01451	0.00885	0.00636	0.01653
69	0.08401	0.09589	0.08129	0.02011	0.02747	0.02081	0.05121	0.03477	0.07223	0.14785	0.08268	0.08901	0.11491	0.01668	0.01088	0.00344	0.00964	0.01397	0.00924	0.01393
70	0.03259	0.01748	0.02599	0.20686	0.04216	0.01793	0.02105	0.03799	0.02675	0.26546	0.03857	0.05376	0.03093	0.01638	0.01186	0.00383	0.01117	0.11482	0.00988	0.01453
71	0.02283	0.10344	0.47430	0.03126	0.04635	0.02706	0.07833	0.03440	0.02318	0.03379	0.01940	0.02308	0.01406	0.01017	0.01028	0.00337	0.01592	0.00827	0.00469	0.01581
72	0.02366	0.09649	0.36709	0.03453	0.04853	0.02752	0.18062	0.03449	0.02377	0.03389	0.01995	0.02449	0.01466	0.00992	0.01083	0.00343	0.01642	0.00933	0.00489	0.01551
73	0.02059	0.01938	0.03270	0.59060	0.07510	0.02422	0.03028	0.02786	0.02180	0.02786	0.01938	0.02907	0.01453	0.01090	0.01090	0.00363	0.01453	0.00969	0.00484	0.01211
74	0.02174	0.02055	0.03478	0.49634	0.16036	0.02453	0.03085	0.02887	0.02235	0.02926	0.01958	0.02869	0.01503	0.01069	0.01088	0.00356	0.01425	0.00969	0.00494	0.01304
75	0.02699	0.02591	0.04426	0.06693	0.54879	0.02591	0.03346	0.03346	0.02483	0.03562	0.02051	0.02699	0.01727	0.00972	0.01079	0.00324	0.01295	0.00972	0.00540	0.01727
76	0.03248	0.20636	0.04930	0.02921	0.03868	0.02947	0.19885	0.04063	0.06977	0.15866	0.02696	0.02863	0.01974	0.01076	0.01047	0.00320	0.01330	0.01023	0.00766	0.01564
77	0.02059	0.01938	0.03270	0.59060	0.07510	0.02422	0.03028	0.02786	0.02180	0.02786	0.01938	0.02907	0.01453	0.01090	0.01090	0.00363	0.01453	0.00969	0.00484	0.01211
78	0.02187	0.05640	0.56031	0.03108	0.04719	0.02532	0.04029	0.03453	0.02302	0.03453	0.01957	0.02302	0.01381	0.01036	0.01036	0.00345	0.01611	0.00806	0.00460	0.01611
79	0.04269	0.02660	0.03388	0.02595	0.03452	0.08971	0.10068	0.12937	0.03376	0.31767	0.03331	0.03175	0.02215	0.01242	0.01114	0.00334	0.01257	0.01060	0.01072	0.01718
80	0.02699	0.02591	0.04426	0.06693	0.54879	0.02591	0.03346	0.03346	0.02483	0.03562	0.02051	0.02699	0.01727	0.00972	0.01079	0.00324	0.01295	0.00972	0.00540	0.01727
81	0.02249	0.02208	0.04022	0.35095	0.14287	0.02438	0.13202	0.02989	0.02335	0.03094	0.02283	0.03543	0.01880	0.01170	0.01160	0.00368	0.01479	0.04320	0.00544	0.01334
82	0.01665	0.01298	0.01847	0.01788	0.01923	0.01551	0.01362	0.01965	0.01712	0.02468	0.02830	0.04563	0.02789	0.17036	0.41408	0.01470	0.09578	0.01217	0.00585	0.00944
83	0.39329	0.02184	0.02153	0.01760	0.02518	0.02341	0.01452	0.11576	0.02766	0.20596	0.02539	0.02496	0.01750	0.01162	0.00870	0.00336	0.00926	0.00807	0.00946	0.01494
84	0.02699	0.02591	0.04426	0.06693	0.54879	0.02591	0.03346	0.03346	0.02483	0.03562	0.02051	0.02699	0.01727	0.00972	0.01079	0.00324	0.01295	0.00972	0.00540	0.01727
85	0.02574	0.02941	0.06434	0.04596	0.05699	0.02757	0.50919	0.03493	0.02574	0.03493	0.02206	0.02941	0.01654	0.00919	0.01287	0.00368	0.01838	0.01287	0.00551	0.01471
86	0.01512	0.01113	0.01414	0.01339	0.01610	0.01015	0.01004	0.01997	0.03012	0.04197	0.48975	0.08434	0.15727	0.02295	0.01286	0.00346	0.00519	0.02012	0.01177	0.01015
87	0.02697	0.02950	0.06185	0.04431	0.05516	0.02806	0.47076	0.07250	0.02774	0.03759	0.02238	0.02916	0.01670	0.00950	0.01271	0.00364	0.01788	0.01263	0.00594	0.01501
88	0.03993	0.01641	0.02226	0.01812	0.02477	0.01434	0.01451	0.04395	0.02976	0.42106	0.10695	0.12072	0.04250	0.01740	0.01160	0.00352	0.00837	0.01478	0.01285	0.01621
89	0.02749	0.04853	0.44907	0.02865	0.04317	0.02339	0.03524	0.03840	0.02472	0.14303	0.02444	0.02595	0.01655	0.01101	0.01049	0.00344	0.01469	0.00866	0.00645	0.01662
90	0.02545	0.02434	0.04149	0.19241	0.43528	0.02550	0.03270	0.03212	0.02410	0.03376	0.02024	0.02749	0.01662	0.01000	0.01082	0.00333	0.01333	0.00971	0.00526	0.01603
91	0.02050	0.01957	0.02700	0.03220	0.18125	0.05302	0.05254	0.02540	0.02670	0.03485	0.17137	0.06489	0.20968	0.01857	0.01204	0.00343	0.00953	0.01644	0.00851	0.01252
92	0.02699	0.02591	0.04426	0.06693	0.54879	0.02591	0.03346	0.03346	0.02483	0.03562	0.02051	0.02699	0.01727	0.00972	0.01079	0.00324	0.01295	0.00972	0.00540	0.01727
93	0.02278	0.05006	0.44376	0.03457	0.04949	0.02585	0.15048	0.03462	0.02366	0.03462	0.02015	0.02452	0.01445	0.01008	0.01095	0.00351	0.01665	0.00919	0.00482	0.01578
94	0.02162	0.02043	0.03456	0.50632	0.15134	0.02450	0.03079	0.02876	0.02229	0.02911	0.01956	0.02873	0.01498	0.01071	0.01088	0.00357	0.01428	0.00969	0.00493	0.01294
95	0.08483	0.09720	0.02874	0.02047	0.02795	0.06287	0.01681	0.05000	0.19243	0.24990	0.03620	0.03325	0.02546	0.01301	0.01014	0.00331	0.01003	0.01014	0.01058	0.01667
96	0.02830	0.01977	0.03620	0.02825	0.03513	0.01813	0.20419	0.03367	0.02571	0.18205	0.04054	0.22190	0.03776	0.01861	0.01267	0.00384	0.01182	0.01827	0.00931	0.01389
97	0.02735	0.21897	0.26800	0.02888	0.08470	0.03011	0.02904	0.03747	0.06673	0.07829	0.02247	0.02445	0.01699	0.01064	0.00950	0.00311	0.01324	0.00815	0.00602	0.01589
98	0.02620	0.02510	0.04283	0.13144	0.49043	0.02570	0.03307	0.03277	0.02445	0.03467	0.02037	0.02724	0.01693	0.00986	0.01081	0.00329	0.01315	0.00971	0.00533	0.01664
99	0.02699	0.02591	0.04426	0.06693	0.54879	0.02591	0.03346	0.03346	0.02483	0.03562	0.02051	0.02699	0.01727	0.00972	0.01079	0.00324	0.01295	0.00972	0.00540	0.01727
100	0.03303	0.02825	0.12978	0.15271	0.08002	0.02287	0.08575	0.07469	0.02807	0.21274	0.02834	0.03040	0.01935	0.01156	0.01106	0.00347	0.01322	0.01023	0.00830	0.01615
101	0.11780	0.02619	0.04051	0.03008	0.03934	0.02626	0.19719	0.17220	0.03325	0.16690	0.02722	0.02885	0.01894	0.01139	0.01113	0.00346	0.01326	0.01072	0.00902	0.01631
102	0.01320	0.01106	0.01148	0.01137	0.01492	0.00934	0.00853	0.01626	0.02559	0.03121	0.16375	0.10204	0.48998	0.02696	0.01288	0.00365	0.00548	0.02261	0.01036	0.00934
103	0.03015	0.14496	0.03905	0.03670	0.19996	0.03116	0.02350	0.12963	0.17375	0.04267	0.02734	0.02887	0.02145	0.01172	0.01015	0.00320	0.01128	0.00971	0.00791	0.01685
104	0.03586	0.14977	0.14580	0.02494	0.03474	0.12414	0.02388	0.18566	0.03394	0.10636	0.02320	0.02411	0.01697	0.01155	0.00988	0.00307	0.01377	0.00836	0.00783	0.01617
105	0.01376	0.01056	0.01260	0.01318	0.01554	0.00941	0.00947	0.01693	0.02529	0.03307	0.21961	0.26363	0.26125	0.02821	0.01322	0.00385	0.00568	0.02467	0.01067	0.00941
106	0.03471	0.22359	0.03920	0.02243	0.03087	0.03561	0.01939	0.26912	0.13212	0.05022	0.02601	0.02607	0.01984	0.01218	0.00966	0.00304	0.01125	0.00898	0.00890	0.01681
107	0.02565	0.02455	0.04185	0.17602	0.45011	0.02556	0.03280	0.03230	0.02420	0.03400	0.02027	0.02742	0.01670	0.00996	0.01082	0.00332	0.01328	0.00971	0.00528	0.01620
108	0.01567	0.00986	0.01377	0.01547	0.01612	0.00951	0.01083	0.01577	0.01921	0.02551	0.04631	0.36067	0.05352	0.03488	0.02347	0.22694	0.00781	0.07869	0.00835	0.00765
109	0.02059	0.01938	0.03270	0.59060	0.07510	0.02422	0.03028	0.02786	0.02180	0.02786	0.01938	0.02907	0.01453	0.01090	0.01090	0.00363	0.01453	0.00969	0.00484	0.01211
110	0.02746	0.02551	0.04183	0.12780	0.44563	0.02639	0.03196	0.07445	0.02676	0.03755	0.02086	0.02717	0.01704	0.01015	0.01082	0.00329	0.01307	0.00972	0.00581	0.01675
111	0.02618	0.03472	0.15801	0.04149	0.05333	0.02761	0.38134	0.07105	0.02714	0.03741	0.02189	0.02793	0.01617	0.00971	0.01223	0.00360	0.01746	0.01170	0.00575	0.01527
112	0.02059	0.01938	0.03270	0.59060	0.07510	0.02422	0.03028	0.02786	0.02180	0.02786	0.01938	0.02907	0.01453	0.01090	0.01090	0.00363	0.01453	0.00969	0.00484	0.01211
113	0.02952	0.03595	0.23031	0.04093	0.18568	0.02388	0.10271	0.03817	0.02564	0.14361	0.02509	0.02802	0.01793	0.01066	0.01098	0.00341	0.01414	0.00984	0.00681	0.01674
114	0.02541	0.02523	0.04575	0.17195	0.35458	0.02588	0.12520	0.03258	0.02437	0.03387	0.02058	0.02789	0.01656	0.00986	0.01122	0.00341	0.01434	0.01032	0.00530	0.01570
115	0.03912	0.08508	0.03377	0.02496	0.03286	0.15061	0.02035	0.33450	0.08198	0.05415	0.02466	0.02517	0.01834	0.01250	0.01036	0.00313	0.01336	0.00907	0.00925	0.01678
116	0.61152	0.02211	0.02198	0.01823	0.02551	0.02484	0.07308	0.03241	0.01944	0.04720	0.01603	0.01915	0.01239	0.01001	0.00750	0.00341	0.00966	0.00676	0.00660	0.01217
117	0.01582	0.01071	0.01259	0.01259	0.01283	0.01095	0.00747	0.01630	0.01606	0.02166	0.03372	0.06784	0.03812	0.55090	0.11932	0.01143	0.01287	0.01534	0.00651	0.00699
118	0.04091	0.02976	0.18365	0.02286	0.03356	0.01878	0.02321	0.04763	0.02878	0.40191	0.03608	0.03294	0.02309	0.01257	0.01079	0.00340	0.01130	0.01010	0.01086	0.01783
119	0.47587	0.21859	0.02951	0.01575	0.02335	0.03059	0.01405	0.03225	0.01974	0.04129	0.01517	0.01764	0.01252	0.00986	0.00683	0.00303	0.00949	0.00588	0.00606	0.01252
120	0.02426	0.24232	0.39531	0.02700	0.04089	0.03117	0.03319	0.03391	0.02274	0.03162	0.01812	0.02121	0.01387	0.01002	0.00926	0.00309	0.01465	0.00733	0.00462	0.01542
121	0.23645	0.01329	0.01376	0.01491	0.01754	0.01397	0.01067	0.02071	0.02011	0.03475	0.04537	0.41557	0.05234	0.02628	0.01157	0.00408	0.00702	0.02277	0.00902	0.00982
122	0.03029	0.38856	0.05005	0.03228	0.16102	0.11588	0.02277	0.03444	0.02411	0.02833	0.01676	0.02022	0.01483	0.00970	0.00837	0.00263	0.01315	0.00699	0.00499	0.01463
123	0.02748	0.01431	0.01980	0.01902	0.02343	0.01354	0.01603	0.03217	0.02711	0.20493	0.09992	0.08454	0.05240	0.02779	0.05584	0.00527	0.01075	0.24178	0.01105	0.01283
124	0.02549	0.30719	0.15064	0.02042	0.03128	0.03005	0.02128	0.03134	0.02248	0.03074	0.01746	0.02032	0.01466	0.00913	0.00805	0.00233	0.01141	0.00650	0.00524	0.23397

[dist]
# distance from previous block
# <min> <max>
5	29

[block]
# block no. 2 follows, 12 sequences, length 34
# corresponding to MSA columns:
# 276-309
name=unknown_C
#
# <colnr> <probs for GDERKNQSTAVLIFYWHMCP>
#	G	D	E	R	K	N	Q	S	T	A	V	L	I	F	Y	W	H	M	C	P
0	0.23679	0.02110	0.02742	0.19654	0.13303	0.02264	0.02145	0.03012	0.02147	0.03752	0.01824	0.02377	0.01448	0.00987	0.00899	0.00307	0.01100	0.00783	0.00588	0.14879
1	0.03137	0.24895	0.15552	0.02671	0.06529	0.03013	0.06187	0.03940	0.05797	0.14588	0.02495	0.02597	0.01845	0.01083	0.00953	0.00305	0.01250	0.00863	0.00711	0.01591
2	0.08659	0.01922	0.02428	0.02482	0.10921	0.01841	0.01653	0.08952	0.02940	0.10459	0.15924	0.04584	0.07898	0.01479	0.01065	0.00306	0.00862	0.01243	0.00935	0.13447
3	0.03443	0.03145	0.03858	0.04081	0.19982	0.13660	0.08474	0.12405	0.06967	0.09441	0.02511	0.02776	0.01898	0.01133	0.01092	0.00326	0.01410	0.00991	0.00770	0.01638
4	0.02723	0.02306	0.03861	0.22895	0.34367	0.02434	0.03064	0.03372	0.02453	0.08722	0.02249	0.02870	0.01741	0.01049	0.01085	0.00338	0.01308	0.00984	0.00606	0.01576
5	0.02666	0.02569	0.04313	0.06295	0.49477	0.02668	0.03247	0.03271	0.02398	0.03465	0.01987	0.02666	0.01696	0.01069	0.01339	0.00340	0.07359	0.00970	0.00533	0.01672
6	0.02059	0.01938	0.03270	0.59060	0.07510	0.02422	0.03028	0.02786	0.02180	0.02786	0.01938	0.02907	0.01453	0.01090	0.01090	0.00363	0.01453	0.00969	0.00484	0.01211
7	0.02830	0.04197	0.31230	0.03279	0.04589	0.02540	0.15617	0.08009	0.02737	0.10862	0.02399	0.02687	0.01673	0.01073	0.01114	0.00348	0.01540	0.00985	0.00661	0.01630
8	0.03024	0.09365	0.07738	0.06467	0.03236	0.02153	0.04843	0.03816	0.08029	0.18796	0.03542	0.04763	0.02934	0.08933	0.01659	0.00443	0.01131	0.06793	0.00896	0.01440
9	0.02317	0.02201	0.03736	0.37956	0.26600	0.02490	0.03156	0.03012	0.02302	0.03099	0.01984	0.02823	0.01564	0.01042	0.01086	0.00347	0.01390	0.00970	0.00507	0.01419
10	0.03225	0.47030	0.05011	0.02118	0.02952	0.18509	0.01930	0.03557	0.02450	0.02593	0.01561	0.01807	0.01401	0.00984	0.00776	0.00246	0.01380	0.00615	0.00492	0.01363
11	0.03779	0.03120	0.09977	0.02687	0.03655	0.02872	0.07288	0.29935	0.07012	0.14154	0.02884	0.02882	0.02004	0.01251	0.01106	0.00338	0.01251	0.01026	0.01001	0.01777
12	0.02699	0.02591	0.04426	0.06693	0.54879	0.02591	0.03346	0.03346	0.02483	0.03562	0.02051	0.02699	0.01727	0.00972	0.01079	0.00324	0.01295	0.00972	0.00540	0.01727
13	0.01578	0.01089	0.01349	0.01349	0.01404	0.01144	0.00860	0.01688	0.01633	0.02232	0.03290	0.06327	0.03613	0.46520	0.20230	0.01254	0.01585	0.01467	0.00639	0.00749
14	0.69383	0.02109	0.01603	0.01434	0.02109	0.02446	0.01181	0.03205	0.01856	0.04892	0.01518	0.01771	0.01181	0.01012	0.00675	0.00337	0.00843	0.00590	0.00675	0.01181
15	0.01669	0.01195	0.01413	0.01363	0.01363	0.01294	0.00840	0.01693	0.01594	0.02167	0.03227	0.06642	0.03701	0.55473	0.05345	0.00997	0.07146	0.01520	0.00642	0.00716
16	0.69383	0.02109	0.01603	0.01434	0.02109	0.02446	0.01181	0.03205	0.01856	0.04892	0.01518	0.01771	0.01181	0.01012	0.00675	0.00337	0.00843	0.00590	0.00675	0.01181
17	0.69383	0.02109	0.01603	0.01434	0.02109	0.02446	0.01181	0.03205	0.01856	0.04892	0.01518	0.01771	0.01181	0.01012	0.00675	0.00337	0.00843	0.00590	0.00675	0.01181
18	0.02374	0.02146	0.03319	0.35506	0.15160	0.02370	0.02728	0.06674	0.02480	0.03375	0.02012	0.02740	0.01562	0.01039	0.01042	0.00320	0.01298	0.00917	0.00569	0.12368
19	0.02699	0.02591	0.04426	0.06693	0.54879	0.02591	0.03346	0.03346	0.02483	0.03562	0.02051	0.02699	0.01727	0.00972	0.01079	0.00324	0.01295	0.00972	0.00540	0.01727
20	0.02659	0.02128	0.03421	0.37875	0.16602	0.02411	0.02865	0.05967	0.02526	0.09674	0.02291	0.02946	0.01687	0.01110	0.01089	0.00350	0.01341	0.00986	0.00637	0.01435
21	0.01525	0.01145	0.01428	0.01497	0.01702	0.01103	0.01068	0.02096	0.07036	0.03517	0.23316	0.33256	0.11643	0.02772	0.01321	0.00395	0.00605	0.02471	0.01087	0.01014
22	0.10634	0.02065	0.02941	0.26096	0.11003	0.02291	0.02360	0.08264	0.02636	0.12432	0.02679	0.07251	0.02142	0.01309	0.01064	0.00353	0.01186	0.01109	0.00762	0.01421
23	0.02811	0.02350	0.03929	0.18368	0.37588	0.02433	0.03064	0.03450	0.02488	0.09595	0.02293	0.02868	0.01779	0.01044	0.01084	0.00335	0.01288	0.00986	0.00623	0.01622
24	0.02258	0.02319	0.04624	0.15566	0.05181	0.02320	0.29295	0.02985	0.02373	0.03163	0.02709	0.04511	0.02416	0.07868	0.01738	0.00458	0.01571	0.06771	0.00603	0.01271
25	0.03190	0.03837	0.02677	0.09450	0.03463	0.37576	0.01950	0.03515	0.02791	0.02727	0.03259	0.10059	0.07919	0.01573	0.01079	0.00320	0.01588	0.01197	0.00655	0.01175
26	0.02782	0.41034	0.04631	0.09004	0.03319	0.03592	0.01941	0.08740	0.02544	0.03131	0.02193	0.08490	0.02098	0.01270	0.00871	0.00284	0.01147	0.00954	0.00603	0.01374
27	0.03941	0.01983	0.02715	0.09424	0.07955	0.01941	0.01900	0.10000	0.03095	0.32923	0.03523	0.03429	0.02367	0.01270	0.01057	0.00329	0.01013	0.01047	0.08418	0.01672
28	0.02475	0.01600	0.02105	0.02205	0.08251	0.01640	0.01447	0.08409	0.02531	0.09968	0.07042	0.04808	0.03390	0.17871	0.13475	0.00790	0.01359	0.01263	0.08163	0.01209
29	0.03887	0.03187	0.03249	0.09295	0.03873	0.09960	0.02191	0.39640	0.04522	0.05862	0.02421	0.02571	0.01751	0.01260	0.01077	0.00326	0.01325	0.00945	0.00953	0.01704
30	0.12419	0.01984	0.02382	0.01882	0.02617	0.01921	0.01519	0.11714	0.03104	0.35960	0.03602	0.03678	0.02519	0.07917	0.01532	0.00415	0.00973	0.01070	0.01150	0.01641
31	0.03888	0.02256	0.02969	0.16446	0.09699	0.06914	0.02186	0.04396	0.02819	0.32300	0.03244	0.03248	0.02173	0.01225	0.01083	0.00337	0.01189	0.01016	0.00979	0.01631
32	0.02950	0.29684	0.10033	0.09020	0.03692	0.07040	0.02268	0.10118	0.08965	0.03527	0.02138	0.02368	0.01705	0.01094	0.00906	0.00294	0.01269	0.00796	0.00639	0.01493
33	0.07343	0.01668	0.01897	0.01853	0.02245	0.01794	0.01509	0.08940	0.10781	0.04013	0.04323	0.07425	0.04197	0.08627	0.01682	0.00478	0.00940	0.20150	0.08933	0.01203

[dist]
# distance from previous block
# <min> <max>
0	148

# created by:
# /st0/software/busco_prod/Augustus/scripts/msa2prfl.pl ./align_prep/7691.fa
