[name]
unknown

[dist]
# distance from previous block
# <min> <max>
0	105

[block]
# block no. 0 follows, 13 sequences, length 15
# corresponding to MSA columns:
# 108-122
name=unknown_A
#
# <colnr> <probs for GDERKNQSTAVLIFYWHMCP>
#	G	D	E	R	K	N	Q	S	T	A	V	L	I	F	Y	W	H	M	C	P
0	0.02444	0.01909	0.02447	0.07649	0.03095	0.06115	0.05306	0.02929	0.02447	0.10083	0.03672	0.09782	0.03536	0.01788	0.01155	0.00349	0.01071	0.16918	0.00825	0.16481
1	0.13494	0.06356	0.02837	0.15370	0.03774	0.02420	0.01908	0.14723	0.02944	0.17136	0.02496	0.02651	0.01760	0.01122	0.00950	0.00310	0.01071	0.00866	0.00846	0.06965
2	0.03384	0.04050	0.02768	0.02506	0.02996	0.40398	0.01909	0.04077	0.10849	0.02892	0.02761	0.02927	0.06043	0.01337	0.01215	0.00309	0.06753	0.00907	0.00656	0.01263
3	0.01423	0.01054	0.01327	0.01309	0.01547	0.00958	0.00963	0.01834	0.02744	0.03768	0.40382	0.16753	0.17173	0.02428	0.01263	0.00352	0.00523	0.02136	0.01105	0.00958
4	0.02255	0.02143	0.03637	0.37908	0.27658	0.02417	0.03065	0.02928	0.02236	0.03015	0.01925	0.02735	0.01520	0.01009	0.01053	0.00336	0.01346	0.00941	0.00492	0.01383
5	0.32938	0.12012	0.02832	0.01878	0.02649	0.03022	0.01599	0.23198	0.03138	0.05168	0.01903	0.02046	0.01442	0.01086	0.00821	0.00307	0.01007	0.00725	0.00786	0.01442
6	0.01321	0.00960	0.01191	0.01360	0.01458	0.00890	0.00901	0.01489	0.02009	0.02623	0.06203	0.45467	0.14131	0.12446	0.01959	0.00510	0.00665	0.02657	0.00929	0.00830
7	0.27401	0.02298	0.02697	0.10819	0.11619	0.02537	0.01979	0.15543	0.02841	0.09729	0.02133	0.02397	0.01568	0.01089	0.00912	0.00326	0.01063	0.00823	0.00770	0.01456
8	0.02827	0.63478	0.05540	0.01809	0.02714	0.04184	0.01809	0.03166	0.02148	0.02488	0.01470	0.01696	0.01357	0.00905	0.00678	0.00226	0.01131	0.00565	0.00452	0.01357
9	0.01977	0.01176	0.01552	0.01500	0.01785	0.01101	0.01134	0.02342	0.02525	0.11713	0.23280	0.17126	0.09403	0.07638	0.05857	0.00522	0.00845	0.06426	0.01039	0.01057
10	0.22706	0.07458	0.11480	0.06304	0.03481	0.11763	0.06113	0.07212	0.02519	0.08908	0.01984	0.02235	0.01470	0.01048	0.00904	0.00316	0.01287	0.00777	0.00660	0.01374
11	0.33231	0.12579	0.15244	0.02406	0.07999	0.06609	0.02140	0.03263	0.02094	0.03803	0.01629	0.01931	0.01288	0.00979	0.00796	0.00308	0.01154	0.00662	0.00556	0.01329
12	0.13327	0.07775	0.14778	0.06822	0.07738	0.16650	0.02372	0.07302	0.02563	0.03495	0.02086	0.06586	0.01805	0.01207	0.00952	0.00316	0.01366	0.00912	0.00601	0.01347
13	0.18248	0.13165	0.18803	0.02360	0.03382	0.06598	0.07050	0.03396	0.02251	0.07232	0.01892	0.02156	0.01433	0.00980	0.00876	0.00297	0.01254	0.00742	0.00586	0.07296
14	0.07576	0.25867	0.19002	0.02294	0.03347	0.03321	0.02404	0.17371	0.02954	0.04074	0.01894	0.02087	0.01464	0.01042	0.00876	0.00289	0.01239	0.00736	0.00637	0.01526

[dist]
# distance from previous block
# <min> <max>
1	5

[block]
# block no. 1 follows, 13 sequences, length 27
# corresponding to MSA columns:
# 128-154
name=unknown_B
#
# <colnr> <probs for GDERKNQSTAVLIFYWHMCP>
#	G	D	E	R	K	N	Q	S	T	A	V	L	I	F	Y	W	H	M	C	P
0	0.03036	0.38912	0.09057	0.02303	0.03235	0.07910	0.06259	0.11873	0.02738	0.03362	0.01757	0.01997	0.01453	0.00989	0.00838	0.00265	0.01284	0.00715	0.00571	0.01445
1	0.18172	0.17853	0.16740	0.02739	0.09659	0.07324	0.02408	0.03236	0.02142	0.03348	0.01645	0.02015	0.01346	0.01047	0.01059	0.00311	0.06367	0.00706	0.00514	0.01370
2	0.16300	0.28708	0.12148	0.01915	0.02874	0.03065	0.01930	0.06300	0.02280	0.03493	0.01669	0.01914	0.01372	0.00941	0.00765	0.00259	0.01084	0.00635	0.00558	0.11792
3	0.02745	0.23361	0.12155	0.03660	0.22278	0.02905	0.02569	0.03334	0.02325	0.07242	0.01960	0.02293	0.01583	0.00954	0.00897	0.00276	0.01194	0.00776	0.00557	0.06937
4	0.01977	0.01709	0.02349	0.01885	0.02379	0.01655	0.05440	0.02346	0.02024	0.03002	0.06829	0.03895	0.02828	0.14262	0.07747	0.00556	0.09741	0.01063	0.00639	0.27675
5	0.03381	0.04184	0.04264	0.03401	0.04151	0.36741	0.21726	0.03896	0.02801	0.02900	0.01832	0.02276	0.01457	0.01012	0.01068	0.00305	0.01858	0.00902	0.00541	0.01304
6	0.02380	0.26749	0.38353	0.02572	0.03893	0.03089	0.03137	0.03281	0.02201	0.03033	0.01741	0.02036	0.01346	0.00968	0.00885	0.00295	0.01404	0.00702	0.00449	0.01487
7	0.01616	0.01028	0.01528	0.01552	0.01654	0.01119	0.01131	0.01648	0.01605	0.02237	0.02731	0.09371	0.02747	0.05822	0.31827	0.27973	0.01870	0.01229	0.00564	0.00746
8	0.01510	0.01133	0.01699	0.01699	0.01888	0.01322	0.01322	0.01888	0.01699	0.02454	0.02832	0.04154	0.02643	0.07930	0.58652	0.01699	0.02832	0.01133	0.00566	0.00944
9	0.03782	0.01875	0.02334	0.01911	0.02607	0.01831	0.01537	0.04992	0.18784	0.35757	0.09172	0.04119	0.03513	0.01429	0.01085	0.00337	0.00842	0.01186	0.01223	0.01684
10	0.70310	0.02045	0.01554	0.01390	0.02045	0.02372	0.01145	0.03108	0.01799	0.04744	0.01472	0.01718	0.01145	0.00981	0.00654	0.00327	0.00818	0.00573	0.00654	0.01145
11	0.70310	0.02045	0.01554	0.01390	0.02045	0.02372	0.01145	0.03108	0.01799	0.04744	0.01472	0.01718	0.01145	0.00981	0.00654	0.00327	0.00818	0.00573	0.00654	0.01145
12	0.03256	0.09367	0.26362	0.02753	0.08094	0.02274	0.02728	0.04027	0.02550	0.24235	0.02753	0.02748	0.01869	0.01108	0.01000	0.00320	0.01236	0.00884	0.00791	0.01645
13	0.03113	0.02610	0.04169	0.04820	0.31299	0.02637	0.10371	0.15154	0.03082	0.08795	0.02329	0.02719	0.01774	0.01043	0.01082	0.00322	0.01285	0.01002	0.00719	0.01676
14	0.04019	0.02962	0.03173	0.02433	0.03279	0.03279	0.02010	0.52721	0.04971	0.06663	0.02538	0.02538	0.01798	0.01269	0.01058	0.00317	0.01163	0.00952	0.01058	0.01798
15	0.70310	0.02045	0.01554	0.01390	0.02045	0.02372	0.01145	0.03108	0.01799	0.04744	0.01472	0.01718	0.01145	0.00981	0.00654	0.00327	0.00818	0.00573	0.00654	0.01145
16	0.02730	0.02869	0.05767	0.04145	0.05180	0.02767	0.44652	0.10978	0.02876	0.03891	0.02200	0.02804	0.01634	0.00949	0.01219	0.00350	0.01687	0.01202	0.00615	0.01483
17	0.02123	0.01463	0.01637	0.01583	0.01876	0.05850	0.01164	0.02474	0.02643	0.11622	0.24978	0.26640	0.07033	0.02363	0.01232	0.00362	0.00720	0.02080	0.01067	0.01089
18	0.01430	0.01059	0.01334	0.01305	0.01549	0.00963	0.00964	0.01852	0.02778	0.03823	0.42163	0.14955	0.17134	0.02388	0.01260	0.00348	0.00519	0.02099	0.01112	0.00963
19	0.01947	0.01889	0.03237	0.33283	0.09619	0.02067	0.10068	0.02571	0.02267	0.02905	0.04021	0.04551	0.14354	0.01406	0.01131	0.00351	0.01247	0.01293	0.00606	0.01187
20	0.43936	0.26055	0.03112	0.01554	0.02306	0.03080	0.01405	0.03131	0.01936	0.03862	0.01471	0.01709	0.01228	0.00951	0.00664	0.00288	0.00940	0.00570	0.00575	0.01228
21	0.03682	0.02095	0.02396	0.01827	0.02670	0.06151	0.01476	0.04103	0.02698	0.31619	0.03069	0.02911	0.02104	0.01085	0.00945	0.00256	0.00936	0.00861	0.00980	0.28136
22	0.02583	0.02061	0.02768	0.11426	0.11587	0.01891	0.01905	0.07143	0.02512	0.07857	0.02133	0.02495	0.01662	0.00932	0.00911	0.00238	0.00993	0.00785	0.00677	0.37441
23	0.07996	0.08300	0.23435	0.03886	0.19771	0.02549	0.07801	0.03435	0.02334	0.07803	0.02066	0.02437	0.01556	0.00990	0.00992	0.00321	0.01344	0.00864	0.00566	0.01553
24	0.02339	0.17304	0.15925	0.11440	0.07945	0.02684	0.02488	0.02978	0.02148	0.03009	0.01754	0.02224	0.01435	0.01006	0.01096	0.00281	0.06204	0.00745	0.00499	0.16497
25	0.07039	0.02709	0.10950	0.07795	0.12686	0.02210	0.10343	0.06406	0.02507	0.08807	0.02178	0.02551	0.01635	0.00974	0.00990	0.00293	0.01217	0.00884	0.00652	0.17175
26	0.03154	0.11624	0.15576	0.07490	0.08427	0.02760	0.06454	0.15283	0.03025	0.12598	0.02381	0.02578	0.01711	0.01092	0.01008	0.00316	0.01280	0.00900	0.00746	0.01596

[dist]
# distance from previous block
# <min> <max>
0	37

[block]
# block no. 2 follows, 13 sequences, length 25
# corresponding to MSA columns:
# 192-216
name=unknown_C
#
# <colnr> <probs for GDERKNQSTAVLIFYWHMCP>
#	G	D	E	R	K	N	Q	S	T	A	V	L	I	F	Y	W	H	M	C	P
0	0.02815	0.07025	0.03407	0.27342	0.16501	0.02390	0.02536	0.03577	0.06155	0.14184	0.02519	0.02926	0.01845	0.01098	0.01027	0.00329	0.01206	0.00954	0.00697	0.01466
1	0.01442	0.01055	0.01393	0.01390	0.01602	0.01006	0.01025	0.01849	0.02597	0.03618	0.36189	0.18243	0.11247	0.03174	0.08768	0.00532	0.00829	0.02045	0.01039	0.00957
2	0.16508	0.08562	0.27102	0.06773	0.03795	0.02521	0.02678	0.07043	0.02423	0.10238	0.02096	0.02316	0.01494	0.01052	0.00922	0.00324	0.01255	0.00780	0.00640	0.01477
3	0.18884	0.11251	0.06885	0.02055	0.02872	0.09940	0.01817	0.12978	0.02926	0.17318	0.02389	0.02394	0.01702	0.01121	0.00898	0.00305	0.01142	0.00793	0.00834	0.01498
4	0.01451	0.01063	0.01390	0.01551	0.01741	0.01002	0.01196	0.01794	0.02361	0.03110	0.14091	0.30192	0.13874	0.02920	0.01356	0.00423	0.00703	0.17850	0.01007	0.00922
5	0.01504	0.01011	0.01163	0.01196	0.01204	0.01003	0.00686	0.01529	0.01602	0.02136	0.03663	0.14266	0.04263	0.54923	0.04845	0.00946	0.00970	0.01733	0.00686	0.00670
6	0.02536	0.24358	0.23465	0.13569	0.04322	0.09180	0.02806	0.03258	0.02265	0.02850	0.01720	0.02128	0.01361	0.00990	0.00899	0.00295	0.01425	0.00728	0.00464	0.01382
7	0.21114	0.02394	0.09622	0.24147	0.04464	0.02262	0.02262	0.06029	0.02351	0.08096	0.05895	0.02854	0.02070	0.01143	0.00954	0.00338	0.01145	0.00899	0.00671	0.01292
8	0.04744	0.01799	0.02454	0.01881	0.02699	0.01554	0.01554	0.05153	0.03026	0.56979	0.04171	0.03599	0.02617	0.01309	0.01063	0.00327	0.00900	0.01063	0.01309	0.01799
9	0.02073	0.01963	0.03397	0.36975	0.16500	0.02214	0.06755	0.02709	0.02194	0.02912	0.02439	0.10533	0.02210	0.01315	0.01109	0.00355	0.01304	0.01235	0.00553	0.01257
10	0.03169	0.02810	0.13263	0.14309	0.04295	0.06129	0.07901	0.03840	0.02589	0.22168	0.02977	0.03588	0.02184	0.01257	0.01092	0.00345	0.01303	0.04485	0.00812	0.01485
11	0.08378	0.01894	0.02480	0.05583	0.02843	0.02021	0.01715	0.07354	0.02629	0.29030	0.03395	0.10451	0.02693	0.01622	0.01527	0.00367	0.12328	0.01230	0.00989	0.01473
12	0.61751	0.02024	0.01634	0.01412	0.02103	0.02251	0.01159	0.03052	0.01849	0.04581	0.01523	0.01777	0.01198	0.00957	0.00670	0.00306	0.00814	0.00579	0.00651	0.09710
13	0.12983	0.01830	0.02341	0.01819	0.02617	0.01657	0.01503	0.04896	0.02872	0.50415	0.03832	0.03362	0.02432	0.01268	0.01012	0.00327	0.00889	0.01002	0.01226	0.01717
14	0.02533	0.02229	0.10807	0.17135	0.03886	0.01837	0.02164	0.06142	0.02742	0.14237	0.16964	0.04765	0.04228	0.01518	0.01125	0.00345	0.01048	0.04074	0.00884	0.01337
15	0.02804	0.27220	0.11577	0.02715	0.03613	0.03201	0.13970	0.03377	0.02267	0.08793	0.01966	0.02324	0.01555	0.01082	0.01260	0.00312	0.09123	0.00854	0.00566	0.01421
16	0.52800	0.02002	0.01969	0.16491	0.03387	0.02366	0.01604	0.03004	0.01880	0.04220	0.01577	0.02000	0.01213	0.01001	0.00758	0.00334	0.00970	0.00667	0.00607	0.01153
17	0.11250	0.02366	0.02954	0.06790	0.03433	0.02592	0.08353	0.11806	0.25597	0.04469	0.03032	0.03093	0.02274	0.01205	0.01020	0.00333	0.01048	0.01026	0.00870	0.06490
18	0.03282	0.10346	0.07036	0.02064	0.02826	0.02441	0.01820	0.13057	0.13274	0.18540	0.06421	0.03430	0.02780	0.01838	0.05677	0.00430	0.01148	0.01040	0.00970	0.01580
19	0.11752	0.18238	0.17716	0.02146	0.03165	0.02690	0.02226	0.07780	0.02601	0.18573	0.02425	0.02441	0.01714	0.01083	0.00900	0.00303	0.01144	0.00794	0.00765	0.01544
20	0.02755	0.50987	0.04885	0.01836	0.02703	0.03778	0.01751	0.03450	0.08971	0.02810	0.01870	0.02026	0.01617	0.00965	0.00738	0.00238	0.01067	0.00652	0.00546	0.06355
21	0.01557	0.09142	0.01868	0.01593	0.01794	0.01351	0.01207	0.01810	0.02107	0.02747	0.05221	0.46121	0.06110	0.02934	0.01280	0.00412	0.00739	0.10155	0.00911	0.00942
22	0.02762	0.03183	0.13606	0.02164	0.03083	0.11924	0.02016	0.06834	0.02568	0.07507	0.02139	0.02441	0.01668	0.01536	0.05578	0.00363	0.01343	0.00765	0.00654	0.27867
23	0.10530	0.15540	0.07138	0.06421	0.03196	0.06651	0.01879	0.09658	0.02673	0.11909	0.02167	0.02325	0.01623	0.01032	0.00874	0.00273	0.01112	0.00755	0.00721	0.13523
24	0.12800	0.07541	0.03248	0.02408	0.03129	0.09307	0.10852	0.06637	0.15871	0.03944	0.06824	0.03099	0.02590	0.01186	0.00989	0.00313	0.01147	0.01002	0.00773	0.06339

[dist]
# distance from previous block
# <min> <max>
0	12

[block]
# block no. 3 follows, 13 sequences, length 19
# corresponding to MSA columns:
# 229-247
name=unknown_D
#
# <colnr> <probs for GDERKNQSTAVLIFYWHMCP>
#	G	D	E	R	K	N	Q	S	T	A	V	L	I	F	Y	W	H	M	C	P
0	0.14659	0.02598	0.09083	0.10632	0.03387	0.06085	0.01930	0.10730	0.02610	0.10829	0.02409	0.03121	0.01936	0.10173	0.01595	0.00420	0.01165	0.00927	0.00738	0.04972
1	0.23325	0.02062	0.02584	0.07215	0.17640	0.02197	0.01924	0.03280	0.09221	0.04024	0.08711	0.03145	0.02710	0.01165	0.00933	0.00316	0.00944	0.00955	0.00721	0.06930
2	0.03581	0.01974	0.02449	0.06691	0.02952	0.02007	0.01635	0.15467	0.07259	0.26504	0.06819	0.03998	0.02998	0.08893	0.01604	0.00415	0.00988	0.01150	0.01072	0.01544
3	0.01538	0.01025	0.01153	0.01153	0.01153	0.01025	0.00641	0.01538	0.01538	0.02050	0.03331	0.06919	0.03844	0.62842	0.05382	0.01025	0.01025	0.01538	0.00641	0.00641
4	0.08050	0.02384	0.02836	0.06489	0.07342	0.02731	0.01997	0.16210	0.19839	0.08872	0.02935	0.03019	0.02195	0.01339	0.01338	0.00353	0.08589	0.01007	0.00897	0.01577
5	0.70310	0.02045	0.01554	0.01390	0.02045	0.02372	0.01145	0.03108	0.01799	0.04744	0.01472	0.01718	0.01145	0.00981	0.00654	0.00327	0.00818	0.00573	0.00654	0.01145
6	0.02687	0.02192	0.03459	0.22945	0.04866	0.02381	0.12251	0.10609	0.09005	0.09121	0.02876	0.07859	0.02304	0.01311	0.01122	0.00353	0.01262	0.01216	0.00768	0.01413
7	0.51089	0.02091	0.01890	0.01590	0.02295	0.02308	0.01311	0.08524	0.02355	0.14900	0.02095	0.02160	0.01492	0.01073	0.00773	0.00326	0.00869	0.00705	0.00820	0.01336
8	0.02065	0.01999	0.03453	0.51065	0.06795	0.02443	0.07361	0.02752	0.02113	0.02752	0.01867	0.02785	0.01425	0.01100	0.01250	0.00361	0.05777	0.00966	0.00475	0.01196
9	0.02895	0.02433	0.02774	0.02738	0.09414	0.02740	0.01931	0.14355	0.38504	0.04734	0.03681	0.03512	0.02763	0.01342	0.01069	0.00345	0.00951	0.01118	0.01005	0.01698
10	0.01355	0.00968	0.01299	0.01520	0.01618	0.00913	0.01071	0.01599	0.02146	0.02870	0.09475	0.51990	0.07102	0.03180	0.01356	0.00429	0.00649	0.08584	0.00994	0.00883
11	0.16725	0.02820	0.02462	0.02092	0.02771	0.15698	0.01657	0.08927	0.13290	0.18782	0.02924	0.02806	0.02082	0.01215	0.00960	0.00320	0.01135	0.00894	0.00930	0.01511
12	0.46124	0.02684	0.08788	0.01838	0.02650	0.02599	0.01690	0.14978	0.02609	0.05031	0.01779	0.01977	0.01325	0.01053	0.00794	0.00326	0.00992	0.00689	0.00725	0.01352
13	0.35559	0.08944	0.09150	0.01889	0.02696	0.06319	0.01743	0.06928	0.05960	0.09027	0.02048	0.02172	0.01527	0.01064	0.00813	0.00316	0.01046	0.00718	0.00717	0.01363
14	0.12009	0.06629	0.16485	0.01967	0.02878	0.01953	0.01988	0.03422	0.02486	0.16658	0.11626	0.03430	0.03140	0.01240	0.00964	0.00302	0.00991	0.00983	0.00831	0.10019
15	0.02761	0.06343	0.06388	0.06269	0.09413	0.01934	0.01879	0.07097	0.02834	0.15163	0.17527	0.04184	0.04144	0.01382	0.01053	0.00304	0.00935	0.01172	0.00909	0.08309
16	0.08407	0.03322	0.20670	0.02432	0.03530	0.02277	0.06055	0.12288	0.02797	0.10568	0.02267	0.02448	0.01629	0.01031	0.00962	0.00293	0.01197	0.00830	0.00723	0.16276
17	0.08884	0.09526	0.17073	0.02210	0.03233	0.06910	0.02198	0.12722	0.02763	0.03994	0.01914	0.02154	0.01477	0.00989	0.00885	0.00266	0.01186	0.00723	0.00641	0.20255
18	0.09922	0.03071	0.17031	0.02953	0.10148	0.02282	0.06359	0.07888	0.06110	0.16275	0.02623	0.02731	0.01855	0.01094	0.01004	0.00321	0.01187	0.00915	0.00786	0.05443

[dist]
# distance from previous block
# <min> <max>
0	23

[block]
# block no. 4 follows, 13 sequences, length 13
# corresponding to MSA columns:
# 271-283
name=unknown_E
#
# <colnr> <probs for GDERKNQSTAVLIFYWHMCP>
#	G	D	E	R	K	N	Q	S	T	A	V	L	I	F	Y	W	H	M	C	P
0	0.26247	0.02229	0.06827	0.01829	0.02586	0.02029	0.01623	0.03899	0.09892	0.17613	0.02992	0.03471	0.02294	0.01280	0.00929	0.00331	0.00916	0.04927	0.00889	0.07195
1	0.02122	0.01804	0.02437	0.22529	0.04067	0.01820	0.01854	0.07138	0.02556	0.03553	0.10514	0.03862	0.06661	0.01265	0.01008	0.00282	0.00982	0.01073	0.00715	0.23756
2	0.02005	0.01817	0.02687	0.19122	0.08805	0.01903	0.05482	0.02917	0.09818	0.03375	0.11053	0.04838	0.12116	0.01486	0.01103	0.00329	0.01005	0.01318	0.00763	0.08058
3	0.03158	0.02690	0.07109	0.02111	0.02850	0.08754	0.01801	0.13206	0.12280	0.13720	0.11174	0.03672	0.03353	0.01352	0.01047	0.00309	0.01039	0.01085	0.00967	0.08322
4	0.02022	0.01884	0.02730	0.15065	0.03445	0.02436	0.02094	0.02430	0.02100	0.03038	0.16195	0.03936	0.03717	0.01760	0.02336	0.00403	0.31440	0.01196	0.00654	0.01118
5	0.02154	0.01685	0.01954	0.02001	0.06655	0.06179	0.01376	0.02813	0.06569	0.08452	0.38497	0.06292	0.07432	0.01842	0.01177	0.00327	0.00742	0.01602	0.01062	0.01191
6	0.01326	0.01074	0.01177	0.01152	0.01475	0.00925	0.00864	0.01666	0.02591	0.03286	0.24678	0.09468	0.41582	0.02517	0.01249	0.00349	0.00524	0.02132	0.01038	0.00925
7	0.02554	0.02153	0.02486	0.02457	0.07441	0.02423	0.01755	0.08775	0.36601	0.04345	0.08293	0.04067	0.03505	0.01982	0.05899	0.00461	0.01040	0.01209	0.00990	0.01564
8	0.01538	0.01025	0.01153	0.01153	0.01153	0.01025	0.00641	0.01538	0.01538	0.02050	0.03331	0.06919	0.03844	0.62842	0.05382	0.01025	0.01025	0.01538	0.00641	0.00641
9	0.01597	0.01070	0.01578	0.01578	0.01704	0.01196	0.01169	0.01731	0.01604	0.02266	0.02609	0.04104	0.02518	0.10672	0.40788	0.19160	0.02209	0.01106	0.00544	0.00797
10	0.03332	0.07629	0.03684	0.18024	0.04522	0.08909	0.11595	0.03889	0.02605	0.21391	0.02650	0.02890	0.01850	0.01103	0.01051	0.00324	0.01340	0.00978	0.00777	0.01457
11	0.03837	0.10889	0.03251	0.02632	0.03213	0.53151	0.02020	0.04116	0.02911	0.02578	0.01618	0.01886	0.01361	0.01071	0.00926	0.00268	0.01829	0.00669	0.00536	0.01239
12	0.58184	0.02400	0.01834	0.01607	0.02269	0.07522	0.01306	0.07809	0.02201	0.04728	0.01586	0.01811	0.01225	0.01018	0.00719	0.00321	0.00948	0.00617	0.00682	0.01213

[dist]
# distance from previous block
# <min> <max>
9	12

[block]
# block no. 5 follows, 13 sequences, length 24
# corresponding to MSA columns:
# 297-320
name=unknown_F
#
# <colnr> <probs for GDERKNQSTAVLIFYWHMCP>
#	G	D	E	R	K	N	Q	S	T	A	V	L	I	F	Y	W	H	M	C	P
0	0.03042	0.45363	0.04636	0.01966	0.02757	0.12192	0.01820	0.03387	0.02361	0.06243	0.02003	0.02662	0.01815	0.01119	0.00809	0.00261	0.01223	0.04438	0.00566	0.01336
1	0.02734	0.54427	0.05049	0.01773	0.02683	0.03776	0.01727	0.03092	0.02155	0.02628	0.01530	0.01769	0.01388	0.00887	0.00694	0.00216	0.01080	0.00574	0.00478	0.11341
2	0.02461	0.02038	0.02337	0.01693	0.02619	0.01684	0.01364	0.10018	0.02601	0.03918	0.01976	0.02243	0.01600	0.00854	0.00823	0.00180	0.00839	0.00674	0.00690	0.59386
3	0.04094	0.02720	0.14901	0.02181	0.03169	0.01895	0.02121	0.08550	0.03003	0.40854	0.03528	0.03206	0.02263	0.01237	0.01050	0.00328	0.01070	0.00991	0.01094	0.01746
4	0.03950	0.05039	0.02996	0.02724	0.03269	0.58597	0.02043	0.04222	0.02996	0.02588	0.01634	0.01907	0.01362	0.01090	0.00953	0.00272	0.01907	0.00681	0.00545	0.01226
5	0.02837	0.02007	0.03447	0.02969	0.08046	0.01905	0.16831	0.03554	0.06228	0.17526	0.06604	0.08710	0.03346	0.06379	0.01520	0.00410	0.01161	0.04231	0.00883	0.01407
6	0.02769	0.15989	0.11286	0.13765	0.03858	0.02393	0.02163	0.03358	0.02332	0.13290	0.02229	0.02484	0.01656	0.00998	0.00901	0.00270	0.01123	0.00782	0.00660	0.17692
7	0.01538	0.01025	0.01153	0.01153	0.01153	0.01025	0.00641	0.01538	0.01538	0.02050	0.03331	0.06919	0.03844	0.62842	0.05382	0.01025	0.01025	0.01538	0.00641	0.00641
8	0.01508	0.01139	0.01440	0.01599	0.01865	0.01072	0.01325	0.01891	0.02389	0.03015	0.07404	0.15821	0.23527	0.02871	0.01377	0.00436	0.00788	0.28620	0.00977	0.00935
9	0.02317	0.14430	0.37942	0.03124	0.04473	0.02786	0.13919	0.03327	0.02275	0.03215	0.01879	0.02277	0.01399	0.00964	0.01003	0.00322	0.01539	0.00845	0.00466	0.01500
10	0.03942	0.02284	0.02696	0.02161	0.02909	0.02350	0.01799	0.28044	0.03893	0.24398	0.03580	0.04303	0.02725	0.01526	0.01119	0.00346	0.01040	0.08072	0.01136	0.01677
11	0.01304	0.01073	0.01146	0.01128	0.01461	0.00916	0.00846	0.01623	0.02538	0.03161	0.20618	0.09674	0.45720	0.02564	0.01249	0.00352	0.00527	0.02161	0.01022	0.00916
12	0.26062	0.01978	0.02106	0.01793	0.02435	0.02087	0.01485	0.13407	0.02918	0.17346	0.07186	0.04273	0.03027	0.01487	0.00995	0.00348	0.00904	0.07787	0.00978	0.01397
13	0.02268	0.02244	0.03385	0.45117	0.16879	0.06589	0.02932	0.02925	0.02239	0.02845	0.01883	0.02710	0.01460	0.01036	0.01047	0.00339	0.01416	0.00921	0.00486	0.01279
14	0.70310	0.02045	0.01554	0.01390	0.02045	0.02372	0.01145	0.03108	0.01799	0.04744	0.01472	0.01718	0.01145	0.00981	0.00654	0.00327	0.00818	0.00573	0.00654	0.01145
15	0.02204	0.09480	0.33431	0.03062	0.04265	0.02476	0.13929	0.03170	0.02312	0.03252	0.02455	0.03743	0.02096	0.01253	0.01095	0.00352	0.01485	0.07968	0.00544	0.01428
16	0.02252	0.01078	0.01179	0.01129	0.01430	0.01044	0.00855	0.02712	0.02300	0.10204	0.03713	0.08252	0.03019	0.01397	0.00824	0.00270	0.00551	0.01146	0.55572	0.01074
17	0.02192	0.01879	0.02192	0.01566	0.02506	0.01409	0.01253	0.02662	0.02192	0.03445	0.01879	0.02192	0.01566	0.00783	0.00783	0.00157	0.00783	0.00626	0.00626	0.69305
18	0.03017	0.02721	0.13745	0.06624	0.08194	0.01964	0.02224	0.07243	0.02643	0.17862	0.02552	0.02683	0.01816	0.01038	0.00966	0.00278	0.01087	0.00849	0.00783	0.21710
19	0.02121	0.05469	0.57364	0.03014	0.04576	0.02455	0.03906	0.03348	0.02232	0.03348	0.01897	0.02232	0.01339	0.01005	0.01005	0.00335	0.01563	0.00781	0.00446	0.01563
20	0.01282	0.00943	0.01203	0.01411	0.01517	0.00864	0.00954	0.01479	0.02083	0.02723	0.06575	0.54195	0.14467	0.03215	0.01334	0.00418	0.00602	0.02887	0.00982	0.00864
21	0.03005	0.20194	0.18927	0.02195	0.03166	0.02506	0.02321	0.03640	0.02464	0.18327	0.02967	0.03894	0.02405	0.01344	0.00996	0.00324	0.01166	0.07905	0.00771	0.01485
22	0.02240	0.01969	0.02360	0.01783	0.02562	0.01760	0.01437	0.02844	0.05622	0.03379	0.01970	0.02328	0.01652	0.00984	0.01198	0.00215	0.09621	0.00709	0.00633	0.54734
23	0.26619	0.06978	0.02493	0.08727	0.03048	0.02356	0.01602	0.07919	0.06117	0.11718	0.02262	0.02418	0.01672	0.01060	0.00848	0.00298	0.00953	0.00772	0.00771	0.11371

[dist]
# distance from previous block
# <min> <max>
0	2

[block]
# block no. 6 follows, 13 sequences, length 20
# corresponding to MSA columns:
# 323-342
name=unknown_G
#
# <colnr> <probs for GDERKNQSTAVLIFYWHMCP>
#	G	D	E	R	K	N	Q	S	T	A	V	L	I	F	Y	W	H	M	C	P
0	0.03109	0.24986	0.03901	0.02587	0.09900	0.07082	0.01934	0.13101	0.02871	0.07999	0.02365	0.07101	0.02062	0.01217	0.00916	0.00280	0.01127	0.00944	0.00713	0.05804
1	0.02581	0.01970	0.02723	0.23078	0.04335	0.02026	0.02031	0.06184	0.02407	0.10322	0.02185	0.02635	0.01648	0.01062	0.01138	0.00283	0.05553	0.00840	0.00674	0.26324
2	0.23051	0.02226	0.02387	0.14498	0.03535	0.05747	0.01795	0.10648	0.06159	0.11545	0.02611	0.06902	0.02083	0.01292	0.00955	0.00337	0.01061	0.01002	0.00810	0.01358
3	0.02676	0.03075	0.14312	0.02695	0.03540	0.09405	0.12988	0.03533	0.06509	0.10503	0.07358	0.04519	0.07384	0.01448	0.01139	0.00346	0.01299	0.05107	0.00782	0.01382
4	0.02331	0.02167	0.07061	0.10168	0.03502	0.01695	0.05418	0.02923	0.02343	0.07784	0.06686	0.02935	0.02333	0.01008	0.00936	0.00242	0.00992	0.00874	0.00685	0.37916
5	0.01446	0.01066	0.01351	0.01306	0.01555	0.00972	0.00970	0.01887	0.02834	0.03924	0.45447	0.12657	0.16004	0.02327	0.01256	0.00344	0.00513	0.02045	0.01124	0.00972
6	0.03407	0.03957	0.03152	0.03410	0.14407	0.35661	0.02225	0.04290	0.12995	0.03133	0.02236	0.02459	0.01796	0.01126	0.00997	0.00298	0.01558	0.00838	0.00645	0.01409
7	0.01396	0.01077	0.01274	0.01224	0.01518	0.00955	0.00918	0.01800	0.02755	0.03675	0.37314	0.08828	0.28704	0.02372	0.01248	0.00343	0.00514	0.02043	0.01090	0.00955
8	0.03803	0.12691	0.03329	0.02604	0.03196	0.51473	0.02012	0.04084	0.02885	0.02575	0.01613	0.01879	0.01361	0.01065	0.00917	0.00266	0.01805	0.00666	0.00533	0.01243
9	0.01288	0.00920	0.01227	0.01472	0.01534	0.00859	0.00981	0.01472	0.02024	0.02699	0.05828	0.62152	0.06993	0.03312	0.01350	0.00429	0.00613	0.03006	0.00981	0.00859
10	0.01621	0.01262	0.01782	0.02141	0.08841	0.01203	0.01418	0.02049	0.02548	0.03474	0.24042	0.19590	0.11380	0.02444	0.01287	0.00384	0.00723	0.11782	0.00987	0.01043
11	0.02114	0.02064	0.03688	0.48383	0.10726	0.02407	0.09924	0.02839	0.02190	0.02855	0.01924	0.02808	0.01457	0.01025	0.01083	0.00350	0.01450	0.00983	0.00483	0.01248
12	0.02399	0.02629	0.10572	0.12546	0.30590	0.02311	0.02863	0.06584	0.02617	0.03684	0.10014	0.03377	0.02841	0.01172	0.01073	0.00325	0.01198	0.01066	0.00640	0.01498
13	0.02183	0.08793	0.38862	0.10393	0.04541	0.02678	0.03402	0.03137	0.02124	0.03088	0.01792	0.02281	0.01357	0.01123	0.01335	0.00347	0.09865	0.00807	0.00452	0.01440
14	0.02318	0.04051	0.33713	0.15245	0.04806	0.02523	0.03237	0.07530	0.09558	0.03625	0.02275	0.02618	0.01650	0.01096	0.01030	0.00340	0.01398	0.00886	0.00587	0.01513
15	0.02481	0.28903	0.15893	0.02387	0.07414	0.02908	0.02233	0.03074	0.02200	0.03018	0.01718	0.02025	0.01436	0.00896	0.00809	0.00238	0.01140	0.00660	0.00505	0.20062
16	0.01577	0.01089	0.01634	0.01634	0.01784	0.01239	0.01239	0.01784	0.01634	0.02328	0.02629	0.03962	0.02479	0.07061	0.47530	0.15477	0.02442	0.01089	0.00545	0.00845
17	0.02280	0.02515	0.14167	0.02334	0.06599	0.01903	0.02019	0.03598	0.16362	0.08360	0.22256	0.04882	0.05103	0.01559	0.01119	0.00338	0.00908	0.01336	0.00950	0.01414
18	0.02390	0.02908	0.18131	0.02011	0.03120	0.01724	0.02044	0.03073	0.02275	0.07993	0.02080	0.02324	0.01590	0.00892	0.00871	0.00223	0.01018	0.00708	0.00633	0.43993
19	0.07630	0.01881	0.02179	0.01594	0.02497	0.01501	0.01284	0.03023	0.02273	0.10589	0.02150	0.02342	0.01673	0.00867	0.00810	0.00192	0.00801	0.00680	0.00718	0.55315

[dist]
# distance from previous block
# <min> <max>
0	3

[block]
# block no. 7 follows, 13 sequences, length 20
# corresponding to MSA columns:
# 346-365
name=unknown_H
#
# <colnr> <probs for GDERKNQSTAVLIFYWHMCP>
#	G	D	E	R	K	N	Q	S	T	A	V	L	I	F	Y	W	H	M	C	P
0	0.10186	0.02342	0.03737	0.04499	0.30904	0.02259	0.08610	0.03300	0.02364	0.07780	0.02103	0.02553	0.01663	0.00943	0.00986	0.00296	0.01166	0.00896	0.00618	0.12796
1	0.10260	0.01532	0.01944	0.02040	0.06249	0.01698	0.01446	0.02783	0.10735	0.03487	0.13078	0.04424	0.03900	0.04333	0.26338	0.00935	0.01678	0.01210	0.00774	0.01157
2	0.02524	0.02168	0.03724	0.17873	0.21816	0.02294	0.09680	0.03141	0.02413	0.08720	0.07850	0.03335	0.02554	0.01200	0.01290	0.00344	0.05902	0.01099	0.00655	0.01419
3	0.04210	0.01823	0.02420	0.01911	0.02643	0.01696	0.01567	0.09527	0.03035	0.44106	0.03815	0.03570	0.02538	0.02246	0.09254	0.00521	0.01201	0.01062	0.01178	0.01678
4	0.01538	0.01025	0.01153	0.01153	0.01153	0.01025	0.00641	0.01538	0.01538	0.02050	0.03331	0.06919	0.03844	0.62842	0.05382	0.01025	0.01025	0.01538	0.00641	0.00641
5	0.12359	0.02386	0.02911	0.02351	0.03053	0.02611	0.08507	0.17499	0.21195	0.04922	0.08356	0.03501	0.03010	0.01326	0.01053	0.00340	0.01018	0.01121	0.00947	0.01531
6	0.70310	0.02045	0.01554	0.01390	0.02045	0.02372	0.01145	0.03108	0.01799	0.04744	0.01472	0.01718	0.01145	0.00981	0.00654	0.00327	0.00818	0.00573	0.00654	0.01145
7	0.03481	0.02619	0.03239	0.02540	0.03335	0.02831	0.08073	0.27425	0.19535	0.10694	0.03194	0.03114	0.02294	0.01277	0.01087	0.00336	0.01113	0.01074	0.01024	0.01714
8	0.56901	0.01932	0.01621	0.01419	0.02062	0.02163	0.01164	0.03310	0.01983	0.11120	0.01959	0.02123	0.01449	0.01041	0.00711	0.00321	0.00803	0.00665	0.06040	0.01213
9	0.02678	0.02976	0.03118	0.36201	0.05561	0.21299	0.02585	0.03199	0.02369	0.02650	0.01756	0.02471	0.01392	0.01134	0.01223	0.00335	0.06517	0.00852	0.00494	0.01190
10	0.02326	0.02069	0.02748	0.20489	0.09966	0.02389	0.02181	0.04126	0.28325	0.03648	0.03423	0.08104	0.02797	0.01414	0.01089	0.00357	0.01042	0.01233	0.00821	0.01455
11	0.01288	0.00920	0.01227	0.01472	0.01534	0.00859	0.00981	0.01472	0.02024	0.02699	0.05828	0.62152	0.06993	0.03312	0.01350	0.00429	0.00613	0.03006	0.00981	0.00859
12	0.41028	0.02435	0.08082	0.01776	0.02587	0.02249	0.01622	0.07613	0.02408	0.17841	0.02281	0.02312	0.01588	0.01089	0.00828	0.00327	0.00948	0.00749	0.00828	0.01408
13	0.41817	0.02166	0.02084	0.01710	0.02441	0.02355	0.01411	0.13291	0.02710	0.17495	0.02320	0.02324	0.01622	0.01115	0.00830	0.00325	0.00905	0.00763	0.00888	0.01428
14	0.17034	0.14907	0.09913	0.02109	0.03013	0.02982	0.01979	0.21556	0.03220	0.10608	0.02213	0.02286	0.01613	0.01111	0.00895	0.00305	0.01107	0.00790	0.00809	0.01550
15	0.08757	0.07864	0.08962	0.02207	0.03087	0.05985	0.01973	0.22732	0.09715	0.04788	0.02356	0.02452	0.01773	0.01121	0.00941	0.00290	0.01119	0.00834	0.00813	0.12232
16	0.21532	0.07655	0.06000	0.02030	0.02835	0.02760	0.01773	0.20057	0.10160	0.11500	0.02565	0.02550	0.01853	0.01173	0.00918	0.00320	0.01015	0.00854	0.00896	0.01555
17	0.11179	0.02386	0.08351	0.01896	0.02793	0.01931	0.01694	0.06269	0.09419	0.15596	0.02690	0.02698	0.01953	0.01058	0.00906	0.00269	0.00925	0.00825	0.00841	0.26322
18	0.16846	0.09793	0.02855	0.01920	0.02732	0.02531	0.01622	0.18234	0.03199	0.22389	0.02707	0.02610	0.01877	0.01154	0.00919	0.00302	0.00982	0.00849	0.00964	0.05515
19	0.20227	0.02428	0.02335	0.01891	0.02647	0.08359	0.01522	0.10575	0.06848	0.17210	0.02588	0.02569	0.01856	0.01111	0.00898	0.00291	0.01000	0.00814	0.00884	0.13946

[dist]
# distance from previous block
# <min> <max>
3	27

[block]
# block no. 8 follows, 13 sequences, length 9
# corresponding to MSA columns:
# 393-401
name=unknown_I
#
# <colnr> <probs for GDERKNQSTAVLIFYWHMCP>
#	G	D	E	R	K	N	Q	S	T	A	V	L	I	F	Y	W	H	M	C	P
0	0.08253	0.07393	0.08977	0.01906	0.02788	0.02000	0.01749	0.07659	0.02752	0.23075	0.07036	0.03116	0.02567	0.01173	0.00951	0.00284	0.00955	0.00923	0.00917	0.15525
1	0.12156	0.07092	0.06840	0.01835	0.02645	0.01950	0.01623	0.06546	0.02592	0.23261	0.03073	0.08706	0.02425	0.01314	0.00952	0.00298	0.00926	0.01047	0.00913	0.13807
2	0.07751	0.02092	0.07559	0.01823	0.02455	0.01804	0.01586	0.09870	0.07242	0.10364	0.08127	0.10893	0.10643	0.02245	0.05836	0.00447	0.01032	0.01409	0.00915	0.05907
3	0.17171	0.02583	0.07805	0.01968	0.02699	0.06651	0.01721	0.13547	0.02970	0.13292	0.08577	0.07423	0.02998	0.01399	0.00989	0.00321	0.01014	0.01094	0.00897	0.04881
4	0.07860	0.02055	0.02640	0.02109	0.02865	0.02000	0.05522	0.09546	0.11006	0.21357	0.03447	0.03969	0.02627	0.01349	0.01047	0.00322	0.00971	0.05855	0.00996	0.12457
5	0.28964	0.02355	0.07012	0.02283	0.07936	0.02267	0.01786	0.12387	0.02737	0.04658	0.10364	0.03749	0.03074	0.01366	0.00955	0.00338	0.00957	0.04686	0.00803	0.01324
6	0.02590	0.10244	0.25443	0.02280	0.03430	0.02270	0.02485	0.03559	0.06617	0.10103	0.02329	0.02475	0.01718	0.01008	0.00922	0.00276	0.01163	0.00786	0.00655	0.19643
7	0.01837	0.00918	0.01377	0.01377	0.01377	0.00918	0.00918	0.01377	0.01377	0.01837	0.01837	0.03214	0.01837	0.03673	0.04132	0.69238	0.00918	0.00918	0.00459	0.00459
8	0.02920	0.10438	0.19049	0.03586	0.15046	0.06809	0.07189	0.15189	0.02992	0.04019	0.02025	0.02359	0.01547	0.01040	0.01008	0.00312	0.01397	0.00866	0.00624	0.01584

[dist]
# distance from previous block
# <min> <max>
0	1

[block]
# block no. 9 follows, 13 sequences, length 44
# corresponding to MSA columns:
# 403-446
name=unknown_J
#
# <colnr> <probs for GDERKNQSTAVLIFYWHMCP>
#	G	D	E	R	K	N	Q	S	T	A	V	L	I	F	Y	W	H	M	C	P
0	0.01911	0.01328	0.01654	0.01409	0.01878	0.01132	0.01087	0.02375	0.02756	0.08354	0.34744	0.06394	0.11407	0.01811	0.01123	0.00293	0.00603	0.01566	0.01033	0.17141
1	0.02931	0.58049	0.05304	0.01894	0.02765	0.09239	0.01831	0.03264	0.02227	0.02497	0.01485	0.01716	0.01357	0.00922	0.00704	0.00230	0.01203	0.00576	0.00461	0.01345
2	0.02337	0.04873	0.48329	0.02801	0.04252	0.02295	0.03495	0.03436	0.02293	0.07661	0.02078	0.02339	0.01461	0.01010	0.00991	0.00319	0.01444	0.00791	0.00531	0.07263
3	0.09544	0.08406	0.03281	0.02611	0.07675	0.03162	0.01994	0.35472	0.08345	0.05639	0.02445	0.02512	0.01808	0.01195	0.00987	0.00313	0.01110	0.00902	0.00921	0.01678
4	0.02857	0.02382	0.08334	0.03654	0.16764	0.02006	0.13686	0.03463	0.02503	0.17038	0.03254	0.13413	0.02812	0.01449	0.01147	0.00349	0.01198	0.01394	0.00802	0.01496
5	0.02235	0.06047	0.02419	0.01582	0.02520	0.01597	0.01290	0.02696	0.02189	0.03381	0.01852	0.02159	0.01552	0.00791	0.00776	0.00161	0.00807	0.00622	0.00615	0.64709
6	0.02620	0.02225	0.02440	0.02152	0.02689	0.02586	0.01694	0.09163	0.40807	0.04445	0.08678	0.04052	0.03575	0.01522	0.01291	0.00361	0.05872	0.01218	0.01031	0.01578
7	0.02630	0.02271	0.02391	0.02152	0.02749	0.02630	0.01674	0.05618	0.54336	0.04423	0.04303	0.03945	0.03228	0.01434	0.01076	0.00359	0.00837	0.01195	0.01076	0.01674
8	0.04019	0.02962	0.03173	0.02433	0.03279	0.03279	0.02010	0.52721	0.04971	0.06663	0.02538	0.02538	0.01798	0.01269	0.01058	0.00317	0.01163	0.00952	0.01058	0.01798
9	0.01306	0.01021	0.01185	0.01255	0.01491	0.00899	0.00899	0.01586	0.02380	0.03046	0.16953	0.27670	0.30930	0.02805	0.01284	0.00378	0.00556	0.02442	0.01014	0.00899
10	0.02496	0.02852	0.06239	0.04456	0.05526	0.02674	0.52406	0.03387	0.02496	0.03387	0.02139	0.02852	0.01604	0.00891	0.01248	0.00357	0.01783	0.01248	0.00535	0.01426
11	0.01276	0.00968	0.01178	0.01346	0.01500	0.00869	0.00925	0.01486	0.02146	0.02749	0.07366	0.45775	0.22376	0.03112	0.01318	0.00407	0.00589	0.02762	0.00982	0.00869
12	0.01997	0.01879	0.03171	0.60301	0.07282	0.02349	0.02936	0.02701	0.02114	0.02701	0.01879	0.02819	0.01409	0.01057	0.01057	0.00352	0.01409	0.00940	0.00470	0.01175
13	0.01327	0.00948	0.01271	0.01516	0.01595	0.00892	0.01049	0.01539	0.02062	0.02742	0.05806	0.57486	0.06909	0.03276	0.01360	0.00435	0.00647	0.07291	0.00981	0.00869
14	0.02994	0.01987	0.02780	0.25526	0.04567	0.02132	0.02139	0.11632	0.02795	0.16698	0.02619	0.02990	0.01877	0.01623	0.05215	0.00416	0.01277	0.00951	0.00798	0.08982
15	0.02827	0.63478	0.05540	0.01809	0.02714	0.04184	0.01809	0.03166	0.02148	0.02488	0.01470	0.01696	0.01357	0.00905	0.00678	0.00226	0.01131	0.00565	0.00452	0.01357
16	0.70310	0.02045	0.01554	0.01390	0.02045	0.02372	0.01145	0.03108	0.01799	0.04744	0.01472	0.01718	0.01145	0.00981	0.00654	0.00327	0.00818	0.00573	0.00654	0.01145
17	0.09202	0.03070	0.06983	0.02391	0.03274	0.03146	0.02078	0.45150	0.04517	0.06268	0.02406	0.02450	0.01712	0.01227	0.01021	0.00319	0.01165	0.00909	0.00981	0.01729
18	0.01997	0.01879	0.03171	0.60301	0.07282	0.02349	0.02936	0.02701	0.02114	0.02701	0.01879	0.02819	0.01409	0.01057	0.01057	0.00352	0.01409	0.00940	0.00470	0.01175
19	0.01566	0.01176	0.01677	0.02064	0.06572	0.01140	0.01431	0.01922	0.02285	0.03062	0.09829	0.34820	0.06477	0.02867	0.01352	0.00430	0.00784	0.18609	0.00955	0.00982
20	0.01638	0.01252	0.01646	0.06348	0.02160	0.01254	0.01219	0.02372	0.07415	0.04127	0.46676	0.07126	0.08667	0.02005	0.01216	0.00336	0.00605	0.01768	0.01098	0.01072
21	0.10553	0.01821	0.02374	0.01838	0.02641	0.01626	0.01518	0.04972	0.02918	0.52350	0.03932	0.03432	0.02487	0.01280	0.01027	0.00327	0.00892	0.01020	0.01251	0.01741
22	0.02252	0.02431	0.08159	0.34223	0.26413	0.02422	0.03140	0.02971	0.02240	0.03053	0.01924	0.02690	0.01508	0.01007	0.01049	0.00336	0.01362	0.00927	0.00489	0.01405
23	0.01538	0.01025	0.01153	0.01153	0.01153	0.01025	0.00641	0.01538	0.01538	0.02050	0.03331	0.06919	0.03844	0.62842	0.05382	0.01025	0.01025	0.01538	0.00641	0.00641
24	0.03950	0.05039	0.02996	0.02724	0.03269	0.58597	0.02043	0.04222	0.02996	0.02588	0.01634	0.01907	0.01362	0.01090	0.00953	0.00272	0.01907	0.00681	0.00545	0.01226
25	0.01760	0.01496	0.01947	0.01928	0.02048	0.01766	0.01447	0.02352	0.09268	0.02899	0.04385	0.37412	0.04913	0.02644	0.01898	0.00429	0.17326	0.02176	0.00851	0.01056
26	0.03239	0.06599	0.02859	0.02199	0.02913	0.02865	0.01782	0.20482	0.31343	0.08774	0.03538	0.03318	0.02600	0.01337	0.01042	0.00334	0.00966	0.01065	0.01045	0.01701
27	0.02463	0.02370	0.03233	0.02746	0.02820	0.03242	0.02287	0.06938	0.01913	0.02905	0.01489	0.02333	0.01424	0.01800	0.03259	0.00450	0.55675	0.00928	0.00515	0.01213
28	0.02571	0.02235	0.02463	0.07554	0.03170	0.02604	0.01791	0.05347	0.49485	0.04263	0.04078	0.03840	0.03059	0.01399	0.01074	0.00358	0.00890	0.01172	0.01020	0.01627
29	0.01481	0.01069	0.01400	0.01341	0.01576	0.00988	0.00996	0.01957	0.02922	0.04128	0.52064	0.11842	0.09759	0.02245	0.01254	0.00340	0.00507	0.01992	0.01151	0.00988
30	0.29944	0.02114	0.02312	0.08277	0.03057	0.02274	0.01630	0.12680	0.02797	0.21431	0.02566	0.02585	0.01759	0.01146	0.00902	0.00328	0.00972	0.00838	0.00914	0.01474
31	0.02710	0.49563	0.05017	0.02029	0.02728	0.03969	0.01924	0.03025	0.02028	0.02501	0.01451	0.01836	0.01364	0.01120	0.01313	0.00280	0.14730	0.00647	0.00455	0.01311
32	0.01293	0.01059	0.01140	0.01148	0.01462	0.00907	0.00850	0.01591	0.02470	0.03066	0.17538	0.14360	0.44148	0.02650	0.01258	0.00359	0.00536	0.02248	0.01011	0.00907
33	0.02068	0.01960	0.03266	0.52014	0.10901	0.02424	0.02918	0.02734	0.02104	0.02751	0.01854	0.02768	0.01429	0.01103	0.01223	0.00357	0.05501	0.00939	0.00474	0.01213
34	0.02838	0.07369	0.03251	0.36771	0.05513	0.02499	0.02464	0.10208	0.02680	0.12819	0.02341	0.02820	0.01673	0.01118	0.01025	0.00332	0.01261	0.00931	0.00699	0.01388
35	0.01535	0.01035	0.01201	0.01201	0.01218	0.01051	0.00700	0.01568	0.01552	0.02086	0.03288	0.06676	0.03738	0.58016	0.10063	0.01084	0.01184	0.01502	0.00634	0.00667
36	0.01267	0.01060	0.01104	0.01119	0.01446	0.00896	0.00829	0.01542	0.02413	0.02925	0.12970	0.14213	0.49197	0.02698	0.01257	0.00361	0.00540	0.02275	0.00993	0.00896
37	0.03045	0.01949	0.02944	0.36708	0.05478	0.02178	0.02417	0.07859	0.02654	0.20260	0.02664	0.03042	0.01826	0.01155	0.01059	0.00341	0.01226	0.00980	0.00787	0.01427
38	0.03606	0.01954	0.02823	0.06431	0.06976	0.01905	0.06137	0.04533	0.11413	0.31224	0.03638	0.03498	0.02489	0.01243	0.01051	0.00329	0.00990	0.01077	0.07060	0.01622
39	0.04381	0.02382	0.02814	0.02158	0.02990	0.02418	0.01782	0.28992	0.04001	0.31763	0.03353	0.03067	0.02207	0.01289	0.01060	0.00322	0.01032	0.01007	0.01183	0.01799
40	0.02587	0.02243	0.03093	0.45037	0.06176	0.07249	0.02655	0.07481	0.02524	0.07812	0.02118	0.02783	0.01546	0.01101	0.01049	0.00340	0.01386	0.00929	0.00602	0.01289
41	0.08111	0.01894	0.02137	0.01551	0.02466	0.01493	0.01243	0.02701	0.02158	0.03558	0.01844	0.02151	0.01529	0.00800	0.00772	0.00171	0.00786	0.00622	0.00629	0.63383
42	0.03141	0.39293	0.12835	0.02053	0.03039	0.03388	0.02103	0.07095	0.02518	0.12536	0.02089	0.02175	0.01608	0.01017	0.00824	0.00267	0.01159	0.00714	0.00646	0.01498
43	0.02414	0.02170	0.09599	0.01908	0.02438	0.06429	0.01723	0.02933	0.02567	0.12499	0.12101	0.13918	0.04841	0.02002	0.01172	0.00366	0.00960	0.11850	0.06902	0.01209

[dist]
# distance from previous block
# <min> <max>
4	6

[block]
# block no. 10 follows, 13 sequences, length 19
# corresponding to MSA columns:
# 453-471
name=unknown_K
#
# <colnr> <probs for GDERKNQSTAVLIFYWHMCP>
#	G	D	E	R	K	N	Q	S	T	A	V	L	I	F	Y	W	H	M	C	P
0	0.01929	0.01814	0.03061	0.13969	0.03812	0.01973	0.13201	0.02628	0.06723	0.02991	0.03607	0.25526	0.03744	0.01998	0.01470	0.00395	0.07456	0.01819	0.00733	0.01153
1	0.01749	0.01658	0.03140	0.02612	0.03058	0.01552	0.20616	0.02203	0.02204	0.02962	0.04419	0.39511	0.04936	0.02388	0.01311	0.00402	0.01060	0.02335	0.00811	0.01075
2	0.02440	0.01646	0.01845	0.01837	0.02184	0.06329	0.01425	0.02980	0.06661	0.14042	0.04939	0.27868	0.05074	0.02458	0.01261	0.00403	0.00892	0.13524	0.01016	0.01178
3	0.03380	0.02399	0.02632	0.02191	0.02897	0.02648	0.01753	0.19428	0.31514	0.13554	0.03762	0.03474	0.02708	0.01365	0.01068	0.00341	0.00943	0.01102	0.01108	0.01731
4	0.29700	0.02016	0.02187	0.01752	0.02511	0.02049	0.01446	0.09423	0.02764	0.31693	0.02967	0.02768	0.01968	0.01180	0.00907	0.00326	0.00896	0.00864	0.01032	0.01549
5	0.01538	0.01025	0.01153	0.01153	0.01153	0.01025	0.00641	0.01538	0.01538	0.02050	0.03331	0.06919	0.03844	0.62842	0.05382	0.01025	0.01025	0.01538	0.00641	0.00641
6	0.02192	0.01879	0.02192	0.01566	0.02506	0.01409	0.01253	0.02662	0.02192	0.03445	0.01879	0.02192	0.01566	0.00783	0.00783	0.00157	0.00783	0.00626	0.00626	0.69305
7	0.02859	0.02542	0.02699	0.02045	0.02913	0.10582	0.04748	0.08442	0.02691	0.07442	0.02090	0.02327	0.01636	0.00926	0.00888	0.00217	0.01070	0.00740	0.00702	0.42440
8	0.03191	0.02585	0.08174	0.04514	0.27932	0.02250	0.10937	0.03843	0.02592	0.19343	0.02655	0.02918	0.01917	0.01047	0.01082	0.00327	0.01261	0.01016	0.00753	0.01662
9	0.02091	0.02161	0.07000	0.16207	0.08102	0.02013	0.08304	0.03098	0.09779	0.03603	0.16334	0.04195	0.03959	0.01342	0.01104	0.00327	0.01081	0.01229	0.00761	0.07311
10	0.01315	0.00975	0.01228	0.01374	0.01521	0.00888	0.00951	0.01566	0.02254	0.02979	0.14841	0.43602	0.16625	0.03007	0.01314	0.00400	0.00580	0.02683	0.01011	0.00888
11	0.02488	0.15892	0.23756	0.02986	0.08382	0.02803	0.08020	0.07104	0.07054	0.03596	0.06091	0.02816	0.02240	0.01110	0.00996	0.00314	0.01299	0.00934	0.00618	0.01502
