[name]
unknown

[dist]
# distance from previous block
# <min> <max>
12	98

[block]
# block no. 0 follows, 11 sequences, length 90
# corresponding to MSA columns:
# 108-197
name=unknown_A
#
# <colnr> <probs for GDERKNQSTAVLIFYWHMCP>
#	G	D	E	R	K	N	Q	S	T	A	V	L	I	F	Y	W	H	M	C	P
0	0.02735	0.34101	0.17936	0.02404	0.03415	0.03683	0.02543	0.03659	0.07963	0.03132	0.02025	0.02297	0.01674	0.01156	0.01156	0.00312	0.06953	0.00778	0.00558	0.01519
1	0.03084	0.03346	0.10455	0.03972	0.05094	0.03009	0.31275	0.16860	0.03387	0.04605	0.02374	0.02875	0.01739	0.01077	0.01244	0.00365	0.01685	0.01188	0.00720	0.01646
2	0.02475	0.01821	0.02384	0.02481	0.09494	0.01744	0.01645	0.07045	0.07052	0.08482	0.17426	0.13578	0.05382	0.01850	0.01185	0.00338	0.00841	0.01623	0.01014	0.12140
3	0.01868	0.01565	0.01935	0.01884	0.02125	0.01761	0.01425	0.02731	0.12167	0.03361	0.09551	0.23994	0.12020	0.03019	0.05600	0.00524	0.10250	0.02093	0.00960	0.01165
4	0.09239	0.02648	0.04494	0.03910	0.11094	0.02811	0.20643	0.08590	0.02675	0.03951	0.02416	0.07350	0.02121	0.01397	0.01627	0.00391	0.11230	0.01268	0.00670	0.01473
5	0.02294	0.02152	0.03388	0.41520	0.10620	0.02644	0.02932	0.03270	0.07938	0.03141	0.02259	0.03068	0.01747	0.01245	0.01381	0.00384	0.07052	0.01031	0.00579	0.01356
6	0.03218	0.02166	0.02384	0.01973	0.02517	0.02322	0.01508	0.22197	0.09116	0.09764	0.03419	0.04541	0.02920	0.19846	0.02546	0.00575	0.01079	0.01252	0.05198	0.01458
7	0.01706	0.01228	0.01447	0.01480	0.01586	0.01273	0.00956	0.02155	0.07559	0.02677	0.04261	0.19327	0.04717	0.35701	0.08250	0.00915	0.01119	0.01935	0.00817	0.00892
8	0.02751	0.01501	0.01898	0.01681	0.02114	0.01431	0.01267	0.03454	0.08480	0.18904	0.21180	0.11486	0.06207	0.10261	0.01879	0.00470	0.00792	0.01736	0.01176	0.01333
9	0.21981	0.02530	0.02590	0.02071	0.02857	0.09570	0.05421	0.03604	0.02562	0.11494	0.06355	0.02919	0.02404	0.01152	0.00945	0.00296	0.01095	0.00894	0.00809	0.18451
10	0.02257	0.05822	0.54613	0.03208	0.04871	0.02614	0.04158	0.03564	0.02376	0.03564	0.02020	0.02376	0.01426	0.01069	0.01069	0.00356	0.01663	0.00832	0.00475	0.01663
11	0.03158	0.02195	0.03396	0.14301	0.15388	0.02092	0.05319	0.03757	0.02632	0.17340	0.02712	0.03023	0.01969	0.01090	0.01068	0.00309	0.01182	0.00978	0.00801	0.17287
12	0.01750	0.01414	0.01678	0.01520	0.02022	0.01171	0.01162	0.02133	0.02461	0.03392	0.10697	0.18490	0.17351	0.02276	0.01203	0.00333	0.00714	0.05653	0.00934	0.23646
13	0.14596	0.02448	0.02562	0.02144	0.02860	0.02716	0.01722	0.18193	0.20973	0.09844	0.07413	0.03656	0.03128	0.01443	0.01076	0.00358	0.00968	0.01131	0.01092	0.01678
14	0.03742	0.02030	0.02478	0.02001	0.02694	0.02006	0.01614	0.14511	0.07940	0.25826	0.17161	0.04850	0.04769	0.01641	0.01185	0.00350	0.00899	0.01362	0.01270	0.01672
15	0.01504	0.01104	0.01410	0.01424	0.01650	0.01010	0.01033	0.01918	0.02842	0.03910	0.35741	0.22193	0.14707	0.02687	0.01357	0.00384	0.00568	0.02381	0.01165	0.01010
16	0.04568	0.01898	0.02456	0.01918	0.02705	0.01724	0.01573	0.08815	0.03275	0.43170	0.04185	0.03787	0.02726	0.01378	0.01083	0.00335	0.00920	0.01110	0.10580	0.01793
17	0.17523	0.02358	0.02661	0.02083	0.02928	0.02408	0.01720	0.18969	0.03612	0.29494	0.03316	0.03073	0.02197	0.01310	0.01043	0.00345	0.01029	0.00990	0.01169	0.01775
18	0.03743	0.02887	0.03076	0.02481	0.03286	0.03240	0.02010	0.33856	0.21978	0.06230	0.03382	0.03244	0.02465	0.01415	0.01133	0.00354	0.01113	0.01107	0.01133	0.01866
19	0.02570	0.01957	0.02441	0.10109	0.03388	0.01932	0.01761	0.03767	0.15038	0.08737	0.03582	0.08599	0.03085	0.01521	0.01096	0.00324	0.00961	0.04941	0.00899	0.23293
20	0.07270	0.31227	0.03521	0.01519	0.02163	0.02860	0.01388	0.03046	0.02292	0.03481	0.02466	0.02830	0.02045	0.01118	0.00748	0.00258	0.00889	0.00794	0.28826	0.01259
21	0.68395	0.02177	0.01654	0.01480	0.02177	0.02525	0.01219	0.03309	0.01915	0.05050	0.01567	0.01828	0.01219	0.01045	0.00697	0.00348	0.00871	0.00609	0.00697	0.01219
22	0.03195	0.02251	0.02862	0.13297	0.03842	0.02532	0.02080	0.14463	0.11335	0.13158	0.09814	0.03949	0.03365	0.01532	0.01412	0.00372	0.06752	0.01209	0.01003	0.01578
23	0.01603	0.01202	0.01627	0.01677	0.01765	0.01326	0.01191	0.01823	0.01879	0.02604	0.04115	0.23968	0.04608	0.18975	0.20685	0.01062	0.06233	0.01978	0.00765	0.00913
24	0.01657	0.01075	0.01324	0.01434	0.01582	0.01039	0.01019	0.01975	0.02307	0.03330	0.11748	0.26027	0.06219	0.12592	0.02031	0.00516	0.00728	0.07260	0.15201	0.00939
25	0.05050	0.01915	0.02612	0.02003	0.02873	0.01654	0.01654	0.05485	0.03221	0.54203	0.04440	0.03831	0.02786	0.01393	0.01132	0.00348	0.00958	0.01132	0.01393	0.01915
26	0.21313	0.02021	0.02290	0.01849	0.02592	0.02016	0.01511	0.09569	0.03110	0.28651	0.10299	0.03813	0.03373	0.01424	0.01043	0.00348	0.00907	0.01107	0.01155	0.01610
27	0.68395	0.02177	0.01654	0.01480	0.02177	0.02525	0.01219	0.03309	0.01915	0.05050	0.01567	0.01828	0.01219	0.01045	0.00697	0.00348	0.00871	0.00609	0.00697	0.01219
28	0.39597	0.02109	0.01940	0.01685	0.02311	0.02351	0.01330	0.07562	0.08046	0.09651	0.02578	0.03158	0.02097	0.09539	0.01538	0.00456	0.00944	0.00918	0.00852	0.01337
29	0.08715	0.02488	0.09965	0.02271	0.03089	0.01974	0.05739	0.08338	0.03056	0.21144	0.12113	0.08859	0.04057	0.01619	0.01163	0.00361	0.01054	0.01385	0.01056	0.01555
30	0.04043	0.08080	0.03524	0.02507	0.03390	0.03514	0.02090	0.41950	0.08974	0.06507	0.02765	0.02753	0.02004	0.01333	0.01093	0.00333	0.01206	0.01000	0.01072	0.01862
31	0.68395	0.02177	0.01654	0.01480	0.02177	0.02525	0.01219	0.03309	0.01915	0.05050	0.01567	0.01828	0.01219	0.01045	0.00697	0.00348	0.00871	0.00609	0.00697	0.01219
32	0.08866	0.02766	0.09826	0.02287	0.03125	0.02497	0.02040	0.05301	0.29603	0.15485	0.03929	0.03657	0.02818	0.01391	0.01093	0.00368	0.01013	0.01122	0.01067	0.01746
33	0.02458	0.01299	0.01736	0.01630	0.01989	0.01171	0.01217	0.02843	0.02830	0.17489	0.23076	0.25369	0.07355	0.02488	0.01313	0.00389	0.00691	0.02202	0.01212	0.01242
34	0.02375	0.01801	0.02270	0.02024	0.02357	0.02076	0.01580	0.14278	0.02672	0.03710	0.02878	0.04247	0.02656	0.13838	0.29708	0.01206	0.07172	0.01201	0.00740	0.01210
35	0.01929	0.01185	0.01590	0.01643	0.01890	0.01099	0.01229	0.02299	0.02653	0.09408	0.20103	0.31027	0.07729	0.02848	0.01385	0.00422	0.00706	0.08621	0.01143	0.01093
36	0.01906	0.01010	0.01515	0.01515	0.01543	0.01038	0.01038	0.01543	0.01515	0.02048	0.02104	0.03562	0.02076	0.04549	0.11674	0.58024	0.01265	0.01010	0.00505	0.00562
37	0.02320	0.10403	0.50577	0.03102	0.04707	0.02766	0.03974	0.03548	0.02369	0.03489	0.01982	0.02329	0.01427	0.01061	0.01041	0.00347	0.01625	0.00813	0.00476	0.01645
38	0.02443	0.01651	0.02110	0.09639	0.02951	0.01738	0.01580	0.06518	0.10169	0.09937	0.16289	0.15342	0.05470	0.01991	0.01209	0.00371	0.00844	0.01731	0.06689	0.01327
39	0.04175	0.02533	0.02914	0.02272	0.03133	0.02604	0.01858	0.24619	0.10846	0.22559	0.03503	0.03269	0.02406	0.01348	0.01107	0.00334	0.01061	0.01062	0.01183	0.07212
40	0.03816	0.02923	0.03117	0.02496	0.03314	0.03274	0.02027	0.36013	0.19702	0.06348	0.03290	0.03170	0.02390	0.01406	0.01132	0.00352	0.01130	0.01094	0.01132	0.01873
41	0.68395	0.02177	0.01654	0.01480	0.02177	0.02525	0.01219	0.03309	0.01915	0.05050	0.01567	0.01828	0.01219	0.01045	0.00697	0.00348	0.00871	0.00609	0.00697	0.01219
42	0.02317	0.02155	0.03711	0.36816	0.17372	0.02440	0.06821	0.03045	0.02365	0.03235	0.02198	0.03061	0.01704	0.01099	0.01110	0.00356	0.01410	0.01032	0.06379	0.01375
43	0.01434	0.01024	0.01378	0.01639	0.01731	0.00968	0.01153	0.01675	0.02216	0.02943	0.06169	0.53080	0.07308	0.03467	0.01453	0.00466	0.00707	0.09214	0.01044	0.00931
44	0.01500	0.01140	0.01618	0.09474	0.02500	0.01153	0.01340	0.01807	0.02271	0.03036	0.10231	0.46629	0.06921	0.03066	0.01382	0.00435	0.00760	0.02774	0.00987	0.00976
45	0.11886	0.02010	0.02905	0.29243	0.08584	0.02358	0.02419	0.03241	0.02303	0.09322	0.02351	0.02987	0.01765	0.01230	0.01259	0.00365	0.06276	0.00964	0.07194	0.01339
46	0.03569	0.02578	0.03221	0.09445	0.10793	0.02806	0.02276	0.20059	0.15684	0.12782	0.03272	0.03294	0.02360	0.01326	0.01130	0.00354	0.01153	0.01093	0.01019	0.01786
47	0.01910	0.00994	0.01433	0.01433	0.01433	0.00994	0.00936	0.01490	0.01490	0.01987	0.02179	0.03978	0.02256	0.11883	0.04586	0.57922	0.00994	0.01070	0.00516	0.00516
48	0.02845	0.02045	0.02533	0.08332	0.03331	0.01827	0.01661	0.03741	0.09396	0.12466	0.02787	0.02934	0.02091	0.01062	0.00963	0.00253	0.00941	0.00871	0.00841	0.39083
49	0.05050	0.01915	0.02612	0.02003	0.02873	0.01654	0.01654	0.05485	0.03221	0.54203	0.04440	0.03831	0.02786	0.01393	0.01132	0.00348	0.00958	0.01132	0.01393	0.01915
50	0.02462	0.02462	0.03447	0.02955	0.02955	0.03447	0.02462	0.02709	0.01724	0.02709	0.01477	0.02462	0.01477	0.01970	0.03694	0.00492	0.58385	0.00985	0.00492	0.01231
51	0.01620	0.01157	0.01560	0.01560	0.01674	0.01272	0.01096	0.01850	0.01735	0.02428	0.03243	0.05684	0.03362	0.30743	0.34432	0.01501	0.02190	0.01391	0.00637	0.00866
52	0.02786	0.02674	0.04568	0.06908	0.53424	0.02674	0.03454	0.03454	0.02563	0.03677	0.02117	0.02786	0.01783	0.01003	0.01114	0.00334	0.01337	0.01003	0.00557	0.01783
53	0.23562	0.02115	0.02500	0.09758	0.03407	0.02197	0.01774	0.08376	0.02876	0.28056	0.03081	0.03013	0.02058	0.01247	0.01000	0.00351	0.01033	0.00946	0.01035	0.01613
54	0.01681	0.01262	0.01571	0.01474	0.01780	0.01208	0.01111	0.02429	0.07410	0.04426	0.45612	0.08207	0.12996	0.02272	0.01312	0.00358	0.00566	0.01992	0.01217	0.01118
55	0.03178	0.02511	0.02707	0.02278	0.02960	0.02811	0.01813	0.21631	0.27505	0.05565	0.10689	0.04238	0.03885	0.01571	0.01164	0.00362	0.00969	0.01284	0.01151	0.01729
56	0.03615	0.01810	0.02409	0.02435	0.09536	0.01729	0.01659	0.04383	0.07641	0.27059	0.03894	0.03830	0.02739	0.01327	0.01026	0.00324	0.00874	0.01103	0.20987	0.01622
57	0.01519	0.01102	0.01466	0.01704	0.01863	0.01048	0.01292	0.01833	0.02340	0.03057	0.06567	0.39387	0.11032	0.03325	0.01468	0.00471	0.00777	0.17747	0.01042	0.00959
58	0.03761	0.01956	0.02927	0.02341	0.03071	0.01817	0.08279	0.04543	0.08541	0.31683	0.04482	0.14246	0.03584	0.01746	0.01218	0.00377	0.01025	0.01564	0.01183	0.01656
59	0.01637	0.01091	0.01228	0.01228	0.01228	0.01091	0.00682	0.01637	0.01637	0.02182	0.03546	0.07365	0.04092	0.60445	0.05729	0.01091	0.01091	0.01637	0.00682	0.00682
60	0.03081	0.07256	0.02784	0.02109	0.02792	0.02654	0.01705	0.14457	0.23951	0.09132	0.08852	0.04669	0.08424	0.01629	0.01139	0.00355	0.00935	0.01324	0.01105	0.01647
61	0.07616	0.16877	0.11988	0.02171	0.03133	0.08084	0.02086	0.09867	0.02805	0.03949	0.02088	0.02364	0.01661	0.01065	0.00892	0.00273	0.01211	0.00763	0.06334	0.14774
62	0.15400	0.25408	0.03611	0.01831	0.02599	0.03231	0.01629	0.13920	0.02926	0.04416	0.02223	0.02465	0.01781	0.01133	0.00823	0.00287	0.01022	0.00782	0.13077	0.01437
63	0.56426	0.02469	0.01891	0.01667	0.02367	0.07739	0.01352	0.03619	0.02157	0.09174	0.01839	0.02026	0.01381	0.01087	0.00767	0.00342	0.00993	0.00667	0.00747	0.01289
64	0.14848	0.02578	0.02741	0.02212	0.02982	0.02806	0.01797	0.28262	0.07924	0.12553	0.03194	0.07645	0.02505	0.01503	0.01082	0.00355	0.01061	0.01167	0.01084	0.01702
65	0.01971	0.01443	0.01778	0.01693	0.02038	0.01425	0.01333	0.08776	0.03231	0.04400	0.29596	0.13133	0.11859	0.02469	0.01351	0.00393	0.00738	0.10066	0.01153	0.01155
66	0.01371	0.00979	0.01306	0.01567	0.01632	0.00914	0.01045	0.01567	0.02155	0.02873	0.06203	0.59710	0.07444	0.03526	0.01437	0.00457	0.00653	0.03200	0.01045	0.00914
67	0.01447	0.01097	0.01303	0.01344	0.01574	0.00987	0.00954	0.01760	0.02569	0.03375	0.22067	0.22661	0.23877	0.07726	0.01729	0.00452	0.00624	0.02426	0.01074	0.00952
68	0.03550	0.02791	0.02968	0.02442	0.03213	0.03150	0.01963	0.28147	0.28002	0.05918	0.03628	0.03440	0.02664	0.01438	0.01135	0.00359	0.01067	0.01141	0.01135	0.01849
69	0.49181	0.01916	0.01604	0.01431	0.02050	0.02141	0.01163	0.03340	0.02116	0.08864	0.02247	0.02493	0.01700	0.01130	0.00751	0.00330	0.00804	0.00745	0.14754	0.01240
70	0.48324	0.02379	0.02131	0.01779	0.02537	0.02673	0.01467	0.14136	0.02801	0.09672	0.02071	0.02198	0.01511	0.01145	0.00832	0.00346	0.00962	0.00746	0.00854	0.01437
71	0.02418	0.14895	0.42360	0.03122	0.04623	0.02943	0.07600	0.03535	0.02385	0.03414	0.01965	0.02336	0.01453	0.01041	0.01033	0.00339	0.01606	0.00835	0.00484	0.01614
72	0.03009	0.61122	0.05898	0.01926	0.02889	0.04454	0.01926	0.03370	0.02287	0.02648	0.01565	0.01805	0.01444	0.00963	0.00722	0.00241	0.01204	0.00602	0.00481	0.01444
73	0.10425	0.02390	0.02441	0.02196	0.02840	0.02768	0.01716	0.05670	0.45639	0.04748	0.04231	0.03924	0.03178	0.01471	0.01093	0.00378	0.00888	0.01195	0.01093	0.01716
74	0.02486	0.01344	0.01821	0.01769	0.02141	0.01238	0.01401	0.02910	0.02800	0.16620	0.17477	0.20464	0.06804	0.02562	0.01360	0.00418	0.00798	0.13166	0.01181	0.01240
75	0.02430	0.01324	0.01760	0.01577	0.01973	0.01195	0.01208	0.02904	0.03093	0.16705	0.36179	0.12353	0.08358	0.02197	0.01290	0.00363	0.00649	0.01926	0.01258	0.01260
76	0.03446	0.02984	0.02830	0.02408	0.02912	0.14581	0.01922	0.14243	0.07365	0.08397	0.02690	0.02970	0.02080	0.01454	0.01600	0.00353	0.13550	0.00981	0.11760	0.01476
77	0.04258	0.01826	0.02415	0.01926	0.02672	0.01650	0.01563	0.04946	0.07362	0.41345	0.12825	0.04654	0.04197	0.01562	0.01167	0.00352	0.00878	0.01300	0.01345	0.01756
78	0.01955	0.00978	0.01466	0.01466	0.01466	0.00978	0.00978	0.01466	0.01466	0.01955	0.01955	0.03421	0.01955	0.03910	0.04399	0.67253	0.00978	0.00978	0.00489	0.00489
79	0.02241	0.01715	0.02123	0.08391	0.02876	0.01845	0.01598	0.13022	0.07087	0.03989	0.04781	0.35425	0.05155	0.02582	0.01305	0.00414	0.00905	0.02283	0.01008	0.01255
80	0.01484	0.01064	0.01416	0.01557	0.01707	0.00997	0.01114	0.01822	0.02545	0.03477	0.22193	0.38199	0.08455	0.03071	0.01409	0.00427	0.00643	0.06333	0.01111	0.00975
81	0.03974	0.02001	0.02457	0.01963	0.02716	0.01898	0.01615	0.13531	0.03389	0.29013	0.03888	0.04242	0.02825	0.01463	0.01090	0.00332	0.00949	0.04690	0.10455	0.07512
82	0.02843	0.27211	0.26291	0.02515	0.03744	0.03280	0.02851	0.03859	0.06603	0.07657	0.02266	0.02430	0.01722	0.01094	0.00943	0.00312	0.01354	0.00804	0.00614	0.01608
83	0.02271	0.01257	0.01649	0.01585	0.01920	0.01130	0.01173	0.02631	0.02745	0.15045	0.20442	0.27336	0.11125	0.02612	0.01325	0.00395	0.00678	0.02307	0.01183	0.01190
84	0.01537	0.01147	0.01450	0.01651	0.01783	0.01133	0.01130	0.02080	0.07879	0.03087	0.06015	0.53257	0.06978	0.03294	0.01403	0.00448	0.00681	0.02976	0.01056	0.01015
85	0.02890	0.46450	0.11374	0.02778	0.10246	0.03989	0.02401	0.03405	0.02336	0.02900	0.01696	0.02010	0.01490	0.00981	0.00818	0.00267	0.01276	0.00685	0.00491	0.01518
86	0.08508	0.14085	0.03070	0.01901	0.02729	0.09828	0.01580	0.03511	0.02602	0.10341	0.06466	0.02860	0.02463	0.01122	0.00908	0.00254	0.01070	0.00836	0.00767	0.25101
87	0.11280	0.02445	0.02375	0.02038	0.02684	0.09610	0.01604	0.08134	0.10394	0.20636	0.03717	0.08876	0.02913	0.01541	0.01068	0.00348	0.01045	0.01224	0.06513	0.01557
88	0.10467	0.10166	0.03013	0.06805	0.03121	0.02124	0.05654	0.03314	0.02531	0.14538	0.07527	0.13922	0.03657	0.01662	0.01089	0.00344	0.01006	0.01428	0.00899	0.06733
89	0.36937	0.07836	0.07016	0.02183	0.03001	0.07327	0.05939	0.03839	0.09136	0.04354	0.02106	0.02329	0.01630	0.01109	0.00875	0.00342	0.01156	0.00794	0.00702	0.01387

[dist]
# distance from previous block
# <min> <max>
0	13

[block]
# block no. 1 follows, 11 sequences, length 26
# corresponding to MSA columns:
# 211-236
name=unknown_B
#
# <colnr> <probs for GDERKNQSTAVLIFYWHMCP>
#	G	D	E	R	K	N	Q	S	T	A	V	L	I	F	Y	W	H	M	C	P
0	0.15278	0.08737	0.08092	0.02315	0.03006	0.02597	0.05541	0.09013	0.02586	0.06891	0.02685	0.04004	0.02389	0.06547	0.05614	0.00533	0.06439	0.05624	0.00747	0.01363
1	0.16034	0.02653	0.08122	0.02197	0.02996	0.02443	0.01968	0.09411	0.02681	0.13069	0.02343	0.02572	0.01748	0.01264	0.01425	0.00334	0.11146	0.00855	0.00808	0.15931
2	0.17908	0.02537	0.02603	0.10312	0.03520	0.07605	0.01845	0.13445	0.03034	0.09814	0.02587	0.06593	0.02102	0.01318	0.01002	0.00327	0.01146	0.01013	0.00843	0.10446
3	0.02093	0.01661	0.01989	0.01664	0.02272	0.01419	0.01269	0.06015	0.02685	0.03896	0.13106	0.18279	0.04925	0.01853	0.01108	0.00291	0.00759	0.01612	0.00912	0.32190
4	0.02768	0.03114	0.14257	0.09975	0.09401	0.02467	0.12121	0.04011	0.10713	0.09072	0.02762	0.03079	0.02032	0.01132	0.01127	0.00345	0.01369	0.01057	0.00734	0.08464
5	0.02914	0.02156	0.02500	0.01870	0.02806	0.01865	0.01504	0.08445	0.07850	0.10196	0.02635	0.02746	0.02011	0.01028	0.00933	0.00229	0.00897	0.00822	0.00852	0.45740
6	0.02005	0.01267	0.01630	0.01700	0.01908	0.01255	0.01229	0.02478	0.07390	0.07533	0.05058	0.30664	0.05474	0.09030	0.02194	0.08520	0.00839	0.07812	0.00981	0.01036
7	0.02605	0.02364	0.03736	0.10060	0.10185	0.02898	0.07404	0.03063	0.02103	0.06586	0.02026	0.02866	0.01732	0.02067	0.06414	0.00532	0.30360	0.01051	0.00581	0.01366
8	0.03906	0.02967	0.03168	0.02514	0.03348	0.03316	0.02049	0.38664	0.16905	0.06493	0.03176	0.03079	0.02297	0.01395	0.01131	0.00349	0.01151	0.01079	0.01131	0.01881
9	0.01955	0.00978	0.01466	0.01466	0.01466	0.00978	0.00978	0.01466	0.01466	0.01955	0.01955	0.03421	0.01955	0.03910	0.04399	0.67253	0.00978	0.00978	0.00489	0.00489
10	0.03909	0.02429	0.02736	0.02206	0.02970	0.02582	0.01787	0.22269	0.15837	0.19018	0.03734	0.03525	0.02622	0.01402	0.01099	0.00344	0.01006	0.01113	0.07613	0.01797
11	0.02888	0.32974	0.23872	0.02492	0.03710	0.03640	0.02791	0.09338	0.02703	0.03558	0.01880	0.02134	0.01497	0.01052	0.00904	0.00297	0.01381	0.00741	0.00561	0.01586
12	0.02462	0.02462	0.03447	0.02955	0.02955	0.03447	0.02462	0.02709	0.01724	0.02709	0.01477	0.02462	0.01477	0.01970	0.03694	0.00492	0.58385	0.00985	0.00492	0.01231
13	0.03422	0.02449	0.03156	0.02565	0.03341	0.02608	0.07839	0.09468	0.30188	0.15961	0.04088	0.03834	0.02933	0.01407	0.01164	0.00370	0.01065	0.01225	0.01126	0.01790
14	0.01415	0.01010	0.01356	0.01617	0.01701	0.00951	0.01120	0.01642	0.02198	0.02922	0.06180	0.55114	0.07350	0.03485	0.01448	0.00463	0.00690	0.07369	0.01044	0.00926
15	0.02883	0.02313	0.03418	0.02472	0.03480	0.01977	0.12239	0.06971	0.02743	0.09978	0.02410	0.02700	0.01830	0.00967	0.01003	0.00250	0.01119	0.00898	0.00768	0.39582
16	0.01566	0.01149	0.01467	0.01387	0.01665	0.01050	0.01041	0.02071	0.03122	0.04360	0.48526	0.08659	0.15019	0.02358	0.01328	0.00357	0.00535	0.02071	0.01219	0.01050
17	0.03082	0.02558	0.02704	0.02348	0.03034	0.02931	0.01850	0.14313	0.42599	0.05163	0.04223	0.03914	0.03146	0.01493	0.01142	0.00373	0.00957	0.01223	0.01142	0.01807
18	0.10685	0.16778	0.03314	0.01953	0.02757	0.02824	0.01686	0.15522	0.03264	0.17882	0.02887	0.02880	0.02081	0.01229	0.00938	0.00308	0.01024	0.00905	0.09471	0.01613
19	0.01436	0.01061	0.01343	0.01449	0.01630	0.00968	0.01020	0.01755	0.02555	0.03431	0.22128	0.35212	0.15831	0.03021	0.01384	0.00411	0.00600	0.02690	0.01108	0.00968
20	0.03378	0.01805	0.02276	0.01957	0.02507	0.01864	0.01557	0.04363	0.12850	0.24480	0.04144	0.08182	0.03198	0.02347	0.06998	0.00515	0.05235	0.01306	0.09481	0.01557
21	0.02320	0.01225	0.01474	0.01381	0.01737	0.01130	0.01045	0.02760	0.02698	0.12750	0.16397	0.13298	0.10591	0.02018	0.01118	0.00337	0.00624	0.01723	0.24198	0.01176
22	0.53516	0.02273	0.01975	0.01677	0.02418	0.02556	0.01382	0.09442	0.02484	0.10522	0.02016	0.02152	0.01474	0.01121	0.00797	0.00347	0.00927	0.00716	0.00825	0.01381
23	0.02851	0.02009	0.03122	0.15395	0.10441	0.02052	0.06401	0.06662	0.02807	0.14048	0.04247	0.09228	0.07853	0.01724	0.01232	0.00384	0.01180	0.06020	0.00894	0.01451
24	0.46331	0.02095	0.01839	0.01654	0.02285	0.02369	0.01369	0.09033	0.02466	0.05032	0.02426	0.03454	0.02087	0.01355	0.00862	0.00360	0.00906	0.06123	0.06685	0.01270
25	0.12577	0.12543	0.15915	0.02286	0.03347	0.02678	0.02314	0.09673	0.02934	0.21120	0.02783	0.02740	0.01918	0.01192	0.00991	0.00332	0.01193	0.00888	0.00894	0.01683

[dist]
# distance from previous block
# <min> <max>
0	4

[block]
# block no. 2 follows, 11 sequences, length 20
# corresponding to MSA columns:
# 241-260
name=unknown_C
#
# <colnr> <probs for GDERKNQSTAVLIFYWHMCP>
#	G	D	E	R	K	N	Q	S	T	A	V	L	I	F	Y	W	H	M	C	P
0	0.09625	0.08737	0.03032	0.02185	0.02983	0.12019	0.01791	0.08684	0.06900	0.27883	0.03291	0.03070	0.02257	0.01286	0.01034	0.00329	0.01187	0.00963	0.01055	0.01690
1	0.08028	0.09801	0.02868	0.01904	0.02720	0.02230	0.01589	0.07616	0.07068	0.22024	0.08234	0.03566	0.03086	0.01311	0.01014	0.00304	0.00934	0.01037	0.01036	0.13631
2	0.01544	0.01212	0.01413	0.01468	0.01736	0.01146	0.01059	0.02137	0.07505	0.03422	0.16463	0.27965	0.23042	0.02866	0.01351	0.00404	0.00626	0.02508	0.01091	0.01042
3	0.01882	0.01192	0.01574	0.01499	0.01786	0.01092	0.01115	0.02343	0.03002	0.08953	0.39721	0.17318	0.09294	0.02438	0.01329	0.00372	0.00594	0.02161	0.01218	0.01116
4	0.03003	0.01462	0.01956	0.01655	0.02167	0.01304	0.01304	0.03495	0.03200	0.24777	0.33096	0.06541	0.07425	0.01931	0.01248	0.00352	0.00705	0.01667	0.01302	0.01410
5	0.03898	0.02964	0.03164	0.02513	0.03346	0.03313	0.02047	0.38443	0.17138	0.06480	0.03185	0.03087	0.02305	0.01396	0.01131	0.00349	0.01149	0.01080	0.01131	0.01880
6	0.19616	0.01646	0.01771	0.01505	0.02097	0.01636	0.01211	0.03840	0.02565	0.22697	0.03431	0.03475	0.02436	0.01275	0.00891	0.00315	0.00769	0.00970	0.26446	0.01408
7	0.04279	0.03153	0.03378	0.02590	0.03490	0.03490	0.02139	0.49671	0.05292	0.07093	0.02702	0.02702	0.01914	0.01351	0.01126	0.00338	0.01239	0.01013	0.01126	0.01914
8	0.02360	0.01352	0.01781	0.01731	0.02031	0.01308	0.01286	0.02631	0.02436	0.15517	0.06068	0.34845	0.11803	0.02785	0.01532	0.00423	0.05432	0.02401	0.01085	0.01191
9	0.03009	0.61122	0.05898	0.01926	0.02889	0.04454	0.01926	0.03370	0.02287	0.02648	0.01565	0.01805	0.01444	0.00963	0.00722	0.00241	0.01204	0.00602	0.00481	0.01444
10	0.02179	0.02105	0.03707	0.52368	0.07562	0.02536	0.07810	0.02950	0.02292	0.02950	0.02029	0.03004	0.01521	0.01107	0.01146	0.00376	0.01541	0.01033	0.00507	0.01277
11	0.03069	0.02552	0.02697	0.02345	0.03030	0.02925	0.01847	0.13945	0.42987	0.05143	0.04239	0.03926	0.03158	0.01495	0.01142	0.00374	0.00954	0.01225	0.01142	0.01806
12	0.02784	0.01348	0.01654	0.01445	0.01905	0.01226	0.01130	0.03259	0.02861	0.19368	0.17660	0.05869	0.09972	0.01753	0.01089	0.00325	0.00663	0.01469	0.22913	0.01306
13	0.02870	0.02460	0.04130	0.16966	0.39016	0.02539	0.03210	0.03533	0.02562	0.08449	0.02320	0.02932	0.01822	0.01066	0.01118	0.00344	0.01334	0.01015	0.00627	0.01685
14	0.01418	0.01098	0.01292	0.01341	0.01599	0.00972	0.00969	0.01749	0.02628	0.03419	0.21899	0.23991	0.27822	0.02883	0.01360	0.00394	0.00582	0.02511	0.01101	0.00972
15	0.02013	0.01551	0.02327	0.16584	0.03414	0.01879	0.01814	0.02138	0.01777	0.02429	0.02199	0.03761	0.02119	0.10734	0.08844	0.22312	0.11581	0.01095	0.00530	0.00900
16	0.09671	0.02521	0.03392	0.22526	0.05040	0.02874	0.06850	0.17377	0.10247	0.04688	0.02564	0.02968	0.01894	0.01225	0.01104	0.00363	0.01308	0.01035	0.00806	0.01547
17	0.01430	0.01021	0.01373	0.01634	0.01725	0.00964	0.01146	0.01668	0.02212	0.02938	0.06171	0.53521	0.07317	0.03471	0.01452	0.00465	0.00703	0.08814	0.01044	0.00930
18	0.26334	0.02397	0.02475	0.02015	0.02803	0.02587	0.01649	0.16422	0.09658	0.18395	0.03014	0.02894	0.02103	0.01280	0.00982	0.00350	0.00993	0.00940	0.01051	0.01658
19	0.24175	0.17905	0.03688	0.02258	0.02985	0.03305	0.05785	0.08253	0.07112	0.04164	0.02018	0.02323	0.01636	0.01214	0.01238	0.00344	0.08656	0.00822	0.00689	0.01430

[dist]
# distance from previous block
# <min> <max>
1	4

[block]
# block no. 3 follows, 11 sequences, length 48
# corresponding to MSA columns:
# 265-312
name=unknown_D
#
# <colnr> <probs for GDERKNQSTAVLIFYWHMCP>
#	G	D	E	R	K	N	Q	S	T	A	V	L	I	F	Y	W	H	M	C	P
0	0.07761	0.02580	0.10592	0.02752	0.07313	0.02195	0.06577	0.03676	0.02488	0.15891	0.02873	0.03183	0.02113	0.01314	0.01416	0.00354	0.09620	0.01018	0.14791	0.01494
1	0.01801	0.01403	0.02030	0.01908	0.02231	0.01340	0.06454	0.02390	0.06211	0.03352	0.04979	0.36860	0.05420	0.02570	0.01264	0.00394	0.00804	0.02348	0.10712	0.05529
2	0.01371	0.00979	0.01306	0.01567	0.01632	0.00914	0.01045	0.01567	0.02155	0.02873	0.06203	0.59710	0.07444	0.03526	0.01437	0.00457	0.00653	0.03200	0.01045	0.00914
3	0.02525	0.01811	0.02846	0.37538	0.05764	0.02092	0.02515	0.03180	0.02441	0.10686	0.02949	0.04237	0.02348	0.01386	0.01132	0.00373	0.01264	0.05561	0.08046	0.01305
4	0.03773	0.02822	0.03329	0.02625	0.03464	0.03080	0.05787	0.29297	0.18596	0.10046	0.03371	0.03268	0.02422	0.01375	0.01148	0.00355	0.01165	0.01126	0.01109	0.01843
5	0.01861	0.01197	0.01530	0.01483	0.01745	0.01109	0.01094	0.02249	0.02754	0.07948	0.29722	0.14074	0.11452	0.11087	0.01993	0.00489	0.00704	0.05339	0.01118	0.01050
6	0.12932	0.02017	0.02533	0.14299	0.03705	0.02153	0.01872	0.11249	0.03150	0.17072	0.13456	0.04132	0.03785	0.01468	0.01106	0.00354	0.01022	0.01197	0.01014	0.01483
7	0.01455	0.00996	0.01278	0.01494	0.01569	0.00942	0.00990	0.01659	0.02123	0.02915	0.05752	0.50359	0.06765	0.08663	0.01785	0.00501	0.00684	0.02881	0.06289	0.00903
8	0.02334	0.02001	0.02334	0.01667	0.02667	0.01500	0.01334	0.02834	0.02334	0.03668	0.02001	0.02334	0.01667	0.00834	0.00834	0.00167	0.00834	0.00667	0.00667	0.67325
9	0.03706	0.02072	0.02724	0.02698	0.10197	0.02045	0.01859	0.07920	0.11949	0.25949	0.08458	0.04116	0.03432	0.01435	0.01124	0.00346	0.00950	0.01208	0.06085	0.01727
10	0.16489	0.02085	0.02487	0.01937	0.02787	0.01976	0.01596	0.09019	0.03110	0.37089	0.03572	0.03248	0.02335	0.01285	0.01029	0.00334	0.00959	0.00991	0.01187	0.06487
11	0.01698	0.01126	0.01397	0.01463	0.01712	0.01007	0.01045	0.01986	0.02502	0.07442	0.13988	0.34261	0.20203	0.02989	0.01366	0.00412	0.00638	0.02635	0.01101	0.01029
12	0.07820	0.03040	0.02911	0.02577	0.02998	0.14271	0.02046	0.04399	0.21287	0.03665	0.02742	0.02997	0.02211	0.01558	0.01917	0.00396	0.19912	0.01013	0.00779	0.01459
13	0.04033	0.14473	0.03426	0.02118	0.02958	0.02880	0.01810	0.21893	0.03745	0.20287	0.03098	0.03014	0.02182	0.01280	0.01010	0.00313	0.01073	0.00969	0.07707	0.01731
14	0.01803	0.01164	0.01420	0.01399	0.01698	0.01047	0.01032	0.02183	0.02721	0.07880	0.23202	0.20283	0.19591	0.02574	0.01294	0.00377	0.00605	0.02240	0.06418	0.01069
15	0.04262	0.01710	0.02268	0.01802	0.02521	0.01505	0.01466	0.04721	0.03090	0.41759	0.09221	0.04348	0.03593	0.01473	0.01100	0.00336	0.00850	0.01211	0.11064	0.01701
16	0.01815	0.01185	0.01514	0.01630	0.01896	0.01087	0.01247	0.02136	0.02463	0.07831	0.07241	0.30890	0.17826	0.03059	0.01412	0.00443	0.00757	0.13446	0.01075	0.01047
17	0.03009	0.61122	0.05898	0.01926	0.02889	0.04454	0.01926	0.03370	0.02287	0.02648	0.01565	0.01805	0.01444	0.00963	0.00722	0.00241	0.01204	0.00602	0.00481	0.01444
18	0.13596	0.01980	0.02463	0.06025	0.03088	0.01811	0.01625	0.04351	0.02749	0.31322	0.03264	0.03124	0.02197	0.01191	0.00997	0.00308	0.00957	0.00936	0.01054	0.16962
19	0.37486	0.02435	0.09461	0.01686	0.02443	0.02119	0.01597	0.03393	0.02208	0.09224	0.02385	0.02639	0.01777	0.01142	0.00813	0.00330	0.00917	0.00792	0.15843	0.01311
20	0.02369	0.14025	0.47387	0.03018	0.04577	0.02887	0.03827	0.03536	0.02363	0.03428	0.01952	0.02292	0.01429	0.01054	0.01018	0.00339	0.01595	0.00798	0.00476	0.01631
21	0.03001	0.02696	0.09235	0.11060	0.04137	0.02747	0.06984	0.03549	0.02305	0.14706	0.02369	0.02900	0.01797	0.01516	0.02211	0.00416	0.25163	0.01036	0.00705	0.01466
22	0.03500	0.01870	0.02234	0.01918	0.02543	0.01884	0.01511	0.04860	0.19380	0.25108	0.04540	0.09279	0.03461	0.01628	0.01114	0.00357	0.00842	0.01362	0.10962	0.01647
23	0.01464	0.01096	0.01377	0.01544	0.01744	0.01009	0.01147	0.01771	0.02424	0.03136	0.11000	0.33992	0.19307	0.03178	0.01424	0.00441	0.00697	0.11234	0.01058	0.00958
24	0.01615	0.01178	0.01668	0.01668	0.01820	0.01330	0.01231	0.01919	0.01767	0.02508	0.03144	0.05136	0.03124	0.21058	0.43791	0.01635	0.02548	0.01310	0.00622	0.00927
25	0.03606	0.01563	0.02075	0.01729	0.02323	0.01387	0.01372	0.04050	0.03027	0.32824	0.15753	0.10148	0.05048	0.01795	0.01171	0.00351	0.00786	0.01526	0.07930	0.01536
26	0.55379	0.02123	0.01851	0.01587	0.02320	0.02346	0.01308	0.03756	0.02184	0.15149	0.02158	0.02240	0.01541	0.01116	0.00786	0.00348	0.00889	0.00717	0.00840	0.01362
27	0.33206	0.01945	0.01789	0.01547	0.02149	0.02136	0.01251	0.10128	0.02654	0.08704	0.02614	0.02856	0.01965	0.01200	0.00821	0.00319	0.00822	0.00847	0.21728	0.01320
28	0.09868	0.01795	0.02163	0.01763	0.02418	0.01723	0.01424	0.08703	0.03173	0.28201	0.12824	0.04428	0.04013	0.01512	0.01075	0.00336	0.00835	0.01225	0.10958	0.01563
29	0.03186	0.53065	0.05548	0.02018	0.02972	0.04320	0.01956	0.09805	0.02705	0.03266	0.01723	0.01930	0.01510	0.01017	0.00778	0.00254	0.01209	0.00659	0.00571	0.01510
30	0.68395	0.02177	0.01654	0.01480	0.02177	0.02525	0.01219	0.03309	0.01915	0.05050	0.01567	0.01828	0.01219	0.01045	0.00697	0.00348	0.00871	0.00609	0.00697	0.01219
31	0.02638	0.02628	0.10630	0.20597	0.09656	0.02340	0.02594	0.10280	0.02859	0.07238	0.07253	0.03891	0.02817	0.07864	0.01647	0.00438	0.01294	0.01155	0.00749	0.01432
32	0.01427	0.01144	0.01274	0.01241	0.01579	0.00991	0.00931	0.01802	0.02793	0.03580	0.26581	0.09944	0.37451	0.02649	0.01329	0.00371	0.00556	0.02251	0.01116	0.00991
33	0.01658	0.01156	0.01558	0.01558	0.01699	0.01275	0.01121	0.01941	0.01800	0.02606	0.03241	0.05352	0.03232	0.24611	0.35164	0.01448	0.02186	0.01332	0.06157	0.00904
34	0.02568	0.05388	0.48831	0.03074	0.04649	0.02507	0.03880	0.03778	0.02470	0.09195	0.02289	0.02538	0.01577	0.01105	0.01076	0.00356	0.01585	0.00865	0.00577	0.01691
35	0.01543	0.01151	0.01447	0.01469	0.01737	0.01055	0.01126	0.01980	0.02845	0.03834	0.31476	0.15287	0.19074	0.02679	0.01374	0.00396	0.00628	0.08739	0.01144	0.01017
36	0.03648	0.02662	0.02703	0.02087	0.02975	0.09934	0.01673	0.11305	0.03172	0.17560	0.02725	0.02747	0.01973	0.01114	0.00987	0.00261	0.01109	0.00855	0.00921	0.29588
37	0.01365	0.01003	0.01281	0.01504	0.01616	0.00920	0.01017	0.01574	0.02216	0.02898	0.06975	0.52460	0.14197	0.03426	0.01421	0.00446	0.00641	0.03077	0.01045	0.00920
38	0.10508	0.02786	0.02402	0.02153	0.02648	0.18121	0.01697	0.03631	0.02886	0.12595	0.14845	0.04896	0.04339	0.01707	0.01327	0.00359	0.05482	0.05373	0.00932	0.01314
39	0.39006	0.02074	0.02141	0.07324	0.02968	0.02200	0.01536	0.03786	0.02328	0.17470	0.02398	0.02515	0.01697	0.01123	0.00866	0.00334	0.00953	0.00790	0.00855	0.07636
40	0.08324	0.08876	0.02868	0.01957	0.02790	0.05848	0.01622	0.10714	0.03095	0.19829	0.03656	0.03542	0.06819	0.01327	0.01007	0.00299	0.01032	0.01017	0.00973	0.14405
41	0.03305	0.01976	0.02844	0.07288	0.03421	0.01729	0.06429	0.03824	0.02734	0.23414	0.04034	0.04001	0.07800	0.01317	0.01083	0.00303	0.01023	0.01138	0.00969	0.21367
42	0.03521	0.08595	0.02927	0.02046	0.02742	0.02300	0.01699	0.07822	0.07586	0.22719	0.10644	0.03950	0.03553	0.01495	0.01347	0.00337	0.06735	0.01152	0.01065	0.07763
43	0.02998	0.01909	0.02074	0.01787	0.02361	0.06842	0.01417	0.03434	0.02977	0.19648	0.17652	0.06448	0.12333	0.01907	0.01206	0.00345	0.00892	0.05061	0.01122	0.07585
44	0.08451	0.07682	0.11000	0.02576	0.03539	0.12958	0.06128	0.09202	0.03027	0.15121	0.02533	0.02638	0.01820	0.01149	0.01026	0.00315	0.01381	0.00891	0.00815	0.07748
45	0.08262	0.19474	0.11087	0.08276	0.03483	0.02671	0.02208	0.03379	0.02512	0.10433	0.06854	0.04453	0.03100	0.01489	0.01046	0.00347	0.01164	0.07581	0.00771	0.01411
46	0.18737	0.02287	0.02431	0.01963	0.02707	0.02394	0.01574	0.16197	0.08110	0.15613	0.03013	0.03296	0.02274	0.06830	0.01436	0.00402	0.01007	0.00997	0.01000	0.07732
47	0.18800	0.02140	0.02343	0.01965	0.02655	0.02238	0.01573	0.13800	0.07691	0.20201	0.03692	0.11842	0.03022	0.01647	0.01078	0.00366	0.00944	0.01320	0.01098	0.01586

[dist]
# distance from previous block
# <min> <max>
2	47

[block]
# block no. 4 follows, 11 sequences, length 18
# corresponding to MSA columns:
# 361-378
name=unknown_E
#
# <colnr> <probs for GDERKNQSTAVLIFYWHMCP>
#	G	D	E	R	K	N	Q	S	T	A	V	L	I	F	Y	W	H	M	C	P
0	0.14979	0.07959	0.07599	0.02618	0.09507	0.02340	0.01995	0.07879	0.02822	0.14345	0.08397	0.08644	0.03327	0.01503	0.01056	0.00347	0.01032	0.01224	0.00910	0.01517
1	0.14094	0.08345	0.03341	0.02387	0.03232	0.09804	0.06911	0.10677	0.07558	0.09066	0.02462	0.02609	0.01857	0.01131	0.00979	0.00306	0.01227	0.00883	0.00813	0.12317
2	0.18016	0.08880	0.07578	0.07903	0.10118	0.02451	0.02183	0.04089	0.02578	0.21731	0.02741	0.02823	0.01920	0.01164	0.00983	0.00338	0.01128	0.00903	0.00864	0.01608
3	0.19219	0.02622	0.02655	0.07343	0.03293	0.09527	0.01848	0.08257	0.02789	0.16832	0.02498	0.02661	0.01805	0.01250	0.01217	0.00338	0.06402	0.00872	0.00858	0.07715
4	0.27710	0.08072	0.09442	0.07983	0.03235	0.02558	0.01948	0.07357	0.02390	0.04264	0.02115	0.02577	0.01671	0.01801	0.06061	0.00471	0.01280	0.00816	0.06920	0.01330
5	0.22870	0.06689	0.06982	0.01905	0.02760	0.02373	0.01715	0.09919	0.02807	0.15827	0.02635	0.02704	0.01892	0.01164	0.00907	0.00315	0.00997	0.00845	0.06913	0.07782
6	0.08007	0.01497	0.01921	0.01783	0.02076	0.01628	0.01377	0.02679	0.02162	0.10920	0.06950	0.05657	0.03743	0.17023	0.17254	0.00942	0.06964	0.05473	0.00827	0.01119
7	0.08962	0.02169	0.02751	0.02192	0.02957	0.02150	0.06717	0.07964	0.14000	0.12138	0.07561	0.04289	0.07691	0.01450	0.01100	0.00332	0.00974	0.01233	0.00997	0.12375
8	0.02797	0.01625	0.01981	0.01730	0.02235	0.01608	0.01351	0.03908	0.14120	0.17192	0.24845	0.05883	0.06254	0.01800	0.01185	0.00350	0.00721	0.01538	0.07434	0.01443
9	0.01586	0.01132	0.01541	0.01738	0.01882	0.01132	0.01321	0.01900	0.02204	0.02935	0.05402	0.30260	0.06123	0.10249	0.09245	0.00728	0.01150	0.17586	0.00943	0.00943
10	0.02204	0.04546	0.37572	0.10450	0.05001	0.02451	0.07817	0.03319	0.02473	0.03580	0.07585	0.03178	0.02465	0.01200	0.01129	0.00361	0.01539	0.01031	0.00571	0.01529
11	0.68395	0.02177	0.01654	0.01480	0.02177	0.02525	0.01219	0.03309	0.01915	0.05050	0.01567	0.01828	0.01219	0.01045	0.00697	0.00348	0.00871	0.00609	0.00697	0.01219
12	0.02462	0.02462	0.03447	0.02955	0.02955	0.03447	0.02462	0.02709	0.01724	0.02709	0.01477	0.02462	0.01477	0.01970	0.03694	0.00492	0.58385	0.00985	0.00492	0.01231
13	0.07641	0.10485	0.03289	0.02244	0.03053	0.03107	0.01877	0.28234	0.08662	0.09969	0.07567	0.03310	0.02855	0.01391	0.01068	0.00332	0.01087	0.01066	0.01049	0.01716
14	0.08569	0.02054	0.03099	0.33930	0.13764	0.02394	0.02651	0.03201	0.05694	0.03486	0.02340	0.03067	0.01806	0.01146	0.01047	0.00354	0.01265	0.00988	0.07795	0.01351
15	0.03367	0.01999	0.02499	0.07169	0.03138	0.01949	0.01719	0.13016	0.03285	0.18970	0.08091	0.04360	0.03313	0.01466	0.01099	0.00324	0.00973	0.04202	0.06729	0.12334
16	0.01533	0.01148	0.01421	0.01353	0.01645	0.01036	0.01015	0.02008	0.03044	0.04177	0.43374	0.08961	0.20286	0.02426	0.01328	0.00360	0.00540	0.02113	0.01195	0.01036
17	0.03006	0.02581	0.02565	0.02219	0.02828	0.07581	0.01739	0.15268	0.24990	0.05042	0.14857	0.04600	0.04525	0.01627	0.01170	0.00356	0.00998	0.01333	0.01109	0.01604

[dist]
# distance from previous block
# <min> <max>
4	21

[block]
# block no. 5 follows, 11 sequences, length 40
# corresponding to MSA columns:
# 400-439
name=unknown_F
#
# <colnr> <probs for GDERKNQSTAVLIFYWHMCP>
#	G	D	E	R	K	N	Q	S	T	A	V	L	I	F	Y	W	H	M	C	P
0	0.03204	0.41060	0.04768	0.02122	0.02898	0.17781	0.01882	0.03515	0.02468	0.02635	0.01786	0.02356	0.01680	0.06270	0.01242	0.00329	0.01412	0.00726	0.00525	0.01340
1	0.38854	0.02420	0.02249	0.01916	0.02559	0.06999	0.01565	0.03879	0.02327	0.16833	0.02288	0.02425	0.01662	0.01257	0.01206	0.00361	0.08167	0.00797	0.00835	0.01402
2	0.07862	0.18167	0.23108	0.02572	0.03631	0.03149	0.02778	0.06738	0.02507	0.08247	0.02068	0.02363	0.01581	0.01217	0.01333	0.00344	0.09333	0.00820	0.00626	0.01556
3	0.02229	0.02037	0.02459	0.11207	0.03198	0.06824	0.01859	0.05401	0.02376	0.03147	0.07455	0.14796	0.03843	0.08232	0.07248	0.00605	0.13636	0.01571	0.00742	0.01134
4	0.01443	0.01033	0.01379	0.01579	0.01694	0.00969	0.01106	0.01721	0.02366	0.03195	0.14263	0.47273	0.07921	0.03282	0.01427	0.00444	0.00661	0.06218	0.01078	0.00949
5	0.01488	0.01111	0.01383	0.01389	0.01636	0.01006	0.01013	0.01894	0.02829	0.03840	0.33794	0.19986	0.19126	0.02684	0.01352	0.00382	0.00566	0.02360	0.01155	0.01006
6	0.04279	0.03153	0.03378	0.02590	0.03490	0.03490	0.02139	0.49671	0.05292	0.07093	0.02702	0.02702	0.01914	0.01351	0.01126	0.00338	0.01239	0.01013	0.01126	0.01914
7	0.42813	0.02143	0.02027	0.01729	0.02462	0.02338	0.01410	0.04246	0.09177	0.17730	0.02733	0.02679	0.01935	0.01202	0.00872	0.00353	0.00896	0.00838	0.00940	0.01478
8	0.04279	0.03153	0.03378	0.02590	0.03490	0.03490	0.02139	0.49671	0.05292	0.07093	0.02702	0.02702	0.01914	0.01351	0.01126	0.00338	0.01239	0.01013	0.01126	0.01914
9	0.02734	0.21554	0.35639	0.02724	0.04110	0.03061	0.03278	0.03685	0.02428	0.07970	0.02111	0.02344	0.01557	0.01068	0.00974	0.00322	0.01465	0.00793	0.00562	0.01623
10	0.03009	0.61122	0.05898	0.01926	0.02889	0.04454	0.01926	0.03370	0.02287	0.02648	0.01565	0.01805	0.01444	0.00963	0.00722	0.00241	0.01204	0.00602	0.00481	0.01444
11	0.52344	0.02240	0.02246	0.01886	0.02564	0.02558	0.04693	0.03460	0.02061	0.08947	0.01854	0.02142	0.01411	0.01153	0.01054	0.00364	0.06256	0.00739	0.00729	0.01300
12	0.03131	0.02582	0.02732	0.02358	0.03053	0.02954	0.01862	0.15769	0.41062	0.05243	0.04160	0.03864	0.03095	0.01488	0.01141	0.00372	0.00969	0.01214	0.01141	0.01811
13	0.02635	0.01335	0.01704	0.01494	0.01922	0.01219	0.01162	0.03139	0.03016	0.17844	0.29080	0.06257	0.06824	0.01841	0.01157	0.00332	0.00645	0.01577	0.15530	0.01289
14	0.02123	0.01916	0.03170	0.52723	0.07182	0.02372	0.02919	0.02853	0.02260	0.02993	0.02148	0.03107	0.01623	0.01142	0.01095	0.00365	0.01414	0.01005	0.06357	0.01233
15	0.01529	0.01125	0.01431	0.01403	0.01655	0.01027	0.01034	0.01983	0.02964	0.04100	0.41137	0.15889	0.15458	0.02541	0.01343	0.00372	0.00553	0.02241	0.01188	0.01027
16	0.01955	0.00978	0.01466	0.01466	0.01466	0.00978	0.00978	0.01466	0.01466	0.01955	0.01955	0.03421	0.01955	0.03910	0.04399	0.67253	0.00978	0.00978	0.00489	0.00489
17	0.02883	0.51844	0.14071	0.02141	0.03221	0.04145	0.02300	0.03403	0.02302	0.02802	0.01641	0.01901	0.01441	0.00981	0.00780	0.00260	0.01281	0.00640	0.00480	0.01481
18	0.01582	0.01157	0.01604	0.09353	0.02466	0.01173	0.01314	0.01942	0.02356	0.03268	0.12995	0.38088	0.06696	0.02778	0.01313	0.00410	0.00739	0.02496	0.07268	0.00998
19	0.03449	0.09434	0.03674	0.23862	0.05034	0.02437	0.06472	0.04043	0.02678	0.23385	0.02944	0.03186	0.02025	0.01196	0.01096	0.00348	0.01282	0.01032	0.00860	0.01563
20	0.04279	0.03153	0.03378	0.02590	0.03490	0.03490	0.02139	0.49671	0.05292	0.07093	0.02702	0.02702	0.01914	0.01351	0.01126	0.00338	0.01239	0.01013	0.01126	0.01914
21	0.19666	0.02047	0.02920	0.42848	0.06276	0.02507	0.02621	0.02990	0.02162	0.03451	0.01886	0.02690	0.01426	0.01104	0.01012	0.00368	0.01334	0.00897	0.00552	0.01242
22	0.02675	0.02985	0.06351	0.05047	0.12535	0.02822	0.42916	0.03584	0.02643	0.03615	0.02255	0.03001	0.01718	0.00956	0.01298	0.00373	0.01819	0.01283	0.00568	0.01555
23	0.02940	0.02049	0.02598	0.02120	0.02822	0.02057	0.05876	0.04504	0.21337	0.12455	0.03755	0.03737	0.02780	0.01299	0.01038	0.00318	0.00911	0.01114	0.14342	0.11947
24	0.01709	0.01339	0.01572	0.01510	0.01844	0.01306	0.01131	0.02585	0.10826	0.04052	0.31034	0.13171	0.18810	0.02417	0.01309	0.00374	0.00610	0.02100	0.01161	0.01140
25	0.02465	0.02527	0.04546	0.20458	0.12337	0.02874	0.16936	0.03133	0.02280	0.03165	0.01965	0.02842	0.01597	0.01274	0.01850	0.00401	0.16327	0.01096	0.00527	0.01401
26	0.02132	0.01395	0.01721	0.01610	0.01981	0.01344	0.01214	0.02945	0.09710	0.10334	0.28565	0.15755	0.12168	0.02330	0.01295	0.00376	0.00658	0.02036	0.01195	0.01235
27	0.01852	0.01157	0.01459	0.01504	0.01769	0.01035	0.01080	0.02145	0.02525	0.09544	0.13687	0.34479	0.17628	0.02935	0.01359	0.00412	0.00655	0.02592	0.01116	0.01068
28	0.02678	0.02210	0.03886	0.17710	0.11776	0.02203	0.13905	0.03330	0.02524	0.10335	0.02946	0.10107	0.02526	0.01374	0.01186	0.00358	0.01333	0.01343	0.00732	0.07537
29	0.09097	0.02979	0.03304	0.03174	0.09334	0.11582	0.02314	0.09880	0.02707	0.08200	0.02039	0.02531	0.01664	0.01500	0.02093	0.00393	0.24115	0.00929	0.00700	0.01466
30	0.02920	0.02348	0.02649	0.01945	0.02916	0.02101	0.01577	0.16959	0.03226	0.04701	0.02212	0.02445	0.01742	0.00990	0.00922	0.00218	0.00956	0.00771	0.00805	0.47598
31	0.08606	0.12212	0.09972	0.15063	0.13174	0.02624	0.02564	0.03460	0.02513	0.10177	0.06926	0.03193	0.02519	0.01206	0.01032	0.00336	0.01226	0.00993	0.00708	0.01498
32	0.17088	0.09935	0.03611	0.10959	0.20818	0.07293	0.02422	0.03366	0.02378	0.03662	0.01870	0.02375	0.01541	0.01020	0.00941	0.00311	0.01252	0.00811	0.00583	0.07764
33	0.22437	0.01854	0.01996	0.01742	0.02252	0.01983	0.01356	0.03302	0.06583	0.10902	0.07265	0.08175	0.03345	0.08908	0.01814	0.00448	0.05951	0.01231	0.00883	0.07573
