[name]
unknown

[dist]
# distance from previous block
# <min> <max>
4	96

[block]
# block no. 0 follows, 14 sequences, length 26
# corresponding to MSA columns:
# 110-135
name=unknown_A
#
# <colnr> <probs for GDERKNQSTAVLIFYWHMCP>
#	G	D	E	R	K	N	Q	S	T	A	V	L	I	F	Y	W	H	M	C	P
0	0.01600	0.00982	0.01315	0.01470	0.01606	0.00904	0.01011	0.01801	0.02066	0.08415	0.05489	0.57038	0.06345	0.03012	0.01281	0.00406	0.00624	0.02721	0.00986	0.00929
1	0.01751	0.01552	0.02503	0.43355	0.05356	0.01858	0.02251	0.02268	0.01986	0.02568	0.02775	0.16223	0.02744	0.06783	0.01440	0.00413	0.01169	0.01396	0.00578	0.01030
2	0.71184	0.01985	0.01508	0.01350	0.01985	0.02302	0.01111	0.03017	0.01746	0.04604	0.01429	0.01667	0.01111	0.00953	0.00635	0.00318	0.00794	0.00556	0.00635	0.01111
3	0.71184	0.01985	0.01508	0.01350	0.01985	0.02302	0.01111	0.03017	0.01746	0.04604	0.01429	0.01667	0.01111	0.00953	0.00635	0.00318	0.00794	0.00556	0.00635	0.01111
4	0.71184	0.01985	0.01508	0.01350	0.01985	0.02302	0.01111	0.03017	0.01746	0.04604	0.01429	0.01667	0.01111	0.00953	0.00635	0.00318	0.00794	0.00556	0.00635	0.01111
5	0.71184	0.01985	0.01508	0.01350	0.01985	0.02302	0.01111	0.03017	0.01746	0.04604	0.01429	0.01667	0.01111	0.00953	0.00635	0.00318	0.00794	0.00556	0.00635	0.01111
6	0.02744	0.64552	0.05378	0.01756	0.02634	0.04061	0.01756	0.03073	0.02085	0.02414	0.01427	0.01646	0.01317	0.00878	0.00658	0.00219	0.01097	0.00549	0.00439	0.01317
7	0.71184	0.01985	0.01508	0.01350	0.01985	0.02302	0.01111	0.03017	0.01746	0.04604	0.01429	0.01667	0.01111	0.00953	0.00635	0.00318	0.00794	0.00556	0.00635	0.01111
8	0.71184	0.01985	0.01508	0.01350	0.01985	0.02302	0.01111	0.03017	0.01746	0.04604	0.01429	0.01667	0.01111	0.00953	0.00635	0.00318	0.00794	0.00556	0.00635	0.01111
9	0.04161	0.02458	0.02822	0.02164	0.02975	0.02565	0.01787	0.35991	0.04128	0.25572	0.03049	0.02844	0.02039	0.01246	0.01029	0.00312	0.01035	0.00964	0.01116	0.01746
10	0.02553	0.02204	0.02320	0.02088	0.02669	0.02553	0.01624	0.05453	0.55679	0.04293	0.04177	0.03829	0.03133	0.01392	0.01044	0.00348	0.00812	0.01160	0.01044	0.01624
11	0.71184	0.01985	0.01508	0.01350	0.01985	0.02302	0.01111	0.03017	0.01746	0.04604	0.01429	0.01667	0.01111	0.00953	0.00635	0.00318	0.00794	0.00556	0.00635	0.01111
12	0.04604	0.01746	0.02382	0.01826	0.02620	0.01508	0.01508	0.05001	0.02937	0.58244	0.04049	0.03493	0.02540	0.01270	0.01032	0.00318	0.00873	0.01032	0.01270	0.01746
13	0.02058	0.05308	0.58618	0.02925	0.04442	0.02383	0.03792	0.03250	0.02167	0.03250	0.01842	0.02167	0.01300	0.00975	0.00975	0.00325	0.01517	0.00758	0.00433	0.01517
14	0.03901	0.02874	0.03080	0.02361	0.03182	0.03182	0.01951	0.54111	0.04825	0.06468	0.02464	0.02464	0.01745	0.01232	0.01027	0.00308	0.01129	0.00924	0.01027	0.01745
15	0.01938	0.01824	0.03078	0.61468	0.07068	0.02280	0.02850	0.02622	0.02052	0.02622	0.01824	0.02736	0.01368	0.01026	0.01026	0.00342	0.01368	0.00912	0.00456	0.01140
16	0.03901	0.02874	0.03080	0.02361	0.03182	0.03182	0.01951	0.54111	0.04825	0.06468	0.02464	0.02464	0.01745	0.01232	0.01027	0.00308	0.01129	0.00924	0.01027	0.01745
17	0.03051	0.01644	0.01843	0.01526	0.02046	0.01672	0.01224	0.16696	0.03039	0.16876	0.03272	0.03389	0.02375	0.01222	0.00871	0.00275	0.00740	0.00965	0.35929	0.01345
18	0.01469	0.01089	0.01594	0.01594	0.01758	0.01253	0.01214	0.01797	0.01633	0.02341	0.02799	0.04311	0.02687	0.13556	0.54175	0.01581	0.02566	0.01140	0.00557	0.00886
19	0.01250	0.00893	0.01191	0.01429	0.01488	0.00834	0.00953	0.01429	0.01965	0.02620	0.05656	0.63265	0.06787	0.03215	0.01310	0.00417	0.00595	0.02917	0.00953	0.00834
20	0.02058	0.05308	0.58618	0.02925	0.04442	0.02383	0.03792	0.03250	0.02167	0.03250	0.01842	0.02167	0.01300	0.00975	0.00975	0.00325	0.01517	0.00758	0.00433	0.01517
21	0.01654	0.01181	0.01654	0.01890	0.02126	0.01181	0.01654	0.02126	0.02362	0.03071	0.05433	0.11576	0.05906	0.02835	0.01417	0.00472	0.00945	0.50626	0.00945	0.00945
22	0.01466	0.01100	0.01649	0.01649	0.01833	0.01283	0.01283	0.01833	0.01649	0.02382	0.02749	0.04032	0.02566	0.07697	0.59868	0.01649	0.02749	0.01100	0.00550	0.00916
23	0.03404	0.01899	0.02510	0.02303	0.06793	0.05992	0.05051	0.03784	0.02612	0.32166	0.03963	0.18124	0.03367	0.01683	0.01104	0.00339	0.00964	0.01476	0.01025	0.01442
24	0.28229	0.20650	0.03105	0.01777	0.02427	0.02577	0.06764	0.02738	0.01927	0.03308	0.02300	0.02673	0.05678	0.01690	0.04911	0.05654	0.01098	0.00807	0.00569	0.01120
25	0.07876	0.02887	0.03523	0.04734	0.36946	0.14839	0.02582	0.03299	0.02400	0.03261	0.01809	0.02290	0.01512	0.00935	0.00946	0.00284	0.01287	0.00807	0.00530	0.07250

[dist]
# distance from previous block
# <min> <max>
0	22

[block]
# block no. 1 follows, 14 sequences, length 27
# corresponding to MSA columns:
# 158-184
name=unknown_B
#
# <colnr> <probs for GDERKNQSTAVLIFYWHMCP>
#	G	D	E	R	K	N	Q	S	T	A	V	L	I	F	Y	W	H	M	C	P
0	0.02496	0.02288	0.03289	0.09042	0.29991	0.02474	0.02475	0.04088	0.25056	0.03693	0.02879	0.03106	0.02247	0.01127	0.01029	0.00326	0.01058	0.01019	0.00732	0.01585
1	0.02109	0.01370	0.01791	0.04979	0.02221	0.01215	0.01216	0.02586	0.02691	0.12133	0.33672	0.05535	0.06329	0.01618	0.01075	0.00286	0.00656	0.01403	0.00998	0.16118
2	0.02278	0.29179	0.11991	0.22591	0.04389	0.02970	0.02421	0.02866	0.02108	0.02660	0.01946	0.02897	0.01701	0.01101	0.00892	0.00297	0.01239	0.04733	0.00485	0.01255
3	0.02577	0.28870	0.04593	0.08900	0.29976	0.03117	0.02531	0.03073	0.02206	0.02893	0.01707	0.02175	0.01473	0.00908	0.00864	0.00271	0.01180	0.00758	0.00474	0.01454
4	0.01580	0.01263	0.01803	0.18539	0.03055	0.01342	0.01447	0.02038	0.02423	0.03294	0.30311	0.06276	0.09883	0.10424	0.01716	0.00423	0.00812	0.01556	0.00853	0.00962
5	0.03279	0.35235	0.04164	0.02192	0.02899	0.31458	0.01867	0.03577	0.02490	0.02462	0.01505	0.01747	0.01319	0.00966	0.00790	0.00242	0.01468	0.00604	0.00483	0.01254
6	0.02116	0.02568	0.14037	0.02457	0.10437	0.01695	0.01998	0.02748	0.02227	0.03388	0.06280	0.02639	0.02146	0.00934	0.00876	0.00223	0.00958	0.00782	0.00600	0.40893
7	0.08176	0.03416	0.27013	0.11688	0.11649	0.02194	0.02891	0.03475	0.02294	0.14275	0.02259	0.02528	0.01588	0.01031	0.00972	0.00323	0.01267	0.00841	0.00631	0.01490
8	0.02058	0.05308	0.58618	0.02925	0.04442	0.02383	0.03792	0.03250	0.02167	0.03250	0.01842	0.02167	0.01300	0.00975	0.00975	0.00325	0.01517	0.00758	0.00433	0.01517
9	0.07715	0.13048	0.43005	0.02566	0.03877	0.02552	0.03147	0.03324	0.02174	0.06912	0.01899	0.02144	0.01370	0.00979	0.00908	0.00309	0.01359	0.00732	0.00506	0.01473
10	0.02077	0.15376	0.15649	0.23851	0.08428	0.02476	0.02589	0.02724	0.02092	0.02771	0.02293	0.10885	0.02123	0.01284	0.00979	0.00321	0.01226	0.01086	0.00521	0.01251
11	0.01267	0.00909	0.01227	0.01446	0.01515	0.00869	0.00978	0.01460	0.01940	0.02601	0.05429	0.58645	0.06458	0.03565	0.05877	0.00513	0.00763	0.02776	0.00921	0.00840
12	0.04506	0.01903	0.02479	0.01900	0.02698	0.01741	0.01570	0.11829	0.03200	0.51045	0.03828	0.03350	0.02430	0.01265	0.01031	0.00316	0.00909	0.01017	0.01236	0.01746
13	0.02086	0.01975	0.03345	0.47914	0.19467	0.02319	0.02924	0.02752	0.02122	0.02801	0.01850	0.02688	0.01431	0.00999	0.01024	0.00333	0.01331	0.00913	0.00469	0.01259
14	0.01739	0.00920	0.01380	0.01380	0.01406	0.00946	0.00946	0.01406	0.01380	0.01866	0.01917	0.03246	0.01891	0.04139	0.11777	0.60620	0.01150	0.00920	0.00460	0.00511
15	0.02101	0.01689	0.01808	0.01675	0.02008	0.01888	0.01197	0.03764	0.32577	0.03311	0.03775	0.05060	0.03388	0.28057	0.02826	0.00624	0.00890	0.01302	0.00864	0.01197
16	0.02624	0.02753	0.02707	0.23623	0.04353	0.18754	0.02171	0.03771	0.16849	0.03080	0.02690	0.03505	0.02206	0.01283	0.01034	0.00332	0.01321	0.04996	0.00676	0.01269
17	0.01913	0.00956	0.00956	0.00956	0.01196	0.00956	0.00717	0.02391	0.02152	0.03826	0.03348	0.03826	0.02630	0.01196	0.00717	0.00239	0.00478	0.00956	0.69632	0.00956
18	0.03022	0.02263	0.03319	0.06880	0.03436	0.02608	0.09332	0.10533	0.06021	0.15648	0.02424	0.02765	0.01815	0.01387	0.01898	0.00371	0.23103	0.00994	0.00761	0.01419
19	0.01278	0.00919	0.01185	0.01372	0.01454	0.00856	0.00915	0.01463	0.01998	0.02655	0.08420	0.52387	0.09839	0.08108	0.01620	0.00455	0.00618	0.02698	0.00935	0.00825
20	0.03221	0.02537	0.02697	0.02224	0.02923	0.02865	0.01786	0.29571	0.30473	0.05371	0.03328	0.03152	0.02445	0.01313	0.01035	0.00328	0.00969	0.01043	0.01035	0.01684
21	0.41712	0.03402	0.25857	0.02021	0.03032	0.02337	0.02254	0.03116	0.01926	0.04027	0.01605	0.01880	0.01192	0.00962	0.00780	0.00321	0.01102	0.00642	0.00549	0.01284
22	0.02031	0.04516	0.46246	0.02894	0.04190	0.02231	0.07599	0.03094	0.02215	0.03228	0.02369	0.03546	0.01972	0.01229	0.01057	0.00348	0.01453	0.07845	0.00513	0.01425
23	0.01946	0.01626	0.02021	0.05879	0.02613	0.01345	0.01364	0.02388	0.02136	0.03169	0.02773	0.10625	0.02734	0.01354	0.00935	0.00241	0.00810	0.07854	0.00684	0.47501
24	0.01250	0.00893	0.01191	0.01429	0.01488	0.00834	0.00953	0.01429	0.01965	0.02620	0.05656	0.63265	0.06787	0.03215	0.01310	0.00417	0.00595	0.02917	0.00953	0.00834
25	0.03024	0.11954	0.19647	0.02633	0.03677	0.02743	0.09709	0.16384	0.05686	0.11121	0.02378	0.02510	0.01705	0.01070	0.00988	0.00309	0.01272	0.00891	0.00735	0.01563
26	0.02688	0.02302	0.05977	0.06701	0.03127	0.02049	0.01734	0.13433	0.10617	0.07706	0.02448	0.02588	0.01845	0.01016	0.00908	0.00249	0.00945	0.00814	0.00776	0.32077

[dist]
# distance from previous block
# <min> <max>
0	4

[block]
# block no. 2 follows, 14 sequences, length 24
# corresponding to MSA columns:
# 189-212
name=unknown_C
#
# <colnr> <probs for GDERKNQSTAVLIFYWHMCP>
#	G	D	E	R	K	N	Q	S	T	A	V	L	I	F	Y	W	H	M	C	P
0	0.17820	0.01845	0.02038	0.01539	0.02368	0.01600	0.01247	0.03126	0.02193	0.13773	0.02148	0.02279	0.01619	0.00897	0.00783	0.00219	0.00788	0.00675	0.00736	0.42307
1	0.01598	0.01009	0.01140	0.01107	0.01367	0.00945	0.00830	0.02038	0.02491	0.03749	0.26339	0.06492	0.15510	0.01819	0.01008	0.00293	0.00488	0.01543	0.29289	0.00945
2	0.01565	0.01026	0.01270	0.01209	0.01450	0.00965	0.00907	0.02048	0.02720	0.04044	0.43833	0.06724	0.07953	0.01877	0.01089	0.00302	0.00483	0.01635	0.17934	0.00965
3	0.02425	0.01279	0.01665	0.01477	0.01908	0.01142	0.01174	0.02847	0.02777	0.20821	0.28359	0.07062	0.14343	0.01984	0.01174	0.00339	0.00655	0.06245	0.01129	0.01195
4	0.02744	0.64552	0.05378	0.01756	0.02634	0.04061	0.01756	0.03073	0.02085	0.02414	0.01427	0.01646	0.01317	0.00878	0.00658	0.00219	0.01097	0.00549	0.00439	0.01317
5	0.02021	0.10179	0.30204	0.21152	0.04812	0.02392	0.03021	0.02869	0.02104	0.02905	0.02134	0.07772	0.01816	0.01182	0.00987	0.00327	0.01342	0.00978	0.00488	0.01315
6	0.01295	0.00951	0.01223	0.01405	0.01534	0.00879	0.00992	0.01533	0.02119	0.02785	0.09831	0.47077	0.14173	0.03015	0.01299	0.00405	0.00608	0.07052	0.00964	0.00858
7	0.71184	0.01985	0.01508	0.01350	0.01985	0.02302	0.01111	0.03017	0.01746	0.04604	0.01429	0.01667	0.01111	0.00953	0.00635	0.00318	0.00794	0.00556	0.00635	0.01111
8	0.03781	0.03428	0.02920	0.07979	0.03471	0.25348	0.01990	0.22983	0.03556	0.11312	0.02263	0.02381	0.01646	0.01148	0.00987	0.00295	0.01404	0.00833	0.00807	0.01468
9	0.01269	0.00907	0.01207	0.01416	0.01493	0.00846	0.00954	0.01476	0.02052	0.02758	0.10404	0.58123	0.07055	0.03112	0.01301	0.00408	0.00585	0.02819	0.00969	0.00846
10	0.01476	0.01060	0.01448	0.01448	0.01561	0.01173	0.01032	0.01703	0.01590	0.02233	0.02933	0.05052	0.03008	0.29070	0.39100	0.01401	0.02082	0.01249	0.00577	0.00804
11	0.03833	0.04891	0.02908	0.02644	0.03173	0.59815	0.01983	0.04098	0.02908	0.02512	0.01586	0.01851	0.01322	0.01058	0.00925	0.00264	0.01851	0.00661	0.00529	0.01190
12	0.02485	0.02383	0.04067	0.11296	0.52962	0.02424	0.03122	0.03102	0.02311	0.03286	0.01921	0.02558	0.01602	0.00924	0.01017	0.00308	0.01233	0.00914	0.00503	0.01582
13	0.02515	0.30173	0.31051	0.02379	0.03562	0.03166	0.02763	0.07776	0.02373	0.03187	0.01722	0.01973	0.01347	0.00957	0.00846	0.00279	0.01304	0.00685	0.00489	0.01453
14	0.16394	0.01757	0.02124	0.01664	0.02410	0.01603	0.01363	0.04127	0.02609	0.37765	0.06575	0.03237	0.02588	0.01196	0.00934	0.00296	0.00819	0.00940	0.01057	0.10541
15	0.01382	0.01011	0.01297	0.01301	0.01509	0.00926	0.00947	0.01772	0.02626	0.03631	0.40336	0.21242	0.13373	0.02413	0.01235	0.00348	0.00514	0.02140	0.01071	0.00926
16	0.01296	0.00966	0.01206	0.01309	0.01478	0.00876	0.00920	0.01572	0.02293	0.03047	0.20203	0.37156	0.18349	0.02788	0.01263	0.00377	0.00550	0.02476	0.00999	0.00876
17	0.02706	0.02589	0.04078	0.04107	0.20471	0.07851	0.16612	0.03261	0.02367	0.08109	0.05037	0.02853	0.02053	0.01164	0.01481	0.00339	0.11880	0.01032	0.00606	0.01406
18	0.03791	0.01692	0.02403	0.14545	0.03446	0.01624	0.01725	0.04257	0.02677	0.41427	0.03508	0.03360	0.02297	0.01211	0.01002	0.00316	0.00944	0.00999	0.07229	0.01545
19	0.01250	0.00893	0.01191	0.01429	0.01488	0.00834	0.00953	0.01429	0.01965	0.02620	0.05656	0.63265	0.06787	0.03215	0.01310	0.00417	0.00595	0.02917	0.00953	0.00834
20	0.01553	0.01316	0.02085	0.14986	0.03125	0.01355	0.06166	0.01957	0.02147	0.02817	0.07666	0.31725	0.09744	0.02368	0.01234	0.00388	0.00888	0.06695	0.00813	0.00972
21	0.02655	0.29512	0.03807	0.07334	0.03026	0.07752	0.01844	0.07798	0.08574	0.03051	0.02281	0.07956	0.02091	0.01303	0.01103	0.00297	0.06743	0.00951	0.00621	0.01302
22	0.02491	0.02389	0.04078	0.10747	0.53465	0.02426	0.03125	0.03107	0.02314	0.03294	0.01922	0.02556	0.01605	0.00923	0.01017	0.00308	0.01231	0.00914	0.00504	0.01586
23	0.03763	0.02256	0.02567	0.02029	0.02757	0.02370	0.01656	0.27486	0.10756	0.22245	0.03271	0.03093	0.02260	0.01262	0.01003	0.00310	0.00947	0.00992	0.07320	0.01658

[dist]
# distance from previous block
# <min> <max>
0	5

[block]
# block no. 3 follows, 14 sequences, length 25
# corresponding to MSA columns:
# 218-242
name=unknown_D
#
# <colnr> <probs for GDERKNQSTAVLIFYWHMCP>
#	G	D	E	R	K	N	Q	S	T	A	V	L	I	F	Y	W	H	M	C	P
0	0.01350	0.00977	0.01298	0.01519	0.01644	0.00924	0.01119	0.01610	0.02092	0.02745	0.05933	0.46331	0.10106	0.03075	0.01330	0.00426	0.00679	0.15025	0.00951	0.00864
1	0.02128	0.01824	0.02128	0.01520	0.02432	0.01368	0.01216	0.02584	0.02128	0.03344	0.01824	0.02128	0.01520	0.00760	0.00760	0.00152	0.00760	0.00608	0.00608	0.70208
2	0.02613	0.02128	0.03493	0.03556	0.19381	0.01929	0.12067	0.03187	0.02378	0.10925	0.02498	0.03311	0.02047	0.01061	0.01013	0.00283	0.01115	0.04829	0.00679	0.21506
3	0.07481	0.01848	0.02457	0.22243	0.03990	0.01944	0.01856	0.06836	0.05618	0.14336	0.02547	0.03088	0.01942	0.06316	0.01306	0.00355	0.01043	0.00923	0.00747	0.13124
4	0.01259	0.00926	0.01181	0.01361	0.01476	0.00848	0.00928	0.01472	0.02088	0.02750	0.10044	0.51345	0.14470	0.03043	0.01288	0.00400	0.00576	0.02730	0.00965	0.00848
5	0.08319	0.03168	0.21742	0.02258	0.03277	0.02159	0.02331	0.10719	0.06518	0.24896	0.02901	0.02793	0.01947	0.01149	0.00984	0.00321	0.01118	0.00898	0.00889	0.01613
6	0.02168	0.02132	0.02996	0.02591	0.02609	0.02959	0.02150	0.02407	0.01579	0.02461	0.01486	0.02422	0.01468	0.02380	0.08955	0.00568	0.56192	0.00918	0.00459	0.01102
7	0.01247	0.01041	0.01087	0.01075	0.01407	0.00881	0.00806	0.01538	0.02419	0.02962	0.16978	0.09564	0.50417	0.02528	0.01213	0.00343	0.00515	0.02122	0.00978	0.00881
8	0.02951	0.02402	0.02545	0.02169	0.02820	0.02739	0.01721	0.19830	0.40654	0.04935	0.03671	0.03425	0.02723	0.01345	0.01039	0.00336	0.00906	0.01090	0.01039	0.01660
9	0.54034	0.02211	0.01909	0.01607	0.02290	0.02527	0.01325	0.16040	0.02531	0.05079	0.01693	0.01870	0.01273	0.01024	0.00735	0.00315	0.00879	0.00650	0.00735	0.01273
10	0.01357	0.00969	0.01313	0.01551	0.01657	0.00926	0.01138	0.01614	0.02070	0.02739	0.05597	0.49578	0.06554	0.03114	0.01338	0.00432	0.00688	0.15551	0.00951	0.00863
11	0.02382	0.02277	0.03880	0.20758	0.44307	0.02397	0.03071	0.03011	0.02262	0.03161	0.01902	0.02591	0.01558	0.00944	0.01019	0.00315	0.01258	0.00914	0.00494	0.01498
12	0.03502	0.02274	0.03065	0.02421	0.02980	0.02554	0.05461	0.16916	0.02951	0.22751	0.02619	0.02767	0.01876	0.01404	0.01803	0.00360	0.20919	0.00972	0.00887	0.01518
13	0.01311	0.00968	0.01226	0.01321	0.01487	0.00883	0.00930	0.01604	0.02336	0.03138	0.23385	0.36330	0.15810	0.02747	0.01261	0.00374	0.00546	0.02446	0.01011	0.00883
14	0.01787	0.01443	0.01642	0.01560	0.01915	0.01506	0.01175	0.03068	0.21690	0.03789	0.24508	0.13974	0.13733	0.02064	0.01164	0.00348	0.00622	0.01791	0.01050	0.01172
15	0.02443	0.07843	0.26042	0.02342	0.03380	0.02407	0.02492	0.04053	0.21001	0.06941	0.02766	0.02791	0.02043	0.01112	0.00959	0.00308	0.01125	0.00887	0.00717	0.08347
16	0.01423	0.00927	0.01163	0.01307	0.01430	0.00878	0.00903	0.01707	0.02129	0.03081	0.11863	0.42898	0.06250	0.02624	0.01166	0.00365	0.00555	0.02347	0.16105	0.00878
17	0.02576	0.02587	0.03875	0.14340	0.44472	0.08088	0.02988	0.03163	0.02350	0.03158	0.01880	0.02502	0.01556	0.00946	0.01009	0.00306	0.01304	0.00889	0.00502	0.01508
18	0.01304	0.00916	0.01175	0.01361	0.01407	0.00869	0.00880	0.01443	0.01861	0.02481	0.05122	0.50808	0.06114	0.16591	0.02172	0.00544	0.00683	0.02603	0.00880	0.00787
19	0.07992	0.03080	0.18509	0.02567	0.03123	0.02781	0.02503	0.03130	0.08914	0.03109	0.01868	0.02384	0.01550	0.01441	0.02159	0.00390	0.31798	0.00865	0.00539	0.01299
20	0.02381	0.02282	0.07622	0.14577	0.19028	0.01940	0.02312	0.02981	0.02234	0.07178	0.02017	0.02463	0.01576	0.00910	0.00921	0.00258	0.01078	0.00796	0.00584	0.26860
21	0.03438	0.02639	0.02751	0.10849	0.07716	0.14914	0.01964	0.11003	0.06172	0.19259	0.02915	0.06932	0.02248	0.01296	0.01025	0.00315	0.01201	0.01045	0.00860	0.01457
22	0.08631	0.02715	0.13844	0.06468	0.07143	0.02072	0.02136	0.10511	0.02650	0.14539	0.02326	0.02482	0.01669	0.01015	0.00920	0.00279	0.01064	0.00804	0.00746	0.17988
23	0.17173	0.02594	0.07315	0.13843	0.07671	0.05845	0.05779	0.11980	0.02699	0.12332	0.02203	0.02475	0.01581	0.01062	0.00949	0.00319	0.01190	0.00853	0.00725	0.01413
24	0.17674	0.06854	0.10968	0.07821	0.03201	0.02324	0.01935	0.10557	0.05868	0.11625	0.05688	0.02746	0.02149	0.01128	0.00905	0.00305	0.01019	0.00860	0.00771	0.05601

[dist]
# distance from previous block
# <min> <max>
7	25

[block]
# block no. 4 follows, 14 sequences, length 46
# corresponding to MSA columns:
# 269-314
name=unknown_E
#
# <colnr> <probs for GDERKNQSTAVLIFYWHMCP>
#	G	D	E	R	K	N	Q	S	T	A	V	L	I	F	Y	W	H	M	C	P
0	0.12237	0.03431	0.07252	0.02190	0.02886	0.25716	0.01838	0.08891	0.02853	0.14596	0.02825	0.02840	0.05686	0.01211	0.00946	0.00298	0.01318	0.00868	0.00766	0.01353
1	0.06787	0.19750	0.22343	0.02525	0.07835	0.02680	0.02451	0.06658	0.02450	0.08916	0.06471	0.02631	0.02158	0.01081	0.00902	0.00293	0.01162	0.00832	0.00634	0.01442
2	0.09881	0.02023	0.02427	0.01893	0.02644	0.01989	0.01557	0.17802	0.03340	0.36151	0.06949	0.03341	0.02684	0.01288	0.01009	0.00315	0.00909	0.01018	0.01141	0.01640
3	0.02312	0.10242	0.06595	0.10009	0.07769	0.02055	0.08928	0.02894	0.02472	0.08836	0.17584	0.03962	0.03877	0.01277	0.01030	0.00299	0.01030	0.01149	0.00749	0.06932
4	0.01521	0.00985	0.01141	0.01141	0.01141	0.00985	0.00649	0.01477	0.01477	0.01969	0.03088	0.06355	0.03536	0.57885	0.05102	0.07925	0.00985	0.01432	0.00604	0.00604
5	0.03563	0.02217	0.02803	0.02159	0.02886	0.02279	0.06804	0.26763	0.03601	0.18960	0.02997	0.03013	0.02096	0.01198	0.00989	0.00301	0.01002	0.00987	0.13821	0.01562
6	0.01913	0.00956	0.00956	0.00956	0.01196	0.00956	0.00717	0.02391	0.02152	0.03826	0.03348	0.03826	0.02630	0.01196	0.00717	0.00239	0.00478	0.00956	0.69632	0.00956
7	0.02128	0.01824	0.02128	0.01520	0.02432	0.01368	0.01216	0.02584	0.02128	0.03344	0.01824	0.02128	0.01520	0.00760	0.00760	0.00152	0.00760	0.00608	0.00608	0.70208
8	0.01317	0.01019	0.01201	0.01207	0.01463	0.00903	0.00886	0.01655	0.02508	0.03296	0.28666	0.17875	0.29321	0.02497	0.01228	0.00349	0.00518	0.02164	0.01025	0.00903
9	0.02926	0.02390	0.02531	0.02164	0.02811	0.02727	0.01715	0.18935	0.41589	0.04895	0.03702	0.03451	0.02748	0.01348	0.01039	0.00337	0.00900	0.01095	0.01039	0.01658
10	0.71184	0.01985	0.01508	0.01350	0.01985	0.02302	0.01111	0.03017	0.01746	0.04604	0.01429	0.01667	0.01111	0.00953	0.00635	0.00318	0.00794	0.00556	0.00635	0.01111
11	0.01972	0.01384	0.02290	0.02008	0.02377	0.01275	0.10883	0.02348	0.02308	0.10849	0.11302	0.36403	0.05577	0.02358	0.01239	0.00377	0.00832	0.02196	0.00940	0.01083
12	0.03031	0.25245	0.13731	0.02197	0.03164	0.02731	0.06255	0.03737	0.05583	0.17292	0.02423	0.02469	0.01772	0.01020	0.00886	0.00278	0.01128	0.00806	0.00707	0.05545
13	0.01502	0.01020	0.01222	0.01285	0.01332	0.01016	0.00836	0.01602	0.01689	0.02238	0.03832	0.12234	0.04377	0.47855	0.04211	0.00853	0.00953	0.10537	0.00708	0.00698
14	0.03838	0.04743	0.02921	0.02623	0.03173	0.55651	0.01980	0.07775	0.03049	0.02802	0.01651	0.01896	0.01353	0.01070	0.00933	0.00268	0.01798	0.00680	0.00565	0.01231
15	0.71184	0.01985	0.01508	0.01350	0.01985	0.02302	0.01111	0.03017	0.01746	0.04604	0.01429	0.01667	0.01111	0.00953	0.00635	0.00318	0.00794	0.00556	0.00635	0.01111
16	0.02233	0.02125	0.03610	0.34452	0.31780	0.02357	0.02997	0.02880	0.02191	0.02980	0.01876	0.02640	0.01494	0.00971	0.01021	0.00324	0.01295	0.00913	0.00481	0.01378
17	0.02541	0.01680	0.02014	0.01813	0.02283	0.01842	0.01424	0.04010	0.25118	0.13497	0.03647	0.03830	0.02810	0.03290	0.19078	0.00733	0.01391	0.01102	0.06523	0.01375
18	0.02394	0.02290	0.03902	0.19652	0.45319	0.02400	0.03077	0.03022	0.02268	0.03176	0.01905	0.02587	0.01563	0.00941	0.01018	0.00314	0.01255	0.00914	0.00495	0.01508
19	0.01492	0.00995	0.01119	0.01119	0.01119	0.00995	0.00622	0.01492	0.01492	0.01990	0.03233	0.06716	0.03731	0.63935	0.05223	0.00995	0.00995	0.01492	0.00622	0.00622
20	0.01640	0.01182	0.01477	0.01375	0.01631	0.01141	0.01019	0.06116	0.02879	0.04026	0.44448	0.11253	0.08344	0.07085	0.01526	0.00383	0.00586	0.01829	0.01067	0.00994
21	0.02127	0.01195	0.01546	0.01393	0.01760	0.01068	0.01067	0.02538	0.02764	0.16218	0.34794	0.11546	0.13783	0.02063	0.01178	0.00332	0.00587	0.01793	0.01125	0.01123
22	0.01452	0.01087	0.01432	0.01552	0.01616	0.01143	0.01105	0.01636	0.01880	0.02534	0.04699	0.38878	0.05502	0.15456	0.02331	0.00546	0.06882	0.08601	0.00833	0.00834
23	0.02146	0.01941	0.03113	0.45087	0.13330	0.02286	0.02693	0.06791	0.02371	0.03132	0.05587	0.03017	0.01991	0.01099	0.01037	0.00333	0.01269	0.00977	0.00554	0.01244
24	0.02457	0.02233	0.02525	0.02286	0.09573	0.06408	0.01582	0.06763	0.02427	0.03519	0.01868	0.02184	0.01535	0.00840	0.00827	0.00193	0.00936	0.00676	0.00621	0.50550
25	0.09066	0.02628	0.02754	0.02208	0.02951	0.02947	0.01797	0.37320	0.17745	0.05752	0.02823	0.02752	0.02053	0.01251	0.00999	0.00319	0.01020	0.00955	0.00999	0.01662
26	0.71184	0.01985	0.01508	0.01350	0.01985	0.02302	0.01111	0.03017	0.01746	0.04604	0.01429	0.01667	0.01111	0.00953	0.00635	0.00318	0.00794	0.00556	0.00635	0.01111
27	0.01723	0.01495	0.02099	0.07824	0.02468	0.01802	0.01583	0.02072	0.02163	0.03081	0.21384	0.17653	0.05405	0.02136	0.01940	0.00388	0.21309	0.01674	0.00794	0.01008
28	0.01752	0.01106	0.01458	0.01356	0.01638	0.01011	0.01021	0.02202	0.02831	0.09417	0.47478	0.11805	0.08730	0.02107	0.01201	0.00330	0.00532	0.01860	0.01129	0.01035
29	0.01384	0.01023	0.01293	0.01276	0.01504	0.00931	0.00938	0.01786	0.02670	0.03676	0.41825	0.16925	0.16263	0.02352	0.01227	0.00341	0.00507	0.02072	0.01075	0.00931
30	0.04063	0.02615	0.02919	0.02238	0.03053	0.02798	0.01849	0.42830	0.04391	0.18361	0.02828	0.02700	0.01928	0.01241	0.01028	0.00310	0.01070	0.00949	0.01083	0.01745
31	0.02246	0.21530	0.44040	0.02605	0.03947	0.02843	0.03234	0.03201	0.02144	0.03021	0.01728	0.02024	0.01305	0.00948	0.00888	0.00296	0.01402	0.00701	0.00435	0.01462
32	0.02314	0.02208	0.03757	0.26995	0.38602	0.02379	0.03037	0.02952	0.02230	0.03079	0.01890	0.02613	0.01529	0.00956	0.01020	0.00319	0.01275	0.00913	0.00488	0.01443
33	0.04604	0.01746	0.02382	0.01826	0.02620	0.01508	0.01508	0.05001	0.02937	0.58244	0.04049	0.03493	0.02540	0.01270	0.01032	0.00318	0.00873	0.01032	0.01270	0.01746
34	0.01273	0.00936	0.01194	0.01353	0.01480	0.00857	0.00930	0.01507	0.02152	0.02853	0.13577	0.47661	0.14522	0.02968	0.01282	0.00393	0.00569	0.02658	0.00978	0.00857
35	0.02322	0.02216	0.03771	0.26283	0.39253	0.02381	0.03041	0.02958	0.02234	0.03088	0.01892	0.02611	0.01532	0.00955	0.01020	0.00318	0.01273	0.00913	0.00489	0.01450
36	0.02166	0.14655	0.50218	0.02741	0.04156	0.02648	0.03470	0.03222	0.02154	0.03118	0.01776	0.02085	0.01303	0.00960	0.00925	0.00308	0.01450	0.00725	0.00434	0.01485
37	0.03154	0.01425	0.01917	0.01580	0.02120	0.01260	0.01260	0.03591	0.02922	0.33332	0.28415	0.05413	0.05828	0.01651	0.01114	0.00320	0.00694	0.01411	0.01205	0.01388
38	0.02277	0.02047	0.02866	0.03251	0.22392	0.01756	0.01916	0.02789	0.02204	0.03347	0.01862	0.02277	0.01558	0.00816	0.00853	0.00207	0.00926	0.00719	0.00572	0.45365
39	0.03989	0.12126	0.07753	0.01988	0.02861	0.02234	0.01808	0.11841	0.03017	0.37058	0.03211	0.02936	0.02123	0.01177	0.00967	0.00301	0.01001	0.00916	0.01031	0.01659
40	0.03293	0.01566	0.02040	0.01659	0.02236	0.01437	0.01332	0.07971	0.03085	0.32332	0.24940	0.05062	0.05309	0.01596	0.01102	0.00319	0.00741	0.01350	0.01194	0.01437
41	0.01492	0.01041	0.01336	0.01263	0.01504	0.00967	0.00947	0.01975	0.02841	0.04091	0.52418	0.07338	0.09082	0.02021	0.01168	0.00316	0.00484	0.01779	0.06970	0.00967
42	0.02300	0.04800	0.49884	0.03097	0.08399	0.02317	0.03558	0.03383	0.02242	0.07683	0.02026	0.02302	0.01425	0.00994	0.00983	0.00323	0.01442	0.00792	0.00506	0.01544
43	0.02261	0.22872	0.42833	0.02578	0.03906	0.02881	0.03188	0.03197	0.02142	0.03002	0.01719	0.02012	0.01305	0.00946	0.00881	0.00294	0.01392	0.00696	0.00435	0.01457
44	0.01367	0.00988	0.01317	0.01539	0.01670	0.00938	0.01148	0.01638	0.02107	0.02763	0.05908	0.44427	0.09900	0.03062	0.01335	0.00429	0.00694	0.16951	0.00950	0.00869
45	0.02706	0.02011	0.01911	0.01750	0.02147	0.13709	0.01318	0.03045	0.02681	0.17003	0.19073	0.19140	0.05375	0.01943	0.01129	0.00332	0.00903	0.01655	0.00992	0.01178

[dist]
# distance from previous block
# <min> <max>
0	3

[block]
# block no. 5 follows, 14 sequences, length 40
# corresponding to MSA columns:
# 318-357
name=unknown_F
#
# <colnr> <probs for GDERKNQSTAVLIFYWHMCP>
#	G	D	E	R	K	N	Q	S	T	A	V	L	I	F	Y	W	H	M	C	P
0	0.45072	0.05971	0.01709	0.01377	0.01885	0.01997	0.01110	0.02626	0.02008	0.04118	0.12097	0.10412	0.03395	0.01438	0.00826	0.00324	0.00733	0.01086	0.00751	0.01065
1	0.27712	0.02063	0.02477	0.06918	0.16252	0.02261	0.01843	0.07709	0.07330	0.04230	0.09248	0.03020	0.02630	0.01165	0.00906	0.00319	0.00931	0.00930	0.00729	0.01327
2	0.02352	0.02092	0.03243	0.04460	0.35521	0.02066	0.02393	0.07441	0.02468	0.03483	0.02769	0.15510	0.02733	0.01423	0.01057	0.00315	0.01036	0.01317	0.00660	0.07661
3	0.02010	0.01148	0.01677	0.01871	0.06621	0.01094	0.01196	0.02023	0.01927	0.09354	0.06851	0.22620	0.03967	0.02835	0.02329	0.28428	0.00798	0.01620	0.00759	0.00871
4	0.03395	0.20257	0.13162	0.02058	0.02985	0.02588	0.02019	0.07335	0.07557	0.24470	0.02829	0.02702	0.01980	0.01116	0.00917	0.00293	0.01061	0.00852	0.00851	0.01573
5	0.03409	0.03161	0.23944	0.02275	0.03324	0.01955	0.02396	0.04378	0.08263	0.31401	0.03216	0.03020	0.02128	0.01170	0.01011	0.00324	0.01113	0.00941	0.00925	0.01645
6	0.02437	0.07839	0.08841	0.02150	0.02904	0.01930	0.08502	0.07537	0.02466	0.09541	0.03098	0.17752	0.02945	0.01527	0.01027	0.00302	0.01004	0.01357	0.00763	0.16078
7	0.02414	0.27977	0.17684	0.02044	0.03050	0.02862	0.02135	0.03326	0.09175	0.03071	0.01979	0.02168	0.01595	0.00945	0.00811	0.00249	0.01093	0.00695	0.00554	0.16173
8	0.01740	0.01373	0.01751	0.09367	0.02479	0.01372	0.01296	0.05232	0.05425	0.03255	0.13530	0.22282	0.08363	0.07632	0.01501	0.00395	0.00774	0.01781	0.00856	0.09598
9	0.01420	0.01150	0.01281	0.01318	0.01600	0.01089	0.00959	0.02023	0.09393	0.03020	0.11283	0.25564	0.30951	0.02595	0.01220	0.00367	0.00580	0.02244	0.00977	0.00964
10	0.02096	0.01780	0.02073	0.01538	0.02367	0.01413	0.01222	0.02722	0.05872	0.03479	0.06968	0.02745	0.02368	0.00924	0.00820	0.00181	0.00739	0.00759	0.00685	0.59249
11	0.01357	0.01029	0.01249	0.01228	0.01483	0.00922	0.00908	0.01739	0.02629	0.03539	0.37071	0.14277	0.24083	0.02372	0.01222	0.00340	0.00507	0.02065	0.01056	0.00922
12	0.03833	0.04891	0.02908	0.02644	0.03173	0.59815	0.01983	0.04098	0.02908	0.02512	0.01586	0.01851	0.01322	0.01058	0.00925	0.00264	0.01851	0.00661	0.00529	0.01190
13	0.09488	0.01841	0.02062	0.01502	0.02384	0.01468	0.01205	0.02630	0.02087	0.03478	0.01782	0.02079	0.01476	0.00781	0.00747	0.00170	0.00764	0.00602	0.00611	0.62843
14	0.02450	0.07828	0.02858	0.09903	0.10312	0.02448	0.01920	0.09458	0.22773	0.03870	0.06953	0.08803	0.03177	0.01432	0.01036	0.00330	0.00955	0.01221	0.00840	0.01432
15	0.57433	0.02275	0.06854	0.01513	0.02259	0.02210	0.01370	0.02992	0.01826	0.04345	0.01509	0.01762	0.01172	0.00934	0.00680	0.00301	0.00857	0.00580	0.00614	0.08514
16	0.02221	0.19396	0.45957	0.02647	0.04012	0.02782	0.03308	0.03208	0.02147	0.03051	0.01743	0.02043	0.01304	0.00952	0.00900	0.00300	0.01417	0.00708	0.00435	0.01469
17	0.02141	0.03998	0.35020	0.03053	0.04248	0.02325	0.15930	0.03345	0.07244	0.03434	0.07086	0.02967	0.02290	0.01087	0.01062	0.00332	0.01412	0.01008	0.00574	0.01444
18	0.01484	0.00964	0.01285	0.01439	0.01565	0.00890	0.00989	0.01709	0.02126	0.06291	0.11026	0.53566	0.06828	0.02973	0.01282	0.00400	0.00601	0.02685	0.00992	0.00906
19	0.02245	0.18029	0.29611	0.02799	0.03927	0.02691	0.14008	0.03059	0.02143	0.02952	0.01923	0.02589	0.01580	0.06615	0.01337	0.00366	0.01420	0.00876	0.00470	0.01361
20	0.02755	0.02461	0.08772	0.08572	0.07447	0.02245	0.18061	0.03519	0.05411	0.15375	0.02721	0.06529	0.02124	0.01255	0.01347	0.00350	0.07763	0.01151	0.00721	0.01422
21	0.01356	0.00985	0.01303	0.01519	0.01652	0.00931	0.01127	0.01622	0.02107	0.02756	0.06024	0.44408	0.11094	0.03056	0.01330	0.00426	0.00683	0.15803	0.00951	0.00867
22	0.02105	0.01994	0.03380	0.46162	0.21070	0.02324	0.02933	0.02768	0.02131	0.02825	0.01853	0.02682	0.01439	0.00995	0.01023	0.00332	0.01327	0.00913	0.00470	0.01275
23	0.11507	0.03999	0.37361	0.02451	0.03676	0.02156	0.02882	0.03655	0.02304	0.17087	0.02337	0.02432	0.01584	0.01045	0.00946	0.00322	0.01265	0.00800	0.00667	0.01522
24	0.02830	0.02214	0.03405	0.15569	0.11158	0.05384	0.12271	0.06795	0.02600	0.14851	0.03150	0.07089	0.05433	0.01282	0.01086	0.00331	0.01226	0.01186	0.00752	0.01387
25	0.01321	0.00957	0.01258	0.01432	0.01557	0.00893	0.01019	0.01582	0.02172	0.02902	0.13653	0.45978	0.10352	0.02967	0.01300	0.00404	0.00611	0.07795	0.00978	0.00868
26	0.03072	0.10123	0.14994	0.01974	0.02778	0.01871	0.01925	0.03590	0.02447	0.26906	0.03586	0.16082	0.03045	0.01583	0.01034	0.00329	0.00983	0.01325	0.00912	0.01442
27	0.03074	0.06301	0.13289	0.02349	0.07671	0.01775	0.01989	0.03591	0.02467	0.26966	0.03619	0.16147	0.03073	0.01583	0.01057	0.00333	0.00981	0.01352	0.00918	0.01464
28	0.02332	0.03091	0.22347	0.28629	0.11377	0.02251	0.03067	0.03152	0.02218	0.08850	0.02079	0.02598	0.01498	0.01022	0.01008	0.00329	0.01350	0.00872	0.00541	0.01390
29	0.02593	0.01997	0.02781	0.15677	0.10429	0.06981	0.05651	0.03087	0.02406	0.13507	0.03387	0.11776	0.03124	0.01648	0.01136	0.00359	0.01152	0.10264	0.00780	0.01265
30	0.04125	0.01797	0.02334	0.01853	0.02571	0.01657	0.01505	0.09140	0.05944	0.45564	0.04057	0.08805	0.02884	0.01449	0.01057	0.00327	0.00868	0.01199	0.01207	0.01657
31	0.03186	0.03030	0.16917	0.03070	0.13684	0.05741	0.02483	0.08427	0.02749	0.20536	0.02907	0.03504	0.02204	0.01251	0.01042	0.00327	0.01194	0.05376	0.00814	0.01558
32	0.02681	0.08689	0.15147	0.04717	0.35822	0.02478	0.02976	0.03360	0.02343	0.09096	0.02092	0.02483	0.01628	0.00961	0.00976	0.00302	0.01231	0.00861	0.00568	0.01588
33	0.03115	0.09641	0.03194	0.26205	0.09359	0.02219	0.02226	0.03638	0.02421	0.23995	0.02637	0.02873	0.01834	0.01091	0.00982	0.00314	0.01131	0.00913	0.00771	0.01438
34	0.07946	0.02765	0.13166	0.02595	0.06574	0.02198	0.06808	0.13808	0.03004	0.26463	0.02865	0.02812	0.01924	0.01131	0.01010	0.00319	0.01133	0.00940	0.00916	0.01624
35	0.03158	0.02402	0.03649	0.04771	0.37620	0.02420	0.02636	0.13234	0.02917	0.13446	0.02399	0.02690	0.01807	0.01037	0.01021	0.00308	0.01142	0.00937	0.00739	0.01669
36	0.02629	0.02361	0.03995	0.09224	0.51306	0.02373	0.03033	0.03230	0.02356	0.06615	0.02052	0.02609	0.01666	0.00942	0.01017	0.00308	0.01207	0.00921	0.00551	0.01605
37	0.02415	0.02783	0.14431	0.08409	0.35536	0.02217	0.02960	0.03092	0.02288	0.06525	0.02370	0.08021	0.02067	0.01163	0.01036	0.00322	0.01210	0.01072	0.00576	0.01509
38	0.02838	0.10343	0.13569	0.03517	0.20955	0.02429	0.02497	0.09588	0.02639	0.11822	0.02583	0.08111	0.02159	0.01227	0.00996	0.00311	0.01138	0.01045	0.00706	0.01528
39	0.02541	0.02422	0.04037	0.06006	0.53712	0.02446	0.03043	0.03310	0.06052	0.03418	0.02087	0.02630	0.01730	0.00948	0.01018	0.00308	0.01191	0.00931	0.00545	0.01625

[dist]
# distance from previous block
# <min> <max>
0	3

[block]
# block no. 6 follows, 14 sequences, length 7
# corresponding to MSA columns:
# 361-367
name=unknown_G
#
# <colnr> <probs for GDERKNQSTAVLIFYWHMCP>
#	G	D	E	R	K	N	Q	S	T	A	V	L	I	F	Y	W	H	M	C	P
0	0.08860	0.02465	0.03557	0.04618	0.35843	0.02553	0.02575	0.15922	0.02943	0.07676	0.02153	0.02506	0.01669	0.01019	0.00987	0.00307	0.01139	0.00894	0.00696	0.01619
1	0.11772	0.09893	0.03528	0.09898	0.16123	0.10974	0.07644	0.03323	0.02380	0.08355	0.05094	0.02646	0.01985	0.01044	0.00945	0.00301	0.01240	0.00883	0.00621	0.01350
2	0.16571	0.02525	0.02635	0.02449	0.08685	0.09742	0.01772	0.15109	0.03060	0.23566	0.02658	0.02607	0.01839	0.01136	0.00941	0.00307	0.01080	0.00858	0.00918	0.01542
3	0.10352	0.10279	0.02608	0.01847	0.02503	0.08330	0.01507	0.04124	0.08821	0.27193	0.03362	0.09313	0.02628	0.01386	0.00963	0.00313	0.00964	0.01097	0.00957	0.01454
4	0.13703	0.12675	0.02768	0.08785	0.02984	0.08445	0.01619	0.03475	0.02429	0.17744	0.07786	0.02931	0.02470	0.01142	0.00890	0.00284	0.01015	0.00868	0.00784	0.07202
5	0.19928	0.02061	0.07746	0.02197	0.08378	0.01756	0.01692	0.03373	0.02391	0.20825	0.09618	0.09698	0.03292	0.01432	0.00977	0.00328	0.00878	0.01176	0.00894	0.01359
6	0.13614	0.09303	0.02586	0.01746	0.02503	0.02106	0.01462	0.09254	0.05207	0.25385	0.05914	0.02969	0.02400	0.01159	0.00904	0.00285	0.00875	0.00890	0.00947	0.10493

[dist]
# distance from previous block
# <min> <max>
11	89

[block]
# block no. 7 follows, 14 sequences, length 8
# corresponding to MSA columns:
# 459-466
name=unknown_H
#
# <colnr> <probs for GDERKNQSTAVLIFYWHMCP>
#	G	D	E	R	K	N	Q	S	T	A	V	L	I	F	Y	W	H	M	C	P
0	0.02677	0.01760	0.02530	0.11066	0.13817	0.01756	0.01908	0.03397	0.07008	0.16145	0.07378	0.04216	0.03041	0.01336	0.01028	0.00315	0.00937	0.05575	0.07143	0.06968
1	0.02402	0.16107	0.18903	0.02348	0.07280	0.02203	0.02183	0.02977	0.02254	0.11094	0.03515	0.14264	0.07228	0.01545	0.01001	0.00318	0.01052	0.01285	0.00705	0.01335
2	0.02597	0.02461	0.03257	0.03478	0.17598	0.07691	0.06231	0.11833	0.02640	0.03522	0.02881	0.09524	0.05992	0.01528	0.01552	0.00349	0.13633	0.01218	0.00670	0.01346
3	0.02688	0.01470	0.02023	0.02083	0.08074	0.01339	0.01482	0.03111	0.02656	0.22961	0.14532	0.06703	0.14401	0.01894	0.01162	0.00349	0.00789	0.09942	0.01048	0.01295
4	0.02128	0.01824	0.02128	0.01520	0.02432	0.01368	0.01216	0.02584	0.02128	0.03344	0.01824	0.02128	0.01520	0.00760	0.00760	0.00152	0.00760	0.00608	0.00608	0.70208
5	0.02938	0.10350	0.09162	0.03810	0.20324	0.02585	0.11684	0.07878	0.05559	0.12128	0.02387	0.02650	0.01782	0.01015	0.01008	0.00308	0.01239	0.00941	0.00687	0.01563
6	0.43141	0.02477	0.01771	0.01636	0.02139	0.15441	0.01256	0.02993	0.02012	0.03708	0.01992	0.07437	0.01886	0.06947	0.01181	0.00376	0.01041	0.00868	0.00636	0.01061
7	0.04374	0.09507	0.02752	0.01817	0.02621	0.01824	0.01539	0.04763	0.02832	0.51346	0.03725	0.03265	0.02389	0.01222	0.00986	0.00305	0.00901	0.00972	0.01167	0.01693

[dist]
# distance from previous block
# <min> <max>
0	2

[block]
# block no. 8 follows, 14 sequences, length 11
# corresponding to MSA columns:
# 469-479
name=unknown_I
#
# <colnr> <probs for GDERKNQSTAVLIFYWHMCP>
#	G	D	E	R	K	N	Q	S	T	A	V	L	I	F	Y	W	H	M	C	P
0	0.03015	0.23283	0.03569	0.02058	0.02809	0.03244	0.01765	0.19040	0.22697	0.04307	0.02749	0.02694	0.02114	0.01173	0.00910	0.00293	0.01001	0.00886	0.00836	0.01557
1	0.02960	0.08075	0.03637	0.04285	0.32557	0.06853	0.02428	0.03464	0.02436	0.12445	0.02202	0.02517	0.01715	0.00964	0.00949	0.00278	0.01146	0.00845	0.00643	0.09599
2	0.02678	0.18932	0.23287	0.03020	0.08695	0.02873	0.10272	0.08872	0.02536	0.06653	0.01979	0.02271	0.01494	0.00975	0.00944	0.00298	0.01337	0.00821	0.00568	0.01496
3	0.01678	0.01107	0.01397	0.01290	0.01599	0.00996	0.00980	0.02113	0.02803	0.08496	0.43824	0.07719	0.17867	0.02120	0.01196	0.00327	0.00524	0.01843	0.01109	0.01016
4	0.01539	0.01051	0.01577	0.01577	0.01718	0.01192	0.01192	0.01718	0.01577	0.02243	0.02525	0.03820	0.02384	0.06738	0.46910	0.17539	0.02318	0.01051	0.00526	0.00807
5	0.04088	0.02592	0.02822	0.02597	0.09247	0.11867	0.01871	0.14659	0.03248	0.31785	0.03059	0.02892	0.02064	0.01185	0.01011	0.00305	0.01132	0.00933	0.01005	0.01637
6	0.10660	0.02785	0.02922	0.02260	0.03062	0.03094	0.01866	0.48978	0.04516	0.06280	0.02360	0.02384	0.01682	0.01204	0.00987	0.00309	0.01096	0.00887	0.00987	0.01682
7	0.01236	0.00950	0.01132	0.01277	0.01448	0.00846	0.00885	0.01446	0.02111	0.02679	0.07511	0.42373	0.26482	0.02974	0.01272	0.00389	0.00566	0.02623	0.00953	0.00846
8	0.01492	0.00995	0.01119	0.01119	0.01119	0.00995	0.00622	0.01492	0.01492	0.01990	0.03233	0.06716	0.03731	0.63935	0.05223	0.00995	0.00995	0.01492	0.00622	0.00622
9	0.02981	0.02440	0.02678	0.02253	0.02849	0.02839	0.01809	0.21868	0.31836	0.04829	0.03256	0.03173	0.02446	0.01384	0.01310	0.00346	0.08079	0.01048	0.00969	0.01607
10	0.12841	0.02594	0.02818	0.02507	0.07542	0.02884	0.01878	0.33964	0.13340	0.05554	0.02584	0.02606	0.01897	0.01195	0.00975	0.00316	0.01033	0.00915	0.00932	0.01626

[dist]
# distance from previous block
# <min> <max>
3	6

[block]
# block no. 9 follows, 14 sequences, length 13
# corresponding to MSA columns:
# 486-498
name=unknown_J
#
# <colnr> <probs for GDERKNQSTAVLIFYWHMCP>
#	G	D	E	R	K	N	Q	S	T	A	V	L	I	F	Y	W	H	M	C	P
0	0.10985	0.07922	0.06941	0.16209	0.03973	0.08208	0.05948	0.03439	0.02333	0.14375	0.02194	0.02477	0.01594	0.01014	0.00922	0.00295	0.01201	0.00817	0.00669	0.08486
1	0.10716	0.03630	0.22800	0.12262	0.08961	0.08450	0.05883	0.09205	0.02520	0.03626	0.01859	0.02268	0.01387	0.01007	0.00961	0.00318	0.01383	0.00809	0.00552	0.01403
2	0.10823	0.14573	0.04059	0.04282	0.30591	0.09557	0.05841	0.03241	0.02292	0.03217	0.01744	0.02199	0.01465	0.00926	0.00905	0.00288	0.01254	0.00792	0.00513	0.01438
3	0.02610	0.16536	0.35250	0.02635	0.03796	0.16301	0.02974	0.03417	0.02327	0.02915	0.01702	0.01992	0.01308	0.00976	0.00903	0.00290	0.01516	0.00695	0.00457	0.01401
4	0.02582	0.22396	0.03396	0.02044	0.02660	0.03102	0.01732	0.04372	0.32692	0.03495	0.02992	0.02957	0.02359	0.01268	0.01161	0.00317	0.07282	0.00935	0.00786	0.01473
5	0.01478	0.01053	0.01414	0.01414	0.01516	0.01155	0.00989	0.01681	0.01580	0.02208	0.02964	0.05224	0.03083	0.32682	0.35591	0.01359	0.01970	0.01274	0.00582	0.00785
6	0.01907	0.01194	0.01500	0.01564	0.01809	0.01176	0.01200	0.06322	0.02392	0.07129	0.04846	0.32007	0.05179	0.02492	0.01194	0.00385	0.00722	0.13592	0.12372	0.01019
7	0.02942	0.01542	0.01750	0.01489	0.01985	0.01556	0.01182	0.09558	0.09035	0.18726	0.03529	0.03576	0.02561	0.01243	0.00877	0.00281	0.00700	0.00997	0.35129	0.01340
8	0.01938	0.01824	0.03078	0.61468	0.07068	0.02280	0.02850	0.02622	0.02052	0.02622	0.01824	0.02736	0.01368	0.01026	0.01026	0.00342	0.01368	0.00912	0.00456	0.01140
9	0.12095	0.03034	0.02618	0.02158	0.02858	0.20059	0.01720	0.16972	0.03267	0.21474	0.02573	0.02507	0.01792	0.01157	0.00950	0.00299	0.01231	0.00833	0.00904	0.01499
10	0.03276	0.01550	0.02010	0.01724	0.02271	0.01447	0.01349	0.03969	0.09893	0.33341	0.08785	0.17973	0.04208	0.01813	0.01114	0.00346	0.00768	0.01562	0.01153	0.01451
11	0.02880	0.02270	0.02911	0.25069	0.04554	0.02599	0.02262	0.28149	0.03466	0.04586	0.02568	0.03644	0.02091	0.01342	0.01072	0.00340	0.01199	0.06783	0.00797	0.01418
12	0.08476	0.01988	0.02923	0.20153	0.17894	0.02113	0.02249	0.06840	0.02452	0.15779	0.02474	0.03052	0.01884	0.05835	0.01311	0.00372	0.01126	0.00955	0.00721	0.01403

[dist]
# distance from previous block
# <min> <max>
0	219

# created by:
# /st0/software/busco_prod/Augustus/scripts/msa2prfl.pl ./align_prep/7738.fa
