[name]
unknown

[dist]
# distance from previous block
# <min> <max>
0	7

[block]
# block no. 0 follows, 12 sequences, length 13
# corresponding to MSA columns:
# 7-19
name=unknown_A
#
# <colnr> <probs for GDERKNQSTAVLIFYWHMCP>
#	G	D	E	R	K	N	Q	S	T	A	V	L	I	F	Y	W	H	M	C	P
0	0.08877	0.07618	0.11138	0.02226	0.03047	0.02530	0.02075	0.09165	0.18319	0.11660	0.03499	0.04161	0.02777	0.01467	0.01069	0.00358	0.01065	0.06432	0.00936	0.01580
1	0.02715	0.07744	0.10219	0.07783	0.03128	0.01946	0.01917	0.03487	0.06724	0.15866	0.09524	0.12248	0.03873	0.01651	0.01092	0.00344	0.00974	0.01397	0.05972	0.01398
2	0.06963	0.01511	0.01719	0.01593	0.02021	0.01457	0.01193	0.05485	0.07270	0.03804	0.13959	0.23366	0.09842	0.02202	0.01165	0.00348	0.00707	0.01908	0.00973	0.12515
3	0.01634	0.01096	0.01375	0.01306	0.01562	0.01026	0.00979	0.02147	0.02938	0.04315	0.44873	0.07387	0.08895	0.02051	0.01189	0.00326	0.00513	0.01794	0.13565	0.01026
4	0.02619	0.01458	0.01658	0.01513	0.01912	0.01481	0.01138	0.03565	0.13001	0.13870	0.04086	0.09295	0.03409	0.08589	0.01516	0.00405	0.00740	0.01325	0.27146	0.01276
5	0.02361	0.01796	0.02152	0.01602	0.02444	0.01396	0.01275	0.02845	0.02467	0.07998	0.10706	0.03344	0.03124	0.01085	0.00910	0.00206	0.00769	0.00900	0.00795	0.51824
6	0.69383	0.02109	0.01603	0.01434	0.02109	0.02446	0.01181	0.03205	0.01856	0.04892	0.01518	0.01771	0.01181	0.01012	0.00675	0.00337	0.00843	0.00590	0.00675	0.01181
7	0.02630	0.37038	0.23296	0.02554	0.03739	0.03548	0.07213	0.03352	0.02279	0.02961	0.01734	0.02053	0.01417	0.00967	0.00872	0.00285	0.01384	0.00726	0.00472	0.01480
8	0.01956	0.01762	0.02812	0.42856	0.05933	0.02054	0.02487	0.02591	0.02272	0.03015	0.07682	0.08740	0.02904	0.01397	0.01113	0.00351	0.01225	0.01240	0.00621	0.06989
9	0.01324	0.00967	0.01246	0.01470	0.01569	0.00890	0.00991	0.01524	0.02134	0.02802	0.06599	0.55059	0.12741	0.03339	0.01380	0.00434	0.00623	0.03006	0.01012	0.00890
10	0.34757	0.01943	0.02246	0.22728	0.04072	0.02269	0.01848	0.03056	0.02036	0.07214	0.02012	0.02756	0.01608	0.06017	0.01254	0.00406	0.01092	0.00845	0.00648	0.01194
11	0.02300	0.08231	0.02616	0.02362	0.06617	0.07037	0.01663	0.03268	0.14879	0.03204	0.03891	0.22215	0.03977	0.05808	0.01640	0.00421	0.06069	0.01707	0.00834	0.01263
12	0.02793	0.01744	0.02523	0.07882	0.03102	0.01736	0.05907	0.03707	0.10723	0.18460	0.16666	0.11436	0.05015	0.01769	0.01197	0.00362	0.00913	0.01576	0.01075	0.01414

[dist]
# distance from previous block
# <min> <max>
0	18

[block]
# block no. 1 follows, 12 sequences, length 12
# corresponding to MSA columns:
# 38-49
name=unknown_B
#
# <colnr> <probs for GDERKNQSTAVLIFYWHMCP>
#	G	D	E	R	K	N	Q	S	T	A	V	L	I	F	Y	W	H	M	C	P
0	0.16418	0.19974	0.15525	0.02140	0.03135	0.02941	0.02185	0.06648	0.06345	0.11744	0.02331	0.02408	0.01724	0.01100	0.00887	0.00312	0.01146	0.00787	0.00728	0.01526
1	0.02096	0.07629	0.33649	0.02502	0.03611	0.02252	0.02893	0.03251	0.07037	0.03640	0.12896	0.07335	0.03714	0.01460	0.01095	0.00346	0.01234	0.01210	0.00703	0.01446
2	0.02194	0.01275	0.01706	0.01582	0.01899	0.01278	0.01196	0.02516	0.02182	0.13269	0.07764	0.05734	0.10194	0.15045	0.25999	0.01073	0.01727	0.01428	0.00848	0.01092
3	0.02178	0.09836	0.19475	0.05889	0.03224	0.01996	0.02250	0.02822	0.02390	0.07932	0.08632	0.18176	0.07080	0.01872	0.01134	0.00358	0.01072	0.01594	0.00786	0.01302
4	0.03558	0.02651	0.13097	0.02077	0.03016	0.01896	0.01993	0.09492	0.02968	0.26275	0.03243	0.03166	0.02214	0.01203	0.01003	0.00305	0.01026	0.00958	0.09725	0.10136
5	0.63228	0.02198	0.01760	0.01535	0.02229	0.02534	0.01265	0.07737	0.02164	0.05079	0.01622	0.01851	0.01244	0.01040	0.00714	0.00336	0.00877	0.00627	0.00714	0.01244
6	0.03623	0.02870	0.10991	0.02242	0.03242	0.02322	0.02068	0.20181	0.03487	0.19080	0.02828	0.02791	0.01961	0.01165	0.01020	0.00295	0.01099	0.00910	0.00964	0.16862
7	0.55901	0.02074	0.01937	0.12973	0.03190	0.02441	0.01551	0.03121	0.01921	0.04470	0.01602	0.01999	0.01235	0.01028	0.00758	0.00343	0.00966	0.00666	0.00637	0.01187
8	0.02582	0.01843	0.02116	0.01882	0.02401	0.01970	0.01462	0.04406	0.28729	0.11166	0.22111	0.05468	0.05715	0.01728	0.01170	0.00356	0.00748	0.01477	0.01173	0.01495
9	0.01888	0.13389	0.02408	0.01637	0.01969	0.01885	0.01329	0.02248	0.01893	0.02681	0.02761	0.04009	0.02581	0.10775	0.34649	0.01209	0.02116	0.01071	0.08466	0.01035
10	0.02365	0.01456	0.02060	0.02181	0.08816	0.01348	0.01446	0.02878	0.03014	0.14532	0.37465	0.06545	0.07650	0.01889	0.01221	0.00339	0.00699	0.01666	0.01144	0.01286
11	0.02339	0.09723	0.03308	0.27710	0.12578	0.02325	0.02412	0.02873	0.02284	0.06910	0.02896	0.14412	0.02736	0.01537	0.01098	0.00354	0.01187	0.01355	0.00662	0.01299

[dist]
# distance from previous block
# <min> <max>
3	5

[block]
# block no. 2 follows, 12 sequences, length 7
# corresponding to MSA columns:
# 55-61
name=unknown_C
#
# <colnr> <probs for GDERKNQSTAVLIFYWHMCP>
#	G	D	E	R	K	N	Q	S	T	A	V	L	I	F	Y	W	H	M	C	P
0	0.01850	0.01421	0.01933	0.14637	0.02962	0.01629	0.01523	0.02244	0.02142	0.03103	0.09036	0.09323	0.06951	0.12474	0.02193	0.00483	0.08440	0.01443	0.15207	0.01005
1	0.04796	0.02010	0.02626	0.02013	0.02860	0.01831	0.01663	0.11216	0.03379	0.49368	0.04085	0.03571	0.02590	0.01344	0.01096	0.00336	0.00963	0.01082	0.01316	0.01855
2	0.11346	0.02478	0.02707	0.02176	0.02958	0.02672	0.01772	0.23535	0.15604	0.18307	0.03348	0.03141	0.02340	0.01326	0.01050	0.00341	0.01012	0.01026	0.01113	0.01748
3	0.01734	0.01385	0.01818	0.02050	0.07496	0.01357	0.01337	0.02475	0.08749	0.03803	0.27326	0.18751	0.12836	0.02319	0.01266	0.00369	0.00671	0.02056	0.01056	0.01145
4	0.01598	0.01117	0.01398	0.01369	0.01637	0.01040	0.01054	0.02084	0.02863	0.04061	0.38268	0.08355	0.13717	0.02255	0.01247	0.00352	0.00571	0.06814	0.09187	0.01013
5	0.69383	0.02109	0.01603	0.01434	0.02109	0.02446	0.01181	0.03205	0.01856	0.04892	0.01518	0.01771	0.01181	0.01012	0.00675	0.00337	0.00843	0.00590	0.00675	0.01181
6	0.02104	0.06927	0.11140	0.08895	0.03147	0.02178	0.01986	0.05640	0.05588	0.03119	0.03713	0.10834	0.07981	0.13263	0.02232	0.00504	0.07434	0.01421	0.00703	0.01191

[dist]
# distance from previous block
# <min> <max>
2	35

[block]
# block no. 3 follows, 12 sequences, length 11
# corresponding to MSA columns:
# 97-107
name=unknown_D
#
# <colnr> <probs for GDERKNQSTAVLIFYWHMCP>
#	G	D	E	R	K	N	Q	S	T	A	V	L	I	F	Y	W	H	M	C	P
0	0.14866	0.13952	0.14807	0.02709	0.10114	0.02692	0.02301	0.03508	0.07992	0.03714	0.02088	0.02351	0.01655	0.01017	0.00884	0.00293	0.01127	0.00770	0.00616	0.12543
1	0.02692	0.02611	0.08866	0.29652	0.12583	0.02528	0.07727	0.08741	0.02690	0.08053	0.02263	0.02859	0.01657	0.01099	0.01104	0.00350	0.01412	0.00998	0.00640	0.01475
2	0.02205	0.09042	0.03454	0.16782	0.23365	0.02293	0.02465	0.02712	0.02274	0.03054	0.03036	0.18444	0.03113	0.01657	0.01122	0.00355	0.01137	0.01502	0.00647	0.01341
3	0.02203	0.09561	0.11517	0.06578	0.03250	0.01984	0.01922	0.02787	0.02236	0.03269	0.02356	0.08954	0.02176	0.01181	0.00922	0.00249	0.01015	0.00971	0.00623	0.36246
4	0.09868	0.01662	0.01941	0.10434	0.02873	0.01818	0.01501	0.03149	0.15566	0.03869	0.15847	0.10379	0.13079	0.01904	0.01147	0.00365	0.00804	0.01612	0.00958	0.01226
5	0.01989	0.01202	0.01506	0.01424	0.01770	0.01068	0.01068	0.02363	0.02744	0.12162	0.25510	0.18189	0.19916	0.02451	0.01276	0.00368	0.00615	0.02130	0.01140	0.01110
6	0.16254	0.04172	0.31022	0.02643	0.03783	0.02734	0.02962	0.11214	0.02615	0.04230	0.01925	0.02254	0.01423	0.01162	0.01221	0.00354	0.07096	0.00805	0.00610	0.01522
7	0.01662	0.01251	0.01590	0.01412	0.01787	0.01099	0.01072	0.02171	0.02950	0.04237	0.45656	0.07173	0.08856	0.01994	0.01207	0.00313	0.00563	0.01753	0.01109	0.12146
8	0.02564	0.02268	0.08556	0.02048	0.02612	0.02013	0.01803	0.13258	0.03099	0.09320	0.15818	0.12354	0.08958	0.01966	0.01471	0.00370	0.07600	0.01593	0.00980	0.01350
9	0.02738	0.02497	0.03267	0.33071	0.09871	0.07045	0.02627	0.13247	0.02913	0.03776	0.02071	0.02695	0.01572	0.01105	0.01056	0.00328	0.01372	0.00922	0.00638	0.07189
10	0.26303	0.02330	0.02964	0.14499	0.04022	0.02568	0.07483	0.13219	0.02826	0.10668	0.02240	0.02551	0.01610	0.01119	0.00969	0.00344	0.01171	0.00891	0.00784	0.01438

[dist]
# distance from previous block
# <min> <max>
0	10

[block]
# block no. 4 follows, 12 sequences, length 32
# corresponding to MSA columns:
# 118-149
name=unknown_E
#
# <colnr> <probs for GDERKNQSTAVLIFYWHMCP>
#	G	D	E	R	K	N	Q	S	T	A	V	L	I	F	Y	W	H	M	C	P
0	0.27869	0.07119	0.02591	0.12068	0.03404	0.10159	0.01782	0.06712	0.06405	0.04097	0.06338	0.02770	0.02253	0.01194	0.00907	0.00328	0.01131	0.00865	0.00716	0.01291
1	0.20417	0.02032	0.02149	0.06202	0.02741	0.02236	0.01529	0.15211	0.06976	0.04928	0.15786	0.04499	0.07928	0.01565	0.01045	0.00343	0.00880	0.01242	0.00955	0.01339
2	0.13735	0.02452	0.08573	0.20350	0.04523	0.02247	0.06019	0.06259	0.02460	0.03817	0.06240	0.02949	0.02197	0.01117	0.00996	0.00318	0.01189	0.00939	0.00648	0.12971
3	0.02538	0.06357	0.02303	0.01692	0.02344	0.01650	0.01341	0.03178	0.06889	0.12540	0.10526	0.14009	0.04144	0.01636	0.01047	0.00291	0.00789	0.01395	0.00937	0.24395
4	0.01895	0.01615	0.02466	0.10796	0.16082	0.01607	0.01912	0.02365	0.02418	0.03366	0.13952	0.22744	0.05206	0.02026	0.01203	0.00359	0.00905	0.01841	0.00828	0.06413
5	0.01477	0.01063	0.01398	0.01417	0.01614	0.00985	0.01024	0.01891	0.02777	0.03881	0.39367	0.24482	0.09337	0.02596	0.01319	0.00374	0.00551	0.02321	0.01142	0.00985
6	0.02261	0.01938	0.02261	0.01615	0.02584	0.01453	0.01292	0.02745	0.02261	0.03553	0.01938	0.02261	0.01615	0.00807	0.00807	0.00161	0.00807	0.00646	0.00646	0.68346
7	0.02686	0.03511	0.21198	0.12608	0.19478	0.02553	0.07287	0.07164	0.02634	0.07251	0.02215	0.02683	0.01643	0.01059	0.01086	0.00342	0.01436	0.00952	0.00605	0.01608
8	0.01906	0.01543	0.01827	0.01527	0.02091	0.01350	0.01181	0.02657	0.07908	0.03972	0.26308	0.05761	0.10083	0.01675	0.01092	0.00281	0.00661	0.01437	0.00972	0.25768
9	0.60325	0.02537	0.01809	0.01625	0.02284	0.10054	0.01309	0.03364	0.02027	0.04584	0.01541	0.01798	0.01212	0.01028	0.00718	0.00330	0.00999	0.00606	0.00659	0.01192
10	0.03035	0.56403	0.05441	0.01964	0.02858	0.09817	0.01891	0.03378	0.02306	0.02576	0.01533	0.01772	0.01400	0.00953	0.00729	0.00238	0.01249	0.00595	0.00476	0.01385
11	0.01787	0.07830	0.11154	0.01725	0.02303	0.01663	0.01622	0.02487	0.05429	0.03671	0.25979	0.10846	0.15256	0.02048	0.01186	0.00347	0.00799	0.01746	0.00950	0.01172
12	0.01543	0.01115	0.01457	0.01372	0.01629	0.01029	0.01029	0.02058	0.03086	0.04372	0.54304	0.08145	0.10288	0.02229	0.01286	0.00343	0.00514	0.01972	0.01200	0.01029
13	0.02184	0.01820	0.02014	0.01847	0.02187	0.02075	0.01367	0.03748	0.26869	0.03450	0.04525	0.05522	0.08650	0.20273	0.02739	0.00593	0.06550	0.01426	0.00900	0.01261
14	0.15880	0.01786	0.02199	0.01762	0.02485	0.01664	0.01439	0.04435	0.02890	0.38663	0.11529	0.04050	0.03601	0.01425	0.01051	0.00338	0.00849	0.01141	0.01206	0.01608
15	0.02419	0.02305	0.03921	0.29581	0.34175	0.02517	0.03207	0.03101	0.02351	0.03223	0.02002	0.02790	0.01608	0.01023	0.01084	0.00341	0.01364	0.00970	0.00516	0.01502
16	0.01531	0.01098	0.01285	0.01238	0.01530	0.00993	0.00929	0.01970	0.02787	0.03881	0.33670	0.08317	0.23125	0.02263	0.01214	0.00339	0.00525	0.01943	0.10368	0.00993
17	0.02488	0.02162	0.02140	0.01976	0.02422	0.07698	0.01496	0.10846	0.18056	0.04142	0.10821	0.19561	0.07465	0.02090	0.01200	0.00370	0.00909	0.01782	0.01030	0.01346
18	0.02214	0.02096	0.03551	0.46359	0.18999	0.02463	0.03105	0.02922	0.02254	0.02974	0.01965	0.02856	0.01520	0.01061	0.01088	0.00354	0.01415	0.00970	0.00498	0.01336
19	0.01525	0.01190	0.01396	0.01375	0.01671	0.01113	0.01018	0.02127	0.06912	0.03680	0.28646	0.16330	0.23953	0.02518	0.01288	0.00368	0.00574	0.02185	0.01103	0.01030
20	0.03484	0.03183	0.03041	0.10393	0.03791	0.23097	0.05999	0.04119	0.06700	0.14745	0.02978	0.08407	0.02429	0.01401	0.01097	0.00335	0.01439	0.01147	0.00812	0.01405
21	0.02318	0.03045	0.15879	0.02671	0.03823	0.02015	0.13679	0.03089	0.02345	0.03515	0.02006	0.02432	0.01569	0.00888	0.00975	0.00253	0.01240	0.00835	0.00580	0.36844
22	0.02468	0.02413	0.03388	0.34009	0.16983	0.07015	0.02822	0.03504	0.10159	0.03223	0.02329	0.02963	0.01800	0.01127	0.01082	0.00349	0.01369	0.00988	0.00600	0.01410
23	0.02707	0.01702	0.02621	0.02253	0.02766	0.01613	0.09128	0.06967	0.02731	0.16545	0.04677	0.26028	0.04644	0.02280	0.01292	0.00403	0.00993	0.08304	0.01030	0.01316
24	0.04601	0.01791	0.02437	0.01891	0.02683	0.01553	0.01553	0.05031	0.03118	0.51181	0.08645	0.04096	0.03358	0.01426	0.01113	0.00338	0.00892	0.01173	0.01337	0.01784
25	0.02859	0.02470	0.03671	0.02928	0.03501	0.06946	0.16032	0.08140	0.02642	0.09012	0.02842	0.08080	0.02540	0.01800	0.01900	0.06287	0.11444	0.04842	0.00745	0.01318
26	0.02757	0.01339	0.01706	0.01477	0.01895	0.01223	0.01125	0.03168	0.02755	0.21230	0.21871	0.05826	0.05595	0.10017	0.01725	0.00425	0.00727	0.01463	0.12423	0.01253
27	0.02632	0.28019	0.13301	0.02676	0.07479	0.03135	0.05629	0.08032	0.02559	0.03344	0.02491	0.11242	0.02386	0.01375	0.00976	0.00311	0.01220	0.01132	0.00626	0.01435
28	0.01348	0.01091	0.01198	0.01205	0.01518	0.00940	0.00891	0.01667	0.02574	0.03238	0.19892	0.15227	0.39970	0.02714	0.01299	0.00370	0.00552	0.02313	0.01053	0.00940
29	0.01758	0.01101	0.01473	0.01559	0.01761	0.01019	0.01130	0.02076	0.02472	0.08307	0.18035	0.38380	0.07483	0.02886	0.01345	0.00412	0.00660	0.06025	0.01092	0.01024
30	0.02488	0.01184	0.01355	0.01235	0.01597	0.01125	0.00953	0.02981	0.02550	0.13549	0.10731	0.04566	0.03816	0.01418	0.00896	0.00282	0.00586	0.01163	0.46353	0.01172
31	0.01587	0.01100	0.01362	0.01297	0.01564	0.01017	0.00973	0.02077	0.02918	0.04193	0.43104	0.07805	0.13496	0.02147	0.01214	0.00333	0.00517	0.01871	0.10409	0.01017

[dist]
# distance from previous block
# <min> <max>
6	8

[block]
# block no. 5 follows, 12 sequences, length 62
# corresponding to MSA columns:
# 158-219
name=unknown_F
#
# <colnr> <probs for GDERKNQSTAVLIFYWHMCP>
#	G	D	E	R	K	N	Q	S	T	A	V	L	I	F	Y	W	H	M	C	P
0	0.10282	0.14741	0.03873	0.07448	0.03670	0.02936	0.11296	0.07826	0.15058	0.04006	0.06136	0.03169	0.02555	0.01209	0.01019	0.00332	0.01168	0.01043	0.00770	0.01465
1	0.15630	0.07121	0.15904	0.13128	0.04038	0.02430	0.02373	0.06320	0.02365	0.03800	0.01876	0.02288	0.01442	0.01001	0.00904	0.00297	0.01189	0.00755	0.00592	0.16547
2	0.01578	0.01088	0.01347	0.01347	0.01402	0.01143	0.00858	0.01687	0.01632	0.02231	0.03291	0.06335	0.03617	0.46666	0.20090	0.01252	0.01580	0.01468	0.00639	0.00748
3	0.03770	0.03073	0.03567	0.07060	0.09990	0.10453	0.06341	0.26407	0.03881	0.10863	0.02530	0.02708	0.01828	0.01199	0.01092	0.00327	0.01358	0.00979	0.00893	0.01681
4	0.69383	0.02109	0.01603	0.01434	0.02109	0.02446	0.01181	0.03205	0.01856	0.04892	0.01518	0.01771	0.01181	0.01012	0.00675	0.00337	0.00843	0.00590	0.00675	0.01181
5	0.01555	0.01238	0.01412	0.01367	0.01698	0.01165	0.01023	0.02240	0.08426	0.03690	0.27296	0.12298	0.27675	0.02447	0.01274	0.00363	0.00578	0.02103	0.01099	0.01053
6	0.01418	0.01110	0.01284	0.01240	0.01552	0.00976	0.00930	0.01815	0.02791	0.03671	0.33038	0.09299	0.31992	0.02491	0.01287	0.00355	0.00533	0.02134	0.01108	0.00976
7	0.02059	0.01938	0.03270	0.59060	0.07510	0.02422	0.03028	0.02786	0.02180	0.02786	0.01938	0.02907	0.01453	0.01090	0.01090	0.00363	0.01453	0.00969	0.00484	0.01211
8	0.02081	0.02030	0.03694	0.09272	0.04008	0.02005	0.21161	0.02965	0.07020	0.03647	0.16828	0.08930	0.08199	0.01633	0.01256	0.00366	0.01189	0.01622	0.00826	0.01269
9	0.02951	0.02882	0.05726	0.04123	0.05176	0.02764	0.40740	0.10248	0.02966	0.07553	0.02407	0.02949	0.01754	0.01003	0.01246	0.00360	0.01687	0.01231	0.00681	0.01550
10	0.02814	0.54465	0.12700	0.02038	0.03065	0.04067	0.02166	0.03291	0.02228	0.02689	0.01577	0.01826	0.01397	0.00947	0.00746	0.00249	0.01228	0.00614	0.00466	0.01429
11	0.01508	0.01113	0.01408	0.01335	0.01607	0.01014	0.01001	0.01989	0.03003	0.04174	0.48298	0.08471	0.16418	0.02303	0.01286	0.00346	0.00520	0.02018	0.01174	0.01014
12	0.02059	0.01938	0.03270	0.59060	0.07510	0.02422	0.03028	0.02786	0.02180	0.02786	0.01938	0.02907	0.01453	0.01090	0.01090	0.00363	0.01453	0.00969	0.00484	0.01211
13	0.04257	0.01944	0.02706	0.02540	0.09303	0.01776	0.01801	0.07608	0.03075	0.41381	0.04061	0.08517	0.02918	0.01480	0.01120	0.00344	0.00966	0.01249	0.01201	0.01755
14	0.02874	0.02446	0.02677	0.02332	0.02914	0.02876	0.01849	0.11744	0.40456	0.04662	0.03844	0.03676	0.02908	0.01504	0.01387	0.00376	0.07590	0.01166	0.01035	0.01683
15	0.02659	0.05171	0.45330	0.02949	0.04382	0.07212	0.03585	0.03743	0.02464	0.09311	0.02199	0.02433	0.01533	0.01079	0.01038	0.00339	0.01565	0.00830	0.00570	0.01609
16	0.01537	0.01278	0.01364	0.01313	0.01693	0.01191	0.00993	0.02251	0.09607	0.03457	0.18820	0.09129	0.38470	0.02476	0.01263	0.00363	0.00588	0.02087	0.01064	0.01054
17	0.03190	0.53939	0.05272	0.01876	0.02796	0.03938	0.01829	0.03549	0.02341	0.09934	0.01903	0.02021	0.01580	0.00991	0.00755	0.00248	0.01133	0.00654	0.00589	0.01463
18	0.02945	0.03062	0.11137	0.11358	0.28165	0.02778	0.03055	0.16359	0.03142	0.04356	0.02179	0.02647	0.01681	0.01087	0.01078	0.00332	0.01332	0.00951	0.00672	0.01684
19	0.01513	0.01092	0.01431	0.01392	0.01622	0.01009	0.01026	0.01983	0.02948	0.04152	0.47598	0.15479	0.09861	0.02394	0.01301	0.00357	0.00531	0.02128	0.01174	0.01009
20	0.02323	0.16019	0.13127	0.06397	0.03499	0.02534	0.08026	0.07040	0.02725	0.03621	0.13002	0.04469	0.09860	0.01471	0.01079	0.00325	0.01151	0.01251	0.00739	0.01342
21	0.01510	0.01102	0.01457	0.01657	0.01845	0.01048	0.01292	0.01857	0.02370	0.03097	0.09572	0.31852	0.12736	0.03099	0.01419	0.00451	0.00766	0.20902	0.01021	0.00947
22	0.02442	0.09303	0.10282	0.02638	0.03354	0.02413	0.11347	0.03027	0.02175	0.07560	0.02346	0.03031	0.01939	0.03074	0.16686	0.00723	0.09905	0.01005	0.00605	0.06144
23	0.03302	0.22586	0.14962	0.08687	0.03773	0.02901	0.02393	0.07056	0.02680	0.17960	0.02513	0.02606	0.01797	0.01115	0.00952	0.00307	0.01228	0.00845	0.00757	0.01581
24	0.02939	0.01753	0.01874	0.01578	0.02079	0.01843	0.01257	0.18899	0.03289	0.08701	0.03299	0.03559	0.02476	0.01289	0.00895	0.00284	0.00768	0.01011	0.40854	0.01355
25	0.01586	0.01057	0.01189	0.01189	0.01189	0.01057	0.00661	0.01586	0.01586	0.02114	0.03436	0.07135	0.03964	0.61681	0.05550	0.01057	0.01057	0.01586	0.00661	0.00661
26	0.01861	0.01637	0.02621	0.38928	0.05452	0.01924	0.02329	0.02486	0.02413	0.03207	0.16172	0.09168	0.04280	0.01587	0.01167	0.00365	0.01135	0.01414	0.00719	0.01136
27	0.02560	0.01929	0.02292	0.01652	0.02607	0.01470	0.01327	0.03037	0.02359	0.09468	0.02206	0.02426	0.01738	0.00869	0.00840	0.00181	0.00821	0.00697	0.00726	0.60795
28	0.63972	0.02087	0.01680	0.01476	0.02165	0.02375	0.01216	0.03382	0.01962	0.09149	0.01752	0.01934	0.01308	0.01040	0.00710	0.00337	0.00851	0.00633	0.00731	0.01237
29	0.02915	0.62337	0.05714	0.01866	0.02799	0.04314	0.01866	0.03265	0.02215	0.02565	0.01516	0.01749	0.01399	0.00933	0.00700	0.00233	0.01166	0.00583	0.00466	0.01399
30	0.01411	0.01074	0.01298	0.01317	0.01567	0.00961	0.00959	0.01774	0.02663	0.03544	0.29170	0.20882	0.24076	0.02673	0.01311	0.00374	0.00554	0.02335	0.01096	0.00961
31	0.01446	0.01111	0.01323	0.01270	0.01569	0.00987	0.00952	0.01869	0.02857	0.03827	0.37782	0.09042	0.27150	0.02432	0.01287	0.00353	0.00529	0.02098	0.01129	0.00987
32	0.02059	0.01938	0.03270	0.59060	0.07510	0.02422	0.03028	0.02786	0.02180	0.02786	0.01938	0.02907	0.01453	0.01090	0.01090	0.00363	0.01453	0.00969	0.00484	0.01211
33	0.13485	0.01785	0.02210	0.01753	0.02498	0.01646	0.01438	0.04670	0.02840	0.42068	0.03821	0.03487	0.02500	0.01293	0.00996	0.00327	0.00863	0.01016	0.09650	0.01656
34	0.02335	0.04138	0.31990	0.12038	0.21354	0.02536	0.03669	0.03326	0.02344	0.03396	0.01985	0.02514	0.01503	0.01023	0.01058	0.00341	0.01487	0.00882	0.00489	0.01593
35	0.01508	0.01113	0.01408	0.01335	0.01607	0.01014	0.01001	0.01989	0.03003	0.04174	0.48298	0.08471	0.16418	0.02303	0.01286	0.00346	0.00520	0.02018	0.01174	0.01014
36	0.01346	0.01001	0.01255	0.01415	0.01565	0.00910	0.00976	0.01593	0.02290	0.03008	0.12862	0.44203	0.17319	0.03138	0.01358	0.00415	0.00602	0.02799	0.01035	0.00910
37	0.04239	0.02903	0.03178	0.02437	0.03306	0.03156	0.02013	0.45436	0.04873	0.13038	0.02831	0.02756	0.01961	0.01314	0.01091	0.00329	0.01165	0.00996	0.01123	0.01854
38	0.01383	0.00988	0.01327	0.01580	0.01667	0.00932	0.01106	0.01612	0.02141	0.02844	0.05980	0.54815	0.07093	0.03365	0.01406	0.00450	0.00680	0.08719	0.01011	0.00901
39	0.69383	0.02109	0.01603	0.01434	0.02109	0.02446	0.01181	0.03205	0.01856	0.04892	0.01518	0.01771	0.01181	0.01012	0.00675	0.00337	0.00843	0.00590	0.00675	0.01181
40	0.02823	0.55167	0.12076	0.02023	0.03041	0.04089	0.02139	0.03289	0.02226	0.02678	0.01572	0.01819	0.01397	0.00946	0.00742	0.00247	0.01222	0.00611	0.00466	0.01426
41	0.12802	0.02059	0.02790	0.02137	0.02983	0.01926	0.05718	0.07987	0.03050	0.41560	0.03660	0.03328	0.02363	0.01268	0.01059	0.00339	0.01012	0.01041	0.01180	0.01738
42	0.02059	0.01938	0.03270	0.59060	0.07510	0.02422	0.03028	0.02786	0.02180	0.02786	0.01938	0.02907	0.01453	0.01090	0.01090	0.00363	0.01453	0.00969	0.00484	0.01211
43	0.04145	0.03054	0.03272	0.02509	0.03381	0.03381	0.02072	0.51243	0.05127	0.06872	0.02618	0.02618	0.01854	0.01309	0.01091	0.00327	0.01200	0.00982	0.01091	0.01854
44	0.01532	0.01128	0.01627	0.01659	0.01815	0.01268	0.01239	0.01852	0.01776	0.02516	0.03370	0.11775	0.03434	0.13652	0.44398	0.01508	0.02420	0.01460	0.00647	0.00927
45	0.01658	0.01301	0.01867	0.01799	0.01964	0.01539	0.01394	0.02017	0.01899	0.02745	0.09274	0.04746	0.03614	0.10507	0.40016	0.01369	0.09376	0.01274	0.00655	0.00985
46	0.01358	0.00972	0.01292	0.01498	0.01588	0.00906	0.01014	0.01593	0.02226	0.03004	0.12715	0.53635	0.07639	0.03251	0.01377	0.00429	0.00616	0.02943	0.01038	0.00906
47	0.03679	0.02624	0.02863	0.02324	0.03092	0.02895	0.01878	0.27676	0.23544	0.12135	0.03542	0.03323	0.02537	0.01381	0.01099	0.00345	0.01034	0.01094	0.01131	0.01804
48	0.02712	0.02342	0.02465	0.02219	0.02835	0.02712	0.01726	0.05794	0.52909	0.04561	0.04438	0.04068	0.03328	0.01479	0.01109	0.00370	0.00863	0.01233	0.01109	0.01726
49	0.04788	0.02278	0.02601	0.02050	0.02858	0.08646	0.01666	0.05192	0.03117	0.48937	0.03971	0.03491	0.02535	0.01321	0.01082	0.00330	0.01059	0.01047	0.01250	0.01781
50	0.08499	0.03355	0.17642	0.09200	0.27139	0.02638	0.03167	0.08755	0.02655	0.03960	0.02034	0.02521	0.01579	0.01040	0.01035	0.00334	0.01342	0.00895	0.00588	0.01620
51	0.03942	0.11686	0.03388	0.02702	0.03306	0.51285	0.02079	0.04230	0.02991	0.02657	0.01666	0.01942	0.01404	0.01102	0.00951	0.00275	0.01875	0.00689	0.00551	0.01279
52	0.02287	0.08535	0.38109	0.02908	0.04219	0.02601	0.06354	0.03281	0.02253	0.03336	0.01894	0.02307	0.01434	0.01069	0.01222	0.00327	0.06568	0.00814	0.00491	0.09990
53	0.01328	0.00949	0.01265	0.01518	0.01581	0.00886	0.01012	0.01518	0.02088	0.02783	0.06010	0.60969	0.07212	0.03416	0.01392	0.00443	0.00633	0.03100	0.01012	0.00886
54	0.69383	0.02109	0.01603	0.01434	0.02109	0.02446	0.01181	0.03205	0.01856	0.04892	0.01518	0.01771	0.01181	0.01012	0.00675	0.00337	0.00843	0.00590	0.00675	0.01181
55	0.01543	0.01115	0.01457	0.01372	0.01629	0.01029	0.01029	0.02058	0.03086	0.04372	0.54304	0.08145	0.10288	0.02229	0.01286	0.00343	0.00514	0.01972	0.01200	0.01029
56	0.01543	0.01115	0.01457	0.01372	0.01629	0.01029	0.01029	0.02058	0.03086	0.04372	0.54304	0.08145	0.10288	0.02229	0.01286	0.00343	0.00514	0.01972	0.01200	0.01029
57	0.01905	0.01715	0.02859	0.23800	0.04449	0.02054	0.06241	0.02454	0.01976	0.02716	0.02358	0.03484	0.02041	0.04336	0.26638	0.00999	0.07233	0.01084	0.00534	0.01124
58	0.04892	0.01856	0.02530	0.01940	0.02783	0.01603	0.01603	0.05314	0.03121	0.55634	0.04302	0.03711	0.02699	0.01350	0.01096	0.00337	0.00928	0.01096	0.01350	0.01856
59	0.02415	0.02250	0.03627	0.19307	0.32033	0.02412	0.02876	0.03319	0.08097	0.03406	0.02639	0.07999	0.02317	0.01273	0.01113	0.00350	0.01229	0.01186	0.00631	0.01520
60	0.03678	0.02720	0.02995	0.02360	0.03055	0.03078	0.01942	0.39563	0.04375	0.06034	0.02602	0.02774	0.01925	0.01372	0.01332	0.00335	0.07755	0.00983	0.09448	0.01673
61	0.02490	0.01692	0.02366	0.08762	0.09443	0.01558	0.01699	0.02954	0.02532	0.13261	0.10043	0.13052	0.07529	0.01679	0.01112	0.00319	0.00884	0.01469	0.00898	0.16259

[dist]
# distance from previous block
# <min> <max>
0	1

[block]
# block no. 6 follows, 12 sequences, length 29
# corresponding to MSA columns:
# 221-249
name=unknown_G
#
# <colnr> <probs for GDERKNQSTAVLIFYWHMCP>
#	G	D	E	R	K	N	Q	S	T	A	V	L	I	F	Y	W	H	M	C	P
0	0.09566	0.02204	0.02366	0.01947	0.02647	0.05552	0.01566	0.09964	0.11855	0.26906	0.03635	0.03417	0.02513	0.01314	0.01012	0.00328	0.00953	0.01029	0.09596	0.01630
1	0.60918	0.02170	0.01961	0.02101	0.08807	0.02464	0.01456	0.03223	0.01935	0.04723	0.01586	0.01889	0.01250	0.01007	0.00726	0.00336	0.00901	0.00639	0.00658	0.01250
2	0.02466	0.02775	0.17519	0.02127	0.02934	0.01887	0.02118	0.03701	0.12917	0.11835	0.21688	0.04977	0.05184	0.01603	0.01150	0.00348	0.00962	0.01356	0.00992	0.01461
3	0.02566	0.02029	0.02330	0.01784	0.02659	0.01766	0.01419	0.03667	0.14445	0.07690	0.02713	0.02802	0.02106	0.01009	0.00901	0.00225	0.00830	0.00820	0.00810	0.47430
4	0.01717	0.01227	0.01711	0.01962	0.02196	0.01221	0.01688	0.02190	0.02471	0.03218	0.05795	0.16824	0.06362	0.03050	0.01495	0.00497	0.00969	0.43409	0.01005	0.00993
5	0.01566	0.01252	0.01807	0.01622	0.01949	0.01144	0.05292	0.02040	0.02832	0.03885	0.37326	0.14016	0.16408	0.02337	0.01298	0.00360	0.00648	0.02093	0.01093	0.01033
6	0.02836	0.01920	0.02320	0.01686	0.02628	0.01486	0.01360	0.03307	0.02449	0.14931	0.02454	0.02578	0.01852	0.00926	0.00871	0.00200	0.00834	0.00744	0.00800	0.53820
7	0.02001	0.01375	0.01658	0.01627	0.01984	0.01344	0.01250	0.02818	0.11040	0.08730	0.15676	0.19176	0.16335	0.02476	0.01288	0.00393	0.00709	0.07851	0.01096	0.01172
8	0.10044	0.03227	0.03408	0.02654	0.03492	0.10077	0.06851	0.36078	0.04310	0.05818	0.02356	0.02489	0.01715	0.01219	0.01058	0.00326	0.01327	0.00940	0.00931	0.01679
9	0.01894	0.00947	0.01420	0.01420	0.01420	0.00947	0.00947	0.01420	0.01420	0.01894	0.01894	0.03314	0.01894	0.03788	0.04261	0.68277	0.00947	0.00947	0.00473	0.00473
10	0.02382	0.08953	0.13894	0.03252	0.04232	0.02577	0.23812	0.03481	0.08232	0.03661	0.11084	0.03709	0.03217	0.01224	0.01164	0.00346	0.01399	0.01240	0.00698	0.01443
11	0.02275	0.05087	0.47045	0.02959	0.04403	0.02562	0.03642	0.03846	0.10792	0.03639	0.02373	0.02598	0.01708	0.01110	0.01048	0.00349	0.01486	0.00877	0.00569	0.01631
12	0.01733	0.01239	0.01723	0.01937	0.02188	0.01230	0.01675	0.02236	0.02575	0.03388	0.11226	0.11832	0.06726	0.02924	0.01481	0.00484	0.00949	0.42420	0.01026	0.01007
13	0.02294	0.02711	0.09982	0.03682	0.04584	0.02291	0.31719	0.03124	0.02528	0.03421	0.03236	0.05645	0.02994	0.01550	0.01327	0.00405	0.01569	0.14917	0.00676	0.01347
14	0.02033	0.01016	0.01016	0.01016	0.01270	0.01016	0.00762	0.02541	0.02287	0.04065	0.03557	0.04065	0.02795	0.01270	0.00762	0.00254	0.00508	0.01016	0.67734	0.01016
15	0.02423	0.02034	0.02348	0.01692	0.02653	0.01620	0.01359	0.06923	0.02508	0.03839	0.01997	0.02292	0.01636	0.00851	0.00832	0.00176	0.00841	0.00675	0.00684	0.62619
16	0.02463	0.03067	0.16721	0.02990	0.09858	0.02352	0.05255	0.11491	0.06022	0.04169	0.11093	0.04354	0.08943	0.01519	0.01282	0.00352	0.04528	0.01263	0.00800	0.01478
17	0.02712	0.02342	0.02465	0.02219	0.02835	0.02712	0.01726	0.05794	0.52909	0.04561	0.04438	0.04068	0.03328	0.01479	0.01109	0.00370	0.00863	0.01233	0.01109	0.01726
18	0.09929	0.02867	0.10979	0.18102	0.15833	0.02575	0.17531	0.03248	0.02341	0.03483	0.01998	0.02670	0.01531	0.00998	0.01094	0.00351	0.01489	0.01003	0.00535	0.01444
19	0.03072	0.02584	0.08781	0.02717	0.08127	0.02412	0.02160	0.10957	0.12258	0.14109	0.10212	0.03808	0.03345	0.01488	0.01431	0.00360	0.08469	0.01164	0.00955	0.01592
20	0.01979	0.01787	0.02242	0.14965	0.07157	0.06614	0.01756	0.02530	0.02836	0.03796	0.33671	0.05981	0.06826	0.01775	0.01198	0.00340	0.00919	0.01553	0.00930	0.01145
21	0.02074	0.04847	0.46467	0.02803	0.04178	0.02269	0.03503	0.03208	0.02439	0.03614	0.11131	0.03326	0.02942	0.01245	0.01080	0.00345	0.01419	0.01010	0.00590	0.01509
22	0.02960	0.09498	0.03920	0.04536	0.29371	0.09025	0.02661	0.09867	0.02888	0.03762	0.02499	0.03715	0.02248	0.01290	0.01081	0.00332	0.01308	0.06809	0.00668	0.01563
23	0.02059	0.01938	0.03270	0.59060	0.07510	0.02422	0.03028	0.02786	0.02180	0.02786	0.01938	0.02907	0.01453	0.01090	0.01090	0.00363	0.01453	0.00969	0.00484	0.01211
24	0.02699	0.02591	0.04426	0.06693	0.54879	0.02591	0.03346	0.03346	0.02483	0.03562	0.02051	0.02699	0.01727	0.00972	0.01079	0.00324	0.01295	0.00972	0.00540	0.01727
25	0.01520	0.01114	0.01425	0.01347	0.01615	0.01019	0.01010	0.02012	0.03031	0.04242	0.50344	0.08360	0.14330	0.02278	0.01286	0.00345	0.00518	0.02002	0.01183	0.01019
26	0.04892	0.01856	0.02530	0.01940	0.02783	0.01603	0.01603	0.05314	0.03121	0.55634	0.04302	0.03711	0.02699	0.01350	0.01096	0.00337	0.00928	0.01096	0.01350	0.01856
27	0.02528	0.02417	0.04118	0.20637	0.42265	0.02546	0.03262	0.03197	0.02402	0.03355	0.02021	0.02754	0.01654	0.01003	0.01082	0.00334	0.01337	0.00971	0.00525	0.01590
28	0.01454	0.01061	0.01334	0.01363	0.01555	0.00977	0.00965	0.01799	0.02590	0.03535	0.30491	0.23297	0.14442	0.08075	0.01707	0.00440	0.00602	0.02297	0.01074	0.00941

[dist]
# distance from previous block
# <min> <max>
0	396

# created by:
# /st0/software/busco_prod/Augustus/scripts/msa2prfl.pl ./align_prep/7744.fa
