[name]
unknown

[dist]
# distance from previous block
# <min> <max>
0	18

[block]
# block no. 0 follows, 11 sequences, length 15
# corresponding to MSA columns:
# 18-32
name=unknown_A
#
# <colnr> <probs for GDERKNQSTAVLIFYWHMCP>
#	G	D	E	R	K	N	Q	S	T	A	V	L	I	F	Y	W	H	M	C	P
0	0.01683	0.01338	0.01771	0.01788	0.01894	0.01503	0.01328	0.01916	0.02006	0.02733	0.04857	0.23235	0.09133	0.14706	0.10398	0.00774	0.11323	0.05848	0.00814	0.00953
1	0.19957	0.19876	0.03261	0.01908	0.02542	0.08619	0.01632	0.03311	0.02469	0.06754	0.11527	0.03271	0.03220	0.01370	0.01134	0.00323	0.05815	0.00954	0.00748	0.01308
2	0.01822	0.01236	0.01524	0.01621	0.01859	0.01185	0.01148	0.02375	0.07667	0.07291	0.06620	0.42156	0.13088	0.03038	0.01365	0.00429	0.00692	0.02704	0.01084	0.01096
3	0.09910	0.16197	0.11321	0.08810	0.10599	0.02826	0.07522	0.03439	0.02492	0.07759	0.06712	0.03045	0.02440	0.01165	0.01018	0.00330	0.01275	0.00983	0.00670	0.01489
4	0.02755	0.19842	0.09711	0.11552	0.04140	0.02953	0.06582	0.03356	0.02361	0.07339	0.02058	0.02493	0.01629	0.01100	0.01192	0.00306	0.06236	0.00847	0.00601	0.12947
5	0.46171	0.08542	0.02206	0.01622	0.02278	0.02650	0.01329	0.03550	0.08954	0.04491	0.02166	0.02642	0.01807	0.06253	0.01199	0.00406	0.00929	0.00792	0.00736	0.01277
6	0.02433	0.04396	0.30763	0.03774	0.05062	0.02790	0.21421	0.03491	0.02416	0.03491	0.02063	0.02640	0.01540	0.01117	0.01443	0.00380	0.07664	0.01039	0.00513	0.01562
7	0.02932	0.02825	0.10626	0.02690	0.08636	0.02212	0.02173	0.08839	0.09743	0.09440	0.02713	0.02850	0.02038	0.01101	0.01007	0.00282	0.01078	0.00900	0.00820	0.27094
8	0.02481	0.01683	0.02526	0.29069	0.04717	0.01882	0.02052	0.02926	0.02218	0.11736	0.02947	0.04600	0.02590	0.20905	0.02658	0.00609	0.01268	0.01235	0.00719	0.01179
9	0.03883	0.14131	0.03610	0.02697	0.07460	0.12314	0.02041	0.11073	0.10182	0.17095	0.02986	0.02928	0.02176	0.01249	0.01033	0.00320	0.01258	0.00951	0.00929	0.01687
10	0.01444	0.01030	0.01301	0.01457	0.01552	0.00967	0.00964	0.01644	0.02192	0.02927	0.11067	0.40771	0.10108	0.14440	0.02254	0.00564	0.00720	0.02715	0.00995	0.00887
11	0.03092	0.01941	0.02813	0.02261	0.02816	0.01982	0.06564	0.07664	0.03125	0.19074	0.21436	0.05135	0.05290	0.01759	0.01587	0.00373	0.09076	0.01453	0.01099	0.01463
12	0.01670	0.01295	0.01905	0.12319	0.02886	0.01467	0.01529	0.02024	0.01921	0.02625	0.03490	0.14517	0.03632	0.16308	0.26069	0.01156	0.01933	0.01604	0.00677	0.00973
13	0.33486	0.10541	0.02707	0.01803	0.02610	0.02600	0.01535	0.07868	0.02667	0.20630	0.02582	0.02539	0.01811	0.01170	0.00875	0.00332	0.00976	0.00809	0.00925	0.01532
14	0.03127	0.03135	0.17257	0.02932	0.10541	0.02019	0.02508	0.03858	0.02623	0.17603	0.02697	0.02823	0.01926	0.01078	0.01021	0.00293	0.01170	0.00889	0.00799	0.21700

[dist]
# distance from previous block
# <min> <max>
0	1

[block]
# block no. 1 follows, 11 sequences, length 12
# corresponding to MSA columns:
# 34-45
name=unknown_B
#
# <colnr> <probs for GDERKNQSTAVLIFYWHMCP>
#	G	D	E	R	K	N	Q	S	T	A	V	L	I	F	Y	W	H	M	C	P
0	0.14463	0.10564	0.02222	0.01519	0.01905	0.01959	0.01144	0.02650	0.01971	0.08293	0.02922	0.04839	0.02897	0.29139	0.08480	0.00817	0.01242	0.01195	0.00721	0.01058
1	0.02243	0.02499	0.12671	0.02182	0.02738	0.02031	0.02066	0.02801	0.02534	0.08455	0.17017	0.05646	0.13339	0.01980	0.01873	0.00395	0.15873	0.01495	0.00872	0.01290
2	0.02827	0.02152	0.03169	0.37855	0.06070	0.02515	0.02661	0.08200	0.08593	0.10705	0.02722	0.03232	0.01954	0.01233	0.01129	0.00368	0.01325	0.01053	0.00764	0.01472
3	0.03300	0.03626	0.14447	0.10925	0.09542	0.09227	0.02839	0.15634	0.03253	0.08423	0.02329	0.02677	0.01720	0.01250	0.01297	0.00354	0.05839	0.00944	0.00746	0.01628
4	0.02640	0.29113	0.16822	0.13016	0.11323	0.03414	0.02887	0.03339	0.02340	0.03051	0.01829	0.02294	0.01498	0.01023	0.00932	0.00306	0.01385	0.00785	0.00494	0.01509
5	0.01528	0.01124	0.01475	0.01490	0.01697	0.01098	0.01087	0.01905	0.02521	0.03476	0.25389	0.17828	0.12344	0.07633	0.13447	0.00739	0.01132	0.02096	0.01007	0.00985
6	0.02269	0.04205	0.32109	0.21947	0.10946	0.02582	0.03737	0.03321	0.02354	0.03345	0.02024	0.02629	0.01488	0.01081	0.01093	0.00360	0.01574	0.00906	0.00492	0.01537
7	0.01433	0.01024	0.01377	0.01638	0.01731	0.00968	0.01153	0.01674	0.02216	0.02943	0.06169	0.53119	0.07309	0.03468	0.01453	0.00466	0.00707	0.09179	0.01044	0.00931
8	0.01423	0.01017	0.01365	0.01626	0.01714	0.00959	0.01135	0.01657	0.02206	0.02931	0.06175	0.54200	0.07331	0.03477	0.01450	0.00464	0.00698	0.08198	0.01044	0.00929
9	0.02520	0.05565	0.44961	0.03282	0.04777	0.09041	0.07187	0.03679	0.02494	0.03470	0.02005	0.02382	0.01449	0.01071	0.01082	0.00350	0.01724	0.00855	0.00495	0.01610
10	0.01557	0.01101	0.01393	0.01401	0.01628	0.01017	0.01020	0.01988	0.02827	0.03978	0.34594	0.20469	0.12781	0.02562	0.01313	0.00374	0.00563	0.02265	0.06153	0.01017
11	0.03581	0.26853	0.04185	0.02224	0.03100	0.13153	0.01928	0.13688	0.03180	0.07709	0.02115	0.02258	0.01676	0.01101	0.00908	0.00270	0.01301	0.00762	0.00731	0.09278

[dist]
# distance from previous block
# <min> <max>
0	1

[block]
# block no. 2 follows, 11 sequences, length 11
# corresponding to MSA columns:
# 47-57
name=unknown_C
#
# <colnr> <probs for GDERKNQSTAVLIFYWHMCP>
#	G	D	E	R	K	N	Q	S	T	A	V	L	I	F	Y	W	H	M	C	P
0	0.02964	0.25919	0.24226	0.02419	0.03646	0.03080	0.02714	0.03718	0.02465	0.10758	0.02206	0.02373	0.01654	0.01058	0.00928	0.00296	0.01318	0.00776	0.00629	0.06852
1	0.08312	0.12890	0.30567	0.02936	0.07317	0.02798	0.03110	0.03870	0.05762	0.08874	0.02345	0.02548	0.01713	0.01112	0.01001	0.00338	0.01380	0.00851	0.00641	0.01636
2	0.01408	0.01047	0.01322	0.01526	0.01680	0.00961	0.01083	0.01657	0.02290	0.02961	0.07317	0.44146	0.17313	0.03335	0.01426	0.00447	0.00674	0.07428	0.01044	0.00935
3	0.01395	0.01032	0.01344	0.01534	0.01663	0.00981	0.01062	0.01630	0.02173	0.02866	0.06578	0.45531	0.13637	0.04040	0.08236	0.00615	0.00936	0.02828	0.00990	0.00931
4	0.03279	0.27243	0.11245	0.02937	0.07586	0.03349	0.08762	0.08109	0.02795	0.11224	0.02306	0.02514	0.01753	0.01079	0.00979	0.00307	0.01332	0.00880	0.00698	0.01624
5	0.02224	0.03901	0.28540	0.11156	0.04770	0.02394	0.08974	0.03426	0.06317	0.03706	0.10307	0.03650	0.03086	0.01293	0.01157	0.00364	0.01429	0.01144	0.00664	0.01498
6	0.01343	0.01090	0.01192	0.01274	0.01555	0.00939	0.00914	0.01600	0.02437	0.02988	0.09776	0.26117	0.38731	0.03062	0.01363	0.00404	0.00596	0.02633	0.01045	0.00939
7	0.01698	0.01851	0.09884	0.01855	0.02269	0.01299	0.01672	0.02229	0.02513	0.03530	0.15421	0.26406	0.06662	0.02630	0.01331	0.00417	0.00852	0.10650	0.05735	0.01098
8	0.03410	0.08042	0.14922	0.07375	0.07814	0.02997	0.06663	0.20645	0.03556	0.09983	0.02512	0.02735	0.01803	0.01187	0.01099	0.00341	0.01382	0.00979	0.00826	0.01729
9	0.13691	0.20523	0.07790	0.02767	0.09869	0.08047	0.02166	0.04028	0.06640	0.11093	0.02374	0.02511	0.01821	0.01120	0.00923	0.00312	0.01219	0.00822	0.00726	0.01557
10	0.52519	0.16488	0.02685	0.01588	0.02350	0.02993	0.01391	0.03324	0.02006	0.04467	0.01567	0.01823	0.01274	0.01025	0.00703	0.00322	0.00952	0.00608	0.00644	0.01274

[dist]
# distance from previous block
# <min> <max>
0	4

[block]
# block no. 3 follows, 11 sequences, length 43
# corresponding to MSA columns:
# 62-104
name=unknown_D
#
# <colnr> <probs for GDERKNQSTAVLIFYWHMCP>
#	G	D	E	R	K	N	Q	S	T	A	V	L	I	F	Y	W	H	M	C	P
0	0.01583	0.01235	0.01459	0.01503	0.01786	0.01173	0.01118	0.02202	0.07342	0.03537	0.18931	0.22978	0.22146	0.02792	0.01357	0.00405	0.00649	0.05648	0.01101	0.01054
1	0.02790	0.01989	0.07647	0.01940	0.02501	0.01632	0.01730	0.03349	0.02849	0.18233	0.20358	0.05929	0.05514	0.01865	0.01431	0.00372	0.06077	0.05398	0.07016	0.01381
2	0.01506	0.01088	0.01241	0.01281	0.01413	0.01020	0.00823	0.01657	0.02094	0.02715	0.09977	0.17824	0.17878	0.30601	0.03463	0.00734	0.00832	0.02143	0.00886	0.00824
3	0.02786	0.02674	0.04568	0.06908	0.53424	0.02674	0.03454	0.03454	0.02563	0.03677	0.02117	0.02786	0.01783	0.01003	0.01114	0.00334	0.01337	0.01003	0.00557	0.01783
4	0.68395	0.02177	0.01654	0.01480	0.02177	0.02525	0.01219	0.03309	0.01915	0.05050	0.01567	0.01828	0.01219	0.01045	0.00697	0.00348	0.00871	0.00609	0.00697	0.01219
5	0.31883	0.02791	0.13418	0.01994	0.02882	0.02174	0.01950	0.03727	0.02359	0.16547	0.02823	0.08104	0.02257	0.01378	0.00957	0.00361	0.01044	0.01039	0.00853	0.01457
6	0.02574	0.03286	0.20056	0.02221	0.03433	0.01892	0.02321	0.03341	0.02435	0.08579	0.02246	0.02495	0.01695	0.00968	0.00943	0.00249	0.01127	0.00768	0.00673	0.38698
7	0.14762	0.30182	0.17956	0.02284	0.03350	0.08603	0.02422	0.03520	0.02331	0.03339	0.01704	0.01985	0.01399	0.01025	0.00839	0.00296	0.01347	0.00677	0.00528	0.01449
8	0.02555	0.27738	0.35307	0.02700	0.04086	0.03343	0.03274	0.03487	0.02341	0.03201	0.01839	0.02150	0.01433	0.01027	0.00932	0.00311	0.01481	0.00741	0.00478	0.01577
9	0.02118	0.04843	0.43482	0.02832	0.04203	0.02289	0.03510	0.03263	0.02546	0.03763	0.12669	0.03640	0.03353	0.01327	0.01123	0.00356	0.01426	0.01084	0.00635	0.01537
10	0.05050	0.01915	0.02612	0.02003	0.02873	0.01654	0.01654	0.05485	0.03221	0.54203	0.04440	0.03831	0.02786	0.01393	0.01132	0.00348	0.00958	0.01132	0.01393	0.01915
11	0.01593	0.01150	0.01504	0.01416	0.01681	0.01062	0.01062	0.02124	0.03186	0.04513	0.52830	0.08407	0.10620	0.02301	0.01327	0.00354	0.00531	0.02035	0.01239	0.01062
12	0.01418	0.01015	0.01348	0.01536	0.01643	0.00945	0.01048	0.01684	0.02371	0.03217	0.15975	0.48958	0.08110	0.03269	0.01414	0.00435	0.00627	0.02956	0.01085	0.00945
13	0.02054	0.01058	0.01089	0.01081	0.01344	0.01050	0.00811	0.02579	0.02432	0.04224	0.07951	0.04563	0.03558	0.01397	0.00834	0.00270	0.00525	0.01135	0.60995	0.01050
14	0.03212	0.02623	0.02777	0.02374	0.03084	0.02992	0.01881	0.18168	0.38531	0.05374	0.04057	0.03782	0.03011	0.01478	0.01140	0.00369	0.00988	0.01200	0.01140	0.01818
15	0.09225	0.07889	0.03574	0.18508	0.09849	0.03122	0.02456	0.23120	0.03563	0.04950	0.02236	0.02636	0.01678	0.01187	0.01049	0.00340	0.01287	0.00935	0.00791	0.01607
16	0.03189	0.12870	0.03786	0.07768	0.07400	0.08622	0.05893	0.16860	0.03346	0.04339	0.02663	0.03635	0.02247	0.01353	0.01072	0.00333	0.01318	0.05286	0.06513	0.01507
17	0.02617	0.02478	0.04081	0.19539	0.37171	0.02641	0.03220	0.03532	0.06864	0.03564	0.02308	0.02968	0.01859	0.01081	0.01120	0.00349	0.01339	0.01026	0.00595	0.01646
18	0.02800	0.02418	0.02545	0.02291	0.02927	0.02800	0.01782	0.05981	0.51390	0.04708	0.04581	0.04199	0.03436	0.01527	0.01145	0.00382	0.00891	0.01273	0.01145	0.01782
19	0.01616	0.01175	0.01650	0.01650	0.01797	0.01321	0.01209	0.01908	0.01762	0.02495	0.03160	0.05224	0.03162	0.22615	0.42287	0.01613	0.02491	0.01323	0.00624	0.00917
20	0.04347	0.02067	0.03011	0.02297	0.03136	0.01884	0.06959	0.08763	0.03335	0.39151	0.09208	0.04132	0.03425	0.01437	0.01174	0.00351	0.01042	0.01240	0.01261	0.01780
21	0.01625	0.01169	0.01560	0.01589	0.01834	0.01104	0.01242	0.02120	0.02942	0.04078	0.36989	0.14419	0.09312	0.02615	0.01393	0.00404	0.00665	0.12728	0.01171	0.01041
22	0.02790	0.02597	0.03963	0.05526	0.38309	0.02712	0.02954	0.04210	0.17178	0.03986	0.02855	0.03209	0.02278	0.01160	0.01124	0.00348	0.01204	0.01084	0.00733	0.01782
23	0.02142	0.02018	0.02632	0.28766	0.04893	0.06855	0.02249	0.02904	0.06737	0.03005	0.03325	0.16854	0.03234	0.02454	0.06513	0.00527	0.01435	0.01551	0.00707	0.01199
24	0.01593	0.01150	0.01504	0.01416	0.01681	0.01062	0.01062	0.02124	0.03186	0.04513	0.52830	0.08407	0.10620	0.02301	0.01327	0.00354	0.00531	0.02035	0.01239	0.01062
25	0.02338	0.11720	0.49417	0.03071	0.04660	0.02810	0.03920	0.03544	0.02367	0.03467	0.01971	0.02315	0.01428	0.01058	0.01032	0.00344	0.01614	0.00807	0.00476	0.01640
26	0.02965	0.02500	0.02638	0.02324	0.02990	0.02877	0.01821	0.10861	0.46241	0.04975	0.04371	0.04032	0.03266	0.01507	0.01143	0.00377	0.00930	0.01244	0.01143	0.01796
27	0.03510	0.02771	0.02945	0.02434	0.03198	0.03131	0.01953	0.26972	0.29241	0.05854	0.03678	0.03480	0.02705	0.01443	0.01136	0.00361	0.01058	0.01148	0.01136	0.01845
28	0.04204	0.05364	0.03190	0.02900	0.03480	0.55926	0.02175	0.04494	0.03190	0.02755	0.01740	0.02030	0.01450	0.01160	0.01015	0.00290	0.02030	0.00725	0.00580	0.01305
29	0.02031	0.02103	0.07505	0.02328	0.02843	0.01844	0.07018	0.03260	0.15612	0.03568	0.04892	0.28170	0.05035	0.02416	0.01321	0.00424	0.00993	0.06373	0.00962	0.01302
30	0.01996	0.01721	0.03110	0.02587	0.03075	0.01633	0.17413	0.02545	0.02409	0.03436	0.04340	0.24720	0.04488	0.02166	0.01280	0.00397	0.01086	0.06307	0.14134	0.01158
31	0.01371	0.00979	0.01306	0.01567	0.01632	0.00914	0.01045	0.01567	0.02155	0.02873	0.06203	0.59710	0.07444	0.03526	0.01437	0.00457	0.00653	0.03200	0.01045	0.00914
32	0.01367	0.00997	0.01287	0.01519	0.01620	0.00918	0.01024	0.01573	0.02201	0.02892	0.06784	0.54251	0.12529	0.03451	0.01425	0.00448	0.00644	0.03108	0.01045	0.00918
33	0.01634	0.01122	0.01416	0.01371	0.01598	0.01052	0.00997	0.02092	0.02882	0.04148	0.39691	0.11687	0.08973	0.07504	0.01673	0.00418	0.00590	0.01981	0.08155	0.01016
34	0.22458	0.02419	0.03520	0.11178	0.04227	0.02511	0.13900	0.08003	0.02661	0.09662	0.02271	0.02661	0.01662	0.01080	0.01024	0.00343	0.01271	0.00953	0.00747	0.07451
35	0.02320	0.02692	0.11800	0.01946	0.03066	0.01702	0.01845	0.02966	0.02342	0.03649	0.02004	0.02342	0.01623	0.00876	0.00876	0.00201	0.00984	0.00697	0.00632	0.55436
36	0.02872	0.08873	0.16826	0.02263	0.03388	0.02358	0.02282	0.07335	0.06353	0.09536	0.02485	0.02630	0.01858	0.01065	0.00966	0.00275	0.01142	0.00830	0.00751	0.25913
37	0.19967	0.02575	0.11221	0.02270	0.03096	0.02014	0.09611	0.02833	0.02306	0.03804	0.04234	0.10385	0.12155	0.01643	0.01082	0.00357	0.01087	0.01404	0.00743	0.07216
38	0.27426	0.08399	0.07603	0.02683	0.08415	0.02730	0.05526	0.04026	0.10662	0.08804	0.02491	0.02651	0.01875	0.01141	0.00939	0.00345	0.01110	0.00884	0.00771	0.01521
39	0.16472	0.12353	0.07220	0.01917	0.02533	0.02383	0.01697	0.03194	0.02235	0.12004	0.03060	0.12367	0.02895	0.07918	0.01736	0.00440	0.06185	0.01285	0.00796	0.01309
40	0.07694	0.09637	0.22031	0.02268	0.03369	0.02292	0.02429	0.03533	0.02397	0.12088	0.02494	0.02999	0.01946	0.06828	0.01425	0.00379	0.01230	0.00890	0.00703	0.13366
41	0.02695	0.14327	0.24192	0.02859	0.04024	0.02772	0.10010	0.03795	0.06951	0.08159	0.07044	0.03218	0.02612	0.01214	0.01082	0.00340	0.01380	0.01043	0.00703	0.01580
42	0.10163	0.14292	0.16397	0.02703	0.07772	0.07822	0.02427	0.03789	0.02506	0.12896	0.02445	0.02885	0.01909	0.05827	0.01346	0.00382	0.01321	0.00891	0.00707	0.01521

[dist]
# distance from previous block
# <min> <max>
2	67

[block]
# block no. 4 follows, 11 sequences, length 34
# corresponding to MSA columns:
# 178-211
name=unknown_E
#
# <colnr> <probs for GDERKNQSTAVLIFYWHMCP>
#	G	D	E	R	K	N	Q	S	T	A	V	L	I	F	Y	W	H	M	C	P
0	0.03828	0.02671	0.12398	0.02574	0.07385	0.01962	0.02201	0.04702	0.07220	0.30830	0.03721	0.03539	0.02513	0.01303	0.01084	0.00343	0.01072	0.01068	0.07831	0.01756
1	0.03214	0.24849	0.08499	0.12577	0.04286	0.07901	0.07160	0.03786	0.02568	0.11801	0.02267	0.02565	0.01713	0.01091	0.00982	0.00311	0.01396	0.00870	0.00660	0.01503
2	0.27957	0.02547	0.06764	0.02661	0.08138	0.02448	0.05835	0.07444	0.06940	0.08772	0.02777	0.08149	0.02328	0.01374	0.01006	0.00363	0.01084	0.01116	0.00823	0.01474
3	0.09195	0.02341	0.03546	0.08333	0.13226	0.02383	0.10305	0.07189	0.07705	0.08175	0.02999	0.09041	0.02549	0.01378	0.01129	0.00353	0.01205	0.01268	0.00802	0.06878
4	0.09329	0.02588	0.07689	0.13475	0.23946	0.02355	0.02758	0.03622	0.02517	0.11812	0.02400	0.02824	0.01802	0.01081	0.01049	0.00332	0.01240	0.00941	0.00699	0.07541
5	0.02602	0.13254	0.03100	0.11251	0.03478	0.02196	0.01736	0.03089	0.02426	0.08459	0.03147	0.03385	0.07057	0.01176	0.00944	0.00257	0.01004	0.00937	0.00717	0.29785
6	0.02470	0.01358	0.01709	0.01501	0.01964	0.01194	0.01168	0.02907	0.03025	0.17754	0.28174	0.07816	0.20089	0.02202	0.01275	0.00360	0.00659	0.01881	0.01228	0.01266
7	0.02681	0.02107	0.02821	0.02711	0.08093	0.02213	0.05669	0.04439	0.24669	0.09267	0.17070	0.05050	0.04986	0.01619	0.01205	0.00366	0.00930	0.01440	0.01086	0.01580
8	0.03208	0.01763	0.02198	0.01837	0.02419	0.01709	0.01458	0.08787	0.08447	0.22076	0.25619	0.05768	0.06217	0.01803	0.01219	0.00353	0.00793	0.01533	0.01271	0.01525
9	0.03189	0.02415	0.02736	0.11662	0.03561	0.07564	0.01944	0.11093	0.07871	0.12426	0.03016	0.03906	0.02478	0.12730	0.02269	0.00507	0.07203	0.01147	0.00863	0.01421
10	0.05050	0.01915	0.02612	0.02003	0.02873	0.01654	0.01654	0.05485	0.03221	0.54203	0.04440	0.03831	0.02786	0.01393	0.01132	0.00348	0.00958	0.01132	0.01393	0.01915
11	0.02458	0.02380	0.03968	0.08029	0.04253	0.02477	0.19718	0.04093	0.20176	0.03958	0.07954	0.08659	0.03591	0.01509	0.01253	0.00384	0.01273	0.01498	0.00870	0.01498
12	0.03623	0.02417	0.02556	0.02106	0.02768	0.07627	0.01679	0.15867	0.07648	0.18991	0.17154	0.04655	0.04651	0.01621	0.01174	0.00344	0.01016	0.01322	0.01178	0.01605
13	0.09004	0.02866	0.03351	0.02640	0.03479	0.03162	0.06814	0.29571	0.16930	0.05936	0.03062	0.03060	0.02238	0.01331	0.01116	0.00355	0.01184	0.01081	0.01039	0.01781
14	0.04279	0.03153	0.03378	0.02590	0.03490	0.03490	0.02139	0.49671	0.05292	0.07093	0.02702	0.02702	0.01914	0.01351	0.01126	0.00338	0.01239	0.01013	0.01126	0.01914
15	0.02462	0.02462	0.03447	0.02955	0.02955	0.03447	0.02462	0.02709	0.01724	0.02709	0.01477	0.02462	0.01477	0.01970	0.03694	0.00492	0.58385	0.00985	0.00492	0.01231
16	0.01361	0.01021	0.01263	0.01457	0.01604	0.00923	0.00996	0.01580	0.02261	0.02916	0.07542	0.47126	0.19165	0.03352	0.01409	0.00437	0.00632	0.02987	0.01045	0.00923
17	0.02464	0.21007	0.41236	0.02856	0.04327	0.03119	0.03545	0.03511	0.02352	0.03313	0.01895	0.02220	0.01431	0.01040	0.00974	0.00325	0.01537	0.00769	0.00477	0.01603
18	0.01773	0.01094	0.01461	0.01596	0.01765	0.01006	0.01109	0.02029	0.02375	0.08318	0.11017	0.48479	0.07306	0.03176	0.01394	0.00435	0.00671	0.02863	0.01101	0.01033
19	0.02027	0.01606	0.01879	0.01730	0.02129	0.01687	0.01321	0.03511	0.20515	0.04584	0.35484	0.06895	0.08037	0.02023	0.01262	0.00364	0.00660	0.01761	0.01205	0.01321
20	0.02496	0.04404	0.35694	0.03228	0.09434	0.02297	0.03358	0.03495	0.02450	0.08079	0.02601	0.07415	0.02117	0.01280	0.01091	0.00346	0.01410	0.01064	0.00631	0.07109
21	0.01814	0.01199	0.01380	0.01298	0.01667	0.01058	0.00986	0.02222	0.02814	0.07941	0.24384	0.08695	0.28709	0.02373	0.01255	0.00356	0.00584	0.02012	0.08173	0.01080
22	0.10446	0.02357	0.08096	0.02085	0.03025	0.01835	0.01883	0.05084	0.03014	0.44360	0.03923	0.03495	0.02500	0.01327	0.01086	0.00349	0.01025	0.01053	0.01232	0.01826
23	0.02334	0.02001	0.02334	0.01667	0.02667	0.01500	0.01334	0.02834	0.02334	0.03668	0.02001	0.02334	0.01667	0.00834	0.00834	0.00167	0.00834	0.00667	0.00667	0.67325
24	0.02126	0.02001	0.03376	0.57739	0.07752	0.02501	0.03126	0.02876	0.02251	0.02876	0.02001	0.03001	0.01500	0.01125	0.01125	0.00375	0.01500	0.01000	0.00500	0.01250
25	0.01371	0.00979	0.01306	0.01567	0.01632	0.00914	0.01045	0.01567	0.02155	0.02873	0.06203	0.59710	0.07444	0.03526	0.01437	0.00457	0.00653	0.03200	0.01045	0.00914
26	0.27938	0.18097	0.08675	0.02074	0.02834	0.03134	0.01961	0.03417	0.02130	0.07687	0.01822	0.02145	0.01467	0.01213	0.01295	0.00346	0.11013	0.00736	0.00636	0.01381
27	0.02867	0.02148	0.03271	0.16782	0.09574	0.02026	0.06385	0.03476	0.02532	0.12940	0.02495	0.02894	0.01850	0.01041	0.01037	0.00290	0.01174	0.00933	0.00741	0.25544
28	0.01452	0.01056	0.01387	0.01623	0.01756	0.00991	0.01174	0.01719	0.02279	0.02985	0.06662	0.45934	0.11682	0.03380	0.01449	0.00461	0.00719	0.11308	0.01043	0.00941
29	0.02328	0.12510	0.08830	0.26369	0.10166	0.02576	0.02646	0.02822	0.02152	0.02814	0.01930	0.02788	0.01600	0.01613	0.01677	0.13187	0.01348	0.00910	0.00498	0.01236
30	0.03061	0.09133	0.22331	0.07251	0.04189	0.02404	0.06453	0.03884	0.02630	0.17120	0.03060	0.03893	0.02351	0.01354	0.01128	0.00363	0.01367	0.05634	0.00792	0.01600
31	0.01619	0.01241	0.01782	0.12404	0.02884	0.01302	0.01538	0.01956	0.02194	0.02886	0.05078	0.35356	0.05789	0.08925	0.01844	0.00518	0.00927	0.09882	0.00901	0.00975
32	0.01443	0.01049	0.01376	0.01612	0.01741	0.00983	0.01157	0.01702	0.02269	0.02974	0.06667	0.46950	0.11703	0.03389	0.01446	0.00460	0.00710	0.10387	0.01043	0.00939
33	0.08065	0.02322	0.08377	0.08404	0.03637	0.02040	0.10178	0.07004	0.02445	0.07558	0.02695	0.08815	0.02374	0.02087	0.01995	0.17593	0.01245	0.01239	0.00707	0.01220

[dist]
# distance from previous block
# <min> <max>
0	2

[block]
# block no. 5 follows, 11 sequences, length 11
# corresponding to MSA columns:
# 214-224
name=unknown_F
#
# <colnr> <probs for GDERKNQSTAVLIFYWHMCP>
#	G	D	E	R	K	N	Q	S	T	A	V	L	I	F	Y	W	H	M	C	P
0	0.11242	0.03011	0.11444	0.03862	0.19230	0.02485	0.05811	0.08420	0.02760	0.07861	0.02256	0.02614	0.01720	0.01053	0.01027	0.00318	0.01249	0.00906	0.00701	0.12027
1	0.02050	0.01725	0.02451	0.15111	0.03404	0.02144	0.01902	0.02456	0.02077	0.03040	0.07770	0.04344	0.03137	0.11132	0.07021	0.00619	0.18319	0.01225	0.08981	0.01093
2	0.03078	0.01978	0.03029	0.02352	0.03162	0.01716	0.09942	0.03643	0.02773	0.19113	0.07709	0.05004	0.03506	0.01495	0.01163	0.00329	0.01064	0.07906	0.00976	0.20060
3	0.01569	0.01181	0.01634	0.01634	0.01837	0.01298	0.01231	0.01903	0.01902	0.02623	0.04356	0.05768	0.10595	0.14167	0.41327	0.01501	0.02400	0.01438	0.00680	0.00956
4	0.33428	0.02175	0.02155	0.01843	0.02569	0.02372	0.01490	0.04626	0.16032	0.17919	0.03164	0.03017	0.02249	0.01271	0.00936	0.00358	0.00899	0.00932	0.01005	0.01559
5	0.28192	0.01874	0.02109	0.02327	0.09863	0.01937	0.01526	0.03085	0.02318	0.08312	0.06470	0.10735	0.03151	0.01505	0.00960	0.00340	0.00859	0.01213	0.07095	0.06131
6	0.02950	0.09056	0.18132	0.02788	0.03928	0.02735	0.09167	0.10828	0.08105	0.07571	0.02549	0.02750	0.01885	0.01118	0.01057	0.00318	0.01328	0.00949	0.00751	0.12037
7	0.17066	0.19446	0.11650	0.02152	0.03142	0.03053	0.02109	0.10848	0.02869	0.14345	0.02389	0.02444	0.01736	0.01142	0.00915	0.00318	0.01163	0.00809	0.00807	0.01598
8	0.15935	0.09014	0.22843	0.11048	0.04093	0.02517	0.02703	0.03165	0.02375	0.03821	0.09599	0.03223	0.02793	0.01250	0.01007	0.00346	0.01257	0.00973	0.00642	0.01394
9	0.07394	0.03969	0.28503	0.03047	0.04269	0.02358	0.12702	0.03576	0.02593	0.09178	0.08721	0.03391	0.02776	0.01233	0.01135	0.00359	0.01436	0.01103	0.00705	0.01551
10	0.02374	0.09070	0.25221	0.07160	0.03916	0.02268	0.02801	0.03210	0.02479	0.07107	0.06322	0.07851	0.03121	0.01537	0.01122	0.00356	0.01282	0.05855	0.00709	0.06239

[dist]
# distance from previous block
# <min> <max>
0	43

[block]
# block no. 6 follows, 11 sequences, length 34
# corresponding to MSA columns:
# 268-301
name=unknown_G
#
# <colnr> <probs for GDERKNQSTAVLIFYWHMCP>
#	G	D	E	R	K	N	Q	S	T	A	V	L	I	F	Y	W	H	M	C	P
0	0.19248	0.26758	0.03632	0.06068	0.02913	0.03039	0.01662	0.03357	0.02272	0.07340	0.02061	0.02339	0.01656	0.01053	0.00793	0.00283	0.01028	0.00725	0.07336	0.06438
1	0.34212	0.02501	0.06167	0.06424	0.03154	0.02480	0.01813	0.08627	0.06435	0.14479	0.02544	0.02626	0.01805	0.01189	0.00922	0.00353	0.01036	0.00852	0.00878	0.01504
2	0.29743	0.08257	0.02947	0.08106	0.09156	0.02683	0.01919	0.08368	0.02633	0.13137	0.02289	0.02494	0.01679	0.01131	0.00911	0.00337	0.01076	0.00827	0.00802	0.01503
3	0.12729	0.08962	0.08348	0.02644	0.08975	0.02586	0.02095	0.12587	0.03053	0.13434	0.03240	0.03288	0.05955	0.01286	0.01010	0.00323	0.01102	0.00997	0.00869	0.06517
4	0.35267	0.02257	0.02237	0.07791	0.03047	0.02579	0.01639	0.11752	0.08558	0.05088	0.07375	0.03059	0.02590	0.01293	0.00937	0.00354	0.00972	0.00947	0.00861	0.01398
5	0.33856	0.02812	0.07598	0.02069	0.02897	0.02804	0.01838	0.14121	0.13023	0.05279	0.02492	0.02571	0.01856	0.01215	0.00923	0.00354	0.01037	0.00859	0.00862	0.01535
6	0.36870	0.02382	0.02627	0.12540	0.09513	0.02715	0.01999	0.11711	0.02670	0.04865	0.01918	0.02314	0.01464	0.01110	0.00902	0.00350	0.01108	0.00801	0.00723	0.01418
7	0.15107	0.02510	0.07642	0.06177	0.03113	0.02369	0.01865	0.13661	0.07913	0.09209	0.06200	0.03902	0.02864	0.10648	0.01782	0.00470	0.01101	0.01123	0.00898	0.01446
8	0.09994	0.02957	0.08063	0.07092	0.06846	0.07920	0.02208	0.12960	0.08341	0.12058	0.03114	0.08144	0.02512	0.01457	0.01096	0.00356	0.01218	0.01171	0.00908	0.01587
9	0.24217	0.07567	0.02801	0.17833	0.04000	0.02597	0.01957	0.08737	0.02673	0.08053	0.07245	0.03084	0.02474	0.01250	0.00969	0.00345	0.01098	0.00953	0.00778	0.01367
10	0.53983	0.02171	0.01824	0.01621	0.02277	0.02476	0.01311	0.08637	0.02341	0.05072	0.02172	0.07804	0.01933	0.01333	0.00823	0.00358	0.00892	0.00920	0.00783	0.01271
11	0.01671	0.01303	0.01785	0.01735	0.01894	0.01501	0.01307	0.01963	0.01846	0.02581	0.03865	0.05508	0.08307	0.17766	0.34604	0.01376	0.07979	0.01396	0.00655	0.00956
12	0.17420	0.08665	0.08271	0.02146	0.02961	0.02782	0.01915	0.04822	0.25789	0.09026	0.03323	0.03204	0.02469	0.01302	0.00994	0.00354	0.01007	0.00998	0.00930	0.01623
13	0.01774	0.02332	0.15365	0.01786	0.02233	0.01476	0.01639	0.02140	0.01885	0.02619	0.03413	0.11379	0.03728	0.38929	0.04058	0.00832	0.01198	0.01583	0.00664	0.00965
14	0.12429	0.20896	0.23249	0.08015	0.04028	0.03058	0.02770	0.03547	0.02334	0.07341	0.02003	0.02303	0.01513	0.01065	0.00923	0.00322	0.01340	0.00771	0.00583	0.01511
15	0.02487	0.27537	0.28650	0.02456	0.03640	0.03174	0.02846	0.03257	0.02252	0.03031	0.02018	0.02739	0.01750	0.08076	0.01483	0.00397	0.01410	0.00835	0.00502	0.01459
16	0.01371	0.00979	0.01306	0.01567	0.01632	0.00914	0.01045	0.01567	0.02155	0.02873	0.06203	0.59710	0.07444	0.03526	0.01437	0.00457	0.00653	0.03200	0.01045	0.00914
17	0.01857	0.07020	0.01963	0.01704	0.01946	0.06858	0.01245	0.02147	0.02488	0.03183	0.15064	0.37781	0.06945	0.02793	0.01305	0.00399	0.00818	0.02465	0.00986	0.01034
18	0.03462	0.04156	0.30568	0.02718	0.04017	0.02387	0.03054	0.09702	0.03014	0.21475	0.02937	0.02917	0.01954	0.01215	0.01098	0.00351	0.01369	0.00957	0.00870	0.01780
19	0.02607	0.03002	0.07148	0.31787	0.11594	0.13581	0.02882	0.03275	0.02566	0.03125	0.05929	0.03148	0.02230	0.01206	0.01113	0.00349	0.01528	0.01011	0.00579	0.01341
20	0.02057	0.01363	0.01704	0.01551	0.01925	0.01301	0.01186	0.02845	0.08309	0.09500	0.39969	0.07652	0.11879	0.02162	0.01288	0.00358	0.00616	0.01884	0.01232	0.01219
21	0.02657	0.03036	0.06641	0.04744	0.05882	0.02846	0.49336	0.03605	0.02657	0.03605	0.02277	0.03036	0.01708	0.00949	0.01328	0.00380	0.01898	0.01328	0.00569	0.01518
22	0.04585	0.01779	0.02366	0.01852	0.02627	0.01559	0.01518	0.05034	0.03086	0.46321	0.04319	0.03888	0.02802	0.01380	0.01077	0.00335	0.00889	0.01119	0.11686	0.01779
23	0.04279	0.03153	0.03378	0.02590	0.03490	0.03490	0.02139	0.49671	0.05292	0.07093	0.02702	0.02702	0.01914	0.01351	0.01126	0.00338	0.01239	0.01013	0.01126	0.01914
24	0.02749	0.03605	0.24640	0.08381	0.04181	0.02106	0.02778	0.03607	0.02497	0.12287	0.02431	0.02682	0.01741	0.01062	0.01016	0.00301	0.01278	0.00853	0.00694	0.21113
25	0.07942	0.02712	0.15028	0.02257	0.03071	0.01909	0.02222	0.03797	0.07118	0.16948	0.04150	0.10983	0.03678	0.01894	0.01208	0.00402	0.01105	0.11107	0.00976	0.01492
26	0.02289	0.05604	0.50868	0.03328	0.04950	0.02632	0.07685	0.03568	0.02398	0.03568	0.02040	0.02428	0.01448	0.01060	0.01090	0.00358	0.01682	0.00870	0.00483	0.01652
27	0.01355	0.01044	0.01239	0.01395	0.01587	0.00929	0.00968	0.01587	0.02320	0.02941	0.08298	0.40015	0.25787	0.03254	0.01394	0.00426	0.00620	0.02868	0.01045	0.00929
28	0.02034	0.01837	0.02892	0.20614	0.10201	0.01979	0.05771	0.02844	0.06976	0.03388	0.09428	0.14650	0.09017	0.01867	0.01240	0.00384	0.01104	0.01697	0.00804	0.01272
29	0.03952	0.09679	0.08877	0.07833	0.08713	0.05893	0.02308	0.04515	0.02861	0.29353	0.03198	0.03132	0.02171	0.01227	0.01066	0.00334	0.01223	0.00984	0.00965	0.01717
30	0.16013	0.01795	0.02134	0.01722	0.02443	0.01695	0.01407	0.04534	0.02817	0.35552	0.03768	0.03537	0.02520	0.01314	0.00986	0.00332	0.00858	0.01021	0.13933	0.01621
31	0.01371	0.00979	0.01306	0.01567	0.01632	0.00914	0.01045	0.01567	0.02155	0.02873	0.06203	0.59710	0.07444	0.03526	0.01437	0.00457	0.00653	0.03200	0.01045	0.00914
32	0.03209	0.08841	0.14384	0.12424	0.04377	0.02366	0.07267	0.03937	0.02714	0.19953	0.06884	0.03458	0.02655	0.01261	0.01111	0.00347	0.01290	0.01084	0.00851	0.01586
33	0.03550	0.18131	0.14369	0.02920	0.08830	0.09289	0.02535	0.08713	0.02952	0.14712	0.02483	0.02588	0.01819	0.01146	0.01000	0.00314	0.01359	0.00864	0.00765	0.01660

[dist]
# distance from previous block
# <min> <max>
5	10

[block]
# block no. 7 follows, 11 sequences, length 39
# corresponding to MSA columns:
# 312-344,346-351
name=unknown_H
#
# <colnr> <probs for GDERKNQSTAVLIFYWHMCP>
#	G	D	E	R	K	N	Q	S	T	A	V	L	I	F	Y	W	H	M	C	P
0	0.11486	0.01641	0.01528	0.01626	0.01888	0.06932	0.01158	0.02138	0.02295	0.03207	0.05892	0.37304	0.13228	0.02805	0.01267	0.00411	0.00816	0.02428	0.00945	0.01006
1	0.09965	0.31897	0.11868	0.06580	0.03555	0.09601	0.02285	0.03620	0.02423	0.06394	0.01872	0.02142	0.01510	0.01050	0.00862	0.00292	0.01339	0.00716	0.00575	0.01452
2	0.52121	0.08833	0.02325	0.01735	0.02442	0.10554	0.01433	0.03489	0.02141	0.04461	0.01592	0.01855	0.01276	0.01053	0.00746	0.00328	0.01076	0.00626	0.00657	0.01255
3	0.02559	0.02322	0.03708	0.37193	0.19988	0.02664	0.03103	0.08450	0.02689	0.03587	0.02114	0.02906	0.01627	0.01117	0.01122	0.00359	0.01425	0.01002	0.00588	0.01476
4	0.01941	0.00999	0.01459	0.01459	0.01493	0.01013	0.00993	0.01590	0.01556	0.02166	0.02156	0.03548	0.02084	0.04035	0.07739	0.57735	0.01087	0.00999	0.05381	0.00566
5	0.02122	0.01864	0.03042	0.49593	0.06826	0.02292	0.02790	0.02839	0.02266	0.03065	0.02241	0.03173	0.01699	0.01152	0.01077	0.00359	0.01360	0.01007	0.10011	0.01221
6	0.38214	0.02149	0.02091	0.01780	0.02514	0.02333	0.01448	0.04425	0.11654	0.18762	0.02943	0.02839	0.02078	0.01234	0.00904	0.00355	0.00899	0.00881	0.00977	0.01521
7	0.01496	0.01147	0.01370	0.01314	0.01622	0.01021	0.00986	0.01936	0.02957	0.03969	0.37528	0.09303	0.26261	0.02504	0.01329	0.00364	0.00545	0.02161	0.01167	0.01021
8	0.02870	0.50903	0.14900	0.02163	0.03255	0.04114	0.02338	0.03406	0.02303	0.02817	0.01649	0.01911	0.01441	0.00983	0.00786	0.00262	0.01289	0.00644	0.00480	0.01485
9	0.07352	0.02954	0.15586	0.06536	0.03637	0.01963	0.02252	0.03664	0.02515	0.15322	0.02539	0.02708	0.01821	0.01059	0.00975	0.00285	0.01126	0.00838	0.00775	0.26094
10	0.12456	0.03778	0.19109	0.02808	0.03897	0.06150	0.08013	0.12639	0.06893	0.09796	0.02552	0.02711	0.01824	0.01181	0.01066	0.00351	0.01388	0.00951	0.00795	0.01644
11	0.02112	0.01310	0.01927	0.01837	0.02136	0.01443	0.01443	0.02519	0.02016	0.10174	0.03224	0.04335	0.02810	0.07408	0.47945	0.01595	0.02713	0.01195	0.00719	0.01138
12	0.02058	0.01561	0.02519	0.11046	0.03342	0.01530	0.08355	0.02489	0.02415	0.08393	0.05540	0.29409	0.11846	0.02446	0.01323	0.00410	0.00988	0.02239	0.00925	0.01165
13	0.33589	0.08677	0.09919	0.01856	0.02641	0.02379	0.01747	0.03329	0.02214	0.10019	0.02718	0.11457	0.02459	0.01480	0.00924	0.00356	0.00997	0.01120	0.00780	0.01341
14	0.02541	0.02725	0.10419	0.02631	0.03103	0.02725	0.02404	0.11142	0.02599	0.03705	0.02647	0.04251	0.02463	0.02839	0.10205	0.00641	0.23459	0.07447	0.00699	0.01356
15	0.02018	0.01192	0.01551	0.01552	0.01833	0.01076	0.01128	0.02350	0.02642	0.11584	0.18791	0.32024	0.12314	0.02788	0.01348	0.00404	0.00661	0.02473	0.01152	0.01118
16	0.01423	0.01017	0.01366	0.01627	0.01715	0.00959	0.01135	0.01657	0.02206	0.02932	0.06175	0.54173	0.07330	0.03477	0.01450	0.00464	0.00698	0.08223	0.01044	0.00929
17	0.12511	0.17071	0.27687	0.02519	0.03759	0.02992	0.02863	0.07066	0.02578	0.08236	0.02113	0.02319	0.01554	0.01091	0.00947	0.00327	0.01352	0.00787	0.00637	0.01590
18	0.01625	0.01245	0.01643	0.01764	0.01959	0.01263	0.01387	0.01984	0.02448	0.03243	0.12004	0.26342	0.13699	0.03021	0.01625	0.00457	0.05301	0.16967	0.01021	0.01003
19	0.01932	0.01208	0.01568	0.01549	0.01847	0.01101	0.01169	0.02336	0.02801	0.09673	0.26246	0.21750	0.13417	0.02644	0.01353	0.00397	0.00661	0.06073	0.01167	0.01109
20	0.01846	0.01276	0.01567	0.01621	0.01918	0.01213	0.01224	0.02422	0.06777	0.07119	0.12006	0.27061	0.17570	0.02847	0.01370	0.00423	0.00720	0.08815	0.01099	0.01106
21	0.02995	0.01580	0.02026	0.01804	0.02277	0.01491	0.01381	0.08564	0.03077	0.21046	0.14148	0.24363	0.05838	0.02318	0.01277	0.00387	0.00800	0.02024	0.01209	0.01397
22	0.03768	0.03036	0.02979	0.02466	0.03226	0.09259	0.01969	0.24255	0.22412	0.09386	0.03440	0.03281	0.02507	0.01399	0.01121	0.00350	0.01177	0.01087	0.01090	0.01792
23	0.04708	0.01815	0.02431	0.01892	0.02693	0.01584	0.01554	0.05154	0.03122	0.48419	0.04351	0.03873	0.02798	0.01384	0.01092	0.00338	0.00908	0.01122	0.08947	0.01815
24	0.02362	0.02510	0.07999	0.03419	0.08994	0.02187	0.19227	0.06398	0.02885	0.04008	0.17055	0.04868	0.04503	0.06552	0.01652	0.00424	0.01305	0.01464	0.00806	0.01382
25	0.12994	0.03484	0.19158	0.03381	0.04498	0.02517	0.22794	0.03371	0.02518	0.03933	0.08042	0.03283	0.02597	0.01158	0.01151	0.00365	0.01503	0.01152	0.00641	0.01458
26	0.03023	0.03760	0.16788	0.02922	0.03767	0.11205	0.07515	0.10251	0.02901	0.07146	0.02670	0.09180	0.02326	0.01548	0.01520	0.00376	0.09671	0.01209	0.00727	0.01495
27	0.68395	0.02177	0.01654	0.01480	0.02177	0.02525	0.01219	0.03309	0.01915	0.05050	0.01567	0.01828	0.01219	0.01045	0.00697	0.00348	0.00871	0.00609	0.00697	0.01219
28	0.02091	0.01498	0.02260	0.02627	0.09527	0.01612	0.01776	0.02174	0.02011	0.02740	0.03186	0.06142	0.03301	0.03007	0.02939	0.28677	0.07689	0.15133	0.00672	0.00937
29	0.03217	0.02226	0.02618	0.02020	0.02854	0.02121	0.01638	0.17498	0.03294	0.11844	0.02716	0.02969	0.02072	0.02188	0.09050	0.00486	0.01296	0.00919	0.00903	0.28071
30	0.01780	0.09943	0.02090	0.01634	0.01885	0.01627	0.01197	0.02259	0.06456	0.03026	0.08087	0.37035	0.06034	0.09482	0.01796	0.00486	0.00797	0.02396	0.00942	0.01050
31	0.15953	0.12658	0.02744	0.01821	0.02448	0.02687	0.01483	0.10850	0.12282	0.04228	0.03769	0.04284	0.08214	0.10089	0.01669	0.00446	0.00991	0.01158	0.00853	0.01372
32	0.08924	0.02449	0.06703	0.09100	0.09474	0.02242	0.02202	0.10922	0.03114	0.24573	0.03175	0.03205	0.02174	0.01253	0.01067	0.00343	0.01124	0.01015	0.05247	0.01693
33	0.01623	0.01285	0.01808	0.02266	0.09221	0.01209	0.01379	0.01972	0.02491	0.03373	0.16506	0.34288	0.12677	0.02806	0.01353	0.00407	0.00717	0.02524	0.01016	0.01078
34	0.02646	0.08377	0.03080	0.13625	0.03881	0.02313	0.01891	0.09764	0.02745	0.03896	0.02058	0.02473	0.01645	0.00984	0.00926	0.00243	0.01072	0.00781	0.00680	0.36921
35	0.16563	0.04306	0.32918	0.02625	0.03904	0.02500	0.03043	0.03943	0.06633	0.09834	0.02427	0.02587	0.01714	0.01141	0.01005	0.00356	0.01348	0.00858	0.00686	0.01609
36	0.08160	0.19723	0.03750	0.02556	0.08791	0.02799	0.01933	0.04527	0.08350	0.23870	0.03134	0.03013	0.02238	0.01211	0.00980	0.00318	0.01062	0.00940	0.00948	0.01697
37	0.02777	0.09799	0.16294	0.06412	0.07191	0.02228	0.02415	0.03492	0.02700	0.13339	0.13164	0.03932	0.03681	0.01359	0.01084	0.00325	0.01134	0.01128	0.00836	0.06710
38	0.11745	0.01355	0.01615	0.01526	0.01884	0.01315	0.01151	0.02576	0.02787	0.10100	0.29809	0.17696	0.07651	0.02268	0.01235	0.00374	0.00657	0.01965	0.01137	0.01154

[dist]
# distance from previous block
# <min> <max>
0	5

[block]
# block no. 8 follows, 11 sequences, length 8
# corresponding to MSA columns:
# 357-364
name=unknown_I
#
# <colnr> <probs for GDERKNQSTAVLIFYWHMCP>
#	G	D	E	R	K	N	Q	S	T	A	V	L	I	F	Y	W	H	M	C	P
0	0.03345	0.01700	0.02125	0.01812	0.02395	0.01636	0.01428	0.04314	0.12194	0.25870	0.15205	0.08704	0.04962	0.01755	0.01167	0.00355	0.00791	0.01490	0.07195	0.01556
1	0.03146	0.07635	0.18236	0.07099	0.03587	0.02131	0.02369	0.03781	0.02508	0.20558	0.03104	0.03835	0.02408	0.12475	0.01955	0.00486	0.01261	0.01085	0.00832	0.01510
2	0.04178	0.02989	0.12823	0.02731	0.07194	0.02319	0.02373	0.14724	0.03468	0.30361	0.03421	0.03226	0.02259	0.01293	0.01117	0.00346	0.01183	0.01039	0.01097	0.01857
3	0.01541	0.01086	0.01428	0.01639	0.01744	0.01050	0.01183	0.01786	0.02174	0.02875	0.05632	0.37106	0.06546	0.14244	0.02285	0.00594	0.00839	0.14372	0.00974	0.00903
4	0.03122	0.02526	0.07784	0.18491	0.04738	0.02407	0.06565	0.04534	0.16207	0.16675	0.03370	0.03495	0.02380	0.01285	0.01146	0.00369	0.01241	0.01124	0.00912	0.01629
5	0.07350	0.03619	0.21408	0.02618	0.03806	0.02410	0.05700	0.11450	0.02988	0.12834	0.02528	0.02678	0.01786	0.01120	0.01041	0.00319	0.01290	0.00902	0.00794	0.13359
6	0.02804	0.34211	0.05055	0.03136	0.12633	0.03575	0.06367	0.03281	0.02329	0.03074	0.01916	0.02376	0.01665	0.01090	0.01120	0.00295	0.06302	0.00817	0.06493	0.01461
7	0.49252	0.08274	0.02641	0.02558	0.12000	0.02750	0.01716	0.03343	0.02076	0.04544	0.01672	0.02008	0.01349	0.01028	0.00779	0.00335	0.00993	0.00684	0.00648	0.01349

[dist]
# distance from previous block
# <min> <max>
0	2

[block]
# block no. 9 follows, 11 sequences, length 18
# corresponding to MSA columns:
# 367-384
name=unknown_J
#
# <colnr> <probs for GDERKNQSTAVLIFYWHMCP>
#	G	D	E	R	K	N	Q	S	T	A	V	L	I	F	Y	W	H	M	C	P
0	0.01767	0.01303	0.01629	0.01590	0.01767	0.01416	0.01119	0.02358	0.08025	0.02872	0.08110	0.05995	0.04157	0.28679	0.23094	0.01196	0.01716	0.01472	0.00763	0.00972
1	0.02824	0.10373	0.03083	0.02104	0.02766	0.07430	0.01745	0.03203	0.02378	0.08316	0.02824	0.03119	0.05935	0.01366	0.01563	0.00299	0.14182	0.00925	0.00699	0.24867
2	0.02597	0.02301	0.07786	0.01922	0.02881	0.01610	0.01731	0.03176	0.02481	0.09896	0.02809	0.03843	0.02393	0.01217	0.00987	0.00254	0.00962	0.06492	0.00784	0.43877
3	0.03544	0.08455	0.19257	0.10011	0.04206	0.06434	0.02698	0.04276	0.02744	0.23132	0.02904	0.02955	0.01971	0.01201	0.01068	0.00341	0.01354	0.00944	0.00846	0.01660
4	0.01609	0.01176	0.01527	0.01511	0.01786	0.01095	0.01181	0.02115	0.03018	0.04164	0.40286	0.09427	0.13833	0.02502	0.01370	0.00387	0.00628	0.10155	0.01183	0.01047
5	0.02968	0.01804	0.02167	0.01918	0.02462	0.01842	0.01487	0.04397	0.20656	0.18216	0.15810	0.12126	0.05412	0.01922	0.01220	0.00376	0.00797	0.01654	0.01223	0.01543
6	0.07296	0.09263	0.03056	0.12555	0.03636	0.02115	0.06804	0.02828	0.02447	0.06780	0.07199	0.15650	0.04231	0.01986	0.01212	0.00394	0.01109	0.09379	0.00831	0.01231
7	0.02543	0.02639	0.02852	0.02554	0.02669	0.12520	0.02008	0.02760	0.02038	0.02673	0.02384	0.10277	0.02556	0.09282	0.03165	0.00525	0.33518	0.01300	0.00602	0.01136
8	0.02052	0.01332	0.01458	0.01389	0.01694	0.01380	0.01029	0.03014	0.11543	0.04159	0.16188	0.05588	0.05058	0.07803	0.01507	0.00394	0.00653	0.01400	0.31208	0.01149
9	0.01371	0.00979	0.01306	0.01567	0.01632	0.00914	0.01045	0.01567	0.02155	0.02873	0.06203	0.59710	0.07444	0.03526	0.01437	0.00457	0.00653	0.03200	0.01045	0.00914
10	0.07393	0.02623	0.08064	0.20259	0.11033	0.02624	0.02681	0.07607	0.06353	0.10644	0.02522	0.02959	0.01865	0.01271	0.01353	0.00372	0.07100	0.00996	0.00741	0.01540
11	0.03421	0.02442	0.09116	0.02702	0.09328	0.01972	0.02101	0.07376	0.06306	0.23537	0.14824	0.04511	0.04266	0.01517	0.01167	0.00350	0.01011	0.01286	0.01102	0.01663
12	0.01619	0.01162	0.01586	0.01586	0.01711	0.01286	0.01130	0.01867	0.01743	0.02448	0.03218	0.05548	0.03303	0.28339	0.36756	0.01534	0.02279	0.01371	0.00633	0.00881
13	0.37063	0.01958	0.01959	0.01636	0.02354	0.02035	0.01341	0.04074	0.02465	0.23877	0.02894	0.02847	0.01997	0.01207	0.00874	0.00339	0.00868	0.00857	0.07887	0.01469
14	0.03042	0.02717	0.09319	0.06958	0.07711	0.02550	0.02294	0.11340	0.11855	0.10917	0.03076	0.03690	0.02442	0.08893	0.01977	0.00464	0.07193	0.01129	0.00866	0.01569
15	0.02899	0.02210	0.02930	0.14124	0.09026	0.02183	0.02090	0.07629	0.08945	0.10204	0.02704	0.02974	0.02029	0.01114	0.01025	0.00292	0.01081	0.00935	0.00811	0.24796
16	0.03256	0.02983	0.03070	0.02558	0.03113	0.18913	0.07657	0.03716	0.02979	0.12567	0.16561	0.04306	0.04290	0.01577	0.01435	0.00350	0.07138	0.01266	0.00900	0.01365
17	0.18158	0.17504	0.03395	0.02469	0.09029	0.02806	0.01813	0.08257	0.02736	0.10375	0.06798	0.06780	0.02842	0.01369	0.00960	0.00325	0.01022	0.01062	0.00824	0.01475

[dist]
# distance from previous block
# <min> <max>
0	43

[block]
# block no. 10 follows, 11 sequences, length 8
# corresponding to MSA columns:
# 428-435
name=unknown_K
#
# <colnr> <probs for GDERKNQSTAVLIFYWHMCP>
#	G	D	E	R	K	N	Q	S	T	A	V	L	I	F	Y	W	H	M	C	P
0	0.15964	0.08197	0.12271	0.02197	0.03091	0.07330	0.02087	0.09241	0.02971	0.14703	0.08605	0.03260	0.02843	0.01313	0.01013	0.00335	0.01171	0.00989	0.00887	0.01535
1	0.08823	0.14666	0.03471	0.12287	0.03829	0.07444	0.02006	0.11488	0.02912	0.06632	0.02103	0.02421	0.01636	0.01081	0.00935	0.00286	0.01216	0.00800	0.00712	0.15251
2	0.31152	0.02067	0.02313	0.07350	0.08835	0.02254	0.01724	0.03778	0.06580	0.12248	0.02631	0.02847	0.01946	0.01175	0.00903	0.00342	0.00958	0.00883	0.08589	0.01427
