[name]
unknown

[dist]
# distance from previous block
# <min> <max>
0	24

[block]
# block no. 0 follows, 13 sequences, length 64
# corresponding to MSA columns:
# 24-87
name=unknown_A
#
# <colnr> <probs for GDERKNQSTAVLIFYWHMCP>
#	G	D	E	R	K	N	Q	S	T	A	V	L	I	F	Y	W	H	M	C	P
0	0.02498	0.06627	0.06586	0.10399	0.07701	0.02036	0.02080	0.03436	0.10333	0.11182	0.08154	0.05670	0.03781	0.01686	0.01145	0.00368	0.01039	0.13051	0.00870	0.01358
1	0.02411	0.07419	0.07503	0.01802	0.02371	0.06384	0.01571	0.02851	0.02356	0.11234	0.10659	0.04506	0.07202	0.07317	0.14375	0.00666	0.01422	0.01184	0.00780	0.05989
2	0.08536	0.02827	0.15045	0.02401	0.03215	0.02256	0.06278	0.03644	0.09482	0.11918	0.06406	0.03107	0.02461	0.01285	0.01365	0.00339	0.09718	0.00991	0.00764	0.07963
3	0.09422	0.01929	0.06696	0.06574	0.02850	0.01614	0.01661	0.03441	0.02527	0.23078	0.10840	0.07978	0.03563	0.01911	0.05022	0.00418	0.01034	0.01212	0.00950	0.07280
4	0.03209	0.02413	0.03170	0.07141	0.10956	0.02698	0.02202	0.19191	0.03090	0.11589	0.02305	0.02633	0.01747	0.01311	0.01613	0.00342	0.15471	0.00931	0.00794	0.07193
5	0.06918	0.01900	0.03139	0.27702	0.04893	0.02178	0.10345	0.02617	0.02119	0.02968	0.02934	0.04072	0.06384	0.02012	0.06823	0.00499	0.06344	0.04418	0.00580	0.01152
6	0.70310	0.02045	0.01554	0.01390	0.02045	0.02372	0.01145	0.03108	0.01799	0.04744	0.01472	0.01718	0.01145	0.00981	0.00654	0.00327	0.00818	0.00573	0.00654	0.01145
7	0.01944	0.01763	0.02853	0.42649	0.05763	0.02182	0.02584	0.02553	0.02088	0.02737	0.02450	0.04199	0.02179	0.01910	0.05640	0.00482	0.06399	0.07948	0.00550	0.01127
8	0.01276	0.01059	0.01117	0.01129	0.01451	0.00900	0.00837	0.01559	0.02434	0.02976	0.14618	0.14278	0.47363	0.02681	0.01258	0.00361	0.00538	0.02265	0.00999	0.00900
9	0.02574	0.20011	0.03555	0.02353	0.06675	0.02655	0.05369	0.13759	0.02957	0.03909	0.12367	0.12439	0.03936	0.01586	0.01039	0.00313	0.01000	0.01350	0.00810	0.01342
10	0.02038	0.01890	0.03258	0.50586	0.06633	0.02265	0.07049	0.02741	0.02156	0.02863	0.02031	0.02914	0.01533	0.01057	0.01048	0.00344	0.01367	0.00970	0.06076	0.01181
11	0.01271	0.00988	0.01156	0.01291	0.01486	0.00874	0.00901	0.01493	0.02199	0.02770	0.08039	0.38615	0.29103	0.03025	0.01304	0.00397	0.00578	0.02655	0.00982	0.00874
12	0.02121	0.05469	0.57364	0.03014	0.04576	0.02455	0.03906	0.03348	0.02232	0.03348	0.01897	0.02232	0.01339	0.01005	0.01005	0.00335	0.01563	0.00781	0.00446	0.01563
13	0.01548	0.01054	0.01336	0.01292	0.01525	0.00984	0.00959	0.02020	0.02800	0.04069	0.43961	0.11834	0.08674	0.02122	0.01182	0.00328	0.00507	0.01869	0.10954	0.00984
14	0.02509	0.18413	0.32064	0.02788	0.03999	0.07576	0.07759	0.03541	0.05941	0.03164	0.01968	0.02260	0.01503	0.01008	0.00953	0.00308	0.01462	0.00796	0.00508	0.01481
15	0.03853	0.10324	0.03267	0.02592	0.03217	0.44898	0.02015	0.11557	0.03218	0.03203	0.01757	0.01983	0.01428	0.01099	0.00943	0.00275	0.01718	0.00711	0.00615	0.01326
16	0.01538	0.01025	0.01153	0.01153	0.01153	0.01025	0.00641	0.01538	0.01538	0.02050	0.03331	0.06919	0.03844	0.62842	0.05382	0.01025	0.01025	0.01538	0.00641	0.00641
17	0.02617	0.02512	0.04292	0.06490	0.56246	0.02512	0.03245	0.03245	0.02407	0.03454	0.01989	0.02617	0.01675	0.00942	0.01047	0.00314	0.01256	0.00942	0.00523	0.01675
18	0.04019	0.02962	0.03173	0.02433	0.03279	0.03279	0.02010	0.52721	0.04971	0.06663	0.02538	0.02538	0.01798	0.01269	0.01058	0.00317	0.01163	0.00952	0.01058	0.01798
19	0.01510	0.01133	0.01699	0.01699	0.01888	0.01322	0.01322	0.01888	0.01699	0.02454	0.02832	0.04154	0.02643	0.07930	0.58652	0.01699	0.02832	0.01133	0.00566	0.00944
20	0.02270	0.02158	0.03665	0.36562	0.28882	0.02421	0.03072	0.02941	0.02244	0.03034	0.01928	0.02730	0.01526	0.01006	0.01053	0.00335	0.01342	0.00941	0.00493	0.01395
21	0.70310	0.02045	0.01554	0.01390	0.02045	0.02372	0.01145	0.03108	0.01799	0.04744	0.01472	0.01718	0.01145	0.00981	0.00654	0.00327	0.00818	0.00573	0.00654	0.01145
22	0.02263	0.02166	0.03334	0.17036	0.12113	0.02636	0.05782	0.02958	0.06966	0.02918	0.02087	0.03052	0.01830	0.06423	0.02298	0.00442	0.22849	0.01029	0.00552	0.01266
23	0.02693	0.03017	0.04734	0.03612	0.04328	0.11364	0.29157	0.03550	0.07357	0.03184	0.02109	0.02697	0.01677	0.01178	0.01659	0.00366	0.14296	0.01087	0.00573	0.01362
24	0.01788	0.01534	0.02253	0.10641	0.07224	0.01559	0.05085	0.02489	0.06867	0.03518	0.24064	0.06353	0.14249	0.06031	0.01475	0.00390	0.00856	0.01612	0.00891	0.01123
25	0.01250	0.01071	0.01071	0.01071	0.01428	0.00893	0.00803	0.01517	0.02410	0.02856	0.10711	0.10175	0.55817	0.02678	0.01250	0.00357	0.00536	0.02231	0.00982	0.00893
26	0.70310	0.02045	0.01554	0.01390	0.02045	0.02372	0.01145	0.03108	0.01799	0.04744	0.01472	0.01718	0.01145	0.00981	0.00654	0.00327	0.00818	0.00573	0.00654	0.01145
27	0.02192	0.01879	0.02192	0.01566	0.02506	0.01409	0.01253	0.02662	0.02192	0.03445	0.01879	0.02192	0.01566	0.00783	0.00783	0.00157	0.00783	0.00626	0.00626	0.69305
28	0.01538	0.01025	0.01153	0.01153	0.01153	0.01025	0.00641	0.01538	0.01538	0.02050	0.03331	0.06919	0.03844	0.62842	0.05382	0.01025	0.01025	0.01538	0.00641	0.00641
29	0.02356	0.02213	0.03656	0.09823	0.38211	0.02351	0.02794	0.02921	0.02290	0.03276	0.06027	0.03134	0.02332	0.01737	0.06294	0.00453	0.07068	0.01030	0.00565	0.01469
30	0.02816	0.23033	0.04412	0.03053	0.12097	0.03064	0.09336	0.10516	0.06175	0.03650	0.02057	0.02360	0.01665	0.00981	0.00919	0.00272	0.01183	0.00834	0.00630	0.10947
31	0.01538	0.01025	0.01153	0.01153	0.01153	0.01025	0.00641	0.01538	0.01538	0.02050	0.03331	0.06919	0.03844	0.62842	0.05382	0.01025	0.01025	0.01538	0.00641	0.00641
32	0.02630	0.02271	0.02391	0.02152	0.02749	0.02630	0.01674	0.05618	0.54336	0.04423	0.04303	0.03945	0.03228	0.01434	0.01076	0.00359	0.00837	0.01195	0.01076	0.01674
33	0.03952	0.02342	0.02701	0.02150	0.02924	0.02454	0.01751	0.22682	0.16525	0.25462	0.03606	0.03297	0.02469	0.01326	0.01064	0.00331	0.00981	0.01055	0.01159	0.01768
34	0.01379	0.01076	0.01250	0.01206	0.01507	0.00947	0.00905	0.01767	0.02715	0.03579	0.34212	0.08985	0.31865	0.02408	0.01248	0.00344	0.00516	0.02065	0.01077	0.00947
35	0.01288	0.01073	0.01125	0.01112	0.01452	0.00909	0.00834	0.01592	0.02502	0.03074	0.17780	0.09817	0.48612	0.02597	0.01249	0.00353	0.00530	0.02181	0.01010	0.00909
36	0.70310	0.02045	0.01554	0.01390	0.02045	0.02372	0.01145	0.03108	0.01799	0.04744	0.01472	0.01718	0.01145	0.00981	0.00654	0.00327	0.00818	0.00573	0.00654	0.01145
37	0.02414	0.01872	0.02215	0.01593	0.02522	0.01422	0.01279	0.02878	0.02265	0.08091	0.02078	0.02314	0.01657	0.00829	0.00807	0.00171	0.00793	0.00664	0.00686	0.63448
38	0.03950	0.05039	0.02996	0.02724	0.03269	0.58597	0.02043	0.04222	0.02996	0.02588	0.01634	0.01907	0.01362	0.01090	0.00953	0.00272	0.01907	0.00681	0.00545	0.01226
39	0.70310	0.02045	0.01554	0.01390	0.02045	0.02372	0.01145	0.03108	0.01799	0.04744	0.01472	0.01718	0.01145	0.00981	0.00654	0.00327	0.00818	0.00573	0.00654	0.01145
40	0.04019	0.02962	0.03173	0.02433	0.03279	0.03279	0.02010	0.52721	0.04971	0.06663	0.02538	0.02538	0.01798	0.01269	0.01058	0.00317	0.01163	0.00952	0.01058	0.01798
41	0.70310	0.02045	0.01554	0.01390	0.02045	0.02372	0.01145	0.03108	0.01799	0.04744	0.01472	0.01718	0.01145	0.00981	0.00654	0.00327	0.00818	0.00573	0.00654	0.01145
42	0.02617	0.02512	0.04292	0.06490	0.56246	0.02512	0.03245	0.03245	0.02407	0.03454	0.01989	0.02617	0.01675	0.00942	0.01047	0.00314	0.01256	0.00942	0.00523	0.01675
43	0.04019	0.02962	0.03173	0.02433	0.03279	0.03279	0.02010	0.52721	0.04971	0.06663	0.02538	0.02538	0.01798	0.01269	0.01058	0.00317	0.01163	0.00952	0.01058	0.01798
44	0.03950	0.05039	0.02996	0.02724	0.03269	0.58597	0.02043	0.04222	0.02996	0.02588	0.01634	0.01907	0.01362	0.01090	0.00953	0.00272	0.01907	0.00681	0.00545	0.01226
45	0.01340	0.00960	0.01273	0.01437	0.01545	0.00893	0.00986	0.01603	0.02266	0.03083	0.18254	0.48631	0.07736	0.03026	0.01324	0.00405	0.00585	0.02733	0.01027	0.00893
46	0.01704	0.01217	0.01704	0.01947	0.02191	0.01217	0.01704	0.02191	0.02434	0.03164	0.05598	0.11926	0.06085	0.02921	0.01460	0.00487	0.00974	0.49130	0.00974	0.00974
47	0.02827	0.63478	0.05540	0.01809	0.02714	0.04184	0.01809	0.03166	0.02148	0.02488	0.01470	0.01696	0.01357	0.00905	0.00678	0.00226	0.01131	0.00565	0.00452	0.01357
48	0.04744	0.01799	0.02454	0.01881	0.02699	0.01554	0.01554	0.05153	0.03026	0.56979	0.04171	0.03599	0.02617	0.01309	0.01063	0.00327	0.00900	0.01063	0.01309	0.01799
49	0.01270	0.01072	0.01100	0.01093	0.01441	0.00901	0.00820	0.01557	0.02459	0.02972	0.14466	0.09985	0.51991	0.02635	0.01249	0.00355	0.00532	0.02205	0.00997	0.00901
50	0.04019	0.02962	0.03173	0.02433	0.03279	0.03279	0.02010	0.52721	0.04971	0.06663	0.02538	0.02538	0.01798	0.01269	0.01058	0.00317	0.01163	0.00952	0.01058	0.01798
51	0.01538	0.01025	0.01153	0.01153	0.01153	0.01025	0.00641	0.01538	0.01538	0.02050	0.03331	0.06919	0.03844	0.62842	0.05382	0.01025	0.01025	0.01538	0.00641	0.00641
52	0.01496	0.01081	0.01413	0.01330	0.01580	0.00998	0.00998	0.01995	0.02993	0.04240	0.55689	0.07898	0.09976	0.02162	0.01247	0.00333	0.00499	0.01912	0.01164	0.00998
53	0.01288	0.00920	0.01227	0.01472	0.01534	0.00859	0.00981	0.01472	0.02024	0.02699	0.05828	0.62152	0.06993	0.03312	0.01350	0.00429	0.00613	0.03006	0.00981	0.00859
54	0.70310	0.02045	0.01554	0.01390	0.02045	0.02372	0.01145	0.03108	0.01799	0.04744	0.01472	0.01718	0.01145	0.00981	0.00654	0.00327	0.00818	0.00573	0.00654	0.01145
55	0.01479	0.01080	0.01389	0.01312	0.01569	0.00990	0.00984	0.01961	0.02951	0.04141	0.52464	0.08061	0.13262	0.02199	0.01247	0.00334	0.00501	0.01935	0.01151	0.00990
56	0.02254	0.02248	0.04130	0.35124	0.18190	0.02461	0.14301	0.02983	0.02269	0.03032	0.01964	0.02780	0.01515	0.00993	0.01098	0.00344	0.01459	0.01011	0.00497	0.01347
57	0.03138	0.02524	0.02677	0.02255	0.02943	0.02867	0.01797	0.22861	0.36265	0.05243	0.03657	0.03430	0.02704	0.01374	0.01069	0.00343	0.00956	0.01106	0.01069	0.01719
58	0.04374	0.02133	0.02489	0.01989	0.02753	0.06391	0.01611	0.05143	0.10422	0.44936	0.03982	0.03510	0.02602	0.01309	0.01056	0.00327	0.00973	0.01051	0.01212	0.01734
59	0.02478	0.02800	0.05951	0.04295	0.05262	0.02728	0.47603	0.03306	0.02412	0.03306	0.02067	0.02800	0.01584	0.00983	0.01461	0.00367	0.07452	0.01217	0.00528	0.01400
60	0.01288	0.00920	0.01227	0.01472	0.01534	0.00859	0.00981	0.01472	0.02024	0.02699	0.05828	0.62152	0.06993	0.03312	0.01350	0.00429	0.00613	0.03006	0.00981	0.00859
61	0.01997	0.01879	0.03171	0.60301	0.07282	0.02349	0.02936	0.02701	0.02114	0.02701	0.01879	0.02819	0.01409	0.01057	0.01057	0.00352	0.01409	0.00940	0.00470	0.01175
62	0.70310	0.02045	0.01554	0.01390	0.02045	0.02372	0.01145	0.03108	0.01799	0.04744	0.01472	0.01718	0.01145	0.00981	0.00654	0.00327	0.00818	0.00573	0.00654	0.01145
63	0.03486	0.02713	0.02957	0.02381	0.03088	0.03092	0.01939	0.35275	0.18663	0.05691	0.02943	0.02918	0.02169	0.01364	0.01261	0.00341	0.05975	0.01019	0.01014	0.01710

[dist]
# distance from previous block
# <min> <max>
0	1

[block]
# block no. 1 follows, 13 sequences, length 10
# corresponding to MSA columns:
# 89-98
name=unknown_B
#
# <colnr> <probs for GDERKNQSTAVLIFYWHMCP>
#	G	D	E	R	K	N	Q	S	T	A	V	L	I	F	Y	W	H	M	C	P
0	0.01336	0.00940	0.01213	0.01411	0.01461	0.00891	0.00916	0.01485	0.01931	0.02575	0.05350	0.51580	0.06390	0.14707	0.02121	0.00543	0.00692	0.02725	0.00916	0.00817
1	0.02643	0.02443	0.03982	0.15695	0.42333	0.02558	0.03069	0.07984	0.02606	0.03634	0.02023	0.02645	0.01639	0.00995	0.01050	0.00321	0.01274	0.00943	0.00566	0.01598
2	0.02433	0.31104	0.34463	0.02481	0.03753	0.03219	0.02980	0.03268	0.02195	0.02968	0.01709	0.01995	0.01347	0.00960	0.00860	0.00287	0.01372	0.00686	0.00449	0.01472
3	0.01288	0.00920	0.01227	0.01472	0.01534	0.00859	0.00981	0.01472	0.02024	0.02699	0.05828	0.62152	0.06993	0.03312	0.01350	0.00429	0.00613	0.03006	0.00981	0.00859
4	0.01333	0.00989	0.01244	0.01360	0.01525	0.00900	0.00951	0.01612	0.02341	0.03115	0.19253	0.38613	0.17086	0.02903	0.01305	0.00391	0.00570	0.02584	0.01027	0.00900
5	0.01510	0.01133	0.01699	0.01699	0.01888	0.01322	0.01322	0.01888	0.01699	0.02454	0.02832	0.04154	0.02643	0.07930	0.58652	0.01699	0.02832	0.01133	0.00566	0.00944
6	0.03174	0.02068	0.02465	0.02075	0.02595	0.02279	0.01643	0.13379	0.15711	0.17398	0.03551	0.08014	0.02890	0.07571	0.01840	0.00428	0.09180	0.01248	0.00997	0.01496
7	0.02658	0.14464	0.02770	0.01941	0.02379	0.22770	0.01512	0.02955	0.02483	0.02789	0.12327	0.04005	0.03517	0.11490	0.07149	0.00528	0.01440	0.01070	0.00663	0.01090
8	0.16064	0.29475	0.03848	0.01936	0.02752	0.03454	0.01729	0.17651	0.06975	0.04276	0.02000	0.02119	0.01590	0.01066	0.00814	0.00282	0.01057	0.00728	0.00714	0.01468
9	0.10663	0.11296	0.06416	0.01709	0.02258	0.01918	0.01477	0.02953	0.05916	0.10809	0.12344	0.19784	0.04621	0.01885	0.01059	0.00343	0.00825	0.01589	0.00902	0.01232

[dist]
# distance from previous block
# <min> <max>
0	2

[block]
# block no. 2 follows, 13 sequences, length 18
# corresponding to MSA columns:
# 109-126
name=unknown_C
#
# <colnr> <probs for GDERKNQSTAVLIFYWHMCP>
#	G	D	E	R	K	N	Q	S	T	A	V	L	I	F	Y	W	H	M	C	P
0	0.03377	0.14775	0.03653	0.02358	0.03171	0.02972	0.06951	0.18456	0.16513	0.12518	0.02982	0.02922	0.02180	0.01206	0.01006	0.00315	0.01096	0.00984	0.00925	0.01640
1	0.09161	0.18006	0.11027	0.01977	0.02902	0.02502	0.01903	0.04012	0.07048	0.21083	0.02715	0.02651	0.01938	0.01094	0.00896	0.00289	0.01030	0.00823	0.00824	0.08120
2	0.08869	0.03530	0.18670	0.11404	0.04287	0.07560	0.06652	0.15276	0.02976	0.07718	0.02161	0.02463	0.01553	0.01093	0.01014	0.00328	0.01382	0.00876	0.00689	0.01499
3	0.02411	0.20754	0.22949	0.02658	0.08700	0.02758	0.02556	0.03351	0.06762	0.03264	0.02118	0.02402	0.01674	0.01006	0.00881	0.00281	0.01190	0.00775	0.06032	0.07480
4	0.02507	0.03282	0.13585	0.20212	0.13568	0.10233	0.15060	0.03277	0.02396	0.03085	0.01929	0.02566	0.01480	0.00994	0.01078	0.00333	0.01571	0.00951	0.00500	0.01390
5	0.02598	0.02066	0.02799	0.10644	0.12880	0.01887	0.01924	0.06676	0.02498	0.08246	0.02147	0.02503	0.01673	0.00931	0.00913	0.00239	0.00993	0.00788	0.00678	0.36918
6	0.02057	0.01941	0.03280	0.55092	0.12022	0.02365	0.02966	0.02754	0.02143	0.02774	0.01890	0.02799	0.01435	0.01046	0.01056	0.00349	0.01395	0.00940	0.00475	0.01223
7	0.03061	0.02595	0.03042	0.16687	0.10686	0.08303	0.02269	0.14119	0.16011	0.08235	0.02790	0.02986	0.02068	0.01204	0.01051	0.00332	0.01207	0.00990	0.00822	0.01544
8	0.40253	0.01932	0.01966	0.01615	0.02345	0.01997	0.01333	0.04045	0.02362	0.28689	0.02710	0.02580	0.01820	0.01131	0.00842	0.00327	0.00855	0.00797	0.00954	0.01445
9	0.06531	0.01645	0.02181	0.15463	0.03265	0.01898	0.01685	0.10321	0.02305	0.03274	0.02557	0.03888	0.02322	0.14078	0.23010	0.00956	0.01791	0.01090	0.00641	0.01098
10	0.01496	0.01081	0.01413	0.01330	0.01580	0.00998	0.00998	0.01995	0.02993	0.04240	0.55689	0.07898	0.09976	0.02162	0.01247	0.00333	0.00499	0.01912	0.01164	0.00998
11	0.02715	0.02452	0.03645	0.09226	0.34495	0.02605	0.02726	0.08803	0.14837	0.03950	0.02580	0.02936	0.02031	0.01100	0.01055	0.00328	0.01160	0.01002	0.00703	0.01648
12	0.01288	0.00920	0.01227	0.01472	0.01534	0.00859	0.00981	0.01472	0.02024	0.02699	0.05828	0.62152	0.06993	0.03312	0.01350	0.00429	0.00613	0.03006	0.00981	0.00859
13	0.02005	0.01360	0.01675	0.01501	0.01843	0.01335	0.01138	0.06520	0.06590	0.07925	0.40448	0.06824	0.07892	0.06450	0.01512	0.00384	0.00642	0.01699	0.01121	0.01138
14	0.01518	0.01102	0.01543	0.01543	0.01678	0.01237	0.01127	0.01788	0.01653	0.02339	0.02974	0.04942	0.02986	0.23591	0.43459	0.01507	0.02317	0.01248	0.00588	0.00857
15	0.06841	0.03311	0.25464	0.02581	0.03583	0.02012	0.10490	0.03133	0.02521	0.08440	0.16617	0.03946	0.03811	0.01324	0.01090	0.00336	0.01202	0.01172	0.00744	0.01381
16	0.02736	0.01692	0.02054	0.01741	0.02345	0.01577	0.01352	0.03695	0.13995	0.17839	0.08467	0.14876	0.03981	0.01669	0.01071	0.00314	0.00769	0.01434	0.01022	0.17371
17	0.09270	0.08159	0.28081	0.02674	0.03827	0.08236	0.07170	0.06591	0.02504	0.06774	0.01997	0.02267	0.01468	0.01015	0.00957	0.00309	0.01400	0.00795	0.00587	0.05918

[dist]
# distance from previous block
# <min> <max>
1	39

[block]
# block no. 3 follows, 13 sequences, length 13
# corresponding to MSA columns:
# 166-178
name=unknown_D
#
# <colnr> <probs for GDERKNQSTAVLIFYWHMCP>
#	G	D	E	R	K	N	Q	S	T	A	V	L	I	F	Y	W	H	M	C	P
0	0.02317	0.03776	0.26369	0.19621	0.04900	0.07946	0.03007	0.03378	0.06716	0.03183	0.02070	0.02515	0.01544	0.01045	0.01001	0.00320	0.01420	0.00839	0.00533	0.07502
1	0.02170	0.05159	0.52033	0.02930	0.04399	0.02472	0.03690	0.03569	0.07285	0.03453	0.02131	0.02398	0.01522	0.01046	0.01011	0.00337	0.01492	0.00821	0.00507	0.01573
2	0.01417	0.01058	0.01324	0.01356	0.01590	0.00965	0.01013	0.01798	0.02614	0.03519	0.30983	0.19910	0.19272	0.02580	0.01287	0.00371	0.00572	0.06358	0.01069	0.00943
3	0.02156	0.07286	0.02638	0.07790	0.02738	0.02312	0.01745	0.06381	0.02411	0.03444	0.15840	0.07990	0.04103	0.01767	0.01843	0.00365	0.20195	0.01296	0.06548	0.01152
4	0.01538	0.01025	0.01153	0.01153	0.01153	0.01025	0.00641	0.01538	0.01538	0.02050	0.03331	0.06919	0.03844	0.62842	0.05382	0.01025	0.01025	0.01538	0.00641	0.00641
5	0.03708	0.02991	0.09826	0.02376	0.03274	0.02796	0.02128	0.32013	0.11089	0.14353	0.02973	0.02870	0.02074	0.01265	0.01054	0.00327	0.01125	0.00982	0.01025	0.01751
6	0.01997	0.01879	0.03171	0.60301	0.07282	0.02349	0.02936	0.02701	0.02114	0.02701	0.01879	0.02819	0.01409	0.01057	0.01057	0.00352	0.01409	0.00940	0.00470	0.01175
7	0.02411	0.01798	0.02341	0.02035	0.02336	0.02110	0.01635	0.03224	0.11142	0.10949	0.21525	0.04745	0.04913	0.01817	0.01949	0.00380	0.21144	0.01340	0.00931	0.01275
8	0.01250	0.01071	0.01071	0.01071	0.01428	0.00893	0.00803	0.01517	0.02410	0.02856	0.10711	0.10175	0.55817	0.02678	0.01250	0.00357	0.00536	0.02231	0.00982	0.00893
9	0.02386	0.07923	0.11345	0.02588	0.09492	0.07601	0.02047	0.07921	0.06385	0.03723	0.14446	0.08882	0.07719	0.01601	0.01084	0.00325	0.01055	0.01339	0.00804	0.01334
10	0.02957	0.02264	0.02693	0.02010	0.02895	0.07260	0.05987	0.03432	0.02484	0.15153	0.02383	0.02533	0.01781	0.00939	0.00903	0.00224	0.01011	0.00784	0.00760	0.41547
11	0.03631	0.02529	0.02777	0.02244	0.02996	0.02772	0.01816	0.28198	0.22508	0.13784	0.03434	0.03214	0.02444	0.01335	0.01065	0.00334	0.01004	0.01057	0.01104	0.01753
12	0.44229	0.02405	0.02191	0.01800	0.02530	0.02729	0.01485	0.22628	0.03047	0.05499	0.01892	0.02041	0.01402	0.01095	0.00813	0.00323	0.00954	0.00722	0.00813	0.01402

[dist]
# distance from previous block
# <min> <max>
2	14

[block]
# block no. 4 follows, 13 sequences, length 92
# corresponding to MSA columns:
# 193-284
name=unknown_E
#
# <colnr> <probs for GDERKNQSTAVLIFYWHMCP>
#	G	D	E	R	K	N	Q	S	T	A	V	L	I	F	Y	W	H	M	C	P
0	0.02250	0.08123	0.27445	0.03131	0.04168	0.02646	0.15834	0.03112	0.02257	0.03239	0.06058	0.02810	0.02093	0.01193	0.01453	0.00353	0.10904	0.00998	0.00528	0.01404
1	0.01512	0.01125	0.01661	0.01661	0.01836	0.01301	0.01273	0.01863	0.01688	0.02426	0.02867	0.04349	0.02728	0.11817	0.54881	0.01652	0.02704	0.01161	0.00572	0.00923
2	0.02327	0.02518	0.08039	0.27050	0.29041	0.02458	0.07233	0.03052	0.02287	0.03147	0.01952	0.02686	0.01540	0.00987	0.01064	0.00334	0.01383	0.00954	0.00498	0.01451
3	0.01290	0.01053	0.01141	0.01161	0.01464	0.00903	0.00855	0.01580	0.02443	0.03034	0.16518	0.16691	0.42816	0.02687	0.01262	0.00363	0.00541	0.02288	0.01008	0.00903
4	0.03396	0.36716	0.04345	0.02161	0.02922	0.24566	0.01878	0.03715	0.02535	0.06641	0.01736	0.01919	0.01454	0.01005	0.00811	0.00251	0.01407	0.00647	0.00552	0.01341
5	0.20830	0.25911	0.07140	0.02054	0.02828	0.20004	0.01843	0.03481	0.02318	0.03167	0.01548	0.01801	0.01302	0.00987	0.00776	0.00274	0.01311	0.00616	0.00533	0.01275
6	0.02284	0.02527	0.08467	0.29665	0.22829	0.02459	0.10460	0.03035	0.02277	0.03103	0.01955	0.02709	0.01519	0.00990	0.01078	0.00339	0.01427	0.00973	0.00495	0.01408
7	0.02725	0.02238	0.02745	0.11434	0.03565	0.06617	0.06302	0.04212	0.22719	0.10967	0.07844	0.04212	0.06892	0.01427	0.01102	0.00344	0.01058	0.01230	0.00921	0.01446
8	0.01797	0.01128	0.01467	0.01404	0.01684	0.01048	0.01075	0.02264	0.02806	0.08176	0.38967	0.11646	0.08189	0.02160	0.01212	0.00344	0.00578	0.05742	0.07266	0.01047
9	0.11763	0.02353	0.02407	0.02097	0.02742	0.02700	0.01658	0.12868	0.39476	0.04826	0.03647	0.03425	0.02723	0.01348	0.01017	0.00348	0.00887	0.01074	0.01017	0.01624
10	0.02362	0.01250	0.01647	0.01511	0.01737	0.01221	0.01076	0.05981	0.02140	0.11672	0.07310	0.09446	0.03405	0.12045	0.03095	0.30237	0.00888	0.01309	0.00778	0.00891
11	0.02230	0.14470	0.49322	0.02827	0.04287	0.02724	0.03581	0.03320	0.02219	0.03215	0.01831	0.02149	0.01342	0.00989	0.00954	0.00318	0.01496	0.00748	0.00447	0.01531
12	0.03765	0.02697	0.11038	0.02418	0.03316	0.06504	0.08597	0.04353	0.02834	0.33774	0.07005	0.03463	0.02712	0.01251	0.01083	0.00328	0.01169	0.01074	0.01006	0.01611
13	0.01510	0.01133	0.01699	0.01699	0.01888	0.01322	0.01322	0.01888	0.01699	0.02454	0.02832	0.04154	0.02643	0.07930	0.58652	0.01699	0.02832	0.01133	0.00566	0.00944
14	0.03769	0.03600	0.02638	0.02286	0.02874	0.32212	0.01766	0.12273	0.03214	0.11250	0.02430	0.02569	0.01823	0.01173	0.00954	0.00284	0.01419	0.00828	0.11272	0.01367
15	0.02832	0.12951	0.16622	0.10481	0.07936	0.07178	0.06145	0.07512	0.07227	0.07824	0.02282	0.02560	0.01705	0.01074	0.00991	0.00315	0.01344	0.00878	0.00645	0.01499
16	0.02184	0.02070	0.03509	0.44056	0.22064	0.02398	0.03029	0.02865	0.02203	0.02929	0.01912	0.02758	0.01490	0.01022	0.01054	0.00341	0.01363	0.00940	0.00486	0.01326
17	0.01288	0.00920	0.01227	0.01472	0.01534	0.00859	0.00981	0.01472	0.02024	0.02699	0.05828	0.62152	0.06993	0.03312	0.01350	0.00429	0.00613	0.03006	0.00981	0.00859
18	0.13106	0.03077	0.15378	0.04291	0.28523	0.02469	0.02851	0.07257	0.02521	0.07766	0.02091	0.02460	0.01598	0.01014	0.00980	0.00322	0.01224	0.00860	0.00625	0.01588
19	0.19386	0.07465	0.08438	0.02578	0.03474	0.02883	0.12195	0.19035	0.06823	0.04753	0.02189	0.02414	0.01630	0.01083	0.00967	0.00325	0.01216	0.00893	0.00754	0.01501
20	0.01542	0.01158	0.01560	0.01574	0.01657	0.01298	0.01120	0.01743	0.01714	0.02390	0.03533	0.17924	0.03888	0.23638	0.23960	0.01089	0.07025	0.01663	0.00674	0.00849
21	0.61574	0.02439	0.01744	0.01566	0.02206	0.09774	0.01263	0.03255	0.01957	0.04460	0.01494	0.01742	0.01174	0.00996	0.00694	0.00320	0.00961	0.00587	0.00640	0.01156
22	0.01291	0.01073	0.01128	0.01114	0.01453	0.00910	0.00836	0.01597	0.02508	0.03088	0.18246	0.09794	0.48137	0.02591	0.01249	0.00353	0.00529	0.02178	0.01012	0.00910
23	0.01372	0.01034	0.01392	0.01579	0.01635	0.01054	0.01091	0.01560	0.01991	0.02686	0.05464	0.57252	0.06534	0.03193	0.01523	0.00432	0.05550	0.02835	0.00939	0.00883
24	0.01457	0.01067	0.01367	0.01318	0.01562	0.00977	0.00979	0.01909	0.02861	0.03988	0.47530	0.12547	0.13886	0.02303	0.01256	0.00343	0.00512	0.02031	0.01132	0.00977
25	0.02607	0.02539	0.04446	0.06329	0.52237	0.02525	0.07131	0.03256	0.02414	0.03449	0.02001	0.02635	0.01669	0.00938	0.01063	0.00317	0.01298	0.00966	0.00524	0.01655
26	0.09393	0.01660	0.02149	0.01719	0.02397	0.01498	0.01397	0.04285	0.02918	0.41012	0.15369	0.04398	0.04128	0.01471	0.01071	0.00328	0.00804	0.01211	0.01223	0.01568
27	0.01997	0.01879	0.03171	0.60301	0.07282	0.02349	0.02936	0.02701	0.02114	0.02701	0.01879	0.02819	0.01409	0.01057	0.01057	0.00352	0.01409	0.00940	0.00470	0.01175
28	0.03832	0.04792	0.02942	0.02673	0.03222	0.53600	0.02010	0.04347	0.07580	0.02752	0.01873	0.02089	0.01529	0.01120	0.00964	0.00280	0.01811	0.00727	0.00592	0.01266
29	0.01538	0.01025	0.01153	0.01153	0.01153	0.01025	0.00641	0.01538	0.01538	0.02050	0.03331	0.06919	0.03844	0.62842	0.05382	0.01025	0.01025	0.01538	0.00641	0.00641
30	0.01288	0.00920	0.01227	0.01472	0.01534	0.00859	0.00981	0.01472	0.02024	0.02699	0.05828	0.62152	0.06993	0.03312	0.01350	0.00429	0.00613	0.03006	0.00981	0.00859
31	0.01476	0.01080	0.01385	0.01309	0.01567	0.00989	0.00982	0.01956	0.02945	0.04127	0.52006	0.08084	0.13730	0.02204	0.01247	0.00335	0.00502	0.01938	0.01149	0.00989
32	0.01533	0.01042	0.01240	0.01240	0.01270	0.01072	0.00749	0.01593	0.01563	0.02114	0.03252	0.06481	0.03654	0.54145	0.13818	0.01132	0.01311	0.01473	0.00629	0.00689
33	0.02496	0.02852	0.06239	0.04456	0.05526	0.02674	0.52406	0.03387	0.02496	0.03387	0.02139	0.02852	0.01604	0.00891	0.01248	0.00357	0.01783	0.01248	0.00535	0.01426
34	0.70310	0.02045	0.01554	0.01390	0.02045	0.02372	0.01145	0.03108	0.01799	0.04744	0.01472	0.01718	0.01145	0.00981	0.00654	0.00327	0.00818	0.00573	0.00654	0.01145
35	0.02827	0.63478	0.05540	0.01809	0.02714	0.04184	0.01809	0.03166	0.02148	0.02488	0.01470	0.01696	0.01357	0.00905	0.00678	0.00226	0.01131	0.00565	0.00452	0.01357
36	0.01250	0.01071	0.01071	0.01071	0.01428	0.00893	0.00803	0.01517	0.02410	0.02856	0.10711	0.10175	0.55817	0.02678	0.01250	0.00357	0.00536	0.02231	0.00982	0.00893
37	0.02121	0.05469	0.57364	0.03014	0.04576	0.02455	0.03906	0.03348	0.02232	0.03348	0.01897	0.02232	0.01339	0.01005	0.01005	0.00335	0.01563	0.00781	0.00446	0.01563
38	0.04326	0.03065	0.02794	0.02272	0.03014	0.19250	0.01814	0.16534	0.03494	0.28172	0.03003	0.02826	0.02036	0.01233	0.01029	0.00308	0.01269	0.00920	0.01016	0.01625
39	0.01496	0.01081	0.01413	0.01330	0.01580	0.00998	0.00998	0.01995	0.02993	0.04240	0.55689	0.07898	0.09976	0.02162	0.01247	0.00333	0.00499	0.01912	0.01164	0.00998
40	0.04744	0.01799	0.02454	0.01881	0.02699	0.01554	0.01554	0.05153	0.03026	0.56979	0.04171	0.03599	0.02617	0.01309	0.01063	0.00327	0.00900	0.01063	0.01309	0.01799
41	0.03558	0.02550	0.04332	0.03174	0.04112	0.02468	0.24611	0.15626	0.03248	0.20873	0.02867	0.03011	0.01966	0.01111	0.01145	0.00338	0.01361	0.01120	0.00900	0.01631
42	0.02259	0.02048	0.03386	0.09496	0.35969	0.02082	0.02700	0.02827	0.02359	0.03269	0.03081	0.09396	0.03048	0.01576	0.01163	0.00364	0.01155	0.11751	0.00655	0.01414
43	0.03304	0.02685	0.03389	0.07798	0.03805	0.02960	0.08646	0.30444	0.16250	0.05340	0.02851	0.02943	0.02081	0.01240	0.01087	0.00336	0.01188	0.01048	0.00941	0.01664
44	0.02192	0.01879	0.02192	0.01566	0.02506	0.01409	0.01253	0.02662	0.02192	0.03445	0.01879	0.02192	0.01566	0.00783	0.00783	0.00157	0.00783	0.00626	0.00626	0.69305
45	0.02346	0.02006	0.03391	0.11848	0.28681	0.02022	0.06090	0.02877	0.02323	0.06951	0.03097	0.17579	0.03028	0.01571	0.01139	0.00352	0.01129	0.01487	0.00687	0.01396
46	0.17736	0.25476	0.26228	0.02216	0.03339	0.03056	0.02533	0.03229	0.02105	0.03354	0.01649	0.01924	0.01302	0.00964	0.00809	0.00294	0.01240	0.00657	0.00495	0.01395
47	0.01321	0.00944	0.01265	0.01510	0.01585	0.00887	0.01039	0.01529	0.02057	0.02736	0.05809	0.58182	0.06921	0.03282	0.01358	0.00434	0.00642	0.06652	0.00981	0.00868
48	0.02570	0.02155	0.02263	0.02046	0.02612	0.02481	0.01589	0.05332	0.49614	0.04379	0.04226	0.03945	0.03181	0.01416	0.01045	0.00348	0.00806	0.01176	0.07204	0.01611
49	0.03152	0.02645	0.07144	0.02327	0.03008	0.10173	0.05486	0.07663	0.10463	0.16967	0.03489	0.07742	0.02863	0.02021	0.05615	0.00453	0.01312	0.05111	0.00911	0.01454
50	0.01325	0.00947	0.01269	0.01515	0.01592	0.00891	0.01046	0.01536	0.02061	0.02741	0.05807	0.57667	0.06912	0.03278	0.01359	0.00435	0.00646	0.07124	0.00981	0.00869
51	0.01482	0.01046	0.01204	0.01184	0.01301	0.00997	0.00754	0.01647	0.02033	0.02715	0.17337	0.07675	0.13579	0.38436	0.03713	0.00749	0.00819	0.01739	0.00823	0.00768
52	0.02121	0.05469	0.57364	0.03014	0.04576	0.02455	0.03906	0.03348	0.02232	0.03348	0.01897	0.02232	0.01339	0.01005	0.01005	0.00335	0.01563	0.00781	0.00446	0.01563
53	0.02666	0.02651	0.05243	0.03850	0.04723	0.02653	0.37816	0.03589	0.06339	0.07742	0.02370	0.02925	0.01781	0.01093	0.01512	0.00368	0.09422	0.01186	0.00630	0.01440
54	0.01333	0.01063	0.01194	0.01184	0.01485	0.00924	0.00880	0.01670	0.02572	0.03296	0.25034	0.13173	0.37347	0.02555	0.01256	0.00354	0.00529	0.02183	0.01041	0.00924
55	0.04019	0.02962	0.03173	0.02433	0.03279	0.03279	0.02010	0.52721	0.04971	0.06663	0.02538	0.02538	0.01798	0.01269	0.01058	0.00317	0.01163	0.00952	0.01058	0.01798
56	0.70310	0.02045	0.01554	0.01390	0.02045	0.02372	0.01145	0.03108	0.01799	0.04744	0.01472	0.01718	0.01145	0.00981	0.00654	0.00327	0.00818	0.00573	0.00654	0.01145
57	0.04019	0.02962	0.03173	0.02433	0.03279	0.03279	0.02010	0.52721	0.04971	0.06663	0.02538	0.02538	0.01798	0.01269	0.01058	0.00317	0.01163	0.00952	0.01058	0.01798
58	0.03421	0.26687	0.15681	0.02101	0.03116	0.02778	0.02169	0.03982	0.02510	0.23960	0.02619	0.02557	0.01845	0.01084	0.00900	0.00289	0.01135	0.00807	0.00785	0.01575
59	0.03514	0.08454	0.19448	0.02178	0.03187	0.02024	0.02253	0.04174	0.02701	0.31510	0.07262	0.03345	0.02688	0.01246	0.01025	0.00321	0.01092	0.00998	0.00956	0.01624
60	0.01446	0.01077	0.01457	0.01560	0.01637	0.01148	0.01094	0.01649	0.01846	0.02530	0.04451	0.36132	0.05124	0.13647	0.15358	0.00819	0.05157	0.02205	0.00798	0.00864
61	0.02728	0.02169	0.03592	0.25368	0.29924	0.02301	0.02865	0.03349	0.02399	0.11657	0.02295	0.02846	0.01727	0.01042	0.01053	0.00330	0.01256	0.00960	0.00628	0.01512
62	0.07050	0.03418	0.21147	0.04432	0.25347	0.02438	0.09971	0.03427	0.02369	0.07383	0.02105	0.02539	0.01592	0.00984	0.01036	0.00328	0.01372	0.00917	0.00566	0.01579
63	0.02479	0.08789	0.20590	0.16158	0.09146	0.02573	0.10094	0.03485	0.06258	0.07080	0.02243	0.02665	0.01658	0.01040	0.01035	0.00332	0.01393	0.00930	0.00581	0.01472
64	0.01517	0.01109	0.01576	0.01576	0.01722	0.01255	0.01168	0.01809	0.01663	0.02363	0.02945	0.04777	0.02914	0.20301	0.46651	0.01547	0.02425	0.01224	0.00583	0.00876
65	0.02677	0.23793	0.28010	0.02489	0.03633	0.07138	0.02767	0.07600	0.06437	0.03370	0.01975	0.02190	0.01528	0.01033	0.00905	0.00295	0.01359	0.00750	0.00554	0.01500
66	0.02351	0.13383	0.27210	0.07583	0.03817	0.02454	0.02740	0.03324	0.06216	0.06964	0.02772	0.07750	0.02401	0.01380	0.01029	0.00340	0.01256	0.04971	0.00642	0.01418
67	0.02922	0.01588	0.01830	0.01690	0.02104	0.05524	0.01270	0.03228	0.02513	0.24407	0.04654	0.29464	0.04470	0.02174	0.01155	0.00362	0.00815	0.01889	0.06670	0.01272
68	0.02495	0.08681	0.23417	0.07025	0.03974	0.02236	0.10095	0.03258	0.02343	0.11310	0.02883	0.12311	0.02504	0.01406	0.01081	0.00344	0.01289	0.01250	0.00681	0.01416
69	0.07563	0.02402	0.08002	0.08130	0.19745	0.02135	0.10774	0.03290	0.02451	0.11496	0.06620	0.07406	0.02728	0.01268	0.01089	0.00338	0.01193	0.01193	0.00723	0.01456
70	0.03369	0.02467	0.11578	0.06872	0.14805	0.01895	0.02336	0.03955	0.02614	0.28296	0.03333	0.08421	0.02525	0.01345	0.01076	0.00336	0.01091	0.01160	0.00915	0.01608
71	0.02370	0.02276	0.03954	0.19547	0.35979	0.02375	0.06852	0.03029	0.02382	0.03315	0.05838	0.03066	0.02200	0.01055	0.01079	0.00328	0.01281	0.01035	0.00557	0.01480
72	0.03717	0.02184	0.03231	0.03265	0.15714	0.02108	0.05895	0.11714	0.03094	0.28152	0.03356	0.03795	0.02460	0.01310	0.01104	0.00337	0.01098	0.04792	0.00998	0.01677
73	0.02592	0.08224	0.28124	0.16402	0.04844	0.02432	0.06664	0.03473	0.02344	0.11718	0.02242	0.02594	0.01581	0.01050	0.01019	0.00331	0.01404	0.00881	0.00597	0.01483
74	0.04318	0.01765	0.02315	0.01822	0.02570	0.01591	0.01490	0.04948	0.07189	0.47834	0.04117	0.03658	0.02676	0.01312	0.01035	0.00322	0.00858	0.01067	0.07397	0.01715
75	0.02176	0.10055	0.53267	0.02918	0.04429	0.02592	0.03741	0.03334	0.02226	0.03280	0.01864	0.02190	0.01341	0.00997	0.00979	0.00326	0.01528	0.00764	0.00447	0.01546
76	0.02520	0.18710	0.40339	0.02631	0.03973	0.02779	0.03206	0.03467	0.02284	0.07935	0.02000	0.02229	0.01458	0.01008	0.00933	0.00309	0.01402	0.00756	0.00525	0.01536
77	0.02522	0.03309	0.21013	0.13371	0.28025	0.02396	0.03282	0.03338	0.02352	0.07346	0.02107	0.02599	0.01597	0.01008	0.01036	0.00328	0.01351	0.00899	0.00550	0.01571
78	0.02424	0.01854	0.02554	0.02115	0.02622	0.05627	0.09754	0.03126	0.06888	0.12209	0.26229	0.10479	0.06000	0.01784	0.01193	0.00342	0.00914	0.01620	0.01014	0.01253
79	0.03372	0.02305	0.02969	0.02388	0.03006	0.02522	0.05621	0.19163	0.10034	0.16788	0.03235	0.08359	0.02568	0.01549	0.01484	0.00361	0.10518	0.01214	0.00978	0.01567
80	0.01912	0.01288	0.01623	0.01588	0.01859	0.01309	0.01165	0.02646	0.10548	0.08172	0.16651	0.22780	0.05885	0.07875	0.09118	0.00600	0.00972	0.01921	0.00988	0.01100
81	0.02268	0.01565	0.01812	0.01621	0.02043	0.01553	0.01245	0.14640	0.03141	0.08174	0.17394	0.18965	0.16840	0.02248	0.01210	0.00356	0.00729	0.01926	0.01067	0.01203
82	0.01581	0.01135	0.01366	0.01341	0.01366	0.01205	0.00849	0.01657	0.01703	0.02324	0.07481	0.11589	0.04390	0.47254	0.04522	0.00867	0.06293	0.01645	0.00697	0.00734
83	0.13593	0.02320	0.02794	0.02239	0.02994	0.02470	0.06233	0.14850	0.18837	0.17662	0.03278	0.03131	0.02318	0.01252	0.01021	0.00337	0.01004	0.01023	0.01016	0.01629
84	0.02574	0.02211	0.03707	0.26253	0.33108	0.02365	0.02978	0.03211	0.02353	0.07951	0.02143	0.02780	0.01659	0.01018	0.01052	0.00330	0.01282	0.00952	0.00573	0.01498
85	0.02374	0.02264	0.03853	0.27553	0.37081	0.02448	0.03124	0.03032	0.02293	0.03160	0.01946	0.02696	0.01571	0.00987	0.01051	0.00329	0.01316	0.00941	0.00502	0.01479
86	0.02568	0.02463	0.04204	0.10700	0.52415	0.02499	0.03221	0.03202	0.02385	0.03395	0.01980	0.02633	0.01654	0.00951	0.01048	0.00317	0.01268	0.00942	0.00519	0.01636
87	0.14048	0.02300	0.03282	0.02496	0.03335	0.02294	0.13031	0.12328	0.06732	0.24783	0.03038	0.02991	0.02071	0.01167	0.01042	0.00334	0.01125	0.01020	0.00975	0.01605
88	0.01429	0.01125	0.01304	0.01362	0.01612	0.01054	0.00981	0.01949	0.07063	0.03162	0.15529	0.28822	0.25285	0.02721	0.01271	0.00380	0.00586	0.02378	0.01020	0.00968
89	0.02214	0.01695	0.02532	0.02276	0.02740	0.01711	0.09505	0.03246	0.13941	0.08181	0.04689	0.19113	0.04636	0.02214	0.01281	0.00411	0.00984	0.16424	0.00959	0.01249
90	0.03023	0.02123	0.02919	0.02389	0.03013	0.02258	0.08355	0.07805	0.19577	0.16451	0.07713	0.04348	0.03335	0.01521	0.01349	0.00364	0.06346	0.04579	0.01003	0.01531
91	0.02160	0.04256	0.36639	0.03315	0.04591	0.02378	0.18476	0.03190	0.02294	0.03301	0.02327	0.07851	0.01933	0.01179	0.01110	0.00350	0.01544	0.01126	0.00522	0.01457

[dist]
# distance from previous block
# <min> <max>
0	21

[block]
# block no. 5 follows, 13 sequences, length 14
# corresponding to MSA columns:
# 306-319
name=unknown_F
#
# <colnr> <probs for GDERKNQSTAVLIFYWHMCP>
#	G	D	E	R	K	N	Q	S	T	A	V	L	I	F	Y	W	H	M	C	P
0	0.02582	0.21400	0.11226	0.15623	0.14634	0.07187	0.02623	0.03368	0.06178	0.02993	0.01943	0.02377	0.01570	0.01012	0.00927	0.00299	0.01309	0.00806	0.00523	0.01422
1	0.12760	0.13713	0.17991	0.02772	0.07397	0.02535	0.09693	0.03198	0.02238	0.07272	0.02411	0.09058	0.02110	0.01246	0.00977	0.00326	0.01228	0.01065	0.00621	0.01389
2	0.01843	0.01257	0.01672	0.07147	0.02349	0.01310	0.01370	0.02445	0.07005	0.06279	0.04666	0.28913	0.04879	0.02878	0.05817	0.00499	0.00943	0.08919	0.08752	0.01059
3	0.02384	0.02275	0.03872	0.26656	0.37896	0.02451	0.03129	0.03041	0.02298	0.03172	0.01948	0.02693	0.01575	0.00985	0.01051	0.00328	0.01314	0.00941	0.00503	0.01487
4	0.03787	0.02017	0.02447	0.01961	0.02668	0.02009	0.01589	0.15031	0.11300	0.30319	0.11406	0.04054	0.03615	0.01445	0.01091	0.00331	0.00888	0.01184	0.01198	0.01662
5	0.02957	0.24286	0.22967	0.02283	0.03374	0.02876	0.02487	0.03876	0.07290	0.14330	0.02452	0.02495	0.01790	0.01074	0.00912	0.00298	0.01208	0.00805	0.00688	0.01552
6	0.02227	0.01770	0.02468	0.10158	0.03027	0.02148	0.01889	0.06186	0.02200	0.06866	0.03202	0.17522	0.03268	0.02527	0.06173	0.00511	0.21083	0.04885	0.00736	0.01154
7	0.02822	0.01507	0.01918	0.01670	0.02109	0.01494	0.01272	0.03530	0.10026	0.22159	0.10158	0.04970	0.03878	0.15452	0.11553	0.00707	0.01188	0.01299	0.00993	0.01297
8	0.01676	0.01282	0.01583	0.01656	0.01897	0.01313	0.01240	0.02559	0.13196	0.03462	0.16241	0.30617	0.06713	0.02613	0.01287	0.00403	0.00690	0.09457	0.01039	0.01076
9	0.01728	0.00977	0.01329	0.01348	0.01367	0.00977	0.00888	0.01494	0.01513	0.02011	0.02624	0.05118	0.02831	0.23135	0.04335	0.41356	0.00958	0.04894	0.00559	0.00559
10	0.02683	0.02740	0.05249	0.04996	0.23548	0.02673	0.29973	0.07995	0.02698	0.03720	0.02123	0.02738	0.01648	0.00945	0.01158	0.00338	0.01535	0.01110	0.00580	0.01551
11	0.01309	0.00953	0.01234	0.01419	0.01529	0.00878	0.00967	0.01537	0.02172	0.02892	0.12041	0.51058	0.11870	0.03121	0.01328	0.00411	0.00593	0.02808	0.01003	0.00878
12	0.02246	0.01398	0.01782	0.01612	0.01910	0.01463	0.01199	0.08106	0.02312	0.10364	0.07368	0.05036	0.03496	0.22561	0.23317	0.01038	0.01638	0.01288	0.00794	0.01071
13	0.02354	0.02508	0.09407	0.02699	0.03048	0.02676	0.05969	0.02800	0.02008	0.06380	0.05890	0.03595	0.02466	0.01756	0.02548	0.00424	0.36747	0.04874	0.00612	0.01239

[dist]
# distance from previous block
# <min> <max>
2	32

[block]
# block no. 6 follows, 13 sequences, length 21
# corresponding to MSA columns:
# 352-372
name=unknown_G
#
# <colnr> <probs for GDERKNQSTAVLIFYWHMCP>
#	G	D	E	R	K	N	Q	S	T	A	V	L	I	F	Y	W	H	M	C	P
0	0.01831	0.01494	0.06249	0.01636	0.01995	0.01205	0.01359	0.02278	0.02434	0.08825	0.22884	0.20148	0.06312	0.03387	0.12337	0.00621	0.01110	0.01859	0.00956	0.01081
1	0.02246	0.15755	0.48175	0.02800	0.04246	0.02762	0.03535	0.03316	0.02217	0.03196	0.01822	0.02137	0.01342	0.00987	0.00947	0.00316	0.01486	0.00743	0.00447	0.01526
2	0.10999	0.08652	0.19112	0.02508	0.03524	0.02601	0.07509	0.08509	0.11211	0.11341	0.02607	0.02688	0.01877	0.01119	0.00984	0.00328	0.01209	0.00909	0.00761	0.01553
3	0.02344	0.02287	0.03603	0.04778	0.34210	0.05523	0.07144	0.02861	0.02353	0.03200	0.02971	0.17943	0.03020	0.01557	0.01138	0.00345	0.01179	0.01486	0.00644	0.01414
4	0.02330	0.02220	0.03774	0.31352	0.33624	0.02437	0.03102	0.02994	0.02272	0.03106	0.01938	0.02710	0.01552	0.00995	0.01052	0.00332	0.01327	0.00941	0.00499	0.01444
5	0.02460	0.02323	0.03936	0.27252	0.28971	0.02515	0.07186	0.06489	0.02478	0.03375	0.01997	0.02711	0.01573	0.01006	0.01069	0.00333	0.01355	0.00968	0.00540	0.01465
6	0.02478	0.03096	0.19455	0.03471	0.13806	0.02173	0.10557	0.03448	0.07105	0.09201	0.03025	0.11939	0.02627	0.01402	0.01117	0.00350	0.01254	0.01297	0.00709	0.01490
7	0.02986	0.02238	0.03908	0.04383	0.26633	0.02165	0.12187	0.03581	0.02493	0.16535	0.02658	0.03089	0.02010	0.01858	0.07978	0.00491	0.01459	0.01054	0.00725	0.01570
8	0.11996	0.01716	0.02201	0.01835	0.02522	0.01587	0.01534	0.04335	0.02765	0.40324	0.04124	0.04984	0.03112	0.01581	0.01091	0.00358	0.00904	0.10301	0.01166	0.01561
9	0.40136	0.02598	0.08120	0.02057	0.02853	0.02533	0.06265	0.08153	0.10509	0.04601	0.02124	0.02303	0.01597	0.01074	0.00849	0.00335	0.01019	0.00790	0.00726	0.01359
10	0.01810	0.01509	0.02185	0.02579	0.12260	0.01654	0.01582	0.02094	0.01965	0.02772	0.07965	0.15910	0.04075	0.17773	0.09456	0.00702	0.10382	0.01600	0.00696	0.01031
11	0.03206	0.14045	0.03734	0.03025	0.13584	0.02517	0.07118	0.10054	0.02862	0.17173	0.03572	0.03605	0.08336	0.01273	0.01026	0.00310	0.01097	0.01087	0.00835	0.01542
12	0.02617	0.02512	0.04292	0.06490	0.56246	0.02512	0.03245	0.03245	0.02407	0.03454	0.01989	0.02617	0.01675	0.00942	0.01047	0.00314	0.01256	0.00942	0.00523	0.01675
13	0.02419	0.11715	0.21326	0.07954	0.12335	0.02617	0.02750	0.07750	0.07076	0.03521	0.02535	0.08738	0.02204	0.01289	0.01018	0.00328	0.01240	0.01077	0.00629	0.01477
14	0.02456	0.01919	0.02991	0.16810	0.10162	0.02130	0.05634	0.02951	0.02337	0.11473	0.07894	0.04231	0.09620	0.01534	0.01578	0.00364	0.12651	0.01232	0.00738	0.01294
15	0.02055	0.01152	0.01562	0.01644	0.01890	0.01065	0.01232	0.02341	0.02301	0.13601	0.05454	0.40978	0.05949	0.02839	0.01313	0.00420	0.00739	0.11352	0.01045	0.01068
16	0.02015	0.01348	0.01689	0.01709	0.01996	0.01349	0.01292	0.06100	0.07968	0.08181	0.09786	0.33874	0.05966	0.02625	0.01282	0.00405	0.00747	0.09501	0.01041	0.01126
17	0.01762	0.01191	0.01705	0.02109	0.08182	0.01120	0.01304	0.02019	0.02161	0.07730	0.05218	0.49703	0.05959	0.02847	0.01287	0.00406	0.00716	0.02582	0.00956	0.01042
18	0.02604	0.08865	0.43379	0.02790	0.04141	0.07441	0.03357	0.03603	0.02378	0.08853	0.02085	0.02312	0.01477	0.01037	0.00985	0.00321	0.01495	0.00788	0.00546	0.01544
19	0.02373	0.02240	0.03673	0.27349	0.31943	0.02459	0.02977	0.03250	0.07104	0.03247	0.02160	0.02820	0.01714	0.01033	0.01054	0.00333	0.01278	0.00965	0.00553	0.01477
20	0.02466	0.02772	0.10472	0.14032	0.42826	0.02481	0.03278	0.03177	0.02343	0.03330	0.01962	0.02601	0.01595	0.00967	0.01043	0.00322	0.01315	0.00922	0.00506	0.01587

[dist]
# distance from previous block
# <min> <max>
0	41

[block]
# block no. 7 follows, 13 sequences, length 62
# corresponding to MSA columns:
# 414-475
name=unknown_H
#
# <colnr> <probs for GDERKNQSTAVLIFYWHMCP>
#	G	D	E	R	K	N	Q	S	T	A	V	L	I	F	Y	W	H	M	C	P
0	0.01678	0.01232	0.01504	0.01479	0.01779	0.01190	0.01170	0.02018	0.02450	0.06574	0.15038	0.12958	0.28959	0.02536	0.01457	0.00388	0.05406	0.10197	0.00988	0.00999
