[name]
unknown

[dist]
# distance from previous block
# <min> <max>
0	16

[block]
# block no. 0 follows, 13 sequences, length 14
# corresponding to MSA columns:
# 215-228
name=unknown_A
#
# <colnr> <probs for GDERKNQSTAVLIFYWHMCP>
#	G	D	E	R	K	N	Q	S	T	A	V	L	I	F	Y	W	H	M	C	P
0	0.01421	0.01068	0.01315	0.01274	0.01539	0.00963	0.00948	0.01842	0.02786	0.03796	0.41257	0.11821	0.21364	0.02363	0.01254	0.00345	0.00515	0.02060	0.01107	0.00963
1	0.03230	0.02480	0.03756	0.07719	0.04008	0.08019	0.18832	0.04030	0.06950	0.19992	0.07308	0.03489	0.02702	0.01205	0.01130	0.00336	0.01307	0.01156	0.00866	0.01484
2	0.03204	0.05727	0.03795	0.08926	0.13656	0.02165	0.13184	0.03792	0.02651	0.22356	0.07205	0.03420	0.02637	0.01171	0.01093	0.00328	0.01191	0.01111	0.00848	0.01541
3	0.03153	0.01720	0.02067	0.01747	0.02357	0.01674	0.01388	0.04270	0.17327	0.26514	0.10837	0.05382	0.13554	0.01691	0.01121	0.00342	0.00772	0.01409	0.01167	0.01510
4	0.02104	0.04957	0.50925	0.02782	0.04194	0.02288	0.03545	0.03247	0.02231	0.03416	0.02075	0.02428	0.01496	0.01030	0.00974	0.00325	0.01440	0.00805	0.08243	0.01497
5	0.03432	0.09224	0.11091	0.12741	0.04085	0.02232	0.07566	0.04054	0.02598	0.28013	0.02927	0.02978	0.01975	0.01132	0.01031	0.00325	0.01204	0.00966	0.00860	0.01566
6	0.01699	0.01146	0.01509	0.01459	0.01484	0.01269	0.00985	0.01646	0.01523	0.02096	0.02645	0.05039	0.02868	0.32746	0.11804	0.19991	0.07596	0.01248	0.00562	0.00685
7	0.01812	0.01150	0.01514	0.01384	0.01688	0.01052	0.01052	0.02302	0.02996	0.09357	0.50690	0.07481	0.09262	0.02079	0.01229	0.00332	0.00538	0.01830	0.01178	0.01075
8	0.02278	0.02457	0.08210	0.32029	0.28404	0.02429	0.03152	0.02993	0.02252	0.03084	0.01929	0.02682	0.01519	0.01003	0.01048	0.00334	0.01355	0.00927	0.00491	0.01425
9	0.02773	0.13608	0.04298	0.13927	0.06854	0.08851	0.14730	0.09284	0.02649	0.03392	0.01972	0.02505	0.01561	0.01070	0.01160	0.00318	0.05098	0.00925	0.03658	0.01366
10	0.02845	0.04108	0.34095	0.03092	0.06912	0.02353	0.08810	0.06903	0.02610	0.14476	0.02433	0.02621	0.01677	0.01067	0.01050	0.00334	0.01411	0.00911	0.00675	0.01616
11	0.01327	0.00968	0.01259	0.01476	0.01590	0.00900	0.01037	0.01553	0.02111	0.02766	0.06361	0.50951	0.12474	0.03199	0.01350	0.00427	0.00642	0.07752	0.00981	0.00875
12	0.03829	0.02332	0.08355	0.06793	0.03265	0.01952	0.01932	0.12518	0.03146	0.33843	0.04008	0.03755	0.06653	0.01363	0.01071	0.00331	0.01026	0.01101	0.01079	0.01648
13	0.14752	0.07632	0.02934	0.08465	0.07643	0.09866	0.01903	0.08725	0.02788	0.21513	0.02581	0.02637	0.01817	0.01131	0.00946	0.00312	0.01149	0.00856	0.00849	0.01502

[dist]
# distance from previous block
# <min> <max>
0	2

[block]
# block no. 1 follows, 13 sequences, length 22
# corresponding to MSA columns:
# 231-252
name=unknown_B
#
# <colnr> <probs for GDERKNQSTAVLIFYWHMCP>
#	G	D	E	R	K	N	Q	S	T	A	V	L	I	F	Y	W	H	M	C	P
0	0.02558	0.02721	0.02865	0.02463	0.02811	0.16097	0.05148	0.03072	0.05680	0.03039	0.09451	0.07001	0.03069	0.01635	0.01918	0.00360	0.22179	0.01153	0.00669	0.06111
1	0.02827	0.63478	0.05540	0.01809	0.02714	0.04184	0.01809	0.03166	0.02148	0.02488	0.01470	0.01696	0.01357	0.00905	0.00678	0.00226	0.01131	0.00565	0.00452	0.01357
2	0.23569	0.02117	0.02315	0.01823	0.02609	0.02135	0.01501	0.14101	0.02993	0.26639	0.02844	0.02706	0.01925	0.01158	0.00918	0.00310	0.00920	0.00858	0.01005	0.07553
3	0.04019	0.02962	0.03173	0.02433	0.03279	0.03279	0.02010	0.52721	0.04971	0.06663	0.02538	0.02538	0.01798	0.01269	0.01058	0.00317	0.01163	0.00952	0.01058	0.01798
4	0.02313	0.02313	0.03238	0.02776	0.02776	0.03238	0.02313	0.02545	0.01619	0.02545	0.01388	0.02313	0.01388	0.01851	0.03470	0.00463	0.60907	0.00925	0.00463	0.01157
5	0.02827	0.63478	0.05540	0.01809	0.02714	0.04184	0.01809	0.03166	0.02148	0.02488	0.01470	0.01696	0.01357	0.00905	0.00678	0.00226	0.01131	0.00565	0.00452	0.01357
6	0.01661	0.00978	0.01348	0.01370	0.01402	0.00999	0.00905	0.01501	0.01524	0.02058	0.02739	0.09606	0.02955	0.20322	0.11889	0.35069	0.01189	0.01303	0.00570	0.00612
7	0.02537	0.01164	0.01618	0.01470	0.01681	0.01101	0.01036	0.02380	0.01830	0.16118	0.02692	0.03939	0.02377	0.13055	0.03550	0.39915	0.00932	0.01060	0.00709	0.00836
8	0.02313	0.02313	0.03238	0.02776	0.02776	0.03238	0.02313	0.02545	0.01619	0.02545	0.01388	0.02313	0.01388	0.01851	0.03470	0.00463	0.60907	0.00925	0.00463	0.01157
9	0.01293	0.01073	0.01132	0.01117	0.01455	0.00911	0.00838	0.01602	0.02513	0.03101	0.18681	0.09772	0.47695	0.02586	0.01249	0.00353	0.00529	0.02175	0.01014	0.00911
10	0.02832	0.07477	0.17012	0.02790	0.03548	0.02691	0.08831	0.03438	0.02213	0.14188	0.02195	0.02584	0.01657	0.01339	0.01876	0.00372	0.21939	0.00933	0.00643	0.01439
11	0.01997	0.01879	0.03171	0.60301	0.07282	0.02349	0.02936	0.02701	0.02114	0.02701	0.01879	0.02819	0.01409	0.01057	0.01057	0.00352	0.01409	0.00940	0.00470	0.01175
12	0.01496	0.01081	0.01413	0.01330	0.01580	0.00998	0.00998	0.01995	0.02993	0.04240	0.55689	0.07898	0.09976	0.02162	0.01247	0.00333	0.00499	0.01912	0.01164	0.00998
13	0.02056	0.01916	0.03098	0.54875	0.06859	0.02375	0.02819	0.02974	0.06986	0.02862	0.02105	0.02924	0.01579	0.01092	0.01059	0.00353	0.01356	0.00963	0.00526	0.01221
14	0.03957	0.02770	0.02424	0.02045	0.02672	0.20859	0.01604	0.04334	0.02946	0.29424	0.07785	0.03430	0.02846	0.01303	0.01015	0.00302	0.01173	0.01002	0.06642	0.01466
15	0.02698	0.02375	0.02133	0.02051	0.02446	0.15971	0.01582	0.07493	0.06138	0.08292	0.04171	0.22474	0.04269	0.02180	0.01200	0.00377	0.01102	0.10935	0.00913	0.01199
16	0.04507	0.01852	0.02447	0.01911	0.02705	0.01675	0.01567	0.05205	0.08773	0.51092	0.04186	0.03637	0.02686	0.01323	0.01065	0.00331	0.00893	0.01078	0.01283	0.01785
17	0.01622	0.01327	0.02015	0.23106	0.03706	0.01462	0.01758	0.02084	0.02283	0.03045	0.14387	0.25632	0.05472	0.02222	0.01230	0.00386	0.00910	0.05513	0.00829	0.01011
18	0.03291	0.02865	0.03011	0.17187	0.04157	0.13402	0.02207	0.18145	0.07761	0.08819	0.02403	0.02689	0.01780	0.01247	0.01240	0.00334	0.06285	0.00926	0.00784	0.01466
19	0.01282	0.00943	0.01203	0.01412	0.01518	0.00864	0.00955	0.01479	0.02082	0.02723	0.06562	0.54336	0.14335	0.03217	0.01335	0.00419	0.00602	0.02889	0.00982	0.00864
20	0.04663	0.01930	0.02534	0.01943	0.02764	0.01747	0.01605	0.10481	0.03244	0.51343	0.03988	0.03480	0.02526	0.01304	0.01063	0.00326	0.00929	0.01051	0.01281	0.01799
21	0.02719	0.09252	0.07891	0.25138	0.08487	0.02495	0.12220	0.03399	0.02380	0.12482	0.02296	0.02782	0.01666	0.01041	0.01048	0.00331	0.01362	0.00968	0.00630	0.01413

[dist]
# distance from previous block
# <min> <max>
6	11

[block]
# block no. 2 follows, 13 sequences, length 23
# corresponding to MSA columns:
# 265-287
name=unknown_C
#
# <colnr> <probs for GDERKNQSTAVLIFYWHMCP>
#	G	D	E	R	K	N	Q	S	T	A	V	L	I	F	Y	W	H	M	C	P
0	0.02398	0.02674	0.15394	0.02482	0.03253	0.01967	0.12057	0.03383	0.09877	0.09358	0.03159	0.07391	0.02717	0.13124	0.01918	0.00475	0.01203	0.01259	0.04585	0.01326
1	0.01762	0.01157	0.01417	0.01437	0.01713	0.01069	0.01043	0.02205	0.05535	0.08910	0.13843	0.31614	0.18943	0.02661	0.01263	0.00382	0.00622	0.02338	0.01048	0.01038
2	0.02166	0.01216	0.01555	0.01389	0.01761	0.01099	0.01070	0.02626	0.02882	0.14673	0.36938	0.06903	0.11960	0.01958	0.01167	0.00326	0.00582	0.01692	0.06887	0.01148
3	0.02241	0.15348	0.48539	0.02808	0.04259	0.02750	0.03549	0.03317	0.02218	0.03202	0.01825	0.02141	0.01342	0.00987	0.00949	0.00316	0.01489	0.00745	0.00447	0.01528
4	0.01413	0.01070	0.01436	0.01565	0.01651	0.01093	0.01102	0.01652	0.02145	0.02934	0.13488	0.48068	0.06977	0.02997	0.01521	0.00417	0.05954	0.02644	0.00965	0.00908
5	0.11809	0.01826	0.02357	0.01828	0.02629	0.01642	0.01510	0.04932	0.02894	0.51350	0.03880	0.03396	0.02459	0.01273	0.01019	0.00327	0.00891	0.01010	0.01238	0.01729
6	0.04614	0.02007	0.02582	0.01980	0.02803	0.01862	0.01635	0.13646	0.03373	0.47995	0.03880	0.03409	0.02471	0.01302	0.01062	0.00325	0.00947	0.01043	0.01264	0.01799
7	0.01288	0.00920	0.01227	0.01472	0.01534	0.00859	0.00981	0.01472	0.02024	0.02699	0.05828	0.62152	0.06993	0.03312	0.01350	0.00429	0.00613	0.03006	0.00981	0.00859
8	0.01349	0.00926	0.01205	0.01429	0.01507	0.00870	0.00960	0.01560	0.02041	0.02810	0.05616	0.56971	0.06612	0.03127	0.01295	0.00413	0.00603	0.02826	0.07010	0.00870
9	0.02313	0.02313	0.03238	0.02776	0.02776	0.03238	0.02313	0.02545	0.01619	0.02545	0.01388	0.02313	0.01388	0.01851	0.03470	0.00463	0.60907	0.00925	0.00463	0.01157
10	0.02748	0.57003	0.11325	0.01944	0.02922	0.03991	0.02043	0.03186	0.02158	0.02584	0.01518	0.01756	0.01355	0.00916	0.00715	0.00238	0.01179	0.00589	0.00452	0.01380
11	0.01778	0.01291	0.01610	0.01453	0.01769	0.01252	0.01111	0.07658	0.03214	0.04510	0.49756	0.07300	0.09063	0.02062	0.01226	0.00331	0.00573	0.01805	0.01152	0.01087
12	0.02929	0.07110	0.03031	0.28204	0.04766	0.02282	0.02263	0.08678	0.02685	0.16543	0.02896	0.03903	0.02267	0.01337	0.01072	0.00347	0.01185	0.06319	0.00795	0.01389
13	0.02827	0.63478	0.05540	0.01809	0.02714	0.04184	0.01809	0.03166	0.02148	0.02488	0.01470	0.01696	0.01357	0.00905	0.00678	0.00226	0.01131	0.00565	0.00452	0.01357
14	0.01909	0.01214	0.01774	0.01681	0.01695	0.01413	0.01227	0.01648	0.01449	0.02023	0.01818	0.03101	0.01805	0.03613	0.07919	0.50584	0.13091	0.00935	0.00468	0.00634
15	0.02617	0.02512	0.04292	0.06490	0.56246	0.02512	0.03245	0.03245	0.02407	0.03454	0.01989	0.02617	0.01675	0.00942	0.01047	0.00314	0.01256	0.00942	0.00523	0.01675
16	0.01510	0.01133	0.01699	0.01699	0.01888	0.01322	0.01322	0.01888	0.01699	0.02454	0.02832	0.04154	0.02643	0.07930	0.58652	0.01699	0.02832	0.01133	0.00566	0.00944
17	0.04273	0.02554	0.02921	0.02239	0.03076	0.02674	0.01850	0.36043	0.04289	0.24304	0.03111	0.02910	0.02085	0.01283	0.01060	0.00321	0.01071	0.00991	0.01146	0.01799
18	0.37918	0.02658	0.12889	0.06790	0.03119	0.02222	0.01924	0.03531	0.02158	0.14776	0.02132	0.02290	0.01501	0.01058	0.00840	0.00331	0.01031	0.00743	0.00729	0.01361
19	0.08554	0.18861	0.11375	0.02341	0.06587	0.06195	0.02055	0.12154	0.02724	0.03869	0.01993	0.02259	0.01582	0.01022	0.00852	0.00270	0.01135	0.00745	0.06675	0.08752
20	0.10010	0.14299	0.07451	0.06537	0.08060	0.02531	0.06519	0.03263	0.02249	0.09583	0.02030	0.02360	0.01579	0.01013	0.01044	0.00285	0.04724	0.00795	0.00625	0.15043
21	0.16376	0.16072	0.07971	0.07236	0.03231	0.10055	0.01935	0.03845	0.05371	0.15101	0.02321	0.02422	0.01703	0.01086	0.00880	0.00303	0.01169	0.00780	0.00728	0.01415
22	0.10179	0.08408	0.02621	0.01801	0.02562	0.01863	0.01506	0.04503	0.02753	0.42697	0.03752	0.07244	0.02650	0.01373	0.01005	0.00323	0.00898	0.01099	0.01135	0.01628

[dist]
# distance from previous block
# <min> <max>
7	14

[block]
# block no. 3 follows, 13 sequences, length 30
# corresponding to MSA columns:
# 304-333
name=unknown_D
#
# <colnr> <probs for GDERKNQSTAVLIFYWHMCP>
#	G	D	E	R	K	N	Q	S	T	A	V	L	I	F	Y	W	H	M	C	P
0	0.07860	0.15126	0.11256	0.02024	0.02925	0.02593	0.01939	0.14149	0.02939	0.15505	0.02536	0.02589	0.01833	0.01109	0.00901	0.00288	0.01055	0.00827	0.06606	0.05938
1	0.02493	0.02397	0.03306	0.02704	0.03228	0.11547	0.16823	0.02953	0.02465	0.07622	0.07433	0.20408	0.03860	0.01835	0.01371	0.00367	0.05531	0.01676	0.00777	0.01205
2	0.23556	0.07623	0.02917	0.02341	0.06190	0.06600	0.05482	0.11912	0.02755	0.12270	0.02499	0.07022	0.02039	0.01254	0.00934	0.00322	0.01081	0.00984	0.00805	0.01413
3	0.01771	0.01300	0.01823	0.01997	0.06080	0.01308	0.01409	0.02186	0.02543	0.05774	0.25965	0.19405	0.07082	0.02388	0.01442	0.00388	0.05017	0.10063	0.00997	0.01062
4	0.02805	0.23388	0.11644	0.12432	0.07761	0.03024	0.02382	0.10609	0.02647	0.06352	0.01974	0.02297	0.01536	0.01015	0.00902	0.00284	0.01217	0.00777	0.00609	0.06345
5	0.03366	0.01998	0.02561	0.02054	0.02731	0.05314	0.04818	0.07080	0.02685	0.26177	0.03140	0.03329	0.02288	0.02851	0.15407	0.00646	0.01507	0.01005	0.00920	0.10124
6	0.02973	0.15535	0.21806	0.06829	0.03777	0.02730	0.02566	0.11952	0.02792	0.11700	0.02259	0.02424	0.01632	0.01065	0.00947	0.00299	0.01247	0.00812	0.00694	0.05961
7	0.02259	0.06683	0.07062	0.02414	0.03015	0.02375	0.09304	0.03759	0.22631	0.03596	0.06917	0.13599	0.03645	0.01685	0.01313	0.00366	0.05688	0.01462	0.00845	0.01382
8	0.01929	0.01543	0.02449	0.07209	0.06941	0.01474	0.09029	0.02255	0.02255	0.05737	0.05743	0.06441	0.23055	0.02251	0.01717	0.12171	0.00970	0.05028	0.00763	0.01038
9	0.02467	0.08018	0.29768	0.13427	0.08843	0.06743	0.05897	0.06636	0.02476	0.03357	0.01911	0.02362	0.01426	0.01021	0.01009	0.00325	0.01493	0.00837	0.00511	0.01473
10	0.02571	0.12732	0.03162	0.19870	0.04063	0.06227	0.02054	0.10473	0.11183	0.03630	0.06653	0.07486	0.02813	0.01376	0.01025	0.00326	0.01136	0.01129	0.00746	0.01344
11	0.01424	0.01078	0.01312	0.01254	0.01535	0.00967	0.00940	0.01854	0.02821	0.03832	0.42423	0.08570	0.23496	0.02314	0.01248	0.00340	0.00510	0.02006	0.01110	0.00967
12	0.01995	0.01774	0.01638	0.01678	0.01926	0.10944	0.01232	0.02498	0.05950	0.03239	0.12126	0.27751	0.05544	0.02307	0.01169	0.00361	0.00843	0.05446	0.10556	0.01024
13	0.07192	0.20602	0.06704	0.02157	0.06200	0.02490	0.01761	0.02516	0.01868	0.02663	0.01928	0.02706	0.01764	0.03187	0.15774	0.12458	0.05591	0.00832	0.00502	0.01108
14	0.01614	0.01139	0.01360	0.01298	0.01637	0.01040	0.00992	0.01963	0.02465	0.07196	0.18900	0.08137	0.32443	0.03359	0.11077	0.00579	0.00949	0.01883	0.00976	0.00994
15	0.01410	0.01068	0.01201	0.01168	0.01472	0.00943	0.00876	0.01790	0.02627	0.03503	0.28115	0.08732	0.32923	0.02348	0.01205	0.00338	0.00517	0.01997	0.06826	0.00943
16	0.03477	0.17805	0.07650	0.06680	0.03395	0.07302	0.02065	0.16552	0.06507	0.14734	0.02549	0.02585	0.01848	0.01148	0.00955	0.00300	0.01188	0.00860	0.00829	0.01571
17	0.07931	0.02593	0.02973	0.16890	0.07628	0.14680	0.05888	0.03473	0.02518	0.12314	0.05728	0.03084	0.02262	0.01682	0.05473	0.00429	0.01459	0.00977	0.00704	0.01315
18	0.01554	0.01216	0.01370	0.01329	0.01667	0.01119	0.01019	0.05556	0.02718	0.03489	0.20224	0.13018	0.33474	0.02511	0.01257	0.00363	0.00611	0.05481	0.01031	0.00990
19	0.58512	0.01879	0.01530	0.01380	0.01965	0.02136	0.01120	0.02917	0.02004	0.04657	0.10768	0.02777	0.02659	0.01184	0.00756	0.00328	0.00763	0.00802	0.00742	0.01120
20	0.01495	0.01007	0.01166	0.01208	0.01218	0.00997	0.00699	0.01526	0.01621	0.02161	0.03759	0.16389	0.04384	0.52636	0.04690	0.00923	0.00954	0.01789	0.00699	0.00678
21	0.02382	0.02265	0.03739	0.05561	0.46848	0.02234	0.02826	0.02949	0.02408	0.03352	0.03484	0.03913	0.10958	0.01240	0.01082	0.00321	0.01133	0.01163	0.00602	0.01541
22	0.02622	0.20955	0.34369	0.02589	0.03855	0.03063	0.03024	0.11313	0.02654	0.03651	0.01884	0.02135	0.01419	0.01020	0.00924	0.00302	0.01379	0.00750	0.00547	0.01544
23	0.02206	0.04962	0.48264	0.03610	0.13435	0.02465	0.03793	0.03331	0.02262	0.03367	0.01913	0.02298	0.01397	0.00994	0.01012	0.00331	0.01510	0.00809	0.00460	0.01582
24	0.01461	0.01171	0.01560	0.01665	0.01738	0.01269	0.01196	0.01660	0.01985	0.02685	0.05443	0.47884	0.09797	0.03013	0.01705	0.00430	0.10945	0.02589	0.00893	0.00912
25	0.20120	0.02446	0.07042	0.01942	0.02805	0.02205	0.01719	0.14977	0.02992	0.21270	0.02649	0.02599	0.01826	0.01126	0.00921	0.00304	0.00981	0.00837	0.00930	0.10312
26	0.08206	0.07054	0.03148	0.11177	0.08109	0.02620	0.02057	0.21081	0.03371	0.18820	0.02675	0.02750	0.01870	0.01172	0.01001	0.00319	0.01112	0.00923	0.00917	0.01616
27	0.11609	0.06825	0.03125	0.06562	0.03297	0.02362	0.08760	0.10436	0.06715	0.14134	0.02718	0.03024	0.02039	0.02298	0.10881	0.00562	0.01431	0.00986	0.00809	0.01427
28	0.07267	0.11030	0.07824	0.02203	0.03050	0.06194	0.05655	0.10720	0.02935	0.23550	0.02857	0.02827	0.01988	0.01152	0.00965	0.00305	0.01125	0.00911	0.05886	0.01556
29	0.17370	0.02343	0.02923	0.12486	0.08209	0.06557	0.05657	0.07663	0.02674	0.20247	0.02562	0.02724	0.01790	0.01116	0.00981	0.00328	0.01164	0.00906	0.00827	0.01475

[dist]
# distance from previous block
# <min> <max>
0	46

[block]
# block no. 4 follows, 13 sequences, length 14
# corresponding to MSA columns:
# 380-393
name=unknown_E
#
# <colnr> <probs for GDERKNQSTAVLIFYWHMCP>
#	G	D	E	R	K	N	Q	S	T	A	V	L	I	F	Y	W	H	M	C	P
0	0.03062	0.11364	0.11193	0.13548	0.03873	0.02584	0.02278	0.11806	0.02782	0.14711	0.02486	0.02731	0.01797	0.01181	0.01137	0.00320	0.05192	0.00893	0.05584	0.01478
1	0.10168	0.01829	0.06491	0.06293	0.02934	0.01607	0.09807	0.02307	0.02218	0.03261	0.07804	0.25245	0.08211	0.02142	0.01194	0.00385	0.00971	0.05249	0.00803	0.01083
2	0.03072	0.10031	0.03694	0.08529	0.03797	0.02889	0.10190	0.16649	0.17778	0.08146	0.02890	0.02989	0.02135	0.01190	0.01047	0.00328	0.01175	0.01028	0.00860	0.01583
3	0.01728	0.01520	0.02325	0.15531	0.07138	0.01522	0.05239	0.02207	0.02366	0.03162	0.13937	0.15851	0.14581	0.01938	0.01175	0.00347	0.00903	0.01738	0.00806	0.05986
4	0.02183	0.03653	0.31917	0.02927	0.10021	0.01995	0.02878	0.03051	0.02414	0.07310	0.11270	0.09477	0.03467	0.01446	0.01089	0.00341	0.01205	0.01235	0.00691	0.01429
5	0.02561	0.01247	0.01573	0.01445	0.01749	0.01154	0.01025	0.02787	0.02201	0.20156	0.04191	0.18291	0.04058	0.22854	0.02576	0.00582	0.00835	0.01666	0.07948	0.01101
6	0.15019	0.01909	0.02642	0.10343	0.13579	0.01940	0.02015	0.03678	0.02486	0.22576	0.03176	0.04166	0.02513	0.01377	0.01044	0.00351	0.01032	0.07810	0.00883	0.01461
7	0.01502	0.01061	0.01227	0.01186	0.01469	0.00962	0.00889	0.01926	0.02668	0.03743	0.31958	0.07922	0.23370	0.02161	0.01157	0.00325	0.00510	0.01849	0.13153	0.00962
8	0.01476	0.01065	0.01395	0.01344	0.01575	0.00984	0.00996	0.01944	0.02899	0.04090	0.50840	0.13174	0.09686	0.02273	0.01257	0.00342	0.00510	0.02018	0.01146	0.00984
9	0.02684	0.02866	0.05860	0.04206	0.05248	0.02749	0.46180	0.09482	0.02801	0.03792	0.02188	0.02813	0.01628	0.00938	0.01224	0.00352	0.01706	0.01211	0.00599	0.01472
10	0.02827	0.63478	0.05540	0.01809	0.02714	0.04184	0.01809	0.03166	0.02148	0.02488	0.01470	0.01696	0.01357	0.00905	0.00678	0.00226	0.01131	0.00565	0.00452	0.01357
11	0.04744	0.01799	0.02454	0.01881	0.02699	0.01554	0.01554	0.05153	0.03026	0.56979	0.04171	0.03599	0.02617	0.01309	0.01063	0.00327	0.00900	0.01063	0.01309	0.01799
12	0.02827	0.63478	0.05540	0.01809	0.02714	0.04184	0.01809	0.03166	0.02148	0.02488	0.01470	0.01696	0.01357	0.00905	0.00678	0.00226	0.01131	0.00565	0.00452	0.01357
13	0.01997	0.01879	0.03171	0.60301	0.07282	0.02349	0.02936	0.02701	0.02114	0.02701	0.01879	0.02819	0.01409	0.01057	0.01057	0.00352	0.01409	0.00940	0.00470	0.01175

[dist]
# distance from previous block
# <min> <max>
0	16

[block]
# block no. 5 follows, 13 sequences, length 32
# corresponding to MSA columns:
# 410-441
name=unknown_F
#
# <colnr> <probs for GDERKNQSTAVLIFYWHMCP>
#	G	D	E	R	K	N	Q	S	T	A	V	L	I	F	Y	W	H	M	C	P
0	0.01288	0.00920	0.01227	0.01472	0.01534	0.00859	0.00981	0.01472	0.02024	0.02699	0.05828	0.62152	0.06993	0.03312	0.01350	0.00429	0.00613	0.03006	0.00981	0.00859
1	0.02827	0.63478	0.05540	0.01809	0.02714	0.04184	0.01809	0.03166	0.02148	0.02488	0.01470	0.01696	0.01357	0.00905	0.00678	0.00226	0.01131	0.00565	0.00452	0.01357
2	0.04744	0.01799	0.02454	0.01881	0.02699	0.01554	0.01554	0.05153	0.03026	0.56979	0.04171	0.03599	0.02617	0.01309	0.01063	0.00327	0.00900	0.01063	0.01309	0.01799
3	0.01296	0.01086	0.01136	0.01161	0.01506	0.00926	0.00896	0.01587	0.02412	0.02888	0.10186	0.10355	0.50707	0.02703	0.01271	0.00370	0.00581	0.07051	0.00981	0.00901
4	0.70310	0.02045	0.01554	0.01390	0.02045	0.02372	0.01145	0.03108	0.01799	0.04744	0.01472	0.01718	0.01145	0.00981	0.00654	0.00327	0.00818	0.00573	0.00654	0.01145
5	0.04744	0.01799	0.02454	0.01881	0.02699	0.01554	0.01554	0.05153	0.03026	0.56979	0.04171	0.03599	0.02617	0.01309	0.01063	0.00327	0.00900	0.01063	0.01309	0.01799
6	0.01276	0.01057	0.01117	0.01133	0.01452	0.00899	0.00838	0.01556	0.02425	0.02965	0.14283	0.14978	0.46994	0.02692	0.01259	0.00362	0.00540	0.02277	0.00998	0.00899
7	0.70310	0.02045	0.01554	0.01390	0.02045	0.02372	0.01145	0.03108	0.01799	0.04744	0.01472	0.01718	0.01145	0.00981	0.00654	0.00327	0.00818	0.00573	0.00654	0.01145
8	0.01250	0.01071	0.01071	0.01071	0.01428	0.00893	0.00803	0.01517	0.02410	0.02856	0.10711	0.10175	0.55817	0.02678	0.01250	0.00357	0.00536	0.02231	0.00982	0.00893
9	0.20423	0.01858	0.02239	0.01764	0.02543	0.01750	0.01456	0.04664	0.02733	0.44488	0.03526	0.03149	0.02265	0.01230	0.00965	0.00327	0.00880	0.00946	0.01152	0.01643
10	0.01997	0.01879	0.03171	0.60301	0.07282	0.02349	0.02936	0.02701	0.02114	0.02701	0.01879	0.02819	0.01409	0.01057	0.01057	0.00352	0.01409	0.00940	0.00470	0.01175
11	0.02260	0.01549	0.01601	0.01497	0.01897	0.01706	0.01149	0.03846	0.25057	0.04153	0.03823	0.03943	0.02937	0.01321	0.00887	0.00296	0.00643	0.01077	0.39072	0.01287
12	0.01503	0.01010	0.01163	0.01198	0.01206	0.01002	0.00688	0.01528	0.01606	0.02141	0.03680	0.14630	0.04284	0.54531	0.04819	0.00942	0.00968	0.01743	0.00688	0.00671
13	0.02552	0.01911	0.02000	0.01789	0.02295	0.02145	0.01395	0.09400	0.31779	0.04492	0.03835	0.03799	0.02907	0.01350	0.00961	0.00317	0.00755	0.01100	0.23763	0.01456
14	0.01530	0.01056	0.01311	0.01311	0.01366	0.01111	0.00837	0.01639	0.01584	0.02167	0.03187	0.06120	0.03497	0.46974	0.20775	0.01220	0.01547	0.01421	0.00619	0.00728
15	0.70310	0.02045	0.01554	0.01390	0.02045	0.02372	0.01145	0.03108	0.01799	0.04744	0.01472	0.01718	0.01145	0.00981	0.00654	0.00327	0.00818	0.00573	0.00654	0.01145
16	0.70310	0.02045	0.01554	0.01390	0.02045	0.02372	0.01145	0.03108	0.01799	0.04744	0.01472	0.01718	0.01145	0.00981	0.00654	0.00327	0.00818	0.00573	0.00654	0.01145
17	0.03900	0.01743	0.02477	0.14435	0.03558	0.01675	0.01780	0.04381	0.02756	0.40474	0.03611	0.03461	0.02364	0.01247	0.01033	0.00325	0.00973	0.01030	0.07185	0.01591
18	0.01983	0.01719	0.02695	0.23899	0.17631	0.01888	0.02144	0.02400	0.01971	0.02649	0.02459	0.04324	0.02403	0.24499	0.02697	0.00598	0.01224	0.01167	0.00549	0.01101
19	0.27014	0.02851	0.02759	0.02889	0.11547	0.15001	0.01992	0.03232	0.02118	0.03491	0.01573	0.02062	0.01343	0.01221	0.01505	0.00348	0.16492	0.00748	0.00559	0.01254
20	0.02757	0.08513	0.03372	0.34928	0.05472	0.11611	0.02516	0.12161	0.02781	0.03389	0.01922	0.02515	0.01468	0.01086	0.01004	0.00321	0.01416	0.00865	0.00588	0.01315
21	0.01837	0.01491	0.01789	0.01433	0.02045	0.01202	0.01115	0.02303	0.02538	0.03729	0.24666	0.05128	0.09027	0.01490	0.01008	0.00244	0.00648	0.01274	0.00874	0.36161
22	0.01470	0.01050	0.01436	0.01680	0.01821	0.01016	0.01298	0.01787	0.02204	0.02903	0.05727	0.40142	0.06595	0.03141	0.01398	0.00455	0.00771	0.23219	0.00978	0.00909
23	0.02200	0.02146	0.03021	0.02623	0.02650	0.02967	0.02173	0.02452	0.01631	0.02532	0.01592	0.02574	0.01566	0.02711	0.11279	0.00638	0.52688	0.00955	0.00477	0.01127
24	0.02590	0.52384	0.04807	0.01724	0.02512	0.03617	0.01665	0.02958	0.02299	0.02799	0.11110	0.02799	0.02889	0.01128	0.00780	0.00245	0.01018	0.00805	0.00579	0.01293
25	0.02192	0.01879	0.02192	0.01566	0.02506	0.01409	0.01253	0.02662	0.02192	0.03445	0.01879	0.02192	0.01566	0.00783	0.00783	0.00157	0.00783	0.00626	0.00626	0.69305
26	0.27539	0.02822	0.13277	0.02027	0.02941	0.02322	0.01958	0.12171	0.02760	0.18956	0.02471	0.02471	0.01695	0.01124	0.00904	0.00327	0.01048	0.00812	0.00859	0.01518
27	0.01631	0.01303	0.01820	0.01604	0.01953	0.01236	0.04969	0.02320	0.06681	0.04046	0.43172	0.07454	0.13547	0.02064	0.01235	0.00339	0.00626	0.01841	0.01090	0.01070
28	0.02346	0.02324	0.07727	0.02230	0.07544	0.01762	0.01746	0.07839	0.02489	0.03714	0.02244	0.06600	0.01970	0.01051	0.00897	0.00224	0.00927	0.00875	0.00670	0.44822
29	0.02192	0.01879	0.02192	0.01566	0.02506	0.01409	0.01253	0.02662	0.02192	0.03445	0.01879	0.02192	0.01566	0.00783	0.00783	0.00157	0.00783	0.00626	0.00626	0.69305
30	0.02066	0.01991	0.02881	0.46368	0.06095	0.06469	0.02609	0.02678	0.02201	0.02730	0.02482	0.08276	0.02237	0.01393	0.01106	0.00363	0.01348	0.05012	0.00558	0.01137
31	0.02008	0.11647	0.15729	0.07591	0.03176	0.02096	0.02075	0.02832	0.06543	0.03353	0.14214	0.12027	0.04185	0.01588	0.01051	0.00321	0.01001	0.01344	0.00745	0.06475

[dist]
# distance from previous block
# <min> <max>
0	2

[block]
# block no. 6 follows, 13 sequences, length 11
# corresponding to MSA columns:
# 444-454
name=unknown_G
#
# <colnr> <probs for GDERKNQSTAVLIFYWHMCP>
#	G	D	E	R	K	N	Q	S	T	A	V	L	I	F	Y	W	H	M	C	P
0	0.24218	0.21065	0.11173	0.02052	0.02969	0.02812	0.05512	0.03528	0.02225	0.12663	0.02040	0.02187	0.01520	0.01011	0.00824	0.00300	0.01102	0.00732	0.00667	0.01400
1	0.01319	0.00944	0.01255	0.01451	0.01540	0.00880	0.00984	0.01551	0.02169	0.02930	0.13299	0.54022	0.07440	0.03140	0.01334	0.00415	0.00596	0.02842	0.01009	0.00880
2	0.02887	0.02399	0.02536	0.02204	0.02847	0.02750	0.01736	0.14338	0.45197	0.04838	0.03977	0.03684	0.02963	0.01404	0.01072	0.00351	0.00897	0.01150	0.01072	0.01697
3	0.08774	0.02259	0.03715	0.16857	0.27990	0.02336	0.07385	0.03414	0.02391	0.11419	0.02261	0.02751	0.01705	0.01021	0.01036	0.00330	0.01247	0.00956	0.00642	0.01514
4	0.02574	0.04501	0.40966	0.03074	0.04447	0.02355	0.11304	0.03625	0.02393	0.11391	0.02277	0.02536	0.01573	0.01032	0.01052	0.00337	0.01498	0.00898	0.00590	0.01576
5	0.02678	0.02408	0.08191	0.20435	0.05114	0.02198	0.19613	0.03390	0.02432	0.13910	0.02726	0.07374	0.02131	0.01215	0.01142	0.00353	0.01388	0.01212	0.00697	0.01394
6	0.01510	0.01133	0.01699	0.01699	0.01888	0.01322	0.01322	0.01888	0.01699	0.02454	0.02832	0.04154	0.02643	0.07930	0.58652	0.01699	0.02832	0.01133	0.00566	0.00944
7	0.02257	0.02044	0.10455	0.02161	0.02758	0.01522	0.05838	0.02877	0.02621	0.11820	0.15321	0.07599	0.05319	0.02060	0.01268	0.00396	0.01012	0.20488	0.00953	0.01231
8	0.03775	0.12068	0.03399	0.02502	0.06961	0.06112	0.05624	0.04558	0.09593	0.29590	0.03269	0.03097	0.02265	0.01187	0.01009	0.00313	0.01090	0.00980	0.00972	0.01636
9	0.20695	0.06016	0.03094	0.03028	0.14893	0.02304	0.05741	0.06396	0.02530	0.16103	0.02682	0.03386	0.02124	0.01224	0.00978	0.00334	0.01063	0.05134	0.00804	0.01472
10	0.15611	0.02195	0.02672	0.07321	0.03082	0.02601	0.01899	0.09643	0.07378	0.14817	0.02435	0.02693	0.01821	0.01398	0.01719	0.00372	0.19206	0.00918	0.00803	0.01415

[dist]
# distance from previous block
# <min> <max>
0	20

[block]
# block no. 7 follows, 13 sequences, length 49
# corresponding to MSA columns:
# 475-523
name=unknown_H
#
# <colnr> <probs for GDERKNQSTAVLIFYWHMCP>
#	G	D	E	R	K	N	Q	S	T	A	V	L	I	F	Y	W	H	M	C	P
0	0.08686	0.05843	0.05884	0.19502	0.03988	0.02107	0.02045	0.03547	0.06698	0.16840	0.03001	0.03918	0.02380	0.05869	0.01351	0.00396	0.01110	0.04684	0.00799	0.01352
1	0.08071	0.02401	0.08147	0.03145	0.09939	0.02025	0.18445	0.02872	0.02433	0.03614	0.11280	0.03956	0.07068	0.01241	0.01086	0.00315	0.01173	0.01208	0.00685	0.10896
2	0.03410	0.03421	0.03605	0.02881	0.03603	0.23850	0.14825	0.10372	0.06264	0.08276	0.02417	0.02672	0.01816	0.01114	0.01043	0.00308	0.01508	0.00952	0.06251	0.01410
3	0.02813	0.02230	0.02396	0.02128	0.02745	0.02536	0.01663	0.05578	0.49879	0.08989	0.04292	0.03915	0.03175	0.01424	0.01075	0.00356	0.00842	0.01184	0.01096	0.01684
4	0.02455	0.02087	0.02240	0.02025	0.02569	0.02378	0.01569	0.05059	0.46406	0.04395	0.12240	0.04555	0.04270	0.01547	0.01102	0.00355	0.00785	0.01306	0.01089	0.01569
5	0.01316	0.01072	0.01172	0.01209	0.01521	0.00929	0.00919	0.01615	0.02426	0.02984	0.13465	0.14670	0.43191	0.02714	0.01278	0.00373	0.00580	0.06665	0.00996	0.00906
6	0.03826	0.04780	0.02940	0.02670	0.03220	0.53355	0.02008	0.04353	0.07805	0.02760	0.01884	0.02098	0.01537	0.01122	0.00965	0.00280	0.01806	0.00729	0.00595	0.01268
7	0.02313	0.02313	0.03238	0.02776	0.02776	0.03238	0.02313	0.02545	0.01619	0.02545	0.01388	0.02313	0.01388	0.01851	0.03470	0.00463	0.60907	0.00925	0.00463	0.01157
8	0.01538	0.01025	0.01153	0.01153	0.01153	0.01025	0.00641	0.01538	0.01538	0.02050	0.03331	0.06919	0.03844	0.62842	0.05382	0.01025	0.01025	0.01538	0.00641	0.00641
9	0.02318	0.01938	0.02739	0.02394	0.02523	0.02550	0.01967	0.02607	0.01773	0.07618	0.02049	0.02944	0.01851	0.03484	0.18534	0.00793	0.39196	0.00996	0.00571	0.01158
10	0.02121	0.05469	0.57364	0.03014	0.04576	0.02455	0.03906	0.03348	0.02232	0.03348	0.01897	0.02232	0.01339	0.01005	0.01005	0.00335	0.01563	0.00781	0.00446	0.01563
11	0.02617	0.02512	0.04292	0.06490	0.56246	0.02512	0.03245	0.03245	0.02407	0.03454	0.01989	0.02617	0.01675	0.00942	0.01047	0.00314	0.01256	0.00942	0.00523	0.01675
12	0.01288	0.00920	0.01227	0.01472	0.01534	0.00859	0.00981	0.01472	0.02024	0.02699	0.05828	0.62152	0.06993	0.03312	0.01350	0.00429	0.00613	0.03006	0.00981	0.00859
13	0.01347	0.00945	0.01210	0.01397	0.01444	0.00898	0.00902	0.01488	0.01910	0.02547	0.05242	0.49198	0.06254	0.17274	0.02295	0.00569	0.00710	0.02661	0.00902	0.00808
14	0.02527	0.02377	0.03800	0.13769	0.39805	0.02508	0.02930	0.03570	0.11239	0.03508	0.02368	0.02874	0.01901	0.01043	0.01053	0.00327	0.01207	0.00985	0.00610	0.01600
15	0.01288	0.00920	0.01227	0.01472	0.01534	0.00859	0.00981	0.01472	0.02024	0.02699	0.05828	0.62152	0.06993	0.03312	0.01350	0.00429	0.00613	0.03006	0.00981	0.00859
16	0.02744	0.02413	0.04070	0.09768	0.48670	0.02425	0.03089	0.03360	0.02437	0.07661	0.02155	0.02709	0.01732	0.00979	0.01049	0.00318	0.01238	0.00952	0.00582	0.01651
17	0.38578	0.22309	0.03048	0.01639	0.02402	0.02976	0.01456	0.06902	0.02234	0.07869	0.01742	0.01905	0.01368	0.01001	0.00721	0.00293	0.00952	0.00633	0.00664	0.01309
18	0.01569	0.01198	0.01743	0.11710	0.02769	0.01252	0.01594	0.01959	0.02198	0.02879	0.05064	0.32657	0.05689	0.02776	0.01342	0.00438	0.00888	0.20426	0.00891	0.00957
19	0.01704	0.01217	0.01704	0.01947	0.02191	0.01217	0.01704	0.02191	0.02434	0.03164	0.05598	0.11926	0.06085	0.02921	0.01460	0.00487	0.00974	0.49130	0.00974	0.00974
20	0.02503	0.02396	0.04087	0.16335	0.47287	0.02482	0.03188	0.03145	0.02354	0.03316	0.01969	0.02654	0.01626	0.00963	0.01049	0.00321	0.01284	0.00942	0.00514	0.01583
21	0.02743	0.02327	0.02454	0.02175	0.02792	0.02683	0.01701	0.09448	0.50323	0.04605	0.04160	0.03830	0.03111	0.01421	0.01074	0.00355	0.00863	0.01176	0.01074	0.01684
22	0.03537	0.03042	0.15378	0.02594	0.07694	0.06189	0.02273	0.07597	0.02826	0.25920	0.02878	0.02827	0.01963	0.01124	0.01006	0.00302	0.01163	0.00898	0.00885	0.09905
23	0.04184	0.02453	0.02828	0.02195	0.03009	0.02555	0.01805	0.30305	0.08365	0.25998	0.03320	0.03068	0.02236	0.01298	0.01061	0.00325	0.01034	0.01016	0.01157	0.01788
24	0.70310	0.02045	0.01554	0.01390	0.02045	0.02372	0.01145	0.03108	0.01799	0.04744	0.01472	0.01718	0.01145	0.00981	0.00654	0.00327	0.00818	0.00573	0.00654	0.01145
25	0.06558	0.01955	0.03019	0.34799	0.13605	0.02259	0.02549	0.03148	0.06196	0.06934	0.02297	0.02967	0.01759	0.01628	0.05614	0.00451	0.01381	0.00961	0.00604	0.01317
26	0.02586	0.07498	0.08640	0.32857	0.09583	0.02426	0.06272	0.03271	0.02319	0.11243	0.02228	0.02777	0.01620	0.01058	0.01034	0.00334	0.01336	0.00935	0.00605	0.01379
27	0.01579	0.01266	0.01798	0.14999	0.03043	0.01324	0.01632	0.01998	0.02254	0.02883	0.05792	0.22029	0.14842	0.02545	0.01300	0.00417	0.00899	0.17561	0.00862	0.00975
28	0.04744	0.01799	0.02454	0.01881	0.02699	0.01554	0.01554	0.05153	0.03026	0.56979	0.04171	0.03599	0.02617	0.01309	0.01063	0.00327	0.00900	0.01063	0.01309	0.01799
29	0.02186	0.03955	0.36192	0.02695	0.03837	0.02063	0.06698	0.03130	0.02372	0.07188	0.07195	0.08239	0.02989	0.01445	0.01110	0.00355	0.01322	0.04948	0.00658	0.01421
30	0.20084	0.02477	0.08087	0.11491	0.16047	0.02401	0.08444	0.03008	0.02190	0.03663	0.06075	0.02802	0.02099	0.01133	0.01162	0.00342	0.05628	0.00944	0.00591	0.01333
31	0.01997	0.01879	0.03171	0.60301	0.07282	0.02349	0.02936	0.02701	0.02114	0.02701	0.01879	0.02819	0.01409	0.01057	0.01057	0.00352	0.01409	0.00940	0.00470	0.01175
32	0.02313	0.02313	0.03238	0.02776	0.02776	0.03238	0.02313	0.02545	0.01619	0.02545	0.01388	0.02313	0.01388	0.01851	0.03470	0.00463	0.60907	0.00925	0.00463	0.01157
33	0.03211	0.07982	0.20251	0.06785	0.03841	0.02283	0.06145	0.04159	0.07183	0.23171	0.02936	0.02937	0.02007	0.01143	0.01028	0.00328	0.01223	0.00951	0.00830	0.01605
34	0.01775	0.01304	0.01446	0.01387	0.01538	0.01377	0.00896	0.02472	0.13288	0.02742	0.07579	0.06339	0.04180	0.44632	0.04114	0.00825	0.00943	0.01491	0.00777	0.00896
35	0.01704	0.01217	0.01704	0.01947	0.02191	0.01217	0.01704	0.02191	0.02434	0.03164	0.05598	0.11926	0.06085	0.02921	0.01460	0.00487	0.00974	0.49130	0.00974	0.00974
36	0.02041	0.03981	0.35756	0.02718	0.03850	0.02155	0.07624	0.03189	0.06492	0.03510	0.10009	0.08097	0.03191	0.01379	0.01095	0.00346	0.01298	0.01198	0.00649	0.01422
37	0.02837	0.07651	0.16371	0.11812	0.04355	0.07132	0.10594	0.06419	0.02612	0.11309	0.02558	0.03367	0.02000	0.01211	0.01073	0.00338	0.01401	0.04840	0.00681	0.01438
38	0.01525	0.01073	0.01396	0.01396	0.01480	0.01157	0.00944	0.01694	0.01610	0.02230	0.03109	0.05688	0.03309	0.38392	0.29100	0.01325	0.01830	0.01357	0.00608	0.00776
39	0.01353	0.00970	0.01284	0.01428	0.01548	0.00902	0.00986	0.01634	0.02323	0.03175	0.21228	0.45395	0.07914	0.02957	0.01318	0.00399	0.00578	0.02668	0.01038	0.00902
40	0.02333	0.09595	0.29685	0.08061	0.08492	0.02665	0.09762	0.03578	0.09229	0.03370	0.02217	0.02573	0.01661	0.01037	0.01024	0.00331	0.01418	0.00904	0.00551	0.01516
41	0.02358	0.12224	0.08936	0.22020	0.05584	0.02789	0.24859	0.03127	0.02298	0.03021	0.01932	0.02614	0.01483	0.00955	0.01079	0.00333	0.01543	0.01006	0.00494	0.01344
42	0.01538	0.01025	0.01153	0.01153	0.01153	0.01025	0.00641	0.01538	0.01538	0.02050	0.03331	0.06919	0.03844	0.62842	0.05382	0.01025	0.01025	0.01538	0.00641	0.00641
43	0.08174	0.02449	0.07207	0.02539	0.02787	0.02904	0.02208	0.02883	0.06398	0.02961	0.01803	0.02538	0.01621	0.02122	0.06917	0.00523	0.41285	0.00923	0.00540	0.01218
44	0.08080	0.11051	0.11577	0.15694	0.07807	0.06387	0.02298	0.03157	0.02234	0.07562	0.02092	0.02741	0.01695	0.05927	0.01276	0.00356	0.01242	0.00846	0.00586	0.07393
45	0.08211	0.05163	0.52379	0.02869	0.04350	0.02448	0.03660	0.03327	0.02194	0.03473	0.01859	0.02186	0.01322	0.01002	0.00973	0.00334	0.01496	0.00763	0.00465	0.01525
46	0.01755	0.00946	0.01354	0.01347	0.01400	0.00923	0.00915	0.01445	0.01611	0.02140	0.07417	0.04237	0.07253	0.03452	0.03624	0.57100	0.00848	0.01121	0.00567	0.00545
47	0.03255	0.21789	0.07999	0.02340	0.03136	0.15255	0.06635	0.03700	0.02549	0.14043	0.02555	0.07689	0.02146	0.01252	0.00959	0.00296	0.01305	0.00994	0.00706	0.01398
48	0.52495	0.01901	0.01685	0.01485	0.02115	0.02091	0.01203	0.03325	0.02037	0.13843	0.02341	0.07449	0.01929	0.01248	0.00789	0.00336	0.00814	0.00877	0.00800	0.01236

[dist]
# distance from previous block
# <min> <max>
0	401

# created by:
# /st0/software/busco_prod/Augustus/scripts/msa2prfl.pl ./align_prep/7776.fa
