[name]
unknown

[dist]
# distance from previous block
# <min> <max>
0	259

[block]
# block no. 0 follows, 13 sequences, length 118
# corresponding to MSA columns:
# 259-351,353-377
name=unknown_A
#
# <colnr> <probs for GDERKNQSTAVLIFYWHMCP>
#	G	D	E	R	K	N	Q	S	T	A	V	L	I	F	Y	W	H	M	C	P
0	0.03282	0.02095	0.02451	0.02114	0.02746	0.02215	0.01741	0.17094	0.17047	0.17212	0.04110	0.05355	0.03373	0.01708	0.01158	0.00370	0.00970	0.12285	0.01103	0.01573
1	0.04447	0.02215	0.08670	0.02009	0.02912	0.01656	0.01820	0.04948	0.02936	0.50907	0.03914	0.03444	0.02473	0.01274	0.01057	0.00328	0.00975	0.01031	0.01211	0.01773
2	0.01381	0.01076	0.01254	0.01210	0.01509	0.00949	0.00907	0.01773	0.02721	0.03596	0.34742	0.08959	0.31325	0.02402	0.01248	0.00344	0.00516	0.02061	0.01079	0.00949
3	0.03912	0.03660	0.02883	0.02423	0.03074	0.28298	0.01887	0.21868	0.03629	0.10200	0.02359	0.02646	0.01820	0.05085	0.01284	0.00343	0.01466	0.00877	0.00825	0.01463
4	0.01414	0.01078	0.01299	0.01244	0.01529	0.00963	0.00933	0.01836	0.02798	0.03778	0.40679	0.08658	0.25274	0.02334	0.01248	0.00341	0.00511	0.02019	0.01103	0.00963
5	0.02177	0.01831	0.01984	0.01837	0.02308	0.02022	0.01406	0.04221	0.35815	0.04064	0.13169	0.09911	0.11115	0.01849	0.01145	0.00360	0.00729	0.01578	0.01070	0.01408
6	0.03882	0.02678	0.03617	0.02708	0.03592	0.02770	0.11865	0.32242	0.04043	0.17366	0.02828	0.02840	0.01945	0.01203	0.01097	0.00327	0.01226	0.01035	0.01011	0.01725
7	0.01479	0.01080	0.01389	0.01312	0.01569	0.00990	0.00984	0.01961	0.02952	0.04142	0.52499	0.08059	0.13227	0.02198	0.01247	0.00334	0.00501	0.01935	0.01151	0.00990
8	0.02674	0.09677	0.03789	0.16203	0.04340	0.13809	0.11936	0.06488	0.02639	0.03238	0.08546	0.03096	0.02524	0.01218	0.01214	0.00325	0.05361	0.01027	0.00621	0.01274
9	0.02140	0.01354	0.01733	0.01463	0.01941	0.01167	0.01136	0.02619	0.02835	0.12236	0.36788	0.06074	0.07129	0.01750	0.01124	0.00296	0.00619	0.01520	0.01077	0.14999
10	0.10090	0.01319	0.01774	0.06852	0.08263	0.01357	0.01418	0.01977	0.02047	0.03039	0.04527	0.43024	0.05205	0.02569	0.01205	0.00397	0.00777	0.02300	0.00847	0.01013
11	0.03425	0.32322	0.04184	0.02297	0.03010	0.33194	0.01934	0.03729	0.02600	0.02541	0.01558	0.01808	0.01360	0.01003	0.00825	0.00251	0.01544	0.00627	0.00502	0.01287
12	0.03703	0.04534	0.02746	0.02507	0.03015	0.51424	0.01881	0.04003	0.02899	0.02756	0.01860	0.02160	0.01530	0.01107	0.00927	0.00269	0.01731	0.00719	0.09032	0.01196
13	0.02184	0.02326	0.09061	0.01746	0.02763	0.01540	0.01583	0.02748	0.02197	0.03433	0.01882	0.02197	0.01538	0.00811	0.00811	0.00179	0.00880	0.00646	0.00604	0.60871
14	0.03430	0.02086	0.03097	0.02405	0.03159	0.02032	0.11459	0.07629	0.13327	0.26126	0.10108	0.03988	0.03404	0.01356	0.01124	0.00339	0.01027	0.01224	0.01077	0.01601
15	0.01937	0.02088	0.09251	0.02624	0.09702	0.01614	0.05097	0.02473	0.02193	0.03104	0.03409	0.13366	0.03493	0.06338	0.05321	0.00483	0.01176	0.11162	0.00704	0.14464
16	0.01498	0.01035	0.01160	0.01154	0.01217	0.01006	0.00685	0.01565	0.01746	0.02298	0.07722	0.07405	0.10975	0.51072	0.04575	0.00893	0.00927	0.01652	0.00719	0.00697
17	0.02704	0.02060	0.02494	0.02160	0.02755	0.02222	0.05006	0.07709	0.31339	0.10143	0.04665	0.08628	0.07117	0.01681	0.01140	0.00365	0.00901	0.04341	0.01045	0.01525
18	0.03636	0.24360	0.03748	0.02190	0.02935	0.21675	0.01843	0.07292	0.06025	0.13397	0.02290	0.02327	0.01746	0.01101	0.00894	0.00275	0.01329	0.00764	0.00726	0.01447
19	0.02127	0.02220	0.08375	0.01711	0.02664	0.01494	0.01532	0.02685	0.02263	0.03499	0.06292	0.02665	0.02230	0.00921	0.00846	0.00191	0.00848	0.00749	0.00650	0.56037
20	0.01333	0.00958	0.01195	0.01364	0.01447	0.00895	0.00895	0.01490	0.01973	0.02590	0.05893	0.45474	0.11905	0.14874	0.02126	0.00538	0.00685	0.02631	0.00915	0.00820
21	0.03116	0.02989	0.10689	0.03623	0.07969	0.02594	0.25476	0.13826	0.03051	0.12176	0.02492	0.02814	0.01772	0.01049	0.01139	0.00339	0.01460	0.01085	0.00749	0.01592
22	0.01509	0.01013	0.01162	0.01189	0.01196	0.01006	0.00679	0.01530	0.01593	0.02124	0.03614	0.13172	0.04200	0.56102	0.04925	0.00958	0.00978	0.01704	0.00679	0.00665
23	0.02184	0.05071	0.50519	0.02906	0.04349	0.02477	0.03628	0.03631	0.08719	0.03482	0.02197	0.02445	0.01574	0.01058	0.01013	0.00338	0.01472	0.00833	0.00525	0.01576
24	0.01278	0.01072	0.01110	0.01100	0.01445	0.00904	0.00825	0.01571	0.02476	0.03013	0.15803	0.09918	0.50627	0.02619	0.01249	0.00354	0.00531	0.02195	0.01002	0.00904
25	0.02361	0.03789	0.24533	0.03940	0.05186	0.02596	0.35051	0.03373	0.02401	0.03373	0.02053	0.02630	0.01509	0.00932	0.01161	0.00349	0.01704	0.01081	0.00503	0.01475
26	0.01510	0.01133	0.01699	0.01699	0.01888	0.01322	0.01322	0.01888	0.01699	0.02454	0.02832	0.04154	0.02643	0.07930	0.58652	0.01699	0.02832	0.01133	0.00566	0.00944
27	0.02121	0.05469	0.57364	0.03014	0.04576	0.02455	0.03906	0.03348	0.02232	0.03348	0.01897	0.02232	0.01339	0.01005	0.01005	0.00335	0.01563	0.00781	0.00446	0.01563
28	0.02618	0.01175	0.01328	0.01194	0.01574	0.01118	0.00929	0.03091	0.02406	0.16317	0.03618	0.03862	0.02688	0.01250	0.00815	0.00265	0.00588	0.01004	0.52984	0.01175
29	0.01332	0.00952	0.01273	0.01492	0.01580	0.00893	0.01030	0.01560	0.02127	0.02851	0.09735	0.54589	0.07168	0.03196	0.01349	0.00426	0.00628	0.05946	0.00995	0.00877
30	0.02238	0.02055	0.03159	0.02585	0.03165	0.02204	0.15024	0.03809	0.23701	0.03491	0.03290	0.03902	0.02687	0.06968	0.16027	0.00742	0.01608	0.01216	0.00774	0.01355
31	0.03284	0.22833	0.03548	0.01947	0.02786	0.11057	0.01671	0.07463	0.02672	0.13206	0.02185	0.02274	0.01680	0.01005	0.00848	0.00241	0.01118	0.00721	0.00717	0.18745
32	0.01288	0.00920	0.01227	0.01472	0.01534	0.00859	0.00981	0.01472	0.02024	0.02699	0.05828	0.62152	0.06993	0.03312	0.01350	0.00429	0.00613	0.03006	0.00981	0.00859
33	0.02666	0.03297	0.18649	0.07633	0.10775	0.02434	0.24481	0.03541	0.02460	0.10183	0.02302	0.02757	0.01660	0.00991	0.01126	0.00342	0.01529	0.01048	0.00605	0.01521
34	0.02853	0.25909	0.09043	0.02892	0.07039	0.06837	0.09846	0.09370	0.02557	0.03294	0.01774	0.02180	0.01474	0.01099	0.01261	0.00307	0.09472	0.00816	0.00552	0.01425
35	0.02827	0.63478	0.05540	0.01809	0.02714	0.04184	0.01809	0.03166	0.02148	0.02488	0.01470	0.01696	0.01357	0.00905	0.00678	0.00226	0.01131	0.00565	0.00452	0.01357
36	0.01288	0.00920	0.01227	0.01472	0.01534	0.00859	0.00981	0.01472	0.02024	0.02699	0.05828	0.62152	0.06993	0.03312	0.01350	0.00429	0.00613	0.03006	0.00981	0.00859
37	0.02304	0.04595	0.44464	0.02728	0.04054	0.02290	0.03324	0.03559	0.06620	0.07406	0.06491	0.02918	0.02266	0.01153	0.01034	0.00336	0.01371	0.00925	0.00617	0.01544
38	0.01837	0.00918	0.01377	0.01377	0.01377	0.00918	0.00918	0.01377	0.01377	0.01837	0.01837	0.03214	0.01837	0.03673	0.04132	0.69238	0.00918	0.00918	0.00459	0.00459
39	0.02576	0.02470	0.04217	0.10054	0.53003	0.02501	0.03224	0.03209	0.02388	0.03404	0.01982	0.02630	0.01657	0.00950	0.01047	0.00317	0.01266	0.00942	0.00520	0.01642
40	0.01364	0.00975	0.01307	0.01515	0.01621	0.00919	0.01073	0.01621	0.02185	0.02931	0.11444	0.49756	0.07218	0.03133	0.01352	0.00426	0.00645	0.08625	0.01001	0.00889
41	0.02209	0.01858	0.02013	0.01838	0.02327	0.02052	0.01417	0.04309	0.36477	0.04203	0.17019	0.05573	0.10756	0.01745	0.01135	0.00352	0.00724	0.01480	0.01086	0.01427
42	0.01510	0.01133	0.01699	0.01699	0.01888	0.01322	0.01322	0.01888	0.01699	0.02454	0.02832	0.04154	0.02643	0.07930	0.58652	0.01699	0.02832	0.01133	0.00566	0.00944
43	0.01496	0.01081	0.01413	0.01330	0.01580	0.00998	0.00998	0.01995	0.02993	0.04240	0.55689	0.07898	0.09976	0.02162	0.01247	0.00333	0.00499	0.01912	0.01164	0.00998
44	0.70310	0.02045	0.01554	0.01390	0.02045	0.02372	0.01145	0.03108	0.01799	0.04744	0.01472	0.01718	0.01145	0.00981	0.00654	0.00327	0.00818	0.00573	0.00654	0.01145
45	0.04019	0.02962	0.03173	0.02433	0.03279	0.03279	0.02010	0.52721	0.04971	0.06663	0.02538	0.02538	0.01798	0.01269	0.01058	0.00317	0.01163	0.00952	0.01058	0.01798
46	0.04744	0.01799	0.02454	0.01881	0.02699	0.01554	0.01554	0.05153	0.03026	0.56979	0.04171	0.03599	0.02617	0.01309	0.01063	0.00327	0.00900	0.01063	0.01309	0.01799
47	0.10775	0.18578	0.38323	0.02530	0.03826	0.02848	0.03073	0.03276	0.02159	0.03321	0.01745	0.02043	0.01319	0.00978	0.00885	0.00309	0.01369	0.00705	0.00474	0.01463
48	0.03636	0.14374	0.03534	0.02282	0.03112	0.03377	0.01934	0.37979	0.10024	0.05617	0.02535	0.02538	0.01876	0.01219	0.00988	0.00305	0.01120	0.00906	0.00945	0.01700
49	0.02395	0.33719	0.24714	0.02252	0.03317	0.03172	0.02544	0.03076	0.02124	0.02810	0.01802	0.02205	0.01510	0.01817	0.08020	0.00451	0.01506	0.00718	0.00464	0.01383
50	0.02867	0.02959	0.13513	0.12606	0.18466	0.02472	0.10297	0.09610	0.02745	0.10668	0.02330	0.02732	0.01702	0.01051	0.01074	0.00332	0.01355	0.00976	0.00672	0.01573
51	0.01883	0.01714	0.02743	0.02377	0.02617	0.02086	0.07990	0.02279	0.01774	0.02599	0.02297	0.03420	0.02124	0.05164	0.34354	0.01148	0.20752	0.01083	0.00530	0.01070
52	0.02827	0.63478	0.05540	0.01809	0.02714	0.04184	0.01809	0.03166	0.02148	0.02488	0.01470	0.01696	0.01357	0.00905	0.00678	0.00226	0.01131	0.00565	0.00452	0.01357
53	0.02496	0.02852	0.06239	0.04456	0.05526	0.02674	0.52406	0.03387	0.02496	0.03387	0.02139	0.02852	0.01604	0.00891	0.01248	0.00357	0.01783	0.01248	0.00535	0.01426
54	0.01635	0.02333	0.17602	0.01819	0.02433	0.01396	0.01827	0.02290	0.02612	0.03696	0.30831	0.13163	0.10199	0.02004	0.01190	0.00347	0.00824	0.01742	0.00921	0.01137
55	0.01288	0.00920	0.01227	0.01472	0.01534	0.00859	0.00981	0.01472	0.02024	0.02699	0.05828	0.62152	0.06993	0.03312	0.01350	0.00429	0.00613	0.03006	0.00981	0.00859
56	0.02662	0.49943	0.17633	0.02090	0.03148	0.03780	0.02299	0.03209	0.02168	0.02688	0.01570	0.01821	0.01353	0.00928	0.00755	0.00252	0.01231	0.00616	0.00451	0.01405
57	0.03360	0.02984	0.02672	0.02284	0.02925	0.15675	0.01793	0.17199	0.22705	0.08043	0.06703	0.03351	0.02840	0.01352	0.01053	0.00324	0.01152	0.01052	0.00969	0.01564
58	0.01845	0.01161	0.01504	0.01372	0.01694	0.01052	0.01045	0.02315	0.02951	0.10102	0.46318	0.07590	0.12749	0.02106	0.01226	0.00334	0.00547	0.01841	0.01166	0.01080
59	0.01559	0.02014	0.14303	0.01734	0.02126	0.01283	0.01559	0.01930	0.01923	0.02651	0.04141	0.31143	0.04703	0.21126	0.02512	0.00591	0.00962	0.02034	0.00752	0.00956
60	0.01496	0.01081	0.01413	0.01330	0.01580	0.00998	0.00998	0.01995	0.02993	0.04240	0.55689	0.07898	0.09976	0.02162	0.01247	0.00333	0.00499	0.01912	0.01164	0.00998
61	0.70310	0.02045	0.01554	0.01390	0.02045	0.02372	0.01145	0.03108	0.01799	0.04744	0.01472	0.01718	0.01145	0.00981	0.00654	0.00327	0.00818	0.00573	0.00654	0.01145
62	0.02192	0.01879	0.02192	0.01566	0.02506	0.01409	0.01253	0.02662	0.02192	0.03445	0.01879	0.02192	0.01566	0.00783	0.00783	0.00157	0.00783	0.00626	0.00626	0.69305
63	0.01496	0.01081	0.01413	0.01330	0.01580	0.00998	0.00998	0.01995	0.02993	0.04240	0.55689	0.07898	0.09976	0.02162	0.01247	0.00333	0.00499	0.01912	0.01164	0.00998
64	0.02826	0.01633	0.02416	0.02004	0.02547	0.01522	0.07121	0.06559	0.02917	0.21173	0.19138	0.12638	0.05406	0.01883	0.01204	0.00357	0.00871	0.05347	0.01095	0.01342
65	0.02532	0.01954	0.03131	0.14132	0.03986	0.01820	0.11699	0.03126	0.02474	0.11984	0.09292	0.03418	0.02804	0.01124	0.01036	0.00286	0.01090	0.01050	0.00756	0.22305
66	0.70310	0.02045	0.01554	0.01390	0.02045	0.02372	0.01145	0.03108	0.01799	0.04744	0.01472	0.01718	0.01145	0.00981	0.00654	0.00327	0.00818	0.00573	0.00654	0.01145
67	0.03555	0.02945	0.03651	0.02847	0.03647	0.13498	0.15255	0.10757	0.11374	0.17016	0.02939	0.02984	0.02092	0.01170	0.01092	0.00328	0.01357	0.01044	0.00882	0.01567
68	0.01517	0.01108	0.01572	0.01572	0.01717	0.01252	0.01163	0.01806	0.01662	0.02360	0.02949	0.04799	0.02923	0.20743	0.46222	0.01542	0.02410	0.01227	0.00584	0.00873
69	0.02453	0.02324	0.03838	0.20447	0.38838	0.02478	0.03034	0.03295	0.06586	0.03333	0.02149	0.02779	0.01731	0.01013	0.01052	0.00328	0.01263	0.00962	0.00554	0.01542
70	0.01538	0.01025	0.01153	0.01153	0.01153	0.01025	0.00641	0.01538	0.01538	0.02050	0.03331	0.06919	0.03844	0.62842	0.05382	0.01025	0.01025	0.01538	0.00641	0.00641
71	0.01607	0.01215	0.01500	0.01405	0.01701	0.01175	0.01060	0.02372	0.08764	0.04163	0.46682	0.07612	0.12463	0.02116	0.01228	0.00337	0.00540	0.01854	0.01141	0.01067
72	0.01498	0.01022	0.01233	0.01318	0.01359	0.01008	0.00841	0.01596	0.01753	0.02328	0.04170	0.20374	0.04832	0.42168	0.03997	0.00825	0.00923	0.07268	0.00758	0.00729
73	0.02305	0.03678	0.24186	0.10263	0.05385	0.02559	0.29451	0.03295	0.02358	0.03295	0.02023	0.02627	0.01487	0.00951	0.01139	0.00348	0.01662	0.01046	0.00496	0.01446
74	0.12907	0.01830	0.02342	0.01820	0.02618	0.01656	0.01503	0.04898	0.02873	0.50475	0.03835	0.03365	0.02434	0.01268	0.01012	0.00327	0.00890	0.01002	0.01227	0.01718
75	0.03306	0.27821	0.03913	0.02231	0.02963	0.30577	0.01861	0.03627	0.02570	0.02645	0.01597	0.01856	0.01383	0.00982	0.00825	0.00241	0.01472	0.00629	0.00517	0.08985
76	0.02799	0.01860	0.02255	0.01641	0.02552	0.01444	0.01324	0.03254	0.02391	0.16171	0.02424	0.02527	0.01816	0.00908	0.00850	0.00197	0.00811	0.00730	0.00789	0.53258
77	0.02192	0.01879	0.02192	0.01566	0.02506	0.01409	0.01253	0.02662	0.02192	0.03445	0.01879	0.02192	0.01566	0.00783	0.00783	0.00157	0.00783	0.00626	0.00626	0.69305
78	0.02951	0.45683	0.08455	0.02352	0.06818	0.08155	0.02086	0.07328	0.02471	0.02964	0.01636	0.01884	0.01415	0.00958	0.00779	0.00251	0.01232	0.00648	0.00514	0.01419
79	0.02469	0.01711	0.02213	0.01831	0.02230	0.01790	0.01435	0.02777	0.02167	0.12718	0.09306	0.04128	0.03226	0.13441	0.02497	0.00460	0.16645	0.01126	0.00778	0.17053
80	0.11004	0.03590	0.11526	0.02601	0.03479	0.13600	0.06153	0.23071	0.06952	0.04740	0.02233	0.02396	0.01651	0.01143	0.01000	0.00318	0.01356	0.00870	0.00779	0.01540
81	0.02537	0.02207	0.03775	0.18611	0.32725	0.02285	0.06093	0.03150	0.02365	0.07600	0.02430	0.07090	0.02070	0.01169	0.01086	0.00336	0.01252	0.01122	0.00609	0.01489
82	0.01252	0.01060	0.01082	0.01100	0.01436	0.00890	0.00816	0.01514	0.02383	0.02845	0.10365	0.13861	0.52355	0.02723	0.01257	0.00362	0.00541	0.02286	0.00982	0.00890
83	0.02411	0.02273	0.02293	0.01710	0.02601	0.08529	0.01351	0.02856	0.02293	0.03339	0.01849	0.02157	0.01541	0.00821	0.00804	0.00171	0.00923	0.00633	0.00616	0.60829
84	0.03192	0.02766	0.10194	0.02666	0.03597	0.05849	0.14349	0.06880	0.02805	0.19354	0.06556	0.03190	0.02469	0.01143	0.01070	0.00309	0.01240	0.01045	0.00843	0.10481
85	0.10648	0.29542	0.14304	0.02155	0.03141	0.03412	0.02185	0.16268	0.02870	0.04008	0.01833	0.02023	0.01446	0.01028	0.00838	0.00282	0.01186	0.00709	0.00634	0.01488
86	0.02827	0.63478	0.05540	0.01809	0.02714	0.04184	0.01809	0.03166	0.02148	0.02488	0.01470	0.01696	0.01357	0.00905	0.00678	0.00226	0.01131	0.00565	0.00452	0.01357
87	0.01289	0.01027	0.01157	0.01221	0.01477	0.00894	0.00879	0.01558	0.02360	0.02966	0.14332	0.25574	0.35921	0.02810	0.01279	0.00376	0.00555	0.02429	0.01002	0.00894
88	0.01401	0.01007	0.01328	0.01396	0.01558	0.00934	0.00990	0.01755	0.02547	0.03531	0.32744	0.32864	0.08603	0.02691	0.01294	0.00377	0.00552	0.02415	0.01080	0.00934
89	0.70310	0.02045	0.01554	0.01390	0.02045	0.02372	0.01145	0.03108	0.01799	0.04744	0.01472	0.01718	0.01145	0.00981	0.00654	0.00327	0.00818	0.00573	0.00654	0.01145
90	0.01496	0.01081	0.01413	0.01330	0.01580	0.00998	0.00998	0.01995	0.02993	0.04240	0.55689	0.07898	0.09976	0.02162	0.01247	0.00333	0.00499	0.01912	0.01164	0.00998
91	0.02630	0.02271	0.02391	0.02152	0.02749	0.02630	0.01674	0.05618	0.54336	0.04423	0.04303	0.03945	0.03228	0.01434	0.01076	0.00359	0.00837	0.01195	0.01076	0.01674
92	0.02084	0.01211	0.01601	0.01430	0.01782	0.01098	0.01098	0.02566	0.02999	0.13777	0.46372	0.07120	0.08646	0.02007	0.01214	0.00332	0.00571	0.01759	0.01190	0.01143
93	0.01301	0.00992	0.01196	0.01316	0.01503	0.00888	0.00922	0.01553	0.02278	0.02945	0.13727	0.37390	0.24279	0.02949	0.01302	0.00392	0.00572	0.02601	0.01004	0.00888
94	0.01316	0.00947	0.01286	0.01500	0.01578	0.00916	0.01024	0.01524	0.01984	0.02669	0.05455	0.54931	0.06451	0.03887	0.08484	0.00587	0.00890	0.02773	0.00930	0.00869
95	0.01302	0.00931	0.01239	0.01463	0.01537	0.00868	0.00983	0.01506	0.02088	0.02800	0.09087	0.58605	0.07188	0.03237	0.01343	0.00423	0.00606	0.02934	0.00993	0.00868
96	0.02630	0.02271	0.02391	0.02152	0.02749	0.02630	0.01674	0.05618	0.54336	0.04423	0.04303	0.03945	0.03228	0.01434	0.01076	0.00359	0.00837	0.01195	0.01076	0.01674
97	0.01971	0.00985	0.00985	0.00985	0.01232	0.00985	0.00739	0.02464	0.02217	0.03942	0.03449	0.03942	0.02710	0.01232	0.00739	0.00246	0.00493	0.00985	0.68712	0.00985
98	0.04068	0.02883	0.03124	0.02395	0.03240	0.03162	0.01979	0.49492	0.04839	0.10079	0.02649	0.02610	0.01854	0.01272	0.01058	0.00318	0.01146	0.00959	0.01075	0.01798
99	0.01510	0.01133	0.01699	0.01699	0.01888	0.01322	0.01322	0.01888	0.01699	0.02454	0.02832	0.04154	0.02643	0.07930	0.58652	0.01699	0.02832	0.01133	0.00566	0.00944
100	0.02585	0.06869	0.04367	0.21266	0.18454	0.09766	0.15278	0.03237	0.02399	0.03036	0.01913	0.02583	0.01516	0.00980	0.01064	0.00325	0.01509	0.00959	0.00508	0.01384
101	0.28554	0.16267	0.06742	0.02040	0.02851	0.06507	0.05121	0.07042	0.05813	0.07335	0.01989	0.02160	0.01528	0.01038	0.00825	0.00305	0.01104	0.00737	0.00678	0.01367
102	0.02468	0.02688	0.07470	0.08986	0.32054	0.06113	0.09257	0.03134	0.02502	0.03427	0.08950	0.03275	0.02682	0.01116	0.01090	0.00323	0.01301	0.01079	0.00601	0.01480
103	0.02121	0.05469	0.57364	0.03014	0.04576	0.02455	0.03906	0.03348	0.02232	0.03348	0.01897	0.02232	0.01339	0.01005	0.01005	0.00335	0.01563	0.00781	0.00446	0.01563
104	0.01538	0.01025	0.01153	0.01153	0.01153	0.01025	0.00641	0.01538	0.01538	0.02050	0.03331	0.06919	0.03844	0.62842	0.05382	0.01025	0.01025	0.01538	0.00641	0.00641
105	0.01297	0.01063	0.01143	0.01143	0.01462	0.00909	0.00850	0.01601	0.02491	0.03097	0.18536	0.13050	0.44440	0.02625	0.01255	0.00357	0.00534	0.02223	0.01015	0.00909
106	0.02036	0.01933	0.03180	0.53139	0.06721	0.02460	0.02859	0.02682	0.02053	0.02682	0.01818	0.02756	0.01407	0.01156	0.01357	0.00366	0.08817	0.00938	0.00469	0.01172
107	0.01466	0.01080	0.01371	0.01298	0.01561	0.00985	0.00973	0.01936	0.02920	0.04068	0.50089	0.08181	0.15684	0.02226	0.01247	0.00336	0.00503	0.01952	0.01141	0.00985
108	0.70310	0.02045	0.01554	0.01390	0.02045	0.02372	0.01145	0.03108	0.01799	0.04744	0.01472	0.01718	0.01145	0.00981	0.00654	0.00327	0.00818	0.00573	0.00654	0.01145
109	0.01510	0.01133	0.01699	0.01699	0.01888	0.01322	0.01322	0.01888	0.01699	0.02454	0.02832	0.04154	0.02643	0.07930	0.58652	0.01699	0.02832	0.01133	0.00566	0.00944
110	0.01510	0.01133	0.01699	0.01699	0.01888	0.01322	0.01322	0.01888	0.01699	0.02454	0.02832	0.04154	0.02643	0.07930	0.58652	0.01699	0.02832	0.01133	0.00566	0.00944
111	0.01471	0.01061	0.01390	0.01348	0.01574	0.00980	0.00996	0.01930	0.02872	0.04048	0.49481	0.14653	0.09605	0.02305	0.01260	0.00345	0.00513	0.02048	0.01141	0.00980
112	0.03955	0.04869	0.03011	0.02700	0.03269	0.54063	0.02040	0.08197	0.03158	0.02922	0.01708	0.01958	0.01398	0.01104	0.00962	0.00276	0.01846	0.00703	0.00587	0.01273
113	0.03629	0.04367	0.02849	0.02585	0.03143	0.45015	0.01953	0.04561	0.15455	0.03033	0.02282	0.02401	0.01815	0.01173	0.00983	0.00293	0.01647	0.00806	0.00674	0.01334
114	0.02308	0.20856	0.43617	0.02694	0.04082	0.02914	0.03350	0.03300	0.02210	0.03120	0.01784	0.02090	0.01344	0.00978	0.00918	0.00306	0.01448	0.00724	0.00448	0.01508
115	0.01510	0.01133	0.01699	0.01699	0.01888	0.01322	0.01322	0.01888	0.01699	0.02454	0.02832	0.04154	0.02643	0.07930	0.58652	0.01699	0.02832	0.01133	0.00566	0.00944
116	0.03080	0.02171	0.05889	0.01990	0.02567	0.05591	0.01691	0.09543	0.02998	0.20527	0.14930	0.09315	0.04463	0.01760	0.01291	0.00352	0.04666	0.04743	0.01035	0.01398
117	0.02730	0.55522	0.12648	0.01974	0.02969	0.03947	0.02097	0.03191	0.02160	0.02606	0.01529	0.01770	0.01354	0.00918	0.00723	0.00241	0.01190	0.00595	0.00451	0.01385

[dist]
# distance from previous block
# <min> <max>
0	2

[block]
# block no. 1 follows, 13 sequences, length 11
# corresponding to MSA columns:
# 380-390
name=unknown_B
#
# <colnr> <probs for GDERKNQSTAVLIFYWHMCP>
#	G	D	E	R	K	N	Q	S	T	A	V	L	I	F	Y	W	H	M	C	P
0	0.02225	0.12843	0.43254	0.02664	0.04058	0.02554	0.03281	0.03235	0.02216	0.03245	0.01837	0.02155	0.01371	0.00962	0.00932	0.00297	0.01404	0.00732	0.00470	0.10263
1	0.02677	0.04458	0.41571	0.02713	0.04041	0.02297	0.03241	0.03911	0.07269	0.13842	0.02564	0.02658	0.01764	0.01104	0.01023	0.00336	0.01366	0.00875	0.00673	0.01619
2	0.01288	0.00920	0.01227	0.01472	0.01534	0.00859	0.00981	0.01472	0.02024	0.02699	0.05828	0.62152	0.06993	0.03312	0.01350	0.00429	0.00613	0.03006	0.00981	0.00859
3	0.01984	0.01860	0.03051	0.45426	0.13119	0.02183	0.02703	0.02622	0.02192	0.02823	0.03032	0.03740	0.08455	0.01250	0.01080	0.00348	0.01276	0.01106	0.00543	0.01206
4	0.02216	0.13306	0.50363	0.02851	0.04325	0.02689	0.03623	0.03324	0.02221	0.03232	0.01840	0.02160	0.01342	0.00991	0.00960	0.00320	0.01504	0.00752	0.00447	0.01535
5	0.03625	0.11572	0.08279	0.02479	0.03203	0.34314	0.02093	0.04256	0.07417	0.09819	0.02204	0.02312	0.01688	0.01118	0.00950	0.00287	0.01554	0.00771	0.00670	0.01387
6	0.02192	0.01879	0.02192	0.01566	0.02506	0.01409	0.01253	0.02662	0.02192	0.03445	0.01879	0.02192	0.01566	0.00783	0.00783	0.00157	0.00783	0.00626	0.00626	0.69305
7	0.02192	0.01879	0.02192	0.01566	0.02506	0.01409	0.01253	0.02662	0.02192	0.03445	0.01879	0.02192	0.01566	0.00783	0.00783	0.00157	0.00783	0.00626	0.00626	0.69305
8	0.02807	0.12506	0.35463	0.02638	0.03913	0.02745	0.03059	0.12174	0.02780	0.09069	0.02175	0.02348	0.01548	0.01067	0.00976	0.00316	0.01369	0.00810	0.00639	0.01599
9	0.02570	0.02569	0.03947	0.04406	0.25527	0.06433	0.13164	0.03668	0.12485	0.03646	0.08122	0.03430	0.02813	0.01165	0.01110	0.00331	0.01255	0.01140	0.00701	0.01517
10	0.02352	0.01794	0.02139	0.01571	0.02432	0.01382	0.01255	0.02820	0.02345	0.08312	0.07356	0.02877	0.02484	0.00965	0.00854	0.00189	0.00766	0.00791	0.00740	0.56574

[dist]
# distance from previous block
# <min> <max>
0	2

[block]
# block no. 2 follows, 13 sequences, length 8
# corresponding to MSA columns:
# 393-400
name=unknown_C
#
# <colnr> <probs for GDERKNQSTAVLIFYWHMCP>
#	G	D	E	R	K	N	Q	S	T	A	V	L	I	F	Y	W	H	M	C	P
0	0.02679	0.02718	0.03994	0.19160	0.04980	0.12759	0.20270	0.03296	0.02477	0.07056	0.02494	0.08624	0.02118	0.01247	0.01136	0.00345	0.01519	0.01217	0.00622	0.01291
1	0.01271	0.00988	0.01157	0.01293	0.01486	0.00874	0.00902	0.01492	0.02197	0.02769	0.08009	0.38929	0.28807	0.03029	0.01305	0.00397	0.00579	0.02660	0.00982	0.00874
2	0.02754	0.40309	0.09842	0.01944	0.02915	0.03406	0.01934	0.07918	0.02440	0.03159	0.01693	0.01924	0.01437	0.00927	0.00767	0.00233	0.01112	0.00636	0.00543	0.14106
3	0.02972	0.02055	0.03319	0.26805	0.21356	0.02174	0.02640	0.03569	0.02465	0.18359	0.02565	0.02977	0.01836	0.01092	0.01056	0.00333	0.01216	0.00976	0.00725	0.01509
4	0.01318	0.00989	0.01222	0.01342	0.01515	0.00894	0.00939	0.01583	0.02308	0.03032	0.16563	0.38477	0.20110	0.02930	0.01304	0.00392	0.00572	0.02599	0.01016	0.00894
5	0.02473	0.02211	0.03516	0.02774	0.03456	0.02254	0.18414	0.11362	0.12665	0.04251	0.13601	0.05115	0.04141	0.01554	0.01211	0.00362	0.01153	0.07198	0.00898	0.01392
6	0.01997	0.01879	0.03171	0.60301	0.07282	0.02349	0.02936	0.02701	0.02114	0.02701	0.01879	0.02819	0.01409	0.01057	0.01057	0.00352	0.01409	0.00940	0.00470	0.01175
7	0.03719	0.04048	0.02924	0.02551	0.03174	0.35524	0.01966	0.15551	0.13032	0.03860	0.02339	0.02431	0.01810	0.01195	0.01000	0.00299	0.01537	0.00839	0.00761	0.01440

[dist]
# distance from previous block
# <min> <max>
0	1

[block]
# block no. 3 follows, 13 sequences, length 29
# corresponding to MSA columns:
# 402-430
name=unknown_D
#
# <colnr> <probs for GDERKNQSTAVLIFYWHMCP>
#	G	D	E	R	K	N	Q	S	T	A	V	L	I	F	Y	W	H	M	C	P
0	0.01254	0.01056	0.01087	0.01113	0.01439	0.00889	0.00822	0.01513	0.02370	0.02840	0.10207	0.15542	0.50777	0.02743	0.01260	0.00365	0.00544	0.02311	0.00982	0.00889
1	0.01333	0.00952	0.01279	0.01524	0.01605	0.00898	0.01060	0.01550	0.02069	0.02750	0.05803	0.56682	0.06894	0.03270	0.01362	0.00436	0.00653	0.08029	0.00981	0.00871
2	0.04291	0.06496	0.09389	0.02015	0.02930	0.01845	0.01860	0.04795	0.02869	0.46660	0.03707	0.03300	0.02374	0.01244	0.01030	0.00321	0.00997	0.00994	0.01144	0.01740
3	0.08990	0.42812	0.18468	0.02079	0.03129	0.03570	0.02285	0.03207	0.02137	0.02921	0.01580	0.01836	0.01332	0.00937	0.00760	0.00264	0.01212	0.00621	0.00470	0.01390
4	0.02482	0.02387	0.03758	0.04864	0.34605	0.02617	0.02759	0.02974	0.02148	0.03180	0.01797	0.02482	0.01577	0.01199	0.01749	0.00343	0.19161	0.00904	0.00516	0.08501
5	0.02192	0.01879	0.02192	0.01566	0.02506	0.01409	0.01253	0.02662	0.02192	0.03445	0.01879	0.02192	0.01566	0.00783	0.00783	0.00157	0.00783	0.00626	0.00626	0.69305
6	0.01997	0.01879	0.03171	0.60301	0.07282	0.02349	0.02936	0.02701	0.02114	0.02701	0.01879	0.02819	0.01409	0.01057	0.01057	0.00352	0.01409	0.00940	0.00470	0.01175
7	0.01496	0.01081	0.01413	0.01330	0.01580	0.00998	0.00998	0.01995	0.02993	0.04240	0.55689	0.07898	0.09976	0.02162	0.01247	0.00333	0.00499	0.01912	0.01164	0.00998
8	0.02630	0.02271	0.02391	0.02152	0.02749	0.02630	0.01674	0.05618	0.54336	0.04423	0.04303	0.03945	0.03228	0.01434	0.01076	0.00359	0.00837	0.01195	0.01076	0.01674
9	0.02223	0.02110	0.03580	0.40686	0.25130	0.02409	0.03049	0.02900	0.02221	0.02976	0.01919	0.02745	0.01506	0.01015	0.01053	0.00338	0.01354	0.00941	0.00489	0.01357
10	0.01532	0.01046	0.01258	0.01258	0.01294	0.01082	0.00771	0.01605	0.01569	0.02128	0.03236	0.06388	0.03613	0.52295	0.15613	0.01155	0.01372	0.01460	0.00626	0.00699
11	0.02848	0.02186	0.02426	0.01859	0.02639	0.06603	0.01495	0.03263	0.02360	0.13555	0.02245	0.02451	0.01731	0.01027	0.01144	0.00233	0.07451	0.00748	0.00733	0.43005
12	0.01573	0.01185	0.01312	0.01255	0.01536	0.01181	0.00966	0.01914	0.02319	0.03215	0.11338	0.07510	0.32395	0.02169	0.01358	0.00338	0.07097	0.01738	0.18648	0.00954
13	0.02384	0.21057	0.26789	0.02310	0.03474	0.02765	0.02587	0.03378	0.07099	0.03222	0.01998	0.02232	0.01565	0.00974	0.00875	0.00272	0.01221	0.00729	0.00542	0.14525
14	0.01614	0.00998	0.01210	0.01210	0.01210	0.00998	0.00712	0.01497	0.01497	0.01996	0.02949	0.05972	0.03331	0.47719	0.05062	0.18460	0.00998	0.01379	0.00594	0.00594
15	0.02827	0.63478	0.05540	0.01809	0.02714	0.04184	0.01809	0.03166	0.02148	0.02488	0.01470	0.01696	0.01357	0.00905	0.00678	0.00226	0.01131	0.00565	0.00452	0.01357
16	0.03641	0.10901	0.06410	0.02177	0.02979	0.14324	0.01867	0.08577	0.09242	0.20007	0.02835	0.02747	0.02029	0.01161	0.00965	0.00292	0.01191	0.00872	0.00878	0.06905
17	0.02247	0.02120	0.08319	0.01981	0.02727	0.01645	0.05325	0.03059	0.07318	0.08243	0.14202	0.03983	0.03743	0.01962	0.06969	0.00422	0.01106	0.01114	0.00813	0.22702
18	0.02917	0.03013	0.17532	0.07623	0.07589	0.02195	0.02438	0.12675	0.02957	0.13503	0.07481	0.03139	0.02519	0.01193	0.01031	0.00311	0.01149	0.00978	0.00809	0.08948
19	0.02320	0.02134	0.10763	0.01720	0.02494	0.01414	0.01593	0.02818	0.02395	0.13244	0.05029	0.10740	0.16471	0.01674	0.01052	0.00298	0.00849	0.01399	0.00855	0.20740
20	0.02886	0.02113	0.07365	0.01827	0.02639	0.01599	0.01595	0.06987	0.02682	0.18594	0.07214	0.09254	0.03078	0.01356	0.00998	0.00275	0.00877	0.01134	0.00911	0.26618
21	0.08340	0.10298	0.06219	0.02000	0.02818	0.02433	0.01750	0.08689	0.16347	0.20337	0.03193	0.03016	0.02272	0.01201	0.00960	0.00308	0.00962	0.00936	0.00959	0.06961
22	0.21678	0.02035	0.05569	0.01755	0.02427	0.01847	0.01512	0.07819	0.02575	0.14623	0.07199	0.09729	0.03218	0.01529	0.00988	0.00331	0.00877	0.04656	0.00902	0.08732
23	0.03069	0.06236	0.06964	0.02228	0.03005	0.02041	0.07249	0.10935	0.02927	0.18267	0.06529	0.08990	0.03201	0.01507	0.01091	0.00327	0.01044	0.04973	0.00933	0.08486
24	0.11446	0.02555	0.03627	0.02767	0.03600	0.06446	0.17912	0.11301	0.02875	0.11503	0.02597	0.03303	0.02033	0.01175	0.01062	0.00324	0.01282	0.04560	0.00784	0.08847
25	0.12172	0.06423	0.02289	0.01763	0.02365	0.01994	0.01474	0.12056	0.02859	0.04257	0.12542	0.05301	0.04047	0.01627	0.01040	0.00321	0.00876	0.11410	0.00873	0.14312
26	0.08807	0.06742	0.15908	0.02185	0.03006	0.05656	0.02185	0.03553	0.02508	0.17843	0.03419	0.05088	0.02937	0.01595	0.01087	0.00362	0.01156	0.13718	0.00845	0.01398
27	0.19712	0.22275	0.03193	0.01787	0.02508	0.02701	0.01594	0.07044	0.02487	0.14202	0.02710	0.03696	0.02306	0.01337	0.00895	0.00317	0.00987	0.08087	0.00795	0.01366
28	0.02175	0.10071	0.25680	0.02679	0.03689	0.02391	0.09833	0.03261	0.07693	0.03384	0.07528	0.03821	0.02825	0.01719	0.04772	0.00427	0.01410	0.04609	0.00639	0.01395

[dist]
# distance from previous block
# <min> <max>
3	71

# created by:
# /st0/software/busco_prod/Augustus/scripts/msa2prfl.pl ./align_prep/7781.fa
