[name]
unknown

[dist]
# distance from previous block
# <min> <max>
0	731

[block]
# block no. 0 follows, 15 sequences, length 53
# corresponding to MSA columns:
# 731-783
name=unknown_A
#
# <colnr> <probs for GDERKNQSTAVLIFYWHMCP>
#	G	D	E	R	K	N	Q	S	T	A	V	L	I	F	Y	W	H	M	C	P
0	0.01908	0.01320	0.02017	0.02025	0.02364	0.01287	0.05990	0.02392	0.02346	0.07733	0.04898	0.09884	0.05116	0.02469	0.01329	0.00436	0.00975	0.43582	0.00910	0.01018
1	0.01178	0.01010	0.01010	0.01010	0.01347	0.00842	0.00757	0.01431	0.02272	0.02693	0.10099	0.09594	0.58342	0.02525	0.01178	0.00337	0.00505	0.02104	0.00926	0.00842
2	0.01883	0.01772	0.02990	0.62569	0.06866	0.02215	0.02769	0.02547	0.01993	0.02547	0.01772	0.02658	0.01329	0.00997	0.00997	0.00332	0.01329	0.00886	0.00443	0.01107
3	0.01450	0.00966	0.01087	0.01087	0.01087	0.00966	0.00604	0.01450	0.01450	0.01933	0.03141	0.06524	0.03624	0.64965	0.05074	0.00966	0.00966	0.01450	0.00604	0.00604
4	0.01255	0.00961	0.01069	0.01132	0.01309	0.00864	0.00765	0.01424	0.01970	0.02465	0.07129	0.23662	0.30772	0.18146	0.02168	0.00511	0.00639	0.02140	0.00846	0.00774
5	0.01215	0.00868	0.01157	0.01388	0.01446	0.00810	0.00925	0.01388	0.01909	0.02545	0.05495	0.64315	0.06593	0.03123	0.01272	0.00405	0.00578	0.02834	0.00925	0.00810
6	0.01238	0.00884	0.01184	0.01415	0.01483	0.00830	0.00966	0.01429	0.01932	0.02571	0.05482	0.61141	0.06542	0.03101	0.01279	0.00408	0.00599	0.05776	0.00925	0.00816
7	0.02243	0.02514	0.05427	0.03931	0.04848	0.02356	0.49908	0.03019	0.02310	0.03131	0.02352	0.08622	0.02002	0.01060	0.01186	0.00343	0.01575	0.01336	0.00545	0.01293
8	0.03724	0.04751	0.02825	0.02568	0.03082	0.60963	0.01926	0.03981	0.02825	0.02440	0.01541	0.01798	0.01284	0.01027	0.00899	0.00257	0.01798	0.00642	0.00514	0.01156
9	0.01883	0.01772	0.02990	0.62569	0.06866	0.02215	0.02769	0.02547	0.01993	0.02547	0.01772	0.02658	0.01329	0.00997	0.00997	0.00332	0.01329	0.00886	0.00443	0.01107
10	0.03728	0.02120	0.03522	0.02601	0.03451	0.01960	0.18693	0.09193	0.02870	0.36306	0.03171	0.03071	0.02087	0.01104	0.01058	0.00316	0.01139	0.01048	0.00977	0.01584
11	0.72007	0.01928	0.01465	0.01311	0.01928	0.02236	0.01080	0.02930	0.01697	0.04473	0.01388	0.01619	0.01080	0.00925	0.00617	0.00308	0.00771	0.00540	0.00617	0.01080
12	0.02336	0.02235	0.03810	0.18761	0.47128	0.02334	0.02994	0.02945	0.02208	0.03098	0.01852	0.02510	0.01523	0.00913	0.00989	0.00304	0.01217	0.00888	0.00482	0.01473
13	0.02671	0.02099	0.02260	0.02004	0.02588	0.02382	0.01567	0.05255	0.51738	0.09491	0.04045	0.03688	0.02988	0.01341	0.01013	0.00335	0.00795	0.01115	0.01036	0.01589
14	0.01883	0.01772	0.02990	0.62569	0.06866	0.02215	0.02769	0.02547	0.01993	0.02547	0.01772	0.02658	0.01329	0.00997	0.00997	0.00332	0.01329	0.00886	0.00443	0.01107
15	0.01300	0.00954	0.01231	0.01431	0.01523	0.00923	0.00969	0.01652	0.05628	0.02655	0.05397	0.60219	0.06353	0.03004	0.01255	0.00400	0.00593	0.02719	0.00931	0.00862
16	0.04320	0.01942	0.02465	0.01890	0.02667	0.01829	0.01561	0.16183	0.03264	0.47533	0.03588	0.03169	0.02295	0.01226	0.01001	0.00306	0.00904	0.00979	0.01181	0.01696
17	0.02467	0.02369	0.04046	0.06119	0.58747	0.02369	0.03059	0.03059	0.02270	0.03257	0.01875	0.02467	0.01579	0.00888	0.00987	0.00296	0.01184	0.00888	0.00493	0.01579
18	0.01424	0.01068	0.01602	0.01602	0.01780	0.01246	0.01246	0.01780	0.01602	0.02314	0.02670	0.03916	0.02492	0.07477	0.61015	0.01602	0.02670	0.01068	0.00534	0.00890
19	0.01424	0.01068	0.01602	0.01602	0.01780	0.01246	0.01246	0.01780	0.01602	0.02314	0.02670	0.03916	0.02492	0.07477	0.61015	0.01602	0.02670	0.01068	0.00534	0.00890
20	0.01604	0.01215	0.01508	0.01430	0.01719	0.01212	0.01101	0.02462	0.11734	0.03943	0.44911	0.07142	0.08052	0.01983	0.01166	0.00330	0.00560	0.05816	0.01069	0.01044
21	0.02067	0.01772	0.02067	0.01477	0.02362	0.01329	0.01181	0.02510	0.02067	0.03248	0.01772	0.02067	0.01477	0.00738	0.00738	0.00148	0.00738	0.00591	0.00591	0.71059
22	0.01274	0.00946	0.01176	0.01298	0.01452	0.00867	0.00918	0.01518	0.02122	0.02782	0.13952	0.37090	0.18364	0.06250	0.01456	0.00411	0.00591	0.05771	0.00932	0.00832
23	0.03005	0.19946	0.20142	0.02295	0.03279	0.07847	0.02347	0.19340	0.02980	0.06978	0.01968	0.02108	0.01469	0.01022	0.00881	0.00279	0.01244	0.00740	0.00653	0.01477
24	0.02470	0.47892	0.21191	0.02038	0.03072	0.03468	0.02284	0.03035	0.02049	0.02583	0.01504	0.01747	0.01274	0.00880	0.00730	0.00243	0.01185	0.00593	0.00425	0.01336
25	0.06853	0.32410	0.09545	0.02605	0.12104	0.03113	0.02089	0.09689	0.02455	0.07973	0.01845	0.02043	0.01467	0.00947	0.00801	0.00261	0.01094	0.00697	0.00587	0.01423
26	0.02164	0.20113	0.46288	0.02560	0.03880	0.02719	0.03194	0.03114	0.02085	0.02956	0.01689	0.01980	0.01267	0.00924	0.00871	0.00290	0.01372	0.00686	0.00422	0.01425
27	0.02336	0.02235	0.03810	0.18761	0.47128	0.02334	0.02994	0.02945	0.02208	0.03098	0.01852	0.02510	0.01523	0.00913	0.00989	0.00304	0.01217	0.00888	0.00482	0.01473
28	0.02068	0.01868	0.02839	0.31062	0.09893	0.02262	0.02329	0.06774	0.02213	0.03015	0.06731	0.07191	0.02420	0.01384	0.01476	0.00350	0.13286	0.01096	0.00580	0.01163
29	0.02341	0.02397	0.03993	0.23365	0.28253	0.06134	0.13099	0.02983	0.02235	0.02967	0.01849	0.02528	0.01468	0.00922	0.01021	0.00313	0.01367	0.00928	0.00481	0.01357
30	0.01452	0.01094	0.01373	0.01513	0.01674	0.01100	0.01082	0.02070	0.10331	0.02927	0.08878	0.46794	0.06178	0.02750	0.01235	0.00393	0.00631	0.06629	0.00950	0.00944
31	0.01999	0.05157	0.59800	0.02841	0.04315	0.02315	0.03683	0.03157	0.02105	0.03157	0.01789	0.02105	0.01263	0.00947	0.00947	0.00316	0.01473	0.00737	0.00421	0.01473
32	0.02100	0.17318	0.02681	0.01708	0.02145	0.02209	0.01420	0.08965	0.05877	0.02917	0.02445	0.03316	0.02207	0.08521	0.30710	0.00967	0.01833	0.00944	0.00603	0.01114
33	0.02128	0.16815	0.49267	0.02622	0.03976	0.02630	0.03302	0.03124	0.02089	0.03000	0.01711	0.02007	0.01266	0.00929	0.00888	0.00296	0.01395	0.00697	0.00422	0.01436
34	0.01359	0.01017	0.01260	0.01199	0.01457	0.00918	0.00900	0.01780	0.02699	0.03705	0.47443	0.07928	0.20366	0.02147	0.01176	0.00319	0.00478	0.01870	0.01059	0.00918
35	0.01994	0.01905	0.02694	0.02366	0.02410	0.02606	0.01950	0.02246	0.01545	0.02378	0.01646	0.02611	0.01602	0.03164	0.17568	0.00725	0.48169	0.00921	0.00460	0.01041
36	0.01883	0.01772	0.02990	0.62569	0.06866	0.02215	0.02769	0.02547	0.01993	0.02547	0.01772	0.02658	0.01329	0.00997	0.00997	0.00332	0.01329	0.00886	0.00443	0.01107
37	0.01501	0.00947	0.01266	0.01411	0.01541	0.00874	0.00972	0.01713	0.02050	0.07414	0.08981	0.55306	0.06441	0.02890	0.01243	0.00391	0.00594	0.02610	0.00963	0.00893
38	0.01305	0.01015	0.01185	0.01143	0.01424	0.00895	0.00857	0.01676	0.02571	0.03403	0.36288	0.08425	0.31710	0.02260	0.01177	0.00324	0.00486	0.01940	0.01019	0.00895
39	0.01860	0.01118	0.01476	0.01330	0.01644	0.01018	0.01018	0.02318	0.02826	0.12131	0.50256	0.06852	0.08388	0.01920	0.01150	0.00313	0.00526	0.01685	0.01117	0.01052
40	0.03401	0.04141	0.02651	0.02410	0.02914	0.48696	0.01816	0.04051	0.10857	0.02790	0.05303	0.02421	0.02031	0.01136	0.00933	0.00272	0.01569	0.00783	0.00623	0.01206
41	0.01883	0.01772	0.02990	0.62569	0.06866	0.02215	0.02769	0.02547	0.01993	0.02547	0.01772	0.02658	0.01329	0.00997	0.00997	0.00332	0.01329	0.00886	0.00443	0.01107
42	0.02665	0.65565	0.05224	0.01706	0.02559	0.03945	0.01706	0.02985	0.02026	0.02345	0.01386	0.01599	0.01279	0.00853	0.00640	0.00213	0.01066	0.00533	0.00426	0.01279
43	0.02752	0.01854	0.02209	0.01619	0.02472	0.01528	0.01311	0.08111	0.02489	0.15671	0.02298	0.02385	0.01712	0.00889	0.00820	0.00197	0.00797	0.00709	0.00769	0.49407
44	0.02467	0.02369	0.04046	0.06119	0.58747	0.02369	0.03059	0.03059	0.02270	0.03257	0.01875	0.02467	0.01579	0.00888	0.00987	0.00296	0.01184	0.00888	0.00493	0.01579
45	0.01860	0.01647	0.02189	0.01945	0.01945	0.02136	0.01488	0.01982	0.01493	0.02194	0.02114	0.04090	0.02326	0.29533	0.04064	0.00669	0.35812	0.01126	0.00510	0.00877
46	0.02480	0.02141	0.02254	0.02029	0.02592	0.02480	0.01578	0.05297	0.56946	0.04170	0.04057	0.03719	0.03043	0.01352	0.01014	0.00338	0.00789	0.01127	0.01014	0.01578
47	0.03728	0.04617	0.02836	0.02549	0.03083	0.56993	0.01924	0.07510	0.02953	0.02703	0.01599	0.01839	0.01312	0.01039	0.00906	0.00260	0.01750	0.00660	0.00547	0.01193
48	0.01431	0.00969	0.01082	0.01082	0.01105	0.00958	0.00615	0.01448	0.01506	0.01985	0.03619	0.06734	0.07380	0.60679	0.04807	0.00923	0.00935	0.01495	0.00626	0.00620
49	0.01820	0.01066	0.01366	0.01330	0.01599	0.00968	0.00981	0.02161	0.02431	0.11782	0.24728	0.24975	0.11697	0.02250	0.01148	0.00339	0.00565	0.01981	0.05810	0.01003
50	0.01999	0.05157	0.59800	0.02841	0.04315	0.02315	0.03683	0.03157	0.02105	0.03157	0.01789	0.02105	0.01263	0.00947	0.00947	0.00316	0.01473	0.00737	0.00421	0.01473
51	0.01446	0.00982	0.01165	0.01165	0.01192	0.01009	0.00701	0.01500	0.01473	0.01991	0.03070	0.06129	0.03453	0.56267	0.13538	0.01063	0.01224	0.01392	0.00593	0.00647
52	0.08018	0.02048	0.03328	0.32565	0.29308	0.02284	0.02755	0.02805	0.02090	0.03021	0.01785	0.02487	0.01418	0.00943	0.00961	0.00314	0.01218	0.00858	0.00480	0.01313

[dist]
# distance from previous block
# <min> <max>
0	1

[block]
# block no. 1 follows, 15 sequences, length 36
# corresponding to MSA columns:
# 785-820
name=unknown_B
#
# <colnr> <probs for GDERKNQSTAVLIFYWHMCP>
#	G	D	E	R	K	N	Q	S	T	A	V	L	I	F	Y	W	H	M	C	P
0	0.03118	0.03220	0.02564	0.02268	0.02841	0.24926	0.01750	0.11012	0.29761	0.03770	0.02888	0.02820	0.02203	0.01209	0.00968	0.00302	0.01213	0.00913	0.00821	0.01431
1	0.01898	0.01670	0.02070	0.01919	0.02127	0.06066	0.01523	0.05612	0.01880	0.02603	0.02300	0.03318	0.02118	0.05458	0.41250	0.01187	0.14466	0.00987	0.00544	0.01002
2	0.02467	0.02369	0.04046	0.06119	0.58747	0.02369	0.03059	0.03059	0.02270	0.03257	0.01875	0.02467	0.01579	0.00888	0.00987	0.00296	0.01184	0.00888	0.00493	0.01579
3	0.01323	0.00994	0.01225	0.01213	0.01447	0.00896	0.00892	0.01694	0.02547	0.03451	0.38204	0.16517	0.21297	0.02323	0.01191	0.00333	0.00495	0.02033	0.01028	0.00896
4	0.01351	0.01017	0.01249	0.01191	0.01452	0.00915	0.00893	0.01764	0.02679	0.03659	0.45736	0.08004	0.22102	0.02164	0.01176	0.00320	0.00479	0.01881	0.01053	0.00915
5	0.01424	0.01068	0.01602	0.01602	0.01780	0.01246	0.01246	0.01780	0.01602	0.02314	0.02670	0.03916	0.02492	0.07477	0.61015	0.01602	0.02670	0.01068	0.00534	0.00890
6	0.01883	0.01772	0.02990	0.62569	0.06866	0.02215	0.02769	0.02547	0.01993	0.02547	0.01772	0.02658	0.01329	0.00997	0.00997	0.00332	0.01329	0.00886	0.00443	0.01107
7	0.01883	0.01772	0.02990	0.62569	0.06866	0.02215	0.02769	0.02547	0.01993	0.02547	0.01772	0.02658	0.01329	0.00997	0.00997	0.00332	0.01329	0.00886	0.00443	0.01107
8	0.01424	0.01068	0.01602	0.01602	0.01780	0.01246	0.01246	0.01780	0.01602	0.02314	0.02670	0.03916	0.02492	0.07477	0.61015	0.01602	0.02670	0.01068	0.00534	0.00890
9	0.04473	0.01697	0.02313	0.01774	0.02545	0.01465	0.01465	0.04858	0.02853	0.59437	0.03933	0.03393	0.02468	0.01234	0.01003	0.00308	0.00848	0.01003	0.01234	0.01697
10	0.72007	0.01928	0.01465	0.01311	0.01928	0.02236	0.01080	0.02930	0.01697	0.04473	0.01388	0.01619	0.01080	0.00925	0.00617	0.00308	0.00771	0.00540	0.00617	0.01080
11	0.01215	0.00868	0.01157	0.01388	0.01446	0.00810	0.00925	0.01388	0.01909	0.02545	0.05495	0.64315	0.06593	0.03123	0.01272	0.00405	0.00578	0.02834	0.00925	0.00810
12	0.01443	0.00995	0.01232	0.01232	0.01282	0.01045	0.00784	0.01543	0.01493	0.02040	0.03009	0.05791	0.03306	0.48815	0.20789	0.01145	0.01445	0.01343	0.00584	0.00684
13	0.01450	0.00966	0.01087	0.01087	0.01087	0.00966	0.00604	0.01450	0.01450	0.01933	0.03141	0.06524	0.03624	0.64965	0.05074	0.00966	0.00966	0.01450	0.00604	0.00604
14	0.03094	0.02337	0.02509	0.02011	0.02675	0.02551	0.01631	0.37709	0.11011	0.05365	0.08050	0.03894	0.09765	0.01455	0.01037	0.00310	0.00931	0.01155	0.00998	0.01510
15	0.01395	0.00998	0.01280	0.01419	0.01556	0.00958	0.01053	0.01648	0.02030	0.02671	0.09181	0.26990	0.10532	0.15756	0.02081	0.00526	0.00749	0.17497	0.00869	0.00812
16	0.08322	0.01079	0.01087	0.01031	0.01340	0.01088	0.00792	0.02579	0.02116	0.08226	0.03140	0.03504	0.02417	0.01146	0.00714	0.00245	0.00523	0.00900	0.58745	0.01004
17	0.01353	0.01017	0.01253	0.01194	0.01454	0.00916	0.00895	0.01770	0.02686	0.03675	0.46326	0.07977	0.21502	0.02158	0.01176	0.00319	0.00479	0.01877	0.01055	0.00916
18	0.02665	0.65565	0.05224	0.01706	0.02559	0.03945	0.01706	0.02985	0.02026	0.02345	0.01386	0.01599	0.01279	0.00853	0.00640	0.00213	0.01066	0.00533	0.00426	0.01279
19	0.02421	0.01582	0.02297	0.01847	0.02402	0.01436	0.07749	0.06472	0.02678	0.15709	0.20964	0.12090	0.04914	0.01611	0.01075	0.00302	0.00795	0.01448	0.00953	0.11253
20	0.03405	0.03105	0.02742	0.02289	0.02949	0.17556	0.01814	0.28331	0.18897	0.04717	0.02645	0.02615	0.01970	0.01198	0.00977	0.00299	0.01188	0.00897	0.00880	0.01526
21	0.02665	0.65565	0.05224	0.01706	0.02559	0.03945	0.01706	0.02985	0.02026	0.02345	0.01386	0.01599	0.01279	0.00853	0.00640	0.00213	0.01066	0.00533	0.00426	0.01279
22	0.03724	0.04751	0.02825	0.02568	0.03082	0.60963	0.01926	0.03981	0.02825	0.02440	0.01541	0.01798	0.01284	0.01027	0.00899	0.00257	0.01798	0.00642	0.00514	0.01156
23	0.01999	0.05157	0.59800	0.02841	0.04315	0.02315	0.03683	0.03157	0.02105	0.03157	0.01789	0.02105	0.01263	0.00947	0.00947	0.00316	0.01473	0.00737	0.00421	0.01473
24	0.01215	0.00868	0.01157	0.01388	0.01446	0.00810	0.00925	0.01388	0.01909	0.02545	0.05495	0.64315	0.06593	0.03123	0.01272	0.00405	0.00578	0.02834	0.00925	0.00810
25	0.02366	0.01533	0.01825	0.01683	0.02100	0.01586	0.01279	0.03619	0.22837	0.14683	0.13054	0.20475	0.04894	0.01912	0.01107	0.00346	0.00694	0.01667	0.01047	0.01294
26	0.01872	0.01443	0.01856	0.01734	0.01946	0.01717	0.01360	0.05689	0.06848	0.03036	0.02970	0.11027	0.02785	0.03693	0.21860	0.00774	0.13664	0.01221	0.13466	0.01039
27	0.01215	0.00868	0.01157	0.01388	0.01446	0.00810	0.00925	0.01388	0.01909	0.02545	0.05495	0.64315	0.06593	0.03123	0.01272	0.00405	0.00578	0.02834	0.00925	0.00810
28	0.01999	0.05157	0.59800	0.02841	0.04315	0.02315	0.03683	0.03157	0.02105	0.03157	0.01789	0.02105	0.01263	0.00947	0.00947	0.00316	0.01473	0.00737	0.00421	0.01473
29	0.03800	0.02177	0.02538	0.02011	0.02746	0.02255	0.01640	0.22636	0.15270	0.28818	0.03422	0.03115	0.02323	0.01247	0.01003	0.00312	0.00922	0.00993	0.01103	0.01670
30	0.01199	0.01011	0.01039	0.01032	0.01359	0.00850	0.00774	0.01471	0.02321	0.02809	0.14390	0.09402	0.53978	0.02481	0.01178	0.00335	0.00502	0.02077	0.00941	0.00850
31	0.02181	0.02181	0.03053	0.02617	0.02617	0.03053	0.02181	0.02399	0.01527	0.02399	0.01309	0.02181	0.01309	0.01745	0.03272	0.00436	0.63141	0.00872	0.00436	0.01091
32	0.01215	0.00868	0.01157	0.01388	0.01446	0.00810	0.00925	0.01388	0.01909	0.02545	0.05495	0.64315	0.06593	0.03123	0.01272	0.00405	0.00578	0.02834	0.00925	0.00810
33	0.01450	0.00966	0.01087	0.01087	0.01087	0.00966	0.00604	0.01450	0.01450	0.01933	0.03141	0.06524	0.03624	0.64965	0.05074	0.00966	0.00966	0.01450	0.00604	0.00604
34	0.01411	0.01019	0.01333	0.01254	0.01489	0.00941	0.00941	0.01881	0.02822	0.03998	0.58221	0.07447	0.09406	0.02038	0.01176	0.00314	0.00470	0.01803	0.01097	0.00941
35	0.01999	0.05157	0.59800	0.02841	0.04315	0.02315	0.03683	0.03157	0.02105	0.03157	0.01789	0.02105	0.01263	0.00947	0.00947	0.00316	0.01473	0.00737	0.00421	0.01473

[dist]
# distance from previous block
# <min> <max>
0	2

[block]
# block no. 2 follows, 15 sequences, length 36
# corresponding to MSA columns:
# 823-858
name=unknown_C
#
# <colnr> <probs for GDERKNQSTAVLIFYWHMCP>
#	G	D	E	R	K	N	Q	S	T	A	V	L	I	F	Y	W	H	M	C	P
0	0.01285	0.01033	0.01159	0.01180	0.01483	0.00906	0.00921	0.01608	0.02372	0.02966	0.17784	0.09473	0.41645	0.02475	0.01208	0.00351	0.00563	0.09763	0.00955	0.00871
1	0.01215	0.00868	0.01157	0.01388	0.01446	0.00810	0.00925	0.01388	0.01909	0.02545	0.05495	0.64315	0.06593	0.03123	0.01272	0.00405	0.00578	0.02834	0.00925	0.00810
2	0.02665	0.65565	0.05224	0.01706	0.02559	0.03945	0.01706	0.02985	0.02026	0.02345	0.01386	0.01599	0.01279	0.00853	0.00640	0.00213	0.01066	0.00533	0.00426	0.01279
3	0.02181	0.02181	0.03053	0.02617	0.02617	0.03053	0.02181	0.02399	0.01527	0.02399	0.01309	0.02181	0.01309	0.01745	0.03272	0.00436	0.63141	0.00872	0.00436	0.01091
4	0.01432	0.01036	0.01439	0.01439	0.01561	0.01158	0.01043	0.01675	0.01554	0.02193	0.02819	0.04742	0.02851	0.25687	0.43295	0.01401	0.02131	0.01189	0.00556	0.00799
5	0.01450	0.00966	0.01087	0.01087	0.01087	0.00966	0.00604	0.01450	0.01450	0.01933	0.03141	0.06524	0.03624	0.64965	0.05074	0.00966	0.00966	0.01450	0.00604	0.00604
6	0.23614	0.02290	0.02565	0.02003	0.02754	0.02445	0.04648	0.25831	0.03274	0.17525	0.02426	0.02411	0.01680	0.01106	0.00899	0.00306	0.00981	0.00834	0.00912	0.01497
7	0.03731	0.04545	0.02843	0.02539	0.03083	0.54881	0.01923	0.09387	0.03021	0.02844	0.01631	0.01860	0.01327	0.01045	0.00909	0.00261	0.01724	0.00669	0.00564	0.01212
8	0.01411	0.01019	0.01333	0.01254	0.01489	0.00941	0.00941	0.01881	0.02822	0.03998	0.58221	0.07447	0.09406	0.02038	0.01176	0.00314	0.00470	0.01803	0.01097	0.00941
9	0.01858	0.00929	0.00929	0.00929	0.01161	0.00929	0.00697	0.02323	0.02091	0.03717	0.03252	0.03717	0.02555	0.01161	0.00697	0.00232	0.00465	0.00929	0.70499	0.00929
10	0.01999	0.05157	0.59800	0.02841	0.04315	0.02315	0.03683	0.03157	0.02105	0.03157	0.01789	0.02105	0.01263	0.00947	0.00947	0.00316	0.01473	0.00737	0.00421	0.01473
11	0.01215	0.00868	0.01157	0.01388	0.01446	0.00810	0.00925	0.01388	0.01909	0.02545	0.05495	0.64315	0.06593	0.03123	0.01272	0.00405	0.00578	0.02834	0.00925	0.00810
12	0.02665	0.65565	0.05224	0.01706	0.02559	0.03945	0.01706	0.02985	0.02026	0.02345	0.01386	0.01599	0.01279	0.00853	0.00640	0.00213	0.01066	0.00533	0.00426	0.01279
13	0.01215	0.00868	0.01157	0.01388	0.01446	0.00810	0.00925	0.01388	0.01909	0.02545	0.05495	0.64315	0.06593	0.03123	0.01272	0.00405	0.00578	0.02834	0.00925	0.00810
14	0.01411	0.01019	0.01333	0.01254	0.01489	0.00941	0.00941	0.01881	0.02822	0.03998	0.58221	0.07447	0.09406	0.02038	0.01176	0.00314	0.00470	0.01803	0.01097	0.00941
15	0.01450	0.00966	0.01087	0.01087	0.01087	0.00966	0.00604	0.01450	0.01450	0.01933	0.03141	0.06524	0.03624	0.64965	0.05074	0.00966	0.00966	0.01450	0.00604	0.00604
16	0.16321	0.04230	0.02574	0.02336	0.02869	0.50129	0.01770	0.03787	0.02617	0.02815	0.01513	0.01765	0.01246	0.01008	0.00847	0.00266	0.01608	0.00623	0.00533	0.01142
17	0.01450	0.00966	0.01087	0.01087	0.01087	0.00966	0.00604	0.01450	0.01450	0.01933	0.03141	0.06524	0.03624	0.64965	0.05074	0.00966	0.00966	0.01450	0.00604	0.00604
18	0.02220	0.02295	0.03689	0.02973	0.03200	0.02934	0.14080	0.02578	0.01712	0.02578	0.01468	0.02295	0.01354	0.01542	0.02801	0.00414	0.49328	0.00941	0.00451	0.01148
19	0.02467	0.02369	0.04046	0.06119	0.58747	0.02369	0.03059	0.03059	0.02270	0.03257	0.01875	0.02467	0.01579	0.00888	0.00987	0.00296	0.01184	0.00888	0.00493	0.01579
20	0.01733	0.01090	0.01436	0.01309	0.01600	0.00996	0.00996	0.02194	0.02825	0.09824	0.52515	0.07021	0.08677	0.01953	0.01158	0.00313	0.00510	0.01719	0.01112	0.01020
21	0.01424	0.01068	0.01602	0.01602	0.01780	0.01246	0.01246	0.01780	0.01602	0.02314	0.02670	0.03916	0.02492	0.07477	0.61015	0.01602	0.02670	0.01068	0.00534	0.00890
22	0.01560	0.01151	0.01574	0.01559	0.01781	0.01136	0.04751	0.02133	0.07822	0.03079	0.08392	0.38451	0.05317	0.02339	0.01126	0.00355	0.00649	0.02115	0.13752	0.00959
23	0.01227	0.00980	0.01099	0.01137	0.01394	0.00852	0.00827	0.01500	0.02287	0.02889	0.17502	0.21425	0.38226	0.02573	0.01199	0.00348	0.00515	0.02214	0.00956	0.00852
24	0.01252	0.00927	0.01171	0.01292	0.01438	0.00845	0.00899	0.01506	0.02178	0.02897	0.18151	0.41948	0.16291	0.02774	0.01234	0.00372	0.00541	0.02474	0.00964	0.00845
25	0.02665	0.65565	0.05224	0.01706	0.02559	0.03945	0.01706	0.02985	0.02026	0.02345	0.01386	0.01599	0.01279	0.00853	0.00640	0.00213	0.01066	0.00533	0.00426	0.01279
26	0.01999	0.05157	0.59800	0.02841	0.04315	0.02315	0.03683	0.03157	0.02105	0.03157	0.01789	0.02105	0.01263	0.00947	0.00947	0.00316	0.01473	0.00737	0.00421	0.01473
27	0.01428	0.00957	0.01094	0.01115	0.01120	0.00952	0.00634	0.01444	0.01492	0.01989	0.03358	0.11842	0.03898	0.59274	0.04724	0.00915	0.00931	0.01577	0.00634	0.00623
28	0.01197	0.00999	0.01044	0.01057	0.01364	0.00846	0.00784	0.01458	0.02280	0.02770	0.13026	0.13906	0.50766	0.02540	0.01186	0.00341	0.00509	0.02143	0.00937	0.00846
29	0.01547	0.01056	0.01249	0.01336	0.01549	0.01018	0.00999	0.04730	0.02227	0.03097	0.05658	0.30055	0.14876	0.02431	0.01132	0.00357	0.00619	0.09338	0.15817	0.00907
30	0.49214	0.01850	0.01751	0.01467	0.02136	0.01976	0.01210	0.03581	0.02087	0.23023	0.02247	0.02218	0.01548	0.01029	0.00747	0.00308	0.00797	0.00696	0.00825	0.01288
31	0.72007	0.01928	0.01465	0.01311	0.01928	0.02236	0.01080	0.02930	0.01697	0.04473	0.01388	0.01619	0.01080	0.00925	0.00617	0.00308	0.00771	0.00540	0.00617	0.01080
32	0.01999	0.05157	0.59800	0.02841	0.04315	0.02315	0.03683	0.03157	0.02105	0.03157	0.01789	0.02105	0.01263	0.00947	0.00947	0.00316	0.01473	0.00737	0.00421	0.01473
33	0.01270	0.01025	0.01137	0.01141	0.01445	0.00892	0.00877	0.01590	0.02398	0.03013	0.20470	0.09263	0.42503	0.02436	0.01196	0.00343	0.00535	0.06632	0.00964	0.00871
34	0.02320	0.02916	0.10844	0.04076	0.05128	0.02502	0.50392	0.03190	0.02330	0.03190	0.01996	0.02635	0.01490	0.00850	0.01155	0.00334	0.01662	0.01136	0.00497	0.01356
35	0.02362	0.14123	0.45329	0.02554	0.03857	0.02477	0.03145	0.03309	0.02171	0.08947	0.01952	0.02162	0.01392	0.00963	0.00905	0.00299	0.01345	0.00733	0.00507	0.01467

[dist]
# distance from previous block
# <min> <max>
4	15

[block]
# block no. 3 follows, 15 sequences, length 14
# corresponding to MSA columns:
# 882-895
name=unknown_D
#
# <colnr> <probs for GDERKNQSTAVLIFYWHMCP>
#	G	D	E	R	K	N	Q	S	T	A	V	L	I	F	Y	W	H	M	C	P
0	0.02367	0.01492	0.02398	0.01914	0.02426	0.01358	0.10756	0.02882	0.02746	0.18124	0.34206	0.05553	0.06210	0.01617	0.01131	0.00316	0.00784	0.01485	0.01027	0.01207
1	0.01212	0.01021	0.01057	0.01075	0.01403	0.00866	0.00824	0.01481	0.02274	0.02716	0.09718	0.09724	0.54189	0.02543	0.01194	0.00346	0.00538	0.06046	0.00925	0.00848
2	0.01385	0.00990	0.01353	0.01583	0.01716	0.00957	0.01222	0.01683	0.02077	0.02736	0.05400	0.41173	0.06220	0.02962	0.01318	0.00428	0.00726	0.24289	0.00922	0.00857
3	0.01950	0.04656	0.52539	0.02716	0.04034	0.02169	0.03424	0.03021	0.02128	0.03135	0.02224	0.03245	0.01821	0.01173	0.01001	0.00334	0.01404	0.07138	0.00483	0.01404
4	0.01883	0.01772	0.02990	0.62569	0.06866	0.02215	0.02769	0.02547	0.01993	0.02547	0.01772	0.02658	0.01329	0.00997	0.00997	0.00332	0.01329	0.00886	0.00443	0.01107
5	0.01215	0.00868	0.01157	0.01388	0.01446	0.00810	0.00925	0.01388	0.01909	0.02545	0.05495	0.64315	0.06593	0.03123	0.01272	0.00405	0.00578	0.02834	0.00925	0.00810
6	0.03576	0.02119	0.08205	0.02748	0.14086	0.01714	0.01988	0.04077	0.02560	0.37887	0.03203	0.03122	0.02172	0.01643	0.05872	0.00412	0.01126	0.00959	0.00947	0.01585
7	0.01999	0.05157	0.59800	0.02841	0.04315	0.02315	0.03683	0.03157	0.02105	0.03157	0.01789	0.02105	0.01263	0.00947	0.00947	0.00316	0.01473	0.00737	0.00421	0.01473
8	0.01215	0.00868	0.01157	0.01388	0.01446	0.00810	0.00925	0.01388	0.01909	0.02545	0.05495	0.64315	0.06593	0.03123	0.01272	0.00405	0.00578	0.02834	0.00925	0.00810
9	0.02343	0.36338	0.31629	0.02255	0.03408	0.03156	0.02662	0.03068	0.02064	0.02738	0.01581	0.01844	0.01271	0.00898	0.00788	0.00263	0.01263	0.00632	0.00424	0.01373
10	0.02707	0.02238	0.03776	0.15382	0.31160	0.02287	0.09208	0.06817	0.02474	0.10900	0.02187	0.02650	0.01653	0.00970	0.01015	0.00310	0.01221	0.00940	0.00620	0.01487
11	0.01239	0.00993	0.01114	0.01169	0.01433	0.00867	0.00871	0.01513	0.02255	0.02812	0.13517	0.20365	0.39450	0.02613	0.01211	0.00357	0.00546	0.05882	0.00942	0.00850
12	0.02410	0.22656	0.18580	0.03919	0.27506	0.02843	0.02799	0.03061	0.02152	0.02949	0.01702	0.02106	0.01406	0.00892	0.00869	0.00275	0.01221	0.00740	0.00454	0.01459
13	0.11213	0.21857	0.03080	0.01839	0.02499	0.02905	0.01556	0.04282	0.32956	0.03640	0.02893	0.02797	0.02249	0.01144	0.00848	0.00296	0.00873	0.00869	0.00782	0.01423

[dist]
# distance from previous block
# <min> <max>
0	0

# created by:
# /st0/software/busco_prod/Augustus/scripts/msa2prfl.pl ./align_prep/7785.fa
