[name]
unknown

[dist]
# distance from previous block
# <min> <max>
0	256

[block]
# block no. 0 follows, 10 sequences, length 26
# corresponding to MSA columns:
# 345-370
name=unknown_A
#
# <colnr> <probs for GDERKNQSTAVLIFYWHMCP>
#	G	D	E	R	K	N	Q	S	T	A	V	L	I	F	Y	W	H	M	C	P
0	0.01511	0.01080	0.01458	0.01727	0.01836	0.01026	0.01244	0.01783	0.02320	0.03075	0.06358	0.49017	0.07486	0.03555	0.01510	0.00485	0.00757	0.11725	0.01078	0.00971
1	0.02081	0.02514	0.12906	0.24490	0.04943	0.02026	0.02591	0.02854	0.02469	0.03538	0.08260	0.09284	0.03434	0.01565	0.01147	0.00370	0.01216	0.01351	0.11672	0.01289
2	0.02715	0.03023	0.11299	0.10237	0.22174	0.02656	0.02980	0.07220	0.11477	0.04237	0.07542	0.03675	0.02982	0.01320	0.01174	0.00365	0.01278	0.01166	0.00782	0.01698
3	0.03984	0.03665	0.03212	0.02571	0.03428	0.17724	0.02049	0.26283	0.04215	0.05316	0.02358	0.02515	0.01788	0.01229	0.01068	0.00298	0.01427	0.00888	0.00904	0.15077
4	0.08342	0.02388	0.03329	0.09534	0.17160	0.02446	0.02405	0.11629	0.03294	0.18619	0.06641	0.03568	0.02781	0.01333	0.01145	0.00358	0.01171	0.01127	0.00984	0.01745
5	0.10501	0.14431	0.03903	0.03387	0.15426	0.03098	0.02261	0.11063	0.08195	0.08571	0.02579	0.02764	0.01994	0.01171	0.01006	0.00322	0.01161	0.00924	0.00818	0.06424
6	0.01891	0.01614	0.02784	0.02379	0.02747	0.01698	0.10854	0.02343	0.02016	0.02825	0.03065	0.04865	0.02928	0.16928	0.34081	0.01420	0.02490	0.01359	0.00632	0.01083
7	0.02337	0.02211	0.03743	0.46165	0.17074	0.02621	0.03300	0.03095	0.02392	0.03143	0.02092	0.03055	0.01611	0.01137	0.01160	0.00379	0.01516	0.01034	0.00529	0.01406
8	0.08125	0.12946	0.14580	0.14396	0.04558	0.03119	0.02705	0.08385	0.12449	0.04099	0.02581	0.02874	0.01955	0.01224	0.01047	0.00355	0.01325	0.00951	0.00727	0.01599
9	0.02797	0.16437	0.33805	0.03357	0.09593	0.03017	0.03522	0.03797	0.02531	0.07636	0.02212	0.02507	0.01637	0.01103	0.01041	0.00340	0.01522	0.00856	0.00582	0.01708
10	0.02011	0.02439	0.12091	0.06708	0.03257	0.01793	0.05274	0.02939	0.06618	0.03927	0.16683	0.06272	0.14508	0.01863	0.01225	0.00367	0.01002	0.01612	0.08106	0.01305
11	0.25149	0.02208	0.02999	0.31670	0.10816	0.02613	0.02575	0.03194	0.02240	0.03852	0.01923	0.02651	0.01480	0.01120	0.01006	0.00373	0.01303	0.00892	0.00595	0.01341
12	0.03963	0.02541	0.03196	0.15768	0.04470	0.02763	0.02292	0.21474	0.07856	0.18702	0.03279	0.03326	0.02257	0.01366	0.01167	0.00365	0.01235	0.01101	0.01082	0.01797
13	0.08139	0.01605	0.01993	0.01681	0.02246	0.01468	0.01313	0.03688	0.02979	0.25161	0.18114	0.06290	0.10543	0.07569	0.01686	0.00441	0.00829	0.01584	0.01228	0.01441
14	0.01574	0.01142	0.01552	0.01599	0.01791	0.01121	0.01165	0.01981	0.02646	0.03699	0.26509	0.24231	0.08224	0.04107	0.12392	0.00712	0.01121	0.02323	0.01078	0.01035
15	0.01756	0.01384	0.01619	0.01660	0.01950	0.01382	0.01202	0.02677	0.12329	0.03705	0.15335	0.28989	0.15860	0.02850	0.01380	0.00421	0.00686	0.02510	0.01138	0.01165
16	0.02798	0.01660	0.02007	0.01713	0.02225	0.01600	0.01348	0.10077	0.03508	0.14293	0.26661	0.06724	0.11328	0.02012	0.01254	0.00357	0.00754	0.01705	0.06583	0.01396
17	0.43216	0.02179	0.01882	0.01632	0.02294	0.02463	0.01328	0.10822	0.02665	0.05394	0.02267	0.02548	0.01737	0.01190	0.00814	0.00340	0.00890	0.00794	0.14199	0.01345
18	0.03625	0.02518	0.03249	0.06947	0.03638	0.02663	0.06420	0.24041	0.03841	0.12282	0.03135	0.04021	0.02520	0.13272	0.02168	0.00519	0.01295	0.01230	0.00999	0.01618
19	0.09621	0.12740	0.25812	0.02493	0.03627	0.02735	0.02789	0.03646	0.07740	0.04003	0.10582	0.03564	0.03290	0.01353	0.01060	0.00351	0.01268	0.01058	0.00727	0.01541
20	0.01494	0.01074	0.01336	0.01481	0.01593	0.01003	0.00982	0.01703	0.02281	0.03027	0.11378	0.37167	0.12194	0.14892	0.02376	0.00587	0.00745	0.02746	0.01024	0.00916
21	0.01570	0.01160	0.01483	0.01575	0.01808	0.01073	0.01187	0.01970	0.02761	0.03699	0.23516	0.24615	0.16230	0.02993	0.01445	0.00431	0.00682	0.09624	0.01151	0.01028
22	0.02959	0.03233	0.14077	0.18023	0.05341	0.02708	0.09996	0.12849	0.03223	0.07894	0.06021	0.03376	0.02439	0.01279	0.01200	0.00373	0.01480	0.01142	0.00781	0.01604
23	0.02299	0.04997	0.42351	0.02854	0.04274	0.02367	0.03577	0.03482	0.02452	0.03818	0.02440	0.02844	0.01785	0.01157	0.01045	0.00348	0.01476	0.00906	0.13942	0.01588
24	0.15860	0.01498	0.01631	0.01510	0.01964	0.01476	0.01162	0.02985	0.02647	0.12553	0.13628	0.13714	0.10162	0.02034	0.01125	0.00367	0.00720	0.01691	0.12030	0.01244
25	0.03509	0.01551	0.02015	0.01714	0.02238	0.01396	0.01310	0.03875	0.02828	0.28526	0.09178	0.11079	0.04453	0.11536	0.01989	0.00493	0.00885	0.01576	0.08386	0.01462

[dist]
# distance from previous block
# <min> <max>
3	17

[block]
# block no. 1 follows, 10 sequences, length 9
# corresponding to MSA columns:
# 388-396
name=unknown_B
#
# <colnr> <probs for GDERKNQSTAVLIFYWHMCP>
#	G	D	E	R	K	N	Q	S	T	A	V	L	I	F	Y	W	H	M	C	P
0	0.02582	0.01417	0.01889	0.01714	0.02155	0.01313	0.01361	0.03064	0.03012	0.16737	0.24963	0.07685	0.11289	0.03005	0.07457	0.00558	0.01019	0.06268	0.01205	0.01308
1	0.02748	0.02217	0.03670	0.37892	0.17486	0.02511	0.03110	0.03461	0.02531	0.09643	0.02424	0.03161	0.01791	0.01170	0.01161	0.00374	0.01438	0.01052	0.00651	0.01509
2	0.03484	0.01966	0.02395	0.02013	0.02649	0.01960	0.01594	0.10310	0.11726	0.21834	0.16526	0.09317	0.05333	0.01871	0.01248	0.00375	0.00879	0.01585	0.01288	0.01647
3	0.01417	0.01012	0.01350	0.01619	0.01687	0.00945	0.01080	0.01619	0.02227	0.02969	0.06410	0.58367	0.07692	0.03644	0.01484	0.00472	0.00675	0.03306	0.01080	0.00945
4	0.01566	0.01092	0.01366	0.01460	0.01549	0.01044	0.00950	0.01773	0.02272	0.03090	0.15374	0.29272	0.07186	0.23128	0.03039	0.00682	0.00808	0.02464	0.00991	0.00893
5	0.09482	0.01305	0.01560	0.01582	0.01840	0.01270	0.01120	0.02370	0.02431	0.08733	0.13211	0.30386	0.06547	0.10442	0.01947	0.00518	0.00774	0.02338	0.01061	0.01086
6	0.03318	0.01922	0.03006	0.02756	0.07593	0.01728	0.07660	0.03791	0.02787	0.22988	0.04420	0.19924	0.03987	0.01957	0.01265	0.00382	0.01049	0.01786	0.01081	0.06602
7	0.02567	0.24692	0.22199	0.02460	0.03625	0.03066	0.02737	0.03338	0.02446	0.03321	0.02465	0.03684	0.02223	0.01320	0.01009	0.00321	0.01344	0.06627	0.00598	0.09958
8	0.34009	0.07882	0.14954	0.02015	0.02882	0.02520	0.02041	0.03154	0.02050	0.04057	0.01807	0.02320	0.01467	0.01602	0.01494	0.11972	0.01154	0.00754	0.00605	0.01262

[dist]
# distance from previous block
# <min> <max>
5	58

[block]
# block no. 2 follows, 10 sequences, length 18
# corresponding to MSA columns:
# 455-472
name=unknown_C
#
# <colnr> <probs for GDERKNQSTAVLIFYWHMCP>
#	G	D	E	R	K	N	Q	S	T	A	V	L	I	F	Y	W	H	M	C	P
0	0.20480	0.02954	0.10192	0.07151	0.03582	0.02785	0.02271	0.13840	0.02936	0.08023	0.02227	0.02634	0.01685	0.01521	0.01594	0.05271	0.07671	0.00908	0.00781	0.01494
1	0.02055	0.01261	0.01583	0.01522	0.01868	0.01123	0.01132	0.02443	0.02882	0.11017	0.23793	0.20680	0.18823	0.02685	0.01370	0.00397	0.00655	0.02343	0.01206	0.01163
2	0.03180	0.06691	0.03807	0.08137	0.11042	0.02584	0.07988	0.09042	0.07752	0.11394	0.07182	0.03617	0.02917	0.01293	0.01146	0.00339	0.01216	0.01154	0.00896	0.08625
3	0.04231	0.02566	0.02704	0.02158	0.02961	0.09662	0.01730	0.09316	0.03433	0.28603	0.09056	0.03906	0.03366	0.01434	0.01135	0.00327	0.01118	0.01141	0.01171	0.09982
4	0.14717	0.12642	0.14266	0.11106	0.08872	0.03099	0.07590	0.07895	0.02682	0.04083	0.02029	0.02496	0.01564	0.01100	0.01023	0.00349	0.01417	0.00894	0.00623	0.01555
5	0.02649	0.02121	0.03269	0.42034	0.06686	0.02529	0.02848	0.03760	0.09493	0.09002	0.02755	0.03384	0.02001	0.01256	0.01167	0.00385	0.01392	0.01091	0.00723	0.01453
6	0.01868	0.02067	0.09361	0.01890	0.02423	0.01598	0.01704	0.02803	0.08215	0.04026	0.25708	0.06743	0.11225	0.03330	0.11175	0.00651	0.01246	0.01703	0.01010	0.01253
7	0.01577	0.01160	0.01525	0.01530	0.01762	0.01109	0.01127	0.02012	0.02804	0.03886	0.31326	0.18468	0.12791	0.03632	0.09294	0.00614	0.00960	0.02254	0.01123	0.01047
8	0.02339	0.02426	0.07402	0.27263	0.05362	0.02519	0.02642	0.03869	0.16563	0.03565	0.03028	0.03635	0.02348	0.02406	0.09094	0.00608	0.01608	0.01134	0.00731	0.01458
9	0.03368	0.01576	0.02069	0.01725	0.02322	0.01384	0.01371	0.03836	0.03228	0.28078	0.23273	0.06682	0.12152	0.01989	0.01273	0.00366	0.00771	0.01689	0.01333	0.01516
10	0.03273	0.02636	0.02858	0.02299	0.03147	0.02774	0.01841	0.19208	0.22504	0.05399	0.03382	0.03315	0.02544	0.01328	0.01091	0.00320	0.01024	0.01060	0.01046	0.18951
11	0.03473	0.04008	0.27877	0.02655	0.03979	0.02188	0.02968	0.04381	0.02793	0.22915	0.03066	0.03040	0.02052	0.01210	0.01104	0.00344	0.01341	0.00963	0.00884	0.08758
12	0.03860	0.02528	0.03255	0.03027	0.10386	0.02554	0.02148	0.16465	0.03505	0.18626	0.02954	0.03042	0.02122	0.01319	0.01371	0.00335	0.06674	0.01011	0.01002	0.13815
13	0.01646	0.01189	0.01555	0.01463	0.01738	0.01097	0.01097	0.02195	0.03292	0.04664	0.51257	0.08688	0.10974	0.02378	0.01372	0.00366	0.00549	0.02103	0.01280	0.01097
14	0.02214	0.01358	0.01879	0.02033	0.02343	0.01311	0.01702	0.02675	0.02675	0.09660	0.06006	0.20576	0.06397	0.03069	0.01527	0.00501	0.00985	0.30806	0.01120	0.01163
15	0.02667	0.02609	0.04688	0.06019	0.36968	0.02564	0.11433	0.03350	0.02612	0.03680	0.02757	0.10007	0.02574	0.01359	0.01235	0.00370	0.01399	0.01388	0.00642	0.01677
16	0.02879	0.02763	0.04721	0.07139	0.51871	0.02763	0.03569	0.03569	0.02648	0.03800	0.02188	0.02879	0.01842	0.01036	0.01151	0.00345	0.01382	0.01036	0.00576	0.01842
17	0.01947	0.01182	0.01437	0.01460	0.01744	0.01075	0.01061	0.02303	0.02627	0.08440	0.13965	0.26484	0.15940	0.02703	0.01302	0.00395	0.00647	0.02361	0.11827	0.01102

[dist]
# distance from previous block
# <min> <max>
0	11

[block]
# block no. 3 follows, 10 sequences, length 25
# corresponding to MSA columns:
# 484-508
name=unknown_D
#
# <colnr> <probs for GDERKNQSTAVLIFYWHMCP>
#	G	D	E	R	K	N	Q	S	T	A	V	L	I	F	Y	W	H	M	C	P
0	0.04478	0.02497	0.02938	0.02326	0.03185	0.02564	0.01897	0.19335	0.13697	0.28179	0.04043	0.03664	0.02730	0.01454	0.01171	0.00364	0.01068	0.01161	0.01298	0.01950
1	0.67341	0.02249	0.01709	0.01529	0.02249	0.02609	0.01260	0.03419	0.01979	0.05218	0.01619	0.01889	0.01260	0.01080	0.00720	0.00360	0.00900	0.00630	0.00720	0.01260
2	0.01518	0.01090	0.01440	0.01551	0.01709	0.01012	0.01087	0.01873	0.02696	0.03716	0.26164	0.36484	0.09138	0.03086	0.01435	0.00425	0.00619	0.02776	0.01168	0.01012
3	0.16665	0.04385	0.23052	0.02913	0.04010	0.12507	0.07264	0.03692	0.02564	0.03837	0.02349	0.03359	0.01963	0.01308	0.01086	0.00372	0.01577	0.04998	0.00626	0.01472
4	0.03993	0.03678	0.03208	0.02681	0.03448	0.17278	0.02122	0.25032	0.16684	0.05451	0.03039	0.03015	0.02266	0.01391	0.01137	0.00348	0.01407	0.01037	0.01015	0.01770
5	0.09128	0.01549	0.01854	0.01592	0.02143	0.01433	0.01259	0.03490	0.02985	0.21043	0.18987	0.06294	0.12509	0.01900	0.01177	0.00356	0.00740	0.01578	0.08583	0.01398
6	0.14689	0.23665	0.03875	0.02000	0.02924	0.03207	0.01775	0.10614	0.02960	0.13513	0.02415	0.02473	0.01817	0.01140	0.00899	0.00296	0.01098	0.00800	0.00839	0.09001
7	0.31339	0.07596	0.02585	0.07046	0.03090	0.02422	0.01598	0.03477	0.02300	0.09156	0.02081	0.02353	0.01596	0.01058	0.00849	0.00302	0.00995	0.00739	0.00743	0.18675
8	0.18498	0.01657	0.01709	0.01598	0.02041	0.01717	0.01225	0.07524	0.02891	0.04516	0.17647	0.16268	0.13941	0.02280	0.01205	0.00388	0.00752	0.01902	0.01052	0.01189
9	0.02997	0.32894	0.12924	0.02338	0.03268	0.03522	0.02388	0.03549	0.02457	0.08008	0.02504	0.03522	0.02225	0.01409	0.01237	0.00337	0.06547	0.05705	0.00658	0.01511
10	0.03191	0.01481	0.01998	0.01801	0.02281	0.01318	0.01370	0.03559	0.02893	0.25964	0.12417	0.25903	0.05991	0.02442	0.01323	0.00405	0.00800	0.02145	0.01275	0.01441
11	0.02319	0.01355	0.01671	0.01495	0.01945	0.01189	0.01155	0.02759	0.03080	0.14443	0.27678	0.08534	0.23129	0.02371	0.01329	0.00374	0.00657	0.02024	0.01246	0.01247
12	0.16596	0.01911	0.02335	0.01873	0.02643	0.01789	0.01530	0.04707	0.03064	0.36245	0.11136	0.04283	0.03803	0.01514	0.01114	0.00361	0.00905	0.01208	0.01277	0.01707
13	0.02333	0.06016	0.53100	0.03315	0.05034	0.02701	0.04297	0.03683	0.02455	0.03683	0.02087	0.02455	0.01473	0.01105	0.01105	0.00368	0.01719	0.00859	0.00491	0.01719
14	0.01900	0.01169	0.01513	0.01564	0.01746	0.01089	0.01075	0.02161	0.02459	0.08187	0.15132	0.32705	0.07234	0.13804	0.02280	0.00564	0.00767	0.02528	0.01086	0.01035
15	0.03947	0.18534	0.12604	0.02468	0.03494	0.10873	0.02368	0.08735	0.03127	0.18935	0.02768	0.02748	0.01970	0.01223	0.01028	0.00322	0.01382	0.00895	0.00871	0.01710
16	0.01869	0.01346	0.01732	0.01841	0.02079	0.01334	0.01409	0.06426	0.02827	0.03791	0.12830	0.33021	0.07365	0.03115	0.01469	0.00461	0.00823	0.14042	0.01116	0.01103
17	0.02840	0.02054	0.02456	0.01776	0.02789	0.01575	0.01429	0.03346	0.02552	0.11246	0.02452	0.02648	0.01899	0.00950	0.00908	0.00201	0.00881	0.00762	0.00804	0.56436
18	0.12566	0.02917	0.12073	0.02644	0.03693	0.02175	0.11524	0.03495	0.02597	0.08769	0.07081	0.03249	0.02627	0.01165	0.01068	0.00318	0.01229	0.01036	0.00768	0.19006
19	0.02123	0.02320	0.07847	0.02482	0.03244	0.01877	0.11905	0.03072	0.07549	0.04009	0.18258	0.06136	0.13381	0.01790	0.01270	0.00358	0.01058	0.01642	0.00936	0.08744
20	0.12743	0.02290	0.07355	0.10808	0.08304	0.02044	0.02268	0.03559	0.02694	0.14390	0.08156	0.05488	0.03722	0.01704	0.01196	0.00398	0.01140	0.09344	0.00930	0.01466
21	0.09272	0.26035	0.07942	0.02178	0.02988	0.08301	0.01992	0.06766	0.07191	0.03636	0.02788	0.10860	0.02647	0.01521	0.00987	0.00330	0.01216	0.01161	0.00731	0.01459
22	0.08104	0.01266	0.01544	0.01594	0.01834	0.01221	0.01126	0.02293	0.02450	0.08244	0.13530	0.34059	0.06874	0.08203	0.01780	0.00494	0.00747	0.02478	0.01081	0.01080
23	0.02614	0.02105	0.03304	0.18108	0.20750	0.02233	0.02624	0.03409	0.06341	0.08275	0.03502	0.15068	0.03260	0.01712	0.01230	0.00389	0.01199	0.01558	0.00802	0.01517
24	0.09324	0.03184	0.15552	0.08778	0.04164	0.02464	0.06874	0.07984	0.07390	0.09166	0.10125	0.03845	0.03319	0.01396	0.01159	0.00371	0.01274	0.01187	0.00869	0.01576

[dist]
# distance from previous block
# <min> <max>
0	70

[block]
# block no. 4 follows, 10 sequences, length 64
# corresponding to MSA columns:
# 611-674
name=unknown_E
#
# <colnr> <probs for GDERKNQSTAVLIFYWHMCP>
#	G	D	E	R	K	N	Q	S	T	A	V	L	I	F	Y	W	H	M	C	P
0	0.08875	0.02332	0.03548	0.12299	0.09115	0.02331	0.09060	0.04284	0.07451	0.18055	0.03083	0.03285	0.02191	0.01207	0.01129	0.00353	0.01245	0.01084	0.00903	0.08171
1	0.08672	0.03234	0.16654	0.12524	0.04657	0.02311	0.07174	0.03771	0.02573	0.12807	0.02529	0.02863	0.01802	0.01121	0.01078	0.00338	0.01355	0.00950	0.00736	0.12852
2	0.19867	0.02126	0.02897	0.22217	0.11879	0.02382	0.02355	0.03074	0.02236	0.03755	0.02087	0.02842	0.01692	0.01975	0.07251	0.00525	0.01463	0.00915	0.00610	0.07852
3	0.02772	0.08107	0.04438	0.30195	0.11775	0.02785	0.11209	0.03502	0.02545	0.08170	0.02342	0.03044	0.01752	0.01125	0.01159	0.00367	0.01520	0.01069	0.00628	0.01496
4	0.02051	0.01406	0.01690	0.01601	0.02006	0.01286	0.01193	0.02675	0.06907	0.08600	0.16716	0.21536	0.17412	0.02569	0.01324	0.00387	0.00696	0.02236	0.01136	0.06571
5	0.02359	0.09290	0.10528	0.11595	0.03827	0.02502	0.02262	0.03801	0.15656	0.04051	0.16667	0.04779	0.04747	0.01592	0.01170	0.00364	0.01084	0.01339	0.00910	0.01476
6	0.02300	0.02173	0.03675	0.48876	0.14657	0.02611	0.03281	0.03062	0.02374	0.03097	0.02085	0.03067	0.01595	0.01144	0.01161	0.00381	0.01525	0.01034	0.00526	0.01375
7	0.01648	0.01221	0.01553	0.01618	0.01828	0.01184	0.01155	0.02276	0.06914	0.03877	0.25832	0.31890	0.08756	0.02908	0.01409	0.00419	0.00642	0.02605	0.01176	0.01091
8	0.01417	0.01012	0.01350	0.01619	0.01687	0.00945	0.01080	0.01619	0.02227	0.02969	0.06410	0.58367	0.07692	0.03644	0.01484	0.00472	0.00675	0.03306	0.01080	0.00945
9	0.04102	0.01699	0.02245	0.01809	0.02499	0.01503	0.01462	0.04584	0.03187	0.36563	0.13010	0.04881	0.04376	0.01598	0.01153	0.00347	0.00841	0.01328	0.11130	0.01682
10	0.01440	0.01030	0.01370	0.01604	0.01692	0.00960	0.01081	0.01677	0.02333	0.03138	0.10890	0.53405	0.08020	0.03517	0.01473	0.00462	0.00662	0.03186	0.01100	0.00960
11	0.02893	0.44856	0.19171	0.02359	0.03555	0.04073	0.02632	0.03538	0.02389	0.03000	0.01748	0.02030	0.01487	0.01026	0.00846	0.00282	0.01376	0.00688	0.00496	0.01555
12	0.47931	0.02177	0.02105	0.08041	0.03060	0.02435	0.01575	0.03793	0.02276	0.13963	0.02235	0.02424	0.01601	0.01158	0.00857	0.00363	0.00993	0.00779	0.00833	0.01400
13	0.01564	0.01186	0.01441	0.01377	0.01687	0.01062	0.01033	0.02036	0.03098	0.04203	0.39303	0.09446	0.23216	0.02550	0.01373	0.00374	0.00561	0.02210	0.01220	0.01062
14	0.02745	0.03137	0.06863	0.04902	0.06078	0.02941	0.47647	0.03725	0.02745	0.03725	0.02353	0.03137	0.01765	0.00980	0.01373	0.00392	0.01961	0.01373	0.00588	0.01569
15	0.03109	0.59826	0.06095	0.01990	0.02985	0.04602	0.01990	0.03483	0.02363	0.02736	0.01617	0.01866	0.01493	0.00995	0.00746	0.00249	0.01244	0.00622	0.00498	0.01493
16	0.02694	0.02058	0.02441	0.01758	0.02778	0.01566	0.01411	0.03204	0.02504	0.08706	0.02321	0.02567	0.01839	0.00919	0.00892	0.00191	0.00874	0.00737	0.00765	0.59774
17	0.67341	0.02249	0.01709	0.01529	0.02249	0.02609	0.01260	0.03419	0.01979	0.05218	0.01619	0.01889	0.01260	0.01080	0.00720	0.00360	0.00900	0.00630	0.00720	0.01260
18	0.04345	0.05543	0.03296	0.02996	0.03596	0.54457	0.02247	0.04644	0.03296	0.02846	0.01798	0.02097	0.01498	0.01199	0.01049	0.00300	0.02097	0.00749	0.00599	0.01348
19	0.01452	0.01039	0.01381	0.01596	0.01695	0.00968	0.01082	0.01707	0.02388	0.03226	0.13206	0.50839	0.08190	0.03452	0.01467	0.00456	0.00656	0.03124	0.01110	0.00968
20	0.67341	0.02249	0.01709	0.01529	0.02249	0.02609	0.01260	0.03419	0.01979	0.05218	0.01619	0.01889	0.01260	0.01080	0.00720	0.00360	0.00900	0.00630	0.00720	0.01260
21	0.03046	0.02575	0.02716	0.02398	0.03083	0.02964	0.01878	0.10375	0.45326	0.05112	0.04539	0.04184	0.03393	0.01560	0.01181	0.00390	0.00956	0.01288	0.01181	0.01855
22	0.01417	0.01012	0.01350	0.01619	0.01687	0.00945	0.01080	0.01619	0.02227	0.02969	0.06410	0.58367	0.07692	0.03644	0.01484	0.00472	0.00675	0.03306	0.01080	0.00945
23	0.02397	0.01380	0.01740	0.01699	0.02038	0.01324	0.01251	0.03047	0.07384	0.12982	0.13172	0.28899	0.06446	0.02578	0.01308	0.00405	0.00724	0.02278	0.07678	0.01270
24	0.02196	0.02067	0.03488	0.56331	0.08010	0.02584	0.03230	0.02972	0.02326	0.02972	0.02067	0.03101	0.01550	0.01163	0.01163	0.00388	0.01550	0.01034	0.00517	0.01292
25	0.03261	0.02587	0.02736	0.02340	0.03040	0.02933	0.01854	0.17728	0.32970	0.05517	0.04099	0.03900	0.03053	0.01506	0.01145	0.00371	0.00988	0.01218	0.06941	0.01812
26	0.05218	0.01979	0.02699	0.02069	0.02969	0.01709	0.01709	0.05668	0.03329	0.52677	0.04588	0.03959	0.02879	0.01439	0.01170	0.00360	0.00990	0.01170	0.01439	0.01979
27	0.01693	0.01871	0.09339	0.01955	0.02353	0.01321	0.01735	0.02204	0.02555	0.03503	0.14166	0.31179	0.07163	0.02931	0.01431	0.00450	0.00891	0.11118	0.01027	0.01117
28	0.05218	0.01979	0.02699	0.02069	0.02969	0.01709	0.01709	0.05668	0.03329	0.52677	0.04588	0.03959	0.02879	0.01439	0.01170	0.00360	0.00990	0.01170	0.01439	0.01979
29	0.01585	0.01083	0.01300	0.01404	0.01431	0.01057	0.00850	0.01663	0.01899	0.02532	0.04728	0.27266	0.05570	0.37641	0.04202	0.00874	0.00952	0.02317	0.00850	0.00798
30	0.67341	0.02249	0.01709	0.01529	0.02249	0.02609	0.01260	0.03419	0.01979	0.05218	0.01619	0.01889	0.01260	0.01080	0.00720	0.00360	0.00900	0.00630	0.00720	0.01260
31	0.01970	0.01028	0.01478	0.01478	0.01478	0.01028	0.00964	0.01542	0.01542	0.02056	0.02269	0.04153	0.02355	0.12388	0.04754	0.56307	0.01028	0.01113	0.00535	0.00535
32	0.03042	0.49341	0.06237	0.02529	0.03557	0.04295	0.10435	0.03528	0.02434	0.02919	0.01753	0.02101	0.01543	0.00992	0.00862	0.00275	0.01376	0.00761	0.00514	0.01507
33	0.28975	0.02182	0.02301	0.01915	0.02699	0.02283	0.01559	0.04889	0.11566	0.25171	0.03459	0.03225	0.02375	0.01325	0.00997	0.00366	0.00942	0.00987	0.01111	0.01673
34	0.01906	0.01223	0.01614	0.01543	0.01832	0.01121	0.01146	0.02383	0.03100	0.08406	0.39110	0.17382	0.09690	0.02530	0.01375	0.00385	0.00609	0.02245	0.01257	0.01144
35	0.12594	0.01548	0.01806	0.01581	0.02012	0.01503	0.01172	0.03181	0.02623	0.17182	0.16670	0.06039	0.05260	0.18947	0.02582	0.00592	0.00896	0.01501	0.01066	0.01246
36	0.01417	0.01012	0.01350	0.01619	0.01687	0.00945	0.01080	0.01619	0.02227	0.02969	0.06410	0.58367	0.07692	0.03644	0.01484	0.00472	0.00675	0.03306	0.01080	0.00945
37	0.11407	0.01200	0.01404	0.01606	0.01772	0.01197	0.01107	0.01892	0.02189	0.03310	0.05684	0.49809	0.06718	0.03255	0.01369	0.00455	0.00709	0.02901	0.01025	0.00992
38	0.02412	0.02067	0.02412	0.01723	0.02756	0.01550	0.01378	0.02929	0.02412	0.03790	0.02067	0.02412	0.01723	0.00861	0.00861	0.00172	0.00861	0.00689	0.00689	0.66236
39	0.57573	0.02327	0.02166	0.02379	0.09769	0.02632	0.01610	0.03442	0.02081	0.05003	0.01706	0.02039	0.01348	0.01073	0.00785	0.00358	0.00973	0.00691	0.00698	0.01348
40	0.02476	0.01686	0.01742	0.01630	0.02065	0.01854	0.01250	0.04187	0.22581	0.04561	0.04194	0.04337	0.03223	0.01450	0.00971	0.00324	0.00703	0.01182	0.38177	0.01406
41	0.02253	0.01249	0.01265	0.01234	0.01550	0.01296	0.00933	0.03116	0.07974	0.04398	0.03904	0.04336	0.03048	0.01381	0.00856	0.00285	0.00586	0.01111	0.58051	0.01173
42	0.03109	0.59826	0.06095	0.01990	0.02985	0.04602	0.01990	0.03483	0.02363	0.02736	0.01617	0.01866	0.01493	0.00995	0.00746	0.00249	0.01244	0.00622	0.00498	0.01493
43	0.02412	0.02067	0.02412	0.01723	0.02756	0.01550	0.01378	0.02929	0.02412	0.03790	0.02067	0.02412	0.01723	0.00861	0.00861	0.00172	0.00861	0.00689	0.00689	0.66236
44	0.01664	0.01138	0.01377	0.01399	0.01440	0.01168	0.00863	0.01751	0.01766	0.02390	0.03798	0.11293	0.04291	0.45982	0.13801	0.01199	0.01427	0.01749	0.00722	0.00781
45	0.04354	0.05276	0.03319	0.02959	0.03597	0.48510	0.02243	0.09714	0.03550	0.03371	0.01914	0.02179	0.01554	0.01222	0.01062	0.00305	0.02002	0.00784	0.00665	0.01422
46	0.03040	0.55010	0.10301	0.02109	0.03168	0.04432	0.02197	0.03501	0.02371	0.02821	0.01659	0.01918	0.01491	0.01005	0.00778	0.00259	0.01286	0.00643	0.00497	0.01513
47	0.02879	0.02763	0.04721	0.07139	0.51871	0.02763	0.03569	0.03569	0.02648	0.03800	0.02188	0.02879	0.01842	0.01036	0.01151	0.00345	0.01382	0.01036	0.00576	0.01842
48	0.04756	0.01844	0.02454	0.01920	0.02724	0.01615	0.01574	0.05220	0.03194	0.45351	0.04468	0.04016	0.02894	0.01427	0.01116	0.00346	0.00922	0.01157	0.11160	0.01844
49	0.01579	0.01153	0.01503	0.01619	0.01829	0.01076	0.01216	0.01976	0.02729	0.03678	0.22653	0.27637	0.13052	0.03048	0.01457	0.00439	0.00697	0.10485	0.01149	0.01026
50	0.02265	0.02137	0.03612	0.51384	0.12421	0.02602	0.03264	0.03032	0.02358	0.03055	0.02079	0.03078	0.01580	0.01150	0.01162	0.00383	0.01533	0.01034	0.00523	0.01347
51	0.05017	0.02301	0.02898	0.02222	0.03130	0.02187	0.01836	0.16328	0.03868	0.41256	0.04136	0.03665	0.02652	0.01429	0.01168	0.00357	0.01063	0.01139	0.01370	0.01979
52	0.04640	0.02907	0.03274	0.02510	0.03432	0.03087	0.02073	0.36395	0.04882	0.19756	0.03284	0.03112	0.02225	0.01408	0.01165	0.00352	0.01200	0.01081	0.01239	0.01978
53	0.02300	0.02173	0.03675	0.48876	0.14657	0.02611	0.03281	0.03062	0.02374	0.03097	0.02085	0.03067	0.01595	0.01144	0.01161	0.00381	0.01525	0.01034	0.00526	0.01375
54	0.67341	0.02249	0.01709	0.01529	0.02249	0.02609	0.01260	0.03419	0.01979	0.05218	0.01619	0.01889	0.01260	0.01080	0.00720	0.00360	0.00900	0.00630	0.00720	0.01260
55	0.10167	0.02081	0.02604	0.02068	0.02916	0.01966	0.01691	0.05554	0.10251	0.41382	0.04357	0.03840	0.02843	0.01430	0.01133	0.00365	0.00971	0.01146	0.01339	0.01897
56	0.03044	0.01851	0.02239	0.01937	0.02491	0.01862	0.01514	0.09082	0.12219	0.16416	0.21063	0.11021	0.06241	0.02013	0.01274	0.00379	0.00823	0.01727	0.01267	0.01538
57	0.01580	0.01102	0.01280	0.01354	0.01418	0.01061	0.00828	0.01669	0.01949	0.02553	0.05362	0.21862	0.10689	0.37435	0.04179	0.00863	0.00941	0.02221	0.00851	0.00803
58	0.02323	0.02196	0.03716	0.47232	0.16123	0.02617	0.03293	0.03082	0.02385	0.03125	0.02089	0.03060	0.01604	0.01139	0.01161	0.00380	0.01519	0.01034	0.00528	0.01394
59	0.01721	0.01281	0.01644	0.01815	0.02020	0.01281	0.01359	0.02397	0.08000	0.03481	0.10634	0.36369	0.07299	0.03174	0.01467	0.00468	0.00785	0.12602	0.01110	0.01095
60	0.02678	0.08307	0.03658	0.08731	0.03972	0.06886	0.08744	0.03262	0.02526	0.03495	0.02042	0.02520	0.01666	0.00958	0.00979	0.00250	0.01257	0.00832	0.00627	0.36612
61	0.01720	0.01280	0.01567	0.01700	0.01900	0.01272	0.01251	0.02283	0.07051	0.03166	0.06292	0.27135	0.11498	0.13722	0.02307	0.00594	0.00869	0.12351	0.01017	0.01024
62	0.10917	0.01653	0.02036	0.01710	0.02271	0.01550	0.01328	0.03799	0.02912	0.25610	0.17589	0.05637	0.05234	0.10410	0.01895	0.00478	0.00873	0.01455	0.01198	0.01447
63	0.03099	0.02749	0.08116	0.13782	0.04767	0.02606	0.10790	0.04760	0.18761	0.12896	0.03491	0.03628	0.02507	0.01316	0.01205	0.00384	0.01324	0.01201	0.00923	0.01694

[dist]
# distance from previous block
# <min> <max>
0	1

[block]
# block no. 5 follows, 10 sequences, length 31
# corresponding to MSA columns:
# 676-684,702-723
name=unknown_F
#
# <colnr> <probs for GDERKNQSTAVLIFYWHMCP>
#	G	D	E	R	K	N	Q	S	T	A	V	L	I	F	Y	W	H	M	C	P
0	0.20022	0.12216	0.02864	0.02512	0.10436	0.02431	0.01696	0.03008	0.02258	0.03896	0.02754	0.08690	0.02545	0.02121	0.06135	0.00480	0.01170	0.01119	0.12335	0.01312
1	0.09878	0.07982	0.03318	0.02422	0.03264	0.03406	0.02000	0.28411	0.16921	0.06050	0.03105	0.03045	0.02294	0.01380	0.01090	0.00354	0.01143	0.01043	0.01067	0.01829
2	0.02067	0.01790	0.01691	0.01767	0.01899	0.09931	0.01195	0.02118	0.02178	0.02645	0.04337	0.29747	0.04989	0.13251	0.02772	0.12687	0.01056	0.02166	0.00826	0.00888
3	0.13909	0.14564	0.31006	0.02597	0.03881	0.02883	0.03062	0.03468	0.02429	0.03872	0.06290	0.02803	0.02283	0.01194	0.00996	0.00345	0.01385	0.00887	0.00603	0.01542
4	0.02492	0.10814	0.39276	0.03496	0.05036	0.02938	0.12633	0.03672	0.02504	0.03597	0.02093	0.02531	0.01533	0.01069	0.01122	0.00361	0.01719	0.00937	0.00511	0.01667
5	0.01582	0.01031	0.01369	0.01540	0.01583	0.00988	0.01003	0.01611	0.01997	0.02662	0.05084	0.39052	0.05993	0.12993	0.02830	0.13562	0.00817	0.02583	0.00903	0.00818
6	0.02836	0.03114	0.16649	0.03228	0.08007	0.02142	0.11409	0.03552	0.02552	0.12949	0.03284	0.08750	0.02850	0.11060	0.02013	0.00505	0.01403	0.01393	0.00791	0.01512
7	0.03298	0.03912	0.21933	0.07505	0.04849	0.02736	0.11936	0.12276	0.03219	0.12873	0.02707	0.02967	0.01877	0.01198	0.01185	0.00369	0.01544	0.01064	0.00804	0.01749
8	0.13266	0.01918	0.06635	0.01802	0.02343	0.01570	0.01534	0.03004	0.02705	0.12798	0.17495	0.19874	0.06087	0.02222	0.01232	0.00394	0.00833	0.01905	0.01084	0.01299
9	0.09453	0.01775	0.02104	0.01847	0.02388	0.01772	0.01438	0.07194	0.08053	0.17321	0.17772	0.14139	0.05828	0.02050	0.01236	0.00383	0.00818	0.01745	0.01213	0.01469
10	0.02424	0.08120	0.22307	0.17920	0.05042	0.02630	0.03093	0.07091	0.02815	0.03888	0.10322	0.03663	0.03128	0.01351	0.01143	0.00362	0.01399	0.01114	0.00690	0.01498
11	0.03532	0.08655	0.21573	0.08379	0.04360	0.11207	0.02927	0.04314	0.02822	0.17249	0.02707	0.02842	0.01885	0.01213	0.01091	0.00347	0.01520	0.00928	0.00781	0.01668
12	0.18589	0.08156	0.03325	0.02416	0.03037	0.02457	0.10037	0.03203	0.02431	0.08504	0.07298	0.13105	0.03574	0.01757	0.01391	0.00390	0.06689	0.01467	0.00834	0.01340
13	0.54712	0.02560	0.02041	0.07015	0.02945	0.07778	0.01550	0.03497	0.02144	0.04763	0.01681	0.02028	0.01312	0.01100	0.00796	0.00357	0.01083	0.00681	0.00688	0.01272
14	0.01746	0.01319	0.01657	0.01838	0.02040	0.01341	0.01349	0.02523	0.10252	0.03378	0.06085	0.41231	0.06821	0.03221	0.01456	0.00471	0.00787	0.10274	0.01095	0.01117
15	0.02139	0.06755	0.07909	0.02629	0.07041	0.02024	0.06600	0.02919	0.06986	0.03551	0.12538	0.14762	0.05083	0.11510	0.02039	0.00507	0.01097	0.01764	0.00864	0.01283
16	0.02050	0.02287	0.10540	0.07772	0.03208	0.01736	0.01986	0.06879	0.02618	0.03605	0.04446	0.32195	0.04853	0.02462	0.01294	0.00404	0.01020	0.02177	0.00892	0.07575
17	0.01490	0.01066	0.01434	0.01627	0.01713	0.01055	0.01107	0.01709	0.02106	0.02846	0.05531	0.43389	0.06471	0.10388	0.11455	0.00792	0.01160	0.02767	0.00958	0.00936
18	0.04160	0.02058	0.02799	0.02783	0.10888	0.01945	0.01894	0.08772	0.03246	0.30814	0.03862	0.03740	0.02640	0.01352	0.01097	0.00339	0.00996	0.01119	0.13714	0.01783
19	0.04713	0.01994	0.02831	0.11136	0.03811	0.01856	0.01963	0.05217	0.03161	0.44371	0.04167	0.03815	0.02657	0.01393	0.01168	0.00365	0.01083	0.01147	0.01285	0.01864
20	0.02888	0.21083	0.31547	0.02889	0.04217	0.11884	0.03305	0.03787	0.02570	0.03277	0.01906	0.02230	0.01483	0.01090	0.00995	0.00323	0.01648	0.00774	0.00511	0.01593
21	0.02185	0.01786	0.02170	0.01756	0.02522	0.01436	0.01423	0.02710	0.02608	0.03879	0.11040	0.05431	0.04183	0.01548	0.01084	0.00271	0.00848	0.08905	0.00858	0.43358
22	0.02818	0.13820	0.12929	0.06897	0.03917	0.02973	0.06016	0.12246	0.07982	0.04176	0.03158	0.12057	0.02863	0.01610	0.01147	0.00366	0.01291	0.01363	0.00806	0.01565
23	0.03615	0.03068	0.16110	0.13089	0.04491	0.02130	0.02663	0.04373	0.02820	0.25670	0.03211	0.03258	0.02145	0.01246	0.01124	0.00351	0.01281	0.01019	0.00942	0.07394
24	0.10250	0.13054	0.07807	0.02564	0.07853	0.02473	0.02078	0.04350	0.02867	0.25275	0.07362	0.03537	0.02940	0.01333	0.01056	0.00339	0.01093	0.01055	0.01009	0.01703
25	0.09198	0.03373	0.19989	0.02530	0.03540	0.02235	0.02658	0.08175	0.02945	0.14068	0.03656	0.05454	0.03117	0.01736	0.01215	0.00406	0.01284	0.11912	0.00920	0.01589
26	0.03104	0.13117	0.12405	0.02271	0.03189	0.02583	0.02166	0.08289	0.07828	0.12558	0.03515	0.12186	0.03055	0.01626	0.01108	0.00346	0.01127	0.01332	0.00916	0.07276
27	0.03438	0.06954	0.02971	0.02143	0.02829	0.02013	0.05210	0.08246	0.03298	0.22275	0.16655	0.10040	0.05207	0.01821	0.01232	0.00364	0.00970	0.01579	0.01185	0.01569
28	0.14351	0.12858	0.07594	0.02112	0.02997	0.02715	0.01924	0.08709	0.07484	0.18151	0.07253	0.03437	0.02917	0.01361	0.01031	0.00343	0.01069	0.01037	0.01000	0.01658
29	0.19957	0.09310	0.15725	0.02237	0.03336	0.02665	0.02274	0.08090	0.02700	0.09143	0.02226	0.02417	0.01651	0.01105	0.00935	0.00316	0.01186	0.00793	0.00747	0.13188
30	0.03267	0.04590	0.25177	0.02894	0.04062	0.11380	0.03020	0.08957	0.12096	0.08909	0.02863	0.02939	0.02065	0.01273	0.01123	0.00359	0.01513	0.00978	0.00802	0.01732

[dist]
# distance from previous block
# <min> <max>
0	151

[block]
# block no. 6 follows, 10 sequences, length 35
# corresponding to MSA columns:
# 889-898,929-948,955-959
name=unknown_G
#
# <colnr> <probs for GDERKNQSTAVLIFYWHMCP>
#	G	D	E	R	K	N	Q	S	T	A	V	L	I	F	Y	W	H	M	C	P
0	0.26197	0.07815	0.03605	0.11498	0.04167	0.02797	0.10852	0.03866	0.06519	0.08819	0.02393	0.02745	0.01784	0.01144	0.01008	0.00363	0.01259	0.00953	0.00748	0.01467
1	0.09563	0.02529	0.02896	0.22601	0.04795	0.10349	0.02272	0.03971	0.02813	0.17366	0.06985	0.03557	0.02712	0.01345	0.01123	0.00361	0.01328	0.01082	0.00877	0.01475
2	0.14529	0.02730	0.03226	0.02936	0.07121	0.10404	0.10047	0.03537	0.07038	0.03834	0.03111	0.13598	0.02966	0.01604	0.01134	0.00360	0.01272	0.01413	0.00777	0.08364
3	0.15744	0.06997	0.02558	0.01913	0.02544	0.02217	0.01537	0.10508	0.02927	0.17667	0.03534	0.13024	0.03088	0.02005	0.01466	0.07452	0.00985	0.01370	0.01011	0.01453
4	0.03618	0.08788	0.08238	0.02613	0.03481	0.10728	0.06578	0.12069	0.03474	0.14247	0.10859	0.03815	0.03470	0.01430	0.01156	0.00343	0.01332	0.01174	0.00965	0.01620
5	0.16500	0.02588	0.02912	0.02768	0.07634	0.10236	0.06086	0.03873	0.02713	0.16181	0.03465	0.13741	0.03074	0.01679	0.01138	0.00374	0.01212	0.01420	0.00928	0.01479
6	0.27882	0.02354	0.02915	0.03434	0.18478	0.02367	0.02073	0.03583	0.02408	0.08951	0.02171	0.02507	0.01692	0.01057	0.00930	0.00318	0.01057	0.00824	0.00735	0.14264
7	0.02220	0.01304	0.01726	0.01579	0.01938	0.01185	0.01198	0.02719	0.03197	0.12509	0.39191	0.12644	0.09311	0.02342	0.01349	0.00375	0.00634	0.02063	0.01288	0.01230
8	0.02788	0.01266	0.01412	0.01284	0.01683	0.01211	0.00995	0.03311	0.02620	0.14157	0.03955	0.04259	0.02960	0.01372	0.00885	0.00289	0.00633	0.01101	0.52551	0.01266
9	0.01417	0.01012	0.01350	0.01619	0.01687	0.00945	0.01080	0.01619	0.02227	0.02969	0.06410	0.58367	0.07692	0.03644	0.01484	0.00472	0.00675	0.03306	0.01080	0.00945
10	0.01748	0.01168	0.01462	0.01389	0.01662	0.01095	0.01042	0.02296	0.03125	0.04600	0.41945	0.07834	0.09406	0.02177	0.01262	0.00347	0.00547	0.01903	0.13897	0.01095
11	0.01417	0.01012	0.01350	0.01619	0.01687	0.00945	0.01080	0.01619	0.02227	0.02969	0.06410	0.58367	0.07692	0.03644	0.01484	0.00472	0.00675	0.03306	0.01080	0.00945
12	0.67341	0.02249	0.01709	0.01529	0.02249	0.02609	0.01260	0.03419	0.01979	0.05218	0.01619	0.01889	0.01260	0.01080	0.00720	0.00360	0.00900	0.00630	0.00720	0.01260
13	0.04316	0.03080	0.03175	0.02533	0.03384	0.07549	0.02054	0.28936	0.12247	0.15425	0.03382	0.03219	0.02375	0.01418	0.01158	0.00354	0.01234	0.01090	0.01172	0.01900
14	0.02333	0.06016	0.53100	0.03315	0.05034	0.02701	0.04297	0.03683	0.02455	0.03683	0.02087	0.02455	0.01473	0.01105	0.01105	0.00368	0.01719	0.00859	0.00491	0.01719
15	0.67341	0.02249	0.01709	0.01529	0.02249	0.02609	0.01260	0.03419	0.01979	0.05218	0.01619	0.01889	0.01260	0.01080	0.00720	0.00360	0.00900	0.00630	0.00720	0.01260
16	0.09698	0.03042	0.06308	0.04539	0.05666	0.02905	0.42654	0.03692	0.02663	0.03886	0.02274	0.03003	0.01710	0.00991	0.01302	0.00389	0.01847	0.01293	0.00602	0.01535
17	0.67341	0.02249	0.01709	0.01529	0.02249	0.02609	0.01260	0.03419	0.01979	0.05218	0.01619	0.01889	0.01260	0.01080	0.00720	0.00360	0.00900	0.00630	0.00720	0.01260
18	0.01453	0.01040	0.01382	0.01595	0.01695	0.00969	0.01082	0.01710	0.02394	0.03235	0.13448	0.50572	0.08207	0.03445	0.01467	0.00456	0.00655	0.03118	0.01111	0.00969
19	0.04421	0.03258	0.03490	0.02676	0.03607	0.03607	0.02211	0.47993	0.05468	0.07330	0.02792	0.02792	0.01978	0.01396	0.01163	0.00349	0.01280	0.01047	0.01163	0.01978
20	0.03460	0.17910	0.11838	0.02447	0.03551	0.02710	0.06457	0.04094	0.02714	0.18237	0.02740	0.02810	0.01976	0.01120	0.01011	0.00300	0.01239	0.00908	0.00825	0.13654
21	0.15427	0.18864	0.15626	0.02217	0.03225	0.02973	0.02285	0.03864	0.06962	0.08714	0.07058	0.03104	0.02678	0.01269	0.00971	0.00335	0.01171	0.00942	0.00771	0.01545
22	0.02877	0.01469	0.01904	0.01635	0.02150	0.01297	0.01282	0.03351	0.03205	0.21543	0.28424	0.07395	0.14431	0.02132	0.01300	0.00368	0.00712	0.01826	0.01306	0.01394
23	0.02249	0.01482	0.02206	0.18193	0.03795	0.01559	0.01827	0.02663	0.02429	0.10770	0.04814	0.33159	0.05084	0.02550	0.01338	0.00429	0.00988	0.02286	0.00966	0.01212
24	0.03095	0.02843	0.08628	0.27803	0.05972	0.02797	0.07282	0.14363	0.03242	0.08927	0.02515	0.03047	0.01795	0.01223	0.01178	0.00374	0.01487	0.01066	0.00767	0.01594
25	0.02978	0.02096	0.02975	0.12921	0.03963	0.02203	0.05920	0.10572	0.07740	0.12532	0.13227	0.09724	0.04538	0.01752	0.01257	0.00382	0.01104	0.01548	0.01050	0.01518
26	0.02044	0.01099	0.01099	0.01099	0.01389	0.01068	0.00824	0.02547	0.02472	0.04149	0.05047	0.05412	0.10579	0.01605	0.00901	0.00290	0.00549	0.01299	0.55461	0.01068
27	0.02523	0.02387	0.07956	0.27011	0.13319	0.02245	0.02810	0.03239	0.02623	0.08709	0.08051	0.04350	0.07009	0.01441	0.01195	0.00374	0.01296	0.01261	0.00748	0.01452
28	0.03397	0.02036	0.02513	0.01844	0.02831	0.01606	0.01494	0.03890	0.02734	0.20945	0.02952	0.02955	0.02128	0.01064	0.00970	0.00238	0.00906	0.00858	0.00952	0.43688
29	0.01574	0.01186	0.01455	0.01388	0.01693	0.01067	0.01041	0.02056	0.03123	0.04261	0.40814	0.09350	0.21669	0.02528	0.01372	0.00373	0.00559	0.02196	0.01227	0.01067
30	0.04535	0.02571	0.03004	0.02358	0.03232	0.02653	0.01930	0.22652	0.11471	0.27064	0.03894	0.03553	0.02624	0.01444	0.01169	0.00361	0.01095	0.01143	0.01289	0.01957
31	0.01453	0.01181	0.01288	0.01261	0.01619	0.01015	0.00946	0.01822	0.02837	0.03584	0.23245	0.10465	0.39660	0.02781	0.01374	0.00385	0.00577	0.02353	0.01138	0.01015
32	0.02412	0.02067	0.02412	0.01723	0.02756	0.01550	0.01378	0.02929	0.02412	0.03790	0.02067	0.02412	0.01723	0.00861	0.00861	0.00172	0.00861	0.00689	0.00689	0.66236
33	0.02205	0.01874	0.02972	0.02719	0.03226	0.01897	0.10850	0.03259	0.10080	0.03746	0.05188	0.09783	0.05233	0.02518	0.01494	0.00485	0.01222	0.28966	0.00994	0.01289
34	0.03131	0.03094	0.12943	0.02308	0.03369	0.02302	0.02198	0.15233	0.03404	0.09567	0.07146	0.03264	0.02725	0.01252	0.01069	0.00296	0.01130	0.00999	0.00904	0.23666

[dist]
# distance from previous block
# <min> <max>
0	17

[block]
# block no. 7 follows, 10 sequences, length 22
# corresponding to MSA columns:
# 977-998
name=unknown_H
#
# <colnr> <probs for GDERKNQSTAVLIFYWHMCP>
#	G	D	E	R	K	N	Q	S	T	A	V	L	I	F	Y	W	H	M	C	P
0	0.48563	0.02721	0.07872	0.06903	0.03416	0.02648	0.06071	0.03436	0.02132	0.04715	0.01778	0.02174	0.01355	0.01081	0.00861	0.00366	0.01144	0.00759	0.00665	0.01341
1	0.02767	0.03170	0.18692	0.02587	0.03520	0.02060	0.06289	0.07342	0.02966	0.12351	0.10229	0.14864	0.04336	0.01861	0.01257	0.00388	0.01206	0.01634	0.00947	0.01533
2	0.02014	0.01498	0.01978	0.02173	0.02494	0.01552	0.01870	0.02928	0.09156	0.03671	0.05962	0.11911	0.06261	0.02988	0.01548	0.00516	0.01050	0.38165	0.01086	0.01177
3	0.02333	0.06016	0.53100	0.03315	0.05034	0.02701	0.04297	0.03683	0.02455	0.03683	0.02087	0.02455	0.01473	0.01105	0.01105	0.00368	0.01719	0.00859	0.00491	0.01719
4	0.04421	0.03258	0.03490	0.02676	0.03607	0.03607	0.02211	0.47993	0.05468	0.07330	0.02792	0.02792	0.01978	0.01396	0.01163	0.00349	0.01280	0.01047	0.01163	0.01978
5	0.01417	0.01012	0.01350	0.01619	0.01687	0.00945	0.01080	0.01619	0.02227	0.02969	0.06410	0.58367	0.07692	0.03644	0.01484	0.00472	0.00675	0.03306	0.01080	0.00945
6	0.04345	0.05543	0.03296	0.02996	0.03596	0.54457	0.02247	0.04644	0.03296	0.02846	0.01798	0.02097	0.01498	0.01199	0.01049	0.00300	0.02097	0.00749	0.00599	0.01348
7	0.01646	0.01189	0.01555	0.01463	0.01738	0.01097	0.01097	0.02195	0.03292	0.04664	0.51257	0.08688	0.10974	0.02378	0.01372	0.00366	0.00549	0.02103	0.01280	0.01097
8	0.33658	0.02241	0.02330	0.01887	0.02707	0.02327	0.01557	0.09186	0.02939	0.26009	0.03032	0.02883	0.02039	0.01270	0.00962	0.00359	0.00980	0.00909	0.01079	0.01649
9	0.02279	0.01344	0.01669	0.01497	0.01933	0.01185	0.01155	0.02730	0.03103	0.13820	0.29796	0.08508	0.21750	0.02364	0.01332	0.00373	0.00649	0.02024	0.01251	0.01239
10	0.05218	0.01979	0.02699	0.02069	0.02969	0.01709	0.01709	0.05668	0.03329	0.52677	0.04588	0.03959	0.02879	0.01439	0.01170	0.00360	0.00990	0.01170	0.01439	0.01979
11	0.67341	0.02249	0.01709	0.01529	0.02249	0.02609	0.01260	0.03419	0.01979	0.05218	0.01619	0.01889	0.01260	0.01080	0.00720	0.00360	0.00900	0.00630	0.00720	0.01260
12	0.50120	0.02174	0.01984	0.01679	0.02449	0.02360	0.01384	0.04042	0.02353	0.18375	0.02442	0.02463	0.01708	0.01179	0.00844	0.00360	0.00925	0.00779	0.00919	0.01459
13	0.01431	0.01180	0.01257	0.01238	0.01606	0.01006	0.00928	0.01779	0.02784	0.03459	0.19998	0.10672	0.42986	0.02827	0.01374	0.00387	0.00581	0.02381	0.01122	0.01006
14	0.01417	0.01012	0.01350	0.01619	0.01687	0.00945	0.01080	0.01619	0.02227	0.02969	0.06410	0.58367	0.07692	0.03644	0.01484	0.00472	0.00675	0.03306	0.01080	0.00945
15	0.01862	0.01280	0.01739	0.01979	0.02228	0.01274	0.01685	0.02366	0.02609	0.03523	0.05930	0.16529	0.06393	0.03056	0.01510	0.00501	0.00976	0.35543	0.07959	0.01060
16	0.02057	0.01458	0.01765	0.01653	0.01847	0.01572	0.01150	0.08183	0.02267	0.03094	0.03370	0.05983	0.03500	0.35189	0.20688	0.01256	0.01779	0.01461	0.00742	0.00986
17	0.03319	0.01737	0.02236	0.02023	0.02552	0.01663	0.01607	0.09638	0.03160	0.22091	0.05193	0.22661	0.04947	0.02442	0.01345	0.00425	0.00944	0.09302	0.01223	0.01492
18	0.01558	0.01131	0.01500	0.01744	0.01905	0.01073	0.01313	0.01875	0.02409	0.03148	0.06833	0.39592	0.11467	0.03442	0.01513	0.00485	0.00792	0.16154	0.01077	0.00988
19	0.03568	0.02898	0.03758	0.13771	0.04703	0.03225	0.07570	0.28040	0.10613	0.05694	0.02862	0.03107	0.02083	0.01326	0.01190	0.00368	0.01363	0.01118	0.00969	0.01773
20	0.03031	0.02585	0.07506	0.12761	0.04292	0.02418	0.07136	0.14841	0.03434	0.10168	0.09807	0.09736	0.03782	0.01662	0.01244	0.00379	0.01243	0.01464	0.00961	0.01551
21	0.44045	0.02233	0.02249	0.15014	0.03746	0.02635	0.01808	0.03626	0.07537	0.04629	0.02085	0.02466	0.01593	0.01157	0.00881	0.00371	0.01061	0.00807	0.00723	0.01334

[dist]
# distance from previous block
# <min> <max>
0	46

# created by:
# /st0/software/busco_prod/Augustus/scripts/msa2prfl.pl ./align_prep/7789.fa
