[name]
unknown

[dist]
# distance from previous block
# <min> <max>
0	0

[block]
# block no. 0 follows, 14 sequences, length 12
# corresponding to MSA columns:
# 0-11
name=unknown_A
#
# <colnr> <probs for GDERKNQSTAVLIFYWHMCP>
#	G	D	E	R	K	N	Q	S	T	A	V	L	I	F	Y	W	H	M	C	P
0	0.01654	0.01181	0.01654	0.01890	0.02126	0.01181	0.01654	0.02126	0.02362	0.03071	0.05433	0.11576	0.05906	0.02835	0.01417	0.00472	0.00945	0.50626	0.00945	0.00945
1	0.58458	0.01939	0.01675	0.01441	0.02106	0.02150	0.01187	0.03396	0.01974	0.14856	0.01930	0.02016	0.01384	0.01013	0.00711	0.00318	0.00809	0.00647	0.00756	0.01233
2	0.32206	0.02202	0.02516	0.16123	0.09145	0.02517	0.01923	0.14924	0.02600	0.04451	0.01815	0.02193	0.01373	0.01031	0.00857	0.00320	0.01050	0.00762	0.00672	0.01319
3	0.03901	0.02874	0.03080	0.02361	0.03182	0.03182	0.01951	0.54111	0.04825	0.06468	0.02464	0.02464	0.01745	0.01232	0.01027	0.00308	0.01129	0.00924	0.01027	0.01745
4	0.01512	0.01268	0.01905	0.24615	0.03636	0.01396	0.01669	0.01895	0.02037	0.02636	0.04659	0.34377	0.09849	0.02305	0.01190	0.00381	0.00887	0.02065	0.00761	0.00955
5	0.02015	0.01903	0.03218	0.54389	0.13544	0.02300	0.02888	0.02690	0.02089	0.02716	0.01838	0.02711	0.01401	0.01012	0.01025	0.00337	0.01349	0.00912	0.00463	0.01202
6	0.02059	0.01947	0.03296	0.50413	0.17181	0.02312	0.02910	0.02728	0.02109	0.02768	0.01845	0.02697	0.01420	0.01004	0.01024	0.00335	0.01338	0.00912	0.00466	0.01237
7	0.02223	0.01845	0.02823	0.03487	0.21273	0.02033	0.02124	0.02600	0.02100	0.07046	0.03172	0.18889	0.03282	0.01897	0.01702	0.00383	0.15970	0.05200	0.00698	0.01255
8	0.02364	0.02259	0.03848	0.22389	0.42815	0.02392	0.03062	0.02996	0.02254	0.03140	0.01899	0.02597	0.01550	0.00947	0.01019	0.00316	0.01263	0.00914	0.00493	0.01484
9	0.02452	0.02118	0.03552	0.29602	0.31346	0.02294	0.02885	0.03076	0.02264	0.07571	0.02060	0.02703	0.01591	0.00992	0.01022	0.00322	0.01254	0.00923	0.00549	0.01427
10	0.03113	0.06717	0.03044	0.02735	0.09727	0.10403	0.01963	0.10442	0.06647	0.12374	0.02411	0.02879	0.01941	0.05991	0.01811	0.00382	0.14350	0.00934	0.00738	0.01397
11	0.02887	0.02047	0.03323	0.23722	0.25861	0.02137	0.02611	0.03465	0.02401	0.17744	0.02459	0.02860	0.01783	0.01047	0.01024	0.00321	0.01177	0.00945	0.00694	0.01494

[dist]
# distance from previous block
# <min> <max>
2	7

[block]
# block no. 1 follows, 14 sequences, length 8
# corresponding to MSA columns:
# 19-26
name=unknown_B
#
# <colnr> <probs for GDERKNQSTAVLIFYWHMCP>
#	G	D	E	R	K	N	Q	S	T	A	V	L	I	F	Y	W	H	M	C	P
0	0.01729	0.01262	0.01840	0.01606	0.01976	0.01141	0.06397	0.02160	0.02625	0.07907	0.30890	0.13674	0.18470	0.02144	0.01208	0.00341	0.00664	0.01914	0.01019	0.01035
1	0.02129	0.01981	0.03048	0.15441	0.28931	0.02072	0.02391	0.02938	0.08379	0.03188	0.04045	0.04354	0.14062	0.01365	0.01065	0.00326	0.01047	0.01220	0.00658	0.01362
2	0.01968	0.01800	0.02169	0.02558	0.14149	0.08080	0.01569	0.02455	0.02779	0.03761	0.38384	0.05858	0.06931	0.01715	0.01134	0.00312	0.00805	0.01509	0.00922	0.01140
3	0.44035	0.01987	0.02212	0.15285	0.09500	0.02266	0.01754	0.03062	0.01952	0.07192	0.01729	0.02112	0.01312	0.00983	0.00789	0.00322	0.00975	0.00704	0.00618	0.01214
4	0.15330	0.01711	0.02453	0.06874	0.12425	0.01832	0.05532	0.02420	0.02134	0.03389	0.10631	0.19101	0.03990	0.01766	0.01237	0.00356	0.05428	0.01527	0.00731	0.01133
5	0.02278	0.01773	0.02555	0.03183	0.20662	0.01786	0.01868	0.03207	0.12277	0.08545	0.18670	0.10755	0.04833	0.01615	0.01109	0.00331	0.00838	0.01451	0.00899	0.01364
6	0.02869	0.02399	0.03702	0.05052	0.41260	0.02446	0.02720	0.08946	0.08134	0.08659	0.02406	0.02749	0.01874	0.01029	0.01021	0.00311	0.01137	0.00951	0.00686	0.01649
7	0.02892	0.02898	0.03790	0.13347	0.25394	0.13053	0.08058	0.11536	0.02810	0.03584	0.01953	0.02456	0.01542	0.01004	0.01023	0.00308	0.01397	0.00901	0.00589	0.01464

[dist]
# distance from previous block
# <min> <max>
0	4

[block]
# block no. 2 follows, 14 sequences, length 12
# corresponding to MSA columns:
# 31-42
name=unknown_C
#
# <colnr> <probs for GDERKNQSTAVLIFYWHMCP>
#	G	D	E	R	K	N	Q	S	T	A	V	L	I	F	Y	W	H	M	C	P
0	0.02177	0.01964	0.03062	0.30646	0.18424	0.02127	0.02485	0.05780	0.02295	0.03139	0.02212	0.07670	0.01932	0.01157	0.01011	0.00311	0.01167	0.01040	0.00567	0.10836
1	0.02865	0.17816	0.04332	0.07088	0.10401	0.05717	0.13519	0.03364	0.02290	0.11305	0.02058	0.02453	0.01604	0.01084	0.01291	0.00315	0.09615	0.00892	0.00600	0.01391
2	0.02031	0.02191	0.08816	0.14492	0.07011	0.02013	0.07446	0.03189	0.14788	0.03353	0.10353	0.08421	0.03533	0.06172	0.01409	0.00392	0.01075	0.01308	0.00743	0.01264
3	0.02252	0.01922	0.02895	0.08571	0.25602	0.01968	0.02160	0.08996	0.02835	0.03964	0.22564	0.04462	0.04630	0.01406	0.01091	0.00315	0.00946	0.01267	0.00800	0.01354
4	0.03215	0.12223	0.10131	0.02503	0.07581	0.02690	0.02091	0.15278	0.14892	0.14730	0.02874	0.02813	0.02079	0.01162	0.00968	0.00307	0.01059	0.00919	0.00870	0.01614
5	0.02378	0.02190	0.02978	0.03738	0.25619	0.05886	0.02171	0.06581	0.06199	0.03737	0.18301	0.04065	0.04071	0.01397	0.01255	0.00322	0.05787	0.01191	0.00761	0.01372
6	0.02598	0.01952	0.06839	0.02136	0.06545	0.01687	0.01648	0.09445	0.07224	0.15467	0.11530	0.16986	0.07873	0.01842	0.01122	0.00342	0.00844	0.01589	0.00984	0.01347
7	0.02446	0.01914	0.02413	0.02184	0.09292	0.01618	0.01515	0.06698	0.02480	0.07744	0.06384	0.02742	0.02267	0.00958	0.00868	0.00209	0.00832	0.00800	0.00718	0.45919
8	0.01859	0.01869	0.06988	0.02359	0.08792	0.01583	0.05318	0.02709	0.09157	0.03701	0.26170	0.11532	0.05789	0.01725	0.01129	0.00325	0.00817	0.01556	0.00891	0.05732
9	0.02123	0.06714	0.27634	0.02561	0.07384	0.02085	0.02546	0.06782	0.02405	0.03450	0.06544	0.11425	0.02807	0.01366	0.01004	0.00308	0.01136	0.01147	0.00635	0.09944
10	0.01264	0.00929	0.01156	0.01330	0.01438	0.00853	0.00892	0.01442	0.01995	0.02596	0.06343	0.48509	0.15979	0.08182	0.01619	0.00452	0.00615	0.02657	0.00925	0.00822
11	0.02470	0.02291	0.09183	0.01864	0.02675	0.01813	0.01662	0.06811	0.13302	0.09154	0.10107	0.03388	0.03049	0.01178	0.00950	0.00263	0.00862	0.00971	0.00838	0.27170

[dist]
# distance from previous block
# <min> <max>
3	13

[block]
# block no. 3 follows, 14 sequences, length 28
# corresponding to MSA columns:
# 56-83
name=unknown_D
#
# <colnr> <probs for GDERKNQSTAVLIFYWHMCP>
#	G	D	E	R	K	N	Q	S	T	A	V	L	I	F	Y	W	H	M	C	P
0	0.03032	0.11118	0.03300	0.02567	0.08602	0.07176	0.08204	0.07369	0.02747	0.17188	0.07488	0.03997	0.10066	0.01348	0.01028	0.00305	0.01077	0.01148	0.00840	0.01401
1	0.02612	0.03442	0.21212	0.07871	0.10248	0.05549	0.11278	0.06930	0.10112	0.07060	0.02390	0.02677	0.01755	0.01053	0.01037	0.00326	0.01359	0.00943	0.00642	0.01504
2	0.02535	0.02131	0.06272	0.01818	0.02616	0.01789	0.01548	0.03770	0.18327	0.10938	0.06363	0.03176	0.02646	0.01118	0.00926	0.00256	0.00828	0.00920	0.00847	0.31176
3	0.08148	0.07946	0.29180	0.02440	0.03556	0.07757	0.02662	0.11343	0.02660	0.07273	0.01997	0.02194	0.01454	0.01018	0.00920	0.00296	0.01307	0.00753	0.00618	0.06479
4	0.01783	0.00891	0.01337	0.01337	0.01337	0.00891	0.00891	0.01337	0.01337	0.01783	0.01783	0.03119	0.01783	0.03565	0.04011	0.70143	0.00891	0.00891	0.00446	0.00446
5	0.03055	0.37463	0.11978	0.02123	0.03005	0.16070	0.02068	0.03496	0.02355	0.07440	0.01750	0.01926	0.01423	0.00966	0.00795	0.00253	0.01305	0.00645	0.00531	0.01354
6	0.02203	0.03318	0.24109	0.08510	0.08774	0.02331	0.10337	0.06526	0.02449	0.03489	0.09749	0.03152	0.02604	0.01208	0.01265	0.00337	0.06633	0.01033	0.00597	0.01375
7	0.02505	0.21390	0.26200	0.03216	0.12896	0.02949	0.06404	0.07160	0.02398	0.03283	0.01803	0.02146	0.01413	0.00949	0.00912	0.00292	0.01331	0.00769	0.00500	0.01487
8	0.02959	0.21492	0.03707	0.06849	0.12334	0.02896	0.02023	0.08326	0.14779	0.10840	0.02613	0.02694	0.01991	0.01096	0.00916	0.00293	0.01044	0.00874	0.00753	0.01522
9	0.02688	0.02443	0.02529	0.02188	0.02734	0.07056	0.01730	0.08895	0.34665	0.04001	0.03214	0.03178	0.02473	0.01350	0.01332	0.00334	0.09463	0.01013	0.00879	0.07833
10	0.01557	0.01192	0.01556	0.01543	0.01711	0.01242	0.01139	0.01857	0.02150	0.03093	0.16231	0.32491	0.05939	0.02412	0.01491	0.00366	0.09336	0.02056	0.06864	0.05775
11	0.07036	0.13859	0.10148	0.02197	0.02933	0.02398	0.09159	0.03372	0.14418	0.03650	0.16226	0.03885	0.03857	0.01318	0.01002	0.00313	0.00999	0.01138	0.00774	0.01318
12	0.12400	0.03038	0.16306	0.06522	0.03324	0.07227	0.02209	0.08136	0.05746	0.12254	0.02576	0.07249	0.02063	0.01307	0.01125	0.00334	0.05064	0.00994	0.00737	0.01389
13	0.03833	0.04891	0.02908	0.02644	0.03173	0.59815	0.01983	0.04098	0.02908	0.02512	0.01586	0.01851	0.01322	0.01058	0.00925	0.00264	0.01851	0.00661	0.00529	0.01190
14	0.01466	0.01100	0.01649	0.01649	0.01833	0.01283	0.01283	0.01833	0.01649	0.02382	0.02749	0.04032	0.02566	0.07697	0.59868	0.01649	0.02749	0.01100	0.00550	0.00916
15	0.09806	0.02520	0.10951	0.02197	0.03104	0.02015	0.05565	0.11234	0.02944	0.34407	0.03136	0.02944	0.02053	0.01165	0.01001	0.00319	0.01057	0.00948	0.01004	0.01631
16	0.03008	0.01982	0.02886	0.34937	0.05178	0.02221	0.02326	0.12051	0.02769	0.18629	0.02547	0.02899	0.01756	0.01128	0.01028	0.00329	0.01191	0.00947	0.00778	0.01410
17	0.03587	0.03311	0.02554	0.02224	0.02785	0.30080	0.01712	0.11012	0.03105	0.14563	0.06918	0.08105	0.02765	0.01396	0.01018	0.00299	0.01332	0.01065	0.00835	0.01334
18	0.43835	0.02179	0.02539	0.02335	0.07635	0.02427	0.07386	0.06401	0.02125	0.07202	0.01750	0.02066	0.01345	0.01040	0.00995	0.00329	0.05752	0.00739	0.00655	0.01265
19	0.01302	0.00934	0.01185	0.01340	0.01430	0.00872	0.00891	0.01488	0.02010	0.02675	0.10385	0.45560	0.10549	0.12090	0.01875	0.00489	0.00639	0.02549	0.00920	0.00817
20	0.02333	0.01234	0.01643	0.01456	0.01839	0.01110	0.01121	0.02764	0.02828	0.19417	0.37174	0.11584	0.07380	0.01964	0.01169	0.00330	0.00605	0.01718	0.01153	0.01178
21	0.09280	0.02113	0.02665	0.02120	0.02791	0.02169	0.06328	0.22231	0.03350	0.17662	0.07012	0.11503	0.03125	0.01520	0.01063	0.00331	0.00974	0.01287	0.01001	0.01475
22	0.02934	0.54146	0.04947	0.01911	0.02728	0.13785	0.01795	0.03252	0.02229	0.02431	0.01455	0.01682	0.01318	0.00909	0.00705	0.00227	0.01229	0.00568	0.00455	0.01295
23	0.02651	0.01753	0.02134	0.01575	0.02413	0.01373	0.01266	0.03096	0.02368	0.16030	0.06138	0.02824	0.02317	0.00970	0.00854	0.00202	0.00767	0.00792	0.00796	0.49682
24	0.03833	0.04891	0.02908	0.02644	0.03173	0.59815	0.01983	0.04098	0.02908	0.02512	0.01586	0.01851	0.01322	0.01058	0.00925	0.00264	0.01851	0.00661	0.00529	0.01190
25	0.02602	0.02057	0.06409	0.17444	0.14626	0.01903	0.06274	0.03182	0.02420	0.15845	0.07071	0.07447	0.05511	0.01344	0.01078	0.00332	0.01104	0.01216	0.00764	0.01372
26	0.22860	0.01384	0.01440	0.01369	0.01755	0.01400	0.01027	0.02461	0.02115	0.11162	0.08214	0.19796	0.11588	0.07366	0.01386	0.00406	0.00711	0.01632	0.00885	0.01042
27	0.21326	0.01276	0.01326	0.01321	0.01541	0.01386	0.00922	0.01970	0.01670	0.02904	0.03053	0.14445	0.03319	0.26812	0.11858	0.00807	0.01146	0.01405	0.00670	0.00844

[dist]
# distance from previous block
# <min> <max>
0	3

[block]
# block no. 4 follows, 14 sequences, length 12
# corresponding to MSA columns:
# 87-98
name=unknown_E
#
# <colnr> <probs for GDERKNQSTAVLIFYWHMCP>
#	G	D	E	R	K	N	Q	S	T	A	V	L	I	F	Y	W	H	M	C	P
0	0.71184	0.01985	0.01508	0.01350	0.01985	0.02302	0.01111	0.03017	0.01746	0.04604	0.01429	0.01667	0.01111	0.00953	0.00635	0.00318	0.00794	0.00556	0.00635	0.01111
1	0.01938	0.01824	0.03078	0.61468	0.07068	0.02280	0.02850	0.02622	0.02052	0.02622	0.01824	0.02736	0.01368	0.01026	0.01026	0.00342	0.01368	0.00912	0.00456	0.01140
2	0.03590	0.04430	0.03144	0.03331	0.13389	0.49032	0.02202	0.03920	0.02801	0.02670	0.01651	0.01980	0.01379	0.01031	0.00942	0.00272	0.01732	0.00709	0.00525	0.01272
3	0.03449	0.02545	0.13217	0.06074	0.09742	0.01927	0.02214	0.08215	0.02765	0.30174	0.03219	0.06817	0.02333	0.01279	0.01036	0.00324	0.01068	0.01071	0.00933	0.01595
4	0.02460	0.01786	0.02698	0.13237	0.18011	0.01832	0.02087	0.06414	0.02618	0.11486	0.12498	0.09377	0.03918	0.01565	0.01113	0.00340	0.00985	0.05418	0.00828	0.01330
5	0.02571	0.07520	0.08510	0.17731	0.11021	0.02153	0.05415	0.03179	0.02276	0.11405	0.02159	0.02544	0.01614	0.00961	0.00941	0.00279	0.01149	0.00835	0.00621	0.17117
6	0.02445	0.28038	0.03461	0.07404	0.02838	0.02726	0.01680	0.03305	0.12284	0.06554	0.07264	0.08635	0.03194	0.01444	0.00941	0.00304	0.00953	0.04498	0.00741	0.01291
7	0.02173	0.10993	0.02488	0.07196	0.02676	0.06557	0.01409	0.02605	0.02283	0.03146	0.08571	0.03478	0.07082	0.01161	0.00867	0.00231	0.00884	0.00926	0.06216	0.29058
8	0.07574	0.02138	0.15100	0.01769	0.02325	0.01397	0.01679	0.02333	0.02182	0.07561	0.08895	0.29571	0.09100	0.02188	0.01134	0.00365	0.00840	0.01899	0.00842	0.01108
9	0.02318	0.02231	0.08282	0.03405	0.20520	0.01825	0.06445	0.02930	0.02485	0.08115	0.15828	0.03814	0.03658	0.01215	0.01036	0.00291	0.01002	0.01119	0.00737	0.12745
10	0.02896	0.14993	0.11122	0.08103	0.08005	0.07416	0.02222	0.14225	0.02883	0.07224	0.05411	0.02609	0.02044	0.01092	0.00933	0.00284	0.01187	0.00848	0.00686	0.05816
11	0.02555	0.07031	0.02795	0.10213	0.12436	0.01855	0.01819	0.03051	0.02424	0.13104	0.11376	0.03402	0.03040	0.01145	0.00954	0.00267	0.00921	0.00979	0.00762	0.19871

[dist]
# distance from previous block
# <min> <max>
4	38

[block]
# block no. 5 follows, 14 sequences, length 45
# corresponding to MSA columns:
# 137-181
name=unknown_F
#
# <colnr> <probs for GDERKNQSTAVLIFYWHMCP>
#	G	D	E	R	K	N	Q	S	T	A	V	L	I	F	Y	W	H	M	C	P
0	0.02422	0.07021	0.24875	0.06196	0.03537	0.07629	0.02506	0.03531	0.11301	0.07385	0.02889	0.11063	0.02479	0.01387	0.01018	0.00330	0.01217	0.01138	0.00684	0.01390
1	0.03077	0.03074	0.20903	0.02276	0.03237	0.02147	0.02300	0.04575	0.20360	0.22029	0.03364	0.03168	0.02330	0.01214	0.01017	0.00330	0.01065	0.00985	0.00918	0.01630
2	0.02773	0.02216	0.05569	0.02063	0.02614	0.07993	0.04939	0.03677	0.13026	0.15905	0.03183	0.03792	0.02555	0.10730	0.13611	0.00681	0.01458	0.01088	0.00816	0.01309
3	0.02990	0.07406	0.11589	0.02083	0.02873	0.02396	0.01938	0.23958	0.03516	0.10630	0.15921	0.03749	0.03687	0.01382	0.01036	0.00309	0.01002	0.01111	0.00939	0.01484
4	0.11516	0.33989	0.04081	0.01985	0.02790	0.07559	0.04645	0.08114	0.06483	0.03334	0.01810	0.02004	0.01497	0.00965	0.00778	0.00256	0.01111	0.00682	0.00588	0.05812
5	0.16425	0.40442	0.04117	0.08118	0.02982	0.03400	0.01734	0.03195	0.06112	0.03021	0.01680	0.01934	0.01420	0.00948	0.00723	0.00262	0.01044	0.00636	0.00527	0.01280
6	0.02744	0.64552	0.05378	0.01756	0.02634	0.04061	0.01756	0.03073	0.02085	0.02414	0.01427	0.01646	0.01317	0.00878	0.00658	0.00219	0.01097	0.00549	0.00439	0.01317
7	0.02166	0.14636	0.50235	0.02741	0.04157	0.02647	0.03471	0.03222	0.02154	0.03118	0.01776	0.02085	0.01303	0.00960	0.00925	0.00308	0.01451	0.00725	0.00434	0.01485
8	0.01718	0.01520	0.02479	0.02362	0.06609	0.01466	0.11672	0.02304	0.06225	0.03094	0.11233	0.27457	0.08978	0.06181	0.01482	0.00409	0.00892	0.02010	0.00840	0.01069
9	0.01924	0.01793	0.03004	0.53303	0.09911	0.02180	0.02724	0.02565	0.02064	0.02669	0.02124	0.07352	0.01799	0.01186	0.01047	0.00345	0.01299	0.01065	0.00497	0.01148
10	0.12801	0.01851	0.02463	0.02246	0.08442	0.01709	0.01635	0.04551	0.02722	0.45561	0.03490	0.03160	0.02261	0.01192	0.00980	0.00316	0.00900	0.00959	0.01108	0.01653
11	0.07778	0.01541	0.02021	0.01699	0.02293	0.01391	0.01364	0.03918	0.02665	0.38988	0.07585	0.14211	0.03812	0.01720	0.01088	0.00343	0.00801	0.04174	0.01150	0.01458
12	0.01642	0.01477	0.06709	0.01546	0.01856	0.01198	0.01290	0.02237	0.06129	0.03227	0.10071	0.25548	0.05185	0.05770	0.01365	0.00397	0.00728	0.07780	0.14848	0.00997
13	0.45234	0.02309	0.02143	0.02032	0.06309	0.05981	0.01517	0.09363	0.02290	0.07532	0.01745	0.01983	0.01337	0.01068	0.00943	0.00321	0.05252	0.00684	0.00690	0.01267
14	0.02213	0.03324	0.21517	0.03625	0.15373	0.06405	0.12921	0.02955	0.02271	0.03106	0.02608	0.13868	0.02458	0.01369	0.01090	0.00338	0.01346	0.01282	0.00571	0.01361
15	0.01894	0.01732	0.05353	0.08052	0.02691	0.01534	0.01542	0.02785	0.10421	0.03516	0.13644	0.05408	0.08030	0.01585	0.01041	0.00308	0.00808	0.07432	0.07315	0.14907
16	0.02194	0.01983	0.03160	0.50981	0.10432	0.02389	0.02776	0.08196	0.02371	0.03090	0.01901	0.02692	0.01428	0.01040	0.01025	0.00336	0.01331	0.00913	0.00521	0.01241
17	0.02978	0.02489	0.03285	0.09193	0.21658	0.02717	0.02369	0.22026	0.14341	0.04607	0.02582	0.02800	0.01959	0.01140	0.01027	0.00318	0.01116	0.00969	0.00803	0.01623
18	0.03317	0.02645	0.02679	0.02226	0.02914	0.06789	0.01778	0.25466	0.27940	0.08114	0.03278	0.03106	0.02397	0.01295	0.01028	0.00324	0.01020	0.01020	0.01013	0.01651
19	0.66304	0.01973	0.01619	0.05586	0.02343	0.02301	0.01234	0.02989	0.01768	0.04465	0.01457	0.01742	0.01129	0.00958	0.00663	0.00319	0.00834	0.00581	0.00622	0.01113
20	0.02290	0.01932	0.02895	0.03706	0.27360	0.01896	0.02067	0.02710	0.02164	0.06410	0.03092	0.03884	0.07903	0.09972	0.01766	0.00394	0.05671	0.01087	0.00630	0.12171
21	0.04497	0.02053	0.02471	0.01924	0.02701	0.05742	0.01575	0.08617	0.03077	0.50437	0.03756	0.03300	0.02395	0.01252	0.01024	0.00313	0.00961	0.00998	0.01200	0.01707
22	0.03342	0.01853	0.02467	0.02178	0.08443	0.01549	0.01562	0.03787	0.02533	0.29280	0.02886	0.02817	0.02013	0.01018	0.00916	0.00247	0.00863	0.00841	0.00910	0.30494
23	0.02045	0.01736	0.02040	0.01511	0.02343	0.01318	0.01191	0.02475	0.02113	0.03276	0.02185	0.07888	0.02016	0.00991	0.00812	0.00177	0.00744	0.00826	0.00640	0.63672
24	0.02413	0.02334	0.03952	0.04719	0.34367	0.02185	0.11176	0.03025	0.02297	0.03339	0.01927	0.02471	0.01586	0.00866	0.00982	0.00272	0.01185	0.00884	0.00536	0.19484
25	0.02046	0.01920	0.03177	0.48420	0.14592	0.02237	0.02775	0.02701	0.02102	0.02789	0.01841	0.02660	0.01419	0.00989	0.01005	0.00322	0.01300	0.00890	0.00475	0.06339
26	0.01248	0.00904	0.01180	0.01401	0.01481	0.00836	0.00940	0.01432	0.01992	0.02631	0.05999	0.59402	0.10429	0.03170	0.01303	0.00412	0.00590	0.02863	0.00953	0.00836
27	0.02553	0.02204	0.02320	0.02088	0.02669	0.02553	0.01624	0.05453	0.55679	0.04293	0.04177	0.03829	0.03133	0.01392	0.01044	0.00348	0.00812	0.01160	0.01044	0.01624
28	0.02951	0.02264	0.02593	0.02260	0.06209	0.02328	0.01693	0.17419	0.21061	0.08566	0.02962	0.02921	0.02208	0.01147	0.00963	0.00282	0.00913	0.00930	0.00909	0.19421
29	0.02505	0.02495	0.03234	0.09888	0.18441	0.08077	0.02413	0.03423	0.12745	0.03099	0.02147	0.02658	0.01780	0.01318	0.01769	0.00360	0.20751	0.00934	0.00592	0.01371
30	0.02422	0.02768	0.06055	0.04325	0.05363	0.02595	0.53806	0.03287	0.02422	0.03287	0.02076	0.02768	0.01557	0.00865	0.01211	0.00346	0.01730	0.01211	0.00519	0.01384
31	0.02140	0.01993	0.03161	0.42456	0.15570	0.02350	0.02719	0.03146	0.10223	0.03008	0.02200	0.02866	0.01682	0.01061	0.01027	0.00336	0.01257	0.00950	0.00554	0.01302
32	0.02252	0.06433	0.08312	0.26453	0.15622	0.02521	0.17706	0.02989	0.02224	0.02985	0.01893	0.02598	0.01463	0.00945	0.01051	0.00327	0.01439	0.00965	0.00481	0.01341
33	0.01312	0.01043	0.01177	0.01143	0.01447	0.00908	0.00857	0.01664	0.02572	0.03326	0.29611	0.08965	0.37556	0.02392	0.01212	0.00337	0.00505	0.02038	0.01026	0.00908
34	0.01504	0.01051	0.01330	0.01293	0.01542	0.00980	0.00992	0.01970	0.02732	0.03889	0.42996	0.07781	0.12001	0.02107	0.01177	0.00330	0.00530	0.06377	0.08463	0.00957
35	0.20067	0.03617	0.29104	0.06401	0.07765	0.02320	0.06563	0.03257	0.02131	0.07047	0.01898	0.02229	0.01377	0.00978	0.00915	0.00324	0.01275	0.00778	0.00551	0.01402
36	0.02962	0.01751	0.02780	0.27593	0.04581	0.01835	0.05252	0.03488	0.02420	0.24949	0.03143	0.09547	0.02432	0.01349	0.01070	0.00340	0.01109	0.01194	0.00839	0.01365
37	0.01250	0.00893	0.01191	0.01429	0.01488	0.00834	0.00953	0.01429	0.01965	0.02620	0.05656	0.63265	0.06787	0.03215	0.01310	0.00417	0.00595	0.02917	0.00953	0.00834
38	0.01506	0.01173	0.01586	0.01846	0.06878	0.01100	0.01256	0.01898	0.02467	0.03311	0.23726	0.18571	0.17229	0.02425	0.01248	0.00370	0.00664	0.10796	0.00970	0.00981
39	0.02876	0.12837	0.30099	0.02737	0.07674	0.02553	0.02814	0.09016	0.02599	0.13912	0.02273	0.02402	0.01610	0.01040	0.00948	0.00305	0.01269	0.00809	0.00662	0.01564
40	0.03206	0.02100	0.03363	0.12464	0.30426	0.02078	0.02510	0.03749	0.02515	0.23220	0.02686	0.02914	0.01922	0.01060	0.01023	0.00315	0.01114	0.00957	0.00778	0.01601
41	0.02245	0.02245	0.03143	0.02694	0.02694	0.03143	0.02245	0.02470	0.01572	0.02470	0.01347	0.02245	0.01347	0.01796	0.03368	0.00449	0.62057	0.00898	0.00449	0.01123
42	0.71184	0.01985	0.01508	0.01350	0.01985	0.02302	0.01111	0.03017	0.01746	0.04604	0.01429	0.01667	0.01111	0.00953	0.00635	0.00318	0.00794	0.00556	0.00635	0.01111
43	0.02501	0.37616	0.19870	0.02626	0.09040	0.03365	0.02500	0.03093	0.02103	0.02750	0.01591	0.01923	0.01347	0.00965	0.00951	0.00272	0.04979	0.00668	0.00445	0.01394
44	0.02731	0.60506	0.05179	0.01778	0.02636	0.03963	0.01747	0.03227	0.05563	0.02536	0.01605	0.01788	0.01435	0.00911	0.00684	0.00228	0.01079	0.00588	0.00478	0.01337

[dist]
# distance from previous block
# <min> <max>
0	1

[block]
# block no. 6 follows, 14 sequences, length 34
# corresponding to MSA columns:
# 183-216
name=unknown_G
#
# <colnr> <probs for GDERKNQSTAVLIFYWHMCP>
#	G	D	E	R	K	N	Q	S	T	A	V	L	I	F	Y	W	H	M	C	P
0	0.01477	0.01130	0.01372	0.01390	0.01627	0.01092	0.01010	0.02106	0.08606	0.03444	0.27059	0.25701	0.15192	0.02457	0.01224	0.00360	0.00564	0.02169	0.01035	0.00985
1	0.02584	0.02464	0.09038	0.10667	0.11209	0.02323	0.07692	0.07193	0.02450	0.09723	0.06208	0.02954	0.02210	0.01235	0.01461	0.00334	0.12277	0.00988	0.00667	0.06321
2	0.04390	0.01818	0.02567	0.02290	0.08319	0.01605	0.01679	0.04809	0.02875	0.52547	0.03829	0.03394	0.02445	0.01233	0.01030	0.00316	0.00909	0.01020	0.01191	0.01734
3	0.01664	0.01157	0.01628	0.01845	0.02061	0.01157	0.01591	0.02061	0.02278	0.02965	0.05134	0.10882	0.05568	0.02895	0.01630	0.06191	0.00941	0.46544	0.00904	0.00904
4	0.02300	0.01599	0.02261	0.01939	0.02350	0.01586	0.07326	0.09871	0.02646	0.09211	0.12071	0.06533	0.04491	0.17829	0.02244	0.00529	0.00995	0.12217	0.00887	0.01115
5	0.01773	0.01532	0.02363	0.27885	0.04232	0.01824	0.02117	0.02256	0.02064	0.02724	0.03428	0.15974	0.03560	0.01995	0.01452	0.00403	0.08119	0.14593	0.00676	0.01030
6	0.02744	0.64552	0.05378	0.01756	0.02634	0.04061	0.01756	0.03073	0.02085	0.02414	0.01427	0.01646	0.01317	0.00878	0.00658	0.00219	0.01097	0.00549	0.00439	0.01317
7	0.01923	0.01724	0.02373	0.22273	0.09461	0.01915	0.01941	0.02999	0.15175	0.03142	0.04828	0.08415	0.16407	0.01636	0.01094	0.00345	0.00954	0.01413	0.00761	0.01220
8	0.02540	0.02438	0.04165	0.06299	0.57533	0.02438	0.03149	0.03149	0.02337	0.03353	0.01930	0.02540	0.01626	0.00914	0.01016	0.00305	0.01219	0.00914	0.00508	0.01626
9	0.01654	0.01057	0.01467	0.06334	0.02058	0.01021	0.01164	0.01896	0.02073	0.08393	0.05179	0.52158	0.05907	0.02836	0.01258	0.00400	0.00687	0.02559	0.00945	0.00953
10	0.03833	0.04891	0.02908	0.02644	0.03173	0.59815	0.01983	0.04098	0.02908	0.02512	0.01586	0.01851	0.01322	0.01058	0.00925	0.00264	0.01851	0.00661	0.00529	0.01190
11	0.03189	0.01937	0.02887	0.13923	0.16347	0.01846	0.02093	0.03699	0.02489	0.25361	0.02747	0.02889	0.01928	0.01052	0.00979	0.00290	0.01027	0.00908	0.00823	0.13586
12	0.01584	0.01131	0.01573	0.01810	0.02016	0.01121	0.01532	0.02005	0.02293	0.02993	0.05472	0.20543	0.06059	0.02901	0.01399	0.00463	0.00884	0.42350	0.00946	0.00926
13	0.02300	0.02573	0.05550	0.04024	0.04960	0.02412	0.48310	0.03094	0.02375	0.03218	0.02448	0.09059	0.02101	0.01109	0.01221	0.00353	0.01612	0.01389	0.00564	0.01327
14	0.02172	0.02125	0.03046	0.02937	0.08260	0.02830	0.02205	0.02432	0.01692	0.02577	0.01856	0.08621	0.01942	0.01852	0.02910	0.00431	0.49351	0.01110	0.00508	0.01145
15	0.03330	0.02591	0.02758	0.02246	0.02965	0.02915	0.01812	0.33492	0.26375	0.05546	0.03190	0.03042	0.02333	0.01300	0.01034	0.00325	0.00995	0.01024	0.01034	0.01694
16	0.02306	0.03118	0.22614	0.08739	0.03990	0.02093	0.11311	0.07130	0.02592	0.07795	0.10676	0.03801	0.06691	0.01284	0.01080	0.00330	0.01236	0.01146	0.00701	0.01365
17	0.61443	0.01950	0.01636	0.01419	0.02078	0.02186	0.01169	0.03307	0.01921	0.12452	0.01812	0.01934	0.01320	0.00999	0.00693	0.00318	0.00805	0.00625	0.00728	0.01204
18	0.02189	0.03032	0.18490	0.03610	0.13938	0.02222	0.17673	0.03191	0.06738	0.03516	0.11767	0.03509	0.03051	0.01162	0.01099	0.00329	0.01286	0.01145	0.00644	0.01411
19	0.01250	0.00893	0.01191	0.01429	0.01488	0.00834	0.00953	0.01429	0.01965	0.02620	0.05656	0.63265	0.06787	0.03215	0.01310	0.00417	0.00595	0.02917	0.00953	0.00834
20	0.02195	0.02067	0.03463	0.30041	0.23692	0.02283	0.05808	0.03001	0.05935	0.03067	0.02332	0.03462	0.01959	0.01150	0.01067	0.00340	0.01265	0.04975	0.00558	0.01340
21	0.02412	0.02928	0.16345	0.17801	0.27646	0.02341	0.05876	0.03172	0.02274	0.06514	0.02023	0.02570	0.01544	0.00973	0.01020	0.00321	0.01328	0.00901	0.00526	0.01484
22	0.01381	0.00982	0.01320	0.01544	0.01651	0.00943	0.01136	0.01634	0.02052	0.02714	0.05452	0.45078	0.06357	0.06605	0.01566	0.00466	0.00719	0.16613	0.00931	0.00854
23	0.01393	0.01109	0.01261	0.01265	0.01549	0.01024	0.00931	0.01912	0.06744	0.03230	0.21604	0.18712	0.30570	0.02480	0.01217	0.00353	0.00548	0.02140	0.01008	0.00949
24	0.02444	0.03593	0.33943	0.02338	0.03403	0.01872	0.02677	0.03286	0.02422	0.14925	0.10670	0.07976	0.03212	0.01375	0.01047	0.00330	0.01159	0.01144	0.00752	0.01432
25	0.04054	0.02629	0.02928	0.02245	0.03060	0.02818	0.01854	0.43430	0.04414	0.17729	0.02809	0.02688	0.01918	0.01240	0.01028	0.00310	0.01074	0.00947	0.01080	0.01745
26	0.01488	0.01077	0.01505	0.01523	0.01660	0.01196	0.01130	0.01762	0.01661	0.02328	0.03089	0.05350	0.03143	0.22717	0.40388	0.01379	0.02129	0.05037	0.00600	0.00838
27	0.02063	0.02670	0.14752	0.16135	0.11823	0.02325	0.06627	0.02709	0.02100	0.02983	0.06001	0.07365	0.02401	0.01386	0.01546	0.00360	0.13822	0.01118	0.00547	0.01267
28	0.02312	0.01673	0.02197	0.01938	0.02140	0.02008	0.01505	0.02800	0.07388	0.10679	0.02736	0.04032	0.02513	0.19000	0.11308	0.00735	0.22108	0.01131	0.00691	0.01104
29	0.01685	0.01085	0.01589	0.01543	0.01627	0.01209	0.01136	0.01651	0.01619	0.02273	0.07797	0.03812	0.02819	0.04588	0.21529	0.35259	0.06463	0.01059	0.00550	0.00706
30	0.28583	0.02365	0.08127	0.11477	0.06649	0.02196	0.01901	0.07255	0.02266	0.07780	0.01890	0.02202	0.01414	0.00981	0.00834	0.00296	0.01014	0.00726	0.00650	0.11394
31	0.02490	0.15950	0.19426	0.02723	0.11431	0.02394	0.02387	0.03150	0.02224	0.07371	0.01935	0.02207	0.01509	0.00909	0.00861	0.00252	0.01127	0.00718	0.00559	0.20377
32	0.14290	0.11386	0.16955	0.13136	0.03693	0.08275	0.02271	0.02889	0.02108	0.03089	0.02242	0.11021	0.02087	0.01304	0.00926	0.00320	0.01206	0.01029	0.00559	0.01215
33	0.15367	0.02063	0.02076	0.05859	0.02611	0.07795	0.01444	0.09170	0.02654	0.14551	0.06633	0.07504	0.02734	0.01324	0.00926	0.00299	0.00925	0.01043	0.08079	0.06943

[dist]
# distance from previous block
# <min> <max>
0	7

[block]
# block no. 7 follows, 14 sequences, length 11
# corresponding to MSA columns:
# 224-234
name=unknown_H
#
# <colnr> <probs for GDERKNQSTAVLIFYWHMCP>
#	G	D	E	R	K	N	Q	S	T	A	V	L	I	F	Y	W	H	M	C	P
0	0.15299	0.02673	0.02827	0.20595	0.11830	0.14619	0.02183	0.06758	0.02424	0.03403	0.01761	0.02251	0.01388	0.00995	0.00908	0.00297	0.01276	0.00768	0.00566	0.07179
1	0.01956	0.01660	0.02099	0.01901	0.02122	0.01992	0.01500	0.02848	0.13653	0.03479	0.19859	0.09617	0.04889	0.01885	0.01841	0.00371	0.20289	0.01431	0.05463	0.01146
2	0.27795	0.36509	0.08530	0.01707	0.02551	0.03271	0.01694	0.03067	0.01968	0.03290	0.01463	0.01699	0.01240	0.00914	0.00677	0.00265	0.01022	0.00569	0.00510	0.01259
3	0.01629	0.01173	0.01335	0.01205	0.01400	0.01075	0.00749	0.01726	0.01629	0.02280	0.02931	0.05733	0.03257	0.50401	0.04267	0.00814	0.00945	0.01303	0.00619	0.15530
4	0.01905	0.01624	0.02705	0.48592	0.05841	0.01983	0.02431	0.02347	0.01899	0.02442	0.01815	0.02818	0.01457	0.01570	0.01665	0.15289	0.01266	0.00908	0.00454	0.00991
5	0.03201	0.01856	0.02213	0.01853	0.02464	0.01897	0.01476	0.08424	0.21509	0.24476	0.14559	0.04364	0.04113	0.01475	0.01072	0.00328	0.00794	0.01233	0.01144	0.01548
6	0.02204	0.02652	0.14266	0.01943	0.02913	0.01839	0.01855	0.03341	0.13609	0.03527	0.02332	0.02501	0.01818	0.00941	0.00867	0.00231	0.00933	0.00758	0.00664	0.40806
7	0.02958	0.02376	0.03233	0.10171	0.26625	0.08682	0.02400	0.03460	0.02511	0.14959	0.07032	0.03111	0.02437	0.01165	0.01146	0.00316	0.04241	0.00990	0.00719	0.01468
8	0.02315	0.02129	0.03513	0.05189	0.45448	0.02129	0.02608	0.02794	0.02156	0.03061	0.02209	0.03434	0.02077	0.14415	0.01917	0.00453	0.01171	0.01038	0.00532	0.01410
9	0.11789	0.02022	0.02631	0.13795	0.03598	0.02014	0.04485	0.10249	0.02621	0.15548	0.02350	0.02562	0.01688	0.01017	0.00916	0.00278	0.01012	0.00828	0.00776	0.19820
10	0.01968	0.01635	0.02237	0.17227	0.06155	0.01640	0.01691	0.06652	0.02270	0.03148	0.03053	0.20032	0.03127	0.04933	0.01258	0.00342	0.00937	0.01435	0.00699	0.19560

[dist]
# distance from previous block
# <min> <max>
0	17

# created by:
# /st0/software/busco_prod/Augustus/scripts/msa2prfl.pl ./align_prep/7794.fa
