[name]
unknown

[dist]
# distance from previous block
# <min> <max>
0	21

[block]
# block no. 0 follows, 11 sequences, length 8
# corresponding to MSA columns:
# 21-28
name=unknown_A
#
# <colnr> <probs for GDERKNQSTAVLIFYWHMCP>
#	G	D	E	R	K	N	Q	S	T	A	V	L	I	F	Y	W	H	M	C	P
0	0.11611	0.01955	0.02480	0.02420	0.07478	0.01934	0.01752	0.04456	0.10220	0.26454	0.04187	0.09443	0.03359	0.01684	0.01145	0.00377	0.00953	0.05341	0.01126	0.01626
1	0.30071	0.02750	0.07163	0.02081	0.02942	0.02680	0.01846	0.16275	0.07157	0.12984	0.02603	0.02616	0.01848	0.01222	0.00949	0.00349	0.01056	0.00873	0.00935	0.01599
2	0.01567	0.01062	0.01248	0.01317	0.01334	0.01045	0.00777	0.01619	0.01773	0.02364	0.04244	0.21106	0.04972	0.45504	0.04602	0.00925	0.00976	0.02047	0.00777	0.00743
3	0.19942	0.02593	0.02761	0.02168	0.03012	0.02776	0.01790	0.26892	0.03934	0.18967	0.02885	0.02788	0.01975	0.01288	0.01024	0.00343	0.01076	0.00947	0.01093	0.01747
4	0.09848	0.01185	0.01310	0.01385	0.01496	0.01204	0.00884	0.01819	0.01864	0.02796	0.04288	0.26142	0.04981	0.31884	0.03506	0.00763	0.00901	0.02090	0.00819	0.00835
5	0.11895	0.02258	0.02504	0.02053	0.02808	0.02361	0.01661	0.14086	0.15294	0.21696	0.04373	0.04056	0.06989	0.01502	0.01097	0.00357	0.00954	0.01187	0.01160	0.01711
6	0.02259	0.01685	0.02463	0.03217	0.18808	0.01629	0.01758	0.02580	0.02268	0.07612	0.04456	0.12360	0.09700	0.21174	0.02704	0.00606	0.01042	0.01663	0.00795	0.01222
7	0.11014	0.02783	0.04571	0.05006	0.26922	0.02828	0.15020	0.10649	0.02932	0.04357	0.02183	0.02721	0.01714	0.01048	0.01121	0.00348	0.01412	0.01042	0.00666	0.01665

[dist]
# distance from previous block
# <min> <max>
0	3

[block]
# block no. 1 follows, 11 sequences, length 10
# corresponding to MSA columns:
# 32-41
name=unknown_B
#
# <colnr> <probs for GDERKNQSTAVLIFYWHMCP>
#	G	D	E	R	K	N	Q	S	T	A	V	L	I	F	Y	W	H	M	C	P
0	0.03251	0.02379	0.03333	0.11856	0.16638	0.02568	0.02450	0.11298	0.09707	0.13391	0.05685	0.03475	0.02633	0.01349	0.01293	0.00361	0.04635	0.01120	0.00904	0.01674
1	0.03452	0.02429	0.02884	0.14957	0.08953	0.10461	0.02146	0.03974	0.02928	0.21111	0.11409	0.04028	0.03510	0.01410	0.01143	0.00345	0.01215	0.01178	0.00955	0.01513
2	0.12752	0.02557	0.04271	0.04126	0.17971	0.02431	0.17645	0.03335	0.02440	0.03863	0.02057	0.02614	0.01644	0.00952	0.01054	0.00312	0.01330	0.00970	0.00608	0.17069
3	0.03443	0.02367	0.03828	0.10318	0.32849	0.02332	0.02849	0.04045	0.02742	0.19697	0.02846	0.03140	0.02075	0.01139	0.01121	0.00343	0.01232	0.01044	0.00818	0.01773
4	0.02191	0.01663	0.02367	0.07256	0.11805	0.01557	0.01737	0.02675	0.02642	0.07798	0.16057	0.14021	0.10009	0.01919	0.01198	0.00342	0.00864	0.01698	0.00929	0.11273
5	0.13900	0.08263	0.02991	0.10484	0.03603	0.07906	0.01912	0.07995	0.06900	0.16099	0.02724	0.02819	0.01965	0.01193	0.00986	0.00323	0.01166	0.00899	0.00873	0.06997
6	0.01632	0.01278	0.01730	0.09897	0.02575	0.01262	0.01342	0.02157	0.02946	0.04032	0.38560	0.07974	0.15962	0.02210	0.01297	0.00361	0.00684	0.01933	0.01096	0.01073
7	0.15208	0.03117	0.03224	0.02600	0.03395	0.15837	0.09892	0.04192	0.10390	0.08068	0.02517	0.02707	0.01912	0.01131	0.01014	0.00317	0.01344	0.00920	0.00770	0.11445
8	0.02405	0.01780	0.07040	0.01708	0.02252	0.01323	0.01479	0.02915	0.02896	0.15670	0.24434	0.12970	0.14212	0.02191	0.01268	0.00369	0.00766	0.01889	0.01145	0.01289
9	0.03035	0.03706	0.17313	0.02928	0.03851	0.11996	0.10368	0.03766	0.02781	0.11546	0.10048	0.03574	0.03088	0.01368	0.01339	0.00356	0.05537	0.01136	0.00772	0.01492

[dist]
# distance from previous block
# <min> <max>
4	13

[block]
# block no. 2 follows, 11 sequences, length 16
# corresponding to MSA columns:
# 55-70
name=unknown_C
#
# <colnr> <probs for GDERKNQSTAVLIFYWHMCP>
#	G	D	E	R	K	N	Q	S	T	A	V	L	I	F	Y	W	H	M	C	P
0	0.02948	0.02482	0.08244	0.08934	0.24956	0.02151	0.02685	0.03610	0.02769	0.14481	0.11592	0.03985	0.03506	0.01333	0.01153	0.00346	0.01158	0.01197	0.00843	0.01626
1	0.24317	0.02090	0.02819	0.25089	0.12897	0.02399	0.02345	0.03044	0.02280	0.03892	0.06760	0.03093	0.02330	0.01191	0.01000	0.00357	0.01170	0.00970	0.00646	0.01310
2	0.12035	0.04502	0.33321	0.03389	0.04763	0.02667	0.16493	0.03539	0.02388	0.03793	0.02026	0.02483	0.01475	0.01032	0.01088	0.00362	0.01614	0.00940	0.00534	0.01557
3	0.01991	0.01677	0.07225	0.01788	0.02166	0.01307	0.01487	0.02404	0.02349	0.09071	0.11572	0.25345	0.05611	0.08139	0.11778	0.00718	0.01249	0.02048	0.00944	0.01131
4	0.01488	0.01110	0.01328	0.01336	0.01561	0.01010	0.00945	0.01817	0.02613	0.03484	0.26174	0.17467	0.21103	0.11156	0.01990	0.00486	0.00644	0.02267	0.01071	0.00950
5	0.02610	0.02344	0.02506	0.10306	0.03432	0.06977	0.01873	0.07540	0.25788	0.04034	0.04185	0.16087	0.03765	0.01869	0.01195	0.00386	0.01050	0.01596	0.00978	0.01479
6	0.51423	0.02181	0.01896	0.01659	0.02367	0.02464	0.01352	0.03953	0.09297	0.10732	0.02343	0.02408	0.01726	0.01156	0.00813	0.00353	0.00884	0.00767	0.00843	0.01382
7	0.01544	0.01142	0.01333	0.01330	0.01549	0.01057	0.00947	0.01833	0.02461	0.03232	0.20499	0.09225	0.21460	0.20499	0.02708	0.00604	0.00761	0.05921	0.00988	0.00907
8	0.23554	0.18333	0.11878	0.02093	0.03050	0.03067	0.02058	0.07789	0.06323	0.09046	0.02248	0.02364	0.01694	0.01125	0.00879	0.00323	0.01132	0.00781	0.00742	0.01522
9	0.48318	0.02294	0.02249	0.02267	0.08344	0.02536	0.01608	0.07686	0.02430	0.10282	0.02037	0.02230	0.01513	0.01104	0.00830	0.00346	0.00967	0.00747	0.00792	0.01420
10	0.15032	0.15827	0.03644	0.02815	0.10309	0.08179	0.02042	0.11862	0.05951	0.10689	0.02407	0.02531	0.01827	0.01158	0.00950	0.00317	0.01200	0.00852	0.00807	0.01602
11	0.20476	0.11271	0.08706	0.14900	0.13665	0.02866	0.06586	0.03304	0.02270	0.03714	0.01867	0.02410	0.01479	0.01036	0.00960	0.00339	0.01305	0.00848	0.00565	0.01433
12	0.09456	0.01414	0.01665	0.01543	0.01992	0.01306	0.01176	0.02858	0.02637	0.16813	0.12050	0.20105	0.17871	0.02383	0.01238	0.00385	0.00720	0.02030	0.01122	0.01236
13	0.02360	0.12112	0.22014	0.08268	0.04477	0.02833	0.11694	0.03167	0.02304	0.03200	0.02380	0.08563	0.02133	0.01402	0.01418	0.00372	0.08132	0.01176	0.00559	0.01435
14	0.08255	0.02188	0.09849	0.02175	0.02740	0.01728	0.06708	0.02765	0.07072	0.03743	0.13336	0.24869	0.05576	0.02236	0.01252	0.00397	0.00953	0.02005	0.00924	0.01227
15	0.02606	0.02019	0.02776	0.03277	0.16787	0.02075	0.02002	0.03931	0.16921	0.09037	0.19985	0.05170	0.05306	0.01625	0.01196	0.00356	0.00903	0.01438	0.01034	0.01554

[dist]
# distance from previous block
# <min> <max>
4	7

[block]
# block no. 3 follows, 11 sequences, length 17
# corresponding to MSA columns:
# 78-94
name=unknown_D
#
# <colnr> <probs for GDERKNQSTAVLIFYWHMCP>
#	G	D	E	R	K	N	Q	S	T	A	V	L	I	F	Y	W	H	M	C	P
0	0.13915	0.02819	0.13334	0.10408	0.16119	0.02260	0.02620	0.03320	0.02532	0.08051	0.10691	0.03594	0.03143	0.01289	0.01072	0.00351	0.01177	0.01084	0.00740	0.01483
1	0.24412	0.02443	0.07745	0.12325	0.15122	0.02317	0.02314	0.03094	0.02381	0.04133	0.10472	0.03411	0.03005	0.01263	0.01008	0.00351	0.01104	0.01028	0.00702	0.01371
2	0.02676	0.07367	0.03351	0.03060	0.12985	0.02236	0.05654	0.03633	0.09942	0.07995	0.11179	0.03860	0.03542	0.01285	0.01073	0.00302	0.01019	0.01140	0.00848	0.16853
3	0.02084	0.01844	0.03007	0.15155	0.21366	0.01980	0.02414	0.02609	0.02240	0.03100	0.03154	0.15133	0.03146	0.03256	0.13716	0.00705	0.01611	0.01509	0.00658	0.01313
4	0.02432	0.01814	0.02110	0.01818	0.02291	0.01887	0.01423	0.15181	0.08700	0.05220	0.34524	0.06456	0.07564	0.01969	0.01255	0.00353	0.00756	0.01685	0.01199	0.01363
5	0.01330	0.01140	0.01140	0.01140	0.01520	0.00950	0.00855	0.01615	0.02565	0.03041	0.11402	0.10832	0.52967	0.02850	0.01330	0.00380	0.00570	0.02375	0.01045	0.00950
6	0.02913	0.02038	0.02414	0.01811	0.02740	0.01696	0.01452	0.03744	0.08782	0.13471	0.02798	0.02859	0.02108	0.01029	0.00931	0.00229	0.00865	0.00833	0.00867	0.46420
7	0.09895	0.02297	0.03546	0.09490	0.30467	0.02323	0.02663	0.03650	0.02640	0.13088	0.06676	0.03362	0.02615	0.01197	0.01093	0.00344	0.01167	0.01071	0.00776	0.01641
8	0.01718	0.01530	0.02478	0.02197	0.02632	0.01410	0.11317	0.02167	0.02485	0.03183	0.07058	0.21996	0.21204	0.02674	0.01402	0.00427	0.00965	0.11134	0.00943	0.01078
9	0.09391	0.04733	0.39618	0.08231	0.04698	0.02511	0.03535	0.03636	0.02389	0.08014	0.02179	0.02505	0.01529	0.01100	0.01041	0.00357	0.01504	0.00851	0.00580	0.01598
10	0.04204	0.05364	0.03190	0.02900	0.03480	0.55926	0.02175	0.04494	0.03190	0.02755	0.01740	0.02030	0.01450	0.01160	0.01015	0.00290	0.02030	0.00725	0.00580	0.01305
11	0.02989	0.02512	0.02652	0.02329	0.02999	0.02888	0.01827	0.11573	0.45490	0.05014	0.04341	0.04008	0.03241	0.01504	0.01143	0.00376	0.00935	0.01239	0.01143	0.01798
12	0.01625	0.01136	0.01455	0.01455	0.01533	0.01215	0.00965	0.01783	0.01704	0.02351	0.03339	0.06215	0.03592	0.40122	0.25368	0.01372	0.01843	0.01468	0.00651	0.00808
13	0.02432	0.03672	0.22264	0.17186	0.20694	0.02630	0.08342	0.03374	0.02434	0.03443	0.02072	0.02716	0.01583	0.01049	0.01123	0.00356	0.01548	0.00975	0.00516	0.01589
14	0.02623	0.01642	0.02014	0.01749	0.02232	0.01627	0.01365	0.07096	0.10667	0.13866	0.32661	0.06477	0.07403	0.01942	0.01248	0.00356	0.00720	0.01673	0.01244	0.01395
15	0.68395	0.02177	0.01654	0.01480	0.02177	0.02525	0.01219	0.03309	0.01915	0.05050	0.01567	0.01828	0.01219	0.01045	0.00697	0.00348	0.00871	0.00609	0.00697	0.01219
16	0.02700	0.02076	0.02331	0.01994	0.02545	0.02239	0.01570	0.16957	0.16910	0.05314	0.25172	0.05609	0.06142	0.01815	0.01219	0.00357	0.00834	0.01532	0.01181	0.01505

[dist]
# distance from previous block
# <min> <max>
5	20

[block]
# block no. 4 follows, 11 sequences, length 8
# corresponding to MSA columns:
# 116-123
name=unknown_E
#
# <colnr> <probs for GDERKNQSTAVLIFYWHMCP>
#	G	D	E	R	K	N	Q	S	T	A	V	L	I	F	Y	W	H	M	C	P
0	0.01631	0.01114	0.01343	0.01343	0.01383	0.01154	0.00826	0.01711	0.01671	0.02268	0.03441	0.06782	0.03839	0.50137	0.15690	0.01233	0.01472	0.01551	0.00666	0.00746
1	0.01765	0.01493	0.02136	0.02793	0.14946	0.01405	0.01615	0.02171	0.02569	0.03433	0.15316	0.21624	0.19493	0.02456	0.01303	0.00384	0.00783	0.02183	0.00956	0.01176
2	0.02334	0.02001	0.02334	0.01667	0.02667	0.01500	0.01334	0.02834	0.02334	0.03668	0.02001	0.02334	0.01667	0.00834	0.00834	0.00167	0.00834	0.00667	0.00667	0.67325
3	0.02726	0.07874	0.09285	0.02511	0.03464	0.07821	0.07526	0.04032	0.15141	0.03742	0.02640	0.02829	0.02061	0.01097	0.01008	0.00287	0.01219	0.00920	0.00733	0.23082
4	0.03690	0.09095	0.11823	0.03099	0.08082	0.02978	0.07185	0.21163	0.03659	0.14142	0.02710	0.02811	0.01920	0.01206	0.01097	0.00337	0.01323	0.00997	0.00905	0.01778
5	0.10318	0.13786	0.03504	0.02258	0.03119	0.07320	0.01910	0.23532	0.03797	0.15867	0.02680	0.02641	0.01911	0.01243	0.01002	0.00319	0.01199	0.00901	0.00979	0.01712
6	0.03544	0.23562	0.17031	0.02350	0.03458	0.03082	0.02440	0.09438	0.02926	0.17983	0.02627	0.02628	0.01874	0.01157	0.00973	0.00312	0.01255	0.00858	0.00813	0.01688
7	0.02697	0.02242	0.08535	0.02739	0.12058	0.01696	0.01980	0.03253	0.02731	0.15264	0.09966	0.05635	0.16571	0.01705	0.01163	0.00338	0.00954	0.01447	0.00948	0.08078

[dist]
# distance from previous block
# <min> <max>
1	5

[block]
# block no. 5 follows, 11 sequences, length 10
# corresponding to MSA columns:
# 129-138
name=unknown_F
#
# <colnr> <probs for GDERKNQSTAVLIFYWHMCP>
#	G	D	E	R	K	N	Q	S	T	A	V	L	I	F	Y	W	H	M	C	P
0	0.03093	0.20279	0.20377	0.08909	0.04194	0.07837	0.02796	0.08403	0.02785	0.08234	0.02160	0.02425	0.01618	0.01113	0.00985	0.00317	0.01438	0.00823	0.00641	0.01572
1	0.24086	0.21127	0.03546	0.02128	0.02890	0.18789	0.01795	0.07776	0.02699	0.03830	0.01717	0.01958	0.01416	0.01081	0.00835	0.00298	0.01343	0.00677	0.00635	0.01374
2	0.03054	0.10456	0.14693	0.03036	0.08421	0.08666	0.07253	0.03923	0.06471	0.11585	0.03600	0.03690	0.07592	0.01334	0.01097	0.00338	0.01347	0.01113	0.00769	0.01563
3	0.02965	0.32021	0.13321	0.03421	0.15202	0.09445	0.02682	0.03547	0.02467	0.03054	0.01790	0.02156	0.01522	0.01012	0.00904	0.00287	0.01403	0.00748	0.00509	0.01545
4	0.02334	0.02213	0.03752	0.41713	0.22152	0.02555	0.03229	0.03058	0.02349	0.03128	0.02037	0.02933	0.01589	0.01087	0.01122	0.00362	0.01449	0.01001	0.00518	0.01418
5	0.01637	0.01091	0.01228	0.01228	0.01228	0.01091	0.00682	0.01637	0.01637	0.02182	0.03546	0.07365	0.04092	0.60445	0.05729	0.01091	0.01091	0.01637	0.00682	0.00682
6	0.02070	0.03954	0.31885	0.02610	0.03639	0.02217	0.02981	0.03009	0.02558	0.03767	0.18078	0.04300	0.04349	0.01564	0.01453	0.00371	0.07821	0.01231	0.00720	0.01423
7	0.02623	0.02313	0.03381	0.02705	0.03341	0.07126	0.15442	0.03506	0.08290	0.09024	0.18448	0.10063	0.05231	0.01730	0.01267	0.00367	0.01171	0.01633	0.00966	0.01372
8	0.04957	0.02065	0.02705	0.02074	0.02948	0.01876	0.01713	0.10831	0.03472	0.48503	0.04230	0.03694	0.02681	0.01388	0.01131	0.00347	0.00992	0.01118	0.01361	0.01915
9	0.09084	0.08790	0.18205	0.02229	0.03257	0.02300	0.02299	0.03899	0.06404	0.15002	0.08306	0.03398	0.02910	0.01276	0.01025	0.00325	0.01119	0.01006	0.00856	0.08309

[dist]
# distance from previous block
# <min> <max>
4	12

[block]
# block no. 6 follows, 11 sequences, length 17
# corresponding to MSA columns:
# 151-167
name=unknown_G
#
# <colnr> <probs for GDERKNQSTAVLIFYWHMCP>
#	G	D	E	R	K	N	Q	S	T	A	V	L	I	F	Y	W	H	M	C	P
0	0.11728	0.02727	0.07273	0.02543	0.03215	0.07377	0.09976	0.06319	0.06678	0.04237	0.17140	0.04327	0.04348	0.01537	0.01335	0.00363	0.05376	0.01288	0.00853	0.01359
1	0.11680	0.06779	0.11386	0.02265	0.07406	0.01981	0.01902	0.02743	0.02470	0.03744	0.11090	0.05112	0.14911	0.01608	0.01058	0.00323	0.00954	0.01305	0.00782	0.10501
2	0.02292	0.02032	0.02889	0.09925	0.03591	0.02196	0.08362	0.03962	0.22088	0.04240	0.19711	0.05252	0.05283	0.01645	0.01228	0.00371	0.00997	0.01493	0.01007	0.01436
3	0.02467	0.02891	0.15108	0.02598	0.03433	0.02166	0.08630	0.03895	0.15721	0.07989	0.10553	0.11904	0.04225	0.01715	0.01217	0.00379	0.01134	0.01539	0.00927	0.01508
4	0.01608	0.01206	0.01809	0.01809	0.02010	0.01407	0.01407	0.02010	0.01809	0.02613	0.03015	0.04422	0.02814	0.08441	0.55984	0.01809	0.03015	0.01206	0.00603	0.01005
5	0.68395	0.02177	0.01654	0.01480	0.02177	0.02525	0.01219	0.03309	0.01915	0.05050	0.01567	0.01828	0.01219	0.01045	0.00697	0.00348	0.00871	0.00609	0.00697	0.01219
6	0.01371	0.00979	0.01306	0.01567	0.01632	0.00914	0.01045	0.01567	0.02155	0.02873	0.06203	0.59710	0.07444	0.03526	0.01437	0.00457	0.00653	0.03200	0.01045	0.00914
7	0.02525	0.02491	0.04136	0.03229	0.03906	0.02685	0.20221	0.04003	0.17871	0.03930	0.09780	0.04042	0.03431	0.01480	0.01654	0.00395	0.10546	0.01352	0.00829	0.01492
8	0.02234	0.02041	0.03247	0.09416	0.25068	0.02202	0.02496	0.02727	0.02377	0.03352	0.07622	0.16738	0.03861	0.01865	0.01571	0.00391	0.09073	0.01614	0.00720	0.01384
9	0.01874	0.01563	0.02360	0.24768	0.04441	0.01741	0.02218	0.02455	0.02448	0.03121	0.05095	0.08461	0.10920	0.02260	0.01347	0.00440	0.01162	0.21396	0.00818	0.01112
10	0.26692	0.11345	0.07859	0.02293	0.03222	0.02632	0.08408	0.03966	0.02465	0.17555	0.02477	0.02579	0.01760	0.01115	0.00938	0.00337	0.01156	0.00868	0.00814	0.01520
11	0.02692	0.02155	0.02649	0.19334	0.04211	0.06515	0.01971	0.03248	0.02631	0.10373	0.09900	0.03627	0.03086	0.01249	0.01055	0.00295	0.01118	0.01044	0.00792	0.22053
12	0.02690	0.02607	0.04464	0.05703	0.38118	0.02494	0.09357	0.03367	0.02536	0.03666	0.02119	0.02741	0.01752	0.00966	0.01095	0.00311	0.01326	0.00989	0.00578	0.13121
13	0.15262	0.26845	0.04309	0.02252	0.03097	0.03493	0.05958	0.10349	0.02667	0.03943	0.01828	0.02148	0.01517	0.01107	0.01080	0.00302	0.05782	0.00765	0.00643	0.06652
14	0.22614	0.08964	0.19497	0.02311	0.03290	0.02725	0.02424	0.03248	0.02130	0.03827	0.01760	0.02161	0.01404	0.01145	0.01256	0.00336	0.09174	0.00741	0.00572	0.10420
15	0.08874	0.20381	0.13133	0.07130	0.03980	0.03122	0.08785	0.03924	0.09240	0.07614	0.02429	0.02670	0.01847	0.01114	0.00988	0.00329	0.01309	0.00911	0.00680	0.01541
16	0.11901	0.02829	0.12068	0.10822	0.04147	0.02390	0.08730	0.07603	0.06387	0.09010	0.09854	0.03661	0.03103	0.01326	0.01115	0.00360	0.01235	0.01146	0.00827	0.01487

[dist]
# distance from previous block
# <min> <max>
7	56

[block]
# block no. 7 follows, 11 sequences, length 59
# corresponding to MSA columns:
# 224-282
name=unknown_H
#
# <colnr> <probs for GDERKNQSTAVLIFYWHMCP>
#	G	D	E	R	K	N	Q	S	T	A	V	L	I	F	Y	W	H	M	C	P
0	0.25119	0.01959	0.02409	0.01988	0.02559	0.02050	0.07561	0.03414	0.06693	0.10937	0.02925	0.04111	0.02551	0.18501	0.02355	0.00573	0.01086	0.01141	0.00815	0.01252
1	0.07322	0.01931	0.06682	0.01989	0.06189	0.01487	0.01536	0.02524	0.02471	0.07235	0.06691	0.12288	0.24581	0.02092	0.01169	0.00349	0.00828	0.01752	0.00903	0.09981
2	0.22341	0.02763	0.03182	0.07573	0.03728	0.06843	0.08530	0.15535	0.03094	0.04820	0.02077	0.02420	0.01574	0.01100	0.00981	0.00324	0.01256	0.00870	0.00760	0.10227
3	0.12002	0.02035	0.02698	0.03281	0.17268	0.02082	0.02009	0.03638	0.10130	0.10571	0.04405	0.09909	0.08473	0.01738	0.01150	0.00376	0.00982	0.04847	0.00914	0.01493
4	0.03152	0.02366	0.02773	0.10079	0.03604	0.02640	0.01971	0.17771	0.20812	0.08973	0.10059	0.04122	0.03620	0.01511	0.01160	0.00362	0.01036	0.01249	0.01080	0.01660
5	0.12486	0.01823	0.02140	0.01820	0.02451	0.01737	0.01424	0.08419	0.02829	0.20479	0.04040	0.19574	0.03685	0.01889	0.01119	0.00355	0.00870	0.01588	0.01068	0.10205
6	0.21712	0.02122	0.02788	0.08113	0.03427	0.02218	0.05159	0.04243	0.02594	0.27322	0.02990	0.03022	0.02033	0.01285	0.01240	0.00365	0.05850	0.00976	0.00973	0.01568
7	0.02778	0.11359	0.24043	0.10764	0.08950	0.02579	0.03021	0.03626	0.02559	0.11427	0.06192	0.03113	0.02382	0.01201	0.01065	0.00340	0.01352	0.00979	0.00690	0.01581
8	0.02715	0.02085	0.03138	0.15948	0.18502	0.02215	0.02413	0.09509	0.02748	0.07602	0.02974	0.11840	0.02716	0.01815	0.01522	0.07543	0.01185	0.01353	0.00758	0.01418
9	0.02464	0.20979	0.41260	0.02857	0.04328	0.03118	0.03547	0.03511	0.02352	0.03313	0.01895	0.02220	0.01431	0.01040	0.00974	0.00325	0.01537	0.00769	0.00477	0.01603
10	0.02967	0.02710	0.15298	0.02865	0.10149	0.01818	0.02346	0.03579	0.02608	0.19589	0.04032	0.19671	0.03672	0.01882	0.01203	0.00380	0.01096	0.01645	0.00947	0.01542
11	0.03231	0.14564	0.04851	0.11929	0.08534	0.02825	0.17339	0.03883	0.02645	0.15443	0.02594	0.02948	0.01886	0.01090	0.01108	0.00339	0.01423	0.01055	0.00737	0.01577
12	0.04116	0.02133	0.03230	0.09326	0.17252	0.02025	0.02305	0.04649	0.02937	0.34848	0.03542	0.03455	0.02373	0.01257	0.01126	0.00347	0.01120	0.01082	0.01068	0.01808
13	0.01557	0.01089	0.01392	0.01464	0.01531	0.01120	0.00960	0.01709	0.01821	0.02478	0.04144	0.20989	0.04696	0.32051	0.16914	0.01094	0.01444	0.01959	0.00762	0.00825
14	0.02455	0.02339	0.04056	0.17473	0.31341	0.02423	0.07285	0.03149	0.02589	0.03607	0.09275	0.03652	0.02961	0.01209	0.01167	0.00351	0.01312	0.01178	0.00642	0.01536
15	0.02428	0.14942	0.41169	0.03154	0.04642	0.02952	0.08624	0.03536	0.02391	0.03413	0.01970	0.02350	0.01459	0.01038	0.01038	0.00339	0.01610	0.00846	0.00486	0.01611
16	0.03207	0.34241	0.11912	0.02313	0.03269	0.03736	0.02304	0.10810	0.02793	0.07386	0.02018	0.02242	0.01621	0.01165	0.01141	0.00304	0.06545	0.00775	0.00652	0.01565
17	0.01551	0.01116	0.01476	0.01512	0.01722	0.01041	0.01120	0.01989	0.02854	0.03968	0.36140	0.22827	0.09404	0.02704	0.01376	0.00396	0.00607	0.06009	0.01169	0.01019
18	0.02289	0.04855	0.40156	0.03391	0.04831	0.02539	0.13518	0.03458	0.02501	0.03649	0.06146	0.03000	0.02222	0.01142	0.01145	0.00361	0.01622	0.01034	0.00556	0.01584
19	0.02806	0.25646	0.24709	0.02871	0.04123	0.03420	0.09111	0.08444	0.02693	0.03609	0.01959	0.02287	0.01522	0.01044	0.00981	0.00315	0.01479	0.00832	0.00560	0.01590
20	0.01371	0.00979	0.01306	0.01567	0.01632	0.00914	0.01045	0.01567	0.02155	0.02873	0.06203	0.59710	0.07444	0.03526	0.01437	0.00457	0.00653	0.03200	0.01045	0.00914
21	0.02334	0.02001	0.02334	0.01667	0.02667	0.01500	0.01334	0.02834	0.02334	0.03668	0.02001	0.02334	0.01667	0.00834	0.00834	0.00167	0.00834	0.00667	0.00667	0.67325
22	0.02454	0.19045	0.35580	0.02685	0.04087	0.02923	0.03229	0.03419	0.02348	0.03351	0.01904	0.02229	0.01462	0.01012	0.00952	0.00303	0.01439	0.00753	0.00502	0.10323
23	0.02384	0.03057	0.17681	0.02988	0.03940	0.02078	0.16149	0.03241	0.02757	0.07863	0.15902	0.05213	0.04482	0.01570	0.01262	0.00377	0.01322	0.05479	0.00827	0.01426
24	0.04333	0.01778	0.02435	0.02018	0.02753	0.01575	0.01690	0.04787	0.03082	0.42943	0.04777	0.05795	0.03604	0.01773	0.01226	0.00386	0.00975	0.11037	0.01314	0.01721
25	0.10513	0.23949	0.03851	0.02037	0.02925	0.03246	0.01793	0.13974	0.06620	0.11416	0.02481	0.02515	0.01879	0.01147	0.00907	0.00292	0.01084	0.00823	0.00840	0.07708
26	0.01556	0.01190	0.01476	0.01480	0.01774	0.01039	0.01062	0.01892	0.02497	0.03418	0.17957	0.31607	0.14172	0.02741	0.01308	0.00379	0.00636	0.02430	0.01040	0.10345
27	0.02605	0.31367	0.32110	0.02616	0.03956	0.03464	0.03127	0.03475	0.02335	0.03141	0.01810	0.02113	0.01434	0.01020	0.00909	0.00303	0.01451	0.00726	0.00478	0.01562
28	0.04128	0.11326	0.14775	0.02262	0.03325	0.02273	0.02256	0.04749	0.02897	0.35390	0.03482	0.03212	0.02287	0.01258	0.01059	0.00335	0.01152	0.00988	0.01055	0.01791
29	0.01608	0.01206	0.01809	0.01809	0.02010	0.01407	0.01407	0.02010	0.01809	0.02613	0.03015	0.04422	0.02814	0.08441	0.55984	0.01809	0.03015	0.01206	0.00603	0.01005
30	0.02628	0.05303	0.47712	0.03048	0.04606	0.02487	0.03826	0.03819	0.02488	0.10285	0.02341	0.02569	0.01606	0.01112	0.01078	0.00355	0.01570	0.00872	0.00597	0.01697
31	0.04342	0.07466	0.08094	0.02387	0.03363	0.02314	0.05448	0.11015	0.03306	0.35114	0.03582	0.03316	0.02351	0.01289	0.01105	0.00341	0.01150	0.01058	0.01136	0.01824
32	0.01953	0.01454	0.01917	0.02104	0.02416	0.01508	0.01809	0.02848	0.09490	0.03558	0.05764	0.11495	0.06047	0.02886	0.01497	0.00499	0.01016	0.39546	0.01052	0.01142
33	0.02334	0.02001	0.02334	0.01667	0.02667	0.01500	0.01334	0.02834	0.02334	0.03668	0.02001	0.02334	0.01667	0.00834	0.00834	0.00167	0.00834	0.00667	0.00667	0.67325
34	0.01476	0.01146	0.01342	0.01293	0.01610	0.01012	0.00970	0.01897	0.02909	0.03857	0.34353	0.09489	0.29507	0.02546	0.01329	0.00366	0.00548	0.02187	0.01153	0.01012
35	0.02357	0.13161	0.48148	0.03038	0.04608	0.02858	0.03862	0.03539	0.02364	0.03443	0.01959	0.02301	0.01428	0.01055	0.01023	0.00341	0.01602	0.00801	0.00476	0.01634
36	0.02936	0.29028	0.21531	0.02726	0.03931	0.03340	0.08917	0.03692	0.02465	0.08604	0.02116	0.02372	0.01617	0.01042	0.00960	0.00308	0.01419	0.00830	0.00589	0.01576
37	0.01637	0.01091	0.01228	0.01228	0.01228	0.01091	0.00682	0.01637	0.01637	0.02182	0.03546	0.07365	0.04092	0.60445	0.05729	0.01091	0.01091	0.01637	0.00682	0.00682
38	0.59439	0.02140	0.01790	0.01554	0.02275	0.02402	0.01280	0.03616	0.02100	0.11999	0.01973	0.02112	0.01441	0.01094	0.00758	0.00348	0.00883	0.00683	0.00795	0.01317
39	0.02841	0.02410	0.08677	0.12152	0.19064	0.02082	0.02662	0.03478	0.02599	0.13992	0.03462	0.09574	0.03058	0.01623	0.01203	0.00382	0.01215	0.07166	0.00823	0.01537
40	0.05050	0.01915	0.02612	0.02003	0.02873	0.01654	0.01654	0.05485	0.03221	0.54203	0.04440	0.03831	0.02786	0.01393	0.01132	0.00348	0.00958	0.01132	0.01393	0.01915
41	0.01692	0.01209	0.01675	0.01934	0.02140	0.01191	0.01603	0.02122	0.02471	0.03233	0.06026	0.25582	0.06742	0.03224	0.01522	0.00501	0.00931	0.34158	0.01039	0.01003
42	0.01371	0.00979	0.01306	0.01567	0.01632	0.00914	0.01045	0.01567	0.02155	0.02873	0.06203	0.59710	0.07444	0.03526	0.01437	0.00457	0.00653	0.03200	0.01045	0.00914
43	0.02126	0.02001	0.03376	0.57739	0.07752	0.02501	0.03126	0.02876	0.02251	0.02876	0.02001	0.03001	0.01500	0.01125	0.01125	0.00375	0.01500	0.01000	0.00500	0.01250
44	0.68395	0.02177	0.01654	0.01480	0.02177	0.02525	0.01219	0.03309	0.01915	0.05050	0.01567	0.01828	0.01219	0.01045	0.00697	0.00348	0.00871	0.00609	0.00697	0.01219
45	0.01814	0.01296	0.01814	0.02073	0.02332	0.01296	0.01814	0.02332	0.02591	0.03368	0.05959	0.12696	0.06478	0.03109	0.01555	0.00518	0.01036	0.45848	0.01036	0.01036
46	0.68395	0.02177	0.01654	0.01480	0.02177	0.02525	0.01219	0.03309	0.01915	0.05050	0.01567	0.01828	0.01219	0.01045	0.00697	0.00348	0.00871	0.00609	0.00697	0.01219
47	0.01955	0.00978	0.01466	0.01466	0.01466	0.00978	0.00978	0.01466	0.01466	0.01955	0.01955	0.03421	0.01955	0.03910	0.04399	0.67253	0.00978	0.00978	0.00489	0.00489
48	0.02659	0.04963	0.34316	0.03912	0.12429	0.10186	0.08613	0.03683	0.02551	0.03472	0.02023	0.02463	0.01516	0.01059	0.01096	0.00346	0.01689	0.00897	0.00513	0.01616
49	0.02421	0.17824	0.44040	0.02930	0.04441	0.03013	0.03674	0.03522	0.02357	0.03366	0.01921	0.02252	0.01430	0.01046	0.00994	0.00331	0.01564	0.00782	0.00477	0.01616
50	0.68395	0.02177	0.01654	0.01480	0.02177	0.02525	0.01219	0.03309	0.01915	0.05050	0.01567	0.01828	0.01219	0.01045	0.00697	0.00348	0.00871	0.00609	0.00697	0.01219
51	0.02360	0.02874	0.13997	0.04568	0.26742	0.02212	0.03065	0.03111	0.02534	0.03553	0.03350	0.05933	0.03240	0.01703	0.01249	0.00399	0.01306	0.15592	0.00697	0.01515
52	0.38306	0.02200	0.02144	0.01739	0.02539	0.02293	0.01428	0.08684	0.02620	0.15694	0.02372	0.02428	0.01697	0.01122	0.00856	0.00321	0.00924	0.00774	0.00889	0.10971
53	0.01558	0.01149	0.01456	0.01379	0.01660	0.01047	0.01035	0.02056	0.03104	0.04318	0.47332	0.08729	0.16240	0.02374	0.01328	0.00357	0.00536	0.02081	0.01213	0.01047
54	0.68395	0.02177	0.01654	0.01480	0.02177	0.02525	0.01219	0.03309	0.01915	0.05050	0.01567	0.01828	0.01219	0.01045	0.00697	0.00348	0.00871	0.00609	0.00697	0.01219
55	0.02196	0.02073	0.03504	0.52287	0.12651	0.02519	0.03161	0.02938	0.02284	0.02962	0.02013	0.02978	0.01531	0.01112	0.01124	0.00371	0.01483	0.01001	0.00506	0.01307
56	0.12535	0.04289	0.02898	0.02598	0.03212	0.36868	0.02013	0.10544	0.03268	0.03724	0.02205	0.02988	0.01904	0.01334	0.01033	0.00323	0.01681	0.04514	0.00711	0.01357
57	0.03350	0.02340	0.03135	0.28246	0.05249	0.06283	0.02482	0.07111	0.02788	0.18807	0.02732	0.03117	0.01916	0.01296	0.01334	0.00368	0.06100	0.01020	0.00822	0.01503
58	0.02805	0.02894	0.04828	0.10377	0.35445	0.06577	0.13497	0.03515	0.02603	0.03527	0.02115	0.02804	0.01718	0.01013	0.01155	0.00344	0.01525	0.01054	0.00557	0.01645

[dist]
# distance from previous block
# <min> <max>
0	2

[block]
# block no. 8 follows, 11 sequences, length 24
# corresponding to MSA columns:
# 285-308
name=unknown_I
#
# <colnr> <probs for GDERKNQSTAVLIFYWHMCP>
#	G	D	E	R	K	N	Q	S	T	A	V	L	I	F	Y	W	H	M	C	P
0	0.02220	0.02494	0.07880	0.09817	0.09956	0.07495	0.05508	0.02822	0.02623	0.03377	0.09854	0.10411	0.09258	0.01950	0.01266	0.00389	0.01222	0.09394	0.00797	0.01266
1	0.02422	0.01334	0.01770	0.01557	0.01967	0.01204	0.01204	0.02930	0.03194	0.16428	0.41227	0.07310	0.08742	0.02083	0.01281	0.00353	0.00633	0.01819	0.01276	0.01267
2	0.03057	0.22361	0.20241	0.02869	0.08476	0.03078	0.02721	0.04050	0.07569	0.11549	0.02537	0.02655	0.01894	0.01128	0.00980	0.00318	0.01290	0.00868	0.00702	0.01657
3	0.04348	0.01846	0.02461	0.01899	0.02723	0.01573	0.01552	0.04802	0.03107	0.42681	0.09209	0.04124	0.03468	0.01418	0.01115	0.00326	0.00897	0.01169	0.01286	0.09996
4	0.01876	0.01614	0.02330	0.03013	0.17485	0.01521	0.01730	0.02373	0.02801	0.03797	0.24351	0.07442	0.21140	0.02075	0.01263	0.00356	0.00790	0.01825	0.00970	0.01248
5	0.02299	0.05530	0.49583	0.03369	0.04977	0.02638	0.08895	0.03569	0.02406	0.03569	0.02047	0.02445	0.01455	0.01057	0.01096	0.00359	0.01688	0.00884	0.00485	0.01648
6	0.01567	0.01133	0.01468	0.01493	0.01623	0.01190	0.01037	0.01783	0.01857	0.02519	0.04410	0.11644	0.09014	0.27198	0.25740	0.01253	0.01793	0.01689	0.00723	0.00867
7	0.01542	0.01130	0.01447	0.01407	0.01660	0.01034	0.01040	0.02012	0.03008	0.04185	0.43523	0.14532	0.14293	0.02494	0.01340	0.00368	0.00549	0.02202	0.01198	0.01034
8	0.02303	0.02078	0.03006	0.24645	0.10527	0.02034	0.02292	0.02922	0.02327	0.03353	0.02014	0.02652	0.01614	0.00969	0.00982	0.00269	0.01157	0.00838	0.00588	0.33429
9	0.02126	0.02001	0.03376	0.57739	0.07752	0.02501	0.03126	0.02876	0.02251	0.02876	0.02001	0.03001	0.01500	0.01125	0.01125	0.00375	0.01500	0.01000	0.00500	0.01250
10	0.02901	0.01993	0.02403	0.01852	0.02729	0.01666	0.01516	0.07102	0.02765	0.12691	0.02977	0.03919	0.02483	0.01258	0.01000	0.00256	0.00914	0.06420	0.00877	0.42279
11	0.21470	0.04134	0.29805	0.02750	0.04010	0.02520	0.07515	0.03678	0.02353	0.08822	0.02147	0.02423	0.01524	0.01081	0.00994	0.00356	0.01392	0.00846	0.00635	0.01546
12	0.02194	0.02070	0.03499	0.52484	0.12474	0.02519	0.03160	0.02936	0.02283	0.02959	0.02013	0.02979	0.01530	0.01113	0.01124	0.00371	0.01483	0.01001	0.00506	0.01305
13	0.01371	0.00979	0.01306	0.01567	0.01632	0.00914	0.01045	0.01567	0.02155	0.02873	0.06203	0.59710	0.07444	0.03526	0.01437	0.00457	0.00653	0.03200	0.01045	0.00914
14	0.68395	0.02177	0.01654	0.01480	0.02177	0.02525	0.01219	0.03309	0.01915	0.05050	0.01567	0.01828	0.01219	0.01045	0.00697	0.00348	0.00871	0.00609	0.00697	0.01219
15	0.01371	0.00979	0.01306	0.01567	0.01632	0.00914	0.01045	0.01567	0.02155	0.02873	0.06203	0.59710	0.07444	0.03526	0.01437	0.00457	0.00653	0.03200	0.01045	0.00914
16	0.68395	0.02177	0.01654	0.01480	0.02177	0.02525	0.01219	0.03309	0.01915	0.05050	0.01567	0.01828	0.01219	0.01045	0.00697	0.00348	0.00871	0.00609	0.00697	0.01219
17	0.05050	0.01915	0.02612	0.02003	0.02873	0.01654	0.01654	0.05485	0.03221	0.54203	0.04440	0.03831	0.02786	0.01393	0.01132	0.00348	0.00958	0.01132	0.01393	0.01915
18	0.02985	0.21225	0.09348	0.03220	0.04267	0.03208	0.21389	0.03959	0.07613	0.08384	0.02485	0.02798	0.01888	0.01066	0.01080	0.00332	0.01466	0.01037	0.00675	0.01573
19	0.02704	0.02043	0.02392	0.01783	0.02723	0.01680	0.01426	0.03532	0.08563	0.09602	0.02603	0.02739	0.02017	0.00984	0.00907	0.00214	0.00855	0.00796	0.00810	0.51625
20	0.03566	0.01599	0.02166	0.01828	0.02433	0.01424	0.01489	0.04041	0.03132	0.32332	0.19745	0.06368	0.05694	0.01891	0.01246	0.00371	0.00834	0.06999	0.01300	0.01539
21	0.03096	0.09700	0.08024	0.02635	0.09711	0.02109	0.02017	0.03626	0.02582	0.17105	0.03106	0.09329	0.02598	0.01356	0.01030	0.00299	0.01040	0.01137	0.00850	0.18650
22	0.02135	0.02551	0.13492	0.02952	0.11554	0.01863	0.02300	0.06482	0.02778	0.03879	0.13348	0.18069	0.05239	0.02104	0.01268	0.00391	0.01051	0.06316	0.00882	0.01349
23	0.07339	0.07767	0.03252	0.02528	0.07152	0.02183	0.06353	0.06632	0.02696	0.12758	0.02882	0.08579	0.02442	0.01298	0.01021	0.00295	0.01049	0.01118	0.00832	0.21823

[dist]
# distance from previous block
# <min> <max>
1	11

[block]
# block no. 9 follows, 11 sequences, length 11
# corresponding to MSA columns:
# 320-330
name=unknown_J
#
# <colnr> <probs for GDERKNQSTAVLIFYWHMCP>
#	G	D	E	R	K	N	Q	S	T	A	V	L	I	F	Y	W	H	M	C	P
0	0.02572	0.14132	0.04046	0.09434	0.08405	0.02630	0.09165	0.03377	0.06392	0.03444	0.02176	0.02607	0.01763	0.00984	0.00972	0.00271	0.01199	0.00874	0.00624	0.24932
1	0.03304	0.02572	0.03684	0.08868	0.25379	0.02609	0.02642	0.15132	0.03267	0.10126	0.02500	0.02846	0.01891	0.01124	0.01086	0.00320	0.01223	0.00979	0.00802	0.09647
2	0.02633	0.02518	0.04292	0.18700	0.42829	0.02634	0.03378	0.03320	0.02490	0.03491	0.02090	0.02836	0.01717	0.01031	0.01117	0.00344	0.01375	0.01002	0.00544	0.01659
3	0.01868	0.01521	0.02016	0.07950	0.02735	0.01553	0.01498	0.02583	0.06588	0.03445	0.14070	0.05285	0.08619	0.03907	0.19117	0.00805	0.01541	0.01373	0.00822	0.12705
4	0.01579	0.01307	0.01700	0.11989	0.02763	0.01286	0.01363	0.02043	0.02735	0.03555	0.24959	0.08447	0.27512	0.02319	0.01290	0.00369	0.00732	0.01988	0.01013	0.01049
5	0.02786	0.02674	0.04568	0.06908	0.53424	0.02674	0.03454	0.03454	0.02563	0.03677	0.02117	0.02786	0.01783	0.01003	0.01114	0.00334	0.01337	0.01003	0.00557	0.01783
6	0.02119	0.01766	0.02496	0.02149	0.02813	0.01531	0.06100	0.02670	0.02486	0.03521	0.03892	0.07284	0.03938	0.01917	0.01220	0.00352	0.01030	0.22024	0.00832	0.29858
7	0.68395	0.02177	0.01654	0.01480	0.02177	0.02525	0.01219	0.03309	0.01915	0.05050	0.01567	0.01828	0.01219	0.01045	0.00697	0.00348	0.00871	0.00609	0.00697	0.01219
8	0.02556	0.27798	0.35253	0.02698	0.04083	0.03345	0.03271	0.03487	0.02341	0.03200	0.01839	0.02149	0.01433	0.01027	0.00931	0.00310	0.01481	0.00740	0.00478	0.01576
9	0.03282	0.02592	0.03448	0.04024	0.21722	0.02759	0.02451	0.12697	0.20317	0.09745	0.03323	0.03375	0.02490	0.01288	0.01129	0.00353	0.01124	0.01113	0.00949	0.01819
10	0.02224	0.02001	0.02885	0.31312	0.05356	0.02029	0.02281	0.02856	0.02290	0.03249	0.02001	0.02686	0.01579	0.00988	0.00988	0.00277	0.01186	0.00843	0.00579	0.32392

[dist]
# distance from previous block
# <min> <max>
1	5

[block]
# block no. 10 follows, 11 sequences, length 7
# corresponding to MSA columns:
# 336-342
name=unknown_K
#
# <colnr> <probs for GDERKNQSTAVLIFYWHMCP>
#	G	D	E	R	K	N	Q	S	T	A	V	L	I	F	Y	W	H	M	C	P
0	0.03179	0.11621	0.13422	0.04063	0.17226	0.02742	0.12423	0.03921	0.02649	0.14166	0.02544	0.02845	0.01868	0.01080	0.01097	0.00337	0.01409	0.01009	0.00711	0.01687
1	0.02561	0.36112	0.08125	0.01912	0.02735	0.03304	0.01850	0.03313	0.07712	0.03247	0.10323	0.03941	0.07992	0.01409	0.00941	0.00295	0.01046	0.01072	0.00717	0.01394
2	0.01603	0.01145	0.01572	0.01833	0.02000	0.01114	0.01448	0.01969	0.02384	0.03133	0.06075	0.35036	0.06937	0.03307	0.01499	0.00489	0.00854	0.25583	0.01040	0.00978
3	0.01549	0.01149	0.01443	0.01370	0.01654	0.01043	0.01027	0.02038	0.03082	0.04265	0.45855	0.08816	0.17750	0.02394	0.01328	0.00358	0.00538	0.02093	0.01206	0.01043
4	0.01857	0.01314	0.01952	0.12965	0.03055	0.01418	0.01604	0.02237	0.02161	0.06593	0.04383	0.29536	0.04678	0.04187	0.15795	0.00791	0.01471	0.02077	0.00844	0.01080
5	0.03367	0.13661	0.02992	0.01894	0.02640	0.02078	0.01632	0.03820	0.02795	0.23141	0.08429	0.05140	0.03731	0.01602	0.01096	0.00329	0.00961	0.08574	0.01029	0.11090
6	0.02584	0.18391	0.11558	0.02841	0.08819	0.02710	0.07124	0.03229	0.02386	0.03377	0.01929	0.02322	0.01590	0.00932	0.00920	0.00254	0.01217	0.00778	0.00568	0.26472

[dist]
# distance from previous block
# <min> <max>
0	3

[block]
# block no. 11 follows, 11 sequences, length 19
# corresponding to MSA columns:
# 346-364
name=unknown_L
#
# <colnr> <probs for GDERKNQSTAVLIFYWHMCP>
#	G	D	E	R	K	N	Q	S	T	A	V	L	I	F	Y	W	H	M	C	P
0	0.04270	0.01939	0.02664	0.08852	0.03446	0.01735	0.01787	0.04755	0.02965	0.40082	0.03763	0.03498	0.02455	0.01274	0.01085	0.00324	0.01006	0.01044	0.01171	0.11885
1	0.03133	0.33405	0.19527	0.02384	0.03511	0.07465	0.02564	0.03774	0.02497	0.09307	0.02067	0.02240	0.01605	0.01062	0.00897	0.00292	0.01370	0.00744	0.00600	0.01556
2	0.55452	0.02135	0.01810	0.01543	0.02290	0.02333	0.01266	0.03413	0.02065	0.08575	0.01837	0.02042	0.01392	0.01045	0.00746	0.00326	0.00873	0.00656	0.00745	0.09456
3	0.15387	0.02130	0.03173	0.24135	0.08290	0.02504	0.06288	0.02949	0.02280	0.03601	0.08027	0.03335	0.02582	0.01345	0.01437	0.00381	0.09166	0.01073	0.00637	0.01278
4	0.02868	0.02388	0.04204	0.03292	0.04086	0.02333	0.22247	0.10460	0.03095	0.08973	0.03731	0.06154	0.03371	0.01745	0.01351	0.00414	0.01429	0.15511	0.00884	0.01463
5	0.02297	0.02175	0.03686	0.44538	0.19614	0.02546	0.03211	0.03026	0.02332	0.03084	0.02031	0.02945	0.01574	0.01093	0.01122	0.00364	0.01458	0.01001	0.00515	0.01389
6	0.03683	0.04213	0.03291	0.02879	0.03321	0.33601	0.02258	0.09420	0.02998	0.03266	0.01776	0.02243	0.01514	0.01430	0.01844	0.00357	0.19091	0.00839	0.00619	0.01356
7	0.01948	0.01474	0.01883	0.06998	0.02476	0.01486	0.01375	0.07911	0.03299	0.04545	0.38400	0.07393	0.12189	0.02117	0.01284	0.00356	0.00714	0.01839	0.01138	0.01174
8	0.02478	0.02331	0.03925	0.21147	0.35134	0.02467	0.03127	0.03157	0.02533	0.03525	0.07002	0.03393	0.02558	0.01164	0.01138	0.00348	0.01306	0.01102	0.00607	0.01558
9	0.09419	0.10665	0.03366	0.02844	0.10583	0.02960	0.02016	0.13069	0.17500	0.04636	0.02820	0.02907	0.02185	0.01204	0.00997	0.00317	0.01060	0.00951	0.00859	0.09642
10	0.01516	0.01691	0.08701	0.01724	0.02074	0.01172	0.01455	0.01917	0.02361	0.03188	0.11912	0.39498	0.12630	0.02954	0.01359	0.00421	0.00768	0.02628	0.00989	0.01040
11	0.03175	0.53391	0.05522	0.02061	0.02971	0.11590	0.01960	0.03526	0.02412	0.02663	0.01589	0.01837	0.01445	0.00990	0.00763	0.00248	0.01318	0.00619	0.00495	0.01425
12	0.02645	0.05280	0.47403	0.03041	0.04594	0.02481	0.03811	0.03831	0.02493	0.10586	0.02355	0.02578	0.01614	0.01114	0.01078	0.00355	0.01566	0.00873	0.00603	0.01698
13	0.02765	0.02732	0.04897	0.06565	0.45887	0.02702	0.10727	0.03478	0.02578	0.03666	0.02142	0.02825	0.01771	0.00994	0.01148	0.00341	0.01426	0.01054	0.00559	0.01741
14	0.01371	0.00979	0.01306	0.01567	0.01632	0.00914	0.01045	0.01567	0.02155	0.02873	0.06203	0.59710	0.07444	0.03526	0.01437	0.00457	0.00653	0.03200	0.01045	0.00914
15	0.01593	0.01150	0.01504	0.01416	0.01681	0.01062	0.01062	0.02124	0.03186	0.04513	0.52830	0.08407	0.10620	0.02301	0.01327	0.00354	0.00531	0.02035	0.01239	0.01062
16	0.02830	0.03328	0.16866	0.04091	0.21230	0.02476	0.02970	0.06417	0.02644	0.07980	0.02257	0.02660	0.01740	0.01112	0.01234	0.00323	0.05222	0.00910	0.00656	0.13051
17	0.02144	0.01999	0.03351	0.46753	0.12895	0.02390	0.02993	0.02838	0.02281	0.02975	0.02366	0.07712	0.02032	0.01311	0.01150	0.00377	0.01409	0.01184	0.00553	0.01288
18	0.02912	0.04421	0.29696	0.09893	0.08431	0.06351	0.03365	0.10967	0.02947	0.07197	0.02267	0.02603	0.01627	0.01142	0.01089	0.00349	0.01532	0.00905	0.00653	0.01653

[dist]
# distance from previous block
# <min> <max>
0	2

[block]
# block no. 12 follows, 11 sequences, length 28
# corresponding to MSA columns:
# 367-394
name=unknown_M
#
# <colnr> <probs for GDERKNQSTAVLIFYWHMCP>
#	G	D	E	R	K	N	Q	S	T	A	V	L	I	F	Y	W	H	M	C	P
0	0.02001	0.03140	0.21936	0.03197	0.12852	0.01907	0.02679	0.02742	0.02431	0.03469	0.09008	0.21553	0.04447	0.01983	0.01225	0.00384	0.01150	0.01759	0.00759	0.01379
1	0.02102	0.02135	0.06917	0.13913	0.03746	0.01706	0.01909	0.02699	0.02395	0.03498	0.08010	0.09050	0.03186	0.01355	0.01034	0.00279	0.00999	0.01164	0.00716	0.33190
2	0.68395	0.02177	0.01654	0.01480	0.02177	0.02525	0.01219	0.03309	0.01915	0.05050	0.01567	0.01828	0.01219	0.01045	0.00697	0.00348	0.00871	0.00609	0.00697	0.01219
3	0.02345	0.01742	0.02112	0.01621	0.02393	0.01384	0.01280	0.02848	0.02661	0.08197	0.17250	0.04258	0.04411	0.01315	0.01005	0.00238	0.00755	0.01111	0.00898	0.42177
4	0.02385	0.02405	0.04288	0.29342	0.11079	0.02783	0.14010	0.03076	0.02277	0.03099	0.01977	0.02883	0.01574	0.01234	0.01668	0.00395	0.12562	0.01075	0.00521	0.01365
5	0.02227	0.03343	0.21839	0.02218	0.03389	0.01871	0.02364	0.03033	0.02440	0.03719	0.07395	0.02993	0.02525	0.01077	0.00974	0.00258	0.01112	0.00874	0.00656	0.35695
6	0.50764	0.02882	0.02091	0.01846	0.02535	0.13158	0.01479	0.07114	0.02427	0.04753	0.01689	0.01936	0.01318	0.01091	0.00793	0.00336	0.01128	0.00663	0.00707	0.01289
7	0.02786	0.02674	0.04568	0.06908	0.53424	0.02674	0.03454	0.03454	0.02563	0.03677	0.02117	0.02786	0.01783	0.01003	0.01114	0.00334	0.01337	0.01003	0.00557	0.01783
8	0.02485	0.06573	0.07298	0.13056	0.09335	0.02201	0.02323	0.03393	0.07733	0.07457	0.07614	0.05256	0.03566	0.01607	0.01165	0.00365	0.01138	0.09455	0.00819	0.07160
9	0.01814	0.01296	0.01814	0.02073	0.02332	0.01296	0.01814	0.02332	0.02591	0.03368	0.05959	0.12696	0.06478	0.03109	0.01555	0.00518	0.01036	0.45848	0.01036	0.01036
10	0.01952	0.01583	0.02458	0.30421	0.04815	0.01873	0.02153	0.02567	0.02278	0.03215	0.08113	0.04095	0.03014	0.02841	0.12753	0.00659	0.01557	0.01166	0.11342	0.01145
11	0.01576	0.01137	0.01358	0.01303	0.01599	0.01030	0.00977	0.02039	0.02931	0.04082	0.36424	0.08616	0.21244	0.02345	0.01271	0.00351	0.00541	0.02023	0.08123	0.01030
12	0.02388	0.01417	0.01777	0.01612	0.02053	0.01315	0.01268	0.03047	0.06572	0.14720	0.27337	0.07942	0.15816	0.02222	0.01293	0.00374	0.00699	0.05663	0.01212	0.01274
13	0.20688	0.14488	0.11692	0.02618	0.08265	0.02940	0.02231	0.07412	0.06834	0.09532	0.02351	0.02497	0.01767	0.01131	0.00923	0.00329	0.01152	0.00829	0.00750	0.01570
14	0.68395	0.02177	0.01654	0.01480	0.02177	0.02525	0.01219	0.03309	0.01915	0.05050	0.01567	0.01828	0.01219	0.01045	0.00697	0.00348	0.00871	0.00609	0.00697	0.01219
15	0.02609	0.02220	0.03545	0.27529	0.10543	0.02364	0.07688	0.03565	0.07632	0.07819	0.02529	0.03081	0.01894	0.01115	0.01105	0.00338	0.01315	0.01027	0.00685	0.11396
16	0.02462	0.02462	0.03447	0.02955	0.02955	0.03447	0.02462	0.02709	0.01724	0.02709	0.01477	0.02462	0.01477	0.01970	0.03694	0.00492	0.58385	0.00985	0.00492	0.01231
17	0.03845	0.02979	0.13974	0.11404	0.04199	0.02316	0.02512	0.12347	0.03244	0.26859	0.03225	0.03189	0.02135	0.01273	0.01116	0.00353	0.01245	0.01026	0.01006	0.01753
18	0.68395	0.02177	0.01654	0.01480	0.02177	0.02525	0.01219	0.03309	0.01915	0.05050	0.01567	0.01828	0.01219	0.01045	0.00697	0.00348	0.00871	0.00609	0.00697	0.01219
