[name]
unknown

[dist]
# distance from previous block
# <min> <max>
0	196

[block]
# block no. 0 follows, 10 sequences, length 14
# corresponding to MSA columns:
# 217-230
name=unknown_A
#
# <colnr> <probs for GDERKNQSTAVLIFYWHMCP>
#	G	D	E	R	K	N	Q	S	T	A	V	L	I	F	Y	W	H	M	C	P
0	0.02302	0.01918	0.02302	0.01809	0.02685	0.01507	0.01480	0.02822	0.02466	0.03726	0.02905	0.04605	0.02741	0.01343	0.01014	0.00247	0.00904	0.09569	0.00767	0.52889
1	0.08738	0.02844	0.08340	0.03203	0.09858	0.02558	0.06684	0.09091	0.12510	0.18962	0.03431	0.03389	0.02416	0.01305	0.01147	0.00368	0.01214	0.01116	0.01016	0.01811
2	0.03009	0.09018	0.03480	0.08064	0.07289	0.02883	0.02211	0.08342	0.07288	0.08716	0.06676	0.03395	0.02748	0.01498	0.01708	0.00367	0.13781	0.01083	0.00822	0.07621
3	0.01571	0.01137	0.01463	0.01518	0.01672	0.01124	0.01057	0.01850	0.02289	0.03112	0.14663	0.21472	0.10772	0.16789	0.13307	0.00876	0.01242	0.02199	0.00943	0.00944
4	0.02736	0.20448	0.24401	0.02888	0.04055	0.09096	0.07273	0.03538	0.02532	0.03251	0.02374	0.07848	0.02126	0.01324	0.01060	0.00339	0.01548	0.01071	0.00573	0.01521
5	0.09876	0.09347	0.08341	0.12491	0.10423	0.02700	0.02507	0.08218	0.02934	0.18038	0.02781	0.02965	0.01968	0.01215	0.01066	0.00350	0.01259	0.00970	0.00866	0.01687
6	0.04321	0.02618	0.11601	0.02228	0.03207	0.01822	0.02107	0.04942	0.03169	0.38783	0.09118	0.04194	0.03491	0.01480	0.01180	0.00362	0.01073	0.01214	0.01253	0.01839
7	0.01831	0.01413	0.01667	0.01634	0.01929	0.01425	0.01187	0.02790	0.12370	0.03966	0.23814	0.18366	0.12116	0.08016	0.01796	0.00470	0.00711	0.02189	0.01143	0.01168
8	0.02401	0.13657	0.18686	0.17921	0.11190	0.02817	0.03119	0.03197	0.02402	0.03249	0.02511	0.09070	0.02268	0.01387	0.01106	0.00361	0.01422	0.01171	0.00579	0.01487
9	0.02902	0.03647	0.23073	0.03384	0.10230	0.02247	0.07253	0.03807	0.02833	0.13741	0.11371	0.03986	0.03521	0.01378	0.01197	0.00365	0.01343	0.01215	0.00843	0.01663
10	0.04237	0.01762	0.02385	0.01903	0.02631	0.01541	0.01541	0.04714	0.03319	0.39494	0.17403	0.05257	0.05102	0.01697	0.01225	0.00362	0.00869	0.01426	0.01396	0.01737
11	0.02279	0.01287	0.01669	0.01614	0.01957	0.01153	0.01192	0.02640	0.02807	0.13974	0.19028	0.27084	0.13265	0.02739	0.01373	0.00409	0.00696	0.02413	0.01211	0.01210
12	0.03469	0.02255	0.03778	0.23787	0.10978	0.02327	0.08488	0.04140	0.02790	0.21614	0.03054	0.03398	0.02105	0.01227	0.01191	0.00373	0.01376	0.01129	0.00875	0.01647
13	0.22011	0.13165	0.12982	0.13328	0.04272	0.03101	0.02501	0.09193	0.02664	0.04302	0.01954	0.02360	0.01495	0.01128	0.00947	0.00346	0.01301	0.00810	0.00653	0.01489

[dist]
# distance from previous block
# <min> <max>
2	22

[block]
# block no. 1 follows, 10 sequences, length 15
# corresponding to MSA columns:
# 283-297
name=unknown_B
#
# <colnr> <probs for GDERKNQSTAVLIFYWHMCP>
#	G	D	E	R	K	N	Q	S	T	A	V	L	I	F	Y	W	H	M	C	P
0	0.10952	0.18838	0.22573	0.09645	0.04248	0.03062	0.02883	0.03352	0.02297	0.03447	0.01994	0.02506	0.01593	0.01785	0.05911	0.00477	0.01593	0.00825	0.00538	0.01479
1	0.02705	0.02446	0.10476	0.24095	0.05036	0.02071	0.02577	0.03448	0.02780	0.13652	0.14245	0.04502	0.04044	0.01498	0.01205	0.00374	0.01224	0.01288	0.00883	0.01452
2	0.01914	0.01139	0.01526	0.01678	0.01854	0.01045	0.01162	0.02148	0.02371	0.09463	0.06172	0.51259	0.07063	0.03356	0.01443	0.00458	0.00716	0.03027	0.01127	0.01080
3	0.02514	0.02965	0.10937	0.26131	0.22013	0.02706	0.09288	0.03364	0.02505	0.03441	0.02147	0.02946	0.01666	0.01089	0.01179	0.00372	0.01570	0.01056	0.00542	0.01569
4	0.02923	0.03869	0.20297	0.03474	0.10196	0.03044	0.03074	0.12025	0.12144	0.04451	0.02657	0.02953	0.02026	0.01385	0.01557	0.00389	0.10009	0.01030	0.00761	0.01736
5	0.02718	0.01436	0.01887	0.01828	0.02271	0.01302	0.01468	0.03110	0.02776	0.18547	0.06759	0.19828	0.13931	0.02709	0.01402	0.00441	0.00871	0.14219	0.01189	0.01308
6	0.03920	0.02708	0.03026	0.02451	0.03220	0.02920	0.02006	0.34609	0.04646	0.10678	0.03679	0.10095	0.03143	0.01822	0.01241	0.00381	0.01166	0.05339	0.01171	0.01777
7	0.02645	0.02408	0.03643	0.32028	0.11255	0.02954	0.02982	0.08987	0.02660	0.03606	0.02059	0.02913	0.01635	0.01371	0.01742	0.00404	0.13627	0.01032	0.00608	0.01441
8	0.21519	0.02357	0.02617	0.13217	0.03816	0.02693	0.01964	0.16064	0.07293	0.05029	0.02958	0.10122	0.02582	0.01572	0.01080	0.00380	0.01114	0.01248	0.00893	0.01481
9	0.08463	0.01991	0.02577	0.12917	0.08026	0.02039	0.01900	0.07723	0.02610	0.03851	0.03081	0.13389	0.03041	0.07590	0.01608	0.00422	0.01088	0.01408	0.00774	0.15501
10	0.03131	0.02683	0.03629	0.03174	0.07792	0.03013	0.06245	0.18215	0.03399	0.04782	0.06747	0.03266	0.02624	0.01545	0.01927	0.00381	0.17154	0.01127	0.00834	0.08333
11	0.10209	0.08248	0.03289	0.22301	0.04820	0.02661	0.02262	0.09306	0.02818	0.08585	0.02303	0.02749	0.01725	0.01138	0.01015	0.00323	0.01231	0.00897	0.00742	0.13378
12	0.40492	0.08368	0.02550	0.01828	0.02582	0.02900	0.01533	0.13290	0.02922	0.05381	0.06476	0.02718	0.02344	0.01262	0.00882	0.00346	0.00988	0.00859	0.00848	0.01430
13	0.27127	0.12911	0.03379	0.08172	0.03479	0.02755	0.06489	0.03600	0.02468	0.10609	0.06652	0.03044	0.02486	0.01229	0.00961	0.00346	0.01127	0.00957	0.00789	0.01420
14	0.02694	0.12446	0.03191	0.02099	0.02684	0.02285	0.05738	0.08868	0.03084	0.08642	0.16754	0.12091	0.05404	0.06944	0.01626	0.00425	0.01013	0.01657	0.00995	0.01359

[dist]
# distance from previous block
# <min> <max>
24	141

[block]
# block no. 2 follows, 10 sequences, length 8
# corresponding to MSA columns:
# 454-461
name=unknown_C
#
# <colnr> <probs for GDERKNQSTAVLIFYWHMCP>
#	G	D	E	R	K	N	Q	S	T	A	V	L	I	F	Y	W	H	M	C	P
0	0.02630	0.02747	0.08252	0.18365	0.13211	0.02647	0.08290	0.07479	0.09980	0.04105	0.07757	0.03757	0.02948	0.01324	0.01206	0.00375	0.01363	0.01216	0.00769	0.01579
1	0.02613	0.02649	0.03346	0.41160	0.06686	0.10460	0.02898	0.03647	0.08727	0.03202	0.02378	0.03113	0.01806	0.01223	0.01148	0.00375	0.01550	0.01028	0.00617	0.01373
2	0.02006	0.01260	0.01603	0.01509	0.01853	0.01132	0.01133	0.02453	0.03047	0.10046	0.32899	0.15088	0.16458	0.02527	0.01362	0.00384	0.00626	0.02208	0.01239	0.01165
3	0.01524	0.01071	0.01387	0.01599	0.01673	0.01025	0.01082	0.01718	0.02159	0.02869	0.05793	0.42699	0.06843	0.15529	0.02451	0.00620	0.00814	0.07239	0.00998	0.00906
4	0.08579	0.03255	0.09874	0.03097	0.03920	0.10296	0.14080	0.03735	0.02580	0.09922	0.02535	0.03097	0.01969	0.02502	0.10477	0.00630	0.06206	0.01076	0.00701	0.01468
5	0.02333	0.06016	0.53100	0.03315	0.05034	0.02701	0.04297	0.03683	0.02455	0.03683	0.02087	0.02455	0.01473	0.01105	0.01105	0.00368	0.01719	0.00859	0.00491	0.01719
6	0.02248	0.01461	0.01772	0.01718	0.02091	0.01420	0.01274	0.03088	0.10758	0.10747	0.14549	0.25484	0.13472	0.02647	0.01351	0.00412	0.00727	0.02320	0.01184	0.01279
7	0.03257	0.02046	0.03065	0.17558	0.08606	0.02238	0.02335	0.03803	0.02752	0.20135	0.09909	0.04089	0.03376	0.01551	0.01595	0.00390	0.09576	0.01231	0.00944	0.01544

[dist]
# distance from previous block
# <min> <max>
3	19

[block]
# block no. 3 follows, 10 sequences, length 16
# corresponding to MSA columns:
# 481-496
name=unknown_D
#
# <colnr> <probs for GDERKNQSTAVLIFYWHMCP>
#	G	D	E	R	K	N	Q	S	T	A	V	L	I	F	Y	W	H	M	C	P
0	0.09077	0.02316	0.06229	0.01872	0.02805	0.01800	0.01622	0.03413	0.05794	0.08306	0.07939	0.03332	0.02919	0.01171	0.00972	0.00259	0.00912	0.00939	0.00842	0.37479
1	0.38992	0.02931	0.07977	0.02080	0.02954	0.02880	0.01879	0.14085	0.07615	0.05502	0.02255	0.02407	0.01679	0.01206	0.00912	0.00362	0.01082	0.00821	0.00844	0.01536
2	0.01723	0.01069	0.01356	0.01415	0.01430	0.01054	0.00873	0.01626	0.01760	0.02346	0.03807	0.17633	0.04371	0.31460	0.04558	0.19237	0.00995	0.01855	0.00731	0.00701
3	0.02932	0.02674	0.03457	0.09326	0.12587	0.06410	0.05401	0.10584	0.03058	0.04178	0.02525	0.03494	0.02139	0.01232	0.01105	0.00310	0.01289	0.04275	0.00743	0.22281
4	0.02293	0.01907	0.02293	0.01815	0.02680	0.01504	0.01487	0.02814	0.02470	0.03722	0.02967	0.04767	0.02816	0.01379	0.01025	0.00252	0.00907	0.10226	0.00773	0.51901
5	0.03337	0.02642	0.07629	0.18246	0.12183	0.02498	0.02691	0.11767	0.03249	0.15013	0.06602	0.03579	0.02692	0.01336	0.01174	0.00365	0.01289	0.01135	0.00903	0.01674
6	0.03785	0.03378	0.13624	0.02603	0.03628	0.02825	0.02453	0.19188	0.15063	0.15937	0.03507	0.03351	0.02449	0.01388	0.01157	0.00366	0.01222	0.01099	0.01086	0.01890
7	0.01763	0.01375	0.01993	0.13658	0.03208	0.01435	0.01677	0.02303	0.02815	0.03840	0.26481	0.16253	0.07736	0.02440	0.01379	0.00413	0.00866	0.08204	0.01049	0.01111
8	0.01793	0.01375	0.01690	0.01842	0.02062	0.01417	0.01336	0.02711	0.12736	0.03443	0.06013	0.41442	0.06670	0.03141	0.01432	0.00462	0.00773	0.07406	0.01101	0.01156
9	0.02424	0.24516	0.13409	0.14055	0.04197	0.03044	0.02488	0.03083	0.02505	0.03224	0.08386	0.03945	0.07548	0.01402	0.01039	0.00329	0.01258	0.01106	0.00646	0.01396
10	0.02469	0.01910	0.02310	0.02023	0.02251	0.02225	0.01509	0.12155	0.02561	0.03536	0.02958	0.05138	0.03013	0.28710	0.09841	0.00908	0.13225	0.01357	0.00755	0.01142
11	0.53211	0.14915	0.02674	0.01631	0.02411	0.03047	0.01420	0.03433	0.02064	0.04672	0.01619	0.01884	0.01311	0.01061	0.00726	0.00335	0.00975	0.00628	0.00671	0.01311
12	0.04978	0.02364	0.02937	0.02252	0.03161	0.02281	0.01860	0.18414	0.03973	0.39021	0.04048	0.03607	0.02608	0.01426	0.01168	0.00357	0.01077	0.01133	0.01356	0.01979
13	0.45784	0.03058	0.13213	0.08027	0.03504	0.02627	0.02147	0.03427	0.02123	0.04630	0.01772	0.02149	0.01339	0.01094	0.00854	0.00365	0.01152	0.00725	0.00647	0.01364
14	0.03630	0.02161	0.02611	0.01986	0.02871	0.01935	0.01611	0.12135	0.03383	0.20746	0.08553	0.03699	0.03191	0.01322	0.01077	0.00289	0.00947	0.01073	0.01092	0.25689
15	0.42247	0.02013	0.01847	0.01674	0.02299	0.02229	0.01362	0.03541	0.06061	0.08656	0.10122	0.04166	0.03489	0.01513	0.00961	0.00377	0.00867	0.04330	0.00926	0.01321

[dist]
# distance from previous block
# <min> <max>
0	124

[block]
# block no. 4 follows, 10 sequences, length 13
# corresponding to MSA columns:
# 640-652
name=unknown_E
#
# <colnr> <probs for GDERKNQSTAVLIFYWHMCP>
#	G	D	E	R	K	N	Q	S	T	A	V	L	I	F	Y	W	H	M	C	P
0	0.03167	0.01820	0.02297	0.01775	0.02576	0.01492	0.01420	0.03669	0.02938	0.20465	0.15081	0.04485	0.04400	0.01431	0.01091	0.00283	0.00827	0.01201	0.01088	0.28493
1	0.08298	0.01495	0.01878	0.01658	0.02091	0.01364	0.01225	0.02616	0.02123	0.10215	0.03016	0.11281	0.02848	0.02640	0.02451	0.26518	0.00915	0.01267	0.00785	0.15316
2	0.12251	0.02331	0.02624	0.02093	0.02788	0.02450	0.01701	0.14033	0.03141	0.04854	0.09347	0.03375	0.03052	0.01426	0.01436	0.00323	0.09381	0.01027	0.00871	0.21498
3	0.02275	0.02864	0.15209	0.14193	0.04199	0.02153	0.02517	0.09251	0.02906	0.03950	0.08244	0.15908	0.07615	0.01962	0.01253	0.00394	0.01201	0.01686	0.00837	0.01384
4	0.08915	0.01778	0.01994	0.01803	0.02252	0.01872	0.01388	0.09729	0.10112	0.04948	0.26751	0.12440	0.07156	0.02133	0.01260	0.00380	0.00764	0.01824	0.01167	0.01336
5	0.12130	0.02988	0.10134	0.08807	0.03646	0.07581	0.02236	0.11579	0.02911	0.04185	0.02909	0.11024	0.02675	0.02657	0.08900	0.00593	0.01583	0.01289	0.00773	0.01400
6	0.12031	0.01685	0.02292	0.10196	0.07897	0.01740	0.01689	0.02431	0.01950	0.03081	0.01991	0.02993	0.01775	0.02402	0.02589	0.30261	0.01089	0.00912	0.00573	0.10422
7	0.01945	0.01595	0.02260	0.02004	0.02435	0.01567	0.06027	0.02914	0.09883	0.04331	0.30851	0.08225	0.11744	0.02265	0.01373	0.00395	0.00813	0.06978	0.01154	0.01241
8	0.02764	0.02204	0.03705	0.20360	0.09853	0.02246	0.09951	0.03436	0.02532	0.10510	0.02620	0.03284	0.01997	0.02023	0.07559	0.00526	0.01607	0.01085	0.00707	0.11030
9	0.02881	0.02402	0.02991	0.10755	0.09536	0.02689	0.02213	0.13171	0.21249	0.04680	0.03894	0.11630	0.03346	0.01720	0.01217	0.00390	0.01104	0.01480	0.00994	0.01657
10	0.02041	0.01550	0.02038	0.09800	0.02920	0.01625	0.01571	0.08947	0.02993	0.04045	0.16314	0.29570	0.06738	0.02627	0.01361	0.00415	0.00864	0.02334	0.01059	0.01189
11	0.13403	0.02046	0.02466	0.01883	0.02798	0.01791	0.01541	0.04494	0.02849	0.30652	0.03377	0.03179	0.02286	0.01208	0.01009	0.00302	0.00937	0.00942	0.01103	0.21735
12	0.03158	0.02541	0.03107	0.15606	0.04394	0.02624	0.02167	0.20870	0.03607	0.04996	0.02356	0.02734	0.01782	0.01149	0.01056	0.00296	0.01198	0.00917	0.00835	0.24607

[dist]
# distance from previous block
# <min> <max>
1	8

[block]
# block no. 5 follows, 10 sequences, length 18
# corresponding to MSA columns:
# 661-678
name=unknown_F
#
# <colnr> <probs for GDERKNQSTAVLIFYWHMCP>
#	G	D	E	R	K	N	Q	S	T	A	V	L	I	F	Y	W	H	M	C	P
0	0.17254	0.02355	0.03168	0.20465	0.10939	0.02703	0.02482	0.08031	0.02682	0.10181	0.02319	0.02827	0.01731	0.01271	0.01322	0.00380	0.06670	0.00962	0.00749	0.01510
1	0.13761	0.02312	0.03210	0.25897	0.10832	0.02592	0.02568	0.09161	0.02863	0.12202	0.02515	0.02979	0.01810	0.01209	0.01090	0.00369	0.01297	0.00992	0.00790	0.01550
2	0.13282	0.02288	0.03076	0.23333	0.11139	0.02616	0.02470	0.08955	0.07406	0.04349	0.07405	0.03528	0.02755	0.01326	0.01112	0.00371	0.01224	0.01106	0.00781	0.01477
3	0.02040	0.01251	0.01602	0.01538	0.01694	0.01289	0.01041	0.02215	0.01913	0.07506	0.03586	0.06288	0.03678	0.37484	0.20666	0.01282	0.01736	0.01499	0.00754	0.00939
4	0.03018	0.53507	0.11614	0.02146	0.03226	0.04379	0.02261	0.03506	0.02374	0.02848	0.01672	0.01935	0.01490	0.01008	0.00788	0.00263	0.01300	0.00650	0.00497	0.01519
5	0.01499	0.01073	0.01434	0.01644	0.01765	0.01008	0.01160	0.01791	0.02446	0.03297	0.13757	0.45809	0.08135	0.03394	0.01478	0.00461	0.00692	0.07063	0.01112	0.00982
6	0.01646	0.01189	0.01555	0.01463	0.01738	0.01097	0.01097	0.02195	0.03292	0.04664	0.51257	0.08688	0.10974	0.02378	0.01372	0.00366	0.00549	0.02103	0.01280	0.01097
7	0.01837	0.01451	0.01691	0.01625	0.01980	0.01449	0.01216	0.02892	0.13204	0.04199	0.27766	0.14406	0.16862	0.02471	0.01345	0.00391	0.00654	0.02149	0.01195	0.01218
8	0.04610	0.02196	0.02694	0.02099	0.02924	0.02123	0.01723	0.16346	0.03772	0.34483	0.04015	0.03703	0.02657	0.01417	0.01121	0.00345	0.01007	0.01126	0.09777	0.01862
9	0.23622	0.02436	0.02417	0.01929	0.02731	0.02575	0.01573	0.19452	0.03391	0.05597	0.02404	0.02625	0.01826	0.01186	0.00921	0.00308	0.00986	0.00850	0.08942	0.14229
10	0.01661	0.01246	0.01869	0.01869	0.02077	0.01454	0.01454	0.02077	0.01869	0.02700	0.03115	0.04569	0.02908	0.08723	0.54517	0.01869	0.03115	0.01246	0.00623	0.01038
11	0.03617	0.02571	0.03597	0.02747	0.03577	0.02615	0.10787	0.22342	0.04107	0.13494	0.13606	0.04342	0.04053	0.01537	0.01251	0.00363	0.01206	0.01362	0.01122	0.01705
12	0.01417	0.01012	0.01350	0.01619	0.01687	0.00945	0.01080	0.01619	0.02227	0.02969	0.06410	0.58367	0.07692	0.03644	0.01484	0.00472	0.00675	0.03306	0.01080	0.00945
13	0.40442	0.09605	0.02323	0.01669	0.02317	0.02597	0.01377	0.03403	0.06646	0.04608	0.07418	0.07716	0.03059	0.01471	0.00900	0.00359	0.00891	0.01076	0.00823	0.01300
14	0.02277	0.12107	0.36817	0.02794	0.04114	0.02620	0.03366	0.03306	0.02498	0.03577	0.07058	0.08696	0.03001	0.01470	0.01122	0.00363	0.01440	0.01195	0.00626	0.01552
15	0.01930	0.01216	0.01495	0.01513	0.01823	0.01076	0.01100	0.02238	0.02644	0.09754	0.13521	0.29497	0.21884	0.02967	0.01393	0.00418	0.00672	0.02596	0.01152	0.01112
16	0.02918	0.07874	0.02921	0.08356	0.03424	0.02157	0.01835	0.03805	0.08790	0.11776	0.03297	0.04278	0.02728	0.01392	0.01071	0.00311	0.01036	0.06276	0.00886	0.24870
17	0.09837	0.12155	0.03168	0.02202	0.02919	0.08989	0.01801	0.10228	0.16912	0.07880	0.09083	0.03733	0.03410	0.01453	0.01069	0.00344	0.01115	0.01118	0.00982	0.01602

[dist]
# distance from previous block
# <min> <max>
5	32

[block]
# block no. 6 follows, 10 sequences, length 10
# corresponding to MSA columns:
# 713-722
name=unknown_G
#
# <colnr> <probs for GDERKNQSTAVLIFYWHMCP>
#	G	D	E	R	K	N	Q	S	T	A	V	L	I	F	Y	W	H	M	C	P
0	0.02403	0.21778	0.03762	0.17711	0.04109	0.02891	0.02094	0.03177	0.06954	0.03338	0.10471	0.09797	0.03898	0.01612	0.01090	0.00346	0.01129	0.01340	0.00757	0.01344
1	0.02257	0.01515	0.01845	0.01868	0.02189	0.01544	0.01353	0.03292	0.14744	0.09414	0.05755	0.37779	0.06037	0.02842	0.01368	0.00439	0.00776	0.02532	0.01150	0.01302
2	0.01971	0.01274	0.01583	0.01456	0.01830	0.01135	0.01109	0.02442	0.03129	0.09581	0.35809	0.08817	0.20609	0.02422	0.01350	0.00372	0.00608	0.02092	0.01246	0.01165
3	0.02721	0.02216	0.03585	0.27599	0.11539	0.02450	0.06738	0.03744	0.08232	0.09025	0.03126	0.04337	0.02516	0.01420	0.01228	0.00395	0.01379	0.05474	0.00770	0.01506
4	0.03138	0.09735	0.09642	0.03625	0.04711	0.03248	0.22899	0.13786	0.09104	0.04548	0.02638	0.03006	0.01976	0.01159	0.01208	0.00365	0.01579	0.01163	0.00770	0.01698
5	0.01417	0.01012	0.01350	0.01619	0.01687	0.00945	0.01080	0.01619	0.02227	0.02969	0.06410	0.58367	0.07692	0.03644	0.01484	0.00472	0.00675	0.03306	0.01080	0.00945
6	0.02020	0.01010	0.01515	0.01515	0.01515	0.01010	0.01010	0.01515	0.01515	0.02020	0.02020	0.03535	0.02020	0.04040	0.04545	0.66162	0.01010	0.01010	0.00505	0.00505
7	0.03495	0.30947	0.13738	0.02393	0.03496	0.03708	0.02429	0.13608	0.03176	0.09557	0.02298	0.02415	0.01753	0.01154	0.00952	0.00305	0.01310	0.00821	0.00750	0.01696
8	0.02422	0.02248	0.03768	0.30457	0.24400	0.02500	0.03194	0.03135	0.02495	0.03357	0.02621	0.04255	0.02301	0.01367	0.01213	0.00389	0.01425	0.06363	0.00608	0.01479
9	0.02145	0.01593	0.01816	0.01686	0.02083	0.01675	0.01286	0.03578	0.18161	0.04669	0.27497	0.06482	0.07106	0.01931	0.01208	0.00358	0.00668	0.01661	0.13063	0.01335

[dist]
# distance from previous block
# <min> <max>
0	2

[block]
# block no. 7 follows, 10 sequences, length 33
# corresponding to MSA columns:
# 725-757
name=unknown_H
#
# <colnr> <probs for GDERKNQSTAVLIFYWHMCP>
#	G	D	E	R	K	N	Q	S	T	A	V	L	I	F	Y	W	H	M	C	P
0	0.60507	0.02359	0.01903	0.01654	0.02397	0.02717	0.01363	0.08261	0.02358	0.05448	0.01747	0.01987	0.01338	0.01114	0.00768	0.00359	0.00941	0.00675	0.00768	0.01338
1	0.54228	0.14004	0.02605	0.01623	0.02399	0.03016	0.01409	0.03432	0.02058	0.04711	0.01619	0.01885	0.01307	0.01062	0.00725	0.00337	0.00970	0.00628	0.00674	0.01307
2	0.02298	0.01489	0.01822	0.01609	0.02043	0.01405	0.01246	0.07172	0.03411	0.10259	0.34296	0.07957	0.15883	0.02264	0.01328	0.00368	0.00681	0.01946	0.01253	0.01270
3	0.01417	0.01012	0.01350	0.01619	0.01687	0.00945	0.01080	0.01619	0.02227	0.02969	0.06410	0.58367	0.07692	0.03644	0.01484	0.00472	0.00675	0.03306	0.01080	0.00945
4	0.01621	0.01169	0.01532	0.01480	0.01732	0.01081	0.01095	0.02131	0.03175	0.04477	0.46306	0.14172	0.10612	0.02517	0.01384	0.00378	0.00563	0.02236	0.01258	0.01081
5	0.01412	0.01031	0.01331	0.01571	0.01674	0.00949	0.01058	0.01625	0.02274	0.02988	0.07004	0.53150	0.12526	0.03567	0.01472	0.00464	0.00665	0.03212	0.01080	0.00949
6	0.02184	0.01319	0.01663	0.01501	0.01907	0.01174	0.01152	0.02659	0.03156	0.12361	0.34689	0.08452	0.18588	0.02347	0.01339	0.00371	0.00631	0.02025	0.01263	0.01219
7	0.02333	0.06016	0.53100	0.03315	0.05034	0.02701	0.04297	0.03683	0.02455	0.03683	0.02087	0.02455	0.01473	0.01105	0.01105	0.00368	0.01719	0.00859	0.00491	0.01719
8	0.02680	0.02243	0.02551	0.01898	0.02877	0.01924	0.01520	0.08069	0.08237	0.04289	0.02454	0.02676	0.01962	0.01001	0.00931	0.00217	0.00912	0.00800	0.00797	0.51963
9	0.67341	0.02249	0.01709	0.01529	0.02249	0.02609	0.01260	0.03419	0.01979	0.05218	0.01619	0.01889	0.01260	0.01080	0.00720	0.00360	0.00900	0.00630	0.00720	0.01260
10	0.02893	0.02498	0.02630	0.02367	0.03024	0.02893	0.01841	0.06180	0.49770	0.04865	0.04734	0.04339	0.03550	0.01578	0.01183	0.00394	0.00920	0.01315	0.01183	0.01841
11	0.02412	0.02067	0.02412	0.01723	0.02756	0.01550	0.01378	0.02929	0.02412	0.03790	0.02067	0.02412	0.01723	0.00861	0.00861	0.00172	0.00861	0.00689	0.00689	0.66236
12	0.03546	0.02092	0.03261	0.28821	0.09755	0.02227	0.02612	0.04175	0.02782	0.24243	0.03153	0.03447	0.02143	0.01270	0.01165	0.00372	0.01296	0.01092	0.00916	0.01634
13	0.67341	0.02249	0.01709	0.01529	0.02249	0.02609	0.01260	0.03419	0.01979	0.05218	0.01619	0.01889	0.01260	0.01080	0.00720	0.00360	0.00900	0.00630	0.00720	0.01260
14	0.03586	0.02606	0.02811	0.02245	0.02891	0.02848	0.01750	0.33828	0.04313	0.05777	0.03059	0.04267	0.02666	0.19058	0.02619	0.00587	0.01233	0.01244	0.01023	0.01588
15	0.09878	0.08726	0.03241	0.08891	0.12604	0.02307	0.02115	0.03808	0.02654	0.18878	0.03508	0.12308	0.03013	0.01612	0.01123	0.00366	0.01094	0.01368	0.00929	0.01574
16	0.02625	0.07529	0.02589	0.02058	0.02380	0.02038	0.01618	0.02908	0.02375	0.13292	0.04495	0.29289	0.04735	0.02569	0.01843	0.00434	0.12868	0.02096	0.00973	0.01287
17	0.01467	0.01148	0.01329	0.01355	0.01646	0.01010	0.00989	0.01822	0.02765	0.03579	0.22936	0.19864	0.30123	0.02909	0.01396	0.00400	0.00594	0.02516	0.01142	0.01010
18	0.03195	0.02156	0.03610	0.33887	0.06234	0.02351	0.07582	0.03891	0.02683	0.18495	0.02881	0.03371	0.01986	0.01229	0.01188	0.00379	0.01421	0.01113	0.00811	0.01536
19	0.02734	0.02865	0.13079	0.27656	0.05609	0.02450	0.02875	0.08021	0.02721	0.08979	0.02612	0.03558	0.02038	0.07941	0.01705	0.00463	0.01444	0.01092	0.00704	0.01458
20	0.04823	0.01892	0.02572	0.02002	0.02833	0.01642	0.01642	0.05284	0.03325	0.47367	0.09749	0.04482	0.03774	0.01543	0.01192	0.00361	0.00941	0.01273	0.01422	0.01882
21	0.02196	0.02067	0.03488	0.56331	0.08010	0.02584	0.03230	0.02972	0.02326	0.02972	0.02067	0.03101	0.01550	0.01163	0.01163	0.00388	0.01550	0.01034	0.00517	0.01292
22	0.03765	0.03178	0.13330	0.02768	0.03813	0.02524	0.07395	0.10086	0.13510	0.21711	0.03663	0.03515	0.02517	0.01347	0.01181	0.00371	0.01262	0.01148	0.01067	0.01851
23	0.01920	0.01776	0.03208	0.02721	0.03220	0.01663	0.16310	0.02441	0.02520	0.03320	0.05675	0.27380	0.10679	0.02626	0.01456	0.00448	0.01149	0.09397	0.00919	0.01173
24	0.01483	0.01117	0.01372	0.01445	0.01672	0.01006	0.01032	0.01827	0.02703	0.03588	0.23011	0.28625	0.20836	0.03025	0.01416	0.00414	0.00609	0.02666	0.01147	0.01006
25	0.01417	0.01012	0.01350	0.01619	0.01687	0.00945	0.01080	0.01619	0.02227	0.02969	0.06410	0.58367	0.07692	0.03644	0.01484	0.00472	0.00675	0.03306	0.01080	0.00945
26	0.09612	0.24117	0.20715	0.02405	0.03596	0.03168	0.02633	0.03997	0.02557	0.13659	0.02391	0.02500	0.01751	0.01132	0.00952	0.00323	0.01316	0.00816	0.00713	0.01646
27	0.02895	0.01933	0.02533	0.07454	0.03113	0.02131	0.01829	0.08207	0.08041	0.13380	0.11643	0.10025	0.04416	0.02679	0.07443	0.00562	0.07705	0.01524	0.01030	0.01457
28	0.03448	0.04456	0.33626	0.02834	0.04236	0.02318	0.03297	0.04450	0.02793	0.22613	0.03054	0.03036	0.02016	0.01234	0.01130	0.00365	0.01437	0.00979	0.00858	0.01819
29	0.09887	0.02676	0.08646	0.18013	0.08580	0.02441	0.02586	0.08765	0.02986	0.19745	0.02921	0.03135	0.02008	0.01251	0.01114	0.00366	0.01283	0.01020	0.00903	0.01674
30	0.02450	0.08735	0.03920	0.34097	0.06187	0.06867	0.07941	0.03104	0.02446	0.03023	0.02501	0.08891	0.02232	0.01395	0.01167	0.00375	0.01513	0.01251	0.00591	0.01313
31	0.09854	0.12596	0.09129	0.14377	0.12901	0.08574	0.02667	0.03372	0.02420	0.03361	0.02058	0.02710	0.01704	0.01979	0.07223	0.00514	0.01658	0.00895	0.00565	0.01444
32	0.09589	0.02531	0.08632	0.13574	0.04402	0.02257	0.07288	0.03955	0.06476	0.14871	0.03527	0.04881	0.02859	0.01568	0.01212	0.00402	0.01289	0.08261	0.00898	0.01529

[dist]
# distance from previous block
# <min> <max>
0	59

[block]
# block no. 8 follows, 10 sequences, length 24
# corresponding to MSA columns:
# 817-840
name=unknown_I
#
# <colnr> <probs for GDERKNQSTAVLIFYWHMCP>
#	G	D	E	R	K	N	Q	S	T	A	V	L	I	F	Y	W	H	M	C	P
0	0.03945	0.03779	0.23416	0.02649	0.03888	0.02334	0.02826	0.09744	0.03219	0.27389	0.03357	0.03209	0.02200	0.01298	0.01142	0.00362	0.01322	0.01029	0.01019	0.01873
1	0.10219	0.08554	0.02793	0.07272	0.03185	0.02224	0.01723	0.06741	0.02725	0.08204	0.03598	0.04526	0.06912	0.01479	0.01043	0.00315	0.01020	0.05748	0.00836	0.20881
2	0.08999	0.03253	0.08445	0.03840	0.17530	0.08045	0.02626	0.12885	0.03352	0.15677	0.02759	0.02906	0.01987	0.01226	0.01108	0.00348	0.01341	0.00989	0.00894	0.01790
3	0.22004	0.09362	0.12529	0.02128	0.02999	0.02557	0.02055	0.08039	0.02673	0.09710	0.03024	0.12488	0.02740	0.01609	0.01032	0.00368	0.01109	0.01259	0.00840	0.01474
4	0.02993	0.14697	0.09267	0.08124	0.09359	0.02958	0.07675	0.07398	0.07597	0.08221	0.07681	0.03512	0.02917	0.01298	0.01118	0.00346	0.01295	0.01122	0.00803	0.01620
5	0.17031	0.08531	0.03370	0.02720	0.08164	0.03051	0.02039	0.21590	0.03736	0.14856	0.02720	0.02750	0.01943	0.01262	0.01031	0.00343	0.01153	0.00942	0.00998	0.01769
6	0.02520	0.01750	0.02143	0.08006	0.02846	0.01785	0.01524	0.11193	0.03284	0.08844	0.18282	0.06882	0.15156	0.08509	0.01805	0.00457	0.00919	0.01718	0.01077	0.01301
7	0.26907	0.21061	0.08305	0.08325	0.03549	0.08634	0.02106	0.03540	0.02322	0.03786	0.01733	0.02097	0.01411	0.01077	0.00850	0.00323	0.01285	0.00708	0.00592	0.01389
8	0.05218	0.01979	0.02699	0.02069	0.02969	0.01709	0.01709	0.05668	0.03329	0.52677	0.04588	0.03959	0.02879	0.01439	0.01170	0.00360	0.00990	0.01170	0.01439	0.01979
9	0.02371	0.02290	0.03230	0.02821	0.02862	0.03148	0.02330	0.02657	0.01798	0.02780	0.01839	0.02942	0.01798	0.03349	0.13774	0.00776	0.46416	0.01063	0.00531	0.01226
10	0.01615	0.01188	0.01512	0.01431	0.01719	0.01084	0.01073	0.02135	0.03220	0.04492	0.46787	0.08971	0.15552	0.02442	0.01372	0.00369	0.00553	0.02143	0.01258	0.01084
11	0.01590	0.01167	0.01489	0.01450	0.01713	0.01067	0.01072	0.02070	0.03098	0.04299	0.41703	0.14703	0.15075	0.02587	0.01385	0.00381	0.00568	0.02281	0.01235	0.01067
12	0.05218	0.01979	0.02699	0.02069	0.02969	0.01709	0.01709	0.05668	0.03329	0.52677	0.04588	0.03959	0.02879	0.01439	0.01170	0.00360	0.00990	0.01170	0.01439	0.01979
13	0.02412	0.02067	0.02412	0.01723	0.02756	0.01550	0.01378	0.02929	0.02412	0.03790	0.02067	0.02412	0.01723	0.00861	0.00861	0.00172	0.00861	0.00689	0.00689	0.66236
14	0.02168	0.01084	0.01084	0.01084	0.01355	0.01084	0.00813	0.02710	0.02439	0.04336	0.03794	0.04336	0.02981	0.01355	0.00813	0.00271	0.00542	0.01084	0.65583	0.01084
15	0.02894	0.02607	0.04728	0.03393	0.04485	0.02282	0.25161	0.03641	0.02684	0.09175	0.02493	0.02956	0.01872	0.00987	0.01158	0.00306	0.01440	0.01093	0.00720	0.25926
16	0.02545	0.02545	0.03562	0.03053	0.03053	0.03562	0.02545	0.02799	0.01781	0.02799	0.01527	0.02545	0.01527	0.02036	0.03817	0.00509	0.56997	0.01018	0.00509	0.01272
17	0.03109	0.59826	0.06095	0.01990	0.02985	0.04602	0.01990	0.03483	0.02363	0.02736	0.01617	0.01866	0.01493	0.00995	0.00746	0.00249	0.01244	0.00622	0.00498	0.01493
18	0.40773	0.02391	0.02825	0.08735	0.18280	0.02655	0.02175	0.03421	0.02222	0.04553	0.01841	0.02318	0.01470	0.01074	0.00898	0.00358	0.01115	0.00797	0.00655	0.01444
19	0.03645	0.01985	0.02927	0.08963	0.13214	0.01884	0.02111	0.04177	0.03012	0.27179	0.09774	0.04851	0.07944	0.01573	0.01207	0.00364	0.01044	0.01352	0.01110	0.01683
20	0.02168	0.01084	0.01084	0.01084	0.01355	0.01084	0.00813	0.02710	0.02439	0.04336	0.03794	0.04336	0.02981	0.01355	0.00813	0.00271	0.00542	0.01084	0.65583	0.01084
21	0.02412	0.02067	0.02412	0.01723	0.02756	0.01550	0.01378	0.02929	0.02412	0.03790	0.02067	0.02412	0.01723	0.00861	0.00861	0.00172	0.00861	0.00689	0.00689	0.66236
22	0.01715	0.01226	0.01686	0.01917	0.02126	0.01197	0.01559	0.02153	0.02606	0.03450	0.10839	0.26101	0.07427	0.03255	0.01546	0.00499	0.00900	0.27665	0.01095	0.01036
23	0.02833	0.15840	0.19645	0.03708	0.13438	0.03087	0.07186	0.08041	0.02732	0.03743	0.02099	0.02605	0.01677	0.01343	0.01368	0.06072	0.01467	0.00924	0.00589	0.01602

[dist]
# distance from previous block
# <min> <max>
2	9

[block]
# block no. 9 follows, 10 sequences, length 20
# corresponding to MSA columns:
# 854-865,867-874
name=unknown_J
#
# <colnr> <probs for GDERKNQSTAVLIFYWHMCP>
#	G	D	E	R	K	N	Q	S	T	A	V	L	I	F	Y	W	H	M	C	P
0	0.03483	0.08270	0.03877	0.15705	0.04702	0.03023	0.06466	0.20416	0.03662	0.09399	0.02560	0.02881	0.01867	0.01216	0.01114	0.00337	0.01338	0.01009	0.00869	0.07806
1	0.02785	0.02341	0.02681	0.02441	0.02959	0.02733	0.01975	0.08926	0.29709	0.04545	0.04416	0.05737	0.03772	0.01953	0.01614	0.00434	0.08372	0.09914	0.01070	0.01623
2	0.02020	0.01010	0.01515	0.01515	0.01515	0.01010	0.01010	0.01515	0.01515	0.02020	0.02020	0.03535	0.02020	0.04040	0.04545	0.66162	0.01010	0.01010	0.00505	0.00505
3	0.02168	0.01084	0.01084	0.01084	0.01355	0.01084	0.00813	0.02710	0.02439	0.04336	0.03794	0.04336	0.02981	0.01355	0.00813	0.00271	0.00542	0.01084	0.65583	0.01084
4	0.02812	0.02646	0.03552	0.03000	0.03132	0.03569	0.02497	0.09239	0.02307	0.03445	0.01707	0.02580	0.01591	0.01945	0.03439	0.00486	0.49058	0.01022	0.00602	0.01373
5	0.01691	0.01128	0.01268	0.01268	0.01268	0.01128	0.00705	0.01691	0.01691	0.02255	0.03665	0.07611	0.04228	0.59126	0.05920	0.01128	0.01128	0.01691	0.00705	0.00705
6	0.03261	0.03060	0.10012	0.02377	0.03314	0.02657	0.02157	0.25428	0.04112	0.05709	0.11689	0.03789	0.03556	0.01449	0.01143	0.00325	0.01134	0.01158	0.01009	0.12658
7	0.02637	0.02946	0.06342	0.04565	0.05653	0.02760	0.43084	0.03575	0.02799	0.03817	0.07146	0.03681	0.02667	0.01117	0.01372	0.00390	0.01822	0.01444	0.00656	0.01522
8	0.02589	0.02285	0.03366	0.41574	0.06720	0.02763	0.02898	0.09359	0.09500	0.03815	0.02543	0.03237	0.01892	0.01253	0.01166	0.00383	0.01425	0.01075	0.00697	0.01461
9	0.02053	0.01631	0.02290	0.02031	0.02385	0.01630	0.06357	0.06294	0.06795	0.03882	0.16518	0.20624	0.06390	0.13098	0.02225	0.00542	0.00942	0.02118	0.01022	0.01171
10	0.02354	0.02703	0.09061	0.04147	0.12252	0.02300	0.21933	0.03105	0.02579	0.03541	0.03545	0.16462	0.03516	0.01795	0.01357	0.00413	0.01475	0.05289	0.00730	0.01444
11	0.02094	0.01928	0.03207	0.49124	0.07177	0.02368	0.02947	0.02793	0.02313	0.02971	0.02639	0.10381	0.02359	0.01490	0.01205	0.00399	0.01435	0.01333	0.00591	0.01246
12	0.08997	0.02437	0.02605	0.02092	0.02947	0.02470	0.01671	0.11750	0.19537	0.04901	0.03085	0.03105	0.02365	0.01224	0.01012	0.00298	0.00957	0.00964	0.00946	0.26636
13	0.03613	0.11488	0.16204	0.02672	0.03831	0.02682	0.06766	0.09133	0.03071	0.19092	0.02894	0.02933	0.02017	0.01190	0.01083	0.00330	0.01320	0.00975	0.00887	0.07819
14	0.01775	0.01286	0.01610	0.01681	0.01834	0.01345	0.01200	0.02272	0.06382	0.02906	0.04599	0.17260	0.05002	0.25634	0.12169	0.00965	0.01351	0.08894	0.00866	0.00971
15	0.02135	0.01956	0.03142	0.02730	0.03115	0.02151	0.10483	0.02656	0.02509	0.03415	0.08735	0.07930	0.09781	0.02389	0.02084	0.00471	0.15509	0.16743	0.00855	0.01209
16	0.02330	0.02327	0.04308	0.43832	0.07541	0.02671	0.14025	0.03155	0.02428	0.03155	0.02137	0.03110	0.01602	0.01118	0.01214	0.00389	0.01650	0.01116	0.00534	0.01359
17	0.03361	0.03428	0.12078	0.10055	0.04540	0.09854	0.10024	0.08850	0.03085	0.13038	0.03032	0.08036	0.02425	0.01433	0.01202	0.00371	0.01509	0.01255	0.00833	0.01592
18	0.03064	0.01692	0.02210	0.02075	0.02601	0.01652	0.01730	0.03965	0.09664	0.19548	0.10473	0.08444	0.05502	0.02320	0.01380	0.00440	0.00965	0.19571	0.01228	0.01474
19	0.02586	0.01851	0.02868	0.03777	0.19979	0.01794	0.02242	0.03075	0.02638	0.10466	0.04583	0.20379	0.04685	0.02298	0.01349	0.00425	0.01063	0.11549	0.00949	0.01442

[dist]
# distance from previous block
# <min> <max>
2	14

[block]
# block no. 10 follows, 10 sequences, length 33
# corresponding to MSA columns:
# 889-901,912-931
name=unknown_K
#
# <colnr> <probs for GDERKNQSTAVLIFYWHMCP>
#	G	D	E	R	K	N	Q	S	T	A	V	L	I	F	Y	W	H	M	C	P
0	0.22189	0.01887	0.02123	0.01763	0.02476	0.01812	0.01414	0.03940	0.02730	0.23407	0.09006	0.08769	0.03662	0.01584	0.01058	0.00350	0.00869	0.01266	0.01097	0.08598
1	0.02302	0.02106	0.03317	0.30366	0.15173	0.02258	0.02725	0.02954	0.02398	0.03300	0.02507	0.08205	0.02231	0.01315	0.01131	0.00344	0.01296	0.01183	0.00617	0.14273
2	0.03266	0.09561	0.09027	0.02728	0.03670	0.08026	0.06392	0.13906	0.17084	0.04642	0.02959	0.03041	0.02245	0.01270	0.01099	0.00337	0.01320	0.01029	0.00876	0.07522
3	0.01850	0.01487	0.02188	0.02424	0.07409	0.01668	0.01635	0.02229	0.02102	0.03001	0.07880	0.10656	0.04080	0.11097	0.28536	0.01213	0.07159	0.01549	0.00727	0.01110
4	0.03031	0.03004	0.06382	0.04575	0.05720	0.02799	0.42345	0.03950	0.02812	0.09376	0.02611	0.03232	0.01893	0.01033	0.01349	0.00388	0.01849	0.01349	0.00686	0.01616
5	0.03242	0.54012	0.05795	0.02098	0.03050	0.09942	0.02018	0.03607	0.02463	0.02748	0.01636	0.01890	0.01493	0.01017	0.00779	0.00254	0.01335	0.00636	0.00508	0.01477
6	0.02333	0.06016	0.53100	0.03315	0.05034	0.02701	0.04297	0.03683	0.02455	0.03683	0.02087	0.02455	0.01473	0.01105	0.01105	0.00368	0.01719	0.00859	0.00491	0.01719
7	0.02386	0.02130	0.03368	0.36059	0.14790	0.02485	0.02893	0.03369	0.07075	0.03457	0.02539	0.03316	0.01956	0.01202	0.01125	0.00368	0.01348	0.01067	0.07644	0.01424
8	0.01691	0.01128	0.01268	0.01268	0.01268	0.01128	0.00705	0.01691	0.01691	0.02255	0.03665	0.07611	0.04228	0.59126	0.05920	0.01128	0.01128	0.01691	0.00705	0.00705
9	0.04343	0.03036	0.03311	0.02576	0.03474	0.03322	0.02116	0.38834	0.10035	0.12021	0.03199	0.03087	0.02247	0.01421	0.01166	0.00355	0.01209	0.01090	0.01196	0.01963
10	0.01661	0.01246	0.01869	0.01869	0.02077	0.01454	0.01454	0.02077	0.01869	0.02700	0.03115	0.04569	0.02908	0.08723	0.54517	0.01869	0.03115	0.01246	0.00623	0.01038
11	0.01621	0.01170	0.01532	0.01480	0.01732	0.01081	0.01095	0.02132	0.03177	0.04480	0.46397	0.14071	0.10618	0.02515	0.01384	0.00377	0.00562	0.02234	0.01259	0.01081
12	0.02722	0.01437	0.01841	0.01597	0.02093	0.01268	0.01248	0.03187	0.03174	0.19551	0.28484	0.07699	0.16608	0.02196	0.01308	0.00369	0.00696	0.01879	0.01290	0.01353
13	0.01412	0.01132	0.01262	0.01330	0.01619	0.00982	0.00959	0.01704	0.02590	0.03234	0.13910	0.24355	0.35249	0.03091	0.01406	0.00413	0.00610	0.02664	0.01098	0.00982
14	0.02574	0.02042	0.03434	0.39304	0.06514	0.02348	0.06859	0.03305	0.02487	0.08633	0.02568	0.03340	0.01880	0.01199	0.01142	0.00372	0.01410	0.01085	0.08135	0.01369
15	0.02462	0.02338	0.03968	0.37177	0.25088	0.02654	0.03362	0.03204	0.02451	0.03294	0.02114	0.03014	0.01664	0.01114	0.01158	0.00371	0.01485	0.01035	0.00540	0.01506
16	0.29020	0.01928	0.02020	0.08043	0.02945	0.02141	0.01630	0.06956	0.02563	0.04411	0.04130	0.10325	0.08305	0.01940	0.01113	0.00408	0.00987	0.09025	0.00873	0.01237
17	0.02978	0.02414	0.02822	0.06898	0.03475	0.02242	0.01787	0.16056	0.03294	0.04747	0.02278	0.02584	0.01782	0.01044	0.00976	0.00243	0.01045	0.00824	0.00812	0.41698
18	0.02196	0.02067	0.03488	0.56331	0.08010	0.02584	0.03230	0.02972	0.02326	0.02972	0.02067	0.03101	0.01550	0.01163	0.01163	0.00388	0.01550	0.01034	0.00517	0.01292
19	0.02950	0.07951	0.08513	0.02531	0.07615	0.02264	0.02053	0.07414	0.02793	0.08524	0.02337	0.02586	0.01816	0.01017	0.00959	0.00249	0.01085	0.00810	0.00752	0.35781
20	0.03603	0.03523	0.08868	0.08086	0.04452	0.13217	0.11548	0.08214	0.03047	0.13443	0.02578	0.02919	0.01876	0.01305	0.01484	0.00374	0.08024	0.01053	0.00788	0.01599
21	0.11480	0.02053	0.02944	0.08090	0.03576	0.01974	0.06256	0.04544	0.02850	0.32163	0.03664	0.03895	0.02567	0.06840	0.01591	0.00439	0.01149	0.01162	0.01102	0.01659
22	0.02142	0.02314	0.07521	0.28878	0.05381	0.02289	0.02614	0.02817	0.02413	0.03295	0.07750	0.04193	0.07055	0.01501	0.01453	0.00373	0.07362	0.01212	0.00660	0.08778
23	0.02790	0.02704	0.12489	0.07018	0.03541	0.01956	0.02179	0.03793	0.07939	0.12992	0.12862	0.04258	0.03958	0.01431	0.01133	0.00329	0.01060	0.01199	0.00947	0.15424
24	0.03035	0.13774	0.18627	0.02673	0.03804	0.02586	0.07738	0.03785	0.02624	0.13457	0.02937	0.07857	0.02395	0.01345	0.01092	0.00336	0.01322	0.01144	0.00773	0.08696
25	0.03268	0.01931	0.02731	0.02160	0.02902	0.01756	0.06502	0.04093	0.08061	0.21886	0.14416	0.05402	0.09011	0.01676	0.01219	0.00350	0.00944	0.01468	0.01165	0.09059
26	0.03653	0.03047	0.12487	0.03135	0.08145	0.02396	0.07398	0.12434	0.03329	0.20104	0.03528	0.09105	0.02753	0.01520	0.01211	0.00374	0.01285	0.01329	0.01005	0.01764
27	0.02581	0.02497	0.03515	0.23857	0.10327	0.07155	0.07458	0.07174	0.02916	0.03718	0.08125	0.04446	0.08323	0.01480	0.01219	0.00370	0.01393	0.01316	0.00738	0.01394
28	0.03573	0.14414	0.03805	0.13321	0.08499	0.02760	0.02255	0.08352	0.02974	0.17961	0.02787	0.02963	0.02012	0.01186	0.01043	0.00319	0.01205	0.00950	0.00869	0.08753
29	0.03246	0.01695	0.02292	0.07243	0.02959	0.01679	0.01622	0.03918	0.06956	0.23418	0.08578	0.10705	0.04208	0.08058	0.07459	0.00616	0.01207	0.01547	0.01113	0.01481
30	0.02712	0.07325	0.03149	0.07676	0.08427	0.01990	0.05936	0.03193	0.02677	0.13228	0.09273	0.20643	0.04769	0.02064	0.01263	0.00388	0.01050	0.01864	0.00968	0.01405
31	0.02970	0.08220	0.12084	0.07092	0.03542	0.02257	0.02182	0.07833	0.02944	0.13528	0.04763	0.04730	0.12949	0.01578	0.01128	0.00339	0.01125	0.01269	0.00902	0.08563
32	0.16433	0.01938	0.02099	0.01720	0.02454	0.01851	0.01389	0.07903	0.02960	0.18449	0.05601	0.05342	0.16416	0.01732	0.01101	0.00347	0.00869	0.01365	0.01074	0.08959

[dist]
# distance from previous block
# <min> <max>
15	475

[block]
# block no. 11 follows, 10 sequences, length 35
# corresponding to MSA columns:
# 1454-1488
name=unknown_L
#
# <colnr> <probs for GDERKNQSTAVLIFYWHMCP>
#	G	D	E	R	K	N	Q	S	T	A	V	L	I	F	Y	W	H	M	C	P
0	0.09398	0.19704	0.03469	0.01980	0.02773	0.02843	0.01687	0.04237	0.12605	0.13133	0.03356	0.08286	0.02794	0.01454	0.01000	0.00326	0.01001	0.01140	0.00920	0.07894
1	0.02763	0.09854	0.27641	0.03265	0.09202	0.02902	0.03221	0.08715	0.07865	0.04141	0.02411	0.02677	0.01816	0.01146	0.01066	0.00336	0.01420	0.00908	0.00668	0.07981
2	0.03163	0.02658	0.07585	0.02231	0.03074	0.02335	0.01940	0.17311	0.08072	0.09746	0.08622	0.09012	0.03663	0.01613	0.01156	0.00336	0.01041	0.01334	0.01040	0.14068
3	0.09885	0.07613	0.02974	0.02919	0.12392	0.02275	0.01895	0.03717	0.07647	0.13003	0.03453	0.09007	0.03032	0.07829	0.06820	0.00584	0.01269	0.01311	0.00882	0.01496
4	0.03455	0.02365	0.07506	0.02375	0.03004	0.02166	0.02092	0.04212	0.07231	0.23338	0.04112	0.09882	0.03431	0.01947	0.01761	0.00423	0.11989	0.06043	0.01066	0.01602
5	0.08408	0.08186	0.12694	0.13219	0.03966	0.02450	0.02416	0.02890	0.02436	0.03609	0.11827	0.09673	0.03965	0.01722	0.01435	0.00386	0.07298	0.01368	0.00735	0.01315
6	0.03196	0.03493	0.18460	0.02940	0.03949	0.02587	0.07574	0.08484	0.07526	0.13945	0.03285	0.04083	0.02548	0.01527	0.01470	0.00399	0.06752	0.05210	0.00884	0.01687
7	0.02599	0.01337	0.01794	0.01722	0.02080	0.01204	0.01271	0.02945	0.02771	0.18157	0.14917	0.32091	0.06917	0.02730	0.01368	0.00417	0.00743	0.02425	0.01228	0.01285
8	0.05218	0.01979	0.02699	0.02069	0.02969	0.01709	0.01709	0.05668	0.03329	0.52677	0.04588	0.03959	0.02879	0.01439	0.01170	0.00360	0.00990	0.01170	0.01439	0.01979
9	0.01967	0.02133	0.08153	0.18060	0.04400	0.01878	0.06676	0.02641	0.02598	0.03523	0.13490	0.15900	0.05231	0.02084	0.01329	0.00413	0.01183	0.06261	0.00845	0.01234
10	0.04046	0.08518	0.12954	0.08323	0.03986	0.02461	0.02453	0.08847	0.03161	0.28508	0.03365	0.03258	0.02239	0.01297	0.01115	0.00353	0.01245	0.01030	0.01036	0.01806
11	0.04497	0.03136	0.03415	0.02618	0.03546	0.03426	0.02163	0.43961	0.05264	0.11650	0.02963	0.02903	0.02064	0.01400	0.01164	0.00350	0.01252	0.01059	0.01190	0.01978
12	0.03893	0.02584	0.03308	0.02595	0.03390	0.02678	0.06738	0.25541	0.04093	0.15476	0.03531	0.04549	0.02822	0.07219	0.01698	0.00451	0.01256	0.05351	0.01106	0.01721
13	0.08577	0.02404	0.07623	0.02334	0.03021	0.02178	0.06243	0.07502	0.07677	0.03898	0.02886	0.03831	0.02480	0.08995	0.17566	0.00873	0.01805	0.01134	0.00745	0.08230
14	0.14989	0.07778	0.02804	0.13199	0.03681	0.02612	0.01907	0.07821	0.11846	0.04345	0.08255	0.09409	0.03578	0.01626	0.01097	0.00373	0.01047	0.01327	0.00886	0.01420
15	0.02020	0.01010	0.01515	0.01515	0.01515	0.01010	0.01010	0.01515	0.01515	0.02020	0.02020	0.03535	0.02020	0.04040	0.04545	0.66162	0.01010	0.01010	0.00505	0.00505
16	0.35225	0.02630	0.02494	0.02006	0.02844	0.02889	0.01650	0.21063	0.03412	0.05900	0.02134	0.02305	0.01596	0.01181	0.00911	0.00335	0.01046	0.00802	0.00893	0.08684
17	0.02196	0.02067	0.03488	0.56331	0.08010	0.02584	0.03230	0.02972	0.02326	0.02972	0.02067	0.03101	0.01550	0.01163	0.01163	0.00388	0.01550	0.01034	0.00517	0.01292
18	0.01596	0.01148	0.01521	0.01577	0.01786	0.01073	0.01167	0.02035	0.02900	0.04020	0.32882	0.24662	0.09535	0.02854	0.01430	0.00415	0.00638	0.06515	0.01197	0.01047
19	0.01524	0.01158	0.01440	0.01455	0.01717	0.01073	0.01071	0.01917	0.02743	0.03677	0.25784	0.18602	0.21211	0.03486	0.07234	0.00559	0.00867	0.02345	0.01111	0.01028
20	0.02196	0.02067	0.03488	0.56331	0.08010	0.02584	0.03230	0.02972	0.02326	0.02972	0.02067	0.03101	0.01550	0.01163	0.01163	0.00388	0.01550	0.01034	0.00517	0.01292
21	0.02864	0.02460	0.03180	0.02358	0.03284	0.02299	0.06214	0.12118	0.03002	0.04404	0.02190	0.02573	0.01759	0.01095	0.01260	0.00262	0.06512	0.00861	0.00758	0.40547
