[name]
unknown

[dist]
# distance from previous block
# <min> <max>
0	102

[block]
# block no. 0 follows, 13 sequences, length 34
# corresponding to MSA columns:
# 118-151
name=unknown_A
#
# <colnr> <probs for GDERKNQSTAVLIFYWHMCP>
#	G	D	E	R	K	N	Q	S	T	A	V	L	I	F	Y	W	H	M	C	P
0	0.07614	0.01132	0.01391	0.01477	0.01676	0.01114	0.01099	0.01912	0.02335	0.03387	0.20679	0.26366	0.06969	0.07763	0.01619	0.00451	0.00694	0.10412	0.00978	0.00929
1	0.09055	0.01818	0.02160	0.01660	0.02436	0.01584	0.01340	0.06107	0.02674	0.20064	0.10081	0.03391	0.03033	0.01179	0.00936	0.00257	0.00803	0.00951	0.00934	0.29537
2	0.02101	0.01782	0.02095	0.01557	0.02407	0.01354	0.01225	0.02542	0.02175	0.03370	0.02278	0.08252	0.02115	0.01039	0.00840	0.00184	0.00766	0.00867	0.00662	0.62388
3	0.02494	0.01649	0.02647	0.16083	0.03678	0.01661	0.08255	0.03074	0.02644	0.15070	0.19341	0.04688	0.04497	0.01452	0.01110	0.00331	0.00972	0.01314	0.07772	0.01267
4	0.01852	0.01098	0.01544	0.01519	0.01617	0.01171	0.01075	0.01907	0.06793	0.02220	0.02283	0.03474	0.02137	0.04291	0.14637	0.48881	0.01290	0.00989	0.00543	0.00678
5	0.01501	0.01075	0.01387	0.01312	0.01536	0.01000	0.00962	0.01949	0.02846	0.04019	0.50397	0.07799	0.09357	0.08294	0.01665	0.00403	0.00552	0.01874	0.01111	0.00962
6	0.02269	0.20486	0.20723	0.02757	0.03757	0.02724	0.14530	0.02985	0.02237	0.03003	0.02508	0.12490	0.02376	0.01344	0.01030	0.00325	0.01331	0.01214	0.00561	0.01351
7	0.01918	0.01725	0.02975	0.12669	0.07999	0.01750	0.13051	0.02396	0.02221	0.03025	0.13186	0.05115	0.03957	0.20638	0.02496	0.00557	0.01178	0.01392	0.00682	0.01071
8	0.03182	0.02333	0.02798	0.02842	0.13225	0.02501	0.01908	0.29185	0.03711	0.05284	0.02678	0.02937	0.02023	0.01194	0.00969	0.00297	0.00999	0.00959	0.19425	0.01552
9	0.02243	0.15548	0.48360	0.02804	0.04253	0.02756	0.03542	0.03317	0.02218	0.03199	0.01823	0.02139	0.01342	0.00987	0.00948	0.00316	0.01488	0.00744	0.00447	0.01527
10	0.02491	0.08097	0.15053	0.16615	0.14484	0.02633	0.09384	0.03215	0.02259	0.06727	0.02010	0.02573	0.01546	0.01086	0.01277	0.00341	0.07311	0.00923	0.00538	0.01436
11	0.02079	0.01239	0.01428	0.01287	0.01737	0.01056	0.00998	0.02406	0.02619	0.15428	0.14398	0.08405	0.38331	0.02304	0.01207	0.00347	0.00615	0.01927	0.01078	0.01113
12	0.02756	0.02255	0.03529	0.32516	0.10848	0.02521	0.07574	0.13291	0.02845	0.08239	0.02245	0.02810	0.01637	0.01094	0.01076	0.00340	0.01338	0.00983	0.00673	0.01431
13	0.12771	0.01612	0.02098	0.17621	0.03439	0.01771	0.01711	0.05956	0.02529	0.06945	0.15010	0.12328	0.04533	0.01778	0.01110	0.00362	0.00922	0.05496	0.00856	0.01152
14	0.02627	0.33620	0.27322	0.02402	0.03554	0.08311	0.02721	0.03338	0.02260	0.02862	0.01666	0.01943	0.01350	0.00964	0.00841	0.00276	0.01383	0.00667	0.00458	0.01433
15	0.01574	0.01138	0.01531	0.01652	0.01888	0.01095	0.01357	0.02027	0.02584	0.03466	0.22594	0.14777	0.10224	0.02688	0.01368	0.00423	0.00760	0.26848	0.01038	0.00967
16	0.09825	0.03315	0.11878	0.02237	0.02942	0.18147	0.01988	0.07703	0.02725	0.11825	0.02970	0.14212	0.02687	0.01555	0.01037	0.00332	0.01261	0.01232	0.00789	0.01342
17	0.06118	0.01886	0.02321	0.14177	0.08517	0.05944	0.01800	0.06054	0.02557	0.07901	0.09174	0.17288	0.08323	0.01840	0.01128	0.00353	0.00991	0.01588	0.00832	0.01208
18	0.01635	0.01099	0.01293	0.01302	0.01603	0.00960	0.00953	0.01917	0.02418	0.08336	0.13527	0.25016	0.30705	0.02677	0.01261	0.00373	0.00591	0.02315	0.01034	0.00984
19	0.02354	0.02217	0.03740	0.15255	0.41369	0.02291	0.02928	0.02944	0.02312	0.03236	0.02417	0.09583	0.02248	0.01238	0.01084	0.00334	0.01208	0.01182	0.00567	0.01493
20	0.06745	0.15818	0.23313	0.02774	0.03896	0.02768	0.12514	0.03675	0.06718	0.08683	0.02262	0.02496	0.01670	0.01027	0.00978	0.00318	0.01347	0.00881	0.00616	0.01502
21	0.02552	0.02468	0.03536	0.32025	0.23190	0.07509	0.02883	0.07243	0.02534	0.03281	0.01950	0.02645	0.01528	0.01039	0.01044	0.00329	0.01381	0.00918	0.00544	0.01401
22	0.01763	0.01120	0.01424	0.01511	0.01773	0.01019	0.01146	0.02055	0.02321	0.09151	0.06839	0.32069	0.18801	0.02839	0.01313	0.00410	0.00698	0.11730	0.01018	0.01000
23	0.11696	0.02804	0.09524	0.12993	0.10168	0.06223	0.07328	0.10303	0.02761	0.09317	0.05124	0.02843	0.02060	0.01129	0.01020	0.00329	0.01267	0.00954	0.00714	0.01443
24	0.08648	0.07240	0.17016	0.03735	0.19260	0.02419	0.07667	0.03660	0.02431	0.14478	0.02351	0.02609	0.01713	0.01029	0.01002	0.00321	0.01265	0.00901	0.00673	0.01582
25	0.01368	0.00928	0.01199	0.01416	0.01498	0.00874	0.00953	0.01588	0.02047	0.02844	0.05551	0.55375	0.06494	0.03070	0.01278	0.00408	0.00599	0.02771	0.08867	0.00874
26	0.02500	0.02508	0.09921	0.30810	0.15827	0.02334	0.07862	0.03235	0.02329	0.09276	0.02194	0.02805	0.01612	0.01041	0.01069	0.00340	0.01375	0.00967	0.00581	0.01415
27	0.08235	0.08797	0.23755	0.02727	0.08684	0.02288	0.02610	0.03947	0.02493	0.22490	0.02647	0.02671	0.01815	0.01096	0.00974	0.00320	0.01202	0.00863	0.00777	0.01609
28	0.03072	0.01632	0.02150	0.01886	0.02362	0.01641	0.01504	0.09047	0.02714	0.24254	0.04072	0.16373	0.03632	0.02905	0.10261	0.00581	0.04485	0.05032	0.01024	0.01372
29	0.02294	0.02316	0.03529	0.09640	0.03574	0.03079	0.07361	0.02646	0.01764	0.02646	0.01520	0.02426	0.01412	0.01663	0.02968	0.00439	0.48108	0.00959	0.00471	0.01185
30	0.22659	0.02014	0.02705	0.08853	0.03332	0.02091	0.06695	0.03955	0.02435	0.27240	0.02769	0.02823	0.01884	0.01178	0.01110	0.00341	0.04635	0.00920	0.00898	0.01465
31	0.02818	0.02382	0.03994	0.09952	0.46374	0.02388	0.03025	0.03427	0.02458	0.09630	0.02235	0.02746	0.01765	0.00993	0.01049	0.00318	0.01226	0.00956	0.00611	0.01652
32	0.04484	0.01750	0.02390	0.01887	0.02656	0.01525	0.01567	0.04900	0.02976	0.52382	0.04293	0.04310	0.02913	0.01446	0.01097	0.00341	0.00906	0.05169	0.01280	0.01729
33	0.01723	0.01175	0.01484	0.01572	0.01777	0.01153	0.01112	0.02324	0.09017	0.06800	0.11321	0.44267	0.06552	0.02797	0.01282	0.00402	0.00649	0.02510	0.01037	0.01045

[dist]
# distance from previous block
# <min> <max>
0	2

[block]
# block no. 1 follows, 13 sequences, length 10
# corresponding to MSA columns:
# 154-163
name=unknown_B
#
# <colnr> <probs for GDERKNQSTAVLIFYWHMCP>
#	G	D	E	R	K	N	Q	S	T	A	V	L	I	F	Y	W	H	M	C	P
0	0.01288	0.00920	0.01227	0.01472	0.01534	0.00859	0.00981	0.01472	0.02024	0.02699	0.05828	0.62152	0.06993	0.03312	0.01350	0.00429	0.00613	0.03006	0.00981	0.00859
1	0.02307	0.01992	0.02830	0.02160	0.02900	0.01833	0.10374	0.08811	0.06558	0.04106	0.16802	0.04028	0.04006	0.01282	0.01046	0.00274	0.00932	0.01166	0.00840	0.25753
2	0.03433	0.02838	0.02750	0.09226	0.03478	0.14347	0.01936	0.12518	0.20141	0.13510	0.03140	0.03090	0.02276	0.01267	0.01043	0.00327	0.01196	0.00993	0.00929	0.01562
3	0.01591	0.01006	0.01193	0.01193	0.01193	0.01006	0.00690	0.01509	0.01509	0.02012	0.03066	0.06262	0.03488	0.52352	0.05160	0.13119	0.01006	0.01428	0.00608	0.00608
4	0.03102	0.47194	0.09772	0.01933	0.02883	0.03558	0.01957	0.03535	0.02312	0.12228	0.01988	0.02083	0.01579	0.00985	0.00777	0.00254	0.01130	0.00674	0.00604	0.01454
5	0.22139	0.27048	0.06839	0.01804	0.02595	0.03091	0.01688	0.07692	0.06138	0.03853	0.06421	0.02502	0.02204	0.01111	0.00803	0.00289	0.00996	0.00776	0.00670	0.01341
6	0.02819	0.11919	0.08774	0.02020	0.02737	0.02302	0.01850	0.08166	0.12738	0.13338	0.11378	0.04789	0.03863	0.01558	0.01075	0.00338	0.00969	0.06959	0.00949	0.01457
7	0.29876	0.12347	0.02770	0.01900	0.02618	0.13416	0.01578	0.09086	0.02616	0.12003	0.02024	0.02122	0.01512	0.01071	0.00821	0.00300	0.01126	0.00707	0.00744	0.01363
8	0.11362	0.17549	0.12442	0.02127	0.03013	0.06184	0.02049	0.14935	0.02984	0.09066	0.06674	0.02703	0.02283	0.01172	0.00920	0.00299	0.01144	0.00861	0.00763	0.01471
9	0.09254	0.13928	0.12044	0.02589	0.03483	0.07420	0.11033	0.03758	0.02440	0.16305	0.02322	0.02512	0.01690	0.01107	0.01146	0.00321	0.05606	0.00877	0.00702	0.01464

[dist]
# distance from previous block
# <min> <max>
2	23

[block]
# block no. 2 follows, 13 sequences, length 7
# corresponding to MSA columns:
# 187-193
name=unknown_C
#
# <colnr> <probs for GDERKNQSTAVLIFYWHMCP>
#	G	D	E	R	K	N	Q	S	T	A	V	L	I	F	Y	W	H	M	C	P
0	0.02010	0.07533	0.02916	0.02096	0.02610	0.02009	0.08541	0.02469	0.02383	0.03349	0.18527	0.04801	0.09873	0.01618	0.01525	0.00321	0.12029	0.01315	0.00763	0.13312
1	0.14524	0.01420	0.01649	0.01445	0.01909	0.01363	0.01135	0.02885	0.02733	0.16494	0.29789	0.06005	0.10969	0.01800	0.01099	0.00333	0.00653	0.01505	0.01090	0.01201
2	0.02249	0.10009	0.43757	0.03167	0.04585	0.02644	0.12390	0.03340	0.02272	0.03281	0.01904	0.02297	0.01388	0.00976	0.01020	0.00329	0.01565	0.00846	0.00463	0.01520
3	0.03313	0.01763	0.02554	0.02040	0.02698	0.01624	0.06955	0.07487	0.03015	0.28790	0.14122	0.05434	0.08355	0.01659	0.01164	0.00346	0.00917	0.05170	0.01125	0.01470
4	0.01448	0.01117	0.01604	0.11959	0.02568	0.01147	0.01333	0.01775	0.02195	0.02946	0.13094	0.42878	0.06473	0.02726	0.01281	0.00400	0.00737	0.02462	0.00919	0.00937
5	0.02630	0.02271	0.02391	0.02152	0.02749	0.02630	0.01674	0.05618	0.54336	0.04423	0.04303	0.03945	0.03228	0.01434	0.01076	0.00359	0.00837	0.01195	0.01076	0.01674
6	0.09709	0.02404	0.04476	0.22508	0.12485	0.02514	0.24239	0.03115	0.02285	0.03321	0.01962	0.02687	0.01501	0.00962	0.01095	0.00346	0.01487	0.01034	0.00525	0.01347

[dist]
# distance from previous block
# <min> <max>
0	60

[block]
# block no. 3 follows, 13 sequences, length 20
# corresponding to MSA columns:
# 254-273
name=unknown_D
#
# <colnr> <probs for GDERKNQSTAVLIFYWHMCP>
#	G	D	E	R	K	N	Q	S	T	A	V	L	I	F	Y	W	H	M	C	P
0	0.02281	0.12813	0.33752	0.02758	0.04054	0.02542	0.09089	0.03204	0.02245	0.03247	0.01863	0.02224	0.01415	0.00937	0.00948	0.00290	0.01388	0.00780	0.00490	0.13679
1	0.01921	0.12324	0.02096	0.01411	0.01837	0.01584	0.01163	0.02287	0.02476	0.06856	0.15722	0.11005	0.21528	0.02120	0.01120	0.00335	0.00703	0.06129	0.06313	0.01070
2	0.20108	0.02386	0.03320	0.02641	0.03394	0.02576	0.16641	0.04304	0.25304	0.04197	0.02926	0.03043	0.02205	0.01155	0.01018	0.00350	0.01113	0.01050	0.00806	0.01463
3	0.14642	0.02070	0.03271	0.23150	0.13896	0.02241	0.08881	0.03099	0.02238	0.08363	0.02363	0.07007	0.01956	0.01190	0.01030	0.00345	0.01219	0.01077	0.00637	0.01326
4	0.14545	0.01766	0.01924	0.01802	0.02226	0.01895	0.01406	0.17112	0.02912	0.04304	0.04038	0.27381	0.04285	0.02238	0.01151	0.00385	0.00858	0.07625	0.00944	0.01204
5	0.01591	0.01006	0.01193	0.01193	0.01193	0.01006	0.00691	0.01509	0.01509	0.02012	0.03063	0.06254	0.03484	0.52219	0.05157	0.13272	0.01006	0.01426	0.00608	0.00608
6	0.02426	0.02282	0.03708	0.15523	0.37574	0.02284	0.02830	0.03040	0.02315	0.03314	0.01949	0.02578	0.01606	0.00935	0.01001	0.00293	0.01199	0.00885	0.00532	0.13725
7	0.02204	0.02055	0.03307	0.34809	0.20024	0.02226	0.02720	0.02845	0.02210	0.03044	0.01910	0.02650	0.01511	0.00976	0.01005	0.00307	0.01254	0.00884	0.00513	0.13546
8	0.02030	0.01361	0.02080	0.01781	0.02176	0.01288	0.10126	0.02502	0.02286	0.06740	0.04301	0.17493	0.07128	0.01751	0.01025	0.00321	0.00780	0.01586	0.32166	0.01079
9	0.02469	0.20025	0.39243	0.02683	0.03985	0.08137	0.03205	0.03384	0.02283	0.03061	0.01765	0.02067	0.01346	0.00987	0.00918	0.00302	0.01486	0.00718	0.00457	0.01479
10	0.13293	0.01742	0.02137	0.01734	0.02412	0.01652	0.01406	0.04338	0.06688	0.36296	0.12934	0.04121	0.03759	0.01423	0.01039	0.00330	0.00812	0.01154	0.01173	0.01555
11	0.03094	0.02551	0.12136	0.21426	0.04740	0.02122	0.06438	0.03939	0.05810	0.22677	0.02889	0.03078	0.01967	0.01150	0.01067	0.00341	0.01243	0.00999	0.00814	0.01518
12	0.01893	0.01140	0.01383	0.01380	0.01699	0.00998	0.01011	0.02152	0.02364	0.12510	0.07550	0.30140	0.26402	0.02690	0.01257	0.00381	0.00633	0.02337	0.01040	0.01042
13	0.02848	0.02456	0.03890	0.26054	0.09523	0.07558	0.15129	0.03500	0.02480	0.12669	0.02342	0.02866	0.01692	0.01054	0.01096	0.00338	0.01446	0.01016	0.00648	0.01395
14	0.07287	0.02800	0.13092	0.11197	0.04200	0.02305	0.11555	0.10733	0.02855	0.15188	0.06172	0.03121	0.02314	0.01172	0.01072	0.00337	0.01262	0.01039	0.00799	0.01499
15	0.01542	0.01090	0.01443	0.01581	0.01740	0.01061	0.01217	0.01874	0.02281	0.03054	0.14470	0.21438	0.06592	0.13911	0.02119	0.00545	0.00815	0.21385	0.00949	0.00891
16	0.37690	0.02802	0.07575	0.02089	0.02896	0.06728	0.05408	0.12504	0.02642	0.07972	0.01938	0.02132	0.01425	0.01059	0.00853	0.00324	0.01108	0.00750	0.00733	0.01372
17	0.10844	0.07179	0.09932	0.02676	0.03528	0.02392	0.16880	0.07254	0.05913	0.07622	0.11900	0.03556	0.03188	0.01237	0.01066	0.00331	0.01192	0.01140	0.00774	0.01396
18	0.19242	0.07454	0.09520	0.02154	0.03014	0.02476	0.05521	0.07052	0.13331	0.11750	0.02647	0.02682	0.01936	0.01118	0.00924	0.00317	0.01040	0.00875	0.00809	0.06140
19	0.15208	0.01801	0.02090	0.06033	0.02685	0.01774	0.01433	0.03548	0.09270	0.15351	0.12273	0.03707	0.03429	0.01285	0.00961	0.00297	0.00817	0.01039	0.00921	0.16075

[dist]
# distance from previous block
# <min> <max>
2	11

[block]
# block no. 4 follows, 13 sequences, length 40
# corresponding to MSA columns:
# 285-324
name=unknown_E
#
# <colnr> <probs for GDERKNQSTAVLIFYWHMCP>
#	G	D	E	R	K	N	Q	S	T	A	V	L	I	F	Y	W	H	M	C	P
0	0.11572	0.15968	0.09940	0.01876	0.02577	0.02341	0.01768	0.03119	0.02256	0.13577	0.03645	0.10698	0.08505	0.01585	0.01166	0.00333	0.05775	0.01215	0.00772	0.01311
1	0.10335	0.40185	0.12460	0.09234	0.03483	0.03492	0.02184	0.03128	0.02117	0.02900	0.01585	0.01918	0.01337	0.00947	0.00771	0.00270	0.01194	0.00645	0.00477	0.01340
2	0.02826	0.09945	0.13750	0.02094	0.02864	0.02043	0.02031	0.03673	0.08406	0.18185	0.03822	0.11731	0.03360	0.01714	0.01103	0.00358	0.01032	0.08719	0.00908	0.01436
3	0.06860	0.02745	0.14559	0.07621	0.23067	0.02176	0.02614	0.03198	0.06166	0.03663	0.06598	0.03176	0.02461	0.01136	0.00992	0.00318	0.01115	0.00985	0.09108	0.01441
4	0.01887	0.01184	0.01523	0.01429	0.01766	0.01076	0.01118	0.02338	0.02843	0.10481	0.36599	0.08174	0.15684	0.02222	0.01249	0.00353	0.00609	0.07255	0.01132	0.01079
5	0.01988	0.01827	0.02978	0.36938	0.15557	0.02077	0.02558	0.02615	0.02316	0.03072	0.10024	0.04071	0.07017	0.01317	0.01097	0.00343	0.01184	0.01178	0.00617	0.01225
6	0.02258	0.02245	0.04147	0.11104	0.18424	0.02250	0.20057	0.03076	0.05716	0.03360	0.06282	0.10547	0.02937	0.01346	0.01172	0.00352	0.01303	0.01387	0.00656	0.01379
7	0.03338	0.04086	0.03936	0.03216	0.03840	0.36007	0.16203	0.03779	0.02684	0.02806	0.01745	0.02223	0.01433	0.01129	0.01350	0.00320	0.09230	0.00870	0.00532	0.01273
8	0.02700	0.01347	0.01799	0.01534	0.01994	0.01204	0.01204	0.03165	0.03005	0.23785	0.36596	0.06305	0.07249	0.01845	0.01179	0.00331	0.00647	0.01598	0.01218	0.01295
9	0.02386	0.02565	0.05197	0.03803	0.04716	0.02460	0.40194	0.03468	0.08485	0.03612	0.09065	0.03606	0.02834	0.01112	0.01228	0.00354	0.01514	0.01325	0.00675	0.01401
10	0.02059	0.02375	0.10015	0.49069	0.10664	0.02375	0.03081	0.02823	0.02151	0.02839	0.01890	0.02730	0.01421	0.01042	0.01050	0.00347	0.01417	0.00920	0.00471	0.01261
11	0.02612	0.10164	0.04624	0.04491	0.24930	0.02789	0.16550	0.03737	0.12508	0.03503	0.02417	0.02826	0.01918	0.01019	0.01063	0.00324	0.01306	0.01030	0.00625	0.01565
12	0.01719	0.01030	0.01380	0.01523	0.01679	0.00945	0.01053	0.01931	0.02149	0.09468	0.05621	0.54850	0.06447	0.03063	0.01314	0.00417	0.00649	0.02764	0.01022	0.00976
13	0.04344	0.01703	0.02292	0.01790	0.02506	0.01488	0.01440	0.04702	0.02841	0.50129	0.04067	0.04013	0.02770	0.08982	0.01602	0.00414	0.00915	0.01122	0.01225	0.01655
14	0.02252	0.01872	0.02688	0.02945	0.13526	0.01901	0.05270	0.09375	0.07051	0.03993	0.14309	0.06601	0.08441	0.01873	0.01220	0.00370	0.00975	0.13117	0.00909	0.01312
15	0.03184	0.03982	0.35114	0.02555	0.03816	0.02090	0.02953	0.04080	0.02554	0.25080	0.02819	0.02786	0.01857	0.01128	0.01028	0.00332	0.01294	0.00896	0.00796	0.01659
16	0.01288	0.00920	0.01227	0.01472	0.01534	0.00859	0.00981	0.01472	0.02024	0.02699	0.05828	0.62152	0.06993	0.03312	0.01350	0.00429	0.00613	0.03006	0.00981	0.00859
17	0.02374	0.02280	0.03658	0.02858	0.03457	0.05858	0.22375	0.08383	0.02533	0.03305	0.03006	0.08999	0.02937	0.16701	0.02259	0.00529	0.01378	0.05239	0.00691	0.01180
18	0.02627	0.02223	0.03587	0.18209	0.32914	0.02330	0.02787	0.06321	0.02595	0.07496	0.06486	0.03158	0.02358	0.01116	0.01067	0.00326	0.01199	0.01029	0.00654	0.01519
19	0.01288	0.00920	0.01227	0.01472	0.01534	0.00859	0.00981	0.01472	0.02024	0.02699	0.05828	0.62152	0.06993	0.03312	0.01350	0.00429	0.00613	0.03006	0.00981	0.00859
20	0.03907	0.02906	0.03110	0.02410	0.03236	0.03227	0.01983	0.48926	0.08948	0.06483	0.02681	0.02652	0.01913	0.01283	0.01059	0.00321	0.01137	0.00972	0.01059	0.01788
21	0.01808	0.01666	0.02977	0.02425	0.02940	0.01555	0.17857	0.02381	0.02599	0.03509	0.21193	0.11273	0.12024	0.02015	0.01288	0.00375	0.01004	0.09107	0.00893	0.01110
22	0.02598	0.13135	0.33455	0.02986	0.04270	0.02651	0.12768	0.03535	0.02362	0.09361	0.02141	0.02430	0.01540	0.01002	0.01010	0.00322	0.01466	0.00872	0.00563	0.01533
23	0.01538	0.01025	0.01153	0.01153	0.01153	0.01025	0.00641	0.01538	0.01538	0.02050	0.03331	0.06919	0.03844	0.62842	0.05382	0.01025	0.01025	0.01538	0.00641	0.00641
24	0.01997	0.01879	0.03171	0.60301	0.07282	0.02349	0.02936	0.02701	0.02114	0.02701	0.01879	0.02819	0.01409	0.01057	0.01057	0.00352	0.01409	0.00940	0.00470	0.01175
25	0.02556	0.02503	0.04429	0.10344	0.46728	0.02518	0.08843	0.03220	0.02395	0.03389	0.01998	0.02659	0.01647	0.00945	0.01071	0.00322	0.01328	0.00977	0.00521	0.01608
26	0.02139	0.03268	0.22171	0.09807	0.04678	0.02245	0.19302	0.03034	0.02350	0.03247	0.02782	0.04619	0.02470	0.01391	0.01190	0.00377	0.01489	0.11502	0.00593	0.01345
27	0.02372	0.03714	0.23072	0.03981	0.05213	0.02602	0.36438	0.03374	0.02409	0.03374	0.02059	0.02648	0.01517	0.00929	0.01168	0.00349	0.01710	0.01094	0.00506	0.01471
28	0.02576	0.02368	0.03439	0.08704	0.30955	0.02548	0.02585	0.04166	0.23428	0.03791	0.02919	0.03170	0.02284	0.01150	0.01059	0.00335	0.01097	0.01045	0.00743	0.01637
29	0.02773	0.11785	0.13097	0.25825	0.04978	0.02678	0.02638	0.10497	0.02669	0.10003	0.02199	0.02602	0.01594	0.01087	0.00993	0.00322	0.01297	0.00873	0.00652	0.01438
30	0.01521	0.01089	0.01478	0.01478	0.01590	0.01201	0.01046	0.01746	0.01634	0.02291	0.03034	0.05274	0.03130	0.30181	0.37066	0.01426	0.02100	0.01297	0.00596	0.00821
31	0.01288	0.00920	0.01227	0.01472	0.01534	0.00859	0.00981	0.01472	0.02024	0.02699	0.05828	0.62152	0.06993	0.03312	0.01350	0.00429	0.00613	0.03006	0.00981	0.00859
32	0.03996	0.04198	0.03146	0.02690	0.03333	0.42385	0.05993	0.04346	0.02962	0.13822	0.02196	0.02330	0.01639	0.01119	0.01000	0.00290	0.01690	0.00805	0.00701	0.01360
33	0.02389	0.02675	0.10050	0.20973	0.36797	0.02461	0.03235	0.03106	0.02306	0.03234	0.01948	0.02629	0.01563	0.00981	0.01045	0.00327	0.01334	0.00923	0.00500	0.01524
34	0.01356	0.00985	0.01279	0.01397	0.01542	0.00908	0.00975	0.01652	0.02378	0.03230	0.23002	0.40321	0.11290	0.02881	0.01308	0.00392	0.00569	0.02584	0.01043	0.00908
35	0.02295	0.03587	0.25579	0.15556	0.25778	0.02457	0.03453	0.03181	0.02279	0.03265	0.01930	0.02500	0.01487	0.00990	0.01032	0.00330	0.01410	0.00876	0.00482	0.01532
36	0.03502	0.02958	0.04163	0.03361	0.07783	0.09089	0.19054	0.19899	0.03436	0.12302	0.02502	0.02735	0.01795	0.01103	0.01110	0.00327	0.01425	0.01037	0.00821	0.01598
37	0.02676	0.03034	0.05154	0.10826	0.11585	0.11168	0.33035	0.03419	0.02518	0.03194	0.02014	0.02675	0.01554	0.00947	0.01156	0.00338	0.01694	0.01088	0.00527	0.01397
38	0.02565	0.10298	0.09197	0.04674	0.25457	0.02772	0.18727	0.03461	0.06147	0.03376	0.02133	0.02645	0.01699	0.00962	0.01065	0.00322	0.01403	0.00999	0.00552	0.01547
39	0.43991	0.21668	0.02894	0.01560	0.02306	0.02892	0.01387	0.03274	0.02000	0.07802	0.01667	0.01847	0.01319	0.00981	0.00692	0.00295	0.00924	0.00606	0.00637	0.01260

[dist]
# distance from previous block
# <min> <max>
32	75

[block]
# block no. 5 follows, 13 sequences, length 94
# corresponding to MSA columns:
# 415-508
name=unknown_F
#
# <colnr> <probs for GDERKNQSTAVLIFYWHMCP>
#	G	D	E	R	K	N	Q	S	T	A	V	L	I	F	Y	W	H	M	C	P
0	0.03040	0.44619	0.09277	0.02102	0.03001	0.12297	0.02037	0.07493	0.02522	0.02924	0.01620	0.01844	0.01393	0.00972	0.00780	0.00250	0.01288	0.00633	0.00517	0.01391
1	0.02011	0.01913	0.02532	0.19817	0.03909	0.05702	0.06024	0.02899	0.09934	0.03316	0.14082	0.05426	0.14834	0.01649	0.01145	0.00345	0.01038	0.01439	0.00805	0.01178
2	0.03436	0.02118	0.02509	0.02117	0.02755	0.02198	0.01756	0.25540	0.03686	0.17453	0.03901	0.09171	0.03400	0.01824	0.01178	0.00369	0.01017	0.12949	0.01091	0.01532
3	0.02576	0.08243	0.24475	0.02683	0.03745	0.02749	0.06822	0.09162	0.20726	0.04000	0.02791	0.02873	0.02069	0.01165	0.01031	0.00335	0.01254	0.00966	0.00736	0.01598
4	0.03301	0.14982	0.02981	0.01910	0.02583	0.02390	0.01587	0.10656	0.10787	0.20852	0.03687	0.13475	0.03106	0.01592	0.01033	0.00327	0.00925	0.01307	0.00999	0.01519
5	0.01556	0.01540	0.07094	0.01672	0.01965	0.01215	0.01365	0.02112	0.06060	0.03116	0.12698	0.35298	0.06283	0.07211	0.01591	0.00449	0.00769	0.06065	0.00935	0.01005
6	0.02907	0.01790	0.02018	0.01679	0.02288	0.01749	0.01344	0.14710	0.06962	0.17963	0.06632	0.06225	0.25508	0.01902	0.01144	0.00340	0.00799	0.01553	0.01092	0.01397
7	0.02299	0.11573	0.17593	0.02268	0.03093	0.10306	0.05884	0.03049	0.05933	0.02983	0.04094	0.04450	0.14020	0.06359	0.01382	0.00375	0.01244	0.01190	0.00648	0.01258
8	0.02121	0.05469	0.57364	0.03014	0.04576	0.02455	0.03906	0.03348	0.02232	0.03348	0.01897	0.02232	0.01339	0.01005	0.01005	0.00335	0.01563	0.00781	0.00446	0.01563
9	0.01997	0.01879	0.03171	0.60301	0.07282	0.02349	0.02936	0.02701	0.02114	0.02701	0.01879	0.02819	0.01409	0.01057	0.01057	0.00352	0.01409	0.00940	0.00470	0.01175
10	0.02827	0.63478	0.05540	0.01809	0.02714	0.04184	0.01809	0.03166	0.02148	0.02488	0.01470	0.01696	0.01357	0.00905	0.00678	0.00226	0.01131	0.00565	0.00452	0.01357
11	0.02343	0.02150	0.03317	0.28555	0.05164	0.02443	0.09990	0.06970	0.16013	0.03634	0.06309	0.03448	0.02530	0.01221	0.01104	0.00351	0.01238	0.01121	0.00726	0.01374
12	0.02121	0.05469	0.57364	0.03014	0.04576	0.02455	0.03906	0.03348	0.02232	0.03348	0.01897	0.02232	0.01339	0.01005	0.01005	0.00335	0.01563	0.00781	0.00446	0.01563
13	0.01403	0.01077	0.01283	0.01232	0.01522	0.00958	0.00924	0.01814	0.02772	0.03715	0.38610	0.08763	0.27382	0.02358	0.01248	0.00342	0.00513	0.02033	0.01095	0.00958
14	0.02135	0.01995	0.03356	0.24542	0.10177	0.02232	0.10055	0.02944	0.06059	0.03105	0.02941	0.04976	0.02688	0.01537	0.01345	0.00388	0.05377	0.12247	0.00646	0.01252
15	0.02889	0.03076	0.04179	0.05522	0.40781	0.14417	0.07092	0.03464	0.02540	0.03265	0.01926	0.02486	0.01603	0.00969	0.01044	0.00309	0.01438	0.00912	0.00529	0.01559
16	0.01270	0.01072	0.01100	0.01093	0.01441	0.00901	0.00820	0.01557	0.02459	0.02972	0.14478	0.09985	0.51978	0.02635	0.01249	0.00355	0.00532	0.02205	0.00997	0.00901
17	0.01379	0.01002	0.01300	0.01381	0.01547	0.00923	0.00976	0.01709	0.02484	0.03399	0.28476	0.34288	0.11698	0.02754	0.01297	0.00381	0.00557	0.02463	0.01063	0.00923
18	0.02676	0.04356	0.32574	0.03233	0.04488	0.07189	0.15596	0.06930	0.02603	0.07190	0.02135	0.02475	0.01526	0.01022	0.01069	0.00333	0.01574	0.00921	0.00578	0.01533
19	0.03638	0.02667	0.02880	0.02307	0.03074	0.02958	0.01874	0.34804	0.20172	0.09442	0.03199	0.03049	0.02299	0.01323	0.01064	0.00331	0.01044	0.01035	0.01081	0.01759
20	0.01350	0.01075	0.01211	0.01177	0.01490	0.00935	0.00883	0.01712	0.02648	0.03421	0.29074	0.09246	0.37102	0.02467	0.01249	0.00347	0.00521	0.02101	0.01056	0.00935
21	0.03264	0.03080	0.02874	0.06690	0.03328	0.22672	0.05811	0.07294	0.08263	0.11209	0.11428	0.03545	0.03225	0.01330	0.01069	0.00315	0.01320	0.01077	0.00841	0.01367
22	0.02462	0.33517	0.32306	0.02431	0.03676	0.03291	0.02892	0.03260	0.02192	0.02932	0.01691	0.01973	0.01348	0.00956	0.00847	0.00282	0.01354	0.00677	0.00449	0.01463
23	0.01288	0.00920	0.01227	0.01472	0.01534	0.00859	0.00981	0.01472	0.02024	0.02699	0.05828	0.62152	0.06993	0.03312	0.01350	0.00429	0.00613	0.03006	0.00981	0.00859
24	0.14728	0.01930	0.02374	0.01850	0.02645	0.01818	0.01528	0.08652	0.02994	0.44946	0.03627	0.03226	0.02326	0.01255	0.01000	0.00326	0.00908	0.00979	0.01188	0.01699
25	0.12683	0.02659	0.04528	0.03407	0.04269	0.06874	0.31639	0.03431	0.02469	0.07742	0.02514	0.03593	0.02054	0.01160	0.01144	0.00356	0.01498	0.05967	0.00659	0.01352
26	0.01350	0.01075	0.01211	0.01177	0.01490	0.00935	0.00883	0.01712	0.02648	0.03421	0.29074	0.09246	0.37102	0.02467	0.01249	0.00347	0.00521	0.02101	0.01056	0.00935
27	0.01704	0.01217	0.01704	0.01947	0.02191	0.01217	0.01704	0.02191	0.02434	0.03164	0.05598	0.11926	0.06085	0.02921	0.01460	0.00487	0.00974	0.49130	0.00974	0.00974
28	0.02369	0.02306	0.04065	0.26715	0.32486	0.02467	0.08137	0.03053	0.02305	0.03162	0.01963	0.02718	0.01567	0.00981	0.01071	0.00333	0.01368	0.00972	0.00504	0.01459
29	0.02827	0.63478	0.05540	0.01809	0.02714	0.04184	0.01809	0.03166	0.02148	0.02488	0.01470	0.01696	0.01357	0.00905	0.00678	0.00226	0.01131	0.00565	0.00452	0.01357
30	0.01359	0.00971	0.01308	0.01553	0.01646	0.00920	0.01105	0.01595	0.02094	0.02779	0.05788	0.53566	0.06838	0.03246	0.01368	0.00439	0.00675	0.10891	0.00980	0.00878
31	0.09424	0.02817	0.02867	0.02291	0.03054	0.06715	0.01886	0.38219	0.04248	0.09437	0.02728	0.03199	0.02089	0.01359	0.01047	0.00328	0.01153	0.04496	0.01000	0.01643
32	0.02715	0.01749	0.02242	0.02230	0.07761	0.01767	0.01558	0.03943	0.18152	0.16692	0.22805	0.05171	0.05390	0.01620	0.01132	0.00337	0.00771	0.01400	0.01107	0.01457
33	0.01288	0.00920	0.01227	0.01472	0.01534	0.00859	0.00981	0.01472	0.02024	0.02699	0.05828	0.62152	0.06993	0.03312	0.01350	0.00429	0.00613	0.03006	0.00981	0.00859
34	0.01414	0.01078	0.01299	0.01243	0.01529	0.00962	0.00932	0.01835	0.02797	0.03776	0.40612	0.08661	0.25342	0.02335	0.01248	0.00341	0.00511	0.02019	0.01103	0.00962
35	0.01329	0.01064	0.01188	0.01179	0.01482	0.00923	0.00876	0.01663	0.02564	0.03275	0.24346	0.13057	0.38205	0.02561	0.01256	0.00354	0.00530	0.02186	0.01038	0.00923
36	0.02618	0.46292	0.20894	0.02166	0.03265	0.03672	0.02430	0.03220	0.02173	0.02743	0.01597	0.01855	0.01352	0.00934	0.00775	0.00258	0.01259	0.00629	0.00451	0.01418
37	0.02496	0.02852	0.06239	0.04456	0.05526	0.02674	0.52406	0.03387	0.02496	0.03387	0.02139	0.02852	0.01604	0.00891	0.01248	0.00357	0.01783	0.01248	0.00535	0.01426
38	0.70310	0.02045	0.01554	0.01390	0.02045	0.02372	0.01145	0.03108	0.01799	0.04744	0.01472	0.01718	0.01145	0.00981	0.00654	0.00327	0.00818	0.00573	0.00654	0.01145
39	0.02741	0.02327	0.02453	0.02174	0.02792	0.02682	0.01700	0.09393	0.50380	0.04603	0.04162	0.03832	0.03113	0.01421	0.01074	0.00355	0.00863	0.01176	0.01074	0.01684
40	0.01390	0.01091	0.01283	0.01394	0.01671	0.00983	0.01098	0.01710	0.02356	0.02923	0.08427	0.18878	0.33396	0.02850	0.01328	0.00407	0.00678	0.16248	0.00979	0.00911
41	0.01304	0.00932	0.01241	0.01462	0.01537	0.00869	0.00983	0.01512	0.02097	0.02815	0.09580	0.58069	0.07218	0.03226	0.01342	0.00422	0.00605	0.02923	0.00995	0.00869
42	0.02827	0.63478	0.05540	0.01809	0.02714	0.04184	0.01809	0.03166	0.02148	0.02488	0.01470	0.01696	0.01357	0.00905	0.00678	0.00226	0.01131	0.00565	0.00452	0.01357
43	0.02203	0.01990	0.03171	0.54404	0.06874	0.02444	0.02842	0.07798	0.02405	0.03105	0.01946	0.02790	0.01449	0.01079	0.01057	0.00349	0.01384	0.00941	0.00530	0.01238
44	0.01250	0.01071	0.01071	0.01071	0.01428	0.00893	0.00803	0.01517	0.02410	0.02856	0.10711	0.10175	0.55817	0.02678	0.01250	0.00357	0.00536	0.02231	0.00982	0.00893
45	0.02755	0.57567	0.10821	0.01932	0.02903	0.04008	0.02023	0.03185	0.02157	0.02575	0.01513	0.01751	0.01355	0.00915	0.00712	0.00237	0.01175	0.00587	0.00452	0.01378
46	0.01770	0.01480	0.02097	0.01975	0.02149	0.01848	0.01571	0.02295	0.05314	0.02611	0.02605	0.03721	0.02398	0.06100	0.42138	0.01326	0.15891	0.01090	0.00578	0.01043
47	0.03950	0.05039	0.02996	0.02724	0.03269	0.58597	0.02043	0.04222	0.02996	0.02588	0.01634	0.01907	0.01362	0.01090	0.00953	0.00272	0.01907	0.00681	0.00545	0.01226
48	0.01659	0.01068	0.01196	0.01241	0.01521	0.01007	0.00982	0.02082	0.02380	0.03468	0.10010	0.07832	0.20178	0.02101	0.01086	0.00338	0.00608	0.11643	0.28645	0.00955
49	0.02797	0.03557	0.27097	0.02771	0.03893	0.02166	0.10818	0.03843	0.06408	0.16379	0.07166	0.03263	0.02553	0.01188	0.01084	0.00338	0.01296	0.01050	0.00775	0.01558
50	0.02458	0.03176	0.13890	0.03816	0.04883	0.02631	0.35582	0.03773	0.11571	0.03563	0.02480	0.02943	0.01847	0.01005	0.01178	0.00353	0.01580	0.01163	0.00616	0.01492
51	0.02471	0.01839	0.02088	0.01841	0.02343	0.01981	0.01435	0.08131	0.26804	0.08452	0.23756	0.05310	0.05638	0.01689	0.01139	0.00343	0.00740	0.01439	0.01125	0.01435
52	0.04403	0.02307	0.06614	0.02077	0.02956	0.01975	0.01820	0.14812	0.03369	0.42703	0.03669	0.03281	0.02355	0.01278	0.01058	0.00326	0.01002	0.01020	0.01194	0.01782
53	0.02059	0.01245	0.01665	0.01644	0.01986	0.01163	0.01353	0.02523	0.02730	0.11783	0.24347	0.09028	0.10632	0.02374	0.01305	0.00396	0.00754	0.20814	0.01096	0.01103
54	0.02718	0.02528	0.03970	0.04976	0.34730	0.02616	0.07799	0.07715	0.14419	0.03921	0.02574	0.02936	0.02030	0.01075	0.01075	0.00329	0.01207	0.01032	0.00692	0.01659
55	0.01496	0.01081	0.01413	0.01330	0.01580	0.00998	0.00998	0.01995	0.02993	0.04240	0.55689	0.07898	0.09976	0.02162	0.01247	0.00333	0.00499	0.01912	0.01164	0.00998
56	0.02354	0.24633	0.40243	0.02616	0.03961	0.03026	0.03214	0.03288	0.02205	0.03064	0.01756	0.02055	0.01345	0.00971	0.00897	0.00299	0.01420	0.00710	0.00448	0.01495
57	0.02207	0.09911	0.49164	0.03031	0.04502	0.02611	0.07577	0.03337	0.02246	0.03282	0.01882	0.02238	0.01362	0.00988	0.00998	0.00328	0.01545	0.00801	0.00454	0.01535
58	0.70310	0.02045	0.01554	0.01390	0.02045	0.02372	0.01145	0.03108	0.01799	0.04744	0.01472	0.01718	0.01145	0.00981	0.00654	0.00327	0.00818	0.00573	0.00654	0.01145
59	0.01795	0.01506	0.02213	0.25474	0.04005	0.01686	0.01846	0.02586	0.06918	0.03627	0.29432	0.05494	0.05916	0.01650	0.01155	0.00343	0.00899	0.01455	0.00873	0.01126
60	0.02532	0.02426	0.04138	0.13850	0.49549	0.02490	0.03203	0.03171	0.02367	0.03351	0.01974	0.02644	0.01638	0.00958	0.01048	0.00319	0.01277	0.00942	0.00516	0.01606
61	0.02556	0.03651	0.23244	0.03753	0.04968	0.02506	0.31731	0.03521	0.02451	0.07846	0.02227	0.02704	0.01599	0.00964	0.01150	0.00347	0.01634	0.01074	0.00569	0.01503
62	0.01285	0.00933	0.01214	0.01439	0.01525	0.00862	0.00967	0.01476	0.02056	0.02712	0.06235	0.57815	0.11067	0.03260	0.01341	0.00423	0.00607	0.02941	0.00982	0.00862
63	0.01748	0.02192	0.13587	0.02388	0.09745	0.01496	0.01906	0.02376	0.02632	0.03716	0.29555	0.10237	0.10455	0.01877	0.01176	0.00340	0.00840	0.01647	0.00896	0.01192
64	0.02882	0.02494	0.04499	0.05372	0.36853	0.02418	0.14643	0.03542	0.02514	0.10829	0.02326	0.02808	0.01788	0.00981	0.01097	0.00326	0.01331	0.01031	0.00634	0.01633
65	0.04744	0.01799	0.02454	0.01881	0.02699	0.01554	0.01554	0.05153	0.03026	0.56979	0.04171	0.03599	0.02617	0.01309	0.01063	0.00327	0.00900	0.01063	0.01309	0.01799
66	0.02121	0.05469	0.57364	0.03014	0.04576	0.02455	0.03906	0.03348	0.02232	0.03348	0.01897	0.02232	0.01339	0.01005	0.01005	0.00335	0.01563	0.00781	0.00446	0.01563
67	0.02706	0.02325	0.03417	0.08186	0.27879	0.02538	0.02545	0.03970	0.17480	0.07577	0.02757	0.03060	0.02150	0.01213	0.01304	0.00346	0.07196	0.01023	0.00733	0.01597
68	0.02897	0.02468	0.02959	0.02905	0.10192	0.02855	0.02063	0.15581	0.27881	0.04514	0.03137	0.03192	0.02407	0.01393	0.01435	0.00359	0.10172	0.01064	0.00902	0.01623
69	0.02496	0.02852	0.06239	0.04456	0.05526	0.02674	0.52406	0.03387	0.02496	0.03387	0.02139	0.02852	0.01604	0.00891	0.01248	0.00357	0.01783	0.01248	0.00535	0.01426
70	0.02554	0.02448	0.04177	0.11973	0.51257	0.02496	0.03213	0.03190	0.02378	0.03378	0.01978	0.02637	0.01648	0.00954	0.01048	0.00318	0.01272	0.00942	0.00518	0.01624
71	0.03147	0.02600	0.03907	0.15257	0.04624	0.07019	0.16564	0.11305	0.02872	0.13557	0.02423	0.02816	0.01744	0.01155	0.01296	0.00346	0.06132	0.01031	0.00741	0.01463
72	0.30312	0.02546	0.02471	0.01997	0.02749	0.02870	0.01641	0.29525	0.07315	0.05735	0.02243	0.02314	0.01643	0.01167	0.00898	0.00324	0.01002	0.00819	0.00898	0.01529
73	0.14022	0.01786	0.02616	0.40833	0.05481	0.02146	0.02322	0.02665	0.02193	0.03299	0.10048	0.03402	0.02675	0.01213	0.01015	0.00345	0.01165	0.01024	0.00609	0.01142
74	0.02351	0.01303	0.01797	0.01848	0.02195	0.01234	0.01541	0.02766	0.02502	0.15831	0.05301	0.18810	0.05424	0.02608	0.01347	0.00439	0.00893	0.29610	0.01054	0.01149
75	0.01423	0.01080	0.01262	0.01264	0.01497	0.01003	0.00922	0.01707	0.02289	0.02967	0.17598	0.08670	0.26462	0.16307	0.06455	0.00611	0.00844	0.05856	0.00913	0.00870
76	0.01453	0.01138	0.01340	0.01427	0.01688	0.01069	0.01077	0.01948	0.06140	0.03082	0.11553	0.25174	0.26075	0.02772	0.01299	0.00397	0.00647	0.09758	0.01002	0.00961
77	0.01971	0.00985	0.00985	0.00985	0.01232	0.00985	0.00739	0.02464	0.02217	0.03942	0.03449	0.03942	0.02710	0.01232	0.00739	0.00246	0.00493	0.00985	0.68712	0.00985
78	0.01268	0.01072	0.01097	0.01090	0.01439	0.00900	0.00818	0.01553	0.02453	0.02959	0.14059	0.10006	0.52405	0.02639	0.01249	0.00355	0.00533	0.02208	0.00995	0.00900
79	0.01473	0.01128	0.01490	0.01535	0.01790	0.01145	0.01222	0.01851	0.02174	0.02873	0.10177	0.07897	0.19724	0.04830	0.24730	0.00930	0.01563	0.11700	0.00826	0.00940
80	0.02451	0.01283	0.01614	0.01499	0.01837	0.01179	0.01121	0.02699	0.02281	0.18644	0.05226	0.10973	0.11997	0.22229	0.02598	0.00594	0.00877	0.08845	0.00965	0.01088
81	0.01288	0.00920	0.01227	0.01472	0.01534	0.00859	0.00981	0.01472	0.02024	0.02699	0.05828	0.62152	0.06993	0.03312	0.01350	0.00429	0.00613	0.03006	0.00981	0.00859
82	0.01476	0.01059	0.01325	0.01445	0.01661	0.00990	0.01110	0.01831	0.02381	0.03200	0.14520	0.24808	0.17252	0.02721	0.01289	0.00398	0.00660	0.14265	0.06681	0.00928
83	0.01604	0.01054	0.01294	0.01237	0.01460	0.00998	0.00905	0.02051	0.02675	0.03952	0.38962	0.06936	0.07767	0.08142	0.01558	0.00384	0.00551	0.01672	0.15840	0.00959
84	0.02191	0.01228	0.01682	0.01753	0.02049	0.01152	0.01398	0.02546	0.02404	0.14398	0.05383	0.29231	0.05694	0.02728	0.01334	0.00431	0.00821	0.21425	0.01048	0.01105
85	0.01471	0.01059	0.01180	0.01150	0.01448	0.00948	0.00863	0.01864	0.02588	0.03559	0.25814	0.08209	0.29409	0.02226	0.01156	0.00328	0.00514	0.01888	0.13378	0.00948
86	0.07280	0.01210	0.01428	0.01316	0.01662	0.01137	0.01007	0.02309	0.02753	0.08462	0.36267	0.07105	0.15199	0.02007	0.01147	0.00329	0.00563	0.01715	0.06043	0.01059
87	0.01366	0.00996	0.01231	0.01326	0.01468	0.00920	0.00904	0.01605	0.02226	0.02965	0.17226	0.33226	0.15170	0.12072	0.01928	0.00487	0.00638	0.02413	0.00970	0.00861
88	0.01690	0.01201	0.01658	0.01881	0.02104	0.01201	0.01615	0.02136	0.02359	0.03071	0.05408	0.11507	0.05897	0.07939	0.01789	0.00532	0.00978	0.45144	0.00946	0.00946
89	0.01734	0.01383	0.01604	0.01670	0.01932	0.01453	0.01200	0.02861	0.19539	0.03287	0.05679	0.38849	0.09347	0.02638	0.01251	0.00400	0.00682	0.02343	0.01013	0.01134
90	0.01323	0.01021	0.01155	0.01219	0.01428	0.00911	0.00845	0.01543	0.02208	0.02791	0.11549	0.24578	0.30249	0.12037	0.01911	0.00478	0.00630	0.02326	0.00943	0.00852
91	0.01349	0.01054	0.01223	0.01225	0.01500	0.00928	0.00902	0.01694	0.02580	0.03363	0.27208	0.16416	0.31645	0.02568	0.01262	0.00358	0.00532	0.02215	0.01051	0.00928
92	0.01645	0.01266	0.01549	0.01457	0.01766	0.01261	0.01105	0.02492	0.10680	0.03993	0.39278	0.07244	0.13064	0.02537	0.05541	0.00442	0.00730	0.01777	0.01087	0.01086
93	0.01324	0.01074	0.01174	0.01149	0.01474	0.00924	0.00862	0.01661	0.02585	0.03272	0.24221	0.09491	0.42048	0.02523	0.01249	0.00350	0.00525	0.02136	0.01037	0.00924

[dist]
# distance from previous block
# <min> <max>
0	9

# created by:
# /st0/software/busco_prod/Augustus/scripts/msa2prfl.pl ./align_prep/7823.fa
