[name]
unknown

[dist]
# distance from previous block
# <min> <max>
0	93

[block]
# block no. 0 follows, 13 sequences, length 46
# corresponding to MSA columns:
# 93-138
name=unknown_A
#
# <colnr> <probs for GDERKNQSTAVLIFYWHMCP>
#	G	D	E	R	K	N	Q	S	T	A	V	L	I	F	Y	W	H	M	C	P
0	0.01908	0.01378	0.01735	0.01811	0.02073	0.01404	0.01422	0.10497	0.02678	0.03547	0.05181	0.33536	0.05772	0.02819	0.01340	0.00431	0.00840	0.19575	0.00992	0.01061
1	0.02103	0.01987	0.03363	0.51101	0.15653	0.02377	0.02989	0.02794	0.02164	0.02830	0.01898	0.02784	0.01455	0.01037	0.01055	0.00346	0.01383	0.00940	0.00479	0.01260
2	0.04059	0.02400	0.02764	0.02174	0.02967	0.02509	0.01778	0.26494	0.12668	0.25504	0.03464	0.03184	0.02355	0.01313	0.01063	0.00328	0.01007	0.01036	0.01157	0.01777
3	0.02133	0.04855	0.47932	0.02766	0.04222	0.02277	0.03453	0.03231	0.02225	0.03365	0.01894	0.02225	0.01378	0.00967	0.00967	0.00304	0.01429	0.00755	0.00477	0.13144
4	0.04308	0.01813	0.02409	0.01827	0.02666	0.01529	0.01503	0.04727	0.02884	0.47827	0.03779	0.03358	0.02438	0.01219	0.01015	0.00298	0.00880	0.00989	0.01192	0.13340
5	0.02271	0.03892	0.29121	0.03297	0.04572	0.02357	0.21297	0.03245	0.02322	0.03379	0.01983	0.02454	0.01476	0.00925	0.01056	0.00312	0.01510	0.00926	0.00510	0.13094
6	0.04620	0.01998	0.02577	0.01975	0.02798	0.01849	0.01632	0.13285	0.03359	0.48377	0.03892	0.03417	0.02477	0.01302	0.01062	0.00325	0.00945	0.01044	0.01266	0.01799
7	0.02038	0.01715	0.02027	0.01550	0.02339	0.01315	0.01206	0.02459	0.02164	0.03318	0.02554	0.12443	0.02494	0.01215	0.00880	0.00203	0.00754	0.01033	0.00687	0.57604
8	0.01758	0.11702	0.01903	0.01265	0.01420	0.01565	0.00840	0.01816	0.01642	0.02125	0.03013	0.06026	0.03419	0.52253	0.04577	0.00888	0.01043	0.01371	0.00608	0.00763
9	0.01997	0.01879	0.03171	0.60301	0.07282	0.02349	0.02936	0.02701	0.02114	0.02701	0.01879	0.02819	0.01409	0.01057	0.01057	0.00352	0.01409	0.00940	0.00470	0.01175
10	0.08694	0.02106	0.02345	0.01938	0.02572	0.02243	0.01555	0.18949	0.14114	0.14079	0.15509	0.04195	0.04090	0.01495	0.01074	0.00332	0.00867	0.01214	0.01096	0.01532
11	0.02580	0.01252	0.01672	0.01597	0.01931	0.01128	0.01164	0.02832	0.02353	0.22617	0.05014	0.36087	0.05125	0.07448	0.01574	0.00441	0.00752	0.02171	0.01074	0.01187
12	0.01997	0.01879	0.03171	0.60301	0.07282	0.02349	0.02936	0.02701	0.02114	0.02701	0.01879	0.02819	0.01409	0.01057	0.01057	0.00352	0.01409	0.00940	0.00470	0.01175
13	0.01646	0.01420	0.02456	0.02208	0.02524	0.01344	0.13063	0.02021	0.02151	0.02871	0.04738	0.37187	0.05363	0.07400	0.01659	0.00467	0.00967	0.08677	0.00849	0.00989
14	0.01607	0.01146	0.01356	0.01304	0.01451	0.01141	0.00866	0.02045	0.06298	0.03121	0.24531	0.07079	0.06269	0.33508	0.03373	0.00693	0.00798	0.01662	0.00886	0.00866
15	0.01311	0.00961	0.01212	0.01382	0.01500	0.00883	0.00936	0.01521	0.02128	0.02800	0.10082	0.47139	0.14559	0.06413	0.01549	0.00444	0.00616	0.02726	0.00976	0.00862
16	0.01929	0.01361	0.01604	0.01486	0.01665	0.01456	0.01019	0.09822	0.02126	0.02884	0.03088	0.05571	0.03236	0.40148	0.17131	0.01069	0.01469	0.01349	0.00690	0.00897
17	0.64333	0.02022	0.01636	0.01435	0.02104	0.02297	0.01182	0.03294	0.01911	0.09506	0.01718	0.01889	0.01279	0.01011	0.00692	0.00327	0.00825	0.00617	0.00714	0.01205
18	0.08482	0.01552	0.01818	0.01540	0.01953	0.01523	0.01122	0.07578	0.02385	0.21627	0.03397	0.04951	0.03014	0.30967	0.03113	0.00663	0.00978	0.01242	0.00910	0.01187
19	0.17884	0.01694	0.01695	0.01505	0.01894	0.01837	0.01117	0.13931	0.02539	0.04079	0.02944	0.08767	0.02836	0.20164	0.02261	0.00534	0.00895	0.01217	0.11112	0.01095
20	0.14715	0.01551	0.01856	0.01553	0.02119	0.01474	0.01244	0.03600	0.02740	0.27291	0.19699	0.04644	0.04666	0.01512	0.01024	0.00322	0.00728	0.01237	0.06653	0.01371
21	0.02788	0.01364	0.01771	0.01528	0.02016	0.01199	0.01195	0.03182	0.02819	0.25839	0.21986	0.11442	0.14475	0.01999	0.01180	0.00343	0.00683	0.01713	0.01176	0.01301
22	0.09437	0.03166	0.03017	0.02387	0.03176	0.10638	0.01943	0.42143	0.04446	0.05959	0.02330	0.02386	0.01686	0.01222	0.01011	0.00312	0.01235	0.00884	0.00956	0.01668
23	0.04744	0.01799	0.02454	0.01881	0.02699	0.01554	0.01554	0.05153	0.03026	0.56979	0.04171	0.03599	0.02617	0.01309	0.01063	0.00327	0.00900	0.01063	0.01309	0.01799
24	0.22819	0.02330	0.02374	0.01972	0.02685	0.02583	0.01597	0.17834	0.18343	0.12530	0.02981	0.02866	0.02147	0.01241	0.00948	0.00334	0.00930	0.00930	0.00982	0.01573
25	0.01346	0.01007	0.01251	0.01333	0.01524	0.00911	0.00945	0.01651	0.02426	0.03232	0.23034	0.32531	0.19358	0.02793	0.01293	0.00381	0.00558	0.02473	0.01040	0.00911
26	0.55262	0.02080	0.01817	0.01546	0.02240	0.02321	0.01275	0.07335	0.02234	0.12710	0.01960	0.02064	0.01417	0.01053	0.00747	0.00326	0.00857	0.00676	0.00784	0.01295
27	0.02254	0.01403	0.01672	0.01593	0.01884	0.01422	0.01126	0.03041	0.13647	0.12159	0.04427	0.21987	0.04427	0.21139	0.02499	0.00582	0.00840	0.01814	0.00952	0.01132
28	0.21845	0.01401	0.01465	0.01518	0.01812	0.01482	0.01105	0.05696	0.02173	0.03592	0.04303	0.39976	0.04889	0.02476	0.01123	0.00391	0.00714	0.02138	0.00891	0.01012
29	0.01312	0.01065	0.01110	0.01104	0.01399	0.00921	0.00794	0.01558	0.02326	0.02845	0.13162	0.09508	0.44419	0.11637	0.01868	0.00455	0.00606	0.02102	0.00945	0.00863
30	0.14327	0.02198	0.02543	0.01980	0.02782	0.02214	0.01635	0.19665	0.03449	0.33491	0.03259	0.02987	0.02142	0.01247	0.01000	0.00324	0.00970	0.00955	0.01133	0.01701
31	0.02005	0.01672	0.01829	0.01774	0.02172	0.01819	0.01326	0.03714	0.30277	0.03653	0.05789	0.22454	0.12789	0.02199	0.01186	0.00380	0.00721	0.01906	0.01032	0.01303
32	0.01926	0.01629	0.01835	0.01538	0.02165	0.01423	0.01183	0.02740	0.11135	0.03375	0.04887	0.12413	0.15250	0.01677	0.01018	0.00275	0.00712	0.01418	0.00834	0.32567
33	0.02723	0.02868	0.05780	0.04154	0.05190	0.02764	0.44867	0.10767	0.02866	0.03877	0.02199	0.02805	0.01633	0.00948	0.01219	0.00351	0.01690	0.01204	0.00613	0.01482
34	0.07631	0.01211	0.01525	0.01521	0.01811	0.01142	0.01109	0.02413	0.02367	0.13722	0.13673	0.36518	0.06172	0.02534	0.01219	0.00385	0.00666	0.02241	0.01050	0.01089
35	0.01771	0.01156	0.01343	0.01271	0.01639	0.01000	0.00961	0.02100	0.02583	0.10338	0.19110	0.13548	0.34390	0.02442	0.01233	0.00354	0.00583	0.02078	0.01065	0.01033
36	0.34313	0.02142	0.02080	0.01777	0.02459	0.02380	0.01437	0.08225	0.17310	0.13739	0.02831	0.02744	0.02046	0.01191	0.00878	0.00335	0.00865	0.00866	0.00920	0.01462
37	0.15534	0.02180	0.02780	0.02790	0.13135	0.02177	0.01891	0.12559	0.03026	0.28906	0.03000	0.02901	0.02039	0.01174	0.00988	0.00323	0.01000	0.00936	0.00999	0.01662
38	0.02261	0.01176	0.01581	0.01574	0.01860	0.01062	0.01141	0.02532	0.02378	0.17843	0.09310	0.41658	0.06018	0.02667	0.01262	0.00393	0.00684	0.02382	0.01086	0.01130
39	0.36192	0.02067	0.01873	0.01688	0.02259	0.06071	0.01354	0.06565	0.02369	0.12252	0.02888	0.11026	0.02618	0.01530	0.00925	0.00349	0.00918	0.04971	0.00843	0.01242
40	0.70310	0.02045	0.01554	0.01390	0.02045	0.02372	0.01145	0.03108	0.01799	0.04744	0.01472	0.01718	0.01145	0.00981	0.00654	0.00327	0.00818	0.00573	0.00654	0.01145
41	0.09478	0.01817	0.02389	0.01846	0.02652	0.01613	0.01524	0.05005	0.02938	0.53207	0.03976	0.03463	0.02511	0.01285	0.01034	0.00327	0.00894	0.01028	0.01261	0.01752
42	0.02348	0.02041	0.03073	0.12538	0.03883	0.01801	0.10314	0.02929	0.02276	0.06214	0.02048	0.02493	0.01602	0.00879	0.00927	0.00235	0.01072	0.00812	0.00620	0.41896
43	0.13564	0.03439	0.02863	0.12282	0.03775	0.24271	0.02052	0.18085	0.03248	0.04131	0.01918	0.02221	0.01466	0.01121	0.00957	0.00307	0.01440	0.00789	0.00699	0.01374
44	0.04678	0.01905	0.02519	0.01931	0.02752	0.01711	0.01596	0.09490	0.03204	0.52391	0.04022	0.03502	0.02543	0.01305	0.01063	0.00326	0.00924	0.01053	0.01286	0.01799
45	0.01852	0.01497	0.01791	0.01643	0.02121	0.01352	0.01237	0.02582	0.09941	0.03265	0.04130	0.27757	0.04367	0.02073	0.01108	0.00323	0.00735	0.05190	0.00864	0.26173

[dist]
# distance from previous block
# <min> <max>
0	1

[block]
# block no. 1 follows, 13 sequences, length 52
# corresponding to MSA columns:
# 140-191
name=unknown_B
#
# <colnr> <probs for GDERKNQSTAVLIFYWHMCP>
#	G	D	E	R	K	N	Q	S	T	A	V	L	I	F	Y	W	H	M	C	P
0	0.02541	0.02168	0.02782	0.02016	0.02953	0.01865	0.06687	0.11421	0.02706	0.03998	0.02021	0.02321	0.01610	0.00879	0.00879	0.00205	0.00953	0.00747	0.00692	0.50558
1	0.01384	0.01000	0.01280	0.01418	0.01550	0.00935	0.00996	0.01641	0.02225	0.02972	0.15194	0.37450	0.11686	0.08997	0.01737	0.00470	0.00657	0.06553	0.00980	0.00875
2	0.03093	0.20487	0.25532	0.02388	0.03508	0.07293	0.02614	0.03802	0.02462	0.15906	0.02304	0.02386	0.01652	0.01057	0.00925	0.00298	0.01313	0.00781	0.00663	0.01535
3	0.07665	0.17855	0.14029	0.02959	0.04005	0.02933	0.19592	0.07483	0.02564	0.08137	0.02095	0.02422	0.01569	0.00987	0.00994	0.00313	0.01391	0.00913	0.00617	0.01475
4	0.03071	0.01959	0.02299	0.01868	0.02455	0.02008	0.01500	0.22869	0.03791	0.14360	0.25454	0.05005	0.05423	0.01656	0.01139	0.00326	0.00835	0.01380	0.01146	0.01457
5	0.01693	0.01234	0.01943	0.01849	0.02105	0.01158	0.07084	0.02017	0.02225	0.06517	0.10130	0.42551	0.06123	0.03042	0.04563	0.00476	0.00884	0.02454	0.00945	0.01007
6	0.02615	0.03167	0.13263	0.03599	0.04636	0.02692	0.30307	0.08757	0.12306	0.03902	0.02542	0.02925	0.01883	0.01048	0.01159	0.00350	0.01510	0.01135	0.00674	0.01531
7	0.03759	0.15039	0.03449	0.02546	0.03173	0.45493	0.02000	0.07252	0.02980	0.02840	0.01666	0.01912	0.01390	0.01069	0.00913	0.00267	0.01723	0.00679	0.00563	0.01286
8	0.01391	0.01004	0.01294	0.01415	0.01555	0.00938	0.00998	0.01673	0.02302	0.03105	0.19327	0.35860	0.10910	0.07724	0.01648	0.00450	0.00636	0.05877	0.01002	0.00889
9	0.35670	0.01915	0.02029	0.01650	0.02390	0.01940	0.01361	0.04188	0.02448	0.32340	0.02898	0.02711	0.01923	0.01154	0.00870	0.00327	0.00861	0.00832	0.01000	0.01491
10	0.01309	0.01073	0.01153	0.01133	0.01464	0.00918	0.00850	0.01632	0.02550	0.03188	0.21504	0.09629	0.44817	0.02554	0.01249	0.00351	0.00527	0.02155	0.01026	0.00918
11	0.03138	0.47282	0.04835	0.02063	0.02867	0.19264	0.01874	0.03459	0.02383	0.02515	0.01515	0.01754	0.01358	0.00956	0.00755	0.00239	0.01346	0.00597	0.00478	0.01321
12	0.19728	0.01407	0.01541	0.01456	0.01866	0.01398	0.01108	0.02631	0.02349	0.12973	0.13571	0.21554	0.10301	0.02096	0.01092	0.00361	0.00688	0.01769	0.00986	0.01124
13	0.38431	0.01802	0.01806	0.01548	0.02177	0.01883	0.01251	0.03548	0.02311	0.21254	0.07315	0.07224	0.02799	0.01356	0.00886	0.00335	0.00802	0.01021	0.00931	0.01321
14	0.04138	0.01860	0.02325	0.01822	0.02546	0.01755	0.01492	0.12940	0.03224	0.39077	0.03763	0.03474	0.02491	0.01289	0.01006	0.00311	0.00875	0.01030	0.12923	0.01658
15	0.02622	0.01313	0.01696	0.01503	0.01927	0.01167	0.01143	0.02965	0.02653	0.22948	0.18375	0.15104	0.12815	0.06989	0.01529	0.00405	0.00711	0.01788	0.01120	0.01226
16	0.08276	0.01839	0.02268	0.01866	0.02538	0.01774	0.01495	0.08928	0.08293	0.35145	0.04106	0.12309	0.03172	0.01601	0.01080	0.00345	0.00869	0.01329	0.01168	0.01600
17	0.01867	0.01262	0.01524	0.01469	0.01750	0.01233	0.01064	0.02537	0.09580	0.08011	0.21202	0.18885	0.11642	0.10954	0.01820	0.00458	0.00684	0.01958	0.01031	0.01068
18	0.01474	0.00998	0.01172	0.01235	0.01250	0.00983	0.00728	0.01521	0.01662	0.02216	0.03968	0.21006	0.04647	0.47659	0.04353	0.00873	0.00920	0.01912	0.00728	0.00696
19	0.26116	0.01808	0.02051	0.01663	0.02370	0.01769	0.01363	0.04158	0.02617	0.34386	0.08461	0.03409	0.02870	0.01286	0.00946	0.00328	0.00832	0.00986	0.01078	0.01502
20	0.01646	0.01151	0.01409	0.01389	0.01486	0.01228	0.00916	0.01963	0.06109	0.02338	0.03186	0.05722	0.03354	0.39890	0.17968	0.05998	0.01444	0.01365	0.00647	0.00791
21	0.01565	0.01002	0.01280	0.01408	0.01498	0.00947	0.00922	0.01712	0.01950	0.05786	0.05036	0.43330	0.05857	0.19680	0.02449	0.00588	0.00745	0.02482	0.00907	0.00855
22	0.01516	0.01041	0.01396	0.01417	0.01526	0.01074	0.00985	0.01696	0.01894	0.02626	0.12483	0.14050	0.04811	0.21084	0.19930	0.07882	0.01404	0.01636	0.00741	0.00808
23	0.02484	0.02247	0.03531	0.26704	0.20779	0.05437	0.06683	0.03116	0.02430	0.06991	0.07085	0.03237	0.02385	0.01132	0.01082	0.00333	0.01301	0.01050	0.00620	0.01376
24	0.02382	0.02281	0.04009	0.26790	0.18154	0.02451	0.13739	0.06994	0.02498	0.03359	0.02243	0.06157	0.01869	0.01139	0.01113	0.00346	0.01389	0.01128	0.00574	0.01385
25	0.02716	0.54349	0.13696	0.01999	0.03007	0.03912	0.02139	0.03195	0.02162	0.02623	0.01537	0.01780	0.01354	0.00920	0.00730	0.00243	0.01199	0.00599	0.00451	0.01389
26	0.02209	0.07210	0.11467	0.01798	0.02281	0.01535	0.01620	0.02440	0.02034	0.10301	0.03431	0.21906	0.03478	0.02523	0.01965	0.19510	0.00947	0.01556	0.00745	0.01046
27	0.02552	0.11955	0.17806	0.03573	0.09708	0.02631	0.21531	0.03342	0.02382	0.07037	0.02336	0.06133	0.01908	0.01101	0.01079	0.00330	0.01448	0.01097	0.00582	0.01468
28	0.09432	0.02045	0.02427	0.01905	0.02692	0.05628	0.01559	0.04939	0.02935	0.49371	0.03797	0.03344	0.02422	0.01270	0.01026	0.00323	0.00965	0.01001	0.01208	0.01712
29	0.02059	0.01943	0.03284	0.54887	0.12208	0.02365	0.02967	0.02756	0.02144	0.02777	0.01890	0.02799	0.01436	0.01046	0.01056	0.00349	0.01394	0.00940	0.00475	0.01225
30	0.02781	0.26338	0.21909	0.02546	0.03636	0.06244	0.07567	0.03619	0.05327	0.07664	0.02081	0.02292	0.01592	0.01011	0.00913	0.00294	0.01344	0.00790	0.00573	0.01480
31	0.02392	0.02279	0.03816	0.14454	0.43445	0.02336	0.02969	0.02999	0.02362	0.03280	0.02782	0.03351	0.06666	0.01122	0.01067	0.00324	0.01213	0.01062	0.00558	0.01523
32	0.02496	0.02852	0.06239	0.04456	0.05526	0.02674	0.52406	0.03387	0.02496	0.03387	0.02139	0.02852	0.01604	0.00891	0.01248	0.00357	0.01783	0.01248	0.00535	0.01426
33	0.01519	0.01121	0.01469	0.01663	0.01889	0.01071	0.01360	0.01894	0.02338	0.02998	0.06695	0.22678	0.16462	0.02958	0.01393	0.00448	0.00804	0.29331	0.00977	0.00932
34	0.04334	0.01842	0.02418	0.01880	0.02641	0.01670	0.01542	0.09611	0.03218	0.46450	0.09348	0.03938	0.03298	0.01393	0.01082	0.00327	0.00885	0.01140	0.01268	0.01716
35	0.01997	0.01879	0.03171	0.60301	0.07282	0.02349	0.02936	0.02701	0.02114	0.02701	0.01879	0.02819	0.01409	0.01057	0.01057	0.00352	0.01409	0.00940	0.00470	0.01175
36	0.01273	0.00981	0.01164	0.01311	0.01491	0.00872	0.00910	0.01490	0.02179	0.02762	0.07784	0.41324	0.26558	0.03058	0.01309	0.00400	0.00582	0.02695	0.00982	0.00872
37	0.27094	0.02149	0.02495	0.02114	0.02747	0.02360	0.07440	0.10519	0.13161	0.04481	0.03016	0.08239	0.02648	0.01473	0.00999	0.00359	0.00982	0.05543	0.00840	0.01340
38	0.01997	0.01879	0.03171	0.60301	0.07282	0.02349	0.02936	0.02701	0.02114	0.02701	0.01879	0.02819	0.01409	0.01057	0.01057	0.00352	0.01409	0.00940	0.00470	0.01175
39	0.02121	0.05469	0.57364	0.03014	0.04576	0.02455	0.03906	0.03348	0.02232	0.03348	0.01897	0.02232	0.01339	0.01005	0.01005	0.00335	0.01563	0.00781	0.00446	0.01563
40	0.02383	0.10601	0.46929	0.02841	0.04269	0.02701	0.03515	0.08450	0.02508	0.03612	0.01924	0.02214	0.01389	0.01023	0.00980	0.00323	0.01481	0.00779	0.00510	0.01568
41	0.02428	0.02591	0.12498	0.33083	0.09799	0.02331	0.02838	0.03455	0.08391	0.08704	0.02414	0.02914	0.01758	0.01109	0.01050	0.00344	0.01303	0.00955	0.00628	0.01406
42	0.01288	0.00920	0.01227	0.01472	0.01534	0.00859	0.00981	0.01472	0.02024	0.02699	0.05828	0.62152	0.06993	0.03312	0.01350	0.00429	0.00613	0.03006	0.00981	0.00859
43	0.58848	0.02084	0.01761	0.01515	0.02199	0.02351	0.01248	0.06812	0.02150	0.10294	0.01827	0.01970	0.01344	0.01036	0.00725	0.00326	0.00851	0.00650	0.00751	0.01259
44	0.10768	0.02221	0.02595	0.11151	0.03461	0.06593	0.01818	0.09417	0.02958	0.33530	0.03163	0.03039	0.02092	0.01214	0.01012	0.00326	0.01081	0.00952	0.01022	0.01588
45	0.01532	0.01132	0.01705	0.01697	0.01895	0.01069	0.06270	0.01843	0.02107	0.02986	0.05033	0.45907	0.05691	0.02701	0.01233	0.00390	0.00714	0.02473	0.12685	0.00940
46	0.07854	0.02216	0.03609	0.18583	0.17317	0.02221	0.11042	0.02976	0.02245	0.03349	0.01918	0.02535	0.01524	0.00928	0.00989	0.00295	0.01238	0.00888	0.00547	0.17728
47	0.01512	0.01019	0.01211	0.01240	0.01463	0.00943	0.00901	0.01894	0.02482	0.03561	0.23943	0.20396	0.15590	0.02315	0.01156	0.00340	0.00531	0.02018	0.16542	0.00943
48	0.02196	0.03803	0.30637	0.13024	0.04793	0.02360	0.10774	0.06318	0.02412	0.03394	0.02381	0.08662	0.02009	0.01253	0.01090	0.00350	0.01445	0.01123	0.00560	0.01417
49	0.01288	0.00920	0.01227	0.01472	0.01534	0.00859	0.00981	0.01472	0.02024	0.02699	0.05828	0.62152	0.06993	0.03312	0.01350	0.00429	0.00613	0.03006	0.00981	0.00859
50	0.14807	0.02062	0.02414	0.01914	0.02689	0.02054	0.01570	0.12104	0.08289	0.35772	0.03509	0.03174	0.02321	0.01263	0.00999	0.00329	0.00920	0.00982	0.01143	0.01683
51	0.19084	0.03395	0.02662	0.02265	0.02939	0.22001	0.01789	0.19931	0.08531	0.04598	0.02161	0.02274	0.01642	0.01158	0.00931	0.00308	0.01306	0.00796	0.00791	0.01439

[dist]
# distance from previous block
# <min> <max>
0	2

[block]
# block no. 2 follows, 13 sequences, length 54
# corresponding to MSA columns:
# 194-247
name=unknown_C
#
# <colnr> <probs for GDERKNQSTAVLIFYWHMCP>
#	G	D	E	R	K	N	Q	S	T	A	V	L	I	F	Y	W	H	M	C	P
0	0.65577	0.02033	0.01666	0.05472	0.02408	0.02370	0.01269	0.03080	0.01821	0.04602	0.01500	0.01794	0.01163	0.00987	0.00682	0.00329	0.00859	0.00598	0.00642	0.01147
1	0.02533	0.02427	0.04140	0.13759	0.49632	0.02490	0.03203	0.03171	0.02368	0.03353	0.01974	0.02644	0.01639	0.00958	0.01048	0.00319	0.01277	0.00942	0.00516	0.01607
2	0.02218	0.01908	0.02703	0.20976	0.04125	0.02110	0.05778	0.09461	0.10998	0.03880	0.14525	0.04768	0.09036	0.01526	0.01134	0.00345	0.01037	0.01339	0.00844	0.01289
3	0.01455	0.01087	0.01497	0.06813	0.02085	0.01064	0.01169	0.01842	0.02507	0.03455	0.29911	0.30094	0.07942	0.02541	0.01272	0.00375	0.00630	0.02280	0.01024	0.00956
4	0.02574	0.02139	0.02936	0.28681	0.08668	0.02420	0.02330	0.14373	0.07603	0.03970	0.02380	0.02880	0.01796	0.01123	0.01012	0.00319	0.01170	0.00945	0.05894	0.06787
5	0.01379	0.00986	0.01327	0.01548	0.01656	0.00934	0.01114	0.01641	0.02169	0.02895	0.09406	0.49085	0.07045	0.03158	0.01362	0.00433	0.00671	0.11309	0.00993	0.00890
6	0.17331	0.02577	0.11362	0.07577	0.03491	0.02150	0.07055	0.07525	0.02544	0.18860	0.02634	0.03013	0.01922	0.05899	0.01321	0.00387	0.01154	0.00951	0.00808	0.01439
7	0.02966	0.26422	0.05092	0.02855	0.03785	0.03233	0.20034	0.08563	0.06228	0.07687	0.02228	0.02503	0.01719	0.01005	0.00980	0.00299	0.01330	0.00933	0.00654	0.01483
8	0.01288	0.00920	0.01227	0.01472	0.01534	0.00859	0.00981	0.01472	0.02024	0.02699	0.05828	0.62152	0.06993	0.03312	0.01350	0.00429	0.00613	0.03006	0.00981	0.00859
9	0.02043	0.01969	0.03453	0.55164	0.07121	0.02379	0.07486	0.02764	0.02149	0.02764	0.01903	0.02822	0.01427	0.01042	0.01075	0.00353	0.01444	0.00968	0.00476	0.01198
10	0.59971	0.02188	0.01807	0.01553	0.02237	0.02513	0.01280	0.10846	0.02294	0.05043	0.01639	0.01846	0.01247	0.01026	0.00717	0.00326	0.00872	0.00632	0.00717	0.01247
11	0.02343	0.01837	0.01832	0.01631	0.01907	0.05633	0.01129	0.13203	0.07239	0.03306	0.03132	0.05349	0.03172	0.39574	0.03742	0.00758	0.01099	0.01320	0.00765	0.01027
12	0.04264	0.02568	0.02930	0.02246	0.03083	0.02695	0.01855	0.36622	0.04313	0.23692	0.03091	0.02897	0.02075	0.01283	0.01060	0.00321	0.01074	0.00990	0.01143	0.01799
13	0.01997	0.01879	0.03171	0.60301	0.07282	0.02349	0.02936	0.02701	0.02114	0.02701	0.01879	0.02819	0.01409	0.01057	0.01057	0.00352	0.01409	0.00940	0.00470	0.01175
14	0.01540	0.01072	0.01374	0.01298	0.01548	0.00997	0.00974	0.02038	0.02922	0.04213	0.50884	0.07534	0.09308	0.02076	0.01200	0.00325	0.00498	0.01827	0.07377	0.00997
15	0.01496	0.01081	0.01413	0.01330	0.01580	0.00998	0.00998	0.01995	0.02993	0.04240	0.55689	0.07898	0.09976	0.02162	0.01247	0.00333	0.00499	0.01912	0.01164	0.00998
16	0.01307	0.01003	0.01197	0.01297	0.01501	0.00894	0.00916	0.01572	0.02324	0.03003	0.15576	0.33835	0.25995	0.02889	0.01295	0.00387	0.00566	0.02539	0.01010	0.00894
17	0.02701	0.01339	0.01756	0.01554	0.01982	0.01204	0.01200	0.03070	0.02694	0.23580	0.20177	0.11579	0.09245	0.08141	0.01617	0.00421	0.00746	0.04628	0.01124	0.01242
18	0.04629	0.01983	0.02568	0.01968	0.02791	0.01827	0.01626	0.12685	0.03334	0.49012	0.03913	0.03431	0.02488	0.01302	0.01062	0.00326	0.00941	0.01046	0.01269	0.01799
19	0.70310	0.02045	0.01554	0.01390	0.02045	0.02372	0.01145	0.03108	0.01799	0.04744	0.01472	0.01718	0.01145	0.00981	0.00654	0.00327	0.00818	0.00573	0.00654	0.01145
20	0.03020	0.23038	0.03633	0.02102	0.02861	0.03304	0.01797	0.15764	0.25268	0.04293	0.02938	0.02860	0.02265	0.01218	0.00938	0.00304	0.01012	0.00927	0.00862	0.01596
21	0.02685	0.02113	0.07125	0.14280	0.07874	0.01757	0.02023	0.03236	0.02374	0.15715	0.02823	0.08726	0.02316	0.01248	0.01002	0.00292	0.01025	0.01071	0.00766	0.21551
22	0.02959	0.08003	0.21340	0.06195	0.03967	0.02379	0.09503	0.08165	0.02744	0.16037	0.06209	0.03050	0.02318	0.01159	0.01052	0.00327	0.01286	0.00998	0.00766	0.01541
23	0.02149	0.02230	0.04467	0.03392	0.04078	0.02264	0.31149	0.02814	0.02156	0.03005	0.02311	0.03247	0.01937	0.03339	0.20754	0.00817	0.06926	0.01183	0.00540	0.01242
24	0.01821	0.01109	0.01413	0.01336	0.01613	0.01028	0.01001	0.02280	0.02775	0.08434	0.38085	0.12376	0.07910	0.02059	0.01161	0.00328	0.00543	0.01805	0.11873	0.01049
25	0.08332	0.02721	0.08037	0.06959	0.03267	0.10563	0.01944	0.08000	0.02933	0.26887	0.07223	0.03272	0.02626	0.01267	0.01026	0.00321	0.01145	0.00992	0.00959	0.01526
26	0.03796	0.07113	0.11513	0.02541	0.08393	0.02079	0.02124	0.04566	0.07051	0.34675	0.03402	0.03171	0.02277	0.01204	0.01025	0.00322	0.01052	0.00980	0.01010	0.01706
27	0.04489	0.02208	0.02706	0.02075	0.02903	0.02160	0.01714	0.21865	0.03710	0.39302	0.03598	0.03226	0.02329	0.01295	0.01061	0.00324	0.00992	0.01024	0.01220	0.01799
28	0.01314	0.00968	0.01232	0.01389	0.01525	0.00885	0.00957	0.01559	0.02232	0.02960	0.14233	0.45886	0.14901	0.03039	0.01319	0.00403	0.00584	0.02720	0.01010	0.00885
29	0.03468	0.03115	0.17328	0.10041	0.04042	0.06598	0.06085	0.04155	0.02657	0.27489	0.02921	0.02946	0.01948	0.01148	0.01051	0.00330	0.01286	0.00955	0.00854	0.01582
30	0.12411	0.12003	0.09868	0.01897	0.02747	0.02139	0.01791	0.04016	0.02619	0.29173	0.08280	0.03305	0.02798	0.01248	0.00959	0.00313	0.00971	0.00969	0.00960	0.01532
31	0.04744	0.01799	0.02454	0.01881	0.02699	0.01554	0.01554	0.05153	0.03026	0.56979	0.04171	0.03599	0.02617	0.01309	0.01063	0.00327	0.00900	0.01063	0.01309	0.01799
32	0.02529	0.04897	0.48811	0.02837	0.04284	0.02315	0.03540	0.03629	0.02356	0.11702	0.02252	0.02445	0.01538	0.01052	0.01014	0.00334	0.01459	0.00825	0.00581	0.01599
33	0.02946	0.07424	0.08149	0.01859	0.02824	0.01894	0.01683	0.06420	0.02558	0.16058	0.02423	0.02505	0.01786	0.00968	0.00879	0.00230	0.00941	0.00759	0.00780	0.36916
34	0.01531	0.01156	0.01576	0.01568	0.01701	0.01260	0.01150	0.01828	0.02039	0.02870	0.15872	0.17081	0.05341	0.13693	0.20718	0.00914	0.06256	0.01743	0.00795	0.00909
35	0.02189	0.02076	0.03519	0.43614	0.22466	0.02400	0.03032	0.02870	0.02205	0.02935	0.01913	0.02756	0.01492	0.01021	0.01054	0.00340	0.01362	0.00940	0.00486	0.01330
36	0.02531	0.19651	0.33635	0.02819	0.04097	0.02862	0.09601	0.03431	0.02300	0.06834	0.01977	0.02272	0.01467	0.00985	0.00958	0.00309	0.01436	0.00807	0.00519	0.01509
37	0.02853	0.03553	0.25038	0.03063	0.04256	0.02227	0.17521	0.03730	0.02494	0.15960	0.02502	0.02734	0.01736	0.01025	0.01073	0.00326	0.01412	0.00974	0.00689	0.06835
38	0.01288	0.00920	0.01227	0.01472	0.01534	0.00859	0.00981	0.01472	0.02024	0.02699	0.05828	0.62152	0.06993	0.03312	0.01350	0.00429	0.00613	0.03006	0.00981	0.00859
39	0.01805	0.01603	0.02473	0.02115	0.02572	0.01559	0.11620	0.02661	0.10280	0.03496	0.16545	0.16195	0.14894	0.02140	0.01255	0.00374	0.00874	0.05453	0.00943	0.01142
40	0.02288	0.03744	0.27660	0.13399	0.20980	0.02476	0.08008	0.03216	0.02291	0.03281	0.01945	0.02502	0.01478	0.00983	0.01048	0.00333	0.01464	0.00899	0.00482	0.01522
41	0.02214	0.02026	0.03284	0.50456	0.11908	0.02437	0.02897	0.06581	0.02362	0.03080	0.01941	0.02777	0.01466	0.01062	0.01056	0.00346	0.01375	0.00941	0.00520	0.01273
42	0.70310	0.02045	0.01554	0.01390	0.02045	0.02372	0.01145	0.03108	0.01799	0.04744	0.01472	0.01718	0.01145	0.00981	0.00654	0.00327	0.00818	0.00573	0.00654	0.01145
43	0.01496	0.01081	0.01413	0.01330	0.01580	0.00998	0.00998	0.01995	0.02993	0.04240	0.55689	0.07898	0.09976	0.02162	0.01247	0.00333	0.00499	0.01912	0.01164	0.00998
44	0.01356	0.00949	0.01207	0.01385	0.01430	0.00904	0.00889	0.01490	0.01892	0.02523	0.05149	0.47129	0.06137	0.19504	0.02446	0.00591	0.00725	0.02606	0.00889	0.00799
45	0.01421	0.01046	0.01302	0.01299	0.01513	0.00957	0.00935	0.01785	0.02608	0.03561	0.35114	0.18064	0.16618	0.07097	0.01582	0.00407	0.00566	0.02136	0.01060	0.00928
46	0.01477	0.01080	0.01387	0.01310	0.01568	0.00989	0.00983	0.01958	0.02948	0.04133	0.52198	0.08075	0.13534	0.02202	0.01247	0.00334	0.00502	0.01937	0.01150	0.00989
47	0.02590	0.01867	0.02233	0.01615	0.02536	0.01432	0.01300	0.03050	0.02322	0.11783	0.02236	0.02412	0.01730	0.00865	0.00827	0.00183	0.00801	0.00694	0.00733	0.58791
48	0.01681	0.01081	0.01430	0.01424	0.01652	0.00993	0.01036	0.02062	0.02656	0.07881	0.34104	0.26598	0.08346	0.02498	0.01268	0.00366	0.00571	0.02229	0.01111	0.01012
49	0.02150	0.01556	0.01882	0.01498	0.02159	0.01249	0.01169	0.02582	0.02458	0.08907	0.14972	0.08749	0.08451	0.01487	0.00995	0.00250	0.00699	0.01265	0.00870	0.36654
50	0.01715	0.01521	0.01594	0.06375	0.02216	0.05527	0.01239	0.02215	0.06471	0.02853	0.06610	0.15400	0.24302	0.10363	0.01777	0.00462	0.00855	0.06663	0.00868	0.00975
51	0.22400	0.07805	0.01996	0.01528	0.01927	0.01984	0.01192	0.06414	0.02041	0.03408	0.02609	0.04430	0.02603	0.21015	0.10623	0.00740	0.01244	0.04343	0.00672	0.01024
52	0.18955	0.19679	0.14417	0.01973	0.02924	0.02718	0.01999	0.03593	0.05474	0.11253	0.02155	0.02263	0.01617	0.01026	0.00828	0.00290	0.01069	0.00727	0.00674	0.06366
53	0.13554	0.17288	0.13644	0.02075	0.02974	0.02747	0.02040	0.10361	0.06220	0.11730	0.02559	0.06054	0.02040	0.01229	0.00915	0.00312	0.01084	0.00927	0.00767	0.01480

[dist]
# distance from previous block
# <min> <max>
1	26

[block]
# block no. 3 follows, 13 sequences, length 16
# corresponding to MSA columns:
# 274-289
name=unknown_D
#
# <colnr> <probs for GDERKNQSTAVLIFYWHMCP>
#	G	D	E	R	K	N	Q	S	T	A	V	L	I	F	Y	W	H	M	C	P
0	0.01829	0.06170	0.01885	0.01530	0.01924	0.01466	0.01161	0.07277	0.02521	0.03363	0.09752	0.29410	0.14157	0.02365	0.01165	0.00345	0.00711	0.02055	0.00918	0.09997
1	0.10114	0.10454	0.10199	0.01850	0.02813	0.02053	0.01748	0.03442	0.02342	0.15732	0.02311	0.02405	0.01704	0.00971	0.00850	0.00248	0.00966	0.00734	0.00738	0.28326
2	0.02925	0.07602	0.02988	0.02061	0.02934	0.09445	0.05079	0.08524	0.02688	0.08487	0.02111	0.02325	0.01645	0.00941	0.00884	0.00224	0.01080	0.00746	0.00703	0.36605
3	0.02406	0.06382	0.02198	0.01667	0.02221	0.01622	0.01303	0.07906	0.02606	0.10554	0.08164	0.23148	0.04269	0.01887	0.01072	0.00309	0.00784	0.01629	0.00915	0.18959
4	0.13465	0.07469	0.07669	0.02714	0.09970	0.02787	0.02091	0.18680	0.11932	0.09156	0.02603	0.02660	0.01921	0.01163	0.00965	0.00321	0.01077	0.00899	0.00851	0.01607
5	0.09183	0.02445	0.10355	0.07529	0.10300	0.01927	0.02153	0.03976	0.02554	0.27122	0.02874	0.02887	0.01963	0.01107	0.00985	0.00309	0.01062	0.00904	0.00878	0.09484
6	0.08691	0.25206	0.18340	0.02186	0.03207	0.03043	0.02292	0.07776	0.06544	0.10143	0.02229	0.02323	0.01672	0.01060	0.00874	0.00294	0.01172	0.00767	0.00673	0.01510
7	0.02687	0.52032	0.15766	0.02047	0.03081	0.03843	0.02223	0.03202	0.02165	0.02657	0.01554	0.01802	0.01353	0.00924	0.00743	0.00248	0.01216	0.00608	0.00451	0.01397
8	0.01751	0.01584	0.02708	0.27909	0.04574	0.01743	0.08202	0.02253	0.02122	0.02785	0.03622	0.28532	0.03853	0.02014	0.01207	0.00386	0.01111	0.01873	0.00700	0.01069
9	0.02107	0.01991	0.03370	0.50770	0.15954	0.02378	0.02991	0.02798	0.02166	0.02835	0.01899	0.02783	0.01456	0.01037	0.01055	0.00346	0.01382	0.00940	0.00479	0.01263
10	0.01683	0.00973	0.01262	0.01262	0.01262	0.00973	0.00776	0.01460	0.01460	0.01946	0.02603	0.05114	0.02866	0.34020	0.04773	0.34253	0.00973	0.01236	0.00552	0.00552
11	0.02063	0.01947	0.03291	0.54563	0.12503	0.02366	0.02969	0.02759	0.02145	0.02782	0.01891	0.02797	0.01438	0.01045	0.01056	0.00348	0.01393	0.00940	0.00476	0.01228
12	0.24127	0.01798	0.02050	0.01652	0.02369	0.01747	0.01357	0.04294	0.02585	0.36485	0.03297	0.03067	0.02185	0.01204	0.00911	0.00320	0.00838	0.00909	0.07276	0.01529
13	0.02708	0.03051	0.16432	0.02324	0.03184	0.02473	0.02224	0.10892	0.27370	0.07425	0.07732	0.03633	0.03086	0.01357	0.01069	0.00343	0.01040	0.01110	0.00934	0.01612
14	0.02913	0.01857	0.02266	0.01655	0.02560	0.01450	0.01338	0.03365	0.02428	0.18556	0.02526	0.02589	0.01863	0.00931	0.00862	0.00205	0.00816	0.00750	0.00819	0.50251
15	0.01520	0.01299	0.02012	0.01795	0.02137	0.01185	0.08897	0.01917	0.02449	0.03250	0.19593	0.25605	0.19262	0.02475	0.01282	0.00374	0.00745	0.02251	0.00960	0.00992

[dist]
# distance from previous block
# <min> <max>
0	9

[block]
# block no. 4 follows, 13 sequences, length 17
# corresponding to MSA columns:
# 299-315
name=unknown_E
#
# <colnr> <probs for GDERKNQSTAVLIFYWHMCP>
#	G	D	E	R	K	N	Q	S	T	A	V	L	I	F	Y	W	H	M	C	P
0	0.01979	0.01904	0.03433	0.38583	0.05896	0.02174	0.12006	0.02640	0.02138	0.02807	0.02383	0.08393	0.02078	0.01902	0.06730	0.00491	0.01546	0.01206	0.00538	0.01171
1	0.02304	0.01497	0.01920	0.02053	0.06204	0.01501	0.01418	0.07173	0.07587	0.10470	0.04642	0.30101	0.04730	0.02287	0.01188	0.00378	0.00785	0.05323	0.07212	0.01226
2	0.07944	0.18449	0.16972	0.02619	0.03639	0.10061	0.10758	0.03490	0.02378	0.07067	0.01931	0.02221	0.01485	0.00977	0.00921	0.00290	0.01380	0.00788	0.00566	0.06062
3	0.15372	0.20107	0.22561	0.03033	0.13354	0.02922	0.02683	0.03233	0.02160	0.03399	0.01717	0.02061	0.01371	0.00961	0.00857	0.00300	0.01245	0.00713	0.00502	0.01448
4	0.01800	0.00942	0.01414	0.01414	0.01435	0.00964	0.00964	0.01435	0.01414	0.01906	0.01949	0.03320	0.01928	0.04154	0.10286	0.61615	0.01134	0.00942	0.00471	0.00514
5	0.01999	0.01861	0.03142	0.11631	0.12649	0.01887	0.12157	0.02694	0.05862	0.03194	0.08808	0.12103	0.08381	0.07052	0.01553	0.00415	0.01114	0.01555	0.00730	0.01215
6	0.08148	0.07578	0.15277	0.06972	0.08922	0.02290	0.08060	0.03897	0.02511	0.22133	0.02665	0.02781	0.01842	0.01086	0.01010	0.00325	0.01227	0.00928	0.00783	0.01567
7	0.01837	0.00918	0.01377	0.01377	0.01377	0.00918	0.00918	0.01377	0.01377	0.01837	0.01837	0.03214	0.01837	0.03673	0.04132	0.69238	0.00918	0.00918	0.00459	0.00459
8	0.01441	0.01044	0.01145	0.01139	0.01273	0.00980	0.00719	0.01564	0.01925	0.02468	0.09452	0.08047	0.21174	0.38972	0.03745	0.00759	0.00829	0.01790	0.00789	0.00748
9	0.02697	0.17891	0.11999	0.06470	0.07831	0.02705	0.16193	0.03352	0.02375	0.09859	0.02456	0.07136	0.02044	0.01164	0.01031	0.00320	0.01328	0.01086	0.00630	0.01435
10	0.02454	0.11240	0.36234	0.03271	0.08276	0.02755	0.09589	0.07699	0.02512	0.03558	0.01943	0.02306	0.01441	0.00998	0.01006	0.00322	0.01483	0.00843	0.00518	0.01551
11	0.02496	0.02852	0.06239	0.04456	0.05526	0.02674	0.52406	0.03387	0.02496	0.03387	0.02139	0.02852	0.01604	0.00891	0.01248	0.00357	0.01783	0.01248	0.00535	0.01426
12	0.02414	0.01770	0.02702	0.03550	0.23453	0.01730	0.02004	0.02994	0.05476	0.11158	0.07383	0.22845	0.04227	0.01890	0.01164	0.00358	0.00915	0.01722	0.00866	0.01377
13	0.09463	0.02427	0.03215	0.09128	0.19748	0.02590	0.02315	0.18232	0.06951	0.11722	0.02556	0.02760	0.01877	0.01139	0.01019	0.00325	0.01125	0.00946	0.00834	0.01631
14	0.01700	0.07235	0.07309	0.01796	0.02151	0.01530	0.01575	0.02102	0.02053	0.02753	0.04109	0.18927	0.04457	0.10384	0.13022	0.00735	0.01338	0.15068	0.00758	0.00998
15	0.04281	0.02284	0.02722	0.02115	0.02924	0.02306	0.01738	0.23309	0.08313	0.33161	0.03561	0.03226	0.02359	0.01305	0.01062	0.00326	0.00995	0.01033	0.01192	0.01788
16	0.08729	0.02987	0.03211	0.03545	0.19197	0.14897	0.02238	0.13795	0.03130	0.14543	0.02412	0.02569	0.01776	0.01116	0.01002	0.00309	0.01278	0.00882	0.00800	0.01585

[dist]
# distance from previous block
# <min> <max>
0	2

[block]
# block no. 5 follows, 13 sequences, length 38
# corresponding to MSA columns:
# 318-355
name=unknown_F
#
# <colnr> <probs for GDERKNQSTAVLIFYWHMCP>
#	G	D	E	R	K	N	Q	S	T	A	V	L	I	F	Y	W	H	M	C	P
0	0.02851	0.01601	0.02326	0.02536	0.12556	0.01478	0.01629	0.03318	0.02816	0.22705	0.23123	0.09556	0.05523	0.01712	0.01151	0.00335	0.00797	0.01508	0.01077	0.01403
1	0.20546	0.02538	0.02720	0.02830	0.12792	0.07354	0.01902	0.11667	0.11420	0.12247	0.02617	0.02678	0.01928	0.01152	0.00947	0.00324	0.01064	0.00886	0.00849	0.01538
2	0.02747	0.15570	0.02866	0.01779	0.02431	0.02196	0.01466	0.10784	0.02701	0.11414	0.03338	0.19167	0.03234	0.01675	0.01004	0.00299	0.00891	0.01397	0.00856	0.14185
3	0.08826	0.35785	0.14463	0.02058	0.03051	0.03346	0.02136	0.07344	0.02452	0.09028	0.01926	0.02070	0.01506	0.01002	0.00809	0.00273	0.01163	0.00691	0.00609	0.01460
4	0.08523	0.03149	0.08655	0.03243	0.16132	0.17233	0.02218	0.03435	0.06767	0.03563	0.13229	0.03516	0.03365	0.01286	0.01027	0.00314	0.01234	0.01046	0.00710	0.01355
5	0.70310	0.02045	0.01554	0.01390	0.02045	0.02372	0.01145	0.03108	0.01799	0.04744	0.01472	0.01718	0.01145	0.00981	0.00654	0.00327	0.00818	0.00573	0.00654	0.01145
6	0.01365	0.00980	0.01296	0.01419	0.01551	0.00910	0.00987	0.01666	0.02384	0.03271	0.24337	0.42012	0.08100	0.02885	0.01311	0.00393	0.00571	0.02600	0.01049	0.00910
7	0.01518	0.01104	0.01553	0.01553	0.01691	0.01242	0.01139	0.01794	0.01656	0.02346	0.02966	0.04896	0.02965	0.22661	0.44361	0.01518	0.02347	0.01241	0.00586	0.00863
8	0.01448	0.01079	0.01347	0.01280	0.01550	0.00977	0.00960	0.01902	0.02880	0.03971	0.46945	0.08341	0.18888	0.02262	0.01248	0.00337	0.00506	0.01974	0.01129	0.00977
9	0.51710	0.02302	0.02008	0.01683	0.02391	0.02626	0.01388	0.17029	0.02689	0.05282	0.01771	0.01948	0.01328	0.01062	0.00768	0.00324	0.00915	0.00679	0.00768	0.01328
10	0.01288	0.00920	0.01227	0.01472	0.01534	0.00859	0.00981	0.01472	0.02024	0.02699	0.05828	0.62152	0.06993	0.03312	0.01350	0.00429	0.00613	0.03006	0.00981	0.00859
11	0.01997	0.01879	0.03171	0.60301	0.07282	0.02349	0.02936	0.02701	0.02114	0.02701	0.01879	0.02819	0.01409	0.01057	0.01057	0.00352	0.01409	0.00940	0.00470	0.01175
12	0.01442	0.01030	0.01404	0.01649	0.01777	0.00992	0.01250	0.01739	0.02176	0.02872	0.05742	0.43507	0.06656	0.03167	0.01391	0.00451	0.00747	0.20128	0.00979	0.00901
13	0.02827	0.63478	0.05540	0.01809	0.02714	0.04184	0.01809	0.03166	0.02148	0.02488	0.01470	0.01696	0.01357	0.00905	0.00678	0.00226	0.01131	0.00565	0.00452	0.01357
14	0.70310	0.02045	0.01554	0.01390	0.02045	0.02372	0.01145	0.03108	0.01799	0.04744	0.01472	0.01718	0.01145	0.00981	0.00654	0.00327	0.00818	0.00573	0.00654	0.01145
15	0.01997	0.01879	0.03171	0.60301	0.07282	0.02349	0.02936	0.02701	0.02114	0.02701	0.01879	0.02819	0.01409	0.01057	0.01057	0.00352	0.01409	0.00940	0.00470	0.01175
16	0.01496	0.01081	0.01413	0.01330	0.01580	0.00998	0.00998	0.01995	0.02993	0.04240	0.55689	0.07898	0.09976	0.02162	0.01247	0.00333	0.00499	0.01912	0.01164	0.00998
17	0.01997	0.01879	0.03171	0.60301	0.07282	0.02349	0.02936	0.02701	0.02114	0.02701	0.01879	0.02819	0.01409	0.01057	0.01057	0.00352	0.01409	0.00940	0.00470	0.01175
18	0.22792	0.02429	0.02548	0.02010	0.02795	0.02616	0.01659	0.27531	0.03620	0.18044	0.02626	0.02559	0.01809	0.01198	0.00946	0.00322	0.01004	0.00872	0.01004	0.01615
19	0.04019	0.02962	0.03173	0.02433	0.03279	0.03279	0.02010	0.52721	0.04971	0.06663	0.02538	0.02538	0.01798	0.01269	0.01058	0.00317	0.01163	0.00952	0.01058	0.01798
20	0.70310	0.02045	0.01554	0.01390	0.02045	0.02372	0.01145	0.03108	0.01799	0.04744	0.01472	0.01718	0.01145	0.00981	0.00654	0.00327	0.00818	0.00573	0.00654	0.01145
21	0.02521	0.02168	0.03149	0.07761	0.07580	0.02297	0.10283	0.12731	0.13758	0.04314	0.13284	0.04701	0.03947	0.01502	0.01161	0.00352	0.01083	0.05086	0.00896	0.01426
22	0.70310	0.02045	0.01554	0.01390	0.02045	0.02372	0.01145	0.03108	0.01799	0.04744	0.01472	0.01718	0.01145	0.00981	0.00654	0.00327	0.00818	0.00573	0.00654	0.01145
23	0.07790	0.01760	0.02195	0.13881	0.03256	0.01851	0.01636	0.08284	0.07251	0.08602	0.17281	0.04740	0.08295	0.01526	0.01069	0.00323	0.00877	0.01277	0.00911	0.07195
24	0.02492	0.01750	0.02119	0.01581	0.02400	0.01372	0.01263	0.02957	0.02441	0.11992	0.10121	0.03250	0.02963	0.01068	0.00895	0.00209	0.00760	0.00884	0.00813	0.48670
25	0.02381	0.02219	0.02279	0.01690	0.02588	0.07550	0.01338	0.02830	0.02279	0.03353	0.01853	0.02162	0.01544	0.00816	0.00801	0.00169	0.00904	0.00632	0.00618	0.61995
26	0.01770	0.00942	0.01327	0.01327	0.01327	0.00942	0.00856	0.01413	0.01413	0.01884	0.02171	0.04044	0.02286	0.16928	0.04412	0.53957	0.00942	0.01057	0.00500	0.00500
27	0.09042	0.07281	0.07846	0.13227	0.03946	0.06486	0.06441	0.03781	0.02497	0.20309	0.02548	0.02718	0.01787	0.01081	0.00977	0.00310	0.01208	0.00887	0.00773	0.06855
28	0.02281	0.01856	0.03010	0.44272	0.10517	0.02152	0.02631	0.02910	0.02263	0.08608	0.02896	0.03519	0.06252	0.01214	0.01073	0.00347	0.01266	0.01064	0.00609	0.01261
29	0.01512	0.01057	0.01362	0.01450	0.01538	0.01081	0.01012	0.01700	0.01812	0.02438	0.04099	0.17966	0.04602	0.30946	0.14006	0.00947	0.01278	0.09652	0.00748	0.00796
30	0.04056	0.01878	0.02374	0.01861	0.02599	0.01749	0.01523	0.12763	0.03304	0.39403	0.08577	0.04332	0.07694	0.01489	0.01093	0.00328	0.00881	0.01214	0.01225	0.01656
31	0.03153	0.01637	0.02456	0.02282	0.07100	0.01482	0.05066	0.03589	0.02740	0.28655	0.13607	0.15308	0.04642	0.01783	0.01163	0.00348	0.00865	0.01588	0.01098	0.01438
32	0.02226	0.04735	0.43019	0.03418	0.04843	0.02517	0.17515	0.03359	0.02306	0.03359	0.01965	0.02406	0.01414	0.00973	0.01073	0.00341	0.01624	0.00912	0.00471	0.01524
33	0.01288	0.00920	0.01227	0.01472	0.01534	0.00859	0.00981	0.01472	0.02024	0.02699	0.05828	0.62152	0.06993	0.03312	0.01350	0.00429	0.00613	0.03006	0.00981	0.00859
34	0.03303	0.01844	0.02306	0.01703	0.02590	0.01472	0.01384	0.03746	0.02555	0.26743	0.02877	0.02804	0.02024	0.01012	0.00905	0.00231	0.00834	0.00817	0.00923	0.39927
35	0.02192	0.01879	0.02192	0.01566	0.02506	0.01409	0.01253	0.02662	0.02192	0.03445	0.01879	0.02192	0.01566	0.00783	0.00783	0.00157	0.00783	0.00626	0.00626	0.69305
36	0.02142	0.01552	0.01815	0.01770	0.02127	0.01642	0.01311	0.03498	0.23226	0.08201	0.08868	0.29548	0.05327	0.02296	0.01207	0.00385	0.00719	0.02026	0.01062	0.01278
37	0.02652	0.31712	0.29298	0.02373	0.03575	0.03174	0.02760	0.03408	0.02257	0.07214	0.01882	0.02096	0.01449	0.00983	0.00860	0.00285	0.01312	0.00705	0.00518	0.01487

[dist]
# distance from previous block
# <min> <max>
0	3

[block]
# block no. 6 follows, 13 sequences, length 12
# corresponding to MSA columns:
# 359-370
name=unknown_G
#
# <colnr> <probs for GDERKNQSTAVLIFYWHMCP>
#	G	D	E	R	K	N	Q	S	T	A	V	L	I	F	Y	W	H	M	C	P
0	0.10217	0.01773	0.02461	0.03049	0.16992	0.01805	0.01941	0.05301	0.02500	0.07136	0.07423	0.06507	0.03983	0.06130	0.01467	0.00428	0.01006	0.17791	0.00830	0.01261
1	0.01840	0.00957	0.01209	0.01209	0.01294	0.00957	0.00816	0.01779	0.01693	0.02600	0.02614	0.04003	0.02431	0.11372	0.03132	0.35372	0.00786	0.01031	0.24238	0.00669
2	0.25169	0.01650	0.01800	0.01919	0.05984	0.01761	0.01328	0.02939	0.08332	0.07595	0.06213	0.23519	0.04005	0.01925	0.01034	0.00366	0.00772	0.01622	0.00880	0.01187
3	0.46646	0.02138	0.02140	0.01873	0.02299	0.02673	0.01552	0.02912	0.01737	0.03978	0.01443	0.01925	0.01230	0.01284	0.01634	0.00374	0.21730	0.00695	0.00588	0.01149
4	0.01780	0.01094	0.01399	0.01459	0.01610	0.01044	0.01022	0.01986	0.02073	0.07861	0.08037	0.26598	0.05543	0.23699	0.02734	0.00629	0.00828	0.08801	0.00905	0.00899
5	0.01674	0.01293	0.01584	0.01485	0.01855	0.01104	0.01070	0.01948	0.02030	0.02883	0.04017	0.28423	0.04510	0.12419	0.01839	0.00439	0.00767	0.05209	0.00800	0.24651
6	0.03494	0.42013	0.04466	0.01834	0.02709	0.03268	0.01720	0.03857	0.02454	0.21451	0.02410	0.02358	0.01795	0.01045	0.00812	0.00261	0.01050	0.00739	0.00750	0.01511
7	0.46756	0.02124	0.01845	0.01655	0.02290	0.02462	0.01329	0.03982	0.20083	0.04632	0.02458	0.02493	0.01870	0.01139	0.00801	0.00338	0.00824	0.00789	0.00801	0.01329
8	0.02436	0.01739	0.01972	0.01765	0.02111	0.01850	0.01340	0.19487	0.02921	0.03890	0.03532	0.06446	0.03603	0.28827	0.03053	0.00666	0.01062	0.11331	0.00856	0.01113
9	0.03494	0.42013	0.04466	0.01834	0.02709	0.03268	0.01720	0.03857	0.02454	0.21451	0.02410	0.02358	0.01795	0.01045	0.00812	0.00261	0.01050	0.00739	0.00750	0.01511
10	0.46710	0.02326	0.03184	0.02457	0.03256	0.02477	0.18985	0.03205	0.02042	0.04272	0.01704	0.02112	0.01305	0.00950	0.00861	0.00337	0.01154	0.00808	0.00613	0.01243
