[name]
unknown

[dist]
# distance from previous block
# <min> <max>
10	18

[block]
# block no. 0 follows, 13 sequences, length 11
# corresponding to MSA columns:
# 19-29
name=unknown_A
#
# <colnr> <probs for GDERKNQSTAVLIFYWHMCP>
#	G	D	E	R	K	N	Q	S	T	A	V	L	I	F	Y	W	H	M	C	P
0	0.30909	0.02528	0.02446	0.01984	0.02730	0.02853	0.01628	0.28422	0.07960	0.05687	0.02257	0.02326	0.01656	0.01166	0.00895	0.00325	0.00994	0.00818	0.00895	0.01521
1	0.63063	0.02145	0.01731	0.01504	0.02180	0.02471	0.01240	0.08532	0.02146	0.04954	0.01589	0.01807	0.01216	0.01013	0.00698	0.00326	0.00856	0.00614	0.00698	0.01216
2	0.02583	0.02180	0.02254	0.01814	0.02511	0.07950	0.01418	0.06619	0.06475	0.06848	0.02450	0.02963	0.02039	0.05694	0.08871	0.00467	0.01235	0.00851	0.00719	0.34059
3	0.07799	0.02451	0.03075	0.15037	0.12588	0.02758	0.02273	0.20700	0.14153	0.04701	0.02608	0.02848	0.01952	0.01186	0.01031	0.00334	0.01136	0.00972	0.00823	0.01575
4	0.01383	0.00960	0.01199	0.01350	0.01388	0.00922	0.00851	0.01497	0.01838	0.02451	0.04875	0.41065	0.05791	0.26040	0.02889	0.00657	0.00771	0.02445	0.00851	0.00776
5	0.02668	0.02220	0.02543	0.07178	0.07078	0.07061	0.01659	0.03144	0.02374	0.09424	0.02126	0.02412	0.01661	0.00908	0.00875	0.00216	0.00994	0.00733	0.00675	0.44048
6	0.01581	0.01230	0.01749	0.01724	0.01851	0.01450	0.01305	0.01870	0.01704	0.02437	0.03066	0.10745	0.03144	0.14135	0.38797	0.01326	0.08987	0.01371	0.00611	0.00918
7	0.02728	0.30349	0.13370	0.02151	0.02998	0.13541	0.02105	0.03404	0.05845	0.03010	0.08777	0.02779	0.02593	0.01154	0.00886	0.00276	0.01250	0.00840	0.00601	0.01342
8	0.01320	0.00978	0.01234	0.01372	0.01523	0.00891	0.00952	0.01579	0.02277	0.03018	0.16116	0.42440	0.16467	0.02980	0.01312	0.00398	0.00578	0.02658	0.01016	0.00891
9	0.30559	0.12723	0.13159	0.01853	0.02673	0.02557	0.01834	0.03315	0.07901	0.04008	0.08071	0.02768	0.02459	0.01159	0.00841	0.00316	0.00980	0.00834	0.00686	0.01303
10	0.17525	0.04103	0.34893	0.07359	0.09859	0.02435	0.03139	0.03234	0.02145	0.03625	0.01810	0.02203	0.01338	0.00996	0.00934	0.00332	0.01350	0.00764	0.00503	0.01451

[dist]
# distance from previous block
# <min> <max>
7	13

[block]
# block no. 1 follows, 13 sequences, length 24
# corresponding to MSA columns:
# 44-67
name=unknown_B
#
# <colnr> <probs for GDERKNQSTAVLIFYWHMCP>
#	G	D	E	R	K	N	Q	S	T	A	V	L	I	F	Y	W	H	M	C	P
0	0.08660	0.02502	0.03259	0.08053	0.03565	0.06159	0.09548	0.14411	0.02850	0.04061	0.07290	0.02967	0.02364	0.01336	0.01551	0.00346	0.13711	0.01015	0.00714	0.05638
1	0.01837	0.00918	0.01377	0.01377	0.01377	0.00918	0.00918	0.01377	0.01377	0.01837	0.01837	0.03214	0.01837	0.03673	0.04132	0.69238	0.00918	0.00918	0.00459	0.00459
2	0.02530	0.02317	0.03201	0.03075	0.10695	0.02510	0.09846	0.04686	0.35337	0.04110	0.07101	0.03851	0.03207	0.01328	0.01110	0.00350	0.01022	0.01216	0.00918	0.01589
3	0.02358	0.02307	0.03118	0.02687	0.02772	0.03152	0.02222	0.02980	0.09096	0.02811	0.01801	0.02545	0.01649	0.01792	0.03130	0.00448	0.52387	0.00964	0.00550	0.01230
4	0.02056	0.01480	0.02045	0.07621	0.02527	0.01719	0.01512	0.02580	0.05973	0.07726	0.02908	0.04297	0.02659	0.16629	0.25355	0.01042	0.08962	0.01170	0.00670	0.01069
5	0.08651	0.02698	0.13860	0.38699	0.05929	0.02446	0.02888	0.06812	0.02333	0.03337	0.01896	0.02575	0.01401	0.01056	0.01008	0.00344	0.01365	0.00874	0.00529	0.01299
6	0.64583	0.02023	0.01633	0.01433	0.02102	0.02300	0.01181	0.03287	0.01907	0.09307	0.01708	0.01882	0.01274	0.01010	0.00690	0.00327	0.00825	0.00615	0.00711	0.01202
7	0.02553	0.02286	0.03035	0.03712	0.22557	0.02483	0.02215	0.04507	0.31796	0.04051	0.06688	0.03701	0.03077	0.01297	0.01076	0.00340	0.00971	0.01146	0.00876	0.01631
8	0.03542	0.02410	0.02650	0.02119	0.02806	0.02622	0.01713	0.33445	0.10220	0.10492	0.02943	0.03003	0.02143	0.01479	0.01271	0.05749	0.01013	0.00993	0.07792	0.01596
9	0.02434	0.02438	0.04485	0.19311	0.31875	0.02511	0.15050	0.03145	0.02356	0.03252	0.01998	0.02724	0.01592	0.00958	0.01098	0.00334	0.01421	0.01015	0.00513	0.01491
10	0.02861	0.14502	0.35537	0.02540	0.03814	0.02537	0.02992	0.03744	0.02406	0.15881	0.02362	0.02464	0.01644	0.01059	0.00963	0.00314	0.01332	0.00811	0.00651	0.01583
11	0.02892	0.42954	0.04555	0.01951	0.02776	0.03722	0.01795	0.08452	0.15028	0.03351	0.02256	0.02319	0.01851	0.01067	0.00810	0.00267	0.01063	0.00754	0.00660	0.01475
12	0.60291	0.02497	0.01772	0.01592	0.02230	0.10861	0.01281	0.03276	0.01980	0.04418	0.01497	0.01746	0.01178	0.00998	0.00699	0.00319	0.00982	0.00589	0.00638	0.01157
13	0.03449	0.03695	0.21334	0.02576	0.03660	0.02839	0.02605	0.31619	0.03866	0.10301	0.02477	0.02536	0.01721	0.01184	0.01040	0.00324	0.01273	0.00905	0.00876	0.01719
14	0.02638	0.02154	0.07790	0.07430	0.03175	0.01687	0.01830	0.03366	0.05909	0.14108	0.03031	0.04036	0.02492	0.01283	0.01003	0.00288	0.00974	0.07677	0.00810	0.28319
15	0.01862	0.01267	0.01686	0.01523	0.01797	0.01270	0.01178	0.02326	0.02859	0.08678	0.45766	0.06965	0.08476	0.02056	0.01453	0.00345	0.06565	0.01739	0.01107	0.01084
16	0.03822	0.02864	0.03062	0.02393	0.03204	0.03187	0.01962	0.46040	0.11972	0.06346	0.02789	0.02738	0.02001	0.01293	0.01060	0.00323	0.01117	0.00986	0.01060	0.01780
17	0.01404	0.01077	0.01284	0.01233	0.01523	0.00958	0.00924	0.01815	0.02773	0.03719	0.38753	0.08755	0.27237	0.02356	0.01248	0.00342	0.00513	0.02032	0.01095	0.00958
18	0.01566	0.01015	0.01174	0.01174	0.01174	0.01015	0.00667	0.01522	0.01522	0.02030	0.03190	0.06569	0.03654	0.57253	0.05263	0.07469	0.01015	0.01479	0.00624	0.00624
19	0.02411	0.02216	0.03272	0.23306	0.21621	0.02496	0.02612	0.03859	0.19776	0.03524	0.02730	0.03132	0.02107	0.01147	0.01060	0.00342	0.01167	0.01026	0.00691	0.01504
20	0.01491	0.01021	0.01159	0.01186	0.01343	0.00961	0.00793	0.01717	0.02101	0.02897	0.12529	0.16047	0.16374	0.23262	0.02618	0.00580	0.00706	0.01894	0.10495	0.00828
21	0.03250	0.02173	0.02903	0.08227	0.10727	0.02327	0.02043	0.17076	0.03245	0.16953	0.10668	0.03611	0.03127	0.01404	0.01327	0.00339	0.07003	0.01118	0.00942	0.01537
22	0.18396	0.01838	0.02029	0.01655	0.02326	0.01828	0.01348	0.10470	0.02864	0.26230	0.04215	0.04000	0.09733	0.01418	0.00970	0.00323	0.00831	0.01098	0.06971	0.01455
23	0.02871	0.14839	0.07104	0.02774	0.10535	0.11185	0.02089	0.07688	0.13466	0.03583	0.02339	0.02510	0.01861	0.01065	0.00924	0.00277	0.01181	0.00823	0.00682	0.12206

[dist]
# distance from previous block
# <min> <max>
0	2

[block]
# block no. 2 follows, 13 sequences, length 59
# corresponding to MSA columns:
# 70-128
name=unknown_C
#
# <colnr> <probs for GDERKNQSTAVLIFYWHMCP>
#	G	D	E	R	K	N	Q	S	T	A	V	L	I	F	Y	W	H	M	C	P
0	0.03190	0.23127	0.09105	0.02556	0.03364	0.17791	0.06375	0.11840	0.02845	0.03381	0.01783	0.02085	0.01455	0.01093	0.01099	0.00292	0.05862	0.00765	0.00586	0.01407
1	0.02534	0.02160	0.03404	0.13892	0.21621	0.02056	0.06200	0.03126	0.02343	0.07724	0.02125	0.02613	0.01664	0.00937	0.00979	0.00274	0.01140	0.00872	0.00613	0.23723
2	0.09515	0.19392	0.12540	0.02369	0.03232	0.21354	0.02203	0.11488	0.02860	0.03542	0.01766	0.01991	0.01407	0.01047	0.00881	0.00283	0.01432	0.00702	0.00597	0.01399
3	0.02755	0.37667	0.04772	0.16270	0.04085	0.03376	0.06801	0.03240	0.02246	0.07192	0.01858	0.02237	0.01498	0.00974	0.00856	0.00277	0.01240	0.00762	0.00536	0.01356
4	0.02208	0.01860	0.03119	0.22585	0.04526	0.01884	0.11329	0.02841	0.02480	0.07498	0.15174	0.04028	0.03642	0.01274	0.01100	0.00318	0.01128	0.01198	0.00738	0.11069
5	0.02733	0.02105	0.03348	0.27648	0.22139	0.02286	0.02691	0.03549	0.06674	0.12603	0.02517	0.02982	0.01858	0.01095	0.01056	0.00336	0.01223	0.00983	0.00684	0.01489
6	0.01320	0.00959	0.01246	0.01417	0.01533	0.00885	0.00970	0.01563	0.02217	0.02970	0.14572	0.49029	0.11269	0.03070	0.01325	0.00408	0.00588	0.02762	0.01012	0.00885
7	0.02409	0.03256	0.25593	0.07906	0.03875	0.01963	0.06725	0.03250	0.02556	0.12124	0.15414	0.03941	0.03682	0.01331	0.01098	0.00336	0.01200	0.01156	0.00770	0.01415
8	0.02867	0.01492	0.01817	0.01596	0.02077	0.01427	0.01239	0.06677	0.06741	0.21655	0.08618	0.15324	0.08441	0.01851	0.01089	0.00336	0.00727	0.01573	0.13119	0.01336
9	0.15872	0.01841	0.02301	0.01798	0.02588	0.01693	0.01485	0.04806	0.02818	0.48113	0.03713	0.03279	0.02367	0.01253	0.00994	0.00327	0.00886	0.00980	0.01198	0.01688
10	0.02055	0.01939	0.03276	0.55260	0.11869	0.02364	0.02965	0.02752	0.02142	0.02772	0.01890	0.02800	0.01434	0.01046	0.01056	0.00349	0.01395	0.00940	0.00475	0.01221
11	0.03823	0.04829	0.03015	0.02728	0.03231	0.54326	0.02064	0.04093	0.02890	0.02584	0.01615	0.01938	0.01364	0.01148	0.01148	0.00287	0.06459	0.00700	0.00538	0.01220
12	0.64241	0.02022	0.01637	0.01436	0.02105	0.02296	0.01183	0.03297	0.01913	0.09579	0.01722	0.01892	0.01281	0.01012	0.00692	0.00327	0.00825	0.00618	0.00715	0.01206
13	0.02984	0.01488	0.01941	0.01635	0.02157	0.01372	0.01293	0.03652	0.07285	0.26887	0.29300	0.05724	0.06256	0.01735	0.01154	0.00332	0.00699	0.01488	0.01219	0.01398
14	0.02507	0.02400	0.04093	0.16041	0.47555	0.02483	0.03190	0.03148	0.02355	0.03321	0.01969	0.02653	0.01628	0.00962	0.01049	0.00321	0.01283	0.00942	0.00514	0.01586
15	0.01997	0.01879	0.03171	0.60301	0.07282	0.02349	0.02936	0.02701	0.02114	0.02701	0.01879	0.02819	0.01409	0.01057	0.01057	0.00352	0.01409	0.00940	0.00470	0.01175
16	0.01327	0.00948	0.01272	0.01517	0.01595	0.00892	0.01049	0.01540	0.02063	0.02743	0.05806	0.57447	0.06908	0.03276	0.01360	0.00435	0.00647	0.07326	0.00981	0.00870
17	0.02460	0.02352	0.04008	0.20106	0.43856	0.02471	0.03167	0.03107	0.02333	0.03264	0.01961	0.02668	0.01608	0.00971	0.01049	0.00324	0.01295	0.00941	0.00510	0.01548
18	0.02030	0.01618	0.01917	0.01954	0.02319	0.01761	0.01569	0.03535	0.24554	0.03624	0.05083	0.16990	0.05017	0.02351	0.01277	0.00422	0.00854	0.20853	0.01019	0.01253
19	0.01617	0.01191	0.01437	0.01518	0.01744	0.01192	0.01113	0.02332	0.10165	0.03355	0.13186	0.31690	0.10177	0.02584	0.01239	0.00387	0.00643	0.06191	0.07215	0.01027
20	0.02053	0.01937	0.03274	0.55381	0.11759	0.02364	0.02965	0.02751	0.02141	0.02770	0.01889	0.02800	0.01434	0.01047	0.01056	0.00349	0.01395	0.00940	0.00475	0.01220
21	0.02313	0.02313	0.03238	0.02776	0.02776	0.03238	0.02313	0.02545	0.01619	0.02545	0.01388	0.02313	0.01388	0.01851	0.03470	0.00463	0.60907	0.00925	0.00463	0.01157
22	0.02192	0.01879	0.02192	0.01566	0.02506	0.01409	0.01253	0.02662	0.02192	0.03445	0.01879	0.02192	0.01566	0.00783	0.00783	0.00157	0.00783	0.00626	0.00626	0.69305
23	0.08991	0.04195	0.02679	0.02409	0.02964	0.44523	0.01828	0.04086	0.02846	0.07894	0.01997	0.02206	0.01566	0.01112	0.00924	0.00280	0.01620	0.00732	0.05895	0.01254
24	0.01420	0.01068	0.01314	0.01272	0.01538	0.00962	0.00947	0.01840	0.02784	0.03790	0.41072	0.11832	0.21551	0.02365	0.01254	0.00345	0.00515	0.02062	0.01106	0.00962
25	0.01288	0.00920	0.01227	0.01472	0.01534	0.00859	0.00981	0.01472	0.02024	0.02699	0.05828	0.62152	0.06993	0.03312	0.01350	0.00429	0.00613	0.03006	0.00981	0.00859
26	0.07749	0.01591	0.02404	0.02033	0.02552	0.01486	0.09327	0.02963	0.02494	0.17248	0.09483	0.19820	0.08829	0.02040	0.01196	0.00373	0.00898	0.05288	0.00987	0.01239
27	0.01481	0.01041	0.01322	0.01332	0.01451	0.01026	0.00901	0.01729	0.02138	0.02960	0.21790	0.15565	0.06313	0.25763	0.09865	0.00775	0.01000	0.01847	0.00866	0.00836
28	0.02566	0.02460	0.04199	0.10925	0.52211	0.02499	0.03219	0.03200	0.02383	0.03392	0.01980	0.02633	0.01653	0.00952	0.01048	0.00317	0.01269	0.00942	0.00519	0.01634
29	0.02532	0.39225	0.27207	0.02313	0.03492	0.03461	0.02686	0.03242	0.02183	0.02847	0.01649	0.01920	0.01350	0.00946	0.00815	0.00272	0.01311	0.00656	0.00450	0.01443
30	0.03056	0.02361	0.02561	0.02145	0.02778	0.02620	0.01705	0.27163	0.21347	0.05305	0.08423	0.09038	0.03532	0.01598	0.01109	0.00343	0.00939	0.01315	0.01067	0.01594
31	0.01827	0.01327	0.01818	0.01740	0.02036	0.01280	0.04543	0.04917	0.05633	0.06543	0.10280	0.37880	0.10700	0.02635	0.01274	0.00392	0.00735	0.02372	0.00998	0.01072
32	0.02121	0.05469	0.57364	0.03014	0.04576	0.02455	0.03906	0.03348	0.02232	0.03348	0.01897	0.02232	0.01339	0.01005	0.01005	0.00335	0.01563	0.00781	0.00446	0.01563
33	0.01561	0.01211	0.01442	0.01410	0.01710	0.01162	0.01069	0.02262	0.08658	0.03717	0.31173	0.12785	0.20263	0.02350	0.01250	0.00359	0.00586	0.04916	0.01081	0.01036
34	0.02251	0.04780	0.43914	0.02783	0.04084	0.05844	0.03339	0.03574	0.08346	0.03485	0.05760	0.02789	0.02137	0.01137	0.01026	0.00334	0.01429	0.00899	0.00573	0.01517
35	0.02656	0.04704	0.38520	0.02811	0.04082	0.06964	0.03224	0.12745	0.07166	0.03993	0.02197	0.02407	0.01584	0.01096	0.01016	0.00329	0.01454	0.00840	0.00620	0.01589
36	0.31017	0.02257	0.03037	0.09327	0.28928	0.02438	0.02334	0.03137	0.02125	0.03927	0.01761	0.02258	0.01428	0.00969	0.00883	0.00323	0.01086	0.00786	0.00573	0.01406
37	0.42200	0.07217	0.02302	0.01769	0.02460	0.12915	0.01441	0.07443	0.02343	0.04238	0.01623	0.01857	0.01288	0.01005	0.00755	0.00296	0.01069	0.00628	0.00651	0.06501
38	0.02786	0.03984	0.35377	0.02828	0.07672	0.02118	0.03022	0.03708	0.02438	0.16499	0.02587	0.02735	0.01789	0.01093	0.01000	0.00324	0.01290	0.00879	0.06289	0.01581
39	0.02492	0.01740	0.02253	0.01959	0.02475	0.01752	0.05579	0.06498	0.16366	0.12697	0.05489	0.19069	0.13041	0.02036	0.01184	0.00368	0.00839	0.01788	0.01030	0.01345
40	0.02534	0.01736	0.02031	0.01774	0.02268	0.01812	0.01385	0.07832	0.20441	0.11786	0.26897	0.05532	0.06014	0.01725	0.01148	0.00339	0.00723	0.01474	0.01146	0.01402
41	0.01294	0.01048	0.01149	0.01175	0.01468	0.00903	0.00862	0.01584	0.02437	0.03044	0.16838	0.18193	0.40911	0.02701	0.01265	0.00365	0.00542	0.02307	0.01010	0.00903
42	0.01735	0.01447	0.02085	0.02004	0.02140	0.01797	0.01612	0.02074	0.01783	0.02576	0.02948	0.08107	0.02971	0.05431	0.33671	0.01148	0.18099	0.06762	0.00611	0.00999
43	0.01373	0.01000	0.01292	0.01379	0.01544	0.00920	0.00974	0.01696	0.02463	0.03360	0.27191	0.35060	0.12271	0.02776	0.01298	0.00383	0.00559	0.02482	0.01058	0.00920
44	0.01456	0.01079	0.01357	0.01287	0.01554	0.00980	0.00965	0.01916	0.02896	0.04011	0.48234	0.08275	0.17574	0.02247	0.01247	0.00337	0.00505	0.01965	0.01134	0.00980
45	0.02630	0.02271	0.02391	0.02152	0.02749	0.02630	0.01674	0.05618	0.54336	0.04423	0.04303	0.03945	0.03228	0.01434	0.01076	0.00359	0.00837	0.01195	0.01076	0.01674
46	0.02146	0.05294	0.53941	0.03110	0.04640	0.02470	0.07153	0.03351	0.02250	0.03351	0.01914	0.02274	0.01357	0.00997	0.01021	0.00336	0.01577	0.00813	0.00452	0.01553
47	0.03039	0.01996	0.02526	0.02164	0.07528	0.01687	0.01570	0.07082	0.02638	0.17795	0.02542	0.02628	0.01870	0.00972	0.00901	0.00228	0.00885	0.00795	0.00829	0.40325
48	0.01614	0.01171	0.01428	0.01346	0.01633	0.01125	0.01014	0.02302	0.07178	0.04113	0.42857	0.07395	0.12565	0.02059	0.01186	0.00329	0.00530	0.01794	0.07317	0.01044
49	0.02360	0.02044	0.02633	0.03052	0.15564	0.02211	0.01941	0.04152	0.28839	0.04061	0.12814	0.04903	0.04240	0.01551	0.01127	0.00353	0.00890	0.04812	0.00949	0.01504
50	0.02220	0.01968	0.02562	0.01830	0.02782	0.01525	0.05930	0.02729	0.02220	0.03440	0.01903	0.02253	0.01570	0.00793	0.00826	0.00175	0.00874	0.00683	0.00618	0.63099
51	0.01288	0.00920	0.01227	0.01472	0.01534	0.00859	0.00981	0.01472	0.02024	0.02699	0.05828	0.62152	0.06993	0.03312	0.01350	0.00429	0.00613	0.03006	0.00981	0.00859
52	0.02806	0.03316	0.21687	0.03400	0.16369	0.02286	0.02763	0.08208	0.06700	0.12330	0.03256	0.03361	0.06305	0.01234	0.01055	0.00331	0.01204	0.01033	0.00753	0.01603
53	0.02465	0.17387	0.26865	0.02346	0.03381	0.02549	0.02602	0.03415	0.06650	0.08193	0.02826	0.08577	0.02462	0.01388	0.01004	0.00330	0.01214	0.04236	0.00666	0.01443
54	0.01843	0.01594	0.02159	0.01923	0.02047	0.01942	0.01521	0.02188	0.02294	0.03345	0.28499	0.05469	0.05855	0.07086	0.02526	0.00445	0.25938	0.01466	0.00826	0.01035
55	0.01288	0.00920	0.01227	0.01472	0.01534	0.00859	0.00981	0.01472	0.02024	0.02699	0.05828	0.62152	0.06993	0.03312	0.01350	0.00429	0.00613	0.03006	0.00981	0.00859
56	0.02425	0.03032	0.16165	0.23171	0.23064	0.02516	0.03182	0.07668	0.02507	0.03477	0.01982	0.02587	0.01520	0.01025	0.01041	0.00332	0.01370	0.00905	0.00537	0.01494
57	0.07777	0.24455	0.31158	0.02436	0.03648	0.03097	0.02832	0.07382	0.02399	0.03444	0.01775	0.02038	0.01368	0.00991	0.00873	0.00296	0.01327	0.00707	0.00515	0.01481
58	0.01810	0.01193	0.01524	0.01601	0.01851	0.01148	0.01202	0.02336	0.06667	0.08160	0.10475	0.33975	0.10481	0.02743	0.01301	0.00409	0.00703	0.10337	0.01035	0.01050

[dist]
# distance from previous block
# <min> <max>
1	6

[block]
# block no. 3 follows, 13 sequences, length 60
# corresponding to MSA columns:
# 135-194
name=unknown_D
#
# <colnr> <probs for GDERKNQSTAVLIFYWHMCP>
#	G	D	E	R	K	N	Q	S	T	A	V	L	I	F	Y	W	H	M	C	P
0	0.36981	0.07010	0.02151	0.01718	0.02317	0.06450	0.01380	0.03681	0.15239	0.04149	0.02591	0.07713	0.02229	0.01307	0.00847	0.00333	0.00906	0.00956	0.00767	0.01276
1	0.07558	0.06838	0.03638	0.02663	0.03395	0.02782	0.13455	0.10888	0.16758	0.04080	0.02579	0.02816	0.01995	0.01202	0.01305	0.00334	0.08082	0.00998	0.00760	0.07874
2	0.02737	0.13642	0.04717	0.03136	0.03862	0.02971	0.22260	0.03518	0.06929	0.08161	0.02228	0.02685	0.01750	0.01203	0.01625	0.00355	0.15162	0.01027	0.00624	0.01408
3	0.07525	0.01886	0.02994	0.51521	0.06545	0.02294	0.02698	0.02909	0.02155	0.06746	0.02012	0.02789	0.01475	0.01069	0.01026	0.00349	0.01327	0.00920	0.00544	0.01217
4	0.07857	0.32132	0.08860	0.02375	0.03217	0.03246	0.11639	0.03108	0.02163	0.03046	0.01813	0.02219	0.01516	0.01014	0.01018	0.00287	0.05485	0.00780	0.06903	0.01321
5	0.02285	0.13314	0.41343	0.03085	0.04470	0.02739	0.11783	0.03329	0.02265	0.03232	0.01877	0.02260	0.01387	0.00971	0.00999	0.00323	0.01538	0.00829	0.00462	0.01510
6	0.01513	0.01123	0.01648	0.01648	0.01819	0.01294	0.01258	0.01855	0.01684	0.02416	0.02879	0.04414	0.02756	0.13094	0.53642	0.01636	0.02662	0.01171	0.00573	0.00915
7	0.01424	0.01004	0.01303	0.01399	0.01481	0.01003	0.00936	0.01613	0.01908	0.02600	0.09225	0.29901	0.05546	0.22477	0.12478	0.00824	0.01113	0.02124	0.00821	0.00819
8	0.09274	0.02047	0.02434	0.01956	0.02685	0.02043	0.01587	0.14891	0.08583	0.32450	0.03753	0.07830	0.02731	0.01444	0.01053	0.00336	0.00921	0.01166	0.01154	0.01661
9	0.01536	0.01097	0.01512	0.01756	0.01926	0.01073	0.01413	0.01901	0.02269	0.02977	0.05690	0.32148	0.06451	0.03078	0.01416	0.00464	0.00829	0.30560	0.00977	0.00927
10	0.65484	0.02111	0.01672	0.01466	0.02135	0.02438	0.01208	0.06720	0.02030	0.04884	0.01550	0.01777	0.01193	0.01002	0.00684	0.00326	0.00843	0.00600	0.00684	0.01193
11	0.01382	0.01040	0.01256	0.01371	0.01566	0.00954	0.01002	0.01645	0.02236	0.02868	0.10710	0.27323	0.22973	0.09126	0.01744	0.00469	0.00679	0.09822	0.00958	0.00875
12	0.08109	0.01722	0.02394	0.25331	0.04124	0.02048	0.01970	0.06274	0.02185	0.03119	0.02893	0.16746	0.02934	0.07481	0.01745	0.00440	0.07282	0.01440	0.00666	0.01096
13	0.02892	0.03176	0.17851	0.02870	0.03656	0.02631	0.09445	0.07336	0.02439	0.13721	0.02255	0.02632	0.01675	0.01344	0.01855	0.00377	0.20731	0.00960	0.00679	0.01476
14	0.01523	0.01192	0.01408	0.01434	0.01734	0.01131	0.01112	0.02126	0.07183	0.03396	0.20434	0.14724	0.25164	0.02541	0.01282	0.00382	0.00640	0.10557	0.01036	0.01001
15	0.03482	0.01688	0.02159	0.01780	0.02403	0.01595	0.01424	0.04377	0.12199	0.33218	0.18218	0.04831	0.04730	0.01563	0.01116	0.00334	0.00779	0.01318	0.01228	0.01559
16	0.14562	0.02847	0.02575	0.02536	0.07776	0.15401	0.01805	0.04601	0.23412	0.09408	0.02978	0.02937	0.02236	0.01219	0.00972	0.00326	0.01127	0.00934	0.00854	0.01494
17	0.12346	0.01828	0.02349	0.01824	0.02623	0.01649	0.01507	0.04916	0.02884	0.50922	0.03858	0.03381	0.02447	0.01271	0.01016	0.00327	0.00890	0.01006	0.01233	0.01724
18	0.01433	0.01053	0.01342	0.01324	0.01554	0.00962	0.00972	0.01852	0.02762	0.03820	0.42068	0.17308	0.14788	0.02415	0.01265	0.00352	0.00522	0.02134	0.01112	0.00962
19	0.10445	0.02567	0.02830	0.02188	0.03009	0.02736	0.01807	0.35437	0.04157	0.19830	0.02871	0.02743	0.01954	0.01253	0.01021	0.00321	0.01061	0.00946	0.01086	0.01737
20	0.01538	0.01025	0.01153	0.01153	0.01153	0.01025	0.00641	0.01538	0.01538	0.02050	0.03331	0.06919	0.03844	0.62842	0.05382	0.01025	0.01025	0.01538	0.00641	0.00641
21	0.01288	0.00920	0.01227	0.01472	0.01534	0.00859	0.00981	0.01472	0.02024	0.02699	0.05828	0.62152	0.06993	0.03312	0.01350	0.00429	0.00613	0.03006	0.00981	0.00859
22	0.04146	0.03983	0.02894	0.02485	0.03137	0.37327	0.01924	0.11368	0.03285	0.15916	0.02358	0.02393	0.01718	0.01167	0.00994	0.00292	0.01565	0.00809	0.00797	0.01442
23	0.03670	0.04628	0.02797	0.02553	0.03078	0.52618	0.01914	0.03942	0.02936	0.02616	0.02575	0.02764	0.07005	0.01254	0.00984	0.00281	0.01765	0.00842	0.00590	0.01191
24	0.03049	0.56327	0.05183	0.01817	0.02712	0.03879	0.01780	0.03396	0.02250	0.08806	0.01783	0.01917	0.01503	0.00951	0.00723	0.00238	0.01104	0.00623	0.00552	0.01408
25	0.01916	0.00997	0.01035	0.01025	0.01272	0.00987	0.00769	0.02409	0.02307	0.03976	0.09506	0.04401	0.03553	0.01340	0.00798	0.00256	0.00493	0.01093	0.60880	0.00987
26	0.11213	0.02237	0.03209	0.08268	0.24270	0.02269	0.02332	0.08897	0.02769	0.20252	0.02645	0.02821	0.01894	0.01102	0.01008	0.00323	0.01099	0.00937	0.00830	0.01625
27	0.01288	0.00920	0.01227	0.01472	0.01534	0.00859	0.00981	0.01472	0.02024	0.02699	0.05828	0.62152	0.06993	0.03312	0.01350	0.00429	0.00613	0.03006	0.00981	0.00859
28	0.01371	0.01076	0.01240	0.01199	0.01503	0.00944	0.00899	0.01753	0.02697	0.03537	0.32853	0.09054	0.33250	0.02424	0.01248	0.00345	0.00517	0.02074	0.01071	0.00944
29	0.02313	0.02313	0.03238	0.02776	0.02776	0.03238	0.02313	0.02545	0.01619	0.02545	0.01388	0.02313	0.01388	0.01851	0.03470	0.00463	0.60907	0.00925	0.00463	0.01157
30	0.70310	0.02045	0.01554	0.01390	0.02045	0.02372	0.01145	0.03108	0.01799	0.04744	0.01472	0.01718	0.01145	0.00981	0.00654	0.00327	0.00818	0.00573	0.00654	0.01145
31	0.22913	0.03022	0.02394	0.02043	0.02718	0.22092	0.01613	0.04246	0.02670	0.22915	0.02509	0.02467	0.01756	0.01139	0.00909	0.00308	0.01235	0.00789	0.00853	0.01411
32	0.01366	0.01076	0.01232	0.01193	0.01499	0.00942	0.00895	0.01743	0.02685	0.03508	0.31906	0.09102	0.34216	0.02434	0.01248	0.00345	0.00518	0.02081	0.01068	0.00942
33	0.15367	0.01765	0.01736	0.01487	0.01986	0.01920	0.01189	0.17375	0.02950	0.04893	0.02811	0.03112	0.02149	0.01196	0.00817	0.00282	0.00751	0.00898	0.36060	0.01254
34	0.02018	0.01350	0.01737	0.01803	0.02110	0.01336	0.01468	0.07399	0.02629	0.07233	0.05612	0.23553	0.09254	0.02720	0.01345	0.00433	0.00861	0.25048	0.01009	0.01082
35	0.10957	0.06617	0.02835	0.07458	0.03210	0.02341	0.01775	0.16600	0.03241	0.29766	0.03066	0.02924	0.02052	0.01212	0.00991	0.00320	0.01023	0.00936	0.01036	0.01640
36	0.04464	0.02056	0.02589	0.02006	0.02815	0.01959	0.01650	0.14411	0.06778	0.43761	0.03863	0.03416	0.02498	0.01309	0.01063	0.00327	0.00947	0.01050	0.01245	0.01791
37	0.01429	0.01078	0.01319	0.01259	0.01538	0.00969	0.00944	0.01864	0.02833	0.03861	0.43358	0.08522	0.22543	0.02303	0.01248	0.00339	0.00509	0.02000	0.01114	0.00969
38	0.02102	0.01203	0.01595	0.01452	0.01791	0.01090	0.01103	0.02550	0.02896	0.14270	0.40406	0.12859	0.08235	0.02120	0.01222	0.00342	0.00589	0.01865	0.01172	0.01138
39	0.01496	0.01081	0.01413	0.01330	0.01580	0.00998	0.00998	0.01995	0.02993	0.04240	0.55689	0.07898	0.09976	0.02162	0.01247	0.00333	0.00499	0.01912	0.01164	0.00998
40	0.02630	0.02271	0.02391	0.02152	0.02749	0.02630	0.01674	0.05618	0.54336	0.04423	0.04303	0.03945	0.03228	0.01434	0.01076	0.00359	0.00837	0.01195	0.01076	0.01674
41	0.02762	0.15928	0.18254	0.02538	0.03638	0.02506	0.10745	0.03467	0.02377	0.11685	0.02205	0.02433	0.01635	0.00969	0.00943	0.00279	0.01250	0.00829	0.00635	0.14924
42	0.02952	0.02654	0.02882	0.18958	0.04243	0.09202	0.02163	0.16508	0.20954	0.04282	0.02854	0.03031	0.02129	0.01245	0.01052	0.00336	0.01207	0.01001	0.00836	0.01510
43	0.01288	0.00920	0.01227	0.01472	0.01534	0.00859	0.00981	0.01472	0.02024	0.02699	0.05828	0.62152	0.06993	0.03312	0.01350	0.00429	0.00613	0.03006	0.00981	0.00859
44	0.02745	0.56752	0.11549	0.01949	0.02930	0.03983	0.02052	0.03187	0.02158	0.02587	0.01519	0.01758	0.01355	0.00916	0.00716	0.00239	0.01181	0.00590	0.00452	0.01381
45	0.01862	0.00988	0.01437	0.01391	0.01460	0.00954	0.00943	0.01471	0.01437	0.01954	0.01840	0.03140	0.01817	0.03463	0.03888	0.64208	0.00908	0.00897	0.00471	0.05471
46	0.02559	0.02453	0.04186	0.11550	0.51642	0.02497	0.03216	0.03194	0.02380	0.03383	0.01978	0.02636	0.01650	0.00953	0.01048	0.00318	0.01271	0.00942	0.00518	0.01628
47	0.01284	0.00938	0.01209	0.01426	0.01521	0.00863	0.00961	0.01477	0.02069	0.02717	0.06394	0.56125	0.12654	0.03239	0.01338	0.00421	0.00604	0.02916	0.00982	0.00863
48	0.03266	0.02082	0.02640	0.02169	0.02602	0.02394	0.01774	0.14661	0.02800	0.17768	0.02626	0.02939	0.01975	0.01654	0.02057	0.05740	0.20589	0.00973	0.07892	0.01399
49	0.64946	0.02066	0.01687	0.01500	0.02102	0.02440	0.01237	0.03064	0.01785	0.04570	0.01466	0.01765	0.01164	0.01050	0.00876	0.00338	0.05559	0.00600	0.00639	0.01146
50	0.01538	0.01038	0.01215	0.01256	0.01286	0.01034	0.00773	0.01601	0.01662	0.02208	0.03730	0.11071	0.04283	0.52717	0.04710	0.00930	0.00993	0.06566	0.00698	0.00690
51	0.02827	0.63478	0.05540	0.01809	0.02714	0.04184	0.01809	0.03166	0.02148	0.02488	0.01470	0.01696	0.01357	0.00905	0.00678	0.00226	0.01131	0.00565	0.00452	0.01357
52	0.01346	0.00962	0.01288	0.01504	0.01599	0.00905	0.01051	0.01587	0.02150	0.02881	0.10277	0.52563	0.07175	0.03172	0.01351	0.00426	0.00637	0.07245	0.00997	0.00882
53	0.01483	0.00999	0.01283	0.01404	0.01560	0.00947	0.01014	0.01824	0.02348	0.03337	0.18736	0.34502	0.07067	0.02660	0.01241	0.00381	0.00597	0.06549	0.11142	0.00925
54	0.03875	0.02890	0.03092	0.02404	0.03224	0.03212	0.01975	0.47840	0.10087	0.06431	0.02721	0.02684	0.01946	0.01286	0.01060	0.00322	0.01130	0.00977	0.01060	0.01785
55	0.02184	0.10671	0.52716	0.02906	0.04409	0.02610	0.03718	0.03332	0.02225	0.03271	0.01859	0.02184	0.01341	0.00996	0.00975	0.00325	0.01524	0.00762	0.00447	0.01544
56	0.01968	0.01844	0.02561	0.02337	0.02357	0.02437	0.01865	0.02183	0.01756	0.02597	0.02883	0.22469	0.03276	0.02343	0.02756	0.00451	0.40598	0.01626	0.00637	0.01056
57	0.03433	0.07534	0.07601	0.02700	0.03580	0.08772	0.15122	0.06486	0.02814	0.21988	0.03362	0.03385	0.05847	0.01218	0.01078	0.00323	0.01301	0.01088	0.00852	0.01517
58	0.02524	0.02174	0.08788	0.02111	0.02744	0.01757	0.06847	0.09861	0.02596	0.11179	0.03490	0.17173	0.03366	0.12011	0.01843	0.00455	0.01050	0.01522	0.00840	0.07668
59	0.02428	0.01451	0.01753	0.01444	0.02038	0.01204	0.01138	0.02820	0.02624	0.17448	0.14832	0.06204	0.21275	0.01790	0.01092	0.00299	0.00682	0.01498	0.01017	0.16963

[dist]
# distance from previous block
# <min> <max>
0	5

[block]
# block no. 4 follows, 13 sequences, length 95
# corresponding to MSA columns:
# 200-294
name=unknown_E
#
# <colnr> <probs for GDERKNQSTAVLIFYWHMCP>
#	G	D	E	R	K	N	Q	S	T	A	V	L	I	F	Y	W	H	M	C	P
0	0.26937	0.01751	0.01786	0.01484	0.02147	0.01705	0.01188	0.02604	0.01985	0.03709	0.02606	0.02992	0.05999	0.02194	0.10360	0.00491	0.01115	0.00821	0.00656	0.27472
1	0.02923	0.47908	0.05062	0.02025	0.02938	0.03601	0.06098	0.03326	0.02261	0.07572	0.01804	0.02006	0.01508	0.00931	0.00770	0.00241	0.01139	0.00674	0.00550	0.06662
2	0.03098	0.01771	0.02499	0.02072	0.02533	0.01820	0.05050	0.07745	0.02540	0.22829	0.03496	0.13208	0.03058	0.06960	0.02075	0.06022	0.09576	0.01395	0.00932	0.01320
3	0.02918	0.02066	0.02824	0.06424	0.06716	0.01829	0.05222	0.07583	0.02636	0.14849	0.02440	0.02635	0.01804	0.00972	0.00935	0.00244	0.00986	0.00832	0.00782	0.35301
4	0.01282	0.00944	0.01202	0.01409	0.01517	0.00864	0.00953	0.01479	0.02085	0.02724	0.06596	0.53970	0.14678	0.03213	0.01334	0.00418	0.00601	0.02884	0.00982	0.00864
5	0.02433	0.01839	0.03084	0.02437	0.03070	0.01731	0.16425	0.03209	0.07012	0.12845	0.16651	0.05956	0.11359	0.01706	0.01219	0.00357	0.01020	0.05388	0.00956	0.01304
6	0.03466	0.02694	0.02916	0.06210	0.03149	0.14452	0.02039	0.03797	0.02423	0.21005	0.02416	0.02695	0.01800	0.01452	0.01959	0.00369	0.24080	0.00921	0.00767	0.01390
7	0.18889	0.02017	0.02360	0.01853	0.02639	0.01976	0.01530	0.11439	0.03035	0.38508	0.03354	0.03040	0.02181	0.01232	0.00974	0.00326	0.00919	0.00941	0.01131	0.01657
8	0.04469	0.02240	0.02726	0.02090	0.02919	0.02208	0.01727	0.23178	0.03763	0.37912	0.03553	0.03197	0.02307	0.01294	0.01061	0.00323	0.01000	0.01021	0.01214	0.01799
9	0.01721	0.00981	0.01414	0.01414	0.01455	0.01022	0.00965	0.01512	0.01471	0.02003	0.02275	0.03969	0.02310	0.13399	0.16166	0.44416	0.01350	0.01057	0.00509	0.00592
10	0.01939	0.01279	0.01686	0.01796	0.02057	0.01262	0.01437	0.06035	0.02514	0.07094	0.05348	0.30064	0.05858	0.02830	0.01358	0.00440	0.00843	0.24103	0.01007	0.01052
11	0.01459	0.01067	0.01370	0.01320	0.01563	0.00978	0.00980	0.01913	0.02865	0.03999	0.47873	0.12548	0.13517	0.02299	0.01256	0.00343	0.00511	0.02028	0.01134	0.00978
12	0.28156	0.01935	0.01975	0.01528	0.02349	0.01786	0.01239	0.03056	0.02119	0.08782	0.01933	0.02140	0.01502	0.00906	0.00760	0.00236	0.00807	0.00646	0.00699	0.37445
13	0.03559	0.25358	0.04140	0.02345	0.03162	0.15111	0.06073	0.12314	0.02991	0.12216	0.02188	0.02294	0.01661	0.01072	0.00913	0.00279	0.01319	0.00795	0.00724	0.01483
14	0.02496	0.02852	0.06239	0.04456	0.05526	0.02674	0.52406	0.03387	0.02496	0.03387	0.02139	0.02852	0.01604	0.00891	0.01248	0.00357	0.01783	0.01248	0.00535	0.01426
15	0.01513	0.01124	0.01654	0.01654	0.01827	0.01297	0.01265	0.01859	0.01686	0.02421	0.02874	0.04384	0.02743	0.12510	0.54208	0.01643	0.02681	0.01167	0.00573	0.00919
16	0.02617	0.02512	0.04292	0.06490	0.56246	0.02512	0.03245	0.03245	0.02407	0.03454	0.01989	0.02617	0.01675	0.00942	0.01047	0.00314	0.01256	0.00942	0.00523	0.01675
17	0.02402	0.01873	0.02214	0.01592	0.02522	0.01421	0.01278	0.02867	0.02261	0.07848	0.02068	0.02308	0.01652	0.00826	0.00806	0.00171	0.00793	0.00662	0.00683	0.63754
18	0.20642	0.08199	0.17862	0.02066	0.03058	0.02242	0.02130	0.03953	0.02414	0.23892	0.02611	0.02570	0.01774	0.01105	0.00909	0.00321	0.01084	0.00816	0.00826	0.01527
19	0.02121	0.05469	0.57364	0.03014	0.04576	0.02455	0.03906	0.03348	0.02232	0.03348	0.01897	0.02232	0.01339	0.01005	0.01005	0.00335	0.01563	0.00781	0.00446	0.01563
20	0.01425	0.01032	0.01411	0.01483	0.01627	0.01044	0.01065	0.01735	0.02143	0.02978	0.17538	0.27206	0.06244	0.08336	0.18778	0.00825	0.01277	0.02067	0.00881	0.00906
21	0.24994	0.01908	0.02425	0.23106	0.04165	0.02110	0.01927	0.03593	0.02295	0.20177	0.02457	0.02703	0.01698	0.01110	0.00928	0.00336	0.01060	0.00859	0.00789	0.01359
22	0.02247	0.02135	0.03623	0.38590	0.27037	0.02415	0.03061	0.02921	0.02233	0.03005	0.01923	0.02737	0.01516	0.01011	0.01053	0.00337	0.01348	0.00941	0.00491	0.01376
23	0.45212	0.02240	0.02043	0.01716	0.02420	0.02521	0.01407	0.14095	0.06917	0.09373	0.02153	0.02230	0.01576	0.01107	0.00809	0.00328	0.00900	0.00745	0.00829	0.01382
24	0.02612	0.45817	0.21318	0.02176	0.03281	0.03657	0.02448	0.03222	0.02174	0.02750	0.01600	0.01859	0.01352	0.00935	0.00778	0.00259	0.01262	0.00631	0.00451	0.01419
25	0.01837	0.00918	0.01377	0.01377	0.01377	0.00918	0.00918	0.01377	0.01377	0.01837	0.01837	0.03214	0.01837	0.03673	0.04132	0.69238	0.00918	0.00918	0.00459	0.00459
26	0.02936	0.07825	0.12710	0.02883	0.03839	0.02343	0.18847	0.07214	0.02789	0.15372	0.09546	0.03459	0.02876	0.01196	0.01107	0.00330	0.01286	0.01141	0.00804	0.01495
27	0.08560	0.01916	0.02227	0.01818	0.02460	0.01930	0.01466	0.14751	0.07556	0.22542	0.15055	0.04593	0.07411	0.01557	0.01083	0.00331	0.00838	0.01269	0.01130	0.01507
28	0.01372	0.01076	0.01240	0.01199	0.01503	0.00945	0.00899	0.01754	0.02698	0.03541	0.32968	0.09048	0.33133	0.02422	0.01248	0.00345	0.00517	0.02073	0.01072	0.00945
29	0.02283	0.02203	0.03689	0.17322	0.13250	0.02105	0.13503	0.02931	0.02277	0.03253	0.01956	0.02564	0.01555	0.00900	0.00998	0.00275	0.01239	0.00895	0.00551	0.26253
30	0.07895	0.13492	0.20175	0.03131	0.04261	0.02736	0.21454	0.03477	0.02356	0.08184	0.02091	0.02461	0.01543	0.00971	0.01021	0.00324	0.01456	0.00931	0.00575	0.01466
31	0.53571	0.02078	0.01842	0.01561	0.02259	0.02306	0.01287	0.07557	0.02272	0.13876	0.02024	0.02109	0.01452	0.01061	0.00758	0.00326	0.00860	0.00688	0.00800	0.01311
32	0.02192	0.01879	0.02192	0.01566	0.02506	0.01409	0.01253	0.02662	0.02192	0.03445	0.01879	0.02192	0.01566	0.00783	0.00783	0.00157	0.00783	0.00626	0.00626	0.69305
33	0.02615	0.01866	0.02236	0.01618	0.02538	0.01433	0.01303	0.03075	0.02331	0.12313	0.02259	0.02425	0.01740	0.00870	0.00829	0.00185	0.00802	0.00699	0.00739	0.58123
34	0.01837	0.00918	0.01377	0.01377	0.01377	0.00918	0.00918	0.01377	0.01377	0.01837	0.01837	0.03214	0.01837	0.03673	0.04132	0.69238	0.00918	0.00918	0.00459	0.00459
35	0.10213	0.01820	0.02379	0.01840	0.02644	0.01622	0.01520	0.04982	0.02924	0.52622	0.03946	0.03442	0.02494	0.01281	0.01029	0.00327	0.00893	0.01022	0.01254	0.01745
36	0.01406	0.01077	0.01288	0.01235	0.01524	0.00959	0.00927	0.01820	0.02780	0.03733	0.39225	0.08732	0.26756	0.02350	0.01248	0.00342	0.00512	0.02029	0.01097	0.00959
37	0.02827	0.63478	0.05540	0.01809	0.02714	0.04184	0.01809	0.03166	0.02148	0.02488	0.01470	0.01696	0.01357	0.00905	0.00678	0.00226	0.01131	0.00565	0.00452	0.01357
38	0.04681	0.01899	0.02516	0.01929	0.02749	0.01702	0.01593	0.09247	0.03194	0.52648	0.04031	0.03507	0.02547	0.01305	0.01063	0.00326	0.00922	0.01054	0.01287	0.01799
39	0.01837	0.00918	0.01377	0.01377	0.01377	0.00918	0.00918	0.01377	0.01377	0.01837	0.01837	0.03214	0.01837	0.03673	0.04132	0.69238	0.00918	0.00918	0.00459	0.00459
40	0.70310	0.02045	0.01554	0.01390	0.02045	0.02372	0.01145	0.03108	0.01799	0.04744	0.01472	0.01718	0.01145	0.00981	0.00654	0.00327	0.00818	0.00573	0.00654	0.01145
41	0.01288	0.00920	0.01227	0.01472	0.01534	0.00859	0.00981	0.01472	0.02024	0.02699	0.05828	0.62152	0.06993	0.03312	0.01350	0.00429	0.00613	0.03006	0.00981	0.00859
42	0.70310	0.02045	0.01554	0.01390	0.02045	0.02372	0.01145	0.03108	0.01799	0.04744	0.01472	0.01718	0.01145	0.00981	0.00654	0.00327	0.00818	0.00573	0.00654	0.01145
43	0.01971	0.00985	0.00985	0.00985	0.01232	0.00985	0.00739	0.02464	0.02217	0.03942	0.03449	0.03942	0.02710	0.01232	0.00739	0.00246	0.00493	0.00985	0.68712	0.00985
44	0.01288	0.00920	0.01227	0.01472	0.01534	0.00859	0.00981	0.01472	0.02024	0.02699	0.05828	0.62152	0.06993	0.03312	0.01350	0.00429	0.00613	0.03006	0.00981	0.00859
45	0.01698	0.01377	0.01567	0.01598	0.01968	0.01374	0.01293	0.02622	0.13526	0.03295	0.07615	0.09433	0.27785	0.02494	0.01284	0.00401	0.00748	0.17836	0.00999	0.01087
46	0.02453	0.02768	0.05975	0.09263	0.05677	0.02646	0.48148	0.03328	0.02463	0.03328	0.02117	0.02849	0.01588	0.00906	0.01231	0.00356	0.01750	0.01221	0.00529	0.01404
47	0.02121	0.05469	0.57364	0.03014	0.04576	0.02455	0.03906	0.03348	0.02232	0.03348	0.01897	0.02232	0.01339	0.01005	0.01005	0.00335	0.01563	0.00781	0.00446	0.01563
48	0.01457	0.01065	0.01368	0.01322	0.01563	0.00976	0.00980	0.01908	0.02857	0.03986	0.47460	0.12998	0.13492	0.02308	0.01257	0.00343	0.00512	0.02038	0.01132	0.00976
49	0.01557	0.01089	0.01478	0.01478	0.01615	0.01206	0.01071	0.01831	0.01694	0.02457	0.03031	0.04958	0.03006	0.23704	0.38030	0.01379	0.02102	0.01241	0.06217	0.00857
50	0.09419	0.02875	0.03020	0.10971	0.03767	0.07154	0.02076	0.37424	0.04127	0.05608	0.02282	0.02463	0.01652	0.01200	0.01015	0.00320	0.01225	0.00897	0.00898	0.01607
51	0.50206	0.01795	0.01520	0.01358	0.01932	0.02001	0.01101	0.03070	0.02037	0.08230	0.05972	0.02646	0.02140	0.01130	0.00740	0.00315	0.00750	0.00769	0.11134	0.01155
52	0.22881	0.02601	0.06901	0.02445	0.03209	0.02617	0.10091	0.11447	0.09881	0.08776	0.02390	0.02590	0.01771	0.01183	0.01188	0.00348	0.06533	0.00917	0.00779	0.01452
53	0.03271	0.02652	0.14136	0.02100	0.03061	0.01828	0.02036	0.07865	0.02771	0.24291	0.03123	0.03562	0.02309	0.01247	0.01016	0.00301	0.01042	0.04796	0.00915	0.17679
54	0.01444	0.01045	0.01397	0.01623	0.01777	0.00998	0.01244	0.01751	0.02211	0.02889	0.06118	0.38914	0.10425	0.03113	0.01384	0.00446	0.00745	0.20592	0.00978	0.00905
55	0.03035	0.02637	0.08312	0.10551	0.08401	0.02491	0.09572	0.11383	0.15161	0.12906	0.02979	0.03109	0.02142	0.01181	0.01085	0.00340	0.01208	0.01053	0.00851	0.01601
56	0.11639	0.02267	0.02905	0.30411	0.05026	0.02662	0.02323	0.18604	0.06611	0.04329	0.02201	0.02665	0.01623	0.01140	0.01006	0.00339	0.01215	0.00913	0.00720	0.01401
57	0.02354	0.01755	0.02001	0.01823	0.02288	0.01893	0.01400	0.04129	0.29960	0.08736	0.19666	0.10357	0.05517	0.01809	0.01150	0.00355	0.00722	0.01560	0.01113	0.01410
58	0.02318	0.21710	0.42855	0.02676	0.04055	0.02939	0.03319	0.03297	0.02209	0.03107	0.01778	0.02082	0.01344	0.00977	0.00913	0.00304	0.01442	0.00721	0.00448	0.01505
59	0.02784	0.37186	0.05618	0.02842	0.03782	0.07449	0.20346	0.03321	0.02335	0.02824	0.01726	0.02134	0.01448	0.00913	0.00906	0.00277	0.01424	0.00823	0.00489	0.01373
60	0.01288	0.00920	0.01227	0.01472	0.01534	0.00859	0.00981	0.01472	0.02024	0.02699	0.05828	0.62152	0.06993	0.03312	0.01350	0.00429	0.00613	0.03006	0.00981	0.00859
61	0.01997	0.01879	0.03171	0.60301	0.07282	0.02349	0.02936	0.02701	0.02114	0.02701	0.01879	0.02819	0.01409	0.01057	0.01057	0.00352	0.01409	0.00940	0.00470	0.01175
62	0.02607	0.08997	0.18509	0.20975	0.04824	0.16488	0.02847	0.03287	0.02333	0.02825	0.01754	0.02297	0.01372	0.01093	0.01153	0.00325	0.05726	0.00798	0.00480	0.01310
63	0.02166	0.01822	0.01972	0.01804	0.02287	0.02000	0.01390	0.04184	0.34944	0.04145	0.16821	0.05775	0.12697	0.01786	0.01141	0.00353	0.00715	0.01513	0.01081	0.01404
64	0.03066	0.40642	0.08857	0.02218	0.03170	0.03588	0.06326	0.10169	0.02644	0.07631	0.01925	0.02106	0.01540	0.00994	0.00835	0.00266	0.01204	0.00734	0.00612	0.01475
65	0.02018	0.01636	0.02348	0.10885	0.02987	0.01844	0.04901	0.06401	0.02506	0.03601	0.15745	0.12668	0.04530	0.01813	0.01505	0.00358	0.10667	0.01499	0.10965	0.01122
66	0.01315	0.01092	0.01162	0.01197	0.01538	0.00939	0.00933	0.01614	0.02413	0.02901	0.09976	0.10427	0.48668	0.02713	0.01280	0.00376	0.00599	0.08973	0.00981	0.00904
67	0.02341	0.01967	0.02272	0.01636	0.02569	0.01561	0.01314	0.06730	0.02418	0.03707	0.01933	0.02221	0.01585	0.00823	0.00805	0.00170	0.00814	0.00653	0.00661	0.63820
68	0.02452	0.02423	0.04242	0.04394	0.24808	0.02228	0.17394	0.03112	0.02369	0.03431	0.02001	0.02559	0.01621	0.00879	0.01027	0.00279	0.01271	0.00939	0.00558	0.22013
69	0.08971	0.12131	0.02830	0.01843	0.02559	0.02305	0.01551	0.11578	0.06469	0.23780	0.11681	0.03691	0.03405	0.01357	0.00996	0.00312	0.00903	0.01071	0.01035	0.01533
70	0.01288	0.00920	0.01227	0.01472	0.01534	0.00859	0.00981	0.01472	0.02024	0.02699	0.05828	0.62152	0.06993	0.03312	0.01350	0.00429	0.00613	0.03006	0.00981	0.00859
71	0.01342	0.00959	0.01284	0.01499	0.01593	0.00901	0.01043	0.01579	0.02146	0.02877	0.10323	0.53050	0.07187	0.03176	0.01349	0.00425	0.00633	0.06754	0.00997	0.00881
72	0.02597	0.02334	0.03929	0.04069	0.22899	0.02120	0.14007	0.03219	0.02400	0.07171	0.02140	0.02601	0.01688	0.00903	0.01008	0.00273	0.01199	0.00918	0.00615	0.23910
73	0.02524	0.42591	0.09114	0.01944	0.02689	0.03423	0.01910	0.02862	0.02005	0.02505	0.01647	0.02135	0.01509	0.01828	0.06085	0.06626	0.06206	0.00693	0.00463	0.01242
74	0.01510	0.01133	0.01699	0.01699	0.01888	0.01322	0.01322	0.01888	0.01699	0.02454	0.02832	0.04154	0.02643	0.07930	0.58652	0.01699	0.02832	0.01133	0.00566	0.00944
75	0.02496	0.02852	0.06239	0.04456	0.05526	0.02674	0.52406	0.03387	0.02496	0.03387	0.02139	0.02852	0.01604	0.00891	0.01248	0.00357	0.01783	0.01248	0.00535	0.01426
76	0.02334	0.02224	0.03781	0.31003	0.33941	0.02438	0.03104	0.02997	0.02274	0.03111	0.01939	0.02709	0.01554	0.00994	0.01051	0.00331	0.01326	0.00941	0.00499	0.01447
77	0.01288	0.00920	0.01227	0.01472	0.01534	0.00859	0.00981	0.01472	0.02024	0.02699	0.05828	0.62152	0.06993	0.03312	0.01350	0.00429	0.00613	0.03006	0.00981	0.00859
78	0.01288	0.00920	0.01227	0.01472	0.01534	0.00859	0.00981	0.01472	0.02024	0.02699	0.05828	0.62152	0.06993	0.03312	0.01350	0.00429	0.00613	0.03006	0.00981	0.00859
79	0.23389	0.02320	0.02472	0.01953	0.02735	0.02458	0.01612	0.22974	0.03425	0.22427	0.02760	0.02645	0.01875	0.01199	0.00943	0.00323	0.00978	0.00879	0.01023	0.01610
80	0.03912	0.02908	0.03113	0.02411	0.03238	0.03229	0.01984	0.49075	0.08792	0.06490	0.02675	0.02647	0.01909	0.01282	0.01059	0.00321	0.01138	0.00971	0.01059	0.01788
81	0.03348	0.02406	0.04475	0.03285	0.04218	0.02251	0.28799	0.04249	0.07387	0.23519	0.03095	0.03230	0.02130	0.01097	0.01163	0.00346	0.01367	0.01174	0.00873	0.01588
82	0.02192	0.01879	0.02192	0.01566	0.02506	0.01409	0.01253	0.02662	0.02192	0.03445	0.01879	0.02192	0.01566	0.00783	0.00783	0.00157	0.00783	0.00626	0.00626	0.69305
