[name]
unknown

[dist]
# distance from previous block
# <min> <max>
0	93

[block]
# block no. 0 follows, 11 sequences, length 26
# corresponding to MSA columns:
# 136-161
name=unknown_A
#
# <colnr> <probs for GDERKNQSTAVLIFYWHMCP>
#	G	D	E	R	K	N	Q	S	T	A	V	L	I	F	Y	W	H	M	C	P
0	0.03165	0.11843	0.27680	0.02608	0.03878	0.02692	0.02908	0.09431	0.02882	0.13991	0.02523	0.02627	0.01777	0.01136	0.01025	0.00323	0.01349	0.00871	0.00752	0.06539
1	0.02371	0.01622	0.02190	0.08669	0.02879	0.01764	0.01654	0.07322	0.02578	0.10007	0.04553	0.32992	0.04850	0.02551	0.01591	0.00425	0.07608	0.02180	0.00968	0.01226
2	0.02710	0.01984	0.03223	0.46605	0.06777	0.02332	0.02832	0.03397	0.02445	0.13129	0.02488	0.03167	0.01757	0.01179	0.01127	0.00370	0.01392	0.01027	0.00679	0.01383
3	0.03516	0.01841	0.02346	0.01815	0.02644	0.01505	0.01453	0.03950	0.02736	0.27672	0.03655	0.09759	0.02876	0.01415	0.01046	0.00287	0.00872	0.01185	0.01057	0.28368
4	0.11763	0.02111	0.02479	0.01939	0.02792	0.01987	0.01578	0.07767	0.08642	0.27811	0.03439	0.03216	0.02360	0.01238	0.01013	0.00311	0.00931	0.00972	0.01098	0.16552
5	0.02679	0.01433	0.01857	0.01666	0.02148	0.01241	0.01261	0.03037	0.02679	0.19454	0.11623	0.24783	0.09032	0.02316	0.01245	0.00368	0.00749	0.02026	0.01135	0.09266
6	0.01591	0.01114	0.01334	0.01384	0.01493	0.01077	0.00924	0.01771	0.02101	0.02790	0.11341	0.14768	0.10241	0.33827	0.03732	0.00784	0.00909	0.07118	0.00874	0.00826
7	0.05050	0.01915	0.02612	0.02003	0.02873	0.01654	0.01654	0.05485	0.03221	0.54203	0.04440	0.03831	0.02786	0.01393	0.01132	0.00348	0.00958	0.01132	0.01393	0.01915
8	0.01406	0.01025	0.01325	0.01499	0.01630	0.00944	0.01029	0.01670	0.02376	0.03177	0.14888	0.45975	0.12411	0.03246	0.01407	0.00432	0.00624	0.02916	0.01079	0.00944
9	0.02126	0.02001	0.03376	0.57739	0.07752	0.02501	0.03126	0.02876	0.02251	0.02876	0.02001	0.03001	0.01500	0.01125	0.01125	0.00375	0.01500	0.01000	0.00500	0.01250
10	0.05050	0.01915	0.02612	0.02003	0.02873	0.01654	0.01654	0.05485	0.03221	0.54203	0.04440	0.03831	0.02786	0.01393	0.01132	0.00348	0.00958	0.01132	0.01393	0.01915
11	0.01517	0.01041	0.01263	0.01381	0.01410	0.01011	0.00846	0.01605	0.01871	0.02494	0.04746	0.30989	0.05605	0.34757	0.03792	0.00805	0.00893	0.02342	0.00846	0.00787
12	0.04214	0.05075	0.03214	0.02859	0.03481	0.49063	0.02170	0.10407	0.03465	0.03323	0.01866	0.02118	0.01511	0.01185	0.01029	0.00296	0.01926	0.00763	0.00651	0.01385
13	0.02004	0.01205	0.01444	0.01340	0.01690	0.01097	0.01020	0.02473	0.02882	0.09254	0.28606	0.07521	0.16873	0.02106	0.01190	0.00339	0.00582	0.01798	0.15451	0.01124
14	0.02257	0.05822	0.54613	0.03208	0.04871	0.02614	0.04158	0.03564	0.02376	0.03564	0.02020	0.02376	0.01426	0.01069	0.01069	0.00356	0.01663	0.00832	0.00475	0.01663
15	0.02472	0.02115	0.02244	0.02072	0.02621	0.02380	0.01591	0.04993	0.40354	0.04317	0.05627	0.10305	0.10297	0.01889	0.01197	0.00389	0.00826	0.01599	0.01123	0.01591
16	0.25940	0.09800	0.02713	0.01843	0.02645	0.02422	0.01555	0.04521	0.07203	0.26203	0.03108	0.02925	0.02143	0.01232	0.00933	0.00337	0.00954	0.00900	0.01015	0.01606
17	0.10408	0.02126	0.03160	0.09784	0.03768	0.02239	0.11761	0.11989	0.02871	0.04134	0.03565	0.21940	0.03598	0.01933	0.01222	0.00393	0.01170	0.01767	0.00847	0.01322
18	0.01847	0.01234	0.01425	0.01326	0.01728	0.01067	0.01013	0.02225	0.02834	0.09480	0.23404	0.09263	0.33998	0.02510	0.01306	0.00368	0.00603	0.02125	0.01146	0.01098
19	0.14544	0.01810	0.02061	0.01709	0.02365	0.01705	0.01351	0.06617	0.02809	0.14674	0.13124	0.10504	0.04301	0.01633	0.01061	0.00320	0.00814	0.01348	0.01014	0.16236
20	0.28174	0.15230	0.03343	0.02137	0.02864	0.02819	0.08041	0.03458	0.08100	0.03993	0.02635	0.09852	0.02418	0.01396	0.00940	0.00347	0.01060	0.01126	0.00731	0.01338
21	0.03791	0.03135	0.03849	0.03023	0.03743	0.13236	0.12001	0.11763	0.03175	0.16400	0.02636	0.02877	0.01918	0.01349	0.01605	0.00367	0.11642	0.01047	0.00855	0.01589
22	0.03534	0.02055	0.02437	0.01987	0.02665	0.02064	0.01598	0.15609	0.09320	0.21512	0.15569	0.05143	0.08071	0.01711	0.01191	0.00353	0.00895	0.01415	0.01236	0.01635
23	0.10655	0.02845	0.09006	0.15948	0.27979	0.02693	0.03062	0.07805	0.02665	0.03997	0.02073	0.02664	0.01632	0.01074	0.01063	0.00347	0.01339	0.00938	0.00609	0.01605
24	0.11360	0.03685	0.16176	0.02812	0.03900	0.03096	0.06982	0.28304	0.03913	0.05643	0.02356	0.02548	0.01690	0.01206	0.01079	0.00348	0.01362	0.00949	0.00860	0.01731
25	0.02455	0.03937	0.27653	0.07235	0.10861	0.02409	0.03145	0.07732	0.02753	0.03981	0.07324	0.03124	0.02501	0.01191	0.01084	0.00331	0.01353	0.00989	0.00652	0.09292

[dist]
# distance from previous block
# <min> <max>
4	7

[block]
# block no. 1 follows, 11 sequences, length 16
# corresponding to MSA columns:
# 169-184
name=unknown_B
#
# <colnr> <probs for GDERKNQSTAVLIFYWHMCP>
#	G	D	E	R	K	N	Q	S	T	A	V	L	I	F	Y	W	H	M	C	P
0	0.02435	0.01412	0.01875	0.06477	0.02556	0.01324	0.01452	0.02859	0.02744	0.15883	0.13405	0.14353	0.17124	0.02386	0.01312	0.00399	0.00824	0.08832	0.01111	0.01239
1	0.02219	0.02016	0.03348	0.45458	0.13834	0.02401	0.02972	0.02938	0.02305	0.03106	0.02162	0.03073	0.01661	0.01124	0.01094	0.00359	0.01392	0.01005	0.06222	0.01310
2	0.01634	0.01231	0.01837	0.01820	0.02010	0.01208	0.05238	0.01932	0.02115	0.02909	0.04853	0.32293	0.05464	0.13253	0.08790	0.00714	0.01144	0.05601	0.04997	0.00956
3	0.02273	0.02700	0.10540	0.16610	0.05332	0.02353	0.21007	0.03111	0.02509	0.03367	0.03087	0.05328	0.02799	0.01538	0.01304	0.00410	0.01561	0.12163	0.00656	0.01353
4	0.01955	0.00978	0.01466	0.01466	0.01466	0.00978	0.00978	0.01466	0.01466	0.01955	0.01955	0.03421	0.01955	0.03910	0.04399	0.67253	0.00978	0.00978	0.00489	0.00489
5	0.01955	0.00978	0.01466	0.01466	0.01466	0.00978	0.00978	0.01466	0.01466	0.01955	0.01955	0.03421	0.01955	0.03910	0.04399	0.67253	0.00978	0.00978	0.00489	0.00489
6	0.02372	0.02085	0.03262	0.38965	0.10828	0.02447	0.02861	0.07839	0.02654	0.03473	0.02662	0.04358	0.02295	0.01426	0.01187	0.00388	0.01390	0.07521	0.00650	0.01340
7	0.02796	0.46148	0.12406	0.08937	0.03761	0.03957	0.02385	0.03337	0.02295	0.02804	0.01682	0.02032	0.01449	0.00998	0.00820	0.00273	0.01304	0.00683	0.00483	0.01451
8	0.04359	0.02065	0.02724	0.02181	0.02893	0.02075	0.01790	0.05151	0.09744	0.39793	0.04029	0.03684	0.02687	0.01496	0.01506	0.00374	0.09295	0.01130	0.01227	0.01797
9	0.01541	0.01107	0.01473	0.01564	0.01754	0.01039	0.01161	0.01945	0.02717	0.03739	0.28818	0.28211	0.08852	0.02873	0.01400	0.00416	0.00647	0.08602	0.01138	0.01003
10	0.03111	0.03519	0.10545	0.09078	0.10525	0.16843	0.02515	0.04094	0.09633	0.08334	0.07957	0.03440	0.02878	0.01317	0.01111	0.00340	0.01406	0.01062	0.00779	0.01514
11	0.10978	0.21167	0.03731	0.02052	0.02940	0.03048	0.01802	0.14317	0.03240	0.22077	0.02831	0.02720	0.01997	0.01209	0.00953	0.00312	0.01089	0.00880	0.00968	0.01690
12	0.12363	0.07949	0.02344	0.01718	0.02320	0.01860	0.01444	0.03659	0.02715	0.20914	0.09761	0.05238	0.03934	0.01647	0.01061	0.00349	0.00866	0.07600	0.10851	0.01407
13	0.02512	0.07850	0.02230	0.01639	0.01965	0.01848	0.01201	0.08914	0.02359	0.07841	0.03067	0.05082	0.03024	0.29429	0.07728	0.08977	0.01242	0.01278	0.00760	0.01053
14	0.09083	0.03244	0.17129	0.09899	0.11490	0.02507	0.02775	0.04241	0.13268	0.10975	0.02892	0.03067	0.02102	0.01210	0.01073	0.00359	0.01251	0.00996	0.00788	0.01650
15	0.39984	0.12555	0.05700	0.01769	0.02605	0.05870	0.01586	0.03335	0.02142	0.04218	0.01667	0.01942	0.01348	0.01008	0.00762	0.00301	0.01037	0.00637	0.00636	0.10897

[dist]
# distance from previous block
# <min> <max>
0	7

[block]
# block no. 2 follows, 11 sequences, length 12
# corresponding to MSA columns:
# 192-203
name=unknown_C
#
# <colnr> <probs for GDERKNQSTAVLIFYWHMCP>
#	G	D	E	R	K	N	Q	S	T	A	V	L	I	F	Y	W	H	M	C	P
0	0.08830	0.02385	0.03276	0.24434	0.14239	0.02731	0.02609	0.10121	0.12386	0.04173	0.02588	0.03047	0.01966	0.01205	0.01087	0.00361	0.01255	0.01020	0.00743	0.01544
1	0.02148	0.01807	0.02262	0.08945	0.03083	0.01631	0.01534	0.02937	0.07108	0.03892	0.16127	0.04253	0.04256	0.01337	0.01035	0.00265	0.00843	0.01140	0.00846	0.34550
2	0.02728	0.02120	0.02913	0.02099	0.03099	0.01690	0.07426	0.03276	0.02490	0.10229	0.02353	0.02617	0.01818	0.00921	0.00935	0.00217	0.00984	0.00811	0.00749	0.50528
3	0.11814	0.11430	0.13011	0.02223	0.03219	0.10253	0.02133	0.03881	0.02583	0.13603	0.02335	0.02456	0.01722	0.01083	0.00932	0.00291	0.01250	0.00783	0.00740	0.14258
4	0.02732	0.02976	0.04239	0.03410	0.03777	0.09907	0.14522	0.03165	0.02149	0.02946	0.01717	0.02556	0.01533	0.01604	0.02746	0.00438	0.36704	0.01041	0.00523	0.01315
5	0.02334	0.02001	0.02334	0.01667	0.02667	0.01500	0.01334	0.02834	0.02334	0.03668	0.02001	0.02334	0.01667	0.00834	0.00834	0.00167	0.00834	0.00667	0.00667	0.67325
6	0.02037	0.01255	0.01609	0.01460	0.01825	0.01129	0.01116	0.02521	0.03107	0.11201	0.40546	0.08100	0.15235	0.02249	0.01301	0.00357	0.00595	0.01956	0.01234	0.01165
7	0.03483	0.01558	0.02057	0.01734	0.02328	0.01362	0.01368	0.03882	0.02985	0.32180	0.13801	0.13237	0.11091	0.02027	0.01232	0.00368	0.00794	0.01729	0.01275	0.01510
8	0.02076	0.01949	0.03318	0.15208	0.04257	0.02031	0.14338	0.02941	0.08170	0.03232	0.04110	0.16900	0.06831	0.07453	0.01705	0.00464	0.01240	0.01769	0.00772	0.01234
9	0.10705	0.01824	0.02310	0.01824	0.02596	0.01656	0.01496	0.04892	0.02981	0.42774	0.04062	0.03689	0.02650	0.01349	0.01044	0.00337	0.00891	0.01071	0.10118	0.01732
10	0.07976	0.01318	0.01496	0.01581	0.01842	0.01332	0.01133	0.02365	0.08683	0.03494	0.10576	0.35623	0.12752	0.02825	0.01304	0.00417	0.00682	0.02483	0.01043	0.01075
11	0.03571	0.02905	0.09888	0.02418	0.03086	0.09344	0.02148	0.04040	0.02672	0.23639	0.03398	0.10386	0.02770	0.01706	0.01642	0.00384	0.12254	0.01276	0.00937	0.01536

[dist]
# distance from previous block
# <min> <max>
7	63

[block]
# block no. 3 follows, 11 sequences, length 17
# corresponding to MSA columns:
# 268-284
name=unknown_D
#
# <colnr> <probs for GDERKNQSTAVLIFYWHMCP>
#	G	D	E	R	K	N	Q	S	T	A	V	L	I	F	Y	W	H	M	C	P
0	0.01810	0.01530	0.02380	0.29934	0.04696	0.01781	0.02071	0.02273	0.02100	0.02752	0.03439	0.19030	0.03586	0.11095	0.06139	0.00614	0.01329	0.01703	0.00682	0.01057
1	0.03276	0.02362	0.02747	0.02326	0.02934	0.02682	0.01869	0.14893	0.22416	0.12007	0.03608	0.03650	0.02710	0.02384	0.08300	0.00558	0.07409	0.01154	0.01039	0.01674
2	0.02126	0.02025	0.03554	0.43962	0.06753	0.02364	0.08711	0.02874	0.02419	0.03174	0.08420	0.03684	0.02672	0.01251	0.01176	0.00373	0.01429	0.01172	0.00602	0.01261
3	0.02325	0.01867	0.02375	0.08034	0.03062	0.02166	0.01786	0.09210	0.15777	0.03777	0.03292	0.03991	0.02728	0.04880	0.28256	0.01081	0.02050	0.01178	0.00806	0.01357
4	0.02495	0.01687	0.02439	0.16911	0.03603	0.01952	0.01873	0.06131	0.02205	0.06902	0.02278	0.03217	0.01899	0.02339	0.02668	0.25729	0.08366	0.01004	0.05255	0.01048
5	0.01939	0.01172	0.01478	0.01534	0.01744	0.01085	0.01080	0.02159	0.02263	0.09442	0.06010	0.30768	0.11726	0.15944	0.02359	0.00581	0.00811	0.05892	0.01008	0.01006
6	0.02671	0.02792	0.04471	0.09291	0.25056	0.08193	0.15344	0.03321	0.02579	0.03393	0.02627	0.09989	0.02420	0.01334	0.01203	0.00361	0.01489	0.01338	0.00620	0.01508
7	0.02513	0.02136	0.03750	0.44370	0.06968	0.02458	0.09416	0.03257	0.02411	0.08480	0.02301	0.03095	0.01667	0.01129	0.01154	0.00373	0.01498	0.01060	0.00605	0.01359
8	0.01972	0.01259	0.01589	0.01653	0.01991	0.01150	0.01322	0.02338	0.02575	0.09546	0.07626	0.20317	0.21655	0.02891	0.01403	0.00439	0.00795	0.17299	0.01086	0.01094
9	0.01480	0.01146	0.01348	0.01297	0.01612	0.01014	0.00973	0.01905	0.02919	0.03879	0.34982	0.09452	0.28863	0.02538	0.01329	0.00365	0.00548	0.02182	0.01155	0.01014
10	0.03407	0.22981	0.18045	0.02461	0.03586	0.03334	0.02554	0.16014	0.03232	0.10772	0.02364	0.02462	0.01738	0.01151	0.00977	0.00312	0.01306	0.00843	0.00770	0.01690
11	0.03903	0.01827	0.02282	0.01873	0.02561	0.01744	0.01505	0.04900	0.12574	0.33228	0.08104	0.04312	0.03536	0.01478	0.01099	0.00343	0.00848	0.01217	0.10972	0.01695
12	0.02410	0.01860	0.03015	0.43399	0.06345	0.02190	0.02672	0.03049	0.02364	0.09539	0.02849	0.10281	0.02419	0.01464	0.01166	0.00382	0.01323	0.01296	0.00685	0.01294
13	0.01967	0.04067	0.34427	0.02541	0.03703	0.02027	0.03027	0.02916	0.02451	0.03407	0.04893	0.05816	0.15124	0.01777	0.01196	0.00383	0.01308	0.06877	0.00690	0.01404
14	0.03440	0.03473	0.23282	0.12142	0.04508	0.02180	0.02898	0.04274	0.02719	0.25304	0.03061	0.03112	0.02026	0.01219	0.01106	0.00356	0.01331	0.00990	0.00876	0.01701
15	0.02912	0.53943	0.12222	0.02092	0.03146	0.04215	0.02216	0.03395	0.02299	0.02767	0.01624	0.01880	0.01442	0.00977	0.00767	0.00256	0.01263	0.00632	0.00481	0.01473
16	0.11122	0.01447	0.01753	0.01601	0.01980	0.01432	0.01188	0.02928	0.02363	0.16184	0.10010	0.12813	0.04514	0.15944	0.09115	0.00716	0.01141	0.01589	0.00975	0.01185

[dist]
# distance from previous block
# <min> <max>
0	3

[block]
# block no. 4 follows, 11 sequences, length 34
# corresponding to MSA columns:
# 288-321
name=unknown_E
#
# <colnr> <probs for GDERKNQSTAVLIFYWHMCP>
#	G	D	E	R	K	N	Q	S	T	A	V	L	I	F	Y	W	H	M	C	P
0	0.10469	0.02140	0.07860	0.11546	0.12279	0.01907	0.02225	0.02649	0.02339	0.03512	0.06458	0.19552	0.04167	0.02014	0.01203	0.00398	0.01073	0.06170	0.00779	0.01259
1	0.14759	0.13334	0.07315	0.11535	0.03667	0.02617	0.02056	0.07064	0.02627	0.14038	0.02831	0.08560	0.02345	0.01397	0.01003	0.00344	0.01128	0.01099	0.00816	0.01465
2	0.03216	0.17830	0.04128	0.02467	0.03344	0.03050	0.07924	0.11875	0.06327	0.09158	0.02435	0.02643	0.01880	0.01165	0.01188	0.00302	0.05497	0.00909	0.00782	0.13882
3	0.13737	0.03215	0.07317	0.02984	0.03884	0.11965	0.15624	0.04343	0.07796	0.14086	0.02732	0.02904	0.01965	0.01160	0.01096	0.00351	0.01448	0.01028	0.00812	0.01551
4	0.02850	0.02194	0.03503	0.02608	0.03545	0.01873	0.14526	0.03463	0.02606	0.12600	0.02921	0.03869	0.02377	0.01201	0.01096	0.00294	0.01167	0.05626	0.00808	0.30871
5	0.02210	0.01839	0.02137	0.01589	0.02411	0.01428	0.01218	0.02621	0.02210	0.03404	0.02275	0.03228	0.02098	0.11427	0.01703	0.00331	0.00879	0.00839	0.00670	0.55482
6	0.11122	0.12433	0.03332	0.10845	0.03608	0.02364	0.06596	0.03222	0.02387	0.10693	0.03033	0.13271	0.02788	0.01524	0.01048	0.00338	0.01102	0.01308	0.00777	0.08210
7	0.10514	0.09891	0.11062	0.02364	0.03341	0.02990	0.02212	0.21314	0.07298	0.14021	0.02801	0.02773	0.01984	0.01252	0.01029	0.00336	0.01184	0.00937	0.00957	0.01740
8	0.01614	0.01277	0.01483	0.01584	0.01833	0.01259	0.01126	0.02364	0.11012	0.03243	0.07272	0.37083	0.18618	0.02994	0.01357	0.00424	0.00674	0.02642	0.01063	0.01078
9	0.03331	0.02914	0.12373	0.03218	0.12334	0.02238	0.05147	0.09767	0.03043	0.17854	0.03559	0.03607	0.06135	0.01295	0.01113	0.00331	0.01197	0.01104	0.00896	0.08545
10	0.03506	0.29348	0.04400	0.02166	0.03016	0.03013	0.06544	0.03914	0.02567	0.19771	0.02796	0.03180	0.02191	0.07287	0.01440	0.00379	0.01181	0.00959	0.00813	0.01529
11	0.01388	0.00992	0.01321	0.01556	0.01636	0.00925	0.01046	0.01609	0.02233	0.02997	0.09721	0.55839	0.07684	0.03434	0.01428	0.00449	0.00644	0.03112	0.01059	0.00925
12	0.02284	0.05392	0.48065	0.03176	0.04626	0.02721	0.03941	0.03455	0.02293	0.03455	0.01950	0.02387	0.01432	0.01185	0.01405	0.00374	0.08923	0.00851	0.00477	0.01608
13	0.02352	0.01978	0.03606	0.19481	0.04835	0.02027	0.15672	0.02958	0.02439	0.08421	0.03619	0.20433	0.03511	0.01836	0.01280	0.00399	0.01300	0.01781	0.00779	0.01294
14	0.02054	0.01276	0.01808	0.01730	0.01981	0.01382	0.01310	0.02388	0.01959	0.09139	0.03292	0.04869	0.03037	0.16781	0.40033	0.01494	0.02410	0.01273	0.00718	0.01064
15	0.05050	0.01915	0.02612	0.02003	0.02873	0.01654	0.01654	0.05485	0.03221	0.54203	0.04440	0.03831	0.02786	0.01393	0.01132	0.00348	0.00958	0.01132	0.01393	0.01915
16	0.02726	0.17549	0.26157	0.12504	0.04706	0.03158	0.03140	0.10643	0.02791	0.03784	0.02018	0.02406	0.01520	0.01099	0.01008	0.00330	0.01461	0.00837	0.00583	0.01579
17	0.31425	0.12144	0.12374	0.02263	0.03242	0.02766	0.06910	0.03673	0.02300	0.10549	0.02089	0.02304	0.01543	0.01071	0.00888	0.00336	0.01182	0.00789	0.00699	0.01454
18	0.03218	0.02360	0.02747	0.09372	0.03593	0.02652	0.01970	0.09963	0.32828	0.12495	0.04037	0.03835	0.02931	0.01437	0.01139	0.00371	0.01015	0.01189	0.01100	0.01748
19	0.03302	0.02421	0.03012	0.02477	0.02897	0.02923	0.02046	0.17360	0.03085	0.10856	0.02512	0.02933	0.01959	0.01623	0.02210	0.00397	0.26188	0.01021	0.09274	0.01504
20	0.43362	0.02344	0.02197	0.01813	0.02584	0.02583	0.01495	0.13786	0.02879	0.14084	0.02316	0.02369	0.01644	0.01172	0.00866	0.00346	0.00966	0.00789	0.00912	0.01492
21	0.03355	0.03480	0.05176	0.03854	0.04831	0.12448	0.28631	0.15791	0.03439	0.04365	0.02293	0.02770	0.01716	0.01091	0.01220	0.00353	0.01749	0.01139	0.00717	0.01584
22	0.01997	0.01146	0.01497	0.01575	0.01756	0.01062	0.01076	0.02195	0.02230	0.10817	0.05454	0.41626	0.06116	0.13306	0.02151	0.00553	0.00779	0.02597	0.01035	0.01030
23	0.01464	0.01046	0.01412	0.01673	0.01779	0.00994	0.01206	0.01728	0.02246	0.02977	0.06152	0.49854	0.07242	0.03439	0.01461	0.00470	0.00733	0.12141	0.01043	0.00940
24	0.01839	0.01397	0.01867	0.01859	0.02054	0.01587	0.01392	0.02501	0.09639	0.02930	0.03826	0.18120	0.03881	0.05083	0.23337	0.09527	0.05653	0.01677	0.00778	0.01054
25	0.01411	0.01010	0.01341	0.01540	0.01641	0.00940	0.01048	0.01666	0.02338	0.03165	0.14490	0.50593	0.08009	0.03308	0.01417	0.00439	0.00631	0.02993	0.01079	0.00940
26	0.02869	0.02910	0.10848	0.03306	0.04301	0.02424	0.22570	0.04111	0.11361	0.11689	0.03942	0.04094	0.07477	0.01334	0.01232	0.00372	0.01403	0.01333	0.00839	0.01587
27	0.08210	0.01102	0.01342	0.01558	0.01688	0.01079	0.01063	0.01745	0.02130	0.03095	0.05730	0.53805	0.06809	0.03273	0.01361	0.00446	0.00675	0.02935	0.01009	0.00945
28	0.03040	0.29058	0.18362	0.08026	0.03966	0.03361	0.02641	0.06895	0.02628	0.09204	0.02147	0.02381	0.01634	0.01086	0.00934	0.00305	0.01333	0.00796	0.00633	0.01572
29	0.04173	0.01683	0.02221	0.01773	0.02474	0.01486	0.01440	0.04634	0.03065	0.40246	0.09241	0.04363	0.03603	0.01471	0.01090	0.00334	0.00837	0.01209	0.12982	0.01674
30	0.03096	0.02231	0.11225	0.01851	0.02584	0.01549	0.01755	0.03728	0.02839	0.22270	0.13428	0.04577	0.04127	0.01495	0.01070	0.00328	0.00885	0.01237	0.18250	0.01475
31	0.38878	0.06880	0.02578	0.13209	0.03593	0.12147	0.01827	0.03436	0.02236	0.04030	0.01686	0.02101	0.01333	0.01076	0.00842	0.00336	0.01228	0.00709	0.00621	0.01257
32	0.10039	0.01267	0.01388	0.01343	0.01688	0.01202	0.01012	0.02067	0.02745	0.03977	0.29204	0.11924	0.23343	0.02409	0.01255	0.00369	0.00596	0.02047	0.01091	0.01034
33	0.11855	0.08075	0.03367	0.27218	0.14192	0.02552	0.02525	0.03000	0.02384	0.03526	0.08420	0.03361	0.02674	0.01225	0.01046	0.00347	0.01225	0.01036	0.00632	0.01341

[dist]
# distance from previous block
# <min> <max>
0	36

[block]
# block no. 5 follows, 11 sequences, length 56
# corresponding to MSA columns:
# 358-413
name=unknown_F
#
# <colnr> <probs for GDERKNQSTAVLIFYWHMCP>
#	G	D	E	R	K	N	Q	S	T	A	V	L	I	F	Y	W	H	M	C	P
0	0.03577	0.12012	0.03210	0.02314	0.02923	0.17965	0.01856	0.10116	0.03073	0.12701	0.03105	0.12591	0.02812	0.01666	0.01249	0.00342	0.04903	0.01272	0.00864	0.01448
1	0.03199	0.02323	0.07306	0.16396	0.07505	0.02113	0.05366	0.04038	0.06204	0.20473	0.03579	0.04643	0.02783	0.01495	0.01196	0.00383	0.01238	0.07267	0.00926	0.01566
2	0.03922	0.23033	0.07548	0.02139	0.03028	0.02852	0.01994	0.04379	0.02711	0.28276	0.03016	0.02904	0.02111	0.01266	0.01193	0.00323	0.05783	0.00912	0.00934	0.01676
3	0.04306	0.12436	0.03183	0.02007	0.02827	0.02354	0.01690	0.10903	0.03214	0.34377	0.03621	0.03607	0.02536	0.06133	0.01434	0.00389	0.01051	0.01063	0.01138	0.01732
4	0.02740	0.41348	0.23317	0.02384	0.03598	0.03796	0.02724	0.03440	0.02319	0.02976	0.01727	0.02010	0.01438	0.01001	0.00846	0.00282	0.01368	0.00684	0.00479	0.01523
5	0.02403	0.02381	0.03435	0.12594	0.03799	0.03281	0.02579	0.02738	0.01816	0.02738	0.01569	0.02557	0.01481	0.01821	0.03242	0.00472	0.48376	0.00988	0.00494	0.01235
6	0.10385	0.01834	0.02371	0.01874	0.02645	0.01652	0.01532	0.04821	0.03097	0.42828	0.10862	0.04279	0.03725	0.01487	0.01119	0.00349	0.00891	0.01209	0.01308	0.01734
7	0.04176	0.01722	0.02332	0.01854	0.02572	0.01504	0.01504	0.04635	0.03212	0.41636	0.16678	0.04988	0.04767	0.01623	0.01181	0.00350	0.00850	0.01360	0.01354	0.01700
8	0.04146	0.02859	0.03458	0.03250	0.12171	0.03036	0.02289	0.34065	0.04462	0.14462	0.02893	0.02908	0.02039	0.01297	0.01125	0.00339	0.01208	0.01032	0.01071	0.01891
9	0.02918	0.02366	0.03300	0.02787	0.02941	0.03132	0.02320	0.03197	0.01987	0.11769	0.01999	0.02703	0.01708	0.01868	0.03243	0.00467	0.48281	0.01011	0.00651	0.01352
10	0.01371	0.00979	0.01306	0.01567	0.01632	0.00914	0.01045	0.01567	0.02155	0.02873	0.06203	0.59710	0.07444	0.03526	0.01437	0.00457	0.00653	0.03200	0.01045	0.00914
11	0.68395	0.02177	0.01654	0.01480	0.02177	0.02525	0.01219	0.03309	0.01915	0.05050	0.01567	0.01828	0.01219	0.01045	0.00697	0.00348	0.00871	0.00609	0.00697	0.01219
12	0.02532	0.02416	0.04004	0.25037	0.25777	0.02640	0.06632	0.03599	0.09200	0.03516	0.02426	0.03080	0.01900	0.01117	0.01139	0.00360	0.01379	0.01064	0.00618	0.01564
13	0.05050	0.01915	0.02612	0.02003	0.02873	0.01654	0.01654	0.05485	0.03221	0.54203	0.04440	0.03831	0.02786	0.01393	0.01132	0.00348	0.00958	0.01132	0.01393	0.01915
14	0.01923	0.01219	0.01486	0.01421	0.01774	0.01075	0.01063	0.02292	0.02783	0.10364	0.23035	0.17702	0.24434	0.02595	0.01321	0.00381	0.00624	0.02243	0.01155	0.01110
15	0.68395	0.02177	0.01654	0.01480	0.02177	0.02525	0.01219	0.03309	0.01915	0.05050	0.01567	0.01828	0.01219	0.01045	0.00697	0.00348	0.00871	0.00609	0.00697	0.01219
16	0.01392	0.01081	0.01267	0.01350	0.01591	0.00956	0.00963	0.01687	0.02520	0.03237	0.16732	0.28819	0.28367	0.03008	0.01370	0.00404	0.00594	0.02626	0.01079	0.00956
17	0.03378	0.01997	0.02377	0.02035	0.02651	0.02044	0.01598	0.11188	0.16020	0.20577	0.08969	0.14011	0.04366	0.01881	0.01206	0.00375	0.00889	0.01598	0.01213	0.01626
18	0.09654	0.03078	0.02817	0.12084	0.03858	0.18238	0.02053	0.04629	0.12388	0.15645	0.02972	0.03038	0.02147	0.01271	0.01059	0.00342	0.01351	0.00967	0.00882	0.01527
19	0.02024	0.01533	0.01810	0.01836	0.02117	0.01602	0.01326	0.08990	0.11251	0.03779	0.05434	0.42068	0.05975	0.02874	0.01342	0.00427	0.00776	0.02559	0.01074	0.01205
20	0.01449	0.01035	0.01395	0.01656	0.01756	0.00981	0.01180	0.01702	0.02232	0.02960	0.06161	0.51438	0.07274	0.03453	0.01457	0.00468	0.00720	0.10703	0.01043	0.00936
21	0.02126	0.02001	0.03376	0.57739	0.07752	0.02501	0.03126	0.02876	0.02251	0.02876	0.02001	0.03001	0.01500	0.01125	0.01125	0.00375	0.01500	0.01000	0.00500	0.01250
22	0.68395	0.02177	0.01654	0.01480	0.02177	0.02525	0.01219	0.03309	0.01915	0.05050	0.01567	0.01828	0.01219	0.01045	0.00697	0.00348	0.00871	0.00609	0.00697	0.01219
23	0.03506	0.02260	0.02566	0.02200	0.02910	0.02440	0.01742	0.05825	0.36261	0.20254	0.04537	0.04084	0.03232	0.01485	0.01141	0.00371	0.00912	0.01228	0.01223	0.01824
24	0.03551	0.01988	0.02772	0.02698	0.09681	0.01958	0.01892	0.04208	0.06250	0.26574	0.07268	0.03881	0.03095	0.02074	0.06386	0.00482	0.06313	0.01151	0.01038	0.06740
25	0.03747	0.01836	0.02330	0.01941	0.02623	0.01743	0.01582	0.07623	0.07444	0.31175	0.05292	0.05485	0.10003	0.02312	0.05671	0.00487	0.01092	0.04775	0.01212	0.01628
26	0.02699	0.13048	0.03646	0.02639	0.02894	0.10642	0.02198	0.02967	0.02065	0.02719	0.01963	0.07540	0.02015	0.01824	0.02594	0.00417	0.35241	0.01085	0.00553	0.01250
27	0.10100	0.01959	0.02409	0.01966	0.02683	0.01878	0.01579	0.11186	0.03223	0.33636	0.04228	0.13310	0.03332	0.01730	0.01145	0.00366	0.00938	0.01430	0.01228	0.01675
28	0.03377	0.02166	0.03073	0.14577	0.11717	0.02260	0.02357	0.12095	0.03181	0.18130	0.03521	0.04850	0.02852	0.01571	0.01201	0.00380	0.01195	0.08930	0.00965	0.01600
29	0.03616	0.02851	0.04158	0.12599	0.04794	0.09807	0.17169	0.07459	0.03019	0.18844	0.02837	0.03106	0.01976	0.01171	0.01177	0.00354	0.01518	0.01107	0.00847	0.01591
30	0.19741	0.02047	0.02918	0.42785	0.06270	0.02507	0.02619	0.02991	0.02161	0.03454	0.01885	0.02689	0.01426	0.01104	0.01011	0.00368	0.01333	0.00896	0.00552	0.01242
31	0.02333	0.02212	0.03750	0.41774	0.22097	0.02555	0.03229	0.03057	0.02349	0.03127	0.02037	0.02933	0.01589	0.01087	0.01122	0.00362	0.01449	0.01001	0.00518	0.01418
32	0.02518	0.01778	0.01913	0.01711	0.02177	0.01927	0.01330	0.09873	0.18302	0.04802	0.12757	0.04762	0.04333	0.01564	0.01043	0.00327	0.00736	0.01294	0.25456	0.01397
33	0.01699	0.01346	0.02085	0.11649	0.03020	0.01599	0.01709	0.02162	0.01887	0.02659	0.02836	0.04172	0.02583	0.07154	0.46332	0.01557	0.02748	0.01170	0.00585	0.01048
34	0.01455	0.01015	0.01281	0.01461	0.01505	0.00970	0.00931	0.01589	0.01992	0.02656	0.05369	0.43269	0.06391	0.21404	0.02785	0.00656	0.00791	0.02709	0.00931	0.00841
35	0.02334	0.02001	0.02334	0.01667	0.02667	0.01500	0.01334	0.02834	0.02334	0.03668	0.02001	0.02334	0.01667	0.00834	0.00834	0.00167	0.00834	0.00667	0.00667	0.67325
36	0.03122	0.01943	0.02632	0.02801	0.11456	0.01899	0.01895	0.10727	0.03229	0.17281	0.11076	0.09285	0.07923	0.01914	0.01246	0.00377	0.00976	0.07607	0.01087	0.01524
37	0.03009	0.61122	0.05898	0.01926	0.02889	0.04454	0.01926	0.03370	0.02287	0.02648	0.01565	0.01805	0.01444	0.00963	0.00722	0.00241	0.01204	0.00602	0.00481	0.01444
38	0.01687	0.01077	0.01436	0.01578	0.01735	0.00993	0.01094	0.01952	0.02391	0.07068	0.13021	0.47758	0.07559	0.03179	0.01397	0.00433	0.00658	0.02867	0.01101	0.01013
39	0.01998	0.01039	0.01085	0.01121	0.01356	0.01030	0.00822	0.02477	0.02332	0.04013	0.04021	0.11866	0.03515	0.01617	0.00877	0.00289	0.00542	0.01346	0.57623	0.01030
40	0.04138	0.12496	0.03564	0.02299	0.03163	0.02392	0.06134	0.08654	0.03140	0.32106	0.03704	0.04024	0.02674	0.01413	0.01112	0.00345	0.01119	0.04697	0.01104	0.01724
41	0.02444	0.03519	0.20910	0.26289	0.09807	0.02664	0.07569	0.07037	0.02602	0.03578	0.02098	0.02754	0.01550	0.01100	0.01124	0.00363	0.01557	0.00975	0.00554	0.01508
42	0.02718	0.02951	0.14242	0.02595	0.03180	0.02623	0.02465	0.06495	0.02567	0.09970	0.11090	0.03678	0.03270	0.01714	0.02197	0.00409	0.24473	0.01157	0.00778	0.01431
43	0.46503	0.02582	0.02205	0.12733	0.03452	0.09898	0.01726	0.03387	0.02157	0.04305	0.01676	0.02087	0.01306	0.01077	0.00825	0.00345	0.01155	0.00702	0.00642	0.01237
44	0.01830	0.01186	0.01563	0.01482	0.01767	0.01087	0.01105	0.02307	0.03046	0.08133	0.42643	0.15141	0.09575	0.02400	0.01327	0.00368	0.00581	0.02126	0.01224	0.01108
45	0.09865	0.13100	0.03529	0.02299	0.03166	0.03367	0.01948	0.29924	0.08436	0.09556	0.02701	0.02686	0.01972	0.01274	0.01018	0.00326	0.01146	0.00936	0.00996	0.01756
46	0.02921	0.12702	0.08431	0.02607	0.03411	0.02600	0.11207	0.03981	0.13455	0.10385	0.02894	0.03204	0.02220	0.01675	0.01672	0.12115	0.01237	0.01056	0.00775	0.01452
47	0.02649	0.05102	0.41287	0.03237	0.04719	0.02789	0.07864	0.11680	0.02914	0.04189	0.02163	0.02493	0.01537	0.01108	0.01103	0.00355	0.01610	0.00908	0.00598	0.01694
48	0.03169	0.44392	0.05060	0.02075	0.02983	0.04082	0.01938	0.10616	0.09518	0.03594	0.02151	0.02270	0.01789	0.01099	0.00841	0.00275	0.01166	0.00756	0.00669	0.01561
49	0.01593	0.01150	0.01504	0.01416	0.01681	0.01062	0.01062	0.02124	0.03186	0.04513	0.52830	0.08407	0.10620	0.02301	0.01327	0.00354	0.00531	0.02035	0.01239	0.01062
50	0.01755	0.01360	0.01806	0.01830	0.02072	0.01522	0.01377	0.02592	0.10623	0.03050	0.04130	0.18939	0.04142	0.05931	0.31975	0.01202	0.02019	0.01743	0.00815	0.01118
51	0.11654	0.02801	0.10167	0.19509	0.04666	0.02760	0.02611	0.10389	0.02684	0.08586	0.02184	0.02694	0.01630	0.01314	0.01513	0.00381	0.11357	0.00936	0.00699	0.01462
52	0.58495	0.02046	0.01678	0.01568	0.02200	0.02342	0.01307	0.03163	0.02016	0.04800	0.02220	0.03444	0.02001	0.01352	0.00824	0.00374	0.00895	0.07336	0.00747	0.01192
53	0.02205	0.02621	0.11065	0.22289	0.11857	0.02372	0.06632	0.02955	0.02482	0.03455	0.11985	0.03895	0.03335	0.01393	0.01403	0.00373	0.06456	0.01204	0.00654	0.01368
54	0.02348	0.13402	0.11971	0.02002	0.02832	0.06529	0.01916	0.02958	0.02688	0.03673	0.18915	0.04253	0.04563	0.01416	0.01035	0.00286	0.01043	0.01147	0.00784	0.16239
55	0.12768	0.02835	0.02932	0.02362	0.03169	0.03185	0.01923	0.32390	0.16300	0.06217	0.03013	0.02954	0.02197	0.01353	0.01071	0.00350	0.01101	0.01022	0.01071	0.01785

[dist]
# distance from previous block
# <min> <max>
0	1

[block]
# block no. 6 follows, 11 sequences, length 20
# corresponding to MSA columns:
# 415-434
name=unknown_G
#
# <colnr> <probs for GDERKNQSTAVLIFYWHMCP>
#	G	D	E	R	K	N	Q	S	T	A	V	L	I	F	Y	W	H	M	C	P
0	0.02463	0.20447	0.24240	0.11628	0.04445	0.02953	0.02919	0.03284	0.02323	0.03204	0.01883	0.02310	0.01480	0.01012	0.00943	0.00298	0.01379	0.00769	0.00510	0.11511
1	0.34668	0.02488	0.02292	0.07357	0.03092	0.07534	0.01623	0.06855	0.02497	0.08666	0.02023	0.02280	0.01526	0.01081	0.00860	0.00314	0.01074	0.00742	0.00751	0.12276
2	0.01522	0.01081	0.01389	0.01438	0.01589	0.01015	0.00993	0.01848	0.02568	0.03553	0.28327	0.26225	0.08426	0.12350	0.02094	0.00512	0.00666	0.02378	0.01079	0.00947
3	0.02312	0.02039	0.03185	0.38022	0.10867	0.02376	0.02721	0.07352	0.02732	0.03636	0.10489	0.03845	0.03077	0.01330	0.01158	0.00364	0.01298	0.01173	0.00689	0.01336
4	0.03282	0.33563	0.13086	0.02432	0.03411	0.16905	0.02374	0.07286	0.02761	0.03172	0.01772	0.02026	0.01479	0.01060	0.00884	0.00280	0.01488	0.00703	0.00555	0.01482
5	0.02685	0.01392	0.01854	0.01601	0.02058	0.01249	0.01249	0.03186	0.03197	0.20212	0.37542	0.06962	0.08145	0.02014	0.01266	0.00352	0.00666	0.01750	0.01288	0.01332
6	0.02548	0.01779	0.02083	0.01857	0.02356	0.01863	0.01439	0.04170	0.23275	0.11092	0.26399	0.06056	0.06602	0.01860	0.01226	0.00365	0.00737	0.01599	0.01220	0.01473
7	0.02161	0.02028	0.02895	0.11640	0.03380	0.02677	0.02184	0.02459	0.01868	0.02710	0.02483	0.11727	0.02642	0.07744	0.03123	0.00526	0.34638	0.01387	0.00596	0.01133
8	0.02922	0.03755	0.22933	0.04588	0.23216	0.02514	0.07895	0.03818	0.02603	0.11307	0.02450	0.02818	0.01796	0.01081	0.01121	0.00349	0.01454	0.00991	0.00655	0.01733
9	0.02185	0.01266	0.01645	0.01525	0.01883	0.01139	0.01151	0.02618	0.02961	0.13503	0.31843	0.16269	0.12814	0.02386	0.01309	0.00373	0.00636	0.02091	0.01217	0.01188
10	0.04536	0.01932	0.02559	0.01939	0.02834	0.01625	0.01594	0.04983	0.03053	0.44636	0.03978	0.03548	0.02574	0.01287	0.01075	0.00314	0.00934	0.01044	0.01256	0.14299
11	0.13898	0.02283	0.02368	0.02038	0.02650	0.02528	0.01610	0.21315	0.12265	0.05299	0.03593	0.13738	0.03197	0.01741	0.01091	0.00364	0.00948	0.01410	0.06145	0.01518
12	0.03312	0.11691	0.03462	0.12705	0.03877	0.02273	0.06492	0.03811	0.02681	0.22527	0.03964	0.08995	0.06299	0.01533	0.01125	0.00351	0.01136	0.01322	0.00935	0.01509
13	0.03782	0.01612	0.02182	0.01823	0.02441	0.01416	0.01441	0.04187	0.03014	0.36265	0.12780	0.15167	0.04964	0.01947	0.01222	0.00370	0.00829	0.01673	0.01302	0.01585
14	0.02904	0.03123	0.04521	0.05064	0.26968	0.12639	0.14425	0.03557	0.02767	0.03568	0.07119	0.03263	0.02578	0.01148	0.01170	0.00339	0.01528	0.01134	0.00632	0.01555
15	0.25489	0.02284	0.03010	0.11516	0.03909	0.02491	0.09019	0.04116	0.11647	0.11804	0.02750	0.02956	0.01995	0.01187	0.01014	0.00364	0.01148	0.00987	0.00834	0.01481
16	0.02526	0.02454	0.03277	0.02829	0.02950	0.03325	0.02334	0.03328	0.11127	0.03087	0.02065	0.02791	0.01848	0.01886	0.03211	0.00472	0.47500	0.01039	0.00616	0.01335
17	0.02068	0.01157	0.01553	0.01650	0.01867	0.01054	0.01160	0.02309	0.02357	0.12591	0.05870	0.49131	0.06562	0.03122	0.01379	0.00436	0.00711	0.02808	0.01111	0.01104
18	0.15561	0.39199	0.04831	0.02086	0.03004	0.03675	0.05754	0.03588	0.02340	0.08300	0.01911	0.02114	0.01557	0.01020	0.00809	0.00283	0.01175	0.00717	0.00620	0.01455
19	0.08185	0.07832	0.25754	0.02567	0.03784	0.02570	0.02807	0.10116	0.02962	0.18684	0.02744	0.02760	0.01868	0.01191	0.01044	0.00343	0.01315	0.00910	0.00842	0.01722

[dist]
# distance from previous block
# <min> <max>
0	9

[block]
# block no. 7 follows, 11 sequences, length 11
# corresponding to MSA columns:
# 444-454
name=unknown_H
#
# <colnr> <probs for GDERKNQSTAVLIFYWHMCP>
#	G	D	E	R	K	N	Q	S	T	A	V	L	I	F	Y	W	H	M	C	P
0	0.04520	0.02657	0.12483	0.02231	0.03252	0.01836	0.02130	0.05121	0.03061	0.44591	0.03981	0.03555	0.02528	0.01332	0.01120	0.00350	0.01092	0.01075	0.01219	0.01868
1	0.02824	0.03287	0.09976	0.32920	0.06000	0.12789	0.02948	0.09506	0.02850	0.03504	0.02047	0.02696	0.01536	0.01155	0.01097	0.00352	0.01587	0.00928	0.00595	0.01403
2	0.03524	0.02091	0.03270	0.23815	0.14297	0.02165	0.02547	0.04122	0.02733	0.25383	0.03085	0.03321	0.02114	0.01219	0.01126	0.00356	0.01233	0.01058	0.00900	0.01641
3	0.01962	0.01176	0.01596	0.01740	0.01957	0.01100	0.01301	0.02263	0.02396	0.09824	0.05913	0.41561	0.06604	0.03147	0.01423	0.00457	0.00781	0.12634	0.01089	0.01075
4	0.24828	0.02143	0.02414	0.05798	0.03044	0.02229	0.01666	0.08110	0.06862	0.27159	0.03228	0.03075	0.02181	0.01271	0.00993	0.00352	0.00984	0.00958	0.01067	0.01635
5	0.02982	0.03632	0.16959	0.02767	0.07438	0.09327	0.02475	0.07488	0.02800	0.07887	0.02237	0.02492	0.01693	0.01043	0.00993	0.00277	0.01303	0.00813	0.00692	0.24703
6	0.02445	0.07561	0.10981	0.21207	0.14710	0.02628	0.09844	0.03220	0.02400	0.03312	0.02031	0.02699	0.01592	0.01018	0.01076	0.00328	0.01440	0.00952	0.00538	0.10019
7	0.01565	0.01074	0.01417	0.01508	0.01675	0.01062	0.01084	0.01926	0.02371	0.03402	0.16823	0.29314	0.06762	0.03869	0.11680	0.00663	0.01054	0.02254	0.09511	0.00986
8	0.02880	0.01983	0.02528	0.09000	0.03369	0.01662	0.01633	0.03399	0.02510	0.14234	0.02516	0.02736	0.01882	0.00989	0.00934	0.00232	0.00946	0.00808	0.00799	0.44959
9	0.02742	0.07656	0.10229	0.13272	0.08203	0.02575	0.02530	0.03343	0.02334	0.09546	0.02181	0.02670	0.01698	0.01231	0.01514	0.00336	0.12084	0.00893	0.00642	0.14322
10	0.17280	0.07843	0.14503	0.02210	0.03086	0.02389	0.02206	0.03851	0.08957	0.11084	0.03313	0.04614	0.02801	0.01549	0.01069	0.00378	0.01128	0.09410	0.00850	0.01479

[dist]
# distance from previous block
# <min> <max>
0	8

[block]
# block no. 8 follows, 11 sequences, length 13
# corresponding to MSA columns:
# 463-475
name=unknown_I
#
# <colnr> <probs for GDERKNQSTAVLIFYWHMCP>
#	G	D	E	R	K	N	Q	S	T	A	V	L	I	F	Y	W	H	M	C	P
0	0.03503	0.02121	0.03332	0.22619	0.16293	0.02186	0.02586	0.04103	0.02729	0.24556	0.03049	0.03299	0.02104	0.01209	0.01125	0.00354	0.01235	0.01056	0.00887	0.01652
1	0.07535	0.01994	0.02639	0.02682	0.11856	0.01753	0.01756	0.03459	0.02536	0.15684	0.03075	0.09606	0.02615	0.01335	0.01019	0.00288	0.00936	0.01138	0.00867	0.27228
2	0.01436	0.01050	0.01292	0.01417	0.01556	0.00969	0.00957	0.01665	0.02293	0.03027	0.13295	0.35613	0.15498	0.12079	0.02069	0.00527	0.00689	0.02645	0.01016	0.00905
3	0.01727	0.01266	0.01566	0.01570	0.01819	0.01159	0.01127	0.01974	0.02095	0.02875	0.04473	0.21510	0.05041	0.22882	0.02855	0.00640	0.00917	0.10942	0.00849	0.12714
4	0.01899	0.01962	0.10996	0.01958	0.02401	0.01327	0.01745	0.02352	0.02338	0.07472	0.05276	0.39038	0.05853	0.02854	0.01359	0.00437	0.00906	0.07705	0.00972	0.01149
5	0.02420	0.02277	0.03484	0.02489	0.03526	0.01860	0.14151	0.03040	0.02420	0.03651	0.02074	0.02521	0.01678	0.00864	0.00966	0.00224	0.01118	0.00843	0.00641	0.49754
6	0.04393	0.01748	0.02379	0.01925	0.02652	0.01522	0.01545	0.04786	0.03031	0.45039	0.04755	0.13807	0.03618	0.01774	0.01186	0.00368	0.00903	0.01501	0.01331	0.01737
7	0.02068	0.01501	0.02013	0.11594	0.02983	0.01550	0.01541	0.02908	0.08356	0.07929	0.31690	0.06798	0.10648	0.01975	0.01256	0.00362	0.00780	0.01721	0.01094	0.01233
8	0.16529	0.02065	0.02393	0.01928	0.02733	0.02018	0.01568	0.04939	0.11746	0.31497	0.03713	0.03391	0.02512	0.01304	0.01026	0.00339	0.00918	0.01019	0.01154	0.07208
9	0.03229	0.01768	0.02196	0.01865	0.02457	0.01733	0.01473	0.04400	0.15508	0.23658	0.21915	0.05574	0.05775	0.01754	0.01206	0.00359	0.00787	0.01493	0.01274	0.01574
10	0.26852	0.10334	0.08351	0.08469	0.03132	0.02462	0.01813	0.03182	0.02120	0.08016	0.02270	0.03188	0.01954	0.11680	0.01729	0.00470	0.01126	0.00908	0.00677	0.01267
11	0.13759	0.01720	0.02416	0.27878	0.04700	0.02003	0.02170	0.02610	0.02226	0.03341	0.03373	0.15442	0.03403	0.01895	0.01178	0.00409	0.01148	0.08456	0.00727	0.01145
12	0.01688	0.01153	0.01730	0.01730	0.01884	0.01308	0.01308	0.01884	0.01730	0.02461	0.02770	0.04190	0.02615	0.07393	0.44052	0.16947	0.02544	0.01153	0.00577	0.00886

[dist]
# distance from previous block
# <min> <max>
0	1

[block]
# block no. 9 follows, 11 sequences, length 10
# corresponding to MSA columns:
# 477-486
name=unknown_J
#
# <colnr> <probs for GDERKNQSTAVLIFYWHMCP>
#	G	D	E	R	K	N	Q	S	T	A	V	L	I	F	Y	W	H	M	C	P
0	0.01428	0.01023	0.01356	0.01529	0.01645	0.00952	0.01049	0.01708	0.02416	0.03289	0.18030	0.46698	0.08250	0.03215	0.01409	0.00431	0.00622	0.02904	0.01094	0.00952
1	0.02488	0.09860	0.18415	0.15488	0.10072	0.02871	0.18113	0.03400	0.02447	0.03342	0.02058	0.02696	0.01567	0.01025	0.01130	0.00353	0.01624	0.01017	0.00519	0.01516
2	0.09267	0.06733	0.03941	0.02993	0.07121	0.02309	0.13860	0.04530	0.02856	0.29962	0.03279	0.03241	0.02214	0.01192	0.01114	0.00347	0.01234	0.01090	0.01000	0.01713
3	0.01428	0.01023	0.01356	0.01529	0.01645	0.00952	0.01049	0.01708	0.02416	0.03289	0.18030	0.46698	0.08250	0.03215	0.01409	0.00431	0.00622	0.02904	0.01094	0.00952
4	0.02224	0.04853	0.41617	0.17039	0.05602	0.02585	0.03897	0.03390	0.02344	0.03390	0.02015	0.02535	0.01445	0.01084	0.01084	0.00361	0.01622	0.00874	0.00482	0.01559
5	0.03383	0.02453	0.04439	0.11605	0.15632	0.02377	0.17537	0.04078	0.02762	0.19825	0.02901	0.03232	0.02043	0.01128	0.01190	0.00359	0.01417	0.01148	0.00823	0.01668
6	0.02586	0.02262	0.09665	0.08505	0.06177	0.01973	0.02207	0.03168	0.02364	0.13313	0.06900	0.03918	0.02926	0.03706	0.19128	0.00838	0.07066	0.01153	0.00771	0.01374
7	0.11249	0.31933	0.09258	0.02824	0.10006	0.11850	0.02292	0.03568	0.02428	0.03190	0.01710	0.02031	0.01462	0.01019	0.00851	0.00285	0.01352	0.00698	0.00533	0.01461
8	0.01625	0.01136	0.01455	0.01455	0.01533	0.01215	0.00965	0.01783	0.01704	0.02351	0.03339	0.06215	0.03592	0.40123	0.25368	0.01372	0.01843	0.01468	0.00651	0.00808
9	0.02847	0.21664	0.10607	0.02301	0.03018	0.18645	0.02083	0.03275	0.02535	0.02863	0.02856	0.16638	0.02965	0.01686	0.01038	0.00326	0.01373	0.01329	0.00653	0.01298

[dist]
# distance from previous block
# <min> <max>
0	2

[block]
# block no. 10 follows, 11 sequences, length 6
# corresponding to MSA columns:
# 489-494
name=unknown_K
#
# <colnr> <probs for GDERKNQSTAVLIFYWHMCP>
#	G	D	E	R	K	N	Q	S	T	A	V	L	I	F	Y	W	H	M	C	P
0	0.02062	0.01388	0.01765	0.01567	0.02021	0.01191	0.01181	0.02502	0.02761	0.08897	0.25743	0.17903	0.07034	0.02138	0.01216	0.00332	0.00672	0.01882	0.01077	0.16668
1	0.01697	0.01086	0.01366	0.01366	0.01398	0.01117	0.00855	0.01660	0.01629	0.02203	0.03140	0.06105	0.03458	0.40863	0.13252	0.14680	0.01366	0.01436	0.00630	0.00693
2	0.02996	0.24843	0.11904	0.06241	0.03405	0.02993	0.02244	0.03558	0.02542	0.12829	0.08567	0.03238	0.02841	0.01320	0.01196	0.00323	0.05746	0.00976	0.00750	0.01489
3	0.02937	0.03516	0.19762	0.02785	0.03934	0.02433	0.08729	0.08214	0.10375	0.10367	0.02809	0.02948	0.02031	0.01148	0.01086	0.00327	0.01299	0.00989	0.00799	0.13511
4	0.02709	0.02993	0.12085	0.17160	0.16064	0.02588	0.13454	0.03747	0.06605	0.07750	0.02509	0.03035	0.01865	0.01106	0.01162	0.00363	0.01482	0.01082	0.00652	0.01590
5	0.01533	0.01097	0.01482	0.01685	0.01838	0.01047	0.01265	0.01876	0.02450	0.03286	0.13906	0.37882	0.07700	0.03204	0.01452	0.00457	0.00741	0.15050	0.01075	0.00973

[dist]
# distance from previous block
# <min> <max>
0	28

# created by:
# /st0/software/busco_prod/Augustus/scripts/msa2prfl.pl ./align_prep/7844.fa
