[name]
unknown

[dist]
# distance from previous block
# <min> <max>
0	10

[block]
# block no. 0 follows, 14 sequences, length 45
# corresponding to MSA columns:
# 11-55
name=unknown_A
#
# <colnr> <probs for GDERKNQSTAVLIFYWHMCP>
#	G	D	E	R	K	N	Q	S	T	A	V	L	I	F	Y	W	H	M	C	P
0	0.02456	0.01990	0.03359	0.43255	0.06058	0.02268	0.08993	0.05854	0.02367	0.10205	0.02182	0.02824	0.01566	0.01049	0.01050	0.00337	0.01335	0.00966	0.00602	0.01283
1	0.01266	0.00944	0.01142	0.01290	0.01421	0.00860	0.00870	0.01448	0.02015	0.02593	0.06680	0.42699	0.20103	0.09588	0.01705	0.00460	0.00618	0.02560	0.00917	0.00820
2	0.03721	0.11175	0.03186	0.02528	0.03115	0.49814	0.01956	0.07516	0.02955	0.02780	0.01631	0.01872	0.01351	0.01050	0.00904	0.00263	0.01719	0.00667	0.00554	0.01243
3	0.04184	0.02504	0.02654	0.02104	0.02861	0.09356	0.01707	0.19693	0.06385	0.32747	0.03271	0.02996	0.02181	0.01239	0.01018	0.00310	0.01069	0.00960	0.01092	0.01670
4	0.01492	0.00995	0.01119	0.01119	0.01119	0.00995	0.00622	0.01492	0.01492	0.01990	0.03233	0.06716	0.03731	0.63935	0.05223	0.00995	0.00995	0.01492	0.00622	0.00622
5	0.01271	0.00902	0.01185	0.01403	0.01457	0.00847	0.00925	0.01434	0.01925	0.02567	0.05452	0.58511	0.06530	0.08319	0.01639	0.00465	0.00629	0.02798	0.00925	0.00816
6	0.07700	0.25840	0.06932	0.02720	0.11881	0.07892	0.02072	0.09838	0.06105	0.07042	0.02028	0.02207	0.01606	0.01013	0.00851	0.00276	0.01154	0.00749	0.00639	0.01456
7	0.03409	0.03680	0.03014	0.02591	0.03042	0.30710	0.02048	0.15463	0.02990	0.03435	0.01727	0.02105	0.01429	0.01304	0.01627	0.00326	0.18384	0.00789	0.00624	0.01302
8	0.01431	0.01032	0.01352	0.01306	0.01528	0.00954	0.00967	0.01882	0.02804	0.03954	0.51462	0.13654	0.09371	0.02218	0.01221	0.00333	0.00496	0.01970	0.01111	0.00954
9	0.03189	0.40182	0.04369	0.02119	0.02854	0.26835	0.01849	0.03492	0.02421	0.02454	0.01492	0.01730	0.01319	0.00951	0.00767	0.00238	0.01405	0.00595	0.00476	0.01265
10	0.01547	0.01094	0.01365	0.01323	0.01564	0.01052	0.00981	0.02147	0.06088	0.03909	0.41414	0.13954	0.08142	0.02095	0.01159	0.00327	0.00518	0.01847	0.08481	0.00992
11	0.71184	0.01985	0.01508	0.01350	0.01985	0.02302	0.01111	0.03017	0.01746	0.04604	0.01429	0.01667	0.01111	0.00953	0.00635	0.00318	0.00794	0.00556	0.00635	0.01111
12	0.02702	0.60938	0.08625	0.01827	0.02744	0.03958	0.01880	0.03084	0.02090	0.02465	0.01452	0.01678	0.01316	0.00884	0.00678	0.00226	0.01123	0.00562	0.00439	0.01329
13	0.01579	0.01267	0.01795	0.01736	0.01865	0.01507	0.01337	0.01885	0.01801	0.02590	0.08746	0.11925	0.03733	0.09056	0.32310	0.01089	0.12794	0.01405	0.00651	0.00929
14	0.01711	0.01645	0.08498	0.01481	0.01970	0.01164	0.01338	0.02187	0.02553	0.07951	0.23576	0.07775	0.26662	0.02138	0.01181	0.00342	0.00692	0.05104	0.00971	0.01060
15	0.01377	0.01022	0.01283	0.01270	0.01500	0.00928	0.00932	0.01771	0.02650	0.03631	0.40297	0.17248	0.17559	0.02371	0.01227	0.00342	0.00509	0.02086	0.01069	0.00928
16	0.02323	0.02112	0.03229	0.13170	0.07130	0.02354	0.11087	0.09675	0.09157	0.03501	0.03194	0.03993	0.06724	0.01829	0.05158	0.00442	0.08783	0.04146	0.00695	0.01301
17	0.71184	0.01985	0.01508	0.01350	0.01985	0.02302	0.01111	0.03017	0.01746	0.04604	0.01429	0.01667	0.01111	0.00953	0.00635	0.00318	0.00794	0.00556	0.00635	0.01111
18	0.02687	0.35239	0.05486	0.02866	0.03786	0.07270	0.23033	0.03230	0.02279	0.02778	0.01703	0.02118	0.01415	0.00885	0.00902	0.00274	0.01407	0.00827	0.00478	0.01336
19	0.01274	0.00924	0.01204	0.01383	0.01487	0.00854	0.00942	0.01499	0.02114	0.02826	0.12717	0.52214	0.10717	0.03025	0.01290	0.00399	0.00575	0.02725	0.00976	0.00854
20	0.02105	0.09362	0.54975	0.02845	0.04318	0.02498	0.03652	0.03238	0.02161	0.03193	0.01813	0.02131	0.01301	0.00968	0.00953	0.00318	0.01488	0.00744	0.00434	0.01503
21	0.04411	0.02419	0.02528	0.02017	0.02762	0.12705	0.01628	0.08064	0.03056	0.44237	0.03476	0.03113	0.02256	0.01227	0.01011	0.00307	0.01076	0.00954	0.01113	0.01641
22	0.01466	0.01100	0.01649	0.01649	0.01833	0.01283	0.01283	0.01833	0.01649	0.02382	0.02749	0.04032	0.02566	0.07697	0.59868	0.01649	0.02749	0.01100	0.00550	0.00916
23	0.03901	0.02874	0.03080	0.02361	0.03182	0.03182	0.01951	0.54111	0.04825	0.06468	0.02464	0.02464	0.01745	0.01232	0.01027	0.00308	0.01129	0.00924	0.01027	0.01745
24	0.01913	0.00956	0.00956	0.00956	0.01196	0.00956	0.00717	0.02391	0.02152	0.03826	0.03348	0.03826	0.02630	0.01196	0.00717	0.00239	0.00478	0.00956	0.69632	0.00956
25	0.02540	0.02438	0.04165	0.06299	0.57533	0.02438	0.03149	0.03149	0.02337	0.03353	0.01930	0.02540	0.01626	0.00914	0.01016	0.00305	0.01219	0.00914	0.00508	0.01626
26	0.01250	0.00893	0.01191	0.01429	0.01488	0.00834	0.00953	0.01429	0.01965	0.02620	0.05656	0.63265	0.06787	0.03215	0.01310	0.00417	0.00595	0.02917	0.00953	0.00834
27	0.04404	0.08512	0.02704	0.01818	0.02621	0.01783	0.01535	0.04793	0.02845	0.52230	0.03766	0.03294	0.02409	0.01228	0.00992	0.00307	0.00897	0.00980	0.01181	0.01700
28	0.71184	0.01985	0.01508	0.01350	0.01985	0.02302	0.01111	0.03017	0.01746	0.04604	0.01429	0.01667	0.01111	0.00953	0.00635	0.00318	0.00794	0.00556	0.00635	0.01111
29	0.01594	0.01339	0.01958	0.01814	0.02123	0.01303	0.07629	0.02271	0.09244	0.03167	0.13353	0.33688	0.11518	0.02446	0.01237	0.00377	0.00740	0.02231	0.00937	0.01030
30	0.02744	0.64552	0.05378	0.01756	0.02634	0.04061	0.01756	0.03073	0.02085	0.02414	0.01427	0.01646	0.01317	0.00878	0.00658	0.00219	0.01097	0.00549	0.00439	0.01317
31	0.02540	0.02438	0.04165	0.06299	0.57533	0.02438	0.03149	0.03149	0.02337	0.03353	0.01930	0.02540	0.01626	0.00914	0.01016	0.00305	0.01219	0.00914	0.00508	0.01626
32	0.02540	0.02438	0.04165	0.06299	0.57533	0.02438	0.03149	0.03149	0.02337	0.03353	0.01930	0.02540	0.01626	0.00914	0.01016	0.00305	0.01219	0.00914	0.00508	0.01626
33	0.01573	0.01393	0.01405	0.01581	0.01699	0.08204	0.01081	0.01762	0.02083	0.02606	0.05148	0.55590	0.06104	0.02945	0.01262	0.00398	0.00752	0.02635	0.00900	0.00878
34	0.03600	0.02640	0.02835	0.02206	0.02925	0.02909	0.01784	0.47536	0.04408	0.05908	0.02560	0.02995	0.01993	0.09068	0.01551	0.00394	0.01112	0.00995	0.00976	0.01605
35	0.11028	0.02054	0.03207	0.29494	0.23848	0.02274	0.02625	0.03057	0.02189	0.07803	0.01999	0.02597	0.01525	0.00998	0.00974	0.00324	0.01202	0.00878	0.00565	0.01359
36	0.03984	0.02876	0.02980	0.02314	0.03111	0.06968	0.01898	0.44446	0.04454	0.12659	0.02600	0.02549	0.01815	0.01224	0.01020	0.00306	0.01148	0.00919	0.01022	0.01706
37	0.01242	0.00924	0.01159	0.01348	0.01467	0.00840	0.00916	0.01438	0.02043	0.02652	0.06647	0.52105	0.17308	0.03086	0.01290	0.00402	0.00580	0.02760	0.00953	0.00840
38	0.02496	0.43115	0.24643	0.02179	0.03288	0.03454	0.02493	0.03137	0.02115	0.02717	0.01577	0.01835	0.01311	0.00913	0.00773	0.00258	0.01249	0.00625	0.00437	0.01389
39	0.03048	0.02941	0.16643	0.02783	0.03771	0.02194	0.15614	0.04228	0.12592	0.20787	0.03039	0.03055	0.02104	0.01118	0.01067	0.00332	0.01236	0.01038	0.00835	0.01575
40	0.02275	0.24074	0.41754	0.02555	0.03869	0.02915	0.03147	0.03194	0.02141	0.02985	0.01710	0.02002	0.01305	0.00944	0.00875	0.00292	0.01384	0.00692	0.00435	0.01453
41	0.01452	0.01049	0.01372	0.01291	0.01533	0.00968	0.00968	0.01937	0.02905	0.04115	0.56992	0.07666	0.09683	0.02098	0.01210	0.00323	0.00484	0.01856	0.01130	0.00968
42	0.02119	0.01860	0.03414	0.02980	0.09030	0.01751	0.20021	0.02746	0.02637	0.06963	0.24842	0.05390	0.05241	0.01533	0.01193	0.00339	0.01060	0.04807	0.00842	0.01232
43	0.02325	0.03205	0.23861	0.02297	0.03192	0.02201	0.02362	0.04068	0.24693	0.07046	0.06758	0.07607	0.03068	0.01398	0.01046	0.00341	0.01051	0.01166	0.00822	0.01492
44	0.31208	0.02637	0.12762	0.01942	0.02727	0.02250	0.01879	0.12048	0.02540	0.07936	0.02471	0.03533	0.02083	0.01314	0.00914	0.00341	0.01019	0.08325	0.00754	0.01316

[dist]
# distance from previous block
# <min> <max>
0	4

[block]
# block no. 1 follows, 14 sequences, length 53
# corresponding to MSA columns:
# 60-112
name=unknown_B
#
# <colnr> <probs for GDERKNQSTAVLIFYWHMCP>
#	G	D	E	R	K	N	Q	S	T	A	V	L	I	F	Y	W	H	M	C	P
0	0.09060	0.02592	0.02759	0.02146	0.02909	0.02842	0.01767	0.43125	0.04267	0.09623	0.02553	0.02568	0.01812	0.01210	0.00974	0.00304	0.01039	0.00905	0.05904	0.01640
1	0.03901	0.02874	0.03080	0.02361	0.03182	0.03182	0.01951	0.54111	0.04825	0.06468	0.02464	0.02464	0.01745	0.01232	0.01027	0.00308	0.01129	0.00924	0.01027	0.01745
2	0.02291	0.01921	0.02216	0.01597	0.02501	0.01535	0.01284	0.07328	0.02376	0.03632	0.01883	0.02159	0.01541	0.00803	0.00785	0.00166	0.00794	0.00637	0.00647	0.63905
3	0.02556	0.02205	0.02406	0.02116	0.02585	0.08168	0.04977	0.17605	0.10660	0.04003	0.03849	0.26581	0.03875	0.01994	0.01142	0.00355	0.00990	0.01735	0.00913	0.01285
4	0.02599	0.03986	0.29301	0.02628	0.03647	0.10813	0.05672	0.06897	0.06399	0.07263	0.02592	0.08907	0.02155	0.01289	0.01030	0.00327	0.01358	0.01060	0.00652	0.01427
5	0.01310	0.00942	0.01282	0.01495	0.01584	0.00913	0.01052	0.01536	0.01968	0.02636	0.05325	0.52187	0.06256	0.03658	0.07567	0.00553	0.00857	0.07116	0.00909	0.00853
6	0.08798	0.02810	0.02965	0.02288	0.03095	0.03118	0.01889	0.50393	0.04601	0.06332	0.02388	0.02406	0.01699	0.01212	0.00998	0.00309	0.01105	0.00897	0.00998	0.01699
7	0.02992	0.02153	0.02979	0.03482	0.21784	0.02211	0.02140	0.11434	0.12359	0.14138	0.06936	0.03900	0.02937	0.01325	0.01066	0.00328	0.00999	0.04368	0.00895	0.01574
8	0.03901	0.02874	0.03080	0.02361	0.03182	0.03182	0.01951	0.54111	0.04825	0.06468	0.02464	0.02464	0.01745	0.01232	0.01027	0.00308	0.01129	0.00924	0.01027	0.01745
9	0.02128	0.01824	0.02128	0.01520	0.02432	0.01368	0.01216	0.02584	0.02128	0.03344	0.01824	0.02128	0.01520	0.00760	0.00760	0.00152	0.00760	0.00608	0.00608	0.70208
10	0.01452	0.01049	0.01372	0.01291	0.01533	0.00968	0.00968	0.01937	0.02905	0.04115	0.56992	0.07666	0.09683	0.02098	0.01210	0.00323	0.00484	0.01856	0.01130	0.00968
11	0.71184	0.01985	0.01508	0.01350	0.01985	0.02302	0.01111	0.03017	0.01746	0.04604	0.01429	0.01667	0.01111	0.00953	0.00635	0.00318	0.00794	0.00556	0.00635	0.01111
12	0.02128	0.01824	0.02128	0.01520	0.02432	0.01368	0.01216	0.02584	0.02128	0.03344	0.01824	0.02128	0.01520	0.00760	0.00760	0.00152	0.00760	0.00608	0.00608	0.70208
13	0.01250	0.00893	0.01191	0.01429	0.01488	0.00834	0.00953	0.01429	0.01965	0.02620	0.05656	0.63265	0.06787	0.03215	0.01310	0.00417	0.00595	0.02917	0.00953	0.00834
14	0.02964	0.02029	0.02590	0.02145	0.02727	0.02191	0.05106	0.07716	0.23979	0.17354	0.10489	0.03937	0.03475	0.01445	0.01287	0.00344	0.06506	0.01183	0.01019	0.01515
15	0.02427	0.37208	0.29951	0.02295	0.03468	0.03286	0.02695	0.03155	0.02123	0.02800	0.01618	0.01886	0.01309	0.00923	0.00805	0.00268	0.01291	0.00645	0.00436	0.01409
16	0.03722	0.02681	0.03153	0.02386	0.03228	0.02845	0.05550	0.41943	0.04269	0.10764	0.02532	0.02554	0.01787	0.01172	0.01019	0.00299	0.01120	0.00930	0.00980	0.07065
17	0.03641	0.02975	0.03020	0.02426	0.03056	0.11177	0.01978	0.34398	0.03840	0.08642	0.02244	0.02405	0.01666	0.01311	0.01433	0.00328	0.12150	0.00889	0.00868	0.01554
18	0.03901	0.02874	0.03080	0.02361	0.03182	0.03182	0.01951	0.54111	0.04825	0.06468	0.02464	0.02464	0.01745	0.01232	0.01027	0.00308	0.01129	0.00924	0.01027	0.01745
19	0.01938	0.01824	0.03078	0.61468	0.07068	0.02280	0.02850	0.02622	0.02052	0.02622	0.01824	0.02736	0.01368	0.01026	0.01026	0.00342	0.01368	0.00912	0.00456	0.01140
20	0.02529	0.02469	0.04339	0.06117	0.52730	0.02453	0.07813	0.03162	0.02345	0.03347	0.01944	0.02561	0.01619	0.00910	0.01034	0.00309	0.01266	0.00942	0.00509	0.01603
21	0.02553	0.02204	0.02320	0.02088	0.02669	0.02553	0.01624	0.05453	0.55679	0.04293	0.04177	0.03829	0.03133	0.01392	0.01044	0.00348	0.00812	0.01160	0.01044	0.01624
22	0.01250	0.00893	0.01191	0.01429	0.01488	0.00834	0.00953	0.01429	0.01965	0.02620	0.05656	0.63265	0.06787	0.03215	0.01310	0.00417	0.00595	0.02917	0.00953	0.00834
23	0.01251	0.01041	0.01093	0.01080	0.01410	0.00883	0.00810	0.01547	0.02429	0.02986	0.17826	0.09524	0.49553	0.02519	0.01212	0.00343	0.00514	0.02116	0.00981	0.00883
24	0.01466	0.01100	0.01649	0.01649	0.01833	0.01283	0.01283	0.01833	0.01649	0.02382	0.02749	0.04032	0.02566	0.07697	0.59868	0.01649	0.02749	0.01100	0.00550	0.00916
25	0.01250	0.00893	0.01191	0.01429	0.01488	0.00834	0.00953	0.01429	0.01965	0.02620	0.05656	0.63265	0.06787	0.03215	0.01310	0.00417	0.00595	0.02917	0.00953	0.00834
26	0.01213	0.01040	0.01040	0.01040	0.01386	0.00866	0.00780	0.01473	0.02339	0.02772	0.10396	0.09876	0.57117	0.02599	0.01213	0.00347	0.00520	0.02166	0.00953	0.00866
27	0.01250	0.00893	0.01191	0.01429	0.01488	0.00834	0.00953	0.01429	0.01965	0.02620	0.05656	0.63265	0.06787	0.03215	0.01310	0.00417	0.00595	0.02917	0.00953	0.00834
28	0.02553	0.02204	0.02320	0.02088	0.02669	0.02553	0.01624	0.05453	0.55679	0.04293	0.04177	0.03829	0.03133	0.01392	0.01044	0.00348	0.00812	0.01160	0.01044	0.01624
29	0.01278	0.00913	0.01222	0.01460	0.01532	0.00857	0.01000	0.01476	0.01992	0.02650	0.05641	0.59773	0.06728	0.03189	0.01317	0.00421	0.00619	0.06141	0.00952	0.00841
30	0.03833	0.04891	0.02908	0.02644	0.03173	0.59815	0.01983	0.04098	0.02908	0.02512	0.01586	0.01851	0.01322	0.01058	0.00925	0.00264	0.01851	0.00661	0.00529	0.01190
31	0.02264	0.02301	0.03454	0.02868	0.02979	0.03085	0.07746	0.02557	0.01662	0.02557	0.01425	0.02301	0.01370	0.01697	0.03138	0.00438	0.55621	0.00931	0.00457	0.01150
32	0.02100	0.01355	0.01491	0.01351	0.01812	0.01265	0.01048	0.02828	0.11128	0.13332	0.07788	0.07349	0.34973	0.02073	0.01122	0.00335	0.00630	0.01720	0.05144	0.01158
33	0.01466	0.01100	0.01649	0.01649	0.01833	0.01283	0.01283	0.01833	0.01649	0.02382	0.02749	0.04032	0.02566	0.07697	0.59868	0.01649	0.02749	0.01100	0.00550	0.00916
34	0.02128	0.01824	0.02128	0.01520	0.02432	0.01368	0.01216	0.02584	0.02128	0.03344	0.01824	0.02128	0.01520	0.00760	0.00760	0.00152	0.00760	0.00608	0.00608	0.70208
35	0.02744	0.64552	0.05378	0.01756	0.02634	0.04061	0.01756	0.03073	0.02085	0.02414	0.01427	0.01646	0.01317	0.00878	0.00658	0.00219	0.01097	0.00549	0.00439	0.01317
36	0.01602	0.01299	0.01910	0.01831	0.01983	0.01607	0.01450	0.01944	0.01636	0.02397	0.02505	0.03720	0.02353	0.06668	0.50023	0.01440	0.13083	0.01064	0.00532	0.00952
37	0.02744	0.64552	0.05378	0.01756	0.02634	0.04061	0.01756	0.03073	0.02085	0.02414	0.01427	0.01646	0.01317	0.00878	0.00658	0.00219	0.01097	0.00549	0.00439	0.01317
38	0.01492	0.00995	0.01119	0.01119	0.01119	0.00995	0.00622	0.01492	0.01492	0.01990	0.03233	0.06716	0.03731	0.63935	0.05223	0.00995	0.00995	0.01492	0.00622	0.00622
39	0.03804	0.02826	0.03025	0.02342	0.03145	0.03137	0.01927	0.50610	0.08485	0.06311	0.02587	0.02562	0.01845	0.01243	0.01028	0.00311	0.01106	0.00941	0.01028	0.01737
40	0.02478	0.01846	0.02118	0.01928	0.02316	0.07671	0.04493	0.09949	0.02650	0.11486	0.04306	0.35385	0.04528	0.02267	0.01181	0.00366	0.00916	0.02005	0.00939	0.01172
41	0.01250	0.00893	0.01191	0.01429	0.01488	0.00834	0.00953	0.01429	0.01965	0.02620	0.05656	0.63265	0.06787	0.03215	0.01310	0.00417	0.00595	0.02917	0.00953	0.00834
42	0.01938	0.01824	0.03078	0.61468	0.07068	0.02280	0.02850	0.02622	0.02052	0.02622	0.01824	0.02736	0.01368	0.01026	0.01026	0.00342	0.01368	0.00912	0.00456	0.01140
43	0.14255	0.01790	0.02224	0.01722	0.02505	0.01612	0.01418	0.04448	0.02674	0.44399	0.03421	0.03075	0.02219	0.01168	0.00944	0.00300	0.00849	0.00916	0.01105	0.08955
44	0.02400	0.03006	0.11321	0.02839	0.03189	0.09040	0.06151	0.02815	0.01861	0.02645	0.01496	0.02229	0.01353	0.01532	0.02607	0.00404	0.42570	0.00875	0.00460	0.01205
45	0.02415	0.02527	0.03118	0.02689	0.02745	0.09189	0.02217	0.02643	0.01714	0.02474	0.01373	0.02203	0.01344	0.01717	0.03107	0.00429	0.55634	0.00873	0.00458	0.01130
46	0.01492	0.00995	0.01119	0.01119	0.01119	0.00995	0.00622	0.01492	0.01492	0.01990	0.03233	0.06716	0.03731	0.63935	0.05223	0.00995	0.00995	0.01492	0.00622	0.00622
47	0.02711	0.02325	0.03340	0.03225	0.13727	0.02456	0.11481	0.13880	0.18452	0.04297	0.02906	0.03111	0.02209	0.01145	0.01024	0.00317	0.01080	0.01048	0.09748	0.01518
48	0.02540	0.02438	0.04165	0.06299	0.57533	0.02438	0.03149	0.03149	0.02337	0.03353	0.01930	0.02540	0.01626	0.00914	0.01016	0.00305	0.01219	0.00914	0.00508	0.01626
49	0.02058	0.05308	0.58618	0.02925	0.04442	0.02383	0.03792	0.03250	0.02167	0.03250	0.01842	0.02167	0.01300	0.00975	0.00975	0.00325	0.01517	0.00758	0.00433	0.01517
50	0.12538	0.14542	0.14698	0.02197	0.03079	0.07093	0.05172	0.11152	0.02663	0.03844	0.07681	0.02642	0.02271	0.01101	0.00898	0.00288	0.01157	0.00845	0.00655	0.05484
51	0.31443	0.02160	0.02281	0.01930	0.02565	0.02420	0.05107	0.11945	0.16754	0.04578	0.02710	0.07264	0.02231	0.01287	0.00902	0.00334	0.00905	0.01009	0.00825	0.01350
52	0.01579	0.01355	0.01512	0.01519	0.01706	0.05245	0.01112	0.01887	0.02383	0.03156	0.24040	0.27933	0.12888	0.02478	0.01396	0.00367	0.05434	0.02131	0.00947	0.00934

[dist]
# distance from previous block
# <min> <max>
0	3

[block]
# block no. 2 follows, 14 sequences, length 15
# corresponding to MSA columns:
# 116-130
name=unknown_C
#
# <colnr> <probs for GDERKNQSTAVLIFYWHMCP>
#	G	D	E	R	K	N	Q	S	T	A	V	L	I	F	Y	W	H	M	C	P
0	0.06457	0.02075	0.02307	0.01863	0.02509	0.02140	0.01492	0.23867	0.07181	0.07990	0.13325	0.07421	0.03686	0.01454	0.01021	0.00298	0.00859	0.01188	0.00973	0.11894
1	0.10567	0.12781	0.11876	0.10667	0.16170	0.02610	0.02442	0.07862	0.02463	0.10264	0.02073	0.02375	0.01558	0.01009	0.00913	0.00302	0.01165	0.00806	0.00633	0.01464
2	0.02156	0.01183	0.01465	0.01309	0.01688	0.01064	0.01012	0.02579	0.02693	0.15461	0.28899	0.06592	0.15793	0.01875	0.01098	0.00313	0.00573	0.01599	0.11533	0.01115
3	0.02311	0.03727	0.27773	0.04475	0.24735	0.02445	0.13269	0.03219	0.02281	0.03296	0.01921	0.02425	0.01473	0.00931	0.01036	0.00321	0.01445	0.00905	0.00478	0.01532
4	0.02375	0.04393	0.41818	0.02968	0.04282	0.02348	0.10682	0.03574	0.06207	0.08258	0.02245	0.02495	0.01583	0.01016	0.01019	0.00329	0.01438	0.00878	0.00566	0.01526
5	0.02775	0.21837	0.11694	0.01999	0.02766	0.07622	0.01894	0.03535	0.08655	0.12003	0.05902	0.09619	0.02824	0.01367	0.00942	0.00299	0.01066	0.01084	0.00751	0.01368
6	0.01285	0.01042	0.01140	0.01115	0.01430	0.00897	0.00837	0.01613	0.02510	0.03177	0.24447	0.09210	0.42813	0.02448	0.01212	0.00339	0.00509	0.02072	0.01006	0.00897
7	0.02814	0.52310	0.09846	0.01928	0.02857	0.03812	0.01959	0.08865	0.02402	0.02947	0.01581	0.01785	0.01364	0.00927	0.00728	0.00239	0.01138	0.00610	0.00505	0.01383
8	0.03485	0.02320	0.03120	0.02440	0.03203	0.02388	0.09641	0.22372	0.10377	0.19115	0.03314	0.03777	0.02481	0.01351	0.01093	0.00336	0.01095	0.05479	0.01009	0.01603
9	0.01787	0.01582	0.02302	0.14054	0.03120	0.01959	0.01879	0.02128	0.01910	0.02638	0.03392	0.22564	0.03720	0.02236	0.01964	0.00421	0.21577	0.09077	0.00681	0.01010
10	0.01250	0.00893	0.01191	0.01429	0.01488	0.00834	0.00953	0.01429	0.01965	0.02620	0.05656	0.63265	0.06787	0.03215	0.01310	0.00417	0.00595	0.02917	0.00953	0.00834
11	0.01381	0.00996	0.01365	0.01516	0.01652	0.00980	0.01120	0.01685	0.02132	0.02896	0.13362	0.36974	0.06464	0.03656	0.10206	0.00598	0.00962	0.10253	0.00918	0.00886
12	0.02162	0.14307	0.50531	0.02747	0.04167	0.02638	0.03482	0.03223	0.02154	0.03123	0.01779	0.02088	0.01303	0.00960	0.00927	0.00309	0.01453	0.00726	0.00434	0.01486
13	0.02625	0.01584	0.01911	0.01605	0.02080	0.01569	0.01270	0.14378	0.03285	0.14573	0.30532	0.05406	0.05996	0.01676	0.01096	0.00312	0.00702	0.01420	0.06693	0.01287
14	0.24645	0.02283	0.02402	0.01901	0.02657	0.02440	0.01569	0.24604	0.03350	0.20560	0.02597	0.02512	0.01777	0.01157	0.00909	0.00314	0.00954	0.00842	0.00976	0.01552

[dist]
# distance from previous block
# <min> <max>
9	47

[block]
# block no. 3 follows, 14 sequences, length 14
# corresponding to MSA columns:
# 179-192
name=unknown_D
#
# <colnr> <probs for GDERKNQSTAVLIFYWHMCP>
#	G	D	E	R	K	N	Q	S	T	A	V	L	I	F	Y	W	H	M	C	P
0	0.09981	0.09015	0.36209	0.02541	0.03761	0.02679	0.02943	0.14300	0.02694	0.04033	0.01900	0.02137	0.01378	0.01021	0.00925	0.00312	0.01322	0.00756	0.00585	0.01507
1	0.08596	0.03058	0.22654	0.02160	0.03053	0.02016	0.02245	0.11199	0.02722	0.12161	0.08693	0.10952	0.03164	0.01472	0.01031	0.00332	0.01063	0.01209	0.00814	0.01404
2	0.15827	0.06273	0.02322	0.01584	0.02431	0.01910	0.01303	0.07655	0.02310	0.03826	0.01781	0.02037	0.01448	0.00851	0.00754	0.00204	0.00825	0.00624	0.00642	0.45392
3	0.01388	0.00951	0.01150	0.01252	0.01278	0.00926	0.00764	0.01465	0.01695	0.02260	0.04274	0.30997	0.05043	0.37862	0.03543	0.00747	0.00823	0.02104	0.00764	0.00713
4	0.02265	0.01677	0.01910	0.01768	0.02121	0.01783	0.01312	0.19006	0.08105	0.03977	0.04238	0.32192	0.04492	0.08227	0.01568	0.00430	0.00829	0.01959	0.00954	0.01188
5	0.02909	0.35137	0.20204	0.02108	0.03154	0.03077	0.02297	0.03501	0.02275	0.13560	0.02059	0.02157	0.01551	0.00983	0.00823	0.00269	0.01175	0.00704	0.00600	0.01459
6	0.02358	0.02701	0.20211	0.01917	0.02696	0.01763	0.01990	0.06870	0.06679	0.09227	0.09925	0.03654	0.03083	0.01267	0.00944	0.00299	0.00930	0.01030	0.21129	0.01327
7	0.01324	0.00947	0.01266	0.01450	0.01557	0.00890	0.01023	0.01583	0.02163	0.02918	0.14393	0.48811	0.07197	0.02988	0.01303	0.00406	0.00610	0.07323	0.00982	0.00867
8	0.01783	0.00891	0.01337	0.01337	0.01337	0.00891	0.00891	0.01337	0.01337	0.01783	0.01783	0.03119	0.01783	0.03565	0.04011	0.70143	0.00891	0.00891	0.00446	0.00446
9	0.03159	0.02472	0.03514	0.11087	0.15669	0.02629	0.07864	0.22446	0.07179	0.09848	0.02502	0.02749	0.01828	0.01112	0.01046	0.00320	0.01197	0.00979	0.00809	0.01592
10	0.10098	0.02093	0.02296	0.01878	0.02544	0.02230	0.01519	0.18634	0.15211	0.18827	0.03276	0.03139	0.02319	0.01246	0.00953	0.00311	0.00873	0.00974	0.10025	0.01553
11	0.01268	0.01042	0.01117	0.01098	0.01420	0.00890	0.00823	0.01580	0.02470	0.03084	0.21199	0.09364	0.46119	0.02483	0.01212	0.00341	0.00512	0.02094	0.00994	0.00890
12	0.02886	0.56751	0.05055	0.01872	0.02704	0.11351	0.01786	0.03207	0.02193	0.02427	0.01448	0.01673	0.01318	0.00901	0.00693	0.00225	0.01196	0.00563	0.00451	0.01300
13	0.02563	0.14017	0.39578	0.02601	0.03882	0.02696	0.03092	0.09981	0.02549	0.06932	0.01994	0.02206	0.01437	0.01012	0.00936	0.00306	0.01361	0.00764	0.00563	0.01530

[dist]
# distance from previous block
# <min> <max>
0	26

[block]
# block no. 4 follows, 14 sequences, length 11
# corresponding to MSA columns:
# 219-229
name=unknown_E
#
# <colnr> <probs for GDERKNQSTAVLIFYWHMCP>
#	G	D	E	R	K	N	Q	S	T	A	V	L	I	F	Y	W	H	M	C	P
0	0.03404	0.01481	0.01997	0.01622	0.02206	0.01303	0.01303	0.03834	0.02925	0.37634	0.24207	0.05082	0.05260	0.01585	0.01100	0.00320	0.00725	0.01346	0.01217	0.01450
1	0.01263	0.01030	0.01116	0.01119	0.01423	0.00884	0.00830	0.01560	0.02420	0.03022	0.19120	0.13598	0.43945	0.02549	0.01220	0.00347	0.00519	0.02164	0.00987	0.00884
2	0.13926	0.14150	0.10741	0.01879	0.02638	0.02503	0.01769	0.10085	0.09256	0.08182	0.06203	0.03019	0.02422	0.04043	0.01077	0.00330	0.00978	0.00900	0.04533	0.01365
3	0.01279	0.00915	0.01216	0.01410	0.01495	0.00852	0.00955	0.01500	0.02096	0.02828	0.12820	0.55506	0.07191	0.03059	0.01296	0.00404	0.00580	0.02769	0.00977	0.00852
4	0.02373	0.01951	0.03319	0.07854	0.24158	0.01922	0.09901	0.02935	0.02405	0.08354	0.11338	0.03897	0.03217	0.05611	0.01356	0.00362	0.01088	0.01167	0.05450	0.01342
5	0.02700	0.31994	0.24214	0.02326	0.03388	0.10428	0.02533	0.06232	0.02378	0.02965	0.01657	0.01908	0.01336	0.00956	0.00828	0.00268	0.01346	0.00661	0.00482	0.01398
6	0.02181	0.01254	0.01308	0.01194	0.01521	0.01295	0.00922	0.10194	0.02612	0.04247	0.07116	0.03899	0.03009	0.01267	0.00800	0.00256	0.00577	0.01017	0.54255	0.01077
7	0.02720	0.56695	0.04992	0.01798	0.02638	0.03871	0.01739	0.03373	0.08839	0.02651	0.01773	0.01921	0.01546	0.00943	0.00707	0.00236	0.01062	0.00626	0.00515	0.01356
8	0.01776	0.01121	0.01476	0.01346	0.01645	0.01024	0.01024	0.02252	0.02908	0.09680	0.51549	0.07237	0.08949	0.02013	0.01192	0.00322	0.00524	0.01771	0.01144	0.01048
9	0.01466	0.01100	0.01649	0.01649	0.01833	0.01283	0.01283	0.01833	0.01649	0.02382	0.02749	0.04032	0.02566	0.07697	0.59868	0.01649	0.02749	0.01100	0.00550	0.00916
10	0.03273	0.02448	0.02711	0.07539	0.03223	0.02741	0.01837	0.35502	0.12587	0.05457	0.02788	0.02869	0.02040	0.01235	0.00994	0.00310	0.01024	0.00965	0.08878	0.01579

[dist]
# distance from previous block
# <min> <max>
0	8

[block]
# block no. 5 follows, 14 sequences, length 10
# corresponding to MSA columns:
# 238-247
name=unknown_F
#
# <colnr> <probs for GDERKNQSTAVLIFYWHMCP>
#	G	D	E	R	K	N	Q	S	T	A	V	L	I	F	Y	W	H	M	C	P
0	0.01466	0.01100	0.01649	0.01649	0.01833	0.01283	0.01283	0.01833	0.01649	0.02382	0.02749	0.04032	0.02566	0.07697	0.59868	0.01649	0.02749	0.01100	0.00550	0.00916
1	0.02705	0.02173	0.03461	0.17751	0.32195	0.02279	0.02679	0.03545	0.08051	0.11285	0.02454	0.02861	0.01861	0.01043	0.01024	0.00320	0.01159	0.00957	0.00664	0.01533
2	0.04212	0.02375	0.02771	0.02124	0.02933	0.02441	0.01755	0.32363	0.03989	0.29396	0.03166	0.02920	0.02097	0.01249	0.01029	0.00312	0.01016	0.00972	0.01134	0.01746
3	0.02223	0.30539	0.03293	0.01616	0.02173	0.08151	0.01400	0.02549	0.02346	0.02822	0.13782	0.10587	0.11625	0.01628	0.00940	0.00283	0.00917	0.01297	0.00709	0.01121
4	0.10809	0.02358	0.02378	0.02093	0.02622	0.13407	0.04806	0.08674	0.02711	0.13940	0.03450	0.14107	0.03228	0.01734	0.01083	0.00349	0.01106	0.09014	0.00871	0.01260
5	0.02158	0.13941	0.50860	0.02755	0.04178	0.02628	0.03495	0.03224	0.02155	0.03128	0.01781	0.02091	0.01302	0.00961	0.00929	0.00310	0.01456	0.00728	0.00434	0.01488
6	0.33313	0.02492	0.02155	0.01865	0.02507	0.08192	0.01491	0.12968	0.17479	0.04645	0.02398	0.02432	0.01810	0.01136	0.00848	0.00319	0.00963	0.00801	0.00809	0.01376
7	0.02744	0.64552	0.05378	0.01756	0.02634	0.04061	0.01756	0.03073	0.02085	0.02414	0.01427	0.01646	0.01317	0.00878	0.00658	0.00219	0.01097	0.00549	0.00439	0.01317
8	0.02128	0.01824	0.02128	0.01520	0.02432	0.01368	0.01216	0.02584	0.02128	0.03344	0.01824	0.02128	0.01520	0.00760	0.00760	0.00152	0.00760	0.00608	0.00608	0.70208
9	0.01492	0.00995	0.01119	0.01119	0.01119	0.00995	0.00622	0.01492	0.01492	0.01990	0.03233	0.06716	0.03731	0.63935	0.05223	0.00995	0.00995	0.01492	0.00622	0.00622

[dist]
# distance from previous block
# <min> <max>
0	90

[block]
# block no. 6 follows, 14 sequences, length 37
# corresponding to MSA columns:
# 338-374
name=unknown_G
#
# <colnr> <probs for GDERKNQSTAVLIFYWHMCP>
#	G	D	E	R	K	N	Q	S	T	A	V	L	I	F	Y	W	H	M	C	P
0	0.43580	0.10721	0.02259	0.01601	0.02255	0.02612	0.01336	0.03667	0.16026	0.04218	0.02154	0.02235	0.01673	0.01058	0.00746	0.00312	0.00841	0.00714	0.00716	0.01275
1	0.11872	0.24430	0.33098	0.02320	0.03503	0.02926	0.02747	0.03159	0.02081	0.03162	0.01647	0.01925	0.01279	0.00940	0.00823	0.00289	0.01278	0.00661	0.00463	0.01394
2	0.02348	0.16093	0.18415	0.03492	0.17133	0.02661	0.08806	0.03232	0.06084	0.03256	0.06848	0.02828	0.02288	0.01055	0.00973	0.00302	0.01238	0.00934	0.00568	0.01445
3	0.45369	0.01892	0.01847	0.01534	0.02231	0.01994	0.01265	0.03786	0.02208	0.25402	0.02445	0.02375	0.01665	0.01076	0.00789	0.00318	0.00825	0.00740	0.00881	0.01358
4	0.03782	0.03375	0.02823	0.02326	0.03001	0.22869	0.01846	0.29626	0.03837	0.08255	0.02320	0.02411	0.01711	0.01170	0.00969	0.00288	0.01321	0.00841	0.05733	0.01494
5	0.01350	0.00993	0.01270	0.01348	0.01531	0.00913	0.00977	0.01680	0.02415	0.03265	0.26774	0.30591	0.14844	0.02661	0.01263	0.00373	0.00562	0.05269	0.01023	0.00899
6	0.01783	0.00891	0.01337	0.01337	0.01337	0.00891	0.00891	0.01337	0.01337	0.01783	0.01783	0.03119	0.01783	0.03565	0.04011	0.70143	0.00891	0.00891	0.00446	0.00446
7	0.03892	0.03154	0.03056	0.02400	0.03181	0.11037	0.01955	0.47175	0.04559	0.05919	0.02342	0.02379	0.01686	0.01208	0.01013	0.00302	0.01229	0.00887	0.00958	0.01668
8	0.01492	0.00995	0.01119	0.01119	0.01119	0.00995	0.00622	0.01492	0.01492	0.01990	0.03233	0.06716	0.03731	0.63935	0.05223	0.00995	0.00995	0.01492	0.00622	0.00622
9	0.03732	0.04594	0.02934	0.02630	0.03141	0.52655	0.01998	0.06977	0.02934	0.02745	0.01623	0.01914	0.01349	0.01117	0.01094	0.00279	0.05820	0.00692	0.00553	0.01218
10	0.01468	0.01090	0.01602	0.01602	0.01769	0.01257	0.01224	0.01802	0.01635	0.02348	0.02792	0.04269	0.02669	0.12670	0.55035	0.01591	0.02594	0.01134	0.00556	0.00890
11	0.01492	0.00995	0.01119	0.01119	0.01119	0.00995	0.00622	0.01492	0.01492	0.01990	0.03233	0.06716	0.03731	0.63935	0.05223	0.00995	0.00995	0.01492	0.00622	0.00622
12	0.01492	0.00995	0.01119	0.01119	0.01119	0.00995	0.00622	0.01492	0.01492	0.01990	0.03233	0.06716	0.03731	0.63935	0.05223	0.00995	0.00995	0.01492	0.00622	0.00622
13	0.01466	0.01100	0.01649	0.01649	0.01833	0.01283	0.01283	0.01833	0.01649	0.02382	0.02749	0.04032	0.02566	0.07697	0.59868	0.01649	0.02749	0.01100	0.00550	0.00916
14	0.03838	0.04760	0.02919	0.02625	0.03173	0.56134	0.01981	0.07349	0.03033	0.02769	0.01643	0.01890	0.01349	0.01069	0.00932	0.00267	0.01804	0.00678	0.00561	0.01226
15	0.02374	0.02269	0.03866	0.21497	0.43631	0.02395	0.03067	0.03004	0.02258	0.03151	0.01901	0.02594	0.01555	0.00945	0.01019	0.00315	0.01260	0.00914	0.00494	0.01492
16	0.02540	0.02438	0.04165	0.06299	0.57533	0.02438	0.03149	0.03149	0.02337	0.03353	0.01930	0.02540	0.01626	0.00914	0.01016	0.00305	0.01219	0.00914	0.00508	0.01626
17	0.01589	0.01068	0.01488	0.05836	0.02079	0.01045	0.01255	0.01872	0.02107	0.06254	0.05238	0.45469	0.05964	0.02863	0.01292	0.00415	0.00734	0.11562	0.00936	0.00935
18	0.02540	0.02438	0.04165	0.06299	0.57533	0.02438	0.03149	0.03149	0.02337	0.03353	0.01930	0.02540	0.01626	0.00914	0.01016	0.00305	0.01219	0.00914	0.00508	0.01626
19	0.01938	0.01824	0.03078	0.61468	0.07068	0.02280	0.02850	0.02622	0.02052	0.02622	0.01824	0.02736	0.01368	0.01026	0.01026	0.00342	0.01368	0.00912	0.00456	0.01140
20	0.01213	0.01040	0.01040	0.01040	0.01386	0.00866	0.00780	0.01473	0.02339	0.02772	0.10396	0.09876	0.57117	0.02599	0.01213	0.00347	0.00520	0.02166	0.00953	0.00866
21	0.01265	0.00904	0.01204	0.01419	0.01492	0.00843	0.00954	0.01465	0.02032	0.02727	0.09329	0.59287	0.06994	0.03135	0.01303	0.00410	0.00587	0.02841	0.00965	0.00843
22	0.01470	0.01085	0.01576	0.01576	0.01734	0.01243	0.01191	0.01785	0.01627	0.02328	0.02816	0.04404	0.02727	0.15497	0.52289	0.01558	0.02506	0.01154	0.00560	0.00875
23	0.01415	0.00962	0.01142	0.01218	0.01237	0.00943	0.00727	0.01472	0.01643	0.02191	0.04006	0.24741	0.04705	0.44580	0.03976	0.00811	0.00868	0.01947	0.00727	0.00689
24	0.08254	0.02619	0.02804	0.02207	0.02979	0.02885	0.01809	0.39368	0.11763	0.10610	0.02781	0.02698	0.01973	0.01240	0.01004	0.00315	0.01039	0.00943	0.01025	0.01686
25	0.01876	0.00989	0.01057	0.01091	0.01329	0.00989	0.00852	0.02353	0.02182	0.03717	0.03647	0.04940	0.03101	0.01431	0.00818	0.00273	0.00545	0.08096	0.59759	0.00955
26	0.02352	0.01874	0.02991	0.44748	0.05822	0.02297	0.02577	0.02930	0.02106	0.10315	0.02064	0.02770	0.01528	0.01171	0.01363	0.00354	0.10023	0.00927	0.00568	0.01222
27	0.18031	0.01951	0.02301	0.01803	0.02569	0.01902	0.01489	0.11410	0.02957	0.40166	0.03297	0.02979	0.02140	0.01200	0.00951	0.00316	0.00893	0.00920	0.01107	0.01617
28	0.01796	0.01535	0.02256	0.12137	0.14261	0.01585	0.01795	0.02445	0.06164	0.03316	0.17637	0.12845	0.11288	0.01871	0.01154	0.00348	0.00851	0.04736	0.00830	0.01150
29	0.03440	0.02576	0.02747	0.02160	0.02900	0.02820	0.01767	0.43645	0.07789	0.05813	0.03675	0.03581	0.09515	0.01432	0.01054	0.00316	0.01024	0.01112	0.01018	0.01615
30	0.02444	0.02340	0.03992	0.15092	0.49490	0.02413	0.03102	0.03065	0.02291	0.03236	0.01913	0.02571	0.01584	0.00932	0.01018	0.00311	0.01243	0.00914	0.00500	0.01548
31	0.02989	0.02197	0.03185	0.10700	0.03804	0.02329	0.11533	0.07660	0.23214	0.16121	0.03320	0.03317	0.02372	0.01205	0.01069	0.00337	0.01095	0.01091	0.00914	0.01547
32	0.03872	0.10456	0.02742	0.01863	0.02591	0.01934	0.01595	0.07804	0.02870	0.38897	0.03772	0.04326	0.02798	0.01438	0.01035	0.00326	0.00933	0.08086	0.01091	0.01572
33	0.02979	0.05352	0.06365	0.02101	0.02792	0.01678	0.08783	0.03480	0.02616	0.25839	0.10588	0.08941	0.07159	0.01611	0.01114	0.00337	0.00962	0.04939	0.00982	0.01383
34	0.02735	0.27779	0.25457	0.02371	0.03458	0.08220	0.02591	0.10311	0.02569	0.03309	0.01745	0.01979	0.01370	0.00981	0.00856	0.00277	0.01331	0.00692	0.00526	0.01442
35	0.02147	0.10448	0.20510	0.02079	0.02801	0.06257	0.02083	0.07077	0.02301	0.03043	0.03001	0.18439	0.03090	0.10300	0.01613	0.00423	0.01147	0.01397	0.00653	0.01189
36	0.07145	0.10392	0.10222	0.02347	0.06772	0.02533	0.01984	0.20119	0.03066	0.04322	0.09077	0.03150	0.02700	0.02118	0.09132	0.00487	0.01304	0.00972	0.00758	0.01398

[dist]
# distance from previous block
# <min> <max>
3	47

# created by:
# /st0/software/busco_prod/Augustus/scripts/msa2prfl.pl ./align_prep/7848.fa
