[name]
unknown

[dist]
# distance from previous block
# <min> <max>
15	277

[block]
# block no. 0 follows, 15 sequences, length 11
# corresponding to MSA columns:
# 284-294
name=unknown_A
#
# <colnr> <probs for GDERKNQSTAVLIFYWHMCP>
#	G	D	E	R	K	N	Q	S	T	A	V	L	I	F	Y	W	H	M	C	P
0	0.03154	0.02023	0.02849	0.13229	0.15424	0.02094	0.02079	0.12139	0.06775	0.21546	0.06196	0.03176	0.02421	0.01170	0.01009	0.00311	0.01016	0.00999	0.00876	0.01515
1	0.02354	0.01788	0.02495	0.14711	0.12355	0.01880	0.01889	0.03403	0.15189	0.10474	0.10021	0.07794	0.03318	0.01352	0.01022	0.00313	0.00911	0.01186	0.00813	0.06732
2	0.02840	0.01650	0.02214	0.13182	0.03089	0.01680	0.01600	0.11196	0.02962	0.21712	0.21676	0.04473	0.04484	0.01456	0.01059	0.00313	0.00849	0.01235	0.01002	0.01329
3	0.01928	0.01142	0.01447	0.01300	0.01655	0.01017	0.01000	0.02338	0.02715	0.13951	0.38354	0.07139	0.18152	0.01989	0.01144	0.00317	0.00547	0.01717	0.01087	0.01060
4	0.02620	0.01945	0.02452	0.02296	0.07816	0.02121	0.01671	0.20018	0.03210	0.08295	0.22622	0.04280	0.04491	0.01551	0.01376	0.00324	0.09435	0.01230	0.00924	0.01326
5	0.02036	0.01019	0.01133	0.01067	0.01352	0.00983	0.00813	0.02493	0.02290	0.09182	0.12765	0.04326	0.03724	0.01319	0.00809	0.00254	0.00503	0.01086	0.51839	0.01006
6	0.03002	0.07102	0.03592	0.13143	0.07945	0.02878	0.08732	0.28810	0.03361	0.04500	0.02058	0.02409	0.01546	0.01107	0.01141	0.00312	0.05262	0.00901	0.00726	0.01473
7	0.04473	0.01697	0.02313	0.01774	0.02545	0.01465	0.01465	0.04858	0.02853	0.59437	0.03933	0.03393	0.02468	0.01234	0.01003	0.00308	0.00848	0.01003	0.01234	0.01697
8	0.02543	0.02454	0.07373	0.03278	0.09067	0.02315	0.22283	0.11067	0.02649	0.07495	0.06268	0.07679	0.02518	0.01274	0.01300	0.00336	0.06835	0.01210	0.00692	0.01362
9	0.02599	0.17498	0.10796	0.03783	0.25248	0.02584	0.06788	0.03184	0.02236	0.08081	0.01939	0.02290	0.01538	0.00903	0.00898	0.00272	0.01167	0.00797	0.00544	0.06855
10	0.02936	0.06834	0.08294	0.02404	0.03118	0.09559	0.10437	0.11248	0.06706	0.12417	0.06337	0.03171	0.02420	0.05577	0.01374	0.00353	0.03682	0.01006	0.00764	0.01364

[dist]
# distance from previous block
# <min> <max>
4	6

[block]
# block no. 1 follows, 15 sequences, length 7
# corresponding to MSA columns:
# 301-307
name=unknown_B
#
# <colnr> <probs for GDERKNQSTAVLIFYWHMCP>
#	G	D	E	R	K	N	Q	S	T	A	V	L	I	F	Y	W	H	M	C	P
0	0.27424	0.01800	0.01976	0.01604	0.02268	0.01817	0.01314	0.08267	0.02609	0.29988	0.08644	0.03121	0.02653	0.01209	0.00887	0.00308	0.00803	0.00918	0.00986	0.01404
1	0.10432	0.02195	0.02521	0.02348	0.08241	0.02343	0.01705	0.16220	0.21001	0.14062	0.03016	0.02912	0.02186	0.01169	0.00948	0.00306	0.00905	0.00935	0.00929	0.05625
2	0.08295	0.01316	0.01614	0.01423	0.01865	0.01194	0.01095	0.02660	0.02449	0.17394	0.21152	0.16171	0.08451	0.01837	0.01057	0.00313	0.00641	0.01578	0.00994	0.08503
3	0.02698	0.01280	0.01720	0.01510	0.01938	0.01139	0.01165	0.03065	0.02631	0.27774	0.22817	0.18414	0.05760	0.01931	0.01122	0.00332	0.00659	0.01686	0.01118	0.01240
4	0.04028	0.01598	0.02171	0.01698	0.02391	0.01389	0.01389	0.04426	0.02849	0.51380	0.11822	0.03982	0.03476	0.01351	0.01028	0.00309	0.00793	0.01119	0.01214	0.01587
5	0.04257	0.01745	0.02307	0.01801	0.02550	0.01575	0.01477	0.04906	0.08710	0.53453	0.03946	0.03428	0.02530	0.01247	0.01004	0.00312	0.00842	0.01016	0.01210	0.01684
6	0.03807	0.01825	0.02287	0.01829	0.02524	0.01760	0.01485	0.08879	0.13608	0.40282	0.07708	0.03665	0.03013	0.01311	0.01017	0.00314	0.00830	0.01075	0.01162	0.01619

[dist]
# distance from previous block
# <min> <max>
3	7

[block]
# block no. 2 follows, 15 sequences, length 9
# corresponding to MSA columns:
# 315-323
name=unknown_C
#
# <colnr> <probs for GDERKNQSTAVLIFYWHMCP>
#	G	D	E	R	K	N	Q	S	T	A	V	L	I	F	Y	W	H	M	C	P
0	0.17785	0.02072	0.02254	0.01796	0.02521	0.02106	0.01483	0.20240	0.03017	0.15771	0.02607	0.03075	0.02002	0.01187	0.00901	0.00288	0.00898	0.04852	0.00884	0.14261
1	0.01477	0.01102	0.01325	0.01403	0.01561	0.01106	0.00978	0.02021	0.09436	0.02786	0.09264	0.31854	0.09028	0.16265	0.02062	0.00510	0.00701	0.05351	0.00880	0.00889
2	0.21668	0.01687	0.01767	0.01500	0.02033	0.01749	0.01202	0.12243	0.02780	0.12341	0.18094	0.04637	0.11394	0.01530	0.00965	0.00312	0.00726	0.01217	0.00943	0.01211
3	0.03747	0.01943	0.02386	0.01831	0.02586	0.01831	0.01500	0.17461	0.03220	0.33974	0.07145	0.03244	0.02631	0.01214	0.00978	0.00284	0.00871	0.00977	0.01075	0.11102
4	0.02100	0.01423	0.01771	0.01417	0.01995	0.01173	0.01112	0.02548	0.02514	0.11249	0.27437	0.04666	0.05176	0.01390	0.00971	0.00244	0.00633	0.01192	0.00906	0.30085
5	0.02714	0.26103	0.25083	0.02311	0.03361	0.07496	0.02501	0.13303	0.02633	0.03421	0.01744	0.01958	0.01354	0.00968	0.00844	0.00272	0.01280	0.00688	0.00542	0.01423
6	0.03552	0.02616	0.17428	0.02022	0.02991	0.01674	0.02018	0.04148	0.02568	0.38333	0.03127	0.02906	0.02040	0.01103	0.00958	0.00292	0.01001	0.00886	0.00948	0.09389
7	0.04473	0.01697	0.02313	0.01774	0.02545	0.01465	0.01465	0.04858	0.02853	0.59437	0.03933	0.03393	0.02468	0.01234	0.01003	0.00308	0.00848	0.01003	0.01234	0.01697
8	0.01709	0.01457	0.02419	0.05537	0.06105	0.01461	0.11814	0.02025	0.01809	0.02444	0.03004	0.09246	0.03165	0.30976	0.08846	0.00757	0.01280	0.04441	0.00602	0.00903

[dist]
# distance from previous block
# <min> <max>
0	4

[block]
# block no. 3 follows, 15 sequences, length 78
# corresponding to MSA columns:
# 328-405
name=unknown_D
#
# <colnr> <probs for GDERKNQSTAVLIFYWHMCP>
#	G	D	E	R	K	N	Q	S	T	A	V	L	I	F	Y	W	H	M	C	P
0	0.03918	0.01956	0.03247	0.02409	0.03242	0.01741	0.15501	0.04423	0.02722	0.44726	0.03432	0.03209	0.02218	0.01131	0.01048	0.00316	0.01066	0.01048	0.01043	0.01604
1	0.02468	0.44566	0.04185	0.01630	0.02494	0.03084	0.01533	0.02829	0.02039	0.02643	0.01513	0.01753	0.01344	0.00815	0.00672	0.00192	0.00958	0.00552	0.00480	0.24249
2	0.01313	0.01031	0.01280	0.01261	0.01522	0.00998	0.00961	0.01650	0.02179	0.02871	0.18812	0.07227	0.28610	0.04042	0.20874	0.00748	0.01210	0.01693	0.00837	0.00881
3	0.04422	0.01778	0.02364	0.01812	0.02586	0.01586	0.01497	0.08622	0.02990	0.55480	0.03818	0.03319	0.02410	0.01231	0.01002	0.00308	0.00867	0.00995	0.01216	0.01696
4	0.72007	0.01928	0.01465	0.01311	0.01928	0.02236	0.01080	0.02930	0.01697	0.04473	0.01388	0.01619	0.01080	0.00925	0.00617	0.00308	0.00771	0.00540	0.00617	0.01080
5	0.01215	0.00868	0.01157	0.01388	0.01446	0.00810	0.00925	0.01388	0.01909	0.02545	0.05495	0.64315	0.06593	0.03123	0.01272	0.00405	0.00578	0.02834	0.00925	0.00810
6	0.02480	0.02141	0.02254	0.02029	0.02592	0.02480	0.01578	0.05297	0.56946	0.04170	0.04057	0.03719	0.03043	0.01352	0.01014	0.00338	0.00789	0.01127	0.01014	0.01578
7	0.02067	0.01772	0.02067	0.01477	0.02362	0.01329	0.01181	0.02510	0.02067	0.03248	0.01772	0.02067	0.01477	0.00738	0.00738	0.00148	0.00738	0.00591	0.00591	0.71059
8	0.01858	0.00929	0.00929	0.00929	0.01161	0.00929	0.00697	0.02323	0.02091	0.03717	0.03252	0.03717	0.02555	0.01161	0.00697	0.00232	0.00465	0.00929	0.70499	0.00929
9	0.03354	0.02653	0.03339	0.03553	0.21412	0.02854	0.02278	0.38186	0.03891	0.05287	0.02223	0.02418	0.01657	0.01095	0.00994	0.00298	0.01126	0.00894	0.00831	0.01657
10	0.02226	0.03748	0.31521	0.03785	0.19260	0.02372	0.08518	0.03406	0.09145	0.03317	0.02124	0.02470	0.01602	0.00971	0.00990	0.00315	0.01328	0.00873	0.00525	0.01503
11	0.03776	0.03188	0.02958	0.02349	0.03090	0.14788	0.01901	0.45026	0.04311	0.05506	0.02221	0.02273	0.01612	0.01162	0.00977	0.00291	0.01239	0.00846	0.00900	0.01586
12	0.02875	0.02232	0.03694	0.05236	0.47327	0.02185	0.02736	0.03425	0.02388	0.14672	0.02293	0.02655	0.01760	0.00958	0.00990	0.00299	0.01116	0.00911	0.00644	0.01603
13	0.09500	0.01714	0.02250	0.01739	0.02499	0.01523	0.01436	0.04715	0.02767	0.55345	0.03743	0.03261	0.02364	0.01211	0.00974	0.00308	0.00843	0.00968	0.01188	0.01651
14	0.01440	0.01004	0.01275	0.01275	0.01340	0.01068	0.00838	0.01570	0.01505	0.02072	0.02969	0.05573	0.03212	0.44011	0.25464	0.01198	0.01587	0.01311	0.00579	0.00708
15	0.03941	0.06594	0.02769	0.02389	0.10386	0.01836	0.01712	0.04493	0.05889	0.44084	0.03463	0.03149	0.02289	0.01164	0.00974	0.00301	0.00908	0.00959	0.01057	0.01642
16	0.02467	0.02369	0.04046	0.06119	0.58747	0.02369	0.03059	0.03059	0.02270	0.03257	0.01875	0.02467	0.01579	0.00888	0.00987	0.00296	0.01184	0.00888	0.00493	0.01579
17	0.01831	0.01731	0.02453	0.40377	0.05013	0.06032	0.02170	0.02340	0.02082	0.02624	0.05941	0.17268	0.03029	0.01556	0.01065	0.00343	0.01137	0.01377	0.00599	0.01032
18	0.02125	0.03828	0.32831	0.03235	0.10995	0.06355	0.10287	0.02964	0.02185	0.03039	0.02328	0.10831	0.02079	0.01232	0.01026	0.00324	0.01364	0.01102	0.00519	0.01354
19	0.02467	0.02369	0.04046	0.06119	0.58747	0.02369	0.03059	0.03059	0.02270	0.03257	0.01875	0.02467	0.01579	0.00888	0.00987	0.00296	0.01184	0.00888	0.00493	0.01579
20	0.02930	0.03284	0.03595	0.04005	0.23558	0.24590	0.09225	0.03710	0.09439	0.03055	0.02044	0.02402	0.01645	0.00994	0.00982	0.00292	0.01431	0.00863	0.00569	0.01388
21	0.01999	0.05157	0.59800	0.02841	0.04315	0.02315	0.03683	0.03157	0.02105	0.03157	0.01789	0.02105	0.01263	0.00947	0.00947	0.00316	0.01473	0.00737	0.00421	0.01473
22	0.01247	0.00985	0.01124	0.01148	0.01404	0.00862	0.00838	0.01542	0.02348	0.03010	0.21958	0.19604	0.35373	0.02511	0.01196	0.00344	0.00510	0.02165	0.00971	0.00862
23	0.02467	0.02369	0.04046	0.06119	0.58747	0.02369	0.03059	0.03059	0.02270	0.03257	0.01875	0.02467	0.01579	0.00888	0.00987	0.00296	0.01184	0.00888	0.00493	0.01579
24	0.12845	0.02182	0.02224	0.01858	0.02502	0.07993	0.01485	0.07787	0.15907	0.25989	0.06457	0.03240	0.02653	0.01244	0.00952	0.00310	0.00915	0.00973	0.01000	0.01484
25	0.01215	0.00868	0.01157	0.01388	0.01446	0.00810	0.00925	0.01388	0.01909	0.02545	0.05495	0.64315	0.06593	0.03123	0.01272	0.00405	0.00578	0.02834	0.00925	0.00810
26	0.02618	0.04454	0.30848	0.02734	0.03757	0.20339	0.06217	0.03708	0.09920	0.03079	0.02041	0.02272	0.01532	0.01021	0.00957	0.00302	0.01492	0.00790	0.00537	0.01382
27	0.02364	0.02263	0.03859	0.16130	0.49546	0.02341	0.03008	0.02969	0.02221	0.03131	0.01857	0.02501	0.01535	0.00907	0.00989	0.00302	0.01210	0.00888	0.00485	0.01495
28	0.01883	0.01772	0.02990	0.62569	0.06866	0.02215	0.02769	0.02547	0.01993	0.02547	0.01772	0.02658	0.01329	0.00997	0.00997	0.00332	0.01329	0.00886	0.00443	0.01107
29	0.01361	0.01018	0.01434	0.01802	0.05816	0.00972	0.01177	0.01605	0.01988	0.02657	0.05195	0.52526	0.06103	0.02906	0.01265	0.00404	0.00670	0.09329	0.00892	0.00882
30	0.02467	0.02369	0.04046	0.06119	0.58747	0.02369	0.03059	0.03059	0.02270	0.03257	0.01875	0.02467	0.01579	0.00888	0.00987	0.00296	0.01184	0.00888	0.00493	0.01579
31	0.02717	0.03043	0.04451	0.04574	0.25718	0.16050	0.22331	0.03324	0.02430	0.03043	0.01851	0.02395	0.01486	0.00903	0.01038	0.00302	0.01513	0.00939	0.00502	0.01393
32	0.01424	0.01068	0.01602	0.01602	0.01780	0.01246	0.01246	0.01780	0.01602	0.02314	0.02670	0.03916	0.02492	0.07477	0.61015	0.01602	0.02670	0.01068	0.00534	0.00890
33	0.02242	0.27151	0.39929	0.02428	0.03675	0.02908	0.02963	0.03094	0.02076	0.02862	0.01642	0.01921	0.01269	0.00913	0.00835	0.00278	0.01325	0.00663	0.00423	0.01403
34	0.02919	0.03010	0.23746	0.02095	0.03159	0.01747	0.02220	0.03608	0.02368	0.23695	0.02566	0.02565	0.01758	0.00997	0.00913	0.00269	0.01053	0.00795	0.00762	0.19755
35	0.33609	0.21207	0.17812	0.01826	0.02735	0.02752	0.01942	0.03006	0.01899	0.03512	0.01492	0.01740	0.01185	0.00910	0.00710	0.00283	0.01040	0.00589	0.00510	0.01240
36	0.03655	0.02726	0.02916	0.02267	0.03040	0.03029	0.01862	0.50283	0.10045	0.06066	0.02564	0.02529	0.01834	0.01213	0.00999	0.00303	0.01065	0.00921	0.00999	0.01683
37	0.04473	0.01697	0.02313	0.01774	0.02545	0.01465	0.01465	0.04858	0.02853	0.59437	0.03933	0.03393	0.02468	0.01234	0.01003	0.00308	0.00848	0.01003	0.01234	0.01697
38	0.02067	0.01772	0.02067	0.01477	0.02362	0.01329	0.01181	0.02510	0.02067	0.03248	0.01772	0.02067	0.01477	0.00738	0.00738	0.00148	0.00738	0.00591	0.00591	0.71059
39	0.04422	0.01778	0.02364	0.01812	0.02586	0.01586	0.01497	0.08622	0.02990	0.55480	0.03818	0.03319	0.02410	0.01231	0.01002	0.00308	0.00867	0.00995	0.01216	0.01696
40	0.01222	0.00891	0.01152	0.01342	0.01438	0.00820	0.00909	0.01420	0.01998	0.02643	0.08963	0.55473	0.12059	0.03000	0.01257	0.00393	0.00565	0.02701	0.00935	0.00820
41	0.04473	0.01697	0.02313	0.01774	0.02545	0.01465	0.01465	0.04858	0.02853	0.59437	0.03933	0.03393	0.02468	0.01234	0.01003	0.00308	0.00848	0.01003	0.01234	0.01697
42	0.01212	0.00877	0.01147	0.01364	0.01440	0.00812	0.00915	0.01391	0.01932	0.02554	0.05788	0.60826	0.09892	0.03085	0.01266	0.00401	0.00574	0.02787	0.00925	0.00812
43	0.02522	0.07369	0.04725	0.04856	0.31341	0.06373	0.21910	0.03163	0.02318	0.03112	0.01868	0.02440	0.01513	0.00877	0.01024	0.00302	0.01397	0.00951	0.00494	0.01443
44	0.04356	0.01723	0.02310	0.01789	0.02548	0.01525	0.01472	0.04884	0.06028	0.56194	0.03940	0.03412	0.02501	0.01241	0.01003	0.00310	0.00845	0.01010	0.01221	0.01690
45	0.02607	0.02409	0.02313	0.02084	0.02642	0.08476	0.01614	0.05162	0.51397	0.03993	0.03799	0.03522	0.02863	0.01319	0.01003	0.00330	0.00892	0.01077	0.00963	0.01535
46	0.01335	0.01148	0.01447	0.01375	0.01738	0.01011	0.04587	0.01665	0.02282	0.02779	0.08679	0.09426	0.44969	0.02452	0.01214	0.00359	0.00659	0.11088	0.00896	0.00889
47	0.02388	0.20664	0.35801	0.02806	0.09313	0.02697	0.02948	0.03214	0.02150	0.06679	0.01833	0.02093	0.01379	0.00935	0.00873	0.00286	0.01294	0.00716	0.00484	0.01447
48	0.02303	0.02313	0.03391	0.34097	0.26992	0.08299	0.02797	0.02897	0.02188	0.02817	0.01789	0.02494	0.01423	0.00957	0.00983	0.00310	0.01320	0.00862	0.00470	0.01299
49	0.02370	0.02026	0.02160	0.01949	0.02479	0.02322	0.01513	0.04947	0.51396	0.04152	0.09611	0.04102	0.03696	0.01423	0.01031	0.00336	0.00756	0.01196	0.01023	0.01513
50	0.02649	0.03590	0.20799	0.03930	0.23977	0.10395	0.02895	0.09997	0.02565	0.03460	0.01838	0.02239	0.01441	0.01016	0.01098	0.00305	0.04985	0.00809	0.00536	0.01476
51	0.02871	0.02389	0.03188	0.13115	0.11471	0.08693	0.09202	0.04013	0.16652	0.13814	0.02794	0.02955	0.02044	0.01101	0.01014	0.00317	0.01177	0.00983	0.00763	0.01443
52	0.01883	0.01772	0.02990	0.62569	0.06866	0.02215	0.02769	0.02547	0.01993	0.02547	0.01772	0.02658	0.01329	0.00997	0.00997	0.00332	0.01329	0.00886	0.00443	0.01107
53	0.01450	0.00966	0.01087	0.01087	0.01087	0.00966	0.00604	0.01450	0.01450	0.01933	0.03141	0.06524	0.03624	0.64965	0.05074	0.00966	0.00966	0.01450	0.00604	0.00604
54	0.03605	0.10044	0.02967	0.02604	0.13826	0.01929	0.01779	0.04030	0.02626	0.36550	0.07249	0.03277	0.02653	0.01175	0.00965	0.00294	0.00916	0.00979	0.00970	0.01562
55	0.03772	0.04081	0.02815	0.02657	0.06505	0.47140	0.01919	0.04072	0.02795	0.12189	0.01969	0.02111	0.01504	0.01054	0.00922	0.00268	0.01597	0.00719	0.00635	0.01274
56	0.01424	0.01068	0.01602	0.01602	0.01780	0.01246	0.01246	0.01780	0.01602	0.02314	0.02670	0.03916	0.02492	0.07477	0.61015	0.01602	0.02670	0.01068	0.00534	0.00890
57	0.38610	0.01886	0.01929	0.01574	0.02269	0.01963	0.01298	0.07231	0.02389	0.28097	0.02543	0.02429	0.01714	0.01075	0.00807	0.00308	0.00826	0.00761	0.00906	0.01384
58	0.02347	0.03403	0.22200	0.10564	0.31366	0.06697	0.03151	0.03108	0.02229	0.03090	0.01811	0.02318	0.01427	0.00929	0.00968	0.00303	0.01340	0.00820	0.00466	0.01464
59	0.10986	0.02068	0.02824	0.02144	0.02936	0.02007	0.08453	0.14571	0.03037	0.35882	0.03116	0.02920	0.02047	0.01144	0.00984	0.00310	0.00998	0.00957	0.01029	0.01588
60	0.65006	0.02217	0.01605	0.01440	0.02046	0.08258	0.01166	0.03038	0.01812	0.04264	0.01404	0.01638	0.01101	0.00936	0.00646	0.00303	0.00876	0.00550	0.00606	0.01087
61	0.01229	0.00879	0.01170	0.01378	0.01449	0.00820	0.00927	0.01425	0.01977	0.02654	0.09439	0.60060	0.06804	0.03042	0.01265	0.00398	0.00570	0.02757	0.00938	0.00820
62	0.01215	0.00868	0.01157	0.01388	0.01446	0.00810	0.00925	0.01388	0.01909	0.02545	0.05495	0.64315	0.06593	0.03123	0.01272	0.00405	0.00578	0.02834	0.00925	0.00810
63	0.01858	0.00929	0.00929	0.00929	0.01161	0.00929	0.00697	0.02323	0.02091	0.03717	0.03252	0.03717	0.02555	0.01161	0.00697	0.00232	0.00465	0.00929	0.70499	0.00929
64	0.72007	0.01928	0.01465	0.01311	0.01928	0.02236	0.01080	0.02930	0.01697	0.04473	0.01388	0.01619	0.01080	0.00925	0.00617	0.00308	0.00771	0.00540	0.00617	0.01080
65	0.03462	0.03299	0.02761	0.02749	0.09947	0.29574	0.01906	0.04309	0.13790	0.14416	0.02580	0.02597	0.01919	0.01118	0.00955	0.00289	0.01322	0.00845	0.00759	0.01405
66	0.02665	0.65565	0.05224	0.01706	0.02559	0.03945	0.01706	0.02985	0.02026	0.02345	0.01386	0.01599	0.01279	0.00853	0.00640	0.00213	0.01066	0.00533	0.00426	0.01279
67	0.72007	0.01928	0.01465	0.01311	0.01928	0.02236	0.01080	0.02930	0.01697	0.04473	0.01388	0.01619	0.01080	0.00925	0.00617	0.00308	0.00771	0.00540	0.00617	0.01080
68	0.01215	0.00868	0.01157	0.01388	0.01446	0.00810	0.00925	0.01388	0.01909	0.02545	0.05495	0.64315	0.06593	0.03123	0.01272	0.00405	0.00578	0.02834	0.00925	0.00810
69	0.02067	0.01772	0.02067	0.01477	0.02362	0.01329	0.01181	0.02510	0.02067	0.03248	0.01772	0.02067	0.01477	0.00738	0.00738	0.00148	0.00738	0.00591	0.00591	0.71059
70	0.02181	0.02181	0.03053	0.02617	0.02617	0.03053	0.02181	0.02399	0.01527	0.02399	0.01309	0.02181	0.01309	0.01745	0.03272	0.00436	0.63141	0.00872	0.00436	0.01091
71	0.01215	0.00868	0.01157	0.01388	0.01446	0.00810	0.00925	0.01388	0.01909	0.02545	0.05495	0.64315	0.06593	0.03123	0.01272	0.00405	0.00578	0.02834	0.00925	0.00810
72	0.01178	0.01010	0.01010	0.01010	0.01347	0.00842	0.00757	0.01431	0.02272	0.02693	0.10099	0.09594	0.58342	0.02525	0.01178	0.00337	0.00505	0.02104	0.00926	0.00842
73	0.03295	0.01746	0.02159	0.01732	0.02333	0.01697	0.01399	0.16446	0.03299	0.27977	0.21420	0.04479	0.04560	0.01489	0.01058	0.00308	0.00786	0.01240	0.01130	0.01447
74	0.02665	0.65565	0.05224	0.01706	0.02559	0.03945	0.01706	0.02985	0.02026	0.02345	0.01386	0.01599	0.01279	0.00853	0.00640	0.00213	0.01066	0.00533	0.00426	0.01279
75	0.25089	0.01823	0.01869	0.01422	0.02219	0.01628	0.01148	0.02648	0.01945	0.03651	0.01646	0.01920	0.01346	0.00800	0.00698	0.00201	0.00749	0.00574	0.00599	0.48024
76	0.49530	0.02857	0.01913	0.01725	0.02308	0.21568	0.01358	0.03276	0.02068	0.03804	0.01438	0.01678	0.01147	0.00959	0.00710	0.00291	0.01109	0.00573	0.00583	0.01105
77	0.01215	0.00868	0.01157	0.01388	0.01446	0.00810	0.00925	0.01388	0.01909	0.02545	0.05495	0.64315	0.06593	0.03123	0.01272	0.00405	0.00578	0.02834	0.00925	0.00810

[dist]
# distance from previous block
# <min> <max>
0	4

[block]
# block no. 4 follows, 15 sequences, length 33
# corresponding to MSA columns:
# 410-442
name=unknown_E
#
# <colnr> <probs for GDERKNQSTAVLIFYWHMCP>
#	G	D	E	R	K	N	Q	S	T	A	V	L	I	F	Y	W	H	M	C	P
0	0.44519	0.03168	0.19717	0.01892	0.02767	0.07181	0.01960	0.03089	0.01918	0.03893	0.01526	0.01785	0.01154	0.00941	0.00743	0.00306	0.01075	0.00610	0.00547	0.01208
1	0.02181	0.02181	0.03053	0.02617	0.02617	0.03053	0.02181	0.02399	0.01527	0.02399	0.01309	0.02181	0.01309	0.01745	0.03272	0.00436	0.63141	0.00872	0.00436	0.01091
2	0.03460	0.01439	0.01954	0.01654	0.02203	0.01261	0.01297	0.03779	0.02560	0.41748	0.04418	0.22335	0.03750	0.01821	0.01086	0.00338	0.00764	0.01572	0.01138	0.01421
3	0.72007	0.01928	0.01465	0.01311	0.01928	0.02236	0.01080	0.02930	0.01697	0.04473	0.01388	0.01619	0.01080	0.00925	0.00617	0.00308	0.00771	0.00540	0.00617	0.01080
4	0.02117	0.15775	0.50207	0.02642	0.04006	0.02602	0.03336	0.03127	0.02091	0.03014	0.01718	0.02016	0.01266	0.00931	0.00893	0.00298	0.01402	0.00701	0.00422	0.01439
5	0.01480	0.01094	0.01290	0.01234	0.01436	0.01062	0.00864	0.01969	0.06783	0.03198	0.30284	0.07136	0.13540	0.21611	0.02375	0.00522	0.00655	0.01677	0.00915	0.00875
6	0.02328	0.01168	0.01487	0.01380	0.01635	0.01080	0.00956	0.02493	0.02006	0.19973	0.04004	0.20705	0.04043	0.28933	0.02811	0.00615	0.00828	0.01674	0.00884	0.00998
7	0.01213	0.01011	0.01058	0.01046	0.01368	0.00856	0.00785	0.01498	0.02354	0.02888	0.17282	0.09273	0.51037	0.02452	0.01178	0.00333	0.00500	0.02059	0.00951	0.00856
8	0.02067	0.01772	0.02067	0.01477	0.02362	0.01329	0.01181	0.02510	0.02067	0.03248	0.01772	0.02067	0.01477	0.00738	0.00738	0.00148	0.00738	0.00591	0.00591	0.71059
9	0.24097	0.02075	0.02009	0.01806	0.02386	0.02404	0.01423	0.04561	0.39768	0.04264	0.03228	0.03066	0.02433	0.01220	0.00891	0.00329	0.00783	0.00944	0.00891	0.01423
10	0.01286	0.00963	0.01095	0.01145	0.01306	0.00879	0.00768	0.01463	0.01986	0.02540	0.10889	0.21816	0.25559	0.21079	0.02352	0.00537	0.00656	0.02063	0.00845	0.00772
11	0.72007	0.01928	0.01465	0.01311	0.01928	0.02236	0.01080	0.02930	0.01697	0.04473	0.01388	0.01619	0.01080	0.00925	0.00617	0.00308	0.00771	0.00540	0.00617	0.01080
12	0.01450	0.00966	0.01087	0.01087	0.01087	0.00966	0.00604	0.01450	0.01450	0.01933	0.03141	0.06524	0.03624	0.64965	0.05074	0.00966	0.00966	0.01450	0.00604	0.00604
13	0.01205	0.00904	0.01119	0.01290	0.01420	0.00818	0.00882	0.01399	0.02003	0.02583	0.06690	0.50111	0.20026	0.02968	0.01248	0.00387	0.00559	0.02645	0.00925	0.00818
14	0.01424	0.01068	0.01602	0.01602	0.01780	0.01246	0.01246	0.01780	0.01602	0.02314	0.02670	0.03916	0.02492	0.07477	0.61015	0.01602	0.02670	0.01068	0.00534	0.00890
15	0.01457	0.01080	0.01281	0.01225	0.01437	0.01036	0.00868	0.01930	0.06047	0.03270	0.32751	0.07289	0.15105	0.18401	0.02177	0.00488	0.00626	0.01712	0.00937	0.00881
16	0.04473	0.01697	0.02313	0.01774	0.02545	0.01465	0.01465	0.04858	0.02853	0.59437	0.03933	0.03393	0.02468	0.01234	0.01003	0.00308	0.00848	0.01003	0.01234	0.01697
17	0.72007	0.01928	0.01465	0.01311	0.01928	0.02236	0.01080	0.02930	0.01697	0.04473	0.01388	0.01619	0.01080	0.00925	0.00617	0.00308	0.00771	0.00540	0.00617	0.01080
18	0.01663	0.00911	0.01366	0.01366	0.01406	0.00950	0.00950	0.01406	0.01366	0.01861	0.01940	0.03227	0.01900	0.04354	0.16572	0.55595	0.01266	0.00911	0.00455	0.00534
19	0.01185	0.00985	0.01036	0.01076	0.01364	0.00836	0.00787	0.01423	0.02208	0.02667	0.09290	0.19213	0.49246	0.02630	0.01195	0.00349	0.00518	0.02232	0.00926	0.00836
20	0.72007	0.01928	0.01465	0.01311	0.01928	0.02236	0.01080	0.02930	0.01697	0.04473	0.01388	0.01619	0.01080	0.00925	0.00617	0.00308	0.00771	0.00540	0.00617	0.01080
21	0.01514	0.01147	0.01606	0.01588	0.01781	0.01321	0.01212	0.02038	0.06148	0.02431	0.02830	0.04151	0.02646	0.12493	0.50698	0.01437	0.02352	0.01110	0.00580	0.00919
22	0.03410	0.01461	0.01973	0.01593	0.02178	0.01283	0.01283	0.03825	0.02842	0.40193	0.22777	0.04800	0.04876	0.01513	0.01063	0.00310	0.00717	0.01280	0.01186	0.01434
23	0.72007	0.01928	0.01465	0.01311	0.01928	0.02236	0.01080	0.02930	0.01697	0.04473	0.01388	0.01619	0.01080	0.00925	0.00617	0.00308	0.00771	0.00540	0.00617	0.01080
24	0.02252	0.01974	0.02920	0.46898	0.05838	0.02384	0.02511	0.11458	0.07711	0.03314	0.02093	0.02717	0.01553	0.01064	0.00998	0.00327	0.01239	0.00911	0.00588	0.01249
25	0.02829	0.08001	0.08417	0.03800	0.18163	0.02761	0.16876	0.19378	0.03012	0.04098	0.02028	0.02407	0.01549	0.00972	0.01010	0.00303	0.01304	0.00930	0.00642	0.01519
26	0.01424	0.01068	0.01602	0.01602	0.01780	0.01246	0.01246	0.01780	0.01602	0.02314	0.02670	0.03916	0.02492	0.07477	0.61015	0.01602	0.02670	0.01068	0.00534	0.00890
27	0.01259	0.00922	0.01183	0.01309	0.01445	0.00846	0.00909	0.01516	0.02179	0.02924	0.19147	0.43573	0.13550	0.02781	0.01237	0.00374	0.00543	0.02490	0.00968	0.00846
28	0.01899	0.01961	0.03141	0.02513	0.03103	0.05969	0.22072	0.02417	0.02348	0.02921	0.05455	0.06646	0.22499	0.01804	0.01193	0.00353	0.01131	0.10769	0.00731	0.01074
29	0.03170	0.02066	0.10568	0.02128	0.06365	0.01509	0.01793	0.03653	0.02516	0.32975	0.04201	0.11126	0.07029	0.01580	0.01062	0.00332	0.00911	0.04590	0.00986	0.01440
30	0.03057	0.02626	0.02262	0.01955	0.02470	0.20109	0.01517	0.10502	0.07613	0.13225	0.19380	0.04014	0.04139	0.01417	0.01023	0.00295	0.01058	0.01128	0.00919	0.01290
31	0.02700	0.02272	0.03679	0.11663	0.43152	0.02322	0.02781	0.07351	0.02488	0.08815	0.02103	0.02571	0.01646	0.00958	0.00990	0.00302	0.01161	0.00900	0.00599	0.01547
32	0.12001	0.02845	0.19133	0.02373	0.07025	0.02071	0.02166	0.10339	0.05924	0.12049	0.02843	0.11823	0.02417	0.01371	0.00974	0.00325	0.01035	0.01125	0.00765	0.01397

[dist]
# distance from previous block
# <min> <max>
0	1

[block]
# block no. 5 follows, 15 sequences, length 51
# corresponding to MSA columns:
# 444-494
name=unknown_F
#
# <colnr> <probs for GDERKNQSTAVLIFYWHMCP>
#	G	D	E	R	K	N	Q	S	T	A	V	L	I	F	Y	W	H	M	C	P
0	0.03242	0.02733	0.17748	0.02364	0.06163	0.01927	0.02194	0.07057	0.08717	0.28179	0.03263	0.03516	0.02341	0.01254	0.01014	0.00323	0.01046	0.04440	0.00916	0.01564
1	0.03979	0.01941	0.02628	0.02460	0.10527	0.01840	0.01744	0.10156	0.06689	0.41919	0.03483	0.03176	0.02298	0.01189	0.01001	0.00308	0.00919	0.00984	0.01089	0.01672
2	0.02578	0.02404	0.03958	0.05799	0.54093	0.02429	0.02962	0.07438	0.02472	0.03510	0.01918	0.02461	0.01589	0.00914	0.00988	0.00296	0.01177	0.00889	0.00536	0.01589
3	0.02067	0.01772	0.02067	0.01477	0.02362	0.01329	0.01181	0.02510	0.02067	0.03248	0.01772	0.02067	0.01477	0.00738	0.00738	0.00148	0.00738	0.00591	0.00591	0.71059
4	0.02186	0.01872	0.02053	0.06268	0.02621	0.02126	0.01479	0.04283	0.41324	0.03672	0.04540	0.04604	0.09668	0.07156	0.01396	0.00394	0.00810	0.01257	0.00925	0.01367
5	0.02473	0.23082	0.32221	0.02530	0.03651	0.11520	0.05461	0.03230	0.02201	0.02809	0.01643	0.01937	0.01284	0.00925	0.00860	0.00277	0.01410	0.00684	0.00441	0.01361
6	0.21345	0.02195	0.03249	0.09857	0.38641	0.02319	0.02495	0.02979	0.02089	0.03524	0.01733	0.02254	0.01421	0.00908	0.00887	0.00303	0.01085	0.00793	0.00523	0.01401
7	0.01999	0.05157	0.59800	0.02841	0.04315	0.02315	0.03683	0.03157	0.02105	0.03157	0.01789	0.02105	0.01263	0.00947	0.00947	0.00316	0.01473	0.00737	0.00421	0.01473
8	0.01196	0.01014	0.01053	0.01053	0.01378	0.00871	0.00793	0.01456	0.02223	0.02665	0.09553	0.09177	0.54240	0.02888	0.05573	0.00430	0.00664	0.02028	0.00897	0.00845
9	0.01178	0.01010	0.01010	0.01010	0.01347	0.00842	0.00757	0.01431	0.02272	0.02693	0.10099	0.09594	0.58342	0.02525	0.01178	0.00337	0.00505	0.02104	0.00926	0.00842
10	0.01178	0.01010	0.01010	0.01010	0.01347	0.00842	0.00757	0.01431	0.02272	0.02693	0.10099	0.09594	0.58342	0.02525	0.01178	0.00337	0.00505	0.02104	0.00926	0.00842
11	0.02665	0.65565	0.05224	0.01706	0.02559	0.03945	0.01706	0.02985	0.02026	0.02345	0.01386	0.01599	0.01279	0.00853	0.00640	0.00213	0.01066	0.00533	0.00426	0.01279
12	0.01411	0.01019	0.01333	0.01254	0.01489	0.00941	0.00941	0.01881	0.02822	0.03998	0.58221	0.07447	0.09406	0.02038	0.01176	0.00314	0.00470	0.01803	0.01097	0.00941
13	0.02067	0.01772	0.02067	0.01477	0.02362	0.01329	0.01181	0.02510	0.02067	0.03248	0.01772	0.02067	0.01477	0.00738	0.00738	0.00148	0.00738	0.00591	0.00591	0.71059
14	0.01944	0.01246	0.01733	0.02007	0.07476	0.01196	0.01335	0.02372	0.05207	0.11278	0.04793	0.39447	0.05176	0.02475	0.01201	0.00382	0.00731	0.07994	0.00933	0.01075
15	0.04473	0.01697	0.02313	0.01774	0.02545	0.01465	0.01465	0.04858	0.02853	0.59437	0.03933	0.03393	0.02468	0.01234	0.01003	0.00308	0.00848	0.01003	0.01234	0.01697
16	0.01418	0.00955	0.01269	0.01380	0.01479	0.00925	0.00948	0.01642	0.04660	0.02687	0.13058	0.39312	0.05843	0.02933	0.01797	0.15250	0.00632	0.02170	0.00854	0.00789
17	0.17237	0.06031	0.03155	0.21026	0.23508	0.07288	0.02378	0.02955	0.02099	0.03187	0.01684	0.02235	0.01357	0.00937	0.00883	0.00301	0.01183	0.00772	0.00503	0.01282
18	0.01491	0.01242	0.01296	0.01428	0.01572	0.06208	0.00990	0.01719	0.02104	0.02737	0.09756	0.46374	0.09916	0.02685	0.01190	0.00369	0.00666	0.02386	0.05011	0.00861
19	0.02915	0.01519	0.01968	0.01779	0.02256	0.01458	0.01447	0.10133	0.02748	0.24979	0.04422	0.18224	0.04123	0.02040	0.01161	0.00368	0.00844	0.15266	0.01051	0.01298
20	0.11081	0.01117	0.01411	0.01372	0.01550	0.01136	0.01000	0.01911	0.01685	0.06628	0.05800	0.04418	0.02806	0.08950	0.02922	0.37289	0.00844	0.06740	0.00628	0.00713
21	0.02507	0.03218	0.19931	0.03719	0.09142	0.02333	0.30763	0.03361	0.02335	0.09555	0.02160	0.02592	0.01559	0.00918	0.01079	0.00324	0.01489	0.01014	0.00563	0.01439
22	0.53623	0.01865	0.01696	0.01437	0.02096	0.02026	0.01185	0.03455	0.02011	0.19435	0.02081	0.02102	0.01457	0.01009	0.00722	0.00308	0.00792	0.00666	0.00785	0.01248
23	0.22038	0.01562	0.01750	0.01462	0.01982	0.01540	0.01127	0.03410	0.02158	0.28897	0.03026	0.03758	0.02403	0.18415	0.02001	0.00487	0.00859	0.00998	0.00895	0.01233
24	0.47294	0.01770	0.01669	0.01444	0.02053	0.01899	0.01171	0.03317	0.02030	0.19263	0.02448	0.07707	0.01950	0.01206	0.00780	0.00317	0.00775	0.00871	0.00812	0.01223
25	0.01732	0.00866	0.01299	0.01299	0.01299	0.00866	0.00866	0.01299	0.01299	0.01732	0.01732	0.03030	0.01732	0.03463	0.03896	0.70996	0.00866	0.00866	0.00433	0.00433
26	0.02067	0.01772	0.02067	0.01477	0.02362	0.01329	0.01181	0.02510	0.02067	0.03248	0.01772	0.02067	0.01477	0.00738	0.00738	0.00148	0.00738	0.00591	0.00591	0.71059
27	0.01269	0.00917	0.01175	0.01307	0.01420	0.00850	0.00891	0.01496	0.02090	0.02807	0.16389	0.43973	0.11272	0.07395	0.01524	0.00422	0.00579	0.02462	0.00937	0.00824
28	0.02621	0.01629	0.02520	0.24535	0.10268	0.01708	0.02013	0.03089	0.02276	0.20419	0.03228	0.15596	0.02800	0.01498	0.01054	0.00336	0.01007	0.01325	0.00796	0.01284
29	0.03807	0.01549	0.02100	0.01661	0.02315	0.01351	0.01351	0.04211	0.02846	0.47384	0.15736	0.04274	0.03976	0.01409	0.01040	0.00310	0.00766	0.01177	0.01204	0.01532
30	0.12610	0.01150	0.01245	0.01186	0.01442	0.01137	0.00855	0.01876	0.02235	0.03384	0.28717	0.06641	0.14413	0.16684	0.02001	0.00469	0.00640	0.01567	0.00878	0.00868
31	0.02666	0.01823	0.02679	0.16204	0.03619	0.05218	0.09126	0.03095	0.02272	0.19296	0.03175	0.13069	0.02784	0.08625	0.01523	0.00405	0.01105	0.01320	0.00783	0.01213
32	0.02345	0.10179	0.45841	0.02652	0.03962	0.02585	0.03221	0.11495	0.02510	0.03584	0.01850	0.02106	0.01333	0.00979	0.00928	0.00304	0.01377	0.00744	0.00514	0.01491
33	0.01378	0.00891	0.01164	0.01321	0.01410	0.00864	0.00906	0.01556	0.01862	0.02644	0.04606	0.45000	0.05231	0.03139	0.05521	0.06771	0.00730	0.02232	0.11974	0.00801
34	0.02170	0.02112	0.03802	0.15090	0.29203	0.02144	0.13433	0.02807	0.02326	0.03235	0.10891	0.03343	0.02771	0.01082	0.01058	0.00314	0.01199	0.01094	0.00583	0.01344
35	0.03065	0.02901	0.02612	0.05655	0.10263	0.24128	0.01859	0.06057	0.07495	0.11113	0.02838	0.12351	0.02521	0.01409	0.01005	0.00306	0.01238	0.01144	0.00745	0.01295
36	0.55415	0.07212	0.01915	0.01418	0.02079	0.02256	0.01194	0.03243	0.01909	0.13079	0.01795	0.01901	0.01318	0.00969	0.00680	0.00300	0.00808	0.00613	0.00700	0.01195
37	0.02648	0.02581	0.05852	0.02282	0.05703	0.07580	0.01784	0.10313	0.31162	0.04006	0.03026	0.02969	0.02297	0.01159	0.00953	0.00292	0.00968	0.00936	0.00838	0.12652
38	0.01626	0.01175	0.01450	0.01533	0.01709	0.01174	0.01080	0.10024	0.02353	0.03142	0.04999	0.54418	0.05811	0.02815	0.01228	0.00388	0.00661	0.02525	0.00937	0.00951
39	0.01958	0.01616	0.01837	0.01727	0.02161	0.01682	0.01313	0.03409	0.27226	0.03434	0.04225	0.22902	0.04087	0.01904	0.01076	0.00337	0.00724	0.05073	0.00912	0.12397
40	0.02875	0.03364	0.29932	0.12001	0.04082	0.01992	0.02735	0.03675	0.02358	0.23411	0.02562	0.02659	0.01709	0.01059	0.00975	0.00316	0.01224	0.00857	0.00718	0.01496
41	0.02402	0.12055	0.03326	0.12705	0.19886	0.02270	0.02115	0.03046	0.05462	0.05997	0.01993	0.02376	0.01599	0.00905	0.00868	0.00252	0.01026	0.00771	0.00571	0.20376
42	0.02467	0.21081	0.23630	0.11825	0.03852	0.02579	0.02505	0.03157	0.02149	0.09458	0.01923	0.02198	0.01438	0.00945	0.00857	0.00274	0.01200	0.00722	0.00536	0.07204
43	0.02963	0.12483	0.15982	0.11926	0.03851	0.02794	0.02377	0.23957	0.03155	0.08050	0.02114	0.02321	0.01531	0.01060	0.00933	0.00296	0.01196	0.00812	0.00711	0.01490
44	0.02857	0.04068	0.18436	0.03118	0.12141	0.26386	0.02528	0.03821	0.11191	0.03041	0.02064	0.02294	0.01606	0.01035	0.00944	0.00292	0.01451	0.00784	0.00565	0.01377
45	0.01184	0.00987	0.01033	0.01070	0.01362	0.00836	0.00784	0.01424	0.02214	0.02669	0.09363	0.18340	0.50071	0.02620	0.01193	0.00348	0.00517	0.02221	0.00926	0.00836
46	0.02414	0.02082	0.02224	0.01940	0.02556	0.02296	0.01515	0.04852	0.48175	0.04023	0.03692	0.03455	0.02793	0.01254	0.00970	0.00308	0.00781	0.01041	0.00947	0.12683
47	0.01791	0.01302	0.01598	0.01420	0.01745	0.01284	0.01093	0.10438	0.03120	0.04363	0.49298	0.06639	0.08174	0.01904	0.01147	0.00311	0.00570	0.01658	0.01081	0.01061
48	0.03899	0.02617	0.02883	0.02211	0.03004	0.02832	0.01826	0.47341	0.04394	0.14778	0.02639	0.02553	0.01819	0.01203	0.00998	0.00301	0.01057	0.00914	0.01035	0.01696
49	0.02038	0.01772	0.02215	0.11241	0.03082	0.01470	0.01435	0.02516	0.02055	0.03136	0.01772	0.02162	0.01453	0.00780	0.00780	0.00177	0.00833	0.00638	0.00567	0.59879
50	0.13090	0.01797	0.02746	0.52779	0.06077	0.02218	0.02499	0.02608	0.01946	0.02855	0.01711	0.02492	0.01289	0.00985	0.00936	0.00328	0.01240	0.00831	0.00471	0.01103

[dist]
# distance from previous block
# <min> <max>
0	30

# created by:
# /st0/software/busco_prod/Augustus/scripts/msa2prfl.pl ./align_prep/7853.fa
