[name]
unknown

[dist]
# distance from previous block
# <min> <max>
13	598

[block]
# block no. 0 follows, 13 sequences, length 70
# corresponding to MSA columns:
# 628-697
name=unknown_A
#
# <colnr> <probs for GDERKNQSTAVLIFYWHMCP>
#	G	D	E	R	K	N	Q	S	T	A	V	L	I	F	Y	W	H	M	C	P
0	0.08387	0.02186	0.02630	0.18751	0.03904	0.06052	0.02001	0.08552	0.02527	0.08777	0.03152	0.03501	0.08305	0.01404	0.01388	0.00342	0.10211	0.01040	0.00714	0.06176
1	0.39230	0.08244	0.02528	0.02240	0.08948	0.02588	0.01610	0.07147	0.02264	0.04328	0.06212	0.02459	0.02051	0.01151	0.00979	0.00324	0.04953	0.00787	0.00682	0.01275
2	0.08934	0.02006	0.06628	0.02103	0.06060	0.05040	0.01609	0.02614	0.02351	0.07431	0.15484	0.12000	0.04773	0.09424	0.01799	0.00443	0.04658	0.04677	0.00837	0.01131
3	0.07502	0.18672	0.03468	0.11784	0.03560	0.03116	0.01955	0.14146	0.17767	0.04109	0.02579	0.02710	0.01983	0.01164	0.00934	0.00311	0.01078	0.00891	0.00775	0.01495
4	0.02067	0.01862	0.06096	0.02002	0.02560	0.01560	0.06532	0.02557	0.02409	0.07475	0.16379	0.15689	0.04813	0.01788	0.01323	0.00326	0.05933	0.01553	0.00849	0.16229
5	0.02666	0.15025	0.20648	0.02530	0.03445	0.02794	0.05854	0.07278	0.02448	0.08634	0.02694	0.02949	0.05672	0.01299	0.01402	0.00336	0.11306	0.00947	0.00633	0.01438
6	0.09229	0.30292	0.29316	0.02329	0.03516	0.03197	0.02721	0.03245	0.02153	0.03114	0.01670	0.01948	0.01328	0.00959	0.00828	0.00287	0.01301	0.00667	0.00470	0.01432
7	0.01409	0.00994	0.01290	0.01438	0.01535	0.00947	0.00993	0.01638	0.02126	0.02866	0.13153	0.38355	0.06784	0.14178	0.02095	0.00531	0.00708	0.07162	0.00946	0.00851
8	0.01378	0.00945	0.01282	0.01502	0.01573	0.00895	0.01036	0.01523	0.01994	0.02652	0.05410	0.52073	0.06403	0.03316	0.01636	0.07298	0.00674	0.06654	0.00929	0.00829
9	0.02485	0.07986	0.02882	0.09243	0.03096	0.02172	0.05828	0.09395	0.02430	0.07612	0.02794	0.08694	0.02656	0.16571	0.02294	0.00501	0.05652	0.01241	0.00718	0.05750
10	0.02934	0.02676	0.10534	0.13425	0.03922	0.02396	0.02236	0.18895	0.07410	0.09658	0.02847	0.07725	0.02272	0.01338	0.01053	0.00327	0.01136	0.01100	0.00841	0.07274
11	0.01324	0.00935	0.01216	0.01427	0.01479	0.00883	0.00933	0.01482	0.01955	0.02606	0.05471	0.54260	0.06543	0.11818	0.01926	0.00515	0.00672	0.02796	0.00933	0.00828
12	0.01655	0.01127	0.01347	0.01279	0.01609	0.00992	0.00963	0.02029	0.02688	0.08029	0.29285	0.12193	0.28131	0.02382	0.01240	0.00349	0.00556	0.02047	0.01088	0.01013
13	0.16044	0.02471	0.07316	0.12137	0.07167	0.02548	0.02172	0.07736	0.12502	0.08388	0.02465	0.02738	0.01854	0.01240	0.01276	0.00353	0.08501	0.00914	0.00743	0.01434
14	0.02475	0.02667	0.13185	0.07131	0.03592	0.01900	0.06167	0.03329	0.06262	0.08773	0.02317	0.02581	0.01744	0.00959	0.00937	0.00256	0.01083	0.00820	0.00673	0.33149
15	0.04180	0.01746	0.02320	0.01833	0.02564	0.01567	0.01494	0.04796	0.06919	0.46445	0.10571	0.04158	0.03576	0.01424	0.01087	0.00330	0.00845	0.01179	0.01273	0.01690
16	0.03698	0.02410	0.03509	0.07943	0.10315	0.02442	0.09290	0.19409	0.03408	0.22268	0.02903	0.02971	0.01996	0.01170	0.01085	0.00329	0.01196	0.01029	0.00951	0.01677
17	0.02505	0.03121	0.18687	0.07469	0.18542	0.02323	0.09596	0.03254	0.02329	0.08584	0.02475	0.07610	0.02075	0.01256	0.01253	0.00349	0.05350	0.01122	0.00613	0.01488
18	0.01882	0.01446	0.01599	0.01676	0.01873	0.06768	0.01202	0.02132	0.02139	0.07099	0.04674	0.39732	0.05202	0.03850	0.12746	0.00659	0.01210	0.02240	0.00882	0.00990
19	0.04744	0.01799	0.02454	0.01881	0.02699	0.01554	0.01554	0.05153	0.03026	0.56979	0.04171	0.03599	0.02617	0.01309	0.01063	0.00327	0.00900	0.01063	0.01309	0.01799
20	0.01815	0.01683	0.02662	0.45930	0.05862	0.01996	0.02419	0.02414	0.02186	0.02739	0.04022	0.04604	0.14611	0.01450	0.01104	0.00353	0.01197	0.01253	0.00594	0.01106
21	0.02474	0.01896	0.02231	0.01634	0.02540	0.01500	0.01309	0.03094	0.05518	0.08846	0.02259	0.02442	0.01774	0.00876	0.00829	0.00186	0.00798	0.00705	0.00722	0.58367
22	0.02192	0.01879	0.02192	0.01566	0.02506	0.01409	0.01253	0.02662	0.02192	0.03445	0.01879	0.02192	0.01566	0.00783	0.00783	0.00157	0.00783	0.00626	0.00626	0.69305
23	0.01850	0.01593	0.01645	0.01541	0.02003	0.01649	0.01182	0.03302	0.25011	0.03538	0.07922	0.07464	0.32928	0.02137	0.01174	0.00358	0.00667	0.01781	0.01023	0.01232
24	0.04019	0.02962	0.03173	0.02433	0.03279	0.03279	0.02010	0.52721	0.04971	0.06663	0.02538	0.02538	0.01798	0.01269	0.01058	0.00317	0.01163	0.00952	0.01058	0.01798
25	0.30989	0.02503	0.02590	0.11757	0.11383	0.09357	0.01951	0.06772	0.02410	0.08457	0.01934	0.02265	0.01462	0.01048	0.00876	0.00322	0.01143	0.00767	0.00674	0.01339
26	0.01532	0.01047	0.01262	0.01262	0.01300	0.01084	0.00777	0.01608	0.01570	0.02131	0.03232	0.06366	0.03604	0.51863	0.16032	0.01160	0.01386	0.01457	0.00626	0.00701
27	0.02115	0.02009	0.02922	0.16475	0.03723	0.02605	0.02239	0.02502	0.01798	0.02645	0.01748	0.02680	0.01581	0.02409	0.10282	0.00581	0.33430	0.00932	0.00492	0.06830
28	0.01496	0.01081	0.01413	0.01330	0.01580	0.00998	0.00998	0.01995	0.02993	0.04240	0.55689	0.07898	0.09976	0.02162	0.01247	0.00333	0.00499	0.01912	0.01164	0.00998
29	0.70310	0.02045	0.01554	0.01390	0.02045	0.02372	0.01145	0.03108	0.01799	0.04744	0.01472	0.01718	0.01145	0.00981	0.00654	0.00327	0.00818	0.00573	0.00654	0.01145
30	0.04700	0.01870	0.02497	0.01915	0.02734	0.01658	0.01582	0.08034	0.03144	0.53931	0.04072	0.03535	0.02568	0.01306	0.01063	0.00327	0.00916	0.01057	0.01293	0.01799
31	0.02868	0.01371	0.01782	0.01509	0.02004	0.01220	0.01191	0.03310	0.02892	0.26062	0.26048	0.05963	0.10129	0.01771	0.01128	0.00325	0.00668	0.01507	0.06931	0.01322
32	0.25329	0.01777	0.01984	0.01613	0.02308	0.01745	0.01322	0.04166	0.02534	0.33726	0.03220	0.03041	0.02159	0.01195	0.00893	0.00317	0.00823	0.00897	0.09460	0.01490
33	0.01323	0.00947	0.01258	0.01448	0.01541	0.00882	0.00984	0.01560	0.02186	0.02957	0.14159	0.53086	0.07492	0.03120	0.01332	0.00413	0.00594	0.02823	0.01012	0.00882
34	0.57195	0.02055	0.01723	0.01520	0.02179	0.02345	0.01240	0.03567	0.08404	0.08465	0.02018	0.02129	0.01509	0.01061	0.00736	0.00331	0.00826	0.00685	0.00754	0.01258
35	0.20410	0.02455	0.02369	0.01939	0.02641	0.09161	0.01566	0.14639	0.03141	0.21951	0.07142	0.03053	0.02535	0.01263	0.00963	0.00319	0.01028	0.00941	0.00985	0.01499
36	0.03768	0.02827	0.03173	0.09610	0.03775	0.03164	0.02125	0.46517	0.04617	0.06172	0.02457	0.02573	0.01750	0.01243	0.01058	0.00322	0.01194	0.00950	0.00985	0.01721
37	0.70310	0.02045	0.01554	0.01390	0.02045	0.02372	0.01145	0.03108	0.01799	0.04744	0.01472	0.01718	0.01145	0.00981	0.00654	0.00327	0.00818	0.00573	0.00654	0.01145
38	0.03935	0.02876	0.02855	0.12040	0.03731	0.16753	0.02002	0.13775	0.03244	0.23987	0.02812	0.02824	0.01930	0.01202	0.01033	0.00315	0.01297	0.00922	0.00921	0.01546
39	0.01960	0.01187	0.01485	0.01365	0.01724	0.01054	0.01039	0.02362	0.02781	0.12576	0.31987	0.11488	0.20458	0.02232	0.01224	0.00345	0.00583	0.01928	0.01128	0.01095
40	0.01516	0.01111	0.01590	0.01590	0.01741	0.01262	0.01185	0.01818	0.01667	0.02374	0.02932	0.04707	0.02883	0.18912	0.47998	0.01564	0.02471	0.01214	0.00581	0.00883
41	0.01730	0.01083	0.01436	0.01447	0.01671	0.00993	0.01046	0.02083	0.02576	0.08832	0.28920	0.31004	0.07948	0.02576	0.01273	0.00374	0.00589	0.02302	0.01099	0.01017
42	0.70310	0.02045	0.01554	0.01390	0.02045	0.02372	0.01145	0.03108	0.01799	0.04744	0.01472	0.01718	0.01145	0.00981	0.00654	0.00327	0.00818	0.00573	0.00654	0.01145
43	0.01500	0.01076	0.01392	0.01316	0.01545	0.01000	0.00968	0.01958	0.02873	0.04060	0.51386	0.07817	0.09472	0.07148	0.01587	0.00389	0.00542	0.01881	0.01121	0.00968
44	0.03950	0.05039	0.02996	0.02724	0.03269	0.58597	0.02043	0.04222	0.02996	0.02588	0.01634	0.01907	0.01362	0.01090	0.00953	0.00272	0.01907	0.00681	0.00545	0.01226
45	0.01410	0.01057	0.01317	0.01359	0.01593	0.00963	0.01017	0.01782	0.02581	0.03453	0.28641	0.20769	0.20256	0.02617	0.01291	0.00375	0.00580	0.06941	0.01060	0.00939
46	0.02121	0.05469	0.57364	0.03014	0.04576	0.02455	0.03906	0.03348	0.02232	0.03348	0.01897	0.02232	0.01339	0.01005	0.01005	0.00335	0.01563	0.00781	0.00446	0.01563
47	0.01491	0.01029	0.01183	0.01190	0.01255	0.00999	0.00722	0.01588	0.01825	0.02433	0.10618	0.11013	0.09218	0.46234	0.04249	0.00843	0.00891	0.01741	0.00757	0.00721
48	0.02568	0.02312	0.09075	0.01793	0.02792	0.01561	0.01627	0.03123	0.02323	0.11499	0.02227	0.02409	0.01696	0.00890	0.00853	0.00204	0.00897	0.00711	0.00707	0.50732
49	0.38528	0.02380	0.02548	0.06456	0.09510	0.07092	0.04387	0.03338	0.02122	0.08348	0.01829	0.02171	0.01407	0.01067	0.00995	0.00333	0.04797	0.00750	0.00652	0.01289
50	0.02498	0.01370	0.01709	0.01584	0.01974	0.01320	0.01197	0.03214	0.09509	0.17609	0.14091	0.21753	0.05359	0.02064	0.01143	0.00353	0.00682	0.01801	0.09515	0.01256
51	0.02693	0.01864	0.02244	0.01628	0.02544	0.01438	0.01312	0.03151	0.02356	0.13940	0.02329	0.02468	0.01772	0.00886	0.00838	0.00190	0.00806	0.00712	0.00760	0.56072
52	0.01288	0.00920	0.01227	0.01472	0.01534	0.00859	0.00981	0.01472	0.02024	0.02699	0.05828	0.62152	0.06993	0.03312	0.01350	0.00429	0.00613	0.03006	0.00981	0.00859
53	0.03533	0.04158	0.03216	0.02774	0.03323	0.39932	0.06224	0.08692	0.02949	0.03048	0.01828	0.02236	0.01516	0.01622	0.05147	0.00397	0.06733	0.00806	0.00590	0.01275
54	0.03462	0.03069	0.02762	0.09527	0.03378	0.23728	0.01973	0.03832	0.02598	0.15903	0.02388	0.02666	0.01788	0.01278	0.01399	0.00325	0.11416	0.00872	0.06308	0.01327
55	0.04019	0.02962	0.03173	0.02433	0.03279	0.03279	0.02010	0.52721	0.04971	0.06663	0.02538	0.02538	0.01798	0.01269	0.01058	0.00317	0.01163	0.00952	0.01058	0.01798
56	0.01382	0.01076	0.01255	0.01210	0.01509	0.00949	0.00908	0.01774	0.02723	0.03599	0.34844	0.08953	0.31221	0.02401	0.01248	0.00344	0.00516	0.02060	0.01080	0.00949
57	0.02313	0.02313	0.03238	0.02776	0.02776	0.03238	0.02313	0.02545	0.01619	0.02545	0.01388	0.02313	0.01388	0.01851	0.03470	0.00463	0.60907	0.00925	0.00463	0.01157
58	0.09465	0.01817	0.02389	0.01846	0.02652	0.01613	0.01525	0.05006	0.02938	0.53218	0.03977	0.03463	0.02511	0.01285	0.01034	0.00327	0.00894	0.01028	0.01262	0.01752
59	0.02121	0.05469	0.57364	0.03014	0.04576	0.02455	0.03906	0.03348	0.02232	0.03348	0.01897	0.02232	0.01339	0.01005	0.01005	0.00335	0.01563	0.00781	0.00446	0.01563
60	0.02496	0.02852	0.06239	0.04456	0.05526	0.02674	0.52406	0.03387	0.02496	0.03387	0.02139	0.02852	0.01604	0.00891	0.01248	0.00357	0.01783	0.01248	0.00535	0.01426
61	0.01665	0.01021	0.01142	0.01142	0.01230	0.01035	0.00719	0.01840	0.01752	0.02645	0.03331	0.05830	0.03418	0.40465	0.07829	0.00841	0.00996	0.01343	0.20991	0.00766
62	0.02410	0.01229	0.01666	0.01658	0.01976	0.01119	0.01248	0.02701	0.02385	0.19571	0.05286	0.37784	0.05525	0.02643	0.01275	0.00405	0.00747	0.08125	0.01082	0.01164
63	0.01367	0.01003	0.01282	0.01366	0.01539	0.00918	0.00966	0.01687	0.02459	0.03335	0.26369	0.34013	0.14242	0.02774	0.01296	0.00382	0.00558	0.02472	0.01054	0.00918
64	0.02394	0.01396	0.01777	0.01561	0.01986	0.01330	0.01211	0.03181	0.09369	0.16558	0.37304	0.06405	0.07424	0.01873	0.01183	0.00335	0.00634	0.01625	0.01187	0.01268
65	0.03532	0.04308	0.02747	0.02502	0.03039	0.45712	0.01885	0.04192	0.10282	0.02873	0.02785	0.02898	0.06241	0.01273	0.00996	0.00292	0.01638	0.00886	0.00658	0.01262
66	0.03872	0.01544	0.01992	0.01600	0.02238	0.01375	0.01298	0.04307	0.02772	0.40307	0.03944	0.03707	0.02646	0.01284	0.00961	0.00302	0.00772	0.01039	0.22496	0.01544
67	0.01710	0.01094	0.01444	0.01584	0.01774	0.01032	0.01188	0.01986	0.02207	0.07323	0.05750	0.35371	0.09407	0.07886	0.01681	0.00481	0.00765	0.15386	0.00979	0.00953
68	0.02725	0.01930	0.02970	0.10672	0.03443	0.02195	0.06956	0.03164	0.02327	0.16507	0.09265	0.07484	0.03163	0.01643	0.01882	0.00384	0.19923	0.01257	0.00805	0.01307
69	0.11744	0.02086	0.02357	0.01966	0.02460	0.05608	0.01603	0.06656	0.02522	0.22318	0.02803	0.02951	0.02033	0.01367	0.01518	0.00341	0.15037	0.00926	0.12311	0.01394

[dist]
# distance from previous block
# <min> <max>
0	49

[block]
# block no. 1 follows, 13 sequences, length 14
# corresponding to MSA columns:
# 747-760
name=unknown_B
#
# <colnr> <probs for GDERKNQSTAVLIFYWHMCP>
#	G	D	E	R	K	N	Q	S	T	A	V	L	I	F	Y	W	H	M	C	P
0	0.53329	0.02871	0.11237	0.01775	0.02576	0.06869	0.01690	0.03238	0.01969	0.04333	0.01558	0.01821	0.01196	0.00994	0.00738	0.00324	0.01032	0.00617	0.00610	0.01223
1	0.02206	0.04962	0.48265	0.03610	0.13434	0.02465	0.03793	0.03331	0.02262	0.03367	0.01913	0.02298	0.01397	0.00994	0.01012	0.00331	0.01510	0.00809	0.00460	0.01582
2	0.02357	0.02927	0.15777	0.23704	0.04876	0.02523	0.02686	0.06718	0.19966	0.03665	0.02741	0.03044	0.02030	0.01184	0.01051	0.00348	0.01238	0.00989	0.00703	0.01471
3	0.11024	0.02591	0.07592	0.12195	0.12854	0.02489	0.02341	0.17141	0.03103	0.14799	0.02482	0.02684	0.01761	0.01132	0.01006	0.00327	0.01161	0.00912	0.00824	0.01583
4	0.01317	0.01018	0.01211	0.01349	0.01559	0.00913	0.00983	0.01570	0.02237	0.02818	0.07930	0.34033	0.28163	0.02993	0.01318	0.00404	0.00619	0.07698	0.00981	0.00886
5	0.02134	0.02650	0.14860	0.18976	0.04361	0.02146	0.05392	0.06346	0.08549	0.03731	0.15735	0.04077	0.03791	0.01370	0.01107	0.00342	0.01155	0.01197	0.00751	0.01330
6	0.03363	0.02143	0.06031	0.09629	0.12665	0.01917	0.06399	0.03931	0.02619	0.27761	0.03265	0.03784	0.02394	0.01623	0.04151	0.00414	0.01236	0.04207	0.00905	0.01563
7	0.01266	0.01009	0.01135	0.01237	0.01472	0.00879	0.00877	0.01499	0.02251	0.02791	0.08694	0.31642	0.35653	0.02940	0.01291	0.00387	0.00568	0.02551	0.00982	0.00879
8	0.04229	0.01793	0.02359	0.01866	0.02611	0.01630	0.01521	0.04941	0.08895	0.46533	0.08515	0.04000	0.03305	0.01395	0.01080	0.00331	0.00859	0.01150	0.01270	0.01718
9	0.01735	0.01374	0.01597	0.01490	0.01844	0.01385	0.01132	0.02812	0.15632	0.04048	0.35229	0.07308	0.16161	0.02070	0.01205	0.00343	0.00589	0.01789	0.01111	0.01147
10	0.03428	0.02910	0.02825	0.02348	0.03056	0.09337	0.01872	0.27409	0.25456	0.05257	0.03175	0.03056	0.02348	0.01318	0.01053	0.00329	0.01111	0.01023	0.01007	0.01680
11	0.04117	0.02181	0.06983	0.02125	0.02862	0.01915	0.01872	0.04561	0.02721	0.43355	0.03512	0.03269	0.02304	0.01377	0.01471	0.00351	0.11240	0.01017	0.01095	0.01670
12	0.04744	0.01799	0.02454	0.01881	0.02699	0.01554	0.01554	0.05153	0.03026	0.56979	0.04171	0.03599	0.02617	0.01309	0.01063	0.00327	0.00900	0.01063	0.01309	0.01799
13	0.02418	0.01872	0.02216	0.01594	0.02523	0.01422	0.01279	0.02882	0.02266	0.08175	0.02082	0.02317	0.01659	0.00829	0.00808	0.00172	0.00793	0.00665	0.00687	0.63342

[dist]
# distance from previous block
# <min> <max>
0	49

[block]
# block no. 2 follows, 13 sequences, length 7
# corresponding to MSA columns:
# 810-816
name=unknown_C
#
# <colnr> <probs for GDERKNQSTAVLIFYWHMCP>
#	G	D	E	R	K	N	Q	S	T	A	V	L	I	F	Y	W	H	M	C	P
0	0.01387	0.01018	0.01317	0.01479	0.01642	0.00948	0.01087	0.01683	0.02295	0.03033	0.13887	0.37950	0.14077	0.02983	0.01340	0.00415	0.00649	0.10898	0.01007	0.00904
1	0.02239	0.09391	0.14810	0.23214	0.10118	0.02491	0.09708	0.03008	0.02234	0.03105	0.02046	0.02677	0.01575	0.01013	0.00998	0.00321	0.01354	0.00915	0.07444	0.01338
2	0.01482	0.01066	0.01264	0.01243	0.01466	0.01022	0.00896	0.01796	0.02254	0.03092	0.18518	0.07380	0.20407	0.14904	0.11133	0.00683	0.00982	0.01715	0.07809	0.00888
3	0.01779	0.01384	0.01667	0.06381	0.02239	0.01374	0.01235	0.08874	0.02866	0.03776	0.21975	0.15034	0.22840	0.02275	0.01220	0.00354	0.00696	0.01955	0.01005	0.01070
4	0.01553	0.01155	0.01350	0.01354	0.01523	0.01165	0.00920	0.01997	0.07012	0.02736	0.09386	0.14663	0.13483	0.27270	0.09120	0.00778	0.01017	0.01815	0.00825	0.00877
5	0.29093	0.02163	0.02743	0.02772	0.13631	0.02130	0.06300	0.03023	0.02110	0.03952	0.01765	0.02153	0.01426	0.00904	0.00829	0.00274	0.00985	0.00727	0.00608	0.22411
6	0.28847	0.17952	0.11836	0.05601	0.07841	0.02802	0.02066	0.03267	0.02098	0.06703	0.01763	0.02045	0.01376	0.00985	0.00798	0.00303	0.01093	0.00686	0.00586	0.01351

[dist]
# distance from previous block
# <min> <max>
1	14

[block]
# block no. 3 follows, 13 sequences, length 18
# corresponding to MSA columns:
# 831-848
name=unknown_D
#
# <colnr> <probs for GDERKNQSTAVLIFYWHMCP>
#	G	D	E	R	K	N	Q	S	T	A	V	L	I	F	Y	W	H	M	C	P
0	0.02692	0.01962	0.02215	0.09733	0.03017	0.06603	0.01517	0.03171	0.02461	0.12841	0.06270	0.03157	0.02469	0.01103	0.00912	0.00250	0.00929	0.00894	0.10667	0.27138
1	0.01840	0.01572	0.02441	0.07735	0.14564	0.01738	0.01937	0.02257	0.02019	0.02821	0.03314	0.16566	0.03437	0.03825	0.18801	0.00789	0.06912	0.05638	0.00663	0.01131
2	0.02389	0.01789	0.02342	0.15356	0.03451	0.01841	0.01702	0.10627	0.02537	0.07071	0.02741	0.08253	0.02471	0.09116	0.07790	0.00531	0.01235	0.01140	0.00731	0.16887
3	0.01288	0.00920	0.01227	0.01472	0.01534	0.00859	0.00981	0.01472	0.02024	0.02699	0.05828	0.62152	0.06993	0.03312	0.01350	0.00429	0.00613	0.03006	0.00981	0.00859
4	0.08723	0.20917	0.08173	0.15212	0.03786	0.06027	0.02097	0.03465	0.07904	0.06299	0.02214	0.02525	0.01721	0.01070	0.00876	0.00298	0.01158	0.00804	0.05391	0.01341
5	0.02682	0.32005	0.19965	0.02631	0.03741	0.03374	0.10604	0.07679	0.02480	0.03247	0.01793	0.02109	0.01431	0.00963	0.00896	0.00286	0.01360	0.00771	0.00518	0.01465
6	0.01283	0.00942	0.01204	0.01414	0.01518	0.00864	0.00956	0.01479	0.02080	0.02722	0.06538	0.54586	0.14100	0.03220	0.01335	0.00419	0.00602	0.02893	0.00982	0.00864
7	0.01288	0.00920	0.01227	0.01472	0.01534	0.00859	0.00981	0.01472	0.02024	0.02699	0.05828	0.62152	0.06993	0.03312	0.01350	0.00429	0.00613	0.03006	0.00981	0.00859
8	0.02091	0.01763	0.02079	0.01532	0.02371	0.01349	0.01216	0.02565	0.02309	0.03561	0.09712	0.03023	0.02790	0.00984	0.00851	0.00182	0.00742	0.00814	0.00705	0.59362
9	0.02431	0.11859	0.15660	0.08047	0.08223	0.02880	0.02654	0.07047	0.02300	0.03209	0.02084	0.03158	0.01855	0.01420	0.01702	0.00367	0.18016	0.05169	0.00559	0.01361
10	0.02980	0.02204	0.03222	0.30115	0.12778	0.02458	0.02553	0.14521	0.02949	0.12274	0.02406	0.02849	0.01727	0.01128	0.01057	0.00335	0.01251	0.00962	0.00743	0.01487
11	0.01538	0.01025	0.01153	0.01153	0.01153	0.01025	0.00641	0.01538	0.01538	0.02050	0.03331	0.06919	0.03844	0.62842	0.05382	0.01025	0.01025	0.01538	0.00641	0.00641
12	0.49362	0.01921	0.01833	0.06040	0.07165	0.02181	0.01404	0.02997	0.01937	0.04364	0.01836	0.02201	0.01439	0.01020	0.00731	0.00316	0.00853	0.00692	0.10536	0.01171
13	0.02192	0.01879	0.02192	0.01566	0.02506	0.01409	0.01253	0.02662	0.02192	0.03445	0.01879	0.02192	0.01566	0.00783	0.00783	0.00157	0.00783	0.00626	0.00626	0.69305
14	0.03130	0.02297	0.07543	0.02262	0.02965	0.02024	0.06016	0.16929	0.03180	0.17832	0.03821	0.16874	0.03421	0.01800	0.01164	0.00362	0.01046	0.04854	0.01001	0.01477
15	0.02827	0.63478	0.05540	0.01809	0.02714	0.04184	0.01809	0.03166	0.02148	0.02488	0.01470	0.01696	0.01357	0.00905	0.00678	0.00226	0.01131	0.00565	0.00452	0.01357
16	0.01288	0.00920	0.01227	0.01472	0.01534	0.00859	0.00981	0.01472	0.02024	0.02699	0.05828	0.62152	0.06993	0.03312	0.01350	0.00429	0.00613	0.03006	0.00981	0.00859
17	0.02036	0.02139	0.07533	0.02363	0.02985	0.01858	0.12917	0.06923	0.09679	0.03512	0.05229	0.19399	0.14895	0.02002	0.01213	0.00370	0.01018	0.01829	0.00854	0.01245

[dist]
# distance from previous block
# <min> <max>
6	36

[block]
# block no. 4 follows, 13 sequences, length 7
# corresponding to MSA columns:
# 885-891
name=unknown_E
#
# <colnr> <probs for GDERKNQSTAVLIFYWHMCP>
#	G	D	E	R	K	N	Q	S	T	A	V	L	I	F	Y	W	H	M	C	P
0	0.11162	0.01150	0.01387	0.01574	0.01763	0.01159	0.01177	0.01875	0.02090	0.03100	0.05156	0.41604	0.05948	0.02889	0.01278	0.00429	0.00728	0.13672	0.00933	0.00927
1	0.11850	0.13447	0.25423	0.02634	0.03689	0.02562	0.10889	0.03055	0.02175	0.03330	0.02302	0.09706	0.02069	0.01256	0.00986	0.00332	0.01304	0.01074	0.00559	0.01359
2	0.13690	0.07597	0.07124	0.06793	0.03369	0.02383	0.05880	0.11667	0.02633	0.04069	0.01916	0.02241	0.01494	0.00958	0.00878	0.00264	0.01075	0.00757	0.00658	0.24552
3	0.20453	0.02149	0.03405	0.09882	0.03804	0.02341	0.18405	0.02980	0.02117	0.03659	0.02057	0.02662	0.01613	0.01100	0.01233	0.00342	0.07951	0.00949	0.11681	0.01217
4	0.17000	0.12528	0.03084	0.02049	0.02683	0.02925	0.01742	0.14231	0.02603	0.04082	0.01762	0.02117	0.01455	0.01204	0.01426	0.00312	0.14923	0.00749	0.00664	0.12460
5	0.03238	0.03952	0.09591	0.02413	0.03169	0.29555	0.02056	0.10539	0.03048	0.03539	0.06355	0.02585	0.02174	0.01144	0.00971	0.00273	0.01457	0.00826	0.00670	0.12445
6	0.08660	0.02708	0.02980	0.13547	0.09784	0.11579	0.02156	0.15023	0.03132	0.16471	0.02505	0.02681	0.01782	0.01151	0.01010	0.00319	0.01254	0.00901	0.00832	0.01525

[dist]
# distance from previous block
# <min> <max>
1	44

[block]
# block no. 5 follows, 13 sequences, length 27
# corresponding to MSA columns:
# 941-967
name=unknown_F
#
# <colnr> <probs for GDERKNQSTAVLIFYWHMCP>
#	G	D	E	R	K	N	Q	S	T	A	V	L	I	F	Y	W	H	M	C	P
0	0.03539	0.01884	0.07066	0.01869	0.02542	0.01441	0.01606	0.03958	0.02674	0.36926	0.04430	0.19885	0.03728	0.01843	0.01138	0.00357	0.00879	0.01582	0.01139	0.01514
1	0.03461	0.01593	0.02108	0.01838	0.02410	0.01473	0.01478	0.04074	0.07442	0.34186	0.04701	0.15885	0.03998	0.01930	0.01176	0.00372	0.00851	0.08354	0.01177	0.01492
2	0.13192	0.02804	0.14475	0.02658	0.03586	0.02143	0.14554	0.03726	0.05473	0.16662	0.02944	0.08150	0.02309	0.01281	0.01061	0.00347	0.01214	0.01159	0.00796	0.01466
3	0.02505	0.06304	0.19332	0.07006	0.03257	0.01850	0.02197	0.03097	0.02280	0.15099	0.03383	0.15981	0.03117	0.08017	0.01534	0.00421	0.01113	0.01405	0.00780	0.01323
4	0.04027	0.01722	0.02271	0.01851	0.02537	0.01566	0.01484	0.04672	0.08231	0.43695	0.04423	0.12054	0.03310	0.01610	0.01106	0.00345	0.00852	0.01356	0.01237	0.01651
5	0.02080	0.07700	0.01970	0.01619	0.01937	0.01474	0.01214	0.02585	0.06964	0.10734	0.08119	0.38779	0.05623	0.02532	0.01207	0.00381	0.00721	0.02240	0.00993	0.01128
6	0.03426	0.02079	0.03167	0.08129	0.10545	0.02147	0.06310	0.06588	0.02663	0.26501	0.03104	0.06534	0.02331	0.01395	0.01439	0.00355	0.09695	0.01140	0.00907	0.01547
7	0.03263	0.03513	0.27077	0.02428	0.03548	0.02113	0.02626	0.04410	0.10048	0.25364	0.03170	0.03036	0.02132	0.01190	0.01039	0.00335	0.01188	0.00956	0.00888	0.01675
8	0.03946	0.01624	0.02218	0.01848	0.02504	0.01433	0.01516	0.04343	0.02837	0.43582	0.04549	0.10900	0.03572	0.01749	0.01150	0.00361	0.00880	0.08177	0.01226	0.01583
9	0.02987	0.02278	0.02753	0.11984	0.03549	0.11593	0.07816	0.03506	0.02623	0.15875	0.06399	0.03943	0.02784	0.01321	0.01045	0.00322	0.01174	0.04049	0.12697	0.01304
10	0.06845	0.02325	0.06820	0.08715	0.15436	0.02286	0.10699	0.03029	0.02180	0.06970	0.02276	0.03118	0.01891	0.06718	0.01768	0.00408	0.09817	0.01023	0.06349	0.01328
11	0.03505	0.02167	0.02385	0.01899	0.02556	0.02297	0.01546	0.29641	0.03812	0.13878	0.03080	0.03140	0.02210	0.01264	0.00961	0.00297	0.00915	0.00980	0.21919	0.01548
12	0.01652	0.01341	0.01970	0.01889	0.02044	0.01659	0.01496	0.02004	0.01685	0.02470	0.02578	0.03830	0.02422	0.06860	0.48940	0.01482	0.13053	0.01096	0.00548	0.00981
13	0.04324	0.01958	0.02489	0.01965	0.02745	0.01856	0.01605	0.08315	0.12206	0.44447	0.04089	0.03591	0.02672	0.01328	0.01065	0.00332	0.00906	0.01079	0.01251	0.01777
14	0.02192	0.01879	0.02192	0.01566	0.02506	0.01409	0.01253	0.02662	0.02192	0.03445	0.01879	0.02192	0.01566	0.00783	0.00783	0.00157	0.00783	0.00626	0.00626	0.69305
15	0.01510	0.01133	0.01699	0.01699	0.01888	0.01322	0.01322	0.01888	0.01699	0.02454	0.02832	0.04154	0.02643	0.07930	0.58652	0.01699	0.02832	0.01133	0.00566	0.00944
16	0.03069	0.02490	0.02638	0.02241	0.02917	0.02835	0.01780	0.20512	0.38727	0.05131	0.03745	0.03500	0.02776	0.01382	0.01070	0.00346	0.00940	0.01118	0.01070	0.01713
17	0.02565	0.10907	0.03475	0.19583	0.12546	0.02670	0.02369	0.07120	0.02383	0.06888	0.02335	0.07997	0.02068	0.01387	0.01420	0.00348	0.10881	0.01082	0.00630	0.01345
18	0.02955	0.01935	0.02036	0.01681	0.02215	0.02087	0.01349	0.26601	0.03540	0.05249	0.03012	0.03268	0.02272	0.01250	0.00892	0.00280	0.00815	0.00969	0.36219	0.01376
19	0.02201	0.01973	0.02508	0.07196	0.03001	0.01891	0.01636	0.02640	0.02061	0.03182	0.01773	0.02276	0.01513	0.01039	0.01389	0.00241	0.13848	0.00720	0.00577	0.48334
20	0.03962	0.02297	0.02623	0.02044	0.02795	0.02385	0.01678	0.29944	0.03939	0.22720	0.03203	0.03087	0.02197	0.01277	0.01014	0.00310	0.00981	0.00993	0.10868	0.01682
21	0.60882	0.02009	0.01683	0.01461	0.02139	0.02254	0.01204	0.03402	0.01976	0.12255	0.01860	0.01988	0.01357	0.01029	0.00713	0.00327	0.00830	0.00643	0.00748	0.01239
22	0.02312	0.01240	0.01575	0.01466	0.01852	0.01092	0.01105	0.02638	0.02580	0.18672	0.15336	0.22815	0.18366	0.02374	0.01224	0.00365	0.00657	0.02061	0.01108	0.01163
23	0.04691	0.01883	0.02506	0.01921	0.02741	0.01679	0.01587	0.08587	0.03167	0.53346	0.04053	0.03522	0.02558	0.01306	0.01063	0.00326	0.00919	0.01055	0.01291	0.01799
24	0.01307	0.01004	0.01197	0.01296	0.01501	0.00894	0.00916	0.01573	0.02327	0.03006	0.15676	0.33590	0.26143	0.02886	0.01295	0.00386	0.00565	0.02535	0.01011	0.00894
25	0.07561	0.01539	0.01890	0.12921	0.02938	0.01560	0.01442	0.02539	0.07103	0.03562	0.17730	0.05734	0.16404	0.01702	0.01078	0.00319	0.00784	0.01433	0.00857	0.10903
26	0.02289	0.06147	0.02280	0.01926	0.02387	0.02207	0.01480	0.06650	0.31315	0.03857	0.04498	0.22326	0.04224	0.01989	0.01135	0.00370	0.00803	0.01717	0.01001	0.01398

[dist]
# distance from previous block
# <min> <max>
0	16

[block]
# block no. 6 follows, 13 sequences, length 34
# corresponding to MSA columns:
# 984-1017
name=unknown_G
#
# <colnr> <probs for GDERKNQSTAVLIFYWHMCP>
#	G	D	E	R	K	N	Q	S	T	A	V	L	I	F	Y	W	H	M	C	P
0	0.08844	0.11225	0.03290	0.05490	0.03240	0.08318	0.05143	0.20912	0.05834	0.07472	0.02643	0.08156	0.02219	0.01346	0.01002	0.00319	0.01174	0.01073	0.00830	0.01471
1	0.16519	0.15330	0.03006	0.01847	0.02597	0.02763	0.01584	0.19220	0.03131	0.13220	0.02468	0.02526	0.01811	0.01138	0.00864	0.00293	0.00972	0.00817	0.08407	0.01487
2	0.61563	0.01939	0.01573	0.01461	0.02063	0.02225	0.01216	0.02991	0.01880	0.04542	0.01998	0.03019	0.01775	0.01229	0.00757	0.00348	0.00838	0.06763	0.00695	0.01123
3	0.20190	0.01989	0.02784	0.18560	0.04037	0.02172	0.07349	0.03088	0.02214	0.09514	0.05997	0.02903	0.02142	0.01155	0.01122	0.00331	0.05073	0.00932	0.00684	0.07764
4	0.01770	0.01141	0.01421	0.01316	0.01606	0.01036	0.00972	0.02157	0.02710	0.08765	0.36342	0.07754	0.16385	0.09905	0.01757	0.00425	0.00611	0.01838	0.01080	0.01011
5	0.02007	0.01430	0.01874	0.01735	0.01960	0.01622	0.01313	0.02583	0.07734	0.07285	0.08099	0.04859	0.03532	0.18129	0.22808	0.00997	0.08955	0.01277	0.00746	0.01057
6	0.15668	0.02313	0.02437	0.01974	0.02646	0.02519	0.01579	0.25459	0.09177	0.12361	0.02866	0.03249	0.02211	0.09091	0.01539	0.00415	0.01011	0.01000	0.00968	0.01518
7	0.70310	0.02045	0.01554	0.01390	0.02045	0.02372	0.01145	0.03108	0.01799	0.04744	0.01472	0.01718	0.01145	0.00981	0.00654	0.00327	0.00818	0.00573	0.00654	0.01145
8	0.39498	0.01942	0.02005	0.09597	0.02873	0.02178	0.01489	0.07237	0.02215	0.10960	0.02001	0.02342	0.01500	0.01356	0.01181	0.07986	0.00949	0.00755	0.00724	0.01210
9	0.02531	0.01685	0.02144	0.01877	0.02315	0.01833	0.01497	0.15696	0.02839	0.09800	0.08102	0.04033	0.03138	0.04866	0.31385	0.01047	0.01947	0.01154	0.00837	0.01270
10	0.01392	0.01056	0.01289	0.01318	0.01564	0.00952	0.00981	0.01757	0.02585	0.03435	0.28574	0.19409	0.23513	0.02597	0.01282	0.00369	0.00564	0.05368	0.01059	0.00936
11	0.02121	0.05469	0.57364	0.03014	0.04576	0.02455	0.03906	0.03348	0.02232	0.03348	0.01897	0.02232	0.01339	0.01005	0.01005	0.00335	0.01563	0.00781	0.00446	0.01563
12	0.03361	0.02326	0.02470	0.01967	0.02621	0.02541	0.01601	0.36560	0.04086	0.05788	0.02831	0.02990	0.02091	0.01257	0.00955	0.00294	0.00948	0.00963	0.22813	0.01537
13	0.04161	0.01651	0.02210	0.01740	0.02448	0.01445	0.01421	0.04586	0.02943	0.46719	0.09026	0.04044	0.03330	0.01383	0.01049	0.00320	0.00821	0.01137	0.07924	0.01643
14	0.04744	0.01799	0.02454	0.01881	0.02699	0.01554	0.01554	0.05153	0.03026	0.56979	0.04171	0.03599	0.02617	0.01309	0.01063	0.00327	0.00900	0.01063	0.01309	0.01799
15	0.01514	0.01118	0.01623	0.01623	0.01785	0.01280	0.01226	0.01839	0.01677	0.02398	0.02902	0.04541	0.02812	0.15628	0.51184	0.01605	0.02579	0.01190	0.00577	0.00901
16	0.03950	0.05039	0.02996	0.02724	0.03269	0.58597	0.02043	0.04222	0.02996	0.02588	0.01634	0.01907	0.01362	0.01090	0.00953	0.00272	0.01907	0.00681	0.00545	0.01226
17	0.02192	0.01879	0.02192	0.01566	0.02506	0.01409	0.01253	0.02662	0.02192	0.03445	0.01879	0.02192	0.01566	0.00783	0.00783	0.00157	0.00783	0.00626	0.00626	0.69305
18	0.03780	0.02843	0.03038	0.02384	0.03188	0.03167	0.01952	0.44609	0.13472	0.06278	0.02842	0.02781	0.02044	0.01298	0.01061	0.00324	0.01107	0.00994	0.01061	0.01777
19	0.01487	0.01062	0.01455	0.01699	0.01848	0.01030	0.01327	0.01816	0.02220	0.02921	0.05718	0.38146	0.06559	0.03125	0.01403	0.00457	0.00786	0.25051	0.00978	0.00914
20	0.15554	0.02843	0.02702	0.02182	0.02939	0.08352	0.01766	0.29788	0.10321	0.05422	0.02441	0.02486	0.01806	0.01189	0.00960	0.00309	0.01108	0.00867	0.00909	0.06056
21	0.02192	0.01879	0.02192	0.01566	0.02506	0.01409	0.01253	0.02662	0.02192	0.03445	0.01879	0.02192	0.01566	0.00783	0.00783	0.00157	0.00783	0.00626	0.00626	0.69305
22	0.01432	0.00996	0.01261	0.01416	0.01479	0.00965	0.00949	0.01588	0.01899	0.02522	0.04888	0.35602	0.05729	0.24976	0.02834	0.00654	0.00809	0.08351	0.00856	0.00794
23	0.02396	0.02558	0.04600	0.03539	0.04024	0.02982	0.25051	0.02927	0.02017	0.02927	0.01729	0.02558	0.01486	0.01415	0.02461	0.00414	0.34069	0.01072	0.00495	0.01279
24	0.03583	0.01935	0.02318	0.01863	0.02520	0.01930	0.01508	0.16950	0.06837	0.25966	0.12646	0.04122	0.03731	0.01448	0.01064	0.00320	0.00857	0.01183	0.07647	0.01573
25	0.03995	0.01645	0.02242	0.01828	0.02510	0.01449	0.01511	0.04424	0.02947	0.44258	0.10077	0.05138	0.03877	0.01609	0.01134	0.00348	0.00865	0.07286	0.01250	0.01605
26	0.01514	0.01275	0.01943	0.01755	0.02084	0.01205	0.07551	0.01909	0.02339	0.03119	0.16863	0.19839	0.18922	0.03353	0.10740	0.00590	0.01084	0.02036	0.00895	0.00984
27	0.01582	0.01211	0.01465	0.01379	0.01685	0.01162	0.01041	0.02319	0.08601	0.04032	0.42561	0.07834	0.16787	0.02166	0.01228	0.00339	0.00542	0.01885	0.01124	0.01055
28	0.03534	0.17119	0.03214	0.08328	0.03077	0.02355	0.01744	0.03955	0.02535	0.28688	0.02990	0.02986	0.02096	0.01209	0.01096	0.00306	0.04970	0.00909	0.07391	0.01499
29	0.03359	0.01491	0.02014	0.01771	0.02293	0.01344	0.01422	0.03716	0.02630	0.33531	0.04595	0.13112	0.04013	0.07950	0.01607	0.00442	0.00891	0.11294	0.01132	0.01395
30	0.02022	0.01447	0.01962	0.07271	0.02457	0.01559	0.01447	0.02628	0.05889	0.08948	0.31182	0.10530	0.06666	0.01982	0.01492	0.00360	0.08358	0.01655	0.01002	0.01145
31	0.07632	0.01604	0.01795	0.01612	0.02097	0.01653	0.01252	0.03767	0.17101	0.15080	0.08735	0.10011	0.07231	0.01658	0.01030	0.00333	0.00714	0.01383	0.13966	0.01344
32	0.16478	0.06048	0.02869	0.12694	0.06357	0.02344	0.04809	0.03551	0.08891	0.11455	0.02824	0.03755	0.02306	0.01352	0.01142	0.00355	0.04385	0.06262	0.00769	0.01354
33	0.44997	0.02110	0.05205	0.01572	0.02274	0.02054	0.01363	0.03062	0.01974	0.08113	0.02064	0.05429	0.01724	0.01481	0.03854	0.00385	0.00962	0.00794	0.00699	0.09883

[dist]
# distance from previous block
# <min> <max>
4	27

[block]
# block no. 7 follows, 13 sequences, length 14
# corresponding to MSA columns:
# 1045-1058
name=unknown_H
#
# <colnr> <probs for GDERKNQSTAVLIFYWHMCP>
#	G	D	E	R	K	N	Q	S	T	A	V	L	I	F	Y	W	H	M	C	P
0	0.13664	0.02104	0.03442	0.09955	0.03888	0.02169	0.19524	0.03391	0.06872	0.07453	0.02586	0.03024	0.01935	0.01071	0.00998	0.00328	0.01178	0.01028	0.14082	0.01309
1	0.01585	0.01289	0.01494	0.01319	0.01785	0.01063	0.00999	0.01960	0.02454	0.03355	0.18938	0.12671	0.23778	0.02071	0.01126	0.00301	0.00605	0.01772	0.00926	0.20508
2	0.02065	0.06786	0.14235	0.08175	0.03302	0.02106	0.04345	0.03271	0.14581	0.03379	0.04308	0.10196	0.10791	0.01609	0.01069	0.00342	0.01022	0.01367	0.05740	0.01311
3	0.11963	0.03348	0.20225	0.13484	0.04250	0.02590	0.02644	0.17258	0.02983	0.08276	0.02184	0.02462	0.01550	0.01108	0.00987	0.00332	0.01272	0.00852	0.00714	0.01516
4	0.02453	0.01299	0.01680	0.01459	0.01899	0.01152	0.01138	0.02889	0.02914	0.20170	0.33068	0.06929	0.14709	0.01979	0.01191	0.00335	0.00627	0.01701	0.01180	0.01227
5	0.01695	0.01233	0.01540	0.01458	0.01743	0.01258	0.01108	0.02498	0.09382	0.03961	0.35584	0.06407	0.07235	0.02850	0.09919	0.00535	0.00898	0.01605	0.08017	0.01076
6	0.10640	0.01102	0.01274	0.01389	0.01578	0.01096	0.00981	0.01873	0.02162	0.03336	0.12596	0.39793	0.06223	0.02610	0.01178	0.00382	0.00611	0.02305	0.07939	0.00931
7	0.02707	0.01577	0.02028	0.06774	0.02527	0.01567	0.01390	0.09585	0.02967	0.17456	0.22808	0.05495	0.05329	0.10974	0.01788	0.00436	0.00850	0.01426	0.01046	0.01269
8	0.12494	0.04466	0.41598	0.10444	0.04553	0.02428	0.03356	0.03225	0.02150	0.03474	0.01830	0.02232	0.01319	0.01008	0.00958	0.00336	0.01429	0.00771	0.00481	0.01447
9	0.01580	0.04745	0.01709	0.06471	0.02062	0.01281	0.01169	0.01875	0.02198	0.02956	0.17359	0.22958	0.06127	0.16960	0.02235	0.00533	0.00806	0.05196	0.00871	0.00906
10	0.11890	0.05721	0.02651	0.14296	0.06653	0.02089	0.01805	0.06620	0.02469	0.12904	0.02384	0.02676	0.01768	0.01048	0.00896	0.00283	0.00990	0.00829	0.06713	0.15316
11	0.26420	0.30498	0.08020	0.02063	0.02948	0.03243	0.07714	0.03185	0.02073	0.03449	0.01581	0.01880	0.01310	0.00937	0.00761	0.00285	0.01130	0.00664	0.00533	0.01306
12	0.12730	0.01837	0.02261	0.01792	0.02515	0.01737	0.01467	0.08647	0.03034	0.38728	0.10582	0.03838	0.03341	0.01377	0.01034	0.00327	0.00859	0.01104	0.01182	0.01607
13	0.03190	0.02429	0.03169	0.10662	0.11745	0.07026	0.05567	0.09418	0.02820	0.15579	0.02481	0.02716	0.01808	0.01053	0.01002	0.00288	0.01177	0.00900	0.00779	0.16188

[dist]
# distance from previous block
# <min> <max>
5	9

[block]
# block no. 8 follows, 13 sequences, length 10
# corresponding to MSA columns:
# 1068-1077
name=unknown_I
#
# <colnr> <probs for GDERKNQSTAVLIFYWHMCP>
#	G	D	E	R	K	N	Q	S	T	A	V	L	I	F	Y	W	H	M	C	P
0	0.02719	0.02644	0.02976	0.02509	0.03003	0.11788	0.07900	0.07211	0.19468	0.03632	0.07155	0.03402	0.02797	0.01607	0.01704	0.05984	0.10277	0.01096	0.00784	0.01343
1	0.02281	0.01502	0.01753	0.01556	0.02043	0.01431	0.01196	0.03196	0.13122	0.11778	0.13244	0.12131	0.13124	0.01860	0.01099	0.00324	0.00682	0.01585	0.06572	0.09522
2	0.02847	0.02505	0.11410	0.27435	0.13429	0.02179	0.02764	0.03540	0.02422	0.17404	0.02511	0.02906	0.01763	0.01098	0.01049	0.00337	0.01272	0.00949	0.00699	0.01480
3	0.01806	0.01244	0.01760	0.02130	0.08114	0.01174	0.01393	0.02129	0.02292	0.07516	0.08131	0.36257	0.09354	0.02704	0.01295	0.00406	0.00756	0.09515	0.00964	0.01060
4	0.02278	0.01789	0.08173	0.01812	0.02290	0.01376	0.01553	0.02898	0.06724	0.14711	0.05162	0.30304	0.07984	0.02381	0.01227	0.00391	0.00830	0.05896	0.00997	0.01224
5	0.01889	0.01101	0.01446	0.01466	0.01677	0.01014	0.01032	0.02154	0.02331	0.11224	0.16133	0.34983	0.06608	0.09707	0.01754	0.00462	0.00680	0.02301	0.01031	0.01007
6	0.07887	0.05590	0.10203	0.08315	0.12181	0.02503	0.15116	0.05053	0.02309	0.03378	0.02372	0.09731	0.02161	0.01337	0.01314	0.00356	0.07046	0.01202	0.00593	0.01354
7	0.02928	0.09144	0.02923	0.05332	0.10634	0.02274	0.01826	0.12926	0.06129	0.12537	0.07475	0.10497	0.03290	0.01503	0.01043	0.00322	0.00956	0.01268	0.05539	0.01456
8	0.01469	0.01215	0.01476	0.01466	0.01706	0.01221	0.01133	0.01779	0.02354	0.03054	0.15812	0.16925	0.29380	0.02612	0.01554	0.00389	0.07918	0.06644	0.00948	0.00945
9	0.14230	0.01945	0.02406	0.01941	0.02614	0.01987	0.01595	0.04569	0.07599	0.37361	0.03435	0.03189	0.02302	0.01337	0.01295	0.00347	0.08171	0.00984	0.01084	0.01610

[dist]
# distance from previous block
# <min> <max>
3	5

[block]
# block no. 9 follows, 13 sequences, length 6
# corresponding to MSA columns:
# 1083-1088
name=unknown_J
#
# <colnr> <probs for GDERKNQSTAVLIFYWHMCP>
#	G	D	E	R	K	N	Q	S	T	A	V	L	I	F	Y	W	H	M	C	P
0	0.02388	0.08733	0.02432	0.01891	0.02271	0.08798	0.01474	0.03435	0.17018	0.03294	0.06187	0.08479	0.03295	0.09011	0.01804	0.00418	0.07736	0.01237	0.08882	0.01218
1	0.01670	0.01221	0.01503	0.01437	0.01679	0.01237	0.01050	0.02294	0.09416	0.03363	0.25106	0.06535	0.11737	0.10296	0.08272	0.08783	0.00915	0.01602	0.00919	0.00965
2	0.02130	0.01185	0.01542	0.01477	0.01799	0.01061	0.01095	0.02467	0.02581	0.15501	0.20620	0.26877	0.12591	0.02446	0.01243	0.00369	0.00636	0.02154	0.01109	0.01117
3	0.10666	0.02063	0.02340	0.02044	0.05559	0.05108	0.01526	0.03038	0.02335	0.09815	0.08573	0.03015	0.02635	0.01184	0.01186	0.00269	0.07663	0.00883	0.00746	0.29352
4	0.02392	0.01700	0.02512	0.06687	0.02912	0.01742	0.07012	0.02941	0.04533	0.11420	0.03519	0.16027	0.03288	0.01755	0.01387	0.00351	0.08206	0.03914	0.08777	0.08928
5	0.02410	0.02722	0.11230	0.11954	0.09817	0.06683	0.05286	0.05487	0.02424	0.05285	0.08522	0.03638	0.02785	0.07952	0.01834	0.00420	0.08523	0.01098	0.00645	0.01285

[dist]
# distance from previous block
# <min> <max>
0	41

# created by:
# /st0/software/busco_prod/Augustus/scripts/msa2prfl.pl ./align_prep/7856.fa
