[name]
unknown

[dist]
# distance from previous block
# <min> <max>
0	126

[block]
# block no. 0 follows, 12 sequences, length 7
# corresponding to MSA columns:
# 152-158
name=unknown_A
#
# <colnr> <probs for GDERKNQSTAVLIFYWHMCP>
#	G	D	E	R	K	N	Q	S	T	A	V	L	I	F	Y	W	H	M	C	P
0	0.02168	0.03474	0.29136	0.02392	0.03378	0.01849	0.02690	0.02983	0.02408	0.08299	0.04339	0.12328	0.09124	0.01875	0.01190	0.00384	0.01205	0.08646	0.00764	0.01369
1	0.03170	0.15989	0.03867	0.13609	0.15029	0.11740	0.02391	0.03848	0.06174	0.10607	0.02347	0.02651	0.01806	0.01100	0.00986	0.00309	0.01322	0.00878	0.00674	0.01503
2	0.04775	0.02044	0.02647	0.02029	0.02877	0.01882	0.01676	0.12539	0.03436	0.47964	0.04037	0.03539	0.02566	0.01343	0.01096	0.00336	0.00971	0.01078	0.01309	0.01855
3	0.01342	0.01107	0.01178	0.01160	0.01505	0.00943	0.00870	0.01667	0.02610	0.03242	0.20026	0.10006	0.45271	0.02651	0.01288	0.00363	0.00544	0.02233	0.01051	0.00943
4	0.02425	0.10471	0.23944	0.03197	0.08406	0.02592	0.10417	0.07710	0.02587	0.03587	0.02675	0.11933	0.02449	0.01413	0.01103	0.00348	0.01370	0.01260	0.00633	0.01480
5	0.03319	0.02932	0.04289	0.08398	0.14460	0.07714	0.15810	0.16502	0.03306	0.08850	0.02401	0.02782	0.01775	0.01104	0.01133	0.00337	0.01460	0.01047	0.00760	0.01619
6	0.02351	0.01564	0.02145	0.16337	0.03426	0.01668	0.01701	0.08141	0.02609	0.10014	0.04142	0.27056	0.04156	0.02125	0.01186	0.00379	0.00933	0.01871	0.06983	0.01214

[dist]
# distance from previous block
# <min> <max>
0	1

[block]
# block no. 1 follows, 12 sequences, length 63
# corresponding to MSA columns:
# 160-222
name=unknown_B
#
# <colnr> <probs for GDERKNQSTAVLIFYWHMCP>
#	G	D	E	R	K	N	Q	S	T	A	V	L	I	F	Y	W	H	M	C	P
0	0.45094	0.02794	0.02571	0.02475	0.07809	0.12537	0.05885	0.03454	0.02205	0.04233	0.01661	0.01999	0.01316	0.01021	0.00824	0.00328	0.01180	0.00709	0.00630	0.01275
1	0.39721	0.01734	0.01732	0.07028	0.02510	0.01994	0.01361	0.02663	0.01908	0.03926	0.02554	0.12225	0.02485	0.02670	0.10712	0.00604	0.01229	0.01147	0.00697	0.01098
2	0.02545	0.01980	0.03254	0.45969	0.10741	0.02311	0.02837	0.03219	0.02349	0.10920	0.02308	0.03012	0.01666	0.01120	0.01090	0.00356	0.01360	0.00989	0.00621	0.01353
3	0.02495	0.01308	0.01712	0.01497	0.01913	0.01184	0.01163	0.02984	0.03029	0.18289	0.36469	0.06598	0.07599	0.01910	0.01191	0.00334	0.00626	0.01654	0.06793	0.01253
4	0.02712	0.02342	0.02465	0.02219	0.02835	0.02712	0.01726	0.05794	0.52909	0.04561	0.04438	0.04068	0.03328	0.01479	0.01109	0.00370	0.00863	0.01233	0.01109	0.01726
5	0.02136	0.01249	0.01625	0.01454	0.01828	0.01125	0.01117	0.02614	0.03043	0.13646	0.41585	0.07526	0.12530	0.02112	0.01252	0.00344	0.00593	0.01839	0.01212	0.01171
6	0.69383	0.02109	0.01603	0.01434	0.02109	0.02446	0.01181	0.03205	0.01856	0.04892	0.01518	0.01771	0.01181	0.01012	0.00675	0.00337	0.00843	0.00590	0.00675	0.01181
7	0.02844	0.56795	0.10631	0.01987	0.02986	0.04140	0.02077	0.03283	0.02224	0.02652	0.01559	0.01803	0.01397	0.00943	0.00732	0.00244	0.01210	0.00605	0.00466	0.01420
8	0.01518	0.01114	0.01423	0.01346	0.01614	0.01018	0.01009	0.02009	0.03028	0.04233	0.50076	0.08374	0.14603	0.02281	0.01286	0.00345	0.00518	0.02004	0.01182	0.01018
9	0.04762	0.02064	0.02660	0.02039	0.02888	0.01913	0.01684	0.13317	0.03470	0.47137	0.04008	0.03521	0.02552	0.01342	0.01095	0.00336	0.00975	0.01076	0.01304	0.01855
10	0.04507	0.02473	0.02913	0.02233	0.03092	0.02519	0.01845	0.28987	0.04155	0.30501	0.03434	0.03148	0.02264	0.01329	0.01094	0.00332	0.01068	0.01037	0.01216	0.01855
11	0.02898	0.01876	0.02427	0.15222	0.03632	0.01978	0.01819	0.08279	0.11037	0.16879	0.08938	0.05026	0.12074	0.01625	0.01146	0.00354	0.00967	0.01360	0.01012	0.01452
12	0.04617	0.02296	0.02803	0.02149	0.03003	0.02257	0.01775	0.22209	0.03859	0.37697	0.03682	0.03309	0.02388	0.01335	0.01094	0.00334	0.01028	0.01054	0.01254	0.01855
13	0.69383	0.02109	0.01603	0.01434	0.02109	0.02446	0.01181	0.03205	0.01856	0.04892	0.01518	0.01771	0.01181	0.01012	0.00675	0.00337	0.00843	0.00590	0.00675	0.01181
14	0.02025	0.01199	0.01531	0.01461	0.01790	0.01072	0.01089	0.02397	0.02726	0.12637	0.25314	0.21505	0.16067	0.02479	0.01281	0.00372	0.00624	0.02171	0.01144	0.01116
15	0.03071	0.02700	0.04174	0.14136	0.19642	0.02868	0.11317	0.20086	0.03373	0.04574	0.02257	0.02750	0.01710	0.01102	0.01122	0.00340	0.01387	0.01031	0.00725	0.01635
16	0.01654	0.01058	0.01377	0.01502	0.01680	0.00964	0.01047	0.01901	0.02303	0.07553	0.10550	0.46444	0.11700	0.03068	0.01347	0.00418	0.00640	0.02749	0.01058	0.00986
17	0.03053	0.12155	0.08089	0.02421	0.07080	0.02536	0.01942	0.15188	0.02947	0.11180	0.02743	0.03579	0.02306	0.12835	0.06751	0.00573	0.01327	0.01043	0.00798	0.01452
18	0.02586	0.33988	0.26596	0.02604	0.03832	0.03449	0.06796	0.03362	0.02281	0.03009	0.01755	0.02076	0.01413	0.00974	0.00887	0.00291	0.01406	0.00733	0.00471	0.01493
19	0.04095	0.02034	0.02507	0.02042	0.02802	0.02008	0.01648	0.05489	0.21328	0.36957	0.04351	0.03842	0.02929	0.01397	0.01101	0.00349	0.00904	0.01146	0.01262	0.01808
20	0.02407	0.12817	0.35186	0.03107	0.04439	0.02839	0.11675	0.03658	0.07189	0.03441	0.02176	0.02505	0.01618	0.01044	0.01039	0.00336	0.01517	0.00899	0.00539	0.01568
21	0.08025	0.08269	0.16236	0.17229	0.09233	0.07167	0.07447	0.03473	0.02404	0.07567	0.02083	0.02549	0.01551	0.01055	0.01021	0.00334	0.01441	0.00887	0.00581	0.01447
22	0.04688	0.01901	0.02524	0.01966	0.02788	0.01707	0.01614	0.05359	0.07786	0.50849	0.04314	0.03745	0.02758	0.01362	0.01098	0.00340	0.00922	0.01109	0.01327	0.01843
23	0.01412	0.01009	0.01356	0.01581	0.01689	0.00954	0.01128	0.01676	0.02234	0.02988	0.09946	0.49174	0.07321	0.03257	0.01401	0.00444	0.00680	0.09809	0.01026	0.00916
24	0.02903	0.03078	0.03443	0.18548	0.20131	0.17227	0.02663	0.03875	0.10911	0.03286	0.02319	0.02783	0.01834	0.01127	0.01061	0.00330	0.01445	0.00942	0.00626	0.01468
25	0.04892	0.01856	0.02530	0.01940	0.02783	0.01603	0.01603	0.05314	0.03121	0.55634	0.04302	0.03711	0.02699	0.01350	0.01096	0.00337	0.00928	0.01096	0.01350	0.01856
26	0.01325	0.00962	0.01252	0.01484	0.01572	0.00889	0.00997	0.01522	0.02121	0.02797	0.06430	0.56757	0.11153	0.03361	0.01383	0.00437	0.00626	0.03033	0.01012	0.00889
27	0.04892	0.01856	0.02530	0.01940	0.02783	0.01603	0.01603	0.05314	0.03121	0.55634	0.04302	0.03711	0.02699	0.01350	0.01096	0.00337	0.00928	0.01096	0.01350	0.01856
28	0.04036	0.01791	0.02407	0.01943	0.02634	0.01693	0.01585	0.08327	0.02961	0.38935	0.03833	0.03757	0.02635	0.02973	0.14498	0.00674	0.01425	0.01104	0.01146	0.01645
29	0.02915	0.62337	0.05714	0.01866	0.02799	0.04314	0.01866	0.03265	0.02215	0.02565	0.01516	0.01749	0.01399	0.00933	0.00700	0.00233	0.01166	0.00583	0.00466	0.01399
30	0.03337	0.02653	0.02818	0.02345	0.03074	0.03004	0.01877	0.25626	0.32059	0.05569	0.03644	0.03435	0.02685	0.01405	0.01101	0.00351	0.01010	0.01123	0.01101	0.01782
31	0.18756	0.02632	0.03989	0.07990	0.04236	0.07650	0.22695	0.03402	0.02412	0.07097	0.02423	0.07436	0.02030	0.01212	0.01090	0.00356	0.01417	0.01174	0.00668	0.01336
32	0.10935	0.01879	0.02443	0.01893	0.02720	0.01682	0.01563	0.05116	0.03002	0.50880	0.04041	0.03529	0.02557	0.01318	0.01057	0.00337	0.00920	0.01049	0.01286	0.01792
33	0.03339	0.02878	0.02679	0.02295	0.02945	0.12506	0.01803	0.15891	0.24475	0.08303	0.08173	0.03702	0.03241	0.01436	0.01098	0.00339	0.01114	0.01137	0.01031	0.01616
34	0.01328	0.00949	0.01265	0.01518	0.01581	0.00886	0.01012	0.01518	0.02088	0.02783	0.06010	0.60969	0.07212	0.03416	0.01392	0.00443	0.00633	0.03100	0.01012	0.00886
35	0.02620	0.03939	0.26786	0.04077	0.12766	0.02541	0.19549	0.03603	0.02489	0.07776	0.02249	0.02696	0.01636	0.01012	0.01132	0.00349	0.01582	0.01018	0.00577	0.01602
36	0.01543	0.01115	0.01457	0.01372	0.01629	0.01029	0.01029	0.02058	0.03086	0.04372	0.54304	0.08145	0.10288	0.02229	0.01286	0.00343	0.00514	0.01972	0.01200	0.01029
37	0.04067	0.02890	0.03136	0.02436	0.03281	0.03176	0.02002	0.43231	0.09548	0.10531	0.02926	0.02844	0.02063	0.01328	0.01093	0.00332	0.01146	0.01015	0.01113	0.01842
38	0.04099	0.08031	0.08156	0.02353	0.03260	0.07962	0.02087	0.23130	0.03763	0.21881	0.02931	0.02814	0.02008	0.01248	0.01045	0.00320	0.01219	0.00943	0.01015	0.01738
39	0.02941	0.13890	0.21045	0.02734	0.03836	0.02639	0.10589	0.06820	0.02736	0.13037	0.06960	0.03097	0.02477	0.01177	0.01055	0.00326	0.01324	0.01012	0.00744	0.01560
40	0.69383	0.02109	0.01603	0.01434	0.02109	0.02446	0.01181	0.03205	0.01856	0.04892	0.01518	0.01771	0.01181	0.01012	0.00675	0.00337	0.00843	0.00590	0.00675	0.01181
41	0.02943	0.48642	0.13663	0.02073	0.03110	0.03824	0.02198	0.03447	0.02297	0.06634	0.01794	0.01984	0.01492	0.00980	0.00784	0.00259	0.01221	0.00657	0.00531	0.01468
42	0.01387	0.01055	0.01276	0.01334	0.01562	0.00945	0.00957	0.01713	0.02550	0.03364	0.23692	0.26862	0.23740	0.02807	0.01323	0.00385	0.00567	0.02463	0.01075	0.00945
43	0.01676	0.01274	0.01570	0.01568	0.01823	0.01275	0.01145	0.02531	0.11439	0.03881	0.29685	0.24858	0.08061	0.02490	0.01290	0.00381	0.00614	0.02215	0.01122	0.01103
44	0.01584	0.01151	0.01726	0.01726	0.01905	0.01330	0.01330	0.01905	0.01726	0.02480	0.02839	0.04206	0.02660	0.07828	0.53134	0.07047	0.02763	0.01151	0.00575	0.00934
45	0.12139	0.01737	0.01997	0.01687	0.02219	0.01755	0.01341	0.11692	0.03289	0.14028	0.28638	0.05460	0.06132	0.01735	0.01131	0.00338	0.00758	0.01443	0.01133	0.01347
46	0.01562	0.01047	0.01196	0.01220	0.01226	0.01041	0.00694	0.01579	0.01633	0.02177	0.03677	0.12180	0.04268	0.56221	0.05160	0.01000	0.01017	0.01727	0.00694	0.00682
47	0.03186	0.16291	0.03235	0.01834	0.02757	0.02351	0.01573	0.08180	0.02722	0.15244	0.02431	0.02498	0.01829	0.01007	0.00874	0.00234	0.00957	0.00764	0.00804	0.31230
48	0.02633	0.02231	0.03436	0.17098	0.04540	0.02148	0.11336	0.07727	0.02635	0.07287	0.02219	0.02693	0.01679	0.00987	0.01019	0.00281	0.01217	0.00915	0.00678	0.27240
49	0.25091	0.22192	0.03479	0.02003	0.02775	0.12907	0.01720	0.11798	0.02760	0.04096	0.01739	0.01946	0.01408	0.01058	0.00810	0.00292	0.01208	0.00676	0.00660	0.01383
50	0.01904	0.01354	0.01536	0.01448	0.01596	0.01433	0.00944	0.06323	0.06372	0.02782	0.03402	0.06201	0.03606	0.46047	0.09741	0.01000	0.01231	0.01462	0.00730	0.00887
51	0.02289	0.02833	0.12572	0.30727	0.15727	0.02530	0.11472	0.03121	0.02325	0.03162	0.02008	0.02775	0.01528	0.01030	0.01113	0.00354	0.01515	0.00998	0.00503	0.01418
52	0.15231	0.07555	0.03298	0.02355	0.03191	0.02906	0.06479	0.23034	0.08442	0.12874	0.02724	0.02734	0.01950	0.01211	0.01007	0.00331	0.01123	0.00951	0.00955	0.01650
53	0.02115	0.01648	0.02207	0.14789	0.06909	0.01740	0.01751	0.03012	0.11339	0.07544	0.05754	0.15609	0.17137	0.02037	0.01201	0.00375	0.00906	0.01765	0.00906	0.01255
54	0.01311	0.01017	0.01195	0.01338	0.01534	0.00901	0.00932	0.01539	0.02261	0.02854	0.08207	0.38944	0.27819	0.03130	0.01347	0.00410	0.00598	0.02751	0.01012	0.00901
55	0.03409	0.02471	0.03619	0.20916	0.04955	0.06888	0.11492	0.08068	0.02887	0.20113	0.02780	0.03066	0.01919	0.01162	0.01121	0.00346	0.01380	0.01049	0.00832	0.01526
56	0.15561	0.03364	0.02791	0.02317	0.03050	0.20224	0.01845	0.19619	0.03546	0.13922	0.02430	0.02458	0.01745	0.01205	0.00985	0.00316	0.01336	0.00845	0.00895	0.01548
57	0.02549	0.02438	0.04155	0.18955	0.43787	0.02551	0.03272	0.03215	0.02412	0.03380	0.02024	0.02747	0.01663	0.00999	0.01082	0.00333	0.01332	0.00971	0.00527	0.01606
58	0.04145	0.03054	0.03272	0.02509	0.03381	0.03381	0.02072	0.51243	0.05127	0.06872	0.02618	0.02618	0.01854	0.01309	0.01091	0.00327	0.01200	0.00982	0.01091	0.01854
59	0.01620	0.01133	0.01382	0.01423	0.01537	0.01130	0.00940	0.01982	0.06259	0.02881	0.12700	0.22973	0.05785	0.24518	0.03108	0.06045	0.00813	0.02027	0.00880	0.00864
60	0.02258	0.01965	0.03045	0.16810	0.21979	0.02089	0.02409	0.07319	0.02546	0.03459	0.03333	0.21177	0.03411	0.01806	0.01182	0.00371	0.01113	0.01645	0.00730	0.01353
61	0.01391	0.01051	0.01301	0.01475	0.01666	0.00961	0.01085	0.01662	0.02284	0.02917	0.07530	0.36837	0.21692	0.03143	0.01380	0.00430	0.00672	0.10596	0.01011	0.00917
62	0.02555	0.02224	0.03732	0.31414	0.28347	0.02437	0.03065	0.03223	0.02385	0.07041	0.02163	0.02873	0.01668	0.01056	0.01086	0.00344	0.01344	0.00980	0.00573	0.01490

[dist]
# distance from previous block
# <min> <max>
0	1

[block]
# block no. 2 follows, 12 sequences, length 50
# corresponding to MSA columns:
# 224-273
name=unknown_C
#
# <colnr> <probs for GDERKNQSTAVLIFYWHMCP>
#	G	D	E	R	K	N	Q	S	T	A	V	L	I	F	Y	W	H	M	C	P
0	0.02565	0.01353	0.01752	0.01646	0.02021	0.01258	0.01226	0.03024	0.06292	0.18926	0.09277	0.26752	0.09136	0.02530	0.01487	0.05653	0.00748	0.02035	0.01094	0.01224
1	0.02569	0.04581	0.40998	0.10511	0.04811	0.02380	0.03535	0.03637	0.02406	0.11058	0.02300	0.02592	0.01585	0.01089	0.01052	0.00347	0.01489	0.00871	0.00595	0.01593
2	0.02437	0.02042	0.02355	0.01698	0.02658	0.01633	0.01365	0.07273	0.02528	0.03863	0.02001	0.02294	0.01637	0.00854	0.00834	0.00177	0.00844	0.00677	0.00688	0.62139
3	0.02445	0.01433	0.01765	0.01668	0.02044	0.01392	0.01233	0.03194	0.10979	0.15772	0.09097	0.25627	0.09202	0.06976	0.01580	0.00440	0.00760	0.02043	0.01096	0.01255
4	0.02295	0.01236	0.01651	0.01569	0.01898	0.01117	0.01165	0.02662	0.02714	0.16522	0.23420	0.27213	0.07225	0.02463	0.01279	0.00380	0.00662	0.02185	0.01166	0.01180
5	0.03514	0.07569	0.11145	0.11126	0.08398	0.06852	0.02480	0.14132	0.03167	0.17097	0.02640	0.02780	0.01858	0.01175	0.01045	0.00327	0.01295	0.00930	0.00838	0.01633
6	0.23598	0.02141	0.02810	0.16054	0.14658	0.02338	0.02179	0.03692	0.05790	0.13178	0.02426	0.02735	0.01778	0.01114	0.00962	0.00343	0.01097	0.00893	0.00753	0.01461
7	0.03283	0.01640	0.02048	0.01716	0.02301	0.01532	0.01349	0.04051	0.10048	0.28586	0.13611	0.05681	0.11168	0.06155	0.01485	0.00400	0.00807	0.01463	0.01194	0.01483
8	0.12624	0.02436	0.04079	0.04739	0.29044	0.02421	0.12679	0.03432	0.02501	0.08056	0.05621	0.03053	0.02273	0.01080	0.01078	0.00337	0.01261	0.01057	0.00672	0.01557
9	0.18459	0.08602	0.07133	0.02820	0.10650	0.10094	0.02118	0.11612	0.02920	0.12474	0.02276	0.02420	0.01679	0.01118	0.00941	0.00317	0.01222	0.00822	0.00780	0.01543
10	0.22184	0.01628	0.01737	0.01561	0.02038	0.01690	0.01205	0.03208	0.07188	0.12770	0.18112	0.09265	0.04972	0.06234	0.01388	0.00405	0.00763	0.01411	0.01006	0.01237
11	0.12586	0.01428	0.01744	0.01649	0.02067	0.01359	0.01237	0.03054	0.02404	0.21010	0.04767	0.32818	0.04791	0.02361	0.01186	0.00392	0.00764	0.02050	0.01077	0.01258
12	0.14567	0.03213	0.11341	0.02382	0.03337	0.02948	0.02200	0.32017	0.03978	0.09991	0.02470	0.02518	0.01738	0.01220	0.01014	0.00333	0.01185	0.00899	0.00943	0.01706
13	0.01527	0.01139	0.01686	0.01721	0.01898	0.01298	0.01315	0.01889	0.01798	0.02565	0.03339	0.11958	0.03333	0.07533	0.49782	0.01575	0.02611	0.01430	0.00642	0.00962
14	0.01647	0.01039	0.01387	0.01542	0.01687	0.00958	0.01063	0.01882	0.02254	0.07375	0.09697	0.51940	0.07074	0.03147	0.01358	0.00426	0.00648	0.02841	0.01056	0.00979
15	0.02333	0.01261	0.01647	0.01504	0.01834	0.01151	0.01108	0.02695	0.02707	0.16268	0.26756	0.14979	0.06976	0.11525	0.01925	0.00469	0.00718	0.01870	0.01123	0.01151
16	0.02059	0.01938	0.03270	0.59060	0.07510	0.02422	0.03028	0.02786	0.02180	0.02786	0.01938	0.02907	0.01453	0.01090	0.01090	0.00363	0.01453	0.00969	0.00484	0.01211
17	0.01489	0.01112	0.01382	0.01314	0.01595	0.01006	0.00986	0.01952	0.02957	0.04066	0.45025	0.08649	0.19758	0.02343	0.01287	0.00348	0.00523	0.02043	0.01160	0.01006
18	0.04259	0.02383	0.02798	0.02198	0.03016	0.02448	0.01798	0.22589	0.11934	0.29106	0.03693	0.03360	0.02485	0.01355	0.01096	0.00339	0.01019	0.01076	0.01214	0.01834
19	0.01586	0.01057	0.01189	0.01189	0.01189	0.01057	0.00661	0.01586	0.01586	0.02114	0.03436	0.07135	0.03964	0.61681	0.05550	0.01057	0.01057	0.01586	0.00661	0.00661
20	0.69383	0.02109	0.01603	0.01434	0.02109	0.02446	0.01181	0.03205	0.01856	0.04892	0.01518	0.01771	0.01181	0.01012	0.00675	0.00337	0.00843	0.00590	0.00675	0.01181
21	0.02906	0.02439	0.02575	0.02258	0.02909	0.02803	0.01773	0.11947	0.46440	0.04874	0.04191	0.03872	0.03129	0.01456	0.01107	0.00364	0.00909	0.01199	0.01107	0.01743
22	0.04288	0.02152	0.02632	0.02091	0.02889	0.02129	0.01704	0.12628	0.14545	0.36587	0.04068	0.03619	0.02707	0.01372	0.01098	0.00343	0.00956	0.01109	0.01255	0.01826
23	0.01328	0.00949	0.01265	0.01518	0.01581	0.00886	0.01012	0.01518	0.02088	0.02783	0.06010	0.60969	0.07212	0.03416	0.01392	0.00443	0.00633	0.03100	0.01012	0.00886
24	0.01434	0.01075	0.01280	0.01290	0.01513	0.00975	0.00915	0.01750	0.02527	0.03355	0.25819	0.17839	0.22443	0.10646	0.01882	0.00465	0.00620	0.02215	0.01037	0.00921
25	0.04439	0.01755	0.02385	0.01863	0.02627	0.01525	0.01525	0.04873	0.03116	0.48694	0.11071	0.04311	0.03727	0.01469	0.01122	0.00338	0.00872	0.01215	0.01329	0.01744
26	0.04145	0.03054	0.03272	0.02509	0.03381	0.03381	0.02072	0.51243	0.05127	0.06872	0.02618	0.02618	0.01854	0.01309	0.01091	0.00327	0.01200	0.00982	0.01091	0.01854
27	0.01450	0.01111	0.01328	0.01274	0.01572	0.00989	0.00955	0.01876	0.02865	0.03848	0.38404	0.09008	0.26515	0.02425	0.01287	0.00352	0.00528	0.02093	0.01131	0.00989
28	0.02055	0.01216	0.01607	0.01584	0.01892	0.01138	0.01249	0.02510	0.02754	0.10757	0.25519	0.15310	0.07286	0.02370	0.01281	0.00385	0.00698	0.12435	0.06841	0.01114
29	0.01776	0.01238	0.01450	0.01443	0.01766	0.01150	0.01062	0.02333	0.07207	0.07747	0.14169	0.24424	0.24827	0.02649	0.01287	0.00385	0.00633	0.02298	0.01076	0.01080
30	0.01701	0.01281	0.01594	0.01486	0.01792	0.01257	0.01123	0.02563	0.09832	0.04398	0.47553	0.07593	0.09346	0.02128	0.01262	0.00347	0.00562	0.01872	0.01188	0.01123
31	0.02143	0.01336	0.01787	0.01667	0.01910	0.01431	0.01237	0.06273	0.02081	0.07674	0.02980	0.04543	0.02786	0.17500	0.28689	0.11165	0.01908	0.01200	0.00698	0.00991
32	0.01851	0.01492	0.01708	0.01749	0.02049	0.01583	0.01268	0.03147	0.21436	0.03473	0.05843	0.35026	0.09776	0.02624	0.01276	0.00409	0.00713	0.02322	0.01049	0.01208
33	0.10060	0.01955	0.02441	0.01941	0.02734	0.01852	0.01586	0.05210	0.10976	0.43125	0.04085	0.03602	0.02670	0.01341	0.01062	0.00343	0.00910	0.01075	0.01253	0.01777
34	0.01331	0.01106	0.01163	0.01149	0.01499	0.00938	0.00862	0.01647	0.02585	0.03183	0.18238	0.10103	0.47096	0.02673	0.01288	0.00364	0.00546	0.02246	0.01044	0.00938
35	0.02681	0.01491	0.01813	0.01650	0.02050	0.01448	0.01211	0.03387	0.10804	0.18736	0.05064	0.17574	0.08449	0.15958	0.02214	0.00536	0.00851	0.01770	0.01048	0.01267
36	0.04113	0.01683	0.02281	0.01808	0.02515	0.01469	0.01469	0.04556	0.03113	0.43703	0.15940	0.04743	0.04465	0.01554	0.01141	0.00339	0.00832	0.01300	0.01315	0.01663
37	0.01313	0.01011	0.01201	0.01353	0.01538	0.00900	0.00939	0.01537	0.02246	0.02848	0.08018	0.40841	0.26044	0.03155	0.01351	0.00413	0.00601	0.02781	0.01012	0.00900
38	0.02065	0.01182	0.01605	0.01707	0.01953	0.01099	0.01290	0.02368	0.02370	0.12349	0.05650	0.39501	0.06188	0.02953	0.01365	0.00438	0.00771	0.12991	0.01071	0.01086
39	0.03911	0.02810	0.03146	0.07065	0.03626	0.03108	0.02085	0.39878	0.08767	0.10125	0.02847	0.02849	0.02012	0.01309	0.01093	0.00335	0.01171	0.01011	0.01063	0.01791
40	0.15172	0.03016	0.02844	0.02280	0.03069	0.10896	0.01851	0.28756	0.03950	0.13909	0.02572	0.02559	0.01814	0.01239	0.01006	0.00324	0.01209	0.00894	0.00985	0.01655
41	0.15085	0.02321	0.03186	0.19407	0.08539	0.02540	0.05907	0.13678	0.02952	0.12509	0.02411	0.02755	0.01724	0.01141	0.01031	0.00344	0.01224	0.00948	0.00794	0.01505
42	0.03576	0.17061	0.03877	0.07026	0.07551	0.16651	0.02204	0.21395	0.03533	0.04291	0.02042	0.02287	0.01600	0.01135	0.00974	0.00297	0.01406	0.00820	0.00730	0.01547
43	0.12307	0.20799	0.08221	0.02440	0.03358	0.07814	0.06608	0.18501	0.03196	0.04403	0.01977	0.02199	0.01536	0.01085	0.00924	0.00302	0.01296	0.00803	0.00707	0.01525
44	0.08027	0.28584	0.04211	0.19501	0.04295	0.03423	0.02206	0.11646	0.02694	0.03579	0.01842	0.02261	0.01480	0.01054	0.00887	0.00298	0.01235	0.00773	0.00599	0.01406
45	0.03164	0.35779	0.04579	0.10190	0.03643	0.13201	0.02100	0.09884	0.02758	0.03198	0.01754	0.02068	0.01469	0.01039	0.00857	0.00273	0.01351	0.00712	0.00570	0.01411
46	0.02739	0.21549	0.04166	0.24924	0.11775	0.11876	0.02557	0.03265	0.02379	0.02803	0.01780	0.02363	0.01466	0.01030	0.00949	0.00304	0.01424	0.00805	0.00499	0.01349
47	0.03057	0.30048	0.04335	0.16279	0.04137	0.15492	0.02223	0.07194	0.02631	0.02984	0.01745	0.02153	0.01450	0.01044	0.00890	0.00283	0.01417	0.00737	0.00542	0.01359
48	0.02464	0.30084	0.08571	0.28258	0.05116	0.03304	0.02571	0.03060	0.02206	0.02737	0.01745	0.02325	0.01423	0.01013	0.00906	0.00302	0.01333	0.00778	0.00474	0.01330
49	0.07277	0.10951	0.03931	0.34705	0.12681	0.02752	0.06862	0.03023	0.02236	0.03074	0.01884	0.02629	0.01480	0.01031	0.01018	0.00337	0.01378	0.00912	0.00509	0.01329

[dist]
# distance from previous block
# <min> <max>
11	24

[block]
# block no. 3 follows, 12 sequences, length 14
# corresponding to MSA columns:
# 300-313
name=unknown_D
#
# <colnr> <probs for GDERKNQSTAVLIFYWHMCP>
#	G	D	E	R	K	N	Q	S	T	A	V	L	I	F	Y	W	H	M	C	P
0	0.01701	0.01329	0.01586	0.01673	0.01922	0.01362	0.01219	0.02637	0.14443	0.03365	0.09317	0.35999	0.10590	0.02785	0.01315	0.00416	0.00698	0.05486	0.01048	0.01108
1	0.01526	0.01032	0.01207	0.01265	0.01280	0.01017	0.00742	0.01570	0.01702	0.02269	0.04032	0.19616	0.04717	0.48173	0.04586	0.00915	0.00959	0.01937	0.00742	0.00713
2	0.01634	0.01005	0.01292	0.01311	0.01436	0.00940	0.00896	0.01485	0.01830	0.02320	0.05296	0.10359	0.19608	0.06824	0.03142	0.36861	0.00800	0.01594	0.00703	0.00663
3	0.02163	0.02137	0.02074	0.02007	0.02290	0.14819	0.01542	0.02526	0.02074	0.02564	0.02623	0.03726	0.02408	0.06481	0.43799	0.01398	0.02691	0.01056	0.00579	0.01043
4	0.01749	0.00981	0.01336	0.01358	0.01363	0.00975	0.00865	0.01480	0.01530	0.02040	0.02732	0.09580	0.03001	0.21584	0.04405	0.41588	0.00953	0.01334	0.00579	0.00568
5	0.03331	0.42159	0.04855	0.02118	0.02998	0.09578	0.01940	0.14919	0.03006	0.03612	0.01798	0.01981	0.01509	0.01043	0.00823	0.00261	0.01257	0.00691	0.00626	0.01495
6	0.02418	0.16466	0.03091	0.01675	0.02636	0.02142	0.01430	0.02870	0.02250	0.03315	0.01836	0.02138	0.01563	0.00838	0.00782	0.00179	0.00894	0.00631	0.00603	0.52243
7	0.01827	0.01569	0.01882	0.07615	0.02472	0.06188	0.01429	0.02222	0.02212	0.02959	0.15138	0.05235	0.04458	0.12266	0.26526	0.01053	0.01868	0.01354	0.00730	0.00996
8	0.01528	0.01099	0.01610	0.01671	0.01820	0.01217	0.01247	0.01804	0.01808	0.02544	0.03587	0.17846	0.03743	0.06704	0.39923	0.06416	0.02222	0.01616	0.00679	0.00915
9	0.02033	0.01794	0.06075	0.01845	0.02213	0.01708	0.01516	0.09978	0.02303	0.03207	0.02921	0.04545	0.02778	0.19379	0.31395	0.01245	0.02091	0.01210	0.00675	0.01091
10	0.01891	0.02236	0.09847	0.37592	0.05682	0.02076	0.02634	0.02582	0.02270	0.02914	0.04131	0.04650	0.14188	0.01485	0.01131	0.00362	0.01258	0.01267	0.00608	0.01195
11	0.18911	0.02474	0.02789	0.23092	0.08461	0.09421	0.02230	0.03653	0.06725	0.08964	0.02274	0.02681	0.01694	0.01127	0.00978	0.00341	0.01255	0.00880	0.00688	0.01362
12	0.02266	0.02034	0.03135	0.46478	0.06493	0.02376	0.02713	0.06969	0.02446	0.03242	0.01997	0.02795	0.01510	0.01071	0.01052	0.00333	0.01345	0.00927	0.00559	0.10258
13	0.03515	0.02809	0.03206	0.14461	0.04187	0.15391	0.07142	0.07147	0.02873	0.18418	0.02723	0.03020	0.01963	0.01796	0.06053	0.00457	0.01577	0.00993	0.00811	0.01460

[dist]
# distance from previous block
# <min> <max>
1	9

[block]
# block no. 4 follows, 12 sequences, length 55
# corresponding to MSA columns:
# 323-377
name=unknown_E
#
# <colnr> <probs for GDERKNQSTAVLIFYWHMCP>
#	G	D	E	R	K	N	Q	S	T	A	V	L	I	F	Y	W	H	M	C	P
0	0.09442	0.06716	0.08933	0.02872	0.07833	0.06526	0.09874	0.03865	0.06860	0.12004	0.02502	0.02698	0.01857	0.01060	0.00997	0.00304	0.01236	0.00911	0.00741	0.12770
1	0.37258	0.07376	0.02802	0.10516	0.11545	0.02715	0.01933	0.07797	0.02348	0.04375	0.01769	0.02160	0.01390	0.01038	0.00840	0.00329	0.01064	0.00742	0.00649	0.01356
2	0.24379	0.19093	0.19762	0.02088	0.03152	0.02871	0.02262	0.03254	0.02129	0.03699	0.01695	0.01978	0.01343	0.00979	0.00807	0.00295	0.01165	0.00661	0.00550	0.07836
3	0.01672	0.01194	0.01659	0.01910	0.02124	0.01181	0.01609	0.02111	0.02426	0.03168	0.05820	0.21993	0.06462	0.03093	0.01483	0.00490	0.00930	0.38689	0.01006	0.00980
4	0.04002	0.09000	0.03320	0.02679	0.03331	0.42641	0.02082	0.13613	0.03431	0.03498	0.01859	0.02080	0.01494	0.01146	0.00984	0.00287	0.01754	0.00749	0.00660	0.01392
5	0.01559	0.01046	0.01197	0.01223	0.01230	0.01039	0.00697	0.01579	0.01637	0.02183	0.03701	0.12678	0.04298	0.55682	0.05122	0.00994	0.01013	0.01741	0.00697	0.00684
6	0.01585	0.01136	0.01398	0.01425	0.01591	0.01058	0.00966	0.01787	0.02037	0.02790	0.09189	0.24139	0.05553	0.26276	0.02992	0.00655	0.00841	0.05965	0.00851	0.07765
7	0.02187	0.05640	0.56031	0.03108	0.04719	0.02532	0.04029	0.03453	0.02302	0.03453	0.01957	0.02302	0.01381	0.01036	0.01036	0.00345	0.01611	0.00806	0.00460	0.01611
8	0.04755	0.02075	0.02666	0.02044	0.02893	0.01928	0.01689	0.13729	0.03488	0.46700	0.03993	0.03511	0.02544	0.01342	0.01095	0.00336	0.00978	0.01075	0.01302	0.01855
9	0.01431	0.01110	0.01302	0.01254	0.01560	0.00981	0.00941	0.01841	0.02822	0.03744	0.35259	0.09179	0.29725	0.02463	0.01287	0.00354	0.00531	0.02117	0.01118	0.00981
10	0.01586	0.01057	0.01189	0.01189	0.01189	0.01057	0.00661	0.01586	0.01586	0.02114	0.03436	0.07135	0.03964	0.61681	0.05550	0.01057	0.01057	0.01586	0.00661	0.00661
11	0.04145	0.03054	0.03272	0.02509	0.03381	0.03381	0.02072	0.51243	0.05127	0.06872	0.02618	0.02618	0.01854	0.01309	0.01091	0.00327	0.01200	0.00982	0.01091	0.01854
12	0.01611	0.01048	0.01208	0.01208	0.01208	0.01048	0.00684	0.01572	0.01572	0.02096	0.03311	0.06826	0.03797	0.56998	0.05445	0.06494	0.01048	0.01534	0.00646	0.00646
13	0.01543	0.01115	0.01457	0.01372	0.01629	0.01029	0.01029	0.02058	0.03086	0.04372	0.54304	0.08145	0.10288	0.02229	0.01286	0.00343	0.00514	0.01972	0.01200	0.01029
14	0.01586	0.01057	0.01189	0.01189	0.01189	0.01057	0.00661	0.01586	0.01586	0.02114	0.03436	0.07135	0.03964	0.61681	0.05550	0.01057	0.01057	0.01586	0.00661	0.00661
15	0.69383	0.02109	0.01603	0.01434	0.02109	0.02446	0.01181	0.03205	0.01856	0.04892	0.01518	0.01771	0.01181	0.01012	0.00675	0.00337	0.00843	0.00590	0.00675	0.01181
16	0.02915	0.62337	0.05714	0.01866	0.02799	0.04314	0.01866	0.03265	0.02215	0.02565	0.01516	0.01749	0.01399	0.00933	0.00700	0.00233	0.01166	0.00583	0.00466	0.01399
17	0.63396	0.02093	0.01661	0.01450	0.02151	0.02357	0.01191	0.03164	0.01892	0.04773	0.01556	0.01815	0.01220	0.00994	0.00687	0.00322	0.00840	0.00595	0.00672	0.07172
18	0.02915	0.62337	0.05714	0.01866	0.02799	0.04314	0.01866	0.03265	0.02215	0.02565	0.01516	0.01749	0.01399	0.00933	0.00700	0.00233	0.01166	0.00583	0.00466	0.01399
19	0.02261	0.01938	0.02261	0.01615	0.02584	0.01453	0.01292	0.02745	0.02261	0.03553	0.01938	0.02261	0.01615	0.00807	0.00807	0.00161	0.00807	0.00646	0.00646	0.68346
20	0.04073	0.05197	0.03090	0.02809	0.03371	0.57303	0.02107	0.04354	0.03090	0.02669	0.01685	0.01966	0.01404	0.01124	0.00983	0.00281	0.01966	0.00702	0.00562	0.01264
21	0.02793	0.02927	0.16234	0.02529	0.07469	0.06447	0.02211	0.03383	0.02588	0.16315	0.04646	0.12902	0.11391	0.01762	0.01146	0.00355	0.01119	0.01479	0.00874	0.01429
22	0.03197	0.40623	0.04579	0.01982	0.02805	0.09162	0.01812	0.07591	0.02713	0.07838	0.06469	0.02578	0.02328	0.01135	0.00849	0.00265	0.01173	0.00796	0.00673	0.01433
23	0.01682	0.01172	0.01447	0.01406	0.01422	0.01271	0.00899	0.01691	0.01591	0.02173	0.03068	0.06109	0.03438	0.46298	0.09720	0.07535	0.06308	0.01433	0.00620	0.00716
24	0.02361	0.19184	0.44011	0.02811	0.04260	0.02958	0.03512	0.03408	0.02281	0.03241	0.01851	0.02170	0.01386	0.01011	0.00956	0.00319	0.01505	0.00753	0.00462	0.01561
25	0.02747	0.03446	0.23043	0.16569	0.16124	0.02356	0.03220	0.03604	0.02458	0.12516	0.02386	0.02777	0.01707	0.01089	0.01069	0.00343	0.01385	0.00931	0.00640	0.01588
26	0.02286	0.02503	0.08406	0.18085	0.20803	0.02346	0.11383	0.03016	0.02336	0.03220	0.02415	0.03652	0.02066	0.01894	0.06941	0.00504	0.01602	0.04571	0.00561	0.01412
27	0.02059	0.01938	0.03270	0.59060	0.07510	0.02422	0.03028	0.02786	0.02180	0.02786	0.01938	0.02907	0.01453	0.01090	0.01090	0.00363	0.01453	0.00969	0.00484	0.01211
28	0.01894	0.00947	0.01420	0.01420	0.01420	0.00947	0.00947	0.01420	0.01420	0.01894	0.01894	0.03314	0.01894	0.03788	0.04261	0.68277	0.00947	0.00947	0.00473	0.00473
29	0.03017	0.03167	0.16385	0.09024	0.09209	0.02375	0.19268	0.03851	0.02600	0.16252	0.02625	0.02959	0.01836	0.01073	0.01145	0.00351	0.01478	0.01071	0.00719	0.01595
30	0.09229	0.01975	0.07035	0.02511	0.07298	0.01661	0.06455	0.02853	0.02358	0.11265	0.04199	0.26105	0.04297	0.02156	0.01214	0.00395	0.00991	0.05841	0.00894	0.01268
31	0.01690	0.01128	0.01381	0.01376	0.01665	0.01003	0.01009	0.02026	0.02608	0.07912	0.22064	0.23600	0.23149	0.02665	0.01301	0.00379	0.00596	0.02325	0.01098	0.01025
32	0.62743	0.02083	0.01698	0.01486	0.02178	0.02359	0.01224	0.03422	0.01986	0.10116	0.01805	0.01971	0.01337	0.01047	0.00718	0.00337	0.00852	0.00643	0.00744	0.01250
33	0.02436	0.07892	0.03952	0.19354	0.04743	0.02468	0.14914	0.03014	0.02300	0.07488	0.02774	0.12168	0.02533	0.01511	0.01409	0.00374	0.07344	0.01367	0.00659	0.01298
34	0.02212	0.01329	0.01762	0.01755	0.02073	0.01350	0.01371	0.02815	0.06590	0.11669	0.04628	0.20041	0.04567	0.03830	0.14787	0.00732	0.01310	0.10102	0.05910	0.01168
35	0.01289	0.01105	0.01105	0.01105	0.01473	0.00920	0.00828	0.01565	0.02485	0.02946	0.11046	0.10493	0.54437	0.02761	0.01289	0.00368	0.00552	0.02301	0.01013	0.00920
36	0.02825	0.02502	0.04969	0.18229	0.05683	0.02479	0.30359	0.03612	0.02563	0.11963	0.02484	0.03060	0.01776	0.01035	0.01204	0.00362	0.01588	0.01173	0.00667	0.01467
37	0.03331	0.02460	0.03600	0.14085	0.24539	0.02581	0.02666	0.15435	0.03196	0.13466	0.02570	0.02895	0.01882	0.01143	0.01087	0.00334	0.01235	0.00996	0.00810	0.01690
38	0.03082	0.03254	0.03647	0.17790	0.23550	0.19009	0.02787	0.07679	0.02822	0.03395	0.01964	0.02522	0.01576	0.01075	0.01054	0.00321	0.01526	0.00891	0.00581	0.01475
39	0.42534	0.02688	0.06911	0.08349	0.10393	0.06532	0.01986	0.03288	0.02106	0.04201	0.01686	0.02078	0.01319	0.01025	0.00828	0.00335	0.01118	0.00710	0.00610	0.01303
40	0.69383	0.02109	0.01603	0.01434	0.02109	0.02446	0.01181	0.03205	0.01856	0.04892	0.01518	0.01771	0.01181	0.01012	0.00675	0.00337	0.00843	0.00590	0.00675	0.01181
41	0.01721	0.01301	0.01611	0.01500	0.01812	0.01284	0.01135	0.02625	0.10654	0.04401	0.46730	0.07526	0.09231	0.02115	0.01259	0.00347	0.00567	0.01860	0.01186	0.01135
42	0.01541	0.01111	0.01464	0.01433	0.01673	0.01034	0.01083	0.02026	0.02957	0.04151	0.46453	0.13014	0.09718	0.02391	0.01312	0.00364	0.00562	0.05532	0.01169	0.01015
43	0.02919	0.02070	0.02324	0.02041	0.02643	0.02261	0.01598	0.05142	0.36571	0.13530	0.11988	0.04624	0.04275	0.01570	0.01134	0.00360	0.00821	0.01321	0.01166	0.01643
44	0.10378	0.01877	0.02451	0.01897	0.02726	0.01674	0.01567	0.05134	0.03013	0.51318	0.04065	0.03546	0.02570	0.01321	0.01061	0.00337	0.00921	0.01053	0.01292	0.01798
45	0.02250	0.10571	0.51655	0.03000	0.04552	0.02687	0.03840	0.03437	0.02294	0.03376	0.01918	0.02254	0.01383	0.01027	0.01007	0.00336	0.01573	0.00786	0.00461	0.01593
46	0.02370	0.04362	0.32545	0.03812	0.05183	0.02639	0.26233	0.03472	0.02431	0.03472	0.02075	0.02605	0.01511	0.00981	0.01155	0.00356	0.01719	0.01034	0.00504	0.01545
47	0.01451	0.01036	0.01406	0.01658	0.01775	0.00991	0.01225	0.01730	0.02208	0.02920	0.05942	0.47080	0.06944	0.03301	0.01424	0.00460	0.00739	0.15782	0.01010	0.00919
48	0.04892	0.01856	0.02530	0.01940	0.02783	0.01603	0.01603	0.05314	0.03121	0.55634	0.04302	0.03711	0.02699	0.01350	0.01096	0.00337	0.00928	0.01096	0.01350	0.01856
49	0.02261	0.01938	0.02261	0.01615	0.02584	0.01453	0.01292	0.02745	0.02261	0.03553	0.01938	0.02261	0.01615	0.00807	0.00807	0.00161	0.00807	0.00646	0.00646	0.68346
50	0.01596	0.01093	0.01332	0.01354	0.01408	0.01125	0.00873	0.01705	0.01695	0.02285	0.03560	0.07131	0.03968	0.47729	0.13632	0.01121	0.01356	0.05617	0.00679	0.00742
51	0.01366	0.00976	0.01308	0.01561	0.01640	0.00918	0.01077	0.01583	0.02124	0.02825	0.05989	0.56735	0.07130	0.03381	0.01402	0.00448	0.00665	0.06966	0.01011	0.00896
52	0.02724	0.47461	0.18916	0.02192	0.03302	0.03847	0.02433	0.03314	0.02238	0.02798	0.01632	0.01894	0.01395	0.00960	0.00788	0.00263	0.01283	0.00641	0.00465	0.01455
53	0.08039	0.01774	0.02241	0.15795	0.03549	0.01822	0.01703	0.02931	0.09278	0.03441	0.03224	0.16654	0.03114	0.01613	0.01047	0.00323	0.00936	0.01389	0.00761	0.20362
54	0.03172	0.12394	0.08484	0.02865	0.07222	0.02695	0.10396	0.12632	0.02991	0.11323	0.02386	0.02600	0.01773	0.01049	0.01005	0.00291	0.01235	0.00909	0.00761	0.13817

[dist]
# distance from previous block
# <min> <max>
1	27

[block]
# block no. 5 follows, 12 sequences, length 22
# corresponding to MSA columns:
# 405-426
name=unknown_F
#
# <colnr> <probs for GDERKNQSTAVLIFYWHMCP>
#	G	D	E	R	K	N	Q	S	T	A	V	L	I	F	Y	W	H	M	C	P
0	0.02435	0.01748	0.02150	0.01933	0.02398	0.01891	0.01513	0.09048	0.13800	0.08072	0.03558	0.09044	0.03090	0.04347	0.24344	0.00926	0.01734	0.01296	0.00871	0.05802
1	0.02443	0.10263	0.09863	0.02018	0.02799	0.02351	0.01847	0.07931	0.15167	0.04164	0.15403	0.04120	0.04125	0.01414	0.01042	0.00306	0.00939	0.01159	0.00888	0.11758
2	0.03060	0.55188	0.05385	0.01984	0.02870	0.10944	0.01896	0.03401	0.02325	0.02578	0.01537	0.01776	0.01400	0.00957	0.00735	0.00239	0.01266	0.00598	0.00478	0.01382
3	0.02275	0.12473	0.49967	0.02958	0.04488	0.02747	0.03768	0.03430	0.02292	0.03346	0.01904	0.02235	0.01383	0.01023	0.00995	0.00332	0.01558	0.00779	0.00461	0.01586
4	0.04235	0.02910	0.03183	0.02440	0.03309	0.03167	0.02016	0.45708	0.04885	0.12749	0.02821	0.02750	0.01956	0.01314	0.01091	0.00328	0.01167	0.00996	0.01122	0.01854
5	0.01575	0.01098	0.01398	0.01398	0.01470	0.01170	0.00921	0.01719	0.01647	0.02269	0.03245	0.06079	0.03506	0.41867	0.24737	0.01315	0.01747	0.01431	0.00632	0.00777
6	0.01604	0.01155	0.01543	0.01554	0.01809	0.01094	0.01237	0.02115	0.02921	0.04055	0.40418	0.09333	0.09140	0.02453	0.01349	0.00388	0.00654	0.15010	0.01144	0.01022
7	0.01355	0.00970	0.01289	0.01500	0.01587	0.00904	0.01014	0.01586	0.02213	0.02982	0.12052	0.54360	0.07596	0.03267	0.01378	0.00430	0.00618	0.02959	0.01036	0.00904
8	0.02261	0.01938	0.02261	0.01615	0.02584	0.01453	0.01292	0.02745	0.02261	0.03553	0.01938	0.02261	0.01615	0.00807	0.00807	0.00161	0.00807	0.00646	0.00646	0.68346
9	0.03764	0.01606	0.02169	0.01749	0.02395	0.01409	0.01409	0.04217	0.03109	0.38368	0.21144	0.05205	0.05255	0.01646	0.01160	0.00339	0.00789	0.01391	0.01299	0.01577
10	0.01328	0.00949	0.01265	0.01518	0.01581	0.00886	0.01012	0.01518	0.02088	0.02783	0.06010	0.60969	0.07212	0.03416	0.01392	0.00443	0.00633	0.03100	0.01012	0.00886
11	0.02448	0.01689	0.01909	0.01706	0.02222	0.01719	0.01326	0.03840	0.21505	0.12305	0.15789	0.06555	0.18584	0.01954	0.01190	0.00359	0.00721	0.01646	0.01139	0.01392
12	0.02235	0.02117	0.03587	0.44692	0.20507	0.02469	0.03115	0.02940	0.02263	0.02999	0.01969	0.02850	0.01529	0.01058	0.01087	0.00353	0.01410	0.00970	0.00500	0.01353
13	0.01586	0.01057	0.01189	0.01189	0.01189	0.01057	0.00661	0.01586	0.01586	0.02114	0.03436	0.07135	0.03964	0.61681	0.05550	0.01057	0.01057	0.01586	0.00661	0.00661
14	0.18967	0.04615	0.21064	0.02585	0.03537	0.25283	0.02552	0.03769	0.02523	0.03469	0.01740	0.02036	0.01343	0.01067	0.00928	0.00317	0.01576	0.00711	0.00554	0.01364
15	0.69383	0.02109	0.01603	0.01434	0.02109	0.02446	0.01181	0.03205	0.01856	0.04892	0.01518	0.01771	0.01181	0.01012	0.00675	0.00337	0.00843	0.00590	0.00675	0.01181
16	0.03133	0.03344	0.17552	0.06927	0.03848	0.02750	0.02614	0.16297	0.09839	0.11101	0.02698	0.02860	0.01948	0.01320	0.01390	0.00361	0.08569	0.00978	0.00831	0.01639
17	0.02485	0.01931	0.02284	0.01643	0.02601	0.01466	0.01318	0.02964	0.02334	0.07986	0.02139	0.02384	0.01707	0.00854	0.00832	0.00176	0.00818	0.00684	0.00706	0.62686
18	0.02005	0.04082	0.36613	0.07343	0.04057	0.02115	0.03079	0.02958	0.02325	0.03376	0.10139	0.03829	0.03061	0.08532	0.01623	0.00432	0.01363	0.01092	0.00600	0.01374
19	0.01563	0.01127	0.01485	0.01430	0.01687	0.01050	0.01096	0.02076	0.03034	0.04271	0.49858	0.08525	0.09920	0.02301	0.01306	0.00358	0.00559	0.06146	0.01182	0.01027
20	0.08821	0.42188	0.04710	0.02036	0.02890	0.11144	0.01866	0.09409	0.02667	0.03314	0.01677	0.01889	0.01438	0.01012	0.00784	0.00260	0.01250	0.00650	0.00575	0.01420
21	0.02790	0.13655	0.22154	0.02918	0.04087	0.02801	0.12817	0.06903	0.05992	0.08035	0.02343	0.02599	0.01730	0.01054	0.01031	0.00319	0.01398	0.00924	0.00653	0.05796

[dist]
# distance from previous block
# <min> <max>
0	1

[block]
# block no. 6 follows, 12 sequences, length 20
# corresponding to MSA columns:
# 428-447
name=unknown_G
#
# <colnr> <probs for GDERKNQSTAVLIFYWHMCP>
#	G	D	E	R	K	N	Q	S	T	A	V	L	I	F	Y	W	H	M	C	P
0	0.03604	0.07874	0.08813	0.02560	0.03487	0.02934	0.06316	0.24020	0.11592	0.13183	0.02977	0.02943	0.02117	0.01250	0.01074	0.00333	0.01197	0.01015	0.00973	0.01740
1	0.69383	0.02109	0.01603	0.01434	0.02109	0.02446	0.01181	0.03205	0.01856	0.04892	0.01518	0.01771	0.01181	0.01012	0.00675	0.00337	0.00843	0.00590	0.00675	0.01181
2	0.02895	0.04040	0.20211	0.07553	0.04217	0.12795	0.06559	0.10936	0.02783	0.03643	0.01931	0.02404	0.01496	0.01253	0.01533	0.00358	0.12446	0.00892	0.00590	0.01465
3	0.01299	0.01065	0.01145	0.01209	0.01500	0.00912	0.00875	0.01553	0.02385	0.02905	0.09779	0.23184	0.42563	0.02926	0.01315	0.00387	0.00572	0.02502	0.01012	0.00912
4	0.01401	0.01025	0.01279	0.01384	0.01536	0.00944	0.00951	0.01664	0.02343	0.03129	0.18347	0.34592	0.15066	0.08990	0.01775	0.00470	0.00635	0.02543	0.01022	0.00903
5	0.01558	0.01168	0.01752	0.01752	0.01947	0.01363	0.01363	0.01947	0.01752	0.02531	0.02921	0.04283	0.02726	0.08178	0.57360	0.01752	0.02921	0.01168	0.00584	0.00974
6	0.02018	0.02070	0.07018	0.36581	0.05511	0.02182	0.02568	0.02698	0.02290	0.03167	0.09687	0.03681	0.02852	0.01335	0.01291	0.00359	0.06031	0.01105	0.06357	0.01198
7	0.01586	0.01057	0.01189	0.01189	0.01189	0.01057	0.00661	0.01586	0.01586	0.02114	0.03436	0.07135	0.03964	0.61681	0.05550	0.01057	0.01057	0.01586	0.00661	0.00661
8	0.02249	0.02548	0.11128	0.01861	0.02936	0.01631	0.01743	0.02862	0.02268	0.03536	0.01941	0.02268	0.01576	0.00845	0.00845	0.00192	0.00940	0.00672	0.00615	0.57342
9	0.03872	0.12318	0.07553	0.02328	0.03191	0.11413	0.02047	0.16596	0.07519	0.18210	0.02852	0.02770	0.02024	0.01225	0.01012	0.00313	0.01247	0.00914	0.00933	0.01662
10	0.01798	0.01117	0.01515	0.01681	0.01871	0.01050	0.01255	0.02088	0.02297	0.08314	0.05777	0.43178	0.06520	0.03105	0.01389	0.00447	0.00754	0.13785	0.01045	0.01014
11	0.02449	0.03811	0.22421	0.04116	0.05383	0.02685	0.35804	0.03480	0.02486	0.03480	0.02126	0.02735	0.01566	0.00957	0.01206	0.00360	0.01765	0.01132	0.00522	0.01516
12	0.02932	0.02388	0.03692	0.16187	0.04623	0.02542	0.13741	0.14778	0.08248	0.08884	0.07983	0.03571	0.02798	0.01279	0.01160	0.00352	0.01284	0.01188	0.00855	0.01513
13	0.02712	0.02342	0.02465	0.02219	0.02835	0.02712	0.01726	0.05794	0.52909	0.04561	0.04438	0.04068	0.03328	0.01479	0.01109	0.00370	0.00863	0.01233	0.01109	0.01726
14	0.20956	0.01845	0.02186	0.01754	0.02496	0.01759	0.01438	0.04450	0.02796	0.37568	0.08628	0.03664	0.03077	0.01352	0.01008	0.00338	0.00865	0.01056	0.01163	0.01601
15	0.29306	0.01858	0.02087	0.06088	0.07776	0.02014	0.01561	0.03197	0.06167	0.08451	0.11312	0.09404	0.03679	0.01526	0.00988	0.00352	0.00864	0.01233	0.00859	0.01279
16	0.14554	0.02509	0.08336	0.02629	0.07338	0.02178	0.06172	0.04531	0.10023	0.25759	0.03261	0.03151	0.02238	0.01213	0.01038	0.00344	0.01082	0.01009	0.00978	0.01657
17	0.08396	0.02390	0.03712	0.03480	0.13290	0.02406	0.13641	0.07878	0.10767	0.13352	0.06904	0.03492	0.02762	0.01234	0.01121	0.00347	0.01187	0.01158	0.00882	0.01601
18	0.02781	0.02421	0.08509	0.15817	0.09509	0.02236	0.06555	0.07140	0.06631	0.11647	0.02682	0.03179	0.02016	0.01986	0.06289	0.05967	0.01424	0.01038	0.00734	0.01438
19	0.13949	0.02043	0.02952	0.06671	0.03388	0.02092	0.10844	0.03638	0.09735	0.11924	0.03091	0.07876	0.02531	0.02025	0.06729	0.00487	0.01282	0.01193	0.00824	0.06726

[dist]
# distance from previous block
# <min> <max>
2	52

[block]
# block no. 7 follows, 12 sequences, length 53
# corresponding to MSA columns:
# 502-554
name=unknown_H
#
# <colnr> <probs for GDERKNQSTAVLIFYWHMCP>
#	G	D	E	R	K	N	Q	S	T	A	V	L	I	F	Y	W	H	M	C	P
0	0.03359	0.02578	0.03344	0.08894	0.07954	0.02745	0.06075	0.23053	0.11708	0.09509	0.02852	0.02982	0.02078	0.01217	0.01086	0.00328	0.01176	0.01028	0.00927	0.07106
1	0.02721	0.07259	0.07094	0.02602	0.07487	0.06826	0.05802	0.03568	0.10290	0.07505	0.02620	0.03182	0.02149	0.06257	0.01647	0.06170	0.01171	0.00969	0.00710	0.13971
