[name]
unknown

[dist]
# distance from previous block
# <min> <max>
23	45

[block]
# block no. 0 follows, 10 sequences, length 51
# corresponding to MSA columns:
# 58-108
name=unknown_A
#
# <colnr> <probs for GDERKNQSTAVLIFYWHMCP>
#	G	D	E	R	K	N	Q	S	T	A	V	L	I	F	Y	W	H	M	C	P
0	0.02677	0.02632	0.07806	0.13699	0.04091	0.02863	0.02537	0.10204	0.02523	0.03539	0.01982	0.02857	0.01684	0.01998	0.02700	0.11395	0.21877	0.01010	0.00617	0.01307
1	0.13415	0.02601	0.04347	0.15914	0.26532	0.02732	0.10909	0.03449	0.02488	0.03852	0.02098	0.02806	0.01672	0.01060	0.01121	0.00365	0.01439	0.01028	0.00590	0.01584
2	0.02685	0.03622	0.15655	0.04155	0.05357	0.02884	0.31142	0.04124	0.10491	0.03906	0.02694	0.03197	0.02001	0.01105	0.01286	0.00388	0.01738	0.01258	0.00667	0.01645
3	0.13149	0.04218	0.29371	0.02625	0.03836	0.02565	0.02971	0.03965	0.12110	0.04130	0.03456	0.03562	0.06513	0.01369	0.01082	0.00375	0.01314	0.01063	0.00726	0.01599
4	0.03862	0.11418	0.02991	0.01896	0.02688	0.02044	0.01596	0.04326	0.03084	0.29925	0.13965	0.04503	0.04301	0.01520	0.01117	0.00327	0.00926	0.01240	0.01186	0.07085
5	0.13591	0.02457	0.02477	0.02228	0.02896	0.02846	0.01744	0.05722	0.41837	0.04924	0.04217	0.03933	0.03170	0.01495	0.01106	0.00389	0.00917	0.01201	0.01106	0.01744
6	0.02798	0.39189	0.15314	0.11282	0.04240	0.03877	0.02670	0.03439	0.02376	0.02970	0.01788	0.02192	0.01498	0.01045	0.00889	0.00296	0.01392	0.00739	0.00499	0.01506
7	0.03775	0.03311	0.19278	0.11483	0.04480	0.02178	0.02806	0.04573	0.02877	0.28437	0.03354	0.03326	0.02200	0.01284	0.01147	0.00367	0.01321	0.01046	0.00977	0.01780
8	0.02896	0.04510	0.27824	0.03702	0.05082	0.02965	0.18016	0.12796	0.03169	0.04446	0.02319	0.02747	0.01672	0.01124	0.01204	0.00372	0.01708	0.01065	0.00661	0.01723
9	0.43338	0.14042	0.02905	0.10720	0.03357	0.03014	0.01737	0.03358	0.02116	0.04336	0.01693	0.02086	0.01356	0.01076	0.00799	0.00342	0.01078	0.00695	0.00640	0.01313
10	0.02248	0.02010	0.02991	0.36142	0.05945	0.02401	0.02591	0.03502	0.12229	0.03641	0.10780	0.04282	0.03525	0.01450	0.01202	0.00385	0.01255	0.01269	0.00780	0.01372
11	0.02333	0.02839	0.11929	0.39325	0.14832	0.02633	0.03464	0.03189	0.02401	0.03228	0.02091	0.02957	0.01586	0.01132	0.01151	0.00377	0.01550	0.01005	0.00522	0.01455
12	0.02196	0.02067	0.03488	0.56331	0.08010	0.02584	0.03230	0.02972	0.02326	0.02972	0.02067	0.03101	0.01550	0.01163	0.01163	0.00388	0.01550	0.01034	0.00517	0.01292
13	0.01682	0.01140	0.01327	0.01308	0.01365	0.01121	0.00785	0.01795	0.02020	0.02750	0.13438	0.07832	0.05614	0.47473	0.04986	0.00971	0.01009	0.01776	0.00823	0.00785
14	0.02473	0.02447	0.03547	0.13994	0.04071	0.03361	0.02685	0.02834	0.01893	0.02834	0.01638	0.02659	0.01532	0.01856	0.03272	0.00484	0.45612	0.01021	0.00511	0.01276
15	0.67341	0.02249	0.01709	0.01529	0.02249	0.02609	0.01260	0.03419	0.01979	0.05218	0.01619	0.01889	0.01260	0.01080	0.00720	0.00360	0.00900	0.00630	0.00720	0.01260
16	0.05218	0.01979	0.02699	0.02069	0.02969	0.01709	0.01709	0.05668	0.03329	0.52677	0.04588	0.03959	0.02879	0.01439	0.01170	0.00360	0.00990	0.01170	0.01439	0.01979
17	0.01795	0.01321	0.01724	0.12575	0.02653	0.01427	0.01223	0.01954	0.01822	0.02402	0.03337	0.06685	0.03678	0.47224	0.04943	0.00976	0.01214	0.01556	0.00666	0.00825
18	0.03277	0.02976	0.11022	0.02463	0.03347	0.02618	0.02222	0.05661	0.32380	0.14487	0.04265	0.03948	0.03068	0.01471	0.01168	0.00383	0.01067	0.01209	0.01121	0.01849
19	0.67341	0.02249	0.01709	0.01529	0.02249	0.02609	0.01260	0.03419	0.01979	0.05218	0.01619	0.01889	0.01260	0.01080	0.00720	0.00360	0.00900	0.00630	0.00720	0.01260
20	0.67341	0.02249	0.01709	0.01529	0.02249	0.02609	0.01260	0.03419	0.01979	0.05218	0.01619	0.01889	0.01260	0.01080	0.00720	0.00360	0.00900	0.00630	0.00720	0.01260
21	0.01766	0.01110	0.01375	0.01375	0.01392	0.01127	0.00837	0.01682	0.01665	0.02237	0.03235	0.06410	0.03604	0.42127	0.09584	0.16377	0.01263	0.01496	0.00651	0.00685
22	0.03851	0.02833	0.03093	0.02427	0.03223	0.03091	0.01982	0.38589	0.05021	0.06782	0.12744	0.04003	0.03825	0.01598	0.01206	0.00352	0.01130	0.01264	0.01187	0.01797
23	0.04561	0.01780	0.02456	0.01955	0.02670	0.01566	0.01566	0.04815	0.02956	0.42275	0.04061	0.03872	0.02703	0.01974	0.01863	0.13872	0.00994	0.01137	0.01248	0.01677
24	0.67341	0.02249	0.01709	0.01529	0.02249	0.02609	0.01260	0.03419	0.01979	0.05218	0.01619	0.01889	0.01260	0.01080	0.00720	0.00360	0.00900	0.00630	0.00720	0.01260
25	0.01918	0.01630	0.02483	0.13249	0.03457	0.02036	0.02000	0.02380	0.01948	0.02772	0.02636	0.03931	0.02400	0.06060	0.35145	0.01339	0.11738	0.01165	0.00582	0.01129
26	0.01672	0.01179	0.01524	0.01505	0.01630	0.01228	0.01031	0.01921	0.02078	0.02896	0.13257	0.06835	0.05181	0.30951	0.20916	0.01214	0.01660	0.01630	0.00796	0.00895
27	0.04091	0.16690	0.03871	0.02790	0.03470	0.44219	0.02194	0.04406	0.03104	0.02824	0.01761	0.02050	0.01497	0.01157	0.00987	0.00289	0.01922	0.00723	0.00578	0.01378
28	0.03751	0.02581	0.02858	0.02383	0.03158	0.02828	0.01906	0.16491	0.29198	0.15297	0.04220	0.03876	0.03021	0.01504	0.01176	0.00376	0.01024	0.01218	0.01231	0.01903
29	0.01646	0.01189	0.01555	0.01463	0.01738	0.01097	0.01097	0.02195	0.03292	0.04664	0.51257	0.08688	0.10974	0.02378	0.01372	0.00366	0.00549	0.02103	0.01280	0.01097
30	0.67341	0.02249	0.01709	0.01529	0.02249	0.02609	0.01260	0.03419	0.01979	0.05218	0.01619	0.01889	0.01260	0.01080	0.00720	0.00360	0.00900	0.00630	0.00720	0.01260
31	0.03854	0.02976	0.03171	0.02561	0.03390	0.03342	0.02073	0.32466	0.21919	0.06415	0.03513	0.03367	0.02562	0.01464	0.01171	0.00366	0.01146	0.01147	0.01171	0.01927
32	0.03653	0.02238	0.03326	0.03958	0.21389	0.02154	0.02355	0.07766	0.03155	0.22247	0.07582	0.08309	0.03482	0.01542	0.01205	0.00363	0.01100	0.01362	0.01046	0.01768
33	0.03054	0.14119	0.34948	0.02839	0.04270	0.02813	0.03383	0.04057	0.02620	0.13587	0.02523	0.02666	0.01765	0.01155	0.01059	0.00347	0.01490	0.00884	0.00687	0.01735
34	0.67341	0.02249	0.01709	0.01529	0.02249	0.02609	0.01260	0.03419	0.01979	0.05218	0.01619	0.01889	0.01260	0.01080	0.00720	0.00360	0.00900	0.00630	0.00720	0.01260
35	0.01898	0.01054	0.01423	0.01423	0.01423	0.01054	0.00896	0.01581	0.01581	0.02108	0.02632	0.05052	0.02842	0.24540	0.05057	0.41959	0.01054	0.01264	0.00579	0.00579
36	0.03059	0.03630	0.18542	0.03379	0.04544	0.02662	0.16740	0.04615	0.14029	0.11868	0.03207	0.03361	0.02288	0.01234	0.01217	0.00381	0.01485	0.01178	0.00840	0.01743
37	0.02412	0.02067	0.02412	0.01723	0.02756	0.01550	0.01378	0.02929	0.02412	0.03790	0.02067	0.02412	0.01723	0.00861	0.00861	0.00172	0.00861	0.00689	0.00689	0.66236
38	0.21018	0.02518	0.03237	0.11749	0.08539	0.02722	0.05515	0.13944	0.03178	0.13002	0.02564	0.02826	0.01834	0.01214	0.01058	0.00363	0.01233	0.00975	0.00884	0.01626
39	0.02961	0.03010	0.10352	0.14000	0.04871	0.02778	0.10119	0.08212	0.18490	0.08109	0.03261	0.03473	0.02380	0.01304	0.01197	0.00383	0.01366	0.01172	0.00873	0.01689
40	0.01691	0.01128	0.01268	0.01268	0.01268	0.01128	0.00705	0.01691	0.01691	0.02255	0.03665	0.07611	0.04228	0.59126	0.05920	0.01128	0.01128	0.01691	0.00705	0.00705
41	0.02481	0.02337	0.03846	0.35530	0.22640	0.02668	0.03244	0.03413	0.05935	0.03394	0.02305	0.03116	0.01798	0.01150	0.01160	0.00374	0.01446	0.01055	0.00586	0.01521
42	0.04421	0.03258	0.03490	0.02676	0.03607	0.03607	0.02211	0.47993	0.05468	0.07330	0.02792	0.02792	0.01978	0.01396	0.01163	0.00349	0.01280	0.01047	0.01163	0.01978
43	0.14551	0.02934	0.03018	0.02422	0.03262	0.03295	0.01977	0.32008	0.13986	0.06473	0.02996	0.02960	0.02182	0.01381	0.01094	0.00360	0.01143	0.01033	0.01094	0.01831
44	0.02435	0.02060	0.03426	0.52045	0.07612	0.02515	0.03110	0.03185	0.02405	0.06898	0.02266	0.03169	0.01655	0.01185	0.01163	0.00385	0.01506	0.01044	0.00590	0.01346
45	0.08379	0.11140	0.17822	0.11482	0.04451	0.02915	0.02791	0.11240	0.03032	0.12343	0.02519	0.02746	0.01791	0.01202	0.01057	0.00350	0.01368	0.00921	0.00785	0.01668
46	0.03986	0.12502	0.07670	0.02456	0.03353	0.11540	0.02158	0.11394	0.11123	0.17504	0.03191	0.03074	0.02284	0.01316	0.01077	0.00337	0.01308	0.00991	0.00984	0.01751
47	0.02281	0.07445	0.03731	0.51271	0.07542	0.02772	0.03115	0.03019	0.02329	0.02950	0.02025	0.02986	0.01545	0.01147	0.01124	0.00375	0.01522	0.00995	0.00515	0.01311
48	0.09839	0.02474	0.07657	0.02376	0.03361	0.01978	0.05732	0.05137	0.03088	0.40154	0.03926	0.03581	0.02523	0.01341	0.01144	0.00363	0.01131	0.01113	0.01221	0.01862
49	0.14041	0.11967	0.03490	0.02925	0.11078	0.02910	0.02061	0.08166	0.12547	0.14974	0.03094	0.03077	0.02276	0.01265	0.01025	0.00345	0.01092	0.00988	0.00947	0.01730
50	0.03005	0.02599	0.10906	0.02633	0.07518	0.02037	0.02161	0.04238	0.12646	0.16210	0.17554	0.05062	0.05042	0.01648	0.01219	0.00369	0.01005	0.01407	0.01103	0.01638

[dist]
# distance from previous block
# <min> <max>
0	3

[block]
# block no. 1 follows, 10 sequences, length 21
# corresponding to MSA columns:
# 136-156
name=unknown_B
#
# <colnr> <probs for GDERKNQSTAVLIFYWHMCP>
#	G	D	E	R	K	N	Q	S	T	A	V	L	I	F	Y	W	H	M	C	P
0	0.03038	0.10896	0.10547	0.03580	0.04668	0.03002	0.23681	0.04335	0.11193	0.08958	0.02889	0.03194	0.02136	0.01152	0.01203	0.00367	0.01548	0.01184	0.00762	0.01667
1	0.11667	0.03029	0.05834	0.04227	0.05317	0.02961	0.36913	0.08014	0.02908	0.04280	0.02296	0.02934	0.01717	0.01035	0.01264	0.00384	0.01750	0.01240	0.00662	0.01567
2	0.03639	0.02903	0.03223	0.08792	0.08905	0.08208	0.02284	0.15095	0.18206	0.11396	0.03399	0.03406	0.02483	0.01375	0.01157	0.00363	0.01253	0.01114	0.01017	0.01781
3	0.02776	0.01457	0.01919	0.01715	0.02199	0.01311	0.01372	0.03265	0.03155	0.19504	0.26407	0.08046	0.12046	0.02252	0.01340	0.00389	0.00762	0.07442	0.01282	0.01360
4	0.02494	0.15301	0.32242	0.02734	0.04003	0.02935	0.03174	0.03789	0.08778	0.03524	0.02511	0.03103	0.02028	0.06824	0.01518	0.00423	0.01462	0.00957	0.00607	0.01593
5	0.03056	0.51486	0.06208	0.02418	0.03440	0.04358	0.08707	0.03518	0.02419	0.02882	0.01725	0.02053	0.01533	0.00993	0.00838	0.00270	0.01349	0.00732	0.00511	0.01504
6	0.01685	0.01153	0.01397	0.01397	0.01441	0.01197	0.00865	0.01774	0.01729	0.02350	0.03547	0.06961	0.03946	0.48360	0.16300	0.01286	0.01552	0.01596	0.00687	0.00776
7	0.01672	0.01194	0.01642	0.01910	0.02090	0.01164	0.01522	0.02060	0.02478	0.03254	0.06270	0.33162	0.07136	0.03404	0.01552	0.00508	0.00895	0.25998	0.01075	0.01015
8	0.03109	0.59826	0.06095	0.01990	0.02985	0.04602	0.01990	0.03483	0.02363	0.02736	0.01617	0.01866	0.01493	0.00995	0.00746	0.00249	0.01244	0.00622	0.00498	0.01493
9	0.02696	0.10024	0.43998	0.03077	0.04651	0.02754	0.03839	0.03873	0.02539	0.08694	0.02308	0.02563	0.01621	0.01131	0.01082	0.00358	0.01604	0.00872	0.00590	0.01727
10	0.03061	0.52261	0.06197	0.02379	0.03398	0.04380	0.08083	0.03515	0.02414	0.02868	0.01715	0.02035	0.01529	0.00993	0.00830	0.00268	0.01339	0.00722	0.00510	0.01503
11	0.02333	0.06016	0.53100	0.03315	0.05034	0.02701	0.04297	0.03683	0.02455	0.03683	0.02087	0.02455	0.01473	0.01105	0.01105	0.00368	0.01719	0.00859	0.00491	0.01719
12	0.01726	0.01454	0.02191	0.23572	0.04217	0.01608	0.01923	0.02169	0.02312	0.02989	0.05244	0.31052	0.09940	0.02571	0.01343	0.00430	0.01018	0.02301	0.00853	0.01088
13	0.02318	0.05590	0.47745	0.09037	0.05355	0.02688	0.04182	0.03606	0.02441	0.03606	0.02085	0.02525	0.01482	0.01111	0.01111	0.00370	0.01701	0.00878	0.00494	0.01673
14	0.02664	0.11346	0.43783	0.03067	0.04639	0.02816	0.03830	0.03834	0.02521	0.07818	0.02254	0.02523	0.01597	0.01122	0.01073	0.00355	0.01606	0.00861	0.00574	0.01717
15	0.01801	0.01451	0.02226	0.18101	0.03813	0.01645	0.01971	0.02294	0.02245	0.02993	0.04181	0.18915	0.04386	0.04189	0.15678	0.00835	0.01667	0.09725	0.00787	0.01097
16	0.02792	0.03296	0.16886	0.27014	0.10891	0.02637	0.03315	0.07380	0.02764	0.08488	0.02394	0.02961	0.01727	0.01181	0.01147	0.00372	0.01500	0.01001	0.00662	0.01590
17	0.03531	0.02370	0.03556	0.21672	0.16443	0.02514	0.02735	0.09995	0.03118	0.18077	0.02920	0.03253	0.02061	0.01244	0.01162	0.00364	0.01312	0.01075	0.00884	0.01714
18	0.11485	0.02368	0.02452	0.02165	0.02808	0.02687	0.01702	0.09684	0.32416	0.05145	0.10421	0.04439	0.04085	0.01601	0.01145	0.00381	0.00905	0.01302	0.01133	0.01677
19	0.10046	0.02612	0.02810	0.02850	0.09288	0.09939	0.01975	0.04096	0.09219	0.12820	0.12317	0.04146	0.03891	0.01575	0.01418	0.00370	0.06917	0.01218	0.00962	0.01529
20	0.01478	0.01056	0.01420	0.01689	0.01783	0.00997	0.01186	0.01725	0.02287	0.03037	0.06377	0.52329	0.07559	0.03586	0.01501	0.00481	0.00728	0.08742	0.01078	0.00962

[dist]
# distance from previous block
# <min> <max>
0	17

[block]
# block no. 2 follows, 10 sequences, length 23
# corresponding to MSA columns:
# 174-196
name=unknown_C
#
# <colnr> <probs for GDERKNQSTAVLIFYWHMCP>
#	G	D	E	R	K	N	Q	S	T	A	V	L	I	F	Y	W	H	M	C	P
0	0.02436	0.03081	0.12965	0.25891	0.06123	0.02800	0.12443	0.03558	0.07102	0.03427	0.02345	0.03065	0.01778	0.01237	0.01444	0.00397	0.06737	0.01099	0.00593	0.01478
1	0.03254	0.02008	0.02373	0.02046	0.02676	0.02082	0.01611	0.05002	0.24151	0.18851	0.16687	0.05349	0.05267	0.01743	0.01228	0.00377	0.00845	0.01476	0.01284	0.01690
2	0.02730	0.02791	0.03456	0.34680	0.10909	0.11504	0.02899	0.03772	0.09252	0.03301	0.02411	0.03083	0.01854	0.01215	0.01145	0.00369	0.01538	0.01025	0.00631	0.01434
3	0.04086	0.08563	0.10646	0.02819	0.03854	0.07723	0.09306	0.08711	0.03225	0.24630	0.03182	0.03139	0.02165	0.01254	0.01140	0.00349	0.01400	0.01055	0.00982	0.01772
4	0.11444	0.24984	0.22987	0.08685	0.04239	0.03379	0.02907	0.03491	0.02342	0.03459	0.01847	0.02234	0.01460	0.01067	0.00926	0.00325	0.01412	0.00760	0.00528	0.01523
5	0.01666	0.01230	0.01787	0.01787	0.01967	0.01409	0.01352	0.02024	0.01845	0.02639	0.03190	0.04983	0.03087	0.15576	0.47910	0.01768	0.02845	0.01307	0.00634	0.00993
6	0.03109	0.59826	0.06095	0.01990	0.02985	0.04602	0.01990	0.03483	0.02363	0.02736	0.01617	0.01866	0.01493	0.00995	0.00746	0.00249	0.01244	0.00622	0.00498	0.01493
7	0.03290	0.02410	0.02642	0.02316	0.03015	0.02691	0.01818	0.06093	0.41839	0.13030	0.04709	0.04274	0.03436	0.01554	0.01181	0.00389	0.00932	0.01290	0.01227	0.01865
8	0.01691	0.01128	0.01268	0.01268	0.01268	0.01128	0.00705	0.01691	0.01691	0.02255	0.03665	0.07611	0.04228	0.59126	0.05920	0.01128	0.01128	0.01691	0.00705	0.00705
9	0.67341	0.02249	0.01709	0.01529	0.02249	0.02609	0.01260	0.03419	0.01979	0.05218	0.01619	0.01889	0.01260	0.01080	0.00720	0.00360	0.00900	0.00630	0.00720	0.01260
10	0.03271	0.10806	0.09397	0.03258	0.11669	0.03081	0.02480	0.10966	0.19581	0.08691	0.03283	0.03285	0.02459	0.01314	0.01105	0.00354	0.01192	0.01070	0.00926	0.01811
11	0.19288	0.02810	0.10923	0.02173	0.03035	0.02391	0.02016	0.04569	0.16448	0.13609	0.08097	0.03764	0.03234	0.01426	0.01070	0.00372	0.01027	0.01116	0.01006	0.01626
12	0.15827	0.02025	0.02530	0.01977	0.02846	0.01863	0.01633	0.05284	0.03098	0.44572	0.04081	0.03605	0.02602	0.01378	0.01093	0.00360	0.00974	0.01077	0.01317	0.01856
13	0.03698	0.03066	0.16194	0.16023	0.04780	0.02191	0.02774	0.04467	0.02847	0.27270	0.03295	0.03347	0.02175	0.01282	0.01151	0.00369	0.01323	0.01054	0.00958	0.01738
14	0.02168	0.09675	0.30434	0.02609	0.03732	0.02336	0.03015	0.03108	0.02587	0.03673	0.11187	0.09575	0.04122	0.01728	0.01193	0.00380	0.01319	0.04964	0.00731	0.01463
15	0.02598	0.02069	0.02538	0.14566	0.03796	0.06423	0.02053	0.03360	0.07315	0.09065	0.07400	0.14411	0.04442	0.02140	0.01474	0.00423	0.04825	0.08845	0.00936	0.01321
16	0.13357	0.02081	0.02664	0.02109	0.02881	0.02045	0.01744	0.05032	0.02967	0.40481	0.03832	0.03514	0.02503	0.01459	0.01413	0.00377	0.07426	0.01079	0.01234	0.01800
17	0.13296	0.02116	0.03285	0.37080	0.06250	0.02473	0.06810	0.02998	0.02336	0.03441	0.02917	0.03647	0.06137	0.01297	0.01126	0.00384	0.01388	0.01128	0.00610	0.01283
18	0.02904	0.02662	0.09764	0.23171	0.05028	0.02447	0.02573	0.11804	0.02954	0.09505	0.02772	0.03823	0.02232	0.11130	0.01968	0.00501	0.01385	0.01140	0.00776	0.01461
19	0.03882	0.02332	0.07401	0.11480	0.03961	0.01993	0.02237	0.04686	0.06358	0.30533	0.04117	0.04755	0.03010	0.01575	0.01214	0.00388	0.01157	0.06064	0.01133	0.01723
20	0.12552	0.01917	0.02552	0.11275	0.03632	0.01915	0.01937	0.04320	0.02858	0.28956	0.04034	0.05166	0.03113	0.01660	0.01185	0.00396	0.01088	0.08725	0.01118	0.01602
21	0.03182	0.02309	0.03317	0.09888	0.03941	0.05495	0.10593	0.07315	0.02936	0.15075	0.04412	0.04649	0.10503	0.01851	0.01623	0.07946	0.01284	0.01353	0.00903	0.01425
22	0.03139	0.13819	0.15706	0.20150	0.05122	0.02777	0.02883	0.03897	0.02609	0.15242	0.02604	0.02924	0.01846	0.01185	0.01073	0.00350	0.01396	0.00948	0.00732	0.01600

[dist]
# distance from previous block
# <min> <max>
0	32

[block]
# block no. 3 follows, 10 sequences, length 46
# corresponding to MSA columns:
# 229-274
name=unknown_D
#
# <colnr> <probs for GDERKNQSTAVLIFYWHMCP>
#	G	D	E	R	K	N	Q	S	T	A	V	L	I	F	Y	W	H	M	C	P
0	0.16898	0.09247	0.27397	0.06985	0.04231	0.02721	0.03021	0.03794	0.02440	0.09908	0.02249	0.02517	0.01608	0.01135	0.01001	0.00356	0.01394	0.00840	0.00660	0.01596
1	0.09907	0.02340	0.03071	0.03242	0.13395	0.02364	0.02198	0.13493	0.03404	0.19997	0.03667	0.04783	0.02936	0.01600	0.01193	0.00383	0.01140	0.08086	0.01067	0.01733
2	0.09391	0.02515	0.07575	0.02945	0.09559	0.02183	0.05733	0.08688	0.03213	0.16534	0.14842	0.04449	0.04259	0.01511	0.01184	0.00362	0.01101	0.01305	0.01033	0.01620
3	0.09323	0.03086	0.09473	0.09805	0.04243	0.02957	0.06049	0.20415	0.08757	0.05164	0.02705	0.03050	0.02024	0.01885	0.05493	0.00490	0.01498	0.01055	0.00865	0.01662
4	0.26804	0.02620	0.08899	0.29144	0.05471	0.02608	0.02617	0.03228	0.02211	0.03907	0.01901	0.02564	0.01431	0.01124	0.00988	0.00375	0.01325	0.00860	0.00590	0.01332
5	0.02758	0.17982	0.03402	0.01906	0.02737	0.02693	0.01593	0.07601	0.08400	0.03766	0.02550	0.03220	0.02238	0.08726	0.01565	0.00363	0.01049	0.00914	0.00744	0.25791
6	0.03181	0.02292	0.02682	0.08118	0.03394	0.02386	0.01848	0.21978	0.03795	0.08994	0.04706	0.11075	0.10775	0.01852	0.01209	0.00360	0.01059	0.01529	0.01045	0.07722
7	0.20650	0.01865	0.02179	0.02316	0.08748	0.01840	0.01560	0.03380	0.02599	0.15959	0.05525	0.09541	0.15653	0.01867	0.01124	0.00376	0.00884	0.01518	0.01003	0.01414
8	0.12917	0.01720	0.02014	0.08323	0.02821	0.01827	0.01526	0.02769	0.02494	0.09960	0.06838	0.06762	0.25135	0.02122	0.01485	0.00395	0.07073	0.01652	0.00936	0.01229
9	0.02746	0.02152	0.02463	0.01971	0.02740	0.01992	0.01544	0.15517	0.03242	0.04604	0.03330	0.16118	0.03246	0.01691	0.01099	0.00296	0.00936	0.01428	0.00920	0.31967
10	0.33788	0.02109	0.02087	0.01751	0.02423	0.02248	0.01389	0.08657	0.02663	0.17049	0.02840	0.03454	0.02238	0.10714	0.01735	0.00484	0.01002	0.00987	0.00950	0.01432
11	0.08407	0.02494	0.10651	0.02635	0.09198	0.01850	0.02037	0.03149	0.02504	0.09708	0.07744	0.10688	0.03690	0.07971	0.01651	0.00429	0.01067	0.01384	0.00843	0.11900
12	0.01956	0.01435	0.01749	0.01624	0.01963	0.01397	0.01225	0.08111	0.03369	0.04641	0.35018	0.15511	0.12537	0.02482	0.01361	0.00382	0.00667	0.02171	0.01219	0.01182
13	0.02620	0.01822	0.02128	0.01734	0.02476	0.01566	0.01357	0.03390	0.08402	0.11717	0.05261	0.09829	0.13213	0.01738	0.01117	0.00304	0.00815	0.01456	0.00991	0.28065
14	0.03011	0.29276	0.15997	0.02317	0.03345	0.03316	0.02404	0.07129	0.02712	0.08113	0.02739	0.09736	0.02478	0.01445	0.01002	0.00325	0.01259	0.01119	0.00717	0.01559
15	0.02631	0.20749	0.18170	0.02282	0.03213	0.02675	0.02376	0.03251	0.02458	0.08626	0.03458	0.18453	0.03416	0.01835	0.01110	0.00360	0.01192	0.01521	0.00767	0.01456
16	0.01514	0.01103	0.01421	0.01536	0.01682	0.01062	0.01064	0.01783	0.02326	0.03128	0.13198	0.32094	0.11998	0.10842	0.08997	0.00712	0.01023	0.02555	0.01005	0.00955
17	0.01616	0.01188	0.01513	0.01432	0.01719	0.01085	0.01074	0.02136	0.03221	0.04495	0.46875	0.08966	0.15462	0.02441	0.01372	0.00369	0.00553	0.02142	0.01258	0.01085
18	0.02590	0.01689	0.02270	0.02399	0.08712	0.01620	0.01600	0.03419	0.08313	0.13422	0.27121	0.06791	0.11272	0.01990	0.01284	0.00368	0.00786	0.01733	0.01187	0.01432
19	0.13238	0.02210	0.02399	0.01782	0.02754	0.01919	0.01438	0.07293	0.02632	0.04360	0.02063	0.02362	0.01671	0.00948	0.00867	0.00220	0.00907	0.00713	0.00739	0.49484
20	0.01902	0.02193	0.10287	0.08540	0.03136	0.01678	0.01923	0.02810	0.06774	0.04168	0.29618	0.06865	0.11499	0.02009	0.01287	0.00374	0.00897	0.01737	0.01030	0.01273
21	0.04292	0.02473	0.08742	0.02154	0.03090	0.01890	0.01959	0.08356	0.03307	0.36427	0.05084	0.04634	0.09036	0.01594	0.01188	0.00364	0.01050	0.01291	0.01253	0.01816
22	0.03262	0.33319	0.04597	0.02207	0.03023	0.08388	0.01972	0.12798	0.03025	0.03715	0.02128	0.02526	0.01828	0.02364	0.09669	0.00540	0.01635	0.00826	0.00669	0.01508
23	0.27815	0.02511	0.02533	0.02002	0.02868	0.02636	0.01644	0.18082	0.03354	0.11470	0.02443	0.02529	0.01773	0.01188	0.00944	0.00323	0.01027	0.00842	0.00947	0.13068
24	0.01591	0.01202	0.01479	0.01454	0.01763	0.01090	0.01120	0.02063	0.03034	0.04082	0.34575	0.09921	0.22455	0.02638	0.01399	0.00393	0.00619	0.06863	0.01198	0.01060
25	0.67341	0.02249	0.01709	0.01529	0.02249	0.02609	0.01260	0.03419	0.01979	0.05218	0.01619	0.01889	0.01260	0.01080	0.00720	0.00360	0.00900	0.00630	0.00720	0.01260
26	0.02628	0.01704	0.02244	0.10807	0.03326	0.01740	0.01826	0.03492	0.08962	0.13552	0.06296	0.07997	0.15126	0.02236	0.01334	0.00423	0.01000	0.12860	0.01072	0.01373
27	0.02813	0.02188	0.03528	0.36128	0.12524	0.02553	0.02964	0.03477	0.02483	0.11207	0.02447	0.03162	0.01804	0.01270	0.01403	0.00388	0.06456	0.01055	0.00675	0.01475
28	0.01417	0.01012	0.01350	0.01619	0.01687	0.00945	0.01080	0.01619	0.02227	0.02969	0.06410	0.58367	0.07692	0.03644	0.01484	0.00472	0.00675	0.03306	0.01080	0.00945
29	0.01417	0.01012	0.01350	0.01619	0.01687	0.00945	0.01080	0.01619	0.02227	0.02969	0.06410	0.58367	0.07692	0.03644	0.01484	0.00472	0.00675	0.03306	0.01080	0.00945
30	0.02412	0.02425	0.04518	0.23139	0.05926	0.02562	0.20798	0.03479	0.07134	0.03680	0.08928	0.03971	0.03071	0.01289	0.01277	0.00387	0.01524	0.01339	0.00710	0.01430
31	0.02643	0.02240	0.03431	0.09378	0.27476	0.02313	0.02610	0.07997	0.02832	0.04036	0.03187	0.12878	0.03005	0.01588	0.01171	0.00363	0.01158	0.01444	0.08695	0.01556
32	0.01763	0.01259	0.01746	0.02014	0.02233	0.01243	0.01680	0.02217	0.02567	0.03356	0.06220	0.24156	0.06937	0.03318	0.01577	0.00520	0.00974	0.34106	0.01073	0.01040
33	0.67341	0.02249	0.01709	0.01529	0.02249	0.02609	0.01260	0.03419	0.01979	0.05218	0.01619	0.01889	0.01260	0.01080	0.00720	0.00360	0.00900	0.00630	0.00720	0.01260
34	0.02049	0.01183	0.01838	0.10494	0.02579	0.01268	0.01374	0.01754	0.01648	0.02176	0.02028	0.03464	0.01943	0.03569	0.03991	0.55388	0.01099	0.01014	0.00507	0.00634
35	0.02691	0.02053	0.03359	0.47443	0.07185	0.02441	0.02981	0.03413	0.02490	0.11113	0.02480	0.03241	0.01768	0.01208	0.01164	0.00383	0.01459	0.01056	0.00668	0.01405
36	0.02289	0.02202	0.03840	0.27727	0.05833	0.02295	0.13034	0.03038	0.02566	0.03511	0.08626	0.03729	0.02874	0.01229	0.01188	0.00349	0.01397	0.01195	0.00664	0.12414
37	0.56671	0.02219	0.02001	0.10506	0.03193	0.02605	0.01582	0.03346	0.02036	0.04850	0.01693	0.02088	0.01307	0.01093	0.00792	0.00364	0.01006	0.00696	0.00687	0.01265
38	0.02621	0.02501	0.04256	0.25680	0.35339	0.02696	0.03441	0.03344	0.02527	0.03488	0.02142	0.02962	0.01732	0.01084	0.01156	0.00361	0.01445	0.01035	0.00554	0.01635
39	0.40808	0.02208	0.02088	0.01761	0.02484	0.02408	0.01439	0.09520	0.02822	0.13202	0.08346	0.03181	0.02811	0.01339	0.00932	0.00359	0.00922	0.00954	0.00965	0.01452
40	0.09654	0.01435	0.01716	0.10368	0.02756	0.01461	0.01381	0.02191	0.02582	0.03637	0.15782	0.14474	0.23592	0.02408	0.01274	0.00393	0.00788	0.02043	0.00982	0.01084
41	0.56821	0.11680	0.02428	0.01605	0.02370	0.02936	0.01379	0.03429	0.02042	0.04812	0.01619	0.01885	0.01298	0.01066	0.00724	0.00342	0.00956	0.00628	0.00683	0.01298
42	0.10348	0.02045	0.02575	0.18674	0.04191	0.02261	0.02006	0.06311	0.10807	0.04319	0.13446	0.04309	0.03997	0.01475	0.01125	0.00354	0.01046	0.01232	0.00886	0.08593
43	0.16390	0.01989	0.02480	0.14216	0.03771	0.02137	0.01878	0.04089	0.08512	0.17942	0.11070	0.04161	0.03654	0.01474	0.01111	0.00371	0.01018	0.01199	0.01025	0.01514
44	0.25839	0.02015	0.02282	0.02404	0.08802	0.02125	0.01630	0.07201	0.02868	0.08727	0.15990	0.07791	0.04617	0.01654	0.01082	0.00366	0.00894	0.01343	0.00976	0.01394
45	0.11378	0.20599	0.03952	0.02652	0.09367	0.03025	0.01986	0.07857	0.02828	0.13375	0.02437	0.02569	0.01855	0.01113	0.00933	0.00295	0.01119	0.00831	0.00805	0.11026

[dist]
# distance from previous block
# <min> <max>
4	38

[block]
# block no. 4 follows, 10 sequences, length 43
# corresponding to MSA columns:
# 313-355
name=unknown_E
#
# <colnr> <probs for GDERKNQSTAVLIFYWHMCP>
#	G	D	E	R	K	N	Q	S	T	A	V	L	I	F	Y	W	H	M	C	P
0	0.09840	0.08159	0.08166	0.02276	0.03114	0.02721	0.02027	0.19607	0.03592	0.13005	0.03436	0.12703	0.02979	0.01706	0.01133	0.00366	0.01129	0.01371	0.01018	0.01651
1	0.02664	0.01956	0.06908	0.07533	0.03088	0.01546	0.01795	0.03159	0.02652	0.15859	0.08710	0.23662	0.04965	0.02204	0.01265	0.00386	0.00950	0.01935	0.01037	0.07725
2	0.02762	0.30688	0.16472	0.02320	0.03324	0.03403	0.02418	0.07801	0.02682	0.03481	0.02682	0.11881	0.02611	0.01521	0.01005	0.00327	0.01265	0.01188	0.00665	0.01503
3	0.14626	0.14765	0.13349	0.02626	0.03537	0.26366	0.02435	0.04035	0.02736	0.03402	0.01792	0.02091	0.01451	0.01123	0.00949	0.00315	0.01663	0.00727	0.00581	0.01432
4	0.14092	0.02273	0.02327	0.02073	0.02735	0.02542	0.01630	0.05192	0.32529	0.08982	0.04909	0.04589	0.08030	0.01621	0.01122	0.00385	0.00889	0.01301	0.01115	0.01664
5	0.13700	0.02275	0.03023	0.02213	0.03216	0.01963	0.08979	0.03145	0.02392	0.04026	0.02037	0.02441	0.01649	0.00919	0.00921	0.00241	0.01049	0.00791	0.00678	0.44342
6	0.13664	0.01623	0.02055	0.12217	0.03229	0.01693	0.01622	0.02937	0.02446	0.12458	0.04935	0.23352	0.08794	0.02249	0.01222	0.00408	0.00932	0.01930	0.00974	0.01259
7	0.13025	0.01420	0.01842	0.01810	0.02107	0.01654	0.01420	0.02309	0.01888	0.03136	0.02856	0.04105	0.02622	0.07400	0.45210	0.01608	0.02732	0.01139	0.00640	0.01077
8	0.01958	0.01237	0.01633	0.01548	0.01850	0.01132	0.01154	0.02440	0.03120	0.09088	0.39298	0.16408	0.09640	0.02494	0.01371	0.00383	0.00613	0.02210	0.01263	0.01159
9	0.01791	0.01150	0.01468	0.01569	0.01793	0.01039	0.01107	0.02069	0.02514	0.07855	0.11794	0.39957	0.15139	0.03185	0.01424	0.00437	0.00677	0.02834	0.01134	0.01064
10	0.03530	0.14326	0.07473	0.02439	0.03119	0.11732	0.02143	0.03948	0.02667	0.15985	0.02973	0.08787	0.02539	0.01631	0.01567	0.00367	0.11261	0.01170	0.00828	0.01514
11	0.02279	0.01915	0.02263	0.01678	0.02580	0.01472	0.01330	0.02802	0.02564	0.03941	0.10578	0.03498	0.03323	0.01124	0.00950	0.00206	0.00807	0.00934	0.00791	0.54966
12	0.02879	0.02763	0.04721	0.07139	0.51871	0.02763	0.03569	0.03569	0.02648	0.03800	0.02188	0.02879	0.01842	0.01036	0.01151	0.00345	0.01382	0.01036	0.00576	0.01842
13	0.03159	0.12718	0.03170	0.02312	0.02940	0.12928	0.01873	0.04555	0.19371	0.07568	0.03907	0.09180	0.03446	0.01752	0.01153	0.00370	0.01209	0.05909	0.00948	0.01531
14	0.03544	0.40736	0.05110	0.02344	0.03200	0.22135	0.02080	0.03891	0.02691	0.02775	0.01681	0.01947	0.01495	0.01067	0.00853	0.00267	0.01544	0.00667	0.00533	0.01442
15	0.02304	0.01881	0.02756	0.12863	0.03715	0.01980	0.06268	0.10324	0.03244	0.04412	0.20780	0.14435	0.06100	0.02046	0.01314	0.00388	0.01033	0.01842	0.01008	0.01308
16	0.02455	0.02257	0.03321	0.08226	0.08290	0.02946	0.02449	0.02673	0.01876	0.02784	0.01731	0.02803	0.01647	0.02197	0.03418	0.11839	0.36352	0.01020	0.00516	0.01200
17	0.67341	0.02249	0.01709	0.01529	0.02249	0.02609	0.01260	0.03419	0.01979	0.05218	0.01619	0.01889	0.01260	0.01080	0.00720	0.00360	0.00900	0.00630	0.00720	0.01260
18	0.01472	0.01089	0.01376	0.01500	0.01681	0.00993	0.01051	0.01785	0.02591	0.03461	0.19576	0.36651	0.16149	0.03177	0.01435	0.00429	0.00626	0.02831	0.01134	0.00993
19	0.67341	0.02249	0.01709	0.01529	0.02249	0.02609	0.01260	0.03419	0.01979	0.05218	0.01619	0.01889	0.01260	0.01080	0.00720	0.00360	0.00900	0.00630	0.00720	0.01260
20	0.01673	0.01202	0.01646	0.01646	0.01776	0.01333	0.01175	0.01934	0.01803	0.02535	0.03319	0.05700	0.03399	0.27461	0.36450	0.01593	0.02376	0.01412	0.00653	0.00914
21	0.03109	0.59826	0.06095	0.01990	0.02985	0.04602	0.01990	0.03483	0.02363	0.02736	0.01617	0.01866	0.01493	0.00995	0.00746	0.00249	0.01244	0.00622	0.00498	0.01493
22	0.02966	0.02050	0.02468	0.01791	0.02798	0.01582	0.01443	0.03469	0.02593	0.13437	0.02565	0.02717	0.01951	0.00975	0.00922	0.00209	0.00887	0.00784	0.00837	0.53556
23	0.01686	0.01148	0.01372	0.01372	0.01408	0.01184	0.00834	0.01758	0.01722	0.02332	0.03570	0.07085	0.04000	0.50406	0.14328	0.01256	0.01471	0.01614	0.00691	0.00762
24	0.03530	0.03236	0.16314	0.09641	0.16897	0.02337	0.03031	0.04311	0.02815	0.21780	0.03038	0.03194	0.02099	0.01217	0.01147	0.00361	0.01342	0.01040	0.00867	0.01801
25	0.54926	0.07578	0.02261	0.01729	0.02460	0.08437	0.01430	0.03558	0.02156	0.04745	0.01639	0.01910	0.01306	0.01085	0.00758	0.00344	0.01060	0.00642	0.00687	0.01289
26	0.05218	0.01979	0.02699	0.02069	0.02969	0.01709	0.01709	0.05668	0.03329	0.52677	0.04588	0.03959	0.02879	0.01439	0.01170	0.00360	0.00990	0.01170	0.01439	0.01979
27	0.02417	0.11886	0.47973	0.03170	0.04810	0.02908	0.04045	0.03661	0.02445	0.03580	0.02036	0.02391	0.01475	0.01093	0.01066	0.00355	0.01667	0.00834	0.00492	0.01694
28	0.02545	0.20750	0.40230	0.02952	0.04473	0.03222	0.03665	0.03628	0.02430	0.03424	0.01958	0.02294	0.01479	0.01075	0.01007	0.00336	0.01589	0.00794	0.00493	0.01657
29	0.01691	0.01128	0.01268	0.01268	0.01268	0.01128	0.00705	0.01691	0.01691	0.02255	0.03665	0.07611	0.04228	0.59126	0.05920	0.01128	0.01128	0.01691	0.00705	0.00705
30	0.02196	0.02067	0.03488	0.56331	0.08010	0.02584	0.03230	0.02972	0.02326	0.02972	0.02067	0.03101	0.01550	0.01163	0.01163	0.00388	0.01550	0.01034	0.00517	0.01292
31	0.02885	0.14566	0.10096	0.13226	0.21533	0.08168	0.06644	0.03584	0.02589	0.03341	0.02019	0.02613	0.01645	0.01068	0.01076	0.00335	0.01535	0.00933	0.00545	0.01599
32	0.03012	0.01607	0.02243	0.11178	0.03257	0.01546	0.01669	0.03478	0.02893	0.21907	0.13575	0.14407	0.10181	0.02087	0.01279	0.00388	0.00912	0.01805	0.01153	0.01424
33	0.03984	0.12279	0.04038	0.03940	0.21152	0.02602	0.02449	0.04510	0.02909	0.25866	0.03182	0.03195	0.02254	0.01213	0.01090	0.00335	0.01179	0.01025	0.00955	0.01844
34	0.02425	0.03629	0.20959	0.14659	0.09082	0.02601	0.11037	0.03638	0.06973	0.03643	0.02806	0.04018	0.02303	0.01352	0.01226	0.00394	0.01557	0.05496	0.00645	0.01559
35	0.02560	0.02626	0.08641	0.23675	0.05518	0.02603	0.10188	0.03263	0.02432	0.07630	0.03110	0.03741	0.06108	0.01461	0.01670	0.00405	0.11092	0.01208	0.00658	0.01410
36	0.02555	0.02819	0.12138	0.37109	0.11845	0.02548	0.03320	0.03393	0.02470	0.07475	0.02301	0.03039	0.01684	0.01163	0.01152	0.00377	0.01513	0.01015	0.00598	0.01485
37	0.02456	0.01986	0.03209	0.18078	0.12717	0.02017	0.05849	0.03054	0.02602	0.07918	0.08455	0.13246	0.03845	0.01684	0.01227	0.00369	0.01175	0.01549	0.00813	0.07751
38	0.08753	0.02637	0.12448	0.13326	0.08321	0.02089	0.02561	0.03190	0.02649	0.07676	0.11274	0.05583	0.04123	0.01714	0.01220	0.00397	0.01208	0.08593	0.00834	0.01404
39	0.03909	0.03214	0.12856	0.08158	0.12336	0.06832	0.02713	0.04590	0.02950	0.25916	0.03218	0.03241	0.02188	0.01259	0.01143	0.00356	0.01346	0.01037	0.00950	0.01788
40	0.03155	0.02515	0.07579	0.08780	0.17576	0.02212	0.07109	0.03842	0.02792	0.16025	0.03577	0.05185	0.02999	0.01579	0.01265	0.00397	0.01320	0.09575	0.00881	0.01639
41	0.09308	0.03300	0.13017	0.25037	0.05534	0.07319	0.02913	0.08456	0.02836	0.08197	0.02305	0.02807	0.01666	0.01196	0.01098	0.00366	0.01490	0.00948	0.00691	0.01514
42	0.07798	0.09146	0.17363	0.17542	0.04876	0.02578	0.02805	0.03496	0.02443	0.07940	0.02218	0.02659	0.01648	0.01098	0.01019	0.00328	0.01351	0.00866	0.00635	0.12190

[dist]
# distance from previous block
# <min> <max>
2	28

[block]
# block no. 5 follows, 10 sequences, length 23
# corresponding to MSA columns:
# 384-406
name=unknown_F
#
# <colnr> <probs for GDERKNQSTAVLIFYWHMCP>
#	G	D	E	R	K	N	Q	S	T	A	V	L	I	F	Y	W	H	M	C	P
0	0.24462	0.02500	0.03061	0.02374	0.03256	0.02583	0.07106	0.14597	0.03331	0.21255	0.02963	0.02933	0.02023	0.01261	0.01049	0.00361	0.01143	0.00994	0.01046	0.01702
1	0.32440	0.02168	0.02366	0.02511	0.09290	0.02325	0.01701	0.08020	0.02640	0.10432	0.03045	0.12670	0.02780	0.01617	0.01019	0.00377	0.00976	0.01282	0.00897	0.01443
2	0.14745	0.14285	0.14097	0.07458	0.03804	0.08403	0.02450	0.09444	0.02815	0.04065	0.02328	0.06861	0.02022	0.01341	0.01005	0.00345	0.01359	0.01002	0.00686	0.01486
3	0.17474	0.07450	0.02915	0.02089	0.02864	0.02608	0.01743	0.08340	0.06663	0.18959	0.02914	0.02920	0.02101	0.01324	0.01275	0.00345	0.06833	0.00933	0.00969	0.09281
4	0.02545	0.02445	0.09832	0.25916	0.05223	0.02103	0.02591	0.03289	0.02664	0.10175	0.11385	0.04074	0.03456	0.01382	0.01162	0.00355	0.01244	0.01187	0.00795	0.08174
5	0.14025	0.02587	0.04239	0.15546	0.28350	0.02725	0.09048	0.03446	0.02481	0.03875	0.02087	0.02784	0.01672	0.01061	0.01108	0.00363	0.01409	0.01010	0.00591	0.01595
6	0.02331	0.02164	0.03464	0.39510	0.13165	0.02420	0.02939	0.03047	0.02386	0.03236	0.02084	0.02944	0.01623	0.01090	0.01106	0.00342	0.01401	0.00971	0.00556	0.13218
7	0.09768	0.02784	0.04090	0.23206	0.05698	0.07516	0.14153	0.07621	0.02851	0.07825	0.02339	0.02933	0.01717	0.01154	0.01161	0.00372	0.01569	0.01065	0.00697	0.01482
8	0.10991	0.02092	0.03248	0.48932	0.07233	0.02587	0.02964	0.03032	0.02279	0.03275	0.02007	0.02937	0.01511	0.01152	0.01103	0.00384	0.01463	0.00979	0.00544	0.01288
9	0.58547	0.02225	0.01950	0.08928	0.03027	0.02606	0.01526	0.03358	0.02026	0.04915	0.01680	0.02053	0.01299	0.01091	0.00780	0.00364	0.00988	0.00684	0.00692	0.01264
10	0.02313	0.03023	0.20048	0.02130	0.03042	0.01724	0.02267	0.03064	0.02818	0.10578	0.16083	0.06502	0.17793	0.01951	0.01249	0.00373	0.01040	0.01627	0.00964	0.01410
11	0.05218	0.01979	0.02699	0.02069	0.02969	0.01709	0.01709	0.05668	0.03329	0.52677	0.04588	0.03959	0.02879	0.01439	0.01170	0.00360	0.00990	0.01170	0.01439	0.01979
12	0.01691	0.01128	0.01268	0.01268	0.01268	0.01128	0.00705	0.01691	0.01691	0.02255	0.03665	0.07611	0.04228	0.59126	0.05920	0.01128	0.01128	0.01691	0.00705	0.00705
13	0.67341	0.02249	0.01709	0.01529	0.02249	0.02609	0.01260	0.03419	0.01979	0.05218	0.01619	0.01889	0.01260	0.01080	0.00720	0.00360	0.00900	0.00630	0.00720	0.01260
14	0.02644	0.02023	0.02294	0.02021	0.02531	0.02167	0.01566	0.15146	0.14834	0.05179	0.21098	0.13018	0.06369	0.02104	0.01287	0.00383	0.00848	0.01804	0.01198	0.01486
15	0.61435	0.02344	0.01877	0.01637	0.02377	0.02703	0.01349	0.07603	0.02307	0.05416	0.01730	0.01974	0.01327	0.01109	0.00761	0.00359	0.00935	0.00669	0.00761	0.01327
16	0.02291	0.01454	0.01841	0.01654	0.02061	0.01395	0.01270	0.03149	0.08784	0.11380	0.39260	0.07515	0.08969	0.02153	0.01321	0.00368	0.00654	0.01880	0.01291	0.01308
17	0.09335	0.01216	0.01352	0.01434	0.01545	0.01232	0.00914	0.01868	0.01931	0.02880	0.04480	0.26469	0.05211	0.30922	0.03599	0.00785	0.00926	0.02188	0.00851	0.00863
18	0.02527	0.19460	0.41356	0.02984	0.04522	0.03176	0.03721	0.03633	0.02432	0.03447	0.01970	0.02308	0.01478	0.01078	0.01015	0.00338	0.01600	0.00800	0.00493	0.01662
19	0.14261	0.15955	0.26668	0.02453	0.03636	0.02860	0.02812	0.03385	0.02466	0.03901	0.08757	0.03097	0.02763	0.01255	0.00997	0.00341	0.01307	0.00941	0.00644	0.01501
20	0.02805	0.28049	0.20304	0.02511	0.03653	0.03559	0.02693	0.04230	0.14389	0.03579	0.02557	0.02681	0.02007	0.01178	0.00972	0.00324	0.01314	0.00873	0.00669	0.01653
21	0.03109	0.59826	0.06095	0.01990	0.02985	0.04602	0.01990	0.03483	0.02363	0.02736	0.01617	0.01866	0.01493	0.00995	0.00746	0.00249	0.01244	0.00622	0.00498	0.01493
22	0.18839	0.10965	0.11689	0.02154	0.03128	0.02782	0.02063	0.04083	0.14288	0.04253	0.02571	0.02701	0.01994	0.01159	0.00934	0.00320	0.01089	0.00853	0.00760	0.13375

[dist]
# distance from previous block
# <min> <max>
11	76

[block]
# block no. 6 follows, 10 sequences, length 14
# corresponding to MSA columns:
# 485-498
name=unknown_G
#
# <colnr> <probs for GDERKNQSTAVLIFYWHMCP>
#	G	D	E	R	K	N	Q	S	T	A	V	L	I	F	Y	W	H	M	C	P
0	0.32408	0.03790	0.23310	0.02343	0.03503	0.02535	0.02585	0.03810	0.02347	0.10509	0.02186	0.02385	0.01551	0.01135	0.00937	0.00363	0.01253	0.00793	0.00714	0.01541
1	0.01788	0.01431	0.02036	0.01981	0.02112	0.01723	0.01518	0.02105	0.01880	0.02704	0.03308	0.11264	0.03405	0.12283	0.33873	0.01378	0.11999	0.01511	0.00669	0.01032
2	0.03932	0.02855	0.02916	0.02380	0.03135	0.08201	0.01908	0.22416	0.11713	0.14538	0.10009	0.03998	0.03588	0.01548	0.01184	0.00355	0.01154	0.01227	0.01174	0.01768
3	0.01679	0.01178	0.01522	0.01522	0.01610	0.01265	0.01021	0.01854	0.01766	0.02443	0.03433	0.06327	0.03671	0.37845	0.26438	0.01441	0.01967	0.01503	0.00670	0.00846
4	0.02383	0.05663	0.47425	0.03510	0.05162	0.02731	0.09618	0.03688	0.02491	0.03688	0.02120	0.02539	0.01509	0.01090	0.01138	0.00371	0.01749	0.00922	0.00503	0.01700
5	0.01494	0.01137	0.01383	0.01480	0.01723	0.01026	0.01087	0.01835	0.02649	0.03451	0.18212	0.27103	0.23333	0.03084	0.01433	0.00427	0.00652	0.06364	0.01124	0.01003
6	0.10726	0.10414	0.07189	0.02084	0.02767	0.06704	0.01868	0.03615	0.06937	0.09174	0.13988	0.05573	0.04675	0.01769	0.01151	0.00371	0.01080	0.07559	0.00953	0.01404
7	0.03616	0.22538	0.13134	0.02561	0.03653	0.03777	0.02507	0.25366	0.03904	0.05159	0.02277	0.02425	0.01727	0.01211	0.01015	0.00319	0.01346	0.00873	0.00823	0.01771
8	0.02854	0.24060	0.30952	0.02784	0.04159	0.03462	0.03253	0.09054	0.02794	0.03807	0.02013	0.02295	0.01542	0.01103	0.00990	0.00325	0.01503	0.00801	0.00576	0.01673
9	0.10632	0.17530	0.36207	0.02797	0.04229	0.03113	0.03404	0.03605	0.02375	0.03664	0.01924	0.02253	0.01451	0.01077	0.00977	0.00341	0.01511	0.00778	0.00521	0.01611
10	0.02515	0.18675	0.42042	0.03003	0.04552	0.03148	0.03754	0.03636	0.02434	0.03460	0.01977	0.02317	0.01478	0.01079	0.01021	0.00340	0.01607	0.00804	0.00493	0.01666
11	0.02845	0.14600	0.26346	0.02675	0.03887	0.03030	0.02969	0.13303	0.03224	0.04456	0.08929	0.03281	0.02897	0.01325	0.01089	0.00342	0.01373	0.01029	0.00751	0.01649
12	0.02965	0.21707	0.17657	0.02942	0.07765	0.10344	0.02716	0.03943	0.07588	0.03418	0.02189	0.02455	0.01757	0.01107	0.00976	0.00305	0.01434	0.00819	0.00606	0.07306
13	0.02782	0.26985	0.18414	0.02248	0.03364	0.03081	0.02435	0.03444	0.02518	0.07542	0.03446	0.03544	0.08498	0.01325	0.00982	0.00307	0.01241	0.00996	0.00673	0.06176

[dist]
# distance from previous block
# <min> <max>
23	81

[block]
# block no. 7 follows, 10 sequences, length 13
# corresponding to MSA columns:
# 585-597
name=unknown_H
#
# <colnr> <probs for GDERKNQSTAVLIFYWHMCP>
#	G	D	E	R	K	N	Q	S	T	A	V	L	I	F	Y	W	H	M	C	P
0	0.12929	0.11630	0.02655	0.01782	0.02216	0.02489	0.01437	0.06937	0.02460	0.03866	0.06631	0.04225	0.03111	0.13978	0.02360	0.00513	0.08144	0.01138	0.10289	0.01208
1	0.02094	0.01574	0.02340	0.14168	0.09538	0.01621	0.01864	0.02515	0.02445	0.06821	0.08260	0.23240	0.08511	0.07622	0.01745	0.00476	0.01005	0.02060	0.00899	0.01203
2	0.01747	0.01369	0.01605	0.01420	0.01855	0.01169	0.01052	0.02152	0.02727	0.03765	0.24097	0.07845	0.18728	0.09464	0.01844	0.00428	0.00701	0.01836	0.01025	0.15169
3	0.02783	0.02326	0.02974	0.18569	0.04542	0.02312	0.02123	0.12732	0.03050	0.04310	0.02225	0.02704	0.01726	0.01069	0.01019	0.00276	0.01162	0.00872	0.00740	0.32487
4	0.53188	0.02210	0.02096	0.13436	0.03501	0.02604	0.01688	0.03322	0.02055	0.04730	0.01717	0.02153	0.01323	0.01098	0.00816	0.00366	0.01041	0.00718	0.00676	0.01267
5	0.02284	0.01590	0.01751	0.01574	0.01777	0.01666	0.01032	0.11751	0.02512	0.03358	0.03475	0.06564	0.03739	0.46584	0.04886	0.00958	0.01161	0.01551	0.00804	0.00981
6	0.02999	0.02184	0.02884	0.06838	0.11213	0.02266	0.02042	0.16106	0.03750	0.09185	0.21448	0.05197	0.05463	0.01700	0.01242	0.00359	0.01011	0.01461	0.01086	0.01566
7	0.02421	0.02437	0.09020	0.16074	0.04162	0.02191	0.02291	0.12390	0.03142	0.04258	0.10559	0.17646	0.04562	0.02008	0.01267	0.00395	0.01146	0.01742	0.00908	0.01380
8	0.04799	0.02651	0.03115	0.02388	0.03304	0.02707	0.01973	0.27922	0.04454	0.28834	0.03644	0.03345	0.02405	0.01417	0.01166	0.00354	0.01142	0.01105	0.01294	0.01979
9	0.03485	0.14962	0.03269	0.02031	0.02779	0.02865	0.01716	0.14404	0.11803	0.12032	0.03371	0.03377	0.02508	0.01338	0.01000	0.00320	0.01003	0.01028	0.15057	0.01652
10	0.16645	0.15565	0.11809	0.07288	0.03544	0.03047	0.02288	0.03631	0.08395	0.03904	0.06453	0.03054	0.02536	0.01330	0.01207	0.00357	0.05837	0.00953	0.00703	0.01453
11	0.02663	0.02026	0.02459	0.02473	0.07119	0.02158	0.01733	0.04516	0.25293	0.08860	0.20550	0.05672	0.05896	0.01792	0.01244	0.00377	0.00841	0.01549	0.01183	0.01596
