[name]
unknown

[dist]
# distance from previous block
# <min> <max>
0	37

[block]
# block no. 0 follows, 13 sequences, length 9
# corresponding to MSA columns:
# 38-46
name=unknown_A
#
# <colnr> <probs for GDERKNQSTAVLIFYWHMCP>
#	G	D	E	R	K	N	Q	S	T	A	V	L	I	F	Y	W	H	M	C	P
0	0.01496	0.01081	0.01413	0.01330	0.01580	0.00998	0.00998	0.01995	0.02993	0.04240	0.55689	0.07898	0.09976	0.02162	0.01247	0.00333	0.00499	0.01912	0.01164	0.00998
1	0.02079	0.01461	0.01964	0.11991	0.02862	0.01600	0.01507	0.02913	0.10107	0.07924	0.14086	0.04838	0.04144	0.08147	0.13567	0.00680	0.01281	0.01287	0.06406	0.01156
2	0.01369	0.01011	0.01280	0.01349	0.01536	0.00922	0.00960	0.01699	0.02492	0.03370	0.27496	0.31138	0.16024	0.02729	0.01291	0.00377	0.00553	0.02424	0.01058	0.00922
3	0.03659	0.04556	0.03039	0.02733	0.03181	0.48782	0.02091	0.03925	0.02752	0.02580	0.01591	0.01979	0.01367	0.01224	0.01400	0.00306	0.12368	0.00724	0.00530	0.01213
4	0.01438	0.01078	0.01333	0.01269	0.01544	0.00973	0.00952	0.01882	0.02855	0.03913	0.45073	0.08435	0.20795	0.02283	0.01248	0.00338	0.00507	0.01987	0.01121	0.00973
5	0.01510	0.01133	0.01699	0.01699	0.01888	0.01322	0.01322	0.01888	0.01699	0.02454	0.02832	0.04154	0.02643	0.07930	0.58652	0.01699	0.02832	0.01133	0.00566	0.00944
6	0.02827	0.63478	0.05540	0.01809	0.02714	0.04184	0.01809	0.03166	0.02148	0.02488	0.01470	0.01696	0.01357	0.00905	0.00678	0.00226	0.01131	0.00565	0.00452	0.01357
7	0.01288	0.00920	0.01227	0.01472	0.01534	0.00859	0.00981	0.01472	0.02024	0.02699	0.05828	0.62152	0.06993	0.03312	0.01350	0.00429	0.00613	0.03006	0.00981	0.00859
8	0.03222	0.02651	0.02437	0.02124	0.02652	0.15930	0.01657	0.07976	0.11986	0.14873	0.07418	0.07931	0.06812	0.01610	0.01262	0.00338	0.05527	0.01251	0.00940	0.01402

[dist]
# distance from previous block
# <min> <max>
0	4

[block]
# block no. 1 follows, 13 sequences, length 32
# corresponding to MSA columns:
# 51-82
name=unknown_B
#
# <colnr> <probs for GDERKNQSTAVLIFYWHMCP>
#	G	D	E	R	K	N	Q	S	T	A	V	L	I	F	Y	W	H	M	C	P
0	0.02069	0.06132	0.02918	0.02249	0.02668	0.01952	0.10625	0.02494	0.02213	0.05791	0.08872	0.05660	0.09468	0.08046	0.09108	0.00603	0.10253	0.07029	0.00737	0.01114
1	0.03755	0.04715	0.03025	0.02730	0.03210	0.52006	0.02075	0.04022	0.02832	0.02583	0.01605	0.01955	0.01365	0.01180	0.01253	0.00295	0.08931	0.00710	0.00535	0.01218
2	0.03126	0.20881	0.20214	0.02487	0.03559	0.05825	0.05856	0.09704	0.02738	0.12694	0.02248	0.02377	0.01639	0.01057	0.00942	0.00299	0.01309	0.00815	0.00682	0.01547
3	0.01979	0.01112	0.01620	0.01583	0.01766	0.01154	0.01169	0.02050	0.01788	0.08765	0.03026	0.11024	0.02909	0.05110	0.26006	0.24443	0.01671	0.01286	0.00670	0.00870
4	0.03047	0.02070	0.02311	0.02008	0.02642	0.02242	0.01582	0.05209	0.38068	0.17144	0.04732	0.04309	0.06865	0.01493	0.01085	0.00351	0.00830	0.01238	0.01126	0.01648
5	0.01670	0.01396	0.02113	0.14424	0.03103	0.01686	0.01724	0.02098	0.01830	0.02543	0.03030	0.04108	0.05862	0.05545	0.37381	0.01207	0.07561	0.01147	0.00564	0.01009
6	0.02080	0.01408	0.01774	0.01601	0.01941	0.01334	0.01198	0.07635	0.02163	0.02994	0.02832	0.09467	0.02875	0.06638	0.02555	0.27069	0.00903	0.06826	0.00685	0.16026
7	0.01704	0.00989	0.01060	0.01106	0.01304	0.00955	0.00781	0.02055	0.02128	0.03358	0.04788	0.15922	0.10284	0.08828	0.01446	0.00383	0.00581	0.01581	0.39836	0.00911
8	0.70310	0.02045	0.01554	0.01390	0.02045	0.02372	0.01145	0.03108	0.01799	0.04744	0.01472	0.01718	0.01145	0.00981	0.00654	0.00327	0.00818	0.00573	0.00654	0.01145
9	0.01374	0.01002	0.01259	0.01342	0.01497	0.00924	0.00930	0.01653	0.02340	0.03154	0.22310	0.32391	0.14131	0.08642	0.01695	0.00446	0.00606	0.02408	0.01007	0.00887
10	0.70310	0.02045	0.01554	0.01390	0.02045	0.02372	0.01145	0.03108	0.01799	0.04744	0.01472	0.01718	0.01145	0.00981	0.00654	0.00327	0.00818	0.00573	0.00654	0.01145
11	0.01312	0.01074	0.01158	0.01137	0.01466	0.00919	0.00853	0.01638	0.02558	0.03207	0.22102	0.09599	0.44207	0.02547	0.01249	0.00351	0.00526	0.02151	0.01028	0.00919
12	0.01725	0.01349	0.01711	0.01598	0.01615	0.01592	0.01110	0.01815	0.01572	0.02207	0.02812	0.05547	0.03137	0.43040	0.09677	0.00948	0.15809	0.01352	0.00591	0.00794
13	0.02313	0.02313	0.03238	0.02776	0.02776	0.03238	0.02313	0.02545	0.01619	0.02545	0.01388	0.02313	0.01388	0.01851	0.03470	0.00463	0.60907	0.00925	0.00463	0.01157
14	0.04019	0.02962	0.03173	0.02433	0.03279	0.03279	0.02010	0.52721	0.04971	0.06663	0.02538	0.02538	0.01798	0.01269	0.01058	0.00317	0.01163	0.00952	0.01058	0.01798
15	0.62106	0.02014	0.01667	0.01452	0.02127	0.02270	0.01196	0.03364	0.01953	0.11280	0.01810	0.01953	0.01329	0.01022	0.00705	0.00327	0.00828	0.00634	0.00736	0.01227
16	0.01496	0.01039	0.01303	0.01297	0.01519	0.00963	0.00950	0.01919	0.02678	0.03817	0.36928	0.17713	0.11855	0.02303	0.01206	0.00342	0.00522	0.02029	0.09159	0.00963
17	0.02082	0.04683	0.45754	0.02823	0.04080	0.02403	0.03442	0.03125	0.02236	0.03343	0.07067	0.02792	0.02184	0.01213	0.01309	0.00349	0.08227	0.00908	0.00518	0.01461
18	0.01466	0.01080	0.01370	0.01298	0.01561	0.00984	0.00973	0.01935	0.02920	0.04067	0.50060	0.08183	0.15713	0.02226	0.01247	0.00336	0.00503	0.01952	0.01141	0.00984
19	0.01839	0.01621	0.02288	0.02113	0.02192	0.02092	0.01676	0.02106	0.01693	0.02499	0.02583	0.10416	0.02681	0.08040	0.24297	0.00963	0.28027	0.01289	0.00575	0.01009
20	0.45971	0.10530	0.15062	0.01821	0.02719	0.02618	0.01872	0.03171	0.01944	0.04136	0.01571	0.01835	0.01217	0.00977	0.00739	0.00316	0.01031	0.00620	0.00581	0.01269
21	0.01840	0.01588	0.02499	0.27321	0.10271	0.01753	0.02089	0.02442	0.02548	0.03488	0.26385	0.05108	0.05339	0.01547	0.01142	0.00339	0.00977	0.01383	0.00792	0.01151
22	0.02121	0.05469	0.57364	0.03014	0.04576	0.02455	0.03906	0.03348	0.02232	0.03348	0.01897	0.02232	0.01339	0.01005	0.01005	0.00335	0.01563	0.00781	0.00446	0.01563
23	0.01550	0.01098	0.01609	0.01609	0.01758	0.01247	0.01209	0.01796	0.01647	0.02345	0.02767	0.04315	0.02668	0.12780	0.47257	0.09336	0.02438	0.01148	0.00561	0.00859
24	0.04591	0.02045	0.02606	0.01998	0.02822	0.01918	0.01650	0.15200	0.03437	0.46351	0.03826	0.03375	0.02444	0.01300	0.01062	0.00325	0.00955	0.01040	0.01256	0.01799
25	0.01530	0.01056	0.01312	0.01312	0.01367	0.01111	0.00839	0.01640	0.01585	0.02168	0.03186	0.06113	0.03494	0.46845	0.20900	0.01221	0.01551	0.01420	0.00619	0.00729
26	0.70310	0.02045	0.01554	0.01390	0.02045	0.02372	0.01145	0.03108	0.01799	0.04744	0.01472	0.01718	0.01145	0.00981	0.00654	0.00327	0.00818	0.00573	0.00654	0.01145
27	0.41188	0.01969	0.02441	0.02023	0.02639	0.02170	0.10503	0.02861	0.01901	0.03938	0.01925	0.02519	0.01594	0.02662	0.14925	0.00668	0.01485	0.00832	0.00611	0.01147
28	0.02313	0.02313	0.03238	0.02776	0.02776	0.03238	0.02313	0.02545	0.01619	0.02545	0.01388	0.02313	0.01388	0.01851	0.03470	0.00463	0.60907	0.00925	0.00463	0.01157
29	0.02582	0.43394	0.23483	0.02226	0.03359	0.03585	0.02535	0.03229	0.02177	0.02786	0.01618	0.01882	0.01351	0.00939	0.00791	0.00264	0.01280	0.00640	0.00450	0.01428
30	0.01768	0.09057	0.02429	0.01792	0.02114	0.01695	0.05757	0.02116	0.01944	0.02663	0.09005	0.04799	0.03533	0.18108	0.27428	0.01080	0.01840	0.01256	0.00637	0.00977
31	0.03208	0.30261	0.04070	0.14122	0.03726	0.09422	0.02014	0.03631	0.02433	0.14657	0.02175	0.02377	0.01649	0.01047	0.00874	0.00280	0.01226	0.00767	0.00657	0.01402

[dist]
# distance from previous block
# <min> <max>
0	1

[block]
# block no. 2 follows, 13 sequences, length 43
# corresponding to MSA columns:
# 84-126
name=unknown_C
#
# <colnr> <probs for GDERKNQSTAVLIFYWHMCP>
#	G	D	E	R	K	N	Q	S	T	A	V	L	I	F	Y	W	H	M	C	P
0	0.02467	0.01571	0.01867	0.01676	0.02127	0.01625	0.01329	0.07953	0.11436	0.11786	0.10764	0.05454	0.09486	0.02683	0.09897	0.00544	0.01070	0.04413	0.10567	0.01284
1	0.03326	0.02581	0.02792	0.02190	0.02999	0.02746	0.01777	0.31652	0.15678	0.05489	0.02806	0.02789	0.02077	0.01207	0.01005	0.00294	0.01010	0.00941	0.00973	0.15669
2	0.70310	0.02045	0.01554	0.01390	0.02045	0.02372	0.01145	0.03108	0.01799	0.04744	0.01472	0.01718	0.01145	0.00981	0.00654	0.00327	0.00818	0.00573	0.00654	0.01145
3	0.01478	0.01067	0.01267	0.01217	0.01497	0.00966	0.00913	0.01909	0.02739	0.03807	0.36910	0.08117	0.22406	0.02207	0.01191	0.00330	0.00509	0.01902	0.08601	0.00966
4	0.01538	0.01025	0.01153	0.01153	0.01153	0.01025	0.00641	0.01538	0.01538	0.02050	0.03331	0.06919	0.03844	0.62842	0.05382	0.01025	0.01025	0.01538	0.00641	0.00641
5	0.03555	0.20698	0.08572	0.01948	0.02794	0.02409	0.01831	0.04018	0.02538	0.29336	0.02989	0.02955	0.02117	0.01892	0.07327	0.00450	0.01247	0.00894	0.00885	0.01548
6	0.02268	0.01855	0.01970	0.01803	0.02295	0.02062	0.01392	0.04383	0.36756	0.04160	0.10502	0.05123	0.10264	0.01641	0.01078	0.00343	0.00726	0.01375	0.08574	0.01430
7	0.04292	0.02930	0.02631	0.02188	0.02895	0.20828	0.01729	0.04880	0.07498	0.34100	0.03330	0.03060	0.02248	0.01246	0.01027	0.00311	0.01233	0.00946	0.01031	0.01596
8	0.02192	0.01879	0.02192	0.01566	0.02506	0.01409	0.01253	0.02662	0.02192	0.03445	0.01879	0.02192	0.01566	0.00783	0.00783	0.00157	0.00783	0.00626	0.00626	0.69305
9	0.02100	0.01946	0.03257	0.42354	0.17365	0.02263	0.02871	0.02765	0.02212	0.02915	0.02302	0.03753	0.01969	0.01232	0.01098	0.00358	0.01329	0.06114	0.00536	0.01262
10	0.03204	0.20255	0.11378	0.02952	0.09187	0.02900	0.09709	0.09644	0.02762	0.14615	0.02369	0.02532	0.01740	0.01047	0.00971	0.00301	0.01254	0.00885	0.00722	0.01573
11	0.04211	0.01725	0.02321	0.01799	0.02562	0.01483	0.01472	0.04634	0.02966	0.47508	0.09729	0.03980	0.03362	0.01368	0.01065	0.00316	0.00847	0.01128	0.01246	0.06279
12	0.02192	0.01879	0.02192	0.01566	0.02506	0.01409	0.01253	0.02662	0.02192	0.03445	0.01879	0.02192	0.01566	0.00783	0.00783	0.00157	0.00783	0.00626	0.00626	0.69305
13	0.35863	0.01934	0.01978	0.01697	0.02297	0.02097	0.01406	0.03055	0.02036	0.09082	0.02239	0.03154	0.01924	0.01290	0.01145	0.00329	0.08114	0.05886	0.00723	0.13752
14	0.02502	0.02103	0.02870	0.02150	0.03031	0.01864	0.09185	0.03550	0.13031	0.07260	0.02573	0.02749	0.01985	0.00969	0.00933	0.00240	0.00955	0.00868	0.00751	0.40428
15	0.03130	0.01432	0.01926	0.01623	0.02145	0.01269	0.01279	0.03556	0.02925	0.30936	0.25124	0.10450	0.05972	0.01828	0.01162	0.00338	0.00713	0.01576	0.01222	0.01393
16	0.02246	0.01816	0.02487	0.07073	0.15030	0.01887	0.01847	0.03399	0.15861	0.06901	0.18859	0.05260	0.09672	0.01612	0.01133	0.00338	0.00854	0.01414	0.00933	0.01377
17	0.01593	0.01033	0.01353	0.01353	0.01406	0.01086	0.00890	0.01602	0.01549	0.02119	0.02878	0.05367	0.03087	0.35051	0.20040	0.15521	0.01509	0.01294	0.00582	0.00688
18	0.01997	0.01879	0.03171	0.60301	0.07282	0.02349	0.02936	0.02701	0.02114	0.02701	0.01879	0.02819	0.01409	0.01057	0.01057	0.00352	0.01409	0.00940	0.00470	0.01175
19	0.02093	0.04536	0.42760	0.03179	0.08103	0.02305	0.07750	0.03141	0.02288	0.03305	0.02903	0.03195	0.07428	0.01176	0.01056	0.00338	0.01445	0.00995	0.00519	0.01485
20	0.03277	0.02305	0.02579	0.02150	0.02848	0.02477	0.01744	0.20519	0.22520	0.12601	0.03681	0.04092	0.02842	0.01465	0.01087	0.00340	0.00963	0.05662	0.01066	0.05782
21	0.01492	0.01273	0.01788	0.01555	0.01946	0.01134	0.06607	0.01926	0.02664	0.03497	0.28665	0.08406	0.30538	0.02263	0.01248	0.00347	0.00658	0.01988	0.01009	0.00996
22	0.01897	0.07640	0.14659	0.01832	0.02517	0.01711	0.01796	0.02488	0.02211	0.03258	0.10054	0.10208	0.03571	0.02539	0.10417	0.00521	0.01236	0.01224	0.08224	0.11993
23	0.01488	0.01090	0.01419	0.01481	0.01713	0.01020	0.01155	0.01907	0.02627	0.03553	0.29471	0.17633	0.14053	0.02600	0.01319	0.00391	0.00645	0.14413	0.01064	0.00957
24	0.70310	0.02045	0.01554	0.01390	0.02045	0.02372	0.01145	0.03108	0.01799	0.04744	0.01472	0.01718	0.01145	0.00981	0.00654	0.00327	0.00818	0.00573	0.00654	0.01145
25	0.02188	0.07021	0.17837	0.08438	0.03454	0.02324	0.02276	0.03335	0.13359	0.03185	0.02592	0.03423	0.02204	0.11563	0.01903	0.00445	0.05557	0.00998	0.00636	0.07263
26	0.02650	0.02226	0.02344	0.02070	0.02672	0.02522	0.01621	0.10883	0.42783	0.04526	0.04778	0.04443	0.08701	0.01548	0.01092	0.00353	0.00844	0.01277	0.01064	0.01605
27	0.02592	0.24506	0.08884	0.08564	0.03342	0.05901	0.02074	0.07580	0.08825	0.03231	0.02531	0.09587	0.02314	0.01378	0.01073	0.00314	0.04235	0.01059	0.00653	0.01356
28	0.01647	0.01248	0.01810	0.02271	0.07935	0.01225	0.01601	0.02035	0.02276	0.03020	0.05285	0.29950	0.05940	0.02850	0.01372	0.00446	0.00868	0.26287	0.00927	0.01008
29	0.03363	0.07027	0.02972	0.02338	0.03025	0.14516	0.01867	0.20324	0.24457	0.04639	0.03000	0.02925	0.02261	0.01276	0.01019	0.00319	0.01182	0.00970	0.00920	0.01600
30	0.02404	0.02978	0.16240	0.09033	0.04352	0.02114	0.16306	0.03188	0.02332	0.06791	0.02104	0.02544	0.01575	0.00928	0.01011	0.00286	0.01317	0.00897	0.00586	0.23013
31	0.09407	0.10357	0.12451	0.12462	0.04107	0.06446	0.07439	0.07078	0.02510	0.10866	0.02139	0.02477	0.01578	0.01110	0.01133	0.00328	0.05177	0.00864	0.00652	0.01418
32	0.02199	0.04924	0.46706	0.03314	0.04774	0.02501	0.14017	0.03356	0.02287	0.03356	0.01948	0.02361	0.01395	0.00981	0.01055	0.00339	0.01608	0.00879	0.00465	0.01534
33	0.01464	0.01073	0.01329	0.01269	0.01505	0.00985	0.00925	0.01867	0.02727	0.03763	0.42467	0.08128	0.16246	0.09590	0.01748	0.00420	0.00568	0.01916	0.01073	0.00938
34	0.10052	0.02362	0.08730	0.02307	0.02893	0.02253	0.05192	0.07902	0.02398	0.13905	0.02668	0.06869	0.02214	0.02440	0.10086	0.00568	0.13955	0.01093	0.00758	0.01353
35	0.02738	0.10726	0.17744	0.13381	0.04431	0.08007	0.08608	0.03590	0.05369	0.09113	0.02215	0.02575	0.01643	0.01098	0.01132	0.00328	0.04374	0.00893	0.00606	0.01430
36	0.02384	0.01245	0.01637	0.01558	0.01921	0.01115	0.01181	0.02712	0.02542	0.19365	0.13437	0.27405	0.11484	0.02438	0.01243	0.00379	0.00696	0.04975	0.01108	0.01175
37	0.01445	0.01060	0.01354	0.01320	0.01558	0.00970	0.00975	0.01881	0.02813	0.03905	0.44821	0.14713	0.14537	0.02356	0.01260	0.00347	0.00517	0.02079	0.01122	0.00970
38	0.08967	0.09793	0.15659	0.03597	0.04705	0.02764	0.32620	0.03329	0.02340	0.03413	0.01956	0.02499	0.01482	0.00923	0.01082	0.00335	0.01577	0.01019	0.00520	0.01418
39	0.02550	0.08592	0.12419	0.23595	0.04793	0.06447	0.05745	0.03229	0.02435	0.09570	0.08086	0.03205	0.02498	0.01178	0.01038	0.00326	0.01306	0.01001	0.00652	0.01333
40	0.01511	0.01079	0.01482	0.01726	0.01885	0.01050	0.01368	0.01857	0.02243	0.02948	0.05705	0.35278	0.06507	0.03103	0.01409	0.00460	0.00806	0.27685	0.00977	0.00920
41	0.48226	0.07903	0.02306	0.14890	0.03306	0.02541	0.01618	0.03021	0.01905	0.04061	0.01565	0.01967	0.01226	0.00991	0.00749	0.00323	0.00983	0.00656	0.00593	0.01172
42	0.03483	0.09008	0.07546	0.09607	0.03942	0.14787	0.08124	0.11495	0.03005	0.15245	0.02421	0.02600	0.01736	0.01114	0.01018	0.00311	0.01397	0.00901	0.00765	0.01495

[dist]
# distance from previous block
# <min> <max>
0	1

[block]
# block no. 3 follows, 13 sequences, length 27
# corresponding to MSA columns:
# 128-154
name=unknown_D
#
# <colnr> <probs for GDERKNQSTAVLIFYWHMCP>
#	G	D	E	R	K	N	Q	S	T	A	V	L	I	F	Y	W	H	M	C	P
0	0.02678	0.17847	0.25562	0.02333	0.03419	0.02727	0.02563	0.07244	0.07889	0.08903	0.03010	0.03063	0.05942	0.01206	0.00964	0.00311	0.01210	0.00928	0.00687	0.01515
1	0.01555	0.01066	0.01441	0.01441	0.01532	0.01158	0.00999	0.01691	0.01600	0.02224	0.02938	0.05203	0.03058	0.30221	0.31081	0.08268	0.01890	0.01279	0.00586	0.00769
2	0.02120	0.01931	0.02974	0.17769	0.19861	0.02007	0.02302	0.02629	0.02169	0.03068	0.02581	0.13151	0.02513	0.01423	0.01218	0.00323	0.05204	0.01244	0.00608	0.14905
3	0.70310	0.02045	0.01554	0.01390	0.02045	0.02372	0.01145	0.03108	0.01799	0.04744	0.01472	0.01718	0.01145	0.00981	0.00654	0.00327	0.00818	0.00573	0.00654	0.01145
4	0.03270	0.03674	0.02603	0.02325	0.02901	0.33460	0.01768	0.04317	0.16815	0.03272	0.02519	0.02640	0.01989	0.01164	0.00954	0.00282	0.01400	0.00838	0.05756	0.08052
5	0.03725	0.02588	0.02936	0.12069	0.07131	0.09315	0.02076	0.16647	0.06870	0.21421	0.02933	0.02952	0.02036	0.01215	0.01047	0.00323	0.01194	0.00969	0.00945	0.01608
6	0.01510	0.01133	0.01699	0.01699	0.01888	0.01322	0.01322	0.01888	0.01699	0.02454	0.02832	0.04154	0.02643	0.07930	0.58652	0.01699	0.02832	0.01133	0.00566	0.00944
7	0.02469	0.20895	0.03938	0.02482	0.02757	0.03526	0.02160	0.02733	0.01780	0.02527	0.01413	0.02126	0.01378	0.01563	0.02622	0.00391	0.42747	0.00816	0.00459	0.01217
8	0.01288	0.00920	0.01227	0.01472	0.01534	0.00859	0.00981	0.01472	0.02024	0.02699	0.05828	0.62152	0.06993	0.03312	0.01350	0.00429	0.00613	0.03006	0.00981	0.00859
9	0.01288	0.00920	0.01227	0.01472	0.01534	0.00859	0.00981	0.01472	0.02024	0.02699	0.05828	0.62152	0.06993	0.03312	0.01350	0.00429	0.00613	0.03006	0.00981	0.00859
10	0.02389	0.03237	0.16343	0.10347	0.15658	0.02562	0.27183	0.03279	0.02383	0.03321	0.02031	0.02670	0.01542	0.00943	0.01136	0.00343	0.01592	0.01056	0.00507	0.01479
11	0.01987	0.01846	0.03169	0.46363	0.06309	0.02188	0.06584	0.02671	0.02196	0.02831	0.02511	0.04319	0.02193	0.01351	0.01138	0.00375	0.01367	0.08885	0.00558	0.01161
12	0.03950	0.05039	0.02996	0.02724	0.03269	0.58597	0.02043	0.04222	0.02996	0.02588	0.01634	0.01907	0.01362	0.01090	0.00953	0.00272	0.01907	0.00681	0.00545	0.01226
13	0.01971	0.00985	0.00985	0.00985	0.01232	0.00985	0.00739	0.02464	0.02217	0.03942	0.03449	0.03942	0.02710	0.01232	0.00739	0.00246	0.00493	0.00985	0.68712	0.00985
14	0.03950	0.05039	0.02996	0.02724	0.03269	0.58597	0.02043	0.04222	0.02996	0.02588	0.01634	0.01907	0.01362	0.01090	0.00953	0.00272	0.01907	0.00681	0.00545	0.01226
15	0.02701	0.02415	0.02990	0.02541	0.02857	0.03075	0.02081	0.12216	0.16958	0.03793	0.02406	0.02809	0.01975	0.01632	0.02376	0.00408	0.33608	0.01006	0.00739	0.01414
16	0.01538	0.01025	0.01153	0.01153	0.01153	0.01025	0.00641	0.01538	0.01538	0.02050	0.03331	0.06919	0.03844	0.62842	0.05382	0.01025	0.01025	0.01538	0.00641	0.00641
17	0.03294	0.02077	0.02408	0.01970	0.02613	0.02167	0.01582	0.19232	0.13891	0.17819	0.16411	0.04400	0.04302	0.01532	0.01109	0.00332	0.00870	0.01265	0.01148	0.01576
18	0.02865	0.19425	0.27968	0.02573	0.03717	0.09978	0.02812	0.12297	0.02799	0.03636	0.01874	0.02113	0.01429	0.01038	0.00926	0.00297	0.01426	0.00746	0.00570	0.01512
19	0.02945	0.32064	0.12026	0.08094	0.03460	0.03139	0.02175	0.03725	0.07460	0.12114	0.02315	0.02437	0.01759	0.01056	0.00870	0.00285	0.01154	0.00783	0.00661	0.01475
20	0.01371	0.00980	0.01322	0.01567	0.01665	0.00930	0.01126	0.01616	0.02106	0.02792	0.05782	0.52100	0.06811	0.03234	0.01372	0.00441	0.00686	0.12237	0.00980	0.00882
21	0.02058	0.01202	0.01325	0.01245	0.01579	0.01187	0.00950	0.02781	0.07828	0.07557	0.14795	0.05357	0.09716	0.01594	0.00951	0.00292	0.00562	0.01327	0.36592	0.01105
22	0.02090	0.02017	0.08164	0.08899	0.08369	0.01684	0.05162	0.02638	0.02289	0.06438	0.10287	0.05030	0.03643	0.10377	0.06179	0.00533	0.01224	0.06039	0.00724	0.08215
23	0.02495	0.03010	0.16955	0.16978	0.08370	0.02356	0.11626	0.08272	0.02672	0.07097	0.07467	0.03189	0.02409	0.01154	0.01097	0.00339	0.01355	0.01061	0.00663	0.01436
24	0.01645	0.01011	0.01353	0.01514	0.01654	0.00931	0.01041	0.01852	0.02128	0.08302	0.05657	0.56108	0.06541	0.03106	0.01320	0.00419	0.00643	0.02805	0.01015	0.00956
25	0.02439	0.01810	0.02036	0.01822	0.02329	0.01947	0.01414	0.04284	0.31227	0.09692	0.19074	0.05430	0.08563	0.01708	0.01134	0.00348	0.00729	0.01451	0.01118	0.01446
26	0.63315	0.08413	0.01967	0.01434	0.02114	0.02560	0.01214	0.03114	0.01836	0.04510	0.01472	0.01715	0.01167	0.00974	0.00657	0.00317	0.00850	0.00572	0.00633	0.01167

[dist]
# distance from previous block
# <min> <max>
0	30

[block]
# block no. 4 follows, 13 sequences, length 12
# corresponding to MSA columns:
# 185-196
name=unknown_E
#
# <colnr> <probs for GDERKNQSTAVLIFYWHMCP>
#	G	D	E	R	K	N	Q	S	T	A	V	L	I	F	Y	W	H	M	C	P
0	0.02320	0.02208	0.03358	0.12980	0.19532	0.05651	0.08803	0.06312	0.02488	0.03293	0.03065	0.19025	0.03077	0.01640	0.01153	0.00355	0.01207	0.01534	0.00682	0.01318
1	0.21085	0.05692	0.07936	0.06036	0.09882	0.02335	0.02040	0.06040	0.02277	0.03809	0.02225	0.03348	0.01976	0.01262	0.01084	0.00327	0.04833	0.06636	0.00644	0.10535
2	0.02691	0.01396	0.01787	0.01511	0.02025	0.01216	0.01183	0.03118	0.02756	0.22075	0.21881	0.09264	0.09127	0.01766	0.01104	0.00314	0.00677	0.01510	0.05994	0.08604
3	0.02173	0.02868	0.17386	0.01965	0.03076	0.01698	0.01984	0.02851	0.02203	0.03419	0.01884	0.02203	0.01504	0.00844	0.00844	0.00206	0.00998	0.00669	0.00577	0.50650
4	0.37885	0.02077	0.01954	0.01636	0.02312	0.02246	0.01314	0.09583	0.07400	0.08256	0.02242	0.02569	0.01762	0.05141	0.01102	0.00354	0.00878	0.00785	0.00787	0.09717
5	0.01852	0.02213	0.16858	0.01890	0.02357	0.01419	0.01819	0.02019	0.01675	0.02372	0.02045	0.03125	0.01855	0.03759	0.13785	0.37238	0.01465	0.00922	0.00476	0.00857
6	0.01581	0.02286	0.16701	0.01702	0.02351	0.01362	0.01730	0.02199	0.02578	0.03507	0.25020	0.07140	0.23757	0.02025	0.01181	0.00342	0.00805	0.01713	0.00902	0.01116
7	0.03446	0.05158	0.17969	0.02804	0.03629	0.43136	0.02556	0.03981	0.02786	0.02797	0.01707	0.01996	0.01356	0.01066	0.00967	0.00290	0.01812	0.00709	0.00518	0.01319
8	0.02753	0.01857	0.02974	0.44212	0.06020	0.02130	0.02556	0.03377	0.02365	0.17649	0.02510	0.03034	0.01742	0.01126	0.01059	0.00345	0.01269	0.00974	0.00701	0.01347
9	0.01288	0.00920	0.01227	0.01472	0.01534	0.00859	0.00981	0.01472	0.02024	0.02699	0.05828	0.62152	0.06993	0.03312	0.01350	0.00429	0.00613	0.03006	0.00981	0.00859
10	0.03782	0.01599	0.02073	0.01658	0.02349	0.01372	0.01347	0.04152	0.02857	0.42074	0.05972	0.05410	0.17268	0.01686	0.01115	0.00335	0.00799	0.01385	0.01219	0.01550
11	0.21682	0.02687	0.03486	0.13105	0.04232	0.09466	0.15793	0.06887	0.06207	0.03848	0.02028	0.02469	0.01541	0.01036	0.00985	0.00335	0.01349	0.00909	0.00633	0.01321

[dist]
# distance from previous block
# <min> <max>
0	22

[block]
# block no. 5 follows, 13 sequences, length 12
# corresponding to MSA columns:
# 219-230
name=unknown_F
#
# <colnr> <probs for GDERKNQSTAVLIFYWHMCP>
#	G	D	E	R	K	N	Q	S	T	A	V	L	I	F	Y	W	H	M	C	P
0	0.02412	0.01331	0.01647	0.01527	0.01918	0.01229	0.01140	0.02910	0.06620	0.18482	0.09524	0.22008	0.15447	0.06921	0.01526	0.00418	0.00721	0.01956	0.01070	0.01194
1	0.03406	0.02364	0.02402	0.06402	0.02908	0.14310	0.01688	0.03743	0.02626	0.24647	0.03620	0.16435	0.03161	0.01735	0.01269	0.00349	0.05224	0.01402	0.00943	0.01366
2	0.02070	0.06206	0.06653	0.06567	0.02949	0.01805	0.05294	0.06020	0.02696	0.03782	0.21319	0.04716	0.07386	0.01458	0.01056	0.00289	0.00902	0.01265	0.00820	0.16747
3	0.02765	0.01584	0.01930	0.01736	0.02174	0.01609	0.01383	0.09652	0.06305	0.15883	0.03929	0.05769	0.03458	0.11295	0.06044	0.00556	0.01050	0.10931	0.10680	0.01269
4	0.02762	0.01462	0.01897	0.01644	0.02183	0.01239	0.01253	0.03094	0.02430	0.22780	0.04319	0.26992	0.04150	0.02000	0.01115	0.00330	0.00757	0.01750	0.01020	0.16822
5	0.17785	0.02093	0.02470	0.02016	0.02510	0.02370	0.01658	0.02716	0.01871	0.03377	0.01587	0.02133	0.01398	0.01261	0.01842	0.00319	0.25141	0.00735	0.00566	0.26152
6	0.01977	0.01189	0.01484	0.14520	0.02612	0.01297	0.01240	0.02518	0.02194	0.03659	0.03091	0.03686	0.02413	0.01192	0.00812	0.00271	0.00702	0.00975	0.53140	0.01029
7	0.01906	0.01408	0.01649	0.01634	0.01917	0.01416	0.01191	0.13173	0.02752	0.03626	0.05776	0.41112	0.12793	0.02755	0.01269	0.00393	0.00728	0.02426	0.00999	0.01078
8	0.01282	0.00943	0.01203	0.01412	0.01518	0.00864	0.00955	0.01479	0.02082	0.02723	0.06564	0.54310	0.14359	0.03217	0.01334	0.00418	0.00602	0.02889	0.00982	0.00864
9	0.02148	0.01879	0.02416	0.14968	0.03596	0.01624	0.01637	0.02671	0.02175	0.03276	0.01879	0.02335	0.01530	0.00846	0.00846	0.00201	0.00926	0.00698	0.00591	0.53759
10	0.02956	0.01869	0.02472	0.01987	0.02668	0.01785	0.05307	0.04107	0.16326	0.19980	0.14269	0.04297	0.04048	0.01404	0.01075	0.00312	0.00850	0.01219	0.01053	0.12016
11	0.12505	0.02738	0.02843	0.02254	0.03038	0.03063	0.01846	0.39146	0.11962	0.06076	0.02663	0.02642	0.01927	0.01256	0.01008	0.00325	0.01069	0.00939	0.01008	0.01694

[dist]
# distance from previous block
# <min> <max>
0	58

# created by:
# /st0/software/busco_prod/Augustus/scripts/msa2prfl.pl ./align_prep/7879.fa
