[name]
unknown

[dist]
# distance from previous block
# <min> <max>
7	49

[block]
# block no. 0 follows, 11 sequences, length 89
# corresponding to MSA columns:
# 49-137
name=unknown_A
#
# <colnr> <probs for GDERKNQSTAVLIFYWHMCP>
#	G	D	E	R	K	N	Q	S	T	A	V	L	I	F	Y	W	H	M	C	P
0	0.02266	0.01352	0.01796	0.01853	0.02187	0.01292	0.01538	0.02676	0.02558	0.11393	0.05906	0.10340	0.10061	0.10779	0.02045	0.00557	0.00986	0.28249	0.01046	0.01121
1	0.01980	0.01560	0.01971	0.01825	0.02381	0.01332	0.01497	0.02445	0.02418	0.03430	0.04260	0.14698	0.04506	0.02171	0.01223	0.00356	0.00894	0.20142	0.00876	0.30034
2	0.07582	0.03086	0.10778	0.02792	0.03865	0.06336	0.14708	0.03309	0.02462	0.03671	0.02024	0.02467	0.01593	0.00939	0.01003	0.00274	0.01331	0.00868	0.00609	0.30303
3	0.31554	0.02366	0.03423	0.03164	0.10318	0.02450	0.13934	0.03481	0.02356	0.08075	0.02444	0.03414	0.02021	0.01229	0.01028	0.00370	0.01220	0.05013	0.00729	0.01410
4	0.04717	0.02071	0.03172	0.02384	0.03292	0.01820	0.08284	0.05224	0.03143	0.47167	0.04140	0.03720	0.02636	0.01331	0.01159	0.00353	0.01088	0.01159	0.01279	0.01860
5	0.02916	0.01507	0.02086	0.02049	0.02516	0.01418	0.01759	0.03406	0.02806	0.20685	0.05442	0.09676	0.05220	0.02525	0.01411	0.00460	0.01010	0.30616	0.01158	0.01336
6	0.09860	0.14802	0.16625	0.02741	0.03820	0.07771	0.08995	0.07470	0.02783	0.11542	0.02323	0.02522	0.01697	0.01110	0.01011	0.00328	0.01420	0.00885	0.00713	0.01582
7	0.03609	0.02590	0.05038	0.03653	0.04685	0.02372	0.30366	0.04353	0.02881	0.23735	0.03138	0.03352	0.02137	0.01126	0.01250	0.00367	0.01524	0.01250	0.00897	0.01676
8	0.01797	0.01276	0.01758	0.01993	0.02228	0.01276	0.01707	0.02266	0.02501	0.03256	0.05732	0.12193	0.06252	0.08518	0.01948	0.00572	0.01042	0.41677	0.01003	0.01003
9	0.02743	0.02794	0.05254	0.06193	0.37706	0.02731	0.18623	0.03504	0.02594	0.03653	0.02170	0.02868	0.01758	0.00985	0.01185	0.00349	0.01522	0.01110	0.00561	0.01695
10	0.12853	0.17839	0.03604	0.02477	0.03161	0.36575	0.01984	0.04069	0.02803	0.03049	0.01675	0.01950	0.01416	0.01098	0.00903	0.00287	0.01677	0.00680	0.00573	0.01325
11	0.02139	0.01358	0.01894	0.02066	0.02386	0.01332	0.01798	0.02648	0.02654	0.08471	0.05807	0.11806	0.06107	0.02937	0.01512	0.00501	0.01029	0.41360	0.01072	0.01125
12	0.03140	0.02670	0.03379	0.03821	0.19028	0.02921	0.02394	0.15378	0.25189	0.04939	0.03363	0.03403	0.02558	0.01320	0.01131	0.00356	0.01113	0.01127	0.00955	0.01813
13	0.03029	0.01979	0.02405	0.01753	0.02720	0.01540	0.01416	0.03513	0.02561	0.16608	0.02625	0.02717	0.01954	0.00977	0.00910	0.00213	0.00865	0.00786	0.00853	0.50576
14	0.02618	0.32376	0.31220	0.02592	0.03919	0.03497	0.03086	0.03471	0.02333	0.03124	0.01801	0.02102	0.01435	0.01018	0.00903	0.00301	0.01443	0.00721	0.00478	0.01558
15	0.02710	0.36018	0.05502	0.02668	0.03585	0.03518	0.15489	0.03265	0.02519	0.03184	0.08899	0.03079	0.02796	0.01145	0.00981	0.00297	0.01310	0.01011	0.00612	0.01412
16	0.01636	0.01101	0.01436	0.01564	0.01719	0.01049	0.01161	0.01757	0.02143	0.02762	0.05927	0.20712	0.14359	0.08192	0.02496	0.15988	0.00849	0.13432	0.00883	0.00835
17	0.02705	0.03350	0.16490	0.13141	0.14795	0.02603	0.18581	0.03608	0.02556	0.07771	0.02325	0.02897	0.01714	0.01053	0.01178	0.00362	0.01592	0.01081	0.00604	0.01593
18	0.02353	0.02443	0.04772	0.35075	0.06952	0.02648	0.22889	0.03188	0.02424	0.03188	0.02119	0.03016	0.01589	0.01050	0.01212	0.00377	0.01670	0.01141	0.00530	0.01365
19	0.04097	0.01953	0.03019	0.02397	0.03188	0.01751	0.08315	0.04620	0.03022	0.37430	0.04431	0.05419	0.03343	0.01660	0.01240	0.00385	0.01103	0.09725	0.01210	0.01692
20	0.03377	0.02243	0.03238	0.13931	0.15555	0.02331	0.02462	0.11981	0.03166	0.17168	0.03335	0.04460	0.02665	0.01482	0.01184	0.00372	0.01211	0.07273	0.00931	0.01635
21	0.03372	0.03523	0.18122	0.03165	0.04256	0.02669	0.13824	0.12170	0.03106	0.15796	0.02718	0.02933	0.01897	0.01236	0.01360	0.00367	0.05900	0.01063	0.00826	0.01698
22	0.03312	0.03615	0.21650	0.03314	0.04543	0.02373	0.18183	0.04213	0.02748	0.20320	0.02905	0.03074	0.01968	0.01137	0.01175	0.00361	0.01507	0.01094	0.00810	0.01699
23	0.02339	0.01516	0.01934	0.01975	0.02342	0.01536	0.01588	0.03273	0.11915	0.10567	0.05547	0.21909	0.05630	0.02675	0.01387	0.00453	0.00899	0.20139	0.01109	0.01270
24	0.19656	0.10556	0.03635	0.03098	0.12702	0.02705	0.06315	0.07537	0.02754	0.16973	0.02555	0.02696	0.01855	0.01129	0.00982	0.00333	0.01151	0.00913	0.00839	0.01617
25	0.20003	0.08947	0.03212	0.10387	0.07912	0.21481	0.02146	0.07293	0.02761	0.03761	0.01823	0.02209	0.01462	0.01109	0.00939	0.00319	0.01463	0.00768	0.00630	0.01376
26	0.01814	0.01296	0.01814	0.02073	0.02332	0.01296	0.01814	0.02332	0.02591	0.03368	0.05959	0.12696	0.06478	0.03109	0.01555	0.00518	0.01036	0.45848	0.01036	0.01036
27	0.03063	0.34758	0.04472	0.02120	0.02962	0.03778	0.01897	0.08931	0.19774	0.03815	0.02735	0.02733	0.02188	0.01199	0.00911	0.00300	0.01098	0.00878	0.00778	0.01610
28	0.20328	0.02041	0.02172	0.01642	0.02551	0.01788	0.01327	0.03164	0.02289	0.07885	0.02069	0.02312	0.01632	0.00933	0.00819	0.00229	0.00853	0.00687	0.00730	0.44549
29	0.03027	0.33361	0.22644	0.02389	0.03587	0.03415	0.02677	0.03733	0.02448	0.10140	0.02125	0.02289	0.01624	0.01060	0.00902	0.00297	0.01332	0.00757	0.00606	0.01587
30	0.03048	0.02626	0.04399	0.03355	0.04250	0.02661	0.23180	0.04842	0.22745	0.11094	0.03524	0.03624	0.02567	0.01248	0.01226	0.00376	0.01353	0.01278	0.00920	0.01681
31	0.01601	0.01153	0.01521	0.01731	0.01909	0.01114	0.01351	0.01936	0.02344	0.03051	0.06297	0.28005	0.10807	0.08982	0.01913	0.00542	0.00869	0.22919	0.01004	0.00951
32	0.03775	0.10480	0.03925	0.04139	0.25001	0.02490	0.02480	0.04302	0.02803	0.24919	0.03024	0.03092	0.02160	0.01162	0.01067	0.00327	0.01158	0.01002	0.00900	0.01792
33	0.03636	0.02572	0.03884	0.11405	0.04507	0.02662	0.13282	0.16727	0.07541	0.17372	0.03092	0.03239	0.02151	0.01247	0.01177	0.00360	0.01334	0.01137	0.00968	0.01708
34	0.02670	0.02978	0.06255	0.04512	0.05604	0.02842	0.44850	0.03829	0.07254	0.03709	0.02494	0.03146	0.01871	0.01003	0.01311	0.00380	0.01803	0.01323	0.00624	0.01543
35	0.03089	0.01499	0.02080	0.01930	0.02412	0.01412	0.01574	0.03508	0.02671	0.24693	0.04874	0.14143	0.04457	0.03303	0.10162	0.00647	0.01270	0.13772	0.01118	0.01386
36	0.03791	0.03762	0.16515	0.03211	0.10584	0.11922	0.02690	0.08558	0.03094	0.20572	0.02849	0.02884	0.01976	0.01209	0.01092	0.00337	0.01411	0.00953	0.00869	0.01722
37	0.12690	0.02352	0.03700	0.02784	0.03633	0.02283	0.16679	0.08647	0.02915	0.21534	0.03093	0.03530	0.02265	0.06931	0.01579	0.00429	0.01285	0.01159	0.00939	0.01573
38	0.04451	0.02071	0.02969	0.02266	0.03092	0.01894	0.06402	0.09000	0.03220	0.40429	0.03989	0.03947	0.02709	0.06339	0.01540	0.00413	0.01089	0.01183	0.01226	0.01771
39	0.02954	0.02500	0.04605	0.03699	0.08448	0.02387	0.24997	0.08041	0.03084	0.11160	0.12289	0.04122	0.03591	0.01313	0.01263	0.00362	0.01394	0.01378	0.00865	0.01547
40	0.20316	0.08493	0.03324	0.02683	0.07949	0.07110	0.05541	0.08464	0.02882	0.18966	0.02639	0.02699	0.01879	0.01166	0.00984	0.00333	0.01187	0.00904	0.00886	0.01596
41	0.02523	0.02746	0.05702	0.04222	0.05143	0.02681	0.38799	0.03353	0.02569	0.03497	0.02722	0.04331	0.02352	0.01335	0.01558	0.00408	0.06512	0.07490	0.00628	0.01427
42	0.03666	0.02106	0.02781	0.02325	0.02999	0.06229	0.06477	0.04168	0.03003	0.28289	0.08141	0.06155	0.04091	0.01825	0.01262	0.00389	0.01129	0.12283	0.01141	0.01539
43	0.03469	0.02596	0.04293	0.11415	0.12676	0.02618	0.15402	0.12739	0.03221	0.15907	0.02795	0.03111	0.01980	0.01162	0.01181	0.00356	0.01408	0.01124	0.00855	0.01692
44	0.31727	0.02183	0.02764	0.02161	0.02995	0.02191	0.08099	0.04296	0.02586	0.26209	0.02914	0.02867	0.01968	0.01183	0.00974	0.00353	0.01051	0.00936	0.00982	0.01563
45	0.02757	0.03085	0.10013	0.16525	0.05831	0.02848	0.26611	0.10882	0.02961	0.03996	0.02257	0.02910	0.01666	0.01066	0.01223	0.00369	0.01676	0.01153	0.00634	0.01534
46	0.02847	0.02805	0.10899	0.07682	0.04302	0.02387	0.15570	0.04188	0.13915	0.11903	0.03496	0.09028	0.02802	0.01445	0.01212	0.00379	0.01321	0.01375	0.00865	0.01580
47	0.02654	0.18477	0.12331	0.04009	0.14065	0.03081	0.17837	0.03409	0.02497	0.03344	0.02309	0.03324	0.01986	0.01148	0.01108	0.00342	0.01505	0.04473	0.00567	0.01534
48	0.01608	0.01206	0.01809	0.01809	0.02010	0.01407	0.01407	0.02010	0.01809	0.02613	0.03015	0.04422	0.02814	0.08441	0.55984	0.01809	0.03015	0.01206	0.00603	0.01005
49	0.08485	0.02098	0.03535	0.07950	0.12396	0.02075	0.13276	0.03167	0.02759	0.08264	0.18826	0.04698	0.04656	0.01460	0.01199	0.00357	0.01148	0.01392	0.00861	0.01400
50	0.01588	0.01214	0.01671	0.01768	0.01895	0.01296	0.01316	0.01899	0.02242	0.03090	0.11689	0.33643	0.06467	0.03960	0.10474	0.00671	0.06658	0.06524	0.00946	0.00992
51	0.08383	0.03187	0.07955	0.20035	0.04709	0.14763	0.02463	0.04115	0.07114	0.12705	0.02593	0.02886	0.01873	0.01208	0.01064	0.00347	0.01434	0.00939	0.00755	0.01472
52	0.27841	0.02009	0.02267	0.01815	0.02623	0.01968	0.01498	0.04702	0.02752	0.36518	0.03407	0.03110	0.02222	0.01268	0.00975	0.00348	0.00926	0.00944	0.01142	0.01665
53	0.04494	0.02807	0.03164	0.02426	0.03318	0.02978	0.02004	0.37331	0.04714	0.20250	0.03188	0.03017	0.02158	0.01363	0.01128	0.00341	0.01160	0.01046	0.01201	0.01914
54	0.03339	0.04986	0.25287	0.02895	0.03977	0.23318	0.02948	0.04308	0.06597	0.08420	0.02353	0.02529	0.01728	0.01173	0.01060	0.00332	0.01675	0.00855	0.00660	0.01558
55	0.02627	0.02856	0.05820	0.09851	0.09520	0.02795	0.37290	0.03722	0.06695	0.03633	0.02431	0.03111	0.01838	0.01019	0.01277	0.00376	0.01731	0.01266	0.00610	0.01535
56	0.01371	0.00979	0.01306	0.01567	0.01632	0.00914	0.01045	0.01567	0.02155	0.02873	0.06203	0.59710	0.07444	0.03526	0.01437	0.00457	0.00653	0.03200	0.01045	0.00914
57	0.02786	0.02674	0.04568	0.06908	0.53424	0.02674	0.03454	0.03454	0.02563	0.03677	0.02117	0.02786	0.01783	0.01003	0.01114	0.00334	0.01337	0.01003	0.00557	0.01783
58	0.02922	0.03139	0.10978	0.08886	0.13277	0.06676	0.10915	0.07374	0.07023	0.07857	0.07150	0.03441	0.02701	0.01246	0.01163	0.00353	0.01402	0.01142	0.00765	0.01587
59	0.02663	0.15336	0.40850	0.02862	0.04323	0.02850	0.03516	0.03716	0.02442	0.08316	0.02173	0.02415	0.01561	0.01082	0.01013	0.00335	0.01513	0.00820	0.00565	0.01649
60	0.68395	0.02177	0.01654	0.01480	0.02177	0.02525	0.01219	0.03309	0.01915	0.05050	0.01567	0.01828	0.01219	0.01045	0.00697	0.00348	0.00871	0.00609	0.00697	0.01219
61	0.04204	0.05364	0.03190	0.02900	0.03480	0.55926	0.02175	0.04494	0.03190	0.02755	0.01740	0.02030	0.01450	0.01160	0.01015	0.00290	0.02030	0.00725	0.00580	0.01305
62	0.02950	0.02387	0.04177	0.21724	0.22895	0.02470	0.10179	0.03647	0.02593	0.12162	0.02508	0.03073	0.01856	0.01101	0.01154	0.00357	0.01410	0.01075	0.00686	0.01597
63	0.01371	0.00979	0.01306	0.01567	0.01632	0.00914	0.01045	0.01567	0.02155	0.02873	0.06203	0.59710	0.07444	0.03526	0.01437	0.00457	0.00653	0.03200	0.01045	0.00914
64	0.01967	0.01698	0.02288	0.02041	0.02157	0.02076	0.01602	0.02304	0.02352	0.03425	0.24242	0.05746	0.05843	0.10246	0.02941	0.00515	0.25095	0.01535	0.00846	0.01081
65	0.54492	0.02560	0.02013	0.01745	0.02461	0.06809	0.01421	0.09847	0.02484	0.05156	0.01738	0.01966	0.01334	0.01096	0.00781	0.00342	0.01012	0.00675	0.00747	0.01322
66	0.03150	0.03645	0.25550	0.15444	0.04878	0.02270	0.03091	0.04040	0.02627	0.20147	0.02816	0.03002	0.01893	0.01189	0.01103	0.00358	0.01392	0.00970	0.00784	0.01651
67	0.40447	0.02735	0.07902	0.03137	0.12763	0.02607	0.08615	0.03402	0.02186	0.04446	0.01814	0.02231	0.01414	0.01026	0.00900	0.00351	0.01178	0.00806	0.00631	0.01410
68	0.03020	0.02761	0.08141	0.10768	0.32944	0.02509	0.07379	0.03734	0.02628	0.11444	0.02474	0.02962	0.01877	0.01076	0.01134	0.00346	0.01370	0.01039	0.00676	0.01717
69	0.01922	0.01538	0.01974	0.01859	0.02018	0.01821	0.01377	0.02545	0.08629	0.02770	0.03169	0.05100	0.03130	0.24556	0.22388	0.01147	0.11004	0.01330	0.00688	0.01037
70	0.09760	0.02416	0.02787	0.08074	0.07301	0.06755	0.01976	0.04898	0.14193	0.24730	0.03557	0.03417	0.02475	0.01316	0.01083	0.00353	0.01109	0.01059	0.01048	0.01692
71	0.02677	0.20744	0.37249	0.02763	0.04174	0.03047	0.03354	0.03657	0.02416	0.07165	0.02079	0.02330	0.01534	0.01065	0.00979	0.00324	0.01483	0.00791	0.00547	0.01622
72	0.05050	0.01915	0.02612	0.02003	0.02873	0.01654	0.01654	0.05485	0.03221	0.54203	0.04440	0.03831	0.02786	0.01393	0.01132	0.00348	0.00958	0.01132	0.01393	0.01915
73	0.02394	0.01351	0.01623	0.01438	0.01923	0.01166	0.01120	0.02778	0.02890	0.17167	0.19379	0.08370	0.29385	0.02327	0.01276	0.00365	0.00665	0.01960	0.01185	0.01237
74	0.02257	0.05822	0.54613	0.03208	0.04871	0.02614	0.04158	0.03564	0.02376	0.03564	0.02020	0.02376	0.01426	0.01069	0.01069	0.00356	0.01663	0.00832	0.00475	0.01663
75	0.02786	0.02674	0.04568	0.06908	0.53424	0.02674	0.03454	0.03454	0.02563	0.03677	0.02117	0.02786	0.01783	0.01003	0.01114	0.00334	0.01337	0.01003	0.00557	0.01783
76	0.01608	0.01206	0.01809	0.01809	0.02010	0.01407	0.01407	0.02010	0.01809	0.02613	0.03015	0.04422	0.02814	0.08441	0.55984	0.01809	0.03015	0.01206	0.00603	0.01005
77	0.02722	0.03739	0.25712	0.03164	0.04327	0.02276	0.13736	0.03664	0.02616	0.11729	0.03175	0.04610	0.02615	0.01459	0.01226	0.00389	0.01491	0.09048	0.00746	0.01559
78	0.02126	0.02001	0.03376	0.57739	0.07752	0.02501	0.03126	0.02876	0.02251	0.02876	0.02001	0.03001	0.01500	0.01125	0.01125	0.00375	0.01500	0.01000	0.00500	0.01250
79	0.03537	0.01581	0.02127	0.01746	0.02352	0.01395	0.01395	0.04014	0.03206	0.32454	0.25621	0.05834	0.06215	0.01790	0.01217	0.00351	0.00771	0.01527	0.01326	0.01542
80	0.02469	0.02316	0.03833	0.10765	0.39064	0.02338	0.02945	0.03097	0.02595	0.03625	0.08042	0.04105	0.07310	0.01314	0.01156	0.00344	0.01202	0.01231	0.00665	0.01583
81	0.03845	0.03878	0.12487	0.02688	0.03646	0.12516	0.02445	0.26411	0.07809	0.09164	0.02688	0.02727	0.01929	0.01283	0.01098	0.00337	0.01408	0.00958	0.00933	0.01750
82	0.04204	0.05364	0.03190	0.02900	0.03480	0.55926	0.02175	0.04494	0.03190	0.02755	0.01740	0.02030	0.01450	0.01160	0.01015	0.00290	0.02030	0.00725	0.00580	0.01305
83	0.01466	0.01050	0.01401	0.01581	0.01712	0.00985	0.01123	0.01770	0.02436	0.03301	0.16983	0.43260	0.08086	0.03202	0.01423	0.00439	0.00662	0.07070	0.01089	0.00960
84	0.03577	0.03141	0.11924	0.03737	0.13044	0.02617	0.11755	0.14043	0.03311	0.17194	0.02849	0.03018	0.01996	0.01177	0.01156	0.00351	0.01379	0.01075	0.00882	0.01775
85	0.24996	0.13471	0.11508	0.02148	0.03113	0.03022	0.02078	0.14314	0.02966	0.09625	0.02182	0.02310	0.01606	0.01139	0.00903	0.00328	0.01152	0.00788	0.00789	0.01560
86	0.02247	0.16414	0.03497	0.02248	0.02664	0.02677	0.06026	0.02588	0.02089	0.02768	0.03324	0.04883	0.07268	0.11433	0.07746	0.00632	0.15043	0.04661	0.00631	0.01162
87	0.07866	0.02236	0.02843	0.07692	0.03485	0.02409	0.06246	0.04619	0.26236	0.08195	0.07693	0.03955	0.03314	0.01392	0.01113	0.00355	0.01014	0.01201	0.00980	0.07155
88	0.08992	0.08820	0.03394	0.02437	0.03276	0.07839	0.02016	0.33666	0.08910	0.05914	0.02600	0.02632	0.01919	0.01290	0.01046	0.00329	0.01240	0.00942	0.00986	0.01751

[dist]
# distance from previous block
# <min> <max>
1	1

[block]
# block no. 1 follows, 11 sequences, length 73
# corresponding to MSA columns:
# 159-216,220-234
name=unknown_B
#
# <colnr> <probs for GDERKNQSTAVLIFYWHMCP>
#	G	D	E	R	K	N	Q	S	T	A	V	L	I	F	Y	W	H	M	C	P
0	0.08842	0.03963	0.26568	0.02847	0.04093	0.02497	0.07590	0.09403	0.02913	0.16519	0.02680	0.02790	0.01827	0.01167	0.01086	0.00354	0.01397	0.00957	0.00804	0.01702
1	0.04972	0.02040	0.02689	0.02061	0.02935	0.01838	0.01703	0.09917	0.03429	0.49478	0.04266	0.03718	0.02699	0.01389	0.01131	0.00347	0.00986	0.01120	0.01366	0.01915
2	0.02804	0.02437	0.04068	0.19117	0.25659	0.02570	0.08053	0.03797	0.08253	0.08149	0.02602	0.03130	0.01984	0.01126	0.01146	0.00357	0.01355	0.01081	0.00688	0.01625
3	0.02982	0.24621	0.09381	0.02441	0.03363	0.03314	0.06245	0.04520	0.20257	0.07490	0.02988	0.02995	0.02292	0.01210	0.00995	0.00324	0.01178	0.00973	0.00799	0.01631
4	0.01366	0.00998	0.01287	0.01517	0.01619	0.00918	0.01023	0.01573	0.02203	0.02893	0.06811	0.54001	0.12761	0.03447	0.01424	0.00448	0.00643	0.03103	0.01045	0.00918
5	0.02695	0.01916	0.03011	0.31291	0.10748	0.02098	0.02500	0.03315	0.02591	0.13754	0.07573	0.04235	0.06700	0.01405	0.01159	0.00364	0.01213	0.01226	0.00798	0.01407
6	0.02418	0.02122	0.03093	0.16949	0.09672	0.02303	0.06179	0.08677	0.10834	0.03978	0.08273	0.09006	0.08357	0.01660	0.01208	0.00373	0.01139	0.01482	0.00855	0.01422
7	0.04301	0.02781	0.03321	0.02944	0.09165	0.02926	0.02169	0.32991	0.04444	0.18723	0.03078	0.03000	0.02121	0.01321	0.01126	0.00340	0.01178	0.01042	0.01128	0.01899
8	0.02098	0.01049	0.01049	0.01049	0.01311	0.01049	0.00787	0.02623	0.02360	0.04196	0.03672	0.04196	0.02885	0.01311	0.00787	0.00262	0.00525	0.01049	0.66693	0.01049
9	0.02208	0.01995	0.03219	0.02758	0.03316	0.02028	0.14639	0.03461	0.14983	0.03677	0.04649	0.17169	0.04588	0.02197	0.01365	0.00433	0.01159	0.13881	0.00938	0.01334
10	0.01919	0.01389	0.01696	0.01760	0.01982	0.01399	0.01251	0.10621	0.02745	0.03668	0.05544	0.48980	0.06403	0.03117	0.01378	0.00435	0.00763	0.02788	0.01060	0.01102
11	0.04204	0.05364	0.03190	0.02900	0.03480	0.55926	0.02175	0.04494	0.03190	0.02755	0.01740	0.02030	0.01450	0.01160	0.01015	0.00290	0.02030	0.00725	0.00580	0.01305
12	0.02052	0.01485	0.01838	0.01892	0.02169	0.01515	0.01447	0.11249	0.02880	0.03826	0.05453	0.37067	0.06118	0.02996	0.01404	0.00448	0.00861	0.13099	0.01059	0.01141
13	0.04729	0.02431	0.02931	0.02247	0.03130	0.02419	0.01856	0.23881	0.04083	0.34590	0.03717	0.03361	0.02423	0.01376	0.01129	0.00344	0.01075	0.01083	0.01282	0.01915
14	0.03000	0.02197	0.02467	0.02140	0.02674	0.02358	0.01658	0.28522	0.03913	0.05238	0.04242	0.27766	0.04345	0.02307	0.01263	0.00390	0.00981	0.01975	0.01090	0.01474
15	0.02098	0.01049	0.01049	0.01049	0.01311	0.01049	0.00787	0.02623	0.02360	0.04196	0.03672	0.04196	0.02885	0.01311	0.00787	0.00262	0.00525	0.01049	0.66693	0.01049
16	0.01643	0.01166	0.01559	0.01588	0.01709	0.01259	0.01140	0.01885	0.01821	0.02511	0.03567	0.06597	0.03766	0.30217	0.28390	0.01358	0.01970	0.06299	0.00685	0.00870
17	0.02617	0.02907	0.02134	0.02153	0.02445	0.25100	0.01542	0.02854	0.02610	0.02821	0.04241	0.34351	0.04809	0.02486	0.01251	0.00384	0.01258	0.02112	0.00840	0.01086
18	0.03047	0.03350	0.04467	0.11415	0.26389	0.16283	0.11725	0.03681	0.02704	0.03334	0.02037	0.02665	0.01651	0.01047	0.01130	0.00336	0.01639	0.00993	0.00559	0.01549
19	0.01619	0.01257	0.01499	0.01595	0.01827	0.01240	0.01133	0.02347	0.10265	0.03377	0.11945	0.36886	0.14828	0.02956	0.01360	0.00421	0.00664	0.02622	0.01082	0.01076
20	0.21169	0.03197	0.08797	0.04366	0.24261	0.08862	0.06786	0.03559	0.02445	0.03934	0.01924	0.02412	0.01544	0.01035	0.01001	0.00339	0.01370	0.00872	0.00591	0.01535
21	0.02476	0.09284	0.04705	0.29114	0.14412	0.02846	0.14840	0.03217	0.02411	0.03171	0.02040	0.02834	0.01594	0.01041	0.01128	0.00354	0.01540	0.01038	0.00525	0.01431
22	0.01919	0.01484	0.02053	0.01915	0.01971	0.01814	0.01435	0.02007	0.01677	0.02406	0.02523	0.04439	0.02606	0.19063	0.18873	0.13577	0.17569	0.01211	0.00571	0.00888
23	0.13980	0.12990	0.09395	0.14574	0.04456	0.11563	0.06541	0.07664	0.02676	0.03705	0.01904	0.02357	0.01483	0.01089	0.00980	0.00330	0.01460	0.00836	0.00603	0.01415
24	0.08481	0.08674	0.18949	0.03660	0.16420	0.02812	0.02927	0.11146	0.02947	0.10116	0.02361	0.02609	0.01739	0.01124	0.01037	0.00336	0.01325	0.00902	0.00727	0.01708
25	0.03396	0.01430	0.01736	0.01468	0.01998	0.01315	0.01168	0.03881	0.02739	0.26182	0.04010	0.04036	0.02841	0.01347	0.00938	0.00300	0.00715	0.01085	0.37984	0.01430
26	0.01428	0.01116	0.01295	0.01310	0.01595	0.00982	0.00960	0.01782	0.02707	0.03519	0.24762	0.18554	0.30411	0.02779	0.01348	0.00385	0.00571	0.02403	0.01112	0.00982
27	0.03129	0.14953	0.22469	0.02656	0.03816	0.03271	0.02795	0.19012	0.09046	0.04689	0.02458	0.02589	0.01825	0.01196	0.01032	0.00331	0.01347	0.00900	0.00769	0.01719
28	0.02475	0.04202	0.26906	0.09449	0.05063	0.07351	0.15050	0.03460	0.02528	0.03406	0.02453	0.03615	0.02014	0.01258	0.01185	0.00375	0.01675	0.05481	0.00568	0.01486
29	0.02098	0.01049	0.01049	0.01049	0.01311	0.01049	0.00787	0.02623	0.02360	0.04196	0.03672	0.04196	0.02885	0.01311	0.00787	0.00262	0.00525	0.01049	0.66693	0.01049
30	0.15815	0.03541	0.08369	0.02404	0.03202	0.16273	0.02068	0.09892	0.14784	0.08757	0.02775	0.02792	0.02056	0.01260	0.01016	0.00341	0.01309	0.00917	0.00862	0.01568
31	0.02805	0.04438	0.32297	0.03208	0.04543	0.02666	0.10966	0.08153	0.07677	0.08435	0.02593	0.02825	0.01837	0.01149	0.01130	0.00360	0.01524	0.01000	0.00697	0.01696
32	0.02176	0.01280	0.01691	0.01515	0.01883	0.01162	0.01162	0.02691	0.03192	0.12896	0.44666	0.07635	0.09298	0.02148	0.01294	0.00353	0.00603	0.01883	0.01265	0.01206
33	0.01371	0.00979	0.01306	0.01567	0.01632	0.00914	0.01045	0.01567	0.02155	0.02873	0.06203	0.59710	0.07444	0.03526	0.01437	0.00457	0.00653	0.03200	0.01045	0.00914
34	0.03348	0.02885	0.11955	0.03775	0.18933	0.02325	0.02643	0.08008	0.06834	0.18050	0.03306	0.07439	0.02576	0.01386	0.01140	0.00355	0.01190	0.01199	0.00909	0.01745
35	0.18067	0.01840	0.02175	0.01933	0.02436	0.01937	0.05359	0.07082	0.08310	0.04218	0.08918	0.19426	0.09772	0.02097	0.01166	0.00387	0.00872	0.01801	0.00957	0.01248
36	0.02466	0.21185	0.41079	0.02852	0.04321	0.03125	0.03538	0.03510	0.02351	0.03310	0.01893	0.02218	0.01431	0.01040	0.00973	0.00324	0.01536	0.00768	0.00477	0.01603
37	0.13610	0.02507	0.02448	0.01895	0.02778	0.07862	0.01517	0.08024	0.02735	0.08576	0.02187	0.02388	0.01694	0.01005	0.00887	0.00243	0.01023	0.00740	0.00772	0.37112
38	0.03198	0.07602	0.03573	0.16432	0.08622	0.09301	0.02467	0.16522	0.08595	0.04274	0.02380	0.02776	0.01840	0.01284	0.01299	0.00351	0.06196	0.00969	0.00757	0.01559
39	0.04303	0.04287	0.03207	0.02713	0.03432	0.32717	0.02118	0.20599	0.03938	0.08668	0.02311	0.02421	0.01728	0.01248	0.01064	0.00312	0.01658	0.00862	0.00843	0.01573
40	0.01565	0.01209	0.01755	0.12199	0.02866	0.01257	0.01526	0.01903	0.02224	0.02931	0.05384	0.43545	0.06213	0.03026	0.01392	0.00449	0.00857	0.07767	0.00941	0.00992
41	0.02786	0.02674	0.04568	0.06908	0.53424	0.02674	0.03454	0.03454	0.02563	0.03677	0.02117	0.02786	0.01783	0.01003	0.01114	0.00334	0.01337	0.01003	0.00557	0.01783
42	0.05050	0.01915	0.02612	0.02003	0.02873	0.01654	0.01654	0.05485	0.03221	0.54203	0.04440	0.03831	0.02786	0.01393	0.01132	0.00348	0.00958	0.01132	0.01393	0.01915
43	0.01475	0.01079	0.01527	0.01673	0.01798	0.01131	0.01204	0.01762	0.02003	0.02759	0.04802	0.35403	0.05408	0.05687	0.25419	0.01051	0.01691	0.02323	0.00851	0.00954
44	0.01608	0.01206	0.01809	0.01809	0.02010	0.01407	0.01407	0.02010	0.01809	0.02613	0.03015	0.04422	0.02814	0.08441	0.55984	0.01809	0.03015	0.01206	0.00603	0.01005
45	0.02126	0.02001	0.03376	0.57739	0.07752	0.02501	0.03126	0.02876	0.02251	0.02876	0.02001	0.03001	0.01500	0.01125	0.01125	0.00375	0.01500	0.01000	0.00500	0.01250
46	0.02126	0.02001	0.03376	0.57739	0.07752	0.02501	0.03126	0.02876	0.02251	0.02876	0.02001	0.03001	0.01500	0.01125	0.01125	0.00375	0.01500	0.01000	0.00500	0.01250
47	0.68395	0.02177	0.01654	0.01480	0.02177	0.02525	0.01219	0.03309	0.01915	0.05050	0.01567	0.01828	0.01219	0.01045	0.00697	0.00348	0.00871	0.00609	0.00697	0.01219
48	0.02657	0.03036	0.06641	0.04744	0.05882	0.02846	0.49336	0.03605	0.02657	0.03605	0.02277	0.03036	0.01708	0.00949	0.01328	0.00380	0.01898	0.01328	0.00569	0.01518
49	0.12014	0.01944	0.02507	0.01945	0.02797	0.01750	0.01606	0.05246	0.03078	0.48799	0.04125	0.03611	0.02614	0.01355	0.01084	0.00348	0.00948	0.01074	0.01316	0.01839
50	0.01962	0.01774	0.02726	0.02432	0.02618	0.02172	0.05931	0.02317	0.01918	0.02783	0.02998	0.13981	0.03108	0.04542	0.22212	0.00958	0.22299	0.01512	0.00643	0.01114
51	0.01981	0.01184	0.01518	0.01549	0.01789	0.01149	0.01170	0.02365	0.02449	0.07753	0.12867	0.17872	0.05840	0.09281	0.05906	0.00577	0.00927	0.09381	0.13389	0.01052
52	0.20960	0.02105	0.02810	0.02171	0.03026	0.02008	0.06785	0.04723	0.02826	0.36090	0.03469	0.03232	0.02267	0.01255	0.01042	0.00352	0.01039	0.01020	0.01125	0.01694
53	0.02361	0.01906	0.02594	0.03139	0.14662	0.01969	0.01943	0.10421	0.07263	0.03973	0.04468	0.27388	0.04714	0.02339	0.01291	0.00406	0.00970	0.05864	0.00948	0.01379
54	0.47857	0.02575	0.06687	0.02396	0.08131	0.02657	0.01860	0.03276	0.02003	0.04499	0.01656	0.02054	0.01329	0.01150	0.01124	0.00364	0.07707	0.00715	0.00639	0.01320
55	0.03336	0.18508	0.12324	0.07568	0.04117	0.09066	0.07188	0.13271	0.03132	0.07979	0.02232	0.02497	0.01678	0.01129	0.01022	0.00319	0.01450	0.00887	0.00709	0.01589
56	0.01777	0.01268	0.02043	0.01914	0.02130	0.01260	0.06714	0.01952	0.01990	0.02787	0.03844	0.23591	0.04113	0.04061	0.12394	0.17770	0.01315	0.01856	0.06317	0.00904
57	0.02764	0.14019	0.17746	0.02433	0.03376	0.02373	0.06304	0.03439	0.02577	0.13120	0.07435	0.12904	0.03521	0.01625	0.01123	0.00352	0.01192	0.01395	0.00823	0.01480
58	0.03415	0.08003	0.07517	0.11513	0.04054	0.06913	0.06019	0.08478	0.02952	0.18255	0.03202	0.09208	0.02569	0.01459	0.01128	0.00352	0.01287	0.01235	0.00890	0.01550
59	0.15736	0.01960	0.02450	0.01914	0.02756	0.01801	0.01581	0.05118	0.03001	0.45911	0.03956	0.03493	0.02522	0.01334	0.01058	0.00348	0.00943	0.01044	0.01276	0.01798
60	0.02446	0.01439	0.01852	0.01624	0.02018	0.01370	0.01248	0.06907	0.03193	0.12657	0.34724	0.06589	0.07588	0.02242	0.01615	0.07706	0.00714	0.01678	0.01172	0.01217
61	0.08662	0.08136	0.08323	0.08112	0.13213	0.07009	0.07191	0.08086	0.02884	0.14021	0.02512	0.02772	0.01832	0.01136	0.01061	0.00337	0.01358	0.00958	0.00773	0.01625
62	0.03009	0.61122	0.05898	0.01926	0.02889	0.04454	0.01926	0.03370	0.02287	0.02648	0.01565	0.01805	0.01444	0.00963	0.00722	0.00241	0.01204	0.00602	0.00481	0.01444
63	0.01371	0.00979	0.01306	0.01567	0.01632	0.00914	0.01045	0.01567	0.02155	0.02873	0.06203	0.59710	0.07444	0.03526	0.01437	0.00457	0.00653	0.03200	0.01045	0.00914
64	0.02179	0.02931	0.16326	0.28837	0.11123	0.02345	0.03204	0.03023	0.02374	0.03223	0.02686	0.04453	0.02352	0.01432	0.01182	0.00390	0.01446	0.08524	0.00591	0.01378
65	0.02303	0.02274	0.04130	0.41827	0.12735	0.02586	0.11862	0.03081	0.02363	0.03107	0.02066	0.02982	0.01572	0.01078	0.01162	0.00371	0.01556	0.01062	0.00520	0.01363
66	0.05050	0.01915	0.02612	0.02003	0.02873	0.01654	0.01654	0.05485	0.03221	0.54203	0.04440	0.03831	0.02786	0.01393	0.01132	0.00348	0.00958	0.01132	0.01393	0.01915
67	0.01951	0.01798	0.01715	0.01723	0.01967	0.10263	0.01243	0.02317	0.02803	0.03606	0.26860	0.26423	0.07891	0.02564	0.01315	0.00382	0.00829	0.02248	0.01056	0.01048
68	0.03033	0.02463	0.03919	0.18751	0.30966	0.02593	0.03029	0.08181	0.02835	0.09719	0.02418	0.02954	0.01842	0.01114	0.01120	0.00347	0.01324	0.01018	0.00697	0.01677
69	0.01499	0.01127	0.01594	0.08174	0.02411	0.01134	0.01357	0.01789	0.02206	0.02918	0.05690	0.48833	0.06662	0.03208	0.01411	0.00453	0.00787	0.06801	0.00980	0.00965
70	0.04690	0.02493	0.02970	0.02277	0.03161	0.02511	0.01881	0.26114	0.04188	0.32209	0.03629	0.03304	0.02379	0.01373	0.01129	0.00343	0.01089	0.01077	0.01268	0.01915
71	0.02330	0.02029	0.02628	0.02554	0.11246	0.01651	0.01671	0.02833	0.02358	0.03602	0.02376	0.07265	0.02176	0.01090	0.00932	0.00220	0.00904	0.00938	0.00680	0.50517
72	0.24064	0.04620	0.37152	0.02638	0.03983	0.02585	0.03189	0.03480	0.02224	0.04054	0.01871	0.02196	0.01358	0.01061	0.00946	0.00354	0.01402	0.00758	0.00548	0.01517

[dist]
# distance from previous block
# <min> <max>
0	5

[block]
# block no. 2 follows, 11 sequences, length 16
# corresponding to MSA columns:
# 240-255
name=unknown_C
#
# <colnr> <probs for GDERKNQSTAVLIFYWHMCP>
#	G	D	E	R	K	N	Q	S	T	A	V	L	I	F	Y	W	H	M	C	P
0	0.03263	0.30061	0.04920	0.03061	0.10955	0.03369	0.07618	0.04006	0.06940	0.11901	0.02494	0.02659	0.01935	0.01091	0.00961	0.00302	0.01235	0.00898	0.00718	0.01615
1	0.02377	0.12904	0.28073	0.02894	0.04148	0.02644	0.10343	0.03310	0.02485	0.03540	0.07159	0.03003	0.02437	0.01132	0.01056	0.00320	0.01419	0.00979	0.00591	0.09187
2	0.02158	0.01818	0.02017	0.01798	0.02375	0.01789	0.01369	0.03582	0.20976	0.03805	0.05348	0.15628	0.11911	0.01954	0.01151	0.00340	0.00777	0.01672	0.00985	0.18547
3	0.01454	0.01145	0.01312	0.01270	0.01596	0.01003	0.00952	0.01855	0.02857	0.03733	0.30892	0.09691	0.33044	0.02592	0.01329	0.00368	0.00552	0.02215	0.01136	0.01003
4	0.02822	0.02557	0.09420	0.31147	0.15161	0.02386	0.03029	0.03562	0.02509	0.12865	0.02489	0.03045	0.01790	0.01146	0.01118	0.00360	0.01385	0.01006	0.00678	0.01526
5	0.20533	0.14646	0.20563	0.02257	0.03367	0.02746	0.02437	0.03853	0.02410	0.14162	0.02309	0.02420	0.01653	0.01109	0.00917	0.00330	0.01220	0.00790	0.00723	0.01555
6	0.02537	0.04155	0.28112	0.05168	0.30582	0.02646	0.03786	0.03506	0.02475	0.03624	0.02071	0.02593	0.01615	0.01034	0.01093	0.00345	0.01491	0.00922	0.00519	0.01727
7	0.01451	0.00987	0.01278	0.01510	0.01597	0.00929	0.01016	0.01683	0.02177	0.03018	0.05926	0.53622	0.06944	0.03283	0.01365	0.00436	0.00639	0.02964	0.08245	0.00929
8	0.03221	0.14126	0.13262	0.09395	0.04569	0.02759	0.14724	0.03962	0.02639	0.16607	0.02633	0.02894	0.01868	0.01109	0.01094	0.00341	0.01433	0.01016	0.00745	0.01602
9	0.02904	0.04208	0.30725	0.04087	0.18832	0.02463	0.03511	0.03869	0.02580	0.12495	0.02474	0.02753	0.01770	0.01107	0.01094	0.00348	0.01443	0.00935	0.00661	0.01743
10	0.04150	0.01677	0.02209	0.01766	0.02462	0.01482	0.01433	0.04611	0.03058	0.39855	0.09222	0.04364	0.03602	0.01470	0.01088	0.00333	0.00834	0.01208	0.13510	0.01668
11	0.02271	0.03258	0.19549	0.04226	0.24054	0.02209	0.03011	0.03081	0.02614	0.03728	0.11875	0.04405	0.08063	0.01427	0.01158	0.00349	0.01226	0.01260	0.00697	0.01540
12	0.03180	0.25020	0.09600	0.03428	0.12469	0.03359	0.09634	0.08716	0.02818	0.08421	0.02208	0.02507	0.01721	0.01061	0.00998	0.00310	0.01355	0.00899	0.00664	0.01631
13	0.10414	0.15030	0.09011	0.13458	0.12119	0.08085	0.10045	0.03448	0.02432	0.03371	0.01900	0.02444	0.01521	0.01034	0.01008	0.00329	0.01470	0.00884	0.00544	0.01453
14	0.02057	0.01524	0.02401	0.02209	0.02637	0.01425	0.08730	0.02526	0.02561	0.07808	0.06241	0.20025	0.13556	0.02669	0.01419	0.00445	0.01000	0.18619	0.01000	0.01148
15	0.13321	0.03282	0.17029	0.07757	0.13160	0.02531	0.06958	0.07976	0.02741	0.04247	0.07968	0.03205	0.02608	0.01219	0.01080	0.00352	0.01307	0.01043	0.00692	0.01523

[dist]
# distance from previous block
# <min> <max>
11	86

[block]
# block no. 3 follows, 11 sequences, length 6
# corresponding to MSA columns:
# 357-362
name=unknown_D
#
# <colnr> <probs for GDERKNQSTAVLIFYWHMCP>
#	G	D	E	R	K	N	Q	S	T	A	V	L	I	F	Y	W	H	M	C	P
0	0.08882	0.07866	0.19151	0.02434	0.03527	0.02688	0.02488	0.11435	0.10058	0.10880	0.02739	0.02787	0.01977	0.01192	0.01018	0.00330	0.01214	0.00912	0.00832	0.07590
1	0.13448	0.01687	0.01843	0.01636	0.02030	0.01743	0.01186	0.09531	0.02538	0.11778	0.03592	0.12103	0.03537	0.25169	0.02934	0.00657	0.00998	0.01503	0.00911	0.01178
2	0.12427	0.16915	0.11176	0.09303	0.03457	0.02634	0.02078	0.03381	0.02285	0.11339	0.02477	0.03287	0.02063	0.10806	0.01709	0.00448	0.01207	0.00945	0.00693	0.01370
3	0.35363	0.02095	0.02106	0.01826	0.02409	0.02389	0.01490	0.03655	0.06955	0.12328	0.03304	0.03386	0.06975	0.01467	0.01317	0.00376	0.09352	0.00992	0.00857	0.01359
4	0.02672	0.01751	0.02142	0.01824	0.02438	0.01568	0.01440	0.07629	0.02724	0.11788	0.03873	0.13171	0.03736	0.07516	0.01591	0.00403	0.00926	0.08627	0.00947	0.23233
5	0.03254	0.13629	0.11578	0.02408	0.03430	0.02568	0.06337	0.04268	0.09757	0.16821	0.02963	0.02970	0.02143	0.01152	0.01017	0.00308	0.01167	0.00950	0.00854	0.12428

[dist]
# distance from previous block
# <min> <max>
90	276

[block]
# block no. 4 follows, 11 sequences, length 73
# corresponding to MSA columns:
# 695-767
name=unknown_E
#
# <colnr> <probs for GDERKNQSTAVLIFYWHMCP>
#	G	D	E	R	K	N	Q	S	T	A	V	L	I	F	Y	W	H	M	C	P
0	0.08610	0.07024	0.02495	0.02064	0.02571	0.02262	0.01739	0.12344	0.08051	0.04252	0.04183	0.07434	0.04133	0.06852	0.01613	0.00474	0.01066	0.20561	0.00958	0.01314
1	0.08378	0.06021	0.02168	0.01955	0.02367	0.01662	0.01681	0.02826	0.02546	0.09731	0.05051	0.13829	0.05234	0.02578	0.01349	0.00455	0.00991	0.28986	0.01008	0.01183
2	0.09847	0.13116	0.03409	0.02505	0.08134	0.02514	0.01896	0.08513	0.03045	0.31045	0.03266	0.03075	0.02222	0.01239	0.01016	0.00326	0.01060	0.00965	0.01053	0.01754
3	0.03554	0.13438	0.03959	0.03732	0.20675	0.02684	0.02350	0.07952	0.02912	0.18034	0.02709	0.02847	0.02003	0.01120	0.01021	0.00306	0.01150	0.00934	0.00838	0.07782
4	0.01814	0.01296	0.01814	0.02073	0.02332	0.01296	0.01814	0.02332	0.02591	0.03368	0.05959	0.12696	0.06478	0.03109	0.01555	0.00518	0.01036	0.45848	0.01036	0.01036
5	0.09050	0.02453	0.03856	0.13286	0.04629	0.02533	0.14908	0.09817	0.06945	0.16690	0.02941	0.03176	0.02061	0.01198	0.01147	0.00363	0.01337	0.01112	0.00888	0.01611
6	0.03054	0.03773	0.21523	0.04472	0.23820	0.02693	0.03318	0.11226	0.03004	0.08832	0.02392	0.02726	0.01773	0.01119	0.01102	0.00344	0.01399	0.00957	0.00698	0.01775
7	0.07531	0.02315	0.07725	0.13533	0.09453	0.02129	0.10049	0.02942	0.02461	0.03499	0.03525	0.06511	0.03421	0.01825	0.01280	0.00422	0.01335	0.18009	0.00734	0.01301
8	0.01610	0.01150	0.01580	0.01840	0.02010	0.01120	0.01460	0.01980	0.02390	0.03141	0.06072	0.34319	0.06922	0.03301	0.01500	0.00490	0.00860	0.26233	0.01040	0.00980
9	0.10347	0.03361	0.04143	0.03770	0.11983	0.16438	0.15168	0.07552	0.02975	0.10092	0.02339	0.02682	0.01752	0.01108	0.01107	0.00339	0.01567	0.00996	0.00728	0.01554
10	0.03305	0.47335	0.05228	0.02167	0.03035	0.17181	0.01987	0.03648	0.02510	0.02674	0.01608	0.01861	0.01446	0.01012	0.00795	0.00253	0.01408	0.00632	0.00506	0.01410
11	0.02334	0.02001	0.02334	0.01667	0.02667	0.01500	0.01334	0.02834	0.02334	0.03668	0.02001	0.02334	0.01667	0.00834	0.00834	0.00167	0.00834	0.00667	0.00667	0.67325
12	0.02540	0.04090	0.26617	0.05029	0.26384	0.02669	0.09453	0.03521	0.02493	0.03619	0.02095	0.02638	0.01618	0.01025	0.01121	0.00350	0.01549	0.00969	0.00523	0.01698
13	0.02099	0.01512	0.01979	0.02075	0.02415	0.01546	0.01784	0.08185	0.02982	0.03938	0.09956	0.11053	0.06300	0.02815	0.01480	0.00480	0.01014	0.36172	0.01067	0.01148
14	0.02408	0.01893	0.03360	0.11991	0.04117	0.01881	0.14481	0.03008	0.02548	0.09562	0.04177	0.16257	0.04103	0.02069	0.01348	0.00425	0.01261	0.12956	0.00869	0.01286
15	0.02577	0.04234	0.29566	0.09492	0.20672	0.02693	0.03673	0.07151	0.02658	0.03818	0.02104	0.02593	0.01587	0.01076	0.01094	0.00350	0.01509	0.00917	0.00556	0.01683
16	0.03584	0.01988	0.02494	0.02180	0.02818	0.01982	0.01840	0.15518	0.03502	0.22251	0.04593	0.07020	0.04011	0.02055	0.01296	0.00412	0.01060	0.18639	0.01185	0.01570
17	0.02298	0.01372	0.01862	0.01918	0.02291	0.01304	0.01632	0.02784	0.02757	0.12030	0.11020	0.10606	0.10004	0.02715	0.01442	0.00461	0.00933	0.30271	0.01118	0.01180
18	0.02660	0.01983	0.02840	0.03418	0.18267	0.01985	0.02085	0.07082	0.06966	0.09548	0.19722	0.05769	0.05383	0.01736	0.01230	0.00363	0.00960	0.05495	0.01007	0.01500
19	0.09121	0.19909	0.13912	0.07420	0.12687	0.03286	0.02687	0.11508	0.02843	0.04030	0.01983	0.02340	0.01567	0.01079	0.00958	0.00317	0.01313	0.00821	0.00629	0.01593
20	0.01754	0.01276	0.01730	0.01957	0.02231	0.01253	0.01695	0.02243	0.02588	0.03328	0.06635	0.12465	0.12245	0.03077	0.01527	0.00501	0.00979	0.40455	0.01037	0.01026
21	0.01730	0.01252	0.01708	0.01945	0.02196	0.01230	0.01658	0.02198	0.02548	0.03293	0.06453	0.16967	0.10588	0.03126	0.01524	0.00500	0.00960	0.38069	0.01038	0.01017
22	0.02618	0.02553	0.04573	0.05914	0.39091	0.02546	0.10877	0.03300	0.02485	0.03533	0.02255	0.03031	0.01898	0.01917	0.07957	0.00525	0.01639	0.01082	0.00565	0.01642
23	0.09787	0.04099	0.03141	0.02638	0.03372	0.27856	0.02076	0.24598	0.04020	0.04894	0.02155	0.02313	0.01638	0.01235	0.01037	0.00316	0.01576	0.00844	0.00834	0.01570
24	0.01679	0.01217	0.01639	0.01813	0.02059	0.01177	0.01502	0.02141	0.02644	0.03491	0.15061	0.17587	0.11139	0.02991	0.01480	0.00469	0.00858	0.28957	0.01075	0.01019
25	0.03074	0.38566	0.04659	0.02131	0.02961	0.09343	0.01911	0.04232	0.16390	0.03247	0.02444	0.02512	0.02013	0.01144	0.00873	0.00286	0.01200	0.00806	0.00681	0.01526
26	0.02722	0.02093	0.02447	0.01774	0.02755	0.01685	0.01429	0.07098	0.02661	0.08050	0.02258	0.02487	0.01779	0.00924	0.00883	0.00196	0.00879	0.00734	0.00765	0.56381
27	0.02581	0.09951	0.45770	0.02991	0.04523	0.02673	0.03742	0.03729	0.02448	0.08245	0.02210	0.02466	0.01555	0.01091	0.01047	0.00346	0.01560	0.00841	0.00562	0.01669
28	0.03691	0.02781	0.04760	0.03481	0.04489	0.02711	0.24828	0.16135	0.03490	0.17423	0.02940	0.03151	0.02037	0.01167	0.01225	0.00361	0.01485	0.01196	0.00925	0.01723
29	0.01364	0.01009	0.01275	0.01488	0.01612	0.00921	0.01010	0.01576	0.02231	0.02904	0.07165	0.50667	0.15866	0.03401	0.01417	0.00443	0.00638	0.03047	0.01045	0.00921
30	0.03753	0.02174	0.03357	0.04072	0.24638	0.02041	0.02379	0.04298	0.02933	0.27780	0.07875	0.03799	0.03071	0.01308	0.01142	0.00343	0.01083	0.01159	0.01017	0.01780
31	0.14757	0.03978	0.24983	0.02822	0.04031	0.02708	0.07698	0.12965	0.02989	0.09316	0.02331	0.02550	0.01645	0.01140	0.01047	0.00353	0.01395	0.00909	0.00742	0.01643
32	0.02119	0.01354	0.01889	0.02066	0.02383	0.01329	0.01799	0.02629	0.02650	0.08161	0.05816	0.11860	0.06130	0.02947	0.01515	0.00502	0.01029	0.41632	0.01070	0.01119
33	0.08154	0.02164	0.02435	0.02204	0.02766	0.02351	0.01826	0.21364	0.07535	0.05042	0.04229	0.11250	0.04088	0.02156	0.01273	0.00417	0.01058	0.17186	0.01054	0.01448
34	0.02540	0.02578	0.09704	0.08879	0.16848	0.02214	0.06401	0.03503	0.07661	0.07622	0.04000	0.05373	0.07177	0.01619	0.01225	0.00386	0.01244	0.08724	0.00794	0.01509
35	0.10447	0.02568	0.03225	0.02460	0.03352	0.02624	0.06314	0.23766	0.03920	0.24920	0.03233	0.03091	0.02169	0.01301	0.01107	0.00347	0.01157	0.01051	0.01137	0.01812
36	0.04104	0.02461	0.02880	0.02322	0.03106	0.02557	0.01935	0.28134	0.04202	0.20988	0.03783	0.04722	0.02946	0.01658	0.01199	0.00371	0.01118	0.08551	0.01193	0.01768
37	0.68395	0.02177	0.01654	0.01480	0.02177	0.02525	0.01219	0.03309	0.01915	0.05050	0.01567	0.01828	0.01219	0.01045	0.00697	0.00348	0.00871	0.00609	0.00697	0.01219
38	0.01858	0.01485	0.02329	0.02267	0.02645	0.01438	0.07561	0.02412	0.02653	0.03479	0.10346	0.10943	0.10054	0.02744	0.01487	0.00474	0.01058	0.32677	0.00998	0.01092
39	0.03097	0.03129	0.02585	0.02260	0.02762	0.20919	0.01756	0.07361	0.07116	0.03759	0.06802	0.03274	0.02720	0.01398	0.01337	0.00315	0.08350	0.00990	0.11872	0.08198
40	0.01965	0.01581	0.02395	0.03120	0.15154	0.01556	0.01995	0.02484	0.02642	0.03601	0.13830	0.15194	0.06180	0.02472	0.01385	0.00433	0.00970	0.20875	0.00953	0.01216
41	0.03160	0.27347	0.04114	0.02192	0.03014	0.03625	0.01908	0.12922	0.22164	0.04277	0.02961	0.02913	0.02315	0.01256	0.00963	0.00314	0.01087	0.00942	0.00861	0.01664
42	0.02573	0.27583	0.04142	0.16081	0.04060	0.03033	0.02047	0.03077	0.02292	0.03024	0.01812	0.02275	0.01528	0.00964	0.00860	0.00252	0.01164	0.00724	0.00544	0.21965
43	0.03585	0.10704	0.21394	0.02925	0.08838	0.02443	0.02750	0.04340	0.02742	0.24850	0.02996	0.02962	0.02040	0.01186	0.01057	0.00336	0.01274	0.00948	0.00872	0.01755
44	0.02657	0.03036	0.06641	0.04744	0.05882	0.02846	0.49336	0.03605	0.02657	0.03605	0.02277	0.03036	0.01708	0.00949	0.01328	0.00380	0.01898	0.01328	0.00569	0.01518
45	0.05050	0.01915	0.02612	0.02003	0.02873	0.01654	0.01654	0.05485	0.03221	0.54203	0.04440	0.03831	0.02786	0.01393	0.01132	0.00348	0.00958	0.01132	0.01393	0.01915
46	0.02521	0.09573	0.36600	0.13262	0.05082	0.02675	0.03571	0.03572	0.02412	0.07404	0.02170	0.02561	0.01550	0.01097	0.01055	0.00349	0.01537	0.00868	0.00554	0.01587
47	0.03523	0.03118	0.10951	0.03449	0.04539	0.02635	0.22689	0.12748	0.03262	0.17162	0.02877	0.03094	0.01987	0.01153	0.01208	0.00361	0.01505	0.01157	0.00872	0.01712
48	0.02806	0.01630	0.02085	0.02001	0.02498	0.01603	0.01675	0.03709	0.10629	0.17353	0.05838	0.08744	0.09368	0.02364	0.01353	0.00437	0.00948	0.22423	0.01152	0.01387
49	0.04331	0.01931	0.02507	0.01970	0.02735	0.01775	0.01608	0.10360	0.03472	0.39397	0.12952	0.04516	0.04091	0.01552	0.01166	0.00348	0.00916	0.01280	0.01332	0.01761
50	0.02987	0.14154	0.04781	0.04235	0.18298	0.12081	0.11233	0.03515	0.02492	0.03153	0.01872	0.02466	0.01598	0.01175	0.01498	0.00344	0.11147	0.00938	0.00538	0.01497
51	0.02961	0.02455	0.04542	0.04530	0.19650	0.02343	0.19370	0.03667	0.02711	0.12055	0.03183	0.04649	0.02681	0.01388	0.01265	0.00383	0.01426	0.08373	0.00779	0.01590
52	0.01512	0.01104	0.01453	0.01681	0.01849	0.01044	0.01275	0.01825	0.02350	0.03057	0.06768	0.38141	0.12773	0.03305	0.01462	0.00468	0.00769	0.17163	0.01042	0.00959
