[name]
unknown

[dist]
# distance from previous block
# <min> <max>
0	49

[block]
# block no. 0 follows, 15 sequences, length 33
# corresponding to MSA columns:
# 52-84
name=unknown_A
#
# <colnr> <probs for GDERKNQSTAVLIFYWHMCP>
#	G	D	E	R	K	N	Q	S	T	A	V	L	I	F	Y	W	H	M	C	P
0	0.08742	0.01526	0.01757	0.01627	0.02063	0.01563	0.01260	0.03249	0.17150	0.10922	0.11656	0.17666	0.04551	0.01845	0.01063	0.00339	0.00711	0.05391	0.00962	0.05955
1	0.02235	0.01814	0.02622	0.02404	0.06240	0.02049	0.05742	0.05839	0.02068	0.07695	0.02773	0.15708	0.02797	0.07686	0.02191	0.00422	0.21663	0.01353	0.00678	0.06022
2	0.02775	0.15757	0.03323	0.14587	0.12863	0.02359	0.02017	0.06570	0.02399	0.14560	0.02439	0.06637	0.01983	0.01132	0.00917	0.00284	0.01038	0.00943	0.00690	0.06729
3	0.01405	0.01057	0.01522	0.01510	0.01707	0.01173	0.01167	0.01772	0.01831	0.02592	0.11506	0.04831	0.07316	0.06325	0.47982	0.01323	0.02193	0.01249	0.00645	0.00894
4	0.02931	0.01989	0.02003	0.01739	0.02187	0.10033	0.01370	0.03683	0.10809	0.18654	0.06677	0.03453	0.02750	0.01303	0.01130	0.00297	0.06687	0.00990	0.20028	0.01285
5	0.02940	0.25881	0.09601	0.02341	0.07165	0.03033	0.02013	0.14421	0.11409	0.08492	0.02317	0.02374	0.01769	0.01049	0.00863	0.00276	0.01061	0.00792	0.00712	0.01492
6	0.03262	0.34086	0.03955	0.02094	0.02790	0.29099	0.01787	0.03558	0.02439	0.06379	0.01633	0.01813	0.01365	0.00957	0.00780	0.00239	0.01376	0.00614	0.00522	0.01254
7	0.01215	0.00868	0.01157	0.01388	0.01446	0.00810	0.00925	0.01388	0.01909	0.02545	0.05495	0.64315	0.06593	0.03123	0.01272	0.00405	0.00578	0.02834	0.00925	0.00810
8	0.02351	0.02419	0.07562	0.32115	0.15088	0.06201	0.06336	0.03148	0.05769	0.06356	0.02075	0.02640	0.01560	0.01002	0.00999	0.00319	0.01305	0.00902	0.00545	0.01306
9	0.13758	0.01845	0.02436	0.01904	0.02648	0.01754	0.05173	0.04512	0.08231	0.41961	0.03449	0.03124	0.02262	0.01175	0.00961	0.00313	0.00889	0.00961	0.01072	0.01572
10	0.02225	0.19343	0.06691	0.01628	0.02543	0.02105	0.01487	0.02682	0.02058	0.02997	0.01668	0.01942	0.01409	0.00783	0.00725	0.00176	0.00875	0.00584	0.00535	0.47543
11	0.01268	0.00971	0.01164	0.01205	0.01425	0.00866	0.00870	0.01572	0.02352	0.03095	0.25180	0.25059	0.26301	0.02536	0.01205	0.00349	0.00515	0.02217	0.00984	0.00866
12	0.02241	0.02955	0.15188	0.06058	0.03290	0.11546	0.06116	0.03328	0.13558	0.02989	0.02479	0.02963	0.01996	0.02816	0.17310	0.00663	0.01715	0.00935	0.00598	0.01253
13	0.02413	0.02065	0.02204	0.02014	0.02552	0.02377	0.01580	0.05049	0.52754	0.04079	0.04151	0.04297	0.03250	0.01460	0.01042	0.00347	0.00799	0.05032	0.01007	0.01527
14	0.02890	0.13401	0.17217	0.10523	0.08829	0.02373	0.02416	0.03500	0.02280	0.19714	0.02338	0.02516	0.01667	0.01067	0.01065	0.00304	0.04956	0.00824	0.00675	0.01445
15	0.01574	0.01191	0.01474	0.01373	0.01658	0.01176	0.01038	0.02404	0.11100	0.04024	0.49936	0.06877	0.08433	0.01933	0.01151	0.00317	0.00519	0.01700	0.01085	0.01038
16	0.18972	0.08637	0.02684	0.02069	0.02710	0.26711	0.01653	0.11250	0.02779	0.10980	0.01934	0.02038	0.01454	0.01042	0.00842	0.00278	0.01279	0.00695	0.00695	0.01299
17	0.02792	0.10744	0.06485	0.06419	0.02999	0.07092	0.01706	0.05997	0.05758	0.12792	0.02242	0.02373	0.01685	0.00957	0.00847	0.00237	0.01005	0.00738	0.00696	0.26435
18	0.02851	0.03865	0.20446	0.03486	0.15722	0.16304	0.06306	0.12645	0.02787	0.03569	0.01872	0.02202	0.01431	0.00990	0.00969	0.00296	0.01434	0.00806	0.00567	0.01452
19	0.02067	0.01772	0.02067	0.01477	0.02362	0.01329	0.01181	0.02510	0.02067	0.03248	0.01772	0.02067	0.01477	0.00738	0.00738	0.00148	0.00738	0.00591	0.00591	0.71059
20	0.02125	0.01987	0.03017	0.16179	0.22919	0.02262	0.02352	0.02923	0.09280	0.02983	0.02803	0.03325	0.06589	0.01655	0.05062	0.00416	0.11213	0.01032	0.00582	0.01295
21	0.03806	0.01549	0.02100	0.01661	0.02315	0.01351	0.01351	0.04210	0.02846	0.47363	0.15756	0.04276	0.03979	0.01409	0.01040	0.00310	0.00766	0.01177	0.01204	0.01532
22	0.02063	0.05063	0.02857	0.20869	0.16088	0.01962	0.02093	0.02692	0.04858	0.02968	0.02275	0.08812	0.02052	0.01132	0.00935	0.00275	0.01017	0.01001	0.00573	0.20416
23	0.01424	0.01028	0.01351	0.01294	0.01528	0.00955	0.00986	0.01894	0.02786	0.03929	0.54627	0.07704	0.09157	0.02087	0.01189	0.00323	0.00501	0.05212	0.01085	0.00939
24	0.02181	0.02181	0.03053	0.02617	0.02617	0.03053	0.02181	0.02399	0.01527	0.02399	0.01309	0.02181	0.01309	0.01745	0.03272	0.00436	0.63141	0.00872	0.00436	0.01091
25	0.02920	0.02241	0.03388	0.25278	0.04799	0.02443	0.11180	0.19764	0.03027	0.11575	0.02304	0.02679	0.01631	0.01066	0.01028	0.00319	0.01249	0.00955	0.00737	0.01414
26	0.01969	0.01430	0.01817	0.07692	0.02371	0.01481	0.01318	0.07530	0.09286	0.07011	0.38014	0.05834	0.06748	0.01730	0.01113	0.00317	0.00674	0.01503	0.01019	0.01143
27	0.01999	0.05157	0.59800	0.02841	0.04315	0.02315	0.03683	0.03157	0.02105	0.03157	0.01789	0.02105	0.01263	0.00947	0.00947	0.00316	0.01473	0.00737	0.00421	0.01473
28	0.01680	0.00879	0.01272	0.01272	0.01303	0.00864	0.00856	0.01311	0.01390	0.01822	0.02516	0.03646	0.07042	0.03375	0.03641	0.64368	0.00832	0.00982	0.00479	0.00471
29	0.02086	0.01698	0.02764	0.43194	0.09648	0.01971	0.02430	0.02689	0.02186	0.07635	0.07496	0.03734	0.02500	0.01225	0.01039	0.00334	0.01168	0.04429	0.00608	0.01166
30	0.02467	0.02369	0.04046	0.06119	0.58747	0.02369	0.03059	0.03059	0.02270	0.03257	0.01875	0.02467	0.01579	0.00888	0.00987	0.00296	0.01184	0.00888	0.00493	0.01579
31	0.01331	0.01008	0.01145	0.01111	0.01395	0.00892	0.00833	0.01695	0.02499	0.03341	0.30634	0.08212	0.32731	0.02209	0.01141	0.00319	0.00487	0.01884	0.06243	0.00892
32	0.01568	0.01132	0.01628	0.07408	0.02341	0.01163	0.01532	0.01925	0.02119	0.02766	0.04723	0.19802	0.05183	0.02712	0.01511	0.05752	0.00889	0.34129	0.00838	0.00879

[dist]
# distance from previous block
# <min> <max>
1	32

[block]
# block no. 1 follows, 15 sequences, length 37
# corresponding to MSA columns:
# 117-153
name=unknown_B
#
# <colnr> <probs for GDERKNQSTAVLIFYWHMCP>
#	G	D	E	R	K	N	Q	S	T	A	V	L	I	F	Y	W	H	M	C	P
0	0.72007	0.01928	0.01465	0.01311	0.01928	0.02236	0.01080	0.02930	0.01697	0.04473	0.01388	0.01619	0.01080	0.00925	0.00617	0.00308	0.00771	0.00540	0.00617	0.01080
1	0.02216	0.33729	0.25619	0.02099	0.03083	0.02900	0.02360	0.02837	0.02040	0.02684	0.02090	0.10187	0.01984	0.01193	0.00842	0.00278	0.01157	0.00919	0.00491	0.01291
2	0.02067	0.01772	0.02067	0.01477	0.02362	0.01329	0.01181	0.02510	0.02067	0.03248	0.01772	0.02067	0.01477	0.00738	0.00738	0.00148	0.00738	0.00591	0.00591	0.71059
3	0.01411	0.01019	0.01333	0.01254	0.01489	0.00941	0.00941	0.01881	0.02822	0.03998	0.58221	0.07447	0.09406	0.02038	0.01176	0.00314	0.00470	0.01803	0.01097	0.00941
4	0.01999	0.05157	0.59800	0.02841	0.04315	0.02315	0.03683	0.03157	0.02105	0.03157	0.01789	0.02105	0.01263	0.00947	0.00947	0.00316	0.01473	0.00737	0.00421	0.01473
5	0.01178	0.01010	0.01010	0.01010	0.01347	0.00842	0.00757	0.01431	0.02272	0.02693	0.10099	0.09594	0.58342	0.02525	0.01178	0.00337	0.00505	0.02104	0.00926	0.00842
6	0.03724	0.04751	0.02825	0.02568	0.03082	0.60963	0.01926	0.03981	0.02825	0.02440	0.01541	0.01798	0.01284	0.01027	0.00899	0.00257	0.01798	0.00642	0.00514	0.01156
7	0.02067	0.01772	0.02067	0.01477	0.02362	0.01329	0.01181	0.02510	0.02067	0.03248	0.01772	0.02067	0.01477	0.00738	0.00738	0.00148	0.00738	0.00591	0.00591	0.71059
8	0.03790	0.02792	0.02992	0.02294	0.03091	0.03091	0.01895	0.55423	0.04687	0.06283	0.02393	0.02393	0.01695	0.01197	0.00997	0.00299	0.01097	0.00898	0.00997	0.01695
9	0.01298	0.00995	0.01189	0.01182	0.01430	0.00886	0.00871	0.01647	0.02493	0.03315	0.33173	0.16004	0.27176	0.02367	0.01190	0.00335	0.00498	0.02055	0.01010	0.00886
10	0.72007	0.01928	0.01465	0.01311	0.01928	0.02236	0.01080	0.02930	0.01697	0.04473	0.01388	0.01619	0.01080	0.00925	0.00617	0.00308	0.00771	0.00540	0.00617	0.01080
11	0.03258	0.02722	0.03101	0.02497	0.03017	0.10449	0.05452	0.22598	0.03077	0.10530	0.02093	0.02384	0.01597	0.01328	0.01715	0.00340	0.20792	0.00887	0.00752	0.01410
12	0.72007	0.01928	0.01465	0.01311	0.01928	0.02236	0.01080	0.02930	0.01697	0.04473	0.01388	0.01619	0.01080	0.00925	0.00617	0.00308	0.00771	0.00540	0.00617	0.01080
13	0.01412	0.01028	0.01454	0.01525	0.01664	0.01118	0.01148	0.01701	0.01724	0.02389	0.03570	0.16165	0.03790	0.13644	0.35399	0.01159	0.01848	0.07759	0.00662	0.00841
14	0.02398	0.02298	0.03921	0.12815	0.52593	0.02350	0.03025	0.02999	0.02237	0.03173	0.01863	0.02490	0.01549	0.00901	0.00988	0.00300	0.01201	0.00888	0.00487	0.01523
15	0.01382	0.01011	0.01226	0.01172	0.01432	0.00915	0.00879	0.01798	0.02637	0.03655	0.42666	0.07736	0.21112	0.02101	0.01145	0.00314	0.00479	0.01820	0.05603	0.00915
16	0.01606	0.01147	0.01606	0.01836	0.02065	0.01147	0.01606	0.02065	0.02295	0.02983	0.05278	0.11245	0.05737	0.02754	0.01377	0.00459	0.00918	0.52037	0.00918	0.00918
17	0.02992	0.10872	0.02926	0.02084	0.02774	0.02904	0.01713	0.23661	0.30127	0.04713	0.03080	0.02942	0.02305	0.01228	0.00958	0.00307	0.00941	0.00962	0.00929	0.01582
18	0.01425	0.00997	0.01288	0.01230	0.01446	0.00918	0.00908	0.01747	0.02550	0.03533	0.44701	0.07121	0.14439	0.02289	0.01540	0.09776	0.00528	0.01715	0.00987	0.00860
19	0.06624	0.21926	0.14254	0.02457	0.07088	0.06142	0.05074	0.03654	0.09568	0.10769	0.02246	0.02358	0.01698	0.01005	0.00866	0.00283	0.01145	0.00783	0.00639	0.01420
20	0.01999	0.05157	0.59800	0.02841	0.04315	0.02315	0.03683	0.03157	0.02105	0.03157	0.01789	0.02105	0.01263	0.00947	0.00947	0.00316	0.01473	0.00737	0.00421	0.01473
21	0.01690	0.00893	0.01339	0.01339	0.01363	0.00917	0.00917	0.01363	0.01339	0.01810	0.01857	0.03149	0.01833	0.04000	0.11541	0.61708	0.01107	0.00893	0.00446	0.00494
22	0.03222	0.02080	0.02323	0.01862	0.02479	0.02182	0.01484	0.28568	0.07057	0.15705	0.03805	0.04070	0.08782	0.09903	0.01566	0.00397	0.00941	0.01148	0.00984	0.01443
23	0.17401	0.02206	0.02326	0.05522	0.02788	0.05704	0.01572	0.19070	0.03060	0.22172	0.02648	0.02623	0.01827	0.01130	0.00897	0.00299	0.00968	0.00845	0.05488	0.01454
24	0.01883	0.01772	0.02990	0.62569	0.06866	0.02215	0.02769	0.02547	0.01993	0.02547	0.01772	0.02658	0.01329	0.00997	0.00997	0.00332	0.01329	0.00886	0.00443	0.01107
25	0.01694	0.00879	0.01270	0.01270	0.01270	0.00879	0.00831	0.01319	0.01319	0.01759	0.01920	0.03498	0.01985	0.11695	0.04054	0.61623	0.00879	0.00944	0.00456	0.00456
26	0.02467	0.02369	0.04046	0.06119	0.58747	0.02369	0.03059	0.03059	0.02270	0.03257	0.01875	0.02467	0.01579	0.00888	0.00987	0.00296	0.01184	0.00888	0.00493	0.01579
27	0.02400	0.02116	0.03393	0.20517	0.04504	0.02175	0.15154	0.06931	0.09691	0.06637	0.02308	0.02719	0.01724	0.00984	0.00995	0.00295	0.01187	0.00941	0.00648	0.14680
28	0.03733	0.04489	0.02847	0.02531	0.03083	0.53218	0.01922	0.10866	0.03074	0.02954	0.01655	0.01877	0.01339	0.01050	0.00912	0.00262	0.01704	0.00676	0.00578	0.01228
29	0.11659	0.30316	0.24587	0.02055	0.03107	0.02932	0.02313	0.03008	0.02014	0.02993	0.01562	0.01821	0.01260	0.00889	0.00757	0.00259	0.01153	0.00613	0.00461	0.06243
30	0.02683	0.25729	0.11287	0.20500	0.04109	0.02722	0.02250	0.03233	0.02185	0.13444	0.02046	0.02334	0.01520	0.00982	0.00860	0.00282	0.01159	0.00758	0.00585	0.01333
31	0.01448	0.00974	0.01124	0.01124	0.01137	0.00987	0.00650	0.01474	0.01461	0.01960	0.03107	0.06336	0.03543	0.60816	0.09111	0.01012	0.01089	0.01422	0.00599	0.00625
32	0.02199	0.01895	0.02361	0.01697	0.02584	0.01518	0.04521	0.06051	0.02258	0.03446	0.01828	0.02127	0.01493	0.00775	0.00782	0.00169	0.00820	0.00647	0.00612	0.62218
33	0.07358	0.27005	0.25429	0.02190	0.03192	0.02927	0.02428	0.03244	0.05103	0.06066	0.01825	0.02047	0.01424	0.00997	0.00957	0.00285	0.04946	0.00691	0.00516	0.01368
34	0.01858	0.00929	0.00929	0.00929	0.01161	0.00929	0.00697	0.02323	0.02091	0.03717	0.03252	0.03717	0.02555	0.01161	0.00697	0.00232	0.00465	0.00929	0.70499	0.00929
35	0.01215	0.00868	0.01157	0.01388	0.01446	0.00810	0.00925	0.01388	0.01909	0.02545	0.05495	0.64315	0.06593	0.03123	0.01272	0.00405	0.00578	0.02834	0.00925	0.00810
36	0.03829	0.02162	0.02822	0.02170	0.02919	0.05775	0.07933	0.13320	0.03113	0.35570	0.07192	0.03320	0.02640	0.01225	0.01028	0.00307	0.01027	0.01039	0.01048	0.01564

[dist]
# distance from previous block
# <min> <max>
0	2

[block]
# block no. 2 follows, 15 sequences, length 63
# corresponding to MSA columns:
# 156-218
name=unknown_C
#
# <colnr> <probs for GDERKNQSTAVLIFYWHMCP>
#	G	D	E	R	K	N	Q	S	T	A	V	L	I	F	Y	W	H	M	C	P
0	0.01858	0.00929	0.00929	0.00929	0.01161	0.00929	0.00697	0.02323	0.02091	0.03717	0.03252	0.03717	0.02555	0.01161	0.00697	0.00232	0.00465	0.00929	0.70499	0.00929
1	0.62438	0.02179	0.01863	0.01597	0.02234	0.06389	0.04835	0.03022	0.01821	0.04242	0.01442	0.01705	0.01124	0.00927	0.00675	0.00307	0.00906	0.00591	0.00602	0.01103
2	0.21110	0.02573	0.02604	0.02044	0.02796	0.02874	0.01688	0.42095	0.03928	0.05823	0.02138	0.02197	0.01539	0.01128	0.00901	0.00302	0.01014	0.00807	0.00901	0.01539
3	0.13453	0.02241	0.06449	0.02991	0.17583	0.02204	0.01996	0.06830	0.12255	0.07344	0.06690	0.03362	0.05913	0.01261	0.01102	0.00321	0.04857	0.01013	0.00748	0.01387
4	0.03282	0.19400	0.03465	0.08377	0.03335	0.32907	0.01952	0.10569	0.02794	0.02949	0.01641	0.01916	0.01343	0.01004	0.00857	0.00259	0.01472	0.00674	0.00550	0.01255
5	0.02480	0.02141	0.02254	0.02029	0.02592	0.02480	0.01578	0.05297	0.56946	0.04170	0.04057	0.03719	0.03043	0.01352	0.01014	0.00338	0.00789	0.01127	0.01014	0.01578
6	0.02321	0.02219	0.03782	0.20243	0.45766	0.02330	0.02987	0.02931	0.02201	0.03079	0.01849	0.02515	0.01516	0.00915	0.00989	0.00305	0.01220	0.00888	0.00481	0.01461
7	0.01999	0.05157	0.59800	0.02841	0.04315	0.02315	0.03683	0.03157	0.02105	0.03157	0.01789	0.02105	0.01263	0.00947	0.00947	0.00316	0.01473	0.00737	0.00421	0.01473
8	0.02181	0.02181	0.03053	0.02617	0.02617	0.03053	0.02181	0.02399	0.01527	0.02399	0.01309	0.02181	0.01309	0.01745	0.03272	0.00436	0.63141	0.00872	0.00436	0.01091
9	0.01850	0.01681	0.02362	0.02118	0.02179	0.02229	0.01704	0.02093	0.01545	0.02323	0.01956	0.03209	0.01944	0.10077	0.23055	0.00886	0.36332	0.00997	0.00486	0.00973
10	0.01450	0.00966	0.01087	0.01087	0.01087	0.00966	0.00604	0.01450	0.01450	0.01933	0.03141	0.06524	0.03624	0.64965	0.05074	0.00966	0.00966	0.01450	0.00604	0.00604
11	0.02537	0.02102	0.02268	0.02038	0.02590	0.02394	0.01621	0.11188	0.43713	0.04290	0.03998	0.04473	0.03203	0.01504	0.01057	0.00348	0.00843	0.07320	0.01000	0.01512
12	0.02353	0.02689	0.05882	0.04202	0.05210	0.02521	0.55126	0.03193	0.02353	0.03193	0.02017	0.02689	0.01513	0.00840	0.01176	0.00336	0.01681	0.01176	0.00504	0.01345
13	0.02480	0.02141	0.02254	0.02029	0.02592	0.02480	0.01578	0.05297	0.56946	0.04170	0.04057	0.03719	0.03043	0.01352	0.01014	0.00338	0.00789	0.01127	0.01014	0.01578
14	0.01732	0.00866	0.01299	0.01299	0.01299	0.00866	0.00866	0.01299	0.01299	0.01732	0.01732	0.03030	0.01732	0.03463	0.03896	0.70996	0.00866	0.00866	0.00433	0.00433
15	0.01858	0.00929	0.00929	0.00929	0.01161	0.00929	0.00697	0.02323	0.02091	0.03717	0.03252	0.03717	0.02555	0.01161	0.00697	0.00232	0.00465	0.00929	0.70499	0.00929
16	0.01883	0.01772	0.02990	0.62569	0.06866	0.02215	0.02769	0.02547	0.01993	0.02547	0.01772	0.02658	0.01329	0.00997	0.00997	0.00332	0.01329	0.00886	0.00443	0.01107
17	0.61323	0.02063	0.01704	0.01465	0.02110	0.02370	0.01207	0.11151	0.02165	0.04756	0.01546	0.01741	0.01176	0.00968	0.00676	0.00307	0.00822	0.00596	0.00676	0.01176
18	0.02408	0.02308	0.03940	0.11822	0.53505	0.02353	0.03030	0.03008	0.02242	0.03185	0.01865	0.02487	0.01554	0.00899	0.00988	0.00300	0.01199	0.00888	0.00488	0.01531
19	0.02229	0.02125	0.03616	0.29142	0.37587	0.02306	0.02941	0.02850	0.02157	0.02967	0.01833	0.02545	0.01477	0.00932	0.00991	0.00311	0.01243	0.00887	0.00473	0.01387
20	0.02195	0.01843	0.02896	0.03411	0.22239	0.01902	0.05599	0.02849	0.06217	0.07173	0.17893	0.07912	0.04188	0.01487	0.01304	0.00329	0.07192	0.01307	0.00769	0.01296
21	0.01642	0.00898	0.01232	0.01232	0.01232	0.00898	0.00783	0.01347	0.01347	0.01795	0.02178	0.04137	0.02331	0.22944	0.04269	0.48814	0.00898	0.01051	0.00487	0.00487
22	0.02618	0.04291	0.45417	0.02574	0.03872	0.02103	0.03128	0.03583	0.02292	0.17238	0.02325	0.02427	0.01564	0.01019	0.00961	0.00314	0.01317	0.00803	0.00624	0.01529
23	0.03617	0.02626	0.02808	0.02172	0.02919	0.02898	0.01788	0.50683	0.04455	0.06054	0.02470	0.02512	0.01772	0.01194	0.00970	0.00293	0.01041	0.00900	0.07202	0.01627
24	0.01999	0.05157	0.59800	0.02841	0.04315	0.02315	0.03683	0.03157	0.02105	0.03157	0.01789	0.02105	0.01263	0.00947	0.00947	0.00316	0.01473	0.00737	0.00421	0.01473
25	0.02763	0.01922	0.02126	0.01847	0.02381	0.02091	0.01447	0.15381	0.25354	0.10987	0.03789	0.11797	0.03118	0.01529	0.01010	0.00324	0.00799	0.01277	0.08619	0.01440
26	0.01226	0.00907	0.01146	0.01308	0.01432	0.00827	0.00896	0.01440	0.02056	0.02701	0.11035	0.49332	0.16212	0.02918	0.01247	0.00384	0.00555	0.02610	0.00941	0.00827
27	0.01858	0.00929	0.00929	0.00929	0.01161	0.00929	0.00697	0.02323	0.02091	0.03717	0.03252	0.03717	0.02555	0.01161	0.00697	0.00232	0.00465	0.00929	0.70499	0.00929
28	0.01633	0.01146	0.01497	0.04866	0.02016	0.01165	0.01281	0.05480	0.02249	0.03088	0.04729	0.32172	0.05192	0.02512	0.01200	0.00389	0.00749	0.18074	0.09627	0.00936
29	0.02952	0.38769	0.14379	0.01962	0.02908	0.03139	0.02031	0.06855	0.02369	0.13233	0.01993	0.02072	0.01522	0.00963	0.00786	0.00255	0.01102	0.00680	0.00612	0.01419
30	0.01858	0.00929	0.00929	0.00929	0.01161	0.00929	0.00697	0.02323	0.02091	0.03717	0.03252	0.03717	0.02555	0.01161	0.00697	0.00232	0.00465	0.00929	0.70499	0.00929
31	0.02021	0.01941	0.02685	0.02353	0.02358	0.02642	0.01910	0.02213	0.01553	0.02365	0.01867	0.08166	0.02014	0.08255	0.03275	0.00487	0.51275	0.01106	0.00497	0.01016
32	0.02437	0.01836	0.02628	0.13486	0.03521	0.01961	0.06662	0.15387	0.02860	0.07313	0.03547	0.06231	0.03348	0.01780	0.01172	0.00376	0.01102	0.22292	0.00832	0.01230
33	0.01498	0.00957	0.01172	0.01172	0.01187	0.00973	0.00709	0.01452	0.01436	0.01931	0.02844	0.05659	0.03181	0.48700	0.09854	0.13700	0.01100	0.01310	0.00567	0.00599
34	0.03604	0.03022	0.02866	0.02303	0.03023	0.12371	0.01858	0.40412	0.11360	0.05379	0.02478	0.02474	0.01809	0.01190	0.00984	0.00298	0.01169	0.00887	0.00921	0.01592
35	0.01750	0.01120	0.01594	0.01681	0.05001	0.01208	0.01068	0.01561	0.01423	0.01948	0.02067	0.03825	0.02175	0.19252	0.03958	0.41047	0.07204	0.01021	0.00482	0.00617
36	0.01883	0.01772	0.02990	0.62569	0.06866	0.02215	0.02769	0.02547	0.01993	0.02547	0.01772	0.02658	0.01329	0.00997	0.00997	0.00332	0.01329	0.00886	0.00443	0.01107
37	0.03635	0.02588	0.02810	0.02204	0.02961	0.02846	0.01804	0.42678	0.13105	0.10681	0.02804	0.02700	0.01986	0.01226	0.01001	0.00306	0.01024	0.00945	0.01021	0.01676
38	0.01424	0.01068	0.01602	0.01602	0.01780	0.01246	0.01246	0.01780	0.01602	0.02314	0.02670	0.03916	0.02492	0.07477	0.61015	0.01602	0.02670	0.01068	0.00534	0.00890
39	0.02583	0.01691	0.02430	0.18978	0.03607	0.01790	0.05069	0.10058	0.02691	0.14277	0.11378	0.03696	0.03082	0.01250	0.00986	0.00303	0.00945	0.01079	0.12851	0.01257
40	0.02665	0.65565	0.05224	0.01706	0.02559	0.03945	0.01706	0.02985	0.02026	0.02345	0.01386	0.01599	0.01279	0.00853	0.00640	0.00213	0.01066	0.00533	0.00426	0.01279
41	0.02067	0.01772	0.02067	0.01477	0.02362	0.01329	0.01181	0.02510	0.02067	0.03248	0.01772	0.02067	0.01477	0.00738	0.00738	0.00148	0.00738	0.00591	0.00591	0.71059
42	0.02665	0.65565	0.05224	0.01706	0.02559	0.03945	0.01706	0.02985	0.02026	0.02345	0.01386	0.01599	0.01279	0.00853	0.00640	0.00213	0.01066	0.00533	0.00426	0.01279
43	0.01450	0.00966	0.01087	0.01087	0.01087	0.00966	0.00604	0.01450	0.01450	0.01933	0.03141	0.06524	0.03624	0.64965	0.05074	0.00966	0.00966	0.01450	0.00604	0.00604
44	0.02010	0.01789	0.02915	0.04218	0.34913	0.01775	0.02283	0.02476	0.02184	0.03034	0.03351	0.19315	0.03529	0.01759	0.01124	0.00351	0.00989	0.10036	0.00673	0.01276
45	0.02389	0.02007	0.02150	0.01957	0.02466	0.02287	0.01508	0.07997	0.45929	0.04081	0.04149	0.12042	0.03449	0.01588	0.01049	0.00345	0.00780	0.01349	0.01001	0.01479
46	0.02067	0.01772	0.02067	0.01477	0.02362	0.01329	0.01181	0.02510	0.02067	0.03248	0.01772	0.02067	0.01477	0.00738	0.00738	0.00148	0.00738	0.00591	0.00591	0.71059
47	0.01999	0.05157	0.59800	0.02841	0.04315	0.02315	0.03683	0.03157	0.02105	0.03157	0.01789	0.02105	0.01263	0.00947	0.00947	0.00316	0.01473	0.00737	0.00421	0.01473
48	0.02238	0.14703	0.31455	0.03123	0.04326	0.02668	0.21410	0.03140	0.02178	0.03030	0.01800	0.02223	0.01353	0.00893	0.00975	0.00305	0.01476	0.00856	0.00451	0.01395
49	0.01511	0.01086	0.01500	0.01472	0.01565	0.01233	0.01063	0.01666	0.01518	0.02140	0.02639	0.04544	0.02700	0.24948	0.33847	0.08337	0.05768	0.01156	0.00540	0.00766
50	0.02210	0.24291	0.42513	0.02482	0.03758	0.02831	0.03057	0.03103	0.02080	0.02900	0.01661	0.01945	0.01268	0.00917	0.00850	0.00283	0.01344	0.00672	0.00423	0.01412
51	0.02426	0.02327	0.03972	0.10092	0.55095	0.02358	0.03039	0.03023	0.02250	0.03207	0.01868	0.02481	0.01561	0.00896	0.00988	0.00299	0.01194	0.00888	0.00490	0.01546
52	0.01791	0.03544	0.35564	0.02640	0.08886	0.01850	0.02715	0.02595	0.02129	0.03002	0.03852	0.11376	0.12885	0.01516	0.01036	0.00329	0.01147	0.01277	0.00588	0.01280
53	0.01873	0.01714	0.02756	0.30144	0.15241	0.01987	0.02306	0.02375	0.02040	0.02767	0.06191	0.14208	0.02880	0.01511	0.01287	0.00348	0.07350	0.01304	0.00584	0.01132
54	0.01732	0.00866	0.01299	0.01299	0.01299	0.00866	0.00866	0.01299	0.01299	0.01732	0.01732	0.03030	0.01732	0.03463	0.03896	0.70996	0.00866	0.00866	0.00433	0.00433
55	0.02300	0.04063	0.37916	0.03014	0.04247	0.02319	0.15458	0.03476	0.07111	0.07217	0.02196	0.02477	0.01565	0.00978	0.01011	0.00322	0.01417	0.00894	0.00551	0.01468
56	0.10149	0.02743	0.09624	0.03109	0.16850	0.06264	0.02206	0.13247	0.07665	0.14705	0.02477	0.02569	0.01793	0.01072	0.00946	0.00304	0.01103	0.00863	0.00779	0.01531
57	0.01474	0.01054	0.01446	0.01624	0.01811	0.01027	0.01321	0.01862	0.02285	0.03041	0.14211	0.24157	0.06571	0.02728	0.01317	0.00421	0.00756	0.31052	0.00950	0.00894
58	0.07184	0.01357	0.01778	0.05302	0.02216	0.01285	0.01243	0.03002	0.02705	0.22732	0.32468	0.05382	0.05989	0.01626	0.01068	0.00313	0.00673	0.01390	0.01070	0.01217
59	0.03428	0.02577	0.10416	0.02867	0.12259	0.05904	0.05533	0.04216	0.08089	0.29713	0.03039	0.02951	0.02079	0.01112	0.00998	0.00309	0.01098	0.00948	0.00887	0.01577
60	0.23760	0.07221	0.21420	0.01986	0.02951	0.02147	0.02105	0.03587	0.02201	0.20362	0.02284	0.02311	0.01570	0.01020	0.00844	0.00304	0.01048	0.00744	0.00724	0.01409
61	0.19759	0.02665	0.09119	0.02803	0.10508	0.09212	0.10386	0.02909	0.02147	0.03381	0.07464	0.02912	0.02277	0.05124	0.01325	0.00356	0.04942	0.00928	0.00585	0.01199
62	0.08184	0.01940	0.05525	0.05912	0.05992	0.01727	0.01710	0.04206	0.08013	0.36613	0.03264	0.03114	0.02197	0.01315	0.01156	0.04772	0.00923	0.00947	0.00983	0.01507

[dist]
# distance from previous block
# <min> <max>
0	93

# created by:
# /st0/software/busco_prod/Augustus/scripts/msa2prfl.pl ./align_prep/7903.fa
