[name]
unknown

[dist]
# distance from previous block
# <min> <max>
0	75

[block]
# block no. 0 follows, 12 sequences, length 28
# corresponding to MSA columns:
# 162-189
name=unknown_A
#
# <colnr> <probs for GDERKNQSTAVLIFYWHMCP>
#	G	D	E	R	K	N	Q	S	T	A	V	L	I	F	Y	W	H	M	C	P
0	0.13532	0.02029	0.02535	0.09664	0.08711	0.01876	0.01743	0.03092	0.02275	0.07772	0.02067	0.02425	0.01620	0.00938	0.00874	0.00248	0.00959	0.00749	0.00674	0.36216
1	0.10189	0.37535	0.04089	0.01806	0.02525	0.03328	0.01629	0.03302	0.08785	0.03127	0.02638	0.11799	0.02583	0.01422	0.00864	0.00297	0.01002	0.01083	0.00664	0.01333
2	0.33157	0.03028	0.10992	0.02020	0.02877	0.09419	0.01879	0.03940	0.02417	0.17445	0.02330	0.02384	0.01634	0.01118	0.00883	0.00331	0.01138	0.00771	0.00799	0.01437
3	0.22055	0.02645	0.02675	0.02093	0.02923	0.02869	0.01722	0.31529	0.03841	0.05887	0.02223	0.02336	0.01636	0.01161	0.00938	0.00308	0.01049	0.00829	0.00917	0.10365
4	0.02946	0.35027	0.19188	0.02402	0.03449	0.14511	0.02516	0.03537	0.02416	0.02833	0.01673	0.01947	0.01395	0.01000	0.00850	0.00274	0.01451	0.00669	0.00484	0.01431
5	0.02943	0.06798	0.12799	0.06572	0.03276	0.01896	0.02152	0.03548	0.02623	0.20623	0.04495	0.05815	0.08514	0.01749	0.01165	0.00372	0.01095	0.11190	0.00935	0.01441
6	0.01916	0.01077	0.01662	0.08961	0.02217	0.01140	0.01219	0.01599	0.01520	0.02011	0.01900	0.03261	0.01836	0.03435	0.03847	0.59392	0.01013	0.00950	0.00475	0.00570
7	0.02323	0.02173	0.03487	0.37050	0.20082	0.02507	0.02946	0.03335	0.08901	0.03234	0.02296	0.03001	0.01775	0.01108	0.01090	0.00353	0.01332	0.01004	0.00582	0.01422
8	0.01734	0.01052	0.01409	0.01566	0.01718	0.00967	0.01079	0.01950	0.02205	0.08796	0.05815	0.54455	0.06698	0.03181	0.01358	0.00431	0.00666	0.02872	0.01051	0.00996
9	0.03063	0.40378	0.15444	0.02185	0.03223	0.06910	0.02291	0.03604	0.02390	0.08790	0.01933	0.02098	0.01544	0.01013	0.00831	0.00271	0.01279	0.00694	0.00572	0.01486
10	0.02902	0.08138	0.21138	0.02541	0.03706	0.02394	0.06658	0.08971	0.02746	0.11203	0.02347	0.02539	0.01704	0.01038	0.00990	0.00291	0.01257	0.00852	0.00712	0.17873
11	0.01572	0.01100	0.01351	0.01289	0.01561	0.01012	0.00966	0.02053	0.02899	0.04136	0.41730	0.07933	0.15366	0.02177	0.01218	0.00335	0.00519	0.01892	0.09878	0.01012
12	0.02979	0.01443	0.01852	0.01561	0.02108	0.01259	0.01237	0.03395	0.02957	0.26948	0.21537	0.06728	0.17520	0.01964	0.01202	0.00347	0.00708	0.01660	0.01222	0.01372
13	0.02565	0.28231	0.26533	0.03087	0.09324	0.03281	0.06403	0.03368	0.02305	0.03106	0.01805	0.02164	0.01445	0.00979	0.00921	0.00299	0.01412	0.00767	0.00478	0.01527
14	0.02791	0.01383	0.01858	0.01749	0.02184	0.01252	0.01390	0.03167	0.02672	0.23119	0.09154	0.21437	0.08504	0.02413	0.01290	0.00404	0.00813	0.11973	0.01152	0.01293
15	0.01313	0.01009	0.01203	0.01358	0.01539	0.00899	0.00941	0.01536	0.02242	0.02846	0.07960	0.41422	0.25499	0.03163	0.01352	0.00414	0.00601	0.02790	0.01012	0.00899
16	0.02398	0.02339	0.04138	0.29867	0.28105	0.02534	0.08616	0.03112	0.02358	0.03207	0.02018	0.02819	0.01597	0.01019	0.01108	0.00346	0.01428	0.01006	0.00516	0.01467
17	0.07940	0.10567	0.12722	0.19073	0.04545	0.08751	0.02518	0.03713	0.02487	0.14274	0.02332	0.02634	0.01674	0.01114	0.00990	0.00327	0.01347	0.00860	0.00685	0.01448
18	0.69383	0.02109	0.01603	0.01434	0.02109	0.02446	0.01181	0.03205	0.01856	0.04892	0.01518	0.01771	0.01181	0.01012	0.00675	0.00337	0.00843	0.00590	0.00675	0.01181
19	0.26409	0.02361	0.06876	0.01914	0.02769	0.02108	0.01706	0.08055	0.02780	0.30151	0.03026	0.02848	0.02006	0.01205	0.00948	0.00337	0.00979	0.00891	0.01025	0.01606
20	0.01566	0.01129	0.01489	0.01439	0.01696	0.01053	0.01106	0.02079	0.03025	0.04255	0.49158	0.08585	0.09863	0.02312	0.01309	0.00360	0.00566	0.06803	0.01179	0.01026
21	0.69383	0.02109	0.01603	0.01434	0.02109	0.02446	0.01181	0.03205	0.01856	0.04892	0.01518	0.01771	0.01181	0.01012	0.00675	0.00337	0.00843	0.00590	0.00675	0.01181
22	0.01916	0.01229	0.01387	0.01278	0.01709	0.01047	0.00983	0.02248	0.02671	0.11807	0.15745	0.09062	0.39994	0.02458	0.01257	0.00360	0.00609	0.02059	0.01093	0.01089
23	0.01293	0.01088	0.01122	0.01148	0.01484	0.00917	0.00848	0.01560	0.02443	0.02928	0.10512	0.15845	0.49429	0.02831	0.01300	0.00376	0.00561	0.02386	0.01012	0.00917
24	0.02261	0.01938	0.02261	0.01615	0.02584	0.01453	0.01292	0.02745	0.02261	0.03553	0.01938	0.02261	0.01615	0.00807	0.00807	0.00161	0.00807	0.00646	0.00646	0.68346
25	0.02712	0.02342	0.02465	0.02219	0.02835	0.02712	0.01726	0.05794	0.52909	0.04561	0.04438	0.04068	0.03328	0.01479	0.01109	0.00370	0.00863	0.01233	0.01109	0.01726
26	0.07766	0.57942	0.05414	0.01834	0.02748	0.04178	0.01816	0.03261	0.02189	0.02735	0.01516	0.01751	0.01383	0.00939	0.00698	0.00241	0.01143	0.00584	0.00482	0.01383
27	0.02917	0.02444	0.02581	0.02260	0.02913	0.02808	0.01775	0.12287	0.46083	0.04891	0.04178	0.03861	0.03118	0.01455	0.01107	0.00364	0.00911	0.01197	0.01107	0.01744

[dist]
# distance from previous block
# <min> <max>
0	1

[block]
# block no. 1 follows, 12 sequences, length 49
# corresponding to MSA columns:
# 191-239
name=unknown_B
#
# <colnr> <probs for GDERKNQSTAVLIFYWHMCP>
#	G	D	E	R	K	N	Q	S	T	A	V	L	I	F	Y	W	H	M	C	P
0	0.02353	0.02358	0.02823	0.08793	0.18979	0.12012	0.02165	0.02775	0.02364	0.02974	0.03248	0.20053	0.03385	0.02572	0.07684	0.00521	0.01426	0.01576	0.00684	0.01256
1	0.01806	0.01445	0.01872	0.01653	0.02142	0.01312	0.01269	0.02197	0.02024	0.02999	0.03085	0.13898	0.03094	0.04259	0.23706	0.00854	0.01627	0.01309	0.00689	0.28759
2	0.04824	0.01964	0.02598	0.01992	0.02838	0.01764	0.01645	0.09480	0.03303	0.51211	0.04149	0.03612	0.02622	0.01346	0.01096	0.00336	0.00952	0.01086	0.01326	0.01855
3	0.01468	0.01059	0.01173	0.01202	0.01319	0.00997	0.00751	0.01572	0.01911	0.02438	0.05992	0.14377	0.19314	0.37443	0.03803	0.00781	0.00858	0.01974	0.00806	0.00764
4	0.01543	0.01115	0.01457	0.01372	0.01629	0.01029	0.01029	0.02058	0.03086	0.04372	0.54304	0.08145	0.10288	0.02229	0.01286	0.00343	0.00514	0.01972	0.01200	0.01029
5	0.03083	0.01347	0.01638	0.01404	0.01884	0.01242	0.01110	0.03559	0.02682	0.23872	0.08614	0.04313	0.03463	0.01391	0.00940	0.00294	0.00670	0.01137	0.36018	0.01339
6	0.02915	0.62337	0.05714	0.01866	0.02799	0.04314	0.01866	0.03265	0.02215	0.02565	0.01516	0.01749	0.01399	0.00933	0.00700	0.00233	0.01166	0.00583	0.00466	0.01399
7	0.01433	0.01072	0.01365	0.01514	0.01702	0.00964	0.01069	0.01680	0.02179	0.02901	0.06239	0.46658	0.12157	0.03094	0.01340	0.00415	0.00665	0.06078	0.00981	0.06495
8	0.14996	0.03621	0.18449	0.02727	0.03556	0.07755	0.06167	0.06980	0.05648	0.03789	0.01962	0.02377	0.01538	0.01273	0.01557	0.00369	0.14339	0.00866	0.00608	0.01422
9	0.04181	0.04436	0.03057	0.02656	0.03304	0.41457	0.02042	0.12626	0.03448	0.09544	0.02151	0.02282	0.01633	0.01182	0.01015	0.00296	0.01712	0.00797	0.00745	0.01435
10	0.02608	0.02087	0.03451	0.38327	0.18467	0.02350	0.02909	0.03273	0.02384	0.10283	0.02292	0.02967	0.01693	0.01097	0.01088	0.00350	0.01342	0.00987	0.00618	0.01427
11	0.09399	0.40021	0.04776	0.02490	0.08870	0.03785	0.02006	0.11094	0.02687	0.03604	0.01758	0.02003	0.01491	0.01006	0.00805	0.00269	0.01156	0.00694	0.00597	0.01491
12	0.10956	0.01879	0.02443	0.01892	0.02720	0.01682	0.01563	0.05115	0.03002	0.50863	0.04040	0.03529	0.02556	0.01318	0.01057	0.00337	0.00920	0.01049	0.01286	0.01792
13	0.01520	0.01114	0.01425	0.01348	0.01615	0.01019	0.01011	0.02013	0.03032	0.04243	0.50380	0.08358	0.14293	0.02277	0.01286	0.00345	0.00518	0.02002	0.01183	0.01019
14	0.02088	0.03161	0.19797	0.03236	0.04183	0.02134	0.22031	0.02895	0.02348	0.03270	0.03259	0.19963	0.03221	0.01695	0.01243	0.00383	0.01412	0.01680	0.00661	0.01339
15	0.02562	0.02514	0.03487	0.27172	0.21602	0.07505	0.02821	0.03632	0.11189	0.03335	0.02387	0.02957	0.01864	0.01123	0.01080	0.00344	0.01346	0.00992	0.00618	0.01472
16	0.01328	0.00949	0.01265	0.01518	0.01581	0.00886	0.01012	0.01518	0.02088	0.02783	0.06010	0.60969	0.07212	0.03416	0.01392	0.00443	0.00633	0.03100	0.01012	0.00886
17	0.01515	0.01128	0.01663	0.01709	0.01880	0.01275	0.01298	0.01868	0.01814	0.02578	0.03490	0.14733	0.03553	0.07300	0.47043	0.01511	0.02499	0.01524	0.00663	0.00957
18	0.03394	0.16606	0.08266	0.06775	0.03481	0.02982	0.02122	0.14760	0.12449	0.14102	0.02907	0.02888	0.02109	0.01219	0.01000	0.00320	0.01135	0.00941	0.00894	0.01652
19	0.01768	0.01167	0.01373	0.01331	0.01677	0.01017	0.00993	0.02097	0.02618	0.09335	0.18631	0.17989	0.30781	0.02598	0.01284	0.00372	0.00602	0.02230	0.01092	0.01046
20	0.02699	0.02591	0.04426	0.06693	0.54879	0.02591	0.03346	0.03346	0.02483	0.03562	0.02051	0.02699	0.01727	0.00972	0.01079	0.00324	0.01295	0.00972	0.00540	0.01727
21	0.25738	0.18835	0.18979	0.07512	0.03575	0.02956	0.02379	0.03254	0.02113	0.03659	0.01688	0.02031	0.01323	0.01006	0.00828	0.00315	0.01213	0.00688	0.00539	0.01368
22	0.02854	0.01524	0.01964	0.01851	0.02342	0.01459	0.01546	0.03554	0.07475	0.20597	0.05479	0.07930	0.08935	0.02170	0.01260	0.00405	0.00888	0.20378	0.06044	0.01345
23	0.17312	0.21505	0.10010	0.07990	0.13175	0.03135	0.02366	0.06823	0.02411	0.03705	0.01789	0.02166	0.01450	0.01012	0.00869	0.00305	0.01200	0.00748	0.00573	0.01455
24	0.15422	0.07629	0.02525	0.01809	0.02505	0.02180	0.01489	0.11271	0.02864	0.15764	0.06983	0.06915	0.02932	0.01885	0.05126	0.00417	0.01060	0.01088	0.00928	0.09208
25	0.08466	0.03027	0.03124	0.07174	0.15148	0.15139	0.02258	0.12509	0.08820	0.04040	0.02380	0.02764	0.01894	0.01816	0.06324	0.00458	0.01509	0.00930	0.00724	0.01495
26	0.02676	0.02655	0.04796	0.06306	0.45813	0.02621	0.12116	0.03373	0.02499	0.03549	0.02080	0.02743	0.01714	0.00962	0.01118	0.00332	0.01395	0.01030	0.00542	0.01680
27	0.02260	0.02054	0.02931	0.12550	0.03853	0.01783	0.07369	0.02840	0.02282	0.03405	0.01969	0.02459	0.01590	0.00873	0.00915	0.00223	0.01046	0.00780	0.00605	0.48213
28	0.01482	0.01059	0.01441	0.01694	0.01824	0.01018	0.01279	0.01784	0.02239	0.02955	0.05925	0.43527	0.06876	0.03271	0.01433	0.00464	0.00766	0.19026	0.01009	0.00928
29	0.04145	0.03054	0.03272	0.02509	0.03381	0.03381	0.02072	0.51243	0.05127	0.06872	0.02618	0.02618	0.01854	0.01309	0.01091	0.00327	0.01200	0.00982	0.01091	0.01854
30	0.01381	0.01129	0.01234	0.01265	0.01607	0.00981	0.00988	0.01711	0.02537	0.03109	0.13692	0.10584	0.43469	0.02758	0.01322	0.00387	0.00619	0.09260	0.01026	0.00942
31	0.01328	0.00949	0.01265	0.01518	0.01581	0.00886	0.01012	0.01518	0.02088	0.02783	0.06010	0.60969	0.07212	0.03416	0.01392	0.00443	0.00633	0.03100	0.01012	0.00886
32	0.01937	0.01036	0.01103	0.01086	0.01341	0.01019	0.00814	0.02446	0.02443	0.04125	0.13504	0.04865	0.04264	0.01458	0.00865	0.00271	0.00509	0.01204	0.54692	0.01019
33	0.02370	0.01930	0.02977	0.40930	0.05971	0.02130	0.02508	0.03015	0.02287	0.07926	0.02160	0.02839	0.01606	0.01052	0.01028	0.00316	0.01261	0.00909	0.00602	0.16183
34	0.30410	0.03438	0.02534	0.02183	0.02865	0.22249	0.01725	0.15149	0.03081	0.04574	0.01842	0.02044	0.01422	0.01123	0.00885	0.00315	0.01330	0.00724	0.00734	0.01372
35	0.01499	0.01035	0.01279	0.01361	0.01404	0.01037	0.00856	0.01606	0.01767	0.02379	0.04208	0.24219	0.04871	0.36626	0.10215	0.00939	0.01136	0.02027	0.00765	0.00770
36	0.03667	0.02651	0.04122	0.03070	0.03994	0.02655	0.19000	0.19102	0.07688	0.17897	0.03053	0.03129	0.02121	0.01197	0.01162	0.00347	0.01326	0.01138	0.00970	0.01710
37	0.02989	0.49071	0.05059	0.01968	0.02852	0.04014	0.01863	0.07597	0.09511	0.03200	0.02014	0.02144	0.01705	0.01040	0.00789	0.00260	0.01127	0.00707	0.00608	0.01482
38	0.01336	0.01106	0.01170	0.01154	0.01502	0.00940	0.00865	0.01656	0.02596	0.03209	0.19020	0.10060	0.46299	0.02663	0.01288	0.00364	0.00545	0.02240	0.01047	0.00940
39	0.03277	0.37923	0.04511	0.02078	0.02912	0.09944	0.01868	0.07490	0.09663	0.07578	0.02255	0.02324	0.01810	0.01094	0.00852	0.00273	0.01199	0.00760	0.00687	0.01501
40	0.03198	0.02113	0.02864	0.07667	0.03399	0.02298	0.05352	0.04649	0.21159	0.19721	0.03639	0.03645	0.02637	0.01898	0.05514	0.00471	0.06041	0.01142	0.00993	0.01599
41	0.01558	0.01168	0.01752	0.01752	0.01947	0.01363	0.01363	0.01947	0.01752	0.02531	0.02921	0.04283	0.02726	0.08178	0.57360	0.01752	0.02921	0.01168	0.00584	0.00974
42	0.02712	0.02342	0.02465	0.02219	0.02835	0.02712	0.01726	0.05794	0.52909	0.04561	0.04438	0.04068	0.03328	0.01479	0.01109	0.00370	0.00863	0.01233	0.01109	0.01726
43	0.02539	0.02233	0.03644	0.02905	0.03598	0.02268	0.19199	0.04050	0.20653	0.07618	0.03953	0.15400	0.03484	0.01669	0.01230	0.00382	0.01170	0.01628	0.00907	0.01470
44	0.69383	0.02109	0.01603	0.01434	0.02109	0.02446	0.01181	0.03205	0.01856	0.04892	0.01518	0.01771	0.01181	0.01012	0.00675	0.00337	0.00843	0.00590	0.00675	0.01181
45	0.01642	0.01037	0.01232	0.01232	0.01232	0.01037	0.00713	0.01555	0.01555	0.02074	0.03151	0.06431	0.03582	0.51009	0.05312	0.13448	0.01037	0.01468	0.00626	0.00626
46	0.02261	0.01938	0.02261	0.01615	0.02584	0.01453	0.01292	0.02745	0.02261	0.03553	0.01938	0.02261	0.01615	0.00807	0.00807	0.00161	0.00807	0.00646	0.00646	0.68346
47	0.02945	0.12831	0.03182	0.02310	0.06598	0.06035	0.01754	0.09202	0.10409	0.07643	0.06384	0.03041	0.02582	0.01166	0.00955	0.00270	0.01021	0.00921	0.00814	0.19935
48	0.03927	0.03484	0.03000	0.02498	0.03223	0.19937	0.01977	0.24084	0.13087	0.09558	0.02814	0.02780	0.02061	0.01286	0.01061	0.00322	0.01353	0.00951	0.00952	0.01646

[dist]
# distance from previous block
# <min> <max>
1	4

[block]
# block no. 2 follows, 12 sequences, length 37
# corresponding to MSA columns:
# 244-280
name=unknown_C
#
# <colnr> <probs for GDERKNQSTAVLIFYWHMCP>
#	G	D	E	R	K	N	Q	S	T	A	V	L	I	F	Y	W	H	M	C	P
0	0.09817	0.02709	0.07369	0.11992	0.04287	0.02650	0.10555	0.19247	0.03301	0.08558	0.02665	0.03496	0.02082	0.01301	0.01113	0.00358	0.01308	0.04843	0.00823	0.01527
1	0.02815	0.02204	0.03232	0.08441	0.03773	0.02109	0.10840	0.03989	0.14025	0.11884	0.02931	0.03097	0.02167	0.01097	0.01041	0.00296	0.01099	0.01004	0.00828	0.23127
2	0.03006	0.24423	0.04294	0.02575	0.03282	0.21153	0.09864	0.03403	0.02546	0.02784	0.02358	0.10878	0.02313	0.01366	0.00994	0.00302	0.01462	0.01115	0.00594	0.01289
3	0.02061	0.01506	0.01873	0.01635	0.02108	0.01346	0.01235	0.02464	0.07086	0.03012	0.02850	0.08785	0.02757	0.02277	0.02095	0.22869	0.00860	0.04896	0.00697	0.27588
4	0.01586	0.01057	0.01189	0.01189	0.01189	0.01057	0.00661	0.01586	0.01586	0.02114	0.03436	0.07135	0.03964	0.61681	0.05550	0.01057	0.01057	0.01586	0.00661	0.00661
5	0.03091	0.03391	0.03866	0.10675	0.32994	0.20754	0.02902	0.03625	0.02654	0.03187	0.01918	0.02476	0.01592	0.01034	0.01049	0.00314	0.01534	0.00882	0.00541	0.01521
6	0.01471	0.01106	0.01376	0.01512	0.01682	0.01063	0.01055	0.01958	0.06530	0.03176	0.13298	0.43324	0.12326	0.03015	0.01342	0.00415	0.00627	0.02698	0.01047	0.00980
7	0.03435	0.01521	0.02050	0.01712	0.02284	0.01342	0.01355	0.03862	0.03000	0.33507	0.20606	0.11205	0.05624	0.01852	0.01189	0.00350	0.00763	0.01591	0.01266	0.01486
8	0.02208	0.02090	0.03539	0.46897	0.18512	0.02462	0.03102	0.02916	0.02250	0.02966	0.01964	0.02859	0.01517	0.01063	0.01088	0.00354	0.01417	0.00970	0.00497	0.01331
9	0.02293	0.02251	0.04039	0.37975	0.18688	0.02515	0.10507	0.03031	0.02314	0.03083	0.02007	0.02862	0.01551	0.01035	0.01118	0.00354	0.01475	0.01019	0.00508	0.01376
10	0.02026	0.01113	0.01347	0.01321	0.01592	0.01049	0.00977	0.02455	0.02547	0.09052	0.18218	0.18039	0.05857	0.02029	0.01083	0.00330	0.00580	0.01760	0.27550	0.01075
11	0.01346	0.00963	0.01281	0.01506	0.01585	0.00898	0.01014	0.01563	0.02171	0.02917	0.10055	0.56544	0.07469	0.03317	0.01383	0.00434	0.00623	0.03005	0.01028	0.00898
12	0.02261	0.01938	0.02261	0.01615	0.02584	0.01453	0.01292	0.02745	0.02261	0.03553	0.01938	0.02261	0.01615	0.00807	0.00807	0.00161	0.00807	0.00646	0.00646	0.68346
13	0.69383	0.02109	0.01603	0.01434	0.02109	0.02446	0.01181	0.03205	0.01856	0.04892	0.01518	0.01771	0.01181	0.01012	0.00675	0.00337	0.00843	0.00590	0.00675	0.01181
14	0.02261	0.01938	0.02261	0.01615	0.02584	0.01453	0.01292	0.02745	0.02261	0.03553	0.01938	0.02261	0.01615	0.00807	0.00807	0.00161	0.00807	0.00646	0.00646	0.68346
15	0.01561	0.01156	0.01693	0.01693	0.01867	0.01331	0.01289	0.01909	0.01735	0.02487	0.02975	0.04586	0.02857	0.13844	0.51873	0.01679	0.02723	0.01212	0.00592	0.00940
16	0.02712	0.02342	0.02465	0.02219	0.02835	0.02712	0.01726	0.05794	0.52909	0.04561	0.04438	0.04068	0.03328	0.01479	0.01109	0.00370	0.00863	0.01233	0.01109	0.01726
17	0.01532	0.01035	0.01205	0.01257	0.01270	0.01022	0.00733	0.01572	0.01689	0.02252	0.03967	0.18257	0.04635	0.49644	0.04691	0.00930	0.00969	0.01898	0.00733	0.00707
18	0.01346	0.01107	0.01184	0.01165	0.01508	0.00945	0.00874	0.01676	0.02621	0.03269	0.20838	0.09962	0.44442	0.02641	0.01288	0.00362	0.00544	0.02227	0.01055	0.00945
19	0.01328	0.00949	0.01265	0.01518	0.01581	0.00886	0.01012	0.01518	0.02088	0.02783	0.06010	0.60969	0.07212	0.03416	0.01392	0.00443	0.00633	0.03100	0.01012	0.00886
20	0.02293	0.02171	0.02600	0.02061	0.02754	0.06398	0.05344	0.02720	0.02267	0.03248	0.02581	0.12317	0.02536	0.01399	0.01239	0.00268	0.06886	0.01151	0.00677	0.39091
21	0.04892	0.01856	0.02530	0.01940	0.02783	0.01603	0.01603	0.05314	0.03121	0.55634	0.04302	0.03711	0.02699	0.01350	0.01096	0.00337	0.00928	0.01096	0.01350	0.01856
22	0.19912	0.02660	0.02678	0.02178	0.02944	0.02999	0.01774	0.29105	0.15137	0.05860	0.02759	0.02737	0.02022	0.01274	0.00992	0.00339	0.01036	0.00942	0.00992	0.01659
23	0.02699	0.02591	0.04426	0.06693	0.54879	0.02591	0.03346	0.03346	0.02483	0.03562	0.02051	0.02699	0.01727	0.00972	0.01079	0.00324	0.01295	0.00972	0.00540	0.01727
24	0.03524	0.09419	0.20180	0.02643	0.03649	0.20787	0.02608	0.08028	0.02937	0.12776	0.02305	0.02423	0.01666	0.01135	0.01005	0.00311	0.01535	0.00819	0.00707	0.01542
25	0.01480	0.01057	0.01439	0.01691	0.01820	0.01016	0.01275	0.01779	0.02237	0.02953	0.05926	0.43806	0.06881	0.03274	0.01432	0.00464	0.00764	0.18771	0.01009	0.00927
26	0.02261	0.01938	0.02261	0.01615	0.02584	0.01453	0.01292	0.02745	0.02261	0.03553	0.01938	0.02261	0.01615	0.00807	0.00807	0.00161	0.00807	0.00646	0.00646	0.68346
27	0.03039	0.02662	0.03967	0.05236	0.37708	0.02710	0.02865	0.15649	0.03148	0.04415	0.02189	0.02645	0.01752	0.01046	0.01062	0.00313	0.01234	0.00950	0.00690	0.06723
28	0.02519	0.02030	0.03738	0.02821	0.03563	0.01858	0.22695	0.03155	0.02773	0.12505	0.16218	0.05515	0.12399	0.01598	0.01254	0.00357	0.01164	0.01579	0.00914	0.01344
29	0.01883	0.01030	0.01137	0.01207	0.01428	0.01019	0.00910	0.02336	0.02276	0.03761	0.04210	0.14644	0.03917	0.01821	0.00948	0.00313	0.00582	0.06299	0.49285	0.00993
30	0.01600	0.01256	0.01473	0.01514	0.01781	0.01235	0.01096	0.02370	0.11053	0.03452	0.16859	0.28923	0.17876	0.02692	0.01298	0.00393	0.00629	0.02367	0.01068	0.01066
31	0.07638	0.28508	0.03950	0.02115	0.02782	0.12268	0.05525	0.03080	0.02411	0.03002	0.06342	0.12304	0.03051	0.01485	0.00953	0.00303	0.01193	0.01187	0.00652	0.01251
32	0.02105	0.25361	0.03029	0.01489	0.01902	0.02344	0.01201	0.02332	0.02091	0.02678	0.11352	0.05172	0.04026	0.27456	0.02900	0.00609	0.01008	0.01254	0.00676	0.01016
33	0.02316	0.12239	0.02824	0.02301	0.06442	0.06145	0.01768	0.02966	0.06591	0.03229	0.03747	0.11581	0.03825	0.01915	0.01139	0.00354	0.01044	0.16542	0.00795	0.12238
34	0.03423	0.02759	0.03510	0.08444	0.17916	0.03014	0.02471	0.29305	0.08956	0.05377	0.02587	0.02811	0.01933	0.01214	0.01089	0.00334	0.01214	0.01003	0.00889	0.01752
35	0.43192	0.02321	0.02080	0.01794	0.02488	0.02664	0.01455	0.11859	0.14077	0.05149	0.02370	0.02438	0.01785	0.01169	0.00844	0.00343	0.00908	0.00803	0.00844	0.01418
36	0.02824	0.02472	0.04167	0.10904	0.46400	0.02494	0.03174	0.03460	0.02509	0.07806	0.02227	0.02801	0.01784	0.01013	0.01082	0.00328	0.01279	0.00982	0.00602	0.01692

[dist]
# distance from previous block
# <min> <max>
0	7

[block]
# block no. 3 follows, 12 sequences, length 34
# corresponding to MSA columns:
# 288-305,315-330
name=unknown_D
#
# <colnr> <probs for GDERKNQSTAVLIFYWHMCP>
#	G	D	E	R	K	N	Q	S	T	A	V	L	I	F	Y	W	H	M	C	P
0	0.03163	0.02695	0.02246	0.01949	0.02474	0.15612	0.01519	0.16676	0.06628	0.04531	0.02896	0.03149	0.02228	0.01259	0.00930	0.00289	0.01081	0.00944	0.28374	0.01356
1	0.02246	0.02163	0.03598	0.04731	0.33111	0.02087	0.07498	0.02806	0.02493	0.03363	0.04874	0.05156	0.18166	0.01525	0.01166	0.00342	0.01120	0.01419	0.00688	0.01449
2	0.03116	0.02429	0.03585	0.03362	0.12117	0.02657	0.07295	0.09832	0.02680	0.12742	0.02328	0.02745	0.01801	0.01352	0.01857	0.00362	0.19443	0.00988	0.00747	0.08562
3	0.02059	0.01938	0.03270	0.59060	0.07510	0.02422	0.03028	0.02786	0.02180	0.02786	0.01938	0.02907	0.01453	0.01090	0.01090	0.00363	0.01453	0.00969	0.00484	0.01211
4	0.02551	0.02450	0.04112	0.16174	0.41360	0.02626	0.03201	0.03177	0.02354	0.03333	0.01975	0.02710	0.01649	0.01077	0.01304	0.00345	0.06526	0.00969	0.00524	0.01583
5	0.03069	0.03131	0.11917	0.02462	0.03329	0.02890	0.02229	0.19573	0.29308	0.05092	0.03444	0.03312	0.02534	0.01350	0.01091	0.00352	0.01097	0.01081	0.00992	0.01746
6	0.01517	0.01114	0.01421	0.01344	0.01613	0.01018	0.01008	0.02006	0.03024	0.04224	0.49814	0.08388	0.14870	0.02284	0.01286	0.00346	0.00518	0.02006	0.01181	0.01018
7	0.69383	0.02109	0.01603	0.01434	0.02109	0.02446	0.01181	0.03205	0.01856	0.04892	0.01518	0.01771	0.01181	0.01012	0.00675	0.00337	0.00843	0.00590	0.00675	0.01181
8	0.01594	0.01104	0.01412	0.01335	0.01592	0.01028	0.01001	0.02108	0.03003	0.04341	0.49037	0.07721	0.09510	0.02130	0.01232	0.00334	0.00514	0.01873	0.08105	0.01028
9	0.02059	0.01938	0.03270	0.59060	0.07510	0.02422	0.03028	0.02786	0.02180	0.02786	0.01938	0.02907	0.01453	0.01090	0.01090	0.00363	0.01453	0.00969	0.00484	0.01211
10	0.01447	0.01053	0.01351	0.01518	0.01671	0.00989	0.01105	0.01724	0.02275	0.02992	0.10920	0.35511	0.13381	0.07836	0.01725	0.00485	0.00717	0.11391	0.01000	0.00908
11	0.02581	0.02128	0.02433	0.01767	0.02719	0.01781	0.01425	0.10986	0.02748	0.04117	0.02054	0.02322	0.01656	0.00893	0.00856	0.00190	0.00874	0.00703	0.00722	0.57048
12	0.16700	0.21368	0.03438	0.01871	0.02713	0.02799	0.01649	0.08518	0.02772	0.24278	0.02714	0.02605	0.01910	0.01147	0.00887	0.00303	0.01013	0.00823	0.00912	0.01579
13	0.02656	0.42185	0.04376	0.01756	0.02441	0.03440	0.01652	0.03033	0.02182	0.02927	0.01993	0.02359	0.01734	0.01104	0.00982	0.00261	0.06449	0.00721	0.16461	0.01289
14	0.02835	0.10662	0.11962	0.02022	0.03037	0.02177	0.01934	0.03697	0.07723	0.12460	0.02553	0.02638	0.01912	0.01027	0.00913	0.00255	0.01019	0.00804	0.00760	0.29608
15	0.01521	0.01097	0.01437	0.01387	0.01624	0.01014	0.01027	0.02001	0.02982	0.04206	0.49238	0.13686	0.09965	0.02354	0.01297	0.00353	0.00527	0.02090	0.01181	0.01014
16	0.02748	0.01599	0.01756	0.01573	0.02048	0.01678	0.01225	0.04093	0.19171	0.13086	0.03976	0.04005	0.02955	0.01353	0.00934	0.00307	0.00698	0.01102	0.34299	0.01395
17	0.02450	0.02209	0.04216	0.15630	0.09415	0.02202	0.22184	0.03116	0.02438	0.08057	0.03063	0.14175	0.02787	0.01482	0.01229	0.00375	0.01390	0.01522	0.00699	0.01361
18	0.04892	0.01856	0.02530	0.01940	0.02783	0.01603	0.01603	0.05314	0.03121	0.55634	0.04302	0.03711	0.02699	0.01350	0.01096	0.00337	0.00928	0.01096	0.01350	0.01856
19	0.01375	0.01029	0.01277	0.01381	0.01568	0.00931	0.00973	0.01670	0.02443	0.03236	0.19796	0.35145	0.19297	0.02950	0.01340	0.00399	0.00583	0.02615	0.01061	0.00931
20	0.01348	0.00964	0.01282	0.01505	0.01586	0.00898	0.01014	0.01566	0.02177	0.02925	0.10323	0.56251	0.07486	0.03310	0.01382	0.00434	0.00622	0.02999	0.01029	0.00898
21	0.03016	0.26500	0.09962	0.02972	0.04010	0.03294	0.18876	0.07418	0.02665	0.08243	0.02140	0.02460	0.01643	0.01006	0.00999	0.00307	0.01417	0.00924	0.00627	0.01522
22	0.22994	0.02317	0.08351	0.12174	0.03811	0.02133	0.10303	0.02807	0.02137	0.03634	0.02823	0.16300	0.02764	0.01584	0.01060	0.00373	0.01151	0.01395	0.00678	0.01211
23	0.01443	0.01032	0.01392	0.01614	0.01737	0.00981	0.01180	0.01731	0.02271	0.03032	0.10264	0.45412	0.07277	0.03220	0.01408	0.00447	0.00705	0.12902	0.01027	0.00925
24	0.08899	0.46954	0.10412	0.01962	0.02937	0.03779	0.02014	0.03417	0.02253	0.06431	0.01749	0.01941	0.01465	0.00979	0.00759	0.00261	0.01168	0.00642	0.00544	0.01433
25	0.19273	0.01960	0.02685	0.31321	0.05059	0.02233	0.02235	0.03490	0.02324	0.15869	0.02397	0.02819	0.01683	0.01133	0.00990	0.00351	0.01179	0.00906	0.00737	0.01357
26	0.02496	0.01931	0.02285	0.01644	0.02602	0.01467	0.01320	0.02975	0.02338	0.08198	0.02149	0.02390	0.01712	0.00856	0.00833	0.00177	0.00818	0.00686	0.00709	0.62416
27	0.01328	0.00949	0.01265	0.01518	0.01581	0.00886	0.01012	0.01518	0.02088	0.02783	0.06010	0.60969	0.07212	0.03416	0.01392	0.00443	0.00633	0.03100	0.01012	0.00886
28	0.01430	0.01022	0.01382	0.01635	0.01743	0.00973	0.01189	0.01694	0.02188	0.02897	0.05953	0.49397	0.06989	0.03320	0.01419	0.00457	0.00721	0.13666	0.01010	0.00914
29	0.02485	0.01298	0.01375	0.01247	0.01614	0.01312	0.00967	0.07873	0.02652	0.08517	0.03518	0.03885	0.02688	0.01281	0.00824	0.00268	0.00615	0.01019	0.55391	0.01172
30	0.09484	0.02606	0.02709	0.02262	0.02987	0.02956	0.01814	0.23781	0.29001	0.05519	0.03437	0.03273	0.02538	0.01368	0.01062	0.00350	0.00996	0.01072	0.01062	0.01727
31	0.03443	0.02705	0.02877	0.02367	0.03114	0.03053	0.01903	0.28967	0.28546	0.05739	0.03510	0.03329	0.02577	0.01392	0.01100	0.00348	0.01035	0.01105	0.01100	0.01791
32	0.02118	0.01242	0.01642	0.01469	0.01827	0.01127	0.01127	0.02617	0.03092	0.13177	0.45716	0.07383	0.08985	0.02078	0.01253	0.00342	0.00585	0.01822	0.01226	0.01171
33	0.08510	0.02133	0.02674	0.02146	0.02674	0.02341	0.01764	0.02948	0.02049	0.07590	0.01885	0.02389	0.01589	0.01330	0.01975	0.00323	0.25368	0.00807	0.00636	0.28868

[dist]
# distance from previous block
# <min> <max>
3	11

[block]
# block no. 4 follows, 12 sequences, length 12
# corresponding to MSA columns:
# 342-353
name=unknown_E
#
# <colnr> <probs for GDERKNQSTAVLIFYWHMCP>
#	G	D	E	R	K	N	Q	S	T	A	V	L	I	F	Y	W	H	M	C	P
0	0.02342	0.11503	0.03635	0.02292	0.03195	0.02139	0.12487	0.02907	0.02429	0.03490	0.08617	0.03085	0.02697	0.01034	0.00959	0.00242	0.01057	0.00949	0.00667	0.34274
1	0.02664	0.38627	0.20118	0.02567	0.03715	0.03609	0.08743	0.03348	0.02286	0.02936	0.01729	0.02059	0.01427	0.00960	0.00870	0.00282	0.01379	0.00736	0.00476	0.01469
2	0.11019	0.01696	0.01941	0.01536	0.02238	0.01472	0.01221	0.02966	0.02511	0.10710	0.14288	0.03859	0.03768	0.01262	0.00934	0.00255	0.00740	0.01027	0.05567	0.30991
3	0.23413	0.01770	0.01977	0.01632	0.02313	0.01717	0.01327	0.03919	0.02658	0.29238	0.08725	0.04387	0.09517	0.01506	0.01012	0.00342	0.00818	0.01176	0.01092	0.01462
4	0.02295	0.01897	0.01964	0.01755	0.02147	0.07190	0.01343	0.11954	0.03402	0.04553	0.34517	0.11069	0.07451	0.02040	0.01226	0.00342	0.00807	0.01747	0.01097	0.01203
5	0.01536	0.01162	0.01462	0.01625	0.01893	0.01089	0.01332	0.01917	0.02446	0.03088	0.07669	0.17979	0.23436	0.02976	0.01414	0.00447	0.00796	0.25765	0.01008	0.00959
6	0.01688	0.01296	0.01841	0.09085	0.02626	0.01429	0.01585	0.02068	0.02163	0.02967	0.04645	0.27922	0.05109	0.03075	0.05533	0.00531	0.05992	0.13820	0.05624	0.00999
7	0.02737	0.45117	0.15721	0.02388	0.03472	0.03805	0.07269	0.03325	0.02269	0.02835	0.01673	0.01979	0.01422	0.00952	0.00826	0.00269	0.01322	0.00698	0.00474	0.01448
8	0.02759	0.07611	0.21850	0.09856	0.04084	0.02463	0.02747	0.08487	0.06987	0.10449	0.02991	0.03985	0.02402	0.01394	0.01099	0.00359	0.01288	0.06888	0.00767	0.01532
9	0.01561	0.01154	0.01680	0.01680	0.01850	0.01324	0.01273	0.01901	0.01731	0.02478	0.02987	0.04649	0.02884	0.15030	0.50724	0.01663	0.02682	0.01222	0.00594	0.00933
10	0.31457	0.02578	0.10546	0.01916	0.02691	0.02227	0.01776	0.09383	0.02543	0.11085	0.02787	0.11469	0.02436	0.01473	0.00951	0.00354	0.00989	0.01132	0.00833	0.01376
11	0.18247	0.02504	0.02725	0.18028	0.04129	0.06301	0.02022	0.16160	0.02981	0.04487	0.02009	0.02407	0.01521	0.01092	0.00945	0.00312	0.01183	0.00819	0.00722	0.11406

[dist]
# distance from previous block
# <min> <max>
1	4

[block]
# block no. 5 follows, 12 sequences, length 10
# corresponding to MSA columns:
# 358-367
name=unknown_F
#
# <colnr> <probs for GDERKNQSTAVLIFYWHMCP>
#	G	D	E	R	K	N	Q	S	T	A	V	L	I	F	Y	W	H	M	C	P
0	0.25431	0.28493	0.03620	0.01739	0.02566	0.03073	0.01578	0.03714	0.02303	0.15492	0.02155	0.02206	0.01624	0.01055	0.00782	0.00292	0.01004	0.00703	0.00738	0.01431
1	0.01586	0.01057	0.01189	0.01189	0.01189	0.01057	0.00661	0.01586	0.01586	0.02114	0.03436	0.07135	0.03964	0.61681	0.05550	0.01057	0.01057	0.01586	0.00661	0.00661
2	0.01497	0.01108	0.01406	0.01414	0.01667	0.01018	0.01073	0.01929	0.02796	0.03808	0.35515	0.15436	0.17114	0.02553	0.01324	0.00377	0.00590	0.07261	0.01123	0.00990
3	0.01443	0.01089	0.01333	0.01319	0.01579	0.00979	0.00971	0.01846	0.02781	0.03757	0.35624	0.16219	0.21989	0.02542	0.01302	0.00364	0.00541	0.02221	0.01122	0.00979
4	0.02915	0.62337	0.05714	0.01866	0.02799	0.04314	0.01866	0.03265	0.02215	0.02565	0.01516	0.01749	0.01399	0.00933	0.00700	0.00233	0.01166	0.00583	0.00466	0.01399
5	0.02697	0.01426	0.01708	0.01498	0.01966	0.01360	0.01171	0.03448	0.08388	0.18167	0.16943	0.05595	0.09744	0.01696	0.01072	0.00323	0.00668	0.01422	0.19392	0.01318
6	0.69383	0.02109	0.01603	0.01434	0.02109	0.02446	0.01181	0.03205	0.01856	0.04892	0.01518	0.01771	0.01181	0.01012	0.00675	0.00337	0.00843	0.00590	0.00675	0.01181
7	0.02153	0.02627	0.13618	0.11690	0.03715	0.02011	0.02194	0.03378	0.12758	0.03780	0.13445	0.03982	0.03709	0.01339	0.01065	0.00315	0.01035	0.01132	0.00791	0.15263
8	0.02143	0.10349	0.03430	0.44084	0.06209	0.02547	0.02710	0.02789	0.02225	0.02813	0.02345	0.03886	0.02032	0.01302	0.01086	0.00362	0.01358	0.06574	0.00545	0.01212
9	0.02291	0.02033	0.07338	0.15373	0.03877	0.01742	0.06750	0.02892	0.02556	0.10687	0.12656	0.08702	0.10832	0.01663	0.01167	0.00348	0.01052	0.01476	0.00850	0.05716

[dist]
# distance from previous block
# <min> <max>
0	1

[block]
# block no. 6 follows, 12 sequences, length 13
# corresponding to MSA columns:
# 369-381
name=unknown_G
#
# <colnr> <probs for GDERKNQSTAVLIFYWHMCP>
#	G	D	E	R	K	N	Q	S	T	A	V	L	I	F	Y	W	H	M	C	P
0	0.03790	0.02439	0.02794	0.02239	0.02937	0.10958	0.05908	0.07773	0.03212	0.27786	0.14119	0.04208	0.03932	0.01457	0.01134	0.00331	0.01113	0.01224	0.01098	0.01549
1	0.02442	0.02712	0.16546	0.02078	0.02929	0.01780	0.02047	0.03426	0.08744	0.11259	0.14006	0.09073	0.04238	0.01557	0.01100	0.00325	0.00971	0.01320	0.00903	0.12546
2	0.26314	0.02660	0.13352	0.01912	0.02798	0.02012	0.01871	0.03566	0.02427	0.16155	0.08741	0.03152	0.02724	0.01227	0.00935	0.00325	0.00982	0.00927	0.00847	0.07073
3	0.04145	0.03054	0.03272	0.02509	0.03381	0.03381	0.02072	0.51243	0.05127	0.06872	0.02618	0.02618	0.01854	0.01309	0.01091	0.00327	0.01200	0.00982	0.01091	0.01854
4	0.03015	0.02493	0.02636	0.02280	0.02951	0.02853	0.01799	0.15394	0.42816	0.05049	0.04053	0.03762	0.03017	0.01443	0.01106	0.00361	0.00934	0.01180	0.01106	0.01753
5	0.01515	0.01113	0.01418	0.01342	0.01612	0.01017	0.01006	0.02003	0.03019	0.04213	0.49483	0.08406	0.15208	0.02288	0.01286	0.00346	0.00519	0.02009	0.01179	0.01017
6	0.01410	0.01109	0.01273	0.01232	0.01547	0.00972	0.00924	0.01800	0.02772	0.03627	0.31701	0.09372	0.33356	0.02507	0.01287	0.00356	0.00534	0.02144	0.01102	0.00972
7	0.02915	0.62337	0.05714	0.01866	0.02799	0.04314	0.01866	0.03265	0.02215	0.02565	0.01516	0.01749	0.01399	0.00933	0.00700	0.00233	0.01166	0.00583	0.00466	0.01399
8	0.01546	0.01020	0.01270	0.01429	0.01532	0.00988	0.00989	0.01784	0.02065	0.02903	0.05050	0.34671	0.05714	0.15335	0.02185	0.00550	0.00748	0.07882	0.11466	0.00873
9	0.03281	0.02625	0.02786	0.02334	0.03052	0.02978	0.01864	0.23852	0.33924	0.05479	0.03715	0.03492	0.02743	0.01412	0.01102	0.00353	0.00997	0.01133	0.01102	0.01777
10	0.28275	0.02605	0.08271	0.02310	0.06973	0.02447	0.01872	0.10674	0.08821	0.08188	0.03153	0.03207	0.06366	0.01288	0.00945	0.00342	0.01001	0.00966	0.00830	0.01463
11	0.43432	0.02309	0.02062	0.08031	0.02924	0.06852	0.01509	0.03355	0.02138	0.08067	0.01837	0.02118	0.01395	0.01030	0.00794	0.00314	0.01007	0.00686	0.00691	0.09449
12	0.02684	0.21218	0.21172	0.02677	0.07586	0.02887	0.02590	0.03714	0.08610	0.07810	0.06716	0.02993	0.02509	0.01180	0.00974	0.00312	0.01212	0.00927	0.00685	0.01543

[dist]
# distance from previous block
# <min> <max>
0	1

[block]
# block no. 7 follows, 12 sequences, length 9
# corresponding to MSA columns:
# 383-391
name=unknown_H
#
# <colnr> <probs for GDERKNQSTAVLIFYWHMCP>
#	G	D	E	R	K	N	Q	S	T	A	V	L	I	F	Y	W	H	M	C	P
0	0.03261	0.01907	0.02363	0.01739	0.02660	0.01510	0.01410	0.03722	0.02588	0.23354	0.02837	0.02812	0.02027	0.01014	0.00917	0.00228	0.00853	0.00817	0.00913	0.43067
1	0.03023	0.02476	0.10551	0.08475	0.09909	0.02010	0.05522	0.03893	0.07221	0.19657	0.09039	0.07077	0.03366	0.01433	0.01137	0.00351	0.01115	0.01265	0.00926	0.01555
2	0.01617	0.01329	0.01922	0.19154	0.03409	0.01410	0.01613	0.02088	0.02492	0.03315	0.20910	0.18963	0.13174	0.02226	0.01250	0.00376	0.00836	0.01968	0.00910	0.01037
3	0.02457	0.01268	0.01671	0.01588	0.01950	0.01132	0.01180	0.02777	0.02598	0.19341	0.13460	0.30536	0.10557	0.02535	0.01275	0.00388	0.00698	0.02234	0.01146	0.01210
4	0.22817	0.01991	0.02756	0.41292	0.05844	0.02430	0.02459	0.02915	0.02080	0.03435	0.01809	0.02557	0.01369	0.01066	0.00962	0.00355	0.01265	0.00852	0.00543	0.01202
5	0.03001	0.02049	0.03426	0.16098	0.04336	0.02148	0.11752	0.03586	0.02616	0.19424	0.09958	0.03831	0.03106	0.01389	0.01446	0.00366	0.07962	0.01209	0.00863	0.01434
6	0.48399	0.01751	0.01499	0.01460	0.01946	0.01965	0.01129	0.02685	0.01927	0.04242	0.02903	0.20024	0.03040	0.01753	0.00896	0.00370	0.00778	0.01364	0.00779	0.01090
7	0.23948	0.02169	0.03022	0.07839	0.10846	0.02208	0.07387	0.03951	0.02494	0.21925	0.02673	0.02809	0.01863	0.01120	0.00985	0.00341	0.01104	0.00932	0.00858	0.01529
8	0.48664	0.03197	0.18385	0.01950	0.02914	0.02473	0.02059	0.03282	0.01993	0.04448	0.01653	0.01935	0.01243	0.01019	0.00786	0.00340	0.01080	0.00657	0.00609	0.01314

[dist]
# distance from previous block
# <min> <max>
0	234

# created by:
# /st0/software/busco_prod/Augustus/scripts/msa2prfl.pl ./align_prep/7914.fa
