[name]
unknown

[dist]
# distance from previous block
# <min> <max>
0	375

[block]
# block no. 0 follows, 15 sequences, length 44
# corresponding to MSA columns:
# 415-458
name=unknown_A
#
# <colnr> <probs for GDERKNQSTAVLIFYWHMCP>
#	G	D	E	R	K	N	Q	S	T	A	V	L	I	F	Y	W	H	M	C	P
0	0.02562	0.01254	0.01719	0.01635	0.02009	0.01157	0.01283	0.02883	0.02323	0.24602	0.04645	0.26564	0.04542	0.02642	0.05538	0.00465	0.00898	0.11085	0.01015	0.01178
1	0.10664	0.15269	0.38930	0.02379	0.03588	0.02534	0.02859	0.03223	0.02096	0.07269	0.01826	0.02051	0.01332	0.00949	0.00857	0.00296	0.01271	0.00696	0.00505	0.01408
2	0.02327	0.02098	0.02886	0.13627	0.12357	0.02539	0.02181	0.06422	0.15720	0.03307	0.02335	0.02790	0.01877	0.01312	0.01662	0.00352	0.19556	0.00945	0.04389	0.01321
3	0.01424	0.01068	0.01602	0.01602	0.01780	0.01246	0.01246	0.01780	0.01602	0.02314	0.02670	0.03916	0.02492	0.07477	0.61015	0.01602	0.02670	0.01068	0.00534	0.00890
4	0.02955	0.02196	0.02424	0.01954	0.02560	0.02383	0.01577	0.34998	0.08289	0.05413	0.19648	0.04049	0.04168	0.01467	0.01053	0.00307	0.00880	0.01194	0.01029	0.01454
5	0.01732	0.00866	0.01299	0.01299	0.01299	0.00866	0.00866	0.01299	0.01299	0.01732	0.01732	0.03030	0.01732	0.03463	0.03896	0.70996	0.00866	0.00866	0.00433	0.00433
6	0.10043	0.02142	0.02286	0.02000	0.02557	0.02480	0.01586	0.08401	0.40027	0.07505	0.03444	0.03268	0.02576	0.01318	0.01137	0.00338	0.05424	0.01022	0.00941	0.01504
7	0.02353	0.02689	0.05882	0.04202	0.05210	0.02521	0.55126	0.03193	0.02353	0.03193	0.02017	0.02689	0.01513	0.00840	0.01176	0.00336	0.01681	0.01176	0.00504	0.01345
8	0.02729	0.02265	0.02395	0.02079	0.02687	0.02596	0.01638	0.14844	0.46992	0.04573	0.03741	0.03467	0.02786	0.01323	0.01011	0.00331	0.00848	0.01083	0.01011	0.01600
9	0.01215	0.00868	0.01157	0.01388	0.01446	0.00810	0.00925	0.01388	0.01909	0.02545	0.05495	0.64315	0.06593	0.03123	0.01272	0.00405	0.00578	0.02834	0.00925	0.00810
10	0.07390	0.12536	0.03203	0.02143	0.02897	0.02765	0.05501	0.21494	0.15495	0.12446	0.02742	0.02684	0.01994	0.01140	0.00934	0.00299	0.01009	0.00904	0.00885	0.01540
11	0.02195	0.22904	0.43766	0.02508	0.03799	0.02794	0.03102	0.03107	0.02081	0.02919	0.01671	0.01956	0.01268	0.00919	0.00857	0.00286	0.01354	0.00677	0.00423	0.01416
12	0.01395	0.01007	0.01318	0.01265	0.01486	0.00930	0.00939	0.01841	0.02748	0.03880	0.53934	0.12069	0.09178	0.02126	0.01184	0.00321	0.00479	0.01887	0.01083	0.00930
13	0.02494	0.21545	0.07708	0.01863	0.02543	0.02596	0.01682	0.07318	0.18396	0.06855	0.09448	0.07575	0.03235	0.01356	0.00930	0.00295	0.00902	0.01091	0.00802	0.01364
14	0.01380	0.01018	0.01290	0.01222	0.01471	0.00928	0.00917	0.01822	0.02750	0.03827	0.51925	0.07728	0.15808	0.02102	0.01176	0.00317	0.00475	0.01842	0.01075	0.00928
15	0.02737	0.02327	0.02699	0.25463	0.04306	0.09286	0.02084	0.16802	0.06213	0.07121	0.08583	0.03136	0.02506	0.01206	0.01007	0.00311	0.01166	0.00985	0.00752	0.01311
16	0.01561	0.01057	0.01354	0.01306	0.01575	0.00965	0.00998	0.01973	0.02637	0.06924	0.40094	0.11895	0.15501	0.02195	0.01189	0.00335	0.00541	0.05885	0.01054	0.00960
17	0.02569	0.01755	0.02263	0.10940	0.03096	0.01495	0.01488	0.03034	0.02229	0.15530	0.02248	0.02450	0.01672	0.00887	0.00836	0.00212	0.00853	0.00727	0.00710	0.45004
18	0.01354	0.01000	0.01265	0.01235	0.01463	0.00911	0.00912	0.01757	0.02634	0.03636	0.44989	0.14501	0.16171	0.02237	0.01188	0.00328	0.00488	0.01969	0.01052	0.00911
19	0.02067	0.01772	0.02067	0.01477	0.02362	0.01329	0.01181	0.02510	0.02067	0.03248	0.01772	0.02067	0.01477	0.00738	0.00738	0.00148	0.00738	0.00591	0.00591	0.71059
20	0.02313	0.01715	0.02335	0.06632	0.11860	0.01580	0.01620	0.02963	0.06681	0.10729	0.10748	0.07748	0.03262	0.01257	0.00957	0.00264	0.00822	0.01096	0.00781	0.24636
21	0.67996	0.01914	0.01516	0.01338	0.01965	0.02191	0.01103	0.03045	0.01765	0.07737	0.01539	0.01725	0.01162	0.00944	0.00640	0.00308	0.00776	0.00567	0.00654	0.01116
22	0.02385	0.02059	0.02164	0.01955	0.02502	0.02360	0.01518	0.05016	0.52964	0.04063	0.04497	0.04147	0.07071	0.01438	0.01026	0.00338	0.00768	0.01198	0.01008	0.01524
23	0.02355	0.02221	0.03605	0.13563	0.42634	0.02278	0.02760	0.03124	0.06583	0.03227	0.02027	0.02565	0.01652	0.00930	0.00972	0.00294	0.01141	0.00885	0.00535	0.06650
24	0.37673	0.02075	0.02058	0.01670	0.02372	0.02238	0.01378	0.16086	0.02724	0.19479	0.02305	0.02276	0.01596	0.01073	0.00811	0.00306	0.00870	0.00749	0.00872	0.01391
25	0.02186	0.02081	0.03537	0.33324	0.33744	0.02295	0.02919	0.02813	0.02137	0.02915	0.01825	0.02559	0.01459	0.00940	0.00992	0.00313	0.01254	0.00887	0.00469	0.01352
26	0.06797	0.19722	0.08488	0.02420	0.03228	0.02542	0.14268	0.05957	0.02386	0.10582	0.02600	0.03771	0.02237	0.01245	0.00978	0.00314	0.01174	0.09303	0.00674	0.01316
27	0.01479	0.00963	0.01069	0.01119	0.01351	0.00894	0.00831	0.01825	0.02183	0.03163	0.10272	0.17534	0.21160	0.02109	0.01030	0.00316	0.00526	0.04754	0.26540	0.00880
28	0.02554	0.23823	0.11818	0.07023	0.03375	0.02559	0.09658	0.03127	0.02323	0.11459	0.10230	0.03035	0.02678	0.01106	0.00922	0.00284	0.01114	0.00939	0.00658	0.01316
29	0.01570	0.00984	0.01157	0.01114	0.01354	0.00930	0.00835	0.02025	0.02506	0.03811	0.34091	0.06133	0.09687	0.01728	0.00991	0.00284	0.00470	0.01483	0.27916	0.00930
30	0.02894	0.12063	0.11340	0.01928	0.02659	0.02150	0.01794	0.13700	0.02805	0.17520	0.06420	0.14296	0.03126	0.01524	0.00998	0.00311	0.00954	0.01257	0.00873	0.01388
31	0.01298	0.00999	0.01090	0.01122	0.01330	0.00902	0.00788	0.01485	0.02000	0.02474	0.07305	0.12048	0.34272	0.21729	0.02395	0.00544	0.00684	0.05935	0.00826	0.00773
32	0.12046	0.02203	0.02767	0.02686	0.10987	0.02370	0.05559	0.10397	0.24259	0.11720	0.03026	0.02984	0.02223	0.01157	0.00966	0.00319	0.00953	0.00974	0.00877	0.01526
33	0.02355	0.02019	0.03300	0.20455	0.32109	0.02091	0.02617	0.02931	0.02224	0.07072	0.02259	0.03257	0.01899	0.01081	0.01004	0.00309	0.01147	0.04952	0.00574	0.06347
34	0.02983	0.20018	0.03761	0.02355	0.03093	0.12434	0.08467	0.14439	0.15734	0.03704	0.02328	0.02432	0.01812	0.01068	0.00911	0.00283	0.01202	0.00847	0.00706	0.01423
35	0.02309	0.02109	0.03106	0.15890	0.20239	0.02459	0.02385	0.06791	0.10468	0.03224	0.02166	0.02740	0.01770	0.01653	0.05820	0.00433	0.13571	0.00935	0.00589	0.01342
36	0.01349	0.00913	0.01155	0.01266	0.01312	0.00878	0.00809	0.01438	0.01767	0.02373	0.08137	0.35419	0.05390	0.24816	0.02796	0.05817	0.00728	0.02128	0.00788	0.00719
37	0.02823	0.02213	0.03154	0.16656	0.21694	0.02377	0.02357	0.18927	0.03032	0.08563	0.06342	0.02929	0.02209	0.01119	0.01007	0.00307	0.01110	0.00967	0.00739	0.01473
38	0.01618	0.01038	0.01275	0.01218	0.01397	0.00974	0.00834	0.01867	0.02200	0.07012	0.26461	0.10334	0.09983	0.26405	0.02676	0.00573	0.00698	0.01691	0.00894	0.00850
39	0.60788	0.01984	0.01802	0.01806	0.06602	0.02312	0.01328	0.02899	0.01730	0.04209	0.01421	0.01733	0.01138	0.00988	0.00859	0.00318	0.05776	0.00595	0.00592	0.01121
40	0.01239	0.00887	0.01179	0.01371	0.01451	0.00826	0.00927	0.01451	0.02024	0.02729	0.12168	0.57117	0.06949	0.02986	0.01260	0.00393	0.00565	0.02703	0.00947	0.00826
41	0.02260	0.02121	0.03501	0.17431	0.39906	0.02229	0.02742	0.02989	0.05471	0.03219	0.06473	0.02978	0.02236	0.01030	0.01006	0.00308	0.01135	0.00975	0.00562	0.01428
42	0.55934	0.07080	0.01938	0.01471	0.02116	0.02454	0.01229	0.06892	0.06429	0.04408	0.01677	0.01844	0.01299	0.00974	0.00678	0.00303	0.00819	0.00613	0.00661	0.01180
43	0.03064	0.02670	0.12583	0.03013	0.03945	0.02135	0.24541	0.03749	0.02449	0.23714	0.02641	0.02828	0.01812	0.01054	0.01203	0.00329	0.05010	0.01028	0.00754	0.01478

[dist]
# distance from previous block
# <min> <max>
9	27

[block]
# block no. 1 follows, 15 sequences, length 13
# corresponding to MSA columns:
# 491-503
name=unknown_B
#
# <colnr> <probs for GDERKNQSTAVLIFYWHMCP>
#	G	D	E	R	K	N	Q	S	T	A	V	L	I	F	Y	W	H	M	C	P
0	0.08617	0.02733	0.17317	0.02865	0.13983	0.01919	0.02317	0.03922	0.02458	0.29781	0.02785	0.02745	0.01878	0.01069	0.00956	0.00308	0.01068	0.00877	0.00833	0.01569
1	0.03419	0.05889	0.06926	0.01903	0.02705	0.01994	0.01670	0.16066	0.02999	0.26596	0.03043	0.07161	0.02272	0.01243	0.00956	0.00284	0.00932	0.01001	0.00949	0.11992
2	0.01373	0.01018	0.01280	0.01214	0.01466	0.00924	0.00911	0.01808	0.02732	0.03785	0.50369	0.07797	0.17391	0.02117	0.01176	0.00317	0.00476	0.01852	0.01069	0.00924
3	0.02112	0.01775	0.02899	0.03402	0.21937	0.01738	0.07868	0.02775	0.05645	0.06473	0.18050	0.09469	0.04553	0.01561	0.01115	0.00330	0.00936	0.05293	0.00797	0.01274
4	0.02696	0.01596	0.01959	0.01509	0.02238	0.01281	0.01205	0.03080	0.02344	0.21671	0.03783	0.07023	0.09517	0.01270	0.00913	0.00240	0.00735	0.01051	0.00866	0.35022
5	0.02368	0.48229	0.08676	0.01705	0.02484	0.03229	0.01708	0.02782	0.02188	0.02732	0.12573	0.02786	0.02873	0.01093	0.00769	0.00241	0.00981	0.00798	0.00558	0.01228
6	0.02421	0.41533	0.15003	0.01877	0.02855	0.03121	0.01980	0.02925	0.02049	0.02677	0.01538	0.01787	0.01315	0.00848	0.00718	0.00220	0.01079	0.00583	0.00458	0.15014
7	0.02846	0.01538	0.01708	0.01430	0.01908	0.01566	0.01142	0.15879	0.02879	0.15285	0.03175	0.03328	0.02327	0.01184	0.00831	0.00264	0.00695	0.00936	0.39812	0.01268
8	0.01503	0.01110	0.01477	0.01540	0.01702	0.01194	0.01155	0.01969	0.06056	0.02543	0.03819	0.16641	0.04039	0.16048	0.25059	0.00975	0.01532	0.10035	0.00720	0.00881
9	0.01676	0.00886	0.01257	0.01257	0.01257	0.00886	0.00814	0.01328	0.01328	0.01771	0.02008	0.03716	0.02103	0.15536	0.04127	0.57250	0.00886	0.00980	0.00466	0.00466
10	0.03110	0.15270	0.03063	0.02108	0.02757	0.17077	0.01715	0.10042	0.23214	0.07621	0.02724	0.02662	0.02075	0.01149	0.00910	0.00287	0.01129	0.00857	0.00790	0.01438
11	0.01598	0.13678	0.02038	0.01439	0.01776	0.01520	0.01183	0.01917	0.02216	0.02822	0.12653	0.20939	0.17637	0.02320	0.01135	0.00351	0.00713	0.12269	0.00849	0.00949
12	0.02214	0.02809	0.19644	0.02469	0.03298	0.01961	0.12526	0.07021	0.06763	0.06401	0.15025	0.03721	0.03437	0.01433	0.01282	0.05732	0.01125	0.01132	0.00724	0.01283

[dist]
# distance from previous block
# <min> <max>
1	5

[block]
# block no. 2 follows, 15 sequences, length 11
# corresponding to MSA columns:
# 509-519
name=unknown_C
#
# <colnr> <probs for GDERKNQSTAVLIFYWHMCP>
#	G	D	E	R	K	N	Q	S	T	A	V	L	I	F	Y	W	H	M	C	P
0	0.03255	0.07631	0.07079	0.12158	0.06813	0.08117	0.02068	0.11239	0.07770	0.19956	0.02656	0.02711	0.01873	0.01109	0.00958	0.00301	0.01133	0.00881	0.00813	0.01480
1	0.01819	0.01722	0.05963	0.01913	0.02362	0.01597	0.06506	0.02879	0.14961	0.03459	0.17480	0.08675	0.04723	0.02613	0.10418	0.00535	0.01112	0.05552	0.04569	0.01145
2	0.01380	0.00994	0.01313	0.01333	0.01525	0.00926	0.00991	0.01780	0.02564	0.03573	0.41521	0.21175	0.08447	0.02352	0.01215	0.00347	0.00532	0.06083	0.01042	0.00908
3	0.02177	0.03626	0.33863	0.06635	0.03886	0.02092	0.07273	0.06945	0.02396	0.06479	0.06767	0.08404	0.02519	0.01262	0.01025	0.00325	0.01257	0.01087	0.00618	0.01364
4	0.01368	0.00942	0.01153	0.01224	0.01401	0.00872	0.00871	0.01686	0.02259	0.03179	0.21432	0.30404	0.14008	0.02413	0.01141	0.00341	0.00518	0.02130	0.11787	0.00872
5	0.02410	0.02149	0.02114	0.01922	0.02394	0.06496	0.01452	0.04604	0.44389	0.03697	0.03732	0.04015	0.03006	0.11213	0.01637	0.00430	0.00890	0.01142	0.00914	0.01396
6	0.01233	0.00889	0.01138	0.01328	0.01405	0.00827	0.00882	0.01397	0.01898	0.02501	0.05671	0.54363	0.10728	0.08736	0.01613	0.00450	0.00608	0.02645	0.00896	0.00794
7	0.02681	0.02278	0.04242	0.03148	0.03974	0.02192	0.31809	0.03746	0.11787	0.13621	0.07342	0.03384	0.02597	0.01098	0.01117	0.00330	0.01278	0.01188	0.00772	0.01415
8	0.02467	0.02369	0.04046	0.06119	0.58747	0.02369	0.03059	0.03059	0.02270	0.03257	0.01875	0.02467	0.01579	0.00888	0.00987	0.00296	0.01184	0.00888	0.00493	0.01579
9	0.02698	0.01878	0.02690	0.02848	0.15159	0.01866	0.04789	0.13655	0.02913	0.13749	0.12895	0.13361	0.03939	0.01569	0.01081	0.00322	0.00913	0.01398	0.00903	0.01375
10	0.02835	0.21374	0.17092	0.02894	0.11874	0.12250	0.02447	0.11980	0.02655	0.03352	0.01750	0.02017	0.01392	0.00966	0.00867	0.00271	0.01302	0.00714	0.00545	0.01421

[dist]
# distance from previous block
# <min> <max>
0	1

[block]
# block no. 3 follows, 15 sequences, length 13
# corresponding to MSA columns:
# 521-533
name=unknown_D
#
# <colnr> <probs for GDERKNQSTAVLIFYWHMCP>
#	G	D	E	R	K	N	Q	S	T	A	V	L	I	F	Y	W	H	M	C	P
0	0.34187	0.11438	0.02758	0.08249	0.02993	0.07121	0.06025	0.03295	0.06565	0.06391	0.01841	0.02092	0.01419	0.00974	0.00782	0.00298	0.01036	0.00709	0.00617	0.01212
1	0.02085	0.01341	0.01795	0.01867	0.02200	0.01342	0.01616	0.06786	0.02551	0.09112	0.04899	0.09696	0.05062	0.02467	0.01307	0.00430	0.00926	0.42497	0.00957	0.01063
2	0.02594	0.03234	0.22226	0.02800	0.03620	0.02512	0.10919	0.07572	0.02295	0.10838	0.02027	0.02418	0.01515	0.01222	0.01670	0.00352	0.19303	0.00895	0.00597	0.01391
3	0.01732	0.00866	0.01299	0.01299	0.01299	0.00866	0.00866	0.01299	0.01299	0.01732	0.01732	0.03030	0.01732	0.03463	0.03896	0.70996	0.00866	0.00866	0.00433	0.00433
4	0.01732	0.00866	0.01299	0.01299	0.01299	0.00866	0.00866	0.01299	0.01299	0.01732	0.01732	0.03030	0.01732	0.03463	0.03896	0.70996	0.00866	0.00866	0.00433	0.00433
5	0.02629	0.07405	0.07717	0.15465	0.06916	0.06244	0.02081	0.12610	0.02633	0.06068	0.01946	0.02288	0.01489	0.00956	0.00889	0.00258	0.01123	0.00759	0.00625	0.19899
6	0.02901	0.01960	0.02203	0.07673	0.02708	0.06827	0.01559	0.09516	0.06943	0.16599	0.06613	0.03317	0.02582	0.01290	0.01173	0.00305	0.07349	0.00983	0.16197	0.01302
7	0.01411	0.01019	0.01333	0.01254	0.01489	0.00941	0.00941	0.01881	0.02822	0.03998	0.58221	0.07447	0.09406	0.02038	0.01176	0.00314	0.00470	0.01803	0.01097	0.00941
8	0.01312	0.00966	0.01229	0.01268	0.01455	0.00882	0.00911	0.01652	0.02434	0.03324	0.33671	0.27307	0.14947	0.02476	0.01209	0.00348	0.00512	0.02198	0.01015	0.00882
9	0.02153	0.02479	0.11349	0.08999	0.33253	0.02092	0.05837	0.02821	0.02334	0.03323	0.12386	0.03375	0.02973	0.01117	0.01029	0.00307	0.01132	0.01055	0.00593	0.01395
10	0.58207	0.08801	0.01987	0.01474	0.02105	0.08098	0.01226	0.03038	0.01840	0.04055	0.01403	0.01635	0.01120	0.00928	0.00647	0.00294	0.00901	0.00549	0.00587	0.01108
11	0.07905	0.34381	0.17889	0.02287	0.03221	0.03197	0.07955	0.02999	0.02015	0.02803	0.01545	0.01885	0.01287	0.00949	0.00973	0.00276	0.06002	0.00678	0.00449	0.01302
12	0.02370	0.02090	0.07687	0.01647	0.02575	0.01442	0.01460	0.02875	0.02172	0.10461	0.02051	0.02241	0.01583	0.00822	0.00792	0.00185	0.00824	0.00658	0.00657	0.55410

[dist]
# distance from previous block
# <min> <max>
0	1

[block]
# block no. 4 follows, 15 sequences, length 69
# corresponding to MSA columns:
# 535-603
name=unknown_E
#
# <colnr> <probs for GDERKNQSTAVLIFYWHMCP>
#	G	D	E	R	K	N	Q	S	T	A	V	L	I	F	Y	W	H	M	C	P
0	0.02451	0.03046	0.22695	0.07359	0.06771	0.02060	0.05632	0.07622	0.05762	0.09677	0.05283	0.02861	0.02112	0.01075	0.00960	0.00298	0.01137	0.00909	0.05713	0.06578
1	0.01198	0.01011	0.01037	0.01030	0.01358	0.00850	0.00773	0.01468	0.02318	0.02802	0.14129	0.09414	0.54244	0.02484	0.01178	0.00335	0.00502	0.02079	0.00940	0.00850
2	0.02725	0.62110	0.05088	0.01755	0.02588	0.07184	0.01718	0.03042	0.02071	0.02351	0.01395	0.01610	0.01280	0.00863	0.00654	0.00216	0.01108	0.00539	0.00431	0.01272
3	0.02323	0.01977	0.02119	0.01915	0.02431	0.02254	0.01485	0.04797	0.49019	0.04145	0.11990	0.04265	0.03975	0.01453	0.01038	0.00335	0.00742	0.01226	0.01027	0.01485
4	0.02462	0.02521	0.04849	0.10043	0.20370	0.02497	0.31008	0.07469	0.02491	0.03410	0.01985	0.02599	0.01530	0.00898	0.01091	0.00321	0.01458	0.01044	0.00537	0.01418
5	0.02574	0.02276	0.03914	0.10917	0.45941	0.02288	0.06058	0.03170	0.02298	0.07891	0.02046	0.02576	0.01626	0.00924	0.01001	0.00303	0.01200	0.00915	0.00551	0.01531
6	0.01697	0.01082	0.01424	0.01303	0.01588	0.00990	0.00990	0.02160	0.02825	0.09181	0.53145	0.07068	0.08757	0.01963	0.01160	0.00313	0.00506	0.01728	0.01110	0.01011
7	0.02013	0.04425	0.46971	0.02756	0.04030	0.02232	0.07122	0.03212	0.06141	0.03300	0.06487	0.02692	0.02062	0.01056	0.00987	0.00319	0.01359	0.00883	0.00524	0.01429
8	0.02067	0.01772	0.02067	0.01477	0.02362	0.01329	0.01181	0.02510	0.02067	0.03248	0.01772	0.02067	0.01477	0.00738	0.00738	0.00148	0.00738	0.00591	0.00591	0.71059
9	0.01999	0.05157	0.59800	0.02841	0.04315	0.02315	0.03683	0.03157	0.02105	0.03157	0.01789	0.02105	0.01263	0.00947	0.00947	0.00316	0.01473	0.00737	0.00421	0.01473
10	0.03717	0.04060	0.02697	0.02401	0.02957	0.46782	0.01826	0.04232	0.07889	0.10949	0.02127	0.02211	0.01622	0.01088	0.00925	0.00272	0.01564	0.00740	0.00666	0.01274
11	0.03790	0.02792	0.02992	0.02294	0.03091	0.03091	0.01895	0.55423	0.04687	0.06283	0.02393	0.02393	0.01695	0.01197	0.00997	0.00299	0.01097	0.00898	0.00997	0.01695
12	0.02567	0.02663	0.03797	0.13980	0.39496	0.11383	0.05613	0.03131	0.02318	0.03021	0.01816	0.02405	0.01492	0.00923	0.00985	0.00298	0.01327	0.00865	0.00490	0.01430
13	0.01215	0.00868	0.01157	0.01388	0.01446	0.00810	0.00925	0.01388	0.01909	0.02545	0.05495	0.64315	0.06593	0.03123	0.01272	0.00405	0.00578	0.02834	0.00925	0.00810
14	0.10640	0.06289	0.10898	0.02077	0.02916	0.02473	0.01911	0.20331	0.11076	0.17356	0.02741	0.02649	0.01919	0.01144	0.00933	0.00305	0.01013	0.00873	0.00898	0.01557
15	0.02625	0.61899	0.08536	0.01775	0.02665	0.03846	0.01826	0.02996	0.02030	0.02395	0.01410	0.01630	0.01278	0.00859	0.00658	0.00219	0.01091	0.00545	0.00426	0.01291
16	0.01215	0.00868	0.01157	0.01388	0.01446	0.00810	0.00925	0.01388	0.01909	0.02545	0.05495	0.64315	0.06593	0.03123	0.01272	0.00405	0.00578	0.02834	0.00925	0.00810
17	0.02610	0.60511	0.09790	0.01801	0.02706	0.03808	0.01871	0.02999	0.02032	0.02413	0.01420	0.01641	0.01278	0.00861	0.00665	0.00222	0.01100	0.00550	0.00426	0.01296
18	0.28950	0.02054	0.02059	0.01612	0.02371	0.02071	0.01317	0.14576	0.02552	0.07331	0.01879	0.02040	0.01428	0.00937	0.00764	0.00250	0.00836	0.00661	0.00725	0.25588
19	0.02158	0.19509	0.46833	0.02572	0.03897	0.02702	0.03213	0.03116	0.02086	0.02964	0.01693	0.01985	0.01267	0.00925	0.00874	0.00291	0.01377	0.00688	0.00422	0.01427
20	0.02279	0.01913	0.02105	0.01984	0.02471	0.02173	0.01584	0.04553	0.44366	0.03897	0.04338	0.05452	0.03663	0.01675	0.01098	0.00366	0.00819	0.12846	0.00992	0.01426
21	0.01883	0.01772	0.02990	0.62569	0.06866	0.02215	0.02769	0.02547	0.01993	0.02547	0.01772	0.02658	0.01329	0.00997	0.00997	0.00332	0.01329	0.00886	0.00443	0.01107
22	0.03457	0.02276	0.03553	0.03344	0.15874	0.02221	0.12513	0.14811	0.03010	0.24412	0.02765	0.02834	0.01915	0.01070	0.01032	0.00309	0.01141	0.00989	0.00873	0.01600
23	0.02480	0.02141	0.02254	0.02029	0.02592	0.02480	0.01578	0.05297	0.56946	0.04170	0.04057	0.03719	0.03043	0.01352	0.01014	0.00338	0.00789	0.01127	0.01014	0.01578
24	0.01411	0.01019	0.01333	0.01254	0.01489	0.00941	0.00941	0.01881	0.02822	0.03998	0.58221	0.07447	0.09406	0.02038	0.01176	0.00314	0.00470	0.01803	0.01097	0.00941
25	0.01999	0.05157	0.59800	0.02841	0.04315	0.02315	0.03683	0.03157	0.02105	0.03157	0.01789	0.02105	0.01263	0.00947	0.00947	0.00316	0.01473	0.00737	0.00421	0.01473
26	0.02467	0.02369	0.04046	0.06119	0.58747	0.02369	0.03059	0.03059	0.02270	0.03257	0.01875	0.02467	0.01579	0.00888	0.00987	0.00296	0.01184	0.00888	0.00493	0.01579
27	0.01606	0.01147	0.01606	0.01836	0.02065	0.01147	0.01606	0.02065	0.02295	0.02983	0.05278	0.11245	0.05737	0.02754	0.01377	0.00459	0.00918	0.52037	0.00918	0.00918
28	0.01606	0.01147	0.01606	0.01836	0.02065	0.01147	0.01606	0.02065	0.02295	0.02983	0.05278	0.11245	0.05737	0.02754	0.01377	0.00459	0.00918	0.52037	0.00918	0.00918
29	0.01472	0.00999	0.01340	0.01340	0.01419	0.01078	0.00919	0.01578	0.01499	0.02077	0.02764	0.04954	0.02898	0.32205	0.29647	0.09630	0.01707	0.01211	0.00553	0.00710
30	0.02665	0.65565	0.05224	0.01706	0.02559	0.03945	0.01706	0.02985	0.02026	0.02345	0.01386	0.01599	0.01279	0.00853	0.00640	0.00213	0.01066	0.00533	0.00426	0.01279
31	0.02454	0.02842	0.05656	0.04081	0.05052	0.06849	0.51186	0.03252	0.02388	0.03137	0.01982	0.02623	0.01496	0.00854	0.01156	0.00330	0.01689	0.01137	0.00505	0.01331
32	0.02108	0.01833	0.03149	0.53852	0.06426	0.02181	0.06453	0.02765	0.02083	0.06807	0.01950	0.02715	0.01427	0.01003	0.01010	0.00331	0.01319	0.00916	0.00506	0.01168
33	0.02353	0.02689	0.05882	0.04202	0.05210	0.02521	0.55126	0.03193	0.02353	0.03193	0.02017	0.02689	0.01513	0.00840	0.01176	0.00336	0.01681	0.01176	0.00504	0.01345
34	0.02467	0.02369	0.04046	0.06119	0.58747	0.02369	0.03059	0.03059	0.02270	0.03257	0.01875	0.02467	0.01579	0.00888	0.00987	0.00296	0.01184	0.00888	0.00493	0.01579
35	0.03924	0.01889	0.02793	0.02145	0.02910	0.01733	0.08545	0.09166	0.02919	0.43023	0.03635	0.03774	0.02506	0.01289	0.01052	0.00322	0.00986	0.04701	0.01093	0.01594
36	0.01743	0.01198	0.01803	0.01834	0.02099	0.01146	0.05205	0.02117	0.02199	0.07353	0.05016	0.29877	0.05491	0.02632	0.01293	0.00418	0.00840	0.25849	0.00916	0.00971
37	0.72007	0.01928	0.01465	0.01311	0.01928	0.02236	0.01080	0.02930	0.01697	0.04473	0.01388	0.01619	0.01080	0.00925	0.00617	0.00308	0.00771	0.00540	0.00617	0.01080
38	0.01498	0.01207	0.01811	0.02459	0.14414	0.01163	0.01408	0.01766	0.01990	0.02706	0.04675	0.50317	0.05459	0.02617	0.01208	0.00380	0.00716	0.02394	0.00828	0.00984
39	0.02067	0.01772	0.02067	0.01477	0.02362	0.01329	0.01181	0.02510	0.02067	0.03248	0.01772	0.02067	0.01477	0.00738	0.00738	0.00148	0.00738	0.00591	0.00591	0.71059
40	0.02559	0.02181	0.02299	0.02045	0.02622	0.02517	0.01597	0.08322	0.53792	0.04298	0.03957	0.03639	0.02962	0.01343	0.01013	0.00336	0.00808	0.01113	0.01013	0.01585
41	0.03893	0.02627	0.02890	0.02215	0.03009	0.02846	0.01830	0.47799	0.04411	0.14297	0.02626	0.02544	0.01812	0.01202	0.00998	0.00301	0.01059	0.00913	0.01033	0.01696
42	0.02401	0.41630	0.26848	0.02156	0.03254	0.03299	0.02489	0.03053	0.02057	0.02667	0.01546	0.01799	0.01273	0.00890	0.00761	0.00254	0.01227	0.00614	0.00424	0.01356
43	0.02028	0.04959	0.55484	0.02950	0.04386	0.02332	0.07801	0.03160	0.02125	0.03160	0.01807	0.02151	0.01283	0.00939	0.00965	0.00317	0.01490	0.00772	0.00428	0.01463
44	0.02114	0.02246	0.08395	0.03019	0.03763	0.01903	0.28844	0.02776	0.02299	0.06254	0.03578	0.11175	0.06310	0.01575	0.01196	0.00363	0.01286	0.11009	0.00687	0.01208
45	0.02992	0.02392	0.03698	0.07141	0.13808	0.02521	0.13938	0.16844	0.06040	0.11509	0.02388	0.02682	0.01759	0.01108	0.01227	0.00324	0.06397	0.00982	0.00747	0.01502
46	0.02418	0.02319	0.03958	0.10846	0.54402	0.02356	0.03035	0.03017	0.02247	0.03197	0.01867	0.02483	0.01558	0.00897	0.00988	0.00299	0.01196	0.00888	0.00489	0.01540
47	0.02684	0.02721	0.13701	0.03096	0.03975	0.02193	0.25269	0.03390	0.02339	0.15498	0.02595	0.03382	0.02000	0.01183	0.01311	0.00346	0.07147	0.05106	0.00678	0.01386
48	0.08092	0.45415	0.13646	0.02227	0.07497	0.03412	0.02089	0.03015	0.02032	0.02723	0.01492	0.01755	0.01286	0.00877	0.00717	0.00244	0.01118	0.00596	0.00446	0.01320
49	0.01910	0.01159	0.01550	0.01614	0.01910	0.01089	0.01326	0.02288	0.02352	0.11464	0.09591	0.18277	0.11760	0.02506	0.01265	0.00402	0.00771	0.26773	0.00981	0.01010
50	0.01325	0.00960	0.01274	0.01486	0.01617	0.00910	0.01108	0.01587	0.02051	0.02684	0.05817	0.44394	0.10676	0.02966	0.01295	0.00415	0.00670	0.16997	0.00923	0.00844
51	0.02419	0.02629	0.08865	0.05684	0.49709	0.02377	0.07472	0.03079	0.02263	0.03243	0.01880	0.02456	0.01547	0.00889	0.00999	0.00301	0.01250	0.00900	0.00488	0.01551
52	0.02590	0.02601	0.04037	0.13254	0.31315	0.07914	0.12615	0.07482	0.02500	0.03319	0.01899	0.02468	0.01513	0.00934	0.01017	0.00305	0.01349	0.00920	0.00532	0.01437
53	0.01450	0.00966	0.01087	0.01087	0.01087	0.00966	0.00604	0.01450	0.01450	0.01933	0.03141	0.06524	0.03624	0.64965	0.05074	0.00966	0.00966	0.01450	0.00604	0.00604
54	0.01678	0.01250	0.01811	0.02194	0.06808	0.01250	0.01728	0.02149	0.02293	0.03006	0.04994	0.10511	0.05389	0.02598	0.01344	0.00445	0.00940	0.47757	0.00882	0.00973
55	0.03620	0.06897	0.11364	0.01951	0.02794	0.01907	0.01828	0.07371	0.06183	0.36808	0.06424	0.03256	0.02581	0.01213	0.00978	0.00304	0.00950	0.00975	0.01014	0.01581
56	0.03987	0.01986	0.03094	0.02309	0.03131	0.01810	0.12413	0.08567	0.02898	0.43743	0.03420	0.03170	0.02212	0.01151	0.01037	0.00313	0.01037	0.01029	0.01067	0.01625
57	0.02181	0.02181	0.03053	0.02617	0.02617	0.03053	0.02181	0.02399	0.01527	0.02399	0.01309	0.02181	0.01309	0.01745	0.03272	0.00436	0.63141	0.00872	0.00436	0.01091
58	0.02067	0.01772	0.02067	0.01477	0.02362	0.01329	0.01181	0.02510	0.02067	0.03248	0.01772	0.02067	0.01477	0.00738	0.00738	0.00148	0.00738	0.00591	0.00591	0.71059
59	0.01999	0.05157	0.59800	0.02841	0.04315	0.02315	0.03683	0.03157	0.02105	0.03157	0.01789	0.02105	0.01263	0.00947	0.00947	0.00316	0.01473	0.00737	0.00421	0.01473
60	0.01606	0.01147	0.01606	0.01836	0.02065	0.01147	0.01606	0.02065	0.02295	0.02983	0.05278	0.11245	0.05737	0.02754	0.01377	0.00459	0.00918	0.52037	0.00918	0.00918
61	0.02764	0.59879	0.05000	0.01786	0.02608	0.09276	0.01726	0.03078	0.02100	0.02354	0.01400	0.01618	0.01280	0.00869	0.00664	0.00217	0.01135	0.00543	0.00435	0.01268
62	0.01450	0.00966	0.01087	0.01087	0.01087	0.00966	0.00604	0.01450	0.01450	0.01933	0.03141	0.06524	0.03624	0.64965	0.05074	0.00966	0.00966	0.01450	0.00604	0.00604
63	0.03684	0.08661	0.03200	0.02239	0.03042	0.03171	0.01877	0.50520	0.04438	0.05915	0.02299	0.02319	0.01656	0.01165	0.00964	0.00291	0.01094	0.00863	0.00944	0.01656
64	0.12599	0.03615	0.03170	0.03415	0.17179	0.33908	0.05940	0.03548	0.02497	0.02978	0.01639	0.02007	0.01348	0.00965	0.00903	0.00280	0.01494	0.00729	0.00522	0.01266
65	0.03487	0.01407	0.01791	0.01455	0.02023	0.01263	0.01175	0.03902	0.02566	0.38426	0.03676	0.03515	0.02501	0.01207	0.00887	0.00280	0.00704	0.00975	0.27353	0.01407
66	0.02467	0.02369	0.04046	0.06119	0.58747	0.02369	0.03059	0.03059	0.02270	0.03257	0.01875	0.02467	0.01579	0.00888	0.00987	0.00296	0.01184	0.00888	0.00493	0.01579
67	0.01322	0.00991	0.01085	0.01110	0.01280	0.00911	0.00748	0.01473	0.01898	0.02372	0.06564	0.11217	0.28899	0.29669	0.02885	0.00621	0.00733	0.04695	0.00786	0.00741
68	0.08358	0.20969	0.08013	0.02065	0.02753	0.06828	0.05050	0.06711	0.02395	0.06152	0.02763	0.04566	0.02612	0.01454	0.00966	0.00320	0.01116	0.15008	0.00674	0.01225

[dist]
# distance from previous block
# <min> <max>
0	12

# created by:
# /st0/software/busco_prod/Augustus/scripts/msa2prfl.pl ./align_prep/7955.fa
