[name]
unknown

[dist]
# distance from previous block
# <min> <max>
0	159

[block]
# block no. 0 follows, 14 sequences, length 117
# corresponding to MSA columns:
# 166-261,268-288
name=unknown_A
#
# <colnr> <probs for GDERKNQSTAVLIFYWHMCP>
#	G	D	E	R	K	N	Q	S	T	A	V	L	I	F	Y	W	H	M	C	P
0	0.02004	0.01104	0.01492	0.01562	0.01796	0.01013	0.01145	0.02260	0.02213	0.14461	0.05292	0.45123	0.05794	0.02762	0.01262	0.00402	0.00691	0.07565	0.01019	0.01039
1	0.01300	0.00921	0.01211	0.01424	0.01488	0.00871	0.00960	0.01477	0.01939	0.02580	0.05386	0.54191	0.06411	0.09616	0.01730	0.00481	0.00659	0.05620	0.00917	0.00818
2	0.02675	0.02753	0.04222	0.05674	0.45823	0.08990	0.08376	0.03272	0.02411	0.03250	0.01907	0.02486	0.01584	0.00925	0.01026	0.00305	0.01345	0.00917	0.00512	0.01550
3	0.02834	0.04238	0.39910	0.02614	0.03893	0.02268	0.03076	0.09030	0.02624	0.16139	0.02411	0.02501	0.01630	0.01070	0.00993	0.00321	0.01329	0.00838	0.00687	0.01593
4	0.01492	0.00995	0.01119	0.01119	0.01119	0.00995	0.00622	0.01492	0.01492	0.01990	0.03233	0.06716	0.03731	0.63935	0.05223	0.00995	0.00995	0.01492	0.00622	0.00622
5	0.01487	0.01017	0.01232	0.01232	0.01270	0.01056	0.00762	0.01564	0.01526	0.02073	0.03131	0.06146	0.03484	0.52011	0.16810	0.01134	0.01367	0.01409	0.00607	0.00684
6	0.03279	0.02460	0.03379	0.07254	0.13069	0.02602	0.07601	0.22425	0.10819	0.12340	0.02750	0.02866	0.01986	0.01151	0.01047	0.00321	0.01144	0.01000	0.00879	0.01627
7	0.02671	0.58285	0.11010	0.01880	0.02825	0.03883	0.01971	0.03092	0.02094	0.02503	0.01471	0.01701	0.01315	0.00888	0.00692	0.00231	0.01142	0.00571	0.00438	0.01338
8	0.01404	0.01010	0.01335	0.01377	0.01562	0.00941	0.01012	0.01792	0.02572	0.03573	0.37266	0.25315	0.08508	0.02500	0.01256	0.00363	0.00552	0.05676	0.01061	0.00925
9	0.03002	0.02542	0.03631	0.10613	0.31186	0.02709	0.02654	0.22792	0.03268	0.04479	0.02125	0.02531	0.01645	0.01049	0.01021	0.00310	0.01200	0.00918	0.00703	0.01620
10	0.02418	0.33115	0.28345	0.02506	0.03674	0.03198	0.07646	0.03170	0.02153	0.02858	0.01668	0.01978	0.01333	0.00918	0.00848	0.00277	0.01339	0.00703	0.00444	0.01409
11	0.02916	0.01461	0.01898	0.01598	0.02110	0.01353	0.01264	0.03595	0.08003	0.27445	0.29101	0.05499	0.05976	0.01673	0.01118	0.00323	0.00683	0.01434	0.01182	0.01367
12	0.02689	0.38184	0.12025	0.02036	0.02935	0.03433	0.02027	0.07287	0.13993	0.03233	0.02160	0.02255	0.01742	0.01029	0.00814	0.00269	0.01096	0.00739	0.00613	0.01443
13	0.01938	0.01824	0.03078	0.61468	0.07068	0.02280	0.02850	0.02622	0.02052	0.02622	0.01824	0.02736	0.01368	0.01026	0.01026	0.00342	0.01368	0.00912	0.00456	0.01140
14	0.02827	0.50177	0.12569	0.01927	0.02887	0.03579	0.02018	0.03284	0.02179	0.07911	0.01738	0.01897	0.01432	0.00929	0.00739	0.00244	0.01135	0.00625	0.00518	0.01386
15	0.13526	0.03376	0.02575	0.02197	0.02846	0.29358	0.01720	0.09027	0.02938	0.19360	0.02363	0.02360	0.01687	0.01121	0.00925	0.00291	0.01349	0.00779	0.00807	0.01394
16	0.02058	0.05308	0.58618	0.02925	0.04442	0.02383	0.03792	0.03250	0.02167	0.03250	0.01842	0.02167	0.01300	0.00975	0.00975	0.00325	0.01517	0.00758	0.00433	0.01517
17	0.01452	0.01049	0.01372	0.01291	0.01533	0.00968	0.00968	0.01937	0.02905	0.04115	0.56992	0.07666	0.09683	0.02098	0.01210	0.00323	0.00484	0.01856	0.01130	0.00968
18	0.03091	0.04745	0.20442	0.02648	0.03457	0.37508	0.02484	0.03643	0.02607	0.02753	0.01951	0.06228	0.01696	0.01182	0.00968	0.00294	0.01657	0.00849	0.00528	0.01268
19	0.01938	0.01824	0.03078	0.61468	0.07068	0.02280	0.02850	0.02622	0.02052	0.02622	0.01824	0.02736	0.01368	0.01026	0.01026	0.00342	0.01368	0.00912	0.00456	0.01140
20	0.01213	0.01040	0.01040	0.01040	0.01386	0.00866	0.00780	0.01473	0.02339	0.02772	0.10396	0.09876	0.57117	0.02599	0.01213	0.00347	0.00520	0.02166	0.00953	0.00866
21	0.01250	0.00893	0.01191	0.01429	0.01488	0.00834	0.00953	0.01429	0.01965	0.02620	0.05656	0.63265	0.06787	0.03215	0.01310	0.00417	0.00595	0.02917	0.00953	0.00834
22	0.19677	0.01991	0.02132	0.01774	0.02305	0.02171	0.01402	0.22560	0.02910	0.08352	0.02125	0.02538	0.01659	0.01857	0.01814	0.20957	0.00959	0.00833	0.00777	0.01207
23	0.03564	0.01441	0.01831	0.01490	0.02069	0.01295	0.01203	0.03992	0.02634	0.37210	0.03778	0.03622	0.02575	0.01241	0.00910	0.00287	0.00721	0.01003	0.27694	0.01441
24	0.01492	0.00995	0.01119	0.01119	0.01119	0.00995	0.00622	0.01492	0.01492	0.01990	0.03233	0.06716	0.03731	0.63935	0.05223	0.00995	0.00995	0.01492	0.00622	0.00622
25	0.02492	0.02390	0.04079	0.10665	0.53540	0.02426	0.03126	0.03108	0.02314	0.03295	0.01922	0.02555	0.01605	0.00923	0.01017	0.00308	0.01231	0.00914	0.00504	0.01587
26	0.01250	0.00893	0.01191	0.01429	0.01488	0.00834	0.00953	0.01429	0.01965	0.02620	0.05656	0.63265	0.06787	0.03215	0.01310	0.00417	0.00595	0.02917	0.00953	0.00834
27	0.03833	0.04891	0.02908	0.02644	0.03173	0.59815	0.01983	0.04098	0.02908	0.02512	0.01586	0.01851	0.01322	0.01058	0.00925	0.00264	0.01851	0.00661	0.00529	0.01190
28	0.02128	0.01824	0.02128	0.01520	0.02432	0.01368	0.01216	0.02584	0.02128	0.03344	0.01824	0.02128	0.01520	0.00760	0.00760	0.00152	0.00760	0.00608	0.00608	0.70208
29	0.01477	0.01057	0.01433	0.01433	0.01541	0.01165	0.01013	0.01693	0.01585	0.02222	0.02947	0.05129	0.03042	0.30685	0.37531	0.01382	0.02032	0.01260	0.00579	0.00796
30	0.02058	0.05308	0.58618	0.02925	0.04442	0.02383	0.03792	0.03250	0.02167	0.03250	0.01842	0.02167	0.01300	0.00975	0.00975	0.00325	0.01517	0.00758	0.00433	0.01517
31	0.02202	0.02172	0.03926	0.03944	0.19438	0.02262	0.18566	0.02724	0.02064	0.02911	0.02167	0.03335	0.01968	0.11044	0.07706	0.00570	0.10107	0.01110	0.00524	0.01260
32	0.01350	0.00965	0.01306	0.01543	0.01647	0.00920	0.01127	0.01602	0.02063	0.02732	0.05601	0.50443	0.06569	0.03121	0.01337	0.00431	0.00682	0.14752	0.00951	0.00861
33	0.15776	0.04376	0.02660	0.02414	0.02962	0.49617	0.01828	0.03906	0.02702	0.02883	0.01558	0.01818	0.01285	0.01039	0.00874	0.00274	0.01663	0.00642	0.00548	0.01176
34	0.01300	0.00932	0.01236	0.01395	0.01500	0.00867	0.00956	0.01554	0.02197	0.02990	0.18355	0.49511	0.07504	0.02939	0.01285	0.00394	0.00568	0.02655	0.00996	0.00867
35	0.02012	0.01907	0.03025	0.45657	0.05879	0.02388	0.02617	0.02589	0.01962	0.02642	0.01730	0.02596	0.01374	0.01160	0.01471	0.00350	0.13350	0.00888	0.00465	0.05937
36	0.01717	0.01368	0.01386	0.01337	0.01376	0.05535	0.00830	0.01751	0.01603	0.02060	0.02986	0.06058	0.03394	0.55149	0.04780	0.00904	0.05071	0.01391	0.00603	0.00697
37	0.02744	0.64552	0.05378	0.01756	0.02634	0.04061	0.01756	0.03073	0.02085	0.02414	0.01427	0.01646	0.01317	0.00878	0.00658	0.00219	0.01097	0.00549	0.00439	0.01317
38	0.03920	0.01545	0.02019	0.01605	0.02257	0.01368	0.01307	0.04337	0.02737	0.44398	0.03870	0.03578	0.02563	0.01251	0.00952	0.00298	0.00773	0.01013	0.18664	0.01545
39	0.07510	0.02698	0.10684	0.02179	0.02920	0.02554	0.01933	0.08431	0.40210	0.04316	0.03510	0.03329	0.02616	0.01287	0.01003	0.00340	0.00938	0.01040	0.00923	0.01580
40	0.01877	0.02148	0.10313	0.06146	0.03081	0.01572	0.07238	0.02468	0.02273	0.03183	0.06905	0.05248	0.11710	0.01509	0.01055	0.00300	0.00985	0.08576	0.00700	0.22713
41	0.02373	0.22624	0.29296	0.03206	0.11873	0.02921	0.07897	0.03185	0.02192	0.03015	0.01751	0.02122	0.01378	0.00926	0.00908	0.00292	0.01366	0.00761	0.00454	0.01459
42	0.02461	0.22350	0.26735	0.02414	0.03495	0.02758	0.06140	0.03385	0.06113	0.06958	0.05998	0.02655	0.02141	0.01069	0.00921	0.00295	0.01235	0.00853	0.00593	0.01431
43	0.01369	0.01046	0.01256	0.01204	0.01482	0.00933	0.00903	0.01775	0.02708	0.03648	0.40785	0.08434	0.26181	0.02272	0.01211	0.00331	0.00497	0.01964	0.01068	0.00933
44	0.02564	0.02150	0.03392	0.12567	0.33021	0.02091	0.02524	0.03129	0.02309	0.08536	0.02096	0.02569	0.01654	0.00930	0.00963	0.00278	0.01106	0.00858	0.00596	0.16669
45	0.02031	0.01919	0.03245	0.52974	0.14838	0.02304	0.02896	0.02703	0.02096	0.02734	0.01840	0.02706	0.01408	0.01009	0.01024	0.00336	0.01345	0.00912	0.00464	0.01215
46	0.03161	0.02541	0.04739	0.03439	0.04386	0.02424	0.33657	0.11250	0.02902	0.16834	0.02603	0.02895	0.01819	0.01016	0.01141	0.00334	0.01437	0.01126	0.00773	0.01524
47	0.01480	0.01042	0.01359	0.01359	0.01441	0.01125	0.00920	0.01646	0.01563	0.02167	0.03015	0.05504	0.03205	0.38547	0.29892	0.01290	0.01787	0.01315	0.00589	0.00755
48	0.01938	0.01824	0.03078	0.61468	0.07068	0.02280	0.02850	0.02622	0.02052	0.02622	0.01824	0.02736	0.01368	0.01026	0.01026	0.00342	0.01368	0.00912	0.00456	0.01140
49	0.02540	0.02438	0.04165	0.06299	0.57533	0.02438	0.03149	0.03149	0.02337	0.03353	0.01930	0.02540	0.01626	0.00914	0.01016	0.00305	0.01219	0.00914	0.00508	0.01626
50	0.01525	0.01140	0.01376	0.01345	0.01607	0.01071	0.00993	0.05442	0.02689	0.03623	0.30300	0.21197	0.19015	0.02417	0.01222	0.00350	0.00565	0.02114	0.01040	0.00969
51	0.03901	0.02874	0.03080	0.02361	0.03182	0.03182	0.01951	0.54111	0.04825	0.06468	0.02464	0.02464	0.01745	0.01232	0.01027	0.00308	0.01129	0.00924	0.01027	0.01745
52	0.01250	0.00893	0.01191	0.01429	0.01488	0.00834	0.00953	0.01429	0.01965	0.02620	0.05656	0.63265	0.06787	0.03215	0.01310	0.00417	0.00595	0.02917	0.00953	0.00834
53	0.01456	0.01040	0.01427	0.01664	0.01814	0.01011	0.01310	0.01784	0.02167	0.02850	0.05543	0.36911	0.06338	0.03021	0.01365	0.00445	0.00774	0.27242	0.00949	0.00890
54	0.01427	0.01048	0.01337	0.01264	0.01518	0.00958	0.00948	0.01888	0.02845	0.03973	0.52062	0.07899	0.14701	0.02151	0.01211	0.00325	0.00488	0.01889	0.01111	0.00958
55	0.02245	0.02245	0.03143	0.02694	0.02694	0.03143	0.02245	0.02470	0.01572	0.02470	0.01347	0.02245	0.01347	0.01796	0.03368	0.00449	0.62057	0.00898	0.00449	0.01123
56	0.02128	0.01824	0.02128	0.01520	0.02432	0.01368	0.01216	0.02584	0.02128	0.03344	0.01824	0.02128	0.01520	0.00760	0.00760	0.00152	0.00760	0.00608	0.00608	0.70208
57	0.02744	0.64552	0.05378	0.01756	0.02634	0.04061	0.01756	0.03073	0.02085	0.02414	0.01427	0.01646	0.01317	0.00878	0.00658	0.00219	0.01097	0.00549	0.00439	0.01317
58	0.02540	0.02438	0.04165	0.06299	0.57533	0.02438	0.03149	0.03149	0.02337	0.03353	0.01930	0.02540	0.01626	0.00914	0.01016	0.00305	0.01219	0.00914	0.00508	0.01626
59	0.01913	0.00956	0.00956	0.00956	0.01196	0.00956	0.00717	0.02391	0.02152	0.03826	0.03348	0.03826	0.02630	0.01196	0.00717	0.00239	0.00478	0.00956	0.69632	0.00956
60	0.02976	0.02570	0.03776	0.05273	0.44022	0.07826	0.02790	0.03520	0.02482	0.11542	0.02216	0.02617	0.01734	0.00982	0.01010	0.00303	0.01228	0.00908	0.00625	0.01602
61	0.02371	0.02455	0.03125	0.02690	0.02732	0.07628	0.02224	0.02599	0.01677	0.02473	0.01366	0.02214	0.01345	0.01738	0.03174	0.00434	0.57292	0.00879	0.00455	0.01128
62	0.02505	0.01862	0.02324	0.01941	0.06819	0.01472	0.01410	0.02965	0.02257	0.10984	0.02142	0.02351	0.01670	0.00843	0.00818	0.00187	0.00812	0.00691	0.00692	0.55254
63	0.02363	0.15786	0.04264	0.11361	0.09235	0.02610	0.17354	0.06508	0.02408	0.03152	0.02532	0.09505	0.02363	0.01311	0.01058	0.00328	0.01272	0.04690	0.00604	0.01295
64	0.04604	0.01746	0.02382	0.01826	0.02620	0.01508	0.01508	0.05001	0.02937	0.58244	0.04049	0.03493	0.02540	0.01270	0.01032	0.00318	0.00873	0.01032	0.01270	0.01746
65	0.03075	0.02585	0.03545	0.04310	0.30424	0.02742	0.02518	0.23370	0.08955	0.04673	0.02377	0.02646	0.01832	0.01089	0.01023	0.00311	0.01141	0.00944	0.00768	0.01672
66	0.03188	0.10790	0.02725	0.01893	0.02580	0.02366	0.01562	0.09752	0.22325	0.19768	0.04171	0.03863	0.07760	0.01384	0.01001	0.00317	0.00875	0.01109	0.01014	0.01556
67	0.04604	0.01746	0.02382	0.01826	0.02620	0.01508	0.01508	0.05001	0.02937	0.58244	0.04049	0.03493	0.02540	0.01270	0.01032	0.00318	0.00873	0.01032	0.01270	0.01746
68	0.01492	0.00995	0.01119	0.01119	0.01119	0.00995	0.00622	0.01492	0.01492	0.01990	0.03233	0.06716	0.03731	0.63935	0.05223	0.00995	0.00995	0.01492	0.00622	0.00622
69	0.02480	0.41726	0.25890	0.02206	0.03330	0.03414	0.02540	0.03141	0.02117	0.02736	0.01587	0.01847	0.01310	0.00915	0.00780	0.00260	0.01259	0.00629	0.00437	0.01394
70	0.02612	0.01325	0.01682	0.01463	0.01949	0.01161	0.01167	0.02995	0.02711	0.24565	0.19084	0.06979	0.20883	0.01978	0.01156	0.00338	0.00676	0.04921	0.01119	0.01237
71	0.01233	0.00959	0.01123	0.01254	0.01442	0.00848	0.00875	0.01449	0.02133	0.02688	0.07789	0.39244	0.29432	0.02938	0.01266	0.00385	0.00561	0.02579	0.00953	0.00848
72	0.71184	0.01985	0.01508	0.01350	0.01985	0.02302	0.01111	0.03017	0.01746	0.04604	0.01429	0.01667	0.01111	0.00953	0.00635	0.00318	0.00794	0.00556	0.00635	0.01111
73	0.02800	0.06791	0.17324	0.03139	0.04119	0.02460	0.22354	0.03543	0.02361	0.14792	0.02323	0.02658	0.01668	0.01076	0.01313	0.00338	0.07842	0.00994	0.00646	0.01460
74	0.04604	0.01746	0.02382	0.01826	0.02620	0.01508	0.01508	0.05001	0.02937	0.58244	0.04049	0.03493	0.02540	0.01270	0.01032	0.00318	0.00873	0.01032	0.01270	0.01746
75	0.02488	0.02859	0.05374	0.03940	0.04854	0.08523	0.44543	0.03240	0.02441	0.03157	0.02280	0.06998	0.01906	0.01054	0.01188	0.00342	0.01662	0.01275	0.00551	0.01324
76	0.02677	0.02491	0.04050	0.05442	0.44205	0.02536	0.06441	0.08716	0.06441	0.03745	0.02158	0.02640	0.01742	0.00979	0.01033	0.00311	0.01216	0.00954	0.00602	0.01621
77	0.02087	0.10466	0.16303	0.02358	0.03093	0.01970	0.10929	0.02661	0.02180	0.07019	0.03469	0.25920	0.03560	0.01831	0.01109	0.00350	0.01096	0.01665	0.00712	0.01221
78	0.01247	0.00904	0.01179	0.01400	0.01481	0.00836	0.00940	0.01432	0.01993	0.02631	0.06011	0.59272	0.10552	0.03169	0.01303	0.00412	0.00590	0.02861	0.00953	0.00836
79	0.07098	0.01566	0.01894	0.02006	0.05984	0.01631	0.01375	0.08148	0.11145	0.07370	0.04394	0.34161	0.04582	0.02244	0.01147	0.00372	0.00766	0.01974	0.00943	0.01200
80	0.03103	0.27094	0.04104	0.02631	0.06979	0.24894	0.05555	0.03712	0.07603	0.02761	0.01834	0.02077	0.01533	0.00997	0.00861	0.00264	0.01409	0.00723	0.00542	0.01325
81	0.02133	0.18415	0.40922	0.02477	0.03735	0.02620	0.03037	0.03038	0.02165	0.03013	0.02571	0.02791	0.06681	0.01109	0.00926	0.00303	0.01325	0.00846	0.00485	0.01408
82	0.02394	0.34324	0.32542	0.02352	0.03556	0.03205	0.02795	0.03163	0.02127	0.02841	0.01638	0.01912	0.01308	0.00927	0.00820	0.00273	0.01311	0.00656	0.00436	0.01419
83	0.02097	0.01925	0.02758	0.03379	0.22248	0.05607	0.05664	0.02471	0.02166	0.02921	0.10169	0.04701	0.03479	0.23194	0.02528	0.00550	0.01117	0.01255	0.00638	0.01133
84	0.02142	0.01995	0.03350	0.33737	0.26146	0.02225	0.02840	0.02774	0.02195	0.02953	0.02247	0.03595	0.01948	0.01174	0.01064	0.00341	0.01265	0.06172	0.00528	0.01308
85	0.02562	0.02920	0.15830	0.26514	0.14232	0.06107	0.02873	0.03282	0.02306	0.10516	0.02135	0.02617	0.01554	0.01031	0.01007	0.00323	0.01341	0.00877	0.00576	0.01396
86	0.02649	0.03476	0.21928	0.02950	0.10937	0.08775	0.02569	0.06644	0.10007	0.07777	0.02656	0.03360	0.02146	0.05423	0.01303	0.00370	0.01273	0.03623	0.00683	0.01450
87	0.01270	0.00926	0.01160	0.01337	0.01434	0.00856	0.00891	0.01442	0.01972	0.02576	0.06123	0.49135	0.14145	0.09545	0.01709	0.00467	0.00626	0.02652	0.00918	0.00816
88	0.02238	0.35509	0.11280	0.08146	0.03085	0.02920	0.01960	0.02702	0.02118	0.02679	0.05378	0.12762	0.02731	0.01377	0.00883	0.00286	0.01061	0.01096	0.00567	0.01222
89	0.01874	0.01576	0.02361	0.02684	0.14445	0.01659	0.04959	0.02095	0.01756	0.02439	0.02658	0.05024	0.02852	0.38726	0.03796	0.00736	0.07556	0.01279	0.00571	0.00955
90	0.02485	0.02514	0.02087	0.01914	0.02240	0.19989	0.01425	0.08025	0.02671	0.03184	0.13097	0.12705	0.07021	0.09826	0.01783	0.00413	0.05349	0.01431	0.00781	0.01062
91	0.01250	0.00893	0.01191	0.01429	0.01488	0.00834	0.00953	0.01429	0.01965	0.02620	0.05656	0.63265	0.06787	0.03215	0.01310	0.00417	0.00595	0.02917	0.00953	0.00834
92	0.02960	0.18267	0.16949	0.02579	0.03488	0.20688	0.06434	0.07176	0.06431	0.03130	0.01896	0.02136	0.01494	0.01017	0.00914	0.00284	0.01463	0.00756	0.00556	0.01382
93	0.02087	0.01777	0.03015	0.10790	0.03465	0.01888	0.14384	0.02570	0.02176	0.06660	0.06548	0.10679	0.06197	0.06109	0.01758	0.00412	0.09668	0.04239	0.04454	0.01122
94	0.04557	0.01823	0.02429	0.01862	0.02658	0.01621	0.01538	0.08315	0.03065	0.54751	0.03942	0.03423	0.02487	0.01268	0.01032	0.00317	0.00890	0.01025	0.01254	0.01746
95	0.02436	0.02332	0.03977	0.15858	0.48790	0.02411	0.03098	0.03058	0.02287	0.03226	0.01912	0.02574	0.01581	0.00934	0.01018	0.00311	0.01245	0.00914	0.00499	0.01541
96	0.02319	0.23528	0.36750	0.02885	0.08992	0.02912	0.03094	0.03185	0.02158	0.02999	0.01721	0.02040	0.01337	0.00939	0.00880	0.00290	0.01357	0.00708	0.00442	0.01465
97	0.02543	0.04439	0.41602	0.03094	0.09252	0.02441	0.03310	0.10554	0.02613	0.07545	0.02092	0.02337	0.01481	0.01026	0.00990	0.00320	0.01388	0.00816	0.00583	0.01575
98	0.01440	0.01040	0.01361	0.01299	0.01530	0.00960	0.00967	0.01906	0.02849	0.04026	0.53921	0.10991	0.09510	0.02165	0.01216	0.00328	0.00491	0.01919	0.01119	0.00960
99	0.01722	0.01520	0.02362	0.26147	0.11593	0.01657	0.02000	0.02205	0.02196	0.02889	0.09211	0.17521	0.11289	0.01818	0.01131	0.00352	0.00972	0.01622	0.00708	0.01085
100	0.09144	0.02421	0.04059	0.05666	0.48053	0.02438	0.06962	0.03148	0.02287	0.03468	0.01894	0.02474	0.01571	0.00914	0.00995	0.00309	0.01219	0.00903	0.00521	0.01557
101	0.02712	0.07315	0.35367	0.02503	0.03691	0.02313	0.02872	0.03941	0.10281	0.15077	0.02636	0.02668	0.01838	0.01095	0.00980	0.00321	0.01252	0.00865	0.00703	0.01571
102	0.01814	0.01286	0.02066	0.25506	0.03685	0.01486	0.01715	0.01901	0.01654	0.02177	0.01892	0.03053	0.01692	0.02944	0.08194	0.35523	0.01262	0.00920	0.00460	0.00770
103	0.02230	0.02122	0.03606	0.34661	0.31590	0.02357	0.02995	0.02878	0.02190	0.02977	0.01876	0.02641	0.01493	0.00972	0.01021	0.00324	0.01296	0.00913	0.00481	0.01376
104	0.02540	0.02438	0.04165	0.06299	0.57533	0.02438	0.03149	0.03149	0.02337	0.03353	0.01930	0.02540	0.01626	0.00914	0.01016	0.00305	0.01219	0.00914	0.00508	0.01626
105	0.02821	0.04009	0.37139	0.02975	0.09549	0.02145	0.03085	0.03729	0.02400	0.18632	0.02468	0.02577	0.01681	0.01051	0.00995	0.00321	0.01305	0.00851	0.00675	0.01592
106	0.03206	0.01941	0.02278	0.01975	0.02599	0.02044	0.01585	0.04970	0.31520	0.23634	0.04252	0.04454	0.03186	0.01487	0.01076	0.00349	0.00847	0.05880	0.01116	0.01603
107	0.02365	0.02260	0.03850	0.22308	0.42889	0.02392	0.03063	0.02996	0.02254	0.03141	0.01899	0.02597	0.01551	0.00947	0.01019	0.00316	0.01262	0.00914	0.00493	0.01485
108	0.19040	0.12099	0.03030	0.02224	0.02635	0.17097	0.01839	0.03092	0.02020	0.02977	0.01437	0.01922	0.01281	0.01277	0.01714	0.00338	0.23595	0.00706	0.00511	0.01165
109	0.02744	0.64552	0.05378	0.01756	0.02634	0.04061	0.01756	0.03073	0.02085	0.02414	0.01427	0.01646	0.01317	0.00878	0.00658	0.00219	0.01097	0.00549	0.00439	0.01317
110	0.03269	0.02382	0.02250	0.01919	0.02473	0.14869	0.01501	0.07263	0.08130	0.21128	0.18756	0.04292	0.04338	0.01471	0.01060	0.00309	0.00995	0.01191	0.01022	0.01382
111	0.02508	0.01248	0.01656	0.01516	0.01902	0.01112	0.01147	0.02845	0.02570	0.23060	0.18047	0.24879	0.08872	0.02202	0.01179	0.00354	0.00664	0.01932	0.01111	0.01198
112	0.01457	0.01075	0.01373	0.01404	0.01601	0.01035	0.01011	0.02003	0.06489	0.03550	0.33199	0.28870	0.08074	0.02477	0.01236	0.00361	0.00552	0.02214	0.01055	0.00965
113	0.01938	0.01824	0.03078	0.61468	0.07068	0.02280	0.02850	0.02622	0.02052	0.02622	0.01824	0.02736	0.01368	0.01026	0.01026	0.00342	0.01368	0.00912	0.00456	0.01140
114	0.01403	0.01011	0.01327	0.01325	0.01522	0.00935	0.00964	0.01812	0.02673	0.03747	0.44348	0.21359	0.08970	0.02373	0.01235	0.00346	0.00512	0.02117	0.01086	0.00935
115	0.03663	0.01868	0.02812	0.16679	0.11840	0.01830	0.02071	0.04160	0.02637	0.36853	0.03205	0.03171	0.02125	0.01159	0.01028	0.00321	0.01042	0.00986	0.00963	0.01584
116	0.02978	0.01962	0.02287	0.01902	0.02426	0.02114	0.01497	0.23464	0.06637	0.12256	0.02999	0.03756	0.02463	0.13082	0.14702	0.00722	0.01406	0.01088	0.00891	0.01368

[dist]
# distance from previous block
# <min> <max>
0	3

[block]
# block no. 1 follows, 14 sequences, length 72
# corresponding to MSA columns:
# 292-363
name=unknown_B
#
# <colnr> <probs for GDERKNQSTAVLIFYWHMCP>
#	G	D	E	R	K	N	Q	S	T	A	V	L	I	F	Y	W	H	M	C	P
0	0.02730	0.04669	0.36590	0.02866	0.04054	0.15124	0.07108	0.03612	0.02427	0.08428	0.02017	0.02272	0.01446	0.01013	0.00988	0.00312	0.01545	0.00799	0.00543	0.01456
1	0.34509	0.06749	0.17745	0.01906	0.02832	0.02276	0.01973	0.03480	0.02121	0.14781	0.02065	0.02168	0.01461	0.01017	0.00810	0.00314	0.01029	0.00706	0.00694	0.01363
2	0.45043	0.16408	0.02597	0.01649	0.02321	0.11982	0.01396	0.03204	0.02010	0.03778	0.01454	0.01692	0.01191	0.00953	0.00687	0.00287	0.01032	0.00571	0.00574	0.01170
3	0.02224	0.02092	0.03414	0.34924	0.25648	0.02366	0.02844	0.03096	0.07366	0.03059	0.02092	0.02768	0.01636	0.01020	0.01024	0.00329	0.01258	0.00937	0.00533	0.01370
4	0.08556	0.25158	0.26400	0.02607	0.03745	0.02993	0.11042	0.03174	0.02143	0.03087	0.01699	0.02040	0.01331	0.00921	0.00873	0.00291	0.01341	0.00742	0.00467	0.01389
5	0.56150	0.01994	0.01863	0.01857	0.07052	0.02209	0.01347	0.03293	0.01958	0.11644	0.01823	0.01989	0.01348	0.00992	0.00722	0.00316	0.00843	0.00651	0.00708	0.01242
6	0.01544	0.01288	0.01950	0.01740	0.02101	0.01187	0.08077	0.02004	0.02558	0.03419	0.26908	0.11636	0.19255	0.02243	0.01251	0.00362	0.00740	0.09787	0.00965	0.00987
7	0.02020	0.03257	0.28160	0.02601	0.03528	0.01865	0.10795	0.02784	0.02192	0.06559	0.03243	0.21929	0.03179	0.01694	0.01124	0.00357	0.01215	0.01541	0.00667	0.01291
8	0.03802	0.02869	0.20108	0.02172	0.03194	0.01784	0.02228	0.04449	0.02694	0.40909	0.03353	0.03075	0.02149	0.01177	0.01014	0.00320	0.01076	0.00946	0.01006	0.01674
9	0.02814	0.17413	0.19481	0.02259	0.03169	0.02706	0.02319	0.03910	0.12904	0.13615	0.02585	0.02636	0.01908	0.01165	0.01141	0.00315	0.06588	0.00854	0.00716	0.01500
10	0.01602	0.00971	0.01289	0.01289	0.01318	0.01000	0.00833	0.01485	0.01456	0.01971	0.02586	0.04876	0.02780	0.31282	0.13426	0.28269	0.01233	0.01194	0.00541	0.00599
11	0.02011	0.03772	0.36665	0.02384	0.03415	0.01983	0.02759	0.06781	0.02330	0.03411	0.02866	0.15954	0.02669	0.01513	0.01032	0.00337	0.01195	0.01269	0.06317	0.01336
12	0.09300	0.02612	0.07993	0.04330	0.24098	0.02438	0.17553	0.03297	0.02287	0.08304	0.02063	0.02559	0.01594	0.01008	0.01216	0.00332	0.05999	0.00965	0.00582	0.01470
13	0.03209	0.02531	0.02690	0.02221	0.02919	0.02859	0.01783	0.29154	0.30909	0.05352	0.03342	0.03164	0.02457	0.01314	0.01036	0.00329	0.00967	0.01045	0.01036	0.01683
14	0.02690	0.38223	0.23267	0.02162	0.03250	0.03240	0.02427	0.03321	0.02196	0.08120	0.01823	0.02003	0.01430	0.00949	0.00803	0.00265	0.01219	0.00667	0.00518	0.01427
15	0.02094	0.05062	0.53514	0.03061	0.04531	0.02404	0.08648	0.03254	0.02191	0.03254	0.01864	0.02225	0.01325	0.00964	0.00998	0.00327	0.01537	0.00802	0.00442	0.01504
16	0.01492	0.00995	0.01119	0.01119	0.01119	0.00995	0.00622	0.01492	0.01492	0.01990	0.03233	0.06716	0.03731	0.63935	0.05223	0.00995	0.00995	0.01492	0.00622	0.00622
17	0.02245	0.02245	0.03143	0.02694	0.02694	0.03143	0.02245	0.02470	0.01572	0.02470	0.01347	0.02245	0.01347	0.01796	0.03368	0.00449	0.62057	0.00898	0.00449	0.01123
18	0.02058	0.05308	0.58618	0.02925	0.04442	0.02383	0.03792	0.03250	0.02167	0.03250	0.01842	0.02167	0.01300	0.00975	0.00975	0.00325	0.01517	0.00758	0.00433	0.01517
19	0.02571	0.01829	0.02944	0.35124	0.13377	0.02021	0.02451	0.03140	0.02286	0.15112	0.02630	0.07534	0.02085	0.01232	0.01048	0.00337	0.01176	0.01093	0.00683	0.01326
20	0.01783	0.00891	0.01337	0.01337	0.01337	0.00891	0.00891	0.01337	0.01337	0.01783	0.01783	0.03119	0.01783	0.03565	0.04011	0.70143	0.00891	0.00891	0.00446	0.00446
21	0.02464	0.02361	0.04029	0.13220	0.51202	0.02418	0.03112	0.03083	0.02301	0.03261	0.01917	0.02564	0.01593	0.00928	0.01017	0.00309	0.01238	0.00914	0.00501	0.01565
22	0.01402	0.01002	0.01347	0.01502	0.01630	0.00977	0.01106	0.01688	0.02119	0.02857	0.12400	0.35037	0.06416	0.08133	0.06469	0.00563	0.00864	0.12705	0.00917	0.00866
23	0.02555	0.03261	0.20671	0.04915	0.36975	0.02348	0.03216	0.03326	0.02332	0.07647	0.02070	0.02501	0.01598	0.00961	0.01005	0.00312	0.01283	0.00876	0.00545	0.01602
24	0.24788	0.02091	0.02283	0.01809	0.02561	0.02155	0.01494	0.16247	0.03029	0.29350	0.02865	0.02686	0.01912	0.01164	0.00909	0.00315	0.00911	0.00860	0.01017	0.01552
25	0.01938	0.01824	0.03078	0.61468	0.07068	0.02280	0.02850	0.02622	0.02052	0.02622	0.01824	0.02736	0.01368	0.01026	0.01026	0.00342	0.01368	0.00912	0.00456	0.01140
26	0.02636	0.29066	0.15416	0.03434	0.19609	0.07846	0.02601	0.03216	0.02245	0.02872	0.01675	0.02037	0.01407	0.00923	0.00852	0.00270	0.01280	0.00710	0.00466	0.01439
27	0.01790	0.01589	0.01696	0.01644	0.01903	0.08942	0.01267	0.02203	0.02420	0.03209	0.26469	0.05907	0.05762	0.03994	0.21916	0.00795	0.01502	0.05183	0.00830	0.00978
28	0.01236	0.00949	0.01133	0.01279	0.01449	0.00846	0.00886	0.01446	0.02109	0.02678	0.07479	0.42736	0.26140	0.02978	0.01273	0.00390	0.00566	0.02628	0.00953	0.00846
29	0.03392	0.01478	0.01993	0.01620	0.02202	0.01301	0.01301	0.03823	0.02925	0.37430	0.24406	0.05097	0.05287	0.01588	0.01101	0.00320	0.00724	0.01349	0.01216	0.01447
30	0.02425	0.21440	0.08652	0.27055	0.04960	0.08445	0.07720	0.03021	0.02192	0.02668	0.01708	0.02277	0.01362	0.00964	0.00920	0.00296	0.01382	0.00796	0.00462	0.01254
31	0.02645	0.01766	0.02078	0.01853	0.02304	0.01859	0.01427	0.18697	0.08440	0.10947	0.04087	0.26232	0.03989	0.02513	0.05667	0.00458	0.00984	0.01742	0.00994	0.01319
32	0.02058	0.05308	0.58618	0.02925	0.04442	0.02383	0.03792	0.03250	0.02167	0.03250	0.01842	0.02167	0.01300	0.00975	0.00975	0.00325	0.01517	0.00758	0.00433	0.01517
33	0.01783	0.00891	0.01337	0.01337	0.01337	0.00891	0.00891	0.01337	0.01337	0.01783	0.01783	0.03119	0.01783	0.03565	0.04011	0.70143	0.00891	0.00891	0.00446	0.00446
34	0.01999	0.01887	0.03189	0.55832	0.12224	0.02296	0.02881	0.02676	0.02081	0.02697	0.01835	0.02716	0.01394	0.01015	0.01025	0.00338	0.01353	0.00912	0.00461	0.01190
35	0.02067	0.01955	0.03310	0.49674	0.17857	0.02314	0.02914	0.02735	0.02113	0.02778	0.01847	0.02694	0.01423	0.01002	0.01024	0.00334	0.01336	0.00912	0.00467	0.01244
36	0.01938	0.01824	0.03078	0.61468	0.07068	0.02280	0.02850	0.02622	0.02052	0.02622	0.01824	0.02736	0.01368	0.01026	0.01026	0.00342	0.01368	0.00912	0.00456	0.01140
37	0.02540	0.02438	0.04165	0.06299	0.57533	0.02438	0.03149	0.03149	0.02337	0.03353	0.01930	0.02540	0.01626	0.00914	0.01016	0.00305	0.01219	0.00914	0.00508	0.01626
38	0.01591	0.01145	0.01464	0.01604	0.01771	0.01133	0.01175	0.06932	0.02326	0.03091	0.05292	0.48143	0.06120	0.02947	0.01299	0.00415	0.00710	0.10937	0.00959	0.00946
39	0.10573	0.02386	0.02230	0.01965	0.02543	0.10673	0.01535	0.04550	0.27974	0.12758	0.08864	0.03634	0.03214	0.01346	0.00996	0.00325	0.00940	0.01070	0.00968	0.01456
40	0.01986	0.01784	0.02916	0.09783	0.31083	0.01806	0.02276	0.02437	0.02166	0.03000	0.03353	0.25909	0.03585	0.01810	0.01130	0.00351	0.00994	0.01684	0.00674	0.01274
41	0.01938	0.01824	0.03078	0.61468	0.07068	0.02280	0.02850	0.02622	0.02052	0.02622	0.01824	0.02736	0.01368	0.01026	0.01026	0.00342	0.01368	0.00912	0.00456	0.01140
42	0.01229	0.00976	0.01105	0.01207	0.01430	0.00852	0.00854	0.01454	0.02178	0.02707	0.08354	0.32872	0.35438	0.02864	0.01255	0.00377	0.00552	0.02490	0.00953	0.00852
43	0.06981	0.02817	0.12521	0.05138	0.41756	0.02356	0.03008	0.03285	0.02314	0.07220	0.02031	0.02491	0.01604	0.00951	0.00986	0.00310	0.01215	0.00875	0.00557	0.01584
44	0.13693	0.15663	0.31682	0.02300	0.03455	0.02575	0.02664	0.03412	0.02186	0.10641	0.01990	0.02163	0.01438	0.00992	0.00867	0.00303	0.01234	0.00722	0.00579	0.01444
45	0.02058	0.05308	0.58618	0.02925	0.04442	0.02383	0.03792	0.03250	0.02167	0.03250	0.01842	0.02167	0.01300	0.00975	0.00975	0.00325	0.01517	0.00758	0.00433	0.01517
46	0.02171	0.03922	0.35296	0.02559	0.03654	0.02313	0.02899	0.03820	0.18823	0.03556	0.02935	0.03645	0.02340	0.01295	0.01042	0.00347	0.01239	0.05978	0.00676	0.01492
47	0.02297	0.03088	0.23442	0.03289	0.16851	0.01987	0.02656	0.03150	0.05548	0.08824	0.03049	0.15561	0.02795	0.01495	0.01067	0.00340	0.01136	0.01312	0.00686	0.01428
48	0.01999	0.01887	0.03189	0.55832	0.12224	0.02296	0.02881	0.02676	0.02081	0.02697	0.01835	0.02716	0.01394	0.01015	0.01025	0.00338	0.01353	0.00912	0.00461	0.01190
49	0.02340	0.01366	0.01697	0.01505	0.01916	0.01280	0.01160	0.07808	0.02887	0.15988	0.25371	0.14942	0.13445	0.02064	0.01167	0.00338	0.00658	0.01781	0.01099	0.01186
50	0.02223	0.03587	0.28668	0.03341	0.15596	0.02307	0.02907	0.03607	0.14339	0.03586	0.07335	0.03118	0.02538	0.01156	0.01021	0.00325	0.01199	0.00982	0.00650	0.01516
51	0.03024	0.03611	0.28376	0.02936	0.07580	0.02230	0.08038	0.08311	0.02664	0.19310	0.02560	0.02661	0.01744	0.01067	0.01023	0.00322	0.01299	0.00909	0.00740	0.01597
52	0.02373	0.10560	0.37262	0.03483	0.15510	0.02628	0.03305	0.07125	0.02399	0.03434	0.01866	0.02216	0.01406	0.00972	0.00955	0.00309	0.01380	0.00783	0.00496	0.01537
53	0.02092	0.10264	0.34940	0.02599	0.03580	0.02569	0.02959	0.02898	0.01975	0.02900	0.01814	0.02363	0.01470	0.01972	0.08808	0.00505	0.13692	0.00807	0.00452	0.01342
54	0.02557	0.02259	0.03807	0.05315	0.44862	0.02214	0.05410	0.03128	0.02388	0.07515	0.02966	0.03375	0.07362	0.01111	0.01047	0.00312	0.01148	0.01067	0.00613	0.01545
55	0.02184	0.07461	0.32211	0.02495	0.03578	0.02098	0.07659	0.03040	0.02371	0.07829	0.10666	0.03779	0.07633	0.01289	0.01038	0.00321	0.01221	0.01095	0.00657	0.01374
56	0.02423	0.03838	0.36363	0.02432	0.03565	0.02038	0.02821	0.03508	0.06524	0.12501	0.10744	0.03346	0.02916	0.01226	0.01025	0.00325	0.01200	0.01001	0.00723	0.01480
57	0.02904	0.02299	0.03277	0.12272	0.29374	0.07233	0.02473	0.03412	0.02445	0.14760	0.02642	0.07728	0.02183	0.01208	0.01037	0.00318	0.01171	0.01082	0.00701	0.01479
58	0.03126	0.03464	0.27672	0.02879	0.07897	0.02064	0.07333	0.03932	0.02505	0.24814	0.02734	0.02769	0.01834	0.01076	0.01022	0.00322	0.01261	0.00918	0.00775	0.01603
59	0.02526	0.02804	0.16149	0.15571	0.08596	0.02194	0.10871	0.03521	0.07828	0.11619	0.05970	0.03135	0.02290	0.01122	0.01058	0.00332	0.01261	0.01029	0.00691	0.01434
60	0.02769	0.01720	0.02580	0.24810	0.04192	0.01913	0.02066	0.03271	0.02394	0.20850	0.08270	0.04098	0.02925	0.01439	0.01344	0.00354	0.08011	0.04870	0.00824	0.01303
61	0.02443	0.02339	0.03990	0.15208	0.49383	0.02413	0.03101	0.03064	0.02291	0.03235	0.01913	0.02572	0.01584	0.00932	0.01018	0.00311	0.01243	0.00914	0.00500	0.01547
62	0.03171	0.02096	0.03362	0.13595	0.30061	0.02085	0.02523	0.03717	0.02503	0.22584	0.02660	0.02907	0.01907	0.01058	0.01023	0.00315	0.01121	0.00955	0.00768	0.01590
63	0.02649	0.02839	0.12726	0.04359	0.27647	0.02379	0.09477	0.03747	0.11269	0.08814	0.02515	0.02817	0.01904	0.01032	0.01041	0.00322	0.01233	0.00980	0.00661	0.01588
64	0.02667	0.02104	0.03342	0.09561	0.24683	0.02187	0.05641	0.06657	0.02595	0.11252	0.10663	0.03464	0.02946	0.01249	0.01257	0.00328	0.06129	0.01093	0.00737	0.01446
65	0.02377	0.09716	0.25452	0.03695	0.18724	0.07604	0.06217	0.03140	0.02273	0.03084	0.02119	0.07045	0.01843	0.01126	0.00993	0.00312	0.01364	0.00972	0.00510	0.01436
66	0.02773	0.02624	0.11848	0.02476	0.02957	0.02596	0.02267	0.03465	0.07500	0.15221	0.02319	0.02673	0.01788	0.01505	0.02223	0.00389	0.32377	0.00932	0.00690	0.01377
67	0.02245	0.10272	0.32957	0.07821	0.08840	0.02592	0.09958	0.03349	0.06317	0.03209	0.02016	0.02397	0.01509	0.00982	0.00987	0.00318	0.01412	0.00853	0.00500	0.01466
68	0.02474	0.02399	0.04177	0.11533	0.49389	0.02433	0.06271	0.03107	0.02314	0.03278	0.01929	0.02573	0.01596	0.00922	0.01029	0.00311	0.01265	0.00933	0.00504	0.01563
69	0.08686	0.03250	0.13171	0.09433	0.12025	0.10006	0.22214	0.03280	0.02336	0.03242	0.01871	0.02417	0.01436	0.00938	0.01039	0.00323	0.01521	0.00937	0.00509	0.01365
70	0.01783	0.00891	0.01337	0.01337	0.01337	0.00891	0.00891	0.01337	0.01337	0.01783	0.01783	0.03119	0.01783	0.03565	0.04011	0.70143	0.00891	0.00891	0.00446	0.00446
71	0.02366	0.18068	0.42120	0.02647	0.03937	0.07897	0.03190	0.03288	0.02216	0.03003	0.01729	0.02026	0.01306	0.00961	0.00902	0.00297	0.01456	0.00704	0.00443	0.01444

[dist]
# distance from previous block
# <min> <max>
0	2

[block]
# block no. 2 follows, 14 sequences, length 19
# corresponding to MSA columns:
# 366-384
name=unknown_C
#
# <colnr> <probs for GDERKNQSTAVLIFYWHMCP>
#	G	D	E	R	K	N	Q	S	T	A	V	L	I	F	Y	W	H	M	C	P
0	0.02532	0.08276	0.16115	0.04158	0.25509	0.06549	0.06687	0.03582	0.10217	0.03330	0.02189	0.02545	0.01725	0.01002	0.00990	0.00309	0.01297	0.00891	0.00567	0.01528
1	0.03028	0.02360	0.02830	0.11431	0.03617	0.06821	0.05773	0.08166	0.25776	0.14055	0.03307	0.03265	0.02390	0.01236	0.01041	0.00332	0.01082	0.01046	0.00915	0.01529
2	0.01938	0.01824	0.03078	0.61468	0.07068	0.02280	0.02850	0.02622	0.02052	0.02622	0.01824	0.02736	0.01368	0.01026	0.01026	0.00342	0.01368	0.00912	0.00456	0.01140
3	0.02355	0.30976	0.35551	0.02418	0.03658	0.03110	0.02910	0.03173	0.02131	0.02888	0.01662	0.01941	0.01307	0.00933	0.00838	0.00279	0.01335	0.00668	0.00436	0.01430
4	0.15635	0.07859	0.15631	0.02626	0.03556	0.07407	0.13458	0.03708	0.09699	0.07552	0.02248	0.02466	0.01669	0.01026	0.00948	0.00318	0.01279	0.00871	0.00645	0.01400
5	0.01938	0.01824	0.03078	0.61468	0.07068	0.02280	0.02850	0.02622	0.02052	0.02622	0.01824	0.02736	0.01368	0.01026	0.01026	0.00342	0.01368	0.00912	0.00456	0.01140
6	0.01452	0.01049	0.01372	0.01291	0.01533	0.00968	0.00968	0.01937	0.02905	0.04115	0.56992	0.07666	0.09683	0.02098	0.01210	0.00323	0.00484	0.01856	0.01130	0.00968
7	0.45774	0.02420	0.02027	0.01730	0.02394	0.06886	0.01404	0.14643	0.06717	0.04835	0.01885	0.02026	0.01426	0.01057	0.00776	0.00314	0.00950	0.00693	0.00746	0.01298
8	0.31488	0.02205	0.02085	0.01817	0.02453	0.02535	0.01455	0.11167	0.26049	0.04724	0.02789	0.02734	0.02094	0.01186	0.00870	0.00330	0.00848	0.00874	0.00870	0.01426
9	0.01783	0.00891	0.01337	0.01337	0.01337	0.00891	0.00891	0.01337	0.01337	0.01783	0.01783	0.03119	0.01783	0.03565	0.04011	0.70143	0.00891	0.00891	0.00446	0.00446
10	0.02029	0.01948	0.03097	0.44138	0.05778	0.02535	0.02672	0.02577	0.01910	0.02577	0.01683	0.02591	0.01362	0.01253	0.01716	0.00374	0.19262	0.00908	0.00454	0.01135
11	0.02837	0.59455	0.05167	0.01832	0.02680	0.08824	0.01775	0.03160	0.02155	0.02423	0.01440	0.01664	0.01317	0.00893	0.00681	0.00223	0.01162	0.00558	0.00447	0.01306
12	0.01485	0.01026	0.01276	0.01276	0.01330	0.01080	0.00817	0.01593	0.01539	0.02106	0.03091	0.05924	0.03387	0.47353	0.21336	0.01188	0.01512	0.01377	0.00601	0.00709
13	0.01788	0.01225	0.01581	0.01639	0.01902	0.01216	0.01281	0.02461	0.08755	0.06901	0.16800	0.24494	0.06462	0.02509	0.01270	0.00398	0.00718	0.16529	0.01022	0.01050
14	0.07720	0.02743	0.03585	0.04207	0.27617	0.09980	0.06811	0.09743	0.06738	0.07600	0.02245	0.02564	0.01736	0.01031	0.00999	0.00308	0.01251	0.00910	0.00677	0.01535
15	0.37455	0.06942	0.06586	0.03220	0.21659	0.02484	0.02054	0.03083	0.02006	0.03914	0.01632	0.02005	0.01319	0.00935	0.00793	0.00306	0.01014	0.00695	0.00563	0.01334
16	0.22947	0.02248	0.03237	0.04476	0.36697	0.02323	0.02415	0.03261	0.02211	0.08177	0.01954	0.02360	0.01548	0.00955	0.00905	0.00310	0.01066	0.00818	0.00607	0.01484
17	0.28845	0.02316	0.02692	0.03275	0.21802	0.05881	0.01956	0.03409	0.05838	0.07669	0.02013	0.02293	0.01571	0.00986	0.00852	0.00301	0.01015	0.00767	0.00654	0.05865
18	0.13480	0.02729	0.02836	0.03213	0.18100	0.14812	0.02015	0.07116	0.06988	0.10605	0.06289	0.02851	0.02316	0.01143	0.00958	0.00305	0.01157	0.00909	0.00752	0.01428

[dist]
# distance from previous block
# <min> <max>
1	11

[block]
# block no. 3 follows, 14 sequences, length 14
# corresponding to MSA columns:
# 396-409
name=unknown_D
#
# <colnr> <probs for GDERKNQSTAVLIFYWHMCP>
#	G	D	E	R	K	N	Q	S	T	A	V	L	I	F	Y	W	H	M	C	P
0	0.02432	0.03046	0.14231	0.03885	0.20818	0.06278	0.09996	0.03603	0.12798	0.03512	0.06870	0.03126	0.02488	0.01119	0.01051	0.00322	0.01253	0.01035	0.00652	0.01486
1	0.02573	0.02018	0.03027	0.03898	0.28187	0.02024	0.02248	0.09767	0.02834	0.08394	0.13429	0.04682	0.03808	0.01446	0.01104	0.00330	0.01002	0.06972	0.00814	0.01442
2	0.02276	0.01794	0.02332	0.02655	0.12840	0.01892	0.01717	0.03667	0.23050	0.07296	0.11584	0.13532	0.04461	0.01757	0.01125	0.00352	0.00823	0.04519	0.00948	0.01378
3	0.55890	0.02026	0.02049	0.01691	0.02385	0.02224	0.06087	0.03306	0.01968	0.11627	0.01838	0.02013	0.01343	0.00987	0.00742	0.00320	0.00892	0.00680	0.00709	0.01221
4	0.35660	0.02281	0.12014	0.01728	0.02362	0.01885	0.01648	0.02635	0.01949	0.03767	0.02854	0.14929	0.02880	0.01644	0.00932	0.00359	0.00909	0.07753	0.00700	0.01111
5	0.01937	0.01916	0.09219	0.01712	0.02159	0.01542	0.01469	0.11911	0.02686	0.03659	0.14506	0.21334	0.08680	0.10485	0.01714	0.00439	0.00848	0.01796	0.00887	0.01100
6	0.02120	0.01906	0.03093	0.11218	0.33239	0.01945	0.02358	0.02633	0.02300	0.03231	0.12677	0.04105	0.03424	0.09551	0.01615	0.00405	0.01066	0.01172	0.00636	0.01308
7	0.02473	0.01835	0.02389	0.02233	0.09769	0.01512	0.01554	0.02943	0.02287	0.10742	0.02476	0.03250	0.02082	0.01043	0.00892	0.00225	0.00854	0.05379	0.00716	0.45345
8	0.02443	0.02082	0.02646	0.02551	0.13126	0.01815	0.01686	0.09557	0.02527	0.03762	0.01930	0.02252	0.01570	0.00853	0.00845	0.00202	0.00897	0.00709	0.00645	0.47902
9	0.02334	0.01907	0.02876	0.03736	0.26800	0.01955	0.02125	0.03236	0.10877	0.07342	0.13130	0.03995	0.03603	0.02146	0.08899	0.00495	0.01193	0.01167	0.00771	0.01413
10	0.01703	0.01174	0.01703	0.13056	0.02725	0.01206	0.01442	0.02030	0.02106	0.07238	0.04762	0.40933	0.05298	0.02592	0.01244	0.00400	0.00806	0.07718	0.00882	0.00980
11	0.02937	0.02305	0.03822	0.05439	0.46975	0.02259	0.02834	0.03505	0.02452	0.13906	0.02338	0.02723	0.01801	0.00983	0.01019	0.00307	0.01153	0.00937	0.00655	0.01649
12	0.02231	0.03052	0.19876	0.03023	0.10719	0.02253	0.06732	0.03742	0.19223	0.03640	0.06721	0.04048	0.02949	0.01340	0.01079	0.00345	0.01147	0.05678	0.00739	0.01464
13	0.02685	0.04362	0.31358	0.02649	0.03727	0.13039	0.02837	0.09523	0.12889	0.03675	0.02313	0.02461	0.01706	0.01099	0.00985	0.00316	0.01399	0.00836	0.00635	0.01503

[dist]
# distance from previous block
# <min> <max>
0	35

# created by:
# /st0/software/busco_prod/Augustus/scripts/msa2prfl.pl ./align_prep/7963.fa
