[name]
unknown

[dist]
# distance from previous block
# <min> <max>
0	82

[block]
# block no. 0 follows, 15 sequences, length 33
# corresponding to MSA columns:
# 82-114
name=unknown_A
#
# <colnr> <probs for GDERKNQSTAVLIFYWHMCP>
#	G	D	E	R	K	N	Q	S	T	A	V	L	I	F	Y	W	H	M	C	P
0	0.01606	0.01147	0.01606	0.01836	0.02065	0.01147	0.01606	0.02065	0.02295	0.02983	0.05278	0.11245	0.05737	0.02754	0.01377	0.00459	0.00918	0.52037	0.00918	0.00918
1	0.01793	0.01082	0.01366	0.01340	0.01606	0.00981	0.00988	0.02086	0.02321	0.11511	0.18677	0.22533	0.16132	0.08189	0.01550	0.00411	0.00635	0.04848	0.00984	0.00969
2	0.04317	0.01946	0.02468	0.01892	0.02669	0.01835	0.01563	0.16353	0.03270	0.47354	0.03583	0.03166	0.02292	0.01225	0.01001	0.00306	0.00905	0.00979	0.01180	0.01696
3	0.72007	0.01928	0.01465	0.01311	0.01928	0.02236	0.01080	0.02930	0.01697	0.04473	0.01388	0.01619	0.01080	0.00925	0.00617	0.00308	0.00771	0.00540	0.00617	0.01080
4	0.04301	0.01972	0.02484	0.01905	0.02682	0.01875	0.01573	0.17584	0.03315	0.46059	0.03545	0.03141	0.02273	0.01225	0.01001	0.00306	0.00911	0.00976	0.01174	0.01696
5	0.01502	0.00998	0.01281	0.01300	0.01487	0.00919	0.00922	0.01804	0.02334	0.06337	0.28031	0.27580	0.10694	0.08263	0.01563	0.00408	0.00579	0.02113	0.00987	0.00899
6	0.04473	0.01697	0.02313	0.01774	0.02545	0.01465	0.01465	0.04858	0.02853	0.59437	0.03933	0.03393	0.02468	0.01234	0.01003	0.00308	0.00848	0.01003	0.01234	0.01697
7	0.72007	0.01928	0.01465	0.01311	0.01928	0.02236	0.01080	0.02930	0.01697	0.04473	0.01388	0.01619	0.01080	0.00925	0.00617	0.00308	0.00771	0.00540	0.00617	0.01080
8	0.02418	0.01747	0.01921	0.01709	0.02232	0.01857	0.01333	0.04136	0.32946	0.12187	0.08488	0.05251	0.16229	0.01647	0.01060	0.00332	0.00714	0.01374	0.01032	0.01388
9	0.18049	0.01400	0.01493	0.01428	0.01797	0.01476	0.01116	0.02590	0.10457	0.03862	0.25455	0.09555	0.09311	0.01843	0.01046	0.00337	0.00639	0.06162	0.00934	0.01051
10	0.01999	0.05157	0.59800	0.02841	0.04315	0.02315	0.03683	0.03157	0.02105	0.03157	0.01789	0.02105	0.01263	0.00947	0.00947	0.00316	0.01473	0.00737	0.00421	0.01473
11	0.02181	0.02181	0.03053	0.02617	0.02617	0.03053	0.02181	0.02399	0.01527	0.02399	0.01309	0.02181	0.01309	0.01745	0.03272	0.00436	0.63141	0.00872	0.00436	0.01091
12	0.02067	0.01637	0.01779	0.01655	0.02079	0.01800	0.01287	0.03825	0.32722	0.03896	0.13250	0.05209	0.08097	0.01606	0.01028	0.00326	0.00677	0.04438	0.11338	0.01285
13	0.03811	0.01544	0.02095	0.01672	0.02318	0.01346	0.01353	0.04197	0.02790	0.47593	0.12175	0.07777	0.03765	0.01472	0.01045	0.00315	0.00775	0.01236	0.01194	0.01528
14	0.01606	0.01147	0.01606	0.01836	0.02065	0.01147	0.01606	0.02065	0.02295	0.02983	0.05278	0.11245	0.05737	0.02754	0.01377	0.00459	0.00918	0.52037	0.00918	0.00918
15	0.01535	0.01160	0.01527	0.01470	0.01534	0.01337	0.01039	0.01691	0.01514	0.02130	0.02735	0.05026	0.02918	0.36170	0.24879	0.01125	0.09643	0.01238	0.00557	0.00770
16	0.02067	0.01772	0.02067	0.01477	0.02362	0.01329	0.01181	0.02510	0.02067	0.03248	0.01772	0.02067	0.01477	0.00738	0.00738	0.00148	0.00738	0.00591	0.00591	0.71059
17	0.01368	0.00996	0.01287	0.01259	0.01474	0.00915	0.00927	0.01781	0.02653	0.03704	0.47512	0.16023	0.11913	0.02228	0.01190	0.00328	0.00488	0.01974	0.01062	0.00915
18	0.02665	0.65565	0.05224	0.01706	0.02559	0.03945	0.01706	0.02985	0.02026	0.02345	0.01386	0.01599	0.01279	0.00853	0.00640	0.00213	0.01066	0.00533	0.00426	0.01279
19	0.02480	0.02141	0.02254	0.02029	0.02592	0.02480	0.01578	0.05297	0.56946	0.04170	0.04057	0.03719	0.03043	0.01352	0.01014	0.00338	0.00789	0.01127	0.01014	0.01578
20	0.01244	0.01012	0.01101	0.01079	0.01387	0.00870	0.00809	0.01558	0.02428	0.03062	0.23693	0.08987	0.44519	0.02387	0.01178	0.00330	0.00495	0.02019	0.00974	0.00870
21	0.02467	0.02369	0.04046	0.06119	0.58747	0.02369	0.03059	0.03059	0.02270	0.03257	0.01875	0.02467	0.01579	0.00888	0.00987	0.00296	0.01184	0.00888	0.00493	0.01579
22	0.02480	0.02141	0.02254	0.02029	0.02592	0.02480	0.01578	0.05297	0.56946	0.04170	0.04057	0.03719	0.03043	0.01352	0.01014	0.00338	0.00789	0.01127	0.01014	0.01578
23	0.01883	0.01772	0.02990	0.62569	0.06866	0.02215	0.02769	0.02547	0.01993	0.02547	0.01772	0.02658	0.01329	0.00997	0.00997	0.00332	0.01329	0.00886	0.00443	0.01107
24	0.01545	0.01115	0.01528	0.01742	0.01965	0.01099	0.01492	0.01967	0.02263	0.02928	0.05637	0.15342	0.09538	0.02767	0.01355	0.00446	0.00862	0.44587	0.00919	0.00904
25	0.02353	0.02689	0.05882	0.04202	0.05210	0.02521	0.55126	0.03193	0.02353	0.03193	0.02017	0.02689	0.01513	0.00840	0.01176	0.00336	0.01681	0.01176	0.00504	0.01345
26	0.03631	0.01632	0.02119	0.01734	0.02366	0.01513	0.01390	0.04364	0.10799	0.41535	0.08407	0.09428	0.03488	0.01491	0.01043	0.00322	0.00784	0.01255	0.01162	0.01536
27	0.02439	0.01199	0.01592	0.01493	0.01851	0.01067	0.01116	0.02724	0.02369	0.23796	0.10129	0.32725	0.08824	0.02281	0.01157	0.00356	0.00663	0.02009	0.01056	0.01153
28	0.07934	0.01969	0.02453	0.06313	0.02854	0.02119	0.01677	0.13509	0.06987	0.26165	0.06938	0.03199	0.02548	0.01323	0.01284	0.00328	0.08974	0.00995	0.00962	0.01471
29	0.07645	0.02127	0.02833	0.10604	0.03341	0.02437	0.05063	0.10941	0.06526	0.08748	0.02097	0.02484	0.01626	0.01238	0.01587	0.00329	0.18462	0.00867	0.00677	0.10369
30	0.18016	0.01856	0.02005	0.01591	0.02332	0.01740	0.01296	0.06987	0.05886	0.09017	0.02338	0.02885	0.01907	0.01047	0.00820	0.00245	0.00799	0.04384	0.00739	0.34109
31	0.35476	0.02028	0.02366	0.01901	0.02587	0.02159	0.08622	0.08211	0.06664	0.12443	0.02789	0.02847	0.05720	0.01135	0.00858	0.00316	0.00919	0.00889	0.00782	0.01287
32	0.02478	0.02103	0.03482	0.02693	0.03297	0.02177	0.19800	0.11854	0.02780	0.07868	0.14316	0.04252	0.03570	0.01440	0.01419	0.00345	0.09181	0.04875	0.00789	0.01281

[dist]
# distance from previous block
# <min> <max>
3	27

[block]
# block no. 1 follows, 15 sequences, length 50
# corresponding to MSA columns:
# 142-191
name=unknown_B
#
# <colnr> <probs for GDERKNQSTAVLIFYWHMCP>
#	G	D	E	R	K	N	Q	S	T	A	V	L	I	F	Y	W	H	M	C	P
0	0.01975	0.01371	0.01653	0.01582	0.01938	0.01371	0.01247	0.07195	0.09379	0.08067	0.16920	0.15736	0.13440	0.02187	0.01180	0.00360	0.00704	0.11583	0.01003	0.01109
1	0.02214	0.01717	0.02299	0.23134	0.03815	0.01873	0.01790	0.06319	0.12009	0.07824	0.09006	0.03992	0.05885	0.05716	0.01289	0.00354	0.00961	0.01114	0.00764	0.07927
2	0.02492	0.02690	0.10401	0.06679	0.03342	0.07970	0.07687	0.03459	0.12487	0.08078	0.07302	0.03084	0.02470	0.01331	0.01550	0.00345	0.15633	0.01007	0.00687	0.01306
3	0.03134	0.01565	0.02199	0.11915	0.03072	0.01473	0.01608	0.03571	0.02520	0.32047	0.06934	0.08035	0.03212	0.01476	0.01045	0.00320	0.00887	0.06431	0.00983	0.07575
4	0.01960	0.01358	0.01610	0.01535	0.01878	0.01355	0.01165	0.07180	0.10340	0.08403	0.14765	0.23322	0.13944	0.02229	0.01161	0.00354	0.00666	0.04663	0.01001	0.01110
5	0.02262	0.02044	0.03197	0.43049	0.05739	0.02458	0.06216	0.11465	0.02430	0.03207	0.01852	0.02573	0.01401	0.01086	0.01211	0.00336	0.06804	0.00907	0.00540	0.01221
6	0.13136	0.06029	0.02369	0.01787	0.02465	0.05283	0.01462	0.09114	0.11799	0.26734	0.03591	0.03338	0.06070	0.01262	0.00934	0.00306	0.00893	0.00976	0.00976	0.01475
7	0.01892	0.01447	0.06119	0.01433	0.01857	0.01110	0.01214	0.02351	0.02625	0.12382	0.34184	0.10278	0.15248	0.01969	0.01137	0.00322	0.00623	0.01703	0.01027	0.01079
8	0.01710	0.01409	0.01501	0.01553	0.01744	0.06324	0.01116	0.06074	0.02344	0.03043	0.12643	0.38386	0.05916	0.06473	0.01448	0.00408	0.00756	0.05325	0.00900	0.00925
9	0.02452	0.01968	0.03456	0.37276	0.10850	0.02154	0.11236	0.03092	0.02224	0.12283	0.02185	0.02768	0.01575	0.01000	0.01026	0.00325	0.01292	0.00954	0.00591	0.01291
10	0.08382	0.02010	0.02921	0.24098	0.10650	0.02193	0.04870	0.08122	0.07721	0.15422	0.02500	0.02789	0.01787	0.01073	0.00977	0.00319	0.01111	0.00922	0.00738	0.01394
11	0.02294	0.20318	0.30796	0.02373	0.03370	0.07844	0.02658	0.03015	0.02153	0.02882	0.06150	0.02381	0.01927	0.01088	0.01087	0.00294	0.06792	0.00773	0.00486	0.01318
12	0.60657	0.01889	0.01608	0.01389	0.02032	0.02107	0.01144	0.03254	0.01891	0.13710	0.01816	0.01918	0.01313	0.00977	0.00682	0.00308	0.00784	0.00618	0.00721	0.01183
13	0.01544	0.01050	0.01347	0.01295	0.01557	0.00958	0.00982	0.01958	0.02654	0.06675	0.42217	0.12265	0.14613	0.02181	0.01185	0.00331	0.00528	0.04642	0.01060	0.00958
14	0.10418	0.01894	0.02718	0.27456	0.09712	0.02061	0.02149	0.07059	0.02444	0.20752	0.02455	0.02738	0.01705	0.01066	0.00957	0.00317	0.01090	0.00886	0.00751	0.01374
15	0.66019	0.02004	0.01599	0.01397	0.02030	0.02311	0.01151	0.07538	0.01959	0.04632	0.01476	0.01687	0.01134	0.00949	0.00650	0.00308	0.00800	0.00571	0.00650	0.01134
16	0.01215	0.00868	0.01157	0.01388	0.01446	0.00810	0.00925	0.01388	0.01909	0.02545	0.05495	0.64315	0.06593	0.03123	0.01272	0.00405	0.00578	0.02834	0.00925	0.00810
17	0.01424	0.01068	0.01602	0.01602	0.01780	0.01246	0.01246	0.01780	0.01602	0.02314	0.02670	0.03916	0.02492	0.07477	0.61015	0.01602	0.02670	0.01068	0.00534	0.00890
18	0.06807	0.01825	0.02958	0.54349	0.10156	0.02227	0.02671	0.02610	0.01992	0.02731	0.01752	0.02572	0.01329	0.00984	0.00970	0.00328	0.01280	0.00862	0.00459	0.01139
19	0.72007	0.01928	0.01465	0.01311	0.01928	0.02236	0.01080	0.02930	0.01697	0.04473	0.01388	0.01619	0.01080	0.00925	0.00617	0.00308	0.00771	0.00540	0.00617	0.01080
20	0.01396	0.01018	0.01312	0.01239	0.01480	0.00934	0.00929	0.01853	0.02787	0.03916	0.55208	0.07581	0.12469	0.02068	0.01176	0.00315	0.00472	0.01822	0.01087	0.00934
21	0.23331	0.02068	0.02166	0.01770	0.02430	0.02224	0.01441	0.18892	0.08865	0.16658	0.07972	0.03010	0.02567	0.01224	0.00907	0.00309	0.00856	0.00928	0.00949	0.01432
22	0.04473	0.01697	0.02313	0.01774	0.02545	0.01465	0.01465	0.04858	0.02853	0.59437	0.03933	0.03393	0.02468	0.01234	0.01003	0.00308	0.00848	0.01003	0.01234	0.01697
23	0.08952	0.01288	0.01623	0.01478	0.01876	0.01223	0.01187	0.02720	0.02636	0.17057	0.31257	0.06540	0.06361	0.01856	0.01114	0.00335	0.00662	0.09651	0.01055	0.01130
24	0.37050	0.01763	0.01825	0.01506	0.02154	0.01808	0.01224	0.03709	0.02204	0.29167	0.02649	0.02729	0.01867	0.05077	0.01070	0.00350	0.00818	0.00806	0.00895	0.01329
25	0.05820	0.01142	0.01424	0.01417	0.01716	0.01046	0.01035	0.02295	0.02175	0.16066	0.05601	0.38282	0.13158	0.02468	0.01159	0.00367	0.00641	0.02168	0.00981	0.01038
26	0.72007	0.01928	0.01465	0.01311	0.01928	0.02236	0.01080	0.02930	0.01697	0.04473	0.01388	0.01619	0.01080	0.00925	0.00617	0.00308	0.00771	0.00540	0.00617	0.01080
27	0.04473	0.01697	0.02313	0.01774	0.02545	0.01465	0.01465	0.04858	0.02853	0.59437	0.03933	0.03393	0.02468	0.01234	0.01003	0.00308	0.00848	0.01003	0.01234	0.01697
28	0.72007	0.01928	0.01465	0.01311	0.01928	0.02236	0.01080	0.02930	0.01697	0.04473	0.01388	0.01619	0.01080	0.00925	0.00617	0.00308	0.00771	0.00540	0.00617	0.01080
29	0.02067	0.01772	0.02067	0.01477	0.02362	0.01329	0.01181	0.02510	0.02067	0.03248	0.01772	0.02067	0.01477	0.00738	0.00738	0.00148	0.00738	0.00591	0.00591	0.71059
30	0.08059	0.01903	0.02387	0.01840	0.02608	0.01796	0.01520	0.13712	0.03115	0.47001	0.03520	0.03119	0.02255	0.01210	0.00980	0.00307	0.00888	0.00959	0.01158	0.01662
31	0.02181	0.02181	0.03053	0.02617	0.02617	0.03053	0.02181	0.02399	0.01527	0.02399	0.01309	0.02181	0.01309	0.01745	0.03272	0.00436	0.63141	0.00872	0.00436	0.01091
32	0.04473	0.01697	0.02313	0.01774	0.02545	0.01465	0.01465	0.04858	0.02853	0.59437	0.03933	0.03393	0.02468	0.01234	0.01003	0.00308	0.00848	0.01003	0.01234	0.01697
33	0.01320	0.00947	0.01258	0.01366	0.01507	0.00885	0.00979	0.01631	0.02298	0.03151	0.26378	0.38056	0.07648	0.02667	0.01241	0.00372	0.00559	0.05872	0.00993	0.00869
34	0.01655	0.01408	0.02045	0.01912	0.02036	0.01797	0.01531	0.01969	0.01579	0.02340	0.02255	0.03387	0.02131	0.05728	0.43399	0.01246	0.21118	0.01008	0.00504	0.00951
35	0.01450	0.00966	0.01087	0.01087	0.01087	0.00966	0.00604	0.01450	0.01450	0.01933	0.03141	0.06524	0.03624	0.64965	0.05074	0.00966	0.00966	0.01450	0.00604	0.00604
36	0.04473	0.01697	0.02313	0.01774	0.02545	0.01465	0.01465	0.04858	0.02853	0.59437	0.03933	0.03393	0.02468	0.01234	0.01003	0.00308	0.00848	0.01003	0.01234	0.01697
37	0.02291	0.01875	0.02047	0.01837	0.02331	0.02081	0.01442	0.09628	0.34752	0.04211	0.14645	0.05047	0.07635	0.01613	0.01073	0.00336	0.00751	0.03999	0.01018	0.01389
38	0.01424	0.01068	0.01602	0.01602	0.01780	0.01246	0.01246	0.01780	0.01602	0.02314	0.02670	0.03916	0.02492	0.07477	0.61015	0.01602	0.02670	0.01068	0.00534	0.00890
39	0.01999	0.05157	0.59800	0.02841	0.04315	0.02315	0.03683	0.03157	0.02105	0.03157	0.01789	0.02105	0.01263	0.00947	0.00947	0.00316	0.01473	0.00737	0.00421	0.01473
40	0.02844	0.01706	0.02547	0.02772	0.14794	0.01772	0.01802	0.03139	0.02158	0.22205	0.02813	0.07280	0.02301	0.02221	0.07457	0.08537	0.10513	0.01076	0.00768	0.01295
41	0.10266	0.01541	0.01937	0.01593	0.02210	0.01421	0.01312	0.03999	0.02564	0.39778	0.03694	0.03974	0.02639	0.01327	0.00947	0.00309	0.00783	0.05478	0.12788	0.01439
42	0.02467	0.02369	0.04046	0.06119	0.58747	0.02369	0.03059	0.03059	0.02270	0.03257	0.01875	0.02467	0.01579	0.00888	0.00987	0.00296	0.01184	0.00888	0.00493	0.01579
43	0.02173	0.06794	0.17036	0.17393	0.09786	0.02395	0.11537	0.05682	0.02302	0.03178	0.06766	0.02827	0.02093	0.01082	0.01133	0.00320	0.04697	0.00958	0.00539	0.01307
44	0.02938	0.01584	0.02063	0.01785	0.02227	0.01599	0.01427	0.09954	0.02658	0.24264	0.08086	0.14105	0.03753	0.01947	0.01499	0.05272	0.06347	0.06232	0.00985	0.01275
45	0.01340	0.00946	0.01234	0.01336	0.01401	0.00960	0.00890	0.01497	0.01686	0.02288	0.04072	0.31407	0.04678	0.24769	0.15990	0.00862	0.01179	0.01974	0.00730	0.00759
46	0.59273	0.01892	0.01687	0.07237	0.02457	0.02166	0.01276	0.03065	0.01828	0.09169	0.01651	0.01877	0.01227	0.00960	0.00688	0.00311	0.00832	0.00614	0.00655	0.01137
47	0.54397	0.01963	0.01677	0.01474	0.02066	0.02235	0.01194	0.11100	0.02191	0.04574	0.01942	0.07765	0.01707	0.01180	0.00740	0.00316	0.00804	0.00817	0.00707	0.01151
48	0.09529	0.09747	0.02933	0.02384	0.02906	0.47204	0.01848	0.03703	0.02576	0.02607	0.01500	0.01788	0.01267	0.01047	0.00996	0.00268	0.05392	0.00637	0.00510	0.01156
49	0.02675	0.12785	0.03078	0.22539	0.06916	0.07358	0.02007	0.03155	0.02312	0.13322	0.06049	0.02809	0.02122	0.01062	0.00916	0.00280	0.01111	0.00863	0.00657	0.07984

[dist]
# distance from previous block
# <min> <max>
2	15

[block]
# block no. 2 follows, 15 sequences, length 33
# corresponding to MSA columns:
# 207-239
name=unknown_C
#
# <colnr> <probs for GDERKNQSTAVLIFYWHMCP>
#	G	D	E	R	K	N	Q	S	T	A	V	L	I	F	Y	W	H	M	C	P
0	0.09183	0.02351	0.07912	0.02507	0.03027	0.02426	0.09130	0.03266	0.02052	0.17780	0.02143	0.02511	0.01616	0.01346	0.01952	0.00367	0.27538	0.00906	0.00671	0.01316
1	0.01903	0.01571	0.01835	0.01402	0.02078	0.01231	0.01063	0.02250	0.01948	0.02971	0.02254	0.06882	0.02187	0.12225	0.01538	0.00309	0.00768	0.00887	0.00615	0.54082
2	0.01883	0.01063	0.01407	0.01409	0.01635	0.00972	0.01007	0.02150	0.02256	0.13443	0.16808	0.36169	0.06242	0.06895	0.01469	0.00406	0.00632	0.02164	0.00999	0.00990
3	0.09771	0.02258	0.11654	0.01894	0.02672	0.01729	0.01779	0.03901	0.02475	0.35693	0.03747	0.03522	0.07373	0.01317	0.01135	0.00321	0.05310	0.01012	0.00958	0.01479
4	0.02907	0.07426	0.02787	0.02132	0.02586	0.02535	0.01761	0.04024	0.19983	0.17586	0.02884	0.02944	0.02169	0.01410	0.01731	0.00353	0.21575	0.00960	0.00828	0.01421
5	0.04473	0.01697	0.02313	0.01774	0.02545	0.01465	0.01465	0.04858	0.02853	0.59437	0.03933	0.03393	0.02468	0.01234	0.01003	0.00308	0.00848	0.01003	0.01234	0.01697
6	0.07361	0.01458	0.01822	0.01625	0.02075	0.01393	0.01260	0.07516	0.02504	0.25714	0.04160	0.22770	0.03901	0.06402	0.01375	0.00395	0.00794	0.05215	0.01012	0.01250
7	0.04345	0.01901	0.02440	0.01871	0.02647	0.01769	0.01545	0.14295	0.03196	0.49517	0.03646	0.03207	0.02324	0.01227	0.01002	0.00307	0.00895	0.00983	0.01190	0.01696
8	0.72007	0.01928	0.01465	0.01311	0.01928	0.02236	0.01080	0.02930	0.01697	0.04473	0.01388	0.01619	0.01080	0.00925	0.00617	0.00308	0.00771	0.00540	0.00617	0.01080
9	0.03634	0.01485	0.01968	0.01600	0.02208	0.01318	0.01309	0.04043	0.02690	0.42574	0.07903	0.04243	0.03201	0.01378	0.00989	0.00306	0.00762	0.04288	0.12638	0.01465
10	0.01902	0.01388	0.01534	0.01478	0.01804	0.01492	0.01109	0.03199	0.22782	0.03722	0.13032	0.15241	0.04596	0.01731	0.00999	0.00317	0.00608	0.01491	0.20421	0.01153
11	0.04473	0.01697	0.02313	0.01774	0.02545	0.01465	0.01465	0.04858	0.02853	0.59437	0.03933	0.03393	0.02468	0.01234	0.01003	0.00308	0.00848	0.01003	0.01234	0.01697
12	0.02480	0.02141	0.02254	0.02029	0.02592	0.02480	0.01578	0.05297	0.56946	0.04170	0.04057	0.03719	0.03043	0.01352	0.01014	0.00338	0.00789	0.01127	0.01014	0.01578
13	0.01378	0.01085	0.01254	0.01219	0.01507	0.01001	0.00910	0.01907	0.06409	0.03374	0.30956	0.12017	0.28805	0.02264	0.01172	0.00331	0.00515	0.01950	0.01009	0.00937
14	0.01657	0.01146	0.01427	0.01358	0.01642	0.01092	0.01016	0.02282	0.07788	0.07202	0.37562	0.15291	0.12431	0.02124	0.01164	0.00331	0.00543	0.01865	0.01057	0.01021
15	0.18673	0.03262	0.02414	0.02101	0.02705	0.28603	0.01638	0.08712	0.07899	0.11680	0.02172	0.02228	0.01616	0.01081	0.00872	0.00287	0.01275	0.00742	0.00733	0.01307
16	0.02602	0.59821	0.10414	0.01814	0.02726	0.03790	0.01894	0.03001	0.02033	0.02423	0.01424	0.01647	0.01278	0.00862	0.00669	0.00223	0.01105	0.00552	0.00426	0.01298
17	0.30818	0.01787	0.01983	0.01593	0.02304	0.01766	0.01315	0.04106	0.02402	0.37995	0.02940	0.02701	0.01926	0.01114	0.00852	0.00308	0.00818	0.00822	0.00993	0.01456
18	0.01719	0.01004	0.01249	0.01288	0.01504	0.00953	0.00961	0.02088	0.02267	0.07223	0.16225	0.24032	0.05605	0.02119	0.01066	0.00330	0.00571	0.06577	0.22274	0.00947
19	0.01878	0.01709	0.03164	0.02698	0.03211	0.01648	0.21100	0.02476	0.02316	0.03060	0.04090	0.08129	0.04198	0.02057	0.01304	0.00414	0.01196	0.33512	0.00767	0.01073
20	0.02727	0.02660	0.02368	0.02136	0.02690	0.14098	0.01647	0.05036	0.46194	0.03826	0.03558	0.03338	0.02694	0.01288	0.00991	0.00322	0.00989	0.01031	0.00915	0.01494
21	0.02067	0.01772	0.02067	0.01477	0.02362	0.01329	0.01181	0.02510	0.02067	0.03248	0.01772	0.02067	0.01477	0.00738	0.00738	0.00148	0.00738	0.00591	0.00591	0.71059
22	0.01469	0.00965	0.01271	0.01248	0.01380	0.00918	0.00869	0.01645	0.02197	0.03056	0.32753	0.11179	0.06590	0.12575	0.02396	0.15586	0.00644	0.01633	0.00861	0.00766
23	0.02665	0.65565	0.05224	0.01706	0.02559	0.03945	0.01706	0.02985	0.02026	0.02345	0.01386	0.01599	0.01279	0.00853	0.00640	0.00213	0.01066	0.00533	0.00426	0.01279
24	0.02193	0.01721	0.01942	0.01708	0.02156	0.01856	0.01330	0.11964	0.22843	0.04438	0.29277	0.05255	0.05816	0.01649	0.01088	0.00320	0.00690	0.01407	0.01051	0.01297
25	0.01373	0.01018	0.01281	0.01215	0.01466	0.00925	0.00911	0.01809	0.02733	0.03787	0.50467	0.07793	0.17291	0.02116	0.01176	0.00317	0.00476	0.01851	0.01070	0.00925
26	0.02467	0.02369	0.04046	0.06119	0.58747	0.02369	0.03059	0.03059	0.02270	0.03257	0.01875	0.02467	0.01579	0.00888	0.00987	0.00296	0.01184	0.00888	0.00493	0.01579
27	0.02353	0.02689	0.05882	0.04202	0.05210	0.02521	0.55126	0.03193	0.02353	0.03193	0.02017	0.02689	0.01513	0.00840	0.01176	0.00336	0.01681	0.01176	0.00504	0.01345
28	0.01883	0.01772	0.02990	0.62569	0.06866	0.02215	0.02769	0.02547	0.01993	0.02547	0.01772	0.02658	0.01329	0.00997	0.00997	0.00332	0.01329	0.00886	0.00443	0.01107
29	0.01438	0.00962	0.01254	0.01446	0.01584	0.00931	0.01092	0.01745	0.02054	0.02870	0.05060	0.38423	0.05670	0.02689	0.01209	0.00393	0.00661	0.17250	0.12408	0.00862
30	0.02353	0.02689	0.05882	0.04202	0.05210	0.02521	0.55126	0.03193	0.02353	0.03193	0.02017	0.02689	0.01513	0.00840	0.01176	0.00336	0.01681	0.01176	0.00504	0.01345
31	0.01440	0.01044	0.01391	0.01503	0.01711	0.00996	0.01202	0.01835	0.02395	0.03214	0.23005	0.19543	0.10967	0.02570	0.01277	0.00393	0.00679	0.22956	0.00979	0.00900
32	0.03228	0.02669	0.12412	0.09948	0.03745	0.02307	0.06709	0.16611	0.02944	0.20945	0.02576	0.02693	0.01770	0.01150	0.01166	0.00322	0.05543	0.00923	0.00823	0.01513

[dist]
# distance from previous block
# <min> <max>
0	43

[block]
# block no. 3 follows, 15 sequences, length 54
# corresponding to MSA columns:
# 283-336
name=unknown_D
#
# <colnr> <probs for GDERKNQSTAVLIFYWHMCP>
#	G	D	E	R	K	N	Q	S	T	A	V	L	I	F	Y	W	H	M	C	P
0	0.18294	0.05533	0.05589	0.02515	0.07342	0.06442	0.01972	0.03067	0.07946	0.03181	0.01724	0.02192	0.01468	0.01312	0.01825	0.00356	0.26688	0.00788	0.00551	0.01216
1	0.03346	0.02564	0.02862	0.08970	0.03425	0.02886	0.01937	0.40708	0.13579	0.05494	0.02617	0.02656	0.01892	0.01202	0.01000	0.00310	0.01069	0.00937	0.00938	0.01609
2	0.02112	0.01838	0.02288	0.01994	0.08652	0.01445	0.01391	0.02571	0.02090	0.03249	0.01783	0.02112	0.01488	0.00755	0.00766	0.00164	0.00788	0.00624	0.00580	0.63309
3	0.01429	0.01048	0.01501	0.01501	0.01644	0.01191	0.01120	0.01715	0.01572	0.02239	0.02763	0.04429	0.02715	0.18778	0.50017	0.01477	0.02335	0.01143	0.00548	0.00834
4	0.02519	0.02379	0.03536	0.27820	0.20279	0.06174	0.07409	0.11546	0.02599	0.03411	0.01910	0.02509	0.01473	0.00987	0.01004	0.00312	0.01312	0.00899	0.00558	0.01360
5	0.48178	0.02529	0.01973	0.01696	0.02333	0.11365	0.01369	0.13410	0.02457	0.04518	0.01609	0.01799	0.01232	0.00994	0.00735	0.00299	0.00992	0.00626	0.00676	0.01212
6	0.01952	0.01191	0.01503	0.01370	0.01690	0.01118	0.01029	0.02501	0.06326	0.12565	0.35429	0.09880	0.10258	0.06964	0.01453	0.00373	0.00600	0.01678	0.01054	0.01065
7	0.01400	0.00934	0.01239	0.01362	0.01440	0.00900	0.00944	0.01520	0.01883	0.02528	0.10222	0.32686	0.05559	0.13727	0.02323	0.11001	0.00717	0.08055	0.00814	0.00745
8	0.02735	0.49080	0.04598	0.01870	0.02568	0.03578	0.01768	0.03042	0.02009	0.07210	0.01589	0.01853	0.01385	0.01041	0.01129	0.00260	0.11872	0.00632	0.00497	0.01282
9	0.02593	0.01145	0.01318	0.01166	0.01550	0.01080	0.00913	0.03035	0.02305	0.19369	0.03443	0.03626	0.02531	0.01182	0.00783	0.00254	0.00572	0.00950	0.51042	0.01145
10	0.02510	0.01242	0.01663	0.01473	0.01873	0.01110	0.01132	0.02892	0.02659	0.24296	0.27994	0.16812	0.06293	0.01947	0.01130	0.00329	0.00631	0.01703	0.01115	0.01196
11	0.02960	0.02027	0.03163	0.24723	0.15196	0.02145	0.05242	0.09071	0.02602	0.19183	0.02483	0.02801	0.01749	0.01056	0.01006	0.00315	0.01159	0.00937	0.00739	0.01442
12	0.06942	0.02557	0.08342	0.11936	0.14495	0.02441	0.12142	0.12018	0.08729	0.07123	0.02300	0.02635	0.01708	0.01025	0.01003	0.00317	0.01218	0.00942	0.00675	0.01454
13	0.02114	0.01770	0.01943	0.01830	0.02289	0.01966	0.01448	0.04085	0.37896	0.03793	0.08636	0.05904	0.10102	0.01767	0.01105	0.00357	0.00757	0.09905	0.00994	0.01340
14	0.01380	0.00943	0.01223	0.01284	0.01374	0.00914	0.00863	0.01544	0.01950	0.02670	0.17593	0.26577	0.05881	0.18747	0.06118	0.06601	0.00803	0.01951	0.00821	0.00763
15	0.02103	0.02163	0.03615	0.45924	0.06261	0.06026	0.14215	0.02780	0.02125	0.02682	0.01811	0.02610	0.01366	0.00964	0.01030	0.00328	0.01436	0.00934	0.00461	0.01163
16	0.03147	0.03155	0.09638	0.07763	0.03687	0.17441	0.09993	0.06813	0.02567	0.15043	0.02194	0.02461	0.01600	0.01129	0.01269	0.00317	0.08883	0.00873	0.00670	0.01356
17	0.12489	0.09340	0.43598	0.02603	0.03873	0.02445	0.06170	0.03112	0.02052	0.03290	0.01711	0.02027	0.01252	0.00930	0.00887	0.00308	0.01349	0.00717	0.00455	0.01392
18	0.72007	0.01928	0.01465	0.01311	0.01928	0.02236	0.01080	0.02930	0.01697	0.04473	0.01388	0.01619	0.01080	0.00925	0.00617	0.00308	0.00771	0.00540	0.00617	0.01080
19	0.01686	0.01092	0.01369	0.01318	0.01619	0.00963	0.00973	0.02010	0.02388	0.09428	0.22844	0.24602	0.17052	0.02300	0.01160	0.00335	0.00569	0.02017	0.00994	0.05282
20	0.19105	0.02150	0.02600	0.20275	0.03874	0.02528	0.01974	0.18286	0.02712	0.07360	0.01937	0.02325	0.01441	0.01136	0.01162	0.00327	0.07997	0.00813	0.00692	0.01306
21	0.04131	0.01621	0.02204	0.01716	0.02427	0.01407	0.01407	0.04526	0.02850	0.53253	0.09988	0.03845	0.03242	0.01324	0.01022	0.00309	0.00806	0.01092	0.01219	0.01612
22	0.01360	0.00929	0.01114	0.01202	0.01224	0.00907	0.00727	0.01426	0.01625	0.02167	0.04040	0.28605	0.04759	0.41336	0.03621	0.00752	0.00818	0.01979	0.00727	0.00683
23	0.01435	0.01027	0.01392	0.01392	0.01497	0.01132	0.00984	0.01645	0.01540	0.02159	0.02862	0.04980	0.02954	0.30937	0.38186	0.01343	0.01975	0.01224	0.00563	0.00773
24	0.02083	0.01976	0.03352	0.43239	0.24631	0.02267	0.02868	0.02723	0.02088	0.02790	0.01807	0.02593	0.01415	0.00960	0.00993	0.00320	0.01279	0.00887	0.00460	0.01269
25	0.03790	0.02792	0.02992	0.02294	0.03091	0.03091	0.01895	0.55423	0.04687	0.06283	0.02393	0.02393	0.01695	0.01197	0.00997	0.00299	0.01097	0.00898	0.00997	0.01695
26	0.01424	0.01068	0.01602	0.01602	0.01780	0.01246	0.01246	0.01780	0.01602	0.02314	0.02670	0.03916	0.02492	0.07477	0.61015	0.01602	0.02670	0.01068	0.00534	0.00890
27	0.02093	0.01630	0.02171	0.16023	0.03223	0.01579	0.01541	0.07012	0.02088	0.02964	0.01818	0.02487	0.01528	0.01548	0.01642	0.18585	0.00944	0.00760	0.00552	0.29812
28	0.02480	0.02141	0.02254	0.02029	0.02592	0.02480	0.01578	0.05297	0.56946	0.04170	0.04057	0.03719	0.03043	0.01352	0.01014	0.00338	0.00789	0.01127	0.01014	0.01578
29	0.02480	0.02141	0.02254	0.02029	0.02592	0.02480	0.01578	0.05297	0.56946	0.04170	0.04057	0.03719	0.03043	0.01352	0.01014	0.00338	0.00789	0.01127	0.01014	0.01578
30	0.01212	0.00877	0.01147	0.01362	0.01439	0.00812	0.00914	0.01391	0.01933	0.02555	0.05809	0.60579	0.10126	0.03082	0.01266	0.00400	0.00573	0.02784	0.00925	0.00812
31	0.02046	0.01156	0.01499	0.01352	0.01703	0.01035	0.01035	0.02449	0.02695	0.15985	0.36662	0.11318	0.13108	0.02001	0.01145	0.00322	0.00566	0.01742	0.01095	0.01086
32	0.01606	0.01147	0.01606	0.01836	0.02065	0.01147	0.01606	0.02065	0.02295	0.02983	0.05278	0.11245	0.05737	0.02754	0.01377	0.00459	0.00918	0.52037	0.00918	0.00918
33	0.03730	0.04573	0.02840	0.02543	0.03083	0.55705	0.01923	0.08654	0.02994	0.02789	0.01618	0.01852	0.01321	0.01043	0.00908	0.00261	0.01734	0.00665	0.00558	0.01205
34	0.01355	0.01017	0.01256	0.01196	0.01455	0.00917	0.00897	0.01774	0.02691	0.03686	0.46733	0.07959	0.21088	0.02154	0.01176	0.00319	0.00479	0.01875	0.01056	0.00917
35	0.02067	0.01772	0.02067	0.01477	0.02362	0.01329	0.01181	0.02510	0.02067	0.03248	0.01772	0.02067	0.01477	0.00738	0.00738	0.00148	0.00738	0.00591	0.00591	0.71059
36	0.01506	0.01094	0.01379	0.01342	0.01386	0.01212	0.00894	0.01611	0.01493	0.02065	0.02871	0.05522	0.03153	0.45639	0.18494	0.01076	0.06668	0.01308	0.00573	0.00715
37	0.02399	0.02112	0.02532	0.02211	0.02788	0.02377	0.06445	0.04849	0.47635	0.03987	0.03969	0.04225	0.03119	0.01418	0.01058	0.00348	0.00880	0.05184	0.00960	0.01504
38	0.04177	0.01621	0.02208	0.01739	0.02445	0.01406	0.01416	0.04543	0.02767	0.54268	0.04075	0.08928	0.02843	0.01406	0.01027	0.00317	0.00824	0.01169	0.01206	0.01616
39	0.01279	0.00984	0.01184	0.01299	0.01513	0.00889	0.00973	0.01554	0.02186	0.02779	0.10955	0.28894	0.27965	0.02740	0.01245	0.00380	0.00598	0.10796	0.00936	0.00850
40	0.02077	0.02066	0.03221	0.02677	0.02855	0.02667	0.09793	0.02410	0.01661	0.02501	0.01645	0.02551	0.01540	0.02589	0.12807	0.00620	0.43812	0.00950	0.00463	0.01094
41	0.01445	0.00972	0.01115	0.01106	0.01132	0.00964	0.00642	0.01498	0.01603	0.02163	0.09285	0.06627	0.04269	0.57946	0.04639	0.00894	0.00911	0.01489	0.00659	0.00642
42	0.11199	0.02202	0.02447	0.01944	0.02673	0.02295	0.01602	0.26395	0.06872	0.18293	0.02884	0.03151	0.02130	0.01242	0.00959	0.00302	0.00940	0.04028	0.00973	0.07471
43	0.02202	0.01339	0.01681	0.01520	0.01877	0.01293	0.01157	0.09670	0.02850	0.13222	0.27776	0.20758	0.06450	0.02067	0.01147	0.00334	0.00648	0.01810	0.01062	0.01138
44	0.01424	0.01068	0.01602	0.01602	0.01780	0.01246	0.01246	0.01780	0.01602	0.02314	0.02670	0.03916	0.02492	0.07477	0.61015	0.01602	0.02670	0.01068	0.00534	0.00890
45	0.01999	0.05157	0.59800	0.02841	0.04315	0.02315	0.03683	0.03157	0.02105	0.03157	0.01789	0.02105	0.01263	0.00947	0.00947	0.00316	0.01473	0.00737	0.00421	0.01473
46	0.18657	0.02532	0.02576	0.02049	0.02782	0.02837	0.01681	0.38470	0.09663	0.05657	0.02352	0.02366	0.01705	0.01154	0.00915	0.00305	0.00992	0.00844	0.00915	0.01547
47	0.03657	0.01896	0.02309	0.01871	0.02555	0.01874	0.01529	0.13381	0.12623	0.34094	0.04104	0.04070	0.05696	0.01407	0.01035	0.00322	0.00866	0.04009	0.01119	0.01584
48	0.02467	0.02369	0.04046	0.06119	0.58747	0.02369	0.03059	0.03059	0.02270	0.03257	0.01875	0.02467	0.01579	0.00888	0.00987	0.00296	0.01184	0.00888	0.00493	0.01579
49	0.02173	0.02069	0.03378	0.17304	0.29439	0.02173	0.06684	0.03019	0.08612	0.03133	0.03128	0.03548	0.08653	0.01163	0.01031	0.00317	0.01126	0.01088	0.00597	0.01366
50	0.02615	0.01250	0.01628	0.01457	0.01832	0.01122	0.01081	0.02877	0.02320	0.26020	0.09499	0.20219	0.07798	0.13397	0.01834	0.00454	0.00745	0.01690	0.01010	0.01152
51	0.01455	0.00950	0.01280	0.01465	0.01586	0.00889	0.01039	0.01676	0.02011	0.05973	0.05376	0.54305	0.06245	0.02967	0.01269	0.00406	0.00635	0.08655	0.00943	0.00875
52	0.01937	0.01412	0.01943	0.09431	0.08671	0.01455	0.01466	0.06659	0.02332	0.06399	0.10263	0.17088	0.08398	0.08394	0.05167	0.00472	0.00939	0.01571	0.04933	0.01068
53	0.28382	0.11292	0.07865	0.02198	0.07971	0.02335	0.04949	0.02727	0.01998	0.03500	0.05827	0.03076	0.08092	0.01201	0.00974	0.00307	0.04626	0.00899	0.00605	0.01175

[dist]
# distance from previous block
# <min> <max>
1	47

[block]
# block no. 4 follows, 15 sequences, length 38
# corresponding to MSA columns:
# 384-421
name=unknown_E
#
# <colnr> <probs for GDERKNQSTAVLIFYWHMCP>
#	G	D	E	R	K	N	Q	S	T	A	V	L	I	F	Y	W	H	M	C	P
0	0.02403	0.07035	0.26614	0.06800	0.03385	0.01904	0.02399	0.03109	0.02282	0.15088	0.07329	0.11639	0.02943	0.01403	0.01008	0.00321	0.01094	0.01176	0.00723	0.01343
1	0.07509	0.15348	0.34106	0.02571	0.06972	0.02468	0.02784	0.02981	0.02082	0.03106	0.01966	0.02722	0.01639	0.01057	0.00891	0.00298	0.01244	0.04766	0.00490	0.05001
2	0.02361	0.17055	0.36173	0.06944	0.07465	0.02582	0.02986	0.03210	0.02152	0.07524	0.01883	0.02166	0.01389	0.00950	0.00894	0.00294	0.01309	0.00736	0.00494	0.01432
3	0.02107	0.14869	0.51026	0.02659	0.04032	0.02577	0.03365	0.03129	0.02092	0.03027	0.01724	0.02023	0.01265	0.00932	0.00898	0.00299	0.01408	0.00704	0.00422	0.01442
4	0.38505	0.02136	0.01966	0.01702	0.02330	0.02453	0.01372	0.12135	0.20086	0.04666	0.02415	0.02425	0.01815	0.01107	0.00807	0.00317	0.00829	0.00788	0.00807	0.01340
5	0.01301	0.00904	0.01131	0.01278	0.01314	0.00867	0.00808	0.01411	0.01740	0.02320	0.04631	0.43116	0.05504	0.25808	0.02667	0.00611	0.00721	0.02326	0.00808	0.00734
6	0.02649	0.01773	0.02679	0.19122	0.06775	0.01896	0.05243	0.07175	0.02427	0.17167	0.05854	0.08103	0.02702	0.06517	0.01508	0.00384	0.04799	0.01180	0.00777	0.01268
7	0.01706	0.01633	0.06287	0.01557	0.01982	0.01427	0.01308	0.02799	0.16172	0.03872	0.36474	0.06251	0.10927	0.01816	0.01117	0.00322	0.00634	0.01571	0.01009	0.01135
8	0.02353	0.02689	0.05882	0.04202	0.05210	0.02521	0.55126	0.03193	0.02353	0.03193	0.02017	0.02689	0.01513	0.00840	0.01176	0.00336	0.01681	0.01176	0.00504	0.01345
9	0.06759	0.00991	0.01151	0.01255	0.01332	0.00986	0.00802	0.01533	0.01699	0.02435	0.04187	0.35139	0.04918	0.29014	0.02824	0.00634	0.00757	0.02074	0.00766	0.00744
10	0.01864	0.01166	0.01499	0.01418	0.01711	0.01106	0.01059	0.02445	0.07011	0.11136	0.34360	0.19712	0.07307	0.02124	0.01162	0.00336	0.00572	0.01878	0.01069	0.01064
11	0.04473	0.01697	0.02313	0.01774	0.02545	0.01465	0.01465	0.04858	0.02853	0.59437	0.03933	0.03393	0.02468	0.01234	0.01003	0.00308	0.00848	0.01003	0.01234	0.01697
12	0.72007	0.01928	0.01465	0.01311	0.01928	0.02236	0.01080	0.02930	0.01697	0.04473	0.01388	0.01619	0.01080	0.00925	0.00617	0.00308	0.00771	0.00540	0.00617	0.01080
13	0.72007	0.01928	0.01465	0.01311	0.01928	0.02236	0.01080	0.02930	0.01697	0.04473	0.01388	0.01619	0.01080	0.00925	0.00617	0.00308	0.00771	0.00540	0.00617	0.01080
14	0.01795	0.01110	0.01389	0.01377	0.01628	0.01037	0.00991	0.02196	0.05249	0.10859	0.15849	0.29430	0.12586	0.07903	0.01523	0.00411	0.00632	0.02069	0.00979	0.00988
15	0.04473	0.01697	0.02313	0.01774	0.02545	0.01465	0.01465	0.04858	0.02853	0.59437	0.03933	0.03393	0.02468	0.01234	0.01003	0.00308	0.00848	0.01003	0.01234	0.01697
16	0.72007	0.01928	0.01465	0.01311	0.01928	0.02236	0.01080	0.02930	0.01697	0.04473	0.01388	0.01619	0.01080	0.00925	0.00617	0.00308	0.00771	0.00540	0.00617	0.01080
17	0.66520	0.01909	0.01534	0.01349	0.01978	0.02174	0.01111	0.03087	0.01791	0.08938	0.01595	0.01764	0.01192	0.00950	0.00648	0.00308	0.00777	0.00577	0.00667	0.01130
18	0.02096	0.01230	0.01498	0.01448	0.01769	0.01189	0.01074	0.02735	0.09691	0.13816	0.09324	0.27727	0.09596	0.02143	0.01099	0.00343	0.00629	0.01874	0.09610	0.01110
19	0.04473	0.01697	0.02313	0.01774	0.02545	0.01465	0.01465	0.04858	0.02853	0.59437	0.03933	0.03393	0.02468	0.01234	0.01003	0.00308	0.00848	0.01003	0.01234	0.01697
20	0.10401	0.01717	0.02239	0.01733	0.02491	0.01533	0.01431	0.04689	0.02752	0.54613	0.03710	0.03237	0.02346	0.01207	0.00969	0.00308	0.00842	0.00962	0.01180	0.01642
21	0.09692	0.01651	0.02137	0.01676	0.02367	0.01484	0.01358	0.04403	0.02636	0.49926	0.03657	0.03524	0.02456	0.06803	0.01329	0.00366	0.00852	0.01004	0.01128	0.01551
22	0.02306	0.01209	0.01595	0.01456	0.01833	0.01085	0.01130	0.02683	0.02599	0.20465	0.25357	0.16021	0.10545	0.02062	0.01153	0.00339	0.00638	0.05300	0.01084	0.01140
23	0.02480	0.02141	0.02254	0.02029	0.02592	0.02480	0.01578	0.05297	0.56946	0.04170	0.04057	0.03719	0.03043	0.01352	0.01014	0.00338	0.00789	0.01127	0.01014	0.01578
24	0.02721	0.02648	0.02365	0.02134	0.02687	0.13838	0.01646	0.05042	0.46435	0.03834	0.03569	0.03346	0.02701	0.01289	0.00992	0.00322	0.00985	0.01033	0.00917	0.01496
25	0.02067	0.01772	0.02067	0.01477	0.02362	0.01329	0.01181	0.02510	0.02067	0.03248	0.01772	0.02067	0.01477	0.00738	0.00738	0.00148	0.00738	0.00591	0.00591	0.71059
26	0.01320	0.00938	0.01251	0.01464	0.01555	0.00897	0.01051	0.01544	0.01958	0.02594	0.05259	0.47920	0.06167	0.07959	0.01598	0.00462	0.00685	0.13663	0.00898	0.00817
27	0.02665	0.65565	0.05224	0.01706	0.02559	0.03945	0.01706	0.02985	0.02026	0.02345	0.01386	0.01599	0.01279	0.00853	0.00640	0.00213	0.01066	0.00533	0.00426	0.01279
28	0.01411	0.01019	0.01333	0.01254	0.01489	0.00941	0.00941	0.01881	0.02822	0.03998	0.58221	0.07447	0.09406	0.02038	0.01176	0.00314	0.00470	0.01803	0.01097	0.00941
29	0.01411	0.01019	0.01333	0.01254	0.01489	0.00941	0.00941	0.01881	0.02822	0.03998	0.58221	0.07447	0.09406	0.02038	0.01176	0.00314	0.00470	0.01803	0.01097	0.00941
30	0.02467	0.02369	0.04046	0.06119	0.58747	0.02369	0.03059	0.03059	0.02270	0.03257	0.01875	0.02467	0.01579	0.00888	0.00987	0.00296	0.01184	0.00888	0.00493	0.01579
31	0.02480	0.02141	0.02254	0.02029	0.02592	0.02480	0.01578	0.05297	0.56946	0.04170	0.04057	0.03719	0.03043	0.01352	0.01014	0.00338	0.00789	0.01127	0.01014	0.01578
32	0.01883	0.01772	0.02990	0.62569	0.06866	0.02215	0.02769	0.02547	0.01993	0.02547	0.01772	0.02658	0.01329	0.00997	0.00997	0.00332	0.01329	0.00886	0.00443	0.01107
33	0.01358	0.00970	0.01322	0.01552	0.01673	0.00934	0.01175	0.01637	0.02050	0.02706	0.05415	0.44848	0.06279	0.02988	0.01311	0.00425	0.00703	0.20882	0.00923	0.00849
34	0.02353	0.02689	0.05882	0.04202	0.05210	0.02521	0.55126	0.03193	0.02353	0.03193	0.02017	0.02689	0.01513	0.00840	0.01176	0.00336	0.01681	0.01176	0.00504	0.01345
35	0.02078	0.01737	0.01906	0.01825	0.02228	0.01949	0.01371	0.04056	0.39469	0.03654	0.04514	0.22961	0.04170	0.01915	0.01096	0.00359	0.00722	0.01669	0.00986	0.01334
36	0.02348	0.03495	0.28268	0.02769	0.03673	0.02426	0.10286	0.06202	0.02209	0.06765	0.01970	0.02402	0.01490	0.01163	0.01511	0.00340	0.15703	0.00869	0.04750	0.01361
37	0.37712	0.09421	0.01733	0.01220	0.01725	0.01968	0.01017	0.02714	0.01882	0.03933	0.02072	0.02386	0.01646	0.01003	0.00649	0.00269	0.00695	0.00682	0.26227	0.01049

[dist]
# distance from previous block
# <min> <max>
7	57

[block]
# block no. 5 follows, 15 sequences, length 48
# corresponding to MSA columns:
# 479-526
name=unknown_F
#
# <colnr> <probs for GDERKNQSTAVLIFYWHMCP>
#	G	D	E	R	K	N	Q	S	T	A	V	L	I	F	Y	W	H	M	C	P
0	0.08217	0.03041	0.02626	0.02173	0.02847	0.20727	0.01727	0.20242	0.07207	0.17553	0.02550	0.02492	0.01808	0.01146	0.00945	0.00292	0.01214	0.00836	0.00879	0.01479
1	0.01785	0.01193	0.01529	0.01369	0.01727	0.01061	0.01054	0.02212	0.02577	0.08380	0.37198	0.06585	0.06965	0.06127	0.01380	0.00346	0.00613	0.05809	0.00987	0.11103
2	0.01627	0.01011	0.01279	0.01315	0.01494	0.00937	0.00932	0.01776	0.02007	0.07358	0.09329	0.24501	0.14930	0.12555	0.02146	0.08889	0.00699	0.05528	0.00855	0.00831
3	0.02995	0.06784	0.02750	0.02182	0.07408	0.05837	0.01626	0.14607	0.02823	0.12401	0.02205	0.02325	0.01658	0.00954	0.00860	0.00230	0.00963	0.00745	0.00753	0.29895
4	0.01916	0.01350	0.01618	0.01470	0.01838	0.01354	0.01128	0.02937	0.16022	0.08660	0.36848	0.06347	0.10828	0.01837	0.01122	0.00321	0.00583	0.01591	0.01076	0.01154
5	0.02287	0.01194	0.01629	0.01634	0.01952	0.01102	0.01285	0.02607	0.02300	0.19380	0.04972	0.30742	0.05129	0.02459	0.01224	0.00393	0.00758	0.16838	0.01014	0.01102
6	0.02017	0.01844	0.02990	0.58309	0.06599	0.02277	0.02707	0.06284	0.02184	0.02811	0.01816	0.02639	0.01355	0.01011	0.00997	0.00330	0.01313	0.00887	0.00482	0.01149
7	0.02476	0.02057	0.03548	0.18233	0.04355	0.02244	0.17178	0.03208	0.05958	0.11828	0.06377	0.03127	0.02262	0.01209	0.01427	0.00345	0.11146	0.01068	0.00670	0.01284
8	0.01218	0.01011	0.01065	0.01051	0.01371	0.00858	0.00789	0.01507	0.02366	0.02915	0.18287	0.09229	0.50016	0.02442	0.01178	0.00333	0.00499	0.02053	0.00955	0.00858
9	0.02608	0.01290	0.01717	0.01467	0.01918	0.01163	0.01157	0.03022	0.02710	0.25742	0.29424	0.05742	0.09598	0.02138	0.05337	0.00404	0.00778	0.01455	0.01100	0.01229
10	0.07235	0.02406	0.10796	0.24596	0.08379	0.02155	0.06151	0.06959	0.02415	0.15864	0.02302	0.02650	0.01615	0.01034	0.00979	0.00319	0.01204	0.00891	0.00675	0.01378
11	0.02477	0.17378	0.35233	0.07531	0.03908	0.02539	0.02872	0.03305	0.02182	0.10759	0.01999	0.02222	0.01440	0.00971	0.00893	0.00294	0.01287	0.00743	0.00537	0.01432
12	0.01999	0.05157	0.59800	0.02841	0.04315	0.02315	0.03683	0.03157	0.02105	0.03157	0.01789	0.02105	0.01263	0.00947	0.00947	0.00316	0.01473	0.00737	0.00421	0.01473
13	0.72007	0.01928	0.01465	0.01311	0.01928	0.02236	0.01080	0.02930	0.01697	0.04473	0.01388	0.01619	0.01080	0.00925	0.00617	0.00308	0.00771	0.00540	0.00617	0.01080
14	0.03084	0.01546	0.02055	0.01754	0.02275	0.01473	0.01420	0.03577	0.05325	0.31030	0.07911	0.11782	0.03741	0.01715	0.01246	0.00339	0.05454	0.07394	0.01036	0.05841
15	0.08678	0.01942	0.02968	0.02853	0.11782	0.01927	0.10781	0.09483	0.02559	0.14717	0.03002	0.08155	0.02601	0.01556	0.01259	0.05148	0.01058	0.07416	0.00794	0.01319
16	0.09204	0.01713	0.02254	0.01741	0.02502	0.01519	0.01438	0.04723	0.02772	0.55586	0.03755	0.03269	0.02370	0.01212	0.00975	0.00308	0.00843	0.00970	0.01191	0.01653
17	0.01443	0.00926	0.01238	0.01415	0.01523	0.00856	0.00963	0.01631	0.01975	0.06531	0.05385	0.60046	0.06304	0.02991	0.01254	0.00398	0.00597	0.02706	0.00947	0.00872
18	0.01968	0.01113	0.01476	0.01425	0.01565	0.01138	0.00992	0.02137	0.09242	0.06365	0.02657	0.08663	0.02543	0.08211	0.03160	0.44019	0.00838	0.01129	0.00629	0.00731
19	0.02570	0.02115	0.03237	0.34570	0.05243	0.02442	0.07739	0.14560	0.02663	0.07698	0.02065	0.02625	0.01513	0.01094	0.01171	0.00331	0.05502	0.00926	0.00632	0.01305
20	0.72007	0.01928	0.01465	0.01311	0.01928	0.02236	0.01080	0.02930	0.01697	0.04473	0.01388	0.01619	0.01080	0.00925	0.00617	0.00308	0.00771	0.00540	0.00617	0.01080
21	0.01714	0.01067	0.01407	0.01492	0.01673	0.01032	0.01093	0.02019	0.05493	0.07425	0.04844	0.34468	0.07745	0.02822	0.01684	0.12249	0.00708	0.09304	0.00874	0.00888
22	0.18026	0.02049	0.02942	0.19747	0.13399	0.02272	0.07549	0.06725	0.06873	0.03574	0.02206	0.06422	0.01844	0.01127	0.00947	0.00324	0.01104	0.00984	0.00616	0.01269
23	0.02619	0.01755	0.02124	0.01545	0.02404	0.01360	0.01246	0.03049	0.02248	0.16141	0.02268	0.02371	0.01704	0.00852	0.00799	0.00185	0.00764	0.00685	0.00738	0.55144
24	0.01883	0.01772	0.02990	0.62569	0.06866	0.02215	0.02769	0.02547	0.01993	0.02547	0.01772	0.02658	0.01329	0.00997	0.00997	0.00332	0.01329	0.00886	0.00443	0.01107
25	0.01411	0.01019	0.01333	0.01254	0.01489	0.00941	0.00941	0.01881	0.02822	0.03998	0.58221	0.07447	0.09406	0.02038	0.01176	0.00314	0.00470	0.01803	0.01097	0.00941
26	0.01241	0.00887	0.01187	0.01419	0.01488	0.00833	0.00972	0.01434	0.01935	0.02575	0.05480	0.60687	0.06535	0.03098	0.01280	0.00409	0.00602	0.06197	0.00925	0.00817
27	0.01450	0.00966	0.01087	0.01087	0.01087	0.00966	0.00604	0.01450	0.01450	0.01933	0.03141	0.06524	0.03624	0.64965	0.05074	0.00966	0.00966	0.01450	0.00604	0.00604
