[name]
unknown

[dist]
# distance from previous block
# <min> <max>
0	135

[block]
# block no. 0 follows, 10 sequences, length 46
# corresponding to MSA columns:
# 152-197
name=unknown_A
#
# <colnr> <probs for GDERKNQSTAVLIFYWHMCP>
#	G	D	E	R	K	N	Q	S	T	A	V	L	I	F	Y	W	H	M	C	P
0	0.01479	0.01056	0.01420	0.01690	0.01785	0.00998	0.01187	0.01726	0.02288	0.03038	0.06376	0.52254	0.07557	0.03586	0.01501	0.00481	0.00728	0.08810	0.01078	0.00962
1	0.02528	0.02370	0.03988	0.17465	0.35219	0.02477	0.03157	0.03171	0.02519	0.03501	0.02731	0.10425	0.02567	0.01417	0.01199	0.00372	0.01324	0.01342	0.00631	0.01597
2	0.02131	0.01403	0.01910	0.01771	0.01969	0.01526	0.01322	0.02380	0.02263	0.07581	0.14718	0.05764	0.04862	0.15231	0.15693	0.08080	0.08024	0.01483	0.00847	0.01042
3	0.02860	0.02814	0.05010	0.06837	0.45684	0.02787	0.09524	0.03590	0.02661	0.03790	0.02210	0.02913	0.01832	0.01029	0.01181	0.00352	0.01460	0.01082	0.00577	0.01805
4	0.03564	0.09285	0.03272	0.02410	0.03168	0.11640	0.01954	0.21149	0.14505	0.05047	0.03995	0.03913	0.07987	0.01543	0.01129	0.00346	0.01249	0.01178	0.00994	0.01674
5	0.01417	0.01012	0.01350	0.01619	0.01687	0.00945	0.01080	0.01619	0.02227	0.02969	0.06410	0.58367	0.07692	0.03644	0.01484	0.00472	0.00675	0.03306	0.01080	0.00945
6	0.10542	0.02506	0.03289	0.27689	0.05449	0.03007	0.02612	0.16864	0.03194	0.04558	0.02180	0.02804	0.01645	0.01318	0.01396	0.00385	0.07337	0.00989	0.00739	0.01497
7	0.02630	0.01944	0.02796	0.08862	0.13648	0.01912	0.02039	0.06354	0.03127	0.09552	0.22091	0.05292	0.05573	0.01640	0.01216	0.00344	0.00968	0.01445	0.00997	0.07570
8	0.67341	0.02249	0.01709	0.01529	0.02249	0.02609	0.01260	0.03419	0.01979	0.05218	0.01619	0.01889	0.01260	0.01080	0.00720	0.00360	0.00900	0.00630	0.00720	0.01260
9	0.03244	0.01773	0.02207	0.01958	0.02533	0.01752	0.01582	0.04372	0.13595	0.21112	0.13310	0.06448	0.05142	0.01927	0.01253	0.00390	0.00871	0.08444	0.06522	0.01565
10	0.02726	0.02607	0.04444	0.18171	0.42035	0.02723	0.03493	0.03435	0.02576	0.03614	0.02161	0.02928	0.01777	0.01065	0.01154	0.00355	0.01420	0.01036	0.00562	0.01719
11	0.01500	0.01103	0.01406	0.01499	0.01691	0.01009	0.01060	0.01850	0.02699	0.03652	0.24598	0.32650	0.14875	0.03056	0.01426	0.00420	0.00614	0.02723	0.01158	0.01009
12	0.01792	0.01050	0.01499	0.01626	0.01681	0.01026	0.01136	0.01657	0.01901	0.02524	0.04045	0.23860	0.04557	0.03804	0.03128	0.35432	0.00900	0.06885	0.00773	0.00726
13	0.67341	0.02249	0.01709	0.01529	0.02249	0.02609	0.01260	0.03419	0.01979	0.05218	0.01619	0.01889	0.01260	0.01080	0.00720	0.00360	0.00900	0.00630	0.00720	0.01260
14	0.02468	0.01536	0.01851	0.01694	0.02179	0.01453	0.01340	0.03291	0.09324	0.13650	0.19244	0.08374	0.19809	0.02340	0.01332	0.00395	0.00754	0.06412	0.01217	0.01336
15	0.01568	0.01170	0.01456	0.01417	0.01698	0.01059	0.01051	0.02031	0.03060	0.04188	0.38833	0.13746	0.19211	0.02613	0.01383	0.00381	0.00569	0.02287	0.01220	0.01059
16	0.02888	0.01927	0.02208	0.01921	0.02472	0.01953	0.01496	0.15387	0.06996	0.11263	0.11393	0.16453	0.14223	0.02285	0.01296	0.00389	0.00871	0.01936	0.01183	0.01461
17	0.02447	0.11978	0.42152	0.03130	0.04576	0.03019	0.03834	0.03563	0.02371	0.03475	0.01971	0.02396	0.01481	0.01194	0.01359	0.00370	0.07699	0.00849	0.00494	0.01643
18	0.01591	0.01173	0.01487	0.01437	0.01711	0.01069	0.01067	0.02077	0.03119	0.04320	0.42267	0.13077	0.16168	0.02558	0.01381	0.00378	0.00564	0.02249	0.01237	0.01069
19	0.03729	0.03207	0.02959	0.02530	0.03261	0.12835	0.01990	0.15298	0.26601	0.09395	0.03718	0.03525	0.02740	0.01451	0.01152	0.00363	0.01234	0.01133	0.01090	0.01790
20	0.03234	0.14035	0.09350	0.02337	0.03234	0.08346	0.02145	0.03750	0.02572	0.11500	0.02302	0.02554	0.01791	0.01207	0.01339	0.00301	0.08776	0.00827	0.00720	0.19680
21	0.02627	0.02133	0.03530	0.44565	0.12205	0.02501	0.03088	0.03355	0.02479	0.08919	0.02377	0.03178	0.01739	0.01182	0.01162	0.00380	0.01466	0.01050	0.00632	0.01433
22	0.45650	0.03506	0.18857	0.02125	0.03178	0.02640	0.02273	0.03507	0.02138	0.04706	0.01776	0.02078	0.01331	0.01088	0.00848	0.00363	0.01173	0.00706	0.00643	0.01413
23	0.01471	0.01051	0.01411	0.01681	0.01772	0.00991	0.01173	0.01713	0.02280	0.03029	0.06381	0.53035	0.07575	0.03593	0.01499	0.00480	0.00721	0.08107	0.01079	0.00960
24	0.02113	0.01646	0.01868	0.01686	0.02130	0.01661	0.01299	0.08121	0.11066	0.04639	0.28221	0.07887	0.18564	0.02269	0.01317	0.00375	0.00706	0.01935	0.01202	0.01296
25	0.01620	0.01192	0.01533	0.01556	0.01821	0.01104	0.01196	0.02092	0.02977	0.04061	0.33110	0.15620	0.15334	0.02743	0.01425	0.00410	0.00656	0.09295	0.01195	0.01059
26	0.04421	0.03258	0.03490	0.02676	0.03607	0.03607	0.02211	0.47993	0.05468	0.07330	0.02792	0.02792	0.01978	0.01396	0.01163	0.00349	0.01280	0.01047	0.01163	0.01978
27	0.01471	0.01050	0.01411	0.01681	0.01771	0.00991	0.01173	0.01712	0.02279	0.03029	0.06381	0.53072	0.07575	0.03593	0.01499	0.00480	0.00721	0.08074	0.01079	0.00959
28	0.02749	0.02175	0.02929	0.02107	0.03142	0.01719	0.06466	0.03309	0.02546	0.09025	0.02369	0.02657	0.01851	0.00936	0.00950	0.00216	0.00995	0.00815	0.00759	0.52284
29	0.03181	0.13010	0.03905	0.02859	0.03205	0.19053	0.02362	0.03468	0.02334	0.02803	0.01623	0.02297	0.01512	0.01610	0.02471	0.00402	0.31166	0.00871	0.00534	0.01332
30	0.67341	0.02249	0.01709	0.01529	0.02249	0.02609	0.01260	0.03419	0.01979	0.05218	0.01619	0.01889	0.01260	0.01080	0.00720	0.00360	0.00900	0.00630	0.00720	0.01260
31	0.01417	0.01012	0.01350	0.01619	0.01687	0.00945	0.01080	0.01619	0.02227	0.02969	0.06410	0.58367	0.07692	0.03644	0.01484	0.00472	0.00675	0.03306	0.01080	0.00945
32	0.02413	0.02289	0.03881	0.40676	0.21968	0.02641	0.03338	0.03162	0.02428	0.03235	0.02106	0.03030	0.01643	0.01123	0.01159	0.00374	0.01497	0.01034	0.00536	0.01467
33	0.67341	0.02249	0.01709	0.01529	0.02249	0.02609	0.01260	0.03419	0.01979	0.05218	0.01619	0.01889	0.01260	0.01080	0.00720	0.00360	0.00900	0.00630	0.00720	0.01260
34	0.02793	0.02473	0.03046	0.02642	0.03004	0.03107	0.02142	0.09231	0.19025	0.04046	0.02969	0.03419	0.02436	0.02517	0.08019	0.00596	0.25022	0.01150	0.00834	0.01529
35	0.01646	0.01189	0.01555	0.01463	0.01738	0.01097	0.01097	0.02195	0.03292	0.04664	0.51257	0.08688	0.10974	0.02378	0.01372	0.00366	0.00549	0.02103	0.01280	0.01097
36	0.03652	0.02169	0.02595	0.02050	0.02883	0.02048	0.01650	0.09380	0.12234	0.21853	0.08039	0.03945	0.03356	0.01401	0.01112	0.00319	0.00936	0.01148	0.01157	0.18073
37	0.03032	0.02054	0.03078	0.22003	0.10002	0.02086	0.02371	0.03635	0.02594	0.15734	0.02801	0.03276	0.02062	0.01775	0.05454	0.00454	0.01381	0.01017	0.00799	0.14390
38	0.04965	0.02618	0.02922	0.02290	0.03164	0.07746	0.01867	0.14039	0.03754	0.38247	0.03929	0.03525	0.02550	0.01405	0.01155	0.00351	0.01167	0.01100	0.01294	0.01911
39	0.02715	0.05235	0.42243	0.03339	0.04904	0.02611	0.08643	0.03920	0.02589	0.09421	0.02408	0.02705	0.01669	0.01131	0.01141	0.00370	0.01659	0.00951	0.00613	0.01733
40	0.04399	0.01798	0.02437	0.01930	0.02687	0.01569	0.01569	0.04872	0.03320	0.41671	0.15286	0.05043	0.04735	0.01655	0.01216	0.00361	0.00889	0.01384	0.01403	0.01777
41	0.11516	0.02760	0.02989	0.02413	0.03226	0.03005	0.02007	0.32634	0.04482	0.10831	0.03279	0.04192	0.02616	0.01609	0.01172	0.00377	0.01180	0.06819	0.01125	0.01771
42	0.08988	0.40370	0.10841	0.02245	0.03165	0.04051	0.02266	0.03408	0.02259	0.03089	0.01660	0.02029	0.01473	0.01156	0.01201	0.00308	0.08799	0.00704	0.00519	0.01467
43	0.02799	0.01704	0.02157	0.01793	0.02408	0.01545	0.01402	0.03477	0.07179	0.14968	0.15477	0.04827	0.04639	0.02421	0.06284	0.05821	0.01034	0.01293	0.01035	0.17737
44	0.09497	0.01403	0.01569	0.01603	0.01808	0.01445	0.01095	0.06216	0.02342	0.03429	0.04686	0.31307	0.05363	0.19769	0.02695	0.00644	0.00894	0.02296	0.00933	0.01007
45	0.03251	0.07087	0.02586	0.05776	0.02796	0.01821	0.01583	0.03695	0.02848	0.23025	0.14841	0.05209	0.04679	0.07652	0.07435	0.00588	0.01196	0.01383	0.01090	0.01457

[dist]
# distance from previous block
# <min> <max>
0	56

[block]
# block no. 1 follows, 10 sequences, length 11
# corresponding to MSA columns:
# 257-267
name=unknown_B
#
# <colnr> <probs for GDERKNQSTAVLIFYWHMCP>
#	G	D	E	R	K	N	Q	S	T	A	V	L	I	F	Y	W	H	M	C	P
0	0.08850	0.15364	0.08095	0.02518	0.07041	0.02786	0.02050	0.07774	0.08581	0.07578	0.03816	0.11357	0.06228	0.01676	0.01086	0.00356	0.01086	0.01360	0.00865	0.01532
1	0.03506	0.21242	0.14490	0.02369	0.03378	0.09285	0.02359	0.04115	0.02834	0.16042	0.07103	0.03193	0.02725	0.01287	0.01028	0.00320	0.01321	0.00967	0.00825	0.01612
2	0.02374	0.02116	0.07621	0.08810	0.07333	0.01786	0.02018	0.03196	0.07171	0.09735	0.12656	0.16706	0.09468	0.02117	0.01282	0.00394	0.00981	0.01855	0.00996	0.01385
3	0.11696	0.02205	0.08176	0.01793	0.02551	0.01646	0.01606	0.02929	0.02554	0.08976	0.09142	0.11305	0.12262	0.01831	0.01117	0.00337	0.00886	0.01512	0.00920	0.16556
4	0.09030	0.14654	0.03470	0.02074	0.03025	0.02873	0.01773	0.15809	0.03333	0.11715	0.02496	0.02579	0.01871	0.01138	0.00952	0.00280	0.01079	0.00837	0.00889	0.20121
5	0.01417	0.01012	0.01350	0.01619	0.01687	0.00945	0.01080	0.01619	0.02227	0.02969	0.06410	0.58367	0.07692	0.03644	0.01484	0.00472	0.00675	0.03306	0.01080	0.00945
6	0.03201	0.03426	0.17062	0.02543	0.03542	0.02601	0.02504	0.14702	0.13383	0.10990	0.10222	0.04018	0.03577	0.01499	0.01182	0.00368	0.01188	0.01218	0.01027	0.01748
7	0.03558	0.11772	0.03548	0.02660	0.07626	0.02878	0.02002	0.20050	0.03657	0.10893	0.03043	0.08566	0.02560	0.01461	0.01086	0.00321	0.01124	0.01178	0.00958	0.11058
8	0.10991	0.01229	0.01464	0.01668	0.01854	0.01232	0.01200	0.01973	0.02244	0.03354	0.05689	0.44848	0.06645	0.03222	0.01389	0.00464	0.00754	0.07748	0.01027	0.01005
9	0.01685	0.01151	0.01389	0.01389	0.01430	0.01193	0.00854	0.01768	0.01727	0.02344	0.03555	0.07003	0.03964	0.49051	0.15634	0.01276	0.01525	0.01602	0.00688	0.00771
10	0.02404	0.02964	0.13450	0.07321	0.09838	0.02560	0.08034	0.03125	0.02412	0.03617	0.06789	0.03507	0.02670	0.01470	0.01800	0.00390	0.15091	0.01142	0.09992	0.01425

[dist]
# distance from previous block
# <min> <max>
0	37

[block]
# block no. 2 follows, 10 sequences, length 14
# corresponding to MSA columns:
# 305-318
name=unknown_C
#
# <colnr> <probs for GDERKNQSTAVLIFYWHMCP>
#	G	D	E	R	K	N	Q	S	T	A	V	L	I	F	Y	W	H	M	C	P
0	0.02401	0.01581	0.01961	0.01610	0.02226	0.01321	0.01258	0.02901	0.02965	0.11522	0.25285	0.06245	0.10539	0.01815	0.01182	0.00307	0.00716	0.01553	0.01102	0.21509
1	0.67341	0.02249	0.01709	0.01529	0.02249	0.02609	0.01260	0.03419	0.01979	0.05218	0.01619	0.01889	0.01260	0.01080	0.00720	0.00360	0.00900	0.00630	0.00720	0.01260
2	0.03151	0.02947	0.06180	0.04437	0.05568	0.02739	0.40113	0.04044	0.02841	0.11754	0.02720	0.03272	0.01947	0.01056	0.01339	0.00387	0.01802	0.01339	0.00728	0.01636
3	0.01490	0.01103	0.01320	0.01416	0.01587	0.01011	0.00962	0.01731	0.02397	0.03133	0.13929	0.29328	0.19009	0.13475	0.02254	0.00556	0.00717	0.02608	0.01040	0.00933
4	0.01533	0.01101	0.01453	0.01540	0.01713	0.01022	0.01089	0.01910	0.02765	0.03826	0.29081	0.33254	0.09351	0.03004	0.01427	0.00418	0.00611	0.02698	0.01181	0.01022
5	0.02429	0.11702	0.04427	0.39633	0.06894	0.02969	0.09751	0.03170	0.02395	0.03047	0.02037	0.02904	0.01573	0.01108	0.01126	0.00366	0.01562	0.01017	0.00524	0.01367
6	0.09786	0.01319	0.01387	0.01291	0.01674	0.01320	0.00996	0.02989	0.02612	0.09118	0.11407	0.04735	0.04086	0.01500	0.00928	0.00305	0.00627	0.01208	0.41520	0.01192
7	0.02917	0.01970	0.02471	0.02380	0.06790	0.02005	0.01694	0.10417	0.11054	0.12312	0.25065	0.05870	0.06391	0.01841	0.01260	0.00365	0.00859	0.01582	0.01210	0.01549
8	0.01605	0.01187	0.01498	0.01420	0.01712	0.01080	0.01065	0.02115	0.03195	0.04434	0.45282	0.09067	0.17094	0.02464	0.01372	0.00370	0.00555	0.02157	0.01250	0.01080
9	0.02021	0.01603	0.02018	0.06571	0.02686	0.01701	0.01560	0.03259	0.14903	0.04306	0.26611	0.11327	0.07526	0.02258	0.01341	0.00402	0.00800	0.06669	0.01150	0.01289
10	0.13749	0.12029	0.09518	0.07817	0.04093	0.07376	0.06327	0.17423	0.03383	0.04792	0.02159	0.02473	0.01634	0.01177	0.01031	0.00341	0.01413	0.00898	0.00758	0.01608
11	0.02377	0.01624	0.02261	0.02677	0.10247	0.01585	0.01668	0.06840	0.02732	0.09175	0.05164	0.37759	0.05638	0.02750	0.01363	0.00427	0.00884	0.02475	0.01046	0.01308
12	0.14504	0.11588	0.07670	0.08174	0.11899	0.02802	0.09194	0.03388	0.02410	0.03798	0.01980	0.02484	0.01595	0.01014	0.00988	0.00314	0.01304	0.00872	0.00601	0.13421
13	0.03273	0.15480	0.08108	0.03887	0.19309	0.03019	0.02619	0.04437	0.12321	0.11789	0.02968	0.03097	0.02255	0.01210	0.01068	0.00338	0.01219	0.01009	0.00818	0.01777

[dist]
# distance from previous block
# <min> <max>
0	67

[block]
# block no. 3 follows, 10 sequences, length 52
# corresponding to MSA columns:
# 386-437
name=unknown_D
#
# <colnr> <probs for GDERKNQSTAVLIFYWHMCP>
#	G	D	E	R	K	N	Q	S	T	A	V	L	I	F	Y	W	H	M	C	P
0	0.55186	0.02365	0.01963	0.01717	0.02450	0.02728	0.01404	0.07731	0.07085	0.05374	0.02038	0.02217	0.01554	0.01158	0.00806	0.00362	0.00936	0.00736	0.00806	0.01383
1	0.16294	0.02738	0.03907	0.05272	0.33935	0.02868	0.02878	0.10719	0.02967	0.04660	0.02169	0.02663	0.01745	0.01103	0.01065	0.00349	0.01267	0.00955	0.00700	0.01745
2	0.03467	0.02715	0.03664	0.08970	0.04245	0.02946	0.09495	0.17284	0.19314	0.10143	0.03477	0.03524	0.02516	0.01368	0.01205	0.00377	0.01270	0.01201	0.01032	0.01788
3	0.38014	0.02278	0.02232	0.01815	0.02636	0.02390	0.01493	0.09005	0.02760	0.17283	0.02546	0.02566	0.01796	0.01184	0.00898	0.00340	0.00962	0.00819	0.00949	0.08035
4	0.36945	0.01983	0.02110	0.12269	0.03361	0.02233	0.01665	0.03297	0.02240	0.09813	0.02819	0.11489	0.02540	0.01551	0.00981	0.00383	0.01000	0.01202	0.00820	0.01297
5	0.03115	0.03213	0.04490	0.06469	0.44068	0.11119	0.03356	0.03743	0.02753	0.03646	0.02125	0.02752	0.01787	0.01062	0.01135	0.00338	0.01497	0.00990	0.00580	0.01762
6	0.02898	0.02305	0.03418	0.36162	0.06230	0.02773	0.02835	0.10500	0.02872	0.08638	0.02376	0.03074	0.01750	0.01327	0.01465	0.00392	0.07755	0.01048	0.00713	0.01470
7	0.01501	0.01183	0.01354	0.01311	0.01649	0.01036	0.00983	0.01914	0.02950	0.03851	0.30182	0.10025	0.32557	0.02681	0.01373	0.00380	0.00570	0.02291	0.01173	0.01036
8	0.03190	0.19659	0.15954	0.02659	0.03746	0.03134	0.07020	0.10863	0.03132	0.09680	0.07495	0.03230	0.02738	0.01279	0.01074	0.00332	0.01332	0.01038	0.00801	0.01646
9	0.01417	0.01012	0.01350	0.01619	0.01687	0.00945	0.01080	0.01619	0.02227	0.02969	0.06410	0.58367	0.07692	0.03644	0.01484	0.00472	0.00675	0.03306	0.01080	0.00945
10	0.04283	0.03189	0.03413	0.02648	0.03554	0.03542	0.02177	0.44219	0.09467	0.07107	0.02968	0.02932	0.02120	0.01413	0.01165	0.00353	0.01247	0.01071	0.01165	0.01966
11	0.01865	0.01472	0.01770	0.01782	0.02120	0.01422	0.01276	0.02718	0.11504	0.03470	0.05382	0.38813	0.05922	0.02792	0.01325	0.00409	0.00753	0.02496	0.01037	0.11673
12	0.02632	0.01983	0.03125	0.35795	0.05961	0.02358	0.02668	0.03236	0.02420	0.10988	0.02912	0.09465	0.02461	0.01580	0.01477	0.00405	0.07130	0.01312	0.00729	0.01362
13	0.01947	0.01410	0.01735	0.01760	0.02007	0.01405	0.01266	0.09227	0.02958	0.04004	0.14552	0.39717	0.07407	0.03034	0.01411	0.00432	0.00748	0.02707	0.01132	0.01141
14	0.03469	0.03147	0.10553	0.09099	0.08948	0.02745	0.02579	0.20306	0.03675	0.10098	0.02617	0.02847	0.01895	0.01209	0.01105	0.00328	0.01287	0.00972	0.00886	0.12236
15	0.02848	0.09350	0.04664	0.09910	0.21828	0.06752	0.11008	0.03507	0.02612	0.03507	0.02092	0.02698	0.01713	0.01018	0.01092	0.00316	0.01460	0.00973	0.00583	0.12068
16	0.01733	0.01327	0.01876	0.10409	0.02807	0.01344	0.01511	0.02282	0.02973	0.04113	0.34728	0.13165	0.08734	0.02384	0.01371	0.00395	0.00771	0.05848	0.01118	0.01111
17	0.02575	0.02211	0.02298	0.02017	0.02445	0.11741	0.06521	0.03100	0.02548	0.03712	0.03132	0.03802	0.02542	0.02473	0.09603	0.00549	0.01422	0.01078	0.35047	0.01183
18	0.11019	0.08658	0.11631	0.11038	0.04112	0.02590	0.02416	0.08386	0.02969	0.21699	0.02954	0.03011	0.02019	0.01249	0.01063	0.00354	0.01246	0.00967	0.00928	0.01693
19	0.50911	0.02528	0.02146	0.10525	0.03307	0.07461	0.01671	0.03461	0.02159	0.04633	0.01709	0.02105	0.01329	0.01104	0.00822	0.00359	0.01117	0.00706	0.00676	0.01273
20	0.02043	0.01232	0.01541	0.01555	0.01867	0.01094	0.01129	0.02346	0.02629	0.11222	0.12112	0.31620	0.19236	0.02968	0.01392	0.00422	0.00689	0.02606	0.01158	0.01138
21	0.34592	0.16838	0.03144	0.01865	0.02687	0.03133	0.01618	0.08026	0.05810	0.09553	0.02241	0.02344	0.01706	0.01158	0.00845	0.00333	0.01032	0.00768	0.00810	0.01498
22	0.08895	0.02187	0.03013	0.03622	0.19061	0.02162	0.02152	0.08277	0.02940	0.08711	0.08008	0.12377	0.03745	0.01655	0.01160	0.00353	0.01038	0.01449	0.00898	0.08296
23	0.13307	0.13816	0.21487	0.02478	0.03591	0.02886	0.02671	0.03653	0.02385	0.08789	0.02134	0.02420	0.01618	0.01179	0.01215	0.00338	0.06518	0.00810	0.00649	0.08056
24	0.04601	0.02448	0.02893	0.02241	0.03097	0.02468	0.01844	0.23579	0.04167	0.28837	0.03745	0.03492	0.02501	0.01413	0.01135	0.00347	0.01074	0.01109	0.07111	0.01898
25	0.01443	0.01032	0.01373	0.01602	0.01693	0.00962	0.01082	0.01685	0.02348	0.03162	0.11509	0.52719	0.08065	0.03500	0.01472	0.00460	0.00660	0.03170	0.01102	0.00962
26	0.02560	0.01946	0.02736	0.02589	0.07159	0.01944	0.06221	0.03819	0.14846	0.09843	0.20758	0.06231	0.10637	0.01867	0.01282	0.00376	0.00914	0.01665	0.01120	0.01488
27	0.02797	0.15424	0.30519	0.02670	0.04052	0.02782	0.03107	0.03729	0.02521	0.08614	0.02253	0.02490	0.01664	0.01079	0.01003	0.00312	0.01412	0.00818	0.00623	0.12131
28	0.67341	0.02249	0.01709	0.01529	0.02249	0.02609	0.01260	0.03419	0.01979	0.05218	0.01619	0.01889	0.01260	0.01080	0.00720	0.00360	0.00900	0.00630	0.00720	0.01260
29	0.03095	0.01703	0.02144	0.01950	0.02414	0.01661	0.01524	0.09694	0.03021	0.18069	0.04861	0.17303	0.04704	0.11559	0.02087	0.00540	0.01006	0.10149	0.01134	0.01382
30	0.03592	0.01761	0.02591	0.02056	0.02730	0.01586	0.06194	0.04136	0.03115	0.27993	0.15674	0.05094	0.04765	0.01608	0.01183	0.00350	0.00910	0.01406	0.11680	0.01576
31	0.02032	0.01220	0.01590	0.01599	0.01877	0.01104	0.01159	0.02381	0.02739	0.10695	0.19849	0.31574	0.11907	0.02888	0.01396	0.00417	0.00676	0.02565	0.01191	0.01143
32	0.10119	0.02280	0.02506	0.01855	0.02836	0.02003	0.01499	0.10269	0.02857	0.04524	0.02133	0.02414	0.01711	0.00973	0.00894	0.00222	0.00933	0.00740	0.00769	0.48461
33	0.05218	0.01979	0.02699	0.02069	0.02969	0.01709	0.01709	0.05668	0.03329	0.52677	0.04588	0.03959	0.02879	0.01439	0.01170	0.00360	0.00990	0.01170	0.01439	0.01979
34	0.02673	0.01573	0.01824	0.01624	0.02066	0.01578	0.01288	0.10163	0.03269	0.09688	0.16822	0.05907	0.05270	0.01791	0.01118	0.00339	0.00748	0.04656	0.26282	0.01321
35	0.01646	0.01189	0.01555	0.01463	0.01738	0.01097	0.01097	0.02195	0.03292	0.04664	0.51257	0.08688	0.10974	0.02378	0.01372	0.00366	0.00549	0.02103	0.01280	0.01097
36	0.02764	0.02882	0.04515	0.20266	0.09367	0.07633	0.17569	0.04036	0.11647	0.03634	0.02655	0.03239	0.02021	0.01176	0.01224	0.00379	0.01604	0.01173	0.00680	0.01536
37	0.10766	0.03156	0.03311	0.02560	0.03470	0.03506	0.02115	0.43498	0.05116	0.07117	0.02674	0.02701	0.01905	0.01364	0.01119	0.00350	0.01241	0.01005	0.01119	0.01905
38	0.02020	0.01291	0.01692	0.01612	0.01957	0.01189	0.01268	0.02537	0.03147	0.09168	0.36266	0.09122	0.12568	0.02462	0.01390	0.00395	0.00680	0.08816	0.01247	0.01173
39	0.02333	0.06016	0.53100	0.03315	0.05034	0.02701	0.04297	0.03683	0.02455	0.03683	0.02087	0.02455	0.01473	0.01105	0.01105	0.00368	0.01719	0.00859	0.00491	0.01719
40	0.03322	0.53992	0.05752	0.01998	0.02983	0.04310	0.01962	0.03703	0.02461	0.07773	0.01917	0.02077	0.01632	0.01040	0.00789	0.00260	0.01218	0.00677	0.00593	0.01542
41	0.02545	0.02545	0.03562	0.03053	0.03053	0.03562	0.02545	0.02799	0.01781	0.02799	0.01527	0.02545	0.01527	0.02036	0.03817	0.00509	0.56997	0.01018	0.00509	0.01272
42	0.67341	0.02249	0.01709	0.01529	0.02249	0.02609	0.01260	0.03419	0.01979	0.05218	0.01619	0.01889	0.01260	0.01080	0.00720	0.00360	0.00900	0.00630	0.00720	0.01260
43	0.02243	0.01340	0.01880	0.01778	0.02055	0.01428	0.01342	0.02578	0.02069	0.10687	0.03466	0.05094	0.03174	0.17873	0.35936	0.01473	0.02364	0.01325	0.00772	0.01122
44	0.01804	0.01432	0.01656	0.01620	0.01964	0.01425	0.01203	0.02812	0.12876	0.04019	0.23288	0.18014	0.18261	0.02587	0.01354	0.00399	0.00662	0.02251	0.01173	0.01200
45	0.01438	0.01028	0.01368	0.01605	0.01691	0.00958	0.01081	0.01671	0.02323	0.03122	0.10459	0.53883	0.07989	0.03529	0.01474	0.00463	0.00663	0.03198	0.01098	0.00958
46	0.03906	0.13546	0.08248	0.02558	0.03506	0.08583	0.02280	0.23567	0.08844	0.09585	0.02785	0.02795	0.02043	0.01302	0.01075	0.00334	0.01332	0.00964	0.00955	0.01791
47	0.01764	0.01248	0.01426	0.01450	0.01531	0.01276	0.00894	0.02145	0.06796	0.02663	0.04300	0.16953	0.04819	0.42554	0.04581	0.00926	0.01020	0.01960	0.00826	0.00869
48	0.67341	0.02249	0.01709	0.01529	0.02249	0.02609	0.01260	0.03419	0.01979	0.05218	0.01619	0.01889	0.01260	0.01080	0.00720	0.00360	0.00900	0.00630	0.00720	0.01260
49	0.01502	0.01171	0.01243	0.01225	0.01583	0.01014	0.00919	0.01869	0.02756	0.03550	0.18716	0.10063	0.38997	0.02686	0.01321	0.00376	0.00577	0.02258	0.07161	0.01014
50	0.03407	0.13602	0.04575	0.05001	0.30914	0.03041	0.02870	0.08018	0.02957	0.11017	0.02483	0.02834	0.01939	0.01121	0.01078	0.00329	0.01289	0.00977	0.00741	0.01808
51	0.50452	0.17389	0.02862	0.01651	0.02443	0.03133	0.01452	0.03436	0.02080	0.04566	0.01619	0.01883	0.01321	0.01057	0.00727	0.00331	0.00990	0.00628	0.00661	0.01321

[dist]
# distance from previous block
# <min> <max>
0	1

[block]
# block no. 4 follows, 10 sequences, length 10
# corresponding to MSA columns:
# 439-448
name=unknown_E
#
# <colnr> <probs for GDERKNQSTAVLIFYWHMCP>
#	G	D	E	R	K	N	Q	S	T	A	V	L	I	F	Y	W	H	M	C	P
0	0.02580	0.02079	0.02339	0.01990	0.02619	0.02145	0.01557	0.09416	0.20453	0.04911	0.19534	0.05258	0.05509	0.01695	0.01187	0.00340	0.00830	0.01434	0.01126	0.12999
1	0.03214	0.02604	0.02753	0.02347	0.03063	0.02927	0.01862	0.18533	0.31689	0.05453	0.04818	0.04526	0.07673	0.01654	0.01196	0.00380	0.00998	0.01343	0.01167	0.01800
2	0.51382	0.02180	0.01964	0.01668	0.02434	0.02378	0.01375	0.03997	0.02326	0.17410	0.02382	0.02421	0.01676	0.01172	0.00835	0.00360	0.00923	0.00768	0.00905	0.01444
3	0.01691	0.01128	0.01268	0.01268	0.01268	0.01128	0.00705	0.01691	0.01691	0.02255	0.03665	0.07611	0.04228	0.59126	0.05920	0.01128	0.01128	0.01691	0.00705	0.00705
4	0.01417	0.01012	0.01350	0.01619	0.01687	0.00945	0.01080	0.01619	0.02227	0.02969	0.06410	0.58367	0.07692	0.03644	0.01484	0.00472	0.00675	0.03306	0.01080	0.00945
5	0.02668	0.02887	0.10182	0.07410	0.04048	0.02221	0.07539	0.08671	0.02825	0.04128	0.02193	0.02613	0.01709	0.01002	0.01020	0.00267	0.01225	0.00869	0.00692	0.35830
6	0.02820	0.02268	0.03757	0.33826	0.20730	0.02519	0.03125	0.03525	0.02562	0.10059	0.02451	0.03151	0.01822	0.01162	0.01160	0.00371	0.01422	0.01053	0.00662	0.01555
7	0.03231	0.09633	0.04322	0.05149	0.32381	0.02862	0.02880	0.04208	0.09225	0.10537	0.02800	0.03105	0.02178	0.01162	0.01109	0.00342	0.01247	0.01042	0.00769	0.01818
8	0.04072	0.12956	0.03786	0.02590	0.03347	0.14184	0.02152	0.20255	0.03761	0.11317	0.02483	0.02622	0.01866	0.01369	0.01385	0.00342	0.08012	0.00927	0.00894	0.01681
9	0.02647	0.01589	0.02121	0.01867	0.02133	0.01727	0.01434	0.02892	0.02448	0.13124	0.14342	0.05245	0.04568	0.10069	0.02863	0.09593	0.12614	0.01399	0.06150	0.01173

[dist]
# distance from previous block
# <min> <max>
2	8

[block]
# block no. 5 follows, 10 sequences, length 17
# corresponding to MSA columns:
# 457-473
name=unknown_F
#
# <colnr> <probs for GDERKNQSTAVLIFYWHMCP>
#	G	D	E	R	K	N	Q	S	T	A	V	L	I	F	Y	W	H	M	C	P
0	0.09697	0.13290	0.03396	0.18967	0.04339	0.02857	0.02160	0.11297	0.02976	0.04164	0.07791	0.08322	0.03169	0.01523	0.01086	0.00356	0.01182	0.01236	0.00790	0.01402
1	0.03343	0.02646	0.08063	0.02246	0.03128	0.02252	0.01964	0.11910	0.12021	0.15138	0.03726	0.09382	0.02996	0.01549	0.01137	0.00340	0.01045	0.01282	0.01050	0.14780
2	0.01409	0.01045	0.01315	0.01531	0.01664	0.00952	0.01041	0.01629	0.02311	0.03003	0.07481	0.48964	0.16404	0.03505	0.01463	0.00456	0.00658	0.03137	0.01080	0.00952
3	0.02449	0.01666	0.02631	0.12910	0.03658	0.01649	0.06655	0.02938	0.02651	0.12570	0.09576	0.22112	0.09164	0.02262	0.01328	0.00408	0.01028	0.02050	0.01001	0.01294
4	0.02369	0.02089	0.02875	0.16806	0.09372	0.02036	0.02120	0.03245	0.07098	0.03773	0.07667	0.03511	0.02869	0.01194	0.01059	0.00291	0.01072	0.01032	0.00743	0.28780
5	0.67341	0.02249	0.01709	0.01529	0.02249	0.02609	0.01260	0.03419	0.01979	0.05218	0.01619	0.01889	0.01260	0.01080	0.00720	0.00360	0.00900	0.00630	0.00720	0.01260
6	0.10355	0.02184	0.03160	0.08687	0.08138	0.02219	0.06530	0.08123	0.03019	0.17760	0.03731	0.05366	0.03110	0.01675	0.01234	0.00402	0.01216	0.10524	0.00993	0.01575
7	0.01427	0.01094	0.01309	0.01437	0.01649	0.00976	0.01009	0.01702	0.02504	0.03223	0.13438	0.35208	0.24360	0.03241	0.01431	0.00431	0.00629	0.02854	0.01102	0.00976
8	0.01429	0.01084	0.01319	0.01464	0.01656	0.00973	0.01020	0.01699	0.02478	0.03211	0.13063	0.38083	0.21749	0.03285	0.01438	0.00436	0.00634	0.02906	0.01102	0.00973
9	0.02785	0.36303	0.20577	0.02380	0.03609	0.03658	0.02653	0.03484	0.02398	0.03154	0.01816	0.02114	0.01512	0.01015	0.00873	0.00278	0.01351	0.00705	0.00517	0.08818
10	0.01646	0.01189	0.01555	0.01463	0.01738	0.01097	0.01097	0.02195	0.03292	0.04664	0.51257	0.08688	0.10974	0.02378	0.01372	0.00366	0.00549	0.02103	0.01280	0.01097
11	0.02176	0.01422	0.01800	0.01631	0.02016	0.01365	0.01248	0.03021	0.08503	0.09929	0.40950	0.07684	0.09258	0.02186	0.01329	0.00368	0.00638	0.01913	0.01287	0.01277
12	0.01519	0.01184	0.01378	0.01329	0.01659	0.01043	0.00997	0.01948	0.02991	0.03949	0.32711	0.09865	0.29967	0.02644	0.01373	0.00378	0.00568	0.02268	0.01186	0.01043
13	0.10360	0.02396	0.02546	0.08029	0.03366	0.06360	0.01850	0.04811	0.21578	0.13585	0.04028	0.09586	0.03244	0.01647	0.01150	0.00384	0.01064	0.01354	0.01053	0.01608
14	0.17141	0.02527	0.02722	0.02624	0.08162	0.07819	0.01863	0.08277	0.03060	0.23342	0.03432	0.08382	0.02670	0.01505	0.01092	0.00362	0.01130	0.01195	0.01047	0.01648
15	0.11103	0.08001	0.03233	0.02626	0.07412	0.02759	0.01972	0.12999	0.12160	0.20765	0.03450	0.03285	0.02431	0.01338	0.01079	0.00352	0.01080	0.01049	0.01092	0.01814
16	0.10393	0.02409	0.07427	0.02416	0.07283	0.01886	0.01912	0.03848	0.02758	0.18574	0.08151	0.03545	0.03012	0.01262	0.01043	0.00304	0.00999	0.01027	0.00951	0.20799

[dist]
# distance from previous block
# <min> <max>
2	25

[block]
# block no. 6 follows, 10 sequences, length 22
# corresponding to MSA columns:
# 499-505,516-530
name=unknown_G
#
# <colnr> <probs for GDERKNQSTAVLIFYWHMCP>
#	G	D	E	R	K	N	Q	S	T	A	V	L	I	F	Y	W	H	M	C	P
0	0.27613	0.02681	0.02665	0.17728	0.04269	0.09063	0.02055	0.07477	0.02612	0.04306	0.01929	0.02407	0.01491	0.01123	0.00946	0.00339	0.01269	0.00807	0.00683	0.08538
1	0.02327	0.01800	0.02080	0.08127	0.02829	0.06653	0.01572	0.02780	0.02744	0.08944	0.17956	0.11826	0.09893	0.03382	0.11142	0.00654	0.01360	0.01748	0.00980	0.01205
2	0.01643	0.01196	0.01523	0.01500	0.01728	0.01154	0.01108	0.02043	0.02693	0.03699	0.28175	0.08624	0.13068	0.13808	0.08882	0.00712	0.01024	0.05366	0.01051	0.01002
3	0.02629	0.02444	0.03525	0.03302	0.09468	0.02616	0.09378	0.04271	0.21022	0.04013	0.03546	0.08892	0.03031	0.01589	0.01495	0.00384	0.07321	0.01384	0.00872	0.08817
4	0.01730	0.01172	0.01479	0.01402	0.01676	0.01095	0.01052	0.02278	0.03155	0.04611	0.43621	0.07988	0.09688	0.02213	0.01282	0.00351	0.00548	0.01939	0.11626	0.01095
5	0.03600	0.09501	0.03416	0.02461	0.03280	0.03410	0.02023	0.24517	0.24499	0.05717	0.03505	0.03362	0.02610	0.01429	0.01124	0.00357	0.01118	0.01115	0.01095	0.01862
6	0.04230	0.02103	0.02530	0.02027	0.02786	0.02073	0.01646	0.12995	0.08727	0.29745	0.04121	0.03857	0.02806	0.01431	0.01102	0.00345	0.00950	0.01147	0.13587	0.01793
7	0.10764	0.42178	0.05123	0.02417	0.07383	0.03916	0.02022	0.03699	0.02440	0.08060	0.01963	0.02168	0.01635	0.01053	0.00822	0.00282	0.01191	0.00715	0.00624	0.01546
8	0.03175	0.02560	0.03510	0.02618	0.03598	0.02416	0.10199	0.13074	0.09107	0.08545	0.02805	0.02990	0.02104	0.01130	0.01084	0.00292	0.01169	0.01007	0.00891	0.27725
9	0.09399	0.03302	0.14260	0.05224	0.31777	0.02618	0.03285	0.03812	0.02618	0.09359	0.02378	0.02813	0.01823	0.01100	0.01101	0.00353	0.01360	0.00974	0.00669	0.01774
10	0.03075	0.07774	0.03344	0.27640	0.05273	0.02532	0.02439	0.08415	0.02875	0.13768	0.03111	0.09278	0.02552	0.01506	0.01159	0.00373	0.01276	0.01276	0.00841	0.01492
11	0.01660	0.01155	0.01437	0.01405	0.01668	0.01068	0.01039	0.02145	0.03005	0.04288	0.36525	0.13885	0.13533	0.02445	0.01315	0.00368	0.00566	0.02143	0.09284	0.01068
12	0.04534	0.02505	0.03139	0.02779	0.07920	0.02516	0.02060	0.18892	0.08028	0.29387	0.03800	0.03519	0.02553	0.01399	0.01167	0.00358	0.01113	0.01131	0.01246	0.01953
13	0.04211	0.02727	0.03574	0.03135	0.08897	0.02808	0.05861	0.22436	0.08577	0.20323	0.03429	0.03338	0.02375	0.01353	0.01183	0.00360	0.01222	0.01136	0.01138	0.01917
14	0.11688	0.02304	0.02728	0.02155	0.03014	0.02292	0.01767	0.13309	0.08748	0.33707	0.03944	0.03556	0.02608	0.01407	0.01120	0.00362	0.01026	0.01103	0.01280	0.01884
15	0.02478	0.01531	0.02107	0.02210	0.07794	0.01400	0.01482	0.02992	0.03145	0.14092	0.31167	0.07369	0.13332	0.02103	0.01306	0.00366	0.00740	0.01834	0.01206	0.01348
16	0.03480	0.02112	0.02489	0.02100	0.02772	0.02186	0.01667	0.08816	0.20972	0.20045	0.14848	0.05049	0.04850	0.01696	0.01219	0.00373	0.00891	0.01421	0.01284	0.01731
17	0.02346	0.02662	0.09257	0.19178	0.14432	0.02689	0.02971	0.02960	0.02249	0.03176	0.02493	0.09747	0.02363	0.01673	0.01901	0.00420	0.16191	0.01294	0.00594	0.01404
18	0.02333	0.06016	0.53100	0.03315	0.05034	0.02701	0.04297	0.03683	0.02455	0.03683	0.02087	0.02455	0.01473	0.01105	0.01105	0.00368	0.01719	0.00859	0.00491	0.01719
19	0.08552	0.02479	0.02454	0.02136	0.02658	0.08741	0.01637	0.12215	0.11641	0.08933	0.02863	0.03270	0.02253	0.02226	0.02195	0.21326	0.01170	0.01026	0.00878	0.01346
20	0.02872	0.18131	0.19954	0.03092	0.09710	0.03157	0.02840	0.11585	0.03037	0.04071	0.03238	0.03437	0.07421	0.01336	0.01062	0.00335	0.01344	0.01042	0.00696	0.01639
21	0.35421	0.02127	0.02111	0.01793	0.02482	0.02307	0.01459	0.09169	0.02803	0.14003	0.07963	0.03356	0.02862	0.01939	0.05218	0.00479	0.01101	0.00995	0.00963	0.01447

[dist]
# distance from previous block
# <min> <max>
0	1

[block]
# block no. 7 follows, 10 sequences, length 44
# corresponding to MSA columns:
# 532-575
name=unknown_H
#
# <colnr> <probs for GDERKNQSTAVLIFYWHMCP>
#	G	D	E	R	K	N	Q	S	T	A	V	L	I	F	Y	W	H	M	C	P
0	0.02995	0.02181	0.02464	0.02231	0.02813	0.02382	0.01756	0.10734	0.26012	0.09731	0.04878	0.13946	0.04279	0.02052	0.01274	0.00412	0.00952	0.06084	0.01178	0.01645
1	0.12509	0.03253	0.02820	0.02448	0.03042	0.17176	0.01924	0.12263	0.07029	0.09375	0.02945	0.08547	0.02521	0.01620	0.01385	0.00371	0.07191	0.01175	0.00897	0.01509
2	0.01536	0.01173	0.01428	0.01526	0.01795	0.01066	0.01165	0.01906	0.02684	0.03467	0.17173	0.22013	0.24566	0.03048	0.01445	0.00434	0.00696	0.10749	0.01117	0.01013
3	0.29699	0.13773	0.03577	0.02280	0.03160	0.03331	0.05963	0.17114	0.03193	0.05248	0.02046	0.02276	0.01571	0.01151	0.00921	0.00338	0.01180	0.00824	0.00801	0.01553
4	0.03995	0.02639	0.02949	0.02403	0.03216	0.02856	0.01939	0.20754	0.22920	0.17342	0.04016	0.03703	0.02835	0.01480	0.01173	0.00370	0.01064	0.01185	0.01239	0.01923
5	0.01444	0.01054	0.01360	0.01551	0.01682	0.00970	0.01061	0.01704	0.02418	0.03221	0.13152	0.46559	0.12747	0.03396	0.01457	0.00449	0.00648	0.03051	0.01107	0.00970
6	0.01417	0.01012	0.01350	0.01619	0.01687	0.00945	0.01080	0.01619	0.02227	0.02969	0.06410	0.58367	0.07692	0.03644	0.01484	0.00472	0.00675	0.03306	0.01080	0.00945
7	0.02412	0.02067	0.02412	0.01723	0.02756	0.01550	0.01378	0.02929	0.02412	0.03790	0.02067	0.02412	0.01723	0.00861	0.00861	0.00172	0.00861	0.00689	0.00689	0.66236
8	0.67341	0.02249	0.01709	0.01529	0.02249	0.02609	0.01260	0.03419	0.01979	0.05218	0.01619	0.01889	0.01260	0.01080	0.00720	0.00360	0.00900	0.00630	0.00720	0.01260
9	0.02915	0.01960	0.02729	0.02470	0.03034	0.01976	0.05768	0.12048	0.03329	0.11042	0.04951	0.08961	0.04814	0.02419	0.01438	0.00462	0.01176	0.25987	0.01100	0.01419
10	0.01417	0.01012	0.01350	0.01619	0.01687	0.00945	0.01080	0.01619	0.02227	0.02969	0.06410	0.58367	0.07692	0.03644	0.01484	0.00472	0.00675	0.03306	0.01080	0.00945
11	0.01589	0.01164	0.01491	0.01458	0.01715	0.01065	0.01075	0.02066	0.03085	0.04287	0.41369	0.15764	0.14324	0.02605	0.01388	0.00383	0.00570	0.02302	0.01234	0.01065
12	0.04160	0.04620	0.03327	0.03282	0.08565	0.39132	0.02296	0.04768	0.07140	0.08355	0.02379	0.02564	0.01852	0.01239	0.01084	0.00319	0.01807	0.00871	0.00734	0.01508
13	0.04570	0.02121	0.02697	0.02105	0.02924	0.01997	0.01723	0.13489	0.03743	0.37174	0.10663	0.04381	0.03817	0.01560	0.01196	0.00359	0.00986	0.01274	0.01363	0.01858
14	0.02428	0.02274	0.03684	0.39258	0.17651	0.02658	0.03163	0.03447	0.07388	0.03363	0.02375	0.03179	0.01828	0.01177	0.01162	0.00379	0.01445	0.01064	0.00601	0.01477
15	0.01619	0.01188	0.01517	0.01435	0.01721	0.01086	0.01076	0.02143	0.03228	0.04513	0.47337	0.08937	0.14989	0.02434	0.01372	0.00368	0.00553	0.02138	0.01260	0.01086
16	0.02537	0.02415	0.04104	0.31750	0.29927	0.02674	0.03400	0.03270	0.02487	0.03385	0.02127	0.02990	0.01696	0.01100	0.01157	0.00367	0.01466	0.01035	0.00546	0.01567
17	0.03690	0.09499	0.09073	0.03649	0.10679	0.11418	0.11387	0.08869	0.03157	0.13473	0.02621	0.02857	0.01917	0.01171	0.01136	0.00342	0.01543	0.01022	0.00797	0.01700
18	0.01619	0.01188	0.01517	0.01435	0.01721	0.01086	0.01076	0.02143	0.03228	0.04513	0.47337	0.08937	0.14989	0.02434	0.01372	0.00368	0.00553	0.02138	0.01260	0.01086
19	0.01417	0.01012	0.01350	0.01619	0.01687	0.00945	0.01080	0.01619	0.02227	0.02969	0.06410	0.58367	0.07692	0.03644	0.01484	0.00472	0.00675	0.03306	0.01080	0.00945
20	0.04361	0.03291	0.08555	0.02621	0.03629	0.03130	0.02330	0.34819	0.04721	0.16062	0.03079	0.02991	0.02106	0.01374	0.01159	0.00353	0.01268	0.01052	0.01148	0.01951
21	0.03280	0.52351	0.05709	0.02129	0.03069	0.11467	0.02025	0.03643	0.02492	0.02751	0.01642	0.01898	0.01493	0.01023	0.00788	0.00256	0.01361	0.00639	0.00512	0.01473
22	0.67341	0.02249	0.01709	0.01529	0.02249	0.02609	0.01260	0.03419	0.01979	0.05218	0.01619	0.01889	0.01260	0.01080	0.00720	0.00360	0.00900	0.00630	0.00720	0.01260
23	0.01451	0.01097	0.01341	0.01458	0.01663	0.00987	0.01026	0.01752	0.02569	0.03366	0.17159	0.34335	0.21219	0.03180	0.01429	0.00427	0.00624	0.02810	0.01121	0.00987
24	0.02514	0.01949	0.02630	0.02308	0.02788	0.01996	0.06347	0.15732	0.03397	0.04568	0.09605	0.26642	0.05630	0.02526	0.01377	0.00422	0.01012	0.06139	0.01074	0.01344
25	0.01780	0.01269	0.01592	0.01604	0.01869	0.01242	0.01210	0.02488	0.06842	0.04188	0.29117	0.18258	0.08476	0.02551	0.01349	0.00398	0.00659	0.06551	0.07432	0.01125
26	0.04406	0.03706	0.03452	0.02739	0.03605	0.13591	0.02218	0.39482	0.05042	0.06450	0.02597	0.02656	0.01884	0.01357	0.01141	0.00339	0.01440	0.00989	0.01053	0.01854
27	0.01691	0.01128	0.01268	0.01268	0.01268	0.01128	0.00705	0.01691	0.01691	0.02255	0.03665	0.07611	0.04228	0.59126	0.05920	0.01128	0.01128	0.01691	0.00705	0.00705
28	0.01645	0.01175	0.01611	0.01879	0.02047	0.01141	0.01475	0.02013	0.02451	0.03224	0.06285	0.35846	0.07195	0.03429	0.01545	0.00504	0.00872	0.23582	0.01075	0.01008
29	0.02893	0.02498	0.02630	0.02367	0.03024	0.02893	0.01841	0.06180	0.49770	0.04865	0.04734	0.04339	0.03550	0.01578	0.01183	0.00394	0.00920	0.01315	0.01183	0.01841
30	0.01674	0.01195	0.01609	0.01609	0.01726	0.01312	0.01129	0.01910	0.01792	0.02507	0.03353	0.05888	0.03480	0.30579	0.33444	0.01548	0.02253	0.01439	0.00658	0.00894
31	0.01691	0.01128	0.01268	0.01268	0.01268	0.01128	0.00705	0.01691	0.01691	0.02255	0.03665	0.07611	0.04228	0.59126	0.05920	0.01128	0.01128	0.01691	0.00705	0.00705
32	0.03680	0.03129	0.03322	0.02729	0.03363	0.07591	0.02218	0.25785	0.13136	0.05431	0.02799	0.02982	0.02143	0.01564	0.01773	0.00391	0.14188	0.01069	0.00970	0.01736
33	0.55144	0.02196	0.01904	0.01635	0.02391	0.02432	0.01348	0.03860	0.02244	0.14536	0.02202	0.02296	0.01578	0.01150	0.00808	0.00360	0.00917	0.00736	0.00861	0.01401
34	0.02893	0.02498	0.02630	0.02367	0.03024	0.02893	0.01841	0.06180	0.49770	0.04865	0.04734	0.04339	0.03550	0.01578	0.01183	0.00394	0.00920	0.01315	0.01183	0.01841
35	0.01593	0.01187	0.01480	0.01407	0.01705	0.01075	0.01055	0.02091	0.03166	0.04364	0.43466	0.09182	0.18953	0.02490	0.01372	0.00371	0.00557	0.02173	0.01241	0.01075
36	0.03109	0.59826	0.06095	0.01990	0.02985	0.04602	0.01990	0.03483	0.02363	0.02736	0.01617	0.01866	0.01493	0.00995	0.00746	0.00249	0.01244	0.00622	0.00498	0.01493
37	0.02733	0.01528	0.01814	0.01532	0.02115	0.01320	0.01186	0.03203	0.02577	0.13484	0.03821	0.11157	0.03253	0.01547	0.00989	0.00288	0.00739	0.01295	0.25724	0.19696
38	0.01687	0.01144	0.01351	0.01351	0.01380	0.01172	0.00808	0.01744	0.01716	0.02316	0.03589	0.07192	0.04046	0.52185	0.12612	0.01230	0.01401	0.01630	0.00693	0.00751
39	0.02564	0.02602	0.03882	0.03232	0.03346	0.03502	0.06909	0.02889	0.01874	0.02889	0.01607	0.02602	0.01550	0.01934	0.03580	0.00498	0.51672	0.01052	0.00517	0.01301
40	0.01726	0.01339	0.01604	0.01703	0.01942	0.01346	0.01210	0.02579	0.11705	0.03536	0.11324	0.37626	0.11825	0.03033	0.01402	0.00438	0.00701	0.02701	0.01121	0.01140
41	0.34203	0.02719	0.02389	0.01968	0.02774	0.07994	0.01594	0.11533	0.02931	0.10140	0.02218	0.02359	0.01645	0.01155	0.00899	0.00326	0.01096	0.00781	0.00856	0.10418
42	0.10722	0.13416	0.08941	0.02418	0.03428	0.02730	0.05770	0.08755	0.03076	0.24915	0.03107	0.03016	0.02127	0.01243	0.01053	0.00342	0.01211	0.00983	0.00994	0.01753
43	0.15451	0.07262	0.08134	0.02146	0.03010	0.02167	0.05464	0.03392	0.02548	0.10700	0.07505	0.08704	0.03237	0.01453	0.01045	0.00328	0.01050	0.01208	0.00849	0.14346

[dist]
# distance from previous block
# <min> <max>
1	18

[block]
# block no. 8 follows, 10 sequences, length 37
# corresponding to MSA columns:
# 607-643
name=unknown_I
#
# <colnr> <probs for GDERKNQSTAVLIFYWHMCP>
#	G	D	E	R	K	N	Q	S	T	A	V	L	I	F	Y	W	H	M	C	P
0	0.03323	0.02505	0.03739	0.20598	0.11596	0.02713	0.06698	0.12143	0.08028	0.12464	0.02938	0.03288	0.02115	0.01261	0.01184	0.00371	0.01356	0.01119	0.00873	0.01688
1	0.03167	0.02572	0.03808	0.18061	0.23297	0.02779	0.02916	0.11267	0.07939	0.08563	0.02729	0.03166	0.02056	0.01220	0.01161	0.00363	0.01326	0.01078	0.00797	0.01736
2	0.17009	0.02214	0.02717	0.02184	0.02970	0.02201	0.05404	0.08588	0.07438	0.16879	0.03476	0.09513	0.02822	0.01513	0.01087	0.00353	0.01021	0.01259	0.01020	0.10335
3	0.01954	0.01618	0.02197	0.02035	0.02103	0.02011	0.01537	0.02171	0.01778	0.02574	0.02803	0.04997	0.02933	0.24384	0.21192	0.01174	0.19597	0.01330	0.00615	0.00995
4	0.03299	0.03143	0.08397	0.04645	0.25512	0.02903	0.02917	0.18600	0.03561	0.04988	0.02370	0.02757	0.01841	0.01144	0.01117	0.00328	0.01317	0.00983	0.00781	0.09396
5	0.02542	0.03305	0.19811	0.03016	0.09939	0.02119	0.02665	0.03611	0.06918	0.08488	0.15484	0.04448	0.04350	0.01481	0.01174	0.00350	0.01158	0.01264	0.00873	0.07005
6	0.53564	0.02970	0.02056	0.01850	0.02544	0.13948	0.01476	0.03687	0.02267	0.04699	0.01658	0.01935	0.01312	0.01106	0.00792	0.00347	0.01162	0.00656	0.00693	0.01279
7	0.02984	0.08673	0.09966	0.03931	0.05052	0.02963	0.29962	0.04160	0.08226	0.08175	0.02738	0.03169	0.02022	0.01104	0.01248	0.00374	0.01661	0.01230	0.00717	0.01643
8	0.02429	0.02304	0.03908	0.39573	0.22952	0.02645	0.03346	0.03175	0.02436	0.03254	0.02108	0.03025	0.01650	0.01120	0.01159	0.00373	0.01493	0.01035	0.00537	0.01479
9	0.01637	0.01129	0.01475	0.01606	0.01791	0.01071	0.01192	0.02036	0.02655	0.03716	0.20142	0.30087	0.08098	0.02955	0.01405	0.00430	0.00689	0.09501	0.07357	0.01027
10	0.02371	0.02246	0.03804	0.43731	0.19244	0.02630	0.03317	0.03125	0.02408	0.03184	0.02098	0.03044	0.01625	0.01130	0.01160	0.00377	0.01507	0.01034	0.00532	0.01433
11	0.04704	0.02015	0.02642	0.02058	0.02885	0.01830	0.01687	0.09599	0.03544	0.42200	0.10055	0.04411	0.03767	0.01549	0.01193	0.00359	0.00966	0.01270	0.01392	0.01872
12	0.02196	0.02067	0.03488	0.56331	0.08010	0.02584	0.03230	0.02972	0.02326	0.02972	0.02067	0.03101	0.01550	0.01163	0.01163	0.00388	0.01550	0.01034	0.00517	0.01292
13	0.01479	0.01163	0.01336	0.01334	0.01646	0.01020	0.00985	0.01856	0.02836	0.03680	0.25624	0.15783	0.31478	0.02819	0.01386	0.00392	0.00584	0.02425	0.01153	0.01020
14	0.01402	0.01072	0.01288	0.01461	0.01645	0.00958	0.01009	0.01637	0.02379	0.03031	0.08342	0.41406	0.23407	0.03393	0.01445	0.00444	0.00644	0.03000	0.01080	0.00958
