[name]
unknown

[dist]
# distance from previous block
# <min> <max>
3	97

[block]
# block no. 0 follows, 11 sequences, length 22
# corresponding to MSA columns:
# 98-119
name=unknown_A
#
# <colnr> <probs for GDERKNQSTAVLIFYWHMCP>
#	G	D	E	R	K	N	Q	S	T	A	V	L	I	F	Y	W	H	M	C	P
0	0.02693	0.03413	0.14691	0.22892	0.13966	0.08093	0.03132	0.06969	0.06580	0.03609	0.02256	0.02802	0.01713	0.01144	0.01102	0.00353	0.01493	0.00959	0.00610	0.01530
1	0.02894	0.03501	0.10279	0.15644	0.12799	0.14795	0.02771	0.04203	0.14703	0.03529	0.02602	0.02956	0.02005	0.01205	0.01096	0.00348	0.01465	0.00982	0.00684	0.01539
2	0.03719	0.08201	0.03030	0.02318	0.02981	0.21229	0.01847	0.16772	0.03625	0.08604	0.07578	0.03216	0.02764	0.01348	0.01040	0.00308	0.01344	0.00995	0.07593	0.01488
3	0.02355	0.02057	0.02574	0.13124	0.03734	0.01880	0.01758	0.03269	0.08974	0.03648	0.02351	0.02722	0.01873	0.00987	0.00935	0.00238	0.00977	0.00817	0.00698	0.45030
4	0.02380	0.01772	0.02026	0.01923	0.02396	0.01876	0.01509	0.03992	0.24004	0.08155	0.09796	0.12376	0.12048	0.02214	0.01278	0.00405	0.00819	0.08488	0.01132	0.01412
5	0.01560	0.01149	0.01458	0.01381	0.01661	0.01048	0.01036	0.02059	0.03107	0.04327	0.47572	0.08715	0.15995	0.02371	0.01328	0.00357	0.00536	0.02079	0.01214	0.01048
6	0.02636	0.02487	0.04038	0.17995	0.36527	0.02650	0.03166	0.03642	0.08689	0.03624	0.02403	0.03014	0.01928	0.01097	0.01121	0.00350	0.01318	0.01036	0.00619	0.01660
7	0.01833	0.01406	0.01871	0.02059	0.06824	0.01533	0.01242	0.01981	0.01763	0.02446	0.03120	0.06005	0.03419	0.41430	0.11873	0.01051	0.07162	0.01448	0.00639	0.00893
8	0.01615	0.01154	0.01586	0.01846	0.02018	0.01125	0.01469	0.01989	0.02396	0.03146	0.06069	0.33771	0.06911	0.03296	0.01502	0.00491	0.00865	0.26730	0.01040	0.00982
9	0.01487	0.01092	0.01411	0.01570	0.01754	0.01017	0.01162	0.01816	0.02482	0.03286	0.15358	0.34568	0.14529	0.03128	0.01423	0.00438	0.00690	0.10740	0.01078	0.00969
10	0.02496	0.16020	0.34125	0.03307	0.04714	0.03027	0.14028	0.03536	0.02423	0.03394	0.01989	0.02415	0.01494	0.01021	0.01060	0.00339	0.01627	0.00900	0.00498	0.01587
11	0.03637	0.02522	0.03846	0.04916	0.32159	0.02493	0.02760	0.10308	0.03122	0.18623	0.02862	0.03074	0.02088	0.01162	0.01121	0.00339	0.01215	0.01041	0.00874	0.01839
12	0.01588	0.01158	0.01540	0.01767	0.01969	0.01110	0.01406	0.01957	0.02426	0.03143	0.06741	0.29931	0.12737	0.03231	0.01482	0.00478	0.00835	0.24481	0.01041	0.00980
13	0.02700	0.04173	0.31491	0.13110	0.11683	0.02467	0.03528	0.03700	0.02499	0.10605	0.02371	0.02747	0.01679	0.01116	0.01094	0.00356	0.01491	0.00927	0.00620	0.01643
14	0.02551	0.04287	0.31698	0.03659	0.13323	0.02557	0.03454	0.09229	0.02810	0.04007	0.02659	0.03894	0.02239	0.01370	0.01151	0.00372	0.01464	0.06995	0.00649	0.01632
15	0.13491	0.02199	0.02635	0.02049	0.02902	0.02140	0.01692	0.14035	0.03459	0.38102	0.03703	0.03333	0.02399	0.01337	0.01072	0.00346	0.01002	0.01037	0.01245	0.01821
16	0.68395	0.02177	0.01654	0.01480	0.02177	0.02525	0.01219	0.03309	0.01915	0.05050	0.01567	0.01828	0.01219	0.01045	0.00697	0.00348	0.00871	0.00609	0.00697	0.01219
17	0.02098	0.01049	0.01049	0.01049	0.01311	0.01049	0.00787	0.02623	0.02360	0.04196	0.03672	0.04196	0.02885	0.01311	0.00787	0.00262	0.00525	0.01049	0.66693	0.01049
18	0.22526	0.02402	0.07587	0.01920	0.02843	0.01977	0.01732	0.04230	0.02615	0.26643	0.02969	0.02862	0.02014	0.01168	0.00952	0.00319	0.00984	0.00875	0.00980	0.12402
19	0.01495	0.01147	0.01368	0.01313	0.01621	0.01020	0.00985	0.01934	0.02954	0.03963	0.37348	0.09313	0.26445	0.02506	0.01329	0.00364	0.00546	0.02163	0.01167	0.01020
20	0.34190	0.22908	0.03388	0.01895	0.02661	0.13052	0.01637	0.03549	0.02278	0.03805	0.01598	0.01858	0.01339	0.01038	0.00764	0.00301	0.01199	0.00628	0.00601	0.01312
21	0.02674	0.02389	0.07445	0.33382	0.12886	0.02328	0.02892	0.03390	0.02453	0.10594	0.02374	0.02986	0.01736	0.01118	0.01096	0.00347	0.01356	0.00979	0.00650	0.06923

[dist]
# distance from previous block
# <min> <max>
0	1

[block]
# block no. 1 follows, 11 sequences, length 52
# corresponding to MSA columns:
# 121-172
name=unknown_B
#
# <colnr> <probs for GDERKNQSTAVLIFYWHMCP>
#	G	D	E	R	K	N	Q	S	T	A	V	L	I	F	Y	W	H	M	C	P
0	0.02688	0.20357	0.12054	0.16358	0.09883	0.03094	0.02684	0.07199	0.02584	0.03449	0.01947	0.02427	0.01556	0.01043	0.00964	0.00302	0.01324	0.00821	0.00569	0.08698
1	0.01633	0.01107	0.01310	0.01310	0.01338	0.01136	0.00785	0.01690	0.01661	0.02243	0.03471	0.06949	0.03911	0.53090	0.12836	0.01193	0.01363	0.01576	0.00671	0.00728
2	0.01590	0.01099	0.01214	0.01214	0.01272	0.01070	0.00708	0.01634	0.01778	0.02313	0.04739	0.07892	0.11510	0.51703	0.05061	0.00983	0.01012	0.01749	0.00737	0.00723
3	0.02840	0.02955	0.08667	0.12821	0.21088	0.02892	0.10096	0.11192	0.02887	0.04011	0.02145	0.02772	0.01687	0.01184	0.01428	0.00367	0.07685	0.01037	0.00633	0.01614
4	0.01504	0.01132	0.01391	0.01358	0.01635	0.01019	0.01007	0.01940	0.02929	0.03978	0.37715	0.13817	0.21335	0.02558	0.01338	0.00370	0.00553	0.02232	0.01171	0.01019
5	0.02318	0.09048	0.33345	0.02882	0.04133	0.02584	0.07153	0.03612	0.07857	0.03752	0.09470	0.03438	0.02971	0.01274	0.01108	0.00351	0.01402	0.01074	0.00665	0.01561
6	0.03098	0.02644	0.03607	0.17277	0.20571	0.06762	0.02751	0.08059	0.06567	0.09250	0.02509	0.02970	0.01915	0.01235	0.01315	0.00359	0.05767	0.01015	0.00730	0.01601
7	0.02098	0.01049	0.01049	0.01049	0.01311	0.01049	0.00787	0.02623	0.02360	0.04196	0.03672	0.04196	0.02885	0.01311	0.00787	0.00262	0.00525	0.01049	0.66693	0.01049
8	0.03181	0.27607	0.15952	0.02462	0.03513	0.08128	0.02486	0.13036	0.06766	0.03919	0.02144	0.02319	0.01688	0.01126	0.00940	0.00302	0.01362	0.00799	0.00669	0.01603
9	0.03511	0.07057	0.08550	0.03703	0.17022	0.02488	0.06291	0.04515	0.09661	0.20829	0.03215	0.03249	0.02292	0.01208	0.01109	0.00345	0.01212	0.01065	0.00911	0.01770
10	0.03041	0.03464	0.17143	0.03512	0.04706	0.02539	0.23083	0.07391	0.02856	0.11977	0.02571	0.02919	0.01824	0.01071	0.01178	0.00348	0.01552	0.01097	0.00729	0.06999
11	0.01764	0.01330	0.01652	0.01540	0.01858	0.01308	0.01164	0.02669	0.10003	0.04541	0.46007	0.07812	0.09604	0.02192	0.01302	0.00358	0.00582	0.01928	0.01226	0.01164
12	0.39888	0.01699	0.01508	0.01438	0.01917	0.01874	0.01119	0.02764	0.02196	0.04512	0.10346	0.12752	0.03865	0.01679	0.00926	0.00358	0.00745	0.01306	0.07980	0.01126
13	0.68395	0.02177	0.01654	0.01480	0.02177	0.02525	0.01219	0.03309	0.01915	0.05050	0.01567	0.01828	0.01219	0.01045	0.00697	0.00348	0.00871	0.00609	0.00697	0.01219
14	0.68395	0.02177	0.01654	0.01480	0.02177	0.02525	0.01219	0.03309	0.01915	0.05050	0.01567	0.01828	0.01219	0.01045	0.00697	0.00348	0.00871	0.00609	0.00697	0.01219
15	0.01637	0.01091	0.01228	0.01228	0.01228	0.01091	0.00682	0.01637	0.01637	0.02182	0.03546	0.07365	0.04092	0.60445	0.05729	0.01091	0.01091	0.01637	0.00682	0.00682
16	0.02607	0.02197	0.03174	0.37825	0.06027	0.02593	0.02655	0.14519	0.03114	0.04110	0.07678	0.03511	0.02591	0.01309	0.01147	0.00363	0.01330	0.01116	0.00737	0.01396
17	0.02116	0.01779	0.02047	0.01618	0.02365	0.01490	0.01269	0.02884	0.07866	0.03837	0.12286	0.04776	0.10643	0.01445	0.01022	0.00252	0.00751	0.01208	0.00870	0.39476
18	0.02558	0.18890	0.09586	0.02340	0.03422	0.02627	0.08591	0.03170	0.02371	0.03366	0.01921	0.02292	0.01585	0.00911	0.00898	0.00238	0.01176	0.00760	0.00581	0.32716
19	0.02856	0.30405	0.08871	0.02714	0.08441	0.03401	0.02280	0.03326	0.02269	0.07035	0.02043	0.02504	0.01743	0.01970	0.07279	0.00476	0.09522	0.00828	0.00578	0.01460
20	0.68395	0.02177	0.01654	0.01480	0.02177	0.02525	0.01219	0.03309	0.01915	0.05050	0.01567	0.01828	0.01219	0.01045	0.00697	0.00348	0.00871	0.00609	0.00697	0.01219
21	0.01593	0.01150	0.01504	0.01416	0.01681	0.01062	0.01062	0.02124	0.03186	0.04513	0.52830	0.08407	0.10620	0.02301	0.01327	0.00354	0.00531	0.02035	0.01239	0.01062
22	0.01831	0.01365	0.01634	0.01487	0.01845	0.01302	0.01137	0.07167	0.03288	0.04495	0.39023	0.08280	0.18244	0.02309	0.01306	0.00358	0.00615	0.01994	0.01188	0.01132
23	0.01491	0.01113	0.01400	0.01502	0.01726	0.01022	0.01122	0.01850	0.02604	0.03445	0.20382	0.26876	0.18794	0.02964	0.01399	0.00420	0.00658	0.09153	0.01098	0.00982
24	0.02098	0.01049	0.01049	0.01049	0.01311	0.01049	0.00787	0.02623	0.02360	0.04196	0.03672	0.04196	0.02885	0.01311	0.00787	0.00262	0.00525	0.01049	0.66693	0.01049
25	0.02511	0.02349	0.03209	0.02759	0.02871	0.03163	0.02283	0.06985	0.02068	0.03104	0.01809	0.02762	0.01707	0.02827	0.10849	0.00664	0.45231	0.01019	0.00567	0.01263
26	0.04204	0.05364	0.03190	0.02900	0.03480	0.55926	0.02175	0.04494	0.03190	0.02755	0.01740	0.02030	0.01450	0.01160	0.01015	0.00290	0.02030	0.00725	0.00580	0.01305
27	0.02774	0.03065	0.04333	0.09449	0.04424	0.11935	0.16227	0.03288	0.02300	0.02997	0.01813	0.02617	0.01543	0.01443	0.02272	0.00413	0.26204	0.01044	0.00530	0.01330
28	0.01357	0.01034	0.01249	0.01421	0.01594	0.00926	0.00980	0.01584	0.02295	0.02930	0.07978	0.43030	0.22979	0.03296	0.01400	0.00431	0.00625	0.02918	0.01045	0.00926
29	0.03352	0.02850	0.04431	0.03348	0.04173	0.03056	0.19055	0.18964	0.07602	0.08499	0.02655	0.02998	0.01970	0.01319	0.01590	0.00381	0.10094	0.01153	0.00852	0.01657
30	0.03407	0.11592	0.03283	0.02301	0.02964	0.07585	0.01901	0.14798	0.15344	0.09126	0.03023	0.03083	0.02295	0.01388	0.01313	0.00342	0.07367	0.01002	0.06274	0.01613
31	0.07630	0.02657	0.03845	0.26539	0.05631	0.10023	0.13974	0.03222	0.02409	0.03177	0.02108	0.02936	0.01666	0.01879	0.07114	0.00519	0.01789	0.01034	0.00555	0.01294
32	0.02869	0.03399	0.19434	0.08598	0.04073	0.02545	0.02677	0.04793	0.23411	0.11139	0.03454	0.03429	0.02485	0.01317	0.01117	0.00368	0.01216	0.01081	0.00894	0.01704
33	0.02572	0.22364	0.31687	0.02673	0.03965	0.03210	0.03109	0.03871	0.09785	0.03455	0.02268	0.02477	0.01736	0.01106	0.00974	0.00325	0.01404	0.00828	0.00579	0.01614
34	0.01647	0.01211	0.01581	0.01655	0.01935	0.01145	0.01352	0.02136	0.02838	0.03801	0.26528	0.10607	0.15278	0.02729	0.01425	0.00428	0.00753	0.20795	0.01123	0.01034
35	0.02787	0.04814	0.31280	0.07548	0.04898	0.10811	0.09978	0.07953	0.02801	0.03723	0.02076	0.02496	0.01521	0.01097	0.01107	0.00349	0.01700	0.00916	0.00567	0.01580
36	0.03344	0.03637	0.03094	0.02728	0.03110	0.25585	0.02139	0.09988	0.02901	0.03366	0.02278	0.08560	0.02179	0.01706	0.01940	0.00380	0.19938	0.01120	0.00680	0.01325
37	0.02980	0.01616	0.02104	0.01964	0.02463	0.01567	0.01602	0.03813	0.09714	0.20815	0.09643	0.13183	0.05289	0.02275	0.01320	0.00419	0.00901	0.15714	0.01192	0.01428
38	0.01458	0.01043	0.01399	0.01622	0.01737	0.00984	0.01155	0.01736	0.02329	0.03122	0.11258	0.47462	0.07654	0.03333	0.01441	0.00454	0.00694	0.09104	0.01065	0.00948
39	0.03349	0.01942	0.02327	0.02004	0.02631	0.01985	0.01576	0.04910	0.22978	0.22807	0.11478	0.08961	0.04523	0.01742	0.01189	0.00371	0.00846	0.01478	0.01242	0.01662
40	0.02462	0.02462	0.03447	0.02955	0.02955	0.03447	0.02462	0.02709	0.01724	0.02709	0.01477	0.02462	0.01477	0.01970	0.03694	0.00492	0.58385	0.00985	0.00492	0.01231
41	0.02257	0.05822	0.54613	0.03208	0.04871	0.02614	0.04158	0.03564	0.02376	0.03564	0.02020	0.02376	0.01426	0.01069	0.01069	0.00356	0.01663	0.00832	0.00475	0.01663
42	0.01371	0.00979	0.01306	0.01567	0.01632	0.00914	0.01045	0.01567	0.02155	0.02873	0.06203	0.59710	0.07444	0.03526	0.01437	0.00457	0.00653	0.03200	0.01045	0.00914
43	0.01418	0.01121	0.01277	0.01286	0.01586	0.00980	0.00946	0.01766	0.02700	0.03474	0.23534	0.16991	0.33376	0.02775	0.01344	0.00383	0.00570	0.02386	0.01105	0.00980
44	0.02462	0.02462	0.03447	0.02955	0.02955	0.03447	0.02462	0.02709	0.01724	0.02709	0.01477	0.02462	0.01477	0.01970	0.03694	0.00492	0.58385	0.00985	0.00492	0.01231
45	0.05050	0.01915	0.02612	0.02003	0.02873	0.01654	0.01654	0.05485	0.03221	0.54203	0.04440	0.03831	0.02786	0.01393	0.01132	0.00348	0.00958	0.01132	0.01393	0.01915
46	0.01608	0.01206	0.01809	0.01809	0.02010	0.01407	0.01407	0.02010	0.01809	0.02613	0.03015	0.04422	0.02814	0.08441	0.55984	0.01809	0.03015	0.01206	0.00603	0.01005
47	0.03009	0.61122	0.05898	0.01926	0.02889	0.04454	0.01926	0.03370	0.02287	0.02648	0.01565	0.01805	0.01444	0.00963	0.00722	0.00241	0.01204	0.00602	0.00481	0.01444
48	0.02340	0.08571	0.03723	0.02764	0.03070	0.02919	0.09172	0.02700	0.01929	0.02767	0.02051	0.03291	0.01983	0.09003	0.10630	0.00700	0.29542	0.01098	0.00539	0.01206
49	0.02098	0.01049	0.01049	0.01049	0.01311	0.01049	0.00787	0.02623	0.02360	0.04196	0.03672	0.04196	0.02885	0.01311	0.00787	0.00262	0.00525	0.01049	0.66693	0.01049
50	0.02198	0.02046	0.03286	0.51738	0.07230	0.02533	0.02980	0.03212	0.07569	0.03074	0.02280	0.03130	0.01710	0.01169	0.01127	0.00376	0.01434	0.01030	0.00570	0.01308
51	0.15265	0.03033	0.02710	0.08223	0.03470	0.18636	0.01900	0.04526	0.02884	0.24403	0.02854	0.02844	0.01968	0.01233	0.01021	0.00333	0.01332	0.00903	0.00927	0.01536

[dist]
# distance from previous block
# <min> <max>
2	3

[block]
# block no. 2 follows, 11 sequences, length 26
# corresponding to MSA columns:
# 176-189,228-239
name=unknown_C
#
# <colnr> <probs for GDERKNQSTAVLIFYWHMCP>
#	G	D	E	R	K	N	Q	S	T	A	V	L	I	F	Y	W	H	M	C	P
0	0.01603	0.01145	0.01572	0.01832	0.01999	0.01114	0.01448	0.01968	0.02383	0.03133	0.06076	0.35069	0.06938	0.03308	0.01498	0.00489	0.00854	0.25552	0.01040	0.00978
1	0.03313	0.46945	0.05209	0.02173	0.03039	0.17541	0.01989	0.03656	0.02516	0.02675	0.01609	0.01863	0.01446	0.01013	0.00797	0.00253	0.01414	0.00633	0.00506	0.01409
2	0.01848	0.00989	0.01421	0.01455	0.01463	0.00981	0.00956	0.01497	0.01571	0.02095	0.02658	0.10978	0.02872	0.09657	0.04159	0.51983	0.00948	0.01327	0.00579	0.00563
3	0.02607	0.01857	0.02152	0.02027	0.02489	0.01986	0.01557	0.08322	0.21312	0.09279	0.05050	0.23448	0.04832	0.02304	0.01275	0.00411	0.00863	0.05651	0.01126	0.01453
4	0.03282	0.38769	0.04846	0.07567	0.03532	0.19670	0.02115	0.03659	0.02554	0.02702	0.01659	0.01987	0.01451	0.01037	0.00848	0.00268	0.01479	0.00677	0.00513	0.01384
5	0.01847	0.01063	0.01207	0.01230	0.01459	0.01029	0.00900	0.02318	0.02533	0.04051	0.16457	0.14708	0.05605	0.01937	0.01033	0.00318	0.00548	0.01663	0.39064	0.01029
6	0.02517	0.03162	0.13585	0.13911	0.22575	0.02762	0.11144	0.03308	0.02386	0.03387	0.02026	0.02749	0.01620	0.01149	0.01472	0.00373	0.08767	0.01024	0.00527	0.01557
7	0.02548	0.02715	0.04851	0.03741	0.04242	0.03183	0.23067	0.03103	0.02134	0.03103	0.01829	0.02715	0.01579	0.01521	0.02654	0.00443	0.33554	0.01136	0.00526	0.01357
8	0.02462	0.02462	0.03447	0.02955	0.02955	0.03447	0.02462	0.02709	0.01724	0.02709	0.01477	0.02462	0.01477	0.01970	0.03694	0.00492	0.58385	0.00985	0.00492	0.01231
9	0.05050	0.01915	0.02612	0.02003	0.02873	0.01654	0.01654	0.05485	0.03221	0.54203	0.04440	0.03831	0.02786	0.01393	0.01132	0.00348	0.00958	0.01132	0.01393	0.01915
10	0.02098	0.01049	0.01049	0.01049	0.01311	0.01049	0.00787	0.02623	0.02360	0.04196	0.03672	0.04196	0.02885	0.01311	0.00787	0.00262	0.00525	0.01049	0.66693	0.01049
11	0.04091	0.03059	0.03272	0.02552	0.03419	0.03403	0.02094	0.44119	0.11150	0.06790	0.02941	0.02892	0.02107	0.01373	0.01128	0.00343	0.01194	0.01046	0.01128	0.01897
12	0.02257	0.05822	0.54613	0.03208	0.04871	0.02614	0.04158	0.03564	0.02376	0.03564	0.02020	0.02376	0.01426	0.01069	0.01069	0.00356	0.01663	0.00832	0.00475	0.01663
13	0.01465	0.01145	0.01328	0.01282	0.01603	0.01008	0.00962	0.01877	0.02885	0.03798	0.32703	0.09585	0.31193	0.02568	0.01329	0.00367	0.00550	0.02201	0.01145	0.01008
14	0.02126	0.02001	0.03376	0.57739	0.07752	0.02501	0.03126	0.02876	0.02251	0.02876	0.02001	0.03001	0.01500	0.01125	0.01125	0.00375	0.01500	0.01000	0.00500	0.01250
15	0.05050	0.01915	0.02612	0.02003	0.02873	0.01654	0.01654	0.05485	0.03221	0.54203	0.04440	0.03831	0.02786	0.01393	0.01132	0.00348	0.00958	0.01132	0.01393	0.01915
16	0.04918	0.02126	0.02742	0.02103	0.02978	0.01967	0.01737	0.13010	0.03574	0.46181	0.04144	0.03639	0.02638	0.01386	0.01131	0.00346	0.01006	0.01112	0.01348	0.01915
17	0.04150	0.04211	0.02982	0.02642	0.03272	0.37118	0.02048	0.08282	0.03319	0.12261	0.02669	0.03343	0.02167	0.01389	0.01092	0.00324	0.01686	0.04793	0.00810	0.01440
18	0.01371	0.00979	0.01306	0.01567	0.01632	0.00914	0.01045	0.01567	0.02155	0.02873	0.06203	0.59710	0.07444	0.03526	0.01437	0.00457	0.00653	0.03200	0.01045	0.00914
19	0.04279	0.03153	0.03378	0.02590	0.03490	0.03490	0.02139	0.49671	0.05292	0.07093	0.02702	0.02702	0.01914	0.01351	0.01126	0.00338	0.01239	0.01013	0.01126	0.01914
20	0.68395	0.02177	0.01654	0.01480	0.02177	0.02525	0.01219	0.03309	0.01915	0.05050	0.01567	0.01828	0.01219	0.01045	0.00697	0.00348	0.00871	0.00609	0.00697	0.01219
21	0.03009	0.61122	0.05898	0.01926	0.02889	0.04454	0.01926	0.03370	0.02287	0.02648	0.01565	0.01805	0.01444	0.00963	0.00722	0.00241	0.01204	0.00602	0.00481	0.01444
22	0.02098	0.01049	0.01049	0.01049	0.01311	0.01049	0.00787	0.02623	0.02360	0.04196	0.03672	0.04196	0.02885	0.01311	0.00787	0.00262	0.00525	0.01049	0.66693	0.01049
23	0.03105	0.14239	0.03860	0.02703	0.03103	0.12914	0.02268	0.09118	0.02543	0.03262	0.01696	0.02291	0.01522	0.01556	0.02328	0.00389	0.30275	0.00870	0.00586	0.01372
24	0.01752	0.01079	0.01429	0.01455	0.01547	0.01071	0.01009	0.01662	0.01793	0.02350	0.04057	0.06395	0.09513	0.18372	0.08354	0.29723	0.01130	0.05941	0.00674	0.00695
25	0.02426	0.01771	0.02713	0.03466	0.19917	0.01747	0.02040	0.02978	0.02678	0.08952	0.15785	0.05473	0.04743	0.02519	0.08151	0.00537	0.01213	0.05048	0.06452	0.01390

[dist]
# distance from previous block
# <min> <max>
0	67

[block]
# block no. 3 follows, 11 sequences, length 7
# corresponding to MSA columns:
# 307-313
name=unknown_D
#
# <colnr> <probs for GDERKNQSTAVLIFYWHMCP>
#	G	D	E	R	K	N	Q	S	T	A	V	L	I	F	Y	W	H	M	C	P
0	0.03269	0.03878	0.04145	0.03395	0.04113	0.28470	0.18334	0.03824	0.02905	0.03151	0.02635	0.04172	0.02385	0.01416	0.01214	0.00359	0.01817	0.08531	0.00653	0.01333
1	0.02257	0.05822	0.54613	0.03208	0.04871	0.02614	0.04158	0.03564	0.02376	0.03564	0.02020	0.02376	0.01426	0.01069	0.01069	0.00356	0.01663	0.00832	0.00475	0.01663
2	0.01523	0.01067	0.01367	0.01520	0.01612	0.01026	0.01041	0.01738	0.02169	0.02908	0.10135	0.34081	0.06709	0.19219	0.02637	0.00631	0.00811	0.07964	0.00962	0.00880
3	0.01556	0.01081	0.01370	0.01529	0.01605	0.01053	0.01046	0.01736	0.02035	0.02697	0.05127	0.30700	0.05965	0.25533	0.03124	0.00714	0.00894	0.10486	0.00902	0.00847
4	0.02126	0.02001	0.03376	0.57739	0.07752	0.02501	0.03126	0.02876	0.02251	0.02876	0.02001	0.03001	0.01500	0.01125	0.01125	0.00375	0.01500	0.01000	0.00500	0.01250
5	0.68395	0.02177	0.01654	0.01480	0.02177	0.02525	0.01219	0.03309	0.01915	0.05050	0.01567	0.01828	0.01219	0.01045	0.00697	0.00348	0.00871	0.00609	0.00697	0.01219
6	0.03328	0.03708	0.03097	0.12887	0.04035	0.28659	0.02280	0.08262	0.02908	0.03192	0.02018	0.02619	0.01679	0.02162	0.08170	0.00520	0.07659	0.00891	0.00614	0.01311

[dist]
# distance from previous block
# <min> <max>
1	7

[block]
# block no. 4 follows, 11 sequences, length 28
# corresponding to MSA columns:
# 321-348
name=unknown_E
#
# <colnr> <probs for GDERKNQSTAVLIFYWHMCP>
#	G	D	E	R	K	N	Q	S	T	A	V	L	I	F	Y	W	H	M	C	P
0	0.22653	0.07843	0.03347	0.02441	0.03262	0.11288	0.07600	0.13034	0.03101	0.11934	0.02329	0.02474	0.01702	0.01156	0.00976	0.00332	0.01295	0.00872	0.00832	0.01528
1	0.01528	0.01043	0.01378	0.01478	0.01593	0.00984	0.01010	0.01738	0.02358	0.03227	0.20159	0.32764	0.07548	0.08405	0.02113	0.07626	0.00690	0.02453	0.01013	0.00894
2	0.07717	0.02397	0.07718	0.21118	0.14900	0.02235	0.02640	0.03583	0.02596	0.14496	0.07145	0.03486	0.02639	0.01254	0.01106	0.00355	0.01230	0.01080	0.00784	0.01521
3	0.44817	0.02747	0.02269	0.02236	0.06739	0.11775	0.01619	0.03765	0.02334	0.09894	0.01956	0.02161	0.01477	0.01099	0.00834	0.00337	0.01121	0.00719	0.00741	0.01357
4	0.14025	0.02610	0.04754	0.03608	0.04397	0.02718	0.28511	0.03277	0.02374	0.03692	0.02422	0.03768	0.02096	0.01356	0.01612	0.00407	0.10464	0.05910	0.00629	0.01369
5	0.02376	0.02284	0.03241	0.03124	0.08098	0.03019	0.02307	0.02631	0.01801	0.02735	0.01850	0.03217	0.01894	0.10459	0.03717	0.00564	0.43865	0.01083	0.00527	0.01210
6	0.02584	0.03144	0.10972	0.10821	0.16156	0.02747	0.29643	0.03489	0.02562	0.03537	0.02185	0.02908	0.01671	0.00992	0.01233	0.00367	0.01709	0.01170	0.00549	0.01561
7	0.02843	0.02365	0.03761	0.20529	0.28465	0.02528	0.02957	0.03819	0.08556	0.09081	0.02640	0.03136	0.02014	0.01145	0.01123	0.00353	0.01288	0.01049	0.00704	0.01643
8	0.02098	0.01049	0.01049	0.01049	0.01311	0.01049	0.00787	0.02623	0.02360	0.04196	0.03672	0.04196	0.02885	0.01311	0.00787	0.00262	0.00525	0.01049	0.66693	0.01049
9	0.02396	0.01328	0.01762	0.01552	0.01958	0.01199	0.01199	0.02904	0.03194	0.16050	0.41596	0.07345	0.08801	0.02090	0.01282	0.00353	0.00630	0.01826	0.01275	0.01260
10	0.02207	0.02083	0.03523	0.51481	0.13375	0.02522	0.03166	0.02947	0.02289	0.02974	0.02015	0.02974	0.01535	0.01110	0.01124	0.00370	0.01480	0.01001	0.00507	0.01316
11	0.02126	0.02001	0.03376	0.57739	0.07752	0.02501	0.03126	0.02876	0.02251	0.02876	0.02001	0.03001	0.01500	0.01125	0.01125	0.00375	0.01500	0.01000	0.00500	0.01250
12	0.02126	0.02001	0.03376	0.57739	0.07752	0.02501	0.03126	0.02876	0.02251	0.02876	0.02001	0.03001	0.01500	0.01125	0.01125	0.00375	0.01500	0.01000	0.00500	0.01250
13	0.05050	0.01915	0.02612	0.02003	0.02873	0.01654	0.01654	0.05485	0.03221	0.54203	0.04440	0.03831	0.02786	0.01393	0.01132	0.00348	0.00958	0.01132	0.01393	0.01915
14	0.02322	0.04035	0.33833	0.02597	0.03736	0.02038	0.03002	0.03247	0.02492	0.08923	0.07476	0.14516	0.03564	0.01701	0.01172	0.00375	0.01289	0.01441	0.00753	0.01489
15	0.01407	0.01026	0.01334	0.01567	0.01684	0.00953	0.01094	0.01642	0.02239	0.02936	0.06748	0.50104	0.12320	0.03415	0.01436	0.00454	0.00679	0.06989	0.01044	0.00929
16	0.04279	0.03153	0.03378	0.02590	0.03490	0.03490	0.02139	0.49671	0.05292	0.07093	0.02702	0.02702	0.01914	0.01351	0.01126	0.00338	0.01239	0.01013	0.01126	0.01914
17	0.01804	0.01372	0.01686	0.01569	0.01899	0.01366	0.01188	0.02798	0.11611	0.04548	0.44397	0.07672	0.09364	0.02166	0.01296	0.00359	0.00594	0.01902	0.01223	0.01188
18	0.20669	0.02215	0.02519	0.01984	0.02817	0.02219	0.01638	0.13331	0.03289	0.33027	0.03395	0.03118	0.02231	0.01298	0.01022	0.00346	0.00989	0.00979	0.01169	0.01742
19	0.01814	0.01296	0.01814	0.02073	0.02332	0.01296	0.01814	0.02332	0.02591	0.03368	0.05959	0.12696	0.06478	0.03109	0.01555	0.00518	0.01036	0.45848	0.01036	0.01036
20	0.04214	0.05092	0.03213	0.02861	0.03481	0.49470	0.02170	0.10057	0.03448	0.03289	0.01858	0.02113	0.01507	0.01183	0.01029	0.00296	0.01932	0.00760	0.00647	0.01380
21	0.02396	0.07426	0.02661	0.01691	0.02688	0.01771	0.01388	0.02883	0.02330	0.03574	0.01961	0.02285	0.01647	0.00845	0.00823	0.00174	0.00868	0.00661	0.00650	0.61280
22	0.02853	0.02245	0.02583	0.13018	0.03569	0.10321	0.01955	0.03316	0.02549	0.12981	0.08904	0.03986	0.03191	0.03217	0.14995	0.00720	0.06330	0.01160	0.00803	0.01303
23	0.02098	0.01049	0.01049	0.01049	0.01311	0.01049	0.00787	0.02623	0.02360	0.04196	0.03672	0.04196	0.02885	0.01311	0.00787	0.00262	0.00525	0.01049	0.66693	0.01049
24	0.09694	0.03517	0.18069	0.08666	0.12785	0.02737	0.12311	0.07391	0.06712	0.04069	0.02305	0.02751	0.01732	0.01097	0.01105	0.00359	0.01459	0.01002	0.00642	0.01600
25	0.33613	0.07703	0.02947	0.07002	0.09319	0.02947	0.01934	0.14529	0.02873	0.04987	0.01945	0.02251	0.01500	0.01113	0.00889	0.00337	0.01098	0.00787	0.00748	0.01479
26	0.15213	0.06916	0.02989	0.20015	0.08510	0.02342	0.02135	0.03340	0.02445	0.10721	0.06856	0.03207	0.02491	0.01204	0.01002	0.00331	0.01117	0.00975	0.00748	0.07445
27	0.08909	0.08278	0.15449	0.17140	0.09338	0.02601	0.06252	0.03665	0.02474	0.12010	0.02369	0.02766	0.01711	0.01112	0.01052	0.00348	0.01376	0.00937	0.00672	0.01540

[dist]
# distance from previous block
# <min> <max>
0	10

[block]
# block no. 5 follows, 11 sequences, length 20
# corresponding to MSA columns:
# 359-378
name=unknown_F
#
# <colnr> <probs for GDERKNQSTAVLIFYWHMCP>
#	G	D	E	R	K	N	Q	S	T	A	V	L	I	F	Y	W	H	M	C	P
0	0.04984	0.02021	0.02677	0.02053	0.02926	0.01811	0.01696	0.09257	0.03398	0.50182	0.04292	0.03735	0.02712	0.01389	0.01131	0.00347	0.00982	0.01122	0.01370	0.01915
1	0.03165	0.02671	0.10440	0.09944	0.17704	0.02195	0.06508	0.03869	0.02768	0.18381	0.08089	0.03668	0.02914	0.01271	0.01155	0.00352	0.01250	0.01152	0.00856	0.01648
2	0.03010	0.03311	0.12624	0.16253	0.12382	0.08499	0.12350	0.03784	0.02646	0.10699	0.02402	0.02884	0.01752	0.01105	0.01144	0.00353	0.01565	0.01027	0.00657	0.01554
3	0.04024	0.01688	0.02283	0.01828	0.02519	0.01478	0.01478	0.04488	0.03211	0.39455	0.18803	0.05189	0.05111	0.01663	0.01190	0.00350	0.00831	0.01400	0.01347	0.01662
4	0.01593	0.01150	0.01504	0.01416	0.01681	0.01062	0.01062	0.02124	0.03186	0.04513	0.52830	0.08407	0.10620	0.02301	0.01327	0.00354	0.00531	0.02035	0.01239	0.01062
5	0.03466	0.37438	0.10438	0.02168	0.03158	0.07925	0.02139	0.03944	0.02575	0.13927	0.02253	0.02327	0.01733	0.01084	0.00874	0.00281	0.01271	0.00753	0.00686	0.01559
6	0.13034	0.03609	0.20782	0.02952	0.09187	0.05596	0.02695	0.04210	0.02661	0.20564	0.02751	0.02804	0.01889	0.01171	0.01037	0.00346	0.01299	0.00912	0.00828	0.01673
7	0.01939	0.01254	0.01682	0.01649	0.01962	0.01176	0.01322	0.02459	0.03022	0.08277	0.35700	0.09235	0.08814	0.02453	0.01375	0.00400	0.00708	0.14255	0.01195	0.01125
8	0.01626	0.01123	0.01400	0.01464	0.01536	0.01145	0.00981	0.01777	0.01848	0.02482	0.04092	0.13537	0.04603	0.38735	0.12032	0.01048	0.01316	0.07692	0.00759	0.00803
9	0.02486	0.17979	0.31147	0.02861	0.04216	0.02920	0.07984	0.03425	0.02379	0.03368	0.01937	0.02306	0.01492	0.01000	0.00983	0.00306	0.01469	0.00808	0.00512	0.10422
10	0.08033	0.02284	0.03660	0.32245	0.16030	0.02599	0.06737	0.03418	0.07463	0.03479	0.02281	0.02985	0.01754	0.01121	0.01105	0.00365	0.01382	0.01023	0.00602	0.01435
11	0.02098	0.01049	0.01049	0.01049	0.01311	0.01049	0.00787	0.02623	0.02360	0.04196	0.03672	0.04196	0.02885	0.01311	0.00787	0.00262	0.00525	0.01049	0.66693	0.01049
12	0.01663	0.01121	0.01313	0.01351	0.01389	0.01121	0.00847	0.01738	0.01776	0.02356	0.03899	0.08145	0.04441	0.52062	0.05118	0.01007	0.01083	0.08100	0.00734	0.00734
13	0.10889	0.03217	0.10600	0.10500	0.11457	0.11213	0.02527	0.04138	0.02716	0.18182	0.02635	0.02824	0.01864	0.01173	0.01051	0.00341	0.01360	0.00924	0.00799	0.01589
14	0.03009	0.61122	0.05898	0.01926	0.02889	0.04454	0.01926	0.03370	0.02287	0.02648	0.01565	0.01805	0.01444	0.00963	0.00722	0.00241	0.01204	0.00602	0.00481	0.01444
15	0.02662	0.02222	0.02421	0.02179	0.02694	0.02611	0.01707	0.05147	0.39024	0.04424	0.04123	0.04017	0.03150	0.01542	0.01360	0.00376	0.06854	0.01210	0.10660	0.01617
16	0.03971	0.09975	0.03417	0.13017	0.09476	0.02304	0.02170	0.04482	0.02839	0.31948	0.03334	0.03285	0.02251	0.01241	0.01074	0.00337	0.01135	0.01021	0.01009	0.01712
17	0.02334	0.02001	0.02334	0.01667	0.02667	0.01500	0.01334	0.02834	0.02334	0.03668	0.02001	0.02334	0.01667	0.00834	0.00834	0.00167	0.00834	0.00667	0.00667	0.67325
18	0.01676	0.01091	0.01335	0.01335	0.01361	0.01117	0.00816	0.01662	0.01636	0.02208	0.03264	0.06454	0.03639	0.46110	0.12060	0.10077	0.01325	0.01492	0.00646	0.00698
19	0.02747	0.34260	0.14031	0.02184	0.03235	0.03471	0.02242	0.03716	0.09489	0.03258	0.02149	0.02333	0.01762	0.01048	0.00864	0.00273	0.01194	0.00752	0.00602	0.10390

[dist]
# distance from previous block
# <min> <max>
0	5

# created by:
# /st0/software/busco_prod/Augustus/scripts/msa2prfl.pl ./align_prep/7977.fa
