[name]
unknown

[dist]
# distance from previous block
# <min> <max>
0	1

[block]
# block no. 0 follows, 12 sequences, length 60
# corresponding to MSA columns:
# 1-60
name=unknown_A
#
# <colnr> <probs for GDERKNQSTAVLIFYWHMCP>
#	G	D	E	R	K	N	Q	S	T	A	V	L	I	F	Y	W	H	M	C	P
0	0.01739	0.01243	0.01732	0.01955	0.02206	0.01236	0.01696	0.02242	0.02558	0.03356	0.09834	0.11952	0.06611	0.02947	0.01488	0.00489	0.00963	0.43728	0.01020	0.01006
1	0.01563	0.01048	0.01196	0.01218	0.01223	0.01042	0.00691	0.01580	0.01629	0.02172	0.03657	0.11773	0.04244	0.56661	0.05191	0.01004	0.01021	0.01716	0.00691	0.00680
2	0.01602	0.01115	0.01569	0.01569	0.01691	0.01237	0.01134	0.01795	0.01672	0.02352	0.02942	0.04922	0.02958	0.21663	0.38008	0.08870	0.02218	0.01253	0.00592	0.00837
3	0.01769	0.01518	0.02092	0.02024	0.02076	0.01870	0.01542	0.01989	0.01853	0.02644	0.03725	0.28002	0.04251	0.07649	0.09798	0.00670	0.22857	0.01944	0.00733	0.00995
4	0.01387	0.01048	0.01281	0.01351	0.01566	0.00942	0.00965	0.01707	0.02527	0.03347	0.23167	0.29253	0.21812	0.02841	0.01328	0.00389	0.00571	0.02503	0.01073	0.00942
5	0.02688	0.04282	0.26642	0.03198	0.09468	0.11103	0.02989	0.04259	0.17086	0.03664	0.02643	0.02804	0.01986	0.01171	0.01054	0.00340	0.01415	0.00931	0.00673	0.01603
6	0.01460	0.01159	0.01811	0.01843	0.02016	0.01083	0.06284	0.01727	0.02139	0.02858	0.05608	0.54840	0.06625	0.03152	0.01381	0.00435	0.00760	0.02908	0.00963	0.00947
7	0.02776	0.04524	0.27235	0.02855	0.03807	0.16111	0.02971	0.06860	0.02562	0.03311	0.01927	0.02399	0.01526	0.01729	0.05505	0.00450	0.10636	0.00842	0.00542	0.01433
8	0.02356	0.02241	0.03806	0.34767	0.29484	0.02501	0.03176	0.03046	0.02321	0.03146	0.01990	0.02810	0.01580	0.01035	0.01085	0.00345	0.01380	0.00970	0.00510	0.01451
9	0.03345	0.09906	0.21350	0.02767	0.03781	0.23168	0.02732	0.13423	0.03157	0.03775	0.01951	0.02193	0.01487	0.01115	0.00998	0.00308	0.01621	0.00783	0.00626	0.01513
10	0.01311	0.01017	0.01195	0.01338	0.01534	0.00901	0.00932	0.01539	0.02261	0.02854	0.08204	0.38974	0.27791	0.03131	0.01347	0.00410	0.00598	0.02752	0.01012	0.00901
11	0.02341	0.20557	0.21395	0.02236	0.03205	0.02752	0.02399	0.03462	0.10312	0.03566	0.13488	0.03675	0.03607	0.01332	0.01004	0.00316	0.01130	0.01059	0.00722	0.01442
12	0.01394	0.01037	0.01298	0.01385	0.01576	0.00942	0.00981	0.01712	0.02509	0.03358	0.23499	0.32756	0.17799	0.02879	0.01335	0.00394	0.00576	0.02554	0.01076	0.00942
13	0.02556	0.03650	0.23377	0.03194	0.04065	0.02788	0.11840	0.03316	0.02192	0.07526	0.02008	0.02567	0.01560	0.01356	0.02007	0.00396	0.22615	0.00972	0.00558	0.01454
14	0.02261	0.01938	0.02261	0.01615	0.02584	0.01453	0.01292	0.02745	0.02261	0.03553	0.01938	0.02261	0.01615	0.00807	0.00807	0.00161	0.00807	0.00646	0.00646	0.68346
15	0.02212	0.02055	0.03445	0.37882	0.20660	0.02348	0.02986	0.02892	0.02303	0.03061	0.02376	0.03839	0.02042	0.01259	0.01131	0.00367	0.01360	0.05889	0.00555	0.01339
16	0.02164	0.02035	0.02393	0.02151	0.02221	0.07041	0.01646	0.02338	0.01773	0.02439	0.02317	0.04222	0.02458	0.23551	0.09727	0.00799	0.28001	0.01177	0.00560	0.00988
17	0.01586	0.01057	0.01189	0.01189	0.01189	0.01057	0.00661	0.01586	0.01586	0.02114	0.03436	0.07135	0.03964	0.61681	0.05550	0.01057	0.01057	0.01586	0.00661	0.00661
18	0.69383	0.02109	0.01603	0.01434	0.02109	0.02446	0.01181	0.03205	0.01856	0.04892	0.01518	0.01771	0.01181	0.01012	0.00675	0.00337	0.00843	0.00590	0.00675	0.01181
19	0.02867	0.02131	0.02904	0.09013	0.13304	0.01940	0.01983	0.06737	0.02634	0.11803	0.02376	0.02667	0.01805	0.00990	0.00956	0.00254	0.01019	0.00838	0.00749	0.33029
20	0.02600	0.02632	0.03783	0.24114	0.28237	0.08601	0.03016	0.03199	0.02373	0.03113	0.01917	0.02663	0.01571	0.01111	0.01291	0.00346	0.06524	0.00940	0.00518	0.01451
21	0.01525	0.01089	0.01491	0.01743	0.01892	0.01055	0.01353	0.01858	0.02281	0.03003	0.05901	0.38672	0.06783	0.03231	0.01444	0.00470	0.00803	0.23459	0.01008	0.00940
22	0.02387	0.01983	0.03292	0.49252	0.10886	0.02356	0.02915	0.03078	0.02296	0.07999	0.02177	0.02968	0.01597	0.01106	0.01090	0.00358	0.01389	0.00982	0.00573	0.01316
23	0.02789	0.15962	0.32966	0.02826	0.04135	0.02761	0.07795	0.03709	0.02439	0.11392	0.02259	0.02474	0.01616	0.01053	0.01004	0.00324	0.01439	0.00854	0.00609	0.01594
24	0.01835	0.02412	0.15416	0.01949	0.02598	0.01609	0.01926	0.02800	0.08241	0.03918	0.26645	0.06859	0.10697	0.01973	0.01227	0.00365	0.00886	0.06437	0.00965	0.01241
25	0.01327	0.01051	0.01195	0.01276	0.01526	0.00919	0.00912	0.01596	0.02404	0.03028	0.13492	0.27997	0.33544	0.02939	0.01325	0.00392	0.00577	0.02550	0.01031	0.00919
26	0.02175	0.09155	0.35209	0.14184	0.04852	0.02519	0.03396	0.03172	0.02293	0.03223	0.02335	0.03475	0.01934	0.01255	0.01070	0.00357	0.01476	0.05948	0.00525	0.01446
27	0.02488	0.03639	0.22860	0.17317	0.10338	0.02645	0.12696	0.08336	0.02641	0.03670	0.02080	0.02647	0.01536	0.01049	0.01108	0.00350	0.01543	0.00974	0.00558	0.01523
28	0.02399	0.02284	0.03884	0.31258	0.32658	0.02512	0.03197	0.03083	0.02341	0.03198	0.01998	0.02796	0.01599	0.01027	0.01084	0.00342	0.01370	0.00970	0.00514	0.01485
29	0.01351	0.00966	0.01285	0.01503	0.01586	0.00901	0.01014	0.01575	0.02193	0.02951	0.11111	0.55389	0.07537	0.03291	0.01381	0.00432	0.00620	0.02981	0.01032	0.00901
30	0.01840	0.01697	0.02584	0.31553	0.10441	0.01877	0.02237	0.02389	0.02328	0.02931	0.05370	0.05733	0.21378	0.01705	0.01163	0.00361	0.01098	0.01469	0.00689	0.01159
31	0.03157	0.07772	0.04490	0.03181	0.03905	0.02868	0.19597	0.07724	0.02633	0.14004	0.02399	0.02817	0.01801	0.01303	0.01788	0.00375	0.16879	0.01072	0.00732	0.01502
32	0.02187	0.05640	0.56031	0.03108	0.04719	0.02532	0.04029	0.03453	0.02302	0.03453	0.01957	0.02302	0.01381	0.01036	0.01036	0.00345	0.01611	0.00806	0.00460	0.01611
33	0.01779	0.01363	0.01661	0.01543	0.01873	0.01369	0.01170	0.02812	0.13150	0.04411	0.44232	0.07321	0.08882	0.02078	0.01250	0.00348	0.00585	0.01823	0.01182	0.01170
34	0.02187	0.05640	0.56031	0.03108	0.04719	0.02532	0.04029	0.03453	0.02302	0.03453	0.01957	0.02302	0.01381	0.01036	0.01036	0.00345	0.01611	0.00806	0.00460	0.01611
35	0.69383	0.02109	0.01603	0.01434	0.02109	0.02446	0.01181	0.03205	0.01856	0.04892	0.01518	0.01771	0.01181	0.01012	0.00675	0.00337	0.00843	0.00590	0.00675	0.01181
36	0.03021	0.02496	0.02639	0.02281	0.02953	0.02856	0.01800	0.15582	0.42619	0.05059	0.04046	0.03756	0.03011	0.01443	0.01105	0.00361	0.00935	0.01179	0.01105	0.01753
37	0.02033	0.01016	0.01016	0.01016	0.01270	0.01016	0.00762	0.02541	0.02287	0.04065	0.03557	0.04065	0.02795	0.01270	0.00762	0.00254	0.00508	0.01016	0.67734	0.01016
38	0.03529	0.03279	0.02891	0.02461	0.03151	0.16239	0.01936	0.20852	0.24572	0.04883	0.03150	0.03064	0.02360	0.01335	0.01072	0.00334	0.01246	0.01018	0.00970	0.01657
39	0.69383	0.02109	0.01603	0.01434	0.02109	0.02446	0.01181	0.03205	0.01856	0.04892	0.01518	0.01771	0.01181	0.01012	0.00675	0.00337	0.00843	0.00590	0.00675	0.01181
40	0.02292	0.02171	0.03616	0.28196	0.29731	0.02357	0.02967	0.02937	0.02356	0.03175	0.02880	0.03546	0.06749	0.01196	0.01104	0.00345	0.01290	0.01100	0.00563	0.01431
41	0.01736	0.01430	0.02094	0.01991	0.02144	0.01789	0.01583	0.02093	0.01735	0.02551	0.02600	0.03875	0.02447	0.06827	0.45778	0.01478	0.15145	0.01122	0.00561	0.01021
42	0.69383	0.02109	0.01603	0.01434	0.02109	0.02446	0.01181	0.03205	0.01856	0.04892	0.01518	0.01771	0.01181	0.01012	0.00675	0.00337	0.00843	0.00590	0.00675	0.01181
43	0.01571	0.01113	0.01473	0.01473	0.01572	0.01211	0.01015	0.01768	0.01670	0.02325	0.03176	0.05696	0.03339	0.34678	0.31698	0.01408	0.01998	0.01375	0.00622	0.00819
44	0.01408	0.01109	0.01271	0.01230	0.01546	0.00971	0.00923	0.01797	0.02768	0.03617	0.31397	0.09388	0.33667	0.02511	0.01287	0.00356	0.00534	0.02146	0.01101	0.00971
45	0.01467	0.01072	0.01378	0.01386	0.01603	0.00983	0.01007	0.01878	0.02781	0.03846	0.38323	0.21751	0.13311	0.02576	0.01313	0.00370	0.00548	0.02286	0.01136	0.00983
46	0.03117	0.01675	0.02097	0.01894	0.02420	0.01650	0.01587	0.10878	0.03063	0.19648	0.04455	0.06786	0.03910	0.01946	0.01189	0.00382	0.00926	0.18285	0.12699	0.01394
47	0.01543	0.01115	0.01457	0.01372	0.01629	0.01029	0.01029	0.02058	0.03086	0.04372	0.54304	0.08145	0.10288	0.02229	0.01286	0.00343	0.00514	0.01972	0.01200	0.01029
48	0.02511	0.02260	0.02251	0.02128	0.02613	0.07044	0.01632	0.04637	0.35693	0.03980	0.04579	0.14788	0.04078	0.01910	0.01178	0.00385	0.00928	0.04887	0.01036	0.01481
49	0.13604	0.09716	0.03556	0.12354	0.18654	0.18420	0.02435	0.03517	0.02481	0.03287	0.01785	0.02270	0.01469	0.01036	0.00948	0.00310	0.01426	0.00791	0.00551	0.01391
50	0.01479	0.01089	0.01351	0.01381	0.01596	0.01005	0.01010	0.01832	0.02578	0.03470	0.27575	0.18272	0.17219	0.09135	0.01792	0.00458	0.00645	0.06120	0.01054	0.00940
51	0.08126	0.15022	0.11393	0.01904	0.02626	0.02288	0.01811	0.03185	0.07929	0.07685	0.09226	0.13135	0.08001	0.01737	0.01051	0.00340	0.00953	0.01426	0.00836	0.01326
52	0.03109	0.29021	0.08595	0.02380	0.03137	0.09625	0.02205	0.12144	0.02752	0.03456	0.01758	0.02100	0.01489	0.01219	0.01382	0.00312	0.12519	0.00759	0.00594	0.01446
53	0.01599	0.01286	0.01449	0.01407	0.01748	0.01233	0.01052	0.02383	0.10525	0.03652	0.23751	0.13636	0.27325	0.02450	0.01270	0.00367	0.00596	0.02104	0.01089	0.01079
54	0.39495	0.02542	0.02367	0.01926	0.02692	0.02875	0.01589	0.25213	0.03354	0.05799	0.02022	0.02159	0.01489	0.01148	0.00865	0.00333	0.01007	0.00770	0.00865	0.01489
55	0.02380	0.03589	0.23327	0.15941	0.26713	0.02535	0.03535	0.03273	0.02355	0.03365	0.01993	0.02594	0.01544	0.01019	0.01065	0.00340	0.01444	0.00910	0.00499	0.01580
56	0.63097	0.02084	0.01693	0.01483	0.02174	0.02364	0.01222	0.03411	0.01979	0.09837	0.01789	0.01960	0.01329	0.01045	0.00716	0.00337	0.00852	0.00640	0.00741	0.01247
57	0.01934	0.01533	0.02191	0.18904	0.03669	0.01675	0.01872	0.06472	0.02711	0.03625	0.16172	0.15250	0.05571	0.02163	0.01274	0.00398	0.00979	0.11576	0.00905	0.01127
58	0.01377	0.01108	0.01228	0.01198	0.01527	0.00958	0.00898	0.01737	0.02695	0.03443	0.26135	0.09674	0.39037	0.02576	0.01288	0.00359	0.00539	0.02186	0.01078	0.00958
59	0.02214	0.01996	0.02897	0.37921	0.05687	0.02405	0.02493	0.03623	0.17282	0.03430	0.06576	0.03641	0.02667	0.01290	0.01110	0.00364	0.01209	0.01122	0.00723	0.01350

[dist]
# distance from previous block
# <min> <max>
0	1

[block]
# block no. 1 follows, 12 sequences, length 67
# corresponding to MSA columns:
# 62-95,105-137
name=unknown_B
#
# <colnr> <probs for GDERKNQSTAVLIFYWHMCP>
#	G	D	E	R	K	N	Q	S	T	A	V	L	I	F	Y	W	H	M	C	P
0	0.02680	0.44029	0.21962	0.02267	0.03419	0.03739	0.02564	0.03326	0.02243	0.02852	0.01658	0.01928	0.01393	0.00966	0.00808	0.00269	0.01310	0.00655	0.00464	0.01468
1	0.53898	0.02302	0.02722	0.02167	0.02941	0.02518	0.12709	0.03272	0.02022	0.04568	0.01678	0.02042	0.01291	0.00991	0.00817	0.00344	0.01074	0.00752	0.00646	0.01248
2	0.03467	0.02588	0.02795	0.02312	0.03050	0.02889	0.01855	0.24000	0.29616	0.09705	0.03696	0.03456	0.02685	0.01400	0.01101	0.00350	0.01004	0.01121	0.01122	0.01788
3	0.46399	0.02018	0.01933	0.01614	0.02349	0.02145	0.01331	0.03957	0.02306	0.22976	0.02510	0.02463	0.01722	0.01132	0.00825	0.00337	0.00874	0.00771	0.00915	0.01421
4	0.02446	0.01968	0.02618	0.22301	0.04218	0.02281	0.02038	0.13975	0.07308	0.03745	0.02723	0.03858	0.02329	0.12280	0.10587	0.00686	0.01504	0.01129	0.00727	0.01279
5	0.04892	0.01856	0.02530	0.01940	0.02783	0.01603	0.01603	0.05314	0.03121	0.55634	0.04302	0.03711	0.02699	0.01350	0.01096	0.00337	0.00928	0.01096	0.01350	0.01856
6	0.02426	0.02077	0.02886	0.03576	0.21033	0.02166	0.02105	0.07329	0.14908	0.04186	0.15155	0.09579	0.04607	0.01635	0.01164	0.00350	0.00942	0.01461	0.00917	0.01499
7	0.01586	0.01057	0.01189	0.01189	0.01189	0.01057	0.00661	0.01586	0.01586	0.02114	0.03436	0.07135	0.03964	0.61681	0.05550	0.01057	0.01057	0.01586	0.00661	0.00661
8	0.02722	0.12129	0.12037	0.10067	0.13125	0.11823	0.02769	0.03275	0.02284	0.02939	0.01738	0.02329	0.01470	0.01238	0.01598	0.00348	0.15371	0.00841	0.00499	0.01398
9	0.01493	0.01089	0.01403	0.01374	0.01611	0.01000	0.01012	0.01942	0.02894	0.04032	0.43980	0.16210	0.12997	0.02445	0.01302	0.00360	0.00535	0.02164	0.01159	0.01000
10	0.02739	0.02958	0.10143	0.04695	0.28173	0.02687	0.07266	0.07553	0.14733	0.04030	0.02668	0.02995	0.02072	0.01121	0.01101	0.00342	0.01271	0.01044	0.00709	0.01699
11	0.01561	0.01155	0.01686	0.01686	0.01858	0.01327	0.01280	0.01904	0.01733	0.02482	0.02981	0.04620	0.02872	0.14492	0.51245	0.01670	0.02701	0.01217	0.00593	0.00937
12	0.18463	0.17928	0.03525	0.02680	0.11086	0.03057	0.01924	0.15530	0.02917	0.04400	0.02288	0.07399	0.02036	0.01276	0.00918	0.00315	0.01073	0.00974	0.00737	0.01474
13	0.02903	0.01272	0.01477	0.01297	0.01731	0.01195	0.01018	0.03385	0.02540	0.19759	0.03784	0.03957	0.02766	0.01294	0.00864	0.00279	0.00636	0.01041	0.47531	0.01272
14	0.01370	0.01108	0.01218	0.01190	0.01523	0.00955	0.00893	0.01723	0.02678	0.03403	0.24922	0.09740	0.40274	0.02591	0.01288	0.00360	0.00540	0.02196	0.01073	0.00955
15	0.02434	0.01361	0.01706	0.01511	0.01924	0.01289	0.01170	0.03140	0.07088	0.15383	0.31831	0.06243	0.06959	0.01834	0.01152	0.00331	0.00631	0.01579	0.11171	0.01263
16	0.01719	0.01050	0.01185	0.01228	0.01335	0.01044	0.00812	0.01939	0.01929	0.02891	0.03893	0.11449	0.04066	0.32389	0.03318	0.00700	0.00838	0.05163	0.22230	0.00822
17	0.02208	0.02089	0.03538	0.46908	0.18502	0.02462	0.03102	0.02916	0.02250	0.02966	0.01964	0.02859	0.01517	0.01063	0.01088	0.00354	0.01417	0.00970	0.00497	0.01331
18	0.02261	0.01938	0.02261	0.01615	0.02584	0.01453	0.01292	0.02745	0.02261	0.03553	0.01938	0.02261	0.01615	0.00807	0.00807	0.00161	0.00807	0.00646	0.00646	0.68346
19	0.01716	0.01311	0.01689	0.01607	0.01652	0.01519	0.01119	0.01847	0.01639	0.02298	0.02972	0.05660	0.03243	0.39030	0.17220	0.01119	0.11544	0.01381	0.00611	0.00824
20	0.02699	0.02591	0.04426	0.06693	0.54879	0.02591	0.03346	0.03346	0.02483	0.03562	0.02051	0.02699	0.01727	0.00972	0.01079	0.00324	0.01295	0.00972	0.00540	0.01727
21	0.57948	0.02446	0.01962	0.01968	0.06248	0.07799	0.01436	0.03328	0.02024	0.04574	0.01575	0.01861	0.01244	0.01020	0.00736	0.00331	0.00987	0.00630	0.00653	0.01231
22	0.02263	0.05109	0.46268	0.03401	0.04912	0.02577	0.13259	0.03461	0.02355	0.03461	0.02006	0.02428	0.01435	0.01013	0.01085	0.00350	0.01656	0.00900	0.00478	0.01584
23	0.01543	0.01115	0.01457	0.01372	0.01629	0.01029	0.01029	0.02058	0.03086	0.04372	0.54304	0.08145	0.10288	0.02229	0.01286	0.00343	0.00514	0.01972	0.01200	0.01029
24	0.01404	0.01020	0.01338	0.01545	0.01677	0.00954	0.01109	0.01671	0.02256	0.02980	0.09765	0.45494	0.11483	0.03215	0.01392	0.00438	0.00673	0.09643	0.01024	0.00916
25	0.02915	0.62337	0.05714	0.01866	0.02799	0.04314	0.01866	0.03265	0.02215	0.02565	0.01516	0.01749	0.01399	0.00933	0.00700	0.00233	0.01166	0.00583	0.00466	0.01399
26	0.03322	0.01451	0.01862	0.01552	0.02096	0.01307	0.01237	0.03790	0.02882	0.29446	0.15698	0.04838	0.04487	0.01532	0.01048	0.00316	0.00716	0.01277	0.19714	0.01431
27	0.01543	0.01115	0.01457	0.01372	0.01629	0.01029	0.01029	0.02058	0.03086	0.04372	0.54304	0.08145	0.10288	0.02229	0.01286	0.00343	0.00514	0.01972	0.01200	0.01029
28	0.01543	0.01115	0.01457	0.01372	0.01629	0.01029	0.01029	0.02058	0.03086	0.04372	0.54304	0.08145	0.10288	0.02229	0.01286	0.00343	0.00514	0.01972	0.01200	0.01029
29	0.02728	0.02287	0.02441	0.02163	0.02767	0.02609	0.01689	0.09560	0.43716	0.04753	0.09128	0.04333	0.03872	0.01537	0.01125	0.00363	0.00860	0.01282	0.01117	0.01670
30	0.03421	0.03274	0.10186	0.03053	0.04046	0.03077	0.13918	0.30468	0.08130	0.05472	0.02592	0.02777	0.01873	0.01198	0.01133	0.00343	0.01373	0.01054	0.00889	0.01724
31	0.01543	0.01115	0.01457	0.01372	0.01629	0.01029	0.01029	0.02058	0.03086	0.04372	0.54304	0.08145	0.10288	0.02229	0.01286	0.00343	0.00514	0.01972	0.01200	0.01029
32	0.03941	0.04919	0.03029	0.02752	0.03319	0.51988	0.02070	0.04494	0.07941	0.02853	0.01953	0.02171	0.01592	0.01158	0.00995	0.00290	0.01859	0.00754	0.00615	0.01309
33	0.02699	0.02591	0.04426	0.06693	0.54879	0.02591	0.03346	0.03346	0.02483	0.03562	0.02051	0.02699	0.01727	0.00972	0.01079	0.00324	0.01295	0.00972	0.00540	0.01727
34	0.01677	0.01172	0.01527	0.01658	0.01821	0.01164	0.01300	0.02001	0.02233	0.02954	0.09349	0.10081	0.05816	0.23850	0.02927	0.00685	0.00978	0.27022	0.00899	0.00884
35	0.69383	0.02109	0.01603	0.01434	0.02109	0.02446	0.01181	0.03205	0.01856	0.04892	0.01518	0.01771	0.01181	0.01012	0.00675	0.00337	0.00843	0.00590	0.00675	0.01181
36	0.01586	0.01057	0.01189	0.01189	0.01189	0.01057	0.00661	0.01586	0.01586	0.02114	0.03436	0.07135	0.03964	0.61681	0.05550	0.01057	0.01057	0.01586	0.00661	0.00661
37	0.01586	0.01057	0.01189	0.01189	0.01189	0.01057	0.00661	0.01586	0.01586	0.02114	0.03436	0.07135	0.03964	0.61681	0.05550	0.01057	0.01057	0.01586	0.00661	0.00661
38	0.04892	0.01856	0.02530	0.01940	0.02783	0.01603	0.01603	0.05314	0.03121	0.55634	0.04302	0.03711	0.02699	0.01350	0.01096	0.00337	0.00928	0.01096	0.01350	0.01856
39	0.02343	0.10166	0.39964	0.03340	0.04772	0.02746	0.14700	0.03445	0.02357	0.03382	0.01974	0.02400	0.01446	0.00999	0.01063	0.00340	0.01624	0.00897	0.00482	0.01560
40	0.04892	0.01856	0.02530	0.01940	0.02783	0.01603	0.01603	0.05314	0.03121	0.55634	0.04302	0.03711	0.02699	0.01350	0.01096	0.00337	0.00928	0.01096	0.01350	0.01856
41	0.69383	0.02109	0.01603	0.01434	0.02109	0.02446	0.01181	0.03205	0.01856	0.04892	0.01518	0.01771	0.01181	0.01012	0.00675	0.00337	0.00843	0.00590	0.00675	0.01181
42	0.02261	0.01938	0.02261	0.01615	0.02584	0.01453	0.01292	0.02745	0.02261	0.03553	0.01938	0.02261	0.01615	0.00807	0.00807	0.00161	0.00807	0.00646	0.00646	0.68346
43	0.01379	0.00985	0.01323	0.01576	0.01661	0.00929	0.01100	0.01606	0.02137	0.02840	0.05982	0.55225	0.07101	0.03368	0.01405	0.00450	0.00676	0.08345	0.01011	0.00900
44	0.02763	0.03173	0.05844	0.04589	0.10213	0.09179	0.40526	0.03580	0.02626	0.03402	0.02129	0.02803	0.01632	0.00948	0.01231	0.00353	0.01800	0.01187	0.00552	0.01471
45	0.01375	0.01001	0.01296	0.01447	0.01583	0.00922	0.01000	0.01648	0.02355	0.03167	0.17664	0.44222	0.12125	0.03082	0.01358	0.00413	0.00598	0.02767	0.01056	0.00922
46	0.01586	0.01057	0.01189	0.01189	0.01189	0.01057	0.00661	0.01586	0.01586	0.02114	0.03436	0.07135	0.03964	0.61681	0.05550	0.01057	0.01057	0.01586	0.00661	0.00661
47	0.01543	0.01115	0.01457	0.01372	0.01629	0.01029	0.01029	0.02058	0.03086	0.04372	0.54304	0.08145	0.10288	0.02229	0.01286	0.00343	0.00514	0.01972	0.01200	0.01029
48	0.03813	0.02889	0.03085	0.02442	0.03255	0.03226	0.01992	0.40710	0.16201	0.06336	0.03040	0.02954	0.02196	0.01348	0.01095	0.00337	0.01122	0.01040	0.01095	0.01825
49	0.03725	0.04674	0.03865	0.03223	0.03910	0.44661	0.13420	0.04154	0.02970	0.02860	0.01806	0.02192	0.01462	0.01076	0.01054	0.00301	0.01937	0.00838	0.00559	0.01312
50	0.02779	0.02430	0.03892	0.03106	0.03462	0.02969	0.12729	0.03190	0.02069	0.10285	0.02003	0.02692	0.01658	0.01617	0.02735	0.00434	0.38941	0.01046	0.00616	0.01346
51	0.01328	0.00949	0.01265	0.01518	0.01581	0.00886	0.01012	0.01518	0.02088	0.02783	0.06010	0.60969	0.07212	0.03416	0.01392	0.00443	0.00633	0.03100	0.01012	0.00886
52	0.01336	0.01106	0.01170	0.01154	0.01502	0.00941	0.00866	0.01657	0.02597	0.03211	0.19105	0.10056	0.46211	0.02662	0.01288	0.00363	0.00545	0.02240	0.01047	0.00941
53	0.02547	0.02127	0.02409	0.01806	0.02714	0.01858	0.01445	0.08899	0.09740	0.04087	0.02371	0.02558	0.01885	0.00961	0.00884	0.00210	0.00862	0.00768	0.00764	0.51106
54	0.02328	0.16587	0.46316	0.02868	0.04348	0.02876	0.03611	0.03417	0.02285	0.03282	0.01872	0.02195	0.01385	0.01016	0.00971	0.00324	0.01525	0.00763	0.00462	0.01570
55	0.08165	0.29746	0.21516	0.02292	0.03416	0.03291	0.02516	0.06882	0.02496	0.07727	0.01969	0.02156	0.01516	0.01034	0.00869	0.00294	0.01270	0.00727	0.00598	0.01522
56	0.01644	0.01138	0.01442	0.01531	0.01638	0.01155	0.01114	0.01858	0.01930	0.02561	0.04223	0.08722	0.04678	0.36014	0.08716	0.00921	0.01204	0.17926	0.00776	0.00811
57	0.02239	0.04459	0.37634	0.03572	0.10476	0.02424	0.10267	0.03310	0.02438	0.03561	0.07100	0.03008	0.02328	0.01128	0.01101	0.00346	0.01499	0.01007	0.00555	0.01548
58	0.01562	0.01058	0.01245	0.01266	0.01288	0.01070	0.00751	0.01612	0.01641	0.02205	0.03597	0.11220	0.04116	0.52227	0.09822	0.01069	0.01189	0.01671	0.00682	0.00707
59	0.03241	0.26415	0.15486	0.02497	0.03449	0.21302	0.02428	0.07625	0.02762	0.03146	0.01758	0.02011	0.01435	0.01049	0.00898	0.00281	0.01528	0.00703	0.00548	0.01438
60	0.03957	0.02679	0.02958	0.02341	0.03151	0.02911	0.01910	0.32780	0.15496	0.15120	0.03329	0.03140	0.02337	0.01354	0.01096	0.00339	0.01075	0.01059	0.01141	0.01826
61	0.03173	0.02167	0.02405	0.01979	0.02640	0.02272	0.01589	0.21452	0.12689	0.12715	0.09920	0.05160	0.13614	0.01727	0.01154	0.00346	0.00902	0.01405	0.01128	0.01564
62	0.29157	0.19686	0.03269	0.01954	0.02543	0.03218	0.01703	0.03296	0.06031	0.03663	0.01733	0.02092	0.01475	0.01235	0.01391	0.00342	0.14593	0.00724	0.00603	0.01291
63	0.08000	0.18917	0.33315	0.02639	0.03888	0.09417	0.03053	0.03494	0.02338	0.03263	0.01784	0.02087	0.01372	0.01020	0.00920	0.00310	0.01484	0.00723	0.00491	0.01485
64	0.03429	0.03297	0.02696	0.02192	0.02978	0.23624	0.01709	0.07374	0.02907	0.09604	0.02169	0.02343	0.01678	0.01034	0.00932	0.00242	0.01308	0.00747	0.00730	0.29006
65	0.03301	0.02140	0.02069	0.01748	0.02292	0.08318	0.01383	0.14564	0.03197	0.14258	0.03259	0.03415	0.02395	0.01277	0.00927	0.00290	0.00920	0.00986	0.31865	0.01398
66	0.01697	0.01198	0.01803	0.08388	0.02413	0.01364	0.01399	0.01891	0.01711	0.02376	0.02613	0.04156	0.02495	0.11185	0.33705	0.16943	0.02121	0.01131	0.00554	0.00857

[dist]
# distance from previous block
# <min> <max>
0	1

[block]
# block no. 2 follows, 12 sequences, length 45
# corresponding to MSA columns:
# 139-183
name=unknown_C
#
# <colnr> <probs for GDERKNQSTAVLIFYWHMCP>
#	G	D	E	R	K	N	Q	S	T	A	V	L	I	F	Y	W	H	M	C	P
0	0.02321	0.09255	0.02916	0.02038	0.02612	0.01926	0.08596	0.03121	0.08172	0.09272	0.26267	0.05857	0.09673	0.01742	0.01174	0.00337	0.00874	0.01552	0.01005	0.01293
1	0.03604	0.02817	0.03214	0.02960	0.09691	0.03114	0.02145	0.33822	0.16808	0.05877	0.03004	0.02992	0.02209	0.01309	0.01094	0.00338	0.01127	0.01044	0.01026	0.01806
2	0.03042	0.10363	0.02825	0.02014	0.02680	0.08151	0.01651	0.08240	0.12603	0.11590	0.10884	0.04387	0.03723	0.01491	0.01062	0.00318	0.01014	0.04558	0.00956	0.08447
3	0.02915	0.62337	0.05714	0.01866	0.02799	0.04314	0.01866	0.03265	0.02215	0.02565	0.01516	0.01749	0.01399	0.00933	0.00700	0.00233	0.01166	0.00583	0.00466	0.01399
4	0.19152	0.02938	0.12974	0.03297	0.08589	0.02395	0.19664	0.03159	0.02327	0.03775	0.03082	0.03459	0.08102	0.01198	0.01071	0.00352	0.01338	0.01126	0.00623	0.01377
5	0.03399	0.03288	0.16653	0.02756	0.03798	0.02550	0.08935	0.14622	0.11071	0.16983	0.03088	0.03073	0.02144	0.01225	0.01108	0.00346	0.01270	0.01045	0.00926	0.01722
6	0.02246	0.02202	0.03654	0.02867	0.03490	0.02301	0.19189	0.03416	0.13842	0.03690	0.12038	0.04959	0.10434	0.01623	0.01534	0.00378	0.08479	0.01477	0.00832	0.01350
7	0.02581	0.02318	0.03570	0.32153	0.18493	0.02693	0.02904	0.10644	0.02685	0.03621	0.02034	0.02765	0.01585	0.01162	0.01291	0.00357	0.06136	0.00970	0.00595	0.01443
8	0.01329	0.01106	0.01160	0.01147	0.01497	0.00938	0.00860	0.01643	0.02580	0.03171	0.17891	0.10122	0.47451	0.02677	0.01288	0.00364	0.00546	0.02249	0.01042	0.00938
9	0.02534	0.02331	0.04672	0.03441	0.04286	0.02166	0.32191	0.03292	0.02770	0.09166	0.16614	0.04439	0.04115	0.01321	0.01267	0.00358	0.01383	0.01454	0.00811	0.01390
10	0.07790	0.02473	0.08594	0.10605	0.14792	0.02044	0.02306	0.03430	0.02419	0.12453	0.02337	0.02658	0.01746	0.01013	0.00968	0.00287	0.01109	0.00850	0.00704	0.21422
11	0.32303	0.17948	0.03078	0.07867	0.03049	0.07850	0.01684	0.03501	0.02228	0.09149	0.01868	0.02107	0.01445	0.01045	0.00798	0.00308	0.01103	0.00692	0.00661	0.01319
12	0.09421	0.02247	0.02432	0.02025	0.02725	0.02409	0.01626	0.16357	0.19926	0.15223	0.04514	0.04226	0.09033	0.01528	0.01085	0.00349	0.00920	0.01217	0.01101	0.01634
13	0.02570	0.10470	0.31885	0.02843	0.03923	0.03013	0.03172	0.09644	0.02529	0.03632	0.01881	0.02305	0.01458	0.01258	0.01580	0.00361	0.14561	0.00839	0.00549	0.01528
14	0.01516	0.01113	0.01420	0.01343	0.01612	0.01017	0.01007	0.02005	0.03022	0.04220	0.49692	0.08395	0.14994	0.02286	0.01286	0.00346	0.00518	0.02007	0.01180	0.01017
15	0.02059	0.01938	0.03270	0.59060	0.07510	0.02422	0.03028	0.02786	0.02180	0.02786	0.01938	0.02907	0.01453	0.01090	0.01090	0.00363	0.01453	0.00969	0.00484	0.01211
16	0.01429	0.01060	0.01332	0.01370	0.01586	0.00964	0.00987	0.01797	0.02659	0.03608	0.31086	0.25384	0.17316	0.02703	0.01320	0.00379	0.00559	0.02391	0.01106	0.00964
17	0.02139	0.02020	0.03415	0.52504	0.13440	0.02444	0.03068	0.02856	0.02218	0.02883	0.01952	0.02881	0.01488	0.01075	0.01089	0.00358	0.01434	0.00969	0.00491	0.01276
18	0.01344	0.01107	0.01181	0.01162	0.01507	0.00944	0.00872	0.01672	0.02615	0.03254	0.20412	0.09985	0.44878	0.02646	0.01288	0.00363	0.00544	0.02230	0.01053	0.00944
19	0.01526	0.01101	0.01442	0.01384	0.01625	0.01017	0.01027	0.02013	0.03005	0.04242	0.50354	0.12465	0.10036	0.02326	0.01295	0.00351	0.00524	0.02064	0.01185	0.01017
20	0.69383	0.02109	0.01603	0.01434	0.02109	0.02446	0.01181	0.03205	0.01856	0.04892	0.01518	0.01771	0.01181	0.01012	0.00675	0.00337	0.00843	0.00590	0.00675	0.01181
21	0.02157	0.01721	0.01936	0.01864	0.02301	0.01824	0.01479	0.08357	0.18772	0.03930	0.06226	0.14334	0.15806	0.02337	0.01272	0.00404	0.00832	0.12108	0.01050	0.01291
22	0.02203	0.02085	0.03530	0.47292	0.18155	0.02460	0.03100	0.02912	0.02248	0.02960	0.01963	0.02860	0.01515	0.01063	0.01088	0.00354	0.01418	0.00970	0.00497	0.01327
23	0.01468	0.01146	0.01415	0.01446	0.01739	0.01094	0.01139	0.01844	0.02413	0.03118	0.14672	0.09065	0.27961	0.03944	0.13927	0.00699	0.01157	0.09847	0.00942	0.00963
24	0.02915	0.62337	0.05714	0.01866	0.02799	0.04314	0.01866	0.03265	0.02215	0.02565	0.01516	0.01749	0.01399	0.00933	0.00700	0.00233	0.01166	0.00583	0.00466	0.01399
25	0.03740	0.02056	0.02987	0.02266	0.03059	0.01910	0.06888	0.04206	0.02688	0.31735	0.03188	0.03137	0.02185	0.01252	0.01363	0.00319	0.08353	0.00998	0.00997	0.16674
26	0.03608	0.03639	0.03288	0.02734	0.03449	0.22739	0.06457	0.18189	0.16413	0.04444	0.02708	0.02783	0.02051	0.01250	0.01074	0.00325	0.01450	0.00972	0.00854	0.01572
27	0.02392	0.21574	0.41890	0.02759	0.04179	0.03033	0.03421	0.03400	0.02278	0.03204	0.01833	0.02147	0.01386	0.01007	0.00941	0.00314	0.01486	0.00743	0.00462	0.01552
28	0.01346	0.01107	0.01184	0.01165	0.01508	0.00945	0.00873	0.01676	0.02620	0.03266	0.20767	0.09966	0.44515	0.02642	0.01288	0.00363	0.00544	0.02227	0.01055	0.00945
29	0.01586	0.01057	0.01189	0.01189	0.01189	0.01057	0.00661	0.01586	0.01586	0.02114	0.03436	0.07135	0.03964	0.61681	0.05550	0.01057	0.01057	0.01586	0.00661	0.00661
30	0.02751	0.01227	0.01397	0.01248	0.01651	0.01164	0.00973	0.03238	0.02496	0.17029	0.03744	0.03976	0.02771	0.01290	0.00846	0.00275	0.00614	0.01036	0.51046	0.01227
31	0.01425	0.01110	0.01293	0.01247	0.01556	0.00978	0.00936	0.01828	0.02807	0.03709	0.34181	0.09237	0.30825	0.02477	0.01287	0.00355	0.00532	0.02125	0.01113	0.00978
32	0.32294	0.01963	0.02136	0.01725	0.02497	0.01961	0.01423	0.04418	0.02583	0.34074	0.03119	0.02887	0.02054	0.01206	0.00917	0.00337	0.00892	0.00881	0.01063	0.01569
33	0.03042	0.08747	0.02978	0.02245	0.02949	0.03023	0.01815	0.15318	0.37337	0.04851	0.03741	0.03514	0.02810	0.01386	0.01063	0.00346	0.00967	0.01111	0.01038	0.01719
34	0.01495	0.01171	0.01392	0.01503	0.01820	0.01068	0.01238	0.01871	0.02496	0.03086	0.08719	0.11290	0.33185	0.02872	0.01385	0.00427	0.00752	0.22263	0.01009	0.00957
35	0.02699	0.02591	0.04426	0.06693	0.54879	0.02591	0.03346	0.03346	0.02483	0.03562	0.02051	0.02699	0.01727	0.00972	0.01079	0.00324	0.01295	0.00972	0.00540	0.01727
36	0.09346	0.17498	0.39509	0.02665	0.04033	0.02908	0.03265	0.03387	0.02237	0.03412	0.01816	0.02127	0.01364	0.01011	0.00926	0.00320	0.01435	0.00735	0.00484	0.01521
37	0.02833	0.54776	0.05281	0.01834	0.02772	0.03956	0.01794	0.03200	0.02221	0.02689	0.01569	0.01813	0.01426	0.00917	0.00713	0.00224	0.01121	0.00591	0.00489	0.09780
38	0.01561	0.01156	0.01692	0.01692	0.01866	0.01330	0.01288	0.01909	0.01735	0.02487	0.02975	0.04588	0.02858	0.13881	0.51837	0.01678	0.02722	0.01213	0.00592	0.00940
39	0.01328	0.00949	0.01265	0.01518	0.01581	0.00886	0.01012	0.01518	0.02088	0.02783	0.06010	0.60969	0.07212	0.03416	0.01392	0.00443	0.00633	0.03100	0.01012	0.00886
40	0.69383	0.02109	0.01603	0.01434	0.02109	0.02446	0.01181	0.03205	0.01856	0.04892	0.01518	0.01771	0.01181	0.01012	0.00675	0.00337	0.00843	0.00590	0.00675	0.01181
41	0.01910	0.01263	0.01630	0.01474	0.01848	0.01115	0.01112	0.02369	0.02853	0.08739	0.36717	0.14074	0.08097	0.02130	0.01223	0.00333	0.00605	0.01877	0.01119	0.09512
42	0.01670	0.01333	0.01419	0.01344	0.01735	0.01233	0.01018	0.07816	0.02820	0.03528	0.12722	0.14590	0.39610	0.02608	0.01274	0.00369	0.00639	0.02194	0.01036	0.01042
43	0.18122	0.16268	0.03630	0.02260	0.03105	0.08823	0.06821	0.13598	0.02894	0.04241	0.01895	0.02152	0.01502	0.01034	0.00883	0.00287	0.01211	0.00764	0.00688	0.09821
44	0.03067	0.02083	0.02949	0.02319	0.03007	0.02019	0.09328	0.14022	0.03122	0.14565	0.06973	0.04861	0.03316	0.09527	0.01747	0.00435	0.01116	0.06021	0.00951	0.08574

[dist]
# distance from previous block
# <min> <max>
0	889

# created by:
# /st0/software/busco_prod/Augustus/scripts/msa2prfl.pl ./align_prep/7993.fa
