[name]
unknown

[dist]
# distance from previous block
# <min> <max>
0	347

[block]
# block no. 0 follows, 11 sequences, length 6
# corresponding to MSA columns:
# 468-473
name=unknown_A
#
# <colnr> <probs for GDERKNQSTAVLIFYWHMCP>
#	G	D	E	R	K	N	Q	S	T	A	V	L	I	F	Y	W	H	M	C	P
0	0.02747	0.01412	0.01840	0.01584	0.02071	0.01252	0.01240	0.03216	0.03123	0.21389	0.31178	0.07132	0.13086	0.02056	0.01261	0.00355	0.00682	0.01767	0.01268	0.01341
1	0.68395	0.02177	0.01654	0.01480	0.02177	0.02525	0.01219	0.03309	0.01915	0.05050	0.01567	0.01828	0.01219	0.01045	0.00697	0.00348	0.00871	0.00609	0.00697	0.01219
2	0.02126	0.02001	0.03376	0.57739	0.07752	0.02501	0.03126	0.02876	0.02251	0.02876	0.02001	0.03001	0.01500	0.01125	0.01125	0.00375	0.01500	0.01000	0.00500	0.01250
3	0.01516	0.01147	0.01397	0.01335	0.01634	0.01029	0.01001	0.01974	0.03003	0.04080	0.40638	0.09121	0.23082	0.02463	0.01328	0.00362	0.00543	0.02136	0.01182	0.01029
4	0.01686	0.01081	0.01327	0.01346	0.01564	0.01023	0.00979	0.02136	0.02705	0.04034	0.27676	0.19332	0.07646	0.02306	0.01198	0.00352	0.00558	0.02027	0.20000	0.01023
5	0.03143	0.01725	0.01957	0.01603	0.02202	0.01664	0.01280	0.11491	0.03054	0.15363	0.03452	0.03617	0.02537	0.01274	0.00926	0.00282	0.00782	0.01011	0.32722	0.09915

[dist]
# distance from previous block
# <min> <max>
3	13

[block]
# block no. 1 follows, 11 sequences, length 19
# corresponding to MSA columns:
# 487-505
name=unknown_B
#
# <colnr> <probs for GDERKNQSTAVLIFYWHMCP>
#	G	D	E	R	K	N	Q	S	T	A	V	L	I	F	Y	W	H	M	C	P
0	0.01750	0.10901	0.02166	0.01617	0.01913	0.01574	0.01259	0.02112	0.02558	0.03427	0.21047	0.29138	0.07446	0.02662	0.01293	0.00392	0.00734	0.05932	0.01017	0.01061
1	0.02082	0.01522	0.02437	0.11205	0.03324	0.01525	0.06694	0.02552	0.02485	0.08198	0.08765	0.27043	0.05514	0.02481	0.01354	0.00426	0.01006	0.09270	0.00954	0.01163
2	0.01582	0.01316	0.02179	0.02087	0.02328	0.01230	0.08944	0.01901	0.02237	0.02993	0.05561	0.50439	0.06506	0.03105	0.01419	0.00444	0.00857	0.02894	0.00967	0.01013
3	0.02257	0.05822	0.54613	0.03208	0.04871	0.02614	0.04158	0.03564	0.02376	0.03564	0.02020	0.02376	0.01426	0.01069	0.01069	0.00356	0.01663	0.00832	0.00475	0.01663
4	0.57431	0.01981	0.01597	0.01494	0.02088	0.02261	0.01190	0.03024	0.01955	0.04694	0.02326	0.11297	0.02237	0.01451	0.00818	0.00366	0.00835	0.01033	0.00754	0.01169
5	0.03267	0.14124	0.03967	0.02551	0.03378	0.03135	0.09578	0.20885	0.09451	0.04938	0.02779	0.02980	0.02114	0.01225	0.01033	0.00320	0.01193	0.01021	0.10447	0.01615
6	0.01789	0.01561	0.02567	0.13491	0.03566	0.01584	0.08487	0.02304	0.02501	0.03314	0.12837	0.21853	0.10278	0.02355	0.01342	0.00411	0.01018	0.06735	0.00896	0.01110
7	0.03020	0.09637	0.26336	0.03828	0.17178	0.02622	0.03261	0.03893	0.02583	0.13450	0.02476	0.02715	0.01790	0.01105	0.01060	0.00338	0.01393	0.00914	0.00678	0.01723
8	0.10037	0.02730	0.02786	0.02347	0.02997	0.08366	0.01883	0.12209	0.18005	0.14796	0.03271	0.03205	0.02388	0.01439	0.01391	0.00368	0.08073	0.01043	0.01009	0.01658
9	0.04279	0.03153	0.03378	0.02590	0.03490	0.03490	0.02139	0.49671	0.05292	0.07093	0.02702	0.02702	0.01914	0.01351	0.01126	0.00338	0.01239	0.01013	0.01126	0.01914
10	0.27418	0.12282	0.03689	0.02448	0.03303	0.06755	0.10799	0.08235	0.02680	0.09628	0.02132	0.02370	0.01601	0.01088	0.00934	0.00331	0.01252	0.00850	0.00744	0.01462
11	0.68395	0.02177	0.01654	0.01480	0.02177	0.02525	0.01219	0.03309	0.01915	0.05050	0.01567	0.01828	0.01219	0.01045	0.00697	0.00348	0.00871	0.00609	0.00697	0.01219
12	0.04405	0.02134	0.02947	0.02306	0.03137	0.02004	0.05237	0.12241	0.03452	0.37405	0.04159	0.04529	0.02956	0.01536	0.01190	0.00367	0.01081	0.05870	0.01251	0.01793
13	0.02387	0.02141	0.03376	0.51032	0.07234	0.02621	0.03006	0.08567	0.02620	0.03389	0.02086	0.02964	0.01551	0.01153	0.01125	0.00371	0.01469	0.01002	0.00576	0.01331
14	0.02118	0.01273	0.01639	0.01477	0.01854	0.01144	0.01132	0.02604	0.03116	0.12342	0.39993	0.07965	0.14508	0.02222	0.01296	0.00356	0.00605	0.01931	0.01240	0.01186
15	0.02633	0.02241	0.03746	0.33980	0.24135	0.02488	0.03114	0.03325	0.02453	0.07807	0.02264	0.02997	0.01721	0.01104	0.01122	0.00358	0.01391	0.01013	0.00602	0.01507
16	0.01371	0.00979	0.01306	0.01567	0.01632	0.00914	0.01045	0.01567	0.02155	0.02873	0.06203	0.59710	0.07444	0.03526	0.01437	0.00457	0.00653	0.03200	0.01045	0.00914
17	0.02679	0.36804	0.27320	0.02490	0.03761	0.03645	0.02908	0.03456	0.02326	0.03051	0.01765	0.02056	0.01436	0.01010	0.00875	0.00292	0.01406	0.00703	0.00479	0.01541
18	0.01462	0.01050	0.01388	0.01505	0.01653	0.00975	0.01052	0.01796	0.02579	0.03547	0.25368	0.38624	0.08749	0.03023	0.01392	0.00415	0.00603	0.02721	0.01125	0.00975

[dist]
# distance from previous block
# <min> <max>
0	14

[block]
# block no. 2 follows, 11 sequences, length 24
# corresponding to MSA columns:
# 520-543
name=unknown_C
#
# <colnr> <probs for GDERKNQSTAVLIFYWHMCP>
#	G	D	E	R	K	N	Q	S	T	A	V	L	I	F	Y	W	H	M	C	P
0	0.01968	0.01234	0.01625	0.01480	0.01811	0.01126	0.01126	0.02489	0.03190	0.09910	0.47575	0.07910	0.09769	0.02202	0.01306	0.00353	0.00577	0.01937	0.01256	0.01155
1	0.13182	0.01937	0.02621	0.07483	0.14510	0.01952	0.01926	0.03804	0.02591	0.19188	0.03086	0.03302	0.02233	0.01209	0.00981	0.00327	0.00977	0.00993	0.16177	0.01523
2	0.02188	0.01251	0.01626	0.01535	0.01872	0.01157	0.01184	0.02666	0.02928	0.11906	0.30201	0.12966	0.07748	0.02238	0.01262	0.00367	0.00654	0.05737	0.09340	0.01175
3	0.02005	0.01762	0.02795	0.20318	0.07953	0.01936	0.05687	0.02767	0.06421	0.03278	0.09429	0.13454	0.04093	0.06353	0.06299	0.00557	0.01313	0.01598	0.00766	0.01217
4	0.68395	0.02177	0.01654	0.01480	0.02177	0.02525	0.01219	0.03309	0.01915	0.05050	0.01567	0.01828	0.01219	0.01045	0.00697	0.00348	0.00871	0.00609	0.00697	0.01219
5	0.02744	0.01741	0.02190	0.07874	0.02896	0.01820	0.01582	0.07087	0.12085	0.14121	0.04515	0.21230	0.04275	0.08454	0.01726	0.00471	0.00946	0.01824	0.01045	0.01377
6	0.04204	0.05364	0.03190	0.02900	0.03480	0.55926	0.02175	0.04494	0.03190	0.02755	0.01740	0.02030	0.01450	0.01160	0.01015	0.00290	0.02030	0.00725	0.00580	0.01305
7	0.02334	0.02001	0.02334	0.01667	0.02667	0.01500	0.01334	0.02834	0.02334	0.03668	0.02001	0.02334	0.01667	0.00834	0.00834	0.00167	0.00834	0.00667	0.00667	0.67325
8	0.03677	0.02679	0.02910	0.02388	0.03163	0.02973	0.01922	0.24692	0.26416	0.11050	0.03759	0.03517	0.02712	0.01437	0.01136	0.00359	0.01047	0.01146	0.01164	0.01853
9	0.68395	0.02177	0.01654	0.01480	0.02177	0.02525	0.01219	0.03309	0.01915	0.05050	0.01567	0.01828	0.01219	0.01045	0.00697	0.00348	0.00871	0.00609	0.00697	0.01219
10	0.09958	0.02331	0.02802	0.02394	0.02778	0.02840	0.01948	0.16955	0.02894	0.04312	0.02552	0.08752	0.02379	0.02647	0.08827	0.00589	0.21672	0.01214	0.00781	0.01378
11	0.02204	0.01432	0.01719	0.12311	0.02802	0.01584	0.01387	0.03154	0.09378	0.04012	0.03475	0.03963	0.02693	0.01306	0.00904	0.00301	0.00768	0.01072	0.44341	0.01194
12	0.01476	0.01086	0.01249	0.01301	0.01460	0.01003	0.00860	0.01665	0.02205	0.02852	0.11762	0.20897	0.20416	0.23368	0.02914	0.00648	0.00770	0.02272	0.00937	0.00858
13	0.01570	0.01150	0.01473	0.01392	0.01667	0.01052	0.01044	0.02080	0.03132	0.04385	0.49229	0.08618	0.14300	0.02349	0.01328	0.00356	0.00534	0.02065	0.01222	0.01052
14	0.05050	0.01915	0.02612	0.02003	0.02873	0.01654	0.01654	0.05485	0.03221	0.54203	0.04440	0.03831	0.02786	0.01393	0.01132	0.00348	0.00958	0.01132	0.01393	0.01915
15	0.02912	0.02752	0.04752	0.14848	0.20731	0.02852	0.17196	0.12323	0.03061	0.04166	0.02258	0.02886	0.01733	0.01076	0.01184	0.00356	0.01520	0.01104	0.00660	0.01628
16	0.02408	0.02763	0.10438	0.26137	0.05921	0.02573	0.15400	0.06964	0.02581	0.03480	0.02245	0.03061	0.01722	0.01876	0.07066	0.00525	0.01768	0.01091	0.00579	0.01402
17	0.01382	0.01049	0.01275	0.01416	0.01602	0.00942	0.00987	0.01643	0.02396	0.03104	0.12904	0.38753	0.22118	0.03180	0.01391	0.00422	0.00614	0.02814	0.01066	0.00942
18	0.01818	0.14994	0.02400	0.01500	0.01915	0.01793	0.01211	0.02189	0.02637	0.03428	0.22497	0.17346	0.17553	0.02354	0.01209	0.00354	0.00719	0.02006	0.00982	0.01096
19	0.02984	0.02087	0.02329	0.01970	0.02668	0.02148	0.01551	0.04877	0.28107	0.12382	0.03947	0.03779	0.02922	0.01345	0.01038	0.00320	0.00845	0.01105	0.09220	0.14376
20	0.15432	0.08659	0.03150	0.02361	0.02762	0.03131	0.01984	0.09992	0.02378	0.03813	0.01882	0.02549	0.01656	0.02391	0.08886	0.00577	0.25524	0.00903	0.00641	0.01328
21	0.02549	0.01352	0.01808	0.01620	0.02004	0.01262	0.01229	0.02956	0.02783	0.17801	0.24383	0.10417	0.06532	0.09038	0.08523	0.00618	0.01027	0.01726	0.01130	0.01242
22	0.03115	0.01924	0.02294	0.01763	0.02546	0.01664	0.01390	0.08342	0.02823	0.17462	0.03636	0.04043	0.06165	0.08584	0.01590	0.00365	0.00923	0.01079	0.00943	0.29352
23	0.02738	0.02107	0.02736	0.06672	0.09346	0.01898	0.01817	0.08014	0.02838	0.08491	0.07763	0.03263	0.02755	0.01138	0.01001	0.00257	0.00968	0.00958	0.00814	0.34427

[dist]
# distance from previous block
# <min> <max>
4	19

[block]
# block no. 3 follows, 11 sequences, length 23
# corresponding to MSA columns:
# 569-591
name=unknown_D
#
# <colnr> <probs for GDERKNQSTAVLIFYWHMCP>
#	G	D	E	R	K	N	Q	S	T	A	V	L	I	F	Y	W	H	M	C	P
0	0.03858	0.08839	0.10792	0.02157	0.03109	0.02054	0.02054	0.04432	0.02855	0.31683	0.03703	0.04130	0.02700	0.01418	0.01094	0.00339	0.01089	0.05359	0.01059	0.07275
1	0.03625	0.08550	0.08104	0.02710	0.03644	0.02777	0.09321	0.17265	0.07211	0.16270	0.03248	0.03730	0.02441	0.01377	0.01146	0.00355	0.01265	0.04266	0.00980	0.01714
2	0.03888	0.02153	0.02737	0.02159	0.02857	0.02180	0.01771	0.12309	0.03262	0.27669	0.08145	0.03707	0.03076	0.01502	0.01508	0.00349	0.09707	0.01127	0.01115	0.08778
3	0.03180	0.08065	0.03484	0.02421	0.03269	0.02465	0.08921	0.10889	0.10338	0.12666	0.08370	0.03623	0.03101	0.01295	0.01091	0.00314	0.01089	0.01128	0.00956	0.13335
4	0.19138	0.02164	0.02994	0.11424	0.03812	0.02237	0.08959	0.06503	0.02544	0.12924	0.02583	0.03260	0.02012	0.07510	0.01523	0.00421	0.01192	0.01019	0.00793	0.06987
5	0.09108	0.02190	0.06538	0.06000	0.08272	0.01917	0.01823	0.06967	0.02609	0.11168	0.04102	0.04824	0.10044	0.11951	0.01904	0.00470	0.01061	0.01264	0.00838	0.06949
6	0.24869	0.02359	0.03325	0.16660	0.08656	0.02573	0.09338	0.07204	0.02567	0.09137	0.02203	0.02653	0.01621	0.01105	0.01013	0.00358	0.01263	0.00934	0.00719	0.01444
7	0.41454	0.02355	0.02498	0.02585	0.10241	0.02656	0.01792	0.08124	0.02439	0.08636	0.01979	0.02271	0.01518	0.01175	0.01091	0.00357	0.05862	0.00782	0.00755	0.01430
8	0.02233	0.01595	0.02177	0.01980	0.02388	0.01591	0.04997	0.03247	0.13311	0.09266	0.16828	0.24579	0.06406	0.02360	0.01305	0.00398	0.00804	0.02125	0.01115	0.01294
9	0.03605	0.03560	0.16477	0.02615	0.03647	0.02885	0.02533	0.29668	0.04090	0.10455	0.02963	0.07097	0.02296	0.01449	0.01136	0.00353	0.01277	0.01145	0.00976	0.01772
10	0.01639	0.01177	0.01588	0.01687	0.01917	0.01125	0.01341	0.02110	0.02793	0.03813	0.27564	0.18488	0.08543	0.02806	0.01431	0.00433	0.00741	0.18647	0.01131	0.01028
11	0.02448	0.01329	0.01710	0.01550	0.01968	0.01180	0.01184	0.02859	0.02931	0.17436	0.25451	0.15412	0.15372	0.02338	0.01292	0.00373	0.00672	0.02028	0.01217	0.01251
12	0.01777	0.01181	0.01494	0.01435	0.01737	0.01065	0.01068	0.02206	0.02921	0.07810	0.34642	0.16309	0.17070	0.02516	0.01330	0.00374	0.00589	0.02204	0.01187	0.01085
13	0.04530	0.01790	0.02401	0.01884	0.02622	0.01568	0.01506	0.04899	0.02980	0.46273	0.04304	0.04370	0.02985	0.10395	0.01833	0.00462	0.00978	0.01209	0.01285	0.01727
14	0.04464	0.02403	0.02868	0.02218	0.03058	0.02416	0.01824	0.24604	0.04126	0.30001	0.07147	0.03664	0.02965	0.01440	0.01143	0.00344	0.01050	0.01145	0.01265	0.01854
15	0.68395	0.02177	0.01654	0.01480	0.02177	0.02525	0.01219	0.03309	0.01915	0.05050	0.01567	0.01828	0.01219	0.01045	0.00697	0.00348	0.00871	0.00609	0.00697	0.01219
16	0.02334	0.02001	0.02334	0.01667	0.02667	0.01500	0.01334	0.02834	0.02334	0.03668	0.02001	0.02334	0.01667	0.00834	0.00834	0.00167	0.00834	0.00667	0.00667	0.67325
17	0.01634	0.01103	0.01286	0.01286	0.01306	0.01123	0.00755	0.01674	0.01654	0.02226	0.03493	0.07069	0.03963	0.55199	0.10798	0.01164	0.01285	0.01593	0.00674	0.00715
18	0.03019	0.02440	0.02575	0.02242	0.02896	0.02781	0.01765	0.13924	0.38560	0.05114	0.04150	0.03917	0.03103	0.01476	0.01111	0.00363	0.00925	0.01205	0.06688	0.01744
19	0.03036	0.02067	0.02097	0.01867	0.02370	0.06417	0.01441	0.10317	0.11251	0.11978	0.04059	0.12913	0.03456	0.01719	0.01075	0.00341	0.00903	0.01422	0.19843	0.01428
20	0.04301	0.03185	0.03130	0.02496	0.03321	0.11064	0.02020	0.30491	0.08273	0.15595	0.03052	0.02944	0.02139	0.01344	0.01112	0.00336	0.01275	0.01014	0.01097	0.01811
21	0.09617	0.28163	0.19361	0.02381	0.03512	0.03539	0.02552	0.11979	0.02831	0.03982	0.01909	0.02142	0.01503	0.01074	0.00897	0.00304	0.01312	0.00746	0.00620	0.01573
22	0.03239	0.50384	0.05376	0.02113	0.03003	0.14366	0.01974	0.03587	0.02461	0.02669	0.01598	0.01849	0.01445	0.01001	0.00779	0.00250	0.01363	0.00626	0.00500	0.01418

[dist]
# distance from previous block
# <min> <max>
0	1

[block]
# block no. 4 follows, 11 sequences, length 15
# corresponding to MSA columns:
# 593-607
name=unknown_E
#
# <colnr> <probs for GDERKNQSTAVLIFYWHMCP>
#	G	D	E	R	K	N	Q	S	T	A	V	L	I	F	Y	W	H	M	C	P
0	0.01581	0.01175	0.01498	0.01672	0.01833	0.01161	0.01188	0.02155	0.07584	0.03259	0.10208	0.45299	0.07220	0.03167	0.01405	0.00445	0.00699	0.06347	0.01072	0.01031
1	0.09948	0.03119	0.14487	0.07651	0.03753	0.02587	0.02454	0.19504	0.03357	0.04825	0.03081	0.08947	0.02758	0.01649	0.01148	0.00380	0.01242	0.06735	0.00854	0.01520
2	0.01617	0.01170	0.01625	0.01625	0.01763	0.01307	0.01178	0.01892	0.01755	0.02477	0.03183	0.05351	0.03217	0.24864	0.40114	0.01582	0.02407	0.01342	0.00628	0.00903
3	0.03507	0.04099	0.29252	0.02708	0.03988	0.02427	0.03006	0.11328	0.03110	0.21103	0.02937	0.02915	0.01958	0.01221	0.01099	0.00351	0.01361	0.00960	0.00884	0.01787
4	0.02334	0.02001	0.02334	0.01667	0.02667	0.01500	0.01334	0.02834	0.02334	0.03668	0.02001	0.02334	0.01667	0.00834	0.00834	0.00167	0.00834	0.00667	0.00667	0.67325
5	0.01403	0.00993	0.01297	0.01527	0.01584	0.00935	0.01002	0.01575	0.02093	0.02791	0.05887	0.53469	0.07044	0.10313	0.01948	0.00533	0.00705	0.03013	0.01002	0.00887
6	0.12496	0.21203	0.07441	0.02183	0.02990	0.07411	0.01992	0.04080	0.06879	0.13979	0.02475	0.02568	0.01874	0.01233	0.01171	0.00327	0.06567	0.00837	0.00769	0.01526
7	0.03269	0.28564	0.20902	0.02361	0.03529	0.03166	0.02584	0.03955	0.02546	0.15664	0.02422	0.02490	0.01769	0.01104	0.00936	0.00305	0.01292	0.00807	0.00704	0.01632
8	0.01421	0.01010	0.01324	0.01521	0.01606	0.00947	0.01017	0.01643	0.02242	0.03022	0.11823	0.49031	0.07569	0.08003	0.01772	0.00496	0.00673	0.02927	0.01040	0.00914
9	0.01371	0.00979	0.01306	0.01567	0.01632	0.00914	0.01045	0.01567	0.02155	0.02873	0.06203	0.59710	0.07444	0.03526	0.01437	0.00457	0.00653	0.03200	0.01045	0.00914
10	0.09183	0.10818	0.08504	0.09118	0.03915	0.02793	0.06499	0.07573	0.02710	0.16952	0.02560	0.02801	0.01847	0.01269	0.01367	0.00357	0.08410	0.00957	0.00803	0.01563
11	0.02549	0.02085	0.08702	0.02088	0.02656	0.01788	0.01861	0.07070	0.02445	0.12466	0.03120	0.03906	0.02555	0.05613	0.34309	0.01232	0.02316	0.01129	0.00776	0.01333
12	0.02342	0.01160	0.01315	0.01259	0.01576	0.01111	0.00949	0.02820	0.02524	0.10342	0.08672	0.10525	0.04092	0.01653	0.00951	0.00303	0.00593	0.01384	0.45284	0.01144
13	0.03896	0.02854	0.09235	0.12570	0.04233	0.02602	0.02402	0.21110	0.03708	0.21354	0.03063	0.03088	0.02066	0.01290	0.01121	0.00350	0.01245	0.01028	0.01021	0.01763
14	0.08205	0.10263	0.17126	0.02541	0.03644	0.02616	0.05697	0.09971	0.03015	0.21775	0.02887	0.02867	0.01972	0.01195	0.01049	0.00338	0.01269	0.00951	0.00901	0.01716

[dist]
# distance from previous block
# <min> <max>
0	2

[block]
# block no. 5 follows, 11 sequences, length 23
# corresponding to MSA columns:
# 610-632
name=unknown_F
#
# <colnr> <probs for GDERKNQSTAVLIFYWHMCP>
#	G	D	E	R	K	N	Q	S	T	A	V	L	I	F	Y	W	H	M	C	P
0	0.03270	0.02915	0.09246	0.03686	0.16140	0.02784	0.02627	0.11464	0.10309	0.12126	0.02831	0.03050	0.02120	0.01364	0.01540	0.00373	0.10544	0.01043	0.00848	0.01721
1	0.02697	0.08881	0.03580	0.20930	0.13659	0.10405	0.02484	0.03263	0.02470	0.03171	0.01937	0.02530	0.01579	0.01020	0.00994	0.00290	0.01356	0.00837	0.00561	0.17357
2	0.02255	0.01910	0.02246	0.01640	0.02563	0.01454	0.01305	0.02759	0.02424	0.03757	0.07382	0.02977	0.02615	0.00989	0.00886	0.00187	0.00802	0.00812	0.00727	0.60309
3	0.08617	0.42581	0.04894	0.01995	0.02919	0.03909	0.01877	0.10406	0.02785	0.08058	0.01988	0.02119	0.01615	0.01065	0.00816	0.00273	0.01160	0.00710	0.00675	0.01538
4	0.02582	0.01685	0.02378	0.01988	0.02517	0.01587	0.06369	0.07880	0.03121	0.13712	0.19928	0.14191	0.13051	0.02142	0.01285	0.00373	0.00857	0.01898	0.01128	0.01327
5	0.01469	0.01055	0.01393	0.01501	0.01654	0.00979	0.01052	0.01812	0.02608	0.03593	0.26672	0.37189	0.08838	0.02988	0.01389	0.00412	0.00599	0.02689	0.01130	0.00979
6	0.01492	0.01071	0.01423	0.01549	0.01707	0.01002	0.01113	0.01844	0.02589	0.03547	0.24214	0.36105	0.08595	0.03019	0.01404	0.00422	0.00637	0.06167	0.01119	0.00981
7	0.01371	0.00979	0.01306	0.01567	0.01632	0.00914	0.01045	0.01567	0.02155	0.02873	0.06203	0.59710	0.07444	0.03526	0.01437	0.00457	0.00653	0.03200	0.01045	0.00914
8	0.01690	0.01124	0.01418	0.01576	0.01788	0.01083	0.01229	0.02095	0.02448	0.03455	0.09163	0.24445	0.09995	0.02761	0.01316	0.00421	0.00737	0.16713	0.15546	0.00997
9	0.68395	0.02177	0.01654	0.01480	0.02177	0.02525	0.01219	0.03309	0.01915	0.05050	0.01567	0.01828	0.01219	0.01045	0.00697	0.00348	0.00871	0.00609	0.00697	0.01219
10	0.02334	0.02001	0.02334	0.01667	0.02667	0.01500	0.01334	0.02834	0.02334	0.03668	0.02001	0.02334	0.01667	0.00834	0.00834	0.00167	0.00834	0.00667	0.00667	0.67325
11	0.01607	0.01079	0.01236	0.01266	0.01273	0.01071	0.00723	0.01629	0.01695	0.02261	0.03847	0.13289	0.04471	0.54003	0.05243	0.01019	0.01042	0.01814	0.00723	0.00708
12	0.01568	0.01131	0.01482	0.01433	0.01676	0.01045	0.01060	0.02061	0.03069	0.04328	0.47553	0.14213	0.10261	0.02440	0.01340	0.00366	0.00545	0.02167	0.01217	0.01045
13	0.03197	0.52541	0.05525	0.02024	0.02978	0.04311	0.01957	0.10224	0.02732	0.03306	0.01733	0.01938	0.01514	0.01020	0.00782	0.00255	0.01209	0.00663	0.00577	0.01514
14	0.03233	0.10733	0.06230	0.01853	0.02562	0.02041	0.01645	0.07048	0.03075	0.20633	0.16934	0.04646	0.04594	0.01545	0.01083	0.00324	0.00899	0.01264	0.08158	0.01501
15	0.02338	0.11771	0.49372	0.03070	0.04658	0.02812	0.03918	0.03544	0.02367	0.03466	0.01971	0.02315	0.01428	0.01058	0.01032	0.00344	0.01614	0.00807	0.00476	0.01640
16	0.03124	0.03231	0.03601	0.03029	0.03345	0.16969	0.06474	0.03458	0.02299	0.06574	0.01834	0.02500	0.01587	0.01626	0.02597	0.00419	0.34461	0.00958	0.00588	0.01326
17	0.02724	0.01909	0.02496	0.08092	0.07018	0.01647	0.01682	0.03219	0.02549	0.13273	0.03873	0.03988	0.09468	0.01285	0.01018	0.00269	0.00929	0.01072	0.00837	0.32650
18	0.12728	0.02190	0.02155	0.07800	0.02896	0.09753	0.01600	0.06541	0.02730	0.08233	0.08975	0.21408	0.04474	0.02052	0.01165	0.00377	0.01039	0.01726	0.00923	0.01236
19	0.01626	0.01307	0.01682	0.01624	0.01830	0.01363	0.01227	0.01998	0.02637	0.03626	0.27683	0.18792	0.16487	0.02613	0.01701	0.00401	0.09128	0.02189	0.01051	0.01035
20	0.03278	0.02140	0.03241	0.20387	0.15406	0.02236	0.02492	0.07486	0.02939	0.19008	0.07314	0.03658	0.02790	0.01301	0.01143	0.00353	0.01194	0.01133	0.00897	0.01604
21	0.25619	0.08813	0.02734	0.02014	0.02702	0.07098	0.01643	0.18171	0.03186	0.04951	0.02635	0.10693	0.02408	0.01512	0.00973	0.00345	0.01086	0.01132	0.00855	0.01430
22	0.46584	0.13122	0.02572	0.01683	0.02419	0.02923	0.01433	0.03715	0.09307	0.04555	0.02013	0.02175	0.01589	0.01101	0.00768	0.00333	0.00935	0.00706	0.00723	0.01344

[dist]
# distance from previous block
# <min> <max>
0	3

[block]
# block no. 6 follows, 11 sequences, length 22
# corresponding to MSA columns:
# 636-657
name=unknown_G
#
# <colnr> <probs for GDERKNQSTAVLIFYWHMCP>
#	G	D	E	R	K	N	Q	S	T	A	V	L	I	F	Y	W	H	M	C	P
0	0.02742	0.02196	0.09805	0.02025	0.02635	0.01664	0.01785	0.08621	0.02902	0.15770	0.08560	0.26903	0.05042	0.02294	0.01264	0.00394	0.00936	0.02000	0.01068	0.01395
1	0.02984	0.35781	0.14139	0.03014	0.10829	0.10047	0.02585	0.03553	0.02453	0.02979	0.01750	0.02081	0.01492	0.01012	0.00878	0.00281	0.01406	0.00718	0.00503	0.01517
2	0.01751	0.02110	0.11235	0.10243	0.03083	0.01544	0.01839	0.02331	0.02552	0.03472	0.20903	0.06795	0.14489	0.10646	0.01905	0.00472	0.00973	0.01665	0.00870	0.01122
3	0.03023	0.02461	0.02631	0.02296	0.02943	0.02791	0.01799	0.16074	0.35754	0.05112	0.04280	0.08975	0.03441	0.01670	0.01168	0.00378	0.00952	0.01388	0.01131	0.01733
4	0.02149	0.01248	0.01595	0.01502	0.01689	0.01262	0.01025	0.02324	0.01925	0.10226	0.03540	0.06035	0.03549	0.37462	0.18541	0.01171	0.01588	0.01444	0.00769	0.00957
5	0.02390	0.14253	0.28129	0.03349	0.10020	0.02785	0.07082	0.03289	0.02322	0.03279	0.02121	0.02685	0.01702	0.02128	0.09199	0.00551	0.01764	0.00909	0.00513	0.01529
6	0.03221	0.21757	0.12556	0.03194	0.08009	0.03182	0.12449	0.07683	0.02797	0.11306	0.02364	0.02618	0.01769	0.01077	0.01032	0.00320	0.01397	0.00939	0.00699	0.01632
7	0.01893	0.01172	0.01522	0.01522	0.01789	0.01062	0.01106	0.02253	0.02711	0.09678	0.24051	0.28997	0.12430	0.02744	0.01349	0.00398	0.00636	0.02434	0.01160	0.01094
8	0.02118	0.01225	0.01544	0.01475	0.01646	0.01217	0.00986	0.02270	0.01945	0.10049	0.03797	0.10519	0.03937	0.37734	0.13742	0.01059	0.01382	0.01610	0.00803	0.00942
9	0.03445	0.03121	0.17033	0.11098	0.04435	0.02247	0.06972	0.04441	0.06857	0.23953	0.03231	0.03272	0.02181	0.01236	0.01133	0.00360	0.01311	0.01061	0.00914	0.01698
10	0.02717	0.03032	0.11702	0.03623	0.11265	0.02659	0.12518	0.11673	0.06215	0.04254	0.06805	0.07509	0.02963	0.01474	0.01416	0.00375	0.06153	0.01312	0.00775	0.01562
11	0.07525	0.02619	0.11289	0.16779	0.04751	0.02204	0.13766	0.02930	0.02518	0.03599	0.10722	0.04563	0.09060	0.01450	0.01186	0.00369	0.01314	0.01341	0.00705	0.01312
12	0.01593	0.01150	0.01504	0.01416	0.01681	0.01062	0.01062	0.02124	0.03186	0.04513	0.52830	0.08407	0.10620	0.02301	0.01327	0.00354	0.00531	0.02035	0.01239	0.01062
13	0.02089	0.01316	0.01884	0.10457	0.02856	0.01318	0.01553	0.02446	0.02381	0.10564	0.05256	0.36903	0.05708	0.02784	0.01357	0.00435	0.00877	0.07677	0.01011	0.01130
14	0.19179	0.11549	0.03603	0.11730	0.17097	0.02878	0.02343	0.07764	0.02621	0.08309	0.02128	0.02511	0.01645	0.01091	0.00955	0.00331	0.01185	0.00855	0.00694	0.01534
15	0.02466	0.02172	0.03853	0.24907	0.15860	0.02301	0.11091	0.03129	0.02448	0.06983	0.02881	0.11453	0.02577	0.01444	0.01206	0.00377	0.01371	0.01397	0.00672	0.01411
16	0.01544	0.01750	0.09255	0.01739	0.02113	0.01201	0.01493	0.01983	0.02438	0.03327	0.15616	0.36022	0.11549	0.02846	0.01350	0.00414	0.00770	0.02531	0.01000	0.01059
17	0.03451	0.11658	0.13474	0.10747	0.04064	0.02725	0.02524	0.08370	0.02832	0.19716	0.02735	0.02888	0.01925	0.01275	0.01294	0.00350	0.06553	0.00950	0.00836	0.01633
18	0.03221	0.03457	0.23033	0.16632	0.04890	0.02243	0.03002	0.04075	0.02646	0.21466	0.02879	0.03054	0.01930	0.01199	0.01106	0.00358	0.01370	0.00982	0.00809	0.01648
19	0.01700	0.01047	0.01367	0.01406	0.01432	0.01054	0.00894	0.01602	0.01672	0.02247	0.03373	0.13600	0.03779	0.28983	0.08892	0.22841	0.01151	0.01616	0.00666	0.00680
20	0.03380	0.02311	0.03619	0.19335	0.04907	0.02411	0.10578	0.12095	0.03199	0.18051	0.06201	0.03539	0.02568	0.01286	0.01176	0.00360	0.01310	0.01165	0.00920	0.01588
21	0.03218	0.03588	0.19071	0.03791	0.14761	0.02652	0.07290	0.11505	0.06578	0.12274	0.02743	0.02940	0.01968	0.01174	0.01128	0.00351	0.01378	0.01023	0.00801	0.01765

[dist]
# distance from previous block
# <min> <max>
2	8

[block]
# block no. 7 follows, 11 sequences, length 14
# corresponding to MSA columns:
# 666-679
name=unknown_H
#
# <colnr> <probs for GDERKNQSTAVLIFYWHMCP>
#	G	D	E	R	K	N	Q	S	T	A	V	L	I	F	Y	W	H	M	C	P
0	0.02571	0.02171	0.02637	0.07346	0.09088	0.02311	0.01894	0.04437	0.26536	0.04177	0.03488	0.03590	0.02686	0.01278	0.01040	0.00322	0.00941	0.01080	0.08862	0.13544
1	0.02912	0.02905	0.04195	0.07246	0.10504	0.07413	0.14117	0.08358	0.11208	0.03847	0.02473	0.02970	0.01956	0.01334	0.01694	0.00385	0.13132	0.01105	0.00703	0.01543
2	0.01973	0.01213	0.01604	0.01513	0.01817	0.01108	0.01131	0.02434	0.03011	0.10239	0.38866	0.16778	0.09120	0.02404	0.01323	0.00371	0.00604	0.02129	0.01224	0.01140
3	0.02517	0.01327	0.01730	0.01596	0.01999	0.01181	0.01206	0.02896	0.02831	0.18525	0.20338	0.21614	0.12817	0.02443	0.01300	0.00384	0.00696	0.02136	0.01206	0.01258
4	0.01427	0.01010	0.01315	0.01509	0.01586	0.00951	0.01000	0.01631	0.02190	0.02946	0.10434	0.48021	0.07329	0.10649	0.01972	0.00528	0.00697	0.02887	0.01018	0.00899
5	0.01645	0.01182	0.01591	0.01669	0.01908	0.01128	0.01329	0.02131	0.02848	0.03905	0.30410	0.16148	0.08753	0.02739	0.01422	0.00425	0.00727	0.17861	0.01143	0.01035
6	0.02334	0.02001	0.02334	0.01667	0.02667	0.01500	0.01334	0.02834	0.02334	0.03668	0.02001	0.02334	0.01667	0.00834	0.00834	0.00167	0.00834	0.00667	0.00667	0.67325
7	0.04413	0.02937	0.03245	0.02488	0.03383	0.03171	0.02055	0.41985	0.04932	0.15288	0.03005	0.02899	0.02066	0.01358	0.01127	0.00340	0.01190	0.01034	0.01172	0.01914
8	0.06847	0.01687	0.01953	0.01783	0.02245	0.01754	0.01368	0.03755	0.17867	0.10735	0.22702	0.12291	0.06391	0.02011	0.01217	0.00374	0.00734	0.01730	0.01170	0.01385
9	0.02204	0.02080	0.03517	0.51711	0.13168	0.02521	0.03165	0.02944	0.02288	0.02971	0.02014	0.02975	0.01534	0.01111	0.01124	0.00370	0.01481	0.01001	0.00507	0.01313
10	0.03009	0.61122	0.05898	0.01926	0.02889	0.04454	0.01926	0.03370	0.02287	0.02648	0.01565	0.01805	0.01444	0.00963	0.00722	0.00241	0.01204	0.00602	0.00481	0.01444
11	0.03753	0.01629	0.02197	0.01783	0.02426	0.01432	0.01432	0.04225	0.03208	0.35568	0.22588	0.05547	0.05724	0.01734	0.01205	0.00350	0.00798	0.01471	0.01335	0.01595
12	0.02426	0.02172	0.02662	0.02356	0.02632	0.02710	0.01862	0.03839	0.21663	0.03595	0.07251	0.04234	0.03333	0.08756	0.02720	0.00508	0.23806	0.01265	0.00838	0.01372
13	0.03632	0.02090	0.02797	0.02323	0.02796	0.02330	0.01894	0.07841	0.02753	0.26039	0.03504	0.10378	0.02857	0.01858	0.02045	0.00410	0.20546	0.01335	0.01018	0.01554

[dist]
# distance from previous block
# <min> <max>
0	1

[block]
# block no. 8 follows, 11 sequences, length 13
# corresponding to MSA columns:
# 681-693
name=unknown_I
#
# <colnr> <probs for GDERKNQSTAVLIFYWHMCP>
#	G	D	E	R	K	N	Q	S	T	A	V	L	I	F	Y	W	H	M	C	P
0	0.02367	0.24864	0.03731	0.02080	0.02548	0.02996	0.01835	0.02749	0.02269	0.03021	0.10241	0.04383	0.03560	0.02561	0.08591	0.00542	0.14376	0.05372	0.00673	0.01240
1	0.02585	0.01871	0.02200	0.01623	0.02517	0.01459	0.01297	0.03082	0.02429	0.08969	0.02465	0.02725	0.01938	0.00952	0.00859	0.00198	0.00807	0.00764	0.09122	0.52139
2	0.02148	0.01370	0.01746	0.01575	0.01953	0.01305	0.01207	0.02924	0.07856	0.10839	0.42018	0.07419	0.08930	0.02111	0.01285	0.00356	0.00620	0.01847	0.01249	0.01240
3	0.01572	0.01071	0.01270	0.01321	0.01359	0.01048	0.00798	0.01664	0.01890	0.02543	0.08460	0.19377	0.05426	0.42400	0.04366	0.00882	0.00942	0.02028	0.00813	0.00768
4	0.02334	0.02001	0.02334	0.01667	0.02667	0.01500	0.01334	0.02834	0.02334	0.03668	0.02001	0.02334	0.01667	0.00834	0.00834	0.00167	0.00834	0.00667	0.00667	0.67325
5	0.02657	0.03036	0.06641	0.04744	0.05882	0.02846	0.49336	0.03605	0.02657	0.03605	0.02277	0.03036	0.01708	0.00949	0.01328	0.00380	0.01898	0.01328	0.00569	0.01518
6	0.02653	0.01991	0.02367	0.01707	0.02692	0.01518	0.01371	0.03146	0.02438	0.09607	0.02287	0.02510	0.01799	0.00899	0.00869	0.00188	0.00848	0.00721	0.00752	0.59637
7	0.02908	0.01983	0.02393	0.01738	0.02711	0.01533	0.01401	0.03394	0.02521	0.14341	0.02516	0.02650	0.01903	0.00952	0.00897	0.00205	0.00860	0.00765	0.00820	0.53510
8	0.01890	0.01161	0.01478	0.01555	0.01701	0.01113	0.01081	0.02082	0.02121	0.07489	0.04960	0.26568	0.05543	0.25543	0.03107	0.00705	0.00914	0.09122	0.00934	0.00936
9	0.02819	0.07253	0.06499	0.02078	0.02737	0.06238	0.01757	0.07880	0.10411	0.08592	0.03568	0.10062	0.03273	0.09105	0.01696	0.00436	0.01104	0.04448	0.00887	0.09155
10	0.08000	0.02607	0.13039	0.02067	0.02884	0.01892	0.01977	0.08286	0.03029	0.18075	0.13404	0.08629	0.07894	0.01729	0.01159	0.00360	0.00995	0.01430	0.01041	0.01503
11	0.03225	0.12565	0.08540	0.02173	0.03073	0.02641	0.01966	0.12777	0.09254	0.12187	0.03119	0.07467	0.02524	0.01376	0.01031	0.00312	0.01073	0.01096	0.00911	0.12691
12	0.11201	0.02992	0.11874	0.08280	0.04007	0.02554	0.06170	0.13266	0.06814	0.17345	0.02930	0.03002	0.02026	0.01235	0.01085	0.00355	0.01251	0.01009	0.00924	0.01679

[dist]
# distance from previous block
# <min> <max>
1	18

[block]
# block no. 9 follows, 11 sequences, length 16
# corresponding to MSA columns:
# 712-727
name=unknown_J
#
# <colnr> <probs for GDERKNQSTAVLIFYWHMCP>
#	G	D	E	R	K	N	Q	S	T	A	V	L	I	F	Y	W	H	M	C	P
0	0.13833	0.02092	0.02395	0.06661	0.03025	0.02170	0.01651	0.14937	0.03172	0.15768	0.03237	0.08606	0.02591	0.01461	0.01029	0.00335	0.00973	0.01166	0.08042	0.06856
1	0.03025	0.07201	0.11775	0.02974	0.08759	0.10173	0.06439	0.07515	0.02906	0.07949	0.06158	0.03162	0.02494	0.01203	0.01046	0.00310	0.01307	0.01000	0.07431	0.07172
2	0.09038	0.12969	0.03898	0.08272	0.17445	0.08694	0.02428	0.11518	0.03029	0.09156	0.02259	0.02563	0.01740	0.01125	0.01005	0.00320	0.01307	0.00885	0.00735	0.01615
3	0.01975	0.01339	0.01656	0.01557	0.01929	0.01266	0.01213	0.02680	0.07158	0.08532	0.32218	0.08509	0.16631	0.02335	0.01318	0.00377	0.00657	0.06286	0.01189	0.01176
4	0.02292	0.02120	0.07551	0.14671	0.03726	0.01990	0.02094	0.03096	0.06858	0.08665	0.14529	0.09697	0.08090	0.01862	0.01483	0.00387	0.07150	0.01535	0.00892	0.01311
5	0.03720	0.02031	0.02654	0.02086	0.02771	0.01994	0.05352	0.14576	0.03313	0.23601	0.03613	0.03957	0.02657	0.07658	0.01570	0.00411	0.01026	0.01158	0.14275	0.01577
6	0.01887	0.01237	0.01544	0.01573	0.01847	0.01162	0.01137	0.02405	0.06162	0.08559	0.15649	0.32915	0.13930	0.02827	0.01348	0.00409	0.00666	0.02503	0.01125	0.01114
7	0.03386	0.02465	0.04124	0.02999	0.04007	0.02221	0.19576	0.07878	0.02958	0.18151	0.02851	0.03051	0.02018	0.01079	0.01129	0.00313	0.01304	0.01076	0.00874	0.18540
8	0.04215	0.05042	0.03217	0.02854	0.03481	0.48274	0.02170	0.11087	0.03496	0.03388	0.01880	0.02128	0.01518	0.01188	0.01031	0.00297	0.01914	0.00767	0.00660	0.01394
9	0.02334	0.02001	0.02334	0.01667	0.02667	0.01500	0.01334	0.02834	0.02334	0.03668	0.02001	0.02334	0.01667	0.00834	0.00834	0.00167	0.00834	0.00667	0.00667	0.67325
10	0.20866	0.02122	0.02337	0.01919	0.02660	0.02193	0.01559	0.09427	0.10129	0.24721	0.07794	0.03645	0.03070	0.01397	0.01037	0.00353	0.00918	0.01083	0.01133	0.01639
11	0.02675	0.01893	0.02106	0.01918	0.02431	0.02059	0.01477	0.04610	0.29311	0.09735	0.09491	0.10077	0.04411	0.01757	0.01139	0.00365	0.00784	0.01493	0.10737	0.01530
12	0.02041	0.01180	0.01424	0.01389	0.01515	0.01135	0.00873	0.02132	0.01936	0.09162	0.04127	0.16014	0.04503	0.42748	0.04375	0.00883	0.00997	0.01842	0.00839	0.00885
13	0.02663	0.08632	0.13060	0.16464	0.04401	0.02594	0.02520	0.08304	0.09735	0.07216	0.09972	0.03744	0.03210	0.01367	0.01107	0.00351	0.01213	0.01128	0.00814	0.01507
14	0.02343	0.01494	0.01718	0.01566	0.01997	0.01447	0.01225	0.09318	0.03067	0.09155	0.14414	0.11468	0.17743	0.02197	0.01209	0.00361	0.00730	0.04765	0.12555	0.01226
15	0.24248	0.04422	0.10208	0.02495	0.03270	0.31235	0.02162	0.03983	0.02667	0.03600	0.01726	0.02017	0.01373	0.01110	0.00922	0.00318	0.01609	0.00704	0.00602	0.01330

[dist]
# distance from previous block
# <min> <max>
0	1

[block]
# block no. 10 follows, 11 sequences, length 22
# corresponding to MSA columns:
# 731-752
name=unknown_K
#
# <colnr> <probs for GDERKNQSTAVLIFYWHMCP>
#	G	D	E	R	K	N	Q	S	T	A	V	L	I	F	Y	W	H	M	C	P
0	0.27868	0.03300	0.20216	0.02122	0.03141	0.02228	0.02246	0.03145	0.02168	0.04088	0.02265	0.07963	0.01994	0.01271	0.00924	0.00333	0.01119	0.00959	0.00650	0.12002
1	0.01891	0.01189	0.01550	0.01570	0.01844	0.01088	0.01175	0.02268	0.02706	0.09143	0.22165	0.26391	0.12751	0.02766	0.01367	0.00409	0.00676	0.06813	0.01147	0.01090
2	0.01819	0.01443	0.01936	0.11011	0.02860	0.01517	0.01502	0.02701	0.09260	0.04097	0.33198	0.12169	0.07820	0.02126	0.01281	0.00372	0.00754	0.01880	0.01083	0.01173
3	0.01554	0.01096	0.01387	0.01401	0.01552	0.01036	0.00959	0.01870	0.02547	0.03532	0.29354	0.19818	0.08194	0.17750	0.02501	0.00570	0.00705	0.02197	0.01049	0.00929
4	0.33510	0.02143	0.02249	0.01819	0.02614	0.02210	0.01501	0.08433	0.02817	0.27878	0.02992	0.02829	0.02003	0.01232	0.00935	0.00347	0.00943	0.00886	0.01056	0.01602
5	0.03326	0.01507	0.01982	0.01653	0.02210	0.01346	0.01313	0.03810	0.03099	0.28466	0.23276	0.05667	0.05864	0.01738	0.01165	0.00340	0.00736	0.01475	0.09554	0.01472
6	0.20813	0.01988	0.01978	0.01720	0.02322	0.02176	0.01372	0.08912	0.13787	0.10508	0.03291	0.03354	0.02443	0.01301	0.00919	0.00331	0.00827	0.00986	0.19520	0.01452
7	0.09807	0.02637	0.02873	0.02299	0.03115	0.02859	0.01873	0.26269	0.15015	0.16355	0.03396	0.03204	0.02382	0.01373	0.01093	0.00351	0.01067	0.01061	0.01149	0.01822
8	0.07090	0.02201	0.03326	0.02536	0.03304	0.02146	0.12642	0.08343	0.02936	0.16084	0.07351	0.03605	0.02853	0.01309	0.01255	0.00334	0.04629	0.01144	0.07944	0.08968
9	0.03009	0.61122	0.05898	0.01926	0.02889	0.04454	0.01926	0.03370	0.02287	0.02648	0.01565	0.01805	0.01444	0.00963	0.00722	0.00241	0.01204	0.00602	0.00481	0.01444
10	0.01633	0.01084	0.01405	0.01393	0.01557	0.01018	0.00975	0.01803	0.02434	0.03322	0.26085	0.12595	0.12028	0.09440	0.02561	0.16239	0.00716	0.01895	0.00959	0.00857
11	0.01371	0.00979	0.01306	0.01567	0.01632	0.00914	0.01045	0.01567	0.02155	0.02873	0.06203	0.59710	0.07444	0.03526	0.01437	0.00457	0.00653	0.03200	0.01045	0.00914
12	0.02307	0.02077	0.03417	0.16644	0.27487	0.02183	0.02819	0.02924	0.02471	0.03368	0.03295	0.09302	0.03239	0.01710	0.01244	0.00396	0.01253	0.11745	0.00693	0.01426
13	0.09962	0.02337	0.03379	0.02726	0.03183	0.02756	0.07398	0.03691	0.02291	0.18261	0.02452	0.02867	0.01864	0.01590	0.02364	0.00422	0.29175	0.01029	0.00788	0.01465
14	0.01613	0.01047	0.01319	0.01479	0.01633	0.01001	0.01064	0.01957	0.02364	0.03421	0.10854	0.36046	0.06629	0.02823	0.01283	0.00406	0.00648	0.06879	0.16559	0.00975
15	0.04023	0.03084	0.03030	0.02410	0.03210	0.09626	0.01953	0.34217	0.04517	0.10871	0.03715	0.03627	0.07566	0.01496	0.01135	0.00337	0.01236	0.01139	0.01075	0.01731
16	0.17441	0.02130	0.02680	0.15115	0.03950	0.02243	0.01966	0.09414	0.02955	0.26544	0.03071	0.03091	0.02058	0.01253	0.01039	0.00353	0.01099	0.00979	0.01007	0.01614
17	0.08013	0.03029	0.15269	0.07492	0.03956	0.02281	0.07683	0.08518	0.02819	0.18058	0.02927	0.03441	0.02166	0.07509	0.01597	0.00434	0.01315	0.01075	0.00850	0.01570
18	0.02352	0.12784	0.48480	0.03047	0.04622	0.02846	0.03877	0.03540	0.02365	0.03449	0.01963	0.02304	0.01428	0.01056	0.01026	0.00342	0.01606	0.00803	0.00476	0.01636
19	0.02046	0.01306	0.01682	0.07466	0.02445	0.01256	0.01342	0.02465	0.02585	0.09484	0.11372	0.16131	0.18391	0.02378	0.01258	0.00386	0.00771	0.06797	0.09312	0.01126
20	0.11018	0.02458	0.03130	0.02373	0.03276	0.02432	0.06555	0.18761	0.03583	0.23358	0.03096	0.03015	0.02111	0.01236	0.01071	0.00328	0.01119	0.01007	0.01071	0.09003
21	0.09254	0.02109	0.03395	0.31122	0.11135	0.02448	0.06791	0.02896	0.02237	0.03251	0.02417	0.09060	0.02174	0.01413	0.01317	0.00386	0.05483	0.01229	0.00593	0.01293

[dist]
# distance from previous block
# <min> <max>
2	14

[block]
# block no. 11 follows, 11 sequences, length 33
# corresponding to MSA columns:
# 767-799
name=unknown_L
#
# <colnr> <probs for GDERKNQSTAVLIFYWHMCP>
#	G	D	E	R	K	N	Q	S	T	A	V	L	I	F	Y	W	H	M	C	P
0	0.08680	0.02353	0.03213	0.02490	0.03305	0.02366	0.09068	0.07674	0.11795	0.16154	0.03077	0.03139	0.02233	0.01255	0.01268	0.00335	0.05467	0.01037	0.00936	0.14153
1	0.02905	0.02846	0.07693	0.02972	0.09443	0.07185	0.05972	0.07265	0.10477	0.07961	0.09584	0.03682	0.03242	0.01304	0.01107	0.00318	0.01174	0.01124	0.00862	0.12884
2	0.02678	0.36751	0.27367	0.02491	0.03763	0.03643	0.02910	0.03456	0.02326	0.03052	0.01765	0.02057	0.01436	0.01010	0.00875	0.00292	0.01406	0.00703	0.00479	0.01541
3	0.02126	0.02001	0.03376	0.57739	0.07752	0.02501	0.03126	0.02876	0.02251	0.02876	0.02001	0.03001	0.01500	0.01125	0.01125	0.00375	0.01500	0.01000	0.00500	0.01250
4	0.01585	0.01132	0.01551	0.01811	0.01970	0.01098	0.01416	0.01936	0.02365	0.03112	0.06086	0.37006	0.06977	0.03325	0.01494	0.00487	0.00838	0.23795	0.01041	0.00973
5	0.16824	0.02206	0.02394	0.01936	0.02744	0.02221	0.01561	0.07907	0.14827	0.16939	0.03205	0.03089	0.02307	0.01226	0.00978	0.00315	0.00917	0.00946	0.01005	0.16455
6	0.03798	0.01952	0.02939	0.25871	0.04962	0.02017	0.02284	0.04368	0.02806	0.32223	0.03396	0.03475	0.02236	0.01278	0.01129	0.00360	0.01190	0.01076	0.01011	0.01631
7	0.01371	0.00979	0.01306	0.01567	0.01632	0.00914	0.01045	0.01567	0.02155	0.02873	0.06203	0.59710	0.07444	0.03526	0.01437	0.00457	0.00653	0.03200	0.01045	0.00914
8	0.04592	0.01781	0.02370	0.01855	0.02631	0.01560	0.01520	0.05042	0.03088	0.46454	0.04321	0.03888	0.02801	0.01380	0.01078	0.00335	0.00891	0.01119	0.11513	0.01781
9	0.28439	0.02579	0.02603	0.02075	0.02894	0.02820	0.01713	0.24868	0.03678	0.14245	0.02569	0.02564	0.01800	0.01243	0.00966	0.00343	0.01053	0.00882	0.01010	0.01654
10	0.02462	0.02462	0.03447	0.02955	0.02955	0.03447	0.02462	0.02709	0.01724	0.02709	0.01477	0.02462	0.01477	0.01970	0.03694	0.00492	0.58385	0.00985	0.00492	0.01231
11	0.01512	0.01102	0.01437	0.01553	0.01747	0.01027	0.01152	0.01881	0.02614	0.03526	0.22592	0.30204	0.12754	0.02978	0.01407	0.00424	0.00663	0.09332	0.01110	0.00987
12	0.01985	0.01386	0.01697	0.01512	0.01987	0.01169	0.01140	0.02385	0.02653	0.08101	0.18929	0.17875	0.14618	0.02223	0.01214	0.00335	0.00675	0.01932	0.01038	0.17146
13	0.48755	0.02108	0.02040	0.08512	0.02990	0.02364	0.01533	0.03649	0.02193	0.13680	0.02141	0.02335	0.01537	0.01118	0.00828	0.00352	0.00964	0.00752	0.00798	0.01349
14	0.02657	0.03036	0.06641	0.04744	0.05882	0.02846	0.49336	0.03605	0.02657	0.03605	0.02277	0.03036	0.01708	0.00949	0.01328	0.00380	0.01898	0.01328	0.00569	0.01518
15	0.09211	0.02176	0.03142	0.23224	0.04905	0.02406	0.06177	0.11079	0.02935	0.10259	0.03014	0.04446	0.02490	0.01482	0.01168	0.00385	0.01290	0.07958	0.00823	0.01430
16	0.04055	0.03068	0.03386	0.02635	0.03424	0.03485	0.02179	0.43880	0.04852	0.06553	0.02551	0.02673	0.01860	0.01427	0.01443	0.00357	0.08286	0.01010	0.01048	0.01830
17	0.02570	0.01372	0.01863	0.01755	0.02093	0.01352	0.01349	0.02895	0.02301	0.16749	0.04202	0.10052	0.03984	0.17051	0.17454	0.00954	0.01549	0.08340	0.00935	0.01180
18	0.01613	0.01184	0.01699	0.01699	0.01862	0.01347	0.01270	0.01940	0.01776	0.02532	0.03115	0.04977	0.03055	0.18244	0.46511	0.01674	0.02652	0.01287	0.00618	0.00944
19	0.02334	0.02001	0.02334	0.01667	0.02667	0.01500	0.01334	0.02834	0.02334	0.03668	0.02001	0.02334	0.01667	0.00834	0.00834	0.00167	0.00834	0.00667	0.00667	0.67325
20	0.01386	0.01008	0.01307	0.01515	0.01626	0.00930	0.01029	0.01617	0.02277	0.03023	0.10503	0.50991	0.11911	0.03363	0.01418	0.00442	0.00635	0.03028	0.01061	0.00930
21	0.01626	0.01132	0.01434	0.01434	0.01506	0.01204	0.00940	0.01769	0.01698	0.02335	0.03357	0.06318	0.03637	0.41944	0.23608	0.01347	0.01776	0.01483	0.00654	0.00797
22	0.02334	0.02001	0.02334	0.01667	0.02667	0.01500	0.01334	0.02834	0.02334	0.03668	0.02001	0.02334	0.01667	0.00834	0.00834	0.00167	0.00834	0.00667	0.00667	0.67325
23	0.03117	0.01976	0.02414	0.01764	0.02727	0.01545	0.01426	0.03599	0.02590	0.18241	0.02704	0.02766	0.01990	0.00995	0.00920	0.00219	0.00869	0.00801	0.00876	0.48462
24	0.03107	0.09342	0.03015	0.01981	0.02790	0.02204	0.01661	0.03535	0.02453	0.15864	0.02468	0.02658	0.01886	0.01164	0.01337	0.00271	0.09829	0.00823	0.00796	0.32817
25	0.02399	0.01599	0.02041	0.01756	0.02279	0.01434	0.01347	0.02779	0.02484	0.11755	0.09936	0.21164	0.04736	0.02027	0.01343	0.00334	0.05036	0.01723	0.00961	0.22866
26	0.44561	0.16656	0.02901	0.01726	0.02512	0.03114	0.01505	0.09041	0.02422	0.04717	0.01707	0.01931	0.01360	0.01063	0.00756	0.00321	0.00997	0.00657	0.00697	0.01360
27	0.03693	0.02185	0.02558	0.02132	0.02850	0.02275	0.01704	0.09648	0.24322	0.23792	0.08623	0.04288	0.03678	0.01528	0.01154	0.00362	0.00918	0.01262	0.01246	0.01782
28	0.02220	0.01497	0.01901	0.02167	0.09731	0.01406	0.01398	0.02762	0.02409	0.03940	0.03348	0.04457	0.02839	0.01350	0.00920	0.00281	0.00756	0.05278	0.38182	0.13160
29	0.01412	0.00997	0.01294	0.01515	0.01570	0.00942	0.00989	0.01578	0.02075	0.02766	0.05792	0.51598	0.06925	0.12347	0.02102	0.00555	0.00721	0.02957	0.00989	0.00878
