[name]
unknown

[dist]
# distance from previous block
# <min> <max>
0	491

[block]
# block no. 0 follows, 12 sequences, length 12
# corresponding to MSA columns:
# 503-514
name=unknown_A
#
# <colnr> <probs for GDERKNQSTAVLIFYWHMCP>
#	G	D	E	R	K	N	Q	S	T	A	V	L	I	F	Y	W	H	M	C	P
0	0.08340	0.02113	0.02215	0.05050	0.02752	0.08747	0.01632	0.06098	0.02808	0.14279	0.09692	0.09466	0.04142	0.01816	0.01148	0.00357	0.01033	0.10434	0.00962	0.06916
1	0.14393	0.10136	0.02919	0.01971	0.02761	0.02758	0.01657	0.23626	0.03524	0.10559	0.03442	0.03402	0.08031	0.01361	0.00980	0.00314	0.01009	0.01017	0.00935	0.05203
2	0.02544	0.32410	0.03809	0.01749	0.02431	0.07452	0.01528	0.02887	0.02349	0.02924	0.10021	0.03515	0.03135	0.08908	0.01449	0.00350	0.01072	0.00945	0.00636	0.09885
3	0.02683	0.01810	0.02121	0.01697	0.02351	0.01656	0.01320	0.08833	0.06432	0.12000	0.10698	0.04586	0.06480	0.09103	0.01610	0.00376	0.00853	0.01201	0.00943	0.23248
4	0.02846	0.03057	0.10568	0.17283	0.08703	0.08403	0.02568	0.16712	0.03146	0.04094	0.02637	0.10051	0.02312	0.01436	0.01109	0.00349	0.01340	0.01194	0.00734	0.01458
5	0.03198	0.11239	0.11414	0.09536	0.03748	0.02659	0.02265	0.07851	0.16096	0.16191	0.03155	0.03127	0.02257	0.01240	0.01033	0.00335	0.01137	0.00990	0.00893	0.01636
6	0.01572	0.01217	0.01747	0.02282	0.09804	0.01171	0.01332	0.01810	0.02089	0.02824	0.05088	0.45509	0.05973	0.09984	0.01839	0.00498	0.00786	0.02589	0.00897	0.00989
7	0.02155	0.09448	0.02358	0.01738	0.02245	0.02117	0.01388	0.03656	0.23155	0.03997	0.20545	0.06032	0.13169	0.01841	0.01140	0.00344	0.00745	0.01544	0.01040	0.01343
8	0.03049	0.02382	0.03750	0.24396	0.13120	0.02570	0.08810	0.13154	0.03009	0.11314	0.02463	0.02934	0.01779	0.01131	0.01115	0.00347	0.01352	0.01031	0.00747	0.01546
9	0.02666	0.02571	0.10599	0.25358	0.05098	0.02341	0.05428	0.08025	0.07126	0.10232	0.02887	0.07861	0.02301	0.01356	0.01122	0.00362	0.01286	0.01184	0.00753	0.01445
10	0.52172	0.02579	0.09426	0.01731	0.02559	0.02358	0.01635	0.03492	0.02070	0.10738	0.01912	0.02078	0.01390	0.01056	0.00776	0.00339	0.00962	0.00681	0.00725	0.01322
11	0.02213	0.01328	0.01835	0.01907	0.02251	0.01277	0.01630	0.02704	0.02686	0.11546	0.12422	0.10378	0.06289	0.02643	0.01411	0.00454	0.00923	0.33877	0.01085	0.01140

[dist]
# distance from previous block
# <min> <max>
0	1

[block]
# block no. 1 follows, 12 sequences, length 29
# corresponding to MSA columns:
# 516-544
name=unknown_B
#
# <colnr> <probs for GDERKNQSTAVLIFYWHMCP>
#	G	D	E	R	K	N	Q	S	T	A	V	L	I	F	Y	W	H	M	C	P
0	0.02969	0.17507	0.14047	0.09767	0.04073	0.06365	0.06873	0.03980	0.09485	0.10872	0.02540	0.02734	0.01884	0.01120	0.01001	0.00321	0.01324	0.00912	0.00700	0.01526
1	0.02500	0.03529	0.20852	0.08455	0.36221	0.02563	0.03547	0.03349	0.02408	0.03484	0.02015	0.02583	0.01601	0.00999	0.01066	0.00333	0.01405	0.00918	0.00511	0.01662
2	0.14604	0.01259	0.01269	0.01236	0.01366	0.01324	0.00761	0.01897	0.01637	0.02648	0.03067	0.06105	0.03430	0.50031	0.04614	0.00919	0.01016	0.01395	0.00663	0.00761
3	0.02327	0.13707	0.08109	0.27202	0.04814	0.02446	0.02370	0.02935	0.02372	0.07119	0.06694	0.04009	0.08880	0.01364	0.01049	0.00334	0.01194	0.01127	0.00662	0.01286
4	0.02326	0.14101	0.10369	0.33398	0.10083	0.02835	0.06140	0.03051	0.02253	0.02935	0.01886	0.02597	0.01471	0.01032	0.01021	0.00333	0.01430	0.00897	0.00487	0.01355
5	0.24907	0.08506	0.02784	0.02234	0.02881	0.31697	0.01757	0.03967	0.02628	0.07058	0.01801	0.02008	0.01423	0.01089	0.00870	0.00299	0.01472	0.00685	0.00645	0.01289
6	0.02894	0.36058	0.11233	0.02037	0.03038	0.06304	0.02032	0.03390	0.02346	0.06490	0.01853	0.02065	0.01527	0.00961	0.00807	0.00244	0.01184	0.00666	0.00566	0.14306
7	0.01502	0.01083	0.01421	0.01400	0.01620	0.01001	0.01026	0.01954	0.02895	0.04067	0.45030	0.18288	0.09697	0.02457	0.01306	0.00362	0.00537	0.02188	0.01164	0.01001
8	0.02171	0.05168	0.49304	0.10242	0.05075	0.02518	0.03901	0.03368	0.02286	0.03368	0.01954	0.02379	0.01390	0.01043	0.01043	0.00348	0.01591	0.00827	0.00463	0.01560
9	0.47191	0.02121	0.01983	0.01655	0.02390	0.02304	0.01365	0.07742	0.02456	0.18256	0.02334	0.02346	0.01632	0.01125	0.00819	0.00337	0.00895	0.00755	0.00885	0.01412
10	0.04007	0.02770	0.03717	0.02785	0.03695	0.02872	0.11349	0.32017	0.04197	0.16900	0.02907	0.02919	0.02001	0.01243	0.01130	0.00337	0.01263	0.01065	0.01044	0.01781
11	0.01496	0.01156	0.01379	0.01441	0.01679	0.01096	0.01034	0.02049	0.07076	0.03365	0.18641	0.30182	0.19779	0.02788	0.01314	0.00393	0.00605	0.02455	0.01066	0.01005
12	0.02842	0.11335	0.27437	0.02668	0.03823	0.02481	0.06192	0.03828	0.05304	0.13908	0.02877	0.03572	0.02224	0.01283	0.01070	0.00347	0.01335	0.05167	0.00733	0.01575
13	0.03294	0.50750	0.05104	0.01880	0.02796	0.03795	0.01815	0.03657	0.02389	0.12732	0.02050	0.02125	0.01648	0.01013	0.00776	0.00253	0.01120	0.00681	0.00636	0.01487
14	0.01577	0.01068	0.01241	0.01224	0.01274	0.01052	0.00731	0.01676	0.01874	0.02548	0.13203	0.07329	0.05178	0.50265	0.04731	0.00920	0.00953	0.01660	0.00764	0.00731
15	0.03092	0.53614	0.05313	0.02010	0.02886	0.12403	0.01902	0.03431	0.02349	0.02581	0.01542	0.01782	0.01400	0.00962	0.00743	0.00240	0.01288	0.00601	0.00481	0.01379
16	0.03135	0.09725	0.03215	0.08790	0.03484	0.02392	0.05740	0.07375	0.12429	0.17138	0.03665	0.07898	0.02997	0.01544	0.01119	0.00357	0.01085	0.05431	0.00956	0.01525
17	0.02987	0.02265	0.12348	0.01946	0.02680	0.01534	0.01833	0.03579	0.02858	0.24555	0.19834	0.10080	0.05261	0.01757	0.01172	0.00350	0.00901	0.01501	0.01101	0.01458
18	0.01401	0.01076	0.01295	0.01401	0.01638	0.00970	0.01044	0.01712	0.02440	0.03129	0.14500	0.26868	0.26424	0.02938	0.01352	0.00408	0.00636	0.08796	0.01037	0.00935
19	0.03309	0.02739	0.12157	0.13974	0.08858	0.02202	0.11375	0.04034	0.02656	0.23281	0.02902	0.03106	0.01977	0.01140	0.01119	0.00348	0.01335	0.01049	0.00828	0.01612
20	0.02821	0.02736	0.12711	0.02624	0.07674	0.05589	0.02178	0.09314	0.02835	0.12804	0.03830	0.18924	0.03652	0.01918	0.01187	0.00374	0.01125	0.05373	0.00902	0.01431
21	0.20014	0.18849	0.03357	0.05552	0.03027	0.02924	0.01744	0.12077	0.02847	0.16499	0.02397	0.02446	0.01736	0.01127	0.00881	0.00308	0.01054	0.00801	0.00838	0.01521
22	0.07572	0.02424	0.09065	0.01791	0.02819	0.01670	0.01632	0.02872	0.02234	0.03646	0.01907	0.02227	0.01551	0.00853	0.00826	0.00199	0.00913	0.00662	0.00625	0.54513
23	0.08828	0.06529	0.07404	0.17693	0.04178	0.02418	0.05445	0.10749	0.02737	0.07345	0.02460	0.02903	0.01833	0.01142	0.00971	0.00322	0.01162	0.00935	0.13568	0.01378
24	0.02072	0.01629	0.01956	0.06341	0.02603	0.01733	0.01565	0.07242	0.12278	0.03598	0.05625	0.08088	0.13752	0.09843	0.01833	0.00495	0.00952	0.16268	0.00949	0.01177
25	0.02671	0.03122	0.17016	0.25598	0.12448	0.02531	0.03096	0.09415	0.02704	0.07776	0.02233	0.02749	0.01623	0.01108	0.01075	0.00347	0.01398	0.00939	0.00632	0.01519
26	0.02958	0.02142	0.02490	0.01828	0.02763	0.01843	0.01481	0.12386	0.02921	0.10831	0.02370	0.02514	0.01799	0.00973	0.00899	0.00216	0.00898	0.00768	0.00821	0.47100
27	0.01568	0.01164	0.01696	0.01697	0.01907	0.01291	0.01326	0.01990	0.02060	0.02935	0.12982	0.05571	0.04420	0.06684	0.42789	0.01397	0.02328	0.04480	0.00731	0.00986
28	0.02030	0.01468	0.01835	0.01893	0.02182	0.01504	0.01496	0.11345	0.02830	0.03749	0.05269	0.31467	0.05831	0.02860	0.01377	0.00443	0.00881	0.19400	0.01024	0.01116

[dist]
# distance from previous block
# <min> <max>
1	31

[block]
# block no. 2 follows, 12 sequences, length 24
# corresponding to MSA columns:
# 576-599
name=unknown_C
#
# <colnr> <probs for GDERKNQSTAVLIFYWHMCP>
#	G	D	E	R	K	N	Q	S	T	A	V	L	I	F	Y	W	H	M	C	P
0	0.01969	0.01199	0.01554	0.01417	0.01712	0.01105	0.01049	0.02399	0.02880	0.10475	0.40895	0.07448	0.08449	0.10472	0.01861	0.00443	0.00642	0.01808	0.01143	0.01081
1	0.13263	0.01796	0.02297	0.08440	0.03052	0.01744	0.01605	0.04374	0.02728	0.35861	0.03541	0.03389	0.02352	0.01262	0.00995	0.00330	0.00925	0.01000	0.09467	0.01580
2	0.02072	0.01705	0.02571	0.10028	0.03191	0.01739	0.07772	0.08501	0.03149	0.04351	0.33862	0.06056	0.06895	0.01788	0.01234	0.00347	0.00900	0.01620	0.01004	0.01214
3	0.03371	0.04089	0.02629	0.02448	0.02901	0.42330	0.01818	0.03668	0.02949	0.02898	0.08882	0.11030	0.03333	0.01584	0.01078	0.00311	0.01597	0.01198	0.00705	0.01181
4	0.02324	0.01995	0.02290	0.01700	0.02619	0.01630	0.01353	0.03174	0.09377	0.03695	0.02289	0.02515	0.01856	0.00902	0.00850	0.00191	0.00815	0.00728	0.00711	0.58986
5	0.03860	0.04362	0.03022	0.02600	0.03274	0.39585	0.01998	0.13478	0.03391	0.03615	0.01902	0.02133	0.01520	0.01121	0.00983	0.00275	0.01669	0.00751	0.00678	0.09782
6	0.12187	0.46367	0.04839	0.01930	0.02710	0.03930	0.01835	0.03176	0.02097	0.02900	0.01506	0.01832	0.01373	0.01066	0.01057	0.00278	0.08449	0.00631	0.00497	0.01343
7	0.02592	0.02235	0.02411	0.02058	0.02769	0.02378	0.01611	0.04984	0.39451	0.04293	0.03774	0.03588	0.02873	0.01301	0.01029	0.00314	0.00848	0.01077	0.00986	0.19428
8	0.02187	0.05640	0.56031	0.03108	0.04719	0.02532	0.04029	0.03453	0.02302	0.03453	0.01957	0.02302	0.01381	0.01036	0.01036	0.00345	0.01611	0.00806	0.00460	0.01611
9	0.02187	0.05640	0.56031	0.03108	0.04719	0.02532	0.04029	0.03453	0.02302	0.03453	0.01957	0.02302	0.01381	0.01036	0.01036	0.00345	0.01611	0.00806	0.00460	0.01611
10	0.04454	0.02559	0.02966	0.02274	0.03134	0.02646	0.01878	0.32259	0.04297	0.27027	0.03314	0.03070	0.02203	0.01326	0.01093	0.00331	0.01087	0.01029	0.01198	0.01855
11	0.01743	0.01194	0.01316	0.01236	0.01646	0.01014	0.00944	0.02066	0.02636	0.09294	0.15746	0.09401	0.42777	0.02529	0.01266	0.00361	0.00591	0.02118	0.01076	0.01044
12	0.01894	0.00947	0.01420	0.01420	0.01420	0.00947	0.00947	0.01420	0.01420	0.01894	0.01894	0.03314	0.01894	0.03788	0.04261	0.68277	0.00947	0.00947	0.00473	0.00473
13	0.03733	0.01927	0.02314	0.01925	0.02610	0.01934	0.01541	0.05137	0.21206	0.30429	0.04257	0.03886	0.02941	0.01387	0.01059	0.00339	0.00851	0.01136	0.09687	0.01702
14	0.01586	0.01057	0.01189	0.01189	0.01189	0.01057	0.00661	0.01586	0.01586	0.02114	0.03436	0.07135	0.03964	0.61681	0.05550	0.01057	0.01057	0.01586	0.00661	0.00661
15	0.01781	0.01064	0.01426	0.01572	0.01734	0.00977	0.01087	0.02000	0.02219	0.09491	0.05793	0.53702	0.06639	0.03154	0.01354	0.00429	0.00670	0.02845	0.01055	0.01009
16	0.02755	0.01574	0.01676	0.01447	0.01895	0.01636	0.01143	0.14624	0.03040	0.08488	0.03382	0.03686	0.02558	0.01285	0.00867	0.00278	0.00707	0.01014	0.46663	0.01282
17	0.02292	0.10007	0.46069	0.03179	0.04675	0.02706	0.09339	0.03442	0.02327	0.03384	0.01949	0.02331	0.01415	0.01014	0.01037	0.00339	0.01601	0.00844	0.00472	0.01577
18	0.04248	0.01724	0.02351	0.01901	0.02626	0.01514	0.01573	0.04687	0.03046	0.45259	0.08614	0.05084	0.03746	0.01617	0.01160	0.00357	0.00902	0.06606	0.01297	0.01687
19	0.02285	0.02304	0.04554	0.19392	0.05453	0.02346	0.27517	0.03067	0.02434	0.03305	0.02681	0.04201	0.02267	0.01259	0.01221	0.00375	0.01527	0.07048	0.05460	0.01305
20	0.02097	0.14208	0.02782	0.02328	0.08292	0.02047	0.01626	0.06289	0.02454	0.03215	0.04300	0.32059	0.04815	0.02395	0.01197	0.00381	0.00906	0.06576	0.00848	0.01184
21	0.09775	0.01510	0.01698	0.01507	0.01959	0.01426	0.01132	0.05740	0.02586	0.03899	0.18349	0.14919	0.08318	0.06880	0.01471	0.00381	0.00732	0.01642	0.00927	0.15149
22	0.49782	0.02889	0.13250	0.02219	0.07015	0.02476	0.01957	0.03269	0.02001	0.04480	0.01654	0.01959	0.01268	0.01014	0.00784	0.00338	0.01042	0.00667	0.00619	0.01316
23	0.07969	0.02267	0.08558	0.02352	0.09165	0.01722	0.01770	0.02954	0.02275	0.08908	0.03132	0.03799	0.06374	0.09643	0.01594	0.00380	0.00993	0.01018	0.00720	0.24409

[dist]
# distance from previous block
# <min> <max>
7	19

[block]
# block no. 3 follows, 12 sequences, length 22
# corresponding to MSA columns:
# 619-640
name=unknown_D
#
# <colnr> <probs for GDERKNQSTAVLIFYWHMCP>
#	G	D	E	R	K	N	Q	S	T	A	V	L	I	F	Y	W	H	M	C	P
0	0.02191	0.01376	0.01742	0.01561	0.01950	0.01321	0.01200	0.03005	0.09173	0.12130	0.40672	0.06978	0.08293	0.02005	0.01236	0.00345	0.00619	0.01750	0.01212	0.01239
1	0.69383	0.02109	0.01603	0.01434	0.02109	0.02446	0.01181	0.03205	0.01856	0.04892	0.01518	0.01771	0.01181	0.01012	0.00675	0.00337	0.00843	0.00590	0.00675	0.01181
2	0.02120	0.02296	0.08131	0.39770	0.06050	0.02199	0.02706	0.02841	0.02212	0.03036	0.01940	0.02692	0.01486	0.01017	0.01017	0.00313	0.01313	0.00875	0.00521	0.17467
3	0.02915	0.62337	0.05714	0.01866	0.02799	0.04314	0.01866	0.03265	0.02215	0.02565	0.01516	0.01749	0.01399	0.00933	0.00700	0.00233	0.01166	0.00583	0.00466	0.01399
4	0.03198	0.02493	0.02764	0.02059	0.02981	0.02412	0.01680	0.26865	0.03686	0.05203	0.02276	0.02438	0.01734	0.01057	0.00948	0.00244	0.01003	0.00813	0.00867	0.35278
5	0.02059	0.01938	0.03270	0.59060	0.07510	0.02422	0.03028	0.02786	0.02180	0.02786	0.01938	0.02907	0.01453	0.01090	0.01090	0.00363	0.01453	0.00969	0.00484	0.01211
6	0.10811	0.02058	0.02620	0.08953	0.10980	0.01862	0.01787	0.02899	0.02234	0.03636	0.01902	0.02339	0.01558	0.00891	0.00864	0.00231	0.00960	0.00725	0.00615	0.42074
7	0.01547	0.01128	0.01529	0.01464	0.01706	0.01110	0.01110	0.02031	0.02764	0.03928	0.41892	0.07212	0.08461	0.03666	0.14831	0.00683	0.01096	0.01778	0.01051	0.01015
8	0.01757	0.01255	0.01757	0.02008	0.02259	0.01255	0.01757	0.02259	0.02510	0.03263	0.05773	0.12299	0.06275	0.03012	0.01506	0.00502	0.01004	0.47540	0.01004	0.01004
9	0.12472	0.02100	0.03019	0.43462	0.06191	0.02543	0.02633	0.08764	0.02491	0.03602	0.01958	0.02700	0.01461	0.01105	0.01028	0.00355	0.01330	0.00913	0.00587	0.01285
10	0.04095	0.02718	0.09506	0.02275	0.03198	0.02333	0.02052	0.17669	0.09275	0.29853	0.03560	0.03275	0.02374	0.01314	0.01089	0.00339	0.01081	0.01044	0.01139	0.01809
11	0.03978	0.01653	0.02238	0.01785	0.02468	0.01446	0.01446	0.04425	0.03111	0.41642	0.17950	0.04921	0.04770	0.01590	0.01148	0.00339	0.00815	0.01335	0.01309	0.01630
12	0.01526	0.01122	0.01610	0.01648	0.01799	0.01254	0.01224	0.01838	0.01783	0.02518	0.03450	0.13184	0.03554	0.13990	0.42591	0.01470	0.02348	0.01511	0.00658	0.00922
13	0.02975	0.10330	0.23799	0.11031	0.04256	0.02506	0.02803	0.04020	0.07374	0.16341	0.02727	0.02851	0.01910	0.01153	0.01028	0.00336	0.01294	0.00918	0.00749	0.01599
14	0.01947	0.01063	0.01291	0.01364	0.01577	0.01006	0.00972	0.02283	0.02265	0.08395	0.04891	0.33308	0.05058	0.02382	0.01118	0.00359	0.00613	0.02096	0.26982	0.01030
15	0.01581	0.01074	0.01274	0.01274	0.01304	0.01103	0.00767	0.01640	0.01611	0.02177	0.03358	0.06705	0.03777	0.53608	0.13367	0.01162	0.01338	0.01523	0.00649	0.00708
16	0.03212	0.02589	0.03814	0.18672	0.15523	0.08608	0.10296	0.03826	0.02645	0.16198	0.02564	0.02961	0.01847	0.01106	0.01109	0.00340	0.01410	0.01021	0.00731	0.01528
17	0.11458	0.08509	0.09267	0.02180	0.02998	0.02726	0.01959	0.07754	0.26619	0.10285	0.03352	0.03204	0.02466	0.01287	0.01003	0.00343	0.01010	0.01005	0.00939	0.01634
18	0.60958	0.09742	0.02124	0.01489	0.02196	0.02683	0.01268	0.03213	0.01901	0.04597	0.01518	0.01768	0.01209	0.01002	0.00678	0.00324	0.00884	0.00589	0.00648	0.01209
19	0.11791	0.18748	0.09784	0.02289	0.03231	0.03064	0.04930	0.14262	0.06181	0.12129	0.02456	0.02520	0.01803	0.01134	0.00941	0.00312	0.01168	0.00857	0.00808	0.01590
20	0.02972	0.09085	0.17925	0.02647	0.03643	0.02679	0.07279	0.12653	0.05542	0.09989	0.02664	0.05993	0.02104	0.01298	0.01202	0.00336	0.04622	0.01052	0.00769	0.05546
21	0.02533	0.03408	0.23783	0.02249	0.03460	0.01902	0.02421	0.03323	0.02376	0.09493	0.02217	0.02444	0.01646	0.00961	0.00932	0.00255	0.01143	0.00762	0.00653	0.34039

[dist]
# distance from previous block
# <min> <max>
8	21

[block]
# block no. 4 follows, 12 sequences, length 11
# corresponding to MSA columns:
# 663-673
name=unknown_E
#
# <colnr> <probs for GDERKNQSTAVLIFYWHMCP>
#	G	D	E	R	K	N	Q	S	T	A	V	L	I	F	Y	W	H	M	C	P
0	0.02868	0.03002	0.03749	0.14726	0.04584	0.15227	0.14580	0.08972	0.06883	0.03548	0.02676	0.09176	0.02326	0.01368	0.01150	0.00350	0.01504	0.01246	0.00697	0.01368
1	0.38327	0.02781	0.02900	0.02326	0.03097	0.08948	0.09805	0.12496	0.02738	0.04778	0.01861	0.02150	0.01414	0.01066	0.00892	0.00334	0.01206	0.00794	0.00720	0.01367
2	0.35505	0.02112	0.02133	0.01721	0.02500	0.02178	0.01415	0.08841	0.02629	0.20378	0.02526	0.02504	0.01761	0.01123	0.00861	0.00317	0.00903	0.00792	0.00920	0.08882
3	0.02904	0.02325	0.03035	0.02532	0.02822	0.02914	0.02092	0.12624	0.02671	0.09118	0.07810	0.03205	0.02626	0.01766	0.02569	0.00418	0.35336	0.01087	0.00770	0.01376
4	0.02915	0.62337	0.05714	0.01866	0.02799	0.04314	0.01866	0.03265	0.02215	0.02565	0.01516	0.01749	0.01399	0.00933	0.00700	0.00233	0.01166	0.00583	0.00466	0.01399
5	0.03421	0.03334	0.20121	0.02447	0.03492	0.02352	0.02475	0.09640	0.14636	0.21546	0.03388	0.03218	0.02325	0.01273	0.01079	0.00346	0.01165	0.01021	0.00975	0.01745
6	0.01632	0.01053	0.01171	0.01171	0.01198	0.01053	0.00671	0.01686	0.01659	0.02318	0.03448	0.06814	0.03842	0.55362	0.05049	0.00973	0.01000	0.01526	0.07676	0.00698
7	0.01558	0.01168	0.01752	0.01752	0.01947	0.01363	0.01363	0.01947	0.01752	0.02531	0.02921	0.04283	0.02726	0.08178	0.57360	0.01752	0.02921	0.01168	0.00584	0.00974
8	0.19654	0.02280	0.02541	0.01996	0.02809	0.02341	0.01648	0.18833	0.03438	0.28967	0.03141	0.02927	0.02088	0.01259	0.00997	0.00334	0.00991	0.00944	0.01114	0.01698
9	0.02381	0.01780	0.02674	0.06383	0.08207	0.01869	0.05688	0.06822	0.02512	0.09302	0.04058	0.28716	0.04233	0.02233	0.01501	0.00401	0.07137	0.01956	0.00881	0.01268
10	0.01328	0.00949	0.01265	0.01518	0.01581	0.00886	0.01012	0.01518	0.02088	0.02783	0.06010	0.60969	0.07212	0.03416	0.01392	0.00443	0.00633	0.03100	0.01012	0.00886

[dist]
# distance from previous block
# <min> <max>
0	15

[block]
# block no. 5 follows, 12 sequences, length 29
# corresponding to MSA columns:
# 689-717
name=unknown_F
#
# <colnr> <probs for GDERKNQSTAVLIFYWHMCP>
#	G	D	E	R	K	N	Q	S	T	A	V	L	I	F	Y	W	H	M	C	P
0	0.01558	0.01168	0.01752	0.01752	0.01947	0.01363	0.01363	0.01947	0.01752	0.02531	0.02921	0.04283	0.02726	0.08178	0.57360	0.01752	0.02921	0.01168	0.00584	0.00974
1	0.01527	0.01149	0.01592	0.07759	0.02259	0.01134	0.01243	0.01956	0.02650	0.03662	0.32250	0.25399	0.08279	0.02505	0.01300	0.00379	0.00657	0.02242	0.01058	0.01001
2	0.69383	0.02109	0.01603	0.01434	0.02109	0.02446	0.01181	0.03205	0.01856	0.04892	0.01518	0.01771	0.01181	0.01012	0.00675	0.00337	0.00843	0.00590	0.00675	0.01181
3	0.01328	0.00949	0.01265	0.01518	0.01581	0.00886	0.01012	0.01518	0.02088	0.02783	0.06010	0.60969	0.07212	0.03416	0.01392	0.00443	0.00633	0.03100	0.01012	0.00886
4	0.01756	0.01027	0.01496	0.01496	0.01555	0.01087	0.01042	0.01600	0.01541	0.02114	0.02383	0.04044	0.02383	0.11692	0.20642	0.40319	0.01563	0.01087	0.00529	0.00648
5	0.02398	0.02382	0.06298	0.09229	0.09341	0.02708	0.02424	0.07943	0.02251	0.03244	0.02021	0.02884	0.01773	0.02863	0.13486	0.00681	0.25196	0.00995	0.00573	0.01309
6	0.02187	0.05640	0.56031	0.03108	0.04719	0.02532	0.04029	0.03453	0.02302	0.03453	0.01957	0.02302	0.01381	0.01036	0.01036	0.00345	0.01611	0.00806	0.00460	0.01611
7	0.04337	0.02006	0.02515	0.01957	0.02752	0.01875	0.01607	0.13919	0.03443	0.40075	0.04735	0.04265	0.08397	0.01502	0.01117	0.00339	0.00939	0.01210	0.01260	0.01749
8	0.02634	0.02568	0.06460	0.09022	0.03384	0.08667	0.02253	0.03040	0.02206	0.08598	0.02723	0.09739	0.02592	0.01859	0.02144	0.00416	0.24788	0.04966	0.00684	0.01255
9	0.63557	0.02384	0.01735	0.01557	0.02221	0.07339	0.01263	0.03308	0.01966	0.04694	0.01533	0.01789	0.01201	0.01022	0.00702	0.00332	0.00944	0.00600	0.00665	0.01188
10	0.03248	0.39117	0.04955	0.02405	0.03237	0.20795	0.06317	0.03627	0.02522	0.02680	0.01631	0.01924	0.01424	0.00991	0.00841	0.00260	0.01477	0.00683	0.00504	0.01363
11	0.03670	0.02266	0.08565	0.02286	0.06406	0.01690	0.01887	0.04222	0.02851	0.32652	0.09018	0.03750	0.03153	0.01303	0.01066	0.00311	0.00967	0.01083	0.01071	0.11785
12	0.07551	0.03612	0.25360	0.02469	0.03619	0.02261	0.02657	0.08163	0.05753	0.23270	0.02999	0.02921	0.02010	0.01199	0.01045	0.00342	0.01233	0.00940	0.00893	0.01702
13	0.18019	0.03211	0.19940	0.09067	0.08045	0.02268	0.02600	0.03788	0.02412	0.17033	0.02462	0.02643	0.01709	0.01112	0.00980	0.00342	0.01220	0.00864	0.00745	0.01541
14	0.04892	0.01856	0.02530	0.01940	0.02783	0.01603	0.01603	0.05314	0.03121	0.55634	0.04302	0.03711	0.02699	0.01350	0.01096	0.00337	0.00928	0.01096	0.01350	0.01856
15	0.02231	0.03150	0.18206	0.30977	0.11681	0.02514	0.09580	0.03121	0.02298	0.03145	0.01990	0.02724	0.01490	0.01040	0.01100	0.00355	0.01529	0.00966	0.00493	0.01411
16	0.02484	0.08981	0.08026	0.10203	0.21058	0.02390	0.05858	0.03119	0.02442	0.06705	0.08235	0.03467	0.02784	0.01938	0.07216	0.00482	0.01426	0.01081	0.00653	0.01451
17	0.03639	0.09045	0.08700	0.01961	0.02724	0.01870	0.01771	0.04025	0.02625	0.31943	0.03640	0.09573	0.02808	0.01759	0.01422	0.07752	0.01002	0.01208	0.01014	0.01518
18	0.01334	0.01106	0.01167	0.01152	0.01500	0.00940	0.00864	0.01652	0.02592	0.03199	0.18723	0.10077	0.46602	0.02667	0.01288	0.00364	0.00546	0.02243	0.01046	0.00940
19	0.02537	0.02314	0.08442	0.02563	0.08376	0.02054	0.01951	0.04066	0.21790	0.09879	0.09628	0.13842	0.04288	0.01772	0.01164	0.00368	0.00925	0.01540	0.00995	0.01508
20	0.03614	0.02684	0.09330	0.09500	0.09694	0.02325	0.08856	0.11225	0.03081	0.24005	0.03000	0.03089	0.02042	0.01181	0.01112	0.00342	0.01264	0.01045	0.00921	0.01690
21	0.04892	0.01856	0.02530	0.01940	0.02783	0.01603	0.01603	0.05314	0.03121	0.55634	0.04302	0.03711	0.02699	0.01350	0.01096	0.00337	0.00928	0.01096	0.01350	0.01856
22	0.03065	0.02332	0.02135	0.01877	0.02395	0.13863	0.01451	0.03766	0.08464	0.16449	0.17700	0.05179	0.09137	0.01670	0.01119	0.00327	0.00980	0.01361	0.05378	0.01350
23	0.15846	0.02515	0.03360	0.18889	0.04628	0.08624	0.11197	0.03733	0.02503	0.14911	0.02398	0.02765	0.01707	0.01104	0.01037	0.00344	0.01353	0.00953	0.00732	0.01401
24	0.02877	0.02424	0.02558	0.02252	0.02898	0.02789	0.01766	0.11023	0.47411	0.04827	0.04228	0.03901	0.03159	0.01460	0.01107	0.00365	0.00902	0.01204	0.01107	0.01741
25	0.03115	0.02149	0.03321	0.02411	0.03374	0.01804	0.13037	0.03683	0.02590	0.18993	0.02702	0.02851	0.01946	0.00995	0.01006	0.00262	0.01085	0.00930	0.00833	0.32913
26	0.01558	0.01168	0.01752	0.01752	0.01947	0.01363	0.01363	0.01947	0.01752	0.02531	0.02921	0.04283	0.02726	0.08178	0.57360	0.01752	0.02921	0.01168	0.00584	0.00974
27	0.19350	0.01912	0.02322	0.01826	0.02632	0.01792	0.01508	0.04841	0.02837	0.44259	0.03678	0.03276	0.02359	0.01274	0.01002	0.00337	0.00909	0.00983	0.01198	0.01704
28	0.02486	0.02657	0.04328	0.32111	0.09721	0.08569	0.18064	0.03220	0.02425	0.03049	0.02003	0.02800	0.01530	0.01032	0.01140	0.00353	0.01620	0.01040	0.00518	0.01334

[dist]
# distance from previous block
# <min> <max>
0	1

[block]
# block no. 6 follows, 12 sequences, length 17
# corresponding to MSA columns:
# 719-735
name=unknown_G
#
# <colnr> <probs for GDERKNQSTAVLIFYWHMCP>
#	G	D	E	R	K	N	Q	S	T	A	V	L	I	F	Y	W	H	M	C	P
0	0.10747	0.01658	0.02522	0.08689	0.03148	0.01658	0.08812	0.02805	0.02314	0.11975	0.04122	0.28602	0.04206	0.02128	0.01202	0.00392	0.00983	0.01933	0.00896	0.01210
1	0.04145	0.03054	0.03272	0.02509	0.03381	0.03381	0.02072	0.51243	0.05127	0.06872	0.02618	0.02618	0.01854	0.01309	0.01091	0.00327	0.01200	0.00982	0.01091	0.01854
2	0.69383	0.02109	0.01603	0.01434	0.02109	0.02446	0.01181	0.03205	0.01856	0.04892	0.01518	0.01771	0.01181	0.01012	0.00675	0.00337	0.00843	0.00590	0.00675	0.01181
3	0.02915	0.62337	0.05714	0.01866	0.02799	0.04314	0.01866	0.03265	0.02215	0.02565	0.01516	0.01749	0.01399	0.00933	0.00700	0.00233	0.01166	0.00583	0.00466	0.01399
4	0.01562	0.01150	0.01658	0.01658	0.01821	0.01312	0.01246	0.01887	0.01725	0.02462	0.03007	0.04759	0.02932	0.17107	0.48713	0.01636	0.02610	0.01238	0.00597	0.00921
5	0.01757	0.01255	0.01757	0.02008	0.02259	0.01255	0.01757	0.02259	0.02510	0.03263	0.05773	0.12299	0.06275	0.03012	0.01506	0.00502	0.01004	0.47540	0.01004	0.01004
6	0.04016	0.01906	0.02409	0.01955	0.02684	0.01826	0.01578	0.05117	0.15652	0.37772	0.09217	0.04234	0.03598	0.01468	0.01118	0.00346	0.00871	0.01216	0.01275	0.01742
7	0.10251	0.07618	0.03091	0.02175	0.03025	0.02809	0.01824	0.28169	0.03942	0.21830	0.02959	0.02814	0.02023	0.01263	0.01021	0.00323	0.01078	0.00949	0.01082	0.01754
8	0.01402	0.01006	0.01331	0.01468	0.01598	0.00935	0.01018	0.01703	0.02430	0.03329	0.22590	0.42833	0.08268	0.03009	0.01355	0.00409	0.00592	0.02712	0.01077	0.00935
9	0.11133	0.01966	0.02493	0.01931	0.02760	0.01813	0.01595	0.08405	0.03141	0.47181	0.03909	0.03443	0.02490	0.01314	0.01055	0.00337	0.00939	0.01039	0.01265	0.01790
10	0.02504	0.06446	0.03560	0.32192	0.18890	0.02433	0.02770	0.03121	0.02343	0.07814	0.02409	0.06490	0.01998	0.01217	0.01078	0.00346	0.01291	0.01087	0.00610	0.01400
11	0.02083	0.01973	0.01992	0.01819	0.02091	0.10742	0.01397	0.02520	0.02890	0.03845	0.38167	0.06312	0.07573	0.02000	0.01554	0.00351	0.08988	0.01618	0.00993	0.01091
12	0.02357	0.12214	0.03474	0.02489	0.02680	0.03181	0.02110	0.02652	0.01958	0.02857	0.08801	0.03080	0.02658	0.01790	0.02779	0.00418	0.41687	0.01034	0.00576	0.01204
13	0.13775	0.01475	0.01582	0.01374	0.01892	0.01413	0.01077	0.03112	0.02349	0.13449	0.03306	0.07517	0.02666	0.01334	0.00861	0.00284	0.00691	0.01060	0.30230	0.10554
14	0.02224	0.01708	0.02497	0.12252	0.14461	0.01755	0.01903	0.05339	0.02504	0.07062	0.08956	0.13681	0.08580	0.10148	0.01793	0.00458	0.01010	0.01615	0.00818	0.01237
15	0.02258	0.01980	0.03064	0.32273	0.13743	0.02296	0.02562	0.03220	0.11075	0.03105	0.02392	0.03134	0.01891	0.01514	0.01533	0.09806	0.01252	0.01013	0.00602	0.01285
16	0.02150	0.01994	0.03158	0.51153	0.06859	0.02463	0.02847	0.03204	0.09237	0.03033	0.02286	0.03068	0.01714	0.01144	0.01093	0.00364	0.01371	0.01006	0.00571	0.01283

[dist]
# distance from previous block
# <min> <max>
0	38

# created by:
# /st0/software/busco_prod/Augustus/scripts/msa2prfl.pl ./align_prep/7999.fa
