[name]
unknown

[dist]
# distance from previous block
# <min> <max>
0	131

[block]
# block no. 0 follows, 13 sequences, length 79
# corresponding to MSA columns:
# 136-214
name=unknown_A
#
# <colnr> <probs for GDERKNQSTAVLIFYWHMCP>
#	G	D	E	R	K	N	Q	S	T	A	V	L	I	F	Y	W	H	M	C	P
0	0.01607	0.07904	0.07278	0.01703	0.02072	0.01435	0.01476	0.01980	0.02187	0.02853	0.05559	0.33491	0.11813	0.02679	0.01256	0.00401	0.00822	0.11604	0.00873	0.01007
1	0.15516	0.02981	0.08437	0.13213	0.04042	0.10439	0.07008	0.09952	0.02621	0.07253	0.01986	0.02396	0.01494	0.01148	0.01214	0.00339	0.07091	0.00857	0.00651	0.01361
2	0.03179	0.02691	0.04236	0.03216	0.03933	0.06737	0.21815	0.08927	0.02710	0.14305	0.02387	0.02779	0.01763	0.01245	0.01666	0.00364	0.14784	0.01065	0.00732	0.01466
3	0.02054	0.01266	0.01610	0.01592	0.01883	0.01223	0.01163	0.02696	0.08974	0.11924	0.16283	0.33606	0.06473	0.02504	0.01247	0.00383	0.00662	0.02228	0.01086	0.01142
4	0.09091	0.02781	0.13148	0.25279	0.04905	0.02497	0.02592	0.11475	0.07389	0.07367	0.02322	0.02711	0.01679	0.01125	0.01011	0.00340	0.01256	0.00908	0.00689	0.01433
5	0.36023	0.02049	0.02370	0.26388	0.04360	0.02436	0.01973	0.06976	0.02191	0.04036	0.01731	0.02250	0.01310	0.01037	0.00857	0.00337	0.01096	0.00759	0.00609	0.01211
6	0.01401	0.01054	0.01318	0.01458	0.01671	0.00972	0.01110	0.01716	0.02335	0.03013	0.12118	0.29033	0.21412	0.02915	0.01338	0.00413	0.00669	0.14146	0.00998	0.00911
7	0.07449	0.08233	0.12945	0.12767	0.03597	0.02097	0.02129	0.03225	0.05660	0.12190	0.03241	0.16009	0.02944	0.01599	0.01049	0.00349	0.01067	0.01347	0.00772	0.01330
8	0.02279	0.23417	0.36917	0.02492	0.03759	0.02885	0.03019	0.03157	0.02219	0.03041	0.02409	0.02645	0.05336	0.01096	0.00920	0.00302	0.01351	0.00820	0.00488	0.01449
9	0.04447	0.01961	0.02515	0.01963	0.02760	0.01834	0.01610	0.09731	0.08736	0.46530	0.04030	0.03535	0.02605	0.01318	0.01064	0.00330	0.00918	0.01067	0.01260	0.01786
10	0.02206	0.09799	0.49142	0.03037	0.04508	0.02609	0.07692	0.03337	0.02247	0.03284	0.01884	0.02241	0.01362	0.00987	0.00999	0.00328	0.01547	0.00802	0.00454	0.01535
11	0.03444	0.02754	0.03004	0.08567	0.13871	0.14499	0.02138	0.10990	0.03092	0.16445	0.08043	0.03247	0.02680	0.01246	0.01053	0.00314	0.01237	0.01015	0.00854	0.01507
12	0.08091	0.01836	0.02050	0.01746	0.02288	0.01912	0.01368	0.11914	0.13429	0.13624	0.14687	0.05082	0.08923	0.06610	0.01439	0.00392	0.00821	0.01350	0.01054	0.01383
13	0.01733	0.01117	0.01509	0.01600	0.01823	0.01052	0.01235	0.02106	0.02482	0.07500	0.19161	0.28624	0.07203	0.02732	0.01331	0.00411	0.00707	0.15618	0.01054	0.01003
14	0.02369	0.09642	0.15215	0.11960	0.09871	0.02815	0.17701	0.03114	0.02209	0.03062	0.01853	0.02495	0.01471	0.01090	0.01427	0.00349	0.10520	0.00958	0.00487	0.01393
15	0.07812	0.15606	0.07184	0.09202	0.03145	0.02559	0.01838	0.03552	0.17519	0.03556	0.09102	0.04014	0.08005	0.01397	0.00982	0.00321	0.00963	0.01118	0.00780	0.01343
16	0.01366	0.01054	0.01247	0.01244	0.01511	0.00935	0.00916	0.01727	0.02619	0.03458	0.30306	0.16436	0.28303	0.02534	0.01262	0.00356	0.00530	0.02196	0.01064	0.00935
17	0.06500	0.02042	0.02619	0.30794	0.04769	0.06645	0.02163	0.06517	0.02633	0.06994	0.14080	0.03846	0.03415	0.01334	0.01067	0.00336	0.01159	0.01123	0.00740	0.01224
18	0.09349	0.14277	0.07810	0.01796	0.02281	0.07097	0.01548	0.02420	0.02134	0.02931	0.03725	0.32260	0.04175	0.02154	0.01071	0.00354	0.00949	0.01829	0.00749	0.01091
19	0.36878	0.02507	0.02371	0.01916	0.02667	0.02829	0.01581	0.28129	0.03399	0.05712	0.02010	0.02132	0.01474	0.01127	0.00858	0.00322	0.00992	0.00764	0.00858	0.01474
20	0.02077	0.01346	0.01697	0.01498	0.01865	0.01288	0.01157	0.07543	0.03200	0.09686	0.45127	0.06921	0.08407	0.01985	0.01209	0.00330	0.00607	0.01729	0.01167	0.01159
21	0.13115	0.11067	0.08465	0.09651	0.03543	0.13542	0.02221	0.08306	0.02444	0.03401	0.01688	0.02145	0.01382	0.01210	0.01412	0.00334	0.13437	0.00769	0.00567	0.01302
22	0.03978	0.03161	0.08343	0.02401	0.03283	0.08100	0.02104	0.33208	0.04103	0.16560	0.02734	0.02672	0.01884	0.01234	0.01044	0.00317	0.01218	0.00933	0.01002	0.01721
23	0.01306	0.00952	0.01231	0.01418	0.01528	0.00876	0.00966	0.01531	0.02162	0.02874	0.11456	0.51431	0.12111	0.03131	0.01329	0.00412	0.00594	0.02817	0.01000	0.00876
24	0.02879	0.02486	0.04872	0.09796	0.04894	0.02464	0.32259	0.03593	0.02482	0.14048	0.02453	0.02950	0.01768	0.01081	0.01392	0.00360	0.06948	0.01148	0.00677	0.01450
25	0.03144	0.21168	0.03885	0.07784	0.03460	0.02880	0.06514	0.14181	0.02971	0.12294	0.02754	0.03683	0.02277	0.01316	0.01009	0.00319	0.01167	0.06934	0.00796	0.01465
26	0.04074	0.01863	0.02386	0.01889	0.02618	0.01746	0.01538	0.09326	0.07880	0.40772	0.10505	0.04070	0.03520	0.01424	0.01087	0.00330	0.00869	0.01171	0.01245	0.01687
27	0.02050	0.01305	0.01699	0.01654	0.01992	0.01266	0.01322	0.02738	0.07448	0.10479	0.27096	0.12081	0.07147	0.02281	0.01275	0.00384	0.00719	0.14812	0.01108	0.01143
28	0.09428	0.01940	0.03009	0.31646	0.05168	0.02117	0.05942	0.03586	0.02408	0.20557	0.02603	0.02970	0.01790	0.01119	0.01035	0.00342	0.01215	0.00967	0.00764	0.01393
29	0.02112	0.01997	0.03380	0.50278	0.16402	0.02379	0.02994	0.02803	0.02169	0.02842	0.01900	0.02781	0.01459	0.01036	0.01055	0.00345	0.01381	0.00940	0.00480	0.01268
30	0.01442	0.01079	0.01338	0.01273	0.01546	0.00975	0.00955	0.01891	0.02865	0.03937	0.45846	0.08396	0.20008	0.02274	0.01248	0.00338	0.00507	0.01982	0.01124	0.00975
31	0.02551	0.01863	0.03026	0.48515	0.06357	0.02189	0.02657	0.03196	0.02298	0.13652	0.02342	0.02976	0.01653	0.01108	0.01058	0.00347	0.01307	0.00965	0.00639	0.01301
32	0.15617	0.01875	0.02250	0.07548	0.02935	0.01936	0.01586	0.04331	0.12680	0.26949	0.08387	0.03658	0.03051	0.01330	0.01009	0.00336	0.00885	0.01069	0.01049	0.01519
33	0.02159	0.05199	0.52086	0.03162	0.04674	0.02478	0.08913	0.03352	0.02259	0.03352	0.01922	0.02296	0.01367	0.00993	0.01030	0.00337	0.01585	0.00829	0.00456	0.01548
34	0.01360	0.01060	0.01235	0.01224	0.01504	0.00934	0.00905	0.01719	0.02621	0.03436	0.29595	0.14559	0.31017	0.02521	0.01259	0.00354	0.00528	0.02174	0.01060	0.00934
35	0.16499	0.01863	0.06185	0.01703	0.02321	0.01587	0.01493	0.03366	0.02658	0.21296	0.19743	0.05140	0.04814	0.01618	0.01066	0.00342	0.00815	0.05123	0.01036	0.01330
36	0.22490	0.10484	0.31036	0.02519	0.03701	0.02634	0.06810	0.03260	0.02116	0.03673	0.01745	0.02072	0.01305	0.00978	0.00885	0.00323	0.01313	0.00734	0.00516	0.01405
37	0.02192	0.01879	0.02192	0.01566	0.02506	0.01409	0.01253	0.02662	0.02192	0.03445	0.01879	0.02192	0.01566	0.00783	0.00783	0.00157	0.00783	0.00626	0.00626	0.69305
38	0.01894	0.01704	0.02431	0.02218	0.02305	0.02242	0.01791	0.02186	0.01681	0.02515	0.02312	0.07028	0.02305	0.04615	0.27558	0.01003	0.31473	0.01152	0.00542	0.01044
39	0.02569	0.09925	0.23401	0.09016	0.09001	0.02432	0.09084	0.03386	0.02423	0.10252	0.06397	0.02970	0.02255	0.01109	0.01036	0.00325	0.01330	0.00973	0.00636	0.01480
40	0.02845	0.02116	0.03232	0.02485	0.03215	0.02063	0.15239	0.12245	0.06866	0.13758	0.09540	0.04947	0.13513	0.01551	0.01168	0.00342	0.01072	0.01416	0.00958	0.01432
41	0.01384	0.01076	0.01257	0.01212	0.01511	0.00950	0.00909	0.01777	0.02727	0.03609	0.35180	0.08936	0.30879	0.02397	0.01248	0.00344	0.00516	0.02058	0.01081	0.00950
42	0.02961	0.02790	0.13955	0.07923	0.15136	0.02229	0.02521	0.08265	0.08279	0.15534	0.03044	0.07571	0.02389	0.01313	0.01071	0.00338	0.01148	0.01126	0.00821	0.01586
43	0.03188	0.01904	0.02557	0.02496	0.08299	0.02005	0.01779	0.04072	0.12806	0.24162	0.03822	0.12729	0.03157	0.01693	0.01460	0.00368	0.09615	0.01367	0.01002	0.01517
44	0.02877	0.02458	0.04162	0.12055	0.31241	0.02494	0.10763	0.08270	0.02701	0.09190	0.02278	0.02773	0.01740	0.01018	0.01083	0.00327	0.01314	0.01004	0.00652	0.01597
45	0.02630	0.02271	0.02391	0.02152	0.02749	0.02630	0.01674	0.05618	0.54336	0.04423	0.04303	0.03945	0.03228	0.01434	0.01076	0.00359	0.00837	0.01195	0.01076	0.01674
46	0.02450	0.02333	0.03943	0.27529	0.15218	0.02554	0.13214	0.07335	0.08105	0.03494	0.02269	0.02887	0.01727	0.01059	0.01097	0.00344	0.01378	0.01034	0.00607	0.01425
47	0.02537	0.02672	0.05048	0.03743	0.04667	0.02660	0.36709	0.04077	0.18536	0.03707	0.02809	0.03190	0.02107	0.01059	0.01195	0.00357	0.01490	0.01232	0.00702	0.01503
48	0.01288	0.00920	0.01227	0.01472	0.01534	0.00859	0.00981	0.01472	0.02024	0.02699	0.05828	0.62152	0.06993	0.03312	0.01350	0.00429	0.00613	0.03006	0.00981	0.00859
49	0.02121	0.03732	0.30106	0.23968	0.08533	0.02484	0.03385	0.03042	0.02150	0.03055	0.01855	0.02475	0.01389	0.01089	0.01227	0.00350	0.06321	0.00860	0.00461	0.01396
50	0.03383	0.03951	0.03061	0.19560	0.04445	0.37795	0.02302	0.07575	0.02893	0.02940	0.01777	0.02223	0.01410	0.01094	0.00992	0.00299	0.01703	0.00778	0.00563	0.01256
51	0.01675	0.01053	0.01355	0.01444	0.01648	0.00952	0.01019	0.01927	0.02284	0.08718	0.11272	0.42936	0.13923	0.02891	0.01294	0.00398	0.00622	0.02576	0.01035	0.00979
52	0.02415	0.02296	0.03348	0.02781	0.03255	0.02685	0.11968	0.03898	0.22811	0.03519	0.03110	0.04015	0.02624	0.01600	0.01879	0.00403	0.19379	0.05846	0.00771	0.01397
53	0.08769	0.02151	0.02597	0.07569	0.03218	0.02239	0.01772	0.14882	0.12110	0.28308	0.03434	0.03223	0.02327	0.01274	0.01034	0.00333	0.00987	0.01015	0.01088	0.01670
54	0.02857	0.02220	0.02398	0.02123	0.02744	0.02514	0.01661	0.05568	0.48812	0.10082	0.04289	0.03908	0.03162	0.01421	0.01074	0.00355	0.00844	0.01181	0.01101	0.01687
55	0.16059	0.01518	0.01676	0.01482	0.01969	0.01513	0.01165	0.03074	0.07345	0.14122	0.23511	0.05823	0.13137	0.01774	0.01078	0.00337	0.00675	0.01464	0.01053	0.01225
56	0.02562	0.41710	0.24988	0.02261	0.03413	0.03535	0.02596	0.03234	0.02180	0.02811	0.01630	0.01897	0.01350	0.00942	0.00801	0.00267	0.01293	0.00646	0.00450	0.01434
57	0.02187	0.01565	0.01799	0.01685	0.02102	0.01618	0.01276	0.03500	0.21722	0.09470	0.14397	0.17374	0.12750	0.02111	0.01185	0.00365	0.00696	0.01825	0.01083	0.01291
58	0.01288	0.00920	0.01227	0.01472	0.01534	0.00859	0.00981	0.01472	0.02024	0.02699	0.05828	0.62152	0.06993	0.03312	0.01350	0.00429	0.00613	0.03006	0.00981	0.00859
59	0.02090	0.02007	0.03191	0.43393	0.05958	0.02610	0.02753	0.02655	0.01969	0.02655	0.01735	0.02670	0.01403	0.01290	0.01766	0.00385	0.18897	0.00935	0.00468	0.01169
60	0.16142	0.02131	0.03037	0.19457	0.04148	0.02629	0.05871	0.02970	0.01975	0.07359	0.01822	0.02482	0.01457	0.01329	0.01841	0.00385	0.22265	0.00893	0.00575	0.01230
61	0.01789	0.01133	0.01462	0.01384	0.01678	0.01026	0.01035	0.02207	0.02789	0.09542	0.37941	0.15894	0.13464	0.02297	0.01243	0.00349	0.00563	0.02019	0.01133	0.01052
62	0.01704	0.01128	0.01345	0.01298	0.01626	0.00989	0.00970	0.02042	0.02585	0.09064	0.22397	0.17104	0.28867	0.02481	0.01245	0.00358	0.00576	0.02136	0.01070	0.01016
63	0.02201	0.02117	0.03274	0.20331	0.14791	0.02644	0.02580	0.02648	0.01955	0.02786	0.02001	0.07209	0.01891	0.01549	0.02106	0.00398	0.26663	0.01096	0.00518	0.01243
64	0.02502	0.01740	0.02600	0.31258	0.04789	0.01945	0.02150	0.03324	0.07444	0.13962	0.13421	0.04106	0.03551	0.01366	0.01098	0.00344	0.01070	0.01185	0.00834	0.01311
65	0.01338	0.00957	0.01279	0.01494	0.01586	0.00898	0.01036	0.01572	0.02143	0.02873	0.10351	0.53531	0.07198	0.03179	0.01348	0.00425	0.00629	0.06286	0.00998	0.00880
66	0.02617	0.02512	0.04292	0.06490	0.56246	0.02512	0.03245	0.03245	0.02407	0.03454	0.01989	0.02617	0.01675	0.00942	0.01047	0.00314	0.01256	0.00942	0.00523	0.01675
67	0.01288	0.00920	0.01227	0.01472	0.01534	0.00859	0.00981	0.01472	0.02024	0.02699	0.05828	0.62152	0.06993	0.03312	0.01350	0.00429	0.00613	0.03006	0.00981	0.00859
68	0.02498	0.01741	0.02021	0.01793	0.02288	0.01840	0.01394	0.04144	0.26940	0.12003	0.24227	0.05429	0.05758	0.01698	0.01140	0.00344	0.00715	0.01454	0.01144	0.01430
69	0.09853	0.02892	0.04048	0.03046	0.03921	0.08677	0.20775	0.17517	0.03252	0.11951	0.02421	0.02660	0.01732	0.01086	0.01080	0.00330	0.01405	0.01013	0.00803	0.01535
70	0.02344	0.02233	0.03798	0.30202	0.34670	0.02440	0.03109	0.03005	0.02278	0.03123	0.01941	0.02706	0.01558	0.00993	0.01051	0.00331	0.01324	0.00941	0.00500	0.01454
71	0.01288	0.00920	0.01227	0.01472	0.01534	0.00859	0.00981	0.01472	0.02024	0.02699	0.05828	0.62152	0.06993	0.03312	0.01350	0.00429	0.00613	0.03006	0.00981	0.00859
72	0.02218	0.02106	0.03572	0.41060	0.24790	0.02407	0.03047	0.02896	0.02219	0.02971	0.01918	0.02747	0.01504	0.01016	0.01053	0.00339	0.01355	0.00940	0.00489	0.01353
73	0.03709	0.08562	0.14369	0.02473	0.03485	0.02147	0.09356	0.04346	0.02706	0.33275	0.03164	0.03035	0.02094	0.01149	0.01041	0.00323	0.01182	0.00985	0.00942	0.01656
74	0.02430	0.02115	0.03843	0.02874	0.03592	0.02055	0.26917	0.07713	0.02620	0.03921	0.02702	0.03259	0.02066	0.01064	0.01026	0.00309	0.01207	0.01115	0.27888	0.01285
75	0.01497	0.01124	0.01594	0.07622	0.02286	0.01148	0.01346	0.01869	0.02265	0.03063	0.14994	0.30770	0.06423	0.03237	0.06964	0.00537	0.00954	0.10436	0.00923	0.00947
76	0.20774	0.07004	0.07348	0.01824	0.02592	0.02112	0.01638	0.04027	0.08088	0.23196	0.08386	0.03319	0.02846	0.01266	0.00942	0.00324	0.00909	0.00973	0.00954	0.01477
77	0.09909	0.02147	0.07826	0.01888	0.02580	0.01823	0.01658	0.08268	0.06997	0.23820	0.10781	0.03788	0.03303	0.01630	0.01375	0.07750	0.00923	0.01094	0.01001	0.01439
78	0.09500	0.02634	0.08592	0.02681	0.08877	0.02265	0.06082	0.12564	0.05929	0.07713	0.02293	0.02511	0.01728	0.01016	0.00947	0.00278	0.01081	0.00845	0.00744	0.21719

[dist]
# distance from previous block
# <min> <max>
0	22

[block]
# block no. 1 follows, 13 sequences, length 21
# corresponding to MSA columns:
# 237-257
name=unknown_B
#
# <colnr> <probs for GDERKNQSTAVLIFYWHMCP>
#	G	D	E	R	K	N	Q	S	T	A	V	L	I	F	Y	W	H	M	C	P
0	0.03801	0.01968	0.02545	0.07980	0.03163	0.01901	0.01707	0.13476	0.03231	0.32320	0.08351	0.03611	0.02952	0.01313	0.01056	0.00314	0.00955	0.01074	0.01104	0.07177
1	0.22542	0.13886	0.02882	0.01878	0.02626	0.08015	0.01576	0.09150	0.08130	0.12559	0.02359	0.02386	0.01757	0.01097	0.00849	0.00295	0.01031	0.00770	0.00797	0.05415
2	0.03460	0.02474	0.03515	0.02646	0.03481	0.02499	0.13944	0.25111	0.03675	0.15442	0.03759	0.03752	0.08468	0.01357	0.01128	0.00334	0.01184	0.01201	0.00972	0.01599
3	0.15850	0.01718	0.02056	0.01810	0.02259	0.01786	0.05380	0.11575	0.02634	0.03972	0.07136	0.22146	0.09651	0.05616	0.01366	0.00404	0.00863	0.01758	0.00883	0.01137
4	0.02609	0.45599	0.21513	0.02180	0.03288	0.03651	0.02456	0.03222	0.02174	0.02753	0.01602	0.01861	0.01351	0.00935	0.00779	0.00260	0.01264	0.00632	0.00450	0.01420
5	0.01414	0.01030	0.01321	0.01428	0.01578	0.00939	0.00969	0.01640	0.02103	0.02877	0.11283	0.44695	0.06570	0.09394	0.01726	0.00460	0.00658	0.02520	0.00938	0.06458
6	0.04608	0.02017	0.02588	0.01984	0.02807	0.01876	0.01639	0.14043	0.03390	0.47575	0.03866	0.03401	0.02464	0.01301	0.01062	0.00325	0.00949	0.01042	0.01262	0.01799
7	0.02617	0.02512	0.04292	0.06490	0.56246	0.02512	0.03245	0.03245	0.02407	0.03454	0.01989	0.02617	0.01675	0.00942	0.01047	0.00314	0.01256	0.00942	0.00523	0.01675
8	0.04744	0.01799	0.02454	0.01881	0.02699	0.01554	0.01554	0.05153	0.03026	0.56979	0.04171	0.03599	0.02617	0.01309	0.01063	0.00327	0.00900	0.01063	0.01309	0.01799
9	0.04744	0.01799	0.02454	0.01881	0.02699	0.01554	0.01554	0.05153	0.03026	0.56979	0.04171	0.03599	0.02617	0.01309	0.01063	0.00327	0.00900	0.01063	0.01309	0.01799
10	0.02617	0.02512	0.04292	0.06490	0.56246	0.02512	0.03245	0.03245	0.02407	0.03454	0.01989	0.02617	0.01675	0.00942	0.01047	0.00314	0.01256	0.00942	0.00523	0.01675
11	0.01332	0.00952	0.01278	0.01523	0.01603	0.00897	0.01058	0.01549	0.02068	0.02749	0.05803	0.56809	0.06896	0.03271	0.01361	0.00436	0.00652	0.07913	0.00981	0.00871
12	0.01276	0.00969	0.01176	0.01341	0.01499	0.00870	0.00923	0.01487	0.02150	0.02750	0.07421	0.45192	0.22925	0.03105	0.01317	0.00406	0.00588	0.02753	0.00982	0.00870
13	0.16052	0.02521	0.02557	0.02134	0.02768	0.07170	0.01724	0.14825	0.14266	0.14503	0.02833	0.02815	0.02062	0.01307	0.01239	0.00342	0.07490	0.00930	0.00927	0.01533
14	0.02533	0.39335	0.27109	0.02310	0.03489	0.03464	0.02682	0.03242	0.02183	0.02846	0.01648	0.01919	0.01350	0.00946	0.00814	0.00271	0.01310	0.00655	0.00450	0.01442
15	0.02005	0.01204	0.01430	0.01326	0.01724	0.01042	0.01010	0.02335	0.02601	0.14019	0.17215	0.14038	0.31296	0.02374	0.01222	0.00354	0.00611	0.02020	0.01082	0.01091
16	0.03122	0.02433	0.08348	0.21972	0.14443	0.02262	0.02594	0.08885	0.02744	0.18793	0.02625	0.02918	0.01838	0.01125	0.01052	0.00333	0.01224	0.00962	0.00779	0.01549
17	0.03384	0.08435	0.14475	0.02169	0.02990	0.02103	0.02103	0.03920	0.02520	0.28916	0.03305	0.09074	0.02549	0.01470	0.01297	0.00344	0.07344	0.01143	0.00919	0.01541
18	0.01929	0.01328	0.01641	0.01559	0.01880	0.01318	0.01166	0.02818	0.12384	0.08255	0.31184	0.18438	0.07474	0.02203	0.01222	0.00358	0.00619	0.01943	0.01120	0.01160
19	0.07713	0.23327	0.14817	0.01880	0.02698	0.02502	0.01908	0.02685	0.02143	0.03010	0.03292	0.13962	0.07604	0.01542	0.00935	0.00303	0.01016	0.01232	0.00631	0.06801
20	0.15111	0.01992	0.02875	0.08994	0.13173	0.01983	0.06029	0.03636	0.02486	0.21711	0.03581	0.03648	0.07714	0.01269	0.01022	0.00333	0.01039	0.01082	0.00858	0.01465

[dist]
# distance from previous block
# <min> <max>
0	39

[block]
# block no. 2 follows, 13 sequences, length 94
# corresponding to MSA columns:
# 297-339,342-392
name=unknown_C
#
# <colnr> <probs for GDERKNQSTAVLIFYWHMCP>
#	G	D	E	R	K	N	Q	S	T	A	V	L	I	F	Y	W	H	M	C	P
0	0.20002	0.03996	0.32398	0.02435	0.03622	0.02440	0.02787	0.08667	0.02483	0.08902	0.02062	0.02256	0.01454	0.01054	0.00926	0.00330	0.01270	0.00771	0.00642	0.01502
1	0.08442	0.08615	0.07171	0.06795	0.02902	0.02151	0.01737	0.11644	0.02963	0.10635	0.16638	0.04530	0.08482	0.01519	0.01044	0.00322	0.00930	0.01232	0.00908	0.01341
2	0.03205	0.40942	0.04859	0.02162	0.03062	0.03641	0.06124	0.13036	0.02808	0.08304	0.01979	0.02131	0.01578	0.01011	0.00836	0.00264	0.01172	0.00744	0.00655	0.01489
3	0.01331	0.00938	0.01214	0.01418	0.01469	0.00887	0.00923	0.01483	0.01941	0.02588	0.05401	0.52715	0.06455	0.13484	0.02038	0.00531	0.00684	0.02755	0.00923	0.00822
4	0.03211	0.17933	0.03327	0.01993	0.02721	0.02874	0.01701	0.23270	0.06386	0.09547	0.12883	0.03542	0.03434	0.01363	0.00999	0.00300	0.00984	0.01064	0.00947	0.01522
5	0.60866	0.02108	0.01744	0.01508	0.02188	0.02401	0.01242	0.07442	0.02140	0.07944	0.01720	0.01897	0.01286	0.01025	0.00712	0.00326	0.00852	0.00633	0.00727	0.01239
6	0.01342	0.01061	0.01209	0.01201	0.01492	0.00928	0.00890	0.01686	0.02586	0.03342	0.26532	0.14004	0.34877	0.02548	0.01258	0.00355	0.00529	0.02185	0.01048	0.00928
7	0.02712	0.31512	0.24144	0.02290	0.03403	0.03187	0.02550	0.03615	0.06775	0.07602	0.02103	0.02251	0.01620	0.01022	0.00866	0.00286	0.01245	0.00742	0.00577	0.01498
8	0.02460	0.01263	0.01651	0.01464	0.01860	0.01144	0.01128	0.02906	0.02838	0.19199	0.31162	0.10856	0.06845	0.01917	0.01149	0.00330	0.00623	0.01664	0.08328	0.01214
9	0.01731	0.01127	0.01454	0.01366	0.01657	0.01023	0.01026	0.02173	0.02856	0.08457	0.42784	0.12594	0.13227	0.02239	0.01241	0.00343	0.00546	0.01967	0.01143	0.01044
10	0.03285	0.32931	0.13494	0.02088	0.03079	0.03152	0.02124	0.07920	0.02623	0.16592	0.02309	0.02335	0.01706	0.01054	0.00863	0.00278	0.01150	0.00760	0.00717	0.01540
11	0.03801	0.02441	0.11965	0.12583	0.03844	0.01851	0.02205	0.04404	0.02727	0.38052	0.03370	0.03225	0.02182	0.01211	0.01052	0.00333	0.01105	0.00993	0.01010	0.01647
12	0.02735	0.46713	0.05734	0.02541	0.03491	0.03766	0.15801	0.03227	0.02244	0.02736	0.01655	0.02016	0.01425	0.00901	0.00836	0.00262	0.01311	0.00754	0.00475	0.01376
13	0.03527	0.02066	0.07153	0.08187	0.03263	0.01750	0.01940	0.04271	0.07136	0.32920	0.03987	0.04850	0.03023	0.01542	0.01126	0.00360	0.01018	0.09250	0.01068	0.01561
14	0.08714	0.11729	0.21307	0.07415	0.03579	0.02315	0.02400	0.03377	0.02368	0.12542	0.06770	0.02877	0.02305	0.01125	0.00944	0.00304	0.01151	0.00878	0.00692	0.07208
15	0.01618	0.01013	0.01311	0.01311	0.01344	0.01046	0.00837	0.01552	0.01520	0.02059	0.02819	0.05385	0.03064	0.36489	0.14200	0.20619	0.01306	0.01291	0.00576	0.00641
16	0.01304	0.00963	0.01220	0.01389	0.01520	0.00879	0.00953	0.01535	0.02193	0.02889	0.11931	0.47538	0.15650	0.03082	0.01322	0.00407	0.00588	0.02758	0.01001	0.00879
17	0.02175	0.03384	0.22572	0.13414	0.05094	0.02366	0.21824	0.03107	0.02392	0.03344	0.07670	0.03169	0.02365	0.01093	0.01132	0.00346	0.01507	0.01105	0.00560	0.01383
18	0.02572	0.08184	0.13432	0.08117	0.04215	0.02675	0.16168	0.11532	0.09114	0.03861	0.03089	0.03358	0.06446	0.01211	0.01087	0.00335	0.01329	0.01110	0.00697	0.01467
19	0.03537	0.01759	0.02288	0.06775	0.02829	0.01706	0.01558	0.10755	0.03145	0.30475	0.13740	0.04252	0.03843	0.01442	0.01070	0.00322	0.00867	0.01196	0.06920	0.01520
20	0.14854	0.02151	0.02568	0.16765	0.03808	0.02410	0.01916	0.16200	0.08499	0.11019	0.07103	0.03201	0.02533	0.01263	0.01006	0.00335	0.01042	0.01003	0.00879	0.01444
21	0.03202	0.02325	0.03473	0.03837	0.22265	0.02335	0.06610	0.12211	0.07446	0.15471	0.07332	0.03395	0.02729	0.01217	0.01089	0.00326	0.01110	0.01100	0.00883	0.01643
22	0.02946	0.13029	0.03144	0.02072	0.02720	0.02382	0.05926	0.12982	0.07386	0.13067	0.09621	0.09908	0.03623	0.04883	0.01299	0.00362	0.00991	0.01314	0.00930	0.01416
23	0.01454	0.01079	0.01355	0.01286	0.01554	0.00980	0.00964	0.01914	0.02893	0.04004	0.48017	0.08286	0.17795	0.02250	0.01247	0.00337	0.00505	0.01967	0.01133	0.00980
24	0.02494	0.02345	0.03944	0.31473	0.05769	0.02666	0.15088	0.11405	0.02655	0.03536	0.02014	0.02735	0.01523	0.01121	0.01314	0.00357	0.06615	0.01017	0.00586	0.01342
25	0.02861	0.08043	0.12425	0.18576	0.04645	0.02701	0.06790	0.14005	0.07382	0.08697	0.02425	0.02738	0.01758	0.01122	0.01035	0.00330	0.01295	0.00944	0.00723	0.01507
26	0.02302	0.03401	0.19824	0.14103	0.05579	0.02555	0.30096	0.03253	0.02354	0.03253	0.02025	0.02675	0.01496	0.00952	0.01146	0.00350	0.01655	0.01063	0.00499	0.01419
27	0.04305	0.01897	0.02441	0.01937	0.02710	0.01777	0.01579	0.05249	0.13683	0.46064	0.04199	0.03671	0.02744	0.01335	0.01066	0.00334	0.00887	0.01091	0.01260	0.01773
28	0.02982	0.04254	0.23506	0.03178	0.08439	0.17939	0.07042	0.03951	0.07261	0.08048	0.02274	0.02505	0.01682	0.01079	0.01026	0.00319	0.01525	0.00870	0.00622	0.01499
29	0.03978	0.02694	0.13341	0.02377	0.03362	0.01974	0.06638	0.08706	0.02993	0.37605	0.03414	0.03180	0.02212	0.01209	0.01068	0.00330	0.01129	0.01017	0.01053	0.01720
30	0.04485	0.01750	0.02390	0.01887	0.02656	0.01525	0.01567	0.04900	0.02976	0.52389	0.04293	0.04309	0.02913	0.01446	0.01097	0.00341	0.00906	0.05163	0.01280	0.01729
31	0.01288	0.00920	0.01227	0.01472	0.01534	0.00859	0.00981	0.01472	0.02024	0.02699	0.05828	0.62152	0.06993	0.03312	0.01350	0.00429	0.00613	0.03006	0.00981	0.00859
32	0.02633	0.12938	0.03820	0.13489	0.15914	0.07746	0.06579	0.07395	0.05315	0.03408	0.05628	0.03233	0.05073	0.01184	0.01020	0.00312	0.01252	0.01021	0.00641	0.01399
33	0.03046	0.13000	0.12400	0.17753	0.09862	0.02458	0.02523	0.03678	0.02443	0.19085	0.02510	0.02743	0.01778	0.01086	0.00985	0.00316	0.01219	0.00887	0.00720	0.01509
34	0.70310	0.02045	0.01554	0.01390	0.02045	0.02372	0.01145	0.03108	0.01799	0.04744	0.01472	0.01718	0.01145	0.00981	0.00654	0.00327	0.00818	0.00573	0.00654	0.01145
35	0.01600	0.01146	0.01572	0.01732	0.01955	0.01118	0.01436	0.02053	0.02526	0.03381	0.18356	0.17034	0.07185	0.02776	0.01393	0.00441	0.00809	0.31499	0.01023	0.00966
36	0.02248	0.15904	0.48042	0.02797	0.04241	0.02766	0.03529	0.03316	0.02217	0.03194	0.01821	0.02136	0.01343	0.00987	0.00946	0.00315	0.01485	0.00742	0.00448	0.01526
37	0.03399	0.01937	0.02267	0.01874	0.02510	0.01986	0.01501	0.12442	0.16440	0.23131	0.09292	0.04009	0.03428	0.01415	0.01045	0.00324	0.00835	0.01159	0.09421	0.01583
38	0.02023	0.01493	0.02152	0.02026	0.02386	0.01490	0.06712	0.02857	0.11639	0.07789	0.04983	0.31857	0.05218	0.02481	0.01284	0.00410	0.00863	0.10195	0.00978	0.01165
39	0.04019	0.02962	0.03173	0.02433	0.03279	0.03279	0.02010	0.52721	0.04971	0.06663	0.02538	0.02538	0.01798	0.01269	0.01058	0.00317	0.01163	0.00952	0.01058	0.01798
40	0.02496	0.02852	0.06239	0.04456	0.05526	0.02674	0.52406	0.03387	0.02496	0.03387	0.02139	0.02852	0.01604	0.00891	0.01248	0.00357	0.01783	0.01248	0.00535	0.01426
41	0.04744	0.01799	0.02454	0.01881	0.02699	0.01554	0.01554	0.05153	0.03026	0.56979	0.04171	0.03599	0.02617	0.01309	0.01063	0.00327	0.00900	0.01063	0.01309	0.01799
42	0.02598	0.22532	0.18597	0.09506	0.15970	0.07804	0.02836	0.03274	0.02299	0.02969	0.01760	0.02187	0.01431	0.00972	0.00913	0.00293	0.01371	0.00759	0.00477	0.01454
43	0.01496	0.01081	0.01413	0.01330	0.01580	0.00998	0.00998	0.01995	0.02993	0.04240	0.55689	0.07898	0.09976	0.02162	0.01247	0.00333	0.00499	0.01912	0.01164	0.00998
44	0.70310	0.02045	0.01554	0.01390	0.02045	0.02372	0.01145	0.03108	0.01799	0.04744	0.01472	0.01718	0.01145	0.00981	0.00654	0.00327	0.00818	0.00573	0.00654	0.01145
45	0.04328	0.02675	0.02841	0.02223	0.03025	0.08373	0.01815	0.26871	0.03915	0.28155	0.03154	0.02934	0.02109	0.01267	0.01049	0.00317	0.01127	0.00972	0.01113	0.01738
46	0.04744	0.01799	0.02454	0.01881	0.02699	0.01554	0.01554	0.05153	0.03026	0.56979	0.04171	0.03599	0.02617	0.01309	0.01063	0.00327	0.00900	0.01063	0.01309	0.01799
47	0.01288	0.00920	0.01227	0.01472	0.01534	0.00859	0.00981	0.01472	0.02024	0.02699	0.05828	0.62152	0.06993	0.03312	0.01350	0.00429	0.00613	0.03006	0.00981	0.00859
48	0.02496	0.02852	0.06239	0.04456	0.05526	0.02674	0.52406	0.03387	0.02496	0.03387	0.02139	0.02852	0.01604	0.00891	0.01248	0.00357	0.01783	0.01248	0.00535	0.01426
49	0.01475	0.01080	0.01384	0.01308	0.01566	0.00989	0.00981	0.01954	0.02942	0.04120	0.51792	0.08095	0.13948	0.02206	0.01247	0.00335	0.00502	0.01940	0.01148	0.00989
50	0.01687	0.01403	0.01822	0.01746	0.01850	0.01638	0.01326	0.01894	0.01857	0.02534	0.04473	0.13133	0.12202	0.18683	0.07945	0.00697	0.17605	0.05886	0.00713	0.00908
51	0.01596	0.01187	0.01575	0.01533	0.01613	0.01352	0.01082	0.01778	0.01614	0.02267	0.02943	0.05323	0.03110	0.33911	0.27928	0.01262	0.07207	0.01310	0.00593	0.00817
52	0.03950	0.05039	0.02996	0.02724	0.03269	0.58597	0.02043	0.04222	0.02996	0.02588	0.01634	0.01907	0.01362	0.01090	0.00953	0.00272	0.01907	0.00681	0.00545	0.01226
53	0.01288	0.00920	0.01227	0.01472	0.01534	0.00859	0.00981	0.01472	0.02024	0.02699	0.05828	0.62152	0.06993	0.03312	0.01350	0.00429	0.00613	0.03006	0.00981	0.00859
54	0.15042	0.19176	0.11177	0.02303	0.03103	0.27092	0.02094	0.03638	0.02465	0.03050	0.01603	0.01868	0.01319	0.01012	0.00840	0.00279	0.01473	0.00647	0.00527	0.01293
55	0.02121	0.05469	0.57364	0.03014	0.04576	0.02455	0.03906	0.03348	0.02232	0.03348	0.01897	0.02232	0.01339	0.01005	0.01005	0.00335	0.01563	0.00781	0.00446	0.01563
56	0.01288	0.00920	0.01227	0.01472	0.01534	0.00859	0.00981	0.01472	0.02024	0.02699	0.05828	0.62152	0.06993	0.03312	0.01350	0.00429	0.00613	0.03006	0.00981	0.00859
57	0.02691	0.07997	0.04131	0.13056	0.09043	0.02824	0.14075	0.12478	0.02717	0.03710	0.01972	0.02530	0.01559	0.01120	0.01374	0.00330	0.09514	0.00952	0.00613	0.07314
58	0.02479	0.07765	0.08912	0.08397	0.08653	0.02384	0.17783	0.03130	0.02357	0.07716	0.03034	0.03423	0.07346	0.01196	0.01225	0.00326	0.04980	0.01109	0.00630	0.07157
59	0.04189	0.01677	0.02276	0.01787	0.02508	0.01459	0.01459	0.04613	0.03021	0.47968	0.12973	0.04333	0.03875	0.01454	0.01095	0.00328	0.00831	0.01208	0.01284	0.01662
60	0.01700	0.01295	0.01589	0.01478	0.01790	0.01291	0.01119	0.02647	0.12228	0.04273	0.46446	0.07187	0.08762	0.02031	0.01216	0.00337	0.00560	0.01783	0.01148	0.01119
61	0.03252	0.35443	0.04142	0.01947	0.02743	0.06456	0.01764	0.06346	0.07059	0.13840	0.02576	0.02959	0.02086	0.01185	0.00874	0.00281	0.01096	0.03740	0.00747	0.01465
62	0.11591	0.07363	0.02833	0.02017	0.02764	0.02222	0.04677	0.10977	0.07416	0.25679	0.08719	0.03501	0.02986	0.01304	0.01013	0.00322	0.00954	0.01059	0.01039	0.01565
63	0.01706	0.01729	0.07125	0.11910	0.03192	0.01483	0.06993	0.02229	0.02294	0.03206	0.12951	0.25908	0.05121	0.02085	0.01188	0.00367	0.00928	0.01904	0.06608	0.01071
64	0.01815	0.01140	0.01450	0.01375	0.01682	0.01024	0.01029	0.02211	0.02735	0.10182	0.33305	0.16704	0.16624	0.02337	0.01242	0.00352	0.00573	0.02045	0.01120	0.01054
65	0.09483	0.10504	0.07874	0.02252	0.03114	0.08783	0.01999	0.24683	0.03568	0.14109	0.02453	0.02459	0.01747	0.01165	0.00962	0.00306	0.01197	0.00849	0.00886	0.01608
66	0.08245	0.02109	0.03290	0.22502	0.09086	0.02309	0.10518	0.10034	0.02538	0.03582	0.02471	0.08332	0.02207	0.06535	0.01449	0.00407	0.01267	0.01197	0.00648	0.01274
67	0.02341	0.01528	0.02156	0.01965	0.02214	0.01766	0.01557	0.02653	0.02012	0.13810	0.03287	0.14011	0.03106	0.04207	0.22613	0.00877	0.16565	0.01403	0.00769	0.01159
68	0.02870	0.01446	0.01886	0.01646	0.02124	0.01339	0.01277	0.03493	0.07224	0.25294	0.22300	0.14757	0.05939	0.01945	0.01175	0.00349	0.00708	0.01688	0.01185	0.01356
69	0.03394	0.02758	0.03139	0.02584	0.03125	0.12390	0.06268	0.13070	0.02946	0.14777	0.02671	0.03459	0.02156	0.01507	0.01695	0.00366	0.16186	0.05258	0.00819	0.01432
70	0.02893	0.18344	0.12940	0.07502	0.03628	0.02728	0.06536	0.10530	0.02759	0.11384	0.03167	0.03287	0.07384	0.01234	0.00989	0.00309	0.01194	0.01000	0.00730	0.01462
71	0.02907	0.01373	0.01768	0.01542	0.02006	0.01214	0.01173	0.03213	0.02570	0.27553	0.09891	0.15428	0.12908	0.09461	0.01686	0.00435	0.00772	0.01718	0.01105	0.01279
72	0.10234	0.12922	0.16126	0.01792	0.02553	0.02054	0.01848	0.02579	0.02401	0.03514	0.17720	0.05100	0.14029	0.01611	0.01017	0.00319	0.00920	0.01296	0.00765	0.01199
73	0.02476	0.24043	0.10046	0.18500	0.19254	0.03050	0.02731	0.03087	0.02222	0.02908	0.01769	0.02306	0.01459	0.00965	0.00916	0.00295	0.01284	0.00792	0.00476	0.01421
74	0.03562	0.02319	0.09356	0.02212	0.03028	0.01831	0.06127	0.09204	0.03000	0.31075	0.08347	0.08717	0.03332	0.01482	0.01113	0.00339	0.01023	0.01278	0.01069	0.01585
75	0.01681	0.01063	0.01393	0.01426	0.01615	0.00984	0.01005	0.01982	0.02420	0.07816	0.23712	0.32327	0.07429	0.08101	0.01652	0.00439	0.00633	0.02308	0.01045	0.00970
76	0.02614	0.02135	0.03426	0.28434	0.24252	0.02336	0.02771	0.03452	0.06857	0.09753	0.02409	0.02938	0.01812	0.01078	0.01056	0.00336	0.01241	0.00978	0.00644	0.01477
77	0.03160	0.19522	0.14476	0.02539	0.03459	0.16935	0.06552	0.03937	0.06948	0.09575	0.02223	0.02376	0.01689	0.01064	0.00941	0.00294	0.01413	0.00809	0.00639	0.01451
78	0.04744	0.01799	0.02454	0.01881	0.02699	0.01554	0.01554	0.05153	0.03026	0.56979	0.04171	0.03599	0.02617	0.01309	0.01063	0.00327	0.00900	0.01063	0.01309	0.01799
79	0.01501	0.01116	0.01422	0.01560	0.01726	0.01100	0.01119	0.02061	0.07752	0.03184	0.14150	0.42449	0.07026	0.02884	0.01313	0.00410	0.00648	0.06576	0.01022	0.00978
80	0.02827	0.63478	0.05540	0.01809	0.02714	0.04184	0.01809	0.03166	0.02148	0.02488	0.01470	0.01696	0.01357	0.00905	0.00678	0.00226	0.01131	0.00565	0.00452	0.01357
81	0.03424	0.02120	0.02502	0.01917	0.02695	0.02021	0.01548	0.19931	0.03252	0.18137	0.02686	0.02778	0.01943	0.01387	0.01301	0.07554	0.00955	0.00879	0.00929	0.22042
82	0.02071	0.02595	0.12755	0.44612	0.06634	0.02402	0.08329	0.02884	0.02175	0.02884	0.01910	0.02722	0.01418	0.01031	0.01068	0.00350	0.01475	0.00945	0.00473	0.01267
83	0.02678	0.02625	0.08541	0.13813	0.16181	0.02657	0.06961	0.07377	0.02422	0.07935	0.02058	0.02639	0.01611	0.01250	0.01669	0.00365	0.16205	0.00960	0.00606	0.01447
84	0.01338	0.00978	0.01259	0.01393	0.01534	0.00899	0.00967	0.01613	0.02317	0.03117	0.19325	0.42534	0.12929	0.02946	0.01312	0.00397	0.00575	0.02639	0.01029	0.00899
85	0.20659	0.02176	0.02657	0.02129	0.02850	0.02270	0.06876	0.14002	0.07414	0.18107	0.03087	0.08089	0.02408	0.01363	0.01004	0.00340	0.00996	0.01119	0.00958	0.01497
86	0.03056	0.01897	0.02558	0.12506	0.07874	0.01942	0.01866	0.12799	0.03044	0.19235	0.08388	0.09104	0.07928	0.01591	0.01116	0.00340	0.00979	0.01352	0.00976	0.01449
87	0.09332	0.02264	0.02996	0.07512	0.03493	0.02359	0.07349	0.14493	0.11951	0.22376	0.03197	0.03126	0.02207	0.01226	0.01049	0.00336	0.01079	0.01030	0.01001	0.01625
88	0.09578	0.01877	0.02286	0.01901	0.02573	0.01842	0.01550	0.10244	0.07611	0.32132	0.04020	0.09064	0.03129	0.01603	0.01088	0.00352	0.00902	0.05528	0.01142	0.01577
89	0.27067	0.01961	0.02082	0.01723	0.02399	0.02047	0.01401	0.09117	0.07172	0.22438	0.09354	0.03382	0.02965	0.01305	0.00943	0.00329	0.00845	0.00994	0.01015	0.01461
90	0.23038	0.02195	0.02402	0.01897	0.02677	0.02268	0.01566	0.17917	0.03226	0.28131	0.02952	0.02771	0.01972	0.01205	0.00946	0.00324	0.00951	0.00894	0.01054	0.01614
91	0.16402	0.01884	0.02169	0.01826	0.02401	0.01976	0.01465	0.07825	0.07027	0.19705	0.07698	0.09524	0.03228	0.01554	0.01228	0.00342	0.06201	0.01208	0.00976	0.05360
92	0.24188	0.02038	0.02166	0.05327	0.02733	0.02235	0.01529	0.08256	0.16111	0.14612	0.07739	0.03351	0.02838	0.01298	0.00954	0.00337	0.00875	0.01004	0.00958	0.01452
93	0.36110	0.02564	0.02260	0.01894	0.02598	0.07398	0.01536	0.17520	0.07568	0.08109	0.02197	0.02274	0.01619	0.01131	0.00855	0.00323	0.01015	0.00773	0.00834	0.01421

[dist]
# distance from previous block
# <min> <max>
2	25

[block]
# block no. 3 follows, 13 sequences, length 17
# corresponding to MSA columns:
# 418-434
name=unknown_D
#
# <colnr> <probs for GDERKNQSTAVLIFYWHMCP>
#	G	D	E	R	K	N	Q	S	T	A	V	L	I	F	Y	W	H	M	C	P
0	0.25283	0.01884	0.01989	0.01664	0.02302	0.01956	0.01346	0.09005	0.06227	0.19477	0.11263	0.03957	0.06603	0.01421	0.00969	0.00331	0.00814	0.01101	0.01009	0.01398
1	0.21965	0.01828	0.02088	0.01752	0.02341	0.01893	0.01407	0.03663	0.05478	0.22436	0.02964	0.07139	0.02321	0.01528	0.01358	0.04756	0.06151	0.01020	0.00902	0.07009
2	0.12897	0.01827	0.02179	0.07487	0.02871	0.01718	0.01471	0.03399	0.05978	0.15239	0.08357	0.03230	0.02747	0.01149	0.00922	0.00272	0.00849	0.00923	0.00851	0.25636
3	0.08927	0.01992	0.02546	0.09131	0.03249	0.01945	0.05286	0.08323	0.06782	0.03811	0.02647	0.10278	0.02380	0.01281	0.00967	0.00282	0.00961	0.01099	0.00734	0.27378
4	0.25732	0.02117	0.02270	0.01803	0.02539	0.02187	0.01482	0.11332	0.02659	0.16944	0.02355	0.02429	0.01698	0.01124	0.01036	0.00300	0.05056	0.00784	0.00854	0.15298
5	0.48605	0.02247	0.02680	0.02148	0.02890	0.02464	0.12633	0.03414	0.07059	0.04410	0.01896	0.02187	0.01450	0.01005	0.00828	0.00337	0.01035	0.00784	0.00669	0.01259
6	0.03645	0.02205	0.03199	0.02446	0.03196	0.02201	0.10464	0.14422	0.03165	0.26865	0.03859	0.03768	0.07327	0.01409	0.01325	0.00345	0.06382	0.01173	0.01014	0.01589
7	0.02949	0.03306	0.23930	0.02353	0.03367	0.02135	0.02467	0.04328	0.15490	0.18955	0.07091	0.03464	0.02807	0.01283	0.01057	0.00338	0.01115	0.01048	0.00901	0.01616
8	0.07783	0.02398	0.08541	0.06172	0.03152	0.02201	0.01984	0.03567	0.07284	0.14814	0.02471	0.02702	0.01847	0.01245	0.01480	0.00324	0.13818	0.00874	0.00752	0.16593
9	0.17993	0.02137	0.02727	0.11677	0.14649	0.02284	0.02031	0.11630	0.02746	0.11116	0.03189	0.03388	0.07576	0.01262	0.00987	0.00330	0.01041	0.01018	0.00788	0.01432
10	0.02360	0.01160	0.01645	0.01527	0.01767	0.01110	0.01120	0.02364	0.02045	0.14591	0.09823	0.08912	0.03589	0.03384	0.08797	0.31776	0.01043	0.01277	0.00796	0.00915
11	0.02761	0.02693	0.08170	0.03610	0.04574	0.02390	0.33927	0.03759	0.07139	0.11353	0.02855	0.03650	0.02192	0.01149	0.01205	0.00360	0.01499	0.04511	0.00722	0.01480
12	0.02580	0.26753	0.32367	0.02539	0.03748	0.09225	0.02932	0.03377	0.02285	0.02949	0.01711	0.02000	0.01348	0.00977	0.00879	0.00288	0.01441	0.00691	0.00459	0.01450
13	0.02720	0.01731	0.02613	0.12480	0.15234	0.01706	0.01971	0.03216	0.02608	0.18537	0.12759	0.08554	0.08183	0.01581	0.01125	0.00339	0.00947	0.01391	0.00916	0.01390
14	0.01403	0.00996	0.01327	0.01550	0.01646	0.00953	0.01112	0.01638	0.02073	0.02745	0.05556	0.46061	0.06512	0.08491	0.01731	0.00495	0.00730	0.13166	0.00950	0.00865
15	0.02054	0.01122	0.01557	0.01483	0.01567	0.01154	0.01027	0.06504	0.01736	0.02319	0.01907	0.03147	0.01833	0.03433	0.03825	0.62356	0.00943	0.00922	0.00519	0.00593
16	0.02521	0.09416	0.17725	0.10960	0.05029	0.02788	0.24355	0.08059	0.02588	0.03516	0.02019	0.02553	0.01509	0.00978	0.01089	0.00334	0.01556	0.00999	0.00548	0.01455

[dist]
# distance from previous block
# <min> <max>
5	86

[block]
# block no. 4 follows, 13 sequences, length 6
# corresponding to MSA columns:
# 544-549
name=unknown_E
#
# <colnr> <probs for GDERKNQSTAVLIFYWHMCP>
#	G	D	E	R	K	N	Q	S	T	A	V	L	I	F	Y	W	H	M	C	P
0	0.01464	0.01033	0.01218	0.01293	0.01387	0.00994	0.00853	0.01596	0.01867	0.02426	0.05196	0.18834	0.12585	0.35252	0.03520	0.00746	0.00864	0.07318	0.00797	0.00759
1	0.16431	0.02286	0.03034	0.02313	0.03146	0.02294	0.09287	0.16034	0.03189	0.26950	0.02966	0.02879	0.01991	0.01175	0.01014	0.00329	0.01082	0.00973	0.01009	0.01621
2	0.09456	0.06520	0.03206	0.21737	0.10352	0.02609	0.02292	0.15492	0.02957	0.11948	0.02325	0.02660	0.01685	0.01116	0.00993	0.00325	0.01181	0.00901	0.00760	0.01487
3	0.03503	0.01953	0.02349	0.01925	0.02586	0.01970	0.01546	0.11865	0.15750	0.26571	0.13777	0.04342	0.04044	0.01496	0.01101	0.00334	0.00848	0.01240	0.01187	0.01616
4	0.02888	0.01862	0.02361	0.01983	0.02300	0.02118	0.01543	0.09987	0.02408	0.16068	0.02854	0.04155	0.02542	0.21502	0.03170	0.00593	0.18459	0.01162	0.00809	0.01235
5	0.09214	0.02096	0.02927	0.08027	0.15204	0.02068	0.02067	0.08820	0.02891	0.31225	0.03108	0.03058	0.02104	0.01174	0.01026	0.00325	0.01043	0.00975	0.00982	0.01664

[dist]
# distance from previous block
# <min> <max>
0	2

[block]
# block no. 5 follows, 13 sequences, length 33
# corresponding to MSA columns:
# 557-589
name=unknown_F
#
# <colnr> <probs for GDERKNQSTAVLIFYWHMCP>
#	G	D	E	R	K	N	Q	S	T	A	V	L	I	F	Y	W	H	M	C	P
0	0.03149	0.02210	0.03293	0.15932	0.22132	0.02312	0.02480	0.08120	0.08106	0.17290	0.02808	0.03040	0.02030	0.01139	0.01057	0.00330	0.01147	0.00999	0.00815	0.01611
1	0.39864	0.01858	0.01859	0.01559	0.02229	0.01939	0.01275	0.03720	0.02359	0.23265	0.08051	0.03027	0.02584	0.01220	0.00861	0.00328	0.00814	0.00886	0.00940	0.01362
2	0.64331	0.01947	0.01526	0.01398	0.02000	0.02241	0.01131	0.02966	0.01819	0.04567	0.01850	0.06953	0.01652	0.01183	0.00715	0.00336	0.00800	0.00783	0.00683	0.01120
3	0.01791	0.01082	0.01273	0.01247	0.01324	0.01055	0.00753	0.01844	0.01714	0.06872	0.03646	0.11977	0.04042	0.51750	0.04617	0.00907	0.00974	0.01639	0.00732	0.00762
4	0.02039	0.01205	0.01560	0.01400	0.01760	0.01084	0.01075	0.02499	0.02940	0.13318	0.42115	0.07378	0.13346	0.02065	0.01215	0.00334	0.00573	0.01796	0.01171	0.01127
5	0.02505	0.02025	0.03215	0.44061	0.11564	0.02361	0.02752	0.07094	0.02471	0.08616	0.02177	0.02854	0.01591	0.01088	0.01057	0.00343	0.01322	0.00953	0.00609	0.01341
6	0.09487	0.41834	0.14206	0.06762	0.03352	0.03541	0.02209	0.03155	0.02125	0.02888	0.01580	0.01886	0.01337	0.00943	0.00765	0.00266	0.01199	0.00635	0.00473	0.01357
7	0.03340	0.01942	0.02306	0.01947	0.02572	0.01995	0.01542	0.10067	0.20334	0.23883	0.08626	0.09632	0.03786	0.01614	0.01110	0.00347	0.00846	0.01356	0.01158	0.01597
8	0.01288	0.00920	0.01227	0.01472	0.01534	0.00859	0.00981	0.01472	0.02024	0.02699	0.05828	0.62152	0.06993	0.03312	0.01350	0.00429	0.00613	0.03006	0.00981	0.00859
9	0.02360	0.01914	0.02738	0.02325	0.02866	0.01989	0.10741	0.03870	0.23863	0.08081	0.07414	0.19141	0.04272	0.01859	0.01188	0.00373	0.00936	0.01710	0.00976	0.01385
10	0.09241	0.02493	0.03295	0.03365	0.16622	0.07082	0.06418	0.09197	0.02922	0.24538	0.02831	0.02874	0.01976	0.01130	0.01031	0.00321	0.01174	0.00963	0.00896	0.01632
11	0.46507	0.02183	0.02320	0.01875	0.02615	0.02372	0.06262	0.08771	0.02396	0.12890	0.02068	0.02206	0.01487	0.01054	0.00818	0.00329	0.00961	0.00754	0.00787	0.01343
12	0.01522	0.01086	0.01460	0.01460	0.01567	0.01192	0.01024	0.01735	0.01629	0.02278	0.03050	0.05363	0.03168	0.31943	0.35357	0.01404	0.02042	0.01310	0.00599	0.00811
13	0.02222	0.01906	0.02206	0.01606	0.02522	0.01492	0.01281	0.02863	0.05733	0.03512	0.02044	0.02311	0.01679	0.00827	0.00803	0.00170	0.00787	0.00665	0.00657	0.64714
14	0.02304	0.02097	0.03190	0.40302	0.10121	0.02544	0.02704	0.07116	0.07633	0.03248	0.02146	0.02850	0.01646	0.01172	0.01266	0.00356	0.06440	0.00966	0.00583	0.01316
15	0.01288	0.00920	0.01227	0.01472	0.01534	0.00859	0.00981	0.01472	0.02024	0.02699	0.05828	0.62152	0.06993	0.03312	0.01350	0.00429	0.00613	0.03006	0.00981	0.00859
16	0.03029	0.01445	0.01899	0.01661	0.02198	0.01284	0.01360	0.03441	0.02796	0.28773	0.13529	0.07042	0.14153	0.01996	0.01201	0.00364	0.00786	0.10527	0.01163	0.01354
17	0.26860	0.08715	0.02873	0.07668	0.03176	0.07345	0.06018	0.06383	0.06126	0.08351	0.05361	0.02673	0.02094	0.01130	0.00896	0.00319	0.01094	0.00863	0.00734	0.01322
18	0.02222	0.01198	0.01552	0.01535	0.01862	0.01070	0.01143	0.02499	0.02385	0.17154	0.06268	0.34169	0.14707	0.02642	0.01262	0.00392	0.00696	0.05054	0.01068	0.01121
