[name]
unknown

[dist]
# distance from previous block
# <min> <max>
5	67

[block]
# block no. 0 follows, 16 sequences, length 6
# corresponding to MSA columns:
# 86-91
name=unknown_A
#
# <colnr> <probs for GDERKNQSTAVLIFYWHMCP>
#	G	D	E	R	K	N	Q	S	T	A	V	L	I	F	Y	W	H	M	C	P
0	0.02690	0.38620	0.14452	0.02164	0.03106	0.03045	0.08836	0.03215	0.02137	0.10778	0.01843	0.02020	0.01433	0.00896	0.00789	0.00253	0.01150	0.00696	0.00534	0.01342
1	0.01916	0.01097	0.01200	0.01108	0.01430	0.01049	0.00851	0.05333	0.02376	0.08195	0.12568	0.05261	0.15673	0.01544	0.00885	0.00269	0.00526	0.01274	0.36455	0.00990
2	0.02300	0.01218	0.01700	0.06059	0.02252	0.01157	0.01338	0.02628	0.02231	0.20694	0.04561	0.29496	0.04606	0.02235	0.01158	0.00371	0.00769	0.13170	0.00958	0.01100
3	0.03128	0.01823	0.02167	0.08600	0.02821	0.07082	0.01527	0.03514	0.02435	0.30068	0.03332	0.09682	0.02689	0.01389	0.00984	0.00297	0.00927	0.05295	0.00905	0.11336
4	0.02524	0.01370	0.01649	0.01415	0.01804	0.01360	0.01086	0.10289	0.02524	0.17412	0.11103	0.04348	0.03460	0.12768	0.06725	0.00497	0.00892	0.01134	0.16505	0.01134
5	0.48445	0.02034	0.02096	0.01714	0.02382	0.02238	0.06678	0.08084	0.06745	0.04282	0.01746	0.01950	0.01335	0.00938	0.00729	0.00293	0.00867	0.00670	0.00654	0.06122

[dist]
# distance from previous block
# <min> <max>
0	1

[block]
# block no. 1 follows, 16 sequences, length 9
# corresponding to MSA columns:
# 93-101
name=unknown_B
#
# <colnr> <probs for GDERKNQSTAVLIFYWHMCP>
#	G	D	E	R	K	N	Q	S	T	A	V	L	I	F	Y	W	H	M	C	P
0	0.13934	0.14598	0.06635	0.05059	0.06078	0.02159	0.01567	0.02912	0.06371	0.07078	0.02099	0.02709	0.01790	0.09709	0.01331	0.00345	0.00933	0.00780	0.00601	0.13311
1	0.01627	0.01033	0.01296	0.01312	0.01527	0.00990	0.00951	0.02103	0.05746	0.07272	0.22450	0.29866	0.06274	0.02199	0.01097	0.00331	0.00544	0.01950	0.10479	0.00952
2	0.02475	0.02139	0.02355	0.02071	0.02563	0.02535	0.01638	0.08960	0.46118	0.03989	0.03452	0.03309	0.02624	0.01354	0.01282	0.00339	0.09367	0.01044	0.00909	0.01479
3	0.02382	0.02797	0.12546	0.03515	0.04408	0.02411	0.37675	0.03125	0.02187	0.07547	0.01987	0.02526	0.01485	0.00978	0.01371	0.00335	0.09847	0.01033	0.00527	0.01318
4	0.09015	0.00956	0.01157	0.01341	0.01457	0.00939	0.00916	0.01514	0.01833	0.02679	0.04905	0.58333	0.05824	0.02803	0.01167	0.00383	0.00583	0.02511	0.00867	0.00816
5	0.08857	0.01809	0.02283	0.01763	0.02506	0.01689	0.01456	0.11623	0.02940	0.49420	0.03455	0.03051	0.02207	0.01175	0.00949	0.00299	0.00852	0.00931	0.01128	0.01609
6	0.01372	0.00998	0.01404	0.01424	0.01547	0.01111	0.01040	0.01623	0.01550	0.02185	0.02949	0.09936	0.03035	0.20369	0.43473	0.01311	0.02032	0.01279	0.00569	0.00794
7	0.02492	0.20303	0.03049	0.01831	0.02299	0.02505	0.01578	0.07553	0.02245	0.10672	0.08077	0.03201	0.05373	0.02010	0.08088	0.00440	0.15469	0.00945	0.00674	0.01197
8	0.20118	0.11972	0.03069	0.12227	0.07366	0.16021	0.06742	0.03014	0.02121	0.03020	0.01742	0.02446	0.01487	0.01012	0.00840	0.00288	0.01222	0.03624	0.00521	0.01148

[dist]
# distance from previous block
# <min> <max>
1	14

[block]
# block no. 2 follows, 16 sequences, length 15
# corresponding to MSA columns:
# 116-130
name=unknown_C
#
# <colnr> <probs for GDERKNQSTAVLIFYWHMCP>
#	G	D	E	R	K	N	Q	S	T	A	V	L	I	F	Y	W	H	M	C	P
0	0.14361	0.02378	0.15262	0.06403	0.02779	0.01865	0.01814	0.06742	0.09212	0.03793	0.18179	0.04016	0.06642	0.01357	0.00952	0.00309	0.00878	0.01104	0.00761	0.01193
1	0.13768	0.01035	0.01190	0.01327	0.01491	0.01040	0.00927	0.01649	0.01886	0.02909	0.08684	0.49771	0.05674	0.02582	0.01118	0.00371	0.00587	0.02289	0.00860	0.00843
2	0.01672	0.01057	0.01349	0.01251	0.01544	0.00951	0.00947	0.02070	0.02611	0.10203	0.42142	0.10781	0.15644	0.02028	0.01130	0.00313	0.00512	0.01769	0.01047	0.00978
3	0.72785	0.01874	0.01425	0.01275	0.01874	0.02174	0.01050	0.02849	0.01649	0.04348	0.01350	0.01574	0.01050	0.00900	0.00600	0.00300	0.00750	0.00525	0.00600	0.01050
4	0.03826	0.01534	0.02082	0.01636	0.02294	0.01335	0.01335	0.04215	0.02769	0.50612	0.13579	0.03991	0.03584	0.01337	0.01004	0.00301	0.00760	0.01111	0.01176	0.01520
5	0.01344	0.01183	0.01369	0.01285	0.01543	0.01208	0.01001	0.01610	0.02148	0.02724	0.14410	0.07805	0.43085	0.02263	0.01503	0.00342	0.11667	0.01799	0.00837	0.00873
6	0.03746	0.01624	0.02148	0.01761	0.02415	0.01492	0.01456	0.04396	0.08906	0.46251	0.04018	0.04391	0.02902	0.01417	0.01026	0.00323	0.00828	0.08237	0.01133	0.01532
7	0.02040	0.01250	0.01394	0.01285	0.01626	0.01290	0.00986	0.03008	0.15028	0.08222	0.16587	0.04441	0.04149	0.01377	0.00880	0.00274	0.00554	0.01152	0.33349	0.01108
8	0.14289	0.01749	0.02647	0.52664	0.05832	0.02157	0.02403	0.02542	0.01887	0.02805	0.01657	0.02407	0.01249	0.00957	0.00904	0.00319	0.01197	0.00802	0.00460	0.01072
9	0.01354	0.00953	0.01233	0.01372	0.01451	0.00976	0.00960	0.01571	0.01855	0.02644	0.04677	0.50561	0.05385	0.02628	0.01300	0.00369	0.05508	0.02312	0.12065	0.00827
10	0.01944	0.05013	0.60917	0.02762	0.04195	0.02251	0.03581	0.03069	0.02046	0.03069	0.01739	0.02046	0.01228	0.00921	0.00921	0.00307	0.01432	0.00716	0.00409	0.01432
11	0.02113	0.01863	0.03002	0.06938	0.21326	0.04169	0.10042	0.02587	0.02176	0.06344	0.03224	0.18975	0.03256	0.01649	0.01100	0.00341	0.01058	0.07957	0.00678	0.01201
12	0.02283	0.06376	0.03586	0.02639	0.03306	0.05995	0.21801	0.06173	0.14600	0.03252	0.03690	0.03849	0.11957	0.01292	0.01161	0.00318	0.04581	0.01189	0.00689	0.01261
13	0.14922	0.01854	0.02448	0.01817	0.02627	0.01627	0.08562	0.03038	0.02130	0.14351	0.02091	0.02261	0.01557	0.00855	0.00803	0.00225	0.00866	0.00718	0.00687	0.36559
14	0.12132	0.07390	0.11362	0.02311	0.05861	0.11539	0.06632	0.03024	0.05698	0.06586	0.02672	0.15498	0.02522	0.01400	0.00943	0.00310	0.01098	0.01177	0.00651	0.01195

[dist]
# distance from previous block
# <min> <max>
1	4

[block]
# block no. 3 follows, 16 sequences, length 31
# corresponding to MSA columns:
# 135-165
name=unknown_D
#
# <colnr> <probs for GDERKNQSTAVLIFYWHMCP>
#	G	D	E	R	K	N	Q	S	T	A	V	L	I	F	Y	W	H	M	C	P
0	0.06969	0.01636	0.02176	0.11289	0.02985	0.01512	0.01506	0.03646	0.02414	0.34626	0.03449	0.03320	0.06164	0.01158	0.00923	0.00279	0.00852	0.00944	0.00921	0.13230
1	0.01966	0.01855	0.03225	0.23996	0.22244	0.01962	0.09055	0.02569	0.02246	0.03088	0.14606	0.03564	0.03138	0.01142	0.01026	0.00308	0.01104	0.01095	0.00595	0.01215
2	0.01781	0.01138	0.01689	0.01625	0.01891	0.01052	0.05066	0.02100	0.02195	0.11063	0.13321	0.37277	0.05824	0.02412	0.01189	0.00367	0.00695	0.07398	0.00938	0.00978
3	0.01735	0.01599	0.01744	0.01705	0.01929	0.10738	0.01315	0.02066	0.01744	0.02269	0.02424	0.03485	0.02239	0.06287	0.52510	0.01353	0.02463	0.00974	0.00516	0.00906
4	0.01149	0.00966	0.00998	0.01023	0.01320	0.00815	0.00755	0.01386	0.02169	0.02602	0.09312	0.15661	0.53493	0.02520	0.01156	0.00335	0.00499	0.02126	0.00900	0.00815
5	0.02019	0.01118	0.01432	0.01430	0.01742	0.01039	0.01147	0.02381	0.02268	0.14243	0.08117	0.17001	0.11603	0.02140	0.01112	0.00352	0.00681	0.17166	0.11993	0.01016
6	0.02149	0.01790	0.01941	0.01807	0.02256	0.02002	0.01395	0.06887	0.39335	0.03751	0.04567	0.14020	0.07670	0.01733	0.01055	0.00343	0.00738	0.04264	0.00960	0.01336
7	0.01206	0.00863	0.01147	0.01332	0.01411	0.00804	0.00902	0.01413	0.01973	0.02661	0.12507	0.57607	0.06773	0.02897	0.01225	0.00382	0.00548	0.02622	0.00922	0.00804
8	0.72785	0.01874	0.01425	0.01275	0.01874	0.02174	0.01050	0.02849	0.01649	0.04348	0.01350	0.01574	0.01050	0.00900	0.00600	0.00300	0.00750	0.00525	0.00600	0.01050
9	0.01372	0.00991	0.01296	0.01219	0.01448	0.00914	0.00914	0.01829	0.02743	0.03887	0.59381	0.07240	0.09145	0.01981	0.01143	0.00305	0.00457	0.01753	0.01067	0.00914
10	0.01242	0.00902	0.01255	0.01412	0.01503	0.00915	0.00993	0.01464	0.01766	0.02407	0.04518	0.46846	0.05213	0.04307	0.19505	0.00743	0.01173	0.02240	0.00785	0.00811
11	0.03982	0.01661	0.02212	0.01679	0.02446	0.01404	0.01381	0.04366	0.02654	0.51574	0.03495	0.03097	0.02248	0.01124	0.00934	0.00275	0.00808	0.00912	0.01102	0.12645
12	0.07096	0.01734	0.01968	0.01424	0.02267	0.01355	0.01141	0.02470	0.01984	0.03244	0.01696	0.01978	0.01408	0.00731	0.00709	0.00155	0.00720	0.00571	0.00576	0.66774
13	0.01668	0.01411	0.02074	0.06304	0.02306	0.01801	0.01575	0.01938	0.01541	0.02251	0.02054	0.03130	0.01929	0.04792	0.35072	0.06207	0.21610	0.00952	0.00476	0.00909
14	0.01830	0.01723	0.02907	0.63609	0.06675	0.02153	0.02692	0.02476	0.01938	0.02476	0.01723	0.02584	0.01292	0.00969	0.00969	0.00323	0.01292	0.00861	0.00431	0.01077
15	0.13557	0.14618	0.02929	0.20050	0.03687	0.11333	0.01856	0.08750	0.02347	0.06009	0.01805	0.02170	0.01396	0.00977	0.00816	0.00277	0.01134	0.00718	0.04380	0.01192
16	0.14340	0.01346	0.01727	0.18628	0.02981	0.01525	0.01472	0.02177	0.01843	0.02923	0.02842	0.08559	0.02781	0.10972	0.04758	0.00484	0.00998	0.09191	0.09530	0.00921
17	0.52520	0.01859	0.01817	0.04604	0.06372	0.02052	0.01330	0.03166	0.01898	0.13941	0.01831	0.01980	0.01330	0.00952	0.00708	0.00300	0.00817	0.00643	0.00687	0.01190
18	0.01492	0.01029	0.01154	0.01131	0.01452	0.00881	0.00844	0.01752	0.02246	0.08575	0.11768	0.17343	0.42063	0.02387	0.01142	0.00333	0.00534	0.02028	0.00941	0.00904
19	0.57068	0.01823	0.01614	0.01378	0.02012	0.02002	0.01136	0.03279	0.01908	0.17259	0.01918	0.01970	0.01360	0.00969	0.00686	0.00300	0.00767	0.00628	0.00738	0.01187
20	0.03161	0.05205	0.02721	0.11663	0.03345	0.02485	0.01818	0.24106	0.16402	0.14674	0.02839	0.02811	0.02019	0.01160	0.00958	0.00303	0.00986	0.00925	0.00905	0.01513
21	0.02095	0.01732	0.02922	0.25337	0.15273	0.01829	0.07935	0.02614	0.02120	0.08599	0.03140	0.12938	0.06525	0.01388	0.01041	0.00326	0.01081	0.01287	0.00633	0.01185
22	0.01240	0.00886	0.01193	0.01418	0.01500	0.00839	0.01003	0.01453	0.01914	0.02541	0.05309	0.56791	0.06280	0.02980	0.01253	0.00402	0.00614	0.10681	0.00899	0.00804
23	0.01181	0.00843	0.01125	0.01350	0.01406	0.00787	0.00900	0.01350	0.01856	0.02474	0.05342	0.65306	0.06410	0.03036	0.01237	0.00394	0.00562	0.02755	0.00900	0.00787
24	0.06964	0.02513	0.12087	0.16018	0.08164	0.02270	0.09954	0.07084	0.08901	0.06426	0.02305	0.02951	0.01801	0.01119	0.01102	0.00326	0.04623	0.03461	0.00619	0.01313
25	0.02253	0.02352	0.03347	0.24365	0.07491	0.09304	0.10791	0.02920	0.06092	0.02679	0.01789	0.02442	0.01445	0.01151	0.01542	0.00339	0.17146	0.00892	0.00489	0.01172
26	0.02850	0.01690	0.01991	0.01644	0.02173	0.01717	0.01314	0.16735	0.08667	0.18673	0.19805	0.04282	0.04268	0.01426	0.00994	0.00294	0.00733	0.01184	0.08216	0.01345
27	0.01211	0.00867	0.01151	0.01329	0.01412	0.00807	0.00902	0.01425	0.01995	0.02695	0.13804	0.56213	0.06838	0.02871	0.01222	0.00380	0.00546	0.02598	0.00926	0.00807
28	0.07855	0.17789	0.06495	0.02234	0.02978	0.20459	0.07317	0.06507	0.02516	0.14146	0.02012	0.02130	0.01502	0.00979	0.00853	0.00266	0.01273	0.00733	0.00643	0.01313
29	0.02902	0.02286	0.12799	0.01939	0.02643	0.01791	0.01827	0.11641	0.02698	0.23362	0.07450	0.03993	0.06428	0.01831	0.05584	0.00408	0.04261	0.03895	0.00885	0.01374
30	0.12333	0.01401	0.01682	0.01400	0.01923	0.01320	0.01124	0.03417	0.02466	0.30618	0.13916	0.03884	0.03520	0.01294	0.00896	0.00286	0.00668	0.01048	0.15529	0.01277

[dist]
# distance from previous block
# <min> <max>
0	2

[block]
# block no. 4 follows, 16 sequences, length 24
# corresponding to MSA columns:
# 168-191
name=unknown_E
#
# <colnr> <probs for GDERKNQSTAVLIFYWHMCP>
#	G	D	E	R	K	N	Q	S	T	A	V	L	I	F	Y	W	H	M	C	P
0	0.09751	0.07067	0.15675	0.13976	0.10764	0.05750	0.13841	0.03069	0.02133	0.06406	0.01835	0.02278	0.01378	0.00914	0.00928	0.00301	0.01302	0.00826	0.00510	0.01297
1	0.02223	0.42506	0.03754	0.01621	0.02226	0.02912	0.01457	0.02797	0.08824	0.02545	0.02646	0.17454	0.02722	0.01430	0.00818	0.00268	0.00887	0.01138	0.00604	0.01167
2	0.02745	0.01881	0.04959	0.01620	0.02457	0.01445	0.01374	0.03328	0.05546	0.20758	0.02497	0.02500	0.01810	0.00910	0.00822	0.00210	0.00788	0.00734	0.00782	0.42835
3	0.02552	0.03575	0.22773	0.02218	0.02985	0.16256	0.02179	0.13077	0.02547	0.03217	0.02087	0.02987	0.01824	0.15482	0.01814	0.00431	0.01328	0.00879	0.00577	0.01212
4	0.01606	0.01066	0.01232	0.01144	0.01494	0.00922	0.00874	0.01931	0.02439	0.10101	0.24029	0.07959	0.37319	0.02158	0.01124	0.00317	0.00522	0.01826	0.00987	0.00949
5	0.02301	0.02669	0.18582	0.02416	0.08717	0.01995	0.02124	0.09591	0.08359	0.07039	0.10945	0.03328	0.02902	0.01232	0.01079	0.00302	0.04721	0.00991	0.09379	0.01328
6	0.02718	0.16284	0.26057	0.06303	0.03604	0.02499	0.05108	0.08925	0.02435	0.13984	0.02122	0.02274	0.01511	0.00978	0.00889	0.00286	0.01200	0.00771	0.00623	0.01428
7	0.03807	0.01530	0.02076	0.01632	0.02287	0.01332	0.01332	0.04196	0.02768	0.50246	0.13938	0.04016	0.03627	0.01342	0.01005	0.00301	0.00758	0.01116	0.01175	0.01516
8	0.01647	0.01358	0.02191	0.01883	0.02194	0.01407	0.10445	0.04734	0.01974	0.02744	0.09663	0.07953	0.03463	0.14949	0.27874	0.00957	0.01692	0.01298	0.00638	0.00935
9	0.01368	0.00901	0.01201	0.01356	0.01467	0.00834	0.00929	0.01576	0.01992	0.05693	0.10624	0.56257	0.06469	0.02834	0.01214	0.00380	0.00566	0.02561	0.00932	0.00846
10	0.02120	0.02120	0.02969	0.02545	0.02545	0.02969	0.02120	0.02332	0.01484	0.02332	0.01272	0.02120	0.01272	0.01696	0.03181	0.00424	0.64165	0.00848	0.00424	0.01060
11	0.01372	0.00991	0.01296	0.01219	0.01448	0.00914	0.00914	0.01829	0.02743	0.03887	0.59381	0.07240	0.09145	0.01981	0.01143	0.00305	0.00457	0.01753	0.01067	0.00914
12	0.02193	0.02392	0.04746	0.11026	0.04687	0.02533	0.37397	0.02851	0.02061	0.02851	0.01774	0.02498	0.01403	0.01037	0.01588	0.00349	0.15882	0.01042	0.00468	0.01223
13	0.01943	0.01541	0.01728	0.01537	0.01980	0.01604	0.01185	0.03378	0.26425	0.03841	0.22563	0.04659	0.04839	0.01450	0.00975	0.00287	0.00622	0.01237	0.08333	0.09873
14	0.22312	0.05730	0.02492	0.01948	0.02590	0.18285	0.05146	0.08309	0.02472	0.10503	0.02398	0.02502	0.05180	0.01069	0.00835	0.00275	0.01113	0.00783	0.00683	0.05376
15	0.03513	0.11105	0.02991	0.02409	0.02943	0.55948	0.01850	0.03769	0.02665	0.02362	0.01482	0.01728	0.01248	0.00981	0.00848	0.00245	0.01673	0.00613	0.00490	0.01136
16	0.06980	0.17141	0.23333	0.01995	0.02901	0.02355	0.02137	0.03285	0.09008	0.10052	0.02710	0.02929	0.05174	0.04721	0.01087	0.00323	0.01060	0.00857	0.00630	0.01321
17	0.02630	0.13062	0.31951	0.02527	0.03652	0.02396	0.08896	0.06426	0.02343	0.13924	0.02132	0.02291	0.01502	0.00961	0.00915	0.00292	0.01262	0.00794	0.00600	0.01443
18	0.04132	0.01604	0.02164	0.01674	0.02395	0.01384	0.01378	0.04498	0.02736	0.56648	0.04229	0.03706	0.06258	0.01284	0.00986	0.00302	0.00802	0.01047	0.01179	0.01593
19	0.01325	0.01123	0.01569	0.01464	0.01761	0.01011	0.06657	0.01620	0.02112	0.02675	0.09827	0.22731	0.30923	0.05981	0.01392	0.00384	0.00676	0.05063	0.00848	0.00858
20	0.02876	0.06543	0.09575	0.14397	0.09604	0.02250	0.02148	0.13566	0.06310	0.15778	0.02490	0.02658	0.01779	0.01060	0.00927	0.00294	0.01057	0.00866	0.04392	0.01428
21	0.01380	0.00905	0.01096	0.01153	0.01167	0.00891	0.00693	0.01379	0.01507	0.02009	0.03488	0.20884	0.04060	0.43490	0.03879	0.08227	0.00834	0.01690	0.00649	0.00620
22	0.01385	0.01038	0.01558	0.01558	0.01731	0.01211	0.01211	0.01731	0.01558	0.02250	0.02596	0.03808	0.02423	0.07269	0.62098	0.01558	0.02596	0.01038	0.00519	0.00865
23	0.06577	0.02489	0.10330	0.11139	0.11214	0.02201	0.19072	0.06280	0.05046	0.09362	0.02222	0.02610	0.01632	0.00959	0.00982	0.00308	0.01237	0.00939	0.04049	0.01352

[dist]
# distance from previous block
# <min> <max>
0	4

[block]
# block no. 5 follows, 16 sequences, length 15
# corresponding to MSA columns:
# 196-210
name=unknown_F
#
# <colnr> <probs for GDERKNQSTAVLIFYWHMCP>
#	G	D	E	R	K	N	Q	S	T	A	V	L	I	F	Y	W	H	M	C	P
0	0.12527	0.01938	0.02841	0.39326	0.13400	0.02271	0.02400	0.08480	0.02219	0.03246	0.01748	0.02381	0.01331	0.00964	0.00913	0.00311	0.01167	0.00813	0.00521	0.01202
1	0.02096	0.01342	0.01851	0.06450	0.02166	0.01398	0.03668	0.02320	0.01858	0.13553	0.03586	0.05079	0.08834	0.29445	0.05564	0.00648	0.07221	0.01267	0.00705	0.00950
2	0.66200	0.01853	0.01504	0.01318	0.01932	0.02102	0.01086	0.03029	0.01758	0.09757	0.01588	0.01740	0.01179	0.00929	0.00636	0.00300	0.00757	0.00568	0.00657	0.01107
3	0.01409	0.00940	0.01057	0.01057	0.01057	0.00940	0.00587	0.01409	0.01409	0.01879	0.03054	0.06342	0.03524	0.65938	0.04933	0.00940	0.00940	0.01409	0.00587	0.00587
4	0.02045	0.03526	0.33324	0.02777	0.08269	0.02143	0.05851	0.06808	0.02342	0.03395	0.12028	0.03061	0.02713	0.01179	0.01160	0.00314	0.06198	0.00960	0.00580	0.01328
5	0.02176	0.01756	0.06396	0.07659	0.12615	0.01510	0.04387	0.02700	0.02466	0.13391	0.23186	0.04918	0.09797	0.01477	0.01051	0.00306	0.00842	0.01311	0.00844	0.01212
6	0.30237	0.06778	0.05860	0.05006	0.02806	0.07200	0.05883	0.03460	0.02157	0.18963	0.02121	0.02215	0.01501	0.00982	0.00806	0.00293	0.01012	0.00732	0.00712	0.01275
7	0.13160	0.03916	0.40936	0.02320	0.03507	0.02077	0.02773	0.03167	0.02061	0.09508	0.01904	0.02106	0.01343	0.00933	0.00862	0.00293	0.01207	0.00704	0.00537	0.06685
8	0.01729	0.01623	0.05684	0.06509	0.02357	0.01526	0.01415	0.02882	0.18717	0.03615	0.28869	0.11758	0.05885	0.01749	0.01079	0.00323	0.00691	0.01529	0.00930	0.01129
9	0.01533	0.01020	0.01266	0.01222	0.01492	0.00911	0.00909	0.01880	0.02457	0.08134	0.32621	0.17231	0.21254	0.02216	0.01145	0.00325	0.00515	0.01932	0.01006	0.00930
10	0.02162	0.02053	0.08182	0.08256	0.10799	0.01627	0.05612	0.02686	0.02103	0.08329	0.02447	0.10972	0.02191	0.01151	0.00919	0.00257	0.00952	0.01031	0.00629	0.27644
11	0.31630	0.18910	0.02907	0.02115	0.07881	0.17017	0.01587	0.03120	0.02048	0.03236	0.01430	0.01691	0.01193	0.00902	0.00706	0.00263	0.01101	0.00580	0.00517	0.01163
12	0.01385	0.01038	0.01558	0.01558	0.01731	0.01211	0.01211	0.01731	0.01558	0.02250	0.02596	0.03808	0.02423	0.07269	0.62098	0.01558	0.02596	0.01038	0.00519	0.00865
13	0.01385	0.01038	0.01558	0.01558	0.01731	0.01211	0.01211	0.01731	0.01558	0.02250	0.02596	0.03808	0.02423	0.07269	0.62098	0.01558	0.02596	0.01038	0.00519	0.00865
14	0.09934	0.02143	0.03394	0.12005	0.42908	0.02195	0.02595	0.02861	0.02099	0.03211	0.01752	0.02302	0.01446	0.00869	0.00903	0.00283	0.01092	0.00805	0.00494	0.06708

[dist]
# distance from previous block
# <min> <max>
2	24

[block]
# block no. 6 follows, 16 sequences, length 12
# corresponding to MSA columns:
# 235-246
name=unknown_G
#
# <colnr> <probs for GDERKNQSTAVLIFYWHMCP>
#	G	D	E	R	K	N	Q	S	T	A	V	L	I	F	Y	W	H	M	C	P
0	0.02988	0.23991	0.15125	0.02328	0.06287	0.09393	0.02142	0.12713	0.02644	0.10851	0.01968	0.02088	0.01481	0.00976	0.00836	0.00263	0.01178	0.00712	0.00627	0.01409
1	0.11338	0.01743	0.01933	0.01414	0.02241	0.01408	0.01135	0.02494	0.01962	0.03315	0.01673	0.01952	0.01385	0.00742	0.00702	0.00164	0.00722	0.00568	0.00578	0.62530
2	0.11426	0.11642	0.02402	0.01448	0.02270	0.01797	0.01213	0.02565	0.01956	0.03181	0.01616	0.01883	0.01355	0.00759	0.00688	0.00174	0.00771	0.00559	0.00553	0.51741
3	0.02758	0.56773	0.04747	0.01746	0.02567	0.03708	0.01686	0.11115	0.02365	0.02865	0.01497	0.01673	0.01306	0.00880	0.00675	0.00220	0.01041	0.00572	0.00499	0.01306
4	0.04348	0.01649	0.02249	0.01724	0.02474	0.01425	0.01425	0.04723	0.02774	0.60564	0.03824	0.03299	0.02399	0.01200	0.00975	0.00300	0.00825	0.00975	0.01200	0.01649
5	0.01715	0.01053	0.01405	0.01325	0.01588	0.00977	0.00995	0.02110	0.02532	0.10661	0.40275	0.15675	0.07439	0.02388	0.05034	0.00398	0.00657	0.01768	0.01022	0.00983
6	0.01320	0.00996	0.01228	0.01276	0.01472	0.00938	0.00915	0.01764	0.05636	0.03118	0.26085	0.30465	0.16292	0.02442	0.01171	0.00345	0.00523	0.02162	0.00967	0.00885
7	0.01210	0.00865	0.01159	0.01383	0.01452	0.00813	0.00951	0.01401	0.01885	0.02507	0.05326	0.61087	0.06346	0.03009	0.01245	0.00398	0.00588	0.06683	0.00899	0.00795
8	0.02360	0.02091	0.06245	0.30859	0.08235	0.02171	0.02274	0.15191	0.02716	0.06220	0.09565	0.03125	0.02472	0.01148	0.00989	0.00309	0.01108	0.00978	0.00677	0.01266
9	0.01748	0.01541	0.02484	0.14381	0.23915	0.01594	0.01990	0.02153	0.02000	0.02730	0.03386	0.30706	0.03682	0.01859	0.01086	0.00342	0.00912	0.01713	0.00660	0.01116
10	0.02507	0.12038	0.12293	0.09479	0.18244	0.06160	0.04866	0.03087	0.02187	0.08359	0.01893	0.02243	0.01468	0.00898	0.00878	0.00264	0.01165	0.00760	0.00537	0.10672
11	0.01239	0.00885	0.01191	0.01416	0.01498	0.00837	0.01001	0.01450	0.01913	0.02539	0.05310	0.56999	0.06283	0.02982	0.01253	0.00402	0.00613	0.10488	0.00899	0.00803

[dist]
# distance from previous block
# <min> <max>
0	506

# created by:
# /st0/software/busco_prod/Augustus/scripts/msa2prfl.pl ./align_prep/8001.fa
