[name]
unknown

[dist]
# distance from previous block
# <min> <max>
0	682

[block]
# block no. 0 follows, 16 sequences, length 32
# corresponding to MSA columns:
# 913-944
name=unknown_A
#
# <colnr> <probs for GDERKNQSTAVLIFYWHMCP>
#	G	D	E	R	K	N	Q	S	T	A	V	L	I	F	Y	W	H	M	C	P
0	0.02359	0.02263	0.03863	0.09935	0.56214	0.02292	0.02955	0.02940	0.02188	0.03119	0.01816	0.02412	0.01518	0.00871	0.00960	0.00290	0.01161	0.00863	0.00476	0.01504
1	0.02239	0.02065	0.03145	0.04098	0.36269	0.01888	0.02226	0.02755	0.02126	0.03163	0.01782	0.02239	0.01494	0.00804	0.00860	0.00229	0.00974	0.00745	0.00518	0.30381
2	0.02126	0.01527	0.01585	0.01469	0.01865	0.01701	0.01131	0.03788	0.31711	0.03847	0.03576	0.03615	0.02735	0.01227	0.00841	0.00280	0.00618	0.01005	0.34117	0.01237
3	0.01181	0.00843	0.01125	0.01350	0.01406	0.00787	0.00900	0.01350	0.01856	0.02474	0.05342	0.65306	0.06410	0.03036	0.01237	0.00394	0.00562	0.02755	0.00900	0.00787
4	0.01372	0.00991	0.01296	0.01219	0.01448	0.00914	0.00914	0.01829	0.02743	0.03887	0.59381	0.07240	0.09145	0.01981	0.01143	0.00305	0.00457	0.01753	0.01067	0.00914
5	0.01181	0.00843	0.01125	0.01350	0.01406	0.00787	0.00900	0.01350	0.01856	0.02474	0.05342	0.65306	0.06410	0.03036	0.01237	0.00394	0.00562	0.02755	0.00900	0.00787
6	0.02591	0.66522	0.05079	0.01658	0.02488	0.03835	0.01658	0.02902	0.01969	0.02280	0.01347	0.01555	0.01244	0.00829	0.00622	0.00207	0.01036	0.00518	0.00415	0.01244
7	0.01181	0.00843	0.01125	0.01350	0.01406	0.00787	0.00900	0.01350	0.01856	0.02474	0.05342	0.65306	0.06410	0.03036	0.01237	0.00394	0.00562	0.02755	0.00900	0.00787
8	0.02591	0.66522	0.05079	0.01658	0.02488	0.03835	0.01658	0.02902	0.01969	0.02280	0.01347	0.01555	0.01244	0.00829	0.00622	0.00207	0.01036	0.00518	0.00415	0.01244
9	0.01944	0.05013	0.60917	0.02762	0.04195	0.02251	0.03581	0.03069	0.02046	0.03069	0.01739	0.02046	0.01228	0.00921	0.00921	0.00307	0.01432	0.00716	0.00409	0.01432
10	0.02411	0.02082	0.02192	0.01972	0.02520	0.02411	0.01534	0.05150	0.58142	0.04054	0.03945	0.03616	0.02959	0.01315	0.00986	0.00329	0.00767	0.01096	0.00986	0.01534
11	0.01181	0.00843	0.01125	0.01350	0.01406	0.00787	0.00900	0.01350	0.01856	0.02474	0.05342	0.65306	0.06410	0.03036	0.01237	0.00394	0.00562	0.02755	0.00900	0.00787
12	0.01372	0.00991	0.01296	0.01219	0.01448	0.00914	0.00914	0.01829	0.02743	0.03887	0.59381	0.07240	0.09145	0.01981	0.01143	0.00305	0.00457	0.01753	0.01067	0.00914
13	0.02120	0.02120	0.02969	0.02545	0.02545	0.02969	0.02120	0.02332	0.01484	0.02332	0.01272	0.02120	0.01272	0.01696	0.03181	0.00424	0.64165	0.00848	0.00424	0.01060
14	0.03684	0.02715	0.02909	0.02230	0.03006	0.03006	0.01842	0.56661	0.04557	0.06108	0.02327	0.02327	0.01648	0.01163	0.00970	0.00291	0.01067	0.00873	0.00970	0.01648
15	0.03684	0.02715	0.02909	0.02230	0.03006	0.03006	0.01842	0.56661	0.04557	0.06108	0.02327	0.02327	0.01648	0.01163	0.00970	0.00291	0.01067	0.00873	0.00970	0.01648
16	0.01409	0.00940	0.01057	0.01057	0.01057	0.00940	0.00587	0.01409	0.01409	0.01879	0.03054	0.06342	0.03524	0.65938	0.04933	0.00940	0.00940	0.01409	0.00587	0.00587
17	0.02291	0.02193	0.03739	0.16913	0.49773	0.02274	0.02921	0.02880	0.02156	0.03035	0.01804	0.02434	0.01489	0.00884	0.00961	0.00295	0.01178	0.00863	0.00470	0.01448
18	0.02010	0.01723	0.02010	0.01436	0.02297	0.01292	0.01148	0.02440	0.02010	0.03158	0.01723	0.02010	0.01436	0.00718	0.00718	0.00144	0.00718	0.00574	0.00574	0.71863
19	0.01281	0.00987	0.01169	0.01124	0.01392	0.00876	0.00843	0.01653	0.02528	0.03376	0.39415	0.08081	0.29430	0.02172	0.01144	0.00314	0.00471	0.01871	0.01000	0.00876
20	0.02323	0.01715	0.02030	0.01571	0.02327	0.01445	0.01267	0.03058	0.09647	0.10478	0.02546	0.03072	0.02079	0.01009	0.00834	0.00211	0.00751	0.04744	0.00732	0.48162
21	0.07957	0.03692	0.02978	0.07214	0.03400	0.39440	0.07828	0.07102	0.02681	0.06362	0.01751	0.02027	0.01359	0.00993	0.00905	0.00273	0.01534	0.00730	0.00573	0.01201
22	0.02593	0.01868	0.02183	0.01599	0.02432	0.01578	0.01295	0.11224	0.02513	0.11518	0.02106	0.02237	0.01601	0.00854	0.00792	0.00188	0.00787	0.00676	0.00722	0.51234
23	0.02673	0.61600	0.04893	0.01725	0.02528	0.08463	0.01675	0.02979	0.02031	0.02288	0.01359	0.01570	0.01244	0.00843	0.00642	0.00211	0.01093	0.00527	0.00421	0.01234
24	0.01388	0.01023	0.01479	0.01479	0.01625	0.01169	0.01114	0.01681	0.01534	0.02192	0.02668	0.04204	0.02595	0.16433	0.53168	0.01461	0.02337	0.01096	0.00530	0.00822
25	0.01162	0.00982	0.01004	0.00999	0.01319	0.00825	0.00749	0.01422	0.02247	0.02709	0.13362	0.09178	0.55899	0.02421	0.01145	0.00326	0.00489	0.02025	0.00912	0.00825
26	0.01219	0.00952	0.01106	0.01137	0.01372	0.00839	0.00826	0.01508	0.02282	0.02953	0.23160	0.21778	0.32501	0.02453	0.01166	0.00336	0.00498	0.02126	0.00948	0.00839
27	0.02010	0.01723	0.02010	0.01436	0.02297	0.01292	0.01148	0.02440	0.02010	0.03158	0.01723	0.02010	0.01436	0.00718	0.00718	0.00144	0.00718	0.00574	0.00574	0.71863
28	0.01372	0.00991	0.01296	0.01219	0.01448	0.00914	0.00914	0.01829	0.02743	0.03887	0.59381	0.07240	0.09145	0.01981	0.01143	0.00305	0.00457	0.01753	0.01067	0.00914
29	0.02026	0.12838	0.53813	0.02622	0.03978	0.02452	0.03336	0.03048	0.02036	0.02969	0.01689	0.01984	0.01230	0.00909	0.00883	0.00294	0.01382	0.00691	0.00410	0.01408
30	0.01214	0.00985	0.01076	0.01053	0.01351	0.00847	0.00790	0.01523	0.02370	0.03000	0.24746	0.08699	0.44333	0.02312	0.01145	0.00321	0.00481	0.01957	0.00950	0.00847
31	0.02404	0.48767	0.21196	0.01977	0.02980	0.03378	0.02213	0.02950	0.01992	0.02508	0.01461	0.01697	0.01239	0.00856	0.00708	0.00236	0.01151	0.00575	0.00413	0.01298

[dist]
# distance from previous block
# <min> <max>
0	1

[block]
# block no. 1 follows, 16 sequences, length 92
# corresponding to MSA columns:
# 946-1037
name=unknown_B
#
# <colnr> <probs for GDERKNQSTAVLIFYWHMCP>
#	G	D	E	R	K	N	Q	S	T	A	V	L	I	F	Y	W	H	M	C	P
0	0.72785	0.01874	0.01425	0.01275	0.01874	0.02174	0.01050	0.02849	0.01649	0.04348	0.01350	0.01574	0.01050	0.00900	0.00600	0.00300	0.00750	0.00525	0.00600	0.01050
1	0.02366	0.02124	0.03275	0.27488	0.27317	0.02354	0.02608	0.10710	0.06059	0.03383	0.01994	0.02539	0.01549	0.00977	0.00966	0.00305	0.01169	0.00879	0.00565	0.01374
2	0.01428	0.01196	0.01296	0.01377	0.01587	0.04922	0.01027	0.01718	0.02227	0.02836	0.16424	0.28120	0.19442	0.02504	0.01188	0.00359	0.00653	0.09934	0.00904	0.00857
3	0.01747	0.01384	0.01619	0.01491	0.01835	0.01454	0.01138	0.03027	0.22726	0.03947	0.39385	0.05933	0.06913	0.01741	0.01087	0.00313	0.00569	0.01516	0.01038	0.01138
4	0.02591	0.66522	0.05079	0.01658	0.02488	0.03835	0.01658	0.02902	0.01969	0.02280	0.01347	0.01555	0.01244	0.00829	0.00622	0.00207	0.01036	0.00518	0.00415	0.01244
5	0.01372	0.00991	0.01296	0.01219	0.01448	0.00914	0.00914	0.01829	0.02743	0.03887	0.59381	0.07240	0.09145	0.01981	0.01143	0.00305	0.00457	0.01753	0.01067	0.00914
6	0.01385	0.01038	0.01558	0.01558	0.01731	0.01211	0.01211	0.01731	0.01558	0.02250	0.02596	0.03808	0.02423	0.07269	0.62098	0.01558	0.02596	0.01038	0.00519	0.00865
7	0.01372	0.00991	0.01296	0.01219	0.01448	0.00914	0.00914	0.01829	0.02743	0.03887	0.59381	0.07240	0.09145	0.01981	0.01143	0.00305	0.00457	0.01753	0.01067	0.00914
8	0.01175	0.00866	0.01101	0.01290	0.01390	0.00792	0.00873	0.01356	0.01913	0.02497	0.06066	0.56246	0.15003	0.02942	0.01222	0.00383	0.00551	0.02640	0.00900	0.00792
9	0.02399	0.02303	0.03934	0.05949	0.59893	0.02303	0.02974	0.02974	0.02207	0.03166	0.01823	0.02399	0.01535	0.00864	0.00960	0.00288	0.01151	0.00864	0.00480	0.01535
10	0.01830	0.01723	0.02907	0.63609	0.06675	0.02153	0.02692	0.02476	0.01938	0.02476	0.01723	0.02584	0.01292	0.00969	0.00969	0.00323	0.01292	0.00861	0.00431	0.01077
11	0.02010	0.01723	0.02010	0.01436	0.02297	0.01292	0.01148	0.02440	0.02010	0.03158	0.01723	0.02010	0.01436	0.00718	0.00718	0.00144	0.00718	0.00574	0.00574	0.71863
12	0.01649	0.00962	0.01393	0.01364	0.01386	0.01040	0.00947	0.01407	0.01328	0.01816	0.01906	0.03340	0.01932	0.10070	0.10984	0.51224	0.05342	0.00924	0.00450	0.00535
13	0.01434	0.00954	0.01195	0.01173	0.01379	0.00896	0.00865	0.01852	0.02486	0.03648	0.41111	0.14075	0.07458	0.01948	0.01062	0.00301	0.00470	0.01714	0.15083	0.00896
14	0.02591	0.66522	0.05079	0.01658	0.02488	0.03835	0.01658	0.02902	0.01969	0.02280	0.01347	0.01555	0.01244	0.00829	0.00622	0.00207	0.01036	0.00518	0.00415	0.01244
15	0.02018	0.01994	0.07264	0.02198	0.02398	0.02246	0.01891	0.02328	0.01684	0.06336	0.02271	0.11956	0.02271	0.02530	0.10257	0.00550	0.37026	0.01159	0.00559	0.01064
16	0.01409	0.00940	0.01057	0.01057	0.01057	0.00940	0.00587	0.01409	0.01409	0.01879	0.03054	0.06342	0.03524	0.65938	0.04933	0.00940	0.00940	0.01409	0.00587	0.00587
17	0.01404	0.01003	0.01380	0.01604	0.01758	0.00979	0.01287	0.01734	0.02075	0.02723	0.05219	0.33521	0.05924	0.02827	0.01296	0.00424	0.00755	0.32343	0.00895	0.00849
18	0.02426	0.03119	0.21817	0.21331	0.04325	0.09770	0.02536	0.03107	0.02226	0.11411	0.02647	0.02932	0.05978	0.01108	0.00955	0.00305	0.01265	0.00892	0.00585	0.01266
19	0.03302	0.03245	0.23577	0.02247	0.03235	0.05249	0.02315	0.15108	0.02889	0.25201	0.02632	0.02559	0.01757	0.01081	0.00949	0.00298	0.01144	0.00841	0.00829	0.01543
20	0.01397	0.01016	0.01331	0.01322	0.01556	0.00950	0.01038	0.01838	0.02602	0.03598	0.44822	0.08147	0.11677	0.02158	0.01184	0.00336	0.00550	0.12555	0.01020	0.00904
21	0.44357	0.01820	0.01742	0.01454	0.02090	0.01953	0.01195	0.07280	0.02205	0.20583	0.02227	0.02232	0.01556	0.01017	0.00738	0.00295	0.00779	0.00699	0.04521	0.01258
22	0.07310	0.07139	0.15165	0.03458	0.19407	0.02344	0.09660	0.08590	0.02452	0.12139	0.02115	0.02375	0.01556	0.00950	0.00933	0.00294	0.01180	0.00844	0.00628	0.01461
23	0.02002	0.11565	0.03106	0.32502	0.08898	0.02397	0.02244	0.02495	0.01878	0.02538	0.01759	0.02493	0.01453	0.01474	0.05268	0.00393	0.10553	0.00822	0.05051	0.01110
24	0.01444	0.00952	0.01225	0.01225	0.01273	0.00999	0.00797	0.01475	0.01428	0.01951	0.02720	0.05132	0.02943	0.40363	0.20423	0.11866	0.01379	0.01222	0.00543	0.00638
25	0.01944	0.05013	0.60917	0.02762	0.04195	0.02251	0.03581	0.03069	0.02046	0.03069	0.01739	0.02046	0.01228	0.00921	0.00921	0.00307	0.01432	0.00716	0.00409	0.01432
26	0.01293	0.00977	0.01194	0.01162	0.01405	0.00877	0.00863	0.01668	0.02523	0.03418	0.41154	0.12365	0.23162	0.02198	0.01151	0.00318	0.00475	0.01914	0.01007	0.00877
27	0.01372	0.00991	0.01296	0.01219	0.01448	0.00914	0.00914	0.01829	0.02743	0.03887	0.59381	0.07240	0.09145	0.01981	0.01143	0.00305	0.00457	0.01753	0.01067	0.00914
28	0.01372	0.00991	0.01296	0.01219	0.01448	0.00914	0.00914	0.01829	0.02743	0.03887	0.59381	0.07240	0.09145	0.01981	0.01143	0.00305	0.00457	0.01753	0.01067	0.00914
29	0.01409	0.00940	0.01057	0.01057	0.01057	0.00940	0.00587	0.01409	0.01409	0.01879	0.03054	0.06342	0.03524	0.65938	0.04933	0.00940	0.00940	0.01409	0.00587	0.00587
30	0.02411	0.02082	0.02192	0.01972	0.02520	0.02411	0.01534	0.05150	0.58142	0.04054	0.03945	0.03616	0.02959	0.01315	0.00986	0.00329	0.00767	0.01096	0.00986	0.01534
31	0.04348	0.01649	0.02249	0.01724	0.02474	0.01425	0.01425	0.04723	0.02774	0.60564	0.03824	0.03299	0.02399	0.01200	0.00975	0.00300	0.00825	0.00975	0.01200	0.01649
32	0.03684	0.02715	0.02909	0.02230	0.03006	0.03006	0.01842	0.56661	0.04557	0.06108	0.02327	0.02327	0.01648	0.01163	0.00970	0.00291	0.01067	0.00873	0.00970	0.01648
33	0.01196	0.00855	0.01138	0.01339	0.01409	0.00797	0.00901	0.01387	0.01926	0.02586	0.09605	0.60725	0.06626	0.02953	0.01230	0.00387	0.00554	0.02676	0.00913	0.00797
34	0.19394	0.01851	0.02113	0.01645	0.02381	0.01782	0.01353	0.10770	0.02638	0.31979	0.02748	0.02585	0.01849	0.01054	0.00850	0.00275	0.00823	0.00799	0.00939	0.12172
35	0.02561	0.02249	0.03794	0.05599	0.55130	0.02230	0.02846	0.03120	0.02254	0.07928	0.01989	0.02473	0.01607	0.00891	0.00961	0.00289	0.01124	0.00873	0.00539	0.01545
36	0.01385	0.01038	0.01558	0.01558	0.01731	0.01211	0.01211	0.01731	0.01558	0.02250	0.02596	0.03808	0.02423	0.07269	0.62098	0.01558	0.02596	0.01038	0.00519	0.00865
37	0.04348	0.01649	0.02249	0.01724	0.02474	0.01425	0.01425	0.04723	0.02774	0.60564	0.03824	0.03299	0.02399	0.01200	0.00975	0.00300	0.00825	0.00975	0.01200	0.01649
38	0.02828	0.52290	0.04543	0.01851	0.02605	0.17218	0.01708	0.03125	0.02148	0.02301	0.01382	0.01599	0.01245	0.00868	0.00680	0.00217	0.01200	0.00543	0.00434	0.01216
39	0.02010	0.01723	0.02010	0.01436	0.02297	0.01292	0.01148	0.02440	0.02010	0.03158	0.01723	0.02010	0.01436	0.00718	0.00718	0.00144	0.00718	0.00574	0.00574	0.71863
40	0.01210	0.00866	0.01151	0.01330	0.01412	0.00807	0.00902	0.01422	0.01990	0.02689	0.13545	0.56491	0.06825	0.02876	0.01223	0.00380	0.00546	0.02603	0.00925	0.00807
41	0.01263	0.00902	0.01219	0.01444	0.01536	0.00858	0.01043	0.01492	0.01937	0.02566	0.05296	0.53555	0.06230	0.02959	0.01259	0.00405	0.00634	0.13694	0.00898	0.00810
42	0.02591	0.66522	0.05079	0.01658	0.02488	0.03835	0.01658	0.02902	0.01969	0.02280	0.01347	0.01555	0.01244	0.00829	0.00622	0.00207	0.01036	0.00518	0.00415	0.01244
43	0.01301	0.00975	0.01372	0.01737	0.06013	0.00927	0.01105	0.01519	0.01907	0.02556	0.05053	0.56853	0.05975	0.02843	0.01222	0.00389	0.00630	0.05903	0.00866	0.00852
44	0.01230	0.00879	0.01182	0.01406	0.01484	0.00830	0.00986	0.01435	0.01904	0.02530	0.05315	0.58227	0.06302	0.02990	0.01250	0.00400	0.00605	0.09345	0.00899	0.00801
45	0.02591	0.66522	0.05079	0.01658	0.02488	0.03835	0.01658	0.02902	0.01969	0.02280	0.01347	0.01555	0.01244	0.00829	0.00622	0.00207	0.01036	0.00518	0.00415	0.01244
46	0.02303	0.01873	0.02741	0.03446	0.26987	0.01860	0.01974	0.07341	0.06985	0.06982	0.18361	0.03879	0.03844	0.01249	0.00999	0.00287	0.00870	0.01120	0.00774	0.06125
47	0.11592	0.02253	0.07211	0.02373	0.03061	0.02163	0.12632	0.03775	0.11262	0.20481	0.02649	0.02741	0.01891	0.01155	0.01275	0.00328	0.10053	0.00936	0.00781	0.01388
48	0.16823	0.02629	0.03073	0.12410	0.15873	0.16064	0.09210	0.03036	0.02190	0.03092	0.01870	0.02692	0.01588	0.01030	0.00917	0.00302	0.01276	0.04194	0.00530	0.01200
49	0.01481	0.01131	0.01381	0.01347	0.01598	0.01116	0.00997	0.02222	0.11166	0.03548	0.36715	0.18414	0.10913	0.02119	0.01138	0.00328	0.00529	0.01870	0.01010	0.00979
50	0.01342	0.00990	0.01255	0.01188	0.01430	0.00902	0.00891	0.01772	0.02674	0.03721	0.52898	0.07513	0.15732	0.02043	0.01143	0.00308	0.00462	0.01791	0.01045	0.00902
51	0.01830	0.01723	0.02907	0.63609	0.06675	0.02153	0.02692	0.02476	0.01938	0.02476	0.01723	0.02584	0.01292	0.00969	0.00969	0.00323	0.01292	0.00861	0.00431	0.01077
52	0.01718	0.00942	0.01396	0.01363	0.01363	0.01008	0.00942	0.01346	0.01280	0.01734	0.01651	0.02882	0.01651	0.03237	0.03740	0.66227	0.05787	0.00842	0.00421	0.00471
53	0.01830	0.01723	0.02907	0.63609	0.06675	0.02153	0.02692	0.02476	0.01938	0.02476	0.01723	0.02584	0.01292	0.00969	0.00969	0.00323	0.01292	0.00861	0.00431	0.01077
54	0.01181	0.00843	0.01125	0.01350	0.01406	0.00787	0.00900	0.01350	0.01856	0.02474	0.05342	0.65306	0.06410	0.03036	0.01237	0.00394	0.00562	0.02755	0.00900	0.00787
55	0.01409	0.00940	0.01057	0.01057	0.01057	0.00940	0.00587	0.01409	0.01409	0.01879	0.03054	0.06342	0.03524	0.65938	0.04933	0.00940	0.00940	0.01409	0.00587	0.00587
56	0.01830	0.01723	0.02907	0.63609	0.06675	0.02153	0.02692	0.02476	0.01938	0.02476	0.01723	0.02584	0.01292	0.00969	0.00969	0.00323	0.01292	0.00861	0.00431	0.01077
57	0.02022	0.09363	0.47831	0.07364	0.08637	0.02372	0.03318	0.03006	0.02045	0.02972	0.01714	0.02075	0.01258	0.00913	0.00904	0.00299	0.01369	0.00723	0.00417	0.01400
58	0.03644	0.02103	0.02623	0.02070	0.02665	0.02282	0.01714	0.21319	0.03080	0.29924	0.02774	0.02722	0.01906	0.01296	0.01454	0.00324	0.14711	0.00913	0.00955	0.01521
59	0.01807	0.00903	0.00903	0.00903	0.01129	0.00903	0.00678	0.02258	0.02033	0.03613	0.03162	0.03613	0.02484	0.01129	0.00678	0.00226	0.00452	0.00903	0.71319	0.00903
60	0.01469	0.00976	0.01296	0.01314	0.01464	0.01064	0.00969	0.01773	0.01670	0.02528	0.03023	0.09243	0.02932	0.14270	0.34315	0.01061	0.01684	0.01205	0.16917	0.00826
61	0.02365	0.01712	0.02046	0.01479	0.02324	0.01312	0.01190	0.02787	0.02126	0.11873	0.02042	0.02205	0.01582	0.00791	0.00757	0.00167	0.00734	0.00635	0.00669	0.61205
62	0.01375	0.00993	0.01374	0.01393	0.01505	0.01096	0.01002	0.01604	0.01539	0.02159	0.02959	0.09656	0.03078	0.24198	0.40212	0.01279	0.01939	0.01290	0.00571	0.00777
63	0.02096	0.03949	0.36428	0.03349	0.04581	0.02340	0.27003	0.03085	0.02153	0.03085	0.01838	0.02298	0.01335	0.00875	0.01020	0.00316	0.01522	0.00906	0.00445	0.01377
64	0.72785	0.01874	0.01425	0.01275	0.01874	0.02174	0.01050	0.02849	0.01649	0.04348	0.01350	0.01574	0.01050	0.00900	0.00600	0.00300	0.00750	0.00525	0.00600	0.01050
65	0.03678	0.03969	0.02759	0.02385	0.02969	0.43697	0.01839	0.17211	0.03204	0.06658	0.01840	0.01983	0.01415	0.01052	0.00904	0.00263	0.01523	0.00707	0.00658	0.01286
66	0.01385	0.01038	0.01558	0.01558	0.01731	0.01211	0.01211	0.01731	0.01558	0.02250	0.02596	0.03808	0.02423	0.07269	0.62098	0.01558	0.02596	0.01038	0.00519	0.00865
67	0.01458	0.01081	0.01370	0.01282	0.01537	0.01039	0.00966	0.02104	0.07339	0.03901	0.54783	0.06939	0.08632	0.01926	0.01130	0.00307	0.00483	0.01698	0.01060	0.00966
68	0.02399	0.02303	0.03934	0.05949	0.59893	0.02303	0.02974	0.02974	0.02207	0.03166	0.01823	0.02399	0.01535	0.00864	0.00960	0.00288	0.01151	0.00864	0.00480	0.01535
69	0.02591	0.66522	0.05079	0.01658	0.02488	0.03835	0.01658	0.02902	0.01969	0.02280	0.01347	0.01555	0.01244	0.00829	0.00622	0.00207	0.01036	0.00518	0.00415	0.01244
70	0.01181	0.00843	0.01125	0.01350	0.01406	0.00787	0.00900	0.01350	0.01856	0.02474	0.05342	0.65306	0.06410	0.03036	0.01237	0.00394	0.00562	0.02755	0.00900	0.00787
71	0.02672	0.02340	0.03239	0.07632	0.03570	0.02556	0.14123	0.18112	0.26642	0.04253	0.02883	0.02962	0.02136	0.01133	0.01016	0.00318	0.01086	0.01028	0.00823	0.01475
72	0.02327	0.01311	0.01413	0.01244	0.01597	0.01358	0.00968	0.13418	0.02539	0.07270	0.02933	0.03290	0.02257	0.01286	0.00957	0.04904	0.00624	0.00897	0.48341	0.01067
73	0.01207	0.00862	0.01154	0.01379	0.01446	0.00809	0.00944	0.01394	0.01881	0.02503	0.05328	0.61634	0.06354	0.03012	0.01244	0.00397	0.00585	0.06173	0.00899	0.00794
74	0.72785	0.01874	0.01425	0.01275	0.01874	0.02174	0.01050	0.02849	0.01649	0.04348	0.01350	0.01574	0.01050	0.00900	0.00600	0.00300	0.00750	0.00525	0.00600	0.01050
75	0.01830	0.01723	0.02907	0.63609	0.06675	0.02153	0.02692	0.02476	0.01938	0.02476	0.01723	0.02584	0.01292	0.00969	0.00969	0.00323	0.01292	0.00861	0.00431	0.01077
76	0.02453	0.37748	0.06721	0.01709	0.02552	0.07532	0.01608	0.02839	0.02047	0.02609	0.01499	0.01741	0.01305	0.00811	0.00688	0.00195	0.01010	0.00555	0.00472	0.23906
77	0.01232	0.00880	0.01183	0.01408	0.01486	0.00831	0.00988	0.01438	0.01906	0.02531	0.05314	0.58037	0.06299	0.02988	0.01251	0.00401	0.00606	0.09522	0.00899	0.00801
78	0.06414	0.02711	0.13726	0.07254	0.07769	0.02335	0.02185	0.17887	0.06425	0.11617	0.02275	0.02441	0.01648	0.01086	0.01072	0.00300	0.05245	0.00831	0.00734	0.06047
79	0.02584	0.06692	0.04654	0.07658	0.12483	0.02616	0.30298	0.14170	0.02705	0.03644	0.01962	0.02453	0.01491	0.00906	0.01036	0.00306	0.01385	0.00988	0.00580	0.01392
80	0.02411	0.02040	0.02166	0.01947	0.02477	0.02340	0.01511	0.08246	0.50853	0.04081	0.03934	0.07698	0.03106	0.01421	0.01002	0.00331	0.00773	0.01193	0.00979	0.01491
81	0.01199	0.00984	0.01055	0.01038	0.01342	0.00841	0.00778	0.01494	0.02335	0.02916	0.21454	0.08837	0.47678	0.02344	0.01145	0.00322	0.00483	0.01977	0.00939	0.00841
82	0.01145	0.00982	0.00982	0.00982	0.01309	0.00818	0.00736	0.01391	0.02209	0.02618	0.09818	0.09327	0.59499	0.02455	0.01145	0.00327	0.00491	0.02045	0.00900	0.00818
83	0.01327	0.00980	0.01239	0.01193	0.01425	0.00892	0.00888	0.01735	0.02609	0.03612	0.48738	0.11294	0.16233	0.02118	0.01150	0.00314	0.00469	0.01860	0.01032	0.00892
84	0.02591	0.66522	0.05079	0.01658	0.02488	0.03835	0.01658	0.02902	0.01969	0.02280	0.01347	0.01555	0.01244	0.00829	0.00622	0.00207	0.01036	0.00518	0.00415	0.01244
85	0.03620	0.04619	0.02747	0.02497	0.02996	0.62047	0.01873	0.03870	0.02747	0.02372	0.01498	0.01748	0.01248	0.00999	0.00874	0.00250	0.01748	0.00624	0.00499	0.01124
86	0.03684	0.02715	0.02909	0.02230	0.03006	0.03006	0.01842	0.56661	0.04557	0.06108	0.02327	0.02327	0.01648	0.01163	0.00970	0.00291	0.01067	0.00873	0.00970	0.01648
87	0.02010	0.01723	0.02010	0.01436	0.02297	0.01292	0.01148	0.02440	0.02010	0.03158	0.01723	0.02010	0.01436	0.00718	0.00718	0.00144	0.00718	0.00574	0.00574	0.71863
88	0.01951	0.01872	0.02644	0.02318	0.02357	0.02565	0.01911	0.02194	0.01501	0.02314	0.01577	0.02508	0.01537	0.02978	0.16726	0.00685	0.50010	0.00892	0.00446	0.01015
89	0.03529	0.02564	0.02742	0.02120	0.02850	0.02831	0.01746	0.52148	0.04348	0.05901	0.02396	0.02434	0.01718	0.01161	0.00945	0.00285	0.01016	0.00875	0.06805	0.01586
90	0.01385	0.01038	0.01558	0.01558	0.01731	0.01211	0.01211	0.01731	0.01558	0.02250	0.02596	0.03808	0.02423	0.07269	0.62098	0.01558	0.02596	0.01038	0.00519	0.00865
91	0.01958	0.01139	0.01462	0.01348	0.01702	0.01025	0.01066	0.02355	0.02578	0.15054	0.31229	0.07328	0.17308	0.02006	0.01134	0.00327	0.00595	0.08307	0.01038	0.01042

[dist]
# distance from previous block
# <min> <max>
0	1

[block]
# block no. 2 follows, 16 sequences, length 23
# corresponding to MSA columns:
# 1039-1061
name=unknown_C
#
# <colnr> <probs for GDERKNQSTAVLIFYWHMCP>
#	G	D	E	R	K	N	Q	S	T	A	V	L	I	F	Y	W	H	M	C	P
0	0.01409	0.00940	0.01057	0.01057	0.01057	0.00940	0.00587	0.01409	0.01409	0.01879	0.03054	0.06342	0.03524	0.65938	0.04933	0.00940	0.00940	0.01409	0.00587	0.00587
1	0.02412	0.02422	0.04799	0.03537	0.04269	0.02491	0.39294	0.03052	0.02138	0.07481	0.01947	0.02553	0.01498	0.01054	0.01608	0.00347	0.16231	0.01061	0.00531	0.01276
2	0.02010	0.01723	0.02010	0.01436	0.02297	0.01292	0.01148	0.02440	0.02010	0.03158	0.01723	0.02010	0.01436	0.00718	0.00718	0.00144	0.00718	0.00574	0.00574	0.71863
3	0.02621	0.06944	0.21977	0.03051	0.04114	0.02261	0.25624	0.03413	0.02294	0.14800	0.02237	0.02517	0.01572	0.00928	0.01010	0.00308	0.01371	0.00940	0.00606	0.01412
4	0.03620	0.04619	0.02747	0.02497	0.02996	0.62047	0.01873	0.03870	0.02747	0.02372	0.01498	0.01748	0.01248	0.00999	0.00874	0.00250	0.01748	0.00624	0.00499	0.01124
5	0.04348	0.01649	0.02249	0.01724	0.02474	0.01425	0.01425	0.04723	0.02774	0.60564	0.03824	0.03299	0.02399	0.01200	0.00975	0.00300	0.00825	0.00975	0.01200	0.01649
6	0.01275	0.00904	0.01169	0.01265	0.01367	0.00850	0.00858	0.01510	0.02069	0.02831	0.22060	0.38188	0.06843	0.12078	0.01758	0.00447	0.00585	0.02238	0.00906	0.00798
7	0.02010	0.01723	0.02010	0.01436	0.02297	0.01292	0.01148	0.02440	0.02010	0.03158	0.01723	0.02010	0.01436	0.00718	0.00718	0.00144	0.00718	0.00574	0.00574	0.71863
8	0.01201	0.00984	0.01059	0.01041	0.01343	0.00842	0.00780	0.01499	0.02341	0.02932	0.22076	0.08811	0.47046	0.02338	0.01145	0.00322	0.00483	0.01973	0.00941	0.00842
9	0.28614	0.02358	0.02312	0.01863	0.02556	0.02655	0.01530	0.32912	0.07927	0.05301	0.02106	0.02161	0.01540	0.01080	0.00837	0.00297	0.00927	0.00765	0.00837	0.01422
10	0.02892	0.02321	0.02463	0.02070	0.02704	0.02635	0.01650	0.24614	0.37894	0.04830	0.03333	0.03129	0.02463	0.01258	0.00980	0.00314	0.00880	0.01011	0.00980	0.01577
11	0.01409	0.00940	0.01057	0.01057	0.01057	0.00940	0.00587	0.01409	0.01409	0.01879	0.03054	0.06342	0.03524	0.65938	0.04933	0.00940	0.00940	0.01409	0.00587	0.00587
12	0.01145	0.00982	0.00982	0.00982	0.01309	0.00818	0.00736	0.01391	0.02209	0.02618	0.09818	0.09327	0.59499	0.02455	0.01145	0.00327	0.00491	0.02045	0.00900	0.00818
13	0.02591	0.66522	0.05079	0.01658	0.02488	0.03835	0.01658	0.02902	0.01969	0.02280	0.01347	0.01555	0.01244	0.00829	0.00622	0.00207	0.01036	0.00518	0.00415	0.01244
14	0.02870	0.49743	0.04447	0.01886	0.02625	0.19613	0.01716	0.03165	0.02180	0.02305	0.01388	0.01607	0.01245	0.00875	0.00690	0.00219	0.01229	0.00547	0.00438	0.01211
15	0.01804	0.01444	0.01804	0.01596	0.02164	0.01211	0.01338	0.02242	0.02112	0.03040	0.03290	0.06112	0.03340	0.01619	0.01003	0.00283	0.00798	0.24846	0.00721	0.39235
16	0.02837	0.16233	0.12494	0.07307	0.03572	0.14946	0.10197	0.03527	0.05901	0.10907	0.02076	0.02288	0.01553	0.00971	0.00899	0.00279	0.01308	0.00793	0.00592	0.01320
17	0.02591	0.66522	0.05079	0.01658	0.02488	0.03835	0.01658	0.02902	0.01969	0.02280	0.01347	0.01555	0.01244	0.00829	0.00622	0.00207	0.01036	0.00518	0.00415	0.01244
18	0.02436	0.13368	0.07636	0.09688	0.04208	0.11418	0.26842	0.03060	0.02235	0.02821	0.01829	0.02340	0.01432	0.00889	0.00956	0.00288	0.01428	0.00893	0.05006	0.01225
19	0.02185	0.13142	0.41923	0.02361	0.03528	0.02273	0.02854	0.03062	0.02167	0.07950	0.07638	0.02603	0.02124	0.01038	0.00905	0.00292	0.01226	0.00814	0.00543	0.01372
20	0.08357	0.00947	0.01155	0.01342	0.01453	0.00926	0.00915	0.01500	0.01835	0.02662	0.04942	0.58919	0.05873	0.02822	0.01173	0.00384	0.00581	0.02532	0.00870	0.00814
21	0.01265	0.00940	0.01297	0.07564	0.01904	0.00937	0.01053	0.01468	0.01826	0.02424	0.04784	0.53983	0.05651	0.08203	0.01526	0.00433	0.00668	0.02450	0.00826	0.00799
22	0.09707	0.34708	0.15668	0.02002	0.02880	0.11974	0.02033	0.06046	0.02212	0.02874	0.01504	0.01729	0.01244	0.00899	0.00738	0.00248	0.01196	0.00595	0.00475	0.01267

[dist]
# distance from previous block
# <min> <max>
0	94

# created by:
# /st0/software/busco_prod/Augustus/scripts/msa2prfl.pl ./align_prep/8004.fa
