[name]
unknown

[dist]
# distance from previous block
# <min> <max>
0	42

[block]
# block no. 0 follows, 12 sequences, length 13
# corresponding to MSA columns:
# 42-54
name=unknown_A
#
# <colnr> <probs for GDERKNQSTAVLIFYWHMCP>
#	G	D	E	R	K	N	Q	S	T	A	V	L	I	F	Y	W	H	M	C	P
0	0.02985	0.10945	0.08792	0.02116	0.02813	0.02375	0.01941	0.07112	0.06937	0.16017	0.08787	0.04634	0.06717	0.01633	0.01366	0.00356	0.07376	0.04699	0.00927	0.01470
1	0.08280	0.07476	0.03712	0.03331	0.12458	0.12901	0.07463	0.14319	0.07781	0.08208	0.02437	0.02639	0.01845	0.01143	0.01034	0.00321	0.01347	0.00936	0.00783	0.01588
2	0.01683	0.01067	0.01520	0.01520	0.01606	0.01153	0.01072	0.01686	0.01600	0.02220	0.02659	0.04515	0.02680	0.17444	0.27939	0.25331	0.01840	0.01174	0.00560	0.00732
3	0.20512	0.02063	0.02355	0.02249	0.07258	0.02165	0.01625	0.09098	0.09922	0.16638	0.11577	0.03787	0.03482	0.01388	0.01018	0.00341	0.00891	0.01107	0.01013	0.01512
4	0.01608	0.01344	0.01678	0.01551	0.01800	0.01414	0.01207	0.01988	0.02616	0.03550	0.29407	0.07915	0.24187	0.02357	0.01707	0.00376	0.11369	0.01901	0.01002	0.01021
5	0.69383	0.02109	0.01603	0.01434	0.02109	0.02446	0.01181	0.03205	0.01856	0.04892	0.01518	0.01771	0.01181	0.01012	0.00675	0.00337	0.00843	0.00590	0.00675	0.01181
6	0.03950	0.03118	0.02892	0.02430	0.03042	0.18832	0.01935	0.09670	0.08633	0.20931	0.02923	0.02913	0.02101	0.01375	0.01434	0.00344	0.10024	0.00960	0.00929	0.01565
7	0.03056	0.02977	0.07057	0.03179	0.09247	0.06409	0.09302	0.17206	0.16395	0.04717	0.06651	0.03391	0.02750	0.01296	0.01126	0.00343	0.01245	0.01132	0.00886	0.01634
8	0.01492	0.01095	0.01398	0.01359	0.01607	0.01001	0.01005	0.01944	0.02910	0.04041	0.44249	0.14256	0.14744	0.02419	0.01298	0.00357	0.00532	0.02133	0.01159	0.01001
9	0.02958	0.02599	0.07200	0.03107	0.11795	0.02465	0.05697	0.15287	0.13048	0.08492	0.12013	0.03964	0.03614	0.01401	0.01137	0.00343	0.01088	0.01220	0.00953	0.01617
10	0.18143	0.01590	0.01799	0.01981	0.06265	0.01677	0.01304	0.07062	0.02298	0.03671	0.03898	0.28472	0.04311	0.10607	0.01747	0.00482	0.00855	0.01894	0.00850	0.01092
11	0.14303	0.02725	0.16129	0.20191	0.04385	0.02120	0.02466	0.02859	0.02370	0.03726	0.14472	0.03804	0.03512	0.01336	0.01047	0.00349	0.01156	0.01099	0.00685	0.01265
12	0.02563	0.02142	0.02503	0.02573	0.07863	0.02378	0.01816	0.08806	0.32088	0.04309	0.04368	0.12907	0.03836	0.01818	0.01177	0.00382	0.00913	0.04973	0.01028	0.01558

[dist]
# distance from previous block
# <min> <max>
8	13

[block]
# block no. 1 follows, 12 sequences, length 38
# corresponding to MSA columns:
# 68-105
name=unknown_B
#
# <colnr> <probs for GDERKNQSTAVLIFYWHMCP>
#	G	D	E	R	K	N	Q	S	T	A	V	L	I	F	Y	W	H	M	C	P
0	0.02171	0.03487	0.26526	0.02526	0.03523	0.02115	0.07030	0.03446	0.10078	0.03864	0.11438	0.03861	0.03404	0.01327	0.01074	0.00338	0.01181	0.01141	0.10036	0.01434
1	0.01497	0.01113	0.01393	0.01323	0.01601	0.01009	0.00992	0.01968	0.02977	0.04113	0.46447	0.08571	0.18307	0.02326	0.01286	0.00348	0.00521	0.02032	0.01166	0.01009
2	0.01560	0.01067	0.01293	0.01313	0.01352	0.01096	0.00811	0.01642	0.01656	0.02241	0.03558	0.11071	0.04018	0.47662	0.14143	0.01126	0.01344	0.01638	0.00676	0.00733
3	0.09972	0.01917	0.02449	0.01922	0.02733	0.01764	0.01578	0.05182	0.07174	0.47230	0.04086	0.03583	0.02628	0.01333	0.01063	0.00340	0.00916	0.01067	0.01274	0.01790
4	0.01669	0.01311	0.02030	0.01833	0.02068	0.01378	0.06199	0.02007	0.01925	0.02695	0.08355	0.05417	0.03781	0.23111	0.29985	0.01252	0.01991	0.01391	0.00668	0.00935
5	0.02915	0.62337	0.05714	0.01866	0.02799	0.04314	0.01866	0.03265	0.02215	0.02565	0.01516	0.01749	0.01399	0.00933	0.00700	0.00233	0.01166	0.00583	0.00466	0.01399
6	0.02661	0.14301	0.17559	0.12227	0.04270	0.02625	0.07012	0.03564	0.05955	0.10178	0.03128	0.03346	0.06097	0.01230	0.01039	0.00332	0.01291	0.01028	0.00684	0.01474
7	0.21526	0.02449	0.02636	0.02113	0.02896	0.06766	0.04960	0.08849	0.08041	0.19114	0.02823	0.02788	0.01994	0.01170	0.00961	0.00321	0.01062	0.00902	0.00933	0.07696
8	0.03123	0.02341	0.02555	0.02198	0.02842	0.02603	0.01731	0.17113	0.31036	0.09254	0.04117	0.09587	0.03297	0.01626	0.01133	0.00364	0.00932	0.01351	0.01115	0.01683
9	0.21008	0.15790	0.03849	0.03106	0.12737	0.10612	0.06810	0.07847	0.02592	0.03878	0.01809	0.02159	0.01469	0.01021	0.00897	0.00307	0.01283	0.00779	0.00615	0.01432
10	0.01552	0.01109	0.01471	0.09068	0.02305	0.01118	0.01217	0.01881	0.02176	0.03037	0.05505	0.37759	0.10248	0.02645	0.01225	0.00390	0.00711	0.02352	0.13275	0.00957
11	0.02010	0.01148	0.01502	0.01543	0.01800	0.01035	0.01105	0.02279	0.02404	0.12845	0.10147	0.40737	0.11462	0.02864	0.01317	0.00407	0.00670	0.02550	0.01091	0.01083
12	0.01691	0.01320	0.01562	0.01490	0.01815	0.01300	0.01118	0.02599	0.11841	0.04029	0.33918	0.12163	0.16405	0.02284	0.01263	0.00360	0.00593	0.01989	0.01136	0.01123
13	0.01358	0.00998	0.01275	0.01437	0.01574	0.00914	0.00989	0.01614	0.02308	0.03069	0.14695	0.45223	0.14280	0.03129	0.01360	0.00416	0.00602	0.02802	0.01043	0.00914
14	0.02207	0.02089	0.03537	0.46973	0.18443	0.02461	0.03102	0.02915	0.02250	0.02965	0.01964	0.02859	0.01517	0.01063	0.01088	0.00354	0.01417	0.00970	0.00497	0.01330
15	0.03061	0.03686	0.25470	0.03268	0.09079	0.02333	0.09376	0.04145	0.06816	0.17609	0.02838	0.02953	0.01969	0.01136	0.01096	0.00346	0.01364	0.01000	0.00774	0.01679
16	0.02392	0.02273	0.02386	0.02173	0.06873	0.09211	0.01525	0.02836	0.02454	0.03431	0.07124	0.08542	0.02940	0.01251	0.00956	0.00236	0.00965	0.01043	0.00712	0.40679
17	0.62541	0.02133	0.01691	0.01514	0.02183	0.02473	0.01237	0.03471	0.07094	0.04858	0.01818	0.02007	0.01401	0.01060	0.00719	0.00341	0.00845	0.00656	0.00719	0.01237
18	0.03482	0.14877	0.18582	0.02484	0.03547	0.07405	0.02511	0.16834	0.03262	0.13241	0.02440	0.02502	0.01745	0.01153	0.00994	0.00313	0.01326	0.00854	0.00796	0.01652
19	0.08813	0.01759	0.02053	0.01878	0.02166	0.02070	0.01490	0.02625	0.08859	0.03244	0.05683	0.11142	0.20934	0.02208	0.01929	0.00407	0.19143	0.01639	0.00823	0.01137
20	0.08709	0.02560	0.02947	0.02321	0.03078	0.06864	0.06775	0.19722	0.03455	0.10079	0.07042	0.07137	0.02875	0.01390	0.01068	0.00317	0.01123	0.01156	0.00928	0.10452
21	0.29599	0.03082	0.02192	0.01961	0.02521	0.22429	0.01497	0.03629	0.02405	0.08907	0.02122	0.02759	0.01791	0.09188	0.01483	0.00413	0.01295	0.00817	0.00700	0.01211
22	0.02711	0.02193	0.02698	0.02582	0.07958	0.02448	0.01861	0.16937	0.11643	0.04801	0.18882	0.04565	0.04668	0.01671	0.01486	0.00359	0.08748	0.01328	0.00990	0.01473
23	0.03039	0.02421	0.02705	0.02294	0.02714	0.07570	0.01858	0.16117	0.02940	0.08276	0.02503	0.03036	0.02023	0.02700	0.11937	0.00615	0.17234	0.00995	0.07645	0.01376
24	0.03296	0.24145	0.03943	0.02379	0.03040	0.21578	0.01993	0.07069	0.10273	0.03187	0.02075	0.02294	0.01724	0.01205	0.01181	0.00301	0.07483	0.00785	0.00637	0.01412
25	0.01383	0.01008	0.01302	0.01441	0.01584	0.00927	0.01000	0.01668	0.02393	0.03226	0.19473	0.42109	0.12380	0.03036	0.01354	0.00409	0.00593	0.02723	0.01063	0.00927
26	0.02179	0.02459	0.08860	0.43527	0.11016	0.02482	0.08140	0.02972	0.02258	0.02990	0.01977	0.02834	0.01490	0.01057	0.01104	0.00359	0.01496	0.00986	0.00494	0.01321
27	0.01392	0.01076	0.01203	0.01223	0.01463	0.00959	0.00858	0.01646	0.02369	0.03016	0.16359	0.16493	0.31163	0.13463	0.02076	0.00499	0.00649	0.02226	0.00981	0.00887
28	0.01371	0.01034	0.01269	0.01367	0.01563	0.00931	0.00965	0.01666	0.02448	0.03227	0.19508	0.33720	0.21094	0.02937	0.01337	0.00397	0.00581	0.02595	0.01059	0.00931
29	0.03151	0.03495	0.03838	0.09635	0.31970	0.22711	0.02864	0.03670	0.02681	0.03169	0.01907	0.02447	0.01586	0.01037	0.01045	0.00311	0.01555	0.00872	0.00543	0.01514
30	0.11843	0.02040	0.07450	0.01772	0.02435	0.01700	0.01568	0.03737	0.07348	0.19915	0.16818	0.04547	0.04431	0.01508	0.01050	0.00334	0.00828	0.01234	0.08019	0.01423
31	0.03153	0.15687	0.15773	0.02764	0.08413	0.06599	0.02448	0.08245	0.06226	0.11561	0.02443	0.02565	0.01818	0.01099	0.00967	0.00299	0.01254	0.00845	0.00730	0.07110
32	0.20362	0.07929	0.02565	0.01865	0.02409	0.02465	0.01515	0.09898	0.02505	0.13547	0.02530	0.03321	0.02126	0.12443	0.02102	0.00477	0.08836	0.00971	0.00808	0.01327
33	0.02408	0.01664	0.01721	0.01546	0.01962	0.06972	0.01186	0.02836	0.02917	0.13217	0.27606	0.06797	0.15534	0.01974	0.01178	0.00333	0.00747	0.01664	0.06555	0.01182
34	0.02901	0.02607	0.03836	0.07776	0.17700	0.02788	0.10277	0.12798	0.19054	0.04416	0.02933	0.03175	0.02231	0.01194	0.01125	0.00349	0.01239	0.01108	0.00820	0.01673
35	0.02837	0.18488	0.20868	0.07237	0.14536	0.06465	0.02933	0.03568	0.02436	0.07954	0.02063	0.02395	0.01585	0.01035	0.00967	0.00309	0.01385	0.00816	0.00568	0.01555
36	0.01571	0.01226	0.01441	0.01392	0.01704	0.01160	0.01040	0.02254	0.08011	0.03832	0.32123	0.12833	0.22530	0.02410	0.01277	0.00362	0.00572	0.02088	0.01119	0.01057
37	0.01863	0.08078	0.06891	0.02452	0.10776	0.01716	0.01728	0.02358	0.02571	0.03518	0.21965	0.17086	0.10633	0.02078	0.01192	0.00351	0.00831	0.01825	0.00897	0.01192

[dist]
# distance from previous block
# <min> <max>
10	21

[block]
# block no. 2 follows, 12 sequences, length 23
# corresponding to MSA columns:
# 127-149
name=unknown_C
#
# <colnr> <probs for GDERKNQSTAVLIFYWHMCP>
#	G	D	E	R	K	N	Q	S	T	A	V	L	I	F	Y	W	H	M	C	P
0	0.03166	0.02671	0.11977	0.02940	0.12961	0.01902	0.02250	0.03796	0.02583	0.20058	0.02712	0.02811	0.01940	0.01050	0.00990	0.00280	0.01076	0.00878	0.00817	0.23141
1	0.01446	0.01006	0.01285	0.01490	0.01622	0.00946	0.01060	0.01713	0.02194	0.02983	0.06192	0.44911	0.10921	0.03095	0.01333	0.00424	0.00658	0.08154	0.07650	0.00916
2	0.02261	0.01938	0.02261	0.01615	0.02584	0.01453	0.01292	0.02745	0.02261	0.03553	0.01938	0.02261	0.01615	0.00807	0.00807	0.00161	0.00807	0.00646	0.00646	0.68346
3	0.03254	0.02116	0.02438	0.02079	0.02563	0.07403	0.01662	0.03889	0.07291	0.22313	0.13030	0.04251	0.03873	0.02216	0.06611	0.00487	0.10859	0.01220	0.01007	0.01437
4	0.01516	0.01113	0.01420	0.01343	0.01612	0.01017	0.01008	0.02005	0.03023	0.04221	0.49722	0.08393	0.14964	0.02285	0.01286	0.00346	0.00518	0.02007	0.01180	0.01017
5	0.02915	0.62337	0.05714	0.01866	0.02799	0.04314	0.01866	0.03265	0.02215	0.02565	0.01516	0.01749	0.01399	0.00933	0.00700	0.00233	0.01166	0.00583	0.00466	0.01399
6	0.02087	0.15126	0.12945	0.02858	0.12863	0.02253	0.02189	0.02609	0.02273	0.03031	0.04060	0.20886	0.08770	0.01903	0.01108	0.00349	0.01048	0.01642	0.00702	0.01297
7	0.14292	0.03160	0.16644	0.02362	0.03395	0.02357	0.05384	0.08718	0.08675	0.08679	0.02462	0.02610	0.01805	0.01089	0.00966	0.00311	0.01149	0.00864	0.00759	0.14320
8	0.02184	0.02065	0.03495	0.48855	0.16740	0.02455	0.03090	0.02895	0.02239	0.02937	0.01960	0.02866	0.01507	0.01067	0.01088	0.00356	0.01423	0.00969	0.00495	0.01312
9	0.02348	0.01641	0.02291	0.12648	0.03183	0.01753	0.06665	0.08534	0.02638	0.04097	0.02992	0.03551	0.02305	0.01203	0.00920	0.00296	0.00912	0.01032	0.39789	0.01202
10	0.02199	0.03156	0.19228	0.20766	0.15866	0.02358	0.07280	0.03030	0.02304	0.03207	0.02416	0.08762	0.02109	0.01278	0.01120	0.00358	0.01414	0.01171	0.00550	0.01427
11	0.02464	0.09049	0.10998	0.21254	0.28785	0.02713	0.03187	0.03186	0.02341	0.03213	0.01949	0.02609	0.01566	0.01011	0.01037	0.00329	0.01370	0.00908	0.00505	0.01525
12	0.02059	0.01938	0.03270	0.59060	0.07510	0.02422	0.03028	0.02786	0.02180	0.02786	0.01938	0.02907	0.01453	0.01090	0.01090	0.00363	0.01453	0.00969	0.00484	0.01211
13	0.02009	0.04280	0.39760	0.02539	0.03672	0.02095	0.03029	0.02899	0.02089	0.03056	0.02395	0.03736	0.02148	0.19029	0.02375	0.00556	0.01447	0.01037	0.00520	0.01329
14	0.02566	0.12693	0.43823	0.02822	0.04264	0.02669	0.03491	0.03623	0.02376	0.08796	0.02144	0.02377	0.01521	0.01055	0.00998	0.00330	0.01481	0.00807	0.00554	0.01609
15	0.03106	0.03001	0.09839	0.09287	0.24733	0.07851	0.02796	0.04016	0.07948	0.12705	0.02644	0.02921	0.01970	0.01126	0.01072	0.00333	0.01304	0.00974	0.00731	0.01643
16	0.04794	0.02257	0.02598	0.02044	0.02854	0.08288	0.01663	0.05199	0.03117	0.49277	0.03988	0.03502	0.02544	0.01322	0.01083	0.00331	0.01052	0.01049	0.01255	0.01785
17	0.01550	0.01051	0.01281	0.01310	0.01529	0.00976	0.00950	0.01949	0.02600	0.03727	0.26793	0.21471	0.13352	0.02421	0.01214	0.00355	0.00549	0.02124	0.13821	0.00976
18	0.02447	0.02509	0.04789	0.22795	0.21603	0.02598	0.20670	0.03219	0.02419	0.03287	0.02071	0.02855	0.01612	0.00991	0.01159	0.00353	0.01545	0.01086	0.00526	0.01467
19	0.04285	0.02140	0.03552	0.02635	0.03546	0.01905	0.14508	0.04837	0.02978	0.41990	0.03753	0.03510	0.02426	0.01237	0.01146	0.00345	0.01166	0.01146	0.01141	0.01755
20	0.04892	0.01856	0.02530	0.01940	0.02783	0.01603	0.01603	0.05314	0.03121	0.55634	0.04302	0.03711	0.02699	0.01350	0.01096	0.00337	0.00928	0.01096	0.01350	0.01856
21	0.02353	0.04101	0.30280	0.09263	0.09635	0.02593	0.14264	0.03586	0.06699	0.03500	0.02232	0.02694	0.01648	0.01047	0.01108	0.00352	0.01554	0.00982	0.00546	0.01560
22	0.02747	0.01534	0.01864	0.01675	0.02085	0.01493	0.01252	0.06348	0.07148	0.18129	0.04889	0.14042	0.08341	0.17886	0.02363	0.00559	0.00904	0.04460	0.01029	0.01253

[dist]
# distance from previous block
# <min> <max>
0	68

[block]
# block no. 3 follows, 12 sequences, length 48
# corresponding to MSA columns:
# 218-265
name=unknown_D
#
# <colnr> <probs for GDERKNQSTAVLIFYWHMCP>
#	G	D	E	R	K	N	Q	S	T	A	V	L	I	F	Y	W	H	M	C	P
0	0.02626	0.09570	0.28089	0.12070	0.04485	0.02549	0.03056	0.07146	0.02595	0.08790	0.02530	0.03382	0.01989	0.01259	0.01063	0.00349	0.01388	0.04898	0.00651	0.01515
1	0.11242	0.02170	0.02615	0.02026	0.02859	0.02116	0.01673	0.16152	0.03475	0.38763	0.03615	0.03252	0.02342	0.01306	0.01052	0.00335	0.00985	0.01018	0.01219	0.01787
2	0.04215	0.18768	0.03540	0.02019	0.02893	0.02664	0.01758	0.12822	0.03223	0.32407	0.03236	0.02977	0.02192	0.01227	0.00986	0.00307	0.01041	0.00935	0.01060	0.01729
3	0.03028	0.03447	0.03367	0.26804	0.12865	0.26209	0.02677	0.03549	0.02620	0.02852	0.01846	0.02468	0.01474	0.01087	0.01042	0.00322	0.01652	0.00854	0.00526	0.01312
4	0.01549	0.01254	0.01598	0.01776	0.06727	0.01135	0.01170	0.01976	0.02776	0.03696	0.31124	0.08600	0.27944	0.02330	0.01267	0.00352	0.00606	0.02013	0.01058	0.01051
5	0.69383	0.02109	0.01603	0.01434	0.02109	0.02446	0.01181	0.03205	0.01856	0.04892	0.01518	0.01771	0.01181	0.01012	0.00675	0.00337	0.00843	0.00590	0.00675	0.01181
6	0.02096	0.03331	0.22436	0.02485	0.03295	0.06287	0.05909	0.02850	0.02559	0.03553	0.18416	0.09814	0.04712	0.01695	0.01343	0.00360	0.05383	0.01424	0.00757	0.01294
7	0.41257	0.07903	0.02446	0.01950	0.02606	0.21850	0.01559	0.03613	0.02317	0.03930	0.01577	0.01838	0.01276	0.01045	0.00785	0.00309	0.01263	0.00629	0.00619	0.01227
8	0.01543	0.01115	0.01457	0.01372	0.01629	0.01029	0.01029	0.02058	0.03086	0.04372	0.54304	0.08145	0.10288	0.02229	0.01286	0.00343	0.00514	0.01972	0.01200	0.01029
9	0.03088	0.02529	0.02677	0.02295	0.02979	0.02888	0.01817	0.17732	0.40358	0.05168	0.03960	0.03687	0.02941	0.01435	0.01105	0.00359	0.00951	0.01167	0.01105	0.01760
10	0.03081	0.02889	0.13470	0.12501	0.20713	0.02305	0.06701	0.03816	0.02580	0.17269	0.02627	0.02945	0.01875	0.01098	0.01094	0.00341	0.01323	0.00998	0.00733	0.01642
11	0.02084	0.04352	0.38265	0.03034	0.04278	0.02257	0.10537	0.03096	0.02303	0.03333	0.02755	0.13414	0.02517	0.01465	0.01141	0.00367	0.01462	0.01309	0.00578	0.01454
12	0.04892	0.01856	0.02530	0.01940	0.02783	0.01603	0.01603	0.05314	0.03121	0.55634	0.04302	0.03711	0.02699	0.01350	0.01096	0.00337	0.00928	0.01096	0.01350	0.01856
13	0.02574	0.02941	0.06434	0.04596	0.05699	0.02757	0.50919	0.03493	0.02574	0.03493	0.02206	0.02941	0.01654	0.00919	0.01287	0.00368	0.01838	0.01287	0.00551	0.01471
14	0.03443	0.22982	0.08346	0.07513	0.03330	0.02655	0.02002	0.03951	0.02643	0.23717	0.06704	0.03169	0.02590	0.01220	0.00968	0.00305	0.01090	0.00948	0.00871	0.01551
15	0.01336	0.01106	0.01171	0.01155	0.01502	0.00941	0.00866	0.01657	0.02598	0.03213	0.19168	0.10052	0.46147	0.02661	0.01288	0.00363	0.00545	0.02239	0.01048	0.00941
16	0.01586	0.01057	0.01189	0.01189	0.01189	0.01057	0.00661	0.01586	0.01586	0.02114	0.03436	0.07135	0.03964	0.61681	0.05550	0.01057	0.01057	0.01586	0.00661	0.00661
17	0.02844	0.56824	0.10606	0.01986	0.02985	0.04141	0.02076	0.03283	0.02224	0.02652	0.01559	0.01803	0.01397	0.00943	0.00732	0.00244	0.01209	0.00605	0.00466	0.01420
18	0.04819	0.01972	0.02603	0.01995	0.02842	0.01776	0.01648	0.09780	0.03316	0.50893	0.04138	0.03605	0.02617	0.01346	0.01096	0.00336	0.00954	0.01085	0.01324	0.01855
19	0.01328	0.00949	0.01265	0.01518	0.01581	0.00886	0.01012	0.01518	0.02088	0.02783	0.06010	0.60969	0.07212	0.03416	0.01392	0.00443	0.00633	0.03100	0.01012	0.00886
20	0.04076	0.01807	0.02364	0.01869	0.02585	0.01648	0.01521	0.09045	0.03308	0.39528	0.15236	0.04589	0.04302	0.01541	0.01138	0.00338	0.00862	0.01280	0.01291	0.01672
21	0.02422	0.02308	0.03925	0.29366	0.34370	0.02518	0.03209	0.03104	0.02352	0.03226	0.02002	0.02789	0.01609	0.01023	0.01084	0.00341	0.01364	0.00970	0.00516	0.01504
22	0.02712	0.02342	0.02465	0.02219	0.02835	0.02712	0.01726	0.05794	0.52909	0.04561	0.04438	0.04068	0.03328	0.01479	0.01109	0.00370	0.00863	0.01233	0.01109	0.01726
23	0.01507	0.01076	0.01470	0.01722	0.01863	0.01039	0.01322	0.01827	0.02263	0.02983	0.05911	0.40715	0.06822	0.03248	0.01439	0.00467	0.00787	0.21594	0.01009	0.00935
24	0.02261	0.01938	0.02261	0.01615	0.02584	0.01453	0.01292	0.02745	0.02261	0.03553	0.01938	0.02261	0.01615	0.00807	0.00807	0.00161	0.00807	0.00646	0.00646	0.68346
25	0.02033	0.01016	0.01016	0.01016	0.01270	0.01016	0.00762	0.02541	0.02287	0.04065	0.03557	0.04065	0.02795	0.01270	0.00762	0.00254	0.00508	0.01016	0.67734	0.01016
26	0.02062	0.01869	0.03063	0.34798	0.15484	0.02120	0.02610	0.02722	0.02458	0.03322	0.14561	0.04126	0.03634	0.01341	0.01135	0.00351	0.01196	0.01211	0.00668	0.01270
27	0.01894	0.00947	0.01420	0.01420	0.01420	0.00947	0.00947	0.01420	0.01420	0.01894	0.01894	0.03314	0.01894	0.03788	0.04261	0.68277	0.00947	0.00947	0.00473	0.00473
28	0.02946	0.12180	0.08331	0.16814	0.09300	0.13030	0.11080	0.03577	0.02536	0.07130	0.02071	0.02559	0.01588	0.01048	0.01041	0.00322	0.01531	0.00914	0.00579	0.01423
29	0.41734	0.12117	0.02773	0.02254	0.07762	0.11532	0.01656	0.03413	0.02173	0.04036	0.01599	0.01893	0.01306	0.01013	0.00769	0.00311	0.01120	0.00646	0.00610	0.01284
30	0.02605	0.18444	0.08681	0.13179	0.25613	0.03027	0.07164	0.03258	0.02359	0.03164	0.01899	0.02473	0.01565	0.00980	0.00996	0.00312	0.01358	0.00884	0.00507	0.01529
31	0.02421	0.06994	0.07369	0.10611	0.03390	0.02326	0.01960	0.10822	0.12808	0.04338	0.19840	0.04677	0.04795	0.01560	0.01123	0.00340	0.00979	0.01310	0.00934	0.01402
32	0.01289	0.01105	0.01105	0.01105	0.01473	0.00920	0.00828	0.01565	0.02485	0.02946	0.11046	0.10493	0.54437	0.02761	0.01289	0.00368	0.00552	0.02301	0.01013	0.00920
33	0.01496	0.01113	0.01392	0.01322	0.01600	0.01009	0.00992	0.01966	0.02975	0.04108	0.46274	0.08581	0.18483	0.02328	0.01287	0.00348	0.00521	0.02033	0.01165	0.01009
34	0.01543	0.01115	0.01457	0.01372	0.01629	0.01029	0.01029	0.02058	0.03086	0.04372	0.54304	0.08145	0.10288	0.02229	0.01286	0.00343	0.00514	0.01972	0.01200	0.01029
35	0.01463	0.01039	0.01390	0.01623	0.01731	0.00997	0.01183	0.01721	0.02161	0.02859	0.05744	0.43776	0.06707	0.07886	0.01749	0.00507	0.00765	0.14818	0.00982	0.00899
36	0.09251	0.47974	0.12879	0.02011	0.03020	0.03865	0.02124	0.03287	0.02194	0.02924	0.01582	0.01834	0.01375	0.00956	0.00748	0.00260	0.01202	0.00617	0.00486	0.01410
37	0.02658	0.05018	0.43336	0.02964	0.04397	0.02737	0.03558	0.14953	0.02982	0.04276	0.02116	0.02378	0.01495	0.01102	0.01049	0.00341	0.01512	0.00848	0.00612	0.01670
38	0.01482	0.01112	0.01373	0.01308	0.01592	0.01003	0.00981	0.01940	0.02943	0.04031	0.43954	0.08707	0.20851	0.02356	0.01287	0.00349	0.00523	0.02051	0.01155	0.01003
39	0.02512	0.08347	0.07319	0.02338	0.06678	0.02272	0.01855	0.16173	0.03167	0.04270	0.11397	0.12853	0.08031	0.02283	0.05166	0.00444	0.01123	0.01510	0.00892	0.01371
40	0.01438	0.01110	0.01311	0.01261	0.01564	0.00984	0.00946	0.01854	0.02838	0.03782	0.36398	0.09117	0.28562	0.02449	0.01287	0.00353	0.00530	0.02108	0.01123	0.00984
41	0.02815	0.03062	0.15750	0.12160	0.09086	0.02400	0.02615	0.14391	0.03094	0.08160	0.07591	0.03207	0.02558	0.01226	0.01072	0.00325	0.01226	0.01015	0.00777	0.07470
42	0.14904	0.09024	0.19622	0.02081	0.03197	0.02262	0.02200	0.03108	0.02194	0.03676	0.01824	0.02132	0.01438	0.00931	0.00845	0.00260	0.01105	0.00680	0.00575	0.27942
43	0.02261	0.01938	0.02261	0.01615	0.02584	0.01453	0.01292	0.02745	0.02261	0.03553	0.01938	0.02261	0.01615	0.00807	0.00807	0.00161	0.00807	0.00646	0.00646	0.68346
44	0.01772	0.01435	0.02254	0.02680	0.11886	0.01593	0.01735	0.02210	0.01889	0.02725	0.02757	0.03986	0.02538	0.06825	0.46792	0.01484	0.02615	0.01131	0.00576	0.01115
45	0.02778	0.08361	0.10739	0.02187	0.02941	0.02413	0.01999	0.04398	0.22945	0.11829	0.03474	0.03561	0.02636	0.02597	0.11618	0.00607	0.01402	0.01072	0.00888	0.01556
46	0.02602	0.13563	0.07088	0.01939	0.02770	0.02333	0.01715	0.03711	0.14425	0.07620	0.03039	0.08407	0.02594	0.01305	0.00957	0.00280	0.00943	0.01060	0.00799	0.22849
47	0.02857	0.16783	0.11638	0.01802	0.02623	0.02215	0.01780	0.03433	0.02435	0.13780	0.02806	0.02987	0.02102	0.01125	0.00863	0.00272	0.00958	0.00860	0.21355	0.07324

[dist]
# distance from previous block
# <min> <max>
4	11

[block]
# block no. 4 follows, 12 sequences, length 20
# corresponding to MSA columns:
# 277-296
name=unknown_E
#
# <colnr> <probs for GDERKNQSTAVLIFYWHMCP>
#	G	D	E	R	K	N	Q	S	T	A	V	L	I	F	Y	W	H	M	C	P
0	0.02828	0.12825	0.10296	0.05925	0.03316	0.02367	0.01994	0.03789	0.09932	0.11612	0.02610	0.02719	0.01960	0.01064	0.00930	0.00271	0.01049	0.00837	0.00758	0.22918
1	0.12906	0.01783	0.02362	0.12078	0.03375	0.01770	0.01720	0.04049	0.02635	0.31871	0.03720	0.11072	0.02876	0.01536	0.01077	0.00356	0.00970	0.01275	0.01054	0.01514
2	0.09576	0.01830	0.02102	0.01784	0.02388	0.01845	0.01392	0.04370	0.16409	0.24332	0.04626	0.04762	0.08017	0.09687	0.01684	0.00447	0.00882	0.01272	0.01093	0.01501
3	0.06798	0.01501	0.02107	0.17480	0.03461	0.01580	0.01678	0.02759	0.02626	0.11502	0.22331	0.12471	0.05669	0.01852	0.01175	0.00360	0.00875	0.01614	0.00964	0.01196
4	0.02448	0.09503	0.39223	0.03043	0.07433	0.02494	0.03402	0.03460	0.02389	0.07372	0.02466	0.03333	0.01968	0.01234	0.01060	0.00349	0.01444	0.05232	0.00586	0.01562
5	0.02059	0.01938	0.03270	0.59060	0.07510	0.02422	0.03028	0.02786	0.02180	0.02786	0.01938	0.02907	0.01453	0.01090	0.01090	0.00363	0.01453	0.00969	0.00484	0.01211
6	0.01509	0.01113	0.01410	0.01335	0.01608	0.01014	0.01002	0.01991	0.03005	0.04179	0.48429	0.08464	0.16284	0.02301	0.01286	0.00346	0.00520	0.02017	0.01175	0.01014
7	0.02906	0.02634	0.04702	0.09696	0.26919	0.02629	0.17819	0.08013	0.02782	0.07656	0.02310	0.02859	0.01766	0.01025	0.01147	0.00342	0.01441	0.01079	0.00651	0.01626
8	0.02688	0.02664	0.03684	0.05182	0.36843	0.09741	0.02844	0.03255	0.02571	0.03378	0.02782	0.04614	0.02638	0.01420	0.01156	0.00355	0.01325	0.10706	0.00640	0.01513
9	0.01543	0.01115	0.01457	0.01372	0.01629	0.01029	0.01029	0.02058	0.03086	0.04372	0.54304	0.08145	0.10288	0.02229	0.01286	0.00343	0.00514	0.01972	0.01200	0.01029
10	0.01328	0.00949	0.01265	0.01518	0.01581	0.00886	0.01012	0.01518	0.02088	0.02783	0.06010	0.60969	0.07212	0.03416	0.01392	0.00443	0.00633	0.03100	0.01012	0.00886
11	0.03000	0.14206	0.10868	0.09356	0.03589	0.02678	0.02231	0.10060	0.02864	0.13107	0.09448	0.03369	0.02910	0.01353	0.01244	0.00333	0.06057	0.01031	0.00814	0.01483
12	0.02987	0.01898	0.02333	0.06830	0.02866	0.06090	0.01727	0.03345	0.02507	0.20504	0.04107	0.19388	0.03877	0.02102	0.01544	0.00399	0.08964	0.06239	0.00972	0.01321
13	0.02187	0.05640	0.56031	0.03108	0.04719	0.02532	0.04029	0.03453	0.02302	0.03453	0.01957	0.02302	0.01381	0.01036	0.01036	0.00345	0.01611	0.00806	0.00460	0.01611
14	0.02174	0.02055	0.03478	0.49648	0.16024	0.02453	0.03085	0.02887	0.02235	0.02925	0.01958	0.02870	0.01503	0.01069	0.01088	0.00356	0.01425	0.00969	0.00494	0.01304
15	0.02784	0.03156	0.17922	0.11086	0.13402	0.02345	0.06549	0.08231	0.02717	0.10954	0.02767	0.08271	0.02256	0.01319	0.01118	0.00352	0.01322	0.01169	0.00724	0.01557
16	0.02216	0.02098	0.03554	0.46224	0.19121	0.02464	0.03106	0.02923	0.02254	0.02976	0.01966	0.02856	0.01521	0.01061	0.01088	0.00354	0.01415	0.00970	0.00498	0.01338
17	0.01371	0.00979	0.01314	0.01567	0.01648	0.00922	0.01086	0.01591	0.02129	0.02831	0.05986	0.56156	0.07119	0.03376	0.01403	0.00449	0.00669	0.07495	0.01011	0.00897
18	0.44531	0.02174	0.02500	0.02046	0.02747	0.02383	0.09732	0.03395	0.07151	0.04568	0.07235	0.02840	0.02390	0.01165	0.00884	0.00346	0.00983	0.00912	0.00750	0.01269
19	0.02372	0.01623	0.02136	0.02308	0.07468	0.01624	0.01591	0.10935	0.02890	0.08752	0.08410	0.28920	0.05394	0.02462	0.01287	0.00401	0.00868	0.08276	0.01023	0.01259

[dist]
# distance from previous block
# <min> <max>
0	3

# created by:
# /st0/software/busco_prod/Augustus/scripts/msa2prfl.pl ./align_prep/8010.fa
