[name]
unknown

[dist]
# distance from previous block
# <min> <max>
0	62

[block]
# block no. 0 follows, 11 sequences, length 10
# corresponding to MSA columns:
# 81-90
name=unknown_A
#
# <colnr> <probs for GDERKNQSTAVLIFYWHMCP>
#	G	D	E	R	K	N	Q	S	T	A	V	L	I	F	Y	W	H	M	C	P
0	0.01385	0.01142	0.01216	0.01197	0.01554	0.00973	0.00898	0.01721	0.02694	0.03346	0.19990	0.10329	0.44188	0.02737	0.01330	0.00375	0.00562	0.02305	0.01085	0.00973
1	0.02800	0.01418	0.01891	0.01621	0.02098	0.01269	0.01269	0.03298	0.03198	0.21862	0.35935	0.06810	0.07885	0.01984	0.01259	0.00352	0.00680	0.01720	0.01293	0.01360
2	0.01685	0.01084	0.01309	0.01321	0.01505	0.01037	0.00927	0.02065	0.02534	0.03746	0.23919	0.16498	0.07032	0.12027	0.01951	0.00474	0.00645	0.01935	0.17336	0.00968
3	0.01520	0.01148	0.01403	0.01339	0.01636	0.01031	0.01004	0.01982	0.03013	0.04102	0.41256	0.09085	0.22451	0.02455	0.01328	0.00361	0.00542	0.02130	0.01185	0.01031
4	0.02800	0.02418	0.02545	0.02291	0.02927	0.02800	0.01782	0.05981	0.51390	0.04708	0.04581	0.04199	0.03436	0.01527	0.01145	0.00382	0.00891	0.01273	0.01145	0.01782
5	0.04279	0.03153	0.03378	0.02590	0.03490	0.03490	0.02139	0.49671	0.05292	0.07093	0.02702	0.02702	0.01914	0.01351	0.01126	0.00338	0.01239	0.01013	0.01126	0.01914
6	0.68395	0.02177	0.01654	0.01480	0.02177	0.02525	0.01219	0.03309	0.01915	0.05050	0.01567	0.01828	0.01219	0.01045	0.00697	0.00348	0.00871	0.00609	0.00697	0.01219
7	0.68395	0.02177	0.01654	0.01480	0.02177	0.02525	0.01219	0.03309	0.01915	0.05050	0.01567	0.01828	0.01219	0.01045	0.00697	0.00348	0.00871	0.00609	0.00697	0.01219
8	0.02800	0.02418	0.02545	0.02291	0.02927	0.02800	0.01782	0.05981	0.51390	0.04708	0.04581	0.04199	0.03436	0.01527	0.01145	0.00382	0.00891	0.01273	0.01145	0.01782
9	0.03048	0.02541	0.02685	0.02341	0.03021	0.02915	0.01841	0.13307	0.43661	0.05108	0.04266	0.03948	0.03181	0.01498	0.01142	0.00374	0.00949	0.01229	0.01142	0.01804

[dist]
# distance from previous block
# <min> <max>
0	36

[block]
# block no. 1 follows, 11 sequences, length 28
# corresponding to MSA columns:
# 129-156
name=unknown_B
#
# <colnr> <probs for GDERKNQSTAVLIFYWHMCP>
#	G	D	E	R	K	N	Q	S	T	A	V	L	I	F	Y	W	H	M	C	P
0	0.12039	0.02389	0.08355	0.06723	0.03420	0.01935	0.02004	0.04794	0.02891	0.38427	0.03625	0.03361	0.02341	0.01293	0.01072	0.00351	0.01071	0.01025	0.01133	0.01749
1	0.52411	0.16586	0.02692	0.01589	0.02351	0.02996	0.01392	0.03324	0.02006	0.04463	0.01567	0.01823	0.01274	0.01025	0.00703	0.00322	0.00952	0.00608	0.00644	0.01274
2	0.01664	0.01180	0.01680	0.01669	0.01885	0.01321	0.01290	0.02097	0.02047	0.03040	0.09337	0.04894	0.03801	0.06822	0.42559	0.01442	0.02407	0.01291	0.08554	0.01017
3	0.04061	0.09467	0.09414	0.02089	0.03005	0.02199	0.01946	0.08498	0.03088	0.32067	0.03558	0.03350	0.02391	0.01289	0.01036	0.00326	0.01052	0.01012	0.08421	0.01731
4	0.01744	0.01309	0.01635	0.01526	0.01838	0.01280	0.01152	0.02607	0.09228	0.04538	0.46782	0.07880	0.09719	0.02204	0.01305	0.00357	0.00576	0.01940	0.01227	0.01152
5	0.01444	0.01145	0.01298	0.01260	0.01590	0.00999	0.00945	0.01836	0.02835	0.03680	0.29386	0.09779	0.34584	0.02612	0.01329	0.00369	0.00553	0.02228	0.01129	0.00999
6	0.01974	0.01371	0.01610	0.01586	0.01750	0.01408	0.01121	0.07158	0.02277	0.03019	0.04042	0.08149	0.04432	0.39846	0.04196	0.00867	0.01094	0.12375	0.00818	0.00906
7	0.01371	0.00979	0.01306	0.01567	0.01632	0.00914	0.01045	0.01567	0.02155	0.02873	0.06203	0.59710	0.07444	0.03526	0.01437	0.00457	0.00653	0.03200	0.01045	0.00914
8	0.02787	0.02530	0.03611	0.15938	0.04525	0.03024	0.08005	0.11578	0.12898	0.04022	0.02552	0.03060	0.01992	0.01450	0.01834	0.00402	0.16448	0.01094	0.00748	0.01501
9	0.02126	0.02001	0.03376	0.57739	0.07752	0.02501	0.03126	0.02876	0.02251	0.02876	0.02001	0.03001	0.01500	0.01125	0.01125	0.00375	0.01500	0.01000	0.00500	0.01250
10	0.02714	0.03435	0.19516	0.08347	0.04051	0.02668	0.02735	0.04562	0.22273	0.08108	0.03213	0.03309	0.02367	0.01364	0.01333	0.00379	0.06078	0.01066	0.00828	0.01653
11	0.61583	0.02206	0.01840	0.01632	0.02257	0.02620	0.01347	0.03247	0.01896	0.04808	0.01558	0.01894	0.01246	0.01140	0.01006	0.00363	0.06812	0.00648	0.00675	0.01220
12	0.04279	0.03153	0.03378	0.02590	0.03490	0.03490	0.02139	0.49671	0.05292	0.07093	0.02702	0.02702	0.01914	0.01351	0.01126	0.00338	0.01239	0.01013	0.01126	0.01914
13	0.02068	0.01321	0.01758	0.02058	0.07479	0.01253	0.01348	0.02480	0.02502	0.07823	0.09221	0.21997	0.10180	0.02321	0.01206	0.00375	0.00737	0.05633	0.17083	0.01154
14	0.02951	0.02223	0.04129	0.12068	0.04686	0.02159	0.20736	0.03629	0.02678	0.15766	0.03511	0.09207	0.02966	0.01550	0.01282	0.00393	0.01400	0.06349	0.00853	0.01466
15	0.02334	0.02001	0.02334	0.01667	0.02667	0.01500	0.01334	0.02834	0.02334	0.03668	0.02001	0.02334	0.01667	0.00834	0.00834	0.00167	0.00834	0.00667	0.00667	0.67325
16	0.01864	0.01417	0.01789	0.01669	0.01669	0.01658	0.01141	0.01885	0.01644	0.02293	0.02913	0.05852	0.03282	0.41634	0.05125	0.06230	0.15088	0.01425	0.00620	0.00801
17	0.02488	0.07767	0.19583	0.02298	0.03219	0.02321	0.02358	0.06505	0.11657	0.07185	0.08364	0.09196	0.08956	0.01699	0.01146	0.00361	0.01108	0.01404	0.00877	0.01505
18	0.02558	0.02281	0.03544	0.31654	0.10822	0.02645	0.05688	0.10880	0.02787	0.03716	0.02452	0.07425	0.02087	0.01387	0.01329	0.00379	0.05101	0.01198	0.00661	0.01408
19	0.09228	0.12000	0.07575	0.02896	0.12267	0.02433	0.02142	0.06732	0.02641	0.03736	0.04139	0.09004	0.09288	0.01815	0.01132	0.00370	0.01092	0.09360	0.00780	0.01373
20	0.01616	0.01069	0.01276	0.01330	0.01496	0.01013	0.00915	0.01929	0.02382	0.03419	0.17007	0.22514	0.10250	0.13436	0.02080	0.00507	0.00674	0.02131	0.14020	0.00936
21	0.02471	0.03215	0.13208	0.02575	0.03600	0.08361	0.10145	0.03153	0.02528	0.03449	0.03199	0.03491	0.08032	0.01191	0.01048	0.00282	0.01287	0.01033	0.00650	0.27081
22	0.03029	0.08487	0.24934	0.03521	0.13443	0.02753	0.03122	0.08739	0.06902	0.10459	0.02597	0.02782	0.01888	0.01157	0.01071	0.00342	0.01366	0.00940	0.00732	0.01737
23	0.10391	0.07686	0.07565	0.02358	0.03225	0.02529	0.05704	0.15129	0.03276	0.19098	0.03288	0.09211	0.02612	0.01484	0.01094	0.00352	0.01140	0.01224	0.00995	0.01638
24	0.02968	0.14006	0.03222	0.02101	0.02704	0.02115	0.06418	0.03351	0.02520	0.17600	0.04010	0.15877	0.03810	0.08419	0.01678	0.00449	0.01066	0.05390	0.00937	0.01359
25	0.08347	0.02213	0.06594	0.06278	0.03066	0.01946	0.01773	0.03899	0.12664	0.13968	0.10003	0.04627	0.08547	0.01530	0.01098	0.00339	0.00931	0.01258	0.00990	0.09930
26	0.02544	0.02078	0.02335	0.02477	0.08050	0.08028	0.01693	0.03135	0.06782	0.07678	0.07750	0.15218	0.04321	0.02145	0.01460	0.05597	0.01026	0.07073	0.00896	0.09715
27	0.03421	0.15825	0.10323	0.02417	0.03342	0.02814	0.06072	0.09902	0.08359	0.16477	0.03035	0.03303	0.02287	0.05849	0.01410	0.00389	0.01221	0.01032	0.00886	0.01633

[dist]
# distance from previous block
# <min> <max>
4	75

[block]
# block no. 2 follows, 11 sequences, length 28
# corresponding to MSA columns:
# 236-263
name=unknown_C
#
# <colnr> <probs for GDERKNQSTAVLIFYWHMCP>
#	G	D	E	R	K	N	Q	S	T	A	V	L	I	F	Y	W	H	M	C	P
0	0.03130	0.09288	0.18688	0.06377	0.04108	0.07424	0.06711	0.04387	0.11892	0.12596	0.02888	0.02993	0.02082	0.01205	0.01083	0.00346	0.01389	0.00991	0.00785	0.01638
1	0.02332	0.03133	0.16258	0.19755	0.09782	0.02458	0.06767	0.03138	0.02316	0.03320	0.01995	0.02655	0.01556	0.01099	0.01284	0.00336	0.06161	0.00920	0.00537	0.14198
2	0.35572	0.08396	0.02790	0.13060	0.03516	0.02901	0.01914	0.03113	0.01985	0.03912	0.01636	0.02182	0.01349	0.01230	0.01362	0.00370	0.12107	0.00759	0.00595	0.01251
3	0.08921	0.02010	0.02409	0.12666	0.03536	0.02263	0.01836	0.04299	0.23419	0.08969	0.07879	0.09948	0.03800	0.01666	0.01143	0.00380	0.00958	0.01410	0.01000	0.01488
4	0.01443	0.01021	0.01334	0.01523	0.01587	0.00991	0.01006	0.01619	0.02025	0.02718	0.05417	0.44859	0.06399	0.14898	0.06982	0.00696	0.00942	0.02727	0.00937	0.00877
5	0.01518	0.01146	0.01420	0.01602	0.01758	0.01116	0.01104	0.02036	0.07373	0.03082	0.06536	0.49141	0.11429	0.03251	0.01396	0.00442	0.00670	0.02917	0.01055	0.01009
6	0.02521	0.02173	0.07379	0.06670	0.03078	0.02053	0.02004	0.03337	0.07786	0.11440	0.13977	0.05750	0.08483	0.01925	0.01691	0.00401	0.11465	0.05555	0.00948	0.01363
7	0.01757	0.01177	0.01453	0.01414	0.01723	0.01050	0.01048	0.02145	0.02814	0.07818	0.28142	0.18562	0.21453	0.02619	0.01333	0.00381	0.00600	0.02282	0.01159	0.01071
8	0.02457	0.02621	0.08254	0.08414	0.11290	0.02158	0.07242	0.03413	0.07558	0.03685	0.02320	0.02741	0.01835	0.00995	0.01011	0.00275	0.01172	0.00899	0.00656	0.31004
9	0.01630	0.01118	0.01364	0.01364	0.01412	0.01165	0.00853	0.01725	0.01677	0.02284	0.03421	0.06673	0.03791	0.48209	0.17553	0.01260	0.01544	0.01535	0.00663	0.00758
10	0.02672	0.03253	0.14932	0.03434	0.13573	0.02732	0.02666	0.04915	0.30253	0.04237	0.03494	0.03494	0.02640	0.01316	0.01122	0.00366	0.01159	0.01117	0.00872	0.01755
11	0.02938	0.02487	0.02623	0.02319	0.02980	0.02864	0.01815	0.10073	0.47072	0.04932	0.04405	0.04059	0.03293	0.01511	0.01143	0.00378	0.00923	0.01248	0.01143	0.01794
12	0.01424	0.01069	0.01320	0.01415	0.01618	0.00966	0.01001	0.01739	0.02554	0.03385	0.20864	0.32572	0.19962	0.03003	0.01378	0.00408	0.00597	0.02657	0.01100	0.00966
13	0.01628	0.01125	0.01401	0.01401	0.01460	0.01185	0.00898	0.01748	0.01688	0.02311	0.03388	0.06489	0.03711	0.44962	0.20692	0.01305	0.01664	0.01508	0.00658	0.00778
14	0.02356	0.10173	0.46282	0.03238	0.04797	0.02788	0.08002	0.03552	0.02394	0.03492	0.02005	0.02388	0.01452	0.01050	0.01064	0.00349	0.01646	0.00857	0.00484	0.01632
15	0.01608	0.01206	0.01809	0.01809	0.02010	0.01407	0.01407	0.02010	0.01809	0.02613	0.03015	0.04422	0.02814	0.08441	0.55984	0.01809	0.03015	0.01206	0.00603	0.01005
16	0.01393	0.00996	0.01325	0.01553	0.01637	0.00928	0.01046	0.01621	0.02254	0.03032	0.10705	0.54757	0.07751	0.03408	0.01426	0.00447	0.00641	0.03087	0.01064	0.00928
17	0.03087	0.02830	0.04035	0.03475	0.08182	0.07482	0.15524	0.04589	0.19197	0.09145	0.03148	0.03348	0.02369	0.01313	0.01426	0.00376	0.06830	0.01174	0.00844	0.01626
18	0.02045	0.01449	0.01815	0.01774	0.02054	0.01551	0.01332	0.10392	0.02621	0.03679	0.04253	0.25312	0.04438	0.04535	0.19413	0.00864	0.01527	0.01920	0.07889	0.01137
19	0.01400	0.00991	0.01298	0.01531	0.01589	0.00933	0.01006	0.01575	0.02100	0.02800	0.05921	0.54147	0.07088	0.09575	0.01893	0.00524	0.00700	0.03034	0.01006	0.00890
20	0.02301	0.02546	0.08570	0.37468	0.16283	0.02629	0.03234	0.03045	0.02280	0.03090	0.01981	0.02850	0.01548	0.01168	0.01340	0.00375	0.06405	0.00983	0.00509	0.01396
21	0.03325	0.01598	0.02089	0.01819	0.02363	0.01475	0.01412	0.03976	0.07466	0.28178	0.13490	0.18344	0.05379	0.02089	0.01242	0.00379	0.00801	0.01811	0.01257	0.01506
22	0.01688	0.01371	0.01528	0.01506	0.01857	0.01340	0.01119	0.02591	0.12476	0.03644	0.17444	0.17940	0.26083	0.02596	0.01312	0.00389	0.00642	0.02235	0.01104	0.01134
23	0.03713	0.01904	0.02210	0.01788	0.02433	0.01899	0.01447	0.15883	0.03429	0.22699	0.03692	0.03678	0.02597	0.01351	0.00998	0.00312	0.00864	0.01069	0.26452	0.01582
24	0.02251	0.12609	0.26972	0.07854	0.04031	0.02573	0.02886	0.03337	0.06775	0.03476	0.07381	0.09170	0.03116	0.01476	0.01092	0.00353	0.01295	0.01217	0.00670	0.01465
25	0.08647	0.02707	0.12189	0.08026	0.08397	0.02139	0.02354	0.04237	0.07781	0.21678	0.03468	0.07909	0.02646	0.01434	0.01109	0.00364	0.01136	0.01196	0.00947	0.01638
26	0.01868	0.01158	0.01549	0.01614	0.01841	0.01071	0.01183	0.02218	0.02614	0.08861	0.19877	0.34304	0.07808	0.02898	0.01382	0.00420	0.00683	0.06437	0.01139	0.01076
27	0.09791	0.02820	0.08359	0.20260	0.04708	0.07475	0.02445	0.08074	0.02873	0.18375	0.02704	0.02942	0.01869	0.01213	0.01069	0.00351	0.01327	0.00958	0.00838	0.01548

[dist]
# distance from previous block
# <min> <max>
0	4

[block]
# block no. 3 follows, 11 sequences, length 32
# corresponding to MSA columns:
# 268-299
name=unknown_D
#
# <colnr> <probs for GDERKNQSTAVLIFYWHMCP>
#	G	D	E	R	K	N	Q	S	T	A	V	L	I	F	Y	W	H	M	C	P
0	0.03375	0.02123	0.02640	0.06729	0.03273	0.01887	0.01687	0.09622	0.02970	0.19115	0.02818	0.02885	0.02018	0.01092	0.00985	0.00261	0.00980	0.00879	0.00928	0.33733
1	0.08412	0.01669	0.02327	0.11599	0.07476	0.01947	0.01830	0.02463	0.02033	0.03145	0.02973	0.11464	0.02928	0.07710	0.13417	0.00745	0.08787	0.01365	0.06578	0.01131
2	0.54488	0.02128	0.01836	0.01563	0.02309	0.02323	0.01285	0.03544	0.02119	0.11189	0.01971	0.02128	0.01458	0.01070	0.00764	0.00332	0.00878	0.00681	0.00783	0.07149
3	0.14055	0.02444	0.02684	0.18321	0.04218	0.08926	0.02004	0.03600	0.02503	0.12369	0.02320	0.02668	0.01711	0.01094	0.00971	0.00306	0.01210	0.00844	0.00739	0.17016
4	0.02732	0.13304	0.03460	0.29603	0.05140	0.02522	0.02359	0.03279	0.02422	0.12169	0.02898	0.10177	0.02484	0.01450	0.01088	0.00355	0.01236	0.01228	0.00729	0.01366
5	0.03235	0.01496	0.01978	0.01656	0.02202	0.01335	0.01313	0.03721	0.03132	0.27478	0.26275	0.05933	0.06340	0.01797	0.01191	0.00344	0.00728	0.01534	0.06856	0.01456
6	0.01866	0.01228	0.01624	0.01725	0.02004	0.01154	0.01380	0.02278	0.02638	0.07341	0.14444	0.21639	0.13026	0.02902	0.01429	0.00446	0.00800	0.19906	0.01101	0.01070
7	0.01704	0.01247	0.01449	0.01422	0.01615	0.01234	0.00983	0.02200	0.06688	0.03202	0.17430	0.08181	0.12105	0.28732	0.03324	0.00706	0.00859	0.05043	0.00938	0.00938
8	0.01570	0.01188	0.01673	0.01658	0.01892	0.01291	0.01279	0.01979	0.02136	0.02986	0.12431	0.05906	0.10511	0.06700	0.39863	0.01383	0.02287	0.01494	0.00766	0.01008
9	0.01510	0.01168	0.01579	0.01744	0.01801	0.01237	0.01225	0.01713	0.02100	0.02852	0.05601	0.52417	0.06684	0.03328	0.01724	0.00462	0.08007	0.02918	0.00974	0.00955
10	0.05050	0.01915	0.02612	0.02003	0.02873	0.01654	0.01654	0.05485	0.03221	0.54203	0.04440	0.03831	0.02786	0.01393	0.01132	0.00348	0.00958	0.01132	0.01393	0.01915
11	0.05050	0.01915	0.02612	0.02003	0.02873	0.01654	0.01654	0.05485	0.03221	0.54203	0.04440	0.03831	0.02786	0.01393	0.01132	0.00348	0.00958	0.01132	0.01393	0.01915
12	0.05050	0.01915	0.02612	0.02003	0.02873	0.01654	0.01654	0.05485	0.03221	0.54203	0.04440	0.03831	0.02786	0.01393	0.01132	0.00348	0.00958	0.01132	0.01393	0.01915
13	0.01593	0.01150	0.01504	0.01416	0.01681	0.01062	0.01062	0.02124	0.03186	0.04513	0.52830	0.08407	0.10620	0.02301	0.01327	0.00354	0.00531	0.02035	0.01239	0.01062
14	0.04279	0.03153	0.03378	0.02590	0.03490	0.03490	0.02139	0.49671	0.05292	0.07093	0.02702	0.02702	0.01914	0.01351	0.01126	0.00338	0.01239	0.01013	0.01126	0.01914
15	0.03009	0.61122	0.05898	0.01926	0.02889	0.04454	0.01926	0.03370	0.02287	0.02648	0.01565	0.01805	0.01444	0.00963	0.00722	0.00241	0.01204	0.00602	0.00481	0.01444
16	0.01633	0.01106	0.01302	0.01302	0.01328	0.01132	0.00775	0.01685	0.01659	0.02237	0.03478	0.06989	0.03928	0.53790	0.12159	0.01183	0.01337	0.01582	0.00672	0.00723
17	0.01611	0.01195	0.01752	0.01752	0.01934	0.01376	0.01336	0.01974	0.01792	0.02571	0.03066	0.04708	0.02938	0.13495	0.51100	0.01739	0.02828	0.01248	0.00611	0.00974
18	0.01468	0.01159	0.01332	0.01326	0.01655	0.01022	0.01020	0.01861	0.02782	0.03582	0.25195	0.10175	0.33809	0.02686	0.01351	0.00384	0.00602	0.06483	0.01111	0.00997
19	0.02334	0.02001	0.02334	0.01667	0.02667	0.01500	0.01334	0.02834	0.02334	0.03668	0.02001	0.02334	0.01667	0.00834	0.00834	0.00167	0.00834	0.00667	0.00667	0.67325
20	0.01955	0.00978	0.01466	0.01466	0.01466	0.00978	0.00978	0.01466	0.01466	0.01955	0.01955	0.03421	0.01955	0.03910	0.04399	0.67253	0.00978	0.00978	0.00489	0.00489
21	0.03862	0.07939	0.07705	0.07042	0.03558	0.02647	0.02124	0.19886	0.03622	0.20381	0.03097	0.03090	0.02142	0.01282	0.01059	0.00331	0.01151	0.00999	0.06362	0.01723
22	0.02761	0.19349	0.24282	0.12482	0.04636	0.03223	0.03056	0.10865	0.02803	0.03771	0.02007	0.02389	0.01523	0.01097	0.00997	0.00326	0.01444	0.00830	0.00587	0.01572
23	0.01505	0.01075	0.01460	0.01720	0.01844	0.01030	0.01277	0.01799	0.02287	0.03023	0.06130	0.45486	0.07152	0.03400	0.01472	0.00476	0.00769	0.16103	0.01042	0.00951
24	0.03514	0.02144	0.02425	0.01915	0.02676	0.05639	0.01532	0.08011	0.03171	0.23062	0.13399	0.04154	0.03932	0.01415	0.01087	0.00298	0.00942	0.01158	0.01092	0.18435
25	0.02555	0.04480	0.34311	0.02814	0.04079	0.02627	0.03215	0.09746	0.11547	0.04298	0.06868	0.03254	0.02625	0.01291	0.01112	0.00358	0.01376	0.01035	0.00742	0.01665
26	0.02462	0.02462	0.03447	0.02955	0.02955	0.03447	0.02462	0.02709	0.01724	0.02709	0.01477	0.02462	0.01477	0.01970	0.03694	0.00492	0.58385	0.00985	0.00492	0.01231
27	0.02786	0.02674	0.04568	0.06908	0.53424	0.02674	0.03454	0.03454	0.02563	0.03677	0.02117	0.02786	0.01783	0.01003	0.01114	0.00334	0.01337	0.01003	0.00557	0.01783
28	0.01330	0.01140	0.01140	0.01140	0.01520	0.00950	0.00855	0.01615	0.02565	0.03041	0.11402	0.10832	0.52967	0.02850	0.01330	0.00380	0.00570	0.02375	0.01045	0.00950
29	0.02864	0.03051	0.06224	0.04468	0.05576	0.02929	0.43297	0.09500	0.02994	0.04052	0.02331	0.02993	0.01734	0.01000	0.01302	0.00374	0.01813	0.01288	0.00640	0.01569
30	0.12483	0.03028	0.03157	0.02448	0.03322	0.03367	0.02022	0.43738	0.04860	0.06832	0.02557	0.02590	0.01825	0.01312	0.01071	0.00339	0.01191	0.00962	0.01071	0.01825
31	0.04292	0.02577	0.02950	0.12144	0.03923	0.09026	0.02064	0.12298	0.03391	0.30612	0.03370	0.03264	0.02241	0.01309	0.01115	0.00344	0.01238	0.01037	0.01086	0.01719

[dist]
# distance from previous block
# <min> <max>
0	18

[block]
# block no. 4 follows, 11 sequences, length 43
# corresponding to MSA columns:
# 318-360
name=unknown_E
#
# <colnr> <probs for GDERKNQSTAVLIFYWHMCP>
#	G	D	E	R	K	N	Q	S	T	A	V	L	I	F	Y	W	H	M	C	P
0	0.44822	0.07016	0.02039	0.01525	0.02194	0.02332	0.01269	0.03242	0.02233	0.09046	0.06878	0.03462	0.07507	0.01356	0.00854	0.00343	0.00849	0.00952	0.00820	0.01261
1	0.26085	0.02566	0.02231	0.01834	0.02631	0.09430	0.01454	0.03557	0.07411	0.04142	0.02080	0.02307	0.01663	0.01025	0.00842	0.00270	0.01016	0.00717	0.00715	0.28023
2	0.01393	0.00997	0.01326	0.01552	0.01637	0.00929	0.01047	0.01623	0.02258	0.03037	0.10870	0.54575	0.07762	0.03404	0.01426	0.00447	0.00641	0.03083	0.01064	0.00929
3	0.02523	0.03107	0.18976	0.02272	0.03119	0.02139	0.02275	0.07559	0.11828	0.07833	0.12942	0.04718	0.04115	0.09551	0.01780	0.00459	0.01130	0.01298	0.00902	0.01473
4	0.01869	0.01123	0.01468	0.01584	0.01791	0.01019	0.01109	0.02107	0.02342	0.09898	0.06483	0.47188	0.11365	0.03167	0.01384	0.00435	0.00686	0.02835	0.01092	0.01055
5	0.03065	0.03374	0.08159	0.17976	0.04661	0.14060	0.02583	0.11312	0.11216	0.03890	0.02452	0.02844	0.01874	0.01304	0.01320	0.00361	0.06357	0.00973	0.00724	0.01497
6	0.01408	0.00995	0.01295	0.01521	0.01577	0.00938	0.00995	0.01577	0.02084	0.02779	0.05841	0.52563	0.06986	0.11298	0.02023	0.00544	0.00713	0.02986	0.00995	0.00882
7	0.03119	0.03498	0.14000	0.04328	0.16772	0.02961	0.14889	0.17877	0.03400	0.04700	0.02322	0.02748	0.01738	0.01110	0.01164	0.00351	0.01510	0.01057	0.00722	0.01734
8	0.02786	0.02597	0.04270	0.12734	0.21354	0.02596	0.12236	0.09602	0.02868	0.04005	0.02192	0.02782	0.01723	0.01029	0.01114	0.00322	0.01378	0.01014	0.00647	0.12752
9	0.02004	0.01582	0.01859	0.01714	0.02106	0.01654	0.01307	0.03438	0.19612	0.04580	0.36389	0.06973	0.08172	0.02037	0.01265	0.00363	0.00654	0.01775	0.01207	0.01307
10	0.02334	0.02001	0.02334	0.01667	0.02667	0.01500	0.01334	0.02834	0.02334	0.03668	0.02001	0.02334	0.01667	0.00834	0.00834	0.00167	0.00834	0.00667	0.00667	0.67325
11	0.02786	0.02674	0.04568	0.06908	0.53424	0.02674	0.03454	0.03454	0.02563	0.03677	0.02117	0.02786	0.01783	0.01003	0.01114	0.00334	0.01337	0.01003	0.00557	0.01783
12	0.01771	0.01265	0.01765	0.02024	0.02264	0.01259	0.01739	0.02258	0.02549	0.03320	0.05983	0.17244	0.06571	0.03150	0.01543	0.00512	0.00999	0.41722	0.01037	0.01025
13	0.01371	0.00979	0.01306	0.01567	0.01632	0.00914	0.01045	0.01567	0.02155	0.02873	0.06203	0.59710	0.07444	0.03526	0.01437	0.00457	0.00653	0.03200	0.01045	0.00914
14	0.52841	0.02217	0.02152	0.02276	0.09246	0.02455	0.01569	0.03555	0.02140	0.09981	0.01941	0.02168	0.01459	0.01075	0.00799	0.00346	0.00943	0.00718	0.00750	0.01368
15	0.02501	0.02955	0.19333	0.02420	0.03195	0.01946	0.02484	0.03204	0.02538	0.11881	0.07469	0.11389	0.04114	0.02024	0.01510	0.00416	0.06891	0.11458	0.00874	0.01397
16	0.01509	0.01051	0.01283	0.01393	0.01580	0.00969	0.00981	0.01833	0.02463	0.03417	0.16259	0.33386	0.15170	0.02859	0.01308	0.00396	0.00597	0.02529	0.10048	0.00969
17	0.02473	0.02081	0.03293	0.35240	0.14172	0.02383	0.02780	0.03404	0.07202	0.07058	0.06488	0.03571	0.02554	0.01256	0.01142	0.00365	0.01297	0.01119	0.00696	0.01425
18	0.03302	0.10865	0.03718	0.15026	0.04277	0.07560	0.02391	0.21137	0.03416	0.04437	0.02102	0.02552	0.01645	0.01338	0.01503	0.00356	0.11170	0.00926	0.00745	0.01535
19	0.02593	0.07597	0.11815	0.02922	0.12088	0.02155	0.02246	0.06586	0.03015	0.09202	0.21836	0.04892	0.05202	0.01575	0.01158	0.00339	0.01026	0.01350	0.00925	0.01479
20	0.01955	0.00978	0.01466	0.01466	0.01466	0.00978	0.00978	0.01466	0.01466	0.01955	0.01955	0.03421	0.01955	0.03910	0.04399	0.67253	0.00978	0.00978	0.00489	0.00489
21	0.03780	0.01861	0.02195	0.01774	0.02424	0.01828	0.01436	0.14035	0.03351	0.25277	0.03775	0.03722	0.02633	0.01353	0.01002	0.00314	0.00857	0.01075	0.25716	0.01592
22	0.02334	0.02001	0.02334	0.01667	0.02667	0.01500	0.01334	0.02834	0.02334	0.03668	0.02001	0.02334	0.01667	0.00834	0.00834	0.00167	0.00834	0.00667	0.00667	0.67325
23	0.08103	0.03757	0.12544	0.07668	0.09245	0.15308	0.06081	0.07397	0.02799	0.07746	0.02145	0.02546	0.01634	0.01213	0.01320	0.00352	0.07058	0.00911	0.00661	0.01513
24	0.05050	0.01915	0.02612	0.02003	0.02873	0.01654	0.01654	0.05485	0.03221	0.54203	0.04440	0.03831	0.02786	0.01393	0.01132	0.00348	0.00958	0.01132	0.01393	0.01915
25	0.01764	0.01236	0.01403	0.01399	0.01482	0.01273	0.00880	0.02113	0.06527	0.02523	0.03842	0.07492	0.04222	0.50092	0.04947	0.00976	0.01067	0.05189	0.00756	0.00817
26	0.08992	0.01386	0.01609	0.01519	0.01882	0.01381	0.01149	0.02838	0.06613	0.08783	0.25168	0.14532	0.06801	0.02086	0.01173	0.00359	0.00652	0.01794	0.10095	0.01188
27	0.02224	0.01290	0.01707	0.01523	0.01899	0.01170	0.01170	0.02738	0.03192	0.13591	0.43990	0.07571	0.09189	0.02135	0.01292	0.00353	0.00609	0.01870	0.01267	0.01218
28	0.16505	0.02967	0.03049	0.02378	0.03240	0.03306	0.01964	0.40830	0.04648	0.06704	0.02486	0.02536	0.01782	0.01293	0.01044	0.00340	0.01168	0.00936	0.01044	0.01782
29	0.01637	0.01091	0.01228	0.01228	0.01228	0.01091	0.00682	0.01637	0.01637	0.02182	0.03546	0.07365	0.04092	0.60445	0.05729	0.01091	0.01091	0.01637	0.00682	0.00682
30	0.02786	0.02674	0.04568	0.06908	0.53424	0.02674	0.03454	0.03454	0.02563	0.03677	0.02117	0.02786	0.01783	0.01003	0.01114	0.00334	0.01337	0.01003	0.00557	0.01783
31	0.01371	0.00979	0.01306	0.01567	0.01632	0.00914	0.01045	0.01567	0.02155	0.02873	0.06203	0.59710	0.07444	0.03526	0.01437	0.00457	0.00653	0.03200	0.01045	0.00914
32	0.02257	0.05822	0.54613	0.03208	0.04871	0.02614	0.04158	0.03564	0.02376	0.03564	0.02020	0.02376	0.01426	0.01069	0.01069	0.00356	0.01663	0.00832	0.00475	0.01663
33	0.02800	0.02418	0.02545	0.02291	0.02927	0.02800	0.01782	0.05981	0.51390	0.04708	0.04581	0.04199	0.03436	0.01527	0.01145	0.00382	0.00891	0.01273	0.01145	0.01782
34	0.03009	0.61122	0.05898	0.01926	0.02889	0.04454	0.01926	0.03370	0.02287	0.02648	0.01565	0.01805	0.01444	0.00963	0.00722	0.00241	0.01204	0.00602	0.00481	0.01444
35	0.02476	0.07489	0.11708	0.06216	0.03355	0.01980	0.05745	0.03138	0.02730	0.10580	0.16975	0.04954	0.08360	0.01556	0.01141	0.00331	0.01053	0.01342	0.00885	0.07987
36	0.03044	0.14495	0.14343	0.11138	0.04448	0.03236	0.06454	0.16969	0.07406	0.04407	0.02368	0.02667	0.01777	0.01169	0.01056	0.00336	0.01381	0.00944	0.00733	0.01630
37	0.01359	0.01127	0.01190	0.01206	0.01546	0.00958	0.00892	0.01660	0.02588	0.03168	0.14939	0.15026	0.44746	0.02859	0.01340	0.00385	0.00574	0.02417	0.01064	0.00958
38	0.01366	0.01001	0.01283	0.01509	0.01617	0.00919	0.01019	0.01574	0.02211	0.02896	0.06913	0.53037	0.13660	0.03434	0.01422	0.00447	0.00642	0.03087	0.01045	0.00919
39	0.02145	0.01839	0.08821	0.01805	0.02282	0.01297	0.01559	0.02592	0.02558	0.11914	0.12883	0.30426	0.10219	0.02585	0.01309	0.00403	0.00817	0.02279	0.01056	0.01211
40	0.02977	0.12919	0.09856	0.03216	0.04115	0.03149	0.17472	0.07742	0.07406	0.07461	0.02429	0.02817	0.01865	0.01242	0.01511	0.00365	0.10138	0.01056	0.00698	0.01565
41	0.02786	0.02674	0.04568	0.06908	0.53424	0.02674	0.03454	0.03454	0.02563	0.03677	0.02117	0.02786	0.01783	0.01003	0.01114	0.00334	0.01337	0.01003	0.00557	0.01783
42	0.04662	0.02113	0.02683	0.02103	0.02945	0.02002	0.01722	0.10154	0.10014	0.42540	0.04279	0.03764	0.02784	0.01407	0.01133	0.00352	0.00978	0.01139	0.01331	0.01897

[dist]
# distance from previous block
# <min> <max>
0	16

[block]
# block no. 5 follows, 11 sequences, length 28
# corresponding to MSA columns:
# 377-404
name=unknown_F
#
# <colnr> <probs for GDERKNQSTAVLIFYWHMCP>
#	G	D	E	R	K	N	Q	S	T	A	V	L	I	F	Y	W	H	M	C	P
0	0.02917	0.02544	0.03098	0.18719	0.09578	0.07427	0.02367	0.17377	0.03266	0.04236	0.02817	0.10040	0.02507	0.02077	0.05575	0.00477	0.01466	0.01272	0.00784	0.01455
1	0.13818	0.08051	0.03762	0.08363	0.13342	0.02874	0.07044	0.12467	0.06267	0.09712	0.02500	0.02773	0.01867	0.01153	0.01039	0.00341	0.01233	0.00968	0.00802	0.01623
2	0.04680	0.02508	0.02979	0.02284	0.03169	0.02534	0.01887	0.26660	0.04214	0.31627	0.03607	0.03290	0.02368	0.01373	0.01129	0.00343	0.01092	0.01075	0.01265	0.01915
3	0.01433	0.01079	0.01338	0.01497	0.01692	0.00984	0.01089	0.01722	0.02410	0.03115	0.11408	0.35715	0.20578	0.03182	0.01412	0.00434	0.00668	0.08232	0.01059	0.00952
4	0.02795	0.03407	0.18873	0.08146	0.04393	0.02564	0.10561	0.08399	0.06766	0.09076	0.07193	0.03429	0.02673	0.01326	0.01335	0.00370	0.05207	0.01135	0.00777	0.01577
5	0.02636	0.02274	0.03810	0.32121	0.26340	0.02505	0.03144	0.03326	0.02459	0.07346	0.02246	0.02978	0.01721	0.01096	0.01121	0.00356	0.01389	0.01012	0.00596	0.01525
6	0.01608	0.01206	0.01809	0.01809	0.02010	0.01407	0.01407	0.02010	0.01809	0.02613	0.03015	0.04422	0.02814	0.08441	0.55984	0.01809	0.03015	0.01206	0.00603	0.01005
7	0.48195	0.02545	0.02162	0.11957	0.03361	0.09234	0.01688	0.03378	0.02137	0.04363	0.01668	0.02068	0.01299	0.01074	0.00815	0.00346	0.01132	0.00696	0.00646	0.01235
8	0.01619	0.01163	0.01562	0.01650	0.01874	0.01106	0.01293	0.02081	0.02802	0.03840	0.29232	0.19661	0.08717	0.02789	0.01419	0.00425	0.00712	0.15892	0.01138	0.01025
9	0.02625	0.19933	0.04177	0.02648	0.02935	0.03747	0.02303	0.02906	0.01891	0.02691	0.01503	0.02267	0.01468	0.01670	0.02809	0.00418	0.41354	0.00871	0.00489	0.01295
10	0.03245	0.01452	0.01918	0.01696	0.02191	0.01299	0.01306	0.03628	0.02788	0.27768	0.09419	0.21162	0.04939	0.02111	0.01199	0.00371	0.00771	0.01830	0.09483	0.01424
11	0.01560	0.01149	0.01459	0.01381	0.01661	0.01048	0.01036	0.02060	0.03108	0.04328	0.47622	0.08712	0.15944	0.02370	0.01328	0.00357	0.00536	0.02078	0.01215	0.01048
12	0.01570	0.01133	0.01484	0.01432	0.01676	0.01047	0.01060	0.02066	0.03078	0.04342	0.47958	0.13768	0.10288	0.02429	0.01339	0.00365	0.00544	0.02157	0.01219	0.01047
13	0.05050	0.01915	0.02612	0.02003	0.02873	0.01654	0.01654	0.05485	0.03221	0.54203	0.04440	0.03831	0.02786	0.01393	0.01132	0.00348	0.00958	0.01132	0.01393	0.01915
14	0.04204	0.05364	0.03190	0.02900	0.03480	0.55926	0.02175	0.04494	0.03190	0.02755	0.01740	0.02030	0.01450	0.01160	0.01015	0.00290	0.02030	0.00725	0.00580	0.01305
15	0.01978	0.04335	0.38048	0.02656	0.03855	0.02090	0.03173	0.02949	0.02349	0.03367	0.03841	0.15264	0.07868	0.01764	0.01173	0.00380	0.01341	0.01484	0.00652	0.01434
16	0.01453	0.01038	0.01400	0.01661	0.01762	0.00985	0.01187	0.01709	0.02236	0.02965	0.06158	0.50993	0.07265	0.03449	0.01458	0.00468	0.00724	0.11107	0.01043	0.00937
17	0.02607	0.10162	0.08637	0.02660	0.03131	0.03304	0.02370	0.03818	0.16126	0.03361	0.02434	0.02870	0.02031	0.01626	0.02324	0.00415	0.28982	0.01004	0.00677	0.01460
18	0.03177	0.03013	0.03701	0.08774	0.15244	0.09757	0.06865	0.12796	0.16498	0.04392	0.02855	0.03103	0.02184	0.01237	0.01133	0.00350	0.01354	0.01073	0.00822	0.01671
19	0.02126	0.02001	0.03376	0.57739	0.07752	0.02501	0.03126	0.02876	0.02251	0.02876	0.02001	0.03001	0.01500	0.01125	0.01125	0.00375	0.01500	0.01000	0.00500	0.01250
20	0.02410	0.02206	0.03688	0.05281	0.37020	0.02270	0.02801	0.02993	0.02322	0.03338	0.02404	0.03308	0.02112	0.03376	0.18621	0.00805	0.01872	0.01068	0.00572	0.01535
21	0.02855	0.49787	0.15883	0.02189	0.03295	0.04076	0.02383	0.03410	0.02305	0.02836	0.01658	0.01922	0.01441	0.00985	0.00793	0.00264	0.01298	0.00649	0.00480	0.01489
22	0.02019	0.02619	0.14062	0.22112	0.04709	0.02191	0.02653	0.02758	0.02399	0.03363	0.13735	0.04182	0.03699	0.02139	0.06443	0.00509	0.07243	0.01219	0.00673	0.01273
23	0.01593	0.01150	0.01504	0.01416	0.01681	0.01062	0.01062	0.02124	0.03186	0.04513	0.52830	0.08407	0.10620	0.02301	0.01327	0.00354	0.00531	0.02035	0.01239	0.01062
24	0.02711	0.02051	0.02398	0.02165	0.02642	0.02329	0.01709	0.04587	0.29516	0.08689	0.08686	0.05007	0.03979	0.01951	0.01712	0.05788	0.06659	0.04864	0.01049	0.01507
25	0.01405	0.01025	0.01323	0.01498	0.01629	0.00943	0.01028	0.01668	0.02374	0.03172	0.14752	0.45911	0.12625	0.03247	0.01407	0.00432	0.00624	0.02916	0.01078	0.00943
26	0.08293	0.01228	0.01470	0.01437	0.01661	0.01235	0.01029	0.02067	0.02474	0.03696	0.27029	0.12475	0.07131	0.15560	0.07796	0.00672	0.00952	0.01843	0.00978	0.00974
27	0.02939	0.03206	0.14775	0.02856	0.03697	0.02716	0.08384	0.11732	0.07954	0.08882	0.07864	0.03481	0.02846	0.01471	0.01627	0.00382	0.11619	0.01152	0.00836	0.01583

[dist]
# distance from previous block
# <min> <max>
0	107

# created by:
# /st0/software/busco_prod/Augustus/scripts/msa2prfl.pl ./align_prep/8021.fa
