[name]
unknown

[dist]
# distance from previous block
# <min> <max>
0	58

[block]
# block no. 0 follows, 13 sequences, length 12
# corresponding to MSA columns:
# 58-69
name=unknown_A
#
# <colnr> <probs for GDERKNQSTAVLIFYWHMCP>
#	G	D	E	R	K	N	Q	S	T	A	V	L	I	F	Y	W	H	M	C	P
0	0.02580	0.15467	0.02809	0.01860	0.02478	0.02066	0.01630	0.03193	0.06048	0.11677	0.03766	0.06210	0.03558	0.01770	0.01088	0.00342	0.00957	0.19577	0.00862	0.12062
1	0.03688	0.12883	0.03471	0.08314	0.11720	0.02525	0.02074	0.12089	0.03007	0.25484	0.02865	0.02861	0.01997	0.01149	0.00992	0.00308	0.01089	0.00927	0.00913	0.01642
2	0.03252	0.20592	0.13254	0.02056	0.03055	0.02594	0.02039	0.07489	0.02643	0.19070	0.02484	0.02493	0.01790	0.01050	0.00895	0.00271	0.01088	0.00789	0.00776	0.12320
3	0.01302	0.00947	0.01228	0.01424	0.01528	0.00874	0.00967	0.01520	0.02141	0.02843	0.10464	0.52882	0.11664	0.03158	0.01332	0.00415	0.00597	0.02844	0.00997	0.00874
4	0.02232	0.14657	0.49155	0.02823	0.04281	0.02729	0.03574	0.03320	0.02219	0.03212	0.01830	0.02147	0.01342	0.00989	0.00953	0.00318	0.01494	0.00747	0.00447	0.01530
5	0.08377	0.02797	0.11780	0.18078	0.16229	0.02529	0.02705	0.11135	0.06312	0.06673	0.02263	0.02663	0.01686	0.01089	0.01014	0.00333	0.01245	0.00910	0.00671	0.01511
6	0.07502	0.12866	0.03580	0.17075	0.04159	0.02652	0.07816	0.12033	0.02762	0.10549	0.02540	0.07390	0.02080	0.01258	0.01010	0.00326	0.01190	0.01070	0.00741	0.01399
7	0.01333	0.00998	0.01238	0.01340	0.01520	0.00903	0.00943	0.01618	0.02367	0.03135	0.19878	0.35706	0.19438	0.02863	0.01299	0.00387	0.00565	0.02538	0.01029	0.00903
8	0.01288	0.00920	0.01227	0.01472	0.01534	0.00859	0.00981	0.01472	0.02024	0.02699	0.05828	0.62152	0.06993	0.03312	0.01350	0.00429	0.00613	0.03006	0.00981	0.00859
9	0.02541	0.01774	0.03138	0.07359	0.03453	0.01678	0.16142	0.03028	0.02413	0.16167	0.04026	0.25739	0.03899	0.01934	0.01226	0.00377	0.01088	0.01850	0.00890	0.01279
10	0.03599	0.02176	0.06854	0.02160	0.02913	0.01851	0.06526	0.07545	0.06952	0.31354	0.03568	0.03904	0.02610	0.10999	0.01761	0.00443	0.01068	0.01138	0.01027	0.01552
11	0.01462	0.01156	0.01331	0.01338	0.01622	0.01083	0.00982	0.02039	0.07492	0.03369	0.21907	0.20404	0.26829	0.02550	0.01254	0.00366	0.00571	0.02211	0.01043	0.00990

[dist]
# distance from previous block
# <min> <max>
3	5

[block]
# block no. 1 follows, 13 sequences, length 16
# corresponding to MSA columns:
# 75-90
name=unknown_B
#
# <colnr> <probs for GDERKNQSTAVLIFYWHMCP>
#	G	D	E	R	K	N	Q	S	T	A	V	L	I	F	Y	W	H	M	C	P
0	0.01991	0.11158	0.06948	0.01628	0.02227	0.01947	0.01448	0.07517	0.08144	0.03384	0.06742	0.10087	0.28755	0.02032	0.01111	0.00336	0.00814	0.01665	0.00874	0.01193
1	0.08696	0.01578	0.02162	0.01760	0.02341	0.01449	0.05038	0.03396	0.02809	0.24965	0.22150	0.05523	0.10304	0.01681	0.01124	0.00334	0.00784	0.01445	0.01113	0.01349
2	0.02865	0.48319	0.09761	0.02182	0.03115	0.09759	0.05293	0.03309	0.02269	0.02630	0.01568	0.01840	0.01372	0.00932	0.00773	0.00249	0.01293	0.00640	0.00467	0.01365
3	0.03633	0.02770	0.02956	0.02355	0.03132	0.03099	0.01916	0.39632	0.18689	0.06041	0.03029	0.02929	0.02195	0.01315	0.01063	0.00329	0.01073	0.01020	0.01063	0.01763
4	0.42415	0.11293	0.02552	0.01978	0.06884	0.02508	0.01499	0.03501	0.02128	0.13824	0.02008	0.02134	0.01491	0.01026	0.00766	0.00311	0.00917	0.00692	0.00732	0.01341
5	0.03272	0.17008	0.17476	0.02287	0.03299	0.02814	0.02316	0.12964	0.08466	0.15943	0.02687	0.02657	0.01917	0.01145	0.00961	0.00308	0.01165	0.00871	0.00821	0.01624
6	0.01760	0.01115	0.01344	0.01312	0.01497	0.01074	0.00889	0.01925	0.01930	0.07632	0.05106	0.11991	0.14646	0.31290	0.11130	0.00858	0.01124	0.01715	0.00797	0.00867
7	0.04674	0.01911	0.02523	0.01934	0.02755	0.01720	0.01598	0.09741	0.03214	0.52126	0.04014	0.03496	0.02538	0.01305	0.01063	0.00326	0.00925	0.01053	0.01284	0.01799
8	0.03451	0.02520	0.07082	0.08792	0.12597	0.02376	0.02268	0.19516	0.03331	0.18650	0.02978	0.06678	0.02257	0.01314	0.01072	0.00331	0.01128	0.01098	0.00923	0.01636
9	0.03217	0.02635	0.03504	0.14486	0.04346	0.07729	0.11493	0.14680	0.10861	0.12053	0.02755	0.02965	0.01979	0.01170	0.01087	0.00335	0.01309	0.01033	0.00833	0.01530
10	0.02716	0.02156	0.02794	0.02379	0.02765	0.06938	0.07016	0.07166	0.02471	0.12106	0.03382	0.20523	0.03330	0.01983	0.01777	0.00390	0.16431	0.01588	0.00825	0.01263
11	0.51021	0.02657	0.06669	0.01760	0.02512	0.06083	0.01560	0.10087	0.02353	0.04753	0.01667	0.01888	0.01266	0.01030	0.00759	0.00323	0.00999	0.00650	0.00685	0.01277
12	0.01755	0.01131	0.01508	0.01423	0.01697	0.01059	0.01071	0.02204	0.02788	0.08458	0.41740	0.12675	0.08419	0.02696	0.06134	0.00458	0.00744	0.01883	0.01107	0.01048
13	0.02762	0.58122	0.10325	0.01920	0.02886	0.04024	0.02003	0.03183	0.02156	0.02567	0.01509	0.01746	0.01355	0.00914	0.00709	0.00236	0.01171	0.00585	0.00452	0.01376
14	0.02514	0.02178	0.03062	0.08736	0.03227	0.02816	0.02212	0.02834	0.01863	0.08122	0.01763	0.02486	0.01529	0.01619	0.02738	0.00411	0.43326	0.00915	0.00563	0.07083
15	0.02180	0.02483	0.09585	0.04066	0.20600	0.02093	0.15530	0.02857	0.02391	0.03277	0.03625	0.08598	0.07640	0.01552	0.01196	0.00365	0.01275	0.08661	0.00659	0.01365

[dist]
# distance from previous block
# <min> <max>
0	2

[block]
# block no. 2 follows, 13 sequences, length 17
# corresponding to MSA columns:
# 93-109
name=unknown_C
#
# <colnr> <probs for GDERKNQSTAVLIFYWHMCP>
#	G	D	E	R	K	N	Q	S	T	A	V	L	I	F	Y	W	H	M	C	P
0	0.02617	0.02414	0.12502	0.08576	0.11247	0.01861	0.02230	0.03439	0.06184	0.15362	0.17582	0.04347	0.04216	0.01419	0.01102	0.00333	0.01010	0.01227	0.00892	0.01442
1	0.01515	0.01147	0.01380	0.01387	0.01617	0.01103	0.00994	0.02089	0.07412	0.03445	0.26128	0.21609	0.15455	0.07902	0.01627	0.00426	0.00613	0.02140	0.01033	0.00978
2	0.01496	0.01081	0.01413	0.01330	0.01580	0.00998	0.00998	0.01995	0.02993	0.04240	0.55689	0.07898	0.09976	0.02162	0.01247	0.00333	0.00499	0.01912	0.01164	0.00998
3	0.70310	0.02045	0.01554	0.01390	0.02045	0.02372	0.01145	0.03108	0.01799	0.04744	0.01472	0.01718	0.01145	0.00981	0.00654	0.00327	0.00818	0.00573	0.00654	0.01145
4	0.01878	0.01466	0.01681	0.01590	0.01944	0.01500	0.01195	0.07245	0.13535	0.03935	0.21700	0.18681	0.14952	0.02264	0.01217	0.00362	0.00661	0.01965	0.01066	0.01164
5	0.01353	0.01072	0.01231	0.01301	0.01583	0.00950	0.00996	0.01666	0.02409	0.03013	0.13382	0.18320	0.35764	0.02767	0.01299	0.00387	0.00616	0.09981	0.00998	0.00911
6	0.02509	0.02402	0.04096	0.15867	0.47714	0.02484	0.03191	0.03150	0.02356	0.03323	0.01970	0.02652	0.01629	0.00962	0.01049	0.00321	0.01283	0.00942	0.00514	0.01588
7	0.03635	0.02756	0.03173	0.13431	0.04040	0.03102	0.02186	0.43214	0.04428	0.05910	0.02413	0.02592	0.01724	0.01229	0.01058	0.00324	0.01210	0.00950	0.00946	0.01680
8	0.01288	0.00920	0.01227	0.01472	0.01534	0.00859	0.00981	0.01472	0.02024	0.02699	0.05828	0.62152	0.06993	0.03312	0.01350	0.00429	0.00613	0.03006	0.00981	0.00859
9	0.02468	0.02252	0.08212	0.02685	0.03417	0.01885	0.18222	0.03289	0.07361	0.12370	0.04279	0.17256	0.07994	0.01738	0.01202	0.00367	0.01144	0.01660	0.00852	0.01347
10	0.04612	0.02011	0.02585	0.01982	0.02805	0.01868	0.01637	0.13822	0.03381	0.47809	0.03874	0.03406	0.02468	0.01301	0.01062	0.00325	0.00948	0.01043	0.01263	0.01799
11	0.03822	0.02434	0.02857	0.02253	0.02956	0.02649	0.01856	0.31249	0.03866	0.18894	0.02884	0.02941	0.02051	0.01947	0.06601	0.00461	0.06599	0.00995	0.01024	0.01662
12	0.02610	0.16104	0.37113	0.02734	0.03975	0.13797	0.03153	0.03486	0.02367	0.03040	0.01767	0.02069	0.01347	0.01003	0.00934	0.00302	0.01550	0.00722	0.00467	0.01458
13	0.01564	0.01118	0.01538	0.01748	0.01940	0.01092	0.01425	0.01965	0.02373	0.03140	0.10749	0.25911	0.06740	0.02956	0.01407	0.00455	0.00822	0.31118	0.00995	0.00943
14	0.01350	0.01075	0.01211	0.01177	0.01490	0.00935	0.00883	0.01712	0.02648	0.03421	0.29067	0.09246	0.37109	0.02467	0.01249	0.00347	0.00521	0.02101	0.01056	0.00935
15	0.02123	0.01537	0.01892	0.06904	0.02510	0.01608	0.01396	0.03276	0.17310	0.08850	0.20749	0.13148	0.10443	0.01972	0.01177	0.00356	0.00733	0.01712	0.01050	0.01254
16	0.03592	0.02047	0.02419	0.01936	0.02589	0.02078	0.01547	0.20467	0.06892	0.23762	0.10561	0.04186	0.03507	0.07667	0.01526	0.00397	0.00943	0.01198	0.01121	0.01564

[dist]
# distance from previous block
# <min> <max>
0	2

[block]
# block no. 3 follows, 13 sequences, length 33
# corresponding to MSA columns:
# 112-144
name=unknown_D
#
# <colnr> <probs for GDERKNQSTAVLIFYWHMCP>
#	G	D	E	R	K	N	Q	S	T	A	V	L	I	F	Y	W	H	M	C	P
0	0.02498	0.03502	0.26228	0.12901	0.04282	0.02317	0.02808	0.08891	0.07594	0.08245	0.03237	0.03416	0.06927	0.01271	0.01055	0.00340	0.01266	0.01032	0.00704	0.01485
1	0.03145	0.29170	0.14781	0.02047	0.03064	0.02856	0.02107	0.03694	0.02408	0.17559	0.02329	0.02368	0.01716	0.01023	0.00858	0.00269	0.01121	0.00750	0.00701	0.08033
2	0.01622	0.01389	0.01556	0.06389	0.02217	0.01386	0.01184	0.02511	0.13173	0.03297	0.12866	0.08043	0.35972	0.02233	0.01197	0.00355	0.00669	0.01877	0.00975	0.01088
3	0.02706	0.52707	0.09906	0.01896	0.02863	0.03778	0.01948	0.03137	0.02160	0.02651	0.01545	0.01789	0.01374	0.00903	0.00717	0.00230	0.01138	0.00590	0.00467	0.07494
4	0.02288	0.02255	0.03343	0.13883	0.09530	0.02993	0.02532	0.02651	0.01798	0.02674	0.01546	0.02441	0.01424	0.01603	0.02753	0.00426	0.43244	0.00930	0.00471	0.01217
5	0.08815	0.02267	0.02180	0.01837	0.02310	0.08301	0.01376	0.19123	0.02992	0.09132	0.02805	0.04162	0.02549	0.24584	0.02652	0.00583	0.01138	0.01122	0.00832	0.01240
6	0.02286	0.02197	0.08089	0.37768	0.05640	0.02214	0.02653	0.03247	0.08013	0.07645	0.02702	0.03827	0.02156	0.01294	0.01093	0.00362	0.01275	0.05583	0.00655	0.01301
7	0.01712	0.01473	0.01626	0.01711	0.01900	0.06349	0.01236	0.02212	0.06730	0.02775	0.04458	0.34946	0.04906	0.04260	0.17629	0.00771	0.01383	0.02099	0.00832	0.00990
8	0.02882	0.02118	0.02439	0.02538	0.10465	0.08028	0.01703	0.03818	0.12459	0.15909	0.20411	0.04732	0.04853	0.01531	0.01111	0.00327	0.00922	0.01305	0.01015	0.01432
9	0.01288	0.00920	0.01227	0.01472	0.01534	0.00859	0.00981	0.01472	0.02024	0.02699	0.05828	0.62152	0.06993	0.03312	0.01350	0.00429	0.00613	0.03006	0.00981	0.00859
10	0.03038	0.02344	0.02524	0.02174	0.02832	0.02644	0.01718	0.13281	0.41871	0.09288	0.04003	0.03685	0.02942	0.01397	0.01072	0.00349	0.00896	0.01144	0.01093	0.01705
11	0.03121	0.13371	0.25219	0.02299	0.03445	0.02336	0.02522	0.03857	0.02481	0.21169	0.02587	0.02598	0.01792	0.01069	0.00950	0.00297	0.01195	0.00826	0.00753	0.08116
12	0.02063	0.05061	0.52122	0.02890	0.04323	0.02349	0.03663	0.03211	0.02182	0.03264	0.01985	0.02413	0.01462	0.01657	0.06433	0.00463	0.01682	0.00814	0.00458	0.01504
13	0.23032	0.01992	0.02278	0.01802	0.02578	0.01967	0.01488	0.09645	0.02890	0.36990	0.03241	0.02959	0.02118	0.01213	0.00948	0.00326	0.00905	0.00914	0.01099	0.01616
14	0.02572	0.02725	0.12091	0.05962	0.04038	0.02237	0.18688	0.07998	0.06201	0.08786	0.03673	0.04578	0.07482	0.01426	0.01177	0.00361	0.01313	0.06503	0.00769	0.01420
15	0.20202	0.02408	0.07590	0.12817	0.03607	0.02323	0.01986	0.12313	0.05533	0.13940	0.02649	0.05745	0.02015	0.01255	0.00967	0.00338	0.01065	0.00978	0.00831	0.01439
16	0.01908	0.01158	0.01580	0.01525	0.01764	0.01249	0.01161	0.02268	0.01904	0.07911	0.03129	0.04367	0.02786	0.12137	0.36568	0.01225	0.02016	0.01144	0.13200	0.01000
17	0.01688	0.01135	0.01502	0.06712	0.02143	0.01078	0.01176	0.01986	0.02294	0.07982	0.10815	0.35675	0.16430	0.02686	0.01266	0.00389	0.00686	0.02378	0.00983	0.00995
18	0.07151	0.14449	0.22495	0.02355	0.03392	0.02820	0.02480	0.08612	0.14922	0.07470	0.02580	0.02632	0.01909	0.01133	0.00949	0.00318	0.01181	0.00863	0.00727	0.01563
19	0.03124	0.02821	0.07774	0.07955	0.03479	0.13543	0.06312	0.03625	0.02628	0.17693	0.06773	0.03784	0.07510	0.01412	0.01297	0.00337	0.06633	0.01118	0.00811	0.01372
20	0.70310	0.02045	0.01554	0.01390	0.02045	0.02372	0.01145	0.03108	0.01799	0.04744	0.01472	0.01718	0.01145	0.00981	0.00654	0.00327	0.00818	0.00573	0.00654	0.01145
21	0.03767	0.02836	0.03031	0.02382	0.03183	0.03161	0.01949	0.44164	0.13939	0.06256	0.02859	0.02794	0.02058	0.01299	0.01061	0.00325	0.01104	0.00996	0.01061	0.01775
22	0.02192	0.01879	0.02192	0.01566	0.02506	0.01409	0.01253	0.02662	0.02192	0.03445	0.01879	0.02192	0.01566	0.00783	0.00783	0.00157	0.00783	0.00626	0.00626	0.69305
23	0.02121	0.05469	0.57364	0.03014	0.04576	0.02455	0.03906	0.03348	0.02232	0.03348	0.01897	0.02232	0.01339	0.01005	0.01005	0.00335	0.01563	0.00781	0.00446	0.01563
24	0.04533	0.01753	0.02386	0.01845	0.02626	0.01518	0.01518	0.04948	0.03024	0.53556	0.07515	0.03878	0.03095	0.01364	0.01075	0.00328	0.00874	0.01118	0.01299	0.01747
25	0.02312	0.02441	0.04865	0.26460	0.10779	0.02532	0.28649	0.03106	0.02339	0.03125	0.02024	0.02818	0.01534	0.00961	0.01155	0.00351	0.01589	0.01100	0.00508	0.01350
26	0.03035	0.01405	0.01870	0.01590	0.02071	0.01254	0.01229	0.03415	0.02785	0.29117	0.21630	0.10635	0.05611	0.07571	0.01558	0.00404	0.00750	0.01569	0.01167	0.01335
27	0.01609	0.01159	0.01406	0.01361	0.01379	0.01266	0.00866	0.01668	0.01561	0.02136	0.03097	0.06212	0.03493	0.51720	0.10316	0.01036	0.06940	0.01440	0.00616	0.00719
28	0.04217	0.09372	0.03036	0.02366	0.06436	0.14238	0.01802	0.04603	0.02881	0.35584	0.03177	0.02956	0.02143	0.01192	0.00996	0.00303	0.01167	0.00917	0.00996	0.01618
29	0.03887	0.01646	0.02141	0.01708	0.02347	0.01487	0.01363	0.06500	0.02876	0.40237	0.07413	0.04238	0.03220	0.08166	0.01524	0.00397	0.00862	0.01161	0.07284	0.01544
30	0.01421	0.01050	0.01328	0.01318	0.01549	0.00956	0.00966	0.01828	0.02728	0.03751	0.39827	0.18230	0.16232	0.02450	0.01266	0.00354	0.00525	0.02161	0.01103	0.00956
31	0.05938	0.01979	0.02401	0.02132	0.08440	0.01647	0.01490	0.02906	0.04934	0.03568	0.01997	0.02306	0.01643	0.00846	0.00821	0.00194	0.00840	0.00688	0.00640	0.54592
32	0.03461	0.02828	0.14069	0.02161	0.03169	0.02066	0.02073	0.14029	0.03071	0.23115	0.02834	0.02772	0.01940	0.01117	0.00986	0.00288	0.01067	0.00881	0.00920	0.17153

[dist]
# distance from previous block
# <min> <max>
1	4

[block]
# block no. 4 follows, 13 sequences, length 7
# corresponding to MSA columns:
# 149-155
name=unknown_E
#
# <colnr> <probs for GDERKNQSTAVLIFYWHMCP>
#	G	D	E	R	K	N	Q	S	T	A	V	L	I	F	Y	W	H	M	C	P
0	0.61344	0.02169	0.01773	0.01531	0.02212	0.02495	0.01262	0.09819	0.02228	0.05003	0.01616	0.01829	0.01233	0.01020	0.00709	0.00326	0.00865	0.00624	0.00709	0.01233
1	0.01400	0.01048	0.01222	0.01285	0.01539	0.00943	0.00961	0.01728	0.02416	0.03176	0.16531	0.20888	0.28171	0.02643	0.01254	0.00373	0.00586	0.06904	0.06010	0.00919
2	0.02729	0.02656	0.12277	0.02090	0.02962	0.02062	0.01929	0.11576	0.11399	0.09852	0.03071	0.09217	0.02543	0.01343	0.01009	0.00297	0.00989	0.01108	0.00852	0.20038
3	0.01379	0.00985	0.01331	0.01575	0.01676	0.00937	0.01138	0.01628	0.02113	0.02800	0.05778	0.51234	0.06796	0.03227	0.01374	0.00442	0.00692	0.13032	0.00980	0.00884
4	0.03776	0.07215	0.03036	0.02503	0.08638	0.02357	0.01849	0.15080	0.08828	0.25949	0.03198	0.03036	0.02220	0.01201	0.01009	0.00306	0.01000	0.00967	0.01022	0.06809
5	0.03027	0.25126	0.16960	0.02368	0.03394	0.02921	0.06494	0.03902	0.07564	0.14771	0.02495	0.02556	0.01832	0.01067	0.00927	0.00298	0.01209	0.00845	0.00705	0.01539
6	0.01384	0.00960	0.01199	0.01350	0.01388	0.00922	0.00851	0.01497	0.01838	0.02451	0.04872	0.41003	0.05787	0.26107	0.02893	0.00657	0.00771	0.02444	0.00851	0.00775

[dist]
# distance from previous block
# <min> <max>
1	5

[block]
# block no. 5 follows, 13 sequences, length 20
# corresponding to MSA columns:
# 161-180
name=unknown_F
#
# <colnr> <probs for GDERKNQSTAVLIFYWHMCP>
#	G	D	E	R	K	N	Q	S	T	A	V	L	I	F	Y	W	H	M	C	P
0	0.24262	0.01993	0.02478	0.06961	0.10674	0.01997	0.01757	0.03834	0.02413	0.24124	0.02640	0.02691	0.01839	0.01089	0.00910	0.00312	0.00956	0.00846	0.00867	0.07357
1	0.08962	0.11631	0.10510	0.02255	0.03047	0.15121	0.02024	0.04388	0.18190	0.09603	0.02729	0.02715	0.02046	0.01172	0.00947	0.00312	0.01221	0.00869	0.00775	0.01484
2	0.02355	0.01266	0.01574	0.01391	0.01764	0.01136	0.01033	0.02671	0.02559	0.18089	0.20558	0.06955	0.15954	0.15526	0.02116	0.00490	0.00734	0.01659	0.01050	0.01119
3	0.49808	0.02138	0.01939	0.01624	0.02333	0.02370	0.01339	0.10703	0.02466	0.13632	0.02073	0.02148	0.01483	0.01077	0.00781	0.00326	0.00882	0.00709	0.00821	0.01348
4	0.09260	0.53468	0.08827	0.01854	0.02781	0.03887	0.01894	0.03173	0.02121	0.02765	0.01500	0.01736	0.01335	0.00919	0.00699	0.00244	0.01131	0.00581	0.00471	0.01351
5	0.01747	0.01411	0.02056	0.02517	0.13785	0.01348	0.01551	0.02256	0.02765	0.03857	0.35538	0.07282	0.11216	0.02002	0.01223	0.00345	0.00716	0.06257	0.00989	0.01138
6	0.55728	0.01990	0.01754	0.01500	0.02190	0.02190	0.01236	0.03563	0.02072	0.16361	0.02072	0.02136	0.01472	0.01054	0.00745	0.00327	0.00836	0.00682	0.00800	0.01291
7	0.01538	0.01025	0.01153	0.01153	0.01153	0.01025	0.00641	0.01538	0.01538	0.02050	0.03331	0.06919	0.03844	0.62842	0.05382	0.01025	0.01025	0.01538	0.00641	0.00641
8	0.03090	0.02354	0.03883	0.05465	0.44337	0.02299	0.02869	0.03669	0.02545	0.15358	0.02474	0.02835	0.01884	0.01024	0.01050	0.00317	0.01177	0.00969	0.00698	0.01702
9	0.02428	0.02636	0.05339	0.03814	0.04854	0.02393	0.41030	0.03226	0.02428	0.03400	0.02081	0.02705	0.01596	0.00867	0.01144	0.00312	0.01560	0.01110	0.00555	0.16523
10	0.04744	0.01799	0.02454	0.01881	0.02699	0.01554	0.01554	0.05153	0.03026	0.56979	0.04171	0.03599	0.02617	0.01309	0.01063	0.00327	0.00900	0.01063	0.01309	0.01799
11	0.01769	0.01364	0.02030	0.14925	0.03323	0.01469	0.01978	0.02304	0.02363	0.03061	0.04771	0.09901	0.05045	0.02506	0.01371	0.00457	0.01071	0.38412	0.00862	0.01018
12	0.02523	0.02776	0.05806	0.04909	0.16806	0.02638	0.41473	0.03355	0.02476	0.03402	0.02106	0.02800	0.01620	0.00903	0.01203	0.00347	0.01665	0.01180	0.00532	0.01481
13	0.02306	0.02135	0.03935	0.07984	0.04052	0.02167	0.24708	0.07605	0.02484	0.03513	0.02492	0.03261	0.01992	0.02555	0.13909	0.00636	0.01744	0.01131	0.10120	0.01271
14	0.17595	0.02430	0.03224	0.21709	0.24443	0.07272	0.02578	0.03130	0.02232	0.03433	0.01809	0.02418	0.01448	0.00999	0.00955	0.00325	0.01262	0.00837	0.00538	0.01363
15	0.01837	0.00918	0.01377	0.01377	0.01377	0.00918	0.00918	0.01377	0.01377	0.01837	0.01837	0.03214	0.01837	0.03673	0.04132	0.69238	0.00918	0.00918	0.00459	0.00459
16	0.01391	0.00999	0.01319	0.01402	0.01556	0.00927	0.00989	0.01730	0.02501	0.03457	0.30358	0.35460	0.08461	0.02746	0.01299	0.00382	0.00557	0.02468	0.01071	0.00927
17	0.23114	0.02018	0.02263	0.01816	0.02573	0.02036	0.01491	0.09179	0.06891	0.33198	0.03259	0.02990	0.02169	0.01222	0.00948	0.00329	0.00897	0.00924	0.01081	0.01604
18	0.01609	0.01192	0.01561	0.01749	0.01984	0.01179	0.01432	0.02147	0.05364	0.03094	0.06150	0.23050	0.11708	0.02899	0.01388	0.00451	0.00832	0.30250	0.00982	0.00978
19	0.02470	0.27883	0.08533	0.02418	0.03257	0.02943	0.13049	0.05929	0.02592	0.03399	0.13977	0.03447	0.03386	0.01215	0.00981	0.00293	0.01167	0.01061	0.00667	0.01333

[dist]
# distance from previous block
# <min> <max>
2	6

[block]
# block no. 6 follows, 13 sequences, length 23
# corresponding to MSA columns:
# 187-209
name=unknown_G
#
# <colnr> <probs for GDERKNQSTAVLIFYWHMCP>
#	G	D	E	R	K	N	Q	S	T	A	V	L	I	F	Y	W	H	M	C	P
0	0.02643	0.03278	0.22727	0.07658	0.03989	0.02227	0.07778	0.03928	0.12475	0.12737	0.07245	0.03382	0.02673	0.01228	0.01078	0.00342	0.01231	0.01065	0.00786	0.01529
1	0.02429	0.02349	0.02706	0.02001	0.02908	0.08210	0.06649	0.02919	0.02318	0.03339	0.01878	0.02228	0.01546	0.00830	0.00851	0.00191	0.01018	0.00697	0.00607	0.54327
2	0.02201	0.02198	0.07639	0.24651	0.12384	0.02133	0.02494	0.08455	0.02612	0.03530	0.08190	0.08905	0.03228	0.01516	0.01128	0.00357	0.01175	0.05207	0.00701	0.01295
3	0.01456	0.01079	0.01358	0.01288	0.01555	0.00981	0.00966	0.01917	0.02898	0.04014	0.48356	0.08269	0.17450	0.02246	0.01247	0.00337	0.00505	0.01964	0.01134	0.00981
4	0.01704	0.02227	0.15044	0.06998	0.02886	0.01493	0.01963	0.02377	0.02601	0.03617	0.26790	0.06890	0.10016	0.01944	0.01205	0.00361	0.00912	0.08948	0.00887	0.01137
5	0.02317	0.01870	0.03088	0.53488	0.06748	0.02256	0.02775	0.02987	0.02221	0.09031	0.02147	0.02910	0.01550	0.01086	0.01058	0.00349	0.01350	0.00954	0.00568	0.01247
6	0.02891	0.02646	0.09388	0.09402	0.37799	0.02326	0.02994	0.03549	0.02475	0.12759	0.02353	0.02764	0.01785	0.01021	0.01046	0.00321	0.01237	0.00946	0.00649	0.01647
7	0.02136	0.01320	0.01682	0.01504	0.01881	0.01256	0.01157	0.02878	0.08322	0.12733	0.42082	0.06797	0.08094	0.01949	0.01200	0.00334	0.00598	0.01701	0.01178	0.01197
8	0.02538	0.22009	0.33239	0.02450	0.03709	0.02809	0.02885	0.03378	0.02266	0.07260	0.01946	0.02177	0.01462	0.00980	0.00894	0.00287	0.01319	0.00727	0.00530	0.07134
9	0.03609	0.02440	0.08829	0.02087	0.02898	0.02115	0.01858	0.11329	0.15752	0.26929	0.03661	0.03406	0.02514	0.01293	0.01034	0.00328	0.00967	0.01042	0.06230	0.01679
10	0.01329	0.01074	0.01181	0.01154	0.01477	0.00926	0.00866	0.01671	0.02598	0.03302	0.25185	0.09442	0.41065	0.02512	0.01249	0.00349	0.00524	0.02129	0.01040	0.00926
11	0.02191	0.03840	0.31083	0.02841	0.03959	0.02322	0.10644	0.03605	0.12407	0.03684	0.09821	0.03440	0.02936	0.01229	0.01090	0.00342	0.01310	0.01090	0.00680	0.01485
12	0.02827	0.63478	0.05540	0.01809	0.02714	0.04184	0.01809	0.03166	0.02148	0.02488	0.01470	0.01696	0.01357	0.00905	0.00678	0.00226	0.01131	0.00565	0.00452	0.01357
13	0.02657	0.07050	0.07659	0.11676	0.07615	0.02496	0.02153	0.06666	0.22879	0.08291	0.07202	0.03552	0.02915	0.01297	0.01046	0.00335	0.01041	0.01084	0.00861	0.01525
14	0.02530	0.01665	0.01924	0.01709	0.02190	0.01743	0.01329	0.04017	0.23593	0.12753	0.20616	0.05153	0.05227	0.01623	0.01089	0.00332	0.00699	0.01379	0.09029	0.01397
15	0.08151	0.02211	0.04109	0.28556	0.05701	0.02371	0.22353	0.02920	0.02232	0.03154	0.02236	0.07078	0.01873	0.01149	0.01119	0.00357	0.01448	0.01181	0.00549	0.01249
16	0.03024	0.07811	0.16534	0.02979	0.08010	0.08306	0.08407	0.04201	0.12889	0.13136	0.02767	0.02854	0.02010	0.01128	0.01033	0.00325	0.01303	0.00958	0.00756	0.01571
17	0.02396	0.01417	0.01895	0.01768	0.02097	0.01472	0.01355	0.02946	0.06807	0.16288	0.07993	0.22440	0.04500	0.03379	0.12860	0.00647	0.05812	0.01753	0.00961	0.01212
18	0.01288	0.00920	0.01227	0.01472	0.01534	0.00859	0.00981	0.01472	0.02024	0.02699	0.05828	0.62152	0.06993	0.03312	0.01350	0.00429	0.00613	0.03006	0.00981	0.00859
19	0.02951	0.02247	0.07599	0.19430	0.17578	0.02047	0.02517	0.03573	0.02546	0.19444	0.07059	0.03375	0.02545	0.01191	0.01068	0.00332	0.01154	0.01045	0.00792	0.01507
20	0.03501	0.15081	0.03637	0.02591	0.07655	0.02424	0.07086	0.08220	0.02833	0.24502	0.03220	0.03910	0.02495	0.01332	0.01045	0.00325	0.01103	0.06562	0.00917	0.01560
21	0.01411	0.01077	0.01303	0.01303	0.01576	0.00969	0.00990	0.01803	0.02664	0.03538	0.31568	0.13172	0.25649	0.02498	0.01274	0.00362	0.00562	0.06260	0.01069	0.00948
22	0.03603	0.07521	0.03489	0.07263	0.09652	0.07094	0.06457	0.09079	0.02856	0.23473	0.02746	0.02852	0.01938	0.01197	0.01222	0.00327	0.05839	0.00961	0.00860	0.01571

[dist]
# distance from previous block
# <min> <max>
0	3

[block]
# block no. 7 follows, 13 sequences, length 7
# corresponding to MSA columns:
# 213-219
name=unknown_H
#
# <colnr> <probs for GDERKNQSTAVLIFYWHMCP>
#	G	D	E	R	K	N	Q	S	T	A	V	L	I	F	Y	W	H	M	C	P
0	0.08483	0.09960	0.11071	0.13057	0.08196	0.02388	0.02312	0.06574	0.02602	0.21401	0.02615	0.02741	0.01821	0.01112	0.00974	0.00319	0.01155	0.00885	0.00797	0.01537
1	0.49541	0.01941	0.01856	0.01854	0.06515	0.02131	0.01343	0.03199	0.02122	0.10049	0.08362	0.02737	0.02412	0.01155	0.00801	0.00327	0.00824	0.00817	0.00774	0.01239
2	0.02563	0.03192	0.20160	0.08932	0.09396	0.02249	0.16807	0.03413	0.02406	0.09863	0.02410	0.02844	0.01751	0.01032	0.01061	0.00330	0.01389	0.00999	0.07737	0.01465
3	0.09993	0.09980	0.22333	0.02319	0.03339	0.02515	0.02454	0.09656	0.06678	0.12315	0.02700	0.03217	0.02072	0.01245	0.00987	0.00332	0.01186	0.04385	0.00766	0.01528
4	0.01824	0.01421	0.01643	0.01470	0.01879	0.01371	0.01130	0.06591	0.08558	0.04096	0.31763	0.07143	0.18364	0.02030	0.01181	0.00328	0.00619	0.01738	0.01067	0.05785
5	0.08147	0.11070	0.12714	0.01951	0.02940	0.07145	0.01872	0.03031	0.02232	0.03332	0.01772	0.02068	0.01443	0.00884	0.00814	0.00223	0.01075	0.00647	0.00565	0.36075
6	0.02856	0.02067	0.03380	0.08303	0.13670	0.01919	0.10946	0.03440	0.02571	0.16500	0.08359	0.03410	0.02751	0.01135	0.01059	0.00300	0.01105	0.01072	0.00801	0.14356

[dist]
# distance from previous block
# <min> <max>
4	6

[block]
# block no. 8 follows, 13 sequences, length 56
# corresponding to MSA columns:
# 226-281
name=unknown_I
#
# <colnr> <probs for GDERKNQSTAVLIFYWHMCP>
#	G	D	E	R	K	N	Q	S	T	A	V	L	I	F	Y	W	H	M	C	P
0	0.02729	0.01409	0.01822	0.01706	0.02112	0.01331	0.01277	0.03336	0.08744	0.22977	0.05030	0.33439	0.04918	0.02344	0.01210	0.00383	0.00746	0.02068	0.01114	0.01305
1	0.02028	0.01222	0.01525	0.01517	0.01823	0.01137	0.01108	0.02506	0.06359	0.12841	0.09936	0.33860	0.14766	0.02607	0.01251	0.00385	0.00660	0.02296	0.01062	0.01108
2	0.08024	0.02397	0.03934	0.12608	0.45914	0.02481	0.03037	0.03168	0.02323	0.03467	0.01934	0.02569	0.01600	0.00959	0.01016	0.00320	0.01239	0.00912	0.00527	0.01571
3	0.02542	0.02435	0.04156	0.13021	0.50304	0.02492	0.03207	0.03179	0.02372	0.03363	0.01976	0.02641	0.01643	0.00956	0.01048	0.00319	0.01275	0.00942	0.00517	0.01614
4	0.01997	0.01879	0.03171	0.60301	0.07282	0.02349	0.02936	0.02701	0.02114	0.02701	0.01879	0.02819	0.01409	0.01057	0.01057	0.00352	0.01409	0.00940	0.00470	0.01175
5	0.02617	0.02512	0.04292	0.06490	0.56246	0.02512	0.03245	0.03245	0.02407	0.03454	0.01989	0.02617	0.01675	0.00942	0.01047	0.00314	0.01256	0.00942	0.00523	0.01675
6	0.01288	0.00920	0.01227	0.01472	0.01534	0.00859	0.00981	0.01472	0.02024	0.02699	0.05828	0.62152	0.06993	0.03312	0.01350	0.00429	0.00613	0.03006	0.00981	0.00859
7	0.01948	0.01185	0.01466	0.01354	0.01717	0.01047	0.01029	0.02333	0.02735	0.12539	0.28806	0.12512	0.22726	0.02277	0.01226	0.00348	0.00587	0.01962	0.01116	0.01088
8	0.02902	0.02216	0.03529	0.16736	0.30708	0.02300	0.02713	0.03705	0.06896	0.13863	0.02590	0.02966	0.01935	0.01081	0.01055	0.00329	0.01183	0.00987	0.00713	0.01592
9	0.02592	0.02965	0.17233	0.02304	0.03211	0.05189	0.05804	0.03468	0.06910	0.11784	0.07702	0.08259	0.03034	0.01348	0.01046	0.00309	0.01114	0.01154	0.00791	0.13783
10	0.02181	0.10437	0.52926	0.02910	0.04417	0.02603	0.03727	0.03333	0.02225	0.03275	0.01861	0.02186	0.01341	0.00996	0.00977	0.00326	0.01526	0.00763	0.00447	0.01545
11	0.03019	0.02364	0.03583	0.07837	0.13872	0.02458	0.11299	0.07967	0.18513	0.13069	0.03127	0.03242	0.02285	0.01179	0.01097	0.00341	0.01168	0.01096	0.00864	0.01621
12	0.01931	0.01112	0.01731	0.01998	0.08037	0.01112	0.01201	0.01604	0.01502	0.02033	0.01855	0.03141	0.01817	0.03342	0.03758	0.60873	0.00959	0.00921	0.00467	0.00607
13	0.02542	0.02435	0.04156	0.13021	0.50304	0.02492	0.03207	0.03179	0.02372	0.03363	0.01976	0.02641	0.01643	0.00956	0.01048	0.00319	0.01275	0.00942	0.00517	0.01614
14	0.02509	0.03032	0.15476	0.02357	0.03184	0.02588	0.02205	0.05078	0.41934	0.04167	0.03731	0.03537	0.02778	0.01332	0.01059	0.00353	0.01010	0.01097	0.00926	0.01647
15	0.01552	0.01099	0.01620	0.01620	0.01772	0.01251	0.01223	0.01800	0.01648	0.02350	0.02748	0.04243	0.02634	0.11447	0.48122	0.09847	0.02467	0.01137	0.00559	0.00863
16	0.02641	0.02505	0.11062	0.19560	0.17057	0.02172	0.02656	0.03503	0.06270	0.12586	0.07089	0.03336	0.02538	0.01187	0.01066	0.00335	0.01187	0.01040	0.00728	0.01481
17	0.01317	0.00971	0.01233	0.01385	0.01524	0.00887	0.00956	0.01566	0.02246	0.02980	0.14874	0.44884	0.15255	0.03021	0.01317	0.00402	0.00582	0.02701	0.01012	0.00887
18	0.25040	0.02337	0.02555	0.02689	0.11809	0.02617	0.01819	0.11097	0.21113	0.04681	0.02724	0.02785	0.02073	0.01177	0.00930	0.00335	0.00949	0.00913	0.00840	0.01518
19	0.02485	0.02378	0.04053	0.17933	0.45834	0.02477	0.03179	0.03129	0.02345	0.03294	0.01966	0.02660	0.01618	0.00967	0.01049	0.00322	0.01289	0.00942	0.00512	0.01568
20	0.70310	0.02045	0.01554	0.01390	0.02045	0.02372	0.01145	0.03108	0.01799	0.04744	0.01472	0.01718	0.01145	0.00981	0.00654	0.00327	0.00818	0.00573	0.00654	0.01145
21	0.03127	0.01712	0.02143	0.01637	0.02420	0.01393	0.01320	0.03557	0.02626	0.25945	0.07953	0.03926	0.07317	0.01277	0.00978	0.00260	0.00788	0.01051	0.00987	0.29582
22	0.02839	0.03102	0.16630	0.04924	0.35368	0.02345	0.03131	0.03575	0.02465	0.12004	0.02317	0.02683	0.01746	0.01016	0.01039	0.00321	0.01272	0.00923	0.00631	0.01668
23	0.01538	0.01025	0.01153	0.01153	0.01153	0.01025	0.00641	0.01538	0.01538	0.02050	0.03331	0.06919	0.03844	0.62842	0.05382	0.01025	0.01025	0.01538	0.00641	0.00641
24	0.04744	0.01799	0.02454	0.01881	0.02699	0.01554	0.01554	0.05153	0.03026	0.56979	0.04171	0.03599	0.02617	0.01309	0.01063	0.00327	0.00900	0.01063	0.01309	0.01799
25	0.01349	0.01002	0.01393	0.06491	0.02024	0.00986	0.01148	0.01577	0.02032	0.02699	0.05491	0.57090	0.06517	0.03120	0.01325	0.00423	0.00681	0.02829	0.00938	0.00886
26	0.02166	0.04615	0.42613	0.10197	0.05056	0.02477	0.11543	0.03276	0.02260	0.03276	0.01934	0.02403	0.01390	0.00993	0.01050	0.00340	0.01579	0.00875	0.00463	0.01494
27	0.02047	0.01931	0.03262	0.55943	0.11247	0.02362	0.02961	0.02745	0.02138	0.02762	0.01888	0.02803	0.01431	0.01048	0.01056	0.00349	0.01397	0.00940	0.00474	0.01215
28	0.02319	0.02132	0.03527	0.05120	0.41731	0.02110	0.02648	0.02913	0.02563	0.03663	0.16247	0.04019	0.03879	0.01266	0.01100	0.00319	0.01055	0.01200	0.00693	0.01495
29	0.02452	0.02302	0.03869	0.05733	0.48224	0.02290	0.02915	0.03062	0.02493	0.03570	0.09869	0.03392	0.02893	0.01121	0.01076	0.00317	0.01145	0.01084	0.00617	0.01575
30	0.02559	0.02374	0.13427	0.01917	0.02747	0.01528	0.01807	0.03103	0.02355	0.15756	0.03358	0.16802	0.03057	0.01554	0.01029	0.00298	0.00931	0.01327	0.00833	0.23238
31	0.03834	0.02331	0.07583	0.02082	0.02919	0.01969	0.01845	0.10172	0.02947	0.33459	0.03191	0.03029	0.02142	0.01245	0.01222	0.00313	0.06114	0.00948	0.01027	0.11629
32	0.03247	0.02131	0.02487	0.02126	0.02736	0.02356	0.01695	0.05195	0.33831	0.20325	0.03997	0.03690	0.02873	0.01434	0.01291	0.00358	0.06340	0.01130	0.01091	0.01665
33	0.02717	0.54455	0.13602	0.01996	0.03003	0.03915	0.02135	0.03194	0.02161	0.02621	0.01536	0.01779	0.01354	0.00920	0.00729	0.00243	0.01198	0.00599	0.00451	0.01389
34	0.01288	0.00920	0.01227	0.01472	0.01534	0.00859	0.00981	0.01472	0.02024	0.02699	0.05828	0.62152	0.06993	0.03312	0.01350	0.00429	0.00613	0.03006	0.00981	0.00859
35	0.02630	0.02271	0.02391	0.02152	0.02749	0.02630	0.01674	0.05618	0.54336	0.04423	0.04303	0.03945	0.03228	0.01434	0.01076	0.00359	0.00837	0.01195	0.01076	0.01674
36	0.03093	0.01966	0.02921	0.03333	0.19110	0.02037	0.02041	0.03467	0.02328	0.21250	0.02875	0.03682	0.02342	0.12472	0.02244	0.00473	0.11032	0.01089	0.00802	0.01443
37	0.02260	0.16927	0.47128	0.02776	0.04208	0.02797	0.03492	0.03312	0.02216	0.03178	0.01813	0.02126	0.01343	0.00985	0.00940	0.00313	0.01477	0.00739	0.00448	0.01522
38	0.01704	0.01217	0.01704	0.01947	0.02191	0.01217	0.01704	0.02191	0.02434	0.03164	0.05598	0.11926	0.06085	0.02921	0.01460	0.00487	0.00974	0.49130	0.00974	0.00974
39	0.01344	0.00986	0.01274	0.01484	0.01615	0.00916	0.01062	0.01584	0.02140	0.02790	0.06499	0.47272	0.13914	0.03163	0.01351	0.00427	0.00655	0.09662	0.00980	0.00881
40	0.03720	0.02528	0.03559	0.02752	0.03553	0.10218	0.16276	0.04254	0.02818	0.28962	0.03336	0.03849	0.02438	0.01294	0.01134	0.00341	0.01308	0.05177	0.00945	0.01537
41	0.02971	0.07748	0.11822	0.04452	0.28931	0.07905	0.02871	0.13585	0.02947	0.03953	0.02019	0.02412	0.01599	0.01030	0.01007	0.00308	0.01332	0.00869	0.00619	0.01619
42	0.65692	0.02253	0.01654	0.01483	0.02130	0.06285	0.01208	0.03186	0.01883	0.04594	0.01483	0.01731	0.01160	0.00989	0.00675	0.00323	0.00894	0.00580	0.00647	0.01151
43	0.03676	0.02546	0.02798	0.02251	0.03010	0.02787	0.01825	0.29480	0.20994	0.14017	0.03385	0.03174	0.02403	0.01330	0.01065	0.00333	0.01013	0.01050	0.01104	0.01757
44	0.01837	0.00918	0.01377	0.01377	0.01377	0.00918	0.00918	0.01377	0.01377	0.01837	0.01837	0.03214	0.01837	0.03673	0.04132	0.69238	0.00918	0.00918	0.00459	0.00459
45	0.02193	0.02080	0.03526	0.43250	0.22797	0.02401	0.03034	0.02874	0.02207	0.02940	0.01914	0.02755	0.01494	0.01021	0.01054	0.00340	0.01361	0.00940	0.00487	0.01333
46	0.12618	0.22973	0.14106	0.02137	0.03028	0.06959	0.02103	0.03910	0.15863	0.03502	0.02309	0.02409	0.01813	0.01087	0.00862	0.00300	0.01146	0.00782	0.00651	0.01440
47	0.03593	0.02346	0.07666	0.02755	0.03656	0.01929	0.17850	0.04201	0.02729	0.32171	0.03471	0.07335	0.02505	0.01293	0.01137	0.00344	0.01210	0.01236	0.00976	0.01598
48	0.02515	0.13581	0.24114	0.09412	0.03971	0.02601	0.02662	0.03696	0.10903	0.07428	0.02396	0.02600	0.01781	0.01070	0.00954	0.00307	0.01234	0.00842	0.00636	0.07297
49	0.01538	0.01025	0.01153	0.01153	0.01153	0.01025	0.00641	0.01538	0.01538	0.02050	0.03331	0.06919	0.03844	0.62842	0.05382	0.01025	0.01025	0.01538	0.00641	0.00641
50	0.02617	0.02512	0.04292	0.06490	0.56246	0.02512	0.03245	0.03245	0.02407	0.03454	0.01989	0.02617	0.01675	0.00942	0.01047	0.00314	0.01256	0.00942	0.00523	0.01675
51	0.03385	0.09884	0.19217	0.02370	0.03445	0.02185	0.05986	0.04067	0.02588	0.26810	0.02864	0.02814	0.01940	0.01101	0.00994	0.00306	0.01176	0.00903	0.00847	0.07119
52	0.01510	0.01133	0.01699	0.01699	0.01888	0.01322	0.01322	0.01888	0.01699	0.02454	0.02832	0.04154	0.02643	0.07930	0.58652	0.01699	0.02832	0.01133	0.00566	0.00944
53	0.03829	0.04786	0.02941	0.02672	0.03221	0.53488	0.02009	0.04349	0.07683	0.02755	0.01878	0.02093	0.01532	0.01121	0.00965	0.00280	0.01809	0.00728	0.00593	0.01267
54	0.01435	0.00996	0.01249	0.01346	0.01393	0.00995	0.00859	0.01554	0.01750	0.02357	0.04262	0.28518	0.04949	0.32537	0.10246	0.00870	0.01081	0.02072	0.00767	0.00764
55	0.02743	0.15545	0.02893	0.01981	0.02483	0.24477	0.01579	0.03119	0.02820	0.03223	0.23067	0.04242	0.04782	0.01477	0.01013	0.00287	0.01187	0.01146	0.00772	0.01162

[dist]
# distance from previous block
# <min> <max>
0	1

[block]
# block no. 9 follows, 13 sequences, length 73
# corresponding to MSA columns:
# 283-355
name=unknown_J
#
# <colnr> <probs for GDERKNQSTAVLIFYWHMCP>
#	G	D	E	R	K	N	Q	S	T	A	V	L	I	F	Y	W	H	M	C	P
0	0.30594	0.01896	0.02099	0.01688	0.02441	0.01876	0.01393	0.04347	0.02543	0.36384	0.03107	0.02857	0.02037	0.01180	0.00902	0.00327	0.00867	0.00870	0.01051	0.01541
1	0.02671	0.01275	0.01704	0.01607	0.01962	0.01147	0.01179	0.02929	0.02379	0.24046	0.04969	0.34529	0.05009	0.07413	0.01568	0.00438	0.00760	0.02119	0.01082	0.01212
2	0.70310	0.02045	0.01554	0.01390	0.02045	0.02372	0.01145	0.03108	0.01799	0.04744	0.01472	0.01718	0.01145	0.00981	0.00654	0.00327	0.00818	0.00573	0.00654	0.01145
3	0.03464	0.02025	0.02557	0.02077	0.02708	0.06170	0.05750	0.08334	0.03015	0.28161	0.11556	0.12017	0.04057	0.01656	0.01136	0.00339	0.00979	0.01432	0.01093	0.01473
4	0.02325	0.01690	0.02484	0.01969	0.02633	0.01433	0.09050	0.02758	0.02373	0.12002	0.04458	0.16570	0.10988	0.01711	0.01092	0.00304	0.00883	0.01543	0.00854	0.22880
5	0.02146	0.01824	0.02120	0.01607	0.02437	0.01461	0.01263	0.02801	0.06562	0.03459	0.02447	0.07863	0.02206	0.01071	0.00860	0.00199	0.00772	0.00893	0.00697	0.57313
6	0.04020	0.02782	0.02652	0.02119	0.02894	0.15758	0.01693	0.11719	0.03176	0.27227	0.02925	0.02792	0.02013	0.01162	0.00989	0.00284	0.01167	0.00881	0.00971	0.12773
7	0.43916	0.02410	0.02199	0.01805	0.02536	0.02733	0.01489	0.22862	0.03062	0.05508	0.01897	0.02044	0.01405	0.01096	0.00815	0.00323	0.00955	0.00724	0.00815	0.01405
8	0.70310	0.02045	0.01554	0.01390	0.02045	0.02372	0.01145	0.03108	0.01799	0.04744	0.01472	0.01718	0.01145	0.00981	0.00654	0.00327	0.00818	0.00573	0.00654	0.01145
9	0.02523	0.02198	0.03204	0.02672	0.02846	0.02860	0.05787	0.02840	0.01861	0.07733	0.01866	0.02603	0.01624	0.01680	0.02865	0.00425	0.46167	0.00966	0.06060	0.01222
10	0.01370	0.00983	0.01300	0.01416	0.01552	0.00914	0.00988	0.01678	0.02406	0.03307	0.25486	0.40762	0.08169	0.02859	0.01309	0.00391	0.00568	0.02575	0.01053	0.00914
11	0.02313	0.02313	0.03238	0.02776	0.02776	0.03238	0.02313	0.02545	0.01619	0.02545	0.01388	0.02313	0.01388	0.01851	0.03470	0.00463	0.60907	0.00925	0.00463	0.01157
12	0.02192	0.01879	0.02192	0.01566	0.02506	0.01409	0.01253	0.02662	0.02192	0.03445	0.01879	0.02192	0.01566	0.00783	0.00783	0.00157	0.00783	0.00626	0.00626	0.69305
13	0.01288	0.00920	0.01227	0.01472	0.01534	0.00859	0.00981	0.01472	0.02024	0.02699	0.05828	0.62152	0.06993	0.03312	0.01350	0.00429	0.00613	0.03006	0.00981	0.00859
14	0.01288	0.00920	0.01227	0.01472	0.01534	0.00859	0.00981	0.01472	0.02024	0.02699	0.05828	0.62152	0.06993	0.03312	0.01350	0.00429	0.00613	0.03006	0.00981	0.00859
15	0.02617	0.02512	0.04292	0.06490	0.56246	0.02512	0.03245	0.03245	0.02407	0.03454	0.01989	0.02617	0.01675	0.00942	0.01047	0.00314	0.01256	0.00942	0.00523	0.01675
16	0.01496	0.01081	0.01413	0.01330	0.01580	0.00998	0.00998	0.01995	0.02993	0.04240	0.55689	0.07898	0.09976	0.02162	0.01247	0.00333	0.00499	0.01912	0.01164	0.00998
17	0.01997	0.01879	0.03171	0.60301	0.07282	0.02349	0.02936	0.02701	0.02114	0.02701	0.01879	0.02819	0.01409	0.01057	0.01057	0.00352	0.01409	0.00940	0.00470	0.01175
18	0.02639	0.02473	0.03721	0.07527	0.04023	0.02669	0.17761	0.08135	0.30250	0.04124	0.03300	0.03408	0.02467	0.01221	0.01127	0.00354	0.01204	0.01174	0.00856	0.01565
19	0.03184	0.02530	0.05080	0.03668	0.04661	0.02331	0.36843	0.03927	0.02658	0.19789	0.02761	0.03081	0.01914	0.01019	0.01191	0.00348	0.01512	0.01191	0.00772	0.01540
20	0.01513	0.01029	0.01146	0.01146	0.01176	0.01014	0.00654	0.01536	0.01611	0.02118	0.03952	0.07193	0.08215	0.57782	0.05034	0.00969	0.00984	0.01596	0.00669	0.00662
21	0.01997	0.01879	0.03171	0.60301	0.07282	0.02349	0.02936	0.02701	0.02114	0.02701	0.01879	0.02819	0.01409	0.01057	0.01057	0.00352	0.01409	0.00940	0.00470	0.01175
22	0.02421	0.03678	0.25216	0.05119	0.35875	0.02490	0.03506	0.03286	0.02338	0.03413	0.01953	0.02465	0.01543	0.00967	0.01030	0.00322	0.01377	0.00879	0.00493	0.01631
23	0.01654	0.01228	0.01293	0.01226	0.01641	0.01087	0.00936	0.02151	0.06614	0.07533	0.09649	0.09124	0.47138	0.02463	0.01220	0.00355	0.00590	0.02050	0.01017	0.01031
24	0.01538	0.01025	0.01153	0.01153	0.01153	0.01025	0.00641	0.01538	0.01538	0.02050	0.03331	0.06919	0.03844	0.62842	0.05382	0.01025	0.01025	0.01538	0.00641	0.00641
25	0.01953	0.01559	0.01760	0.01699	0.02019	0.01688	0.01237	0.03397	0.25184	0.03613	0.12980	0.19044	0.05339	0.11456	0.01832	0.00474	0.00756	0.01801	0.01001	0.01207
26	0.03109	0.02896	0.05004	0.03642	0.04621	0.02917	0.32115	0.23251	0.03492	0.04706	0.02300	0.02726	0.01682	0.01043	0.01171	0.00341	0.01533	0.01129	0.00745	0.01576
27	0.01574	0.01124	0.01554	0.01798	0.01985	0.01105	0.01477	0.01965	0.02306	0.03018	0.05670	0.27671	0.06370	0.03044	0.01426	0.00469	0.00861	0.34671	0.00976	0.00938
28	0.70310	0.02045	0.01554	0.01390	0.02045	0.02372	0.01145	0.03108	0.01799	0.04744	0.01472	0.01718	0.01145	0.00981	0.00654	0.00327	0.00818	0.00573	0.00654	0.01145
29	0.01538	0.01025	0.01153	0.01153	0.01153	0.01025	0.00641	0.01538	0.01538	0.02050	0.03331	0.06919	0.03844	0.62842	0.05382	0.01025	0.01025	0.01538	0.00641	0.00641
30	0.03020	0.04053	0.31174	0.02829	0.04059	0.02523	0.07553	0.15171	0.03024	0.12747	0.02435	0.02581	0.01676	0.01105	0.01049	0.00332	0.01383	0.00909	0.00736	0.01643
31	0.02121	0.05469	0.57364	0.03014	0.04576	0.02455	0.03906	0.03348	0.02232	0.03348	0.01897	0.02232	0.01339	0.01005	0.01005	0.00335	0.01563	0.00781	0.00446	0.01563
32	0.01704	0.01217	0.01704	0.01947	0.02191	0.01217	0.01704	0.02191	0.02434	0.03164	0.05598	0.11926	0.06085	0.02921	0.01460	0.00487	0.00974	0.49130	0.00974	0.00974
33	0.02192	0.01879	0.02192	0.01566	0.02506	0.01409	0.01253	0.02662	0.02192	0.03445	0.01879	0.02192	0.01566	0.00783	0.00783	0.00157	0.00783	0.00626	0.00626	0.69305
34	0.02630	0.02271	0.02391	0.02152	0.02749	0.02630	0.01674	0.05618	0.54336	0.04423	0.04303	0.03945	0.03228	0.01434	0.01076	0.00359	0.00837	0.01195	0.01076	0.01674
35	0.03846	0.10422	0.03231	0.02640	0.03218	0.53585	0.02021	0.04125	0.02918	0.02578	0.01619	0.01887	0.01361	0.01073	0.00928	0.00268	0.01835	0.00670	0.00536	0.01238
36	0.03626	0.04553	0.03717	0.03109	0.03771	0.46163	0.13241	0.04036	0.02885	0.02765	0.01747	0.02117	0.01416	0.01045	0.01019	0.00291	0.01879	0.00807	0.00543	0.01270
37	0.01521	0.01090	0.01484	0.01484	0.01598	0.01205	0.01053	0.01750	0.01635	0.02295	0.03029	0.05244	0.03117	0.29580	0.37649	0.01433	0.02120	0.01292	0.00596	0.00824
38	0.01496	0.01081	0.01413	0.01330	0.01580	0.00998	0.00998	0.01995	0.02993	0.04240	0.55689	0.07898	0.09976	0.02162	0.01247	0.00333	0.00499	0.01912	0.01164	0.00998
