[name]
unknown

[dist]
# distance from previous block
# <min> <max>
0	600

[block]
# block no. 0 follows, 11 sequences, length 52
# corresponding to MSA columns:
# 771-822
name=unknown_A
#
# <colnr> <probs for GDERKNQSTAVLIFYWHMCP>
#	G	D	E	R	K	N	Q	S	T	A	V	L	I	F	Y	W	H	M	C	P
0	0.60713	0.02235	0.01995	0.02116	0.08177	0.02542	0.01481	0.03326	0.01991	0.04889	0.01632	0.01940	0.01285	0.01040	0.00745	0.00347	0.00925	0.00656	0.00680	0.01285
1	0.03215	0.02244	0.07302	0.02914	0.08078	0.01857	0.09770	0.03736	0.02726	0.21255	0.07951	0.04731	0.03387	0.01804	0.01600	0.08204	0.01177	0.05617	0.00948	0.01485
2	0.02583	0.02062	0.03144	0.41716	0.06354	0.02453	0.02723	0.03713	0.10781	0.09199	0.02728	0.03303	0.01982	0.01225	0.01129	0.00373	0.01332	0.01062	0.00715	0.01419
3	0.01829	0.01622	0.02313	0.09240	0.15098	0.01577	0.01799	0.02307	0.02637	0.03438	0.15311	0.07500	0.26833	0.02095	0.01252	0.00364	0.00862	0.01815	0.00895	0.01211
4	0.54954	0.02121	0.01857	0.01591	0.02324	0.02340	0.01311	0.03770	0.02193	0.15479	0.02177	0.02253	0.01551	0.01119	0.00789	0.00348	0.00889	0.00720	0.00844	0.01367
5	0.15192	0.03413	0.19309	0.17758	0.04789	0.02671	0.02837	0.08006	0.08270	0.04130	0.02292	0.02688	0.01689	0.01161	0.01027	0.00361	0.01335	0.00904	0.00665	0.01502
6	0.29724	0.02618	0.12028	0.01854	0.02620	0.02138	0.01785	0.03234	0.07207	0.04431	0.12747	0.04294	0.08222	0.01511	0.00996	0.00357	0.00934	0.01161	0.00835	0.01306
7	0.04279	0.03153	0.03378	0.02590	0.03490	0.03490	0.02139	0.49671	0.05292	0.07093	0.02702	0.02702	0.01914	0.01351	0.01126	0.00338	0.01239	0.01013	0.01126	0.01914
8	0.01546	0.01133	0.01450	0.01403	0.01661	0.01037	0.01040	0.02021	0.03026	0.04211	0.44283	0.13541	0.14507	0.02472	0.01338	0.00366	0.00547	0.02180	0.01201	0.01037
9	0.02697	0.02595	0.05348	0.03893	0.04852	0.02417	0.36243	0.03522	0.02804	0.08592	0.11432	0.04063	0.03388	0.01231	0.01309	0.00372	0.01566	0.01435	0.00766	0.01475
10	0.02438	0.11714	0.39991	0.02901	0.04306	0.02861	0.03490	0.03956	0.10761	0.03653	0.02405	0.02622	0.01772	0.01135	0.01042	0.00347	0.01477	0.00880	0.00591	0.01658
11	0.04034	0.02449	0.07856	0.07483	0.03529	0.02088	0.02069	0.12295	0.03396	0.31503	0.08272	0.03850	0.03124	0.01415	0.01143	0.00350	0.01087	0.01155	0.01157	0.01746
12	0.01372	0.01079	0.01240	0.01332	0.01579	0.00947	0.00949	0.01647	0.02469	0.03122	0.13497	0.29435	0.31227	0.03057	0.01371	0.00407	0.00598	0.02660	0.01064	0.00947
13	0.02326	0.10879	0.50158	0.03091	0.04690	0.02782	0.03954	0.03547	0.02368	0.03481	0.01978	0.02324	0.01427	0.01060	0.01038	0.00346	0.01621	0.00811	0.00476	0.01643
14	0.03326	0.09555	0.08921	0.16517	0.04862	0.02668	0.10620	0.08340	0.02891	0.17226	0.02722	0.03001	0.01908	0.01164	0.01110	0.00348	0.01379	0.01031	0.00808	0.01602
15	0.09333	0.01520	0.01892	0.01616	0.02116	0.01420	0.01255	0.03404	0.02928	0.22258	0.25718	0.06019	0.06262	0.07381	0.01614	0.00421	0.00771	0.01533	0.01189	0.01349
16	0.01541	0.01133	0.01443	0.01398	0.01658	0.01035	0.01036	0.02010	0.03013	0.04182	0.43449	0.13675	0.15270	0.02484	0.01338	0.00367	0.00547	0.02188	0.01197	0.01035
17	0.01681	0.01212	0.01535	0.01631	0.01812	0.01179	0.01148	0.06076	0.02645	0.03582	0.15065	0.44394	0.07564	0.03086	0.01387	0.00426	0.00683	0.02770	0.01090	0.01035
18	0.02642	0.07948	0.03399	0.12422	0.13671	0.02382	0.02195	0.07566	0.02648	0.03768	0.02050	0.02522	0.01664	0.00980	0.00957	0.00259	0.01122	0.00818	0.00643	0.30345
19	0.08278	0.02076	0.02679	0.06938	0.07864	0.02242	0.01913	0.12256	0.03122	0.12507	0.12545	0.09447	0.04105	0.01735	0.01414	0.00373	0.06657	0.01402	0.00980	0.01466
20	0.01938	0.01183	0.01583	0.01600	0.01782	0.01188	0.01127	0.02171	0.02047	0.08630	0.04396	0.23794	0.04704	0.19339	0.18195	0.00996	0.01481	0.01982	0.00865	0.00998
21	0.26888	0.02193	0.02933	0.21070	0.04520	0.02566	0.05836	0.03325	0.02191	0.08665	0.02037	0.02589	0.01534	0.01207	0.01285	0.00377	0.07908	0.00893	0.00663	0.01322
22	0.04120	0.02012	0.02435	0.01947	0.02681	0.01970	0.01582	0.12792	0.08000	0.31351	0.03995	0.03738	0.02713	0.01382	0.01064	0.00333	0.00916	0.01108	0.14127	0.01733
23	0.03326	0.33816	0.04343	0.07319	0.03252	0.07549	0.01901	0.03749	0.02543	0.12752	0.02375	0.02556	0.01846	0.01110	0.00870	0.00280	0.01187	0.00795	0.06963	0.01468
24	0.46436	0.02439	0.02162	0.01829	0.02570	0.02788	0.01498	0.14931	0.07448	0.05518	0.02132	0.02268	0.01600	0.01166	0.00844	0.00349	0.00963	0.00772	0.00844	0.01443
25	0.04112	0.01963	0.02490	0.01995	0.02714	0.01910	0.01627	0.13110	0.03324	0.32826	0.03825	0.03738	0.02634	0.02421	0.09219	0.00554	0.01274	0.01112	0.07454	0.01698
26	0.02787	0.02654	0.04409	0.06546	0.49455	0.02684	0.03323	0.03653	0.06401	0.03758	0.02311	0.02897	0.01913	0.01044	0.01117	0.00338	0.01302	0.01024	0.00603	0.01783
27	0.01652	0.01142	0.01440	0.01573	0.01673	0.01130	0.01129	0.01861	0.02050	0.02704	0.04823	0.18145	0.05478	0.31185	0.03573	0.00788	0.00997	0.16949	0.00865	0.00842
28	0.02732	0.03109	0.02183	0.02027	0.02472	0.26562	0.01520	0.03080	0.03008	0.03269	0.17063	0.06141	0.18608	0.01929	0.01183	0.00332	0.01240	0.01524	0.00876	0.01143
29	0.04126	0.02799	0.03087	0.02432	0.03276	0.03043	0.01987	0.33703	0.13800	0.14704	0.03361	0.03183	0.02356	0.01392	0.01131	0.00348	0.01124	0.01083	0.01175	0.01889
30	0.23043	0.02354	0.02562	0.02025	0.02854	0.02445	0.01672	0.17854	0.03455	0.26210	0.03103	0.02923	0.02079	0.01281	0.01005	0.00345	0.01015	0.00947	0.01114	0.01715
31	0.68395	0.02177	0.01654	0.01480	0.02177	0.02525	0.01219	0.03309	0.01915	0.05050	0.01567	0.01828	0.01219	0.01045	0.00697	0.00348	0.00871	0.00609	0.00697	0.01219
32	0.02126	0.02001	0.03376	0.57739	0.07752	0.02501	0.03126	0.02876	0.02251	0.02876	0.02001	0.03001	0.01500	0.01125	0.01125	0.00375	0.01500	0.01000	0.00500	0.01250
33	0.02257	0.05822	0.54613	0.03208	0.04871	0.02614	0.04158	0.03564	0.02376	0.03564	0.02020	0.02376	0.01426	0.01069	0.01069	0.00356	0.01663	0.00832	0.00475	0.01663
34	0.03009	0.61122	0.05898	0.01926	0.02889	0.04454	0.01926	0.03370	0.02287	0.02648	0.01565	0.01805	0.01444	0.00963	0.00722	0.00241	0.01204	0.00602	0.00481	0.01444
35	0.02577	0.01400	0.01823	0.01770	0.02211	0.01271	0.01448	0.02978	0.02715	0.17853	0.06855	0.15204	0.16663	0.02602	0.01365	0.00429	0.00857	0.17581	0.01142	0.01254
36	0.03127	0.55605	0.05630	0.02022	0.02947	0.09546	0.01950	0.03481	0.02376	0.02659	0.01582	0.01828	0.01445	0.00982	0.00751	0.00246	0.01285	0.00614	0.00491	0.01431
37	0.01593	0.01150	0.01504	0.01416	0.01681	0.01062	0.01062	0.02124	0.03186	0.04513	0.52830	0.08407	0.10620	0.02301	0.01327	0.00354	0.00531	0.02035	0.01239	0.01062
38	0.02126	0.02001	0.03376	0.57739	0.07752	0.02501	0.03126	0.02876	0.02251	0.02876	0.02001	0.03001	0.01500	0.01125	0.01125	0.00375	0.01500	0.01000	0.00500	0.01250
39	0.01814	0.01296	0.01814	0.02073	0.02332	0.01296	0.01814	0.02332	0.02591	0.03368	0.05959	0.12696	0.06478	0.03109	0.01555	0.00518	0.01036	0.45848	0.01036	0.01036
40	0.01371	0.00979	0.01306	0.01567	0.01632	0.00914	0.01045	0.01567	0.02155	0.02873	0.06203	0.59710	0.07444	0.03526	0.01437	0.00457	0.00653	0.03200	0.01045	0.00914
41	0.57045	0.02349	0.01959	0.01677	0.02409	0.02696	0.01382	0.11515	0.02513	0.05412	0.01768	0.01983	0.01342	0.01099	0.00773	0.00346	0.00936	0.00681	0.00773	0.01342
42	0.14089	0.14943	0.17236	0.02258	0.03362	0.02896	0.02331	0.11106	0.02763	0.04252	0.01964	0.02216	0.01523	0.01046	0.00901	0.00293	0.01206	0.00747	0.00661	0.14209
43	0.68395	0.02177	0.01654	0.01480	0.02177	0.02525	0.01219	0.03309	0.01915	0.05050	0.01567	0.01828	0.01219	0.01045	0.00697	0.00348	0.00871	0.00609	0.00697	0.01219
44	0.02126	0.02001	0.03376	0.57739	0.07752	0.02501	0.03126	0.02876	0.02251	0.02876	0.02001	0.03001	0.01500	0.01125	0.01125	0.00375	0.01500	0.01000	0.00500	0.01250
45	0.02334	0.02001	0.02334	0.01667	0.02667	0.01500	0.01334	0.02834	0.02334	0.03668	0.02001	0.02334	0.01667	0.00834	0.00834	0.00167	0.00834	0.00667	0.00667	0.67325
46	0.01637	0.01091	0.01228	0.01228	0.01228	0.01091	0.00682	0.01637	0.01637	0.02182	0.03546	0.07365	0.04092	0.60445	0.05729	0.01091	0.01091	0.01637	0.00682	0.00682
47	0.02121	0.01283	0.01584	0.01432	0.01841	0.01131	0.01101	0.02557	0.02994	0.12839	0.31035	0.08372	0.22756	0.02316	0.01294	0.00361	0.00619	0.01984	0.01204	0.01177
48	0.01678	0.01200	0.01498	0.01633	0.01772	0.01180	0.01115	0.06214	0.02407	0.03213	0.05608	0.49126	0.06585	0.08846	0.01824	0.00507	0.00752	0.02837	0.01017	0.00988
49	0.02328	0.05329	0.46121	0.03480	0.05050	0.02655	0.12156	0.03572	0.02426	0.03572	0.02065	0.02493	0.01476	0.01048	0.01115	0.00361	0.01705	0.00920	0.00492	0.01638
50	0.01481	0.01115	0.01370	0.01372	0.01630	0.01004	0.01004	0.01883	0.02824	0.03810	0.32938	0.18910	0.21179	0.02681	0.01349	0.00381	0.00565	0.02349	0.01151	0.01004
51	0.02626	0.02688	0.08657	0.03047	0.03489	0.02848	0.10125	0.03105	0.02130	0.08050	0.02406	0.08144	0.02209	0.01806	0.02581	0.00443	0.32391	0.01252	0.00645	0.01358

[dist]
# distance from previous block
# <min> <max>
0	25

[block]
# block no. 1 follows, 11 sequences, length 9
# corresponding to MSA columns:
# 848-856
name=unknown_B
#
# <colnr> <probs for GDERKNQSTAVLIFYWHMCP>
#	G	D	E	R	K	N	Q	S	T	A	V	L	I	F	Y	W	H	M	C	P
0	0.03928	0.16662	0.04026	0.02727	0.03492	0.30771	0.06716	0.04322	0.02946	0.11096	0.02190	0.02371	0.01689	0.01134	0.01001	0.00298	0.01665	0.00824	0.00688	0.01454
1	0.02977	0.01980	0.02400	0.01746	0.02716	0.01537	0.01410	0.03461	0.02544	0.15625	0.02578	0.02688	0.01932	0.00966	0.00904	0.00210	0.00863	0.00777	0.00839	0.51848
2	0.02295	0.02133	0.03569	0.26270	0.26920	0.02322	0.02936	0.02920	0.02373	0.03229	0.02728	0.12032	0.02582	0.01458	0.01171	0.00370	0.01292	0.01355	0.00613	0.01431
3	0.02850	0.02031	0.03110	0.38917	0.06108	0.02349	0.02643	0.03817	0.08244	0.14419	0.02842	0.03325	0.02012	0.01232	0.01129	0.00370	0.01309	0.01061	0.00773	0.01460
4	0.13617	0.07950	0.02727	0.05905	0.03021	0.02258	0.01617	0.09163	0.02792	0.12352	0.03193	0.03280	0.06243	0.01234	0.00950	0.00288	0.00973	0.00944	0.00850	0.20645
5	0.02428	0.01990	0.02341	0.02144	0.02429	0.05976	0.01701	0.03081	0.07408	0.07959	0.16735	0.12016	0.05399	0.02196	0.01919	0.00415	0.15828	0.05826	0.00958	0.01250
6	0.03025	0.02044	0.02436	0.01822	0.02712	0.01736	0.01469	0.09142	0.02959	0.13869	0.07593	0.03269	0.02800	0.01151	0.00976	0.00242	0.00878	0.00935	0.00920	0.40021
7	0.03560	0.02809	0.09269	0.02220	0.03242	0.02281	0.02009	0.17784	0.03448	0.16687	0.02795	0.02806	0.01977	0.01153	0.01023	0.00286	0.01090	0.00903	0.00955	0.23703
8	0.02920	0.01816	0.02562	0.02080	0.02755	0.01624	0.06141	0.03615	0.06931	0.18346	0.08294	0.16191	0.04201	0.01789	0.01172	0.00340	0.00914	0.01598	0.01043	0.15668

[dist]
# distance from previous block
# <min> <max>
0	2

[block]
# block no. 2 follows, 11 sequences, length 13
# corresponding to MSA columns:
# 859-871
name=unknown_C
#
# <colnr> <probs for GDERKNQSTAVLIFYWHMCP>
#	G	D	E	R	K	N	Q	S	T	A	V	L	I	F	Y	W	H	M	C	P
0	0.02960	0.24084	0.24272	0.02582	0.03723	0.03314	0.02842	0.07666	0.02622	0.07958	0.02090	0.02343	0.01600	0.01163	0.01184	0.00326	0.06251	0.00808	0.00617	0.01595
1	0.02826	0.03895	0.21236	0.03127	0.08204	0.11789	0.06653	0.03625	0.02638	0.07107	0.02734	0.03625	0.02209	0.01296	0.01090	0.00344	0.01456	0.04662	0.10008	0.01476
2	0.01541	0.01102	0.01421	0.05418	0.01976	0.01079	0.01103	0.01813	0.02227	0.03040	0.09538	0.34821	0.10488	0.11069	0.01947	0.00509	0.00747	0.02464	0.06767	0.00932
3	0.03147	0.02605	0.10754	0.17133	0.04821	0.02154	0.10382	0.03884	0.02749	0.20196	0.07853	0.03724	0.02846	0.01292	0.01174	0.00362	0.01316	0.01177	0.00876	0.01555
4	0.02976	0.02896	0.13059	0.22520	0.05635	0.02395	0.13453	0.03795	0.02600	0.15566	0.02656	0.03098	0.01845	0.01140	0.01163	0.00366	0.01489	0.01077	0.00727	0.01545
5	0.02304	0.01340	0.01843	0.01913	0.02250	0.01273	0.01584	0.02753	0.02683	0.12609	0.09931	0.18872	0.06347	0.02798	0.01437	0.00462	0.00910	0.26394	0.01121	0.01177
6	0.02653	0.05268	0.47241	0.03037	0.04588	0.02478	0.03804	0.03837	0.02496	0.10743	0.02363	0.02582	0.01619	0.01115	0.01078	0.00355	0.01563	0.00874	0.00605	0.01699
7	0.03300	0.11055	0.12255	0.16658	0.04489	0.02549	0.02519	0.04227	0.07428	0.19988	0.02997	0.03114	0.02092	0.01220	0.01063	0.00345	0.01248	0.00985	0.00850	0.01620
8	0.02903	0.03077	0.16240	0.16698	0.04614	0.02410	0.02701	0.10241	0.07267	0.11743	0.03127	0.08609	0.02497	0.01456	0.01144	0.00369	0.01284	0.01220	0.00832	0.01569
9	0.01484	0.01095	0.01406	0.01563	0.01752	0.01016	0.01159	0.01812	0.02480	0.03271	0.14913	0.33938	0.15565	0.03126	0.01422	0.00438	0.00690	0.10823	0.01076	0.00968
10	0.03211	0.04225	0.15604	0.12185	0.04344	0.24261	0.02683	0.03834	0.02746	0.07599	0.02467	0.07248	0.02072	0.01350	0.01093	0.00340	0.01638	0.01041	0.00652	0.01406
11	0.03637	0.08115	0.12640	0.02881	0.03939	0.02445	0.13560	0.04564	0.06864	0.24842	0.03270	0.03246	0.02233	0.01205	0.01133	0.00350	0.01319	0.01093	0.00939	0.01725
12	0.04261	0.02888	0.03479	0.02985	0.07963	0.07390	0.05914	0.23247	0.03966	0.21648	0.03103	0.03049	0.02132	0.01284	0.01133	0.00340	0.01278	0.01051	0.01070	0.01817

[dist]
# distance from previous block
# <min> <max>
1	4

[block]
# block no. 3 follows, 11 sequences, length 19
# corresponding to MSA columns:
# 876-894
name=unknown_D
#
# <colnr> <probs for GDERKNQSTAVLIFYWHMCP>
#	G	D	E	R	K	N	Q	S	T	A	V	L	I	F	Y	W	H	M	C	P
0	0.20835	0.02168	0.02344	0.06310	0.02908	0.02550	0.01707	0.08031	0.14800	0.04565	0.07397	0.03477	0.02902	0.01459	0.01338	0.00370	0.08376	0.01060	0.06001	0.01401
1	0.47370	0.09151	0.02252	0.01583	0.02288	0.02524	0.01335	0.03431	0.02221	0.09893	0.06832	0.02674	0.02321	0.01193	0.00807	0.00336	0.00887	0.00802	0.00797	0.01304
2	0.02042	0.01250	0.01648	0.01492	0.01836	0.01139	0.01139	0.02561	0.03191	0.10972	0.46540	0.07813	0.09602	0.02183	0.01302	0.00353	0.00586	0.01918	0.01259	0.01173
3	0.03187	0.02520	0.07880	0.17295	0.10433	0.02376	0.02520	0.04507	0.14969	0.17532	0.03335	0.03446	0.02367	0.01280	0.01126	0.00363	0.01194	0.01090	0.00912	0.01669
4	0.03416	0.01554	0.02088	0.01725	0.02310	0.01374	0.01374	0.03896	0.03205	0.30714	0.27314	0.05994	0.06489	0.01822	0.01224	0.00351	0.00756	0.01559	0.01320	0.01512
5	0.02217	0.01919	0.02937	0.23945	0.04606	0.02188	0.05800	0.07123	0.02682	0.03630	0.14204	0.04732	0.04014	0.08622	0.01943	0.00462	0.05648	0.01346	0.00761	0.01221
6	0.33950	0.08849	0.03160	0.02595	0.07603	0.09102	0.07838	0.03457	0.02299	0.04138	0.01895	0.02280	0.01516	0.01054	0.00866	0.00326	0.01195	0.00787	0.05758	0.01331
7	0.01395	0.00998	0.01327	0.01551	0.01638	0.00930	0.01047	0.01626	0.02264	0.03046	0.11122	0.54299	0.07779	0.03397	0.01425	0.00446	0.00640	0.03077	0.01065	0.00930
8	0.02412	0.02135	0.02959	0.09122	0.03422	0.02559	0.06335	0.03636	0.16134	0.03528	0.02981	0.03761	0.02489	0.07018	0.02246	0.00462	0.16946	0.01170	0.09342	0.01342
9	0.08114	0.01529	0.01748	0.01501	0.02035	0.01342	0.01131	0.02419	0.02414	0.03800	0.14345	0.13308	0.04826	0.05670	0.01355	0.00342	0.00734	0.01469	0.05784	0.26132
10	0.02862	0.01743	0.01987	0.01730	0.02245	0.01803	0.01357	0.08343	0.14534	0.13062	0.14429	0.04891	0.04558	0.01591	0.01078	0.00332	0.00754	0.01323	0.19925	0.01454
11	0.13445	0.20186	0.03596	0.02111	0.02934	0.10110	0.01794	0.11557	0.09263	0.04174	0.02225	0.02365	0.01776	0.01124	0.00893	0.00290	0.01180	0.00783	0.00745	0.09450
12	0.02999	0.02314	0.03570	0.11352	0.24808	0.02342	0.02628	0.03566	0.02520	0.12575	0.02438	0.02893	0.01877	0.01154	0.01320	0.00329	0.06726	0.00966	0.00713	0.12909
13	0.03759	0.09004	0.21129	0.02513	0.03673	0.02557	0.02632	0.12039	0.03188	0.23875	0.03039	0.02947	0.02042	0.01233	0.01071	0.00339	0.01273	0.00958	0.00944	0.01784
14	0.03802	0.02555	0.03517	0.08068	0.03961	0.06018	0.09949	0.08856	0.08932	0.23667	0.03327	0.03348	0.02305	0.01325	0.01319	0.00364	0.04879	0.01121	0.01002	0.01684
15	0.01507	0.01104	0.01560	0.01657	0.01810	0.01157	0.01211	0.01840	0.02132	0.02968	0.10819	0.27984	0.05758	0.05595	0.26144	0.01056	0.01708	0.02145	0.00870	0.00975
16	0.02934	0.14703	0.07917	0.19269	0.10574	0.02917	0.02663	0.03518	0.02400	0.11575	0.02267	0.02747	0.01730	0.01228	0.01372	0.00352	0.08763	0.00925	0.00650	0.01496
17	0.04105	0.02447	0.02778	0.09406	0.03561	0.08519	0.01927	0.11537	0.03314	0.29212	0.03692	0.08546	0.02757	0.01523	0.01144	0.00353	0.01173	0.01240	0.01105	0.01662
18	0.01525	0.01148	0.01430	0.01495	0.01759	0.01052	0.01152	0.01927	0.02715	0.03586	0.23688	0.18582	0.21343	0.02827	0.01393	0.00412	0.00665	0.11190	0.01110	0.01000

[dist]
# distance from previous block
# <min> <max>
0	2

[block]
# block no. 4 follows, 11 sequences, length 21
# corresponding to MSA columns:
# 897-917
name=unknown_E
#
# <colnr> <probs for GDERKNQSTAVLIFYWHMCP>
#	G	D	E	R	K	N	Q	S	T	A	V	L	I	F	Y	W	H	M	C	P
0	0.02794	0.02624	0.04146	0.11884	0.22888	0.02980	0.07223	0.09232	0.02662	0.03751	0.02022	0.02740	0.01674	0.01318	0.01827	0.00387	0.16655	0.01029	0.00608	0.01557
1	0.03302	0.03437	0.20105	0.02656	0.03706	0.02366	0.05635	0.14174	0.03229	0.16612	0.03340	0.10515	0.02691	0.01532	0.01163	0.00365	0.01276	0.01295	0.00928	0.01672
2	0.23985	0.10797	0.14488	0.02101	0.03108	0.02518	0.02119	0.04087	0.02497	0.20485	0.02610	0.02605	0.01809	0.01153	0.00927	0.00336	0.01123	0.00830	0.00846	0.01577
3	0.02876	0.05005	0.38926	0.03019	0.04449	0.02882	0.03540	0.17681	0.03269	0.04645	0.02229	0.02476	0.01575	0.01156	0.01087	0.00351	0.01533	0.00887	0.00674	0.01740
4	0.03063	0.04101	0.20819	0.03326	0.04367	0.09908	0.13623	0.08127	0.02812	0.07942	0.02239	0.02646	0.01661	0.01225	0.01475	0.00368	0.09080	0.00994	0.00652	0.01571
5	0.02457	0.08895	0.38689	0.02870	0.04219	0.02710	0.03408	0.07308	0.06893	0.03833	0.02565	0.06599	0.02071	0.01299	0.01082	0.00356	0.01457	0.01037	0.00627	0.01625
6	0.02786	0.02674	0.04568	0.06908	0.53424	0.02674	0.03454	0.03454	0.02563	0.03677	0.02117	0.02786	0.01783	0.01003	0.01114	0.00334	0.01337	0.01003	0.00557	0.01783
7	0.02384	0.04939	0.39404	0.03695	0.05192	0.02688	0.18481	0.03577	0.02465	0.03577	0.02101	0.02585	0.01515	0.01031	0.01151	0.00364	0.01738	0.00989	0.00505	0.01617
8	0.02786	0.02674	0.04568	0.06908	0.53424	0.02674	0.03454	0.03454	0.02563	0.03677	0.02117	0.02786	0.01783	0.01003	0.01114	0.00334	0.01337	0.01003	0.00557	0.01783
9	0.03727	0.03204	0.07700	0.02569	0.03471	0.03239	0.02228	0.34591	0.16642	0.06181	0.03115	0.03050	0.02254	0.01370	0.01126	0.00351	0.01189	0.01063	0.01073	0.01859
10	0.01608	0.01206	0.01809	0.01809	0.02010	0.01407	0.01407	0.02010	0.01809	0.02613	0.03015	0.04422	0.02814	0.08441	0.55984	0.01809	0.03015	0.01206	0.00603	0.01005
11	0.02418	0.02232	0.06956	0.10477	0.03425	0.02101	0.01996	0.13021	0.07558	0.04528	0.17856	0.10503	0.05315	0.01911	0.01241	0.00378	0.01010	0.04704	0.00995	0.01377
12	0.04351	0.01732	0.02306	0.01823	0.02560	0.01521	0.01486	0.04807	0.03103	0.43150	0.08588	0.04282	0.03488	0.01462	0.01103	0.00337	0.00862	0.01200	0.10112	0.01725
13	0.01592	0.01225	0.01471	0.01471	0.01749	0.01162	0.01078	0.02233	0.07264	0.03807	0.27870	0.20823	0.18754	0.02646	0.01337	0.00387	0.00602	0.02320	0.01140	0.01068
14	0.02032	0.01062	0.01109	0.01097	0.01360	0.01051	0.00823	0.02557	0.02468	0.04238	0.10097	0.04747	0.03896	0.01441	0.00857	0.00274	0.00525	0.01178	0.58137	0.01051
15	0.01881	0.01249	0.01882	0.14152	0.02938	0.01354	0.01482	0.01850	0.01819	0.02363	0.03318	0.04401	0.08747	0.03520	0.07582	0.37718	0.01212	0.01189	0.00575	0.00766
16	0.03007	0.01411	0.01819	0.01617	0.02096	0.01259	0.01245	0.03397	0.02795	0.24396	0.11728	0.17950	0.09658	0.02128	0.01200	0.00365	0.00737	0.01831	0.09993	0.01367
17	0.03290	0.11099	0.16026	0.02346	0.03462	0.02645	0.02346	0.14092	0.03151	0.12565	0.02505	0.02602	0.01817	0.01118	0.00992	0.00292	0.01200	0.00853	0.00817	0.16781
18	0.02226	0.01972	0.03043	0.36009	0.10109	0.02168	0.02555	0.02895	0.02306	0.03238	0.02166	0.02950	0.01689	0.01069	0.01031	0.00316	0.01253	0.00934	0.06672	0.15400
19	0.02943	0.02480	0.09332	0.07274	0.03487	0.01777	0.01949	0.03557	0.02540	0.15459	0.02577	0.02755	0.01883	0.01024	0.00962	0.00254	0.01035	0.00829	0.00797	0.37089
20	0.02069	0.01311	0.01696	0.01591	0.01967	0.01147	0.01174	0.02450	0.02653	0.10230	0.20322	0.27251	0.06983	0.02447	0.01271	0.00366	0.00681	0.02173	0.01096	0.11126

[dist]
# distance from previous block
# <min> <max>
0	2

[block]
# block no. 5 follows, 11 sequences, length 49
# corresponding to MSA columns:
# 920-965,978-980
name=unknown_F
#
# <colnr> <probs for GDERKNQSTAVLIFYWHMCP>
#	G	D	E	R	K	N	Q	S	T	A	V	L	I	F	Y	W	H	M	C	P
0	0.03201	0.09857	0.03171	0.02321	0.03065	0.03179	0.01890	0.16742	0.33628	0.05059	0.03732	0.03524	0.02804	0.01413	0.01088	0.00353	0.01018	0.01124	0.01058	0.01773
1	0.10608	0.11608	0.07869	0.01985	0.02799	0.02352	0.01785	0.09023	0.02758	0.12124	0.03156	0.13278	0.02855	0.01562	0.01021	0.00323	0.01013	0.01261	0.00868	0.11753
2	0.03507	0.03747	0.26159	0.02584	0.03785	0.02230	0.02804	0.04676	0.08790	0.25149	0.03361	0.03218	0.02250	0.01263	0.01105	0.00356	0.01269	0.01013	0.00947	0.01785
3	0.02732	0.37451	0.08555	0.01978	0.02830	0.09543	0.01911	0.03146	0.02458	0.02818	0.03701	0.03786	0.12334	0.01393	0.00913	0.00285	0.01203	0.01010	0.00612	0.01342
4	0.02128	0.01825	0.07041	0.01873	0.02243	0.01588	0.01595	0.02597	0.02523	0.08510	0.17340	0.19238	0.05815	0.02237	0.01596	0.00390	0.09317	0.01852	0.09104	0.01190
5	0.03306	0.10216	0.15797	0.02674	0.07316	0.02378	0.02402	0.04260	0.08337	0.20522	0.03495	0.08704	0.02742	0.01455	0.01096	0.00351	0.01154	0.01203	0.00925	0.01670
6	0.02974	0.02186	0.02574	0.02728	0.09779	0.06629	0.01856	0.08851	0.06983	0.12642	0.10128	0.14910	0.04647	0.01988	0.01240	0.00380	0.01033	0.05977	0.01035	0.01460
7	0.01389	0.01039	0.01291	0.01448	0.01612	0.00941	0.01002	0.01647	0.02379	0.03115	0.13194	0.41812	0.18602	0.03215	0.01398	0.00426	0.00618	0.02861	0.01069	0.00941
8	0.03402	0.02705	0.07696	0.02598	0.07415	0.06833	0.02028	0.13913	0.03347	0.16051	0.07473	0.10081	0.03441	0.01613	0.01138	0.00347	0.01114	0.01337	0.05892	0.01575
9	0.20778	0.02426	0.03029	0.02336	0.03201	0.02480	0.07206	0.15892	0.03346	0.23830	0.03014	0.02941	0.02039	0.01242	0.01042	0.00349	0.01116	0.00991	0.01052	0.01691
10	0.02361	0.01703	0.01960	0.01819	0.02288	0.01746	0.01430	0.07397	0.15030	0.08240	0.13649	0.12122	0.15743	0.02279	0.01287	0.00394	0.00799	0.07273	0.01134	0.01345
11	0.14260	0.02909	0.07941	0.09117	0.18565	0.02907	0.02672	0.15562	0.03059	0.04649	0.02105	0.02558	0.01637	0.01200	0.01257	0.00357	0.05996	0.00922	0.00714	0.01613
12	0.02926	0.32233	0.09567	0.15563	0.04344	0.12469	0.02471	0.03460	0.02439	0.02809	0.01743	0.02184	0.01457	0.01045	0.00902	0.00292	0.01458	0.00740	0.00502	0.01396
13	0.01437	0.01030	0.01364	0.01523	0.01647	0.00958	0.01050	0.01731	0.02459	0.03356	0.19935	0.44601	0.08379	0.03165	0.01404	0.00427	0.00617	0.02857	0.01102	0.00958
14	0.02090	0.04095	0.33372	0.02803	0.03980	0.02155	0.07660	0.03121	0.02656	0.03863	0.17832	0.04315	0.04310	0.01440	0.01175	0.00358	0.01335	0.01255	0.00722	0.01462
15	0.01997	0.01324	0.01620	0.01560	0.01888	0.01243	0.01157	0.06024	0.02902	0.08336	0.21029	0.24812	0.16463	0.02651	0.01330	0.00391	0.00674	0.02319	0.01142	0.01137
16	0.02700	0.02548	0.04894	0.08183	0.10874	0.02575	0.25846	0.03398	0.02508	0.07904	0.02718	0.08507	0.02328	0.01377	0.01555	0.00391	0.08157	0.01388	0.00673	0.01474
17	0.02657	0.03036	0.06641	0.04744	0.05882	0.02846	0.49336	0.03605	0.02657	0.03605	0.02277	0.03036	0.01708	0.00949	0.01328	0.00380	0.01898	0.01328	0.00569	0.01518
18	0.03262	0.24468	0.05030	0.07662	0.04170	0.03618	0.12559	0.18273	0.03332	0.04309	0.02126	0.02470	0.01659	0.01099	0.01021	0.00314	0.01394	0.00929	0.00710	0.01595
19	0.02800	0.02418	0.02545	0.02291	0.02927	0.02800	0.01782	0.05981	0.51390	0.04708	0.04581	0.04199	0.03436	0.01527	0.01145	0.00382	0.00891	0.01273	0.01145	0.01782
20	0.02334	0.02001	0.02334	0.01667	0.02667	0.01500	0.01334	0.02834	0.02334	0.03668	0.02001	0.02334	0.01667	0.00834	0.00834	0.00167	0.00834	0.00667	0.00667	0.67325
21	0.01888	0.01522	0.01730	0.01648	0.02029	0.01562	0.01241	0.03153	0.17915	0.04080	0.23874	0.13561	0.16755	0.02316	0.01284	0.00380	0.00665	0.02004	0.01147	0.01245
22	0.02126	0.02001	0.03376	0.57739	0.07752	0.02501	0.03126	0.02876	0.02251	0.02876	0.02001	0.03001	0.01500	0.01125	0.01125	0.00375	0.01500	0.01000	0.00500	0.01250
23	0.01593	0.01150	0.01504	0.01416	0.01681	0.01062	0.01062	0.02124	0.03186	0.04513	0.52830	0.08407	0.10620	0.02301	0.01327	0.00354	0.00531	0.02035	0.01239	0.01062
24	0.02077	0.01751	0.06348	0.01855	0.02235	0.01444	0.01496	0.07998	0.02718	0.07089	0.09035	0.39692	0.06170	0.02798	0.01336	0.00418	0.00825	0.02487	0.01044	0.01184
25	0.02462	0.02462	0.03447	0.02955	0.02955	0.03447	0.02462	0.02709	0.01724	0.02709	0.01477	0.02462	0.01477	0.01970	0.03694	0.00492	0.58385	0.00985	0.00492	0.01231
26	0.02126	0.02001	0.03376	0.57739	0.07752	0.02501	0.03126	0.02876	0.02251	0.02876	0.02001	0.03001	0.01500	0.01125	0.01125	0.00375	0.01500	0.01000	0.00500	0.01250
27	0.02126	0.02001	0.03376	0.57739	0.07752	0.02501	0.03126	0.02876	0.02251	0.02876	0.02001	0.03001	0.01500	0.01125	0.01125	0.00375	0.01500	0.01000	0.00500	0.01250
28	0.04494	0.02250	0.02751	0.02170	0.03005	0.02223	0.01773	0.14313	0.12266	0.36014	0.04122	0.03674	0.02730	0.01409	0.01133	0.00352	0.01001	0.01134	0.01296	0.01891
29	0.03666	0.18731	0.03584	0.02168	0.02976	0.12306	0.01846	0.08512	0.03007	0.15928	0.02850	0.03449	0.02289	0.01316	0.01001	0.00301	0.01238	0.04775	0.00857	0.09200
30	0.02130	0.01592	0.02431	0.03224	0.16721	0.01543	0.01920	0.02537	0.02429	0.07002	0.04855	0.30790	0.05300	0.02569	0.01343	0.00425	0.00941	0.10061	0.00929	0.01260
31	0.01886	0.01823	0.06766	0.01685	0.02166	0.01512	0.01446	0.02942	0.11665	0.04259	0.30311	0.06996	0.12712	0.02024	0.01225	0.00355	0.00710	0.01739	0.06542	0.01236
32	0.02126	0.02001	0.03376	0.57739	0.07752	0.02501	0.03126	0.02876	0.02251	0.02876	0.02001	0.03001	0.01500	0.01125	0.01125	0.00375	0.01500	0.01000	0.00500	0.01250
33	0.02547	0.02754	0.10926	0.02024	0.03120	0.01912	0.01885	0.08394	0.02684	0.04049	0.02085	0.02384	0.01657	0.00932	0.00906	0.00217	0.01015	0.00734	0.00689	0.49086
34	0.02428	0.02309	0.03922	0.34474	0.28656	0.02580	0.03276	0.03141	0.02393	0.03243	0.02054	0.02902	0.01630	0.01069	0.01120	0.00356	0.01426	0.01001	0.00526	0.01494
35	0.02477	0.02018	0.02371	0.08520	0.03135	0.02310	0.01741	0.04529	0.33157	0.04009	0.07825	0.04275	0.03552	0.01952	0.01714	0.11811	0.00947	0.01254	0.00966	0.01439
36	0.01392	0.01104	0.01217	0.01262	0.01533	0.00966	0.00899	0.01657	0.02458	0.03072	0.13654	0.20317	0.35151	0.08080	0.01745	0.00457	0.00630	0.02446	0.01031	0.00930
37	0.02297	0.01855	0.03068	0.09305	0.03471	0.02038	0.09886	0.02738	0.02399	0.07055	0.14798	0.04483	0.04052	0.02524	0.06870	0.08286	0.11588	0.01335	0.00767	0.01185
38	0.02748	0.03332	0.18388	0.02470	0.03347	0.02524	0.02468	0.18253	0.03516	0.04929	0.16790	0.04222	0.04231	0.01588	0.01373	0.00361	0.05762	0.01249	0.00910	0.01538
39	0.01873	0.02526	0.16774	0.02141	0.02802	0.01576	0.02203	0.02563	0.02467	0.03425	0.05295	0.12553	0.10496	0.02348	0.01302	0.00424	0.01077	0.19595	0.07364	0.01197
40	0.03357	0.02480	0.03257	0.13012	0.10144	0.02762	0.02358	0.21477	0.03536	0.10577	0.02898	0.07966	0.02376	0.01526	0.01402	0.00371	0.06759	0.01216	0.00904	0.01622
41	0.03815	0.01830	0.02306	0.01855	0.02525	0.01725	0.01499	0.10966	0.03436	0.30345	0.15707	0.04796	0.04544	0.01596	0.01144	0.00340	0.00854	0.01323	0.07768	0.01625
42	0.02260	0.04178	0.32465	0.03230	0.09727	0.02367	0.03260	0.03556	0.08492	0.03653	0.03568	0.04406	0.06809	0.01475	0.01154	0.00375	0.01372	0.05413	0.00673	0.01567
43	0.02764	0.01776	0.02405	0.12669	0.03476	0.01628	0.01696	0.03305	0.02734	0.15773	0.14769	0.04278	0.04048	0.01376	0.01080	0.00296	0.00921	0.01171	0.00945	0.22891
44	0.01514	0.01118	0.01415	0.01402	0.01649	0.01019	0.01028	0.01948	0.02908	0.04000	0.38287	0.17992	0.16345	0.02603	0.01348	0.00376	0.00559	0.02295	0.01175	0.01019
45	0.02914	0.02969	0.13204	0.02172	0.03278	0.02083	0.02079	0.11247	0.02934	0.09136	0.02361	0.02551	0.01769	0.01024	0.00961	0.00252	0.01084	0.00805	0.00777	0.36400
46	0.49063	0.02996	0.08102	0.01913	0.02727	0.07891	0.01731	0.07292	0.02374	0.04820	0.01731	0.01984	0.01323	0.01084	0.00807	0.00343	0.01108	0.00680	0.00695	0.01337
47	0.03333	0.07741	0.04350	0.08380	0.10065	0.02809	0.14569	0.10694	0.09075	0.13168	0.02904	0.03134	0.02111	0.01180	0.01145	0.00350	0.01349	0.01110	0.00852	0.01679
48	0.02577	0.01992	0.02490	0.08628	0.03316	0.01639	0.01587	0.03101	0.02411	0.08563	0.02242	0.02564	0.01757	0.00925	0.00899	0.00210	0.00928	0.00754	0.00718	0.52699

[dist]
# distance from previous block
# <min> <max>
0	1

[block]
# block no. 6 follows, 11 sequences, length 33
# corresponding to MSA columns:
# 982-1014
name=unknown_G
#
# <colnr> <probs for GDERKNQSTAVLIFYWHMCP>
#	G	D	E	R	K	N	Q	S	T	A	V	L	I	F	Y	W	H	M	C	P
0	0.11613	0.10019	0.03229	0.15970	0.04085	0.16893	0.02168	0.07222	0.02675	0.03534	0.01968	0.02474	0.01583	0.01205	0.01172	0.00331	0.05987	0.00833	0.05718	0.01321
1	0.02241	0.01485	0.01913	0.01767	0.02082	0.01627	0.01354	0.08782	0.02404	0.06517	0.03204	0.04562	0.02885	0.14020	0.32153	0.01257	0.02112	0.01223	0.07268	0.01143
2	0.01595	0.01081	0.01266	0.01294	0.01330	0.01063	0.00771	0.01675	0.01864	0.02511	0.08795	0.14908	0.05214	0.46608	0.04684	0.00928	0.00974	0.01898	0.00789	0.00753
3	0.02400	0.01597	0.01934	0.01719	0.02174	0.01605	0.01338	0.06741	0.10276	0.10851	0.25644	0.06642	0.12140	0.02667	0.06662	0.00503	0.00945	0.01684	0.01150	0.01327
4	0.01427	0.01021	0.01365	0.01591	0.01691	0.00958	0.01106	0.01681	0.02291	0.03074	0.10793	0.51000	0.07683	0.03373	0.01435	0.00452	0.00671	0.06385	0.01063	0.00938
5	0.02310	0.08965	0.17430	0.30358	0.06084	0.02806	0.07031	0.03157	0.02291	0.03085	0.01955	0.02690	0.01491	0.01128	0.01233	0.00364	0.04782	0.00942	0.00497	0.01399
6	0.01475	0.01033	0.01323	0.01515	0.01578	0.00989	0.01007	0.01643	0.02051	0.02728	0.05483	0.42366	0.06486	0.18529	0.02579	0.00629	0.00797	0.05978	0.00948	0.00862
7	0.02275	0.02133	0.03493	0.45938	0.14266	0.02549	0.03075	0.03195	0.05975	0.03133	0.02211	0.03058	0.01688	0.01137	0.01125	0.00369	0.01430	0.01021	0.00557	0.01370
8	0.03187	0.02331	0.02557	0.02241	0.02918	0.02602	0.01760	0.05895	0.43095	0.13232	0.04557	0.04136	0.03324	0.01504	0.01143	0.00376	0.00902	0.01248	0.01188	0.01805
9	0.02586	0.03527	0.15096	0.04473	0.05704	0.02805	0.41374	0.03598	0.02607	0.03598	0.02232	0.02920	0.01658	0.00970	0.01283	0.00375	0.01856	0.01241	0.00553	0.01544
10	0.04137	0.01713	0.02319	0.01848	0.02558	0.01498	0.01498	0.04597	0.03212	0.41078	0.17222	0.05040	0.04855	0.01633	0.01184	0.00350	0.00845	0.01371	0.01352	0.01690
11	0.50681	0.01903	0.01518	0.01390	0.02003	0.02109	0.01123	0.02861	0.02087	0.04519	0.04165	0.04207	0.14887	0.01522	0.00864	0.00357	0.00791	0.01076	0.00789	0.01148
12	0.03039	0.17882	0.03436	0.02171	0.02912	0.03143	0.01809	0.05251	0.34471	0.08222	0.03773	0.03537	0.02857	0.01367	0.01032	0.00342	0.00979	0.01084	0.00990	0.01703
13	0.01919	0.01594	0.02538	0.03156	0.15590	0.01742	0.01948	0.02391	0.02008	0.02894	0.02778	0.03990	0.02541	0.06477	0.41491	0.01419	0.02572	0.01152	0.00591	0.01210
14	0.01814	0.01481	0.01644	0.01545	0.01951	0.01479	0.01175	0.02954	0.15688	0.04018	0.24707	0.08196	0.24442	0.02301	0.01280	0.00371	0.00641	0.01960	0.01142	0.01211
15	0.20115	0.02543	0.03799	0.05475	0.39887	0.02635	0.02864	0.03416	0.02392	0.04040	0.01972	0.02533	0.01634	0.01014	0.01004	0.00338	0.01214	0.00899	0.00594	0.01634
16	0.02363	0.05086	0.41942	0.03614	0.05138	0.02675	0.16091	0.03575	0.02450	0.03575	0.02088	0.02551	0.01500	0.01037	0.01138	0.00363	0.01725	0.00963	0.00500	0.01625
17	0.01821	0.01331	0.01520	0.01344	0.01608	0.01199	0.00854	0.01953	0.01821	0.02575	0.03138	0.06036	0.03451	0.44699	0.04436	0.00847	0.01023	0.01381	0.00678	0.18285
18	0.02636	0.01326	0.01679	0.01476	0.01901	0.01215	0.01147	0.03141	0.02982	0.17556	0.27355	0.06111	0.06553	0.01806	0.01136	0.00329	0.00642	0.01542	0.18182	0.01284
19	0.02942	0.02645	0.03429	0.02858	0.03096	0.03459	0.02377	0.15113	0.02666	0.03867	0.01801	0.02526	0.01593	0.01807	0.03015	0.00452	0.43290	0.00992	0.00660	0.01412
20	0.45805	0.02208	0.01972	0.01618	0.02412	0.02332	0.01323	0.06900	0.02297	0.04849	0.01773	0.02032	0.01393	0.01014	0.00767	0.00299	0.00890	0.00657	0.00723	0.18736
21	0.03344	0.45810	0.05232	0.02101	0.03048	0.04199	0.01982	0.15600	0.03081	0.03822	0.01865	0.02042	0.01568	0.01065	0.00829	0.00266	0.01213	0.00711	0.00652	0.01568
22	0.23793	0.06456	0.02196	0.02073	0.07050	0.02001	0.01407	0.02750	0.02097	0.06458	0.03202	0.12894	0.03296	0.14944	0.02063	0.00532	0.00974	0.03885	0.00776	0.01154
23	0.46959	0.02179	0.02034	0.01700	0.02457	0.02366	0.01401	0.07285	0.02508	0.18183	0.02409	0.02421	0.01684	0.01159	0.00843	0.00347	0.00921	0.00777	0.00912	0.01454
24	0.02694	0.02305	0.03376	0.43172	0.06626	0.02762	0.02865	0.15236	0.03054	0.03990	0.02186	0.02922	0.01610	0.01185	0.01125	0.00365	0.01431	0.01004	0.00665	0.01426
25	0.02851	0.02359	0.02483	0.02211	0.02836	0.02707	0.01726	0.08911	0.43988	0.04841	0.04369	0.04089	0.03279	0.01496	0.01114	0.00369	0.00886	0.01235	0.06518	0.01731
26	0.03490	0.02883	0.03322	0.18569	0.07718	0.08180	0.02449	0.22954	0.07625	0.07757	0.02621	0.02911	0.01914	0.01263	0.01116	0.00348	0.01354	0.01008	0.00875	0.01646
27	0.02334	0.02001	0.02334	0.01667	0.02667	0.01500	0.01334	0.02834	0.02334	0.03668	0.02001	0.02334	0.01667	0.00834	0.00834	0.00167	0.00834	0.00667	0.00667	0.67325
28	0.03309	0.03082	0.02582	0.02288	0.02818	0.18631	0.01750	0.19304	0.03581	0.04415	0.03412	0.17677	0.03313	0.01864	0.01146	0.00348	0.01267	0.01506	0.06313	0.01393
29	0.02172	0.01579	0.01883	0.01815	0.02130	0.01617	0.01336	0.14355	0.03136	0.04231	0.12178	0.37061	0.06453	0.02770	0.01338	0.00410	0.00790	0.02450	0.01095	0.01200
30	0.46584	0.02087	0.01984	0.01660	0.02416	0.02225	0.01369	0.04058	0.02365	0.21974	0.02556	0.02518	0.01759	0.01165	0.00846	0.00348	0.00901	0.00789	0.00936	0.01459
31	0.03359	0.28181	0.08083	0.02304	0.03247	0.03736	0.02141	0.19724	0.10803	0.04559	0.02449	0.02520	0.01908	0.01190	0.00951	0.00304	0.01202	0.00862	0.00804	0.01673
32	0.01658	0.01272	0.01615	0.01631	0.01957	0.01097	0.01177	0.01958	0.02234	0.03119	0.05075	0.41116	0.05848	0.02784	0.01286	0.00385	0.00729	0.05650	0.00944	0.18465

[dist]
# distance from previous block
# <min> <max>
4	72

[block]
# block no. 7 follows, 11 sequences, length 15
# corresponding to MSA columns:
# 1093-1107
name=unknown_H
#
# <colnr> <probs for GDERKNQSTAVLIFYWHMCP>
#	G	D	E	R	K	N	Q	S	T	A	V	L	I	F	Y	W	H	M	C	P
0	0.03667	0.01709	0.02151	0.01781	0.02415	0.01608	0.01424	0.04507	0.09622	0.30682	0.12229	0.04692	0.04171	0.01545	0.01106	0.00339	0.00804	0.01284	0.12656	0.01608
1	0.02561	0.18927	0.29752	0.03484	0.08996	0.03120	0.11127	0.03513	0.02418	0.03352	0.01958	0.02382	0.01511	0.01016	0.01030	0.00329	0.01558	0.00873	0.00500	0.01595
2	0.01396	0.01161	0.01232	0.01267	0.01631	0.00997	0.00986	0.01713	0.02569	0.03085	0.10661	0.11086	0.46640	0.02886	0.01361	0.00399	0.00634	0.08292	0.01044	0.00962
3	0.01446	0.01091	0.01337	0.01389	0.01620	0.00982	0.00998	0.01798	0.02672	0.03560	0.25856	0.25997	0.21436	0.02859	0.01364	0.00395	0.00582	0.02514	0.01121	0.00982
4	0.02849	0.08316	0.05907	0.04068	0.05124	0.03048	0.36408	0.07983	0.07262	0.03934	0.02458	0.02998	0.01858	0.01039	0.01238	0.00363	0.01683	0.01228	0.00664	0.01571
5	0.01371	0.00979	0.01306	0.01567	0.01632	0.00914	0.01045	0.01567	0.02155	0.02873	0.06203	0.59710	0.07444	0.03526	0.01437	0.00457	0.00653	0.03200	0.01045	0.00914
6	0.03009	0.61122	0.05898	0.01926	0.02889	0.04454	0.01926	0.03370	0.02287	0.02648	0.01565	0.01805	0.01444	0.00963	0.00722	0.00241	0.01204	0.00602	0.00481	0.01444
7	0.01593	0.01150	0.01504	0.01416	0.01681	0.01062	0.01062	0.02124	0.03186	0.04513	0.52830	0.08407	0.10620	0.02301	0.01327	0.00354	0.00531	0.02035	0.01239	0.01062
8	0.01963	0.01612	0.01795	0.01792	0.02155	0.01711	0.01319	0.03427	0.22874	0.03673	0.06479	0.27453	0.14129	0.02564	0.01295	0.00411	0.00737	0.02240	0.01087	0.01284
9	0.03287	0.21208	0.13189	0.03383	0.13287	0.02992	0.06844	0.03939	0.02609	0.15228	0.02491	0.02681	0.01847	0.01089	0.01009	0.00316	0.01313	0.00909	0.00718	0.01665
10	0.01519	0.01148	0.01402	0.01339	0.01636	0.01031	0.01004	0.01981	0.03012	0.04100	0.41210	0.09087	0.22497	0.02455	0.01328	0.00361	0.00542	0.02131	0.01185	0.01031
11	0.02706	0.17381	0.03887	0.02572	0.02892	0.08729	0.02191	0.03007	0.02124	0.02838	0.05494	0.02714	0.02173	0.01662	0.02498	0.00398	0.33954	0.00944	0.00556	0.01279
12	0.02222	0.11882	0.02445	0.01830	0.02262	0.01783	0.01561	0.02620	0.02528	0.08377	0.05804	0.17274	0.11689	0.02584	0.01314	0.00423	0.00932	0.20325	0.00978	0.01168
13	0.03061	0.18323	0.16882	0.02191	0.03247	0.02553	0.02273	0.03723	0.02633	0.15514	0.07735	0.03193	0.02740	0.01214	0.00988	0.00298	0.01145	0.00945	0.00801	0.10541
14	0.08987	0.02298	0.09017	0.02177	0.06449	0.05886	0.01615	0.02421	0.01937	0.02798	0.02589	0.04607	0.02650	0.26508	0.03577	0.12505	0.01221	0.01179	0.00603	0.00979

[dist]
# distance from previous block
# <min> <max>
0	22

# created by:
# /st0/software/busco_prod/Augustus/scripts/msa2prfl.pl ./align_prep/8047.fa
