[name]
unknown

[dist]
# distance from previous block
# <min> <max>
0	102

[block]
# block no. 0 follows, 13 sequences, length 31
# corresponding to MSA columns:
# 115-145
name=unknown_A
#
# <colnr> <probs for GDERKNQSTAVLIFYWHMCP>
#	G	D	E	R	K	N	Q	S	T	A	V	L	I	F	Y	W	H	M	C	P
0	0.02720	0.34892	0.11578	0.01967	0.02935	0.03138	0.01969	0.03453	0.07031	0.06426	0.02035	0.02187	0.01645	0.00971	0.00803	0.00247	0.01086	0.00696	0.00595	0.13625
1	0.02554	0.24401	0.23218	0.07719	0.03794	0.10642	0.02636	0.03247	0.02354	0.02958	0.05684	0.02478	0.01992	0.01073	0.00910	0.00291	0.01371	0.00792	0.00517	0.01369
2	0.03079	0.19826	0.11283	0.02174	0.02998	0.02512	0.05999	0.06445	0.02446	0.16565	0.02398	0.02670	0.01805	0.01538	0.01511	0.12656	0.01151	0.00864	0.00713	0.01370
3	0.02220	0.01879	0.02019	0.01868	0.02354	0.02087	0.01431	0.04361	0.37911	0.04046	0.10241	0.10032	0.11419	0.01832	0.01139	0.00362	0.00744	0.01557	0.01064	0.01433
4	0.02033	0.01257	0.01868	0.01776	0.02082	0.01157	0.04927	0.02372	0.02394	0.12397	0.12108	0.36719	0.06185	0.02602	0.01286	0.00397	0.00758	0.05562	0.01030	0.01091
5	0.02407	0.10711	0.08704	0.09951	0.16839	0.02272	0.06016	0.03006	0.02442	0.07746	0.11041	0.08255	0.03409	0.01371	0.01066	0.00325	0.01121	0.01231	0.00707	0.01379
6	0.01837	0.00918	0.01377	0.01377	0.01377	0.00918	0.00918	0.01377	0.01377	0.01837	0.01837	0.03214	0.01837	0.03673	0.04132	0.69238	0.00918	0.00918	0.00459	0.00459
7	0.01531	0.01052	0.01291	0.01291	0.01338	0.01100	0.00812	0.01626	0.01578	0.02152	0.03206	0.06222	0.03541	0.49003	0.18806	0.01195	0.01480	0.01436	0.00622	0.00717
8	0.01317	0.00942	0.01252	0.01453	0.01540	0.00878	0.00984	0.01544	0.02157	0.02911	0.12683	0.54693	0.07403	0.03154	0.01335	0.00416	0.00598	0.02855	0.01007	0.00878
9	0.02054	0.01992	0.03525	0.53856	0.07079	0.02387	0.08645	0.02781	0.02158	0.02781	0.01909	0.02823	0.01432	0.01038	0.01079	0.00353	0.01452	0.00975	0.00477	0.01204
10	0.02827	0.63478	0.05540	0.01809	0.02714	0.04184	0.01809	0.03166	0.02148	0.02488	0.01470	0.01696	0.01357	0.00905	0.00678	0.00226	0.01131	0.00565	0.00452	0.01357
11	0.01997	0.01879	0.03171	0.60301	0.07282	0.02349	0.02936	0.02701	0.02114	0.02701	0.01879	0.02819	0.01409	0.01057	0.01057	0.00352	0.01409	0.00940	0.00470	0.01175
12	0.02281	0.02106	0.03535	0.10240	0.38037	0.02197	0.02732	0.02853	0.02202	0.03133	0.02191	0.03023	0.01894	0.02714	0.15565	0.00667	0.01667	0.00990	0.00529	0.01445
13	0.01385	0.00971	0.01247	0.01430	0.01491	0.00930	0.00954	0.01547	0.01935	0.02573	0.05180	0.44158	0.06126	0.18283	0.02375	0.00584	0.00746	0.06377	0.00895	0.00813
14	0.02810	0.58707	0.05443	0.02175	0.06903	0.04053	0.01921	0.03172	0.02169	0.02563	0.01511	0.01768	0.01382	0.00908	0.00707	0.00233	0.01141	0.00595	0.00458	0.01382
15	0.12026	0.01450	0.01775	0.01520	0.02012	0.01370	0.01201	0.03188	0.02840	0.21670	0.31275	0.05633	0.06340	0.01719	0.01105	0.00330	0.00675	0.01449	0.01141	0.01282
16	0.02739	0.22534	0.33171	0.02473	0.03722	0.02842	0.02907	0.03570	0.02329	0.11333	0.02117	0.02279	0.01541	0.01021	0.00914	0.00301	0.01329	0.00759	0.00581	0.01536
17	0.03019	0.08424	0.28012	0.03217	0.13155	0.02342	0.02948	0.03834	0.02485	0.18713	0.02534	0.02652	0.01768	0.01073	0.01003	0.00320	0.01283	0.00874	0.00708	0.01635
18	0.04744	0.01799	0.02454	0.01881	0.02699	0.01554	0.01554	0.05153	0.03026	0.56979	0.04171	0.03599	0.02617	0.01309	0.01063	0.00327	0.00900	0.01063	0.01309	0.01799
19	0.02763	0.03496	0.26690	0.07285	0.03845	0.02207	0.02703	0.11482	0.02783	0.13042	0.02936	0.10806	0.02419	0.01423	0.01075	0.00345	0.01239	0.01177	0.00772	0.01513
20	0.09140	0.03447	0.23391	0.03332	0.11179	0.02286	0.11446	0.03734	0.02445	0.15855	0.02437	0.02660	0.01708	0.01044	0.01034	0.00333	0.01337	0.00930	0.00690	0.01570
21	0.02617	0.02512	0.04292	0.06490	0.56246	0.02512	0.03245	0.03245	0.02407	0.03454	0.01989	0.02617	0.01675	0.00942	0.01047	0.00314	0.01256	0.00942	0.00523	0.01675
22	0.01460	0.01060	0.01279	0.01427	0.01591	0.01023	0.00991	0.01919	0.06456	0.02984	0.06144	0.44570	0.12981	0.02869	0.01254	0.00396	0.00610	0.02555	0.07487	0.00943
23	0.02156	0.02237	0.11671	0.08629	0.06474	0.01762	0.01998	0.03104	0.10304	0.08552	0.11268	0.15948	0.07837	0.01834	0.01148	0.00358	0.00947	0.01596	0.00874	0.01303
24	0.03225	0.07765	0.03759	0.08393	0.26365	0.10122	0.02558	0.12821	0.02983	0.08741	0.02196	0.02539	0.01698	0.01062	0.01009	0.00306	0.01293	0.00890	0.00689	0.01587
25	0.01618	0.01162	0.01620	0.01750	0.01939	0.01221	0.01423	0.01997	0.02067	0.02772	0.04382	0.08714	0.04659	0.13490	0.20165	0.00952	0.01570	0.26791	0.00795	0.00914
26	0.01505	0.01223	0.01969	0.01904	0.02135	0.01148	0.08107	0.01839	0.02212	0.02976	0.10087	0.45089	0.06471	0.02840	0.01334	0.00414	0.00790	0.06062	0.00937	0.00959
27	0.02600	0.08324	0.12011	0.18751	0.17713	0.02538	0.02756	0.03619	0.09477	0.08417	0.02425	0.02802	0.01826	0.01082	0.01015	0.00327	0.01242	0.00928	0.00642	0.01507
28	0.01837	0.00918	0.01377	0.01377	0.01377	0.00918	0.00918	0.01377	0.01377	0.01837	0.01837	0.03214	0.01837	0.03673	0.04132	0.69238	0.00918	0.00918	0.00459	0.00459
29	0.01997	0.01879	0.03171	0.60301	0.07282	0.02349	0.02936	0.02701	0.02114	0.02701	0.01879	0.02819	0.01409	0.01057	0.01057	0.00352	0.01409	0.00940	0.00470	0.01175
30	0.02866	0.02711	0.11118	0.19217	0.14639	0.02389	0.09433	0.08207	0.02668	0.12806	0.02397	0.02813	0.01722	0.01070	0.01075	0.00336	0.01340	0.00982	0.00687	0.01523

[dist]
# distance from previous block
# <min> <max>
5	10

[block]
# block no. 1 follows, 13 sequences, length 35
# corresponding to MSA columns:
# 156-190
name=unknown_B
#
# <colnr> <probs for GDERKNQSTAVLIFYWHMCP>
#	G	D	E	R	K	N	Q	S	T	A	V	L	I	F	Y	W	H	M	C	P
0	0.02677	0.11447	0.05988	0.06889	0.03198	0.08016	0.01920	0.07166	0.27795	0.03763	0.03329	0.07770	0.02743	0.01410	0.01022	0.00333	0.01069	0.01141	0.00843	0.01481
1	0.03137	0.17950	0.03070	0.01804	0.02452	0.02341	0.01511	0.11103	0.02666	0.16323	0.02717	0.07088	0.02255	0.01739	0.01526	0.12970	0.00976	0.00998	0.00811	0.06564
2	0.03246	0.07709	0.14349	0.02423	0.03411	0.02535	0.05794	0.15475	0.08969	0.15112	0.02767	0.02776	0.01964	0.01141	0.01008	0.00308	0.01160	0.00928	0.00861	0.08065
3	0.02629	0.30302	0.12573	0.02101	0.02940	0.03070	0.02102	0.11096	0.02661	0.03431	0.02651	0.07921	0.02547	0.01459	0.00959	0.00312	0.01144	0.08066	0.00668	0.01369
4	0.01470	0.01080	0.01376	0.01302	0.01563	0.00986	0.00976	0.01943	0.02929	0.04089	0.50797	0.08146	0.14961	0.02218	0.01247	0.00335	0.00503	0.01947	0.01144	0.00986
5	0.03595	0.06902	0.03123	0.08106	0.09053	0.01969	0.05588	0.04073	0.02702	0.32423	0.03963	0.03830	0.07257	0.01310	0.01061	0.00325	0.01037	0.01122	0.00985	0.01576
6	0.02903	0.03132	0.19925	0.13717	0.07956	0.02205	0.02683	0.08289	0.02657	0.15446	0.02464	0.02699	0.01728	0.01079	0.01012	0.00314	0.01242	0.00885	0.00726	0.08939
7	0.02510	0.04955	0.46261	0.02895	0.04310	0.02624	0.03518	0.13464	0.02793	0.04028	0.02029	0.02295	0.01433	0.01059	0.01015	0.00331	0.01481	0.00816	0.00572	0.01611
8	0.09238	0.01419	0.01771	0.01622	0.02089	0.01313	0.01263	0.03166	0.02479	0.24760	0.05263	0.23381	0.09921	0.02187	0.01166	0.00375	0.00767	0.05461	0.01081	0.01276
9	0.04082	0.08927	0.08242	0.02418	0.07949	0.02017	0.01968	0.04583	0.02796	0.40831	0.03452	0.03168	0.02268	0.01201	0.01014	0.00316	0.01022	0.00971	0.01058	0.01717
10	0.03261	0.02482	0.03001	0.02428	0.03169	0.02711	0.06638	0.19397	0.29055	0.10707	0.03555	0.03383	0.02579	0.01319	0.01086	0.00343	0.01032	0.01113	0.01044	0.01701
11	0.70310	0.02045	0.01554	0.01390	0.02045	0.02372	0.01145	0.03108	0.01799	0.04744	0.01472	0.01718	0.01145	0.00981	0.00654	0.00327	0.00818	0.00573	0.00654	0.01145
12	0.03053	0.02366	0.03915	0.05546	0.45276	0.02316	0.02898	0.03636	0.02534	0.14420	0.02436	0.02818	0.01868	0.01017	0.01050	0.00317	0.01183	0.00967	0.00684	0.01700
13	0.04461	0.01837	0.02435	0.01884	0.02664	0.01646	0.01549	0.08537	0.03171	0.49460	0.07667	0.03820	0.03072	0.01366	0.01076	0.00327	0.00892	0.01114	0.01279	0.01743
14	0.01554	0.01435	0.05718	0.01671	0.01966	0.01306	0.01391	0.02003	0.02059	0.02953	0.16273	0.05125	0.04486	0.09104	0.36675	0.01211	0.02039	0.01329	0.00714	0.00986
15	0.01393	0.01001	0.01321	0.01401	0.01557	0.00929	0.00990	0.01736	0.02512	0.03475	0.30930	0.34837	0.08495	0.02733	0.01298	0.00381	0.00556	0.02455	0.01073	0.00929
16	0.02091	0.01986	0.02771	0.02488	0.02521	0.02665	0.02042	0.02339	0.01761	0.02628	0.02499	0.12822	0.02732	0.02186	0.02939	0.00460	0.45562	0.05822	0.00594	0.01092
17	0.08064	0.07896	0.11079	0.02516	0.08059	0.06451	0.02076	0.09178	0.09488	0.03896	0.02207	0.02413	0.01725	0.01021	0.00905	0.00271	0.01107	0.00787	0.00681	0.20179
18	0.02488	0.03152	0.16859	0.02687	0.03194	0.05975	0.02574	0.03000	0.01969	0.06936	0.01850	0.02500	0.01559	0.01985	0.06467	0.00497	0.33572	0.00900	0.00536	0.01298
19	0.02358	0.05536	0.02595	0.16203	0.03656	0.06472	0.01863	0.06312	0.17194	0.03457	0.03375	0.15099	0.03099	0.01612	0.01072	0.00340	0.01043	0.01372	0.00798	0.06547
20	0.02827	0.63478	0.05540	0.01809	0.02714	0.04184	0.01809	0.03166	0.02148	0.02488	0.01470	0.01696	0.01357	0.00905	0.00678	0.00226	0.01131	0.00565	0.00452	0.01357
21	0.02478	0.01807	0.02785	0.03605	0.25126	0.01727	0.02033	0.03000	0.02704	0.12259	0.21050	0.05122	0.08721	0.01542	0.01132	0.00326	0.00890	0.01385	0.00899	0.01408
22	0.02116	0.02674	0.13577	0.02288	0.02876	0.08273	0.05944	0.05343	0.02305	0.03030	0.03187	0.13707	0.03184	0.07692	0.14381	0.00714	0.01638	0.05244	0.00671	0.01155
23	0.59574	0.07270	0.01992	0.01530	0.02196	0.06973	0.01270	0.03201	0.01923	0.04390	0.01485	0.01731	0.01179	0.00984	0.00680	0.00315	0.00930	0.00581	0.00629	0.01169
24	0.01997	0.01879	0.03171	0.60301	0.07282	0.02349	0.02936	0.02701	0.02114	0.02701	0.01879	0.02819	0.01409	0.01057	0.01057	0.00352	0.01409	0.00940	0.00470	0.01175
25	0.02715	0.01863	0.02246	0.01631	0.02545	0.01439	0.01315	0.03173	0.02363	0.14413	0.02349	0.02481	0.01781	0.00891	0.00840	0.00192	0.00807	0.00716	0.00766	0.55475
26	0.02025	0.01178	0.01527	0.01379	0.01713	0.01079	0.01056	0.02510	0.02923	0.12053	0.43007	0.06878	0.08184	0.01945	0.01171	0.00323	0.00558	0.01697	0.07679	0.01116
27	0.01342	0.01075	0.01199	0.01168	0.01485	0.00932	0.00876	0.01696	0.02628	0.03374	0.27534	0.09324	0.38672	0.02485	0.01249	0.00348	0.00522	0.02112	0.01050	0.00932
28	0.01442	0.01072	0.01390	0.01364	0.01602	0.01021	0.01019	0.01857	0.02606	0.03600	0.35749	0.12774	0.15389	0.03273	0.10466	0.00565	0.00889	0.01938	0.01024	0.00960
29	0.01405	0.01077	0.01287	0.01235	0.01524	0.00959	0.00926	0.01819	0.02778	0.03730	0.39100	0.08738	0.26884	0.02352	0.01248	0.00342	0.00512	0.02030	0.01097	0.00959
30	0.02244	0.02819	0.14312	0.25458	0.05122	0.02530	0.06519	0.03619	0.15452	0.03314	0.02486	0.02953	0.01872	0.01186	0.01235	0.00358	0.05503	0.00995	0.00624	0.01399
31	0.02387	0.01393	0.01731	0.01596	0.02002	0.01331	0.01210	0.03129	0.10325	0.16752	0.17712	0.20334	0.11379	0.02192	0.01203	0.00362	0.00681	0.01910	0.01120	0.01249
32	0.03309	0.01995	0.02606	0.10558	0.07407	0.02061	0.01872	0.08029	0.14970	0.23892	0.04204	0.04036	0.07490	0.01401	0.01081	0.00339	0.00970	0.01169	0.01025	0.01586
33	0.02537	0.02430	0.04147	0.13444	0.49918	0.02491	0.03205	0.03175	0.02370	0.03357	0.01975	0.02643	0.01640	0.00957	0.01048	0.00319	0.01276	0.00942	0.00516	0.01610
34	0.02313	0.02313	0.03238	0.02776	0.02776	0.03238	0.02313	0.02545	0.01619	0.02545	0.01388	0.02313	0.01388	0.01851	0.03470	0.00463	0.60907	0.00925	0.00463	0.01157

[dist]
# distance from previous block
# <min> <max>
0	4

[block]
# block no. 2 follows, 13 sequences, length 22
# corresponding to MSA columns:
# 195-216
name=unknown_C
#
# <colnr> <probs for GDERKNQSTAVLIFYWHMCP>
#	G	D	E	R	K	N	Q	S	T	A	V	L	I	F	Y	W	H	M	C	P
0	0.02165	0.01739	0.02470	0.30190	0.04519	0.02030	0.02022	0.09936	0.02396	0.03225	0.02476	0.03854	0.02184	0.15219	0.06146	0.00585	0.01327	0.01090	0.05306	0.01121
1	0.02485	0.14267	0.11149	0.01944	0.02884	0.05867	0.01838	0.06357	0.02497	0.03480	0.06126	0.02565	0.02166	0.01002	0.00863	0.00229	0.01041	0.00767	0.00634	0.31839
2	0.07280	0.01042	0.01231	0.01402	0.01561	0.00996	0.00967	0.01622	0.02066	0.02902	0.06223	0.48667	0.14219	0.03009	0.01273	0.00409	0.00619	0.02672	0.00953	0.00889
3	0.03063	0.17092	0.18305	0.02493	0.03481	0.02896	0.05643	0.10892	0.05746	0.12601	0.02394	0.02528	0.01754	0.01147	0.01138	0.00318	0.05357	0.00868	0.00724	0.01559
4	0.07198	0.29623	0.11594	0.10604	0.03392	0.02916	0.02063	0.02854	0.02237	0.03012	0.07738	0.03322	0.07151	0.01232	0.00888	0.00290	0.01096	0.00937	0.00586	0.01267
5	0.03700	0.02803	0.02993	0.02368	0.03157	0.03130	0.01932	0.41907	0.16305	0.06149	0.02944	0.02861	0.02126	0.01307	0.01062	0.00327	0.01088	0.01008	0.01062	0.01769
6	0.02484	0.02385	0.04380	0.05055	0.32791	0.02332	0.17614	0.03170	0.02405	0.03507	0.02253	0.02886	0.01809	0.00970	0.01061	0.00317	0.01300	0.01040	0.10744	0.01497
7	0.02213	0.02100	0.03562	0.41536	0.24357	0.02406	0.03044	0.02891	0.02216	0.02964	0.01917	0.02748	0.01502	0.01017	0.01053	0.00339	0.01356	0.00940	0.00488	0.01349
8	0.01482	0.01183	0.01607	0.01718	0.01768	0.01308	0.01233	0.01675	0.01948	0.02670	0.04989	0.50849	0.05934	0.03036	0.01750	0.00436	0.12002	0.02613	0.00883	0.00915
9	0.02856	0.01245	0.01454	0.01271	0.01700	0.01167	0.00999	0.03322	0.02475	0.20869	0.03680	0.03832	0.02680	0.01256	0.00843	0.00272	0.00623	0.01010	0.47199	0.01245
10	0.02651	0.01340	0.01760	0.01507	0.01972	0.01190	0.01182	0.03097	0.02955	0.23214	0.33160	0.06538	0.11264	0.01897	0.01181	0.00333	0.00647	0.01632	0.01201	0.01279
11	0.02036	0.01802	0.02737	0.12702	0.11104	0.02204	0.02096	0.02357	0.01810	0.02585	0.02056	0.03287	0.01935	0.08205	0.13896	0.06693	0.19874	0.01024	0.00509	0.01090
12	0.02183	0.01467	0.01612	0.01612	0.01898	0.05981	0.01167	0.02448	0.02405	0.13073	0.09376	0.37248	0.10151	0.02599	0.01245	0.00383	0.00763	0.02288	0.01020	0.01082
13	0.01406	0.01047	0.01320	0.01401	0.01614	0.00961	0.01045	0.01755	0.02490	0.03317	0.23743	0.25829	0.18452	0.02733	0.01308	0.00389	0.00606	0.08615	0.01042	0.00928
14	0.02645	0.48536	0.18889	0.02119	0.03193	0.03738	0.02349	0.03213	0.02170	0.02709	0.01580	0.01834	0.01352	0.00930	0.00762	0.00254	0.01242	0.00621	0.00451	0.01410
15	0.02638	0.03183	0.15891	0.06799	0.07611	0.06620	0.11928	0.03892	0.13679	0.08112	0.02917	0.07007	0.02328	0.01267	0.01097	0.00345	0.01319	0.01150	0.00725	0.01490
16	0.13953	0.01682	0.02043	0.01639	0.02325	0.01568	0.01339	0.04341	0.02691	0.39207	0.03634	0.03384	0.02416	0.01246	0.00941	0.00312	0.00811	0.00976	0.13943	0.01549
17	0.01290	0.00989	0.01182	0.01310	0.01497	0.00882	0.00916	0.01529	0.02243	0.02876	0.11463	0.38462	0.25591	0.02986	0.01304	0.00395	0.00575	0.02631	0.00996	0.00882
18	0.03251	0.03686	0.27653	0.02918	0.08864	0.02282	0.02847	0.10344	0.02859	0.20844	0.02713	0.02744	0.01838	0.01130	0.01034	0.00328	0.01270	0.00909	0.00808	0.01680
19	0.02518	0.02258	0.07368	0.27354	0.05004	0.02232	0.05978	0.10163	0.02704	0.08179	0.02896	0.04522	0.02462	0.01446	0.01143	0.00369	0.01285	0.10064	0.00726	0.01330
20	0.01462	0.01361	0.05845	0.01718	0.01946	0.01079	0.01402	0.01807	0.02146	0.02871	0.05454	0.44417	0.06306	0.03027	0.01350	0.00437	0.00782	0.14708	0.00937	0.00945
21	0.02212	0.03120	0.20297	0.11276	0.08195	0.02080	0.02555	0.03191	0.06706	0.03388	0.02103	0.02484	0.01621	0.00964	0.00942	0.00273	0.01170	0.00797	0.00576	0.26048

[dist]
# distance from previous block
# <min> <max>
1	61

[block]
# block no. 3 follows, 13 sequences, length 16
# corresponding to MSA columns:
# 278-293
name=unknown_D
#
# <colnr> <probs for GDERKNQSTAVLIFYWHMCP>
#	G	D	E	R	K	N	Q	S	T	A	V	L	I	F	Y	W	H	M	C	P
0	0.46339	0.02578	0.09815	0.01748	0.02579	0.02330	0.01643	0.06988	0.02212	0.08201	0.01828	0.02016	0.01352	0.01015	0.00772	0.00316	0.00954	0.00669	0.00698	0.05947
1	0.14381	0.02342	0.03035	0.08961	0.03596	0.02475	0.09109	0.17720	0.06771	0.04642	0.05788	0.02885	0.02228	0.01145	0.00993	0.00311	0.01103	0.00965	0.00795	0.10757
2	0.10221	0.04713	0.43895	0.03016	0.04405	0.02475	0.10108	0.03325	0.02217	0.03518	0.01880	0.02255	0.01352	0.00987	0.00996	0.00337	0.01504	0.00819	0.00483	0.01495
3	0.02850	0.02500	0.03564	0.02792	0.03554	0.02672	0.16164	0.15056	0.25211	0.04584	0.03242	0.03325	0.02417	0.01230	0.01098	0.00341	0.01155	0.01143	0.05517	0.01583
4	0.01358	0.01064	0.01237	0.01266	0.01543	0.00942	0.00951	0.01696	0.02521	0.03245	0.22239	0.16982	0.32362	0.02641	0.01279	0.00370	0.00569	0.05781	0.01032	0.00923
5	0.01502	0.01087	0.01507	0.01626	0.01809	0.01093	0.01265	0.01884	0.02285	0.03120	0.16173	0.23114	0.06446	0.03954	0.13876	0.00702	0.01175	0.15512	0.00929	0.00941
6	0.40831	0.01756	0.01624	0.01408	0.02007	0.01886	0.01144	0.03412	0.02160	0.15977	0.02500	0.02622	0.01814	0.01108	0.00762	0.00309	0.00764	0.00771	0.15891	0.01253
7	0.01358	0.01075	0.01222	0.01185	0.01495	0.00939	0.00889	0.01728	0.02667	0.03465	0.30511	0.09173	0.35637	0.02450	0.01248	0.00346	0.00519	0.02091	0.01062	0.00939
8	0.01601	0.01010	0.01245	0.01245	0.01259	0.01025	0.00754	0.01530	0.01515	0.02035	0.02966	0.05895	0.03312	0.45658	0.09240	0.15978	0.01142	0.01371	0.00595	0.00625
9	0.02955	0.56789	0.05249	0.01914	0.02777	0.10412	0.01836	0.03287	0.02245	0.02499	0.01489	0.01720	0.01357	0.00926	0.00710	0.00231	0.01220	0.00579	0.00463	0.01342
10	0.01379	0.00985	0.01331	0.01576	0.01677	0.00937	0.01139	0.01629	0.02114	0.02801	0.05777	0.51180	0.06795	0.03227	0.01374	0.00442	0.00692	0.13081	0.00980	0.00884
11	0.09948	0.02079	0.03441	0.40874	0.12946	0.02406	0.07739	0.02888	0.02155	0.03103	0.01873	0.02670	0.01434	0.01017	0.01029	0.00345	0.01359	0.00929	0.00504	0.01262
12	0.54620	0.16329	0.02481	0.01488	0.02200	0.02793	0.01299	0.03121	0.01881	0.04219	0.01472	0.01713	0.01194	0.00964	0.00660	0.00304	0.00891	0.00571	0.00607	0.01194
13	0.01538	0.01025	0.01153	0.01153	0.01153	0.01025	0.00641	0.01538	0.01538	0.02050	0.03331	0.06919	0.03844	0.62842	0.05382	0.01025	0.01025	0.01538	0.00641	0.00641
14	0.08110	0.02822	0.06422	0.02422	0.03231	0.02913	0.04918	0.27700	0.20594	0.05389	0.02976	0.02939	0.02179	0.01264	0.01042	0.00335	0.01093	0.01011	0.00965	0.01674
15	0.16950	0.01636	0.01824	0.01732	0.02079	0.01799	0.01377	0.09030	0.02492	0.03878	0.09503	0.13349	0.04416	0.08602	0.01757	0.00460	0.05169	0.11995	0.00866	0.01087

[dist]
# distance from previous block
# <min> <max>
0	1

[block]
# block no. 4 follows, 13 sequences, length 12
# corresponding to MSA columns:
# 295-306
name=unknown_E
#
# <colnr> <probs for GDERKNQSTAVLIFYWHMCP>
#	G	D	E	R	K	N	Q	S	T	A	V	L	I	F	Y	W	H	M	C	P
0	0.03216	0.02125	0.03586	0.19168	0.15838	0.02137	0.09581	0.03822	0.02569	0.23019	0.02787	0.03068	0.01941	0.01102	0.01084	0.00335	0.01242	0.01030	0.00801	0.01549
1	0.03950	0.05039	0.02996	0.02724	0.03269	0.58597	0.02043	0.04222	0.02996	0.02588	0.01634	0.01907	0.01362	0.01090	0.00953	0.00272	0.01907	0.00681	0.00545	0.01226
2	0.04307	0.01716	0.02346	0.01891	0.02626	0.01506	0.01576	0.04728	0.02941	0.49253	0.04376	0.04794	0.03115	0.01540	0.01120	0.00350	0.00910	0.07963	0.01261	0.01681
3	0.02827	0.63478	0.05540	0.01809	0.02714	0.04184	0.01809	0.03166	0.02148	0.02488	0.01470	0.01696	0.01357	0.00905	0.00678	0.00226	0.01131	0.00565	0.00452	0.01357
4	0.01406	0.00976	0.01196	0.01302	0.01406	0.00911	0.00859	0.01484	0.01915	0.02477	0.05804	0.31063	0.16098	0.16579	0.02589	0.09361	0.00728	0.02243	0.00838	0.00766
5	0.20099	0.25205	0.03924	0.02143	0.02957	0.03066	0.08974	0.03696	0.09673	0.07888	0.02194	0.02347	0.01710	0.01031	0.00844	0.00298	0.01085	0.00797	0.00675	0.01394
6	0.01498	0.01008	0.01165	0.01204	0.01214	0.00998	0.00695	0.01527	0.01616	0.02154	0.03732	0.15779	0.04349	0.53293	0.04735	0.00930	0.00959	0.01773	0.00695	0.00676
7	0.03018	0.01501	0.01914	0.01609	0.02159	0.01368	0.01276	0.03649	0.07165	0.27818	0.21776	0.05961	0.12684	0.01791	0.01150	0.00336	0.00713	0.01516	0.01196	0.01400
8	0.12659	0.02122	0.03196	0.18422	0.23847	0.02233	0.02481	0.03519	0.02386	0.15587	0.02382	0.02762	0.01745	0.01060	0.00997	0.00329	0.01151	0.00916	0.00707	0.01500
9	0.01538	0.01025	0.01153	0.01153	0.01153	0.01025	0.00641	0.01538	0.01538	0.02050	0.03331	0.06919	0.03844	0.62842	0.05382	0.01025	0.01025	0.01538	0.00641	0.00641
10	0.01518	0.01001	0.01249	0.01402	0.01509	0.00972	0.00986	0.01761	0.02017	0.02834	0.04874	0.32882	0.05484	0.15683	0.02134	0.00537	0.00740	0.09794	0.11771	0.00851
11	0.01384	0.01076	0.01258	0.01212	0.01511	0.00950	0.00909	0.01778	0.02728	0.03611	0.35231	0.08934	0.30827	0.02396	0.01248	0.00344	0.00516	0.02057	0.01081	0.00950

[dist]
# distance from previous block
# <min> <max>
0	1

[block]
# block no. 5 follows, 13 sequences, length 49
# corresponding to MSA columns:
# 320-364,368-371
name=unknown_F
#
# <colnr> <probs for GDERKNQSTAVLIFYWHMCP>
#	G	D	E	R	K	N	Q	S	T	A	V	L	I	F	Y	W	H	M	C	P
0	0.02699	0.34584	0.19032	0.02853	0.10969	0.03412	0.02592	0.06996	0.02423	0.03175	0.01740	0.02036	0.01432	0.00964	0.00848	0.00275	0.01267	0.00707	0.00507	0.01491
1	0.02891	0.01348	0.01716	0.01460	0.01944	0.01212	0.01152	0.03338	0.02800	0.25281	0.20756	0.05438	0.08202	0.01645	0.01062	0.00313	0.00661	0.01386	0.16084	0.01311
2	0.01441	0.01021	0.01145	0.01178	0.01265	0.00974	0.00722	0.01524	0.01795	0.02315	0.05292	0.15066	0.15711	0.41587	0.03929	0.00798	0.00862	0.01888	0.00762	0.00725
3	0.01620	0.01179	0.01517	0.11806	0.02257	0.01264	0.01054	0.01747	0.01641	0.02167	0.03070	0.06181	0.03405	0.51714	0.04603	0.00904	0.01094	0.01430	0.00610	0.00737
4	0.02527	0.17139	0.22412	0.02382	0.03308	0.11630	0.02458	0.03504	0.09317	0.03096	0.02606	0.10241	0.02351	0.01360	0.00980	0.00317	0.01299	0.01068	0.00619	0.01385
5	0.01510	0.01133	0.01699	0.01699	0.01888	0.01322	0.01322	0.01888	0.01699	0.02454	0.02832	0.04154	0.02643	0.07930	0.58652	0.01699	0.02832	0.01133	0.00566	0.00944
6	0.01514	0.01117	0.01621	0.01621	0.01782	0.01279	0.01223	0.01838	0.01676	0.02396	0.02904	0.04552	0.02816	0.15843	0.50975	0.01602	0.02572	0.01191	0.00577	0.00900
7	0.02192	0.01879	0.02192	0.01566	0.02506	0.01409	0.01253	0.02662	0.02192	0.03445	0.01879	0.02192	0.01566	0.00783	0.00783	0.00157	0.00783	0.00626	0.00626	0.69305
8	0.02368	0.02258	0.03841	0.28111	0.36572	0.02447	0.03121	0.03027	0.02290	0.03152	0.01945	0.02698	0.01568	0.00988	0.01051	0.00329	0.01318	0.00941	0.00502	0.01474
9	0.01997	0.01879	0.03171	0.60301	0.07282	0.02349	0.02936	0.02701	0.02114	0.02701	0.01879	0.02819	0.01409	0.01057	0.01057	0.00352	0.01409	0.00940	0.00470	0.01175
10	0.01353	0.01008	0.01267	0.01398	0.01574	0.00922	0.01006	0.01638	0.02321	0.03055	0.16011	0.36546	0.18213	0.02929	0.01318	0.00401	0.00606	0.06520	0.01014	0.00901
11	0.27328	0.02836	0.02587	0.02094	0.02844	0.08201	0.01709	0.30677	0.03669	0.05602	0.02078	0.02190	0.01527	0.01151	0.00906	0.00317	0.01112	0.00793	0.00867	0.01514
12	0.02496	0.02852	0.06239	0.04456	0.05526	0.02674	0.52406	0.03387	0.02496	0.03387	0.02139	0.02852	0.01604	0.00891	0.01248	0.00357	0.01783	0.01248	0.00535	0.01426
13	0.01933	0.01177	0.01553	0.01404	0.01730	0.01072	0.01072	0.02420	0.02997	0.11334	0.48759	0.07320	0.08986	0.02047	0.01222	0.00332	0.00553	0.01798	0.01183	0.01105
14	0.01939	0.01100	0.01473	0.01527	0.01750	0.01003	0.01087	0.02205	0.02335	0.12682	0.12236	0.44308	0.06606	0.02797	0.01284	0.00398	0.00650	0.02509	0.01065	0.01047
15	0.02037	0.01151	0.01504	0.01541	0.01752	0.01081	0.01113	0.02263	0.02148	0.12387	0.04874	0.30064	0.05282	0.17654	0.02315	0.00568	0.00823	0.09496	0.00955	0.00992
16	0.01401	0.01066	0.01289	0.01256	0.01527	0.00954	0.00933	0.01803	0.02734	0.03680	0.37519	0.12540	0.24624	0.02412	0.01255	0.00347	0.00519	0.02094	0.01092	0.00954
17	0.02537	0.39656	0.26822	0.02304	0.03479	0.03474	0.02670	0.03241	0.02183	0.02841	0.01645	0.01916	0.01350	0.00946	0.00812	0.00271	0.01308	0.00654	0.00450	0.01441
18	0.03902	0.02031	0.02510	0.01893	0.02750	0.01824	0.01552	0.13026	0.03144	0.33001	0.03239	0.03016	0.02177	0.01155	0.00984	0.00278	0.00915	0.00921	0.01073	0.20608
19	0.02192	0.01879	0.02192	0.01566	0.02506	0.01409	0.01253	0.02662	0.02192	0.03445	0.01879	0.02192	0.01566	0.00783	0.00783	0.00157	0.00783	0.00626	0.00626	0.69305
20	0.01814	0.00926	0.01360	0.01360	0.01360	0.00926	0.00897	0.01390	0.01390	0.01853	0.01950	0.03496	0.01989	0.08175	0.04227	0.64048	0.00926	0.00965	0.00473	0.00473
21	0.07281	0.01424	0.01734	0.01547	0.01994	0.01368	0.01220	0.03080	0.07214	0.16201	0.28746	0.06568	0.10701	0.01909	0.01161	0.00345	0.00675	0.04467	0.01126	0.01239
22	0.01538	0.01025	0.01153	0.01153	0.01153	0.01025	0.00641	0.01538	0.01538	0.02050	0.03331	0.06919	0.03844	0.62842	0.05382	0.01025	0.01025	0.01538	0.00641	0.00641
23	0.06743	0.02290	0.03761	0.04126	0.23558	0.02305	0.13205	0.03539	0.09811	0.07338	0.02645	0.03401	0.02183	0.08586	0.01601	0.00418	0.01230	0.01104	0.00684	0.01471
24	0.02192	0.01879	0.02192	0.01566	0.02506	0.01409	0.01253	0.02662	0.02192	0.03445	0.01879	0.02192	0.01566	0.00783	0.00783	0.00157	0.00783	0.00626	0.00626	0.69305
25	0.25179	0.01691	0.01799	0.01544	0.02082	0.01748	0.01234	0.07216	0.02769	0.14266	0.23758	0.04605	0.05005	0.01538	0.01000	0.00328	0.00734	0.01231	0.01012	0.01261
26	0.01837	0.00918	0.01377	0.01377	0.01377	0.00918	0.00918	0.01377	0.01377	0.01837	0.01837	0.03214	0.01837	0.03673	0.04132	0.69238	0.00918	0.00918	0.00459	0.00459
27	0.08131	0.03564	0.23941	0.02744	0.03854	0.02445	0.09819	0.10494	0.07195	0.13596	0.02598	0.02714	0.01814	0.01113	0.01037	0.00336	0.01303	0.00941	0.00765	0.01595
28	0.01351	0.01075	0.01212	0.01178	0.01491	0.00936	0.00884	0.01715	0.02651	0.03427	0.29276	0.09235	0.36896	0.02465	0.01249	0.00347	0.00520	0.02100	0.01057	0.00936
29	0.01357	0.01048	0.01238	0.01248	0.01509	0.00929	0.00914	0.01703	0.02577	0.03389	0.28078	0.18613	0.28428	0.02583	0.01267	0.00360	0.00535	0.02241	0.01056	0.00929
30	0.02576	0.02471	0.04219	0.10001	0.53051	0.02502	0.03225	0.03209	0.02388	0.03405	0.01982	0.02630	0.01657	0.00950	0.01047	0.00317	0.01266	0.00942	0.00520	0.01642
31	0.02192	0.01879	0.02192	0.01566	0.02506	0.01409	0.01253	0.02662	0.02192	0.03445	0.01879	0.02192	0.01566	0.00783	0.00783	0.00157	0.00783	0.00626	0.00626	0.69305
32	0.01467	0.00934	0.01262	0.01403	0.01472	0.00882	0.00944	0.01445	0.01846	0.02427	0.04963	0.37635	0.09905	0.03372	0.02265	0.23296	0.00707	0.02238	0.00808	0.00729
33	0.01449	0.01067	0.01391	0.01591	0.01780	0.01009	0.01241	0.01770	0.02259	0.02915	0.06615	0.32538	0.15420	0.03040	0.01376	0.00440	0.00745	0.21466	0.00978	0.00911
34	0.38654	0.02093	0.02528	0.18145	0.14172	0.02394	0.02039	0.03026	0.02004	0.03943	0.01683	0.02190	0.01321	0.00994	0.00840	0.00331	0.01063	0.00744	0.00579	0.01258
35	0.02617	0.02512	0.04292	0.06490	0.56246	0.02512	0.03245	0.03245	0.02407	0.03454	0.01989	0.02617	0.01675	0.00942	0.01047	0.00314	0.01256	0.00942	0.00523	0.01675
36	0.01510	0.01133	0.01699	0.01699	0.01888	0.01322	0.01322	0.01888	0.01699	0.02454	0.02832	0.04154	0.02643	0.07930	0.58652	0.01699	0.02832	0.01133	0.00566	0.00944
37	0.13317	0.02228	0.02578	0.02003	0.02808	0.02251	0.01654	0.21070	0.03523	0.32824	0.03252	0.02985	0.02140	0.01251	0.01006	0.00324	0.00978	0.00959	0.01135	0.01711
38	0.04300	0.10394	0.03053	0.02013	0.02850	0.02350	0.01705	0.17072	0.03406	0.36759	0.03390	0.03071	0.02238	0.01244	0.01010	0.00311	0.00998	0.00968	0.01129	0.01740
39	0.01326	0.00949	0.01260	0.01447	0.01542	0.00884	0.00984	0.01566	0.02199	0.02977	0.14808	0.52381	0.07530	0.03105	0.01331	0.00412	0.00593	0.02809	0.01014	0.00884
40	0.01590	0.01188	0.01518	0.01362	0.01704	0.01053	0.01032	0.02085	0.02885	0.04133	0.48450	0.07130	0.08845	0.01976	0.01185	0.00309	0.00537	0.01739	0.01092	0.10186
41	0.02593	0.02183	0.03874	0.30536	0.17131	0.02337	0.11728	0.03274	0.02370	0.10292	0.02258	0.02885	0.01665	0.01036	0.01090	0.00341	0.01374	0.01012	0.00606	0.01414
42	0.01642	0.01274	0.01896	0.01672	0.01834	0.01240	0.08146	0.01795	0.01741	0.02330	0.03495	0.13763	0.03945	0.45907	0.04243	0.00849	0.01079	0.01693	0.00671	0.00783
43	0.01617	0.01309	0.02050	0.01760	0.02107	0.01214	0.07912	0.02149	0.02863	0.04026	0.45268	0.10720	0.08658	0.02065	0.01254	0.00342	0.00679	0.01893	0.01067	0.01046
44	0.03456	0.07702	0.03561	0.03560	0.19789	0.02826	0.02292	0.22546	0.07878	0.11878	0.02646	0.02755	0.01954	0.01155	0.01025	0.00313	0.01127	0.00952	0.00874	0.01712
45	0.03348	0.01571	0.02178	0.10784	0.03013	0.01500	0.01559	0.03831	0.02769	0.31729	0.13131	0.04309	0.03786	0.01415	0.01052	0.00321	0.00851	0.01189	0.10218	0.01446
46	0.02983	0.14283	0.16030	0.03255	0.15758	0.02688	0.02570	0.10160	0.02732	0.10887	0.02232	0.02446	0.01674	0.01030	0.00951	0.00292	0.01203	0.00827	0.00679	0.07321
47	0.02282	0.14945	0.44028	0.02739	0.04109	0.02760	0.03366	0.03509	0.06607	0.03294	0.02028	0.02286	0.01501	0.01024	0.00956	0.00319	0.01429	0.00780	0.00500	0.01537
48	0.02126	0.01173	0.01565	0.01510	0.01807	0.01063	0.01113	0.02475	0.02600	0.15216	0.23765	0.29345	0.07125	0.02449	0.01249	0.00371	0.00634	0.02177	0.01120	0.01117

[dist]
# distance from previous block
# <min> <max>
0	224

# created by:
# /st0/software/busco_prod/Augustus/scripts/msa2prfl.pl ./align_prep/8052.fa
