[name]
unknown

[dist]
# distance from previous block
# <min> <max>
0	43

[block]
# block no. 0 follows, 15 sequences, length 87
# corresponding to MSA columns:
# 43-129
name=unknown_A
#
# <colnr> <probs for GDERKNQSTAVLIFYWHMCP>
#	G	D	E	R	K	N	Q	S	T	A	V	L	I	F	Y	W	H	M	C	P
0	0.02971	0.01653	0.02383	0.10959	0.08613	0.01645	0.01857	0.03605	0.06258	0.26252	0.03800	0.05392	0.03161	0.01595	0.01105	0.00354	0.00966	0.15112	0.00944	0.01377
1	0.02502	0.06511	0.11197	0.06502	0.12458	0.02197	0.02125	0.12675	0.05344	0.06589	0.11046	0.03204	0.02861	0.01162	0.00964	0.00284	0.01011	0.00972	0.00737	0.09659
2	0.02419	0.10615	0.02412	0.01792	0.02210	0.18112	0.01384	0.05940	0.02291	0.02732	0.06646	0.03582	0.02648	0.14442	0.13133	0.00642	0.01486	0.00968	0.00606	0.05941
3	0.07483	0.02056	0.03293	0.11505	0.24662	0.02040	0.06511	0.03618	0.02406	0.22675	0.02554	0.02776	0.01817	0.01020	0.00985	0.00309	0.01100	0.00928	0.00752	0.01508
4	0.02067	0.01772	0.02067	0.01477	0.02362	0.01329	0.01181	0.02510	0.02067	0.03248	0.01772	0.02067	0.01477	0.00738	0.00738	0.00148	0.00738	0.00591	0.00591	0.71059
5	0.02253	0.02068	0.03407	0.28433	0.22350	0.02260	0.06799	0.07949	0.02452	0.03326	0.06999	0.03007	0.02191	0.01064	0.01024	0.00316	0.01210	0.00994	0.00578	0.01319
6	0.08142	0.02400	0.02554	0.02084	0.02779	0.02672	0.01684	0.28891	0.23930	0.09617	0.03070	0.02916	0.02219	0.01239	0.00977	0.00315	0.00939	0.00967	0.00996	0.01608
7	0.01411	0.01019	0.01333	0.01254	0.01489	0.00941	0.00941	0.01881	0.02822	0.03998	0.58221	0.07447	0.09406	0.02038	0.01176	0.00314	0.00470	0.01803	0.01097	0.00941
8	0.02426	0.02327	0.03972	0.10082	0.55104	0.02358	0.03039	0.03023	0.02251	0.03207	0.01868	0.02481	0.01562	0.00896	0.00988	0.00299	0.01194	0.00888	0.00490	0.01546
9	0.02568	0.56711	0.13223	0.01872	0.02816	0.03706	0.01996	0.03010	0.02037	0.02464	0.01445	0.01673	0.01277	0.00867	0.00685	0.00228	0.01126	0.00563	0.00426	0.01308
10	0.01546	0.01110	0.01377	0.01293	0.01557	0.01076	0.00975	0.02223	0.07537	0.03987	0.48457	0.06779	0.08224	0.01898	0.01118	0.00308	0.00498	0.01664	0.07376	0.00996
11	0.02182	0.01840	0.02129	0.01531	0.02411	0.01446	0.01229	0.06030	0.02241	0.03450	0.01813	0.02089	0.01491	0.00769	0.00756	0.00158	0.00762	0.00611	0.00618	0.66445
12	0.03791	0.01641	0.02177	0.01675	0.02411	0.01392	0.01369	0.04194	0.02727	0.45107	0.08981	0.03587	0.03001	0.01236	0.00978	0.00284	0.00793	0.01017	0.01119	0.12519
13	0.02413	0.22345	0.28680	0.02740	0.03859	0.08012	0.12592	0.03186	0.02192	0.02863	0.01692	0.02039	0.01316	0.00907	0.00896	0.00284	0.01422	0.00751	0.00446	0.01364
14	0.02616	0.20426	0.32248	0.02572	0.07019	0.02610	0.02751	0.03387	0.02218	0.12278	0.02043	0.02207	0.01487	0.00966	0.00877	0.00286	0.01243	0.00736	0.00562	0.01466
15	0.01450	0.00966	0.01087	0.01087	0.01087	0.00966	0.00604	0.01450	0.01450	0.01933	0.03141	0.06524	0.03624	0.64965	0.05074	0.00966	0.00966	0.01450	0.00604	0.00604
16	0.01246	0.00998	0.01113	0.01115	0.01396	0.00866	0.00825	0.01551	0.02388	0.03038	0.22914	0.14433	0.39710	0.02450	0.01187	0.00337	0.00503	0.02093	0.00973	0.00866
17	0.01991	0.02038	0.06507	0.04033	0.33778	0.01808	0.02265	0.02526	0.02348	0.03247	0.12606	0.04776	0.15066	0.01428	0.01056	0.00309	0.00942	0.01287	0.00678	0.01311
18	0.04302	0.01817	0.02409	0.01860	0.02597	0.01686	0.01538	0.09207	0.02951	0.51986	0.03670	0.03246	0.02343	0.01255	0.01112	0.00314	0.03879	0.00987	0.01174	0.01667
19	0.01374	0.00983	0.01329	0.01392	0.01485	0.01044	0.00970	0.01575	0.01642	0.02266	0.03587	0.21338	0.03955	0.23108	0.28159	0.01086	0.01594	0.01667	0.00662	0.00784
20	0.04396	0.01819	0.02389	0.01832	0.02606	0.01647	0.01513	0.10520	0.03059	0.53485	0.03761	0.03281	0.02381	0.01230	0.01002	0.00307	0.00876	0.00991	0.01207	0.01696
21	0.03761	0.06454	0.03502	0.02439	0.03281	0.01930	0.16282	0.04268	0.02657	0.39917	0.03226	0.03073	0.02121	0.01099	0.01025	0.00309	0.01093	0.01018	0.00976	0.01570
22	0.01826	0.01659	0.02372	0.02141	0.02224	0.02205	0.01742	0.02109	0.01562	0.02359	0.01948	0.02995	0.01864	0.04435	0.30373	0.00983	0.34759	0.00964	0.00482	0.00996
23	0.01279	0.00895	0.01138	0.01305	0.01347	0.00853	0.00837	0.01405	0.01782	0.02376	0.04845	0.48376	0.05775	0.20179	0.02321	0.00560	0.00685	0.02452	0.00837	0.00753
24	0.02306	0.02204	0.03755	0.21688	0.44438	0.02326	0.02979	0.02918	0.02194	0.03061	0.01847	0.02520	0.01510	0.00918	0.00990	0.00306	0.01224	0.00888	0.00480	0.01449
25	0.03426	0.02455	0.03358	0.03046	0.12279	0.02547	0.08909	0.26952	0.07309	0.15371	0.02670	0.02728	0.01894	0.01118	0.01021	0.00308	0.01118	0.00968	0.00897	0.01623
26	0.03163	0.03181	0.02593	0.02268	0.02858	0.23144	0.01760	0.14238	0.28125	0.03958	0.02861	0.02795	0.02172	0.01209	0.00971	0.00302	0.01201	0.00914	0.00835	0.01452
27	0.33204	0.29749	0.03264	0.01645	0.02350	0.10618	0.01460	0.03091	0.01985	0.03290	0.01407	0.01634	0.01192	0.00907	0.00663	0.00261	0.01032	0.00550	0.00521	0.01176
28	0.02467	0.02369	0.04046	0.06119	0.58747	0.02369	0.03059	0.03059	0.02270	0.03257	0.01875	0.02467	0.01579	0.00888	0.00987	0.00296	0.01184	0.00888	0.00493	0.01579
29	0.01330	0.01038	0.01228	0.01300	0.01571	0.00936	0.01029	0.01661	0.02321	0.02931	0.14665	0.14149	0.33322	0.02572	0.01240	0.00373	0.00620	0.15895	0.00946	0.00873
30	0.02205	0.03568	0.25848	0.03548	0.04639	0.02492	0.31037	0.03108	0.02185	0.03108	0.01867	0.02424	0.01400	0.00962	0.01280	0.00338	0.07170	0.00984	0.00467	0.01370
31	0.01266	0.00921	0.01193	0.01321	0.01450	0.00848	0.00916	0.01528	0.02190	0.02957	0.20405	0.44251	0.11511	0.02776	0.01238	0.00374	0.00543	0.02491	0.00973	0.00848
32	0.02067	0.01772	0.02067	0.01477	0.02362	0.01329	0.01181	0.02510	0.02067	0.03248	0.01772	0.02067	0.01477	0.00738	0.00738	0.00148	0.00738	0.00591	0.00591	0.71059
33	0.02915	0.07403	0.03757	0.08653	0.03856	0.02564	0.17156	0.13729	0.14205	0.11367	0.02696	0.02852	0.01958	0.01084	0.01024	0.00316	0.01188	0.01009	0.00790	0.01478
34	0.01867	0.01145	0.01620	0.01532	0.01606	0.01273	0.01111	0.04901	0.01576	0.02162	0.01854	0.03021	0.01786	0.03671	0.11085	0.50479	0.07296	0.00895	0.00482	0.00638
35	0.01411	0.01019	0.01333	0.01254	0.01489	0.00941	0.00941	0.01881	0.02822	0.03998	0.58221	0.07447	0.09406	0.02038	0.01176	0.00314	0.00470	0.01803	0.01097	0.00941
36	0.02665	0.65565	0.05224	0.01706	0.02559	0.03945	0.01706	0.02985	0.02026	0.02345	0.01386	0.01599	0.01279	0.00853	0.00640	0.00213	0.01066	0.00533	0.00426	0.01279
37	0.01367	0.01084	0.01275	0.01261	0.01538	0.01031	0.00944	0.01861	0.06079	0.03084	0.21280	0.13298	0.28869	0.03016	0.08964	0.00502	0.00804	0.01893	0.00927	0.00922
38	0.01443	0.01040	0.01377	0.01349	0.01583	0.00974	0.01049	0.01911	0.02736	0.03833	0.49611	0.08064	0.08810	0.02154	0.01208	0.00337	0.00543	0.09972	0.01068	0.00937
39	0.02467	0.02369	0.04046	0.06119	0.58747	0.02369	0.03059	0.03059	0.02270	0.03257	0.01875	0.02467	0.01579	0.00888	0.00987	0.00296	0.01184	0.00888	0.00493	0.01579
40	0.02480	0.02141	0.02254	0.02029	0.02592	0.02480	0.01578	0.05297	0.56946	0.04170	0.04057	0.03719	0.03043	0.01352	0.01014	0.00338	0.00789	0.01127	0.01014	0.01578
41	0.36532	0.01806	0.01911	0.01554	0.02252	0.01831	0.01282	0.03943	0.02304	0.33344	0.02725	0.02551	0.01809	0.01087	0.00819	0.00308	0.00812	0.00783	0.00941	0.01404
42	0.02835	0.01961	0.02248	0.01996	0.05002	0.02064	0.01506	0.15792	0.19545	0.11670	0.08199	0.03535	0.02994	0.01274	0.00962	0.00294	0.00812	0.01045	0.09910	0.06357
43	0.01445	0.00986	0.01184	0.01184	0.01217	0.01019	0.00724	0.01512	0.01478	0.02004	0.03053	0.06035	0.03412	0.54189	0.15560	0.01086	0.01286	0.01378	0.00591	0.00658
44	0.02467	0.02369	0.04046	0.06119	0.58747	0.02369	0.03059	0.03059	0.02270	0.03257	0.01875	0.02467	0.01579	0.00888	0.00987	0.00296	0.01184	0.00888	0.00493	0.01579
45	0.02031	0.04933	0.54916	0.02965	0.04396	0.02334	0.08343	0.03160	0.02127	0.03160	0.01810	0.02158	0.01285	0.00937	0.00968	0.00318	0.01492	0.00776	0.00428	0.01462
46	0.01300	0.00984	0.01324	0.01497	0.01549	0.01008	0.01036	0.01477	0.01875	0.02532	0.05125	0.58825	0.06126	0.03001	0.01449	0.00408	0.06106	0.02661	0.00882	0.00835
47	0.03936	0.01879	0.02374	0.01801	0.02596	0.01692	0.01481	0.12235	0.02995	0.41167	0.03308	0.03001	0.02171	0.01139	0.00954	0.00278	0.00867	0.00912	0.01082	0.14132
48	0.02067	0.01772	0.02067	0.01477	0.02362	0.01329	0.01181	0.02510	0.02067	0.03248	0.01772	0.02067	0.01477	0.00738	0.00738	0.00148	0.00738	0.00591	0.00591	0.71059
49	0.01359	0.01006	0.01464	0.01536	0.01677	0.01111	0.01147	0.01659	0.01697	0.02386	0.03544	0.22606	0.03761	0.06129	0.42528	0.01232	0.02023	0.01615	0.00655	0.00865
50	0.02665	0.65565	0.05224	0.01706	0.02559	0.03945	0.01706	0.02985	0.02026	0.02345	0.01386	0.01599	0.01279	0.00853	0.00640	0.00213	0.01066	0.00533	0.00426	0.01279
51	0.02114	0.01984	0.07295	0.06500	0.02820	0.01446	0.01528	0.02609	0.02099	0.06675	0.02280	0.08380	0.02016	0.01046	0.00848	0.00213	0.00843	0.00876	0.00637	0.47790
52	0.02665	0.65565	0.05224	0.01706	0.02559	0.03945	0.01706	0.02985	0.02026	0.02345	0.01386	0.01599	0.01279	0.00853	0.00640	0.00213	0.01066	0.00533	0.00426	0.01279
53	0.01732	0.00866	0.01299	0.01299	0.01299	0.00866	0.00866	0.01299	0.01299	0.01732	0.01732	0.03030	0.01732	0.03463	0.03896	0.70996	0.00866	0.00866	0.00433	0.00433
54	0.01434	0.01030	0.01409	0.01409	0.01520	0.01141	0.01005	0.01656	0.01545	0.02171	0.02847	0.04894	0.02917	0.29037	0.40034	0.01364	0.02031	0.01211	0.00560	0.00783
55	0.01426	0.01059	0.01556	0.01556	0.01717	0.01221	0.01188	0.01750	0.01588	0.02280	0.02713	0.04152	0.02595	0.12684	0.55948	0.01545	0.02516	0.01103	0.00540	0.00864
56	0.01486	0.01198	0.01345	0.01276	0.01608	0.01149	0.00966	0.02246	0.11404	0.03470	0.28897	0.07754	0.29218	0.02134	0.01151	0.00327	0.00537	0.01821	0.01011	0.01002
57	0.01883	0.01772	0.02990	0.62569	0.06866	0.02215	0.02769	0.02547	0.01993	0.02547	0.01772	0.02658	0.01329	0.00997	0.00997	0.00332	0.01329	0.00886	0.00443	0.01107
58	0.04044	0.01673	0.02185	0.01724	0.02427	0.01519	0.01409	0.04678	0.08154	0.49029	0.03885	0.03454	0.02533	0.01239	0.00977	0.00305	0.00808	0.01008	0.07332	0.01617
59	0.04473	0.01697	0.02313	0.01774	0.02545	0.01465	0.01465	0.04858	0.02853	0.59437	0.03933	0.03393	0.02468	0.01234	0.01003	0.00308	0.00848	0.01003	0.01234	0.01697
60	0.04106	0.02285	0.02677	0.02053	0.02838	0.02338	0.01696	0.31991	0.03837	0.30914	0.03107	0.02857	0.02053	0.01214	0.01000	0.00303	0.00982	0.00946	0.01107	0.01696
61	0.01433	0.01107	0.01330	0.01346	0.01609	0.01053	0.01023	0.02002	0.07244	0.03302	0.25530	0.17297	0.21346	0.02370	0.01202	0.00354	0.00578	0.07934	0.00994	0.00946
62	0.04236	0.01627	0.02188	0.01697	0.02420	0.01417	0.01396	0.04629	0.02784	0.54390	0.03871	0.03422	0.02476	0.01227	0.00975	0.00302	0.00814	0.00996	0.07508	0.01627
63	0.01883	0.01772	0.02990	0.62569	0.06866	0.02215	0.02769	0.02547	0.01993	0.02547	0.01772	0.02658	0.01329	0.00997	0.00997	0.00332	0.01329	0.00886	0.00443	0.01107
64	0.02234	0.02165	0.03788	0.27607	0.34573	0.02322	0.07115	0.02874	0.02171	0.02980	0.01847	0.02558	0.01478	0.00926	0.01006	0.00313	0.01279	0.00910	0.00475	0.01379
65	0.01280	0.00946	0.01196	0.01276	0.01445	0.00863	0.00903	0.01574	0.02301	0.03097	0.25409	0.34458	0.16328	0.02629	0.01221	0.00360	0.00527	0.02337	0.00988	0.00863
66	0.01424	0.01068	0.01602	0.01602	0.01780	0.01246	0.01246	0.01780	0.01602	0.02314	0.02670	0.03916	0.02492	0.07477	0.61015	0.01602	0.02670	0.01068	0.00534	0.00890
67	0.01428	0.01121	0.01318	0.01330	0.01630	0.01050	0.01051	0.01965	0.06216	0.03232	0.22431	0.08930	0.29082	0.02354	0.01209	0.00357	0.00604	0.12778	0.00979	0.00937
68	0.02456	0.02400	0.03122	0.34465	0.12782	0.10061	0.02544	0.09047	0.02418	0.03061	0.01789	0.02446	0.01399	0.01075	0.01184	0.00323	0.06803	0.00855	0.00524	0.01247
69	0.21754	0.02272	0.03792	0.02814	0.03658	0.02228	0.27470	0.03324	0.04784	0.09179	0.02108	0.02456	0.01557	0.00918	0.00958	0.00309	0.01220	0.00928	0.00640	0.07632
70	0.48218	0.02642	0.01950	0.07047	0.02661	0.17366	0.01447	0.03167	0.02014	0.03779	0.01461	0.01757	0.01154	0.00958	0.00723	0.00297	0.01085	0.00597	0.00575	0.01102
71	0.01446	0.01045	0.01415	0.01629	0.01809	0.01013	0.01320	0.01795	0.02165	0.02817	0.05689	0.28814	0.09716	0.02861	0.01328	0.00432	0.00776	0.32135	0.00921	0.00877
72	0.72007	0.01928	0.01465	0.01311	0.01928	0.02236	0.01080	0.02930	0.01697	0.04473	0.01388	0.01619	0.01080	0.00925	0.00617	0.00308	0.00771	0.00540	0.00617	0.01080
73	0.01430	0.01032	0.01360	0.01312	0.01546	0.00961	0.01007	0.01900	0.02770	0.03897	0.52966	0.07824	0.09042	0.02109	0.01196	0.00328	0.00515	0.06788	0.01080	0.00938
74	0.65105	0.01972	0.01721	0.01788	0.07567	0.02249	0.01276	0.02943	0.01753	0.04352	0.01436	0.01704	0.01129	0.00922	0.00654	0.00307	0.00812	0.00574	0.00605	0.01129
75	0.03295	0.08001	0.02734	0.01964	0.02557	0.01815	0.05746	0.03655	0.02431	0.33260	0.03587	0.14660	0.02955	0.01571	0.01237	0.00331	0.06527	0.01307	0.00964	0.01403
76	0.01394	0.00943	0.01104	0.01159	0.01172	0.00929	0.00680	0.01435	0.01559	0.02078	0.03700	0.20251	0.04330	0.50275	0.04171	0.00833	0.00874	0.01779	0.00680	0.00653
77	0.02027	0.02150	0.08136	0.52928	0.06370	0.02285	0.02790	0.06314	0.02193	0.02865	0.01817	0.02589	0.01349	0.01006	0.00992	0.00328	0.01326	0.00873	0.00480	0.01182
78	0.01968	0.01816	0.02736	0.24904	0.19351	0.01985	0.02235	0.02814	0.09654	0.02998	0.03981	0.04307	0.14422	0.01358	0.01037	0.00324	0.01030	0.01193	0.00643	0.01242
79	0.02976	0.02584	0.03456	0.02931	0.07821	0.09260	0.15686	0.12007	0.13193	0.11071	0.03158	0.03244	0.05536	0.01178	0.01047	0.00315	0.01211	0.01073	0.00801	0.01454
80	0.01436	0.01021	0.01364	0.01364	0.01459	0.01117	0.00949	0.01627	0.01532	0.02138	0.02888	0.05125	0.03017	0.34117	0.35092	0.01308	0.01881	0.01245	0.00566	0.00758
81	0.57051	0.01987	0.01654	0.01430	0.02047	0.02273	0.01174	0.10664	0.02167	0.04689	0.01666	0.01879	0.01273	0.00982	0.00679	0.00302	0.00798	0.00620	0.05506	0.01160
82	0.72007	0.01928	0.01465	0.01311	0.01928	0.02236	0.01080	0.02930	0.01697	0.04473	0.01388	0.01619	0.01080	0.00925	0.00617	0.00308	0.00771	0.00540	0.00617	0.01080
83	0.02537	0.01848	0.02863	0.45848	0.05723	0.02152	0.02447	0.07652	0.02393	0.13541	0.02232	0.02772	0.01575	0.01059	0.00998	0.00325	0.01218	0.00909	0.00640	0.01270
84	0.07960	0.03225	0.03198	0.06568	0.11631	0.22506	0.06873	0.15343	0.06595	0.03761	0.01997	0.02278	0.01547	0.01041	0.00953	0.00293	0.01372	0.00824	0.00656	0.01378
85	0.02903	0.03294	0.03084	0.09066	0.22199	0.29717	0.02258	0.03286	0.02424	0.02678	0.01835	0.02573	0.01621	0.07323	0.01352	0.00347	0.01464	0.00828	0.00509	0.01241
86	0.03007	0.09675	0.03196	0.20683	0.07922	0.07437	0.04656	0.03689	0.06757	0.19381	0.02541	0.02745	0.01816	0.01065	0.00957	0.00303	0.01162	0.00890	0.00731	0.01386

[dist]
# distance from previous block
# <min> <max>
1	3

[block]
# block no. 1 follows, 15 sequences, length 30
# corresponding to MSA columns:
# 133-162
name=unknown_B
#
# <colnr> <probs for GDERKNQSTAVLIFYWHMCP>
#	G	D	E	R	K	N	Q	S	T	A	V	L	I	F	Y	W	H	M	C	P
0	0.02395	0.01622	0.01982	0.01697	0.02114	0.01713	0.01344	0.10759	0.10069	0.11923	0.30485	0.05200	0.05779	0.01687	0.01281	0.00324	0.05948	0.01390	0.01035	0.01254
1	0.02545	0.02032	0.02460	0.09822	0.14724	0.09232	0.01871	0.03167	0.05787	0.10957	0.10070	0.04179	0.03231	0.01341	0.01003	0.00308	0.01002	0.05459	0.09549	0.01263
2	0.02066	0.01822	0.02411	0.13543	0.07983	0.01586	0.01643	0.02564	0.02070	0.03115	0.01781	0.02214	0.01457	0.00800	0.00809	0.00195	0.00889	0.00672	0.00554	0.51827
3	0.02005	0.04263	0.44046	0.02687	0.03754	0.02392	0.03174	0.02891	0.01941	0.02920	0.01768	0.02389	0.01416	0.05004	0.01697	0.00381	0.14689	0.00809	0.00435	0.01338
4	0.01920	0.01832	0.02481	0.02182	0.02232	0.02427	0.01765	0.02120	0.01643	0.02403	0.02926	0.06908	0.09729	0.08005	0.03049	0.00472	0.45164	0.01202	0.00546	0.00994
5	0.01970	0.01880	0.02698	0.07331	0.02813	0.05151	0.09302	0.02254	0.01734	0.02368	0.02160	0.03831	0.02185	0.22900	0.07011	0.00656	0.21176	0.01110	0.00513	0.00957
6	0.03771	0.01929	0.02820	0.02623	0.11403	0.01798	0.05222	0.09151	0.02905	0.38569	0.06665	0.03356	0.02618	0.01200	0.01022	0.00308	0.00955	0.01035	0.01041	0.01609
7	0.01927	0.01786	0.02820	0.11678	0.31169	0.01792	0.02202	0.02398	0.02203	0.02947	0.04442	0.09833	0.17621	0.01548	0.01066	0.00321	0.00963	0.01392	0.00644	0.01247
8	0.26644	0.01773	0.02035	0.01622	0.02342	0.01718	0.01339	0.04225	0.02474	0.41392	0.03097	0.02811	0.02012	0.01133	0.00876	0.00308	0.00823	0.00851	0.01031	0.01494
9	0.04014	0.02433	0.02769	0.02123	0.02912	0.02558	0.01754	0.38820	0.04085	0.23736	0.02899	0.02722	0.01949	0.01209	0.00999	0.00302	0.01015	0.00932	0.01075	0.01696
10	0.62841	0.01908	0.01665	0.09318	0.02573	0.02234	0.01300	0.02880	0.01735	0.04221	0.01438	0.01755	0.01112	0.00935	0.00667	0.00312	0.00844	0.00585	0.00594	0.01083
11	0.53212	0.02166	0.01886	0.01582	0.02248	0.02472	0.01304	0.17392	0.02520	0.04971	0.01665	0.01833	0.01249	0.01000	0.00722	0.00306	0.00861	0.00638	0.00722	0.01249
12	0.01531	0.01291	0.01383	0.01399	0.01604	0.06109	0.01010	0.01869	0.02478	0.03288	0.32421	0.26420	0.10739	0.02349	0.01185	0.00341	0.00625	0.02071	0.00978	0.00909
13	0.02143	0.01201	0.01448	0.01280	0.01712	0.01038	0.00997	0.02485	0.02567	0.18646	0.20171	0.07360	0.30978	0.02050	0.01129	0.00323	0.00591	0.01727	0.01053	0.01101
14	0.01883	0.01772	0.02990	0.62569	0.06866	0.02215	0.02769	0.02547	0.01993	0.02547	0.01772	0.02658	0.01329	0.00997	0.00997	0.00332	0.01329	0.00886	0.00443	0.01107
15	0.02768	0.02119	0.02894	0.02419	0.02633	0.02722	0.02012	0.06371	0.02012	0.14651	0.01931	0.02450	0.01578	0.01602	0.02646	0.00400	0.45995	0.00901	0.00641	0.01257
16	0.01998	0.01175	0.01369	0.01228	0.01653	0.01005	0.00953	0.02315	0.02493	0.16406	0.15832	0.07795	0.37707	0.02144	0.01136	0.00326	0.00582	0.01796	0.01025	0.01060
17	0.01275	0.00922	0.01219	0.01435	0.01539	0.00866	0.01024	0.01500	0.01996	0.02626	0.05772	0.52047	0.09963	0.03023	0.01283	0.00409	0.00628	0.10720	0.00924	0.00829
18	0.02363	0.02375	0.04305	0.10454	0.36579	0.02449	0.15363	0.02989	0.02202	0.03105	0.01852	0.02513	0.01518	0.00959	0.01226	0.00321	0.06546	0.00955	0.00487	0.01439
19	0.02477	0.02875	0.05607	0.04054	0.05018	0.07788	0.50331	0.03264	0.02395	0.03125	0.01974	0.02609	0.01492	0.00857	0.01151	0.00329	0.01691	0.01128	0.00505	0.01328
20	0.01215	0.00868	0.01157	0.01388	0.01446	0.00810	0.00925	0.01388	0.01909	0.02545	0.05495	0.64315	0.06593	0.03123	0.01272	0.00405	0.00578	0.02834	0.00925	0.00810
21	0.11150	0.04735	0.52175	0.02641	0.04003	0.02305	0.03343	0.03127	0.02051	0.03329	0.01737	0.02041	0.01239	0.00944	0.00904	0.00315	0.01382	0.00711	0.00447	0.01422
22	0.03274	0.11080	0.14366	0.02496	0.07918	0.02495	0.02184	0.16276	0.06653	0.19474	0.02637	0.02606	0.01851	0.01096	0.00942	0.00296	0.01085	0.00862	0.00832	0.01579
23	0.01465	0.01004	0.01219	0.01271	0.01501	0.00941	0.00982	0.01851	0.02349	0.03302	0.20873	0.15327	0.16570	0.02240	0.01133	0.00342	0.00576	0.11433	0.14724	0.00897
24	0.62944	0.10246	0.01956	0.01363	0.02010	0.02460	0.01161	0.02938	0.01740	0.04195	0.01388	0.01617	0.01106	0.00916	0.00620	0.00296	0.00810	0.00539	0.00592	0.01106
25	0.01307	0.00948	0.01211	0.01280	0.01431	0.00876	0.00895	0.01596	0.02280	0.03106	0.27153	0.32539	0.12034	0.06822	0.01483	0.00400	0.00554	0.02258	0.00974	0.00852
26	0.01426	0.01027	0.01363	0.01364	0.01582	0.00964	0.01051	0.01868	0.02651	0.03696	0.44583	0.13210	0.08537	0.02256	0.01218	0.00346	0.00555	0.10327	0.01052	0.00925
27	0.02277	0.04462	0.47280	0.02642	0.03936	0.02263	0.03215	0.03585	0.09338	0.08183	0.02272	0.02428	0.01600	0.01025	0.00961	0.00318	0.01330	0.00811	0.00569	0.01506
28	0.02459	0.02368	0.03978	0.05412	0.46582	0.02397	0.07558	0.03364	0.09424	0.03370	0.02173	0.02651	0.01764	0.00945	0.01008	0.00305	0.01177	0.00945	0.00563	0.01558
29	0.11894	0.17490	0.02974	0.01846	0.02485	0.08685	0.01566	0.10317	0.05129	0.14630	0.02320	0.02404	0.01740	0.01111	0.00983	0.00282	0.05209	0.00771	0.06815	0.01349

[dist]
# distance from previous block
# <min> <max>
1	4

[block]
# block no. 2 follows, 15 sequences, length 24
# corresponding to MSA columns:
# 167-190
name=unknown_C
#
# <colnr> <probs for GDERKNQSTAVLIFYWHMCP>
#	G	D	E	R	K	N	Q	S	T	A	V	L	I	F	Y	W	H	M	C	P
0	0.35633	0.02132	0.02677	0.03341	0.23880	0.02400	0.01993	0.02907	0.01894	0.03719	0.01564	0.02023	0.01303	0.01024	0.01125	0.00321	0.09526	0.00720	0.00545	0.01273
1	0.72007	0.01928	0.01465	0.01311	0.01928	0.02236	0.01080	0.02930	0.01697	0.04473	0.01388	0.01619	0.01080	0.00925	0.00617	0.00308	0.00771	0.00540	0.00617	0.01080
2	0.01883	0.01772	0.02990	0.62569	0.06866	0.02215	0.02769	0.02547	0.01993	0.02547	0.01772	0.02658	0.01329	0.00997	0.00997	0.00332	0.01329	0.00886	0.00443	0.01107
3	0.02018	0.01870	0.03031	0.40574	0.17498	0.02166	0.02593	0.02816	0.06323	0.02945	0.06542	0.03085	0.02169	0.01084	0.01010	0.00323	0.01186	0.00979	0.00551	0.01233
4	0.01247	0.00992	0.01130	0.01221	0.01471	0.00876	0.00917	0.01507	0.02182	0.02695	0.08256	0.23830	0.37844	0.02710	0.01230	0.00371	0.00581	0.09173	0.00925	0.00844
5	0.02480	0.02141	0.02254	0.02029	0.02592	0.02480	0.01578	0.05297	0.56946	0.04170	0.04057	0.03719	0.03043	0.01352	0.01014	0.00338	0.00789	0.01127	0.01014	0.01578
6	0.02682	0.01812	0.02154	0.01626	0.02388	0.01572	0.01310	0.11018	0.02719	0.14085	0.10043	0.03101	0.02784	0.01079	0.00887	0.00223	0.00777	0.00880	0.00841	0.38019
7	0.03198	0.04091	0.22778	0.02523	0.03474	0.19156	0.02496	0.18518	0.03109	0.08272	0.02060	0.02201	0.01488	0.01064	0.00952	0.00294	0.01409	0.00777	0.00677	0.01464
8	0.72007	0.01928	0.01465	0.01311	0.01928	0.02236	0.01080	0.02930	0.01697	0.04473	0.01388	0.01619	0.01080	0.00925	0.00617	0.00308	0.00771	0.00540	0.00617	0.01080
9	0.02228	0.02438	0.05137	0.12055	0.05184	0.02368	0.43574	0.03013	0.02299	0.03087	0.02247	0.03378	0.01830	0.01017	0.01168	0.00346	0.01570	0.05257	0.00529	0.01277
10	0.01929	0.01819	0.03073	0.58134	0.10942	0.02227	0.02791	0.02587	0.02015	0.02603	0.01780	0.02643	0.01349	0.00988	0.00996	0.00329	0.01318	0.00886	0.00447	0.01144
11	0.02399	0.43303	0.04803	0.02192	0.02968	0.03210	0.12936	0.02809	0.02079	0.02553	0.02086	0.10474	0.02061	0.01163	0.00841	0.00266	0.01129	0.00987	0.00512	0.01228
12	0.01483	0.01059	0.01465	0.01695	0.01870	0.01041	0.01392	0.01852	0.02173	0.02845	0.05346	0.27981	0.06007	0.02870	0.01344	0.00442	0.00811	0.36520	0.00920	0.00884
13	0.02665	0.65565	0.05224	0.01706	0.02559	0.03945	0.01706	0.02985	0.02026	0.02345	0.01386	0.01599	0.01279	0.00853	0.00640	0.00213	0.01066	0.00533	0.00426	0.01279
14	0.01611	0.01463	0.02578	0.16589	0.03524	0.01501	0.12641	0.02040	0.02021	0.02680	0.03882	0.36765	0.04279	0.02140	0.01187	0.00373	0.00987	0.02024	0.00723	0.00992
15	0.01260	0.01013	0.01123	0.01095	0.01397	0.00876	0.00822	0.01588	0.02465	0.03150	0.26945	0.08842	0.41211	0.02354	0.01177	0.00329	0.00493	0.01999	0.00986	0.00876
16	0.04473	0.01697	0.02313	0.01774	0.02545	0.01465	0.01465	0.04858	0.02853	0.59437	0.03933	0.03393	0.02468	0.01234	0.01003	0.00308	0.00848	0.01003	0.01234	0.01697
17	0.56817	0.01887	0.01745	0.09792	0.02659	0.02170	0.01344	0.03035	0.01832	0.08704	0.01649	0.01908	0.01228	0.00960	0.00701	0.00312	0.00854	0.00625	0.00643	0.01134
18	0.07138	0.02071	0.02888	0.41403	0.05466	0.02464	0.02408	0.17527	0.02735	0.03733	0.01922	0.02513	0.01416	0.01048	0.00971	0.00321	0.01226	0.00866	0.00611	0.01272
19	0.01345	0.01016	0.01241	0.01185	0.01449	0.00912	0.00889	0.01753	0.02666	0.03626	0.44530	0.08058	0.23328	0.02176	0.01176	0.00320	0.00480	0.01889	0.01049	0.00912
20	0.02718	0.02287	0.06952	0.02596	0.11831	0.02043	0.01882	0.06901	0.18922	0.12264	0.02845	0.02854	0.02113	0.01066	0.00933	0.00275	0.00920	0.00893	0.00811	0.18894
21	0.01678	0.01036	0.01326	0.01269	0.01519	0.00960	0.00945	0.02098	0.02591	0.07988	0.38849	0.14867	0.07524	0.02013	0.01111	0.00315	0.00514	0.01771	0.10648	0.00978
22	0.02786	0.07506	0.02842	0.06846	0.03093	0.08446	0.04550	0.11531	0.18891	0.07582	0.06210	0.03048	0.02495	0.01169	0.00956	0.00289	0.01030	0.00955	0.00814	0.08962
23	0.02063	0.01518	0.02147	0.18023	0.03327	0.01645	0.01707	0.05429	0.02269	0.08652	0.07532	0.19454	0.03786	0.01834	0.01275	0.00348	0.05936	0.05461	0.00777	0.06818

[dist]
# distance from previous block
# <min> <max>
0	15

# created by:
# /st0/software/busco_prod/Augustus/scripts/msa2prfl.pl ./align_prep/8061.fa
