[name]
unknown

[dist]
# distance from previous block
# <min> <max>
0	140

[block]
# block no. 0 follows, 12 sequences, length 32
# corresponding to MSA columns:
# 174-205
name=unknown_A
#
# <colnr> <probs for GDERKNQSTAVLIFYWHMCP>
#	G	D	E	R	K	N	Q	S	T	A	V	L	I	F	Y	W	H	M	C	P
0	0.01782	0.01243	0.01694	0.01608	0.01727	0.01364	0.01195	0.01761	0.01900	0.02573	0.10161	0.05242	0.13147	0.03464	0.07615	0.30470	0.10237	0.01356	0.00678	0.00784
1	0.03884	0.02561	0.02856	0.02289	0.03078	0.02767	0.01859	0.26864	0.19115	0.17461	0.03558	0.03310	0.02496	0.01370	0.01098	0.00342	0.01035	0.01084	0.01156	0.01816
2	0.02441	0.01931	0.02480	0.12816	0.03559	0.01654	0.01656	0.02968	0.02317	0.07754	0.02135	0.02508	0.01674	0.00908	0.00887	0.00215	0.00943	0.00746	0.00673	0.49734
3	0.02887	0.10260	0.27835	0.07267	0.08548	0.02544	0.06446	0.03764	0.02488	0.14154	0.02420	0.02657	0.01710	0.01080	0.01037	0.00333	0.01399	0.00902	0.00660	0.01609
4	0.02948	0.07503	0.11644	0.03920	0.08985	0.02759	0.27969	0.07788	0.02786	0.09347	0.02373	0.02809	0.01738	0.01019	0.01158	0.00345	0.01562	0.01102	0.00666	0.01579
5	0.01384	0.00978	0.01268	0.01456	0.01524	0.00923	0.00958	0.01569	0.02083	0.02796	0.09176	0.48659	0.06932	0.12427	0.02033	0.00531	0.00690	0.02780	0.00971	0.00861
6	0.01658	0.01107	0.01451	0.01451	0.01602	0.01210	0.01049	0.01961	0.01809	0.02712	0.03189	0.05043	0.03087	0.21875	0.31786	0.01265	0.01927	0.01256	0.13667	0.00894
7	0.03692	0.23071	0.03700	0.02030	0.02802	0.02847	0.01777	0.04441	0.09560	0.25636	0.03109	0.02965	0.02227	0.01269	0.01167	0.00317	0.05910	0.00924	0.00935	0.01623
8	0.01873	0.01193	0.01530	0.01400	0.01734	0.01077	0.01066	0.02348	0.03016	0.09731	0.43562	0.07956	0.14923	0.02200	0.01266	0.00345	0.00564	0.01918	0.01193	0.01105
9	0.01543	0.01115	0.01457	0.01372	0.01629	0.01029	0.01029	0.02058	0.03086	0.04372	0.54304	0.08145	0.10288	0.02229	0.01286	0.00343	0.00514	0.01972	0.01200	0.01029
10	0.04680	0.02196	0.02741	0.02101	0.02953	0.02108	0.01736	0.18356	0.03690	0.41787	0.03823	0.03401	0.02459	0.01338	0.01095	0.00334	0.01005	0.01064	0.01276	0.01855
11	0.03175	0.35692	0.04470	0.14232	0.03812	0.03296	0.02057	0.03622	0.02411	0.14549	0.02234	0.02440	0.01703	0.01061	0.00873	0.00285	0.01175	0.00782	0.00669	0.01461
12	0.01543	0.01115	0.01457	0.01372	0.01629	0.01029	0.01029	0.02058	0.03086	0.04372	0.54304	0.08145	0.10288	0.02229	0.01286	0.00343	0.00514	0.01972	0.01200	0.01029
13	0.02726	0.29406	0.28351	0.02549	0.03746	0.10047	0.02882	0.03485	0.02363	0.02983	0.01738	0.02028	0.01392	0.01003	0.00888	0.00290	0.01468	0.00699	0.00475	0.01479
14	0.02776	0.15544	0.04802	0.07947	0.14721	0.03193	0.14043	0.08380	0.02582	0.03483	0.01928	0.02509	0.01586	0.01143	0.01441	0.00342	0.10558	0.00961	0.00572	0.01487
15	0.01558	0.01168	0.01752	0.01752	0.01947	0.01363	0.01363	0.01947	0.01752	0.02531	0.02921	0.04283	0.02726	0.08178	0.57360	0.01752	0.02921	0.01168	0.00584	0.00974
16	0.03043	0.02739	0.07753	0.07151	0.07787	0.02964	0.02495	0.14164	0.02774	0.09477	0.02145	0.02639	0.01687	0.01500	0.02138	0.00396	0.25970	0.00966	0.00716	0.01496
17	0.02713	0.03846	0.27276	0.03536	0.11461	0.02425	0.09934	0.07639	0.02683	0.09355	0.02613	0.06925	0.02079	0.01242	0.01115	0.00350	0.01417	0.01112	0.00676	0.01602
18	0.01586	0.01057	0.01189	0.01189	0.01189	0.01057	0.00661	0.01586	0.01586	0.02114	0.03436	0.07135	0.03964	0.61681	0.05550	0.01057	0.01057	0.01586	0.00661	0.00661
19	0.01517	0.01094	0.01434	0.01390	0.01623	0.01011	0.01027	0.01991	0.02963	0.04176	0.48338	0.14670	0.09908	0.02376	0.01299	0.00355	0.00529	0.02111	0.01177	0.01011
20	0.02261	0.01938	0.02261	0.01615	0.02584	0.01453	0.01292	0.02745	0.02261	0.03553	0.01938	0.02261	0.01615	0.00807	0.00807	0.00161	0.00807	0.00646	0.00646	0.68346
21	0.01747	0.00999	0.01310	0.01310	0.01310	0.00999	0.00811	0.01499	0.01499	0.01999	0.02627	0.05132	0.02879	0.31324	0.04874	0.36305	0.00999	0.01251	0.00563	0.00563
22	0.02033	0.01016	0.01016	0.01016	0.01270	0.01016	0.00762	0.02541	0.02287	0.04065	0.03557	0.04065	0.02795	0.01270	0.00762	0.00254	0.00508	0.01016	0.67734	0.01016
23	0.03202	0.02299	0.04313	0.10160	0.04600	0.02183	0.24235	0.03897	0.02752	0.21002	0.07258	0.03633	0.02707	0.01195	0.01198	0.00355	0.01373	0.01241	0.00866	0.01531
24	0.20531	0.02171	0.03105	0.23237	0.19754	0.02410	0.02508	0.03277	0.02262	0.08025	0.02058	0.02608	0.01567	0.01056	0.00976	0.00342	0.01199	0.00879	0.00625	0.01411
25	0.04290	0.02821	0.03128	0.02398	0.03265	0.03035	0.01981	0.42310	0.04736	0.16357	0.02945	0.02830	0.02019	0.01317	0.01092	0.00329	0.01147	0.01004	0.01141	0.01855
26	0.02290	0.02413	0.07618	0.35636	0.12117	0.02515	0.02868	0.03562	0.13215	0.03322	0.02495	0.03082	0.01887	0.01155	0.01088	0.00358	0.01319	0.01013	0.00625	0.01420
27	0.01639	0.01320	0.01798	0.12581	0.02814	0.01302	0.01404	0.02128	0.02673	0.03649	0.29518	0.11473	0.14549	0.02085	0.01222	0.00346	0.00734	0.01825	0.00976	0.05965
28	0.02039	0.01494	0.01729	0.01698	0.02055	0.01535	0.01255	0.03202	0.18460	0.07359	0.09663	0.27117	0.13098	0.02462	0.01257	0.00393	0.00707	0.02155	0.01082	0.01240
29	0.08014	0.02049	0.03045	0.11779	0.10951	0.02133	0.06087	0.02974	0.02305	0.07238	0.05916	0.07300	0.02633	0.01367	0.01359	0.00333	0.08317	0.01134	0.00695	0.14371
30	0.02226	0.06867	0.14286	0.31042	0.09866	0.02450	0.02934	0.02997	0.02245	0.03083	0.01923	0.02594	0.01481	0.01018	0.01011	0.00319	0.01361	0.00863	0.00506	0.10930
31	0.07987	0.02543	0.12071	0.14800	0.03937	0.01990	0.02170	0.03222	0.06041	0.07981	0.03419	0.03648	0.08245	0.01267	0.01008	0.00311	0.01084	0.01029	0.00719	0.16526

[dist]
# distance from previous block
# <min> <max>
1	24

[block]
# block no. 1 follows, 12 sequences, length 34
# corresponding to MSA columns:
# 230-263
name=unknown_B
#
# <colnr> <probs for GDERKNQSTAVLIFYWHMCP>
#	G	D	E	R	K	N	Q	S	T	A	V	L	I	F	Y	W	H	M	C	P
0	0.20852	0.03042	0.10924	0.02411	0.06418	0.10029	0.02028	0.03176	0.02315	0.03773	0.06805	0.02701	0.02257	0.01194	0.01152	0.00313	0.06526	0.00843	0.00643	0.12599
1	0.21767	0.16762	0.11529	0.02100	0.02926	0.10601	0.01986	0.07673	0.02506	0.03798	0.02146	0.07670	0.01938	0.01273	0.00889	0.00316	0.01211	0.00917	0.00648	0.01344
2	0.10234	0.01475	0.02076	0.16385	0.03332	0.01746	0.01708	0.02290	0.01861	0.02859	0.02535	0.03855	0.02309	0.09978	0.31384	0.01159	0.02124	0.01080	0.00576	0.01034
3	0.10147	0.01248	0.01461	0.01518	0.01727	0.01270	0.01140	0.02064	0.02201	0.03262	0.13297	0.12654	0.05700	0.21395	0.02644	0.00625	0.00881	0.14965	0.00889	0.00911
4	0.02220	0.10521	0.44295	0.02775	0.04118	0.02505	0.03432	0.03179	0.02183	0.03171	0.01906	0.02376	0.01448	0.01373	0.01410	0.08893	0.01485	0.00802	0.00463	0.01448
5	0.04892	0.01856	0.02530	0.01940	0.02783	0.01603	0.01603	0.05314	0.03121	0.55634	0.04302	0.03711	0.02699	0.01350	0.01096	0.00337	0.00928	0.01096	0.01350	0.01856
6	0.02303	0.14661	0.48025	0.02910	0.04414	0.02816	0.03684	0.03423	0.02288	0.03312	0.01887	0.02214	0.01384	0.01020	0.00982	0.00327	0.01541	0.00770	0.00461	0.01578
7	0.01328	0.00949	0.01265	0.01518	0.01581	0.00886	0.01012	0.01518	0.02088	0.02783	0.06010	0.60969	0.07212	0.03416	0.01392	0.00443	0.00633	0.03100	0.01012	0.00886
8	0.02187	0.05640	0.56031	0.03108	0.04719	0.02532	0.04029	0.03453	0.02302	0.03453	0.01957	0.02302	0.01381	0.01036	0.01036	0.00345	0.01611	0.00806	0.00460	0.01611
9	0.01430	0.01110	0.01300	0.01253	0.01559	0.00981	0.00940	0.01838	0.02819	0.03737	0.35034	0.09191	0.29954	0.02466	0.01287	0.00354	0.00531	0.02119	0.01117	0.00981
10	0.69383	0.02109	0.01603	0.01434	0.02109	0.02446	0.01181	0.03205	0.01856	0.04892	0.01518	0.01771	0.01181	0.01012	0.00675	0.00337	0.00843	0.00590	0.00675	0.01181
11	0.01586	0.01057	0.01189	0.01189	0.01189	0.01057	0.00661	0.01586	0.01586	0.02114	0.03436	0.07135	0.03964	0.61681	0.05550	0.01057	0.01057	0.01586	0.00661	0.00661
12	0.02581	0.02695	0.05263	0.10520	0.27411	0.02654	0.25676	0.03364	0.02498	0.03458	0.02113	0.02832	0.01668	0.00958	0.01178	0.00348	0.01565	0.01119	0.00540	0.01559
13	0.01425	0.01022	0.01361	0.01518	0.01652	0.00957	0.01079	0.01734	0.02407	0.03275	0.19701	0.41888	0.08006	0.03045	0.01371	0.00419	0.00630	0.06508	0.01065	0.00936
14	0.01505	0.01023	0.01213	0.01292	0.01312	0.01004	0.00771	0.01565	0.01742	0.02323	0.04240	0.23957	0.04979	0.43474	0.04250	0.00865	0.00924	0.02059	0.00771	0.00731
15	0.02856	0.03233	0.02305	0.02118	0.02533	0.30240	0.01588	0.03250	0.03088	0.03488	0.26991	0.04938	0.05677	0.01655	0.01129	0.00311	0.01268	0.01313	0.00869	0.01151
16	0.02187	0.05640	0.56031	0.03108	0.04719	0.02532	0.04029	0.03453	0.02302	0.03453	0.01957	0.02302	0.01381	0.01036	0.01036	0.00345	0.01611	0.00806	0.00460	0.01611
17	0.02161	0.02042	0.03454	0.50728	0.15047	0.02449	0.03079	0.02875	0.02228	0.02909	0.01956	0.02874	0.01497	0.01071	0.01088	0.00357	0.01428	0.00969	0.00493	0.01293
18	0.01558	0.01168	0.01752	0.01752	0.01947	0.01363	0.01363	0.01947	0.01752	0.02531	0.02921	0.04283	0.02726	0.08178	0.57360	0.01752	0.02921	0.01168	0.00584	0.00974
19	0.02293	0.01934	0.02090	0.01945	0.02435	0.02154	0.01485	0.04504	0.37061	0.04164	0.09857	0.12231	0.09390	0.01916	0.01179	0.00376	0.00772	0.01639	0.01096	0.01478
20	0.04145	0.03054	0.03272	0.02509	0.03381	0.03381	0.02072	0.51243	0.05127	0.06872	0.02618	0.02618	0.01854	0.01309	0.01091	0.00327	0.01200	0.00982	0.01091	0.01854
21	0.02779	0.07776	0.04281	0.12831	0.12501	0.02417	0.16885	0.03441	0.02613	0.11709	0.08971	0.03566	0.02863	0.01190	0.01137	0.00340	0.01316	0.01176	0.00739	0.01467
22	0.01506	0.01113	0.01406	0.01333	0.01606	0.01013	0.01000	0.01986	0.02999	0.04166	0.48032	0.08485	0.16689	0.02306	0.01286	0.00347	0.00520	0.02020	0.01173	0.01013
23	0.02707	0.02219	0.02497	0.02187	0.02695	0.02578	0.01719	0.13233	0.28514	0.04365	0.03550	0.03901	0.02848	0.06728	0.09785	0.00620	0.06212	0.01178	0.00944	0.01520
24	0.01472	0.00982	0.01262	0.01474	0.01582	0.00934	0.01027	0.01735	0.02150	0.03023	0.05602	0.48331	0.06440	0.03045	0.01300	0.00417	0.00640	0.06040	0.11628	0.00915
25	0.02901	0.07141	0.15280	0.02720	0.03625	0.02558	0.09993	0.07276	0.10025	0.12119	0.07512	0.03412	0.02774	0.01327	0.01315	0.00353	0.06180	0.01107	0.00825	0.01558
26	0.02219	0.01943	0.02819	0.24363	0.10962	0.01934	0.02176	0.02820	0.02260	0.03301	0.02088	0.02717	0.01666	0.00976	0.00947	0.00268	0.01093	0.00843	0.06198	0.28408
27	0.22043	0.02096	0.02166	0.01648	0.02522	0.01929	0.01335	0.07560	0.02419	0.04264	0.01881	0.02152	0.01511	0.00916	0.00796	0.00229	0.00856	0.00662	0.00697	0.42316
28	0.08242	0.02970	0.16223	0.20051	0.04693	0.02506	0.02741	0.03536	0.06484	0.09915	0.02341	0.02782	0.01723	0.01254	0.01404	0.00370	0.09747	0.00932	0.00655	0.01431
29	0.03225	0.02389	0.03321	0.17476	0.16225	0.02593	0.02489	0.15022	0.09479	0.12496	0.02812	0.03064	0.02044	0.01204	0.01091	0.00342	0.01200	0.01026	0.00854	0.01648
30	0.01649	0.01275	0.01695	0.01560	0.01784	0.01320	0.01200	0.02129	0.02908	0.04152	0.47643	0.07419	0.09172	0.02189	0.01575	0.00360	0.07969	0.01844	0.01109	0.01049
31	0.02664	0.02101	0.02784	0.14551	0.03743	0.02527	0.02100	0.03963	0.18452	0.10104	0.07333	0.03690	0.02951	0.01551	0.01746	0.00389	0.15912	0.01150	0.00852	0.01437
32	0.04478	0.02520	0.02942	0.02255	0.03115	0.02589	0.01863	0.30784	0.04233	0.28593	0.03368	0.03105	0.02231	0.01327	0.01093	0.00332	0.01079	0.01033	0.01206	0.01855
33	0.02522	0.02963	0.16417	0.15227	0.04261	0.02409	0.02596	0.07086	0.10641	0.07644	0.09120	0.03590	0.02966	0.01386	0.01315	0.00362	0.06148	0.01104	0.00776	0.01466

[dist]
# distance from previous block
# <min> <max>
0	8

[block]
# block no. 2 follows, 12 sequences, length 22
# corresponding to MSA columns:
# 272-293
name=unknown_C
#
# <colnr> <probs for GDERKNQSTAVLIFYWHMCP>
#	G	D	E	R	K	N	Q	S	T	A	V	L	I	F	Y	W	H	M	C	P
0	0.02526	0.11384	0.02694	0.01778	0.02376	0.02218	0.01466	0.15461	0.03413	0.04674	0.26994	0.05078	0.05776	0.01638	0.01094	0.00304	0.00829	0.01357	0.01000	0.07941
1	0.13300	0.18852	0.03103	0.01829	0.02506	0.05680	0.01553	0.06771	0.07599	0.06610	0.11033	0.03415	0.03244	0.01696	0.04244	0.00382	0.01092	0.00982	0.00800	0.05307
2	0.13897	0.23698	0.03667	0.02007	0.02837	0.10001	0.01740	0.11619	0.02853	0.08997	0.02039	0.02170	0.01591	0.01061	0.00847	0.00275	0.01163	0.00723	0.00721	0.08092
3	0.20904	0.02811	0.02843	0.02233	0.03054	0.03141	0.01843	0.38903	0.04286	0.06363	0.02335	0.02400	0.01681	0.01233	0.00984	0.00330	0.01108	0.00881	0.00984	0.01681
4	0.27619	0.02218	0.02230	0.01894	0.02577	0.02438	0.01523	0.13197	0.13583	0.13067	0.03111	0.06936	0.02436	0.01393	0.00965	0.00350	0.00914	0.01061	0.00978	0.01512
5	0.01328	0.00949	0.01265	0.01518	0.01581	0.00886	0.01012	0.01518	0.02088	0.02783	0.06010	0.60969	0.07212	0.03416	0.01392	0.00443	0.00633	0.03100	0.01012	0.00886
6	0.01586	0.01057	0.01189	0.01189	0.01189	0.01057	0.00661	0.01586	0.01586	0.02114	0.03436	0.07135	0.03964	0.61681	0.05550	0.01057	0.01057	0.01586	0.00661	0.00661
7	0.02596	0.21889	0.22776	0.12068	0.04336	0.03201	0.02887	0.07958	0.02490	0.03349	0.01847	0.02272	0.01449	0.01103	0.01128	0.00322	0.05534	0.00793	0.00530	0.01473
8	0.02585	0.02322	0.03329	0.14395	0.11993	0.02851	0.02510	0.10886	0.02489	0.03510	0.01976	0.02765	0.01682	0.02119	0.07601	0.00532	0.23498	0.00986	0.00602	0.01370
9	0.01468	0.01049	0.01426	0.01678	0.01803	0.01006	0.01255	0.01760	0.02225	0.02940	0.05932	0.45090	0.06906	0.03284	0.01429	0.00462	0.00754	0.17599	0.01009	0.00924
10	0.02633	0.26257	0.08255	0.02773	0.11073	0.03146	0.02153	0.03850	0.15904	0.03506	0.07639	0.03196	0.02845	0.01222	0.00954	0.00304	0.01077	0.00973	0.00722	0.01519
11	0.03529	0.02964	0.02911	0.02415	0.03148	0.08438	0.01929	0.27293	0.25222	0.05474	0.03299	0.03169	0.02436	0.01363	0.01088	0.00341	0.01133	0.01061	0.01046	0.01741
12	0.02462	0.02133	0.02580	0.08129	0.08260	0.02406	0.01905	0.04665	0.35047	0.04257	0.11832	0.04462	0.04084	0.01509	0.01132	0.00360	0.00909	0.01298	0.01006	0.01565
13	0.01894	0.00947	0.01420	0.01420	0.01420	0.00947	0.00947	0.01420	0.01420	0.01894	0.01894	0.03314	0.01894	0.03788	0.04261	0.68277	0.00947	0.00947	0.00473	0.00473
14	0.07039	0.02626	0.11242	0.22827	0.09173	0.02416	0.02599	0.03659	0.14876	0.03677	0.06741	0.03421	0.02621	0.01254	0.01072	0.00355	0.01199	0.01062	0.00712	0.01430
15	0.01594	0.01081	0.01290	0.01352	0.01399	0.01076	0.00872	0.01693	0.01780	0.02360	0.04032	0.12314	0.04611	0.47207	0.04541	0.00915	0.01014	0.09385	0.00746	0.00736
16	0.02770	0.03404	0.21049	0.21969	0.08200	0.02550	0.03083	0.11449	0.02828	0.08951	0.02298	0.02721	0.01635	0.01127	0.01072	0.00346	0.01403	0.00929	0.00667	0.01548
17	0.02137	0.02425	0.10755	0.07524	0.03309	0.01663	0.01868	0.02740	0.02242	0.03385	0.02344	0.08146	0.02116	0.01130	0.00929	0.00238	0.00981	0.00946	0.00637	0.44481
18	0.47179	0.01730	0.01492	0.01461	0.01937	0.01937	0.01126	0.02655	0.01931	0.04204	0.02984	0.21085	0.03148	0.01796	0.00909	0.00372	0.00775	0.01409	0.00785	0.01085
19	0.02805	0.12790	0.11462	0.02013	0.03056	0.02310	0.01928	0.07977	0.02627	0.08850	0.02171	0.02360	0.01673	0.00968	0.00882	0.00236	0.01045	0.00738	0.00700	0.33408
20	0.02716	0.12989	0.11968	0.02601	0.03359	0.03015	0.06180	0.04160	0.19294	0.06594	0.02773	0.02955	0.02150	0.01349	0.01530	0.00362	0.12729	0.00997	0.00743	0.01535
21	0.02424	0.18639	0.11676	0.01918	0.02978	0.02387	0.01877	0.02996	0.02255	0.03274	0.01828	0.02131	0.01520	0.00877	0.00815	0.00210	0.01030	0.00654	0.00569	0.39941

[dist]
# distance from previous block
# <min> <max>
0	24

[block]
# block no. 3 follows, 12 sequences, length 46
# corresponding to MSA columns:
# 318-363
name=unknown_D
#
# <colnr> <probs for GDERKNQSTAVLIFYWHMCP>
#	G	D	E	R	K	N	Q	S	T	A	V	L	I	F	Y	W	H	M	C	P
0	0.12650	0.13484	0.08134	0.14633	0.03785	0.02568	0.02126	0.03288	0.02362	0.11381	0.08354	0.03172	0.02636	0.01282	0.01166	0.00336	0.05602	0.00963	0.00724	0.01355
1	0.15439	0.03217	0.12814	0.02362	0.03283	0.02902	0.02205	0.23429	0.14412	0.05355	0.02687	0.02719	0.01962	0.01240	0.01008	0.00342	0.01139	0.00931	0.00899	0.01656
2	0.02177	0.01491	0.01597	0.01496	0.01876	0.01603	0.01143	0.03573	0.19880	0.04292	0.13178	0.04815	0.04355	0.01518	0.00978	0.00310	0.00632	0.01266	0.32555	0.01263
3	0.01760	0.01468	0.06699	0.01540	0.01808	0.01123	0.01259	0.01823	0.02108	0.02891	0.18552	0.05349	0.09333	0.02954	0.02772	0.34813	0.00844	0.01370	0.00742	0.00793
4	0.01434	0.01030	0.01360	0.01446	0.01605	0.00956	0.01020	0.01784	0.02580	0.03566	0.29801	0.34946	0.08727	0.02831	0.01340	0.00394	0.00574	0.02544	0.01105	0.00956
5	0.02820	0.20435	0.03697	0.07959	0.08013	0.03041	0.01982	0.12869	0.11015	0.03948	0.06304	0.03371	0.02681	0.05807	0.01326	0.00365	0.01108	0.01018	0.00770	0.01471
6	0.01586	0.01057	0.01189	0.01189	0.01189	0.01057	0.00661	0.01586	0.01586	0.02114	0.03436	0.07135	0.03964	0.61681	0.05550	0.01057	0.01057	0.01586	0.00661	0.00661
7	0.02838	0.20245	0.24048	0.02890	0.07462	0.03255	0.02872	0.13109	0.02826	0.03860	0.01942	0.02249	0.01512	0.01118	0.01131	0.00318	0.05341	0.00803	0.00598	0.01583
8	0.01418	0.01110	0.01284	0.01240	0.01552	0.00975	0.00930	0.01815	0.02790	0.03669	0.32993	0.09302	0.32037	0.02491	0.01287	0.00355	0.00533	0.02134	0.01108	0.00975
9	0.03150	0.55139	0.05335	0.01875	0.02797	0.03992	0.01834	0.03509	0.02323	0.08881	0.01847	0.01983	0.01554	0.00982	0.00747	0.00246	0.01138	0.00644	0.00572	0.01454
10	0.01586	0.01057	0.01189	0.01189	0.01189	0.01057	0.00661	0.01586	0.01586	0.02114	0.03436	0.07135	0.03964	0.61681	0.05550	0.01057	0.01057	0.01586	0.00661	0.00661
11	0.03596	0.02654	0.12720	0.13573	0.10237	0.02047	0.02526	0.04258	0.02716	0.29814	0.03154	0.03179	0.02105	0.01198	0.01082	0.00342	0.01197	0.01004	0.00926	0.01673
12	0.01565	0.01085	0.01321	0.01279	0.01406	0.01043	0.00842	0.01818	0.02325	0.03227	0.28495	0.07633	0.07080	0.32393	0.03449	0.00705	0.00790	0.01776	0.00927	0.00842
13	0.15313	0.02544	0.03464	0.19511	0.27689	0.07156	0.02744	0.03253	0.02333	0.03529	0.01888	0.02517	0.01522	0.01024	0.00997	0.00333	0.01309	0.00876	0.00552	0.01445
14	0.03919	0.13939	0.03721	0.02391	0.03274	0.03553	0.02034	0.42434	0.04592	0.06081	0.02415	0.02458	0.01771	0.01240	0.01019	0.00310	0.01194	0.00908	0.00976	0.01771
15	0.02826	0.02099	0.03093	0.02314	0.03142	0.01883	0.11158	0.08940	0.02956	0.12319	0.12395	0.03784	0.03470	0.01245	0.01072	0.00284	0.01021	0.01135	0.00897	0.23967
16	0.01864	0.01154	0.01532	0.01660	0.01896	0.01073	0.01265	0.02173	0.02362	0.09218	0.06231	0.36196	0.11004	0.02998	0.01377	0.00439	0.00760	0.14711	0.01050	0.01036
17	0.02129	0.02008	0.02847	0.02518	0.02578	0.02726	0.02068	0.02414	0.01695	0.02595	0.01894	0.02975	0.01833	0.03854	0.20272	0.00873	0.42065	0.01021	0.00510	0.01125
18	0.16770	0.01965	0.02509	0.14752	0.03721	0.02048	0.01852	0.04369	0.06880	0.29386	0.03232	0.03178	0.02172	0.01236	0.01013	0.00346	0.01024	0.00980	0.01001	0.01566
19	0.03156	0.02318	0.03286	0.02654	0.03183	0.06900	0.10163	0.03599	0.02399	0.18800	0.02746	0.03219	0.02106	0.02740	0.12811	0.00651	0.16010	0.01075	0.00782	0.01403
20	0.03113	0.01432	0.01905	0.01673	0.02172	0.01263	0.01292	0.03472	0.02776	0.29070	0.12791	0.21021	0.09024	0.02170	0.01223	0.00370	0.00754	0.01883	0.01207	0.01388
21	0.03217	0.01471	0.01979	0.01677	0.02209	0.01303	0.01318	0.03645	0.02985	0.30192	0.23187	0.12182	0.06072	0.01924	0.01202	0.00352	0.00738	0.01662	0.01254	0.01431
22	0.09843	0.23899	0.03977	0.07436	0.03435	0.03533	0.02001	0.25048	0.03502	0.04771	0.02057	0.02254	0.01590	0.01126	0.00912	0.00298	0.01177	0.00801	0.00772	0.01568
23	0.01422	0.01048	0.01331	0.01391	0.01588	0.00957	0.00994	0.01775	0.02607	0.03542	0.29096	0.29272	0.15405	0.02773	0.01328	0.00386	0.00566	0.02463	0.01099	0.00957
24	0.01578	0.01068	0.01238	0.01223	0.01270	0.01052	0.00728	0.01672	0.01861	0.02529	0.12776	0.07321	0.05125	0.50765	0.04767	0.00926	0.00957	0.01657	0.00760	0.00728
25	0.01586	0.01057	0.01189	0.01189	0.01189	0.01057	0.00661	0.01586	0.01586	0.02114	0.03436	0.07135	0.03964	0.61681	0.05550	0.01057	0.01057	0.01586	0.00661	0.00661
26	0.02981	0.23762	0.24437	0.02526	0.03704	0.03364	0.02758	0.16855	0.03069	0.04121	0.01996	0.02207	0.01520	0.01079	0.00940	0.00303	0.01347	0.00781	0.00640	0.01609
27	0.02468	0.22372	0.32969	0.02967	0.04293	0.03107	0.10781	0.03402	0.02319	0.03191	0.01863	0.02236	0.01430	0.00986	0.00974	0.00315	0.01512	0.00814	0.00477	0.01525
28	0.01543	0.01115	0.01457	0.01372	0.01629	0.01029	0.01029	0.02058	0.03086	0.04372	0.54304	0.08145	0.10288	0.02229	0.01286	0.00343	0.00514	0.01972	0.01200	0.01029
29	0.03051	0.01707	0.02127	0.01760	0.02311	0.01649	0.01401	0.12389	0.03484	0.20361	0.29351	0.05753	0.06389	0.01788	0.01192	0.00338	0.00770	0.01519	0.01225	0.01436
30	0.02618	0.02729	0.04187	0.24210	0.24234	0.09070	0.10772	0.03294	0.02464	0.03173	0.01993	0.02724	0.01581	0.01023	0.01105	0.00340	0.01518	0.00990	0.00525	0.01450
31	0.02632	0.02378	0.03784	0.11474	0.04336	0.02575	0.15900	0.12128	0.08894	0.04025	0.03126	0.04747	0.02721	0.01556	0.01415	0.00394	0.05767	0.09940	0.00787	0.01423
32	0.02159	0.02086	0.04061	0.03283	0.03953	0.01995	0.25976	0.02867	0.02541	0.03376	0.04016	0.07689	0.03999	0.01981	0.01398	0.00436	0.01415	0.24754	0.00781	0.01234
33	0.01883	0.01476	0.01655	0.01588	0.02003	0.01445	0.01277	0.08522	0.06243	0.03758	0.11984	0.09247	0.29569	0.02498	0.01300	0.00391	0.00756	0.12237	0.01043	0.01124
34	0.32120	0.03201	0.08584	0.02775	0.03652	0.11390	0.16659	0.03501	0.02315	0.03971	0.01796	0.02208	0.01380	0.01004	0.00945	0.00338	0.01400	0.00840	0.00598	0.01324
35	0.04892	0.01856	0.02530	0.01940	0.02783	0.01603	0.01603	0.05314	0.03121	0.55634	0.04302	0.03711	0.02699	0.01350	0.01096	0.00337	0.00928	0.01096	0.01350	0.01856
36	0.01586	0.01057	0.01189	0.01189	0.01189	0.01057	0.00661	0.01586	0.01586	0.02114	0.03436	0.07135	0.03964	0.61681	0.05550	0.01057	0.01057	0.01586	0.00661	0.00661
37	0.02187	0.05640	0.56031	0.03108	0.04719	0.02532	0.04029	0.03453	0.02302	0.03453	0.01957	0.02302	0.01381	0.01036	0.01036	0.00345	0.01611	0.00806	0.00460	0.01611
38	0.36686	0.02574	0.07823	0.03235	0.18395	0.02420	0.02152	0.03468	0.02206	0.09069	0.01981	0.02284	0.01507	0.01034	0.00871	0.00334	0.01063	0.00774	0.00676	0.01451
39	0.02059	0.01938	0.03270	0.59060	0.07510	0.02422	0.03028	0.02786	0.02180	0.02786	0.01938	0.02907	0.01453	0.01090	0.01090	0.00363	0.01453	0.00969	0.00484	0.01211
40	0.02033	0.01016	0.01016	0.01016	0.01270	0.01016	0.00762	0.02541	0.02287	0.04065	0.03557	0.04065	0.02795	0.01270	0.00762	0.00254	0.00508	0.01016	0.67734	0.01016
41	0.03308	0.13469	0.03497	0.19596	0.08164	0.02535	0.02226	0.04051	0.06836	0.21287	0.02898	0.03049	0.02055	0.01174	0.01019	0.00327	0.01154	0.00962	0.00838	0.01553
42	0.02758	0.03495	0.18859	0.07495	0.08155	0.02708	0.19048	0.09155	0.02736	0.07019	0.02230	0.02714	0.01642	0.01114	0.01329	0.00360	0.05959	0.01039	0.00629	0.01557
43	0.01341	0.00976	0.01265	0.01469	0.01575	0.00900	0.00996	0.01564	0.02201	0.02920	0.10185	0.52220	0.11840	0.03264	0.01374	0.00428	0.00616	0.02939	0.01027	0.00900
44	0.02194	0.01305	0.01896	0.01817	0.02138	0.01394	0.01454	0.02602	0.02094	0.12369	0.03514	0.05132	0.03143	0.06309	0.40382	0.01344	0.02327	0.06674	0.00775	0.01139
45	0.49122	0.02008	0.01739	0.01577	0.02163	0.02271	0.01256	0.08613	0.02287	0.04740	0.02474	0.12742	0.02368	0.01489	0.00856	0.00356	0.00847	0.01098	0.00786	0.01207

[dist]
# distance from previous block
# <min> <max>
0	97

# created by:
# /st0/software/busco_prod/Augustus/scripts/msa2prfl.pl ./align_prep/8069.fa
