[name]
unknown

[dist]
# distance from previous block
# <min> <max>
0	11

[block]
# block no. 0 follows, 11 sequences, length 17
# corresponding to MSA columns:
# 47-63
name=unknown_A
#
# <colnr> <probs for GDERKNQSTAVLIFYWHMCP>
#	G	D	E	R	K	N	Q	S	T	A	V	L	I	F	Y	W	H	M	C	P
0	0.08720	0.02570	0.06937	0.02313	0.03021	0.02537	0.02013	0.10924	0.20153	0.11740	0.03810	0.04589	0.03048	0.01640	0.01311	0.00391	0.04661	0.06966	0.01028	0.01629
1	0.02654	0.17127	0.39931	0.02835	0.04284	0.02919	0.03475	0.03687	0.02429	0.07685	0.02130	0.02380	0.01546	0.01075	0.01002	0.00331	0.01507	0.00809	0.00555	0.01639
2	0.02985	0.08556	0.21431	0.14734	0.04733	0.02789	0.02996	0.10163	0.02832	0.10889	0.02379	0.02720	0.01707	0.01215	0.01236	0.00356	0.05050	0.00927	0.00704	0.01598
3	0.10954	0.05343	0.47649	0.02981	0.04517	0.02602	0.03772	0.03531	0.02316	0.03760	0.01960	0.02304	0.01399	0.01066	0.01020	0.00355	0.01559	0.00802	0.00504	0.01605
4	0.01536	0.01202	0.01758	0.13834	0.02969	0.01261	0.01499	0.01853	0.02176	0.02874	0.05286	0.47326	0.06146	0.03002	0.01369	0.00439	0.00838	0.02719	0.00926	0.00988
5	0.02424	0.02916	0.11294	0.04155	0.12351	0.02500	0.21716	0.03222	0.02512	0.03484	0.02954	0.04970	0.02705	0.01531	0.01508	0.00409	0.06341	0.10904	0.00651	0.01450
6	0.20760	0.10673	0.14063	0.02067	0.03048	0.02553	0.02069	0.07391	0.02611	0.10923	0.02983	0.03061	0.05811	0.01242	0.00938	0.00323	0.01103	0.00910	0.00776	0.06695
7	0.01362	0.01015	0.01270	0.01474	0.01608	0.00922	0.01003	0.01578	0.02245	0.02910	0.07339	0.49036	0.17385	0.03379	0.01413	0.00440	0.00635	0.03020	0.01045	0.00922
8	0.01608	0.01206	0.01809	0.01809	0.02010	0.01407	0.01407	0.02010	0.01809	0.02613	0.03015	0.04422	0.02814	0.08441	0.55984	0.01809	0.03015	0.01206	0.00603	0.01005
9	0.02616	0.02511	0.09886	0.02518	0.03275	0.02093	0.09491	0.03996	0.15977	0.10689	0.14521	0.09308	0.04709	0.01692	0.01227	0.00374	0.01066	0.01532	0.01007	0.01511
10	0.01955	0.00978	0.01466	0.01466	0.01466	0.00978	0.00978	0.01466	0.01466	0.01955	0.01955	0.03421	0.01955	0.03910	0.04399	0.67253	0.00978	0.00978	0.00489	0.00489
11	0.01536	0.01148	0.01425	0.01356	0.01646	0.01038	0.01017	0.02013	0.03050	0.04192	0.43783	0.08937	0.19868	0.02421	0.01328	0.00360	0.00540	0.02110	0.01197	0.01038
12	0.03009	0.61122	0.05898	0.01926	0.02889	0.04454	0.01926	0.03370	0.02287	0.02648	0.01565	0.01805	0.01444	0.00963	0.00722	0.00241	0.01204	0.00602	0.00481	0.01444
13	0.02604	0.03954	0.25778	0.15038	0.05141	0.02750	0.07026	0.09939	0.09209	0.04043	0.02465	0.02850	0.01795	0.01170	0.01120	0.00363	0.01488	0.00991	0.00664	0.01611
14	0.01409	0.01108	0.01273	0.01307	0.01588	0.00972	0.00952	0.01740	0.02641	0.03396	0.21289	0.20861	0.31759	0.02852	0.01353	0.00390	0.00578	0.02465	0.01097	0.00972
15	0.02742	0.02735	0.02521	0.01936	0.02845	0.13386	0.01517	0.03197	0.02521	0.03468	0.01944	0.02267	0.01620	0.00905	0.00873	0.00194	0.01095	0.00680	0.00648	0.52908
16	0.01371	0.00979	0.01306	0.01567	0.01632	0.00914	0.01045	0.01567	0.02155	0.02873	0.06203	0.59710	0.07444	0.03526	0.01437	0.00457	0.00653	0.03200	0.01045	0.00914

[dist]
# distance from previous block
# <min> <max>
0	1

[block]
# block no. 1 follows, 11 sequences, length 14
# corresponding to MSA columns:
# 65-78
name=unknown_B
#
# <colnr> <probs for GDERKNQSTAVLIFYWHMCP>
#	G	D	E	R	K	N	Q	S	T	A	V	L	I	F	Y	W	H	M	C	P
0	0.04052	0.03040	0.03250	0.02544	0.03404	0.03385	0.02084	0.42978	0.12354	0.06728	0.02990	0.02932	0.02147	0.01378	0.01129	0.00345	0.01185	0.01053	0.01129	0.01894
1	0.02217	0.02094	0.03541	0.50686	0.14089	0.02525	0.03171	0.02956	0.02294	0.02987	0.02017	0.02971	0.01540	0.01108	0.01124	0.00369	0.01478	0.01001	0.00508	0.01324
2	0.02334	0.02001	0.02334	0.01667	0.02667	0.01500	0.01334	0.02834	0.02334	0.03668	0.02001	0.02334	0.01667	0.00834	0.00834	0.00167	0.00834	0.00667	0.00667	0.67325
3	0.02786	0.02674	0.04568	0.06908	0.53424	0.02674	0.03454	0.03454	0.02563	0.03677	0.02117	0.02786	0.01783	0.01003	0.01114	0.00334	0.01337	0.01003	0.00557	0.01783
4	0.02439	0.02321	0.03942	0.33594	0.29447	0.02583	0.03282	0.03151	0.02399	0.03256	0.02056	0.02899	0.01635	0.01067	0.01120	0.00356	0.01423	0.01001	0.00527	0.01503
5	0.04100	0.04196	0.03157	0.02737	0.03315	0.34711	0.02131	0.09240	0.03216	0.11095	0.02220	0.02438	0.01708	0.01328	0.01416	0.00332	0.09600	0.00854	0.00751	0.01453
6	0.01420	0.01126	0.01166	0.01166	0.01435	0.00991	0.00805	0.01622	0.02294	0.02790	0.09109	0.09820	0.38698	0.19665	0.02614	0.00588	0.00722	0.02160	0.00939	0.00872
7	0.10311	0.02521	0.02608	0.02124	0.02910	0.10168	0.01709	0.05193	0.08262	0.36648	0.03786	0.03416	0.02512	0.01341	0.01077	0.00343	0.01107	0.01038	0.01180	0.01746
8	0.02126	0.02001	0.03376	0.57739	0.07752	0.02501	0.03126	0.02876	0.02251	0.02876	0.02001	0.03001	0.01500	0.01125	0.01125	0.00375	0.01500	0.01000	0.00500	0.01250
9	0.03009	0.61122	0.05898	0.01926	0.02889	0.04454	0.01926	0.03370	0.02287	0.02648	0.01565	0.01805	0.01444	0.00963	0.00722	0.00241	0.01204	0.00602	0.00481	0.01444
10	0.01637	0.01091	0.01228	0.01228	0.01228	0.01091	0.00682	0.01637	0.01637	0.02182	0.03546	0.07365	0.04092	0.60445	0.05729	0.01091	0.01091	0.01637	0.00682	0.00682
11	0.04705	0.02469	0.02955	0.02265	0.03149	0.02476	0.01871	0.25257	0.04148	0.33122	0.03663	0.03326	0.02396	0.01374	0.01129	0.00344	0.01083	0.01079	0.01274	0.01915
12	0.03009	0.61122	0.05898	0.01926	0.02889	0.04454	0.01926	0.03370	0.02287	0.02648	0.01565	0.01805	0.01444	0.00963	0.00722	0.00241	0.01204	0.00602	0.00481	0.01444
13	0.68395	0.02177	0.01654	0.01480	0.02177	0.02525	0.01219	0.03309	0.01915	0.05050	0.01567	0.01828	0.01219	0.01045	0.00697	0.00348	0.00871	0.00609	0.00697	0.01219

[dist]
# distance from previous block
# <min> <max>
0	1

[block]
# block no. 2 follows, 11 sequences, length 9
# corresponding to MSA columns:
# 80-88
name=unknown_C
#
# <colnr> <probs for GDERKNQSTAVLIFYWHMCP>
#	G	D	E	R	K	N	Q	S	T	A	V	L	I	F	Y	W	H	M	C	P
0	0.01593	0.01150	0.01504	0.01416	0.01681	0.01062	0.01062	0.02124	0.03186	0.04513	0.52830	0.08407	0.10620	0.02301	0.01327	0.00354	0.00531	0.02035	0.01239	0.01062
1	0.01371	0.00979	0.01306	0.01567	0.01632	0.00914	0.01045	0.01567	0.02155	0.02873	0.06203	0.59710	0.07444	0.03526	0.01437	0.00457	0.00653	0.03200	0.01045	0.00914
2	0.01826	0.01191	0.01529	0.01624	0.01885	0.01166	0.01337	0.02349	0.02698	0.03903	0.18483	0.09293	0.06706	0.02417	0.01292	0.00406	0.00762	0.21977	0.18109	0.01047
3	0.05050	0.01915	0.02612	0.02003	0.02873	0.01654	0.01654	0.05485	0.03221	0.54203	0.04440	0.03831	0.02786	0.01393	0.01132	0.00348	0.00958	0.01132	0.01393	0.01915
4	0.02257	0.05822	0.54613	0.03208	0.04871	0.02614	0.04158	0.03564	0.02376	0.03564	0.02020	0.02376	0.01426	0.01069	0.01069	0.00356	0.01663	0.00832	0.00475	0.01663
5	0.01442	0.01116	0.01314	0.01324	0.01604	0.00988	0.00970	0.01809	0.02741	0.03597	0.26958	0.18376	0.28217	0.02750	0.01348	0.00383	0.00569	0.02384	0.01122	0.00988
6	0.01487	0.01119	0.01376	0.01370	0.01631	0.01008	0.01005	0.01898	0.02850	0.03853	0.34170	0.17759	0.21050	0.02652	0.01347	0.00378	0.00562	0.02321	0.01156	0.01008
7	0.02809	0.02167	0.03022	0.02637	0.02835	0.02765	0.02209	0.03135	0.02136	0.11923	0.02763	0.04444	0.02559	0.02062	0.02877	0.00471	0.38483	0.08639	0.00744	0.01319
8	0.02293	0.02152	0.03144	0.03264	0.11207	0.02741	0.02278	0.02612	0.01872	0.02805	0.02049	0.03333	0.02013	0.08715	0.12175	0.00745	0.33742	0.01090	0.00541	0.01233

[dist]
# distance from previous block
# <min> <max>
0	14

[block]
# block no. 3 follows, 11 sequences, length 36
# corresponding to MSA columns:
# 103-138
name=unknown_D
#
# <colnr> <probs for GDERKNQSTAVLIFYWHMCP>
#	G	D	E	R	K	N	Q	S	T	A	V	L	I	F	Y	W	H	M	C	P
0	0.02198	0.02071	0.01826	0.01762	0.01947	0.13337	0.01217	0.02375	0.02029	0.02430	0.02997	0.05356	0.03147	0.32697	0.18796	0.01115	0.01839	0.01314	0.00637	0.00911
1	0.01933	0.01417	0.01683	0.01627	0.01858	0.01564	0.01163	0.02817	0.12796	0.03083	0.03622	0.05418	0.03423	0.25062	0.19929	0.01074	0.01591	0.01361	0.07515	0.01064
2	0.02936	0.01982	0.02396	0.01741	0.02713	0.01534	0.01405	0.03422	0.02531	0.14872	0.02541	0.02666	0.01915	0.00958	0.00900	0.00207	0.00861	0.00770	0.00828	0.52823
3	0.02458	0.02339	0.03976	0.32173	0.30723	0.02588	0.03291	0.03167	0.02408	0.03279	0.02059	0.02893	0.01642	0.01064	0.01120	0.00355	0.01418	0.01002	0.00529	0.01518
4	0.01467	0.01061	0.01407	0.01650	0.01780	0.01001	0.01202	0.01740	0.02280	0.02994	0.06506	0.45932	0.10354	0.03387	0.01455	0.00465	0.00732	0.12599	0.01043	0.00944
5	0.01509	0.01147	0.01388	0.01328	0.01630	0.01026	0.00996	0.01961	0.02987	0.04041	0.39543	0.09185	0.24202	0.02477	0.01328	0.00362	0.00544	0.02145	0.01177	0.01026
6	0.02746	0.04945	0.38344	0.03228	0.04669	0.02832	0.08334	0.13791	0.03051	0.04351	0.02197	0.02516	0.01563	0.01119	0.01108	0.00355	0.01593	0.00923	0.00629	0.01704
7	0.01488	0.01064	0.01435	0.01667	0.01792	0.01011	0.01217	0.01783	0.02336	0.03118	0.09987	0.45064	0.07491	0.03333	0.01454	0.00462	0.00728	0.12560	0.01059	0.00953
8	0.02462	0.02462	0.03447	0.02955	0.02955	0.03447	0.02462	0.02709	0.01724	0.02709	0.01477	0.02462	0.01477	0.01970	0.03694	0.00492	0.58385	0.00985	0.00492	0.01231
9	0.04204	0.05364	0.03190	0.02900	0.03480	0.55926	0.02175	0.04494	0.03190	0.02755	0.01740	0.02030	0.01450	0.01160	0.01015	0.00290	0.02030	0.00725	0.00580	0.01305
10	0.01608	0.01206	0.01809	0.01809	0.02010	0.01407	0.01407	0.02010	0.01809	0.02613	0.03015	0.04422	0.02814	0.08441	0.55984	0.01809	0.03015	0.01206	0.00603	0.01005
11	0.03847	0.02897	0.03146	0.02385	0.03308	0.03049	0.01961	0.39286	0.04636	0.06334	0.02547	0.02621	0.01859	0.01236	0.01061	0.00300	0.01149	0.00937	0.01024	0.16417
12	0.07863	0.02335	0.02483	0.01947	0.02743	0.02339	0.01577	0.23434	0.03670	0.05155	0.04365	0.04344	0.13118	0.01527	0.01064	0.00304	0.00958	0.01196	0.00957	0.18622
13	0.04548	0.02084	0.03046	0.03090	0.14081	0.01880	0.02053	0.05035	0.03075	0.43001	0.03925	0.03599	0.02564	0.01307	0.01128	0.00345	0.01042	0.01103	0.01208	0.01886
14	0.03808	0.04506	0.03265	0.02886	0.03359	0.39352	0.02238	0.07912	0.03029	0.03112	0.01761	0.02187	0.01496	0.01363	0.01643	0.00341	0.14987	0.00809	0.00606	0.01339
15	0.32450	0.02846	0.02454	0.02045	0.02801	0.10970	0.01653	0.14174	0.03104	0.14177	0.02374	0.02422	0.01697	0.01195	0.00922	0.00337	0.01150	0.00813	0.00901	0.01515
16	0.02065	0.01501	0.01791	0.01794	0.02051	0.01556	0.01328	0.09581	0.05947	0.03598	0.04909	0.26747	0.05383	0.15592	0.02341	0.00585	0.00929	0.10218	0.00982	0.01101
17	0.02966	0.02348	0.03911	0.03767	0.14689	0.02309	0.14431	0.04107	0.11776	0.12887	0.10990	0.04179	0.03633	0.01358	0.01212	0.00360	0.01208	0.01322	0.00923	0.01624
18	0.23959	0.02758	0.05025	0.03686	0.04682	0.02742	0.33744	0.03509	0.02416	0.04073	0.02047	0.02645	0.01549	0.00980	0.01124	0.00369	0.01565	0.01095	0.00611	0.01421
19	0.02786	0.02674	0.04568	0.06908	0.53424	0.02674	0.03454	0.03454	0.02563	0.03677	0.02117	0.02786	0.01783	0.01003	0.01114	0.00334	0.01337	0.01003	0.00557	0.01783
20	0.01773	0.01383	0.02163	0.02202	0.02495	0.01345	0.06457	0.02244	0.02473	0.03251	0.05652	0.25154	0.06266	0.03007	0.01498	0.00487	0.01015	0.29094	0.00991	0.01051
21	0.01752	0.02229	0.13516	0.02119	0.02644	0.01675	0.02017	0.02355	0.01935	0.02824	0.02794	0.03968	0.02506	0.06807	0.43809	0.01487	0.02715	0.01123	0.00575	0.01151
22	0.04204	0.05364	0.03190	0.02900	0.03480	0.55926	0.02175	0.04494	0.03190	0.02755	0.01740	0.02030	0.01450	0.01160	0.01015	0.00290	0.02030	0.00725	0.00580	0.01305
23	0.01955	0.00978	0.01466	0.01466	0.01466	0.00978	0.00978	0.01466	0.01466	0.01955	0.01955	0.03421	0.01955	0.03910	0.04399	0.67253	0.00978	0.00978	0.00489	0.00489
24	0.07886	0.04009	0.14465	0.02746	0.03572	0.20843	0.06999	0.03841	0.06625	0.03443	0.02349	0.02775	0.01862	0.01897	0.06653	0.00479	0.01744	0.00918	0.05504	0.01389
25	0.02483	0.02099	0.02270	0.02130	0.02640	0.02382	0.01618	0.05002	0.40474	0.04301	0.04941	0.16507	0.04324	0.01970	0.01210	0.00398	0.00838	0.01700	0.01123	0.01589
26	0.01371	0.00979	0.01306	0.01567	0.01632	0.00914	0.01045	0.01567	0.02155	0.02873	0.06203	0.59710	0.07444	0.03526	0.01437	0.00457	0.00653	0.03200	0.01045	0.00914
27	0.04204	0.05364	0.03190	0.02900	0.03480	0.55926	0.02175	0.04494	0.03190	0.02755	0.01740	0.02030	0.01450	0.01160	0.01015	0.00290	0.02030	0.00725	0.00580	0.01305
28	0.03853	0.02476	0.04627	0.03374	0.04378	0.02250	0.25503	0.04545	0.02939	0.28896	0.03358	0.03433	0.02247	0.01171	0.01230	0.00364	0.01428	0.01230	0.00981	0.01717
29	0.02653	0.02539	0.04328	0.17143	0.44228	0.02639	0.03388	0.03338	0.02500	0.03516	0.02094	0.02829	0.01726	0.01027	0.01116	0.00342	0.01370	0.01002	0.00546	0.01676
30	0.01935	0.01226	0.01614	0.01474	0.01799	0.01121	0.01121	0.02457	0.03189	0.09433	0.48039	0.07954	0.09844	0.02211	0.01308	0.00353	0.00573	0.01946	0.01254	0.01146
31	0.01534	0.01048	0.01258	0.01359	0.01385	0.01022	0.00823	0.01610	0.01838	0.02451	0.04578	0.27698	0.05394	0.38336	0.04062	0.00845	0.00921	0.02244	0.00823	0.00772
32	0.02347	0.02226	0.03775	0.40711	0.23052	0.02559	0.03236	0.03070	0.02355	0.03144	0.02040	0.02929	0.01595	0.01084	0.01122	0.00361	0.01446	0.01001	0.00519	0.01429
33	0.02945	0.02498	0.03596	0.30525	0.14765	0.02853	0.02866	0.18146	0.03293	0.04390	0.02249	0.02864	0.01686	0.01176	0.01123	0.00356	0.01386	0.01005	0.00713	0.01563
34	0.01654	0.01256	0.01614	0.01669	0.01972	0.01104	0.01230	0.01968	0.02263	0.03127	0.05233	0.39601	0.06011	0.02864	0.01321	0.00402	0.00753	0.09340	0.00960	0.15658
35	0.48305	0.07285	0.02660	0.02721	0.13599	0.02722	0.01774	0.03346	0.02090	0.04542	0.01689	0.02039	0.01363	0.01029	0.00791	0.00336	0.01002	0.00696	0.00647	0.01363

[dist]
# distance from previous block
# <min> <max>
0	2

[block]
# block no. 4 follows, 11 sequences, length 30
# corresponding to MSA columns:
# 141-170
name=unknown_E
#
# <colnr> <probs for GDERKNQSTAVLIFYWHMCP>
#	G	D	E	R	K	N	Q	S	T	A	V	L	I	F	Y	W	H	M	C	P
0	0.01666	0.01069	0.01213	0.01250	0.01298	0.01059	0.00750	0.01772	0.01818	0.02579	0.03948	0.14455	0.04398	0.43513	0.04381	0.00877	0.00944	0.01776	0.10463	0.00770
1	0.02645	0.02537	0.10293	0.02365	0.03081	0.02108	0.06075	0.10106	0.09608	0.08434	0.13870	0.05698	0.04621	0.06491	0.01603	0.00436	0.01106	0.06494	0.00983	0.01446
2	0.01647	0.01107	0.01376	0.01442	0.01633	0.01015	0.00997	0.01906	0.02403	0.05937	0.15433	0.31143	0.14955	0.11280	0.02001	0.00510	0.00696	0.02501	0.01048	0.00970
3	0.03266	0.10091	0.02965	0.02036	0.02852	0.02463	0.01672	0.04823	0.22511	0.16081	0.03578	0.03382	0.02626	0.01267	0.01017	0.00308	0.00936	0.01016	0.01011	0.16097
4	0.02398	0.02228	0.03616	0.21433	0.27999	0.02310	0.02858	0.03028	0.02400	0.03358	0.02421	0.07744	0.02173	0.01237	0.01108	0.00335	0.01260	0.01148	0.00597	0.10347
5	0.02648	0.04048	0.24532	0.03646	0.04903	0.02800	0.21629	0.07530	0.09301	0.04012	0.02520	0.02909	0.01846	0.01105	0.01187	0.00368	0.01619	0.01102	0.00654	0.01641
6	0.02642	0.22940	0.16545	0.03069	0.04022	0.03460	0.13165	0.03324	0.02268	0.03083	0.01808	0.02352	0.01506	0.01201	0.01578	0.00352	0.13818	0.00899	0.00502	0.01464
7	0.01945	0.01368	0.01896	0.01793	0.02109	0.01340	0.05003	0.05117	0.02676	0.03886	0.12805	0.21445	0.05832	0.02333	0.01235	0.00384	0.00789	0.08437	0.18505	0.01101
8	0.02948	0.03792	0.20720	0.03687	0.10952	0.02809	0.10767	0.16908	0.03316	0.04600	0.02594	0.03472	0.02072	0.01288	0.01174	0.00365	0.01484	0.04637	0.00737	0.01678
9	0.04124	0.23607	0.03808	0.01997	0.02883	0.02769	0.01764	0.04751	0.06714	0.31410	0.03400	0.03120	0.02347	0.01246	0.00983	0.00312	0.01042	0.00949	0.01040	0.01733
10	0.02248	0.01216	0.01512	0.01453	0.01777	0.01142	0.01115	0.02717	0.02731	0.11268	0.19485	0.13589	0.06162	0.02072	0.01153	0.00350	0.00648	0.05284	0.22920	0.01159
11	0.03668	0.01510	0.01880	0.01556	0.02142	0.01371	0.01248	0.04145	0.02818	0.30786	0.04080	0.04002	0.02832	0.01355	0.00970	0.00308	0.00755	0.01093	0.31972	0.01510
12	0.03621	0.03805	0.03188	0.10835	0.04006	0.26059	0.02272	0.14421	0.09906	0.04000	0.02359	0.02640	0.01829	0.01296	0.01235	0.00338	0.05021	0.00919	0.00761	0.01492
13	0.03554	0.02189	0.02378	0.01985	0.02519	0.06691	0.01597	0.10606	0.03042	0.19586	0.03301	0.03443	0.02398	0.01417	0.01353	0.00333	0.08665	0.01032	0.22422	0.01488
14	0.02392	0.03482	0.19855	0.04588	0.23351	0.02434	0.10621	0.03247	0.02521	0.03539	0.03453	0.03861	0.09050	0.01281	0.01166	0.00355	0.01417	0.01200	0.00604	0.01583
15	0.03138	0.02135	0.02761	0.02607	0.10234	0.01886	0.01786	0.04007	0.09177	0.16360	0.02970	0.03023	0.02200	0.01091	0.00991	0.00265	0.00946	0.00913	0.00895	0.32616
16	0.58758	0.10864	0.02280	0.01546	0.02282	0.02809	0.01323	0.03318	0.01970	0.04696	0.01567	0.01825	0.01252	0.01033	0.00700	0.00332	0.00920	0.00608	0.00665	0.01252
17	0.04939	0.02094	0.02723	0.02087	0.02962	0.01919	0.01724	0.11864	0.03520	0.47402	0.04189	0.03668	0.02660	0.01387	0.01131	0.00347	0.00998	0.01115	0.01354	0.01915
18	0.02537	0.01371	0.01738	0.01519	0.01990	0.01207	0.01184	0.02980	0.03044	0.18649	0.28553	0.07667	0.18719	0.02171	0.01271	0.00359	0.00665	0.01855	0.01236	0.01284
19	0.02257	0.05822	0.54613	0.03208	0.04871	0.02614	0.04158	0.03564	0.02376	0.03564	0.02020	0.02376	0.01426	0.01069	0.01069	0.00356	0.01663	0.00832	0.00475	0.01663
20	0.02367	0.02060	0.03166	0.42265	0.06365	0.02497	0.02752	0.09515	0.02630	0.03449	0.02238	0.03149	0.01737	0.02141	0.08494	0.00562	0.01666	0.01030	0.00604	0.01313
21	0.02117	0.01354	0.01685	0.01526	0.01919	0.01266	0.01170	0.02815	0.07007	0.10991	0.36440	0.07802	0.15099	0.02196	0.01287	0.00359	0.00623	0.01901	0.01224	0.01219
22	0.01371	0.00979	0.01306	0.01567	0.01632	0.00914	0.01045	0.01567	0.02155	0.02873	0.06203	0.59710	0.07444	0.03526	0.01437	0.00457	0.00653	0.03200	0.01045	0.00914
23	0.02577	0.02424	0.04088	0.06121	0.45790	0.02415	0.03099	0.03176	0.02503	0.03559	0.02719	0.11175	0.02617	0.01375	0.01162	0.00352	0.01236	0.01327	0.00629	0.01655
24	0.01612	0.01254	0.01815	0.02333	0.09273	0.01195	0.01402	0.01926	0.02364	0.03228	0.12332	0.43914	0.07068	0.02977	0.01373	0.00424	0.00736	0.02708	0.01001	0.01064
25	0.01469	0.01098	0.01257	0.01295	0.01566	0.00977	0.00942	0.01814	0.02603	0.03456	0.19466	0.20726	0.28185	0.02738	0.01306	0.00381	0.00576	0.02365	0.06803	0.00977
26	0.02470	0.02332	0.03941	0.21853	0.35370	0.02478	0.03158	0.03125	0.02435	0.03369	0.02416	0.07504	0.02160	0.01246	0.01144	0.00357	0.01331	0.01182	0.00580	0.01551
27	0.03175	0.01921	0.02456	0.02111	0.02624	0.02059	0.01713	0.07543	0.10103	0.19435	0.11955	0.05142	0.04239	0.02390	0.06317	0.00514	0.08798	0.04903	0.01091	0.01512
28	0.02999	0.02153	0.03484	0.16434	0.24751	0.02232	0.02694	0.03597	0.02543	0.14933	0.02744	0.03293	0.02088	0.02119	0.08491	0.00545	0.01512	0.01059	0.00742	0.01590
29	0.06947	0.01195	0.01407	0.01517	0.01773	0.01140	0.01143	0.01931	0.02461	0.03417	0.13940	0.27513	0.18484	0.02906	0.01353	0.00424	0.00696	0.09719	0.01044	0.00990

[dist]
# distance from previous block
# <min> <max>
0	235

# created by:
# /st0/software/busco_prod/Augustus/scripts/msa2prfl.pl ./align_prep/8073.fa
