[name]
unknown

[dist]
# distance from previous block
# <min> <max>
0	69

[block]
# block no. 0 follows, 15 sequences, length 49
# corresponding to MSA columns:
# 72-120
name=unknown_A
#
# <colnr> <probs for GDERKNQSTAVLIFYWHMCP>
#	G	D	E	R	K	N	Q	S	T	A	V	L	I	F	Y	W	H	M	C	P
0	0.01584	0.01131	0.01580	0.01810	0.02030	0.01128	0.01567	0.02026	0.02273	0.02958	0.05291	0.14313	0.05787	0.02775	0.01371	0.00456	0.00898	0.49192	0.00918	0.00912
1	0.02181	0.02181	0.03053	0.02617	0.02617	0.03053	0.02181	0.02399	0.01527	0.02399	0.01309	0.02181	0.01309	0.01745	0.03272	0.00436	0.63141	0.00872	0.00436	0.01091
2	0.01379	0.01018	0.01288	0.01221	0.01470	0.00927	0.00915	0.01819	0.02746	0.03818	0.51599	0.07742	0.16140	0.02105	0.01176	0.00317	0.00475	0.01844	0.01074	0.00927
3	0.02425	0.02326	0.03970	0.10192	0.55003	0.02358	0.03038	0.03022	0.02250	0.03206	0.01868	0.02481	0.01561	0.00896	0.00988	0.00299	0.01195	0.00888	0.00490	0.01545
4	0.02473	0.02266	0.03241	0.04280	0.33501	0.02418	0.02393	0.04066	0.26851	0.03667	0.02856	0.03030	0.02237	0.01097	0.00999	0.00315	0.01007	0.00996	0.00728	0.01579
5	0.56085	0.02586	0.01782	0.01604	0.02197	0.15930	0.01277	0.03175	0.01960	0.03999	0.01424	0.01661	0.01127	0.00949	0.00683	0.00296	0.01011	0.00564	0.00593	0.01097
6	0.02665	0.65565	0.05224	0.01706	0.02559	0.03945	0.01706	0.02985	0.02026	0.02345	0.01386	0.01599	0.01279	0.00853	0.00640	0.00213	0.01066	0.00533	0.00426	0.01279
7	0.02182	0.01920	0.02499	0.02997	0.18241	0.02057	0.01829	0.03758	0.28267	0.03632	0.07821	0.09877	0.07562	0.01527	0.01055	0.00331	0.00837	0.01344	0.00857	0.01405
8	0.01411	0.01019	0.01333	0.01254	0.01489	0.00941	0.00941	0.01881	0.02822	0.03998	0.58221	0.07447	0.09406	0.02038	0.01176	0.00314	0.00470	0.01803	0.01097	0.00941
9	0.02012	0.02042	0.03966	0.03508	0.12911	0.01930	0.27680	0.02637	0.02366	0.03242	0.12645	0.10767	0.06822	0.01411	0.01155	0.00333	0.01194	0.01477	0.00678	0.01224
10	0.01396	0.01018	0.01312	0.01239	0.01480	0.00934	0.00929	0.01853	0.02787	0.03916	0.55201	0.07581	0.12477	0.02069	0.01176	0.00315	0.00472	0.01822	0.01087	0.00934
11	0.01249	0.01024	0.01108	0.01120	0.01433	0.00883	0.00862	0.01548	0.02344	0.02885	0.15691	0.09482	0.47140	0.02485	0.01197	0.00345	0.00540	0.06854	0.00947	0.00861
12	0.04352	0.01890	0.02433	0.01865	0.02641	0.01752	0.01541	0.13773	0.03177	0.50066	0.03661	0.03217	0.02332	0.01227	0.01002	0.00307	0.00892	0.00984	0.01192	0.01696
13	0.72007	0.01928	0.01465	0.01311	0.01928	0.02236	0.01080	0.02930	0.01697	0.04473	0.01388	0.01619	0.01080	0.00925	0.00617	0.00308	0.00771	0.00540	0.00617	0.01080
14	0.08030	0.11235	0.03270	0.08695	0.20402	0.02328	0.02099	0.03717	0.07576	0.19171	0.02553	0.02680	0.01869	0.01038	0.00918	0.00296	0.01017	0.00867	0.00748	0.01489
15	0.09315	0.59462	0.04863	0.01668	0.02498	0.03781	0.01646	0.02980	0.01994	0.02549	0.01386	0.01601	0.01260	0.00860	0.00637	0.00222	0.01038	0.00534	0.00445	0.01260
16	0.02426	0.02327	0.03972	0.10071	0.55114	0.02358	0.03039	0.03024	0.02251	0.03207	0.01868	0.02481	0.01562	0.00896	0.00988	0.00299	0.01194	0.00888	0.00490	0.01546
17	0.72007	0.01928	0.01465	0.01311	0.01928	0.02236	0.01080	0.02930	0.01697	0.04473	0.01388	0.01619	0.01080	0.00925	0.00617	0.00308	0.00771	0.00540	0.00617	0.01080
18	0.02621	0.02257	0.03436	0.04698	0.39493	0.02331	0.02543	0.03794	0.16955	0.07716	0.02614	0.02872	0.02038	0.01038	0.00995	0.00308	0.01053	0.00961	0.00688	0.01588
19	0.01390	0.01018	0.01303	0.01232	0.01476	0.00932	0.00924	0.01840	0.02771	0.03878	0.53798	0.07644	0.13904	0.02083	0.01176	0.00316	0.00473	0.01831	0.01082	0.00932
20	0.52284	0.01988	0.01689	0.01515	0.02116	0.02305	0.01221	0.03602	0.17369	0.04387	0.02145	0.02215	0.01637	0.01047	0.00730	0.00317	0.00776	0.00706	0.00730	0.01221
21	0.02350	0.03517	0.25541	0.03059	0.12621	0.05414	0.02682	0.04004	0.23200	0.03525	0.02660	0.02768	0.01999	0.01097	0.00977	0.00318	0.01180	0.00907	0.00665	0.01515
22	0.01318	0.01015	0.01204	0.01157	0.01433	0.00901	0.00868	0.01702	0.02604	0.03479	0.39103	0.08300	0.28847	0.02231	0.01177	0.00323	0.00484	0.01922	0.01029	0.00901
23	0.01491	0.01406	0.05734	0.01437	0.01778	0.01151	0.01180	0.02152	0.07521	0.03545	0.34187	0.16526	0.13800	0.02136	0.01160	0.00334	0.00597	0.01871	0.00989	0.01005
24	0.02349	0.07720	0.19947	0.04871	0.39251	0.02467	0.03139	0.03082	0.02205	0.03163	0.01815	0.02302	0.01468	0.00902	0.00951	0.00296	0.01258	0.00820	0.00468	0.01527
25	0.01398	0.01009	0.01321	0.01263	0.01487	0.00932	0.00940	0.01849	0.02763	0.03904	0.54810	0.11125	0.09224	0.02108	0.01182	0.00319	0.00477	0.01870	0.01086	0.00932
26	0.01385	0.01019	0.01267	0.01322	0.01388	0.01039	0.00880	0.01525	0.01807	0.02429	0.08857	0.29533	0.09056	0.26370	0.02841	0.00608	0.05092	0.02036	0.00783	0.00764
27	0.02794	0.02043	0.02253	0.01952	0.02570	0.02237	0.01534	0.05052	0.44383	0.13522	0.03897	0.03563	0.02849	0.01295	0.00995	0.00321	0.00796	0.01073	0.01026	0.05846
28	0.02628	0.02315	0.03908	0.05771	0.54252	0.02296	0.02932	0.03203	0.02317	0.07750	0.02040	0.02541	0.01650	0.00916	0.00988	0.00297	0.01157	0.00897	0.00553	0.01588
29	0.02399	0.02222	0.03042	0.12017	0.16347	0.05673	0.06957	0.09599	0.12486	0.03528	0.03237	0.09125	0.06254	0.01359	0.01048	0.00324	0.01099	0.01216	0.00716	0.01352
30	0.72007	0.01928	0.01465	0.01311	0.01928	0.02236	0.01080	0.02930	0.01697	0.04473	0.01388	0.01619	0.01080	0.00925	0.00617	0.00308	0.00771	0.00540	0.00617	0.01080
31	0.02172	0.03045	0.20383	0.10092	0.30157	0.02230	0.06132	0.02922	0.02172	0.03102	0.02120	0.07031	0.01833	0.01081	0.01009	0.00316	0.01268	0.01006	0.00500	0.01431
32	0.01397	0.01010	0.01231	0.01175	0.01432	0.00918	0.00882	0.01819	0.02645	0.03694	0.43447	0.07611	0.19412	0.02073	0.01138	0.00312	0.00477	0.01798	0.06611	0.00918
33	0.01304	0.00950	0.01228	0.01295	0.01458	0.00874	0.00919	0.01623	0.02367	0.03240	0.30668	0.33185	0.12055	0.02565	0.01219	0.00356	0.00522	0.02291	0.01006	0.00874
34	0.01523	0.01005	0.01198	0.01182	0.01431	0.00943	0.00909	0.01959	0.02484	0.03631	0.30572	0.07064	0.14208	0.01929	0.01060	0.00308	0.00517	0.06416	0.20743	0.00921
35	0.02156	0.03832	0.34354	0.09745	0.24083	0.02325	0.03372	0.03064	0.02153	0.03134	0.01818	0.02288	0.01383	0.00931	0.00966	0.00310	0.01356	0.00805	0.00449	0.01476
36	0.41690	0.29751	0.03109	0.01484	0.02204	0.02983	0.01353	0.02954	0.01840	0.03543	0.01387	0.01611	0.01167	0.00894	0.00627	0.00267	0.00900	0.00537	0.00534	0.01167
37	0.01692	0.01081	0.01423	0.01302	0.01586	0.00989	0.00989	0.02155	0.02825	0.09093	0.53231	0.07074	0.08769	0.01964	0.01160	0.00313	0.00505	0.01729	0.01110	0.01010
38	0.03724	0.04751	0.02825	0.02568	0.03082	0.60963	0.01926	0.03981	0.02825	0.02440	0.01541	0.01798	0.01284	0.01027	0.00899	0.00257	0.01798	0.00642	0.00514	0.01156
39	0.01555	0.01384	0.02168	0.01963	0.05387	0.01263	0.10413	0.02022	0.02520	0.03366	0.28654	0.07072	0.24419	0.01931	0.01166	0.00324	0.00734	0.01745	0.00900	0.01014
40	0.18556	0.02267	0.03449	0.05007	0.45601	0.02338	0.02601	0.03030	0.02137	0.03538	0.01762	0.02271	0.01464	0.00897	0.00901	0.00299	0.01089	0.00808	0.00522	0.01464
41	0.02354	0.02148	0.02948	0.02700	0.08093	0.02329	0.10768	0.04406	0.37437	0.03903	0.08704	0.03786	0.03258	0.01288	0.01055	0.00332	0.00947	0.01178	0.00888	0.01477
42	0.02423	0.02324	0.03967	0.10354	0.54855	0.02357	0.03038	0.03021	0.02249	0.03204	0.01867	0.02482	0.01560	0.00896	0.00988	0.00299	0.01195	0.00888	0.00490	0.01544
43	0.02472	0.02617	0.02941	0.02555	0.02694	0.12898	0.02082	0.02936	0.06842	0.02569	0.01601	0.02257	0.01464	0.01586	0.02659	0.00397	0.46925	0.00856	0.00503	0.01146
44	0.01330	0.00990	0.01237	0.01231	0.01453	0.00897	0.00902	0.01703	0.02548	0.03478	0.39207	0.18191	0.18498	0.02331	0.01194	0.00335	0.00497	0.02049	0.01032	0.00897
45	0.02617	0.02344	0.04077	0.05595	0.49332	0.02310	0.07717	0.03216	0.02324	0.07744	0.02053	0.02562	0.01644	0.00911	0.01006	0.00301	0.01203	0.00924	0.00554	0.01567
46	0.02067	0.01772	0.02067	0.01477	0.02362	0.01329	0.01181	0.02510	0.02067	0.03248	0.01772	0.02067	0.01477	0.00738	0.00738	0.00148	0.00738	0.00591	0.00591	0.71059
47	0.02249	0.02110	0.03546	0.35234	0.23847	0.02351	0.06468	0.06579	0.02306	0.03100	0.01868	0.02577	0.01452	0.00964	0.01006	0.00318	0.01288	0.00908	0.00504	0.01324
48	0.18773	0.02223	0.02242	0.01852	0.02529	0.05643	0.01507	0.16222	0.09948	0.15038	0.02751	0.03073	0.02089	0.01209	0.00909	0.00302	0.00934	0.04033	0.00888	0.07837

[dist]
# distance from previous block
# <min> <max>
0	1

[block]
# block no. 1 follows, 15 sequences, length 37
# corresponding to MSA columns:
# 122-158
name=unknown_B
#
# <colnr> <probs for GDERKNQSTAVLIFYWHMCP>
#	G	D	E	R	K	N	Q	S	T	A	V	L	I	F	Y	W	H	M	C	P
0	0.02287	0.03913	0.36318	0.03292	0.13046	0.02187	0.07646	0.03201	0.02202	0.07135	0.01972	0.02302	0.01442	0.00928	0.00957	0.00297	0.01329	0.00804	0.00514	0.08227
1	0.31041	0.15905	0.13342	0.01933	0.02735	0.14644	0.01863	0.03199	0.02070	0.03383	0.01494	0.01742	0.01196	0.00936	0.00741	0.00280	0.01172	0.00596	0.00521	0.01209
2	0.01999	0.05157	0.59800	0.02841	0.04315	0.02315	0.03683	0.03157	0.02105	0.03157	0.01789	0.02105	0.01263	0.00947	0.00947	0.00316	0.01473	0.00737	0.00421	0.01473
3	0.02767	0.02539	0.08036	0.03225	0.16062	0.02429	0.06184	0.10651	0.23994	0.08985	0.02980	0.03015	0.02213	0.01141	0.01011	0.00319	0.01051	0.01002	0.00821	0.01577
4	0.72007	0.01928	0.01465	0.01311	0.01928	0.02236	0.01080	0.02930	0.01697	0.04473	0.01388	0.01619	0.01080	0.00925	0.00617	0.00308	0.00771	0.00540	0.00617	0.01080
5	0.02599	0.02621	0.05015	0.09460	0.04940	0.02607	0.39240	0.13749	0.02793	0.03759	0.02070	0.02626	0.01532	0.00928	0.01123	0.00328	0.01528	0.01092	0.00599	0.01393
6	0.01401	0.01300	0.01878	0.01582	0.02025	0.01140	0.10145	0.01775	0.02335	0.02896	0.12994	0.08212	0.44186	0.02191	0.01178	0.00334	0.00705	0.01917	0.00868	0.00937
7	0.01669	0.01467	0.02119	0.02851	0.20722	0.01386	0.01634	0.02063	0.02281	0.02987	0.09882	0.11943	0.26652	0.02013	0.01140	0.00338	0.00774	0.06187	0.00792	0.01100
8	0.02358	0.02421	0.04477	0.09862	0.17073	0.02449	0.27755	0.03510	0.12931	0.03336	0.02358	0.02836	0.01808	0.00966	0.01084	0.00327	0.01360	0.01073	0.00595	0.01421
9	0.02006	0.01793	0.02891	0.21933	0.08899	0.01937	0.09216	0.06099	0.06251	0.03330	0.12284	0.09718	0.03644	0.01478	0.01099	0.00338	0.01071	0.04111	0.00716	0.01185
10	0.01999	0.05157	0.59800	0.02841	0.04315	0.02315	0.03683	0.03157	0.02105	0.03157	0.01789	0.02105	0.01263	0.00947	0.00947	0.00316	0.01473	0.00737	0.00421	0.01473
11	0.01787	0.01248	0.01445	0.01343	0.01487	0.01320	0.00892	0.09370	0.01945	0.02626	0.02959	0.05518	0.03168	0.46766	0.13142	0.00968	0.01249	0.01310	0.00651	0.00807
12	0.02067	0.01772	0.02067	0.01477	0.02362	0.01329	0.01181	0.02510	0.02067	0.03248	0.01772	0.02067	0.01477	0.00738	0.00738	0.00148	0.00738	0.00591	0.00591	0.71059
13	0.01232	0.01012	0.01084	0.01066	0.01379	0.00864	0.00800	0.01534	0.02399	0.02994	0.21186	0.09099	0.47068	0.02413	0.01178	0.00331	0.00497	0.02035	0.00965	0.00864
14	0.02355	0.02144	0.02997	0.02553	0.02612	0.02933	0.02127	0.02586	0.01627	0.06732	0.01508	0.02273	0.01397	0.01706	0.03099	0.00427	0.58408	0.00882	0.00497	0.01137
15	0.02303	0.02227	0.03049	0.02593	0.02653	0.03056	0.02159	0.06427	0.01767	0.02694	0.01391	0.02197	0.01338	0.01703	0.03099	0.00426	0.58427	0.00874	0.00479	0.01136
16	0.03790	0.02792	0.02992	0.02294	0.03091	0.03091	0.01895	0.55423	0.04687	0.06283	0.02393	0.02393	0.01695	0.01197	0.00997	0.00299	0.01097	0.00898	0.00997	0.01695
17	0.03724	0.04751	0.02825	0.02568	0.03082	0.60963	0.01926	0.03981	0.02825	0.02440	0.01541	0.01798	0.01284	0.01027	0.00899	0.00257	0.01798	0.00642	0.00514	0.01156
18	0.01411	0.01019	0.01333	0.01254	0.01489	0.00941	0.00941	0.01881	0.02822	0.03998	0.58221	0.07447	0.09406	0.02038	0.01176	0.00314	0.00470	0.01803	0.01097	0.00941
19	0.02439	0.01402	0.02090	0.01980	0.02410	0.01327	0.05208	0.02903	0.02451	0.18387	0.04690	0.08523	0.04559	0.02209	0.01261	0.00410	0.00951	0.34665	0.00976	0.01159
20	0.01839	0.01706	0.02364	0.02149	0.02186	0.02231	0.01716	0.02066	0.01748	0.02579	0.07438	0.20328	0.03516	0.02163	0.02521	0.00417	0.39891	0.01512	0.00633	0.00998
21	0.01464	0.01042	0.01563	0.01563	0.01718	0.01197	0.01197	0.01718	0.01563	0.02239	0.02549	0.03802	0.02394	0.06960	0.53661	0.10536	0.02438	0.01042	0.00521	0.00831
22	0.03790	0.02792	0.02992	0.02294	0.03091	0.03091	0.01895	0.55423	0.04687	0.06283	0.02393	0.02393	0.01695	0.01197	0.00997	0.00299	0.01097	0.00898	0.00997	0.01695
23	0.02442	0.03242	0.22631	0.03578	0.18836	0.02326	0.06745	0.03762	0.15317	0.07343	0.02521	0.02724	0.01878	0.01040	0.00995	0.00317	0.01203	0.00923	0.00645	0.01533
24	0.03655	0.02841	0.21322	0.02127	0.03130	0.01746	0.02199	0.04296	0.02606	0.40828	0.03224	0.02967	0.02069	0.01139	0.00984	0.00311	0.01055	0.00915	0.00965	0.01623
25	0.02364	0.02664	0.08512	0.04838	0.29583	0.02488	0.22419	0.03052	0.02217	0.03143	0.01867	0.02497	0.01506	0.00957	0.01276	0.00326	0.07383	0.00984	0.00487	0.01437
26	0.22073	0.02720	0.08878	0.03745	0.22995	0.05631	0.10608	0.05975	0.02269	0.03699	0.01762	0.02188	0.01388	0.00921	0.00905	0.00306	0.01203	0.00808	0.00552	0.01375
27	0.01705	0.01377	0.01695	0.01742	0.05713	0.01390	0.01214	0.02709	0.15496	0.03810	0.34965	0.06512	0.14009	0.01862	0.01125	0.00321	0.00600	0.01621	0.01012	0.01122
28	0.02168	0.01840	0.02941	0.46151	0.05701	0.02302	0.02545	0.02726	0.01984	0.07590	0.01879	0.02636	0.01427	0.01155	0.01415	0.00349	0.12628	0.00894	0.00512	0.01157
29	0.03790	0.02792	0.02992	0.02294	0.03091	0.03091	0.01895	0.55423	0.04687	0.06283	0.02393	0.02393	0.01695	0.01197	0.00997	0.00299	0.01097	0.00898	0.00997	0.01695
30	0.01883	0.01772	0.02990	0.62569	0.06866	0.02215	0.02769	0.02547	0.01993	0.02547	0.01772	0.02658	0.01329	0.00997	0.00997	0.00332	0.01329	0.00886	0.00443	0.01107
31	0.01348	0.01017	0.01245	0.01188	0.01450	0.00914	0.00891	0.01759	0.02672	0.03642	0.45116	0.08031	0.22733	0.02171	0.01176	0.00320	0.00480	0.01885	0.01051	0.00914
32	0.72007	0.01928	0.01465	0.01311	0.01928	0.02236	0.01080	0.02930	0.01697	0.04473	0.01388	0.01619	0.01080	0.00925	0.00617	0.00308	0.00771	0.00540	0.00617	0.01080
33	0.02117	0.02000	0.02744	0.02579	0.06322	0.02618	0.01961	0.02672	0.08384	0.02629	0.01948	0.02898	0.01831	0.07556	0.07359	0.00549	0.41206	0.00970	0.00533	0.01127
34	0.02547	0.02265	0.03826	0.11284	0.49906	0.02292	0.02923	0.03132	0.02283	0.07009	0.02005	0.02549	0.01615	0.00922	0.00989	0.00300	0.01175	0.00896	0.00539	0.01541
35	0.01508	0.01324	0.04600	0.01472	0.01787	0.01129	0.01216	0.02127	0.06144	0.03594	0.35788	0.12680	0.11191	0.02168	0.01191	0.00346	0.00623	0.09123	0.01001	0.00990
36	0.01957	0.02729	0.17072	0.02360	0.03051	0.06983	0.11101	0.02739	0.05926	0.03214	0.14587	0.16446	0.04253	0.01648	0.01103	0.00334	0.01095	0.01493	0.00730	0.01179

[dist]
# distance from previous block
# <min> <max>
1	3

[block]
# block no. 2 follows, 15 sequences, length 15
# corresponding to MSA columns:
# 162-176
name=unknown_C
#
# <colnr> <probs for GDERKNQSTAVLIFYWHMCP>
#	G	D	E	R	K	N	Q	S	T	A	V	L	I	F	Y	W	H	M	C	P
0	0.63803	0.09457	0.01910	0.01358	0.02003	0.02438	0.01154	0.02937	0.01735	0.04221	0.01388	0.01617	0.01103	0.00917	0.00620	0.00297	0.00806	0.00539	0.00594	0.01103
1	0.02773	0.02354	0.03791	0.05359	0.48291	0.02364	0.02805	0.08518	0.02565	0.08379	0.02104	0.02539	0.01667	0.00949	0.00989	0.00297	0.01147	0.00899	0.00608	0.01601
2	0.02467	0.02369	0.04046	0.06119	0.58747	0.02369	0.03059	0.03059	0.02270	0.03257	0.01875	0.02467	0.01579	0.00888	0.00987	0.00296	0.01184	0.00888	0.00493	0.01579
3	0.01411	0.01019	0.01333	0.01254	0.01489	0.00941	0.00941	0.01881	0.02822	0.03998	0.58221	0.07447	0.09406	0.02038	0.01176	0.00314	0.00470	0.01803	0.01097	0.00941
4	0.01883	0.01772	0.02990	0.62569	0.06866	0.02215	0.02769	0.02547	0.01993	0.02547	0.01772	0.02658	0.01329	0.00997	0.00997	0.00332	0.01329	0.00886	0.00443	0.01107
5	0.01497	0.01130	0.01633	0.01760	0.05459	0.01221	0.01207	0.01829	0.01835	0.02608	0.12402	0.04874	0.03829	0.15752	0.37096	0.01182	0.01899	0.01249	0.00642	0.00897
6	0.01215	0.00868	0.01157	0.01388	0.01446	0.00810	0.00925	0.01388	0.01909	0.02545	0.05495	0.64315	0.06593	0.03123	0.01272	0.00405	0.00578	0.02834	0.00925	0.00810
7	0.01728	0.01518	0.02273	0.03103	0.23738	0.01449	0.01713	0.02139	0.02312	0.03122	0.14773	0.15123	0.19272	0.01895	0.01118	0.00328	0.00775	0.01693	0.00788	0.01141
8	0.02705	0.02289	0.03841	0.05605	0.52097	0.02262	0.02871	0.03272	0.02339	0.09904	0.02119	0.02577	0.01684	0.00929	0.00989	0.00298	0.01145	0.00902	0.00581	0.01593
9	0.02480	0.02141	0.02254	0.02029	0.02592	0.02480	0.01578	0.05297	0.56946	0.04170	0.04057	0.03719	0.03043	0.01352	0.01014	0.00338	0.00789	0.01127	0.01014	0.01578
10	0.72007	0.01928	0.01465	0.01311	0.01928	0.02236	0.01080	0.02930	0.01697	0.04473	0.01388	0.01619	0.01080	0.00925	0.00617	0.00308	0.00771	0.00540	0.00617	0.01080
11	0.01999	0.05157	0.59800	0.02841	0.04315	0.02315	0.03683	0.03157	0.02105	0.03157	0.01789	0.02105	0.01263	0.00947	0.00947	0.00316	0.01473	0.00737	0.00421	0.01473
12	0.01400	0.01435	0.07158	0.01341	0.01733	0.01050	0.01163	0.01875	0.02584	0.03519	0.38000	0.07553	0.23331	0.02074	0.01153	0.00321	0.00582	0.01786	0.00977	0.00965
13	0.01219	0.00919	0.01128	0.01272	0.01421	0.00828	0.00879	0.01436	0.02078	0.02693	0.10641	0.44774	0.21350	0.02876	0.01239	0.00379	0.00550	0.02553	0.00938	0.00828
14	0.03243	0.24629	0.08233	0.01795	0.02673	0.02395	0.01696	0.03681	0.02373	0.25580	0.02508	0.02439	0.01788	0.00997	0.00828	0.00250	0.00962	0.00749	0.00777	0.12405

[dist]
# distance from previous block
# <min> <max>
0	20

# created by:
# /st0/software/busco_prod/Augustus/scripts/msa2prfl.pl ./align_prep/8074.fa
