[name]
unknown

[dist]
# distance from previous block
# <min> <max>
0	973

[block]
# block no. 0 follows, 11 sequences, length 23
# corresponding to MSA columns:
# 981-983,986-1005
name=unknown_A
#
# <colnr> <probs for GDERKNQSTAVLIFYWHMCP>
#	G	D	E	R	K	N	Q	S	T	A	V	L	I	F	Y	W	H	M	C	P
0	0.01940	0.01341	0.01601	0.01517	0.01908	0.01252	0.01184	0.02609	0.07130	0.08360	0.25231	0.08902	0.23439	0.02424	0.01318	0.00382	0.00666	0.06480	0.01157	0.01160
1	0.02257	0.05822	0.54613	0.03208	0.04871	0.02614	0.04158	0.03564	0.02376	0.03564	0.02020	0.02376	0.01426	0.01069	0.01069	0.00356	0.01663	0.00832	0.00475	0.01663
2	0.08316	0.03627	0.21720	0.11960	0.15079	0.02563	0.03130	0.07320	0.02604	0.03929	0.02055	0.02535	0.01562	0.01062	0.01036	0.00333	0.01378	0.00873	0.00592	0.08326
3	0.03470	0.02655	0.03336	0.06864	0.03749	0.02961	0.06158	0.20890	0.18205	0.10230	0.03261	0.03301	0.02378	0.01404	0.01346	0.00370	0.05545	0.01127	0.01015	0.01737
4	0.02384	0.11126	0.43712	0.03267	0.04794	0.02831	0.09511	0.03550	0.02402	0.03476	0.02005	0.02399	0.01463	0.01044	0.01066	0.00347	0.01645	0.00870	0.00488	0.01623
5	0.02334	0.02001	0.02334	0.01667	0.02667	0.01500	0.01334	0.02834	0.02334	0.03668	0.02001	0.02334	0.01667	0.00834	0.00834	0.00167	0.00834	0.00667	0.00667	0.67325
6	0.02786	0.02674	0.04568	0.06908	0.53424	0.02674	0.03454	0.03454	0.02563	0.03677	0.02117	0.02786	0.01783	0.01003	0.01114	0.00334	0.01337	0.01003	0.00557	0.01783
7	0.01637	0.01091	0.01228	0.01228	0.01228	0.01091	0.00682	0.01637	0.01637	0.02182	0.03546	0.07365	0.04092	0.60445	0.05729	0.01091	0.01091	0.01637	0.00682	0.00682
8	0.05050	0.01915	0.02612	0.02003	0.02873	0.01654	0.01654	0.05485	0.03221	0.54203	0.04440	0.03831	0.02786	0.01393	0.01132	0.00348	0.00958	0.01132	0.01393	0.01915
9	0.02757	0.02532	0.07758	0.31794	0.10733	0.02557	0.02875	0.07619	0.07674	0.08818	0.02588	0.03107	0.01887	0.01196	0.01122	0.00364	0.01358	0.01028	0.00715	0.01519
10	0.01916	0.00992	0.01437	0.01437	0.01437	0.00992	0.00941	0.01487	0.01487	0.01983	0.02152	0.03908	0.02219	0.10893	0.04563	0.59081	0.00992	0.01059	0.00513	0.00513
11	0.01759	0.01256	0.01751	0.02010	0.02246	0.01248	0.01719	0.02237	0.02537	0.03307	0.05989	0.18503	0.06597	0.03161	0.01540	0.00511	0.00989	0.40580	0.01037	0.01021
12	0.02126	0.02001	0.03376	0.57739	0.07752	0.02501	0.03126	0.02876	0.02251	0.02876	0.02001	0.03001	0.01500	0.01125	0.01125	0.00375	0.01500	0.01000	0.00500	0.01250
13	0.16284	0.08461	0.04078	0.09123	0.25452	0.02894	0.06663	0.07421	0.02623	0.04078	0.02004	0.02524	0.01614	0.01044	0.01010	0.00335	0.01282	0.00911	0.00624	0.01576
14	0.02462	0.02462	0.03447	0.02955	0.02955	0.03447	0.02462	0.02709	0.01724	0.02709	0.01477	0.02462	0.01477	0.01970	0.03694	0.00492	0.58385	0.00985	0.00492	0.01231
15	0.61802	0.02227	0.01947	0.02026	0.07326	0.02540	0.01444	0.03323	0.01981	0.04912	0.01622	0.01925	0.01276	0.01041	0.00739	0.00347	0.00918	0.00649	0.00683	0.01276
16	0.02718	0.02605	0.04446	0.12109	0.48751	0.02656	0.03421	0.03395	0.02531	0.03595	0.02105	0.02808	0.01754	0.01015	0.01115	0.00338	0.01354	0.01003	0.00551	0.01728
17	0.01967	0.01898	0.03660	0.02987	0.03534	0.01784	0.22010	0.02518	0.02411	0.03234	0.04483	0.30972	0.04875	0.02374	0.01400	0.00429	0.01226	0.06212	0.00838	0.01186
18	0.05050	0.01915	0.02612	0.02003	0.02873	0.01654	0.01654	0.05485	0.03221	0.54203	0.04440	0.03831	0.02786	0.01393	0.01132	0.00348	0.00958	0.01132	0.01393	0.01915
19	0.01593	0.01150	0.01504	0.01416	0.01681	0.01062	0.01062	0.02124	0.03186	0.04513	0.52830	0.08407	0.10620	0.02301	0.01327	0.00354	0.00531	0.02035	0.01239	0.01062
20	0.01371	0.00979	0.01306	0.01567	0.01632	0.00914	0.01045	0.01567	0.02155	0.02873	0.06203	0.59710	0.07444	0.03526	0.01437	0.00457	0.00653	0.03200	0.01045	0.00914
21	0.02786	0.02674	0.04568	0.06908	0.53424	0.02674	0.03454	0.03454	0.02563	0.03677	0.02117	0.02786	0.01783	0.01003	0.01114	0.00334	0.01337	0.01003	0.00557	0.01783
22	0.03009	0.61122	0.05898	0.01926	0.02889	0.04454	0.01926	0.03370	0.02287	0.02648	0.01565	0.01805	0.01444	0.00963	0.00722	0.00241	0.01204	0.00602	0.00481	0.01444

[dist]
# distance from previous block
# <min> <max>
0	38

[block]
# block no. 1 follows, 11 sequences, length 11
# corresponding to MSA columns:
# 1044-1054
name=unknown_B
#
# <colnr> <probs for GDERKNQSTAVLIFYWHMCP>
#	G	D	E	R	K	N	Q	S	T	A	V	L	I	F	Y	W	H	M	C	P
0	0.03009	0.61122	0.05898	0.01926	0.02889	0.04454	0.01926	0.03370	0.02287	0.02648	0.01565	0.01805	0.01444	0.00963	0.00722	0.00241	0.01204	0.00602	0.00481	0.01444
1	0.02257	0.05822	0.54613	0.03208	0.04871	0.02614	0.04158	0.03564	0.02376	0.03564	0.02020	0.02376	0.01426	0.01069	0.01069	0.00356	0.01663	0.00832	0.00475	0.01663
2	0.01593	0.01150	0.01504	0.01416	0.01681	0.01062	0.01062	0.02124	0.03186	0.04513	0.52830	0.08407	0.10620	0.02301	0.01327	0.00354	0.00531	0.02035	0.01239	0.01062
3	0.02908	0.53679	0.12454	0.02098	0.03156	0.04206	0.02226	0.03396	0.02299	0.02771	0.01626	0.01882	0.01442	0.00977	0.00769	0.00256	0.01266	0.00633	0.00481	0.01474
4	0.02126	0.02001	0.03376	0.57739	0.07752	0.02501	0.03126	0.02876	0.02251	0.02876	0.02001	0.03001	0.01500	0.01125	0.01125	0.00375	0.01500	0.01000	0.00500	0.01250
5	0.01388	0.01014	0.01307	0.01506	0.01625	0.00932	0.01026	0.01626	0.02299	0.03049	0.11249	0.49427	0.12740	0.03334	0.01414	0.00439	0.00632	0.02998	0.01063	0.00932
6	0.02401	0.16357	0.45332	0.02964	0.04494	0.02964	0.03733	0.03527	0.02359	0.03390	0.01933	0.02268	0.01429	0.01049	0.01003	0.00334	0.01576	0.00788	0.00476	0.01622
7	0.02126	0.02001	0.03376	0.57739	0.07752	0.02501	0.03126	0.02876	0.02251	0.02876	0.02001	0.03001	0.01500	0.01125	0.01125	0.00375	0.01500	0.01000	0.00500	0.01250
8	0.03679	0.02445	0.03230	0.03790	0.21046	0.07576	0.02279	0.04196	0.02975	0.23915	0.09833	0.03882	0.03339	0.01350	0.01140	0.00338	0.01149	0.01165	0.00986	0.01689
9	0.09542	0.01935	0.02218	0.01843	0.02424	0.01984	0.01472	0.16189	0.03660	0.12874	0.26173	0.05441	0.06028	0.01769	0.01178	0.00348	0.00830	0.01467	0.01176	0.01449
10	0.02560	0.02110	0.03528	0.03473	0.13752	0.02052	0.12563	0.03495	0.08224	0.09111	0.20687	0.05100	0.05189	0.01549	0.01243	0.00358	0.01090	0.01486	0.00950	0.01480

[dist]
# distance from previous block
# <min> <max>
0	11

[block]
# block no. 2 follows, 11 sequences, length 37
# corresponding to MSA columns:
# 1066-1102
name=unknown_C
#
# <colnr> <probs for GDERKNQSTAVLIFYWHMCP>
#	G	D	E	R	K	N	Q	S	T	A	V	L	I	F	Y	W	H	M	C	P
0	0.02449	0.02042	0.02097	0.01846	0.02325	0.06041	0.01431	0.11896	0.10379	0.04711	0.27110	0.06526	0.12593	0.01990	0.01239	0.00353	0.00840	0.01672	0.01128	0.01332
1	0.01910	0.01528	0.02468	0.02382	0.02767	0.01491	0.08503	0.02491	0.02665	0.03527	0.10548	0.10852	0.06250	0.02713	0.01498	0.00481	0.01104	0.34725	0.00992	0.01108
2	0.02870	0.28034	0.28998	0.02552	0.03842	0.03262	0.02971	0.03694	0.02432	0.08714	0.02098	0.02301	0.01582	0.01061	0.00934	0.00308	0.01398	0.00770	0.00578	0.01601
3	0.03854	0.26876	0.04319	0.02242	0.03164	0.03654	0.01990	0.24985	0.03791	0.11246	0.02454	0.02476	0.01831	0.01197	0.00960	0.00299	0.01188	0.00859	0.00894	0.01721
4	0.01744	0.01246	0.01734	0.01993	0.02222	0.01235	0.01692	0.02211	0.02522	0.03290	0.05998	0.20110	0.06630	0.03175	0.01536	0.00509	0.00976	0.39123	0.01038	0.01017
5	0.01608	0.01206	0.01809	0.01809	0.02010	0.01407	0.01407	0.02010	0.01809	0.02613	0.03015	0.04422	0.02814	0.08441	0.55984	0.01809	0.03015	0.01206	0.00603	0.01005
6	0.68395	0.02177	0.01654	0.01480	0.02177	0.02525	0.01219	0.03309	0.01915	0.05050	0.01567	0.01828	0.01219	0.01045	0.00697	0.00348	0.00871	0.00609	0.00697	0.01219
7	0.02222	0.08450	0.03651	0.51651	0.07221	0.02714	0.02995	0.02930	0.02255	0.02851	0.01953	0.02870	0.01494	0.01108	0.01081	0.00360	0.01468	0.00957	0.00498	0.01271
8	0.03229	0.01477	0.01992	0.01748	0.02253	0.01310	0.01348	0.03616	0.02905	0.28476	0.15535	0.21007	0.05848	0.02209	0.01263	0.00381	0.00776	0.01928	0.01259	0.01439
9	0.03192	0.24562	0.16870	0.02789	0.03810	0.20841	0.06452	0.03807	0.02637	0.02984	0.01791	0.02119	0.01463	0.01052	0.00953	0.00296	0.01644	0.00758	0.00520	0.01458
10	0.02334	0.02001	0.02334	0.01667	0.02667	0.01500	0.01334	0.02834	0.02334	0.03668	0.02001	0.02334	0.01667	0.00834	0.00834	0.00167	0.00834	0.00667	0.00667	0.67325
11	0.02975	0.02735	0.04417	0.06360	0.47081	0.02778	0.03287	0.09325	0.02909	0.04111	0.02191	0.02775	0.01800	0.01047	0.01116	0.00335	0.01325	0.01004	0.00629	0.01800
12	0.02334	0.02001	0.02334	0.01667	0.02667	0.01500	0.01334	0.02834	0.02334	0.03668	0.02001	0.02334	0.01667	0.00834	0.00834	0.00167	0.00834	0.00667	0.00667	0.67325
13	0.03096	0.02249	0.06796	0.12305	0.09183	0.02048	0.02220	0.07202	0.06081	0.18180	0.03821	0.15106	0.03301	0.01731	0.01188	0.00376	0.01101	0.01505	0.00965	0.01547
14	0.16608	0.02054	0.02268	0.01749	0.02630	0.01851	0.01413	0.03740	0.06478	0.14494	0.02628	0.02693	0.01952	0.01050	0.00893	0.00260	0.00872	0.00801	0.00863	0.34704
15	0.02334	0.02001	0.02334	0.01667	0.02667	0.01500	0.01334	0.02834	0.02334	0.03668	0.02001	0.02334	0.01667	0.00834	0.00834	0.00167	0.00834	0.00667	0.00667	0.67325
16	0.03741	0.07675	0.07609	0.07235	0.07612	0.12141	0.02343	0.13818	0.07793	0.14751	0.02825	0.02893	0.02036	0.01245	0.01073	0.00333	0.01348	0.00963	0.00891	0.01676
17	0.01622	0.01149	0.01523	0.01523	0.01625	0.01252	0.01050	0.01826	0.01724	0.02401	0.03276	0.05870	0.03443	0.34022	0.31263	0.01456	0.02069	0.01418	0.00642	0.00846
18	0.03517	0.32288	0.04578	0.02231	0.03141	0.03918	0.02002	0.22747	0.07581	0.04658	0.02284	0.02374	0.01803	0.01170	0.00924	0.00293	0.01192	0.00827	0.00803	0.01667
19	0.08932	0.01868	0.02286	0.01906	0.02564	0.01811	0.01519	0.08077	0.07565	0.29021	0.10451	0.11291	0.04235	0.01760	0.01161	0.00365	0.00875	0.01471	0.01229	0.01612
20	0.02420	0.18299	0.38614	0.07911	0.04676	0.03030	0.03546	0.03456	0.02344	0.03289	0.01913	0.02301	0.01437	0.01050	0.00994	0.00331	0.01542	0.00794	0.00479	0.01575
21	0.02618	0.28249	0.28451	0.02875	0.04183	0.03401	0.08977	0.03490	0.02375	0.03192	0.01865	0.02225	0.01469	0.01010	0.00959	0.00312	0.01504	0.00800	0.00490	0.01555
22	0.01898	0.01548	0.02382	0.14740	0.09838	0.01642	0.02123	0.02408	0.02407	0.03180	0.04665	0.20708	0.05027	0.02509	0.01376	0.00449	0.01083	0.20008	0.00860	0.01148
23	0.08661	0.02717	0.13529	0.21143	0.08639	0.02201	0.02687	0.03361	0.02416	0.11612	0.02904	0.10085	0.02445	0.01445	0.01114	0.00372	0.01268	0.01230	0.00732	0.01440
24	0.03623	0.02319	0.03172	0.12299	0.16321	0.06229	0.02332	0.04165	0.02892	0.24590	0.07687	0.03712	0.02939	0.01316	0.01135	0.00345	0.01186	0.01129	0.00960	0.01648
25	0.01814	0.01296	0.01814	0.02073	0.02332	0.01296	0.01814	0.02332	0.02591	0.03368	0.05959	0.12696	0.06478	0.03109	0.01555	0.00518	0.01036	0.45848	0.01036	0.01036
26	0.02441	0.02707	0.10113	0.36672	0.15788	0.02627	0.03241	0.06816	0.02569	0.03454	0.02081	0.02856	0.01578	0.01113	0.01116	0.00362	0.01469	0.00980	0.00558	0.01458
27	0.03245	0.02697	0.15328	0.06597	0.03454	0.01791	0.02229	0.03878	0.02733	0.25362	0.04718	0.10387	0.09226	0.01709	0.01174	0.00368	0.01095	0.01430	0.01010	0.01568
28	0.03929	0.02309	0.06916	0.13804	0.04061	0.02054	0.02178	0.04848	0.09069	0.33127	0.03754	0.03588	0.02491	0.01328	0.01127	0.00359	0.01119	0.01098	0.01101	0.01739
29	0.02905	0.10444	0.28281	0.02954	0.04217	0.02714	0.08951	0.04162	0.08763	0.11708	0.02715	0.02862	0.01936	0.01152	0.01084	0.00349	0.01432	0.00974	0.00720	0.01676
30	0.02128	0.04721	0.41333	0.09926	0.04826	0.02384	0.03632	0.03223	0.02332	0.03389	0.02549	0.09738	0.02200	0.01389	0.01123	0.00372	0.01514	0.01154	0.00551	0.01516
31	0.03711	0.02644	0.09802	0.08631	0.04050	0.02204	0.08210	0.04797	0.10661	0.27807	0.03615	0.03514	0.02440	0.01288	0.01150	0.00362	0.01215	0.01127	0.01035	0.01739
32	0.08158	0.07771	0.16177	0.20584	0.04837	0.02432	0.02715	0.03515	0.02499	0.12148	0.06417	0.03222	0.02403	0.01231	0.01060	0.00351	0.01295	0.00998	0.00721	0.01468
33	0.02040	0.02244	0.09321	0.03786	0.21224	0.01809	0.02388	0.02575	0.02367	0.03295	0.04144	0.27861	0.04516	0.02251	0.01280	0.00404	0.01063	0.05301	0.00792	0.01339
34	0.02840	0.01610	0.02501	0.02152	0.02669	0.01467	0.07469	0.03289	0.02753	0.20373	0.11012	0.22201	0.05458	0.02285	0.01320	0.00404	0.00939	0.06776	0.01124	0.01357
35	0.03868	0.02235	0.03505	0.14972	0.08316	0.02217	0.08212	0.08050	0.03052	0.28840	0.03312	0.03377	0.02220	0.01244	0.01154	0.00356	0.01248	0.01108	0.01007	0.01709
36	0.03829	0.01901	0.02964	0.07385	0.03484	0.01753	0.07738	0.04317	0.02873	0.34023	0.04253	0.13501	0.03352	0.01688	0.01210	0.00374	0.01073	0.01509	0.01145	0.01628

[dist]
# distance from previous block
# <min> <max>
3	40

[block]
# block no. 3 follows, 11 sequences, length 8
# corresponding to MSA columns:
# 1143-1150
name=unknown_D
#
# <colnr> <probs for GDERKNQSTAVLIFYWHMCP>
#	G	D	E	R	K	N	Q	S	T	A	V	L	I	F	Y	W	H	M	C	P
0	0.21890	0.02918	0.07786	0.02112	0.02917	0.08559	0.01857	0.08930	0.08336	0.15350	0.02855	0.02861	0.02041	0.01240	0.00967	0.00339	0.01122	0.00905	0.05467	0.01548
1	0.16400	0.09496	0.09008	0.02316	0.03183	0.13809	0.02069	0.10337	0.06229	0.13185	0.02519	0.02562	0.01834	0.01198	0.00973	0.00327	0.01304	0.00849	0.00836	0.01566
2	0.02525	0.05985	0.02554	0.02501	0.10569	0.01692	0.01636	0.02953	0.02649	0.12448	0.12709	0.16824	0.08579	0.01961	0.01178	0.00343	0.00854	0.01715	0.00972	0.09355
3	0.04113	0.02265	0.07450	0.02130	0.02969	0.01856	0.01879	0.04960	0.08819	0.37415	0.04062	0.03806	0.02739	0.02195	0.07481	0.00522	0.01255	0.01129	0.01184	0.01770
4	0.01795	0.01072	0.01562	0.01562	0.01633	0.01143	0.01097	0.01679	0.01608	0.02215	0.02512	0.04222	0.02502	0.11889	0.22949	0.36463	0.01717	0.01133	0.00551	0.00695
5	0.08369	0.12973	0.03608	0.11600	0.03863	0.02444	0.07378	0.03861	0.02608	0.21027	0.03209	0.08887	0.02561	0.01412	0.01076	0.00348	0.01165	0.01209	0.00889	0.01512
6	0.03321	0.09668	0.20677	0.02765	0.03910	0.02699	0.07444	0.08693	0.08825	0.16396	0.02969	0.02994	0.02081	0.01208	0.01090	0.00346	0.01332	0.01003	0.00854	0.01726
7	0.01405	0.01107	0.01268	0.01304	0.01586	0.00970	0.00949	0.01732	0.02629	0.03371	0.20590	0.21146	0.32218	0.02864	0.01353	0.00391	0.00579	0.02475	0.01094	0.00970

[dist]
# distance from previous block
# <min> <max>
0	2

[block]
# block no. 4 follows, 11 sequences, length 11
# corresponding to MSA columns:
# 1153-1163
name=unknown_E
#
# <colnr> <probs for GDERKNQSTAVLIFYWHMCP>
#	G	D	E	R	K	N	Q	S	T	A	V	L	I	F	Y	W	H	M	C	P
0	0.02360	0.09709	0.22402	0.10253	0.10582	0.02653	0.03027	0.03152	0.02292	0.03279	0.02188	0.06028	0.01890	0.01272	0.01298	0.00342	0.06920	0.00995	0.00548	0.08809
1	0.01889	0.01217	0.01516	0.01425	0.01768	0.01085	0.01073	0.02315	0.02934	0.09504	0.32479	0.13331	0.20287	0.02456	0.01317	0.00370	0.00600	0.02131	0.01188	0.01114
2	0.02640	0.10308	0.12636	0.02019	0.03128	0.02102	0.01968	0.03269	0.02412	0.07873	0.02158	0.02403	0.01690	0.00943	0.00889	0.00228	0.01048	0.00730	0.00670	0.40888
3	0.09787	0.10998	0.21395	0.02825	0.08098	0.02676	0.02692	0.03257	0.02259	0.03564	0.01864	0.02279	0.01497	0.01081	0.01188	0.00310	0.06756	0.00772	0.00552	0.16152
4	0.26414	0.02709	0.03050	0.02437	0.03199	0.10822	0.11275	0.03914	0.02563	0.13755	0.02485	0.02710	0.01810	0.01135	0.00969	0.00337	0.01251	0.00916	0.06838	0.01412
5	0.01461	0.01044	0.01409	0.01670	0.01774	0.00992	0.01201	0.01722	0.02243	0.02974	0.06154	0.50173	0.07248	0.03442	0.01461	0.00469	0.00731	0.11851	0.01043	0.00939
6	0.55257	0.02377	0.02007	0.01707	0.02446	0.02723	0.01408	0.12808	0.02607	0.05469	0.01800	0.02007	0.01361	0.01108	0.00785	0.00346	0.00946	0.00692	0.00785	0.01361
7	0.01811	0.01711	0.06692	0.01800	0.02150	0.01381	0.01463	0.06953	0.02728	0.03737	0.15442	0.37171	0.06964	0.02798	0.01345	0.00413	0.00786	0.02491	0.01040	0.01123
8	0.02542	0.32469	0.23786	0.02346	0.03485	0.03321	0.02661	0.03284	0.02436	0.03235	0.08325	0.02870	0.02616	0.01175	0.00931	0.00299	0.01291	0.00873	0.00576	0.01478
9	0.10930	0.06589	0.01924	0.01496	0.01948	0.01741	0.01183	0.03202	0.06938	0.09357	0.08493	0.11127	0.03920	0.01654	0.00974	0.00325	0.00724	0.01353	0.24874	0.01248
10	0.16517	0.11798	0.11891	0.02692	0.03722	0.02821	0.11814	0.08348	0.02773	0.13744	0.02442	0.02625	0.01752	0.01113	0.01013	0.00339	0.01307	0.00929	0.00779	0.01584

[dist]
# distance from previous block
# <min> <max>
0	3

[block]
# block no. 5 follows, 11 sequences, length 23
# corresponding to MSA columns:
# 1167-1189
name=unknown_F
#
# <colnr> <probs for GDERKNQSTAVLIFYWHMCP>
#	G	D	E	R	K	N	Q	S	T	A	V	L	I	F	Y	W	H	M	C	P
0	0.13284	0.02261	0.02904	0.29279	0.05228	0.02690	0.02389	0.09130	0.13981	0.04147	0.02612	0.03055	0.01953	0.01232	0.01060	0.00368	0.01226	0.01002	0.00755	0.01446
1	0.01562	0.01181	0.01664	0.01714	0.01930	0.01283	0.01328	0.01937	0.02017	0.02764	0.04759	0.11837	0.10528	0.06695	0.38035	0.01359	0.02259	0.05410	0.00748	0.00991
2	0.02786	0.02674	0.04568	0.06908	0.53424	0.02674	0.03454	0.03454	0.02563	0.03677	0.02117	0.02786	0.01783	0.01003	0.01114	0.00334	0.01337	0.01003	0.00557	0.01783
3	0.01955	0.00978	0.01466	0.01466	0.01466	0.00978	0.00978	0.01466	0.01466	0.01955	0.01955	0.03421	0.01955	0.03910	0.04399	0.67253	0.00978	0.00978	0.00489	0.00489
4	0.02217	0.02093	0.03540	0.50734	0.14047	0.02525	0.03171	0.02955	0.02294	0.02986	0.02017	0.02971	0.01539	0.01108	0.01124	0.00369	0.01478	0.01001	0.00508	0.01324
5	0.02657	0.03036	0.06641	0.04744	0.05882	0.02846	0.49336	0.03605	0.02657	0.03605	0.02277	0.03036	0.01708	0.00949	0.01328	0.00380	0.01898	0.01328	0.00569	0.01518
6	0.03783	0.03728	0.03045	0.02608	0.03308	0.22430	0.02039	0.19325	0.19127	0.04753	0.02946	0.02931	0.02226	0.01337	0.01091	0.00334	0.01417	0.00990	0.00933	0.01649
7	0.02507	0.02796	0.06019	0.04373	0.05386	0.02621	0.43700	0.03367	0.02598	0.03520	0.02735	0.09651	0.02377	0.01250	0.01341	0.00389	0.01752	0.01547	0.00625	0.01448
8	0.03366	0.02699	0.02864	0.02405	0.03143	0.03064	0.01919	0.22721	0.33727	0.05622	0.03861	0.03626	0.02853	0.01460	0.01138	0.00365	0.01024	0.01173	0.01138	0.01832
9	0.02076	0.01858	0.02561	0.02295	0.02342	0.02437	0.01812	0.02302	0.01724	0.02567	0.02306	0.04034	0.02383	0.16781	0.16320	0.00935	0.32469	0.01185	0.00561	0.01054
10	0.01593	0.01150	0.01504	0.01416	0.01681	0.01062	0.01062	0.02124	0.03186	0.04513	0.52830	0.08407	0.10620	0.02301	0.01327	0.00354	0.00531	0.02035	0.01239	0.01062
11	0.02257	0.05822	0.54613	0.03208	0.04871	0.02614	0.04158	0.03564	0.02376	0.03564	0.02020	0.02376	0.01426	0.01069	0.01069	0.00356	0.01663	0.00832	0.00475	0.01663
12	0.01512	0.01129	0.01405	0.01375	0.01642	0.01021	0.01016	0.01953	0.02937	0.04014	0.38737	0.14791	0.19208	0.02557	0.01341	0.00371	0.00553	0.02241	0.01176	0.01021
13	0.01633	0.01105	0.01295	0.01295	0.01319	0.01128	0.00767	0.01680	0.01657	0.02233	0.03484	0.07022	0.03943	0.54375	0.11594	0.01175	0.01316	0.01586	0.00673	0.00720
14	0.01651	0.01139	0.01452	0.01374	0.01639	0.01061	0.01031	0.02181	0.03092	0.04477	0.47204	0.07926	0.09735	0.02188	0.01266	0.00344	0.00530	0.01923	0.08729	0.01061
15	0.02450	0.02215	0.03388	0.16456	0.11437	0.02166	0.07600	0.06489	0.02594	0.03663	0.02463	0.07595	0.02162	0.01212	0.01075	0.00303	0.01204	0.01115	0.00667	0.23747
16	0.01420	0.01017	0.01350	0.01534	0.01643	0.00947	0.01049	0.01690	0.02381	0.03234	0.16448	0.48438	0.08142	0.03257	0.01413	0.00434	0.00626	0.02944	0.01087	0.00947
17	0.02498	0.16374	0.03200	0.01730	0.02721	0.02218	0.01478	0.02964	0.02322	0.03420	0.01895	0.02205	0.01613	0.00865	0.00806	0.00185	0.00924	0.00651	0.00622	0.51308
18	0.11572	0.02431	0.09085	0.16273	0.04115	0.02104	0.02174	0.03391	0.06537	0.08437	0.02839	0.08784	0.02398	0.01363	0.01038	0.00335	0.01113	0.01128	0.00754	0.14130
19	0.52973	0.02066	0.01760	0.01602	0.02225	0.02397	0.01298	0.03383	0.06590	0.04682	0.02052	0.02411	0.01649	0.02110	0.08359	0.00553	0.01168	0.00755	0.00726	0.01243
20	0.02614	0.01730	0.01985	0.01769	0.02293	0.01750	0.01361	0.03972	0.18958	0.11072	0.09853	0.11486	0.04392	0.01739	0.01104	0.00339	0.00756	0.01481	0.12967	0.08376
21	0.11824	0.02419	0.07885	0.02339	0.06262	0.02039	0.01921	0.07005	0.06343	0.10014	0.07753	0.04421	0.03275	0.01458	0.01069	0.00332	0.01005	0.06226	0.00894	0.15516
22	0.25234	0.02247	0.02696	0.06891	0.10140	0.02505	0.01960	0.08808	0.02693	0.10875	0.07025	0.03100	0.02519	0.01341	0.01269	0.00363	0.07062	0.00983	0.00830	0.01457

[dist]
# distance from previous block
# <min> <max>
12	60

[block]
# block no. 6 follows, 11 sequences, length 34
# corresponding to MSA columns:
# 1280-1297,1314-1329
name=unknown_G
#
# <colnr> <probs for GDERKNQSTAVLIFYWHMCP>
#	G	D	E	R	K	N	Q	S	T	A	V	L	I	F	Y	W	H	M	C	P
0	0.01634	0.08288	0.01877	0.01429	0.01767	0.01401	0.01100	0.01995	0.02659	0.03478	0.23729	0.19979	0.21463	0.02583	0.01281	0.00372	0.00651	0.02230	0.01046	0.01041
1	0.09451	0.09974	0.07318	0.06578	0.03719	0.06804	0.05889	0.13001	0.03017	0.11758	0.02350	0.02628	0.01750	0.01289	0.01408	0.00355	0.09438	0.00931	0.00786	0.01557
2	0.60540	0.02236	0.02003	0.02130	0.08312	0.02543	0.01487	0.03326	0.01993	0.04886	0.01633	0.01943	0.01286	0.01040	0.00747	0.00347	0.00927	0.00657	0.00680	0.01286
3	0.02596	0.15822	0.15527	0.14088	0.10330	0.07038	0.02805	0.03530	0.06910	0.03239	0.02429	0.06468	0.02083	0.01266	0.01039	0.00337	0.01382	0.01030	0.00600	0.01480
4	0.01371	0.00979	0.01306	0.01567	0.01632	0.00914	0.01045	0.01567	0.02155	0.02873	0.06203	0.59710	0.07444	0.03526	0.01437	0.00457	0.00653	0.03200	0.01045	0.00914
5	0.01923	0.01514	0.02016	0.01891	0.02006	0.01820	0.01412	0.02310	0.05564	0.02611	0.02865	0.04748	0.02868	0.21186	0.21230	0.07227	0.13934	0.01268	0.00634	0.00973
6	0.03472	0.02281	0.03712	0.20393	0.10917	0.02341	0.09141	0.07321	0.02908	0.21597	0.02970	0.03253	0.02050	0.01197	0.01155	0.00359	0.01326	0.01095	0.00878	0.01636
7	0.11583	0.10173	0.18384	0.02170	0.03247	0.02316	0.02269	0.03541	0.02490	0.11671	0.06230	0.02922	0.02379	0.01150	0.00958	0.00300	0.01128	0.00880	0.00749	0.15460
8	0.01389	0.01143	0.01222	0.01202	0.01557	0.00975	0.00902	0.01730	0.02705	0.03373	0.20745	0.10285	0.43416	0.02727	0.01330	0.00374	0.00561	0.02299	0.01089	0.00975
9	0.02585	0.02433	0.04105	0.06149	0.46062	0.02424	0.03112	0.03186	0.02505	0.03563	0.02698	0.10877	0.02588	0.01362	0.01160	0.00352	0.01240	0.01315	0.00626	0.01659
10	0.04000	0.01762	0.02307	0.01804	0.02569	0.01510	0.01464	0.04463	0.03018	0.36829	0.09821	0.04197	0.03573	0.01415	0.01084	0.00316	0.00852	0.01167	0.06810	0.11037
11	0.02372	0.15055	0.38718	0.10733	0.04930	0.02923	0.03617	0.03432	0.02343	0.03305	0.01937	0.02364	0.01440	0.01058	0.01016	0.00339	0.01559	0.00815	0.00480	0.01566
12	0.11310	0.03075	0.18912	0.02581	0.03497	0.02040	0.08990	0.03274	0.02416	0.10851	0.03469	0.18034	0.03253	0.01756	0.01164	0.00385	0.01218	0.01553	0.00803	0.01418
13	0.04279	0.03153	0.03378	0.02590	0.03490	0.03490	0.02139	0.49671	0.05292	0.07093	0.02702	0.02702	0.01914	0.01351	0.01126	0.00338	0.01239	0.01013	0.01126	0.01914
14	0.02800	0.02418	0.02545	0.02291	0.02927	0.02800	0.01782	0.05981	0.51390	0.04708	0.04581	0.04199	0.03436	0.01527	0.01145	0.00382	0.00891	0.01273	0.01145	0.01782
15	0.01955	0.00978	0.01466	0.01466	0.01466	0.00978	0.00978	0.01466	0.01466	0.01955	0.01955	0.03421	0.01955	0.03910	0.04399	0.67253	0.00978	0.00978	0.00489	0.00489
16	0.01553	0.01136	0.01447	0.01436	0.01630	0.01120	0.01027	0.01879	0.02373	0.03246	0.21519	0.11316	0.13214	0.16558	0.14695	0.00856	0.01231	0.01892	0.00932	0.00940
17	0.01427	0.01122	0.01289	0.01293	0.01591	0.00984	0.00953	0.01786	0.02727	0.03532	0.25146	0.16515	0.32128	0.02749	0.01343	0.00381	0.00568	0.02367	0.01113	0.00984
18	0.11569	0.02038	0.03337	0.02568	0.03301	0.01932	0.16240	0.03427	0.02814	0.14839	0.16896	0.05048	0.07942	0.01557	0.01202	0.00362	0.01096	0.01455	0.00977	0.01400
19	0.03009	0.61122	0.05898	0.01926	0.02889	0.04454	0.01926	0.03370	0.02287	0.02648	0.01565	0.01805	0.01444	0.00963	0.00722	0.00241	0.01204	0.00602	0.00481	0.01444
20	0.46600	0.07688	0.02428	0.01836	0.02569	0.09211	0.01516	0.09648	0.02550	0.04844	0.01739	0.01967	0.01359	0.01093	0.00794	0.00331	0.01087	0.00677	0.00722	0.01341
21	0.01598	0.01169	0.01512	0.01478	0.01754	0.01083	0.01143	0.02105	0.03049	0.04225	0.42759	0.09203	0.13961	0.02459	0.01358	0.00378	0.00602	0.07919	0.01194	0.01048
22	0.01401	0.01002	0.01333	0.01547	0.01639	0.00934	0.01047	0.01642	0.02293	0.03092	0.12431	0.52858	0.07868	0.03363	0.01422	0.00443	0.00637	0.03044	0.01071	0.00934
23	0.02340	0.04972	0.40933	0.03377	0.04734	0.02763	0.09952	0.03448	0.02321	0.03448	0.01977	0.02477	0.01471	0.01181	0.01477	0.00379	0.09757	0.00920	0.00490	0.01583
24	0.01522	0.01145	0.01429	0.01517	0.01773	0.01052	0.01170	0.01910	0.02659	0.03489	0.20569	0.20635	0.21279	0.02896	0.01402	0.00420	0.00683	0.12360	0.01097	0.00993
25	0.02785	0.02126	0.02485	0.09437	0.03260	0.02358	0.01784	0.17086	0.14520	0.05057	0.14522	0.04555	0.04295	0.01572	0.01135	0.00347	0.00949	0.01307	0.08922	0.01498
26	0.01528	0.01092	0.01486	0.01747	0.01881	0.01049	0.01318	0.01838	0.02310	0.03049	0.06117	0.43031	0.07101	0.03378	0.01478	0.00479	0.00789	0.18330	0.01042	0.00958
27	0.01371	0.00979	0.01306	0.01567	0.01632	0.00914	0.01045	0.01567	0.02155	0.02873	0.06203	0.59710	0.07444	0.03526	0.01437	0.00457	0.00653	0.03200	0.01045	0.00914
28	0.02786	0.02674	0.04568	0.06908	0.53424	0.02674	0.03454	0.03454	0.02563	0.03677	0.02117	0.02786	0.01783	0.01003	0.01114	0.00334	0.01337	0.01003	0.00557	0.01783
29	0.02259	0.02088	0.03466	0.36156	0.20285	0.02383	0.02929	0.02896	0.02268	0.03026	0.02220	0.03461	0.01893	0.08191	0.01673	0.00449	0.01404	0.01077	0.00539	0.01338
30	0.02853	0.02879	0.02354	0.02162	0.02484	0.21329	0.01672	0.03226	0.02469	0.03188	0.02493	0.03140	0.02108	0.02387	0.09229	0.00533	0.11651	0.00943	0.21735	0.01167
31	0.02126	0.02001	0.03376	0.57739	0.07752	0.02501	0.03126	0.02876	0.02251	0.02876	0.02001	0.03001	0.01500	0.01125	0.01125	0.00375	0.01500	0.01000	0.00500	0.01250
32	0.02219	0.02096	0.03545	0.50514	0.14244	0.02525	0.03172	0.02958	0.02295	0.02990	0.02017	0.02970	0.01541	0.01108	0.01124	0.00369	0.01477	0.01001	0.00508	0.01326
33	0.68395	0.02177	0.01654	0.01480	0.02177	0.02525	0.01219	0.03309	0.01915	0.05050	0.01567	0.01828	0.01219	0.01045	0.00697	0.00348	0.00871	0.00609	0.00697	0.01219

[dist]
# distance from previous block
# <min> <max>
3	4

[block]
# block no. 7 follows, 11 sequences, length 19
# corresponding to MSA columns:
# 1335-1353
name=unknown_H
#
# <colnr> <probs for GDERKNQSTAVLIFYWHMCP>
#	G	D	E	R	K	N	Q	S	T	A	V	L	I	F	Y	W	H	M	C	P
0	0.10331	0.28632	0.04123	0.02211	0.03008	0.20775	0.01898	0.04026	0.02675	0.10055	0.02020	0.02161	0.01609	0.01095	0.00872	0.00283	0.01407	0.00716	0.00662	0.01441
1	0.68395	0.02177	0.01654	0.01480	0.02177	0.02525	0.01219	0.03309	0.01915	0.05050	0.01567	0.01828	0.01219	0.01045	0.00697	0.00348	0.00871	0.00609	0.00697	0.01219
2	0.07913	0.02704	0.11985	0.02808	0.11314	0.02232	0.02174	0.08377	0.09568	0.04436	0.02962	0.03277	0.02272	0.01228	0.00973	0.00323	0.01025	0.00994	0.21942	0.01493
3	0.03276	0.09897	0.03185	0.02372	0.03096	0.08687	0.01914	0.14517	0.30985	0.04749	0.03536	0.03378	0.02677	0.01385	0.01077	0.00346	0.01119	0.01082	0.01003	0.01719
4	0.04204	0.05364	0.03190	0.02900	0.03480	0.55926	0.02175	0.04494	0.03190	0.02755	0.01740	0.02030	0.01450	0.01160	0.01015	0.00290	0.02030	0.00725	0.00580	0.01305
5	0.04958	0.02063	0.02704	0.02073	0.02947	0.01874	0.01712	0.10769	0.03469	0.48570	0.04233	0.03696	0.02682	0.01388	0.01131	0.00347	0.00991	0.01118	0.01361	0.01915
6	0.02827	0.37550	0.10076	0.02250	0.03111	0.03837	0.02197	0.03791	0.11248	0.03129	0.02156	0.02383	0.01812	0.01198	0.01191	0.00309	0.08032	0.00795	0.00604	0.01504
7	0.02800	0.02418	0.02545	0.02291	0.02927	0.02800	0.01782	0.05981	0.51390	0.04708	0.04581	0.04199	0.03436	0.01527	0.01145	0.00382	0.00891	0.01273	0.01145	0.01782
8	0.01701	0.01090	0.01400	0.01400	0.01441	0.01131	0.00896	0.01675	0.01634	0.02220	0.03085	0.05889	0.03357	0.37276	0.15733	0.15882	0.01460	0.01403	0.00623	0.00705
9	0.01955	0.00978	0.01466	0.01466	0.01466	0.00978	0.00978	0.01466	0.01466	0.01955	0.01955	0.03421	0.01955	0.03910	0.04399	0.67253	0.00978	0.00978	0.00489	0.00489
10	0.01953	0.01673	0.02553	0.30222	0.04860	0.01915	0.02139	0.02467	0.02056	0.02775	0.02492	0.04037	0.02266	0.13782	0.12698	0.00770	0.01649	0.01126	0.00572	0.07994
11	0.04199	0.02981	0.03427	0.02983	0.08643	0.03225	0.02229	0.40500	0.04803	0.11369	0.02812	0.02822	0.01986	0.01319	0.01125	0.00338	0.01221	0.01024	0.01093	0.01901
12	0.01487	0.01069	0.01410	0.01488	0.01658	0.00992	0.01054	0.01859	0.02695	0.03732	0.30617	0.32848	0.09107	0.02885	0.01379	0.00403	0.00589	0.02590	0.01146	0.00992
13	0.01744	0.01241	0.01525	0.01526	0.01766	0.01228	0.01125	0.02422	0.07460	0.03886	0.26377	0.16779	0.07609	0.08319	0.01742	0.00454	0.00685	0.05558	0.07489	0.01065
14	0.03135	0.02374	0.03485	0.14169	0.08548	0.02517	0.08724	0.17278	0.03351	0.09770	0.03041	0.08583	0.02487	0.01433	0.01160	0.00358	0.01255	0.01281	0.05493	0.01556
15	0.24528	0.15119	0.08592	0.06603	0.03374	0.08298	0.02057	0.08167	0.06743	0.04168	0.02033	0.02282	0.01589	0.01119	0.00887	0.00325	0.01224	0.00770	0.00682	0.01438
16	0.04090	0.15624	0.08628	0.02136	0.03085	0.02490	0.01982	0.04864	0.07611	0.32693	0.03564	0.03265	0.02410	0.01277	0.01035	0.00328	0.01078	0.00996	0.01071	0.01771
17	0.27080	0.02326	0.07666	0.02359	0.07535	0.02084	0.01876	0.03481	0.02397	0.13684	0.06139	0.03835	0.02762	0.02092	0.06583	0.00509	0.01222	0.04120	0.00843	0.01407
18	0.09712	0.02272	0.06790	0.08626	0.03295	0.02038	0.01849	0.07252	0.07415	0.12683	0.03271	0.09161	0.02792	0.07190	0.01518	0.00413	0.01055	0.01235	0.00884	0.10550

[dist]
# distance from previous block
# <min> <max>
1	23

[block]
# block no. 8 follows, 11 sequences, length 13
# corresponding to MSA columns:
# 1379-1391
name=unknown_I
#
# <colnr> <probs for GDERKNQSTAVLIFYWHMCP>
#	G	D	E	R	K	N	Q	S	T	A	V	L	I	F	Y	W	H	M	C	P
0	0.03068	0.01659	0.02130	0.01743	0.02416	0.01386	0.01363	0.03485	0.02730	0.22564	0.09745	0.15408	0.04326	0.01769	0.01127	0.00317	0.00808	0.01523	0.01084	0.21350
1	0.07770	0.01707	0.02172	0.02346	0.08182	0.01658	0.01546	0.07497	0.02632	0.08419	0.04338	0.30641	0.04605	0.02296	0.01209	0.00378	0.00861	0.02022	0.00957	0.08764
2	0.02699	0.03138	0.14678	0.03390	0.14534	0.02415	0.02592	0.11728	0.07025	0.04263	0.02851	0.09169	0.02486	0.01381	0.01097	0.00329	0.01190	0.01179	0.00765	0.13090
3	0.02949	0.02984	0.12305	0.02698	0.03471	0.02639	0.05890	0.11933	0.02812	0.09284	0.02396	0.02871	0.01868	0.02110	0.07481	0.00517	0.15066	0.00992	0.00740	0.08994
4	0.02775	0.01882	0.02251	0.01674	0.02575	0.01467	0.01343	0.03236	0.02544	0.13987	0.03605	0.03639	0.07917	0.01185	0.00953	0.00229	0.00828	0.00963	0.00861	0.46085
5	0.02334	0.02001	0.02334	0.01667	0.02667	0.01500	0.01334	0.02834	0.02334	0.03668	0.02001	0.02334	0.01667	0.00834	0.00834	0.00167	0.00834	0.00667	0.00667	0.67325
6	0.02829	0.02845	0.08755	0.02646	0.07582	0.07840	0.02098	0.08652	0.06642	0.08076	0.09144	0.04533	0.10218	0.01610	0.01351	0.00346	0.05922	0.01264	0.00873	0.06774
7	0.07916	0.03949	0.28658	0.13303	0.04701	0.02476	0.03136	0.07258	0.02615	0.07679	0.02332	0.02715	0.01667	0.01142	0.01040	0.00351	0.01401	0.00899	0.05219	0.01545
8	0.01608	0.01206	0.01809	0.01809	0.02010	0.01407	0.01407	0.02010	0.01809	0.02613	0.03015	0.04422	0.02814	0.08441	0.55984	0.01809	0.03015	0.01206	0.00603	0.01005
9	0.01614	0.01181	0.01682	0.01682	0.01839	0.01338	0.01248	0.01928	0.01771	0.02519	0.03131	0.05066	0.03094	0.19827	0.44981	0.01652	0.02594	0.01300	0.00620	0.00934
10	0.03258	0.13787	0.15425	0.02753	0.03791	0.03207	0.07449	0.22736	0.03546	0.04767	0.02248	0.02561	0.01704	0.01371	0.01311	0.05392	0.01377	0.00931	0.00761	0.01626
11	0.03223	0.02247	0.02526	0.02157	0.02795	0.02428	0.01701	0.16157	0.22428	0.12249	0.09330	0.10072	0.04134	0.01756	0.01188	0.00371	0.00926	0.01470	0.01175	0.01667
12	0.02349	0.08522	0.23674	0.08306	0.04123	0.02454	0.02789	0.03165	0.02289	0.03380	0.01930	0.02387	0.01519	0.01061	0.01179	0.00297	0.05895	0.00788	0.00543	0.23352

[dist]
# distance from previous block
# <min> <max>
4	85

# created by:
# /st0/software/busco_prod/Augustus/scripts/msa2prfl.pl ./align_prep/8100.fa
