[name]
unknown

[dist]
# distance from previous block
# <min> <max>
0	85

[block]
# block no. 0 follows, 14 sequences, length 61
# corresponding to MSA columns:
# 133-193
name=unknown_A
#
# <colnr> <probs for GDERKNQSTAVLIFYWHMCP>
#	G	D	E	R	K	N	Q	S	T	A	V	L	I	F	Y	W	H	M	C	P
0	0.02292	0.01938	0.11013	0.06622	0.02704	0.01406	0.01704	0.02828	0.02542	0.16274	0.21246	0.16060	0.05410	0.01848	0.01134	0.00342	0.00837	0.01611	0.00961	0.01228
1	0.01754	0.01218	0.01485	0.01466	0.01773	0.01137	0.01068	0.02315	0.07989	0.07613	0.12389	0.32416	0.13160	0.02435	0.01189	0.00358	0.00629	0.02149	0.00984	0.06473
2	0.19131	0.01399	0.01524	0.01403	0.01789	0.01400	0.01056	0.02647	0.02130	0.14544	0.08155	0.11480	0.08121	0.15907	0.01968	0.00493	0.00796	0.04116	0.00879	0.01060
3	0.02937	0.03294	0.21713	0.02607	0.03622	0.02329	0.09246	0.16874	0.03109	0.13019	0.08380	0.03135	0.02561	0.01198	0.01055	0.00322	0.01227	0.01025	0.00812	0.01537
4	0.01583	0.01943	0.12331	0.01861	0.02367	0.01326	0.05793	0.02144	0.02473	0.03455	0.27414	0.19536	0.09513	0.02082	0.01190	0.00349	0.00806	0.01868	0.00898	0.01066
5	0.34702	0.01833	0.01765	0.01513	0.02134	0.01948	0.01225	0.06523	0.06697	0.15374	0.03923	0.03794	0.12018	0.01377	0.00882	0.00325	0.00782	0.01025	0.00882	0.01278
6	0.08096	0.21238	0.28534	0.02320	0.03454	0.02865	0.02622	0.08775	0.02458	0.07956	0.01939	0.02120	0.01439	0.00997	0.00869	0.00292	0.01247	0.00723	0.00583	0.01472
7	0.52965	0.02492	0.10759	0.01653	0.02447	0.02230	0.01584	0.03267	0.01941	0.10136	0.01776	0.01943	0.01295	0.00990	0.00732	0.00319	0.00918	0.00639	0.00671	0.01244
8	0.01246	0.00908	0.01175	0.01388	0.01478	0.00837	0.00935	0.01433	0.02004	0.02636	0.06149	0.57712	0.12022	0.03151	0.01300	0.00409	0.00588	0.02839	0.00953	0.00837
9	0.02058	0.05308	0.58618	0.02925	0.04442	0.02383	0.03792	0.03250	0.02167	0.03250	0.01842	0.02167	0.01300	0.00975	0.00975	0.00325	0.01517	0.00758	0.00433	0.01517
10	0.33054	0.02040	0.02043	0.01719	0.02398	0.02215	0.01396	0.08102	0.14179	0.18964	0.02813	0.02692	0.01987	0.01156	0.00862	0.00324	0.00845	0.00845	0.00925	0.01443
11	0.23194	0.02201	0.02024	0.01589	0.02376	0.07914	0.01267	0.02877	0.02096	0.03636	0.01679	0.01959	0.01375	0.00850	0.00740	0.00214	0.00887	0.00598	0.00608	0.41916
12	0.01262	0.01042	0.01107	0.01091	0.01416	0.00887	0.00818	0.01567	0.02454	0.03046	0.19896	0.09425	0.47446	0.02497	0.01212	0.00342	0.00513	0.02103	0.00989	0.00887
13	0.02422	0.02768	0.06055	0.04325	0.05363	0.02595	0.53806	0.03287	0.02422	0.03287	0.02076	0.02768	0.01557	0.00865	0.01211	0.00346	0.01730	0.01211	0.00519	0.01384
14	0.14801	0.01251	0.01447	0.01439	0.01734	0.01236	0.01046	0.02331	0.02139	0.11657	0.09794	0.32886	0.05167	0.06623	0.01405	0.00414	0.00691	0.01978	0.00938	0.01025
15	0.01752	0.01102	0.01309	0.01260	0.01537	0.00986	0.00904	0.02008	0.02298	0.10021	0.15600	0.16237	0.24015	0.14016	0.01961	0.00472	0.00661	0.01953	0.00962	0.00947
16	0.01466	0.01100	0.01649	0.01649	0.01833	0.01283	0.01283	0.01833	0.01649	0.02382	0.02749	0.04032	0.02566	0.07697	0.59868	0.01649	0.02749	0.01100	0.00550	0.00916
17	0.01250	0.00893	0.01191	0.01429	0.01488	0.00834	0.00953	0.01429	0.01965	0.02620	0.05656	0.63265	0.06787	0.03215	0.01310	0.00417	0.00595	0.02917	0.00953	0.00834
18	0.30190	0.01575	0.01527	0.01448	0.01865	0.01698	0.01110	0.07622	0.02311	0.04019	0.09962	0.21226	0.08019	0.01905	0.00985	0.00349	0.00714	0.01562	0.00851	0.01060
19	0.02795	0.02273	0.02402	0.02057	0.02681	0.02555	0.01629	0.18815	0.35733	0.04750	0.04339	0.04071	0.08355	0.01472	0.01057	0.00337	0.00872	0.01198	0.01030	0.01580
20	0.01250	0.00893	0.01191	0.01429	0.01488	0.00834	0.00953	0.01429	0.01965	0.02620	0.05656	0.63265	0.06787	0.03215	0.01310	0.00417	0.00595	0.02917	0.00953	0.00834
21	0.01303	0.00930	0.01251	0.01489	0.01571	0.00879	0.01043	0.01519	0.02016	0.02678	0.05627	0.56569	0.06673	0.03166	0.01324	0.00424	0.00641	0.09098	0.00952	0.00848
22	0.36500	0.01977	0.01957	0.01649	0.02292	0.02128	0.01336	0.12625	0.02599	0.16733	0.02657	0.08823	0.02155	0.01317	0.00868	0.00326	0.00852	0.00983	0.00883	0.01339
23	0.01378	0.01013	0.01087	0.01087	0.01229	0.00942	0.00686	0.01484	0.01839	0.02310	0.06167	0.08010	0.25597	0.38813	0.03581	0.00729	0.00800	0.01768	0.00757	0.00722
24	0.01265	0.00905	0.01204	0.01419	0.01492	0.00844	0.00954	0.01467	0.02035	0.02731	0.09472	0.59132	0.07003	0.03132	0.01302	0.00410	0.00587	0.02838	0.00966	0.00844
25	0.34664	0.01774	0.01743	0.01501	0.02054	0.01907	0.01208	0.08816	0.02589	0.10518	0.18942	0.03805	0.03980	0.01372	0.00901	0.00318	0.00746	0.01051	0.00902	0.01210
26	0.12825	0.01226	0.01389	0.01288	0.01565	0.01220	0.00936	0.02176	0.02369	0.06787	0.31629	0.06226	0.06413	0.17279	0.02108	0.00489	0.00684	0.01509	0.00932	0.00950
27	0.43838	0.02008	0.01941	0.01602	0.02305	0.02156	0.01321	0.09093	0.02436	0.21025	0.02332	0.02305	0.01611	0.01079	0.00797	0.00317	0.00854	0.00739	0.00869	0.01371
28	0.26636	0.01825	0.02093	0.01668	0.02410	0.01771	0.01377	0.04344	0.02543	0.40494	0.03182	0.02889	0.02067	0.01165	0.00901	0.00318	0.00847	0.00874	0.01060	0.01536
29	0.01476	0.01059	0.01443	0.01443	0.01555	0.01171	0.01026	0.01700	0.01588	0.02230	0.02937	0.05075	0.03018	0.29551	0.38633	0.01395	0.02067	0.01252	0.00578	0.00802
30	0.01235	0.00953	0.01129	0.01269	0.01447	0.00847	0.00882	0.01447	0.02118	0.02682	0.07597	0.41398	0.27401	0.02963	0.01270	0.00388	0.00564	0.02610	0.00953	0.00847
31	0.01435	0.01048	0.01348	0.01273	0.01523	0.00961	0.00955	0.01903	0.02864	0.04018	0.53629	0.07825	0.13107	0.02134	0.01211	0.00324	0.00487	0.01878	0.01117	0.00961
32	0.01452	0.01049	0.01372	0.01291	0.01533	0.00968	0.00968	0.01937	0.02905	0.04115	0.56992	0.07666	0.09683	0.02098	0.01210	0.00323	0.00484	0.01856	0.01130	0.00968
33	0.01938	0.01824	0.03078	0.61468	0.07068	0.02280	0.02850	0.02622	0.02052	0.02622	0.01824	0.02736	0.01368	0.01026	0.01026	0.00342	0.01368	0.00912	0.00456	0.01140
34	0.02422	0.02768	0.06055	0.04325	0.05363	0.02595	0.53806	0.03287	0.02422	0.03287	0.02076	0.02768	0.01557	0.00865	0.01211	0.00346	0.01730	0.01211	0.00519	0.01384
35	0.01452	0.01049	0.01372	0.01291	0.01533	0.00968	0.00968	0.01937	0.02905	0.04115	0.56992	0.07666	0.09683	0.02098	0.01210	0.00323	0.00484	0.01856	0.01130	0.00968
36	0.01276	0.00904	0.01183	0.01396	0.01449	0.00851	0.00917	0.01436	0.01914	0.02552	0.05396	0.57205	0.06460	0.09722	0.01729	0.00479	0.00638	0.02765	0.00917	0.00811
37	0.01583	0.01114	0.01204	0.01140	0.01525	0.00941	0.00869	0.01874	0.02443	0.08642	0.13199	0.09048	0.47914	0.02424	0.01194	0.00342	0.00554	0.02025	0.00999	0.00965
38	0.01938	0.01824	0.03078	0.61468	0.07068	0.02280	0.02850	0.02622	0.02052	0.02622	0.01824	0.02736	0.01368	0.01026	0.01026	0.00342	0.01368	0.00912	0.00456	0.01140
39	0.01938	0.01824	0.03078	0.61468	0.07068	0.02280	0.02850	0.02622	0.02052	0.02622	0.01824	0.02736	0.01368	0.01026	0.01026	0.00342	0.01368	0.00912	0.00456	0.01140
40	0.02058	0.05308	0.58618	0.02925	0.04442	0.02383	0.03792	0.03250	0.02167	0.03250	0.01842	0.02167	0.01300	0.00975	0.00975	0.00325	0.01517	0.00758	0.00433	0.01517
41	0.01250	0.00893	0.01191	0.01429	0.01488	0.00834	0.00953	0.01429	0.01965	0.02620	0.05656	0.63265	0.06787	0.03215	0.01310	0.00417	0.00595	0.02917	0.00953	0.00834
42	0.02533	0.46311	0.21770	0.02116	0.03190	0.03544	0.02383	0.03127	0.02110	0.02672	0.01554	0.01806	0.01312	0.00908	0.00756	0.00252	0.01227	0.00613	0.00437	0.01378
43	0.02291	0.25433	0.40533	0.02528	0.03828	0.02953	0.03100	0.03190	0.02139	0.02966	0.01701	0.01990	0.01306	0.00942	0.00867	0.00289	0.01374	0.00687	0.00435	0.01449
44	0.14736	0.02219	0.03322	0.02493	0.03330	0.02166	0.15497	0.11198	0.02874	0.27473	0.02870	0.02856	0.01932	0.01105	0.01015	0.00324	0.01126	0.00987	0.00931	0.01546
45	0.04604	0.01746	0.02382	0.01826	0.02620	0.01508	0.01508	0.05001	0.02937	0.58244	0.04049	0.03493	0.02540	0.01270	0.01032	0.00318	0.00873	0.01032	0.01270	0.01746
46	0.02540	0.02438	0.04165	0.06299	0.57533	0.02438	0.03149	0.03149	0.02337	0.03353	0.01930	0.02540	0.01626	0.00914	0.01016	0.00305	0.01219	0.00914	0.00508	0.01626
47	0.13470	0.01936	0.03004	0.03422	0.21185	0.01926	0.08508	0.02887	0.02464	0.07205	0.18953	0.04065	0.04071	0.01301	0.01040	0.00318	0.00967	0.01191	0.00769	0.01316
48	0.01537	0.01131	0.01444	0.01607	0.01769	0.01140	0.01202	0.02078	0.07793	0.02870	0.05178	0.35382	0.05811	0.09221	0.01721	0.00486	0.00766	0.17009	0.00926	0.00930
49	0.71184	0.01985	0.01508	0.01350	0.01985	0.02302	0.01111	0.03017	0.01746	0.04604	0.01429	0.01667	0.01111	0.00953	0.00635	0.00318	0.00794	0.00556	0.00635	0.01111
50	0.02130	0.11471	0.53080	0.02803	0.04254	0.02558	0.03580	0.03232	0.02158	0.03163	0.01798	0.02112	0.01302	0.00965	0.00942	0.00314	0.01473	0.00737	0.00434	0.01496
51	0.01938	0.01824	0.03078	0.61468	0.07068	0.02280	0.02850	0.02622	0.02052	0.02622	0.01824	0.02736	0.01368	0.01026	0.01026	0.00342	0.01368	0.00912	0.00456	0.01140
52	0.01269	0.01042	0.01117	0.01098	0.01420	0.00890	0.00824	0.01581	0.02471	0.03086	0.21279	0.09360	0.46038	0.02482	0.01212	0.00341	0.00511	0.02093	0.00994	0.00890
53	0.01938	0.01824	0.03078	0.61468	0.07068	0.02280	0.02850	0.02622	0.02052	0.02622	0.01824	0.02736	0.01368	0.01026	0.01026	0.00342	0.01368	0.00912	0.00456	0.01140
54	0.03484	0.02165	0.02473	0.02047	0.02741	0.02307	0.01642	0.13762	0.28919	0.22997	0.03835	0.03477	0.02690	0.01323	0.01037	0.00331	0.00888	0.01076	0.01118	0.01687
55	0.61719	0.02393	0.01705	0.01531	0.02152	0.10384	0.01234	0.03169	0.01910	0.04310	0.01451	0.01693	0.01141	0.00967	0.00676	0.00310	0.00942	0.00570	0.00620	0.01122
56	0.02828	0.17475	0.25213	0.02671	0.03688	0.22258	0.05868	0.03503	0.02417	0.02826	0.01682	0.01987	0.01327	0.00976	0.00906	0.00284	0.01555	0.00709	0.00472	0.01355
57	0.11530	0.01771	0.02291	0.01776	0.02554	0.01591	0.01467	0.04795	0.02813	0.52665	0.03776	0.03303	0.02392	0.01237	0.00991	0.00318	0.00865	0.00982	0.01204	0.01680
58	0.03138	0.02495	0.02650	0.02207	0.02891	0.02826	0.01766	0.26565	0.33614	0.05236	0.03434	0.03237	0.02531	0.01323	0.01037	0.00331	0.00950	0.01058	0.01037	0.01677
59	0.10403	0.01756	0.01947	0.01593	0.02179	0.01790	0.01289	0.15489	0.02980	0.20989	0.03151	0.03178	0.02236	0.01201	0.00877	0.00287	0.00785	0.00930	0.25541	0.01398
60	0.02132	0.11657	0.52912	0.02800	0.04248	0.02563	0.03573	0.03231	0.02158	0.03160	0.01797	0.02111	0.01302	0.00965	0.00941	0.00314	0.01472	0.00736	0.00434	0.01495

[dist]
# distance from previous block
# <min> <max>
0	29

[block]
# block no. 1 follows, 14 sequences, length 118
# corresponding to MSA columns:
# 223-340
name=unknown_B
#
# <colnr> <probs for GDERKNQSTAVLIFYWHMCP>
#	G	D	E	R	K	N	Q	S	T	A	V	L	I	F	Y	W	H	M	C	P
0	0.02638	0.55426	0.13579	0.01936	0.02912	0.03802	0.02070	0.03100	0.02098	0.02543	0.01491	0.01726	0.01314	0.00893	0.00707	0.00236	0.01162	0.00581	0.00438	0.01348
1	0.01499	0.01082	0.01560	0.01560	0.01734	0.01238	0.01193	0.01846	0.01673	0.02454	0.02828	0.04221	0.02658	0.11506	0.51575	0.01501	0.02457	0.01119	0.05400	0.00897
2	0.01460	0.01009	0.01257	0.01283	0.01334	0.01048	0.00820	0.01569	0.01582	0.02154	0.03378	0.12206	0.03778	0.43559	0.18183	0.01092	0.01381	0.01551	0.00640	0.00717
3	0.02058	0.05308	0.58618	0.02925	0.04442	0.02383	0.03792	0.03250	0.02167	0.03250	0.01842	0.02167	0.01300	0.00975	0.00975	0.00325	0.01517	0.00758	0.00433	0.01517
4	0.01400	0.01000	0.01363	0.01600	0.01726	0.00963	0.01213	0.01688	0.02113	0.02788	0.05573	0.44032	0.06459	0.03074	0.01350	0.00437	0.00725	0.20669	0.00950	0.00875
5	0.71184	0.01985	0.01508	0.01350	0.01985	0.02302	0.01111	0.03017	0.01746	0.04604	0.01429	0.01667	0.01111	0.00953	0.00635	0.00318	0.00794	0.00556	0.00635	0.01111
6	0.02364	0.01728	0.02007	0.01689	0.02147	0.01792	0.01334	0.21350	0.03619	0.04990	0.36703	0.05730	0.06729	0.01776	0.01142	0.00317	0.00724	0.01509	0.01091	0.01257
7	0.01240	0.01041	0.01078	0.01068	0.01403	0.00878	0.00801	0.01526	0.02404	0.02926	0.15729	0.09623	0.51688	0.02542	0.01213	0.00344	0.00516	0.02130	0.00973	0.00878
8	0.01345	0.00961	0.01300	0.01537	0.01638	0.00915	0.01117	0.01593	0.02058	0.02726	0.05604	0.51109	0.06580	0.03126	0.01335	0.00430	0.00678	0.14138	0.00951	0.00860
9	0.01661	0.01306	0.01547	0.01637	0.01860	0.01375	0.01164	0.02697	0.18889	0.03147	0.05190	0.44538	0.05636	0.02641	0.01226	0.00395	0.00664	0.02364	0.00981	0.01083
10	0.01938	0.01824	0.03078	0.61468	0.07068	0.02280	0.02850	0.02622	0.02052	0.02622	0.01824	0.02736	0.01368	0.01026	0.01026	0.00342	0.01368	0.00912	0.00456	0.01140
11	0.02540	0.02438	0.04165	0.06299	0.57533	0.02438	0.03149	0.03149	0.02337	0.03353	0.01930	0.02540	0.01626	0.00914	0.01016	0.00305	0.01219	0.00914	0.00508	0.01626
12	0.02498	0.02395	0.04089	0.10168	0.53994	0.02427	0.03128	0.03112	0.02317	0.03301	0.01923	0.02554	0.01607	0.00922	0.01017	0.00307	0.01230	0.00914	0.00504	0.01591
13	0.01326	0.00951	0.01258	0.01378	0.01505	0.00884	0.00958	0.01618	0.02315	0.03176	0.24757	0.42577	0.07865	0.02799	0.01273	0.00382	0.00554	0.02522	0.01018	0.00884
14	0.01476	0.01059	0.01445	0.01445	0.01558	0.01172	0.01029	0.01702	0.01589	0.02231	0.02935	0.05063	0.03014	0.29318	0.38859	0.01398	0.02074	0.01251	0.00577	0.00803
15	0.02553	0.02204	0.02320	0.02088	0.02669	0.02553	0.01624	0.05453	0.55679	0.04293	0.04177	0.03829	0.03133	0.01392	0.01044	0.00348	0.00812	0.01160	0.01044	0.01624
16	0.02422	0.02768	0.06055	0.04325	0.05363	0.02595	0.53806	0.03287	0.02422	0.03287	0.02076	0.02768	0.01557	0.00865	0.01211	0.00346	0.01730	0.01211	0.00519	0.01384
17	0.04528	0.01869	0.02457	0.01884	0.02681	0.01690	0.01556	0.10340	0.03142	0.52616	0.03876	0.03381	0.02454	0.01266	0.01031	0.00316	0.00901	0.01020	0.01244	0.01746
18	0.01978	0.01647	0.01801	0.01657	0.02095	0.01771	0.01273	0.03674	0.30198	0.03952	0.20724	0.06093	0.15287	0.01827	0.01125	0.00340	0.00661	0.01554	0.01052	0.01290
19	0.02316	0.02210	0.03761	0.26827	0.38756	0.02379	0.03038	0.02953	0.02231	0.03081	0.01891	0.02613	0.01530	0.00956	0.01020	0.00319	0.01275	0.00913	0.00489	0.01445
20	0.03833	0.04891	0.02908	0.02644	0.03173	0.59815	0.01983	0.04098	0.02908	0.02512	0.01586	0.01851	0.01322	0.01058	0.00925	0.00264	0.01851	0.00661	0.00529	0.01190
21	0.01250	0.00893	0.01191	0.01429	0.01488	0.00834	0.00953	0.01429	0.01965	0.02620	0.05656	0.63265	0.06787	0.03215	0.01310	0.00417	0.00595	0.02917	0.00953	0.00834
22	0.02166	0.04265	0.38686	0.07962	0.08968	0.02426	0.14575	0.03202	0.02227	0.03218	0.01898	0.02370	0.01387	0.00950	0.01034	0.00329	0.01529	0.00881	0.00460	0.01467
23	0.02519	0.01980	0.03222	0.04541	0.36835	0.01934	0.02408	0.02998	0.02331	0.10695	0.03097	0.16952	0.02965	0.01504	0.01087	0.00333	0.01025	0.01402	0.00717	0.01456
24	0.04604	0.01746	0.02382	0.01826	0.02620	0.01508	0.01508	0.05001	0.02937	0.58244	0.04049	0.03493	0.02540	0.01270	0.01032	0.00318	0.00873	0.01032	0.01270	0.01746
25	0.03219	0.02504	0.07573	0.04159	0.26412	0.02230	0.09105	0.07600	0.02706	0.20180	0.02624	0.02826	0.01880	0.01044	0.01044	0.00316	0.01194	0.00978	0.00774	0.01633
26	0.02664	0.02704	0.12097	0.13321	0.29972	0.02285	0.06901	0.03362	0.02361	0.11109	0.02217	0.02668	0.01664	0.00988	0.01029	0.00318	0.01276	0.00930	0.00599	0.01534
27	0.07104	0.02404	0.02253	0.01974	0.02458	0.17750	0.05381	0.02997	0.02672	0.09241	0.17037	0.05439	0.12007	0.01677	0.01090	0.00322	0.01066	0.05131	0.00857	0.01139
28	0.01783	0.00891	0.01337	0.01337	0.01337	0.00891	0.00891	0.01337	0.01337	0.01783	0.01783	0.03119	0.01783	0.03565	0.04011	0.70143	0.00891	0.00891	0.00446	0.00446
29	0.02528	0.35904	0.17608	0.02707	0.09200	0.03299	0.05632	0.03293	0.05678	0.02891	0.01800	0.02079	0.01481	0.00938	0.00832	0.00270	0.01230	0.00719	0.00490	0.01422
30	0.66080	0.02052	0.01627	0.01426	0.02075	0.02369	0.01175	0.06892	0.01980	0.04746	0.01507	0.01727	0.01159	0.00974	0.00665	0.00317	0.00819	0.00584	0.00665	0.01159
31	0.02514	0.26627	0.28441	0.02255	0.03414	0.02828	0.02582	0.03246	0.02191	0.07149	0.01854	0.02071	0.01425	0.00938	0.00839	0.00266	0.01230	0.00685	0.00518	0.08927
32	0.02149	0.04098	0.37141	0.03053	0.08257	0.02203	0.08653	0.03110	0.02200	0.03281	0.01870	0.02253	0.01398	0.00914	0.00960	0.00290	0.01362	0.00789	0.00484	0.15533
33	0.02741	0.04109	0.33871	0.02899	0.04129	0.02538	0.10025	0.15593	0.02897	0.08156	0.02189	0.02420	0.01535	0.01044	0.01024	0.00323	0.01405	0.00881	0.00650	0.01571
34	0.02313	0.27352	0.38808	0.02490	0.03769	0.03007	0.03034	0.03184	0.02136	0.02939	0.01687	0.01973	0.01306	0.00939	0.00857	0.00286	0.01361	0.00680	0.00435	0.01442
35	0.01250	0.00893	0.01191	0.01429	0.01488	0.00834	0.00953	0.01429	0.01965	0.02620	0.05656	0.63265	0.06787	0.03215	0.01310	0.00417	0.00595	0.02917	0.00953	0.00834
36	0.04604	0.01746	0.02382	0.01826	0.02620	0.01508	0.01508	0.05001	0.02937	0.58244	0.04049	0.03493	0.02540	0.01270	0.01032	0.00318	0.00873	0.01032	0.01270	0.01746
37	0.02275	0.02476	0.05184	0.04143	0.10504	0.02337	0.41064	0.03018	0.02350	0.03203	0.02550	0.11025	0.02281	0.01192	0.01203	0.00351	0.01519	0.01412	0.00577	0.01335
38	0.01416	0.01048	0.01321	0.01252	0.01510	0.00953	0.00939	0.01865	0.02818	0.03908	0.49814	0.08006	0.16990	0.02175	0.01211	0.00326	0.00490	0.01904	0.01102	0.00953
39	0.02160	0.02121	0.02981	0.02581	0.02601	0.02941	0.02141	0.02400	0.01580	0.02460	0.01499	0.02439	0.01480	0.02438	0.09510	0.00580	0.55609	0.00920	0.00460	0.01100
40	0.03833	0.04891	0.02908	0.02644	0.03173	0.59815	0.01983	0.04098	0.02908	0.02512	0.01586	0.01851	0.01322	0.01058	0.00925	0.00264	0.01851	0.00661	0.00529	0.01190
41	0.04604	0.01746	0.02382	0.01826	0.02620	0.01508	0.01508	0.05001	0.02937	0.58244	0.04049	0.03493	0.02540	0.01270	0.01032	0.00318	0.00873	0.01032	0.01270	0.01746
42	0.01378	0.01097	0.01720	0.01744	0.01910	0.01025	0.06698	0.01631	0.02014	0.02692	0.05267	0.56689	0.06219	0.02960	0.01299	0.00409	0.00719	0.02732	0.00905	0.00893
43	0.71184	0.01985	0.01508	0.01350	0.01985	0.02302	0.01111	0.03017	0.01746	0.04604	0.01429	0.01667	0.01111	0.00953	0.00635	0.00318	0.00794	0.00556	0.00635	0.01111
44	0.01489	0.01009	0.01191	0.01191	0.01216	0.01034	0.00712	0.01539	0.01514	0.02043	0.03168	0.06351	0.03573	0.56292	0.12649	0.01084	0.01233	0.01439	0.00612	0.00662
45	0.28530	0.01586	0.01608	0.01375	0.01935	0.01630	0.01111	0.03440	0.02247	0.21140	0.02853	0.02918	0.02037	0.01129	0.00785	0.00293	0.00719	0.00831	0.22573	0.01261
46	0.01554	0.01211	0.01744	0.01695	0.01835	0.01448	0.01303	0.01858	0.01621	0.02341	0.02659	0.04182	0.02583	0.14270	0.46716	0.01435	0.08971	0.01128	0.00548	0.00901
47	0.02020	0.01290	0.01506	0.01416	0.01606	0.01300	0.00950	0.08966	0.02172	0.07308	0.03737	0.18549	0.04048	0.36654	0.03431	0.00716	0.00914	0.01697	0.00804	0.00914
48	0.03594	0.04455	0.07691	0.02749	0.03441	0.42135	0.06016	0.11673	0.03107	0.03239	0.01779	0.02040	0.01403	0.01063	0.00966	0.00282	0.01703	0.00751	0.00597	0.01316
49	0.01871	0.01448	0.01797	0.01898	0.02215	0.01542	0.01569	0.03018	0.17832	0.03377	0.05092	0.14941	0.05195	0.02456	0.01297	0.00430	0.00868	0.31048	0.00975	0.01131
50	0.02641	0.36278	0.22164	0.02328	0.03416	0.03223	0.06334	0.03290	0.02201	0.06939	0.01805	0.02036	0.01422	0.00937	0.00829	0.00270	0.01262	0.00702	0.00506	0.01418
51	0.02442	0.02387	0.04217	0.13897	0.44715	0.02433	0.08614	0.03090	0.02306	0.03242	0.01931	0.02592	0.01582	0.00925	0.01039	0.00315	0.01296	0.00946	0.00502	0.01531
52	0.01952	0.01622	0.01710	0.01623	0.01940	0.05795	0.01213	0.05472	0.12548	0.03369	0.15682	0.13625	0.12014	0.02679	0.06225	0.08037	0.00934	0.01609	0.00892	0.01059
53	0.02572	0.32138	0.28231	0.02329	0.03478	0.03237	0.02660	0.08698	0.02418	0.03218	0.01719	0.01961	0.01356	0.00959	0.00836	0.00275	0.01283	0.00680	0.00500	0.01450
54	0.02486	0.20459	0.12210	0.02665	0.08947	0.02565	0.06048	0.06316	0.02422	0.06595	0.02828	0.08437	0.02665	0.01453	0.01013	0.00324	0.01147	0.09411	0.00667	0.01341
55	0.04509	0.01900	0.02476	0.01899	0.02696	0.01736	0.01568	0.11675	0.03194	0.51208	0.03833	0.03353	0.02432	0.01265	0.01031	0.00316	0.00908	0.01017	0.01237	0.01746
56	0.01619	0.01107	0.01246	0.01191	0.01550	0.00949	0.00900	0.01921	0.02459	0.08988	0.16171	0.12908	0.40419	0.02428	0.01200	0.00345	0.00559	0.02054	0.01013	0.00974
57	0.08300	0.06365	0.09954	0.02783	0.11540	0.02202	0.04936	0.07393	0.06733	0.20711	0.06553	0.03129	0.02490	0.01171	0.00992	0.00314	0.01049	0.00983	0.00861	0.01541
58	0.02516	0.04564	0.41536	0.02964	0.04265	0.06671	0.09822	0.03509	0.02339	0.09177	0.02092	0.02364	0.01469	0.00999	0.01008	0.00322	0.01499	0.00839	0.00543	0.01500
59	0.01478	0.01053	0.01415	0.01415	0.01517	0.01155	0.00990	0.01682	0.01580	0.02209	0.02963	0.05218	0.03081	0.32566	0.35703	0.01360	0.01973	0.01273	0.00582	0.00786
60	0.02410	0.02678	0.07953	0.22628	0.30110	0.06855	0.06567	0.03078	0.02287	0.03050	0.01874	0.02535	0.01493	0.00961	0.01023	0.00318	0.01372	0.00903	0.00489	0.01417
61	0.02234	0.02143	0.03751	0.15755	0.34563	0.02201	0.08293	0.02825	0.02241	0.03106	0.02447	0.11086	0.02291	0.01251	0.01080	0.00332	0.01215	0.01226	0.00562	0.01398
62	0.04508	0.01901	0.02477	0.01899	0.02697	0.01737	0.01569	0.11724	0.03196	0.51156	0.03832	0.03352	0.02431	0.01265	0.01031	0.00316	0.00908	0.01017	0.01237	0.01746
63	0.01651	0.01197	0.01510	0.01378	0.01667	0.01148	0.01048	0.06170	0.03061	0.04306	0.52568	0.07244	0.09039	0.02028	0.01195	0.00322	0.00536	0.01780	0.01121	0.01031
64	0.02919	0.07560	0.29290	0.02757	0.03932	0.02354	0.10783	0.07030	0.02570	0.17238	0.02448	0.02581	0.01682	0.01043	0.01010	0.00319	0.01337	0.00896	0.00696	0.01556
65	0.01250	0.00893	0.01191	0.01429	0.01488	0.00834	0.00953	0.01429	0.01965	0.02620	0.05656	0.63265	0.06787	0.03215	0.01310	0.00417	0.00595	0.02917	0.00953	0.00834
66	0.02432	0.02724	0.05765	0.04151	0.05154	0.02592	0.49752	0.03455	0.06560	0.03365	0.02239	0.02851	0.01680	0.00906	0.01198	0.00346	0.01659	0.01207	0.00560	0.01403
67	0.02314	0.01818	0.02147	0.01543	0.02446	0.01379	0.01238	0.02765	0.02189	0.07466	0.01991	0.02230	0.01597	0.00798	0.00780	0.00164	0.00768	0.00640	0.00658	0.65068
68	0.63709	0.02070	0.02003	0.01673	0.02352	0.02334	0.06840	0.03046	0.01820	0.04461	0.01499	0.01787	0.01160	0.00943	0.00698	0.00321	0.00896	0.00627	0.00622	0.01141
69	0.01466	0.01100	0.01649	0.01649	0.01833	0.01283	0.01283	0.01833	0.01649	0.02382	0.02749	0.04032	0.02566	0.07697	0.59868	0.01649	0.02749	0.01100	0.00550	0.00916
70	0.01452	0.01049	0.01372	0.01291	0.01533	0.00968	0.00968	0.01937	0.02905	0.04115	0.56992	0.07666	0.09683	0.02098	0.01210	0.00323	0.00484	0.01856	0.01130	0.00968
71	0.02553	0.02204	0.02320	0.02088	0.02669	0.02553	0.01624	0.05453	0.55679	0.04293	0.04177	0.03829	0.03133	0.01392	0.01044	0.00348	0.00812	0.01160	0.01044	0.01624
72	0.04349	0.01690	0.02300	0.01782	0.02532	0.01464	0.01464	0.04753	0.02935	0.53852	0.08344	0.03831	0.03120	0.01337	0.01046	0.00318	0.00842	0.01099	0.01259	0.01683
73	0.01783	0.00891	0.01337	0.01337	0.01337	0.00891	0.00891	0.01337	0.01337	0.01783	0.01783	0.03119	0.01783	0.03565	0.04011	0.70143	0.00891	0.00891	0.00446	0.00446
74	0.03833	0.04891	0.02908	0.02644	0.03173	0.59815	0.01983	0.04098	0.02908	0.02512	0.01586	0.01851	0.01322	0.01058	0.00925	0.00264	0.01851	0.00661	0.00529	0.01190
75	0.03833	0.04891	0.02908	0.02644	0.03173	0.59815	0.01983	0.04098	0.02908	0.02512	0.01586	0.01851	0.01322	0.01058	0.00925	0.00264	0.01851	0.00661	0.00529	0.01190
76	0.01250	0.00893	0.01191	0.01429	0.01488	0.00834	0.00953	0.01429	0.01965	0.02620	0.05656	0.63265	0.06787	0.03215	0.01310	0.00417	0.00595	0.02917	0.00953	0.00834
77	0.71184	0.01985	0.01508	0.01350	0.01985	0.02302	0.01111	0.03017	0.01746	0.04604	0.01429	0.01667	0.01111	0.00953	0.00635	0.00318	0.00794	0.00556	0.00635	0.01111
78	0.02650	0.56442	0.12666	0.01916	0.02881	0.03831	0.02035	0.03097	0.02096	0.02529	0.01483	0.01717	0.01315	0.00891	0.00702	0.00234	0.01155	0.00577	0.00438	0.01344
79	0.04604	0.01746	0.02382	0.01826	0.02620	0.01508	0.01508	0.05001	0.02937	0.58244	0.04049	0.03493	0.02540	0.01270	0.01032	0.00318	0.00873	0.01032	0.01270	0.01746
80	0.01396	0.01033	0.01501	0.01578	0.01721	0.01137	0.01176	0.01702	0.01751	0.02459	0.03690	0.23218	0.03933	0.06245	0.40900	0.01250	0.02051	0.01688	0.00680	0.00889
81	0.02058	0.05308	0.58618	0.02925	0.04442	0.02383	0.03792	0.03250	0.02167	0.03250	0.01842	0.02167	0.01300	0.00975	0.00975	0.00325	0.01517	0.00758	0.00433	0.01517
82	0.02544	0.02440	0.04231	0.13017	0.38722	0.02497	0.10823	0.06927	0.02499	0.03480	0.01979	0.02595	0.01590	0.00945	0.01048	0.00316	0.01311	0.00960	0.00542	0.01533
83	0.02571	0.02280	0.09242	0.03635	0.24440	0.01906	0.02293	0.03287	0.06375	0.13386	0.03660	0.12847	0.06575	0.01503	0.01076	0.00333	0.01012	0.01340	0.00782	0.01457
84	0.06275	0.02343	0.03894	0.12339	0.48679	0.02413	0.03002	0.03082	0.02271	0.03338	0.01890	0.02514	0.01568	0.00929	0.00996	0.00310	0.01213	0.00894	0.00509	0.01541
85	0.02488	0.16923	0.21734	0.06462	0.09824	0.10467	0.06564	0.03191	0.02297	0.02933	0.02036	0.02895	0.01740	0.01104	0.00961	0.00306	0.01400	0.04807	0.00505	0.01363
86	0.01633	0.01091	0.01714	0.01619	0.01757	0.01081	0.05233	0.01636	0.01730	0.02354	0.07082	0.16630	0.03684	0.08380	0.10255	0.30155	0.01112	0.01495	0.00639	0.00718
87	0.02566	0.06905	0.03616	0.22199	0.27521	0.02435	0.02655	0.06255	0.02412	0.06860	0.02026	0.02567	0.01584	0.00980	0.00979	0.00302	0.01201	0.00876	0.00575	0.05485
88	0.13027	0.10903	0.22153	0.02925	0.07786	0.02610	0.12024	0.06717	0.02336	0.03603	0.01820	0.02184	0.01390	0.00940	0.00921	0.00301	0.01297	0.00799	0.00539	0.05724
89	0.04604	0.01746	0.02382	0.01826	0.02620	0.01508	0.01508	0.05001	0.02937	0.58244	0.04049	0.03493	0.02540	0.01270	0.01032	0.00318	0.00873	0.01032	0.01270	0.01746
90	0.01289	0.00959	0.01208	0.01369	0.01519	0.00878	0.00970	0.01533	0.02152	0.02808	0.10822	0.43350	0.17756	0.02963	0.01289	0.00398	0.00597	0.06312	0.00966	0.00860
91	0.07311	0.09494	0.12179	0.03563	0.19289	0.02457	0.08327	0.06927	0.02544	0.11193	0.05228	0.02765	0.02082	0.01054	0.00982	0.00307	0.01187	0.00930	0.00675	0.01503
92	0.04017	0.01574	0.02071	0.01636	0.02309	0.01388	0.01336	0.04432	0.02766	0.46379	0.03896	0.03566	0.02560	0.01254	0.00963	0.00300	0.00787	0.01016	0.16176	0.01574
93	0.01466	0.01100	0.01649	0.01649	0.01833	0.01283	0.01283	0.01833	0.01649	0.02382	0.02749	0.04032	0.02566	0.07697	0.59868	0.01649	0.02749	0.01100	0.00550	0.00916
94	0.02390	0.04056	0.28947	0.07217	0.08250	0.08690	0.19252	0.03308	0.02332	0.03149	0.01892	0.02382	0.01409	0.00949	0.01050	0.00325	0.01591	0.00910	0.00477	0.01423
95	0.02135	0.04799	0.48677	0.03014	0.04409	0.02419	0.09066	0.03419	0.06212	0.03332	0.02042	0.02357	0.01466	0.00994	0.01006	0.00329	0.01487	0.00838	0.00489	0.01510
96	0.03759	0.01933	0.02379	0.01873	0.02562	0.01886	0.01527	0.18667	0.03480	0.32172	0.14354	0.04042	0.03762	0.01427	0.01067	0.00316	0.00869	0.01168	0.01171	0.01588
97	0.01250	0.00893	0.01191	0.01429	0.01488	0.00834	0.00953	0.01429	0.01965	0.02620	0.05656	0.63265	0.06787	0.03215	0.01310	0.00417	0.00595	0.02917	0.00953	0.00834
98	0.02276	0.01877	0.02302	0.01954	0.02475	0.01999	0.05310	0.10935	0.22869	0.04359	0.21509	0.05273	0.09147	0.01654	0.01122	0.00334	0.00797	0.01435	0.01023	0.01351
99	0.01727	0.01093	0.01558	0.01586	0.01790	0.01140	0.01184	0.02027	0.01907	0.08543	0.03972	0.26013	0.04134	0.05330	0.31683	0.01046	0.01744	0.01769	0.00778	0.00976
100	0.04070	0.02547	0.08751	0.02142	0.03024	0.02217	0.01919	0.22824	0.03546	0.33274	0.03227	0.02971	0.02114	0.01224	0.01024	0.00315	0.01037	0.00963	0.01090	0.01721
101	0.02128	0.01824	0.02128	0.01520	0.02432	0.01368	0.01216	0.02584	0.02128	0.03344	0.01824	0.02128	0.01520	0.00760	0.00760	0.00152	0.00760	0.00608	0.00608	0.70208
102	0.26628	0.21964	0.03236	0.02108	0.06216	0.14483	0.01655	0.03413	0.02217	0.07485	0.01693	0.01895	0.01361	0.00972	0.00757	0.00276	0.01137	0.00635	0.00592	0.01274
103	0.03833	0.04891	0.02908	0.02644	0.03173	0.59815	0.01983	0.04098	0.02908	0.02512	0.01586	0.01851	0.01322	0.01058	0.00925	0.00264	0.01851	0.00661	0.00529	0.01190
104	0.02775	0.02309	0.03515	0.13804	0.23266	0.02353	0.06359	0.12798	0.02781	0.07663	0.02159	0.02587	0.01649	0.00994	0.01001	0.00295	0.01179	0.00905	0.00666	0.10945
105	0.01546	0.01205	0.01422	0.01340	0.01653	0.01161	0.01013	0.02307	0.09994	0.03817	0.38579	0.07671	0.20170	0.02122	0.01188	0.00332	0.00538	0.01835	0.01076	0.01034
106	0.04604	0.01746	0.02382	0.01826	0.02620	0.01508	0.01508	0.05001	0.02937	0.58244	0.04049	0.03493	0.02540	0.01270	0.01032	0.00318	0.00873	0.01032	0.01270	0.01746
107	0.02628	0.02605	0.07739	0.17163	0.08591	0.02605	0.11203	0.14298	0.14859	0.04026	0.02543	0.02873	0.01893	0.01112	0.01057	0.00333	0.01254	0.01010	0.00722	0.01484
108	0.10219	0.02765	0.10818	0.02611	0.03423	0.06563	0.14377	0.07353	0.06630	0.10780	0.06916	0.03741	0.02698	0.01279	0.01062	0.00336	0.01223	0.05047	0.00777	0.01382
109	0.01938	0.01824	0.03078	0.61468	0.07068	0.02280	0.02850	0.02622	0.02052	0.02622	0.01824	0.02736	0.01368	0.01026	0.01026	0.00342	0.01368	0.00912	0.00456	0.01140
110	0.07741	0.01697	0.01929	0.01717	0.02160	0.01762	0.01321	0.18347	0.03022	0.10191	0.07934	0.25613	0.04314	0.02017	0.01099	0.00347	0.00791	0.01722	0.05023	0.01253
111	0.02396	0.23723	0.26969	0.02909	0.08129	0.02966	0.08353	0.03357	0.06267	0.03072	0.01918	0.02221	0.01500	0.00959	0.00907	0.00293	0.01326	0.00783	0.00497	0.01455
112	0.02018	0.02753	0.18368	0.02088	0.02713	0.06460	0.02037	0.06351	0.02123	0.02906	0.02430	0.03531	0.02181	0.11797	0.26603	0.00967	0.01974	0.01001	0.00559	0.01139
113	0.01638	0.00994	0.01055	0.01092	0.01349	0.00939	0.00829	0.02029	0.02209	0.03367	0.05743	0.10723	0.19064	0.01890	0.00963	0.00303	0.00537	0.05487	0.38868	0.00920
114	0.02296	0.02202	0.03736	0.27609	0.30321	0.02394	0.06337	0.03111	0.05940	0.03126	0.02054	0.02722	0.01624	0.00988	0.01035	0.00325	0.01284	0.00951	0.00526	0.01418
115	0.14857	0.02793	0.16340	0.11264	0.03583	0.02302	0.02216	0.03736	0.20338	0.03715	0.02826	0.06980	0.02283	0.01277	0.00967	0.00341	0.01056	0.01032	0.00719	0.01373
116	0.02151	0.02042	0.03463	0.41915	0.24954	0.02336	0.02956	0.02809	0.02153	0.02881	0.01862	0.02666	0.01459	0.00986	0.01022	0.00329	0.01315	0.00913	0.00474	0.01312
117	0.01744	0.01189	0.01717	0.01569	0.01874	0.01094	0.05084	0.02151	0.02520	0.07921	0.27431	0.22329	0.10135	0.02215	0.01189	0.00346	0.00645	0.01991	0.05837	0.01019

[dist]
# distance from previous block
# <min> <max>
0	8

# created by:
# /st0/software/busco_prod/Augustus/scripts/msa2prfl.pl ./align_prep/8106.fa
