[name]
unknown

[dist]
# distance from previous block
# <min> <max>
9	110

[block]
# block no. 0 follows, 9 sequences, length 34
# corresponding to MSA columns:
# 127-136,139-162
name=unknown_A
#
# <colnr> <probs for GDERKNQSTAVLIFYWHMCP>
#	G	D	E	R	K	N	Q	S	T	A	V	L	I	F	Y	W	H	M	C	P
0	0.25664	0.03329	0.13046	0.02361	0.03416	0.02742	0.02294	0.13474	0.03252	0.15558	0.02720	0.02755	0.01881	0.01276	0.01033	0.00372	0.01219	0.00920	0.00958	0.01731
1	0.03781	0.02021	0.02674	0.08314	0.03450	0.01917	0.01828	0.08559	0.03433	0.25122	0.14057	0.04788	0.04471	0.01602	0.01220	0.00354	0.01006	0.01342	0.01221	0.08840
2	0.17228	0.09010	0.03412	0.13972	0.08962	0.08328	0.02309	0.04219	0.07507	0.10290	0.02613	0.02909	0.01963	0.01240	0.01043	0.00361	0.01316	0.00948	0.00796	0.01574
3	0.16149	0.09803	0.24302	0.09733	0.04625	0.03069	0.03137	0.08694	0.02781	0.04396	0.02092	0.02487	0.01553	0.01170	0.01037	0.00367	0.01473	0.00862	0.00645	0.01627
4	0.10834	0.02865	0.09114	0.19523	0.11285	0.02652	0.02843	0.08710	0.02999	0.13748	0.02714	0.03092	0.01927	0.01253	0.01141	0.00379	0.01373	0.01029	0.00832	0.01685
5	0.01739	0.01208	0.01525	0.01525	0.01599	0.01282	0.00995	0.01886	0.01813	0.02491	0.03596	0.06794	0.03906	0.41019	0.22181	0.01430	0.01872	0.01592	0.00700	0.00847
6	0.66215	0.02327	0.01768	0.01582	0.02327	0.02699	0.01303	0.03537	0.02048	0.05398	0.01675	0.01954	0.01303	0.01117	0.00745	0.00372	0.00931	0.00651	0.00745	0.01303
7	0.02491	0.02771	0.09042	0.15120	0.21022	0.02480	0.08832	0.03304	0.02803	0.03920	0.12114	0.04268	0.03763	0.01388	0.01267	0.00380	0.01402	0.01329	0.00728	0.01578
8	0.66215	0.02327	0.01768	0.01582	0.02327	0.02699	0.01303	0.03537	0.02048	0.05398	0.01675	0.01954	0.01303	0.01117	0.00745	0.00372	0.00931	0.00651	0.00745	0.01303
9	0.02887	0.02443	0.03328	0.03933	0.17582	0.02699	0.02481	0.08277	0.13410	0.04446	0.03580	0.04858	0.03087	0.01699	0.01553	0.00408	0.07570	0.06660	0.07439	0.01662
10	0.02218	0.01966	0.03232	0.21299	0.16103	0.02237	0.02670	0.02845	0.02293	0.03170	0.02616	0.03777	0.02257	0.04396	0.22544	0.01022	0.02229	0.01161	0.00595	0.01369
11	0.02348	0.03567	0.19494	0.08852	0.14371	0.02420	0.08932	0.03241	0.02657	0.03643	0.04529	0.04876	0.12769	0.01555	0.01260	0.00387	0.01452	0.01397	0.00683	0.01567
12	0.03177	0.02531	0.03330	0.08824	0.04066	0.02604	0.06523	0.09256	0.18573	0.09061	0.03444	0.03536	0.02556	0.01312	0.01161	0.00345	0.01174	0.01138	0.00983	0.16404
13	0.01990	0.01466	0.01954	0.02175	0.02469	0.01499	0.01838	0.02791	0.07300	0.03683	0.06252	0.17778	0.06717	0.03205	0.01603	0.00531	0.01044	0.33411	0.01121	0.01173
14	0.03039	0.02477	0.03651	0.14203	0.09838	0.02585	0.07573	0.04574	0.16560	0.09647	0.03338	0.03587	0.02482	0.01289	0.01193	0.00365	0.01272	0.01169	0.00898	0.10261
15	0.01750	0.01166	0.01312	0.01312	0.01312	0.01166	0.00729	0.01750	0.01750	0.02333	0.03791	0.07873	0.04374	0.57717	0.06124	0.01166	0.01166	0.01750	0.00729	0.00729
16	0.23843	0.13675	0.03457	0.20280	0.04646	0.02999	0.02222	0.03667	0.02420	0.09515	0.02203	0.02641	0.01657	0.01173	0.00965	0.00359	0.01249	0.00862	0.00713	0.01453
17	0.03185	0.16654	0.24877	0.09766	0.04705	0.03014	0.03210	0.04083	0.02685	0.13125	0.02574	0.02809	0.01836	0.01196	0.01081	0.00354	0.01489	0.00923	0.00713	0.01721
18	0.01744	0.01174	0.01347	0.01336	0.01370	0.01163	0.00777	0.01811	0.01945	0.02628	0.09204	0.08005	0.05199	0.51183	0.05568	0.01073	0.01096	0.01800	0.00799	0.00777
19	0.01692	0.01210	0.01649	0.01887	0.02068	0.01167	0.01468	0.02086	0.02620	0.03484	0.11124	0.33378	0.07883	0.03440	0.01577	0.00505	0.00858	0.19719	0.01135	0.01050
20	0.02782	0.14447	0.09974	0.15156	0.10522	0.03260	0.13331	0.03912	0.08018	0.03619	0.02460	0.03014	0.01918	0.01152	0.01162	0.00367	0.01562	0.01084	0.00635	0.01625
21	0.03037	0.02345	0.03583	0.25914	0.14914	0.02614	0.02877	0.09227	0.02982	0.09551	0.02698	0.03395	0.02047	0.02122	0.07017	0.00556	0.01643	0.01113	0.00763	0.01603
22	0.01717	0.01225	0.01521	0.01613	0.01762	0.01214	0.01157	0.01954	0.02196	0.02875	0.05745	0.14398	0.11279	0.26945	0.09103	0.00937	0.01254	0.11286	0.00899	0.00918
23	0.03631	0.03474	0.18598	0.08212	0.04266	0.02354	0.02797	0.09070	0.03285	0.21062	0.07962	0.03857	0.03104	0.01440	0.01208	0.00378	0.01317	0.01175	0.01021	0.01792
24	0.03607	0.15461	0.04118	0.19643	0.10049	0.02887	0.02559	0.04190	0.02795	0.18967	0.02905	0.03174	0.02078	0.01242	0.01102	0.00353	0.01318	0.01016	0.00852	0.01684
25	0.59233	0.02306	0.01969	0.07396	0.02978	0.02696	0.01526	0.03486	0.02087	0.05144	0.01726	0.02091	0.01336	0.01126	0.00795	0.00375	0.01004	0.00697	0.00722	0.01307
26	0.03109	0.51420	0.12379	0.02243	0.03373	0.04496	0.02380	0.03631	0.02458	0.02962	0.01738	0.02012	0.01541	0.01045	0.00822	0.00274	0.01353	0.00676	0.00514	0.01575
27	0.16170	0.28065	0.09494	0.02249	0.03166	0.03647	0.02195	0.03794	0.02420	0.09168	0.02078	0.02340	0.01667	0.01242	0.01237	0.00340	0.07710	0.00787	0.00677	0.01552
28	0.16478	0.02824	0.02858	0.02391	0.03189	0.03207	0.01924	0.20621	0.22887	0.06056	0.03492	0.03376	0.02584	0.01457	0.01119	0.00383	0.01086	0.01113	0.01119	0.01834
29	0.02047	0.01528	0.02340	0.14804	0.09001	0.01631	0.01904	0.02345	0.02253	0.03126	0.03834	0.21336	0.04018	0.02672	0.01988	0.13589	0.01055	0.01855	0.07579	0.01095
30	0.01719	0.01289	0.01934	0.01934	0.02148	0.01504	0.01504	0.02148	0.01934	0.02793	0.03223	0.04727	0.03008	0.09024	0.52949	0.01934	0.03223	0.01289	0.00645	0.01074
31	0.01466	0.01047	0.01396	0.01675	0.01745	0.00977	0.01117	0.01675	0.02304	0.03071	0.06631	0.56931	0.07958	0.03769	0.01536	0.00489	0.00698	0.03420	0.01117	0.00977
32	0.03682	0.02927	0.03108	0.02588	0.03391	0.03314	0.02071	0.23740	0.29569	0.06144	0.04022	0.03792	0.02964	0.01550	0.01215	0.00388	0.01114	0.01240	0.01215	0.01966
33	0.04272	0.02299	0.02759	0.02285	0.03098	0.02341	0.01832	0.06111	0.24320	0.29505	0.04817	0.04279	0.03303	0.01556	0.01217	0.00389	0.00990	0.01280	0.01365	0.01981

[dist]
# distance from previous block
# <min> <max>
2	81

[block]
# block no. 1 follows, 9 sequences, length 63
# corresponding to MSA columns:
# 251-277,279-314
name=unknown_B
#
# <colnr> <probs for GDERKNQSTAVLIFYWHMCP>
#	G	D	E	R	K	N	Q	S	T	A	V	L	I	F	Y	W	H	M	C	P
0	0.11592	0.20434	0.04452	0.08272	0.04004	0.03427	0.07274	0.08192	0.08226	0.09288	0.02646	0.02859	0.02008	0.01219	0.01035	0.00346	0.01299	0.00972	0.00813	0.01644
1	0.36681	0.02915	0.08724	0.07796	0.03575	0.02710	0.02063	0.08496	0.02625	0.05033	0.01983	0.02337	0.01505	0.01143	0.00917	0.00354	0.01156	0.00786	0.00742	0.08459
2	0.04083	0.02575	0.02926	0.02416	0.03234	0.02755	0.01940	0.14411	0.25144	0.20187	0.04436	0.04035	0.03117	0.01548	0.01215	0.00387	0.01051	0.01255	0.01304	0.01979
3	0.04574	0.03370	0.03611	0.02768	0.03731	0.03731	0.02287	0.46200	0.05657	0.07583	0.02889	0.02889	0.02046	0.01444	0.01204	0.00361	0.01324	0.01083	0.01204	0.02046
4	0.04399	0.03283	0.03512	0.02733	0.03665	0.03649	0.02245	0.41798	0.10343	0.07301	0.03111	0.03066	0.02226	0.01465	0.01206	0.00366	0.01283	0.01114	0.01206	0.02030
5	0.66215	0.02327	0.01768	0.01582	0.02327	0.02699	0.01303	0.03537	0.02048	0.05398	0.01675	0.01954	0.01303	0.01117	0.00745	0.00372	0.00931	0.00651	0.00745	0.01303
6	0.01466	0.01047	0.01396	0.01675	0.01745	0.00977	0.01117	0.01675	0.02304	0.03071	0.06631	0.56931	0.07958	0.03769	0.01536	0.00489	0.00698	0.03420	0.01117	0.00977
7	0.02632	0.02632	0.03685	0.03159	0.03159	0.03685	0.02632	0.02895	0.01843	0.02895	0.01579	0.02632	0.01579	0.02106	0.03948	0.00526	0.55515	0.01053	0.00526	0.01316
8	0.02672	0.02627	0.03579	0.03080	0.03155	0.03609	0.02552	0.03282	0.06950	0.03132	0.01946	0.02838	0.01811	0.02053	0.03647	0.00513	0.49482	0.01087	0.00604	0.01381
9	0.03217	0.58441	0.06305	0.02059	0.03088	0.04761	0.02059	0.03603	0.02445	0.02831	0.01673	0.01930	0.01544	0.01029	0.00772	0.00257	0.01287	0.00643	0.00515	0.01544
10	0.01927	0.01500	0.01949	0.01839	0.01888	0.01769	0.01303	0.02080	0.01811	0.02555	0.03200	0.06063	0.03480	0.35018	0.16333	0.01208	0.12981	0.01499	0.00667	0.00930
11	0.02632	0.02632	0.03685	0.03159	0.03159	0.03685	0.02632	0.02895	0.01843	0.02895	0.01579	0.02632	0.01579	0.02106	0.03948	0.00526	0.55515	0.01053	0.00526	0.01316
12	0.03217	0.58441	0.06305	0.02059	0.03088	0.04761	0.02059	0.03603	0.02445	0.02831	0.01673	0.01930	0.01544	0.01029	0.00772	0.00257	0.01287	0.00643	0.00515	0.01544
13	0.04494	0.05734	0.03410	0.03100	0.03719	0.52886	0.02325	0.04804	0.03410	0.02945	0.01860	0.02170	0.01550	0.01240	0.01085	0.00310	0.02170	0.00775	0.00620	0.01395
14	0.01466	0.01047	0.01396	0.01675	0.01745	0.00977	0.01117	0.01675	0.02304	0.03071	0.06631	0.56931	0.07958	0.03769	0.01536	0.00489	0.00698	0.03420	0.01117	0.00977
15	0.01719	0.01289	0.01934	0.01934	0.02148	0.01504	0.01504	0.02148	0.01934	0.02793	0.03223	0.04727	0.03008	0.09024	0.52949	0.01934	0.03223	0.01289	0.00645	0.01074
16	0.02044	0.01484	0.01846	0.01663	0.02027	0.01444	0.01272	0.07488	0.03673	0.05152	0.44031	0.08263	0.10247	0.02339	0.01393	0.00376	0.00657	0.02046	0.01310	0.01243
17	0.01466	0.01047	0.01396	0.01675	0.01745	0.00977	0.01117	0.01675	0.02304	0.03071	0.06631	0.56931	0.07958	0.03769	0.01536	0.00489	0.00698	0.03420	0.01117	0.00977
18	0.02484	0.01362	0.01798	0.01784	0.02140	0.01234	0.01346	0.02844	0.02800	0.14853	0.11743	0.29546	0.11022	0.02951	0.01447	0.00447	0.00797	0.06902	0.01230	0.01270
19	0.02272	0.02138	0.03609	0.54825	0.08287	0.02673	0.03341	0.03074	0.02406	0.03074	0.02138	0.03208	0.01604	0.01203	0.01203	0.00401	0.01604	0.01069	0.00535	0.01337
20	0.66215	0.02327	0.01768	0.01582	0.02327	0.02699	0.01303	0.03537	0.02048	0.05398	0.01675	0.01954	0.01303	0.01117	0.00745	0.00372	0.00931	0.00651	0.00745	0.01303
21	0.02622	0.02752	0.09007	0.25703	0.10603	0.02660	0.02912	0.08122	0.07254	0.03848	0.02725	0.03802	0.02241	0.08592	0.01836	0.00490	0.01453	0.01167	0.00705	0.01506
22	0.02978	0.02859	0.04884	0.07385	0.50211	0.02859	0.03692	0.03692	0.02740	0.03931	0.02263	0.02978	0.01906	0.01072	0.01191	0.00357	0.01429	0.01072	0.00596	0.01906
23	0.02520	0.02323	0.03538	0.37227	0.11663	0.02769	0.03040	0.03927	0.13243	0.03632	0.02805	0.03486	0.02127	0.01290	0.01207	0.00398	0.01430	0.01138	0.00705	0.01533
24	0.01750	0.01166	0.01312	0.01312	0.01312	0.01166	0.00729	0.01750	0.01750	0.02333	0.03791	0.07873	0.04374	0.57717	0.06124	0.01166	0.01166	0.01750	0.00729	0.00729
25	0.02559	0.03735	0.20016	0.20897	0.16228	0.02791	0.03638	0.03827	0.07509	0.03732	0.02475	0.03069	0.01871	0.01200	0.01182	0.00385	0.01552	0.01041	0.00615	0.01678
26	0.01520	0.01089	0.01444	0.01638	0.01757	0.01013	0.01121	0.01811	0.02555	0.03471	0.16411	0.46013	0.08731	0.03471	0.01509	0.00464	0.00668	0.03137	0.01164	0.01013
27	0.01776	0.01207	0.01622	0.01622	0.01718	0.01304	0.01115	0.01907	0.01811	0.02511	0.03334	0.05959	0.03489	0.29483	0.26991	0.09092	0.02076	0.01459	0.00667	0.00860
28	0.04020	0.07741	0.03212	0.02154	0.03149	0.02444	0.01798	0.13875	0.03531	0.20611	0.03148	0.03073	0.02225	0.01233	0.01059	0.00293	0.01072	0.00959	0.01069	0.23334
29	0.02495	0.02138	0.02495	0.01782	0.02851	0.01604	0.01426	0.03029	0.02495	0.03921	0.02138	0.02495	0.01782	0.00891	0.00891	0.00178	0.00891	0.00713	0.00713	0.65072
30	0.03769	0.02956	0.03753	0.09041	0.04333	0.03228	0.07098	0.31543	0.04594	0.06143	0.03161	0.08901	0.02619	0.01624	0.01264	0.00385	0.01366	0.01375	0.01049	0.01798
31	0.02778	0.15602	0.14453	0.02702	0.07572	0.02544	0.02386	0.03416	0.02591	0.09121	0.03542	0.14793	0.03322	0.01757	0.01124	0.00362	0.01173	0.01470	0.07773	0.01521
32	0.03458	0.01696	0.02116	0.01827	0.02420	0.01581	0.01431	0.04223	0.08012	0.24440	0.10533	0.11743	0.09212	0.02025	0.01246	0.00382	0.00826	0.01715	0.09533	0.01582
33	0.17138	0.10274	0.20021	0.02891	0.08609	0.02734	0.02717	0.03536	0.02432	0.04147	0.02175	0.02570	0.01697	0.01117	0.00959	0.00332	0.01283	0.00832	0.06925	0.07609
34	0.02970	0.08649	0.04001	0.21235	0.16184	0.03016	0.02844	0.12545	0.03189	0.04236	0.02708	0.08051	0.02370	0.01449	0.01185	0.00374	0.01380	0.01250	0.00748	0.01617
35	0.01939	0.01385	0.01939	0.02216	0.02493	0.01385	0.01939	0.02493	0.02770	0.03601	0.06370	0.13572	0.06924	0.03324	0.01662	0.00554	0.01108	0.42113	0.01108	0.01108
36	0.01818	0.01436	0.02125	0.02067	0.02259	0.01742	0.01627	0.02230	0.01924	0.02804	0.03043	0.04498	0.02852	0.08268	0.47599	0.01780	0.08931	0.01263	0.00632	0.01101
37	0.02594	0.02183	0.02400	0.02166	0.02770	0.02362	0.01661	0.04929	0.31794	0.04623	0.09693	0.11558	0.04847	0.01913	0.01246	0.00388	0.00870	0.01640	0.01161	0.09202
38	0.03067	0.02396	0.03222	0.03202	0.09112	0.02784	0.02326	0.08386	0.08258	0.09345	0.07838	0.04924	0.03633	0.01945	0.02164	0.00444	0.18667	0.05763	0.00941	0.01581
39	0.66215	0.02327	0.01768	0.01582	0.02327	0.02699	0.01303	0.03537	0.02048	0.05398	0.01675	0.01954	0.01303	0.01117	0.00745	0.00372	0.00931	0.00651	0.00745	0.01303
40	0.03029	0.02611	0.04364	0.17868	0.25155	0.02739	0.07820	0.04068	0.07704	0.08501	0.02786	0.03341	0.02122	0.01201	0.01225	0.00381	0.01446	0.01155	0.00739	0.01747
41	0.02321	0.01629	0.01884	0.01556	0.02234	0.01319	0.01217	0.02751	0.02826	0.09852	0.12064	0.07345	0.23705	0.02074	0.01220	0.00324	0.00751	0.01728	0.01056	0.22145
42	0.02333	0.02379	0.07960	0.18647	0.04485	0.02245	0.02344	0.03744	0.13583	0.04173	0.13349	0.04851	0.04389	0.01596	0.01206	0.00381	0.01118	0.01366	0.08399	0.01452
43	0.02494	0.01867	0.02977	0.26031	0.10530	0.02059	0.02471	0.03005	0.02548	0.08007	0.08106	0.09821	0.03598	0.01985	0.01675	0.08016	0.01247	0.01459	0.00785	0.01317
44	0.01713	0.01336	0.01766	0.07786	0.02533	0.01293	0.01352	0.02255	0.03151	0.04295	0.36306	0.08830	0.18032	0.02430	0.01394	0.00387	0.00699	0.02119	0.01188	0.01135
45	0.02517	0.02247	0.03101	0.02705	0.02741	0.03039	0.02211	0.02726	0.01898	0.03006	0.01945	0.02995	0.01835	0.02261	0.03634	0.08152	0.41906	0.01061	0.08823	0.01197
46	0.03116	0.03685	0.20628	0.08021	0.04608	0.02309	0.06994	0.04016	0.02744	0.14168	0.02748	0.03005	0.01940	0.01156	0.01133	0.00337	0.01416	0.00988	0.00783	0.16206
47	0.04503	0.05476	0.03431	0.03063	0.03721	0.47520	0.02321	0.09324	0.03655	0.03451	0.01972	0.02248	0.01604	0.01262	0.01098	0.00316	0.02077	0.00809	0.00684	0.01466
48	0.66215	0.02327	0.01768	0.01582	0.02327	0.02699	0.01303	0.03537	0.02048	0.05398	0.01675	0.01954	0.01303	0.01117	0.00745	0.00372	0.00931	0.00651	0.00745	0.01303
49	0.02045	0.01792	0.02888	0.35887	0.06044	0.02120	0.02653	0.02680	0.02430	0.03142	0.03711	0.16788	0.03742	0.02063	0.01338	0.00441	0.01333	0.06936	0.00742	0.01225
50	0.01486	0.01221	0.01308	0.01286	0.01664	0.01043	0.00965	0.01851	0.02894	0.03610	0.20728	0.10987	0.40959	0.02913	0.01421	0.00400	0.00600	0.02456	0.01165	0.01043
51	0.02851	0.08970	0.02649	0.02041	0.02516	0.18438	0.01587	0.03314	0.03187	0.03947	0.22797	0.05400	0.05999	0.01767	0.01164	0.00330	0.01169	0.01413	0.09198	0.01263
52	0.01722	0.01276	0.01865	0.01865	0.02056	0.01467	0.01418	0.02104	0.01913	0.02742	0.03286	0.05075	0.03159	0.14407	0.47771	0.01849	0.02995	0.01340	0.00654	0.01036
53	0.03307	0.16406	0.19647	0.03805	0.14603	0.03250	0.03186	0.08997	0.03033	0.09244	0.02444	0.02715	0.01837	0.01175	0.01085	0.00344	0.01451	0.00934	0.00720	0.01816
54	0.37133	0.10892	0.18642	0.02249	0.03369	0.02998	0.02430	0.03635	0.02260	0.04544	0.01833	0.02143	0.01407	0.01114	0.00879	0.00360	0.01255	0.00728	0.00637	0.01490
55	0.03757	0.03120	0.10685	0.09073	0.05027	0.02608	0.16638	0.08639	0.03236	0.20054	0.03191	0.03401	0.02173	0.01254	0.01268	0.00386	0.01541	0.01208	0.00943	0.01797
56	0.43775	0.02584	0.02695	0.02218	0.03032	0.02897	0.06388	0.08973	0.08534	0.05439	0.02320	0.02536	0.01756	0.01211	0.00935	0.00379	0.01100	0.00879	0.00846	0.01504
57	0.02934	0.09898	0.13146	0.07727	0.03995	0.14159	0.02509	0.03917	0.08096	0.03529	0.03457	0.03671	0.07120	0.01393	0.01103	0.00333	0.01456	0.01068	0.00715	0.09774
58	0.02395	0.01915	0.02109	0.01926	0.02427	0.02018	0.01477	0.09096	0.17637	0.04684	0.15691	0.13005	0.16043	0.02352	0.01343	0.00405	0.00813	0.02004	0.01205	0.01453
59	0.16973	0.01848	0.02596	0.07408	0.03260	0.01938	0.06775	0.03017	0.02395	0.08920	0.03909	0.20134	0.03895	0.03016	0.07951	0.00619	0.01362	0.01799	0.00894	0.01293
60	0.11516	0.09327	0.08435	0.02259	0.03175	0.02644	0.02065	0.04144	0.06892	0.13781	0.02770	0.02901	0.02070	0.01293	0.01319	0.00336	0.07072	0.00918	0.00861	0.16222
61	0.17532	0.38442	0.05087	0.02642	0.09036	0.04044	0.02099	0.03599	0.02393	0.03558	0.01750	0.02072	0.01536	0.01055	0.00820	0.00297	0.01224	0.00701	0.00578	0.01536
62	0.50604	0.16232	0.02892	0.01700	0.02515	0.03210	0.01490	0.03553	0.02146	0.04762	0.01675	0.01948	0.01363	0.01095	0.00751	0.00344	0.01019	0.00649	0.00688	0.01363

[dist]
# distance from previous block
# <min> <max>
31	81

[block]
# block no. 2 follows, 9 sequences, length 14
# corresponding to MSA columns:
# 415-428
name=unknown_C
#
# <colnr> <probs for GDERKNQSTAVLIFYWHMCP>
#	G	D	E	R	K	N	Q	S	T	A	V	L	I	F	Y	W	H	M	C	P
0	0.02434	0.21429	0.03837	0.06977	0.03131	0.03068	0.01988	0.02812	0.02383	0.03146	0.08204	0.15405	0.04108	0.02065	0.01767	0.00396	0.13232	0.01573	0.00746	0.01300
1	0.03217	0.58441	0.06305	0.02059	0.03088	0.04761	0.02059	0.03603	0.02445	0.02831	0.01673	0.01930	0.01544	0.01029	0.00772	0.00257	0.01287	0.00643	0.00515	0.01544
2	0.03059	0.48187	0.15176	0.02328	0.03504	0.04375	0.02527	0.03643	0.02463	0.03023	0.01768	0.02050	0.01540	0.01052	0.00845	0.00282	0.01383	0.00692	0.00513	0.01590
3	0.01678	0.01205	0.01440	0.01440	0.01570	0.01216	0.00947	0.01839	0.01988	0.02621	0.05307	0.07863	0.12959	0.35560	0.16183	0.01197	0.01539	0.01797	0.00785	0.00866
4	0.03456	0.25721	0.04146	0.02083	0.02909	0.03258	0.01843	0.11995	0.03451	0.11487	0.13610	0.04099	0.04159	0.01516	0.01074	0.00323	0.01086	0.01174	0.00987	0.01622
5	0.03551	0.35466	0.14384	0.02346	0.03500	0.03700	0.02462	0.04153	0.02689	0.13899	0.02462	0.02538	0.01864	0.01155	0.00944	0.00308	0.01324	0.00819	0.00733	0.01704
6	0.02527	0.01919	0.02481	0.12420	0.03604	0.02093	0.01957	0.12649	0.03244	0.04317	0.08751	0.11668	0.04896	0.10604	0.02099	0.00547	0.01172	0.10760	0.00984	0.01307
7	0.02649	0.29044	0.21027	0.02388	0.03476	0.03371	0.02627	0.03311	0.02341	0.03073	0.02258	0.03309	0.02093	0.12201	0.01952	0.00479	0.01434	0.00946	0.00554	0.01465
8	0.24973	0.09206	0.18249	0.08350	0.04083	0.02822	0.02660	0.03861	0.02455	0.09941	0.02255	0.02541	0.01636	0.01171	0.00982	0.00367	0.01322	0.00841	0.00713	0.01572
9	0.22651	0.07817	0.08609	0.02046	0.02954	0.02540	0.01896	0.07925	0.02922	0.10031	0.09461	0.03477	0.03181	0.01363	0.01012	0.00341	0.01058	0.01022	0.00908	0.08784
10	0.03425	0.21957	0.09757	0.03217	0.12432	0.03055	0.02477	0.04029	0.02856	0.14757	0.07915	0.03503	0.03046	0.01319	0.01072	0.00332	0.01228	0.01060	0.00850	0.01715
11	0.03155	0.16710	0.15378	0.02670	0.03784	0.02779	0.07385	0.03864	0.02700	0.12791	0.03033	0.08303	0.02532	0.01408	0.01110	0.00341	0.01331	0.01191	0.00799	0.08738
12	0.02720	0.14291	0.18542	0.08533	0.04246	0.02947	0.02816	0.08521	0.02790	0.03857	0.02310	0.02865	0.01853	0.02322	0.08853	0.00568	0.01726	0.00926	0.00641	0.08672
13	0.10929	0.11076	0.08550	0.02054	0.03131	0.02378	0.01912	0.03813	0.02621	0.13021	0.02518	0.02658	0.01890	0.01083	0.00945	0.00274	0.01081	0.00811	0.00814	0.28443

[dist]
# distance from previous block
# <min> <max>
0	31

[block]
# block no. 3 follows, 9 sequences, length 18
# corresponding to MSA columns:
# 460-477
name=unknown_D
#
# <colnr> <probs for GDERKNQSTAVLIFYWHMCP>
#	G	D	E	R	K	N	Q	S	T	A	V	L	I	F	Y	W	H	M	C	P
0	0.08188	0.08534	0.03660	0.16379	0.15714	0.02866	0.02589	0.03927	0.12508	0.03890	0.03096	0.08099	0.02682	0.01474	0.01148	0.00382	0.01241	0.01266	0.00771	0.01588
1	0.15756	0.14183	0.08863	0.10020	0.09007	0.03111	0.02456	0.08261	0.02769	0.04283	0.02051	0.02472	0.01628	0.01116	0.00975	0.00326	0.01278	0.00835	0.00675	0.09935
2	0.23253	0.09174	0.12497	0.02215	0.03267	0.02587	0.02187	0.04493	0.02726	0.22363	0.02952	0.02891	0.02018	0.01256	0.01005	0.00361	0.01173	0.00912	0.00959	0.01710
3	0.03926	0.14592	0.14289	0.03091	0.09050	0.02989	0.02694	0.10293	0.03273	0.19767	0.03029	0.03030	0.02125	0.01268	0.01104	0.00348	0.01327	0.00993	0.00940	0.01872
4	0.03657	0.09565	0.13538	0.04267	0.19487	0.08541	0.03040	0.04363	0.02918	0.15164	0.02739	0.02960	0.02013	0.01202	0.01129	0.00350	0.01469	0.00990	0.00790	0.01818
5	0.18276	0.09470	0.12699	0.02168	0.03272	0.02500	0.02145	0.03926	0.02577	0.13305	0.02487	0.02622	0.01822	0.01128	0.00955	0.00312	0.01151	0.00823	0.00808	0.17554
6	0.02619	0.32013	0.09631	0.02186	0.02975	0.03481	0.02124	0.03066	0.02400	0.03024	0.03582	0.10763	0.07848	0.01771	0.01356	0.00350	0.07425	0.01314	0.00666	0.01405
7	0.02495	0.02138	0.02495	0.01782	0.02851	0.01604	0.01426	0.03029	0.02495	0.03921	0.02138	0.02495	0.01782	0.00891	0.00891	0.00178	0.00891	0.00713	0.00713	0.65072
8	0.02734	0.15716	0.03737	0.02623	0.09454	0.02533	0.01890	0.03258	0.02517	0.03661	0.02044	0.02426	0.01742	0.00949	0.00904	0.00222	0.01060	0.00746	0.00649	0.41134
9	0.04574	0.03370	0.03611	0.02768	0.03731	0.03731	0.02287	0.46200	0.05657	0.07583	0.02889	0.02889	0.02046	0.01444	0.01204	0.00361	0.01324	0.01083	0.01204	0.02046
10	0.01750	0.01166	0.01312	0.01312	0.01312	0.01166	0.00729	0.01750	0.01750	0.02333	0.03791	0.07873	0.04374	0.57717	0.06124	0.01166	0.01166	0.01750	0.00729	0.00729
11	0.04267	0.03075	0.03284	0.02552	0.03425	0.03388	0.02097	0.40497	0.05245	0.07176	0.03025	0.03098	0.02182	0.01439	0.01156	0.00350	0.01224	0.01088	0.09508	0.01925
12	0.02546	0.02378	0.03800	0.35891	0.17909	0.02763	0.03229	0.03685	0.08795	0.03556	0.02550	0.03328	0.01964	0.01230	0.01203	0.00391	0.01471	0.01110	0.00645	0.01555
13	0.01640	0.01227	0.01522	0.01448	0.01759	0.01109	0.01086	0.02149	0.03258	0.04474	0.41253	0.09564	0.19894	0.02590	0.01420	0.00385	0.00577	0.02257	0.01278	0.01109
14	0.03217	0.58441	0.06305	0.02059	0.03088	0.04761	0.02059	0.03603	0.02445	0.02831	0.01673	0.01930	0.01544	0.01029	0.00772	0.00257	0.01287	0.00643	0.00515	0.01544
15	0.02226	0.01570	0.02395	0.19394	0.04143	0.01734	0.02005	0.02705	0.02391	0.08409	0.04243	0.22658	0.04294	0.03722	0.11758	0.00738	0.01544	0.01963	0.00870	0.01236
16	0.04107	0.25621	0.04577	0.02461	0.03402	0.10395	0.02145	0.19391	0.03838	0.09689	0.02463	0.02538	0.01879	0.01256	0.01016	0.00314	0.01388	0.00880	0.00881	0.01759
17	0.02814	0.13372	0.03232	0.12472	0.03716	0.09320	0.01979	0.03217	0.02628	0.08186	0.03902	0.22191	0.04014	0.02126	0.01222	0.00388	0.01232	0.01803	0.00855	0.01333

[dist]
# distance from previous block
# <min> <max>
0	5

[block]
# block no. 4 follows, 9 sequences, length 10
# corresponding to MSA columns:
# 486-495
name=unknown_E
#
# <colnr> <probs for GDERKNQSTAVLIFYWHMCP>
#	G	D	E	R	K	N	Q	S	T	A	V	L	I	F	Y	W	H	M	C	P
0	0.02401	0.01955	0.02793	0.09016	0.13853	0.02038	0.02139	0.09463	0.02955	0.03995	0.04535	0.29981	0.04923	0.02496	0.01367	0.00428	0.01066	0.02248	0.00948	0.01401
1	0.03780	0.18633	0.04675	0.04029	0.19181	0.03412	0.02614	0.13203	0.03400	0.11998	0.02631	0.02841	0.02006	0.01208	0.01078	0.00332	0.01301	0.00975	0.00848	0.01856
2	0.02867	0.03360	0.14780	0.19559	0.16348	0.02711	0.10352	0.03779	0.02685	0.08339	0.02479	0.03105	0.01828	0.01158	0.01223	0.00385	0.01612	0.01101	0.00650	0.01679
3	0.01750	0.01166	0.01312	0.01312	0.01312	0.01166	0.00729	0.01750	0.01750	0.02333	0.03791	0.07873	0.04374	0.57717	0.06124	0.01166	0.01166	0.01750	0.00729	0.00729
4	0.02495	0.02138	0.02495	0.01782	0.02851	0.01604	0.01426	0.03029	0.02495	0.03921	0.02138	0.02495	0.01782	0.00891	0.00891	0.00178	0.00891	0.00713	0.00713	0.65072
5	0.02678	0.11362	0.04209	0.20017	0.09973	0.02888	0.07842	0.07826	0.02841	0.03717	0.02997	0.12528	0.02835	0.01622	0.01218	0.00385	0.01394	0.01464	0.00724	0.01479
6	0.01750	0.01166	0.01312	0.01312	0.01312	0.01166	0.00729	0.01750	0.01750	0.02333	0.03791	0.07873	0.04374	0.57717	0.06124	0.01166	0.01166	0.01750	0.00729	0.00729
7	0.03070	0.02481	0.03701	0.04571	0.26097	0.02238	0.02577	0.03684	0.02725	0.09410	0.02503	0.02918	0.01982	0.01049	0.01075	0.00289	0.01170	0.00947	0.00746	0.26768
8	0.39314	0.02409	0.02826	0.13545	0.04115	0.02759	0.06518	0.03758	0.06846	0.04696	0.02181	0.02617	0.01662	0.01177	0.00963	0.00386	0.01195	0.00895	0.00733	0.01405
9	0.04081	0.01892	0.02665	0.02617	0.08419	0.01710	0.01787	0.04486	0.02994	0.32388	0.04646	0.12873	0.03798	0.07788	0.01783	0.00474	0.01036	0.01607	0.01239	0.01718

[dist]
# distance from previous block
# <min> <max>
1	4

[block]
# block no. 5 follows, 9 sequences, length 27
# corresponding to MSA columns:
# 500-526
name=unknown_F
#
# <colnr> <probs for GDERKNQSTAVLIFYWHMCP>
#	G	D	E	R	K	N	Q	S	T	A	V	L	I	F	Y	W	H	M	C	P
0	0.04330	0.02337	0.03328	0.14063	0.10041	0.02348	0.02405	0.10221	0.03423	0.29455	0.03648	0.03614	0.02434	0.01371	0.01205	0.00375	0.01236	0.01147	0.01140	0.01879
1	0.01997	0.01272	0.01672	0.01782	0.02054	0.01180	0.01363	0.02369	0.02710	0.08214	0.11888	0.30043	0.12630	0.03196	0.01507	0.00471	0.00807	0.12530	0.01175	0.01139
2	0.02648	0.04681	0.29826	0.03553	0.04940	0.02897	0.12963	0.04448	0.13674	0.04117	0.02886	0.03170	0.02113	0.01234	0.01224	0.00393	0.01632	0.01121	0.00704	0.01775
3	0.02227	0.01448	0.01529	0.01471	0.01737	0.01535	0.01027	0.03192	0.11923	0.03837	0.04084	0.05691	0.03668	0.21473	0.02801	0.00623	0.00859	0.01396	0.28332	0.01148
4	0.02584	0.09216	0.14293	0.02405	0.03330	0.02764	0.02332	0.04604	0.23868	0.04171	0.05280	0.05092	0.11624	0.01719	0.01194	0.00385	0.01118	0.01394	0.00959	0.01668
5	0.01615	0.01205	0.01501	0.01472	0.01755	0.01091	0.01087	0.02085	0.03133	0.04283	0.36548	0.15400	0.18907	0.02742	0.01434	0.00398	0.00592	0.02404	0.01256	0.01091
6	0.02812	0.04094	0.18710	0.15234	0.16282	0.09358	0.03559	0.03655	0.02597	0.03472	0.02078	0.02749	0.01642	0.01255	0.01463	0.00386	0.07512	0.00974	0.00551	0.01616
7	0.05398	0.02048	0.02792	0.02141	0.03071	0.01768	0.01768	0.05863	0.03444	0.51045	0.04747	0.04095	0.02978	0.01489	0.01210	0.00372	0.01024	0.01210	0.01489	0.02048
8	0.66215	0.02327	0.01768	0.01582	0.02327	0.02699	0.01303	0.03537	0.02048	0.05398	0.01675	0.01954	0.01303	0.01117	0.00745	0.00372	0.00931	0.00651	0.00745	0.01303
9	0.02545	0.05302	0.37751	0.03937	0.05542	0.02871	0.17253	0.03824	0.02633	0.03824	0.02244	0.02758	0.01617	0.01103	0.01229	0.00389	0.01856	0.01053	0.00539	0.01730
10	0.02844	0.01660	0.02135	0.02047	0.02548	0.01609	0.01700	0.03696	0.08471	0.15620	0.11240	0.09414	0.10329	0.02540	0.01446	0.00457	0.00958	0.18616	0.01242	0.01431
11	0.01466	0.01047	0.01396	0.01675	0.01745	0.00977	0.01117	0.01675	0.02304	0.03071	0.06631	0.56931	0.07958	0.03769	0.01536	0.00489	0.00698	0.03420	0.01117	0.00977
12	0.01723	0.01273	0.01853	0.01853	0.02040	0.01460	0.01404	0.02097	0.01910	0.02733	0.03296	0.05134	0.03185	0.15320	0.46894	0.01834	0.02957	0.01349	0.00655	0.01030
13	0.01466	0.01047	0.01396	0.01675	0.01745	0.00977	0.01117	0.01675	0.02304	0.03071	0.06631	0.56931	0.07958	0.03769	0.01536	0.00489	0.00698	0.03420	0.01117	0.00977
14	0.02495	0.02138	0.02495	0.01782	0.02851	0.01604	0.01426	0.03029	0.02495	0.03921	0.02138	0.02495	0.01782	0.00891	0.00891	0.00178	0.00891	0.00713	0.00713	0.65072
15	0.05114	0.02111	0.02784	0.02177	0.03078	0.01913	0.01784	0.05926	0.08715	0.45606	0.04764	0.04142	0.03060	0.01506	0.01212	0.00377	0.01015	0.01228	0.01458	0.02031
16	0.66215	0.02327	0.01768	0.01582	0.02327	0.02699	0.01303	0.03537	0.02048	0.05398	0.01675	0.01954	0.01303	0.01117	0.00745	0.00372	0.00931	0.00651	0.00745	0.01303
17	0.02090	0.01045	0.01567	0.01567	0.01567	0.01045	0.01045	0.01567	0.01567	0.02090	0.02090	0.03657	0.02090	0.04180	0.04702	0.64995	0.01045	0.01045	0.00522	0.00522
18	0.01791	0.01152	0.01343	0.01343	0.01343	0.01152	0.00767	0.01728	0.01728	0.02304	0.03586	0.07364	0.04098	0.51252	0.05952	0.08873	0.01152	0.01665	0.00704	0.00704
19	0.02632	0.02632	0.03685	0.03159	0.03159	0.03685	0.02632	0.02895	0.01843	0.02895	0.01579	0.02632	0.01579	0.02106	0.03948	0.00526	0.55515	0.01053	0.00526	0.01316
20	0.02612	0.19148	0.40301	0.03090	0.04683	0.03281	0.03855	0.03759	0.02517	0.03568	0.02039	0.02389	0.01529	0.01115	0.01051	0.00350	0.01656	0.00828	0.00510	0.01720
21	0.01703	0.01230	0.01608	0.01514	0.01797	0.01135	0.01135	0.02270	0.03406	0.04825	0.49577	0.08987	0.11352	0.02460	0.01419	0.00378	0.00568	0.02176	0.01324	0.01135
22	0.03215	0.02677	0.03241	0.02672	0.03396	0.02957	0.06601	0.15403	0.26994	0.05206	0.03998	0.04373	0.03157	0.08391	0.01841	0.00489	0.01187	0.01346	0.01092	0.01765
23	0.04574	0.03370	0.03611	0.02768	0.03731	0.03731	0.02287	0.46200	0.05657	0.07583	0.02889	0.02889	0.02046	0.01444	0.01204	0.00361	0.01324	0.01083	0.01204	0.02046
24	0.02883	0.09620	0.03889	0.09247	0.09081	0.02816	0.07402	0.12327	0.03028	0.04034	0.02736	0.04064	0.02460	0.13677	0.07038	0.00672	0.01594	0.01222	0.00744	0.01466
25	0.25039	0.22246	0.09629	0.02079	0.03085	0.03251	0.02038	0.04032	0.02509	0.12922	0.02313	0.02422	0.01730	0.01160	0.00891	0.00333	0.01176	0.00783	0.00776	0.01585
26	0.03076	0.14312	0.03453	0.02748	0.08518	0.07992	0.01975	0.03778	0.07019	0.09112	0.07847	0.05474	0.03927	0.08445	0.01774	0.00463	0.01231	0.06486	0.00897	0.01472

[dist]
# distance from previous block
# <min> <max>
1	12

[block]
# block no. 6 follows, 9 sequences, length 14
# corresponding to MSA columns:
# 539-552
name=unknown_G
#
# <colnr> <probs for GDERKNQSTAVLIFYWHMCP>
#	G	D	E	R	K	N	Q	S	T	A	V	L	I	F	Y	W	H	M	C	P
0	0.02632	0.02632	0.03685	0.03159	0.03159	0.03685	0.02632	0.02895	0.01843	0.02895	0.01579	0.02632	0.01579	0.02106	0.03948	0.00526	0.55515	0.01053	0.00526	0.01316
1	0.01788	0.01280	0.01751	0.01939	0.02177	0.01244	0.01582	0.02277	0.02831	0.03791	0.16835	0.21067	0.08196	0.03204	0.01578	0.00499	0.00896	0.24813	0.01162	0.01089
2	0.05398	0.02048	0.02792	0.02141	0.03071	0.01768	0.01768	0.05863	0.03444	0.51045	0.04747	0.04095	0.02978	0.01489	0.01210	0.00372	0.01024	0.01210	0.01489	0.02048
3	0.01562	0.01097	0.01400	0.01569	0.01647	0.01041	0.01026	0.01762	0.02298	0.03096	0.10921	0.39554	0.07487	0.16620	0.02628	0.00639	0.00796	0.02874	0.01047	0.00936
4	0.04494	0.05734	0.03410	0.03100	0.03719	0.52886	0.02325	0.04804	0.03410	0.02945	0.01860	0.02170	0.01550	0.01240	0.01085	0.00310	0.02170	0.00775	0.00620	0.01395
5	0.01816	0.01433	0.02121	0.02064	0.02256	0.01737	0.01624	0.02228	0.01924	0.02804	0.03047	0.04503	0.02855	0.08284	0.47714	0.01783	0.08809	0.01264	0.00632	0.01100
6	0.02090	0.01045	0.01567	0.01567	0.01567	0.01045	0.01045	0.01567	0.01567	0.02090	0.02090	0.03657	0.02090	0.04180	0.04702	0.64995	0.01045	0.01045	0.00522	0.00522
7	0.01866	0.01315	0.01512	0.01485	0.01573	0.01377	0.00922	0.02237	0.06212	0.02640	0.03838	0.07224	0.04166	0.47311	0.10483	0.01173	0.01358	0.01665	0.00768	0.00877
8	0.02557	0.02567	0.03983	0.03297	0.03501	0.03338	0.08843	0.02950	0.01999	0.03024	0.01895	0.02965	0.01781	0.02747	0.09253	0.00672	0.41608	0.01134	0.00552	0.01333
9	0.02495	0.02138	0.02495	0.01782	0.02851	0.01604	0.01426	0.03029	0.02495	0.03921	0.02138	0.02495	0.01782	0.00891	0.00891	0.00178	0.00891	0.00713	0.00713	0.65072
10	0.02486	0.02211	0.02815	0.08917	0.03607	0.02049	0.01853	0.03016	0.02388	0.03659	0.02056	0.02608	0.01729	0.01110	0.01380	0.00258	0.09000	0.00809	0.00662	0.47384
11	0.03657	0.26049	0.04322	0.02112	0.03122	0.03279	0.01884	0.10146	0.03118	0.12973	0.02549	0.02619	0.01948	0.01144	0.00947	0.00275	0.01147	0.00833	0.00849	0.17025
12	0.03201	0.03589	0.03171	0.03608	0.14395	0.23392	0.02252	0.03619	0.02951	0.03330	0.03860	0.09666	0.08662	0.01681	0.01186	0.00341	0.01503	0.01363	0.00743	0.07486
13	0.15615	0.02595	0.09323	0.02160	0.02821	0.02220	0.01908	0.12431	0.03043	0.04677	0.04111	0.25440	0.04310	0.02313	0.01240	0.00420	0.01046	0.01952	0.00971	0.01403

[dist]
# distance from previous block
# <min> <max>
1	188

# created by:
# /st0/software/busco_prod/Augustus/scripts/msa2prfl.pl ./align_prep/8114.fa
