[name]
unknown

[dist]
# distance from previous block
# <min> <max>
0	79

[block]
# block no. 0 follows, 14 sequences, length 7
# corresponding to MSA columns:
# 84-90
name=unknown_A
#
# <colnr> <probs for GDERKNQSTAVLIFYWHMCP>
#	G	D	E	R	K	N	Q	S	T	A	V	L	I	F	Y	W	H	M	C	P
0	0.01612	0.01151	0.01605	0.01842	0.02060	0.01145	0.01581	0.02054	0.02321	0.03024	0.05457	0.16958	0.05998	0.02874	0.01406	0.00467	0.00909	0.45658	0.00946	0.00933
1	0.01376	0.00969	0.01256	0.01414	0.01502	0.00928	0.00981	0.01585	0.02005	0.02684	0.09776	0.39041	0.06279	0.15968	0.02148	0.00539	0.00719	0.09118	0.00897	0.00816
2	0.02954	0.01851	0.02687	0.15144	0.09114	0.01980	0.02093	0.07302	0.02592	0.20436	0.03272	0.04690	0.02713	0.01546	0.01320	0.00364	0.06609	0.11090	0.00859	0.01384
3	0.01585	0.01030	0.01309	0.01422	0.01629	0.00935	0.01031	0.01829	0.02174	0.07757	0.06545	0.41061	0.17536	0.02865	0.01273	0.00397	0.00637	0.07070	0.00981	0.00934
4	0.01333	0.00948	0.01245	0.01410	0.01505	0.00894	0.00973	0.01564	0.02098	0.02830	0.13594	0.45496	0.06900	0.08710	0.01669	0.00460	0.00640	0.05938	0.00949	0.00843
5	0.02439	0.12521	0.18267	0.18604	0.09633	0.02496	0.06467	0.03169	0.02226	0.07975	0.01998	0.02436	0.01496	0.00974	0.00954	0.00302	0.01298	0.00831	0.00540	0.05374
6	0.08176	0.05971	0.03375	0.07419	0.08745	0.08051	0.06935	0.14851	0.02849	0.11229	0.02159	0.02467	0.01625	0.01183	0.01333	0.00328	0.10254	0.00888	0.00724	0.01439

[dist]
# distance from previous block
# <min> <max>
1	42

[block]
# block no. 1 follows, 14 sequences, length 34
# corresponding to MSA columns:
# 133-166
name=unknown_B
#
# <colnr> <probs for GDERKNQSTAVLIFYWHMCP>
#	G	D	E	R	K	N	Q	S	T	A	V	L	I	F	Y	W	H	M	C	P
0	0.09231	0.21135	0.03103	0.01794	0.02453	0.10706	0.01488	0.06429	0.07999	0.03188	0.02113	0.02713	0.01872	0.09350	0.01381	0.00347	0.01079	0.00789	0.00624	0.12205
1	0.02283	0.01771	0.02527	0.05630	0.12719	0.01720	0.04069	0.09304	0.02528	0.07079	0.03501	0.24959	0.03575	0.01809	0.01097	0.00328	0.00915	0.01629	0.00804	0.11751
2	0.03042	0.13987	0.10495	0.11272	0.03682	0.10322	0.02221	0.09547	0.06963	0.11498	0.02291	0.02490	0.01704	0.01135	0.01088	0.00307	0.05001	0.00833	0.00695	0.01426
3	0.01781	0.01880	0.07322	0.27158	0.04256	0.01872	0.02140	0.02371	0.02302	0.03149	0.19958	0.04652	0.07460	0.01542	0.01337	0.00346	0.07397	0.01276	0.00700	0.01100
4	0.01446	0.01064	0.01530	0.01555	0.01701	0.01196	0.01160	0.01744	0.01662	0.02355	0.03124	0.10718	0.03172	0.14693	0.46347	0.01431	0.02286	0.01346	0.00602	0.00868
5	0.06500	0.08886	0.02970	0.09618	0.03300	0.02596	0.01845	0.17561	0.07251	0.11462	0.02388	0.02556	0.01774	0.01159	0.01141	0.00300	0.06415	0.00853	0.00799	0.10626
6	0.02111	0.01823	0.02318	0.02131	0.09660	0.01468	0.01447	0.02590	0.02239	0.03428	0.07733	0.02774	0.02406	0.00923	0.00842	0.00191	0.00792	0.00782	0.00650	0.53693
7	0.02223	0.01816	0.03004	0.55095	0.06593	0.02198	0.02707	0.02876	0.02147	0.08566	0.02062	0.02817	0.01493	0.01052	0.01027	0.00339	0.01315	0.00925	0.00543	0.01205
8	0.02833	0.02343	0.09683	0.01996	0.02657	0.02096	0.01786	0.09561	0.18055	0.14340	0.06835	0.03546	0.02868	0.01339	0.01141	0.00323	0.04781	0.01055	0.11292	0.01471
9	0.01466	0.01100	0.01649	0.01649	0.01833	0.01283	0.01283	0.01833	0.01649	0.02382	0.02749	0.04032	0.02566	0.07697	0.59868	0.01649	0.02749	0.01100	0.00550	0.00916
10	0.01624	0.01096	0.01373	0.01275	0.01579	0.00985	0.00966	0.02055	0.02787	0.07656	0.43357	0.07840	0.19249	0.02146	0.01198	0.00327	0.00519	0.01863	0.01102	0.01002
11	0.01616	0.01073	0.01344	0.01282	0.01526	0.00982	0.00931	0.01973	0.02560	0.07094	0.35553	0.12475	0.14538	0.10428	0.01741	0.00423	0.00592	0.01889	0.01032	0.00948
12	0.10489	0.01767	0.02304	0.01784	0.02564	0.01578	0.01473	0.04826	0.02832	0.53503	0.03817	0.03332	0.02414	0.01242	0.00997	0.00318	0.00866	0.00990	0.01214	0.01690
13	0.03376	0.11709	0.07446	0.06149	0.03044	0.02262	0.01837	0.13138	0.03030	0.24521	0.10055	0.03414	0.02972	0.01272	0.00993	0.00304	0.00990	0.01017	0.00954	0.01516
14	0.02732	0.02293	0.02421	0.02125	0.02737	0.02636	0.01668	0.11921	0.48920	0.04582	0.03949	0.03647	0.02948	0.01371	0.01042	0.00343	0.00854	0.01129	0.01042	0.01640
15	0.02744	0.64552	0.05378	0.01756	0.02634	0.04061	0.01756	0.03073	0.02085	0.02414	0.01427	0.01646	0.01317	0.00878	0.00658	0.00219	0.01097	0.00549	0.00439	0.01317
16	0.06381	0.01988	0.02637	0.16780	0.08108	0.02122	0.01963	0.10448	0.09836	0.16087	0.07583	0.03352	0.02664	0.01227	0.01014	0.00318	0.01005	0.01025	0.00872	0.04589
17	0.01943	0.01617	0.02248	0.08426	0.02956	0.01745	0.05370	0.03120	0.17477	0.03329	0.04481	0.14402	0.04436	0.02140	0.01241	0.00407	0.00963	0.21631	0.00892	0.01176
18	0.09243	0.02804	0.02955	0.02281	0.03087	0.03113	0.01884	0.50055	0.04581	0.06320	0.02382	0.02401	0.01695	0.01210	0.00996	0.00309	0.01103	0.00895	0.00996	0.01695
19	0.30166	0.01700	0.01805	0.01516	0.02137	0.01697	0.01221	0.03388	0.02335	0.21886	0.09973	0.07022	0.03113	0.01338	0.00894	0.00311	0.00763	0.01039	0.00927	0.06769
20	0.03205	0.12581	0.03125	0.06840	0.03093	0.06189	0.05767	0.03793	0.05513	0.23383	0.09861	0.03440	0.02984	0.01226	0.00986	0.00296	0.01029	0.01022	0.00889	0.04779
21	0.02476	0.02373	0.04049	0.12194	0.52140	0.02421	0.03117	0.03093	0.02306	0.03275	0.01919	0.02561	0.01598	0.00926	0.01017	0.00309	0.01235	0.00914	0.00502	0.01574
22	0.03875	0.01591	0.02114	0.01674	0.02360	0.01375	0.01364	0.04261	0.02855	0.46087	0.09572	0.04710	0.10426	0.01520	0.01072	0.00322	0.00792	0.01256	0.01216	0.01561
23	0.02108	0.07809	0.13405	0.10362	0.03230	0.01966	0.02003	0.06821	0.05855	0.05951	0.03554	0.25397	0.03596	0.01880	0.01092	0.00352	0.01002	0.01628	0.00763	0.01226
24	0.03570	0.11994	0.02995	0.09822	0.03261	0.02308	0.01776	0.07919	0.11330	0.29519	0.03241	0.03077	0.02227	0.01192	0.00973	0.00309	0.00983	0.00952	0.00975	0.01577
25	0.01711	0.01386	0.01923	0.10410	0.05375	0.01599	0.01402	0.01918	0.01673	0.02299	0.02782	0.08505	0.03007	0.33662	0.08299	0.00797	0.10464	0.01343	0.00580	0.00864
26	0.02058	0.05308	0.58618	0.02925	0.04442	0.02383	0.03792	0.03250	0.02167	0.03250	0.01842	0.02167	0.01300	0.00975	0.00975	0.00325	0.01517	0.00758	0.00433	0.01517
27	0.03074	0.02138	0.03059	0.29445	0.08462	0.06712	0.05118	0.03630	0.02465	0.21806	0.02590	0.02913	0.01794	0.01096	0.01029	0.00325	0.01247	0.00949	0.00748	0.01398
28	0.02894	0.02583	0.13773	0.02161	0.02887	0.02065	0.02041	0.13267	0.05502	0.16667	0.03675	0.10316	0.05450	0.01651	0.01275	0.00354	0.05868	0.05233	0.00900	0.01438
29	0.01886	0.01788	0.09391	0.08371	0.06947	0.01403	0.01712	0.02206	0.02146	0.05685	0.15064	0.09235	0.07280	0.02209	0.01885	0.18824	0.00913	0.01343	0.00716	0.00995
30	0.18172	0.01994	0.02774	0.08495	0.03257	0.02118	0.09131	0.07435	0.02544	0.16599	0.09637	0.03273	0.02745	0.01264	0.01177	0.00335	0.05859	0.01029	0.00830	0.01335
31	0.19520	0.13162	0.07195	0.02736	0.08417	0.05411	0.11966	0.06082	0.02357	0.07966	0.01921	0.02214	0.01473	0.00957	0.00882	0.00294	0.01189	0.00795	0.00619	0.04845
32	0.12380	0.02226	0.05030	0.01950	0.02659	0.02186	0.01665	0.17332	0.10859	0.18633	0.03721	0.04038	0.06041	0.01436	0.01020	0.00334	0.00936	0.05045	0.01000	0.01510
33	0.11620	0.11155	0.06331	0.12764	0.07787	0.02361	0.01959	0.09654	0.02454	0.06319	0.02504	0.11552	0.02287	0.01338	0.00943	0.00310	0.01035	0.01095	0.00683	0.05849

[dist]
# distance from previous block
# <min> <max>
0	82

[block]
# block no. 2 follows, 14 sequences, length 66
# corresponding to MSA columns:
# 249-314
name=unknown_C
#
# <colnr> <probs for GDERKNQSTAVLIFYWHMCP>
#	G	D	E	R	K	N	Q	S	T	A	V	L	I	F	Y	W	H	M	C	P
0	0.14860	0.02621	0.09671	0.02316	0.06755	0.02345	0.01917	0.13805	0.13260	0.08855	0.02539	0.02596	0.01875	0.01093	0.00915	0.00297	0.00989	0.00847	0.00807	0.11637
1	0.18185	0.08802	0.17215	0.07092	0.03523	0.06437	0.05459	0.03565	0.02289	0.15066	0.02176	0.02351	0.01547	0.01027	0.00898	0.00310	0.01205	0.00786	0.00671	0.01394
2	0.02314	0.01362	0.01842	0.01634	0.01933	0.01418	0.01240	0.02540	0.01906	0.14819	0.02887	0.04156	0.02583	0.17657	0.21057	0.05876	0.07134	0.01106	0.00714	0.05824
3	0.02792	0.07315	0.07352	0.17897	0.07840	0.08662	0.06153	0.17521	0.02983	0.03832	0.02245	0.06630	0.01869	0.01206	0.01018	0.00317	0.01305	0.01013	0.00666	0.01386
4	0.01772	0.01638	0.01849	0.01679	0.02040	0.06996	0.04993	0.02386	0.07464	0.03364	0.23659	0.14752	0.19160	0.02122	0.01182	0.00340	0.00766	0.01853	0.00948	0.01037
5	0.02111	0.02167	0.10756	0.14664	0.03450	0.01958	0.02045	0.02837	0.06498	0.07152	0.08801	0.08239	0.03184	0.05972	0.01703	0.00398	0.10434	0.01219	0.05225	0.01187
6	0.01784	0.02028	0.10140	0.06835	0.02866	0.01669	0.06742	0.02525	0.06444	0.03393	0.23131	0.05505	0.09364	0.07803	0.01666	0.00404	0.04332	0.01445	0.00808	0.01116
7	0.01259	0.01041	0.01103	0.01088	0.01414	0.00886	0.00816	0.01561	0.02447	0.03029	0.19292	0.09454	0.48061	0.02503	0.01212	0.00342	0.00513	0.02107	0.00987	0.00886
8	0.07533	0.01922	0.02159	0.01576	0.02459	0.01588	0.01268	0.06834	0.02320	0.03696	0.01846	0.02120	0.01507	0.00813	0.00772	0.00177	0.00793	0.00630	0.00644	0.59342
9	0.01938	0.01824	0.03078	0.61468	0.07068	0.02280	0.02850	0.02622	0.02052	0.02622	0.01824	0.02736	0.01368	0.01026	0.01026	0.00342	0.01368	0.00912	0.00456	0.01140
10	0.04204	0.02389	0.02779	0.02131	0.02940	0.02461	0.01760	0.32963	0.04012	0.28764	0.03146	0.02907	0.02088	0.01248	0.01029	0.00312	0.01019	0.00970	0.01131	0.01746
11	0.01938	0.01824	0.03078	0.61468	0.07068	0.02280	0.02850	0.02622	0.02052	0.02622	0.01824	0.02736	0.01368	0.01026	0.01026	0.00342	0.01368	0.00912	0.00456	0.01140
12	0.02058	0.05308	0.58618	0.02925	0.04442	0.02383	0.03792	0.03250	0.02167	0.03250	0.01842	0.02167	0.01300	0.00975	0.00975	0.00325	0.01517	0.00758	0.00433	0.01517
13	0.01452	0.01049	0.01372	0.01291	0.01533	0.00968	0.00968	0.01937	0.02905	0.04115	0.56992	0.07666	0.09683	0.02098	0.01210	0.00323	0.00484	0.01856	0.01130	0.00968
14	0.64976	0.02067	0.01653	0.01443	0.02095	0.02383	0.01189	0.07731	0.02030	0.04776	0.01524	0.01741	0.01170	0.00978	0.00671	0.00317	0.00825	0.00590	0.00671	0.01170
15	0.02422	0.02768	0.06055	0.04325	0.05363	0.02595	0.53806	0.03287	0.02422	0.03287	0.02076	0.02768	0.01557	0.00865	0.01211	0.00346	0.01730	0.01211	0.00519	0.01384
16	0.19663	0.02584	0.02708	0.06624	0.03195	0.02906	0.01821	0.38107	0.03886	0.05734	0.02170	0.02296	0.01567	0.01150	0.00934	0.00313	0.01068	0.00836	0.00891	0.01549
17	0.01551	0.01014	0.01425	0.01425	0.01534	0.01085	0.01021	0.01598	0.01577	0.02162	0.03078	0.04588	0.06479	0.14751	0.29587	0.22946	0.01731	0.01173	0.00558	0.00719
18	0.01862	0.01316	0.01560	0.01518	0.01810	0.01330	0.01106	0.02745	0.14692	0.07343	0.16604	0.22976	0.10075	0.08345	0.01584	0.00424	0.00675	0.01937	0.01003	0.01095
19	0.02921	0.02403	0.02609	0.02217	0.02821	0.02785	0.01770	0.19403	0.36424	0.04778	0.03446	0.03301	0.02582	0.01378	0.01229	0.00345	0.05909	0.01070	0.00990	0.01619
20	0.03901	0.02874	0.03080	0.02361	0.03182	0.03182	0.01951	0.54111	0.04825	0.06468	0.02464	0.02464	0.01745	0.01232	0.01027	0.00308	0.01129	0.00924	0.01027	0.01745
21	0.02675	0.01320	0.01707	0.01455	0.01911	0.01171	0.01129	0.03054	0.02725	0.25261	0.25184	0.06233	0.12857	0.06890	0.01468	0.00379	0.00685	0.01541	0.01120	0.01235
22	0.02532	0.01264	0.01629	0.01445	0.01788	0.01140	0.01041	0.02669	0.02097	0.20455	0.03966	0.13376	0.06362	0.18996	0.02616	0.10073	0.00841	0.01452	0.00874	0.05381
23	0.02751	0.02303	0.02432	0.02129	0.02744	0.02645	0.01672	0.12606	0.48204	0.04613	0.03925	0.03628	0.02929	0.01369	0.01042	0.00342	0.00859	0.01125	0.01042	0.01642
24	0.02761	0.02308	0.02438	0.02131	0.02748	0.02650	0.01675	0.12984	0.47808	0.04629	0.03912	0.03617	0.02918	0.01367	0.01041	0.00342	0.00861	0.01124	0.01041	0.01643
25	0.02273	0.01153	0.01554	0.01550	0.01833	0.01039	0.01122	0.02518	0.02261	0.19578	0.05166	0.45042	0.05493	0.02622	0.01225	0.00387	0.00680	0.02343	0.01049	0.01112
26	0.01716	0.01488	0.02327	0.29005	0.04212	0.01786	0.01992	0.02216	0.02044	0.02777	0.10509	0.09686	0.03394	0.02942	0.14349	0.00645	0.05964	0.01290	0.00625	0.01033
27	0.04448	0.01997	0.02537	0.01945	0.02745	0.01881	0.01607	0.15930	0.03357	0.46722	0.03696	0.03264	0.02363	0.01262	0.01031	0.00315	0.00930	0.01008	0.01216	0.01746
28	0.01426	0.00942	0.01176	0.01336	0.01427	0.00906	0.00911	0.01643	0.01943	0.02736	0.04863	0.40438	0.05546	0.13191	0.01890	0.00491	0.00671	0.05899	0.11738	0.00825
29	0.02133	0.01104	0.01522	0.01437	0.01674	0.01023	0.01046	0.02244	0.02229	0.13635	0.19106	0.16154	0.05207	0.02621	0.02089	0.22640	0.00712	0.01592	0.00904	0.00927
30	0.08102	0.06655	0.02139	0.01623	0.01971	0.01820	0.01280	0.02793	0.02153	0.14714	0.11287	0.04381	0.03520	0.15372	0.02304	0.00478	0.11223	0.01158	0.05908	0.01122
31	0.04385	0.01891	0.02446	0.01898	0.02679	0.01750	0.01560	0.09879	0.06970	0.49202	0.03902	0.03416	0.02505	0.01275	0.01032	0.00319	0.00894	0.01031	0.01230	0.01737
32	0.01632	0.01027	0.01270	0.01276	0.01432	0.00959	0.00862	0.01767	0.02020	0.06443	0.12569	0.20187	0.13003	0.21111	0.02704	0.07438	0.00737	0.01893	0.00851	0.00819
33	0.02962	0.01849	0.02595	0.23894	0.04186	0.01958	0.01976	0.10762	0.02716	0.19088	0.05622	0.03168	0.02260	0.01342	0.01226	0.05153	0.01065	0.00977	0.00820	0.06381
34	0.01595	0.01062	0.01328	0.01359	0.01612	0.00957	0.01008	0.01912	0.02409	0.07617	0.19771	0.26589	0.20227	0.02584	0.01244	0.00371	0.00596	0.05777	0.01023	0.00959
35	0.01454	0.01054	0.01399	0.01326	0.01563	0.00999	0.00999	0.01926	0.02781	0.03944	0.51641	0.07307	0.08981	0.02650	0.06997	0.00454	0.00708	0.01781	0.01072	0.00963
36	0.01755	0.01073	0.01511	0.06941	0.02016	0.01088	0.01125	0.01824	0.01794	0.06532	0.03636	0.25283	0.03950	0.12706	0.06396	0.18134	0.00966	0.01737	0.00725	0.00806
37	0.02349	0.02462	0.09847	0.31490	0.14611	0.02307	0.11232	0.03083	0.02245	0.07468	0.02067	0.02707	0.01530	0.00995	0.01049	0.00333	0.01378	0.00954	0.00539	0.01353
38	0.02440	0.03514	0.29406	0.02625	0.03692	0.02091	0.09436	0.03536	0.07702	0.11569	0.10563	0.03416	0.02934	0.01211	0.01056	0.00329	0.01228	0.01060	0.00731	0.01463
39	0.02416	0.01842	0.03006	0.30245	0.18567	0.02014	0.02457	0.02926	0.02228	0.10435	0.05226	0.03099	0.02096	0.01325	0.01310	0.06768	0.01169	0.00980	0.00617	0.01274
40	0.02128	0.01824	0.02128	0.01520	0.02432	0.01368	0.01216	0.02584	0.02128	0.03344	0.01824	0.02128	0.01520	0.00760	0.00760	0.00152	0.00760	0.00608	0.00608	0.70208
41	0.02731	0.43337	0.12810	0.02278	0.03263	0.03445	0.09158	0.03261	0.02202	0.06522	0.01756	0.02002	0.01432	0.00917	0.00805	0.00259	0.01228	0.00703	0.00507	0.01384
42	0.01914	0.01093	0.01458	0.01460	0.01706	0.00995	0.01057	0.02222	0.02415	0.13089	0.20367	0.36237	0.06867	0.02538	0.01231	0.00371	0.00613	0.02267	0.01062	0.01038
43	0.01393	0.01036	0.01296	0.01253	0.01502	0.00939	0.00931	0.01813	0.02732	0.03755	0.44538	0.11942	0.18538	0.02271	0.01218	0.00334	0.00499	0.01989	0.01084	0.00939
44	0.01280	0.00928	0.01217	0.01437	0.01533	0.00864	0.00997	0.01489	0.02026	0.02668	0.05999	0.54968	0.10548	0.03137	0.01311	0.00416	0.00618	0.06765	0.00952	0.00845
45	0.01701	0.01122	0.01316	0.01267	0.01530	0.01112	0.00949	0.02403	0.07802	0.03943	0.30746	0.09507	0.06513	0.01799	0.01037	0.00303	0.00522	0.01555	0.23851	0.01021
46	0.03833	0.04891	0.02908	0.02644	0.03173	0.59815	0.01983	0.04098	0.02908	0.02512	0.01586	0.01851	0.01322	0.01058	0.00925	0.00264	0.01851	0.00661	0.00529	0.01190
47	0.71184	0.01985	0.01508	0.01350	0.01985	0.02302	0.01111	0.03017	0.01746	0.04604	0.01429	0.01667	0.01111	0.00953	0.00635	0.00318	0.00794	0.00556	0.00635	0.01111
48	0.02128	0.01824	0.02128	0.01520	0.02432	0.01368	0.01216	0.02584	0.02128	0.03344	0.01824	0.02128	0.01520	0.00760	0.00760	0.00152	0.00760	0.00608	0.00608	0.70208
49	0.71184	0.01985	0.01508	0.01350	0.01985	0.02302	0.01111	0.03017	0.01746	0.04604	0.01429	0.01667	0.01111	0.00953	0.00635	0.00318	0.00794	0.00556	0.00635	0.01111
50	0.02553	0.02204	0.02320	0.02088	0.02669	0.02553	0.01624	0.05453	0.55679	0.04293	0.04177	0.03829	0.03133	0.01392	0.01044	0.00348	0.00812	0.01160	0.01044	0.01624
51	0.01913	0.00956	0.00956	0.00956	0.01196	0.00956	0.00717	0.02391	0.02152	0.03826	0.03348	0.03826	0.02630	0.01196	0.00717	0.00239	0.00478	0.00956	0.69632	0.00956
52	0.01315	0.01030	0.01190	0.01179	0.01456	0.00905	0.00873	0.01659	0.02537	0.03311	0.29123	0.13892	0.32964	0.02450	0.01221	0.00343	0.00512	0.02108	0.01026	0.00905
53	0.02128	0.01824	0.02128	0.01520	0.02432	0.01368	0.01216	0.02584	0.02128	0.03344	0.01824	0.02128	0.01520	0.00760	0.00760	0.00152	0.00760	0.00608	0.00608	0.70208
54	0.01341	0.01045	0.01217	0.01174	0.01465	0.00921	0.00881	0.01721	0.02642	0.03491	0.35348	0.08692	0.31716	0.02331	0.01212	0.00334	0.00501	0.02000	0.01048	0.00921
55	0.01903	0.01037	0.01154	0.01100	0.01385	0.00985	0.00833	0.02356	0.02400	0.07211	0.16947	0.05322	0.09691	0.01555	0.00904	0.00275	0.00509	0.01296	0.42138	0.01000
56	0.02517	0.01228	0.01639	0.01540	0.01881	0.01105	0.01134	0.02792	0.02375	0.23132	0.09629	0.32158	0.05277	0.06731	0.01478	0.00413	0.00716	0.02026	0.01062	0.01166
57	0.09992	0.01849	0.02362	0.01827	0.02609	0.01697	0.01509	0.08477	0.02980	0.50026	0.03717	0.03267	0.02365	0.01241	0.00999	0.00317	0.00886	0.00985	0.01200	0.01694
58	0.04281	0.01761	0.02298	0.01784	0.02525	0.01591	0.01466	0.08763	0.03014	0.48638	0.03850	0.03442	0.02484	0.01260	0.01001	0.00309	0.00855	0.01016	0.07994	0.01668
59	0.01521	0.01056	0.01400	0.05306	0.01817	0.01064	0.01067	0.01699	0.01935	0.02592	0.11045	0.18130	0.05139	0.24352	0.02927	0.07045	0.00855	0.09491	0.00779	0.00779
60	0.02258	0.01266	0.01636	0.01565	0.01896	0.01197	0.01160	0.02818	0.07636	0.17008	0.15534	0.31221	0.05956	0.02324	0.01194	0.00366	0.00663	0.02059	0.01077	0.01166
61	0.08760	0.01394	0.01723	0.06111	0.02274	0.01476	0.01320	0.06404	0.02236	0.07211	0.04385	0.14332	0.10829	0.07618	0.14595	0.00697	0.01267	0.05523	0.00799	0.01044
62	0.06717	0.02178	0.03067	0.46653	0.11354	0.07605	0.02685	0.02836	0.02139	0.02814	0.01787	0.02565	0.01372	0.01013	0.00990	0.00330	0.01360	0.00866	0.00480	0.01191
63	0.07606	0.01216	0.01526	0.01436	0.01766	0.01154	0.01107	0.02417	0.02648	0.11752	0.34033	0.14319	0.07274	0.02088	0.01166	0.00345	0.00615	0.05385	0.01072	0.01073
64	0.07781	0.01056	0.01236	0.01312	0.01479	0.01026	0.00905	0.01700	0.02108	0.03045	0.16514	0.32323	0.10538	0.12085	0.01822	0.00471	0.00645	0.02186	0.00911	0.00859
65	0.50680	0.01905	0.01802	0.05459	0.02395	0.02220	0.01347	0.02972	0.01850	0.07967	0.01927	0.06191	0.01645	0.01215	0.00988	0.00338	0.06475	0.00808	0.00673	0.01140

[dist]
# distance from previous block
# <min> <max>
0	9

[block]
# block no. 3 follows, 14 sequences, length 53
# corresponding to MSA columns:
# 324-376
name=unknown_D
#
# <colnr> <probs for GDERKNQSTAVLIFYWHMCP>
#	G	D	E	R	K	N	Q	S	T	A	V	L	I	F	Y	W	H	M	C	P
0	0.06394	0.07408	0.02768	0.21178	0.04020	0.02340	0.01943	0.03795	0.19151	0.08425	0.02717	0.02922	0.02035	0.01115	0.00945	0.00306	0.01015	0.00913	0.00745	0.09864
1	0.10068	0.01713	0.01813	0.01514	0.02115	0.01694	0.01198	0.06460	0.12867	0.07324	0.03351	0.03437	0.05743	0.01193	0.00854	0.00263	0.00719	0.00944	0.17807	0.18924
2	0.02983	0.02046	0.03446	0.23415	0.16593	0.02105	0.08489	0.03580	0.02442	0.20701	0.02591	0.02939	0.01823	0.01061	0.01048	0.00326	0.01219	0.00986	0.00736	0.01471
3	0.01548	0.01264	0.01395	0.01324	0.01679	0.01221	0.01004	0.02385	0.12649	0.03515	0.24981	0.07981	0.30828	0.02201	0.01180	0.00339	0.00563	0.01870	0.01030	0.01045
4	0.01689	0.01115	0.01482	0.01421	0.01698	0.01037	0.01113	0.02165	0.02820	0.07454	0.45339	0.08019	0.08618	0.02162	0.01232	0.00346	0.00583	0.09583	0.01109	0.01015
5	0.01471	0.01080	0.01549	0.01549	0.01697	0.01228	0.01157	0.01768	0.01619	0.02308	0.02841	0.04541	0.02787	0.18365	0.49502	0.01525	0.02416	0.01174	0.00563	0.00860
6	0.01530	0.01147	0.01430	0.01342	0.01620	0.01096	0.01011	0.02204	0.07361	0.04039	0.49324	0.07489	0.12352	0.02072	0.01196	0.00327	0.00515	0.01818	0.01110	0.01017
7	0.02058	0.05308	0.58618	0.02925	0.04442	0.02383	0.03792	0.03250	0.02167	0.03250	0.01842	0.02167	0.01300	0.00975	0.00975	0.00325	0.01517	0.00758	0.00433	0.01517
8	0.03901	0.02874	0.03080	0.02361	0.03182	0.03182	0.01951	0.54111	0.04825	0.06468	0.02464	0.02464	0.01745	0.01232	0.01027	0.00308	0.01129	0.00924	0.01027	0.01745
9	0.02103	0.01221	0.01413	0.01264	0.01715	0.01040	0.00983	0.02418	0.02544	0.17094	0.13035	0.08040	0.38807	0.02213	0.01166	0.00337	0.00607	0.01847	0.01050	0.01101
10	0.04094	0.01597	0.02111	0.01661	0.02350	0.01404	0.01358	0.04506	0.02788	0.47921	0.03916	0.03556	0.02557	0.01256	0.00972	0.00303	0.00798	0.01018	0.14238	0.01597
11	0.01938	0.01824	0.03078	0.61468	0.07068	0.02280	0.02850	0.02622	0.02052	0.02622	0.01824	0.02736	0.01368	0.01026	0.01026	0.00342	0.01368	0.00912	0.00456	0.01140
12	0.02496	0.01733	0.02003	0.01772	0.02269	0.01841	0.01380	0.04168	0.29147	0.12732	0.22392	0.05101	0.05301	0.01617	0.01100	0.00335	0.00709	0.01380	0.01109	0.01417
13	0.02095	0.02244	0.07986	0.29872	0.12104	0.02256	0.06082	0.03107	0.09785	0.03030	0.02301	0.02968	0.01799	0.01812	0.07773	0.00486	0.01464	0.00976	0.00560	0.01297
14	0.02501	0.01991	0.02841	0.37365	0.05321	0.02343	0.02369	0.07871	0.14378	0.08712	0.02621	0.03031	0.01909	0.01149	0.01031	0.00338	0.01175	0.00980	0.00715	0.01359
15	0.01382	0.00975	0.01281	0.01477	0.01566	0.00939	0.01051	0.01595	0.01971	0.02610	0.05184	0.41896	0.06058	0.13724	0.02017	0.00530	0.00743	0.13285	0.00893	0.00821
16	0.03901	0.02874	0.03080	0.02361	0.03182	0.03182	0.01951	0.54111	0.04825	0.06468	0.02464	0.02464	0.01745	0.01232	0.01027	0.00308	0.01129	0.00924	0.01027	0.01745
17	0.01250	0.00893	0.01191	0.01429	0.01488	0.00834	0.00953	0.01429	0.01965	0.02620	0.05656	0.63265	0.06787	0.03215	0.01310	0.00417	0.00595	0.02917	0.00953	0.00834
18	0.03390	0.02620	0.02792	0.02258	0.02988	0.02944	0.01827	0.35657	0.24113	0.05643	0.03114	0.02981	0.02271	0.01293	0.01033	0.00323	0.01009	0.01014	0.01033	0.01699
19	0.59567	0.01943	0.01661	0.01433	0.02095	0.02164	0.01181	0.03363	0.01954	0.13963	0.01886	0.01986	0.01361	0.01008	0.00704	0.00318	0.00808	0.00639	0.00746	0.01222
20	0.02445	0.02341	0.03994	0.15003	0.49571	0.02413	0.03102	0.03066	0.02292	0.03237	0.01914	0.02571	0.01585	0.00932	0.01018	0.00311	0.01243	0.00914	0.00500	0.01549
21	0.01223	0.01001	0.01080	0.01143	0.01413	0.00858	0.00826	0.01461	0.02240	0.02732	0.09135	0.24076	0.43731	0.02763	0.01239	0.00365	0.00540	0.02366	0.00953	0.00858
22	0.01357	0.00918	0.01156	0.01327	0.01392	0.00875	0.00868	0.01529	0.01892	0.02611	0.04985	0.47099	0.05827	0.14549	0.01998	0.00510	0.00660	0.02468	0.07174	0.00805
23	0.01534	0.01199	0.01779	0.01740	0.01908	0.01445	0.01367	0.01888	0.01642	0.02390	0.02627	0.03876	0.02459	0.07183	0.54949	0.01545	0.07913	0.01082	0.00541	0.00934
24	0.08915	0.02145	0.02877	0.02438	0.02618	0.02816	0.02028	0.02908	0.01797	0.11218	0.01769	0.02384	0.01508	0.01638	0.02760	0.00417	0.47069	0.00887	0.00592	0.01217
25	0.02501	0.01603	0.01903	0.01768	0.02183	0.01656	0.01364	0.10862	0.12660	0.12434	0.04486	0.25553	0.04346	0.02114	0.01148	0.00366	0.00784	0.05935	0.05052	0.01281
26	0.01938	0.01824	0.03078	0.61468	0.07068	0.02280	0.02850	0.02622	0.02052	0.02622	0.01824	0.02736	0.01368	0.01026	0.01026	0.00342	0.01368	0.00912	0.00456	0.01140
27	0.01451	0.00982	0.01218	0.01379	0.01546	0.00930	0.01024	0.01756	0.02129	0.02958	0.05803	0.34626	0.12506	0.02675	0.01206	0.00385	0.00633	0.11929	0.13979	0.00883
28	0.04006	0.01614	0.02190	0.01724	0.02414	0.01406	0.01406	0.04420	0.02931	0.47976	0.14092	0.04284	0.03895	0.01427	0.01066	0.00319	0.00799	0.01188	0.01243	0.01599
29	0.02944	0.53879	0.04980	0.01861	0.02729	0.03909	0.01790	0.11905	0.02559	0.03116	0.01606	0.01788	0.01391	0.00939	0.00722	0.00235	0.01103	0.00614	0.00541	0.01391
30	0.02101	0.01610	0.05776	0.11177	0.02973	0.01395	0.04335	0.02536	0.02302	0.12970	0.09306	0.27220	0.07878	0.02103	0.01172	0.00364	0.00874	0.01881	0.00891	0.01137
31	0.01514	0.01104	0.01349	0.01362	0.01524	0.01092	0.00938	0.02024	0.07397	0.03175	0.23984	0.22222	0.06721	0.18301	0.02258	0.00524	0.00678	0.01984	0.00942	0.00906
32	0.01542	0.00992	0.01149	0.01164	0.01224	0.01006	0.00722	0.01666	0.01643	0.02363	0.03357	0.09540	0.03633	0.44585	0.09547	0.00900	0.01057	0.01458	0.11735	0.00717
33	0.01452	0.01049	0.01372	0.01291	0.01533	0.00968	0.00968	0.01937	0.02905	0.04115	0.56992	0.07666	0.09683	0.02098	0.01210	0.00323	0.00484	0.01856	0.01130	0.00968
34	0.02206	0.02322	0.04818	0.03640	0.04453	0.02198	0.39141	0.02961	0.02405	0.03226	0.03020	0.05245	0.02780	0.01419	0.01269	0.00382	0.01509	0.15106	0.00639	0.01261
35	0.01783	0.00891	0.01337	0.01337	0.01337	0.00891	0.00891	0.01337	0.01337	0.01783	0.01783	0.03119	0.01783	0.03565	0.04011	0.70143	0.00891	0.00891	0.00446	0.00446
36	0.02190	0.07481	0.33443	0.02678	0.07314	0.02256	0.02826	0.03260	0.06721	0.03319	0.02018	0.02294	0.01532	0.00949	0.00914	0.00278	0.01230	0.00755	0.00533	0.18010
37	0.11352	0.08750	0.26664	0.13812	0.04453	0.02465	0.08532	0.03199	0.02160	0.06693	0.01914	0.02315	0.01396	0.00980	0.00943	0.00320	0.01341	0.00811	0.00527	0.01375
38	0.01597	0.00997	0.01342	0.01506	0.01649	0.00926	0.01065	0.01821	0.02090	0.07822	0.05488	0.53217	0.06316	0.03001	0.01293	0.00412	0.00652	0.06896	0.00981	0.00928
39	0.07711	0.02116	0.03171	0.09718	0.08525	0.02231	0.09543	0.08505	0.05609	0.18457	0.02822	0.06389	0.02172	0.01294	0.01262	0.00342	0.06767	0.01096	0.00820	0.01449
40	0.02913	0.02751	0.16341	0.15140	0.11761	0.02086	0.02568	0.06723	0.02598	0.19173	0.05752	0.03059	0.02235	0.01144	0.01025	0.00322	0.01174	0.00966	0.00767	0.01502
41	0.02359	0.01929	0.02939	0.27564	0.16499	0.02151	0.02394	0.03338	0.11545	0.08237	0.02836	0.08818	0.02367	0.01300	0.01055	0.00340	0.01117	0.01161	0.00694	0.01358
42	0.01468	0.01091	0.01604	0.01604	0.01772	0.01258	0.01226	0.01804	0.01636	0.02349	0.02790	0.04260	0.02665	0.12486	0.55214	0.01594	0.02599	0.01133	0.00556	0.00891
43	0.02164	0.01877	0.02305	0.01936	0.07230	0.01461	0.01384	0.02633	0.02146	0.03345	0.01833	0.02164	0.01529	0.00773	0.00782	0.00165	0.00800	0.00635	0.00599	0.64237
44	0.07967	0.01838	0.02941	0.56234	0.06625	0.02282	0.02699	0.02656	0.02025	0.02795	0.01790	0.02643	0.01346	0.01020	0.00992	0.00340	0.01318	0.00881	0.00472	0.01137
45	0.04372	0.02120	0.02613	0.02003	0.02806	0.02062	0.01655	0.21254	0.03562	0.41109	0.03524	0.03152	0.02277	0.01257	0.01030	0.00314	0.00958	0.00996	0.01190	0.01746
46	0.02155	0.01850	0.02344	0.07872	0.10106	0.02040	0.01750	0.03813	0.28255	0.03798	0.13291	0.10763	0.04344	0.01621	0.01098	0.00345	0.00835	0.01422	0.00924	0.01376
47	0.01498	0.01048	0.01425	0.01440	0.01573	0.01153	0.01044	0.01768	0.01671	0.02419	0.03103	0.08347	0.03131	0.21361	0.37148	0.01285	0.01971	0.01300	0.06476	0.00839
48	0.03531	0.01475	0.01938	0.01571	0.02162	0.01308	0.01266	0.03959	0.02792	0.38362	0.13968	0.04343	0.03911	0.01414	0.01010	0.00305	0.00730	0.01175	0.13320	0.01459
49	0.71184	0.01985	0.01508	0.01350	0.01985	0.02302	0.01111	0.03017	0.01746	0.04604	0.01429	0.01667	0.01111	0.00953	0.00635	0.00318	0.00794	0.00556	0.00635	0.01111
50	0.01938	0.01824	0.03078	0.61468	0.07068	0.02280	0.02850	0.02622	0.02052	0.02622	0.01824	0.02736	0.01368	0.01026	0.01026	0.00342	0.01368	0.00912	0.00456	0.01140
51	0.01649	0.01012	0.01288	0.01366	0.01562	0.00929	0.00968	0.01924	0.02231	0.08109	0.12443	0.39789	0.10975	0.02636	0.01205	0.00372	0.00588	0.02345	0.07659	0.00951
52	0.01559	0.01103	0.01533	0.01603	0.01798	0.01173	0.01281	0.01948	0.02027	0.02840	0.08973	0.07093	0.04463	0.09905	0.26287	0.00983	0.01633	0.17571	0.05321	0.00908

[dist]
# distance from previous block
# <min> <max>
0	0

# created by:
# /st0/software/busco_prod/Augustus/scripts/msa2prfl.pl ./align_prep/8117.fa
