[name]
unknown

[dist]
# distance from previous block
# <min> <max>
0	46

[block]
# block no. 0 follows, 11 sequences, length 14
# corresponding to MSA columns:
# 46-59
name=unknown_A
#
# <colnr> <probs for GDERKNQSTAVLIFYWHMCP>
#	G	D	E	R	K	N	Q	S	T	A	V	L	I	F	Y	W	H	M	C	P
0	0.02174	0.01887	0.02887	0.39688	0.05975	0.02273	0.02598	0.03178	0.08349	0.03280	0.02887	0.04259	0.02384	0.01396	0.01139	0.00380	0.01283	0.05637	0.07073	0.01274
1	0.01841	0.01265	0.01718	0.02017	0.06708	0.01184	0.01263	0.02125	0.02371	0.06959	0.11204	0.32647	0.11132	0.09921	0.01888	0.00495	0.00774	0.02420	0.01001	0.01066
2	0.02126	0.02001	0.03376	0.57739	0.07752	0.02501	0.03126	0.02876	0.02251	0.02876	0.02001	0.03001	0.01500	0.01125	0.01125	0.00375	0.01500	0.01000	0.00500	0.01250
3	0.01955	0.00978	0.01466	0.01466	0.01466	0.00978	0.00978	0.01466	0.01466	0.01955	0.01955	0.03421	0.01955	0.03910	0.04399	0.67253	0.00978	0.00978	0.00489	0.00489
4	0.02946	0.01456	0.01883	0.01644	0.02165	0.01301	0.01289	0.03327	0.02798	0.24488	0.12237	0.11712	0.17263	0.02814	0.06862	0.00518	0.00986	0.01775	0.01169	0.01368
5	0.01492	0.01130	0.01376	0.01350	0.01629	0.01014	0.00999	0.01916	0.02896	0.03908	0.35738	0.14388	0.22879	0.02590	0.01339	0.00372	0.00555	0.02256	0.01161	0.01014
6	0.03657	0.33669	0.04533	0.02331	0.03130	0.25367	0.02007	0.03995	0.02730	0.06667	0.01858	0.02054	0.01550	0.01077	0.00874	0.00269	0.01524	0.00693	0.00592	0.01423
7	0.01920	0.01493	0.01720	0.01627	0.01995	0.01500	0.01224	0.06479	0.11033	0.04157	0.23701	0.16932	0.16985	0.02429	0.01301	0.00381	0.00679	0.02104	0.01139	0.01202
8	0.13093	0.10847	0.22892	0.02817	0.07864	0.02681	0.02742	0.04023	0.06500	0.12545	0.02533	0.02659	0.01828	0.01141	0.00990	0.00340	0.01271	0.00872	0.00731	0.01632
9	0.08607	0.02241	0.03296	0.10514	0.08206	0.02279	0.07875	0.04639	0.11519	0.23849	0.03441	0.03441	0.02385	0.01265	0.01123	0.00361	0.01163	0.01112	0.00998	0.01685
10	0.02020	0.02025	0.12958	0.01843	0.02203	0.01331	0.01665	0.01920	0.01663	0.02303	0.01969	0.03195	0.01841	0.03296	0.03679	0.52788	0.01126	0.00946	0.00486	0.00743
11	0.02642	0.02806	0.12166	0.16676	0.04475	0.02554	0.02651	0.06656	0.11760	0.07581	0.03109	0.04201	0.02542	0.01556	0.01485	0.00399	0.08310	0.06155	0.00785	0.01490
12	0.02313	0.08653	0.02636	0.01686	0.02587	0.01778	0.01372	0.02766	0.02310	0.03470	0.02379	0.08123	0.02231	0.01123	0.00882	0.00205	0.00857	0.00918	0.00684	0.53026
13	0.08531	0.02708	0.06670	0.02290	0.02968	0.02758	0.01970	0.23588	0.07210	0.05033	0.03566	0.03754	0.08176	0.01792	0.01686	0.06096	0.07640	0.01147	0.00905	0.01509

[dist]
# distance from previous block
# <min> <max>
0	5

[block]
# block no. 1 follows, 11 sequences, length 8
# corresponding to MSA columns:
# 65-72
name=unknown_B
#
# <colnr> <probs for GDERKNQSTAVLIFYWHMCP>
#	G	D	E	R	K	N	Q	S	T	A	V	L	I	F	Y	W	H	M	C	P
0	0.30676	0.16207	0.06364	0.09313	0.03350	0.02846	0.01868	0.03409	0.02203	0.07637	0.01896	0.02198	0.01470	0.01049	0.00826	0.00315	0.01088	0.00717	0.00655	0.05914
1	0.02522	0.05032	0.41887	0.09150	0.04999	0.02722	0.03766	0.09845	0.02764	0.03975	0.02112	0.02490	0.01501	0.01114	0.01083	0.00356	0.01587	0.00875	0.00568	0.01652
2	0.01617	0.01088	0.01238	0.01238	0.01304	0.01054	0.00744	0.01615	0.01782	0.02309	0.04758	0.07556	0.12453	0.44333	0.04815	0.07979	0.00988	0.01697	0.00725	0.00709
3	0.08149	0.07799	0.09607	0.02853	0.03799	0.02344	0.15924	0.03957	0.02670	0.20095	0.03257	0.09033	0.02578	0.01389	0.01147	0.00360	0.01296	0.01291	0.00880	0.01571
4	0.01873	0.01412	0.02164	0.09449	0.02683	0.01459	0.06448	0.01995	0.01804	0.02395	0.02913	0.05592	0.03096	0.35758	0.04374	0.12538	0.01217	0.01399	0.00611	0.00819
5	0.01490	0.01148	0.01593	0.09261	0.02470	0.01148	0.01316	0.01798	0.02289	0.03023	0.09923	0.43369	0.10886	0.03035	0.01375	0.00431	0.00752	0.02728	0.00986	0.00976
6	0.13147	0.01190	0.01367	0.01552	0.01728	0.01197	0.01075	0.01873	0.02113	0.03256	0.05389	0.49540	0.06350	0.03090	0.01307	0.00438	0.00691	0.02745	0.00984	0.00968
7	0.08063	0.10015	0.16015	0.02525	0.03522	0.12427	0.02446	0.10567	0.07071	0.12899	0.02620	0.02666	0.01890	0.01206	0.01022	0.00330	0.01380	0.00887	0.00816	0.01633

[dist]
# distance from previous block
# <min> <max>
1	2

[block]
# block no. 2 follows, 11 sequences, length 40
# corresponding to MSA columns:
# 75-114
name=unknown_C
#
# <colnr> <probs for GDERKNQSTAVLIFYWHMCP>
#	G	D	E	R	K	N	Q	S	T	A	V	L	I	F	Y	W	H	M	C	P
0	0.01493	0.01196	0.01812	0.01836	0.02037	0.01107	0.05749	0.01771	0.02244	0.02961	0.06324	0.49422	0.11303	0.03209	0.01416	0.00442	0.00767	0.02937	0.00998	0.00977
1	0.02935	0.02735	0.02940	0.02229	0.03152	0.11994	0.06213	0.03434	0.02598	0.07459	0.02170	0.02462	0.01718	0.00951	0.00940	0.00225	0.01175	0.00779	0.00698	0.43195
2	0.02525	0.04004	0.30443	0.07593	0.04262	0.02282	0.03059	0.03720	0.06963	0.08823	0.07014	0.03277	0.02593	0.01236	0.01089	0.00342	0.01329	0.01009	0.00717	0.07721
3	0.02482	0.15594	0.26184	0.02860	0.03775	0.03285	0.03093	0.03212	0.02120	0.03069	0.01731	0.02294	0.01448	0.01378	0.01961	0.00383	0.22344	0.00842	0.00483	0.01462
4	0.02455	0.20375	0.41793	0.02871	0.04350	0.03098	0.03571	0.03513	0.02353	0.03323	0.01900	0.02226	0.01431	0.01041	0.00978	0.00326	0.01542	0.00771	0.00477	0.01606
5	0.02774	0.02478	0.04487	0.28570	0.06251	0.02649	0.19549	0.07892	0.02774	0.07912	0.02376	0.03055	0.01724	0.01106	0.01199	0.00371	0.01572	0.01131	0.00662	0.01468
6	0.02994	0.03194	0.17950	0.08626	0.08452	0.02241	0.11646	0.03796	0.02628	0.16446	0.03101	0.08522	0.02448	0.01367	0.01179	0.00368	0.01387	0.01263	0.00793	0.01597
7	0.03185	0.03375	0.17737	0.03347	0.04538	0.02352	0.20642	0.04051	0.02713	0.17512	0.02783	0.03027	0.01927	0.01093	0.01168	0.00348	0.01494	0.01092	0.00779	0.06837
8	0.01728	0.01123	0.01383	0.01318	0.01582	0.01059	0.00988	0.02258	0.02965	0.04428	0.39663	0.07279	0.08548	0.02036	0.01183	0.00329	0.00529	0.01771	0.18770	0.01059
9	0.02223	0.01953	0.06576	0.13201	0.08145	0.01769	0.02053	0.02955	0.06801	0.08363	0.04343	0.28081	0.04442	0.02230	0.01259	0.00404	0.01015	0.01993	0.00892	0.01301
10	0.02871	0.02404	0.03870	0.24379	0.28475	0.02587	0.03070	0.07173	0.02730	0.08161	0.02329	0.02949	0.01781	0.01110	0.01121	0.00350	0.01354	0.01014	0.00657	0.01614
11	0.01629	0.01123	0.01388	0.01388	0.01443	0.01178	0.00882	0.01740	0.01684	0.02301	0.03400	0.06553	0.03739	0.46096	0.19595	0.01289	0.01622	0.01518	0.00660	0.00771
12	0.02007	0.01770	0.02651	0.16744	0.07812	0.02077	0.02205	0.02513	0.02313	0.03140	0.08237	0.06110	0.08409	0.02639	0.07091	0.00560	0.12036	0.09771	0.00735	0.01179
13	0.02165	0.02072	0.03434	0.18008	0.04397	0.02450	0.10643	0.02632	0.02063	0.02844	0.02549	0.08857	0.02515	0.11410	0.02686	0.00536	0.17614	0.01365	0.00591	0.01167
14	0.02129	0.03194	0.21233	0.02829	0.07420	0.01980	0.06646	0.02832	0.02223	0.03181	0.02832	0.04794	0.02708	0.17929	0.02428	0.00559	0.01356	0.05139	0.00618	0.07970
15	0.03207	0.18176	0.12888	0.02140	0.03110	0.02595	0.02108	0.04042	0.07023	0.17378	0.07928	0.03392	0.02933	0.01274	0.01007	0.00309	0.01092	0.01000	0.00882	0.07516
16	0.03009	0.61122	0.05898	0.01926	0.02889	0.04454	0.01926	0.03370	0.02287	0.02648	0.01565	0.01805	0.01444	0.00963	0.00722	0.00241	0.01204	0.00602	0.00481	0.01444
17	0.02548	0.02652	0.05170	0.19795	0.19732	0.02704	0.23867	0.03364	0.02520	0.03427	0.02157	0.02956	0.01672	0.01012	0.01213	0.00366	0.01632	0.01148	0.00547	0.01519
18	0.02690	0.02632	0.04546	0.10310	0.40499	0.02754	0.07410	0.03347	0.02462	0.03510	0.02057	0.02792	0.01723	0.01105	0.01395	0.00358	0.07171	0.01030	0.00547	0.01662
19	0.02126	0.02001	0.03376	0.57739	0.07752	0.02501	0.03126	0.02876	0.02251	0.02876	0.02001	0.03001	0.01500	0.01125	0.01125	0.00375	0.01500	0.01000	0.00500	0.01250
20	0.05050	0.01915	0.02612	0.02003	0.02873	0.01654	0.01654	0.05485	0.03221	0.54203	0.04440	0.03831	0.02786	0.01393	0.01132	0.00348	0.00958	0.01132	0.01393	0.01915
21	0.01442	0.00986	0.01281	0.01517	0.01601	0.00927	0.01020	0.01669	0.02175	0.03001	0.05958	0.54334	0.07003	0.03312	0.01374	0.00438	0.00641	0.02991	0.07403	0.00927
22	0.02301	0.01402	0.01761	0.01600	0.02006	0.01322	0.01223	0.03031	0.07920	0.13303	0.31223	0.12015	0.11946	0.02217	0.01284	0.00367	0.00660	0.01930	0.01223	0.01267
23	0.04279	0.03153	0.03378	0.02590	0.03490	0.03490	0.02139	0.49671	0.05292	0.07093	0.02702	0.02702	0.01914	0.01351	0.01126	0.00338	0.01239	0.01013	0.01126	0.01914
24	0.02126	0.02001	0.03376	0.57739	0.07752	0.02501	0.03126	0.02876	0.02251	0.02876	0.02001	0.03001	0.01500	0.01125	0.01125	0.00375	0.01500	0.01000	0.00500	0.01250
25	0.01394	0.00997	0.01326	0.01552	0.01637	0.00929	0.01047	0.01624	0.02259	0.03039	0.10920	0.54520	0.07765	0.03402	0.01426	0.00447	0.00641	0.03082	0.01064	0.00929
26	0.01532	0.01094	0.01491	0.01751	0.01887	0.01053	0.01325	0.01845	0.02314	0.03053	0.06115	0.42602	0.07092	0.03374	0.01480	0.00479	0.00793	0.18719	0.01042	0.00959
27	0.02580	0.02815	0.05804	0.04221	0.05236	0.02690	0.40580	0.03712	0.07468	0.03790	0.06801	0.03607	0.02635	0.01120	0.01310	0.00378	0.01683	0.01383	0.00683	0.01505
28	0.02126	0.02001	0.03376	0.57739	0.07752	0.02501	0.03126	0.02876	0.02251	0.02876	0.02001	0.03001	0.01500	0.01125	0.01125	0.00375	0.01500	0.01000	0.00500	0.01250
29	0.03835	0.01919	0.02888	0.07240	0.07940	0.01803	0.05647	0.04378	0.02868	0.31527	0.03695	0.03668	0.02515	0.01282	0.01080	0.00335	0.01033	0.01109	0.13588	0.01650
30	0.03077	0.01367	0.01615	0.01398	0.01889	0.01255	0.01103	0.03546	0.02687	0.21925	0.04695	0.04709	0.07700	0.01490	0.00963	0.00304	0.00683	0.01207	0.37038	0.01349
31	0.02635	0.01327	0.01645	0.01448	0.01886	0.01207	0.01127	0.03116	0.02914	0.17636	0.22682	0.06251	0.10248	0.01837	0.01128	0.00330	0.00647	0.01555	0.19103	0.01277
32	0.03321	0.01666	0.02337	0.07580	0.07402	0.01587	0.01681	0.03811	0.02797	0.25535	0.08522	0.09563	0.03769	0.01607	0.01112	0.00344	0.00893	0.01376	0.13598	0.01498
33	0.02636	0.07482	0.08394	0.18280	0.09499	0.02480	0.07254	0.07293	0.02750	0.07614	0.06787	0.08806	0.02991	0.01446	0.01152	0.00359	0.01288	0.01293	0.00747	0.01448
34	0.04057	0.01700	0.02267	0.01812	0.02524	0.01478	0.01468	0.04495	0.03151	0.40153	0.13962	0.05347	0.09090	0.01701	0.01187	0.00352	0.00842	0.01418	0.01331	0.01666
35	0.01780	0.01228	0.01546	0.06978	0.02256	0.01277	0.01241	0.02392	0.06640	0.03415	0.04926	0.33384	0.05206	0.02482	0.01195	0.00387	0.00721	0.02200	0.19684	0.01063
36	0.38238	0.02603	0.07201	0.02365	0.07651	0.02471	0.01874	0.07914	0.02569	0.14179	0.02303	0.02426	0.01649	0.01136	0.00892	0.00347	0.01039	0.00803	0.00832	0.01508
37	0.02138	0.01348	0.01556	0.01459	0.01830	0.01278	0.01103	0.06604	0.02877	0.08474	0.15447	0.16287	0.18038	0.02298	0.01206	0.00359	0.00664	0.01962	0.13914	0.01158
38	0.03022	0.02761	0.08452	0.02819	0.08318	0.02247	0.06283	0.12361	0.03043	0.08899	0.02396	0.02652	0.01807	0.01035	0.01013	0.00271	0.01151	0.00885	0.00783	0.29802
39	0.02252	0.07500	0.06906	0.01767	0.02117	0.01757	0.01476	0.02316	0.01928	0.06490	0.03294	0.04586	0.07228	0.13683	0.03377	0.24329	0.06193	0.01202	0.00649	0.00948

[dist]
# distance from previous block
# <min> <max>
0	9

[block]
# block no. 3 follows, 11 sequences, length 18
# corresponding to MSA columns:
# 124-126,128-142
name=unknown_D
#
# <colnr> <probs for GDERKNQSTAVLIFYWHMCP>
#	G	D	E	R	K	N	Q	S	T	A	V	L	I	F	Y	W	H	M	C	P
0	0.03444	0.03120	0.17116	0.17092	0.04764	0.02308	0.02772	0.08310	0.02923	0.22495	0.02975	0.03111	0.01995	0.01230	0.01112	0.00357	0.01320	0.01004	0.00882	0.01671
1	0.15256	0.13555	0.16978	0.02902	0.07713	0.02928	0.06592	0.08501	0.02712	0.09661	0.02226	0.02461	0.01646	0.01096	0.00979	0.00332	0.01308	0.00860	0.00702	0.01594
2	0.01541	0.01131	0.01445	0.01404	0.01659	0.01034	0.01039	0.02009	0.03007	0.04178	0.43352	0.14333	0.14687	0.02494	0.01340	0.00368	0.00549	0.02200	0.01197	0.01034
3	0.02535	0.18675	0.08888	0.02172	0.02939	0.02524	0.06139	0.03327	0.07138	0.08017	0.12660	0.09037	0.08117	0.01668	0.01107	0.00338	0.01046	0.01417	0.00861	0.01395
4	0.01414	0.01114	0.01276	0.01298	0.01588	0.00976	0.00950	0.01755	0.02671	0.03439	0.22524	0.19023	0.32344	0.02813	0.01349	0.00386	0.00574	0.02426	0.01102	0.00976
5	0.08071	0.02159	0.03223	0.29422	0.13654	0.02432	0.02681	0.07382	0.02669	0.08366	0.02635	0.03805	0.02136	0.01324	0.01128	0.00373	0.01306	0.05081	0.00713	0.01439
6	0.01988	0.01815	0.02999	0.47514	0.06638	0.02212	0.02747	0.02638	0.02233	0.02875	0.02766	0.13324	0.02582	0.01562	0.01182	0.00390	0.01346	0.01401	0.00599	0.01189
7	0.02800	0.02418	0.02545	0.02291	0.02927	0.02800	0.01782	0.05981	0.51390	0.04708	0.04581	0.04199	0.03436	0.01527	0.01145	0.00382	0.00891	0.01273	0.01145	0.01782
8	0.02666	0.02552	0.04353	0.16096	0.45169	0.02643	0.03395	0.03350	0.02506	0.03532	0.02096	0.02825	0.01732	0.01025	0.01116	0.00342	0.01367	0.01002	0.00547	0.01687
9	0.68395	0.02177	0.01654	0.01480	0.02177	0.02525	0.01219	0.03309	0.01915	0.05050	0.01567	0.01828	0.01219	0.01045	0.00697	0.00348	0.00871	0.00609	0.00697	0.01219
10	0.14386	0.02260	0.03011	0.31912	0.05493	0.02636	0.02466	0.12751	0.02897	0.08460	0.02275	0.02805	0.01645	0.01180	0.01051	0.00361	0.01291	0.00946	0.00738	0.01437
11	0.02786	0.02674	0.04568	0.06908	0.53424	0.02674	0.03454	0.03454	0.02563	0.03677	0.02117	0.02786	0.01783	0.01003	0.01114	0.00334	0.01337	0.01003	0.00557	0.01783
12	0.02334	0.02001	0.02334	0.01667	0.02667	0.01500	0.01334	0.02834	0.02334	0.03668	0.02001	0.02334	0.01667	0.00834	0.00834	0.00167	0.00834	0.00667	0.00667	0.67325
13	0.01632	0.01112	0.01331	0.01331	0.01366	0.01147	0.00811	0.01703	0.01667	0.02259	0.03452	0.06843	0.03865	0.51222	0.14642	0.01218	0.01432	0.01560	0.00668	0.00739
14	0.02442	0.01794	0.02190	0.01979	0.02309	0.02044	0.01531	0.03554	0.15779	0.08504	0.11923	0.10569	0.04601	0.06719	0.02044	0.00451	0.12017	0.01540	0.06685	0.01325
15	0.10756	0.02052	0.02478	0.02336	0.06752	0.02070	0.01695	0.08172	0.11813	0.22853	0.04544	0.09176	0.07100	0.01658	0.01128	0.00365	0.00931	0.01370	0.01120	0.01633
16	0.04187	0.04503	0.03091	0.02717	0.03367	0.39961	0.02080	0.09443	0.07489	0.09061	0.02379	0.02483	0.01814	0.01237	0.01050	0.00309	0.01732	0.00846	0.00775	0.01476
17	0.09046	0.02204	0.03366	0.08942	0.07866	0.02171	0.10679	0.07323	0.02908	0.13016	0.10949	0.03831	0.03328	0.01306	0.01127	0.00337	0.01155	0.01186	0.00885	0.08376

[dist]
# distance from previous block
# <min> <max>
1	35

[block]
# block no. 4 follows, 11 sequences, length 14
# corresponding to MSA columns:
# 178-191
name=unknown_E
#
# <colnr> <probs for GDERKNQSTAVLIFYWHMCP>
#	G	D	E	R	K	N	Q	S	T	A	V	L	I	F	Y	W	H	M	C	P
0	0.02177	0.01927	0.02775	0.13800	0.14290	0.01828	0.02055	0.02749	0.02530	0.03600	0.11399	0.04328	0.07656	0.01351	0.01078	0.00294	0.01000	0.01185	0.00740	0.23238
1	0.03569	0.02276	0.02985	0.02973	0.12614	0.02174	0.01995	0.08616	0.11095	0.20773	0.03318	0.03257	0.02374	0.01213	0.01064	0.00310	0.01018	0.01017	0.01006	0.16354
2	0.13937	0.02583	0.02557	0.02231	0.02639	0.11879	0.01763	0.03175	0.02223	0.07562	0.02279	0.07158	0.02093	0.01800	0.02064	0.06346	0.17726	0.01035	0.00683	0.08267
3	0.05050	0.01915	0.02612	0.02003	0.02873	0.01654	0.01654	0.05485	0.03221	0.54203	0.04440	0.03831	0.02786	0.01393	0.01132	0.00348	0.00958	0.01132	0.01393	0.01915
4	0.02334	0.02001	0.02334	0.01667	0.02667	0.01500	0.01334	0.02834	0.02334	0.03668	0.02001	0.02334	0.01667	0.00834	0.00834	0.00167	0.00834	0.00667	0.00667	0.67325
5	0.04204	0.05364	0.03190	0.02900	0.03480	0.55926	0.02175	0.04494	0.03190	0.02755	0.01740	0.02030	0.01450	0.01160	0.01015	0.00290	0.02030	0.00725	0.00580	0.01305
6	0.01679	0.01076	0.01259	0.01259	0.01259	0.01076	0.00721	0.01614	0.01614	0.02152	0.03336	0.06844	0.03810	0.52974	0.05553	0.09834	0.01076	0.01550	0.00656	0.00656
7	0.04204	0.05364	0.03190	0.02900	0.03480	0.55926	0.02175	0.04494	0.03190	0.02755	0.01740	0.02030	0.01450	0.01160	0.01015	0.00290	0.02030	0.00725	0.00580	0.01305
8	0.01625	0.01139	0.01467	0.01467	0.01550	0.01221	0.00981	0.01791	0.01708	0.02360	0.03327	0.06151	0.03565	0.38993	0.26459	0.01387	0.01885	0.01459	0.00649	0.00815
9	0.04222	0.04836	0.03235	0.02826	0.03482	0.43398	0.02166	0.15288	0.03692	0.03791	0.01970	0.02190	0.01561	0.01206	0.01041	0.00301	0.01841	0.00794	0.00710	0.01450
10	0.01593	0.01150	0.01504	0.01416	0.01681	0.01062	0.01062	0.02124	0.03186	0.04513	0.52830	0.08407	0.10620	0.02301	0.01327	0.00354	0.00531	0.02035	0.01239	0.01062
11	0.04279	0.03153	0.03378	0.02590	0.03490	0.03490	0.02139	0.49671	0.05292	0.07093	0.02702	0.02702	0.01914	0.01351	0.01126	0.00338	0.01239	0.01013	0.01126	0.01914
12	0.02462	0.02462	0.03447	0.02955	0.02955	0.03447	0.02462	0.02709	0.01724	0.02709	0.01477	0.02462	0.01477	0.01970	0.03694	0.00492	0.58385	0.00985	0.00492	0.01231
13	0.02257	0.05822	0.54613	0.03208	0.04871	0.02614	0.04158	0.03564	0.02376	0.03564	0.02020	0.02376	0.01426	0.01069	0.01069	0.00356	0.01663	0.00832	0.00475	0.01663

[dist]
# distance from previous block
# <min> <max>
0	52

[block]
# block no. 5 follows, 11 sequences, length 9
# corresponding to MSA columns:
# 244-252
name=unknown_F
#
# <colnr> <probs for GDERKNQSTAVLIFYWHMCP>
#	G	D	E	R	K	N	Q	S	T	A	V	L	I	F	Y	W	H	M	C	P
0	0.02070	0.01497	0.02417	0.17044	0.10034	0.01652	0.01919	0.02162	0.01857	0.02500	0.02110	0.03341	0.01911	0.03313	0.09017	0.33315	0.01396	0.01013	0.00514	0.00919
1	0.11517	0.03113	0.16309	0.02325	0.03389	0.02210	0.02319	0.09608	0.03077	0.29980	0.03279	0.03092	0.02150	0.01263	0.01065	0.00349	0.01165	0.00979	0.01041	0.01769
2	0.03013	0.02187	0.03059	0.10109	0.03724	0.02302	0.08082	0.17942	0.03366	0.09411	0.03529	0.14557	0.03136	0.01705	0.01178	0.00365	0.01138	0.01509	0.08217	0.01473
3	0.01364	0.01109	0.01209	0.01253	0.01558	0.00954	0.00913	0.01655	0.02542	0.03149	0.14342	0.20455	0.39711	0.02934	0.01351	0.00393	0.00583	0.02509	0.01064	0.00954
4	0.02630	0.06263	0.15742	0.06852	0.09651	0.02358	0.07817	0.07079	0.02724	0.07929	0.03296	0.11397	0.03032	0.01655	0.01202	0.00381	0.01316	0.06418	0.00768	0.01493
5	0.08901	0.02881	0.03063	0.07734	0.10034	0.10784	0.02166	0.14268	0.08735	0.08507	0.02669	0.03125	0.02099	0.05211	0.01524	0.00399	0.04499	0.01012	0.00837	0.01553
6	0.02764	0.01702	0.02601	0.02238	0.02767	0.01639	0.07769	0.03460	0.06694	0.17369	0.08614	0.16471	0.04723	0.02827	0.07344	0.00558	0.01215	0.06816	0.01053	0.01377
7	0.17809	0.02434	0.02576	0.08401	0.03367	0.09088	0.01801	0.04602	0.02834	0.31289	0.03206	0.03081	0.02136	0.01259	0.01025	0.00344	0.01143	0.00954	0.01038	0.01613
8	0.18079	0.09114	0.03230	0.02190	0.03037	0.02605	0.06846	0.12843	0.03023	0.08889	0.06631	0.02963	0.02464	0.01190	0.00972	0.00307	0.01069	0.00948	0.00846	0.12755

[dist]
# distance from previous block
# <min> <max>
0	3

[block]
# block no. 6 follows, 11 sequences, length 29
# corresponding to MSA columns:
# 256-284
name=unknown_G
#
# <colnr> <probs for GDERKNQSTAVLIFYWHMCP>
#	G	D	E	R	K	N	Q	S	T	A	V	L	I	F	Y	W	H	M	C	P
0	0.02241	0.14102	0.38230	0.02739	0.04036	0.02646	0.03302	0.03217	0.02327	0.03305	0.02606	0.11334	0.02379	0.01440	0.01071	0.00353	0.01429	0.01168	0.00566	0.01509
1	0.03104	0.08816	0.21031	0.11619	0.04720	0.02770	0.07613	0.11024	0.02970	0.11933	0.02492	0.02772	0.01760	0.01152	0.01092	0.00347	0.01442	0.00964	0.00737	0.01643
2	0.03904	0.02524	0.07238	0.10297	0.03857	0.02303	0.02218	0.16151	0.03492	0.25766	0.03568	0.04084	0.02588	0.01469	0.01162	0.00365	0.01175	0.05034	0.01086	0.01720
3	0.12794	0.02184	0.03634	0.11440	0.12304	0.02266	0.13688	0.03057	0.02446	0.03672	0.03171	0.05612	0.03002	0.01628	0.01230	0.00407	0.01335	0.14082	0.00714	0.01335
4	0.02398	0.04666	0.40982	0.02828	0.04160	0.02249	0.03416	0.03442	0.02426	0.08534	0.02923	0.11573	0.02512	0.01490	0.01134	0.00372	0.01433	0.01236	0.00657	0.01570
5	0.08865	0.14140	0.16703	0.02346	0.03386	0.02865	0.02382	0.14112	0.03183	0.13125	0.06207	0.02993	0.02433	0.01257	0.01016	0.00329	0.01211	0.00952	0.00856	0.01641
6	0.02404	0.01591	0.02454	0.10813	0.03313	0.01573	0.06403	0.02921	0.02618	0.12170	0.09452	0.14826	0.08230	0.02093	0.01266	0.00394	0.00993	0.08410	0.06828	0.01248
7	0.01637	0.01091	0.01228	0.01228	0.01228	0.01091	0.00682	0.01637	0.01637	0.02182	0.03546	0.07365	0.04092	0.60445	0.05729	0.01091	0.01091	0.01637	0.00682	0.00682
8	0.02242	0.02268	0.04323	0.34381	0.06560	0.02479	0.18951	0.03012	0.02383	0.03128	0.02470	0.08057	0.02101	0.01278	0.01223	0.00384	0.01563	0.01310	0.00573	0.01313
9	0.02490	0.02501	0.04634	0.26507	0.22952	0.02650	0.15249	0.03264	0.02463	0.03341	0.02112	0.02936	0.01651	0.01037	0.01174	0.00362	0.01548	0.01086	0.00538	0.01503
10	0.02116	0.01611	0.02150	0.02022	0.02196	0.01867	0.01565	0.02367	0.02180	0.08081	0.05218	0.26596	0.12103	0.02666	0.02165	0.00446	0.20533	0.02097	0.00890	0.01131
11	0.01955	0.00978	0.01466	0.01466	0.01466	0.00978	0.00978	0.01466	0.01466	0.01955	0.01955	0.03421	0.01955	0.03910	0.04399	0.67253	0.00978	0.00978	0.00489	0.00489
12	0.10602	0.02842	0.02968	0.02322	0.03138	0.03147	0.01910	0.40221	0.04653	0.06594	0.02684	0.02763	0.01941	0.01316	0.01048	0.00331	0.01129	0.00976	0.07658	0.01756
13	0.01445	0.00987	0.01280	0.01514	0.01600	0.00928	0.01018	0.01675	0.02176	0.03008	0.05945	0.54045	0.06979	0.03300	0.01370	0.00437	0.00640	0.02980	0.07744	0.00928
14	0.02786	0.02674	0.04568	0.06908	0.53424	0.02674	0.03454	0.03454	0.02563	0.03677	0.02117	0.02786	0.01783	0.01003	0.01114	0.00334	0.01337	0.01003	0.00557	0.01783
15	0.02257	0.05822	0.54613	0.03208	0.04871	0.02614	0.04158	0.03564	0.02376	0.03564	0.02020	0.02376	0.01426	0.01069	0.01069	0.00356	0.01663	0.00832	0.00475	0.01663
16	0.04983	0.02023	0.02679	0.02054	0.02927	0.01814	0.01697	0.09336	0.03402	0.50097	0.04289	0.03733	0.02710	0.01389	0.01131	0.00347	0.00982	0.01122	0.01370	0.01915
17	0.01746	0.01272	0.01690	0.01681	0.01716	0.01429	0.01172	0.01795	0.01776	0.02451	0.03620	0.19513	0.04110	0.22591	0.08533	0.11338	0.10226	0.01803	0.00710	0.00829
18	0.02017	0.01467	0.01800	0.01601	0.01967	0.01445	0.01232	0.09630	0.03518	0.04921	0.44916	0.07507	0.09246	0.02151	0.01296	0.00351	0.00643	0.01874	0.01221	0.01197
19	0.02786	0.02674	0.04568	0.06908	0.53424	0.02674	0.03454	0.03454	0.02563	0.03677	0.02117	0.02786	0.01783	0.01003	0.01114	0.00334	0.01337	0.01003	0.00557	0.01783
20	0.04584	0.01779	0.02365	0.01852	0.02627	0.01559	0.01517	0.05033	0.03086	0.46309	0.04319	0.03889	0.02802	0.01380	0.01077	0.00335	0.00889	0.01119	0.11702	0.01779
21	0.02185	0.02057	0.02535	0.24425	0.04549	0.07332	0.02223	0.02962	0.06627	0.03170	0.04691	0.06712	0.11096	0.01941	0.01258	0.00404	0.01236	0.12613	0.00785	0.01199
22	0.68395	0.02177	0.01654	0.01480	0.02177	0.02525	0.01219	0.03309	0.01915	0.05050	0.01567	0.01828	0.01219	0.01045	0.00697	0.00348	0.00871	0.00609	0.00697	0.01219
23	0.02387	0.25858	0.07898	0.01926	0.02628	0.02817	0.01783	0.03300	0.10262	0.03549	0.15622	0.09723	0.04700	0.01659	0.01044	0.00323	0.00966	0.01353	0.00835	0.01365
24	0.68395	0.02177	0.01654	0.01480	0.02177	0.02525	0.01219	0.03309	0.01915	0.05050	0.01567	0.01828	0.01219	0.01045	0.00697	0.00348	0.00871	0.00609	0.00697	0.01219
25	0.01371	0.00979	0.01306	0.01567	0.01632	0.00914	0.01045	0.01567	0.02155	0.02873	0.06203	0.59710	0.07444	0.03526	0.01437	0.00457	0.00653	0.03200	0.01045	0.00914
26	0.62295	0.02152	0.01746	0.01530	0.02244	0.02441	0.01261	0.03518	0.02041	0.09783	0.01844	0.02021	0.01370	0.01078	0.00738	0.00348	0.00879	0.00660	0.00764	0.01286
27	0.02178	0.01243	0.01547	0.01517	0.01702	0.01195	0.01050	0.02348	0.02088	0.10650	0.04327	0.12695	0.04587	0.36537	0.03927	0.00822	0.01019	0.08728	0.00885	0.00955
28	0.02628	0.22511	0.18141	0.03221	0.11397	0.03292	0.02822	0.03282	0.02259	0.03140	0.01790	0.02267	0.01514	0.01166	0.01407	0.00326	0.11365	0.00799	0.00507	0.06168

[dist]
# distance from previous block
# <min> <max>
0	1

[block]
# block no. 7 follows, 11 sequences, length 10
# corresponding to MSA columns:
# 286-295
name=unknown_H
#
# <colnr> <probs for GDERKNQSTAVLIFYWHMCP>
#	G	D	E	R	K	N	Q	S	T	A	V	L	I	F	Y	W	H	M	C	P
0	0.01413	0.00997	0.01294	0.01514	0.01569	0.00942	0.00988	0.01578	0.02074	0.02765	0.05786	0.51491	0.06918	0.12464	0.02111	0.00557	0.00722	0.02954	0.00988	0.00878
1	0.10061	0.02906	0.02958	0.06777	0.07155	0.10813	0.02040	0.20446	0.03643	0.12814	0.02703	0.02846	0.01954	0.01253	0.01039	0.00329	0.01248	0.00950	0.06441	0.01622
2	0.02485	0.02221	0.03541	0.35477	0.09753	0.02546	0.06664	0.10203	0.02776	0.03659	0.02544	0.08362	0.02172	0.01366	0.01171	0.00374	0.01399	0.01240	0.00661	0.01385
3	0.03634	0.01583	0.01993	0.01634	0.02285	0.01379	0.01315	0.04044	0.02921	0.33321	0.06144	0.05715	0.15914	0.01762	0.01132	0.00344	0.00791	0.01444	0.11113	0.01533
4	0.02871	0.09517	0.32231	0.02830	0.04010	0.02741	0.03218	0.03757	0.02415	0.12618	0.02333	0.02606	0.01685	0.01268	0.01484	0.00367	0.10892	0.00891	0.00647	0.01618
5	0.01829	0.01311	0.01446	0.01404	0.01509	0.01374	0.00864	0.02357	0.09882	0.02601	0.03718	0.06841	0.03983	0.50681	0.04969	0.00974	0.01058	0.01576	0.00759	0.00864
6	0.02876	0.12329	0.12812	0.02855	0.03718	0.11762	0.09836	0.04082	0.12864	0.03518	0.02555	0.02849	0.02002	0.01229	0.01243	0.00341	0.05692	0.00977	0.04960	0.01501
7	0.01529	0.01092	0.01245	0.01277	0.01473	0.01007	0.00873	0.01787	0.02337	0.03137	0.14615	0.17703	0.20684	0.17597	0.02434	0.00562	0.00709	0.02157	0.06880	0.00902
8	0.13792	0.22530	0.15014	0.02204	0.03271	0.03200	0.02255	0.10604	0.02723	0.04076	0.01900	0.02143	0.01505	0.01044	0.00872	0.00290	0.01207	0.00726	0.00641	0.10003
9	0.19478	0.18979	0.03946	0.02284	0.03181	0.02848	0.09113	0.04060	0.02550	0.19671	0.02586	0.02644	0.01855	0.01116	0.00941	0.00323	0.01154	0.00885	0.00836	0.01550

[dist]
# distance from previous block
# <min> <max>
0	39

[block]
# block no. 8 follows, 11 sequences, length 12
# corresponding to MSA columns:
# 335-346
name=unknown_I
#
# <colnr> <probs for GDERKNQSTAVLIFYWHMCP>
#	G	D	E	R	K	N	Q	S	T	A	V	L	I	F	Y	W	H	M	C	P
0	0.02987	0.08789	0.07017	0.11972	0.03861	0.02818	0.02196	0.19778	0.08483	0.04517	0.02844	0.07847	0.02405	0.01700	0.01417	0.06670	0.01200	0.01169	0.00835	0.01494
1	0.02948	0.02288	0.02668	0.09116	0.03494	0.02609	0.01938	0.09204	0.32753	0.08851	0.03947	0.03901	0.02949	0.02027	0.05720	0.00493	0.01181	0.01197	0.01040	0.01675
2	0.05050	0.01915	0.02612	0.02003	0.02873	0.01654	0.01654	0.05485	0.03221	0.54203	0.04440	0.03831	0.02786	0.01393	0.01132	0.00348	0.00958	0.01132	0.01393	0.01915
3	0.03213	0.02742	0.03456	0.02795	0.03438	0.03178	0.07096	0.19832	0.19920	0.04970	0.03033	0.03195	0.02316	0.01501	0.01706	0.00390	0.13473	0.01129	0.00937	0.01680
4	0.01811	0.01144	0.01486	0.01522	0.01763	0.01040	0.01094	0.02147	0.02633	0.08614	0.21489	0.32959	0.12292	0.02853	0.01361	0.00406	0.00637	0.02539	0.01142	0.01066
5	0.03173	0.02166	0.02714	0.13148	0.03737	0.02373	0.01962	0.15836	0.11984	0.12071	0.08400	0.03879	0.03163	0.01715	0.01497	0.07412	0.01084	0.01179	0.00990	0.01518
6	0.01532	0.01121	0.01450	0.01509	0.01732	0.01039	0.01129	0.01945	0.02767	0.03770	0.29981	0.23144	0.13709	0.02792	0.01386	0.00405	0.00631	0.07811	0.01141	0.01007
7	0.11013	0.47838	0.05117	0.07523	0.03293	0.04017	0.01960	0.03313	0.02237	0.02968	0.01609	0.01929	0.01422	0.00990	0.00760	0.00268	0.01192	0.00643	0.00510	0.01397
8	0.68395	0.02177	0.01654	0.01480	0.02177	0.02525	0.01219	0.03309	0.01915	0.05050	0.01567	0.01828	0.01219	0.01045	0.00697	0.00348	0.00871	0.00609	0.00697	0.01219
9	0.02094	0.07950	0.16653	0.08422	0.06819	0.02266	0.02486	0.02778	0.02469	0.03474	0.14853	0.10998	0.04455	0.01762	0.01435	0.00373	0.07203	0.01444	0.00743	0.01323
10	0.02759	0.02487	0.02915	0.02301	0.03097	0.07118	0.06642	0.10520	0.06275	0.04247	0.08012	0.04071	0.03159	0.01350	0.01082	0.00291	0.01111	0.04755	0.00844	0.26965
11	0.02722	0.02882	0.08951	0.10776	0.08332	0.07153	0.18153	0.03417	0.02589	0.08432	0.03046	0.12628	0.02726	0.01492	0.01231	0.00375	0.01485	0.01459	0.00716	0.01434

[dist]
# distance from previous block
# <min> <max>
1	6

[block]
# block no. 9 follows, 11 sequences, length 10
# corresponding to MSA columns:
# 353-362
name=unknown_J
#
# <colnr> <probs for GDERKNQSTAVLIFYWHMCP>
#	G	D	E	R	K	N	Q	S	T	A	V	L	I	F	Y	W	H	M	C	P
0	0.12693	0.14360	0.03611	0.17632	0.04322	0.08340	0.02261	0.13147	0.02911	0.04024	0.01939	0.02398	0.01530	0.01190	0.01147	0.00336	0.05224	0.00839	0.00666	0.01430
1	0.01955	0.00978	0.01466	0.01466	0.01466	0.00978	0.00978	0.01466	0.01466	0.01955	0.01955	0.03421	0.01955	0.03910	0.04399	0.67253	0.00978	0.00978	0.00489	0.00489
2	0.03267	0.02153	0.02959	0.22027	0.04580	0.02441	0.02270	0.12504	0.03023	0.15943	0.02832	0.03207	0.02028	0.01343	0.01368	0.00362	0.07346	0.01037	0.07796	0.01513
3	0.01632	0.01098	0.01259	0.01249	0.01279	0.01088	0.00725	0.01692	0.01812	0.02446	0.09111	0.07483	0.04829	0.53879	0.05232	0.01008	0.01028	0.01682	0.00745	0.00725
4	0.02263	0.02807	0.12800	0.02740	0.03267	0.02570	0.07608	0.03071	0.07172	0.03085	0.02485	0.03688	0.02258	0.11866	0.08063	0.00668	0.20535	0.01154	0.00608	0.01291
5	0.01442	0.01064	0.01365	0.01579	0.01735	0.00988	0.01146	0.01711	0.02306	0.02991	0.07106	0.42529	0.15550	0.03330	0.01438	0.00454	0.00706	0.10574	0.01043	0.00942
6	0.02486	0.03353	0.15124	0.03617	0.04350	0.03070	0.18797	0.03192	0.02177	0.03192	0.01862	0.02640	0.01545	0.01435	0.02344	0.00426	0.27386	0.01070	0.00515	0.01418
7	0.09356	0.09064	0.11289	0.16912	0.04660	0.02509	0.07362	0.03399	0.02391	0.08357	0.02177	0.02625	0.01630	0.01047	0.01000	0.00316	0.01301	0.00881	0.00637	0.13087
8	0.01450	0.01012	0.01283	0.01467	0.01513	0.00966	0.00938	0.01588	0.02002	0.02669	0.05419	0.44255	0.06454	0.20331	0.02704	0.00644	0.00782	0.02738	0.00938	0.00846
9	0.17515	0.08506	0.02652	0.01731	0.02650	0.02218	0.01440	0.06955	0.02484	0.04160	0.01915	0.02194	0.01563	0.00939	0.00815	0.00230	0.00916	0.00676	0.00692	0.39749

[dist]
# distance from previous block
# <min> <max>
0	11

[block]
# block no. 10 follows, 11 sequences, length 23
# corresponding to MSA columns:
# 374-396
name=unknown_K
#
# <colnr> <probs for GDERKNQSTAVLIFYWHMCP>
#	G	D	E	R	K	N	Q	S	T	A	V	L	I	F	Y	W	H	M	C	P
0	0.08985	0.22038	0.12015	0.07240	0.03641	0.03204	0.05905	0.03191	0.02205	0.03273	0.01912	0.02426	0.01586	0.01197	0.01344	0.00334	0.10552	0.00833	0.06746	0.01373
1	0.29826	0.07760	0.02868	0.16457	0.07941	0.02755	0.02041	0.03630	0.09755	0.04104	0.02189	0.02571	0.01701	0.01129	0.00912	0.00349	0.01104	0.00843	0.00684	0.01381
2	0.02462	0.02462	0.03447	0.02955	0.02955	0.03447	0.02462	0.02709	0.01724	0.02709	0.01477	0.02462	0.01477	0.01970	0.03694	0.00492	0.58385	0.00985	0.00492	0.01231
3	0.01959	0.01017	0.01393	0.01393	0.01478	0.01036	0.00970	0.01810	0.01725	0.02584	0.02489	0.03712	0.02271	0.03679	0.08342	0.44137	0.01055	0.01017	0.17254	0.00679
4	0.01835	0.01215	0.01519	0.01405	0.01749	0.01088	0.01067	0.02302	0.03049	0.08507	0.39260	0.08557	0.19502	0.02346	0.01311	0.00359	0.00577	0.02034	0.01209	0.01111
5	0.03525	0.02195	0.02465	0.02067	0.02749	0.02341	0.01650	0.12975	0.22925	0.17790	0.04067	0.03841	0.02912	0.01427	0.01080	0.00346	0.00910	0.01154	0.11860	0.01720
6	0.01593	0.01150	0.01504	0.01416	0.01681	0.01062	0.01062	0.02124	0.03186	0.04513	0.52830	0.08407	0.10620	0.02301	0.01327	0.00354	0.00531	0.02035	0.01239	0.01062
7	0.04863	0.02215	0.02798	0.02145	0.03023	0.02099	0.01772	0.16189	0.03723	0.42791	0.04019	0.03557	0.02575	0.01383	0.01130	0.00346	0.01026	0.01103	0.01328	0.01915
8	0.02046	0.01894	0.03020	0.38858	0.05885	0.02373	0.02648	0.02616	0.02148	0.02848	0.02662	0.12985	0.02552	0.01689	0.01598	0.00409	0.10596	0.01388	0.00596	0.01188
9	0.52081	0.02109	0.01901	0.01615	0.02356	0.02301	0.01331	0.03869	0.02252	0.17709	0.02307	0.02344	0.01623	0.01134	0.00809	0.00348	0.00893	0.00744	0.00876	0.01398
10	0.02334	0.02001	0.02334	0.01667	0.02667	0.01500	0.01334	0.02834	0.02334	0.03668	0.02001	0.02334	0.01667	0.00834	0.00834	0.00167	0.00834	0.00667	0.00667	0.67325
11	0.02566	0.01735	0.02112	0.01714	0.02384	0.01508	0.01323	0.03195	0.06394	0.11743	0.06757	0.08182	0.03389	0.07661	0.05541	0.00461	0.01009	0.01216	0.00890	0.30220
12	0.02943	0.03812	0.24495	0.02777	0.03907	0.02514	0.06585	0.15104	0.03340	0.09194	0.10691	0.03624	0.03189	0.01360	0.01152	0.00352	0.01328	0.01141	0.00854	0.01640
13	0.03257	0.21905	0.12728	0.02136	0.03046	0.07237	0.02105	0.03827	0.02693	0.15435	0.07345	0.03225	0.02743	0.01256	0.00969	0.00304	0.01178	0.00951	0.06144	0.01516
14	0.02386	0.01341	0.01672	0.01479	0.01933	0.01177	0.01148	0.02816	0.03002	0.16631	0.27704	0.08003	0.21803	0.02242	0.01279	0.00361	0.00651	0.01912	0.01218	0.01243
15	0.01711	0.01274	0.01606	0.01501	0.01803	0.01231	0.01132	0.02500	0.07883	0.04532	0.48128	0.07997	0.09920	0.02226	0.01310	0.00357	0.00566	0.01961	0.01230	0.01132
16	0.03009	0.61122	0.05898	0.01926	0.02889	0.04454	0.01926	0.03370	0.02287	0.02648	0.01565	0.01805	0.01444	0.00963	0.00722	0.00241	0.01204	0.00602	0.00481	0.01444
17	0.04661	0.02098	0.03267	0.02448	0.03362	0.01848	0.09405	0.05180	0.03130	0.45978	0.04089	0.03702	0.02611	0.01321	0.01164	0.00353	0.01110	0.01164	0.01259	0.01851
18	0.02496	0.11745	0.02808	0.02080	0.02369	0.12084	0.01627	0.02585	0.02096	0.02534	0.02555	0.11986	0.02667	0.02931	0.06774	0.17569	0.10216	0.01251	0.00605	0.01020
19	0.62764	0.02162	0.01801	0.06261	0.02650	0.02523	0.01381	0.03272	0.01944	0.04865	0.01604	0.01928	0.01243	0.01052	0.00733	0.00351	0.00924	0.00643	0.00680	0.01222
20	0.13630	0.03699	0.27892	0.02337	0.03380	0.02138	0.02614	0.03265	0.02320	0.08254	0.06531	0.03715	0.02693	0.10846	0.01790	0.00474	0.01280	0.01049	0.00692	0.01402
21	0.02192	0.01225	0.01453	0.01354	0.01495	0.01183	0.00840	0.02262	0.01894	0.10638	0.03692	0.06791	0.03880	0.50846	0.04981	0.00970	0.01069	0.01555	0.00798	0.00882
22	0.02676	0.02286	0.03288	0.04156	0.24386	0.02439	0.02408	0.08142	0.13837	0.03934	0.02873	0.03420	0.02357	0.02602	0.10308	0.06009	0.01469	0.01097	0.00750	0.01564

[dist]
# distance from previous block
# <min> <max>
0	1

[block]
# block no. 11 follows, 11 sequences, length 9
# corresponding to MSA columns:
# 398-406
name=unknown_L
#
# <colnr> <probs for GDERKNQSTAVLIFYWHMCP>
#	G	D	E	R	K	N	Q	S	T	A	V	L	I	F	Y	W	H	M	C	P
0	0.09532	0.02485	0.03028	0.07963	0.08733	0.02663	0.02111	0.18483	0.11218	0.17441	0.03203	0.03179	0.02257	0.01305	0.01091	0.00351	0.01116	0.01046	0.01039	0.01756
1	0.02981	0.02220	0.02448	0.02162	0.02792	0.02466	0.01691	0.05519	0.39926	0.11399	0.09500	0.04580	0.04083	0.01588	0.01162	0.00374	0.00863	0.01332	0.01188	0.01726
2	0.01679	0.01227	0.01577	0.01605	0.01628	0.01337	0.01080	0.01743	0.01822	0.02485	0.04097	0.25351	0.04775	0.27172	0.03786	0.06289	0.08691	0.02060	0.00772	0.00825
3	0.14357	0.02257	0.03265	0.12281	0.09156	0.02395	0.09973	0.10274	0.02808	0.04163	0.03720	0.08541	0.09056	0.01539	0.01135	0.00368	0.01199	0.01359	0.00772	0.01382
4	0.02376	0.02270	0.07888	0.15309	0.08381	0.02013	0.11093	0.03030	0.02531	0.08635	0.08056	0.16124	0.03871	0.01750	0.01246	0.00384	0.01240	0.01647	0.00799	0.01357
5	0.02455	0.02119	0.03022	0.12103	0.17339	0.02159	0.02253	0.07462	0.06656	0.03915	0.07108	0.11034	0.03367	0.01518	0.01133	0.00334	0.01071	0.01351	0.00791	0.12808
6	0.03450	0.15957	0.03512	0.02257	0.02909	0.08486	0.01904	0.08669	0.07460	0.14489	0.03415	0.03454	0.06295	0.01500	0.01483	0.00347	0.10965	0.01049	0.00866	0.01534
7	0.01588	0.01106	0.01212	0.01205	0.01355	0.01046	0.00772	0.01757	0.02089	0.02792	0.09987	0.08143	0.18049	0.34484	0.03713	0.00761	0.00851	0.01825	0.06446	0.00820
8	0.08312	0.07480	0.08005	0.02059	0.02828	0.02385	0.01821	0.10916	0.11558	0.08317	0.04078	0.11275	0.07248	0.01677	0.01088	0.00346	0.00992	0.01365	0.00934	0.07318

[dist]
# distance from previous block
# <min> <max>
2	13

[block]
# block no. 12 follows, 11 sequences, length 22
# corresponding to MSA columns:
# 420-441
name=unknown_M
#
# <colnr> <probs for GDERKNQSTAVLIFYWHMCP>
#	G	D	E	R	K	N	Q	S	T	A	V	L	I	F	Y	W	H	M	C	P
0	0.04049	0.08036	0.03065	0.11317	0.03695	0.02236	0.01944	0.04902	0.09511	0.33670	0.03760	0.03536	0.02523	0.01323	0.01091	0.00346	0.01064	0.01075	0.01118	0.01738
1	0.03043	0.02215	0.02642	0.06390	0.03258	0.02050	0.01694	0.10962	0.07921	0.11123	0.02707	0.02839	0.02026	0.01086	0.00976	0.00257	0.00974	0.00873	0.00874	0.36092
2	0.03806	0.02886	0.10199	0.02210	0.03208	0.06376	0.02015	0.07861	0.03025	0.25762	0.03095	0.02993	0.02119	0.01178	0.01035	0.00296	0.01138	0.00924	0.00982	0.18894
3	0.02170	0.01862	0.02360	0.10564	0.03335	0.01580	0.01579	0.02668	0.02296	0.03434	0.02572	0.10238	0.02426	0.01246	0.00962	0.00239	0.00915	0.01064	0.00692	0.47799
4	0.03096	0.02438	0.03177	0.03147	0.13719	0.02400	0.02105	0.13491	0.03045	0.08498	0.02328	0.02648	0.01819	0.01146	0.01274	0.00288	0.06910	0.00886	0.00787	0.26797
5	0.01756	0.01206	0.01396	0.01306	0.01442	0.01138	0.00793	0.01786	0.01718	0.02367	0.03213	0.06377	0.03597	0.47970	0.04961	0.06083	0.01047	0.01454	0.00665	0.09724
6	0.03666	0.07797	0.09828	0.06710	0.03586	0.02512	0.02192	0.08390	0.14819	0.23303	0.03578	0.03400	0.02479	0.01321	0.01090	0.00349	0.01120	0.01061	0.01041	0.01756
7	0.01792	0.01808	0.07249	0.09523	0.03054	0.01546	0.01874	0.02508	0.06196	0.03338	0.09069	0.27023	0.05774	0.02596	0.01351	0.00434	0.00964	0.11822	0.00935	0.01143
8	0.01477	0.01098	0.01393	0.01543	0.01742	0.01014	0.01145	0.01803	0.02485	0.03258	0.14679	0.32691	0.17494	0.03112	0.01418	0.00435	0.00685	0.10487	0.01074	0.00967
9	0.17487	0.02810	0.03001	0.06817	0.03561	0.08175	0.05976	0.14018	0.13240	0.04770	0.02595	0.02776	0.01960	0.01204	0.01017	0.00336	0.01209	0.00946	0.00842	0.07258
10	0.01513	0.01122	0.01411	0.01393	0.01646	0.01020	0.01024	0.01949	0.02917	0.04003	0.38401	0.16971	0.17290	0.02589	0.01345	0.00375	0.00557	0.02278	0.01175	0.01020
11	0.15716	0.10845	0.11457	0.02322	0.03264	0.02696	0.06140	0.11284	0.02916	0.12584	0.02568	0.02727	0.01863	0.01163	0.00965	0.00327	0.01170	0.00902	0.07535	0.01556
12	0.03015	0.38969	0.05899	0.02814	0.03824	0.03896	0.15922	0.07455	0.02657	0.03316	0.01873	0.02246	0.01563	0.00992	0.00936	0.00290	0.01411	0.00852	0.00563	0.01507
13	0.01361	0.01018	0.01266	0.01464	0.01605	0.00923	0.00999	0.01579	0.02254	0.02914	0.07459	0.47908	0.18436	0.03363	0.01411	0.00438	0.00633	0.03001	0.01045	0.00923
14	0.01456	0.01105	0.01341	0.01366	0.01619	0.00990	0.00992	0.01826	0.02737	0.03645	0.28286	0.21783	0.23213	0.02776	0.01355	0.00388	0.00573	0.02429	0.01130	0.00990
15	0.02897	0.02641	0.02616	0.01981	0.02909	0.09214	0.01576	0.10503	0.02920	0.04088	0.02077	0.02351	0.01677	0.00960	0.00905	0.00211	0.01060	0.00730	0.00728	0.47957
16	0.02308	0.13179	0.11536	0.02367	0.03245	0.02459	0.08612	0.03361	0.10291	0.03579	0.08567	0.04781	0.12391	0.01530	0.01107	0.00331	0.01113	0.01314	0.00787	0.07140
17	0.02560	0.25730	0.15288	0.06968	0.03704	0.03152	0.06034	0.03219	0.02300	0.03189	0.02082	0.02553	0.01697	0.01132	0.01118	0.00310	0.05709	0.00841	0.11011	0.01402
18	0.02284	0.01830	0.02461	0.10921	0.03307	0.01974	0.04456	0.11482	0.07776	0.03851	0.04270	0.26849	0.04446	0.06780	0.01624	0.00458	0.01030	0.02008	0.00928	0.01263
19	0.12921	0.09914	0.03038	0.22992	0.07080	0.02409	0.02140	0.03027	0.02321	0.07707	0.03335	0.09175	0.06645	0.01502	0.01052	0.00357	0.01137	0.01239	0.00712	0.01298
20	0.07740	0.14443	0.02854	0.01851	0.02405	0.02389	0.01521	0.11526	0.02956	0.07034	0.11243	0.16244	0.04497	0.02447	0.05478	0.00465	0.01085	0.01565	0.00929	0.01329
21	0.03294	0.19747	0.08257	0.06611	0.03453	0.02641	0.06074	0.03866	0.02608	0.18118	0.02875	0.03028	0.02091	0.01165	0.00967	0.00308	0.01148	0.00942	0.11278	0.01529

[dist]
# distance from previous block
# <min> <max>
0	887

# created by:
# /st0/software/busco_prod/Augustus/scripts/msa2prfl.pl ./align_prep/8130.fa
