[name]
unknown

[dist]
# distance from previous block
# <min> <max>
1	345

[block]
# block no. 0 follows, 11 sequences, length 33
# corresponding to MSA columns:
# 355-387
name=unknown_A
#
# <colnr> <probs for GDERKNQSTAVLIFYWHMCP>
#	G	D	E	R	K	N	Q	S	T	A	V	L	I	F	Y	W	H	M	C	P
0	0.03283	0.02444	0.02344	0.02009	0.02517	0.10870	0.01513	0.11612	0.07538	0.13713	0.08841	0.04815	0.03688	0.17102	0.02352	0.00537	0.01166	0.01291	0.00984	0.01380
1	0.02716	0.02625	0.08269	0.14271	0.16507	0.02404	0.12157	0.03662	0.06362	0.09157	0.07771	0.03641	0.02828	0.01236	0.01182	0.00360	0.01350	0.01194	0.00748	0.01559
2	0.02608	0.01978	0.03023	0.24243	0.10047	0.02276	0.02444	0.03127	0.02348	0.10946	0.03208	0.04361	0.05238	0.05666	0.01892	0.00444	0.10303	0.03789	0.00721	0.01339
3	0.02140	0.01195	0.01565	0.01580	0.01812	0.01100	0.01106	0.02388	0.02392	0.12750	0.10629	0.35164	0.06383	0.11876	0.02037	0.00524	0.00766	0.02431	0.01076	0.01086
4	0.14810	0.02415	0.03861	0.20738	0.26026	0.02611	0.07120	0.03270	0.02358	0.03689	0.01995	0.02694	0.01587	0.01042	0.01059	0.00353	0.01350	0.00958	0.00567	0.01496
5	0.02056	0.01364	0.01725	0.01811	0.02084	0.01363	0.01350	0.02822	0.10505	0.08530	0.05715	0.37408	0.06149	0.02910	0.01375	0.00443	0.00784	0.09331	0.01096	0.01180
6	0.02334	0.02001	0.02334	0.01667	0.02667	0.01500	0.01334	0.02834	0.02334	0.03668	0.02001	0.02334	0.01667	0.00834	0.00834	0.00167	0.00834	0.00667	0.00667	0.67325
7	0.02719	0.02146	0.03759	0.20266	0.14081	0.02208	0.11305	0.03352	0.02532	0.11747	0.03139	0.11967	0.02735	0.01489	0.01211	0.00377	0.01322	0.01428	0.00758	0.01458
8	0.01371	0.01142	0.01197	0.01183	0.01545	0.00968	0.00887	0.01695	0.02662	0.03271	0.17875	0.10453	0.46351	0.02765	0.01330	0.00376	0.00564	0.02322	0.01075	0.00968
9	0.02960	0.02498	0.02635	0.02323	0.02988	0.02875	0.01820	0.10728	0.46382	0.04967	0.04377	0.04037	0.03270	0.01508	0.01143	0.00377	0.00929	0.01244	0.01143	0.01796
10	0.58378	0.02329	0.01924	0.01653	0.02382	0.02676	0.01363	0.10552	0.02443	0.05369	0.01745	0.01965	0.01328	0.01093	0.00764	0.00347	0.00928	0.00673	0.00764	0.01328
11	0.01672	0.01342	0.01872	0.01841	0.02057	0.01542	0.01462	0.02046	0.02006	0.02769	0.04613	0.06105	0.11974	0.06237	0.35440	0.01289	0.08545	0.05457	0.00709	0.01023
12	0.01436	0.01094	0.01337	0.01505	0.01717	0.00995	0.01114	0.01721	0.02380	0.03022	0.08023	0.33781	0.23585	0.03209	0.01420	0.00440	0.00692	0.10536	0.01043	0.00949
13	0.01490	0.01059	0.01318	0.01412	0.01528	0.00998	0.00938	0.01715	0.02279	0.03072	0.16422	0.30668	0.10460	0.18414	0.02552	0.00598	0.00737	0.02460	0.00992	0.00888
14	0.04120	0.02083	0.02576	0.02053	0.02809	0.02031	0.01667	0.13323	0.08839	0.32203	0.11689	0.04374	0.03917	0.01542	0.01163	0.00351	0.00937	0.01266	0.01292	0.01767
15	0.68395	0.02177	0.01654	0.01480	0.02177	0.02525	0.01219	0.03309	0.01915	0.05050	0.01567	0.01828	0.01219	0.01045	0.00697	0.00348	0.00871	0.00609	0.00697	0.01219
16	0.01763	0.01210	0.01431	0.01339	0.01708	0.01061	0.01017	0.02174	0.02906	0.08000	0.29918	0.09128	0.29246	0.02475	0.01312	0.00365	0.00585	0.02115	0.01164	0.01082
17	0.03071	0.01446	0.01945	0.01716	0.02198	0.01287	0.01321	0.03473	0.02935	0.26166	0.19254	0.19662	0.06317	0.02215	0.01269	0.00378	0.00752	0.01936	0.01257	0.01403
18	0.02714	0.01743	0.01864	0.01600	0.02047	0.01844	0.01244	0.17711	0.03334	0.05000	0.08399	0.04407	0.03465	0.06294	0.01359	0.00364	0.00803	0.01187	0.33321	0.01300
19	0.58378	0.02329	0.01924	0.01653	0.02382	0.02676	0.01363	0.10552	0.02443	0.05369	0.01745	0.01965	0.01328	0.01093	0.00764	0.00347	0.00928	0.00673	0.00764	0.01328
20	0.02601	0.02191	0.02566	0.06481	0.03216	0.02002	0.01639	0.08418	0.10313	0.04137	0.02480	0.02720	0.01957	0.01022	0.00938	0.00236	0.00941	0.00827	0.00778	0.44538
21	0.02656	0.02247	0.03102	0.02576	0.02966	0.02668	0.06221	0.14679	0.02748	0.03857	0.02447	0.03505	0.02183	0.08319	0.16800	0.00840	0.19014	0.01137	0.00709	0.01328
22	0.18405	0.01506	0.01675	0.01544	0.01952	0.01508	0.01152	0.02882	0.02449	0.13604	0.14567	0.15412	0.05208	0.11135	0.01845	0.00486	0.00806	0.01672	0.01014	0.01178
23	0.01796	0.01108	0.01428	0.01546	0.01728	0.01014	0.01065	0.02012	0.02276	0.08537	0.06340	0.44495	0.11350	0.07556	0.01719	0.00485	0.00712	0.02766	0.01056	0.01011
24	0.51769	0.03002	0.02052	0.01848	0.02514	0.16356	0.01466	0.03616	0.02245	0.04455	0.01612	0.01881	0.01279	0.01075	0.00779	0.00333	0.01171	0.00639	0.00666	0.01241
25	0.02029	0.01228	0.01527	0.01472	0.01818	0.01087	0.01094	0.02381	0.02729	0.11881	0.19915	0.22221	0.21026	0.02644	0.01325	0.00389	0.00646	0.02301	0.01155	0.01131
26	0.01780	0.01083	0.01451	0.01616	0.01770	0.00996	0.01112	0.02002	0.02273	0.08573	0.06008	0.53505	0.06927	0.03289	0.01403	0.00445	0.00687	0.02970	0.01083	0.01025
27	0.16415	0.02624	0.02656	0.02232	0.02972	0.02984	0.01793	0.20587	0.25533	0.05603	0.03328	0.03207	0.02466	0.01370	0.01049	0.00360	0.01007	0.01050	0.01049	0.01715
28	0.03155	0.02530	0.08524	0.08509	0.07129	0.02109	0.02164	0.04286	0.12106	0.17354	0.03167	0.03207	0.02274	0.01188	0.01052	0.00313	0.01078	0.00987	0.00908	0.17958
29	0.09821	0.02961	0.17456	0.08427	0.03665	0.02092	0.02388	0.07128	0.02635	0.11800	0.03444	0.16825	0.03157	0.01755	0.01141	0.00380	0.01162	0.01475	0.00843	0.01445
30	0.24689	0.01916	0.01985	0.01754	0.02306	0.02039	0.01378	0.11706	0.02942	0.10226	0.11093	0.15613	0.04320	0.01867	0.01081	0.00370	0.00850	0.01519	0.01012	0.01336
31	0.02765	0.01707	0.02078	0.01820	0.02320	0.01709	0.01414	0.07448	0.12544	0.15238	0.24831	0.10824	0.06557	0.01991	0.01244	0.00366	0.00761	0.01717	0.01227	0.01440
32	0.02589	0.02494	0.08615	0.22105	0.09117	0.02323	0.06858	0.08276	0.02842	0.07651	0.08590	0.07566	0.03171	0.01446	0.01183	0.00367	0.01296	0.01301	0.00771	0.01440

[dist]
# distance from previous block
# <min> <max>
0	1

[block]
# block no. 1 follows, 11 sequences, length 56
# corresponding to MSA columns:
# 389-444
name=unknown_B
#
# <colnr> <probs for GDERKNQSTAVLIFYWHMCP>
#	G	D	E	R	K	N	Q	S	T	A	V	L	I	F	Y	W	H	M	C	P
0	0.02971	0.21999	0.04049	0.18035	0.04378	0.03290	0.02314	0.15681	0.03125	0.03998	0.02478	0.03579	0.02138	0.01349	0.01038	0.00336	0.01279	0.05769	0.00722	0.01472
1	0.01371	0.00979	0.01306	0.01567	0.01632	0.00914	0.01045	0.01567	0.02155	0.02873	0.06203	0.59710	0.07444	0.03526	0.01437	0.00457	0.00653	0.03200	0.01045	0.00914
2	0.03499	0.02568	0.02433	0.02107	0.02635	0.13945	0.01617	0.07945	0.08273	0.16361	0.08441	0.03778	0.03155	0.01995	0.01835	0.14819	0.01174	0.01111	0.00947	0.01361
3	0.14921	0.01669	0.01718	0.01544	0.02077	0.01618	0.01186	0.07386	0.02609	0.03943	0.05856	0.17364	0.18977	0.02148	0.01125	0.00351	0.00763	0.01779	0.00923	0.12043
4	0.01468	0.01082	0.01374	0.01435	0.01639	0.00988	0.01025	0.01832	0.02692	0.03658	0.28569	0.28867	0.15492	0.02861	0.01371	0.00398	0.00584	0.02541	0.01135	0.00988
5	0.02626	0.32908	0.21883	0.02585	0.03734	0.03438	0.06330	0.03362	0.02372	0.03091	0.02156	0.03044	0.01899	0.01185	0.00958	0.00314	0.01396	0.04693	0.00535	0.01488
6	0.17891	0.03391	0.02731	0.02433	0.02846	0.23531	0.01917	0.03479	0.02501	0.03451	0.07210	0.02800	0.02407	0.01481	0.01711	0.00366	0.17049	0.00913	0.00654	0.01239
7	0.11033	0.01708	0.02172	0.01810	0.02464	0.01564	0.01442	0.04238	0.02900	0.34984	0.09698	0.13243	0.04231	0.01803	0.01155	0.00367	0.00852	0.01511	0.01243	0.01582
8	0.02098	0.01049	0.01049	0.01049	0.01311	0.01049	0.00787	0.02623	0.02360	0.04196	0.03672	0.04196	0.02885	0.01311	0.00787	0.00262	0.00525	0.01049	0.66693	0.01049
9	0.01371	0.00979	0.01306	0.01567	0.01632	0.00914	0.01045	0.01567	0.02155	0.02873	0.06203	0.59710	0.07444	0.03526	0.01437	0.00457	0.00653	0.03200	0.01045	0.00914
10	0.04667	0.02530	0.02992	0.02294	0.03180	0.02566	0.01895	0.27422	0.04249	0.30814	0.03577	0.03271	0.02353	0.01372	0.01129	0.00343	0.01097	0.01073	0.01260	0.01915
11	0.01595	0.01082	0.01307	0.01345	0.01571	0.01003	0.00973	0.01997	0.02649	0.03788	0.24283	0.21978	0.14327	0.02519	0.01250	0.00368	0.00569	0.02207	0.14186	0.01003
12	0.01330	0.01140	0.01140	0.01140	0.01520	0.00950	0.00855	0.01615	0.02565	0.03041	0.11402	0.10832	0.52967	0.02850	0.01330	0.00380	0.00570	0.02375	0.01045	0.00950
13	0.51036	0.02105	0.01917	0.01623	0.02368	0.02286	0.01338	0.03905	0.02273	0.18520	0.02355	0.02377	0.01648	0.01140	0.00816	0.00348	0.00895	0.00753	0.00887	0.01410
14	0.01463	0.01050	0.01388	0.01505	0.01653	0.00975	0.01052	0.01796	0.02579	0.03549	0.25401	0.38587	0.08752	0.03022	0.01392	0.00415	0.00603	0.02720	0.01125	0.00975
15	0.04908	0.02143	0.02753	0.02110	0.02987	0.01992	0.01743	0.13611	0.03602	0.45540	0.04121	0.03623	0.02626	0.01385	0.01131	0.00346	0.01009	0.01110	0.01344	0.01915
16	0.05050	0.01915	0.02612	0.02003	0.02873	0.01654	0.01654	0.05485	0.03221	0.54203	0.04440	0.03831	0.02786	0.01393	0.01132	0.00348	0.00958	0.01132	0.01393	0.01915
17	0.68395	0.02177	0.01654	0.01480	0.02177	0.02525	0.01219	0.03309	0.01915	0.05050	0.01567	0.01828	0.01219	0.01045	0.00697	0.00348	0.00871	0.00609	0.00697	0.01219
18	0.04477	0.02200	0.02743	0.02178	0.02990	0.02139	0.01810	0.17739	0.03743	0.35222	0.04111	0.04477	0.02941	0.01568	0.01176	0.00364	0.01046	0.05980	0.01278	0.01819
19	0.02257	0.05822	0.54613	0.03208	0.04871	0.02614	0.04158	0.03564	0.02376	0.03564	0.02020	0.02376	0.01426	0.01069	0.01069	0.00356	0.01663	0.00832	0.00475	0.01663
20	0.01415	0.01014	0.01346	0.01537	0.01642	0.00944	0.01048	0.01678	0.02360	0.03200	0.15484	0.49499	0.08076	0.03282	0.01415	0.00437	0.00629	0.02968	0.01083	0.00944
21	0.03012	0.07073	0.03319	0.08512	0.03429	0.02976	0.02186	0.12208	0.02849	0.09401	0.07749	0.03318	0.02710	0.01649	0.02131	0.00398	0.23751	0.01093	0.00797	0.01440
22	0.02614	0.01283	0.01743	0.01701	0.02022	0.01160	0.01237	0.02832	0.02446	0.19478	0.05288	0.37014	0.05488	0.02864	0.01576	0.05808	0.00778	0.02349	0.01113	0.01205
23	0.03244	0.02829	0.08556	0.08173	0.03767	0.02465	0.02153	0.20176	0.03482	0.09167	0.02468	0.02672	0.01809	0.01127	0.01022	0.00287	0.01153	0.00886	0.00858	0.23705
24	0.02434	0.16248	0.41362	0.03085	0.04571	0.02987	0.07372	0.03530	0.02382	0.03391	0.01953	0.02320	0.01452	0.01039	0.01023	0.00336	0.01594	0.00827	0.00484	0.01609
25	0.01396	0.00998	0.01328	0.01551	0.01638	0.00930	0.01047	0.01628	0.02268	0.03053	0.11328	0.54072	0.07793	0.03392	0.01425	0.00446	0.00640	0.03072	0.01066	0.00930
26	0.02976	0.02341	0.03579	0.34603	0.06096	0.02661	0.06786	0.13758	0.03077	0.09493	0.02449	0.03027	0.01752	0.01190	0.01144	0.00364	0.01417	0.01046	0.00745	0.01496
27	0.09442	0.02281	0.03656	0.31978	0.24920	0.02571	0.03050	0.03147	0.02336	0.03419	0.02000	0.02792	0.01580	0.01069	0.01075	0.00356	0.01370	0.00960	0.00543	0.01454
28	0.03325	0.09247	0.03085	0.02346	0.02994	0.13418	0.01865	0.18275	0.14137	0.04541	0.03379	0.12199	0.03017	0.01669	0.01116	0.00347	0.01219	0.01330	0.00940	0.01549
29	0.09986	0.01988	0.02780	0.16224	0.11121	0.01993	0.02098	0.03365	0.02455	0.13426	0.02909	0.09106	0.02448	0.01358	0.01055	0.00329	0.01079	0.01160	0.00797	0.14321
30	0.02513	0.02367	0.03853	0.27489	0.28966	0.02616	0.03135	0.03490	0.07764	0.03457	0.02338	0.03029	0.01846	0.01111	0.01122	0.00356	0.01356	0.01031	0.00598	0.01562
31	0.02443	0.02496	0.04724	0.08732	0.10024	0.02338	0.25649	0.03211	0.02606	0.03660	0.07737	0.03459	0.02669	0.01096	0.01191	0.00330	0.01444	0.01213	0.00654	0.14324
32	0.02041	0.01649	0.01876	0.01731	0.02155	0.01735	0.01324	0.03591	0.22129	0.04433	0.29390	0.07006	0.12298	0.02054	0.01256	0.00368	0.00677	0.01771	0.01181	0.01334
33	0.02042	0.01201	0.01577	0.01636	0.01906	0.01095	0.01211	0.02352	0.02514	0.11554	0.10596	0.35551	0.11702	0.02948	0.01378	0.00428	0.00726	0.07354	0.01119	0.01110
34	0.16691	0.01364	0.01432	0.01346	0.01718	0.01380	0.01034	0.02429	0.02710	0.04455	0.29621	0.06441	0.10873	0.01902	0.01097	0.00340	0.00610	0.01581	0.11891	0.01086
35	0.01792	0.01376	0.01619	0.01670	0.01975	0.01382	0.01277	0.02599	0.12091	0.03288	0.06953	0.18699	0.19642	0.02883	0.01685	0.07546	0.00785	0.10659	0.01004	0.01076
36	0.02507	0.02163	0.02265	0.02062	0.02647	0.02431	0.01597	0.05112	0.41672	0.04376	0.05939	0.05519	0.13294	0.01790	0.01182	0.00381	0.00827	0.01492	0.01125	0.01616
37	0.08599	0.01470	0.01767	0.01588	0.02050	0.01356	0.01193	0.03159	0.02523	0.21601	0.05748	0.17681	0.13247	0.10632	0.01862	0.00485	0.00830	0.01843	0.01088	0.01277
38	0.23652	0.02278	0.02386	0.01920	0.02681	0.02413	0.01576	0.18016	0.03365	0.19481	0.02956	0.02920	0.02056	0.01266	0.00961	0.00336	0.00970	0.00929	0.08230	0.01610
39	0.01404	0.01143	0.01242	0.01217	0.01565	0.00981	0.00913	0.01758	0.02739	0.03452	0.22988	0.10154	0.41123	0.02697	0.01329	0.00373	0.00559	0.02280	0.01099	0.00981
40	0.04143	0.02259	0.02638	0.02088	0.02858	0.02302	0.01704	0.20495	0.07959	0.25990	0.03731	0.03524	0.02553	0.01378	0.01079	0.00335	0.00985	0.01090	0.11119	0.01773
41	0.02566	0.01417	0.01716	0.01609	0.02004	0.01345	0.01194	0.03181	0.07842	0.16315	0.05815	0.21609	0.11596	0.07401	0.01616	0.00444	0.00769	0.01968	0.08328	0.01265
42	0.09833	0.01368	0.01529	0.01402	0.01776	0.01340	0.01037	0.03037	0.02344	0.15014	0.03867	0.10530	0.03411	0.12931	0.01877	0.00472	0.00783	0.01368	0.24904	0.01177
43	0.03736	0.02627	0.02845	0.02293	0.03054	0.02885	0.01858	0.29596	0.16355	0.10375	0.03435	0.03343	0.02480	0.01395	0.01094	0.00341	0.01048	0.01093	0.08361	0.01786
44	0.01920	0.00990	0.01440	0.01440	0.01440	0.00990	0.00945	0.01485	0.01485	0.01980	0.02129	0.03852	0.02188	0.10085	0.04544	0.60026	0.00990	0.01050	0.00510	0.00510
45	0.02593	0.01412	0.01803	0.01717	0.02110	0.01347	0.01321	0.03234	0.07033	0.16520	0.12042	0.22037	0.05758	0.02341	0.01259	0.00393	0.00761	0.06641	0.08384	0.01295
46	0.02082	0.01321	0.01620	0.01602	0.01833	0.01307	0.01134	0.02620	0.07488	0.08693	0.09987	0.19830	0.05608	0.22602	0.02856	0.00651	0.00884	0.05831	0.00989	0.01063
47	0.02079	0.01518	0.01723	0.01603	0.01982	0.01595	0.01222	0.03425	0.17858	0.04502	0.26893	0.06162	0.06664	0.01840	0.01150	0.00342	0.00640	0.01578	0.15944	0.01281
48	0.01969	0.01214	0.01614	0.01576	0.01757	0.01256	0.01110	0.02195	0.01933	0.08105	0.03727	0.11549	0.03817	0.27501	0.24355	0.01221	0.01779	0.01584	0.00768	0.00968
49	0.14727	0.01667	0.01812	0.01666	0.02159	0.01718	0.01283	0.03548	0.11499	0.13085	0.08977	0.15178	0.08575	0.01957	0.01115	0.00371	0.00762	0.01633	0.06930	0.01337
50	0.11201	0.01980	0.02328	0.01877	0.02612	0.01949	0.01528	0.09645	0.07309	0.31187	0.03822	0.03581	0.02592	0.01349	0.01028	0.00336	0.00902	0.01060	0.12032	0.01685
51	0.01641	0.01123	0.01360	0.01413	0.01489	0.01109	0.00937	0.01799	0.02002	0.02684	0.09525	0.12253	0.05448	0.40406	0.04240	0.00869	0.00988	0.09085	0.00828	0.00799
52	0.02321	0.18846	0.10764	0.11181	0.03576	0.02640	0.02142	0.03198	0.07615	0.03399	0.08311	0.09589	0.03444	0.01521	0.01034	0.00332	0.01094	0.01251	0.06397	0.01346
53	0.09495	0.01375	0.01701	0.01616	0.01994	0.01340	0.01225	0.02712	0.02523	0.13619	0.14285	0.20459	0.09451	0.03250	0.09145	0.00593	0.01048	0.01927	0.01050	0.01191
54	0.08688	0.01305	0.01474	0.01477	0.01783	0.01285	0.01088	0.02288	0.06237	0.03855	0.23105	0.21917	0.16283	0.02550	0.01277	0.00389	0.00635	0.02211	0.01084	0.01070
55	0.07364	0.01789	0.02234	0.02286	0.07619	0.01802	0.01523	0.10393	0.02878	0.12231	0.09173	0.15654	0.04456	0.13095	0.02056	0.00509	0.00956	0.01667	0.00991	0.01325

[dist]
# distance from previous block
# <min> <max>
3	5

[block]
# block no. 2 follows, 11 sequences, length 7
# corresponding to MSA columns:
# 450-456
name=unknown_C
#
# <colnr> <probs for GDERKNQSTAVLIFYWHMCP>
#	G	D	E	R	K	N	Q	S	T	A	V	L	I	F	Y	W	H	M	C	P
0	0.02645	0.08116	0.16265	0.02124	0.03280	0.02062	0.02152	0.03337	0.02430	0.08625	0.02213	0.02449	0.01697	0.00962	0.00915	0.00241	0.01094	0.00751	0.00674	0.37968
1	0.01861	0.02032	0.10028	0.02375	0.08485	0.01524	0.01730	0.02225	0.02030	0.02792	0.03711	0.13228	0.04055	0.30749	0.03460	0.00744	0.01150	0.06070	0.00716	0.01038
2	0.02047	0.01199	0.01622	0.01719	0.01963	0.01114	0.01288	0.02368	0.02488	0.11094	0.09667	0.37871	0.06792	0.03015	0.01403	0.00443	0.00764	0.10923	0.01113	0.01105
3	0.10532	0.07735	0.10551	0.11113	0.04237	0.02389	0.12384	0.03015	0.02313	0.03480	0.02626	0.11420	0.02442	0.01392	0.01084	0.00345	0.01287	0.01265	0.00641	0.09753
4	0.23047	0.11076	0.15983	0.02233	0.03146	0.02803	0.02267	0.03220	0.02113	0.03786	0.01730	0.02135	0.01407	0.01153	0.01281	0.00332	0.10067	0.00731	0.00576	0.10914
5	0.01487	0.01062	0.01439	0.01700	0.01816	0.01014	0.01247	0.01768	0.02269	0.03003	0.06139	0.47365	0.07190	0.03417	0.01468	0.00473	0.00754	0.14398	0.01043	0.00946
6	0.03526	0.18457	0.11907	0.02539	0.03511	0.10628	0.02379	0.21539	0.07124	0.04663	0.02314	0.02442	0.01767	0.01196	0.01002	0.00313	0.01378	0.00861	0.00789	0.01665

[dist]
# distance from previous block
# <min> <max>
0	22

[block]
# block no. 3 follows, 11 sequences, length 23
# corresponding to MSA columns:
# 479-501
name=unknown_D
#
# <colnr> <probs for GDERKNQSTAVLIFYWHMCP>
#	G	D	E	R	K	N	Q	S	T	A	V	L	I	F	Y	W	H	M	C	P
0	0.02734	0.02633	0.13925	0.07320	0.03468	0.01887	0.02199	0.03598	0.06346	0.14890	0.06953	0.08121	0.03232	0.02243	0.07088	0.00501	0.01313	0.01247	0.00875	0.09429
1	0.16331	0.01876	0.02294	0.15823	0.03634	0.01992	0.01746	0.06346	0.02433	0.03875	0.06172	0.09198	0.02861	0.01634	0.01281	0.05540	0.01011	0.01167	0.00737	0.14049
2	0.02345	0.07671	0.03409	0.08652	0.03311	0.03132	0.02314	0.02651	0.01885	0.02741	0.02112	0.09360	0.02196	0.01972	0.02867	0.00452	0.39938	0.01218	0.00559	0.01215
3	0.02211	0.01285	0.01685	0.01572	0.01937	0.01166	0.01214	0.02667	0.02984	0.13400	0.31702	0.13700	0.11824	0.02373	0.01321	0.00379	0.00667	0.05502	0.01215	0.01194
4	0.02458	0.01481	0.01951	0.01992	0.05685	0.01448	0.01373	0.03129	0.08291	0.12089	0.19105	0.11323	0.05638	0.02190	0.01582	0.08419	0.00767	0.01618	0.08212	0.01250
5	0.04723	0.01926	0.02578	0.01962	0.02848	0.01636	0.01616	0.05166	0.03114	0.48112	0.04146	0.03650	0.02651	0.01326	0.01096	0.00326	0.00943	0.01076	0.01306	0.09799
6	0.02113	0.01380	0.01712	0.01552	0.01944	0.01311	0.01190	0.02896	0.08398	0.10363	0.37211	0.07659	0.13496	0.02167	0.01284	0.00359	0.00626	0.01880	0.01226	0.01231
7	0.30011	0.01841	0.01900	0.01593	0.02267	0.01880	0.01298	0.04011	0.02515	0.23961	0.03121	0.03098	0.02174	0.01235	0.00884	0.00330	0.00833	0.00904	0.14688	0.01454
8	0.03971	0.03000	0.03205	0.02527	0.03373	0.03347	0.02065	0.40587	0.14876	0.06598	0.03093	0.03013	0.02230	0.01388	0.01130	0.00347	0.01166	0.01067	0.01130	0.01887
9	0.01371	0.00979	0.01306	0.01567	0.01632	0.00914	0.01045	0.01567	0.02155	0.02873	0.06203	0.59710	0.07444	0.03526	0.01437	0.00457	0.00653	0.03200	0.01045	0.00914
10	0.20728	0.01663	0.01820	0.01592	0.02173	0.01632	0.01259	0.03575	0.02544	0.22093	0.04588	0.12105	0.08504	0.01754	0.01039	0.00357	0.00796	0.01413	0.08989	0.01376
11	0.26601	0.02147	0.02373	0.01892	0.02706	0.02163	0.01561	0.09832	0.03014	0.31984	0.03259	0.03017	0.02150	0.01269	0.00982	0.00347	0.00960	0.00940	0.01124	0.01677
12	0.02800	0.02418	0.02545	0.02291	0.02927	0.02800	0.01782	0.05981	0.51390	0.04708	0.04581	0.04199	0.03436	0.01527	0.01145	0.00382	0.00891	0.01273	0.01145	0.01782
13	0.01371	0.00979	0.01306	0.01567	0.01632	0.00914	0.01045	0.01567	0.02155	0.02873	0.06203	0.59710	0.07444	0.03526	0.01437	0.00457	0.00653	0.03200	0.01045	0.00914
14	0.03987	0.02063	0.02592	0.02170	0.02885	0.02024	0.01820	0.15850	0.03578	0.28637	0.04406	0.05919	0.03554	0.01842	0.01244	0.00391	0.01050	0.13078	0.01230	0.01680
15	0.01545	0.01142	0.01467	0.01580	0.01813	0.01065	0.01220	0.01938	0.02639	0.03499	0.20246	0.23541	0.16576	0.02943	0.01418	0.00430	0.00706	0.14140	0.01097	0.00995
16	0.04804	0.01970	0.02605	0.02034	0.02879	0.01780	0.01668	0.05539	0.08493	0.48787	0.04456	0.03871	0.02857	0.01408	0.01133	0.00352	0.00950	0.01147	0.01366	0.01901
17	0.02126	0.02001	0.03376	0.57739	0.07752	0.02501	0.03126	0.02876	0.02251	0.02876	0.02001	0.03001	0.01500	0.01125	0.01125	0.00375	0.01500	0.01000	0.00500	0.01250
18	0.04279	0.03153	0.03378	0.02590	0.03490	0.03490	0.02139	0.49671	0.05292	0.07093	0.02702	0.02702	0.01914	0.01351	0.01126	0.00338	0.01239	0.01013	0.01126	0.01914
19	0.02334	0.02001	0.02334	0.01667	0.02667	0.01500	0.01334	0.02834	0.02334	0.03668	0.02001	0.02334	0.01667	0.00834	0.00834	0.00167	0.00834	0.00667	0.00667	0.67325
20	0.05050	0.01915	0.02612	0.02003	0.02873	0.01654	0.01654	0.05485	0.03221	0.54203	0.04440	0.03831	0.02786	0.01393	0.01132	0.00348	0.00958	0.01132	0.01393	0.01915
21	0.04279	0.03153	0.03378	0.02590	0.03490	0.03490	0.02139	0.49671	0.05292	0.07093	0.02702	0.02702	0.01914	0.01351	0.01126	0.00338	0.01239	0.01013	0.01126	0.01914
22	0.04626	0.01808	0.02462	0.01952	0.02730	0.01569	0.01584	0.05034	0.03099	0.48289	0.04644	0.10269	0.03323	0.01639	0.01167	0.00361	0.00923	0.01370	0.01353	0.01800

[dist]
# distance from previous block
# <min> <max>
0	4

[block]
# block no. 4 follows, 11 sequences, length 46
# corresponding to MSA columns:
# 506-551
name=unknown_E
#
# <colnr> <probs for GDERKNQSTAVLIFYWHMCP>
#	G	D	E	R	K	N	Q	S	T	A	V	L	I	F	Y	W	H	M	C	P
0	0.01423	0.01170	0.01269	0.01319	0.01676	0.01016	0.01039	0.01752	0.02570	0.03103	0.10361	0.11188	0.44073	0.02900	0.01373	0.00406	0.00659	0.10692	0.01044	0.00967
1	0.05050	0.01915	0.02612	0.02003	0.02873	0.01654	0.01654	0.05485	0.03221	0.54203	0.04440	0.03831	0.02786	0.01393	0.01132	0.00348	0.00958	0.01132	0.01393	0.01915
2	0.01593	0.01150	0.01504	0.01416	0.01681	0.01062	0.01062	0.02124	0.03186	0.04513	0.52830	0.08407	0.10620	0.02301	0.01327	0.00354	0.00531	0.02035	0.01239	0.01062
3	0.01357	0.01034	0.01250	0.01423	0.01595	0.00926	0.00981	0.01583	0.02293	0.02930	0.07954	0.43250	0.22774	0.03299	0.01401	0.00431	0.00625	0.02922	0.01045	0.00926
4	0.02904	0.02908	0.04322	0.14261	0.24799	0.08193	0.09739	0.07587	0.02761	0.03661	0.02081	0.02748	0.01675	0.01145	0.01356	0.00357	0.06316	0.01021	0.00597	0.01569
5	0.02257	0.05822	0.54613	0.03208	0.04871	0.02614	0.04158	0.03564	0.02376	0.03564	0.02020	0.02376	0.01426	0.01069	0.01069	0.00356	0.01663	0.00832	0.00475	0.01663
6	0.01893	0.01382	0.01719	0.01833	0.02113	0.01427	0.01458	0.02807	0.11170	0.03660	0.09241	0.21394	0.06136	0.02684	0.01358	0.00440	0.00826	0.19604	0.07713	0.01142
7	0.02341	0.13341	0.35445	0.15541	0.05232	0.02867	0.03582	0.03377	0.02334	0.03267	0.01946	0.02433	0.01446	0.01066	0.01029	0.00343	0.01556	0.00836	0.00482	0.01535
8	0.40763	0.02063	0.02072	0.01708	0.02480	0.02145	0.01409	0.04258	0.02485	0.26491	0.02821	0.02702	0.01903	0.01197	0.00886	0.00348	0.00909	0.00837	0.01000	0.01523
9	0.03174	0.02719	0.03961	0.14249	0.28705	0.02919	0.02955	0.18918	0.03428	0.04689	0.02294	0.02795	0.01778	0.01141	0.01120	0.00343	0.01332	0.01006	0.00739	0.01735
10	0.68395	0.02177	0.01654	0.01480	0.02177	0.02525	0.01219	0.03309	0.01915	0.05050	0.01567	0.01828	0.01219	0.01045	0.00697	0.00348	0.00871	0.00609	0.00697	0.01219
11	0.02379	0.02041	0.02354	0.01728	0.02693	0.01627	0.01377	0.03140	0.07099	0.03769	0.02251	0.02515	0.01839	0.00901	0.00864	0.00188	0.00839	0.00726	0.00713	0.60959
12	0.01629	0.01123	0.01388	0.01388	0.01444	0.01178	0.00882	0.01740	0.01684	0.02301	0.03399	0.06552	0.03739	0.46076	0.19614	0.01289	0.01623	0.01518	0.00660	0.00771
13	0.02748	0.01777	0.01852	0.01617	0.02094	0.01917	0.01271	0.14934	0.10228	0.04999	0.03560	0.03821	0.02721	0.01353	0.00924	0.00299	0.00757	0.01073	0.40682	0.01373
14	0.04208	0.02980	0.03419	0.02960	0.08394	0.03224	0.02221	0.40606	0.04811	0.11518	0.02820	0.02825	0.01989	0.01321	0.01125	0.00338	0.01220	0.01024	0.01096	0.01901
15	0.01672	0.01388	0.01896	0.01950	0.01997	0.01612	0.01435	0.01882	0.02036	0.02828	0.04901	0.43933	0.05800	0.03097	0.02059	0.00467	0.16564	0.02589	0.00893	0.01002
16	0.01543	0.01149	0.01435	0.01363	0.01651	0.01041	0.01022	0.02027	0.03067	0.04232	0.44904	0.08871	0.18722	0.02406	0.01328	0.00359	0.00538	0.02101	0.01202	0.01041
17	0.02021	0.01281	0.01763	0.01904	0.02186	0.01234	0.01576	0.02471	0.02628	0.08325	0.10520	0.20403	0.06716	0.02942	0.01468	0.00474	0.00905	0.28988	0.01093	0.01101
18	0.04769	0.02366	0.02891	0.02216	0.03098	0.02323	0.01831	0.21584	0.03976	0.37039	0.03807	0.03420	0.02468	0.01378	0.01130	0.00344	0.01060	0.01089	0.01296	0.01915
19	0.01824	0.01393	0.01704	0.01583	0.01920	0.01394	0.01200	0.02862	0.12408	0.04551	0.43599	0.07602	0.09245	0.02153	0.01293	0.00359	0.00600	0.01890	0.01221	0.01200
20	0.02310	0.01903	0.02123	0.01936	0.02421	0.02094	0.01489	0.04415	0.31823	0.04629	0.24166	0.05907	0.06352	0.01841	0.01219	0.00370	0.00745	0.01582	0.01183	0.01489
21	0.01571	0.01150	0.01474	0.01393	0.01668	0.01053	0.01045	0.02081	0.03134	0.04389	0.49338	0.08612	0.14189	0.02347	0.01328	0.00356	0.00534	0.02064	0.01223	0.01053
22	0.01516	0.01091	0.01436	0.01468	0.01665	0.01011	0.01056	0.01931	0.02829	0.03946	0.36696	0.26159	0.09521	0.02725	0.01365	0.00390	0.00573	0.02438	0.01172	0.01011
23	0.02786	0.02674	0.04568	0.06908	0.53424	0.02674	0.03454	0.03454	0.02563	0.03677	0.02117	0.02786	0.01783	0.01003	0.01114	0.00334	0.01337	0.01003	0.00557	0.01783
24	0.03009	0.61122	0.05898	0.01926	0.02889	0.04454	0.01926	0.03370	0.02287	0.02648	0.01565	0.01805	0.01444	0.00963	0.00722	0.00241	0.01204	0.00602	0.00481	0.01444
25	0.01561	0.01126	0.01476	0.01438	0.01674	0.01040	0.01059	0.02043	0.03036	0.04275	0.46048	0.15869	0.10158	0.02479	0.01343	0.00369	0.00549	0.02205	0.01211	0.01040
26	0.01422	0.01034	0.01341	0.01497	0.01635	0.00953	0.01034	0.01706	0.02437	0.03283	0.17899	0.43436	0.11805	0.03176	0.01402	0.00426	0.00617	0.02853	0.01092	0.00953
27	0.01522	0.01096	0.01441	0.01464	0.01666	0.01015	0.01056	0.01945	0.02855	0.03988	0.37880	0.24856	0.09602	0.02694	0.01362	0.00387	0.00570	0.02409	0.01177	0.01015
28	0.01546	0.01129	0.01332	0.01292	0.01499	0.01046	0.00892	0.01850	0.02546	0.03426	0.27469	0.08633	0.18299	0.21070	0.02739	0.00596	0.00720	0.01986	0.01016	0.00914
29	0.02805	0.01416	0.01851	0.01663	0.02138	0.01259	0.01304	0.03214	0.02908	0.22172	0.18325	0.14898	0.13391	0.02294	0.01290	0.00384	0.00751	0.05382	0.01222	0.01334
30	0.03313	0.01472	0.01946	0.01742	0.02245	0.01325	0.01363	0.03698	0.02740	0.28264	0.04953	0.20784	0.04427	0.02128	0.01201	0.00380	0.00812	0.05011	0.10763	0.01434
31	0.01632	0.01109	0.01316	0.01316	0.01346	0.01139	0.00792	0.01693	0.01663	0.02248	0.03466	0.06918	0.03898	0.52548	0.13360	0.01200	0.01383	0.01571	0.00670	0.00731
32	0.05050	0.01915	0.02612	0.02003	0.02873	0.01654	0.01654	0.05485	0.03221	0.54203	0.04440	0.03831	0.02786	0.01393	0.01132	0.00348	0.00958	0.01132	0.01393	0.01915
33	0.01507	0.01117	0.01415	0.01465	0.01698	0.01024	0.01088	0.01905	0.02750	0.03715	0.28919	0.22703	0.17016	0.02794	0.01377	0.00401	0.00616	0.06354	0.01135	0.01001
34	0.04000	0.04936	0.03096	0.02811	0.03399	0.48199	0.02118	0.04711	0.10200	0.03039	0.02153	0.02345	0.01739	0.01213	0.01034	0.00303	0.01864	0.00805	0.00662	0.01374
35	0.01544	0.01138	0.01461	0.01527	0.01765	0.01055	0.01164	0.01960	0.02753	0.03713	0.27504	0.20812	0.15809	0.02804	0.01394	0.00411	0.00657	0.10394	0.01129	0.01007
36	0.02367	0.13865	0.47528	0.03022	0.04583	0.02881	0.03834	0.03536	0.02363	0.03431	0.01954	0.02293	0.01428	0.01054	0.01019	0.00340	0.01597	0.00798	0.00476	0.01632
37	0.01758	0.01115	0.01495	0.01632	0.01814	0.01036	0.01175	0.02054	0.02438	0.07487	0.12812	0.42863	0.07417	0.03127	0.01407	0.00439	0.00699	0.07097	0.01102	0.01032
38	0.01789	0.01191	0.01408	0.01364	0.01687	0.01053	0.01000	0.02118	0.02658	0.08300	0.20086	0.16363	0.26690	0.07160	0.01669	0.00437	0.00650	0.02229	0.01101	0.01047
39	0.03473	0.02518	0.08205	0.24833	0.05142	0.02360	0.02571	0.10661	0.03044	0.21480	0.02956	0.03185	0.02002	0.01246	0.01122	0.00358	0.01289	0.01031	0.00900	0.01620
40	0.08107	0.01957	0.02751	0.02284	0.02893	0.01942	0.08404	0.08157	0.07625	0.15702	0.07780	0.19218	0.04342	0.01965	0.01225	0.00385	0.00994	0.01758	0.01061	0.01451
41	0.03378	0.02678	0.10103	0.02254	0.03045	0.02252	0.02024	0.19816	0.03619	0.16192	0.07596	0.14562	0.03807	0.01821	0.01196	0.00368	0.01067	0.01523	0.01085	0.01615
42	0.31966	0.01800	0.01773	0.05583	0.02471	0.01877	0.01292	0.02739	0.02320	0.04281	0.11953	0.04527	0.11049	0.01518	0.00955	0.00330	0.00806	0.01168	0.00825	0.10767
43	0.08217	0.01451	0.01790	0.02069	0.05919	0.01494	0.01358	0.02569	0.09405	0.03543	0.08855	0.37548	0.06064	0.02701	0.01289	0.00418	0.00753	0.02405	0.01003	0.01149
44	0.02882	0.17578	0.03373	0.07277	0.03220	0.02384	0.01764	0.03361	0.02483	0.11494	0.02675	0.03532	0.02252	0.01213	0.00953	0.00271	0.01037	0.05251	0.00756	0.26246
45	0.02930	0.16465	0.03190	0.01941	0.02452	0.02739	0.01571	0.13512	0.02770	0.07581	0.02737	0.04177	0.02586	0.21954	0.02884	0.00593	0.06707	0.01137	0.00773	0.01303

[dist]
# distance from previous block
# <min> <max>
3	71

[block]
# block no. 5 follows, 11 sequences, length 26
# corresponding to MSA columns:
# 623-648
name=unknown_F
#
# <colnr> <probs for GDERKNQSTAVLIFYWHMCP>
#	G	D	E	R	K	N	Q	S	T	A	V	L	I	F	Y	W	H	M	C	P
0	0.02938	0.02096	0.02809	0.13767	0.03771	0.02352	0.02056	0.08803	0.06469	0.12977	0.10863	0.03931	0.03410	0.01554	0.01615	0.00369	0.11673	0.01185	0.00911	0.06450
1	0.03447	0.02170	0.02818	0.02230	0.02986	0.02083	0.05220	0.16518	0.03394	0.18211	0.03743	0.14651	0.03227	0.01692	0.01158	0.00340	0.01025	0.01460	0.01063	0.12563
2	0.01909	0.01279	0.01535	0.01575	0.01843	0.01226	0.01118	0.02473	0.07963	0.08052	0.06665	0.33235	0.15495	0.08058	0.01737	0.00479	0.00732	0.02469	0.01058	0.01098
3	0.01731	0.01291	0.01543	0.01598	0.01810	0.01305	0.01121	0.02441	0.11319	0.03235	0.10186	0.29052	0.11237	0.08540	0.02044	0.06481	0.00748	0.02291	0.00996	0.01032
4	0.08224	0.02265	0.02860	0.09102	0.12615	0.05951	0.02087	0.07241	0.02862	0.19183	0.03508	0.12986	0.02996	0.01619	0.01140	0.00363	0.01128	0.01379	0.00947	0.01545
5	0.02315	0.01265	0.01689	0.01696	0.01985	0.01169	0.01266	0.02626	0.02509	0.14649	0.09861	0.30378	0.06229	0.08172	0.01775	0.00491	0.00809	0.08859	0.01107	0.01151
6	0.09940	0.01470	0.01779	0.01784	0.02142	0.01476	0.01389	0.02945	0.05945	0.11814	0.04948	0.22467	0.05098	0.07931	0.01711	0.00496	0.00888	0.13554	0.01034	0.01189
7	0.08386	0.02439	0.08980	0.12794	0.04216	0.02218	0.10949	0.03120	0.02351	0.09175	0.03181	0.15480	0.02972	0.01722	0.01428	0.00398	0.06587	0.01510	0.00751	0.01343
8	0.02334	0.02001	0.02334	0.01667	0.02667	0.01500	0.01334	0.02834	0.02334	0.03668	0.02001	0.02334	0.01667	0.00834	0.00834	0.00167	0.00834	0.00667	0.00667	0.67325
9	0.02074	0.01229	0.01578	0.01497	0.01801	0.01118	0.01096	0.02446	0.02769	0.11677	0.26834	0.18487	0.11997	0.08122	0.01748	0.00449	0.00682	0.02127	0.01151	0.01119
10	0.02155	0.01227	0.01614	0.01557	0.01841	0.01123	0.01129	0.02506	0.02700	0.12840	0.23649	0.24778	0.07506	0.07968	0.01739	0.00456	0.00702	0.02226	0.01150	0.01133
11	0.03436	0.02505	0.03129	0.19005	0.04543	0.02799	0.02289	0.27186	0.03995	0.09614	0.07519	0.03444	0.02712	0.01379	0.01146	0.00351	0.01224	0.01119	0.00972	0.01632
12	0.01521	0.01129	0.01418	0.01385	0.01648	0.01025	0.01024	0.01971	0.02958	0.04066	0.40193	0.14738	0.17685	0.02538	0.01341	0.00370	0.00552	0.02229	0.01183	0.01025
13	0.02743	0.01390	0.01782	0.01628	0.02060	0.01243	0.01243	0.03071	0.02670	0.21118	0.10230	0.17231	0.14074	0.08838	0.01786	0.00471	0.00812	0.05198	0.01143	0.01270
14	0.21809	0.01607	0.01718	0.01677	0.02101	0.01689	0.01292	0.03006	0.06933	0.08917	0.09851	0.21990	0.05053	0.02219	0.01158	0.00401	0.00788	0.05573	0.01006	0.01210
15	0.04422	0.02923	0.03236	0.02481	0.03376	0.03150	0.02049	0.41473	0.04908	0.15833	0.03025	0.02912	0.02076	0.01359	0.01127	0.00340	0.01186	0.01035	0.01175	0.01914
16	0.02226	0.01292	0.01658	0.01591	0.01935	0.01183	0.01224	0.02602	0.02710	0.13084	0.18839	0.14402	0.13692	0.08948	0.01830	0.00478	0.00778	0.09264	0.01121	0.01144
17	0.15112	0.02044	0.02262	0.01878	0.02538	0.02094	0.01508	0.15637	0.03369	0.17970	0.09654	0.09533	0.08218	0.01754	0.01121	0.00359	0.00904	0.01415	0.01116	0.01513
18	0.02184	0.01210	0.01532	0.01506	0.01786	0.01109	0.01081	0.02491	0.02499	0.12706	0.12688	0.26898	0.09544	0.09008	0.01770	0.00467	0.00721	0.02199	0.07488	0.01112
19	0.68395	0.02177	0.01654	0.01480	0.02177	0.02525	0.01219	0.03309	0.01915	0.05050	0.01567	0.01828	0.01219	0.01045	0.00697	0.00348	0.00871	0.00609	0.00697	0.01219
20	0.13213	0.01277	0.01380	0.01395	0.01675	0.01262	0.01004	0.02036	0.02403	0.03641	0.18328	0.21168	0.15260	0.08969	0.01735	0.00467	0.00692	0.02112	0.00995	0.00987
21	0.01909	0.01122	0.01361	0.01400	0.01622	0.01047	0.00986	0.02217	0.02373	0.07865	0.10014	0.27243	0.10144	0.08992	0.01722	0.00458	0.00681	0.02178	0.15642	0.01025
22	0.19037	0.02116	0.02487	0.01954	0.02789	0.02059	0.01613	0.10088	0.03170	0.37858	0.03602	0.03256	0.02337	0.01311	0.01034	0.00347	0.00971	0.01002	0.01208	0.01761
23	0.68395	0.02177	0.01654	0.01480	0.02177	0.02525	0.01219	0.03309	0.01915	0.05050	0.01567	0.01828	0.01219	0.01045	0.00697	0.00348	0.00871	0.00609	0.00697	0.01219
24	0.02448	0.01598	0.01927	0.01743	0.02139	0.01606	0.01317	0.11821	0.03058	0.09664	0.14102	0.17924	0.09928	0.08303	0.06605	0.00575	0.01026	0.01909	0.01063	0.01244
25	0.16390	0.01519	0.01733	0.01639	0.02090	0.01457	0.01225	0.02795	0.02319	0.12814	0.04429	0.30815	0.04628	0.02310	0.01157	0.00382	0.00775	0.01990	0.00993	0.08543

[dist]
# distance from previous block
# <min> <max>
0	1

[block]
# block no. 6 follows, 11 sequences, length 8
# corresponding to MSA columns:
# 650-657
name=unknown_G
#
# <colnr> <probs for GDERKNQSTAVLIFYWHMCP>
#	G	D	E	R	K	N	Q	S	T	A	V	L	I	F	Y	W	H	M	C	P
0	0.01567	0.01214	0.01613	0.01729	0.01776	0.01312	0.01208	0.01745	0.02024	0.02760	0.05160	0.44465	0.06127	0.10653	0.02326	0.00544	0.09261	0.02670	0.00916	0.00931
1	0.36477	0.02512	0.02421	0.01962	0.02757	0.02781	0.01619	0.21028	0.03347	0.11858	0.02347	0.02403	0.01673	0.01203	0.00912	0.00344	0.01020	0.00826	0.00944	0.01566
2	0.02308	0.01777	0.02771	0.08257	0.11127	0.01716	0.05738	0.02715	0.02396	0.06522	0.10181	0.04988	0.03733	0.09145	0.02140	0.08652	0.01096	0.04244	0.00761	0.09735
3	0.01962	0.01149	0.01503	0.01543	0.01778	0.01058	0.01106	0.02300	0.02566	0.10025	0.17329	0.35140	0.07250	0.02762	0.01316	0.00401	0.00651	0.02465	0.06606	0.01092
4	0.01538	0.01170	0.01676	0.09950	0.02626	0.01197	0.01449	0.01857	0.02224	0.02936	0.05550	0.45426	0.06443	0.03118	0.01405	0.00453	0.00826	0.08212	0.00963	0.00979
5	0.02657	0.02759	0.04125	0.28522	0.21222	0.09284	0.08786	0.03348	0.02515	0.03200	0.02038	0.02817	0.01608	0.01070	0.01133	0.00352	0.01565	0.01007	0.00536	0.01456
6	0.02158	0.01807	0.02121	0.01698	0.02457	0.01479	0.01307	0.02817	0.06461	0.03578	0.03162	0.15353	0.03112	0.01496	0.00995	0.00250	0.00798	0.01286	0.00792	0.46872
7	0.02772	0.02204	0.02770	0.20561	0.04381	0.05555	0.02104	0.03584	0.07299	0.09956	0.02647	0.03065	0.01997	0.01205	0.01201	0.00318	0.05006	0.00952	0.05755	0.16666

[dist]
# distance from previous block
# <min> <max>
3	49

[block]
# block no. 7 follows, 11 sequences, length 10
# corresponding to MSA columns:
# 707-716
name=unknown_H
#
# <colnr> <probs for GDERKNQSTAVLIFYWHMCP>
#	G	D	E	R	K	N	Q	S	T	A	V	L	I	F	Y	W	H	M	C	P
0	0.10633	0.02039	0.02385	0.01957	0.02695	0.01995	0.01564	0.08817	0.10497	0.24672	0.03909	0.10034	0.03057	0.01560	0.01088	0.00344	0.00914	0.01277	0.01127	0.09436
1	0.09753	0.01899	0.02414	0.13800	0.03611	0.02058	0.01892	0.09077	0.06674	0.12347	0.03937	0.15226	0.03634	0.01923	0.01194	0.00397	0.01043	0.06764	0.00967	0.01391
2	0.03247	0.01940	0.02598	0.14575	0.03741	0.02079	0.01910	0.08107	0.11730	0.18131	0.03232	0.03523	0.02361	0.01888	0.01826	0.14564	0.01097	0.01085	0.00930	0.01438
3	0.09691	0.02211	0.03357	0.14050	0.14590	0.02339	0.07821	0.07977	0.02614	0.06745	0.02702	0.06833	0.02399	0.09796	0.01783	0.00467	0.01277	0.01229	0.00719	0.01400
4	0.03236	0.02706	0.03286	0.15468	0.11358	0.08806	0.02438	0.13897	0.03225	0.09402	0.06919	0.03310	0.02580	0.01378	0.01378	0.00358	0.06829	0.01077	0.00817	0.01534
5	0.01533	0.01114	0.01416	0.01484	0.01679	0.01040	0.01083	0.01886	0.02598	0.03513	0.24529	0.23086	0.13472	0.08942	0.01850	0.00483	0.00688	0.07561	0.01081	0.00966
6	0.02681	0.02240	0.03734	0.33047	0.24070	0.02474	0.03090	0.03368	0.02469	0.08652	0.02304	0.03010	0.01742	0.01109	0.01122	0.00357	0.01382	0.01015	0.00616	0.01518
7	0.02173	0.01869	0.02609	0.01966	0.02764	0.01543	0.08114	0.02723	0.02504	0.03751	0.09005	0.04152	0.07790	0.01264	0.01005	0.00250	0.00894	0.01125	0.07627	0.36870
8	0.10931	0.01593	0.01981	0.01713	0.02249	0.01487	0.01319	0.03700	0.02688	0.27667	0.09399	0.15528	0.04482	0.08113	0.01648	0.00449	0.00857	0.01629	0.01152	0.01417
9	0.02552	0.01486	0.02172	0.01822	0.02269	0.01405	0.06139	0.03030	0.02655	0.14463	0.16510	0.05500	0.04907	0.09224	0.06608	0.00554	0.01052	0.01438	0.14975	0.01238

[dist]
# distance from previous block
# <min> <max>
0	2

[block]
# block no. 8 follows, 11 sequences, length 11
# corresponding to MSA columns:
# 719-729
name=unknown_I
#
# <colnr> <probs for GDERKNQSTAVLIFYWHMCP>
#	G	D	E	R	K	N	Q	S	T	A	V	L	I	F	Y	W	H	M	C	P
0	0.11168	0.01302	0.01512	0.01487	0.01787	0.01278	0.01084	0.02454	0.02480	0.08931	0.17307	0.23317	0.06281	0.07116	0.01570	0.00439	0.00707	0.02008	0.06681	0.01091
1	0.11706	0.01427	0.01590	0.01545	0.01890	0.01451	0.01162	0.05953	0.02671	0.03952	0.17229	0.20382	0.14602	0.02978	0.05930	0.00508	0.00891	0.02031	0.01009	0.01092
2	0.04656	0.02546	0.03003	0.02302	0.03188	0.02591	0.01902	0.28021	0.04277	0.30176	0.03554	0.03255	0.02341	0.01372	0.01129	0.00343	0.01101	0.01071	0.01257	0.01915
3	0.14855	0.02377	0.02560	0.02131	0.02886	0.02577	0.01716	0.13233	0.22085	0.18127	0.03693	0.03430	0.02614	0.01378	0.01062	0.00359	0.00967	0.01076	0.01130	0.01744
4	0.24947	0.02159	0.02219	0.01894	0.02558	0.02338	0.01516	0.12000	0.10777	0.13372	0.07341	0.08036	0.03250	0.01543	0.01030	0.00361	0.00907	0.01206	0.01034	0.01510
5	0.01998	0.01629	0.01742	0.01646	0.02085	0.01655	0.01247	0.07600	0.14675	0.03833	0.07914	0.17150	0.27489	0.02495	0.01283	0.00390	0.00732	0.02115	0.01078	0.01245
6	0.01632	0.01112	0.01332	0.01332	0.01368	0.01148	0.00812	0.01704	0.01668	0.02260	0.03451	0.06837	0.03863	0.51115	0.14745	0.01220	0.01436	0.01559	0.00668	0.00740
7	0.08259	0.02085	0.02706	0.02222	0.02771	0.06212	0.08836	0.03424	0.06212	0.12732	0.14707	0.04765	0.04298	0.06949	0.01903	0.07279	0.01094	0.01337	0.00930	0.01280
8	0.02898	0.01723	0.02096	0.01896	0.02404	0.01715	0.01482	0.07629	0.11693	0.17283	0.09511	0.18228	0.08607	0.02229	0.01270	0.00395	0.00841	0.05476	0.01178	0.01445
9	0.04673	0.02521	0.02987	0.02290	0.03175	0.02553	0.01892	0.27102	0.04234	0.31156	0.03590	0.03279	0.02359	0.01373	0.01129	0.00343	0.01095	0.01074	0.01262	0.01915
10	0.02942	0.03481	0.19421	0.03763	0.13285	0.02673	0.07143	0.03687	0.02432	0.12469	0.02365	0.02793	0.01774	0.01319	0.01739	0.00385	0.15046	0.00998	0.00668	0.01615

[dist]
# distance from previous block
# <min> <max>
0	1

[block]
# block no. 9 follows, 11 sequences, length 21
# corresponding to MSA columns:
# 731-751
name=unknown_J
#
# <colnr> <probs for GDERKNQSTAVLIFYWHMCP>
#	G	D	E	R	K	N	Q	S	T	A	V	L	I	F	Y	W	H	M	C	P
0	0.02968	0.01903	0.02443	0.02107	0.02556	0.02088	0.01683	0.12890	0.02987	0.14368	0.07730	0.10611	0.03665	0.03493	0.14739	0.00731	0.09229	0.01430	0.00969	0.01410
1	0.06944	0.01124	0.01272	0.01372	0.01491	0.01124	0.00897	0.01871	0.01980	0.02978	0.04558	0.29246	0.05158	0.23144	0.02808	0.00647	0.00808	0.02156	0.09548	0.00874
2	0.32529	0.11592	0.06856	0.01804	0.02580	0.02479	0.01636	0.03546	0.02290	0.13649	0.02705	0.09157	0.02313	0.01396	0.00903	0.00345	0.00980	0.01035	0.00818	0.01388
3	0.03320	0.01475	0.01998	0.01798	0.02290	0.01306	0.01368	0.03642	0.02720	0.30061	0.05270	0.30113	0.04977	0.02396	0.01275	0.00399	0.00814	0.02104	0.01229	0.01445
4	0.02257	0.05822	0.54613	0.03208	0.04871	0.02614	0.04158	0.03564	0.02376	0.03564	0.02020	0.02376	0.01426	0.01069	0.01069	0.00356	0.01663	0.00832	0.00475	0.01663
5	0.02692	0.01989	0.02371	0.01711	0.02694	0.01521	0.01376	0.03184	0.02451	0.10333	0.02322	0.02531	0.01815	0.00907	0.00873	0.00191	0.00850	0.00728	0.00763	0.58697
6	0.01371	0.00979	0.01306	0.01567	0.01632	0.00914	0.01045	0.01567	0.02155	0.02873	0.06203	0.59710	0.07444	0.03526	0.01437	0.00457	0.00653	0.03200	0.01045	0.00914
7	0.01371	0.00979	0.01306	0.01567	0.01632	0.00914	0.01045	0.01567	0.02155	0.02873	0.06203	0.59710	0.07444	0.03526	0.01437	0.00457	0.00653	0.03200	0.01045	0.00914
8	0.03082	0.01734	0.02114	0.01799	0.02367	0.01672	0.01417	0.09220	0.07464	0.20469	0.17643	0.10481	0.11741	0.02001	0.01234	0.00365	0.00801	0.01697	0.01225	0.01475
9	0.02098	0.01049	0.01049	0.01049	0.01311	0.01049	0.00787	0.02623	0.02360	0.04196	0.03672	0.04196	0.02885	0.01311	0.00787	0.00262	0.00525	0.01049	0.66693	0.01049
