[name]
unknown

[dist]
# distance from previous block
# <min> <max>
12	140

[block]
# block no. 0 follows, 11 sequences, length 34
# corresponding to MSA columns:
# 153-186
name=unknown_A
#
# <colnr> <probs for GDERKNQSTAVLIFYWHMCP>
#	G	D	E	R	K	N	Q	S	T	A	V	L	I	F	Y	W	H	M	C	P
0	0.02825	0.06636	0.09530	0.12325	0.03734	0.02010	0.02127	0.03444	0.02619	0.16302	0.10690	0.04002	0.03412	0.02189	0.07504	0.00503	0.01332	0.01142	0.00864	0.06809
1	0.11832	0.02297	0.03460	0.03479	0.14899	0.02270	0.09816	0.04115	0.08367	0.17126	0.03833	0.03890	0.06926	0.01335	0.01123	0.00357	0.01145	0.01198	0.00910	0.01622
2	0.10772	0.02400	0.09331	0.07558	0.07337	0.01924	0.02080	0.03742	0.02729	0.19677	0.11695	0.03918	0.03507	0.01364	0.01079	0.00335	0.01035	0.01127	0.00949	0.07441
3	0.03449	0.09427	0.07713	0.02962	0.09832	0.02519	0.06368	0.11680	0.03193	0.17259	0.06934	0.03471	0.02778	0.01285	0.01083	0.00330	0.01159	0.01093	0.05812	0.01654
4	0.29319	0.02111	0.02428	0.02035	0.02660	0.02262	0.05855	0.11253	0.02683	0.08591	0.02832	0.11553	0.02563	0.01767	0.01315	0.06363	0.01013	0.01232	0.00853	0.01312
5	0.08331	0.07860	0.07577	0.08215	0.13133	0.02466	0.02313	0.04079	0.10542	0.14388	0.03230	0.07691	0.02593	0.01393	0.01077	0.00353	0.01121	0.01170	0.00862	0.01604
6	0.02629	0.06975	0.07670	0.04009	0.23862	0.02417	0.02503	0.07416	0.02732	0.03834	0.03181	0.03512	0.07692	0.01216	0.01046	0.00298	0.01143	0.01046	0.00679	0.16138
7	0.08458	0.12128	0.12045	0.02776	0.08996	0.02603	0.02329	0.09611	0.02877	0.12646	0.03116	0.07944	0.02684	0.01514	0.01081	0.00354	0.01175	0.05253	0.00843	0.01567
8	0.07802	0.08227	0.12229	0.10229	0.08260	0.02545	0.07973	0.03203	0.02305	0.07065	0.02543	0.07438	0.02203	0.02002	0.06215	0.00497	0.06064	0.01148	0.00642	0.01410
9	0.17025	0.12928	0.11786	0.08733	0.03696	0.02732	0.05667	0.06629	0.02461	0.03802	0.02865	0.03256	0.06369	0.01822	0.05388	0.00456	0.01381	0.00987	0.00648	0.01368
10	0.13278	0.19549	0.03425	0.02410	0.08347	0.02854	0.01774	0.03213	0.06898	0.03644	0.10874	0.03762	0.03417	0.05909	0.01530	0.00387	0.05591	0.01069	0.00734	0.01337
11	0.02952	0.13113	0.11246	0.09611	0.03840	0.02991	0.02367	0.16265	0.03112	0.04311	0.02234	0.02618	0.01734	0.01210	0.01196	0.00319	0.05806	0.00882	0.06618	0.07577
12	0.03218	0.21422	0.12473	0.02150	0.03218	0.02815	0.02128	0.07453	0.02739	0.13386	0.02395	0.02494	0.01792	0.01065	0.00920	0.00271	0.01148	0.00792	0.00754	0.17365
13	0.02903	0.30678	0.12509	0.02124	0.03169	0.03214	0.02138	0.03712	0.06965	0.07320	0.02234	0.02384	0.01777	0.01043	0.00872	0.00267	0.01158	0.00756	0.00651	0.14125
14	0.03347	0.08450	0.15519	0.03527	0.14039	0.11541	0.02774	0.08289	0.07486	0.10448	0.02575	0.02749	0.01915	0.01172	0.01062	0.00331	0.01416	0.00928	0.00751	0.01678
15	0.12236	0.07902	0.02962	0.02138	0.02918	0.02921	0.01771	0.22922	0.11930	0.11277	0.03050	0.03013	0.02219	0.01307	0.01009	0.00333	0.01037	0.00983	0.06383	0.01687
16	0.02783	0.01412	0.01931	0.01829	0.02225	0.01342	0.01438	0.03143	0.02507	0.20414	0.04795	0.17167	0.04601	0.08721	0.10497	0.00708	0.01256	0.10899	0.01058	0.01275
17	0.01827	0.01252	0.01428	0.01395	0.01478	0.01302	0.00861	0.02187	0.08145	0.02487	0.03496	0.06489	0.03756	0.46112	0.04972	0.08724	0.01052	0.01512	0.00720	0.00804
18	0.02861	0.12411	0.35417	0.02885	0.04266	0.03074	0.03361	0.15061	0.03093	0.04326	0.02131	0.02383	0.01550	0.01126	0.01038	0.00337	0.01497	0.00847	0.00639	0.01697
19	0.02098	0.01049	0.01049	0.01049	0.01311	0.01049	0.00787	0.02623	0.02360	0.04196	0.03672	0.04196	0.02885	0.01311	0.00787	0.00262	0.00525	0.01049	0.66693	0.01049
20	0.04204	0.05364	0.03190	0.02900	0.03480	0.55926	0.02175	0.04494	0.03190	0.02755	0.01740	0.02030	0.01450	0.01160	0.01015	0.00290	0.02030	0.00725	0.00580	0.01305
21	0.01354	0.01141	0.01173	0.01165	0.01535	0.00960	0.00874	0.01661	0.02621	0.03173	0.15115	0.10615	0.49171	0.02801	0.01330	0.00378	0.00567	0.02345	0.01063	0.00960
22	0.02098	0.01049	0.01049	0.01049	0.01311	0.01049	0.00787	0.02623	0.02360	0.04196	0.03672	0.04196	0.02885	0.01311	0.00787	0.00262	0.00525	0.01049	0.66693	0.01049
23	0.01485	0.01070	0.01464	0.01604	0.01706	0.01102	0.01118	0.01724	0.01971	0.02695	0.04788	0.34339	0.05455	0.12640	0.20255	0.00993	0.01501	0.02327	0.00849	0.00914
24	0.02508	0.24267	0.38364	0.02780	0.04210	0.03228	0.03414	0.03500	0.02346	0.03259	0.01868	0.02186	0.01432	0.01034	0.00954	0.00318	0.01510	0.00755	0.00477	0.01590
25	0.01698	0.01302	0.01590	0.01698	0.01909	0.01327	0.01201	0.02561	0.12556	0.03471	0.11983	0.41404	0.07025	0.02949	0.01362	0.00428	0.00687	0.02645	0.01091	0.01114
26	0.05050	0.01915	0.02612	0.02003	0.02873	0.01654	0.01654	0.05485	0.03221	0.54203	0.04440	0.03831	0.02786	0.01393	0.01132	0.00348	0.00958	0.01132	0.01393	0.01915
27	0.02801	0.02457	0.03979	0.04595	0.26097	0.02471	0.10248	0.10557	0.03041	0.04350	0.07093	0.03515	0.02747	0.01209	0.01128	0.00335	0.01233	0.01159	0.09390	0.01597
28	0.02706	0.12810	0.39160	0.02959	0.04366	0.07821	0.03512	0.07532	0.02686	0.03669	0.01992	0.02297	0.01472	0.01088	0.01024	0.00334	0.01601	0.00807	0.00541	0.01623
29	0.02334	0.02001	0.02334	0.01667	0.02667	0.01500	0.01334	0.02834	0.02334	0.03668	0.02001	0.02334	0.01667	0.00834	0.00834	0.00167	0.00834	0.00667	0.00667	0.67325
30	0.01593	0.01150	0.01504	0.01416	0.01681	0.01062	0.01062	0.02124	0.03186	0.04513	0.52830	0.08407	0.10620	0.02301	0.01327	0.00354	0.00531	0.02035	0.01239	0.01062
31	0.01562	0.01149	0.01462	0.01384	0.01663	0.01049	0.01038	0.02065	0.03114	0.04341	0.47992	0.08691	0.15565	0.02365	0.01328	0.00357	0.00536	0.02075	0.01216	0.01049
32	0.02800	0.02418	0.02545	0.02291	0.02927	0.02800	0.01782	0.05981	0.51390	0.04708	0.04581	0.04199	0.03436	0.01527	0.01145	0.00382	0.00891	0.01273	0.01145	0.01782
33	0.01831	0.01681	0.03100	0.02653	0.03087	0.01581	0.16961	0.02301	0.02357	0.03155	0.04894	0.37123	0.05479	0.02645	0.01411	0.00437	0.01094	0.06200	0.00888	0.01123

[dist]
# distance from previous block
# <min> <max>
0	11

[block]
# block no. 1 follows, 11 sequences, length 8
# corresponding to MSA columns:
# 198-205
name=unknown_B
#
# <colnr> <probs for GDERKNQSTAVLIFYWHMCP>
#	G	D	E	R	K	N	Q	S	T	A	V	L	I	F	Y	W	H	M	C	P
0	0.02358	0.02155	0.03639	0.33103	0.24343	0.02417	0.03040	0.02956	0.02292	0.03088	0.02040	0.02961	0.01651	0.01351	0.01440	0.06883	0.01388	0.00999	0.00520	0.01377
1	0.01955	0.00978	0.01466	0.01466	0.01466	0.00978	0.00978	0.01466	0.01466	0.01955	0.01955	0.03421	0.01955	0.03910	0.04399	0.67253	0.00978	0.00978	0.00489	0.00489
2	0.01799	0.01382	0.01705	0.01846	0.02086	0.01435	0.01384	0.02758	0.13669	0.03407	0.05774	0.36535	0.06303	0.02971	0.01395	0.00453	0.00792	0.12097	0.01066	0.01142
3	0.02387	0.02651	0.05524	0.04012	0.04997	0.02461	0.39493	0.03201	0.02638	0.03491	0.04130	0.04619	0.12115	0.01335	0.01329	0.00380	0.01628	0.01541	0.00666	0.01403
4	0.01765	0.01314	0.01677	0.01642	0.01945	0.01293	0.01291	0.02574	0.08166	0.04302	0.38209	0.08833	0.09019	0.02383	0.01354	0.00390	0.00672	0.10850	0.01188	0.01133
5	0.02399	0.02451	0.04510	0.03382	0.04074	0.02494	0.25317	0.02984	0.02249	0.03184	0.02300	0.03583	0.02070	0.11473	0.02510	0.00499	0.13092	0.01229	0.00586	0.09614
6	0.02981	0.02743	0.03256	0.06226	0.03693	0.07421	0.07837	0.11756	0.15849	0.04370	0.02808	0.02991	0.02148	0.01167	0.01063	0.00304	0.01205	0.00995	0.00838	0.20348
7	0.10383	0.02440	0.11340	0.02330	0.02812	0.02208	0.02189	0.02671	0.02060	0.03261	0.02901	0.04965	0.02805	0.03644	0.16292	0.00805	0.14955	0.10078	0.00655	0.01205

[dist]
# distance from previous block
# <min> <max>
0	1

[block]
# block no. 2 follows, 11 sequences, length 30
# corresponding to MSA columns:
# 207-236
name=unknown_C
#
# <colnr> <probs for GDERKNQSTAVLIFYWHMCP>
#	G	D	E	R	K	N	Q	S	T	A	V	L	I	F	Y	W	H	M	C	P
0	0.03427	0.02041	0.02460	0.02036	0.02564	0.02242	0.01655	0.12734	0.06498	0.17929	0.03356	0.03495	0.02454	0.01476	0.01499	0.00350	0.11323	0.01068	0.19859	0.01533
1	0.02361	0.02441	0.04627	0.32137	0.06566	0.02726	0.20670	0.03137	0.02353	0.03137	0.02054	0.02961	0.01577	0.01141	0.01456	0.00388	0.07266	0.01124	0.00526	0.01350
2	0.03526	0.02215	0.02930	0.02363	0.03087	0.02247	0.06512	0.12788	0.14263	0.20400	0.07961	0.09448	0.03742	0.01651	0.01199	0.00368	0.01026	0.01436	0.01159	0.01679
3	0.02098	0.01049	0.01049	0.01049	0.01311	0.01049	0.00787	0.02623	0.02360	0.04196	0.03672	0.04196	0.02885	0.01311	0.00787	0.00262	0.00525	0.01049	0.66693	0.01049
4	0.02334	0.02001	0.02334	0.01667	0.02667	0.01500	0.01334	0.02834	0.02334	0.03668	0.02001	0.02334	0.01667	0.00834	0.00834	0.00167	0.00834	0.00667	0.00667	0.67325
5	0.01593	0.01150	0.01504	0.01416	0.01681	0.01062	0.01062	0.02124	0.03186	0.04513	0.52830	0.08407	0.10620	0.02301	0.01327	0.00354	0.00531	0.02035	0.01239	0.01062
6	0.02098	0.01049	0.01049	0.01049	0.01311	0.01049	0.00787	0.02623	0.02360	0.04196	0.03672	0.04196	0.02885	0.01311	0.00787	0.00262	0.00525	0.01049	0.66693	0.01049
7	0.03044	0.03163	0.04318	0.06180	0.44344	0.12355	0.03222	0.03643	0.02677	0.03509	0.02049	0.02648	0.01722	0.01031	0.01096	0.00326	0.01463	0.00952	0.00561	0.01696
8	0.04638	0.02053	0.02968	0.02894	0.12063	0.01840	0.01981	0.05116	0.03102	0.45017	0.04018	0.03641	0.02604	0.01322	0.01129	0.00346	0.01027	0.01108	0.01241	0.01891
9	0.50068	0.12866	0.02523	0.01614	0.02377	0.02787	0.01392	0.03541	0.02116	0.09610	0.01859	0.02028	0.01419	0.01065	0.00745	0.00329	0.00940	0.00661	0.00728	0.01331
10	0.01524	0.01148	0.01409	0.01344	0.01639	0.01033	0.01008	0.01991	0.03024	0.04128	0.42000	0.09041	0.21690	0.02445	0.01328	0.00361	0.00541	0.02124	0.01188	0.01033
11	0.02401	0.09693	0.29712	0.02482	0.03608	0.02450	0.02841	0.07878	0.02810	0.04067	0.11443	0.03627	0.03291	0.01335	0.01060	0.00333	0.01258	0.01068	0.07146	0.01498
12	0.02087	0.03716	0.27707	0.03207	0.10044	0.02121	0.06660	0.02972	0.02487	0.03505	0.07432	0.09589	0.10413	0.01637	0.01188	0.00368	0.01302	0.01432	0.00686	0.01447
13	0.03128	0.30442	0.18800	0.02516	0.03603	0.12620	0.02613	0.08186	0.02762	0.03361	0.01834	0.02092	0.01486	0.01065	0.00909	0.00291	0.01476	0.00728	0.00560	0.01528
14	0.02247	0.02028	0.03325	0.04873	0.33687	0.02004	0.02536	0.02735	0.02407	0.03371	0.03674	0.24479	0.03940	0.01964	0.01237	0.00381	0.01076	0.01840	0.00743	0.01452
15	0.01553	0.01119	0.01468	0.01443	0.01673	0.01035	0.01059	0.02023	0.02999	0.04215	0.44353	0.17734	0.10043	0.02524	0.01347	0.00373	0.00553	0.02247	0.01204	0.01035
16	0.01402	0.01143	0.01240	0.01216	0.01564	0.00981	0.00912	0.01755	0.02735	0.03444	0.22747	0.10168	0.41370	0.02700	0.01329	0.00373	0.00559	0.02282	0.01098	0.00981
17	0.02334	0.02001	0.02334	0.01667	0.02667	0.01500	0.01334	0.02834	0.02334	0.03668	0.02001	0.02334	0.01667	0.00834	0.00834	0.00167	0.00834	0.00667	0.00667	0.67325
18	0.01346	0.01079	0.01203	0.01303	0.01563	0.00936	0.00927	0.01597	0.02409	0.02977	0.09421	0.29459	0.35619	0.03108	0.01371	0.00409	0.00602	0.02690	0.01045	0.00936
19	0.01608	0.01206	0.01809	0.01809	0.02010	0.01407	0.01407	0.02010	0.01809	0.02613	0.03015	0.04422	0.02814	0.08441	0.55984	0.01809	0.03015	0.01206	0.00603	0.01005
20	0.68395	0.02177	0.01654	0.01480	0.02177	0.02525	0.01219	0.03309	0.01915	0.05050	0.01567	0.01828	0.01219	0.01045	0.00697	0.00348	0.00871	0.00609	0.00697	0.01219
21	0.02503	0.02612	0.03342	0.47770	0.06975	0.12213	0.02953	0.03170	0.02421	0.02854	0.01953	0.02824	0.01491	0.01132	0.01105	0.00360	0.01597	0.00950	0.00515	0.01260
22	0.50310	0.02932	0.11445	0.01899	0.02791	0.02632	0.01840	0.07738	0.02318	0.04973	0.01757	0.02011	0.01322	0.01078	0.00805	0.00349	0.01050	0.00688	0.00697	0.01365
23	0.17113	0.02766	0.02942	0.07775	0.03586	0.03127	0.02012	0.31248	0.08798	0.06024	0.02583	0.02698	0.01879	0.01283	0.01039	0.00348	0.01155	0.00954	0.00978	0.01693
24	0.02985	0.27179	0.18158	0.02375	0.03405	0.10002	0.02474	0.08009	0.02726	0.03504	0.02037	0.02321	0.01632	0.01090	0.00900	0.00290	0.01368	0.00766	0.07286	0.01492
25	0.15673	0.03248	0.14218	0.02209	0.03115	0.06581	0.02102	0.11569	0.02806	0.04306	0.02425	0.06591	0.02120	0.05437	0.01315	0.00372	0.01204	0.01003	0.00733	0.12973
26	0.02836	0.18278	0.09259	0.02683	0.03519	0.03015	0.10683	0.03860	0.10350	0.08306	0.07545	0.03378	0.02845	0.01336	0.01335	0.00347	0.07048	0.01094	0.00765	0.01518
27	0.02600	0.18412	0.03546	0.02284	0.07548	0.02531	0.01734	0.03294	0.06297	0.03471	0.02099	0.02381	0.01759	0.00941	0.00854	0.00220	0.00988	0.00729	0.00644	0.37666
28	0.02904	0.02256	0.03113	0.22874	0.08795	0.02339	0.02339	0.11665	0.02943	0.08778	0.02368	0.02824	0.01766	0.01101	0.01045	0.00305	0.01204	0.00923	0.00749	0.19709
29	0.09127	0.02196	0.03447	0.27912	0.05429	0.02460	0.10124	0.08792	0.02736	0.03881	0.06477	0.07189	0.02702	0.01376	0.01153	0.00372	0.01332	0.01251	0.00707	0.01337

[dist]
# distance from previous block
# <min> <max>
0	38

[block]
# block no. 3 follows, 11 sequences, length 19
# corresponding to MSA columns:
# 275-293
name=unknown_D
#
# <colnr> <probs for GDERKNQSTAVLIFYWHMCP>
#	G	D	E	R	K	N	Q	S	T	A	V	L	I	F	Y	W	H	M	C	P
0	0.02642	0.15760	0.15162	0.03438	0.16280	0.02630	0.02624	0.03291	0.02430	0.06782	0.02653	0.09901	0.02422	0.01346	0.01033	0.00319	0.01214	0.01137	0.00654	0.08281
1	0.10770	0.07034	0.02476	0.02266	0.07860	0.02046	0.01567	0.03182	0.10857	0.04073	0.17325	0.11690	0.05187	0.01772	0.01108	0.00342	0.00827	0.01508	0.00934	0.07175
2	0.08393	0.02703	0.09967	0.03415	0.12000	0.02338	0.09414	0.10189	0.02878	0.04152	0.03381	0.10918	0.03249	0.01756	0.01228	0.00396	0.01271	0.10100	0.00797	0.01455
3	0.03224	0.16340	0.03751	0.02971	0.14047	0.02507	0.02021	0.03713	0.02578	0.15091	0.02485	0.02653	0.01898	0.01031	0.00938	0.00264	0.01063	0.00833	0.00766	0.21827
4	0.01526	0.01148	0.01411	0.01345	0.01640	0.01033	0.01009	0.01993	0.03027	0.04135	0.42192	0.09030	0.21494	0.02442	0.01328	0.00361	0.00541	0.02123	0.01189	0.01033
5	0.02334	0.02001	0.02334	0.01667	0.02667	0.01500	0.01334	0.02834	0.02334	0.03668	0.02001	0.02334	0.01667	0.00834	0.00834	0.00167	0.00834	0.00667	0.00667	0.67325
6	0.02859	0.02406	0.03218	0.07393	0.03739	0.02419	0.07983	0.15317	0.09528	0.04571	0.02989	0.03965	0.02482	0.01349	0.01118	0.00323	0.01163	0.05939	0.00860	0.20378
7	0.02126	0.02001	0.03376	0.57739	0.07752	0.02501	0.03126	0.02876	0.02251	0.02876	0.02001	0.03001	0.01500	0.01125	0.01125	0.00375	0.01500	0.01000	0.00500	0.01250
8	0.02334	0.02001	0.02334	0.01667	0.02667	0.01500	0.01334	0.02834	0.02334	0.03668	0.02001	0.02334	0.01667	0.00834	0.00834	0.00167	0.00834	0.00667	0.00667	0.67325
9	0.03866	0.02141	0.03150	0.02403	0.03253	0.01946	0.08972	0.09330	0.03138	0.29368	0.03777	0.09103	0.02854	0.01465	0.01154	0.00339	0.01087	0.01300	0.01106	0.10248
10	0.68395	0.02177	0.01654	0.01480	0.02177	0.02525	0.01219	0.03309	0.01915	0.05050	0.01567	0.01828	0.01219	0.01045	0.00697	0.00348	0.00871	0.00609	0.00697	0.01219
11	0.02183	0.02250	0.04565	0.03466	0.04212	0.02106	0.30270	0.02887	0.02618	0.03570	0.11032	0.17487	0.04464	0.01777	0.01354	0.00394	0.01387	0.01887	0.00787	0.01302
12	0.02178	0.02072	0.03387	0.49274	0.07011	0.02647	0.03023	0.02850	0.02169	0.02850	0.01920	0.02918	0.01497	0.01256	0.01522	0.00393	0.10290	0.00998	0.00499	0.01247
13	0.01913	0.01564	0.01844	0.01645	0.02184	0.01353	0.01223	0.02548	0.07300	0.03405	0.04757	0.25933	0.08674	0.02146	0.01148	0.00322	0.00745	0.01880	0.00899	0.28519
14	0.03721	0.02062	0.02523	0.01977	0.02782	0.01884	0.01589	0.13094	0.03267	0.25178	0.03697	0.10480	0.02930	0.01518	0.01094	0.00314	0.00942	0.01257	0.01108	0.18581
15	0.03272	0.01894	0.02363	0.01769	0.02656	0.01518	0.01428	0.03751	0.02738	0.22424	0.07410	0.03426	0.02875	0.01171	0.00988	0.00250	0.00853	0.00960	0.00986	0.37270
16	0.02143	0.02119	0.02519	0.09286	0.03187	0.09906	0.06802	0.02673	0.02911	0.03702	0.26370	0.06500	0.13555	0.01907	0.01253	0.00354	0.01045	0.01673	0.00937	0.01157
17	0.02868	0.02327	0.02901	0.02344	0.03012	0.08743	0.08983	0.03562	0.06150	0.12392	0.14709	0.09273	0.04535	0.01614	0.01174	0.00331	0.01095	0.01439	0.00963	0.11586
18	0.03044	0.02561	0.02870	0.19903	0.04483	0.10423	0.02145	0.03929	0.08951	0.11350	0.02679	0.02977	0.01986	0.01155	0.01042	0.00309	0.01258	0.00934	0.00776	0.17225

[dist]
# distance from previous block
# <min> <max>
0	24

[block]
# block no. 4 follows, 11 sequences, length 16
# corresponding to MSA columns:
# 318-333
name=unknown_E
#
# <colnr> <probs for GDERKNQSTAVLIFYWHMCP>
#	G	D	E	R	K	N	Q	S	T	A	V	L	I	F	Y	W	H	M	C	P
0	0.13052	0.02211	0.03465	0.02703	0.03466	0.02190	0.16118	0.03960	0.09507	0.14601	0.09042	0.08103	0.03558	0.01488	0.01173	0.00371	0.01151	0.01392	0.00955	0.01494
1	0.07826	0.02663	0.04842	0.03563	0.04555	0.02557	0.29254	0.04061	0.09460	0.09679	0.02770	0.03136	0.02033	0.01077	0.01188	0.00355	0.01475	0.01184	0.00763	0.07559
2	0.11620	0.03352	0.09207	0.02670	0.03571	0.12363	0.09290	0.06329	0.02633	0.03805	0.01945	0.02355	0.01548	0.01081	0.01176	0.00302	0.05482	0.00835	0.00634	0.19799
3	0.21001	0.03061	0.02887	0.02399	0.03050	0.18299	0.08092	0.03806	0.02562	0.11308	0.02435	0.03137	0.01998	0.09437	0.01650	0.00439	0.01404	0.00967	0.00749	0.01318
4	0.02004	0.01854	0.03372	0.13033	0.04160	0.01869	0.15630	0.02629	0.02529	0.03380	0.09579	0.16839	0.04831	0.02101	0.01360	0.00420	0.01240	0.11150	0.00826	0.01195
5	0.46716	0.01992	0.01915	0.11914	0.03081	0.02320	0.01499	0.02994	0.01939	0.04244	0.01925	0.02822	0.01674	0.09377	0.01481	0.00457	0.01019	0.00826	0.00658	0.01150
6	0.01579	0.01220	0.01611	0.09304	0.02450	0.01223	0.01291	0.01900	0.02314	0.03020	0.11958	0.22491	0.15266	0.13465	0.02166	0.00540	0.00850	0.05475	0.00925	0.00953
7	0.13945	0.01291	0.01438	0.01563	0.01814	0.01306	0.01165	0.02046	0.02194	0.03328	0.05681	0.29509	0.11294	0.08078	0.01698	0.00497	0.00795	0.10436	0.00945	0.00977
8	0.02908	0.02882	0.09968	0.02160	0.03224	0.02255	0.01972	0.17026	0.03230	0.04684	0.02214	0.02451	0.01708	0.01022	0.00955	0.00245	0.01072	0.00794	0.00778	0.38454
9	0.03726	0.02493	0.02782	0.02301	0.03063	0.02711	0.01846	0.17446	0.27734	0.17090	0.04050	0.03715	0.02878	0.01449	0.01137	0.00362	0.00999	0.01170	0.01199	0.01848
10	0.01413	0.01011	0.01343	0.01539	0.01642	0.00942	0.01048	0.01671	0.02347	0.03178	0.14880	0.50163	0.08035	0.03298	0.01416	0.00438	0.00630	0.02983	0.01081	0.00942
11	0.01699	0.01232	0.01453	0.01396	0.01599	0.01122	0.00896	0.01842	0.01898	0.02635	0.03936	0.19764	0.04495	0.34851	0.03724	0.00758	0.00932	0.01854	0.00772	0.13143
12	0.68395	0.02177	0.01654	0.01480	0.02177	0.02525	0.01219	0.03309	0.01915	0.05050	0.01567	0.01828	0.01219	0.01045	0.00697	0.00348	0.00871	0.00609	0.00697	0.01219
13	0.01554	0.01081	0.01350	0.01440	0.01531	0.01042	0.00959	0.01757	0.02170	0.02936	0.13784	0.25373	0.06603	0.26338	0.03165	0.00700	0.00837	0.05590	0.00933	0.00857
14	0.19838	0.02481	0.03849	0.02955	0.03743	0.02614	0.18018	0.03983	0.06885	0.13377	0.02608	0.02910	0.01912	0.01236	0.01410	0.00380	0.08437	0.01061	0.00798	0.01504
15	0.02255	0.02110	0.02265	0.02031	0.02463	0.08214	0.04953	0.03204	0.13650	0.03286	0.04792	0.16151	0.09544	0.12904	0.02053	0.00502	0.01054	0.01746	0.00881	0.05943

[dist]
# distance from previous block
# <min> <max>
5	11

[block]
# block no. 5 follows, 11 sequences, length 12
# corresponding to MSA columns:
# 345-356
name=unknown_F
#
# <colnr> <probs for GDERKNQSTAVLIFYWHMCP>
#	G	D	E	R	K	N	Q	S	T	A	V	L	I	F	Y	W	H	M	C	P
0	0.02946	0.02276	0.02499	0.11361	0.03473	0.07428	0.01835	0.07373	0.14244	0.12147	0.11422	0.05033	0.09850	0.01663	0.01174	0.00359	0.01052	0.01376	0.01020	0.01471
1	0.17689	0.11358	0.28308	0.02908	0.04173	0.02860	0.10782	0.03488	0.02306	0.03801	0.01902	0.02290	0.01428	0.01030	0.00984	0.00344	0.01463	0.00835	0.00543	0.01509
2	0.03037	0.03134	0.14378	0.02168	0.03134	0.08439	0.02087	0.03645	0.02703	0.15656	0.04140	0.04094	0.10461	0.01402	0.01066	0.00306	0.01159	0.01111	0.00851	0.17027
3	0.02291	0.01246	0.01684	0.01720	0.02009	0.01142	0.01282	0.02604	0.02525	0.14898	0.08937	0.37499	0.06465	0.02899	0.01373	0.00433	0.00763	0.07922	0.01137	0.01171
4	0.03123	0.02536	0.02739	0.02234	0.03031	0.02701	0.01782	0.17991	0.26624	0.05163	0.03437	0.03332	0.02584	0.01316	0.01068	0.00319	0.00979	0.01057	0.01029	0.16954
5	0.17791	0.02112	0.02514	0.01874	0.02805	0.01847	0.04878	0.03176	0.02320	0.07318	0.02082	0.02368	0.01640	0.00928	0.00858	0.00236	0.00929	0.00733	0.00714	0.42876
6	0.02107	0.04756	0.42420	0.02885	0.04211	0.02335	0.03523	0.03205	0.02245	0.03345	0.02250	0.02849	0.01746	0.02772	0.13749	0.00692	0.01975	0.00918	0.00505	0.01511
7	0.03209	0.02777	0.05711	0.04111	0.05188	0.02571	0.38326	0.04039	0.02787	0.15288	0.02777	0.03220	0.01957	0.01051	0.01283	0.00372	0.01681	0.01283	0.00759	0.01610
8	0.02590	0.03503	0.14688	0.04486	0.05713	0.02807	0.41758	0.03598	0.02610	0.03598	0.02234	0.02925	0.01660	0.00969	0.01285	0.00376	0.01858	0.01245	0.00553	0.01542
9	0.02564	0.02762	0.05116	0.03890	0.04484	0.03133	0.26950	0.03177	0.02211	0.03177	0.01895	0.02762	0.01598	0.01436	0.02458	0.00433	0.28874	0.01164	0.00533	0.01381
10	0.02657	0.03036	0.06641	0.04744	0.05882	0.02846	0.49336	0.03605	0.02657	0.03605	0.02277	0.03036	0.01708	0.00949	0.01328	0.00380	0.01898	0.01328	0.00569	0.01518
11	0.04643	0.02065	0.02631	0.02037	0.02876	0.01910	0.01676	0.12609	0.03520	0.42491	0.04667	0.04163	0.06377	0.01495	0.01146	0.00349	0.00976	0.01205	0.01322	0.01843

[dist]
# distance from previous block
# <min> <max>
6	20

# created by:
# /st0/software/busco_prod/Augustus/scripts/msa2prfl.pl ./align_prep/8151.fa
