[name]
unknown

[dist]
# distance from previous block
# <min> <max>
0	34

[block]
# block no. 0 follows, 14 sequences, length 6
# corresponding to MSA columns:
# 34-39
name=unknown_A
#
# <colnr> <probs for GDERKNQSTAVLIFYWHMCP>
#	G	D	E	R	K	N	Q	S	T	A	V	L	I	F	Y	W	H	M	C	P
0	0.02240	0.01198	0.01600	0.01513	0.01845	0.01104	0.01167	0.02515	0.02376	0.16836	0.14168	0.16123	0.11406	0.02738	0.05255	0.07872	0.00845	0.07149	0.00983	0.01067
1	0.02230	0.01201	0.01570	0.01445	0.01760	0.01120	0.01069	0.02532	0.02344	0.17267	0.16731	0.15013	0.08728	0.13306	0.08400	0.00601	0.00945	0.01685	0.00975	0.01077
2	0.12020	0.03391	0.12528	0.02574	0.03292	0.16693	0.07652	0.03683	0.06717	0.09088	0.02101	0.02376	0.01598	0.01172	0.01320	0.00331	0.10647	0.00839	0.00635	0.01341
3	0.10110	0.02307	0.03017	0.25919	0.16663	0.08594	0.02406	0.03354	0.02330	0.12509	0.02160	0.02609	0.01594	0.01038	0.00972	0.00318	0.01243	0.00867	0.00634	0.01355
4	0.01297	0.00971	0.01181	0.01275	0.01444	0.00880	0.00886	0.01545	0.02218	0.02912	0.16892	0.33907	0.20745	0.07085	0.01538	0.00420	0.00581	0.02405	0.00964	0.00854
5	0.02350	0.02239	0.03670	0.05156	0.42099	0.02386	0.02758	0.02848	0.02166	0.03122	0.02232	0.09038	0.02134	0.01313	0.01450	0.00342	0.11569	0.01128	0.00546	0.01454

[dist]
# distance from previous block
# <min> <max>
0	1

[block]
# block no. 1 follows, 14 sequences, length 151
# corresponding to MSA columns:
# 41-191
name=unknown_B
#
# <colnr> <probs for GDERKNQSTAVLIFYWHMCP>
#	G	D	E	R	K	N	Q	S	T	A	V	L	I	F	Y	W	H	M	C	P
0	0.02413	0.27172	0.21906	0.06875	0.03703	0.03059	0.05190	0.03499	0.10951	0.03055	0.02078	0.02315	0.01627	0.01005	0.00881	0.00291	0.01239	0.00779	0.00542	0.01422
1	0.02944	0.02293	0.02271	0.01986	0.02481	0.12161	0.01555	0.13135	0.07001	0.12681	0.06852	0.07710	0.03029	0.03001	0.15413	0.00641	0.01503	0.01164	0.00865	0.01315
2	0.03259	0.01774	0.02155	0.01769	0.02382	0.01742	0.01419	0.11097	0.11265	0.26852	0.15859	0.04765	0.07965	0.01559	0.01085	0.00324	0.00790	0.01297	0.01148	0.01495
3	0.11514	0.01827	0.02506	0.02581	0.11464	0.01852	0.04880	0.08690	0.02596	0.13575	0.06361	0.08112	0.03061	0.01900	0.05189	0.00424	0.01066	0.04978	0.06095	0.01329
4	0.26963	0.02114	0.02507	0.02074	0.02595	0.02456	0.04330	0.06205	0.06246	0.14588	0.02221	0.02448	0.01668	0.01288	0.01536	0.00356	0.17480	0.00842	0.00756	0.01327
5	0.01861	0.01340	0.01573	0.01447	0.01776	0.01327	0.01098	0.11127	0.02964	0.04098	0.28910	0.15877	0.13181	0.02121	0.01157	0.00332	0.00621	0.01835	0.06283	0.01071
6	0.01694	0.01009	0.01310	0.01292	0.01420	0.00959	0.00875	0.01730	0.01944	0.05715	0.14838	0.13191	0.08509	0.18028	0.03016	0.20572	0.00767	0.01600	0.00780	0.00752
7	0.16882	0.01855	0.02413	0.12238	0.13716	0.01955	0.01836	0.06489	0.02457	0.10218	0.07690	0.04096	0.11344	0.01373	0.00988	0.00324	0.00936	0.01131	0.00774	0.01286
8	0.02105	0.02789	0.14205	0.13059	0.04910	0.02247	0.28745	0.02898	0.02248	0.03073	0.02519	0.11549	0.02249	0.01257	0.01153	0.00352	0.01466	0.01332	0.00557	0.01287
9	0.06982	0.02169	0.03388	0.22073	0.04677	0.02294	0.12124	0.11856	0.02788	0.17649	0.02522	0.02829	0.01750	0.01087	0.01041	0.00330	0.01240	0.00982	0.00780	0.01440
10	0.02684	0.02429	0.03843	0.12946	0.41911	0.02540	0.02912	0.11471	0.02709	0.03769	0.02004	0.02553	0.01611	0.00981	0.01019	0.00310	0.01224	0.00916	0.00586	0.01581
11	0.02128	0.01824	0.02128	0.01520	0.02432	0.01368	0.01216	0.02584	0.02128	0.03344	0.01824	0.02128	0.01520	0.00760	0.00760	0.00152	0.00760	0.00608	0.00608	0.70208
12	0.01748	0.00970	0.01423	0.01487	0.01551	0.00970	0.01098	0.01551	0.01615	0.02132	0.02772	0.05411	0.02900	0.03367	0.03308	0.51262	0.00906	0.14369	0.00581	0.00581
13	0.13419	0.02576	0.02478	0.02059	0.02694	0.08852	0.01641	0.29555	0.03580	0.08073	0.02830	0.12348	0.02480	0.01500	0.01005	0.00323	0.01057	0.01175	0.00915	0.01440
14	0.01992	0.04629	0.49238	0.02755	0.04060	0.02185	0.03440	0.03065	0.02199	0.03220	0.02433	0.03716	0.02058	0.01281	0.01048	0.00349	0.01423	0.08969	0.00518	0.01423
15	0.01339	0.00998	0.01245	0.01281	0.01488	0.00905	0.00924	0.01681	0.02493	0.03366	0.31176	0.25483	0.18749	0.02552	0.01242	0.00357	0.00526	0.02252	0.01037	0.00905
16	0.01588	0.01031	0.01314	0.01338	0.01524	0.00952	0.00937	0.01864	0.02308	0.07000	0.22633	0.28405	0.10851	0.11291	0.01806	0.00455	0.00629	0.02170	0.00987	0.00916
17	0.02695	0.60321	0.09180	0.01839	0.02763	0.03941	0.01901	0.03086	0.02091	0.02474	0.01456	0.01683	0.01316	0.00885	0.00681	0.00227	0.01127	0.00564	0.00439	0.01331
18	0.02146	0.01685	0.02657	0.44196	0.05586	0.01952	0.02344	0.02725	0.02208	0.09476	0.03509	0.04005	0.10691	0.01315	0.01057	0.00340	0.01168	0.01133	0.00638	0.01169
19	0.02859	0.02579	0.02660	0.11982	0.03550	0.09169	0.01930	0.14282	0.30947	0.04237	0.03161	0.03158	0.02366	0.01263	0.01024	0.00330	0.01084	0.01016	0.00885	0.01518
20	0.03847	0.02122	0.02797	0.02672	0.11740	0.02085	0.01862	0.18036	0.03357	0.31083	0.07009	0.03347	0.02676	0.01260	0.01040	0.00313	0.00973	0.01041	0.01067	0.01671
21	0.01428	0.00999	0.01280	0.01336	0.01399	0.01035	0.00879	0.01570	0.01646	0.02244	0.03672	0.19301	0.04135	0.34400	0.19111	0.01036	0.01376	0.01721	0.00680	0.00751
22	0.09085	0.02527	0.03023	0.02308	0.03125	0.02668	0.05801	0.34481	0.03951	0.18513	0.02735	0.02674	0.01873	0.01191	0.01012	0.00314	0.01089	0.00944	0.01016	0.01669
23	0.02227	0.01981	0.03259	0.24606	0.30707	0.02139	0.02645	0.02841	0.02207	0.03176	0.02127	0.02820	0.01701	0.00999	0.00970	0.00307	0.01149	0.00920	0.11871	0.01347
24	0.02083	0.01765	0.02056	0.01491	0.02338	0.01341	0.01174	0.02506	0.02083	0.03247	0.01925	0.02456	0.01678	0.05272	0.01079	0.00212	0.00777	0.00671	0.00609	0.65238
25	0.16141	0.02691	0.11587	0.02060	0.02841	0.05428	0.01912	0.10075	0.02723	0.22143	0.05944	0.02880	0.02257	0.01234	0.01119	0.00324	0.05398	0.00905	0.00873	0.01465
26	0.15805	0.02915	0.02736	0.02199	0.02938	0.09663	0.01786	0.36332	0.06958	0.05545	0.02274	0.02328	0.01662	0.01171	0.00946	0.00307	0.01136	0.00841	0.00899	0.01560
27	0.01707	0.01243	0.01468	0.01437	0.01645	0.01256	0.01030	0.05708	0.06372	0.03190	0.15946	0.14350	0.08520	0.23366	0.02591	0.00583	0.00795	0.06973	0.00890	0.00930
28	0.27962	0.01978	0.02091	0.01713	0.02396	0.02074	0.01399	0.11368	0.06555	0.23376	0.06921	0.03029	0.02498	0.01223	0.00903	0.00319	0.00849	0.00917	0.00980	0.01451
29	0.02304	0.26525	0.39551	0.02506	0.03794	0.02984	0.03063	0.03187	0.02137	0.02951	0.01693	0.01980	0.01306	0.00940	0.00862	0.00287	0.01367	0.00683	0.00435	0.01445
30	0.04604	0.01746	0.02382	0.01826	0.02620	0.01508	0.01508	0.05001	0.02937	0.58244	0.04049	0.03493	0.02540	0.01270	0.01032	0.00318	0.00873	0.01032	0.01270	0.01746
31	0.02215	0.01708	0.01938	0.01843	0.02263	0.01869	0.01412	0.03974	0.32187	0.06883	0.08635	0.18647	0.04657	0.01971	0.01145	0.00369	0.00749	0.05153	0.01035	0.01347
32	0.25530	0.02433	0.02523	0.02066	0.02674	0.02844	0.01702	0.25461	0.06881	0.05046	0.02063	0.02264	0.01571	0.01245	0.01285	0.00337	0.11029	0.00816	0.00805	0.01427
33	0.01938	0.01824	0.03078	0.61468	0.07068	0.02280	0.02850	0.02622	0.02052	0.02622	0.01824	0.02736	0.01368	0.01026	0.01026	0.00342	0.01368	0.00912	0.00456	0.01140
34	0.01473	0.01046	0.01353	0.01496	0.01638	0.01015	0.01129	0.01746	0.02089	0.02753	0.08892	0.23129	0.08800	0.17585	0.02281	0.00566	0.00811	0.20479	0.00883	0.00836
35	0.02112	0.02123	0.03962	0.42079	0.10177	0.02377	0.16680	0.02840	0.02172	0.02854	0.01900	0.02731	0.01437	0.00974	0.01075	0.00340	0.01456	0.00993	0.00477	0.01240
36	0.02441	0.02337	0.03986	0.15383	0.49224	0.02412	0.03100	0.03063	0.02290	0.03232	0.01913	0.02572	0.01583	0.00933	0.01018	0.00311	0.01244	0.00914	0.00499	0.01546
37	0.03833	0.04891	0.02908	0.02644	0.03173	0.59815	0.01983	0.04098	0.02908	0.02512	0.01586	0.01851	0.01322	0.01058	0.00925	0.00264	0.01851	0.00661	0.00529	0.01190
38	0.02493	0.01477	0.01809	0.01662	0.02052	0.01470	0.01245	0.06732	0.11311	0.16585	0.10110	0.24907	0.04904	0.06527	0.01448	0.00405	0.00752	0.01821	0.01044	0.01246
39	0.03886	0.03443	0.02745	0.02346	0.02943	0.30538	0.01835	0.08146	0.05985	0.19782	0.02530	0.02536	0.01828	0.01207	0.01146	0.00302	0.05728	0.00839	0.00815	0.01421
40	0.01676	0.11547	0.02263	0.01667	0.01964	0.01740	0.01361	0.02037	0.01721	0.02388	0.02531	0.03639	0.02360	0.06574	0.50119	0.01414	0.02477	0.01009	0.00532	0.00982
41	0.01492	0.00995	0.01119	0.01119	0.01119	0.00995	0.00622	0.01492	0.01492	0.01990	0.03233	0.06716	0.03731	0.63935	0.05223	0.00995	0.00995	0.01492	0.00622	0.00622
42	0.13680	0.02198	0.03435	0.20368	0.34772	0.02373	0.02733	0.02985	0.02163	0.03362	0.01819	0.02449	0.01471	0.00951	0.00956	0.00317	0.01189	0.00855	0.00515	0.01410
43	0.01390	0.01055	0.01327	0.01282	0.01543	0.00992	0.00969	0.01794	0.02545	0.03466	0.35433	0.07666	0.21366	0.03156	0.10869	0.00548	0.00867	0.01815	0.00986	0.00932
44	0.03833	0.04891	0.02908	0.02644	0.03173	0.59815	0.01983	0.04098	0.02908	0.02512	0.01586	0.01851	0.01322	0.01058	0.00925	0.00264	0.01851	0.00661	0.00529	0.01190
45	0.01466	0.01100	0.01649	0.01649	0.01833	0.01283	0.01283	0.01833	0.01649	0.02382	0.02749	0.04032	0.02566	0.07697	0.59868	0.01649	0.02749	0.01100	0.00550	0.00916
46	0.14002	0.01340	0.01436	0.01490	0.01786	0.01415	0.01110	0.02500	0.10841	0.03385	0.04835	0.30178	0.08697	0.02283	0.01101	0.00373	0.00676	0.05372	0.06147	0.01033
47	0.01251	0.01005	0.01117	0.01165	0.01429	0.00871	0.00845	0.01519	0.02318	0.02900	0.14969	0.22535	0.39104	0.02687	0.01236	0.00361	0.00534	0.02310	0.00975	0.00871
48	0.02104	0.01181	0.01527	0.01366	0.01672	0.01084	0.01009	0.02473	0.02629	0.14737	0.35417	0.06624	0.07033	0.14316	0.01978	0.00456	0.00666	0.01615	0.01057	0.01058
49	0.16175	0.01575	0.01771	0.01739	0.02162	0.01675	0.01406	0.03215	0.13383	0.09860	0.04239	0.15540	0.04117	0.02037	0.01119	0.00388	0.00821	0.16643	0.00941	0.01194
50	0.01778	0.01145	0.01441	0.01468	0.01709	0.01090	0.01083	0.05174	0.02455	0.07560	0.14868	0.33653	0.09953	0.02544	0.01217	0.00373	0.00642	0.05654	0.05190	0.01003
51	0.11393	0.01627	0.01868	0.01626	0.02092	0.01648	0.01240	0.09429	0.06349	0.18518	0.07775	0.14053	0.03768	0.11943	0.01733	0.00447	0.00834	0.01424	0.00974	0.01259
52	0.01942	0.01547	0.01738	0.01602	0.01999	0.01651	0.01227	0.03463	0.25838	0.04081	0.27606	0.05930	0.09777	0.01774	0.01110	0.00331	0.00629	0.01523	0.04986	0.01247
53	0.02537	0.01774	0.02024	0.01866	0.02341	0.01915	0.01423	0.04288	0.32439	0.12723	0.04557	0.19881	0.04026	0.01866	0.01114	0.00362	0.00763	0.01615	0.01057	0.01430
54	0.03437	0.01822	0.02229	0.01804	0.02406	0.01787	0.01436	0.17240	0.03269	0.27425	0.12394	0.08361	0.03887	0.05996	0.01378	0.00371	0.00867	0.01305	0.01113	0.01473
55	0.02740	0.01291	0.01707	0.01549	0.01957	0.01148	0.01165	0.03027	0.02444	0.27009	0.08087	0.26917	0.08505	0.05719	0.01399	0.00396	0.00728	0.01897	0.01083	0.01231
56	0.01880	0.01377	0.01529	0.01437	0.01717	0.01465	0.01036	0.02981	0.18754	0.03547	0.17223	0.05587	0.04879	0.18489	0.02165	0.00499	0.00723	0.01394	0.12245	0.01076
57	0.01463	0.01057	0.01321	0.01375	0.01560	0.01004	0.01031	0.01774	0.02279	0.03037	0.20479	0.12721	0.14126	0.17200	0.02228	0.00532	0.00737	0.14299	0.00923	0.00855
58	0.01391	0.00999	0.01282	0.01349	0.01504	0.00937	0.00962	0.01698	0.02334	0.03185	0.26237	0.26898	0.10204	0.10355	0.01766	0.00452	0.00624	0.05969	0.00982	0.00871
59	0.01609	0.01206	0.01506	0.01585	0.01766	0.01271	0.01162	0.02277	0.10735	0.02811	0.04475	0.25287	0.04823	0.15309	0.10723	0.00709	0.01085	0.09863	0.00842	0.00953
60	0.02781	0.03088	0.03239	0.03272	0.11870	0.20401	0.02314	0.03081	0.02107	0.02628	0.01516	0.02173	0.01385	0.01425	0.02232	0.00369	0.33582	0.00828	0.00483	0.01226
61	0.02128	0.01824	0.02128	0.01520	0.02432	0.01368	0.01216	0.02584	0.02128	0.03344	0.01824	0.02128	0.01520	0.00760	0.00760	0.00152	0.00760	0.00608	0.00608	0.70208
62	0.06313	0.01879	0.02078	0.01787	0.02206	0.02067	0.01352	0.19584	0.13351	0.04005	0.02703	0.03560	0.02324	0.12167	0.02459	0.18198	0.00965	0.01036	0.00795	0.01171
63	0.03991	0.02730	0.02990	0.02293	0.03110	0.02968	0.01894	0.47829	0.04583	0.13091	0.02667	0.02595	0.01847	0.01237	0.01027	0.00309	0.01096	0.00938	0.01058	0.01745
64	0.01265	0.00904	0.01204	0.01419	0.01492	0.00843	0.00954	0.01465	0.02032	0.02726	0.09323	0.59294	0.06994	0.03135	0.01303	0.00410	0.00587	0.02842	0.00965	0.00843
65	0.01746	0.01116	0.01391	0.01406	0.01706	0.01004	0.01082	0.02072	0.02411	0.09796	0.14609	0.21783	0.22908	0.02547	0.01247	0.00377	0.00646	0.10139	0.01017	0.00995
66	0.01644	0.01107	0.01398	0.01324	0.01627	0.01003	0.01022	0.02075	0.02750	0.07616	0.39746	0.08121	0.18530	0.02198	0.01214	0.00339	0.00555	0.05642	0.01089	0.01001
67	0.01274	0.00930	0.01157	0.01327	0.01426	0.00859	0.00884	0.01444	0.01968	0.02567	0.06139	0.47531	0.14699	0.10569	0.01774	0.00476	0.00632	0.02619	0.00912	0.00813
68	0.26181	0.01904	0.02147	0.01709	0.02453	0.01884	0.01411	0.07828	0.02684	0.37161	0.03086	0.02827	0.02020	0.01164	0.00903	0.00317	0.00866	0.00870	0.01047	0.01540
69	0.17098	0.01537	0.01743	0.01532	0.01987	0.01532	0.01163	0.06180	0.02365	0.20640	0.06317	0.14900	0.03565	0.12856	0.01762	0.00457	0.00823	0.01400	0.00940	0.01203
70	0.01268	0.00942	0.01182	0.01333	0.01473	0.00857	0.00920	0.01500	0.02156	0.02834	0.12917	0.45656	0.17308	0.02953	0.01278	0.00391	0.00566	0.02635	0.00974	0.00857
71	0.09168	0.01849	0.02282	0.01817	0.02539	0.01753	0.01500	0.11715	0.03051	0.39400	0.04142	0.04115	0.06368	0.01424	0.01036	0.00327	0.00884	0.03895	0.01145	0.01590
72	0.10673	0.01435	0.01821	0.01675	0.02146	0.01360	0.01357	0.03226	0.02490	0.25067	0.08399	0.16160	0.04472	0.02013	0.01141	0.00372	0.00802	0.13074	0.01054	0.01263
73	0.07855	0.01554	0.01923	0.01670	0.02171	0.01490	0.01300	0.09036	0.02779	0.25413	0.10825	0.21290	0.04493	0.01918	0.01107	0.00346	0.00766	0.01642	0.01087	0.01336
74	0.01783	0.00891	0.01337	0.01337	0.01337	0.00891	0.00891	0.01337	0.01337	0.01783	0.01783	0.03119	0.01783	0.03565	0.04011	0.70143	0.00891	0.00891	0.00446	0.00446
75	0.11045	0.01290	0.01479	0.01326	0.01706	0.01227	0.01001	0.02496	0.02447	0.13689	0.23376	0.06380	0.15136	0.11020	0.01696	0.00425	0.00679	0.01538	0.00984	0.01062
76	0.01565	0.01035	0.01552	0.01552	0.01678	0.01161	0.01161	0.01678	0.01552	0.02195	0.02448	0.03747	0.02321	0.06409	0.42459	0.22996	0.02170	0.01035	0.00517	0.00770
77	0.02191	0.01269	0.01644	0.01474	0.01835	0.01180	0.01128	0.05334	0.02899	0.14874	0.37020	0.13495	0.07460	0.02025	0.01177	0.00333	0.00611	0.01773	0.01130	0.01149
78	0.01464	0.01033	0.01290	0.01290	0.01375	0.01081	0.00852	0.01604	0.01604	0.02175	0.03579	0.06048	0.07122	0.40925	0.23080	0.01166	0.01544	0.01410	0.00621	0.00737
79	0.01758	0.01213	0.01521	0.01515	0.01800	0.01193	0.01180	0.05169	0.02353	0.06392	0.09459	0.14886	0.17422	0.07704	0.11185	0.00636	0.01073	0.11658	0.00898	0.00984
80	0.01385	0.01042	0.01285	0.01269	0.01524	0.00943	0.00956	0.01785	0.02651	0.03584	0.37714	0.12717	0.21893	0.02359	0.01230	0.00345	0.00528	0.04800	0.01059	0.00929
81	0.01981	0.01867	0.03155	0.57564	0.10639	0.02291	0.02871	0.02659	0.02072	0.02674	0.01832	0.02722	0.01386	0.01018	0.01025	0.00339	0.01357	0.00912	0.00460	0.01174
82	0.03270	0.02394	0.03088	0.02406	0.03189	0.02498	0.09083	0.20402	0.19104	0.13656	0.03131	0.03057	0.02245	0.01198	0.01039	0.00315	0.01050	0.01029	0.00968	0.06878
83	0.17101	0.03021	0.17548	0.02157	0.03084	0.02355	0.02138	0.12280	0.11434	0.14991	0.02674	0.02645	0.01878	0.01139	0.00936	0.00323	0.01063	0.00863	0.00836	0.01534
84	0.02117	0.02398	0.11429	0.01751	0.02763	0.01535	0.01640	0.02694	0.02134	0.03328	0.01827	0.02134	0.01484	0.00795	0.00795	0.00180	0.00885	0.00633	0.00579	0.58898
85	0.01318	0.00933	0.01159	0.01311	0.01374	0.00883	0.00844	0.01450	0.01854	0.02447	0.05289	0.43026	0.09483	0.20820	0.02440	0.00580	0.00706	0.02450	0.00856	0.00774
86	0.02116	0.01854	0.02802	0.03124	0.17232	0.01981	0.04684	0.06404	0.02652	0.03772	0.25799	0.04724	0.05085	0.01595	0.01499	0.00339	0.10937	0.01337	0.00808	0.01253
87	0.01321	0.01042	0.01192	0.01217	0.01464	0.00969	0.00894	0.01567	0.02082	0.02600	0.07565	0.11405	0.34874	0.12541	0.11479	0.00667	0.00983	0.04460	0.00837	0.00841
88	0.46312	0.02943	0.02035	0.01811	0.02424	0.20315	0.01431	0.06268	0.02285	0.04057	0.01537	0.01770	0.01213	0.01001	0.00748	0.00300	0.01143	0.00610	0.00624	0.01172
89	0.52535	0.10159	0.10448	0.01633	0.02428	0.02530	0.01588	0.03058	0.01850	0.04135	0.01490	0.01739	0.01165	0.00947	0.00688	0.00307	0.00938	0.00585	0.00581	0.01197
90	0.02018	0.01979	0.03568	0.52060	0.06787	0.02332	0.11240	0.02732	0.02113	0.02732	0.01866	0.02741	0.01399	0.00999	0.01056	0.00343	0.01428	0.00961	0.00466	0.01180
91	0.02298	0.03565	0.27521	0.02419	0.03444	0.02385	0.02563	0.04244	0.27559	0.03752	0.02948	0.02952	0.02187	0.01156	0.00991	0.00323	0.01124	0.00937	0.00737	0.06894
92	0.01326	0.00984	0.01260	0.01352	0.01507	0.00945	0.00954	0.01583	0.02087	0.02785	0.13478	0.31509	0.15481	0.07999	0.11198	0.00634	0.00948	0.02222	0.00889	0.00858
93	0.03901	0.02874	0.03080	0.02361	0.03182	0.03182	0.01951	0.54111	0.04825	0.06468	0.02464	0.02464	0.01745	0.01232	0.01027	0.00308	0.01129	0.00924	0.01027	0.01745
94	0.02378	0.29947	0.15138	0.02099	0.02861	0.03012	0.02114	0.06372	0.02213	0.02912	0.02271	0.12030	0.02248	0.01420	0.01189	0.00308	0.08587	0.01051	0.00565	0.01285
95	0.01938	0.01824	0.03078	0.61468	0.07068	0.02280	0.02850	0.02622	0.02052	0.02622	0.01824	0.02736	0.01368	0.01026	0.01026	0.00342	0.01368	0.00912	0.00456	0.01140
96	0.02477	0.04722	0.49358	0.02744	0.04142	0.02239	0.03416	0.03538	0.02293	0.12305	0.02205	0.02385	0.01504	0.01024	0.00984	0.00324	0.01411	0.00803	0.00571	0.01554
97	0.02515	0.02482	0.04347	0.05295	0.38489	0.02489	0.14368	0.03486	0.09436	0.03463	0.02261	0.02762	0.01810	0.00967	0.01064	0.00320	0.01280	0.01014	0.00582	0.01571
98	0.01929	0.01095	0.01391	0.01402	0.01571	0.01034	0.00960	0.02092	0.01963	0.11556	0.04399	0.26970	0.04793	0.27349	0.02849	0.00637	0.00827	0.05405	0.00871	0.00906
99	0.01601	0.01072	0.01355	0.01420	0.01669	0.00977	0.01078	0.01920	0.02359	0.07226	0.15144	0.26891	0.19504	0.02660	0.01267	0.00386	0.00641	0.10871	0.01005	0.00953
100	0.43287	0.01947	0.01912	0.01578	0.02281	0.02061	0.01302	0.06528	0.02348	0.24222	0.02439	0.02375	0.01666	0.01083	0.00801	0.00317	0.00841	0.00749	0.00888	0.01377
101	0.01520	0.01098	0.01492	0.01712	0.01911	0.01070	0.01413	0.01902	0.02260	0.02935	0.05844	0.24606	0.09777	0.02915	0.01375	0.00449	0.00826	0.35037	0.00947	0.00911
102	0.03374	0.02400	0.02645	0.02108	0.02800	0.02607	0.01712	0.35378	0.11052	0.09742	0.11788	0.03578	0.03295	0.01399	0.01060	0.00316	0.00962	0.01117	0.01064	0.01601
103	0.30416	0.01649	0.01743	0.01551	0.02118	0.01689	0.01282	0.03260	0.02319	0.19781	0.07457	0.04842	0.06917	0.01554	0.00962	0.00345	0.00800	0.09146	0.00929	0.01241
104	0.02262	0.01265	0.01539	0.01436	0.01769	0.01181	0.01040	0.02681	0.06283	0.17007	0.05540	0.20272	0.14757	0.15763	0.02056	0.00499	0.00756	0.01834	0.00969	0.01090
105	0.03733	0.02791	0.02985	0.02327	0.03118	0.03104	0.01910	0.48031	0.11180	0.06196	0.02678	0.02634	0.01919	0.01252	0.01029	0.00313	0.01090	0.00953	0.01029	0.01730
106	0.02506	0.01234	0.01588	0.01467	0.01797	0.01116	0.01059	0.02727	0.02229	0.22401	0.04870	0.24221	0.08439	0.16965	0.02137	0.00514	0.00784	0.01844	0.00987	0.01112
107	0.01360	0.01007	0.01169	0.01184	0.01362	0.00924	0.00808	0.01590	0.02184	0.02866	0.19490	0.16318	0.22243	0.20193	0.02379	0.00537	0.00658	0.02005	0.00903	0.00817
108	0.01880	0.01312	0.01599	0.01459	0.01813	0.01291	0.01116	0.02780	0.12448	0.08249	0.40006	0.06802	0.11293	0.01941	0.01167	0.00329	0.00576	0.01688	0.01113	0.01141
109	0.01255	0.01017	0.01114	0.01141	0.01425	0.00876	0.00836	0.01535	0.02362	0.02947	0.16556	0.18337	0.41764	0.02626	0.01228	0.00355	0.00527	0.02243	0.00979	0.00876
110	0.01519	0.01026	0.01207	0.01246	0.01285	0.01026	0.00792	0.01597	0.01636	0.02168	0.03596	0.07516	0.04089	0.53875	0.04597	0.00909	0.00987	0.09582	0.00675	0.00675
111	0.01448	0.01017	0.01177	0.01224	0.01315	0.00984	0.00800	0.01562	0.01775	0.02299	0.04868	0.12145	0.13021	0.41704	0.03797	0.00780	0.00880	0.07745	0.00741	0.00718
112	0.01834	0.01056	0.01423	0.01530	0.01724	0.00972	0.01098	0.02071	0.02156	0.11813	0.05374	0.49416	0.06020	0.02865	0.01272	0.00405	0.00668	0.06306	0.01004	0.00992
113	0.02752	0.02304	0.02433	0.02129	0.02745	0.02646	0.01673	0.12665	0.48142	0.04615	0.03923	0.03626	0.02927	0.01369	0.01042	0.00342	0.00859	0.01125	0.01042	0.01642
114	0.03885	0.03360	0.03038	0.02429	0.03180	0.16825	0.01958	0.42063	0.04363	0.05515	0.02252	0.02316	0.01643	0.01190	0.01002	0.00297	0.01303	0.00861	0.00907	0.01611
115	0.02307	0.01238	0.01645	0.01436	0.01828	0.01115	0.01115	0.02767	0.02914	0.18784	0.42644	0.06535	0.07747	0.01874	0.01162	0.00321	0.00590	0.01633	0.01168	0.01179
116	0.60105	0.02131	0.01767	0.01516	0.02182	0.02447	0.01250	0.11429	0.02253	0.04911	0.01599	0.01798	0.01216	0.00999	0.00700	0.00316	0.00849	0.00616	0.00700	0.01216
117	0.03108	0.02297	0.03048	0.02442	0.03171	0.02440	0.10237	0.11438	0.29941	0.14900	0.03580	0.03409	0.02575	0.01261	0.01067	0.00336	0.01017	0.01112	0.00999	0.01624
118	0.01655	0.01264	0.01565	0.01462	0.01762	0.01280	0.01111	0.02573	0.12474	0.04025	0.43492	0.06707	0.07981	0.02365	0.05326	0.00421	0.00704	0.01675	0.01073	0.01085
119	0.01337	0.00950	0.01199	0.01363	0.01443	0.00901	0.00916	0.01501	0.01909	0.02515	0.05396	0.41985	0.09547	0.17636	0.02245	0.00554	0.00713	0.06223	0.00873	0.00794
120	0.01500	0.01018	0.01213	0.01270	0.01314	0.01013	0.00817	0.01592	0.01672	0.02217	0.03784	0.11900	0.04326	0.49167	0.04293	0.00864	0.00956	0.09693	0.00701	0.00691
121	0.14264	0.02229	0.02403	0.01994	0.02605	0.02509	0.01619	0.28932	0.07131	0.04966	0.02488	0.02829	0.01948	0.02842	0.15935	0.00654	0.01464	0.00925	0.00842	0.01421
122	0.28448	0.01832	0.02069	0.01655	0.02392	0.01793	0.01366	0.04290	0.02511	0.39035	0.03110	0.02839	0.02029	0.01156	0.00890	0.00318	0.00845	0.00861	0.01043	0.01519
123	0.01335	0.00953	0.01288	0.01525	0.01622	0.00906	0.01099	0.01575	0.02048	0.02714	0.05610	0.52460	0.06603	0.03136	0.01332	0.00428	0.00668	0.12890	0.00951	0.00857
124	0.43823	0.02233	0.02017	0.01713	0.02383	0.02553	0.01396	0.15614	0.11361	0.04998	0.02128	0.02213	0.01595	0.01092	0.00796	0.00320	0.00877	0.00743	0.00796	0.01347
125	0.12815	0.01134	0.01273	0.01329	0.01569	0.01116	0.00961	0.01834	0.02232	0.03371	0.19480	0.31209	0.13091	0.02461	0.01159	0.00366	0.00588	0.02144	0.00948	0.00920
126	0.15170	0.02422	0.02632	0.02050	0.02833	0.02584	0.01693	0.32390	0.03807	0.20192	0.02723	0.02612	0.01856	0.01196	0.00964	0.00312	0.01005	0.00893	0.01028	0.01641
127	0.01855	0.01097	0.01421	0.01444	0.01663	0.01018	0.01047	0.02116	0.02228	0.10999	0.12554	0.28671	0.08844	0.12691	0.01905	0.00486	0.00719	0.07304	0.00969	0.00966
128	0.02290	0.01158	0.01560	0.01552	0.01839	0.01043	0.01125	0.02536	0.02266	0.19858	0.05158	0.44741	0.05471	0.02612	0.01224	0.00386	0.00681	0.02333	0.01051	0.01116
129	0.15104	0.01209	0.01341	0.01353	0.01643	0.01202	0.00995	0.02161	0.02204	0.07342	0.14241	0.28567	0.09154	0.02235	0.01089	0.00355	0.00619	0.01927	0.06271	0.00989
130	0.01409	0.01029	0.01138	0.01111	0.01404	0.00916	0.00833	0.01781	0.02499	0.03399	0.24965	0.08134	0.32133	0.02199	0.01130	0.00321	0.00501	0.01862	0.12321	0.00916
131	0.34992	0.01716	0.01713	0.01474	0.02033	0.01815	0.01188	0.05851	0.02470	0.14324	0.18219	0.03798	0.03914	0.01361	0.00897	0.00319	0.00736	0.01043	0.00917	0.01220
132	0.14404	0.01490	0.01825	0.01610	0.02123	0.01405	0.01250	0.03436	0.02404	0.30129	0.04175	0.23913	0.03777	0.01892	0.01063	0.00352	0.00764	0.01607	0.01055	0.01325
133	0.02245	0.02245	0.03143	0.02694	0.02694	0.03143	0.02245	0.02470	0.01572	0.02470	0.01347	0.02245	0.01347	0.01796	0.03368	0.00449	0.62057	0.00898	0.00449	0.01123
134	0.34850	0.02208	0.02200	0.01775	0.02505	0.02395	0.01465	0.19458	0.02983	0.17500	0.02354	0.02335	0.01638	0.01113	0.00849	0.00315	0.00917	0.00780	0.00903	0.01455
135	0.03810	0.01662	0.02193	0.01738	0.02403	0.01500	0.01412	0.07775	0.03064	0.41779	0.16434	0.04405	0.04170	0.01463	0.01074	0.00318	0.00800	0.01219	0.01220	0.01563
136	0.02059	0.01157	0.01500	0.01417	0.01663	0.01097	0.01022	0.02328	0.02234	0.13556	0.16814	0.13929	0.05380	0.21530	0.06623	0.00643	0.00917	0.04217	0.00926	0.00989
137	0.01962	0.01836	0.03050	0.49758	0.10034	0.02262	0.02719	0.02591	0.02015	0.02648	0.01876	0.02794	0.01477	0.01569	0.05640	0.00445	0.04776	0.00926	0.00466	0.01157
138	0.02116	0.02181	0.15203	0.01769	0.02406	0.01395	0.01731	0.02755	0.02734	0.12821	0.35110	0.05666	0.06506	0.01694	0.01125	0.00322	0.00795	0.01458	0.00987	0.01227
139	0.02128	0.01824	0.02128	0.01520	0.02432	0.01368	0.01216	0.02584	0.02128	0.03344	0.01824	0.02128	0.01520	0.00760	0.00760	0.00152	0.00760	0.00608	0.00608	0.70208
140	0.02631	0.54798	0.14144	0.01948	0.02932	0.03784	0.02091	0.03102	0.02099	0.02552	0.01495	0.01732	0.01314	0.00894	0.00711	0.00237	0.01166	0.00583	0.00438	0.01350
141	0.02902	0.39983	0.04253	0.01929	0.02729	0.16926	0.01721	0.03237	0.02289	0.02591	0.01530	0.01774	0.01352	0.00901	0.00739	0.00219	0.01222	0.00585	0.00488	0.12630
142	0.01395	0.01046	0.01345	0.01444	0.01644	0.00922	0.00996	0.01619	0.01992	0.02739	0.05025	0.53199	0.05920	0.02811	0.01219	0.00373	0.00622	0.02537	0.00896	0.12256
143	0.01597	0.01131	0.01285	0.01185	0.01335	0.01056	0.00720	0.01672	0.01597	0.02213	0.03001	0.05960	0.03367	0.53533	0.04488	0.00856	0.00956	0.01347	0.00620	0.12079
144	0.01489	0.01779	0.10701	0.01582	0.02032	0.01238	0.01415	0.02091	0.06057	0.03074	0.12724	0.25267	0.21891	0.02384	0.01193	0.00363	0.00725	0.02069	0.00895	0.01029
145	0.13928	0.46976	0.11277	0.01833	0.02749	0.03565	0.01900	0.03085	0.02039	0.02878	0.01478	0.01714	0.01281	0.00902	0.00693	0.00249	0.01099	0.00576	0.00471	0.01308
146	0.02531	0.46142	0.21922	0.02119	0.03196	0.03539	0.02389	0.03128	0.02110	0.02674	0.01556	0.01808	0.01312	0.00908	0.00757	0.00252	0.01228	0.00614	0.00437	0.01379
147	0.14688	0.01646	0.01937	0.01595	0.02192	0.01588	0.01287	0.07445	0.02833	0.27499	0.17408	0.04623	0.07942	0.01519	0.01023	0.00320	0.00756	0.01234	0.01086	0.01379
148	0.02514	0.03948	0.32507	0.02425	0.03621	0.05672	0.02717	0.06864	0.02450	0.07719	0.02036	0.02261	0.01485	0.00966	0.00925	0.00275	0.01268	0.00747	0.00590	0.19008
149	0.07958	0.11800	0.16851	0.02234	0.03155	0.07052	0.02197	0.10625	0.11647	0.12827	0.02573	0.02571	0.01861	0.01119	0.00931	0.00306	0.01158	0.00842	0.00774	0.01521
150	0.02844	0.03088	0.08792	0.03406	0.04327	0.09563	0.29463	0.07377	0.09508	0.07468	0.02436	0.02775	0.01794	0.01020	0.01110	0.00330	0.01507	0.01069	0.00671	0.01453

[dist]
# distance from previous block
# <min> <max>
0	3

[block]
# block no. 2 follows, 14 sequences, length 17
# corresponding to MSA columns:
# 195-211
name=unknown_C
#
# <colnr> <probs for GDERKNQSTAVLIFYWHMCP>
#	G	D	E	R	K	N	Q	S	T	A	V	L	I	F	Y	W	H	M	C	P
0	0.23165	0.02662	0.03210	0.02918	0.09219	0.10348	0.13521	0.03794	0.14359	0.03809	0.02276	0.02529	0.01757	0.01043	0.00941	0.00322	0.01203	0.00896	0.00673	0.01357
1	0.65467	0.01971	0.01560	0.01364	0.02022	0.02225	0.01120	0.02981	0.01778	0.04500	0.01462	0.01705	0.01145	0.00937	0.00645	0.00304	0.00791	0.00560	0.00633	0.06832
2	0.01422	0.00965	0.01140	0.01209	0.01226	0.00948	0.00718	0.01474	0.01630	0.02173	0.03937	0.23135	0.04618	0.46305	0.04087	0.00827	0.00879	0.01906	0.00718	0.00683
3	0.01525	0.01105	0.01324	0.01413	0.01521	0.01121	0.00945	0.01968	0.08043	0.02593	0.04504	0.30389	0.05086	0.27173	0.02845	0.00643	0.00803	0.05318	0.00831	0.00848
4	0.09686	0.03515	0.09354	0.02397	0.03219	0.15288	0.02096	0.32794	0.03825	0.05070	0.02109	0.02225	0.01545	0.01139	0.00964	0.00301	0.01301	0.00815	0.00815	0.01542
5	0.01777	0.01096	0.01297	0.01276	0.01472	0.01022	0.00876	0.01938	0.01972	0.08855	0.05395	0.13469	0.16297	0.31421	0.03107	0.00666	0.00826	0.05550	0.00833	0.00856
6	0.01393	0.00970	0.01219	0.01332	0.01403	0.00934	0.00883	0.01562	0.01928	0.02593	0.10705	0.32069	0.05926	0.25573	0.02757	0.00624	0.00756	0.05743	0.00850	0.00779
7	0.09000	0.02504	0.08769	0.02240	0.02991	0.02342	0.05213	0.10199	0.24352	0.11821	0.03412	0.03742	0.02606	0.01342	0.01034	0.00343	0.01003	0.04626	0.00928	0.01533
8	0.34010	0.06515	0.02003	0.01451	0.02131	0.01956	0.01197	0.02917	0.02120	0.08213	0.09472	0.02757	0.02533	0.01083	0.00779	0.00270	0.00771	0.00786	0.00732	0.18305
9	0.12017	0.02065	0.02305	0.01741	0.02575	0.01921	0.01419	0.14580	0.02826	0.14133	0.02317	0.02389	0.01701	0.00983	0.00852	0.00238	0.00867	0.00748	0.00825	0.33496
10	0.03478	0.02052	0.02859	0.10328	0.03535	0.02049	0.06414	0.10093	0.10705	0.27743	0.03240	0.03155	0.02212	0.01177	0.01029	0.00315	0.01030	0.01007	0.00981	0.06598
11	0.02758	0.01926	0.02949	0.09511	0.15374	0.01853	0.05857	0.03452	0.05960	0.16884	0.10506	0.03577	0.03059	0.01190	0.01030	0.00300	0.00994	0.01075	0.00828	0.10918
12	0.22303	0.02256	0.02171	0.06217	0.02757	0.08358	0.01479	0.08982	0.02542	0.07986	0.06852	0.02645	0.02200	0.01079	0.00854	0.00271	0.00963	0.00801	0.00739	0.18543
13	0.18337	0.02054	0.02246	0.01853	0.02484	0.06924	0.05133	0.03401	0.06531	0.14381	0.09979	0.07133	0.03169	0.01324	0.00950	0.00301	0.00914	0.01086	0.00855	0.10943
14	0.02479	0.01846	0.02335	0.01927	0.02558	0.01841	0.04548	0.03835	0.21776	0.10844	0.08701	0.03749	0.03194	0.02005	0.07839	0.00448	0.01055	0.01085	0.00894	0.17040
15	0.06975	0.01756	0.01969	0.01738	0.02219	0.01838	0.01349	0.15202	0.10853	0.10050	0.11121	0.18071	0.08751	0.01924	0.01109	0.00346	0.00778	0.01629	0.01020	0.01304
16	0.12266	0.02356	0.02743	0.06011	0.03136	0.07349	0.07656	0.12452	0.09451	0.08414	0.09581	0.03255	0.02829	0.01219	0.00990	0.00307	0.01059	0.01016	0.00832	0.07078

[dist]
# distance from previous block
# <min> <max>
1	498

# created by:
# /st0/software/busco_prod/Augustus/scripts/msa2prfl.pl ./align_prep/8173.fa
