[name]
unknown

[dist]
# distance from previous block
# <min> <max>
0	23

[block]
# block no. 0 follows, 13 sequences, length 18
# corresponding to MSA columns:
# 23-40
name=unknown_A
#
# <colnr> <probs for GDERKNQSTAVLIFYWHMCP>
#	G	D	E	R	K	N	Q	S	T	A	V	L	I	F	Y	W	H	M	C	P
0	0.01704	0.01217	0.01704	0.01947	0.02191	0.01217	0.01704	0.02191	0.02434	0.03164	0.05598	0.11926	0.06085	0.02921	0.01460	0.00487	0.00974	0.49130	0.00974	0.00974
1	0.03391	0.02650	0.02819	0.02306	0.03040	0.02985	0.01858	0.31430	0.27285	0.05651	0.03336	0.03174	0.02444	0.01344	0.01066	0.00336	0.01016	0.01062	0.01066	0.01742
2	0.01997	0.01879	0.03171	0.60301	0.07282	0.02349	0.02936	0.02701	0.02114	0.02701	0.01879	0.02819	0.01409	0.01057	0.01057	0.00352	0.01409	0.00940	0.00470	0.01175
3	0.01289	0.01073	0.01125	0.01112	0.01452	0.00909	0.00834	0.01593	0.02502	0.03075	0.17832	0.09815	0.48559	0.02596	0.01249	0.00353	0.00530	0.02181	0.01011	0.00909
4	0.01997	0.01879	0.03171	0.60301	0.07282	0.02349	0.02936	0.02701	0.02114	0.02701	0.01879	0.02819	0.01409	0.01057	0.01057	0.00352	0.01409	0.00940	0.00470	0.01175
5	0.01289	0.01073	0.01125	0.01112	0.01452	0.00909	0.00834	0.01593	0.02502	0.03075	0.17832	0.09815	0.48559	0.02596	0.01249	0.00353	0.00530	0.02181	0.01011	0.00909
6	0.02121	0.05469	0.57364	0.03014	0.04576	0.02455	0.03906	0.03348	0.02232	0.03348	0.01897	0.02232	0.01339	0.01005	0.01005	0.00335	0.01563	0.00781	0.00446	0.01563
7	0.70310	0.02045	0.01554	0.01390	0.02045	0.02372	0.01145	0.03108	0.01799	0.04744	0.01472	0.01718	0.01145	0.00981	0.00654	0.00327	0.00818	0.00573	0.00654	0.01145
8	0.01288	0.00920	0.01227	0.01472	0.01534	0.00859	0.00981	0.01472	0.02024	0.02699	0.05828	0.62152	0.06993	0.03312	0.01350	0.00429	0.00613	0.03006	0.00981	0.00859
9	0.01288	0.00920	0.01227	0.01472	0.01534	0.00859	0.00981	0.01472	0.02024	0.02699	0.05828	0.62152	0.06993	0.03312	0.01350	0.00429	0.00613	0.03006	0.00981	0.00859
10	0.04629	0.01983	0.02568	0.01968	0.02791	0.01827	0.01626	0.12684	0.03334	0.49012	0.03913	0.03431	0.02488	0.01302	0.01062	0.00326	0.00941	0.01046	0.01269	0.01799
11	0.04744	0.01799	0.02454	0.01881	0.02699	0.01554	0.01554	0.05153	0.03026	0.56979	0.04171	0.03599	0.02617	0.01309	0.01063	0.00327	0.00900	0.01063	0.01309	0.01799
12	0.01538	0.01025	0.01153	0.01153	0.01153	0.01025	0.00641	0.01538	0.01538	0.02050	0.03331	0.06919	0.03844	0.62842	0.05382	0.01025	0.01025	0.01538	0.00641	0.00641
13	0.02192	0.01879	0.02192	0.01566	0.02506	0.01409	0.01253	0.02662	0.02192	0.03445	0.01879	0.02192	0.01566	0.00783	0.00783	0.00157	0.00783	0.00626	0.00626	0.69305
14	0.02617	0.02512	0.04292	0.06490	0.56246	0.02512	0.03245	0.03245	0.02407	0.03454	0.01989	0.02617	0.01675	0.00942	0.01047	0.00314	0.01256	0.00942	0.00523	0.01675
15	0.01288	0.00920	0.01227	0.01472	0.01534	0.00859	0.00981	0.01472	0.02024	0.02699	0.05828	0.62152	0.06993	0.03312	0.01350	0.00429	0.00613	0.03006	0.00981	0.00859
16	0.01496	0.01081	0.01413	0.01330	0.01580	0.00998	0.00998	0.01995	0.02993	0.04240	0.55689	0.07898	0.09976	0.02162	0.01247	0.00333	0.00499	0.01912	0.01164	0.00998
17	0.54382	0.02265	0.01943	0.01641	0.02341	0.02590	0.01353	0.15029	0.02561	0.05205	0.01728	0.01915	0.01302	0.01051	0.00751	0.00325	0.00901	0.00664	0.00751	0.01302

[dist]
# distance from previous block
# <min> <max>
0	4

[block]
# block no. 1 follows, 13 sequences, length 21
# corresponding to MSA columns:
# 45-65
name=unknown_B
#
# <colnr> <probs for GDERKNQSTAVLIFYWHMCP>
#	G	D	E	R	K	N	Q	S	T	A	V	L	I	F	Y	W	H	M	C	P
0	0.03201	0.02531	0.03193	0.02551	0.03310	0.02752	0.09112	0.19731	0.27700	0.09023	0.03438	0.03328	0.02506	0.01295	0.01094	0.00343	0.01079	0.01118	0.01010	0.01686
1	0.70310	0.02045	0.01554	0.01390	0.02045	0.02372	0.01145	0.03108	0.01799	0.04744	0.01472	0.01718	0.01145	0.00981	0.00654	0.00327	0.00818	0.00573	0.00654	0.01145
2	0.02618	0.02486	0.04083	0.06013	0.50361	0.02525	0.03072	0.03506	0.08120	0.03561	0.02243	0.02763	0.01846	0.00996	0.01050	0.00319	0.01210	0.00970	0.00584	0.01675
3	0.02496	0.02852	0.06239	0.04456	0.05526	0.02674	0.52406	0.03387	0.02496	0.03387	0.02139	0.02852	0.01604	0.00891	0.01248	0.00357	0.01783	0.01248	0.00535	0.01426
4	0.02313	0.02313	0.03238	0.02776	0.02776	0.03238	0.02313	0.02545	0.01619	0.02545	0.01388	0.02313	0.01388	0.01851	0.03470	0.00463	0.60907	0.00925	0.00463	0.01157
5	0.02630	0.02271	0.02391	0.02152	0.02749	0.02630	0.01674	0.05618	0.54336	0.04423	0.04303	0.03945	0.03228	0.01434	0.01076	0.00359	0.00837	0.01195	0.01076	0.01674
6	0.01513	0.01123	0.01651	0.01651	0.01823	0.01295	0.01262	0.01857	0.01685	0.02419	0.02876	0.04398	0.02749	0.12772	0.53954	0.01640	0.02673	0.01169	0.00573	0.00917
7	0.01496	0.01081	0.01413	0.01330	0.01580	0.00998	0.00998	0.01995	0.02993	0.04240	0.55689	0.07898	0.09976	0.02162	0.01247	0.00333	0.00499	0.01912	0.01164	0.00998
8	0.02121	0.05469	0.57364	0.03014	0.04576	0.02455	0.03906	0.03348	0.02232	0.03348	0.01897	0.02232	0.01339	0.01005	0.01005	0.00335	0.01563	0.00781	0.00446	0.01563
9	0.02630	0.02271	0.02391	0.02152	0.02749	0.02630	0.01674	0.05618	0.54336	0.04423	0.04303	0.03945	0.03228	0.01434	0.01076	0.00359	0.00837	0.01195	0.01076	0.01674
10	0.02121	0.05469	0.57364	0.03014	0.04576	0.02455	0.03906	0.03348	0.02232	0.03348	0.01897	0.02232	0.01339	0.01005	0.01005	0.00335	0.01563	0.00781	0.00446	0.01563
11	0.03950	0.05039	0.02996	0.02724	0.03269	0.58597	0.02043	0.04222	0.02996	0.02588	0.01634	0.01907	0.01362	0.01090	0.00953	0.00272	0.01907	0.00681	0.00545	0.01226
12	0.01496	0.01081	0.01413	0.01330	0.01580	0.00998	0.00998	0.01995	0.02993	0.04240	0.55689	0.07898	0.09976	0.02162	0.01247	0.00333	0.00499	0.01912	0.01164	0.00998
13	0.01997	0.01879	0.03171	0.60301	0.07282	0.02349	0.02936	0.02701	0.02114	0.02701	0.01879	0.02819	0.01409	0.01057	0.01057	0.00352	0.01409	0.00940	0.00470	0.01175
14	0.01510	0.01133	0.01699	0.01699	0.01888	0.01322	0.01322	0.01888	0.01699	0.02454	0.02832	0.04154	0.02643	0.07930	0.58652	0.01699	0.02832	0.01133	0.00566	0.00944
15	0.01362	0.01041	0.01250	0.01270	0.01515	0.00929	0.00925	0.01707	0.02567	0.03401	0.28461	0.20930	0.25606	0.02604	0.01271	0.00363	0.00538	0.02272	0.01058	0.00929
16	0.01510	0.01133	0.01699	0.01699	0.01888	0.01322	0.01322	0.01888	0.01699	0.02454	0.02832	0.04154	0.02643	0.07930	0.58652	0.01699	0.02832	0.01133	0.00566	0.00944
17	0.02510	0.02788	0.05816	0.04203	0.05220	0.02669	0.46825	0.03632	0.08199	0.03501	0.02377	0.02972	0.01783	0.00951	0.01229	0.00357	0.01678	0.01242	0.00594	0.01453
18	0.02192	0.01879	0.02192	0.01566	0.02506	0.01409	0.01253	0.02662	0.02192	0.03445	0.01879	0.02192	0.01566	0.00783	0.00783	0.00157	0.00783	0.00626	0.00626	0.69305
19	0.01492	0.01096	0.01438	0.01616	0.01826	0.01042	0.01290	0.01856	0.02356	0.03064	0.10488	0.25851	0.14892	0.02934	0.01376	0.00436	0.00759	0.24267	0.00992	0.00929
20	0.02186	0.10872	0.52537	0.02901	0.04403	0.02616	0.03711	0.03331	0.02224	0.03268	0.01858	0.02182	0.01341	0.00995	0.00974	0.00325	0.01522	0.00761	0.00447	0.01543

[dist]
# distance from previous block
# <min> <max>
0	2

[block]
# block no. 2 follows, 13 sequences, length 34
# corresponding to MSA columns:
# 68-101
name=unknown_C
#
# <colnr> <probs for GDERKNQSTAVLIFYWHMCP>
#	G	D	E	R	K	N	Q	S	T	A	V	L	I	F	Y	W	H	M	C	P
0	0.36697	0.02539	0.02452	0.02044	0.02744	0.07082	0.05459	0.11863	0.11836	0.04726	0.02218	0.02354	0.01677	0.01111	0.00866	0.00329	0.01041	0.00808	0.00778	0.01376
1	0.01499	0.01071	0.01469	0.01713	0.01867	0.01041	0.01348	0.01837	0.02232	0.02935	0.05711	0.36645	0.06532	0.03114	0.01406	0.00459	0.00796	0.26430	0.00977	0.00917
2	0.01510	0.01133	0.01699	0.01699	0.01888	0.01322	0.01322	0.01888	0.01699	0.02454	0.02832	0.04154	0.02643	0.07930	0.58652	0.01699	0.02832	0.01133	0.00566	0.00944
3	0.01288	0.00920	0.01227	0.01472	0.01534	0.00859	0.00981	0.01472	0.02024	0.02699	0.05828	0.62152	0.06993	0.03312	0.01350	0.00429	0.00613	0.03006	0.00981	0.00859
4	0.01323	0.00947	0.01258	0.01449	0.01541	0.00882	0.00984	0.01559	0.02184	0.02954	0.14066	0.53188	0.07486	0.03122	0.01333	0.00413	0.00594	0.02825	0.01012	0.00882
5	0.01288	0.00920	0.01227	0.01472	0.01534	0.00859	0.00981	0.01472	0.02024	0.02699	0.05828	0.62152	0.06993	0.03312	0.01350	0.00429	0.00613	0.03006	0.00981	0.00859
6	0.01434	0.01090	0.01328	0.01301	0.01585	0.00983	0.00997	0.01857	0.02753	0.03693	0.36575	0.08998	0.24570	0.02397	0.01267	0.00354	0.00553	0.06216	0.01088	0.00961
7	0.02753	0.02333	0.02460	0.02177	0.02796	0.02688	0.01703	0.09808	0.49946	0.04622	0.04146	0.03820	0.03100	0.01420	0.01074	0.00355	0.00866	0.01174	0.01074	0.01685
8	0.03833	0.04795	0.02943	0.02673	0.03223	0.53666	0.02010	0.04345	0.07520	0.02749	0.01869	0.02086	0.01526	0.01120	0.00964	0.00280	0.01812	0.00726	0.00592	0.01265
9	0.02565	0.02459	0.04198	0.10994	0.52148	0.02499	0.03219	0.03199	0.02383	0.03391	0.01980	0.02634	0.01653	0.00952	0.01048	0.00317	0.01269	0.00942	0.00519	0.01633
10	0.20805	0.02205	0.03457	0.02595	0.03453	0.02128	0.18023	0.04053	0.02539	0.26134	0.02818	0.02874	0.01910	0.01089	0.01019	0.00337	0.01166	0.00998	0.00889	0.01510
11	0.04019	0.02962	0.03173	0.02433	0.03279	0.03279	0.02010	0.52721	0.04971	0.06663	0.02538	0.02538	0.01798	0.01269	0.01058	0.00317	0.01163	0.00952	0.01058	0.01798
12	0.03950	0.05039	0.02996	0.02724	0.03269	0.58597	0.02043	0.04222	0.02996	0.02588	0.01634	0.01907	0.01362	0.01090	0.00953	0.00272	0.01907	0.00681	0.00545	0.01226
13	0.01250	0.01071	0.01071	0.01071	0.01428	0.00893	0.00803	0.01517	0.02410	0.02856	0.10711	0.10175	0.55817	0.02678	0.01250	0.00357	0.00536	0.02231	0.00982	0.00893
14	0.01288	0.00920	0.01227	0.01472	0.01534	0.00859	0.00981	0.01472	0.02024	0.02699	0.05828	0.62152	0.06993	0.03312	0.01350	0.00429	0.00613	0.03006	0.00981	0.00859
15	0.02121	0.05469	0.57364	0.03014	0.04576	0.02455	0.03906	0.03348	0.02232	0.03348	0.01897	0.02232	0.01339	0.01005	0.01005	0.00335	0.01563	0.00781	0.00446	0.01563
16	0.02827	0.63478	0.05540	0.01809	0.02714	0.04184	0.01809	0.03166	0.02148	0.02488	0.01470	0.01696	0.01357	0.00905	0.00678	0.00226	0.01131	0.00565	0.00452	0.01357
17	0.01288	0.00920	0.01227	0.01472	0.01534	0.00859	0.00981	0.01472	0.02024	0.02699	0.05828	0.62152	0.06993	0.03312	0.01350	0.00429	0.00613	0.03006	0.00981	0.00859
18	0.02469	0.34088	0.31796	0.02419	0.03657	0.03308	0.02872	0.03258	0.02191	0.02924	0.01687	0.01968	0.01348	0.00955	0.00844	0.00281	0.01350	0.00675	0.00449	0.01461
19	0.02320	0.01965	0.02113	0.01921	0.02438	0.02203	0.01485	0.04652	0.41129	0.04268	0.13962	0.05136	0.08540	0.01661	0.01120	0.00354	0.00753	0.01404	0.01084	0.01492
20	0.01288	0.00920	0.01227	0.01472	0.01534	0.00859	0.00981	0.01472	0.02024	0.02699	0.05828	0.62152	0.06993	0.03312	0.01350	0.00429	0.00613	0.03006	0.00981	0.00859
21	0.01997	0.01879	0.03171	0.60301	0.07282	0.02349	0.02936	0.02701	0.02114	0.02701	0.01879	0.02819	0.01409	0.01057	0.01057	0.00352	0.01409	0.00940	0.00470	0.01175
22	0.01342	0.00960	0.01285	0.01504	0.01596	0.00902	0.01048	0.01579	0.02139	0.02864	0.09789	0.53293	0.07149	0.03185	0.01351	0.00427	0.00637	0.07074	0.00995	0.00880
23	0.01401	0.00931	0.01187	0.01392	0.01484	0.00880	0.00941	0.01636	0.02056	0.02904	0.05435	0.52534	0.06285	0.02969	0.01249	0.00399	0.00593	0.02672	0.12172	0.00880
24	0.24723	0.02373	0.02484	0.01966	0.02745	0.02546	0.01623	0.24909	0.03480	0.19248	0.02636	0.02562	0.01811	0.01191	0.00934	0.00323	0.00987	0.00864	0.00999	0.01596
25	0.02617	0.02512	0.04292	0.06490	0.56246	0.02512	0.03245	0.03245	0.02407	0.03454	0.01989	0.02617	0.01675	0.00942	0.01047	0.00314	0.01256	0.00942	0.00523	0.01675
26	0.01610	0.01238	0.01500	0.01505	0.01761	0.01234	0.01098	0.02430	0.11775	0.03653	0.26466	0.25600	0.11137	0.02457	0.01251	0.00372	0.00600	0.02176	0.01074	0.01064
27	0.01408	0.01012	0.01334	0.01391	0.01560	0.00939	0.00991	0.01773	0.02581	0.03585	0.34490	0.30965	0.08708	0.02651	0.01291	0.00374	0.00548	0.02377	0.01086	0.00939
28	0.02192	0.01879	0.02192	0.01566	0.02506	0.01409	0.01253	0.02662	0.02192	0.03445	0.01879	0.02192	0.01566	0.00783	0.00783	0.00157	0.00783	0.00626	0.00626	0.69305
29	0.02121	0.05469	0.57364	0.03014	0.04576	0.02455	0.03906	0.03348	0.02232	0.03348	0.01897	0.02232	0.01339	0.01005	0.01005	0.00335	0.01563	0.00781	0.00446	0.01563
30	0.01519	0.01098	0.01521	0.01521	0.01649	0.01225	0.01100	0.01774	0.01647	0.02323	0.02995	0.05055	0.03035	0.25826	0.41291	0.01480	0.02243	0.01265	0.00591	0.00845
31	0.02965	0.01953	0.02223	0.01866	0.02441	0.02062	0.01484	0.16232	0.16064	0.13157	0.16820	0.04540	0.04439	0.01540	0.01082	0.00327	0.00812	0.01276	0.07225	0.01491
32	0.08161	0.02283	0.04147	0.03164	0.03887	0.02313	0.26873	0.03303	0.06104	0.07882	0.02743	0.08248	0.02326	0.01901	0.06531	0.00488	0.06332	0.01292	0.00686	0.01336
33	0.14523	0.02501	0.03056	0.02381	0.03178	0.06047	0.10151	0.16141	0.03042	0.08926	0.02500	0.03190	0.01998	0.01196	0.01000	0.00309	0.01155	0.04721	0.00808	0.13177

[dist]
# distance from previous block
# <min> <max>
0	1

[block]
# block no. 3 follows, 13 sequences, length 82
# corresponding to MSA columns:
# 103-184
name=unknown_D
#
# <colnr> <probs for GDERKNQSTAVLIFYWHMCP>
#	G	D	E	R	K	N	Q	S	T	A	V	L	I	F	Y	W	H	M	C	P
0	0.01595	0.01193	0.01477	0.01546	0.01742	0.01199	0.01115	0.02278	0.09949	0.03311	0.17682	0.30740	0.06802	0.08375	0.01676	0.00456	0.00687	0.06166	0.01007	0.01002
1	0.02525	0.38692	0.27683	0.02324	0.03509	0.03445	0.02705	0.03244	0.02184	0.02855	0.01653	0.01925	0.01349	0.00947	0.00818	0.00273	0.01315	0.00658	0.00450	0.01445
2	0.02121	0.05469	0.57364	0.03014	0.04576	0.02455	0.03906	0.03348	0.02232	0.03348	0.01897	0.02232	0.01339	0.01005	0.01005	0.00335	0.01563	0.00781	0.00446	0.01563
3	0.02242	0.14668	0.44564	0.02703	0.04109	0.02656	0.03355	0.03265	0.02215	0.03215	0.01826	0.02142	0.01360	0.00971	0.00934	0.00303	0.01431	0.00734	0.00462	0.06845
4	0.24750	0.08184	0.06298	0.01914	0.02705	0.02453	0.01713	0.13715	0.02858	0.17672	0.02671	0.03084	0.02015	0.01248	0.00919	0.00327	0.01000	0.04108	0.00888	0.01478
5	0.01414	0.01078	0.01299	0.01243	0.01529	0.00962	0.00933	0.01835	0.02798	0.03776	0.40616	0.08661	0.25338	0.02335	0.01248	0.00341	0.00511	0.02019	0.01103	0.00962
6	0.03910	0.02344	0.02706	0.02123	0.02884	0.02440	0.01736	0.28456	0.08013	0.22916	0.08267	0.03509	0.02958	0.01380	0.01079	0.00325	0.00987	0.01099	0.01152	0.01713
7	0.07114	0.02394	0.08228	0.11190	0.08005	0.02184	0.06349	0.07438	0.07548	0.18435	0.02884	0.03104	0.02069	0.01757	0.06172	0.00457	0.01321	0.01005	0.00829	0.01516
8	0.03564	0.01807	0.02645	0.06924	0.12950	0.01697	0.01843	0.04005	0.02698	0.33242	0.07795	0.04028	0.03079	0.07138	0.01485	0.00393	0.00983	0.01147	0.01023	0.01553
9	0.04744	0.01799	0.02454	0.01881	0.02699	0.01554	0.01554	0.05153	0.03026	0.56979	0.04171	0.03599	0.02617	0.01309	0.01063	0.00327	0.00900	0.01063	0.01309	0.01799
10	0.01536	0.01033	0.01193	0.01193	0.01207	0.01047	0.00691	0.01563	0.01549	0.02080	0.03295	0.06716	0.03756	0.58815	0.09288	0.01074	0.01158	0.01508	0.00635	0.00663
11	0.02567	0.27629	0.32301	0.02525	0.03738	0.08517	0.02925	0.03363	0.02274	0.02946	0.01709	0.01996	0.01348	0.00974	0.00875	0.00287	0.01430	0.00689	0.00458	0.01451
12	0.01285	0.00934	0.01212	0.01434	0.01524	0.00862	0.00965	0.01477	0.02061	0.02714	0.06291	0.57214	0.11632	0.03252	0.01340	0.00423	0.00606	0.02932	0.00982	0.00862
13	0.01279	0.01049	0.01127	0.01156	0.01458	0.00897	0.00849	0.01556	0.02407	0.02964	0.14245	0.17823	0.44075	0.02725	0.01264	0.00366	0.00544	0.02318	0.00999	0.00897
14	0.01842	0.01099	0.01277	0.01222	0.01300	0.01075	0.00727	0.01881	0.01679	0.07269	0.03411	0.06604	0.03727	0.56996	0.04971	0.00959	0.01013	0.01493	0.00704	0.00751
15	0.04744	0.01799	0.02454	0.01881	0.02699	0.01554	0.01554	0.05153	0.03026	0.56979	0.04171	0.03599	0.02617	0.01309	0.01063	0.00327	0.00900	0.01063	0.01309	0.01799
16	0.01538	0.01025	0.01153	0.01153	0.01153	0.01025	0.00641	0.01538	0.01538	0.02050	0.03331	0.06919	0.03844	0.62842	0.05382	0.01025	0.01025	0.01538	0.00641	0.00641
17	0.02827	0.63478	0.05540	0.01809	0.02714	0.04184	0.01809	0.03166	0.02148	0.02488	0.01470	0.01696	0.01357	0.00905	0.00678	0.00226	0.01131	0.00565	0.00452	0.01357
18	0.02121	0.05469	0.57364	0.03014	0.04576	0.02455	0.03906	0.03348	0.02232	0.03348	0.01897	0.02232	0.01339	0.01005	0.01005	0.00335	0.01563	0.00781	0.00446	0.01563
19	0.01451	0.01079	0.01350	0.01282	0.01552	0.00978	0.00962	0.01907	0.02885	0.03984	0.47360	0.08320	0.18465	0.02257	0.01248	0.00337	0.00506	0.01971	0.01130	0.00978
20	0.01250	0.01071	0.01071	0.01071	0.01428	0.00893	0.00803	0.01517	0.02410	0.02856	0.10711	0.10175	0.55817	0.02678	0.01250	0.00357	0.00536	0.02231	0.00982	0.00893
21	0.04076	0.02870	0.03117	0.02389	0.03233	0.03144	0.01974	0.48989	0.04819	0.10611	0.02667	0.02622	0.01862	0.01272	0.01058	0.00318	0.01143	0.00961	0.01077	0.01798
22	0.01836	0.01059	0.01421	0.01537	0.01718	0.00969	0.01072	0.02055	0.02183	0.11297	0.05565	0.52877	0.06300	0.02995	0.01304	0.00413	0.00659	0.02698	0.01033	0.01008
23	0.70310	0.02045	0.01554	0.01390	0.02045	0.02372	0.01145	0.03108	0.01799	0.04744	0.01472	0.01718	0.01145	0.00981	0.00654	0.00327	0.00818	0.00573	0.00654	0.01145
24	0.02035	0.01924	0.02899	0.02508	0.02655	0.02501	0.05626	0.02368	0.01713	0.02574	0.01968	0.03021	0.01860	0.03989	0.23358	0.00904	0.35469	0.01024	0.00506	0.01099
25	0.02617	0.02512	0.04292	0.06490	0.56246	0.02512	0.03245	0.03245	0.02407	0.03454	0.01989	0.02617	0.01675	0.00942	0.01047	0.00314	0.01256	0.00942	0.00523	0.01675
26	0.02121	0.05469	0.57364	0.03014	0.04576	0.02455	0.03906	0.03348	0.02232	0.03348	0.01897	0.02232	0.01339	0.01005	0.01005	0.00335	0.01563	0.00781	0.00446	0.01563
27	0.03950	0.05039	0.02996	0.02724	0.03269	0.58597	0.02043	0.04222	0.02996	0.02588	0.01634	0.01907	0.01362	0.01090	0.00953	0.00272	0.01907	0.00681	0.00545	0.01226
28	0.01389	0.01077	0.01264	0.01217	0.01513	0.00952	0.00913	0.01787	0.02738	0.03636	0.36058	0.08892	0.29984	0.02387	0.01248	0.00343	0.00515	0.02051	0.01084	0.00952
29	0.02762	0.02337	0.02465	0.02178	0.02800	0.02692	0.01705	0.10093	0.49646	0.04636	0.04136	0.03811	0.03092	0.01419	0.01074	0.00355	0.00868	0.01172	0.01074	0.01685
30	0.01531	0.01114	0.01462	0.01465	0.01720	0.01045	0.01159	0.02011	0.02815	0.03879	0.40208	0.09051	0.12163	0.02385	0.01300	0.00372	0.00619	0.13614	0.01104	0.00984
31	0.15261	0.02340	0.03380	0.02592	0.03409	0.02350	0.15211	0.14650	0.02988	0.12776	0.02739	0.03508	0.02148	0.01244	0.01055	0.00335	0.01180	0.05534	0.00845	0.06453
32	0.02496	0.02852	0.06239	0.04456	0.05526	0.02674	0.52406	0.03387	0.02496	0.03387	0.02139	0.02852	0.01604	0.00891	0.01248	0.00357	0.01783	0.01248	0.00535	0.01426
33	0.01699	0.01129	0.01457	0.01347	0.01644	0.01027	0.01020	0.02173	0.02949	0.07738	0.48568	0.07786	0.13137	0.02144	0.01235	0.00334	0.00529	0.01880	0.01159	0.01044
34	0.02326	0.02188	0.03684	0.21877	0.36535	0.02318	0.02938	0.02964	0.02377	0.03308	0.07122	0.03184	0.02395	0.01093	0.01069	0.00327	0.01229	0.01035	0.00569	0.01462
35	0.02538	0.02668	0.05023	0.03728	0.04648	0.02660	0.36372	0.04092	0.18880	0.03714	0.02823	0.03197	0.02117	0.01063	0.01193	0.00357	0.01484	0.01231	0.00706	0.01504
36	0.03187	0.03770	0.02414	0.02227	0.02600	0.40401	0.01600	0.03374	0.02535	0.02418	0.02171	0.03491	0.02146	0.20607	0.02353	0.00510	0.01628	0.00952	0.00575	0.01041
37	0.02268	0.01626	0.01723	0.01626	0.02042	0.01799	0.01268	0.03967	0.27440	0.04112	0.04034	0.04581	0.03230	0.01465	0.00960	0.00320	0.00698	0.04935	0.30588	0.01317
38	0.02121	0.05469	0.57364	0.03014	0.04576	0.02455	0.03906	0.03348	0.02232	0.03348	0.01897	0.02232	0.01339	0.01005	0.01005	0.00335	0.01563	0.00781	0.00446	0.01563
39	0.01704	0.01217	0.01704	0.01947	0.02191	0.01217	0.01704	0.02191	0.02434	0.03164	0.05598	0.11926	0.06085	0.02921	0.01460	0.00487	0.00974	0.49130	0.00974	0.00974
40	0.02154	0.05236	0.52814	0.03142	0.04661	0.02475	0.08222	0.03352	0.02256	0.03352	0.01919	0.02287	0.01363	0.00994	0.01026	0.00337	0.01582	0.00823	0.00454	0.01550
41	0.04019	0.02962	0.03173	0.02433	0.03279	0.03279	0.02010	0.52721	0.04971	0.06663	0.02538	0.02538	0.01798	0.01269	0.01058	0.00317	0.01163	0.00952	0.01058	0.01798
42	0.02313	0.02313	0.03238	0.02776	0.02776	0.03238	0.02313	0.02545	0.01619	0.02545	0.01388	0.02313	0.01388	0.01851	0.03470	0.00463	0.60907	0.00925	0.00463	0.01157
43	0.02121	0.05469	0.57364	0.03014	0.04576	0.02455	0.03906	0.03348	0.02232	0.03348	0.01897	0.02232	0.01339	0.01005	0.01005	0.00335	0.01563	0.00781	0.00446	0.01563
44	0.02121	0.05469	0.57364	0.03014	0.04576	0.02455	0.03906	0.03348	0.02232	0.03348	0.01897	0.02232	0.01339	0.01005	0.01005	0.00335	0.01563	0.00781	0.00446	0.01563
45	0.02617	0.02512	0.04292	0.06490	0.56246	0.02512	0.03245	0.03245	0.02407	0.03454	0.01989	0.02617	0.01675	0.00942	0.01047	0.00314	0.01256	0.00942	0.00523	0.01675
46	0.01288	0.00920	0.01227	0.01472	0.01534	0.00859	0.00981	0.01472	0.02024	0.02699	0.05828	0.62152	0.06993	0.03312	0.01350	0.00429	0.00613	0.03006	0.00981	0.00859
47	0.02313	0.02313	0.03238	0.02776	0.02776	0.03238	0.02313	0.02545	0.01619	0.02545	0.01388	0.02313	0.01388	0.01851	0.03470	0.00463	0.60907	0.00925	0.00463	0.01157
48	0.02617	0.02512	0.04292	0.06490	0.56246	0.02512	0.03245	0.03245	0.02407	0.03454	0.01989	0.02617	0.01675	0.00942	0.01047	0.00314	0.01256	0.00942	0.00523	0.01675
49	0.01594	0.01139	0.01578	0.01822	0.02018	0.01123	0.01514	0.02002	0.02326	0.03042	0.05658	0.25135	0.06324	0.03024	0.01431	0.00472	0.00879	0.37000	0.00976	0.00943
50	0.01290	0.01084	0.01127	0.01149	0.01496	0.00921	0.00883	0.01577	0.02412	0.02884	0.10256	0.10331	0.51392	0.02699	0.01268	0.00369	0.00575	0.06405	0.00981	0.00900
51	0.01250	0.01071	0.01071	0.01071	0.01428	0.00893	0.00803	0.01517	0.02410	0.02856	0.10711	0.10175	0.55817	0.02678	0.01250	0.00357	0.00536	0.02231	0.00982	0.00893
52	0.02899	0.02663	0.05560	0.03994	0.05019	0.02473	0.43285	0.03704	0.02591	0.13000	0.02504	0.02986	0.01786	0.00966	0.01215	0.00351	0.01624	0.01215	0.00674	0.01493
53	0.04019	0.02962	0.03173	0.02433	0.03279	0.03279	0.02010	0.52721	0.04971	0.06663	0.02538	0.02538	0.01798	0.01269	0.01058	0.00317	0.01163	0.00952	0.01058	0.01798
54	0.02617	0.02512	0.04292	0.06490	0.56246	0.02512	0.03245	0.03245	0.02407	0.03454	0.01989	0.02617	0.01675	0.00942	0.01047	0.00314	0.01256	0.00942	0.00523	0.01675
55	0.01270	0.01072	0.01100	0.01093	0.01441	0.00901	0.00819	0.01557	0.02458	0.02971	0.14452	0.09986	0.52004	0.02635	0.01249	0.00355	0.00532	0.02205	0.00997	0.00901
56	0.04032	0.04555	0.02959	0.02619	0.03215	0.48509	0.01993	0.08346	0.03163	0.08158	0.01954	0.02122	0.01519	0.01126	0.00973	0.00281	0.01748	0.00740	0.00661	0.01329
57	0.02655	0.49395	0.18121	0.02102	0.03166	0.03764	0.02318	0.03210	0.02169	0.02697	0.01574	0.01826	0.01353	0.00929	0.00758	0.00253	0.01236	0.00618	0.00451	0.01407
58	0.02630	0.02271	0.02391	0.02152	0.02749	0.02630	0.01674	0.05618	0.54336	0.04423	0.04303	0.03945	0.03228	0.01434	0.01076	0.00359	0.00837	0.01195	0.01076	0.01674
59	0.02508	0.02401	0.04094	0.15967	0.47623	0.02483	0.03191	0.03149	0.02356	0.03322	0.01970	0.02652	0.01628	0.00962	0.01049	0.00321	0.01283	0.00942	0.00514	0.01587
60	0.02759	0.57898	0.10525	0.01925	0.02893	0.04017	0.02011	0.03184	0.02156	0.02570	0.01511	0.01748	0.01355	0.00914	0.00710	0.00237	0.01172	0.00586	0.00452	0.01377
61	0.01490	0.01154	0.01372	0.01375	0.01641	0.01093	0.01008	0.02092	0.07544	0.03521	0.26872	0.21224	0.20662	0.02505	0.01256	0.00365	0.00569	0.02191	0.01063	0.01001
62	0.01704	0.01217	0.01704	0.01947	0.02191	0.01217	0.01704	0.02191	0.02434	0.03164	0.05598	0.11926	0.06085	0.02921	0.01460	0.00487	0.00974	0.49130	0.00974	0.00974
63	0.02550	0.02489	0.04379	0.11083	0.47011	0.02513	0.07946	0.03210	0.02390	0.03381	0.01994	0.02657	0.01644	0.00947	0.01067	0.00322	0.01320	0.00971	0.00520	0.01606
64	0.02261	0.02149	0.03649	0.37372	0.28145	0.02419	0.03068	0.02933	0.02239	0.03022	0.01926	0.02733	0.01523	0.01008	0.01053	0.00336	0.01344	0.00941	0.00493	0.01388
65	0.02617	0.02512	0.04292	0.06490	0.56246	0.02512	0.03245	0.03245	0.02407	0.03454	0.01989	0.02617	0.01675	0.00942	0.01047	0.00314	0.01256	0.00942	0.00523	0.01675
66	0.04322	0.01706	0.02319	0.01810	0.02554	0.01482	0.01482	0.04743	0.03022	0.50134	0.10857	0.04157	0.03572	0.01419	0.01087	0.00328	0.00848	0.01173	0.01290	0.01695
67	0.09208	0.01763	0.02548	0.02125	0.02729	0.01700	0.09676	0.03393	0.07121	0.17530	0.04991	0.10221	0.11824	0.01838	0.01167	0.00371	0.00960	0.08543	0.00970	0.01321
68	0.02306	0.20724	0.43735	0.02697	0.04086	0.02910	0.03355	0.03300	0.02210	0.03122	0.01785	0.02091	0.01344	0.00978	0.00919	0.00306	0.01449	0.00725	0.00448	0.01508
69	0.01250	0.01071	0.01071	0.01071	0.01428	0.00893	0.00803	0.01517	0.02410	0.02856	0.10711	0.10175	0.55817	0.02678	0.01250	0.00357	0.00536	0.02231	0.00982	0.00893
70	0.02466	0.33867	0.31994	0.02424	0.03664	0.03301	0.02880	0.03259	0.02191	0.02927	0.01688	0.01970	0.01348	0.00956	0.00845	0.00282	0.01351	0.00676	0.00449	0.01462
71	0.02617	0.02512	0.04292	0.06490	0.56246	0.02512	0.03245	0.03245	0.02407	0.03454	0.01989	0.02617	0.01675	0.00942	0.01047	0.00314	0.01256	0.00942	0.00523	0.01675
72	0.03080	0.02828	0.02881	0.02699	0.07963	0.12619	0.01970	0.20121	0.06861	0.04350	0.07658	0.03583	0.06791	0.01495	0.01426	0.00338	0.09966	0.01103	0.00832	0.01438
73	0.02568	0.02463	0.04204	0.10712	0.52404	0.02499	0.03221	0.03202	0.02384	0.03395	0.01980	0.02633	0.01654	0.00951	0.01048	0.00317	0.01268	0.00942	0.00519	0.01636
74	0.01468	0.01089	0.01401	0.01541	0.01764	0.01022	0.01216	0.01833	0.02414	0.03151	0.14691	0.23590	0.17636	0.02847	0.01353	0.00420	0.00713	0.19913	0.01008	0.00931
75	0.02176	0.10020	0.53298	0.02919	0.04430	0.02591	0.03742	0.03334	0.02226	0.03281	0.01864	0.02190	0.01341	0.00997	0.00979	0.00326	0.01529	0.00764	0.00447	0.01546
76	0.03259	0.02479	0.04273	0.08480	0.12664	0.02445	0.20213	0.11515	0.02969	0.16868	0.02650	0.02944	0.01876	0.01074	0.01125	0.00336	0.01356	0.01082	0.00798	0.01594
77	0.14649	0.02184	0.03270	0.08813	0.31124	0.02241	0.02492	0.03395	0.02374	0.11698	0.02468	0.03264	0.02007	0.01149	0.01010	0.00333	0.01118	0.04206	0.00692	0.01514
78	0.02254	0.01819	0.02810	0.13702	0.20889	0.01822	0.02190	0.02802	0.02493	0.07578	0.12513	0.05034	0.08304	0.01505	0.01118	0.00332	0.01005	0.05064	0.00770	0.05998
79	0.28637	0.07290	0.06921	0.02247	0.07611	0.02188	0.06106	0.02787	0.02186	0.03806	0.07342	0.04001	0.12286	0.01373	0.00931	0.00327	0.00954	0.01097	0.00697	0.01213
80	0.41489	0.02267	0.02520	0.10583	0.03366	0.02569	0.06137	0.12558	0.02514	0.04688	0.01796	0.02139	0.01350	0.01040	0.00844	0.00332	0.01057	0.00759	0.00693	0.01299
81	0.24313	0.01852	0.02336	0.02276	0.06899	0.01926	0.05984	0.06740	0.02381	0.09045	0.03344	0.18727	0.03297	0.01769	0.01048	0.00366	0.00932	0.04687	0.00835	0.01241

[dist]
# distance from previous block
# <min> <max>
34	99

[block]
# block no. 4 follows, 13 sequences, length 18
# corresponding to MSA columns:
# 290-307
name=unknown_E
#
# <colnr> <probs for GDERKNQSTAVLIFYWHMCP>
#	G	D	E	R	K	N	Q	S	T	A	V	L	I	F	Y	W	H	M	C	P
0	0.13991	0.02413	0.02590	0.02239	0.06330	0.06326	0.01683	0.15227	0.03069	0.18113	0.02549	0.02569	0.01818	0.01096	0.00930	0.00284	0.01022	0.00832	0.00894	0.16025
1	0.09147	0.01637	0.02141	0.01805	0.02363	0.01556	0.05155	0.03274	0.07697	0.17015	0.12145	0.13602	0.09964	0.01804	0.01111	0.00341	0.00803	0.01563	0.01010	0.05868
2	0.11842	0.02240	0.07038	0.03007	0.16538	0.01889	0.02017	0.03425	0.02388	0.16702	0.02801	0.08391	0.02304	0.01242	0.00976	0.00303	0.00985	0.01051	0.00791	0.14069
3	0.14054	0.02163	0.02436	0.01925	0.02690	0.02196	0.01574	0.17677	0.07094	0.24208	0.05762	0.03150	0.02502	0.01258	0.00987	0.00313	0.00926	0.00975	0.01060	0.07049
4	0.08632	0.02107	0.03075	0.02913	0.11996	0.02012	0.07364	0.08797	0.02840	0.25878	0.03209	0.07514	0.02430	0.01296	0.01055	0.00325	0.01048	0.01139	0.00953	0.05416
5	0.08317	0.02057	0.02779	0.07544	0.14606	0.02101	0.01990	0.12693	0.02987	0.18277	0.06968	0.09132	0.03029	0.01439	0.01069	0.00335	0.01003	0.01225	0.00930	0.01519
6	0.51979	0.02057	0.02052	0.07636	0.08001	0.02322	0.01559	0.03237	0.01984	0.08382	0.01768	0.02057	0.01335	0.01010	0.00763	0.00328	0.00925	0.00682	0.00673	0.01250
7	0.02306	0.01777	0.02117	0.01582	0.02424	0.01366	0.01250	0.02743	0.02242	0.07653	0.02456	0.08278	0.02191	0.01077	0.00862	0.00197	0.00775	0.00898	0.00716	0.57086
8	0.02963	0.02515	0.03446	0.08242	0.25074	0.02640	0.02470	0.18675	0.08844	0.04494	0.02393	0.02711	0.01853	0.01090	0.01028	0.00307	0.01146	0.00941	0.00755	0.08414
9	0.02493	0.02386	0.04068	0.17253	0.46453	0.02480	0.03183	0.03136	0.02349	0.03304	0.01967	0.02657	0.01622	0.00965	0.01049	0.00322	0.01287	0.00942	0.00513	0.01575
10	0.70310	0.02045	0.01554	0.01390	0.02045	0.02372	0.01145	0.03108	0.01799	0.04744	0.01472	0.01718	0.01145	0.00981	0.00654	0.00327	0.00818	0.00573	0.00654	0.01145
11	0.01621	0.01158	0.01608	0.01852	0.02059	0.01145	0.01559	0.02047	0.02352	0.03071	0.05644	0.21973	0.06267	0.02999	0.01438	0.00475	0.00902	0.39904	0.00975	0.00951
12	0.02264	0.02380	0.04841	0.03912	0.10113	0.02245	0.34402	0.03030	0.02608	0.03604	0.15267	0.04065	0.03667	0.01209	0.01226	0.00346	0.01410	0.01377	0.00688	0.01348
13	0.01288	0.00920	0.01227	0.01472	0.01534	0.00859	0.00981	0.01472	0.02024	0.02699	0.05828	0.62152	0.06993	0.03312	0.01350	0.00429	0.00613	0.03006	0.00981	0.00859
14	0.70310	0.02045	0.01554	0.01390	0.02045	0.02372	0.01145	0.03108	0.01799	0.04744	0.01472	0.01718	0.01145	0.00981	0.00654	0.00327	0.00818	0.00573	0.00654	0.01145
15	0.21460	0.02418	0.03446	0.04758	0.37059	0.02534	0.02566	0.07120	0.02442	0.04065	0.01889	0.02362	0.01538	0.00979	0.00939	0.00318	0.01128	0.00841	0.00602	0.01538
16	0.10516	0.02077	0.02868	0.03006	0.15862	0.01985	0.01961	0.07680	0.02886	0.35363	0.03263	0.03104	0.02188	0.01184	0.01019	0.00323	0.00997	0.00978	0.01035	0.01705
17	0.09114	0.02476	0.04196	0.05274	0.38279	0.02441	0.11225	0.03211	0.02347	0.03567	0.01956	0.02537	0.01603	0.00925	0.01023	0.00310	0.01267	0.00934	0.00546	0.06769

[dist]
# distance from previous block
# <min> <max>
2	5

[block]
# block no. 5 follows, 13 sequences, length 21
# corresponding to MSA columns:
# 313-333
name=unknown_F
#
# <colnr> <probs for GDERKNQSTAVLIFYWHMCP>
#	G	D	E	R	K	N	Q	S	T	A	V	L	I	F	Y	W	H	M	C	P
0	0.03798	0.04084	0.03058	0.06961	0.08808	0.40562	0.02153	0.04157	0.02880	0.10773	0.02064	0.02293	0.01584	0.01105	0.00986	0.00290	0.01657	0.00782	0.00651	0.01353
1	0.02848	0.33290	0.04750	0.09912	0.12027	0.03461	0.05586	0.10508	0.02628	0.03348	0.01805	0.02181	0.01496	0.00982	0.00877	0.00278	0.01233	0.00774	0.00561	0.01455
2	0.01457	0.01002	0.01166	0.01228	0.01265	0.00975	0.00736	0.01520	0.01714	0.02263	0.04418	0.20913	0.07897	0.44198	0.04115	0.00834	0.00892	0.01948	0.00747	0.00711
3	0.01339	0.00956	0.01285	0.01530	0.01613	0.00902	0.01069	0.01559	0.02074	0.02755	0.05800	0.56063	0.06883	0.03265	0.01363	0.00436	0.00657	0.08598	0.00981	0.00873
4	0.02837	0.21361	0.31760	0.02447	0.03675	0.02774	0.02845	0.03650	0.02364	0.13615	0.02221	0.02347	0.01595	0.01036	0.00923	0.00302	0.01309	0.00775	0.00617	0.01550
5	0.03980	0.02892	0.03006	0.02360	0.03161	0.06522	0.01927	0.39729	0.08958	0.12308	0.02835	0.02751	0.01996	0.01277	0.01053	0.00319	0.01150	0.00970	0.01057	0.01751
6	0.01288	0.00920	0.01227	0.01472	0.01534	0.00859	0.00981	0.01472	0.02024	0.02699	0.05828	0.62152	0.06993	0.03312	0.01350	0.00429	0.00613	0.03006	0.00981	0.00859
7	0.03385	0.01905	0.02938	0.26686	0.10012	0.01982	0.02301	0.03939	0.02584	0.28963	0.02996	0.03175	0.02019	0.01167	0.01059	0.00336	0.01148	0.01000	0.00880	0.01526
8	0.03647	0.02203	0.03624	0.03978	0.23782	0.02061	0.08374	0.04200	0.02722	0.29750	0.03080	0.03128	0.02129	0.01116	0.01079	0.00326	0.01145	0.01039	0.00911	0.01706
9	0.02121	0.05469	0.57364	0.03014	0.04576	0.02455	0.03906	0.03348	0.02232	0.03348	0.01897	0.02232	0.01339	0.01005	0.01005	0.00335	0.01563	0.00781	0.00446	0.01563
10	0.60168	0.02554	0.09855	0.01632	0.02421	0.02384	0.01556	0.03144	0.01864	0.04536	0.01535	0.01794	0.01174	0.00985	0.00706	0.00328	0.00929	0.00604	0.00623	0.01207
11	0.12263	0.04960	0.49062	0.02772	0.04200	0.02443	0.03496	0.03313	0.02168	0.03556	0.01834	0.02156	0.01310	0.01001	0.00952	0.00334	0.01452	0.00750	0.00477	0.01500
12	0.03295	0.07962	0.02597	0.01880	0.02501	0.07421	0.01530	0.12797	0.03295	0.20002	0.20080	0.04451	0.04611	0.01519	0.01075	0.00312	0.00938	0.01234	0.01060	0.01442
13	0.01956	0.01187	0.01535	0.01387	0.01732	0.01070	0.01062	0.02419	0.02942	0.11952	0.43710	0.07477	0.13280	0.02084	0.01220	0.00334	0.00562	0.01817	0.01168	0.01107
14	0.02313	0.04216	0.38914	0.02794	0.04043	0.02174	0.07904	0.03322	0.02446	0.08585	0.10138	0.03264	0.02771	0.01195	0.01070	0.00336	0.01362	0.01021	0.00644	0.01488
15	0.02325	0.11955	0.02387	0.01705	0.02177	0.01815	0.01370	0.02960	0.08605	0.11048	0.04605	0.24810	0.06834	0.02140	0.01127	0.00355	0.00813	0.06273	0.00927	0.05770
16	0.03016	0.24426	0.12890	0.02109	0.03016	0.02984	0.02081	0.15327	0.03051	0.09382	0.09234	0.03003	0.02727	0.01217	0.00940	0.00291	0.01105	0.00924	0.00779	0.01497
17	0.01879	0.01438	0.01752	0.01621	0.01990	0.01412	0.01228	0.05543	0.07366	0.03444	0.12854	0.14080	0.04881	0.10614	0.08671	0.00589	0.01035	0.06074	0.00872	0.12656
18	0.08927	0.03197	0.19592	0.09659	0.03834	0.02409	0.02480	0.08325	0.08720	0.03827	0.02172	0.02494	0.01648	0.01107	0.01123	0.00315	0.05311	0.00831	0.00640	0.13387
19	0.03224	0.02069	0.02916	0.03187	0.18510	0.01920	0.01986	0.08312	0.02858	0.20591	0.07855	0.03339	0.02757	0.01173	0.01020	0.00289	0.00969	0.01011	0.00902	0.15111
20	0.17379	0.01808	0.02086	0.01728	0.02357	0.01766	0.01400	0.03089	0.02212	0.14011	0.02813	0.08730	0.02480	0.01420	0.01180	0.00306	0.06878	0.04199	0.00806	0.23352

[dist]
# distance from previous block
# <min> <max>
0	5

[block]
# block no. 6 follows, 13 sequences, length 48
# corresponding to MSA columns:
# 339-386
name=unknown_G
#
# <colnr> <probs for GDERKNQSTAVLIFYWHMCP>
#	G	D	E	R	K	N	Q	S	T	A	V	L	I	F	Y	W	H	M	C	P
0	0.21291	0.02213	0.02193	0.01775	0.02494	0.06754	0.01431	0.09054	0.02765	0.18444	0.07734	0.03017	0.02571	0.01192	0.00914	0.00293	0.00934	0.00896	0.00910	0.13125
1	0.28282	0.02174	0.06795	0.02097	0.06871	0.01925	0.01648	0.03423	0.02255	0.17142	0.02744	0.09039	0.02260	0.01300	0.00908	0.00321	0.00912	0.01017	0.00822	0.08068
2	0.09807	0.02000	0.07447	0.01745	0.02482	0.01551	0.01547	0.03530	0.02690	0.23958	0.17457	0.04243	0.04203	0.01401	0.01025	0.00304	0.00829	0.01153	0.01016	0.11612
3	0.22045	0.02026	0.02178	0.05720	0.02736	0.02157	0.01511	0.14305	0.05470	0.09754	0.06726	0.08866	0.02857	0.01411	0.00961	0.00322	0.00897	0.01114	0.00887	0.08058
4	0.09855	0.01828	0.02351	0.01806	0.02624	0.01605	0.01487	0.04709	0.02833	0.46757	0.03696	0.03288	0.02380	0.01224	0.00999	0.00308	0.00880	0.00975	0.01179	0.09217
5	0.12622	0.01843	0.02452	0.08372	0.03089	0.01823	0.05869	0.06657	0.02625	0.09313	0.13139	0.04423	0.03689	0.01408	0.01036	0.00315	0.00944	0.05395	0.00845	0.14143
6	0.07525	0.01760	0.01977	0.01730	0.02264	0.01829	0.01350	0.03861	0.22811	0.09471	0.21636	0.04951	0.05194	0.01580	0.01075	0.00326	0.00720	0.01332	0.01057	0.07551
7	0.10397	0.01794	0.02119	0.01614	0.02417	0.01516	0.01302	0.03362	0.02470	0.19101	0.07921	0.03121	0.02671	0.01096	0.00896	0.00242	0.00792	0.00876	0.00880	0.35413
8	0.03325	0.02407	0.02608	0.02085	0.02792	0.12834	0.05818	0.03752	0.02772	0.22507	0.08448	0.04018	0.08126	0.01358	0.01046	0.00294	0.01083	0.01125	0.00932	0.12671
9	0.02116	0.01548	0.01855	0.01650	0.02121	0.01484	0.01293	0.07212	0.08542	0.06662	0.21453	0.11782	0.08365	0.01946	0.01156	0.00331	0.00724	0.06267	0.01016	0.12477
10	0.03488	0.01874	0.02317	0.01760	0.02549	0.01629	0.01412	0.08738	0.02795	0.28222	0.03130	0.03302	0.02279	0.06706	0.01357	0.00330	0.00897	0.00942	0.00984	0.25288
11	0.09457	0.02571	0.03355	0.06499	0.03680	0.02768	0.10349	0.24951	0.11225	0.10256	0.02753	0.02849	0.01973	0.01194	0.01056	0.00334	0.01178	0.01014	0.00921	0.01616
12	0.02400	0.28430	0.36851	0.02537	0.03839	0.03140	0.03076	0.03276	0.02199	0.03008	0.01728	0.02020	0.01346	0.00965	0.00875	0.00292	0.01392	0.00696	0.00449	0.01481
13	0.12741	0.02103	0.02277	0.01699	0.02579	0.01897	0.01376	0.11934	0.02644	0.04232	0.01939	0.02185	0.01546	0.00902	0.00814	0.00212	0.00858	0.00678	0.00710	0.46673
14	0.01474	0.01080	0.01383	0.01307	0.01566	0.00988	0.00980	0.01952	0.02940	0.04115	0.51641	0.08103	0.14102	0.02208	0.01247	0.00335	0.00502	0.01941	0.01148	0.00988
15	0.03192	0.02356	0.02535	0.02050	0.02637	0.02589	0.01597	0.33802	0.08985	0.05160	0.02936	0.03894	0.02509	0.18347	0.02258	0.00518	0.01092	0.01139	0.00944	0.01465
16	0.01619	0.01042	0.01334	0.01429	0.01627	0.00943	0.01007	0.01871	0.02285	0.07822	0.11982	0.42463	0.14788	0.02901	0.01296	0.00398	0.00614	0.02584	0.01031	0.00965
17	0.03367	0.01852	0.02581	0.02291	0.07013	0.01722	0.04990	0.09154	0.03037	0.28121	0.09963	0.04997	0.12999	0.01584	0.01127	0.00333	0.00911	0.01354	0.01089	0.01516
18	0.01320	0.01060	0.01178	0.01178	0.01479	0.00918	0.00872	0.01643	0.02534	0.03218	0.22492	0.14234	0.38968	0.02595	0.01258	0.00357	0.00533	0.02214	0.01031	0.00918
19	0.02256	0.16569	0.47448	0.02783	0.04220	0.02786	0.03505	0.03313	0.02216	0.03184	0.01816	0.02130	0.01343	0.00985	0.00942	0.00314	0.01480	0.00740	0.00448	0.01523
20	0.02121	0.05469	0.57364	0.03014	0.04576	0.02455	0.03906	0.03348	0.02232	0.03348	0.01897	0.02232	0.01339	0.01005	0.01005	0.00335	0.01563	0.00781	0.00446	0.01563
21	0.02618	0.02486	0.04081	0.06010	0.50325	0.02525	0.03071	0.03508	0.08155	0.03561	0.02245	0.02764	0.01847	0.00997	0.01050	0.00319	0.01210	0.00970	0.00585	0.01675
22	0.01296	0.00940	0.01225	0.01434	0.01528	0.00869	0.00969	0.01503	0.02104	0.02791	0.08797	0.55391	0.10841	0.03204	0.01337	0.00419	0.00602	0.02890	0.00991	0.00869
23	0.03755	0.03331	0.02951	0.02424	0.03119	0.17783	0.01926	0.35201	0.04180	0.05222	0.02594	0.07735	0.02150	0.01405	0.01056	0.00315	0.01312	0.01065	0.00914	0.01561
24	0.01575	0.01065	0.01342	0.01273	0.01522	0.00996	0.00955	0.02073	0.02864	0.04190	0.46996	0.07240	0.08767	0.02007	0.01163	0.00318	0.00498	0.01758	0.12404	0.00996
25	0.02296	0.01791	0.02083	0.01825	0.02238	0.01945	0.01430	0.14949	0.10012	0.04437	0.22029	0.11238	0.10191	0.01981	0.01378	0.00355	0.05881	0.01635	0.01031	0.01275
26	0.01288	0.00920	0.01227	0.01472	0.01534	0.00859	0.00981	0.01472	0.02024	0.02699	0.05828	0.62152	0.06993	0.03312	0.01350	0.00429	0.00613	0.03006	0.00981	0.00859
27	0.03657	0.09942	0.03497	0.03113	0.11159	0.28848	0.02190	0.17881	0.03389	0.03877	0.01930	0.02173	0.01533	0.01100	0.00970	0.00287	0.01518	0.00786	0.00679	0.01470
28	0.02437	0.02329	0.03967	0.22086	0.42055	0.02465	0.03155	0.03087	0.02322	0.03236	0.01957	0.02675	0.01598	0.00975	0.01050	0.00325	0.01301	0.00941	0.00508	0.01530
29	0.02808	0.34086	0.05562	0.02931	0.03865	0.08954	0.21559	0.03356	0.02367	0.02848	0.01747	0.02168	0.01454	0.00918	0.00927	0.00282	0.01461	0.00843	0.00494	0.01371
30	0.70310	0.02045	0.01554	0.01390	0.02045	0.02372	0.01145	0.03108	0.01799	0.04744	0.01472	0.01718	0.01145	0.00981	0.00654	0.00327	0.00818	0.00573	0.00654	0.01145
31	0.70310	0.02045	0.01554	0.01390	0.02045	0.02372	0.01145	0.03108	0.01799	0.04744	0.01472	0.01718	0.01145	0.00981	0.00654	0.00327	0.00818	0.00573	0.00654	0.01145
32	0.01530	0.01038	0.01295	0.01352	0.01562	0.00976	0.01010	0.01929	0.02503	0.03567	0.24697	0.21482	0.11286	0.02414	0.01207	0.00361	0.00582	0.07276	0.12984	0.00949
33	0.02162	0.05179	0.51705	0.03173	0.04681	0.02480	0.09274	0.03353	0.02261	0.03353	0.01924	0.02301	0.01369	0.00992	0.01031	0.00337	0.01587	0.00833	0.00456	0.01547
34	0.09290	0.03841	0.03260	0.02682	0.03394	0.28853	0.06917	0.21242	0.03549	0.04289	0.01991	0.02208	0.01523	0.01125	0.00995	0.00301	0.01541	0.00824	0.00735	0.01442
35	0.01537	0.01067	0.01429	0.01622	0.01794	0.01034	0.01271	0.01904	0.02310	0.03145	0.10565	0.31007	0.06584	0.02873	0.01340	0.00430	0.00745	0.22291	0.06119	0.00931
36	0.02121	0.05469	0.57364	0.03014	0.04576	0.02455	0.03906	0.03348	0.02232	0.03348	0.01897	0.02232	0.01339	0.01005	0.01005	0.00335	0.01563	0.00781	0.00446	0.01563
37	0.01462	0.01054	0.01382	0.01354	0.01572	0.00975	0.00995	0.01908	0.02832	0.03984	0.47404	0.16913	0.09481	0.02353	0.01264	0.00349	0.00518	0.02094	0.01134	0.00975
38	0.02370	0.02673	0.05719	0.04116	0.05114	0.02495	0.47216	0.03199	0.02487	0.03333	0.03001	0.03589	0.07057	0.01071	0.01248	0.00357	0.01657	0.01347	0.00580	0.01372
39	0.70310	0.02045	0.01554	0.01390	0.02045	0.02372	0.01145	0.03108	0.01799	0.04744	0.01472	0.01718	0.01145	0.00981	0.00654	0.00327	0.00818	0.00573	0.00654	0.01145
