[name]
unknown

[dist]
# distance from previous block
# <min> <max>
18	83

[block]
# block no. 0 follows, 11 sequences, length 13
# corresponding to MSA columns:
# 92-104
name=unknown_A
#
# <colnr> <probs for GDERKNQSTAVLIFYWHMCP>
#	G	D	E	R	K	N	Q	S	T	A	V	L	I	F	Y	W	H	M	C	P
0	0.03107	0.02264	0.02570	0.02192	0.02866	0.02375	0.01774	0.18886	0.14602	0.08595	0.03999	0.09724	0.03510	0.01802	0.01190	0.00367	0.01004	0.08352	0.01072	0.09747
1	0.02242	0.01738	0.02226	0.10658	0.03077	0.01945	0.01686	0.03359	0.13824	0.06679	0.18781	0.05657	0.09368	0.01832	0.01438	0.00373	0.06513	0.01502	0.05793	0.01309
2	0.03070	0.03051	0.03232	0.11232	0.04066	0.14684	0.06059	0.10728	0.03016	0.03870	0.02075	0.02488	0.01633	0.01047	0.01011	0.00274	0.01371	0.00845	0.00685	0.25564
3	0.02462	0.02096	0.01879	0.01709	0.01943	0.10178	0.01150	0.09688	0.02461	0.03050	0.03126	0.05781	0.03328	0.41684	0.04252	0.00845	0.01264	0.01393	0.00736	0.00976
4	0.03978	0.08675	0.03329	0.02542	0.03291	0.21658	0.02034	0.19052	0.11406	0.08994	0.02719	0.02727	0.02029	0.01282	0.01056	0.00321	0.01433	0.00929	0.00906	0.01640
5	0.02850	0.02827	0.10812	0.02476	0.06731	0.06601	0.02071	0.03447	0.02500	0.11448	0.02519	0.02877	0.01957	0.02069	0.08697	0.00479	0.01434	0.00872	0.00727	0.26606
6	0.08499	0.12366	0.15161	0.11392	0.04419	0.02664	0.09087	0.03436	0.02397	0.07258	0.02119	0.02531	0.01602	0.01029	0.00994	0.00313	0.01343	0.00868	0.00612	0.11908
7	0.10886	0.02044	0.02908	0.15802	0.15428	0.02188	0.02271	0.03576	0.07278	0.11630	0.03281	0.12041	0.02868	0.01549	0.01122	0.00372	0.01104	0.01349	0.00829	0.01474
8	0.08221	0.03042	0.10987	0.02292	0.03303	0.02550	0.02113	0.19709	0.06864	0.09500	0.02613	0.02695	0.01905	0.01165	0.01011	0.00301	0.01124	0.00893	0.00896	0.18817
9	0.03199	0.02363	0.03186	0.02548	0.03288	0.02471	0.09261	0.12508	0.20383	0.12746	0.11511	0.04363	0.03932	0.01506	0.01198	0.00364	0.01065	0.01335	0.01104	0.01670
10	0.02392	0.02325	0.04096	0.27039	0.13710	0.02531	0.13517	0.03395	0.07282	0.03396	0.02687	0.03947	0.02223	0.01280	0.01210	0.00383	0.01464	0.05055	0.00636	0.01431
11	0.02276	0.01398	0.01694	0.01644	0.01999	0.01365	0.01219	0.03065	0.10325	0.11632	0.11630	0.26028	0.09919	0.02443	0.01255	0.00389	0.00704	0.02139	0.07630	0.01245
12	0.02632	0.02278	0.03050	0.02586	0.03229	0.02458	0.09298	0.08496	0.27104	0.04512	0.09038	0.05643	0.04219	0.01746	0.01255	0.00396	0.01069	0.08385	0.01044	0.01562

[dist]
# distance from previous block
# <min> <max>
0	25

[block]
# block no. 1 follows, 11 sequences, length 6
# corresponding to MSA columns:
# 130-135
name=unknown_B
#
# <colnr> <probs for GDERKNQSTAVLIFYWHMCP>
#	G	D	E	R	K	N	Q	S	T	A	V	L	I	F	Y	W	H	M	C	P
0	0.01514	0.01572	0.06963	0.01656	0.01999	0.01177	0.01376	0.01915	0.02369	0.03181	0.13009	0.30007	0.16275	0.03511	0.07531	0.00569	0.00992	0.02390	0.00962	0.01031
1	0.04319	0.01701	0.02225	0.01767	0.02487	0.01505	0.01440	0.04777	0.03008	0.41829	0.04250	0.03921	0.02811	0.01373	0.01046	0.00327	0.00851	0.01111	0.17551	0.01701
2	0.02785	0.03260	0.14329	0.08602	0.10319	0.07115	0.02687	0.03953	0.11556	0.07981	0.07004	0.03451	0.02766	0.01392	0.01408	0.00368	0.07616	0.01089	0.00767	0.01551
3	0.01566	0.01241	0.01658	0.01723	0.01847	0.01333	0.01260	0.01838	0.02217	0.03025	0.11011	0.35427	0.11005	0.03625	0.07460	0.00585	0.08773	0.02474	0.00945	0.00987
4	0.02539	0.14329	0.03531	0.06937	0.03315	0.06539	0.05816	0.02965	0.02262	0.03031	0.02082	0.03020	0.01910	0.09168	0.01808	0.00382	0.06143	0.00904	0.00587	0.22733
5	0.11988	0.09107	0.07184	0.02075	0.02806	0.08304	0.01826	0.03956	0.06320	0.16679	0.07210	0.03514	0.02888	0.02297	0.08528	0.00533	0.01395	0.01030	0.00888	0.01472

[dist]
# distance from previous block
# <min> <max>
0	7

[block]
# block no. 2 follows, 11 sequences, length 12
# corresponding to MSA columns:
# 143-154
name=unknown_C
#
# <colnr> <probs for GDERKNQSTAVLIFYWHMCP>
#	G	D	E	R	K	N	Q	S	T	A	V	L	I	F	Y	W	H	M	C	P
0	0.23070	0.01888	0.02277	0.09926	0.03200	0.02060	0.01766	0.03514	0.02410	0.17223	0.03351	0.08482	0.02900	0.01690	0.01257	0.00394	0.04974	0.07346	0.00913	0.01361
1	0.02581	0.02839	0.12058	0.18857	0.11840	0.02351	0.06193	0.03559	0.06450	0.07127	0.02426	0.02905	0.01823	0.01085	0.01078	0.00327	0.01324	0.00967	0.00656	0.13552
2	0.01737	0.01072	0.01348	0.01376	0.01497	0.01083	0.00943	0.01916	0.02023	0.02978	0.08736	0.13093	0.04474	0.17887	0.10626	0.10798	0.01110	0.01610	0.14843	0.00849
3	0.01832	0.01150	0.01512	0.01585	0.01815	0.01055	0.01155	0.02159	0.02560	0.08612	0.16915	0.35371	0.10869	0.02949	0.01381	0.00421	0.00679	0.05792	0.01124	0.01063
4	0.01502	0.01135	0.01380	0.01369	0.01611	0.01070	0.00992	0.01839	0.02502	0.03332	0.22359	0.12010	0.21827	0.11568	0.09835	0.00682	0.00988	0.02049	0.00994	0.00955
5	0.02121	0.01227	0.01512	0.01411	0.01590	0.01193	0.00932	0.02289	0.02095	0.10046	0.10518	0.06770	0.04715	0.39713	0.08406	0.00938	0.01145	0.01586	0.00856	0.00938
6	0.04048	0.04746	0.10544	0.02790	0.03597	0.35843	0.02385	0.08645	0.03270	0.10456	0.02246	0.02393	0.01676	0.01197	0.01049	0.00312	0.01755	0.00824	0.00729	0.01498
7	0.02382	0.01689	0.02211	0.02392	0.09245	0.01647	0.01571	0.09295	0.03119	0.08797	0.19025	0.16268	0.13367	0.02211	0.01271	0.00372	0.00813	0.01929	0.01076	0.01319
8	0.40653	0.02596	0.03076	0.02413	0.03243	0.06240	0.13300	0.03416	0.02233	0.04385	0.01801	0.02196	0.01403	0.01007	0.00891	0.00333	0.01204	0.00803	0.00654	0.08151
9	0.02656	0.21145	0.26593	0.08441	0.04323	0.08091	0.03094	0.03457	0.02363	0.03088	0.01819	0.02250	0.01445	0.01121	0.01169	0.00329	0.05850	0.00784	0.00491	0.01491
10	0.03097	0.02382	0.02635	0.02241	0.02765	0.09716	0.05055	0.09924	0.06273	0.12346	0.03429	0.08462	0.03028	0.12479	0.10341	0.00700	0.01530	0.01340	0.00893	0.01363
11	0.01963	0.01177	0.01538	0.01551	0.01816	0.01067	0.01122	0.02298	0.02641	0.10767	0.19896	0.32773	0.11418	0.02808	0.01352	0.00405	0.00655	0.02496	0.01151	0.01104

[dist]
# distance from previous block
# <min> <max>
11	54

[block]
# block no. 3 follows, 11 sequences, length 8
# corresponding to MSA columns:
# 223-230
name=unknown_D
#
# <colnr> <probs for GDERKNQSTAVLIFYWHMCP>
#	G	D	E	R	K	N	Q	S	T	A	V	L	I	F	Y	W	H	M	C	P
0	0.02679	0.09686	0.02706	0.01706	0.02560	0.01840	0.01411	0.03157	0.02595	0.10740	0.10820	0.03493	0.03297	0.01175	0.00943	0.00233	0.00849	0.00953	0.00840	0.38316
1	0.02400	0.02261	0.02447	0.02170	0.02613	0.10745	0.05889	0.08753	0.02955	0.03707	0.11499	0.18752	0.10897	0.02800	0.06345	0.00507	0.01269	0.01869	0.00919	0.01202
2	0.13722	0.01992	0.02874	0.30506	0.09770	0.02267	0.02412	0.03343	0.02369	0.10614	0.02435	0.03011	0.01788	0.01155	0.01022	0.00353	0.01213	0.00958	0.06827	0.01369
3	0.02352	0.01832	0.02319	0.02497	0.09337	0.01880	0.01636	0.12726	0.06036	0.04376	0.15996	0.17814	0.08813	0.05342	0.01507	0.00414	0.00880	0.01887	0.01026	0.01330
4	0.01660	0.11165	0.02038	0.01439	0.01806	0.01542	0.01120	0.01963	0.02476	0.03119	0.13657	0.23919	0.24799	0.02667	0.01260	0.00377	0.00697	0.02284	0.00976	0.01037
5	0.11725	0.10734	0.18906	0.02625	0.03626	0.07520	0.09509	0.03318	0.02475	0.03646	0.05428	0.03349	0.05732	0.01253	0.01023	0.00334	0.01351	0.01028	0.05027	0.01395
6	0.01856	0.11187	0.02096	0.01454	0.01674	0.01654	0.01047	0.02038	0.02055	0.02702	0.10104	0.10535	0.04914	0.34738	0.03711	0.00766	0.01002	0.04793	0.00772	0.00902
7	0.13710	0.02627	0.02787	0.16377	0.04067	0.10314	0.02095	0.03443	0.06832	0.03526	0.02056	0.02566	0.01655	0.01215	0.01340	0.00334	0.09237	0.00852	0.00636	0.14330

[dist]
# distance from previous block
# <min> <max>
0	9

[block]
# block no. 4 follows, 11 sequences, length 11
# corresponding to MSA columns:
# 240-250
name=unknown_E
#
# <colnr> <probs for GDERKNQSTAVLIFYWHMCP>
#	G	D	E	R	K	N	Q	S	T	A	V	L	I	F	Y	W	H	M	C	P
0	0.10923	0.09695	0.02903	0.10895	0.03449	0.02553	0.01815	0.09094	0.10667	0.04196	0.06947	0.06689	0.02984	0.01389	0.01014	0.00322	0.01016	0.01117	0.00826	0.11506
1	0.24808	0.02517	0.10378	0.01940	0.02706	0.02123	0.01825	0.03775	0.08595	0.11388	0.06039	0.04027	0.02910	0.01432	0.00993	0.00360	0.00975	0.04749	0.07042	0.01418
2	0.02128	0.01607	0.01965	0.01829	0.02119	0.01821	0.01395	0.06464	0.10259	0.03648	0.08124	0.08470	0.03930	0.10636	0.16921	0.00851	0.06286	0.01425	0.08934	0.01187
3	0.01894	0.01570	0.01824	0.01470	0.02130	0.01251	0.01144	0.02347	0.02605	0.03719	0.17052	0.06009	0.16952	0.01712	0.01083	0.00268	0.00691	0.01443	0.00906	0.33931
4	0.02713	0.02364	0.02652	0.09416	0.03547	0.02761	0.01954	0.05582	0.45075	0.04473	0.04249	0.04045	0.03187	0.01475	0.01143	0.00381	0.00969	0.01238	0.01062	0.01713
5	0.02396	0.01168	0.01299	0.01213	0.01551	0.01125	0.00929	0.02910	0.02572	0.10376	0.10083	0.04693	0.03867	0.01449	0.00899	0.00285	0.00579	0.01186	0.50265	0.01157
6	0.02151	0.02009	0.02748	0.02469	0.02578	0.02607	0.02051	0.02468	0.02082	0.02997	0.07451	0.05605	0.09322	0.02288	0.02873	0.00472	0.37507	0.08463	0.00707	0.01152
7	0.04687	0.01996	0.02601	0.02049	0.02882	0.01839	0.01675	0.05565	0.10979	0.46232	0.04463	0.03890	0.02891	0.01415	0.01134	0.00354	0.00947	0.01155	0.01353	0.01894
8	0.01943	0.01432	0.01932	0.01802	0.01819	0.01709	0.01298	0.01904	0.01626	0.02293	0.02502	0.04700	0.02686	0.24539	0.09041	0.19771	0.16392	0.01241	0.00570	0.00800
9	0.02418	0.02006	0.02556	0.16016	0.03935	0.02291	0.02092	0.07717	0.20284	0.04002	0.04222	0.10331	0.03838	0.01931	0.01254	0.00413	0.01084	0.11238	0.00950	0.01422
10	0.13262	0.03508	0.19404	0.02549	0.03709	0.02435	0.06816	0.10028	0.02740	0.04350	0.02065	0.02385	0.01558	0.01029	0.00975	0.00301	0.01262	0.00822	0.00668	0.20134

[dist]
# distance from previous block
# <min> <max>
1	48

[block]
# block no. 5 follows, 11 sequences, length 28
# corresponding to MSA columns:
# 299-326
name=unknown_F
#
# <colnr> <probs for GDERKNQSTAVLIFYWHMCP>
#	G	D	E	R	K	N	Q	S	T	A	V	L	I	F	Y	W	H	M	C	P
0	0.02587	0.03036	0.12536	0.20680	0.12790	0.02612	0.10914	0.08218	0.02721	0.03764	0.02143	0.02773	0.01626	0.01063	0.01120	0.00342	0.01477	0.00997	0.00600	0.07999
1	0.02883	0.46134	0.04974	0.01994	0.02796	0.08574	0.01862	0.03245	0.02289	0.02652	0.01822	0.02261	0.01673	0.02226	0.09949	0.00506	0.01579	0.00713	0.00511	0.01359
2	0.30151	0.02473	0.08671	0.08057	0.03415	0.02233	0.06117	0.03336	0.02413	0.09243	0.10548	0.03420	0.03037	0.01291	0.00992	0.00356	0.01077	0.01031	0.00796	0.01344
3	0.02300	0.02218	0.02248	0.07392	0.02808	0.11341	0.01583	0.02635	0.02297	0.02953	0.07216	0.08707	0.03464	0.13985	0.08107	0.00635	0.06023	0.01311	0.00698	0.12076
4	0.03009	0.61122	0.05898	0.01926	0.02889	0.04454	0.01926	0.03370	0.02287	0.02648	0.01565	0.01805	0.01444	0.00963	0.00722	0.00241	0.01204	0.00602	0.00481	0.01444
5	0.01445	0.01032	0.01391	0.01651	0.01749	0.00978	0.01173	0.01695	0.02227	0.02956	0.06163	0.51883	0.07283	0.03457	0.01456	0.00467	0.00717	0.10300	0.01043	0.00935
6	0.01854	0.01110	0.01449	0.01563	0.01713	0.01032	0.01057	0.02046	0.02196	0.08878	0.05551	0.44333	0.06331	0.12748	0.02115	0.00550	0.00762	0.02693	0.01026	0.00995
7	0.01480	0.01130	0.01359	0.01335	0.01621	0.01009	0.00989	0.01893	0.02870	0.03843	0.33927	0.14280	0.24954	0.02611	0.01339	0.00373	0.00556	0.02267	0.01153	0.01009
8	0.68395	0.02177	0.01654	0.01480	0.02177	0.02525	0.01219	0.03309	0.01915	0.05050	0.01567	0.01828	0.01219	0.01045	0.00697	0.00348	0.00871	0.00609	0.00697	0.01219
9	0.01443	0.01046	0.01379	0.01618	0.01742	0.00982	0.01160	0.01701	0.02262	0.02971	0.06584	0.47783	0.10971	0.03401	0.01448	0.00461	0.00711	0.10358	0.01043	0.00938
10	0.10291	0.02633	0.02956	0.02285	0.03157	0.02763	0.01888	0.30094	0.04267	0.23355	0.03207	0.03018	0.02156	0.01338	0.01090	0.00342	0.01108	0.01019	0.01181	0.01852
11	0.03730	0.14218	0.03593	0.02528	0.03267	0.23264	0.02044	0.15721	0.13095	0.04192	0.02508	0.02585	0.01957	0.01244	0.01016	0.00311	0.01461	0.00882	0.00809	0.01574
12	0.68395	0.02177	0.01654	0.01480	0.02177	0.02525	0.01219	0.03309	0.01915	0.05050	0.01567	0.01828	0.01219	0.01045	0.00697	0.00348	0.00871	0.00609	0.00697	0.01219
13	0.03011	0.08990	0.32865	0.02769	0.04085	0.02694	0.03172	0.08210	0.07161	0.12341	0.02677	0.02766	0.01877	0.01181	0.01064	0.00347	0.01402	0.00919	0.00747	0.01721
14	0.01630	0.01175	0.01556	0.01525	0.01790	0.01101	0.01187	0.02159	0.03087	0.04323	0.45027	0.09121	0.09930	0.02436	0.01365	0.00381	0.00615	0.09330	0.01205	0.01058
15	0.01993	0.01517	0.01995	0.01898	0.02095	0.01682	0.01463	0.06293	0.02620	0.03639	0.17995	0.19324	0.06119	0.02704	0.02110	0.07596	0.11085	0.05854	0.00949	0.01068
16	0.02464	0.01270	0.01639	0.01585	0.01934	0.01145	0.01171	0.02792	0.02585	0.17201	0.09615	0.30544	0.10044	0.02568	0.01271	0.00393	0.00707	0.02257	0.07597	0.01216
17	0.01880	0.01271	0.01596	0.01622	0.01904	0.01216	0.01206	0.02488	0.07018	0.07579	0.18794	0.27679	0.12363	0.02748	0.01356	0.00411	0.00688	0.05925	0.01132	0.01124
18	0.03894	0.09294	0.03846	0.03237	0.11739	0.03458	0.02335	0.37008	0.04515	0.06048	0.02483	0.02620	0.01842	0.01251	0.01081	0.00327	0.01251	0.00967	0.00962	0.01842
19	0.01371	0.00979	0.01306	0.01567	0.01632	0.00914	0.01045	0.01567	0.02155	0.02873	0.06203	0.59710	0.07444	0.03526	0.01437	0.00457	0.00653	0.03200	0.01045	0.00914
20	0.09512	0.02094	0.03388	0.43066	0.06616	0.02463	0.06449	0.03188	0.02324	0.07270	0.02171	0.02944	0.01589	0.01124	0.01096	0.00370	0.01421	0.00995	0.00598	0.01321
21	0.15261	0.02140	0.02818	0.08707	0.11637	0.02181	0.02025	0.08131	0.02957	0.22865	0.07459	0.03520	0.02826	0.01315	0.01068	0.00348	0.01051	0.01074	0.00996	0.01621
22	0.02806	0.02760	0.04277	0.03295	0.04062	0.08142	0.23456	0.10908	0.03034	0.04004	0.03140	0.13622	0.02887	0.01552	0.01238	0.00368	0.01458	0.01541	0.06039	0.01410
23	0.01473	0.01061	0.01331	0.01427	0.01568	0.00988	0.00971	0.01737	0.02394	0.03227	0.19145	0.32035	0.12230	0.12598	0.02111	0.00527	0.00684	0.02537	0.01038	0.00920
24	0.09555	0.02473	0.03460	0.11870	0.11501	0.02585	0.06106	0.15737	0.03337	0.17990	0.02830	0.03011	0.01982	0.01215	0.01103	0.00350	0.01240	0.01030	0.00930	0.01695
25	0.03050	0.19002	0.13816	0.02636	0.03632	0.02829	0.09834	0.03936	0.06935	0.13393	0.03020	0.07907	0.02464	0.01346	0.01068	0.00338	0.01276	0.01160	0.00785	0.01574
26	0.15059	0.02211	0.02934	0.08136	0.16946	0.02116	0.02080	0.03312	0.02383	0.07956	0.02149	0.02544	0.01690	0.00991	0.00935	0.00280	0.01048	0.00816	0.00686	0.25728
27	0.16703	0.02705	0.02911	0.11523	0.03819	0.11389	0.05631	0.07785	0.02871	0.11133	0.06841	0.03131	0.02494	0.01246	0.01036	0.00334	0.01266	0.00991	0.00817	0.05374

[dist]
# distance from previous block
# <min> <max>
2	36

[block]
# block no. 6 follows, 11 sequences, length 12
# corresponding to MSA columns:
# 363-374
name=unknown_G
#
# <colnr> <probs for GDERKNQSTAVLIFYWHMCP>
#	G	D	E	R	K	N	Q	S	T	A	V	L	I	F	Y	W	H	M	C	P
0	0.01982	0.01619	0.01953	0.01608	0.02264	0.01288	0.01222	0.02405	0.02398	0.03568	0.09779	0.18331	0.04372	0.01739	0.01058	0.00268	0.00746	0.01517	0.00842	0.41042
1	0.02256	0.01800	0.02258	0.02362	0.08268	0.01811	0.01587	0.09218	0.09463	0.04380	0.20161	0.14059	0.09417	0.02047	0.01235	0.00359	0.00812	0.01787	0.01049	0.05673
2	0.11880	0.02088	0.02364	0.01936	0.02574	0.02177	0.01569	0.08455	0.06205	0.10681	0.04141	0.04189	0.11134	0.01582	0.01437	0.00339	0.09689	0.01159	0.00893	0.15507
3	0.03598	0.02450	0.03425	0.03192	0.11015	0.02493	0.07324	0.14030	0.12352	0.18088	0.07178	0.03761	0.03044	0.01368	0.01167	0.00354	0.01135	0.01204	0.01060	0.01761
4	0.02536	0.02008	0.08170	0.02059	0.02600	0.01602	0.01807	0.03376	0.08958	0.14135	0.05070	0.23593	0.05012	0.02432	0.01316	0.00426	0.00952	0.11533	0.01062	0.01355
5	0.02479	0.02166	0.02943	0.21972	0.08098	0.02559	0.02343	0.06958	0.15060	0.03786	0.03458	0.03861	0.05897	0.01468	0.01409	0.00377	0.07522	0.01173	0.05033	0.01436
6	0.01587	0.01066	0.01416	0.01500	0.01566	0.01091	0.01001	0.01677	0.01820	0.02472	0.04070	0.22983	0.04598	0.22977	0.15565	0.09726	0.01372	0.01954	0.00755	0.00804
7	0.03525	0.04264	0.03447	0.02979	0.03588	0.37230	0.09249	0.04124	0.06644	0.03048	0.02567	0.09182	0.02350	0.01436	0.01123	0.00330	0.01760	0.01152	0.00676	0.01327
8	0.02314	0.02411	0.09242	0.02018	0.02773	0.01928	0.01786	0.06723	0.13446	0.04206	0.13039	0.10359	0.04436	0.01642	0.01119	0.00321	0.00908	0.01397	0.00933	0.19000
9	0.02750	0.19548	0.20587	0.02771	0.03867	0.02937	0.09802	0.06279	0.02611	0.07159	0.02649	0.09240	0.02317	0.01354	0.01065	0.00338	0.01376	0.01159	0.00666	0.01526
10	0.43347	0.02754	0.08257	0.01933	0.02757	0.02685	0.01756	0.08916	0.09939	0.05049	0.02210	0.02355	0.01661	0.01156	0.00857	0.00353	0.01009	0.00783	0.00787	0.01435
11	0.11733	0.02635	0.09425	0.02794	0.10558	0.02317	0.02124	0.14479	0.03332	0.04975	0.18882	0.04432	0.04602	0.01531	0.01124	0.00346	0.01026	0.01269	0.00931	0.01485

[dist]
# distance from previous block
# <min> <max>
1	15

[block]
# block no. 7 follows, 11 sequences, length 14
# corresponding to MSA columns:
# 390-403
name=unknown_H
#
# <colnr> <probs for GDERKNQSTAVLIFYWHMCP>
#	G	D	E	R	K	N	Q	S	T	A	V	L	I	F	Y	W	H	M	C	P
0	0.03550	0.13190	0.12958	0.02669	0.03592	0.19900	0.02451	0.15740	0.08068	0.04173	0.02281	0.02437	0.01753	0.01197	0.01020	0.00315	0.01526	0.00851	0.00738	0.01592
1	0.07897	0.02261	0.02513	0.02286	0.06153	0.07563	0.01677	0.04266	0.06605	0.24352	0.12396	0.04152	0.03839	0.01440	0.01098	0.00327	0.00998	0.01176	0.01086	0.07917
2	0.03619	0.02521	0.02965	0.02401	0.03077	0.02805	0.01958	0.18549	0.14817	0.15069	0.03223	0.03213	0.02351	0.01477	0.01579	0.00366	0.11485	0.01068	0.01037	0.06420
3	0.02123	0.01899	0.03126	0.51662	0.07062	0.02345	0.02875	0.02849	0.02262	0.03017	0.02180	0.03129	0.01649	0.01145	0.01089	0.00363	0.01396	0.01005	0.07596	0.01229
4	0.02733	0.01466	0.01644	0.01479	0.01922	0.01481	0.01149	0.03725	0.11516	0.13540	0.07663	0.04445	0.03547	0.01440	0.00956	0.00307	0.00672	0.01179	0.37795	0.01343
5	0.02609	0.02541	0.02188	0.02037	0.02476	0.15334	0.01563	0.03760	0.15487	0.04019	0.21006	0.05749	0.05662	0.01807	0.01183	0.00351	0.01036	0.04560	0.05327	0.01305
6	0.09549	0.06267	0.02698	0.01981	0.02640	0.02327	0.01648	0.11700	0.03062	0.23460	0.03221	0.03235	0.02278	0.01374	0.01286	0.00339	0.07329	0.00997	0.13021	0.01586
7	0.01604	0.01154	0.01534	0.01556	0.01793	0.01085	0.01197	0.02087	0.02940	0.04085	0.38048	0.16055	0.09440	0.02612	0.01383	0.00398	0.00639	0.10175	0.01176	0.01038
8	0.03509	0.02353	0.07711	0.03160	0.12324	0.01912	0.06666	0.04077	0.02813	0.26618	0.04265	0.09909	0.06346	0.01580	0.01188	0.00363	0.01120	0.01408	0.01019	0.01657
9	0.01889	0.01009	0.01473	0.01457	0.01505	0.00993	0.00993	0.01586	0.01780	0.02421	0.11226	0.04330	0.03534	0.03617	0.03839	0.55062	0.00896	0.01170	0.00625	0.00593
10	0.02346	0.01867	0.02030	0.05640	0.02569	0.05517	0.01509	0.11003	0.03225	0.04343	0.19138	0.09982	0.10316	0.02071	0.01226	0.00364	0.00899	0.06377	0.08355	0.01223
11	0.09689	0.02020	0.02258	0.01646	0.02613	0.01614	0.01321	0.02887	0.02287	0.03821	0.01952	0.02278	0.01617	0.00857	0.00818	0.00187	0.00838	0.00660	0.00670	0.59965
12	0.22509	0.13242	0.03302	0.19674	0.04287	0.08896	0.02168	0.03262	0.02214	0.03461	0.01715	0.02274	0.01398	0.01150	0.01137	0.00343	0.06344	0.00778	0.00564	0.01281
13	0.22735	0.02684	0.02666	0.02190	0.02965	0.03036	0.01781	0.25258	0.15698	0.05904	0.02834	0.02816	0.02086	0.01305	0.01005	0.00352	0.01045	0.00959	0.01005	0.01677

[dist]
# distance from previous block
# <min> <max>
0	7

[block]
# block no. 8 follows, 11 sequences, length 18
# corresponding to MSA columns:
# 413-430
name=unknown_I
#
# <colnr> <probs for GDERKNQSTAVLIFYWHMCP>
#	G	D	E	R	K	N	Q	S	T	A	V	L	I	F	Y	W	H	M	C	P
0	0.26480	0.06476	0.02567	0.02292	0.07575	0.02458	0.01636	0.04092	0.12410	0.12717	0.02915	0.03268	0.02283	0.06736	0.01376	0.00415	0.00982	0.00970	0.00876	0.01476
1	0.14524	0.07526	0.02789	0.02050	0.02729	0.02271	0.05178	0.08384	0.07277	0.14501	0.04306	0.12364	0.08038	0.01737	0.01100	0.00362	0.00976	0.01447	0.00984	0.01457
2	0.01650	0.01082	0.01246	0.01263	0.01320	0.01067	0.00765	0.01771	0.01911	0.02672	0.08780	0.12252	0.04962	0.43548	0.04408	0.00878	0.00939	0.01774	0.06934	0.00777
3	0.01505	0.01120	0.01401	0.01389	0.01642	0.01016	0.01020	0.01932	0.02893	0.03954	0.37018	0.17555	0.18177	0.02613	0.01346	0.00376	0.00559	0.02298	0.01169	0.01016
4	0.04052	0.02178	0.02635	0.02094	0.02850	0.02171	0.01702	0.17417	0.07985	0.28209	0.12154	0.04319	0.03923	0.01547	0.01164	0.00349	0.00959	0.01264	0.01270	0.01759
5	0.03543	0.01643	0.02118	0.01813	0.02397	0.01524	0.01422	0.04232	0.07911	0.30419	0.08983	0.15147	0.04454	0.01894	0.01180	0.00366	0.00817	0.01620	0.06961	0.01557
6	0.02319	0.02238	0.03114	0.02706	0.02722	0.03070	0.02216	0.02555	0.01722	0.02653	0.01789	0.03067	0.01823	0.07856	0.07991	0.00651	0.48764	0.01062	0.00519	0.01163
7	0.09592	0.02103	0.02747	0.13553	0.03876	0.02164	0.02007	0.11414	0.03184	0.28250	0.03528	0.03963	0.02521	0.01428	0.01123	0.00365	0.01112	0.04337	0.01080	0.01653
8	0.03661	0.31232	0.04571	0.02301	0.03200	0.09039	0.02040	0.23033	0.03644	0.04536	0.02062	0.02206	0.01643	0.01146	0.00921	0.00286	0.01299	0.00788	0.00763	0.01629
9	0.68395	0.02177	0.01654	0.01480	0.02177	0.02525	0.01219	0.03309	0.01915	0.05050	0.01567	0.01828	0.01219	0.01045	0.00697	0.00348	0.00871	0.00609	0.00697	0.01219
10	0.04119	0.09161	0.03188	0.02372	0.03099	0.20168	0.01912	0.12005	0.03333	0.19383	0.02836	0.02897	0.02066	0.01914	0.06095	0.00451	0.01573	0.00931	0.00915	0.01582
11	0.01575	0.01170	0.01446	0.01456	0.01721	0.01083	0.01117	0.01988	0.02757	0.03685	0.28376	0.09733	0.19639	0.08598	0.01827	0.00468	0.00697	0.10581	0.01094	0.00990
12	0.01653	0.01290	0.01857	0.01842	0.02006	0.01494	0.01415	0.02017	0.02011	0.02876	0.08858	0.14292	0.04336	0.06245	0.35101	0.01278	0.08049	0.01621	0.00738	0.01019
13	0.10125	0.01770	0.02059	0.01842	0.02380	0.01807	0.01427	0.04077	0.15338	0.18114	0.12056	0.15470	0.04925	0.01953	0.01178	0.00379	0.00804	0.01661	0.01160	0.01474
14	0.01900	0.01419	0.01980	0.01894	0.02172	0.01635	0.01487	0.07220	0.02190	0.03103	0.02981	0.04234	0.02715	0.07666	0.49987	0.01648	0.02821	0.01185	0.00660	0.01104
15	0.03155	0.08751	0.03741	0.03606	0.15535	0.08044	0.02416	0.15703	0.03126	0.04145	0.02415	0.07532	0.02189	0.01523	0.01614	0.00364	0.12726	0.01129	0.00735	0.01553
16	0.02870	0.07638	0.03935	0.15487	0.25051	0.02820	0.02779	0.12579	0.03082	0.04188	0.06570	0.03215	0.02490	0.01208	0.01103	0.00337	0.01269	0.01059	0.00713	0.01608
17	0.08191	0.08817	0.02962	0.02045	0.02828	0.02707	0.01702	0.24029	0.03806	0.09190	0.08330	0.03989	0.07975	0.01491	0.01066	0.00320	0.01012	0.01157	0.01007	0.07378

[dist]
# distance from previous block
# <min> <max>
12	43

[block]
# block no. 9 follows, 11 sequences, length 9
# corresponding to MSA columns:
# 480-488
name=unknown_J
#
# <colnr> <probs for GDERKNQSTAVLIFYWHMCP>
#	G	D	E	R	K	N	Q	S	T	A	V	L	I	F	Y	W	H	M	C	P
0	0.10960	0.08432	0.02860	0.02651	0.09581	0.06452	0.01865	0.03683	0.06340	0.13584	0.03723	0.12330	0.03432	0.01784	0.01127	0.00372	0.01073	0.07397	0.00914	0.01440
1	0.02729	0.02272	0.03358	0.07659	0.10386	0.02554	0.06553	0.08861	0.06468	0.06972	0.03249	0.08824	0.02995	0.01813	0.01777	0.00416	0.13417	0.07434	0.00812	0.01450
2	0.03432	0.03151	0.02604	0.02209	0.02893	0.21644	0.01708	0.04133	0.08126	0.12161	0.09622	0.03515	0.03203	0.01325	0.01052	0.00292	0.01259	0.01021	0.00888	0.15761
3	0.02706	0.01989	0.02372	0.01713	0.02696	0.01521	0.01378	0.03197	0.02456	0.10593	0.02335	0.02539	0.01820	0.00910	0.00874	0.00192	0.00851	0.00731	0.00766	0.58362
4	0.02048	0.01552	0.02003	0.06067	0.02431	0.01724	0.01483	0.06519	0.02681	0.03810	0.18140	0.11796	0.05650	0.09131	0.02117	0.00473	0.08781	0.04486	0.07996	0.01113
5	0.03566	0.02495	0.03321	0.10230	0.04039	0.02675	0.07133	0.15984	0.17073	0.16120	0.03481	0.03455	0.02460	0.01336	0.01154	0.00362	0.01184	0.01145	0.01045	0.01743
6	0.02593	0.02443	0.03651	0.17286	0.04827	0.02732	0.12458	0.04655	0.27991	0.03991	0.03408	0.03634	0.02556	0.01297	0.01180	0.00380	0.01268	0.01214	0.00852	0.01586
7	0.01633	0.01067	0.01416	0.01520	0.01638	0.01021	0.01080	0.01718	0.02128	0.02820	0.10257	0.23033	0.09988	0.09419	0.02660	0.17937	0.00817	0.08151	0.00881	0.00815
8	0.03375	0.03215	0.04283	0.03342	0.04018	0.12827	0.16701	0.10108	0.02937	0.09129	0.02260	0.02739	0.01744	0.01358	0.01838	0.00383	0.16464	0.01062	0.00717	0.01501

[dist]
# distance from previous block
# <min> <max>
1	4

[block]
# block no. 10 follows, 11 sequences, length 14
# corresponding to MSA columns:
# 493-506
name=unknown_K
#
# <colnr> <probs for GDERKNQSTAVLIFYWHMCP>
#	G	D	E	R	K	N	Q	S	T	A	V	L	I	F	Y	W	H	M	C	P
0	0.21428	0.02372	0.02787	0.14655	0.03963	0.07529	0.05914	0.03790	0.02516	0.15307	0.02575	0.02873	0.01845	0.01168	0.00985	0.00344	0.01206	0.00927	0.06413	0.01404
1	0.35243	0.02285	0.02388	0.02258	0.06921	0.02467	0.01660	0.08890	0.07533	0.16270	0.02684	0.02691	0.01915	0.01200	0.00920	0.00349	0.00970	0.00869	0.00932	0.01553
2	0.32832	0.02085	0.01974	0.01602	0.02363	0.02122	0.01298	0.07885	0.02452	0.04722	0.02077	0.02366	0.01635	0.01042	0.00795	0.00279	0.00855	0.00723	0.08752	0.22139
3	0.02030	0.01383	0.01693	0.01675	0.01991	0.01338	0.01259	0.07829	0.02867	0.07033	0.13696	0.29520	0.13858	0.02793	0.01356	0.00413	0.00746	0.06273	0.01107	0.01140
4	0.03415	0.03943	0.09972	0.02562	0.03312	0.23732	0.02204	0.08425	0.12315	0.07162	0.08781	0.03436	0.03061	0.01387	0.01102	0.00332	0.01443	0.01054	0.00853	0.01508
5	0.03742	0.16039	0.03185	0.01876	0.02660	0.02437	0.01612	0.10382	0.03129	0.24723	0.04291	0.04075	0.08453	0.01455	0.01027	0.00317	0.00970	0.01133	0.06885	0.01609
6	0.03883	0.01636	0.02173	0.01795	0.02445	0.01457	0.01465	0.04351	0.03043	0.36015	0.11199	0.05275	0.04205	0.01655	0.01147	0.00352	0.00845	0.05064	0.10393	0.01602
7	0.04558	0.02077	0.02649	0.02057	0.02874	0.01949	0.01689	0.13652	0.03616	0.40203	0.08914	0.04069	0.03397	0.01475	0.01150	0.00347	0.00969	0.01199	0.01326	0.01830
8	0.01601	0.01107	0.01366	0.01429	0.01522	0.01078	0.00958	0.01801	0.02141	0.02895	0.13649	0.17880	0.06235	0.31968	0.03596	0.00765	0.00898	0.07374	0.00897	0.00840
9	0.04327	0.03254	0.03308	0.02575	0.03446	0.07830	0.02108	0.42709	0.04967	0.10040	0.02743	0.02724	0.01936	0.01338	0.01117	0.00334	0.01286	0.00997	0.01098	0.01862
10	0.02323	0.02530	0.09581	0.01881	0.02973	0.01655	0.01725	0.02935	0.02340	0.03653	0.02003	0.02340	0.01634	0.00866	0.00866	0.00193	0.00949	0.00690	0.00640	0.58223
11	0.03373	0.40663	0.04834	0.02004	0.02951	0.03719	0.01870	0.09998	0.02821	0.09620	0.02110	0.02223	0.01692	0.01058	0.00838	0.00261	0.01146	0.00729	0.00698	0.07391
12	0.55896	0.02600	0.06515	0.01748	0.02551	0.02633	0.01574	0.08141	0.02306	0.05131	0.01725	0.01967	0.01309	0.01079	0.00774	0.00348	0.00979	0.00671	0.00722	0.01330
13	0.02765	0.09657	0.03656	0.10938	0.10710	0.07260	0.06391	0.07393	0.07527	0.03682	0.02718	0.06921	0.02335	0.01378	0.01238	0.00345	0.04960	0.01145	0.07541	0.01440

[dist]
# distance from previous block
# <min> <max>
2	15

[block]
# block no. 11 follows, 11 sequences, length 16
# corresponding to MSA columns:
# 522-537
name=unknown_L
#
# <colnr> <probs for GDERKNQSTAVLIFYWHMCP>
#	G	D	E	R	K	N	Q	S	T	A	V	L	I	F	Y	W	H	M	C	P
0	0.04048	0.01799	0.02308	0.01870	0.02575	0.01668	0.01509	0.04856	0.09293	0.36792	0.09912	0.04441	0.03776	0.01505	0.01119	0.00344	0.00854	0.01244	0.08379	0.01707
1	0.02512	0.01441	0.01850	0.01663	0.02086	0.01362	0.01274	0.03250	0.07985	0.16156	0.30868	0.12981	0.07648	0.02152	0.01275	0.00368	0.00684	0.01881	0.01243	0.01321
2	0.11089	0.01724	0.02094	0.01735	0.02375	0.01641	0.01394	0.04246	0.06289	0.29199	0.14346	0.04641	0.04331	0.01547	0.01087	0.00343	0.00806	0.01265	0.08299	0.01551
3	0.30449	0.02302	0.01828	0.01633	0.02187	0.08959	0.01292	0.08219	0.02596	0.04682	0.02436	0.02763	0.01897	0.01184	0.00815	0.00310	0.00940	0.00819	0.23443	0.01246
4	0.10928	0.01974	0.02976	0.35801	0.09181	0.02284	0.02560	0.03159	0.02333	0.09083	0.02589	0.07748	0.02136	0.01341	0.01097	0.00373	0.01274	0.01152	0.00678	0.01331
5	0.03270	0.53540	0.05477	0.01936	0.02887	0.04095	0.01891	0.03641	0.02407	0.09250	0.01933	0.02065	0.01616	0.01018	0.00775	0.00255	0.01172	0.00670	0.00598	0.01505
6	0.61860	0.02276	0.01830	0.01593	0.02311	0.02623	0.01313	0.08034	0.02260	0.05258	0.01683	0.01917	0.01290	0.01076	0.00740	0.00347	0.00908	0.00651	0.00740	0.01290
7	0.02198	0.01566	0.02022	0.08359	0.02774	0.01595	0.01556	0.08644	0.03122	0.07167	0.22557	0.11921	0.11960	0.02252	0.01304	0.00387	0.00845	0.07471	0.01081	0.01220
8	0.01670	0.01049	0.01276	0.01356	0.01541	0.00999	0.00965	0.02065	0.02504	0.03755	0.18126	0.27503	0.06820	0.02466	0.01194	0.00365	0.00578	0.02177	0.22593	0.00999
9	0.02473	0.01990	0.03285	0.51122	0.07173	0.02400	0.02951	0.03186	0.02366	0.08970	0.02290	0.03099	0.01653	0.01157	0.01126	0.00372	0.01436	0.01016	0.00606	0.01329
10	0.01489	0.01115	0.01381	0.01381	0.01634	0.01008	0.01010	0.01898	0.02843	0.03855	0.34206	0.18837	0.19883	0.02665	0.01349	0.00380	0.00564	0.02339	0.01156	0.01008
11	0.01644	0.01358	0.01837	0.01864	0.01970	0.01552	0.01392	0.01891	0.02051	0.02815	0.05236	0.33413	0.10329	0.03857	0.10210	0.00662	0.13741	0.02319	0.00856	0.01002
12	0.03499	0.45198	0.05071	0.01994	0.02935	0.03845	0.01892	0.07539	0.02708	0.12767	0.02202	0.02262	0.01737	0.01076	0.00833	0.00269	0.01160	0.00736	0.00706	0.01572
13	0.01676	0.01317	0.01928	0.01759	0.02088	0.01227	0.05019	0.02054	0.02505	0.03453	0.20771	0.18925	0.11624	0.03265	0.08005	0.04813	0.01019	0.02024	0.00956	0.05573
14	0.09939	0.02279	0.02629	0.06721	0.03275	0.02256	0.01738	0.12913	0.08628	0.12990	0.02798	0.02875	0.02045	0.01155	0.00988	0.00292	0.01001	0.00905	0.00922	0.23651
15	0.08158	0.07391	0.03168	0.15384	0.04079	0.03014	0.02191	0.10305	0.19729	0.04221	0.02863	0.03120	0.02201	0.01372	0.01357	0.00372	0.07685	0.01030	0.00823	0.01537

[dist]
# distance from previous block
# <min> <max>
0	28

[block]
# block no. 12 follows, 11 sequences, length 42
# corresponding to MSA columns:
# 566-607
name=unknown_M
#
# <colnr> <probs for GDERKNQSTAVLIFYWHMCP>
#	G	D	E	R	K	N	Q	S	T	A	V	L	I	F	Y	W	H	M	C	P
0	0.39224	0.02099	0.02099	0.09388	0.03103	0.02213	0.01520	0.03105	0.02088	0.04330	0.01758	0.02144	0.01393	0.00992	0.00798	0.00297	0.00947	0.00681	0.00660	0.21160
1	0.11418	0.02570	0.02919	0.07570	0.03463	0.07782	0.05828	0.12840	0.07488	0.12875	0.02950	0.03565	0.02317	0.09509	0.01724	0.00452	0.01254	0.01091	0.00897	0.01487
2	0.01526	0.01061	0.01258	0.01348	0.01559	0.00973	0.00958	0.01860	0.02474	0.03436	0.15398	0.29203	0.18160	0.02763	0.01280	0.00387	0.00589	0.02423	0.12372	0.00973
3	0.01874	0.09652	0.02476	0.01758	0.02175	0.01661	0.05533	0.02339	0.02702	0.03729	0.24750	0.15693	0.10920	0.02157	0.01211	0.00352	0.00773	0.01909	0.07216	0.01120
4	0.25158	0.08337	0.02485	0.01798	0.02513	0.02444	0.01488	0.04385	0.13400	0.16701	0.03139	0.03064	0.02276	0.01254	0.00915	0.00336	0.00900	0.00925	0.06956	0.01524
5	0.68395	0.02177	0.01654	0.01480	0.02177	0.02525	0.01219	0.03309	0.01915	0.05050	0.01567	0.01828	0.01219	0.01045	0.00697	0.00348	0.00871	0.00609	0.00697	0.01219
6	0.01650	0.01119	0.01329	0.01352	0.01392	0.01136	0.00844	0.01730	0.01736	0.02324	0.03715	0.07587	0.04195	0.50926	0.09643	0.01102	0.01250	0.05521	0.00707	0.00741
7	0.02706	0.02542	0.04275	0.22045	0.30533	0.02710	0.07302	0.07498	0.02723	0.03734	0.02149	0.02867	0.01701	0.01068	0.01138	0.00351	0.01428	0.01032	0.00592	0.01607
8	0.10977	0.02987	0.03124	0.02446	0.03303	0.03329	0.02011	0.41046	0.08827	0.06674	0.02740	0.02736	0.01969	0.01333	0.01082	0.00343	0.01170	0.00992	0.01082	0.01829
9	0.01608	0.01206	0.01809	0.01809	0.02010	0.01407	0.01407	0.02010	0.01809	0.02613	0.03015	0.04422	0.02814	0.08441	0.55984	0.01809	0.03015	0.01206	0.00603	0.01005
10	0.01612	0.01190	0.01728	0.01728	0.01901	0.01363	0.01306	0.01958	0.01785	0.02553	0.03089	0.04832	0.02992	0.15699	0.48971	0.01709	0.02746	0.01266	0.00614	0.00960
11	0.62027	0.02150	0.01751	0.01533	0.02247	0.02437	0.01263	0.03527	0.02047	0.09991	0.01856	0.02030	0.01376	0.01080	0.00740	0.00348	0.00879	0.00662	0.00767	0.01289
12	0.37343	0.02340	0.02171	0.01811	0.02569	0.06684	0.01476	0.04289	0.02551	0.24743	0.02744	0.02656	0.01873	0.01195	0.00900	0.00343	0.01004	0.00831	0.00968	0.01508
13	0.01839	0.01209	0.01498	0.01521	0.01777	0.01089	0.01074	0.02076	0.02248	0.07241	0.05905	0.30411	0.12217	0.13766	0.02164	0.00536	0.00790	0.05085	0.00973	0.06579
14	0.02393	0.02374	0.02416	0.07427	0.03018	0.12919	0.04432	0.03202	0.10974	0.03118	0.03993	0.21986	0.04128	0.10248	0.01861	0.00485	0.01195	0.01812	0.00836	0.01183
15	0.02912	0.01537	0.01821	0.01598	0.02014	0.01615	0.01268	0.03637	0.07139	0.16092	0.03709	0.03924	0.02764	0.01421	0.01213	0.00319	0.06821	0.01083	0.37768	0.01346
16	0.02540	0.01297	0.01625	0.01443	0.01847	0.01195	0.01117	0.03047	0.02950	0.15880	0.27130	0.06106	0.06525	0.01799	0.01122	0.00326	0.00628	0.01535	0.20633	0.01255
17	0.03569	0.01668	0.02142	0.06974	0.02803	0.01623	0.01506	0.04297	0.06904	0.27994	0.03957	0.03909	0.02753	0.01351	0.01014	0.00324	0.00855	0.01103	0.23709	0.01544
18	0.01853	0.01014	0.01390	0.01390	0.01390	0.01014	0.00883	0.01521	0.01521	0.02028	0.02463	0.04681	0.02637	0.21963	0.04823	0.46126	0.01014	0.01188	0.00550	0.00550
19	0.04434	0.02904	0.03224	0.02472	0.03366	0.03121	0.02042	0.40787	0.04876	0.16565	0.03052	0.02929	0.02089	0.01360	0.01127	0.00340	0.01182	0.01037	0.01180	0.01914
20	0.08863	0.02151	0.02794	0.02088	0.02954	0.01937	0.05728	0.03164	0.02335	0.08075	0.02140	0.02492	0.01705	0.01033	0.01195	0.00253	0.07067	0.00794	0.00705	0.42525
21	0.02696	0.40408	0.04465	0.07655	0.03028	0.03428	0.01780	0.03138	0.02301	0.03044	0.02117	0.02507	0.01796	0.01064	0.00781	0.00260	0.01072	0.00752	0.16380	0.01329
22	0.68395	0.02177	0.01654	0.01480	0.02177	0.02525	0.01219	0.03309	0.01915	0.05050	0.01567	0.01828	0.01219	0.01045	0.00697	0.00348	0.00871	0.00609	0.00697	0.01219
23	0.02346	0.02256	0.03864	0.28678	0.19713	0.02574	0.06912	0.03012	0.02286	0.03128	0.02096	0.03015	0.01711	0.01790	0.06142	0.00499	0.07002	0.01045	0.00530	0.01402
24	0.01594	0.01160	0.01635	0.01657	0.01801	0.01293	0.01213	0.01888	0.01800	0.02539	0.03411	0.09880	0.03503	0.19706	0.39954	0.01530	0.02377	0.01476	0.00659	0.00924
25	0.01528	0.01148	0.01415	0.01348	0.01642	0.01034	0.01011	0.01999	0.03033	0.04151	0.42639	0.09004	0.21036	0.02436	0.01328	0.00360	0.00541	0.02119	0.01191	0.01034
26	0.03940	0.01633	0.02218	0.01871	0.02499	0.01431	0.01470	0.04304	0.02900	0.38723	0.04972	0.20683	0.04191	0.02036	0.01224	0.00381	0.00866	0.01755	0.01288	0.01613
27	0.04473	0.01999	0.02573	0.02027	0.02825	0.01863	0.01655	0.09000	0.07782	0.41271	0.08596	0.04174	0.03466	0.01482	0.01150	0.00351	0.00938	0.01215	0.01334	0.01827
28	0.62027	0.02150	0.01751	0.01533	0.02247	0.02437	0.01263	0.03527	0.02047	0.09991	0.01856	0.02030	0.01376	0.01080	0.00740	0.00348	0.00879	0.00662	0.00767	0.01289
29	0.68395	0.02177	0.01654	0.01480	0.02177	0.02525	0.01219	0.03309	0.01915	0.05050	0.01567	0.01828	0.01219	0.01045	0.00697	0.00348	0.00871	0.00609	0.00697	0.01219
30	0.02257	0.05822	0.54613	0.03208	0.04871	0.02614	0.04158	0.03564	0.02376	0.03564	0.02020	0.02376	0.01426	0.01069	0.01069	0.00356	0.01663	0.00832	0.00475	0.01663
31	0.03759	0.35245	0.04598	0.02074	0.03002	0.03577	0.01901	0.12926	0.03103	0.16197	0.02494	0.02479	0.01866	0.01144	0.00902	0.00286	0.01150	0.00813	0.00831	0.01652
32	0.03294	0.52859	0.05439	0.01937	0.02887	0.04063	0.01888	0.03665	0.02417	0.09843	0.01966	0.02088	0.01632	0.01023	0.00779	0.00256	0.01169	0.00676	0.00609	0.01510
33	0.01523	0.01114	0.01463	0.01687	0.01865	0.01055	0.01291	0.01846	0.02367	0.03072	0.06842	0.36188	0.13454	0.03284	0.01464	0.00468	0.00778	0.18234	0.01042	0.00963
34	0.01502	0.01137	0.01385	0.01345	0.01631	0.01020	0.01000	0.01940	0.02939	0.03978	0.37725	0.12351	0.22857	0.02540	0.01335	0.00368	0.00550	0.02209	0.01170	0.01020
35	0.03316	0.03614	0.25447	0.02507	0.03654	0.02124	0.02717	0.04383	0.07024	0.23164	0.07676	0.03627	0.02937	0.01342	0.01123	0.00355	0.01225	0.01092	0.00953	0.01717
36	0.01601	0.01181	0.01516	0.01519	0.01802	0.01097	0.01198	0.02089	0.02953	0.04020	0.35659	0.09760	0.16469	0.02571	0.01379	0.00395	0.00651	0.11940	0.01162	0.01038
37	0.02033	0.01176	0.01648	0.01593	0.01749	0.01229	0.01138	0.02079	0.01796	0.07017	0.02944	0.04726	0.02839	0.18084	0.24171	0.21252	0.01782	0.01227	0.00658	0.00860
38	0.35415	0.10885	0.02797	0.01934	0.02707	0.08561	0.01619	0.11624	0.02807	0.09473	0.02052	0.02186	0.01543	0.01131	0.00849	0.00325	0.01112	0.00740	0.00794	0.01445
39	0.01748	0.01228	0.01534	0.01611	0.01849	0.01218	0.01223	0.02417	0.07044	0.03786	0.19007	0.23520	0.07173	0.02607	0.01310	0.00405	0.00693	0.10281	0.10270	0.01077
40	0.02597	0.02661	0.12043	0.09135	0.15054	0.02042	0.02527	0.03289	0.02515	0.09730	0.06841	0.03436	0.02663	0.01905	0.06594	0.00464	0.01373	0.01038	0.00723	0.13371
41	0.02532	0.09488	0.34112	0.02869	0.04114	0.02862	0.03299	0.07362	0.02527	0.03682	0.01963	0.02364	0.01499	0.01189	0.01389	0.00347	0.09428	0.00834	0.00552	0.07587

[dist]
# distance from previous block
# <min> <max>
6	86

[block]
# block no. 13 follows, 11 sequences, length 29
# corresponding to MSA columns:
# 707-735
name=unknown_N
#
# <colnr> <probs for GDERKNQSTAVLIFYWHMCP>
#	G	D	E	R	K	N	Q	S	T	A	V	L	I	F	Y	W	H	M	C	P
0	0.08134	0.10110	0.09454	0.10109	0.03665	0.02354	0.02115	0.03951	0.06468	0.17469	0.06983	0.03386	0.02735	0.01267	0.01027	0.00326	0.01098	0.01011	0.00880	0.07459
1	0.08516	0.11562	0.07330	0.02149	0.02996	0.09453	0.01898	0.08411	0.06404	0.12980	0.07114	0.03159	0.02702	0.01262	0.00997	0.00305	0.01154	0.00956	0.00874	0.09779
2	0.18004	0.03124	0.11148	0.19014	0.04591	0.09405	0.02482	0.03796	0.06283	0.08607	0.02311	0.02678	0.01694	0.01160	0.01005	0.00353	0.01350	0.00881	0.00689	0.01424
3	0.02265	0.01786	0.01942	0.01786	0.02252	0.01902	0.01368	0.08053	0.20940	0.04343	0.13003	0.11843	0.14669	0.02083	0.01210	0.00372	0.00753	0.01767	0.06292	0.01372
4	0.01509	0.01111	0.01599	0.01708	0.01852	0.01201	0.01256	0.01825	0.01953	0.02722	0.04346	0.27504	0.04747	0.06389	0.33211	0.01245	0.02029	0.02038	0.00787	0.00967
5	0.02126	0.02001	0.03376	0.57739	0.07752	0.02501	0.03126	0.02876	0.02251	0.02876	0.02001	0.03001	0.01500	0.01125	0.01125	0.00375	0.01500	0.01000	0.00500	0.01250
6	0.01472	0.01050	0.01290	0.01404	0.01508	0.00988	0.00921	0.01662	0.02175	0.02894	0.11800	0.32848	0.11646	0.19952	0.02667	0.00622	0.00757	0.02510	0.00963	0.00869
7	0.29631	0.01923	0.02095	0.01723	0.02449	0.01924	0.01408	0.04206	0.02701	0.28584	0.09354	0.03612	0.03146	0.01369	0.00984	0.00349	0.00870	0.01039	0.01099	0.01534
8	0.04156	0.02946	0.03201	0.02498	0.03362	0.03236	0.02049	0.40033	0.11094	0.11009	0.03102	0.02998	0.02190	0.01378	0.01129	0.00344	0.01168	0.01058	0.01152	0.01897
9	0.02387	0.01326	0.01759	0.01551	0.01955	0.01198	0.01198	0.02896	0.03194	0.15925	0.41717	0.07356	0.08821	0.02092	0.01283	0.00353	0.00629	0.01828	0.01274	0.01258
10	0.68395	0.02177	0.01654	0.01480	0.02177	0.02525	0.01219	0.03309	0.01915	0.05050	0.01567	0.01828	0.01219	0.01045	0.00697	0.00348	0.00871	0.00609	0.00697	0.01219
11	0.03104	0.03114	0.11764	0.03820	0.04882	0.02606	0.29659	0.03935	0.02670	0.14394	0.02647	0.03077	0.01885	0.01138	0.01433	0.00378	0.05971	0.01195	0.00728	0.01600
12	0.03009	0.61122	0.05898	0.01926	0.02889	0.04454	0.01926	0.03370	0.02287	0.02648	0.01565	0.01805	0.01444	0.00963	0.00722	0.00241	0.01204	0.00602	0.00481	0.01444
13	0.02466	0.01253	0.01337	0.01252	0.01609	0.01257	0.00960	0.03201	0.06502	0.09496	0.03828	0.04158	0.02920	0.01338	0.00853	0.00281	0.00600	0.01076	0.54411	0.01201
14	0.03000	0.02708	0.05523	0.11155	0.05607	0.02596	0.35117	0.03835	0.02701	0.12230	0.02614	0.03168	0.01867	0.01048	0.01268	0.00374	0.01684	0.01252	0.00702	0.01552
15	0.01502	0.01074	0.01449	0.01664	0.01800	0.01021	0.01224	0.01815	0.02389	0.03200	0.12203	0.42228	0.07634	0.03271	0.01450	0.00458	0.00725	0.12862	0.01068	0.00962
16	0.02398	0.01184	0.01364	0.01288	0.01622	0.01127	0.00976	0.02879	0.02575	0.11506	0.10416	0.10086	0.04318	0.01667	0.00971	0.00306	0.00602	0.01398	0.42151	0.01166
17	0.01399	0.01001	0.01331	0.01548	0.01639	0.00933	0.01047	0.01637	0.02284	0.03078	0.12031	0.53298	0.07841	0.03373	0.01423	0.00444	0.00638	0.03054	0.01069	0.00933
18	0.01955	0.00978	0.01466	0.01466	0.01466	0.00978	0.00978	0.01466	0.01466	0.01955	0.01955	0.03421	0.01955	0.03910	0.04399	0.67253	0.00978	0.00978	0.00489	0.00489
19	0.02936	0.55746	0.10634	0.02050	0.03082	0.04275	0.02143	0.03389	0.02296	0.02737	0.01609	0.01861	0.01443	0.00973	0.00756	0.00252	0.01248	0.00624	0.00481	0.01466
