[name]
unknown

[dist]
# distance from previous block
# <min> <max>
0	14

[block]
# block no. 0 follows, 14 sequences, length 177
# corresponding to MSA columns:
# 14-190
name=unknown_A
#
# <colnr> <probs for GDERKNQSTAVLIFYWHMCP>
#	G	D	E	R	K	N	Q	S	T	A	V	L	I	F	Y	W	H	M	C	P
0	0.02797	0.02093	0.02524	0.09071	0.03224	0.02298	0.01940	0.27868	0.03543	0.04697	0.03545	0.06043	0.03321	0.01832	0.01179	0.00376	0.01085	0.20273	0.00928	0.01363
1	0.29927	0.02086	0.02324	0.06395	0.07143	0.02249	0.01650	0.10619	0.06365	0.18104	0.02493	0.02536	0.01761	0.01104	0.00876	0.00319	0.00936	0.00823	0.00854	0.01437
2	0.29282	0.20054	0.17985	0.01975	0.02905	0.06886	0.02067	0.03171	0.02034	0.03498	0.01550	0.01809	0.01233	0.00946	0.00753	0.00289	0.01145	0.00616	0.00520	0.01281
3	0.03004	0.30604	0.13330	0.02124	0.03017	0.10854	0.02084	0.03780	0.08576	0.10323	0.02194	0.02266	0.01692	0.01032	0.00844	0.00272	0.01208	0.00736	0.00633	0.01427
4	0.02470	0.02367	0.04039	0.12733	0.51648	0.02420	0.03115	0.03088	0.02303	0.03267	0.01918	0.02563	0.01595	0.00927	0.01017	0.00309	0.01236	0.00914	0.00502	0.01569
5	0.01250	0.00893	0.01191	0.01429	0.01488	0.00834	0.00953	0.01429	0.01965	0.02620	0.05656	0.63265	0.06787	0.03215	0.01310	0.00417	0.00595	0.02917	0.00953	0.00834
6	0.01443	0.01171	0.01887	0.01860	0.02067	0.01101	0.08146	0.01740	0.02061	0.02749	0.05154	0.50631	0.06005	0.02865	0.01306	0.00412	0.00779	0.06813	0.00893	0.00917
7	0.02684	0.59429	0.09982	0.01857	0.02790	0.03916	0.01932	0.03088	0.02092	0.02487	0.01463	0.01691	0.01315	0.00886	0.00686	0.00229	0.01134	0.00567	0.00438	0.01334
8	0.02422	0.02768	0.06055	0.04325	0.05363	0.02595	0.53806	0.03287	0.02422	0.03287	0.02076	0.02768	0.01557	0.00865	0.01211	0.00346	0.01730	0.01211	0.00519	0.01384
9	0.01234	0.01040	0.01068	0.01061	0.01399	0.00875	0.00796	0.01513	0.02388	0.02888	0.14426	0.09685	0.53015	0.02556	0.01213	0.00344	0.00517	0.02139	0.00968	0.00875
10	0.01492	0.00995	0.01119	0.01119	0.01119	0.00995	0.00622	0.01492	0.01492	0.01990	0.03233	0.06716	0.03731	0.63935	0.05223	0.00995	0.00995	0.01492	0.00622	0.00622
11	0.03833	0.04891	0.02908	0.02644	0.03173	0.59815	0.01983	0.04098	0.02908	0.02512	0.01586	0.01851	0.01322	0.01058	0.00925	0.00264	0.01851	0.00661	0.00529	0.01190
12	0.01250	0.00893	0.01191	0.01429	0.01488	0.00834	0.00953	0.01429	0.01965	0.02620	0.05656	0.63265	0.06787	0.03215	0.01310	0.00417	0.00595	0.02917	0.00953	0.00834
13	0.02540	0.02438	0.04165	0.06299	0.57533	0.02438	0.03149	0.03149	0.02337	0.03353	0.01930	0.02540	0.01626	0.00914	0.01016	0.00305	0.01219	0.00914	0.00508	0.01626
14	0.01492	0.00995	0.01119	0.01119	0.01119	0.00995	0.00622	0.01492	0.01492	0.01990	0.03233	0.06716	0.03731	0.63935	0.05223	0.00995	0.00995	0.01492	0.00622	0.00622
15	0.02475	0.02116	0.02263	0.02071	0.02622	0.02434	0.01627	0.05165	0.51068	0.04187	0.04286	0.04499	0.03372	0.01517	0.01076	0.00359	0.00824	0.05438	0.01036	0.01566
16	0.09707	0.02078	0.02505	0.01936	0.02725	0.02035	0.01599	0.18433	0.03365	0.39649	0.03402	0.03063	0.02207	0.01234	0.00999	0.00315	0.00938	0.00964	0.01152	0.01696
17	0.02540	0.02438	0.04165	0.06299	0.57533	0.02438	0.03149	0.03149	0.02337	0.03353	0.01930	0.02540	0.01626	0.00914	0.01016	0.00305	0.01219	0.00914	0.00508	0.01626
18	0.02794	0.02795	0.05307	0.03831	0.04815	0.02743	0.40761	0.16073	0.03027	0.04087	0.02174	0.02692	0.01604	0.00957	0.01165	0.00336	0.01579	0.01139	0.00647	0.01475
19	0.01250	0.00893	0.01191	0.01429	0.01488	0.00834	0.00953	0.01429	0.01965	0.02620	0.05656	0.63265	0.06787	0.03215	0.01310	0.00417	0.00595	0.02917	0.00953	0.00834
20	0.08878	0.02037	0.02154	0.01782	0.02382	0.08366	0.01421	0.08137	0.02993	0.28020	0.18067	0.04222	0.04192	0.01446	0.01037	0.00312	0.00895	0.01169	0.01073	0.01416
21	0.02032	0.01920	0.03247	0.52868	0.14935	0.02305	0.02897	0.02704	0.02096	0.02736	0.01841	0.02705	0.01408	0.01009	0.01024	0.00336	0.01345	0.00912	0.00464	0.01216
22	0.03937	0.02387	0.02726	0.02137	0.02912	0.02514	0.01750	0.29917	0.11898	0.23859	0.03266	0.03023	0.02228	0.01269	0.01031	0.00317	0.00993	0.00997	0.01113	0.01727
23	0.04460	0.01978	0.02525	0.01936	0.02735	0.01853	0.01599	0.15102	0.03325	0.47594	0.03723	0.03281	0.02377	0.01262	0.01031	0.00316	0.00926	0.01010	0.01220	0.01746
24	0.02483	0.02012	0.02963	0.11151	0.14435	0.05799	0.07976	0.03022	0.02584	0.11676	0.16889	0.04471	0.07287	0.01398	0.01099	0.00321	0.01058	0.01270	0.00807	0.01302
25	0.02540	0.02438	0.04165	0.06299	0.57533	0.02438	0.03149	0.03149	0.02337	0.03353	0.01930	0.02540	0.01626	0.00914	0.01016	0.00305	0.01219	0.00914	0.00508	0.01626
26	0.02256	0.01172	0.01231	0.01133	0.01458	0.01184	0.00874	0.07030	0.02433	0.07508	0.03316	0.03687	0.02548	0.01203	0.00764	0.00250	0.00560	0.00958	0.59360	0.01075
27	0.01964	0.04793	0.51921	0.02750	0.04097	0.02203	0.03460	0.03038	0.02143	0.03176	0.02286	0.09292	0.01940	0.01236	0.01014	0.00336	0.01409	0.01010	0.00494	0.01437
28	0.02876	0.02210	0.03647	0.13198	0.39170	0.02226	0.02772	0.03453	0.02419	0.14461	0.02348	0.02762	0.01776	0.01003	0.01021	0.00313	0.01170	0.00938	0.00656	0.01581
29	0.02185	0.16303	0.48737	0.02708	0.04106	0.02695	0.03414	0.03217	0.02151	0.03095	0.01765	0.02070	0.01303	0.00957	0.00916	0.00305	0.01439	0.00719	0.00434	0.01480
30	0.02058	0.05308	0.58618	0.02925	0.04442	0.02383	0.03792	0.03250	0.02167	0.03250	0.01842	0.02167	0.01300	0.00975	0.00975	0.00325	0.01517	0.00758	0.00433	0.01517
31	0.02617	0.02406	0.03892	0.13285	0.44385	0.02504	0.02969	0.09021	0.02588	0.03617	0.01978	0.02557	0.01605	0.00966	0.01019	0.00310	0.01229	0.00915	0.00561	0.01574
32	0.08727	0.06999	0.06467	0.02037	0.02848	0.08854	0.01773	0.11868	0.03022	0.32609	0.03008	0.02800	0.02010	0.01170	0.00961	0.00303	0.01079	0.00887	0.00988	0.01591
33	0.02081	0.04067	0.35686	0.02485	0.03478	0.09718	0.02785	0.02876	0.02213	0.02981	0.02831	0.18523	0.02776	0.01587	0.01058	0.00341	0.01314	0.01325	0.00586	0.01289
34	0.02540	0.02438	0.04165	0.06299	0.57533	0.02438	0.03149	0.03149	0.02337	0.03353	0.01930	0.02540	0.01626	0.00914	0.01016	0.00305	0.01219	0.00914	0.00508	0.01626
35	0.02565	0.01545	0.01868	0.01707	0.02123	0.01533	0.01293	0.12214	0.06331	0.15732	0.04932	0.31272	0.08062	0.02256	0.01172	0.00365	0.00765	0.01965	0.01043	0.01259
36	0.02540	0.02438	0.04165	0.06299	0.57533	0.02438	0.03149	0.03149	0.02337	0.03353	0.01930	0.02540	0.01626	0.00914	0.01016	0.00305	0.01219	0.00914	0.00508	0.01626
37	0.01436	0.01035	0.01226	0.01178	0.01451	0.00937	0.00884	0.01853	0.02651	0.03687	0.37046	0.07867	0.22797	0.02140	0.01154	0.00320	0.00494	0.01842	0.09066	0.00937
38	0.02540	0.02438	0.04165	0.06299	0.57533	0.02438	0.03149	0.03149	0.02337	0.03353	0.01930	0.02540	0.01626	0.00914	0.01016	0.00305	0.01219	0.00914	0.00508	0.01626
39	0.02310	0.02140	0.03392	0.12537	0.35859	0.02247	0.02621	0.03227	0.10351	0.03311	0.02691	0.09844	0.02421	0.01270	0.01056	0.00329	0.01105	0.01185	0.00634	0.01467
40	0.04604	0.01746	0.02382	0.01826	0.02620	0.01508	0.01508	0.05001	0.02937	0.58244	0.04049	0.03493	0.02540	0.01270	0.01032	0.00318	0.00873	0.01032	0.01270	0.01746
41	0.01302	0.01068	0.01164	0.01212	0.01536	0.00930	0.00957	0.01605	0.02344	0.02833	0.09388	0.10221	0.46716	0.02647	0.01254	0.00372	0.00606	0.12008	0.00951	0.00882
42	0.02114	0.04974	0.52268	0.03318	0.10633	0.02390	0.03717	0.03238	0.02186	0.03262	0.01852	0.02210	0.01338	0.00968	0.00980	0.00323	0.01482	0.00777	0.00442	0.01529
43	0.02650	0.02683	0.03945	0.09622	0.47764	0.09119	0.02993	0.03224	0.02384	0.03205	0.01883	0.02473	0.01573	0.00939	0.01006	0.00303	0.01303	0.00885	0.00507	0.01542
44	0.61856	0.10512	0.02036	0.01405	0.02073	0.02542	0.01199	0.03024	0.01793	0.04306	0.01429	0.01664	0.01139	0.00942	0.00638	0.00304	0.00835	0.00555	0.00608	0.01139
45	0.03833	0.04891	0.02908	0.02644	0.03173	0.59815	0.01983	0.04098	0.02908	0.02512	0.01586	0.01851	0.01322	0.01058	0.00925	0.00264	0.01851	0.00661	0.00529	0.01190
46	0.01568	0.01288	0.01534	0.01549	0.01845	0.01322	0.01239	0.02189	0.08445	0.02968	0.07035	0.11623	0.27761	0.02849	0.05440	0.00479	0.04960	0.14013	0.00900	0.00993
47	0.02247	0.21623	0.43956	0.02603	0.03944	0.02845	0.03231	0.03201	0.02144	0.03020	0.01727	0.02023	0.01305	0.00948	0.00888	0.00296	0.01401	0.00701	0.00435	0.01462
48	0.71184	0.01985	0.01508	0.01350	0.01985	0.02302	0.01111	0.03017	0.01746	0.04604	0.01429	0.01667	0.01111	0.00953	0.00635	0.00318	0.00794	0.00556	0.00635	0.01111
49	0.04604	0.01746	0.02382	0.01826	0.02620	0.01508	0.01508	0.05001	0.02937	0.58244	0.04049	0.03493	0.02540	0.01270	0.01032	0.00318	0.00873	0.01032	0.01270	0.01746
50	0.02502	0.02399	0.04096	0.09800	0.54331	0.02428	0.03130	0.03116	0.02319	0.03306	0.01924	0.02552	0.01609	0.00921	0.01017	0.00307	0.01229	0.00914	0.00505	0.01595
51	0.01213	0.01040	0.01040	0.01040	0.01386	0.00866	0.00780	0.01473	0.02339	0.02772	0.10396	0.09876	0.57117	0.02599	0.01213	0.00347	0.00520	0.02166	0.00953	0.00866
52	0.01627	0.01337	0.01959	0.01866	0.02011	0.01668	0.01482	0.01965	0.01633	0.02400	0.02458	0.03661	0.02313	0.06474	0.48163	0.01401	0.15036	0.01058	0.00529	0.00959
53	0.04604	0.01746	0.02382	0.01826	0.02620	0.01508	0.01508	0.05001	0.02937	0.58244	0.04049	0.03493	0.02540	0.01270	0.01032	0.00318	0.00873	0.01032	0.01270	0.01746
54	0.02457	0.02617	0.05053	0.03725	0.04640	0.02584	0.39801	0.03869	0.16716	0.03557	0.02640	0.03053	0.01980	0.01007	0.01166	0.00347	0.01484	0.01197	0.00660	0.01449
55	0.03394	0.28956	0.03904	0.02286	0.02955	0.37326	0.01891	0.03684	0.02576	0.02472	0.01522	0.01768	0.01320	0.00985	0.00818	0.00246	0.01547	0.00616	0.00493	0.01241
56	0.04498	0.01918	0.02488	0.01907	0.02705	0.01762	0.01575	0.12455	0.03224	0.50385	0.03808	0.03337	0.02420	0.01264	0.01031	0.00316	0.00912	0.01016	0.01233	0.01746
57	0.01213	0.01040	0.01040	0.01040	0.01386	0.00866	0.00780	0.01473	0.02339	0.02772	0.10396	0.09876	0.57117	0.02599	0.01213	0.00347	0.00520	0.02166	0.00953	0.00866
58	0.01938	0.01824	0.03078	0.61468	0.07068	0.02280	0.02850	0.02622	0.02052	0.02622	0.01824	0.02736	0.01368	0.01026	0.01026	0.00342	0.01368	0.00912	0.00456	0.01140
59	0.02540	0.02438	0.04165	0.06299	0.57533	0.02438	0.03149	0.03149	0.02337	0.03353	0.01930	0.02540	0.01626	0.00914	0.01016	0.00305	0.01219	0.00914	0.00508	0.01626
60	0.02499	0.02397	0.04092	0.10013	0.54136	0.02428	0.03129	0.03114	0.02318	0.03303	0.01923	0.02553	0.01608	0.00922	0.01017	0.00307	0.01229	0.00914	0.00504	0.01593
61	0.03529	0.03825	0.02834	0.02493	0.03011	0.36460	0.01929	0.08482	0.10222	0.06847	0.02158	0.02334	0.01694	0.01219	0.01243	0.00305	0.08600	0.00805	0.00684	0.01328
62	0.02058	0.05308	0.58618	0.02925	0.04442	0.02383	0.03792	0.03250	0.02167	0.03250	0.01842	0.02167	0.01300	0.00975	0.00975	0.00325	0.01517	0.00758	0.00433	0.01517
63	0.12407	0.02533	0.04198	0.03111	0.03990	0.06387	0.28480	0.03784	0.02509	0.18617	0.02499	0.02754	0.01752	0.01003	0.01063	0.00328	0.01375	0.01033	0.00743	0.01434
64	0.01250	0.00893	0.01191	0.01429	0.01488	0.00834	0.00953	0.01429	0.01965	0.02620	0.05656	0.63265	0.06787	0.03215	0.01310	0.00417	0.00595	0.02917	0.00953	0.00834
65	0.03833	0.04891	0.02908	0.02644	0.03173	0.59815	0.01983	0.04098	0.02908	0.02512	0.01586	0.01851	0.01322	0.01058	0.00925	0.00264	0.01851	0.00661	0.00529	0.01190
66	0.01495	0.01099	0.01597	0.01693	0.01877	0.01201	0.01351	0.01870	0.01891	0.02607	0.03858	0.13102	0.04016	0.05780	0.36279	0.01168	0.01980	0.15513	0.00710	0.00915
67	0.01411	0.01008	0.01376	0.01613	0.01743	0.00972	0.01233	0.01707	0.02124	0.02800	0.05567	0.42616	0.06435	0.03063	0.01353	0.00439	0.00735	0.21976	0.00950	0.00878
68	0.02276	0.02222	0.03935	0.28960	0.30510	0.02391	0.08933	0.02947	0.02229	0.03042	0.01903	0.02648	0.01511	0.00955	0.01043	0.00325	0.01340	0.00948	0.00488	0.01396
69	0.01250	0.00893	0.01191	0.01429	0.01488	0.00834	0.00953	0.01429	0.01965	0.02620	0.05656	0.63265	0.06787	0.03215	0.01310	0.00417	0.00595	0.02917	0.00953	0.00834
70	0.13926	0.01780	0.02259	0.01759	0.02531	0.01619	0.01453	0.04723	0.02770	0.50734	0.03682	0.03237	0.02340	0.01226	0.00976	0.00318	0.00862	0.00965	0.01181	0.01658
71	0.03901	0.02874	0.03080	0.02361	0.03182	0.03182	0.01951	0.54111	0.04825	0.06468	0.02464	0.02464	0.01745	0.01232	0.01027	0.00308	0.01129	0.00924	0.01027	0.01745
72	0.01938	0.01824	0.03078	0.61468	0.07068	0.02280	0.02850	0.02622	0.02052	0.02622	0.01824	0.02736	0.01368	0.01026	0.01026	0.00342	0.01368	0.00912	0.00456	0.01140
73	0.01250	0.00893	0.01191	0.01429	0.01488	0.00834	0.00953	0.01429	0.01965	0.02620	0.05656	0.63265	0.06787	0.03215	0.01310	0.00417	0.00595	0.02917	0.00953	0.00834
74	0.02744	0.64552	0.05378	0.01756	0.02634	0.04061	0.01756	0.03073	0.02085	0.02414	0.01427	0.01646	0.01317	0.00878	0.00658	0.00219	0.01097	0.00549	0.00439	0.01317
75	0.23695	0.01815	0.02131	0.01689	0.02438	0.01736	0.01394	0.04432	0.02596	0.42864	0.03297	0.02969	0.02131	0.01179	0.00918	0.00318	0.00850	0.00895	0.01088	0.01564
76	0.01647	0.01253	0.01540	0.01432	0.01734	0.01249	0.01084	0.02559	0.12243	0.04147	0.47647	0.06987	0.08524	0.01973	0.01181	0.00327	0.00542	0.01733	0.01115	0.01084
77	0.01452	0.01049	0.01372	0.01291	0.01533	0.00968	0.00968	0.01937	0.02905	0.04115	0.56992	0.07666	0.09683	0.02098	0.01210	0.00323	0.00484	0.01856	0.01130	0.00968
78	0.04057	0.02625	0.02925	0.02243	0.03058	0.02812	0.01853	0.43237	0.04407	0.17933	0.02815	0.02692	0.01921	0.01240	0.01028	0.00310	0.01073	0.00948	0.01081	0.01745
79	0.01938	0.01824	0.03078	0.61468	0.07068	0.02280	0.02850	0.02622	0.02052	0.02622	0.01824	0.02736	0.01368	0.01026	0.01026	0.00342	0.01368	0.00912	0.00456	0.01140
80	0.01250	0.00893	0.01191	0.01429	0.01488	0.00834	0.00953	0.01429	0.01965	0.02620	0.05656	0.63265	0.06787	0.03215	0.01310	0.00417	0.00595	0.02917	0.00953	0.00834
81	0.02248	0.21702	0.43885	0.02601	0.03941	0.02847	0.03228	0.03201	0.02144	0.03019	0.01727	0.02023	0.01305	0.00948	0.00887	0.00296	0.01401	0.00700	0.00435	0.01461
82	0.02629	0.02287	0.02634	0.02265	0.02893	0.02596	0.05352	0.08387	0.48669	0.04359	0.03919	0.03667	0.02933	0.01345	0.01055	0.00345	0.00897	0.01149	0.01006	0.01615
83	0.02422	0.02768	0.06055	0.04325	0.05363	0.02595	0.53806	0.03287	0.02422	0.03287	0.02076	0.02768	0.01557	0.00865	0.01211	0.00346	0.01730	0.01211	0.00519	0.01384
84	0.04434	0.01782	0.02437	0.01889	0.02625	0.01626	0.01562	0.04818	0.02839	0.54216	0.03853	0.03403	0.02454	0.01308	0.01201	0.00327	0.05292	0.01022	0.01211	0.01701
85	0.02540	0.02438	0.04165	0.06299	0.57533	0.02438	0.03149	0.03149	0.02337	0.03353	0.01930	0.02540	0.01626	0.00914	0.01016	0.00305	0.01219	0.00914	0.00508	0.01626
86	0.01654	0.01181	0.01654	0.01890	0.02126	0.01181	0.01654	0.02126	0.02362	0.03071	0.05433	0.11576	0.05906	0.02835	0.01417	0.00472	0.00945	0.50626	0.00945	0.00945
87	0.03089	0.03772	0.04568	0.03530	0.04328	0.29646	0.29307	0.03670	0.02652	0.02921	0.01845	0.02334	0.01446	0.00956	0.01076	0.00307	0.01787	0.00951	0.00524	0.01292
88	0.02009	0.01277	0.01662	0.01726	0.02056	0.01239	0.01431	0.02580	0.06178	0.10510	0.05860	0.15731	0.12337	0.02533	0.01298	0.00419	0.00827	0.28251	0.00998	0.01078
89	0.01386	0.01046	0.01280	0.01221	0.01492	0.00940	0.00916	0.01808	0.02748	0.03744	0.44098	0.08277	0.22809	0.02237	0.01211	0.00329	0.00494	0.01942	0.01081	0.00940
90	0.09411	0.04122	0.03360	0.02812	0.03461	0.40734	0.11144	0.07309	0.02853	0.03104	0.01721	0.02041	0.01375	0.01026	0.00958	0.00287	0.01688	0.00768	0.00571	0.01256
91	0.02718	0.02756	0.10319	0.05328	0.43838	0.02420	0.03030	0.06824	0.02530	0.07288	0.02101	0.02556	0.01658	0.00968	0.01013	0.00308	0.01224	0.00905	0.00587	0.01629
92	0.03795	0.12018	0.03227	0.02350	0.03038	0.29820	0.01888	0.17905	0.03331	0.10093	0.02095	0.02184	0.01580	0.01106	0.00930	0.00277	0.01435	0.00762	0.00741	0.01426
93	0.01654	0.01181	0.01654	0.01890	0.02126	0.01181	0.01654	0.02126	0.02362	0.03071	0.05433	0.11576	0.05906	0.02835	0.01417	0.00472	0.00945	0.50626	0.00945	0.00945
94	0.03741	0.02260	0.02991	0.02294	0.03074	0.02279	0.07739	0.22456	0.07198	0.25672	0.06816	0.03339	0.02659	0.01273	0.01064	0.00320	0.01036	0.01078	0.01069	0.01643
95	0.47546	0.02276	0.02245	0.02241	0.08767	0.07216	0.05071	0.03066	0.02046	0.04151	0.05559	0.02294	0.01840	0.01034	0.00786	0.00314	0.00977	0.00746	0.00639	0.01187
96	0.01241	0.01041	0.01078	0.01069	0.01403	0.00878	0.00802	0.01527	0.02405	0.02929	0.15830	0.09618	0.51585	0.02541	0.01213	0.00344	0.00516	0.02130	0.00974	0.00878
97	0.01452	0.01049	0.01372	0.01291	0.01533	0.00968	0.00968	0.01937	0.02905	0.04115	0.56992	0.07666	0.09683	0.02098	0.01210	0.00323	0.00484	0.01856	0.01130	0.00968
98	0.02498	0.02396	0.04090	0.10128	0.54031	0.02427	0.03129	0.03113	0.02317	0.03302	0.01923	0.02553	0.01608	0.00922	0.01017	0.00307	0.01229	0.00914	0.00504	0.01592
99	0.03730	0.03240	0.09494	0.02412	0.03289	0.07479	0.02137	0.40793	0.04231	0.09371	0.02431	0.02452	0.01715	0.01191	0.01013	0.00307	0.01214	0.00891	0.00935	0.01674
100	0.01250	0.00893	0.01191	0.01429	0.01488	0.00834	0.00953	0.01429	0.01965	0.02620	0.05656	0.63265	0.06787	0.03215	0.01310	0.00417	0.00595	0.02917	0.00953	0.00834
101	0.02328	0.28611	0.37676	0.02465	0.03731	0.03043	0.02991	0.03180	0.02135	0.02921	0.01678	0.01962	0.01307	0.00937	0.00850	0.00283	0.01352	0.00676	0.00436	0.01438
102	0.02623	0.02331	0.03657	0.08468	0.32581	0.02406	0.06283	0.13489	0.02796	0.03859	0.02479	0.09635	0.02230	0.01252	0.01067	0.00324	0.01175	0.01171	0.00665	0.01508
103	0.04260	0.02299	0.02724	0.02088	0.02895	0.02328	0.01725	0.29057	0.03862	0.32882	0.03272	0.02989	0.02151	0.01251	0.01029	0.00313	0.00999	0.00979	0.01151	0.01746
104	0.01386	0.00990	0.01346	0.01584	0.01703	0.00950	0.01188	0.01663	0.02098	0.02771	0.05581	0.45908	0.06491	0.03087	0.01346	0.00435	0.00713	0.18938	0.00950	0.00871
105	0.03273	0.07707	0.08186	0.07603	0.21127	0.10013	0.02419	0.03804	0.02541	0.19728	0.02470	0.02646	0.01791	0.01051	0.00977	0.00301	0.01226	0.00873	0.00726	0.01536
106	0.03116	0.11525	0.02787	0.01889	0.02562	0.02424	0.01568	0.15983	0.14897	0.15597	0.09877	0.03932	0.06592	0.01409	0.01009	0.00310	0.00887	0.01129	0.00999	0.01507
107	0.03628	0.04573	0.02771	0.02547	0.03039	0.55122	0.01901	0.03885	0.02833	0.02520	0.01910	0.06737	0.01757	0.01229	0.00956	0.00276	0.01751	0.00840	0.00562	0.01161
108	0.03716	0.11560	0.03221	0.02500	0.03111	0.45216	0.01952	0.11129	0.03086	0.03066	0.01693	0.01914	0.01382	0.01062	0.00909	0.00265	0.01660	0.00685	0.00589	0.01284
109	0.01246	0.00910	0.01173	0.01384	0.01477	0.00837	0.00932	0.01434	0.02008	0.02637	0.06209	0.57039	0.12657	0.03143	0.01299	0.00409	0.00587	0.02830	0.00953	0.00837
110	0.02058	0.05308	0.58618	0.02925	0.04442	0.02383	0.03792	0.03250	0.02167	0.03250	0.01842	0.02167	0.01300	0.00975	0.00975	0.00325	0.01517	0.00758	0.00433	0.01517
111	0.02608	0.02341	0.03813	0.08973	0.37070	0.02407	0.06796	0.03636	0.11796	0.06564	0.02452	0.02854	0.01921	0.01023	0.01038	0.00319	0.01179	0.00988	0.00643	0.01579
112	0.01781	0.01140	0.01436	0.01347	0.01677	0.01026	0.01047	0.02202	0.02730	0.10024	0.35481	0.08033	0.19596	0.02182	0.01208	0.00341	0.00578	0.06050	0.01089	0.01033
113	0.04251	0.01856	0.02416	0.01906	0.02656	0.01715	0.01583	0.11637	0.03152	0.46214	0.03946	0.04048	0.02720	0.01400	0.01065	0.00330	0.00915	0.05306	0.01208	0.01677
114	0.03092	0.03651	0.19028	0.02440	0.03309	0.15645	0.02377	0.10869	0.06540	0.11658	0.02773	0.03541	0.02213	0.01319	0.01035	0.00326	0.01330	0.06642	0.00764	0.01447
115	0.02833	0.02792	0.02449	0.02210	0.02779	0.15080	0.01703	0.05157	0.44135	0.03903	0.03610	0.03396	0.02736	0.01319	0.01018	0.00330	0.01039	0.01051	0.00931	0.01529
116	0.01654	0.01181	0.01654	0.01890	0.02126	0.01181	0.01654	0.02126	0.02362	0.03071	0.05433	0.11576	0.05906	0.02835	0.01417	0.00472	0.00945	0.50626	0.00945	0.00945
117	0.02659	0.33216	0.14895	0.02140	0.03043	0.08201	0.02144	0.03752	0.14683	0.03025	0.02164	0.02275	0.01738	0.01033	0.00834	0.00274	0.01178	0.00742	0.00587	0.01417
118	0.02259	0.02617	0.08586	0.04218	0.15000	0.02307	0.33174	0.03001	0.02325	0.03205	0.02526	0.11033	0.02275	0.01207	0.01170	0.00346	0.01459	0.01358	0.00571	0.01364
119	0.01492	0.00995	0.01119	0.01119	0.01119	0.00995	0.00622	0.01492	0.01492	0.01990	0.03233	0.06716	0.03731	0.63935	0.05223	0.00995	0.00995	0.01492	0.00622	0.00622
120	0.02058	0.05308	0.58618	0.02925	0.04442	0.02383	0.03792	0.03250	0.02167	0.03250	0.01842	0.02167	0.01300	0.00975	0.00975	0.00325	0.01517	0.00758	0.00433	0.01517
121	0.02270	0.02163	0.03679	0.30997	0.34941	0.02367	0.03015	0.02913	0.02209	0.03026	0.01883	0.02628	0.01510	0.00964	0.01020	0.00321	0.01286	0.00913	0.00485	0.01408
122	0.02422	0.02768	0.06055	0.04325	0.05363	0.02595	0.53806	0.03287	0.02422	0.03287	0.02076	0.02768	0.01557	0.00865	0.01211	0.00346	0.01730	0.01211	0.00519	0.01384
123	0.01475	0.00988	0.01124	0.01141	0.01145	0.00983	0.00645	0.01488	0.01526	0.02035	0.03406	0.10733	0.03948	0.59621	0.04945	0.00954	0.00967	0.01594	0.00645	0.00637
124	0.02058	0.05308	0.58618	0.02925	0.04442	0.02383	0.03792	0.03250	0.02167	0.03250	0.01842	0.02167	0.01300	0.00975	0.00975	0.00325	0.01517	0.00758	0.00433	0.01517
125	0.03677	0.13641	0.03300	0.02477	0.03093	0.44814	0.01945	0.09776	0.03008	0.02958	0.01665	0.01891	0.01371	0.01051	0.00897	0.00263	0.01653	0.00675	0.00573	0.01274
126	0.01250	0.00893	0.01191	0.01429	0.01488	0.00834	0.00953	0.01429	0.01965	0.02620	0.05656	0.63265	0.06787	0.03215	0.01310	0.00417	0.00595	0.02917	0.00953	0.00834
127	0.02744	0.64552	0.05378	0.01756	0.02634	0.04061	0.01756	0.03073	0.02085	0.02414	0.01427	0.01646	0.01317	0.00878	0.00658	0.00219	0.01097	0.00549	0.00439	0.01317
128	0.01388	0.00999	0.01314	0.01335	0.01519	0.00925	0.00963	0.01774	0.02604	0.03637	0.40568	0.25453	0.08757	0.02455	0.01242	0.00353	0.00520	0.02195	0.01073	0.00925
129	0.02422	0.02768	0.06055	0.04325	0.05363	0.02595	0.53806	0.03287	0.02422	0.03287	0.02076	0.02768	0.01557	0.00865	0.01211	0.00346	0.01730	0.01211	0.00519	0.01384
130	0.02830	0.02342	0.02477	0.02145	0.02774	0.02682	0.01691	0.15461	0.45219	0.04740	0.03824	0.03548	0.02847	0.01359	0.01041	0.00340	0.00877	0.01112	0.01041	0.01649
131	0.02419	0.08241	0.27985	0.03381	0.04591	0.02660	0.24467	0.07652	0.02498	0.03484	0.01964	0.02408	0.01448	0.00944	0.01056	0.00325	0.01543	0.00948	0.00521	0.01467
132	0.01451	0.01000	0.01208	0.01210	0.01295	0.00968	0.00771	0.01627	0.01999	0.02743	0.20715	0.13614	0.05992	0.37071	0.03483	0.00712	0.00785	0.01775	0.00823	0.00757
133	0.01470	0.01060	0.01396	0.01343	0.01584	0.00987	0.01028	0.01953	0.02858	0.04025	0.52533	0.08004	0.09356	0.02162	0.01228	0.00336	0.00524	0.06074	0.01114	0.00966
134	0.10393	0.28588	0.30689	0.02274	0.03433	0.03044	0.02666	0.03152	0.02085	0.03074	0.01628	0.01900	0.01285	0.00934	0.00809	0.00282	0.01265	0.00651	0.00459	0.01390
135	0.07553	0.17631	0.11028	0.02939	0.03894	0.07922	0.20527	0.10299	0.02640	0.03542	0.01863	0.02238	0.01446	0.00954	0.00964	0.00300	0.01420	0.00871	0.00569	0.01398
136	0.03596	0.01523	0.02058	0.01655	0.02272	0.01336	0.01336	0.04021	0.02927	0.40927	0.20986	0.04828	0.04825	0.01535	0.01089	0.00319	0.00749	0.01296	0.01225	0.01497
137	0.01654	0.01181	0.01654	0.01890	0.02126	0.01181	0.01654	0.02126	0.02362	0.03071	0.05433	0.11576	0.05906	0.02835	0.01417	0.00472	0.00945	0.50626	0.00945	0.00945
138	0.45808	0.02590	0.02286	0.01908	0.02588	0.10427	0.05115	0.11669	0.02466	0.04531	0.01668	0.01903	0.01277	0.01007	0.00781	0.00311	0.01062	0.00678	0.00677	0.01247
139	0.03873	0.03934	0.09236	0.02415	0.03144	0.34464	0.02042	0.04288	0.02831	0.20428	0.02404	0.02413	0.01709	0.01116	0.00965	0.00288	0.01499	0.00791	0.00755	0.01406
140	0.02632	0.02619	0.04637	0.03455	0.04336	0.02651	0.32796	0.09835	0.17973	0.03946	0.02724	0.03037	0.02031	0.01059	0.01142	0.00342	0.01397	0.01163	0.00729	0.01495
141	0.03685	0.01919	0.02344	0.01894	0.02580	0.01904	0.01531	0.11372	0.14940	0.32923	0.10037	0.03915	0.03398	0.01389	0.01055	0.00324	0.00849	0.01142	0.01171	0.01628
142	0.03883	0.02262	0.02497	0.01984	0.02686	0.06982	0.01608	0.19366	0.03502	0.30166	0.10768	0.03623	0.03194	0.01356	0.01046	0.00311	0.00981	0.01083	0.01113	0.01589
143	0.01873	0.01529	0.01632	0.01700	0.01862	0.07944	0.01216	0.02081	0.02114	0.06612	0.04723	0.46931	0.05410	0.02710	0.01409	0.00394	0.05652	0.02357	0.00886	0.00964
144	0.03411	0.02560	0.02765	0.02195	0.02912	0.02829	0.01786	0.40641	0.12320	0.05863	0.09083	0.03278	0.02881	0.01357	0.01051	0.00316	0.01006	0.01068	0.01041	0.01636
145	0.02553	0.02204	0.02320	0.02088	0.02669	0.02553	0.01624	0.05453	0.55679	0.04293	0.04177	0.03829	0.03133	0.01392	0.01044	0.00348	0.00812	0.01160	0.01044	0.01624
146	0.02128	0.01824	0.02128	0.01520	0.02432	0.01368	0.01216	0.02584	0.02128	0.03344	0.01824	0.02128	0.01520	0.00760	0.00760	0.00152	0.00760	0.00608	0.00608	0.70208
147	0.02086	0.03903	0.35832	0.02358	0.03631	0.01974	0.02753	0.02981	0.02151	0.03288	0.01835	0.02151	0.01389	0.00888	0.00888	0.00255	0.01211	0.00698	0.00504	0.29224
148	0.02372	0.32458	0.34219	0.02389	0.03613	0.03152	0.02859	0.03169	0.02129	0.02867	0.01651	0.01928	0.01308	0.00931	0.00830	0.00277	0.01325	0.00662	0.00436	0.01425
149	0.02407	0.32727	0.29614	0.02491	0.03672	0.03182	0.06822	0.03170	0.02149	0.02863	0.01667	0.01972	0.01328	0.00921	0.00846	0.00277	0.01338	0.00697	0.00443	0.01413
150	0.01452	0.01049	0.01372	0.01291	0.01533	0.00968	0.00968	0.01937	0.02905	0.04115	0.56992	0.07666	0.09683	0.02098	0.01210	0.00323	0.00484	0.01856	0.01130	0.00968
151	0.03884	0.02950	0.02584	0.02183	0.02846	0.21173	0.01716	0.07659	0.13926	0.25590	0.03165	0.02957	0.02212	0.01223	0.00999	0.00306	0.01200	0.00929	0.00963	0.01536
152	0.02939	0.02309	0.02401	0.07051	0.06836	0.13484	0.01791	0.03669	0.09776	0.15927	0.03648	0.12297	0.03261	0.01681	0.01102	0.00347	0.01100	0.08176	0.00880	0.01324
153	0.01250	0.00893	0.01191	0.01429	0.01488	0.00834	0.00953	0.01429	0.01965	0.02620	0.05656	0.63265	0.06787	0.03215	0.01310	0.00417	0.00595	0.02917	0.00953	0.00834
154	0.01600	0.01144	0.01585	0.01780	0.02005	0.01130	0.01516	0.02053	0.02405	0.03175	0.12118	0.14657	0.06456	0.02766	0.01383	0.00449	0.00861	0.41007	0.00969	0.00940
155	0.10261	0.02646	0.04786	0.10404	0.04886	0.06093	0.35641	0.03331	0.02364	0.06512	0.02058	0.02625	0.01528	0.00929	0.01097	0.00336	0.01541	0.01058	0.00569	0.01334
156	0.02772	0.02964	0.13352	0.03649	0.04714	0.02361	0.36509	0.03600	0.02479	0.13481	0.02407	0.02811	0.01701	0.00957	0.01142	0.00338	0.01539	0.01109	0.00645	0.01471
157	0.01373	0.01046	0.01262	0.01208	0.01484	0.00935	0.00906	0.01783	0.02718	0.03671	0.41562	0.08398	0.25390	0.02264	0.01211	0.00331	0.00496	0.01959	0.01071	0.00935
158	0.04604	0.01746	0.02382	0.01826	0.02620	0.01508	0.01508	0.05001	0.02937	0.58244	0.04049	0.03493	0.02540	0.01270	0.01032	0.00318	0.00873	0.01032	0.01270	0.01746
159	0.02584	0.50722	0.17806	0.02029	0.03056	0.03669	0.02231	0.03114	0.02104	0.02609	0.01524	0.01768	0.01313	0.00901	0.00732	0.00244	0.01195	0.00598	0.00438	0.01364
160	0.02058	0.05308	0.58618	0.02925	0.04442	0.02383	0.03792	0.03250	0.02167	0.03250	0.01842	0.02167	0.01300	0.00975	0.00975	0.00325	0.01517	0.00758	0.00433	0.01517
161	0.02245	0.02245	0.03143	0.02694	0.02694	0.03143	0.02245	0.02470	0.01572	0.02470	0.01347	0.02245	0.01347	0.01796	0.03368	0.00449	0.62057	0.00898	0.00449	0.01123
162	0.65739	0.06962	0.01816	0.01382	0.02036	0.02442	0.01163	0.03021	0.01773	0.04430	0.01429	0.01665	0.01128	0.00947	0.00637	0.00310	0.00818	0.00555	0.00619	0.01128
163	0.01250	0.00893	0.01191	0.01429	0.01488	0.00834	0.00953	0.01429	0.01965	0.02620	0.05656	0.63265	0.06787	0.03215	0.01310	0.00417	0.00595	0.02917	0.00953	0.00834
164	0.02104	0.09296	0.55034	0.02846	0.04320	0.02496	0.03655	0.03238	0.02161	0.03194	0.01814	0.02132	0.01301	0.00968	0.00954	0.00318	0.01488	0.00744	0.00434	0.01503
165	0.01600	0.01170	0.01390	0.01397	0.01557	0.01190	0.00964	0.02171	0.09439	0.02956	0.15719	0.16472	0.05623	0.27183	0.02837	0.00624	0.00786	0.05157	0.00870	0.00895
166	0.08318	0.02480	0.09674	0.06767	0.07263	0.02085	0.10137	0.08007	0.02731	0.27803	0.02876	0.02897	0.01935	0.01106	0.01023	0.00323	0.01154	0.00969	0.00884	0.01568
167	0.02422	0.01539	0.01889	0.01761	0.02156	0.01554	0.01377	0.12132	0.06408	0.12127	0.10583	0.24569	0.05163	0.02244	0.01203	0.00375	0.00792	0.09440	0.01040	0.01226
168	0.28527	0.18432	0.02982	0.01857	0.02555	0.15863	0.01563	0.07065	0.02410	0.07976	0.01746	0.01906	0.01370	0.01003	0.00767	0.00280	0.01141	0.00642	0.00640	0.01277
169	0.01357	0.00969	0.01313	0.01551	0.01657	0.00926	0.01138	0.01614	0.02070	0.02739	0.05597	0.49580	0.06554	0.03114	0.01338	0.00432	0.00688	0.15548	0.00951	0.00863
170	0.02128	0.01824	0.02128	0.01520	0.02432	0.01368	0.01216	0.02584	0.02128	0.03344	0.01824	0.02128	0.01520	0.00760	0.00760	0.00152	0.00760	0.00608	0.00608	0.70208
171	0.03086	0.03602	0.18494	0.02911	0.03871	0.10638	0.13266	0.13077	0.02892	0.11149	0.02241	0.02487	0.01611	0.01099	0.01174	0.00324	0.04980	0.00915	0.00690	0.01493
172	0.04604	0.01746	0.02382	0.01826	0.02620	0.01508	0.01508	0.05001	0.02937	0.58244	0.04049	0.03493	0.02540	0.01270	0.01032	0.00318	0.00873	0.01032	0.01270	0.01746
173	0.35937	0.02194	0.02034	0.01668	0.02384	0.06226	0.01358	0.07955	0.02436	0.17769	0.02225	0.02256	0.01583	0.01041	0.00803	0.00294	0.00915	0.00719	0.00816	0.09387
174	0.03476	0.02125	0.02823	0.02481	0.07224	0.02152	0.05483	0.12209	0.16513	0.25224	0.06518	0.03528	0.02828	0.01284	0.01056	0.00325	0.00964	0.01098	0.01053	0.01636
175	0.11000	0.02205	0.06409	0.02213	0.06421	0.02048	0.01752	0.07487	0.16090	0.22859	0.07956	0.03504	0.02942	0.01288	0.01000	0.00325	0.00902	0.01047	0.01001	0.01551
176	0.02832	0.01952	0.02998	0.06825	0.11764	0.01938	0.08926	0.03784	0.11865	0.18373	0.07501	0.04421	0.06678	0.01398	0.01102	0.00337	0.01020	0.03923	0.00904	0.01458

[dist]
# distance from previous block
# <min> <max>
3	9

[block]
# block no. 1 follows, 14 sequences, length 15
# corresponding to MSA columns:
# 200-214
name=unknown_B
#
# <colnr> <probs for GDERKNQSTAVLIFYWHMCP>
#	G	D	E	R	K	N	Q	S	T	A	V	L	I	F	Y	W	H	M	C	P
0	0.03478	0.02532	0.12391	0.07842	0.11536	0.01943	0.06482	0.04101	0.02605	0.31945	0.03025	0.03010	0.02022	0.01116	0.01034	0.00321	0.01142	0.00974	0.00890	0.01610
1	0.02871	0.02973	0.14699	0.04052	0.19452	0.02338	0.17324	0.06220	0.02571	0.13733	0.02379	0.02708	0.01721	0.00995	0.01067	0.00323	0.01352	0.00992	0.00666	0.01565
2	0.06902	0.08001	0.14253	0.03282	0.19227	0.02196	0.02392	0.03367	0.02310	0.12761	0.02184	0.02424	0.01641	0.00958	0.00909	0.00276	0.01097	0.00794	0.00645	0.14381
3	0.08167	0.03476	0.28733	0.03060	0.13074	0.02089	0.02785	0.03393	0.02293	0.13814	0.02567	0.07613	0.02043	0.01208	0.00994	0.00327	0.01205	0.01004	0.00666	0.01489
4	0.03034	0.46452	0.04574	0.01862	0.02702	0.08146	0.01735	0.06798	0.02415	0.07521	0.01758	0.01905	0.01463	0.00943	0.00743	0.00234	0.01122	0.00628	0.00567	0.05396
5	0.02537	0.45908	0.17090	0.01999	0.03024	0.03455	0.02169	0.03071	0.02107	0.02681	0.01554	0.01804	0.01330	0.00890	0.00738	0.00238	0.01163	0.00601	0.00452	0.07188
6	0.01246	0.00910	0.01173	0.01383	0.01476	0.00837	0.00932	0.01434	0.02009	0.02638	0.06215	0.56972	0.12719	0.03142	0.01298	0.00408	0.00586	0.02829	0.00953	0.00837
7	0.03353	0.02811	0.15105	0.02211	0.03109	0.02201	0.02107	0.10373	0.18324	0.24225	0.03407	0.03174	0.02342	0.01235	0.01022	0.00327	0.01030	0.00995	0.00988	0.01659
8	0.03497	0.02754	0.03857	0.03288	0.10066	0.10348	0.17152	0.12358	0.03027	0.19265	0.02613	0.02767	0.01842	0.01074	0.01067	0.00315	0.01344	0.01001	0.00816	0.01548
9	0.01938	0.01824	0.03078	0.61468	0.07068	0.02280	0.02850	0.02622	0.02052	0.02622	0.01824	0.02736	0.01368	0.01026	0.01026	0.00342	0.01368	0.00912	0.00456	0.01140
10	0.01294	0.00924	0.01240	0.01478	0.01557	0.00871	0.01028	0.01504	0.02007	0.02668	0.05632	0.57720	0.06693	0.03174	0.01321	0.00423	0.00633	0.08036	0.00952	0.00845
11	0.03874	0.02768	0.18504	0.02141	0.03142	0.01759	0.02163	0.04499	0.02716	0.42478	0.03416	0.03113	0.02185	0.01186	0.01016	0.00320	0.01058	0.00954	0.01030	0.01681
12	0.08605	0.03597	0.29732	0.02511	0.03640	0.02161	0.06180	0.03910	0.06933	0.18811	0.02639	0.02679	0.01805	0.01084	0.00985	0.00326	0.01231	0.00883	0.00742	0.01547
13	0.01250	0.00893	0.01191	0.01429	0.01488	0.00834	0.00953	0.01429	0.01965	0.02620	0.05656	0.63265	0.06787	0.03215	0.01310	0.00417	0.00595	0.02917	0.00953	0.00834
14	0.02233	0.02125	0.03610	0.34468	0.31766	0.02357	0.02997	0.02880	0.02191	0.02980	0.01876	0.02640	0.01494	0.00971	0.01021	0.00324	0.01295	0.00913	0.00481	0.01378

[dist]
# distance from previous block
# <min> <max>
0	3

# created by:
# /st0/software/busco_prod/Augustus/scripts/msa2prfl.pl ./align_prep/8206.fa
