[name]
unknown

[dist]
# distance from previous block
# <min> <max>
5	157

[block]
# block no. 0 follows, 11 sequences, length 19
# corresponding to MSA columns:
# 209-227
name=unknown_A
#
# <colnr> <probs for GDERKNQSTAVLIFYWHMCP>
#	G	D	E	R	K	N	Q	S	T	A	V	L	I	F	Y	W	H	M	C	P
0	0.21634	0.01984	0.02361	0.01866	0.02691	0.01882	0.01540	0.04915	0.02880	0.41334	0.03688	0.03307	0.02376	0.01302	0.01018	0.00348	0.00935	0.00995	0.01211	0.01733
1	0.01421	0.01015	0.01363	0.01624	0.01712	0.00957	0.01132	0.01654	0.02204	0.02929	0.06176	0.54388	0.07335	0.03479	0.01450	0.00464	0.00696	0.08028	0.01044	0.00928
2	0.02668	0.01970	0.02728	0.06940	0.03261	0.02023	0.06334	0.13880	0.03362	0.08202	0.13254	0.06995	0.08821	0.02023	0.01304	0.00396	0.01071	0.12364	0.01031	0.01372
3	0.01949	0.01787	0.02869	0.43324	0.06206	0.02149	0.02599	0.02592	0.02257	0.02876	0.03584	0.04376	0.09754	0.02114	0.06533	0.00516	0.01502	0.01237	0.00596	0.01179
4	0.02442	0.02243	0.03110	0.02590	0.02889	0.02743	0.05740	0.08765	0.02568	0.03617	0.09075	0.04527	0.10674	0.01982	0.02526	0.00430	0.30688	0.01353	0.00754	0.01281
5	0.03221	0.01659	0.02114	0.01869	0.02388	0.01580	0.01438	0.07555	0.06571	0.24170	0.08887	0.24127	0.05067	0.02237	0.01257	0.00389	0.00832	0.01946	0.01215	0.01478
6	0.01630	0.01307	0.01943	0.17851	0.03418	0.01402	0.01652	0.02048	0.02369	0.03170	0.13397	0.33985	0.06291	0.02608	0.01327	0.00415	0.00877	0.02351	0.00922	0.01038
7	0.60001	0.02142	0.01781	0.01549	0.02269	0.02410	0.01277	0.03597	0.02089	0.11563	0.01948	0.02094	0.01427	0.01091	0.00754	0.00348	0.00882	0.00679	0.00789	0.01311
8	0.02327	0.02098	0.03276	0.47715	0.06905	0.02488	0.02871	0.06813	0.02515	0.03307	0.02060	0.02912	0.01551	0.01116	0.01097	0.00352	0.01414	0.00969	0.00569	0.07645
9	0.02567	0.24388	0.08466	0.09727	0.03751	0.03194	0.06818	0.03122	0.02248	0.03100	0.02047	0.02610	0.01708	0.01205	0.01343	0.00325	0.10269	0.00875	0.10891	0.01348
10	0.01913	0.00993	0.01435	0.01435	0.01435	0.00993	0.00938	0.01489	0.01489	0.01985	0.02166	0.03944	0.02238	0.11401	0.04575	0.58486	0.00993	0.01065	0.00514	0.00514
11	0.02524	0.02299	0.03746	0.43080	0.06871	0.02695	0.08202	0.10307	0.02774	0.03621	0.02142	0.02958	0.01589	0.01141	0.01148	0.00370	0.01504	0.01039	0.00606	0.01385
12	0.02081	0.01733	0.02876	0.43007	0.06106	0.02102	0.02563	0.02507	0.02045	0.02635	0.01989	0.03111	0.01619	0.01854	0.01982	0.17884	0.01363	0.00994	0.00497	0.01051
13	0.02446	0.07225	0.08213	0.10401	0.09106	0.02336	0.13087	0.03159	0.02423	0.03519	0.02232	0.02801	0.01766	0.01000	0.01020	0.00293	0.01281	0.00949	0.08055	0.18691
14	0.02679	0.02896	0.11803	0.02686	0.03562	0.02381	0.10388	0.14597	0.06898	0.04615	0.10853	0.09274	0.03806	0.01567	0.01192	0.00352	0.01196	0.01405	0.00894	0.06956
15	0.08046	0.09487	0.12881	0.03135	0.11017	0.02495	0.06333	0.03266	0.02367	0.07593	0.02677	0.10103	0.02425	0.01431	0.01255	0.00346	0.05473	0.01189	0.00685	0.07796
16	0.03646	0.02764	0.06909	0.09615	0.03726	0.08216	0.02106	0.11658	0.03192	0.20536	0.03243	0.07760	0.02494	0.01424	0.01109	0.00336	0.01216	0.01154	0.00966	0.07928
17	0.02241	0.02086	0.07706	0.14407	0.07554	0.01810	0.05875	0.02864	0.02630	0.08498	0.15802	0.15012	0.05058	0.01869	0.01245	0.00378	0.01080	0.01696	0.00882	0.01305
18	0.03185	0.03377	0.17087	0.02988	0.03985	0.02630	0.10921	0.13587	0.03087	0.12685	0.02674	0.03015	0.01950	0.01957	0.06728	0.00508	0.06142	0.01058	0.00800	0.01635

[dist]
# distance from previous block
# <min> <max>
0	39

[block]
# block no. 1 follows, 11 sequences, length 13
# corresponding to MSA columns:
# 267-279
name=unknown_B
#
# <colnr> <probs for GDERKNQSTAVLIFYWHMCP>
#	G	D	E	R	K	N	Q	S	T	A	V	L	I	F	Y	W	H	M	C	P
0	0.08860	0.02837	0.13940	0.12818	0.04158	0.02218	0.02503	0.07969	0.02850	0.18694	0.03240	0.04191	0.02495	0.01453	0.01132	0.00375	0.01241	0.06566	0.00896	0.01565
1	0.02091	0.01600	0.02573	0.02653	0.08786	0.01515	0.07251	0.02609	0.02752	0.07294	0.21220	0.18296	0.06707	0.02278	0.01339	0.00397	0.00914	0.07476	0.01018	0.01231
2	0.03148	0.07842	0.09805	0.09362	0.10204	0.02307	0.08529	0.03783	0.02638	0.18395	0.03264	0.10120	0.02673	0.01445	0.01148	0.00359	0.01258	0.01301	0.00845	0.01574
3	0.02640	0.09840	0.10234	0.10216	0.10319	0.02724	0.06389	0.07149	0.02577	0.03635	0.02002	0.02520	0.01611	0.01093	0.01246	0.00309	0.06430	0.00878	0.00601	0.17588
4	0.01481	0.01111	0.01373	0.01381	0.01632	0.01003	0.01008	0.01880	0.02813	0.03802	0.32712	0.20015	0.20268	0.02698	0.01352	0.00382	0.00567	0.02368	0.01150	0.01003
5	0.01453	0.01043	0.01379	0.01511	0.01651	0.00969	0.01051	0.01772	0.02535	0.03478	0.23389	0.40801	0.08615	0.03075	0.01396	0.00419	0.00608	0.02771	0.01116	0.00969
6	0.03318	0.10604	0.14086	0.09457	0.04475	0.03019	0.09509	0.17544	0.03364	0.10165	0.02478	0.02739	0.01779	0.01166	0.01095	0.00341	0.01413	0.00985	0.00792	0.01669
7	0.02004	0.01153	0.01596	0.01704	0.01889	0.01093	0.01265	0.02154	0.02226	0.08597	0.05070	0.31622	0.05571	0.03275	0.02042	0.14313	0.00837	0.11657	0.00967	0.00965
8	0.01574	0.01065	0.01246	0.01308	0.01324	0.01049	0.00768	0.01620	0.01760	0.02347	0.04179	0.19821	0.04890	0.46901	0.04707	0.00940	0.00987	0.02009	0.00768	0.00737
9	0.08037	0.01859	0.02604	0.02204	0.02669	0.01927	0.07391	0.08518	0.02627	0.09676	0.04198	0.17517	0.07844	0.02329	0.01853	0.09011	0.05931	0.01682	0.00889	0.01234
10	0.03009	0.61122	0.05898	0.01926	0.02889	0.04454	0.01926	0.03370	0.02287	0.02648	0.01565	0.01805	0.01444	0.00963	0.00722	0.00241	0.01204	0.00602	0.00481	0.01444
11	0.02548	0.22526	0.10075	0.02363	0.03100	0.03067	0.05957	0.03423	0.08576	0.03304	0.02692	0.07615	0.02403	0.01438	0.01326	0.00338	0.08630	0.01100	0.08116	0.01402
12	0.03229	0.02294	0.02551	0.08884	0.03344	0.08400	0.01721	0.03719	0.02785	0.17997	0.08729	0.03532	0.03007	0.01246	0.01037	0.00282	0.01065	0.01012	0.00911	0.24255

[dist]
# distance from previous block
# <min> <max>
0	16

[block]
# block no. 2 follows, 11 sequences, length 16
# corresponding to MSA columns:
# 296-311
name=unknown_C
#
# <colnr> <probs for GDERKNQSTAVLIFYWHMCP>
#	G	D	E	R	K	N	Q	S	T	A	V	L	I	F	Y	W	H	M	C	P
0	0.08476	0.11665	0.11616	0.12359	0.15852	0.03010	0.07901	0.09294	0.02751	0.03932	0.02049	0.02550	0.01597	0.01068	0.01041	0.00337	0.01398	0.00922	0.00612	0.01572
1	0.04222	0.03296	0.02912	0.08425	0.03641	0.22781	0.02025	0.04860	0.07034	0.24739	0.03145	0.03076	0.02184	0.01285	0.01087	0.00331	0.01425	0.00972	0.00962	0.01597
2	0.02164	0.01806	0.02144	0.01610	0.02442	0.01400	0.01271	0.02671	0.02529	0.03861	0.13641	0.03725	0.03717	0.01170	0.00947	0.00210	0.00764	0.00980	0.00798	0.52150
3	0.01544	0.01052	0.01255	0.01347	0.01369	0.01029	0.00809	0.01612	0.01818	0.02424	0.04477	0.25708	0.05267	0.40500	0.04225	0.00869	0.00938	0.02184	0.00809	0.00763
4	0.18962	0.02929	0.02983	0.02336	0.03190	0.03269	0.01929	0.39053	0.04519	0.06625	0.02442	0.02502	0.01755	0.01281	0.01028	0.00340	0.01154	0.00921	0.01028	0.01755
5	0.01346	0.01078	0.01204	0.01305	0.01564	0.00936	0.00928	0.01597	0.02407	0.02976	0.09396	0.29692	0.35401	0.03111	0.01371	0.00410	0.00602	0.02693	0.01045	0.00936
6	0.02385	0.02357	0.03431	0.15502	0.04054	0.03231	0.02614	0.02747	0.01844	0.02747	0.01597	0.02586	0.01483	0.01777	0.03105	0.00466	0.45357	0.00988	0.00494	0.01236
7	0.03248	0.03034	0.03341	0.28687	0.05500	0.13116	0.02612	0.18881	0.03451	0.04267	0.02186	0.02714	0.01629	0.01208	0.01104	0.00346	0.01514	0.00952	0.00725	0.01483
8	0.01495	0.01115	0.01401	0.01469	0.01702	0.01020	0.01093	0.01875	0.02690	0.03594	0.25243	0.24039	0.18671	0.02860	0.01384	0.00407	0.00629	0.07201	0.01119	0.00992
9	0.01986	0.01085	0.01223	0.01223	0.01471	0.01131	0.00929	0.02482	0.02234	0.03834	0.03521	0.04248	0.02869	0.02944	0.13428	0.00616	0.01095	0.01085	0.51557	0.01039
10	0.02788	0.08252	0.25961	0.06671	0.04101	0.02661	0.02920	0.09942	0.08125	0.08117	0.02902	0.07549	0.02332	0.01385	0.01099	0.00357	0.01334	0.01122	0.00760	0.01621
11	0.18539	0.02294	0.02722	0.02534	0.07139	0.02528	0.01882	0.07549	0.11342	0.19181	0.03063	0.03074	0.02208	0.01383	0.01399	0.00373	0.09201	0.00997	0.00970	0.01623
12	0.43244	0.15714	0.02764	0.01708	0.02456	0.03009	0.01468	0.03737	0.09676	0.04447	0.02034	0.02191	0.01614	0.01101	0.00772	0.00329	0.00950	0.00711	0.00717	0.01358
13	0.07548	0.03079	0.15260	0.14569	0.04790	0.02475	0.11145	0.03844	0.10091	0.07908	0.05941	0.03383	0.02500	0.01235	0.01134	0.00367	0.01360	0.01112	0.00743	0.01516
14	0.03544	0.16046	0.07989	0.06850	0.03532	0.02808	0.02111	0.10403	0.08295	0.18218	0.02967	0.02948	0.02123	0.01211	0.01010	0.00315	0.01142	0.00938	0.00913	0.06638
15	0.03080	0.02647	0.14285	0.02238	0.02921	0.02007	0.02152	0.03550	0.02376	0.18743	0.02873	0.03240	0.02126	0.01801	0.02034	0.10744	0.11262	0.01002	0.09519	0.01400

[dist]
# distance from previous block
# <min> <max>
2	3

[block]
# block no. 3 follows, 11 sequences, length 21
# corresponding to MSA columns:
# 315-335
name=unknown_D
#
# <colnr> <probs for GDERKNQSTAVLIFYWHMCP>
#	G	D	E	R	K	N	Q	S	T	A	V	L	I	F	Y	W	H	M	C	P
0	0.02089	0.01698	0.02562	0.02501	0.09097	0.01553	0.06889	0.02679	0.02751	0.04096	0.22971	0.05261	0.05532	0.01547	0.01120	0.00306	0.00845	0.01408	0.12278	0.12816
1	0.03520	0.02068	0.02528	0.01872	0.02815	0.01730	0.01523	0.07865	0.02922	0.22908	0.02976	0.02927	0.02108	0.01088	0.00971	0.00250	0.00915	0.00871	0.00979	0.37166
2	0.68395	0.02177	0.01654	0.01480	0.02177	0.02525	0.01219	0.03309	0.01915	0.05050	0.01567	0.01828	0.01219	0.01045	0.00697	0.00348	0.00871	0.00609	0.00697	0.01219
3	0.02334	0.09980	0.04273	0.41221	0.06787	0.02818	0.10949	0.03067	0.02325	0.02972	0.01991	0.02849	0.01529	0.01073	0.01107	0.00358	0.01530	0.01004	0.00510	0.01322
4	0.01955	0.00978	0.01466	0.01466	0.01466	0.00978	0.00978	0.01466	0.01466	0.01955	0.01955	0.03421	0.01955	0.03910	0.04399	0.67253	0.00978	0.00978	0.00489	0.00489
5	0.01527	0.01079	0.01409	0.01573	0.01690	0.01033	0.01117	0.01794	0.02293	0.03082	0.12635	0.34784	0.07163	0.13244	0.02193	0.00563	0.00778	0.10119	0.01009	0.00917
6	0.45866	0.02770	0.11098	0.01873	0.02769	0.02390	0.01809	0.03729	0.02222	0.13280	0.02143	0.02270	0.01526	0.01109	0.00837	0.00350	0.01025	0.00739	0.00778	0.01417
7	0.02334	0.02001	0.02334	0.01667	0.02667	0.01500	0.01334	0.02834	0.02334	0.03668	0.02001	0.02334	0.01667	0.00834	0.00834	0.00167	0.00834	0.00667	0.00667	0.67325
8	0.03070	0.02021	0.02384	0.02005	0.02438	0.02183	0.01535	0.24598	0.03302	0.04421	0.02314	0.03076	0.01935	0.02682	0.02828	0.35142	0.01103	0.00995	0.00795	0.01173
9	0.10652	0.02211	0.10835	0.01933	0.02522	0.01693	0.01826	0.02840	0.06091	0.04192	0.24036	0.07113	0.06418	0.02040	0.01235	0.00390	0.00903	0.10851	0.00986	0.01231
10	0.01548	0.01138	0.01488	0.01703	0.01903	0.01078	0.01331	0.01893	0.02407	0.03107	0.07000	0.31775	0.14906	0.03237	0.01467	0.00469	0.00798	0.20739	0.01041	0.00971
11	0.02435	0.01148	0.01227	0.01158	0.01490	0.01118	0.00886	0.02949	0.02459	0.09905	0.03759	0.04154	0.02874	0.01321	0.00826	0.00272	0.00574	0.01058	0.59238	0.01148
12	0.02588	0.02488	0.04141	0.18297	0.36063	0.02736	0.03246	0.03220	0.02379	0.03362	0.02005	0.02793	0.01676	0.01159	0.01457	0.00365	0.08903	0.01000	0.00535	0.01585
13	0.11827	0.02396	0.02817	0.11780	0.03806	0.02631	0.02010	0.16773	0.12990	0.16674	0.03218	0.03205	0.02261	0.01318	0.01077	0.00357	0.01103	0.01040	0.01030	0.01686
14	0.01509	0.01074	0.01437	0.01607	0.01707	0.01074	0.01132	0.01743	0.02054	0.02764	0.05159	0.35622	0.05947	0.14300	0.11624	0.00809	0.01181	0.07451	0.00904	0.00903
15	0.14483	0.08942	0.26309	0.02504	0.03714	0.02647	0.02779	0.08075	0.02721	0.14093	0.02444	0.02550	0.01706	0.01146	0.00993	0.00342	0.01308	0.00849	0.00755	0.01640
16	0.04389	0.09859	0.03384	0.02840	0.11607	0.02200	0.02001	0.04855	0.02984	0.38673	0.03660	0.03383	0.02436	0.01269	0.01075	0.00332	0.01056	0.01040	0.01128	0.01830
17	0.02247	0.01277	0.01737	0.01789	0.02092	0.01191	0.01400	0.02626	0.02613	0.13194	0.11109	0.28661	0.06606	0.02844	0.01401	0.00443	0.00815	0.15659	0.01132	0.01163
18	0.02426	0.01344	0.01706	0.01586	0.01957	0.01232	0.01220	0.02780	0.02665	0.15483	0.16092	0.08221	0.13431	0.14607	0.02251	0.00541	0.00845	0.09357	0.01092	0.01164
19	0.07873	0.03380	0.07470	0.08733	0.03686	0.18562	0.02166	0.07031	0.06311	0.14011	0.02982	0.07693	0.02397	0.01429	0.01088	0.00345	0.01391	0.01112	0.00850	0.01489
20	0.03012	0.02595	0.08078	0.20171	0.11652	0.02436	0.09662	0.04037	0.08183	0.14451	0.02881	0.03241	0.02061	0.01182	0.01153	0.00364	0.01365	0.01095	0.00782	0.01600

[dist]
# distance from previous block
# <min> <max>
7	15

[block]
# block no. 4 follows, 11 sequences, length 11
# corresponding to MSA columns:
# 352-362
name=unknown_E
#
# <colnr> <probs for GDERKNQSTAVLIFYWHMCP>
#	G	D	E	R	K	N	Q	S	T	A	V	L	I	F	Y	W	H	M	C	P
0	0.08814	0.01869	0.02260	0.02045	0.02417	0.02133	0.01603	0.03542	0.13280	0.10388	0.10622	0.15520	0.04545	0.02073	0.01717	0.00409	0.12790	0.01631	0.00991	0.01354
1	0.02597	0.12937	0.02474	0.01552	0.02063	0.01827	0.01285	0.03076	0.02859	0.13168	0.24593	0.05480	0.05921	0.01685	0.01070	0.00313	0.00739	0.01402	0.13667	0.01290
2	0.17233	0.09253	0.10682	0.02172	0.02797	0.02677	0.02036	0.03180	0.06060	0.03892	0.12539	0.03605	0.03465	0.01544	0.01590	0.00373	0.13759	0.01075	0.00741	0.01326
3	0.16435	0.01790	0.01941	0.01617	0.02215	0.01760	0.01271	0.07660	0.02800	0.11363	0.13904	0.04387	0.04047	0.05968	0.01357	0.00368	0.00821	0.01169	0.07237	0.11888
4	0.53530	0.01948	0.01621	0.01466	0.02066	0.02199	0.01184	0.03045	0.02198	0.04930	0.12974	0.03292	0.03311	0.01324	0.00837	0.00350	0.00795	0.00927	0.00817	0.01184
5	0.40418	0.02573	0.03078	0.02408	0.03242	0.02807	0.11459	0.13687	0.02821	0.05203	0.01968	0.02275	0.01476	0.01093	0.00924	0.00352	0.01167	0.00849	0.00766	0.01436
6	0.48721	0.02816	0.02070	0.01828	0.02518	0.13575	0.01461	0.03772	0.02311	0.09450	0.01888	0.02069	0.01423	0.01103	0.00806	0.00336	0.01121	0.00685	0.00741	0.01306
7	0.03144	0.02600	0.13411	0.14543	0.04144	0.01928	0.02389	0.03850	0.02822	0.22555	0.12806	0.04233	0.03740	0.01443	0.01155	0.00357	0.01143	0.01216	0.00973	0.01549
8	0.02458	0.15181	0.14710	0.02064	0.03204	0.02364	0.02086	0.03108	0.02334	0.03432	0.01914	0.02233	0.01567	0.00913	0.00863	0.00224	0.01095	0.00690	0.00586	0.38975
9	0.17059	0.15188	0.15005	0.02341	0.03252	0.02713	0.06810	0.03297	0.05314	0.03778	0.06361	0.08836	0.02878	0.01412	0.01003	0.00345	0.01173	0.01153	0.00695	0.01386
10	0.02200	0.02521	0.13593	0.02113	0.02702	0.01847	0.01931	0.12050	0.02809	0.03841	0.04289	0.30076	0.04632	0.07949	0.01699	0.00470	0.01042	0.02068	0.00900	0.01267

[dist]
# distance from previous block
# <min> <max>
6	236

[block]
# block no. 5 follows, 11 sequences, length 22
# corresponding to MSA columns:
# 639-660
name=unknown_F
#
# <colnr> <probs for GDERKNQSTAVLIFYWHMCP>
#	G	D	E	R	K	N	Q	S	T	A	V	L	I	F	Y	W	H	M	C	P
0	0.09704	0.03234	0.14597	0.10885	0.04006	0.06796	0.02434	0.07898	0.06951	0.07960	0.02752	0.07203	0.02242	0.01347	0.01059	0.00343	0.01268	0.01076	0.00764	0.07482
1	0.08876	0.03353	0.19340	0.02387	0.03496	0.02270	0.02445	0.08287	0.06722	0.20515	0.03026	0.02970	0.02076	0.01208	0.01045	0.00334	0.01184	0.00944	0.00921	0.08602
2	0.19184	0.02501	0.07496	0.07427	0.11048	0.02322	0.02251	0.08398	0.02765	0.13030	0.02996	0.04167	0.02469	0.01445	0.01078	0.00373	0.01146	0.07534	0.00855	0.01516
3	0.19285	0.02674	0.03362	0.07921	0.11084	0.02934	0.06452	0.19780	0.07232	0.05216	0.02388	0.02676	0.01791	0.01183	0.01039	0.00350	0.01218	0.00961	0.00834	0.01621
4	0.14348	0.02247	0.06427	0.01875	0.02626	0.02022	0.01629	0.04311	0.13800	0.16594	0.03428	0.03390	0.02476	0.01274	0.00966	0.00325	0.00895	0.00994	0.13104	0.07270
5	0.18865	0.16125	0.03250	0.02025	0.02706	0.02904	0.01760	0.07359	0.02505	0.09171	0.02391	0.03235	0.02054	0.01393	0.01318	0.00342	0.09493	0.04867	0.00754	0.07483
6	0.14230	0.02029	0.02616	0.06829	0.08300	0.02030	0.01838	0.07855	0.03030	0.25343	0.10835	0.03942	0.03458	0.01411	0.01089	0.00349	0.00984	0.01153	0.01076	0.01605
7	0.29410	0.10738	0.02641	0.07538	0.02913	0.02562	0.01579	0.07073	0.02485	0.08808	0.06384	0.03228	0.02510	0.06364	0.01310	0.00399	0.01015	0.00937	0.00787	0.01317
8	0.02876	0.02950	0.08092	0.12970	0.19381	0.07344	0.07115	0.03530	0.02529	0.07761	0.02209	0.02759	0.01721	0.01131	0.01301	0.00339	0.05964	0.00968	0.00623	0.08437
9	0.26683	0.10870	0.02742	0.01763	0.02621	0.02486	0.01493	0.07222	0.02549	0.12056	0.02212	0.02334	0.01665	0.01056	0.00837	0.00284	0.00953	0.00736	0.00798	0.18638
10	0.01424	0.01020	0.01353	0.01531	0.01644	0.00949	0.01049	0.01700	0.02401	0.03264	0.17322	0.47476	0.08201	0.03234	0.01411	0.00433	0.00624	0.02922	0.01091	0.00949
11	0.01381	0.01023	0.01291	0.01475	0.01615	0.00933	0.01011	0.01620	0.02313	0.03034	0.10851	0.46505	0.16229	0.03303	0.01408	0.00435	0.00628	0.02953	0.01060	0.00933
12	0.01411	0.01036	0.01335	0.01557	0.01689	0.00959	0.01097	0.01654	0.02261	0.02950	0.06945	0.47581	0.14064	0.03383	0.01433	0.00452	0.00681	0.07535	0.01044	0.00932
13	0.01412	0.00997	0.01294	0.01515	0.01570	0.00941	0.00989	0.01578	0.02075	0.02767	0.05795	0.51661	0.06929	0.12279	0.02097	0.00555	0.00720	0.02959	0.00989	0.00878
14	0.01523	0.01148	0.01408	0.01343	0.01639	0.01032	0.01007	0.01989	0.03021	0.04122	0.41819	0.09052	0.21875	0.02447	0.01328	0.00361	0.00541	0.02126	0.01187	0.01032
15	0.02334	0.02001	0.02334	0.01667	0.02667	0.01500	0.01334	0.02834	0.02334	0.03668	0.02001	0.02334	0.01667	0.00834	0.00834	0.00167	0.00834	0.00667	0.00667	0.67325
16	0.01391	0.00994	0.01323	0.01554	0.01637	0.00927	0.01046	0.01616	0.02245	0.03016	0.10265	0.55241	0.07721	0.03419	0.01427	0.00448	0.00642	0.03098	0.01062	0.00927
17	0.02202	0.01826	0.02250	0.10162	0.03165	0.02031	0.01740	0.03886	0.23391	0.04249	0.20589	0.06224	0.05852	0.01874	0.01241	0.00384	0.00873	0.05598	0.01072	0.01392
18	0.01479	0.00990	0.01268	0.01491	0.01585	0.00934	0.01007	0.01723	0.02185	0.03069	0.05830	0.51514	0.06771	0.03199	0.01341	0.00428	0.00634	0.02882	0.10737	0.00934
19	0.68395	0.02177	0.01654	0.01480	0.02177	0.02525	0.01219	0.03309	0.01915	0.05050	0.01567	0.01828	0.01219	0.01045	0.00697	0.00348	0.00871	0.00609	0.00697	0.01219
20	0.02077	0.01253	0.01663	0.01690	0.01998	0.01160	0.01321	0.02478	0.02703	0.10980	0.17342	0.23168	0.11036	0.02758	0.01387	0.00426	0.00761	0.13528	0.01140	0.01131
21	0.36184	0.17786	0.03142	0.01889	0.02674	0.08085	0.01625	0.10278	0.02627	0.04522	0.01750	0.01970	0.01401	0.01080	0.00796	0.00314	0.01118	0.00678	0.00694	0.01388

[dist]
# distance from previous block
# <min> <max>
0	1

[block]
# block no. 6 follows, 11 sequences, length 39
# corresponding to MSA columns:
# 662-700
name=unknown_G
#
# <colnr> <probs for GDERKNQSTAVLIFYWHMCP>
#	G	D	E	R	K	N	Q	S	T	A	V	L	I	F	Y	W	H	M	C	P
0	0.03380	0.02839	0.03834	0.05044	0.32852	0.09049	0.02796	0.04212	0.07670	0.13014	0.02748	0.03028	0.02094	0.01147	0.01108	0.00336	0.01307	0.01020	0.00774	0.01748
1	0.01398	0.01108	0.01258	0.01293	0.01581	0.00968	0.00942	0.01720	0.02619	0.03338	0.19672	0.20637	0.33745	0.02869	0.01352	0.00390	0.00579	0.02473	0.01089	0.00968
2	0.04204	0.05364	0.03190	0.02900	0.03480	0.55926	0.02175	0.04494	0.03190	0.02755	0.01740	0.02030	0.01450	0.01160	0.01015	0.00290	0.02030	0.00725	0.00580	0.01305
3	0.02664	0.02043	0.02388	0.01777	0.02720	0.01676	0.01421	0.03488	0.08458	0.08876	0.02563	0.02714	0.01997	0.00975	0.00902	0.00211	0.00853	0.00788	0.00799	0.52687
4	0.01941	0.02415	0.12251	0.30885	0.05397	0.02059	0.02697	0.02653	0.02320	0.03121	0.06619	0.16103	0.03488	0.01743	0.01200	0.00389	0.01269	0.01541	0.00672	0.01237
5	0.01608	0.01206	0.01809	0.01809	0.02010	0.01407	0.01407	0.02010	0.01809	0.02613	0.03015	0.04422	0.02814	0.08441	0.55984	0.01809	0.03015	0.01206	0.00603	0.01005
6	0.01737	0.01163	0.01363	0.01343	0.01663	0.01031	0.00995	0.02100	0.02681	0.07193	0.19942	0.17992	0.26180	0.02601	0.01290	0.00375	0.00599	0.02239	0.06461	0.01050
7	0.03073	0.02376	0.03003	0.02870	0.12258	0.02175	0.01932	0.13635	0.03110	0.08547	0.02377	0.02622	0.01835	0.01026	0.00975	0.00251	0.01027	0.00844	0.00808	0.35256
8	0.02957	0.03058	0.06038	0.04345	0.05440	0.02965	0.40605	0.12127	0.03144	0.04251	0.02356	0.02974	0.01746	0.01023	0.01291	0.00372	0.01776	0.01270	0.00672	0.01591
9	0.01371	0.00979	0.01306	0.01567	0.01632	0.00914	0.01045	0.01567	0.02155	0.02873	0.06203	0.59710	0.07444	0.03526	0.01437	0.00457	0.00653	0.03200	0.01045	0.00914
10	0.02491	0.03174	0.12611	0.16544	0.09964	0.02722	0.28864	0.03424	0.02518	0.03442	0.02166	0.02914	0.01627	0.01010	0.01229	0.00372	0.01730	0.01158	0.00539	0.01500
11	0.03518	0.02981	0.08518	0.03959	0.13424	0.02687	0.16579	0.14270	0.03326	0.15113	0.02780	0.03031	0.01974	0.01152	0.01181	0.00353	0.01429	0.01116	0.00858	0.01751
12	0.01556	0.01126	0.01409	0.01437	0.01635	0.01054	0.01039	0.01905	0.02602	0.03530	0.26619	0.16960	0.13709	0.13397	0.02182	0.00526	0.00709	0.06590	0.01061	0.00952
13	0.01411	0.01031	0.01337	0.01565	0.01689	0.00957	0.01099	0.01650	0.02249	0.02944	0.06818	0.48971	0.12947	0.03401	0.01435	0.00454	0.00681	0.07386	0.01044	0.00931
14	0.04234	0.02532	0.02910	0.02306	0.03137	0.02659	0.01881	0.23640	0.14789	0.23947	0.03762	0.03452	0.02575	0.01406	0.01132	0.00351	0.01057	0.01115	0.01229	0.01885
15	0.01769	0.01098	0.01496	0.01516	0.01617	0.01097	0.01078	0.01790	0.02007	0.02729	0.12365	0.06597	0.04734	0.16502	0.07864	0.25550	0.01092	0.07588	0.00756	0.00756
16	0.02396	0.02151	0.03026	0.13212	0.14954	0.01948	0.02139	0.02980	0.02370	0.03523	0.02027	0.02558	0.01662	0.00925	0.00950	0.00243	0.01069	0.00804	0.00611	0.40450
17	0.02583	0.03551	0.15516	0.04460	0.05695	0.02803	0.40978	0.03598	0.02605	0.03598	0.02229	0.02914	0.01656	0.00971	0.01280	0.00375	0.01854	0.01236	0.00552	0.01545
18	0.03875	0.02763	0.02947	0.02305	0.03087	0.03039	0.01889	0.40967	0.04750	0.06557	0.02882	0.02979	0.02094	0.01344	0.01063	0.00324	0.01106	0.01020	0.13255	0.01754
19	0.01505	0.01147	0.01383	0.01324	0.01628	0.01025	0.00993	0.01954	0.02978	0.04020	0.38958	0.09219	0.24799	0.02485	0.01328	0.00363	0.00544	0.02149	0.01174	0.01025
20	0.68395	0.02177	0.01654	0.01480	0.02177	0.02525	0.01219	0.03309	0.01915	0.05050	0.01567	0.01828	0.01219	0.01045	0.00697	0.00348	0.00871	0.00609	0.00697	0.01219
21	0.01363	0.01141	0.01185	0.01174	0.01540	0.00964	0.00881	0.01678	0.02642	0.03222	0.16498	0.10534	0.47758	0.02783	0.01330	0.00377	0.00565	0.02334	0.01069	0.00964
22	0.01561	0.01149	0.01460	0.01382	0.01662	0.01048	0.01037	0.02061	0.03110	0.04332	0.47733	0.08706	0.15829	0.02369	0.01328	0.00357	0.00536	0.02077	0.01215	0.01048
23	0.68395	0.02177	0.01654	0.01480	0.02177	0.02525	0.01219	0.03309	0.01915	0.05050	0.01567	0.01828	0.01219	0.01045	0.00697	0.00348	0.00871	0.00609	0.00697	0.01219
24	0.68395	0.02177	0.01654	0.01480	0.02177	0.02525	0.01219	0.03309	0.01915	0.05050	0.01567	0.01828	0.01219	0.01045	0.00697	0.00348	0.00871	0.00609	0.00697	0.01219
25	0.02248	0.02125	0.03596	0.48336	0.16201	0.02533	0.03187	0.02983	0.02308	0.03024	0.02022	0.02961	0.01553	0.01103	0.01123	0.00368	0.01470	0.01001	0.00511	0.01349
26	0.02417	0.02125	0.02747	0.02637	0.12057	0.01718	0.01726	0.02949	0.02376	0.03669	0.02022	0.02417	0.01688	0.00865	0.00885	0.00198	0.00927	0.00729	0.00647	0.55200
27	0.18331	0.03293	0.02796	0.02355	0.03090	0.14868	0.01875	0.21118	0.12594	0.05225	0.02581	0.02633	0.01936	0.01272	0.01009	0.00338	0.01269	0.00906	0.00911	0.01598
28	0.04746	0.02403	0.02913	0.02234	0.03116	0.02377	0.01845	0.22881	0.04037	0.35656	0.03756	0.03387	0.02443	0.01377	0.01130	0.00344	0.01068	0.01085	0.01288	0.01915
29	0.04279	0.03153	0.03378	0.02590	0.03490	0.03490	0.02139	0.49671	0.05292	0.07093	0.02702	0.02702	0.01914	0.01351	0.01126	0.00338	0.01239	0.01013	0.01126	0.01914
30	0.01415	0.01021	0.01399	0.01612	0.01702	0.01005	0.01112	0.01649	0.02091	0.02825	0.05614	0.49482	0.06588	0.04435	0.11527	0.00707	0.01090	0.02831	0.00963	0.00931
31	0.01612	0.01189	0.01724	0.01724	0.01896	0.01361	0.01301	0.01955	0.01784	0.02550	0.03092	0.04852	0.03001	0.16039	0.48642	0.01704	0.02734	0.01269	0.00615	0.00958
32	0.01476	0.01075	0.01248	0.01319	0.01456	0.01000	0.00861	0.01646	0.02143	0.02777	0.09924	0.23770	0.18252	0.24509	0.03003	0.00666	0.00786	0.02318	0.00923	0.00848
33	0.01682	0.01128	0.01375	0.01313	0.01588	0.01050	0.00985	0.02191	0.02955	0.04324	0.38734	0.07686	0.12378	0.02130	0.01210	0.00336	0.00533	0.01848	0.15504	0.01050
34	0.68395	0.02177	0.01654	0.01480	0.02177	0.02525	0.01219	0.03309	0.01915	0.05050	0.01567	0.01828	0.01219	0.01045	0.00697	0.00348	0.00871	0.00609	0.00697	0.01219
35	0.02160	0.01556	0.01998	0.01833	0.02020	0.01781	0.01378	0.02629	0.05523	0.06940	0.10466	0.09729	0.04383	0.17486	0.07302	0.00693	0.13872	0.01535	0.05616	0.01099
36	0.03046	0.02948	0.05154	0.03808	0.04801	0.02982	0.29988	0.14343	0.12261	0.04589	0.02798	0.03177	0.02074	0.01146	0.01249	0.00371	0.01564	0.01248	0.00800	0.01655
37	0.08300	0.33183	0.04637	0.02253	0.03062	0.03683	0.05139	0.11769	0.02789	0.03749	0.02155	0.06304	0.01969	0.01297	0.01098	0.00310	0.05227	0.00944	0.00666	0.01465
38	0.15288	0.28675	0.04230	0.02173	0.02998	0.07301	0.05604	0.06784	0.02588	0.07227	0.02252	0.06224	0.01978	0.01231	0.00897	0.00306	0.01206	0.00922	0.00687	0.01428

[dist]
# distance from previous block
# <min> <max>
0	77

[block]
# block no. 7 follows, 11 sequences, length 13
# corresponding to MSA columns:
# 779-791
name=unknown_H
#
# <colnr> <probs for GDERKNQSTAVLIFYWHMCP>
#	G	D	E	R	K	N	Q	S	T	A	V	L	I	F	Y	W	H	M	C	P
0	0.03015	0.02353	0.02881	0.11809	0.03696	0.02673	0.02059	0.24651	0.03788	0.05133	0.11579	0.08514	0.03797	0.01722	0.01438	0.00372	0.06680	0.01372	0.00970	0.01500
1	0.02160	0.01225	0.01549	0.01474	0.01702	0.01146	0.01014	0.02404	0.02392	0.11830	0.16343	0.17327	0.06133	0.24786	0.03011	0.00657	0.00844	0.01956	0.01013	0.01033
2	0.01452	0.01098	0.01285	0.01398	0.01597	0.01003	0.00994	0.01685	0.02273	0.02873	0.07736	0.26112	0.24500	0.13234	0.02164	0.00546	0.00741	0.07430	0.00980	0.00901
3	0.01608	0.01206	0.01809	0.01809	0.02010	0.01407	0.01407	0.02010	0.01809	0.02613	0.03015	0.04422	0.02814	0.08441	0.55984	0.01809	0.03015	0.01206	0.00603	0.01005
4	0.01371	0.00979	0.01306	0.01567	0.01632	0.00914	0.01045	0.01567	0.02155	0.02873	0.06203	0.59710	0.07444	0.03526	0.01437	0.00457	0.00653	0.03200	0.01045	0.00914
5	0.03009	0.61122	0.05898	0.01926	0.02889	0.04454	0.01926	0.03370	0.02287	0.02648	0.01565	0.01805	0.01444	0.00963	0.00722	0.00241	0.01204	0.00602	0.00481	0.01444
6	0.02334	0.02001	0.02334	0.01667	0.02667	0.01500	0.01334	0.02834	0.02334	0.03668	0.02001	0.02334	0.01667	0.00834	0.00834	0.00167	0.00834	0.00667	0.00667	0.67325
7	0.02462	0.02462	0.03447	0.02955	0.02955	0.03447	0.02462	0.02709	0.01724	0.02709	0.01477	0.02462	0.01477	0.01970	0.03694	0.00492	0.58385	0.00985	0.00492	0.01231
8	0.02298	0.04006	0.29201	0.02967	0.04131	0.02414	0.09915	0.03748	0.11184	0.03935	0.11239	0.03831	0.03401	0.01344	0.01165	0.00364	0.01368	0.01190	0.00738	0.01559
9	0.03301	0.01529	0.02052	0.01706	0.02270	0.01355	0.01355	0.03785	0.03204	0.29071	0.28915	0.06146	0.06748	0.01852	0.01231	0.00351	0.00742	0.01589	0.01315	0.01484
10	0.02679	0.02974	0.06285	0.05116	0.14051	0.02817	0.41452	0.03579	0.02640	0.03618	0.02250	0.02993	0.01721	0.00958	0.01292	0.00372	0.01801	0.01272	0.00567	0.01564
11	0.02515	0.02946	0.19344	0.02242	0.03157	0.01749	0.02310	0.03232	0.02582	0.12249	0.08097	0.12335	0.03947	0.01774	0.01173	0.00358	0.01099	0.06392	0.00875	0.11624
12	0.03787	0.01621	0.02189	0.01804	0.02432	0.01486	0.01456	0.04236	0.02878	0.34836	0.08825	0.04420	0.03566	0.02683	0.10537	0.00590	0.01221	0.01223	0.08632	0.01578

[dist]
# distance from previous block
# <min> <max>
0	49

[block]
# block no. 8 follows, 11 sequences, length 8
# corresponding to MSA columns:
# 841-848
name=unknown_I
#
# <colnr> <probs for GDERKNQSTAVLIFYWHMCP>
#	G	D	E	R	K	N	Q	S	T	A	V	L	I	F	Y	W	H	M	C	P
0	0.01914	0.01095	0.01504	0.01538	0.01648	0.01079	0.01051	0.01893	0.01879	0.06285	0.03841	0.21535	0.04166	0.13626	0.09603	0.22801	0.01138	0.01810	0.00774	0.00821
1	0.07971	0.12113	0.08209	0.20941	0.04535	0.02643	0.02354	0.03519	0.08977	0.06905	0.02880	0.09146	0.02471	0.01425	0.01055	0.00357	0.01201	0.01175	0.00721	0.01401
2	0.03865	0.02947	0.03145	0.02506	0.03333	0.03297	0.02039	0.37454	0.18182	0.06426	0.03228	0.03121	0.02340	0.01400	0.01131	0.00350	0.01141	0.01086	0.01131	0.01877
3	0.01617	0.01168	0.01616	0.01616	0.01750	0.01302	0.01166	0.01886	0.01752	0.02470	0.03191	0.05400	0.03238	0.25716	0.39290	0.01570	0.02376	0.01349	0.00629	0.00898
4	0.01773	0.01195	0.01566	0.07587	0.02116	0.01284	0.01117	0.01935	0.01801	0.02545	0.03138	0.05612	0.03230	0.32415	0.12933	0.07815	0.01381	0.01357	0.08379	0.00822
5	0.17770	0.01316	0.01192	0.01151	0.01516	0.01398	0.00889	0.02785	0.02255	0.04398	0.03174	0.03636	0.02491	0.01248	0.00765	0.00283	0.00606	0.00945	0.51092	0.01089
6	0.03068	0.16378	0.18220	0.02495	0.03604	0.03179	0.02544	0.16856	0.08937	0.04513	0.02413	0.02554	0.01828	0.01157	0.00996	0.00310	0.01271	0.00869	0.00759	0.08049
7	0.03199	0.02102	0.02418	0.02066	0.02703	0.02232	0.01633	0.09175	0.25707	0.16262	0.14642	0.04869	0.04672	0.01644	0.01179	0.00364	0.00862	0.01378	0.01220	0.01672

[dist]
# distance from previous block
# <min> <max>
0	4

[block]
# block no. 9 follows, 11 sequences, length 27
# corresponding to MSA columns:
# 853-879
name=unknown_J
#
# <colnr> <probs for GDERKNQSTAVLIFYWHMCP>
#	G	D	E	R	K	N	Q	S	T	A	V	L	I	F	Y	W	H	M	C	P
0	0.01768	0.01415	0.01702	0.01503	0.02003	0.01168	0.01125	0.02169	0.02532	0.03585	0.16805	0.19100	0.12941	0.02150	0.01175	0.00315	0.00676	0.01875	0.00955	0.25036
1	0.01844	0.01619	0.02603	0.36770	0.05468	0.01908	0.02349	0.02387	0.02215	0.02875	0.03569	0.24170	0.03719	0.02022	0.01241	0.00406	0.01184	0.01821	0.00703	0.01125
2	0.02232	0.01860	0.02615	0.02298	0.02675	0.02044	0.06499	0.09144	0.07362	0.03796	0.08148	0.20985	0.04561	0.03208	0.09786	0.00623	0.08149	0.01851	0.00901	0.01264
3	0.01807	0.01389	0.01824	0.05774	0.02487	0.01448	0.01550	0.02632	0.09800	0.03504	0.11175	0.26188	0.06496	0.02777	0.01396	0.00447	0.00857	0.16284	0.01042	0.01125
4	0.02284	0.01886	0.02288	0.07405	0.03032	0.01550	0.01454	0.02813	0.02328	0.03649	0.02201	0.02626	0.01796	0.00921	0.00858	0.00200	0.00866	0.00747	0.08564	0.52532
5	0.17380	0.01735	0.01874	0.01710	0.02154	0.01819	0.01295	0.07123	0.05912	0.11768	0.03801	0.12732	0.03664	0.16273	0.02240	0.00561	0.00954	0.04820	0.00946	0.01239
6	0.11392	0.02526	0.07982	0.02234	0.03004	0.02313	0.01983	0.04512	0.10974	0.23369	0.03258	0.03196	0.02296	0.01389	0.01439	0.00364	0.09602	0.01008	0.00987	0.06172
7	0.03869	0.09721	0.03546	0.02469	0.03280	0.06624	0.05971	0.21012	0.03717	0.17092	0.03250	0.08762	0.02594	0.01492	0.01121	0.00341	0.01219	0.01226	0.01018	0.01676
8	0.01439	0.01068	0.01358	0.01564	0.01729	0.00987	0.01137	0.01709	0.02317	0.02994	0.07260	0.41294	0.16902	0.03312	0.01434	0.00451	0.00701	0.10358	0.01043	0.00943
9	0.03009	0.61122	0.05898	0.01926	0.02889	0.04454	0.01926	0.03370	0.02287	0.02648	0.01565	0.01805	0.01444	0.00963	0.00722	0.00241	0.01204	0.00602	0.00481	0.01444
10	0.02334	0.02001	0.02334	0.01667	0.02667	0.01500	0.01334	0.02834	0.02334	0.03668	0.02001	0.02334	0.01667	0.00834	0.00834	0.00167	0.00834	0.00667	0.00667	0.67325
11	0.03948	0.02988	0.03192	0.02523	0.03364	0.03336	0.02059	0.39905	0.15596	0.06560	0.03122	0.03037	0.02254	0.01390	0.01130	0.00348	0.01161	0.01071	0.01130	0.01884
12	0.01441	0.01029	0.01386	0.01646	0.01742	0.00974	0.01165	0.01687	0.02223	0.02951	0.06165	0.52340	0.07293	0.03461	0.01455	0.00467	0.00713	0.09885	0.01043	0.00933
13	0.04532	0.01801	0.02446	0.01915	0.02695	0.01566	0.01566	0.04982	0.03216	0.46760	0.11688	0.04516	0.03959	0.01529	0.01161	0.00349	0.00894	0.01267	0.01370	0.01788
14	0.01388	0.01068	0.01271	0.01377	0.01596	0.00950	0.00973	0.01669	0.02470	0.03184	0.15222	0.32890	0.25742	0.03078	0.01379	0.00411	0.00602	0.02703	0.01074	0.00950
15	0.68395	0.02177	0.01654	0.01480	0.02177	0.02525	0.01219	0.03309	0.01915	0.05050	0.01567	0.01828	0.01219	0.01045	0.00697	0.00348	0.00871	0.00609	0.00697	0.01219
16	0.01637	0.01091	0.01228	0.01228	0.01228	0.01091	0.00682	0.01637	0.01637	0.02182	0.03546	0.07365	0.04092	0.60445	0.05729	0.01091	0.01091	0.01637	0.00682	0.00682
17	0.01516	0.01115	0.01590	0.01682	0.01837	0.01189	0.01239	0.01850	0.02060	0.02877	0.08548	0.25906	0.05260	0.06030	0.30395	0.01166	0.01897	0.02040	0.00827	0.00975
18	0.01934	0.01082	0.01197	0.01168	0.01431	0.01053	0.00876	0.02461	0.02628	0.04299	0.19604	0.05561	0.05392	0.01632	0.00962	0.00292	0.00527	0.01369	0.45479	0.01053
19	0.23707	0.02456	0.02951	0.14686	0.04122	0.02799	0.05717	0.13727	0.10934	0.04837	0.02463	0.02766	0.01836	0.01201	0.01009	0.00360	0.01175	0.00950	0.00810	0.01493
20	0.08758	0.16300	0.03971	0.02547	0.03397	0.11381	0.05705	0.21999	0.07329	0.04835	0.02324	0.02472	0.01784	0.01193	0.01003	0.00316	0.01346	0.00891	0.00824	0.01622
21	0.17136	0.10767	0.02726	0.02219	0.07244	0.02289	0.01587	0.06773	0.02460	0.03893	0.03117	0.18696	0.03225	0.01735	0.01012	0.00333	0.00929	0.01434	0.00783	0.11642
22	0.12781	0.24525	0.08741	0.02100	0.03023	0.03218	0.01987	0.07469	0.09968	0.12228	0.02618	0.02622	0.01964	0.01169	0.00912	0.00313	0.01115	0.00843	0.00809	0.01595
23	0.02830	0.26438	0.28689	0.02682	0.03921	0.11287	0.03026	0.03631	0.02465	0.03100	0.01808	0.02111	0.01436	0.01043	0.00931	0.00303	0.01546	0.00730	0.00493	0.01528
24	0.01528	0.01104	0.01512	0.01592	0.01724	0.01148	0.01133	0.01815	0.02069	0.02867	0.10171	0.24522	0.05546	0.13703	0.23059	0.01059	0.01613	0.02061	0.00844	0.00932
25	0.02679	0.18372	0.23784	0.10165	0.04219	0.02786	0.02850	0.03458	0.02416	0.09240	0.02594	0.08004	0.02182	0.01325	0.01032	0.00338	0.01342	0.01060	0.00645	0.01509
26	0.09466	0.34215	0.12223	0.02223	0.03252	0.03777	0.02240	0.13742	0.02936	0.04010	0.01887	0.02094	0.01525	0.01074	0.00862	0.00290	0.01248	0.00729	0.00645	0.01561

[dist]
# distance from previous block
# <min> <max>
0	11

[block]
# block no. 10 follows, 11 sequences, length 25
# corresponding to MSA columns:
# 891-915
name=unknown_K
#
# <colnr> <probs for GDERKNQSTAVLIFYWHMCP>
#	G	D	E	R	K	N	Q	S	T	A	V	L	I	F	Y	W	H	M	C	P
0	0.01409	0.00995	0.01295	0.01519	0.01575	0.00939	0.00993	0.01577	0.02081	0.02775	0.05824	0.52236	0.06966	0.11654	0.02049	0.00548	0.00716	0.02977	0.00993	0.00881
1	0.01756	0.01061	0.01214	0.01254	0.01407	0.01035	0.00851	0.02075	0.02245	0.03439	0.11173	0.16933	0.05237	0.17570	0.02306	0.00535	0.00702	0.01783	0.26500	0.00926
2	0.14493	0.10562	0.03016	0.02386	0.07514	0.02532	0.01767	0.12628	0.03118	0.13990	0.08939	0.08074	0.03387	0.01513	0.01045	0.00339	0.00993	0.01212	0.00963	0.01530
3	0.02641	0.09123	0.03353	0.32044	0.05410	0.02582	0.02454	0.08625	0.02828	0.07588	0.09480	0.03658	0.02946	0.01322	0.01106	0.00349	0.01253	0.01112	0.00748	0.01378
4	0.01393	0.01019	0.01310	0.01498	0.01625	0.00936	0.01024	0.01640	0.02328	0.03089	0.12403	0.47697	0.13301	0.03298	0.01411	0.00436	0.00628	0.02961	0.01068	0.00936
5	0.08066	0.03504	0.20636	0.13820	0.10675	0.02578	0.06252	0.03860	0.09404	0.06729	0.02517	0.02891	0.01852	0.01146	0.01087	0.00361	0.01391	0.00981	0.00665	0.01584
6	0.04216	0.03201	0.07383	0.02558	0.03424	0.14926	0.05716	0.04988	0.07643	0.29063	0.03437	0.03252	0.02330	0.01288	0.01115	0.00341	0.01340	0.01038	0.01034	0.01705
7	0.01365	0.01002	0.01282	0.01506	0.01616	0.00919	0.01018	0.01574	0.02214	0.02897	0.06946	0.52731	0.13944	0.03430	0.01421	0.00446	0.00641	0.03082	0.01045	0.00919
8	0.03550	0.03531	0.25081	0.02435	0.03592	0.02013	0.02660	0.04373	0.02771	0.27346	0.03313	0.03233	0.02204	0.01244	0.01071	0.00344	0.01223	0.00993	0.07301	0.01722
9	0.02880	0.02758	0.09622	0.28463	0.05728	0.02654	0.06386	0.11641	0.06299	0.08717	0.02554	0.03037	0.01834	0.01197	0.01136	0.00365	0.01411	0.01039	0.00740	0.01535
10	0.02923	0.03136	0.15953	0.10665	0.04660	0.02369	0.13959	0.07484	0.02918	0.12933	0.08681	0.03635	0.02894	0.01277	0.01187	0.00361	0.01400	0.01189	0.00811	0.01564
11	0.03743	0.03342	0.03283	0.02727	0.03255	0.15880	0.02207	0.19398	0.03432	0.09070	0.02237	0.02569	0.01743	0.01510	0.01935	0.00378	0.19983	0.00946	0.00814	0.01546
12	0.32354	0.02431	0.02444	0.01966	0.02771	0.02630	0.01623	0.18905	0.03327	0.17504	0.02625	0.02593	0.01821	0.01228	0.00941	0.00345	0.01011	0.00866	0.01003	0.01612
13	0.16470	0.02482	0.02554	0.02104	0.02838	0.02751	0.01703	0.21904	0.15232	0.09762	0.03164	0.03123	0.02306	0.01332	0.01014	0.00344	0.00992	0.01009	0.07252	0.01663
14	0.04395	0.01913	0.02495	0.01987	0.02766	0.01761	0.01615	0.05231	0.10096	0.42337	0.09134	0.04326	0.03636	0.01500	0.01153	0.00354	0.00907	0.01239	0.01343	0.01814
15	0.02334	0.02001	0.02334	0.01667	0.02667	0.01500	0.01334	0.02834	0.02334	0.03668	0.02001	0.02334	0.01667	0.00834	0.00834	0.00167	0.00834	0.00667	0.00667	0.67325
16	0.01840	0.01113	0.01487	0.01601	0.01788	0.01021	0.01120	0.02105	0.02406	0.09245	0.11565	0.46854	0.07263	0.03123	0.01387	0.00432	0.00675	0.02812	0.01110	0.01052
17	0.01531	0.01125	0.01456	0.01578	0.01791	0.01050	0.01198	0.01912	0.02614	0.03490	0.20514	0.26994	0.14651	0.02976	0.01416	0.00430	0.00693	0.12490	0.01100	0.00990
18	0.02890	0.08975	0.02517	0.01850	0.02444	0.02348	0.01493	0.04628	0.25398	0.10267	0.03938	0.03868	0.02959	0.01380	0.00988	0.00326	0.00829	0.01110	0.20249	0.01543
19	0.01506	0.01123	0.01409	0.01453	0.01697	0.01026	0.01084	0.01906	0.02760	0.03711	0.28766	0.21064	0.18688	0.02776	0.01374	0.00399	0.00615	0.06508	0.01133	0.01002
20	0.02818	0.01810	0.02458	0.15297	0.03730	0.01925	0.01905	0.03923	0.12847	0.16027	0.15474	0.05472	0.04752	0.01703	0.01212	0.00376	0.00979	0.04769	0.01064	0.01459
21	0.03045	0.07844	0.02955	0.06473	0.03253	0.02646	0.01838	0.13507	0.19235	0.08344	0.03550	0.08685	0.02913	0.01506	0.01089	0.00338	0.01014	0.01238	0.00980	0.09547
22	0.18527	0.02897	0.12845	0.02980	0.10497	0.02255	0.05190	0.04217	0.02633	0.23009	0.02858	0.02898	0.01959	0.01169	0.01030	0.00350	0.01184	0.00949	0.00889	0.01665
23	0.08182	0.20178	0.07048	0.07188	0.10649	0.03263	0.02317	0.11448	0.08724	0.07168	0.02428	0.02632	0.01876	0.01152	0.00970	0.00319	0.01201	0.00885	0.00751	0.01620
24	0.07301	0.09337	0.08865	0.02001	0.02692	0.02136	0.01829	0.03315	0.02614	0.14491	0.14206	0.08419	0.04275	0.01663	0.01338	0.00346	0.06482	0.01312	0.00921	0.06455

[dist]
# distance from previous block
# <min> <max>
30	2806

# created by:
# /st0/software/busco_prod/Augustus/scripts/msa2prfl.pl ./align_prep/8208.fa
