[name]
unknown

[dist]
# distance from previous block
# <min> <max>
12	116

[block]
# block no. 0 follows, 12 sequences, length 48
# corresponding to MSA columns:
# 130-177
name=unknown_A
#
# <colnr> <probs for GDERKNQSTAVLIFYWHMCP>
#	G	D	E	R	K	N	Q	S	T	A	V	L	I	F	Y	W	H	M	C	P
0	0.14131	0.02267	0.06920	0.01828	0.02413	0.06274	0.01559	0.06768	0.02720	0.10946	0.11591	0.14840	0.09671	0.01898	0.01110	0.00356	0.00929	0.01564	0.00945	0.01269
1	0.03572	0.09259	0.23142	0.02457	0.03603	0.02473	0.02612	0.11117	0.03018	0.23731	0.02904	0.02832	0.01954	0.01185	0.01035	0.00329	0.01248	0.00921	0.00891	0.01719
2	0.19810	0.13787	0.17582	0.02117	0.03137	0.02633	0.02197	0.03740	0.06297	0.10837	0.02280	0.02397	0.01685	0.01072	0.00881	0.00310	0.01123	0.00772	0.00702	0.06641
3	0.03823	0.02713	0.15902	0.02189	0.03142	0.01760	0.02151	0.04433	0.02802	0.36738	0.03894	0.09554	0.02855	0.01494	0.01113	0.00351	0.01068	0.01240	0.01089	0.01689
4	0.03849	0.08271	0.08484	0.02574	0.03463	0.13613	0.02251	0.34063	0.04245	0.05414	0.02293	0.02397	0.01688	0.01219	0.01035	0.00313	0.01382	0.00881	0.00882	0.01684
5	0.02498	0.29890	0.34509	0.02576	0.03898	0.03294	0.03103	0.03373	0.02265	0.03073	0.01768	0.02066	0.01389	0.00992	0.00892	0.00297	0.01421	0.00710	0.00463	0.01521
6	0.02557	0.14454	0.42909	0.02798	0.04228	0.02734	0.03453	0.03596	0.02364	0.08173	0.02104	0.02344	0.01507	0.01048	0.00987	0.00326	0.01476	0.00797	0.00544	0.01600
7	0.01557	0.01547	0.06624	0.01488	0.01896	0.01153	0.01279	0.02099	0.02898	0.04017	0.41169	0.08025	0.17716	0.02215	0.01263	0.00348	0.00627	0.01922	0.01094	0.01064
8	0.01297	0.01073	0.01137	0.01189	0.01495	0.00913	0.00866	0.01555	0.02404	0.02912	0.10013	0.20840	0.44756	0.02896	0.01310	0.00383	0.00569	0.02465	0.01012	0.00913
9	0.01558	0.01168	0.01752	0.01752	0.01947	0.01363	0.01363	0.01947	0.01752	0.02531	0.02921	0.04283	0.02726	0.08178	0.57360	0.01752	0.02921	0.01168	0.00584	0.00974
10	0.02699	0.02591	0.04426	0.06693	0.54879	0.02591	0.03346	0.03346	0.02483	0.03562	0.02051	0.02699	0.01727	0.00972	0.01079	0.00324	0.01295	0.00972	0.00540	0.01727
11	0.01316	0.01106	0.01143	0.01133	0.01490	0.00932	0.00850	0.01618	0.02550	0.03100	0.15729	0.10239	0.49657	0.02704	0.01288	0.00365	0.00548	0.02266	0.01033	0.00932
12	0.02915	0.62337	0.05714	0.01866	0.02799	0.04314	0.01866	0.03265	0.02215	0.02565	0.01516	0.01749	0.01399	0.00933	0.00700	0.00233	0.01166	0.00583	0.00466	0.01399
13	0.01289	0.01105	0.01105	0.01105	0.01473	0.00920	0.00828	0.01565	0.02485	0.02946	0.11046	0.10493	0.54437	0.02761	0.01289	0.00368	0.00552	0.02301	0.01013	0.00920
14	0.02261	0.01938	0.02261	0.01615	0.02584	0.01453	0.01292	0.02745	0.02261	0.03553	0.01938	0.02261	0.01615	0.00807	0.00807	0.00161	0.00807	0.00646	0.00646	0.68346
15	0.04892	0.01856	0.02530	0.01940	0.02783	0.01603	0.01603	0.05314	0.03121	0.55634	0.04302	0.03711	0.02699	0.01350	0.01096	0.00337	0.00928	0.01096	0.01350	0.01856
16	0.04073	0.05197	0.03090	0.02809	0.03371	0.57303	0.02107	0.04354	0.03090	0.02669	0.01685	0.01966	0.01404	0.01124	0.00983	0.00281	0.01966	0.00702	0.00562	0.01264
17	0.02059	0.01938	0.03270	0.59060	0.07510	0.02422	0.03028	0.02786	0.02180	0.02786	0.01938	0.02907	0.01453	0.01090	0.01090	0.00363	0.01453	0.00969	0.00484	0.01211
18	0.01558	0.01168	0.01752	0.01752	0.01947	0.01363	0.01363	0.01947	0.01752	0.02531	0.02921	0.04283	0.02726	0.08178	0.57360	0.01752	0.02921	0.01168	0.00584	0.00974
19	0.02915	0.62337	0.05714	0.01866	0.02799	0.04314	0.01866	0.03265	0.02215	0.02565	0.01516	0.01749	0.01399	0.00933	0.00700	0.00233	0.01166	0.00583	0.00466	0.01399
20	0.01574	0.01124	0.01547	0.01799	0.01969	0.01097	0.01438	0.01942	0.02329	0.03058	0.05874	0.33116	0.06676	0.03185	0.01457	0.00477	0.00845	0.28532	0.01007	0.00953
21	0.01328	0.00949	0.01265	0.01518	0.01581	0.00886	0.01012	0.01518	0.02088	0.02783	0.06010	0.60969	0.07212	0.03416	0.01392	0.00443	0.00633	0.03100	0.01012	0.00886
22	0.02033	0.01016	0.01016	0.01016	0.01270	0.01016	0.00762	0.02541	0.02287	0.04065	0.03557	0.04065	0.02795	0.01270	0.00762	0.00254	0.00508	0.01016	0.67734	0.01016
23	0.01453	0.01041	0.01396	0.01570	0.01711	0.00984	0.01147	0.01773	0.02394	0.03237	0.17193	0.40163	0.07762	0.03069	0.01387	0.00430	0.00670	0.10625	0.01054	0.00940
24	0.02187	0.05640	0.56031	0.03108	0.04719	0.02532	0.04029	0.03453	0.02302	0.03453	0.01957	0.02302	0.01381	0.01036	0.01036	0.00345	0.01611	0.00806	0.00460	0.01611
25	0.69383	0.02109	0.01603	0.01434	0.02109	0.02446	0.01181	0.03205	0.01856	0.04892	0.01518	0.01771	0.01181	0.01012	0.00675	0.00337	0.00843	0.00590	0.00675	0.01181
26	0.01289	0.01105	0.01105	0.01105	0.01473	0.00920	0.00828	0.01565	0.02485	0.02946	0.11046	0.10493	0.54437	0.02761	0.01289	0.00368	0.00552	0.02301	0.01013	0.00920
27	0.04759	0.02069	0.02663	0.02041	0.02890	0.01920	0.01686	0.13500	0.03478	0.46944	0.04002	0.03516	0.02548	0.01342	0.01095	0.00336	0.00976	0.01076	0.01303	0.01855
28	0.02059	0.01938	0.03270	0.59060	0.07510	0.02422	0.03028	0.02786	0.02180	0.02786	0.01938	0.02907	0.01453	0.01090	0.01090	0.00363	0.01453	0.00969	0.00484	0.01211
29	0.04892	0.01856	0.02530	0.01940	0.02783	0.01603	0.01603	0.05314	0.03121	0.55634	0.04302	0.03711	0.02699	0.01350	0.01096	0.00337	0.00928	0.01096	0.01350	0.01856
30	0.01353	0.00959	0.01258	0.01486	0.01544	0.00902	0.00978	0.01525	0.02039	0.02719	0.05761	0.55762	0.06897	0.09052	0.01794	0.00502	0.00674	0.02953	0.00978	0.00864
31	0.04073	0.05197	0.03090	0.02809	0.03371	0.57303	0.02107	0.04354	0.03090	0.02669	0.01685	0.01966	0.01404	0.01124	0.00983	0.00281	0.01966	0.00702	0.00562	0.01264
32	0.01374	0.01108	0.01223	0.01194	0.01525	0.00957	0.00895	0.01730	0.02686	0.03423	0.25516	0.09708	0.39668	0.02583	0.01288	0.00360	0.00540	0.02191	0.01075	0.00957
33	0.01586	0.01057	0.01189	0.01189	0.01189	0.01057	0.00661	0.01586	0.01586	0.02114	0.03436	0.07135	0.03964	0.61681	0.05550	0.01057	0.01057	0.01586	0.00661	0.00661
34	0.02222	0.02130	0.02888	0.43188	0.06029	0.08116	0.02563	0.02840	0.02282	0.02897	0.02362	0.07123	0.01995	0.01280	0.01069	0.00350	0.01358	0.01099	0.07036	0.01175
35	0.58716	0.02472	0.06621	0.01810	0.02596	0.02476	0.05079	0.03247	0.01947	0.04666	0.01606	0.01903	0.01233	0.01007	0.00751	0.00340	0.00982	0.00660	0.00647	0.01239
36	0.02407	0.02325	0.02995	0.21669	0.04534	0.07607	0.06670	0.03772	0.17547	0.03643	0.11733	0.04070	0.03552	0.01390	0.01138	0.00354	0.01201	0.01225	0.00808	0.01362
37	0.02123	0.02612	0.12005	0.07875	0.03800	0.02141	0.12280	0.03405	0.14443	0.03502	0.04810	0.09620	0.13285	0.01680	0.01193	0.00371	0.01165	0.01527	0.00797	0.01368
38	0.03432	0.02011	0.02457	0.01821	0.02734	0.01690	0.01482	0.08237	0.02853	0.23567	0.02896	0.02843	0.02047	0.01059	0.00943	0.00243	0.00890	0.00848	0.00954	0.36993
39	0.03465	0.02290	0.02734	0.08285	0.03424	0.02382	0.01857	0.15887	0.16069	0.17512	0.03329	0.03239	0.02362	0.01266	0.01056	0.00320	0.01016	0.01024	0.01030	0.11454
40	0.02183	0.01849	0.02174	0.01589	0.02481	0.01408	0.01263	0.02671	0.02350	0.03642	0.07607	0.02898	0.02554	0.00961	0.00859	0.00181	0.00776	0.00790	0.00706	0.61059
41	0.02433	0.08664	0.06607	0.02536	0.07770	0.02202	0.05099	0.03625	0.15099	0.07619	0.16943	0.08727	0.04810	0.01635	0.01136	0.00345	0.00949	0.01435	0.00937	0.01428
42	0.01572	0.01113	0.01470	0.01470	0.01567	0.01210	0.01011	0.01766	0.01669	0.02322	0.03179	0.05713	0.03346	0.34993	0.31393	0.01404	0.01987	0.01377	0.00622	0.00817
43	0.02177	0.02036	0.03313	0.49124	0.11691	0.02464	0.02947	0.03098	0.06556	0.03013	0.02163	0.02986	0.01641	0.01112	0.01091	0.00360	0.01388	0.00992	0.00543	0.01305
44	0.01821	0.01204	0.01562	0.01699	0.01909	0.01176	0.01250	0.02351	0.06979	0.07380	0.05684	0.42935	0.06324	0.02999	0.01360	0.00437	0.00740	0.10081	0.01048	0.01063
45	0.03522	0.01656	0.02346	0.11038	0.03236	0.01569	0.01679	0.03987	0.02864	0.33300	0.12591	0.09826	0.04222	0.01655	0.01156	0.00353	0.00914	0.01417	0.01152	0.01518
46	0.02828	0.27004	0.26727	0.02580	0.03731	0.13829	0.02838	0.03557	0.02422	0.02965	0.01737	0.02028	0.01393	0.01014	0.00898	0.00290	0.01512	0.00701	0.00482	0.01464
47	0.02171	0.01885	0.02087	0.01909	0.02493	0.06143	0.01588	0.02647	0.02453	0.03336	0.03782	0.07120	0.03865	0.01907	0.01162	0.00337	0.01002	0.23469	0.00813	0.29830

[dist]
# distance from previous block
# <min> <max>
3	5

[block]
# block no. 1 follows, 12 sequences, length 39
# corresponding to MSA columns:
# 184-222
name=unknown_B
#
# <colnr> <probs for GDERKNQSTAVLIFYWHMCP>
#	G	D	E	R	K	N	Q	S	T	A	V	L	I	F	Y	W	H	M	C	P
0	0.02050	0.01786	0.02540	0.26741	0.04590	0.01925	0.02100	0.02903	0.08136	0.03202	0.03141	0.11938	0.02944	0.01571	0.01110	0.00343	0.01088	0.05302	0.00713	0.15878
1	0.02040	0.03037	0.18882	0.03124	0.04019	0.02057	0.20529	0.02810	0.02331	0.03240	0.03427	0.22479	0.03465	0.01801	0.01251	0.00387	0.01364	0.01765	0.00682	0.01312
2	0.02173	0.02133	0.03887	0.38203	0.10097	0.02385	0.13341	0.02918	0.02368	0.03138	0.06620	0.03361	0.02296	0.01144	0.01150	0.00360	0.01443	0.01127	0.00566	0.01290
3	0.01607	0.01149	0.01578	0.01789	0.01986	0.01120	0.01452	0.02019	0.02457	0.03258	0.11730	0.25931	0.07034	0.03034	0.01446	0.00466	0.00837	0.29104	0.01030	0.00973
4	0.02261	0.01638	0.02205	0.07258	0.08904	0.01648	0.01630	0.03155	0.10429	0.09941	0.23661	0.06225	0.12920	0.01836	0.01195	0.00350	0.00799	0.01595	0.01033	0.01316
5	0.01645	0.01377	0.02112	0.01788	0.02189	0.01259	0.08216	0.02173	0.02899	0.03977	0.38642	0.07832	0.17322	0.02139	0.01287	0.00351	0.00713	0.01934	0.01071	0.01072
6	0.02698	0.02736	0.03962	0.19902	0.36254	0.09185	0.03113	0.03322	0.02477	0.03251	0.01977	0.02664	0.01616	0.01021	0.01071	0.00329	0.01418	0.00938	0.00528	0.01536
7	0.02836	0.02104	0.02649	0.02354	0.09026	0.01782	0.01652	0.07440	0.02657	0.10891	0.02331	0.02542	0.01796	0.00945	0.00905	0.00220	0.00918	0.00776	0.00767	0.45410
8	0.02899	0.04359	0.34335	0.02762	0.04038	0.02590	0.03134	0.12062	0.09017	0.10259	0.02644	0.02734	0.01852	0.01173	0.01061	0.00344	0.01371	0.00921	0.00750	0.01695
9	0.02940	0.02111	0.02354	0.02069	0.02680	0.02320	0.01620	0.05259	0.38417	0.13203	0.10465	0.04502	0.04066	0.01548	0.01129	0.00361	0.00832	0.01299	0.01161	0.01663
10	0.03785	0.01790	0.02342	0.01996	0.02643	0.01683	0.01655	0.09873	0.03142	0.33214	0.04577	0.09730	0.03788	0.01896	0.01216	0.00384	0.00958	0.12537	0.01210	0.01579
11	0.01328	0.00949	0.01265	0.01518	0.01581	0.00886	0.01012	0.01518	0.02088	0.02783	0.06010	0.60969	0.07212	0.03416	0.01392	0.00443	0.00633	0.03100	0.01012	0.00886
12	0.01543	0.01115	0.01457	0.01372	0.01629	0.01029	0.01029	0.02058	0.03086	0.04372	0.54304	0.08145	0.10288	0.02229	0.01286	0.00343	0.00514	0.01972	0.01200	0.01029
13	0.02059	0.01938	0.03270	0.59060	0.07510	0.02422	0.03028	0.02786	0.02180	0.02786	0.01938	0.02907	0.01453	0.01090	0.01090	0.00363	0.01453	0.00969	0.00484	0.01211
14	0.02261	0.01938	0.02261	0.01615	0.02584	0.01453	0.01292	0.02745	0.02261	0.03553	0.01938	0.02261	0.01615	0.00807	0.00807	0.00161	0.00807	0.00646	0.00646	0.68346
15	0.01586	0.01057	0.01189	0.01189	0.01189	0.01057	0.00661	0.01586	0.01586	0.02114	0.03436	0.07135	0.03964	0.61681	0.05550	0.01057	0.01057	0.01586	0.00661	0.00661
16	0.01881	0.01199	0.01509	0.01383	0.01731	0.01073	0.01054	0.02335	0.02966	0.10060	0.39486	0.08115	0.18568	0.02237	0.01264	0.00348	0.00571	0.01938	0.01179	0.01103
17	0.01543	0.01115	0.01457	0.01372	0.01629	0.01029	0.01029	0.02058	0.03086	0.04372	0.54304	0.08145	0.10288	0.02229	0.01286	0.00343	0.00514	0.01972	0.01200	0.01029
18	0.02616	0.01188	0.01325	0.01205	0.01579	0.01136	0.00934	0.03107	0.02457	0.14594	0.03709	0.03993	0.02775	0.01286	0.00830	0.00271	0.00594	0.01033	0.54180	0.01188
19	0.04892	0.01856	0.02530	0.01940	0.02783	0.01603	0.01603	0.05314	0.03121	0.55634	0.04302	0.03711	0.02699	0.01350	0.01096	0.00337	0.00928	0.01096	0.01350	0.01856
20	0.01491	0.01113	0.01385	0.01317	0.01597	0.01007	0.00988	0.01957	0.02964	0.04081	0.45472	0.08624	0.19302	0.02338	0.01287	0.00348	0.00522	0.02039	0.01162	0.01007
21	0.01328	0.00949	0.01265	0.01518	0.01581	0.00886	0.01012	0.01518	0.02088	0.02783	0.06010	0.60969	0.07212	0.03416	0.01392	0.00443	0.00633	0.03100	0.01012	0.00886
22	0.02059	0.01938	0.03270	0.59060	0.07510	0.02422	0.03028	0.02786	0.02180	0.02786	0.01938	0.02907	0.01453	0.01090	0.01090	0.00363	0.01453	0.00969	0.00484	0.01211
23	0.61459	0.02483	0.01783	0.01601	0.02262	0.09102	0.01293	0.03345	0.02005	0.04622	0.01539	0.01795	0.01208	0.01026	0.00712	0.00331	0.00980	0.00604	0.00661	0.01191
24	0.01503	0.01100	0.01411	0.01360	0.01611	0.01008	0.01010	0.01971	0.02952	0.04118	0.46585	0.12656	0.13897	0.02372	0.01295	0.00353	0.00527	0.02093	0.01169	0.01008
25	0.02604	0.02441	0.03759	0.12502	0.27875	0.02618	0.05988	0.04075	0.18896	0.03773	0.02824	0.03191	0.02206	0.01150	0.01105	0.00347	0.01213	0.01078	0.00719	0.01636
26	0.01533	0.01035	0.01205	0.01256	0.01269	0.01022	0.00732	0.01572	0.01688	0.02250	0.03958	0.18064	0.04623	0.49852	0.04706	0.00932	0.00971	0.01893	0.00732	0.00706
27	0.02856	0.44879	0.04768	0.01968	0.02809	0.03848	0.01825	0.04001	0.16967	0.03146	0.02366	0.02424	0.01961	0.01092	0.00819	0.00273	0.01078	0.00772	0.00654	0.01494
28	0.10791	0.02651	0.07951	0.04057	0.25601	0.02345	0.02522	0.07647	0.02675	0.10879	0.02311	0.02621	0.01757	0.01038	0.00993	0.00306	0.01144	0.00884	0.00718	0.11108
29	0.10833	0.02791	0.17714	0.02114	0.02996	0.01818	0.02125	0.03695	0.02569	0.22540	0.07110	0.12437	0.03390	0.01608	0.01090	0.00357	0.01041	0.01331	0.00948	0.01494
30	0.02239	0.02034	0.03271	0.54181	0.07154	0.02505	0.02946	0.06967	0.02434	0.03138	0.01997	0.02882	0.01488	0.01109	0.01090	0.00360	0.01432	0.00970	0.00537	0.01267
31	0.01558	0.01168	0.01752	0.01752	0.01947	0.01363	0.01363	0.01947	0.01752	0.02531	0.02921	0.04283	0.02726	0.08178	0.57360	0.01752	0.02921	0.01168	0.00584	0.00974
32	0.03681	0.13157	0.12387	0.02622	0.03448	0.33835	0.02339	0.04155	0.02833	0.08970	0.02012	0.02195	0.01551	0.01107	0.00964	0.00292	0.01669	0.00749	0.00623	0.01412
33	0.04145	0.03054	0.03272	0.02509	0.03381	0.03381	0.02072	0.51243	0.05127	0.06872	0.02618	0.02618	0.01854	0.01309	0.01091	0.00327	0.01200	0.00982	0.01091	0.01854
34	0.01586	0.01057	0.01189	0.01189	0.01189	0.01057	0.00661	0.01586	0.01586	0.02114	0.03436	0.07135	0.03964	0.61681	0.05550	0.01057	0.01057	0.01586	0.00661	0.00661
35	0.01289	0.01105	0.01105	0.01105	0.01473	0.00920	0.00828	0.01565	0.02485	0.02946	0.11046	0.10493	0.54437	0.02761	0.01289	0.00368	0.00552	0.02301	0.01013	0.00920
36	0.02915	0.62337	0.05714	0.01866	0.02799	0.04314	0.01866	0.03265	0.02215	0.02565	0.01516	0.01749	0.01399	0.00933	0.00700	0.00233	0.01166	0.00583	0.00466	0.01399
37	0.01328	0.00949	0.01265	0.01518	0.01581	0.00886	0.01012	0.01518	0.02088	0.02783	0.06010	0.60969	0.07212	0.03416	0.01392	0.00443	0.00633	0.03100	0.01012	0.00886
38	0.02574	0.02941	0.06434	0.04596	0.05699	0.02757	0.50919	0.03493	0.02574	0.03493	0.02206	0.02941	0.01654	0.00919	0.01287	0.00368	0.01838	0.01287	0.00551	0.01471

[dist]
# distance from previous block
# <min> <max>
0	10

[block]
# block no. 2 follows, 12 sequences, length 59
# corresponding to MSA columns:
# 233-291
name=unknown_C
#
# <colnr> <probs for GDERKNQSTAVLIFYWHMCP>
#	G	D	E	R	K	N	Q	S	T	A	V	L	I	F	Y	W	H	M	C	P
0	0.02915	0.62337	0.05714	0.01866	0.02799	0.04314	0.01866	0.03265	0.02215	0.02565	0.01516	0.01749	0.01399	0.00933	0.00700	0.00233	0.01166	0.00583	0.00466	0.01399
1	0.02699	0.02591	0.04426	0.06693	0.54879	0.02591	0.03346	0.03346	0.02483	0.03562	0.02051	0.02699	0.01727	0.00972	0.01079	0.00324	0.01295	0.00972	0.00540	0.01727
2	0.01328	0.00949	0.01265	0.01518	0.01581	0.00886	0.01012	0.01518	0.02088	0.02783	0.06010	0.60969	0.07212	0.03416	0.01392	0.00443	0.00633	0.03100	0.01012	0.00886
3	0.02385	0.02385	0.03340	0.02863	0.02863	0.03340	0.02385	0.02624	0.01670	0.02624	0.01431	0.02385	0.01431	0.01908	0.03578	0.00477	0.59685	0.00954	0.00477	0.01193
4	0.02574	0.02941	0.06434	0.04596	0.05699	0.02757	0.50919	0.03493	0.02574	0.03493	0.02206	0.02941	0.01654	0.00919	0.01287	0.00368	0.01838	0.01287	0.00551	0.01471
5	0.04073	0.05197	0.03090	0.02809	0.03371	0.57303	0.02107	0.04354	0.03090	0.02669	0.01685	0.01966	0.01404	0.01124	0.00983	0.00281	0.01966	0.00702	0.00562	0.01264
6	0.01330	0.01029	0.01214	0.01331	0.01540	0.00913	0.00936	0.01585	0.02343	0.02991	0.12369	0.35012	0.27436	0.03035	0.01339	0.00403	0.00588	0.02663	0.01029	0.00913
7	0.02033	0.01016	0.01016	0.01016	0.01270	0.01016	0.00762	0.02541	0.02287	0.04065	0.03557	0.04065	0.02795	0.01270	0.00762	0.00254	0.00508	0.01016	0.67734	0.01016
8	0.02059	0.01938	0.03270	0.59060	0.07510	0.02422	0.03028	0.02786	0.02180	0.02786	0.01938	0.02907	0.01453	0.01090	0.01090	0.00363	0.01453	0.00969	0.00484	0.01211
9	0.02532	0.02757	0.04914	0.23223	0.10104	0.07148	0.26666	0.03311	0.02475	0.03189	0.02059	0.02829	0.01571	0.00999	0.01178	0.00355	0.01673	0.01104	0.00528	0.01386
10	0.02059	0.01938	0.03270	0.59060	0.07510	0.02422	0.03028	0.02786	0.02180	0.02786	0.01938	0.02907	0.01453	0.01090	0.01090	0.00363	0.01453	0.00969	0.00484	0.01211
11	0.03221	0.02595	0.02752	0.02322	0.03029	0.02950	0.01849	0.21941	0.35934	0.05382	0.03791	0.03553	0.02805	0.01419	0.01103	0.00355	0.00983	0.01144	0.01103	0.01771
12	0.01328	0.00949	0.01265	0.01518	0.01581	0.00886	0.01012	0.01518	0.02088	0.02783	0.06010	0.60969	0.07212	0.03416	0.01392	0.00443	0.00633	0.03100	0.01012	0.00886
13	0.01543	0.01115	0.01457	0.01372	0.01629	0.01029	0.01029	0.02058	0.03086	0.04372	0.54304	0.08145	0.10288	0.02229	0.01286	0.00343	0.00514	0.01972	0.01200	0.01029
14	0.04819	0.01973	0.02603	0.01996	0.02842	0.01777	0.01649	0.09823	0.03318	0.50847	0.04136	0.03604	0.02616	0.01346	0.01096	0.00336	0.00955	0.01085	0.01324	0.01855
15	0.01289	0.01105	0.01105	0.01105	0.01473	0.00920	0.00828	0.01565	0.02485	0.02946	0.11046	0.10493	0.54437	0.02761	0.01289	0.00368	0.00552	0.02301	0.01013	0.00920
16	0.69383	0.02109	0.01603	0.01434	0.02109	0.02446	0.01181	0.03205	0.01856	0.04892	0.01518	0.01771	0.01181	0.01012	0.00675	0.00337	0.00843	0.00590	0.00675	0.01181
17	0.02712	0.02342	0.02465	0.02219	0.02835	0.02712	0.01726	0.05794	0.52909	0.04561	0.04438	0.04068	0.03328	0.01479	0.01109	0.00370	0.00863	0.01233	0.01109	0.01726
18	0.02385	0.02385	0.03340	0.02863	0.02863	0.03340	0.02385	0.02624	0.01670	0.02624	0.01431	0.02385	0.01431	0.01908	0.03578	0.00477	0.59685	0.00954	0.00477	0.01193
19	0.03029	0.56727	0.05456	0.01958	0.02855	0.09517	0.01889	0.03372	0.02301	0.02575	0.01533	0.01770	0.01400	0.00952	0.00727	0.00238	0.01245	0.00595	0.00476	0.01386
20	0.01328	0.00949	0.01265	0.01518	0.01581	0.00886	0.01012	0.01518	0.02088	0.02783	0.06010	0.60969	0.07212	0.03416	0.01392	0.00443	0.00633	0.03100	0.01012	0.00886
21	0.27126	0.02130	0.02324	0.01853	0.02643	0.02172	0.01530	0.11732	0.02995	0.30459	0.03075	0.02869	0.02041	0.01226	0.00949	0.00336	0.00941	0.00903	0.01075	0.01622
22	0.02592	0.02328	0.03205	0.04049	0.24974	0.02495	0.02350	0.04380	0.26452	0.04115	0.08313	0.03883	0.03327	0.01336	0.01114	0.00348	0.01014	0.01194	0.00875	0.01658
23	0.01334	0.01106	0.01168	0.01153	0.01501	0.00940	0.00864	0.01653	0.02593	0.03202	0.18810	0.10072	0.46513	0.02666	0.01288	0.00364	0.00545	0.02242	0.01046	0.00940
24	0.02526	0.03039	0.10473	0.09206	0.17302	0.02670	0.31497	0.03399	0.02495	0.03450	0.02125	0.02820	0.01630	0.00956	0.01199	0.00355	0.01659	0.01142	0.00535	0.01524
25	0.64041	0.02088	0.01679	0.01476	0.02165	0.02376	0.01216	0.03380	0.01960	0.09095	0.01749	0.01932	0.01307	0.01040	0.00710	0.00337	0.00850	0.00632	0.00731	0.01237
26	0.02261	0.01938	0.02261	0.01615	0.02584	0.01453	0.01292	0.02745	0.02261	0.03553	0.01938	0.02261	0.01615	0.00807	0.00807	0.00161	0.00807	0.00646	0.00646	0.68346
27	0.01586	0.01057	0.01189	0.01189	0.01189	0.01057	0.00661	0.01586	0.01586	0.02114	0.03436	0.07135	0.03964	0.61681	0.05550	0.01057	0.01057	0.01586	0.00661	0.00661
28	0.02828	0.02400	0.02531	0.02242	0.02879	0.02766	0.01754	0.09472	0.49043	0.04748	0.04291	0.03951	0.03209	0.01466	0.01108	0.00366	0.00890	0.01212	0.01108	0.01736
29	0.01560	0.01158	0.01701	0.01701	0.01877	0.01335	0.01298	0.01914	0.01737	0.02493	0.02968	0.04545	0.02840	0.13093	0.52600	0.01688	0.02749	0.01207	0.00591	0.00945
30	0.02257	0.11080	0.51204	0.02989	0.04535	0.02703	0.03821	0.03435	0.02294	0.03368	0.01914	0.02249	0.01383	0.01026	0.01004	0.00335	0.01569	0.00784	0.00461	0.01591
31	0.04892	0.01856	0.02530	0.01940	0.02783	0.01603	0.01603	0.05314	0.03121	0.55634	0.04302	0.03711	0.02699	0.01350	0.01096	0.00337	0.00928	0.01096	0.01350	0.01856
32	0.01858	0.01697	0.02805	0.02771	0.07614	0.01802	0.09839	0.02222	0.02132	0.02948	0.04173	0.35169	0.04720	0.02493	0.01736	0.00425	0.11475	0.02208	0.00794	0.01119
33	0.02275	0.01888	0.02174	0.01646	0.02480	0.01538	0.01301	0.06999	0.02529	0.03743	0.03105	0.07890	0.06537	0.01235	0.00923	0.00218	0.00808	0.01021	0.00748	0.50944
34	0.02303	0.02001	0.02469	0.02102	0.07601	0.01563	0.01489	0.02803	0.02282	0.03554	0.01949	0.02303	0.01626	0.00823	0.00834	0.00177	0.00854	0.00677	0.00636	0.61955
35	0.02507	0.04791	0.41901	0.03277	0.04723	0.02489	0.12518	0.03631	0.02428	0.08254	0.02218	0.02550	0.01553	0.01043	0.01088	0.00349	0.01591	0.00922	0.00559	0.01608
36	0.02650	0.37384	0.22312	0.02318	0.03448	0.03558	0.02579	0.03576	0.07222	0.03060	0.01951	0.02163	0.01583	0.01021	0.00853	0.00284	0.01286	0.00722	0.00528	0.01503
37	0.01289	0.01105	0.01105	0.01105	0.01473	0.00920	0.00828	0.01565	0.02485	0.02946	0.11046	0.10493	0.54437	0.02761	0.01289	0.00368	0.00552	0.02301	0.01013	0.00920
38	0.02860	0.03293	0.17461	0.14402	0.20113	0.02600	0.03116	0.11495	0.02874	0.08020	0.02277	0.02698	0.01683	0.01097	0.01073	0.00338	0.01363	0.00939	0.00665	0.01632
39	0.01586	0.01057	0.01189	0.01189	0.01189	0.01057	0.00661	0.01586	0.01586	0.02114	0.03436	0.07135	0.03964	0.61681	0.05550	0.01057	0.01057	0.01586	0.00661	0.00661
40	0.01856	0.01488	0.01843	0.06858	0.02451	0.01558	0.01367	0.02997	0.15069	0.04169	0.34223	0.06844	0.11000	0.01981	0.01225	0.00353	0.00688	0.01724	0.01099	0.01207
41	0.02261	0.01938	0.02261	0.01615	0.02584	0.01453	0.01292	0.02745	0.02261	0.03553	0.01938	0.02261	0.01615	0.00807	0.00807	0.00161	0.00807	0.00646	0.00646	0.68346
42	0.01328	0.00949	0.01265	0.01518	0.01581	0.00886	0.01012	0.01518	0.02088	0.02783	0.06010	0.60969	0.07212	0.03416	0.01392	0.00443	0.00633	0.03100	0.01012	0.00886
43	0.02699	0.02591	0.04426	0.06693	0.54879	0.02591	0.03346	0.03346	0.02483	0.03562	0.02051	0.02699	0.01727	0.00972	0.01079	0.00324	0.01295	0.00972	0.00540	0.01727
44	0.02574	0.02941	0.06434	0.04596	0.05699	0.02757	0.50919	0.03493	0.02574	0.03493	0.02206	0.02941	0.01654	0.00919	0.01287	0.00368	0.01838	0.01287	0.00551	0.01471
45	0.02642	0.07925	0.11651	0.02337	0.03146	0.02817	0.02121	0.05192	0.40235	0.04209	0.03780	0.03580	0.02843	0.01360	0.01063	0.00354	0.01013	0.01107	0.00948	0.01679
46	0.02311	0.02274	0.04093	0.36376	0.19638	0.02522	0.10978	0.03049	0.02324	0.03106	0.02012	0.02858	0.01558	0.01031	0.01120	0.00354	0.01475	0.01022	0.00510	0.01389
47	0.02732	0.04752	0.38334	0.03064	0.04442	0.02773	0.07107	0.16044	0.03067	0.04357	0.02150	0.02434	0.01527	0.01099	0.01070	0.00342	0.01520	0.00889	0.00633	0.01665
48	0.01586	0.01057	0.01189	0.01189	0.01189	0.01057	0.00661	0.01586	0.01586	0.02114	0.03436	0.07135	0.03964	0.61681	0.05550	0.01057	0.01057	0.01586	0.00661	0.00661
49	0.03534	0.09038	0.03311	0.17097	0.04327	0.33088	0.02273	0.03950	0.02783	0.07890	0.01992	0.02360	0.01544	0.01120	0.00997	0.00303	0.01662	0.00799	0.00611	0.01320
50	0.04892	0.01856	0.02530	0.01940	0.02783	0.01603	0.01603	0.05314	0.03121	0.55634	0.04302	0.03711	0.02699	0.01350	0.01096	0.00337	0.00928	0.01096	0.01350	0.01856
51	0.02930	0.23468	0.04176	0.21771	0.11687	0.02980	0.02420	0.03461	0.02394	0.11724	0.02202	0.02602	0.01683	0.01061	0.00951	0.00307	0.01241	0.00854	0.00632	0.01459
52	0.08191	0.14413	0.43202	0.02762	0.04183	0.02810	0.03433	0.03401	0.02249	0.03437	0.01848	0.02167	0.01367	0.01017	0.00950	0.00327	0.01473	0.00751	0.00480	0.01540
53	0.01328	0.00949	0.01265	0.01518	0.01581	0.00886	0.01012	0.01518	0.02088	0.02783	0.06010	0.60969	0.07212	0.03416	0.01392	0.00443	0.00633	0.03100	0.01012	0.00886
54	0.01644	0.01174	0.01627	0.01879	0.02080	0.01157	0.01560	0.02063	0.02398	0.03136	0.05836	0.25170	0.06523	0.03119	0.01476	0.00486	0.00906	0.35788	0.01006	0.00973
55	0.02410	0.04082	0.27391	0.03967	0.05285	0.02662	0.31106	0.03476	0.02459	0.03476	0.02101	0.02671	0.01539	0.00968	0.01181	0.00358	0.01742	0.01083	0.00513	0.01530
56	0.02067	0.01891	0.02625	0.02335	0.02378	0.02516	0.01868	0.02299	0.01674	0.02518	0.02099	0.03604	0.02144	0.13317	0.15910	0.00859	0.37200	0.01108	0.00532	0.01055
57	0.01558	0.01168	0.01752	0.01752	0.01947	0.01363	0.01363	0.01947	0.01752	0.02531	0.02921	0.04283	0.02726	0.08178	0.57360	0.01752	0.02921	0.01168	0.00584	0.00974
58	0.01867	0.01881	0.06637	0.03424	0.20179	0.01602	0.02052	0.02299	0.02240	0.03104	0.04330	0.36316	0.04867	0.02388	0.01256	0.00394	0.00937	0.02187	0.00806	0.01232

[dist]
# distance from previous block
# <min> <max>
0	1

[block]
# block no. 3 follows, 12 sequences, length 42
# corresponding to MSA columns:
# 293-334
name=unknown_D
#
# <colnr> <probs for GDERKNQSTAVLIFYWHMCP>
#	G	D	E	R	K	N	Q	S	T	A	V	L	I	F	Y	W	H	M	C	P
0	0.14300	0.04126	0.02904	0.02548	0.03129	0.35416	0.01978	0.11497	0.03098	0.03687	0.01786	0.02075	0.01443	0.01202	0.01172	0.00314	0.06580	0.00750	0.00657	0.01339
1	0.02915	0.62337	0.05714	0.01866	0.02799	0.04314	0.01866	0.03265	0.02215	0.02565	0.01516	0.01749	0.01399	0.00933	0.00700	0.00233	0.01166	0.00583	0.00466	0.01399
2	0.02605	0.02977	0.05672	0.04161	0.05123	0.07670	0.42028	0.03401	0.02579	0.03354	0.02489	0.07907	0.02115	0.01156	0.01268	0.00366	0.01745	0.01390	0.00593	0.01400
3	0.02699	0.02591	0.04426	0.06693	0.54879	0.02591	0.03346	0.03346	0.02483	0.03562	0.02051	0.02699	0.01727	0.00972	0.01079	0.00324	0.01295	0.00972	0.00540	0.01727
4	0.01328	0.00949	0.01265	0.01518	0.01581	0.00886	0.01012	0.01518	0.02088	0.02783	0.06010	0.60969	0.07212	0.03416	0.01392	0.00443	0.00633	0.03100	0.01012	0.00886
5	0.02643	0.02534	0.04325	0.11256	0.50751	0.02576	0.03319	0.03297	0.02456	0.03495	0.02041	0.02717	0.01703	0.00982	0.01080	0.00327	0.01309	0.00971	0.00535	0.01682
6	0.02890	0.02428	0.03829	0.04845	0.31441	0.02698	0.02810	0.03377	0.02309	0.10159	0.02152	0.02733	0.01762	0.01319	0.01876	0.00374	0.19813	0.00983	0.00627	0.01574
7	0.01582	0.01072	0.01264	0.01264	0.01290	0.01098	0.00754	0.01633	0.01608	0.02169	0.03367	0.06758	0.03800	0.54596	0.12410	0.01149	0.01304	0.01530	0.00651	0.00702
8	0.01475	0.01062	0.01396	0.01418	0.01614	0.00983	0.01024	0.01886	0.02769	0.03867	0.38948	0.24941	0.09310	0.02606	0.01320	0.00375	0.00552	0.02330	0.01140	0.00983
9	0.02301	0.02080	0.02604	0.02012	0.02673	0.02053	0.01640	0.02707	0.02073	0.03258	0.01777	0.02301	0.01557	0.01158	0.01689	0.00262	0.19529	0.00744	0.00592	0.46993
10	0.01294	0.01084	0.01126	0.01159	0.01487	0.00916	0.00853	0.01559	0.02433	0.02924	0.10379	0.17177	0.48183	0.02848	0.01302	0.00378	0.00563	0.02407	0.01012	0.00916
11	0.01292	0.01090	0.01120	0.01143	0.01483	0.00917	0.00846	0.01560	0.02448	0.02930	0.10577	0.15190	0.50042	0.02822	0.01298	0.00375	0.00560	0.02375	0.01012	0.00917
12	0.02453	0.09329	0.23506	0.03757	0.08887	0.02885	0.19069	0.03329	0.02315	0.03282	0.01936	0.02507	0.01509	0.01099	0.01431	0.00358	0.09372	0.00978	0.00500	0.01499
13	0.22814	0.17217	0.03654	0.02219	0.03068	0.03280	0.06017	0.21319	0.03237	0.04948	0.01991	0.02186	0.01529	0.01096	0.00891	0.00311	0.01143	0.00797	0.00770	0.01513
14	0.04145	0.03054	0.03272	0.02509	0.03381	0.03381	0.02072	0.51243	0.05127	0.06872	0.02618	0.02618	0.01854	0.01309	0.01091	0.00327	0.01200	0.00982	0.01091	0.01854
15	0.02217	0.01243	0.01663	0.01581	0.01915	0.01135	0.01208	0.02633	0.02804	0.14724	0.27991	0.20271	0.07603	0.02396	0.01290	0.00379	0.00672	0.05937	0.01170	0.01167
16	0.01543	0.01115	0.01457	0.01372	0.01629	0.01029	0.01029	0.02058	0.03086	0.04372	0.54304	0.08145	0.10288	0.02229	0.01286	0.00343	0.00514	0.01972	0.01200	0.01029
17	0.02008	0.01224	0.01676	0.01598	0.01817	0.01297	0.01171	0.02278	0.01881	0.09430	0.03267	0.05114	0.03116	0.24286	0.33435	0.01344	0.02064	0.01291	0.00710	0.00991
18	0.02261	0.01938	0.02261	0.01615	0.02584	0.01453	0.01292	0.02745	0.02261	0.03553	0.01938	0.02261	0.01615	0.00807	0.00807	0.00161	0.00807	0.00646	0.00646	0.68346
19	0.01885	0.01190	0.01567	0.01430	0.01747	0.01087	0.01087	0.02390	0.03090	0.09601	0.49204	0.07693	0.09514	0.02139	0.01267	0.00342	0.00557	0.01883	0.01215	0.01113
20	0.01385	0.01076	0.01260	0.01283	0.01549	0.00951	0.00936	0.01725	0.02610	0.03405	0.24952	0.20204	0.29328	0.02714	0.01309	0.00375	0.00556	0.02354	0.01077	0.00951
21	0.01819	0.01511	0.02396	0.07349	0.13540	0.01665	0.01884	0.02272	0.01970	0.02791	0.02928	0.08778	0.02804	0.05675	0.36104	0.01226	0.02261	0.01279	0.00604	0.01144
22	0.02915	0.62337	0.05714	0.01866	0.02799	0.04314	0.01866	0.03265	0.02215	0.02565	0.01516	0.01749	0.01399	0.00933	0.00700	0.00233	0.01166	0.00583	0.00466	0.01399
23	0.04419	0.02245	0.02962	0.02708	0.09828	0.02167	0.01948	0.16248	0.03525	0.36854	0.03593	0.03311	0.02364	0.01290	0.01093	0.00333	0.01043	0.01052	0.01179	0.01838
24	0.03440	0.10198	0.12088	0.03229	0.08086	0.35056	0.06049	0.03961	0.02794	0.02919	0.01782	0.02133	0.01446	0.01064	0.00995	0.00297	0.01769	0.00773	0.00534	0.01386
25	0.21652	0.01988	0.02785	0.42289	0.05938	0.02429	0.02490	0.02908	0.02086	0.03399	0.01816	0.02576	0.01374	0.01067	0.00969	0.00356	0.01276	0.00859	0.00540	0.01202
26	0.02456	0.02094	0.02345	0.06207	0.02961	0.02391	0.01697	0.04910	0.40344	0.04398	0.13135	0.04709	0.04431	0.01584	0.01139	0.00365	0.00844	0.01345	0.01080	0.01564
27	0.01521	0.01098	0.01438	0.01387	0.01624	0.01014	0.01027	0.02003	0.02985	0.04210	0.49378	0.13533	0.09974	0.02350	0.01297	0.00353	0.00526	0.02087	0.01181	0.01014
28	0.01328	0.00949	0.01265	0.01518	0.01581	0.00886	0.01012	0.01518	0.02088	0.02783	0.06010	0.60969	0.07212	0.03416	0.01392	0.00443	0.00633	0.03100	0.01012	0.00886
29	0.04145	0.03054	0.03272	0.02509	0.03381	0.03381	0.02072	0.51243	0.05127	0.06872	0.02618	0.02618	0.01854	0.01309	0.01091	0.00327	0.01200	0.00982	0.01091	0.01854
30	0.01328	0.00949	0.01265	0.01518	0.01581	0.00886	0.01012	0.01518	0.02088	0.02783	0.06010	0.60969	0.07212	0.03416	0.01392	0.00443	0.00633	0.03100	0.01012	0.00886
31	0.02261	0.01938	0.02261	0.01615	0.02584	0.01453	0.01292	0.02745	0.02261	0.03553	0.01938	0.02261	0.01615	0.00807	0.00807	0.00161	0.00807	0.00646	0.00646	0.68346
32	0.02261	0.01938	0.02261	0.01615	0.02584	0.01453	0.01292	0.02745	0.02261	0.03553	0.01938	0.02261	0.01615	0.00807	0.00807	0.00161	0.00807	0.00646	0.00646	0.68346
33	0.01294	0.01084	0.01126	0.01159	0.01487	0.00916	0.00853	0.01559	0.02433	0.02924	0.10379	0.17177	0.48183	0.02848	0.01302	0.00378	0.00563	0.02407	0.01012	0.00916
34	0.01289	0.01105	0.01105	0.01105	0.01473	0.00920	0.00828	0.01565	0.02485	0.02946	0.11046	0.10493	0.54437	0.02761	0.01289	0.00368	0.00552	0.02301	0.01013	0.00920
35	0.04073	0.05197	0.03090	0.02809	0.03371	0.57303	0.02107	0.04354	0.03090	0.02669	0.01685	0.01966	0.01404	0.01124	0.00983	0.00281	0.01966	0.00702	0.00562	0.01264
36	0.69383	0.02109	0.01603	0.01434	0.02109	0.02446	0.01181	0.03205	0.01856	0.04892	0.01518	0.01771	0.01181	0.01012	0.00675	0.00337	0.00843	0.00590	0.00675	0.01181
37	0.04365	0.02472	0.08342	0.02309	0.03252	0.02009	0.05156	0.11086	0.03267	0.40425	0.03702	0.03372	0.02384	0.01284	0.01102	0.00339	0.01093	0.01064	0.01172	0.01805
38	0.02325	0.02231	0.03358	0.08413	0.16186	0.02767	0.02502	0.02745	0.02105	0.03105	0.08632	0.03271	0.02680	0.01645	0.02434	0.00411	0.32198	0.01095	0.00589	0.01307
39	0.04145	0.03054	0.03272	0.02509	0.03381	0.03381	0.02072	0.51243	0.05127	0.06872	0.02618	0.02618	0.01854	0.01309	0.01091	0.00327	0.01200	0.00982	0.01091	0.01854
40	0.04668	0.01931	0.02724	0.02425	0.08097	0.01703	0.01780	0.05113	0.03056	0.50323	0.04072	0.03608	0.02600	0.01311	0.01095	0.00336	0.00965	0.01084	0.01267	0.01842
41	0.01292	0.01093	0.01117	0.01136	0.01481	0.00918	0.00842	0.01561	0.02455	0.02933	0.10663	0.14332	0.50845	0.02811	0.01296	0.00374	0.00558	0.02362	0.01012	0.00918

[dist]
# distance from previous block
# <min> <max>
0	24

[block]
# block no. 4 follows, 12 sequences, length 76
# corresponding to MSA columns:
# 359-434
name=unknown_E
#
# <colnr> <probs for GDERKNQSTAVLIFYWHMCP>
#	G	D	E	R	K	N	Q	S	T	A	V	L	I	F	Y	W	H	M	C	P
0	0.03822	0.02666	0.02922	0.02339	0.03131	0.02922	0.01900	0.30925	0.19206	0.13238	0.03409	0.03212	0.02420	0.01366	0.01097	0.00342	0.01059	0.01074	0.01134	0.01816
1	0.01726	0.01564	0.01529	0.01705	0.01841	0.09055	0.01171	0.01929	0.02233	0.02767	0.05383	0.52425	0.06371	0.03084	0.01333	0.00419	0.00826	0.02753	0.00947	0.00940
2	0.02770	0.44649	0.13231	0.02114	0.03109	0.03799	0.02189	0.03661	0.09570	0.02995	0.02009	0.02173	0.01676	0.01028	0.00812	0.00271	0.01193	0.00712	0.00559	0.01480
3	0.02647	0.02284	0.02436	0.02131	0.02799	0.02530	0.01663	0.05352	0.45575	0.04415	0.04076	0.03806	0.03080	0.01382	0.01066	0.00340	0.00855	0.01148	0.01042	0.11373
4	0.02554	0.02403	0.03901	0.25368	0.09421	0.02660	0.13486	0.08035	0.13437	0.03758	0.02605	0.03121	0.01959	0.01146	0.01138	0.00359	0.01378	0.01099	0.00693	0.01479
5	0.02915	0.62337	0.05714	0.01866	0.02799	0.04314	0.01866	0.03265	0.02215	0.02565	0.01516	0.01749	0.01399	0.00933	0.00700	0.00233	0.01166	0.00583	0.00466	0.01399
6	0.01506	0.01113	0.01406	0.01333	0.01606	0.01013	0.01000	0.01986	0.02999	0.04166	0.48040	0.08485	0.16681	0.02306	0.01286	0.00347	0.00520	0.02020	0.01173	0.01013
7	0.01548	0.01041	0.01200	0.01237	0.01246	0.01032	0.00712	0.01576	0.01658	0.02211	0.03808	0.14931	0.04434	0.53244	0.04948	0.00968	0.00996	0.01805	0.00712	0.00693
8	0.01289	0.01105	0.01105	0.01105	0.01473	0.00920	0.00828	0.01565	0.02485	0.02946	0.11046	0.10493	0.54437	0.02761	0.01289	0.00368	0.00552	0.02301	0.01013	0.00920
9	0.02187	0.05640	0.56031	0.03108	0.04719	0.02532	0.04029	0.03453	0.02302	0.03453	0.01957	0.02302	0.01381	0.01036	0.01036	0.00345	0.01611	0.00806	0.00460	0.01611
10	0.01962	0.01030	0.01080	0.01068	0.01322	0.01018	0.00801	0.02471	0.02402	0.04110	0.10905	0.04656	0.03880	0.01409	0.00838	0.00267	0.00509	0.01155	0.58099	0.01018
11	0.02712	0.02342	0.02465	0.02219	0.02835	0.02712	0.01726	0.05794	0.52909	0.04561	0.04438	0.04068	0.03328	0.01479	0.01109	0.00370	0.00863	0.01233	0.01109	0.01726
12	0.04892	0.01856	0.02530	0.01940	0.02783	0.01603	0.01603	0.05314	0.03121	0.55634	0.04302	0.03711	0.02699	0.01350	0.01096	0.00337	0.00928	0.01096	0.01350	0.01856
13	0.02712	0.02342	0.02465	0.02219	0.02835	0.02712	0.01726	0.05794	0.52909	0.04561	0.04438	0.04068	0.03328	0.01479	0.01109	0.00370	0.00863	0.01233	0.01109	0.01726
14	0.02915	0.62337	0.05714	0.01866	0.02799	0.04314	0.01866	0.03265	0.02215	0.02565	0.01516	0.01749	0.01399	0.00933	0.00700	0.00233	0.01166	0.00583	0.00466	0.01399
15	0.01325	0.00961	0.01252	0.01485	0.01573	0.00888	0.00997	0.01522	0.02120	0.02796	0.06416	0.56896	0.11022	0.03363	0.01383	0.00437	0.00626	0.03035	0.01012	0.00888
16	0.03190	0.03401	0.02765	0.02487	0.03035	0.22942	0.01918	0.05014	0.30493	0.03710	0.03186	0.03160	0.02469	0.01381	0.01255	0.00345	0.05862	0.01015	0.00858	0.01514
17	0.02699	0.02591	0.04426	0.06693	0.54879	0.02591	0.03346	0.03346	0.02483	0.03562	0.02051	0.02699	0.01727	0.00972	0.01079	0.00324	0.01295	0.00972	0.00540	0.01727
18	0.04892	0.01856	0.02530	0.01940	0.02783	0.01603	0.01603	0.05314	0.03121	0.55634	0.04302	0.03711	0.02699	0.01350	0.01096	0.00337	0.00928	0.01096	0.01350	0.01856
19	0.02898	0.02968	0.04232	0.06130	0.47420	0.10513	0.03167	0.03492	0.02571	0.03433	0.01998	0.02593	0.01680	0.00994	0.01066	0.00318	0.01392	0.00933	0.00543	0.01660
20	0.01525	0.01226	0.01380	0.01353	0.01700	0.01133	0.01040	0.02131	0.06989	0.03539	0.23072	0.09381	0.32900	0.02512	0.01290	0.00371	0.00604	0.05748	0.01077	0.01029
21	0.01543	0.01115	0.01457	0.01372	0.01629	0.01029	0.01029	0.02058	0.03086	0.04372	0.54304	0.08145	0.10288	0.02229	0.01286	0.00343	0.00514	0.01972	0.01200	0.01029
22	0.01328	0.00949	0.01265	0.01518	0.01581	0.00886	0.01012	0.01518	0.02088	0.02783	0.06010	0.60969	0.07212	0.03416	0.01392	0.00443	0.00633	0.03100	0.01012	0.00886
23	0.04073	0.05197	0.03090	0.02809	0.03371	0.57303	0.02107	0.04354	0.03090	0.02669	0.01685	0.01966	0.01404	0.01124	0.00983	0.00281	0.01966	0.00702	0.00562	0.01264
24	0.02712	0.02342	0.02465	0.02219	0.02835	0.02712	0.01726	0.05794	0.52909	0.04561	0.04438	0.04068	0.03328	0.01479	0.01109	0.00370	0.00863	0.01233	0.01109	0.01726
25	0.01590	0.01145	0.01522	0.01510	0.01765	0.01078	0.01187	0.02101	0.02962	0.04132	0.43789	0.09045	0.09419	0.02399	0.01334	0.00377	0.00620	0.11845	0.01158	0.01023
26	0.01700	0.01083	0.01316	0.01258	0.01514	0.01025	0.00943	0.02213	0.02829	0.04274	0.37998	0.06834	0.07880	0.01921	0.01118	0.00314	0.00512	0.01665	0.22579	0.01025
27	0.03480	0.02037	0.02359	0.02003	0.02673	0.02136	0.01591	0.05316	0.29354	0.23963	0.04306	0.03932	0.03040	0.01411	0.01073	0.00347	0.00855	0.01161	0.07252	0.01711
28	0.01757	0.01255	0.01757	0.02008	0.02259	0.01255	0.01757	0.02259	0.02510	0.03263	0.05773	0.12299	0.06275	0.03012	0.01506	0.00502	0.01004	0.47540	0.01004	0.01004
29	0.01586	0.01057	0.01189	0.01189	0.01189	0.01057	0.00661	0.01586	0.01586	0.02114	0.03436	0.07135	0.03964	0.61681	0.05550	0.01057	0.01057	0.01586	0.00661	0.00661
30	0.04325	0.02765	0.03093	0.02372	0.03237	0.02952	0.01959	0.40170	0.04643	0.18628	0.03024	0.02881	0.02058	0.01319	0.01092	0.00330	0.01134	0.01009	0.01153	0.01855
31	0.02218	0.05423	0.52044	0.03227	0.04798	0.02550	0.07799	0.03456	0.02324	0.03456	0.01977	0.02353	0.01403	0.01027	0.01056	0.00347	0.01630	0.00844	0.00468	0.01600
32	0.01684	0.01354	0.01995	0.01922	0.02087	0.01665	0.01519	0.02051	0.01740	0.02545	0.02693	0.03993	0.02528	0.07219	0.49136	0.01557	0.11601	0.01135	0.00568	0.01007
33	0.02797	0.01465	0.01601	0.01391	0.01832	0.01479	0.01096	0.10667	0.02861	0.12258	0.03520	0.03783	0.02631	0.01288	0.00864	0.00278	0.00681	0.01023	0.47209	0.01275
34	0.03877	0.03100	0.15531	0.02782	0.08113	0.02331	0.02445	0.15508	0.03341	0.27084	0.03146	0.03029	0.02100	0.01231	0.01079	0.00336	0.01187	0.00989	0.01005	0.01786
35	0.02656	0.02800	0.09976	0.11925	0.07980	0.06978	0.05995	0.03934	0.14739	0.08043	0.10329	0.03838	0.03311	0.01344	0.01121	0.00348	0.01213	0.01168	0.00823	0.01479
36	0.02297	0.01992	0.02442	0.02039	0.06947	0.01548	0.01463	0.02796	0.02279	0.03554	0.01947	0.02297	0.01624	0.00821	0.00830	0.00175	0.00848	0.00673	0.00637	0.62788
37	0.01582	0.01073	0.01271	0.01271	0.01299	0.01101	0.00762	0.01638	0.01610	0.02175	0.03361	0.06722	0.03785	0.53933	0.13052	0.01158	0.01327	0.01525	0.00650	0.00706
38	0.02559	0.04070	0.32527	0.02761	0.03957	0.02350	0.06753	0.07571	0.06001	0.07830	0.06422	0.03155	0.02433	0.01207	0.01070	0.00340	0.01340	0.01009	0.05079	0.01564
39	0.01506	0.01113	0.01406	0.01333	0.01606	0.01013	0.01000	0.01986	0.02999	0.04166	0.48040	0.08485	0.16681	0.02306	0.01286	0.00347	0.00520	0.02020	0.01173	0.01013
40	0.02187	0.05640	0.56031	0.03108	0.04719	0.02532	0.04029	0.03453	0.02302	0.03453	0.01957	0.02302	0.01381	0.01036	0.01036	0.00345	0.01611	0.00806	0.00460	0.01611
41	0.02261	0.01938	0.02261	0.01615	0.02584	0.01453	0.01292	0.02745	0.02261	0.03553	0.01938	0.02261	0.01615	0.00807	0.00807	0.00161	0.00807	0.00646	0.00646	0.68346
42	0.01543	0.01115	0.01457	0.01372	0.01629	0.01029	0.01029	0.02058	0.03086	0.04372	0.54304	0.08145	0.10288	0.02229	0.01286	0.00343	0.00514	0.01972	0.01200	0.01029
43	0.02407	0.22763	0.40835	0.02733	0.04139	0.03070	0.03375	0.03396	0.02276	0.03185	0.01824	0.02135	0.01387	0.01005	0.00934	0.00311	0.01477	0.00738	0.00462	0.01547
44	0.01543	0.01115	0.01457	0.01372	0.01629	0.01029	0.01029	0.02058	0.03086	0.04372	0.54304	0.08145	0.10288	0.02229	0.01286	0.00343	0.00514	0.01972	0.01200	0.01029
45	0.01563	0.01127	0.01485	0.01430	0.01686	0.01049	0.01095	0.02076	0.03034	0.04272	0.49896	0.08522	0.09924	0.02300	0.01306	0.00357	0.00559	0.06110	0.01182	0.01027
46	0.02915	0.62337	0.05714	0.01866	0.02799	0.04314	0.01866	0.03265	0.02215	0.02565	0.01516	0.01749	0.01399	0.00933	0.00700	0.00233	0.01166	0.00583	0.00466	0.01399
47	0.03946	0.01728	0.02209	0.01765	0.02424	0.01589	0.01415	0.08248	0.03056	0.36798	0.07739	0.04265	0.03308	0.06110	0.01414	0.00382	0.00875	0.01180	0.09958	0.01590
48	0.01878	0.01373	0.01599	0.01604	0.01797	0.01428	0.01116	0.06311	0.08836	0.03136	0.04507	0.24037	0.04927	0.25480	0.02946	0.00666	0.00903	0.05562	0.00895	0.00999
