[name]
unknown

[dist]
# distance from previous block
# <min> <max>
0	153

[block]
# block no. 0 follows, 12 sequences, length 15
# corresponding to MSA columns:
# 158-172
name=unknown_A
#
# <colnr> <probs for GDERKNQSTAVLIFYWHMCP>
#	G	D	E	R	K	N	Q	S	T	A	V	L	I	F	Y	W	H	M	C	P
0	0.02889	0.10064	0.15956	0.08425	0.12599	0.07172	0.02706	0.03569	0.02540	0.11637	0.02788	0.03903	0.02321	0.01342	0.01078	0.00345	0.01330	0.07136	0.00702	0.01497
1	0.02779	0.03078	0.19914	0.08698	0.03768	0.02107	0.02489	0.07683	0.06608	0.14329	0.08535	0.08888	0.03320	0.01509	0.01124	0.00355	0.01157	0.01266	0.00875	0.01517
2	0.02059	0.01938	0.03270	0.59060	0.07510	0.02422	0.03028	0.02786	0.02180	0.02786	0.01938	0.02907	0.01453	0.01090	0.01090	0.00363	0.01453	0.00969	0.00484	0.01211
3	0.03125	0.09899	0.15609	0.16489	0.04637	0.02588	0.05699	0.08728	0.02774	0.16206	0.02555	0.02803	0.01788	0.01135	0.01047	0.00334	0.01327	0.00940	0.00755	0.01564
4	0.14130	0.08483	0.06205	0.11147	0.03564	0.02209	0.01947	0.04245	0.02625	0.30335	0.03046	0.02984	0.02042	0.01192	0.00984	0.00331	0.01067	0.00925	0.00956	0.01583
5	0.07520	0.02449	0.09918	0.02343	0.03158	0.01969	0.08046	0.08567	0.02938	0.18906	0.07959	0.05113	0.07995	0.01611	0.01162	0.00363	0.01099	0.06423	0.00976	0.01484
6	0.02404	0.01394	0.01780	0.01716	0.02075	0.01325	0.01308	0.07077	0.02745	0.14481	0.09744	0.30364	0.08882	0.02598	0.01299	0.00403	0.00774	0.07319	0.01106	0.01208
7	0.02608	0.12800	0.03952	0.02666	0.03301	0.02467	0.15557	0.03242	0.06157	0.09098	0.03157	0.14320	0.02948	0.01772	0.01553	0.04622	0.06269	0.01442	0.00750	0.01320
8	0.24455	0.02491	0.02529	0.10505	0.03437	0.08112	0.01812	0.11589	0.02905	0.18423	0.02531	0.02624	0.01765	0.01175	0.00951	0.00334	0.01133	0.00859	0.00885	0.01486
9	0.02211	0.04486	0.38523	0.10575	0.04931	0.02412	0.07580	0.03285	0.02304	0.03378	0.01973	0.02433	0.01441	0.01007	0.01038	0.00328	0.01517	0.00850	0.00493	0.09231
10	0.02754	0.01922	0.02450	0.09392	0.03285	0.01613	0.01587	0.03259	0.02420	0.13754	0.02406	0.02635	0.01808	0.00953	0.00903	0.00223	0.00918	0.00778	0.00764	0.46178
11	0.01555	0.01232	0.01719	0.12789	0.02760	0.01253	0.01394	0.01995	0.02564	0.03452	0.25532	0.21417	0.13448	0.02387	0.01276	0.00377	0.00736	0.02115	0.00984	0.01013
12	0.02963	0.32859	0.11708	0.02472	0.03411	0.12842	0.06441	0.03788	0.08246	0.03013	0.02001	0.02231	0.01642	0.01041	0.00892	0.00284	0.01387	0.00769	0.00563	0.01448
13	0.02362	0.01549	0.01786	0.01634	0.02069	0.01498	0.01243	0.12088	0.02976	0.10760	0.06811	0.24300	0.21611	0.02490	0.01256	0.00380	0.00759	0.02131	0.01073	0.01223
14	0.01944	0.01410	0.01720	0.08082	0.02272	0.01500	0.01177	0.08381	0.02207	0.02933	0.03549	0.14308	0.03890	0.37651	0.03799	0.00785	0.01057	0.01666	0.00752	0.00919

[dist]
# distance from previous block
# <min> <max>
3	10

[block]
# block no. 1 follows, 12 sequences, length 16
# corresponding to MSA columns:
# 183-198
name=unknown_B
#
# <colnr> <probs for GDERKNQSTAVLIFYWHMCP>
#	G	D	E	R	K	N	Q	S	T	A	V	L	I	F	Y	W	H	M	C	P
0	0.02471	0.15999	0.18966	0.03292	0.12968	0.02778	0.06007	0.03500	0.08365	0.03380	0.02468	0.06491	0.02110	0.01194	0.01008	0.00317	0.01268	0.01018	0.00609	0.05791
1	0.02475	0.01757	0.02192	0.06640	0.02845	0.01584	0.01476	0.03217	0.08392	0.11005	0.03474	0.15633	0.03192	0.01563	0.01038	0.00291	0.00849	0.01348	0.00870	0.30157
2	0.02931	0.02772	0.12488	0.08465	0.19822	0.02114	0.02630	0.03610	0.02515	0.14612	0.02482	0.02771	0.01827	0.01039	0.01019	0.00299	0.01182	0.00900	0.00717	0.15804
3	0.02376	0.13913	0.40482	0.02787	0.04149	0.02833	0.03360	0.03764	0.09641	0.03477	0.02249	0.02473	0.01667	0.01084	0.00995	0.00332	0.01434	0.00833	0.00556	0.01595
4	0.01634	0.01267	0.01906	0.10011	0.02665	0.01480	0.01521	0.02026	0.01795	0.02518	0.02839	0.04424	0.02689	0.13540	0.42994	0.01467	0.02485	0.01189	0.00579	0.00971
5	0.02963	0.15645	0.07468	0.09274	0.03894	0.02886	0.08833	0.10522	0.10195	0.09128	0.06271	0.03196	0.02541	0.01222	0.01046	0.00326	0.01214	0.01041	0.00802	0.01532
6	0.02277	0.02124	0.03425	0.34137	0.20167	0.02302	0.02817	0.02939	0.02281	0.03141	0.01970	0.02735	0.01560	0.01007	0.01038	0.00317	0.01296	0.00914	0.00528	0.13027
7	0.01687	0.01292	0.01569	0.01468	0.01789	0.01262	0.01110	0.02551	0.10265	0.04257	0.42720	0.07788	0.13705	0.02174	0.01261	0.00349	0.00569	0.01898	0.01168	0.01119
8	0.03056	0.02107	0.02492	0.08833	0.03223	0.02281	0.01759	0.14570	0.17522	0.13202	0.04302	0.07869	0.07163	0.04938	0.01380	0.00397	0.00990	0.01349	0.01033	0.01536
9	0.01993	0.01168	0.01522	0.01456	0.01747	0.01072	0.01082	0.02415	0.02784	0.11023	0.31565	0.19965	0.07882	0.02316	0.01242	0.00359	0.00599	0.02045	0.06657	0.01107
10	0.02162	0.03181	0.21694	0.15320	0.07939	0.02216	0.02788	0.03352	0.09307	0.03638	0.10011	0.03673	0.03077	0.01293	0.01079	0.00345	0.01218	0.01096	0.05190	0.01421
11	0.69383	0.02109	0.01603	0.01434	0.02109	0.02446	0.01181	0.03205	0.01856	0.04892	0.01518	0.01771	0.01181	0.01012	0.00675	0.00337	0.00843	0.00590	0.00675	0.01181
12	0.02076	0.03072	0.20968	0.14695	0.04187	0.02138	0.02623	0.03329	0.10996	0.03739	0.16327	0.04289	0.04099	0.01440	0.01127	0.00353	0.01159	0.01224	0.00772	0.01388
13	0.01530	0.01075	0.01402	0.01532	0.01628	0.01082	0.01083	0.01743	0.01949	0.02611	0.04651	0.25370	0.05293	0.23862	0.10742	0.00848	0.01171	0.10753	0.00830	0.00844
14	0.02071	0.18662	0.16146	0.02378	0.07055	0.02351	0.02151	0.02616	0.02254	0.02973	0.04089	0.19902	0.09417	0.01888	0.01081	0.00344	0.01061	0.01593	0.00692	0.01275
15	0.02435	0.07588	0.07120	0.02920	0.08974	0.02874	0.02274	0.03132	0.07089	0.03196	0.02162	0.02775	0.01849	0.01513	0.02189	0.00385	0.28924	0.00950	0.10317	0.01333

[dist]
# distance from previous block
# <min> <max>
0	1

[block]
# block no. 2 follows, 12 sequences, length 11
# corresponding to MSA columns:
# 200-210
name=unknown_C
#
# <colnr> <probs for GDERKNQSTAVLIFYWHMCP>
#	G	D	E	R	K	N	Q	S	T	A	V	L	I	F	Y	W	H	M	C	P
0	0.07465	0.02475	0.03192	0.15985	0.20854	0.09801	0.02485	0.03252	0.02375	0.06902	0.02249	0.02923	0.01826	0.02292	0.10757	0.00575	0.01644	0.00950	0.00606	0.01391
1	0.03794	0.02722	0.02958	0.02365	0.03159	0.03003	0.01922	0.33102	0.19131	0.11099	0.03329	0.03159	0.02378	0.01364	0.01097	0.00341	0.01072	0.01068	0.01122	0.01816
2	0.02209	0.01475	0.02237	0.01892	0.02348	0.01334	0.08181	0.02624	0.02619	0.12793	0.17053	0.16135	0.15815	0.06313	0.01566	0.00417	0.00844	0.01952	0.01026	0.01169
3	0.01790	0.01489	0.02169	0.14266	0.03099	0.01804	0.01697	0.02122	0.01815	0.02519	0.02803	0.08233	0.02844	0.18084	0.20316	0.00991	0.11064	0.01322	0.00593	0.00980
4	0.01503	0.01113	0.01401	0.01329	0.01604	0.01012	0.00997	0.01979	0.02990	0.04145	0.47396	0.08520	0.17338	0.02314	0.01286	0.00347	0.00520	0.02024	0.01170	0.01012
5	0.59084	0.02068	0.01751	0.01515	0.02216	0.02311	0.01248	0.03542	0.02058	0.12995	0.01963	0.02081	0.01423	0.01066	0.00742	0.00337	0.00857	0.00671	0.00783	0.01289
6	0.02261	0.01938	0.02261	0.01615	0.02584	0.01453	0.01292	0.02745	0.02261	0.03553	0.01938	0.02261	0.01615	0.00807	0.00807	0.00161	0.00807	0.00646	0.00646	0.68346
7	0.02147	0.02028	0.03430	0.51843	0.14038	0.02446	0.03072	0.02863	0.02222	0.02893	0.01954	0.02878	0.01491	0.01074	0.01089	0.00358	0.01432	0.00969	0.00492	0.01282
8	0.13919	0.01969	0.02122	0.01759	0.02464	0.01956	0.01393	0.03856	0.17689	0.08369	0.10028	0.03651	0.03341	0.01285	0.00965	0.00293	0.00800	0.01033	0.00924	0.22184
9	0.02059	0.01938	0.03270	0.59060	0.07510	0.02422	0.03028	0.02786	0.02180	0.02786	0.01938	0.02907	0.01453	0.01090	0.01090	0.00363	0.01453	0.00969	0.00484	0.01211
10	0.03395	0.02904	0.03498	0.06309	0.03819	0.06655	0.08978	0.26959	0.10730	0.05187	0.02634	0.02801	0.01948	0.01200	0.01085	0.00321	0.01274	0.01006	0.00896	0.08401

[dist]
# distance from previous block
# <min> <max>
1	15

[block]
# block no. 3 follows, 12 sequences, length 18
# corresponding to MSA columns:
# 231-248
name=unknown_D
#
# <colnr> <probs for GDERKNQSTAVLIFYWHMCP>
#	G	D	E	R	K	N	Q	S	T	A	V	L	I	F	Y	W	H	M	C	P
0	0.15961	0.02429	0.05808	0.08548	0.07692	0.07971	0.02009	0.03519	0.02421	0.14864	0.02803	0.03649	0.02252	0.02282	0.09026	0.00548	0.01444	0.04625	0.00778	0.01371
1	0.45289	0.02462	0.02180	0.01848	0.02535	0.08302	0.04403	0.06327	0.02356	0.07400	0.02532	0.02693	0.05432	0.01190	0.00842	0.00335	0.01031	0.00829	0.00745	0.01268
2	0.19624	0.02708	0.12536	0.02012	0.02781	0.02268	0.01903	0.10166	0.10251	0.04710	0.15858	0.03984	0.03990	0.01443	0.01027	0.00344	0.00961	0.01140	0.00892	0.01401
3	0.02479	0.02240	0.02402	0.02393	0.08165	0.05804	0.01661	0.07283	0.20390	0.03938	0.05199	0.05062	0.15790	0.01621	0.01099	0.00326	0.00922	0.01341	0.00919	0.10966
4	0.02256	0.02768	0.12401	0.07009	0.11370	0.02259	0.15833	0.03285	0.07893	0.03476	0.03832	0.05070	0.08163	0.01514	0.01216	0.00377	0.01337	0.07822	0.00705	0.01416
5	0.03213	0.02367	0.03418	0.02538	0.03428	0.02236	0.12393	0.16082	0.03303	0.13366	0.07110	0.03260	0.02622	0.01180	0.01078	0.00296	0.01132	0.01066	0.00911	0.19001
6	0.58700	0.02449	0.01860	0.01636	0.02316	0.07265	0.01330	0.07009	0.02215	0.04852	0.01617	0.01853	0.01252	0.01045	0.00734	0.00332	0.00968	0.00630	0.00697	0.01240
7	0.02288	0.01495	0.01972	0.01800	0.02133	0.01632	0.01390	0.09265	0.02356	0.08807	0.03099	0.04390	0.02775	0.14054	0.35957	0.01299	0.02197	0.01193	0.00749	0.01149
8	0.01548	0.07636	0.01790	0.01523	0.01724	0.01289	0.01108	0.01827	0.02323	0.03112	0.16236	0.42835	0.07264	0.02884	0.01293	0.00398	0.00664	0.02577	0.00995	0.00973
9	0.01413	0.01034	0.01327	0.01413	0.01589	0.00948	0.00999	0.01745	0.02542	0.03455	0.26446	0.33774	0.13564	0.02857	0.01337	0.00394	0.00575	0.02549	0.01090	0.00948
10	0.01466	0.01108	0.01366	0.01402	0.01664	0.01008	0.01069	0.01860	0.02681	0.03557	0.27456	0.16953	0.22652	0.02670	0.01333	0.00387	0.00612	0.08694	0.01089	0.00972
11	0.02712	0.02342	0.02465	0.02219	0.02835	0.02712	0.01726	0.05794	0.52909	0.04561	0.04438	0.04068	0.03328	0.01479	0.01109	0.00370	0.00863	0.01233	0.01109	0.01726
12	0.02635	0.01926	0.02299	0.01661	0.02612	0.01475	0.01336	0.03111	0.02383	0.10955	0.02274	0.02467	0.01769	0.00885	0.00849	0.00186	0.00825	0.00710	0.00746	0.58896
13	0.01536	0.01099	0.01498	0.01713	0.01878	0.01060	0.01335	0.01895	0.02377	0.03161	0.11108	0.34319	0.07139	0.03114	0.01430	0.00458	0.00780	0.22119	0.01029	0.00952
14	0.01937	0.01696	0.02621	0.35300	0.05195	0.02002	0.02281	0.02764	0.06295	0.03316	0.15819	0.04463	0.03992	0.01958	0.05444	0.00465	0.01276	0.01265	0.00726	0.01185
15	0.02958	0.07717	0.13727	0.02595	0.03548	0.06744	0.09087	0.10083	0.02858	0.09908	0.02739	0.08845	0.02306	0.01317	0.01062	0.00316	0.01280	0.01132	0.00760	0.11017
16	0.03341	0.06985	0.07010	0.16724	0.09622	0.02149	0.02276	0.03928	0.02612	0.24229	0.03007	0.03170	0.02090	0.01180	0.01028	0.00327	0.01132	0.00982	0.06654	0.01554
17	0.19536	0.23040	0.04035	0.08632	0.07432	0.03255	0.05874	0.10042	0.02585	0.03932	0.01815	0.02171	0.01461	0.01025	0.00867	0.00304	0.01185	0.00769	0.00621	0.01420

[dist]
# distance from previous block
# <min> <max>
0	24

[block]
# block no. 4 follows, 12 sequences, length 19
# corresponding to MSA columns:
# 273-291
name=unknown_E
#
# <colnr> <probs for GDERKNQSTAVLIFYWHMCP>
#	G	D	E	R	K	N	Q	S	T	A	V	L	I	F	Y	W	H	M	C	P
0	0.18389	0.12532	0.07452	0.16226	0.03901	0.02600	0.02084	0.06193	0.02353	0.09812	0.02091	0.02506	0.01584	0.01304	0.01180	0.05829	0.01156	0.00816	0.00664	0.01326
1	0.13042	0.12649	0.03691	0.03485	0.19438	0.02858	0.02237	0.13260	0.02983	0.12847	0.02368	0.02554	0.01778	0.01101	0.00961	0.00313	0.01128	0.00873	0.00791	0.01639
2	0.18889	0.02285	0.08790	0.23513	0.04428	0.02127	0.02207	0.02844	0.02274	0.03725	0.10737	0.03389	0.02891	0.01235	0.00990	0.00335	0.01108	0.00999	0.00664	0.06569
3	0.08156	0.01576	0.02017	0.08481	0.02747	0.01585	0.01466	0.03443	0.06227	0.18513	0.22052	0.05136	0.05257	0.01615	0.01103	0.00338	0.00792	0.01363	0.06792	0.01340
4	0.02323	0.01290	0.01687	0.01487	0.01893	0.01158	0.01151	0.02797	0.03050	0.16487	0.39170	0.07262	0.11759	0.02059	0.01241	0.00343	0.00616	0.01788	0.01222	0.01218
5	0.01365	0.00975	0.01307	0.01560	0.01639	0.00917	0.01076	0.01582	0.02124	0.02824	0.05989	0.56811	0.07132	0.03381	0.01401	0.00448	0.00664	0.06896	0.01011	0.00896
6	0.01497	0.01094	0.01406	0.01368	0.01611	0.01003	0.01011	0.01953	0.02918	0.04066	0.45009	0.14669	0.13495	0.02415	0.01299	0.00357	0.00532	0.02134	0.01163	0.01003
7	0.03656	0.04469	0.02842	0.02588	0.03117	0.46009	0.01946	0.04198	0.07238	0.03030	0.08224	0.02882	0.02630	0.01286	0.01030	0.00296	0.01700	0.00899	0.00684	0.01274
8	0.02059	0.01938	0.03270	0.59060	0.07510	0.02422	0.03028	0.02786	0.02180	0.02786	0.01938	0.02907	0.01453	0.01090	0.01090	0.00363	0.01453	0.00969	0.00484	0.01211
9	0.69383	0.02109	0.01603	0.01434	0.02109	0.02446	0.01181	0.03205	0.01856	0.04892	0.01518	0.01771	0.01181	0.01012	0.00675	0.00337	0.00843	0.00590	0.00675	0.01181
10	0.01842	0.00966	0.01381	0.01381	0.01381	0.00966	0.00898	0.01449	0.01449	0.01931	0.02156	0.03964	0.02246	0.13630	0.04480	0.56849	0.00966	0.01056	0.00505	0.00505
11	0.02715	0.01374	0.01833	0.01571	0.02033	0.01230	0.01230	0.03197	0.03098	0.22307	0.36810	0.06594	0.07633	0.01921	0.01220	0.00341	0.00659	0.01666	0.01252	0.01318
12	0.02248	0.02567	0.11402	0.01869	0.02947	0.01637	0.01757	0.02866	0.02268	0.03536	0.01941	0.02268	0.01575	0.00846	0.00846	0.00193	0.00944	0.00673	0.00614	0.57001
13	0.02830	0.02321	0.09050	0.16330	0.07447	0.02054	0.02288	0.03846	0.10814	0.16570	0.03576	0.12022	0.02961	0.01558	0.01133	0.00365	0.01107	0.01349	0.00887	0.01492
14	0.03693	0.08036	0.13696	0.02460	0.03461	0.02941	0.02339	0.27174	0.07161	0.13991	0.02806	0.02768	0.01966	0.01243	0.01051	0.00328	0.01210	0.00951	0.00962	0.01762
15	0.01842	0.00966	0.01381	0.01381	0.01381	0.00966	0.00898	0.01449	0.01449	0.01931	0.02156	0.03964	0.02246	0.13630	0.04480	0.56849	0.00966	0.01056	0.00505	0.00505
16	0.02350	0.03820	0.27112	0.15042	0.23622	0.02533	0.03589	0.03287	0.02345	0.03366	0.01988	0.02562	0.01522	0.01023	0.01062	0.00341	0.01466	0.00897	0.00494	0.01578
17	0.03038	0.20625	0.19251	0.02655	0.07232	0.02900	0.02537	0.04100	0.10009	0.13471	0.02660	0.02708	0.01958	0.01128	0.00964	0.00313	0.01215	0.00874	0.00737	0.01623
18	0.03568	0.24180	0.10466	0.02082	0.03067	0.02831	0.02018	0.07963	0.02791	0.21763	0.02676	0.02621	0.01909	0.01114	0.00923	0.00286	0.01113	0.00830	0.00842	0.06958

[dist]
# distance from previous block
# <min> <max>
0	75

[block]
# block no. 5 follows, 12 sequences, length 49
# corresponding to MSA columns:
# 369-417
name=unknown_F
#
# <colnr> <probs for GDERKNQSTAVLIFYWHMCP>
#	G	D	E	R	K	N	Q	S	T	A	V	L	I	F	Y	W	H	M	C	P
0	0.02558	0.02452	0.08289	0.03647	0.17765	0.02090	0.08816	0.07056	0.02715	0.07692	0.07409	0.12905	0.03408	0.01529	0.01154	0.00342	0.01146	0.01423	0.00785	0.06820
1	0.21263	0.02029	0.02349	0.02383	0.10467	0.01993	0.01597	0.06887	0.02572	0.04359	0.11510	0.03301	0.03123	0.01193	0.00924	0.00283	0.00872	0.00952	0.00776	0.21168
2	0.21451	0.02416	0.06001	0.07882	0.07540	0.02292	0.01939	0.10788	0.02641	0.04366	0.02204	0.02973	0.01830	0.01154	0.00929	0.00307	0.01051	0.03975	0.00714	0.17547
3	0.28188	0.02845	0.14992	0.02061	0.02945	0.02209	0.02054	0.03796	0.06775	0.13948	0.02843	0.03545	0.02227	0.01327	0.00965	0.00359	0.01063	0.05594	0.00823	0.01442
4	0.02251	0.02147	0.07157	0.02859	0.13228	0.01738	0.06371	0.02883	0.02412	0.03751	0.06623	0.03394	0.02647	0.01114	0.00952	0.00269	0.00962	0.00995	0.19543	0.18705
5	0.02243	0.01779	0.06773	0.01963	0.02485	0.01400	0.06268	0.02784	0.02785	0.12857	0.26785	0.16421	0.06768	0.02071	0.01252	0.00364	0.00833	0.01867	0.01064	0.01239
6	0.02425	0.02832	0.12055	0.11356	0.18525	0.02468	0.06053	0.03840	0.15896	0.03771	0.07145	0.03510	0.02789	0.01237	0.01114	0.00350	0.01223	0.01121	0.00728	0.01561
7	0.01813	0.01443	0.01669	0.01584	0.01940	0.01472	0.01193	0.02982	0.16932	0.04053	0.28948	0.12526	0.14741	0.02215	0.01247	0.00364	0.00630	0.01924	0.01128	0.01195
8	0.01909	0.02373	0.14036	0.07478	0.03027	0.01683	0.01958	0.06659	0.02822	0.03866	0.21759	0.10218	0.13982	0.01948	0.01202	0.00356	0.00930	0.01665	0.00907	0.01222
9	0.69383	0.02109	0.01603	0.01434	0.02109	0.02446	0.01181	0.03205	0.01856	0.04892	0.01518	0.01771	0.01181	0.01012	0.00675	0.00337	0.00843	0.00590	0.00675	0.01181
10	0.01512	0.01103	0.01421	0.01363	0.01615	0.01012	0.01014	0.01988	0.02980	0.04170	0.48159	0.11762	0.13134	0.02343	0.01293	0.00351	0.00525	0.02068	0.01175	0.01012
11	0.01722	0.01378	0.01578	0.01552	0.01880	0.01387	0.01150	0.02741	0.15075	0.03706	0.20277	0.19974	0.18489	0.02447	0.01267	0.00379	0.00637	0.02130	0.01089	0.01142
12	0.02256	0.02304	0.04303	0.36260	0.06498	0.02615	0.18509	0.03000	0.02261	0.03000	0.01979	0.02870	0.01517	0.01109	0.01381	0.00375	0.06891	0.01071	0.00506	0.01294
13	0.02545	0.02182	0.02790	0.08143	0.08405	0.05897	0.01986	0.02989	0.02306	0.07790	0.06888	0.03215	0.02537	0.01933	0.06421	0.00446	0.14542	0.00990	0.00683	0.17313
14	0.26593	0.17016	0.03279	0.01979	0.02797	0.03280	0.01712	0.22929	0.03284	0.05143	0.01969	0.02113	0.01510	0.01115	0.00851	0.00308	0.01067	0.00749	0.00795	0.01510
15	0.02261	0.11435	0.50888	0.02981	0.04523	0.02714	0.03807	0.03434	0.02293	0.03362	0.01912	0.02246	0.01383	0.01025	0.01002	0.00334	0.01566	0.00783	0.00461	0.01590
16	0.02465	0.15030	0.12477	0.08703	0.13374	0.02797	0.11160	0.03405	0.06900	0.03429	0.07496	0.03184	0.02585	0.01149	0.01057	0.00326	0.01311	0.01048	0.00627	0.01478
17	0.09149	0.02073	0.02710	0.06556	0.13011	0.01851	0.01827	0.03148	0.02338	0.08464	0.02138	0.02477	0.01684	0.00929	0.00893	0.00240	0.00961	0.00768	0.00682	0.38102
18	0.43721	0.02813	0.02231	0.01903	0.02607	0.11192	0.01537	0.14807	0.02825	0.05017	0.01806	0.02003	0.01376	0.01100	0.00822	0.00326	0.01103	0.00701	0.00756	0.01354
19	0.14093	0.02186	0.03052	0.06939	0.03476	0.02333	0.09985	0.10948	0.07334	0.11865	0.02785	0.03166	0.02102	0.02506	0.11774	0.00615	0.01525	0.01042	0.00826	0.01447
20	0.01612	0.01051	0.01234	0.01227	0.01249	0.01044	0.00719	0.01609	0.01695	0.02281	0.07527	0.06845	0.04289	0.51053	0.05068	0.07580	0.01001	0.01555	0.00687	0.00673
21	0.01924	0.01494	0.01814	0.01764	0.02121	0.01558	0.01401	0.03159	0.16983	0.04158	0.28557	0.07998	0.07360	0.02207	0.01289	0.00389	0.00731	0.12749	0.01127	0.01219
22	0.02261	0.01938	0.02261	0.01615	0.02584	0.01453	0.01292	0.02745	0.02261	0.03553	0.01938	0.02261	0.01615	0.00807	0.00807	0.00161	0.00807	0.00646	0.00646	0.68346
23	0.03278	0.11848	0.13298	0.02105	0.03119	0.02259	0.02052	0.04101	0.07023	0.21128	0.02899	0.02842	0.02056	0.01114	0.00960	0.00286	0.01063	0.00872	0.00862	0.16834
24	0.04073	0.05197	0.03090	0.02809	0.03371	0.57303	0.02107	0.04354	0.03090	0.02669	0.01685	0.01966	0.01404	0.01124	0.00983	0.00281	0.01966	0.00702	0.00562	0.01264
25	0.02618	0.18296	0.19966	0.07126	0.03635	0.02699	0.02484	0.07447	0.02726	0.07587	0.11796	0.03433	0.03187	0.01284	0.01011	0.00316	0.01194	0.01017	0.00724	0.01455
26	0.02562	0.01749	0.02133	0.01655	0.02443	0.01380	0.01298	0.02984	0.02383	0.12633	0.03073	0.12859	0.02793	0.01363	0.00962	0.00242	0.00798	0.01158	0.00835	0.44698
27	0.12498	0.08502	0.30702	0.02903	0.08449	0.02505	0.02985	0.03703	0.02384	0.12300	0.02259	0.02454	0.01605	0.01071	0.00972	0.00332	0.01323	0.00821	0.00647	0.01584
28	0.03164	0.02304	0.03446	0.12427	0.24741	0.02375	0.02555	0.11517	0.03052	0.13997	0.07036	0.03376	0.02627	0.01225	0.01104	0.00335	0.01166	0.01082	0.00834	0.01636
29	0.28545	0.17751	0.07510	0.01907	0.02665	0.13230	0.01731	0.03398	0.02258	0.03695	0.01776	0.02061	0.01444	0.01040	0.00779	0.00294	0.01172	0.00668	0.06804	0.01272
30	0.02596	0.04431	0.28369	0.07883	0.04170	0.15112	0.02970	0.03676	0.07248	0.03407	0.07473	0.03040	0.02484	0.01224	0.01061	0.00334	0.01498	0.00955	0.00622	0.01445
31	0.01794	0.00983	0.01345	0.01345	0.01345	0.00983	0.00854	0.01474	0.01474	0.01965	0.02394	0.04554	0.02566	0.22573	0.04679	0.46465	0.00983	0.01154	0.00534	0.00534
32	0.01991	0.01766	0.02424	0.02179	0.02223	0.02302	0.01708	0.02202	0.01667	0.02471	0.02287	0.04042	0.02379	0.18763	0.16289	0.00916	0.31670	0.01166	0.00549	0.01006
33	0.01925	0.01270	0.01743	0.01668	0.01848	0.01396	0.01234	0.06569	0.01958	0.02709	0.02595	0.04043	0.02471	0.10635	0.29803	0.23611	0.01938	0.01112	0.00604	0.00867
34	0.01416	0.01071	0.01306	0.01328	0.01571	0.00962	0.00965	0.01781	0.02666	0.03564	0.29761	0.21693	0.22594	0.02675	0.01313	0.00375	0.00554	0.02344	0.01099	0.00962
35	0.03096	0.35036	0.05291	0.02738	0.03628	0.15978	0.13746	0.03567	0.02500	0.02812	0.01721	0.02086	0.01462	0.00973	0.00906	0.00276	0.01510	0.00780	0.00509	0.01386
36	0.02471	0.01637	0.02244	0.15537	0.03456	0.01733	0.01731	0.03406	0.10847	0.13577	0.19892	0.10045	0.05325	0.01772	0.01184	0.00360	0.00886	0.01544	0.01025	0.01329
37	0.02822	0.07538	0.11492	0.07957	0.03599	0.02351	0.02133	0.09962	0.07680	0.08755	0.02463	0.02652	0.01844	0.01067	0.00959	0.00276	0.01101	0.00844	0.00756	0.23748
38	0.10439	0.03144	0.14927	0.02451	0.03428	0.06728	0.05889	0.04499	0.07029	0.25858	0.03120	0.03020	0.02112	0.01204	0.01046	0.00340	0.01224	0.00972	0.00932	0.01642
39	0.01428	0.01072	0.01347	0.01529	0.01726	0.00991	0.01153	0.01723	0.02309	0.02953	0.07367	0.34135	0.20272	0.03127	0.01392	0.00437	0.00706	0.14393	0.01010	0.00926
40	0.10996	0.01840	0.02319	0.01873	0.02613	0.01714	0.01517	0.04802	0.06874	0.41707	0.04179	0.08594	0.02992	0.01508	0.01080	0.00349	0.00888	0.01232	0.01232	0.01691
41	0.02723	0.02870	0.13751	0.27393	0.09091	0.02453	0.07418	0.07227	0.02623	0.10465	0.02346	0.02864	0.01676	0.01108	0.01098	0.00351	0.01418	0.00985	0.00655	0.01486
42	0.03923	0.02017	0.02580	0.02097	0.02768	0.02066	0.01709	0.08997	0.10772	0.33144	0.03775	0.03608	0.02611	0.02113	0.07068	0.00498	0.06331	0.01102	0.01133	0.01687
43	0.07308	0.01419	0.01862	0.06858	0.02523	0.01377	0.01379	0.03068	0.02432	0.20202	0.04569	0.28243	0.04436	0.02188	0.01166	0.00378	0.00808	0.01908	0.06615	0.01262
44	0.56918	0.02497	0.07182	0.02062	0.07021	0.02467	0.01651	0.03242	0.01955	0.04634	0.01608	0.01905	0.01249	0.01011	0.00746	0.00337	0.00959	0.00645	0.00642	0.01271
45	0.01396	0.01041	0.01451	0.06856	0.02131	0.01028	0.01199	0.01636	0.02096	0.02784	0.05632	0.55583	0.06677	0.03200	0.01364	0.00435	0.00709	0.02902	0.00963	0.00916
46	0.02248	0.07456	0.02499	0.01613	0.02506	0.01675	0.01318	0.02723	0.02341	0.03545	0.07251	0.02815	0.02482	0.00964	0.00846	0.00187	0.00811	0.00776	0.00686	0.55255
47	0.02634	0.01992	0.06891	0.06989	0.02951	0.01542	0.01652	0.03126	0.02462	0.15526	0.08331	0.08637	0.03416	0.07304	0.01483	0.00367	0.00945	0.01227	0.00868	0.21656
48	0.09863	0.32545	0.12719	0.02263	0.03274	0.03397	0.05511	0.07334	0.02538	0.08547	0.01994	0.02182	0.01555	0.01027	0.00860	0.00288	0.01229	0.00749	0.00629	0.01496

[dist]
# distance from previous block
# <min> <max>
0	1

[block]
# block no. 6 follows, 12 sequences, length 8
# corresponding to MSA columns:
# 419-426
name=unknown_G
#
# <colnr> <probs for GDERKNQSTAVLIFYWHMCP>
#	G	D	E	R	K	N	Q	S	T	A	V	L	I	F	Y	W	H	M	C	P
0	0.18509	0.02026	0.02095	0.01859	0.02451	0.02246	0.01465	0.04490	0.27176	0.09835	0.12298	0.04188	0.03951	0.01484	0.01036	0.00354	0.00805	0.01194	0.01047	0.01490
1	0.02758	0.06928	0.02770	0.01846	0.02789	0.02133	0.01522	0.14261	0.02935	0.04261	0.02066	0.02305	0.01655	0.00936	0.00866	0.00206	0.00928	0.00720	0.00737	0.47375
2	0.02032	0.01475	0.01773	0.01727	0.02015	0.01501	0.01266	0.13376	0.02978	0.04024	0.13502	0.38089	0.06472	0.02714	0.01302	0.00398	0.00747	0.02405	0.01063	0.01139
3	0.02028	0.01485	0.01958	0.01743	0.02010	0.01616	0.01378	0.02437	0.02675	0.08659	0.31305	0.06670	0.13306	0.02140	0.01811	0.00377	0.14559	0.01691	0.01019	0.01132
4	0.02738	0.13199	0.12252	0.02796	0.03694	0.02782	0.12569	0.14430	0.03037	0.04050	0.02956	0.07248	0.02698	0.01521	0.01143	0.00358	0.01330	0.08987	0.00752	0.01461
5	0.03148	0.02545	0.11542	0.02088	0.02877	0.01994	0.01941	0.14789	0.03443	0.18252	0.19968	0.04671	0.04772	0.01576	0.01147	0.00338	0.00973	0.01308	0.01086	0.01541
6	0.02487	0.01712	0.01971	0.01738	0.02213	0.01730	0.01346	0.14120	0.07263	0.09331	0.17037	0.15597	0.14647	0.02170	0.01226	0.00363	0.00771	0.01850	0.01114	0.01314
7	0.02888	0.02009	0.02404	0.06524	0.02924	0.02174	0.01692	0.13330	0.10868	0.13006	0.05201	0.08055	0.14888	0.01840	0.01395	0.00369	0.06515	0.01464	0.01008	0.01447

[dist]
# distance from previous block
# <min> <max>
3	42

[block]
# block no. 7 follows, 12 sequences, length 49
# corresponding to MSA columns:
# 473-521
name=unknown_H
#
# <colnr> <probs for GDERKNQSTAVLIFYWHMCP>
#	G	D	E	R	K	N	Q	S	T	A	V	L	I	F	Y	W	H	M	C	P
0	0.03050	0.08383	0.02663	0.06818	0.02947	0.02064	0.01625	0.04055	0.13230	0.19557	0.10881	0.04427	0.06930	0.01474	0.01069	0.00323	0.00894	0.01218	0.01024	0.07369
1	0.03051	0.09128	0.06939	0.02694	0.03639	0.02591	0.13665	0.09203	0.11588	0.11159	0.02794	0.02926	0.02062	0.01108	0.01048	0.00308	0.01210	0.01004	0.00819	0.13065
2	0.03005	0.07929	0.18771	0.02292	0.03384	0.02354	0.02335	0.09031	0.07435	0.13152	0.02636	0.02697	0.01906	0.01099	0.00978	0.00291	0.01145	0.00860	0.00793	0.17907
3	0.02832	0.06679	0.04112	0.10434	0.04354	0.02819	0.16946	0.14580	0.12545	0.04374	0.06724	0.03400	0.02647	0.01239	0.01142	0.00347	0.01309	0.01170	0.00815	0.01532
4	0.01670	0.01346	0.02184	0.01977	0.02256	0.01458	0.06676	0.02088	0.01930	0.02739	0.06927	0.04725	0.03326	0.12266	0.41660	0.01421	0.02427	0.01286	0.00637	0.01001
5	0.02261	0.01938	0.02261	0.01615	0.02584	0.01453	0.01292	0.02745	0.02261	0.03553	0.01938	0.02261	0.01615	0.00807	0.00807	0.00161	0.00807	0.00646	0.00646	0.68346
6	0.01928	0.01172	0.01450	0.01431	0.01749	0.01036	0.01052	0.02235	0.02543	0.11649	0.15136	0.27131	0.21977	0.02682	0.01294	0.00386	0.00636	0.02339	0.01097	0.01077
7	0.02546	0.01929	0.02290	0.01650	0.02606	0.01470	0.01326	0.03024	0.02354	0.09203	0.02194	0.02418	0.01733	0.00866	0.00839	0.00181	0.00821	0.00695	0.00722	0.61133
8	0.02284	0.02075	0.03403	0.09625	0.34201	0.02091	0.02599	0.02897	0.02644	0.03746	0.18263	0.04408	0.04361	0.01372	0.01145	0.00333	0.01067	0.01282	0.00740	0.01465
9	0.03620	0.02682	0.02875	0.02374	0.02995	0.08155	0.01919	0.19361	0.11723	0.15007	0.03018	0.03096	0.02224	0.01887	0.05325	0.00452	0.09670	0.01028	0.00970	0.01619
10	0.02334	0.02307	0.13586	0.01998	0.02639	0.01585	0.01887	0.03144	0.07006	0.12681	0.15577	0.18127	0.05450	0.02074	0.01222	0.00378	0.00915	0.04762	0.01001	0.01326
11	0.12363	0.15128	0.15183	0.02790	0.07900	0.02737	0.07186	0.06677	0.02516	0.08513	0.02455	0.07489	0.02078	0.01250	0.00985	0.00328	0.01229	0.01032	0.00683	0.01479
12	0.02699	0.45547	0.20615	0.02233	0.03367	0.03787	0.02506	0.03321	0.02241	0.02828	0.01646	0.01913	0.01394	0.00963	0.00799	0.00266	0.01298	0.00649	0.00465	0.01462
13	0.01414	0.01011	0.01358	0.01580	0.01690	0.00956	0.01128	0.01682	0.02245	0.03004	0.10455	0.48610	0.07354	0.03244	0.01399	0.00443	0.00679	0.09804	0.01028	0.00917
14	0.01796	0.01392	0.02141	0.07261	0.02769	0.01395	0.05862	0.02338	0.02579	0.03539	0.16757	0.12313	0.06192	0.02352	0.01328	0.00415	0.00935	0.21372	0.06202	0.01063
15	0.02750	0.02365	0.03819	0.20967	0.10518	0.02657	0.10999	0.07248	0.06967	0.08350	0.02415	0.02968	0.01826	0.01242	0.01487	0.00372	0.09843	0.01058	0.00684	0.01465
16	0.01586	0.01057	0.01189	0.01189	0.01189	0.01057	0.00661	0.01586	0.01586	0.02114	0.03436	0.07135	0.03964	0.61681	0.05550	0.01057	0.01057	0.01586	0.00661	0.00661
17	0.03601	0.02788	0.03154	0.02758	0.07995	0.03003	0.02056	0.35021	0.11421	0.05873	0.02752	0.02795	0.02028	0.01248	0.01062	0.00315	0.01118	0.00980	0.00994	0.09038
18	0.01908	0.01498	0.01772	0.01636	0.02006	0.01555	0.01247	0.03225	0.18649	0.04431	0.38728	0.06871	0.08114	0.01995	0.01231	0.00351	0.00623	0.01741	0.01172	0.01247
19	0.02191	0.01584	0.02008	0.02055	0.02411	0.01643	0.01739	0.12038	0.02991	0.03937	0.05164	0.15664	0.05488	0.02713	0.01410	0.00460	0.01003	0.33318	0.01022	0.01162
20	0.02261	0.01938	0.02261	0.01615	0.02584	0.01453	0.01292	0.02745	0.02261	0.03553	0.01938	0.02261	0.01615	0.00807	0.00807	0.00161	0.00807	0.00646	0.00646	0.68346
21	0.07556	0.03186	0.15120	0.07336	0.04228	0.02616	0.12730	0.15913	0.03071	0.08197	0.02409	0.02809	0.01770	0.01734	0.06018	0.00469	0.01550	0.01005	0.00738	0.01546
22	0.02854	0.49371	0.05653	0.02687	0.08765	0.03957	0.07381	0.03299	0.02284	0.02775	0.01649	0.01982	0.01463	0.00936	0.00805	0.00258	0.01253	0.00702	0.00484	0.01443
23	0.02385	0.02385	0.03340	0.02863	0.02863	0.03340	0.02385	0.02624	0.01670	0.02624	0.01431	0.02385	0.01431	0.01908	0.03578	0.00477	0.59685	0.00954	0.00477	0.01193
24	0.01953	0.01655	0.02577	0.19203	0.03989	0.01805	0.06226	0.02700	0.06311	0.03203	0.08420	0.06994	0.04280	0.09325	0.01811	0.00492	0.01162	0.15978	0.00793	0.01123
25	0.10927	0.04468	0.02795	0.02580	0.03123	0.45750	0.01971	0.04020	0.02898	0.02969	0.02076	0.02978	0.01867	0.01300	0.01002	0.00309	0.01748	0.05371	0.00618	0.01229
26	0.01558	0.01168	0.01752	0.01752	0.01947	0.01363	0.01363	0.01947	0.01752	0.02531	0.02921	0.04283	0.02726	0.08178	0.57360	0.01752	0.02921	0.01168	0.00584	0.00974
27	0.04810	0.01986	0.02611	0.02002	0.02849	0.01797	0.01654	0.10328	0.03340	0.50311	0.04118	0.03592	0.02607	0.01345	0.01096	0.00336	0.00957	0.01084	0.01321	0.01855
28	0.03048	0.01408	0.01913	0.01770	0.02220	0.01262	0.01371	0.03380	0.02619	0.27639	0.05182	0.28785	0.04992	0.02402	0.01266	0.00400	0.00812	0.07011	0.01170	0.01354
29	0.02308	0.01972	0.02088	0.01908	0.02441	0.02184	0.01474	0.04569	0.37847	0.04201	0.10196	0.05789	0.14792	0.01817	0.01163	0.00367	0.00766	0.01524	0.01097	0.01494
30	0.01894	0.00947	0.01420	0.01420	0.01420	0.00947	0.00947	0.01420	0.01420	0.01894	0.01894	0.03314	0.01894	0.03788	0.04261	0.68277	0.00947	0.00947	0.00473	0.00473
31	0.13130	0.01344	0.01537	0.01424	0.01700	0.01345	0.00994	0.02487	0.02019	0.11805	0.07060	0.09515	0.03768	0.25507	0.03205	0.09042	0.00913	0.01410	0.00824	0.00969
32	0.03138	0.02493	0.02688	0.02303	0.02976	0.02810	0.01855	0.21973	0.30491	0.05272	0.03909	0.04363	0.03087	0.01570	0.01142	0.00368	0.01000	0.05770	0.01092	0.01700
33	0.01328	0.00949	0.01265	0.01518	0.01581	0.00886	0.01012	0.01518	0.02088	0.02783	0.06010	0.60969	0.07212	0.03416	0.01392	0.00443	0.00633	0.03100	0.01012	0.00886
34	0.03354	0.02124	0.02293	0.01854	0.02474	0.02267	0.01500	0.27491	0.03800	0.10004	0.03146	0.03300	0.02309	0.01297	0.00958	0.00298	0.00896	0.01006	0.28113	0.01515
35	0.09165	0.01565	0.02000	0.01676	0.02253	0.01433	0.01332	0.03770	0.02922	0.30305	0.20730	0.09260	0.05412	0.01764	0.01144	0.00347	0.00762	0.01491	0.01216	0.01451
36	0.09902	0.01556	0.01947	0.01625	0.02172	0.01443	0.01274	0.03651	0.02817	0.28272	0.20009	0.05315	0.05125	0.08144	0.01598	0.00417	0.00800	0.01380	0.01159	0.01393
37	0.02280	0.01907	0.02091	0.02000	0.02444	0.02142	0.01503	0.04458	0.37035	0.04006	0.04929	0.21841	0.04541	0.02084	0.01198	0.00393	0.00791	0.01816	0.01079	0.01463
38	0.15903	0.01745	0.02055	0.01777	0.02383	0.01714	0.01399	0.04087	0.08045	0.28276	0.04193	0.16728	0.03534	0.01782	0.01088	0.00365	0.00836	0.01483	0.01119	0.01489
39	0.16958	0.01674	0.02015	0.01707	0.02322	0.01590	0.01357	0.03899	0.02681	0.31021	0.09036	0.13776	0.03940	0.01731	0.01082	0.00356	0.00818	0.01432	0.01139	0.01467
40	0.01547	0.01105	0.01515	0.01767	0.01926	0.01074	0.01391	0.01895	0.02303	0.03027	0.05889	0.36203	0.06735	0.03210	0.01450	0.00473	0.00822	0.25713	0.01008	0.00946
41	0.13599	0.01890	0.02405	0.01872	0.02692	0.01716	0.01546	0.05029	0.02950	0.48783	0.03926	0.03449	0.02494	0.01304	0.01040	0.00337	0.00916	0.01028	0.01258	0.01764
42	0.02262	0.01623	0.02288	0.19593	0.03756	0.01749	0.01818	0.07862	0.02855	0.08628	0.19219	0.14732	0.05366	0.01899	0.01204	0.00365	0.00942	0.01667	0.00946	0.01228
43	0.02750	0.02189	0.03362	0.08564	0.18378	0.02280	0.07088	0.07098	0.09532	0.09267	0.02904	0.03666	0.02369	0.08409	0.06818	0.00552	0.01382	0.01138	0.00761	0.01493
44	0.03935	0.01725	0.02379	0.08007	0.03066	0.01575	0.01632	0.04387	0.02960	0.40176	0.09632	0.04659	0.07841	0.01533	0.01132	0.00343	0.00911	0.01275	0.01211	0.01621
45	0.07380	0.01166	0.01349	0.01345	0.01625	0.01099	0.00992	0.01935	0.02637	0.03765	0.29879	0.18800	0.19126	0.02486	0.01254	0.00368	0.00576	0.02155	0.01073	0.00988
46	0.02068	0.01572	0.02272	0.24455	0.04114	0.01753	0.01887	0.02703	0.05704	0.07456	0.04308	0.11033	0.10281	0.08346	0.06820	0.00569	0.01245	0.01502	0.00763	0.01149
47	0.13767	0.02160	0.03460	0.13047	0.22140	0.02287	0.08413	0.02950	0.02230	0.03485	0.02394	0.07863	0.02160	0.01925	0.06690	0.00491	0.01415	0.01151	0.00601	0.01369
48	0.17102	0.02489	0.02738	0.07768	0.13303	0.08135	0.01946	0.03381	0.06275	0.03761	0.02038	0.02407	0.01641	0.00996	0.00900	0.00278	0.01098	0.00778	0.00644	0.22322

[dist]
# distance from previous block
# <min> <max>
0	29

# created by:
# /st0/software/busco_prod/Augustus/scripts/msa2prfl.pl ./align_prep/8218.fa
