[name]
unknown

[dist]
# distance from previous block
# <min> <max>
0	33

[block]
# block no. 0 follows, 12 sequences, length 28
# corresponding to MSA columns:
# 34-61
name=unknown_A
#
# <colnr> <probs for GDERKNQSTAVLIFYWHMCP>
#	G	D	E	R	K	N	Q	S	T	A	V	L	I	F	Y	W	H	M	C	P
0	0.02755	0.10517	0.03403	0.02217	0.03126	0.02397	0.07374	0.13256	0.02922	0.04101	0.02326	0.03051	0.01968	0.01100	0.00958	0.00255	0.01075	0.04076	0.00731	0.32392
1	0.11030	0.02464	0.03296	0.19075	0.11126	0.07091	0.05814	0.03557	0.05880	0.09051	0.02266	0.02765	0.01730	0.01218	0.01368	0.00361	0.08888	0.00953	0.00664	0.01402
2	0.01471	0.01091	0.01372	0.01345	0.01596	0.00991	0.00992	0.01902	0.02852	0.03919	0.40537	0.15463	0.17484	0.02476	0.01300	0.00360	0.00536	0.02176	0.01143	0.00991
3	0.02803	0.02146	0.02827	0.23964	0.04592	0.02443	0.02203	0.13778	0.13032	0.08600	0.09219	0.03787	0.03101	0.01375	0.01119	0.00352	0.01123	0.01158	0.00897	0.01481
4	0.03465	0.01622	0.01924	0.01585	0.02158	0.01563	0.01273	0.10036	0.02996	0.25277	0.03735	0.03733	0.02633	0.01307	0.00940	0.00297	0.00768	0.01044	0.32178	0.01465
5	0.01551	0.01235	0.01924	0.01845	0.02029	0.01170	0.07463	0.01792	0.02035	0.02721	0.04914	0.40879	0.05730	0.16612	0.02343	0.00576	0.00889	0.02511	0.00870	0.00910
6	0.04073	0.05197	0.03090	0.02809	0.03371	0.57303	0.02107	0.04354	0.03090	0.02669	0.01685	0.01966	0.01404	0.01124	0.00983	0.00281	0.01966	0.00702	0.00562	0.01264
7	0.02971	0.03833	0.31718	0.02506	0.03693	0.02037	0.02857	0.03868	0.02667	0.20320	0.09561	0.03519	0.02970	0.01293	0.01088	0.00342	0.01248	0.01052	0.00843	0.01614
8	0.03276	0.06443	0.07891	0.08518	0.03639	0.02003	0.08341	0.03863	0.02744	0.25225	0.09622	0.07221	0.03422	0.01439	0.01128	0.00345	0.01113	0.01273	0.00971	0.01522
9	0.03066	0.08614	0.16417	0.02499	0.03411	0.09038	0.06328	0.07005	0.02855	0.14078	0.08814	0.07148	0.03135	0.01408	0.01089	0.00333	0.01275	0.01173	0.00827	0.01488
10	0.02825	0.22649	0.23665	0.02296	0.03425	0.02774	0.02542	0.03553	0.02462	0.11821	0.05893	0.02766	0.02248	0.01123	0.00940	0.00296	0.01225	0.00854	0.00673	0.05972
11	0.39520	0.14426	0.09237	0.01792	0.02655	0.02716	0.01722	0.03523	0.02147	0.10896	0.01936	0.02086	0.01447	0.01044	0.00779	0.00318	0.01013	0.00682	0.00695	0.01365
12	0.04007	0.10783	0.03357	0.02325	0.03141	0.09734	0.01928	0.26415	0.07977	0.15251	0.02840	0.02758	0.02026	0.01259	0.01029	0.00315	0.01209	0.00938	0.00997	0.01712
13	0.02870	0.01302	0.01575	0.01371	0.01815	0.01206	0.01076	0.03351	0.02686	0.20666	0.12141	0.04622	0.03996	0.01453	0.00956	0.00295	0.00644	0.01199	0.35487	0.01288
14	0.10402	0.02041	0.03278	0.32934	0.05562	0.02256	0.09561	0.02879	0.02281	0.03362	0.06177	0.03127	0.02185	0.01117	0.01053	0.00337	0.01289	0.01016	0.00594	0.08549
15	0.10664	0.03345	0.03116	0.14938	0.10100	0.21902	0.02311	0.10853	0.02998	0.06829	0.02059	0.02432	0.01573	0.01128	0.01006	0.00320	0.01480	0.00843	0.00681	0.01422
16	0.01505	0.01113	0.01404	0.01331	0.01605	0.01012	0.00998	0.01983	0.02995	0.04156	0.47740	0.08501	0.16987	0.02310	0.01286	0.00347	0.00520	0.02022	0.01172	0.01012
17	0.01573	0.01042	0.01169	0.01204	0.01284	0.01014	0.00740	0.01692	0.01839	0.02537	0.04633	0.14495	0.09767	0.39844	0.03927	0.00799	0.00876	0.01801	0.09003	0.00764
18	0.10510	0.02127	0.03363	0.38468	0.19056	0.02469	0.02883	0.02982	0.02218	0.03245	0.01915	0.02713	0.01490	0.01050	0.01036	0.00350	0.01338	0.00923	0.00522	0.01340
19	0.02538	0.02414	0.09328	0.01846	0.02885	0.01611	0.01684	0.03118	0.02360	0.09217	0.02198	0.02424	0.01703	0.00896	0.00869	0.00205	0.00926	0.00716	0.00698	0.52363
20	0.01894	0.00947	0.01420	0.01420	0.01420	0.00947	0.00947	0.01420	0.01420	0.01894	0.01894	0.03314	0.01894	0.03788	0.04261	0.68277	0.00947	0.00947	0.00473	0.00473
21	0.02845	0.13886	0.19571	0.02683	0.03473	0.10180	0.02692	0.03434	0.02260	0.07285	0.01877	0.02308	0.01513	0.01330	0.01774	0.00358	0.19733	0.00825	0.00554	0.01419
22	0.03089	0.07906	0.07697	0.08606	0.03716	0.02624	0.06054	0.15840	0.10031	0.11022	0.03222	0.09736	0.02653	0.01472	0.01106	0.00348	0.01163	0.01252	0.00900	0.01562
23	0.02059	0.01938	0.03270	0.59060	0.07510	0.02422	0.03028	0.02786	0.02180	0.02786	0.01938	0.02907	0.01453	0.01090	0.01090	0.00363	0.01453	0.00969	0.00484	0.01211
24	0.01750	0.01506	0.02159	0.02075	0.02228	0.01702	0.04547	0.02200	0.05589	0.02916	0.04595	0.39698	0.05245	0.02772	0.01873	0.00441	0.14431	0.02356	0.00866	0.01053
25	0.02858	0.37696	0.11522	0.02689	0.03705	0.08475	0.12821	0.03433	0.02381	0.02880	0.01733	0.02093	0.01453	0.00959	0.00892	0.00280	0.01436	0.00773	0.00493	0.01428
26	0.02780	0.09449	0.03008	0.13295	0.03641	0.02442	0.01924	0.06507	0.11812	0.10516	0.03010	0.07772	0.02486	0.01396	0.01194	0.00327	0.04923	0.01116	0.00817	0.11588
27	0.03083	0.15380	0.03177	0.01966	0.02726	0.02659	0.01655	0.13186	0.12669	0.10705	0.10115	0.03569	0.03295	0.01328	0.01000	0.00297	0.00947	0.01052	0.00947	0.10245

[dist]
# distance from previous block
# <min> <max>
1	5

[block]
# block no. 1 follows, 12 sequences, length 6
# corresponding to MSA columns:
# 67-72
name=unknown_B
#
# <colnr> <probs for GDERKNQSTAVLIFYWHMCP>
#	G	D	E	R	K	N	Q	S	T	A	V	L	I	F	Y	W	H	M	C	P
0	0.02367	0.02170	0.07047	0.10730	0.03550	0.01857	0.05123	0.03322	0.09118	0.08271	0.14532	0.04122	0.03885	0.01338	0.01076	0.00305	0.00992	0.01172	0.00848	0.18174
1	0.14714	0.02496	0.02970	0.02300	0.03143	0.07813	0.09487	0.03813	0.07294	0.12037	0.02495	0.02657	0.01859	0.01044	0.00955	0.00286	0.01126	0.00873	0.00783	0.21857
2	0.01321	0.00976	0.01237	0.01446	0.01562	0.00892	0.00980	0.01526	0.02157	0.02812	0.06891	0.52131	0.15481	0.03301	0.01374	0.00430	0.00619	0.02960	0.01012	0.00892
3	0.02396	0.12006	0.03742	0.21274	0.04621	0.07692	0.10646	0.03002	0.02493	0.03213	0.10318	0.03555	0.02979	0.01232	0.01057	0.00324	0.01301	0.01099	0.05800	0.01248
4	0.04145	0.03054	0.03272	0.02509	0.03381	0.03381	0.02072	0.51243	0.05127	0.06872	0.02618	0.02618	0.01854	0.01309	0.01091	0.00327	0.01200	0.00982	0.01091	0.01854
5	0.03029	0.26795	0.16985	0.02708	0.03716	0.18477	0.07567	0.03636	0.02517	0.02901	0.01740	0.02065	0.01423	0.01009	0.00920	0.00287	0.01565	0.00742	0.00500	0.01419

[dist]
# distance from previous block
# <min> <max>
1	4

[block]
# block no. 2 follows, 12 sequences, length 22
# corresponding to MSA columns:
# 78-99
name=unknown_C
#
# <colnr> <probs for GDERKNQSTAVLIFYWHMCP>
#	G	D	E	R	K	N	Q	S	T	A	V	L	I	F	Y	W	H	M	C	P
0	0.02798	0.53197	0.13825	0.02066	0.03108	0.04027	0.02214	0.03295	0.02229	0.02708	0.01587	0.01838	0.01396	0.00949	0.00754	0.00251	0.01238	0.00619	0.00465	0.01433
1	0.14727	0.02323	0.06875	0.02116	0.03027	0.01886	0.09430	0.02985	0.02242	0.03837	0.02075	0.02472	0.01646	0.00930	0.00873	0.00251	0.01012	0.00790	0.07658	0.32845
2	0.02187	0.05640	0.56031	0.03108	0.04719	0.02532	0.04029	0.03453	0.02302	0.03453	0.01957	0.02302	0.01381	0.01036	0.01036	0.00345	0.01611	0.00806	0.00460	0.01611
3	0.01348	0.00964	0.01282	0.01505	0.01586	0.00898	0.01014	0.01567	0.02177	0.02926	0.10340	0.56232	0.07487	0.03310	0.01382	0.00434	0.00622	0.02999	0.01029	0.00898
4	0.01360	0.01012	0.01267	0.01404	0.01567	0.00919	0.00977	0.01628	0.02356	0.03112	0.16022	0.40574	0.17700	0.03058	0.01350	0.00409	0.00594	0.02723	0.01047	0.00919
5	0.01334	0.01033	0.01217	0.01327	0.01540	0.00916	0.00936	0.01595	0.02362	0.03019	0.13229	0.33946	0.27623	0.03013	0.01337	0.00401	0.00586	0.02641	0.01032	0.00916
6	0.02245	0.02147	0.03115	0.19031	0.04131	0.02854	0.02433	0.02860	0.05822	0.02814	0.01941	0.02831	0.01697	0.02177	0.07290	0.00545	0.33309	0.00999	0.00538	0.01221
7	0.01478	0.01112	0.01367	0.01303	0.01589	0.01001	0.00977	0.01931	0.02932	0.04006	0.43189	0.08748	0.21632	0.02366	0.01287	0.00349	0.00524	0.02056	0.01152	0.01001
8	0.02261	0.01938	0.02261	0.01615	0.02584	0.01453	0.01292	0.02745	0.02261	0.03553	0.01938	0.02261	0.01615	0.00807	0.00807	0.00161	0.00807	0.00646	0.00646	0.68346
9	0.01586	0.01057	0.01189	0.01189	0.01189	0.01057	0.00661	0.01586	0.01586	0.02114	0.03436	0.07135	0.03964	0.61681	0.05550	0.01057	0.01057	0.01586	0.00661	0.00661
10	0.02900	0.29298	0.03921	0.02044	0.02777	0.08058	0.01773	0.07369	0.17306	0.03649	0.08006	0.03175	0.02926	0.01271	0.00933	0.00295	0.01082	0.00956	0.00783	0.01476
11	0.43297	0.02581	0.07653	0.01845	0.02647	0.02510	0.01664	0.08721	0.07552	0.09155	0.02210	0.02312	0.01618	0.01122	0.00836	0.00340	0.00970	0.00762	0.00797	0.01409
12	0.03925	0.26068	0.03973	0.02052	0.02938	0.03116	0.01823	0.15884	0.03260	0.22567	0.02783	0.02664	0.01976	0.01175	0.00938	0.00294	0.01089	0.00865	0.00936	0.01675
13	0.01543	0.01115	0.01457	0.01372	0.01629	0.01029	0.01029	0.02058	0.03086	0.04372	0.54304	0.08145	0.10288	0.02229	0.01286	0.00343	0.00514	0.01972	0.01200	0.01029
14	0.02823	0.02631	0.04326	0.06333	0.50449	0.02659	0.03237	0.07467	0.02710	0.03847	0.02100	0.02692	0.01738	0.01001	0.01080	0.00324	0.01287	0.00972	0.00587	0.01738
15	0.01348	0.00980	0.01271	0.01467	0.01577	0.00904	0.00998	0.01579	0.02227	0.02965	0.11526	0.51015	0.11653	0.03234	0.01372	0.00426	0.00613	0.02912	0.01032	0.00904
16	0.02516	0.02343	0.03631	0.20861	0.28941	0.02570	0.02875	0.03756	0.14192	0.03570	0.02577	0.03080	0.02022	0.01125	0.01090	0.00346	0.01240	0.01032	0.00657	0.01577
17	0.38716	0.01988	0.02044	0.01675	0.02429	0.02045	0.01381	0.04208	0.02457	0.29021	0.02842	0.02694	0.01903	0.01173	0.00875	0.00337	0.00884	0.00831	0.00996	0.01502
18	0.01361	0.01107	0.01205	0.01181	0.01517	0.00951	0.00885	0.01705	0.02656	0.03352	0.23363	0.09825	0.41866	0.02610	0.01288	0.00361	0.00541	0.02207	0.01066	0.00951
19	0.02694	0.01826	0.02121	0.01926	0.02417	0.01930	0.01582	0.15101	0.09727	0.07878	0.09451	0.06504	0.04421	0.01918	0.01181	0.00374	0.00897	0.14658	0.12027	0.01367
20	0.01494	0.01113	0.01390	0.01320	0.01599	0.01008	0.00990	0.01963	0.02971	0.04098	0.45995	0.08596	0.18768	0.02331	0.01287	0.00348	0.00522	0.02035	0.01164	0.01008
21	0.01354	0.01091	0.01205	0.01211	0.01521	0.00943	0.00895	0.01678	0.02588	0.03270	0.20866	0.15074	0.39080	0.02701	0.01299	0.00370	0.00551	0.02304	0.01057	0.00943

[dist]
# distance from previous block
# <min> <max>
3	5

[block]
# block no. 3 follows, 12 sequences, length 9
# corresponding to MSA columns:
# 106-114
name=unknown_D
#
# <colnr> <probs for GDERKNQSTAVLIFYWHMCP>
#	G	D	E	R	K	N	Q	S	T	A	V	L	I	F	Y	W	H	M	C	P
0	0.08349	0.25565	0.12296	0.02123	0.03093	0.09945	0.02076	0.03573	0.02417	0.08774	0.01972	0.02156	0.01552	0.01006	0.00847	0.00266	0.01235	0.00699	0.00616	0.11438
1	0.69383	0.02109	0.01603	0.01434	0.02109	0.02446	0.01181	0.03205	0.01856	0.04892	0.01518	0.01771	0.01181	0.01012	0.00675	0.00337	0.00843	0.00590	0.00675	0.01181
2	0.03210	0.02177	0.02791	0.18398	0.04210	0.02420	0.02101	0.09328	0.21310	0.16984	0.03510	0.03504	0.02491	0.01319	0.01099	0.00356	0.01081	0.01099	0.00989	0.01624
3	0.09579	0.02112	0.02665	0.02098	0.02824	0.02142	0.01736	0.11272	0.03117	0.37954	0.03476	0.03234	0.02297	0.01389	0.01380	0.00354	0.08484	0.01022	0.01148	0.01717
4	0.02261	0.01938	0.02261	0.01615	0.02584	0.01453	0.01292	0.02745	0.02261	0.03553	0.01938	0.02261	0.01615	0.00807	0.00807	0.00161	0.00807	0.00646	0.00646	0.68346
5	0.09229	0.02104	0.02632	0.10244	0.03451	0.02166	0.01837	0.15807	0.03286	0.27081	0.03470	0.08287	0.02590	0.01459	0.01086	0.00348	0.01038	0.01188	0.01076	0.01621
6	0.02353	0.03264	0.18255	0.18608	0.19481	0.02621	0.07609	0.03173	0.02283	0.03234	0.01949	0.02635	0.01527	0.01108	0.01337	0.00359	0.07267	0.00952	0.00499	0.01487
7	0.01508	0.01079	0.01465	0.01673	0.01828	0.01035	0.01279	0.01850	0.02366	0.03157	0.12110	0.36913	0.07273	0.03120	0.01419	0.00451	0.00749	0.18745	0.01033	0.00946
8	0.02555	0.02574	0.03755	0.30163	0.27717	0.08412	0.03068	0.03199	0.02410	0.03112	0.01960	0.02715	0.01568	0.01042	0.01074	0.00337	0.01440	0.00941	0.00517	0.01442

[dist]
# distance from previous block
# <min> <max>
5	9

[block]
# block no. 4 follows, 12 sequences, length 22
# corresponding to MSA columns:
# 126-147
name=unknown_E
#
# <colnr> <probs for GDERKNQSTAVLIFYWHMCP>
#	G	D	E	R	K	N	Q	S	T	A	V	L	I	F	Y	W	H	M	C	P
0	0.10146	0.32976	0.09490	0.11188	0.03739	0.10616	0.02221	0.03344	0.02294	0.02957	0.01649	0.02019	0.01383	0.01002	0.00830	0.00283	0.01326	0.00683	0.00504	0.01348
1	0.02887	0.54462	0.05544	0.02502	0.09663	0.04087	0.02061	0.03276	0.02251	0.02697	0.01586	0.01874	0.01442	0.00938	0.00750	0.00245	0.01183	0.00634	0.00476	0.01442
2	0.01352	0.01026	0.01247	0.01363	0.01555	0.00920	0.00957	0.01623	0.02380	0.03099	0.15646	0.36230	0.22636	0.03012	0.01342	0.00403	0.00588	0.02660	0.01044	0.00920
3	0.03042	0.56072	0.05426	0.01969	0.02861	0.10124	0.01892	0.03384	0.02311	0.02577	0.01534	0.01773	0.01400	0.00954	0.00731	0.00238	0.01254	0.00596	0.00477	0.01384
4	0.02154	0.01157	0.01414	0.01353	0.01523	0.01108	0.00892	0.02262	0.01960	0.10935	0.03797	0.13029	0.03889	0.32915	0.03659	0.06392	0.00911	0.01591	0.08155	0.00904
5	0.14340	0.09254	0.09835	0.02117	0.02957	0.02584	0.01975	0.16799	0.03214	0.12621	0.07122	0.03698	0.02806	0.01393	0.01020	0.00337	0.01076	0.04412	0.00912	0.01527
6	0.03439	0.03072	0.02487	0.02273	0.02801	0.23951	0.01752	0.04146	0.09764	0.14555	0.03663	0.12179	0.03271	0.01739	0.01136	0.00351	0.01300	0.05827	0.00918	0.01376
7	0.03837	0.01622	0.02192	0.01761	0.02420	0.01422	0.01422	0.04288	0.03110	0.39480	0.20059	0.05108	0.05091	0.01627	0.01156	0.00339	0.00798	0.01372	0.01302	0.01595
8	0.03793	0.02815	0.11745	0.02427	0.03232	0.02439	0.02253	0.12904	0.03057	0.27155	0.03016	0.03005	0.02065	0.01404	0.01592	0.00365	0.13080	0.00998	0.00976	0.01679
9	0.02840	0.19771	0.04023	0.25024	0.04885	0.02897	0.05617	0.03613	0.06494	0.11148	0.02404	0.02789	0.01798	0.01104	0.00991	0.00322	0.01265	0.00919	0.00669	0.01426
10	0.02477	0.01790	0.02798	0.03732	0.23237	0.01734	0.02152	0.02934	0.02466	0.11069	0.04130	0.21465	0.04192	0.02064	0.01240	0.00389	0.01000	0.08871	0.00872	0.01386
11	0.02877	0.02253	0.03067	0.02836	0.09900	0.02194	0.06653	0.04327	0.20197	0.11206	0.03187	0.03223	0.02386	0.01152	0.01037	0.00301	0.01010	0.01021	0.00884	0.20290
12	0.02609	0.01927	0.02297	0.01658	0.02610	0.01473	0.01333	0.03085	0.02375	0.10434	0.02250	0.02453	0.01758	0.00879	0.00846	0.00185	0.00823	0.00706	0.00739	0.59561
13	0.02267	0.01668	0.01917	0.01733	0.02194	0.01741	0.01336	0.03779	0.23007	0.08592	0.25864	0.06371	0.11218	0.01907	0.01200	0.00356	0.00692	0.01635	0.01158	0.01367
14	0.02574	0.02941	0.06434	0.04596	0.05699	0.02757	0.50919	0.03493	0.02574	0.03493	0.02206	0.02941	0.01654	0.00919	0.01287	0.00368	0.01838	0.01287	0.00551	0.01471
15	0.02521	0.04242	0.31988	0.08641	0.15212	0.02642	0.06544	0.08616	0.02656	0.03796	0.02063	0.02510	0.01528	0.01050	0.01071	0.00342	0.01502	0.00903	0.00554	0.01619
16	0.01797	0.00982	0.01348	0.01348	0.01348	0.00982	0.00857	0.01472	0.01472	0.01963	0.02377	0.04513	0.02543	0.21947	0.04665	0.47193	0.00982	0.01147	0.00532	0.00532
17	0.02862	0.40761	0.20233	0.02237	0.03361	0.03570	0.02479	0.03487	0.02315	0.07147	0.01872	0.02071	0.01500	0.00997	0.00831	0.00275	0.01277	0.00690	0.00537	0.01499
18	0.01403	0.00949	0.01286	0.01505	0.01560	0.00894	0.01004	0.01505	0.02000	0.02666	0.05467	0.53370	0.06511	0.03465	0.01770	0.09384	0.00674	0.02816	0.00941	0.00831
19	0.02935	0.02119	0.03607	0.02798	0.03535	0.02031	0.18674	0.03933	0.10732	0.17278	0.08750	0.11502	0.03780	0.01580	0.01223	0.00368	0.01155	0.01536	0.00974	0.01491
20	0.02410	0.09761	0.30751	0.07514	0.04236	0.02423	0.06486	0.03337	0.02483	0.07804	0.09578	0.03295	0.02787	0.01218	0.01066	0.00336	0.01357	0.01023	0.00649	0.01484
21	0.03255	0.45549	0.04943	0.02143	0.02967	0.19882	0.01936	0.03585	0.02472	0.02596	0.01566	0.01813	0.01401	0.00989	0.00783	0.00247	0.01401	0.00618	0.00494	0.01360

[dist]
# distance from previous block
# <min> <max>
1	3

[block]
# block no. 5 follows, 12 sequences, length 29
# corresponding to MSA columns:
# 151-179
name=unknown_F
#
# <colnr> <probs for GDERKNQSTAVLIFYWHMCP>
#	G	D	E	R	K	N	Q	S	T	A	V	L	I	F	Y	W	H	M	C	P
0	0.06735	0.13087	0.03102	0.15088	0.03700	0.02584	0.01926	0.11579	0.06132	0.07976	0.03136	0.14452	0.02887	0.01612	0.01056	0.00346	0.01072	0.01336	0.00818	0.01378
1	0.63231	0.02019	0.01589	0.01428	0.02065	0.02318	0.01167	0.03101	0.01967	0.04845	0.06304	0.02349	0.02007	0.01122	0.00730	0.00338	0.00814	0.00716	0.00722	0.01167
2	0.01850	0.01612	0.02578	0.02112	0.02589	0.01540	0.11637	0.02667	0.07470	0.04103	0.35692	0.06838	0.10938	0.01921	0.01270	0.00352	0.00829	0.01783	0.01041	0.01178
3	0.01369	0.01033	0.01266	0.01366	0.01562	0.00930	0.00964	0.01661	0.02440	0.03212	0.19069	0.33999	0.21275	0.02945	0.01337	0.00398	0.00581	0.02603	0.01058	0.00930
4	0.02246	0.10218	0.51968	0.03007	0.04564	0.02676	0.03854	0.03438	0.02295	0.03381	0.01921	0.02257	0.01383	0.01028	0.01009	0.00336	0.01575	0.00788	0.00461	0.01594
5	0.01628	0.01272	0.01887	0.01847	0.02025	0.01531	0.01450	0.02005	0.01745	0.02539	0.02794	0.04122	0.02616	0.07644	0.52786	0.01644	0.07748	0.01150	0.00575	0.00992
6	0.02478	0.02778	0.08986	0.02224	0.03213	0.06614	0.06344	0.03313	0.06973	0.03551	0.02171	0.02468	0.01729	0.00933	0.00921	0.00231	0.01102	0.00782	0.00651	0.42539
7	0.02631	0.02250	0.02405	0.02201	0.02786	0.02588	0.01728	0.05493	0.48623	0.04451	0.04551	0.04768	0.03579	0.01610	0.01143	0.00381	0.00875	0.05171	0.01100	0.01664
8	0.02437	0.15591	0.14140	0.03231	0.04134	0.02958	0.20801	0.03133	0.02276	0.03101	0.02250	0.07760	0.02024	0.01312	0.01461	0.00358	0.09927	0.01171	0.00549	0.01387
9	0.02955	0.01503	0.02075	0.08285	0.02736	0.01424	0.01458	0.03409	0.02855	0.24610	0.23356	0.05658	0.05618	0.07282	0.01584	0.00410	0.00840	0.01467	0.01127	0.01348
10	0.03811	0.02200	0.02611	0.02119	0.02880	0.02223	0.01734	0.16034	0.13916	0.25227	0.03893	0.04164	0.02862	0.01474	0.01114	0.00344	0.00978	0.05059	0.01160	0.06197
11	0.02852	0.02568	0.04037	0.14327	0.38194	0.02704	0.03070	0.11729	0.02902	0.04023	0.02133	0.02718	0.01706	0.01050	0.01083	0.00331	0.01304	0.00973	0.00628	0.01667
12	0.01640	0.01038	0.01230	0.01230	0.01230	0.01038	0.00711	0.01556	0.01556	0.02075	0.03163	0.06459	0.03598	0.51440	0.05322	0.12948	0.01038	0.01473	0.00628	0.00628
13	0.09441	0.03334	0.03819	0.03003	0.03813	0.15502	0.15143	0.16785	0.10344	0.04484	0.02445	0.02680	0.01841	0.01158	0.01084	0.00334	0.01470	0.00999	0.00788	0.01535
14	0.38386	0.02339	0.02263	0.01842	0.02606	0.02565	0.01520	0.17674	0.03047	0.14816	0.02353	0.02377	0.01658	0.01161	0.00874	0.00334	0.00963	0.00798	0.00921	0.01502
15	0.01796	0.01323	0.01595	0.01488	0.01809	0.01325	0.01127	0.02764	0.11825	0.04377	0.40754	0.07043	0.08359	0.02007	0.01206	0.00339	0.00575	0.01752	0.07384	0.01151
16	0.03203	0.02423	0.03177	0.02621	0.02953	0.03028	0.02178	0.12945	0.02636	0.13244	0.02200	0.02677	0.01750	0.01684	0.02619	0.00421	0.37046	0.00986	0.00762	0.01448
17	0.04014	0.02989	0.03199	0.02482	0.03332	0.03320	0.02041	0.47107	0.09475	0.06661	0.02783	0.02750	0.01988	0.01324	0.01092	0.00331	0.01169	0.01005	0.01092	0.01843
18	0.01382	0.01035	0.01283	0.01375	0.01569	0.00936	0.00972	0.01688	0.02477	0.03288	0.21384	0.33248	0.19566	0.02909	0.01336	0.00395	0.00578	0.02576	0.01067	0.00936
19	0.02802	0.28861	0.03901	0.02063	0.02819	0.03420	0.01788	0.04676	0.30502	0.03679	0.03146	0.03043	0.02476	0.01238	0.00928	0.00309	0.00997	0.00946	0.00825	0.01581
20	0.01363	0.00995	0.01291	0.01515	0.01630	0.00923	0.01058	0.01591	0.02172	0.02846	0.06573	0.50693	0.12612	0.03303	0.01390	0.00440	0.00657	0.07036	0.01011	0.00900
21	0.01833	0.01562	0.02188	0.02033	0.02132	0.01962	0.01591	0.02119	0.01820	0.02660	0.06235	0.08211	0.03256	0.11451	0.24694	0.01035	0.22242	0.01334	0.00628	0.01012
22	0.01525	0.01052	0.01225	0.01251	0.01314	0.01021	0.00764	0.01630	0.01890	0.02526	0.10212	0.14997	0.08524	0.42699	0.04189	0.00842	0.00901	0.01890	0.00796	0.00752
23	0.02811	0.02374	0.03096	0.02575	0.07813	0.02169	0.06194	0.15277	0.03043	0.04397	0.02147	0.02454	0.01690	0.00961	0.00948	0.00237	0.01046	0.00820	0.00742	0.39207
24	0.30328	0.02509	0.06855	0.07775	0.09232	0.02438	0.02022	0.09656	0.02632	0.13606	0.02284	0.02476	0.01638	0.01114	0.00917	0.00338	0.01075	0.00826	0.00795	0.01486
25	0.03954	0.04240	0.02904	0.02586	0.03197	0.40146	0.01971	0.04735	0.11651	0.10393	0.02524	0.02571	0.01916	0.01216	0.01021	0.00304	0.01632	0.00848	0.00766	0.01426
26	0.01941	0.01357	0.01586	0.01529	0.01697	0.01409	0.01056	0.08617	0.02238	0.02991	0.03770	0.11280	0.04126	0.38528	0.07220	0.00883	0.01148	0.06937	0.00784	0.00904
27	0.44065	0.02610	0.02129	0.07105	0.02914	0.12050	0.01566	0.03614	0.02251	0.10197	0.01910	0.02137	0.01422	0.01078	0.00817	0.00330	0.01109	0.00704	0.00715	0.01277
28	0.30325	0.07706	0.02603	0.01849	0.02639	0.02555	0.01555	0.13800	0.02948	0.20431	0.02587	0.02531	0.01799	0.01168	0.00891	0.00326	0.00972	0.00824	0.00946	0.01544

[dist]
# distance from previous block
# <min> <max>
1	7

[block]
# block no. 6 follows, 12 sequences, length 19
# corresponding to MSA columns:
# 187-205
name=unknown_G
#
# <colnr> <probs for GDERKNQSTAVLIFYWHMCP>
#	G	D	E	R	K	N	Q	S	T	A	V	L	I	F	Y	W	H	M	C	P
0	0.02666	0.02569	0.11475	0.14437	0.04177	0.02240	0.06979	0.07159	0.02576	0.11549	0.06171	0.03603	0.02557	0.05550	0.06020	0.00514	0.06517	0.01116	0.00740	0.01386
1	0.02613	0.02205	0.02317	0.02062	0.02662	0.02479	0.01610	0.09425	0.40001	0.04514	0.05359	0.04994	0.11655	0.01675	0.01137	0.00365	0.00844	0.01386	0.01092	0.01605
2	0.02306	0.04480	0.36901	0.07854	0.04854	0.02582	0.10932	0.03712	0.08997	0.03550	0.02321	0.02684	0.01686	0.01081	0.01089	0.00354	0.01535	0.00950	0.00562	0.01571
3	0.01330	0.01092	0.01171	0.01180	0.01505	0.00933	0.00874	0.01633	0.02539	0.03141	0.16972	0.14550	0.43822	0.02740	0.01297	0.00371	0.00554	0.02322	0.01040	0.00933
4	0.02882	0.02721	0.02934	0.02775	0.06952	0.11224	0.02033	0.10204	0.10825	0.03534	0.02358	0.03059	0.02035	0.05877	0.02408	0.05774	0.19363	0.01010	0.00699	0.01334
5	0.01579	0.01084	0.01323	0.01323	0.01370	0.01130	0.00828	0.01672	0.01625	0.02213	0.03313	0.06457	0.03669	0.48952	0.17875	0.01222	0.01500	0.01486	0.00642	0.00735
6	0.01393	0.01083	0.01267	0.01276	0.01551	0.00956	0.00936	0.01747	0.02650	0.03467	0.26842	0.17953	0.29640	0.02665	0.01305	0.00371	0.00551	0.02307	0.01085	0.00956
7	0.69383	0.02109	0.01603	0.01434	0.02109	0.02446	0.01181	0.03205	0.01856	0.04892	0.01518	0.01771	0.01181	0.01012	0.00675	0.00337	0.00843	0.00590	0.00675	0.01181
8	0.01368	0.00966	0.01253	0.01467	0.01520	0.00912	0.00958	0.01529	0.02010	0.02679	0.05609	0.52600	0.06707	0.12474	0.02038	0.00538	0.00699	0.02864	0.00958	0.00851
9	0.02418	0.02304	0.03918	0.29702	0.34066	0.02517	0.03206	0.03100	0.02350	0.03221	0.02001	0.02790	0.01607	0.01024	0.01084	0.00341	0.01365	0.00970	0.00515	0.01500
10	0.69383	0.02109	0.01603	0.01434	0.02109	0.02446	0.01181	0.03205	0.01856	0.04892	0.01518	0.01771	0.01181	0.01012	0.00675	0.00337	0.00843	0.00590	0.00675	0.01181
11	0.02383	0.14012	0.39819	0.02775	0.04125	0.02839	0.03332	0.03787	0.10156	0.03486	0.02273	0.02490	0.01687	0.01089	0.00995	0.00332	0.01425	0.00837	0.00562	0.01596
12	0.17425	0.01354	0.01363	0.01278	0.01538	0.01412	0.00870	0.02399	0.01878	0.07279	0.03084	0.05161	0.03046	0.33647	0.03339	0.00711	0.00913	0.01231	0.11146	0.00929
13	0.03231	0.02240	0.02511	0.02110	0.02769	0.02425	0.01679	0.15916	0.25579	0.13541	0.11736	0.04299	0.03956	0.01534	0.01130	0.00350	0.00899	0.01266	0.01159	0.01669
14	0.23169	0.04151	0.31080	0.02500	0.03708	0.02638	0.02848	0.10806	0.02604	0.04427	0.01925	0.02188	0.01393	0.01071	0.00933	0.00340	0.01311	0.00767	0.00624	0.01517
15	0.07917	0.02410	0.02989	0.36900	0.05635	0.10577	0.02554	0.02974	0.02214	0.02910	0.01905	0.02742	0.01524	0.01721	0.05748	0.00469	0.06182	0.00913	0.00519	0.01196
16	0.02617	0.21337	0.04196	0.27785	0.12809	0.08274	0.02623	0.03171	0.02324	0.02823	0.01798	0.02422	0.01473	0.01026	0.00956	0.00309	0.01388	0.00823	0.00495	0.01354
17	0.02059	0.01938	0.03270	0.59060	0.07510	0.02422	0.03028	0.02786	0.02180	0.02786	0.01938	0.02907	0.01453	0.01090	0.01090	0.00363	0.01453	0.00969	0.00484	0.01211
18	0.02493	0.21360	0.12648	0.17197	0.05118	0.03120	0.16980	0.03240	0.02325	0.03024	0.01890	0.02473	0.01486	0.00983	0.01020	0.00322	0.01502	0.00920	0.00495	0.01404

[dist]
# distance from previous block
# <min> <max>
0	1

[block]
# block no. 7 follows, 12 sequences, length 13
# corresponding to MSA columns:
# 207-219
name=unknown_H
#
# <colnr> <probs for GDERKNQSTAVLIFYWHMCP>
#	G	D	E	R	K	N	Q	S	T	A	V	L	I	F	Y	W	H	M	C	P
0	0.03549	0.01570	0.02032	0.01656	0.02303	0.01356	0.01333	0.03947	0.02958	0.35689	0.12631	0.05991	0.16599	0.01818	0.01170	0.00346	0.00779	0.01513	0.01246	0.01513
1	0.01543	0.01115	0.01457	0.01372	0.01629	0.01029	0.01029	0.02058	0.03086	0.04372	0.54304	0.08145	0.10288	0.02229	0.01286	0.00343	0.00514	0.01972	0.01200	0.01029
2	0.02280	0.03836	0.28973	0.02528	0.03610	0.02408	0.02765	0.04121	0.21663	0.03816	0.03995	0.03959	0.08489	0.01412	0.01094	0.00357	0.01198	0.01148	0.00775	0.01572
3	0.04666	0.01906	0.02524	0.01969	0.02789	0.01718	0.01615	0.05364	0.08282	0.50340	0.04316	0.03748	0.02764	0.01363	0.01098	0.00341	0.00921	0.01111	0.01325	0.01842
4	0.01543	0.01115	0.01457	0.01372	0.01629	0.01029	0.01029	0.02058	0.03086	0.04372	0.54304	0.08145	0.10288	0.02229	0.01286	0.00343	0.00514	0.01972	0.01200	0.01029
5	0.01558	0.01168	0.01752	0.01752	0.01947	0.01363	0.01363	0.01947	0.01752	0.02531	0.02921	0.04283	0.02726	0.08178	0.57360	0.01752	0.02921	0.01168	0.00584	0.00974
6	0.02187	0.05640	0.56031	0.03108	0.04719	0.02532	0.04029	0.03453	0.02302	0.03453	0.01957	0.02302	0.01381	0.01036	0.01036	0.00345	0.01611	0.00806	0.00460	0.01611
7	0.03628	0.02044	0.02441	0.02042	0.02703	0.02080	0.01620	0.13835	0.14595	0.25204	0.04298	0.13592	0.03464	0.01732	0.01150	0.00361	0.00915	0.01455	0.01185	0.01656
8	0.02637	0.02393	0.03813	0.26949	0.29204	0.02629	0.03050	0.09493	0.02714	0.03694	0.02081	0.02771	0.01635	0.01064	0.01085	0.00340	0.01345	0.00972	0.00591	0.01539
9	0.02808	0.01921	0.02317	0.01683	0.02625	0.01485	0.01357	0.03280	0.02440	0.14391	0.02430	0.02563	0.01841	0.00920	0.00868	0.00198	0.00833	0.00740	0.00792	0.54510
10	0.01832	0.01552	0.02644	0.02361	0.02776	0.01484	0.12185	0.02391	0.02610	0.03519	0.16569	0.15114	0.06337	0.02419	0.01392	0.00428	0.01024	0.21313	0.00953	0.01097
11	0.02395	0.01830	0.02148	0.01585	0.02470	0.01404	0.01266	0.02848	0.02370	0.08436	0.03255	0.03386	0.08054	0.01093	0.00893	0.00203	0.00788	0.00887	0.00757	0.53931
12	0.18697	0.03193	0.12567	0.03243	0.08248	0.02792	0.14824	0.15653	0.03006	0.04689	0.02095	0.02455	0.01555	0.01065	0.01033	0.00343	0.01356	0.00937	0.00703	0.01546

[dist]
# distance from previous block
# <min> <max>
14	19

# created by:
# /st0/software/busco_prod/Augustus/scripts/msa2prfl.pl ./align_prep/8229.fa
