[name]
unknown

[dist]
# distance from previous block
# <min> <max>
0	921

[block]
# block no. 0 follows, 11 sequences, length 146
# corresponding to MSA columns:
# 921-1066
name=unknown_A
#
# <colnr> <probs for GDERKNQSTAVLIFYWHMCP>
#	G	D	E	R	K	N	Q	S	T	A	V	L	I	F	Y	W	H	M	C	P
0	0.31151	0.01758	0.01934	0.02281	0.08848	0.01889	0.01502	0.02645	0.02137	0.03978	0.03594	0.23011	0.03869	0.02063	0.01076	0.00397	0.00870	0.04998	0.00825	0.01174
1	0.02823	0.02640	0.04779	0.10946	0.05095	0.02688	0.26528	0.04297	0.15620	0.08020	0.03034	0.03407	0.02230	0.01163	0.01236	0.00377	0.01498	0.01253	0.00782	0.01586
2	0.04327	0.02484	0.09555	0.02218	0.03143	0.01902	0.02043	0.08577	0.03223	0.39075	0.04108	0.04327	0.02859	0.01498	0.01160	0.00364	0.01082	0.05034	0.01217	0.01804
3	0.03361	0.01900	0.02304	0.01980	0.02573	0.01873	0.01577	0.15698	0.03408	0.20569	0.05178	0.18055	0.08718	0.02163	0.01255	0.00388	0.00930	0.05375	0.01178	0.01516
4	0.04382	0.02987	0.03275	0.02511	0.03408	0.03245	0.02074	0.43765	0.05015	0.13390	0.02935	0.02853	0.02031	0.01357	0.01127	0.00339	0.01201	0.01029	0.01162	0.01914
5	0.17970	0.01430	0.01514	0.01497	0.01830	0.01420	0.01060	0.02176	0.02025	0.03386	0.04018	0.28257	0.04532	0.12999	0.01962	0.00508	0.00811	0.01940	0.00842	0.09822
6	0.42741	0.03155	0.02293	0.02006	0.02699	0.16866	0.01596	0.09821	0.02706	0.04712	0.01765	0.01999	0.01373	0.01116	0.00839	0.00331	0.01228	0.00694	0.00723	0.01335
7	0.01472	0.01116	0.01583	0.09075	0.02450	0.01126	0.01323	0.01742	0.02168	0.02874	0.05642	0.52131	0.06650	0.03205	0.01395	0.00446	0.00766	0.02906	0.00972	0.00959
8	0.02754	0.02424	0.02666	0.02379	0.02931	0.02886	0.01873	0.05543	0.44752	0.04441	0.04166	0.03967	0.03174	0.01586	0.01486	0.00397	0.08575	0.01234	0.01058	0.01708
9	0.02586	0.02898	0.06205	0.11827	0.06132	0.02800	0.43160	0.03508	0.02602	0.03508	0.02240	0.03031	0.01680	0.00972	0.01301	0.00379	0.01844	0.01284	0.00560	0.01482
10	0.12066	0.02456	0.09091	0.02123	0.02595	0.07059	0.01877	0.02665	0.01996	0.03073	0.02319	0.03275	0.02070	0.04705	0.26207	0.06591	0.07142	0.00982	0.00578	0.01130
11	0.02981	0.53276	0.05450	0.01975	0.02894	0.04232	0.01907	0.03719	0.08850	0.02923	0.01968	0.02125	0.01711	0.01038	0.00779	0.00260	0.01162	0.00691	0.00570	0.01489
12	0.01708	0.01401	0.02154	0.01832	0.02226	0.01289	0.07493	0.02270	0.03051	0.04240	0.41803	0.07939	0.13793	0.02177	0.01328	0.00360	0.00718	0.01976	0.01130	0.01111
13	0.02666	0.35913	0.28105	0.02510	0.03793	0.03615	0.02944	0.03459	0.02328	0.03066	0.01772	0.02066	0.01436	0.01011	0.00880	0.00293	0.01413	0.00707	0.00479	0.01544
14	0.02216	0.10874	0.42467	0.02857	0.04234	0.02576	0.03512	0.03277	0.02337	0.03378	0.02532	0.09980	0.02232	0.01387	0.01083	0.00358	0.01481	0.01125	0.00552	0.01541
15	0.01633	0.01218	0.01562	0.01490	0.01800	0.01081	0.01094	0.02070	0.02797	0.03963	0.33596	0.21284	0.08576	0.02432	0.01291	0.00356	0.00604	0.02163	0.01111	0.09879
16	0.01836	0.01779	0.02974	0.02741	0.07956	0.01625	0.14047	0.02325	0.02535	0.03233	0.07338	0.14475	0.28053	0.02247	0.01322	0.00386	0.01012	0.02068	0.00869	0.01181
17	0.03993	0.09090	0.11964	0.02609	0.03623	0.07188	0.07096	0.08873	0.03125	0.26484	0.03127	0.03040	0.02116	0.01226	0.01089	0.00336	0.01316	0.01002	0.00969	0.01732
18	0.03026	0.02270	0.02626	0.02307	0.02669	0.09297	0.01851	0.03379	0.02317	0.15298	0.02785	0.03436	0.02269	0.04019	0.21281	0.00898	0.17115	0.01065	0.00764	0.01328
19	0.02510	0.01531	0.01627	0.01478	0.01863	0.01601	0.01137	0.13462	0.03017	0.04696	0.03784	0.11267	0.03268	0.01617	0.00953	0.00306	0.00708	0.01328	0.42615	0.01233
20	0.13356	0.19500	0.04024	0.03793	0.23333	0.02940	0.02295	0.03160	0.02377	0.03515	0.03107	0.03418	0.08433	0.01245	0.00960	0.00315	0.01119	0.01005	0.00623	0.01480
21	0.68395	0.02177	0.01654	0.01480	0.02177	0.02525	0.01219	0.03309	0.01915	0.05050	0.01567	0.01828	0.01219	0.01045	0.00697	0.00348	0.00871	0.00609	0.00697	0.01219
22	0.02901	0.02412	0.09801	0.13062	0.13135	0.01985	0.02450	0.03576	0.02801	0.16876	0.14778	0.04383	0.04052	0.01445	0.01166	0.00353	0.01119	0.01259	0.00916	0.01533
23	0.01659	0.01089	0.01286	0.01274	0.01309	0.01077	0.00759	0.01687	0.01829	0.02474	0.09993	0.07156	0.04776	0.47677	0.05023	0.06840	0.01006	0.01632	0.00739	0.00716
24	0.03509	0.11693	0.03306	0.02537	0.03190	0.28779	0.01991	0.04911	0.21457	0.03486	0.02800	0.02827	0.02207	0.01274	0.01025	0.00318	0.01485	0.00917	0.00782	0.01505
25	0.02942	0.03012	0.05778	0.04200	0.05203	0.03014	0.36801	0.12093	0.03071	0.04181	0.02292	0.02928	0.01728	0.01106	0.01481	0.00381	0.06313	0.01242	0.00667	0.01569
26	0.02935	0.02329	0.03786	0.22357	0.05282	0.02372	0.12517	0.08160	0.02807	0.11302	0.02498	0.02985	0.01810	0.01098	0.01119	0.00331	0.01361	0.01033	0.00742	0.13176
27	0.02257	0.05822	0.54613	0.03208	0.04871	0.02614	0.04158	0.03564	0.02376	0.03564	0.02020	0.02376	0.01426	0.01069	0.01069	0.00356	0.01663	0.00832	0.00475	0.01663
28	0.01378	0.01142	0.01207	0.01191	0.01550	0.00971	0.00893	0.01709	0.02679	0.03311	0.18998	0.10387	0.45202	0.02750	0.01330	0.00375	0.00563	0.02313	0.01081	0.00971
29	0.02364	0.05080	0.41846	0.03617	0.05140	0.02676	0.16182	0.03575	0.02451	0.03575	0.02088	0.02552	0.01501	0.01037	0.01138	0.00363	0.01726	0.00964	0.00500	0.01625
30	0.10560	0.01930	0.02284	0.01836	0.02541	0.01884	0.01494	0.11536	0.03275	0.29175	0.08023	0.03912	0.03197	0.01418	0.01048	0.00333	0.00885	0.01126	0.11915	0.01628
31	0.01371	0.00979	0.01306	0.01567	0.01632	0.00914	0.01045	0.01567	0.02155	0.02873	0.06203	0.59710	0.07444	0.03526	0.01437	0.00457	0.00653	0.03200	0.01045	0.00914
32	0.01608	0.01206	0.01809	0.01809	0.02010	0.01407	0.01407	0.02010	0.01809	0.02613	0.03015	0.04422	0.02814	0.08441	0.55984	0.01809	0.03015	0.01206	0.00603	0.01005
33	0.02831	0.02404	0.04027	0.20875	0.35211	0.02520	0.03175	0.03499	0.02542	0.08656	0.02323	0.02955	0.01806	0.01078	0.01119	0.00347	0.01344	0.01015	0.00627	0.01645
34	0.02126	0.02001	0.03376	0.57739	0.07752	0.02501	0.03126	0.02876	0.02251	0.02876	0.02001	0.03001	0.01500	0.01125	0.01125	0.00375	0.01500	0.01000	0.00500	0.01250
35	0.01637	0.01091	0.01228	0.01228	0.01228	0.01091	0.00682	0.01637	0.01637	0.02182	0.03546	0.07365	0.04092	0.60445	0.05729	0.01091	0.01091	0.01637	0.00682	0.00682
36	0.02126	0.02001	0.03376	0.57739	0.07752	0.02501	0.03126	0.02876	0.02251	0.02876	0.02001	0.03001	0.01500	0.01125	0.01125	0.00375	0.01500	0.01000	0.00500	0.01250
37	0.04058	0.02359	0.02917	0.09666	0.03707	0.02478	0.02009	0.17600	0.11914	0.25676	0.03651	0.03467	0.02481	0.01368	0.01132	0.00355	0.01097	0.01105	0.01156	0.01803
38	0.01371	0.00979	0.01306	0.01567	0.01632	0.00914	0.01045	0.01567	0.02155	0.02873	0.06203	0.59710	0.07444	0.03526	0.01437	0.00457	0.00653	0.03200	0.01045	0.00914
39	0.03009	0.61122	0.05898	0.01926	0.02889	0.04454	0.01926	0.03370	0.02287	0.02648	0.01565	0.01805	0.01444	0.00963	0.00722	0.00241	0.01204	0.00602	0.00481	0.01444
40	0.02389	0.02270	0.03853	0.37417	0.26011	0.02570	0.03257	0.03107	0.02375	0.03196	0.02047	0.02915	0.01613	0.01076	0.01121	0.00359	0.01435	0.01001	0.00523	0.01463
41	0.42019	0.10008	0.02680	0.16513	0.03756	0.02776	0.01821	0.03202	0.02054	0.04150	0.01682	0.02137	0.01324	0.01055	0.00814	0.00341	0.01083	0.00712	0.00616	0.01257
42	0.02144	0.02026	0.03198	0.37823	0.05894	0.02602	0.02752	0.02707	0.02101	0.02831	0.02261	0.08244	0.02059	0.01578	0.01838	0.00414	0.16559	0.01205	0.00550	0.01213
43	0.02786	0.02674	0.04568	0.06908	0.53424	0.02674	0.03454	0.03454	0.02563	0.03677	0.02117	0.02786	0.01783	0.01003	0.01114	0.00334	0.01337	0.01003	0.00557	0.01783
44	0.68395	0.02177	0.01654	0.01480	0.02177	0.02525	0.01219	0.03309	0.01915	0.05050	0.01567	0.01828	0.01219	0.01045	0.00697	0.00348	0.00871	0.00609	0.00697	0.01219
45	0.01622	0.01148	0.01516	0.01516	0.01616	0.01248	0.01042	0.01822	0.01722	0.02396	0.03282	0.05904	0.03457	0.34627	0.30679	0.01447	0.02046	0.01423	0.00643	0.00842
46	0.01356	0.01124	0.01187	0.01206	0.01545	0.00955	0.00891	0.01651	0.02573	0.03142	0.14194	0.15675	0.44873	0.02876	0.01341	0.00386	0.00576	0.02433	0.01061	0.00955
47	0.03881	0.02955	0.03154	0.02509	0.03339	0.03305	0.02043	0.37939	0.17671	0.06453	0.03207	0.03104	0.02323	0.01398	0.01131	0.00350	0.01145	0.01083	0.01131	0.01878
48	0.09252	0.03385	0.16569	0.02414	0.03509	0.02548	0.02389	0.18451	0.03407	0.13802	0.02623	0.02683	0.01840	0.01179	0.01030	0.00320	0.01209	0.00898	0.00893	0.11600
49	0.02757	0.25101	0.33007	0.02653	0.04002	0.03186	0.03158	0.03656	0.02415	0.07461	0.02060	0.02295	0.01546	0.01059	0.00951	0.00315	0.01442	0.00775	0.00554	0.01607
50	0.02257	0.05822	0.54613	0.03208	0.04871	0.02614	0.04158	0.03564	0.02376	0.03564	0.02020	0.02376	0.01426	0.01069	0.01069	0.00356	0.01663	0.00832	0.00475	0.01663
51	0.01563	0.01066	0.01271	0.01333	0.01373	0.01042	0.00810	0.01658	0.01902	0.02558	0.08300	0.21382	0.05520	0.40523	0.04225	0.00862	0.00929	0.02085	0.00824	0.00775
52	0.01748	0.01258	0.01610	0.01765	0.01951	0.01246	0.01299	0.06584	0.02554	0.03393	0.05803	0.45197	0.06704	0.03228	0.01427	0.00456	0.00784	0.10903	0.01051	0.01038
53	0.04564	0.02695	0.03095	0.02373	0.03262	0.02811	0.01960	0.33331	0.04526	0.24514	0.03345	0.03120	0.02237	0.01367	0.01128	0.00342	0.01135	0.01057	0.01225	0.01915
54	0.01330	0.01140	0.01140	0.01140	0.01520	0.00950	0.00855	0.01615	0.02565	0.03041	0.11402	0.10832	0.52967	0.02850	0.01330	0.00380	0.00570	0.02375	0.01045	0.00950
55	0.02334	0.02001	0.02334	0.01667	0.02667	0.01500	0.01334	0.02834	0.02334	0.03668	0.02001	0.02334	0.01667	0.00834	0.00834	0.00167	0.00834	0.00667	0.00667	0.67325
56	0.02257	0.05822	0.54613	0.03208	0.04871	0.02614	0.04158	0.03564	0.02376	0.03564	0.02020	0.02376	0.01426	0.01069	0.01069	0.00356	0.01663	0.00832	0.00475	0.01663
57	0.01371	0.00979	0.01306	0.01567	0.01632	0.00914	0.01045	0.01567	0.02155	0.02873	0.06203	0.59710	0.07444	0.03526	0.01437	0.00457	0.00653	0.03200	0.01045	0.00914
58	0.04484	0.02823	0.03174	0.02433	0.03326	0.03002	0.02010	0.37911	0.04741	0.19631	0.03165	0.03003	0.02146	0.01362	0.01128	0.00341	0.01164	0.01045	0.01197	0.01914
59	0.01330	0.01140	0.01140	0.01140	0.01520	0.00950	0.00855	0.01615	0.02565	0.03041	0.11402	0.10832	0.52967	0.02850	0.01330	0.00380	0.00570	0.02375	0.01045	0.00950
60	0.04224	0.04776	0.03240	0.02817	0.03482	0.41971	0.02165	0.16518	0.03749	0.03909	0.01996	0.02209	0.01573	0.01211	0.01044	0.00303	0.01819	0.00802	0.00725	0.01467
61	0.02334	0.02001	0.02334	0.01667	0.02667	0.01500	0.01334	0.02834	0.02334	0.03668	0.02001	0.02334	0.01667	0.00834	0.00834	0.00167	0.00834	0.00667	0.00667	0.67325
62	0.01408	0.01008	0.01339	0.01542	0.01641	0.00938	0.01048	0.01659	0.02324	0.03143	0.13860	0.51285	0.07966	0.03325	0.01419	0.00440	0.00633	0.03009	0.01077	0.00938
63	0.04788	0.01971	0.02697	0.02099	0.02881	0.01836	0.01736	0.05204	0.03070	0.48985	0.04140	0.03692	0.02654	0.01452	0.01391	0.00363	0.06777	0.01117	0.01302	0.01846
64	0.03203	0.03036	0.04289	0.03773	0.12277	0.07784	0.15599	0.15961	0.03343	0.04490	0.02263	0.02678	0.01744	0.01065	0.01117	0.00313	0.01442	0.01009	0.00737	0.13876
65	0.02126	0.02001	0.03376	0.57739	0.07752	0.02501	0.03126	0.02876	0.02251	0.02876	0.02001	0.03001	0.01500	0.01125	0.01125	0.00375	0.01500	0.01000	0.00500	0.01250
66	0.01469	0.01072	0.01392	0.01535	0.01704	0.00995	0.01108	0.01793	0.02507	0.03364	0.18747	0.36668	0.12857	0.03098	0.01409	0.00429	0.00652	0.07136	0.01094	0.00968
67	0.09394	0.01754	0.02039	0.01749	0.02274	0.01777	0.01379	0.09474	0.07333	0.13151	0.28936	0.05873	0.06613	0.01832	0.01189	0.00353	0.00760	0.01542	0.01187	0.01393
68	0.02170	0.02128	0.04029	0.21456	0.05243	0.02258	0.19496	0.02835	0.02245	0.03008	0.02477	0.03832	0.02140	0.10199	0.10893	0.00710	0.01842	0.01240	0.00567	0.01232
69	0.01916	0.01334	0.01695	0.01765	0.02020	0.01338	0.01413	0.05666	0.02702	0.03689	0.12889	0.14364	0.06315	0.10413	0.01974	0.00529	0.00901	0.22019	0.06009	0.01048
70	0.01914	0.01177	0.01453	0.01396	0.01550	0.01180	0.00936	0.02126	0.02046	0.06579	0.10119	0.06500	0.04558	0.34943	0.12992	0.00997	0.01291	0.01535	0.05802	0.00907
71	0.02623	0.09574	0.32635	0.03480	0.04837	0.08230	0.15798	0.03654	0.02526	0.03418	0.02023	0.02470	0.01505	0.01038	0.01104	0.00346	0.01725	0.00934	0.00511	0.01570
72	0.03748	0.03356	0.02985	0.02478	0.03106	0.17075	0.01979	0.25830	0.03931	0.05060	0.02467	0.02723	0.01892	0.01357	0.01306	0.00329	0.07133	0.00939	0.10753	0.01553
73	0.01699	0.01441	0.02017	0.01739	0.02206	0.01254	0.06013	0.02140	0.02650	0.03585	0.19998	0.16034	0.20507	0.02306	0.01272	0.00353	0.00749	0.02049	0.00994	0.10993
74	0.04204	0.05364	0.03190	0.02900	0.03480	0.55926	0.02175	0.04494	0.03190	0.02755	0.01740	0.02030	0.01450	0.01160	0.01015	0.00290	0.02030	0.00725	0.00580	0.01305
75	0.01637	0.01091	0.01228	0.01228	0.01228	0.01091	0.00682	0.01637	0.01637	0.02182	0.03546	0.07365	0.04092	0.60445	0.05729	0.01091	0.01091	0.01637	0.00682	0.00682
76	0.02603	0.02444	0.04017	0.09822	0.41286	0.02504	0.03074	0.03424	0.06204	0.03619	0.02683	0.08316	0.02425	0.01291	0.01148	0.00353	0.01250	0.01232	0.00644	0.01661
77	0.02570	0.28836	0.34339	0.02674	0.04046	0.03380	0.03229	0.03484	0.02339	0.03183	0.01830	0.02139	0.01434	0.01025	0.00925	0.00308	0.01472	0.00736	0.00478	0.01572
78	0.01615	0.01082	0.01234	0.01256	0.01261	0.01076	0.00712	0.01631	0.01680	0.02240	0.03768	0.11730	0.04371	0.55699	0.05371	0.01038	0.01055	0.01767	0.00712	0.00701
79	0.02272	0.01273	0.01661	0.01509	0.01873	0.01161	0.01150	0.02757	0.03040	0.13779	0.35754	0.11403	0.08233	0.02147	0.01255	0.00354	0.00621	0.01878	0.06668	0.01211
80	0.13283	0.02144	0.03036	0.12400	0.21618	0.02319	0.02372	0.03334	0.08859	0.03770	0.03080	0.13192	0.02895	0.01557	0.01110	0.00372	0.01102	0.01373	0.00738	0.01448
81	0.01915	0.01203	0.01568	0.01655	0.01889	0.01132	0.01253	0.02231	0.02432	0.08267	0.09895	0.25954	0.10319	0.10646	0.01994	0.00532	0.00830	0.14207	0.01045	0.01033
82	0.01405	0.01005	0.01336	0.01545	0.01640	0.00936	0.01047	0.01651	0.02310	0.03119	0.13199	0.52013	0.07921	0.03342	0.01420	0.00442	0.00635	0.03025	0.01074	0.00936
83	0.04570	0.02395	0.03059	0.02691	0.08197	0.02355	0.01994	0.19644	0.03828	0.33768	0.03640	0.03358	0.02401	0.01340	0.01128	0.00343	0.01087	0.01080	0.01222	0.01902
84	0.12440	0.02020	0.02387	0.01847	0.02717	0.01816	0.01502	0.04368	0.06772	0.26976	0.03270	0.03104	0.02265	0.01175	0.00977	0.00292	0.00900	0.00922	0.01042	0.23208
85	0.01907	0.01323	0.01551	0.01541	0.01682	0.01350	0.01055	0.06613	0.02219	0.02948	0.04135	0.13173	0.04613	0.39065	0.04127	0.00854	0.01052	0.09079	0.00823	0.00890
86	0.03959	0.02987	0.03299	0.07159	0.03792	0.03342	0.02188	0.41619	0.09417	0.06515	0.02822	0.02869	0.02024	0.01349	0.01128	0.00345	0.01227	0.01037	0.01076	0.01846
87	0.03209	0.11910	0.03370	0.02454	0.08026	0.02486	0.01836	0.11927	0.03010	0.10885	0.02396	0.02561	0.01837	0.01041	0.00937	0.00251	0.01036	0.00816	0.00807	0.29203
88	0.02756	0.02136	0.03514	0.37231	0.17085	0.02399	0.02955	0.03436	0.02481	0.11547	0.02430	0.03090	0.01776	0.01142	0.01124	0.00362	0.01374	0.01023	0.00661	0.01479
89	0.04721	0.01843	0.02507	0.01947	0.02760	0.01598	0.01598	0.05166	0.03218	0.49483	0.09037	0.04266	0.03530	0.01479	0.01150	0.00349	0.00917	0.01218	0.01378	0.01834
90	0.12585	0.02892	0.02999	0.02388	0.03215	0.03239	0.01953	0.35709	0.13034	0.06396	0.02884	0.02852	0.02092	0.01341	0.01072	0.00347	0.01128	0.01005	0.01072	0.01798
91	0.02247	0.02124	0.03595	0.48419	0.16126	0.02532	0.03186	0.02982	0.02308	0.03023	0.02022	0.02961	0.01552	0.01103	0.01123	0.00368	0.01470	0.01001	0.00511	0.01348
92	0.02647	0.34498	0.29352	0.02543	0.03843	0.03568	0.03001	0.03464	0.02330	0.03089	0.01784	0.02080	0.01435	0.01014	0.00889	0.00296	0.01425	0.00713	0.00478	0.01550
93	0.02960	0.44165	0.16100	0.02259	0.03366	0.03975	0.02422	0.07504	0.02572	0.03237	0.01763	0.02007	0.01482	0.01020	0.00832	0.00274	0.01305	0.00687	0.00537	0.01533
94	0.02669	0.02555	0.04357	0.15918	0.45328	0.02643	0.03396	0.03352	0.02507	0.03535	0.02096	0.02824	0.01733	0.01025	0.01116	0.00342	0.01366	0.01002	0.00547	0.01688
95	0.01371	0.00979	0.01306	0.01567	0.01632	0.00914	0.01045	0.01567	0.02155	0.02873	0.06203	0.59710	0.07444	0.03526	0.01437	0.00457	0.00653	0.03200	0.01045	0.00914
96	0.02830	0.07357	0.07673	0.23476	0.11608	0.02680	0.02746	0.03721	0.07072	0.10879	0.02547	0.03014	0.01902	0.01244	0.01316	0.00364	0.06355	0.00998	0.00699	0.01519
97	0.01759	0.01222	0.01439	0.01397	0.01552	0.01251	0.00936	0.02227	0.06223	0.03144	0.15177	0.06826	0.05359	0.32419	0.08348	0.00854	0.01066	0.01614	0.06264	0.00922
98	0.01687	0.01238	0.01647	0.01861	0.02123	0.01199	0.01572	0.02133	0.02545	0.03264	0.06938	0.16835	0.14730	0.03103	0.01504	0.00488	0.00918	0.34166	0.01039	0.01010
99	0.01637	0.01091	0.01228	0.01228	0.01228	0.01091	0.00682	0.01637	0.01637	0.02182	0.03546	0.07365	0.04092	0.60445	0.05729	0.01091	0.01091	0.01637	0.00682	0.00682
100	0.02985	0.10271	0.03974	0.11740	0.04216	0.02896	0.10494	0.11742	0.07561	0.08096	0.02889	0.07943	0.02416	0.01455	0.01352	0.00367	0.06050	0.01237	0.00803	0.01515
101	0.01623	0.01123	0.01437	0.01393	0.01638	0.01046	0.01032	0.02119	0.02996	0.04315	0.43038	0.13173	0.09501	0.02323	0.01283	0.00355	0.00543	0.02052	0.07965	0.01046
102	0.01702	0.01313	0.01864	0.01813	0.01954	0.01555	0.01373	0.02009	0.01766	0.02538	0.02961	0.04798	0.02927	0.17984	0.40728	0.01532	0.08344	0.01268	0.00607	0.00965
103	0.03009	0.61122	0.05898	0.01926	0.02889	0.04454	0.01926	0.03370	0.02287	0.02648	0.01565	0.01805	0.01444	0.00963	0.00722	0.00241	0.01204	0.00602	0.00481	0.01444
104	0.01593	0.01150	0.01504	0.01416	0.01681	0.01062	0.01062	0.02124	0.03186	0.04513	0.52830	0.08407	0.10620	0.02301	0.01327	0.00354	0.00531	0.02035	0.01239	0.01062
105	0.03009	0.61122	0.05898	0.01926	0.02889	0.04454	0.01926	0.03370	0.02287	0.02648	0.01565	0.01805	0.01444	0.00963	0.00722	0.00241	0.01204	0.00602	0.00481	0.01444
106	0.44253	0.02453	0.02268	0.16597	0.03793	0.07930	0.01823	0.03314	0.02134	0.04239	0.01700	0.02161	0.01317	0.01078	0.00843	0.00349	0.01156	0.00725	0.00632	0.01236
107	0.03009	0.61122	0.05898	0.01926	0.02889	0.04454	0.01926	0.03370	0.02287	0.02648	0.01565	0.01805	0.01444	0.00963	0.00722	0.00241	0.01204	0.00602	0.00481	0.01444
108	0.68395	0.02177	0.01654	0.01480	0.02177	0.02525	0.01219	0.03309	0.01915	0.05050	0.01567	0.01828	0.01219	0.01045	0.00697	0.00348	0.00871	0.00609	0.00697	0.01219
109	0.02178	0.01732	0.07041	0.01667	0.02092	0.01347	0.01382	0.02520	0.02228	0.11229	0.05196	0.11434	0.12991	0.20060	0.11132	0.00810	0.01289	0.01691	0.00869	0.01111
110	0.01381	0.01126	0.01222	0.01232	0.01560	0.00966	0.00911	0.01700	0.02634	0.03284	0.18211	0.15356	0.40854	0.02822	0.01341	0.00383	0.00572	0.02399	0.01079	0.00966
111	0.04358	0.03025	0.03299	0.02529	0.03427	0.03301	0.02089	0.45117	0.05079	0.11949	0.02881	0.02819	0.02004	0.01355	0.01127	0.00339	0.01210	0.01026	0.01153	0.01914
112	0.07515	0.02687	0.13905	0.26415	0.05122	0.02182	0.02642	0.02849	0.02200	0.03226	0.02435	0.07618	0.02170	0.06178	0.01454	0.00414	0.01315	0.01127	0.00587	0.07960
113	0.03312	0.21900	0.20569	0.02523	0.03685	0.03322	0.02674	0.15970	0.03210	0.09351	0.02305	0.02433	0.01699	0.01144	0.00983	0.00315	0.01336	0.00839	0.00743	0.01688
114	0.03009	0.61122	0.05898	0.01926	0.02889	0.04454	0.01926	0.03370	0.02287	0.02648	0.01565	0.01805	0.01444	0.00963	0.00722	0.00241	0.01204	0.00602	0.00481	0.01444
115	0.01612	0.01151	0.01582	0.01842	0.02013	0.01122	0.01463	0.01983	0.02392	0.03143	0.06071	0.34128	0.06918	0.03299	0.01501	0.00490	0.00862	0.26406	0.01040	0.00981
116	0.03029	0.04192	0.30537	0.02864	0.04000	0.02634	0.03174	0.07303	0.02653	0.14200	0.02475	0.02719	0.01755	0.01323	0.01568	0.00378	0.11885	0.00936	0.00719	0.01656
117	0.02000	0.01742	0.02402	0.02137	0.02626	0.01755	0.07764	0.03194	0.15593	0.03732	0.10959	0.13027	0.17323	0.02299	0.01325	0.00406	0.00908	0.08515	0.01025	0.01267
118	0.01830	0.01396	0.01750	0.01841	0.02171	0.01402	0.01529	0.02668	0.09208	0.03683	0.14418	0.10547	0.14338	0.02722	0.01426	0.00450	0.00857	0.25551	0.01086	0.01126
119	0.01550	0.01172	0.01449	0.01574	0.01763	0.01136	0.01104	0.02118	0.07439	0.03347	0.14167	0.40669	0.12162	0.03052	0.01378	0.00425	0.00649	0.02728	0.01087	0.01031
120	0.02332	0.02211	0.03749	0.41824	0.22052	0.02555	0.03229	0.03057	0.02348	0.03127	0.02037	0.02933	0.01589	0.01087	0.01122	0.00362	0.01449	0.01001	0.00518	0.01417
121	0.02465	0.02639	0.05145	0.03875	0.04586	0.02814	0.30455	0.03153	0.02295	0.03234	0.02163	0.03069	0.01794	0.02222	0.09263	0.00601	0.17081	0.01221	0.00553	0.01373
122	0.01371	0.00979	0.01306	0.01567	0.01632	0.00914	0.01045	0.01567	0.02155	0.02873	0.06203	0.59710	0.07444	0.03526	0.01437	0.00457	0.00653	0.03200	0.01045	0.00914
123	0.09231	0.01631	0.02036	0.01685	0.02314	0.01479	0.01351	0.03881	0.03009	0.29796	0.17995	0.05808	0.11440	0.01799	0.01172	0.00354	0.00785	0.01492	0.01244	0.01498
124	0.68395	0.02177	0.01654	0.01480	0.02177	0.02525	0.01219	0.03309	0.01915	0.05050	0.01567	0.01828	0.01219	0.01045	0.00697	0.00348	0.00871	0.00609	0.00697	0.01219
125	0.04279	0.03153	0.03378	0.02590	0.03490	0.03490	0.02139	0.49671	0.05292	0.07093	0.02702	0.02702	0.01914	0.01351	0.01126	0.00338	0.01239	0.01013	0.01126	0.01914
126	0.03940	0.02985	0.03187	0.02521	0.03362	0.03332	0.02057	0.39681	0.15832	0.06548	0.03132	0.03045	0.02262	0.01391	0.01130	0.00348	0.01159	0.01073	0.01130	0.01884
127	0.01394	0.00997	0.01326	0.01552	0.01638	0.00929	0.01047	0.01625	0.02261	0.03042	0.11009	0.54423	0.07771	0.03400	0.01425	0.00446	0.00640	0.03080	0.01065	0.00929
128	0.14652	0.03119	0.02885	0.02353	0.03139	0.11574	0.01897	0.24711	0.08502	0.12124	0.02772	0.02744	0.01986	0.01292	0.01041	0.00337	0.01237	0.00941	0.01005	0.01689
129	0.02453	0.20225	0.41925	0.02874	0.04355	0.03093	0.03577	0.03514	0.02353	0.03326	0.01901	0.02228	0.01431	0.01042	0.00979	0.00326	0.01544	0.00772	0.00477	0.01606
130	0.02692	0.09840	0.43663	0.02942	0.04442	0.02637	0.03640	0.03805	0.02482	0.10257	0.02306	0.02524	0.01609	0.01104	0.01049	0.00346	0.01531	0.00853	0.00598	0.01679
131	0.02696	0.29974	0.20657	0.03018	0.04235	0.03499	0.14515	0.03487	0.02407	0.03163	0.01880	0.02286	0.01505	0.00991	0.00978	0.00310	0.01516	0.00853	0.00502	0.01528
132	0.01656	0.01264	0.01628	0.05810	0.02215	0.01269	0.01274	0.02220	0.06112	0.03432	0.18292	0.23533	0.11429	0.08637	0.01805	0.00481	0.00774	0.06112	0.01024	0.01033
133	0.08417	0.08283	0.03798	0.10782	0.13115	0.08359	0.05981	0.03745	0.06750	0.07484	0.02281	0.02742	0.01805	0.01260	0.01457	0.00361	0.10267	0.00959	0.00666	0.01488
134	0.03097	0.07612	0.15603	0.02416	0.03329	0.02626	0.02336	0.17406	0.07944	0.09753	0.03442	0.13170	0.02998	0.01669	0.01140	0.00362	0.01172	0.01372	0.00932	0.01623
135	0.01410	0.01070	0.01300	0.01397	0.01609	0.00960	0.00989	0.01713	0.02527	0.03311	0.18801	0.32233	0.22553	0.03025	0.01377	0.00409	0.00598	0.02666	0.01091	0.00960
136	0.01564	0.01279	0.01404	0.01391	0.01764	0.01180	0.01076	0.02189	0.07312	0.03483	0.17265	0.09977	0.36332	0.02657	0.01335	0.00390	0.00641	0.06618	0.01087	0.01057
137	0.02940	0.03557	0.19675	0.07300	0.04041	0.02791	0.02776	0.11117	0.15454	0.08401	0.02924	0.03076	0.02141	0.01354	0.01378	0.00375	0.07175	0.01027	0.00825	0.01673
138	0.02082	0.01895	0.03134	0.42896	0.10470	0.02253	0.02836	0.02753	0.02303	0.02992	0.02783	0.08977	0.02554	0.01528	0.01195	0.00393	0.01365	0.05740	0.00607	0.01243
139	0.09370	0.01698	0.02065	0.01755	0.02333	0.01651	0.01391	0.03987	0.09521	0.22851	0.23729	0.05538	0.05888	0.01745	0.01171	0.00355	0.00768	0.01466	0.01232	0.01487
140	0.01592	0.01122	0.01483	0.01692	0.01818	0.01094	0.01265	0.01872	0.02218	0.02925	0.05584	0.31473	0.06413	0.14641	0.02332	0.00606	0.00886	0.19101	0.00970	0.00915
141	0.13440	0.02819	0.13287	0.12040	0.09192	0.02256	0.06640	0.03497	0.02559	0.11432	0.09130	0.03514	0.02898	0.01270	0.01089	0.00356	0.01238	0.01091	0.00772	0.01479
142	0.09380	0.09474	0.17214	0.02751	0.03783	0.06942	0.10051	0.03867	0.02602	0.14423	0.02788	0.07006	0.02206	0.01300	0.01077	0.00348	0.01380	0.01103	0.00762	0.01543
143	0.03814	0.01610	0.02182	0.01843	0.02455	0.01413	0.01448	0.04193	0.02935	0.36856	0.08499	0.19042	0.04607	0.02028	0.01227	0.00378	0.00845	0.01749	0.01289	0.01586
144	0.28450	0.02440	0.02559	0.08074	0.07641	0.07661	0.01853	0.04112	0.02565	0.20621	0.02622	0.02712	0.01836	0.01175	0.00953	0.00344	0.01123	0.00868	0.00881	0.01510
145	0.09163	0.07542	0.11357	0.02205	0.03202	0.02269	0.02095	0.08738	0.03091	0.33821	0.03438	0.03176	0.02258	0.01275	0.01054	0.00340	0.01111	0.00989	0.01092	0.01783

[dist]
# distance from previous block
# <min> <max>
0	20

[block]
# block no. 1 follows, 11 sequences, length 17
# corresponding to MSA columns:
# 1087-1103
name=unknown_B
#
# <colnr> <probs for GDERKNQSTAVLIFYWHMCP>
#	G	D	E	R	K	N	Q	S	T	A	V	L	I	F	Y	W	H	M	C	P
0	0.10655	0.12155	0.03241	0.02066	0.02914	0.02392	0.04636	0.08205	0.02829	0.18637	0.03007	0.07244	0.02389	0.01312	0.00994	0.00305	0.01029	0.01061	0.00918	0.14011
1	0.16305	0.02897	0.12259	0.15443	0.09194	0.02564	0.07354	0.03493	0.02336	0.09399	0.02183	0.02680	0.01620	0.01175	0.01275	0.00370	0.06400	0.00937	0.00649	0.01466
2	0.56910	0.02146	0.01953	0.11230	0.03143	0.02521	0.01549	0.03234	0.01974	0.04673	0.01642	0.02032	0.01268	0.01059	0.00771	0.00353	0.00980	0.00677	0.00662	0.01224
3	0.01386	0.01030	0.01292	0.01463	0.01614	0.00937	0.01007	0.01635	0.02347	0.03078	0.12126	0.44285	0.17172	0.03259	0.01403	0.00430	0.00623	0.02908	0.01065	0.00937
4	0.03215	0.18692	0.03527	0.02215	0.02960	0.07838	0.01843	0.05083	0.28674	0.09119	0.03489	0.03314	0.02647	0.01326	0.01017	0.00332	0.01084	0.01026	0.00939	0.01661
5	0.01563	0.01068	0.01276	0.01335	0.01379	0.01042	0.00815	0.01667	0.01928	0.02597	0.09188	0.21178	0.05625	0.39704	0.04163	0.00851	0.00920	0.02086	0.00833	0.00781
6	0.09918	0.15083	0.09074	0.02014	0.03000	0.02420	0.01899	0.04145	0.02646	0.23928	0.02851	0.02780	0.02000	0.01134	0.00943	0.00295	0.01061	0.00853	0.00901	0.13055
7	0.03319	0.10536	0.25850	0.02824	0.04075	0.02670	0.07256	0.08404	0.02893	0.17370	0.02705	0.02794	0.01865	0.01159	0.01076	0.00342	0.01404	0.00949	0.00792	0.01716
8	0.01626	0.01122	0.01383	0.01373	0.01446	0.01155	0.00880	0.01772	0.01849	0.02539	0.09022	0.06854	0.04559	0.42726	0.15980	0.01161	0.01439	0.01590	0.00728	0.00794
9	0.02757	0.02344	0.04052	0.27189	0.24208	0.02503	0.07527	0.03460	0.02517	0.09069	0.02348	0.03017	0.01772	0.01093	0.01141	0.00357	0.01416	0.01048	0.00630	0.01552
10	0.03058	0.02274	0.07587	0.12785	0.09446	0.02007	0.02252	0.03954	0.07717	0.19128	0.13508	0.04406	0.03992	0.01470	0.01165	0.00357	0.01071	0.01266	0.00992	0.01565
11	0.04282	0.01755	0.02308	0.01825	0.02594	0.01509	0.01489	0.04686	0.03086	0.43641	0.05877	0.05276	0.13145	0.01694	0.01173	0.00355	0.00878	0.01389	0.01321	0.01716
12	0.01459	0.01042	0.01407	0.01668	0.01772	0.00990	0.01198	0.01719	0.02242	0.02972	0.06155	0.50363	0.07252	0.03443	0.01460	0.00469	0.00729	0.11679	0.01043	0.00938
13	0.15671	0.03467	0.19903	0.02905	0.09040	0.02438	0.02649	0.08814	0.02840	0.17795	0.02665	0.02743	0.01842	0.01173	0.01027	0.00348	0.01246	0.00908	0.00839	0.01687
14	0.43109	0.13653	0.02738	0.01725	0.02511	0.02899	0.01488	0.07914	0.02441	0.09889	0.01972	0.02115	0.01491	0.01094	0.00787	0.00326	0.00979	0.00700	0.00768	0.01400
15	0.03412	0.02434	0.02839	0.07155	0.03397	0.07980	0.04486	0.09266	0.07731	0.17740	0.11498	0.04038	0.03628	0.01422	0.01133	0.00331	0.01119	0.01191	0.01025	0.08175
16	0.06907	0.24871	0.18172	0.03042	0.08726	0.03329	0.07033	0.03736	0.07762	0.03465	0.02141	0.02436	0.01703	0.01061	0.00956	0.00316	0.01348	0.00845	0.00583	0.01566

[dist]
# distance from previous block
# <min> <max>
2	3

[block]
# block no. 2 follows, 11 sequences, length 9
# corresponding to MSA columns:
# 1107-1115
name=unknown_C
#
# <colnr> <probs for GDERKNQSTAVLIFYWHMCP>
#	G	D	E	R	K	N	Q	S	T	A	V	L	I	F	Y	W	H	M	C	P
0	0.01890	0.02129	0.10664	0.02048	0.02656	0.01466	0.01910	0.02456	0.02390	0.03342	0.04499	0.20501	0.04827	0.02377	0.01287	0.00399	0.01001	0.17782	0.00864	0.15509
1	0.02939	0.04038	0.14732	0.02692	0.03399	0.20672	0.02468	0.03905	0.09729	0.03452	0.09032	0.03344	0.02966	0.01468	0.01495	0.00358	0.10141	0.01044	0.00713	0.01412
2	0.01608	0.01158	0.01537	0.01541	0.01786	0.01087	0.01187	0.02104	0.02984	0.04159	0.40352	0.14198	0.09611	0.02558	0.01376	0.00392	0.00628	0.09507	0.01186	0.01043
3	0.02678	0.12930	0.30023	0.06706	0.08026	0.02666	0.03180	0.03597	0.02525	0.09315	0.05947	0.02972	0.02290	0.01179	0.01050	0.00337	0.01393	0.00944	0.00646	0.01597
4	0.01618	0.01167	0.01540	0.01491	0.01756	0.01089	0.01148	0.02148	0.03118	0.04383	0.47476	0.08897	0.10147	0.02393	0.01353	0.00373	0.00589	0.07040	0.01216	0.01059
5	0.07939	0.02178	0.03035	0.02208	0.03192	0.01825	0.09421	0.03308	0.02458	0.09613	0.02295	0.02585	0.01768	0.00934	0.00940	0.00238	0.01029	0.00827	0.00737	0.43469
6	0.01768	0.01419	0.01611	0.01515	0.01897	0.01399	0.01150	0.02789	0.13329	0.04084	0.29230	0.08280	0.22621	0.02311	0.01289	0.00368	0.00621	0.01981	0.01157	0.01181
7	0.19084	0.31702	0.08508	0.01884	0.02848	0.03317	0.01846	0.03282	0.02210	0.03496	0.01678	0.01950	0.01424	0.00971	0.00765	0.00265	0.01099	0.00635	0.00566	0.12469
8	0.02118	0.20353	0.02928	0.01670	0.02146	0.02347	0.01366	0.02721	0.07845	0.02909	0.04650	0.12502	0.11684	0.11450	0.08031	0.00616	0.01177	0.01550	0.00772	0.01165

[dist]
# distance from previous block
# <min> <max>
0	2

# created by:
# /st0/software/busco_prod/Augustus/scripts/msa2prfl.pl ./align_prep/8248.fa
