[name]
unknown

[dist]
# distance from previous block
# <min> <max>
0	175

[block]
# block no. 0 follows, 13 sequences, length 64
# corresponding to MSA columns:
# 200-215,234-281
name=unknown_A
#
# <colnr> <probs for GDERKNQSTAVLIFYWHMCP>
#	G	D	E	R	K	N	Q	S	T	A	V	L	I	F	Y	W	H	M	C	P
0	0.01513	0.01029	0.01210	0.01209	0.01264	0.01009	0.00735	0.01625	0.01862	0.02532	0.14010	0.10711	0.05281	0.46779	0.04289	0.00847	0.00893	0.01708	0.00768	0.00727
1	0.01859	0.01134	0.01480	0.01423	0.01707	0.01028	0.01054	0.02247	0.02702	0.10798	0.32541	0.21781	0.11372	0.02386	0.01250	0.00359	0.00585	0.02109	0.01123	0.01061
2	0.03204	0.02903	0.04814	0.03516	0.04481	0.02955	0.28976	0.26323	0.03647	0.04910	0.02325	0.02706	0.01694	0.01067	0.01159	0.00338	0.01495	0.01110	0.00778	0.01599
3	0.46418	0.01955	0.01882	0.01569	0.02283	0.02074	0.01294	0.03853	0.02246	0.23778	0.02456	0.02403	0.01682	0.01101	0.00803	0.00327	0.00848	0.00751	0.00893	0.01383
4	0.01461	0.00993	0.01176	0.01252	0.01270	0.00974	0.00746	0.01517	0.01688	0.02250	0.04101	0.23948	0.04815	0.44488	0.04138	0.00841	0.00898	0.01990	0.00746	0.00708
5	0.01288	0.00920	0.01227	0.01472	0.01534	0.00859	0.00981	0.01472	0.02024	0.02699	0.05828	0.62152	0.06993	0.03312	0.01350	0.00429	0.00613	0.03006	0.00981	0.00859
6	0.01288	0.00920	0.01227	0.01472	0.01534	0.00859	0.00981	0.01472	0.02024	0.02699	0.05828	0.62152	0.06993	0.03312	0.01350	0.00429	0.00613	0.03006	0.00981	0.00859
7	0.01250	0.01071	0.01071	0.01071	0.01428	0.00893	0.00803	0.01517	0.02410	0.02856	0.10711	0.10175	0.55817	0.02678	0.01250	0.00357	0.00536	0.02231	0.00982	0.00893
8	0.01442	0.00985	0.01181	0.01275	0.01299	0.00961	0.00771	0.01513	0.01724	0.02298	0.04287	0.28059	0.05049	0.40058	0.03838	0.00797	0.00868	0.02100	0.00771	0.00724
9	0.01504	0.01011	0.01163	0.01196	0.01204	0.01003	0.00686	0.01529	0.01603	0.02137	0.03666	0.14312	0.04265	0.54874	0.04842	0.00945	0.00970	0.01734	0.00686	0.00670
10	0.04019	0.02962	0.03173	0.02433	0.03279	0.03279	0.02010	0.52721	0.04971	0.06663	0.02538	0.02538	0.01798	0.01269	0.01058	0.00317	0.01163	0.00952	0.01058	0.01798
11	0.02121	0.05469	0.57364	0.03014	0.04576	0.02455	0.03906	0.03348	0.02232	0.03348	0.01897	0.02232	0.01339	0.01005	0.01005	0.00335	0.01563	0.00781	0.00446	0.01563
12	0.01260	0.01030	0.01114	0.01181	0.01457	0.00883	0.00852	0.01505	0.02305	0.02813	0.09378	0.24361	0.42492	0.02851	0.01277	0.00377	0.00557	0.02443	0.00982	0.00883
13	0.70310	0.02045	0.01554	0.01390	0.02045	0.02372	0.01145	0.03108	0.01799	0.04744	0.01472	0.01718	0.01145	0.00981	0.00654	0.00327	0.00818	0.00573	0.00654	0.01145
14	0.02827	0.63478	0.05540	0.01809	0.02714	0.04184	0.01809	0.03166	0.02148	0.02488	0.01470	0.01696	0.01357	0.00905	0.00678	0.00226	0.01131	0.00565	0.00452	0.01357
15	0.02617	0.02512	0.04292	0.06490	0.56246	0.02512	0.03245	0.03245	0.02407	0.03454	0.01989	0.02617	0.01675	0.00942	0.01047	0.00314	0.01256	0.00942	0.00523	0.01675
16	0.02630	0.02271	0.02391	0.02152	0.02749	0.02630	0.01674	0.05618	0.54336	0.04423	0.04303	0.03945	0.03228	0.01434	0.01076	0.00359	0.00837	0.01195	0.01076	0.01674
17	0.01538	0.01025	0.01153	0.01153	0.01153	0.01025	0.00641	0.01538	0.01538	0.02050	0.03331	0.06919	0.03844	0.62842	0.05382	0.01025	0.01025	0.01538	0.00641	0.00641
18	0.01538	0.01025	0.01153	0.01153	0.01153	0.01025	0.00641	0.01538	0.01538	0.02050	0.03331	0.06919	0.03844	0.62842	0.05382	0.01025	0.01025	0.01538	0.00641	0.00641
19	0.01252	0.01060	0.01082	0.01100	0.01436	0.00890	0.00816	0.01514	0.02383	0.02845	0.10363	0.13876	0.52341	0.02723	0.01257	0.00362	0.00541	0.02287	0.00982	0.00890
20	0.04647	0.01955	0.02550	0.01955	0.02777	0.01785	0.01615	0.11520	0.03287	0.50244	0.03953	0.03457	0.02508	0.01303	0.01063	0.00326	0.00935	0.01048	0.01275	0.01799
21	0.01343	0.00962	0.01276	0.01435	0.01546	0.00895	0.00986	0.01610	0.02280	0.03105	0.18971	0.47851	0.07779	0.03009	0.01323	0.00404	0.00583	0.02717	0.01030	0.00895
22	0.01285	0.00934	0.01212	0.01435	0.01524	0.00862	0.00965	0.01476	0.02060	0.02714	0.06281	0.57323	0.11529	0.03254	0.01340	0.00423	0.00606	0.02934	0.00982	0.00862
23	0.01288	0.00920	0.01227	0.01472	0.01534	0.00859	0.00981	0.01472	0.02024	0.02699	0.05828	0.62152	0.06993	0.03312	0.01350	0.00429	0.00613	0.03006	0.00981	0.00859
24	0.04744	0.01799	0.02454	0.01881	0.02699	0.01554	0.01554	0.05153	0.03026	0.56979	0.04171	0.03599	0.02617	0.01309	0.01063	0.00327	0.00900	0.01063	0.01309	0.01799
25	0.01535	0.01168	0.01441	0.01597	0.01757	0.01184	0.01109	0.02234	0.11640	0.03016	0.05547	0.51453	0.06301	0.02967	0.01299	0.00416	0.00654	0.02673	0.00999	0.01009
26	0.02520	0.02599	0.04985	0.09881	0.32067	0.02564	0.22946	0.03259	0.02420	0.03368	0.02041	0.02727	0.01626	0.00931	0.01128	0.00334	0.01479	0.01065	0.00524	0.01536
27	0.02636	0.03244	0.15782	0.04098	0.09048	0.02517	0.34416	0.03529	0.02485	0.08256	0.02265	0.02780	0.01650	0.00955	0.01168	0.00346	0.01618	0.01115	0.00587	0.01506
28	0.02599	0.22136	0.03642	0.02372	0.09828	0.02608	0.01760	0.06819	0.02424	0.03386	0.01812	0.02114	0.01531	0.00882	0.00806	0.00213	0.00989	0.00674	0.00590	0.32816
29	0.02483	0.02412	0.04220	0.17100	0.42481	0.02492	0.07027	0.03147	0.02356	0.03298	0.01979	0.02676	0.01616	0.00961	0.01065	0.00325	0.01328	0.00965	0.00514	0.01555
30	0.13022	0.02563	0.03212	0.03016	0.12193	0.02706	0.05140	0.26649	0.03626	0.13769	0.02535	0.02628	0.01806	0.01156	0.01012	0.00322	0.01127	0.00934	0.00919	0.01663
31	0.02810	0.01581	0.01962	0.01786	0.02228	0.01555	0.01354	0.09816	0.07578	0.19590	0.04751	0.31288	0.04642	0.02266	0.01200	0.00377	0.00793	0.01983	0.01098	0.01341
32	0.01496	0.01081	0.01413	0.01330	0.01580	0.00998	0.00998	0.01995	0.02993	0.04240	0.55689	0.07898	0.09976	0.02162	0.01247	0.00333	0.00499	0.01912	0.01164	0.00998
33	0.01538	0.01025	0.01153	0.01153	0.01153	0.01025	0.00641	0.01538	0.01538	0.02050	0.03331	0.06919	0.03844	0.62842	0.05382	0.01025	0.01025	0.01538	0.00641	0.00641
34	0.03710	0.01809	0.02272	0.01899	0.02557	0.01752	0.01510	0.04786	0.16750	0.35518	0.04429	0.11530	0.03368	0.01611	0.01105	0.00349	0.00844	0.01359	0.01202	0.01639
35	0.70310	0.02045	0.01554	0.01390	0.02045	0.02372	0.01145	0.03108	0.01799	0.04744	0.01472	0.01718	0.01145	0.00981	0.00654	0.00327	0.00818	0.00573	0.00654	0.01145
36	0.02630	0.02271	0.02391	0.02152	0.02749	0.02630	0.01674	0.05618	0.54336	0.04423	0.04303	0.03945	0.03228	0.01434	0.01076	0.00359	0.00837	0.01195	0.01076	0.01674
37	0.01533	0.01043	0.01246	0.01246	0.01279	0.01076	0.00757	0.01597	0.01565	0.02119	0.03246	0.06447	0.03639	0.53469	0.14474	0.01140	0.01333	0.01468	0.00628	0.00692
38	0.70310	0.02045	0.01554	0.01390	0.02045	0.02372	0.01145	0.03108	0.01799	0.04744	0.01472	0.01718	0.01145	0.00981	0.00654	0.00327	0.00818	0.00573	0.00654	0.01145
39	0.04744	0.01799	0.02454	0.01881	0.02699	0.01554	0.01554	0.05153	0.03026	0.56979	0.04171	0.03599	0.02617	0.01309	0.01063	0.00327	0.00900	0.01063	0.01309	0.01799
40	0.01288	0.00920	0.01227	0.01472	0.01534	0.00859	0.00981	0.01472	0.02024	0.02699	0.05828	0.62152	0.06993	0.03312	0.01350	0.00429	0.00613	0.03006	0.00981	0.00859
41	0.04744	0.01799	0.02454	0.01881	0.02699	0.01554	0.01554	0.05153	0.03026	0.56979	0.04171	0.03599	0.02617	0.01309	0.01063	0.00327	0.00900	0.01063	0.01309	0.01799
42	0.01738	0.01137	0.01472	0.01356	0.01658	0.01035	0.01028	0.02213	0.02954	0.08349	0.48376	0.07717	0.12653	0.02130	0.01233	0.00334	0.00533	0.01867	0.01162	0.01054
43	0.01704	0.01217	0.01704	0.01947	0.02191	0.01217	0.01704	0.02191	0.02434	0.03164	0.05598	0.11926	0.06085	0.02921	0.01460	0.00487	0.00974	0.49130	0.00974	0.00974
44	0.02630	0.02271	0.02391	0.02152	0.02749	0.02630	0.01674	0.05618	0.54336	0.04423	0.04303	0.03945	0.03228	0.01434	0.01076	0.00359	0.00837	0.01195	0.01076	0.01674
45	0.10689	0.01195	0.01415	0.01351	0.01638	0.01169	0.01016	0.02097	0.02745	0.04167	0.43899	0.12002	0.08523	0.02108	0.01177	0.00341	0.00552	0.01832	0.01079	0.01005
46	0.01303	0.01053	0.01159	0.01175	0.01472	0.00909	0.00865	0.01605	0.02472	0.03106	0.18846	0.16688	0.40325	0.02662	0.01262	0.00362	0.00539	0.02273	0.01017	0.00909
47	0.04019	0.02962	0.03173	0.02433	0.03279	0.03279	0.02010	0.52721	0.04971	0.06663	0.02538	0.02538	0.01798	0.01269	0.01058	0.00317	0.01163	0.00952	0.01058	0.01798
48	0.01496	0.01081	0.01413	0.01330	0.01580	0.00998	0.00998	0.01995	0.02993	0.04240	0.55689	0.07898	0.09976	0.02162	0.01247	0.00333	0.00499	0.01912	0.01164	0.00998
49	0.18199	0.01500	0.01647	0.01537	0.01978	0.01527	0.01175	0.03165	0.06404	0.16045	0.04000	0.22222	0.03758	0.01883	0.01019	0.00352	0.00729	0.01580	0.10055	0.01225
50	0.01279	0.00954	0.01192	0.01381	0.01510	0.00866	0.00941	0.01482	0.02112	0.02735	0.06935	0.50365	0.18065	0.03169	0.01327	0.00413	0.00596	0.02830	0.00982	0.00866
51	0.70310	0.02045	0.01554	0.01390	0.02045	0.02372	0.01145	0.03108	0.01799	0.04744	0.01472	0.01718	0.01145	0.00981	0.00654	0.00327	0.00818	0.00573	0.00654	0.01145
52	0.08591	0.02645	0.05391	0.11864	0.05451	0.02602	0.40938	0.03267	0.02380	0.03416	0.02043	0.02744	0.01536	0.00922	0.01168	0.00353	0.01643	0.01144	0.00537	0.01366
53	0.01579	0.01147	0.01422	0.01346	0.01565	0.01110	0.00965	0.02134	0.06033	0.03784	0.41149	0.07431	0.08226	0.15078	0.02119	0.00482	0.00633	0.01785	0.01046	0.00965
54	0.01360	0.00950	0.01206	0.01380	0.01424	0.00907	0.00883	0.01491	0.01883	0.02511	0.05105	0.46174	0.06082	0.20533	0.02516	0.00602	0.00732	0.02581	0.00883	0.00796
55	0.02313	0.02313	0.03238	0.02776	0.02776	0.03238	0.02313	0.02545	0.01619	0.02545	0.01388	0.02313	0.01388	0.01851	0.03470	0.00463	0.60907	0.00925	0.00463	0.01157
56	0.02083	0.02170	0.04437	0.03350	0.04077	0.02031	0.33669	0.02759	0.02453	0.03342	0.10157	0.17199	0.03967	0.01619	0.01271	0.00370	0.01341	0.01742	0.00722	0.01238
57	0.02440	0.01241	0.01665	0.01565	0.01916	0.01116	0.01168	0.02777	0.02593	0.20341	0.18213	0.29503	0.06375	0.02378	0.01232	0.00372	0.00675	0.02106	0.01133	0.01194
58	0.02667	0.50323	0.17292	0.02082	0.03136	0.03792	0.02285	0.03207	0.02167	0.02683	0.01567	0.01818	0.01353	0.00927	0.00752	0.00251	0.01229	0.00614	0.00451	0.01404
59	0.11248	0.05011	0.49893	0.02796	0.04237	0.02444	0.03537	0.03316	0.02174	0.03535	0.01841	0.02163	0.01313	0.01001	0.00958	0.00334	0.01463	0.00753	0.00474	0.01507
60	0.02463	0.01814	0.01947	0.01808	0.02180	0.06097	0.01354	0.13720	0.02994	0.08735	0.11459	0.31037	0.05379	0.02331	0.01212	0.00369	0.00852	0.02027	0.01019	0.01206
61	0.01489	0.01133	0.01385	0.01416	0.01648	0.01084	0.01024	0.02072	0.07329	0.03495	0.26222	0.27111	0.15451	0.02582	0.01268	0.00373	0.00577	0.02283	0.01063	0.00995
62	0.11391	0.01973	0.02143	0.01650	0.02489	0.01763	0.01316	0.03265	0.11725	0.03799	0.02270	0.02451	0.01815	0.00929	0.00820	0.00217	0.00798	0.00724	0.00713	0.47750
63	0.07975	0.02320	0.05899	0.02025	0.02618	0.09412	0.04832	0.03537	0.02460	0.22144	0.03428	0.11499	0.02985	0.11979	0.01803	0.00455	0.01116	0.01310	0.00892	0.01310

[dist]
# distance from previous block
# <min> <max>
0	4

[block]
# block no. 1 follows, 13 sequences, length 25
# corresponding to MSA columns:
# 286-310
name=unknown_B
#
# <colnr> <probs for GDERKNQSTAVLIFYWHMCP>
#	G	D	E	R	K	N	Q	S	T	A	V	L	I	F	Y	W	H	M	C	P
0	0.17186	0.02612	0.02604	0.02097	0.02853	0.06934	0.01706	0.24011	0.08088	0.17381	0.02789	0.02695	0.01950	0.01222	0.00973	0.00322	0.01063	0.00903	0.00998	0.01614
1	0.35752	0.06219	0.02550	0.02153	0.06324	0.06129	0.01634	0.15567	0.02817	0.09045	0.01997	0.02144	0.01487	0.01078	0.00834	0.00314	0.01027	0.00738	0.00778	0.01413
2	0.01598	0.01205	0.01417	0.01428	0.01692	0.01145	0.01039	0.06883	0.02620	0.03438	0.16081	0.30790	0.21305	0.02704	0.01271	0.00379	0.00626	0.02366	0.01023	0.00991
3	0.02374	0.02206	0.02276	0.01686	0.02585	0.07325	0.01335	0.02824	0.02276	0.03357	0.01854	0.02163	0.01545	0.00815	0.00801	0.00169	0.00899	0.00632	0.00618	0.62263
4	0.01553	0.01012	0.01359	0.01395	0.01480	0.01038	0.00954	0.01573	0.01675	0.02254	0.03741	0.13485	0.07545	0.19205	0.17848	0.19618	0.01363	0.01533	0.00649	0.00721
5	0.02827	0.63478	0.05540	0.01809	0.02714	0.04184	0.01809	0.03166	0.02148	0.02488	0.01470	0.01696	0.01357	0.00905	0.00678	0.00226	0.01131	0.00565	0.00452	0.01357
6	0.02827	0.63478	0.05540	0.01809	0.02714	0.04184	0.01809	0.03166	0.02148	0.02488	0.01470	0.01696	0.01357	0.00905	0.00678	0.00226	0.01131	0.00565	0.00452	0.01357
7	0.01341	0.01000	0.01247	0.01361	0.01515	0.00940	0.00946	0.01574	0.02117	0.02778	0.10471	0.34618	0.18060	0.08789	0.07600	0.00588	0.00852	0.02411	0.00923	0.00868
8	0.01336	0.00979	0.01227	0.01360	0.01495	0.00900	0.00929	0.01571	0.02209	0.02930	0.14687	0.40578	0.15028	0.07636	0.01629	0.00448	0.00614	0.02587	0.00985	0.00870
9	0.04744	0.01799	0.02454	0.01881	0.02699	0.01554	0.01554	0.05153	0.03026	0.56979	0.04171	0.03599	0.02617	0.01309	0.01063	0.00327	0.00900	0.01063	0.01309	0.01799
10	0.02967	0.01392	0.01844	0.01550	0.02051	0.01243	0.01226	0.03426	0.02954	0.27576	0.29260	0.05720	0.06215	0.01720	0.01131	0.00324	0.00676	0.01472	0.05900	0.01352
11	0.09967	0.01681	0.02179	0.01773	0.02456	0.01515	0.01427	0.04387	0.02759	0.43744	0.04197	0.12748	0.03184	0.01599	0.01073	0.00343	0.00847	0.01329	0.01199	0.01592
12	0.01288	0.00920	0.01227	0.01472	0.01534	0.00859	0.00981	0.01472	0.02024	0.02699	0.05828	0.62152	0.06993	0.03312	0.01350	0.00429	0.00613	0.03006	0.00981	0.00859
13	0.01288	0.00920	0.01227	0.01472	0.01534	0.00859	0.00981	0.01472	0.02024	0.02699	0.05828	0.62152	0.06993	0.03312	0.01350	0.00429	0.00613	0.03006	0.00981	0.00859
14	0.01415	0.01066	0.01320	0.01430	0.01610	0.01012	0.01005	0.01865	0.05824	0.03148	0.16448	0.39579	0.14615	0.02860	0.01296	0.00394	0.00594	0.02548	0.01024	0.00947
15	0.01567	0.01060	0.01442	0.01433	0.01538	0.01130	0.01004	0.01708	0.01732	0.02414	0.08316	0.05311	0.03677	0.24773	0.27051	0.11405	0.01711	0.01315	0.00637	0.00777
16	0.01538	0.01025	0.01153	0.01153	0.01153	0.01025	0.00641	0.01538	0.01538	0.02050	0.03331	0.06919	0.03844	0.62842	0.05382	0.01025	0.01025	0.01538	0.00641	0.00641
17	0.70310	0.02045	0.01554	0.01390	0.02045	0.02372	0.01145	0.03108	0.01799	0.04744	0.01472	0.01718	0.01145	0.00981	0.00654	0.00327	0.00818	0.00573	0.00654	0.01145
18	0.01439	0.01075	0.01312	0.01255	0.01515	0.00974	0.00927	0.01848	0.02755	0.03757	0.41238	0.08392	0.20811	0.06259	0.01518	0.00384	0.00542	0.01966	0.01085	0.00949
19	0.02818	0.02853	0.04586	0.04762	0.25462	0.07149	0.19529	0.08299	0.06914	0.03747	0.02250	0.02739	0.01763	0.01008	0.01111	0.00329	0.01444	0.01046	0.00625	0.01566
20	0.02630	0.02271	0.02391	0.02152	0.02749	0.02630	0.01674	0.05618	0.54336	0.04423	0.04303	0.03945	0.03228	0.01434	0.01076	0.00359	0.00837	0.01195	0.01076	0.01674
21	0.01272	0.00984	0.01161	0.01303	0.01489	0.00873	0.00906	0.01491	0.02187	0.02765	0.07886	0.40246	0.27570	0.03045	0.01307	0.00399	0.00581	0.02679	0.00982	0.00873
22	0.02198	0.02169	0.04007	0.17657	0.20967	0.02219	0.16219	0.02835	0.02293	0.03122	0.02699	0.13504	0.02556	0.01384	0.01159	0.00356	0.01320	0.01399	0.00597	0.01342
23	0.15405	0.27180	0.03925	0.07855	0.07474	0.03328	0.01958	0.14750	0.02764	0.03981	0.01802	0.02079	0.01452	0.01022	0.00829	0.00285	0.01118	0.00724	0.00639	0.01430
24	0.04481	0.01807	0.02522	0.07474	0.03138	0.01630	0.01686	0.04918	0.02939	0.51783	0.03952	0.03524	0.02502	0.01285	0.01063	0.00330	0.00948	0.01051	0.01228	0.01740

[dist]
# distance from previous block
# <min> <max>
1	39

[block]
# block no. 2 follows, 13 sequences, length 18
# corresponding to MSA columns:
# 350-367
name=unknown_C
#
# <colnr> <probs for GDERKNQSTAVLIFYWHMCP>
#	G	D	E	R	K	N	Q	S	T	A	V	L	I	F	Y	W	H	M	C	P
0	0.06483	0.35732	0.18090	0.02142	0.03189	0.03344	0.02298	0.06671	0.02419	0.08145	0.01900	0.02066	0.01487	0.00996	0.00821	0.00275	0.01205	0.00692	0.00581	0.01468
1	0.02730	0.16590	0.35074	0.02602	0.03873	0.02852	0.03036	0.10358	0.02659	0.07747	0.02075	0.02271	0.01505	0.01045	0.00950	0.00310	0.01368	0.00783	0.00599	0.01572
2	0.03063	0.02455	0.03039	0.07446	0.13176	0.02686	0.02134	0.25344	0.12967	0.05079	0.08787	0.03442	0.02940	0.01324	0.01081	0.00329	0.01064	0.01103	0.00928	0.01613
3	0.04744	0.01799	0.02454	0.01881	0.02699	0.01554	0.01554	0.05153	0.03026	0.56979	0.04171	0.03599	0.02617	0.01309	0.01063	0.00327	0.00900	0.01063	0.01309	0.01799
4	0.03567	0.03252	0.23077	0.02538	0.03654	0.01990	0.07128	0.04323	0.02684	0.32219	0.03144	0.03025	0.02052	0.01158	0.01059	0.00333	0.01226	0.00976	0.00919	0.01677
5	0.11312	0.05007	0.49841	0.02795	0.04235	0.02444	0.03534	0.03316	0.02174	0.03536	0.01840	0.02163	0.01313	0.01001	0.00957	0.00334	0.01462	0.00753	0.00474	0.01506
6	0.02121	0.05469	0.57364	0.03014	0.04576	0.02455	0.03906	0.03348	0.02232	0.03348	0.01897	0.02232	0.01339	0.01005	0.01005	0.00335	0.01563	0.00781	0.00446	0.01563
7	0.02407	0.03180	0.17661	0.12858	0.36483	0.02476	0.03372	0.03198	0.02323	0.03326	0.01951	0.02546	0.01554	0.00973	0.01037	0.00324	0.01355	0.00901	0.00497	0.01579
8	0.02454	0.12956	0.45400	0.02749	0.04155	0.02607	0.03410	0.03487	0.02293	0.08094	0.02046	0.02284	0.01458	0.01019	0.00966	0.00319	0.01444	0.00778	0.00525	0.01556
9	0.02301	0.20248	0.44161	0.02707	0.04102	0.02896	0.03372	0.03302	0.02211	0.03129	0.01789	0.02096	0.01344	0.00979	0.00921	0.00307	0.01453	0.00726	0.00448	0.01510
10	0.04744	0.01799	0.02454	0.01881	0.02699	0.01554	0.01554	0.05153	0.03026	0.56979	0.04171	0.03599	0.02617	0.01309	0.01063	0.00327	0.00900	0.01063	0.01309	0.01799
11	0.07846	0.02915	0.11613	0.04805	0.28595	0.02472	0.15654	0.03411	0.02401	0.07061	0.02120	0.02621	0.01633	0.00965	0.01064	0.00330	0.01375	0.00978	0.00578	0.01564
12	0.02125	0.09440	0.34176	0.03032	0.10765	0.02324	0.03038	0.03044	0.02402	0.03465	0.12769	0.03383	0.03136	0.01221	0.01030	0.00322	0.01267	0.01012	0.00603	0.01445
13	0.02479	0.02358	0.15623	0.01890	0.02612	0.01503	0.01864	0.03137	0.02812	0.17454	0.29157	0.05391	0.05949	0.01656	0.01140	0.00332	0.00866	0.01414	0.01022	0.01343
14	0.01468	0.01080	0.01374	0.01301	0.01562	0.00986	0.00975	0.01941	0.02926	0.04082	0.50541	0.08159	0.15223	0.02221	0.01247	0.00335	0.00503	0.01949	0.01143	0.00986
15	0.19954	0.21385	0.07832	0.02164	0.03053	0.03060	0.06500	0.12638	0.02706	0.08784	0.02003	0.02175	0.01519	0.01034	0.00855	0.00298	0.01132	0.00763	0.00699	0.01448
16	0.33707	0.02358	0.02452	0.02365	0.08697	0.02611	0.01700	0.17257	0.07689	0.08441	0.02262	0.02375	0.01674	0.01120	0.00876	0.00326	0.00971	0.00809	0.00832	0.01478
17	0.01439	0.01012	0.01317	0.01490	0.01584	0.00976	0.01053	0.01661	0.02052	0.02733	0.07943	0.36722	0.06270	0.16424	0.02264	0.00568	0.00772	0.11964	0.00914	0.00841

[dist]
# distance from previous block
# <min> <max>
3	6

[block]
# block no. 3 follows, 13 sequences, length 87
# corresponding to MSA columns:
# 377-463
name=unknown_D
#
# <colnr> <probs for GDERKNQSTAVLIFYWHMCP>
#	G	D	E	R	K	N	Q	S	T	A	V	L	I	F	Y	W	H	M	C	P
0	0.27845	0.23650	0.07623	0.01800	0.02649	0.02942	0.01708	0.06456	0.02327	0.11605	0.01965	0.02076	0.01489	0.01022	0.00775	0.00292	0.01019	0.00681	0.00688	0.01387
1	0.03674	0.09018	0.13320	0.02209	0.03121	0.07530	0.02093	0.04588	0.10095	0.28654	0.03246	0.03037	0.02215	0.01207	0.01005	0.00318	0.01136	0.00942	0.00953	0.01638
2	0.02135	0.01515	0.02187	0.02046	0.02420	0.01497	0.06463	0.06311	0.06025	0.08426	0.04897	0.29650	0.05170	0.02503	0.01300	0.00414	0.00904	0.14002	0.00978	0.01159
3	0.09066	0.02147	0.03060	0.06431	0.13484	0.02127	0.05058	0.08048	0.06440	0.28468	0.03158	0.03110	0.02164	0.01177	0.01039	0.00329	0.01062	0.01005	0.00972	0.01654
4	0.01366	0.00982	0.01280	0.01489	0.01592	0.00927	0.01048	0.01586	0.02071	0.02726	0.05925	0.46884	0.09909	0.07966	0.01681	0.00480	0.00694	0.09581	0.00953	0.00860
5	0.01416	0.01078	0.01302	0.01246	0.01530	0.00963	0.00934	0.01839	0.02803	0.03788	0.41008	0.08641	0.24938	0.02330	0.01248	0.00341	0.00511	0.02016	0.01104	0.00963
6	0.02714	0.01283	0.01733	0.01641	0.02015	0.01146	0.01218	0.02991	0.02438	0.25098	0.05144	0.37989	0.05187	0.02486	0.01231	0.00387	0.00732	0.02204	0.01116	0.01247
7	0.03525	0.02716	0.02895	0.02333	0.03090	0.03048	0.01890	0.35952	0.22546	0.05866	0.03167	0.03039	0.02307	0.01328	0.01064	0.00332	0.01047	0.01039	0.01064	0.01754
8	0.02630	0.02271	0.02391	0.02152	0.02749	0.02630	0.01674	0.05618	0.54336	0.04423	0.04303	0.03945	0.03228	0.01434	0.01076	0.00359	0.00837	0.01195	0.01076	0.01674
9	0.01839	0.01098	0.01276	0.01222	0.01299	0.01075	0.00727	0.01878	0.01678	0.07221	0.03410	0.06607	0.03728	0.57049	0.04975	0.00959	0.01013	0.01493	0.00704	0.00750
10	0.15775	0.01901	0.02291	0.01831	0.02593	0.01830	0.01499	0.04859	0.09259	0.41379	0.03723	0.03318	0.02440	0.01268	0.00994	0.00331	0.00878	0.00995	0.01167	0.01671
11	0.01308	0.00936	0.01245	0.01458	0.01538	0.00872	0.00983	0.01523	0.02119	0.02849	0.10683	0.56868	0.07284	0.03200	0.01340	0.00420	0.00602	0.02899	0.00999	0.00872
12	0.01496	0.01081	0.01413	0.01330	0.01580	0.00998	0.00998	0.01995	0.02993	0.04240	0.55689	0.07898	0.09976	0.02162	0.01247	0.00333	0.00499	0.01912	0.01164	0.00998
13	0.01538	0.01025	0.01153	0.01153	0.01153	0.01025	0.00641	0.01538	0.01538	0.02050	0.03331	0.06919	0.03844	0.62842	0.05382	0.01025	0.01025	0.01538	0.00641	0.00641
14	0.10916	0.01822	0.02369	0.01835	0.02637	0.01631	0.01516	0.04960	0.02911	0.52062	0.03917	0.03422	0.02479	0.01278	0.01025	0.00327	0.00892	0.01017	0.01247	0.01738
15	0.04744	0.01799	0.02454	0.01881	0.02699	0.01554	0.01554	0.05153	0.03026	0.56979	0.04171	0.03599	0.02617	0.01309	0.01063	0.00327	0.00900	0.01063	0.01309	0.01799
16	0.02121	0.05469	0.57364	0.03014	0.04576	0.02455	0.03906	0.03348	0.02232	0.03348	0.01897	0.02232	0.01339	0.01005	0.01005	0.00335	0.01563	0.00781	0.00446	0.01563
17	0.01837	0.00918	0.01377	0.01377	0.01377	0.00918	0.00918	0.01377	0.01377	0.01837	0.01837	0.03214	0.01837	0.03673	0.04132	0.69238	0.00918	0.00918	0.00459	0.00459
18	0.70310	0.02045	0.01554	0.01390	0.02045	0.02372	0.01145	0.03108	0.01799	0.04744	0.01472	0.01718	0.01145	0.00981	0.00654	0.00327	0.00818	0.00573	0.00654	0.01145
19	0.02827	0.63478	0.05540	0.01809	0.02714	0.04184	0.01809	0.03166	0.02148	0.02488	0.01470	0.01696	0.01357	0.00905	0.00678	0.00226	0.01131	0.00565	0.00452	0.01357
20	0.02617	0.02512	0.04292	0.06490	0.56246	0.02512	0.03245	0.03245	0.02407	0.03454	0.01989	0.02617	0.01675	0.00942	0.01047	0.00314	0.01256	0.00942	0.00523	0.01675
21	0.04019	0.02962	0.03173	0.02433	0.03279	0.03279	0.02010	0.52721	0.04971	0.06663	0.02538	0.02538	0.01798	0.01269	0.01058	0.00317	0.01163	0.00952	0.01058	0.01798
22	0.01538	0.01025	0.01153	0.01153	0.01153	0.01025	0.00641	0.01538	0.01538	0.02050	0.03331	0.06919	0.03844	0.62842	0.05382	0.01025	0.01025	0.01538	0.00641	0.00641
23	0.01354	0.00977	0.01179	0.01311	0.01405	0.00913	0.00852	0.01499	0.01949	0.02537	0.05937	0.37177	0.14432	0.20534	0.02506	0.00590	0.00720	0.02446	0.00882	0.00801
24	0.04744	0.01799	0.02454	0.01881	0.02699	0.01554	0.01554	0.05153	0.03026	0.56979	0.04171	0.03599	0.02617	0.01309	0.01063	0.00327	0.00900	0.01063	0.01309	0.01799
25	0.02630	0.02271	0.02391	0.02152	0.02749	0.02630	0.01674	0.05618	0.54336	0.04423	0.04303	0.03945	0.03228	0.01434	0.01076	0.00359	0.00837	0.01195	0.01076	0.01674
26	0.01250	0.01071	0.01071	0.01071	0.01428	0.00893	0.00803	0.01517	0.02410	0.02856	0.10711	0.10175	0.55817	0.02678	0.01250	0.00357	0.00536	0.02231	0.00982	0.00893
27	0.04744	0.01799	0.02454	0.01881	0.02699	0.01554	0.01554	0.05153	0.03026	0.56979	0.04171	0.03599	0.02617	0.01309	0.01063	0.00327	0.00900	0.01063	0.01309	0.01799
28	0.01288	0.00920	0.01227	0.01472	0.01534	0.00859	0.00981	0.01472	0.02024	0.02699	0.05828	0.62152	0.06993	0.03312	0.01350	0.00429	0.00613	0.03006	0.00981	0.00859
29	0.04603	0.02025	0.02593	0.01988	0.02812	0.01889	0.01642	0.14383	0.03404	0.47215	0.03854	0.03393	0.02458	0.01301	0.01062	0.00325	0.00951	0.01042	0.01260	0.01799
30	0.04744	0.01799	0.02454	0.01881	0.02699	0.01554	0.01554	0.05153	0.03026	0.56979	0.04171	0.03599	0.02617	0.01309	0.01063	0.00327	0.00900	0.01063	0.01309	0.01799
31	0.04744	0.01799	0.02454	0.01881	0.02699	0.01554	0.01554	0.05153	0.03026	0.56979	0.04171	0.03599	0.02617	0.01309	0.01063	0.00327	0.00900	0.01063	0.01309	0.01799
32	0.04075	0.02618	0.03273	0.02477	0.03337	0.02725	0.06898	0.34204	0.04168	0.20726	0.02966	0.02873	0.02013	0.01243	0.01078	0.00324	0.01150	0.01013	0.01077	0.01761
33	0.03583	0.25111	0.04040	0.02204	0.03072	0.03610	0.01936	0.34583	0.03938	0.05135	0.02147	0.02230	0.01637	0.01136	0.00919	0.00284	0.01151	0.00810	0.00836	0.01637
34	0.02192	0.01879	0.02192	0.01566	0.02506	0.01409	0.01253	0.02662	0.02192	0.03445	0.01879	0.02192	0.01566	0.00783	0.00783	0.00157	0.00783	0.00626	0.00626	0.69305
35	0.15266	0.01512	0.01664	0.01604	0.02009	0.01558	0.01205	0.03060	0.11014	0.11794	0.04854	0.27685	0.08303	0.02190	0.01118	0.00376	0.00729	0.01874	0.00985	0.01200
36	0.50788	0.02177	0.02549	0.02032	0.02783	0.02351	0.11116	0.03361	0.02054	0.09568	0.01864	0.02121	0.01377	0.00996	0.00809	0.00333	0.01013	0.00751	0.00695	0.01263
37	0.01496	0.01081	0.01413	0.01330	0.01580	0.00998	0.00998	0.01995	0.02993	0.04240	0.55689	0.07898	0.09976	0.02162	0.01247	0.00333	0.00499	0.01912	0.01164	0.00998
38	0.01871	0.01483	0.01697	0.01575	0.01927	0.01553	0.01179	0.03157	0.20426	0.03979	0.29388	0.06618	0.10565	0.07995	0.01600	0.00412	0.00670	0.01653	0.01068	0.01186
39	0.14729	0.01607	0.01923	0.01678	0.02228	0.01557	0.01313	0.03713	0.06033	0.27556	0.07484	0.18160	0.03975	0.01816	0.01077	0.00355	0.00784	0.01527	0.01090	0.01393
40	0.70310	0.02045	0.01554	0.01390	0.02045	0.02372	0.01145	0.03108	0.01799	0.04744	0.01472	0.01718	0.01145	0.00981	0.00654	0.00327	0.00818	0.00573	0.00654	0.01145
41	0.11274	0.01824	0.02364	0.01832	0.02634	0.01635	0.01513	0.04949	0.02904	0.51777	0.03902	0.03411	0.02471	0.01276	0.01023	0.00327	0.00892	0.01014	0.01243	0.01734
42	0.01569	0.01169	0.01475	0.01439	0.01687	0.01134	0.01062	0.02256	0.07921	0.03963	0.41022	0.17895	0.08733	0.02310	0.01250	0.00354	0.00554	0.02050	0.01120	0.01038
43	0.09714	0.01752	0.02288	0.01811	0.02557	0.01566	0.01477	0.04707	0.02851	0.48645	0.04083	0.07939	0.02835	0.01436	0.01053	0.00335	0.00871	0.01173	0.01231	0.01675
44	0.70310	0.02045	0.01554	0.01390	0.02045	0.02372	0.01145	0.03108	0.01799	0.04744	0.01472	0.01718	0.01145	0.00981	0.00654	0.00327	0.00818	0.00573	0.00654	0.01145
45	0.02313	0.02313	0.03238	0.02776	0.02776	0.03238	0.02313	0.02545	0.01619	0.02545	0.01388	0.02313	0.01388	0.01851	0.03470	0.00463	0.60907	0.00925	0.00463	0.01157
46	0.57139	0.01849	0.01477	0.01345	0.01874	0.02114	0.01048	0.02807	0.01749	0.04228	0.01828	0.02714	0.01662	0.12829	0.01560	0.00461	0.00858	0.00757	0.00652	0.01048
47	0.01434	0.01067	0.01334	0.01291	0.01547	0.00967	0.00959	0.01865	0.02809	0.03860	0.43340	0.12398	0.18532	0.02347	0.01255	0.00344	0.00514	0.02055	0.01115	0.00967
48	0.04744	0.01799	0.02454	0.01881	0.02699	0.01554	0.01554	0.05153	0.03026	0.56979	0.04171	0.03599	0.02617	0.01309	0.01063	0.00327	0.00900	0.01063	0.01309	0.01799
49	0.02630	0.02271	0.02391	0.02152	0.02749	0.02630	0.01674	0.05618	0.54336	0.04423	0.04303	0.03945	0.03228	0.01434	0.01076	0.00359	0.00837	0.01195	0.01076	0.01674
50	0.52950	0.01930	0.01693	0.01462	0.02127	0.02112	0.01200	0.03389	0.02077	0.14617	0.02632	0.02666	0.05230	0.01162	0.00774	0.00329	0.00814	0.00782	0.00802	0.01253
51	0.14493	0.01191	0.01232	0.01309	0.01593	0.01161	0.00947	0.01802	0.02123	0.03149	0.06793	0.31420	0.23869	0.02632	0.01180	0.00383	0.00624	0.02254	0.00919	0.00926
52	0.04744	0.01799	0.02454	0.01881	0.02699	0.01554	0.01554	0.05153	0.03026	0.56979	0.04171	0.03599	0.02617	0.01309	0.01063	0.00327	0.00900	0.01063	0.01309	0.01799
53	0.01496	0.01081	0.01413	0.01330	0.01580	0.00998	0.00998	0.01995	0.02993	0.04240	0.55689	0.07898	0.09976	0.02162	0.01247	0.00333	0.00499	0.01912	0.01164	0.00998
54	0.02800	0.01414	0.01824	0.01651	0.02069	0.01325	0.01238	0.03349	0.07386	0.24029	0.09661	0.23433	0.04932	0.07869	0.01583	0.00430	0.00773	0.01836	0.01103	0.01294
55	0.43847	0.01775	0.01547	0.01438	0.01963	0.01981	0.01136	0.02944	0.07224	0.04287	0.08169	0.09205	0.07903	0.01525	0.00876	0.00344	0.00743	0.01154	0.00807	0.01132
56	0.70310	0.02045	0.01554	0.01390	0.02045	0.02372	0.01145	0.03108	0.01799	0.04744	0.01472	0.01718	0.01145	0.00981	0.00654	0.00327	0.00818	0.00573	0.00654	0.01145
57	0.19857	0.26070	0.03688	0.01936	0.02758	0.03405	0.01720	0.21417	0.03103	0.04581	0.01864	0.02012	0.01467	0.01058	0.00812	0.00285	0.01066	0.00710	0.00725	0.01467
58	0.01412	0.01047	0.01276	0.01287	0.01481	0.00981	0.00908	0.01703	0.02324	0.03112	0.22955	0.16652	0.18811	0.14177	0.06614	0.00591	0.00810	0.02032	0.00946	0.00880
59	0.01301	0.00965	0.01215	0.01381	0.01518	0.00879	0.00949	0.01532	0.02193	0.02880	0.11629	0.46799	0.16742	0.03077	0.01320	0.00406	0.00587	0.02749	0.00999	0.00879
60	0.32818	0.02563	0.02470	0.01980	0.02743	0.02885	0.01634	0.31168	0.03593	0.05830	0.02075	0.02182	0.01514	0.01144	0.00882	0.00322	0.01013	0.00787	0.00882	0.01514
61	0.02414	0.20178	0.09560	0.22743	0.16329	0.02943	0.05722	0.03058	0.02223	0.02909	0.01803	0.02396	0.01457	0.00973	0.00952	0.00306	0.01333	0.00835	0.00478	0.01389
62	0.01725	0.01389	0.02153	0.02575	0.12258	0.01526	0.01636	0.02120	0.01822	0.02614	0.02710	0.04080	0.02553	0.10974	0.43347	0.01380	0.02385	0.01129	0.00564	0.01060
63	0.01373	0.01006	0.01178	0.01255	0.01390	0.00931	0.00829	0.01546	0.02051	0.02660	0.10313	0.26812	0.19109	0.21712	0.02579	0.00589	0.00713	0.02254	0.00889	0.00810
64	0.03672	0.11709	0.03427	0.02260	0.03123	0.03235	0.01909	0.40745	0.04296	0.05749	0.02320	0.02383	0.01712	0.01170	0.00976	0.00289	0.01123	0.00865	0.00928	0.08110
65	0.02121	0.05469	0.57364	0.03014	0.04576	0.02455	0.03906	0.03348	0.02232	0.03348	0.01897	0.02232	0.01339	0.01005	0.01005	0.00335	0.01563	0.00781	0.00446	0.01563
66	0.02538	0.02364	0.03953	0.26843	0.23858	0.02567	0.09147	0.09387	0.02632	0.03561	0.02035	0.02716	0.01578	0.01023	0.01077	0.00335	0.01371	0.00981	0.00572	0.01463
67	0.01846	0.01220	0.01536	0.01413	0.01702	0.01168	0.01047	0.02460	0.06655	0.08184	0.41019	0.07133	0.08098	0.09812	0.01749	0.00423	0.00624	0.01743	0.01102	0.01067
68	0.01651	0.01083	0.01400	0.01391	0.01635	0.00986	0.01016	0.02023	0.02637	0.07577	0.31953	0.24796	0.12820	0.02507	0.01266	0.00365	0.00568	0.02221	0.01100	0.01004
69	0.03270	0.02677	0.04710	0.03769	0.09325	0.06521	0.29187	0.03950	0.02679	0.18934	0.02679	0.02976	0.01888	0.01032	0.01153	0.00338	0.01485	0.01123	0.00760	0.01543
70	0.01510	0.01133	0.01699	0.01699	0.01888	0.01322	0.01322	0.01888	0.01699	0.02454	0.02832	0.04154	0.02643	0.07930	0.58652	0.01699	0.02832	0.01133	0.00566	0.00944
71	0.02381	0.01274	0.01650	0.01464	0.01877	0.01132	0.01129	0.02797	0.02844	0.19122	0.30565	0.11310	0.14034	0.02080	0.01203	0.00342	0.00629	0.01800	0.01166	0.01203
72	0.70310	0.02045	0.01554	0.01390	0.02045	0.02372	0.01145	0.03108	0.01799	0.04744	0.01472	0.01718	0.01145	0.00981	0.00654	0.00327	0.00818	0.00573	0.00654	0.01145
73	0.70310	0.02045	0.01554	0.01390	0.02045	0.02372	0.01145	0.03108	0.01799	0.04744	0.01472	0.01718	0.01145	0.00981	0.00654	0.00327	0.00818	0.00573	0.00654	0.01145
74	0.10148	0.02657	0.02833	0.02238	0.03026	0.02926	0.01833	0.36353	0.11756	0.11163	0.02861	0.02774	0.02029	0.01270	0.01023	0.00325	0.01056	0.00963	0.01047	0.01718
75	0.01288	0.00920	0.01227	0.01472	0.01534	0.00859	0.00981	0.01472	0.02024	0.02699	0.05828	0.62152	0.06993	0.03312	0.01350	0.00429	0.00613	0.03006	0.00981	0.00859
76	0.01538	0.01025	0.01153	0.01153	0.01153	0.01025	0.00641	0.01538	0.01538	0.02050	0.03331	0.06919	0.03844	0.62842	0.05382	0.01025	0.01025	0.01538	0.00641	0.00641
77	0.01273	0.00978	0.01167	0.01318	0.01493	0.00872	0.00913	0.01490	0.02173	0.02760	0.07710	0.42111	0.25818	0.03068	0.01311	0.00401	0.00583	0.02707	0.00982	0.00872
78	0.01692	0.01225	0.01539	0.01478	0.01736	0.01188	0.01094	0.06907	0.02930	0.04068	0.37022	0.21915	0.08362	0.02381	0.01256	0.00357	0.00596	0.02110	0.01104	0.01040
79	0.01538	0.01025	0.01153	0.01153	0.01153	0.01025	0.00641	0.01538	0.01538	0.02050	0.03331	0.06919	0.03844	0.62842	0.05382	0.01025	0.01025	0.01538	0.00641	0.00641
80	0.04744	0.01799	0.02454	0.01881	0.02699	0.01554	0.01554	0.05153	0.03026	0.56979	0.04171	0.03599	0.02617	0.01309	0.01063	0.00327	0.00900	0.01063	0.01309	0.01799
81	0.07715	0.01522	0.01944	0.01626	0.02206	0.01369	0.01293	0.03706	0.02784	0.32964	0.14755	0.10633	0.09399	0.01777	0.01118	0.00341	0.00754	0.01495	0.01175	0.01424
82	0.23505	0.01788	0.02076	0.01700	0.02398	0.01726	0.01381	0.04210	0.02574	0.36645	0.03542	0.08582	0.02602	0.01403	0.00971	0.00337	0.00849	0.01104	0.01087	0.01520
83	0.02833	0.02372	0.02505	0.02193	0.02827	0.02725	0.01723	0.12507	0.47117	0.04751	0.04045	0.03739	0.03018	0.01410	0.01073	0.00353	0.00885	0.01160	0.01073	0.01692
84	0.08398	0.01199	0.01404	0.01370	0.01687	0.01126	0.01019	0.02164	0.02504	0.08576	0.23009	0.21548	0.17329	0.02376	0.01199	0.00362	0.00605	0.02055	0.01042	0.01029
85	0.01430	0.01061	0.01315	0.01308	0.01512	0.01013	0.00937	0.01742	0.02327	0.03139	0.23965	0.12818	0.17895	0.13819	0.10374	0.00668	0.00951	0.01908	0.00927	0.00891
86	0.02690	0.52221	0.15597	0.02043	0.03075	0.03848	0.02216	0.03201	0.02165	0.02655	0.01553	0.01800	0.01353	0.00924	0.00742	0.00247	0.01215	0.00607	0.00451	0.01397

[dist]
# distance from previous block
# <min> <max>
0	521

# created by:
# /st0/software/busco_prod/Augustus/scripts/msa2prfl.pl ./align_prep/8259.fa
