[name]
unknown

[dist]
# distance from previous block
# <min> <max>
0	62

[block]
# block no. 0 follows, 10 sequences, length 44
# corresponding to MSA columns:
# 64-107
name=unknown_A
#
# <colnr> <probs for GDERKNQSTAVLIFYWHMCP>
#	G	D	E	R	K	N	Q	S	T	A	V	L	I	F	Y	W	H	M	C	P
0	0.07932	0.02487	0.03731	0.11418	0.04474	0.02564	0.12705	0.09967	0.08657	0.08678	0.03036	0.03838	0.02383	0.01333	0.01179	0.00366	0.01322	0.04167	0.00859	0.08905
1	0.04058	0.02262	0.03060	0.02329	0.03255	0.02074	0.05762	0.08263	0.08830	0.28617	0.03729	0.03510	0.02544	0.01288	0.01123	0.00326	0.01062	0.01093	0.01151	0.15663
2	0.03351	0.02673	0.09261	0.02500	0.03594	0.01947	0.08741	0.04016	0.02761	0.19426	0.02920	0.03021	0.02069	0.01094	0.01066	0.00289	0.01170	0.00965	0.00891	0.28246
3	0.10346	0.07238	0.06896	0.08742	0.03772	0.02835	0.02134	0.14619	0.10642	0.04799	0.02585	0.02796	0.01966	0.01196	0.01016	0.00319	0.01155	0.00919	0.00837	0.15187
4	0.02772	0.02006	0.02344	0.01926	0.02690	0.01836	0.01501	0.03970	0.15145	0.10687	0.03803	0.11857	0.03300	0.01566	0.01087	0.00304	0.00866	0.01330	0.00985	0.30026
5	0.03692	0.02512	0.02813	0.02225	0.03019	0.02597	0.01775	0.22574	0.11133	0.13051	0.03368	0.03706	0.02582	0.07879	0.01659	0.00419	0.01096	0.01126	0.01086	0.11689
6	0.03515	0.01910	0.02416	0.01861	0.02727	0.01551	0.01488	0.03967	0.02788	0.24874	0.03651	0.09411	0.02899	0.01426	0.01065	0.00287	0.00896	0.01193	0.01058	0.31016
7	0.02927	0.03454	0.11525	0.02994	0.03819	0.08946	0.09362	0.09685	0.06270	0.03987	0.02673	0.07659	0.02326	0.01513	0.01582	0.00372	0.10107	0.01206	0.00739	0.08855
8	0.02845	0.02159	0.02591	0.02199	0.02645	0.09689	0.06611	0.03093	0.02738	0.10913	0.17047	0.04862	0.04702	0.02358	0.02180	0.18799	0.01147	0.01360	0.00903	0.01159
9	0.01566	0.01186	0.01444	0.01380	0.01689	0.01063	0.01035	0.02040	0.03104	0.04217	0.39666	0.09423	0.22844	0.02544	0.01373	0.00374	0.00561	0.02206	0.01221	0.01063
10	0.50373	0.02235	0.01968	0.01708	0.02449	0.02501	0.01395	0.04082	0.07595	0.12572	0.02434	0.02489	0.01771	0.01192	0.00842	0.00364	0.00916	0.00791	0.00884	0.01437
11	0.03540	0.05042	0.17833	0.03346	0.04387	0.26173	0.09891	0.09135	0.03220	0.03725	0.02078	0.02438	0.01587	0.01161	0.01128	0.00339	0.01878	0.00911	0.00631	0.01558
12	0.02725	0.02608	0.04817	0.03643	0.04515	0.02543	0.26862	0.10361	0.03244	0.04391	0.09757	0.05403	0.03836	0.01587	0.01376	0.00404	0.01519	0.08069	0.00850	0.01491
13	0.01691	0.01128	0.01268	0.01268	0.01268	0.01128	0.00705	0.01691	0.01691	0.02255	0.03665	0.07611	0.04228	0.59126	0.05920	0.01128	0.01128	0.01691	0.00705	0.00705
14	0.01669	0.01275	0.01546	0.01513	0.01812	0.01210	0.01119	0.02357	0.07120	0.04126	0.32582	0.16523	0.17555	0.02613	0.01373	0.00390	0.00609	0.02288	0.01202	0.01117
15	0.03600	0.12313	0.04608	0.03142	0.04058	0.11608	0.13540	0.18019	0.09280	0.04699	0.02574	0.02810	0.01961	0.01220	0.01135	0.00342	0.01532	0.01047	0.00828	0.01683
16	0.02697	0.02866	0.05737	0.13541	0.19214	0.02836	0.28373	0.03564	0.02653	0.03629	0.02262	0.03059	0.01753	0.01024	0.01278	0.00378	0.01735	0.01225	0.00574	0.01602
17	0.01670	0.01214	0.01706	0.01706	0.01857	0.01365	0.01250	0.01972	0.01821	0.02579	0.03265	0.05398	0.03267	0.22452	0.41280	0.01667	0.02574	0.01367	0.00645	0.00948
18	0.01661	0.01246	0.01869	0.01869	0.02077	0.01454	0.01454	0.02077	0.01869	0.02700	0.03115	0.04569	0.02908	0.08723	0.54517	0.01869	0.03115	0.01246	0.00623	0.01038
19	0.03162	0.18712	0.04045	0.03047	0.10704	0.03450	0.02203	0.10781	0.23035	0.04442	0.03196	0.03205	0.02491	0.01305	0.01053	0.00340	0.01132	0.01040	0.00894	0.01762
20	0.01533	0.01184	0.01398	0.01344	0.01668	0.01049	0.01008	0.01975	0.03025	0.04029	0.34783	0.09733	0.27844	0.02615	0.01373	0.00377	0.00566	0.02250	0.01197	0.01049
21	0.01679	0.01404	0.02249	0.02143	0.02448	0.01310	0.08323	0.02058	0.02420	0.03177	0.06398	0.37971	0.11897	0.03091	0.01471	0.00459	0.00917	0.08522	0.01003	0.01062
22	0.03823	0.02578	0.07531	0.02599	0.03188	0.02587	0.02294	0.04270	0.02592	0.27085	0.03062	0.03223	0.02178	0.01664	0.02292	0.00424	0.24918	0.01077	0.00959	0.01655
23	0.03412	0.02741	0.09431	0.03328	0.11260	0.02287	0.07469	0.07744	0.06912	0.18527	0.10790	0.04186	0.03661	0.01437	0.01214	0.00365	0.01199	0.01281	0.01024	0.01731
24	0.03107	0.02409	0.02786	0.02426	0.02966	0.02724	0.01966	0.22272	0.10178	0.05148	0.04011	0.13481	0.03790	0.02141	0.01606	0.00423	0.07798	0.08141	0.01060	0.01567
25	0.02275	0.01922	0.02265	0.01708	0.02609	0.01467	0.01337	0.02748	0.02386	0.03677	0.02666	0.10124	0.02545	0.01245	0.00947	0.00214	0.00836	0.01050	0.00743	0.57236
26	0.03319	0.19394	0.04802	0.04819	0.29727	0.03135	0.02809	0.03878	0.02673	0.11273	0.02402	0.02753	0.01905	0.01088	0.01035	0.00319	0.01279	0.00936	0.00690	0.01761
27	0.02627	0.02515	0.09956	0.02645	0.03242	0.02252	0.07299	0.03226	0.02483	0.11073	0.10427	0.04221	0.03550	0.03146	0.12949	0.00714	0.14187	0.01280	0.00807	0.01401
28	0.01874	0.01128	0.01512	0.01674	0.01841	0.01037	0.01155	0.02106	0.02359	0.08944	0.06191	0.51827	0.07114	0.03379	0.01447	0.00459	0.00713	0.03050	0.01123	0.01069
29	0.02149	0.01938	0.02702	0.02423	0.02485	0.02557	0.01934	0.02412	0.01793	0.02685	0.02332	0.03935	0.02358	0.12917	0.19209	0.01009	0.32284	0.01191	0.00573	0.01114
30	0.02290	0.02163	0.03658	0.49550	0.14056	0.02609	0.03277	0.03054	0.02370	0.03086	0.02084	0.03070	0.01591	0.01145	0.01161	0.00382	0.01527	0.01034	0.00525	0.01368
31	0.01691	0.01128	0.01268	0.01268	0.01268	0.01128	0.00705	0.01691	0.01691	0.02255	0.03665	0.07611	0.04228	0.59126	0.05920	0.01128	0.01128	0.01691	0.00705	0.00705
32	0.01665	0.01232	0.01797	0.01797	0.01980	0.01415	0.01364	0.02031	0.01848	0.02646	0.03181	0.04935	0.03066	0.14781	0.48676	0.01780	0.02876	0.01300	0.00633	0.00998
33	0.03451	0.02974	0.03445	0.09825	0.11609	0.10023	0.02492	0.11007	0.10580	0.09653	0.02786	0.03087	0.02121	0.01417	0.01563	0.00380	0.10032	0.01055	0.00846	0.01655
34	0.03147	0.19757	0.19668	0.02675	0.03786	0.18448	0.02722	0.03825	0.02675	0.03195	0.01873	0.02186	0.01516	0.01074	0.00963	0.00292	0.01601	0.00743	0.00549	0.09303
35	0.12661	0.13003	0.11213	0.02505	0.03442	0.17447	0.02303	0.09201	0.03086	0.11452	0.02331	0.02452	0.01727	0.01195	0.00996	0.00325	0.01475	0.00828	0.00776	0.01585
36	0.04421	0.03258	0.03490	0.02676	0.03607	0.03607	0.02211	0.47993	0.05468	0.07330	0.02792	0.02792	0.01978	0.01396	0.01163	0.00349	0.01280	0.01047	0.01163	0.01978
37	0.02959	0.02467	0.02600	0.02281	0.02951	0.02788	0.01790	0.12184	0.37538	0.05054	0.05228	0.04873	0.08717	0.01704	0.01202	0.00387	0.00939	0.01402	0.01169	0.01765
38	0.01577	0.01100	0.01405	0.01588	0.01665	0.01065	0.01083	0.01766	0.02125	0.02819	0.05487	0.34981	0.06422	0.21435	0.02931	0.00693	0.00882	0.09133	0.00958	0.00887
39	0.03259	0.02620	0.02896	0.02405	0.03047	0.02987	0.01944	0.22932	0.16646	0.05363	0.04582	0.04520	0.10218	0.01781	0.01568	0.00390	0.08751	0.01341	0.01065	0.01684
40	0.01608	0.01187	0.01498	0.01434	0.01701	0.01109	0.01061	0.02065	0.02960	0.04090	0.37751	0.08681	0.16135	0.07360	0.05762	0.00543	0.00795	0.02061	0.01154	0.01044
41	0.13597	0.02235	0.02579	0.02127	0.02756	0.02457	0.01738	0.11255	0.07211	0.19491	0.03272	0.03320	0.02349	0.01471	0.01464	0.00372	0.09680	0.01045	0.09959	0.01623
42	0.21910	0.22248	0.03274	0.01769	0.02490	0.08764	0.01532	0.03152	0.02425	0.03585	0.04122	0.04178	0.13619	0.01520	0.00926	0.00323	0.01078	0.01086	0.00717	0.01282
43	0.02248	0.02067	0.09923	0.01842	0.02432	0.01437	0.01691	0.02911	0.03164	0.11126	0.36993	0.07043	0.08345	0.02046	0.01301	0.00365	0.00796	0.01776	0.01177	0.01318

[dist]
# distance from previous block
# <min> <max>
11	18

[block]
# block no. 1 follows, 10 sequences, length 18
# corresponding to MSA columns:
# 126-143
name=unknown_B
#
# <colnr> <probs for GDERKNQSTAVLIFYWHMCP>
#	G	D	E	R	K	N	Q	S	T	A	V	L	I	F	Y	W	H	M	C	P
0	0.02254	0.02351	0.04824	0.03688	0.04454	0.02203	0.30425	0.02947	0.02553	0.03446	0.03853	0.23563	0.03957	0.01965	0.01414	0.00422	0.01485	0.02088	0.00770	0.01338
1	0.03091	0.03583	0.16376	0.19064	0.13610	0.08276	0.03204	0.03894	0.02690	0.11525	0.02481	0.02925	0.01796	0.01175	0.01134	0.00361	0.01532	0.00980	0.00683	0.01619
2	0.14590	0.16291	0.03355	0.02013	0.02863	0.02775	0.01727	0.04850	0.11017	0.24183	0.03394	0.03170	0.02389	0.01295	0.00994	0.00339	0.01025	0.00971	0.01044	0.01716
3	0.01375	0.01178	0.01178	0.01178	0.01571	0.00982	0.00884	0.01669	0.02651	0.03142	0.11782	0.11193	0.51399	0.02946	0.01375	0.00393	0.00589	0.02455	0.01080	0.00982
4	0.02705	0.02630	0.04215	0.03355	0.03786	0.03167	0.14042	0.07989	0.02451	0.03532	0.02062	0.02955	0.01795	0.02451	0.08644	0.00615	0.30452	0.01139	0.00615	0.01401
5	0.03572	0.14325	0.23008	0.02703	0.03885	0.11858	0.02860	0.04333	0.02814	0.16110	0.02604	0.02680	0.01847	0.01189	0.01049	0.00333	0.01512	0.00879	0.00758	0.01682
6	0.02775	0.02252	0.03696	0.13748	0.30246	0.02295	0.02865	0.03366	0.02598	0.09064	0.03181	0.12774	0.02938	0.01561	0.01214	0.00376	0.01241	0.01449	0.00752	0.01609
7	0.01632	0.01162	0.01488	0.01446	0.01655	0.01088	0.01031	0.02057	0.02926	0.04105	0.39141	0.13194	0.09546	0.11903	0.02136	0.00502	0.00657	0.02148	0.01166	0.01018
8	0.02034	0.01784	0.03161	0.02744	0.03248	0.01707	0.14445	0.02665	0.02762	0.03708	0.13033	0.13835	0.06163	0.02484	0.01488	0.00460	0.01190	0.20915	0.00974	0.01203
9	0.09348	0.03610	0.17191	0.09132	0.04703	0.02830	0.10275	0.14664	0.03279	0.10103	0.02536	0.02838	0.01790	0.01197	0.01141	0.00368	0.01474	0.01023	0.00802	0.01695
10	0.02043	0.01619	0.01915	0.01988	0.02308	0.01734	0.01501	0.03445	0.19889	0.03760	0.05746	0.30447	0.05985	0.02804	0.01395	0.00455	0.00835	0.09718	0.01116	0.01298
11	0.25703	0.01914	0.01990	0.11121	0.03135	0.02095	0.01554	0.06810	0.02611	0.04251	0.05565	0.05626	0.19920	0.01814	0.01081	0.00376	0.00934	0.01414	0.00858	0.01229
12	0.02705	0.01633	0.02571	0.02190	0.02661	0.01648	0.06578	0.03145	0.02324	0.15682	0.03474	0.04597	0.02923	0.11699	0.29294	0.01230	0.02212	0.01291	0.00839	0.01303
13	0.10034	0.13978	0.18059	0.11594	0.04435	0.11569	0.02875	0.03574	0.02439	0.03349	0.01849	0.02346	0.01475	0.01196	0.01256	0.00352	0.06808	0.00818	0.00541	0.01454
14	0.14311	0.13340	0.17695	0.02326	0.03449	0.02653	0.02432	0.04338	0.02683	0.21891	0.02852	0.02814	0.01961	0.01205	0.01002	0.00343	0.01230	0.00894	0.00881	0.01699
15	0.02954	0.02285	0.03256	0.03201	0.11174	0.02343	0.07054	0.08183	0.15416	0.10160	0.15880	0.04904	0.04768	0.01596	0.01244	0.00371	0.01057	0.01438	0.01069	0.01647
16	0.02417	0.02039	0.03146	0.11373	0.03867	0.02108	0.09814	0.10628	0.03418	0.04687	0.26020	0.05753	0.06218	0.01759	0.01301	0.00371	0.01091	0.01612	0.01012	0.01367
17	0.03706	0.02160	0.02479	0.02082	0.02784	0.02259	0.01661	0.09387	0.21975	0.21236	0.04345	0.04063	0.03079	0.01477	0.01115	0.00358	0.00915	0.01202	0.11942	0.01775

[dist]
# distance from previous block
# <min> <max>
0	1

[block]
# block no. 2 follows, 10 sequences, length 25
# corresponding to MSA columns:
# 145-154,179-193
name=unknown_C
#
# <colnr> <probs for GDERKNQSTAVLIFYWHMCP>
#	G	D	E	R	K	N	Q	S	T	A	V	L	I	F	Y	W	H	M	C	P
0	0.02111	0.16596	0.02780	0.01643	0.02172	0.02187	0.01369	0.02868	0.08118	0.03873	0.25047	0.06939	0.15956	0.02045	0.01188	0.00344	0.00779	0.01701	0.01025	0.01260
1	0.02887	0.02059	0.03065	0.08070	0.16045	0.02164	0.02325	0.08249	0.02808	0.11062	0.03242	0.04486	0.02747	0.03641	0.17131	0.00824	0.01816	0.05034	0.00825	0.01521
2	0.03380	0.02589	0.02770	0.02298	0.02956	0.02885	0.01794	0.25060	0.19440	0.05520	0.03607	0.04248	0.02940	0.12739	0.02100	0.00516	0.01131	0.01262	0.01080	0.01684
3	0.01538	0.01141	0.01433	0.01453	0.01694	0.01037	0.01054	0.01950	0.02899	0.03949	0.32478	0.22070	0.17396	0.02809	0.01402	0.00398	0.00589	0.02480	0.01192	0.01037
4	0.03109	0.59826	0.06095	0.01990	0.02985	0.04602	0.01990	0.03483	0.02363	0.02736	0.01617	0.01866	0.01493	0.00995	0.00746	0.00249	0.01244	0.00622	0.00498	0.01493
5	0.04861	0.02552	0.03053	0.02341	0.03255	0.02559	0.01934	0.24623	0.04287	0.32368	0.03784	0.03436	0.02475	0.01420	0.01167	0.00355	0.01120	0.01115	0.01316	0.01979
6	0.03297	0.03177	0.05752	0.04169	0.05265	0.03160	0.32686	0.18302	0.03642	0.04912	0.02498	0.03024	0.01835	0.01117	0.01304	0.00378	0.01737	0.01265	0.00778	0.01703
7	0.02143	0.01893	0.02573	0.02268	0.02443	0.02337	0.01794	0.02426	0.01862	0.02791	0.02390	0.03964	0.02395	0.13769	0.17350	0.00942	0.26272	0.01160	0.00595	0.08633
8	0.04146	0.03121	0.03336	0.02620	0.03502	0.03478	0.02144	0.40467	0.13443	0.06886	0.03142	0.03071	0.02261	0.01429	0.01167	0.00357	0.01215	0.01095	0.01167	0.01953
9	0.02533	0.01953	0.03155	0.02578	0.03176	0.01856	0.13371	0.07831	0.02915	0.09436	0.05540	0.24432	0.11477	0.02340	0.01367	0.00413	0.01101	0.02176	0.01003	0.01348
10	0.53678	0.02210	0.02175	0.01838	0.02549	0.02465	0.05589	0.03306	0.02203	0.05014	0.07436	0.02794	0.02432	0.01221	0.00856	0.00364	0.00959	0.00870	0.00772	0.01270
11	0.36226	0.07843	0.08724	0.02258	0.03164	0.07434	0.05788	0.03844	0.02403	0.09798	0.02085	0.02310	0.01550	0.01118	0.00903	0.00349	0.01233	0.00791	0.00733	0.01447
12	0.57949	0.02400	0.01975	0.01701	0.02452	0.02758	0.01402	0.10073	0.02500	0.05533	0.01795	0.02024	0.01367	0.01127	0.00786	0.00358	0.00956	0.00692	0.00786	0.01367
13	0.01646	0.01189	0.01555	0.01463	0.01738	0.01097	0.01097	0.02195	0.03292	0.04664	0.51257	0.08688	0.10974	0.02378	0.01372	0.00366	0.00549	0.02103	0.01280	0.01097
14	0.01545	0.01111	0.01464	0.01532	0.01715	0.01030	0.01090	0.01941	0.02823	0.03918	0.31512	0.30561	0.09529	0.02935	0.01421	0.00413	0.00604	0.02633	0.01192	0.01030
15	0.01561	0.01123	0.01478	0.01521	0.01719	0.01041	0.01091	0.01981	0.02896	0.04033	0.34568	0.27176	0.09753	0.02849	0.01414	0.00405	0.00596	0.02551	0.01206	0.01041
16	0.02615	0.02869	0.06118	0.04490	0.05531	0.02702	0.40814	0.03529	0.02735	0.03689	0.02921	0.04627	0.02500	0.01314	0.01407	0.00414	0.01828	0.07742	0.00660	0.01494
17	0.01646	0.01189	0.01555	0.01463	0.01738	0.01097	0.01097	0.02195	0.03292	0.04664	0.51257	0.08688	0.10974	0.02378	0.01372	0.00366	0.00549	0.02103	0.01280	0.01097
18	0.03387	0.02626	0.02781	0.02340	0.03057	0.02959	0.01865	0.21518	0.27814	0.05733	0.03898	0.03757	0.02895	0.01485	0.01134	0.00364	0.01013	0.01188	0.08379	0.01808
19	0.67341	0.02249	0.01709	0.01529	0.02249	0.02609	0.01260	0.03419	0.01979	0.05218	0.01619	0.01889	0.01260	0.01080	0.00720	0.00360	0.00900	0.00630	0.00720	0.01260
20	0.03406	0.02087	0.02423	0.02078	0.02756	0.02165	0.01643	0.05236	0.25926	0.20436	0.09675	0.05232	0.08285	0.01729	0.01214	0.00380	0.00879	0.01442	0.01268	0.01740
21	0.01664	0.01218	0.01615	0.01843	0.02071	0.01169	0.01491	0.02065	0.02540	0.03279	0.07072	0.26216	0.13662	0.03300	0.01536	0.00495	0.00882	0.25785	0.01075	0.01020
22	0.02665	0.02768	0.04536	0.14101	0.18426	0.07241	0.16179	0.03401	0.02774	0.03671	0.09505	0.03792	0.03098	0.01257	0.01243	0.00366	0.01526	0.01269	0.00676	0.01505
23	0.12083	0.02078	0.02811	0.17450	0.09459	0.02387	0.02235	0.07951	0.02600	0.03888	0.03180	0.17195	0.03186	0.01887	0.01415	0.00407	0.06111	0.01565	0.00774	0.01336
24	0.12287	0.02618	0.04504	0.10176	0.13366	0.02564	0.19188	0.03419	0.02504	0.03886	0.02128	0.02768	0.01671	0.01005	0.01118	0.00338	0.01450	0.01037	0.00616	0.13359

[dist]
# distance from previous block
# <min> <max>
0	9

[block]
# block no. 3 follows, 10 sequences, length 36
# corresponding to MSA columns:
# 203-217,220-240
name=unknown_D
#
# <colnr> <probs for GDERKNQSTAVLIFYWHMCP>
#	G	D	E	R	K	N	Q	S	T	A	V	L	I	F	Y	W	H	M	C	P
0	0.33246	0.09836	0.03056	0.02575	0.07744	0.13188	0.01888	0.09124	0.02777	0.04575	0.01854	0.02137	0.01480	0.01127	0.00885	0.00332	0.01271	0.00744	0.00710	0.01451
1	0.01919	0.01993	0.08025	0.01758	0.02361	0.01403	0.01518	0.02449	0.02626	0.03809	0.20461	0.12220	0.06049	0.08625	0.01746	0.00415	0.00862	0.01660	0.00927	0.19174
2	0.03405	0.24028	0.04637	0.10069	0.17153	0.03200	0.02517	0.03932	0.02653	0.14216	0.02494	0.02765	0.01906	0.01126	0.01004	0.00317	0.01263	0.00909	0.00732	0.01674
3	0.02193	0.01945	0.03190	0.49481	0.07185	0.02398	0.02930	0.02939	0.02340	0.03141	0.02281	0.03254	0.01728	0.01187	0.01119	0.00373	0.01425	0.01040	0.08584	0.01266
4	0.03362	0.03096	0.03515	0.04092	0.21496	0.13846	0.02439	0.03888	0.02810	0.09550	0.02360	0.02706	0.01859	0.01073	0.01050	0.00289	0.01349	0.00892	0.00718	0.19607
5	0.01691	0.01128	0.01268	0.01268	0.01268	0.01128	0.00705	0.01691	0.01691	0.02255	0.03665	0.07611	0.04228	0.59126	0.05920	0.01128	0.01128	0.01691	0.00705	0.00705
6	0.01953	0.01511	0.01819	0.01686	0.02054	0.01539	0.01280	0.03175	0.14728	0.04713	0.39810	0.07618	0.09147	0.02181	0.01325	0.00373	0.00640	0.01909	0.01256	0.01280
7	0.02745	0.03137	0.06863	0.04902	0.06078	0.02941	0.47647	0.03725	0.02745	0.03725	0.02353	0.03137	0.01765	0.00980	0.01373	0.00392	0.01961	0.01373	0.00588	0.01569
8	0.03243	0.02408	0.02654	0.02262	0.02941	0.02653	0.01791	0.14827	0.28108	0.09733	0.11835	0.04665	0.04342	0.01654	0.01208	0.00377	0.00947	0.01370	0.01218	0.01763
9	0.01691	0.01128	0.01268	0.01268	0.01268	0.01128	0.00705	0.01691	0.01691	0.02255	0.03665	0.07611	0.04228	0.59126	0.05920	0.01128	0.01128	0.01691	0.00705	0.00705
10	0.01649	0.01128	0.01343	0.01354	0.01425	0.01099	0.00838	0.01798	0.02119	0.02888	0.14837	0.13819	0.06173	0.39671	0.04362	0.00877	0.00942	0.01975	0.00880	0.00822
11	0.01417	0.01012	0.01350	0.01619	0.01687	0.00945	0.01080	0.01619	0.02227	0.02969	0.06410	0.58367	0.07692	0.03644	0.01484	0.00472	0.00675	0.03306	0.01080	0.00945
12	0.05218	0.01979	0.02699	0.02069	0.02969	0.01709	0.01709	0.05668	0.03329	0.52677	0.04588	0.03959	0.02879	0.01439	0.01170	0.00360	0.00990	0.01170	0.01439	0.01979
13	0.02321	0.01933	0.02229	0.01814	0.02542	0.01765	0.01417	0.03548	0.14648	0.04305	0.16385	0.04640	0.04751	0.01463	0.01084	0.00282	0.00790	0.01240	0.00978	0.31864
14	0.02745	0.03137	0.06863	0.04902	0.06078	0.02941	0.47647	0.03725	0.02745	0.03725	0.02353	0.03137	0.01765	0.00980	0.01373	0.00392	0.01961	0.01373	0.00588	0.01569
15	0.02429	0.12688	0.47272	0.03151	0.04780	0.02937	0.04011	0.03658	0.02444	0.03566	0.02029	0.02382	0.01476	0.01091	0.01060	0.00353	0.01660	0.00830	0.00492	0.01691
16	0.11075	0.03322	0.04035	0.05529	0.35030	0.14292	0.02992	0.03791	0.02711	0.03760	0.02031	0.02583	0.01694	0.01078	0.01076	0.00337	0.01483	0.00922	0.00599	0.01661
17	0.67341	0.02249	0.01709	0.01529	0.02249	0.02609	0.01260	0.03419	0.01979	0.05218	0.01619	0.01889	0.01260	0.01080	0.00720	0.00360	0.00900	0.00630	0.00720	0.01260
18	0.01668	0.01220	0.01735	0.01735	0.01896	0.01381	0.01286	0.01991	0.01829	0.02601	0.03238	0.05249	0.03203	0.19982	0.43661	0.01703	0.02671	0.01346	0.00641	0.00964
19	0.01675	0.01193	0.01601	0.01601	0.01716	0.01308	0.01119	0.01905	0.01790	0.02501	0.03360	0.05927	0.03497	0.31221	0.32825	0.01538	0.02228	0.01445	0.00660	0.00889
20	0.01646	0.01189	0.01555	0.01463	0.01738	0.01097	0.01097	0.02195	0.03292	0.04664	0.51257	0.08688	0.10974	0.02378	0.01372	0.00366	0.00549	0.02103	0.01280	0.01097
21	0.01417	0.01012	0.01350	0.01619	0.01687	0.00945	0.01080	0.01619	0.02227	0.02969	0.06410	0.58367	0.07692	0.03644	0.01484	0.00472	0.00675	0.03306	0.01080	0.00945
22	0.04345	0.05543	0.03296	0.02996	0.03596	0.54457	0.02247	0.04644	0.03296	0.02846	0.01798	0.02097	0.01498	0.01199	0.01049	0.00300	0.02097	0.00749	0.00599	0.01348
23	0.03109	0.59826	0.06095	0.01990	0.02985	0.04602	0.01990	0.03483	0.02363	0.02736	0.01617	0.01866	0.01493	0.00995	0.00746	0.00249	0.01244	0.00622	0.00498	0.01493
24	0.01528	0.01220	0.01392	0.01450	0.01800	0.01084	0.01156	0.01909	0.02721	0.03378	0.14266	0.11433	0.36077	0.02957	0.01433	0.00426	0.00707	0.12951	0.01098	0.01016
25	0.01543	0.01104	0.01358	0.01438	0.01571	0.01036	0.00959	0.01782	0.02378	0.03195	0.16961	0.27394	0.12146	0.18654	0.02676	0.00620	0.00761	0.02480	0.01024	0.00919
26	0.02196	0.02067	0.03488	0.56331	0.08010	0.02584	0.03230	0.02972	0.02326	0.02972	0.02067	0.03101	0.01550	0.01163	0.01163	0.00388	0.01550	0.01034	0.00517	0.01292
27	0.01594	0.01195	0.01522	0.01510	0.01727	0.01218	0.01099	0.01902	0.02204	0.02956	0.11401	0.07434	0.16481	0.17682	0.23664	0.01144	0.01715	0.01757	0.00838	0.00957
28	0.01887	0.01341	0.01619	0.01642	0.01825	0.01340	0.01127	0.07458	0.02623	0.03536	0.10741	0.32559	0.06507	0.17260	0.02554	0.00610	0.00849	0.02470	0.01020	0.01031
29	0.02653	0.22020	0.03684	0.01815	0.02835	0.02605	0.01590	0.03120	0.02395	0.03426	0.01912	0.02223	0.01643	0.00908	0.00822	0.00199	0.00993	0.00666	0.00623	0.43871
30	0.03278	0.02129	0.03255	0.03297	0.13923	0.01906	0.06482	0.03811	0.02805	0.19512	0.04254	0.08337	0.07577	0.01526	0.01177	0.00339	0.01086	0.01371	0.00967	0.12969
31	0.08517	0.03131	0.21045	0.02236	0.03099	0.01878	0.02398	0.02900	0.02784	0.04232	0.23266	0.06094	0.05992	0.01850	0.01229	0.00383	0.01077	0.05638	0.00906	0.01345
32	0.02640	0.09047	0.08037	0.01924	0.02819	0.01934	0.01736	0.03192	0.02613	0.09741	0.08769	0.08923	0.03541	0.01439	0.01037	0.00279	0.00956	0.01194	0.00850	0.29330
33	0.09029	0.01999	0.02245	0.01822	0.02582	0.01872	0.01440	0.03771	0.12933	0.08443	0.12500	0.04145	0.03993	0.01386	0.01044	0.00293	0.00827	0.01138	0.00979	0.27559
34	0.03891	0.02366	0.02794	0.10990	0.03757	0.07273	0.02030	0.09462	0.03346	0.25049	0.08089	0.04833	0.03533	0.01626	0.01217	0.00375	0.01194	0.05420	0.01122	0.01634
35	0.16814	0.11251	0.02737	0.06648	0.02924	0.02258	0.01555	0.02909	0.02390	0.03890	0.08429	0.08660	0.03312	0.01426	0.00964	0.00300	0.00937	0.01134	0.00762	0.20698

[dist]
# distance from previous block
# <min> <max>
51	147

[block]
# block no. 4 follows, 10 sequences, length 13
# corresponding to MSA columns:
# 421-433
name=unknown_E
#
# <colnr> <probs for GDERKNQSTAVLIFYWHMCP>
#	G	D	E	R	K	N	Q	S	T	A	V	L	I	F	Y	W	H	M	C	P
0	0.09034	0.02453	0.07079	0.02161	0.02994	0.02117	0.01907	0.07677	0.03013	0.23232	0.07960	0.03648	0.03043	0.01434	0.01349	0.00344	0.06355	0.01089	0.01047	0.12062
1	0.02937	0.02726	0.11225	0.02649	0.07760	0.02057	0.02184	0.04094	0.11117	0.13352	0.10873	0.04097	0.03708	0.01397	0.01127	0.00328	0.01042	0.01178	0.00968	0.15179
2	0.02821	0.01991	0.02607	0.02423	0.08832	0.01654	0.01664	0.03354	0.02749	0.12310	0.10896	0.03805	0.03512	0.01241	0.01038	0.00259	0.00896	0.01056	0.00904	0.35991
3	0.03390	0.12637	0.09805	0.07100	0.03759	0.02804	0.02258	0.11817	0.06809	0.12871	0.02775	0.02877	0.02029	0.01194	0.01032	0.00311	0.01197	0.00927	0.00871	0.13536
4	0.03473	0.12882	0.08188	0.02191	0.03236	0.02671	0.02005	0.13302	0.03233	0.13291	0.02607	0.02684	0.01925	0.01129	0.00986	0.00277	0.01124	0.00858	0.00876	0.23063
5	0.26535	0.03249	0.08933	0.02218	0.03160	0.07209	0.02001	0.15306	0.03149	0.05149	0.02077	0.02302	0.01572	0.01142	0.00937	0.00323	0.01202	0.00789	0.00793	0.11954
6	0.11455	0.02623	0.07931	0.03344	0.11758	0.02217	0.09493	0.03983	0.02793	0.17575	0.07475	0.03573	0.02873	0.01264	0.01131	0.00349	0.01213	0.01134	0.00904	0.06909
7	0.03073	0.03257	0.02714	0.02159	0.03043	0.19657	0.01676	0.03516	0.02714	0.03467	0.01975	0.02304	0.01646	0.00977	0.00925	0.00216	0.01284	0.00710	0.00658	0.44030
8	0.01845	0.01461	0.01984	0.11046	0.03020	0.01552	0.01627	0.02663	0.08593	0.03722	0.17634	0.24057	0.06914	0.02572	0.01373	0.00425	0.00861	0.06430	0.01051	0.01171
9	0.03955	0.02730	0.03009	0.02446	0.03263	0.02988	0.01975	0.23909	0.22691	0.14357	0.03881	0.03613	0.02762	0.01476	0.01172	0.00369	0.01086	0.01175	0.01220	0.01924
10	0.02004	0.11532	0.02530	0.01805	0.02101	0.01902	0.01441	0.02189	0.01871	0.02542	0.02586	0.03842	0.02443	0.06226	0.32939	0.17131	0.02276	0.01079	0.00572	0.00990
11	0.16186	0.02027	0.02524	0.01974	0.02842	0.01868	0.01630	0.05271	0.03091	0.44297	0.04064	0.03593	0.02593	0.01376	0.01090	0.00360	0.00974	0.01074	0.01312	0.01852
12	0.03070	0.03868	0.24556	0.02974	0.04146	0.02433	0.07516	0.09426	0.03058	0.12764	0.03338	0.04649	0.02704	0.01548	0.01236	0.00395	0.01448	0.08347	0.00852	0.01672

[dist]
# distance from previous block
# <min> <max>
0	7

[block]
# block no. 5 follows, 10 sequences, length 8
# corresponding to MSA columns:
# 441-448
name=unknown_F
#
# <colnr> <probs for GDERKNQSTAVLIFYWHMCP>
#	G	D	E	R	K	N	Q	S	T	A	V	L	I	F	Y	W	H	M	C	P
0	0.20767	0.02224	0.02513	0.02020	0.02851	0.02245	0.01656	0.09141	0.08155	0.31157	0.03676	0.03361	0.02452	0.01358	0.01056	0.00363	0.00987	0.01036	0.01202	0.01780
1	0.03443	0.02151	0.02545	0.02057	0.02819	0.02072	0.01636	0.12924	0.09280	0.17452	0.06999	0.10403	0.03652	0.01652	0.01154	0.00335	0.00943	0.01380	0.01131	0.15972
2	0.03768	0.09740	0.03158	0.02118	0.03014	0.02519	0.01761	0.10073	0.12617	0.20394	0.03464	0.03285	0.02473	0.01279	0.01050	0.00310	0.01016	0.01008	0.01069	0.15883
3	0.12288	0.02266	0.02609	0.02047	0.02924	0.02194	0.01667	0.10481	0.09113	0.24673	0.03478	0.03274	0.02402	0.01288	0.01050	0.00325	0.00982	0.01005	0.01127	0.14806
4	0.10670	0.02401	0.03315	0.02758	0.07022	0.02257	0.07594	0.10028	0.03146	0.21272	0.03030	0.03067	0.02120	0.01183	0.01079	0.00321	0.01143	0.01008	0.00993	0.15592
5	0.03934	0.02416	0.03182	0.09859	0.09649	0.02502	0.02238	0.18556	0.03716	0.20909	0.03550	0.08319	0.02727	0.01542	0.01193	0.00368	0.01176	0.01291	0.01092	0.01779
6	0.03028	0.02201	0.02582	0.01885	0.02888	0.01823	0.01524	0.08807	0.02907	0.10681	0.02489	0.02663	0.01907	0.01003	0.00939	0.00219	0.00930	0.00796	0.00846	0.49882
7	0.03466	0.09576	0.03210	0.02726	0.09242	0.02431	0.01931	0.08288	0.10115	0.18552	0.07504	0.10719	0.03800	0.01695	0.01169	0.00362	0.01017	0.01432	0.01083	0.01680

[dist]
# distance from previous block
# <min> <max>
23	77

[block]
# block no. 6 follows, 10 sequences, length 19
# corresponding to MSA columns:
# 531-549
name=unknown_G
#
# <colnr> <probs for GDERKNQSTAVLIFYWHMCP>
#	G	D	E	R	K	N	Q	S	T	A	V	L	I	F	Y	W	H	M	C	P
0	0.09098	0.02412	0.07829	0.02055	0.02837	0.02046	0.01826	0.09053	0.07962	0.19117	0.13760	0.05106	0.08538	0.01702	0.01181	0.00367	0.00963	0.01389	0.01150	0.01607
1	0.21168	0.07005	0.02725	0.02296	0.07915	0.02215	0.01646	0.03430	0.02507	0.09896	0.07161	0.03080	0.02651	0.01174	0.00930	0.00292	0.00945	0.00903	0.00816	0.21245
2	0.10827	0.02441	0.02474	0.02112	0.02784	0.08934	0.01704	0.09004	0.03133	0.17171	0.07288	0.04642	0.03381	0.02238	0.05963	0.00490	0.01315	0.05757	0.01019	0.07323
3	0.08436	0.03250	0.11348	0.02446	0.03356	0.07123	0.02264	0.12755	0.08367	0.09501	0.03244	0.04218	0.02651	0.01507	0.01134	0.00359	0.01253	0.06684	0.00924	0.09179
4	0.03289	0.12838	0.14722	0.02642	0.03565	0.07753	0.02544	0.08174	0.13080	0.09484	0.02843	0.02946	0.02138	0.01363	0.01367	0.00361	0.07415	0.00979	0.00819	0.01678
5	0.10354	0.19154	0.04745	0.03688	0.14111	0.07458	0.10104	0.03989	0.08839	0.03712	0.02298	0.02655	0.01864	0.01105	0.01022	0.00331	0.01383	0.00944	0.00655	0.01590
6	0.02654	0.02226	0.02681	0.08219	0.03482	0.01945	0.01705	0.08939	0.02809	0.04166	0.02164	0.02543	0.01737	0.00968	0.00937	0.00221	0.00997	0.00777	0.00732	0.50098
7	0.33166	0.02538	0.01933	0.01768	0.02326	0.12206	0.01379	0.03203	0.02615	0.04434	0.14605	0.04419	0.08195	0.01586	0.01001	0.00353	0.01020	0.01175	0.00865	0.01212
8	0.02725	0.01720	0.02112	0.01829	0.02251	0.01813	0.01414	0.03409	0.07492	0.11951	0.03453	0.04376	0.02888	0.11628	0.06983	0.00605	0.08547	0.01185	0.14947	0.08670
9	0.42601	0.02508	0.02326	0.01916	0.02715	0.02796	0.01580	0.16388	0.03122	0.11000	0.02278	0.02373	0.01641	0.01209	0.00895	0.00357	0.01018	0.00808	0.00925	0.01543
10	0.01504	0.01183	0.01358	0.01314	0.01650	0.01037	0.00986	0.01920	0.02957	0.03869	0.30629	0.09997	0.32099	0.02674	0.01373	0.00380	0.00570	0.02287	0.01176	0.01037
11	0.01684	0.01158	0.01422	0.01422	0.01475	0.01211	0.00896	0.01790	0.01737	0.02368	0.03525	0.06836	0.03892	0.46281	0.18305	0.01317	0.01634	0.01578	0.00684	0.00790
12	0.01496	0.01183	0.01346	0.01305	0.01645	0.01033	0.00979	0.01904	0.02937	0.03821	0.29398	0.10075	0.33360	0.02692	0.01373	0.00381	0.00571	0.02298	0.01169	0.01033
13	0.02484	0.02491	0.04616	0.32534	0.17050	0.02714	0.14623	0.03294	0.02503	0.03344	0.02166	0.03062	0.01668	0.01089	0.01214	0.00380	0.01618	0.01121	0.00548	0.01482
14	0.30929	0.17529	0.03309	0.02122	0.02870	0.20027	0.01762	0.03835	0.02504	0.03832	0.01677	0.01951	0.01395	0.01098	0.00834	0.00313	0.01376	0.00667	0.00626	0.01346
15	0.01417	0.01171	0.01190	0.01190	0.01531	0.01001	0.00860	0.01672	0.02523	0.03024	0.10700	0.10716	0.45113	0.10432	0.01980	0.00491	0.00661	0.02353	0.01030	0.00945
16	0.02255	0.01863	0.02163	0.01624	0.02433	0.01459	0.01232	0.02660	0.02255	0.03456	0.02414	0.03542	0.02267	0.13523	0.01961	0.00380	0.00919	0.00907	0.00692	0.51995
17	0.02835	0.02391	0.04406	0.03245	0.04187	0.02146	0.24335	0.03522	0.02787	0.12025	0.04754	0.04947	0.12738	0.01473	0.01280	0.00362	0.01371	0.01495	0.00853	0.08848
18	0.03377	0.10951	0.14193	0.02477	0.03494	0.02989	0.02405	0.16933	0.11081	0.10315	0.03764	0.03692	0.06360	0.01445	0.01117	0.00352	0.01221	0.01126	0.00956	0.01750

[dist]
# distance from previous block
# <min> <max>
4	8

[block]
# block no. 7 follows, 10 sequences, length 19
# corresponding to MSA columns:
# 558-572,574-577
name=unknown_H
#
# <colnr> <probs for GDERKNQSTAVLIFYWHMCP>
#	G	D	E	R	K	N	Q	S	T	A	V	L	I	F	Y	W	H	M	C	P
0	0.02649	0.12128	0.04173	0.02840	0.03550	0.02647	0.15097	0.11087	0.02998	0.03953	0.03734	0.22268	0.03841	0.01995	0.01266	0.00388	0.01261	0.01864	0.00851	0.01412
1	0.01409	0.01043	0.01318	0.01538	0.01666	0.00952	0.01044	0.01629	0.02305	0.03001	0.07398	0.49689	0.15732	0.03515	0.01464	0.00458	0.00659	0.03150	0.01080	0.00952
2	0.02444	0.03177	0.20161	0.02380	0.03285	0.01972	0.02510	0.07004	0.03018	0.08108	0.13922	0.06620	0.08751	0.01969	0.01287	0.00399	0.01166	0.09430	0.00946	0.01452
3	0.08686	0.07902	0.12623	0.06962	0.03876	0.02459	0.06386	0.04215	0.07342	0.17547	0.03850	0.03852	0.06500	0.01390	0.01120	0.00363	0.01232	0.01153	0.00909	0.01632
4	0.03316	0.03946	0.25286	0.03518	0.12276	0.02444	0.03184	0.04482	0.07369	0.17988	0.03087	0.03147	0.02146	0.01236	0.01139	0.00365	0.01372	0.01024	0.00848	0.01827
5	0.01611	0.01094	0.01292	0.01371	0.01391	0.01074	0.00815	0.01670	0.01848	0.02464	0.04470	0.22493	0.05244	0.42859	0.04619	0.00935	0.00995	0.02165	0.00815	0.00775
6	0.04278	0.03307	0.07640	0.02570	0.03502	0.07915	0.02229	0.24007	0.09074	0.18465	0.03318	0.03170	0.02293	0.01381	0.01151	0.00354	0.01284	0.01062	0.01124	0.01879
7	0.03077	0.02814	0.05272	0.05807	0.30387	0.02716	0.19099	0.03846	0.02754	0.08918	0.02499	0.03085	0.01924	0.01059	0.01232	0.00364	0.01547	0.01170	0.00671	0.01759
8	0.01625	0.01171	0.01424	0.01424	0.01556	0.01194	0.00952	0.01798	0.01919	0.02546	0.05000	0.07399	0.12527	0.34359	0.18999	0.01205	0.01598	0.01704	0.00750	0.00851
9	0.67341	0.02249	0.01709	0.01529	0.02249	0.02609	0.01260	0.03419	0.01979	0.05218	0.01619	0.01889	0.01260	0.01080	0.00720	0.00360	0.00900	0.00630	0.00720	0.01260
10	0.07751	0.02078	0.02526	0.12072	0.03629	0.02065	0.01787	0.07108	0.07439	0.04317	0.10787	0.03797	0.03440	0.01313	0.01052	0.00298	0.00983	0.01084	0.00851	0.25624
11	0.01518	0.01102	0.01333	0.01423	0.01568	0.01024	0.00952	0.01745	0.02352	0.03111	0.14389	0.28331	0.15418	0.17339	0.02567	0.00605	0.00752	0.02535	0.01019	0.00917
12	0.19048	0.01828	0.02334	0.17707	0.03924	0.02001	0.01873	0.03267	0.02490	0.12832	0.07550	0.13474	0.03668	0.01750	0.01129	0.00389	0.01035	0.01463	0.00907	0.01330
13	0.20193	0.02300	0.02357	0.01872	0.02743	0.02263	0.01504	0.07596	0.11274	0.04682	0.02500	0.02659	0.01956	0.01099	0.00909	0.00279	0.00919	0.00819	0.00830	0.31246
14	0.37164	0.02808	0.02153	0.01912	0.02543	0.12944	0.01510	0.07198	0.02782	0.04812	0.10885	0.03258	0.03155	0.01369	0.00944	0.00348	0.01110	0.00960	0.00836	0.01308
15	0.38397	0.02159	0.02065	0.01836	0.02531	0.02382	0.01504	0.04213	0.11070	0.13116	0.03148	0.03800	0.02493	0.01443	0.00969	0.00384	0.00936	0.05121	0.00963	0.01471
16	0.01893	0.01648	0.02520	0.02699	0.10712	0.01534	0.06045	0.02441	0.02958	0.04020	0.27559	0.07811	0.19231	0.02161	0.01335	0.00372	0.00841	0.01942	0.01038	0.01241
17	0.20233	0.02902	0.02655	0.12506	0.08746	0.15436	0.02044	0.03334	0.02573	0.03665	0.03717	0.04017	0.10858	0.01471	0.01053	0.00354	0.01315	0.01120	0.00704	0.01297
18	0.01735	0.01375	0.01591	0.01598	0.01914	0.01352	0.01171	0.02617	0.11356	0.03793	0.18900	0.23130	0.19552	0.02755	0.01371	0.00410	0.00665	0.02406	0.01150	0.01158

[dist]
# distance from previous block
# <min> <max>
0	1

[block]
# block no. 8 follows, 10 sequences, length 7
# corresponding to MSA columns:
# 579-585
name=unknown_I
#
# <colnr> <probs for GDERKNQSTAVLIFYWHMCP>
#	G	D	E	R	K	N	Q	S	T	A	V	L	I	F	Y	W	H	M	C	P
0	0.02064	0.01819	0.02686	0.02880	0.10598	0.01795	0.06405	0.02997	0.10204	0.03817	0.13921	0.17693	0.13825	0.02261	0.01330	0.00398	0.00926	0.02050	0.00998	0.01334
1	0.02872	0.03120	0.04610	0.22608	0.16235	0.11962	0.14822	0.03598	0.02679	0.03327	0.02121	0.02883	0.01661	0.01094	0.01195	0.00364	0.01719	0.01073	0.00563	0.01494
2	0.03423	0.02766	0.04166	0.09314	0.12005	0.03037	0.10010	0.16180	0.03349	0.09971	0.02523	0.02981	0.01897	0.01365	0.01669	0.00389	0.11334	0.01106	0.00822	0.01692
3	0.19591	0.02192	0.02266	0.01787	0.02671	0.02068	0.01429	0.03637	0.10739	0.04358	0.02425	0.02618	0.01926	0.01047	0.00881	0.00261	0.00882	0.00785	0.00785	0.37653
4	0.02495	0.11719	0.04185	0.36715	0.16704	0.02955	0.03100	0.03185	0.02402	0.03113	0.02019	0.02849	0.01604	0.01108	0.01092	0.00356	0.01463	0.00966	0.00526	0.01444
5	0.02580	0.16717	0.02899	0.01773	0.02235	0.02156	0.01423	0.02870	0.02285	0.10910	0.03776	0.15973	0.03803	0.13307	0.11475	0.00760	0.01391	0.01595	0.00838	0.01233
6	0.26749	0.03517	0.02805	0.02355	0.03122	0.16984	0.01883	0.20455	0.03642	0.05369	0.02107	0.02284	0.01593	0.01230	0.00975	0.00340	0.01366	0.00818	0.00854	0.01553

[dist]
# distance from previous block
# <min> <max>
1	10

[block]
# block no. 9 follows, 10 sequences, length 17
# corresponding to MSA columns:
# 596-612
name=unknown_J
#
# <colnr> <probs for GDERKNQSTAVLIFYWHMCP>
#	G	D	E	R	K	N	Q	S	T	A	V	L	I	F	Y	W	H	M	C	P
0	0.05218	0.01979	0.02699	0.02069	0.02969	0.01709	0.01709	0.05668	0.03329	0.52677	0.04588	0.03959	0.02879	0.01439	0.01170	0.00360	0.00990	0.01170	0.01439	0.01979
1	0.01792	0.01348	0.01754	0.01688	0.01753	0.01545	0.01178	0.01956	0.01759	0.02465	0.03215	0.06001	0.03464	0.35925	0.20888	0.01280	0.08987	0.01464	0.00654	0.00883
2	0.01499	0.01183	0.01351	0.01309	0.01648	0.01035	0.00982	0.01911	0.02946	0.03842	0.29929	0.10041	0.32816	0.02684	0.01373	0.00380	0.00571	0.02293	0.01172	0.01035
3	0.02599	0.28457	0.04479	0.02717	0.09083	0.03111	0.06278	0.02956	0.02227	0.02820	0.02405	0.03924	0.02423	0.19229	0.02483	0.00551	0.01296	0.01085	0.00582	0.01298
4	0.01678	0.01180	0.01535	0.01535	0.01627	0.01272	0.01037	0.01862	0.01770	0.02452	0.03421	0.06263	0.03643	0.36791	0.27455	0.01456	0.02008	0.01494	0.00669	0.00853
5	0.02581	0.07600	0.27033	0.03091	0.09038	0.02333	0.03028	0.03475	0.02664	0.09123	0.09682	0.08720	0.03590	0.01543	0.01167	0.00366	0.01308	0.01301	0.00772	0.01587
6	0.02988	0.22068	0.21083	0.03599	0.13927	0.03446	0.03117	0.09845	0.02891	0.03921	0.02058	0.02403	0.01627	0.01097	0.01009	0.00323	0.01436	0.00847	0.00606	0.01709
7	0.03525	0.03270	0.18424	0.02363	0.03557	0.01976	0.02428	0.04276	0.02797	0.23588	0.03096	0.03053	0.02114	0.01172	0.01063	0.00310	0.01182	0.00937	0.00931	0.19937
8	0.03800	0.10856	0.08592	0.03297	0.13194	0.02723	0.02436	0.07936	0.09142	0.21310	0.03320	0.03259	0.02354	0.01276	0.01101	0.00346	0.01190	0.01044	0.00984	0.01839
9	0.04279	0.02700	0.03084	0.02342	0.03283	0.02728	0.01927	0.28526	0.04346	0.18969	0.03149	0.03040	0.02176	0.01313	0.01111	0.00321	0.01127	0.01017	0.01154	0.13408
10	0.03461	0.02046	0.02867	0.19136	0.04476	0.02158	0.02233	0.10113	0.03229	0.20767	0.07202	0.05062	0.03428	0.01646	0.01238	0.00390	0.01184	0.06732	0.01052	0.01581
11	0.03270	0.16065	0.11763	0.03477	0.04591	0.07904	0.21259	0.04026	0.02757	0.10324	0.02420	0.02788	0.01799	0.01085	0.01141	0.00344	0.01647	0.01054	0.00677	0.01609
12	0.04627	0.01973	0.02609	0.02109	0.02919	0.01803	0.01740	0.05399	0.08399	0.42478	0.04761	0.04915	0.03334	0.01632	0.01215	0.00381	0.00990	0.05466	0.01374	0.01873
13	0.04000	0.01694	0.02245	0.01864	0.02544	0.01471	0.01481	0.04384	0.03037	0.36849	0.05927	0.14657	0.10578	0.02044	0.01255	0.00385	0.00877	0.01731	0.01325	0.01655
14	0.01571	0.01243	0.01767	0.12684	0.02959	0.01281	0.01497	0.01899	0.02288	0.02986	0.06056	0.42511	0.10740	0.03071	0.01408	0.00447	0.00844	0.02761	0.00965	0.01019
15	0.02759	0.10413	0.25850	0.13005	0.11203	0.03025	0.03465	0.09769	0.02872	0.03982	0.02144	0.02608	0.01608	0.01135	0.01090	0.00353	0.01531	0.00914	0.00602	0.01671
16	0.04282	0.08543	0.04103	0.02851	0.03791	0.08309	0.11915	0.09560	0.03336	0.26477	0.03296	0.03236	0.02245	0.01263	0.01158	0.00348	0.01382	0.01099	0.01036	0.01771

[dist]
# distance from previous block
# <min> <max>
0	4

[block]
# block no. 10 follows, 10 sequences, length 18
# corresponding to MSA columns:
# 617-634
name=unknown_K
#
# <colnr> <probs for GDERKNQSTAVLIFYWHMCP>
#	G	D	E	R	K	N	Q	S	T	A	V	L	I	F	Y	W	H	M	C	P
0	0.20691	0.02754	0.09178	0.18609	0.04579	0.02695	0.02417	0.04109	0.15846	0.04237	0.02709	0.03032	0.02032	0.01251	0.01037	0.00379	0.01209	0.00978	0.00762	0.01496
1	0.01546	0.01142	0.01463	0.01598	0.01808	0.01058	0.01191	0.01908	0.02639	0.03501	0.18175	0.30070	0.15909	0.03139	0.01460	0.00444	0.00700	0.10112	0.01127	0.01011
2	0.02457	0.04087	0.30983	0.02617	0.03838	0.02104	0.03003	0.03415	0.02626	0.08665	0.09113	0.08580	0.03449	0.01511	0.01154	0.00355	0.01303	0.01259	0.00765	0.08714
3	0.01819	0.08556	0.11851	0.01910	0.02521	0.01743	0.01829	0.02327	0.02467	0.03192	0.06672	0.21743	0.19140	0.02599	0.01310	0.00410	0.00957	0.06872	0.00901	0.01180
4	0.17896	0.14843	0.13126	0.02462	0.03346	0.03397	0.02405	0.12417	0.02821	0.04431	0.01930	0.02290	0.01540	0.01298	0.01427	0.00363	0.10956	0.00824	0.00684	0.01543
5	0.47725	0.09331	0.12095	0.01924	0.02867	0.02847	0.01925	0.03477	0.02113	0.04648	0.01709	0.01996	0.01326	0.01075	0.00797	0.00349	0.01096	0.00673	0.00651	0.01374
6	0.03148	0.02474	0.04096	0.16838	0.33721	0.02537	0.03165	0.03814	0.02700	0.12315	0.02589	0.03119	0.01964	0.01135	0.01157	0.00357	0.01348	0.01059	0.00717	0.01748
7	0.02882	0.01985	0.02783	0.12143	0.09916	0.01837	0.01996	0.03436	0.02722	0.14201	0.07747	0.04237	0.07079	0.01375	0.01108	0.00309	0.01028	0.01175	0.00891	0.21150
8	0.01510	0.01084	0.01433	0.01556	0.01707	0.01007	0.01087	0.01853	0.02659	0.03657	0.24608	0.38209	0.09024	0.03130	0.01439	0.00429	0.00624	0.02818	0.01161	0.01007
9	0.02768	0.07854	0.08091	0.03831	0.17849	0.02844	0.02600	0.08512	0.07763	0.04223	0.10903	0.03858	0.03516	0.01498	0.01500	0.00369	0.08409	0.01197	0.00804	0.01612
10	0.01531	0.01163	0.01410	0.01394	0.01679	0.01041	0.01028	0.01955	0.02953	0.03967	0.33073	0.15916	0.23213	0.02720	0.01387	0.00388	0.00578	0.02369	0.01192	0.01041
11	0.02306	0.02924	0.17304	0.02736	0.03559	0.01882	0.10349	0.03001	0.02498	0.08413	0.04262	0.26928	0.04361	0.02216	0.01323	0.00417	0.01235	0.02042	0.00860	0.01384
12	0.15341	0.02739	0.13116	0.09128	0.03647	0.02053	0.02260	0.02980	0.02392	0.03832	0.03665	0.05146	0.07394	0.01615	0.01105	0.00366	0.01152	0.08473	0.00736	0.12859
13	0.02694	0.02152	0.03468	0.04826	0.30354	0.02106	0.02630	0.03268	0.02736	0.08655	0.08760	0.11772	0.04162	0.01764	0.01263	0.00383	0.01130	0.05439	0.00851	0.01586
14	0.02079	0.01868	0.03054	0.31197	0.13719	0.02118	0.02637	0.02666	0.02352	0.03115	0.03404	0.19811	0.03463	0.01893	0.01258	0.00406	0.01256	0.01723	0.00698	0.01282
15	0.03543	0.02477	0.08247	0.02043	0.03100	0.01745	0.01842	0.04127	0.02789	0.23639	0.03094	0.03045	0.02164	0.01124	0.01014	0.00271	0.01010	0.00903	0.00972	0.32853
16	0.09949	0.03955	0.24771	0.02910	0.04048	0.02595	0.07542	0.11064	0.02955	0.04413	0.02931	0.08441	0.02584	0.01553	0.01178	0.00391	0.01424	0.04977	0.00748	0.01570
17	0.09573	0.01617	0.01745	0.01558	0.02002	0.01589	0.01137	0.02981	0.08486	0.07836	0.09070	0.06420	0.12407	0.19190	0.02583	0.00584	0.00890	0.01546	0.00948	0.07839

[dist]
# distance from previous block
# <min> <max>
16	49

[block]
# block no. 11 follows, 10 sequences, length 6
# corresponding to MSA columns:
# 692-697
name=unknown_L
#
# <colnr> <probs for GDERKNQSTAVLIFYWHMCP>
#	G	D	E	R	K	N	Q	S	T	A	V	L	I	F	Y	W	H	M	C	P
0	0.32111	0.03044	0.02408	0.02019	0.02805	0.13947	0.01606	0.08317	0.02739	0.04597	0.01884	0.02149	0.01493	0.01090	0.00872	0.00303	0.01196	0.00714	0.00733	0.15974
1	0.30111	0.03006	0.11047	0.02115	0.03102	0.02545	0.02008	0.10964	0.02852	0.11004	0.02315	0.02456	0.01672	0.01153	0.00932	0.00336	0.01109	0.00812	0.00838	0.09624
