[name]
unknown

[dist]
# distance from previous block
# <min> <max>
0	135

[block]
# block no. 0 follows, 11 sequences, length 19
# corresponding to MSA columns:
# 139-157
name=unknown_A
#
# <colnr> <probs for GDERKNQSTAVLIFYWHMCP>
#	G	D	E	R	K	N	Q	S	T	A	V	L	I	F	Y	W	H	M	C	P
0	0.02008	0.01399	0.01911	0.07741	0.02685	0.01426	0.01592	0.02683	0.06321	0.07262	0.17453	0.18692	0.06716	0.02531	0.01366	0.00426	0.00862	0.14701	0.01067	0.01160
1	0.01973	0.01475	0.01608	0.01535	0.01719	0.01585	0.01000	0.02892	0.16018	0.02912	0.03845	0.06450	0.03902	0.43414	0.04404	0.00886	0.01033	0.01531	0.00816	0.01000
2	0.02380	0.01769	0.02262	0.02035	0.02438	0.02009	0.01619	0.15787	0.02816	0.03908	0.02924	0.03925	0.02554	0.06392	0.40127	0.01384	0.02501	0.01150	0.00754	0.01268
3	0.02322	0.02243	0.03967	0.04576	0.24192	0.02267	0.12335	0.02878	0.02394	0.03348	0.03278	0.19266	0.03378	0.01802	0.01470	0.00393	0.06062	0.01705	0.00695	0.01430
4	0.02762	0.02785	0.03907	0.19343	0.23373	0.08775	0.06378	0.03845	0.10620	0.03518	0.02461	0.03010	0.01935	0.01137	0.01127	0.00352	0.01429	0.01039	0.00642	0.01563
5	0.02967	0.03400	0.02707	0.02528	0.02820	0.27428	0.01917	0.03220	0.02539	0.02778	0.02967	0.18807	0.03189	0.02038	0.01780	0.00387	0.15158	0.01503	0.00693	0.01174
6	0.21583	0.01750	0.02085	0.02203	0.07598	0.01762	0.01486	0.03280	0.02374	0.16793	0.03829	0.19518	0.03659	0.05489	0.01376	0.00424	0.00893	0.01598	0.00961	0.01338
7	0.13634	0.18470	0.07211	0.01970	0.02908	0.02868	0.01805	0.07241	0.08377	0.04011	0.02178	0.02364	0.01747	0.01046	0.00859	0.00270	0.01041	0.00753	0.00701	0.20545
8	0.03102	0.20200	0.04219	0.17816	0.11586	0.19189	0.02539	0.03589	0.02589	0.02888	0.01813	0.02332	0.01509	0.01071	0.00974	0.00305	0.01551	0.00802	0.00527	0.01399
9	0.01816	0.02459	0.16659	0.01800	0.02281	0.01531	0.01687	0.02194	0.01851	0.02582	0.03105	0.05923	0.03321	0.43282	0.04382	0.00879	0.01257	0.01404	0.00622	0.00966
10	0.01558	0.01069	0.01299	0.01375	0.01411	0.01067	0.00848	0.01648	0.01801	0.02418	0.04270	0.22248	0.04953	0.39612	0.08721	0.00968	0.01127	0.02052	0.00780	0.00776
11	0.03440	0.03089	0.03897	0.08537	0.26394	0.08633	0.02809	0.20584	0.03615	0.04782	0.02285	0.02690	0.01776	0.01157	0.01109	0.00334	0.01386	0.00977	0.00765	0.01742
12	0.03009	0.61122	0.05898	0.01926	0.02889	0.04454	0.01926	0.03370	0.02287	0.02648	0.01565	0.01805	0.01444	0.00963	0.00722	0.00241	0.01204	0.00602	0.00481	0.01444
13	0.01972	0.01755	0.02835	0.41459	0.05997	0.02085	0.02529	0.02658	0.02521	0.03349	0.16693	0.04564	0.04136	0.01465	0.01184	0.00369	0.01220	0.01299	0.00714	0.01196
14	0.02403	0.02687	0.08574	0.02610	0.03076	0.02796	0.02317	0.02836	0.01970	0.03077	0.01686	0.02416	0.01527	0.01546	0.02587	0.00384	0.35709	0.00877	0.00541	0.20382
15	0.01922	0.01367	0.01857	0.01665	0.02036	0.01305	0.01256	0.02084	0.01857	0.02719	0.02402	0.03517	0.02224	0.04877	0.24498	0.21055	0.01770	0.00981	0.00587	0.20020
16	0.01772	0.01444	0.01900	0.01859	0.01885	0.01703	0.01338	0.01919	0.01864	0.02604	0.03985	0.26378	0.04645	0.21327	0.03465	0.00671	0.17481	0.02058	0.00769	0.00931
17	0.06421	0.10644	0.10504	0.05157	0.02964	0.02058	0.01929	0.03114	0.02370	0.13047	0.03714	0.19372	0.03573	0.02614	0.06967	0.00523	0.01257	0.01578	0.00847	0.01345
18	0.03024	0.02030	0.03251	0.37558	0.09999	0.02270	0.02727	0.03676	0.02556	0.17776	0.02715	0.03223	0.01895	0.01193	0.01126	0.00364	0.01330	0.01039	0.00763	0.01485

[dist]
# distance from previous block
# <min> <max>
0	75

[block]
# block no. 1 follows, 11 sequences, length 39
# corresponding to MSA columns:
# 235-273
name=unknown_B
#
# <colnr> <probs for GDERKNQSTAVLIFYWHMCP>
#	G	D	E	R	K	N	Q	S	T	A	V	L	I	F	Y	W	H	M	C	P
0	0.02327	0.10939	0.50105	0.03089	0.04688	0.02784	0.03952	0.03546	0.02368	0.03480	0.01978	0.02323	0.01427	0.01059	0.01037	0.00346	0.01621	0.00810	0.00476	0.01643
1	0.01822	0.01170	0.01515	0.01489	0.01762	0.01063	0.01093	0.02223	0.02830	0.08471	0.30899	0.23270	0.12837	0.02627	0.01342	0.00386	0.00610	0.02325	0.01178	0.01087
2	0.68395	0.02177	0.01654	0.01480	0.02177	0.02525	0.01219	0.03309	0.01915	0.05050	0.01567	0.01828	0.01219	0.01045	0.00697	0.00348	0.00871	0.00609	0.00697	0.01219
3	0.02098	0.01049	0.01049	0.01049	0.01311	0.01049	0.00787	0.02623	0.02360	0.04196	0.03672	0.04196	0.02885	0.01311	0.00787	0.00262	0.00525	0.01049	0.66693	0.01049
4	0.68395	0.02177	0.01654	0.01480	0.02177	0.02525	0.01219	0.03309	0.01915	0.05050	0.01567	0.01828	0.01219	0.01045	0.00697	0.00348	0.00871	0.00609	0.00697	0.01219
5	0.02473	0.01345	0.01786	0.01565	0.01985	0.01213	0.01213	0.02980	0.03195	0.17165	0.40510	0.07242	0.08625	0.02070	0.01278	0.00353	0.00640	0.01805	0.01278	0.01279
6	0.68395	0.02177	0.01654	0.01480	0.02177	0.02525	0.01219	0.03309	0.01915	0.05050	0.01567	0.01828	0.01219	0.01045	0.00697	0.00348	0.00871	0.00609	0.00697	0.01219
7	0.04204	0.05364	0.03190	0.02900	0.03480	0.55926	0.02175	0.04494	0.03190	0.02755	0.01740	0.02030	0.01450	0.01160	0.01015	0.00290	0.02030	0.00725	0.00580	0.01305
8	0.03477	0.02605	0.02816	0.02359	0.03101	0.02914	0.01884	0.19842	0.32282	0.10024	0.03970	0.03689	0.02892	0.01459	0.01138	0.00365	0.01008	0.01177	0.01162	0.01836
9	0.02365	0.01442	0.01789	0.01689	0.02078	0.01391	0.01266	0.03161	0.10273	0.13644	0.17730	0.23018	0.10729	0.02433	0.01295	0.00392	0.00712	0.02132	0.01177	0.01285
10	0.01580	0.01067	0.01244	0.01300	0.01314	0.01053	0.00760	0.01622	0.01748	0.02330	0.04116	0.18586	0.04810	0.48244	0.04809	0.00955	0.00997	0.01972	0.00760	0.00732
11	0.02334	0.02001	0.02334	0.01667	0.02667	0.01500	0.01334	0.02834	0.02334	0.03668	0.02001	0.02334	0.01667	0.00834	0.00834	0.00167	0.00834	0.00667	0.00667	0.67325
12	0.01383	0.01024	0.01293	0.01476	0.01616	0.00934	0.01012	0.01625	0.02321	0.03049	0.11272	0.46267	0.16021	0.03295	0.01408	0.00434	0.00627	0.02947	0.01062	0.00934
13	0.01739	0.01100	0.01430	0.01553	0.01744	0.01001	0.01085	0.01993	0.02381	0.07968	0.10197	0.45225	0.12004	0.03155	0.01388	0.00431	0.00664	0.02824	0.01093	0.01026
14	0.02860	0.09878	0.36020	0.03272	0.09428	0.02624	0.03452	0.03864	0.02532	0.12164	0.02403	0.02616	0.01698	0.01108	0.01053	0.00342	0.01466	0.00880	0.00642	0.01699
15	0.02561	0.01860	0.01956	0.01894	0.02265	0.07133	0.01395	0.03348	0.10998	0.12098	0.08878	0.30460	0.05583	0.02472	0.01281	0.00400	0.00880	0.02162	0.01089	0.01288
16	0.03619	0.25661	0.08166	0.02570	0.03373	0.33084	0.02238	0.04014	0.02798	0.02779	0.01698	0.01975	0.01446	0.01081	0.00913	0.00277	0.01701	0.00688	0.00536	0.01383
17	0.03052	0.02127	0.02498	0.01871	0.02803	0.01830	0.01507	0.07767	0.07490	0.13399	0.02762	0.02823	0.02066	0.01049	0.00945	0.00236	0.00898	0.00842	0.00888	0.43148
18	0.03110	0.03533	0.17129	0.03022	0.04093	0.02808	0.11256	0.13700	0.16360	0.08645	0.03093	0.03174	0.02230	0.01254	0.01154	0.00363	0.01355	0.01104	0.00879	0.01739
19	0.04070	0.01652	0.02201	0.01813	0.02473	0.01456	0.01446	0.04475	0.02937	0.39445	0.04643	0.13284	0.03582	0.01742	0.01141	0.00356	0.00853	0.01470	0.09320	0.01641
20	0.02182	0.01926	0.02906	0.12101	0.03732	0.02041	0.09691	0.03349	0.15227	0.03564	0.09603	0.05244	0.11639	0.01952	0.01620	0.08555	0.01087	0.01462	0.00847	0.01271
21	0.02268	0.01296	0.01661	0.01510	0.01905	0.01156	0.01152	0.02705	0.02990	0.14758	0.30986	0.12782	0.15764	0.02317	0.01297	0.00367	0.00641	0.02011	0.01221	0.01212
22	0.01742	0.01393	0.02078	0.08687	0.02716	0.01675	0.01635	0.02138	0.01840	0.02613	0.02816	0.04360	0.02663	0.11782	0.40500	0.01463	0.07082	0.01202	0.00589	0.01024
23	0.03512	0.01464	0.01798	0.01506	0.02059	0.01339	0.01202	0.03994	0.02773	0.28151	0.04040	0.04021	0.02838	0.01350	0.00952	0.00303	0.00732	0.01089	0.35413	0.01464
24	0.02098	0.01049	0.01049	0.01049	0.01311	0.01049	0.00787	0.02623	0.02360	0.04196	0.03672	0.04196	0.02885	0.01311	0.00787	0.00262	0.00525	0.01049	0.66693	0.01049
25	0.03009	0.61122	0.05898	0.01926	0.02889	0.04454	0.01926	0.03370	0.02287	0.02648	0.01565	0.01805	0.01444	0.00963	0.00722	0.00241	0.01204	0.00602	0.00481	0.01444
26	0.01631	0.01112	0.01335	0.01335	0.01372	0.01149	0.00816	0.01706	0.01669	0.02262	0.03448	0.06822	0.03856	0.50851	0.15000	0.01224	0.01446	0.01557	0.00667	0.00742
27	0.04476	0.02836	0.03182	0.02439	0.03332	0.03020	0.02015	0.38348	0.04761	0.19166	0.03148	0.02991	0.02138	0.01362	0.01127	0.00340	0.01167	0.01044	0.01194	0.01914
28	0.02895	0.02125	0.02914	0.02443	0.07642	0.01738	0.05179	0.03432	0.02541	0.12874	0.02477	0.02701	0.01885	0.00960	0.00951	0.00231	0.00982	0.00832	0.00782	0.44416
29	0.03132	0.02627	0.03115	0.25931	0.05126	0.08239	0.02443	0.11974	0.12899	0.08909	0.02851	0.03170	0.02081	0.01275	0.01119	0.00359	0.01335	0.01041	0.00833	0.01542
30	0.12797	0.01947	0.02495	0.01939	0.02788	0.01761	0.01601	0.05219	0.03062	0.48192	0.04089	0.03586	0.02594	0.01350	0.01079	0.00348	0.00947	0.01068	0.01308	0.01830
31	0.01451	0.01145	0.01308	0.01267	0.01594	0.01002	0.00950	0.01849	0.02851	0.03719	0.30476	0.09716	0.33470	0.02597	0.01329	0.00368	0.00552	0.02219	0.01134	0.01002
32	0.03127	0.23034	0.18311	0.07900	0.04135	0.03036	0.06379	0.03846	0.02537	0.14014	0.02402	0.02608	0.01752	0.01098	0.00992	0.00319	0.01361	0.00874	0.00683	0.01592
33	0.01449	0.01072	0.01363	0.01507	0.01687	0.00986	0.01085	0.01759	0.02477	0.03279	0.16494	0.36225	0.16208	0.03119	0.01406	0.00428	0.00649	0.06764	0.01083	0.00962
34	0.01676	0.01255	0.01574	0.01567	0.01819	0.01231	0.01145	0.02432	0.08779	0.04057	0.33262	0.22930	0.08810	0.02565	0.01337	0.00388	0.00611	0.02283	0.01171	0.01107
35	0.02557	0.02627	0.08276	0.23413	0.22035	0.02545	0.03019	0.08738	0.02732	0.03729	0.02517	0.08081	0.02191	0.01328	0.01145	0.00362	0.01349	0.01191	0.00644	0.01520
36	0.03081	0.02830	0.09033	0.15655	0.13992	0.02579	0.14681	0.07975	0.02865	0.12292	0.02569	0.03026	0.01851	0.01119	0.01171	0.00359	0.01472	0.01092	0.00733	0.01625
37	0.02630	0.02192	0.03314	0.26998	0.05060	0.02811	0.02656	0.03122	0.02139	0.09080	0.02070	0.02867	0.01648	0.01527	0.02248	0.00423	0.26276	0.01010	0.00606	0.01323
38	0.02910	0.01925	0.02605	0.07410	0.08366	0.01681	0.01763	0.03397	0.02546	0.15879	0.03124	0.09826	0.02645	0.01344	0.01036	0.00283	0.00956	0.01156	0.00864	0.30283

[dist]
# distance from previous block
# <min> <max>
2	22

[block]
# block no. 2 follows, 11 sequences, length 18
# corresponding to MSA columns:
# 296-311,313,314
name=unknown_C
#
# <colnr> <probs for GDERKNQSTAVLIFYWHMCP>
#	G	D	E	R	K	N	Q	S	T	A	V	L	I	F	Y	W	H	M	C	P
0	0.16802	0.02335	0.03280	0.21382	0.04857	0.02568	0.07832	0.11167	0.02890	0.12667	0.02465	0.02851	0.01749	0.01169	0.01062	0.00359	0.01283	0.00982	0.00801	0.01496
1	0.37903	0.13123	0.02616	0.01700	0.02401	0.02685	0.01435	0.06610	0.02371	0.08897	0.02458	0.08968	0.02194	0.01378	0.00859	0.00340	0.00941	0.00993	0.00791	0.01337
2	0.02412	0.01992	0.03301	0.52273	0.07273	0.02418	0.02981	0.03132	0.02346	0.07909	0.02240	0.03082	0.01626	0.01152	0.01126	0.00372	0.01447	0.01013	0.00588	0.01316
3	0.01845	0.01218	0.01519	0.01404	0.01752	0.01089	0.01067	0.02309	0.03042	0.08691	0.38564	0.08567	0.19981	0.02349	0.01310	0.00360	0.00579	0.02034	0.01207	0.01113
4	0.02409	0.02295	0.03409	0.15241	0.16566	0.02758	0.02633	0.03193	0.07573	0.03237	0.02980	0.03599	0.06395	0.01579	0.02011	0.00406	0.20526	0.01149	0.00632	0.01410
5	0.04151	0.02399	0.08755	0.02076	0.03069	0.01737	0.01886	0.04704	0.02936	0.37633	0.03643	0.03345	0.02391	0.01238	0.01062	0.00311	0.01016	0.00999	0.01132	0.15518
6	0.01727	0.01242	0.01471	0.01417	0.01417	0.01350	0.00877	0.01754	0.01646	0.02240	0.03319	0.06827	0.03805	0.54027	0.05505	0.01025	0.07379	0.01565	0.00661	0.00742
7	0.01593	0.01150	0.01504	0.01416	0.01681	0.01062	0.01062	0.02124	0.03186	0.04513	0.52830	0.08407	0.10620	0.02301	0.01327	0.00354	0.00531	0.02035	0.01239	0.01062
8	0.03688	0.01516	0.01891	0.01563	0.02153	0.01375	0.01254	0.04165	0.02824	0.31135	0.04086	0.03999	0.02832	0.01355	0.00973	0.00309	0.00758	0.01094	0.31515	0.01516
9	0.03009	0.61122	0.05898	0.01926	0.02889	0.04454	0.01926	0.03370	0.02287	0.02648	0.01565	0.01805	0.01444	0.00963	0.00722	0.00241	0.01204	0.00602	0.00481	0.01444
10	0.02195	0.01302	0.01525	0.01398	0.01850	0.01118	0.01073	0.02536	0.02755	0.14631	0.14370	0.12678	0.33288	0.02511	0.01294	0.00376	0.00658	0.02120	0.01146	0.01176
11	0.02975	0.02505	0.02644	0.02326	0.02994	0.02882	0.01824	0.11166	0.45920	0.04991	0.04358	0.04022	0.03255	0.01506	0.01143	0.00377	0.00932	0.01242	0.01143	0.01797
12	0.03036	0.02229	0.03261	0.15154	0.20018	0.02363	0.02484	0.08284	0.07285	0.11429	0.02924	0.03293	0.02182	0.01209	0.01079	0.00340	0.01156	0.01053	0.09616	0.01606
13	0.10024	0.28721	0.23298	0.02415	0.03603	0.03469	0.02698	0.07736	0.02558	0.03665	0.01840	0.02103	0.01456	0.01048	0.00886	0.00305	0.01341	0.00726	0.00563	0.01545
14	0.03237	0.23159	0.03697	0.01934	0.02793	0.02792	0.01683	0.09645	0.02857	0.12912	0.02796	0.08095	0.02391	0.01315	0.00946	0.00278	0.01025	0.01023	0.00832	0.16590
15	0.01661	0.01407	0.01505	0.01673	0.01810	0.06041	0.01152	0.01905	0.02374	0.03058	0.11349	0.48235	0.07266	0.03160	0.01384	0.00429	0.00766	0.02831	0.01025	0.00968
16	0.02837	0.01508	0.01833	0.01670	0.02121	0.01473	0.01276	0.03690	0.10525	0.18184	0.09089	0.17052	0.04683	0.01961	0.01139	0.00358	0.00736	0.01686	0.16796	0.01383
17	0.16801	0.11880	0.12597	0.02075	0.03014	0.02504	0.02020	0.07028	0.02604	0.12521	0.02702	0.07765	0.02238	0.01326	0.00961	0.00323	0.01089	0.01016	0.00801	0.08735

[dist]
# distance from previous block
# <min> <max>
6	25

[block]
# block no. 3 follows, 11 sequences, length 17
# corresponding to MSA columns:
# 340-356
name=unknown_D
#
# <colnr> <probs for GDERKNQSTAVLIFYWHMCP>
#	G	D	E	R	K	N	Q	S	T	A	V	L	I	F	Y	W	H	M	C	P
0	0.01634	0.01228	0.01560	0.07336	0.02249	0.01185	0.01199	0.02123	0.02833	0.03914	0.31152	0.08021	0.20040	0.02215	0.01249	0.00353	0.00644	0.01909	0.08103	0.01051
1	0.03296	0.44080	0.09405	0.02111	0.03117	0.03898	0.02108	0.08424	0.02707	0.08709	0.02029	0.02164	0.01635	0.01058	0.00837	0.00272	0.01220	0.00721	0.00646	0.01562
2	0.02229	0.01258	0.01611	0.01488	0.01769	0.01165	0.01062	0.02553	0.02637	0.12962	0.24620	0.12734	0.06938	0.18986	0.02568	0.00576	0.00785	0.01876	0.01087	0.01097
3	0.03465	0.01473	0.01838	0.01539	0.02092	0.01340	0.01227	0.03947	0.02847	0.28159	0.08505	0.04404	0.03540	0.01440	0.01001	0.00312	0.00732	0.01178	0.29494	0.01465
4	0.02800	0.02418	0.02545	0.02291	0.02927	0.02800	0.01782	0.05981	0.51390	0.04708	0.04581	0.04199	0.03436	0.01527	0.01145	0.00382	0.00891	0.01273	0.01145	0.01782
5	0.01664	0.01151	0.01550	0.01788	0.01971	0.01125	0.01425	0.02056	0.02400	0.03244	0.05862	0.30449	0.06554	0.03121	0.01443	0.00473	0.00842	0.25305	0.06589	0.00989
6	0.01524	0.01141	0.01374	0.01319	0.01589	0.01034	0.00965	0.01931	0.02851	0.03859	0.36111	0.08978	0.21796	0.08496	0.01786	0.00438	0.00600	0.02089	0.01127	0.00991
7	0.01637	0.01091	0.01228	0.01228	0.01228	0.01091	0.00682	0.01637	0.01637	0.02182	0.03546	0.07365	0.04092	0.60445	0.05729	0.01091	0.01091	0.01637	0.00682	0.00682
8	0.02227	0.01291	0.01707	0.01523	0.01900	0.01171	0.01171	0.02740	0.03192	0.13620	0.43962	0.07569	0.09184	0.02135	0.01292	0.00353	0.00609	0.01870	0.01267	0.01218
9	0.01371	0.00979	0.01306	0.01567	0.01632	0.00914	0.01045	0.01567	0.02155	0.02873	0.06203	0.59710	0.07444	0.03526	0.01437	0.00457	0.00653	0.03200	0.01045	0.00914
10	0.04279	0.03153	0.03378	0.02590	0.03490	0.03490	0.02139	0.49671	0.05292	0.07093	0.02702	0.02702	0.01914	0.01351	0.01126	0.00338	0.01239	0.01013	0.01126	0.01914
11	0.05050	0.01915	0.02612	0.02003	0.02873	0.01654	0.01654	0.05485	0.03221	0.54203	0.04440	0.03831	0.02786	0.01393	0.01132	0.00348	0.00958	0.01132	0.01393	0.01915
12	0.01477	0.01140	0.01365	0.01444	0.01721	0.01028	0.01106	0.01835	0.02612	0.03351	0.17366	0.19919	0.27752	0.02920	0.01391	0.00415	0.00664	0.10432	0.01081	0.00981
13	0.04086	0.08093	0.03497	0.02482	0.03287	0.03298	0.02082	0.33905	0.04332	0.13257	0.02729	0.02765	0.01955	0.01389	0.01365	0.00347	0.07301	0.00991	0.01040	0.01799
14	0.02296	0.02001	0.02525	0.11943	0.03599	0.01684	0.01662	0.02842	0.02319	0.03522	0.02001	0.02456	0.01637	0.00887	0.00887	0.00205	0.00956	0.00728	0.00636	0.55216
15	0.09727	0.04011	0.25971	0.12222	0.04925	0.02768	0.08134	0.11749	0.02862	0.04249	0.02119	0.02552	0.01534	0.01114	0.01077	0.00358	0.01499	0.00922	0.00631	0.01576
16	0.02294	0.02124	0.03384	0.23868	0.13902	0.02354	0.06780	0.03412	0.11587	0.03432	0.03238	0.12703	0.02932	0.01566	0.01198	0.00383	0.01250	0.01451	0.00730	0.01415

[dist]
# distance from previous block
# <min> <max>
0	1

[block]
# block no. 4 follows, 11 sequences, length 14
# corresponding to MSA columns:
# 358-371
name=unknown_E
#
# <colnr> <probs for GDERKNQSTAVLIFYWHMCP>
#	G	D	E	R	K	N	Q	S	T	A	V	L	I	F	Y	W	H	M	C	P
0	0.01962	0.01639	0.02779	0.02549	0.02991	0.01589	0.11584	0.02571	0.02675	0.03554	0.10780	0.10181	0.05981	0.02565	0.01481	0.00470	0.01155	0.31391	0.00964	0.01139
1	0.02921	0.02353	0.03285	0.14648	0.14224	0.02437	0.02384	0.10650	0.02856	0.08022	0.02289	0.02754	0.01770	0.01150	0.01257	0.00313	0.05885	0.00923	0.00727	0.19152
2	0.02945	0.10673	0.03618	0.19544	0.04563	0.08833	0.07054	0.03465	0.02481	0.11163	0.02543	0.03326	0.02036	0.06519	0.06077	0.00521	0.01570	0.01035	0.00682	0.01353
3	0.03719	0.01586	0.02084	0.01702	0.02325	0.01410	0.01367	0.04192	0.03071	0.33821	0.16138	0.05009	0.04717	0.01601	0.01123	0.00335	0.00782	0.01339	0.12116	0.01564
4	0.01416	0.01056	0.01318	0.01437	0.01620	0.00958	0.01007	0.01713	0.02496	0.03310	0.18708	0.36494	0.18193	0.03079	0.01387	0.00415	0.00605	0.02735	0.01092	0.00958
5	0.09359	0.02930	0.14665	0.25093	0.05408	0.02520	0.07694	0.03116	0.02251	0.03433	0.02082	0.02796	0.01587	0.01169	0.01266	0.00369	0.05987	0.00958	0.05970	0.01348
6	0.10898	0.04685	0.03043	0.08229	0.03767	0.44844	0.02167	0.04205	0.02959	0.03013	0.01747	0.02105	0.01430	0.01144	0.00992	0.00305	0.01852	0.00740	0.00584	0.01290
7	0.01454	0.01102	0.01340	0.01372	0.01619	0.00988	0.00994	0.01820	0.02722	0.03627	0.27759	0.22825	0.22693	0.02795	0.01357	0.00389	0.00575	0.02450	0.01128	0.00988
8	0.11150	0.02398	0.02946	0.02627	0.08137	0.02409	0.01941	0.18551	0.03651	0.29572	0.03375	0.03172	0.02255	0.01304	0.01083	0.00344	0.01073	0.01028	0.01154	0.01829
9	0.03101	0.02624	0.03035	0.23028	0.04843	0.08868	0.02323	0.10421	0.10993	0.08969	0.02737	0.03056	0.02017	0.01224	0.01086	0.00337	0.01304	0.00993	0.00810	0.08232
10	0.02918	0.01764	0.02105	0.01830	0.02356	0.01784	0.01429	0.08507	0.13074	0.15918	0.19158	0.09817	0.05614	0.01862	0.01191	0.00358	0.00783	0.01588	0.06471	0.01476
11	0.01506	0.01076	0.01461	0.01722	0.01846	0.01031	0.01280	0.01801	0.02288	0.03024	0.06129	0.45348	0.07149	0.03399	0.01473	0.00476	0.00770	0.16228	0.01042	0.00952
12	0.02587	0.02110	0.03467	0.30503	0.20544	0.02316	0.02858	0.03256	0.02545	0.08805	0.07474	0.03575	0.02653	0.01236	0.01143	0.00358	0.01294	0.01121	0.00689	0.01465
13	0.07581	0.11669	0.02905	0.08349	0.03169	0.02142	0.01608	0.02891	0.02371	0.03603	0.07164	0.02916	0.02503	0.01058	0.00890	0.00238	0.00946	0.00833	0.00678	0.36487

[dist]
# distance from previous block
# <min> <max>
0	3

[block]
# block no. 5 follows, 11 sequences, length 21
# corresponding to MSA columns:
# 375-395
name=unknown_F
#
# <colnr> <probs for GDERKNQSTAVLIFYWHMCP>
#	G	D	E	R	K	N	Q	S	T	A	V	L	I	F	Y	W	H	M	C	P
0	0.62096	0.02524	0.06698	0.01645	0.02433	0.02533	0.01499	0.03333	0.01959	0.04908	0.01610	0.01881	0.01239	0.01047	0.00732	0.00349	0.00946	0.00631	0.00675	0.01261
1	0.02415	0.01960	0.03054	0.31476	0.11777	0.02213	0.02554	0.03291	0.06655	0.07728	0.11767	0.04135	0.03481	0.01381	0.01163	0.00364	0.01205	0.01224	0.00772	0.01385
2	0.01525	0.01080	0.01329	0.01384	0.01600	0.00991	0.00993	0.01900	0.02645	0.03674	0.24902	0.25912	0.15823	0.02710	0.01310	0.00384	0.00579	0.02389	0.07881	0.00991
3	0.01493	0.00991	0.01263	0.01481	0.01579	0.00937	0.01002	0.01744	0.02189	0.03095	0.05780	0.50423	0.06681	0.03156	0.01328	0.00425	0.00632	0.02840	0.12027	0.00937
4	0.01587	0.01111	0.01380	0.01360	0.01506	0.01058	0.00917	0.01885	0.02500	0.03472	0.29615	0.13125	0.07844	0.24332	0.02997	0.00642	0.00754	0.02001	0.01010	0.00904
5	0.02126	0.02001	0.03376	0.57739	0.07752	0.02501	0.03126	0.02876	0.02251	0.02876	0.02001	0.03001	0.01500	0.01125	0.01125	0.00375	0.01500	0.01000	0.00500	0.01250
6	0.03009	0.61122	0.05898	0.01926	0.02889	0.04454	0.01926	0.03370	0.02287	0.02648	0.01565	0.01805	0.01444	0.00963	0.00722	0.00241	0.01204	0.00602	0.00481	0.01444
7	0.01608	0.01206	0.01809	0.01809	0.02010	0.01407	0.01407	0.02010	0.01809	0.02613	0.03015	0.04422	0.02814	0.08441	0.55984	0.01809	0.03015	0.01206	0.00603	0.01005
8	0.05050	0.01915	0.02612	0.02003	0.02873	0.01654	0.01654	0.05485	0.03221	0.54203	0.04440	0.03831	0.02786	0.01393	0.01132	0.00348	0.00958	0.01132	0.01393	0.01915
9	0.03210	0.08304	0.10301	0.19103	0.04518	0.02264	0.02418	0.03865	0.02711	0.21243	0.08056	0.03645	0.02878	0.01317	0.01100	0.00347	0.01202	0.01090	0.00886	0.01543
10	0.68395	0.02177	0.01654	0.01480	0.02177	0.02525	0.01219	0.03309	0.01915	0.05050	0.01567	0.01828	0.01219	0.01045	0.00697	0.00348	0.00871	0.00609	0.00697	0.01219
11	0.03009	0.61122	0.05898	0.01926	0.02889	0.04454	0.01926	0.03370	0.02287	0.02648	0.01565	0.01805	0.01444	0.00963	0.00722	0.00241	0.01204	0.00602	0.00481	0.01444
12	0.01371	0.00979	0.01306	0.01567	0.01632	0.00914	0.01045	0.01567	0.02155	0.02873	0.06203	0.59710	0.07444	0.03526	0.01437	0.00457	0.00653	0.03200	0.01045	0.00914
13	0.04782	0.01837	0.02470	0.01916	0.02732	0.01599	0.01576	0.05226	0.03143	0.49673	0.04371	0.03864	0.02795	0.01386	0.01101	0.00340	0.00918	0.01124	0.07309	0.01837
14	0.02580	0.03569	0.15819	0.04450	0.05689	0.02802	0.40692	0.03597	0.02603	0.03597	0.02228	0.02910	0.01654	0.00972	0.01279	0.00375	0.01853	0.01233	0.00551	0.01546
15	0.02915	0.11283	0.24587	0.08033	0.04119	0.02598	0.02853	0.07625	0.02828	0.12232	0.07654	0.03256	0.02652	0.01266	0.01072	0.00340	0.01316	0.01008	0.00767	0.01596
16	0.02212	0.02088	0.03531	0.51116	0.13703	0.02523	0.03169	0.02951	0.02291	0.02980	0.02016	0.02973	0.01537	0.01109	0.01124	0.00370	0.01479	0.01001	0.00508	0.01320
17	0.01611	0.01214	0.01556	0.01624	0.01657	0.01309	0.01097	0.01741	0.01909	0.02599	0.04616	0.33118	0.05441	0.24128	0.03300	0.00693	0.08335	0.02340	0.00840	0.00871
18	0.09146	0.03154	0.17043	0.02647	0.03674	0.02231	0.08486	0.07955	0.02877	0.20400	0.03276	0.08626	0.02528	0.01426	0.01132	0.00364	0.01257	0.01226	0.00918	0.01634
19	0.30140	0.08738	0.07084	0.02017	0.02792	0.08230	0.01787	0.09578	0.06232	0.04637	0.06870	0.02805	0.02428	0.01245	0.00912	0.00334	0.01109	0.00876	0.00784	0.01405
20	0.08883	0.02694	0.08054	0.04203	0.24913	0.02397	0.02612	0.04073	0.08943	0.12539	0.02767	0.02987	0.02077	0.01133	0.01056	0.00332	0.01159	0.00981	0.00791	0.07406

[dist]
# distance from previous block
# <min> <max>
0	3

[block]
# block no. 6 follows, 11 sequences, length 33
# corresponding to MSA columns:
# 399-431
name=unknown_G
#
# <colnr> <probs for GDERKNQSTAVLIFYWHMCP>
#	G	D	E	R	K	N	Q	S	T	A	V	L	I	F	Y	W	H	M	C	P
0	0.21949	0.02567	0.02961	0.08128	0.03543	0.10143	0.09951	0.03221	0.02552	0.04010	0.11797	0.03517	0.03239	0.01281	0.01033	0.00334	0.01219	0.01076	0.00740	0.06739
1	0.02631	0.02873	0.05953	0.10063	0.14897	0.02782	0.36516	0.03510	0.02601	0.03551	0.02222	0.02986	0.01702	0.00975	0.01270	0.00371	0.01756	0.01237	0.00561	0.01542
2	0.02529	0.02499	0.04508	0.24544	0.28927	0.02643	0.11359	0.03276	0.02469	0.03381	0.02104	0.02906	0.01670	0.01037	0.01156	0.00357	0.01493	0.01059	0.00539	0.01548
3	0.01364	0.01008	0.01276	0.01490	0.01612	0.00921	0.01011	0.01576	0.02229	0.02903	0.07140	0.50909	0.15641	0.03405	0.01417	0.00443	0.00638	0.03051	0.01045	0.00921
4	0.53039	0.02298	0.01998	0.01693	0.02436	0.02588	0.01396	0.10398	0.02537	0.09877	0.02000	0.02143	0.01466	0.01122	0.00800	0.00347	0.00933	0.00718	0.00824	0.01386
5	0.02686	0.36541	0.22937	0.02361	0.03576	0.03554	0.02671	0.03395	0.02323	0.03059	0.01763	0.02052	0.01456	0.00990	0.00855	0.00276	0.01337	0.00689	0.00495	0.06986
6	0.03962	0.09769	0.03411	0.02724	0.03296	0.38901	0.02134	0.04269	0.02925	0.08101	0.01972	0.02251	0.01592	0.01268	0.01339	0.00317	0.08964	0.00789	0.00645	0.01372
7	0.01799	0.01361	0.01665	0.01568	0.01568	0.01555	0.01033	0.01848	0.01654	0.02286	0.03139	0.06400	0.03577	0.48925	0.05328	0.00973	0.12378	0.01508	0.00645	0.00790
8	0.01613	0.01186	0.01707	0.01707	0.01873	0.01352	0.01280	0.01945	0.01779	0.02538	0.03108	0.04936	0.03037	0.17533	0.47198	0.01683	0.02678	0.01281	0.00617	0.00948
9	0.01907	0.01230	0.01630	0.01533	0.01849	0.01136	0.01189	0.02429	0.03128	0.08582	0.43924	0.08464	0.09533	0.02308	0.01334	0.00370	0.00619	0.06474	0.01231	0.01131
10	0.02126	0.02001	0.03376	0.57739	0.07752	0.02501	0.03126	0.02876	0.02251	0.02876	0.02001	0.03001	0.01500	0.01125	0.01125	0.00375	0.01500	0.01000	0.00500	0.01250
11	0.38503	0.02177	0.02099	0.01809	0.02370	0.02505	0.01451	0.12360	0.02507	0.04733	0.01862	0.02342	0.01513	0.01697	0.01674	0.12574	0.05081	0.00786	0.00731	0.01228
12	0.03009	0.61122	0.05898	0.01926	0.02889	0.04454	0.01926	0.03370	0.02287	0.02648	0.01565	0.01805	0.01444	0.00963	0.00722	0.00241	0.01204	0.00602	0.00481	0.01444
13	0.60020	0.02154	0.01872	0.08590	0.02881	0.02522	0.01460	0.03254	0.01958	0.04775	0.01622	0.01977	0.01254	0.01055	0.00751	0.00352	0.00950	0.00659	0.00672	0.01223
14	0.02800	0.02418	0.02545	0.02291	0.02927	0.02800	0.01782	0.05981	0.51390	0.04708	0.04581	0.04199	0.03436	0.01527	0.01145	0.00382	0.00891	0.01273	0.01145	0.01782
15	0.02193	0.01958	0.03078	0.46826	0.06666	0.02400	0.02774	0.03176	0.07381	0.03186	0.02421	0.03234	0.01827	0.01184	0.01097	0.00366	0.01348	0.01033	0.06563	0.01287
16	0.04403	0.01911	0.02418	0.01899	0.02661	0.01774	0.01554	0.10537	0.03323	0.38950	0.04078	0.03756	0.02694	0.01373	0.01067	0.00331	0.00913	0.01101	0.13503	0.01754
17	0.01584	0.01155	0.01508	0.01508	0.01657	0.01232	0.01067	0.01821	0.01840	0.02507	0.04273	0.06327	0.09628	0.27084	0.30378	0.01361	0.01990	0.01514	0.00688	0.00878
18	0.01612	0.01191	0.01735	0.01735	0.01911	0.01367	0.01315	0.01963	0.01787	0.02558	0.03082	0.04794	0.02975	0.15013	0.49633	0.01718	0.02772	0.01260	0.00613	0.00964
19	0.01637	0.01091	0.01228	0.01228	0.01228	0.01091	0.00682	0.01637	0.01637	0.02182	0.03546	0.07365	0.04092	0.60445	0.05729	0.01091	0.01091	0.01637	0.00682	0.00682
20	0.15281	0.03194	0.12750	0.02382	0.03286	0.02857	0.02217	0.14210	0.22824	0.05051	0.03120	0.03083	0.02307	0.01310	0.01042	0.00361	0.01112	0.01008	0.00926	0.01681
21	0.02502	0.03801	0.21769	0.07365	0.08739	0.09004	0.07120	0.03330	0.02521	0.03459	0.02858	0.03271	0.05352	0.01203	0.01066	0.00327	0.01429	0.01013	0.07463	0.06408
22	0.03019	0.04155	0.31273	0.08110	0.04719	0.02376	0.08060	0.04009	0.02615	0.16791	0.02680	0.02884	0.01819	0.01147	0.01118	0.00358	0.01487	0.00977	0.00728	0.01676
23	0.22526	0.11857	0.17841	0.07160	0.03534	0.02637	0.02333	0.03361	0.02207	0.07496	0.02137	0.02755	0.01722	0.06585	0.01347	0.00406	0.01234	0.00843	0.00634	0.01387
24	0.01471	0.01054	0.01406	0.01573	0.01710	0.00989	0.01120	0.01786	0.02470	0.03356	0.18597	0.41722	0.08201	0.03162	0.01418	0.00435	0.00656	0.06814	0.01096	0.00965
25	0.02271	0.02345	0.08339	0.13479	0.17282	0.02098	0.02491	0.06388	0.02837	0.03949	0.16719	0.09150	0.04663	0.01636	0.01200	0.00360	0.01109	0.01460	0.00815	0.01408
26	0.08692	0.14568	0.14270	0.02305	0.03353	0.02791	0.02287	0.12233	0.03124	0.21503	0.02847	0.02780	0.01966	0.01207	0.01005	0.00327	0.01197	0.00905	0.00922	0.01717
27	0.01641	0.08640	0.01944	0.01619	0.01859	0.01417	0.01223	0.01928	0.02341	0.03057	0.10207	0.39224	0.10298	0.02997	0.01341	0.00421	0.00745	0.07098	0.00990	0.01010
28	0.01992	0.01177	0.01372	0.01308	0.01399	0.01150	0.00783	0.02038	0.01802	0.07604	0.03640	0.06997	0.03956	0.54291	0.05250	0.01014	0.01077	0.01584	0.00756	0.00811
29	0.03065	0.02156	0.07372	0.17094	0.08667	0.01905	0.02262	0.03671	0.02610	0.19824	0.03448	0.09188	0.02724	0.01467	0.01111	0.00355	0.01114	0.01261	0.09214	0.01492
30	0.17542	0.07091	0.06971	0.11215	0.04009	0.02645	0.06959	0.07810	0.07232	0.13976	0.02675	0.02860	0.01915	0.01181	0.01021	0.00350	0.01209	0.00958	0.00833	0.01549
31	0.11545	0.03245	0.15331	0.02606	0.03511	0.06786	0.06701	0.03926	0.02541	0.17662	0.02700	0.02962	0.01954	0.01980	0.06915	0.00510	0.05825	0.00975	0.00791	0.01534
32	0.68395	0.02177	0.01654	0.01480	0.02177	0.02525	0.01219	0.03309	0.01915	0.05050	0.01567	0.01828	0.01219	0.01045	0.00697	0.00348	0.00871	0.00609	0.00697	0.01219

[dist]
# distance from previous block
# <min> <max>
4	14

[block]
# block no. 7 follows, 11 sequences, length 30
# corresponding to MSA columns:
# 449-478
name=unknown_H
#
# <colnr> <probs for GDERKNQSTAVLIFYWHMCP>
#	G	D	E	R	K	N	Q	S	T	A	V	L	I	F	Y	W	H	M	C	P
0	0.02806	0.07658	0.16686	0.06521	0.03803	0.07478	0.02585	0.11829	0.02845	0.03857	0.02147	0.02645	0.01715	0.02021	0.07500	0.00497	0.07038	0.00890	0.00645	0.08834
1	0.01676	0.01210	0.01501	0.01509	0.01817	0.01093	0.01146	0.02086	0.02579	0.03627	0.18259	0.21405	0.12159	0.02528	0.01276	0.00377	0.00674	0.08577	0.08112	0.08390
2	0.10029	0.06410	0.02882	0.07240	0.03087	0.02803	0.01915	0.07789	0.11455	0.03903	0.07284	0.03684	0.02925	0.06169	0.02127	0.00446	0.16592	0.01123	0.00782	0.01354
3	0.02117	0.01370	0.01877	0.02110	0.07385	0.01285	0.01412	0.02563	0.02731	0.09467	0.20079	0.17846	0.10310	0.02331	0.01275	0.00381	0.00741	0.06164	0.07363	0.01194
4	0.02703	0.02359	0.03704	0.02992	0.03301	0.02880	0.10843	0.03074	0.02056	0.08652	0.02183	0.03251	0.01949	0.08004	0.03185	0.00520	0.35278	0.01135	0.00629	0.01303
5	0.03202	0.04152	0.24863	0.09088	0.04614	0.08566	0.06689	0.08355	0.02910	0.13063	0.02517	0.02757	0.01756	0.01163	0.01107	0.00349	0.01534	0.00950	0.00728	0.01636
6	0.02461	0.02069	0.03443	0.47004	0.12491	0.02445	0.03032	0.03174	0.02373	0.07549	0.02232	0.03051	0.01647	0.01135	0.01125	0.00368	0.01433	0.01012	0.00586	0.01370
7	0.02628	0.07660	0.02921	0.02209	0.02762	0.02416	0.04997	0.07025	0.16393	0.07803	0.08914	0.10965	0.09200	0.01890	0.01428	0.00379	0.06421	0.01561	0.00983	0.01446
8	0.01477	0.01128	0.01356	0.01338	0.01620	0.01007	0.00988	0.01885	0.02854	0.03817	0.33199	0.15059	0.24927	0.02630	0.01341	0.00375	0.00558	0.02285	0.01150	0.01007
9	0.02611	0.03943	0.23093	0.03125	0.09057	0.07618	0.02863	0.04273	0.18010	0.03946	0.07416	0.03509	0.02934	0.01327	0.01116	0.00355	0.01317	0.01088	0.00775	0.01625
10	0.04204	0.05364	0.03190	0.02900	0.03480	0.55926	0.02175	0.04494	0.03190	0.02755	0.01740	0.02030	0.01450	0.01160	0.01015	0.00290	0.02030	0.00725	0.00580	0.01305
11	0.02126	0.01975	0.03233	0.47471	0.06801	0.02472	0.02941	0.02809	0.02235	0.02908	0.02330	0.03876	0.01973	0.01391	0.01399	0.00399	0.06611	0.05272	0.00551	0.01228
12	0.03532	0.02395	0.03735	0.10719	0.28851	0.02392	0.02757	0.07335	0.02931	0.19736	0.02877	0.03133	0.02077	0.01164	0.01122	0.00343	0.01229	0.01044	0.00855	0.01775
13	0.02520	0.18016	0.09026	0.12713	0.18132	0.02927	0.07166	0.03152	0.02387	0.03171	0.02415	0.08894	0.02240	0.01294	0.01066	0.00336	0.01335	0.01158	0.00576	0.01475
14	0.23316	0.08241	0.12208	0.02645	0.08702	0.02601	0.02233	0.07508	0.02676	0.16210	0.02478	0.02573	0.01765	0.01143	0.00949	0.00338	0.01144	0.00848	0.00820	0.01601
15	0.02249	0.02436	0.07994	0.06260	0.02951	0.06639	0.01810	0.08002	0.08029	0.03652	0.05779	0.18848	0.16411	0.02222	0.01240	0.00383	0.01025	0.01879	0.00917	0.01274
16	0.03042	0.12459	0.09171	0.06741	0.03736	0.02702	0.07477	0.04412	0.16236	0.13175	0.06733	0.03609	0.02930	0.01317	0.01096	0.00346	0.01174	0.01126	0.00900	0.01616
17	0.01814	0.01296	0.01814	0.02073	0.02332	0.01296	0.01814	0.02332	0.02591	0.03368	0.05959	0.12696	0.06478	0.03109	0.01555	0.00518	0.01036	0.45848	0.01036	0.01036
18	0.02847	0.23923	0.13595	0.13727	0.04344	0.07555	0.02666	0.07464	0.02581	0.03272	0.01843	0.02312	0.01498	0.01161	0.01209	0.00326	0.06864	0.00807	0.00550	0.01456
19	0.02126	0.02001	0.03376	0.57739	0.07752	0.02501	0.03126	0.02876	0.02251	0.02876	0.02001	0.03001	0.01500	0.01125	0.01125	0.00375	0.01500	0.01000	0.00500	0.01250
20	0.02129	0.01949	0.03086	0.46194	0.06630	0.02382	0.02777	0.03097	0.07717	0.03080	0.02690	0.08552	0.02284	0.01399	0.01157	0.00384	0.01351	0.01241	0.00624	0.01277
21	0.01853	0.01014	0.01390	0.01390	0.01390	0.01014	0.00883	0.01521	0.01521	0.02028	0.02465	0.04684	0.02639	0.22016	0.04825	0.46064	0.01014	0.01189	0.00551	0.00551
22	0.01443	0.01117	0.01315	0.01323	0.01604	0.00989	0.00970	0.01813	0.02747	0.03607	0.27260	0.18029	0.28253	0.02742	0.01347	0.00382	0.00568	0.02376	0.01123	0.00989
23	0.02657	0.03036	0.06641	0.04744	0.05882	0.02846	0.49336	0.03605	0.02657	0.03605	0.02277	0.03036	0.01708	0.00949	0.01328	0.00380	0.01898	0.01328	0.00569	0.01518
24	0.10792	0.02007	0.02483	0.01943	0.02753	0.01888	0.01598	0.09809	0.03253	0.40608	0.03920	0.03546	0.02550	0.01349	0.01063	0.00341	0.00946	0.01063	0.06303	0.01782
25	0.02627	0.02198	0.02383	0.08161	0.03057	0.06268	0.01700	0.14849	0.07868	0.04737	0.22300	0.05693	0.09858	0.01819	0.01213	0.00352	0.00973	0.01519	0.01050	0.01374
26	0.01637	0.01091	0.01228	0.01228	0.01228	0.01091	0.00682	0.01637	0.01637	0.02182	0.03546	0.07365	0.04092	0.60445	0.05729	0.01091	0.01091	0.01637	0.00682	0.00682
27	0.03138	0.01959	0.02731	0.13971	0.08494	0.02044	0.02049	0.04214	0.12701	0.19694	0.09071	0.08084	0.03729	0.01576	0.01174	0.00368	0.01025	0.01365	0.01037	0.01575
28	0.02571	0.02005	0.02638	0.08570	0.08717	0.02184	0.01949	0.17175	0.03137	0.04246	0.03605	0.19105	0.03577	0.03206	0.11312	0.00646	0.01440	0.01662	0.00876	0.01379
29	0.03198	0.07958	0.02869	0.07068	0.03221	0.07950	0.01768	0.04167	0.11742	0.15117	0.08622	0.03670	0.03184	0.01325	0.01049	0.00307	0.01063	0.01066	0.00941	0.13714

[dist]
# distance from previous block
# <min> <max>
0	624

# created by:
# /st0/software/busco_prod/Augustus/scripts/msa2prfl.pl ./align_prep/8274.fa
