[name]
unknown

[dist]
# distance from previous block
# <min> <max>
0	143

[block]
# block no. 0 follows, 13 sequences, length 37
# corresponding to MSA columns:
# 162-198
name=unknown_A
#
# <colnr> <probs for GDERKNQSTAVLIFYWHMCP>
#	G	D	E	R	K	N	Q	S	T	A	V	L	I	F	Y	W	H	M	C	P
0	0.01922	0.01101	0.01416	0.01438	0.01617	0.01026	0.00979	0.02115	0.02124	0.11250	0.08752	0.33331	0.05658	0.19408	0.02414	0.00571	0.00764	0.02206	0.00953	0.00958
1	0.14402	0.01879	0.02100	0.01635	0.02419	0.01673	0.01308	0.06383	0.02428	0.12309	0.02581	0.07893	0.02177	0.01167	0.00876	0.00249	0.00817	0.00928	0.00801	0.35975
2	0.03072	0.24969	0.07406	0.02125	0.02941	0.08305	0.01920	0.18844	0.03121	0.03964	0.02306	0.07970	0.02061	0.01273	0.00919	0.00282	0.01170	0.00956	0.00716	0.05680
3	0.59504	0.02018	0.01655	0.01418	0.02118	0.02219	0.01162	0.03037	0.01862	0.04538	0.01537	0.01793	0.01212	0.00950	0.00675	0.00300	0.00812	0.00581	0.00650	0.11958
4	0.02480	0.01871	0.02654	0.02220	0.02767	0.01908	0.09471	0.06900	0.17096	0.10219	0.13602	0.15707	0.04781	0.01822	0.01185	0.00361	0.00910	0.01657	0.01014	0.01374
5	0.01576	0.01776	0.10263	0.01577	0.02043	0.01221	0.01444	0.02173	0.02827	0.03991	0.43656	0.07176	0.12172	0.02018	0.01209	0.00335	0.00670	0.01758	0.01036	0.01079
6	0.01858	0.01048	0.01196	0.01220	0.01444	0.01009	0.00894	0.02225	0.02215	0.06045	0.07131	0.14706	0.07700	0.09044	0.01508	0.00400	0.00632	0.04997	0.33771	0.00959
7	0.01463	0.01055	0.01384	0.01353	0.01572	0.00976	0.00995	0.01912	0.02839	0.03995	0.47779	0.16505	0.09503	0.02344	0.01263	0.00348	0.00517	0.02086	0.01135	0.00976
8	0.04409	0.01821	0.02372	0.01841	0.02606	0.01648	0.01514	0.09027	0.03116	0.47409	0.03959	0.03540	0.02555	0.01298	0.01031	0.00318	0.00883	0.01046	0.07887	0.01720
9	0.03131	0.53693	0.05051	0.01821	0.02711	0.03766	0.01769	0.03481	0.02288	0.11132	0.01898	0.01998	0.01557	0.00969	0.00739	0.00242	0.01094	0.00644	0.00588	0.01427
10	0.02264	0.02622	0.13358	0.30892	0.12157	0.02257	0.06244	0.03034	0.02324	0.06461	0.06243	0.03131	0.02185	0.01123	0.01074	0.00341	0.01341	0.01015	0.00583	0.01352
11	0.02467	0.02767	0.05763	0.04190	0.05090	0.02763	0.44460	0.03253	0.02357	0.03253	0.02020	0.02767	0.01570	0.01043	0.01600	0.00373	0.11162	0.01197	0.00523	0.01383
12	0.07044	0.01675	0.01918	0.01730	0.02205	0.01744	0.01338	0.07038	0.15844	0.12390	0.11916	0.14117	0.09260	0.02244	0.04269	0.00429	0.00867	0.01598	0.01044	0.01330
13	0.14698	0.02228	0.02563	0.02378	0.07578	0.02353	0.01731	0.22915	0.03376	0.14720	0.03133	0.12061	0.02653	0.01522	0.01036	0.00338	0.00978	0.01234	0.00975	0.01529
14	0.59493	0.02588	0.10408	0.01648	0.02446	0.02385	0.01583	0.03146	0.01868	0.04522	0.01540	0.01799	0.01176	0.00985	0.00710	0.00328	0.00936	0.00606	0.00621	0.01211
15	0.02362	0.02229	0.03647	0.19070	0.26496	0.02385	0.07017	0.03397	0.10623	0.03469	0.06518	0.03311	0.02492	0.01140	0.01087	0.00336	0.01216	0.01084	0.00648	0.01472
16	0.70310	0.02045	0.01554	0.01390	0.02045	0.02372	0.01145	0.03108	0.01799	0.04744	0.01472	0.01718	0.01145	0.00981	0.00654	0.00327	0.00818	0.00573	0.00654	0.01145
17	0.01997	0.01879	0.03171	0.60301	0.07282	0.02349	0.02936	0.02701	0.02114	0.02701	0.01879	0.02819	0.01409	0.01057	0.01057	0.00352	0.01409	0.00940	0.00470	0.01175
18	0.70310	0.02045	0.01554	0.01390	0.02045	0.02372	0.01145	0.03108	0.01799	0.04744	0.01472	0.01718	0.01145	0.00981	0.00654	0.00327	0.00818	0.00573	0.00654	0.01145
19	0.47039	0.02536	0.07633	0.01969	0.02758	0.02491	0.06252	0.06704	0.06688	0.04583	0.01893	0.02122	0.01431	0.01034	0.00807	0.00333	0.01005	0.00735	0.00687	0.01302
20	0.03950	0.05039	0.02996	0.02724	0.03269	0.58597	0.02043	0.04222	0.02996	0.02588	0.01634	0.01907	0.01362	0.01090	0.00953	0.00272	0.01907	0.00681	0.00545	0.01226
21	0.02306	0.01929	0.03165	0.09242	0.03581	0.01945	0.14854	0.06652	0.07646	0.07312	0.23564	0.04961	0.05107	0.01515	0.01184	0.00342	0.01046	0.01436	0.00911	0.01301
22	0.01837	0.00918	0.01377	0.01377	0.01377	0.00918	0.00918	0.01377	0.01377	0.01837	0.01837	0.03214	0.01837	0.03673	0.04132	0.69238	0.00918	0.00918	0.00459	0.00459
23	0.02468	0.03204	0.18229	0.02761	0.03700	0.02490	0.11633	0.07910	0.21806	0.04093	0.07847	0.03526	0.02919	0.01270	0.01102	0.00346	0.01206	0.01138	0.00809	0.01544
24	0.04019	0.02962	0.03173	0.02433	0.03279	0.03279	0.02010	0.52721	0.04971	0.06663	0.02538	0.02538	0.01798	0.01269	0.01058	0.00317	0.01163	0.00952	0.01058	0.01798
25	0.02192	0.01879	0.02192	0.01566	0.02506	0.01409	0.01253	0.02662	0.02192	0.03445	0.01879	0.02192	0.01566	0.00783	0.00783	0.00157	0.00783	0.00626	0.00626	0.69305
26	0.06764	0.09549	0.07662	0.02123	0.06424	0.01918	0.01717	0.03009	0.02246	0.11698	0.02843	0.11381	0.02563	0.01921	0.05963	0.00405	0.01106	0.01117	0.00738	0.18852
27	0.70310	0.02045	0.01554	0.01390	0.02045	0.02372	0.01145	0.03108	0.01799	0.04744	0.01472	0.01718	0.01145	0.00981	0.00654	0.00327	0.00818	0.00573	0.00654	0.01145
28	0.02171	0.01179	0.01200	0.01127	0.01432	0.01210	0.00864	0.07385	0.02487	0.04208	0.03360	0.03804	0.02621	0.01235	0.00770	0.00253	0.00558	0.00982	0.62087	0.01065
29	0.01288	0.00920	0.01227	0.01472	0.01534	0.00859	0.00981	0.01472	0.02024	0.02699	0.05828	0.62152	0.06993	0.03312	0.01350	0.00429	0.00613	0.03006	0.00981	0.00859
30	0.02082	0.01366	0.01837	0.01959	0.02289	0.01373	0.01686	0.02779	0.07006	0.08543	0.05346	0.10417	0.05497	0.02634	0.01388	0.00460	0.00954	0.40254	0.01015	0.01115
31	0.01543	0.01048	0.01234	0.01239	0.01296	0.01035	0.00774	0.01658	0.01833	0.02478	0.11802	0.07438	0.04979	0.48870	0.04441	0.00876	0.00938	0.05049	0.00748	0.00721
32	0.03839	0.02872	0.03072	0.02396	0.03210	0.03195	0.01966	0.46609	0.11376	0.06373	0.02767	0.02721	0.01984	0.01291	0.01060	0.00323	0.01121	0.00984	0.01060	0.01782
33	0.03491	0.01585	0.02030	0.01689	0.02225	0.01471	0.01289	0.04017	0.07310	0.34319	0.04066	0.08148	0.03268	0.17609	0.02217	0.00520	0.00909	0.01321	0.01091	0.01425
34	0.07204	0.01662	0.01938	0.01762	0.02242	0.01695	0.01374	0.07949	0.12283	0.15232	0.08052	0.18809	0.08158	0.02048	0.01158	0.00370	0.00792	0.04873	0.01065	0.01335
35	0.02460	0.01732	0.02256	0.11861	0.06435	0.01876	0.01782	0.06950	0.12649	0.08685	0.03762	0.08710	0.03276	0.01641	0.01086	0.00353	0.00931	0.08794	0.13443	0.01318
36	0.02363	0.02250	0.07692	0.35817	0.05506	0.02308	0.02612	0.03176	0.05677	0.08231	0.02223	0.02824	0.01654	0.01154	0.01256	0.00344	0.06779	0.00929	0.00602	0.06601

[dist]
# distance from previous block
# <min> <max>
4	6

[block]
# block no. 1 follows, 13 sequences, length 15
# corresponding to MSA columns:
# 205-219
name=unknown_B
#
# <colnr> <probs for GDERKNQSTAVLIFYWHMCP>
#	G	D	E	R	K	N	Q	S	T	A	V	L	I	F	Y	W	H	M	C	P
0	0.03524	0.02292	0.03561	0.10867	0.04114	0.02309	0.13818	0.12324	0.07500	0.23810	0.03109	0.03166	0.02124	0.01179	0.01106	0.00339	0.01218	0.01082	0.00946	0.01612
1	0.02448	0.08392	0.08716	0.17598	0.04838	0.06427	0.17413	0.03444	0.09647	0.03128	0.02245	0.02795	0.01736	0.01198	0.01251	0.04382	0.01433	0.01001	0.00576	0.01332
2	0.02540	0.01276	0.01656	0.01535	0.01937	0.01126	0.01157	0.02847	0.02536	0.22349	0.10383	0.27218	0.14368	0.02381	0.01220	0.00371	0.00693	0.02077	0.01115	0.01214
3	0.02192	0.01879	0.02192	0.01566	0.02506	0.01409	0.01253	0.02662	0.02192	0.03445	0.01879	0.02192	0.01566	0.00783	0.00783	0.00157	0.00783	0.00626	0.00626	0.69305
4	0.01493	0.01006	0.01166	0.01210	0.01221	0.00995	0.00701	0.01526	0.01624	0.02166	0.03776	0.16750	0.04404	0.52247	0.04664	0.00919	0.00952	0.01799	0.00701	0.00679
5	0.01366	0.01056	0.01254	0.01304	0.01561	0.00944	0.00975	0.01699	0.02490	0.03225	0.21357	0.20373	0.28860	0.02691	0.01289	0.00377	0.00582	0.06643	0.01030	0.00921
6	0.03018	0.03637	0.05075	0.03834	0.04715	0.22754	0.34323	0.03687	0.02675	0.03100	0.01958	0.02513	0.01517	0.00962	0.01142	0.00326	0.01827	0.01044	0.00538	0.01354
7	0.01510	0.01133	0.01699	0.01699	0.01888	0.01322	0.01322	0.01888	0.01699	0.02454	0.02832	0.04154	0.02643	0.07930	0.58652	0.01699	0.02832	0.01133	0.00566	0.00944
8	0.01367	0.01009	0.01279	0.01352	0.01536	0.00921	0.00961	0.01692	0.02479	0.03351	0.26900	0.32023	0.15742	0.02746	0.01292	0.00379	0.00555	0.02441	0.01056	0.00921
9	0.02624	0.10331	0.02566	0.01768	0.02323	0.02160	0.01449	0.15105	0.07135	0.08511	0.27542	0.05114	0.05734	0.01652	0.01096	0.00316	0.00804	0.01374	0.01043	0.01353
10	0.03345	0.02260	0.02470	0.02032	0.02698	0.02462	0.01634	0.22953	0.20026	0.12481	0.03476	0.03362	0.02516	0.01321	0.01013	0.00320	0.00914	0.01051	0.12040	0.01627
11	0.10931	0.01147	0.01351	0.01517	0.01722	0.01141	0.01128	0.01842	0.02106	0.03086	0.05611	0.39470	0.10317	0.02858	0.01266	0.00420	0.00705	0.11524	0.00935	0.00924
12	0.04265	0.01678	0.02284	0.01824	0.02538	0.01458	0.01475	0.04643	0.02887	0.49456	0.04401	0.11714	0.03224	0.01586	0.01103	0.00341	0.00860	0.01332	0.01263	0.01669
13	0.01920	0.01171	0.01518	0.01396	0.01722	0.01058	0.01059	0.02365	0.02881	0.11477	0.41130	0.11195	0.12667	0.02164	0.01228	0.00341	0.00567	0.01894	0.01156	0.01093
14	0.01916	0.01346	0.01679	0.01473	0.01888	0.01237	0.01131	0.02625	0.07417	0.07776	0.40150	0.06462	0.07709	0.01848	0.01155	0.00310	0.00596	0.01612	0.01092	0.10579

[dist]
# distance from previous block
# <min> <max>
1	38

[block]
# block no. 2 follows, 13 sequences, length 14
# corresponding to MSA columns:
# 258-271
name=unknown_C
#
# <colnr> <probs for GDERKNQSTAVLIFYWHMCP>
#	G	D	E	R	K	N	Q	S	T	A	V	L	I	F	Y	W	H	M	C	P
0	0.15333	0.02402	0.06767	0.01963	0.02820	0.02153	0.01721	0.13394	0.06627	0.22260	0.02874	0.02773	0.01988	0.01150	0.00945	0.00303	0.00967	0.00878	0.00959	0.11725
1	0.07355	0.01140	0.01340	0.01379	0.01637	0.01064	0.00992	0.01823	0.02303	0.03316	0.17835	0.32517	0.13894	0.02578	0.01213	0.00369	0.00604	0.02266	0.00974	0.05399
2	0.15826	0.39881	0.09899	0.01826	0.02679	0.03358	0.01831	0.03028	0.02078	0.03039	0.01892	0.06981	0.01801	0.01138	0.00766	0.00275	0.01071	0.00801	0.00537	0.01294
3	0.01943	0.01161	0.01476	0.01406	0.01727	0.01037	0.01049	0.02305	0.02651	0.12445	0.26240	0.20684	0.16995	0.02397	0.01241	0.00360	0.00601	0.02096	0.01109	0.01078
4	0.02057	0.01941	0.03280	0.55083	0.12030	0.02365	0.02966	0.02754	0.02143	0.02774	0.01890	0.02799	0.01435	0.01046	0.01056	0.00349	0.01395	0.00940	0.00475	0.01223
5	0.01254	0.01055	0.01088	0.01114	0.01439	0.00889	0.00822	0.01513	0.02369	0.02840	0.10192	0.15703	0.50625	0.02745	0.01260	0.00365	0.00544	0.02314	0.00982	0.00889
6	0.02617	0.02512	0.04292	0.06490	0.56246	0.02512	0.03245	0.03245	0.02407	0.03454	0.01989	0.02617	0.01675	0.00942	0.01047	0.00314	0.01256	0.00942	0.00523	0.01675
7	0.01837	0.00918	0.01377	0.01377	0.01377	0.00918	0.00918	0.01377	0.01377	0.01837	0.01837	0.03214	0.01837	0.03673	0.04132	0.69238	0.00918	0.00918	0.00459	0.00459
8	0.02192	0.01879	0.02192	0.01566	0.02506	0.01409	0.01253	0.02662	0.02192	0.03445	0.01879	0.02192	0.01566	0.00783	0.00783	0.00157	0.00783	0.00626	0.00626	0.69305
9	0.03950	0.05039	0.02996	0.02724	0.03269	0.58597	0.02043	0.04222	0.02996	0.02588	0.01634	0.01907	0.01362	0.01090	0.00953	0.00272	0.01907	0.00681	0.00545	0.01226
10	0.02827	0.63478	0.05540	0.01809	0.02714	0.04184	0.01809	0.03166	0.02148	0.02488	0.01470	0.01696	0.01357	0.00905	0.00678	0.00226	0.01131	0.00565	0.00452	0.01357
11	0.01282	0.01023	0.01149	0.01222	0.01474	0.00890	0.00877	0.01541	0.02332	0.02917	0.12758	0.26785	0.36348	0.02841	0.01282	0.00378	0.00558	0.02456	0.00996	0.00890
12	0.01490	0.01113	0.01656	0.01678	0.01856	0.01279	0.01290	0.01850	0.01729	0.02477	0.03106	0.09467	0.03042	0.07507	0.53402	0.01583	0.02629	0.01304	0.00604	0.00936
13	0.09191	0.02277	0.02619	0.02078	0.02811	0.02402	0.01705	0.26990	0.03667	0.21711	0.03005	0.03024	0.02117	0.02159	0.08808	0.00508	0.01279	0.00981	0.01038	0.01631

[dist]
# distance from previous block
# <min> <max>
0	1

[block]
# block no. 3 follows, 13 sequences, length 41
# corresponding to MSA columns:
# 273-289,316-339
name=unknown_D
#
# <colnr> <probs for GDERKNQSTAVLIFYWHMCP>
#	G	D	E	R	K	N	Q	S	T	A	V	L	I	F	Y	W	H	M	C	P
0	0.42897	0.02341	0.02365	0.02591	0.12573	0.06296	0.01722	0.03333	0.02082	0.08301	0.01788	0.02092	0.01394	0.01068	0.00978	0.00330	0.05173	0.00714	0.00660	0.01304
1	0.37587	0.06639	0.07146	0.01867	0.02602	0.02347	0.05049	0.03203	0.06903	0.04060	0.02268	0.07919	0.01996	0.01227	0.00843	0.00325	0.00952	0.00935	0.00683	0.05449
2	0.01705	0.01475	0.01561	0.01668	0.01850	0.06655	0.01180	0.02199	0.07079	0.02931	0.08300	0.42187	0.05909	0.03250	0.06307	0.00513	0.00947	0.02374	0.00924	0.00988
3	0.02617	0.02512	0.04292	0.06490	0.56246	0.02512	0.03245	0.03245	0.02407	0.03454	0.01989	0.02617	0.01675	0.00942	0.01047	0.00314	0.01256	0.00942	0.00523	0.01675
4	0.01314	0.01026	0.01192	0.01251	0.01493	0.00904	0.00900	0.01604	0.02412	0.03098	0.18630	0.25958	0.30915	0.02768	0.01280	0.00375	0.00552	0.02407	0.01020	0.00904
5	0.56517	0.01993	0.01743	0.01494	0.02182	0.02200	0.01231	0.03538	0.02057	0.15732	0.02040	0.02113	0.01455	0.01050	0.00740	0.00327	0.00835	0.00676	0.00792	0.01283
6	0.70310	0.02045	0.01554	0.01390	0.02045	0.02372	0.01145	0.03108	0.01799	0.04744	0.01472	0.01718	0.01145	0.00981	0.00654	0.00327	0.00818	0.00573	0.00654	0.01145
7	0.02143	0.01237	0.01544	0.01377	0.01783	0.01090	0.01065	0.02555	0.02832	0.15492	0.31335	0.07605	0.21571	0.02122	0.01207	0.00338	0.00598	0.01817	0.01143	0.01144
8	0.01288	0.00920	0.01227	0.01472	0.01534	0.00859	0.00981	0.01472	0.02024	0.02699	0.05828	0.62152	0.06993	0.03312	0.01350	0.00429	0.00613	0.03006	0.00981	0.00859
9	0.01755	0.01011	0.01011	0.01011	0.01291	0.00958	0.00758	0.02180	0.02275	0.03617	0.05624	0.05809	0.18617	0.01665	0.00892	0.00280	0.00506	0.01359	0.48424	0.00958
10	0.02489	0.02590	0.03867	0.08844	0.08963	0.06802	0.12661	0.03153	0.06071	0.02967	0.01888	0.02598	0.01602	0.01406	0.02193	0.00395	0.28669	0.00998	0.00537	0.01308
11	0.03741	0.02533	0.02802	0.02243	0.03010	0.02755	0.01822	0.29537	0.19387	0.15592	0.03379	0.03162	0.02383	0.01326	0.01064	0.00332	0.01015	0.01046	0.01111	0.01761
12	0.02894	0.02065	0.02258	0.01942	0.02564	0.02220	0.01536	0.11361	0.29434	0.12714	0.05258	0.04882	0.12965	0.01629	0.01104	0.00348	0.00835	0.01338	0.01092	0.01562
13	0.01608	0.01069	0.01603	0.01603	0.01735	0.01201	0.01201	0.01735	0.01603	0.02269	0.02534	0.03872	0.02402	0.06655	0.42322	0.21929	0.02259	0.01069	0.00534	0.00799
14	0.02649	0.02349	0.04091	0.29860	0.05804	0.02544	0.18288	0.10856	0.02739	0.07109	0.02215	0.02837	0.01611	0.01054	0.01118	0.00347	0.01455	0.01047	0.00637	0.01392
15	0.12391	0.21970	0.14132	0.02364	0.03293	0.10677	0.05663	0.07443	0.06666	0.03529	0.01932	0.02157	0.01526	0.01030	0.00876	0.00294	0.01299	0.00752	0.00595	0.01413
16	0.22248	0.12445	0.03397	0.07379	0.03431	0.12066	0.08404	0.07382	0.02537	0.08737	0.01960	0.02233	0.01488	0.01035	0.00891	0.00307	0.01263	0.00786	0.00665	0.01344
17	0.08144	0.02190	0.02985	0.10807	0.03642	0.02337	0.08815	0.19835	0.03188	0.09149	0.02973	0.11103	0.02528	0.01451	0.01072	0.00340	0.01111	0.01262	0.05653	0.01416
18	0.01538	0.01025	0.01153	0.01153	0.01153	0.01025	0.00641	0.01538	0.01538	0.02050	0.03331	0.06919	0.03844	0.62842	0.05382	0.01025	0.01025	0.01538	0.00641	0.00641
19	0.03008	0.11723	0.03701	0.12090	0.03893	0.15333	0.05723	0.11962	0.02732	0.03359	0.01790	0.02296	0.01469	0.01249	0.01543	0.00336	0.15017	0.00850	0.00591	0.01336
20	0.01536	0.01166	0.01428	0.01394	0.01661	0.01115	0.01032	0.02187	0.07593	0.03821	0.36715	0.16369	0.15294	0.02346	0.01247	0.00354	0.00554	0.02061	0.01101	0.01025
21	0.01402	0.01065	0.01291	0.01260	0.01528	0.00954	0.00935	0.01804	0.02733	0.03683	0.37603	0.12967	0.24090	0.02416	0.01256	0.00348	0.00520	0.02100	0.01092	0.00954
22	0.01932	0.01359	0.01580	0.01503	0.01857	0.01342	0.01124	0.02771	0.13797	0.07669	0.14974	0.14957	0.20228	0.02388	0.01464	0.06406	0.00670	0.01855	0.01014	0.01112
23	0.70310	0.02045	0.01554	0.01390	0.02045	0.02372	0.01145	0.03108	0.01799	0.04744	0.01472	0.01718	0.01145	0.00981	0.00654	0.00327	0.00818	0.00573	0.00654	0.01145
24	0.01340	0.01061	0.01205	0.01198	0.01491	0.00927	0.00887	0.01682	0.02581	0.03330	0.26124	0.13934	0.35387	0.02552	0.01257	0.00355	0.00529	0.02187	0.01046	0.00927
25	0.70310	0.02045	0.01554	0.01390	0.02045	0.02372	0.01145	0.03108	0.01799	0.04744	0.01472	0.01718	0.01145	0.00981	0.00654	0.00327	0.00818	0.00573	0.00654	0.01145
26	0.01285	0.00932	0.01215	0.01441	0.01525	0.00861	0.00968	0.01476	0.02054	0.02711	0.06203	0.58156	0.10747	0.03264	0.01342	0.00424	0.00607	0.02946	0.00982	0.00861
27	0.03950	0.05039	0.02996	0.02724	0.03269	0.58597	0.02043	0.04222	0.02996	0.02588	0.01634	0.01907	0.01362	0.01090	0.00953	0.00272	0.01907	0.00681	0.00545	0.01226
28	0.01383	0.00993	0.01312	0.01407	0.01555	0.00922	0.00989	0.01711	0.02467	0.03403	0.28597	0.37377	0.08355	0.02787	0.01303	0.00385	0.00561	0.02506	0.01065	0.00922
29	0.09425	0.17801	0.03495	0.02238	0.02991	0.16354	0.01867	0.21415	0.07434	0.04362	0.02116	0.02227	0.01645	0.01127	0.00908	0.00289	0.01274	0.00782	0.00758	0.01491
30	0.03950	0.05039	0.02996	0.02724	0.03269	0.58597	0.02043	0.04222	0.02996	0.02588	0.01634	0.01907	0.01362	0.01090	0.00953	0.00272	0.01907	0.00681	0.00545	0.01226
31	0.08403	0.01972	0.02825	0.32185	0.05080	0.02197	0.02283	0.08318	0.02645	0.19869	0.02613	0.02944	0.01796	0.01149	0.01027	0.00339	0.01183	0.00950	0.00798	0.01424
32	0.02874	0.03598	0.22348	0.03024	0.04132	0.02610	0.14528	0.13255	0.10215	0.08847	0.02615	0.02798	0.01867	0.01115	0.01088	0.00339	0.01378	0.01007	0.00748	0.01612
33	0.02192	0.01879	0.02192	0.01566	0.02506	0.01409	0.01253	0.02662	0.02192	0.03445	0.01879	0.02192	0.01566	0.00783	0.00783	0.00157	0.00783	0.00626	0.00626	0.69305
34	0.02764	0.02338	0.02466	0.02179	0.02801	0.02693	0.01706	0.10170	0.49566	0.04639	0.04133	0.03809	0.03089	0.01418	0.01074	0.00355	0.00868	0.01172	0.01074	0.01686
35	0.02414	0.02044	0.02204	0.01995	0.02526	0.02318	0.01545	0.04927	0.44541	0.04388	0.14107	0.04699	0.04515	0.01573	0.01109	0.00354	0.00772	0.01332	0.01093	0.01545
36	0.01971	0.00985	0.00985	0.00985	0.01232	0.00985	0.00739	0.02464	0.02217	0.03942	0.03449	0.03942	0.02710	0.01232	0.00739	0.00246	0.00493	0.00985	0.68712	0.00985
37	0.01454	0.01127	0.01683	0.01657	0.01862	0.01049	0.05014	0.01802	0.02394	0.03282	0.22672	0.38865	0.07596	0.02727	0.01306	0.00390	0.00666	0.02492	0.01009	0.00951
38	0.03001	0.25249	0.08462	0.02469	0.03233	0.16568	0.06041	0.07997	0.02637	0.03101	0.02015	0.02806	0.01791	0.01214	0.01106	0.00302	0.05540	0.04542	0.00579	0.01345
39	0.09350	0.07923	0.19516	0.07725	0.04071	0.02502	0.09942	0.08394	0.02638	0.14456	0.02377	0.02590	0.01669	0.01069	0.01004	0.00327	0.01307	0.00901	0.00714	0.01523
40	0.01373	0.01088	0.01352	0.01440	0.01602	0.01067	0.01032	0.01612	0.02188	0.02859	0.10978	0.37191	0.21748	0.02911	0.01477	0.00402	0.05302	0.02518	0.00956	0.00904

[dist]
# distance from previous block
# <min> <max>
6	54

[block]
# block no. 4 follows, 13 sequences, length 23
# corresponding to MSA columns:
# 404-426
name=unknown_E
#
# <colnr> <probs for GDERKNQSTAVLIFYWHMCP>
#	G	D	E	R	K	N	Q	S	T	A	V	L	I	F	Y	W	H	M	C	P
0	0.07722	0.01357	0.01550	0.01434	0.01762	0.01343	0.01055	0.06708	0.02540	0.09330	0.15528	0.15190	0.09347	0.12911	0.01878	0.00465	0.00742	0.01694	0.06374	0.01069
1	0.05656	0.07595	0.07507	0.08695	0.07905	0.02554	0.02146	0.16855	0.07133	0.04275	0.02572	0.03409	0.02136	0.01254	0.01003	0.00311	0.01112	0.05494	0.00761	0.11626
2	0.02102	0.02045	0.03589	0.44536	0.06474	0.02304	0.11176	0.02814	0.02187	0.02897	0.01923	0.02758	0.01459	0.01000	0.01060	0.00332	0.01406	0.00959	0.00498	0.08479
3	0.07745	0.04872	0.47920	0.02753	0.04186	0.02357	0.03446	0.03268	0.02193	0.03472	0.01861	0.02186	0.01343	0.00983	0.00956	0.00319	0.01433	0.00750	0.00479	0.07478
4	0.02725	0.01670	0.02556	0.29538	0.04633	0.01801	0.02090	0.03267	0.02506	0.19747	0.10006	0.08636	0.03375	0.01467	0.01108	0.00348	0.01065	0.01277	0.00864	0.01319
5	0.01335	0.00956	0.01269	0.01440	0.01544	0.00890	0.00985	0.01591	0.02243	0.03048	0.17107	0.49879	0.07668	0.03052	0.01326	0.00407	0.00587	0.02758	0.01023	0.00890
6	0.01447	0.01084	0.01363	0.01517	0.01682	0.01050	0.01082	0.01922	0.06502	0.03025	0.10346	0.43640	0.11556	0.02967	0.01318	0.00413	0.00644	0.06487	0.01004	0.00951
7	0.03666	0.01737	0.02209	0.01734	0.02471	0.01532	0.01404	0.04312	0.07029	0.35097	0.06872	0.03668	0.02938	0.01270	0.00997	0.00292	0.00813	0.01041	0.07078	0.13842
8	0.34111	0.02382	0.06799	0.07813	0.07440	0.02442	0.01876	0.08289	0.02274	0.04281	0.01860	0.02262	0.01450	0.01110	0.01037	0.00333	0.05934	0.00760	0.06263	0.01284
9	0.01317	0.01049	0.01128	0.01147	0.01411	0.00917	0.00814	0.01555	0.02288	0.02835	0.12808	0.15048	0.39176	0.11571	0.01869	0.00461	0.00613	0.02185	0.00947	0.00861
10	0.01349	0.00964	0.01297	0.01542	0.01630	0.00912	0.01088	0.01578	0.02085	0.02768	0.05794	0.54749	0.06859	0.03255	0.01366	0.00438	0.00667	0.09804	0.00980	0.00876
11	0.11001	0.03561	0.08040	0.02377	0.03172	0.20101	0.02035	0.19609	0.03429	0.13242	0.02352	0.02401	0.01684	0.01164	0.00978	0.00308	0.01353	0.00829	0.00837	0.01527
12	0.02499	0.01960	0.03148	0.25888	0.04665	0.02343	0.06449	0.02928	0.02068	0.10431	0.02097	0.02843	0.01639	0.01567	0.02035	0.07720	0.16946	0.00977	0.00593	0.01204
13	0.01387	0.00968	0.01218	0.01356	0.01413	0.00925	0.00871	0.01537	0.01945	0.02613	0.09114	0.39584	0.06207	0.22727	0.02662	0.00617	0.00739	0.02435	0.00885	0.00799
14	0.02121	0.05469	0.57364	0.03014	0.04576	0.02455	0.03906	0.03348	0.02232	0.03348	0.01897	0.02232	0.01339	0.01005	0.01005	0.00335	0.01563	0.00781	0.00446	0.01563
15	0.02603	0.02468	0.10753	0.16669	0.04250	0.02029	0.06626	0.07297	0.02546	0.11332	0.02678	0.08417	0.02195	0.01254	0.01042	0.00313	0.01171	0.01101	0.00725	0.14531
16	0.01918	0.01133	0.01475	0.01514	0.01774	0.01072	0.01177	0.02324	0.02492	0.09170	0.17173	0.21393	0.06321	0.02386	0.01220	0.00379	0.00682	0.13117	0.12239	0.01040
17	0.01832	0.01406	0.01816	0.01727	0.01885	0.01604	0.01296	0.05952	0.02179	0.03102	0.09065	0.19370	0.04426	0.11964	0.11678	0.00699	0.11935	0.01693	0.05379	0.00993
18	0.08099	0.28324	0.16118	0.06884	0.03414	0.02958	0.02287	0.03306	0.02258	0.09017	0.02244	0.02970	0.01872	0.01158	0.00889	0.00302	0.01188	0.04717	0.00607	0.01389
19	0.09779	0.02328	0.07154	0.02537	0.07356	0.02172	0.06224	0.08343	0.14438	0.07724	0.08387	0.04698	0.07552	0.01523	0.01095	0.00351	0.01004	0.05015	0.00892	0.01428
20	0.01362	0.00967	0.01189	0.01335	0.01406	0.00913	0.00859	0.01497	0.01911	0.02514	0.05526	0.40089	0.10718	0.21640	0.02585	0.00606	0.00733	0.02478	0.00876	0.00795
21	0.02775	0.07571	0.25235	0.07369	0.04019	0.02333	0.06901	0.07406	0.02593	0.13810	0.02723	0.07848	0.02149	0.01275	0.01053	0.00336	0.01296	0.01082	0.00719	0.01508
22	0.03588	0.07517	0.07795	0.07265	0.03633	0.02392	0.07385	0.11592	0.07983	0.25230	0.03121	0.03059	0.02135	0.01191	0.01046	0.00326	0.01144	0.01004	0.00954	0.01639

[dist]
# distance from previous block
# <min> <max>
0	1

[block]
# block no. 5 follows, 13 sequences, length 27
# corresponding to MSA columns:
# 428-454
name=unknown_F
#
# <colnr> <probs for GDERKNQSTAVLIFYWHMCP>
#	G	D	E	R	K	N	Q	S	T	A	V	L	I	F	Y	W	H	M	C	P
0	0.02631	0.07556	0.09525	0.11993	0.08848	0.08433	0.08396	0.09164	0.02666	0.03511	0.07104	0.02955	0.02316	0.01248	0.01360	0.00338	0.08964	0.00998	0.00625	0.01369
1	0.60498	0.02180	0.01794	0.01545	0.02227	0.02506	0.01273	0.10452	0.02269	0.05028	0.01630	0.01839	0.01242	0.01024	0.00714	0.00326	0.00869	0.00629	0.00714	0.01242
2	0.01573	0.01012	0.01180	0.01180	0.01180	0.01012	0.00674	0.01519	0.01519	0.02025	0.03154	0.06478	0.03605	0.55802	0.05233	0.09141	0.01012	0.01464	0.00619	0.00619
3	0.18507	0.02701	0.15129	0.02047	0.02904	0.02031	0.04881	0.07045	0.02504	0.14950	0.02633	0.02792	0.01877	0.01119	0.00901	0.00314	0.01026	0.00871	0.14359	0.01408
4	0.13292	0.01919	0.02161	0.01646	0.02491	0.01680	0.01328	0.03453	0.06258	0.14417	0.02458	0.02533	0.01837	0.00968	0.00841	0.00232	0.00816	0.00749	0.00801	0.40118
5	0.01396	0.01004	0.01273	0.01420	0.01542	0.00946	0.00994	0.01624	0.02125	0.02811	0.10720	0.36314	0.11666	0.13065	0.02018	0.00519	0.00706	0.08062	0.00941	0.00853
6	0.02501	0.03714	0.28682	0.14824	0.09710	0.02360	0.09536	0.03429	0.02353	0.09614	0.02203	0.02626	0.01570	0.01031	0.01057	0.00338	0.01453	0.00920	0.00572	0.01506
7	0.08551	0.08225	0.07872	0.02042	0.02969	0.01996	0.05156	0.03940	0.02545	0.26732	0.02825	0.02769	0.01953	0.01066	0.00937	0.00280	0.01009	0.00863	0.00886	0.17384
8	0.07404	0.06864	0.23307	0.02359	0.03456	0.02357	0.02498	0.11614	0.02907	0.22877	0.02752	0.02703	0.01852	0.01146	0.00994	0.00323	0.01198	0.00883	0.00859	0.01647
9	0.01510	0.01133	0.01699	0.01699	0.01888	0.01322	0.01322	0.01888	0.01699	0.02454	0.02832	0.04154	0.02643	0.07930	0.58652	0.01699	0.02832	0.01133	0.00566	0.00944
10	0.01825	0.01309	0.01552	0.01603	0.01833	0.01343	0.01149	0.08104	0.07774	0.03483	0.05021	0.42753	0.05523	0.02650	0.01220	0.00389	0.00689	0.02356	0.08357	0.01068
11	0.02784	0.06547	0.07767	0.27874	0.10098	0.02477	0.02581	0.07972	0.06147	0.11857	0.02452	0.02849	0.01777	0.01116	0.01028	0.00332	0.01246	0.00939	0.00699	0.01457
12	0.03429	0.02382	0.03243	0.02568	0.03174	0.06211	0.09316	0.10519	0.02788	0.21573	0.02753	0.03008	0.02011	0.01983	0.07177	0.00488	0.14010	0.01027	0.00856	0.01486
13	0.01837	0.00918	0.01377	0.01377	0.01377	0.00918	0.00918	0.01377	0.01377	0.01837	0.01837	0.03214	0.01837	0.03673	0.04132	0.69238	0.00918	0.00918	0.00459	0.00459
14	0.01323	0.00945	0.01266	0.01512	0.01588	0.00888	0.01041	0.01532	0.02058	0.02738	0.05808	0.57988	0.06918	0.03280	0.01359	0.00434	0.00643	0.06829	0.00981	0.00868
15	0.02313	0.02313	0.03238	0.02776	0.02776	0.03238	0.02313	0.02545	0.01619	0.02545	0.01388	0.02313	0.01388	0.01851	0.03470	0.00463	0.60907	0.00925	0.00463	0.01157
16	0.03320	0.08973	0.03558	0.02529	0.03337	0.03115	0.07889	0.28339	0.18449	0.05206	0.02884	0.02890	0.02137	0.01234	0.01046	0.00324	0.01141	0.01017	0.00938	0.01673
17	0.35399	0.15635	0.13351	0.01949	0.02818	0.09448	0.01923	0.03299	0.02097	0.03755	0.01573	0.01835	0.01252	0.00983	0.00763	0.00301	0.01156	0.00624	0.00560	0.01279
18	0.02740	0.02687	0.05476	0.03968	0.04966	0.02554	0.42257	0.03785	0.07579	0.08997	0.02558	0.03035	0.01866	0.00987	0.01212	0.00354	0.01600	0.01224	0.00667	0.01488
19	0.02244	0.07015	0.11203	0.16505	0.08370	0.02389	0.19140	0.03013	0.02350	0.03276	0.05796	0.03116	0.02194	0.01069	0.01068	0.00328	0.01372	0.01066	0.07158	0.01326
20	0.01382	0.01009	0.01300	0.01369	0.01545	0.00927	0.00973	0.01720	0.02511	0.03432	0.29538	0.32112	0.12822	0.02718	0.01293	0.00378	0.00553	0.02425	0.01067	0.00927
21	0.02355	0.09953	0.10505	0.02098	0.02771	0.02241	0.04435	0.12723	0.06879	0.04080	0.15288	0.14220	0.04579	0.01744	0.01109	0.00337	0.00973	0.01496	0.00881	0.01331
22	0.01689	0.01087	0.01358	0.01357	0.01588	0.00990	0.00965	0.01979	0.02412	0.08040	0.21125	0.24693	0.15636	0.10040	0.01774	0.00452	0.00642	0.02185	0.01024	0.00965
23	0.02056	0.11042	0.28587	0.02576	0.03567	0.02290	0.08563	0.02830	0.02113	0.02969	0.02487	0.08708	0.02297	0.08189	0.06715	0.00528	0.01503	0.01136	0.00540	0.01302
24	0.02859	0.22934	0.20717	0.09307	0.03932	0.12542	0.02616	0.03513	0.02389	0.07316	0.01904	0.02191	0.01463	0.01019	0.00904	0.00291	0.01412	0.00738	0.00539	0.01413
25	0.16378	0.14211	0.03280	0.02045	0.02883	0.02677	0.05066	0.14802	0.02949	0.16440	0.02411	0.02449	0.01740	0.01082	0.00896	0.00292	0.01038	0.00820	0.00845	0.07697
26	0.19603	0.17757	0.07150	0.02113	0.02967	0.02926	0.05231	0.11998	0.07001	0.10507	0.02282	0.02372	0.01701	0.01083	0.00877	0.00306	0.01082	0.00805	0.00763	0.01478

[dist]
# distance from previous block
# <min> <max>
0	36

[block]
# block no. 6 follows, 13 sequences, length 21
# corresponding to MSA columns:
# 491-511
name=unknown_G
#
# <colnr> <probs for GDERKNQSTAVLIFYWHMCP>
#	G	D	E	R	K	N	Q	S	T	A	V	L	I	F	Y	W	H	M	C	P
0	0.18838	0.02177	0.02865	0.06006	0.03208	0.02349	0.07859	0.11976	0.02735	0.16479	0.02709	0.07135	0.02139	0.01366	0.01258	0.00352	0.07194	0.01078	0.00854	0.01425
1	0.07438	0.08291	0.07086	0.13951	0.08764	0.02428	0.07367	0.06787	0.02455	0.03484	0.06492	0.07323	0.02847	0.01456	0.01227	0.00353	0.05035	0.05260	0.00666	0.01288
2	0.02178	0.01370	0.01658	0.01484	0.01906	0.01297	0.01147	0.02950	0.09894	0.13388	0.29540	0.07090	0.17837	0.02023	0.01191	0.00341	0.00625	0.01733	0.01138	0.01210
3	0.02728	0.02205	0.03162	0.18577	0.09177	0.02222	0.05931	0.12212	0.02789	0.07817	0.02201	0.02623	0.01657	0.01010	0.00990	0.00283	0.01154	0.00881	0.00697	0.21684
4	0.01384	0.00994	0.01313	0.01407	0.01555	0.00923	0.00989	0.01713	0.02470	0.03408	0.28784	0.37173	0.08367	0.02783	0.01302	0.00385	0.00561	0.02502	0.01065	0.00923
5	0.02160	0.01796	0.01976	0.01805	0.02272	0.01972	0.01390	0.04139	0.33839	0.04246	0.21378	0.05691	0.09376	0.01763	0.01144	0.00350	0.00705	0.01505	0.01097	0.01396
6	0.01350	0.01075	0.01210	0.01176	0.01489	0.00935	0.00882	0.01711	0.02646	0.03417	0.28931	0.09253	0.37247	0.02469	0.01249	0.00347	0.00521	0.02102	0.01056	0.00935
7	0.02128	0.02229	0.07258	0.21932	0.17593	0.02159	0.06019	0.02989	0.06812	0.03284	0.07827	0.09403	0.03055	0.01385	0.01114	0.00348	0.01188	0.01279	0.00659	0.01339
8	0.70310	0.02045	0.01554	0.01390	0.02045	0.02372	0.01145	0.03108	0.01799	0.04744	0.01472	0.01718	0.01145	0.00981	0.00654	0.00327	0.00818	0.00573	0.00654	0.01145
9	0.01301	0.00947	0.01227	0.01424	0.01528	0.00873	0.00966	0.01519	0.02138	0.02838	0.10294	0.52975	0.11750	0.03161	0.01332	0.00415	0.00597	0.02846	0.00996	0.00873
10	0.03276	0.02592	0.02755	0.02282	0.02996	0.02932	0.01830	0.27539	0.31363	0.05466	0.03482	0.03290	0.02562	0.01358	0.01067	0.00339	0.00989	0.01082	0.01067	0.01732
11	0.08831	0.13804	0.10248	0.02027	0.03014	0.02254	0.05583	0.03141	0.02243	0.07681	0.01973	0.02225	0.01547	0.00903	0.00838	0.00237	0.01037	0.00712	0.00621	0.31080
12	0.03759	0.07360	0.03006	0.02267	0.02966	0.12030	0.01845	0.17659	0.12276	0.17819	0.02959	0.02869	0.02123	0.01286	0.01163	0.00321	0.04779	0.00947	0.00958	0.01610
13	0.70310	0.02045	0.01554	0.01390	0.02045	0.02372	0.01145	0.03108	0.01799	0.04744	0.01472	0.01718	0.01145	0.00981	0.00654	0.00327	0.00818	0.00573	0.00654	0.01145
14	0.01498	0.01073	0.01458	0.01482	0.01591	0.01170	0.01045	0.01722	0.01674	0.02334	0.03304	0.10839	0.03499	0.27056	0.34027	0.01334	0.01970	0.01461	0.00634	0.00827
15	0.01288	0.00920	0.01227	0.01472	0.01534	0.00859	0.00981	0.01472	0.02024	0.02699	0.05828	0.62152	0.06993	0.03312	0.01350	0.00429	0.00613	0.03006	0.00981	0.00859
16	0.01382	0.01027	0.01420	0.07472	0.02090	0.01026	0.01152	0.01604	0.01991	0.02643	0.05207	0.51300	0.06149	0.08226	0.01668	0.00473	0.00731	0.02667	0.00900	0.00872
17	0.04744	0.01799	0.02454	0.01881	0.02699	0.01554	0.01554	0.05153	0.03026	0.56979	0.04171	0.03599	0.02617	0.01309	0.01063	0.00327	0.00900	0.01063	0.01309	0.01799
18	0.01976	0.02480	0.14038	0.10613	0.03612	0.01920	0.07258	0.03080	0.10555	0.03772	0.23281	0.04855	0.05038	0.01518	0.01143	0.00342	0.01036	0.01357	0.00836	0.01289
19	0.09573	0.51454	0.04888	0.01862	0.02705	0.09581	0.01768	0.03268	0.02201	0.02720	0.01487	0.01720	0.01337	0.00931	0.00704	0.00241	0.01179	0.00578	0.00482	0.01323
20	0.06982	0.07715	0.21857	0.07285	0.03632	0.02271	0.02485	0.07821	0.02608	0.10220	0.06512	0.03563	0.02556	0.01281	0.01014	0.00326	0.01181	0.04548	0.00728	0.05413

[dist]
# distance from previous block
# <min> <max>
1	17

[block]
# block no. 7 follows, 13 sequences, length 24
# corresponding to MSA columns:
# 529-552
name=unknown_H
#
# <colnr> <probs for GDERKNQSTAVLIFYWHMCP>
#	G	D	E	R	K	N	Q	S	T	A	V	L	I	F	Y	W	H	M	C	P
0	0.61544	0.10026	0.02072	0.01445	0.02132	0.02607	0.01231	0.03116	0.01845	0.04451	0.01472	0.01715	0.01173	0.00971	0.00657	0.00314	0.00859	0.00572	0.00628	0.01173
1	0.12813	0.03445	0.22773	0.02210	0.03125	0.08168	0.02305	0.03545	0.05436	0.10264	0.02664	0.06394	0.02105	0.01247	0.00949	0.00323	0.01176	0.00964	0.08707	0.01387
2	0.02602	0.02173	0.03703	0.28953	0.12220	0.02355	0.11780	0.03540	0.08019	0.10302	0.02508	0.03024	0.01837	0.01086	0.01094	0.00345	0.01329	0.01041	0.00666	0.01423
3	0.01639	0.01222	0.01688	0.01633	0.01727	0.01425	0.01198	0.01818	0.01615	0.02293	0.02738	0.04715	0.02802	0.23775	0.31540	0.06582	0.08967	0.01216	0.00569	0.00838
4	0.02121	0.05469	0.57364	0.03014	0.04576	0.02455	0.03906	0.03348	0.02232	0.03348	0.01897	0.02232	0.01339	0.01005	0.01005	0.00335	0.01563	0.00781	0.00446	0.01563
5	0.01288	0.00920	0.01227	0.01472	0.01534	0.00859	0.00981	0.01472	0.02024	0.02699	0.05828	0.62152	0.06993	0.03312	0.01350	0.00429	0.00613	0.03006	0.00981	0.00859
6	0.02420	0.02299	0.02954	0.02566	0.02767	0.03034	0.02098	0.03577	0.19319	0.03175	0.02367	0.02861	0.02006	0.01711	0.02666	0.00428	0.40738	0.01016	0.00669	0.01330
7	0.02192	0.01879	0.02192	0.01566	0.02506	0.01409	0.01253	0.02662	0.02192	0.03445	0.01879	0.02192	0.01566	0.00783	0.00783	0.00157	0.00783	0.00626	0.00626	0.69305
8	0.02827	0.63478	0.05540	0.01809	0.02714	0.04184	0.01809	0.03166	0.02148	0.02488	0.01470	0.01696	0.01357	0.00905	0.00678	0.00226	0.01131	0.00565	0.00452	0.01357
9	0.61698	0.02164	0.01764	0.01526	0.02205	0.02490	0.01257	0.09553	0.02211	0.04993	0.01611	0.01824	0.01230	0.01019	0.00707	0.00326	0.00863	0.00622	0.00707	0.01230
10	0.03950	0.05039	0.02996	0.02724	0.03269	0.58597	0.02043	0.04222	0.02996	0.02588	0.01634	0.01907	0.01362	0.01090	0.00953	0.00272	0.01907	0.00681	0.00545	0.01226
11	0.04019	0.02962	0.03173	0.02433	0.03279	0.03279	0.02010	0.52721	0.04971	0.06663	0.02538	0.02538	0.01798	0.01269	0.01058	0.00317	0.01163	0.00952	0.01058	0.01798
12	0.01288	0.00920	0.01227	0.01472	0.01534	0.00859	0.00981	0.01472	0.02024	0.02699	0.05828	0.62152	0.06993	0.03312	0.01350	0.00429	0.00613	0.03006	0.00981	0.00859
13	0.02827	0.63478	0.05540	0.01809	0.02714	0.04184	0.01809	0.03166	0.02148	0.02488	0.01470	0.01696	0.01357	0.00905	0.00678	0.00226	0.01131	0.00565	0.00452	0.01357
14	0.01530	0.01081	0.01339	0.01452	0.01581	0.01053	0.01060	0.01746	0.01997	0.02596	0.05219	0.16130	0.10654	0.28451	0.03092	0.00694	0.00901	0.17783	0.00834	0.00808
15	0.01502	0.01041	0.01319	0.01459	0.01541	0.01022	0.01023	0.01686	0.01923	0.02543	0.04706	0.25672	0.05418	0.28550	0.03094	0.00698	0.00882	0.14291	0.00834	0.00796
16	0.02964	0.02311	0.03534	0.17409	0.20437	0.02454	0.05980	0.10097	0.08413	0.11804	0.02623	0.02962	0.01933	0.01117	0.01070	0.00333	0.01218	0.01010	0.00758	0.01574
17	0.62495	0.02397	0.01724	0.01547	0.02189	0.08993	0.01251	0.03239	0.01940	0.04490	0.01491	0.01740	0.01171	0.00994	0.00690	0.00321	0.00946	0.00585	0.00641	0.01155
18	0.01387	0.00991	0.01341	0.01586	0.01690	0.00944	0.01154	0.01644	0.02122	0.02810	0.05773	0.50168	0.06776	0.03219	0.01376	0.00443	0.00699	0.14011	0.00980	0.00886
19	0.01387	0.01076	0.01261	0.01215	0.01512	0.00951	0.00911	0.01783	0.02734	0.03625	0.35699	0.08910	0.30350	0.02391	0.01248	0.00343	0.00515	0.02054	0.01083	0.00951
20	0.09494	0.01972	0.03127	0.47561	0.12479	0.02371	0.02778	0.02810	0.02114	0.03012	0.01848	0.02675	0.01412	0.01035	0.01012	0.00345	0.01327	0.00900	0.00496	0.01230
21	0.02366	0.02256	0.03838	0.28271	0.36427	0.02446	0.03120	0.03025	0.02289	0.03150	0.01944	0.02699	0.01567	0.00989	0.01051	0.00330	0.01318	0.00941	0.00502	0.01472
22	0.02617	0.02512	0.04292	0.06490	0.56246	0.02512	0.03245	0.03245	0.02407	0.03454	0.01989	0.02617	0.01675	0.00942	0.01047	0.00314	0.01256	0.00942	0.00523	0.01675
23	0.01567	0.01050	0.01329	0.01385	0.01604	0.00949	0.00990	0.01866	0.02423	0.06760	0.19969	0.33879	0.16771	0.02751	0.01284	0.00383	0.00587	0.02437	0.01052	0.00965

[dist]
# distance from previous block
# <min> <max>
0	5

# created by:
# /st0/software/busco_prod/Augustus/scripts/msa2prfl.pl ./align_prep/8275.fa
