[name]
unknown

[dist]
# distance from previous block
# <min> <max>
1	17

[block]
# block no. 0 follows, 12 sequences, length 8
# corresponding to MSA columns:
# 18-25
name=unknown_A
#
# <colnr> <probs for GDERKNQSTAVLIFYWHMCP>
#	G	D	E	R	K	N	Q	S	T	A	V	L	I	F	Y	W	H	M	C	P
0	0.02477	0.08256	0.02170	0.01678	0.02059	0.01668	0.01276	0.03011	0.07495	0.13962	0.04441	0.22681	0.04489	0.14374	0.02077	0.00518	0.00886	0.04326	0.00959	0.01195
1	0.02337	0.02321	0.03381	0.24537	0.05027	0.07521	0.11232	0.03286	0.08451	0.03332	0.08105	0.04562	0.03165	0.01443	0.01185	0.00371	0.01356	0.06397	0.00711	0.01282
2	0.26900	0.01936	0.01986	0.01691	0.02289	0.02063	0.01336	0.08277	0.07834	0.15361	0.08952	0.03857	0.03176	0.08156	0.01472	0.00422	0.00883	0.01077	0.00963	0.01368
3	0.10388	0.02249	0.02314	0.01888	0.02578	0.08158	0.01521	0.09906	0.03079	0.29474	0.03399	0.03261	0.02323	0.01272	0.00981	0.00314	0.00993	0.00974	0.13357	0.01569
4	0.02683	0.01682	0.02167	0.02092	0.07255	0.01550	0.01399	0.03264	0.06761	0.15363	0.09111	0.04800	0.03658	0.17805	0.02277	0.00501	0.00922	0.01241	0.00905	0.14562
5	0.02791	0.01798	0.02230	0.05994	0.02767	0.01731	0.01502	0.08041	0.08037	0.14881	0.11981	0.09185	0.04104	0.04955	0.01346	0.00356	0.00874	0.01346	0.00999	0.15080
6	0.03058	0.02657	0.02912	0.02366	0.03087	0.07309	0.05358	0.18127	0.19374	0.04864	0.08921	0.03638	0.03206	0.01367	0.01092	0.00323	0.01084	0.01135	0.00973	0.09150
7	0.02182	0.01807	0.02539	0.10141	0.03141	0.02015	0.05297	0.08094	0.05445	0.03627	0.13761	0.05636	0.04393	0.13719	0.02366	0.00519	0.07969	0.05359	0.00824	0.01165

[dist]
# distance from previous block
# <min> <max>
6	23

[block]
# block no. 1 follows, 12 sequences, length 24
# corresponding to MSA columns:
# 49-72
name=unknown_B
#
# <colnr> <probs for GDERKNQSTAVLIFYWHMCP>
#	G	D	E	R	K	N	Q	S	T	A	V	L	I	F	Y	W	H	M	C	P
0	0.30974	0.02441	0.03027	0.12455	0.03918	0.02727	0.08927	0.15494	0.02856	0.04822	0.01975	0.02360	0.01471	0.01089	0.00944	0.00344	0.01188	0.00859	0.00730	0.01401
1	0.02269	0.01858	0.03043	0.48811	0.06564	0.02225	0.02723	0.02949	0.02345	0.07685	0.06785	0.03443	0.02347	0.01214	0.01108	0.00359	0.01323	0.01069	0.00626	0.01253
2	0.12602	0.01903	0.02135	0.01804	0.02390	0.01982	0.01438	0.11490	0.10636	0.14902	0.21026	0.04846	0.05073	0.01619	0.01102	0.00342	0.00807	0.01329	0.01122	0.01451
3	0.14297	0.02128	0.02343	0.06978	0.03015	0.02329	0.01645	0.07599	0.22529	0.10857	0.03316	0.03522	0.02535	0.05760	0.01338	0.00392	0.00954	0.01048	0.00941	0.06474
4	0.01371	0.00982	0.01303	0.01489	0.01591	0.00914	0.01015	0.01624	0.02284	0.03096	0.15520	0.50566	0.07817	0.03182	0.01371	0.00423	0.00609	0.02878	0.01049	0.00914
5	0.01924	0.01745	0.02297	0.07038	0.02748	0.06319	0.06637	0.02480	0.02950	0.03985	0.39363	0.06570	0.07784	0.01889	0.01242	0.00342	0.00869	0.01696	0.01010	0.01113
6	0.01506	0.01113	0.01406	0.01333	0.01606	0.01013	0.01000	0.01986	0.03000	0.04166	0.48052	0.08484	0.16668	0.02306	0.01286	0.00347	0.00520	0.02019	0.01173	0.01013
7	0.02191	0.03908	0.30609	0.02909	0.04038	0.02311	0.10513	0.03505	0.09726	0.03668	0.08250	0.07633	0.03090	0.01386	0.01139	0.00359	0.01349	0.01238	0.00689	0.01490
8	0.04892	0.01856	0.02530	0.01940	0.02783	0.01603	0.01603	0.05314	0.03121	0.55634	0.04302	0.03711	0.02699	0.01350	0.01096	0.00337	0.00928	0.01096	0.01350	0.01856
9	0.03731	0.04339	0.03372	0.02876	0.03513	0.39418	0.07263	0.10855	0.03227	0.03354	0.01970	0.02341	0.01597	0.01666	0.05327	0.00409	0.01915	0.00841	0.00639	0.01349
10	0.02699	0.02591	0.04426	0.06693	0.54879	0.02591	0.03346	0.03346	0.02483	0.03562	0.02051	0.02699	0.01727	0.00972	0.01079	0.00324	0.01295	0.00972	0.00540	0.01727
11	0.02733	0.02196	0.03641	0.29145	0.26420	0.02374	0.02954	0.03383	0.02441	0.10744	0.02326	0.02937	0.01747	0.01079	0.01087	0.00343	0.01312	0.00988	0.00632	0.01518
12	0.02115	0.01241	0.01641	0.01469	0.01826	0.01127	0.01127	0.02614	0.03092	0.13126	0.45765	0.07388	0.08992	0.02079	0.01254	0.00342	0.00585	0.01822	0.01226	0.01170
13	0.03751	0.02563	0.03629	0.02798	0.03640	0.07404	0.15044	0.04825	0.12912	0.26291	0.03513	0.03409	0.02419	0.01237	0.01140	0.00347	0.01260	0.01138	0.01011	0.01669
14	0.02653	0.02561	0.04269	0.06139	0.47362	0.02699	0.03207	0.03242	0.02365	0.03427	0.01961	0.02653	0.01684	0.01107	0.01441	0.00346	0.09733	0.00969	0.00531	0.01650
15	0.02700	0.02567	0.04240	0.06270	0.49958	0.02602	0.03193	0.03578	0.07251	0.03657	0.02277	0.02828	0.01879	0.01020	0.01082	0.00328	0.01254	0.00996	0.00594	0.01727
16	0.03041	0.02365	0.03183	0.03075	0.10654	0.02523	0.07199	0.05118	0.32348	0.12399	0.03833	0.03693	0.02818	0.01325	0.01122	0.00358	0.01040	0.01179	0.01006	0.01719
17	0.02997	0.02933	0.04651	0.05218	0.30603	0.06509	0.15014	0.11249	0.02978	0.04022	0.02157	0.02696	0.01707	0.01024	0.01127	0.00332	0.01462	0.01034	0.00634	0.01652
18	0.02096	0.01240	0.01615	0.01449	0.01815	0.01119	0.01112	0.02577	0.03048	0.13021	0.42566	0.07561	0.12257	0.02118	0.01254	0.00344	0.00588	0.01847	0.01212	0.01162
19	0.01418	0.01110	0.01284	0.01241	0.01552	0.00976	0.00930	0.01816	0.02791	0.03672	0.33062	0.09298	0.31968	0.02490	0.01287	0.00355	0.00533	0.02134	0.01108	0.00976
20	0.01328	0.00949	0.01265	0.01518	0.01581	0.00886	0.01012	0.01518	0.02088	0.02783	0.06010	0.60969	0.07212	0.03416	0.01392	0.00443	0.00633	0.03100	0.01012	0.00886
21	0.01735	0.01381	0.01598	0.01615	0.01912	0.01412	0.01179	0.02780	0.16106	0.03573	0.14944	0.28000	0.14375	0.02575	0.01280	0.00393	0.00661	0.02264	0.01072	0.01144
22	0.02902	0.07276	0.04168	0.11201	0.36555	0.08690	0.02974	0.06932	0.02692	0.03553	0.02001	0.02565	0.01648	0.01023	0.01043	0.00317	0.01368	0.00914	0.00572	0.01607
23	0.02918	0.43483	0.08709	0.02066	0.02991	0.03839	0.02018	0.07275	0.11095	0.03292	0.02129	0.02251	0.01761	0.01062	0.00824	0.00272	0.01150	0.00740	0.00622	0.01505

[dist]
# distance from previous block
# <min> <max>
0	1

[block]
# block no. 2 follows, 12 sequences, length 139
# corresponding to MSA columns:
# 74-212
name=unknown_C
#
# <colnr> <probs for GDERKNQSTAVLIFYWHMCP>
#	G	D	E	R	K	N	Q	S	T	A	V	L	I	F	Y	W	H	M	C	P
0	0.02569	0.02799	0.12103	0.09125	0.03716	0.02118	0.02134	0.11780	0.02784	0.04050	0.02066	0.02413	0.01598	0.00975	0.00935	0.00249	0.01102	0.00776	0.00675	0.36033
1	0.22675	0.14540	0.03162	0.02241	0.02854	0.26838	0.01818	0.03666	0.02444	0.03291	0.01583	0.01907	0.01341	0.01126	0.01073	0.00306	0.06635	0.00670	0.00570	0.01258
2	0.01775	0.01126	0.01509	0.01509	0.01743	0.01055	0.01102	0.02151	0.02615	0.08384	0.27746	0.26984	0.07850	0.03056	0.05729	0.00491	0.00786	0.02245	0.01096	0.01048
3	0.69383	0.02109	0.01603	0.01434	0.02109	0.02446	0.01181	0.03205	0.01856	0.04892	0.01518	0.01771	0.01181	0.01012	0.00675	0.00337	0.00843	0.00590	0.00675	0.01181
4	0.02798	0.02887	0.08867	0.12215	0.31364	0.02709	0.07486	0.11193	0.02872	0.03992	0.02136	0.02699	0.01676	0.01043	0.01098	0.00335	0.01377	0.00987	0.00617	0.01648
5	0.02905	0.04370	0.36664	0.03002	0.04360	0.02330	0.09208	0.03919	0.02538	0.16384	0.02568	0.02730	0.01741	0.01099	0.01082	0.00346	0.01470	0.00937	0.00692	0.01655
6	0.69383	0.02109	0.01603	0.01434	0.02109	0.02446	0.01181	0.03205	0.01856	0.04892	0.01518	0.01771	0.01181	0.01012	0.00675	0.00337	0.00843	0.00590	0.00675	0.01181
7	0.02605	0.24821	0.34273	0.02631	0.03947	0.03215	0.03120	0.07499	0.02515	0.03443	0.01863	0.02140	0.01428	0.01024	0.00926	0.00305	0.01424	0.00745	0.00517	0.01560
8	0.01451	0.01088	0.01371	0.01528	0.01740	0.01007	0.01167	0.01775	0.02389	0.03083	0.11119	0.29843	0.20007	0.03035	0.01387	0.00431	0.00703	0.14912	0.01025	0.00939
9	0.01915	0.01531	0.02298	0.09964	0.14522	0.01551	0.01781	0.02458	0.02645	0.03805	0.25108	0.10382	0.06000	0.01782	0.01158	0.00339	0.00823	0.01596	0.09143	0.01198
10	0.03232	0.04013	0.23473	0.02672	0.03764	0.07051	0.02739	0.18303	0.10865	0.09066	0.02706	0.02756	0.01930	0.01218	0.01064	0.00338	0.01345	0.00939	0.00830	0.01695
11	0.01956	0.01206	0.01590	0.01442	0.01771	0.01100	0.01100	0.02459	0.03091	0.10692	0.48140	0.07598	0.09353	0.02121	0.01263	0.00342	0.00565	0.01864	0.01219	0.01131
12	0.03074	0.02419	0.02697	0.02000	0.02928	0.02285	0.01629	0.23663	0.03497	0.04984	0.02231	0.02415	0.01718	0.01024	0.00930	0.00233	0.00977	0.00791	0.00838	0.39668
13	0.02317	0.02139	0.01983	0.01848	0.02241	0.11711	0.01418	0.07111	0.07376	0.03958	0.24256	0.10917	0.10639	0.02083	0.01224	0.00355	0.00923	0.05299	0.01018	0.01183
14	0.69383	0.02109	0.01603	0.01434	0.02109	0.02446	0.01181	0.03205	0.01856	0.04892	0.01518	0.01771	0.01181	0.01012	0.00675	0.00337	0.00843	0.00590	0.00675	0.01181
15	0.01567	0.01129	0.01554	0.01554	0.01680	0.01255	0.01115	0.01820	0.01694	0.02384	0.03102	0.05289	0.03162	0.27035	0.39099	0.01507	0.02264	0.01315	0.00611	0.00863
16	0.01668	0.01015	0.01312	0.01323	0.01361	0.00999	0.00839	0.01579	0.01756	0.02373	0.09383	0.10642	0.04291	0.28532	0.04197	0.24928	0.00913	0.01539	0.00691	0.00659
17	0.02059	0.01938	0.03270	0.59060	0.07510	0.02422	0.03028	0.02786	0.02180	0.02786	0.01938	0.02907	0.01453	0.01090	0.01090	0.00363	0.01453	0.00969	0.00484	0.01211
18	0.04086	0.04803	0.03123	0.02754	0.03373	0.47404	0.02100	0.12962	0.03464	0.03440	0.01857	0.02086	0.01487	0.01158	0.01003	0.00289	0.01826	0.00754	0.00659	0.01372
19	0.01832	0.01543	0.01782	0.01721	0.01859	0.05821	0.01250	0.02061	0.01791	0.02399	0.02890	0.04977	0.02964	0.26398	0.29956	0.01284	0.06703	0.01265	0.00601	0.00901
20	0.01328	0.00949	0.01265	0.01518	0.01581	0.00886	0.01012	0.01518	0.02088	0.02783	0.06010	0.60969	0.07212	0.03416	0.01392	0.00443	0.00633	0.03100	0.01012	0.00886
21	0.01801	0.03163	0.25311	0.02417	0.03275	0.01761	0.06583	0.02528	0.02271	0.03153	0.04555	0.24452	0.10041	0.02094	0.01217	0.00385	0.01149	0.01856	0.00735	0.01253
22	0.02261	0.01938	0.02261	0.01615	0.02584	0.01453	0.01292	0.02745	0.02261	0.03553	0.01938	0.02261	0.01615	0.00807	0.00807	0.00161	0.00807	0.00646	0.00646	0.68346
23	0.02975	0.03295	0.04460	0.03454	0.04233	0.17734	0.25487	0.07356	0.02841	0.03410	0.02476	0.03721	0.02152	0.05966	0.01540	0.00405	0.01694	0.04813	0.00643	0.01343
24	0.61083	0.02088	0.01808	0.08538	0.02774	0.02443	0.01409	0.03153	0.01896	0.04632	0.01570	0.01911	0.01214	0.01022	0.00726	0.00341	0.00919	0.00637	0.00651	0.01185
25	0.01806	0.01569	0.02518	0.02784	0.11204	0.01492	0.07671	0.02263	0.02442	0.03249	0.09585	0.22007	0.13560	0.02413	0.01322	0.00404	0.00941	0.10741	0.00889	0.01140
26	0.04892	0.01856	0.02530	0.01940	0.02783	0.01603	0.01603	0.05314	0.03121	0.55634	0.04302	0.03711	0.02699	0.01350	0.01096	0.00337	0.00928	0.01096	0.01350	0.01856
27	0.03000	0.02513	0.03838	0.09378	0.25937	0.02625	0.06951	0.09833	0.12103	0.08558	0.02756	0.03067	0.02090	0.01145	0.01107	0.00341	0.01235	0.01059	0.00778	0.01685
28	0.02055	0.01873	0.02878	0.03441	0.20710	0.01741	0.05771	0.02536	0.02439	0.03335	0.09216	0.05640	0.16951	0.06765	0.01522	0.00384	0.00988	0.01458	0.00751	0.09547
29	0.04277	0.01720	0.02333	0.01836	0.02571	0.01497	0.01497	0.04716	0.03114	0.46223	0.13481	0.04525	0.04092	0.01511	0.01131	0.00338	0.00852	0.01257	0.01322	0.01704
30	0.03584	0.12785	0.03480	0.02329	0.03149	0.03371	0.01952	0.31967	0.16477	0.05580	0.02885	0.02832	0.02143	0.01288	0.01030	0.00322	0.01111	0.00977	0.00991	0.01746
31	0.08363	0.17093	0.10666	0.02513	0.03526	0.02767	0.10818	0.07505	0.02660	0.12645	0.02317	0.02507	0.01713	0.01036	0.00959	0.00296	0.01235	0.00867	0.00722	0.09790
32	0.13321	0.08381	0.21607	0.02391	0.03465	0.07206	0.02497	0.07823	0.02731	0.16940	0.02477	0.02530	0.01725	0.01133	0.00970	0.00326	0.01286	0.00834	0.00777	0.01581
33	0.01300	0.01062	0.01148	0.01217	0.01502	0.00911	0.00879	0.01552	0.02377	0.02901	0.09672	0.24256	0.41560	0.02940	0.01317	0.00389	0.00574	0.02519	0.01012	0.00911
34	0.01404	0.01019	0.01341	0.01571	0.01696	0.00957	0.01133	0.01658	0.02201	0.02886	0.06415	0.47538	0.11246	0.03284	0.01404	0.00447	0.00694	0.11187	0.01011	0.00910
35	0.03892	0.03338	0.16607	0.02584	0.03611	0.08938	0.06678	0.04556	0.02859	0.31016	0.03188	0.03064	0.02107	0.01203	0.01084	0.00335	0.01314	0.00990	0.00953	0.01685
36	0.02573	0.03650	0.23031	0.10755	0.09677	0.02528	0.20293	0.03526	0.02466	0.07627	0.02241	0.02753	0.01624	0.01021	0.01140	0.00353	0.01589	0.01035	0.00575	0.01542
37	0.01418	0.01060	0.01218	0.01258	0.01443	0.00968	0.00853	0.01639	0.02251	0.02911	0.14768	0.19879	0.23684	0.18881	0.02472	0.00568	0.00701	0.02223	0.00946	0.00859
38	0.02437	0.03088	0.17601	0.28441	0.10398	0.02443	0.09111	0.03298	0.02362	0.07285	0.02172	0.02797	0.01582	0.01065	0.01100	0.00354	0.01487	0.00975	0.00560	0.01445
39	0.03423	0.02279	0.03446	0.15924	0.22153	0.02344	0.02578	0.09743	0.02942	0.20019	0.02797	0.03049	0.01987	0.01156	0.01088	0.00337	0.01203	0.01011	0.00848	0.01672
40	0.02752	0.07916	0.10955	0.05380	0.36249	0.07099	0.07306	0.03446	0.02496	0.03393	0.01981	0.02537	0.01627	0.00984	0.01054	0.00320	0.01424	0.00926	0.00527	0.01628
41	0.03304	0.02234	0.03714	0.15839	0.22756	0.02232	0.06921	0.03915	0.02646	0.21214	0.02811	0.03110	0.01996	0.01121	0.01106	0.00341	0.01251	0.01042	0.00806	0.01640
42	0.03443	0.10997	0.26753	0.02451	0.03647	0.02351	0.02716	0.04232	0.02644	0.25850	0.02914	0.02842	0.01952	0.01158	0.01021	0.00328	0.01262	0.00904	0.00845	0.01691
43	0.03276	0.30001	0.18382	0.02221	0.03312	0.03069	0.02375	0.03893	0.02494	0.17766	0.02420	0.02451	0.01761	0.01078	0.00902	0.00293	0.01219	0.00788	0.00714	0.01585
44	0.02987	0.04158	0.33162	0.03040	0.04358	0.02317	0.11244	0.03965	0.02570	0.17641	0.02636	0.02792	0.01785	0.01102	0.01095	0.00347	0.01464	0.00966	0.00717	0.01654
45	0.02557	0.01728	0.06385	0.01623	0.02207	0.01305	0.01409	0.03043	0.02866	0.19637	0.22725	0.06919	0.19167	0.02001	0.01207	0.00348	0.00746	0.01692	0.01132	0.01303
46	0.03360	0.01983	0.03094	0.27968	0.11311	0.02090	0.02452	0.03945	0.02623	0.25675	0.02971	0.03228	0.02024	0.01187	0.01092	0.00347	0.01207	0.01024	0.00864	0.01553
47	0.03660	0.02001	0.03043	0.10222	0.17396	0.01922	0.02202	0.04188	0.02829	0.30587	0.07700	0.03719	0.02935	0.01291	0.01107	0.00337	0.01057	0.01122	0.01010	0.01670
48	0.02866	0.02369	0.03928	0.05633	0.43713	0.02330	0.02925	0.03474	0.02615	0.10054	0.06983	0.03309	0.02610	0.01130	0.01100	0.00327	0.01180	0.01076	0.00698	0.01681
49	0.02762	0.02150	0.07665	0.02491	0.03172	0.01780	0.11645	0.03514	0.06573	0.17416	0.04275	0.20090	0.03967	0.01955	0.01246	0.00389	0.01092	0.05444	0.00968	0.01407
50	0.02951	0.04143	0.33304	0.03477	0.13448	0.02313	0.03302	0.03894	0.02538	0.16399	0.02555	0.02724	0.01771	0.01102	0.01059	0.00339	0.01384	0.00908	0.00695	0.01693
51	0.02066	0.04793	0.45820	0.02783	0.04141	0.02251	0.03467	0.03192	0.02449	0.03625	0.11752	0.03395	0.03048	0.01259	0.01083	0.00345	0.01406	0.01024	0.00599	0.01502
52	0.02217	0.02114	0.03674	0.09385	0.26497	0.02095	0.10133	0.02812	0.02477	0.03403	0.08142	0.11156	0.08026	0.01555	0.01190	0.00355	0.01174	0.01498	0.00699	0.01399
53	0.12631	0.01986	0.02771	0.02119	0.02966	0.01812	0.06039	0.04888	0.02915	0.44633	0.03768	0.03402	0.02417	0.01269	0.01062	0.00340	0.01000	0.01051	0.01194	0.01737
54	0.13375	0.13359	0.04218	0.03681	0.17470	0.02693	0.12556	0.03367	0.02378	0.08151	0.02423	0.07245	0.02096	0.01192	0.01017	0.00330	0.01229	0.01091	0.00661	0.01469
55	0.04892	0.01856	0.02530	0.01940	0.02783	0.01603	0.01603	0.05314	0.03121	0.55634	0.04302	0.03711	0.02699	0.01350	0.01096	0.00337	0.00928	0.01096	0.01350	0.01856
56	0.02564	0.02649	0.05035	0.11835	0.22520	0.02655	0.24745	0.03542	0.06576	0.03516	0.02301	0.02945	0.01790	0.01004	0.01177	0.00352	0.01526	0.01135	0.00584	0.01547
57	0.04892	0.01856	0.02530	0.01940	0.02783	0.01603	0.01603	0.05314	0.03121	0.55634	0.04302	0.03711	0.02699	0.01350	0.01096	0.00337	0.00928	0.01096	0.01350	0.01856
58	0.01501	0.01090	0.01301	0.01400	0.01555	0.01033	0.00996	0.01709	0.02094	0.02683	0.06282	0.18931	0.17547	0.24110	0.02885	0.00657	0.00843	0.11658	0.00884	0.00838
59	0.04567	0.01875	0.02450	0.01901	0.02692	0.01693	0.01563	0.08782	0.03206	0.46905	0.04096	0.03655	0.02639	0.01339	0.01065	0.00329	0.00911	0.01080	0.07474	0.01778
60	0.03031	0.03196	0.02542	0.02345	0.02873	0.22107	0.01775	0.04749	0.28739	0.03662	0.03642	0.10327	0.03116	0.01590	0.01099	0.00347	0.01231	0.01272	0.00901	0.01456
61	0.04892	0.01856	0.02530	0.01940	0.02783	0.01603	0.01603	0.05314	0.03121	0.55634	0.04302	0.03711	0.02699	0.01350	0.01096	0.00337	0.00928	0.01096	0.01350	0.01856
62	0.01328	0.00949	0.01265	0.01518	0.01581	0.00886	0.01012	0.01518	0.02088	0.02783	0.06010	0.60969	0.07212	0.03416	0.01392	0.00443	0.00633	0.03100	0.01012	0.00886
63	0.09504	0.02464	0.02953	0.02357	0.03144	0.02631	0.05629	0.18551	0.18945	0.17012	0.03441	0.03270	0.02431	0.01314	0.01077	0.00347	0.01052	0.01075	0.01077	0.01725
64	0.02712	0.02342	0.02465	0.02219	0.02835	0.02712	0.01726	0.05794	0.52909	0.04561	0.04438	0.04068	0.03328	0.01479	0.01109	0.00370	0.00863	0.01233	0.01109	0.01726
65	0.01289	0.01105	0.01105	0.01105	0.01473	0.00920	0.00828	0.01565	0.02485	0.02946	0.11046	0.10493	0.54437	0.02761	0.01289	0.00368	0.00552	0.02301	0.01013	0.00920
66	0.69383	0.02109	0.01603	0.01434	0.02109	0.02446	0.01181	0.03205	0.01856	0.04892	0.01518	0.01771	0.01181	0.01012	0.00675	0.00337	0.00843	0.00590	0.00675	0.01181
67	0.02700	0.02571	0.04269	0.06336	0.50727	0.02600	0.03217	0.03542	0.06506	0.03642	0.02241	0.02808	0.01855	0.01012	0.01082	0.00328	0.01261	0.00992	0.00585	0.01727
68	0.01586	0.01057	0.01189	0.01189	0.01189	0.01057	0.00661	0.01586	0.01586	0.02114	0.03436	0.07135	0.03964	0.61681	0.05550	0.01057	0.01057	0.01586	0.00661	0.00661
69	0.01731	0.01363	0.01777	0.01971	0.06091	0.01329	0.01395	0.02429	0.07363	0.03746	0.24835	0.11874	0.15621	0.02389	0.01306	0.00388	0.00725	0.11496	0.01054	0.01116
70	0.01404	0.01086	0.01281	0.01282	0.01556	0.00962	0.00942	0.01770	0.02685	0.03537	0.28948	0.17048	0.28315	0.02630	0.01303	0.00368	0.00548	0.02279	0.01093	0.00962
71	0.02620	0.02510	0.04283	0.13148	0.49040	0.02570	0.03307	0.03277	0.02445	0.03466	0.02037	0.02724	0.01693	0.00986	0.01081	0.00329	0.01315	0.00971	0.00533	0.01664
72	0.02699	0.02591	0.04426	0.06693	0.54879	0.02591	0.03346	0.03346	0.02483	0.03562	0.02051	0.02699	0.01727	0.00972	0.01079	0.00324	0.01295	0.00972	0.00540	0.01727
73	0.02653	0.02431	0.03487	0.09010	0.28590	0.02629	0.02622	0.04356	0.24207	0.03930	0.03071	0.03306	0.02396	0.01200	0.01093	0.00347	0.01122	0.01084	0.00781	0.01685
74	0.01868	0.01456	0.01738	0.01608	0.01965	0.01497	0.01223	0.03097	0.16952	0.04425	0.40426	0.07010	0.08351	0.02020	0.01237	0.00350	0.00611	0.01766	0.01175	0.01223
75	0.69383	0.02109	0.01603	0.01434	0.02109	0.02446	0.01181	0.03205	0.01856	0.04892	0.01518	0.01771	0.01181	0.01012	0.00675	0.00337	0.00843	0.00590	0.00675	0.01181
76	0.02409	0.17512	0.38531	0.02729	0.04071	0.02940	0.03276	0.03701	0.08522	0.03397	0.02167	0.02400	0.01625	0.01068	0.00972	0.00324	0.01423	0.00810	0.00542	0.01580
77	0.02970	0.28417	0.04839	0.04095	0.26068	0.03432	0.02551	0.09216	0.02693	0.03540	0.01890	0.02279	0.01601	0.00996	0.00917	0.00285	0.01228	0.00805	0.00576	0.01601
78	0.27640	0.34999	0.08508	0.01811	0.02706	0.03464	0.01796	0.03259	0.02089	0.03509	0.01555	0.01805	0.01316	0.00971	0.00719	0.00282	0.01084	0.00605	0.00544	0.01336
79	0.02827	0.02697	0.05232	0.05272	0.26660	0.02586	0.26159	0.03586	0.02581	0.08007	0.02319	0.02903	0.01776	0.00979	0.01181	0.00346	0.01526	0.01134	0.00615	0.01614
80	0.01297	0.01072	0.01139	0.01192	0.01496	0.00913	0.00867	0.01555	0.02401	0.02911	0.09981	0.21167	0.44450	0.02900	0.01310	0.00384	0.00569	0.02470	0.01012	0.00913
81	0.01578	0.01087	0.01342	0.01342	0.01395	0.01140	0.00851	0.01684	0.01631	0.02227	0.03296	0.06362	0.03628	0.47170	0.19602	0.01246	0.01562	0.01472	0.00640	0.00746
82	0.63695	0.02086	0.01684	0.01479	0.02168	0.02372	0.01218	0.03391	0.01967	0.09367	0.01764	0.01942	0.01315	0.01042	0.00712	0.00337	0.00851	0.00635	0.00734	0.01240
83	0.03915	0.02883	0.03112	0.02408	0.03227	0.03174	0.01980	0.46906	0.04947	0.06651	0.07176	0.03105	0.02598	0.01390	0.01108	0.00329	0.01139	0.01069	0.01100	0.01781
84	0.01543	0.01115	0.01457	0.01372	0.01629	0.01029	0.01029	0.02058	0.03086	0.04372	0.54304	0.08145	0.10288	0.02229	0.01286	0.00343	0.00514	0.01972	0.01200	0.01029
85	0.02804	0.02574	0.03643	0.02907	0.03682	0.02786	0.15448	0.09290	0.34552	0.04474	0.03651	0.03622	0.02728	0.01308	0.01157	0.00365	0.01165	0.01225	0.00952	0.01666
86	0.03424	0.01896	0.02458	0.02315	0.07152	0.01866	0.01670	0.04593	0.16299	0.26828	0.14509	0.04636	0.04355	0.01533	0.01138	0.00346	0.00857	0.01303	0.01183	0.01638
87	0.03691	0.02368	0.04247	0.03697	0.12690	0.02183	0.19513	0.04329	0.02817	0.28150	0.03170	0.03264	0.02161	0.01131	0.01162	0.00346	0.01316	0.01143	0.00927	0.01696
88	0.02591	0.37083	0.28126	0.02419	0.03654	0.03521	0.02829	0.03349	0.02254	0.02961	0.01712	0.01995	0.01391	0.00979	0.00849	0.00283	0.01364	0.00682	0.00464	0.01494
89	0.01533	0.01104	0.01344	0.01284	0.01564	0.01005	0.00963	0.01996	0.02888	0.04043	0.40630	0.08278	0.18962	0.02256	0.01240	0.00340	0.00522	0.01956	0.07087	0.01005
90	0.02727	0.01381	0.01813	0.01553	0.02031	0.01226	0.01218	0.03187	0.03046	0.22716	0.32473	0.06754	0.11447	0.01959	0.01218	0.00343	0.00667	0.01686	0.01237	0.01317
91	0.02967	0.39948	0.18574	0.02202	0.03302	0.03511	0.02403	0.03567	0.02350	0.09341	0.01975	0.02137	0.01555	0.01011	0.00837	0.00276	0.01254	0.00705	0.00574	0.01511
92	0.04479	0.01764	0.02398	0.01870	0.02641	0.01532	0.01532	0.04912	0.03117	0.49315	0.10466	0.04258	0.03635	0.01458	0.01120	0.00338	0.00877	0.01204	0.01331	0.01754
93	0.01351	0.01107	0.01192	0.01171	0.01511	0.00947	0.00878	0.01686	0.02634	0.03298	0.21723	0.09914	0.43540	0.02630	0.01288	0.00362	0.00543	0.02220	0.01059	0.00947
94	0.02069	0.02900	0.18410	0.08359	0.17103	0.02087	0.02783	0.02799	0.02163	0.03109	0.02526	0.06828	0.02251	0.03283	0.17683	0.00762	0.01838	0.01118	0.00555	0.01372
95	0.02760	0.02278	0.04390	0.03628	0.08654	0.02131	0.26196	0.03423	0.02590	0.12949	0.03433	0.12241	0.03052	0.01543	0.01267	0.00381	0.01377	0.05464	0.00802	0.01440
96	0.02574	0.02941	0.06434	0.04596	0.05699	0.02757	0.50919	0.03493	0.02574	0.03493	0.02206	0.02941	0.01654	0.00919	0.01287	0.00368	0.01838	0.01287	0.00551	0.01471
97	0.02712	0.02342	0.02465	0.02219	0.02835	0.02712	0.01726	0.05794	0.52909	0.04561	0.04438	0.04068	0.03328	0.01479	0.01109	0.00370	0.00863	0.01233	0.01109	0.01726
98	0.47733	0.02320	0.02094	0.01743	0.02481	0.02604	0.01437	0.15244	0.02772	0.09745	0.02029	0.02147	0.01478	0.01114	0.00814	0.00335	0.00939	0.00731	0.00835	0.01405
99	0.02368	0.02284	0.03973	0.32959	0.27824	0.02517	0.06256	0.03073	0.02336	0.03166	0.02004	0.02819	0.01584	0.01028	0.01098	0.00347	0.01410	0.00991	0.00513	0.01450
100	0.03025	0.04004	0.21570	0.02783	0.03778	0.12854	0.06559	0.09701	0.06914	0.08406	0.02771	0.07769	0.02253	0.01350	0.01096	0.00342	0.01440	0.01109	0.00744	0.01531
101	0.01363	0.01007	0.01275	0.01420	0.01572	0.00919	0.00984	0.01629	0.02345	0.03113	0.16044	0.42381	0.15791	0.03080	0.01354	0.00411	0.00597	0.02750	0.01048	0.00919
102	0.02962	0.35759	0.14207	0.02196	0.03245	0.03578	0.02256	0.12379	0.02788	0.03627	0.01841	0.02057	0.01500	0.01013	0.00844	0.00266	0.01225	0.00705	0.00599	0.06954
103	0.02729	0.10756	0.13063	0.04830	0.31887	0.06339	0.03052	0.03637	0.06950	0.03450	0.02157	0.02587	0.01749	0.01033	0.01021	0.00317	0.01337	0.00901	0.00569	0.01636
104	0.02750	0.02138	0.03275	0.15800	0.25781	0.02249	0.02529	0.07669	0.02679	0.08025	0.02549	0.03077	0.01963	0.01115	0.01024	0.00320	0.01140	0.00991	0.13419	0.01506
105	0.09788	0.12837	0.13158	0.02104	0.03094	0.02314	0.02071	0.04425	0.02699	0.32210	0.03136	0.02938	0.02093	0.01189	0.00980	0.00321	0.01091	0.00909	0.00971	0.01672
106	0.01504	0.01093	0.01324	0.01334	0.01525	0.01021	0.00946	0.01804	0.02429	0.03258	0.24124	0.13302	0.16369	0.18707	0.02476	0.00564	0.00719	0.05622	0.00985	0.00893
107	0.03233	0.13511	0.03198	0.02225	0.02933	0.09681	0.01814	0.08743	0.29216	0.08881	0.03414	0.03243	0.02568	0.01311	0.01017	0.00328	0.01086	0.01018	0.00947	0.01632
108	0.01465	0.01055	0.01388	0.01425	0.01612	0.00977	0.01023	0.01862	0.02725	0.03797	0.36821	0.27268	0.09174	0.02659	0.01324	0.00379	0.00557	0.02380	0.01132	0.00977
109	0.02261	0.01938	0.02261	0.01615	0.02584	0.01453	0.01292	0.02745	0.02261	0.03553	0.01938	0.02261	0.01615	0.00807	0.00807	0.00161	0.00807	0.00646	0.00646	0.68346
110	0.02624	0.39692	0.25810	0.02362	0.03566	0.03603	0.02730	0.03340	0.02250	0.02920	0.01692	0.01970	0.01392	0.00974	0.00834	0.00278	0.01344	0.00672	0.00464	0.01484
111	0.01312	0.01105	0.01137	0.01129	0.01487	0.00931	0.00847	0.01610	0.02541	0.03078	0.15050	0.10276	0.50350	0.02712	0.01288	0.00366	0.00549	0.02271	0.01030	0.00931
112	0.03593	0.02700	0.03695	0.04302	0.26246	0.02810	0.02582	0.24247	0.03702	0.11409	0.02573	0.02789	0.01902	0.01164	0.01086	0.00327	0.01209	0.00991	0.00877	0.01798
113	0.03925	0.02772	0.11147	0.02284	0.03214	0.02290	0.02099	0.13838	0.12416	0.28808	0.03634	0.03345	0.02444	0.01316	0.01088	0.00343	0.01076	0.01053	0.01116	0.01793
114	0.01820	0.01241	0.01579	0.01517	0.01804	0.01191	0.01126	0.02498	0.07492	0.07330	0.36388	0.18540	0.08515	0.02352	0.01280	0.00366	0.00598	0.02084	0.01162	0.01116
115	0.69383	0.02109	0.01603	0.01434	0.02109	0.02446	0.01181	0.03205	0.01856	0.04892	0.01518	0.01771	0.01181	0.01012	0.00675	0.00337	0.00843	0.00590	0.00675	0.01181
116	0.02570	0.02095	0.02290	0.02024	0.02574	0.02336	0.01579	0.10378	0.33434	0.04795	0.17810	0.05001	0.05044	0.01663	0.01155	0.00357	0.00809	0.01403	0.01132	0.01552
117	0.01560	0.01158	0.01703	0.01703	0.01880	0.01336	0.01301	0.01915	0.01738	0.02494	0.02966	0.04535	0.02835	0.12896	0.52791	0.01691	0.02756	0.01205	0.00591	0.00946
118	0.02209	0.14989	0.40470	0.02694	0.03996	0.02641	0.03278	0.03182	0.02260	0.03215	0.02379	0.09437	0.02103	0.01311	0.01021	0.00338	0.01413	0.01050	0.00529	0.01485
119	0.02236	0.01216	0.01493	0.01350	0.01719	0.01115	0.01038	0.02711	0.02821	0.13089	0.27893	0.06480	0.10952	0.01864	0.01111	0.00320	0.00588	0.01590	0.19254	0.01160
120	0.03352	0.02857	0.03137	0.02532	0.03267	0.07826	0.06188	0.25294	0.18108	0.05303	0.07799	0.03511	0.02995	0.01391	0.01122	0.00340	0.01167	0.01146	0.01011	0.01654
121	0.02350	0.01308	0.01631	0.01438	0.01886	0.01147	0.01118	0.02765	0.02907	0.17494	0.27512	0.07707	0.22115	0.02163	0.01237	0.00349	0.00636	0.01843	0.01181	0.01214
122	0.02380	0.02285	0.03876	0.31368	0.22725	0.02536	0.07449	0.03312	0.06935	0.03272	0.02228	0.02946	0.01734	0.01070	0.01107	0.00351	0.01383	0.01023	0.00566	0.01454
123	0.01376	0.00969	0.01251	0.01458	0.01509	0.00917	0.00948	0.01531	0.01995	0.02661	0.05537	0.51086	0.06615	0.14113	0.02155	0.00556	0.00711	0.02822	0.00948	0.00844
124	0.02385	0.02385	0.03340	0.02863	0.02863	0.03340	0.02385	0.02624	0.01670	0.02624	0.01431	0.02385	0.01431	0.01908	0.03578	0.00477	0.59685	0.00954	0.00477	0.01193
125	0.02341	0.02058	0.02658	0.02547	0.12185	0.01662	0.01669	0.02856	0.02302	0.03555	0.01959	0.02341	0.01636	0.00838	0.00857	0.00191	0.00897	0.00706	0.00626	0.56116
126	0.02539	0.11873	0.35833	0.03354	0.08916	0.02856	0.07788	0.07848	0.02594	0.03673	0.01995	0.02357	0.01483	0.01032	0.01026	0.00330	0.01511	0.00853	0.00535	0.01605
127	0.02158	0.01251	0.01654	0.01476	0.01841	0.01134	0.01134	0.02655	0.03093	0.13783	0.45124	0.07331	0.08895	0.02068	0.01251	0.00342	0.00590	0.01811	0.01228	0.01181
128	0.02075	0.01767	0.02415	0.07288	0.02946	0.01877	0.05987	0.03503	0.19583	0.04208	0.28073	0.05826	0.06362	0.01754	0.01209	0.00356	0.00838	0.01570	0.01045	0.01319
129	0.51787	0.01888	0.01570	0.01398	0.02009	0.02115	0.01138	0.03254	0.02037	0.08856	0.02118	0.02350	0.01600	0.01087	0.00725	0.00322	0.00789	0.00710	0.13041	0.01205
130	0.02792	0.02802	0.09429	0.03049	0.11859	0.02641	0.02252	0.12462	0.25559	0.04438	0.03331	0.03635	0.02620	0.06487	0.01474	0.00411	0.01103	0.01123	0.00891	0.01642
131	0.01586	0.01057	0.01189	0.01189	0.01189	0.01057	0.00661	0.01586	0.01586	0.02114	0.03436	0.07135	0.03964	0.61681	0.05550	0.01057	0.01057	0.01586	0.00661	0.00661
132	0.03300	0.03038	0.04336	0.04433	0.21770	0.07225	0.12985	0.20672	0.03500	0.04666	0.02259	0.02664	0.01732	0.01094	0.01120	0.00331	0.01430	0.01021	0.00742	0.01681
133	0.01441	0.01052	0.01355	0.01403	0.01598	0.00966	0.01005	0.01814	0.02662	0.03657	0.32573	0.28047	0.12938	0.02718	0.01326	0.00382	0.00562	0.02421	0.01114	0.00966
134	0.02102	0.07815	0.16244	0.01917	0.02636	0.01762	0.01936	0.02791	0.02806	0.08060	0.31874	0.05688	0.06553	0.01730	0.01153	0.00333	0.00893	0.01472	0.00953	0.01281
135	0.01437	0.01110	0.01310	0.01260	0.01564	0.00983	0.00945	0.01851	0.02835	0.03775	0.36185	0.09128	0.28780	0.02452	0.01287	0.00354	0.00530	0.02110	0.01122	0.00983
136	0.02754	0.03058	0.10036	0.04235	0.05355	0.02634	0.42689	0.03655	0.02602	0.08235	0.02377	0.02960	0.01728	0.00968	0.01249	0.00363	0.01737	0.01231	0.00617	0.01517
137	0.02647	0.02538	0.04332	0.10940	0.51037	0.02577	0.03320	0.03301	0.02458	0.03499	0.02042	0.02716	0.01705	0.00981	0.01080	0.00327	0.01308	0.00971	0.00535	0.01685
138	0.03144	0.26314	0.23400	0.02341	0.03500	0.02978	0.02594	0.03849	0.02475	0.16223	0.02378	0.02445	0.01719	0.01075	0.00923	0.00301	0.01270	0.00794	0.00686	0.01592

[dist]
# distance from previous block
# <min> <max>
0	16

# created by:
# /st0/software/busco_prod/Augustus/scripts/msa2prfl.pl ./align_prep/8289.fa
