[name]
unknown

[dist]
# distance from previous block
# <min> <max>
0	3

[block]
# block no. 0 follows, 12 sequences, length 84
# corresponding to MSA columns:
# 3-54,56-87
name=unknown_A
#
# <colnr> <probs for GDERKNQSTAVLIFYWHMCP>
#	G	D	E	R	K	N	Q	S	T	A	V	L	I	F	Y	W	H	M	C	P
0	0.08533	0.03382	0.24322	0.02435	0.03420	0.02132	0.02626	0.03415	0.02378	0.12213	0.02903	0.04166	0.02426	0.01470	0.01285	0.00365	0.06084	0.08649	0.00736	0.07059
1	0.02840	0.04033	0.16608	0.07474	0.04064	0.19845	0.06612	0.03489	0.02497	0.03089	0.01836	0.02299	0.01461	0.01104	0.01252	0.00310	0.07204	0.00814	0.00535	0.12636
2	0.01589	0.01156	0.01441	0.01582	0.01742	0.01121	0.01098	0.06165	0.02399	0.03176	0.06041	0.52031	0.09976	0.03174	0.01356	0.00427	0.00680	0.02847	0.01020	0.00978
3	0.09493	0.02866	0.03033	0.02332	0.03197	0.03116	0.01922	0.42501	0.04573	0.06384	0.02459	0.02512	0.01774	0.01235	0.01028	0.00312	0.01132	0.00916	0.01013	0.08201
4	0.03087	0.01994	0.02543	0.11806	0.03511	0.01988	0.01790	0.08471	0.10534	0.17610	0.03394	0.08551	0.02684	0.01395	0.01061	0.00317	0.00981	0.01173	0.00953	0.16156
5	0.03355	0.02887	0.14823	0.02538	0.03550	0.02065	0.09690	0.07931	0.02862	0.22190	0.03024	0.03084	0.02081	0.01151	0.01053	0.00318	0.01191	0.01001	0.07140	0.08067
6	0.03325	0.01947	0.02323	0.01947	0.02581	0.01988	0.01549	0.08981	0.19282	0.22480	0.16095	0.04779	0.04629	0.01597	0.01145	0.00348	0.00834	0.01338	0.01213	0.01617
7	0.01465	0.01098	0.01375	0.01453	0.01691	0.01008	0.01105	0.01839	0.02591	0.03429	0.22996	0.22090	0.20119	0.02789	0.01351	0.00402	0.00640	0.10524	0.01072	0.00963
8	0.03458	0.03372	0.03438	0.13408	0.16961	0.21162	0.02530	0.11113	0.03095	0.07958	0.02181	0.02558	0.01671	0.01127	0.01052	0.00318	0.01505	0.00892	0.00690	0.01511
9	0.02572	0.01954	0.02872	0.21761	0.12825	0.02122	0.02249	0.09433	0.02747	0.08665	0.07640	0.08629	0.03203	0.06785	0.01527	0.00415	0.01150	0.01310	0.00786	0.01354
10	0.01312	0.01013	0.01199	0.01347	0.01536	0.00900	0.00936	0.01538	0.02252	0.02851	0.08096	0.40053	0.26781	0.03145	0.01349	0.00412	0.00599	0.02769	0.01012	0.00900
11	0.03356	0.01738	0.02227	0.01920	0.02513	0.01673	0.01578	0.08166	0.07386	0.26419	0.13967	0.06264	0.04859	0.01868	0.01218	0.00374	0.00884	0.10873	0.01206	0.01511
12	0.02550	0.02439	0.04157	0.18856	0.43876	0.02552	0.03272	0.03216	0.02412	0.03382	0.02025	0.02747	0.01664	0.00999	0.01082	0.00333	0.01332	0.00971	0.00527	0.01607
13	0.02530	0.18763	0.22839	0.03412	0.04643	0.03073	0.22916	0.03422	0.02393	0.03246	0.01949	0.02428	0.01499	0.00962	0.01055	0.00326	0.01594	0.00949	0.00500	0.01500
14	0.01343	0.00978	0.01266	0.01466	0.01575	0.00901	0.00996	0.01568	0.02210	0.02933	0.10577	0.51630	0.12033	0.03252	0.01373	0.00427	0.00615	0.02927	0.01028	0.00901
15	0.02414	0.02355	0.04210	0.19477	0.29852	0.02443	0.11022	0.03116	0.02471	0.03418	0.06477	0.03255	0.02370	0.01100	0.01134	0.00343	0.01361	0.01108	0.00583	0.01491
16	0.02662	0.42644	0.23190	0.02297	0.03466	0.03695	0.02617	0.03330	0.02246	0.02874	0.01669	0.01941	0.01393	0.00969	0.00816	0.00272	0.01321	0.00660	0.00464	0.01473
17	0.01328	0.00949	0.01265	0.01518	0.01581	0.00886	0.01012	0.01518	0.02088	0.02783	0.06010	0.60969	0.07212	0.03416	0.01392	0.00443	0.00633	0.03100	0.01012	0.00886
18	0.07882	0.02539	0.08915	0.03145	0.03905	0.02268	0.23018	0.02980	0.02485	0.03646	0.11253	0.04876	0.03641	0.01529	0.01444	0.00387	0.06515	0.07557	0.00717	0.01297
19	0.02956	0.08310	0.08712	0.03446	0.08912	0.07753	0.17666	0.07735	0.06350	0.07972	0.02741	0.07568	0.02273	0.01269	0.01129	0.00342	0.01421	0.01203	0.00726	0.01516
20	0.03720	0.03553	0.03538	0.03408	0.12029	0.21767	0.06286	0.15560	0.06882	0.08971	0.02448	0.02634	0.01841	0.01172	0.01070	0.00318	0.01487	0.00936	0.00796	0.01587
21	0.02483	0.01931	0.02284	0.01642	0.02601	0.01466	0.01318	0.02962	0.02334	0.07953	0.02138	0.02384	0.01707	0.00853	0.00832	0.00176	0.00818	0.00684	0.00705	0.62728
22	0.03098	0.01916	0.06397	0.01681	0.02432	0.01439	0.01474	0.03591	0.02647	0.24198	0.04676	0.04523	0.11075	0.01447	0.01014	0.00297	0.00828	0.01178	0.12268	0.13822
23	0.02309	0.15140	0.47600	0.02900	0.04397	0.02831	0.03666	0.03422	0.02288	0.03304	0.01883	0.02209	0.01384	0.01019	0.00980	0.00327	0.01537	0.00768	0.00461	0.01576
24	0.69383	0.02109	0.01603	0.01434	0.02109	0.02446	0.01181	0.03205	0.01856	0.04892	0.01518	0.01771	0.01181	0.01012	0.00675	0.00337	0.00843	0.00590	0.00675	0.01181
25	0.01331	0.01106	0.01164	0.01149	0.01499	0.00939	0.00862	0.01647	0.02586	0.03185	0.18294	0.10100	0.47039	0.02672	0.01288	0.00364	0.00546	0.02246	0.01044	0.00939
26	0.02520	0.02489	0.03573	0.30613	0.22958	0.07362	0.02930	0.03408	0.07264	0.03214	0.02196	0.02864	0.01724	0.01090	0.01079	0.00343	0.01387	0.00972	0.00571	0.01443
27	0.01519	0.01114	0.01423	0.01346	0.01614	0.01018	0.01010	0.02010	0.03029	0.04235	0.50138	0.08371	0.14540	0.02280	0.01286	0.00345	0.00518	0.02004	0.01182	0.01018
28	0.01873	0.01530	0.02027	0.09827	0.07638	0.01624	0.01525	0.02649	0.10623	0.03130	0.08642	0.15218	0.08613	0.17569	0.02339	0.00554	0.00941	0.01736	0.00835	0.01108
29	0.01446	0.01076	0.01325	0.01391	0.01602	0.00988	0.01014	0.01771	0.02490	0.03298	0.21715	0.23209	0.19551	0.07656	0.01688	0.00450	0.00647	0.06713	0.01040	0.00931
30	0.03948	0.04731	0.03046	0.02725	0.03320	0.47261	0.02067	0.08640	0.08082	0.03223	0.02034	0.02227	0.01630	0.01174	0.01005	0.00294	0.01792	0.00778	0.00661	0.01361
31	0.02309	0.15140	0.47600	0.02900	0.04397	0.02831	0.03666	0.03422	0.02288	0.03304	0.01883	0.02209	0.01384	0.01019	0.00980	0.00327	0.01537	0.00768	0.00461	0.01576
32	0.02608	0.19124	0.20738	0.02952	0.04073	0.03008	0.14783	0.07912	0.02687	0.03639	0.06405	0.02844	0.02255	0.01107	0.01038	0.00320	0.01419	0.00984	0.00608	0.01495
33	0.03863	0.09760	0.03419	0.03050	0.07569	0.48362	0.02189	0.04180	0.02967	0.02734	0.01701	0.02008	0.01431	0.01095	0.00967	0.00280	0.01844	0.00714	0.00552	0.01314
34	0.01382	0.01056	0.01270	0.01327	0.01558	0.00943	0.00953	0.01705	0.02542	0.03343	0.23041	0.26617	0.24697	0.02812	0.01322	0.00385	0.00567	0.02464	0.01072	0.00943
35	0.03433	0.02275	0.02867	0.02313	0.03044	0.02392	0.06414	0.13128	0.22251	0.17659	0.03783	0.03614	0.02698	0.01342	0.01087	0.00343	0.00999	0.01139	0.07529	0.01688
36	0.02966	0.51786	0.09936	0.02036	0.03023	0.04070	0.02076	0.07762	0.02495	0.03046	0.01658	0.01879	0.01440	0.00977	0.00766	0.00252	0.01209	0.00640	0.00524	0.01461
37	0.01438	0.01110	0.01312	0.01262	0.01565	0.00984	0.00946	0.01855	0.02839	0.03785	0.36495	0.09112	0.28463	0.02448	0.01287	0.00353	0.00530	0.02107	0.01123	0.00984
38	0.02246	0.02504	0.08753	0.03012	0.03761	0.02220	0.21714	0.03381	0.11656	0.03449	0.06449	0.04205	0.02983	0.10896	0.07283	0.00601	0.01533	0.01312	0.00710	0.01331
39	0.11103	0.01880	0.02441	0.01891	0.02718	0.01684	0.01562	0.05111	0.02999	0.50748	0.04034	0.03524	0.02553	0.01317	0.01056	0.00337	0.00920	0.01048	0.01285	0.01791
40	0.02187	0.05640	0.56031	0.03108	0.04719	0.02532	0.04029	0.03453	0.02302	0.03453	0.01957	0.02302	0.01381	0.01036	0.01036	0.00345	0.01611	0.00806	0.00460	0.01611
41	0.01430	0.01074	0.01403	0.01461	0.01663	0.01047	0.01068	0.01766	0.02324	0.03140	0.17999	0.24166	0.15951	0.04190	0.15338	0.00731	0.01160	0.02187	0.00951	0.00949
42	0.02335	0.22050	0.30583	0.07973	0.04118	0.02922	0.02996	0.03201	0.02337	0.03205	0.06709	0.02738	0.02225	0.01121	0.00963	0.00313	0.01359	0.00863	0.00534	0.01454
43	0.69383	0.02109	0.01603	0.01434	0.02109	0.02446	0.01181	0.03205	0.01856	0.04892	0.01518	0.01771	0.01181	0.01012	0.00675	0.00337	0.00843	0.00590	0.00675	0.01181
44	0.02261	0.01938	0.02261	0.01615	0.02584	0.01453	0.01292	0.02745	0.02261	0.03553	0.01938	0.02261	0.01615	0.00807	0.00807	0.00161	0.00807	0.00646	0.00646	0.68346
45	0.03688	0.02284	0.08197	0.02434	0.03293	0.01818	0.10016	0.04280	0.02833	0.33208	0.07731	0.03860	0.03025	0.01891	0.05843	0.00462	0.01279	0.01178	0.01054	0.01626
46	0.41951	0.21547	0.03053	0.01704	0.02450	0.08338	0.01488	0.03335	0.02089	0.03938	0.01534	0.01783	0.01272	0.00998	0.00712	0.00299	0.01054	0.00599	0.00598	0.01258
47	0.02712	0.02342	0.02465	0.02219	0.02835	0.02712	0.01726	0.05794	0.52909	0.04561	0.04438	0.04068	0.03328	0.01479	0.01109	0.00370	0.00863	0.01233	0.01109	0.01726
48	0.02261	0.01938	0.02261	0.01615	0.02584	0.01453	0.01292	0.02745	0.02261	0.03553	0.01938	0.02261	0.01615	0.00807	0.00807	0.00161	0.00807	0.00646	0.00646	0.68346
49	0.01579	0.01083	0.01323	0.01323	0.01369	0.01130	0.00827	0.01671	0.01625	0.02213	0.03313	0.06459	0.03671	0.49001	0.17828	0.01222	0.01499	0.01487	0.00643	0.00735
50	0.02449	0.04732	0.41976	0.02966	0.04220	0.02601	0.03527	0.03458	0.02256	0.07666	0.02057	0.02435	0.01501	0.01221	0.01503	0.00369	0.12114	0.00857	0.00538	0.01556
51	0.58443	0.02626	0.01852	0.01664	0.02320	0.11635	0.01336	0.03398	0.02062	0.04520	0.01546	0.01804	0.01218	0.01031	0.00726	0.00328	0.01032	0.00609	0.00656	0.01195
52	0.69383	0.02109	0.01603	0.01434	0.02109	0.02446	0.01181	0.03205	0.01856	0.04892	0.01518	0.01771	0.01181	0.01012	0.00675	0.00337	0.00843	0.00590	0.00675	0.01181
53	0.01685	0.01229	0.01494	0.01528	0.01763	0.01231	0.01105	0.02466	0.10342	0.03728	0.22110	0.28517	0.07239	0.02501	0.01251	0.00379	0.00616	0.02222	0.07517	0.01078
54	0.01586	0.01057	0.01189	0.01189	0.01189	0.01057	0.00661	0.01586	0.01586	0.02114	0.03436	0.07135	0.03964	0.61681	0.05550	0.01057	0.01057	0.01586	0.00661	0.00661
55	0.02324	0.02208	0.03749	0.37360	0.27139	0.02492	0.03160	0.03018	0.02306	0.03108	0.01985	0.02821	0.01567	0.01041	0.01086	0.00347	0.01388	0.00970	0.00507	0.01425
56	0.01661	0.01180	0.01616	0.01846	0.02040	0.01168	0.01523	0.02061	0.02352	0.03075	0.05620	0.21093	0.06257	0.08062	0.01827	0.00538	0.00938	0.35215	0.00976	0.00952
57	0.02271	0.02154	0.03652	0.41746	0.23171	0.02478	0.03133	0.02971	0.02280	0.03043	0.01975	0.02838	0.01544	0.01051	0.01087	0.00350	0.01401	0.00970	0.00503	0.01382
58	0.01328	0.00949	0.01265	0.01518	0.01581	0.00886	0.01012	0.01518	0.02088	0.02783	0.06010	0.60969	0.07212	0.03416	0.01392	0.00443	0.00633	0.03100	0.01012	0.00886
59	0.03109	0.01659	0.02039	0.01725	0.02298	0.01565	0.01363	0.08185	0.06635	0.24079	0.14472	0.10512	0.13811	0.01944	0.01191	0.00354	0.00782	0.01641	0.01191	0.01446
60	0.01318	0.00988	0.01225	0.01414	0.01554	0.00894	0.00966	0.01530	0.02188	0.02824	0.07280	0.48233	0.19128	0.03251	0.01366	0.00424	0.00612	0.02898	0.01012	0.00894
61	0.19041	0.01981	0.02096	0.01570	0.02465	0.01702	0.01264	0.02860	0.02160	0.03888	0.01833	0.02139	0.01506	0.00859	0.00774	0.00205	0.00816	0.00632	0.00653	0.51555
62	0.03821	0.02318	0.03117	0.02364	0.03186	0.02283	0.06486	0.15857	0.03293	0.25108	0.03032	0.03006	0.02095	0.01257	0.01284	0.00321	0.06260	0.00998	0.01013	0.12901
63	0.02731	0.48031	0.18410	0.02179	0.03283	0.03865	0.02411	0.03312	0.02237	0.02789	0.01627	0.01889	0.01395	0.00959	0.00784	0.00261	0.01278	0.00639	0.00465	0.01453
64	0.01604	0.01093	0.01445	0.01445	0.01526	0.01173	0.00979	0.01719	0.01639	0.02266	0.03074	0.05586	0.03252	0.33934	0.26895	0.07819	0.01819	0.01351	0.00611	0.00772
65	0.02261	0.01938	0.02261	0.01615	0.02584	0.01453	0.01292	0.02745	0.02261	0.03553	0.01938	0.02261	0.01615	0.00807	0.00807	0.00161	0.00807	0.00646	0.00646	0.68346
66	0.03927	0.03680	0.07691	0.02537	0.03351	0.19348	0.02150	0.21283	0.08563	0.12605	0.02712	0.02701	0.01949	0.01251	0.01056	0.00320	0.01395	0.00923	0.00916	0.01641
67	0.04109	0.02729	0.02918	0.02288	0.03080	0.06334	0.01867	0.32276	0.04308	0.18762	0.07364	0.03320	0.02754	0.01385	0.01102	0.00328	0.01124	0.01076	0.01130	0.01745
68	0.02761	0.01922	0.02312	0.01677	0.02622	0.01482	0.01351	0.03233	0.02424	0.13447	0.02387	0.02536	0.01821	0.00910	0.00862	0.00195	0.00830	0.00732	0.00780	0.55715
69	0.02261	0.01938	0.02261	0.01615	0.02584	0.01453	0.01292	0.02745	0.02261	0.03553	0.01938	0.02261	0.01615	0.00807	0.00807	0.00161	0.00807	0.00646	0.00646	0.68346
70	0.02699	0.02591	0.04426	0.06693	0.54879	0.02591	0.03346	0.03346	0.02483	0.03562	0.02051	0.02699	0.01727	0.00972	0.01079	0.00324	0.01295	0.00972	0.00540	0.01727
71	0.69383	0.02109	0.01603	0.01434	0.02109	0.02446	0.01181	0.03205	0.01856	0.04892	0.01518	0.01771	0.01181	0.01012	0.00675	0.00337	0.00843	0.00590	0.00675	0.01181
72	0.01844	0.01248	0.01607	0.01542	0.01687	0.01346	0.01081	0.05898	0.01918	0.02631	0.02925	0.05090	0.02995	0.27664	0.23633	0.12409	0.01723	0.01278	0.00638	0.00844
73	0.01586	0.01057	0.01189	0.01189	0.01189	0.01057	0.00661	0.01586	0.01586	0.02114	0.03436	0.07135	0.03964	0.61681	0.05550	0.01057	0.01057	0.01586	0.00661	0.00661
74	0.02028	0.01581	0.01753	0.01644	0.02044	0.01606	0.01241	0.11082	0.09760	0.03951	0.11090	0.21749	0.21286	0.02458	0.01257	0.00379	0.00729	0.02108	0.01056	0.01198
75	0.02712	0.02342	0.02465	0.02219	0.02835	0.02712	0.01726	0.05794	0.52909	0.04561	0.04438	0.04068	0.03328	0.01479	0.01109	0.00370	0.00863	0.01233	0.01109	0.01726
76	0.02699	0.02591	0.04426	0.06693	0.54879	0.02591	0.03346	0.03346	0.02483	0.03562	0.02051	0.02699	0.01727	0.00972	0.01079	0.00324	0.01295	0.00972	0.00540	0.01727
77	0.01358	0.01094	0.01210	0.01208	0.01522	0.00946	0.00896	0.01689	0.02609	0.03304	0.21904	0.14042	0.39038	0.02677	0.01296	0.00368	0.00549	0.02281	0.01061	0.00946
78	0.01611	0.01048	0.01209	0.01209	0.01209	0.01048	0.00685	0.01572	0.01572	0.02096	0.03307	0.06816	0.03791	0.56839	0.05442	0.06679	0.01048	0.01532	0.00645	0.00645
79	0.02385	0.02385	0.03340	0.02863	0.02863	0.03340	0.02385	0.02624	0.01670	0.02624	0.01431	0.02385	0.01431	0.01908	0.03578	0.00477	0.59685	0.00954	0.00477	0.01193
80	0.02261	0.01938	0.02261	0.01615	0.02584	0.01453	0.01292	0.02745	0.02261	0.03553	0.01938	0.02261	0.01615	0.00807	0.00807	0.00161	0.00807	0.00646	0.00646	0.68346
81	0.04073	0.05197	0.03090	0.02809	0.03371	0.57303	0.02107	0.04354	0.03090	0.02669	0.01685	0.01966	0.01404	0.01124	0.00983	0.00281	0.01966	0.00702	0.00562	0.01264
82	0.01422	0.01110	0.01289	0.01244	0.01554	0.00977	0.00933	0.01823	0.02800	0.03692	0.33683	0.09264	0.31333	0.02483	0.01287	0.00355	0.00532	0.02129	0.01111	0.00977
83	0.03340	0.02653	0.03379	0.21053	0.09515	0.03000	0.02498	0.31216	0.03934	0.05251	0.02347	0.02718	0.01714	0.01207	0.01089	0.00339	0.01290	0.00977	0.00845	0.01636

[dist]
# distance from previous block
# <min> <max>
0	1

[block]
# block no. 1 follows, 12 sequences, length 71
# corresponding to MSA columns:
# 89-159
name=unknown_B
#
# <colnr> <probs for GDERKNQSTAVLIFYWHMCP>
#	G	D	E	R	K	N	Q	S	T	A	V	L	I	F	Y	W	H	M	C	P
0	0.02861	0.02469	0.07391	0.02905	0.12724	0.02103	0.02073	0.04092	0.15283	0.11898	0.02962	0.03031	0.02219	0.01113	0.01000	0.00288	0.01001	0.00940	0.00837	0.22810
1	0.09672	0.03323	0.08206	0.02456	0.03353	0.07936	0.02152	0.34565	0.04225	0.09823	0.02506	0.02541	0.01776	0.01243	0.01040	0.00326	0.01257	0.00914	0.00966	0.01719
2	0.69383	0.02109	0.01603	0.01434	0.02109	0.02446	0.01181	0.03205	0.01856	0.04892	0.01518	0.01771	0.01181	0.01012	0.00675	0.00337	0.00843	0.00590	0.00675	0.01181
3	0.02381	0.20747	0.42624	0.02777	0.04207	0.03007	0.03452	0.03403	0.02279	0.03217	0.01839	0.02155	0.01386	0.01008	0.00946	0.00315	0.01493	0.00746	0.00462	0.01555
4	0.01289	0.01105	0.01105	0.01105	0.01473	0.00920	0.00828	0.01565	0.02485	0.02946	0.11046	0.10493	0.54437	0.02761	0.01289	0.00368	0.00552	0.02301	0.01013	0.00920
5	0.02033	0.01016	0.01016	0.01016	0.01270	0.01016	0.00762	0.02541	0.02287	0.04065	0.03557	0.04065	0.02795	0.01270	0.00762	0.00254	0.00508	0.01016	0.67734	0.01016
6	0.01543	0.01115	0.01457	0.01372	0.01629	0.01029	0.01029	0.02058	0.03086	0.04372	0.54304	0.08145	0.10288	0.02229	0.01286	0.00343	0.00514	0.01972	0.01200	0.01029
7	0.04073	0.05197	0.03090	0.02809	0.03371	0.57303	0.02107	0.04354	0.03090	0.02669	0.01685	0.01966	0.01404	0.01124	0.00983	0.00281	0.01966	0.00702	0.00562	0.01264
8	0.02014	0.01609	0.01863	0.01713	0.02114	0.01706	0.01309	0.03561	0.23135	0.04448	0.34238	0.06504	0.07488	0.01927	0.01215	0.00354	0.00655	0.01674	0.01164	0.01309
9	0.01328	0.00949	0.01265	0.01518	0.01581	0.00886	0.01012	0.01518	0.02088	0.02783	0.06010	0.60969	0.07212	0.03416	0.01392	0.00443	0.00633	0.03100	0.01012	0.00886
10	0.02699	0.02591	0.04426	0.06693	0.54879	0.02591	0.03346	0.03346	0.02483	0.03562	0.02051	0.02699	0.01727	0.00972	0.01079	0.00324	0.01295	0.00972	0.00540	0.01727
11	0.02282	0.02166	0.03673	0.40803	0.24024	0.02481	0.03139	0.02981	0.02286	0.03056	0.01977	0.02834	0.01549	0.01049	0.01086	0.00350	0.01398	0.00970	0.00504	0.01391
12	0.02915	0.62337	0.05714	0.01866	0.02799	0.04314	0.01866	0.03265	0.02215	0.02565	0.01516	0.01749	0.01399	0.00933	0.00700	0.00233	0.01166	0.00583	0.00466	0.01399
13	0.01894	0.00947	0.01420	0.01420	0.01420	0.00947	0.00947	0.01420	0.01420	0.01894	0.01894	0.03314	0.01894	0.03788	0.04261	0.68277	0.00947	0.00947	0.00473	0.00473
14	0.02482	0.02495	0.04532	0.08844	0.18099	0.02517	0.21826	0.03616	0.10971	0.03574	0.02847	0.08058	0.02419	0.01256	0.01195	0.00362	0.01395	0.01324	0.00677	0.01511
15	0.02572	0.02488	0.07684	0.01912	0.02927	0.01884	0.01691	0.11000	0.02749	0.04103	0.02055	0.02325	0.01633	0.00914	0.00878	0.00207	0.00952	0.00718	0.00703	0.50606
16	0.02915	0.29526	0.17607	0.02340	0.03391	0.03483	0.02431	0.11954	0.09655	0.03807	0.02217	0.02356	0.01736	0.01099	0.00908	0.00297	0.01243	0.00797	0.00661	0.01576
17	0.01967	0.01684	0.02199	0.02142	0.02313	0.02020	0.01693	0.02717	0.10613	0.03122	0.04285	0.24364	0.04597	0.02549	0.02041	0.00452	0.19005	0.10230	0.00862	0.01144
18	0.52464	0.02230	0.01893	0.01660	0.02342	0.02572	0.01350	0.07814	0.10756	0.05008	0.02106	0.02232	0.01602	0.01117	0.00784	0.00342	0.00878	0.00733	0.00784	0.01331
19	0.01325	0.00962	0.01252	0.01483	0.01572	0.00889	0.00997	0.01522	0.02121	0.02797	0.06437	0.56689	0.11216	0.03360	0.01383	0.00436	0.00626	0.03032	0.01012	0.00889
20	0.02059	0.01938	0.03270	0.59060	0.07510	0.02422	0.03028	0.02786	0.02180	0.02786	0.01938	0.02907	0.01453	0.01090	0.01090	0.00363	0.01453	0.00969	0.00484	0.01211
21	0.02385	0.02385	0.03340	0.02863	0.02863	0.03340	0.02385	0.02624	0.01670	0.02624	0.01431	0.02385	0.01431	0.01908	0.03578	0.00477	0.59685	0.00954	0.00477	0.01193
22	0.01508	0.01113	0.01409	0.01335	0.01608	0.01014	0.01001	0.01990	0.03004	0.04178	0.48404	0.08465	0.16310	0.02302	0.01286	0.00346	0.00520	0.02017	0.01175	0.01014
23	0.01372	0.00967	0.01252	0.01463	0.01515	0.00915	0.00953	0.01530	0.02003	0.02670	0.05575	0.51883	0.06663	0.13250	0.02093	0.00546	0.00704	0.02844	0.00953	0.00848
24	0.01846	0.01382	0.01793	0.01934	0.02225	0.01426	0.01613	0.02722	0.10363	0.03530	0.10327	0.15038	0.06294	0.02734	0.01412	0.00461	0.00900	0.31850	0.01040	0.01108
25	0.01518	0.01114	0.01423	0.01346	0.01614	0.01018	0.01009	0.02009	0.03028	0.04233	0.50079	0.08374	0.14600	0.02281	0.01286	0.00345	0.00518	0.02004	0.01182	0.01018
26	0.01314	0.01106	0.01139	0.01131	0.01488	0.00931	0.00848	0.01613	0.02544	0.03085	0.15271	0.10264	0.50125	0.02709	0.01288	0.00366	0.00549	0.02269	0.01031	0.00931
27	0.02059	0.01938	0.03270	0.59060	0.07510	0.02422	0.03028	0.02786	0.02180	0.02786	0.01938	0.02907	0.01453	0.01090	0.01090	0.00363	0.01453	0.00969	0.00484	0.01211
28	0.02033	0.01016	0.01016	0.01016	0.01270	0.01016	0.00762	0.02541	0.02287	0.04065	0.03557	0.04065	0.02795	0.01270	0.00762	0.00254	0.00508	0.01016	0.67734	0.01016
29	0.01328	0.00949	0.01265	0.01518	0.01581	0.00886	0.01012	0.01518	0.02088	0.02783	0.06010	0.60969	0.07212	0.03416	0.01392	0.00443	0.00633	0.03100	0.01012	0.00886
30	0.01368	0.00977	0.01311	0.01564	0.01645	0.00920	0.01081	0.01587	0.02127	0.02828	0.05988	0.56439	0.07124	0.03378	0.01402	0.00448	0.00667	0.07236	0.01011	0.00897
31	0.01289	0.01105	0.01105	0.01105	0.01473	0.00920	0.00828	0.01565	0.02485	0.02946	0.11046	0.10493	0.54437	0.02761	0.01289	0.00368	0.00552	0.02301	0.01013	0.00920
32	0.02285	0.04956	0.43455	0.03485	0.04967	0.02589	0.15919	0.03463	0.02371	0.03463	0.02020	0.02464	0.01450	0.01006	0.01100	0.00351	0.01669	0.00928	0.00483	0.01576
33	0.02261	0.01938	0.02261	0.01615	0.02584	0.01453	0.01292	0.02745	0.02261	0.03553	0.01938	0.02261	0.01615	0.00807	0.00807	0.00161	0.00807	0.00646	0.00646	0.68346
34	0.01972	0.01701	0.01485	0.01441	0.01528	0.09801	0.00885	0.02016	0.01819	0.02200	0.03163	0.06332	0.03566	0.52267	0.04840	0.00936	0.01198	0.01448	0.00645	0.00754
35	0.02670	0.01925	0.02303	0.01666	0.02615	0.01477	0.01340	0.03145	0.02395	0.11650	0.02305	0.02486	0.01784	0.00892	0.00852	0.00189	0.00826	0.00716	0.00755	0.58010
36	0.02372	0.20016	0.43272	0.02793	0.04232	0.02984	0.03480	0.03405	0.02280	0.03228	0.01845	0.02162	0.01386	0.01010	0.00951	0.00317	0.01498	0.00749	0.00462	0.01558
37	0.04145	0.03054	0.03272	0.02509	0.03381	0.03381	0.02072	0.51243	0.05127	0.06872	0.02618	0.02618	0.01854	0.01309	0.01091	0.00327	0.01200	0.00982	0.01091	0.01854
38	0.04892	0.01856	0.02530	0.01940	0.02783	0.01603	0.01603	0.05314	0.03121	0.55634	0.04302	0.03711	0.02699	0.01350	0.01096	0.00337	0.00928	0.01096	0.01350	0.01856
39	0.01328	0.00949	0.01265	0.01518	0.01581	0.00886	0.01012	0.01518	0.02088	0.02783	0.06010	0.60969	0.07212	0.03416	0.01392	0.00443	0.00633	0.03100	0.01012	0.00886
40	0.04073	0.05197	0.03090	0.02809	0.03371	0.57303	0.02107	0.04354	0.03090	0.02669	0.01685	0.01966	0.01404	0.01124	0.00983	0.00281	0.01966	0.00702	0.00562	0.01264
41	0.02187	0.05640	0.56031	0.03108	0.04719	0.02532	0.04029	0.03453	0.02302	0.03453	0.01957	0.02302	0.01381	0.01036	0.01036	0.00345	0.01611	0.00806	0.00460	0.01611
42	0.02253	0.10794	0.51457	0.02995	0.04545	0.02694	0.03832	0.03436	0.02294	0.03372	0.01917	0.02252	0.01383	0.01027	0.01005	0.00335	0.01571	0.00785	0.00461	0.01592
43	0.04892	0.01856	0.02530	0.01940	0.02783	0.01603	0.01603	0.05314	0.03121	0.55634	0.04302	0.03711	0.02699	0.01350	0.01096	0.00337	0.00928	0.01096	0.01350	0.01856
44	0.52228	0.02041	0.01849	0.01568	0.02288	0.02222	0.01293	0.03766	0.02192	0.18389	0.02259	0.02287	0.01585	0.01102	0.00787	0.00337	0.00866	0.00725	0.00854	0.01360
45	0.02534	0.02422	0.04128	0.20195	0.42665	0.02547	0.03264	0.03202	0.02405	0.03362	0.02022	0.02752	0.01657	0.01002	0.01082	0.00334	0.01336	0.00971	0.00525	0.01594
46	0.01692	0.01060	0.01426	0.01602	0.01754	0.00985	0.01135	0.01932	0.02221	0.07633	0.05832	0.51234	0.06714	0.03191	0.01376	0.00439	0.00694	0.07054	0.01042	0.00985
47	0.01365	0.00975	0.01308	0.01560	0.01640	0.00917	0.01076	0.01582	0.02124	0.02825	0.05989	0.56780	0.07131	0.03381	0.01402	0.00448	0.00665	0.06924	0.01011	0.00896
48	0.01328	0.00949	0.01265	0.01518	0.01581	0.00886	0.01012	0.01518	0.02088	0.02783	0.06010	0.60969	0.07212	0.03416	0.01392	0.00443	0.00633	0.03100	0.01012	0.00886
49	0.02249	0.10448	0.51765	0.03002	0.04556	0.02683	0.03845	0.03437	0.02295	0.03378	0.01919	0.02255	0.01383	0.01027	0.01007	0.00336	0.01574	0.00787	0.00461	0.01593
50	0.13392	0.37271	0.09279	0.02086	0.02974	0.13527	0.02005	0.03472	0.02327	0.03028	0.01588	0.01844	0.01365	0.00990	0.00779	0.00269	0.01303	0.00627	0.00516	0.01360
51	0.01562	0.01151	0.01665	0.01665	0.01829	0.01315	0.01254	0.01891	0.01726	0.02466	0.03001	0.04727	0.02918	0.16495	0.49305	0.01644	0.02631	0.01233	0.00596	0.00925
52	0.13836	0.23863	0.25132	0.02304	0.03461	0.03035	0.02604	0.03517	0.02273	0.08136	0.01948	0.02155	0.01474	0.01026	0.00868	0.00305	0.01271	0.00721	0.00579	0.01490
53	0.02258	0.11178	0.51117	0.02986	0.04532	0.02706	0.03817	0.03435	0.02294	0.03366	0.01914	0.02248	0.01383	0.01026	0.01003	0.00334	0.01568	0.00784	0.00461	0.01591
54	0.01565	0.01140	0.01610	0.01610	0.01755	0.01286	0.01185	0.01856	0.01710	0.02426	0.03051	0.05005	0.03039	0.21721	0.44245	0.01576	0.02449	0.01274	0.00603	0.00894
55	0.02968	0.11666	0.02390	0.01541	0.02007	0.01787	0.01192	0.03216	0.02274	0.20454	0.03415	0.04790	0.02997	0.25549	0.02791	0.00602	0.00982	0.01199	0.06958	0.01221
56	0.02705	0.02320	0.03892	0.22448	0.35378	0.02447	0.03086	0.03356	0.02449	0.08169	0.02225	0.02857	0.01733	0.01043	0.01084	0.00337	0.01310	0.00982	0.00598	0.01580
57	0.02172	0.02051	0.03325	0.35455	0.13520	0.02520	0.02809	0.02767	0.02095	0.02854	0.01952	0.02905	0.01608	0.01865	0.06658	0.00504	0.12188	0.00985	0.00501	0.01266
58	0.04892	0.01856	0.02530	0.01940	0.02783	0.01603	0.01603	0.05314	0.03121	0.55634	0.04302	0.03711	0.02699	0.01350	0.01096	0.00337	0.00928	0.01096	0.01350	0.01856
59	0.02316	0.02201	0.03735	0.37988	0.26571	0.02490	0.03156	0.03011	0.02302	0.03098	0.01983	0.02823	0.01564	0.01042	0.01086	0.00347	0.01390	0.00970	0.00507	0.01419
60	0.01501	0.01072	0.01463	0.01715	0.01854	0.01034	0.01312	0.01816	0.02258	0.02976	0.05914	0.41385	0.06835	0.03253	0.01438	0.00467	0.00782	0.20982	0.01009	0.00933
61	0.01662	0.01181	0.01612	0.01784	0.01966	0.01202	0.01442	0.02032	0.02204	0.02916	0.04986	0.14508	0.05458	0.14262	0.09839	0.00767	0.01243	0.29123	0.00886	0.00928
62	0.02712	0.02342	0.02465	0.02219	0.02835	0.02712	0.01726	0.05794	0.52909	0.04561	0.04438	0.04068	0.03328	0.01479	0.01109	0.00370	0.00863	0.01233	0.01109	0.01726
63	0.09436	0.03505	0.08003	0.02908	0.08185	0.11708	0.02298	0.30864	0.04019	0.05415	0.02262	0.02420	0.01670	0.01198	0.01032	0.00322	0.01337	0.00887	0.00862	0.01669
64	0.01338	0.01092	0.01182	0.01190	0.01511	0.00937	0.00881	0.01649	0.02557	0.03186	0.18337	0.14661	0.42235	0.02726	0.01298	0.00370	0.00553	0.02315	0.01046	0.00937
65	0.02314	0.02280	0.03202	0.02766	0.02783	0.03168	0.02297	0.02565	0.01677	0.02616	0.01561	0.02550	0.01544	0.02453	0.08249	0.00588	0.54755	0.00973	0.00486	0.01174
66	0.10703	0.01878	0.02447	0.01894	0.02723	0.01679	0.01565	0.05124	0.03007	0.51062	0.04051	0.03536	0.02562	0.01319	0.01058	0.00337	0.00920	0.01051	0.01289	0.01795
67	0.02997	0.02489	0.04013	0.04310	0.23056	0.02444	0.11627	0.11336	0.02981	0.08916	0.02709	0.03653	0.02225	0.01223	0.01137	0.00336	0.01280	0.05213	0.00759	0.07296
68	0.03065	0.07421	0.03249	0.03085	0.15726	0.02290	0.02011	0.07994	0.07110	0.12370	0.02594	0.02752	0.01972	0.01051	0.00965	0.00270	0.01019	0.00876	0.00799	0.23381
69	0.02478	0.02146	0.09392	0.01914	0.02677	0.01503	0.01753	0.03039	0.02524	0.12682	0.08261	0.09937	0.03889	0.01681	0.01108	0.00319	0.00931	0.09345	0.00891	0.23531
70	0.08812	0.02748	0.08267	0.08720	0.21752	0.02609	0.02618	0.11253	0.09732	0.08944	0.02603	0.02865	0.01950	0.01147	0.01049	0.00338	0.01192	0.00971	0.00776	0.01656

[dist]
# distance from previous block
# <min> <max>
12	66

[block]
# block no. 2 follows, 12 sequences, length 13
# corresponding to MSA columns:
# 237-249
name=unknown_C
#
# <colnr> <probs for GDERKNQSTAVLIFYWHMCP>
#	G	D	E	R	K	N	Q	S	T	A	V	L	I	F	Y	W	H	M	C	P
0	0.09440	0.10760	0.07349	0.02475	0.07731	0.02561	0.01986	0.14963	0.03227	0.15695	0.10039	0.03432	0.03073	0.01317	0.01023	0.00321	0.01047	0.01043	0.00936	0.01581
1	0.12588	0.02679	0.03557	0.04188	0.24532	0.07517	0.06585	0.04036	0.11182	0.08711	0.02575	0.02850	0.01979	0.01109	0.01037	0.00335	0.01230	0.00976	0.00736	0.01596
2	0.07846	0.01802	0.02824	0.03363	0.17192	0.01793	0.06554	0.02635	0.02479	0.03605	0.11019	0.13641	0.04823	0.02010	0.01247	0.00394	0.01031	0.13655	0.00832	0.01254
3	0.03138	0.01863	0.02550	0.02669	0.10709	0.01816	0.01847	0.10303	0.03119	0.19864	0.11273	0.09704	0.04483	0.01859	0.01215	0.00372	0.00958	0.09685	0.01077	0.01493
4	0.03150	0.15096	0.10949	0.03731	0.19523	0.07183	0.02637	0.03712	0.02494	0.12557	0.02250	0.02550	0.01737	0.01138	0.01221	0.00321	0.06639	0.00871	0.00656	0.01583
5	0.02298	0.02124	0.03439	0.04976	0.38066	0.02083	0.02587	0.02869	0.02587	0.03613	0.12321	0.04753	0.10760	0.01444	0.01145	0.00333	0.01055	0.01334	0.00721	0.01491
6	0.02699	0.02591	0.04426	0.06693	0.54879	0.02591	0.03346	0.03346	0.02483	0.03562	0.02051	0.02699	0.01727	0.00972	0.01079	0.00324	0.01295	0.00972	0.00540	0.01727
7	0.02699	0.02591	0.04426	0.06693	0.54879	0.02591	0.03346	0.03346	0.02483	0.03562	0.02051	0.02699	0.01727	0.00972	0.01079	0.00324	0.01295	0.00972	0.00540	0.01727
8	0.15346	0.03199	0.02959	0.02367	0.03161	0.10957	0.01924	0.36261	0.04272	0.05928	0.02295	0.02379	0.01674	0.01231	0.01004	0.00322	0.01249	0.00874	0.00943	0.01654
9	0.01328	0.00949	0.01265	0.01518	0.01581	0.00886	0.01012	0.01518	0.02088	0.02783	0.06010	0.60969	0.07212	0.03416	0.01392	0.00443	0.00633	0.03100	0.01012	0.00886
10	0.02400	0.02286	0.03887	0.31118	0.32785	0.02512	0.03198	0.03085	0.02342	0.03200	0.01998	0.02796	0.01599	0.01027	0.01084	0.00342	0.01369	0.00970	0.00514	0.01486
11	0.02059	0.01938	0.03270	0.59060	0.07510	0.02422	0.03028	0.02786	0.02180	0.02786	0.01938	0.02907	0.01453	0.01090	0.01090	0.00363	0.01453	0.00969	0.00484	0.01211
12	0.01328	0.00949	0.01265	0.01518	0.01581	0.00886	0.01012	0.01518	0.02088	0.02783	0.06010	0.60969	0.07212	0.03416	0.01392	0.00443	0.00633	0.03100	0.01012	0.00886

[dist]
# distance from previous block
# <min> <max>
0	0

# created by:
# /st0/software/busco_prod/Augustus/scripts/msa2prfl.pl ./align_prep/8296.fa
