[name]
unknown

[dist]
# distance from previous block
# <min> <max>
0	79

[block]
# block no. 0 follows, 14 sequences, length 16
# corresponding to MSA columns:
# 79-94
name=unknown_A
#
# <colnr> <probs for GDERKNQSTAVLIFYWHMCP>
#	G	D	E	R	K	N	Q	S	T	A	V	L	I	F	Y	W	H	M	C	P
0	0.01843	0.05792	0.02176	0.02420	0.11533	0.06549	0.01542	0.02156	0.02203	0.02791	0.04812	0.32001	0.09920	0.02365	0.01184	0.00370	0.00880	0.07608	0.00803	0.01051
1	0.07433	0.18444	0.08894	0.03508	0.18628	0.17495	0.05587	0.03382	0.02373	0.02979	0.01688	0.02069	0.01406	0.00947	0.00889	0.00279	0.01381	0.00741	0.00499	0.01380
2	0.01868	0.01280	0.01572	0.01384	0.01831	0.01081	0.01050	0.02245	0.02462	0.09059	0.21384	0.15911	0.14455	0.01966	0.01100	0.00301	0.00617	0.01705	0.00957	0.17773
3	0.01733	0.05818	0.02360	0.06998	0.02533	0.01630	0.05836	0.02229	0.02559	0.03571	0.36246	0.05766	0.06629	0.02082	0.04401	0.00399	0.05761	0.01510	0.00885	0.01053
4	0.02182	0.04266	0.39680	0.02791	0.04054	0.02350	0.07630	0.03582	0.11471	0.03442	0.02266	0.02505	0.01658	0.01020	0.00991	0.00317	0.01353	0.00856	0.00561	0.07025
5	0.01385	0.01002	0.01347	0.01387	0.01558	0.00965	0.01005	0.01749	0.02414	0.03370	0.32119	0.26190	0.07733	0.03235	0.09157	0.00534	0.00828	0.02117	0.00991	0.00915
6	0.21778	0.02560	0.11229	0.08816	0.06739	0.02317	0.02037	0.11505	0.06810	0.04215	0.06908	0.02874	0.02297	0.01491	0.03954	0.00390	0.01130	0.00902	0.00712	0.01335
7	0.02870	0.01680	0.02354	0.02226	0.07225	0.01629	0.04188	0.03675	0.10749	0.23155	0.10108	0.09167	0.07463	0.02128	0.06139	0.00447	0.01009	0.01378	0.01005	0.01406
8	0.01959	0.01824	0.02973	0.54827	0.06554	0.02179	0.02669	0.02618	0.02060	0.02702	0.01824	0.02669	0.01385	0.00997	0.00997	0.00321	0.01301	0.00878	0.00473	0.08791
9	0.01466	0.01100	0.01649	0.01649	0.01833	0.01283	0.01283	0.01833	0.01649	0.02382	0.02749	0.04032	0.02566	0.07697	0.59868	0.01649	0.02749	0.01100	0.00550	0.00916
10	0.02882	0.51738	0.10309	0.01879	0.02811	0.03612	0.01930	0.03304	0.02188	0.08682	0.01758	0.01902	0.01451	0.00931	0.00731	0.00241	0.01114	0.00623	0.00530	0.01384
11	0.02366	0.29908	0.09171	0.02303	0.03089	0.02928	0.11923	0.03084	0.07383	0.02811	0.02336	0.06679	0.02164	0.08072	0.01380	0.00365	0.01186	0.01015	0.00567	0.01270
12	0.02905	0.02109	0.11067	0.01779	0.02486	0.01543	0.01653	0.03668	0.07508	0.24997	0.12349	0.04639	0.09152	0.01490	0.01039	0.00318	0.00837	0.01235	0.07818	0.01410
13	0.24907	0.01524	0.01489	0.01332	0.01791	0.01621	0.01036	0.03171	0.06664	0.12333	0.02891	0.03357	0.02273	0.07347	0.01213	0.00361	0.00722	0.00908	0.23908	0.01153
14	0.02373	0.01952	0.02121	0.02090	0.07092	0.07286	0.01450	0.06265	0.07222	0.08099	0.07665	0.15105	0.10617	0.01717	0.01056	0.00304	0.00867	0.01460	0.00857	0.14401
15	0.02400	0.01467	0.01833	0.01829	0.06724	0.01389	0.01236	0.05848	0.02296	0.11543	0.03187	0.04633	0.02836	0.17278	0.02017	0.00459	0.00846	0.04537	0.17316	0.10326

[dist]
# distance from previous block
# <min> <max>
14	23

[block]
# block no. 1 follows, 14 sequences, length 12
# corresponding to MSA columns:
# 119-130
name=unknown_B
#
# <colnr> <probs for GDERKNQSTAVLIFYWHMCP>
#	G	D	E	R	K	N	Q	S	T	A	V	L	I	F	Y	W	H	M	C	P
0	0.28274	0.03130	0.02290	0.08288	0.03033	0.25984	0.01681	0.03505	0.05786	0.03417	0.01915	0.04921	0.01627	0.01140	0.00855	0.00305	0.01282	0.00788	0.00614	0.01167
1	0.22320	0.38099	0.07593	0.01700	0.02554	0.03249	0.01668	0.03033	0.01996	0.03166	0.01484	0.01722	0.01271	0.00897	0.00680	0.00250	0.01014	0.00569	0.00507	0.06226
2	0.09538	0.09354	0.09024	0.02112	0.02940	0.07194	0.01901	0.15095	0.09334	0.19307	0.02766	0.02672	0.01946	0.01157	0.00943	0.00305	0.01089	0.00870	0.00893	0.01559
3	0.42601	0.02199	0.02106	0.01992	0.06657	0.05303	0.01471	0.07676	0.02358	0.15879	0.02115	0.02197	0.01517	0.01045	0.00796	0.00313	0.00928	0.00720	0.00786	0.01342
4	0.01566	0.01193	0.01467	0.01495	0.01720	0.01199	0.01081	0.02360	0.12094	0.03511	0.25559	0.30619	0.07261	0.02445	0.01222	0.00367	0.00591	0.02181	0.01039	0.01030
5	0.03021	0.02135	0.02666	0.02209	0.02854	0.02273	0.06185	0.13012	0.26240	0.14773	0.03839	0.10007	0.03047	0.01496	0.01083	0.00343	0.00935	0.01294	0.01028	0.01560
6	0.01993	0.01195	0.01349	0.01264	0.01555	0.01251	0.00975	0.07707	0.02429	0.03882	0.09077	0.04143	0.03305	0.02448	0.11260	0.00505	0.00949	0.01078	0.42601	0.01034
7	0.02630	0.02526	0.06759	0.02137	0.02756	0.06451	0.01813	0.13106	0.27145	0.04316	0.09221	0.04574	0.03610	0.01541	0.01086	0.00344	0.00979	0.06591	0.00954	0.01462
8	0.01385	0.01023	0.01294	0.01277	0.01505	0.00932	0.00938	0.01787	0.02671	0.03679	0.41937	0.16942	0.16126	0.02351	0.01227	0.00341	0.00507	0.02072	0.01075	0.00932
9	0.02868	0.03095	0.13775	0.02618	0.07387	0.08447	0.02206	0.11826	0.19246	0.08440	0.03095	0.07259	0.02461	0.01334	0.01031	0.00328	0.01132	0.01089	0.00835	0.01528
10	0.01580	0.01026	0.01304	0.01366	0.01579	0.00925	0.00973	0.01852	0.02302	0.07864	0.16333	0.37423	0.16183	0.02714	0.01248	0.00377	0.00585	0.02407	0.01015	0.00947
11	0.06880	0.02672	0.09093	0.07322	0.03544	0.06501	0.10272	0.04019	0.24760	0.03623	0.03153	0.08343	0.02592	0.01339	0.01050	0.00343	0.01138	0.01183	0.00772	0.01400

[dist]
# distance from previous block
# <min> <max>
0	1

[block]
# block no. 2 follows, 14 sequences, length 38
# corresponding to MSA columns:
# 132-169
name=unknown_C
#
# <colnr> <probs for GDERKNQSTAVLIFYWHMCP>
#	G	D	E	R	K	N	Q	S	T	A	V	L	I	F	Y	W	H	M	C	P
0	0.02390	0.01279	0.01540	0.01341	0.01823	0.01097	0.01053	0.02729	0.02624	0.21642	0.15128	0.07402	0.31755	0.02078	0.01152	0.00333	0.00634	0.01738	0.01086	0.01178
1	0.02320	0.05291	0.09507	0.02346	0.07504	0.02145	0.01900	0.03792	0.22232	0.03634	0.02865	0.03218	0.02298	0.01138	0.00941	0.00278	0.00937	0.03155	0.00749	0.23753
2	0.02579	0.03183	0.19652	0.04144	0.24932	0.02346	0.07260	0.07610	0.02502	0.07533	0.02179	0.02626	0.01673	0.01486	0.05402	0.00415	0.01429	0.00918	0.00591	0.01540
3	0.02645	0.25557	0.03855	0.10655	0.11334	0.12695	0.02089	0.03247	0.06201	0.02734	0.01923	0.02369	0.01634	0.01676	0.06949	0.00413	0.01430	0.00773	0.00523	0.01298
4	0.01578	0.01145	0.01556	0.01768	0.02002	0.01123	0.01511	0.02007	0.02331	0.03007	0.05962	0.15231	0.11259	0.02839	0.01388	0.00455	0.00875	0.42086	0.00946	0.00929
5	0.02747	0.02769	0.07939	0.06958	0.15607	0.07316	0.06123	0.08131	0.15569	0.06435	0.02585	0.02795	0.01963	0.01082	0.01005	0.00306	0.01180	0.00940	0.00722	0.07827
6	0.03428	0.01837	0.02433	0.02087	0.07266	0.01532	0.01532	0.03867	0.02559	0.31381	0.02969	0.02860	0.02050	0.01034	0.00921	0.00250	0.00857	0.00851	0.00938	0.29348
7	0.02128	0.01824	0.02128	0.01520	0.02432	0.01368	0.01216	0.02584	0.02128	0.03344	0.01824	0.02128	0.01520	0.00760	0.00760	0.00152	0.00760	0.00608	0.00608	0.70208
8	0.01326	0.01044	0.01197	0.01159	0.01456	0.00915	0.00869	0.01692	0.02607	0.03408	0.32438	0.08830	0.34678	0.02362	0.01212	0.00335	0.00503	0.02019	0.01037	0.00915
9	0.01469	0.01088	0.01592	0.01592	0.01756	0.01252	0.01211	0.01796	0.01632	0.02340	0.02801	0.04321	0.02691	0.13764	0.53972	0.01579	0.02560	0.01142	0.00558	0.00884
10	0.01428	0.01048	0.01337	0.01265	0.01518	0.00958	0.00949	0.01889	0.02846	0.03977	0.52180	0.07894	0.14581	0.02150	0.01211	0.00325	0.00488	0.01888	0.01111	0.00958
11	0.01733	0.01138	0.01626	0.01567	0.01795	0.01231	0.01200	0.02088	0.01930	0.07349	0.10896	0.04749	0.03711	0.11085	0.41600	0.01285	0.02107	0.01239	0.00703	0.00970
12	0.01469	0.01089	0.01598	0.01598	0.01763	0.01255	0.01218	0.01799	0.01634	0.02344	0.02796	0.04293	0.02679	0.13166	0.54553	0.01586	0.02578	0.01138	0.00557	0.00888
13	0.09196	0.04965	0.52721	0.02762	0.04188	0.02375	0.03515	0.03226	0.02123	0.03390	0.01799	0.02115	0.01280	0.00973	0.00940	0.00324	0.01442	0.00737	0.00454	0.01475
14	0.01281	0.00933	0.01214	0.01428	0.01532	0.00866	0.00994	0.01492	0.02037	0.02674	0.06127	0.53378	0.11910	0.03119	0.01309	0.00414	0.00617	0.06877	0.00952	0.00846
15	0.13358	0.13810	0.07451	0.05265	0.03329	0.15642	0.05198	0.17291	0.02994	0.03998	0.01837	0.02081	0.01421	0.01040	0.00891	0.00290	0.01312	0.00752	0.00655	0.01386
16	0.26038	0.02889	0.02450	0.07815	0.03115	0.15962	0.01738	0.16245	0.07400	0.04364	0.01997	0.02197	0.01516	0.01092	0.00874	0.00308	0.01182	0.00759	0.00726	0.01335
17	0.01510	0.01065	0.01401	0.01437	0.01553	0.01119	0.01039	0.01742	0.01784	0.02439	0.06801	0.06763	0.04107	0.31132	0.21984	0.01073	0.01522	0.10047	0.00687	0.00796
18	0.01550	0.01177	0.01620	0.01577	0.01682	0.01369	0.01159	0.01783	0.01590	0.02262	0.02772	0.04740	0.02830	0.25600	0.36419	0.01318	0.07941	0.01209	0.00564	0.00840
19	0.02582	0.02693	0.05786	0.04142	0.05162	0.02516	0.49976	0.03413	0.02460	0.07312	0.02221	0.02821	0.01629	0.00895	0.01198	0.00344	0.01667	0.01198	0.00574	0.01411
20	0.03833	0.04891	0.02908	0.02644	0.03173	0.59815	0.01983	0.04098	0.02908	0.02512	0.01586	0.01851	0.01322	0.01058	0.00925	0.00264	0.01851	0.00661	0.00529	0.01190
21	0.02201	0.02194	0.02731	0.02402	0.02474	0.07483	0.01943	0.02431	0.01689	0.02420	0.01734	0.02855	0.01727	0.07881	0.11647	0.00657	0.43033	0.00958	0.00485	0.01055
22	0.01997	0.01884	0.03184	0.56102	0.11976	0.02295	0.02879	0.02673	0.02080	0.02693	0.01834	0.02717	0.01393	0.01015	0.01025	0.00338	0.01354	0.00912	0.00461	0.01187
23	0.02365	0.01812	0.02966	0.51919	0.06356	0.02156	0.02635	0.03003	0.02194	0.11528	0.02180	0.02857	0.01556	0.01065	0.01027	0.00338	0.01289	0.00931	0.00586	0.01237
24	0.01471	0.01080	0.01549	0.01549	0.01698	0.01228	0.01158	0.01768	0.01620	0.02308	0.02840	0.04539	0.02786	0.18340	0.49526	0.01525	0.02417	0.01174	0.00563	0.00861
25	0.01720	0.01108	0.01458	0.01336	0.01625	0.01014	0.01014	0.02197	0.02908	0.08713	0.52495	0.07311	0.09076	0.02028	0.01195	0.00322	0.00517	0.01786	0.01142	0.01034
26	0.02393	0.02291	0.03337	0.38412	0.19028	0.06609	0.02785	0.07219	0.02420	0.03121	0.01887	0.02599	0.01461	0.01018	0.01016	0.00324	0.01346	0.00895	0.00523	0.01316
27	0.03716	0.12750	0.03448	0.02264	0.03095	0.03323	0.01919	0.45940	0.04386	0.05819	0.02298	0.02333	0.01677	0.01175	0.00968	0.00294	0.01124	0.00864	0.00933	0.01677
28	0.01720	0.01499	0.02405	0.37918	0.04906	0.01796	0.02134	0.02223	0.01933	0.02537	0.02688	0.12924	0.02599	0.07031	0.10755	0.00610	0.01437	0.01305	0.00563	0.01017
29	0.03334	0.33079	0.04205	0.02065	0.02914	0.03612	0.01855	0.29117	0.03483	0.04483	0.01956	0.02063	0.01535	0.01059	0.00846	0.00265	0.01114	0.00740	0.00739	0.01535
30	0.02509	0.33658	0.03771	0.01776	0.02514	0.08747	0.01578	0.02867	0.02110	0.02635	0.01747	0.02161	0.01565	0.01961	0.10190	0.00437	0.01361	0.00662	0.00505	0.17246
31	0.02262	0.06849	0.12426	0.02134	0.02782	0.01930	0.06226	0.03188	0.10759	0.08526	0.06736	0.05403	0.03507	0.11552	0.01766	0.00457	0.01075	0.10388	0.00789	0.01246
32	0.02397	0.02703	0.05211	0.08841	0.05060	0.06614	0.41762	0.03152	0.02392	0.03124	0.02285	0.07200	0.01913	0.01068	0.01182	0.00345	0.01624	0.01272	0.00547	0.01308
33	0.01500	0.01109	0.01442	0.01634	0.01798	0.01107	0.01232	0.02033	0.07311	0.02920	0.05444	0.41689	0.06163	0.02922	0.01317	0.00427	0.00723	0.17325	0.00959	0.00944
34	0.09603	0.01886	0.02353	0.02027	0.02473	0.02104	0.01688	0.10653	0.02671	0.17416	0.07675	0.04757	0.03248	0.01722	0.01623	0.00376	0.15099	0.10394	0.00908	0.01322
35	0.28436	0.17367	0.07085	0.01914	0.02677	0.13116	0.01716	0.08302	0.02419	0.06264	0.01708	0.01894	0.01338	0.00998	0.00774	0.00285	0.01144	0.00646	0.00623	0.01294
36	0.23320	0.06812	0.06124	0.02908	0.10284	0.02299	0.15102	0.02865	0.02057	0.03492	0.02204	0.08280	0.01993	0.01712	0.05931	0.00439	0.01295	0.01057	0.00588	0.01241
37	0.03052	0.02480	0.05202	0.02174	0.02887	0.06998	0.04911	0.17385	0.08578	0.12202	0.03131	0.11626	0.02650	0.01433	0.01035	0.00308	0.01046	0.01203	0.00896	0.10802

[dist]
# distance from previous block
# <min> <max>
1	12

[block]
# block no. 3 follows, 14 sequences, length 11
# corresponding to MSA columns:
# 182-192
name=unknown_D
#
# <colnr> <probs for GDERKNQSTAVLIFYWHMCP>
#	G	D	E	R	K	N	Q	S	T	A	V	L	I	F	Y	W	H	M	C	P
0	0.02440	0.07733	0.03156	0.02323	0.02945	0.02346	0.11505	0.11759	0.17505	0.04093	0.13034	0.09604	0.03986	0.01522	0.01094	0.00331	0.00985	0.01371	0.00893	0.01375
1	0.16643	0.14161	0.03131	0.02017	0.02796	0.05779	0.01713	0.27682	0.03451	0.10128	0.02182	0.02228	0.01600	0.01108	0.00879	0.00292	0.01070	0.00781	0.00841	0.01517
2	0.02357	0.01296	0.01814	0.01912	0.05699	0.01228	0.01331	0.02658	0.02222	0.18124	0.04394	0.25915	0.04427	0.08472	0.08003	0.00574	0.01021	0.06475	0.00936	0.01142
3	0.01913	0.00956	0.00956	0.00956	0.01196	0.00956	0.00717	0.02391	0.02152	0.03826	0.03348	0.03826	0.02630	0.01196	0.00717	0.00239	0.00478	0.00956	0.69632	0.00956
4	0.02516	0.18923	0.12421	0.02425	0.07750	0.05798	0.02055	0.03481	0.12477	0.06852	0.02961	0.12636	0.02685	0.01422	0.00966	0.00311	0.01067	0.01168	0.00708	0.01378
5	0.02242	0.02001	0.02596	0.01937	0.02799	0.01730	0.07066	0.03211	0.12422	0.03520	0.02303	0.02524	0.01833	0.00893	0.00864	0.00211	0.00876	0.00780	0.00682	0.49513
6	0.02170	0.02682	0.11391	0.03008	0.08430	0.07624	0.14797	0.02687	0.02111	0.02807	0.02615	0.11555	0.02599	0.12836	0.02081	0.00469	0.07074	0.01320	0.00578	0.01168
7	0.02110	0.02891	0.17102	0.02344	0.03075	0.07349	0.08496	0.05709	0.06163	0.03349	0.08926	0.15859	0.08810	0.01727	0.01120	0.00343	0.01124	0.01517	0.00750	0.01237
8	0.02017	0.01849	0.02247	0.02627	0.12643	0.07982	0.01665	0.02612	0.07088	0.02756	0.02918	0.09384	0.02802	0.09188	0.26478	0.00944	0.01824	0.01228	0.00631	0.01118
9	0.02025	0.07298	0.02025	0.01657	0.02003	0.07171	0.01279	0.02590	0.07314	0.06119	0.12779	0.17734	0.08256	0.03207	0.13191	0.00605	0.01218	0.01611	0.00838	0.01080
10	0.15872	0.12520	0.09018	0.02084	0.02875	0.14239	0.01870	0.08641	0.06320	0.13919	0.02285	0.02323	0.01674	0.01081	0.00875	0.00294	0.01182	0.00764	0.00746	0.01418

[dist]
# distance from previous block
# <min> <max>
1	10

[block]
# block no. 4 follows, 14 sequences, length 22
# corresponding to MSA columns:
# 206-227
name=unknown_E
#
# <colnr> <probs for GDERKNQSTAVLIFYWHMCP>
#	G	D	E	R	K	N	Q	S	T	A	V	L	I	F	Y	W	H	M	C	P
0	0.18252	0.06843	0.11082	0.02252	0.03012	0.02102	0.12128	0.03088	0.02125	0.11468	0.02543	0.07139	0.02200	0.09678	0.01530	0.00416	0.01135	0.01076	0.00683	0.01249
1	0.02400	0.07369	0.13508	0.02240	0.07829	0.01779	0.01908	0.02937	0.02304	0.12506	0.03851	0.09960	0.10370	0.01443	0.00990	0.00291	0.00946	0.01207	0.00751	0.15408
2	0.01255	0.01053	0.01098	0.01120	0.01456	0.00896	0.00862	0.01534	0.02341	0.02800	0.09927	0.10037	0.52278	0.02621	0.01232	0.00358	0.00560	0.06744	0.00952	0.00874
3	0.03300	0.03857	0.02585	0.02356	0.02839	0.41291	0.01772	0.07183	0.06708	0.03049	0.06674	0.08588	0.02692	0.01391	0.01002	0.00293	0.01493	0.01034	0.00690	0.01206
4	0.02128	0.01824	0.02128	0.01520	0.02432	0.01368	0.01216	0.02584	0.02128	0.03344	0.01824	0.02128	0.01520	0.00760	0.00760	0.00152	0.00760	0.00608	0.00608	0.70208
5	0.01913	0.00956	0.00956	0.00956	0.01196	0.00956	0.00717	0.02391	0.02152	0.03826	0.03348	0.03826	0.02630	0.01196	0.00717	0.00239	0.00478	0.00956	0.69632	0.00956
6	0.71184	0.01985	0.01508	0.01350	0.01985	0.02302	0.01111	0.03017	0.01746	0.04604	0.01429	0.01667	0.01111	0.00953	0.00635	0.00318	0.00794	0.00556	0.00635	0.01111
7	0.01564	0.01370	0.02395	0.02109	0.02433	0.01280	0.13745	0.01954	0.02215	0.03003	0.12420	0.40361	0.05952	0.02480	0.01271	0.00386	0.00853	0.02347	0.00874	0.00987
8	0.01914	0.01464	0.02143	0.01784	0.02256	0.01363	0.08871	0.02582	0.07075	0.08719	0.25463	0.06885	0.21457	0.01928	0.01180	0.00335	0.00744	0.01717	0.00992	0.01128
9	0.04535	0.01858	0.02451	0.01879	0.02675	0.01674	0.01552	0.09870	0.03124	0.53111	0.03891	0.03391	0.02461	0.01266	0.01031	0.00317	0.00899	0.01021	0.01246	0.01746
10	0.01925	0.01308	0.02268	0.01942	0.02118	0.01343	0.09966	0.01750	0.01538	0.02088	0.01801	0.02997	0.01713	0.02979	0.03489	0.53260	0.05459	0.00946	0.00458	0.00654
11	0.03788	0.02818	0.03016	0.02338	0.03140	0.03130	0.01923	0.50047	0.09072	0.06286	0.02607	0.02578	0.01861	0.01245	0.01028	0.00311	0.01103	0.00944	0.01028	0.01735
12	0.01891	0.01680	0.01588	0.01568	0.01739	0.09801	0.01073	0.02290	0.06925	0.02452	0.03423	0.15019	0.03668	0.29858	0.11800	0.00826	0.01300	0.01524	0.00694	0.00881
13	0.01492	0.00995	0.01119	0.01119	0.01119	0.00995	0.00622	0.01492	0.01492	0.01990	0.03233	0.06716	0.03731	0.63935	0.05223	0.00995	0.00995	0.01492	0.00622	0.00622
14	0.03833	0.04891	0.02908	0.02644	0.03173	0.59815	0.01983	0.04098	0.02908	0.02512	0.01586	0.01851	0.01322	0.01058	0.00925	0.00264	0.01851	0.00661	0.00529	0.01190
15	0.02744	0.64552	0.05378	0.01756	0.02634	0.04061	0.01756	0.03073	0.02085	0.02414	0.01427	0.01646	0.01317	0.00878	0.00658	0.00219	0.01097	0.00549	0.00439	0.01317
16	0.02921	0.02387	0.02528	0.02163	0.02809	0.02724	0.01713	0.18732	0.41801	0.04886	0.03709	0.03456	0.02754	0.01349	0.01039	0.00337	0.00899	0.01096	0.01039	0.01657
17	0.01478	0.01050	0.01400	0.01400	0.01496	0.01147	0.00971	0.01672	0.01575	0.02197	0.02977	0.05296	0.03115	0.34195	0.34120	0.01341	0.01922	0.01285	0.00584	0.00778
18	0.03274	0.02434	0.07885	0.02025	0.02754	0.05744	0.01757	0.07977	0.18235	0.23446	0.07296	0.03890	0.05864	0.01384	0.01044	0.00325	0.00957	0.01124	0.01030	0.01555
19	0.01562	0.01038	0.01344	0.01384	0.01581	0.00961	0.01004	0.01881	0.02394	0.06377	0.25090	0.27808	0.10639	0.06896	0.01533	0.00416	0.00617	0.05529	0.01014	0.00932
20	0.03454	0.02412	0.02652	0.02439	0.07144	0.07679	0.01810	0.19443	0.10467	0.18046	0.03378	0.07438	0.02695	0.01460	0.01065	0.00330	0.01050	0.04494	0.00991	0.01553
21	0.02060	0.05798	0.02071	0.12405	0.02770	0.01482	0.01434	0.02495	0.02513	0.11546	0.23961	0.14337	0.09302	0.01895	0.01126	0.00334	0.00767	0.01649	0.00939	0.01114

[dist]
# distance from previous block
# <min> <max>
0	11

[block]
# block no. 5 follows, 14 sequences, length 24
# corresponding to MSA columns:
# 239-262
name=unknown_F
#
# <colnr> <probs for GDERKNQSTAVLIFYWHMCP>
#	G	D	E	R	K	N	Q	S	T	A	V	L	I	F	Y	W	H	M	C	P
0	0.07662	0.12357	0.03001	0.01980	0.02736	0.07446	0.01658	0.20278	0.03298	0.17760	0.05958	0.02795	0.02286	0.01180	0.00933	0.00285	0.01040	0.00887	0.00909	0.05549
1	0.30612	0.01864	0.01916	0.05139	0.02448	0.01968	0.01318	0.09135	0.02317	0.10529	0.02392	0.06516	0.02053	0.07598	0.01282	0.00372	0.00882	0.00930	0.00763	0.09965
2	0.02446	0.01959	0.03489	0.07024	0.06772	0.01895	0.19639	0.03217	0.06220	0.12143	0.15645	0.07913	0.04053	0.01418	0.01153	0.00338	0.01112	0.01400	0.00840	0.01322
3	0.02637	0.02004	0.06419	0.02005	0.02765	0.01584	0.06837	0.03290	0.06015	0.16871	0.03260	0.13759	0.02829	0.01402	0.01008	0.00287	0.00914	0.01243	0.00843	0.24027
4	0.01455	0.01144	0.01465	0.06818	0.02084	0.01142	0.01154	0.01984	0.06801	0.03071	0.15696	0.32892	0.15337	0.02543	0.01226	0.00374	0.00650	0.02254	0.00949	0.00960
5	0.03195	0.02220	0.06251	0.01839	0.02701	0.04415	0.01581	0.03879	0.07051	0.24509	0.02871	0.02788	0.02025	0.01040	0.00912	0.00250	0.00914	0.00831	0.00884	0.29844
6	0.01327	0.01020	0.01214	0.01216	0.01469	0.00907	0.00893	0.01676	0.02535	0.03356	0.30730	0.17430	0.27579	0.02471	0.01227	0.00347	0.00516	0.02146	0.01033	0.00907
7	0.03321	0.26238	0.03858	0.02125	0.02922	0.07442	0.01846	0.26329	0.08864	0.04435	0.02186	0.02252	0.01696	0.01102	0.00882	0.00276	0.01136	0.00788	0.00771	0.01532
8	0.03015	0.30524	0.08609	0.02447	0.03379	0.03422	0.10306	0.19530	0.03026	0.03918	0.01894	0.02127	0.01492	0.00997	0.00888	0.00276	0.01239	0.00791	0.00640	0.01480
9	0.03159	0.02819	0.06676	0.03773	0.22500	0.06574	0.02447	0.18484	0.06970	0.08902	0.02365	0.02604	0.01790	0.01142	0.01162	0.00317	0.05038	0.00917	0.00758	0.01603
10	0.21386	0.23112	0.03358	0.01996	0.02651	0.19253	0.01691	0.06537	0.02368	0.03287	0.01533	0.01799	0.01292	0.01029	0.00922	0.00278	0.05082	0.00628	0.00555	0.01241
11	0.01216	0.01026	0.01053	0.01075	0.01395	0.00863	0.00795	0.01469	0.02305	0.02759	0.09970	0.14678	0.52590	0.02654	0.01222	0.00353	0.00527	0.02233	0.00953	0.00863
12	0.04541	0.01848	0.02445	0.01874	0.02671	0.01660	0.01548	0.09440	0.03108	0.53564	0.03905	0.03400	0.02468	0.01267	0.01032	0.00317	0.00896	0.01022	0.01248	0.01746
13	0.01721	0.01011	0.01360	0.01311	0.01408	0.00961	0.00866	0.01506	0.01489	0.02037	0.02340	0.07249	0.02487	0.17139	0.03804	0.43128	0.00885	0.01115	0.00531	0.07654
14	0.02815	0.11205	0.15535	0.03241	0.13112	0.02639	0.09347	0.12871	0.02772	0.07656	0.02105	0.02390	0.01585	0.00987	0.00967	0.00291	0.01251	0.00856	0.00645	0.07729
15	0.09729	0.02402	0.02641	0.02058	0.02823	0.02547	0.01690	0.33600	0.03780	0.13009	0.02549	0.02613	0.01835	0.01618	0.05101	0.00388	0.01139	0.00886	0.00949	0.08642
16	0.02744	0.64552	0.05378	0.01756	0.02634	0.04061	0.01756	0.03073	0.02085	0.02414	0.01427	0.01646	0.01317	0.00878	0.00658	0.00219	0.01097	0.00549	0.00439	0.01317
17	0.02095	0.01676	0.02608	0.22354	0.04024	0.01792	0.07134	0.07096	0.02571	0.06861	0.14131	0.12768	0.07271	0.01663	0.01134	0.00345	0.01015	0.01500	0.00800	0.01164
18	0.02799	0.25676	0.09334	0.03674	0.23307	0.07051	0.02494	0.08415	0.02523	0.03261	0.01769	0.02123	0.01474	0.00949	0.00876	0.00273	0.01236	0.00750	0.00530	0.01485
19	0.02069	0.05521	0.02326	0.07283	0.02603	0.11430	0.01618	0.02379	0.01916	0.02421	0.02456	0.07706	0.02421	0.09538	0.24319	0.00904	0.10418	0.01118	0.00553	0.01001
20	0.01812	0.01592	0.02568	0.28020	0.13791	0.01770	0.02222	0.02313	0.02108	0.02796	0.03339	0.21401	0.03471	0.01835	0.01148	0.00371	0.01071	0.06594	0.00661	0.01115
21	0.01464	0.01017	0.01281	0.01301	0.01360	0.01066	0.00844	0.01587	0.01579	0.02159	0.03298	0.10754	0.03649	0.42219	0.20953	0.01138	0.01476	0.01499	0.00629	0.00726
22	0.43037	0.01884	0.01877	0.01551	0.02253	0.01967	0.01279	0.03856	0.02250	0.27281	0.02536	0.02439	0.01715	0.01087	0.00803	0.00318	0.00827	0.00757	0.00904	0.01380
23	0.03413	0.17150	0.07382	0.02385	0.06127	0.20752	0.01950	0.03828	0.02573	0.15829	0.02192	0.02281	0.01643	0.01026	0.00885	0.00264	0.01291	0.00741	0.00683	0.07606

[dist]
# distance from previous block
# <min> <max>
0	1

[block]
# block no. 6 follows, 14 sequences, length 9
# corresponding to MSA columns:
# 264-272
name=unknown_G
#
# <colnr> <probs for GDERKNQSTAVLIFYWHMCP>
#	G	D	E	R	K	N	Q	S	T	A	V	L	I	F	Y	W	H	M	C	P
0	0.01462	0.01084	0.01563	0.01538	0.01740	0.01185	0.01185	0.01865	0.02038	0.02919	0.19544	0.05157	0.04769	0.05963	0.41706	0.01239	0.02048	0.01334	0.00729	0.00932
1	0.03003	0.02491	0.02300	0.01991	0.02596	0.14456	0.01537	0.04139	0.19193	0.13792	0.03367	0.09821	0.02775	0.01399	0.00999	0.00299	0.01017	0.01136	0.00892	0.12799
2	0.02763	0.01843	0.02208	0.01649	0.02500	0.01518	0.01326	0.03446	0.07604	0.16591	0.02589	0.02623	0.01923	0.00945	0.00853	0.00211	0.00792	0.00764	0.00810	0.47041
3	0.02496	0.03314	0.23040	0.02670	0.03648	0.02356	0.09843	0.07300	0.17000	0.07534	0.02789	0.02983	0.02065	0.01701	0.06199	0.00449	0.01392	0.00993	0.00721	0.01506
4	0.02954	0.03461	0.02508	0.08997	0.03151	0.36743	0.01803	0.03250	0.02437	0.02439	0.02000	0.02896	0.01821	0.09848	0.10808	0.00583	0.01833	0.00861	0.00535	0.01071
5	0.01505	0.01034	0.01264	0.01283	0.01357	0.01042	0.00849	0.01652	0.01773	0.02400	0.09571	0.07143	0.04555	0.44087	0.09650	0.00920	0.01102	0.07374	0.00711	0.00729
6	0.03833	0.04891	0.02908	0.02644	0.03173	0.59815	0.01983	0.04098	0.02908	0.02512	0.01586	0.01851	0.01322	0.01058	0.00925	0.00264	0.01851	0.00661	0.00529	0.01190
7	0.02285	0.17606	0.02887	0.01647	0.02437	0.02231	0.01393	0.03166	0.12522	0.03244	0.02932	0.03016	0.06657	0.01074	0.00829	0.00224	0.00834	0.00837	0.00680	0.33499
8	0.09456	0.21908	0.11359	0.01886	0.02675	0.02653	0.01814	0.08284	0.05657	0.10227	0.06364	0.03055	0.02429	0.06634	0.01249	0.00349	0.01033	0.00893	0.00721	0.01353

[dist]
# distance from previous block
# <min> <max>
1	4

[block]
# block no. 7 follows, 14 sequences, length 10
# corresponding to MSA columns:
# 278-287
name=unknown_H
#
# <colnr> <probs for GDERKNQSTAVLIFYWHMCP>
#	G	D	E	R	K	N	Q	S	T	A	V	L	I	F	Y	W	H	M	C	P
0	0.03901	0.07754	0.03050	0.02089	0.02925	0.02136	0.05646	0.13981	0.03111	0.33809	0.03145	0.02944	0.02105	0.01149	0.00986	0.00294	0.00999	0.00942	0.01028	0.08009
1	0.02315	0.02008	0.02299	0.02372	0.07354	0.05891	0.01681	0.09642	0.15640	0.03589	0.03739	0.18547	0.03645	0.02381	0.05845	0.00468	0.05190	0.05269	0.00850	0.01275
2	0.01938	0.01824	0.03078	0.61468	0.07068	0.02280	0.02850	0.02622	0.02052	0.02622	0.01824	0.02736	0.01368	0.01026	0.01026	0.00342	0.01368	0.00912	0.00456	0.01140
3	0.71184	0.01985	0.01508	0.01350	0.01985	0.02302	0.01111	0.03017	0.01746	0.04604	0.01429	0.01667	0.01111	0.00953	0.00635	0.00318	0.00794	0.00556	0.00635	0.01111
4	0.71184	0.01985	0.01508	0.01350	0.01985	0.02302	0.01111	0.03017	0.01746	0.04604	0.01429	0.01667	0.01111	0.00953	0.00635	0.00318	0.00794	0.00556	0.00635	0.01111
5	0.15224	0.02294	0.02225	0.07732	0.06841	0.12448	0.01564	0.06248	0.02315	0.10407	0.02431	0.03523	0.02149	0.18051	0.02071	0.00492	0.01160	0.00975	0.00694	0.01159
6	0.13774	0.08146	0.07314	0.02438	0.03153	0.22014	0.07441	0.04027	0.15407	0.03408	0.02252	0.02410	0.01753	0.01082	0.00923	0.00303	0.01335	0.00824	0.00656	0.01339
7	0.01770	0.01337	0.01537	0.01493	0.01813	0.01311	0.01129	0.11192	0.02725	0.03546	0.11450	0.26202	0.22255	0.02522	0.01225	0.00369	0.00682	0.05427	0.00983	0.01031
8	0.02906	0.08630	0.12181	0.02210	0.03012	0.02758	0.02029	0.23200	0.17093	0.04563	0.02784	0.03098	0.02182	0.07147	0.01387	0.00378	0.01095	0.00977	0.00839	0.01529
9	0.15361	0.05955	0.02296	0.01978	0.06416	0.01919	0.01460	0.06713	0.05840	0.16287	0.16863	0.04032	0.03972	0.01758	0.04451	0.00391	0.00923	0.01122	0.00930	0.01332

[dist]
# distance from previous block
# <min> <max>
1	7

[block]
# block no. 8 follows, 14 sequences, length 28
# corresponding to MSA columns:
# 295-322
name=unknown_I
#
# <colnr> <probs for GDERKNQSTAVLIFYWHMCP>
#	G	D	E	R	K	N	Q	S	T	A	V	L	I	F	Y	W	H	M	C	P
0	0.01516	0.01149	0.01459	0.01386	0.01697	0.01001	0.01012	0.01887	0.02416	0.03431	0.27769	0.26239	0.07023	0.02225	0.01155	0.00322	0.00579	0.01982	0.00963	0.14789
1	0.06540	0.11405	0.03583	0.10331	0.11839	0.25331	0.05484	0.08001	0.02693	0.03146	0.01748	0.02141	0.01415	0.01007	0.00930	0.00286	0.01474	0.00769	0.00554	0.01324
2	0.07708	0.08766	0.18412	0.02946	0.06547	0.02629	0.13656	0.10802	0.06826	0.08499	0.02290	0.02520	0.01673	0.01032	0.00993	0.00317	0.01293	0.00910	0.00674	0.01507
3	0.03416	0.33294	0.04027	0.02098	0.02834	0.24580	0.01806	0.03730	0.02514	0.10374	0.01859	0.01985	0.01492	0.01001	0.00811	0.00250	0.01348	0.00659	0.00591	0.01330
4	0.02300	0.09483	0.27830	0.03508	0.04730	0.02641	0.28259	0.03252	0.02285	0.03192	0.01919	0.02415	0.01428	0.00912	0.01062	0.00326	0.01583	0.00962	0.00476	0.01433
5	0.02514	0.06905	0.03188	0.22659	0.04179	0.02687	0.02310	0.02928	0.01970	0.10433	0.01900	0.02544	0.01521	0.01385	0.02021	0.00376	0.27785	0.00895	0.00567	0.01232
6	0.01559	0.00954	0.01192	0.01213	0.01218	0.00949	0.00733	0.01440	0.01487	0.01983	0.03010	0.10676	0.03414	0.40231	0.04507	0.21884	0.00928	0.01438	0.00598	0.00587
7	0.01769	0.01180	0.01549	0.01636	0.01939	0.01116	0.01378	0.02193	0.02469	0.07455	0.12690	0.10112	0.16674	0.02573	0.01320	0.00416	0.00795	0.30748	0.00995	0.00994
8	0.02194	0.02188	0.01870	0.01728	0.02102	0.15993	0.01305	0.02965	0.10775	0.03616	0.30865	0.05830	0.10943	0.01776	0.01114	0.00314	0.00880	0.01479	0.00950	0.01113
9	0.01783	0.00891	0.01337	0.01337	0.01337	0.00891	0.00891	0.01337	0.01337	0.01783	0.01783	0.03119	0.01783	0.03565	0.04011	0.70143	0.00891	0.00891	0.00446	0.00446
10	0.01785	0.01501	0.02571	0.02379	0.02775	0.01458	0.12955	0.02317	0.02340	0.03078	0.04722	0.14272	0.05037	0.02440	0.01363	0.00440	0.01085	0.35599	0.00853	0.01031
11	0.01993	0.01880	0.03178	0.56414	0.11691	0.02294	0.02877	0.02670	0.02078	0.02689	0.01834	0.02718	0.01392	0.01016	0.01025	0.00339	0.01354	0.00912	0.00461	0.01184
12	0.02004	0.01680	0.01908	0.01654	0.02226	0.01588	0.01260	0.03156	0.19020	0.03440	0.03921	0.17863	0.06063	0.01646	0.01005	0.00288	0.00725	0.01419	0.00846	0.28289
13	0.13782	0.01936	0.02393	0.01886	0.02593	0.01929	0.01559	0.09455	0.02843	0.40674	0.03288	0.03024	0.02156	0.01266	0.01174	0.00328	0.06085	0.00942	0.01086	0.01603
14	0.13722	0.01955	0.02338	0.01810	0.02596	0.01857	0.01491	0.11792	0.02974	0.37912	0.03238	0.02956	0.02126	0.01173	0.00950	0.00301	0.00890	0.00910	0.01083	0.07928
15	0.01827	0.01672	0.02897	0.02864	0.10461	0.01623	0.14508	0.02398	0.05513	0.02952	0.03963	0.31668	0.04294	0.06547	0.01508	0.00420	0.01010	0.01992	0.00763	0.01119
16	0.02804	0.02099	0.02491	0.02074	0.06093	0.01944	0.01555	0.17839	0.03059	0.08496	0.06874	0.02827	0.02364	0.01060	0.00913	0.00234	0.00882	0.00858	0.00819	0.34715
17	0.02909	0.08362	0.03623	0.11838	0.13074	0.14786	0.08774	0.03832	0.11460	0.07796	0.02374	0.02669	0.01819	0.01063	0.00997	0.00308	0.01332	0.00916	0.00655	0.01413
18	0.01987	0.01124	0.01358	0.01257	0.01419	0.01074	0.00814	0.02120	0.01925	0.11344	0.10994	0.06332	0.04384	0.45075	0.03979	0.00791	0.00903	0.01470	0.00798	0.00852
19	0.02085	0.02110	0.03980	0.44163	0.06552	0.02375	0.18282	0.02823	0.02164	0.02823	0.01900	0.02746	0.01425	0.00977	0.01082	0.00343	0.01478	0.01003	0.00475	0.01214
20	0.02540	0.02438	0.04165	0.06299	0.57533	0.02438	0.03149	0.03149	0.02337	0.03353	0.01930	0.02540	0.01626	0.00914	0.01016	0.00305	0.01219	0.00914	0.00508	0.01626
21	0.01375	0.01025	0.01324	0.01442	0.01622	0.00909	0.00990	0.01593	0.01988	0.02722	0.05112	0.54588	0.06040	0.02867	0.01232	0.00379	0.00619	0.02590	0.00904	0.10679
22	0.01649	0.00949	0.01397	0.01408	0.01471	0.00978	0.00987	0.01498	0.01573	0.02156	0.06591	0.07995	0.02931	0.04325	0.15769	0.44745	0.01243	0.01158	0.00558	0.00617
23	0.55790	0.01930	0.01710	0.01460	0.02131	0.02119	0.01203	0.03475	0.02022	0.17006	0.02035	0.02089	0.01442	0.01026	0.00727	0.00318	0.00812	0.00666	0.00782	0.01258
24	0.02101	0.01888	0.02986	0.21771	0.08126	0.02042	0.09365	0.07112	0.07277	0.03464	0.10770	0.09431	0.06292	0.01483	0.01115	0.00342	0.01097	0.01363	0.00738	0.01237
25	0.01213	0.01040	0.01040	0.01040	0.01386	0.00866	0.00780	0.01473	0.02339	0.02772	0.10396	0.09876	0.57117	0.02599	0.01213	0.00347	0.00520	0.02166	0.00953	0.00866
26	0.02918	0.17962	0.18804	0.02445	0.03333	0.23410	0.02383	0.03824	0.09930	0.02944	0.01985	0.02170	0.01569	0.01042	0.00896	0.00283	0.01444	0.00733	0.00555	0.01370
27	0.05913	0.02329	0.10243	0.02061	0.02728	0.02009	0.04547	0.07494	0.18791	0.08366	0.16522	0.07204	0.04326	0.01525	0.01074	0.00335	0.00898	0.01306	0.00941	0.01388

[dist]
# distance from previous block
# <min> <max>
0	4

[block]
# block no. 9 follows, 14 sequences, length 62
# corresponding to MSA columns:
# 327-388
name=unknown_J
#
# <colnr> <probs for GDERKNQSTAVLIFYWHMCP>
#	G	D	E	R	K	N	Q	S	T	A	V	L	I	F	Y	W	H	M	C	P
0	0.06865	0.40704	0.04030	0.01633	0.02439	0.03060	0.01520	0.02851	0.02155	0.02925	0.07061	0.02352	0.02183	0.00979	0.00734	0.00222	0.00944	0.00692	0.00557	0.16096
1	0.01237	0.00944	0.01138	0.01293	0.01453	0.00845	0.00892	0.01444	0.02095	0.02673	0.07307	0.44666	0.24321	0.03000	0.01276	0.00392	0.00569	0.02656	0.00953	0.00845
2	0.02745	0.03021	0.20281	0.03176	0.14082	0.02002	0.06949	0.03445	0.02348	0.16056	0.02498	0.02939	0.01880	0.05711	0.01313	0.00354	0.01211	0.00932	0.00683	0.08373
3	0.03812	0.02349	0.07646	0.02828	0.12986	0.02022	0.02071	0.10839	0.05597	0.34067	0.03270	0.03087	0.02192	0.01180	0.01024	0.00316	0.01022	0.00979	0.01015	0.01698
4	0.62672	0.06879	0.01871	0.01444	0.02092	0.05265	0.01203	0.03074	0.01829	0.04335	0.01436	0.01675	0.01137	0.00952	0.00651	0.00307	0.00869	0.00560	0.00615	0.01131
5	0.02706	0.25468	0.08239	0.02297	0.03100	0.06126	0.07120	0.08727	0.14610	0.03452	0.02564	0.03140	0.02143	0.01194	0.00934	0.00300	0.01161	0.04616	0.00686	0.01417
6	0.02088	0.02118	0.07509	0.01812	0.02293	0.05670	0.01524	0.03320	0.20945	0.03546	0.17864	0.04900	0.08465	0.01916	0.01509	0.10295	0.00856	0.01308	0.00878	0.01184
7	0.01281	0.01032	0.01140	0.01135	0.01433	0.00892	0.00843	0.01596	0.02468	0.03128	0.22770	0.12927	0.40746	0.02505	0.01219	0.00345	0.00515	0.02133	0.01001	0.00892
8	0.02414	0.02455	0.07106	0.08354	0.03594	0.02455	0.08984	0.04557	0.36205	0.03860	0.03355	0.03360	0.02519	0.01219	0.01045	0.00335	0.01042	0.01083	0.00845	0.05214
9	0.01387	0.01023	0.01243	0.01224	0.01432	0.00937	0.00872	0.01716	0.02468	0.03344	0.33402	0.13546	0.18699	0.11989	0.01848	0.00442	0.00583	0.01972	0.00994	0.00879
10	0.02977	0.18194	0.07258	0.02087	0.02837	0.05677	0.01846	0.15404	0.16513	0.07721	0.02905	0.07245	0.02377	0.01310	0.00952	0.00304	0.01045	0.01024	0.00828	0.01494
11	0.01601	0.01098	0.01326	0.01239	0.01561	0.00971	0.00940	0.01996	0.02700	0.07673	0.35981	0.08162	0.26505	0.02219	0.01198	0.00331	0.00526	0.01908	0.01076	0.00989
12	0.02582	0.02017	0.02412	0.02095	0.02599	0.06840	0.05893	0.03803	0.19549	0.11597	0.07497	0.04461	0.03348	0.05237	0.11615	0.00599	0.01321	0.04326	0.00884	0.01325
13	0.03910	0.04577	0.02856	0.02562	0.03117	0.53993	0.01935	0.04188	0.02911	0.08077	0.01832	0.02015	0.01444	0.01079	0.00936	0.00270	0.01753	0.00698	0.00603	0.01245
14	0.01810	0.01651	0.02726	0.50280	0.06028	0.02010	0.02496	0.02400	0.02036	0.02622	0.02538	0.14016	0.02378	0.01434	0.01079	0.00356	0.01224	0.01286	0.00549	0.01083
15	0.01488	0.01078	0.01588	0.01588	0.01745	0.01235	0.01206	0.01774	0.01617	0.02313	0.02724	0.04181	0.02606	0.11796	0.52051	0.05985	0.02494	0.01117	0.00549	0.00863
16	0.03725	0.10848	0.03155	0.02555	0.03119	0.54248	0.01960	0.03995	0.02826	0.02502	0.01570	0.01830	0.01321	0.01040	0.00899	0.00260	0.01775	0.00650	0.00520	0.01202
17	0.02893	0.02374	0.02512	0.02157	0.02798	0.02712	0.01707	0.17741	0.42836	0.04842	0.03744	0.03484	0.02782	0.01352	0.01040	0.00338	0.00892	0.01101	0.01040	0.01655
18	0.01468	0.01092	0.01610	0.01610	0.01779	0.01261	0.01233	0.01807	0.01638	0.02353	0.02785	0.04232	0.02653	0.11904	0.55780	0.01600	0.02618	0.01129	0.00555	0.00894
19	0.08563	0.02328	0.03144	0.07922	0.24446	0.06085	0.02277	0.07038	0.02667	0.21566	0.02591	0.02749	0.01855	0.01072	0.00987	0.00310	0.01121	0.00909	0.00799	0.01569
20	0.01517	0.01000	0.01218	0.01218	0.01245	0.01027	0.00745	0.01526	0.01500	0.02026	0.03018	0.05965	0.03366	0.49694	0.13082	0.07995	0.01241	0.01375	0.00594	0.00647
21	0.20166	0.16782	0.03650	0.02423	0.03144	0.23255	0.10826	0.03462	0.02353	0.03149	0.01598	0.01922	0.01310	0.00958	0.00845	0.00282	0.01402	0.00707	0.00534	0.01232
22	0.71184	0.01985	0.01508	0.01350	0.01985	0.02302	0.01111	0.03017	0.01746	0.04604	0.01429	0.01667	0.01111	0.00953	0.00635	0.00318	0.00794	0.00556	0.00635	0.01111
23	0.02598	0.03468	0.23626	0.03359	0.04454	0.02404	0.25121	0.03463	0.02346	0.11150	0.02227	0.02626	0.01594	0.01029	0.01258	0.00342	0.05874	0.01005	0.00593	0.01464
24	0.02540	0.02438	0.04165	0.06299	0.57533	0.02438	0.03149	0.03149	0.02337	0.03353	0.01930	0.02540	0.01626	0.00914	0.01016	0.00305	0.01219	0.00914	0.00508	0.01626
25	0.03421	0.02420	0.02929	0.12797	0.03712	0.02727	0.02048	0.29887	0.07251	0.12977	0.02606	0.02740	0.01857	0.01261	0.01230	0.00330	0.06365	0.00952	0.00913	0.01576
26	0.01284	0.01031	0.01146	0.01141	0.01436	0.00893	0.00846	0.01601	0.02472	0.03143	0.23288	0.13302	0.39804	0.02503	0.01220	0.00345	0.00515	0.02135	0.01003	0.00893
27	0.01529	0.01168	0.01446	0.01370	0.01655	0.01143	0.01038	0.02210	0.07967	0.03766	0.39559	0.07238	0.15164	0.02660	0.07068	0.00462	0.00749	0.01755	0.01038	0.01014
28	0.01316	0.00928	0.01196	0.01357	0.01424	0.00877	0.00893	0.01491	0.01971	0.02652	0.10331	0.47175	0.06507	0.14419	0.02029	0.00515	0.00659	0.02546	0.00909	0.00808
29	0.21319	0.02332	0.02418	0.01958	0.02684	0.02557	0.01599	0.23861	0.12641	0.14435	0.02766	0.02672	0.01960	0.01194	0.00929	0.00319	0.00942	0.00888	0.00969	0.01559
30	0.02553	0.02204	0.02320	0.02088	0.02669	0.02553	0.01624	0.05453	0.55679	0.04293	0.04177	0.03829	0.03133	0.01392	0.01044	0.00348	0.00812	0.01160	0.01044	0.01624
31	0.03176	0.03512	0.02607	0.02359	0.02914	0.30430	0.01799	0.04793	0.29988	0.03426	0.02916	0.02866	0.02251	0.01229	0.00986	0.00307	0.01318	0.00917	0.00793	0.01413
32	0.08243	0.02561	0.02685	0.02187	0.02905	0.02885	0.01769	0.32356	0.23497	0.05525	0.03026	0.02914	0.02215	0.01271	0.01005	0.00324	0.00987	0.00985	0.01005	0.01655
33	0.01783	0.00891	0.01337	0.01337	0.01337	0.00891	0.00891	0.01337	0.01337	0.01783	0.01783	0.03119	0.01783	0.03565	0.04011	0.70143	0.00891	0.00891	0.00446	0.00446
34	0.01363	0.00991	0.01299	0.01443	0.01600	0.00927	0.01062	0.01669	0.02281	0.03055	0.17856	0.37055	0.11552	0.02840	0.01297	0.00399	0.00623	0.10807	0.00992	0.00887
35	0.71184	0.01985	0.01508	0.01350	0.01985	0.02302	0.01111	0.03017	0.01746	0.04604	0.01429	0.01667	0.01111	0.00953	0.00635	0.00318	0.00794	0.00556	0.00635	0.01111
36	0.67575	0.02032	0.01593	0.01404	0.02049	0.02349	0.01156	0.05757	0.01912	0.04704	0.01484	0.01710	0.01145	0.00968	0.00656	0.00317	0.00812	0.00575	0.00656	0.01145
37	0.02159	0.01941	0.03049	0.36593	0.13521	0.02289	0.02559	0.07041	0.02347	0.03155	0.06039	0.03086	0.02122	0.01495	0.04181	0.00405	0.05215	0.00993	0.00568	0.01241
38	0.03833	0.04891	0.02908	0.02644	0.03173	0.59815	0.01983	0.04098	0.02908	0.02512	0.01586	0.01851	0.01322	0.01058	0.00925	0.00264	0.01851	0.00661	0.00529	0.01190
39	0.01914	0.01683	0.01917	0.01716	0.02144	0.05354	0.01348	0.02290	0.02257	0.03150	0.11952	0.15698	0.04439	0.01864	0.01305	0.00314	0.06925	0.08750	0.00785	0.24195
40	0.01797	0.01079	0.01289	0.01219	0.01340	0.01042	0.00770	0.01920	0.01878	0.07986	0.12488	0.06555	0.04627	0.47108	0.04119	0.00812	0.00896	0.01508	0.00773	0.00794
41	0.01295	0.00912	0.01178	0.01372	0.01420	0.00863	0.00892	0.01441	0.01878	0.02503	0.05209	0.52828	0.06223	0.14421	0.02032	0.00523	0.00669	0.02654	0.00892	0.00794
42	0.52733	0.01933	0.01701	0.01426	0.02125	0.02063	0.01169	0.03141	0.01931	0.09760	0.01759	0.01929	0.01324	0.00952	0.00696	0.00289	0.00796	0.00612	0.00694	0.12966
43	0.07698	0.01408	0.01618	0.01430	0.01897	0.01319	0.01115	0.06501	0.02674	0.16648	0.14258	0.12157	0.23198	0.02035	0.01120	0.00338	0.00674	0.01703	0.01037	0.01175
44	0.02625	0.01428	0.01786	0.01565	0.02002	0.01402	0.01224	0.06921	0.06115	0.18796	0.16957	0.09730	0.04671	0.02280	0.06944	0.00450	0.00896	0.01394	0.11552	0.01263
45	0.01706	0.01466	0.01709	0.01682	0.01877	0.07108	0.01270	0.02017	0.01756	0.02346	0.02693	0.04150	0.02587	0.14099	0.47098	0.01428	0.02438	0.01105	0.00557	0.00907
46	0.01282	0.00953	0.01166	0.01294	0.01437	0.00869	0.00884	0.01496	0.02110	0.02753	0.11737	0.39885	0.19125	0.08079	0.01607	0.00439	0.00600	0.02507	0.00942	0.00837
47	0.07561	0.01257	0.01586	0.01443	0.01813	0.01174	0.01102	0.02646	0.02662	0.16474	0.31620	0.15718	0.06864	0.02007	0.01141	0.00337	0.00618	0.01745	0.01094	0.01137
48	0.02365	0.01564	0.01825	0.01618	0.02092	0.01584	0.01259	0.03610	0.20526	0.13943	0.22366	0.05949	0.13452	0.01786	0.01122	0.00334	0.00671	0.01518	0.01100	0.01316
49	0.66392	0.01967	0.01571	0.01384	0.02030	0.02245	0.01140	0.03159	0.01832	0.08465	0.01617	0.01798	0.01214	0.00975	0.00664	0.00318	0.00800	0.00590	0.00681	0.01157
50	0.42227	0.01783	0.01593	0.01393	0.01934	0.01972	0.01107	0.07253	0.02145	0.09006	0.02215	0.02726	0.01782	0.07347	0.01174	0.00373	0.00801	0.00783	0.11237	0.01147
51	0.06927	0.01060	0.01323	0.01424	0.01607	0.01014	0.01003	0.01870	0.02174	0.06597	0.14192	0.44946	0.06581	0.02720	0.01222	0.00386	0.00609	0.02428	0.00979	0.00937
52	0.03280	0.01924	0.02205	0.01801	0.02374	0.01983	0.01427	0.23752	0.03350	0.18097	0.03386	0.09394	0.02762	0.06840	0.01368	0.00369	0.00895	0.01205	0.12160	0.01430
53	0.01784	0.01205	0.01484	0.01470	0.01626	0.01236	0.01015	0.06251	0.06656	0.02865	0.07642	0.22491	0.04394	0.14831	0.02709	0.18176	0.00804	0.01725	0.00787	0.00849
54	0.07278	0.01060	0.01245	0.01294	0.01510	0.01018	0.00934	0.01827	0.02328	0.03428	0.23490	0.28191	0.12000	0.02398	0.01157	0.00353	0.00556	0.02103	0.06909	0.00918
55	0.02523	0.01448	0.01832	0.01715	0.02109	0.01415	0.01326	0.08020	0.06481	0.17386	0.08637	0.27427	0.05055	0.02264	0.01197	0.00375	0.00768	0.07725	0.01059	0.01236
56	0.31683	0.02126	0.02198	0.01765	0.02500	0.02251	0.01456	0.16452	0.02921	0.23358	0.02580	0.02489	0.01757	0.01131	0.00868	0.00315	0.00905	0.00810	0.00949	0.01486
57	0.01895	0.01102	0.01443	0.01402	0.01643	0.01013	0.01008	0.02204	0.02425	0.12038	0.24819	0.25517	0.06850	0.09789	0.01699	0.00434	0.00645	0.02036	0.01032	0.01006
58	0.02343	0.01309	0.01660	0.01503	0.01841	0.01238	0.01113	0.06439	0.02629	0.16397	0.20543	0.18602	0.05826	0.11650	0.01797	0.00445	0.00729	0.01772	0.01037	0.01127
59	0.07570	0.01144	0.01424	0.01429	0.01617	0.01183	0.01010	0.01998	0.01811	0.07341	0.03688	0.20887	0.03934	0.21198	0.18225	0.00897	0.01333	0.01660	0.00751	0.00898
