[name]
unknown

[dist]
# distance from previous block
# <min> <max>
0	77

[block]
# block no. 0 follows, 12 sequences, length 8
# corresponding to MSA columns:
# 93-100
name=unknown_A
#
# <colnr> <probs for GDERKNQSTAVLIFYWHMCP>
#	G	D	E	R	K	N	Q	S	T	A	V	L	I	F	Y	W	H	M	C	P
0	0.01732	0.01238	0.01722	0.01933	0.02184	0.01228	0.01671	0.02235	0.02578	0.03395	0.11523	0.11807	0.06751	0.02919	0.01480	0.00483	0.00946	0.42141	0.01027	0.01007
1	0.02915	0.62337	0.05714	0.01866	0.02799	0.04314	0.01866	0.03265	0.02215	0.02565	0.01516	0.01749	0.01399	0.00933	0.00700	0.00233	0.01166	0.00583	0.00466	0.01399
2	0.69383	0.02109	0.01603	0.01434	0.02109	0.02446	0.01181	0.03205	0.01856	0.04892	0.01518	0.01771	0.01181	0.01012	0.00675	0.00337	0.00843	0.00590	0.00675	0.01181
3	0.02712	0.02342	0.02465	0.02219	0.02835	0.02712	0.01726	0.05794	0.52909	0.04561	0.04438	0.04068	0.03328	0.01479	0.01109	0.00370	0.00863	0.01233	0.01109	0.01726
4	0.01328	0.00949	0.01265	0.01518	0.01581	0.00886	0.01012	0.01518	0.02088	0.02783	0.06010	0.60969	0.07212	0.03416	0.01392	0.00443	0.00633	0.03100	0.01012	0.00886
5	0.02339	0.01848	0.01982	0.01871	0.02321	0.02072	0.01420	0.04428	0.34454	0.04152	0.04554	0.14198	0.03921	0.01785	0.01095	0.00361	0.00756	0.01525	0.13474	0.01444
6	0.01911	0.01655	0.02696	0.08693	0.12150	0.01634	0.06871	0.02513	0.02830	0.03970	0.34070	0.06083	0.06936	0.01749	0.01229	0.00344	0.00890	0.01617	0.00940	0.01218
7	0.03162	0.02128	0.02505	0.01849	0.02774	0.01843	0.01502	0.12296	0.02973	0.15069	0.02559	0.02631	0.01886	0.01014	0.00921	0.00229	0.00906	0.00803	0.00876	0.42074

[dist]
# distance from previous block
# <min> <max>
0	1

[block]
# block no. 1 follows, 12 sequences, length 13
# corresponding to MSA columns:
# 102-114
name=unknown_B
#
# <colnr> <probs for GDERKNQSTAVLIFYWHMCP>
#	G	D	E	R	K	N	Q	S	T	A	V	L	I	F	Y	W	H	M	C	P
0	0.02534	0.02085	0.01950	0.01755	0.02156	0.13106	0.01336	0.02986	0.03092	0.10910	0.36352	0.06230	0.07372	0.01875	0.01196	0.00329	0.00880	0.01583	0.01084	0.01190
1	0.01409	0.01172	0.01378	0.01423	0.01646	0.01141	0.01045	0.01650	0.02264	0.02856	0.08311	0.27829	0.32375	0.02914	0.01546	0.00405	0.06283	0.02458	0.00961	0.00934
2	0.02915	0.62337	0.05714	0.01866	0.02799	0.04314	0.01866	0.03265	0.02215	0.02565	0.01516	0.01749	0.01399	0.00933	0.00700	0.00233	0.01166	0.00583	0.00466	0.01399
3	0.01586	0.01057	0.01189	0.01189	0.01189	0.01057	0.00661	0.01586	0.01586	0.02114	0.03436	0.07135	0.03964	0.61681	0.05550	0.01057	0.01057	0.01586	0.00661	0.00661
4	0.04220	0.02320	0.02558	0.02044	0.02838	0.08243	0.01645	0.04990	0.09728	0.36973	0.03760	0.03400	0.02516	0.01282	0.01054	0.00316	0.01027	0.01020	0.01150	0.08916
5	0.02189	0.09475	0.38961	0.03177	0.09532	0.02470	0.03372	0.03169	0.02286	0.03301	0.02468	0.10092	0.02194	0.01336	0.01059	0.00346	0.01410	0.01109	0.00543	0.01510
6	0.01757	0.01255	0.01757	0.02008	0.02259	0.01255	0.01757	0.02259	0.02510	0.03263	0.05773	0.12299	0.06275	0.03012	0.01506	0.00502	0.01004	0.47540	0.01004	0.01004
7	0.02023	0.01833	0.03034	0.42952	0.09903	0.02197	0.02743	0.02685	0.02200	0.02875	0.02489	0.04121	0.02160	0.01989	0.06564	0.00511	0.01531	0.06429	0.00559	0.01203
8	0.02144	0.02025	0.03424	0.52103	0.13803	0.02445	0.03070	0.02860	0.02220	0.02889	0.01953	0.02879	0.01490	0.01074	0.01089	0.00358	0.01432	0.00969	0.00492	0.01280
9	0.02089	0.01936	0.03229	0.45903	0.13171	0.02295	0.02855	0.02782	0.02318	0.03060	0.07582	0.03442	0.02439	0.01197	0.01110	0.00356	0.01332	0.01077	0.00569	0.01260
10	0.02214	0.01249	0.01658	0.01507	0.01863	0.01131	0.01146	0.02671	0.02977	0.14831	0.38279	0.13395	0.08353	0.02185	0.01259	0.00353	0.00614	0.01922	0.01209	0.01184
11	0.54362	0.02318	0.01863	0.01621	0.02312	0.06715	0.01319	0.03617	0.02147	0.12414	0.01954	0.02081	0.01429	0.01072	0.00763	0.00333	0.00946	0.00676	0.00768	0.01290
12	0.01950	0.01189	0.01490	0.06143	0.02063	0.01164	0.01126	0.02436	0.02629	0.07377	0.22626	0.09203	0.09787	0.01851	0.01081	0.00321	0.00629	0.01587	0.24269	0.01079

[dist]
# distance from previous block
# <min> <max>
1	7

[block]
# block no. 2 follows, 12 sequences, length 16
# corresponding to MSA columns:
# 122-137
name=unknown_C
#
# <colnr> <probs for GDERKNQSTAVLIFYWHMCP>
#	G	D	E	R	K	N	Q	S	T	A	V	L	I	F	Y	W	H	M	C	P
0	0.16142	0.02819	0.09421	0.02731	0.03590	0.02648	0.13649	0.04448	0.24672	0.04245	0.03025	0.03129	0.02268	0.01199	0.01055	0.00360	0.01179	0.01066	0.00813	0.01541
1	0.31886	0.02553	0.02657	0.07052	0.03251	0.09411	0.07397	0.06828	0.02512	0.08111	0.02757	0.02981	0.05970	0.01218	0.00937	0.00338	0.01165	0.00932	0.00739	0.01306
2	0.03064	0.54987	0.05376	0.01987	0.02872	0.11131	0.01897	0.03405	0.02328	0.02579	0.01538	0.01777	0.01400	0.00957	0.00736	0.00239	0.01269	0.00598	0.00479	0.01382
3	0.01322	0.01093	0.01159	0.01169	0.01500	0.00930	0.00867	0.01619	0.02525	0.03101	0.15753	0.14214	0.45485	0.02750	0.01297	0.00371	0.00554	0.02326	0.01035	0.00930
4	0.01328	0.00949	0.01265	0.01518	0.01581	0.00886	0.01012	0.01518	0.02088	0.02783	0.06010	0.60969	0.07212	0.03416	0.01392	0.00443	0.00633	0.03100	0.01012	0.00886
5	0.12726	0.40536	0.04658	0.02453	0.09399	0.03677	0.01942	0.03485	0.06577	0.03211	0.01838	0.02075	0.01576	0.00997	0.00780	0.00272	0.01109	0.00690	0.00562	0.01437
6	0.01885	0.02851	0.21317	0.02037	0.02764	0.01724	0.02102	0.02785	0.06719	0.03592	0.20629	0.05469	0.05165	0.13918	0.02054	0.00492	0.01054	0.01406	0.00813	0.01224
7	0.01364	0.01089	0.01221	0.01227	0.01529	0.00946	0.00906	0.01696	0.02605	0.03322	0.22430	0.15801	0.36636	0.02691	0.01300	0.00370	0.00551	0.02304	0.01064	0.00946
8	0.03634	0.19554	0.08223	0.08771	0.03608	0.12744	0.02142	0.04118	0.02685	0.20616	0.02575	0.02633	0.01844	0.01136	0.00960	0.00302	0.01304	0.00842	0.00784	0.01525
9	0.16969	0.03119	0.10081	0.05697	0.03786	0.02956	0.07830	0.27091	0.03637	0.05413	0.02223	0.02457	0.01610	0.01156	0.01021	0.00338	0.01267	0.00913	0.00829	0.01606
10	0.01757	0.01076	0.01572	0.08062	0.02126	0.01119	0.01164	0.01619	0.01666	0.02208	0.02941	0.15576	0.03199	0.10847	0.03473	0.37889	0.00955	0.01473	0.00609	0.00667
11	0.02728	0.15132	0.09485	0.02074	0.03033	0.06493	0.01907	0.07516	0.08404	0.03673	0.02182	0.02378	0.01746	0.01003	0.00884	0.00245	0.01099	0.00752	0.00672	0.28593
12	0.02433	0.08407	0.23218	0.02257	0.03336	0.02176	0.02422	0.03432	0.06851	0.07604	0.09266	0.03283	0.02891	0.01195	0.00998	0.00294	0.01123	0.00964	0.00727	0.17123
13	0.03412	0.08601	0.24161	0.02372	0.03541	0.02195	0.02568	0.04170	0.02641	0.25670	0.02918	0.02852	0.01966	0.01141	0.01013	0.00316	0.01211	0.00897	0.00857	0.07498
14	0.02330	0.10536	0.24553	0.18952	0.09381	0.02744	0.10041	0.03244	0.02311	0.03180	0.01943	0.02527	0.01469	0.01018	0.01051	0.00339	0.01523	0.00906	0.00487	0.01465
15	0.02232	0.02274	0.04331	0.40803	0.06903	0.02535	0.19082	0.03023	0.02312	0.03023	0.02028	0.02918	0.01521	0.01033	0.01156	0.00365	0.01582	0.01076	0.00507	0.01298

[dist]
# distance from previous block
# <min> <max>
5	14

[block]
# block no. 3 follows, 12 sequences, length 41
# corresponding to MSA columns:
# 152-192
name=unknown_D
#
# <colnr> <probs for GDERKNQSTAVLIFYWHMCP>
#	G	D	E	R	K	N	Q	S	T	A	V	L	I	F	Y	W	H	M	C	P
0	0.12146	0.01884	0.02426	0.01883	0.02708	0.01697	0.01555	0.05077	0.02978	0.49927	0.03989	0.03493	0.02528	0.01312	0.01049	0.00337	0.00918	0.01040	0.01274	0.01780
1	0.01377	0.00983	0.01321	0.01573	0.01658	0.00927	0.01096	0.01602	0.02135	0.02837	0.05983	0.55495	0.07106	0.03371	0.01405	0.00449	0.00674	0.08098	0.01011	0.00899
2	0.02713	0.02407	0.08786	0.24439	0.13768	0.02203	0.06398	0.03393	0.02450	0.13343	0.02772	0.07692	0.02219	0.01291	0.01124	0.00357	0.01303	0.01175	0.00708	0.01459
3	0.03410	0.19678	0.03718	0.02589	0.08211	0.07162	0.01964	0.08254	0.16015	0.13829	0.02978	0.02921	0.02227	0.01206	0.00976	0.00310	0.01117	0.00934	0.00871	0.01633
4	0.01929	0.01451	0.01884	0.02046	0.02363	0.01517	0.01751	0.02895	0.11574	0.03497	0.05533	0.10819	0.05745	0.02736	0.01435	0.00478	0.00979	0.39212	0.01023	0.01134
5	0.03079	0.02353	0.04061	0.04142	0.20252	0.02271	0.15041	0.03950	0.07207	0.15978	0.07574	0.03617	0.02856	0.01206	0.01159	0.00344	0.01242	0.01198	0.00844	0.01627
6	0.01924	0.01143	0.01463	0.01496	0.01762	0.01024	0.01077	0.02204	0.02439	0.11576	0.12070	0.36649	0.15318	0.02829	0.01313	0.00401	0.00653	0.02504	0.01088	0.01066
7	0.02278	0.01712	0.01963	0.02084	0.02420	0.07007	0.01779	0.02750	0.02625	0.07953	0.05222	0.10466	0.05454	0.02669	0.01416	0.00465	0.01095	0.38547	0.00990	0.01108
8	0.02261	0.01938	0.02261	0.01615	0.02584	0.01453	0.01292	0.02745	0.02261	0.03553	0.01938	0.02261	0.01615	0.00807	0.00807	0.00161	0.00807	0.00646	0.00646	0.68346
9	0.69383	0.02109	0.01603	0.01434	0.02109	0.02446	0.01181	0.03205	0.01856	0.04892	0.01518	0.01771	0.01181	0.01012	0.00675	0.00337	0.00843	0.00590	0.00675	0.01181
10	0.03392	0.01514	0.02040	0.01700	0.02268	0.01337	0.01347	0.03829	0.03027	0.32811	0.22636	0.09837	0.05817	0.01833	0.01189	0.00348	0.00754	0.01573	0.01269	0.01478
11	0.07311	0.02322	0.12823	0.02277	0.02914	0.01680	0.08998	0.02535	0.02491	0.03664	0.17371	0.17477	0.05520	0.02032	0.01230	0.00383	0.01019	0.05908	0.00860	0.01186
12	0.02335	0.10199	0.43164	0.03579	0.12695	0.02701	0.03725	0.03419	0.02324	0.03392	0.01933	0.02317	0.01439	0.01016	0.01013	0.00332	0.01520	0.00813	0.00474	0.01611
13	0.01367	0.00979	0.01300	0.01492	0.01590	0.00911	0.01015	0.01615	0.02267	0.03069	0.14695	0.51469	0.07765	0.03203	0.01373	0.00425	0.00611	0.02897	0.01046	0.00911
14	0.08967	0.01723	0.01965	0.01618	0.02218	0.01706	0.01305	0.10906	0.02986	0.23751	0.03526	0.03528	0.02485	0.01284	0.00929	0.00303	0.00795	0.01006	0.27531	0.01468
15	0.07871	0.02796	0.07673	0.03409	0.13406	0.06738	0.09525	0.04348	0.07847	0.20844	0.02988	0.03057	0.02111	0.01160	0.01081	0.00339	0.01261	0.01026	0.00871	0.01648
16	0.01892	0.01522	0.01917	0.02051	0.05701	0.01679	0.01334	0.02570	0.11022	0.02892	0.03961	0.19767	0.04248	0.24495	0.03118	0.00654	0.07523	0.01801	0.00804	0.01049
17	0.01328	0.00949	0.01265	0.01518	0.01581	0.00886	0.01012	0.01518	0.02088	0.02783	0.06010	0.60969	0.07212	0.03416	0.01392	0.00443	0.00633	0.03100	0.01012	0.00886
18	0.02915	0.62337	0.05714	0.01866	0.02799	0.04314	0.01866	0.03265	0.02215	0.02565	0.01516	0.01749	0.01399	0.00933	0.00700	0.00233	0.01166	0.00583	0.00466	0.01399
19	0.14207	0.03849	0.25849	0.06517	0.04114	0.02679	0.06010	0.11260	0.07851	0.04320	0.02255	0.02524	0.01644	0.01117	0.01010	0.00346	0.01340	0.00883	0.00672	0.01551
20	0.02205	0.01731	0.02821	0.21516	0.08568	0.01855	0.05570	0.02792	0.02418	0.07235	0.03850	0.10786	0.03772	0.01962	0.01277	0.00415	0.01200	0.18016	0.00790	0.01222
21	0.38675	0.02421	0.02396	0.02332	0.07128	0.06915	0.01716	0.03440	0.02118	0.09887	0.01876	0.02200	0.01464	0.01220	0.01315	0.00357	0.11775	0.00757	0.00693	0.01314
22	0.01406	0.01073	0.01291	0.01312	0.01564	0.00958	0.00955	0.01763	0.02649	0.03512	0.28201	0.21057	0.24939	0.02686	0.01311	0.00375	0.00555	0.02345	0.01092	0.00958
23	0.02261	0.01938	0.02261	0.01615	0.02584	0.01453	0.01292	0.02745	0.02261	0.03553	0.01938	0.02261	0.01615	0.00807	0.00807	0.00161	0.00807	0.00646	0.00646	0.68346
24	0.02059	0.01938	0.03270	0.59060	0.07510	0.02422	0.03028	0.02786	0.02180	0.02786	0.01938	0.02907	0.01453	0.01090	0.01090	0.00363	0.01453	0.00969	0.00484	0.01211
25	0.34311	0.01971	0.02107	0.01709	0.02476	0.01987	0.01410	0.04352	0.02544	0.32487	0.03032	0.02826	0.02006	0.01196	0.00904	0.00337	0.00889	0.00866	0.01042	0.01548
26	0.01328	0.00949	0.01265	0.01518	0.01581	0.00886	0.01012	0.01518	0.02088	0.02783	0.06010	0.60969	0.07212	0.03416	0.01392	0.00443	0.00633	0.03100	0.01012	0.00886
27	0.01447	0.01095	0.01334	0.01308	0.01578	0.00982	0.00968	0.01858	0.02808	0.03791	0.36668	0.14226	0.22943	0.02507	0.01298	0.00361	0.00538	0.02184	0.01126	0.00982
28	0.02712	0.02342	0.02465	0.02219	0.02835	0.02712	0.01726	0.05794	0.52909	0.04561	0.04438	0.04068	0.03328	0.01479	0.01109	0.00370	0.00863	0.01233	0.01109	0.01726
29	0.02059	0.01938	0.03270	0.59060	0.07510	0.02422	0.03028	0.02786	0.02180	0.02786	0.01938	0.02907	0.01453	0.01090	0.01090	0.00363	0.01453	0.00969	0.00484	0.01211
30	0.04073	0.05197	0.03090	0.02809	0.03371	0.57303	0.02107	0.04354	0.03090	0.02669	0.01685	0.01966	0.01404	0.01124	0.00983	0.00281	0.01966	0.00702	0.00562	0.01264
31	0.02241	0.01354	0.01732	0.01577	0.01954	0.01288	0.01201	0.02964	0.08065	0.13432	0.34790	0.12873	0.07867	0.02128	0.01246	0.00356	0.00638	0.01866	0.01197	0.01233
32	0.03427	0.02715	0.03703	0.11596	0.22112	0.10479	0.06550	0.03989	0.02720	0.17998	0.02628	0.02922	0.01910	0.01112	0.01088	0.00330	0.01358	0.00992	0.00765	0.01604
33	0.03316	0.02398	0.03209	0.21340	0.09852	0.02656	0.02415	0.19709	0.07401	0.12598	0.02745	0.03007	0.01959	0.01223	0.01092	0.00344	0.01223	0.01014	0.00878	0.01621
34	0.09612	0.02720	0.02977	0.02299	0.03150	0.02924	0.01899	0.37482	0.04430	0.17172	0.02890	0.02784	0.01981	0.01293	0.01058	0.00330	0.01112	0.00974	0.01112	0.01800
35	0.01485	0.01112	0.01377	0.01311	0.01593	0.01004	0.00983	0.01945	0.02949	0.04047	0.44430	0.08681	0.20365	0.02351	0.01287	0.00349	0.00523	0.02047	0.01157	0.01004
36	0.02963	0.24992	0.17758	0.02826	0.03952	0.03087	0.13916	0.03684	0.02462	0.11258	0.02220	0.02471	0.01657	0.01020	0.00982	0.00309	0.01397	0.00883	0.00622	0.01539
37	0.01853	0.01566	0.02111	0.01960	0.02002	0.01955	0.01478	0.02035	0.01704	0.02457	0.02876	0.10882	0.03150	0.22894	0.13709	0.00895	0.23471	0.01442	0.00617	0.00943
38	0.01586	0.01057	0.01189	0.01189	0.01189	0.01057	0.00661	0.01586	0.01586	0.02114	0.03436	0.07135	0.03964	0.61681	0.05550	0.01057	0.01057	0.01586	0.00661	0.00661
39	0.02385	0.02385	0.03340	0.02863	0.02863	0.03340	0.02385	0.02624	0.01670	0.02624	0.01431	0.02385	0.01431	0.01908	0.03578	0.00477	0.59685	0.00954	0.00477	0.01193
40	0.03237	0.32120	0.04577	0.10725	0.03781	0.07614	0.05998	0.03698	0.02486	0.13027	0.02192	0.02419	0.01682	0.01052	0.00906	0.00288	0.01281	0.00808	0.00656	0.01455

[dist]
# distance from previous block
# <min> <max>
3	11

[block]
# block no. 4 follows, 12 sequences, length 12
# corresponding to MSA columns:
# 204-215
name=unknown_E
#
# <colnr> <probs for GDERKNQSTAVLIFYWHMCP>
#	G	D	E	R	K	N	Q	S	T	A	V	L	I	F	Y	W	H	M	C	P
0	0.01418	0.01029	0.01357	0.01586	0.01718	0.00969	0.01157	0.01683	0.02215	0.02902	0.06420	0.45810	0.11338	0.03269	0.01407	0.00449	0.00706	0.12644	0.01010	0.00914
1	0.03154	0.06995	0.02911	0.02514	0.09894	0.07134	0.01756	0.03618	0.02657	0.16745	0.06981	0.03127	0.02612	0.01130	0.00968	0.00261	0.01019	0.00920	0.00836	0.24767
2	0.02620	0.01969	0.02487	0.06694	0.03060	0.01736	0.01587	0.03093	0.02317	0.10619	0.02218	0.02529	0.01734	0.01011	0.01135	0.00233	0.06463	0.00765	0.00714	0.47015
3	0.01586	0.01057	0.01189	0.01189	0.01189	0.01057	0.00661	0.01586	0.01586	0.02114	0.03436	0.07135	0.03964	0.61681	0.05550	0.01057	0.01057	0.01586	0.00661	0.00661
4	0.03214	0.02982	0.11272	0.02859	0.07706	0.02766	0.02378	0.15325	0.15722	0.11503	0.02988	0.03056	0.02196	0.01369	0.01432	0.00363	0.09258	0.01028	0.00900	0.01682
5	0.02261	0.01938	0.02261	0.01615	0.02584	0.01453	0.01292	0.02745	0.02261	0.03553	0.01938	0.02261	0.01615	0.00807	0.00807	0.00161	0.00807	0.00646	0.00646	0.68346
6	0.03686	0.01547	0.02119	0.01734	0.02312	0.01372	0.01372	0.03976	0.02826	0.35846	0.14313	0.04568	0.04144	0.01946	0.01672	0.11851	0.00845	0.01254	0.01170	0.01449
7	0.01412	0.01012	0.01175	0.01306	0.01501	0.00916	0.00914	0.01676	0.02252	0.03017	0.07405	0.35685	0.22874	0.02893	0.01269	0.00391	0.00588	0.02536	0.10262	0.00916
8	0.03798	0.02621	0.02884	0.02319	0.03103	0.02866	0.01881	0.28684	0.20505	0.14198	0.03495	0.03276	0.02479	0.01372	0.01098	0.00343	0.01044	0.01083	0.01140	0.01812
9	0.02059	0.01938	0.03270	0.59060	0.07510	0.02422	0.03028	0.02786	0.02180	0.02786	0.01938	0.02907	0.01453	0.01090	0.01090	0.00363	0.01453	0.00969	0.00484	0.01211
10	0.02261	0.11414	0.50907	0.02981	0.04524	0.02714	0.03808	0.03434	0.02293	0.03363	0.01912	0.02246	0.01383	0.01025	0.01002	0.00334	0.01566	0.00783	0.00461	0.01590
11	0.01740	0.01043	0.01130	0.01130	0.01217	0.01043	0.00696	0.01915	0.01827	0.02786	0.03477	0.06077	0.03561	0.40862	0.03900	0.00780	0.00868	0.01389	0.23776	0.00783

[dist]
# distance from previous block
# <min> <max>
0	1

[block]
# block no. 5 follows, 12 sequences, length 51
# corresponding to MSA columns:
# 217-267
name=unknown_F
#
# <colnr> <probs for GDERKNQSTAVLIFYWHMCP>
#	G	D	E	R	K	N	Q	S	T	A	V	L	I	F	Y	W	H	M	C	P
0	0.02480	0.01678	0.02341	0.02791	0.14140	0.01669	0.01676	0.03067	0.07226	0.11404	0.03789	0.09842	0.03667	0.21638	0.02637	0.00601	0.01035	0.06215	0.00849	0.01255
1	0.02491	0.01931	0.02284	0.01643	0.02601	0.01466	0.01319	0.02970	0.02336	0.08097	0.02144	0.02388	0.01710	0.00855	0.00833	0.00177	0.00818	0.00685	0.00707	0.62544
2	0.01558	0.01168	0.01752	0.01752	0.01947	0.01363	0.01363	0.01947	0.01752	0.02531	0.02921	0.04283	0.02726	0.08178	0.57360	0.01752	0.02921	0.01168	0.00584	0.00974
3	0.02699	0.02591	0.04426	0.06693	0.54879	0.02591	0.03346	0.03346	0.02483	0.03562	0.02051	0.02699	0.01727	0.00972	0.01079	0.00324	0.01295	0.00972	0.00540	0.01727
4	0.02261	0.01938	0.02261	0.01615	0.02584	0.01453	0.01292	0.02745	0.02261	0.03553	0.01938	0.02261	0.01615	0.00807	0.00807	0.00161	0.00807	0.00646	0.00646	0.68346
5	0.04108	0.02720	0.03024	0.02400	0.03102	0.06960	0.01970	0.24837	0.03764	0.21937	0.02913	0.02891	0.02031	0.01402	0.01476	0.00351	0.10376	0.00994	0.01038	0.01705
6	0.02261	0.01938	0.02261	0.01615	0.02584	0.01453	0.01292	0.02745	0.02261	0.03553	0.01938	0.02261	0.01615	0.00807	0.00807	0.00161	0.00807	0.00646	0.00646	0.68346
7	0.04005	0.22104	0.08247	0.02017	0.02957	0.02577	0.01901	0.04477	0.02751	0.33604	0.03180	0.02942	0.02156	0.01185	0.00961	0.00304	0.01066	0.00902	0.00981	0.01684
8	0.04640	0.02260	0.02780	0.02132	0.02985	0.02202	0.01761	0.20797	0.03797	0.39197	0.03734	0.03343	0.02414	0.01336	0.01095	0.00334	0.01019	0.01058	0.01262	0.01855
9	0.01351	0.00966	0.01285	0.01503	0.01586	0.00900	0.01014	0.01574	0.02191	0.02948	0.11023	0.55485	0.07531	0.03293	0.01381	0.00432	0.00620	0.02983	0.01032	0.00900
10	0.01549	0.01302	0.02181	0.02064	0.02311	0.01217	0.09857	0.01868	0.02174	0.02909	0.05336	0.50685	0.06227	0.02973	0.01373	0.00429	0.00846	0.02778	0.00931	0.00989
11	0.02385	0.02385	0.03340	0.02863	0.02863	0.03340	0.02385	0.02624	0.01670	0.02624	0.01431	0.02385	0.01431	0.01908	0.03578	0.00477	0.59685	0.00954	0.00477	0.01193
12	0.01289	0.01105	0.01105	0.01105	0.01473	0.00920	0.00828	0.01565	0.02485	0.02946	0.11046	0.10493	0.54437	0.02761	0.01289	0.00368	0.00552	0.02301	0.01013	0.00920
13	0.03211	0.01362	0.01640	0.01397	0.01894	0.01258	0.01108	0.03683	0.02630	0.25311	0.03864	0.03919	0.02755	0.01303	0.00900	0.00288	0.00681	0.01049	0.40384	0.01362
14	0.02810	0.04153	0.28666	0.03965	0.18435	0.02756	0.03359	0.15124	0.03044	0.04321	0.02145	0.02490	0.01594	0.01085	0.01062	0.00335	0.01422	0.00895	0.00637	0.01703
15	0.09575	0.02284	0.03180	0.07720	0.15370	0.02492	0.05461	0.11675	0.07236	0.04257	0.07718	0.07853	0.03060	0.01473	0.01290	0.00359	0.05499	0.01243	0.00795	0.01460
16	0.01894	0.00947	0.01420	0.01420	0.01420	0.00947	0.00947	0.01420	0.01420	0.01894	0.01894	0.03314	0.01894	0.03788	0.04261	0.68277	0.00947	0.00947	0.00473	0.00473
17	0.58940	0.02426	0.01856	0.01629	0.02311	0.06784	0.01326	0.07248	0.02221	0.04882	0.01622	0.01856	0.01254	0.01045	0.00733	0.00332	0.00960	0.00631	0.00700	0.01243
18	0.01550	0.01097	0.01296	0.01246	0.01532	0.00998	0.00935	0.02000	0.02804	0.03946	0.35017	0.08145	0.20892	0.02224	0.01206	0.00336	0.00524	0.01913	0.11341	0.00998
19	0.03206	0.08997	0.12565	0.02716	0.07846	0.02786	0.02326	0.19950	0.07125	0.08170	0.02489	0.02612	0.01846	0.01133	0.01000	0.00299	0.01172	0.00885	0.00821	0.12054
20	0.02366	0.01855	0.02174	0.01592	0.02496	0.01415	0.01272	0.02827	0.02346	0.07362	0.02955	0.03130	0.06578	0.01028	0.00873	0.00194	0.00793	0.00832	0.00732	0.57179
21	0.19570	0.02931	0.07358	0.02590	0.03481	0.02919	0.09659	0.23550	0.08666	0.05351	0.02422	0.02588	0.01774	0.01171	0.01017	0.00342	0.01210	0.00946	0.00857	0.01597
22	0.02328	0.11067	0.42371	0.03232	0.04686	0.02756	0.11781	0.03440	0.02339	0.03368	0.01953	0.02353	0.01430	0.01005	0.01044	0.00337	0.01604	0.00864	0.00477	0.01565
23	0.01877	0.01136	0.01401	0.01369	0.01658	0.01036	0.01012	0.02268	0.02640	0.09055	0.23290	0.19814	0.14380	0.02349	0.01210	0.00356	0.00590	0.02048	0.11447	0.01062
24	0.01465	0.01097	0.01368	0.01396	0.01645	0.01000	0.01049	0.01863	0.02708	0.03638	0.30565	0.18480	0.19962	0.02645	0.01327	0.00382	0.00593	0.06739	0.01102	0.00975
25	0.01735	0.01240	0.01726	0.01942	0.02194	0.01232	0.01681	0.02238	0.02570	0.03378	0.10811	0.11868	0.06692	0.02931	0.01483	0.00485	0.00953	0.42810	0.01024	0.01007
26	0.01476	0.01112	0.01364	0.01301	0.01588	0.01000	0.00976	0.01928	0.02928	0.03996	0.42893	0.08764	0.21934	0.02370	0.01287	0.00350	0.00524	0.02059	0.01151	0.01000
27	0.69383	0.02109	0.01603	0.01434	0.02109	0.02446	0.01181	0.03205	0.01856	0.04892	0.01518	0.01771	0.01181	0.01012	0.00675	0.00337	0.00843	0.00590	0.00675	0.01181
28	0.02915	0.62337	0.05714	0.01866	0.02799	0.04314	0.01866	0.03265	0.02215	0.02565	0.01516	0.01749	0.01399	0.00933	0.00700	0.00233	0.01166	0.00583	0.00466	0.01399
29	0.04145	0.03054	0.03272	0.02509	0.03381	0.03381	0.02072	0.51243	0.05127	0.06872	0.02618	0.02618	0.01854	0.01309	0.01091	0.00327	0.01200	0.00982	0.01091	0.01854
30	0.03747	0.01668	0.02220	0.01758	0.02458	0.01436	0.01420	0.04200	0.03027	0.36947	0.17294	0.04741	0.04599	0.01529	0.01118	0.00322	0.00807	0.01284	0.01241	0.08185
31	0.02687	0.02623	0.04611	0.06499	0.50333	0.02606	0.07744	0.03360	0.02491	0.03556	0.02065	0.02721	0.01720	0.00967	0.01099	0.00328	0.01346	0.01001	0.00541	0.01703
32	0.02915	0.62337	0.05714	0.01866	0.02799	0.04314	0.01866	0.03265	0.02215	0.02565	0.01516	0.01749	0.01399	0.00933	0.00700	0.00233	0.01166	0.00583	0.00466	0.01399
33	0.02915	0.62337	0.05714	0.01866	0.02799	0.04314	0.01866	0.03265	0.02215	0.02565	0.01516	0.01749	0.01399	0.00933	0.00700	0.00233	0.01166	0.00583	0.00466	0.01399
34	0.01503	0.01113	0.01401	0.01329	0.01604	0.01012	0.00997	0.01979	0.02990	0.04145	0.47397	0.08520	0.17337	0.02314	0.01286	0.00347	0.00520	0.02024	0.01170	0.01012
35	0.01543	0.01115	0.01457	0.01372	0.01629	0.01029	0.01029	0.02058	0.03086	0.04372	0.54304	0.08145	0.10288	0.02229	0.01286	0.00343	0.00514	0.01972	0.01200	0.01029
36	0.03662	0.02399	0.02605	0.02059	0.02766	0.02583	0.01681	0.33888	0.04181	0.10935	0.03031	0.03107	0.02185	0.01303	0.01005	0.00309	0.00991	0.01002	0.18675	0.01634
37	0.69383	0.02109	0.01603	0.01434	0.02109	0.02446	0.01181	0.03205	0.01856	0.04892	0.01518	0.01771	0.01181	0.01012	0.00675	0.00337	0.00843	0.00590	0.00675	0.01181
38	0.04073	0.05197	0.03090	0.02809	0.03371	0.57303	0.02107	0.04354	0.03090	0.02669	0.01685	0.01966	0.01404	0.01124	0.00983	0.00281	0.01966	0.00702	0.00562	0.01264
39	0.02283	0.01931	0.03212	0.54551	0.07137	0.02358	0.02916	0.02985	0.02254	0.06958	0.02125	0.02970	0.01552	0.01111	0.01091	0.00361	0.01412	0.00979	0.00553	0.01262
40	0.04892	0.01856	0.02530	0.01940	0.02783	0.01603	0.01603	0.05314	0.03121	0.55634	0.04302	0.03711	0.02699	0.01350	0.01096	0.00337	0.00928	0.01096	0.01350	0.01856
41	0.69383	0.02109	0.01603	0.01434	0.02109	0.02446	0.01181	0.03205	0.01856	0.04892	0.01518	0.01771	0.01181	0.01012	0.00675	0.00337	0.00843	0.00590	0.00675	0.01181
42	0.04260	0.01914	0.02391	0.01875	0.02620	0.01805	0.01535	0.12727	0.03319	0.38161	0.03881	0.03585	0.02571	0.01329	0.01037	0.00321	0.00901	0.01063	0.12999	0.01708
43	0.01807	0.01125	0.01446	0.01436	0.01692	0.01019	0.01044	0.02095	0.02549	0.08768	0.22700	0.24412	0.15255	0.02719	0.01524	0.05480	0.00633	0.02215	0.01070	0.01010
44	0.02834	0.02403	0.02534	0.02244	0.02882	0.02769	0.01755	0.09647	0.48858	0.04757	0.04284	0.03945	0.03203	0.01465	0.01108	0.00366	0.00891	0.01211	0.01108	0.01737
45	0.01457	0.01111	0.01338	0.01281	0.01576	0.00992	0.00961	0.01891	0.02883	0.03889	0.39657	0.08940	0.25236	0.02409	0.01287	0.00351	0.00527	0.02083	0.01137	0.00992
46	0.01328	0.00949	0.01265	0.01518	0.01581	0.00886	0.01012	0.01518	0.02088	0.02783	0.06010	0.60969	0.07212	0.03416	0.01392	0.00443	0.00633	0.03100	0.01012	0.00886
47	0.01325	0.00964	0.01249	0.01477	0.01571	0.00889	0.00994	0.01523	0.02127	0.02799	0.06506	0.55998	0.11863	0.03352	0.01382	0.00435	0.00625	0.03021	0.01012	0.00889
48	0.02915	0.62337	0.05714	0.01866	0.02799	0.04314	0.01866	0.03265	0.02215	0.02565	0.01516	0.01749	0.01399	0.00933	0.00700	0.00233	0.01166	0.00583	0.00466	0.01399
49	0.02519	0.03104	0.16696	0.02487	0.03224	0.02595	0.02402	0.10873	0.13805	0.04084	0.07751	0.03503	0.02886	0.02071	0.06450	0.00494	0.11682	0.01100	0.00787	0.01487
50	0.12998	0.13212	0.30717	0.02532	0.03738	0.07344	0.02881	0.03635	0.02363	0.08297	0.02017	0.02240	0.01477	0.01053	0.00931	0.00321	0.01394	0.00757	0.00585	0.01507

[dist]
# distance from previous block
# <min> <max>
6	13

[block]
# block no. 6 follows, 12 sequences, length 31
# corresponding to MSA columns:
# 281-311
name=unknown_G
#
# <colnr> <probs for GDERKNQSTAVLIFYWHMCP>
#	G	D	E	R	K	N	Q	S	T	A	V	L	I	F	Y	W	H	M	C	P
0	0.01735	0.01264	0.01550	0.01567	0.01790	0.01215	0.01095	0.06655	0.02439	0.03321	0.09825	0.38484	0.06139	0.10479	0.01849	0.00480	0.00746	0.02395	0.00966	0.06004
1	0.02899	0.03368	0.19037	0.02714	0.03793	0.02390	0.09280	0.14784	0.03065	0.08873	0.02648	0.06829	0.02109	0.01248	0.01078	0.00321	0.01283	0.01081	0.00773	0.12427
2	0.50088	0.08808	0.12248	0.01792	0.02669	0.02649	0.01785	0.03258	0.01976	0.04388	0.01600	0.01869	0.01240	0.01009	0.00745	0.00328	0.01020	0.00630	0.00614	0.01284
3	0.09018	0.09618	0.41570	0.02987	0.04399	0.02691	0.08223	0.03417	0.02277	0.03529	0.01902	0.02267	0.01390	0.01014	0.00997	0.00338	0.01521	0.00814	0.00491	0.01537
4	0.02179	0.02267	0.10279	0.06372	0.03413	0.01919	0.08728	0.02768	0.02340	0.07039	0.03924	0.15856	0.03974	0.02141	0.01572	0.00427	0.07975	0.14799	0.00797	0.01231
5	0.01849	0.01592	0.02319	0.27299	0.04356	0.01791	0.01964	0.02659	0.07031	0.03512	0.21360	0.05706	0.10834	0.01713	0.01183	0.00357	0.00971	0.01495	0.00849	0.01160
6	0.02261	0.01938	0.02261	0.01615	0.02584	0.01453	0.01292	0.02745	0.02261	0.03553	0.01938	0.02261	0.01615	0.00807	0.00807	0.00161	0.00807	0.00646	0.00646	0.68346
7	0.02644	0.02339	0.03017	0.02604	0.02849	0.03036	0.02131	0.03779	0.17705	0.06550	0.02547	0.02992	0.02101	0.01740	0.02654	0.00435	0.37699	0.01050	0.00729	0.01400
8	0.01827	0.01458	0.01838	0.01694	0.01694	0.01745	0.01181	0.01899	0.01611	0.02268	0.02831	0.05703	0.03200	0.43658	0.04955	0.00882	0.18735	0.01395	0.00605	0.00821
9	0.01494	0.01205	0.01365	0.01321	0.01660	0.01123	0.00999	0.02060	0.06371	0.03463	0.22949	0.08801	0.33101	0.02944	0.05824	0.00473	0.00756	0.02030	0.01042	0.01018
10	0.02620	0.01314	0.01690	0.01472	0.01901	0.01195	0.01147	0.03106	0.02946	0.19392	0.30056	0.06074	0.06647	0.01790	0.01132	0.00325	0.00635	0.01535	0.13753	0.01270
11	0.08046	0.02282	0.02644	0.14147	0.03785	0.07506	0.01904	0.04285	0.07545	0.24659	0.03087	0.03100	0.02136	0.01198	0.01023	0.00320	0.01118	0.00957	0.00936	0.09323
12	0.03774	0.09000	0.03498	0.09039	0.03802	0.08147	0.02166	0.36692	0.04315	0.05597	0.02347	0.02507	0.01723	0.01230	0.01042	0.00318	0.01294	0.00916	0.00911	0.01682
13	0.01471	0.01072	0.01416	0.01639	0.01802	0.01017	0.01247	0.01778	0.02279	0.02967	0.06513	0.38375	0.12374	0.03201	0.01419	0.00454	0.00751	0.18286	0.01009	0.00930
14	0.06950	0.09015	0.09509	0.02532	0.03259	0.08212	0.06082	0.10783	0.06252	0.07823	0.07302	0.03084	0.02566	0.01368	0.01429	0.00347	0.10243	0.01012	0.00771	0.01461
15	0.02359	0.19050	0.44130	0.02814	0.04265	0.02954	0.03517	0.03409	0.02282	0.03243	0.01852	0.02171	0.01385	0.01012	0.00956	0.00319	0.01506	0.00753	0.00462	0.01561
16	0.01429	0.01048	0.01341	0.01398	0.01592	0.00960	0.00999	0.01788	0.02624	0.03582	0.30306	0.29171	0.14206	0.02757	0.01328	0.00385	0.00565	0.02453	0.01105	0.00960
17	0.03196	0.02425	0.04116	0.03358	0.08032	0.02411	0.19515	0.09204	0.02900	0.16640	0.03537	0.03749	0.07022	0.01351	0.01428	0.00363	0.07114	0.01244	0.00848	0.01550
18	0.02628	0.06753	0.12706	0.02517	0.03334	0.02300	0.08939	0.03502	0.06994	0.10735	0.11424	0.03713	0.03332	0.01378	0.01378	0.00338	0.07928	0.01137	0.00801	0.08160
19	0.01494	0.01124	0.01399	0.01534	0.01705	0.01092	0.01071	0.02026	0.07353	0.03198	0.13054	0.43741	0.11087	0.03002	0.01340	0.00415	0.00633	0.02689	0.01048	0.00993
20	0.01325	0.00964	0.01250	0.01478	0.01571	0.00889	0.00994	0.01523	0.02126	0.02799	0.06496	0.56090	0.11776	0.03353	0.01382	0.00436	0.00625	0.03023	0.01012	0.00889
21	0.02421	0.03422	0.19874	0.12163	0.08468	0.02612	0.12435	0.03979	0.15970	0.03663	0.02677	0.03026	0.01995	0.01136	0.01117	0.00358	0.01407	0.01053	0.00663	0.01560
22	0.03063	0.03015	0.11127	0.02746	0.03549	0.06877	0.11273	0.08539	0.10227	0.12187	0.02937	0.03484	0.02287	0.08259	0.01779	0.00435	0.04787	0.01115	0.00812	0.01502
23	0.02807	0.03325	0.15572	0.07467	0.07796	0.02989	0.07485	0.15384	0.02880	0.04060	0.02010	0.02541	0.01573	0.01334	0.01782	0.00379	0.17488	0.00962	0.00642	0.01523
24	0.08458	0.06699	0.01911	0.01516	0.01823	0.01593	0.01133	0.02121	0.01903	0.02861	0.06011	0.09295	0.03532	0.20929	0.19281	0.00957	0.01521	0.01341	0.00681	0.06435
25	0.07907	0.14937	0.16887	0.02670	0.03571	0.02910	0.09387	0.03518	0.09372	0.03395	0.02256	0.02677	0.01809	0.01780	0.06237	0.00467	0.07269	0.00921	0.00597	0.01432
26	0.01689	0.01077	0.01361	0.01434	0.01601	0.00996	0.00978	0.01908	0.02232	0.07170	0.11482	0.35162	0.11155	0.14001	0.02127	0.00531	0.00715	0.02443	0.00995	0.00942
27	0.08630	0.02390	0.12384	0.06235	0.03201	0.01740	0.06590	0.02539	0.02233	0.03333	0.04058	0.18783	0.09131	0.01818	0.01114	0.00346	0.01033	0.01596	0.00732	0.12113
28	0.10281	0.02014	0.02168	0.01720	0.02421	0.01934	0.01331	0.10778	0.07629	0.04079	0.02532	0.03360	0.02217	0.12425	0.01760	0.00398	0.00928	0.00930	0.00771	0.30324
29	0.08565	0.09175	0.03131	0.02650	0.11661	0.02283	0.01838	0.08283	0.02707	0.13537	0.02380	0.02541	0.01799	0.01018	0.00913	0.00261	0.00997	0.00807	0.00784	0.24670
30	0.10917	0.07533	0.02974	0.07128	0.08340	0.11232	0.01926	0.04096	0.11349	0.11711	0.02631	0.02753	0.01980	0.01133	0.00959	0.00303	0.01157	0.00875	0.00788	0.10215

[dist]
# distance from previous block
# <min> <max>
0	1693

# created by:
# /st0/software/busco_prod/Augustus/scripts/msa2prfl.pl ./align_prep/8309.fa
