[name]
unknown

[dist]
# distance from previous block
# <min> <max>
0	18

[block]
# block no. 0 follows, 14 sequences, length 29
# corresponding to MSA columns:
# 18-46
name=unknown_A
#
# <colnr> <probs for GDERKNQSTAVLIFYWHMCP>
#	G	D	E	R	K	N	Q	S	T	A	V	L	I	F	Y	W	H	M	C	P
0	0.02582	0.23134	0.19625	0.02164	0.03037	0.02630	0.02283	0.03170	0.02220	0.11089	0.02608	0.07117	0.02310	0.01376	0.01113	0.00319	0.05374	0.05846	0.00646	0.01357
1	0.02561	0.32065	0.26405	0.02217	0.03348	0.03025	0.02523	0.03251	0.02182	0.06835	0.01809	0.02020	0.01411	0.00938	0.00820	0.00265	0.01228	0.00672	0.00508	0.05916
2	0.02311	0.30197	0.32041	0.02304	0.03445	0.03001	0.02709	0.03054	0.02086	0.02808	0.01761	0.02257	0.01474	0.05253	0.01132	0.00326	0.01303	0.00720	0.00449	0.01370
3	0.01915	0.01155	0.01569	0.01478	0.01707	0.01190	0.01090	0.02205	0.01977	0.10443	0.11175	0.05221	0.03940	0.21083	0.28063	0.01086	0.01673	0.01309	0.00758	0.00962
4	0.02029	0.01716	0.02056	0.01539	0.02342	0.01355	0.01226	0.02472	0.02056	0.03200	0.01962	0.02413	0.01676	0.01797	0.09599	0.00376	0.01057	0.00681	0.00599	0.59846
5	0.02641	0.55693	0.13339	0.01931	0.02904	0.03810	0.02060	0.03099	0.02097	0.02539	0.01489	0.01724	0.01314	0.00892	0.00706	0.00235	0.01160	0.00580	0.00438	0.01347
6	0.02161	0.14168	0.50656	0.02750	0.04171	0.02634	0.03487	0.03223	0.02154	0.03125	0.01780	0.02089	0.01303	0.00960	0.00928	0.00309	0.01454	0.00727	0.00434	0.01487
7	0.02145	0.01465	0.02060	0.01787	0.02214	0.01424	0.05674	0.02991	0.10672	0.11582	0.30828	0.09711	0.06607	0.01881	0.01178	0.00342	0.00727	0.04446	0.01063	0.01202
8	0.02477	0.09842	0.46130	0.02670	0.04030	0.02402	0.03295	0.03483	0.02269	0.10964	0.02119	0.02310	0.01477	0.01009	0.00956	0.00315	0.01390	0.00779	0.00552	0.01532
9	0.02161	0.14168	0.50656	0.02750	0.04171	0.02634	0.03487	0.03223	0.02154	0.03125	0.01780	0.02089	0.01303	0.00960	0.00928	0.00309	0.01454	0.00727	0.00434	0.01487
10	0.01938	0.01824	0.03078	0.61468	0.07068	0.02280	0.02850	0.02622	0.02052	0.02622	0.01824	0.02736	0.01368	0.01026	0.01026	0.00342	0.01368	0.00912	0.00456	0.01140
11	0.01279	0.00939	0.01208	0.01410	0.01527	0.00868	0.00986	0.01495	0.02055	0.02681	0.06346	0.50886	0.14239	0.03091	0.01304	0.00411	0.00614	0.06862	0.00952	0.00848
12	0.01616	0.01307	0.01468	0.01382	0.01737	0.01290	0.01049	0.02566	0.14636	0.03676	0.28424	0.07587	0.25126	0.02117	0.01174	0.00337	0.00571	0.01809	0.01047	0.01080
13	0.03966	0.03999	0.02862	0.02461	0.03090	0.39376	0.01903	0.14376	0.03301	0.11876	0.02142	0.02227	0.01595	0.01126	0.00962	0.00281	0.01554	0.00771	0.00744	0.01388
14	0.02058	0.05308	0.58618	0.02925	0.04442	0.02383	0.03792	0.03250	0.02167	0.03250	0.01842	0.02167	0.01300	0.00975	0.00975	0.00325	0.01517	0.00758	0.00433	0.01517
15	0.02058	0.05308	0.58618	0.02925	0.04442	0.02383	0.03792	0.03250	0.02167	0.03250	0.01842	0.02167	0.01300	0.00975	0.00975	0.00325	0.01517	0.00758	0.00433	0.01517
16	0.01466	0.01100	0.01649	0.01649	0.01833	0.01283	0.01283	0.01833	0.01649	0.02382	0.02749	0.04032	0.02566	0.07697	0.59868	0.01649	0.02749	0.01100	0.00550	0.00916
17	0.02540	0.02438	0.04165	0.06299	0.57533	0.02438	0.03149	0.03149	0.02337	0.03353	0.01930	0.02540	0.01626	0.00914	0.01016	0.00305	0.01219	0.00914	0.00508	0.01626
18	0.01266	0.01027	0.01123	0.01130	0.01427	0.00884	0.00836	0.01564	0.02419	0.03035	0.19565	0.14733	0.42292	0.02557	0.01222	0.00349	0.00520	0.02177	0.00989	0.00884
19	0.01783	0.00891	0.01337	0.01337	0.01337	0.00891	0.00891	0.01337	0.01337	0.01783	0.01783	0.03119	0.01783	0.03565	0.04011	0.70143	0.00891	0.00891	0.00446	0.00446
20	0.02540	0.02438	0.04165	0.06299	0.57533	0.02438	0.03149	0.03149	0.02337	0.03353	0.01930	0.02540	0.01626	0.00914	0.01016	0.00305	0.01219	0.00914	0.00508	0.01626
21	0.02540	0.02438	0.04165	0.06299	0.57533	0.02438	0.03149	0.03149	0.02337	0.03353	0.01930	0.02540	0.01626	0.00914	0.01016	0.00305	0.01219	0.00914	0.00508	0.01626
22	0.03833	0.04891	0.02908	0.02644	0.03173	0.59815	0.01983	0.04098	0.02908	0.02512	0.01586	0.01851	0.01322	0.01058	0.00925	0.00264	0.01851	0.00661	0.00529	0.01190
23	0.02687	0.02271	0.02396	0.02116	0.02720	0.02615	0.01657	0.10297	0.50617	0.04509	0.04006	0.03693	0.02995	0.01376	0.01042	0.00344	0.00844	0.01137	0.01042	0.01636
24	0.02128	0.01824	0.02128	0.01520	0.02432	0.01368	0.01216	0.02584	0.02128	0.03344	0.01824	0.02128	0.01520	0.00760	0.00760	0.00152	0.00760	0.00608	0.00608	0.70208
25	0.01492	0.00995	0.01119	0.01119	0.01119	0.00995	0.00622	0.01492	0.01492	0.01990	0.03233	0.06716	0.03731	0.63935	0.05223	0.00995	0.00995	0.01492	0.00622	0.00622
26	0.01250	0.00893	0.01191	0.01429	0.01488	0.00834	0.00953	0.01429	0.01965	0.02620	0.05656	0.63265	0.06787	0.03215	0.01310	0.00417	0.00595	0.02917	0.00953	0.00834
27	0.01466	0.01100	0.01649	0.01649	0.01833	0.01283	0.01283	0.01833	0.01649	0.02382	0.02749	0.04032	0.02566	0.07697	0.59868	0.01649	0.02749	0.01100	0.00550	0.00916
28	0.09557	0.58324	0.04992	0.01715	0.02569	0.03886	0.01692	0.03067	0.02051	0.02632	0.01427	0.01648	0.01296	0.00885	0.00656	0.00229	0.01067	0.00549	0.00459	0.01296

[dist]
# distance from previous block
# <min> <max>
0	3

[block]
# block no. 1 follows, 14 sequences, length 19
# corresponding to MSA columns:
# 50-68
name=unknown_B
#
# <colnr> <probs for GDERKNQSTAVLIFYWHMCP>
#	G	D	E	R	K	N	Q	S	T	A	V	L	I	F	Y	W	H	M	C	P
0	0.01250	0.00893	0.01191	0.01429	0.01488	0.00834	0.00953	0.01429	0.01965	0.02620	0.05656	0.63265	0.06787	0.03215	0.01310	0.00417	0.00595	0.02917	0.00953	0.00834
1	0.01452	0.01049	0.01372	0.01291	0.01533	0.00968	0.00968	0.01937	0.02905	0.04115	0.56992	0.07666	0.09683	0.02098	0.01210	0.00323	0.00484	0.01856	0.01130	0.00968
2	0.01377	0.01046	0.01267	0.01212	0.01487	0.00936	0.00909	0.01791	0.02727	0.03693	0.42347	0.08360	0.24591	0.02255	0.01211	0.00330	0.00495	0.01953	0.01074	0.00936
3	0.02553	0.02204	0.02320	0.02088	0.02669	0.02553	0.01624	0.05453	0.55679	0.04293	0.04177	0.03829	0.03133	0.01392	0.01044	0.00348	0.00812	0.01160	0.01044	0.01624
4	0.02245	0.02245	0.03143	0.02694	0.02694	0.03143	0.02245	0.02470	0.01572	0.02470	0.01347	0.02245	0.01347	0.01796	0.03368	0.00449	0.62057	0.00898	0.00449	0.01123
5	0.04604	0.01746	0.02382	0.01826	0.02620	0.01508	0.01508	0.05001	0.02937	0.58244	0.04049	0.03493	0.02540	0.01270	0.01032	0.00318	0.00873	0.01032	0.01270	0.01746
6	0.01250	0.00893	0.01191	0.01429	0.01488	0.00834	0.00953	0.01429	0.01965	0.02620	0.05656	0.63265	0.06787	0.03215	0.01310	0.00417	0.00595	0.02917	0.00953	0.00834
7	0.02058	0.05308	0.58618	0.02925	0.04442	0.02383	0.03792	0.03250	0.02167	0.03250	0.01842	0.02167	0.01300	0.00975	0.00975	0.00325	0.01517	0.00758	0.00433	0.01517
8	0.01783	0.00891	0.01337	0.01337	0.01337	0.00891	0.00891	0.01337	0.01337	0.01783	0.01783	0.03119	0.01783	0.03565	0.04011	0.70143	0.00891	0.00891	0.00446	0.00446
9	0.02128	0.01824	0.02128	0.01520	0.02432	0.01368	0.01216	0.02584	0.02128	0.03344	0.01824	0.02128	0.01520	0.00760	0.00760	0.00152	0.00760	0.00608	0.00608	0.70208
10	0.03901	0.02874	0.03080	0.02361	0.03182	0.03182	0.01951	0.54111	0.04825	0.06468	0.02464	0.02464	0.01745	0.01232	0.01027	0.00308	0.01129	0.00924	0.01027	0.01745
11	0.01250	0.00893	0.01191	0.01429	0.01488	0.00834	0.00953	0.01429	0.01965	0.02620	0.05656	0.63265	0.06787	0.03215	0.01310	0.00417	0.00595	0.02917	0.00953	0.00834
12	0.02672	0.02264	0.02388	0.02113	0.02714	0.02608	0.01653	0.09765	0.51173	0.04486	0.04025	0.03708	0.03010	0.01378	0.01043	0.00345	0.00840	0.01139	0.01043	0.01635
13	0.01433	0.01034	0.01354	0.01304	0.01529	0.00955	0.00967	0.01888	0.02815	0.03972	0.52079	0.12986	0.09406	0.02205	0.01220	0.00332	0.00495	0.01957	0.01113	0.00955
14	0.02422	0.02768	0.06055	0.04325	0.05363	0.02595	0.53806	0.03287	0.02422	0.03287	0.02076	0.02768	0.01557	0.00865	0.01211	0.00346	0.01730	0.01211	0.00519	0.01384
15	0.01783	0.00891	0.01337	0.01337	0.01337	0.00891	0.00891	0.01337	0.01337	0.01783	0.01783	0.03119	0.01783	0.03565	0.04011	0.70143	0.00891	0.00891	0.00446	0.00446
16	0.01250	0.00893	0.01191	0.01429	0.01488	0.00834	0.00953	0.01429	0.01965	0.02620	0.05656	0.63265	0.06787	0.03215	0.01310	0.00417	0.00595	0.02917	0.00953	0.00834
17	0.02128	0.01824	0.02128	0.01520	0.02432	0.01368	0.01216	0.02584	0.02128	0.03344	0.01824	0.02128	0.01520	0.00760	0.00760	0.00152	0.00760	0.00608	0.00608	0.70208
18	0.13880	0.32032	0.11454	0.02163	0.06600	0.02967	0.01966	0.02904	0.02070	0.03028	0.02128	0.06966	0.02043	0.01223	0.00829	0.00290	0.01066	0.04571	0.00551	0.01270

[dist]
# distance from previous block
# <min> <max>
0	1

[block]
# block no. 2 follows, 14 sequences, length 48
# corresponding to MSA columns:
# 70-117
name=unknown_C
#
# <colnr> <probs for GDERKNQSTAVLIFYWHMCP>
#	G	D	E	R	K	N	Q	S	T	A	V	L	I	F	Y	W	H	M	C	P
0	0.02267	0.02160	0.03672	0.31314	0.34651	0.02367	0.03014	0.02910	0.02208	0.03021	0.01882	0.02629	0.01509	0.00965	0.01021	0.00322	0.01287	0.00913	0.00484	0.01405
1	0.01927	0.03569	0.33425	0.02302	0.03297	0.01955	0.02625	0.03107	0.09065	0.03655	0.19648	0.04120	0.04191	0.01384	0.01058	0.00327	0.01101	0.01157	0.00731	0.01356
2	0.01739	0.03327	0.31952	0.02126	0.03066	0.01709	0.02449	0.02566	0.02421	0.03441	0.20139	0.05071	0.12671	0.01576	0.01085	0.00328	0.01042	0.01317	0.00729	0.01246
3	0.02569	0.09978	0.02866	0.02246	0.06005	0.07302	0.01714	0.06626	0.08141	0.06324	0.12228	0.03383	0.03194	0.01362	0.01375	0.00303	0.11539	0.01007	0.00751	0.11088
4	0.03161	0.02099	0.02631	0.02391	0.09495	0.01960	0.01697	0.12639	0.07455	0.17981	0.02721	0.02733	0.01972	0.01047	0.00933	0.00258	0.00916	0.00858	0.00876	0.26175
5	0.31010	0.33549	0.08367	0.01689	0.02521	0.03188	0.01665	0.03065	0.01952	0.03393	0.01463	0.01700	0.01230	0.00917	0.00676	0.00269	0.01008	0.00570	0.00520	0.01249
6	0.02744	0.02443	0.04154	0.09183	0.37381	0.02464	0.10517	0.08210	0.02610	0.07099	0.02132	0.02641	0.01667	0.00968	0.01048	0.00315	0.01275	0.00967	0.00605	0.01575
7	0.12922	0.41663	0.09827	0.02374	0.09549	0.03431	0.02031	0.03091	0.02074	0.02941	0.01530	0.01811	0.01323	0.00903	0.00730	0.00255	0.01108	0.00616	0.00476	0.01344
8	0.01812	0.01302	0.01736	0.01640	0.01913	0.01460	0.01284	0.08406	0.02202	0.03181	0.07449	0.04130	0.03083	0.05776	0.41727	0.01231	0.02131	0.01129	0.07381	0.01028
9	0.04042	0.02648	0.02940	0.02254	0.03070	0.02847	0.01862	0.44260	0.04446	0.16854	0.02782	0.02670	0.01905	0.01240	0.01028	0.00310	0.01078	0.00946	0.01075	0.01745
10	0.02618	0.02203	0.03360	0.04550	0.36273	0.02226	0.02473	0.07176	0.07801	0.07529	0.07008	0.03602	0.06187	0.01212	0.01048	0.00314	0.01047	0.01102	0.00729	0.01543
11	0.02422	0.02768	0.06055	0.04325	0.05363	0.02595	0.53806	0.03287	0.02422	0.03287	0.02076	0.02768	0.01557	0.00865	0.01211	0.00346	0.01730	0.01211	0.00519	0.01384
12	0.02439	0.02434	0.04441	0.12740	0.39902	0.02453	0.14130	0.03114	0.02320	0.03247	0.01949	0.02614	0.01579	0.00918	0.01060	0.00318	0.01349	0.00979	0.00504	0.01513
13	0.01278	0.00913	0.01222	0.01460	0.01532	0.00857	0.01001	0.01477	0.01992	0.02651	0.05641	0.59730	0.06727	0.03189	0.01317	0.00421	0.00619	0.06180	0.00952	0.00841
14	0.01246	0.01041	0.01085	0.01074	0.01406	0.00880	0.00806	0.01537	0.02417	0.02958	0.16834	0.09571	0.50563	0.02530	0.01213	0.00343	0.00515	0.02123	0.00977	0.00880
15	0.01250	0.00893	0.01191	0.01429	0.01488	0.00834	0.00953	0.01429	0.01965	0.02620	0.05656	0.63265	0.06787	0.03215	0.01310	0.00417	0.00595	0.02917	0.00953	0.00834
16	0.71184	0.01985	0.01508	0.01350	0.01985	0.02302	0.01111	0.03017	0.01746	0.04604	0.01429	0.01667	0.01111	0.00953	0.00635	0.00318	0.00794	0.00556	0.00635	0.01111
17	0.02553	0.02204	0.02320	0.02088	0.02669	0.02553	0.01624	0.05453	0.55679	0.04293	0.04177	0.03829	0.03133	0.01392	0.01044	0.00348	0.00812	0.01160	0.01044	0.01624
18	0.02245	0.02245	0.03143	0.02694	0.02694	0.03143	0.02245	0.02470	0.01572	0.02470	0.01347	0.02245	0.01347	0.01796	0.03368	0.00449	0.62057	0.00898	0.00449	0.01123
19	0.02553	0.02204	0.02320	0.02088	0.02669	0.02553	0.01624	0.05453	0.55679	0.04293	0.04177	0.03829	0.03133	0.01392	0.01044	0.00348	0.00812	0.01160	0.01044	0.01624
20	0.03901	0.02874	0.03080	0.02361	0.03182	0.03182	0.01951	0.54111	0.04825	0.06468	0.02464	0.02464	0.01745	0.01232	0.01027	0.00308	0.01129	0.00924	0.01027	0.01745
21	0.02292	0.25473	0.40497	0.02527	0.03826	0.02954	0.03099	0.03190	0.02139	0.02966	0.01700	0.01989	0.01306	0.00942	0.00867	0.00289	0.01374	0.00687	0.00435	0.01449
22	0.26702	0.03508	0.02462	0.02207	0.02695	0.31824	0.01722	0.03490	0.02315	0.03223	0.01497	0.01845	0.01253	0.01129	0.01182	0.00310	0.10269	0.00659	0.00554	0.01153
23	0.02058	0.05308	0.58618	0.02925	0.04442	0.02383	0.03792	0.03250	0.02167	0.03250	0.01842	0.02167	0.01300	0.00975	0.00975	0.00325	0.01517	0.00758	0.00433	0.01517
24	0.02422	0.02768	0.06055	0.04325	0.05363	0.02595	0.53806	0.03287	0.02422	0.03287	0.02076	0.02768	0.01557	0.00865	0.01211	0.00346	0.01730	0.01211	0.00519	0.01384
25	0.03833	0.04891	0.02908	0.02644	0.03173	0.59815	0.01983	0.04098	0.02908	0.02512	0.01586	0.01851	0.01322	0.01058	0.00925	0.00264	0.01851	0.00661	0.00529	0.01190
26	0.01542	0.01211	0.01795	0.01751	0.01916	0.01464	0.01376	0.01895	0.01642	0.02391	0.02612	0.03858	0.02447	0.07122	0.54370	0.01532	0.08520	0.01080	0.00540	0.00936
27	0.01250	0.00893	0.01191	0.01429	0.01488	0.00834	0.00953	0.01429	0.01965	0.02620	0.05656	0.63265	0.06787	0.03215	0.01310	0.00417	0.00595	0.02917	0.00953	0.00834
28	0.01654	0.01181	0.01654	0.01890	0.02126	0.01181	0.01654	0.02126	0.02362	0.03071	0.05433	0.11576	0.05906	0.02835	0.01417	0.00472	0.00945	0.50626	0.00945	0.00945
29	0.01373	0.01201	0.01493	0.14208	0.02628	0.01172	0.01241	0.01720	0.02253	0.02730	0.08228	0.11740	0.41770	0.02296	0.01178	0.00350	0.00709	0.01941	0.00845	0.00924
30	0.04604	0.01746	0.02382	0.01826	0.02620	0.01508	0.01508	0.05001	0.02937	0.58244	0.04049	0.03493	0.02540	0.01270	0.01032	0.00318	0.00873	0.01032	0.01270	0.01746
31	0.02058	0.05308	0.58618	0.02925	0.04442	0.02383	0.03792	0.03250	0.02167	0.03250	0.01842	0.02167	0.01300	0.00975	0.00975	0.00325	0.01517	0.00758	0.00433	0.01517
32	0.01692	0.01102	0.01449	0.01332	0.01616	0.01009	0.01009	0.02170	0.02907	0.08233	0.52964	0.07348	0.09140	0.02035	0.01197	0.00322	0.00514	0.01793	0.01140	0.01027
33	0.02821	0.02650	0.05341	0.03845	0.04834	0.02510	0.42822	0.07883	0.02693	0.10405	0.02355	0.02832	0.01696	0.00947	0.01173	0.00339	0.01572	0.01164	0.00656	0.01460
34	0.01250	0.00893	0.01191	0.01429	0.01488	0.00834	0.00953	0.01429	0.01965	0.02620	0.05656	0.63265	0.06787	0.03215	0.01310	0.00417	0.00595	0.02917	0.00953	0.00834
35	0.02128	0.01824	0.02128	0.01520	0.02432	0.01368	0.01216	0.02584	0.02128	0.03344	0.01824	0.02128	0.01520	0.00760	0.00760	0.00152	0.00760	0.00608	0.00608	0.70208
36	0.01412	0.01056	0.01331	0.01511	0.01635	0.01048	0.01036	0.01930	0.08654	0.02828	0.05472	0.55863	0.06332	0.02988	0.01277	0.00408	0.00622	0.02699	0.00964	0.00932
37	0.02311	0.04843	0.48337	0.02944	0.04344	0.02496	0.06763	0.09586	0.02514	0.03653	0.01934	0.02242	0.01372	0.01000	0.00997	0.00324	0.01482	0.00808	0.00513	0.01537
38	0.07361	0.34284	0.23995	0.02192	0.03278	0.03271	0.02455	0.07015	0.02299	0.03175	0.01654	0.01896	0.01329	0.00945	0.00798	0.00271	0.01229	0.00653	0.00495	0.01407
39	0.03969	0.02340	0.02697	0.02114	0.02889	0.02443	0.01731	0.27900	0.11729	0.26077	0.03331	0.03065	0.02260	0.01271	0.01031	0.00318	0.00983	0.01001	0.01123	0.01728
40	0.02153	0.09002	0.49549	0.02765	0.04147	0.02513	0.03443	0.03452	0.07368	0.03295	0.02041	0.02293	0.01479	0.01009	0.00960	0.00320	0.01420	0.00783	0.00493	0.01514
41	0.01936	0.01265	0.01565	0.01497	0.01816	0.01228	0.01116	0.02671	0.10526	0.10369	0.24817	0.22100	0.10542	0.02235	0.01191	0.00354	0.00615	0.01965	0.01072	0.01119
42	0.02658	0.57174	0.12008	0.01902	0.02859	0.03852	0.02009	0.03095	0.02095	0.02518	0.01478	0.01711	0.01315	0.00890	0.00698	0.00233	0.01150	0.00575	0.00438	0.01342
43	0.32292	0.02201	0.02114	0.01737	0.02444	0.06992	0.01416	0.07751	0.02578	0.27181	0.02624	0.02512	0.01779	0.01116	0.00857	0.00312	0.00943	0.00793	0.00923	0.01433
44	0.02330	0.01851	0.02918	0.48263	0.06086	0.02210	0.02564	0.03194	0.07380	0.09711	0.02330	0.02937	0.01686	0.01092	0.01029	0.00340	0.01252	0.00951	0.00615	0.01263
45	0.35991	0.03002	0.16610	0.02528	0.03485	0.02400	0.15853	0.03146	0.02029	0.03923	0.01702	0.02083	0.01276	0.00935	0.00872	0.00327	0.01220	0.00780	0.00555	0.01283
46	0.06213	0.01467	0.05852	0.01695	0.01998	0.01418	0.01421	0.01999	0.01686	0.02575	0.02619	0.03882	0.02438	0.09855	0.48462	0.01425	0.02428	0.01059	0.00551	0.00958
47	0.02758	0.54345	0.10374	0.01936	0.02850	0.08049	0.01971	0.03166	0.02154	0.02503	0.01479	0.01712	0.01316	0.00901	0.00709	0.00233	0.01194	0.00577	0.00445	0.01327

[dist]
# distance from previous block
# <min> <max>
1	5

[block]
# block no. 3 follows, 14 sequences, length 35
# corresponding to MSA columns:
# 123-157
name=unknown_D
#
# <colnr> <probs for GDERKNQSTAVLIFYWHMCP>
#	G	D	E	R	K	N	Q	S	T	A	V	L	I	F	Y	W	H	M	C	P
0	0.02491	0.02371	0.03132	0.42145	0.09423	0.08910	0.02635	0.10659	0.02590	0.03244	0.01902	0.02582	0.01437	0.01053	0.01014	0.00326	0.01376	0.00886	0.00555	0.01270
1	0.48231	0.02849	0.01996	0.01773	0.02390	0.18372	0.01406	0.06506	0.02262	0.04138	0.01537	0.01768	0.01210	0.00999	0.00740	0.00302	0.01109	0.00608	0.00630	0.01173
2	0.02058	0.05308	0.58618	0.02925	0.04442	0.02383	0.03792	0.03250	0.02167	0.03250	0.01842	0.02167	0.01300	0.00975	0.00975	0.00325	0.01517	0.00758	0.00433	0.01517
3	0.02041	0.01349	0.02053	0.01714	0.02130	0.01234	0.07004	0.02555	0.02855	0.12259	0.42748	0.06479	0.07680	0.01833	0.01183	0.00325	0.00684	0.01658	0.01082	0.01134
4	0.71184	0.01985	0.01508	0.01350	0.01985	0.02302	0.01111	0.03017	0.01746	0.04604	0.01429	0.01667	0.01111	0.00953	0.00635	0.00318	0.00794	0.00556	0.00635	0.01111
5	0.63603	0.02085	0.01685	0.01464	0.02120	0.02401	0.01206	0.08773	0.02093	0.04814	0.01546	0.01757	0.01183	0.00984	0.00679	0.00316	0.00832	0.00597	0.00679	0.01183
6	0.01487	0.01016	0.01228	0.01228	0.01265	0.01054	0.00757	0.01562	0.01524	0.02070	0.03134	0.06167	0.03493	0.52432	0.16400	0.01129	0.01354	0.01412	0.00607	0.00682
7	0.71184	0.01985	0.01508	0.01350	0.01985	0.02302	0.01111	0.03017	0.01746	0.04604	0.01429	0.01667	0.01111	0.00953	0.00635	0.00318	0.00794	0.00556	0.00635	0.01111
8	0.30640	0.02350	0.02691	0.02104	0.02872	0.02531	0.07397	0.21157	0.03064	0.12611	0.02230	0.02325	0.01583	0.01085	0.00892	0.00317	0.01027	0.00825	0.00847	0.01452
9	0.14329	0.02429	0.02462	0.01988	0.02717	0.08660	0.01611	0.15776	0.07314	0.27826	0.03023	0.02823	0.02052	0.01199	0.00959	0.00312	0.01025	0.00903	0.01017	0.01577
10	0.13396	0.02123	0.02795	0.02294	0.02808	0.02436	0.06494	0.03901	0.13867	0.16904	0.02707	0.02857	0.02013	0.01365	0.01674	0.00365	0.18813	0.00965	0.00815	0.01407
11	0.61052	0.01948	0.01641	0.01422	0.02081	0.02181	0.01172	0.03319	0.01928	0.12767	0.01828	0.01945	0.01329	0.01001	0.00695	0.00318	0.00806	0.00628	0.00732	0.01208
12	0.02408	0.02304	0.03927	0.18388	0.46475	0.02404	0.03084	0.03034	0.02274	0.03193	0.01907	0.02583	0.01569	0.00939	0.01018	0.00313	0.01252	0.00914	0.00497	0.01519
13	0.01417	0.01048	0.01323	0.01254	0.01512	0.00953	0.00941	0.01869	0.02822	0.03919	0.50174	0.07989	0.16623	0.02171	0.01211	0.00326	0.00489	0.01901	0.01104	0.00953
14	0.02813	0.02996	0.03839	0.03535	0.11731	0.14855	0.12851	0.07828	0.02442	0.03147	0.01738	0.02334	0.01464	0.01264	0.01839	0.00354	0.22185	0.00917	0.00542	0.01324
15	0.01380	0.01046	0.01271	0.01215	0.01489	0.00937	0.00911	0.01796	0.02734	0.03709	0.42904	0.08334	0.24024	0.02249	0.01211	0.00330	0.00495	0.01950	0.01076	0.00937
16	0.01533	0.01211	0.01401	0.01324	0.01648	0.01161	0.01001	0.02289	0.10245	0.03711	0.34552	0.07826	0.23931	0.02158	0.01187	0.00334	0.00542	0.01856	0.01061	0.01029
17	0.02422	0.02768	0.06055	0.04325	0.05363	0.02595	0.53806	0.03287	0.02422	0.03287	0.02076	0.02768	0.01557	0.00865	0.01211	0.00346	0.01730	0.01211	0.00519	0.01384
18	0.02109	0.02230	0.04423	0.03369	0.04010	0.02248	0.33039	0.02709	0.02181	0.03000	0.02840	0.17478	0.02804	0.01581	0.01563	0.00379	0.10633	0.01581	0.00614	0.01210
19	0.01303	0.01069	0.01165	0.01214	0.01537	0.00931	0.00958	0.01606	0.02344	0.02833	0.09381	0.10224	0.46642	0.02647	0.01255	0.00372	0.00607	0.12078	0.00951	0.00882
20	0.03833	0.04891	0.02908	0.02644	0.03173	0.59815	0.01983	0.04098	0.02908	0.02512	0.01586	0.01851	0.01322	0.01058	0.00925	0.00264	0.01851	0.00661	0.00529	0.01190
21	0.02245	0.02245	0.03143	0.02694	0.02694	0.03143	0.02245	0.02470	0.01572	0.02470	0.01347	0.02245	0.01347	0.01796	0.03368	0.00449	0.62057	0.00898	0.00449	0.01123
22	0.02694	0.60238	0.09255	0.01841	0.02766	0.03938	0.01904	0.03086	0.02091	0.02475	0.01457	0.01684	0.01316	0.00885	0.00682	0.00227	0.01128	0.00564	0.00439	0.01331
23	0.71184	0.01985	0.01508	0.01350	0.01985	0.02302	0.01111	0.03017	0.01746	0.04604	0.01429	0.01667	0.01111	0.00953	0.00635	0.00318	0.00794	0.00556	0.00635	0.01111
24	0.02058	0.05308	0.58618	0.02925	0.04442	0.02383	0.03792	0.03250	0.02167	0.03250	0.01842	0.02167	0.01300	0.00975	0.00975	0.00325	0.01517	0.00758	0.00433	0.01517
25	0.01452	0.01049	0.01372	0.01291	0.01533	0.00968	0.00968	0.01937	0.02905	0.04115	0.56992	0.07666	0.09683	0.02098	0.01210	0.00323	0.00484	0.01856	0.01130	0.00968
26	0.03833	0.04891	0.02908	0.02644	0.03173	0.59815	0.01983	0.04098	0.02908	0.02512	0.01586	0.01851	0.01322	0.01058	0.00925	0.00264	0.01851	0.00661	0.00529	0.01190
27	0.01938	0.01824	0.03078	0.61468	0.07068	0.02280	0.02850	0.02622	0.02052	0.02622	0.01824	0.02736	0.01368	0.01026	0.01026	0.00342	0.01368	0.00912	0.00456	0.01140
28	0.04604	0.01746	0.02382	0.01826	0.02620	0.01508	0.01508	0.05001	0.02937	0.58244	0.04049	0.03493	0.02540	0.01270	0.01032	0.00318	0.00873	0.01032	0.01270	0.01746
29	0.01938	0.01824	0.03078	0.61468	0.07068	0.02280	0.02850	0.02622	0.02052	0.02622	0.01824	0.02736	0.01368	0.01026	0.01026	0.00342	0.01368	0.00912	0.00456	0.01140
30	0.01906	0.01492	0.02154	0.01981	0.02147	0.01868	0.01592	0.02231	0.01708	0.05993	0.02402	0.03449	0.02190	0.05475	0.38773	0.01196	0.20809	0.01033	0.00565	0.01033
31	0.01755	0.01093	0.01381	0.01525	0.01763	0.01093	0.01288	0.02230	0.02280	0.03366	0.04618	0.08547	0.04626	0.02194	0.01144	0.00381	0.00763	0.31216	0.27786	0.00949
32	0.02128	0.01824	0.02128	0.01520	0.02432	0.01368	0.01216	0.02584	0.02128	0.03344	0.01824	0.02128	0.01520	0.00760	0.00760	0.00152	0.00760	0.00608	0.00608	0.70208
33	0.02320	0.02530	0.05134	0.03812	0.04592	0.02562	0.39869	0.03036	0.02266	0.03122	0.02255	0.03485	0.01919	0.01211	0.01613	0.00376	0.12359	0.05696	0.00546	0.01297
34	0.03412	0.22125	0.08707	0.02346	0.03088	0.33670	0.02045	0.03791	0.02602	0.06918	0.01756	0.01949	0.01414	0.01014	0.00860	0.00261	0.01523	0.00666	0.00552	0.01301

[dist]
# distance from previous block
# <min> <max>
0	4

[block]
# block no. 4 follows, 14 sequences, length 29
# corresponding to MSA columns:
# 162-190
name=unknown_E
#
# <colnr> <probs for GDERKNQSTAVLIFYWHMCP>
#	G	D	E	R	K	N	Q	S	T	A	V	L	I	F	Y	W	H	M	C	P
0	0.02550	0.02467	0.06664	0.03507	0.21405	0.02297	0.02277	0.10721	0.02546	0.03711	0.01900	0.02336	0.01555	0.01028	0.01228	0.00276	0.08708	0.00806	0.00607	0.23409
1	0.01492	0.00995	0.01119	0.01119	0.01119	0.00995	0.00622	0.01492	0.01492	0.01990	0.03233	0.06716	0.03731	0.63935	0.05223	0.00995	0.00995	0.01492	0.00622	0.00622
2	0.01465	0.01153	0.01548	0.01847	0.07100	0.01075	0.01223	0.01811	0.02347	0.03112	0.17531	0.25622	0.18890	0.02548	0.01250	0.00376	0.00660	0.08533	0.00946	0.00964
3	0.01222	0.01004	0.01077	0.01135	0.01411	0.00858	0.00822	0.01462	0.02247	0.02735	0.09232	0.22983	0.44761	0.02750	0.01237	0.00364	0.00538	0.02350	0.00953	0.00858
4	0.04604	0.01746	0.02382	0.01826	0.02620	0.01508	0.01508	0.05001	0.02937	0.58244	0.04049	0.03493	0.02540	0.01270	0.01032	0.00318	0.00873	0.01032	0.01270	0.01746
5	0.02553	0.02204	0.02320	0.02088	0.02669	0.02553	0.01624	0.05453	0.55679	0.04293	0.04177	0.03829	0.03133	0.01392	0.01044	0.00348	0.00812	0.01160	0.01044	0.01624
6	0.02540	0.02438	0.04165	0.06299	0.57533	0.02438	0.03149	0.03149	0.02337	0.03353	0.01930	0.02540	0.01626	0.00914	0.01016	0.00305	0.01219	0.00914	0.00508	0.01626
7	0.02553	0.02204	0.02320	0.02088	0.02669	0.02553	0.01624	0.05453	0.55679	0.04293	0.04177	0.03829	0.03133	0.01392	0.01044	0.00348	0.00812	0.01160	0.01044	0.01624
8	0.01359	0.01045	0.01242	0.01193	0.01476	0.00929	0.00895	0.01756	0.02685	0.03592	0.38854	0.08526	0.28147	0.02293	0.01211	0.00332	0.00498	0.01977	0.01061	0.00929
9	0.03896	0.03031	0.03066	0.02383	0.03182	0.07575	0.01953	0.50232	0.04676	0.06161	0.02396	0.02416	0.01712	0.01218	0.01019	0.00305	0.01185	0.00904	0.00988	0.01702
10	0.04604	0.01746	0.02382	0.01826	0.02620	0.01508	0.01508	0.05001	0.02937	0.58244	0.04049	0.03493	0.02540	0.01270	0.01032	0.00318	0.00873	0.01032	0.01270	0.01746
11	0.02529	0.46002	0.22048	0.02122	0.03200	0.03535	0.02393	0.03128	0.02111	0.02676	0.01557	0.01809	0.01312	0.00908	0.00758	0.00253	0.01229	0.00614	0.00437	0.01379
12	0.01452	0.01049	0.01372	0.01291	0.01533	0.00968	0.00968	0.01937	0.02905	0.04115	0.56992	0.07666	0.09683	0.02098	0.01210	0.00323	0.00484	0.01856	0.01130	0.00968
13	0.01500	0.01070	0.01574	0.01574	0.01724	0.01220	0.01189	0.01755	0.01605	0.02290	0.02694	0.04166	0.02586	0.11997	0.49768	0.08370	0.02418	0.01112	0.00545	0.00845
14	0.01434	0.01035	0.01355	0.01304	0.01529	0.00956	0.00967	0.01890	0.02819	0.03978	0.52277	0.12772	0.09417	0.02201	0.01219	0.00331	0.00494	0.01953	0.01113	0.00956
15	0.01492	0.00995	0.01119	0.01119	0.01119	0.00995	0.00622	0.01492	0.01492	0.01990	0.03233	0.06716	0.03731	0.63935	0.05223	0.00995	0.00995	0.01492	0.00622	0.00622
16	0.02744	0.64552	0.05378	0.01756	0.02634	0.04061	0.01756	0.03073	0.02085	0.02414	0.01427	0.01646	0.01317	0.00878	0.00658	0.00219	0.01097	0.00549	0.00439	0.01317
17	0.01497	0.01079	0.01618	0.01618	0.01783	0.01244	0.01244	0.01783	0.01618	0.02323	0.02653	0.03941	0.02488	0.07288	0.54343	0.08424	0.02565	0.01079	0.00539	0.00870
18	0.03715	0.02500	0.02766	0.02194	0.02953	0.02714	0.01789	0.33193	0.16536	0.15829	0.03173	0.02984	0.02226	0.01277	0.01032	0.00319	0.01005	0.01001	0.01077	0.01717
19	0.02540	0.02438	0.04165	0.06299	0.57533	0.02438	0.03149	0.03149	0.02337	0.03353	0.01930	0.02540	0.01626	0.00914	0.01016	0.00305	0.01219	0.00914	0.00508	0.01626
20	0.02245	0.02245	0.03143	0.02694	0.02694	0.03143	0.02245	0.02470	0.01572	0.02470	0.01347	0.02245	0.01347	0.01796	0.03368	0.00449	0.62057	0.00898	0.00449	0.01123
21	0.02128	0.01824	0.02128	0.01520	0.02432	0.01368	0.01216	0.02584	0.02128	0.03344	0.01824	0.02128	0.01520	0.00760	0.00760	0.00152	0.00760	0.00608	0.00608	0.70208
22	0.03901	0.02874	0.03080	0.02361	0.03182	0.03182	0.01951	0.54111	0.04825	0.06468	0.02464	0.02464	0.01745	0.01232	0.01027	0.00308	0.01129	0.00924	0.01027	0.01745
23	0.02540	0.02438	0.04165	0.06299	0.57533	0.02438	0.03149	0.03149	0.02337	0.03353	0.01930	0.02540	0.01626	0.00914	0.01016	0.00305	0.01219	0.00914	0.00508	0.01626
24	0.02701	0.01806	0.02187	0.01591	0.02475	0.01400	0.01284	0.03143	0.02315	0.16037	0.02338	0.02444	0.01756	0.00878	0.00823	0.00190	0.00786	0.00706	0.00761	0.54379
25	0.02903	0.07092	0.02998	0.02081	0.02856	0.02279	0.05022	0.14078	0.02762	0.10724	0.02170	0.02389	0.01663	0.01064	0.01180	0.00259	0.08158	0.00798	0.00744	0.28780
26	0.03463	0.01964	0.02391	0.01787	0.02635	0.01726	0.01460	0.12077	0.02913	0.26995	0.02867	0.02758	0.01987	0.01053	0.00918	0.00247	0.00868	0.00839	0.00956	0.30096
27	0.02772	0.54115	0.10061	0.01938	0.02845	0.08575	0.01962	0.03175	0.02162	0.02499	0.01478	0.01711	0.01316	0.00902	0.00710	0.00233	0.01199	0.00577	0.00446	0.01325
28	0.56456	0.02179	0.01852	0.01571	0.02247	0.02495	0.01295	0.14201	0.02420	0.05012	0.01655	0.01841	0.01250	0.01014	0.00721	0.00315	0.00867	0.00636	0.00721	0.01250

[dist]
# distance from previous block
# <min> <max>
0	9

[block]
# block no. 5 follows, 14 sequences, length 38
# corresponding to MSA columns:
# 200-237
name=unknown_F
#
# <colnr> <probs for GDERKNQSTAVLIFYWHMCP>
#	G	D	E	R	K	N	Q	S	T	A	V	L	I	F	Y	W	H	M	C	P
0	0.71184	0.01985	0.01508	0.01350	0.01985	0.02302	0.01111	0.03017	0.01746	0.04604	0.01429	0.01667	0.01111	0.00953	0.00635	0.00318	0.00794	0.00556	0.00635	0.01111
1	0.02245	0.02245	0.03143	0.02694	0.02694	0.03143	0.02245	0.02470	0.01572	0.02470	0.01347	0.02245	0.01347	0.01796	0.03368	0.00449	0.62057	0.00898	0.00449	0.01123
2	0.02282	0.02145	0.03615	0.13803	0.42730	0.02204	0.02817	0.02846	0.02246	0.03149	0.02404	0.10537	0.02265	0.01233	0.01056	0.00325	0.01159	0.01177	0.00559	0.01450
3	0.03089	0.02673	0.02507	0.02186	0.02804	0.11726	0.01709	0.10748	0.36867	0.08899	0.03555	0.03327	0.02633	0.01310	0.01022	0.00327	0.01020	0.01042	0.00979	0.01579
4	0.02058	0.05308	0.58618	0.02925	0.04442	0.02383	0.03792	0.03250	0.02167	0.03250	0.01842	0.02167	0.01300	0.00975	0.00975	0.00325	0.01517	0.00758	0.00433	0.01517
5	0.71184	0.01985	0.01508	0.01350	0.01985	0.02302	0.01111	0.03017	0.01746	0.04604	0.01429	0.01667	0.01111	0.00953	0.00635	0.00318	0.00794	0.00556	0.00635	0.01111
6	0.01466	0.01100	0.01649	0.01649	0.01833	0.01283	0.01283	0.01833	0.01649	0.02382	0.02749	0.04032	0.02566	0.07697	0.59868	0.01649	0.02749	0.01100	0.00550	0.00916
7	0.71184	0.01985	0.01508	0.01350	0.01985	0.02302	0.01111	0.03017	0.01746	0.04604	0.01429	0.01667	0.01111	0.00953	0.00635	0.00318	0.00794	0.00556	0.00635	0.01111
8	0.01250	0.00893	0.01191	0.01429	0.01488	0.00834	0.00953	0.01429	0.01965	0.02620	0.05656	0.63265	0.06787	0.03215	0.01310	0.00417	0.00595	0.02917	0.00953	0.00834
9	0.04229	0.02348	0.02754	0.02111	0.02920	0.02401	0.01744	0.31198	0.03944	0.30624	0.03203	0.02944	0.02116	0.01250	0.01029	0.00312	0.01010	0.00974	0.01140	0.01746
10	0.01783	0.00891	0.01337	0.01337	0.01337	0.00891	0.00891	0.01337	0.01337	0.01783	0.01783	0.03119	0.01783	0.03565	0.04011	0.70143	0.00891	0.00891	0.00446	0.00446
11	0.03901	0.02874	0.03080	0.02361	0.03182	0.03182	0.01951	0.54111	0.04825	0.06468	0.02464	0.02464	0.01745	0.01232	0.01027	0.00308	0.01129	0.00924	0.01027	0.01745
12	0.02348	0.01895	0.02467	0.01772	0.02685	0.01479	0.05510	0.02833	0.02216	0.07694	0.02021	0.02288	0.01604	0.00809	0.00818	0.00181	0.00848	0.00691	0.00653	0.59189
13	0.01579	0.01223	0.01809	0.06717	0.02164	0.01286	0.05213	0.01806	0.01689	0.02290	0.03104	0.10027	0.03332	0.35490	0.16952	0.00993	0.01461	0.01444	0.00609	0.00813
14	0.02085	0.02135	0.06730	0.13407	0.20504	0.02080	0.06687	0.02672	0.02205	0.03034	0.02933	0.08655	0.02871	0.01604	0.01336	0.00374	0.06164	0.12636	0.00622	0.01267
15	0.02672	0.03035	0.19013	0.07513	0.09802	0.02115	0.02450	0.09899	0.02609	0.10319	0.02195	0.02445	0.01609	0.00986	0.00941	0.00276	0.01144	0.00804	0.00669	0.19504
16	0.63230	0.01884	0.01524	0.01384	0.01967	0.02186	0.01131	0.02882	0.01735	0.04351	0.01579	0.01937	0.01277	0.01722	0.07393	0.00469	0.01017	0.00618	0.00625	0.01089
17	0.02167	0.02095	0.02662	0.06135	0.02789	0.06079	0.01960	0.02764	0.07877	0.02668	0.02061	0.02873	0.01851	0.03110	0.16734	0.00715	0.32815	0.00964	0.00547	0.01134
18	0.01250	0.00893	0.01191	0.01429	0.01488	0.00834	0.00953	0.01429	0.01965	0.02620	0.05656	0.63265	0.06787	0.03215	0.01310	0.00417	0.00595	0.02917	0.00953	0.00834
19	0.01250	0.00893	0.01191	0.01429	0.01488	0.00834	0.00953	0.01429	0.01965	0.02620	0.05656	0.63265	0.06787	0.03215	0.01310	0.00417	0.00595	0.02917	0.00953	0.00834
20	0.03901	0.02874	0.03080	0.02361	0.03182	0.03182	0.01951	0.54111	0.04825	0.06468	0.02464	0.02464	0.01745	0.01232	0.01027	0.00308	0.01129	0.00924	0.01027	0.01745
21	0.71184	0.01985	0.01508	0.01350	0.01985	0.02302	0.01111	0.03017	0.01746	0.04604	0.01429	0.01667	0.01111	0.00953	0.00635	0.00318	0.00794	0.00556	0.00635	0.01111
22	0.03901	0.02874	0.03080	0.02361	0.03182	0.03182	0.01951	0.54111	0.04825	0.06468	0.02464	0.02464	0.01745	0.01232	0.01027	0.00308	0.01129	0.00924	0.01027	0.01745
23	0.02744	0.64552	0.05378	0.01756	0.02634	0.04061	0.01756	0.03073	0.02085	0.02414	0.01427	0.01646	0.01317	0.00878	0.00658	0.00219	0.01097	0.00549	0.00439	0.01317
24	0.02744	0.64552	0.05378	0.01756	0.02634	0.04061	0.01756	0.03073	0.02085	0.02414	0.01427	0.01646	0.01317	0.00878	0.00658	0.00219	0.01097	0.00549	0.00439	0.01317
25	0.04401	0.01789	0.02447	0.01901	0.02626	0.01649	0.01572	0.04783	0.02820	0.53443	0.03816	0.03385	0.02438	0.01315	0.01233	0.00329	0.06140	0.01020	0.01199	0.01693
26	0.02422	0.02768	0.06055	0.04325	0.05363	0.02595	0.53806	0.03287	0.02422	0.03287	0.02076	0.02768	0.01557	0.00865	0.01211	0.00346	0.01730	0.01211	0.00519	0.01384
27	0.01213	0.01040	0.01040	0.01040	0.01386	0.00866	0.00780	0.01473	0.02339	0.02772	0.10396	0.09876	0.57117	0.02599	0.01213	0.00347	0.00520	0.02166	0.00953	0.00866
28	0.01913	0.00956	0.00956	0.00956	0.01196	0.00956	0.00717	0.02391	0.02152	0.03826	0.03348	0.03826	0.02630	0.01196	0.00717	0.00239	0.00478	0.00956	0.69632	0.00956
29	0.01326	0.00963	0.01260	0.01428	0.01560	0.00898	0.01021	0.01594	0.02192	0.02924	0.14258	0.44086	0.11259	0.02942	0.01298	0.00402	0.00611	0.08129	0.00980	0.00871
30	0.01783	0.00891	0.01337	0.01337	0.01337	0.00891	0.00891	0.01337	0.01337	0.01783	0.01783	0.03119	0.01783	0.03565	0.04011	0.70143	0.00891	0.00891	0.00446	0.00446
31	0.02744	0.64552	0.05378	0.01756	0.02634	0.04061	0.01756	0.03073	0.02085	0.02414	0.01427	0.01646	0.01317	0.00878	0.00658	0.00219	0.01097	0.00549	0.00439	0.01317
32	0.01318	0.01027	0.01196	0.01189	0.01459	0.00905	0.00879	0.01662	0.02534	0.03318	0.29395	0.15040	0.31483	0.02459	0.01223	0.00345	0.00513	0.02122	0.01027	0.00905
33	0.02620	0.03167	0.10394	0.03685	0.12637	0.12027	0.20928	0.03622	0.09431	0.03331	0.02303	0.02718	0.01777	0.01009	0.01050	0.00317	0.01441	0.00996	0.05139	0.01409
34	0.32444	0.01975	0.02095	0.01687	0.02418	0.02032	0.01392	0.09772	0.02653	0.29843	0.02769	0.02610	0.01850	0.01133	0.00865	0.00316	0.00869	0.00820	0.00976	0.01480
35	0.12505	0.02146	0.02264	0.01849	0.02568	0.06585	0.01483	0.04459	0.14415	0.27643	0.03249	0.03020	0.02255	0.01173	0.00939	0.00299	0.00915	0.00914	0.00992	0.10327
36	0.10259	0.10162	0.02505	0.01767	0.02425	0.02281	0.01430	0.07870	0.18791	0.03835	0.02996	0.10367	0.02635	0.01346	0.00913	0.00287	0.00835	0.01086	0.00803	0.17407
37	0.20105	0.02194	0.03536	0.08462	0.19783	0.02261	0.14841	0.02968	0.02247	0.03688	0.08110	0.02971	0.02374	0.01056	0.00988	0.00323	0.01163	0.01002	0.00610	0.01318

[dist]
# distance from previous block
# <min> <max>
0	16

[block]
# block no. 6 follows, 14 sequences, length 50
# corresponding to MSA columns:
# 254-303
name=unknown_G
#
# <colnr> <probs for GDERKNQSTAVLIFYWHMCP>
#	G	D	E	R	K	N	Q	S	T	A	V	L	I	F	Y	W	H	M	C	P
0	0.02975	0.02664	0.07127	0.02055	0.02618	0.14326	0.01743	0.08143	0.02918	0.15050	0.19369	0.04115	0.04209	0.01497	0.01257	0.00319	0.06238	0.01162	0.00902	0.01312
1	0.02737	0.02873	0.03107	0.34209	0.09180	0.19216	0.02526	0.08370	0.02607	0.03037	0.01828	0.02435	0.01412	0.01048	0.00996	0.00313	0.01474	0.00840	0.00540	0.01252
2	0.02697	0.02917	0.11300	0.03609	0.14977	0.02628	0.13582	0.12948	0.16673	0.04129	0.02631	0.02861	0.01981	0.01093	0.01062	0.00328	0.01248	0.01023	0.00733	0.01580
3	0.01296	0.00929	0.01232	0.01397	0.01499	0.00864	0.00956	0.01545	0.02179	0.02961	0.17381	0.50567	0.07449	0.02960	0.01287	0.00395	0.00570	0.02675	0.00993	0.00864
4	0.03211	0.27536	0.09543	0.02367	0.03285	0.06730	0.10418	0.03724	0.02438	0.17979	0.02303	0.02400	0.01691	0.01005	0.00900	0.00280	0.01230	0.00817	0.00686	0.01456
5	0.04604	0.01746	0.02382	0.01826	0.02620	0.01508	0.01508	0.05001	0.02937	0.58244	0.04049	0.03493	0.02540	0.01270	0.01032	0.00318	0.00873	0.01032	0.01270	0.01746
6	0.02103	0.02081	0.03104	0.21359	0.12705	0.07390	0.09225	0.02632	0.02235	0.02854	0.02995	0.16584	0.02997	0.01621	0.01135	0.00357	0.01235	0.05588	0.00629	0.01170
7	0.02634	0.02380	0.03154	0.08163	0.03519	0.07281	0.10929	0.03969	0.20680	0.08148	0.06663	0.03382	0.02686	0.01335	0.01411	0.00350	0.10030	0.01103	0.00791	0.01391
8	0.01236	0.01040	0.01071	0.01063	0.01400	0.00876	0.00798	0.01517	0.02393	0.02899	0.14811	0.09667	0.52623	0.02552	0.01213	0.00344	0.00516	0.02136	0.00970	0.00876
9	0.01475	0.01063	0.01464	0.01464	0.01583	0.01182	0.01052	0.01714	0.01594	0.02245	0.02918	0.04969	0.02972	0.27336	0.40785	0.01421	0.02136	0.01237	0.00575	0.00813
10	0.02717	0.02569	0.04378	0.10040	0.16890	0.02645	0.21695	0.13894	0.07421	0.03979	0.02277	0.02740	0.01727	0.01014	0.01095	0.00328	0.01372	0.01048	0.00660	0.01510
11	0.39075	0.09605	0.22636	0.01963	0.02943	0.02512	0.02150	0.03107	0.01934	0.03888	0.01578	0.01846	0.01201	0.00953	0.00761	0.00310	0.01087	0.00629	0.00542	0.01280
12	0.02245	0.02245	0.03143	0.02694	0.02694	0.03143	0.02245	0.02470	0.01572	0.02470	0.01347	0.02245	0.01347	0.01796	0.03368	0.00449	0.62057	0.00898	0.00449	0.01123
13	0.20029	0.01907	0.02610	0.02171	0.02714	0.01985	0.12141	0.11337	0.02498	0.03937	0.03268	0.24265	0.03362	0.01799	0.01066	0.00358	0.00975	0.01608	0.00793	0.01177
14	0.56320	0.02352	0.01841	0.01597	0.02248	0.07305	0.01299	0.10053	0.02264	0.04680	0.01583	0.01791	0.01215	0.00999	0.00713	0.00312	0.00929	0.00615	0.00679	0.01204
15	0.01452	0.01049	0.01372	0.01291	0.01533	0.00968	0.00968	0.01937	0.02905	0.04115	0.56992	0.07666	0.09683	0.02098	0.01210	0.00323	0.00484	0.01856	0.01130	0.00968
16	0.01413	0.01047	0.01317	0.01250	0.01509	0.00951	0.00937	0.01860	0.02811	0.03893	0.49295	0.08031	0.17519	0.02181	0.01211	0.00327	0.00490	0.01907	0.01100	0.00951
17	0.02058	0.05308	0.58618	0.02925	0.04442	0.02383	0.03792	0.03250	0.02167	0.03250	0.01842	0.02167	0.01300	0.00975	0.00975	0.00325	0.01517	0.00758	0.00433	0.01517
18	0.02744	0.64552	0.05378	0.01756	0.02634	0.04061	0.01756	0.03073	0.02085	0.02414	0.01427	0.01646	0.01317	0.00878	0.00658	0.00219	0.01097	0.00549	0.00439	0.01317
19	0.01452	0.01049	0.01372	0.01291	0.01533	0.00968	0.00968	0.01937	0.02905	0.04115	0.56992	0.07666	0.09683	0.02098	0.01210	0.00323	0.00484	0.01856	0.01130	0.00968
20	0.04604	0.01746	0.02382	0.01826	0.02620	0.01508	0.01508	0.05001	0.02937	0.58244	0.04049	0.03493	0.02540	0.01270	0.01032	0.00318	0.00873	0.01032	0.01270	0.01746
21	0.01783	0.00891	0.01337	0.01337	0.01337	0.00891	0.00891	0.01337	0.01337	0.01783	0.01783	0.03119	0.01783	0.03565	0.04011	0.70143	0.00891	0.00891	0.00446	0.00446
22	0.02245	0.02245	0.03143	0.02694	0.02694	0.03143	0.02245	0.02470	0.01572	0.02470	0.01347	0.02245	0.01347	0.01796	0.03368	0.00449	0.62057	0.00898	0.00449	0.01123
23	0.09250	0.01958	0.02086	0.01706	0.02284	0.07529	0.04894	0.06813	0.02507	0.11244	0.02705	0.02953	0.02038	0.01084	0.00837	0.00260	0.00879	0.00863	0.26819	0.11292
24	0.02406	0.02282	0.03480	0.15897	0.12838	0.02758	0.06866	0.07283	0.06062	0.03187	0.01906	0.02576	0.01578	0.01331	0.01933	0.00375	0.24413	0.00952	0.00558	0.01320
25	0.02330	0.02194	0.02970	0.02552	0.02641	0.02950	0.02104	0.07675	0.01939	0.02892	0.01830	0.07492	0.01854	0.01860	0.02952	0.00432	0.50549	0.01074	0.00551	0.01162
26	0.03338	0.02955	0.19449	0.02162	0.03197	0.01921	0.02196	0.09093	0.02759	0.26912	0.02838	0.02753	0.01909	0.01090	0.00968	0.00291	0.01075	0.00866	0.00879	0.13351
27	0.02613	0.29278	0.04000	0.02193	0.02697	0.09207	0.01927	0.02905	0.01973	0.02519	0.01443	0.01938	0.01345	0.01244	0.01747	0.00308	0.24837	0.00701	0.00465	0.06659
28	0.01345	0.01071	0.01230	0.01316	0.01610	0.00957	0.01048	0.01662	0.02321	0.02850	0.08620	0.13955	0.38693	0.02710	0.01279	0.00388	0.00650	0.16457	0.00951	0.00887
29	0.01492	0.00995	0.01119	0.01119	0.01119	0.00995	0.00622	0.01492	0.01492	0.01990	0.03233	0.06716	0.03731	0.63935	0.05223	0.00995	0.00995	0.01492	0.00622	0.00622
30	0.71184	0.01985	0.01508	0.01350	0.01985	0.02302	0.01111	0.03017	0.01746	0.04604	0.01429	0.01667	0.01111	0.00953	0.00635	0.00318	0.00794	0.00556	0.00635	0.01111
31	0.03901	0.02874	0.03080	0.02361	0.03182	0.03182	0.01951	0.54111	0.04825	0.06468	0.02464	0.02464	0.01745	0.01232	0.01027	0.00308	0.01129	0.00924	0.01027	0.01745
32	0.01492	0.01041	0.01336	0.01263	0.01504	0.00967	0.00947	0.01975	0.02841	0.04091	0.52437	0.07340	0.09084	0.02021	0.01169	0.00316	0.00484	0.01780	0.06946	0.00967
33	0.71184	0.01985	0.01508	0.01350	0.01985	0.02302	0.01111	0.03017	0.01746	0.04604	0.01429	0.01667	0.01111	0.00953	0.00635	0.00318	0.00794	0.00556	0.00635	0.01111
34	0.02744	0.64552	0.05378	0.01756	0.02634	0.04061	0.01756	0.03073	0.02085	0.02414	0.01427	0.01646	0.01317	0.00878	0.00658	0.00219	0.01097	0.00549	0.00439	0.01317
35	0.02744	0.64552	0.05378	0.01756	0.02634	0.04061	0.01756	0.03073	0.02085	0.02414	0.01427	0.01646	0.01317	0.00878	0.00658	0.00219	0.01097	0.00549	0.00439	0.01317
