[name]
unknown

[dist]
# distance from previous block
# <min> <max>
0	13

[block]
# block no. 0 follows, 12 sequences, length 13
# corresponding to MSA columns:
# 13-25
name=unknown_A
#
# <colnr> <probs for GDERKNQSTAVLIFYWHMCP>
#	G	D	E	R	K	N	Q	S	T	A	V	L	I	F	Y	W	H	M	C	P
0	0.01706	0.01196	0.01587	0.01762	0.01938	0.01196	0.01428	0.02057	0.02233	0.02918	0.05072	0.10749	0.05581	0.20620	0.02720	0.00669	0.01020	0.33748	0.00901	0.00901
1	0.02154	0.01659	0.01786	0.01606	0.02067	0.01652	0.01237	0.16466	0.03201	0.04092	0.07537	0.17939	0.29477	0.02453	0.01249	0.00370	0.00762	0.02060	0.01036	0.01194
2	0.03133	0.02730	0.04080	0.05437	0.39423	0.02828	0.02964	0.17722	0.03276	0.04555	0.02221	0.02674	0.01765	0.01073	0.01083	0.00325	0.01267	0.00975	0.00705	0.01765
3	0.01317	0.00996	0.01217	0.01394	0.01549	0.00896	0.00957	0.01532	0.02207	0.02832	0.07521	0.45820	0.21385	0.03220	0.01361	0.00420	0.00608	0.02860	0.01012	0.00896
4	0.01720	0.01045	0.01137	0.01137	0.01214	0.01045	0.00691	0.01872	0.01796	0.02700	0.03472	0.06214	0.03613	0.43550	0.04113	0.00816	0.00892	0.01415	0.20791	0.00767
5	0.04369	0.02694	0.03050	0.02338	0.03202	0.02847	0.01931	0.37459	0.04525	0.21507	0.03123	0.02946	0.02108	0.01321	0.01092	0.00330	0.01118	0.01016	0.01168	0.01855
6	0.02030	0.01548	0.02097	0.01859	0.02080	0.01762	0.01476	0.02455	0.02664	0.07423	0.34947	0.06107	0.07101	0.02071	0.01961	0.00383	0.18302	0.01605	0.00994	0.01136
7	0.02650	0.02541	0.04338	0.10688	0.51265	0.02578	0.03322	0.03304	0.02460	0.03503	0.02042	0.02715	0.01706	0.00981	0.01080	0.00327	0.01307	0.00971	0.00536	0.01688
8	0.03501	0.24106	0.13119	0.02379	0.03303	0.19405	0.02267	0.04004	0.02660	0.12567	0.02159	0.02274	0.01638	0.01085	0.00917	0.00286	0.01440	0.00753	0.00657	0.01480
9	0.11539	0.02452	0.03463	0.04653	0.32266	0.02608	0.02573	0.04062	0.17534	0.04038	0.02697	0.02987	0.02135	0.01129	0.01035	0.00339	0.01106	0.00999	0.00729	0.01654
10	0.02603	0.02831	0.05734	0.04462	0.09577	0.02737	0.40281	0.03785	0.09236	0.03640	0.02488	0.03070	0.01883	0.00998	0.01245	0.00364	0.01662	0.01252	0.00624	0.01527
11	0.02527	0.03022	0.13037	0.13023	0.40083	0.02558	0.03420	0.03290	0.02412	0.03441	0.02020	0.02659	0.01632	0.00998	0.01073	0.00333	0.01370	0.00943	0.00519	0.01639
12	0.02722	0.02369	0.04085	0.05350	0.38012	0.02316	0.08015	0.03362	0.02628	0.08170	0.09187	0.03534	0.02938	0.01165	0.01131	0.00332	0.01219	0.01149	0.00699	0.01618

[dist]
# distance from previous block
# <min> <max>
0	24

[block]
# block no. 1 follows, 12 sequences, length 141
# corresponding to MSA columns:
# 50-126,131-134,136-195
name=unknown_B
#
# <colnr> <probs for GDERKNQSTAVLIFYWHMCP>
#	G	D	E	R	K	N	Q	S	T	A	V	L	I	F	Y	W	H	M	C	P
0	0.04246	0.02066	0.02597	0.01967	0.02840	0.01860	0.01617	0.12224	0.03273	0.37360	0.03558	0.03245	0.02346	0.01235	0.01038	0.00301	0.00948	0.00988	0.01167	0.15124
1	0.62567	0.02082	0.01701	0.01487	0.02180	0.02357	0.01225	0.03428	0.01989	0.10255	0.01812	0.01976	0.01341	0.01048	0.00719	0.00337	0.00852	0.00644	0.00746	0.01252
2	0.02096	0.05144	0.50243	0.02940	0.04388	0.02358	0.03710	0.03249	0.02279	0.03382	0.02385	0.08502	0.01997	0.01287	0.01074	0.00356	0.01508	0.01048	0.00519	0.01535
3	0.01489	0.01521	0.07109	0.01654	0.01970	0.01122	0.01379	0.01886	0.02364	0.03177	0.14030	0.34991	0.13247	0.02848	0.01334	0.00412	0.00741	0.06741	0.00984	0.01001
4	0.02059	0.01938	0.03270	0.59060	0.07510	0.02422	0.03028	0.02786	0.02180	0.02786	0.01938	0.02907	0.01453	0.01090	0.01090	0.00363	0.01453	0.00969	0.00484	0.01211
5	0.01765	0.01125	0.01437	0.01497	0.01748	0.01020	0.01100	0.02073	0.02468	0.08694	0.14586	0.32885	0.16255	0.02848	0.01332	0.00406	0.00658	0.05998	0.01078	0.01027
6	0.03638	0.02532	0.04586	0.03346	0.04324	0.02376	0.26638	0.09245	0.03055	0.24063	0.03062	0.03206	0.02081	0.01127	0.01192	0.00352	0.01418	0.01181	0.00918	0.01660
7	0.02930	0.02513	0.04225	0.06190	0.49373	0.02486	0.03162	0.03554	0.02550	0.09065	0.02289	0.02806	0.01830	0.01011	0.01081	0.00325	0.01256	0.00985	0.00625	0.01741
8	0.02915	0.62337	0.05714	0.01866	0.02799	0.04314	0.01866	0.03265	0.02215	0.02565	0.01516	0.01749	0.01399	0.00933	0.00700	0.00233	0.01166	0.00583	0.00466	0.01399
9	0.01425	0.01108	0.01319	0.01447	0.01711	0.01003	0.01123	0.01741	0.02397	0.02993	0.08423	0.22988	0.30192	0.02985	0.01372	0.00422	0.00693	0.14712	0.01010	0.00935
10	0.04294	0.02497	0.02889	0.02249	0.03083	0.02595	0.01847	0.27961	0.09370	0.26246	0.03488	0.03211	0.02350	0.01343	0.01095	0.00336	0.01055	0.01054	0.01197	0.01841
11	0.02187	0.05640	0.56031	0.03108	0.04719	0.02532	0.04029	0.03453	0.02302	0.03453	0.01957	0.02302	0.01381	0.01036	0.01036	0.00345	0.01611	0.00806	0.00460	0.01611
12	0.01328	0.00949	0.01265	0.01518	0.01581	0.00886	0.01012	0.01518	0.02088	0.02783	0.06010	0.60969	0.07212	0.03416	0.01392	0.00443	0.00633	0.03100	0.01012	0.00886
13	0.03562	0.12550	0.03894	0.03145	0.10192	0.17735	0.07272	0.07887	0.07658	0.11921	0.02516	0.02662	0.01897	0.01136	0.01022	0.00309	0.01408	0.00916	0.00763	0.01553
14	0.01328	0.00949	0.01265	0.01518	0.01581	0.00886	0.01012	0.01518	0.02088	0.02783	0.06010	0.60969	0.07212	0.03416	0.01392	0.00443	0.00633	0.03100	0.01012	0.00886
15	0.08577	0.02524	0.09643	0.02035	0.03073	0.01794	0.05642	0.02942	0.02254	0.03661	0.01923	0.02275	0.01547	0.00866	0.00864	0.00219	0.01000	0.00714	0.00617	0.47832
16	0.09875	0.02428	0.03363	0.12937	0.22776	0.02535	0.02480	0.13094	0.02882	0.04263	0.02076	0.02549	0.01634	0.01039	0.00998	0.00307	0.01177	0.00882	0.00676	0.12029
17	0.17742	0.03693	0.02694	0.02365	0.03011	0.27333	0.01838	0.11995	0.11847	0.04156	0.02282	0.02397	0.01766	0.01192	0.00957	0.00316	0.01410	0.00816	0.00767	0.01423
18	0.01528	0.01163	0.01437	0.01510	0.01806	0.01073	0.01226	0.01948	0.02645	0.03421	0.19878	0.10583	0.25378	0.02722	0.01369	0.00412	0.00712	0.19155	0.01056	0.00979
19	0.03569	0.02857	0.03536	0.03091	0.08936	0.03110	0.06726	0.32946	0.13810	0.05760	0.02870	0.02936	0.02106	0.01269	0.01112	0.00339	0.01205	0.01058	0.00985	0.01780
20	0.01289	0.01105	0.01105	0.01105	0.01473	0.00920	0.00828	0.01565	0.02485	0.02946	0.11046	0.10493	0.54437	0.02761	0.01289	0.00368	0.00552	0.02301	0.01013	0.00920
21	0.03326	0.03140	0.08257	0.12210	0.14966	0.11818	0.02579	0.10087	0.06875	0.12196	0.02584	0.02829	0.01895	0.01166	0.01067	0.00331	0.01359	0.00952	0.00773	0.01594
22	0.01586	0.01057	0.01189	0.01189	0.01189	0.01057	0.00661	0.01586	0.01586	0.02114	0.03436	0.07135	0.03964	0.61681	0.05550	0.01057	0.01057	0.01586	0.00661	0.00661
23	0.02261	0.01938	0.02261	0.01615	0.02584	0.01453	0.01292	0.02745	0.02261	0.03553	0.01938	0.02261	0.01615	0.00807	0.00807	0.00161	0.00807	0.00646	0.00646	0.68346
24	0.03060	0.30356	0.18427	0.02476	0.03481	0.19405	0.02516	0.03635	0.02496	0.02834	0.01684	0.01961	0.01396	0.01017	0.00873	0.00277	0.01521	0.00678	0.00493	0.01416
25	0.69383	0.02109	0.01603	0.01434	0.02109	0.02446	0.01181	0.03205	0.01856	0.04892	0.01518	0.01771	0.01181	0.01012	0.00675	0.00337	0.00843	0.00590	0.00675	0.01181
26	0.02926	0.02545	0.04240	0.10073	0.39139	0.02577	0.06611	0.07379	0.02730	0.07803	0.02274	0.02805	0.01785	0.01034	0.01098	0.00332	0.01312	0.01005	0.00644	0.01687
27	0.03035	0.39550	0.14388	0.02271	0.03274	0.10916	0.02311	0.07364	0.02585	0.03094	0.01709	0.01950	0.01434	0.01008	0.00831	0.00268	0.01356	0.00672	0.00529	0.01457
28	0.02891	0.20388	0.04679	0.04910	0.34743	0.08233	0.02795	0.03417	0.02461	0.03185	0.01859	0.02351	0.01601	0.00974	0.00959	0.00293	0.01320	0.00832	0.00520	0.01587
29	0.01421	0.01078	0.01345	0.01464	0.01670	0.00951	0.01013	0.01655	0.02168	0.02890	0.06365	0.46894	0.13984	0.03038	0.01314	0.00401	0.00639	0.02716	0.00974	0.08021
30	0.01613	0.01152	0.01592	0.01843	0.02031	0.01131	0.01507	0.02010	0.02368	0.03102	0.05853	0.28655	0.06590	0.03148	0.01468	0.00482	0.00879	0.32606	0.01007	0.00964
31	0.02812	0.03117	0.03051	0.02699	0.02903	0.20214	0.02162	0.03084	0.02132	0.02626	0.01709	0.02503	0.01594	0.02488	0.09863	0.00583	0.33854	0.00902	0.00518	0.01186
32	0.01586	0.01057	0.01189	0.01189	0.01189	0.01057	0.00661	0.01586	0.01586	0.02114	0.03436	0.07135	0.03964	0.61681	0.05550	0.01057	0.01057	0.01586	0.00661	0.00661
33	0.01917	0.03228	0.24924	0.02483	0.03362	0.01872	0.08794	0.02652	0.02258	0.03170	0.07607	0.09959	0.07482	0.13160	0.02012	0.00496	0.01269	0.01450	0.00667	0.01239
34	0.01333	0.01106	0.01167	0.01151	0.01500	0.00939	0.00864	0.01651	0.02591	0.03196	0.18642	0.10081	0.46684	0.02668	0.01288	0.00364	0.00546	0.02243	0.01045	0.00939
35	0.03175	0.02668	0.09590	0.02292	0.03087	0.02414	0.02044	0.09914	0.26871	0.15216	0.03993	0.04245	0.03012	0.01494	0.01126	0.00366	0.01022	0.04713	0.01064	0.01695
36	0.01353	0.01093	0.01211	0.01264	0.01566	0.00951	0.00948	0.01653	0.02474	0.03062	0.13344	0.18319	0.39613	0.02841	0.01322	0.00389	0.00598	0.06044	0.01027	0.00931
37	0.02458	0.02345	0.03991	0.26374	0.37076	0.02527	0.03227	0.03136	0.02369	0.03270	0.02008	0.02777	0.01624	0.01016	0.01083	0.00339	0.01355	0.00971	0.00519	0.01533
38	0.02539	0.01929	0.02289	0.01649	0.02605	0.01469	0.01325	0.03017	0.02352	0.09057	0.02188	0.02414	0.01730	0.00865	0.00838	0.00180	0.00820	0.00694	0.00720	0.61319
39	0.03078	0.54500	0.05391	0.01951	0.02876	0.04191	0.01893	0.09607	0.02600	0.03135	0.01662	0.01864	0.01459	0.00983	0.00751	0.00246	0.01171	0.00636	0.00549	0.01459
40	0.02187	0.05640	0.56031	0.03108	0.04719	0.02532	0.04029	0.03453	0.02302	0.03453	0.01957	0.02302	0.01381	0.01036	0.01036	0.00345	0.01611	0.00806	0.00460	0.01611
41	0.60750	0.02517	0.01799	0.01616	0.02275	0.09697	0.01303	0.03357	0.02019	0.04598	0.01540	0.01797	0.01210	0.01027	0.00716	0.00330	0.00992	0.00605	0.00660	0.01192
42	0.01449	0.01121	0.01450	0.01516	0.01757	0.01122	0.01162	0.01779	0.02142	0.02793	0.06553	0.16148	0.21936	0.04990	0.23065	0.00931	0.01531	0.06768	0.00845	0.00944
43	0.01602	0.01139	0.01708	0.01708	0.01877	0.01308	0.01308	0.01877	0.01708	0.02447	0.02785	0.04155	0.02616	0.07597	0.50341	0.10546	0.02660	0.01139	0.00569	0.00907
44	0.02263	0.02179	0.03855	0.34183	0.18680	0.02415	0.09336	0.02977	0.02334	0.03112	0.02311	0.03616	0.01937	0.01193	0.01147	0.00365	0.01429	0.04764	0.00549	0.01358
45	0.62480	0.02435	0.01760	0.01579	0.02242	0.08244	0.01279	0.03327	0.01986	0.04657	0.01536	0.01792	0.01204	0.01024	0.00707	0.00331	0.00962	0.00602	0.00663	0.01190
46	0.69383	0.02109	0.01603	0.01434	0.02109	0.02446	0.01181	0.03205	0.01856	0.04892	0.01518	0.01771	0.01181	0.01012	0.00675	0.00337	0.00843	0.00590	0.00675	0.01181
47	0.02809	0.02138	0.03238	0.11410	0.23763	0.02222	0.02519	0.03801	0.10669	0.11693	0.03362	0.04628	0.02822	0.01452	0.01156	0.00367	0.01143	0.08421	0.00824	0.01564
48	0.01586	0.01057	0.01189	0.01189	0.01189	0.01057	0.00661	0.01586	0.01586	0.02114	0.03436	0.07135	0.03964	0.61681	0.05550	0.01057	0.01057	0.01586	0.00661	0.00661
49	0.02239	0.02666	0.10715	0.02110	0.02674	0.08913	0.01841	0.03472	0.16509	0.03642	0.12644	0.19098	0.04976	0.01997	0.01185	0.00369	0.01005	0.01711	0.00924	0.01309
50	0.01586	0.01057	0.01189	0.01189	0.01189	0.01057	0.00661	0.01586	0.01586	0.02114	0.03436	0.07135	0.03964	0.61681	0.05550	0.01057	0.01057	0.01586	0.00661	0.00661
51	0.02896	0.18919	0.13769	0.02344	0.03277	0.03208	0.02262	0.12021	0.22067	0.04195	0.02895	0.02882	0.02206	0.01222	0.00984	0.00322	0.01141	0.00939	0.00812	0.01638
52	0.01586	0.01057	0.01189	0.01189	0.01189	0.01057	0.00661	0.01586	0.01586	0.02114	0.03436	0.07135	0.03964	0.61681	0.05550	0.01057	0.01057	0.01586	0.00661	0.00661
53	0.03591	0.02843	0.02744	0.02740	0.09633	0.18317	0.01885	0.04192	0.06291	0.20047	0.12546	0.03906	0.03639	0.01404	0.01097	0.00322	0.01205	0.01134	0.00964	0.01500
54	0.01410	0.01109	0.01273	0.01232	0.01547	0.00972	0.00924	0.01800	0.02772	0.03626	0.31684	0.09373	0.33374	0.02507	0.01287	0.00356	0.00534	0.02144	0.01102	0.00972
55	0.08078	0.02008	0.02325	0.01719	0.02636	0.01682	0.01392	0.06384	0.02574	0.13571	0.02389	0.02516	0.01799	0.00957	0.00869	0.00219	0.00858	0.00747	0.00808	0.46469
56	0.13603	0.10415	0.02839	0.01993	0.02753	0.07091	0.01631	0.07745	0.17968	0.08155	0.02790	0.02781	0.02124	0.01166	0.00922	0.00298	0.01011	0.00872	0.00849	0.12995
57	0.31311	0.02178	0.02146	0.01863	0.02493	0.02418	0.01544	0.18242	0.03118	0.05210	0.07511	0.04341	0.03073	0.01544	0.00999	0.00361	0.00952	0.08432	0.00910	0.01352
58	0.01558	0.01168	0.01752	0.01752	0.01947	0.01363	0.01363	0.01947	0.01752	0.02531	0.02921	0.04283	0.02726	0.08178	0.57360	0.01752	0.02921	0.01168	0.00584	0.00974
59	0.02261	0.01938	0.02261	0.01615	0.02584	0.01453	0.01292	0.02745	0.02261	0.03553	0.01938	0.02261	0.01615	0.00807	0.00807	0.00161	0.00807	0.00646	0.00646	0.68346
60	0.02298	0.02257	0.03172	0.02745	0.02766	0.03131	0.02277	0.02552	0.01679	0.02614	0.01589	0.02586	0.01568	0.02571	0.09262	0.00612	0.53686	0.00977	0.00488	0.01170
61	0.02633	0.40357	0.25220	0.02347	0.03543	0.03623	0.02704	0.03338	0.02249	0.02909	0.01687	0.01963	0.01392	0.00973	0.00830	0.00277	0.01339	0.00669	0.00464	0.01482
62	0.03473	0.01900	0.02385	0.01765	0.02676	0.01522	0.01435	0.03928	0.02657	0.27540	0.03027	0.02929	0.02114	0.01057	0.00941	0.00243	0.00863	0.00853	0.00970	0.37723
63	0.02261	0.01938	0.02261	0.01615	0.02584	0.01453	0.01292	0.02745	0.02261	0.03553	0.01938	0.02261	0.01615	0.00807	0.00807	0.00161	0.00807	0.00646	0.00646	0.68346
64	0.02699	0.02591	0.04426	0.06693	0.54879	0.02591	0.03346	0.03346	0.02483	0.03562	0.02051	0.02699	0.01727	0.00972	0.01079	0.00324	0.01295	0.00972	0.00540	0.01727
65	0.01543	0.01115	0.01457	0.01372	0.01629	0.01029	0.01029	0.02058	0.03086	0.04372	0.54304	0.08145	0.10288	0.02229	0.01286	0.00343	0.00514	0.01972	0.01200	0.01029
66	0.02044	0.01825	0.02967	0.13074	0.25780	0.01877	0.02356	0.02520	0.02275	0.03123	0.03625	0.26177	0.03889	0.01974	0.01207	0.00378	0.01054	0.01827	0.00721	0.01305
67	0.02033	0.01016	0.01016	0.01016	0.01270	0.01016	0.00762	0.02541	0.02287	0.04065	0.03557	0.04065	0.02795	0.01270	0.00762	0.00254	0.00508	0.01016	0.67734	0.01016
68	0.02578	0.10622	0.11886	0.03368	0.16665	0.02505	0.02425	0.03737	0.13532	0.06932	0.03257	0.11964	0.02900	0.01495	0.01079	0.00345	0.01106	0.01291	0.00770	0.01542
69	0.02575	0.02412	0.03493	0.11942	0.04238	0.02675	0.13057	0.04788	0.33332	0.04033	0.03529	0.03626	0.02647	0.01290	0.01146	0.00368	0.01179	0.01202	0.00882	0.01585
70	0.02512	0.02394	0.03987	0.05954	0.47820	0.02370	0.03013	0.03111	0.02483	0.03481	0.03240	0.03729	0.08695	0.01208	0.01107	0.00330	0.01197	0.01147	0.00602	0.01620
71	0.01543	0.01115	0.01457	0.01372	0.01629	0.01029	0.01029	0.02058	0.03086	0.04372	0.54304	0.08145	0.10288	0.02229	0.01286	0.00343	0.00514	0.01972	0.01200	0.01029
72	0.01560	0.01159	0.01707	0.01707	0.01886	0.01338	0.01306	0.01918	0.01739	0.02498	0.02962	0.04513	0.02826	0.12488	0.53186	0.01696	0.02770	0.01202	0.00590	0.00948
73	0.02385	0.02385	0.03340	0.02863	0.02863	0.03340	0.02385	0.02624	0.01670	0.02624	0.01431	0.02385	0.01431	0.01908	0.03578	0.00477	0.59685	0.00954	0.00477	0.01193
74	0.02261	0.01938	0.02261	0.01615	0.02584	0.01453	0.01292	0.02745	0.02261	0.03553	0.01938	0.02261	0.01615	0.00807	0.00807	0.00161	0.00807	0.00646	0.00646	0.68346
75	0.04073	0.05197	0.03090	0.02809	0.03371	0.57303	0.02107	0.04354	0.03090	0.02669	0.01685	0.01966	0.01404	0.01124	0.00983	0.00281	0.01966	0.00702	0.00562	0.01264
76	0.01298	0.01069	0.01141	0.01198	0.01497	0.00913	0.00870	0.01554	0.02395	0.02909	0.09907	0.21904	0.43761	0.02909	0.01312	0.00385	0.00570	0.02482	0.01012	0.00913
77	0.02915	0.62337	0.05714	0.01866	0.02799	0.04314	0.01866	0.03265	0.02215	0.02565	0.01516	0.01749	0.01399	0.00933	0.00700	0.00233	0.01166	0.00583	0.00466	0.01399
78	0.01533	0.01154	0.01470	0.01633	0.01782	0.01172	0.01139	0.02124	0.08774	0.02995	0.05512	0.48126	0.06277	0.03607	0.06608	0.00556	0.00878	0.02672	0.00985	0.01005
79	0.02459	0.21116	0.35117	0.03234	0.10812	0.03039	0.03333	0.03386	0.02302	0.03219	0.01846	0.02200	0.01432	0.00999	0.00947	0.00311	0.01445	0.00765	0.00473	0.01567
80	0.69383	0.02109	0.01603	0.01434	0.02109	0.02446	0.01181	0.03205	0.01856	0.04892	0.01518	0.01771	0.01181	0.01012	0.00675	0.00337	0.00843	0.00590	0.00675	0.01181
81	0.03702	0.04493	0.03451	0.03858	0.17286	0.42523	0.02442	0.04082	0.02926	0.02910	0.01784	0.02164	0.01492	0.01083	0.01009	0.00292	0.01785	0.00775	0.00556	0.01389
82	0.01374	0.01108	0.01223	0.01194	0.01525	0.00957	0.00896	0.01730	0.02687	0.03425	0.25583	0.09704	0.39601	0.02583	0.01288	0.00360	0.00540	0.02191	0.01076	0.00957
83	0.02033	0.01016	0.01016	0.01016	0.01270	0.01016	0.00762	0.02541	0.02287	0.04065	0.03557	0.04065	0.02795	0.01270	0.00762	0.00254	0.00508	0.01016	0.67734	0.01016
84	0.01328	0.00949	0.01265	0.01518	0.01581	0.00886	0.01012	0.01518	0.02088	0.02783	0.06010	0.60969	0.07212	0.03416	0.01392	0.00443	0.00633	0.03100	0.01012	0.00886
85	0.04073	0.05197	0.03090	0.02809	0.03371	0.57303	0.02107	0.04354	0.03090	0.02669	0.01685	0.01966	0.01404	0.01124	0.00983	0.00281	0.01966	0.00702	0.00562	0.01264
86	0.01322	0.01106	0.01151	0.01140	0.01493	0.00935	0.00855	0.01630	0.02565	0.03134	0.16764	0.10183	0.48601	0.02691	0.01288	0.00365	0.00547	0.02258	0.01037	0.00935
87	0.01328	0.00949	0.01265	0.01518	0.01581	0.00886	0.01012	0.01518	0.02088	0.02783	0.06010	0.60969	0.07212	0.03416	0.01392	0.00443	0.00633	0.03100	0.01012	0.00886
88	0.02059	0.01938	0.03270	0.59060	0.07510	0.02422	0.03028	0.02786	0.02180	0.02786	0.01938	0.02907	0.01453	0.01090	0.01090	0.00363	0.01453	0.00969	0.00484	0.01211
89	0.02187	0.05640	0.56031	0.03108	0.04719	0.02532	0.04029	0.03453	0.02302	0.03453	0.01957	0.02302	0.01381	0.01036	0.01036	0.00345	0.01611	0.00806	0.00460	0.01611
90	0.02915	0.62337	0.05714	0.01866	0.02799	0.04314	0.01866	0.03265	0.02215	0.02565	0.01516	0.01749	0.01399	0.00933	0.00700	0.00233	0.01166	0.00583	0.00466	0.01399
91	0.01894	0.00947	0.01420	0.01420	0.01420	0.00947	0.00947	0.01420	0.01420	0.01894	0.01894	0.03314	0.01894	0.03788	0.04261	0.68277	0.00947	0.00947	0.00473	0.00473
92	0.02890	0.02652	0.04273	0.06140	0.48072	0.02695	0.03178	0.09678	0.02832	0.04000	0.02126	0.02688	0.01744	0.01016	0.01081	0.00324	0.01283	0.00973	0.00613	0.01744
93	0.02261	0.01938	0.02261	0.01615	0.02584	0.01453	0.01292	0.02745	0.02261	0.03553	0.01938	0.02261	0.01615	0.00807	0.00807	0.00161	0.00807	0.00646	0.00646	0.68346
94	0.01523	0.01114	0.01430	0.01351	0.01617	0.01020	0.01013	0.02019	0.03040	0.04262	0.50949	0.08327	0.13712	0.02270	0.01286	0.00345	0.00517	0.01997	0.01186	0.01020
95	0.01493	0.01212	0.01948	0.01925	0.02126	0.01133	0.07609	0.01779	0.02152	0.02877	0.05507	0.53299	0.06477	0.03086	0.01378	0.00433	0.00792	0.02860	0.00951	0.00963
96	0.03621	0.02794	0.02977	0.02403	0.03182	0.03137	0.01946	0.34624	0.22599	0.06027	0.03283	0.03148	0.02393	0.01371	0.01098	0.00343	0.01077	0.01073	0.01098	0.01807
97	0.01322	0.01106	0.01151	0.01140	0.01493	0.00935	0.00855	0.01630	0.02565	0.03134	0.16764	0.10183	0.48601	0.02691	0.01288	0.00365	0.00547	0.02258	0.01037	0.00935
98	0.03726	0.03022	0.03025	0.02449	0.03223	0.07533	0.01975	0.34371	0.18729	0.05867	0.03067	0.02983	0.02243	0.01343	0.01087	0.00336	0.01165	0.01031	0.01054	0.01770
99	0.04261	0.02867	0.03157	0.02420	0.03288	0.03104	0.01999	0.44082	0.04814	0.14475	0.02880	0.02788	0.01986	0.01315	0.01092	0.00329	0.01157	0.01000	0.01131	0.01854
100	0.01568	0.01104	0.01387	0.01317	0.01583	0.01019	0.00987	0.02063	0.02962	0.04227	0.46005	0.07954	0.13193	0.02183	0.01237	0.00337	0.00517	0.01909	0.07431	0.01019
101	0.01376	0.01108	0.01226	0.01196	0.01526	0.00958	0.00897	0.01734	0.02691	0.03435	0.25871	0.09688	0.39306	0.02579	0.01288	0.00360	0.00539	0.02188	0.01077	0.00958
102	0.01566	0.01136	0.01587	0.01587	0.01724	0.01273	0.01157	0.01841	0.01703	0.02409	0.03072	0.05121	0.03090	0.23897	0.42138	0.01548	0.02373	0.01291	0.00607	0.00882
103	0.69383	0.02109	0.01603	0.01434	0.02109	0.02446	0.01181	0.03205	0.01856	0.04892	0.01518	0.01771	0.01181	0.01012	0.00675	0.00337	0.00843	0.00590	0.00675	0.01181
104	0.01328	0.00949	0.01265	0.01518	0.01581	0.00886	0.01012	0.01518	0.02088	0.02783	0.06010	0.60969	0.07212	0.03416	0.01392	0.00443	0.00633	0.03100	0.01012	0.00886
105	0.02800	0.02876	0.04251	0.03270	0.04035	0.10954	0.24133	0.10948	0.03051	0.03899	0.07585	0.10896	0.03193	0.01467	0.01222	0.00355	0.01471	0.01450	0.00762	0.01382
106	0.01619	0.01164	0.01403	0.01399	0.01410	0.01244	0.00879	0.01672	0.01675	0.02270	0.03663	0.15390	0.04251	0.46654	0.04693	0.00903	0.06492	0.01771	0.00700	0.00747
107	0.01328	0.00949	0.01265	0.01518	0.01581	0.00886	0.01012	0.01518	0.02088	0.02783	0.06010	0.60969	0.07212	0.03416	0.01392	0.00443	0.00633	0.03100	0.01012	0.00886
108	0.01586	0.01057	0.01189	0.01189	0.01189	0.01057	0.00661	0.01586	0.01586	0.02114	0.03436	0.07135	0.03964	0.61681	0.05550	0.01057	0.01057	0.01586	0.00661	0.00661
109	0.01819	0.01338	0.01614	0.01670	0.01922	0.01328	0.01229	0.09630	0.02671	0.03511	0.06105	0.40298	0.12500	0.02951	0.01340	0.00420	0.00749	0.06824	0.01024	0.01058
110	0.03106	0.43743	0.13349	0.02078	0.03107	0.03604	0.02174	0.03615	0.02371	0.10984	0.02021	0.02144	0.01599	0.01014	0.00816	0.00268	0.01201	0.00699	0.00603	0.01505
111	0.02261	0.01938	0.02261	0.01615	0.02584	0.01453	0.01292	0.02745	0.02261	0.03553	0.01938	0.02261	0.01615	0.00807	0.00807	0.00161	0.00807	0.00646	0.00646	0.68346
112	0.04073	0.05197	0.03090	0.02809	0.03371	0.57303	0.02107	0.04354	0.03090	0.02669	0.01685	0.01966	0.01404	0.01124	0.00983	0.00281	0.01966	0.00702	0.00562	0.01264
113	0.02609	0.01927	0.02297	0.01658	0.02610	0.01473	0.01333	0.03085	0.02375	0.10437	0.02250	0.02453	0.01758	0.00879	0.00846	0.00185	0.00823	0.00706	0.00739	0.59557
114	0.02942	0.43941	0.14763	0.02182	0.03233	0.03859	0.02296	0.09642	0.02616	0.03300	0.01744	0.01967	0.01456	0.01002	0.00814	0.00267	0.01253	0.00677	0.00548	0.01499
115	0.02915	0.62337	0.05714	0.01866	0.02799	0.04314	0.01866	0.03265	0.02215	0.02565	0.01516	0.01749	0.01399	0.00933	0.00700	0.00233	0.01166	0.00583	0.00466	0.01399
116	0.02261	0.01938	0.02261	0.01615	0.02584	0.01453	0.01292	0.02745	0.02261	0.03553	0.01938	0.02261	0.01615	0.00807	0.00807	0.00161	0.00807	0.00646	0.00646	0.68346
117	0.01328	0.00949	0.01265	0.01518	0.01581	0.00886	0.01012	0.01518	0.02088	0.02783	0.06010	0.60969	0.07212	0.03416	0.01392	0.00443	0.00633	0.03100	0.01012	0.00886
118	0.04073	0.05197	0.03090	0.02809	0.03371	0.57303	0.02107	0.04354	0.03090	0.02669	0.01685	0.01966	0.01404	0.01124	0.00983	0.00281	0.01966	0.00702	0.00562	0.01264
119	0.02890	0.02652	0.04273	0.06140	0.48072	0.02695	0.03178	0.09678	0.02832	0.04000	0.02126	0.02688	0.01744	0.01016	0.01081	0.00324	0.01283	0.00973	0.00613	0.01744
120	0.02391	0.21552	0.41910	0.02759	0.04180	0.03032	0.03422	0.03400	0.02278	0.03204	0.01833	0.02147	0.01386	0.01007	0.00942	0.00314	0.01486	0.00743	0.00462	0.01552
121	0.04892	0.01856	0.02530	0.01940	0.02783	0.01603	0.01603	0.05314	0.03121	0.55634	0.04302	0.03711	0.02699	0.01350	0.01096	0.00337	0.00928	0.01096	0.01350	0.01856
122	0.04892	0.01856	0.02530	0.01940	0.02783	0.01603	0.01603	0.05314	0.03121	0.55634	0.04302	0.03711	0.02699	0.01350	0.01096	0.00337	0.00928	0.01096	0.01350	0.01856
123	0.02803	0.03109	0.16765	0.08877	0.11270	0.02299	0.15668	0.03627	0.02601	0.13266	0.06533	0.03299	0.02444	0.01153	0.01144	0.00348	0.01402	0.01116	0.00721	0.01552
124	0.02585	0.25178	0.03646	0.02419	0.08058	0.02688	0.01893	0.03203	0.06146	0.07143	0.03535	0.09839	0.03484	0.01780	0.01078	0.00352	0.01051	0.13796	0.00782	0.01344
125	0.01565	0.01186	0.01738	0.01754	0.01913	0.01140	0.05054	0.01811	0.02057	0.02735	0.04971	0.34162	0.05741	0.18892	0.02524	0.00612	0.00902	0.09474	0.00879	0.00890
126	0.02665	0.02107	0.03692	0.03149	0.07682	0.02022	0.18391	0.03552	0.07470	0.12164	0.13247	0.05391	0.04260	0.01574	0.01252	0.00372	0.01191	0.07472	0.00917	0.01431
127	0.02632	0.19372	0.15371	0.12195	0.04826	0.03129	0.16635	0.07156	0.02565	0.03392	0.01960	0.02460	0.01515	0.01005	0.01031	0.00323	0.01498	0.00925	0.00543	0.01468
128	0.03788	0.03605	0.03292	0.02693	0.03442	0.20189	0.05235	0.26017	0.12041	0.04955	0.02592	0.02669	0.01938	0.01253	0.01073	0.00322	0.01428	0.00954	0.00892	0.01623
129	0.02628	0.02077	0.02708	0.02009	0.02931	0.01758	0.06041	0.03490	0.09076	0.09185	0.02543	0.02717	0.01960	0.00964	0.00923	0.00227	0.00924	0.00831	0.00773	0.46235
130	0.02870	0.02206	0.03504	0.34046	0.09923	0.02462	0.06561	0.09688	0.02773	0.11687	0.02427	0.02980	0.01739	0.01136	0.01106	0.00352	0.01356	0.01016	0.00709	0.01459
131	0.03140	0.03538	0.04872	0.08074	0.04910	0.18823	0.27702	0.08737	0.02965	0.03553	0.02076	0.02618	0.01587	0.01034	0.01162	0.00338	0.01779	0.01058	0.00606	0.01430
132	0.01586	0.01057	0.01189	0.01189	0.01189	0.01057	0.00661	0.01586	0.01586	0.02114	0.03436	0.07135	0.03964	0.61681	0.05550	0.01057	0.01057	0.01586	0.00661	0.00661
133	0.02472	0.04932	0.44902	0.03488	0.11194	0.02465	0.03743	0.03589	0.02392	0.07669	0.02158	0.02468	0.01533	0.01053	0.01047	0.00342	0.01515	0.00851	0.00542	0.01646
134	0.02950	0.02156	0.03290	0.11425	0.03972	0.02223	0.11344	0.14584	0.03116	0.12288	0.03546	0.13887	0.03180	0.01712	0.01215	0.00377	0.01204	0.05176	0.00913	0.01442
135	0.02870	0.07878	0.02912	0.02403	0.02864	0.27800	0.04889	0.03209	0.02520	0.02699	0.02669	0.11754	0.02635	0.03103	0.14228	0.00652	0.01911	0.01213	0.00629	0.01161
136	0.01543	0.01115	0.01457	0.01372	0.01629	0.01029	0.01029	0.02058	0.03086	0.04372	0.54304	0.08145	0.10288	0.02229	0.01286	0.00343	0.00514	0.01972	0.01200	0.01029
137	0.02740	0.02533	0.04762	0.20422	0.10437	0.02595	0.24728	0.06964	0.02684	0.07804	0.02314	0.02947	0.01702	0.01038	0.01179	0.00357	0.01552	0.01126	0.00636	0.01478
138	0.02452	0.02174	0.03857	0.39043	0.13108	0.02431	0.10423	0.03174	0.02357	0.07256	0.02185	0.02950	0.01621	0.01069	0.01120	0.00357	0.01450	0.01029	0.00572	0.01372
139	0.04566	0.02378	0.02854	0.02188	0.03044	0.02378	0.01807	0.25342	0.03995	0.34371	0.03567	0.03234	0.02331	0.01332	0.01094	0.00333	0.01046	0.01046	0.01237	0.01855
140	0.01491	0.01164	0.01386	0.01477	0.01790	0.01059	0.01205	0.01874	0.02544	0.03185	0.12537	0.11001	0.32158	0.02815	0.01373	0.00418	0.00724	0.19812	0.01025	0.00962

[dist]
# distance from previous block
# <min> <max>
0	1

[block]
# block no. 2 follows, 12 sequences, length 6
# corresponding to MSA columns:
# 197-202
name=unknown_C
#
# <colnr> <probs for GDERKNQSTAVLIFYWHMCP>
#	G	D	E	R	K	N	Q	S	T	A	V	L	I	F	Y	W	H	M	C	P
0	0.02005	0.01874	0.03299	0.16431	0.04235	0.02118	0.12621	0.02586	0.02099	0.02882	0.02650	0.04243	0.02396	0.03727	0.20493	0.00860	0.08080	0.05651	0.00583	0.01165
1	0.69383	0.02109	0.01603	0.01434	0.02109	0.02446	0.01181	0.03205	0.01856	0.04892	0.01518	0.01771	0.01181	0.01012	0.00675	0.00337	0.00843	0.00590	0.00675	0.01181
2	0.23522	0.01888	0.02043	0.01850	0.02285	0.02199	0.01517	0.03385	0.08711	0.08354	0.02973	0.04029	0.02529	0.01560	0.01427	0.00375	0.11821	0.06709	0.11561	0.01262
3	0.02200	0.01684	0.02557	0.02171	0.02593	0.01803	0.07618	0.06398	0.02440	0.07504	0.08963	0.04790	0.08254	0.04505	0.25559	0.00964	0.06680	0.01339	0.00780	0.01196
4	0.01344	0.01107	0.01181	0.01162	0.01507	0.00944	0.00872	0.01671	0.02615	0.03254	0.20393	0.09986	0.44897	0.02646	0.01288	0.00363	0.00544	0.02230	0.01053	0.00944
5	0.28316	0.10759	0.03063	0.02772	0.10768	0.21593	0.01919	0.03630	0.02422	0.03631	0.01658	0.01979	0.01369	0.01034	0.00846	0.00303	0.01340	0.00687	0.00589	0.01321

[dist]
# distance from previous block
# <min> <max>
0	114

# created by:
# /st0/software/busco_prod/Augustus/scripts/msa2prfl.pl ./align_prep/8310.fa
